1 9.990880e-01 8.480000e-04 6.400000e-05
2 9.982720e-01 1.516000e-03 2.120000e-04
3 9.965080e-01 2.928000e-03 5.640000e-04
4 9.937440e-01 5.128000e-03 1.128000e-03
5 9.891760e-01 8.628000e-03 2.196000e-03
6 9.812240e-01 1.487600e-02 3.900000e-03
7 9.694280e-01 2.396800e-02 6.604000e-03
8 9.527480e-01 3.641600e-02 1.083600e-02
9 9.300680e-01 5.247600e-02 1.745600e-02
10 9.023120e-01 7.159200e-02 2.609600e-02
11 8.689280e-01 9.326000e-02 3.781200e-02
12 8.304240e-01 1.175320e-01 5.204400e-02
13 7.880640e-01 1.429560e-01 6.898000e-02
14 7.431560e-01 1.679640e-01 8.888000e-02
15 6.964760e-01 1.923720e-01 1.111520e-01
16 6.484240e-01 2.164440e-01 1.351320e-01
17 6.013160e-01 2.380160e-01 1.606680e-01
18 5.549680e-01 2.576520e-01 1.873800e-01
19 5.094080e-01 2.760480e-01 2.145440e-01
20 4.653400e-01 2.925080e-01 2.421520e-01
21 4.236080e-01 3.058280e-01 2.705640e-01
22 3.849960e-01 3.159920e-01 2.990120e-01
23 3.482360e-01 3.249800e-01 3.267840e-01
24 3.168560e-01 3.300440e-01 3.531000e-01
25 2.880880e-01 3.319120e-01 3.800000e-01
26 2.629520e-01 3.326360e-01 4.044120e-01
27 2.406560e-01 3.307360e-01 4.286080e-01
28 2.216720e-01 3.272040e-01 4.511240e-01
29 2.057560e-01 3.227240e-01 4.715200e-01
30 1.922240e-01 3.172000e-01 4.905760e-01
31 1.817160e-01 3.105680e-01 5.077160e-01
32 1.733000e-01 3.027920e-01 5.239080e-01
33 1.666760e-01 2.955000e-01 5.378240e-01
34 1.617400e-01 2.861840e-01 5.520760e-01
35 1.590840e-01 2.771520e-01 5.637640e-01
36 1.573080e-01 2.685680e-01 5.741240e-01
37 1.562200e-01 2.605400e-01 5.832400e-01
38 1.566000e-01 2.526320e-01 5.907680e-01
39 1.574600e-01 2.444400e-01 5.981000e-01
40 1.589720e-01 2.364080e-01 6.046200e-01
41 1.608880e-01 2.292800e-01 6.098320e-01
42 1.632320e-01 2.227800e-01 6.139880e-01
43 1.655160e-01 2.171720e-01 6.173120e-01
44 1.680000e-01 2.108560e-01 6.211440e-01
45 1.718520e-01 2.055000e-01 6.226480e-01
46 1.755400e-01 2.005520e-01 6.239080e-01
47 1.787520e-01 1.965280e-01 6.247200e-01
48 1.819680e-01 1.926080e-01 6.254240e-01
49 1.854920e-01 1.889480e-01 6.255600e-01
50 1.886760e-01 1.860080e-01 6.253160e-01
51 1.916400e-01 1.827360e-01 6.256240e-01
52 1.952480e-01 1.802640e-01 6.244880e-01
53 1.984480e-01 1.776560e-01 6.238960e-01
54 2.018000e-01 1.753560e-01 6.228440e-01
55 2.050200e-01 1.733760e-01 6.216040e-01
56 2.077680e-01 1.715640e-01 6.206680e-01
57 2.101560e-01 1.706200e-01 6.192240e-01
58 2.123280e-01 1.695600e-01 6.181120e-01
59 2.149560e-01 1.687760e-01 6.162680e-01
60 2.169440e-01 1.682720e-01 6.147840e-01
61 2.189160e-01 1.682480e-01 6.128360e-01
62 2.196000e-01 1.687720e-01 6.116280e-01
63 2.214920e-01 1.685280e-01 6.099800e-01
64 2.223840e-01 1.688040e-01 6.088120e-01
65 2.241400e-01 1.689560e-01 6.069040e-01
66 2.248920e-01 1.696440e-01 6.054640e-01
67 2.251080e-01 1.708200e-01 6.040720e-01
68 2.254440e-01 1.713280e-01 6.032280e-01
69 2.259280e-01 1.718920e-01 6.021800e-01
70 2.259520e-01 1.722280e-01 6.018200e-01
71 2.260000e-01 1.726960e-01 6.013040e-01
72 2.263640e-01 1.736800e-01 5.999560e-01
73 2.270360e-01 1.741000e-01 5.988640e-01
74 2.272720e-01 1.748040e-01 5.979240e-01
75 2.267640e-01 1.757000e-01 5.975360e-01
76 2.265800e-01 1.766040e-01 5.968160e-01
77 2.265120e-01 1.770160e-01 5.964720e-01
78 2.266920e-01 1.769680e-01 5.963400e-01
79 2.264080e-01 1.773160e-01 5.962760e-01
80 2.260840e-01 1.775800e-01 5.963360e-01
81 2.261000e-01 1.777760e-01 5.961240e-01
82 2.254520e-01 1.783400e-01 5.962080e-01
83 2.250960e-01 1.786280e-01 5.962760e-01
84 2.247120e-01 1.787960e-01 5.964920e-01
85 2.239360e-01 1.797920e-01 5.962720e-01
86 2.236040e-01 1.806360e-01 5.957600e-01
87 2.218480e-01 1.819800e-01 5.961720e-01
88 2.212200e-01 1.826680e-01 5.961120e-01
89 2.207800e-01 1.829440e-01 5.962760e-01
90 2.204280e-01 1.830680e-01 5.965040e-01
91 2.201560e-01 1.827680e-01 5.970760e-01
92 2.201120e-01 1.824800e-01 5.974080e-01
93 2.189960e-01 1.829440e-01 5.980600e-01
94 2.184960e-01 1.828520e-01 5.986520e-01
95 2.186920e-01 1.825800e-01 5.987280e-01
96 2.185280e-01 1.820760e-01 5.993960e-01
97 2.186000e-01 1.816000e-01 5.998000e-01
98 2.189600e-01 1.817320e-01 5.993080e-01
99 2.186280e-01 1.819280e-01 5.994440e-01
100 2.180600e-01 1.822560e-01 5.996840e-01
101 2.179960e-01 1.819760e-01 6.000280e-01
102 2.175480e-01 1.824680e-01 5.999840e-01
103 2.172640e-01 1.819360e-01 6.008000e-01
104 2.170880e-01 1.817320e-01 6.011800e-01
105 2.170000e-01 1.822760e-01 6.007240e-01
106 2.168560e-01 1.820720e-01 6.010720e-01
107 2.171560e-01 1.821280e-01 6.007160e-01
108 2.173160e-01 1.824080e-01 6.002760e-01
109 2.175920e-01 1.819840e-01 6.004240e-01
110 2.177760e-01 1.818080e-01 6.004160e-01
111 2.174520e-01 1.818960e-01 6.006520e-01
112 2.174160e-01 1.820920e-01 6.004920e-01
113 2.169760e-01 1.821040e-01 6.009200e-01
114 2.167280e-01 1.820960e-01 6.011760e-01
115 2.169280e-01 1.820000e-01 6.010720e-01
116 2.161600e-01 1.821840e-01 6.016560e-01
117 2.160280e-01 1.823840e-01 6.015880e-01
118 2.157440e-01 1.824480e-01 6.018080e-01
119 2.160280e-01 1.822160e-01 6.017560e-01
120 2.159040e-01 1.823760e-01 6.017200e-01
121 2.158040e-01 1.819320e-01 6.022640e-01
122 2.158000e-01 1.814720e-01 6.027280e-01
123 2.160240e-01 1.817040e-01 6.022720e-01
124 2.165720e-01 1.815600e-01 6.018680e-01
125 2.165440e-01 1.811440e-01 6.023120e-01
126 2.163880e-01 1.810920e-01 6.025200e-01
127 2.165680e-01 1.810600e-01 6.023720e-01
128 2.170200e-01 1.807120e-01 6.022680e-01
129 2.170560e-01 1.810600e-01 6.018840e-01
130 2.169440e-01 1.812360e-01 6.018200e-01
131 2.170920e-01 1.811040e-01 6.018040e-01
132 2.166320e-01 1.810760e-01 6.022920e-01
133 2.165200e-01 1.812040e-01 6.022760e-01
134 2.166600e-01 1.808440e-01 6.024960e-01
135 2.169960e-01 1.809080e-01 6.020960e-01
136 2.168240e-01 1.816640e-01 6.015120e-01
137 2.164240e-01 1.817600e-01 6.018160e-01
138 2.164120e-01 1.815800e-01 6.020080e-01
139 2.170720e-01 1.811560e-01 6.017720e-01
140 2.163680e-01 1.813400e-01 6.022920e-01
141 2.162640e-01 1.811320e-01 6.026040e-01
142 2.166000e-01 1.812000e-01 6.022000e-01
143 2.168080e-01 1.811600e-01 6.020320e-01
144 2.165840e-01 1.812000e-01 6.022160e-01
145 2.166720e-01 1.810520e-01 6.022760e-01
146 2.159880e-01 1.815800e-01 6.024320e-01
147 2.166240e-01 1.813440e-01 6.020320e-01
148 2.168720e-01 1.813440e-01 6.017840e-01
149 2.169800e-01 1.810240e-01 6.019960e-01
150 2.168120e-01 1.817960e-01 6.013920e-01
151 2.169080e-01 1.816520e-01 6.014400e-01
152 2.168280e-01 1.816280e-01 6.015440e-01
153 2.168720e-01 1.818040e-01 6.013240e-01
154 2.171560e-01 1.813800e-01 6.014640e-01
155 2.166400e-01 1.812600e-01 6.021000e-01
156 2.166200e-01 1.809520e-01 6.024280e-01
157 2.166480e-01 1.807760e-01 6.025760e-01
158 2.170000e-01 1.802960e-01 6.027040e-01
159 2.172200e-01 1.800000e-01 6.027800e-01
160 2.177520e-01 1.796800e-01 6.025680e-01
161 2.185680e-01 1.790160e-01 6.024160e-01
162 2.189920e-01 1.782960e-01 6.027120e-01
163 2.194280e-01 1.784520e-01 6.021200e-01
164 2.190480e-01 1.792320e-01 6.017200e-01
165 2.192520e-01 1.793000e-01 6.014480e-01
166 2.194120e-01 1.799160e-01 6.006720e-01
167 2.191360e-01 1.801040e-01 6.007600e-01
168 2.191120e-01 1.800320e-01 6.008560e-01
169 2.184840e-01 1.807640e-01 6.007520e-01
170 2.180680e-01 1.809720e-01 6.009600e-01
171 2.183800e-01 1.812840e-01 6.003360e-01
172 2.178880e-01 1.816280e-01 6.004840e-01
173 2.181760e-01 1.814480e-01 6.003760e-01
174 2.184920e-01 1.819000e-01 5.996080e-01
175 2.179360e-01 1.818440e-01 6.002200e-01
176 2.178520e-01 1.823960e-01 5.997520e-01
177 2.174640e-01 1.824280e-01 6.001080e-01
178 2.173280e-01 1.817280e-01 6.009440e-01
179 2.170600e-01 1.815520e-01 6.013880e-01
180 2.172960e-01 1.816640e-01 6.010400e-01
181 2.176280e-01 1.814240e-01 6.009480e-01
182 2.174520e-01 1.817040e-01 6.008440e-01
183 2.171600e-01 1.818920e-01 6.009480e-01
184 2.169000e-01 1.814560e-01 6.016440e-01
185 2.169120e-01 1.810720e-01 6.020160e-01
186 2.168840e-01 1.810920e-01 6.020240e-01
187 2.172720e-01 1.805000e-01 6.022280e-01
188 2.179080e-01 1.800640e-01 6.020280e-01
189 2.177200e-01 1.794680e-01 6.028120e-01
190 2.186280e-01 1.791480e-01 6.022240e-01
191 2.182640e-01 1.798920e-01 6.018440e-01
192 2.180800e-01 1.801520e-01 6.017680e-01
193 2.178760e-01 1.804200e-01 6.017040e-01
194 2.171600e-01 1.811920e-01 6.016480e-01
195 2.174560e-01 1.810560e-01 6.014880e-01
196 2.175000e-01 1.809440e-01 6.015560e-01
197 2.167400e-01 1.807760e-01 6.024840e-01
198 2.171840e-01 1.804360e-01 6.023800e-01
199 2.169320e-01 1.810560e-01 6.020120e-01
200 2.166440e-01 1.812040e-01 6.021520e-01
201 2.173720e-01 1.809200e-01 6.017080e-01
202 2.165520e-01 1.811520e-01 6.022960e-01
203 2.168440e-01 1.801080e-01 6.030480e-01
204 2.174520e-01 1.794720e-01 6.030760e-01
205 2.175920e-01 1.795520e-01 6.028560e-01
206 2.177080e-01 1.795360e-01 6.027560e-01
207 2.183400e-01 1.788680e-01 6.027920e-01
208 2.184640e-01 1.782320e-01 6.033040e-01
209 2.190240e-01 1.782120e-01 6.027640e-01
210 2.191760e-01 1.780640e-01 6.027600e-01
211 2.198320e-01 1.780600e-01 6.021080e-01
212 2.199240e-01 1.779880e-01 6.020880e-01
213 2.192880e-01 1.779160e-01 6.027960e-01
214 2.193680e-01 1.778240e-01 6.028080e-01
215 2.198160e-01 1.784240e-01 6.017600e-01
216 2.194600e-01 1.787400e-01 6.018000e-01
217 2.195160e-01 1.787600e-01 6.017240e-01
218 2.200080e-01 1.787160e-01 6.012760e-01
219 2.204920e-01 1.786320e-01 6.008760e-01
220 2.206160e-01 1.787480e-01 6.006360e-01
221 2.211360e-01 1.785640e-01 6.003000e-01
222 2.205560e-01 1.789280e-01 6.005160e-01
223 2.207320e-01 1.795520e-01 5.997160e-01
224 2.200320e-01 1.792600e-01 6.007080e-01
225 2.203120e-01 1.792960e-01 6.003920e-01
226 2.205600e-01 1.794400e-01 6.000000e-01
227 2.205760e-01 1.797720e-01 5.996520e-01
228 2.202560e-01 1.802280e-01 5.995160e-01
229 2.199960e-01 1.807560e-01 5.992480e-01
230 2.194440e-01 1.809600e-01 5.995960e-01
231 2.190240e-01 1.811840e-01 5.997920e-01
232 2.185000e-01 1.813080e-01 6.001920e-01
233 2.184120e-01 1.813520e-01 6.002360e-01
234 2.180280e-01 1.815280e-01 6.004440e-01
235 2.180200e-01 1.815920e-01 6.003880e-01
236 2.179560e-01 1.810680e-01 6.009760e-01
237 2.179840e-01 1.801800e-01 6.018360e-01
238 2.183600e-01 1.802640e-01 6.013760e-01
239 2.180080e-01 1.807880e-01 6.012040e-01
240 2.177480e-01 1.809280e-01 6.013240e-01
241 2.175280e-01 1.809600e-01 6.015120e-01
242 2.175000e-01 1.810720e-01 6.014280e-01
243 2.177000e-01 1.808560e-01 6.014440e-01
244 2.183680e-01 1.805240e-01 6.011080e-01
245 2.192120e-01 1.805040e-01 6.002840e-01
246 2.193240e-01 1.804480e-01 6.002280e-01
247 2.193120e-01 1.805080e-01 6.001800e-01
248 2.190880e-01 1.802560e-01 6.006560e-01
249 2.190280e-01 1.800880e-01 6.008840e-01
250 2.195880e-01 1.805840e-01 5.998280e-01
251 2.198920e-01 1.799960e-01 6.001120e-01
252 2.201120e-01 1.803920e-01 5.994960e-01
253 2.196120e-01 1.804280e-01 5.999600e-01
254 2.196840e-01 1.798080e-01 6.005080e-01
255 2.195720e-01 1.802920e-01 6.001360e-01
256 2.186720e-01 1.802680e-01 6.010600e-01
257 2.180080e-01 1.810960e-01 6.008960e-01
258 2.181840e-01 1.812720e-01 6.005440e-01
259 2.177080e-01 1.815840e-01 6.007080e-01
260 2.178240e-01 1.816480e-01 6.005280e-01
261 2.174760e-01 1.821880e-01 6.003360e-01
262 2.176080e-01 1.824120e-01 5.999800e-01
263 2.175920e-01 1.823080e-01 6.001000e-01
264 2.170840e-01 1.830160e-01 5.999000e-01
265 2.166320e-01 1.827200e-01 6.006480e-01
266 2.164480e-01 1.827200e-01 6.008320e-01
267 2.163320e-01 1.826720e-01 6.009960e-01
268 2.167320e-01 1.824680e-01 6.008000e-01
269 2.173400e-01 1.821040e-01 6.005560e-01
270 2.179840e-01 1.814080e-01 6.006080e-01
271 2.178440e-01 1.805360e-01 6.016200e-01
272 2.180960e-01 1.801840e-01 6.017200e-01
273 2.185360e-01 1.796200e-01 6.018440e-01
274 2.186280e-01 1.795960e-01 6.017760e-01
275 2.183440e-01 1.797800e-01 6.018760e-01
276 2.185560e-01 1.794160e-01 6.020280e-01
277 2.188560e-01 1.794280e-01 6.017160e-01
278 2.181680e-01 1.802720e-01 6.015600e-01
279 2.181720e-01 1.808120e-01 6.010160e-01
280 2.187000e-01 1.812440e-01 6.000560e-01
281 2.191200e-01 1.809560e-01 5.999240e-01
282 2.188520e-01 1.810520e-01 6.000960e-01
283 2.185920e-01 1.814240e-01 5.999840e-01
284 2.189240e-01 1.815480e-01 5.995280e-01
285 2.190480e-01 1.810040e-01 5.999480e-01
286 2.190320e-01 1.812120e-01 5.997560e-01
287 2.193880e-01 1.813160e-01 5.992960e-01
288 2.193000e-01 1.814120e-01 5.992880e-01
289 2.186520e-01 1.815000e-01 5.998480e-01
290 2.183440e-01 1.813800e-01 6.002760e-01
291 2.187080e-01 1.808320e-01 6.004600e-01
292 2.182040e-01 1.810240e-01 6.007720e-01
293 2.181080e-01 1.812000e-01 6.006920e-01
294 2.178880e-01 1.810120e-01 6.011000e-01
295 2.179720e-01 1.810040e-01 6.010240e-01
296 2.185080e-01 1.806040e-01 6.008880e-01
297 2.182800e-01 1.808040e-01 6.009160e-01
298 2.186800e-01 1.806240e-01 6.006960e-01
299 2.193520e-01 1.804360e-01 6.002120e-01
300 2.203920e-01 1.802920e-01 5.993160e-01
301 2.206040e-01 1.799280e-01 5.994680e-01
302 2.208120e-01 1.801040e-01 5.990840e-01
303 2.200880e-01 1.798680e-01 6.000440e-01
304 2.205040e-01 1.796520e-01 5.998440e-01
305 2.206520e-01 1.796200e-01 5.997280e-01
306 2.202040e-01 1.795000e-01 6.002960e-01
307 2.198680e-01 1.796320e-01 6.005000e-01
308 2.196640e-01 1.796120e-01 6.007240e-01
309 2.191040e-01 1.795280e-01 6.013680e-01
310 2.189920e-01 1.794000e-01 6.016080e-01
311 2.195080e-01 1.790920e-01 6.014000e-01
312 2.193440e-01 1.792320e-01 6.014240e-01
313 2.190600e-01 1.800920e-01 6.008480e-01
314 2.186160e-01 1.806480e-01 6.007360e-01
315 2.187480e-01 1.806160e-01 6.006360e-01
316 2.188280e-01 1.803400e-01 6.008320e-01
317 2.191680e-01 1.805960e-01 6.002360e-01
318 2.180520e-01 1.807000e-01 6.012480e-01
319 2.179200e-01 1.813720e-01 6.007080e-01
320 2.179760e-01 1.806160e-01 6.014080e-01
321 2.184560e-01 1.805400e-01 6.010040e-01
322 2.184080e-01 1.802840e-01 6.013080e-01
323 2.181760e-01 1.805320e-01 6.012920e-01
324 2.183920e-01 1.804880e-01 6.011200e-01
325 2.186480e-01 1.803880e-01 6.009640e-01
326 2.189400e-01 1.796520e-01 6.014080e-01
327 2.190440e-01 1.801840e-01 6.007720e-01
328 2.188240e-01 1.799320e-01 6.012440e-01
329 2.185320e-01 1.806600e-01 6.008080e-01
330 2.180400e-01 1.808240e-01 6.011360e-01
331 2.183280e-01 1.808800e-01 6.007920e-01
332 2.183160e-01 1.808040e-01 6.008800e-01
333 2.180000e-01 1.807160e-01 6.012840e-01
334 2.172440e-01 1.806840e-01 6.020720e-01
335 2.171080e-01 1.804840e-01 6.024080e-01
336 2.170560e-01 1.805000e-01 6.024440e-01
337 2.172640e-01 1.801200e-01 6.026160e-01
338 2.177200e-01 1.798960e-01 6.023840e-01
339 2.180960e-01 1.794560e-01 6.024480e-01
340 2.180720e-01 1.789880e-01 6.029400e-01
341 2.178440e-01 1.795800e-01 6.025760e-01
342 2.184920e-01 1.801280e-01 6.013800e-01
343 2.183680e-01 1.802640e-01 6.013680e-01
344 2.181400e-01 1.804480e-01 6.014120e-01
345 2.185080e-01 1.797920e-01 6.017000e-01
346 2.181240e-01 1.801480e-01 6.017280e-01
347 2.184720e-01 1.798960e-01 6.016320e-01
348 2.193520e-01 1.787680e-01 6.018800e-01
349 2.194080e-01 1.789520e-01 6.016400e-01
350 2.193120e-01 1.792520e-01 6.014360e-01
351 2.197480e-01 1.792360e-01 6.010160e-01
352 2.197400e-01 1.796680e-01 6.005920e-01
353 2.198920e-01 1.789520e-01 6.011560e-01
354 2.202560e-01 1.788120e-01 6.009320e-01
355 2.205000e-01 1.790520e-01 6.004480e-01
356 2.209480e-01 1.788280e-01 6.002240e-01
357 2.206600e-01 1.788920e-01 6.004480e-01
358 2.210480e-01 1.792520e-01 5.997000e-01
359 2.206320e-01 1.794360e-01 5.999320e-01
360 2.210160e-01 1.792960e-01 5.996880e-01
361 2.206680e-01 1.796920e-01 5.996400e-01
362 2.204880e-01 1.796360e-01 5.998760e-01
363 2.204560e-01 1.801080e-01 5.994360e-01
364 2.201400e-01 1.802280e-01 5.996320e-01
365 2.196800e-01 1.806800e-01 5.996400e-01
366 2.201600e-01 1.805720e-01 5.992680e-01
367 2.197680e-01 1.804120e-01 5.998200e-01
368 2.194800e-01 1.804120e-01 6.001080e-01
369 2.194520e-01 1.803000e-01 6.002480e-01
370 2.191480e-01 1.806400e-01 6.002120e-01
371 2.190800e-01 1.808600e-01 6.000600e-01
372 2.184840e-01 1.808280e-01 6.006880e-01
373 2.186200e-01 1.809960e-01 6.003840e-01
374 2.184360e-01 1.805200e-01 6.010440e-01
375 2.182200e-01 1.809240e-01 6.008560e-01
376 2.181480e-01 1.808960e-01 6.009560e-01
377 2.183680e-01 1.804640e-01 6.011680e-01
378 2.185160e-01 1.804520e-01 6.010320e-01
379 2.189960e-01 1.800280e-01 6.009760e-01
380 2.185840e-01 1.804240e-01 6.009920e-01
381 2.187000e-01 1.802800e-01 6.010200e-01
382 2.188280e-01 1.803080e-01 6.008640e-01
383 2.190280e-01 1.802400e-01 6.007320e-01
384 2.193080e-01 1.807680e-01 5.999240e-01
385 2.200080e-01 1.809040e-01 5.990880e-01
386 2.195440e-01 1.808720e-01 5.995840e-01
387 2.195160e-01 1.807040e-01 5.997800e-01
388 2.188840e-01 1.811320e-01 5.999840e-01
389 2.190120e-01 1.812840e-01 5.997040e-01
390 2.189400e-01 1.814400e-01 5.996200e-01
391 2.188560e-01 1.815600e-01 5.995840e-01
392 2.182240e-01 1.824760e-01 5.993000e-01
393 2.178480e-01 1.826200e-01 5.995320e-01
394 2.177320e-01 1.827840e-01 5.994840e-01
395 2.177560e-01 1.825000e-01 5.997440e-01
396 2.178240e-01 1.825040e-01 5.996720e-01
397 2.172960e-01 1.826080e-01 6.000960e-01
398 2.171520e-01 1.828120e-01 6.000360e-01
399 2.173720e-01 1.826040e-01 6.000240e-01
400 2.175960e-01 1.827280e-01 5.996760e-01
401 2.170840e-01 1.826440e-01 6.002720e-01
402 2.170640e-01 1.822960e-01 6.006400e-01
403 2.171840e-01 1.822600e-01 6.005560e-01
404 2.172680e-01 1.818200e-01 6.009120e-01
405 2.174400e-01 1.814360e-01 6.011240e-01
406 2.173640e-01 1.811960e-01 6.014400e-01
407 2.178720e-01 1.806640e-01 6.014640e-01
408 2.175880e-01 1.807840e-01 6.016280e-01
409 2.178040e-01 1.812320e-01 6.009640e-01
410 2.176200e-01 1.810320e-01 6.013480e-01
411 2.176920e-01 1.813040e-01 6.010040e-01
412 2.173200e-01 1.820800e-01 6.006000e-01
413 2.169040e-01 1.819080e-01 6.011880e-01
414 2.167000e-01 1.813800e-01 6.019200e-01
415 2.163120e-01 1.811240e-01 6.025640e-01
416 2.161080e-01 1.814160e-01 6.024760e-01
417 2.166040e-01 1.814280e-01 6.019680e-01
418 2.166080e-01 1.812320e-01 6.021600e-01
419 2.169360e-01 1.805640e-01 6.025000e-01
420 2.164920e-01 1.806880e-01 6.028200e-01
421 2.165520e-01 1.804680e-01 6.029800e-01
422 2.167640e-01 1.804200e-01 6.028160e-01
423 2.159800e-01 1.808520e-01 6.031680e-01
424 2.156160e-01 1.811520e-01 6.032320e-01
425 2.155080e-01 1.813440e-01 6.031480e-01
426 2.153480e-01 1.810360e-01 6.036160e-01
427 2.153760e-01 1.808080e-01 6.038160e-01
428 2.163800e-01 1.805040e-01 6.031160e-01
429 2.174200e-01 1.804040e-01 6.021760e-01
430 2.180520e-01 1.797640e-01 6.021840e-01
431 2.179560e-01 1.796800e-01 6.023640e-01
432 2.179000e-01 1.797840e-01 6.023160e-01
433 2.180120e-01 1.797400e-01 6.022480e-01
434 2.181920e-01 1.797520e-01 6.020560e-01
435 2.180280e-01 1.794800e-01 6.024920e-01
436 2.177080e-01 1.804120e-01 6.018800e-01
437 2.168440e-01 1.808000e-01 6.023560e-01
438 2.166600e-01 1.804840e-01 6.028560e-01
439 2.168760e-01 1.802480e-01 6.028760e-01
440 2.167120e-01 1.798240e-01 6.034640e-01
441 2.173440e-01 1.798400e-01 6.028160e-01
442 2.172000e-01 1.800640e-01 6.027360e-01
443 2.176200e-01 1.796200e-01 6.027600e-01
444 2.183120e-01 1.798200e-01 6.018680e-01
445 2.184240e-01 1.800280e-01 6.015480e-01
446 2.186120e-01 1.802080e-01 6.011800e-01
447 2.182560e-01 1.803840e-01 6.013600e-01
448 2.187760e-01 1.797640e-01 6.014600e-01
449 2.185640e-01 1.802840e-01 6.011520e-01
450 2.192520e-01 1.790160e-01 6.017320e-01
451 2.191440e-01 1.789560e-01 6.019000e-01
452 2.192640e-01 1.787160e-01 6.020200e-01
453 2.195240e-01 1.784680e-01 6.020080e-01
454 2.202720e-01 1.780080e-01 6.017200e-01
455 2.204040e-01 1.785040e-01 6.010920e-01
456 2.199360e-01 1.783240e-01 6.017400e-01
457 2.199200e-01 1.787880e-01 6.012920e-01
458 2.199840e-01 1.789520e-01 6.010640e-01
459 2.202120e-01 1.784280e-01 6.013600e-01
460 2.202040e-01 1.785640e-01 6.012320e-01
461 2.201920e-01 1.786640e-01 6.011440e-01
462 2.201920e-01 1.791720e-01 6.006360e-01
463 2.197160e-01 1.798360e-01 6.004480e-01
464 2.196720e-01 1.798160e-01 6.005120e-01
465 2.197600e-01 1.790440e-01 6.011960e-01
466 2.193600e-01 1.794080e-01 6.012320e-01
467 2.191720e-01 1.799520e-01 6.008760e-01
468 2.188720e-01 1.805120e-01 6.006160e-01
469 2.184200e-01 1.804160e-01 6.011640e-01
470 2.182200e-01 1.802600e-01 6.015200e-01
471 2.181800e-01 1.804920e-01 6.013280e-01
472 2.184760e-01 1.809360e-01 6.005880e-01
473 2.182120e-01 1.808080e-01 6.009800e-01
474 2.176640e-01 1.809960e-01 6.013400e-01
475 2.181240e-01 1.809440e-01 6.009320e-01
476 2.184640e-01 1.809480e-01 6.005880e-01
477 2.183880e-01 1.813320e-01 6.002800e-01
478 2.175840e-01 1.816080e-01 6.008080e-01
479 2.171600e-01 1.815560e-01 6.012840e-01
480 2.178960e-01 1.806520e-01 6.014520e-01
481 2.190640e-01 1.802600e-01 6.006760e-01
482 2.190520e-01 1.805240e-01 6.004240e-01
483 2.186440e-01 1.806080e-01 6.007480e-01
484 2.191600e-01 1.807400e-01 6.001000e-01
485 2.191960e-01 1.803240e-01 6.004800e-01
486 2.185400e-01 1.807240e-01 6.007360e-01
487 2.189440e-01 1.803640e-01 6.006920e-01
488 2.187200e-01 1.809440e-01 6.003360e-01
489 2.181920e-01 1.811360e-01 6.006720e-01
490 2.178920e-01 1.807320e-01 6.013760e-01
491 2.181120e-01 1.804560e-01 6.014320e-01
492 2.178320e-01 1.804720e-01 6.016960e-01
493 2.182720e-01 1.810080e-01 6.007200e-01
494 2.182400e-01 1.811160e-01 6.006440e-01
495 2.177600e-01 1.811960e-01 6.010440e-01
496 2.180440e-01 1.809240e-01 6.010320e-01
497 2.183800e-01 1.806160e-01 6.010040e-01
498 2.182160e-01 1.805960e-01 6.011880e-01
499 2.188200e-01 1.801600e-01 6.010200e-01
500 2.191160e-01 1.802280e-01 6.006560e-01
501 2.188600e-01 1.800640e-01 6.010760e-01
502 2.187000e-01 1.794200e-01 6.018800e-01
503 2.191640e-01 1.792040e-01 6.016320e-01
504 2.195960e-01 1.788000e-01 6.016040e-01
505 2.195320e-01 1.786080e-01 6.018600e-01
506 2.202760e-01 1.787960e-01 6.009280e-01
507 2.204920e-01 1.789800e-01 6.005280e-01
508 2.199920e-01 1.793920e-01 6.006160e-01
509 2.201520e-01 1.795120e-01 6.003360e-01
510 2.200800e-01 1.795560e-01 6.003640e-01
511 2.199360e-01 1.799600e-01 6.001040e-01
512 2.195440e-01 1.795480e-01 6.009080e-01
513 2.193640e-01 1.796920e-01 6.009440e-01
514 2.191040e-01 1.802680e-01 6.006280e-01
515 2.197880e-01 1.797120e-01 6.005000e-01
516 2.202320e-01 1.792640e-01 6.005040e-01
517 2.205320e-01 1.797320e-01 5.997360e-01
518 2.200760e-01 1.805120e-01 5.994120e-01
519 2.191600e-01 1.812000e-01 5.996400e-01
520 2.194120e-01 1.813840e-01 5.992040e-01
521 2.191480e-01 1.813240e-01 5.995280e-01
522 2.192040e-01 1.811800e-01 5.996160e-01
523 2.191920e-01 1.806720e-01 6.001360e-01
524 2.186240e-01 1.807240e-01 6.006520e-01
525 2.180720e-01 1.810160e-01 6.009120e-01
526 2.178080e-01 1.805000e-01 6.016920e-01
527 2.171520e-01 1.809720e-01 6.018760e-01
528 2.174560e-01 1.810960e-01 6.014480e-01
529 2.178920e-01 1.811320e-01 6.009760e-01
530 2.177440e-01 1.808200e-01 6.014360e-01
531 2.184040e-01 1.802240e-01 6.013720e-01
532 2.184040e-01 1.804720e-01 6.011240e-01
533 2.184080e-01 1.809520e-01 6.006400e-01
534 2.182760e-01 1.810920e-01 6.006320e-01
535 2.183320e-01 1.809280e-01 6.007400e-01
536 2.187200e-01 1.805680e-01 6.007120e-01
537 2.191240e-01 1.800360e-01 6.008400e-01
538 2.188200e-01 1.803400e-01 6.008400e-01
539 2.188600e-01 1.805240e-01 6.006160e-01
540 2.186360e-01 1.799880e-01 6.013760e-01
541 2.184040e-01 1.805840e-01 6.010120e-01
542 2.186200e-01 1.808200e-01 6.005600e-01
543 2.181880e-01 1.809320e-01 6.008800e-01
544 2.183680e-01 1.808160e-01 6.008160e-01
545 2.184280e-01 1.808520e-01 6.007200e-01
546 2.188320e-01 1.812080e-01 5.999600e-01
547 2.185640e-01 1.809760e-01 6.004600e-01
548 2.184040e-01 1.816320e-01 5.999640e-01
549 2.176760e-01 1.818920e-01 6.004320e-01
550 2.173400e-01 1.814160e-01 6.012440e-01
551 2.168480e-01 1.812280e-01 6.019240e-01
552 2.168880e-01 1.812520e-01 6.018600e-01
553 2.168800e-01 1.812040e-01 6.019160e-01
554 2.169800e-01 1.808320e-01 6.021880e-01
555 2.171560e-01 1.801560e-01 6.026880e-01
556 2.174240e-01 1.801600e-01 6.024160e-01
557 2.173480e-01 1.800240e-01 6.026280e-01
558 2.180440e-01 1.798320e-01 6.021240e-01
559 2.181000e-01 1.792680e-01 6.026320e-01
560 2.179400e-01 1.791200e-01 6.029400e-01
561 2.180680e-01 1.796440e-01 6.022880e-01
562 2.180560e-01 1.794040e-01 6.025400e-01
563 2.190000e-01 1.789360e-01 6.020640e-01
564 2.198440e-01 1.792280e-01 6.009280e-01
565 2.199640e-01 1.795640e-01 6.004720e-01
566 2.198200e-01 1.797400e-01 6.004400e-01
567 2.201640e-01 1.799160e-01 5.999200e-01
568 2.205760e-01 1.796000e-01 5.998240e-01
569 2.206200e-01 1.798920e-01 5.994880e-01
570 2.205800e-01 1.800760e-01 5.993440e-01
571 2.197960e-01 1.804240e-01 5.997800e-01
572 2.197000e-01 1.807880e-01 5.995120e-01
573 2.194280e-01 1.810560e-01 5.995160e-01
574 2.191280e-01 1.809520e-01 5.999200e-01
575 2.196400e-01 1.806960e-01 5.996640e-01
576 2.192440e-01 1.807080e-01 6.000480e-01
577 2.194000e-01 1.810040e-01 5.995960e-01
578 2.188640e-01 1.812800e-01 5.998560e-01
579 2.185560e-01 1.813760e-01 6.000680e-01
580 2.190160e-01 1.807640e-01 6.002200e-01
581 2.191200e-01 1.804880e-01 6.003920e-01
582 2.193520e-01 1.804160e-01 6.002320e-01
583 2.187640e-01 1.807600e-01 6.004760e-01
584 2.184400e-01 1.812480e-01 6.003120e-01
585 2.188880e-01 1.807680e-01 6.003440e-01
586 2.186840e-01 1.807680e-01 6.005480e-01
587 2.187480e-01 1.808480e-01 6.004040e-01
588 2.192160e-01 1.807760e-01 6.000080e-01
589 2.191760e-01 1.807720e-01 6.000520e-01
590 2.188680e-01 1.810240e-01 6.001080e-01
591 2.189680e-01 1.812120e-01 5.998200e-01
592 2.184880e-01 1.812920e-01 6.002200e-01
593 2.177120e-01 1.820760e-01 6.002120e-01
594 2.177880e-01 1.815480e-01 6.006640e-01
595 2.172520e-01 1.813240e-01 6.014240e-01
596 2.171880e-01 1.819320e-01 6.008800e-01
597 2.174000e-01 1.820080e-01 6.005920e-01
598 2.175720e-01 1.824520e-01 5.999760e-01
599 2.175240e-01 1.823920e-01 6.000840e-01
600 2.174200e-01 1.819080e-01 6.006720e-01
601 2.176640e-01 1.818040e-01 6.005320e-01
602 2.172120e-01 1.820760e-01 6.007120e-01
603 2.169760e-01 1.822400e-01 6.007840e-01
604 2.174200e-01 1.823920e-01 6.001880e-01
605 2.175680e-01 1.822560e-01 6.001760e-01
606 2.172480e-01 1.820640e-01 6.006880e-01
607 2.169360e-01 1.821480e-01 6.009160e-01
608 2.175720e-01 1.824040e-01 6.000240e-01
609 2.170880e-01 1.824800e-01 6.004320e-01
610 2.169880e-01 1.827400e-01 6.002720e-01
611 2.171280e-01 1.827600e-01 6.001120e-01
612 2.164800e-01 1.826560e-01 6.008640e-01
613 2.164920e-01 1.822360e-01 6.012720e-01
614 2.170000e-01 1.821200e-01 6.008800e-01
615 2.174280e-01 1.815040e-01 6.010680e-01
616 2.172200e-01 1.814480e-01 6.013320e-01
617 2.178040e-01 1.813320e-01 6.008640e-01
618 2.175960e-01 1.812640e-01 6.011400e-01
619 2.176560e-01 1.810080e-01 6.013360e-01
620 2.179360e-01 1.808200e-01 6.012440e-01
621 2.175080e-01 1.810880e-01 6.014040e-01
622 2.181440e-01 1.802560e-01 6.016000e-01
623 2.182720e-01 1.805920e-01 6.011360e-01
624 2.189600e-01 1.801560e-01 6.008840e-01
625 2.184080e-01 1.812120e-01 6.003800e-01
626 2.181000e-01 1.816920e-01 6.002080e-01
627 2.182440e-01 1.820440e-01 5.997120e-01
628 2.181720e-01 1.817080e-01 6.001200e-01
629 2.181640e-01 1.822680e-01 5.995680e-01
630 2.176320e-01 1.822440e-01 6.001240e-01
631 2.170360e-01 1.824320e-01 6.005320e-01
632 2.164600e-01 1.824160e-01 6.011240e-01
633 2.157200e-01 1.827120e-01 6.015680e-01
634 2.155960e-01 1.817400e-01 6.026640e-01
635 2.158400e-01 1.814200e-01 6.027400e-01
636 2.158320e-01 1.814160e-01 6.027520e-01
637 2.155360e-01 1.816160e-01 6.028480e-01
638 2.159560e-01 1.815160e-01 6.025280e-01
639 2.157080e-01 1.820400e-01 6.022520e-01
640 2.163160e-01 1.819520e-01 6.017320e-01
641 2.165560e-01 1.817520e-01 6.016920e-01
642 2.153400e-01 1.820160e-01 6.026440e-01
643 2.152880e-01 1.818640e-01 6.028480e-01
644 2.153560e-01 1.819880e-01 6.026560e-01
645 2.150280e-01 1.816920e-01 6.032800e-01
646 2.147880e-01 1.820640e-01 6.031480e-01
647 2.151840e-01 1.811280e-01 6.036880e-01
648 2.152720e-01 1.811920e-01 6.035360e-01
649 2.152120e-01 1.812760e-01 6.035120e-01
650 2.156400e-01 1.810000e-01 6.033600e-01
651 2.158640e-01 1.812200e-01 6.029160e-01
652 2.161240e-01 1.811520e-01 6.027240e-01
653 2.160200e-01 1.811960e-01 6.027840e-01
654 2.168920e-01 1.807480e-01 6.023600e-01
655 2.167960e-01 1.808920e-01 6.023120e-01
656 2.172520e-01 1.807680e-01 6.019800e-01
657 2.172760e-01 1.807120e-01 6.020120e-01
658 2.167880e-01 1.806560e-01 6.025560e-01
659 2.171320e-01 1.801880e-01 6.026800e-01
660 2.175880e-01 1.802760e-01 6.021360e-01
661 2.176840e-01 1.798120e-01 6.025040e-01
662 2.180720e-01 1.791840e-01 6.027440e-01
663 2.183640e-01 1.787560e-01 6.028800e-01
664 2.180480e-01 1.787160e-01 6.032360e-01
665 2.183160e-01 1.786840e-01 6.030000e-01
666 2.177440e-01 1.795360e-01 6.027200e-01
667 2.180400e-01 1.794480e-01 6.025120e-01
668 2.187360e-01 1.792480e-01 6.020160e-01
669 2.190080e-01 1.793840e-01 6.016080e-01
670 2.188320e-01 1.795240e-01 6.016440e-01
671 2.191720e-01 1.792800e-01 6.015480e-01
672 2.189520e-01 1.790560e-01 6.019920e-01
673 2.197400e-01 1.792320e-01 6.010280e-01
674 2.200480e-01 1.788520e-01 6.011000e-01
675 2.204400e-01 1.787440e-01 6.008160e-01
676 2.203160e-01 1.791320e-01 6.005520e-01
677 2.194520e-01 1.800040e-01 6.005440e-01
678 2.192680e-01 1.797320e-01 6.010000e-01
679 2.193120e-01 1.799040e-01 6.007840e-01
680 2.196400e-01 1.795280e-01 6.008320e-01
681 2.195800e-01 1.792880e-01 6.011320e-01
682 2.193040e-01 1.795800e-01 6.011160e-01
683 2.191160e-01 1.794800e-01 6.014040e-01
684 2.190320e-01 1.793440e-01 6.016240e-01
685 2.189760e-01 1.796680e-01 6.013560e-01
686 2.184680e-01 1.798720e-01 6.016600e-01
687 2.182960e-01 1.798440e-01 6.018600e-01
688 2.183160e-01 1.804800e-01 6.012040e-01
689 2.180680e-01 1.806800e-01 6.012520e-01
690 2.178280e-01 1.807320e-01 6.014400e-01
691 2.176760e-01 1.811360e-01 6.011880e-01
692 2.182760e-01 1.809040e-01 6.008200e-01
693 2.178120e-01 1.811560e-01 6.010320e-01
694 2.179960e-01 1.813240e-01 6.006800e-01
695 2.177920e-01 1.811200e-01 6.010880e-01
696 2.180480e-01 1.809600e-01 6.009920e-01
697 2.182080e-01 1.810160e-01 6.007760e-01
698 2.181120e-01 1.813320e-01 6.005560e-01
699 2.176880e-01 1.814920e-01 6.008200e-01
700 2.174800e-01 1.814720e-01 6.010480e-01
701 2.175520e-01 1.816880e-01 6.007600e-01
702 2.173760e-01 1.820000e-01 6.006240e-01
703 2.167040e-01 1.822320e-01 6.010640e-01
704 2.173240e-01 1.818640e-01 6.008120e-01
705 2.178800e-01 1.818000e-01 6.003200e-01
706 2.182080e-01 1.817680e-01 6.000240e-01
707 2.181840e-01 1.811520e-01 6.006640e-01
708 2.177840e-01 1.820520e-01 6.001640e-01
709 2.175600e-01 1.820840e-01 6.003560e-01
710 2.174120e-01 1.825560e-01 6.000320e-01
711 2.176840e-01 1.824160e-01 5.999000e-01
712 2.178480e-01 1.820720e-01 6.000800e-01
713 2.178000e-01 1.820240e-01 6.001760e-01
714 2.176480e-01 1.817760e-01 6.005760e-01
715 2.173640e-01 1.819560e-01 6.006800e-01
716 2.168960e-01 1.817680e-01 6.013360e-01
717 2.160200e-01 1.822840e-01 6.016960e-01
718 2.169720e-01 1.812320e-01 6.017960e-01
719 2.169880e-01 1.807800e-01 6.022320e-01
720 2.177520e-01 1.803800e-01 6.018680e-01
721 2.180640e-01 1.801200e-01 6.018160e-01
722 2.181920e-01 1.802800e-01 6.015280e-01
723 2.193880e-01 1.796280e-01 6.009840e-01
724 2.193200e-01 1.806240e-01 6.000560e-01
725 2.189880e-01 1.809280e-01 6.000840e-01
726 2.188280e-01 1.812920e-01 5.998800e-01
727 2.188040e-01 1.813080e-01 5.998880e-01
728 2.174920e-01 1.818960e-01 6.006120e-01
729 2.179120e-01 1.813360e-01 6.007520e-01
730 2.172880e-01 1.814640e-01 6.012480e-01
731 2.172000e-01 1.816920e-01 6.011080e-01
732 2.176680e-01 1.817000e-01 6.006320e-01
733 2.177680e-01 1.814320e-01 6.008000e-01
734 2.181320e-01 1.813360e-01 6.005320e-01
735 2.178160e-01 1.819520e-01 6.002320e-01
736 2.175400e-01 1.824680e-01 5.999920e-01
737 2.176840e-01 1.818600e-01 6.004560e-01
738 2.177920e-01 1.816760e-01 6.005320e-01
739 2.180000e-01 1.820240e-01 5.999760e-01
740 2.182840e-01 1.814200e-01 6.002960e-01
741 2.180400e-01 1.812000e-01 6.007600e-01
742 2.183160e-01 1.813040e-01 6.003800e-01
743 2.184280e-01 1.816760e-01 5.998960e-01
744 2.185920e-01 1.816640e-01 5.997440e-01
745 2.183840e-01 1.814200e-01 6.001960e-01
746 2.180000e-01 1.814320e-01 6.005680e-01
747 2.180200e-01 1.813240e-01 6.006560e-01
748 2.189560e-01 1.808760e-01 6.001680e-01
749 2.186600e-01 1.808840e-01 6.004560e-01
750 2.188960e-01 1.806160e-01 6.004880e-01
751 2.194120e-01 1.806200e-01 5.999680e-01
752 2.192000e-01 1.810920e-01 5.997080e-01
753 2.190480e-01 1.817720e-01 5.991800e-01
754 2.185800e-01 1.822560e-01 5.991640e-01
755 2.182120e-01 1.825760e-01 5.992120e-01
756 2.182000e-01 1.819120e-01 5.998880e-01
757 2.185560e-01 1.813320e-01 6.001120e-01
758 2.189840e-01 1.818400e-01 5.991760e-01
759 2.188960e-01 1.816840e-01 5.994200e-01
760 2.172560e-01 1.823200e-01 6.004240e-01
761 2.176320e-01 1.818960e-01 6.004720e-01
762 2.175160e-01 1.817600e-01 6.007240e-01
763 2.176520e-01 1.815000e-01 6.008480e-01
764 2.175880e-01 1.815040e-01 6.009080e-01
765 2.181640e-01 1.809480e-01 6.008880e-01
766 2.179920e-01 1.807720e-01 6.012360e-01
767 2.176800e-01 1.810960e-01 6.012240e-01
768 2.173680e-01 1.811400e-01 6.014920e-01
769 2.173960e-01 1.812080e-01 6.013960e-01
770 2.170360e-01 1.817920e-01 6.011720e-01
771 2.169360e-01 1.821640e-01 6.009000e-01
772 2.159440e-01 1.823040e-01 6.017520e-01
773 2.165880e-01 1.821200e-01 6.012920e-01
774 2.166000e-01 1.825720e-01 6.008280e-01
775 2.165480e-01 1.823040e-01 6.011480e-01
776 2.165000e-01 1.823120e-01 6.011880e-01
777 2.160960e-01 1.819720e-01 6.019320e-01
778 2.162240e-01 1.813280e-01 6.024480e-01
779 2.163840e-01 1.810720e-01 6.025440e-01
780 2.165280e-01 1.811840e-01 6.022880e-01
781 2.165880e-01 1.810360e-01 6.023760e-01
782 2.172200e-01 1.804000e-01 6.023800e-01
783 2.173320e-01 1.805160e-01 6.021520e-01
784 2.178400e-01 1.801800e-01 6.019800e-01
785 2.178640e-01 1.799200e-01 6.022160e-01
786 2.182760e-01 1.795360e-01 6.021880e-01
787 2.183120e-01 1.795640e-01 6.021240e-01
788 2.183440e-01 1.807520e-01 6.009040e-01
789 2.185480e-01 1.802600e-01 6.011920e-01
790 2.191960e-01 1.797720e-01 6.010320e-01
791 2.193080e-01 1.793880e-01 6.013040e-01
792 2.187960e-01 1.799200e-01 6.012840e-01
793 2.188440e-01 1.799960e-01 6.011600e-01
794 2.190680e-01 1.803640e-01 6.005680e-01
795 2.190200e-01 1.799040e-01 6.010760e-01
796 2.186560e-01 1.803480e-01 6.009960e-01
797 2.182760e-01 1.807480e-01 6.009760e-01
798 2.189080e-01 1.808880e-01 6.002040e-01
799 2.193160e-01 1.811000e-01 5.995840e-01
800 2.190800e-01 1.811920e-01 5.997280e-01
801 2.185880e-01 1.815920e-01 5.998200e-01
802 2.186760e-01 1.819640e-01 5.993600e-01
803 2.182440e-01 1.820960e-01 5.996600e-01
804 2.177280e-01 1.826200e-01 5.996520e-01
805 2.174480e-01 1.824880e-01 6.000640e-01
806 2.173280e-01 1.823960e-01 6.002760e-01
807 2.168600e-01 1.830040e-01 6.001360e-01
808 2.164760e-01 1.823640e-01 6.011600e-01
809 2.161400e-01 1.823840e-01 6.014760e-01
810 2.162000e-01 1.820720e-01 6.017280e-01
811 2.162520e-01 1.818000e-01 6.019480e-01
812 2.156520e-01 1.817920e-01 6.025560e-01
813 2.156080e-01 1.814600e-01 6.029320e-01
814 2.157480e-01 1.810800e-01 6.031720e-01
815 2.158680e-01 1.812720e-01 6.028600e-01
816 2.168080e-01 1.804840e-01 6.027080e-01
817 2.170960e-01 1.802760e-01 6.026280e-01
818 2.174960e-01 1.801200e-01 6.023840e-01
819 2.178520e-01 1.802920e-01 6.018560e-01
820 2.173360e-01 1.804120e-01 6.022520e-01
821 2.172480e-01 1.804760e-01 6.022760e-01
822 2.172320e-01 1.800800e-01 6.026880e-01
823 2.174040e-01 1.801200e-01 6.024760e-01
824 2.174080e-01 1.800240e-01 6.025680e-01
825 2.175760e-01 1.801040e-01 6.023200e-01
826 2.180040e-01 1.804920e-01 6.015040e-01
827 2.187440e-01 1.803880e-01 6.008680e-01
828 2.179680e-01 1.813840e-01 6.006480e-01
829 2.177800e-01 1.811720e-01 6.010480e-01
830 2.178640e-01 1.814880e-01 6.006480e-01
831 2.177280e-01 1.818400e-01 6.004320e-01
832 2.174200e-01 1.820240e-01 6.005560e-01
833 2.173880e-01 1.822080e-01 6.004040e-01
834 2.174240e-01 1.820560e-01 6.005200e-01
835 2.168840e-01 1.823520e-01 6.007640e-01
836 2.166960e-01 1.827360e-01 6.005680e-01
837 2.160520e-01 1.828680e-01 6.010800e-01
838 2.158640e-01 1.830240e-01 6.011120e-01
839 2.156200e-01 1.832560e-01 6.011240e-01
840 2.156120e-01 1.832360e-01 6.011520e-01
841 2.160960e-01 1.829200e-01 6.009840e-01
842 2.157560e-01 1.825200e-01 6.017240e-01
843 2.150760e-01 1.825840e-01 6.023400e-01
844 2.159600e-01 1.820240e-01 6.020160e-01
845 2.155080e-01 1.822920e-01 6.022000e-01
846 2.157880e-01 1.817280e-01 6.024840e-01
847 2.157840e-01 1.819720e-01 6.022440e-01
848 2.160520e-01 1.812240e-01 6.027240e-01
849 2.164160e-01 1.809760e-01 6.026080e-01
850 2.175680e-01 1.804040e-01 6.020280e-01
851 2.176920e-01 1.807240e-01 6.015840e-01
852 2.176640e-01 1.810720e-01 6.012640e-01
853 2.173440e-01 1.811760e-01 6.014800e-01
854 2.177600e-01 1.809840e-01 6.012560e-01
855 2.177720e-01 1.811840e-01 6.010440e-01
856 2.176240e-01 1.814920e-01 6.008840e-01
857 2.174000e-01 1.808680e-01 6.017320e-01
858 2.185120e-01 1.803600e-01 6.011280e-01
859 2.181440e-01 1.806760e-01 6.011800e-01
860 2.177880e-01 1.814560e-01 6.007560e-01
861 2.175080e-01 1.813200e-01 6.011720e-01
862 2.178880e-01 1.810560e-01 6.010560e-01
863 2.180320e-01 1.804320e-01 6.015360e-01
864 2.177240e-01 1.809480e-01 6.013280e-01
865 2.179040e-01 1.817800e-01 6.003160e-01
866 2.179400e-01 1.816560e-01 6.004040e-01
867 2.172040e-01 1.818200e-01 6.009760e-01
868 2.177160e-01 1.812320e-01 6.010520e-01
869 2.179480e-01 1.811240e-01 6.009280e-01
870 2.172560e-01 1.815960e-01 6.011480e-01
871 2.168880e-01 1.815920e-01 6.015200e-01
872 2.171960e-01 1.811680e-01 6.016360e-01
873 2.175760e-01 1.815240e-01 6.009000e-01
874 2.179320e-01 1.814800e-01 6.005880e-01
875 2.183000e-01 1.812680e-01 6.004320e-01
876 2.185960e-01 1.808560e-01 6.005480e-01
877 2.188480e-01 1.807400e-01 6.004120e-01
878 2.186280e-01 1.804840e-01 6.008880e-01
879 2.189440e-01 1.798600e-01 6.011960e-01
880 2.190280e-01 1.797920e-01 6.011800e-01
881 2.188240e-01 1.792760e-01 6.019000e-01
882 2.186920e-01 1.792960e-01 6.020120e-01
883 2.183160e-01 1.796280e-01 6.020560e-01
884 2.186600e-01 1.793880e-01 6.019520e-01
885 2.190520e-01 1.792840e-01 6.016640e-01
886 2.193120e-01 1.790480e-01 6.016400e-01
887 2.193480e-01 1.788680e-01 6.017840e-01
888 2.189960e-01 1.790600e-01 6.019440e-01
889 2.189760e-01 1.790200e-01 6.020040e-01
890 2.195880e-01 1.791960e-01 6.012160e-01
891 2.197840e-01 1.793640e-01 6.008520e-01
892 2.199200e-01 1.796320e-01 6.004480e-01
893 2.197160e-01 1.791720e-01 6.011120e-01
894 2.197280e-01 1.793520e-01 6.009200e-01
895 2.202000e-01 1.792680e-01 6.005320e-01
896 2.204080e-01 1.787760e-01 6.008160e-01
897 2.205240e-01 1.791840e-01 6.002920e-01
898 2.204040e-01 1.791680e-01 6.004280e-01
899 2.210080e-01 1.790120e-01 5.999800e-01
900 2.213480e-01 1.787200e-01 5.999320e-01
901 2.218760e-01 1.785280e-01 5.995960e-01
902 2.220920e-01 1.785240e-01 5.993840e-01
903 2.215080e-01 1.791280e-01 5.993640e-01
904 2.216800e-01 1.790320e-01 5.992880e-01
905 2.215120e-01 1.792320e-01 5.992560e-01
906 2.220480e-01 1.787480e-01 5.992040e-01
907 2.211400e-01 1.796000e-01 5.992600e-01
908 2.209120e-01 1.797760e-01 5.993120e-01
909 2.208520e-01 1.802280e-01 5.989200e-01
910 2.209840e-01 1.807800e-01 5.982360e-01
911 2.207720e-01 1.803400e-01 5.988880e-01
912 2.203720e-01 1.810200e-01 5.986080e-01
913 2.197600e-01 1.816240e-01 5.986160e-01
914 2.191560e-01 1.818600e-01 5.989840e-01
915 2.186840e-01 1.820880e-01 5.992280e-01
916 2.183000e-01 1.819760e-01 5.997240e-01
917 2.181680e-01 1.823280e-01 5.995040e-01
918 2.179080e-01 1.822480e-01 5.998440e-01
919 2.175000e-01 1.824280e-01 6.000720e-01
920 2.169800e-01 1.819960e-01 6.010240e-01
921 2.163280e-01 1.820240e-01 6.016480e-01
922 2.171720e-01 1.812840e-01 6.015440e-01
923 2.174760e-01 1.814160e-01 6.011080e-01
924 2.168600e-01 1.817160e-01 6.014240e-01
925 2.168760e-01 1.810080e-01 6.021160e-01
926 2.171040e-01 1.808720e-01 6.020240e-01
927 2.168720e-01 1.811480e-01 6.019800e-01
928 2.164400e-01 1.808560e-01 6.027040e-01
929 2.160120e-01 1.805640e-01 6.034240e-01
930 2.160920e-01 1.804720e-01 6.034360e-01
931 2.167160e-01 1.796200e-01 6.036640e-01
932 2.168360e-01 1.796560e-01 6.035080e-01
