1 9.990480e-01 8.480000e-04 1.040000e-04
2 9.981480e-01 1.568000e-03 2.840000e-04
3 9.966080e-01 2.804000e-03 5.880000e-04
4 9.943400e-01 4.528000e-03 1.132000e-03
5 9.912640e-01 6.788000e-03 1.948000e-03
6 9.874200e-01 9.376000e-03 3.204000e-03
7 9.820680e-01 1.302400e-02 4.908000e-03
8 9.756400e-01 1.714000e-02 7.220000e-03
9 9.679920e-01 2.214000e-02 9.868000e-03
10 9.593160e-01 2.724800e-02 1.343600e-02
11 9.490240e-01 3.331200e-02 1.766400e-02
12 9.378480e-01 3.964400e-02 2.250800e-02
13 9.253800e-01 4.621600e-02 2.840400e-02
14 9.110320e-01 5.409600e-02 3.487200e-02
15 8.959960e-01 6.192800e-02 4.207600e-02
16 8.802440e-01 6.948800e-02 5.026800e-02
17 8.632240e-01 7.756000e-02 5.921600e-02
18 8.454440e-01 8.548000e-02 6.907600e-02
19 8.268800e-01 9.330800e-02 7.981200e-02
20 8.074920e-01 1.019040e-01 9.060400e-02
21 7.876840e-01 1.104000e-01 1.019160e-01
22 7.673120e-01 1.187280e-01 1.139600e-01
23 7.471680e-01 1.262840e-01 1.265480e-01
24 7.266520e-01 1.335680e-01 1.397800e-01
25 7.068080e-01 1.401480e-01 1.530440e-01
26 6.866760e-01 1.467560e-01 1.665680e-01
27 6.669040e-01 1.524560e-01 1.806400e-01
28 6.474120e-01 1.581640e-01 1.944240e-01
29 6.278760e-01 1.636360e-01 2.084880e-01
30 6.087000e-01 1.693440e-01 2.219560e-01
31 5.894800e-01 1.745360e-01 2.359840e-01
32 5.708680e-01 1.796440e-01 2.494880e-01
33 5.532000e-01 1.844080e-01 2.623920e-01
34 5.358920e-01 1.884600e-01 2.756480e-01
35 5.193080e-01 1.920480e-01 2.886440e-01
36 5.026240e-01 1.957440e-01 3.016320e-01
37 4.863960e-01 1.991640e-01 3.144400e-01
38 4.710640e-01 2.017600e-01 3.271760e-01
39 4.557920e-01 2.047200e-01 3.394880e-01
40 4.419480e-01 2.063960e-01 3.516560e-01
41 4.279200e-01 2.085280e-01 3.635520e-01
42 4.142680e-01 2.110520e-01 3.746800e-01
43 4.017400e-01 2.114200e-01 3.868400e-01
44 3.899120e-01 2.123600e-01 3.977280e-01
45 3.779840e-01 2.138720e-01 4.081440e-01
46 3.673320e-01 2.150920e-01 4.175760e-01
47 3.573160e-01 2.151520e-01 4.275320e-01
48 3.479640e-01 2.145280e-01 4.375080e-01
49 3.388320e-01 2.144480e-01 4.467200e-01
50 3.299240e-01 2.136040e-01 4.564720e-01
51 3.225640e-01 2.126480e-01 4.647880e-01
52 3.156160e-01 2.120120e-01 4.723720e-01
53 3.089720e-01 2.108680e-01 4.801600e-01
54 3.031760e-01 2.091440e-01 4.876800e-01
55 2.975880e-01 2.082320e-01 4.941800e-01
56 2.920560e-01 2.076120e-01 5.003320e-01
57 2.876720e-01 2.062040e-01 5.061240e-01
58 2.830280e-01 2.055120e-01 5.114600e-01
59 2.785280e-01 2.043800e-01 5.170920e-01
60 2.752360e-01 2.030600e-01 5.217040e-01
61 2.722080e-01 2.015840e-01 5.262080e-01
62 2.690760e-01 2.005480e-01 5.303760e-01
63 2.665600e-01 1.994920e-01 5.339480e-01
64 2.632760e-01 1.985400e-01 5.381840e-01
65 2.602840e-01 1.972360e-01 5.424800e-01
66 2.577200e-01 1.963480e-01 5.459320e-01
67 2.556520e-01 1.952680e-01 5.490800e-01
68 2.537560e-01 1.937560e-01 5.524880e-01
69 2.521560e-01 1.931440e-01 5.547000e-01
70 2.505400e-01 1.923120e-01 5.571480e-01
71 2.492600e-01 1.909760e-01 5.597640e-01
72 2.475960e-01 1.899400e-01 5.624640e-01
73 2.462960e-01 1.886480e-01 5.650560e-01
74 2.457120e-01 1.874720e-01 5.668160e-01
75 2.448440e-01 1.872920e-01 5.678640e-01
76 2.436800e-01 1.864600e-01 5.698600e-01
77 2.431840e-01 1.851320e-01 5.716840e-01
78 2.425680e-01 1.842320e-01 5.732000e-01
79 2.418000e-01 1.834240e-01 5.747760e-01
80 2.420880e-01 1.826440e-01 5.752680e-01
81 2.418720e-01 1.811160e-01 5.770120e-01
82 2.414520e-01 1.800920e-01 5.784560e-01
83 2.418640e-01 1.789280e-01 5.792080e-01
84 2.422360e-01 1.775760e-01 5.801880e-01
85 2.430960e-01 1.766480e-01 5.802560e-01
86 2.429960e-01 1.759320e-01 5.810720e-01
87 2.429560e-01 1.759120e-01 5.811320e-01
88 2.430920e-01 1.753160e-01 5.815920e-01
89 2.434440e-01 1.751760e-01 5.813800e-01
90 2.436200e-01 1.746720e-01 5.817080e-01
91 2.439160e-01 1.745240e-01 5.815600e-01
92 2.441560e-01 1.740960e-01 5.817480e-01
93 2.438040e-01 1.745280e-01 5.816680e-01
94 2.442400e-01 1.737080e-01 5.820520e-01
95 2.447480e-01 1.735920e-01 5.816600e-01
96 2.445960e-01 1.738240e-01 5.815800e-01
97 2.448640e-01 1.735080e-01 5.816280e-01
98 2.445680e-01 1.738160e-01 5.816160e-01
99 2.442920e-01 1.738720e-01 5.818360e-01
100 2.451400e-01 1.733400e-01 5.815200e-01
101 2.449000e-01 1.736640e-01 5.814360e-01
102 2.447320e-01 1.736600e-01 5.816080e-01
103 2.444960e-01 1.741600e-01 5.813440e-01
104 2.441840e-01 1.744840e-01 5.813320e-01
105 2.441240e-01 1.740320e-01 5.818440e-01
106 2.446880e-01 1.741680e-01 5.811440e-01
107 2.449560e-01 1.739240e-01 5.811200e-01
108 2.450520e-01 1.742160e-01 5.807320e-01
109 2.449800e-01 1.743080e-01 5.807120e-01
110 2.451040e-01 1.742520e-01 5.806440e-01
111 2.449080e-01 1.742720e-01 5.808200e-01
112 2.444240e-01 1.747840e-01 5.807920e-01
113 2.446400e-01 1.743440e-01 5.810160e-01
114 2.447920e-01 1.741720e-01 5.810360e-01
115 2.447960e-01 1.740680e-01 5.811360e-01
116 2.461920e-01 1.732920e-01 5.805160e-01
117 2.464640e-01 1.734080e-01 5.801280e-01
118 2.452920e-01 1.740280e-01 5.806800e-01
119 2.450760e-01 1.743400e-01 5.805840e-01
120 2.448680e-01 1.745680e-01 5.805640e-01
121 2.455880e-01 1.743160e-01 5.800960e-01
122 2.446800e-01 1.751360e-01 5.801840e-01
123 2.445440e-01 1.756760e-01 5.797800e-01
124 2.436280e-01 1.759000e-01 5.804720e-01
125 2.429680e-01 1.761920e-01 5.808400e-01
126 2.425960e-01 1.758040e-01 5.816000e-01
127 2.421120e-01 1.762840e-01 5.816040e-01
128 2.424040e-01 1.761480e-01 5.814480e-01
129 2.428400e-01 1.756320e-01 5.815280e-01
130 2.431040e-01 1.756040e-01 5.812920e-01
131 2.428560e-01 1.758440e-01 5.813000e-01
132 2.431680e-01 1.760160e-01 5.808160e-01
133 2.437000e-01 1.749160e-01 5.813840e-01
134 2.439400e-01 1.752080e-01 5.808520e-01
135 2.443320e-01 1.753320e-01 5.803360e-01
136 2.440480e-01 1.756480e-01 5.803040e-01
137 2.437280e-01 1.762280e-01 5.800440e-01
138 2.428480e-01 1.762760e-01 5.808760e-01
139 2.429200e-01 1.761880e-01 5.808920e-01
140 2.428160e-01 1.759520e-01 5.812320e-01
141 2.427680e-01 1.758800e-01 5.813520e-01
142 2.423360e-01 1.753800e-01 5.822840e-01
143 2.419680e-01 1.754720e-01 5.825600e-01
144 2.417720e-01 1.754240e-01 5.828040e-01
145 2.420120e-01 1.756000e-01 5.823880e-01
146 2.418000e-01 1.755520e-01 5.826480e-01
147 2.418240e-01 1.753960e-01 5.827800e-01
148 2.420120e-01 1.749040e-01 5.830840e-01
149 2.418800e-01 1.750640e-01 5.830560e-01
150 2.418120e-01 1.751520e-01 5.830360e-01
151 2.417560e-01 1.755160e-01 5.827280e-01
152 2.422320e-01 1.752200e-01 5.825480e-01
153 2.419360e-01 1.753280e-01 5.827360e-01
154 2.416920e-01 1.754240e-01 5.828840e-01
155 2.427560e-01 1.752440e-01 5.820000e-01
156 2.424760e-01 1.754520e-01 5.820720e-01
157 2.423520e-01 1.752520e-01 5.823960e-01
158 2.428000e-01 1.749720e-01 5.822280e-01
159 2.436520e-01 1.749160e-01 5.814320e-01
160 2.436800e-01 1.748800e-01 5.814400e-01
161 2.432360e-01 1.751640e-01 5.816000e-01
162 2.429280e-01 1.754080e-01 5.816640e-01
163 2.431880e-01 1.750120e-01 5.818000e-01
164 2.435080e-01 1.749680e-01 5.815240e-01
165 2.432480e-01 1.749800e-01 5.817720e-01
166 2.432960e-01 1.753600e-01 5.813440e-01
167 2.435640e-01 1.751680e-01 5.812680e-01
168 2.427440e-01 1.755480e-01 5.817080e-01
169 2.418680e-01 1.762000e-01 5.819320e-01
170 2.422960e-01 1.755600e-01 5.821440e-01
171 2.423320e-01 1.755520e-01 5.821160e-01
172 2.422040e-01 1.758880e-01 5.819080e-01
173 2.423120e-01 1.755920e-01 5.820960e-01
174 2.421280e-01 1.755240e-01 5.823480e-01
175 2.426320e-01 1.758280e-01 5.815400e-01
176 2.425920e-01 1.767480e-01 5.806600e-01
177 2.421960e-01 1.773560e-01 5.804480e-01
178 2.419240e-01 1.776440e-01 5.804320e-01
179 2.415520e-01 1.780120e-01 5.804360e-01
180 2.414040e-01 1.776560e-01 5.809400e-01
181 2.412320e-01 1.779120e-01 5.808560e-01
182 2.409520e-01 1.779680e-01 5.810800e-01
183 2.401000e-01 1.784360e-01 5.814640e-01
184 2.394480e-01 1.782000e-01 5.823520e-01
185 2.390920e-01 1.784160e-01 5.824920e-01
186 2.386280e-01 1.787120e-01 5.826600e-01
187 2.380800e-01 1.785360e-01 5.833840e-01
188 2.381440e-01 1.781000e-01 5.837560e-01
189 2.382200e-01 1.775360e-01 5.842440e-01
190 2.388360e-01 1.770520e-01 5.841120e-01
191 2.392720e-01 1.762240e-01 5.845040e-01
192 2.398280e-01 1.758440e-01 5.843280e-01
193 2.404000e-01 1.751800e-01 5.844200e-01
194 2.403160e-01 1.752160e-01 5.844680e-01
195 2.399920e-01 1.752200e-01 5.847880e-01
196 2.403960e-01 1.752360e-01 5.843680e-01
197 2.406440e-01 1.752080e-01 5.841480e-01
198 2.403080e-01 1.752320e-01 5.844600e-01
199 2.408440e-01 1.748360e-01 5.843200e-01
200 2.407280e-01 1.745800e-01 5.846920e-01
201 2.416800e-01 1.737840e-01 5.845360e-01
202 2.415760e-01 1.740240e-01 5.844000e-01
203 2.420920e-01 1.733840e-01 5.845240e-01
204 2.422640e-01 1.729240e-01 5.848120e-01
205 2.434880e-01 1.723920e-01 5.841200e-01
206 2.441040e-01 1.723240e-01 5.835720e-01
207 2.440200e-01 1.728320e-01 5.831480e-01
208 2.443760e-01 1.731040e-01 5.825200e-01
209 2.447080e-01 1.734840e-01 5.818080e-01
210 2.444720e-01 1.739640e-01 5.815640e-01
211 2.442160e-01 1.742280e-01 5.815560e-01
212 2.441720e-01 1.741920e-01 5.816360e-01
213 2.444320e-01 1.741640e-01 5.814040e-01
214 2.441440e-01 1.739960e-01 5.818600e-01
215 2.443720e-01 1.736840e-01 5.819440e-01
216 2.438520e-01 1.739240e-01 5.822240e-01
217 2.440760e-01 1.737080e-01 5.822160e-01
218 2.442200e-01 1.729040e-01 5.828760e-01
219 2.446880e-01 1.725600e-01 5.827520e-01
220 2.451080e-01 1.720360e-01 5.828560e-01
221 2.452080e-01 1.724960e-01 5.822960e-01
222 2.449960e-01 1.729440e-01 5.820600e-01
223 2.452760e-01 1.731600e-01 5.815640e-01
224 2.452000e-01 1.733600e-01 5.814400e-01
225 2.448120e-01 1.740040e-01 5.811840e-01
226 2.449320e-01 1.735720e-01 5.814960e-01
227 2.451160e-01 1.740320e-01 5.808520e-01
228 2.443880e-01 1.747600e-01 5.808520e-01
229 2.438480e-01 1.752440e-01 5.809080e-01
230 2.444280e-01 1.749640e-01 5.806080e-01
231 2.445960e-01 1.748520e-01 5.805520e-01
232 2.440040e-01 1.750040e-01 5.809920e-01
233 2.438400e-01 1.754080e-01 5.807520e-01
234 2.431960e-01 1.755880e-01 5.812160e-01
235 2.435640e-01 1.743520e-01 5.820840e-01
236 2.433560e-01 1.743200e-01 5.823240e-01
237 2.437400e-01 1.745640e-01 5.816960e-01
238 2.434000e-01 1.748880e-01 5.817120e-01
239 2.432400e-01 1.755240e-01 5.812360e-01
240 2.432640e-01 1.752240e-01 5.815120e-01
241 2.426480e-01 1.756680e-01 5.816840e-01
242 2.429440e-01 1.754240e-01 5.816320e-01
243 2.420640e-01 1.756840e-01 5.822520e-01
244 2.415040e-01 1.761360e-01 5.823600e-01
245 2.413720e-01 1.757360e-01 5.828920e-01
246 2.420640e-01 1.748920e-01 5.830440e-01
247 2.427560e-01 1.747680e-01 5.824760e-01
248 2.427880e-01 1.743360e-01 5.828760e-01
249 2.424000e-01 1.744320e-01 5.831680e-01
250 2.420920e-01 1.748920e-01 5.830160e-01
251 2.420440e-01 1.747320e-01 5.832240e-01
252 2.420160e-01 1.747840e-01 5.832000e-01
253 2.418600e-01 1.747480e-01 5.833920e-01
254 2.427160e-01 1.737880e-01 5.834960e-01
255 2.432000e-01 1.736080e-01 5.831920e-01
256 2.433240e-01 1.740720e-01 5.826040e-01
257 2.435160e-01 1.743480e-01 5.821360e-01
258 2.436480e-01 1.744320e-01 5.819200e-01
259 2.433800e-01 1.739480e-01 5.826720e-01
260 2.436760e-01 1.738760e-01 5.824480e-01
261 2.433960e-01 1.742600e-01 5.823440e-01
262 2.430200e-01 1.743720e-01 5.826080e-01
263 2.432800e-01 1.746400e-01 5.820800e-01
264 2.431200e-01 1.744400e-01 5.824400e-01
265 2.435760e-01 1.742240e-01 5.822000e-01
266 2.447080e-01 1.733960e-01 5.818960e-01
267 2.450240e-01 1.733400e-01 5.816360e-01
268 2.454560e-01 1.732080e-01 5.813360e-01
269 2.451800e-01 1.729320e-01 5.818880e-01
270 2.450520e-01 1.732360e-01 5.817120e-01
271 2.448400e-01 1.741080e-01 5.810520e-01
272 2.452840e-01 1.737480e-01 5.809680e-01
273 2.449240e-01 1.746280e-01 5.804480e-01
274 2.445760e-01 1.751200e-01 5.803040e-01
275 2.444040e-01 1.750000e-01 5.805960e-01
276 2.447320e-01 1.748600e-01 5.804080e-01
277 2.446720e-01 1.746960e-01 5.806320e-01
278 2.450440e-01 1.743840e-01 5.805720e-01
279 2.447760e-01 1.742040e-01 5.810200e-01
280 2.455880e-01 1.739800e-01 5.804320e-01
281 2.451240e-01 1.741520e-01 5.807240e-01
282 2.452880e-01 1.745600e-01 5.801520e-01
283 2.453280e-01 1.750440e-01 5.796280e-01
284 2.454960e-01 1.750280e-01 5.794760e-01
285 2.447720e-01 1.757720e-01 5.794560e-01
286 2.439240e-01 1.762720e-01 5.798040e-01
287 2.432200e-01 1.765520e-01 5.802280e-01
288 2.430600e-01 1.766360e-01 5.803040e-01
289 2.425960e-01 1.763200e-01 5.810840e-01
290 2.428960e-01 1.757720e-01 5.813320e-01
291 2.428720e-01 1.756080e-01 5.815200e-01
292 2.425840e-01 1.753440e-01 5.820720e-01
293 2.423840e-01 1.751760e-01 5.824400e-01
294 2.426800e-01 1.754360e-01 5.818840e-01
295 2.430080e-01 1.754160e-01 5.815760e-01
296 2.434240e-01 1.756040e-01 5.809720e-01
297 2.431120e-01 1.749640e-01 5.819240e-01
298 2.439960e-01 1.739920e-01 5.820120e-01
299 2.437400e-01 1.741680e-01 5.820920e-01
300 2.435560e-01 1.743400e-01 5.821040e-01
301 2.440720e-01 1.743320e-01 5.815960e-01
302 2.435760e-01 1.745160e-01 5.819080e-01
303 2.435600e-01 1.754560e-01 5.809840e-01
304 2.438800e-01 1.757680e-01 5.803520e-01
305 2.439560e-01 1.754920e-01 5.805520e-01
306 2.433560e-01 1.755040e-01 5.811400e-01
307 2.431720e-01 1.757880e-01 5.810400e-01
308 2.437640e-01 1.753040e-01 5.809320e-01
309 2.437920e-01 1.753840e-01 5.808240e-01
310 2.434120e-01 1.749960e-01 5.815920e-01
311 2.439520e-01 1.740000e-01 5.820480e-01
312 2.435160e-01 1.747040e-01 5.817800e-01
313 2.436640e-01 1.746720e-01 5.816640e-01
314 2.439080e-01 1.744360e-01 5.816560e-01
315 2.442960e-01 1.746200e-01 5.810840e-01
316 2.439520e-01 1.748280e-01 5.812200e-01
317 2.437880e-01 1.748480e-01 5.813640e-01
318 2.442320e-01 1.742800e-01 5.814880e-01
319 2.438200e-01 1.745400e-01 5.816400e-01
320 2.437680e-01 1.744680e-01 5.817640e-01
321 2.443400e-01 1.740240e-01 5.816360e-01
322 2.437800e-01 1.738680e-01 5.823520e-01
323 2.438840e-01 1.739080e-01 5.822080e-01
324 2.437160e-01 1.739720e-01 5.823120e-01
325 2.438040e-01 1.742280e-01 5.819680e-01
326 2.440280e-01 1.743360e-01 5.816360e-01
327 2.441920e-01 1.746120e-01 5.811960e-01
328 2.448880e-01 1.744760e-01 5.806360e-01
329 2.444720e-01 1.745920e-01 5.809360e-01
330 2.435840e-01 1.751360e-01 5.812800e-01
331 2.431760e-01 1.751680e-01 5.816560e-01
332 2.426360e-01 1.752760e-01 5.820880e-01
333 2.430840e-01 1.748120e-01 5.821040e-01
334 2.433720e-01 1.747040e-01 5.819240e-01
335 2.434280e-01 1.744360e-01 5.821360e-01
336 2.435440e-01 1.747960e-01 5.816600e-01
337 2.432240e-01 1.749520e-01 5.818240e-01
338 2.430960e-01 1.745920e-01 5.823120e-01
339 2.436160e-01 1.742560e-01 5.821280e-01
340 2.433960e-01 1.744560e-01 5.821480e-01
341 2.429080e-01 1.746200e-01 5.824720e-01
342 2.420440e-01 1.752360e-01 5.827200e-01
343 2.424160e-01 1.752720e-01 5.823120e-01
344 2.428440e-01 1.748520e-01 5.823040e-01
345 2.432240e-01 1.742200e-01 5.825560e-01
346 2.436960e-01 1.741080e-01 5.821960e-01
347 2.442560e-01 1.736640e-01 5.820800e-01
348 2.441120e-01 1.739000e-01 5.819880e-01
349 2.438400e-01 1.738320e-01 5.823280e-01
350 2.443760e-01 1.737320e-01 5.818920e-01
351 2.444920e-01 1.737960e-01 5.817120e-01
352 2.443680e-01 1.742880e-01 5.813440e-01
353 2.451760e-01 1.742360e-01 5.805880e-01
354 2.450560e-01 1.740040e-01 5.809400e-01
355 2.447160e-01 1.743040e-01 5.809800e-01
356 2.448640e-01 1.745640e-01 5.805720e-01
357 2.446960e-01 1.745120e-01 5.807920e-01
358 2.445680e-01 1.742120e-01 5.812200e-01
359 2.447800e-01 1.743960e-01 5.808240e-01
360 2.442440e-01 1.750880e-01 5.806680e-01
361 2.445400e-01 1.752600e-01 5.802000e-01
362 2.445120e-01 1.750520e-01 5.804360e-01
363 2.443720e-01 1.749320e-01 5.806960e-01
364 2.437600e-01 1.749120e-01 5.813280e-01
365 2.442080e-01 1.752320e-01 5.805600e-01
366 2.439400e-01 1.753720e-01 5.806880e-01
367 2.446240e-01 1.750840e-01 5.802920e-01
368 2.448640e-01 1.749480e-01 5.801880e-01
369 2.445640e-01 1.756800e-01 5.797560e-01
370 2.445000e-01 1.749000e-01 5.806000e-01
371 2.439920e-01 1.757640e-01 5.802440e-01
372 2.439560e-01 1.760280e-01 5.800160e-01
373 2.437840e-01 1.759200e-01 5.802960e-01
374 2.438800e-01 1.757760e-01 5.803440e-01
375 2.440760e-01 1.762040e-01 5.797200e-01
376 2.436280e-01 1.766160e-01 5.797560e-01
377 2.435760e-01 1.762040e-01 5.802200e-01
378 2.430400e-01 1.761520e-01 5.808080e-01
379 2.422800e-01 1.769360e-01 5.807840e-01
380 2.423560e-01 1.764800e-01 5.811640e-01
381 2.424200e-01 1.759320e-01 5.816480e-01
382 2.421880e-01 1.758480e-01 5.819640e-01
383 2.424840e-01 1.754840e-01 5.820320e-01
384 2.425360e-01 1.752840e-01 5.821800e-01
385 2.428720e-01 1.751080e-01 5.820200e-01
386 2.430240e-01 1.744360e-01 5.825400e-01
387 2.432480e-01 1.742640e-01 5.824880e-01
388 2.435840e-01 1.738440e-01 5.825720e-01
389 2.431480e-01 1.734000e-01 5.834520e-01
390 2.430160e-01 1.736640e-01 5.833200e-01
391 2.428440e-01 1.737200e-01 5.834360e-01
392 2.430160e-01 1.735880e-01 5.833960e-01
393 2.433320e-01 1.738120e-01 5.828560e-01
394 2.433240e-01 1.747240e-01 5.819520e-01
395 2.428640e-01 1.751560e-01 5.819800e-01
396 2.428960e-01 1.749040e-01 5.822000e-01
397 2.432320e-01 1.744160e-01 5.823520e-01
398 2.431760e-01 1.739240e-01 5.829000e-01
399 2.431360e-01 1.740240e-01 5.828400e-01
400 2.435200e-01 1.748680e-01 5.816120e-01
401 2.433280e-01 1.743800e-01 5.822920e-01
402 2.439680e-01 1.740040e-01 5.820280e-01
403 2.441680e-01 1.735560e-01 5.822760e-01
404 2.440080e-01 1.735760e-01 5.824160e-01
405 2.441640e-01 1.738200e-01 5.820160e-01
406 2.442600e-01 1.743160e-01 5.814240e-01
407 2.437240e-01 1.747560e-01 5.815200e-01
408 2.439760e-01 1.745160e-01 5.815080e-01
409 2.436520e-01 1.748760e-01 5.814720e-01
410 2.437520e-01 1.745320e-01 5.817160e-01
411 2.434120e-01 1.756480e-01 5.809400e-01
412 2.437680e-01 1.755320e-01 5.807000e-01
413 2.440160e-01 1.757440e-01 5.802400e-01
414 2.439480e-01 1.755680e-01 5.804840e-01
415 2.439240e-01 1.758040e-01 5.802720e-01
416 2.442720e-01 1.754920e-01 5.802360e-01
417 2.448440e-01 1.751480e-01 5.800080e-01
418 2.441840e-01 1.754800e-01 5.803360e-01
419 2.441080e-01 1.754320e-01 5.804600e-01
420 2.446240e-01 1.752760e-01 5.801000e-01
421 2.443680e-01 1.753440e-01 5.802880e-01
422 2.443440e-01 1.761400e-01 5.795160e-01
423 2.437960e-01 1.757600e-01 5.804440e-01
424 2.434680e-01 1.761240e-01 5.804080e-01
425 2.422200e-01 1.767880e-01 5.809920e-01
426 2.425200e-01 1.759640e-01 5.815160e-01
427 2.425080e-01 1.759080e-01 5.815840e-01
428 2.418400e-01 1.765240e-01 5.816360e-01
429 2.420240e-01 1.762000e-01 5.817760e-01
430 2.420880e-01 1.765200e-01 5.813920e-01
431 2.418320e-01 1.765600e-01 5.816080e-01
432 2.421000e-01 1.762200e-01 5.816800e-01
433 2.421320e-01 1.763680e-01 5.815000e-01
434 2.424080e-01 1.761960e-01 5.813960e-01
435 2.422040e-01 1.764280e-01 5.813680e-01
436 2.422680e-01 1.759360e-01 5.817960e-01
437 2.421240e-01 1.761200e-01 5.817560e-01
438 2.419680e-01 1.758640e-01 5.821680e-01
439 2.419960e-01 1.757040e-01 5.823000e-01
440 2.423680e-01 1.745640e-01 5.830680e-01
441 2.419960e-01 1.747920e-01 5.832120e-01
442 2.420640e-01 1.750560e-01 5.828800e-01
443 2.423800e-01 1.746720e-01 5.829480e-01
444 2.427560e-01 1.746640e-01 5.825800e-01
445 2.426800e-01 1.750720e-01 5.822480e-01
446 2.428440e-01 1.744240e-01 5.827320e-01
447 2.429520e-01 1.743360e-01 5.827120e-01
448 2.431440e-01 1.743360e-01 5.825200e-01
449 2.429000e-01 1.741360e-01 5.829640e-01
450 2.431240e-01 1.734480e-01 5.834280e-01
451 2.435440e-01 1.728200e-01 5.836360e-01
452 2.442440e-01 1.726400e-01 5.831160e-01
453 2.445320e-01 1.732520e-01 5.822160e-01
454 2.452360e-01 1.731360e-01 5.816280e-01
455 2.448200e-01 1.739080e-01 5.812720e-01
456 2.443280e-01 1.743320e-01 5.813400e-01
457 2.448960e-01 1.741000e-01 5.810040e-01
458 2.449960e-01 1.744440e-01 5.805600e-01
459 2.447640e-01 1.748120e-01 5.804240e-01
460 2.440080e-01 1.756960e-01 5.802960e-01
461 2.441120e-01 1.760840e-01 5.798040e-01
462 2.440560e-01 1.764080e-01 5.795360e-01
463 2.435280e-01 1.765080e-01 5.799640e-01
464 2.429080e-01 1.771040e-01 5.799880e-01
465 2.424880e-01 1.775400e-01 5.799720e-01
466 2.421360e-01 1.772080e-01 5.806560e-01
467 2.415120e-01 1.776480e-01 5.808400e-01
468 2.418080e-01 1.770640e-01 5.811280e-01
469 2.419960e-01 1.768720e-01 5.811320e-01
470 2.417200e-01 1.766560e-01 5.816240e-01
471 2.409920e-01 1.773560e-01 5.816520e-01
472 2.416680e-01 1.765520e-01 5.817800e-01
473 2.418480e-01 1.762880e-01 5.818640e-01
474 2.423920e-01 1.758240e-01 5.817840e-01
475 2.425360e-01 1.756600e-01 5.818040e-01
476 2.421040e-01 1.757720e-01 5.821240e-01
477 2.417880e-01 1.756800e-01 5.825320e-01
478 2.420880e-01 1.761120e-01 5.818000e-01
479 2.420680e-01 1.765400e-01 5.813920e-01
480 2.417680e-01 1.764680e-01 5.817640e-01
481 2.412720e-01 1.766880e-01 5.820400e-01
482 2.408880e-01 1.775000e-01 5.816120e-01
483 2.408400e-01 1.772200e-01 5.819400e-01
484 2.405120e-01 1.769800e-01 5.825080e-01
485 2.408080e-01 1.769400e-01 5.822520e-01
486 2.409200e-01 1.768320e-01 5.822480e-01
487 2.407080e-01 1.765640e-01 5.827280e-01
488 2.404320e-01 1.757680e-01 5.838000e-01
489 2.402440e-01 1.760080e-01 5.837480e-01
490 2.415960e-01 1.750600e-01 5.833440e-01
491 2.409800e-01 1.755760e-01 5.834440e-01
492 2.412920e-01 1.754840e-01 5.832240e-01
493 2.411200e-01 1.758080e-01 5.830720e-01
494 2.413600e-01 1.757200e-01 5.829200e-01
495 2.410200e-01 1.759280e-01 5.830520e-01
496 2.409040e-01 1.759160e-01 5.831800e-01
497 2.416600e-01 1.752800e-01 5.830600e-01
498 2.423080e-01 1.749280e-01 5.827640e-01
499 2.421680e-01 1.749600e-01 5.828720e-01
500 2.424200e-01 1.747320e-01 5.828480e-01
501 2.426000e-01 1.752080e-01 5.821920e-01
502 2.418560e-01 1.757200e-01 5.824240e-01
503 2.416560e-01 1.759080e-01 5.824360e-01
504 2.414440e-01 1.761000e-01 5.824560e-01
505 2.415520e-01 1.758360e-01 5.826120e-01
506 2.416160e-01 1.755640e-01 5.828200e-01
507 2.416160e-01 1.750680e-01 5.833160e-01
508 2.405400e-01 1.754520e-01 5.840080e-01
509 2.404960e-01 1.753000e-01 5.842040e-01
510 2.400000e-01 1.760480e-01 5.839520e-01
511 2.405800e-01 1.754200e-01 5.840000e-01
512 2.399640e-01 1.760560e-01 5.839800e-01
513 2.399560e-01 1.754160e-01 5.846280e-01
514 2.408880e-01 1.748880e-01 5.842240e-01
515 2.409760e-01 1.750480e-01 5.839760e-01
516 2.413320e-01 1.745360e-01 5.841320e-01
517 2.416360e-01 1.746120e-01 5.837520e-01
518 2.420160e-01 1.741720e-01 5.838120e-01
519 2.423720e-01 1.737720e-01 5.838560e-01
520 2.427360e-01 1.737000e-01 5.835640e-01
521 2.427720e-01 1.739040e-01 5.833240e-01
522 2.424720e-01 1.741880e-01 5.833400e-01
523 2.425760e-01 1.743680e-01 5.830560e-01
524 2.420920e-01 1.751120e-01 5.827960e-01
525 2.425760e-01 1.745760e-01 5.828480e-01
526 2.426160e-01 1.743000e-01 5.830840e-01
527 2.423880e-01 1.743720e-01 5.832400e-01
528 2.422000e-01 1.741720e-01 5.836280e-01
529 2.420680e-01 1.739240e-01 5.840080e-01
530 2.419760e-01 1.735120e-01 5.845120e-01
531 2.418360e-01 1.738640e-01 5.843000e-01
532 2.419080e-01 1.740960e-01 5.839960e-01
533 2.423040e-01 1.740080e-01 5.836880e-01
534 2.424400e-01 1.742120e-01 5.833480e-01
535 2.424920e-01 1.740720e-01 5.834360e-01
536 2.433000e-01 1.735600e-01 5.831400e-01
537 2.437640e-01 1.732400e-01 5.829960e-01
538 2.438040e-01 1.733360e-01 5.828600e-01
539 2.440520e-01 1.731400e-01 5.828080e-01
540 2.442080e-01 1.734320e-01 5.823600e-01
541 2.448280e-01 1.732360e-01 5.819360e-01
542 2.447160e-01 1.740280e-01 5.812560e-01
543 2.444000e-01 1.742840e-01 5.813160e-01
544 2.445840e-01 1.744600e-01 5.809560e-01
545 2.441400e-01 1.747200e-01 5.811400e-01
546 2.445080e-01 1.746720e-01 5.808200e-01
547 2.440200e-01 1.750560e-01 5.809240e-01
548 2.438320e-01 1.754360e-01 5.807320e-01
549 2.434800e-01 1.748440e-01 5.816760e-01
550 2.436520e-01 1.755800e-01 5.807680e-01
551 2.431440e-01 1.755800e-01 5.812760e-01
552 2.426200e-01 1.760520e-01 5.813280e-01
553 2.427200e-01 1.756840e-01 5.815960e-01
554 2.431560e-01 1.752640e-01 5.815800e-01
555 2.424360e-01 1.757920e-01 5.817720e-01
556 2.420280e-01 1.757960e-01 5.821760e-01
557 2.414520e-01 1.758880e-01 5.826600e-01
558 2.416040e-01 1.756160e-01 5.827800e-01
559 2.414160e-01 1.759840e-01 5.826000e-01
560 2.412000e-01 1.758520e-01 5.829480e-01
561 2.411040e-01 1.760440e-01 5.828520e-01
562 2.410680e-01 1.758440e-01 5.830880e-01
563 2.416520e-01 1.749200e-01 5.834280e-01
564 2.419200e-01 1.747080e-01 5.833720e-01
565 2.427200e-01 1.737600e-01 5.835200e-01
566 2.430200e-01 1.742160e-01 5.827640e-01
567 2.424280e-01 1.750800e-01 5.824920e-01
568 2.424640e-01 1.749080e-01 5.826280e-01
569 2.426320e-01 1.750360e-01 5.823320e-01
570 2.423640e-01 1.748200e-01 5.828160e-01
571 2.419240e-01 1.751440e-01 5.829320e-01
572 2.418800e-01 1.748200e-01 5.833000e-01
573 2.411560e-01 1.752480e-01 5.835960e-01
574 2.416200e-01 1.748320e-01 5.835480e-01
575 2.422480e-01 1.743480e-01 5.834040e-01
576 2.433840e-01 1.730440e-01 5.835720e-01
577 2.434240e-01 1.734200e-01 5.831560e-01
578 2.434120e-01 1.734120e-01 5.831760e-01
579 2.437760e-01 1.736360e-01 5.825880e-01
580 2.439120e-01 1.737640e-01 5.823240e-01
581 2.433320e-01 1.743320e-01 5.823360e-01
582 2.427080e-01 1.746760e-01 5.826160e-01
583 2.430560e-01 1.747360e-01 5.822080e-01
584 2.431760e-01 1.743640e-01 5.824600e-01
585 2.430640e-01 1.744440e-01 5.824920e-01
586 2.423640e-01 1.748240e-01 5.828120e-01
587 2.426240e-01 1.740640e-01 5.833120e-01
588 2.424480e-01 1.744600e-01 5.830920e-01
589 2.436360e-01 1.740920e-01 5.822720e-01
590 2.438320e-01 1.743080e-01 5.818600e-01
591 2.436240e-01 1.745800e-01 5.817960e-01
592 2.438160e-01 1.742320e-01 5.819520e-01
593 2.441520e-01 1.739120e-01 5.819360e-01
594 2.444480e-01 1.739400e-01 5.816120e-01
595 2.443760e-01 1.738560e-01 5.817680e-01
596 2.447160e-01 1.737640e-01 5.815200e-01
597 2.441400e-01 1.740040e-01 5.818560e-01
598 2.440760e-01 1.743560e-01 5.815680e-01
599 2.435600e-01 1.745120e-01 5.819280e-01
600 2.434360e-01 1.747800e-01 5.817840e-01
601 2.435160e-01 1.750320e-01 5.814520e-01
602 2.436840e-01 1.752840e-01 5.810320e-01
603 2.434920e-01 1.751360e-01 5.813720e-01
604 2.431720e-01 1.757880e-01 5.810400e-01
605 2.432600e-01 1.760840e-01 5.806560e-01
606 2.432040e-01 1.756200e-01 5.811760e-01
607 2.425920e-01 1.758320e-01 5.815760e-01
608 2.423280e-01 1.753080e-01 5.823640e-01
609 2.421920e-01 1.758320e-01 5.819760e-01
610 2.421560e-01 1.759760e-01 5.818680e-01
611 2.420480e-01 1.760480e-01 5.819040e-01
612 2.423080e-01 1.760360e-01 5.816560e-01
613 2.425160e-01 1.757000e-01 5.817840e-01
614 2.422760e-01 1.758680e-01 5.818560e-01
615 2.423240e-01 1.760360e-01 5.816400e-01
616 2.426640e-01 1.758080e-01 5.815280e-01
617 2.428440e-01 1.754160e-01 5.817400e-01
618 2.430120e-01 1.753520e-01 5.816360e-01
619 2.428640e-01 1.753880e-01 5.817480e-01
620 2.429120e-01 1.754320e-01 5.816560e-01
621 2.429160e-01 1.749200e-01 5.821640e-01
622 2.428520e-01 1.751160e-01 5.820320e-01
623 2.436720e-01 1.742760e-01 5.820520e-01
624 2.432280e-01 1.747080e-01 5.820640e-01
625 2.427680e-01 1.748400e-01 5.823920e-01
626 2.423440e-01 1.753800e-01 5.822760e-01
627 2.429440e-01 1.753400e-01 5.817160e-01
628 2.429760e-01 1.750320e-01 5.819920e-01
629 2.430080e-01 1.746160e-01 5.823760e-01
630 2.429760e-01 1.747240e-01 5.823000e-01
631 2.427680e-01 1.742760e-01 5.829560e-01
632 2.427760e-01 1.740160e-01 5.832080e-01
633 2.430720e-01 1.735600e-01 5.833680e-01
634 2.430000e-01 1.738200e-01 5.831800e-01
635 2.431880e-01 1.742520e-01 5.825600e-01
636 2.436320e-01 1.739640e-01 5.824040e-01
637 2.442200e-01 1.737000e-01 5.820800e-01
638 2.438240e-01 1.735720e-01 5.826040e-01
639 2.435760e-01 1.736000e-01 5.828240e-01
640 2.436400e-01 1.738720e-01 5.824880e-01
641 2.438120e-01 1.738800e-01 5.823080e-01
642 2.439240e-01 1.737280e-01 5.823480e-01
643 2.440200e-01 1.737320e-01 5.822480e-01
644 2.441880e-01 1.737360e-01 5.820760e-01
645 2.446160e-01 1.734760e-01 5.819080e-01
646 2.444680e-01 1.733600e-01 5.821720e-01
647 2.438280e-01 1.733400e-01 5.828320e-01
648 2.446280e-01 1.732760e-01 5.820960e-01
649 2.452360e-01 1.725840e-01 5.821800e-01
650 2.448680e-01 1.729280e-01 5.822040e-01
651 2.444480e-01 1.729520e-01 5.826000e-01
652 2.454000e-01 1.725760e-01 5.820240e-01
653 2.459440e-01 1.723040e-01 5.817520e-01
654 2.459400e-01 1.723720e-01 5.816880e-01
655 2.463160e-01 1.724720e-01 5.812120e-01
656 2.458520e-01 1.731000e-01 5.810480e-01
657 2.458640e-01 1.730120e-01 5.811240e-01
658 2.461800e-01 1.734880e-01 5.803320e-01
659 2.454560e-01 1.743000e-01 5.802440e-01
660 2.458200e-01 1.744400e-01 5.797400e-01
661 2.459640e-01 1.742680e-01 5.797680e-01
662 2.458480e-01 1.741360e-01 5.800160e-01
663 2.458160e-01 1.739000e-01 5.802840e-01
664 2.449760e-01 1.742640e-01 5.807600e-01
665 2.444480e-01 1.748440e-01 5.807080e-01
666 2.438360e-01 1.754160e-01 5.807480e-01
667 2.434560e-01 1.758080e-01 5.807360e-01
668 2.435240e-01 1.754360e-01 5.810400e-01
669 2.433320e-01 1.751400e-01 5.815280e-01
670 2.437080e-01 1.751600e-01 5.811320e-01
671 2.439800e-01 1.752960e-01 5.807240e-01
672 2.433800e-01 1.756240e-01 5.809960e-01
673 2.430120e-01 1.760320e-01 5.809560e-01
674 2.429240e-01 1.756120e-01 5.814640e-01
675 2.428640e-01 1.758400e-01 5.812960e-01
676 2.428680e-01 1.761240e-01 5.810080e-01
677 2.426520e-01 1.757040e-01 5.816440e-01
678 2.431000e-01 1.751640e-01 5.817360e-01
679 2.434040e-01 1.751960e-01 5.814000e-01
680 2.433360e-01 1.749960e-01 5.816680e-01
681 2.431360e-01 1.753880e-01 5.814760e-01
682 2.431440e-01 1.757480e-01 5.811080e-01
683 2.428760e-01 1.761240e-01 5.810000e-01
684 2.421520e-01 1.765440e-01 5.813040e-01
685 2.419760e-01 1.763760e-01 5.816480e-01
686 2.416640e-01 1.771880e-01 5.811480e-01
687 2.417120e-01 1.767080e-01 5.815800e-01
688 2.413880e-01 1.764320e-01 5.821800e-01
689 2.409400e-01 1.766200e-01 5.824400e-01
690 2.407360e-01 1.763720e-01 5.828920e-01
691 2.405480e-01 1.767640e-01 5.826880e-01
692 2.414360e-01 1.757280e-01 5.828360e-01
693 2.417320e-01 1.757920e-01 5.824760e-01
694 2.415520e-01 1.753640e-01 5.830840e-01
695 2.417760e-01 1.752560e-01 5.829680e-01
696 2.417920e-01 1.748800e-01 5.833280e-01
697 2.420280e-01 1.745600e-01 5.834120e-01
698 2.420280e-01 1.750040e-01 5.829680e-01
699 2.423440e-01 1.756400e-01 5.820160e-01
700 2.429440e-01 1.752360e-01 5.818200e-01
701 2.426720e-01 1.755160e-01 5.818120e-01
702 2.430880e-01 1.751400e-01 5.817720e-01
703 2.431480e-01 1.749520e-01 5.819000e-01
704 2.431080e-01 1.746880e-01 5.822040e-01
705 2.433280e-01 1.751240e-01 5.815480e-01
706 2.433560e-01 1.756440e-01 5.810000e-01
707 2.436640e-01 1.753200e-01 5.810160e-01
708 2.440280e-01 1.756520e-01 5.803200e-01
709 2.437520e-01 1.758680e-01 5.803800e-01
710 2.437280e-01 1.756640e-01 5.806080e-01
711 2.436640e-01 1.761000e-01 5.802360e-01
712 2.426520e-01 1.759240e-01 5.814240e-01
713 2.423240e-01 1.758280e-01 5.818480e-01
714 2.418000e-01 1.753480e-01 5.828520e-01
715 2.420880e-01 1.754480e-01 5.824640e-01
716 2.419600e-01 1.756160e-01 5.824240e-01
717 2.413800e-01 1.754200e-01 5.832000e-01
718 2.415840e-01 1.751080e-01 5.833080e-01
719 2.418040e-01 1.751080e-01 5.830880e-01
720 2.420880e-01 1.749400e-01 5.829720e-01
721 2.420400e-01 1.749800e-01 5.829800e-01
722 2.418280e-01 1.747480e-01 5.834240e-01
723 2.413320e-01 1.753600e-01 5.833080e-01
724 2.417160e-01 1.749000e-01 5.833840e-01
725 2.415960e-01 1.750280e-01 5.833760e-01
726 2.413760e-01 1.757440e-01 5.828800e-01
727 2.405120e-01 1.761600e-01 5.833280e-01
728 2.407240e-01 1.761400e-01 5.831360e-01
729 2.408440e-01 1.758560e-01 5.833000e-01
730 2.405400e-01 1.760800e-01 5.833800e-01
731 2.409080e-01 1.753240e-01 5.837680e-01
732 2.409720e-01 1.753520e-01 5.836760e-01
733 2.413880e-01 1.746360e-01 5.839760e-01
734 2.413400e-01 1.745280e-01 5.841320e-01
735 2.415800e-01 1.748120e-01 5.836080e-01
736 2.417600e-01 1.747080e-01 5.835320e-01
737 2.415600e-01 1.742880e-01 5.841520e-01
738 2.426320e-01 1.737240e-01 5.836440e-01
739 2.433240e-01 1.733400e-01 5.833360e-01
740 2.433440e-01 1.736160e-01 5.830400e-01
741 2.434080e-01 1.742240e-01 5.823680e-01
742 2.434360e-01 1.741240e-01 5.824400e-01
743 2.432600e-01 1.745080e-01 5.822320e-01
744 2.431320e-01 1.746520e-01 5.822160e-01
745 2.424280e-01 1.751320e-01 5.824400e-01
746 2.424200e-01 1.755280e-01 5.820520e-01
747 2.426240e-01 1.756400e-01 5.817360e-01
748 2.425400e-01 1.759600e-01 5.815000e-01
749 2.420520e-01 1.762160e-01 5.817320e-01
750 2.413360e-01 1.768040e-01 5.818600e-01
751 2.413200e-01 1.765400e-01 5.821400e-01
752 2.416160e-01 1.765760e-01 5.818080e-01
753 2.418560e-01 1.763960e-01 5.817480e-01
754 2.419480e-01 1.761040e-01 5.819480e-01
755 2.417680e-01 1.757920e-01 5.824400e-01
756 2.414840e-01 1.761760e-01 5.823400e-01
757 2.411760e-01 1.759560e-01 5.828680e-01
758 2.412400e-01 1.761520e-01 5.826080e-01
759 2.419120e-01 1.759600e-01 5.821280e-01
760 2.413440e-01 1.760560e-01 5.826000e-01
761 2.411480e-01 1.757760e-01 5.830760e-01
762 2.402960e-01 1.763760e-01 5.833280e-01
763 2.401520e-01 1.764400e-01 5.834080e-01
764 2.399400e-01 1.759640e-01 5.840960e-01
765 2.402240e-01 1.753520e-01 5.844240e-01
766 2.408120e-01 1.746280e-01 5.845600e-01
767 2.405960e-01 1.746760e-01 5.847280e-01
768 2.408640e-01 1.738560e-01 5.852800e-01
769 2.410760e-01 1.738040e-01 5.851200e-01
770 2.416320e-01 1.739080e-01 5.844600e-01
771 2.416800e-01 1.740880e-01 5.842320e-01
772 2.418760e-01 1.743720e-01 5.837520e-01
773 2.424120e-01 1.747880e-01 5.828000e-01
774 2.427600e-01 1.746080e-01 5.826320e-01
775 2.429320e-01 1.745880e-01 5.824800e-01
776 2.426960e-01 1.755400e-01 5.817640e-01
777 2.425120e-01 1.759320e-01 5.815560e-01
778 2.418040e-01 1.758120e-01 5.823840e-01
779 2.423560e-01 1.756560e-01 5.819880e-01
780 2.420360e-01 1.752960e-01 5.826680e-01
781 2.418960e-01 1.752800e-01 5.828240e-01
782 2.421080e-01 1.759000e-01 5.819920e-01
783 2.415720e-01 1.757800e-01 5.826480e-01
784 2.414440e-01 1.756840e-01 5.828720e-01
785 2.421600e-01 1.751560e-01 5.826840e-01
786 2.417800e-01 1.750120e-01 5.832080e-01
787 2.424320e-01 1.744240e-01 5.831440e-01
788 2.432760e-01 1.741440e-01 5.825800e-01
789 2.434920e-01 1.744560e-01 5.820520e-01
790 2.439480e-01 1.743000e-01 5.817520e-01
791 2.440800e-01 1.739080e-01 5.820120e-01
792 2.442720e-01 1.735800e-01 5.821480e-01
793 2.447960e-01 1.729640e-01 5.822400e-01
794 2.450160e-01 1.729400e-01 5.820440e-01
795 2.444600e-01 1.731800e-01 5.823600e-01
796 2.447960e-01 1.729160e-01 5.822880e-01
797 2.448320e-01 1.728320e-01 5.823360e-01
798 2.450960e-01 1.729240e-01 5.819800e-01
799 2.449560e-01 1.729560e-01 5.820880e-01
800 2.444160e-01 1.734640e-01 5.821200e-01
801 2.444160e-01 1.733960e-01 5.821880e-01
802 2.443560e-01 1.735040e-01 5.821400e-01
803 2.442160e-01 1.737240e-01 5.820600e-01
804 2.447520e-01 1.729960e-01 5.822520e-01
805 2.455040e-01 1.727600e-01 5.817360e-01
806 2.456760e-01 1.729720e-01 5.813520e-01
807 2.461240e-01 1.732960e-01 5.805800e-01
808 2.460880e-01 1.736520e-01 5.802600e-01
809 2.463080e-01 1.733240e-01 5.803680e-01
810 2.457920e-01 1.738120e-01 5.803960e-01
811 2.450960e-01 1.740720e-01 5.808320e-01
812 2.441720e-01 1.749400e-01 5.808880e-01
813 2.443120e-01 1.752360e-01 5.804520e-01
814 2.443040e-01 1.755400e-01 5.801560e-01
815 2.435440e-01 1.769120e-01 5.795440e-01
816 2.428080e-01 1.771440e-01 5.800480e-01
817 2.424400e-01 1.773320e-01 5.802280e-01
818 2.426800e-01 1.766920e-01 5.806280e-01
819 2.432240e-01 1.766760e-01 5.801000e-01
820 2.424680e-01 1.768520e-01 5.806800e-01
821 2.420960e-01 1.777520e-01 5.801520e-01
822 2.416320e-01 1.772960e-01 5.810720e-01
823 2.408680e-01 1.774080e-01 5.817240e-01
824 2.407120e-01 1.773400e-01 5.819480e-01
825 2.402560e-01 1.775480e-01 5.821960e-01
826 2.398080e-01 1.772640e-01 5.829280e-01
827 2.404160e-01 1.760600e-01 5.835240e-01
828 2.402560e-01 1.758520e-01 5.838920e-01
829 2.401040e-01 1.757000e-01 5.841960e-01
830 2.404720e-01 1.751080e-01 5.844200e-01
831 2.405840e-01 1.748440e-01 5.845720e-01
832 2.404840e-01 1.746080e-01 5.849080e-01
833 2.407120e-01 1.738880e-01 5.854000e-01
834 2.419200e-01 1.729520e-01 5.851280e-01
835 2.432680e-01 1.727920e-01 5.839400e-01
836 2.438080e-01 1.725400e-01 5.836520e-01
837 2.442920e-01 1.723400e-01 5.833680e-01
838 2.448320e-01 1.723480e-01 5.828200e-01
839 2.439120e-01 1.733400e-01 5.827480e-01
840 2.438640e-01 1.740320e-01 5.821040e-01
841 2.441840e-01 1.735680e-01 5.822480e-01
842 2.439840e-01 1.734400e-01 5.825760e-01
843 2.442400e-01 1.738680e-01 5.818920e-01
844 2.443640e-01 1.736400e-01 5.819960e-01
845 2.446960e-01 1.739560e-01 5.813480e-01
846 2.454800e-01 1.733880e-01 5.811320e-01
847 2.456960e-01 1.733960e-01 5.809080e-01
848 2.457000e-01 1.738480e-01 5.804520e-01
849 2.463640e-01 1.740600e-01 5.795760e-01
850 2.460480e-01 1.739440e-01 5.800080e-01
851 2.451040e-01 1.747240e-01 5.801720e-01
852 2.452680e-01 1.744920e-01 5.802400e-01
853 2.453840e-01 1.748040e-01 5.798120e-01
854 2.455080e-01 1.746480e-01 5.798440e-01
855 2.459560e-01 1.737280e-01 5.803160e-01
856 2.456560e-01 1.743920e-01 5.799520e-01
857 2.454800e-01 1.748200e-01 5.797000e-01
858 2.464400e-01 1.740400e-01 5.795200e-01
859 2.463760e-01 1.747680e-01 5.788560e-01
860 2.460200e-01 1.756040e-01 5.783760e-01
861 2.460080e-01 1.758560e-01 5.781360e-01
862 2.452560e-01 1.765040e-01 5.782400e-01
863 2.450080e-01 1.763000e-01 5.786920e-01
864 2.448560e-01 1.758720e-01 5.792720e-01
865 2.445600e-01 1.760080e-01 5.794320e-01
866 2.444840e-01 1.761560e-01 5.793600e-01
867 2.441760e-01 1.762560e-01 5.795680e-01
868 2.440240e-01 1.761040e-01 5.798720e-01
869 2.439000e-01 1.765720e-01 5.795280e-01
870 2.431840e-01 1.763160e-01 5.805000e-01
871 2.428600e-01 1.764880e-01 5.806520e-01
872 2.431080e-01 1.760280e-01 5.808640e-01
873 2.425120e-01 1.764080e-01 5.810800e-01
874 2.417600e-01 1.769080e-01 5.813320e-01
875 2.410400e-01 1.770040e-01 5.819560e-01
876 2.405440e-01 1.771840e-01 5.822720e-01
877 2.405600e-01 1.769840e-01 5.824560e-01
878 2.406200e-01 1.765200e-01 5.828600e-01
879 2.408760e-01 1.763880e-01 5.827360e-01
880 2.406440e-01 1.762600e-01 5.830960e-01
881 2.403720e-01 1.764840e-01 5.831440e-01
882 2.398200e-01 1.765160e-01 5.836640e-01
883 2.395720e-01 1.764840e-01 5.839440e-01
884 2.396880e-01 1.761560e-01 5.841560e-01
885 2.396400e-01 1.764960e-01 5.838640e-01
886 2.395160e-01 1.758360e-01 5.846480e-01
887 2.402320e-01 1.753560e-01 5.844120e-01
888 2.402520e-01 1.749320e-01 5.848160e-01
889 2.404040e-01 1.748040e-01 5.847920e-01
890 2.411200e-01 1.750000e-01 5.838800e-01
891 2.409520e-01 1.751960e-01 5.838520e-01
892 2.415680e-01 1.746960e-01 5.837360e-01
893 2.421360e-01 1.742400e-01 5.836240e-01
894 2.425080e-01 1.744400e-01 5.830520e-01
895 2.429160e-01 1.738840e-01 5.832000e-01
896 2.433720e-01 1.737680e-01 5.828600e-01
897 2.432640e-01 1.744840e-01 5.822520e-01
898 2.433440e-01 1.747160e-01 5.819400e-01
899 2.428800e-01 1.748040e-01 5.823160e-01
900 2.434720e-01 1.750680e-01 5.814600e-01
901 2.434200e-01 1.751440e-01 5.814360e-01
902 2.433960e-01 1.745800e-01 5.820240e-01
903 2.438440e-01 1.742320e-01 5.819240e-01
904 2.432720e-01 1.747160e-01 5.820120e-01
905 2.437000e-01 1.747400e-01 5.815600e-01
906 2.440920e-01 1.749400e-01 5.809680e-01
907 2.439560e-01 1.752760e-01 5.807680e-01
908 2.443640e-01 1.747760e-01 5.808600e-01
909 2.445440e-01 1.743560e-01 5.811000e-01
910 2.438400e-01 1.746320e-01 5.815280e-01
911 2.443960e-01 1.745360e-01 5.810680e-01
912 2.436680e-01 1.751320e-01 5.812000e-01
913 2.439000e-01 1.753520e-01 5.807480e-01
914 2.434400e-01 1.751960e-01 5.813640e-01
915 2.433640e-01 1.751520e-01 5.814840e-01
916 2.435360e-01 1.752040e-01 5.812600e-01
917 2.435640e-01 1.751880e-01 5.812480e-01
918 2.432000e-01 1.755720e-01 5.812280e-01
919 2.431960e-01 1.753800e-01 5.814240e-01
920 2.426520e-01 1.756680e-01 5.816800e-01
921 2.425800e-01 1.748680e-01 5.825520e-01
922 2.422120e-01 1.748720e-01 5.829160e-01
923 2.424440e-01 1.748680e-01 5.826880e-01
924 2.423440e-01 1.750480e-01 5.826080e-01
925 2.426880e-01 1.751800e-01 5.821320e-01
926 2.429000e-01 1.753640e-01 5.817360e-01
927 2.425600e-01 1.762320e-01 5.812080e-01
928 2.422880e-01 1.756440e-01 5.820680e-01
929 2.423960e-01 1.759720e-01 5.816320e-01
930 2.423840e-01 1.761880e-01 5.814280e-01
931 2.418960e-01 1.765240e-01 5.815800e-01
932 2.419040e-01 1.769440e-01 5.811520e-01
