1 9.992640e-01 6.600000e-04 7.600000e-05
2 9.984960e-01 1.292000e-03 2.120000e-04
3 9.972480e-01 2.264000e-03 4.880000e-04
4 9.953120e-01 3.732000e-03 9.560000e-04
5 9.925840e-01 5.844000e-03 1.572000e-03
6 9.890160e-01 8.368000e-03 2.616000e-03
7 9.844600e-01 1.149600e-02 4.044000e-03
8 9.782040e-01 1.554000e-02 6.256000e-03
9 9.709680e-01 2.015200e-02 8.880000e-03
10 9.624320e-01 2.518000e-02 1.238800e-02
11 9.532080e-01 3.064000e-02 1.615200e-02
12 9.425200e-01 3.669600e-02 2.078400e-02
13 9.304960e-01 4.342800e-02 2.607600e-02
14 9.173400e-01 5.055600e-02 3.210400e-02
15 9.031000e-01 5.769600e-02 3.920400e-02
16 8.877280e-01 6.538000e-02 4.689200e-02
17 8.713080e-01 7.364000e-02 5.505200e-02
18 8.539560e-01 8.195600e-02 6.408800e-02
19 8.354520e-01 9.019200e-02 7.435600e-02
20 8.169920e-01 9.834000e-02 8.466800e-02
21 7.970640e-01 1.069200e-01 9.601600e-02
22 7.773120e-01 1.150960e-01 1.075920e-01
23 7.572520e-01 1.228760e-01 1.198720e-01
24 7.382680e-01 1.293480e-01 1.323840e-01
25 7.187320e-01 1.363160e-01 1.449520e-01
26 6.986120e-01 1.439640e-01 1.574240e-01
27 6.792360e-01 1.496680e-01 1.710960e-01
28 6.609320e-01 1.546720e-01 1.843960e-01
29 6.422640e-01 1.597720e-01 1.979640e-01
30 6.245880e-01 1.635360e-01 2.118760e-01
31 6.065920e-01 1.677040e-01 2.257040e-01
32 5.897920e-01 1.717160e-01 2.384920e-01
33 5.734760e-01 1.756280e-01 2.508960e-01
34 5.571000e-01 1.788120e-01 2.640880e-01
35 5.412040e-01 1.821960e-01 2.766000e-01
36 5.258800e-01 1.852640e-01 2.888560e-01
37 5.106400e-01 1.877760e-01 3.015840e-01
38 4.951760e-01 1.910360e-01 3.137880e-01
39 4.804840e-01 1.944080e-01 3.251080e-01
40 4.660760e-01 1.966280e-01 3.372960e-01
41 4.525760e-01 1.987120e-01 3.487120e-01
42 4.393040e-01 2.003080e-01 3.603880e-01
43 4.263040e-01 2.030040e-01 3.706920e-01
44 4.146040e-01 2.046880e-01 3.807080e-01
45 4.031320e-01 2.056960e-01 3.911720e-01
46 3.911960e-01 2.076160e-01 4.011880e-01
47 3.806120e-01 2.084160e-01 4.109720e-01
48 3.707560e-01 2.087760e-01 4.204680e-01
49 3.613800e-01 2.087120e-01 4.299080e-01
50 3.525080e-01 2.093480e-01 4.381440e-01
51 3.443800e-01 2.089360e-01 4.466840e-01
52 3.362600e-01 2.088800e-01 4.548600e-01
53 3.290720e-01 2.083960e-01 4.625320e-01
54 3.221960e-01 2.074000e-01 4.704040e-01
55 3.163840e-01 2.064840e-01 4.771320e-01
56 3.104240e-01 2.057000e-01 4.838760e-01
57 3.046640e-01 2.045640e-01 4.907720e-01
58 2.990320e-01 2.031560e-01 4.978120e-01
59 2.942680e-01 2.024960e-01 5.032360e-01
60 2.899960e-01 2.013440e-01 5.086600e-01
61 2.867080e-01 2.004800e-01 5.128120e-01
62 2.826160e-01 1.995480e-01 5.178360e-01
63 2.790640e-01 1.984160e-01 5.225200e-01
64 2.756640e-01 1.973360e-01 5.270000e-01
65 2.726600e-01 1.964680e-01 5.308720e-01
66 2.701040e-01 1.959000e-01 5.339960e-01
67 2.672200e-01 1.945280e-01 5.382520e-01
68 2.650760e-01 1.932520e-01 5.416720e-01
69 2.622440e-01 1.932440e-01 5.445120e-01
70 2.599680e-01 1.928480e-01 5.471840e-01
71 2.576640e-01 1.921080e-01 5.502280e-01
72 2.558920e-01 1.912160e-01 5.528920e-01
73 2.541720e-01 1.903320e-01 5.554960e-01
74 2.527160e-01 1.896600e-01 5.576240e-01
75 2.520920e-01 1.884160e-01 5.594920e-01
76 2.513320e-01 1.872480e-01 5.614200e-01
77 2.505240e-01 1.869120e-01 5.625640e-01
78 2.493840e-01 1.860520e-01 5.645640e-01
79 2.480400e-01 1.855560e-01 5.664040e-01
80 2.476080e-01 1.850920e-01 5.673000e-01
81 2.466800e-01 1.847920e-01 5.685280e-01
82 2.456560e-01 1.838240e-01 5.705200e-01
83 2.451800e-01 1.828720e-01 5.719480e-01
84 2.444760e-01 1.817040e-01 5.738200e-01
85 2.440760e-01 1.808840e-01 5.750400e-01
86 2.446160e-01 1.800800e-01 5.753040e-01
87 2.446120e-01 1.798400e-01 5.755480e-01
88 2.440520e-01 1.797360e-01 5.762120e-01
89 2.440640e-01 1.796360e-01 5.763000e-01
90 2.433640e-01 1.790600e-01 5.775760e-01
91 2.434600e-01 1.786280e-01 5.779120e-01
92 2.429920e-01 1.779760e-01 5.790320e-01
93 2.431280e-01 1.775840e-01 5.792880e-01
94 2.431400e-01 1.771600e-01 5.797000e-01
95 2.432840e-01 1.767760e-01 5.799400e-01
96 2.431080e-01 1.764640e-01 5.804280e-01
97 2.426320e-01 1.764040e-01 5.809640e-01
98 2.422160e-01 1.762680e-01 5.815160e-01
99 2.425240e-01 1.760480e-01 5.814280e-01
100 2.425000e-01 1.762520e-01 5.812480e-01
101 2.431040e-01 1.761680e-01 5.807280e-01
102 2.421960e-01 1.771280e-01 5.806760e-01
103 2.418920e-01 1.769040e-01 5.812040e-01
104 2.417280e-01 1.773320e-01 5.809400e-01
105 2.416200e-01 1.771360e-01 5.812440e-01
106 2.420840e-01 1.763600e-01 5.815560e-01
107 2.426400e-01 1.758200e-01 5.815400e-01
108 2.428160e-01 1.752840e-01 5.819000e-01
109 2.423560e-01 1.755920e-01 5.820520e-01
110 2.420960e-01 1.754280e-01 5.824760e-01
111 2.422280e-01 1.753120e-01 5.824600e-01
112 2.423880e-01 1.753680e-01 5.822440e-01
113 2.426840e-01 1.753200e-01 5.819960e-01
114 2.417120e-01 1.763240e-01 5.819640e-01
115 2.419440e-01 1.762320e-01 5.818240e-01
116 2.423320e-01 1.760680e-01 5.816000e-01
117 2.422120e-01 1.764320e-01 5.813560e-01
118 2.425200e-01 1.764440e-01 5.810360e-01
119 2.422120e-01 1.762520e-01 5.815360e-01
120 2.421760e-01 1.768160e-01 5.810080e-01
121 2.426960e-01 1.761520e-01 5.811520e-01
122 2.427600e-01 1.757720e-01 5.814680e-01
123 2.433560e-01 1.754360e-01 5.812080e-01
124 2.434960e-01 1.759880e-01 5.805160e-01
125 2.430680e-01 1.757720e-01 5.811600e-01
126 2.426400e-01 1.756000e-01 5.817600e-01
127 2.428000e-01 1.752840e-01 5.819160e-01
128 2.422120e-01 1.754880e-01 5.823000e-01
129 2.426680e-01 1.749200e-01 5.824120e-01
130 2.423840e-01 1.745120e-01 5.831040e-01
131 2.425560e-01 1.743040e-01 5.831400e-01
132 2.429680e-01 1.743040e-01 5.827280e-01
133 2.431920e-01 1.740880e-01 5.827200e-01
134 2.425160e-01 1.741040e-01 5.833800e-01
135 2.429160e-01 1.737440e-01 5.833400e-01
136 2.432680e-01 1.736920e-01 5.830400e-01
137 2.435400e-01 1.734880e-01 5.829720e-01
138 2.436120e-01 1.737320e-01 5.826560e-01
139 2.435560e-01 1.740120e-01 5.824320e-01
140 2.435240e-01 1.741480e-01 5.823280e-01
141 2.429280e-01 1.749960e-01 5.820760e-01
142 2.428000e-01 1.743960e-01 5.828040e-01
143 2.426880e-01 1.746640e-01 5.826480e-01
144 2.430520e-01 1.744680e-01 5.824800e-01
145 2.431640e-01 1.748920e-01 5.819440e-01
146 2.430960e-01 1.747880e-01 5.821160e-01
147 2.429400e-01 1.748520e-01 5.822080e-01
148 2.428560e-01 1.747360e-01 5.824080e-01
149 2.423760e-01 1.756480e-01 5.819760e-01
150 2.425360e-01 1.762840e-01 5.811800e-01
151 2.419600e-01 1.766200e-01 5.814200e-01
152 2.412960e-01 1.771640e-01 5.815400e-01
153 2.412200e-01 1.771240e-01 5.816560e-01
154 2.414640e-01 1.769400e-01 5.815960e-01
155 2.421160e-01 1.764040e-01 5.814800e-01
156 2.416840e-01 1.769360e-01 5.813800e-01
157 2.413960e-01 1.771560e-01 5.814480e-01
158 2.413520e-01 1.773560e-01 5.812920e-01
159 2.411320e-01 1.775200e-01 5.813480e-01
160 2.409440e-01 1.772720e-01 5.817840e-01
161 2.402600e-01 1.773120e-01 5.824280e-01
162 2.396720e-01 1.768000e-01 5.835280e-01
163 2.398720e-01 1.760880e-01 5.840400e-01
164 2.400640e-01 1.760560e-01 5.838800e-01
165 2.403920e-01 1.761640e-01 5.834440e-01
166 2.400480e-01 1.755640e-01 5.843880e-01
167 2.394640e-01 1.753720e-01 5.851640e-01
168 2.399280e-01 1.750840e-01 5.849880e-01
169 2.399080e-01 1.746920e-01 5.854000e-01
170 2.399800e-01 1.749560e-01 5.850640e-01
171 2.402640e-01 1.753000e-01 5.844360e-01
172 2.410800e-01 1.751000e-01 5.838200e-01
173 2.414680e-01 1.744720e-01 5.840600e-01
174 2.413960e-01 1.747800e-01 5.838240e-01
175 2.412800e-01 1.751920e-01 5.835280e-01
176 2.410720e-01 1.749280e-01 5.840000e-01
177 2.418400e-01 1.747960e-01 5.833640e-01
178 2.421840e-01 1.741600e-01 5.836560e-01
179 2.426440e-01 1.740640e-01 5.832920e-01
180 2.428280e-01 1.742720e-01 5.829000e-01
181 2.431280e-01 1.747040e-01 5.821680e-01
182 2.433680e-01 1.744880e-01 5.821440e-01
183 2.440480e-01 1.739280e-01 5.820240e-01
184 2.432520e-01 1.746600e-01 5.820880e-01
185 2.428480e-01 1.747960e-01 5.823560e-01
186 2.426600e-01 1.750760e-01 5.822640e-01
187 2.424920e-01 1.747040e-01 5.828040e-01
188 2.426480e-01 1.752000e-01 5.821520e-01
189 2.431680e-01 1.746360e-01 5.821960e-01
190 2.434560e-01 1.745400e-01 5.820040e-01
191 2.441160e-01 1.738560e-01 5.820280e-01
192 2.444840e-01 1.735760e-01 5.819400e-01
193 2.442880e-01 1.736760e-01 5.820360e-01
194 2.436160e-01 1.742480e-01 5.821360e-01
195 2.436880e-01 1.743760e-01 5.819360e-01
196 2.440440e-01 1.745000e-01 5.814560e-01
197 2.444080e-01 1.744600e-01 5.811320e-01
198 2.444600e-01 1.747000e-01 5.808400e-01
199 2.440800e-01 1.755400e-01 5.803800e-01
200 2.436680e-01 1.757400e-01 5.805920e-01
201 2.427680e-01 1.762440e-01 5.809880e-01
202 2.424680e-01 1.759280e-01 5.816040e-01
203 2.426160e-01 1.763080e-01 5.810760e-01
204 2.425400e-01 1.760600e-01 5.814000e-01
205 2.427120e-01 1.752120e-01 5.820760e-01
206 2.426160e-01 1.751640e-01 5.822200e-01
207 2.422480e-01 1.749320e-01 5.828200e-01
208 2.419240e-01 1.750160e-01 5.830600e-01
209 2.416360e-01 1.752040e-01 5.831600e-01
210 2.418560e-01 1.747960e-01 5.833480e-01
211 2.419640e-01 1.748920e-01 5.831440e-01
212 2.419560e-01 1.749760e-01 5.830680e-01
213 2.426200e-01 1.745880e-01 5.827920e-01
214 2.427440e-01 1.745280e-01 5.827280e-01
215 2.421520e-01 1.743840e-01 5.834640e-01
216 2.413400e-01 1.747760e-01 5.838840e-01
217 2.413680e-01 1.749280e-01 5.837040e-01
218 2.418000e-01 1.746560e-01 5.835440e-01
219 2.426680e-01 1.741000e-01 5.832320e-01
220 2.426520e-01 1.735760e-01 5.837720e-01
221 2.425880e-01 1.743480e-01 5.830640e-01
222 2.427320e-01 1.748320e-01 5.824360e-01
223 2.425880e-01 1.748360e-01 5.825760e-01
224 2.430720e-01 1.742200e-01 5.827080e-01
225 2.433200e-01 1.741640e-01 5.825160e-01
226 2.440680e-01 1.740680e-01 5.818640e-01
227 2.440520e-01 1.747480e-01 5.812000e-01
228 2.432080e-01 1.750080e-01 5.817840e-01
229 2.433160e-01 1.751920e-01 5.814920e-01
230 2.440480e-01 1.753560e-01 5.805960e-01
231 2.439120e-01 1.753880e-01 5.807000e-01
232 2.446840e-01 1.749240e-01 5.803920e-01
233 2.442400e-01 1.747400e-01 5.810200e-01
234 2.441640e-01 1.750440e-01 5.807920e-01
235 2.434880e-01 1.755400e-01 5.809720e-01
236 2.436040e-01 1.756680e-01 5.807280e-01
237 2.435280e-01 1.762120e-01 5.802600e-01
238 2.436640e-01 1.761520e-01 5.801840e-01
239 2.432160e-01 1.759520e-01 5.808320e-01
240 2.434120e-01 1.762200e-01 5.803680e-01
241 2.427480e-01 1.770960e-01 5.801560e-01
242 2.426080e-01 1.773560e-01 5.800360e-01
243 2.424600e-01 1.772080e-01 5.803320e-01
244 2.420720e-01 1.769880e-01 5.809400e-01
245 2.416240e-01 1.771920e-01 5.811840e-01
246 2.420600e-01 1.773040e-01 5.806360e-01
247 2.421360e-01 1.769400e-01 5.809240e-01
248 2.420960e-01 1.770840e-01 5.808200e-01
249 2.422560e-01 1.768840e-01 5.808600e-01
250 2.417320e-01 1.770960e-01 5.811720e-01
251 2.417960e-01 1.765040e-01 5.817000e-01
252 2.415400e-01 1.763160e-01 5.821440e-01
253 2.408000e-01 1.764000e-01 5.828000e-01
254 2.408640e-01 1.756720e-01 5.834640e-01
255 2.404960e-01 1.760440e-01 5.834600e-01
256 2.401960e-01 1.765280e-01 5.832760e-01
257 2.408600e-01 1.757280e-01 5.834120e-01
258 2.415400e-01 1.755640e-01 5.828960e-01
259 2.414720e-01 1.749920e-01 5.835360e-01
260 2.414680e-01 1.749240e-01 5.836080e-01
261 2.417680e-01 1.746080e-01 5.836240e-01
262 2.416120e-01 1.746560e-01 5.837320e-01
263 2.421240e-01 1.744080e-01 5.834680e-01
264 2.421280e-01 1.751800e-01 5.826920e-01
265 2.422680e-01 1.750360e-01 5.826960e-01
266 2.427080e-01 1.746240e-01 5.826680e-01
267 2.423760e-01 1.755040e-01 5.821200e-01
268 2.422840e-01 1.756000e-01 5.821160e-01
269 2.420080e-01 1.754240e-01 5.825680e-01
270 2.419640e-01 1.755080e-01 5.825280e-01
271 2.418120e-01 1.754680e-01 5.827200e-01
272 2.426040e-01 1.743760e-01 5.830200e-01
273 2.429080e-01 1.745080e-01 5.825840e-01
274 2.434720e-01 1.745480e-01 5.819800e-01
275 2.437400e-01 1.742320e-01 5.820280e-01
276 2.439200e-01 1.743240e-01 5.817560e-01
277 2.435160e-01 1.746400e-01 5.818440e-01
278 2.439080e-01 1.744160e-01 5.816760e-01
279 2.448960e-01 1.739640e-01 5.811400e-01
280 2.452000e-01 1.735600e-01 5.812400e-01
281 2.449360e-01 1.737920e-01 5.812720e-01
282 2.451000e-01 1.740320e-01 5.808680e-01
283 2.445120e-01 1.746000e-01 5.808880e-01
284 2.441680e-01 1.744640e-01 5.813680e-01
285 2.447920e-01 1.738960e-01 5.813120e-01
286 2.451320e-01 1.742840e-01 5.805840e-01
287 2.450960e-01 1.745960e-01 5.803080e-01
288 2.451120e-01 1.744440e-01 5.804440e-01
289 2.451440e-01 1.744720e-01 5.803840e-01
290 2.445040e-01 1.743520e-01 5.811440e-01
291 2.446600e-01 1.748800e-01 5.804600e-01
292 2.437040e-01 1.754320e-01 5.808640e-01
293 2.434640e-01 1.753480e-01 5.811880e-01
294 2.435640e-01 1.750920e-01 5.813440e-01
295 2.430560e-01 1.749400e-01 5.820040e-01
296 2.438600e-01 1.738520e-01 5.822880e-01
297 2.431960e-01 1.748520e-01 5.819520e-01
298 2.429200e-01 1.758800e-01 5.812000e-01
299 2.421400e-01 1.763320e-01 5.815280e-01
300 2.420440e-01 1.761400e-01 5.818160e-01
301 2.415680e-01 1.764440e-01 5.819880e-01
302 2.410640e-01 1.766160e-01 5.823200e-01
303 2.406520e-01 1.766120e-01 5.827360e-01
304 2.404120e-01 1.765840e-01 5.830040e-01
305 2.402600e-01 1.761920e-01 5.835480e-01
306 2.403760e-01 1.765240e-01 5.831000e-01
307 2.395760e-01 1.771560e-01 5.832680e-01
308 2.400000e-01 1.765640e-01 5.834360e-01
309 2.400600e-01 1.768000e-01 5.831400e-01
310 2.399800e-01 1.765600e-01 5.834600e-01
311 2.402120e-01 1.766920e-01 5.830960e-01
312 2.403800e-01 1.765080e-01 5.831120e-01
313 2.402640e-01 1.762680e-01 5.834680e-01
314 2.396560e-01 1.763760e-01 5.839680e-01
315 2.396400e-01 1.771840e-01 5.831760e-01
316 2.393720e-01 1.770080e-01 5.836200e-01
317 2.396320e-01 1.764120e-01 5.839560e-01
318 2.400680e-01 1.763160e-01 5.836160e-01
319 2.404880e-01 1.758520e-01 5.836600e-01
320 2.404680e-01 1.754800e-01 5.840520e-01
321 2.410560e-01 1.751880e-01 5.837560e-01
322 2.412640e-01 1.755040e-01 5.832320e-01
323 2.410800e-01 1.758440e-01 5.830760e-01
324 2.413040e-01 1.755240e-01 5.831720e-01
325 2.413280e-01 1.749680e-01 5.837040e-01
326 2.418800e-01 1.741560e-01 5.839640e-01
327 2.425520e-01 1.733720e-01 5.840760e-01
328 2.433040e-01 1.731080e-01 5.835880e-01
329 2.433280e-01 1.737720e-01 5.829000e-01
330 2.431120e-01 1.741800e-01 5.827080e-01
331 2.436520e-01 1.738240e-01 5.825240e-01
332 2.435880e-01 1.739760e-01 5.824360e-01
333 2.430200e-01 1.742600e-01 5.827200e-01
334 2.427040e-01 1.745520e-01 5.827440e-01
335 2.428520e-01 1.747080e-01 5.824400e-01
336 2.427760e-01 1.747040e-01 5.825200e-01
337 2.433920e-01 1.743360e-01 5.822720e-01
338 2.439760e-01 1.740560e-01 5.819680e-01
339 2.440240e-01 1.744880e-01 5.814880e-01
340 2.434080e-01 1.745640e-01 5.820280e-01
341 2.438520e-01 1.748960e-01 5.812520e-01
342 2.436600e-01 1.751160e-01 5.812240e-01
343 2.443320e-01 1.745520e-01 5.811160e-01
344 2.449600e-01 1.749560e-01 5.800840e-01
345 2.440120e-01 1.760200e-01 5.799680e-01
346 2.437320e-01 1.762360e-01 5.800320e-01
347 2.435840e-01 1.759600e-01 5.804560e-01
348 2.427520e-01 1.760240e-01 5.812240e-01
349 2.421840e-01 1.757920e-01 5.820240e-01
350 2.420800e-01 1.759640e-01 5.819560e-01
351 2.421840e-01 1.754240e-01 5.823920e-01
352 2.424440e-01 1.752960e-01 5.822600e-01
353 2.424560e-01 1.755360e-01 5.820080e-01
354 2.425440e-01 1.757400e-01 5.817160e-01
355 2.428000e-01 1.752720e-01 5.819280e-01
356 2.434400e-01 1.748160e-01 5.817440e-01
357 2.432480e-01 1.749800e-01 5.817720e-01
358 2.439400e-01 1.746360e-01 5.814240e-01
359 2.441320e-01 1.746160e-01 5.812520e-01
360 2.440480e-01 1.744280e-01 5.815240e-01
361 2.439400e-01 1.752120e-01 5.808480e-01
362 2.439800e-01 1.752000e-01 5.808200e-01
363 2.434640e-01 1.755560e-01 5.809800e-01
364 2.433160e-01 1.761440e-01 5.805400e-01
365 2.426760e-01 1.763880e-01 5.809360e-01
366 2.425040e-01 1.764160e-01 5.810800e-01
367 2.421560e-01 1.761920e-01 5.816520e-01
368 2.418840e-01 1.762440e-01 5.818720e-01
369 2.417320e-01 1.761760e-01 5.820920e-01
370 2.412920e-01 1.768080e-01 5.819000e-01
371 2.407200e-01 1.772240e-01 5.820560e-01
372 2.414760e-01 1.769800e-01 5.815440e-01
373 2.411600e-01 1.767480e-01 5.820920e-01
374 2.413160e-01 1.765040e-01 5.821800e-01
375 2.416680e-01 1.766520e-01 5.816800e-01
376 2.421400e-01 1.761240e-01 5.817360e-01
377 2.423360e-01 1.757160e-01 5.819480e-01
378 2.425240e-01 1.758600e-01 5.816160e-01
379 2.428760e-01 1.753600e-01 5.817640e-01
380 2.423200e-01 1.761360e-01 5.815440e-01
381 2.418120e-01 1.764800e-01 5.817080e-01
382 2.415040e-01 1.768440e-01 5.816520e-01
383 2.416200e-01 1.762240e-01 5.821560e-01
384 2.414960e-01 1.759520e-01 5.825520e-01
385 2.413440e-01 1.758760e-01 5.827800e-01
386 2.410640e-01 1.761360e-01 5.828000e-01
387 2.415720e-01 1.756760e-01 5.827520e-01
388 2.416760e-01 1.755600e-01 5.827640e-01
389 2.418040e-01 1.759600e-01 5.822360e-01
390 2.424240e-01 1.753760e-01 5.822000e-01
391 2.419520e-01 1.752320e-01 5.828160e-01
392 2.420400e-01 1.752440e-01 5.827160e-01
393 2.420040e-01 1.758400e-01 5.821560e-01
394 2.420880e-01 1.754480e-01 5.824640e-01
395 2.429520e-01 1.751480e-01 5.819000e-01
396 2.433480e-01 1.749440e-01 5.817080e-01
397 2.432960e-01 1.745760e-01 5.821280e-01
398 2.436480e-01 1.745520e-01 5.818000e-01
399 2.441280e-01 1.746000e-01 5.812720e-01
400 2.439120e-01 1.747560e-01 5.813320e-01
401 2.432920e-01 1.755160e-01 5.811920e-01
402 2.431320e-01 1.752840e-01 5.815840e-01
403 2.431760e-01 1.748760e-01 5.819480e-01
404 2.437800e-01 1.748320e-01 5.813880e-01
405 2.432960e-01 1.750480e-01 5.816560e-01
406 2.431880e-01 1.749800e-01 5.818320e-01
407 2.431840e-01 1.748160e-01 5.820000e-01
408 2.435080e-01 1.749080e-01 5.815840e-01
409 2.435120e-01 1.750400e-01 5.814480e-01
410 2.430440e-01 1.751840e-01 5.817720e-01
411 2.435000e-01 1.745200e-01 5.819800e-01
412 2.432200e-01 1.745560e-01 5.822240e-01
413 2.435480e-01 1.744240e-01 5.820280e-01
414 2.434240e-01 1.743960e-01 5.821800e-01
415 2.435880e-01 1.738960e-01 5.825160e-01
416 2.435880e-01 1.740320e-01 5.823800e-01
417 2.437080e-01 1.738520e-01 5.824400e-01
418 2.428880e-01 1.741000e-01 5.830120e-01
419 2.432280e-01 1.739280e-01 5.828440e-01
420 2.443280e-01 1.736680e-01 5.820040e-01
421 2.442280e-01 1.740760e-01 5.816960e-01
422 2.440720e-01 1.741240e-01 5.818040e-01
423 2.442560e-01 1.734800e-01 5.822640e-01
424 2.440320e-01 1.740280e-01 5.819400e-01
425 2.439280e-01 1.743560e-01 5.817160e-01
426 2.437200e-01 1.746920e-01 5.815880e-01
427 2.432560e-01 1.750560e-01 5.816880e-01
428 2.434440e-01 1.746960e-01 5.818600e-01
429 2.441320e-01 1.740120e-01 5.818560e-01
430 2.441800e-01 1.738520e-01 5.819680e-01
431 2.441240e-01 1.743800e-01 5.814960e-01
432 2.445320e-01 1.740560e-01 5.814120e-01
433 2.445760e-01 1.741720e-01 5.812520e-01
434 2.438240e-01 1.746720e-01 5.815040e-01
435 2.436320e-01 1.749200e-01 5.814480e-01
436 2.435640e-01 1.750920e-01 5.813440e-01
437 2.431440e-01 1.758080e-01 5.810480e-01
438 2.431960e-01 1.754400e-01 5.813640e-01
439 2.431880e-01 1.757160e-01 5.810960e-01
440 2.429160e-01 1.755640e-01 5.815200e-01
441 2.422480e-01 1.755440e-01 5.822080e-01
442 2.420160e-01 1.759920e-01 5.819920e-01
443 2.418680e-01 1.759160e-01 5.822160e-01
444 2.417920e-01 1.764960e-01 5.817120e-01
445 2.420520e-01 1.761600e-01 5.817880e-01
446 2.430320e-01 1.754840e-01 5.814840e-01
447 2.427560e-01 1.757080e-01 5.815360e-01
448 2.425680e-01 1.760640e-01 5.813680e-01
449 2.424200e-01 1.758720e-01 5.817080e-01
450 2.422240e-01 1.758880e-01 5.818880e-01
451 2.420520e-01 1.753640e-01 5.825840e-01
452 2.423640e-01 1.751920e-01 5.824440e-01
453 2.416160e-01 1.753560e-01 5.830280e-01
454 2.416240e-01 1.752200e-01 5.831560e-01
455 2.413240e-01 1.753400e-01 5.833360e-01
456 2.422680e-01 1.749200e-01 5.828120e-01
457 2.418560e-01 1.749880e-01 5.831560e-01
458 2.412160e-01 1.750760e-01 5.837080e-01
459 2.423000e-01 1.745280e-01 5.831720e-01
460 2.424120e-01 1.750280e-01 5.825600e-01
461 2.423840e-01 1.745680e-01 5.830480e-01
462 2.431080e-01 1.740000e-01 5.828920e-01
463 2.427080e-01 1.742720e-01 5.830200e-01
464 2.429200e-01 1.739280e-01 5.831520e-01
465 2.430840e-01 1.739040e-01 5.830120e-01
466 2.425840e-01 1.745960e-01 5.828200e-01
467 2.426480e-01 1.744720e-01 5.828800e-01
468 2.427080e-01 1.737840e-01 5.835080e-01
469 2.435200e-01 1.734280e-01 5.830520e-01
470 2.433960e-01 1.736640e-01 5.829400e-01
471 2.432440e-01 1.745120e-01 5.822440e-01
472 2.439760e-01 1.740280e-01 5.819960e-01
473 2.444720e-01 1.740640e-01 5.814640e-01
474 2.448960e-01 1.738560e-01 5.812480e-01
475 2.449640e-01 1.742600e-01 5.807760e-01
476 2.442120e-01 1.747400e-01 5.810480e-01
477 2.435080e-01 1.749000e-01 5.815920e-01
478 2.435880e-01 1.746200e-01 5.817920e-01
479 2.436120e-01 1.747120e-01 5.816760e-01
480 2.429440e-01 1.755360e-01 5.815200e-01
481 2.430920e-01 1.755080e-01 5.814000e-01
482 2.425520e-01 1.756720e-01 5.817760e-01
483 2.422000e-01 1.756320e-01 5.821680e-01
484 2.413320e-01 1.762640e-01 5.824040e-01
485 2.409720e-01 1.764320e-01 5.825960e-01
486 2.411400e-01 1.767160e-01 5.821440e-01
487 2.406920e-01 1.764920e-01 5.828160e-01
488 2.405040e-01 1.761280e-01 5.833680e-01
489 2.405000e-01 1.758600e-01 5.836400e-01
490 2.408320e-01 1.752800e-01 5.838880e-01
491 2.410440e-01 1.749760e-01 5.839800e-01
492 2.408920e-01 1.750040e-01 5.841040e-01
493 2.408000e-01 1.746680e-01 5.845320e-01
494 2.411720e-01 1.743360e-01 5.844920e-01
495 2.417000e-01 1.736720e-01 5.846280e-01
496 2.425920e-01 1.740360e-01 5.833720e-01
497 2.426920e-01 1.744800e-01 5.828280e-01
498 2.428560e-01 1.743800e-01 5.827640e-01
499 2.425640e-01 1.747400e-01 5.826960e-01
500 2.427800e-01 1.745640e-01 5.826560e-01
501 2.426600e-01 1.750000e-01 5.823400e-01
502 2.428840e-01 1.749040e-01 5.822120e-01
503 2.421880e-01 1.749840e-01 5.828280e-01
504 2.416800e-01 1.751720e-01 5.831480e-01
505 2.420880e-01 1.752600e-01 5.826520e-01
506 2.420280e-01 1.754080e-01 5.825640e-01
507 2.420720e-01 1.752080e-01 5.827200e-01
508 2.417840e-01 1.748800e-01 5.833360e-01
509 2.416480e-01 1.751400e-01 5.832120e-01
510 2.418040e-01 1.746400e-01 5.835560e-01
511 2.416280e-01 1.745680e-01 5.838040e-01
512 2.424680e-01 1.740080e-01 5.835240e-01
513 2.424880e-01 1.739720e-01 5.835400e-01
514 2.427400e-01 1.746720e-01 5.825880e-01
515 2.421120e-01 1.749760e-01 5.829120e-01
516 2.419720e-01 1.753440e-01 5.826840e-01
517 2.422600e-01 1.751360e-01 5.826040e-01
518 2.427120e-01 1.747720e-01 5.825160e-01
519 2.422360e-01 1.749640e-01 5.828000e-01
520 2.420280e-01 1.755560e-01 5.824160e-01
521 2.423080e-01 1.753440e-01 5.823480e-01
522 2.423160e-01 1.749040e-01 5.827800e-01
523 2.428360e-01 1.747400e-01 5.824240e-01
524 2.423440e-01 1.746960e-01 5.829600e-01
525 2.421480e-01 1.743160e-01 5.835360e-01
526 2.416000e-01 1.745080e-01 5.838920e-01
527 2.415760e-01 1.743640e-01 5.840600e-01
528 2.419560e-01 1.743720e-01 5.836720e-01
529 2.417920e-01 1.739880e-01 5.842200e-01
530 2.419960e-01 1.740920e-01 5.839120e-01
531 2.431360e-01 1.734520e-01 5.834120e-01
532 2.432040e-01 1.738320e-01 5.829640e-01
533 2.433160e-01 1.735120e-01 5.831720e-01
534 2.440960e-01 1.732280e-01 5.826760e-01
535 2.440360e-01 1.735760e-01 5.823880e-01
536 2.440240e-01 1.736320e-01 5.823440e-01
537 2.434280e-01 1.739160e-01 5.826560e-01
538 2.438680e-01 1.737640e-01 5.823680e-01
539 2.445240e-01 1.735120e-01 5.819640e-01
540 2.447040e-01 1.730600e-01 5.822360e-01
541 2.446760e-01 1.732400e-01 5.820840e-01
542 2.444880e-01 1.738640e-01 5.816480e-01
543 2.444760e-01 1.738480e-01 5.816760e-01
544 2.442840e-01 1.744640e-01 5.812520e-01
545 2.443840e-01 1.742880e-01 5.813280e-01
546 2.435840e-01 1.750680e-01 5.813480e-01
547 2.441640e-01 1.744920e-01 5.813440e-01
548 2.442960e-01 1.743840e-01 5.813200e-01
549 2.448880e-01 1.739600e-01 5.811520e-01
550 2.447920e-01 1.741760e-01 5.810320e-01
551 2.450680e-01 1.741120e-01 5.808200e-01
552 2.444720e-01 1.747480e-01 5.807800e-01
553 2.446720e-01 1.746440e-01 5.806840e-01
554 2.441600e-01 1.748400e-01 5.810000e-01
555 2.438600e-01 1.750560e-01 5.810840e-01
556 2.427280e-01 1.757240e-01 5.815480e-01
557 2.428560e-01 1.750760e-01 5.820680e-01
558 2.430240e-01 1.750520e-01 5.819240e-01
559 2.434360e-01 1.746840e-01 5.818800e-01
560 2.432120e-01 1.745920e-01 5.821960e-01
561 2.433040e-01 1.741040e-01 5.825920e-01
562 2.436960e-01 1.743320e-01 5.819720e-01
563 2.437680e-01 1.741840e-01 5.820480e-01
564 2.439080e-01 1.743840e-01 5.817080e-01
565 2.435400e-01 1.745400e-01 5.819200e-01
566 2.426880e-01 1.747360e-01 5.825760e-01
567 2.425840e-01 1.749800e-01 5.824360e-01
568 2.428920e-01 1.753160e-01 5.817920e-01
569 2.427840e-01 1.755680e-01 5.816480e-01
570 2.428480e-01 1.761160e-01 5.810360e-01
571 2.425400e-01 1.763320e-01 5.811280e-01
572 2.422040e-01 1.759640e-01 5.818320e-01
573 2.419640e-01 1.760600e-01 5.819760e-01
574 2.413840e-01 1.761680e-01 5.824480e-01
575 2.407760e-01 1.764000e-01 5.828240e-01
576 2.406960e-01 1.762480e-01 5.830560e-01
577 2.416560e-01 1.753320e-01 5.830120e-01
578 2.416560e-01 1.760160e-01 5.823280e-01
579 2.409960e-01 1.760160e-01 5.829880e-01
580 2.411800e-01 1.757480e-01 5.830720e-01
581 2.414960e-01 1.752560e-01 5.832480e-01
582 2.416480e-01 1.753720e-01 5.829800e-01
583 2.421720e-01 1.757360e-01 5.820920e-01
584 2.424800e-01 1.754160e-01 5.821040e-01
585 2.424080e-01 1.752360e-01 5.823560e-01
586 2.423280e-01 1.745560e-01 5.831160e-01
587 2.428160e-01 1.739560e-01 5.832280e-01
588 2.434000e-01 1.736840e-01 5.829160e-01
589 2.431320e-01 1.736480e-01 5.832200e-01
590 2.430560e-01 1.736200e-01 5.833240e-01
591 2.435560e-01 1.736840e-01 5.827600e-01
592 2.423760e-01 1.745560e-01 5.830680e-01
593 2.429600e-01 1.736560e-01 5.833840e-01
594 2.431880e-01 1.735920e-01 5.832200e-01
595 2.432440e-01 1.742640e-01 5.824920e-01
596 2.429240e-01 1.748040e-01 5.822720e-01
597 2.420600e-01 1.751920e-01 5.827480e-01
598 2.416000e-01 1.751480e-01 5.832520e-01
599 2.411360e-01 1.751120e-01 5.837520e-01
600 2.414840e-01 1.749840e-01 5.835320e-01
601 2.421240e-01 1.749400e-01 5.829360e-01
602 2.423000e-01 1.749200e-01 5.827800e-01
603 2.417280e-01 1.760360e-01 5.822360e-01
604 2.421960e-01 1.757960e-01 5.820080e-01
605 2.418760e-01 1.759120e-01 5.822120e-01
606 2.418080e-01 1.759920e-01 5.822000e-01
607 2.427680e-01 1.751920e-01 5.820400e-01
608 2.430920e-01 1.754320e-01 5.814760e-01
609 2.433240e-01 1.753840e-01 5.812920e-01
610 2.435520e-01 1.751680e-01 5.812800e-01
611 2.429760e-01 1.752920e-01 5.817320e-01
612 2.434560e-01 1.753480e-01 5.811960e-01
613 2.430640e-01 1.755320e-01 5.814040e-01
614 2.434360e-01 1.756880e-01 5.808760e-01
615 2.435360e-01 1.756400e-01 5.808240e-01
616 2.434760e-01 1.760240e-01 5.805000e-01
617 2.431960e-01 1.764960e-01 5.803080e-01
618 2.429560e-01 1.766080e-01 5.804360e-01
619 2.430920e-01 1.763000e-01 5.806080e-01
620 2.421840e-01 1.758440e-01 5.819720e-01
621 2.427120e-01 1.753160e-01 5.819720e-01
622 2.425880e-01 1.749400e-01 5.824720e-01
623 2.422560e-01 1.747040e-01 5.830400e-01
624 2.419200e-01 1.749000e-01 5.831800e-01
625 2.422720e-01 1.747520e-01 5.829760e-01
626 2.419760e-01 1.745480e-01 5.834760e-01
627 2.422640e-01 1.742360e-01 5.835000e-01
628 2.426920e-01 1.741560e-01 5.831520e-01
629 2.430040e-01 1.740760e-01 5.829200e-01
630 2.435160e-01 1.738880e-01 5.825960e-01
631 2.446360e-01 1.734360e-01 5.819280e-01
632 2.448880e-01 1.731880e-01 5.819240e-01
633 2.446480e-01 1.737640e-01 5.815880e-01
634 2.447840e-01 1.738880e-01 5.813280e-01
635 2.453520e-01 1.741520e-01 5.804960e-01
636 2.461280e-01 1.737440e-01 5.801280e-01
637 2.456160e-01 1.735600e-01 5.808240e-01
638 2.461000e-01 1.731480e-01 5.807520e-01
639 2.462480e-01 1.732200e-01 5.805320e-01
640 2.463680e-01 1.733920e-01 5.802400e-01
641 2.467520e-01 1.737480e-01 5.795000e-01
642 2.477120e-01 1.737640e-01 5.785240e-01
643 2.473520e-01 1.747560e-01 5.778920e-01
644 2.470120e-01 1.752200e-01 5.777680e-01
645 2.468400e-01 1.752400e-01 5.779200e-01
646 2.470760e-01 1.751040e-01 5.778200e-01
647 2.461920e-01 1.755040e-01 5.783040e-01
648 2.465320e-01 1.754880e-01 5.779800e-01
649 2.461360e-01 1.758080e-01 5.780560e-01
650 2.458720e-01 1.756400e-01 5.784880e-01
651 2.454320e-01 1.754280e-01 5.791400e-01
652 2.452120e-01 1.753360e-01 5.794520e-01
653 2.445520e-01 1.752200e-01 5.802280e-01
654 2.437880e-01 1.756080e-01 5.806040e-01
655 2.432280e-01 1.760040e-01 5.807680e-01
656 2.428320e-01 1.760320e-01 5.811360e-01
657 2.423480e-01 1.760120e-01 5.816400e-01
658 2.425080e-01 1.756880e-01 5.818040e-01
659 2.427600e-01 1.752160e-01 5.820240e-01
660 2.428160e-01 1.754440e-01 5.817400e-01
661 2.425640e-01 1.750960e-01 5.823400e-01
662 2.427600e-01 1.747800e-01 5.824600e-01
663 2.428160e-01 1.746800e-01 5.825040e-01
664 2.428000e-01 1.748880e-01 5.823120e-01
665 2.427680e-01 1.744640e-01 5.827680e-01
666 2.430480e-01 1.745480e-01 5.824040e-01
667 2.425720e-01 1.751960e-01 5.822320e-01
668 2.428480e-01 1.746680e-01 5.824840e-01
669 2.423280e-01 1.749160e-01 5.827560e-01
670 2.421480e-01 1.751600e-01 5.826920e-01
671 2.413000e-01 1.762520e-01 5.824480e-01
672 2.408400e-01 1.760680e-01 5.830920e-01
673 2.412760e-01 1.755320e-01 5.831920e-01
674 2.411360e-01 1.754600e-01 5.834040e-01
675 2.414760e-01 1.747080e-01 5.838160e-01
676 2.413040e-01 1.750640e-01 5.836320e-01
677 2.416520e-01 1.749760e-01 5.833720e-01
678 2.423560e-01 1.742960e-01 5.833480e-01
679 2.422760e-01 1.746480e-01 5.830760e-01
680 2.422240e-01 1.749320e-01 5.828440e-01
681 2.419920e-01 1.751840e-01 5.828240e-01
682 2.421480e-01 1.752120e-01 5.826400e-01
683 2.415520e-01 1.759560e-01 5.824920e-01
684 2.419400e-01 1.756440e-01 5.824160e-01
685 2.419640e-01 1.756080e-01 5.824280e-01
686 2.421520e-01 1.759960e-01 5.818520e-01
687 2.423320e-01 1.752560e-01 5.824120e-01
688 2.429520e-01 1.751560e-01 5.818920e-01
689 2.422200e-01 1.759880e-01 5.817920e-01
690 2.415400e-01 1.761680e-01 5.822920e-01
691 2.412680e-01 1.765680e-01 5.821640e-01
692 2.420520e-01 1.764320e-01 5.815160e-01
693 2.420520e-01 1.765400e-01 5.814080e-01
694 2.419200e-01 1.766200e-01 5.814600e-01
695 2.416880e-01 1.765680e-01 5.817440e-01
696 2.415480e-01 1.764800e-01 5.819720e-01
697 2.405840e-01 1.772560e-01 5.821600e-01
698 2.406520e-01 1.770400e-01 5.823080e-01
699 2.405480e-01 1.774760e-01 5.819760e-01
700 2.404320e-01 1.771520e-01 5.824160e-01
701 2.405200e-01 1.776920e-01 5.817880e-01
702 2.401960e-01 1.781960e-01 5.816080e-01
703 2.404520e-01 1.778480e-01 5.817000e-01
704 2.399480e-01 1.779400e-01 5.821120e-01
705 2.400360e-01 1.778680e-01 5.820960e-01
706 2.401240e-01 1.774120e-01 5.824640e-01
707 2.406440e-01 1.767880e-01 5.825680e-01
708 2.404560e-01 1.764040e-01 5.831400e-01
709 2.407840e-01 1.764960e-01 5.827200e-01
710 2.406560e-01 1.769440e-01 5.824000e-01
711 2.410120e-01 1.764000e-01 5.825880e-01
712 2.412040e-01 1.764640e-01 5.823320e-01
713 2.407400e-01 1.765520e-01 5.827080e-01
714 2.407640e-01 1.765800e-01 5.826560e-01
715 2.407480e-01 1.762360e-01 5.830160e-01
716 2.411600e-01 1.760000e-01 5.828400e-01
717 2.410640e-01 1.764800e-01 5.824560e-01
718 2.410640e-01 1.765480e-01 5.823880e-01
719 2.419200e-01 1.759600e-01 5.821200e-01
720 2.413240e-01 1.764760e-01 5.822000e-01
721 2.421920e-01 1.762480e-01 5.815600e-01
722 2.420520e-01 1.759440e-01 5.820040e-01
723 2.419960e-01 1.755280e-01 5.824760e-01
724 2.425320e-01 1.752360e-01 5.822320e-01
725 2.422240e-01 1.757120e-01 5.820640e-01
726 2.429920e-01 1.759160e-01 5.810920e-01
727 2.427080e-01 1.753280e-01 5.819640e-01
728 2.429120e-01 1.753800e-01 5.817080e-01
729 2.428280e-01 1.756760e-01 5.814960e-01
730 2.426560e-01 1.761360e-01 5.812080e-01
731 2.432440e-01 1.759560e-01 5.808000e-01
732 2.429960e-01 1.761600e-01 5.808440e-01
733 2.430160e-01 1.762240e-01 5.807600e-01
734 2.425000e-01 1.761000e-01 5.814000e-01
735 2.423440e-01 1.766040e-01 5.810520e-01
736 2.421800e-01 1.766160e-01 5.812040e-01
737 2.415520e-01 1.765600e-01 5.818880e-01
738 2.414280e-01 1.764360e-01 5.821360e-01
739 2.419320e-01 1.764720e-01 5.815960e-01
740 2.417840e-01 1.763080e-01 5.819080e-01
741 2.423360e-01 1.760720e-01 5.815920e-01
742 2.419280e-01 1.757680e-01 5.823040e-01
743 2.421920e-01 1.753720e-01 5.824360e-01
744 2.417760e-01 1.759800e-01 5.822440e-01
745 2.414520e-01 1.758840e-01 5.826640e-01
746 2.412720e-01 1.755640e-01 5.831640e-01
747 2.417080e-01 1.753560e-01 5.829360e-01
748 2.418920e-01 1.755600e-01 5.825480e-01
749 2.424720e-01 1.755120e-01 5.820160e-01
750 2.423840e-01 1.756800e-01 5.819360e-01
751 2.426480e-01 1.757360e-01 5.816160e-01
752 2.425440e-01 1.762560e-01 5.812000e-01
753 2.426160e-01 1.761320e-01 5.812520e-01
754 2.426400e-01 1.761080e-01 5.812520e-01
755 2.424520e-01 1.762760e-01 5.812720e-01
756 2.428920e-01 1.762720e-01 5.808360e-01
757 2.426040e-01 1.765080e-01 5.808880e-01
758 2.423440e-01 1.764560e-01 5.812000e-01
759 2.421120e-01 1.768360e-01 5.810520e-01
760 2.420760e-01 1.764000e-01 5.815240e-01
761 2.421760e-01 1.762320e-01 5.815920e-01
762 2.423160e-01 1.760760e-01 5.816080e-01
763 2.423400e-01 1.760120e-01 5.816480e-01
764 2.421280e-01 1.760840e-01 5.817880e-01
765 2.429480e-01 1.759360e-01 5.811160e-01
766 2.423920e-01 1.766680e-01 5.809400e-01
767 2.420680e-01 1.768680e-01 5.810640e-01
768 2.418600e-01 1.774080e-01 5.807320e-01
769 2.420840e-01 1.766880e-01 5.812280e-01
770 2.421400e-01 1.763040e-01 5.815560e-01
771 2.419720e-01 1.771560e-01 5.808720e-01
772 2.421880e-01 1.772760e-01 5.805360e-01
773 2.419400e-01 1.774200e-01 5.806400e-01
774 2.411840e-01 1.776640e-01 5.811520e-01
775 2.408160e-01 1.779120e-01 5.812720e-01
776 2.410400e-01 1.778200e-01 5.811400e-01
777 2.409760e-01 1.772200e-01 5.818040e-01
778 2.406800e-01 1.771760e-01 5.821440e-01
779 2.409040e-01 1.763480e-01 5.827480e-01
780 2.414960e-01 1.757000e-01 5.828040e-01
781 2.413920e-01 1.760600e-01 5.825480e-01
782 2.425080e-01 1.749680e-01 5.825240e-01
783 2.422920e-01 1.753280e-01 5.823800e-01
784 2.417920e-01 1.751880e-01 5.830200e-01
785 2.416280e-01 1.753840e-01 5.829880e-01
786 2.416480e-01 1.756560e-01 5.826960e-01
787 2.414800e-01 1.761160e-01 5.824040e-01
788 2.414600e-01 1.755200e-01 5.830200e-01
789 2.417720e-01 1.751720e-01 5.830560e-01
790 2.420880e-01 1.748040e-01 5.831080e-01
791 2.417360e-01 1.751160e-01 5.831480e-01
792 2.416120e-01 1.751440e-01 5.832440e-01
793 2.418560e-01 1.752800e-01 5.828640e-01
794 2.421960e-01 1.755200e-01 5.822840e-01
795 2.424040e-01 1.750320e-01 5.825640e-01
796 2.426160e-01 1.748480e-01 5.825360e-01
797 2.431160e-01 1.744480e-01 5.824360e-01
798 2.435200e-01 1.743440e-01 5.821360e-01
799 2.433600e-01 1.741000e-01 5.825400e-01
800 2.435080e-01 1.747120e-01 5.817800e-01
801 2.436520e-01 1.754760e-01 5.808720e-01
802 2.430880e-01 1.755600e-01 5.813520e-01
803 2.426000e-01 1.757440e-01 5.816560e-01
804 2.428440e-01 1.753720e-01 5.817840e-01
805 2.432760e-01 1.752600e-01 5.814640e-01
806 2.427760e-01 1.756360e-01 5.815880e-01
807 2.425560e-01 1.751320e-01 5.823120e-01
808 2.429680e-01 1.751160e-01 5.819160e-01
809 2.429640e-01 1.754400e-01 5.815960e-01
810 2.433160e-01 1.750200e-01 5.816640e-01
811 2.430600e-01 1.752320e-01 5.817080e-01
812 2.431560e-01 1.752840e-01 5.815600e-01
813 2.434840e-01 1.747200e-01 5.817960e-01
814 2.435440e-01 1.746840e-01 5.817720e-01
815 2.435920e-01 1.744600e-01 5.819480e-01
816 2.442920e-01 1.742880e-01 5.814200e-01
817 2.437920e-01 1.750000e-01 5.812080e-01
818 2.444440e-01 1.746040e-01 5.809520e-01
819 2.446000e-01 1.743680e-01 5.810320e-01
820 2.443720e-01 1.747720e-01 5.808560e-01
821 2.446400e-01 1.741080e-01 5.812520e-01
822 2.453480e-01 1.737280e-01 5.809240e-01
823 2.455880e-01 1.737680e-01 5.806440e-01
824 2.460920e-01 1.736320e-01 5.802760e-01
825 2.455440e-01 1.735200e-01 5.809360e-01
826 2.454840e-01 1.736280e-01 5.808880e-01
827 2.457480e-01 1.733840e-01 5.808680e-01
828 2.458640e-01 1.733840e-01 5.807520e-01
829 2.459880e-01 1.733680e-01 5.806440e-01
830 2.460120e-01 1.738360e-01 5.801520e-01
831 2.461560e-01 1.737400e-01 5.801040e-01
832 2.463200e-01 1.735480e-01 5.801320e-01
833 2.462240e-01 1.736440e-01 5.801320e-01
834 2.460880e-01 1.739360e-01 5.799760e-01
835 2.463680e-01 1.744280e-01 5.792040e-01
836 2.463240e-01 1.744760e-01 5.792000e-01
837 2.456520e-01 1.750160e-01 5.793320e-01
838 2.450240e-01 1.755760e-01 5.794000e-01
839 2.450160e-01 1.757200e-01 5.792640e-01
840 2.446120e-01 1.762160e-01 5.791720e-01
841 2.440160e-01 1.764320e-01 5.795520e-01
842 2.437040e-01 1.763560e-01 5.799400e-01
843 2.435120e-01 1.769240e-01 5.795640e-01
844 2.431960e-01 1.775080e-01 5.792960e-01
845 2.419240e-01 1.781760e-01 5.799000e-01
846 2.418320e-01 1.778000e-01 5.803680e-01
847 2.416560e-01 1.779760e-01 5.803680e-01
848 2.413240e-01 1.778920e-01 5.807840e-01
849 2.409680e-01 1.779560e-01 5.810760e-01
850 2.405880e-01 1.780680e-01 5.813440e-01
851 2.400680e-01 1.782960e-01 5.816360e-01
852 2.395960e-01 1.786280e-01 5.817760e-01
853 2.395800e-01 1.781880e-01 5.822320e-01
854 2.394960e-01 1.777800e-01 5.827240e-01
855 2.389560e-01 1.777920e-01 5.832520e-01
856 2.387160e-01 1.776480e-01 5.836360e-01
857 2.390080e-01 1.774840e-01 5.835080e-01
858 2.395040e-01 1.770560e-01 5.834400e-01
859 2.395440e-01 1.772680e-01 5.831880e-01
860 2.395320e-01 1.767480e-01 5.837200e-01
861 2.389680e-01 1.768760e-01 5.841560e-01
862 2.389840e-01 1.765600e-01 5.844560e-01
863 2.392080e-01 1.765400e-01 5.842520e-01
864 2.400520e-01 1.756800e-01 5.842680e-01
865 2.406400e-01 1.751760e-01 5.841840e-01
866 2.411280e-01 1.743080e-01 5.845640e-01
867 2.412240e-01 1.741720e-01 5.846040e-01
868 2.404000e-01 1.742800e-01 5.853200e-01
869 2.407120e-01 1.742960e-01 5.849920e-01
870 2.413200e-01 1.739280e-01 5.847520e-01
871 2.420840e-01 1.734640e-01 5.844520e-01
872 2.427880e-01 1.728000e-01 5.844120e-01
873 2.427880e-01 1.726280e-01 5.845840e-01
874 2.431640e-01 1.726680e-01 5.841680e-01
875 2.437080e-01 1.724400e-01 5.838520e-01
876 2.436520e-01 1.725720e-01 5.837760e-01
877 2.433720e-01 1.733000e-01 5.833280e-01
878 2.428640e-01 1.736400e-01 5.834960e-01
879 2.429320e-01 1.742600e-01 5.828080e-01
880 2.425080e-01 1.747160e-01 5.827760e-01
881 2.424040e-01 1.751880e-01 5.824080e-01
882 2.419840e-01 1.753080e-01 5.827080e-01
883 2.421240e-01 1.751000e-01 5.827760e-01
884 2.422800e-01 1.751400e-01 5.825800e-01
885 2.426480e-01 1.746440e-01 5.827080e-01
886 2.431720e-01 1.740720e-01 5.827560e-01
887 2.429520e-01 1.741360e-01 5.829120e-01
888 2.435920e-01 1.740400e-01 5.823680e-01
889 2.433960e-01 1.738880e-01 5.827160e-01
890 2.435440e-01 1.738840e-01 5.825720e-01
891 2.434320e-01 1.740640e-01 5.825040e-01
892 2.434560e-01 1.745680e-01 5.819760e-01
893 2.432400e-01 1.748480e-01 5.819120e-01
894 2.432360e-01 1.752720e-01 5.814920e-01
895 2.428720e-01 1.759160e-01 5.812120e-01
896 2.426640e-01 1.761600e-01 5.811760e-01
897 2.427160e-01 1.757200e-01 5.815640e-01
898 2.420440e-01 1.754600e-01 5.824960e-01
899 2.416600e-01 1.760120e-01 5.823280e-01
900 2.415400e-01 1.760400e-01 5.824200e-01
901 2.412000e-01 1.758000e-01 5.830000e-01
902 2.411800e-01 1.752080e-01 5.836120e-01
903 2.414760e-01 1.748720e-01 5.836520e-01
904 2.415560e-01 1.744240e-01 5.840200e-01
905 2.421440e-01 1.739720e-01 5.838840e-01
906 2.414720e-01 1.741560e-01 5.843720e-01
907 2.413960e-01 1.744520e-01 5.841520e-01
908 2.417200e-01 1.742240e-01 5.840560e-01
909 2.419200e-01 1.736800e-01 5.844000e-01
910 2.421800e-01 1.733240e-01 5.844960e-01
911 2.420840e-01 1.731480e-01 5.847680e-01
912 2.422920e-01 1.725560e-01 5.851520e-01
913 2.427240e-01 1.725760e-01 5.847000e-01
914 2.433960e-01 1.718640e-01 5.847400e-01
915 2.436040e-01 1.719640e-01 5.844320e-01
916 2.447680e-01 1.715760e-01 5.836560e-01
917 2.445720e-01 1.724000e-01 5.830280e-01
918 2.446360e-01 1.726000e-01 5.827640e-01
919 2.445320e-01 1.725120e-01 5.829560e-01
920 2.441280e-01 1.729840e-01 5.828880e-01
921 2.445080e-01 1.734640e-01 5.820280e-01
922 2.444760e-01 1.735600e-01 5.819640e-01
923 2.441920e-01 1.742560e-01 5.815520e-01
924 2.442280e-01 1.739080e-01 5.818640e-01
925 2.447560e-01 1.740280e-01 5.812160e-01
926 2.451960e-01 1.738440e-01 5.809600e-01
927 2.450840e-01 1.740600e-01 5.808560e-01
928 2.448840e-01 1.740560e-01 5.810600e-01
929 2.452720e-01 1.738360e-01 5.808920e-01
930 2.450080e-01 1.740400e-01 5.809520e-01
931 2.443080e-01 1.745240e-01 5.811680e-01
932 2.449400e-01 1.741320e-01 5.809280e-01
