+1.000000e+00 +9.991586e-01 +7.442520e-04 +9.719600e-05 
+2.000000e+00 +9.983966e-01 +1.328652e-03 +2.747360e-04 
+3.000000e+00 +9.971632e-01 +2.254664e-03 +5.821640e-04 
+4.000000e+00 +9.952906e-01 +3.620980e-03 +1.088420e-03 
+5.000000e+00 +9.926238e-01 +5.500004e-03 +1.876240e-03 
+6.000000e+00 +9.890071e-01 +7.948556e-03 +3.044348e-03 
+7.000000e+00 +9.843222e-01 +1.098560e-02 +4.692200e-03 
+8.000000e+00 +9.784592e-01 +1.461935e-02 +6.921444e-03 
+9.000000e+00 +9.713430e-01 +1.882168e-02 +9.835272e-03 
+1.000000e+01 +9.629195e-01 +2.354364e-02 +1.353690e-02 
+1.100000e+01 +9.531112e-01 +2.878090e-02 +1.810793e-02 
+1.200000e+01 +9.418870e-01 +3.446682e-02 +2.364620e-02 
+1.300000e+01 +9.292368e-01 +4.056380e-02 +3.019940e-02 
+1.400000e+01 +9.151364e-01 +4.701351e-02 +3.785005e-02 
+1.500000e+01 +8.995829e-01 +5.374770e-02 +4.666938e-02 
+1.600000e+01 +8.826223e-01 +6.068189e-02 +5.669579e-02 
+1.700000e+01 +8.642888e-01 +6.778192e-02 +6.792925e-02 
+1.800000e+01 +8.446347e-01 +7.494918e-02 +8.041613e-02 
+1.900000e+01 +8.237315e-01 +8.211068e-02 +9.415787e-02 
+2.000000e+01 +8.016600e-01 +8.918801e-02 +1.091520e-01 
+2.100000e+01 +7.785205e-01 +9.611481e-02 +1.253647e-01 
+2.200000e+01 +7.544158e-01 +1.028176e-01 +1.427666e-01 
+2.300000e+01 +7.294725e-01 +1.092086e-01 +1.613189e-01 
+2.400000e+01 +7.037806e-01 +1.152483e-01 +1.809710e-01 
+2.500000e+01 +6.775324e-01 +1.208335e-01 +2.016342e-01 
+2.600000e+01 +6.507692e-01 +1.259789e-01 +2.232519e-01 
+2.700000e+01 +6.236546e-01 +1.306088e-01 +2.457366e-01 
+2.800000e+01 +5.963471e-01 +1.346975e-01 +2.689555e-01 
+2.900000e+01 +5.689325e-01 +1.382256e-01 +2.928418e-01 
+3.000000e+01 +5.415591e-01 +1.411350e-01 +3.173059e-01 
+3.100000e+01 +5.143389e-01 +1.434417e-01 +3.422193e-01 
+3.200000e+01 +4.874064e-01 +1.451270e-01 +3.674666e-01 
+3.300000e+01 +4.608286e-01 +1.462001e-01 +3.929713e-01 
+3.400000e+01 +4.347435e-01 +1.466487e-01 +4.186078e-01 
+3.500000e+01 +4.092230e-01 +1.464965e-01 +4.442804e-01 
+3.600000e+01 +3.843573e-01 +1.457732e-01 +4.698695e-01 
+3.700000e+01 +3.601985e-01 +1.445215e-01 +4.952799e-01 
+3.800000e+01 +3.368335e-01 +1.427417e-01 +5.204248e-01 
+3.900000e+01 +3.143042e-01 +1.404913e-01 +5.452046e-01 
+4.000000e+01 +2.926638e-01 +1.377653e-01 +5.695709e-01 
+4.100000e+01 +2.719538e-01 +1.346210e-01 +5.934252e-01 
+4.200000e+01 +2.522247e-01 +1.310933e-01 +6.166820e-01 
+4.300000e+01 +2.334663e-01 +1.272582e-01 +6.392756e-01 
+4.400000e+01 +2.156817e-01 +1.231357e-01 +6.611826e-01 
+4.500000e+01 +1.988851e-01 +1.187635e-01 +6.823514e-01 
+4.600000e+01 +1.830754e-01 +1.141792e-01 +7.027454e-01 
+4.700000e+01 +1.682298e-01 +1.094551e-01 +7.223150e-01 
+4.800000e+01 +1.543393e-01 +1.046081e-01 +7.410526e-01 
+4.900000e+01 +1.413898e-01 +9.968012e-02 +7.589301e-01 
+5.000000e+01 +1.293541e-01 +9.469727e-02 +7.759487e-01 
+5.100000e+01 +1.181838e-01 +8.972400e-02 +7.920922e-01 
+5.200000e+01 +1.078711e-01 +8.476408e-02 +8.073649e-01 
+5.300000e+01 +9.838077e-02 +7.984231e-02 +8.217769e-01 
+5.400000e+01 +8.967555e-02 +7.499520e-02 +8.353292e-01 
+5.500000e+01 +8.169378e-02 +7.026499e-02 +8.480412e-01 
+5.600000e+01 +7.442458e-02 +6.564109e-02 +8.599343e-01 
+5.700000e+01 +6.780975e-02 +6.115652e-02 +8.710337e-01 
+5.800000e+01 +6.181736e-02 +5.683118e-02 +8.813515e-01 
+5.900000e+01 +5.639732e-02 +5.267210e-02 +8.909306e-01 
+6.000000e+01 +5.151531e-02 +4.868568e-02 +8.997990e-01 
+6.100000e+01 +4.713375e-02 +4.487292e-02 +9.079933e-01 
+6.200000e+01 +4.321468e-02 +4.125778e-02 +9.155275e-01 
+6.300000e+01 +3.971405e-02 +3.783942e-02 +9.224465e-01 
+6.400000e+01 +3.659480e-02 +3.462303e-02 +9.287822e-01 
+6.500000e+01 +3.383169e-02 +3.159059e-02 +9.345777e-01 
+6.600000e+01 +3.138789e-02 +2.876364e-02 +9.398485e-01 
+6.700000e+01 +2.923376e-02 +2.611950e-02 +9.446467e-01 
+6.800000e+01 +2.733338e-02 +2.366424e-02 +9.490024e-01 
+6.900000e+01 +2.566873e-02 +2.139440e-02 +9.529369e-01 
+7.000000e+01 +2.421230e-02 +1.929125e-02 +9.564964e-01 
+7.100000e+01 +2.294669e-02 +1.735039e-02 +9.597029e-01 
+7.200000e+01 +2.184988e-02 +1.556932e-02 +9.625808e-01 
+7.300000e+01 +2.089490e-02 +1.394447e-02 +9.651606e-01 
+7.400000e+01 +2.006868e-02 +1.246147e-02 +9.674699e-01 
+7.500000e+01 +1.935310e-02 +1.111596e-02 +9.695309e-01 
+7.600000e+01 +1.874090e-02 +9.884276e-03 +9.713748e-01 
+7.700000e+01 +1.821747e-02 +8.779316e-03 +9.730032e-01 
+7.800000e+01 +1.777079e-02 +7.776800e-03 +9.744524e-01 
+7.900000e+01 +1.739244e-02 +6.874380e-03 +9.757332e-01 
+8.000000e+01 +1.706663e-02 +6.070464e-03 +9.768629e-01 
+8.100000e+01 +1.679208e-02 +5.349660e-03 +9.778583e-01 
+8.200000e+01 +1.656210e-02 +4.703064e-03 +9.787348e-01 
+8.300000e+01 +1.636898e-02 +4.122596e-03 +9.795084e-01 
+8.400000e+01 +1.620731e-02 +3.606324e-03 +9.801864e-01 
+8.500000e+01 +1.607361e-02 +3.148484e-03 +9.807779e-01 
+8.600000e+01 +1.596174e-02 +2.742272e-03 +9.812960e-01 
+8.700000e+01 +1.586845e-02 +2.387440e-03 +9.817441e-01 
+8.800000e+01 +1.579120e-02 +2.074864e-03 +9.821339e-01 
+8.900000e+01 +1.572714e-02 +1.799944e-03 +9.824729e-01 
+9.000000e+01 +1.567426e-02 +1.557420e-03 +9.827683e-01 
+9.100000e+01 +1.563064e-02 +1.347072e-03 +9.830223e-01 
+9.200000e+01 +1.559462e-02 +1.162696e-03 +9.832427e-01 
+9.300000e+01 +1.556488e-02 +1.003252e-03 +9.834319e-01 
+9.400000e+01 +1.554109e-02 +8.639000e-04 +9.835950e-01 
+9.500000e+01 +1.552119e-02 +7.436040e-04 +9.837352e-01 
+9.600000e+01 +1.550571e-02 +6.387200e-04 +9.838556e-01 
+9.700000e+01 +1.549341e-02 +5.476440e-04 +9.839589e-01 
+9.800000e+01 +1.548382e-02 +4.691440e-04 +9.840470e-01 
+9.900000e+01 +1.547605e-02 +4.009520e-04 +9.841230e-01 
+1.000000e+02 +1.547006e-02 +3.415960e-04 +9.841883e-01 
+1.010000e+02 +1.546513e-02 +2.910000e-04 +9.842439e-01 
+1.020000e+02 +1.546138e-02 +2.472400e-04 +9.842914e-01 
+1.030000e+02 +1.545830e-02 +2.090240e-04 +9.843327e-01 
+1.040000e+02 +1.545572e-02 +1.780160e-04 +9.843663e-01 
+1.050000e+02 +1.545378e-02 +1.514520e-04 +9.843948e-01 
+1.060000e+02 +1.545212e-02 +1.283720e-04 +9.844195e-01 
+1.070000e+02 +1.545077e-02 +1.092560e-04 +9.844400e-01 
+1.080000e+02 +1.544976e-02 +9.242400e-05 +9.844578e-01 
+1.090000e+02 +1.544891e-02 +7.858000e-05 +9.844725e-01 
+1.100000e+02 +1.544830e-02 +6.686800e-05 +9.844848e-01 
+1.110000e+02 +1.544776e-02 +5.651200e-05 +9.844957e-01 
+1.120000e+02 +1.544737e-02 +4.795600e-05 +9.845047e-01 
+1.130000e+02 +1.544701e-02 +4.033200e-05 +9.845127e-01 
+1.140000e+02 +1.544676e-02 +3.422000e-05 +9.845190e-01 
+1.150000e+02 +1.544648e-02 +2.912400e-05 +9.845244e-01 
+1.160000e+02 +1.544632e-02 +2.461200e-05 +9.845291e-01 
+1.170000e+02 +1.544618e-02 +2.078800e-05 +9.845330e-01 
+1.180000e+02 +1.544604e-02 +1.775600e-05 +9.845362e-01 
+1.190000e+02 +1.544592e-02 +1.506000e-05 +9.845390e-01 
+1.200000e+02 +1.544582e-02 +1.288000e-05 +9.845413e-01 
+1.210000e+02 +1.544574e-02 +1.079600e-05 +9.845435e-01 
+1.220000e+02 +1.544567e-02 +9.124000e-06 +9.845452e-01 
+1.230000e+02 +1.544560e-02 +7.744000e-06 +9.845467e-01 
+1.240000e+02 +1.544558e-02 +6.548000e-06 +9.845479e-01 
+1.250000e+02 +1.544556e-02 +5.636000e-06 +9.845488e-01 
+1.260000e+02 +1.544552e-02 +4.784000e-06 +9.845497e-01 
+1.270000e+02 +1.544548e-02 +4.088000e-06 +9.845504e-01 
+1.280000e+02 +1.544546e-02 +3.444000e-06 +9.845511e-01 
+1.290000e+02 +1.544544e-02 +2.904000e-06 +9.845517e-01 
+1.300000e+02 +1.544543e-02 +2.520000e-06 +9.845521e-01 
+1.310000e+02 +1.544541e-02 +2.144000e-06 +9.845524e-01 
+1.320000e+02 +1.544540e-02 +1.784000e-06 +9.845528e-01 
+1.330000e+02 +1.544539e-02 +1.536000e-06 +9.845531e-01 
+1.340000e+02 +1.544538e-02 +1.316000e-06 +9.845533e-01 
+1.350000e+02 +1.544537e-02 +1.104000e-06 +9.845535e-01 
+1.360000e+02 +1.544537e-02 +9.200000e-07 +9.845537e-01 
+1.370000e+02 +1.544537e-02 +7.800000e-07 +9.845539e-01 
+1.380000e+02 +1.544537e-02 +6.440000e-07 +9.845540e-01 
+1.390000e+02 +1.544537e-02 +5.840000e-07 +9.845540e-01 
+1.400000e+02 +1.544537e-02 +5.040000e-07 +9.845541e-01 
+1.410000e+02 +1.544537e-02 +4.320000e-07 +9.845542e-01 
+1.420000e+02 +1.544537e-02 +3.720000e-07 +9.845543e-01 
+1.430000e+02 +1.544537e-02 +3.280000e-07 +9.845543e-01 
+1.440000e+02 +1.544536e-02 +2.960000e-07 +9.845543e-01 
+1.450000e+02 +1.544536e-02 +2.600000e-07 +9.845544e-01 
+1.460000e+02 +1.544536e-02 +2.240000e-07 +9.845544e-01 
+1.470000e+02 +1.544536e-02 +2.000000e-07 +9.845544e-01 
+1.480000e+02 +1.544536e-02 +1.840000e-07 +9.845545e-01 
+1.490000e+02 +1.544536e-02 +1.640000e-07 +9.845545e-01 
+1.500000e+02 +1.544536e-02 +1.440000e-07 +9.845545e-01 
+1.510000e+02 +1.544536e-02 +1.320000e-07 +9.845545e-01 
+1.520000e+02 +1.544536e-02 +1.280000e-07 +9.845545e-01 
+1.530000e+02 +1.544536e-02 +1.240000e-07 +9.845545e-01 
+1.540000e+02 +1.544536e-02 +1.040000e-07 +9.845545e-01 
+1.550000e+02 +1.544536e-02 +8.800000e-08 +9.845546e-01 
+1.560000e+02 +1.544536e-02 +8.800000e-08 +9.845546e-01 
+1.570000e+02 +1.544536e-02 +8.400000e-08 +9.845546e-01 
+1.580000e+02 +1.544536e-02 +8.000000e-08 +9.845546e-01 
+1.590000e+02 +1.544536e-02 +6.800000e-08 +9.845546e-01 
+1.600000e+02 +1.544536e-02 +6.800000e-08 +9.845546e-01 
+1.610000e+02 +1.544536e-02 +6.800000e-08 +9.845546e-01 
+1.620000e+02 +1.544536e-02 +6.800000e-08 +9.845546e-01 
+1.630000e+02 +1.544536e-02 +6.800000e-08 +9.845546e-01 
+1.640000e+02 +1.544536e-02 +6.800000e-08 +9.845546e-01 
+1.650000e+02 +1.544536e-02 +6.800000e-08 +9.845546e-01 
+1.660000e+02 +1.544536e-02 +6.400000e-08 +9.845546e-01 
+1.670000e+02 +1.544536e-02 +6.400000e-08 +9.845546e-01 
+1.680000e+02 +1.544536e-02 +6.400000e-08 +9.845546e-01 
+1.690000e+02 +1.544536e-02 +6.400000e-08 +9.845546e-01 
+1.700000e+02 +1.544536e-02 +6.400000e-08 +9.845546e-01 
+1.710000e+02 +1.544536e-02 +6.400000e-08 +9.845546e-01 
+1.720000e+02 +1.544536e-02 +6.400000e-08 +9.845546e-01 
+1.730000e+02 +1.544536e-02 +6.000000e-08 +9.845546e-01 
+1.740000e+02 +1.544536e-02 +6.000000e-08 +9.845546e-01 
+1.750000e+02 +1.544536e-02 +6.000000e-08 +9.845546e-01 
+1.760000e+02 +1.544536e-02 +6.000000e-08 +9.845546e-01 
+1.770000e+02 +1.544536e-02 +6.000000e-08 +9.845546e-01 
+1.780000e+02 +1.544536e-02 +6.000000e-08 +9.845546e-01 
+1.790000e+02 +1.544536e-02 +6.000000e-08 +9.845546e-01 
+1.800000e+02 +1.544536e-02 +6.000000e-08 +9.845546e-01 
+1.810000e+02 +1.544536e-02 +6.000000e-08 +9.845546e-01 
+1.820000e+02 +1.544536e-02 +6.000000e-08 +9.845546e-01 
+1.830000e+02 +1.544536e-02 +6.000000e-08 +9.845546e-01 
+1.840000e+02 +1.544536e-02 +6.000000e-08 +9.845546e-01 
+1.850000e+02 +1.544536e-02 +6.000000e-08 +9.845546e-01 
+1.860000e+02 +1.544536e-02 +6.000000e-08 +9.845546e-01 
+1.870000e+02 +1.544536e-02 +6.000000e-08 +9.845546e-01 
+1.880000e+02 +1.544536e-02 +6.000000e-08 +9.845546e-01 
+1.890000e+02 +1.544536e-02 +6.000000e-08 +9.845546e-01 
+1.900000e+02 +1.544536e-02 +6.000000e-08 +9.845546e-01 
+1.910000e+02 +1.544536e-02 +6.000000e-08 +9.845546e-01 
+1.920000e+02 +1.544536e-02 +6.000000e-08 +9.845546e-01 
+1.930000e+02 +1.544536e-02 +6.000000e-08 +9.845546e-01 
+1.940000e+02 +1.544536e-02 +6.000000e-08 +9.845546e-01 
+1.950000e+02 +1.544536e-02 +6.000000e-08 +9.845546e-01 
+1.960000e+02 +1.544536e-02 +6.000000e-08 +9.845546e-01 
+1.970000e+02 +1.544536e-02 +6.000000e-08 +9.845546e-01 
+1.980000e+02 +1.544536e-02 +6.000000e-08 +9.845546e-01 
+1.990000e+02 +1.544536e-02 +6.000000e-08 +9.845546e-01 
+2.000000e+02 +1.544536e-02 +6.000000e-08 +9.845546e-01 
+2.010000e+02 +1.544536e-02 +6.000000e-08 +9.845546e-01 
+2.020000e+02 +1.544536e-02 +6.000000e-08 +9.845546e-01 
+2.030000e+02 +1.544536e-02 +6.000000e-08 +9.845546e-01 
+2.040000e+02 +1.544536e-02 +6.000000e-08 +9.845546e-01 
+2.050000e+02 +1.544536e-02 +6.000000e-08 +9.845546e-01 
+2.060000e+02 +1.544536e-02 +6.000000e-08 +9.845546e-01 
+2.070000e+02 +1.544536e-02 +6.000000e-08 +9.845546e-01 
+2.080000e+02 +1.544536e-02 +6.000000e-08 +9.845546e-01 
+2.090000e+02 +1.544536e-02 +6.000000e-08 +9.845546e-01 
+2.100000e+02 +1.544536e-02 +6.000000e-08 +9.845546e-01 
+2.110000e+02 +1.544536e-02 +6.000000e-08 +9.845546e-01 
+2.120000e+02 +1.544536e-02 +6.000000e-08 +9.845546e-01 
+2.130000e+02 +1.544536e-02 +6.000000e-08 +9.845546e-01 
+2.140000e+02 +1.544536e-02 +6.000000e-08 +9.845546e-01 
+2.150000e+02 +1.544536e-02 +6.000000e-08 +9.845546e-01 
+2.160000e+02 +1.544536e-02 +6.000000e-08 +9.845546e-01 
+2.170000e+02 +1.544536e-02 +6.000000e-08 +9.845546e-01 
+2.180000e+02 +1.544536e-02 +6.000000e-08 +9.845546e-01 
+2.190000e+02 +1.544536e-02 +6.000000e-08 +9.845546e-01 
+2.200000e+02 +1.544536e-02 +6.000000e-08 +9.845546e-01 
+2.210000e+02 +1.544536e-02 +6.000000e-08 +9.845546e-01 
+2.220000e+02 +1.544536e-02 +6.000000e-08 +9.845546e-01 
+2.230000e+02 +1.544536e-02 +6.000000e-08 +9.845546e-01 
+2.240000e+02 +1.544536e-02 +6.000000e-08 +9.845546e-01 
+2.250000e+02 +1.544536e-02 +6.000000e-08 +9.845546e-01 
+2.260000e+02 +1.544536e-02 +6.000000e-08 +9.845546e-01 
+2.270000e+02 +1.544536e-02 +6.000000e-08 +9.845546e-01 
+2.280000e+02 +1.544536e-02 +6.000000e-08 +9.845546e-01 
+2.290000e+02 +1.544536e-02 +6.000000e-08 +9.845546e-01 
+2.300000e+02 +1.544536e-02 +6.000000e-08 +9.845546e-01 
+2.310000e+02 +1.544536e-02 +6.000000e-08 +9.845546e-01 
+2.320000e+02 +1.544536e-02 +6.000000e-08 +9.845546e-01 
+2.330000e+02 +1.544536e-02 +6.000000e-08 +9.845546e-01 
+2.340000e+02 +1.544536e-02 +6.000000e-08 +9.845546e-01 
+2.350000e+02 +1.544536e-02 +6.000000e-08 +9.845546e-01 
+2.360000e+02 +1.544536e-02 +6.000000e-08 +9.845546e-01 
+2.370000e+02 +1.544536e-02 +6.000000e-08 +9.845546e-01 
+2.380000e+02 +1.544536e-02 +6.000000e-08 +9.845546e-01 
+2.390000e+02 +1.544536e-02 +6.000000e-08 +9.845546e-01 
+2.400000e+02 +1.544536e-02 +6.000000e-08 +9.845546e-01 
+2.410000e+02 +1.544536e-02 +6.000000e-08 +9.845546e-01 
+2.420000e+02 +1.544536e-02 +6.000000e-08 +9.845546e-01 
+2.430000e+02 +1.544536e-02 +6.000000e-08 +9.845546e-01 
+2.440000e+02 +1.544536e-02 +6.000000e-08 +9.845546e-01 
+2.450000e+02 +1.544536e-02 +6.000000e-08 +9.845546e-01 
+2.460000e+02 +1.544536e-02 +6.000000e-08 +9.845546e-01 
+2.470000e+02 +1.544536e-02 +6.000000e-08 +9.845546e-01 
+2.480000e+02 +1.544536e-02 +6.000000e-08 +9.845546e-01 
+2.490000e+02 +1.544536e-02 +6.000000e-08 +9.845546e-01 
+2.500000e+02 +1.544536e-02 +6.000000e-08 +9.845546e-01 
+2.510000e+02 +1.544536e-02 +6.000000e-08 +9.845546e-01 
+2.520000e+02 +1.544536e-02 +6.000000e-08 +9.845546e-01 
+2.530000e+02 +1.544536e-02 +6.000000e-08 +9.845546e-01 
+2.540000e+02 +1.544536e-02 +6.000000e-08 +9.845546e-01 
+2.550000e+02 +1.544536e-02 +6.000000e-08 +9.845546e-01 
+2.560000e+02 +1.544536e-02 +6.000000e-08 +9.845546e-01 
+2.570000e+02 +1.544536e-02 +6.000000e-08 +9.845546e-01 
+2.580000e+02 +1.544536e-02 +6.000000e-08 +9.845546e-01 
+2.590000e+02 +1.544536e-02 +6.000000e-08 +9.845546e-01 
+2.600000e+02 +1.544536e-02 +6.000000e-08 +9.845546e-01 
+2.610000e+02 +1.544536e-02 +6.000000e-08 +9.845546e-01 
+2.620000e+02 +1.544536e-02 +6.000000e-08 +9.845546e-01 
+2.630000e+02 +1.544536e-02 +6.000000e-08 +9.845546e-01 
+2.640000e+02 +1.544536e-02 +6.000000e-08 +9.845546e-01 
+2.650000e+02 +1.544536e-02 +6.000000e-08 +9.845546e-01 
+2.660000e+02 +1.544536e-02 +6.000000e-08 +9.845546e-01 
+2.670000e+02 +1.544536e-02 +6.000000e-08 +9.845546e-01 
+2.680000e+02 +1.544536e-02 +6.000000e-08 +9.845546e-01 
+2.690000e+02 +1.544536e-02 +6.000000e-08 +9.845546e-01 
+2.700000e+02 +1.544536e-02 +6.000000e-08 +9.845546e-01 
+2.710000e+02 +1.544536e-02 +6.000000e-08 +9.845546e-01 
+2.720000e+02 +1.544536e-02 +6.000000e-08 +9.845546e-01 
+2.730000e+02 +1.544536e-02 +6.000000e-08 +9.845546e-01 
+2.740000e+02 +1.544536e-02 +6.000000e-08 +9.845546e-01 
+2.750000e+02 +1.544536e-02 +6.000000e-08 +9.845546e-01 
+2.760000e+02 +1.544536e-02 +6.000000e-08 +9.845546e-01 
+2.770000e+02 +1.544536e-02 +6.000000e-08 +9.845546e-01 
+2.780000e+02 +1.544536e-02 +6.000000e-08 +9.845546e-01 
+2.790000e+02 +1.544536e-02 +6.000000e-08 +9.845546e-01 
+2.800000e+02 +1.544536e-02 +6.000000e-08 +9.845546e-01 
+2.810000e+02 +1.544536e-02 +6.000000e-08 +9.845546e-01 
+2.820000e+02 +1.544536e-02 +6.000000e-08 +9.845546e-01 
+2.830000e+02 +1.544536e-02 +6.000000e-08 +9.845546e-01 
+2.840000e+02 +1.544536e-02 +6.000000e-08 +9.845546e-01 
+2.850000e+02 +1.544536e-02 +6.000000e-08 +9.845546e-01 
+2.860000e+02 +1.544536e-02 +6.000000e-08 +9.845546e-01 
+2.870000e+02 +1.544536e-02 +6.000000e-08 +9.845546e-01 
+2.880000e+02 +1.544536e-02 +6.000000e-08 +9.845546e-01 
+2.890000e+02 +1.544536e-02 +6.000000e-08 +9.845546e-01 
+2.900000e+02 +1.544536e-02 +6.000000e-08 +9.845546e-01 
+2.910000e+02 +1.544536e-02 +6.000000e-08 +9.845546e-01 
+2.920000e+02 +1.544536e-02 +6.000000e-08 +9.845546e-01 
+2.930000e+02 +1.544536e-02 +6.000000e-08 +9.845546e-01 
+2.940000e+02 +1.544536e-02 +6.000000e-08 +9.845546e-01 
+2.950000e+02 +1.544536e-02 +6.000000e-08 +9.845546e-01 
+2.960000e+02 +1.544536e-02 +6.000000e-08 +9.845546e-01 
+2.970000e+02 +1.544536e-02 +6.000000e-08 +9.845546e-01 
+2.980000e+02 +1.544536e-02 +6.000000e-08 +9.845546e-01 
+2.990000e+02 +1.544536e-02 +6.000000e-08 +9.845546e-01 
+3.000000e+02 +1.544536e-02 +6.000000e-08 +9.845546e-01 
+3.010000e+02 +1.544536e-02 +6.000000e-08 +9.845546e-01 
+3.020000e+02 +1.544536e-02 +6.000000e-08 +9.845546e-01 
+3.030000e+02 +1.544536e-02 +6.000000e-08 +9.845546e-01 
+3.040000e+02 +1.544536e-02 +6.000000e-08 +9.845546e-01 
+3.050000e+02 +1.544536e-02 +6.000000e-08 +9.845546e-01 
+3.060000e+02 +1.544536e-02 +6.000000e-08 +9.845546e-01 
+3.070000e+02 +1.544536e-02 +6.000000e-08 +9.845546e-01 
+3.080000e+02 +1.544536e-02 +6.000000e-08 +9.845546e-01 
+3.090000e+02 +1.544536e-02 +6.000000e-08 +9.845546e-01 
+3.100000e+02 +1.544536e-02 +6.000000e-08 +9.845546e-01 
+3.110000e+02 +1.544536e-02 +6.000000e-08 +9.845546e-01 
+3.120000e+02 +1.544536e-02 +6.000000e-08 +9.845546e-01 
+3.130000e+02 +1.544536e-02 +6.000000e-08 +9.845546e-01 
+3.140000e+02 +1.544536e-02 +6.000000e-08 +9.845546e-01 
+3.150000e+02 +1.544536e-02 +6.000000e-08 +9.845546e-01 
+3.160000e+02 +1.544536e-02 +6.000000e-08 +9.845546e-01 
+3.170000e+02 +1.544536e-02 +6.000000e-08 +9.845546e-01 
+3.180000e+02 +1.544536e-02 +6.000000e-08 +9.845546e-01 
+3.190000e+02 +1.544536e-02 +6.000000e-08 +9.845546e-01 
+3.200000e+02 +1.544536e-02 +6.000000e-08 +9.845546e-01 
+3.210000e+02 +1.544536e-02 +6.000000e-08 +9.845546e-01 
+3.220000e+02 +1.544536e-02 +6.000000e-08 +9.845546e-01 
+3.230000e+02 +1.544536e-02 +6.000000e-08 +9.845546e-01 
+3.240000e+02 +1.544536e-02 +6.000000e-08 +9.845546e-01 
+3.250000e+02 +1.544536e-02 +6.000000e-08 +9.845546e-01 
+3.260000e+02 +1.544536e-02 +6.000000e-08 +9.845546e-01 
+3.270000e+02 +1.544536e-02 +6.000000e-08 +9.845546e-01 
+3.280000e+02 +1.544536e-02 +6.000000e-08 +9.845546e-01 
+3.290000e+02 +1.544536e-02 +6.000000e-08 +9.845546e-01 
+3.300000e+02 +1.544536e-02 +6.000000e-08 +9.845546e-01 
+3.310000e+02 +1.544536e-02 +6.000000e-08 +9.845546e-01 
+3.320000e+02 +1.544536e-02 +6.000000e-08 +9.845546e-01 
+3.330000e+02 +1.544536e-02 +6.000000e-08 +9.845546e-01 
+3.340000e+02 +1.544536e-02 +6.000000e-08 +9.845546e-01 
+3.350000e+02 +1.544536e-02 +6.000000e-08 +9.845546e-01 
+3.360000e+02 +1.544536e-02 +6.000000e-08 +9.845546e-01 
+3.370000e+02 +1.544536e-02 +6.000000e-08 +9.845546e-01 
+3.380000e+02 +1.544536e-02 +6.000000e-08 +9.845546e-01 
+3.390000e+02 +1.544536e-02 +6.000000e-08 +9.845546e-01 
+3.400000e+02 +1.544536e-02 +6.000000e-08 +9.845546e-01 
+3.410000e+02 +1.544536e-02 +6.000000e-08 +9.845546e-01 
+3.420000e+02 +1.544536e-02 +6.000000e-08 +9.845546e-01 
+3.430000e+02 +1.544536e-02 +6.000000e-08 +9.845546e-01 
+3.440000e+02 +1.544536e-02 +6.000000e-08 +9.845546e-01 
+3.450000e+02 +1.544536e-02 +6.000000e-08 +9.845546e-01 
+3.460000e+02 +1.544536e-02 +6.000000e-08 +9.845546e-01 
+3.470000e+02 +1.544536e-02 +6.000000e-08 +9.845546e-01 
+3.480000e+02 +1.544536e-02 +6.000000e-08 +9.845546e-01 
+3.490000e+02 +1.544536e-02 +6.000000e-08 +9.845546e-01 
+3.500000e+02 +1.544536e-02 +6.000000e-08 +9.845546e-01 
+3.510000e+02 +1.544536e-02 +6.000000e-08 +9.845546e-01 
+3.520000e+02 +1.544536e-02 +6.000000e-08 +9.845546e-01 
+3.530000e+02 +1.544536e-02 +6.000000e-08 +9.845546e-01 
+3.540000e+02 +1.544536e-02 +6.000000e-08 +9.845546e-01 
+3.550000e+02 +1.544536e-02 +6.000000e-08 +9.845546e-01 
+3.560000e+02 +1.544536e-02 +6.000000e-08 +9.845546e-01 
+3.570000e+02 +1.544536e-02 +6.000000e-08 +9.845546e-01 
+3.580000e+02 +1.544536e-02 +6.000000e-08 +9.845546e-01 
+3.590000e+02 +1.544536e-02 +6.000000e-08 +9.845546e-01 
+3.600000e+02 +1.544536e-02 +6.000000e-08 +9.845546e-01 
+3.610000e+02 +1.544536e-02 +6.000000e-08 +9.845546e-01 
+3.620000e+02 +1.544536e-02 +6.000000e-08 +9.845546e-01 
+3.630000e+02 +1.544536e-02 +6.000000e-08 +9.845546e-01 
+3.640000e+02 +1.544536e-02 +6.000000e-08 +9.845546e-01 
+3.650000e+02 +1.544536e-02 +6.000000e-08 +9.845546e-01 
+3.660000e+02 +1.544536e-02 +6.000000e-08 +9.845546e-01 
+3.670000e+02 +1.544536e-02 +6.000000e-08 +9.845546e-01 
+3.680000e+02 +1.544536e-02 +6.000000e-08 +9.845546e-01 
+3.690000e+02 +1.544536e-02 +6.000000e-08 +9.845546e-01 
+3.700000e+02 +1.544536e-02 +6.000000e-08 +9.845546e-01 
+3.710000e+02 +1.544536e-02 +6.000000e-08 +9.845546e-01 
+3.720000e+02 +1.544536e-02 +6.000000e-08 +9.845546e-01 
+3.730000e+02 +1.544536e-02 +6.000000e-08 +9.845546e-01 
+3.740000e+02 +1.544536e-02 +6.000000e-08 +9.845546e-01 
+3.750000e+02 +1.544536e-02 +6.000000e-08 +9.845546e-01 
+3.760000e+02 +1.544536e-02 +6.000000e-08 +9.845546e-01 
+3.770000e+02 +1.544536e-02 +6.000000e-08 +9.845546e-01 
+3.780000e+02 +1.544536e-02 +6.000000e-08 +9.845546e-01 
+3.790000e+02 +1.544536e-02 +6.000000e-08 +9.845546e-01 
+3.800000e+02 +1.544536e-02 +6.000000e-08 +9.845546e-01 
+3.810000e+02 +1.544536e-02 +6.000000e-08 +9.845546e-01 
+3.820000e+02 +1.544536e-02 +6.000000e-08 +9.845546e-01 
+3.830000e+02 +1.544536e-02 +6.000000e-08 +9.845546e-01 
+3.840000e+02 +1.544536e-02 +6.000000e-08 +9.845546e-01 
+3.850000e+02 +1.544536e-02 +6.000000e-08 +9.845546e-01 
+3.860000e+02 +1.544536e-02 +6.000000e-08 +9.845546e-01 
+3.870000e+02 +1.544536e-02 +6.000000e-08 +9.845546e-01 
+3.880000e+02 +1.544536e-02 +6.000000e-08 +9.845546e-01 
+3.890000e+02 +1.544536e-02 +6.000000e-08 +9.845546e-01 
+3.900000e+02 +1.544536e-02 +6.000000e-08 +9.845546e-01 
+3.910000e+02 +1.544536e-02 +6.000000e-08 +9.845546e-01 
+3.920000e+02 +1.544536e-02 +6.000000e-08 +9.845546e-01 
+3.930000e+02 +1.544536e-02 +6.000000e-08 +9.845546e-01 
+3.940000e+02 +1.544536e-02 +6.000000e-08 +9.845546e-01 
+3.950000e+02 +1.544536e-02 +6.000000e-08 +9.845546e-01 
+3.960000e+02 +1.544536e-02 +6.000000e-08 +9.845546e-01 
+3.970000e+02 +1.544536e-02 +6.000000e-08 +9.845546e-01 
+3.980000e+02 +1.544536e-02 +6.000000e-08 +9.845546e-01 
+3.990000e+02 +1.544536e-02 +6.000000e-08 +9.845546e-01 
+4.000000e+02 +1.544536e-02 +6.000000e-08 +9.845546e-01 
+4.010000e+02 +1.544536e-02 +6.000000e-08 +9.845546e-01 
+4.020000e+02 +1.544536e-02 +6.000000e-08 +9.845546e-01 
+4.030000e+02 +1.544536e-02 +6.000000e-08 +9.845546e-01 
+4.040000e+02 +1.544536e-02 +6.000000e-08 +9.845546e-01 
+4.050000e+02 +1.544536e-02 +6.000000e-08 +9.845546e-01 
+4.060000e+02 +1.544536e-02 +6.000000e-08 +9.845546e-01 
+4.070000e+02 +1.544536e-02 +6.000000e-08 +9.845546e-01 
+4.080000e+02 +1.544536e-02 +6.000000e-08 +9.845546e-01 
+4.090000e+02 +1.544536e-02 +6.000000e-08 +9.845546e-01 
+4.100000e+02 +1.544536e-02 +6.000000e-08 +9.845546e-01 
+4.110000e+02 +1.544536e-02 +6.000000e-08 +9.845546e-01 
+4.120000e+02 +1.544536e-02 +6.000000e-08 +9.845546e-01 
+4.130000e+02 +1.544536e-02 +6.000000e-08 +9.845546e-01 
+4.140000e+02 +1.544536e-02 +6.000000e-08 +9.845546e-01 
+4.150000e+02 +1.544536e-02 +6.000000e-08 +9.845546e-01 
+4.160000e+02 +1.544536e-02 +6.000000e-08 +9.845546e-01 
+4.170000e+02 +1.544536e-02 +6.000000e-08 +9.845546e-01 
+4.180000e+02 +1.544536e-02 +6.000000e-08 +9.845546e-01 
+4.190000e+02 +1.544536e-02 +6.000000e-08 +9.845546e-01 
+4.200000e+02 +1.544536e-02 +6.000000e-08 +9.845546e-01 
+4.210000e+02 +1.544536e-02 +6.000000e-08 +9.845546e-01 
+4.220000e+02 +1.544536e-02 +6.000000e-08 +9.845546e-01 
+4.230000e+02 +1.544536e-02 +6.000000e-08 +9.845546e-01 
+4.240000e+02 +1.544536e-02 +6.000000e-08 +9.845546e-01 
+4.250000e+02 +1.544536e-02 +6.000000e-08 +9.845546e-01 
+4.260000e+02 +1.544536e-02 +6.000000e-08 +9.845546e-01 
+4.270000e+02 +1.544536e-02 +6.000000e-08 +9.845546e-01 
+4.280000e+02 +1.544536e-02 +6.000000e-08 +9.845546e-01 
+4.290000e+02 +1.544536e-02 +6.000000e-08 +9.845546e-01 
+4.300000e+02 +1.544536e-02 +6.000000e-08 +9.845546e-01 
+4.310000e+02 +1.544536e-02 +6.000000e-08 +9.845546e-01 
+4.320000e+02 +1.544536e-02 +6.000000e-08 +9.845546e-01 
+4.330000e+02 +1.544536e-02 +6.000000e-08 +9.845546e-01 
+4.340000e+02 +1.544536e-02 +6.000000e-08 +9.845546e-01 
+4.350000e+02 +1.544536e-02 +6.000000e-08 +9.845546e-01 
+4.360000e+02 +1.544536e-02 +6.000000e-08 +9.845546e-01 
+4.370000e+02 +1.544536e-02 +6.000000e-08 +9.845546e-01 
+4.380000e+02 +1.544536e-02 +6.000000e-08 +9.845546e-01 
+4.390000e+02 +1.544536e-02 +6.000000e-08 +9.845546e-01 
+4.400000e+02 +1.544536e-02 +6.000000e-08 +9.845546e-01 
+4.410000e+02 +1.544536e-02 +6.000000e-08 +9.845546e-01 
+4.420000e+02 +1.544536e-02 +6.000000e-08 +9.845546e-01 
+4.430000e+02 +1.544536e-02 +6.000000e-08 +9.845546e-01 
+4.440000e+02 +1.544536e-02 +6.000000e-08 +9.845546e-01 
+4.450000e+02 +1.544536e-02 +6.000000e-08 +9.845546e-01 
+4.460000e+02 +1.544536e-02 +6.000000e-08 +9.845546e-01 
+4.470000e+02 +1.544536e-02 +6.000000e-08 +9.845546e-01 
+4.480000e+02 +1.544536e-02 +6.000000e-08 +9.845546e-01 
+4.490000e+02 +1.544536e-02 +6.000000e-08 +9.845546e-01 
+4.500000e+02 +1.544536e-02 +6.000000e-08 +9.845546e-01 
+4.510000e+02 +1.544536e-02 +6.000000e-08 +9.845546e-01 
+4.520000e+02 +1.544536e-02 +6.000000e-08 +9.845546e-01 
+4.530000e+02 +1.544536e-02 +6.000000e-08 +9.845546e-01 
+4.540000e+02 +1.544536e-02 +6.000000e-08 +9.845546e-01 
+4.550000e+02 +1.544536e-02 +6.000000e-08 +9.845546e-01 
+4.560000e+02 +1.544536e-02 +6.000000e-08 +9.845546e-01 
+4.570000e+02 +1.544536e-02 +6.000000e-08 +9.845546e-01 
+4.580000e+02 +1.544536e-02 +6.000000e-08 +9.845546e-01 
+4.590000e+02 +1.544536e-02 +6.000000e-08 +9.845546e-01 
+4.600000e+02 +1.544536e-02 +6.000000e-08 +9.845546e-01 
+4.610000e+02 +1.544536e-02 +6.000000e-08 +9.845546e-01 
+4.620000e+02 +1.544536e-02 +6.000000e-08 +9.845546e-01 
+4.630000e+02 +1.544536e-02 +6.000000e-08 +9.845546e-01 
+4.640000e+02 +1.544536e-02 +6.000000e-08 +9.845546e-01 
+4.650000e+02 +1.544536e-02 +6.000000e-08 +9.845546e-01 
+4.660000e+02 +1.544536e-02 +6.000000e-08 +9.845546e-01 
+4.670000e+02 +1.544536e-02 +6.000000e-08 +9.845546e-01 
+4.680000e+02 +1.544536e-02 +6.000000e-08 +9.845546e-01 
+4.690000e+02 +1.544536e-02 +6.000000e-08 +9.845546e-01 
+4.700000e+02 +1.544536e-02 +6.000000e-08 +9.845546e-01 
+4.710000e+02 +1.544536e-02 +6.000000e-08 +9.845546e-01 
+4.720000e+02 +1.544536e-02 +6.000000e-08 +9.845546e-01 
+4.730000e+02 +1.544536e-02 +6.000000e-08 +9.845546e-01 
+4.740000e+02 +1.544536e-02 +6.000000e-08 +9.845546e-01 
+4.750000e+02 +1.544536e-02 +6.000000e-08 +9.845546e-01 
+4.760000e+02 +1.544536e-02 +6.000000e-08 +9.845546e-01 
+4.770000e+02 +1.544536e-02 +6.000000e-08 +9.845546e-01 
+4.780000e+02 +1.544536e-02 +6.000000e-08 +9.845546e-01 
+4.790000e+02 +1.544536e-02 +6.000000e-08 +9.845546e-01 
+4.800000e+02 +1.544536e-02 +6.000000e-08 +9.845546e-01 
+4.810000e+02 +1.544536e-02 +6.000000e-08 +9.845546e-01 
+4.820000e+02 +1.544536e-02 +6.000000e-08 +9.845546e-01 
+4.830000e+02 +1.544536e-02 +6.000000e-08 +9.845546e-01 
+4.840000e+02 +1.544536e-02 +6.000000e-08 +9.845546e-01 
+4.850000e+02 +1.544536e-02 +6.000000e-08 +9.845546e-01 
+4.860000e+02 +1.544536e-02 +6.000000e-08 +9.845546e-01 
+4.870000e+02 +1.544536e-02 +6.000000e-08 +9.845546e-01 
+4.880000e+02 +1.544536e-02 +6.000000e-08 +9.845546e-01 
+4.890000e+02 +1.544536e-02 +6.000000e-08 +9.845546e-01 
+4.900000e+02 +1.544536e-02 +6.000000e-08 +9.845546e-01 
+4.910000e+02 +1.544536e-02 +6.000000e-08 +9.845546e-01 
+4.920000e+02 +1.544536e-02 +6.000000e-08 +9.845546e-01 
+4.930000e+02 +1.544536e-02 +6.000000e-08 +9.845546e-01 
+4.940000e+02 +1.544536e-02 +6.000000e-08 +9.845546e-01 
+4.950000e+02 +1.544536e-02 +6.000000e-08 +9.845546e-01 
+4.960000e+02 +1.544536e-02 +6.000000e-08 +9.845546e-01 
+4.970000e+02 +1.544536e-02 +6.000000e-08 +9.845546e-01 
+4.980000e+02 +1.544536e-02 +6.000000e-08 +9.845546e-01 
+4.990000e+02 +1.544536e-02 +6.000000e-08 +9.845546e-01 
+5.000000e+02 +1.544536e-02 +6.000000e-08 +9.845546e-01 
