1.000000e-01 9.990992e-01 1.012066e-04 7.995996e-04
2.000000e-01 9.982990e-01 1.024268e-04 1.598559e-03
3.000000e-01 9.974995e-01 1.036607e-04 2.396878e-03
4.000000e-01 9.967005e-01 1.049085e-04 3.194558e-03
5.000000e-01 9.959022e-01 1.061703e-04 3.991599e-03
6.000000e-01 9.951046e-01 1.074462e-04 4.788002e-03
7.000000e-01 9.943075e-01 1.087364e-04 5.583767e-03
8.000000e-01 9.935111e-01 1.100411e-04 6.378894e-03
9.000000e-01 9.927153e-01 1.113603e-04 7.173385e-03
1.000000e+00 9.919201e-01 1.126943e-04 7.967239e-03
1.100000e+00 9.911255e-01 1.140432e-04 8.760457e-03
1.200000e+00 9.903316e-01 1.154071e-04 9.553040e-03
1.300000e+00 9.895382e-01 1.167862e-04 1.034499e-02
1.400000e+00 9.887455e-01 1.181807e-04 1.113630e-02
1.500000e+00 9.879534e-01 1.195907e-04 1.192698e-02
1.600000e+00 9.871620e-01 1.210163e-04 1.271703e-02
1.700000e+00 9.863711e-01 1.224578e-04 1.350644e-02
1.800000e+00 9.855809e-01 1.239153e-04 1.429522e-02
1.900000e+00 9.847912e-01 1.253890e-04 1.508337e-02
2.000000e+00 9.840022e-01 1.268790e-04 1.587089e-02
2.100000e+00 9.832138e-01 1.283854e-04 1.665777e-02
2.200000e+00 9.824261e-01 1.299085e-04 1.744403e-02
2.300000e+00 9.816389e-01 1.314485e-04 1.822965e-02
2.400000e+00 9.808523e-01 1.330054e-04 1.901465e-02
2.500000e+00 9.800664e-01 1.345795e-04 1.979902e-02
2.600000e+00 9.792811e-01 1.361710e-04 2.058276e-02
2.700000e+00 9.784964e-01 1.377800e-04 2.136587e-02
2.800000e+00 9.777122e-01 1.394067e-04 2.214835e-02
2.900000e+00 9.769287e-01 1.410513e-04 2.293021e-02
3.000000e+00 9.761458e-01 1.427139e-04 2.371144e-02
3.100000e+00 9.753636e-01 1.443947e-04 2.449204e-02
3.200000e+00 9.745819e-01 1.460940e-04 2.527202e-02
3.300000e+00 9.738008e-01 1.478119e-04 2.605137e-02
3.400000e+00 9.730203e-01 1.495486e-04 2.683010e-02
3.500000e+00 9.722405e-01 1.513043e-04 2.760821e-02
3.600000e+00 9.714612e-01 1.530792e-04 2.838569e-02
3.700000e+00 9.706826e-01 1.548735e-04 2.916254e-02
3.800000e+00 9.699045e-01 1.566873e-04 2.993878e-02
3.900000e+00 9.691271e-01 1.585208e-04 3.071439e-02
4.000000e+00 9.683502e-01 1.603744e-04 3.148938e-02
4.100000e+00 9.675740e-01 1.622481e-04 3.226375e-02
4.200000e+00 9.667984e-01 1.641421e-04 3.303750e-02
4.300000e+00 9.660233e-01 1.660568e-04 3.381063e-02
4.400000e+00 9.652489e-01 1.679922e-04 3.458314e-02
4.500000e+00 9.644750e-01 1.699485e-04 3.535503e-02
4.600000e+00 9.637018e-01 1.719261e-04 3.612630e-02
4.700000e+00 9.629291e-01 1.739250e-04 3.689695e-02
4.800000e+00 9.621571e-01 1.759456e-04 3.766699e-02
4.900000e+00 9.613856e-01 1.779880e-04 3.843640e-02
5.000000e+00 9.606147e-01 1.800525e-04 3.920520e-02
5.100000e+00 9.598445e-01 1.821392e-04 3.997339e-02
5.200000e+00 9.590748e-01 1.842483e-04 4.074095e-02
5.300000e+00 9.583057e-01 1.863802e-04 4.150791e-02
5.400000e+00 9.575372e-01 1.885350e-04 4.227424e-02
5.500000e+00 9.567693e-01 1.907130e-04 4.303997e-02
5.600000e+00 9.560020e-01 1.929143e-04 4.380507e-02
5.700000e+00 9.552353e-01 1.951393e-04 4.456957e-02
5.800000e+00 9.544692e-01 1.973881e-04 4.533345e-02
5.900000e+00 9.537036e-01 1.996610e-04 4.609672e-02
6.000000e+00 9.529387e-01 2.019582e-04 4.685938e-02
6.100000e+00 9.521743e-01 2.042800e-04 4.762142e-02
6.200000e+00 9.514105e-01 2.066265e-04 4.838286e-02
6.300000e+00 9.506473e-01 2.089981e-04 4.914368e-02
6.400000e+00 9.498847e-01 2.113950e-04 4.990389e-02
6.500000e+00 9.491227e-01 2.138174e-04 5.066349e-02
6.600000e+00 9.483612e-01 2.162656e-04 5.142249e-02
6.700000e+00 9.476004e-01 2.187399e-04 5.218087e-02
6.800000e+00 9.468401e-01 2.212404e-04 5.293865e-02
6.900000e+00 9.460804e-01 2.237675e-04 5.369582e-02
7.000000e+00 9.453213e-01 2.263213e-04 5.445238e-02
7.100000e+00 9.445628e-01 2.289023e-04 5.520833e-02
7.200000e+00 9.438048e-01 2.315105e-04 5.596368e-02
7.300000e+00 9.430474e-01 2.341464e-04 5.671842e-02
7.400000e+00 9.422906e-01 2.368101e-04 5.747255e-02
7.500000e+00 9.415344e-01 2.395019e-04 5.822608e-02
7.600000e+00 9.407788e-01 2.422222e-04 5.897901e-02
7.700000e+00 9.400237e-01 2.449711e-04 5.973133e-02
7.800000e+00 9.392692e-01 2.477489e-04 6.048305e-02
7.900000e+00 9.385153e-01 2.505560e-04 6.123416e-02
8.000000e+00 9.377619e-01 2.533927e-04 6.198467e-02
8.100000e+00 9.370092e-01 2.562591e-04 6.273458e-02
8.200000e+00 9.362570e-01 2.591556e-04 6.348389e-02
8.300000e+00 9.355053e-01 2.620824e-04 6.423259e-02
8.400000e+00 9.347543e-01 2.650400e-04 6.498070e-02
8.500000e+00 9.340038e-01 2.680285e-04 6.572820e-02
8.600000e+00 9.332538e-01 2.710482e-04 6.647510e-02
8.700000e+00 9.325045e-01 2.740995e-04 6.722141e-02
8.800000e+00 9.317557e-01 2.771827e-04 6.796711e-02
8.900000e+00 9.310075e-01 2.802980e-04 6.871221e-02
9.000000e+00 9.302598e-01 2.834458e-04 6.945672e-02
9.100000e+00 9.295127e-01 2.866264e-04 7.020063e-02
9.200000e+00 9.287662e-01 2.898401e-04 7.094394e-02
9.300000e+00 9.280203e-01 2.930872e-04 7.168666e-02
9.400000e+00 9.272749e-01 2.963680e-04 7.242877e-02
9.500000e+00 9.265300e-01 2.996828e-04 7.317030e-02
9.600000e+00 9.257857e-01 3.030320e-04 7.391122e-02
9.700000e+00 9.250420e-01 3.064159e-04 7.465155e-02
9.800000e+00 9.242989e-01 3.098349e-04 7.539129e-02
9.900000e+00 9.235563e-01 3.132892e-04 7.613043e-02
1.000000e+01 9.228142e-01 3.167792e-04 7.686898e-02
1.010000e+01 9.220728e-01 3.203052e-04 7.760693e-02
1.020000e+01 9.213318e-01 3.238676e-04 7.834430e-02
1.030000e+01 9.205915e-01 3.274666e-04 7.908107e-02
1.040000e+01 9.198517e-01 3.311028e-04 7.981724e-02
1.050000e+01 9.191124e-01 3.347763e-04 8.055283e-02
1.060000e+01 9.183737e-01 3.384876e-04 8.128782e-02
1.070000e+01 9.176355e-01 3.422370e-04 8.202223e-02
1.080000e+01 9.168979e-01 3.460249e-04 8.275604e-02
1.090000e+01 9.161609e-01 3.498516e-04 8.348926e-02
1.100000e+01 9.154244e-01 3.537175e-04 8.422190e-02
1.110000e+01 9.146884e-01 3.576230e-04 8.495394e-02
1.120000e+01 9.139530e-01 3.615684e-04 8.568540e-02
1.130000e+01 9.132182e-01 3.655541e-04 8.641627e-02
1.140000e+01 9.124839e-01 3.695804e-04 8.714655e-02
1.150000e+01 9.117501e-01 3.736479e-04 8.787624e-02
1.160000e+01 9.110169e-01 3.777567e-04 8.860535e-02
1.170000e+01 9.102842e-01 3.819074e-04 8.933387e-02
1.180000e+01 9.095521e-01 3.861003e-04 9.006180e-02
1.190000e+01 9.088205e-01 3.903358e-04 9.078915e-02
1.200000e+01 9.080895e-01 3.946143e-04 9.151592e-02
1.210000e+01 9.073590e-01 3.989362e-04 9.224210e-02
1.220000e+01 9.066290e-01 4.033020e-04 9.296769e-02
1.230000e+01 9.058996e-01 4.077119e-04 9.369270e-02
1.240000e+01 9.051707e-01 4.121664e-04 9.441713e-02
1.250000e+01 9.044424e-01 4.166660e-04 9.514098e-02
1.260000e+01 9.037146e-01 4.212109e-04 9.586424e-02
1.270000e+01 9.029873e-01 4.258018e-04 9.658692e-02
1.280000e+01 9.022605e-01 4.304389e-04 9.730902e-02
1.290000e+01 9.015343e-01 4.351228e-04 9.803054e-02
1.300000e+01 9.008087e-01 4.398538e-04 9.875147e-02
1.310000e+01 9.000835e-01 4.446323e-04 9.947183e-02
1.320000e+01 8.993589e-01 4.494588e-04 1.001916e-01
1.330000e+01 8.986349e-01 4.543338e-04 1.009108e-01
1.340000e+01 8.979113e-01 4.592577e-04 1.016294e-01
1.350000e+01 8.971883e-01 4.642309e-04 1.023475e-01
1.360000e+01 8.964658e-01 4.692539e-04 1.030649e-01
1.370000e+01 8.957439e-01 4.743272e-04 1.037818e-01
1.380000e+01 8.950224e-01 4.794511e-04 1.044981e-01
1.390000e+01 8.943015e-01 4.846262e-04 1.052138e-01
1.400000e+01 8.935811e-01 4.898529e-04 1.059290e-01
1.410000e+01 8.928613e-01 4.951317e-04 1.066436e-01
1.420000e+01 8.921420e-01 5.004631e-04 1.073576e-01
1.430000e+01 8.914232e-01 5.058475e-04 1.080710e-01
1.440000e+01 8.907049e-01 5.112854e-04 1.087839e-01
1.450000e+01 8.899871e-01 5.167774e-04 1.094961e-01
1.460000e+01 8.892698e-01 5.223238e-04 1.102078e-01
1.470000e+01 8.885531e-01 5.279252e-04 1.109190e-01
1.480000e+01 8.878369e-01 5.335821e-04 1.116295e-01
1.490000e+01 8.871212e-01 5.392950e-04 1.123395e-01
1.500000e+01 8.864060e-01 5.450644e-04 1.130489e-01
1.510000e+01 8.856914e-01 5.508907e-04 1.137578e-01
1.520000e+01 8.849772e-01 5.567746e-04 1.144660e-01
1.530000e+01 8.842636e-01 5.627165e-04 1.151737e-01
1.540000e+01 8.835504e-01 5.687169e-04 1.158808e-01
1.550000e+01 8.828378e-01 5.747764e-04 1.165874e-01
1.560000e+01 8.821257e-01 5.808955e-04 1.172934e-01
1.570000e+01 8.814141e-01 5.870747e-04 1.179988e-01
1.580000e+01 8.807030e-01 5.933146e-04 1.187036e-01
1.590000e+01 8.799925e-01 5.996157e-04 1.194079e-01
1.600000e+01 8.792824e-01 6.059786e-04 1.201116e-01
1.610000e+01 8.785728e-01 6.124038e-04 1.208148e-01
1.620000e+01 8.778638e-01 6.188918e-04 1.215173e-01
1.630000e+01 8.771552e-01 6.254432e-04 1.222194e-01
1.640000e+01 8.764471e-01 6.320586e-04 1.229208e-01
1.650000e+01 8.757396e-01 6.387386e-04 1.236217e-01
1.660000e+01 8.750325e-01 6.454837e-04 1.243220e-01
1.670000e+01 8.743260e-01 6.522944e-04 1.250217e-01
1.680000e+01 8.736199e-01 6.591715e-04 1.257209e-01
1.690000e+01 8.729144e-01 6.661154e-04 1.264195e-01
1.700000e+01 8.722093e-01 6.731268e-04 1.271176e-01
1.710000e+01 8.715047e-01 6.802062e-04 1.278151e-01
1.720000e+01 8.708007e-01 6.873542e-04 1.285120e-01
1.730000e+01 8.700971e-01 6.945715e-04 1.292083e-01
1.740000e+01 8.693940e-01 7.018587e-04 1.299041e-01
1.750000e+01 8.686914e-01 7.092163e-04 1.305994e-01
1.760000e+01 8.679893e-01 7.166451e-04 1.312940e-01
1.770000e+01 8.672877e-01 7.241455e-04 1.319881e-01
1.780000e+01 8.665866e-01 7.317183e-04 1.326817e-01
1.790000e+01 8.658860e-01 7.393641e-04 1.333747e-01
1.800000e+01 8.651858e-01 7.470834e-04 1.340671e-01
1.810000e+01 8.644861e-01 7.548771e-04 1.347590e-01
1.820000e+01 8.637870e-01 7.627456e-04 1.354503e-01
1.830000e+01 8.630883e-01 7.706897e-04 1.361410e-01
1.840000e+01 8.623901e-01 7.787100e-04 1.368312e-01
1.850000e+01 8.616923e-01 7.868071e-04 1.375209e-01
1.860000e+01 8.609951e-01 7.949818e-04 1.382099e-01
1.870000e+01 8.602983e-01 8.032348e-04 1.388985e-01
1.880000e+01 8.596020e-01 8.115666e-04 1.395864e-01
1.890000e+01 8.589062e-01 8.199780e-04 1.402738e-01
1.900000e+01 8.582109e-01 8.284696e-04 1.409607e-01
1.910000e+01 8.575160e-01 8.370423e-04 1.416470e-01
1.920000e+01 8.568216e-01 8.456965e-04 1.423327e-01
1.930000e+01 8.561277e-01 8.544332e-04 1.430179e-01
1.940000e+01 8.554342e-01 8.632529e-04 1.437025e-01
1.950000e+01 8.547413e-01 8.721563e-04 1.443866e-01
1.960000e+01 8.540488e-01 8.811443e-04 1.450701e-01
1.970000e+01 8.533567e-01 8.902175e-04 1.457530e-01
1.980000e+01 8.526652e-01 8.993767e-04 1.464355e-01
1.990000e+01 8.519741e-01 9.086226e-04 1.471173e-01
2.000000e+01 8.512834e-01 9.179559e-04 1.477986e-01
2.010000e+01 8.505933e-01 9.273774e-04 1.484794e-01
2.020000e+01 8.499035e-01 9.368879e-04 1.491596e-01
2.030000e+01 8.492143e-01 9.464880e-04 1.498392e-01
2.040000e+01 8.485255e-01 9.561786e-04 1.505183e-01
2.050000e+01 8.478372e-01 9.659605e-04 1.511969e-01
2.060000e+01 8.471493e-01 9.758344e-04 1.518748e-01
2.070000e+01 8.464619e-01 9.858010e-04 1.525523e-01
2.080000e+01 8.457750e-01 9.958613e-04 1.532292e-01
2.090000e+01 8.450885e-01 1.006016e-03 1.539055e-01
2.100000e+01 8.444024e-01 1.016266e-03 1.545813e-01
2.110000e+01 8.437168e-01 1.026611e-03 1.552566e-01
2.120000e+01 8.430317e-01 1.037054e-03 1.559313e-01
2.130000e+01 8.423470e-01 1.047594e-03 1.566054e-01
2.140000e+01 8.416627e-01 1.058233e-03 1.572790e-01
2.150000e+01 8.409789e-01 1.068971e-03 1.579521e-01
2.160000e+01 8.402956e-01 1.079809e-03 1.586246e-01
2.170000e+01 8.396127e-01 1.090748e-03 1.592966e-01
2.180000e+01 8.389302e-01 1.101788e-03 1.599680e-01
2.190000e+01 8.382482e-01 1.112932e-03 1.606388e-01
2.200000e+01 8.375666e-01 1.124178e-03 1.613092e-01
2.210000e+01 8.368855e-01 1.135530e-03 1.619790e-01
2.220000e+01 8.362048e-01 1.146986e-03 1.626482e-01
2.230000e+01 8.355246e-01 1.158549e-03 1.633169e-01
2.240000e+01 8.348448e-01 1.170218e-03 1.639850e-01
2.250000e+01 8.341654e-01 1.181996e-03 1.646526e-01
2.260000e+01 8.334864e-01 1.193882e-03 1.653197e-01
2.270000e+01 8.328079e-01 1.205878e-03 1.659862e-01
2.280000e+01 8.321298e-01 1.217985e-03 1.666522e-01
2.290000e+01 8.314522e-01 1.230203e-03 1.673176e-01
2.300000e+01 8.307750e-01 1.242534e-03 1.679825e-01
2.310000e+01 8.300982e-01 1.254978e-03 1.686469e-01
2.320000e+01 8.294218e-01 1.267536e-03 1.693107e-01
2.330000e+01 8.287459e-01 1.280210e-03 1.699739e-01
2.340000e+01 8.280703e-01 1.293000e-03 1.706367e-01
2.350000e+01 8.273952e-01 1.305907e-03 1.712988e-01
2.360000e+01 8.267206e-01 1.318932e-03 1.719605e-01
2.370000e+01 8.260463e-01 1.332076e-03 1.726216e-01
2.380000e+01 8.253725e-01 1.345341e-03 1.732822e-01
2.390000e+01 8.246991e-01 1.358726e-03 1.739422e-01
2.400000e+01 8.240261e-01 1.372234e-03 1.746017e-01
2.410000e+01 8.233535e-01 1.385865e-03 1.752606e-01
2.420000e+01 8.226813e-01 1.399620e-03 1.759191e-01
2.430000e+01 8.220096e-01 1.413500e-03 1.765769e-01
2.440000e+01 8.213382e-01 1.427506e-03 1.772343e-01
2.450000e+01 8.206673e-01 1.441639e-03 1.778911e-01
2.460000e+01 8.199968e-01 1.455901e-03 1.785473e-01
2.470000e+01 8.193266e-01 1.470292e-03 1.792031e-01
2.480000e+01 8.186569e-01 1.484813e-03 1.798583e-01
2.490000e+01 8.179876e-01 1.499465e-03 1.805129e-01
2.500000e+01 8.173187e-01 1.514250e-03 1.811670e-01
2.510000e+01 8.166502e-01 1.529169e-03 1.818206e-01
2.520000e+01 8.159821e-01 1.544222e-03 1.824737e-01
2.530000e+01 8.153144e-01 1.559410e-03 1.831262e-01
2.540000e+01 8.146471e-01 1.574736e-03 1.837782e-01
2.550000e+01 8.139802e-01 1.590199e-03 1.844296e-01
2.560000e+01 8.133136e-01 1.605802e-03 1.850805e-01
2.570000e+01 8.126475e-01 1.621544e-03 1.857309e-01
2.580000e+01 8.119818e-01 1.637428e-03 1.863808e-01
2.590000e+01 8.113164e-01 1.653454e-03 1.870301e-01
2.600000e+01 8.106515e-01 1.669624e-03 1.876789e-01
2.610000e+01 8.099869e-01 1.685938e-03 1.883271e-01
2.620000e+01 8.093227e-01 1.702398e-03 1.889749e-01
2.630000e+01 8.086589e-01 1.719005e-03 1.896221e-01
2.640000e+01 8.079955e-01 1.735761e-03 1.902687e-01
2.650000e+01 8.073325e-01 1.752665e-03 1.909149e-01
2.660000e+01 8.066698e-01 1.769721e-03 1.915605e-01
2.670000e+01 8.060075e-01 1.786928e-03 1.922055e-01
2.680000e+01 8.053456e-01 1.804288e-03 1.928501e-01
2.690000e+01 8.046841e-01 1.821802e-03 1.934941e-01
2.700000e+01 8.040230e-01 1.839472e-03 1.941376e-01
2.710000e+01 8.033622e-01 1.857298e-03 1.947805e-01
2.720000e+01 8.027018e-01 1.875282e-03 1.954229e-01
2.730000e+01 8.020417e-01 1.893425e-03 1.960648e-01
2.740000e+01 8.013821e-01 1.911729e-03 1.967062e-01
2.750000e+01 8.007228e-01 1.930194e-03 1.973471e-01
2.760000e+01 8.000638e-01 1.948823e-03 1.979874e-01
2.770000e+01 7.994052e-01 1.967615e-03 1.986272e-01
2.780000e+01 7.987470e-01 1.986573e-03 1.992664e-01
2.790000e+01 7.980892e-01 2.005698e-03 1.999052e-01
2.800000e+01 7.974317e-01 2.024991e-03 2.005434e-01
2.810000e+01 7.967745e-01 2.044454e-03 2.011810e-01
2.820000e+01 7.961177e-01 2.064087e-03 2.018182e-01
2.830000e+01 7.954613e-01 2.083892e-03 2.024548e-01
2.840000e+01 7.948052e-01 2.103871e-03 2.030909e-01
2.850000e+01 7.941495e-01 2.124025e-03 2.037265e-01
2.860000e+01 7.934941e-01 2.144354e-03 2.043616e-01
2.870000e+01 7.928390e-01 2.164862e-03 2.049961e-01
2.880000e+01 7.921843e-01 2.185548e-03 2.056301e-01
2.890000e+01 7.915300e-01 2.206415e-03 2.062636e-01
2.900000e+01 7.908760e-01 2.227463e-03 2.068966e-01
2.910000e+01 7.902223e-01 2.248695e-03 2.075290e-01
2.920000e+01 7.895690e-01 2.270111e-03 2.081609e-01
2.930000e+01 7.889160e-01 2.291713e-03 2.087923e-01
2.940000e+01 7.882633e-01 2.313503e-03 2.094232e-01
2.950000e+01 7.876110e-01 2.335481e-03 2.100535e-01
2.960000e+01 7.869590e-01 2.357650e-03 2.106834e-01
2.970000e+01 7.863073e-01 2.380011e-03 2.113127e-01
2.980000e+01 7.856560e-01 2.402565e-03 2.119415e-01
2.990000e+01 7.850050e-01 2.425313e-03 2.125697e-01
3.000000e+01 7.843543e-01 2.448258e-03 2.131975e-01
3.010000e+01 7.837039e-01 2.471401e-03 2.138247e-01
3.020000e+01 7.830539e-01 2.494743e-03 2.144514e-01
3.030000e+01 7.824041e-01 2.518286e-03 2.150776e-01
3.040000e+01 7.817547e-01 2.542031e-03 2.157032e-01
3.050000e+01 7.811056e-01 2.565980e-03 2.163284e-01
3.060000e+01 7.804569e-01 2.590135e-03 2.169530e-01
3.070000e+01 7.798084e-01 2.614497e-03 2.175771e-01
3.080000e+01 7.791602e-01 2.639067e-03 2.182007e-01
3.090000e+01 7.785124e-01 2.663847e-03 2.188238e-01
3.100000e+01 7.778648e-01 2.688840e-03 2.194463e-01
3.110000e+01 7.772176e-01 2.714045e-03 2.200684e-01
3.120000e+01 7.765707e-01 2.739466e-03 2.206899e-01
3.130000e+01 7.759240e-01 2.765103e-03 2.213109e-01
3.140000e+01 7.752777e-01 2.790959e-03 2.219313e-01
3.150000e+01 7.746317e-01 2.817034e-03 2.225513e-01
3.160000e+01 7.739859e-01 2.843331e-03 2.231708e-01
3.170000e+01 7.733405e-01 2.869851e-03 2.237897e-01
3.180000e+01 7.726953e-01 2.896597e-03 2.244081e-01
3.190000e+01 7.720504e-01 2.923568e-03 2.250260e-01
3.200000e+01 7.714058e-01 2.950769e-03 2.256434e-01
3.210000e+01 7.707616e-01 2.978199e-03 2.262603e-01
3.220000e+01 7.701175e-01 3.005861e-03 2.268766e-01
3.230000e+01 7.694738e-01 3.033756e-03 2.274924e-01
3.240000e+01 7.688304e-01 3.061887e-03 2.281078e-01
3.250000e+01 7.681872e-01 3.090254e-03 2.287226e-01
3.260000e+01 7.675443e-01 3.118861e-03 2.293369e-01
3.270000e+01 7.669017e-01 3.147708e-03 2.299506e-01
3.280000e+01 7.662593e-01 3.176797e-03 2.305639e-01
3.290000e+01 7.656172e-01 3.206130e-03 2.311767e-01
3.300000e+01 7.649754e-01 3.235710e-03 2.317889e-01
3.310000e+01 7.643338e-01 3.265537e-03 2.324006e-01
3.320000e+01 7.636926e-01 3.295613e-03 2.330118e-01
3.330000e+01 7.630515e-01 3.325941e-03 2.336225e-01
3.340000e+01 7.624108e-01 3.356523e-03 2.342327e-01
3.350000e+01 7.617703e-01 3.387359e-03 2.348424e-01
3.360000e+01 7.611300e-01 3.418453e-03 2.354515e-01
3.370000e+01 7.604900e-01 3.449805e-03 2.360602e-01
3.380000e+01 7.598503e-01 3.481418e-03 2.366683e-01
3.390000e+01 7.592108e-01 3.513294e-03 2.372759e-01
3.400000e+01 7.585715e-01 3.545435e-03 2.378831e-01
3.410000e+01 7.579325e-01 3.577842e-03 2.384897e-01
3.420000e+01 7.572937e-01 3.610518e-03 2.390958e-01
3.430000e+01 7.566552e-01 3.643464e-03 2.397013e-01
3.440000e+01 7.560169e-01 3.676683e-03 2.403064e-01
3.450000e+01 7.553789e-01 3.710176e-03 2.409110e-01
3.460000e+01 7.547410e-01 3.743946e-03 2.415150e-01
3.470000e+01 7.541035e-01 3.777994e-03 2.421185e-01
3.480000e+01 7.534661e-01 3.812322e-03 2.427216e-01
3.490000e+01 7.528290e-01 3.846933e-03 2.433241e-01
3.500000e+01 7.521921e-01 3.881829e-03 2.439261e-01
3.510000e+01 7.515554e-01 3.917011e-03 2.445276e-01
3.520000e+01 7.509189e-01 3.952482e-03 2.451286e-01
3.530000e+01 7.502827e-01 3.988244e-03 2.457291e-01
3.540000e+01 7.496467e-01 4.024298e-03 2.463290e-01
3.550000e+01 7.490108e-01 4.060648e-03 2.469285e-01
3.560000e+01 7.483752e-01 4.097294e-03 2.475275e-01
3.570000e+01 7.477399e-01 4.134240e-03 2.481259e-01
3.580000e+01 7.471047e-01 4.171487e-03 2.487238e-01
3.590000e+01 7.464697e-01 4.209037e-03 2.493213e-01
3.600000e+01 7.458349e-01 4.246894e-03 2.499182e-01
3.610000e+01 7.452003e-01 4.285058e-03 2.505146e-01
3.620000e+01 7.445660e-01 4.323532e-03 2.511105e-01
3.630000e+01 7.439318e-01 4.362318e-03 2.517059e-01
3.640000e+01 7.432978e-01 4.401419e-03 2.523008e-01
3.650000e+01 7.426640e-01 4.440836e-03 2.528952e-01
3.660000e+01 7.420304e-01 4.480573e-03 2.534891e-01
3.670000e+01 7.413969e-01 4.520631e-03 2.540824e-01
3.680000e+01 7.407637e-01 4.561012e-03 2.546753e-01
3.690000e+01 7.401306e-01 4.601718e-03 2.552677e-01
3.700000e+01 7.394977e-01 4.642753e-03 2.558595e-01
3.710000e+01 7.388650e-01 4.684119e-03 2.564509e-01
3.720000e+01 7.382325e-01 4.725816e-03 2.570417e-01
3.730000e+01 7.376001e-01 4.767849e-03 2.576320e-01
3.740000e+01 7.369679e-01 4.810220e-03 2.582219e-01
3.750000e+01 7.363359e-01 4.852930e-03 2.588112e-01
3.760000e+01 7.357040e-01 4.895982e-03 2.594000e-01
3.770000e+01 7.350723e-01 4.939378e-03 2.599883e-01
3.780000e+01 7.344408e-01 4.983122e-03 2.605761e-01
3.790000e+01 7.338094e-01 5.027214e-03 2.611634e-01
3.800000e+01 7.331781e-01 5.071659e-03 2.617502e-01
3.810000e+01 7.325470e-01 5.116458e-03 2.623365e-01
3.820000e+01 7.319161e-01 5.161613e-03 2.629223e-01
3.830000e+01 7.312853e-01 5.207127e-03 2.635076e-01
3.840000e+01 7.306547e-01 5.253003e-03 2.640923e-01
3.850000e+01 7.300241e-01 5.299243e-03 2.646766e-01
3.860000e+01 7.293938e-01 5.345850e-03 2.652604e-01
3.870000e+01 7.287635e-01 5.392826e-03 2.658436e-01
3.880000e+01 7.281334e-01 5.440173e-03 2.664264e-01
3.890000e+01 7.275035e-01 5.487895e-03 2.670087e-01
3.900000e+01 7.268736e-01 5.535993e-03 2.675904e-01
3.910000e+01 7.262439e-01 5.584471e-03 2.681716e-01
3.920000e+01 7.256143e-01 5.633330e-03 2.687524e-01
3.930000e+01 7.249848e-01 5.682574e-03 2.693326e-01
3.940000e+01 7.243554e-01 5.732206e-03 2.699124e-01
3.950000e+01 7.237262e-01 5.782227e-03 2.704916e-01
3.960000e+01 7.230970e-01 5.832641e-03 2.710703e-01
3.970000e+01 7.224680e-01 5.883450e-03 2.716486e-01
3.980000e+01 7.218391e-01 5.934656e-03 2.722263e-01
3.990000e+01 7.212102e-01 5.986263e-03 2.728035e-01
4.000000e+01 7.205815e-01 6.038274e-03 2.733802e-01
4.010000e+01 7.199529e-01 6.090690e-03 2.739564e-01
4.020000e+01 7.193243e-01 6.143515e-03 2.745321e-01
4.030000e+01 7.186959e-01 6.196751e-03 2.751073e-01
4.040000e+01 7.180675e-01 6.250402e-03 2.756821e-01
4.050000e+01 7.174393e-01 6.304469e-03 2.762563e-01
4.060000e+01 7.168111e-01 6.358956e-03 2.768300e-01
4.070000e+01 7.161830e-01 6.413866e-03 2.774032e-01
4.080000e+01 7.155550e-01 6.469201e-03 2.779758e-01
4.090000e+01 7.149270e-01 6.524965e-03 2.785480e-01
4.100000e+01 7.142991e-01 6.581159e-03 2.791197e-01
4.110000e+01 7.136713e-01 6.637788e-03 2.796909e-01
4.120000e+01 7.130435e-01 6.694853e-03 2.802616e-01
4.130000e+01 7.124159e-01 6.752358e-03 2.808318e-01
4.140000e+01 7.117882e-01 6.810305e-03 2.814015e-01
4.150000e+01 7.111607e-01 6.868699e-03 2.819707e-01
4.160000e+01 7.105331e-01 6.927540e-03 2.825393e-01
4.170000e+01 7.099057e-01 6.986834e-03 2.831075e-01
4.180000e+01 7.092782e-01 7.046581e-03 2.836752e-01
4.190000e+01 7.086509e-01 7.106786e-03 2.842423e-01
4.200000e+01 7.080235e-01 7.167452e-03 2.848090e-01
4.210000e+01 7.073962e-01 7.228581e-03 2.853752e-01
4.220000e+01 7.067690e-01 7.290176e-03 2.859409e-01
4.230000e+01 7.061417e-01 7.352241e-03 2.865060e-01
4.240000e+01 7.055145e-01 7.414778e-03 2.870707e-01
4.250000e+01 7.048874e-01 7.477792e-03 2.876348e-01
4.260000e+01 7.042602e-01 7.541284e-03 2.881985e-01
4.270000e+01 7.036331e-01 7.605257e-03 2.887617e-01
4.280000e+01 7.030060e-01 7.669716e-03 2.893243e-01
4.290000e+01 7.023789e-01 7.734663e-03 2.898865e-01
4.300000e+01 7.017518e-01 7.800101e-03 2.904481e-01
4.310000e+01 7.011247e-01 7.866034e-03 2.910093e-01
4.320000e+01 7.004976e-01 7.932464e-03 2.915699e-01
4.330000e+01 6.998705e-01 7.999395e-03 2.921301e-01
4.340000e+01 6.992435e-01 8.066830e-03 2.926897e-01
4.350000e+01 6.986164e-01 8.134772e-03 2.932489e-01
4.360000e+01 6.979893e-01 8.203225e-03 2.938075e-01
4.370000e+01 6.973622e-01 8.272192e-03 2.943656e-01
4.380000e+01 6.967350e-01 8.341675e-03 2.949233e-01
4.390000e+01 6.961079e-01 8.411679e-03 2.954804e-01
4.400000e+01 6.954807e-01 8.482207e-03 2.960370e-01
4.410000e+01 6.948536e-01 8.553261e-03 2.965932e-01
4.420000e+01 6.942263e-01 8.624846e-03 2.971488e-01
4.430000e+01 6.935991e-01 8.696965e-03 2.977039e-01
4.440000e+01 6.929718e-01 8.769620e-03 2.982586e-01
4.450000e+01 6.923445e-01 8.842816e-03 2.988127e-01
4.460000e+01 6.917171e-01 8.916556e-03 2.993663e-01
4.470000e+01 6.910897e-01 8.990843e-03 2.999194e-01
4.480000e+01 6.904623e-01 9.065681e-03 3.004721e-01
4.490000e+01 6.898347e-01 9.141072e-03 3.010242e-01
4.500000e+01 6.892072e-01 9.217022e-03 3.015758e-01
4.510000e+01 6.885795e-01 9.293532e-03 3.021269e-01
4.520000e+01 6.879519e-01 9.370607e-03 3.026775e-01
4.530000e+01 6.873241e-01 9.448250e-03 3.032276e-01
4.540000e+01 6.866963e-01 9.526464e-03 3.037772e-01
4.550000e+01 6.860684e-01 9.605254e-03 3.043264e-01
4.560000e+01 6.854404e-01 9.684622e-03 3.048750e-01
4.570000e+01 6.848124e-01 9.764573e-03 3.054231e-01
4.580000e+01 6.841842e-01 9.845109e-03 3.059707e-01
4.590000e+01 6.835560e-01 9.926235e-03 3.065178e-01
4.600000e+01 6.829277e-01 1.000795e-02 3.070643e-01
4.610000e+01 6.822993e-01 1.009027e-02 3.076104e-01
4.620000e+01 6.816708e-01 1.017318e-02 3.081560e-01
4.630000e+01 6.810422e-01 1.025670e-02 3.087011e-01
4.640000e+01 6.804135e-01 1.034083e-02 3.092457e-01
4.650000e+01 6.797847e-01 1.042557e-02 3.097898e-01
4.660000e+01 6.791557e-01 1.051092e-02 3.103334e-01
4.670000e+01 6.785267e-01 1.059690e-02 3.108764e-01
4.680000e+01 6.778975e-01 1.068349e-02 3.114190e-01
4.690000e+01 6.772682e-01 1.077071e-02 3.119611e-01
4.700000e+01 6.766388e-01 1.085857e-02 3.125026e-01
4.710000e+01 6.760093e-01 1.094705e-02 3.130437e-01
4.720000e+01 6.753796e-01 1.103617e-02 3.135842e-01
4.730000e+01 6.747498e-01 1.112594e-02 3.141243e-01
4.740000e+01 6.741198e-01 1.121635e-02 3.146638e-01
4.750000e+01 6.734897e-01 1.130741e-02 3.152029e-01
4.760000e+01 6.728595e-01 1.139912e-02 3.157414e-01
4.770000e+01 6.722291e-01 1.149149e-02 3.162795e-01
4.780000e+01 6.715985e-01 1.158452e-02 3.168170e-01
4.790000e+01 6.709678e-01 1.167821e-02 3.173540e-01
4.800000e+01 6.703369e-01 1.177258e-02 3.178905e-01
4.810000e+01 6.697058e-01 1.186761e-02 3.184266e-01
4.820000e+01 6.690746e-01 1.196333e-02 3.189621e-01
4.830000e+01 6.684432e-01 1.205972e-02 3.194971e-01
4.840000e+01 6.678116e-01 1.215680e-02 3.200316e-01
4.850000e+01 6.671799e-01 1.225456e-02 3.205656e-01
4.860000e+01 6.665479e-01 1.235302e-02 3.210991e-01
4.870000e+01 6.659158e-01 1.245218e-02 3.216320e-01
4.880000e+01 6.652834e-01 1.255203e-02 3.221645e-01
4.890000e+01 6.646509e-01 1.265260e-02 3.226965e-01
4.900000e+01 6.640182e-01 1.275387e-02 3.232280e-01
4.910000e+01 6.633852e-01 1.285585e-02 3.237589e-01
4.920000e+01 6.627521e-01 1.295855e-02 3.242894e-01
4.930000e+01 6.621187e-01 1.306197e-02 3.248193e-01
4.940000e+01 6.614851e-01 1.316612e-02 3.253488e-01
4.950000e+01 6.608513e-01 1.327099e-02 3.258777e-01
4.960000e+01 6.602173e-01 1.337660e-02 3.264061e-01
4.970000e+01 6.595830e-01 1.348295e-02 3.269341e-01
4.980000e+01 6.589485e-01 1.359004e-02 3.274615e-01
4.990000e+01 6.583138e-01 1.369787e-02 3.279884e-01
5.000000e+01 6.576788e-01 1.380646e-02 3.285148e-01
5.010000e+01 6.570435e-01 1.391580e-02 3.290407e-01
5.020000e+01 6.564081e-01 1.402590e-02 3.295660e-01
5.030000e+01 6.557723e-01 1.413676e-02 3.300909e-01
5.040000e+01 6.551363e-01 1.424839e-02 3.306153e-01
5.050000e+01 6.545001e-01 1.436079e-02 3.311391e-01
5.060000e+01 6.538636e-01 1.447397e-02 3.316625e-01
5.070000e+01 6.532268e-01 1.458793e-02 3.321853e-01
5.080000e+01 6.525897e-01 1.470268e-02 3.327076e-01
5.090000e+01 6.519523e-01 1.481821e-02 3.332295e-01
5.100000e+01 6.513147e-01 1.493454e-02 3.337508e-01
5.110000e+01 6.506768e-01 1.505166e-02 3.342716e-01
5.120000e+01 6.500386e-01 1.516959e-02 3.347918e-01
5.130000e+01 6.494001e-01 1.528832e-02 3.353116e-01
5.140000e+01 6.487612e-01 1.540787e-02 3.358309e-01
5.150000e+01 6.481221e-01 1.552823e-02 3.363496e-01
5.160000e+01 6.474827e-01 1.564941e-02 3.368679e-01
5.170000e+01 6.468430e-01 1.577141e-02 3.373856e-01
5.180000e+01 6.462029e-01 1.589425e-02 3.379028e-01
5.190000e+01 6.455625e-01 1.601792e-02 3.384195e-01
5.200000e+01 6.449218e-01 1.614242e-02 3.389357e-01
5.210000e+01 6.442808e-01 1.626777e-02 3.394514e-01
5.220000e+01 6.436395e-01 1.639397e-02 3.399666e-01
5.230000e+01 6.429977e-01 1.652102e-02 3.404812e-01
5.240000e+01 6.423557e-01 1.664892e-02 3.409954e-01
5.250000e+01 6.417133e-01 1.677769e-02 3.415090e-01
5.260000e+01 6.410706e-01 1.690732e-02 3.420221e-01
5.270000e+01 6.404275e-01 1.703782e-02 3.425347e-01
5.280000e+01 6.397840e-01 1.716920e-02 3.430468e-01
5.290000e+01 6.391402e-01 1.730145e-02 3.435584e-01
5.300000e+01 6.384960e-01 1.743459e-02 3.440694e-01
5.310000e+01 6.378514e-01 1.756862e-02 3.445800e-01
5.320000e+01 6.372065e-01 1.770354e-02 3.450900e-01
5.330000e+01 6.365611e-01 1.783936e-02 3.455995e-01
5.340000e+01 6.359154e-01 1.797608e-02 3.461085e-01
5.350000e+01 6.352693e-01 1.811371e-02 3.466170e-01
5.360000e+01 6.346228e-01 1.825225e-02 3.471249e-01
5.370000e+01 6.339759e-01 1.839171e-02 3.476324e-01
5.380000e+01 6.333286e-01 1.853209e-02 3.481393e-01
5.390000e+01 6.326809e-01 1.867340e-02 3.486457e-01
5.400000e+01 6.320328e-01 1.881564e-02 3.491516e-01
5.410000e+01 6.313843e-01 1.895881e-02 3.496569e-01
5.420000e+01 6.307353e-01 1.910293e-02 3.501618e-01
5.430000e+01 6.300859e-01 1.924799e-02 3.506661e-01
5.440000e+01 6.294361e-01 1.939400e-02 3.511699e-01
5.450000e+01 6.287858e-01 1.954096e-02 3.516732e-01
5.460000e+01 6.281351e-01 1.968889e-02 3.521760e-01
5.470000e+01 6.274840e-01 1.983778e-02 3.526782e-01
5.480000e+01 6.268324e-01 1.998764e-02 3.531799e-01
5.490000e+01 6.261804e-01 2.013848e-02 3.536812e-01
5.500000e+01 6.255279e-01 2.029029e-02 3.541818e-01
5.510000e+01 6.248749e-01 2.044309e-02 3.546820e-01
5.520000e+01 6.242215e-01 2.059688e-02 3.551816e-01
5.530000e+01 6.235676e-01 2.075166e-02 3.556808e-01
5.540000e+01 6.229132e-01 2.090744e-02 3.561793e-01
5.550000e+01 6.222584e-01 2.106423e-02 3.566774e-01
5.560000e+01 6.216030e-01 2.122202e-02 3.571750e-01
5.570000e+01 6.209472e-01 2.138083e-02 3.576720e-01
5.580000e+01 6.202909e-01 2.154065e-02 3.581685e-01
5.590000e+01 6.196341e-01 2.170150e-02 3.586644e-01
5.600000e+01 6.189767e-01 2.186338e-02 3.591599e-01
5.610000e+01 6.183189e-01 2.202630e-02 3.596548e-01
5.620000e+01 6.176606e-01 2.219025e-02 3.601492e-01
5.630000e+01 6.170017e-01 2.235524e-02 3.606431e-01
5.640000e+01 6.163423e-01 2.252129e-02 3.611364e-01
5.650000e+01 6.156824e-01 2.268838e-02 3.616292e-01
5.660000e+01 6.150220e-01 2.285654e-02 3.621215e-01
5.670000e+01 6.143610e-01 2.302576e-02 3.626132e-01
5.680000e+01 6.136995e-01 2.319605e-02 3.631045e-01
5.690000e+01 6.130374e-01 2.336741e-02 3.635952e-01
5.700000e+01 6.123748e-01 2.353985e-02 3.640853e-01
5.710000e+01 6.117117e-01 2.371338e-02 3.645750e-01
5.720000e+01 6.110479e-01 2.388799e-02 3.650641e-01
5.730000e+01 6.103837e-01 2.406370e-02 3.655526e-01
5.740000e+01 6.097188e-01 2.424051e-02 3.660407e-01
5.750000e+01 6.090534e-01 2.441842e-02 3.665282e-01
5.760000e+01 6.083874e-01 2.459744e-02 3.670152e-01
5.770000e+01 6.077208e-01 2.477758e-02 3.675016e-01
5.780000e+01 6.070536e-01 2.495883e-02 3.679875e-01
5.790000e+01 6.063859e-01 2.514121e-02 3.684729e-01
5.800000e+01 6.057175e-01 2.532472e-02 3.689577e-01
5.810000e+01 6.050486e-01 2.550936e-02 3.694420e-01
5.820000e+01 6.043790e-01 2.569515e-02 3.699258e-01
5.830000e+01 6.037089e-01 2.588208e-02 3.704090e-01
5.840000e+01 6.030381e-01 2.607015e-02 3.708917e-01
5.850000e+01 6.023667e-01 2.625939e-02 3.713739e-01
5.860000e+01 6.016947e-01 2.644978e-02 3.718555e-01
5.870000e+01 6.010220e-01 2.664134e-02 3.723366e-01
5.880000e+01 6.003488e-01 2.683407e-02 3.728172e-01
5.890000e+01 5.996748e-01 2.702798e-02 3.732972e-01
5.900000e+01 5.990003e-01 2.722307e-02 3.737766e-01
5.910000e+01 5.983251e-01 2.741934e-02 3.742556e-01
5.920000e+01 5.976492e-01 2.761680e-02 3.747340e-01
5.930000e+01 5.969727e-01 2.781547e-02 3.752118e-01
5.940000e+01 5.962955e-01 2.801533e-02 3.756891e-01
5.950000e+01 5.956177e-01 2.821640e-02 3.761659e-01
5.960000e+01 5.949392e-01 2.841868e-02 3.766421e-01
5.970000e+01 5.942600e-01 2.862218e-02 3.771178e-01
5.980000e+01 5.935802e-01 2.882690e-02 3.775929e-01
5.990000e+01 5.928996e-01 2.903284e-02 3.780675e-01
6.000000e+01 5.922184e-01 2.924002e-02 3.785416e-01
6.010000e+01 5.915365e-01 2.944844e-02 3.790151e-01
6.020000e+01 5.908539e-01 2.965810e-02 3.794880e-01
6.030000e+01 5.901706e-01 2.986901e-02 3.799604e-01
6.040000e+01 5.894865e-01 3.008117e-02 3.804323e-01
6.050000e+01 5.888018e-01 3.029459e-02 3.809036e-01
6.060000e+01 5.881163e-01 3.050927e-02 3.813744e-01
6.070000e+01 5.874302e-01 3.072522e-02 3.818446e-01
6.080000e+01 5.867433e-01 3.094245e-02 3.823143e-01
6.090000e+01 5.860557e-01 3.116095e-02 3.827834e-01
6.100000e+01 5.853673e-01 3.138074e-02 3.832520e-01
6.110000e+01 5.846782e-01 3.160182e-02 3.837200e-01
6.120000e+01 5.839884e-01 3.182419e-02 3.841874e-01
6.130000e+01 5.832978e-01 3.204786e-02 3.846544e-01
6.140000e+01 5.826064e-01 3.227283e-02 3.851207e-01
6.150000e+01 5.819144e-01 3.249911e-02 3.855865e-01
6.160000e+01 5.812215e-01 3.272671e-02 3.860518e-01
6.170000e+01 5.805279e-01 3.295563e-02 3.865165e-01
6.180000e+01 5.798335e-01 3.318587e-02 3.869806e-01
6.190000e+01 5.791383e-01 3.341745e-02 3.874442e-01
6.200000e+01 5.784424e-01 3.365036e-02 3.879072e-01
6.210000e+01 5.777457e-01 3.388460e-02 3.883697e-01
6.220000e+01 5.770482e-01 3.412020e-02 3.888316e-01
6.230000e+01 5.763499e-01 3.435714e-02 3.892930e-01
6.240000e+01 5.756508e-01 3.459544e-02 3.897538e-01
6.250000e+01 5.749509e-01 3.483510e-02 3.902140e-01
6.260000e+01 5.742502e-01 3.507613e-02 3.906737e-01
6.270000e+01 5.735486e-01 3.531852e-02 3.911328e-01
6.280000e+01 5.728463e-01 3.556229e-02 3.915914e-01
6.290000e+01 5.721432e-01 3.580745e-02 3.920494e-01
6.300000e+01 5.714392e-01 3.605398e-02 3.925068e-01
6.310000e+01 5.707344e-01 3.630191e-02 3.929637e-01
6.320000e+01 5.700288e-01 3.655123e-02 3.934200e-01
6.330000e+01 5.693223e-01 3.680196e-02 3.938757e-01
6.340000e+01 5.686150e-01 3.705409e-02 3.943309e-01
6.350000e+01 5.679068e-01 3.730763e-02 3.947855e-01
6.360000e+01 5.671978e-01 3.756258e-02 3.952396e-01
6.370000e+01 5.664880e-01 3.781896e-02 3.956930e-01
6.380000e+01 5.657773e-01 3.807676e-02 3.961460e-01
6.390000e+01 5.650657e-01 3.833599e-02 3.965983e-01
6.400000e+01 5.643533e-01 3.859666e-02 3.970501e-01
6.410000e+01 5.636400e-01 3.885877e-02 3.975013e-01
6.420000e+01 5.629258e-01 3.912232e-02 3.979519e-01
6.430000e+01 5.622107e-01 3.938732e-02 3.984019e-01
6.440000e+01 5.614948e-01 3.965378e-02 3.988514e-01
6.450000e+01 5.607780e-01 3.992169e-02 3.993003e-01
6.460000e+01 5.600603e-01 4.019107e-02 3.997487e-01
6.470000e+01 5.593417e-01 4.046192e-02 4.001964e-01
6.480000e+01 5.586222e-01 4.073424e-02 4.006436e-01
6.490000e+01 5.579017e-01 4.100804e-02 4.010902e-01
6.500000e+01 5.571804e-01 4.128332e-02 4.015362e-01
6.510000e+01 5.564582e-01 4.156010e-02 4.019817e-01
6.520000e+01 5.557351e-01 4.183836e-02 4.024266e-01
6.530000e+01 5.550110e-01 4.211812e-02 4.028709e-01
6.540000e+01 5.542860e-01 4.239939e-02 4.033146e-01
6.550000e+01 5.535601e-01 4.268216e-02 4.037577e-01
6.560000e+01 5.528333e-01 4.296644e-02 4.042003e-01
6.570000e+01 5.521055e-01 4.325224e-02 4.046423e-01
6.580000e+01 5.513768e-01 4.353956e-02 4.050837e-01
6.590000e+01 5.506471e-01 4.382840e-02 4.055245e-01
6.600000e+01 5.499165e-01 4.411877e-02 4.059647e-01
6.610000e+01 5.491850e-01 4.441068e-02 4.064043e-01
6.620000e+01 5.484525e-01 4.470413e-02 4.068434e-01
6.630000e+01 5.477190e-01 4.499912e-02 4.072819e-01
6.640000e+01 5.469846e-01 4.529565e-02 4.077197e-01
6.650000e+01 5.462492e-01 4.559374e-02 4.081570e-01
6.660000e+01 5.455129e-01 4.589339e-02 4.085937e-01
6.670000e+01 5.447755e-01 4.619459e-02 4.090299e-01
6.680000e+01 5.440372e-01 4.649737e-02 4.094654e-01
6.690000e+01 5.432980e-01 4.680171e-02 4.099003e-01
6.700000e+01 5.425577e-01 4.710762e-02 4.103347e-01
6.710000e+01 5.418165e-01 4.741512e-02 4.107684e-01
6.720000e+01 5.410742e-01 4.772419e-02 4.112016e-01
6.730000e+01 5.403310e-01 4.803485e-02 4.116341e-01
6.740000e+01 5.395868e-01 4.834711e-02 4.120661e-01
6.750000e+01 5.388416e-01 4.866095e-02 4.124975e-01
6.760000e+01 5.380954e-01 4.897640e-02 4.129282e-01
6.770000e+01 5.373481e-01 4.929345e-02 4.133584e-01
6.780000e+01 5.365999e-01 4.961211e-02 4.137880e-01
6.790000e+01 5.358506e-01 4.993238e-02 4.142170e-01
6.800000e+01 5.351004e-01 5.025426e-02 4.146454e-01
6.810000e+01 5.343491e-01 5.057776e-02 4.150731e-01
6.820000e+01 5.335968e-01 5.090289e-02 4.155003e-01
6.830000e+01 5.328435e-01 5.122964e-02 4.159269e-01
6.840000e+01 5.320891e-01 5.155803e-02 4.163529e-01
6.850000e+01 5.313337e-01 5.188805e-02 4.167782e-01
6.860000e+01 5.305773e-01 5.221971e-02 4.172030e-01
6.870000e+01 5.298198e-01 5.255301e-02 4.176272e-01
6.880000e+01 5.290613e-01 5.288795e-02 4.180507e-01
6.890000e+01 5.283018e-01 5.322455e-02 4.184737e-01
6.900000e+01 5.275412e-01 5.356280e-02 4.188960e-01
6.910000e+01 5.267796e-01 5.390271e-02 4.193177e-01
6.920000e+01 5.260169e-01 5.424428e-02 4.197388e-01
6.930000e+01 5.252531e-01 5.458751e-02 4.201594e-01
6.940000e+01 5.244883e-01 5.493242e-02 4.205792e-01
6.950000e+01 5.237225e-01 5.527899e-02 4.209985e-01
6.960000e+01 5.229556e-01 5.562724e-02 4.214172e-01
6.970000e+01 5.221876e-01 5.597716e-02 4.218353e-01
6.980000e+01 5.214185e-01 5.632877e-02 4.222527e-01
6.990000e+01 5.206484e-01 5.668207e-02 4.226695e-01
7.000000e+01 5.198772e-01 5.703705e-02 4.230857e-01
7.010000e+01 5.191049e-01 5.739372e-02 4.235013e-01
7.020000e+01 5.183316e-01 5.775209e-02 4.239163e-01
7.030000e+01 5.175572e-01 5.811216e-02 4.243307e-01
7.040000e+01 5.167817e-01 5.847392e-02 4.247444e-01
7.050000e+01 5.160051e-01 5.883739e-02 4.251575e-01
7.060000e+01 5.152274e-01 5.920257e-02 4.255700e-01
7.070000e+01 5.144487e-01 5.956946e-02 4.259819e-01
7.080000e+01 5.136688e-01 5.993806e-02 4.263931e-01
7.090000e+01 5.128879e-01 6.030838e-02 4.268037e-01
7.100000e+01 5.121058e-01 6.068042e-02 4.272137e-01
7.110000e+01 5.113227e-01 6.105418e-02 4.276231e-01
7.120000e+01 5.105385e-01 6.142966e-02 4.280319e-01
7.130000e+01 5.097531e-01 6.180687e-02 4.284400e-01
7.140000e+01 5.089667e-01 6.218581e-02 4.288475e-01
7.150000e+01 5.081792e-01 6.256649e-02 4.292543e-01
7.160000e+01 5.073906e-01 6.294889e-02 4.296606e-01
7.170000e+01 5.066008e-01 6.333304e-02 4.300661e-01
7.180000e+01 5.058100e-01 6.371892e-02 4.304711e-01
7.190000e+01 5.050180e-01 6.410655e-02 4.308754e-01
7.200000e+01 5.042249e-01 6.449592e-02 4.312791e-01
7.210000e+01 5.034308e-01 6.488704e-02 4.316822e-01
7.220000e+01 5.026355e-01 6.527991e-02 4.320846e-01
7.230000e+01 5.018390e-01 6.567453e-02 4.324864e-01
7.240000e+01 5.010415e-01 6.607091e-02 4.328876e-01
7.250000e+01 5.002429e-01 6.646904e-02 4.332881e-01
7.260000e+01 4.994431e-01 6.686892e-02 4.336880e-01
7.270000e+01 4.986422e-01 6.727057e-02 4.340872e-01
7.280000e+01 4.978402e-01 6.767398e-02 4.344858e-01
7.290000e+01 4.970371e-01 6.807915e-02 4.348837e-01
7.300000e+01 4.962329e-01 6.848609e-02 4.352810e-01
7.310000e+01 4.954275e-01 6.889479e-02 4.356777e-01
7.320000e+01 4.946210e-01 6.930526e-02 4.360737e-01
7.330000e+01 4.938134e-01 6.971751e-02 4.364691e-01
7.340000e+01 4.930046e-01 7.013152e-02 4.368638e-01
7.350000e+01 4.921948e-01 7.054731e-02 4.372579e-01
7.360000e+01 4.913838e-01 7.096488e-02 4.376513e-01
7.370000e+01 4.905717e-01 7.138422e-02 4.380441e-01
7.380000e+01 4.897584e-01 7.180533e-02 4.384363e-01
7.390000e+01 4.889440e-01 7.222823e-02 4.388277e-01
7.400000e+01 4.881285e-01 7.265291e-02 4.392186e-01
7.410000e+01 4.873119e-01 7.307937e-02 4.396087e-01
7.420000e+01 4.864941e-01 7.350761e-02 4.399983e-01
7.430000e+01 4.856752e-01 7.393763e-02 4.403871e-01
7.440000e+01 4.848552e-01 7.436944e-02 4.407753e-01
7.450000e+01 4.840341e-01 7.480303e-02 4.411629e-01
7.460000e+01 4.832118e-01 7.523841e-02 4.415498e-01
7.470000e+01 4.823884e-01 7.567558e-02 4.419360e-01
7.480000e+01 4.815638e-01 7.611453e-02 4.423216e-01
7.490000e+01 4.807382e-01 7.655528e-02 4.427065e-01
7.500000e+01 4.799114e-01 7.699781e-02 4.430908e-01
7.510000e+01 4.790835e-01 7.744213e-02 4.434744e-01
7.520000e+01 4.782544e-01 7.788824e-02 4.438573e-01
7.530000e+01 4.774243e-01 7.833614e-02 4.442396e-01
7.540000e+01 4.765930e-01 7.878583e-02 4.446212e-01
7.550000e+01 4.757605e-01 7.923731e-02 4.450022e-01
7.560000e+01 4.749270e-01 7.969058e-02 4.453824e-01
7.570000e+01 4.740923e-01 8.014564e-02 4.457620e-01
7.580000e+01 4.732565e-01 8.060249e-02 4.461410e-01
7.590000e+01 4.724196e-01 8.106114e-02 4.465192e-01
7.600000e+01 4.715816e-01 8.152157e-02 4.468968e-01
7.610000e+01 4.707424e-01 8.198379e-02 4.472738e-01
7.620000e+01 4.699022e-01 8.244781e-02 4.476500e-01
7.630000e+01 4.690608e-01 8.291361e-02 4.480256e-01
7.640000e+01 4.682183e-01 8.338120e-02 4.484005e-01
7.650000e+01 4.673746e-01 8.385059e-02 4.487748e-01
7.660000e+01 4.665299e-01 8.432176e-02 4.491483e-01
7.670000e+01 4.656841e-01 8.479471e-02 4.495212e-01
7.680000e+01 4.648371e-01 8.526946e-02 4.498934e-01
7.690000e+01 4.639891e-01 8.574599e-02 4.502650e-01
