+1.000000e+00 +9.991396e-01 +7.620400e-04 +9.838000e-05 
+2.000000e+00 +9.982617e-01 +1.451764e-03 +2.865440e-04 
+3.000000e+00 +9.966094e-01 +2.747724e-03 +6.428680e-04 
+4.000000e+00 +9.935302e-01 +5.156276e-03 +1.313540e-03 
+5.000000e+00 +9.878694e-01 +9.564560e-03 +2.566024e-03 
+6.000000e+00 +9.777582e-01 +1.738042e-02 +4.861416e-03 
+7.000000e+00 +9.603452e-01 +3.068353e-02 +8.971248e-03 
+8.000000e+00 +9.318732e-01 +5.204540e-02 +1.608144e-02 
+9.000000e+00 +8.883338e-01 +8.386286e-02 +2.780332e-02 
+1.000000e+01 +8.267887e-01 +1.271072e-01 +4.610411e-02 
+1.100000e+01 +7.470525e-01 +1.800921e-01 +7.285532e-02 
+1.200000e+01 +6.526480e-01 +2.379474e-01 +1.094047e-01 
+1.300000e+01 +5.501779e-01 +2.938000e-01 +1.560221e-01 
+1.400000e+01 +4.476926e-01 +3.406043e-01 +2.117031e-01 
+1.500000e+01 +3.525138e-01 +3.730925e-01 +2.743937e-01 
+1.600000e+01 +2.697955e-01 +3.888696e-01 +3.413349e-01 
+1.700000e+01 +2.019310e-01 +3.884850e-01 +4.095839e-01 
+1.800000e+01 +1.489417e-01 +3.745366e-01 +4.765216e-01 
+1.900000e+01 +1.092737e-01 +3.506257e-01 +5.401006e-01 
+2.000000e+01 +8.053524e-02 +3.205631e-01 +5.989016e-01 
+2.100000e+01 +6.020371e-02 +2.876740e-01 +6.521223e-01 
+2.200000e+01 +4.604416e-02 +2.544279e-01 +6.995280e-01 
+2.300000e+01 +3.621338e-02 +2.225593e-01 +7.412273e-01 
+2.400000e+01 +2.936366e-02 +1.930764e-01 +7.775599e-01 
+2.500000e+01 +2.454329e-02 +1.664741e-01 +8.089826e-01 
+2.600000e+01 +2.109619e-02 +1.428935e-01 +8.360103e-01 
+2.700000e+01 +1.858120e-02 +1.222317e-01 +8.591871e-01 
+2.800000e+01 +1.672141e-02 +1.043215e-01 +8.789571e-01 
+2.900000e+01 +1.530862e-02 +8.887095e-02 +8.958204e-01 
+3.000000e+01 +1.422277e-02 +7.559744e-02 +9.101798e-01 
+3.100000e+01 +1.337188e-02 +6.423574e-02 +9.223924e-01 
+3.200000e+01 +1.269683e-02 +5.454356e-02 +9.327596e-01 
+3.300000e+01 +1.215668e-02 +4.627742e-02 +9.415659e-01 
+3.400000e+01 +1.172580e-02 +3.923945e-02 +9.490347e-01 
+3.500000e+01 +1.137244e-02 +3.326570e-02 +9.553619e-01 
+3.600000e+01 +1.108403e-02 +2.818432e-02 +9.607317e-01 
+3.700000e+01 +1.084673e-02 +2.386980e-02 +9.652835e-01 
+3.800000e+01 +1.065152e-02 +2.021638e-02 +9.691321e-01 
+3.900000e+01 +1.049000e-02 +1.711988e-02 +9.723901e-01 
+4.000000e+01 +1.035553e-02 +1.449343e-02 +9.751510e-01 
+4.100000e+01 +1.024389e-02 +1.226807e-02 +9.774880e-01 
+4.200000e+01 +1.015012e-02 +1.038528e-02 +9.794646e-01 
+4.300000e+01 +1.007097e-02 +8.791472e-03 +9.811376e-01 
+4.400000e+01 +1.000574e-02 +7.440636e-03 +9.825536e-01 
+4.500000e+01 +9.950156e-03 +6.299580e-03 +9.837503e-01 
+4.600000e+01 +9.903292e-03 +5.333668e-03 +9.847630e-01 
+4.700000e+01 +9.864960e-03 +4.510512e-03 +9.856245e-01 
+4.800000e+01 +9.832008e-03 +3.815684e-03 +9.863523e-01 
+4.900000e+01 +9.804072e-03 +3.230060e-03 +9.869659e-01 
+5.000000e+01 +9.780372e-03 +2.732640e-03 +9.874870e-01 
+5.100000e+01 +9.760484e-03 +2.311128e-03 +9.879284e-01 
+5.200000e+01 +9.743904e-03 +1.955596e-03 +9.883005e-01 
+5.300000e+01 +9.730392e-03 +1.655156e-03 +9.886145e-01 
+5.400000e+01 +9.719128e-03 +1.397772e-03 +9.888831e-01 
+5.500000e+01 +9.709316e-03 +1.182784e-03 +9.891079e-01 
+5.600000e+01 +9.700960e-03 +1.000584e-03 +9.892985e-01 
+5.700000e+01 +9.693760e-03 +8.471280e-04 +9.894591e-01 
+5.800000e+01 +9.687920e-03 +7.166720e-04 +9.895954e-01 
+5.900000e+01 +9.682540e-03 +6.068800e-04 +9.897106e-01 
+6.000000e+01 +9.677896e-03 +5.134760e-04 +9.898086e-01 
+6.100000e+01 +9.674332e-03 +4.350480e-04 +9.898906e-01 
+6.200000e+01 +9.671536e-03 +3.688840e-04 +9.899596e-01 
+6.300000e+01 +9.668736e-03 +3.124520e-04 +9.900188e-01 
+6.400000e+01 +9.666628e-03 +2.643080e-04 +9.900691e-01 
+6.500000e+01 +9.664832e-03 +2.234040e-04 +9.901118e-01 
+6.600000e+01 +9.663264e-03 +1.891440e-04 +9.901476e-01 
+6.700000e+01 +9.661944e-03 +1.593160e-04 +9.901787e-01 
+6.800000e+01 +9.660876e-03 +1.341680e-04 +9.902050e-01 
+6.900000e+01 +9.659964e-03 +1.132920e-04 +9.902267e-01 
+7.000000e+01 +9.659252e-03 +9.555200e-05 +9.902452e-01 
+7.100000e+01 +9.658608e-03 +8.083600e-05 +9.902606e-01 
+7.200000e+01 +9.658084e-03 +6.824400e-05 +9.902737e-01 
+7.300000e+01 +9.657636e-03 +5.761600e-05 +9.902847e-01 
+7.400000e+01 +9.657232e-03 +4.860400e-05 +9.902942e-01 
+7.500000e+01 +9.656964e-03 +4.114000e-05 +9.903019e-01 
+7.600000e+01 +9.656636e-03 +3.489600e-05 +9.903085e-01 
+7.700000e+01 +9.656404e-03 +2.958800e-05 +9.903140e-01 
+7.800000e+01 +9.656176e-03 +2.506400e-05 +9.903188e-01 
+7.900000e+01 +9.656004e-03 +2.133600e-05 +9.903227e-01 
+8.000000e+01 +9.655836e-03 +1.808000e-05 +9.903261e-01 
+8.100000e+01 +9.655712e-03 +1.543200e-05 +9.903289e-01 
+8.200000e+01 +9.655616e-03 +1.311200e-05 +9.903313e-01 
+8.300000e+01 +9.655500e-03 +1.112800e-05 +9.903334e-01 
+8.400000e+01 +9.655460e-03 +9.440000e-06 +9.903351e-01 
+8.500000e+01 +9.655428e-03 +7.960000e-06 +9.903366e-01 
+8.600000e+01 +9.655380e-03 +6.788000e-06 +9.903378e-01 
+8.700000e+01 +9.655340e-03 +5.768000e-06 +9.903389e-01 
+8.800000e+01 +9.655316e-03 +4.856000e-06 +9.903398e-01 
+8.900000e+01 +9.655288e-03 +4.156000e-06 +9.903406e-01 
+9.000000e+01 +9.655276e-03 +3.536000e-06 +9.903412e-01 
+9.100000e+01 +9.655252e-03 +3.060000e-06 +9.903417e-01 
+9.200000e+01 +9.655224e-03 +2.636000e-06 +9.903421e-01 
+9.300000e+01 +9.655216e-03 +2.208000e-06 +9.903426e-01 
+9.400000e+01 +9.655204e-03 +1.852000e-06 +9.903429e-01 
+9.500000e+01 +9.655188e-03 +1.612000e-06 +9.903432e-01 
+9.600000e+01 +9.655176e-03 +1.392000e-06 +9.903434e-01 
+9.700000e+01 +9.655168e-03 +1.216000e-06 +9.903436e-01 
+9.800000e+01 +9.655144e-03 +1.060000e-06 +9.903438e-01 
+9.900000e+01 +9.655140e-03 +8.920000e-07 +9.903440e-01 
+1.000000e+02 +9.655132e-03 +7.720000e-07 +9.903441e-01 
+1.010000e+02 +9.655128e-03 +6.280000e-07 +9.903442e-01 
+1.020000e+02 +9.655120e-03 +5.280000e-07 +9.903444e-01 
+1.030000e+02 +9.655116e-03 +4.520000e-07 +9.903444e-01 
+1.040000e+02 +9.655116e-03 +3.760000e-07 +9.903445e-01 
+1.050000e+02 +9.655116e-03 +3.360000e-07 +9.903445e-01 
+1.060000e+02 +9.655116e-03 +3.000000e-07 +9.903446e-01 
+1.070000e+02 +9.655116e-03 +2.600000e-07 +9.903446e-01 
+1.080000e+02 +9.655116e-03 +2.400000e-07 +9.903446e-01 
+1.090000e+02 +9.655116e-03 +2.120000e-07 +9.903447e-01 
+1.100000e+02 +9.655116e-03 +1.880000e-07 +9.903447e-01 
+1.110000e+02 +9.655116e-03 +1.560000e-07 +9.903447e-01 
+1.120000e+02 +9.655116e-03 +1.280000e-07 +9.903448e-01 
+1.130000e+02 +9.655116e-03 +1.240000e-07 +9.903448e-01 
+1.140000e+02 +9.655116e-03 +1.080000e-07 +9.903448e-01 
+1.150000e+02 +9.655116e-03 +9.600000e-08 +9.903448e-01 
+1.160000e+02 +9.655116e-03 +8.000000e-08 +9.903448e-01 
+1.170000e+02 +9.655116e-03 +8.000000e-08 +9.903448e-01 
+1.180000e+02 +9.655116e-03 +8.000000e-08 +9.903448e-01 
+1.190000e+02 +9.655116e-03 +8.000000e-08 +9.903448e-01 
+1.200000e+02 +9.655116e-03 +7.600000e-08 +9.903448e-01 
+1.210000e+02 +9.655116e-03 +6.800000e-08 +9.903448e-01 
+1.220000e+02 +9.655116e-03 +6.800000e-08 +9.903448e-01 
+1.230000e+02 +9.655116e-03 +6.800000e-08 +9.903448e-01 
+1.240000e+02 +9.655116e-03 +6.400000e-08 +9.903448e-01 
+1.250000e+02 +9.655116e-03 +6.400000e-08 +9.903448e-01 
+1.260000e+02 +9.655116e-03 +6.000000e-08 +9.903448e-01 
+1.270000e+02 +9.655116e-03 +6.000000e-08 +9.903448e-01 
+1.280000e+02 +9.655116e-03 +6.000000e-08 +9.903448e-01 
+1.290000e+02 +9.655116e-03 +6.000000e-08 +9.903448e-01 
+1.300000e+02 +9.655116e-03 +6.000000e-08 +9.903448e-01 
+1.310000e+02 +9.655116e-03 +6.000000e-08 +9.903448e-01 
+1.320000e+02 +9.655116e-03 +6.000000e-08 +9.903448e-01 
+1.330000e+02 +9.655116e-03 +6.000000e-08 +9.903448e-01 
+1.340000e+02 +9.655116e-03 +6.000000e-08 +9.903448e-01 
+1.350000e+02 +9.655116e-03 +6.000000e-08 +9.903448e-01 
+1.360000e+02 +9.655116e-03 +6.000000e-08 +9.903448e-01 
+1.370000e+02 +9.655116e-03 +6.000000e-08 +9.903448e-01 
+1.380000e+02 +9.655116e-03 +6.000000e-08 +9.903448e-01 
+1.390000e+02 +9.655116e-03 +6.000000e-08 +9.903448e-01 
+1.400000e+02 +9.655116e-03 +6.000000e-08 +9.903448e-01 
+1.410000e+02 +9.655116e-03 +6.000000e-08 +9.903448e-01 
+1.420000e+02 +9.655116e-03 +6.000000e-08 +9.903448e-01 
+1.430000e+02 +9.655116e-03 +6.000000e-08 +9.903448e-01 
+1.440000e+02 +9.655116e-03 +6.000000e-08 +9.903448e-01 
+1.450000e+02 +9.655116e-03 +6.000000e-08 +9.903448e-01 
+1.460000e+02 +9.655116e-03 +6.000000e-08 +9.903448e-01 
+1.470000e+02 +9.655116e-03 +6.000000e-08 +9.903448e-01 
+1.480000e+02 +9.655116e-03 +6.000000e-08 +9.903448e-01 
+1.490000e+02 +9.655116e-03 +6.000000e-08 +9.903448e-01 
+1.500000e+02 +9.655116e-03 +6.000000e-08 +9.903448e-01 
+1.510000e+02 +9.655116e-03 +6.000000e-08 +9.903448e-01 
+1.520000e+02 +9.655116e-03 +6.000000e-08 +9.903448e-01 
+1.530000e+02 +9.655116e-03 +6.000000e-08 +9.903448e-01 
+1.540000e+02 +9.655116e-03 +6.000000e-08 +9.903448e-01 
+1.550000e+02 +9.655116e-03 +6.000000e-08 +9.903448e-01 
+1.560000e+02 +9.655116e-03 +6.000000e-08 +9.903448e-01 
+1.570000e+02 +9.655116e-03 +6.000000e-08 +9.903448e-01 
+1.580000e+02 +9.655116e-03 +6.000000e-08 +9.903448e-01 
+1.590000e+02 +9.655116e-03 +6.000000e-08 +9.903448e-01 
+1.600000e+02 +9.655116e-03 +6.000000e-08 +9.903448e-01 
+1.610000e+02 +9.655116e-03 +6.000000e-08 +9.903448e-01 
+1.620000e+02 +9.655116e-03 +6.000000e-08 +9.903448e-01 
+1.630000e+02 +9.655116e-03 +6.000000e-08 +9.903448e-01 
+1.640000e+02 +9.655116e-03 +6.000000e-08 +9.903448e-01 
+1.650000e+02 +9.655116e-03 +6.000000e-08 +9.903448e-01 
+1.660000e+02 +9.655116e-03 +6.000000e-08 +9.903448e-01 
+1.670000e+02 +9.655116e-03 +6.000000e-08 +9.903448e-01 
+1.680000e+02 +9.655116e-03 +6.000000e-08 +9.903448e-01 
+1.690000e+02 +9.655116e-03 +6.000000e-08 +9.903448e-01 
+1.700000e+02 +9.655116e-03 +6.000000e-08 +9.903448e-01 
+1.710000e+02 +9.655116e-03 +6.000000e-08 +9.903448e-01 
+1.720000e+02 +9.655116e-03 +6.000000e-08 +9.903448e-01 
+1.730000e+02 +9.655116e-03 +6.000000e-08 +9.903448e-01 
+1.740000e+02 +9.655116e-03 +6.000000e-08 +9.903448e-01 
+1.750000e+02 +9.655116e-03 +6.000000e-08 +9.903448e-01 
+1.760000e+02 +9.655116e-03 +6.000000e-08 +9.903448e-01 
+1.770000e+02 +9.655116e-03 +6.000000e-08 +9.903448e-01 
+1.780000e+02 +9.655116e-03 +6.000000e-08 +9.903448e-01 
+1.790000e+02 +9.655116e-03 +6.000000e-08 +9.903448e-01 
+1.800000e+02 +9.655116e-03 +6.000000e-08 +9.903448e-01 
+1.810000e+02 +9.655116e-03 +6.000000e-08 +9.903448e-01 
+1.820000e+02 +9.655116e-03 +6.000000e-08 +9.903448e-01 
+1.830000e+02 +9.655116e-03 +6.000000e-08 +9.903448e-01 
+1.840000e+02 +9.655116e-03 +6.000000e-08 +9.903448e-01 
+1.850000e+02 +9.655116e-03 +6.000000e-08 +9.903448e-01 
+1.860000e+02 +9.655116e-03 +6.000000e-08 +9.903448e-01 
+1.870000e+02 +9.655116e-03 +6.000000e-08 +9.903448e-01 
+1.880000e+02 +9.655116e-03 +6.000000e-08 +9.903448e-01 
+1.890000e+02 +9.655116e-03 +6.000000e-08 +9.903448e-01 
+1.900000e+02 +9.655116e-03 +6.000000e-08 +9.903448e-01 
+1.910000e+02 +9.655116e-03 +6.000000e-08 +9.903448e-01 
+1.920000e+02 +9.655116e-03 +6.000000e-08 +9.903448e-01 
+1.930000e+02 +9.655116e-03 +6.000000e-08 +9.903448e-01 
+1.940000e+02 +9.655116e-03 +6.000000e-08 +9.903448e-01 
+1.950000e+02 +9.655116e-03 +6.000000e-08 +9.903448e-01 
+1.960000e+02 +9.655116e-03 +6.000000e-08 +9.903448e-01 
+1.970000e+02 +9.655116e-03 +6.000000e-08 +9.903448e-01 
+1.980000e+02 +9.655116e-03 +6.000000e-08 +9.903448e-01 
+1.990000e+02 +9.655116e-03 +6.000000e-08 +9.903448e-01 
+2.000000e+02 +9.655116e-03 +6.000000e-08 +9.903448e-01 
+2.010000e+02 +9.655116e-03 +6.000000e-08 +9.903448e-01 
+2.020000e+02 +9.655116e-03 +6.000000e-08 +9.903448e-01 
+2.030000e+02 +9.655116e-03 +6.000000e-08 +9.903448e-01 
+2.040000e+02 +9.655116e-03 +6.000000e-08 +9.903448e-01 
+2.050000e+02 +9.655116e-03 +6.000000e-08 +9.903448e-01 
+2.060000e+02 +9.655116e-03 +6.000000e-08 +9.903448e-01 
+2.070000e+02 +9.655116e-03 +6.000000e-08 +9.903448e-01 
+2.080000e+02 +9.655116e-03 +6.000000e-08 +9.903448e-01 
+2.090000e+02 +9.655116e-03 +6.000000e-08 +9.903448e-01 
+2.100000e+02 +9.655116e-03 +6.000000e-08 +9.903448e-01 
+2.110000e+02 +9.655116e-03 +6.000000e-08 +9.903448e-01 
+2.120000e+02 +9.655116e-03 +6.000000e-08 +9.903448e-01 
+2.130000e+02 +9.655116e-03 +6.000000e-08 +9.903448e-01 
+2.140000e+02 +9.655116e-03 +6.000000e-08 +9.903448e-01 
+2.150000e+02 +9.655116e-03 +6.000000e-08 +9.903448e-01 
+2.160000e+02 +9.655116e-03 +6.000000e-08 +9.903448e-01 
+2.170000e+02 +9.655116e-03 +6.000000e-08 +9.903448e-01 
+2.180000e+02 +9.655116e-03 +6.000000e-08 +9.903448e-01 
+2.190000e+02 +9.655116e-03 +6.000000e-08 +9.903448e-01 
+2.200000e+02 +9.655116e-03 +6.000000e-08 +9.903448e-01 
+2.210000e+02 +9.655116e-03 +6.000000e-08 +9.903448e-01 
+2.220000e+02 +9.655116e-03 +6.000000e-08 +9.903448e-01 
+2.230000e+02 +9.655116e-03 +6.000000e-08 +9.903448e-01 
+2.240000e+02 +9.655116e-03 +6.000000e-08 +9.903448e-01 
+2.250000e+02 +9.655116e-03 +6.000000e-08 +9.903448e-01 
+2.260000e+02 +9.655116e-03 +6.000000e-08 +9.903448e-01 
+2.270000e+02 +9.655116e-03 +6.000000e-08 +9.903448e-01 
+2.280000e+02 +9.655116e-03 +6.000000e-08 +9.903448e-01 
+2.290000e+02 +9.655116e-03 +6.000000e-08 +9.903448e-01 
+2.300000e+02 +9.655116e-03 +6.000000e-08 +9.903448e-01 
+2.310000e+02 +9.655116e-03 +6.000000e-08 +9.903448e-01 
+2.320000e+02 +9.655116e-03 +6.000000e-08 +9.903448e-01 
+2.330000e+02 +9.655116e-03 +6.000000e-08 +9.903448e-01 
+2.340000e+02 +9.655116e-03 +6.000000e-08 +9.903448e-01 
+2.350000e+02 +9.655116e-03 +6.000000e-08 +9.903448e-01 
+2.360000e+02 +9.655116e-03 +6.000000e-08 +9.903448e-01 
+2.370000e+02 +9.655116e-03 +6.000000e-08 +9.903448e-01 
+2.380000e+02 +9.655116e-03 +6.000000e-08 +9.903448e-01 
+2.390000e+02 +9.655116e-03 +6.000000e-08 +9.903448e-01 
+2.400000e+02 +9.655116e-03 +6.000000e-08 +9.903448e-01 
+2.410000e+02 +9.655116e-03 +6.000000e-08 +9.903448e-01 
+2.420000e+02 +9.655116e-03 +6.000000e-08 +9.903448e-01 
+2.430000e+02 +9.655116e-03 +6.000000e-08 +9.903448e-01 
+2.440000e+02 +9.655116e-03 +6.000000e-08 +9.903448e-01 
+2.450000e+02 +9.655116e-03 +6.000000e-08 +9.903448e-01 
+2.460000e+02 +9.655116e-03 +6.000000e-08 +9.903448e-01 
+2.470000e+02 +9.655116e-03 +6.000000e-08 +9.903448e-01 
+2.480000e+02 +9.655116e-03 +6.000000e-08 +9.903448e-01 
+2.490000e+02 +9.655116e-03 +6.000000e-08 +9.903448e-01 
+2.500000e+02 +9.655116e-03 +6.000000e-08 +9.903448e-01 
+2.510000e+02 +9.655116e-03 +6.000000e-08 +9.903448e-01 
+2.520000e+02 +9.655116e-03 +6.000000e-08 +9.903448e-01 
+2.530000e+02 +9.655116e-03 +6.000000e-08 +9.903448e-01 
+2.540000e+02 +9.655116e-03 +6.000000e-08 +9.903448e-01 
+2.550000e+02 +9.655116e-03 +6.000000e-08 +9.903448e-01 
+2.560000e+02 +9.655116e-03 +6.000000e-08 +9.903448e-01 
+2.570000e+02 +9.655116e-03 +6.000000e-08 +9.903448e-01 
+2.580000e+02 +9.655116e-03 +6.000000e-08 +9.903448e-01 
+2.590000e+02 +9.655116e-03 +6.000000e-08 +9.903448e-01 
+2.600000e+02 +9.655116e-03 +6.000000e-08 +9.903448e-01 
+2.610000e+02 +9.655116e-03 +6.000000e-08 +9.903448e-01 
+2.620000e+02 +9.655116e-03 +6.000000e-08 +9.903448e-01 
+2.630000e+02 +9.655116e-03 +6.000000e-08 +9.903448e-01 
+2.640000e+02 +9.655116e-03 +6.000000e-08 +9.903448e-01 
+2.650000e+02 +9.655116e-03 +6.000000e-08 +9.903448e-01 
+2.660000e+02 +9.655116e-03 +6.000000e-08 +9.903448e-01 
+2.670000e+02 +9.655116e-03 +6.000000e-08 +9.903448e-01 
+2.680000e+02 +9.655116e-03 +6.000000e-08 +9.903448e-01 
+2.690000e+02 +9.655116e-03 +6.000000e-08 +9.903448e-01 
+2.700000e+02 +9.655116e-03 +6.000000e-08 +9.903448e-01 
+2.710000e+02 +9.655116e-03 +6.000000e-08 +9.903448e-01 
+2.720000e+02 +9.655116e-03 +6.000000e-08 +9.903448e-01 
+2.730000e+02 +9.655116e-03 +6.000000e-08 +9.903448e-01 
+2.740000e+02 +9.655116e-03 +6.000000e-08 +9.903448e-01 
+2.750000e+02 +9.655116e-03 +6.000000e-08 +9.903448e-01 
+2.760000e+02 +9.655116e-03 +6.000000e-08 +9.903448e-01 
+2.770000e+02 +9.655116e-03 +6.000000e-08 +9.903448e-01 
+2.780000e+02 +9.655116e-03 +6.000000e-08 +9.903448e-01 
+2.790000e+02 +9.655116e-03 +6.000000e-08 +9.903448e-01 
+2.800000e+02 +9.655116e-03 +6.000000e-08 +9.903448e-01 
+2.810000e+02 +9.655116e-03 +6.000000e-08 +9.903448e-01 
+2.820000e+02 +9.655116e-03 +6.000000e-08 +9.903448e-01 
+2.830000e+02 +9.655116e-03 +6.000000e-08 +9.903448e-01 
+2.840000e+02 +9.655116e-03 +6.000000e-08 +9.903448e-01 
+2.850000e+02 +9.655116e-03 +6.000000e-08 +9.903448e-01 
+2.860000e+02 +9.655116e-03 +6.000000e-08 +9.903448e-01 
+2.870000e+02 +9.655116e-03 +6.000000e-08 +9.903448e-01 
+2.880000e+02 +9.655116e-03 +6.000000e-08 +9.903448e-01 
+2.890000e+02 +9.655116e-03 +6.000000e-08 +9.903448e-01 
+2.900000e+02 +9.655116e-03 +6.000000e-08 +9.903448e-01 
+2.910000e+02 +9.655116e-03 +6.000000e-08 +9.903448e-01 
+2.920000e+02 +9.655116e-03 +6.000000e-08 +9.903448e-01 
+2.930000e+02 +9.655116e-03 +6.000000e-08 +9.903448e-01 
+2.940000e+02 +9.655116e-03 +6.000000e-08 +9.903448e-01 
+2.950000e+02 +9.655116e-03 +6.000000e-08 +9.903448e-01 
+2.960000e+02 +9.655116e-03 +6.000000e-08 +9.903448e-01 
+2.970000e+02 +9.655116e-03 +6.000000e-08 +9.903448e-01 
+2.980000e+02 +9.655116e-03 +6.000000e-08 +9.903448e-01 
+2.990000e+02 +9.655116e-03 +6.000000e-08 +9.903448e-01 
+3.000000e+02 +9.655116e-03 +6.000000e-08 +9.903448e-01 
+3.010000e+02 +9.655116e-03 +6.000000e-08 +9.903448e-01 
+3.020000e+02 +9.655116e-03 +6.000000e-08 +9.903448e-01 
+3.030000e+02 +9.655116e-03 +6.000000e-08 +9.903448e-01 
+3.040000e+02 +9.655116e-03 +6.000000e-08 +9.903448e-01 
+3.050000e+02 +9.655116e-03 +6.000000e-08 +9.903448e-01 
+3.060000e+02 +9.655116e-03 +6.000000e-08 +9.903448e-01 
+3.070000e+02 +9.655116e-03 +6.000000e-08 +9.903448e-01 
+3.080000e+02 +9.655116e-03 +6.000000e-08 +9.903448e-01 
+3.090000e+02 +9.655116e-03 +6.000000e-08 +9.903448e-01 
+3.100000e+02 +9.655116e-03 +6.000000e-08 +9.903448e-01 
+3.110000e+02 +9.655116e-03 +6.000000e-08 +9.903448e-01 
+3.120000e+02 +9.655116e-03 +6.000000e-08 +9.903448e-01 
+3.130000e+02 +9.655116e-03 +6.000000e-08 +9.903448e-01 
+3.140000e+02 +9.655116e-03 +6.000000e-08 +9.903448e-01 
+3.150000e+02 +9.655116e-03 +6.000000e-08 +9.903448e-01 
+3.160000e+02 +9.655116e-03 +6.000000e-08 +9.903448e-01 
+3.170000e+02 +9.655116e-03 +6.000000e-08 +9.903448e-01 
+3.180000e+02 +9.655116e-03 +6.000000e-08 +9.903448e-01 
+3.190000e+02 +9.655116e-03 +6.000000e-08 +9.903448e-01 
+3.200000e+02 +9.655116e-03 +6.000000e-08 +9.903448e-01 
+3.210000e+02 +9.655116e-03 +6.000000e-08 +9.903448e-01 
+3.220000e+02 +9.655116e-03 +6.000000e-08 +9.903448e-01 
+3.230000e+02 +9.655116e-03 +6.000000e-08 +9.903448e-01 
+3.240000e+02 +9.655116e-03 +6.000000e-08 +9.903448e-01 
+3.250000e+02 +9.655116e-03 +6.000000e-08 +9.903448e-01 
+3.260000e+02 +9.655116e-03 +6.000000e-08 +9.903448e-01 
+3.270000e+02 +9.655116e-03 +6.000000e-08 +9.903448e-01 
+3.280000e+02 +9.655116e-03 +6.000000e-08 +9.903448e-01 
+3.290000e+02 +9.655116e-03 +6.000000e-08 +9.903448e-01 
+3.300000e+02 +9.655116e-03 +6.000000e-08 +9.903448e-01 
+3.310000e+02 +9.655116e-03 +6.000000e-08 +9.903448e-01 
+3.320000e+02 +9.655116e-03 +6.000000e-08 +9.903448e-01 
+3.330000e+02 +9.655116e-03 +6.000000e-08 +9.903448e-01 
+3.340000e+02 +9.655116e-03 +6.000000e-08 +9.903448e-01 
+3.350000e+02 +9.655116e-03 +6.000000e-08 +9.903448e-01 
+3.360000e+02 +9.655116e-03 +6.000000e-08 +9.903448e-01 
+3.370000e+02 +9.655116e-03 +6.000000e-08 +9.903448e-01 
+3.380000e+02 +9.655116e-03 +6.000000e-08 +9.903448e-01 
+3.390000e+02 +9.655116e-03 +6.000000e-08 +9.903448e-01 
+3.400000e+02 +9.655116e-03 +6.000000e-08 +9.903448e-01 
+3.410000e+02 +9.655116e-03 +6.000000e-08 +9.903448e-01 
+3.420000e+02 +9.655116e-03 +6.000000e-08 +9.903448e-01 
+3.430000e+02 +9.655116e-03 +6.000000e-08 +9.903448e-01 
+3.440000e+02 +9.655116e-03 +6.000000e-08 +9.903448e-01 
+3.450000e+02 +9.655116e-03 +6.000000e-08 +9.903448e-01 
+3.460000e+02 +9.655116e-03 +6.000000e-08 +9.903448e-01 
+3.470000e+02 +9.655116e-03 +6.000000e-08 +9.903448e-01 
+3.480000e+02 +9.655116e-03 +6.000000e-08 +9.903448e-01 
+3.490000e+02 +9.655116e-03 +6.000000e-08 +9.903448e-01 
+3.500000e+02 +9.655116e-03 +6.000000e-08 +9.903448e-01 
+3.510000e+02 +9.655116e-03 +6.000000e-08 +9.903448e-01 
+3.520000e+02 +9.655116e-03 +6.000000e-08 +9.903448e-01 
+3.530000e+02 +9.655116e-03 +6.000000e-08 +9.903448e-01 
+3.540000e+02 +9.655116e-03 +6.000000e-08 +9.903448e-01 
+3.550000e+02 +9.655116e-03 +6.000000e-08 +9.903448e-01 
+3.560000e+02 +9.655116e-03 +6.000000e-08 +9.903448e-01 
+3.570000e+02 +9.655116e-03 +6.000000e-08 +9.903448e-01 
+3.580000e+02 +9.655116e-03 +6.000000e-08 +9.903448e-01 
+3.590000e+02 +9.655116e-03 +6.000000e-08 +9.903448e-01 
+3.600000e+02 +9.655116e-03 +6.000000e-08 +9.903448e-01 
+3.610000e+02 +9.655116e-03 +6.000000e-08 +9.903448e-01 
+3.620000e+02 +9.655116e-03 +6.000000e-08 +9.903448e-01 
+3.630000e+02 +9.655116e-03 +6.000000e-08 +9.903448e-01 
+3.640000e+02 +9.655116e-03 +6.000000e-08 +9.903448e-01 
+3.650000e+02 +9.655116e-03 +6.000000e-08 +9.903448e-01 
+3.660000e+02 +9.655116e-03 +6.000000e-08 +9.903448e-01 
+3.670000e+02 +9.655116e-03 +6.000000e-08 +9.903448e-01 
+3.680000e+02 +9.655116e-03 +6.000000e-08 +9.903448e-01 
+3.690000e+02 +9.655116e-03 +6.000000e-08 +9.903448e-01 
+3.700000e+02 +9.655116e-03 +6.000000e-08 +9.903448e-01 
+3.710000e+02 +9.655116e-03 +6.000000e-08 +9.903448e-01 
+3.720000e+02 +9.655116e-03 +6.000000e-08 +9.903448e-01 
+3.730000e+02 +9.655116e-03 +6.000000e-08 +9.903448e-01 
+3.740000e+02 +9.655116e-03 +6.000000e-08 +9.903448e-01 
+3.750000e+02 +9.655116e-03 +6.000000e-08 +9.903448e-01 
+3.760000e+02 +9.655116e-03 +6.000000e-08 +9.903448e-01 
+3.770000e+02 +9.655116e-03 +6.000000e-08 +9.903448e-01 
+3.780000e+02 +9.655116e-03 +6.000000e-08 +9.903448e-01 
+3.790000e+02 +9.655116e-03 +6.000000e-08 +9.903448e-01 
+3.800000e+02 +9.655116e-03 +6.000000e-08 +9.903448e-01 
+3.810000e+02 +9.655116e-03 +6.000000e-08 +9.903448e-01 
+3.820000e+02 +9.655116e-03 +6.000000e-08 +9.903448e-01 
+3.830000e+02 +9.655116e-03 +6.000000e-08 +9.903448e-01 
+3.840000e+02 +9.655116e-03 +6.000000e-08 +9.903448e-01 
+3.850000e+02 +9.655116e-03 +6.000000e-08 +9.903448e-01 
+3.860000e+02 +9.655116e-03 +6.000000e-08 +9.903448e-01 
+3.870000e+02 +9.655116e-03 +6.000000e-08 +9.903448e-01 
+3.880000e+02 +9.655116e-03 +6.000000e-08 +9.903448e-01 
+3.890000e+02 +9.655116e-03 +6.000000e-08 +9.903448e-01 
+3.900000e+02 +9.655116e-03 +6.000000e-08 +9.903448e-01 
+3.910000e+02 +9.655116e-03 +6.000000e-08 +9.903448e-01 
+3.920000e+02 +9.655116e-03 +6.000000e-08 +9.903448e-01 
+3.930000e+02 +9.655116e-03 +6.000000e-08 +9.903448e-01 
+3.940000e+02 +9.655116e-03 +6.000000e-08 +9.903448e-01 
+3.950000e+02 +9.655116e-03 +6.000000e-08 +9.903448e-01 
+3.960000e+02 +9.655116e-03 +6.000000e-08 +9.903448e-01 
+3.970000e+02 +9.655116e-03 +6.000000e-08 +9.903448e-01 
+3.980000e+02 +9.655116e-03 +6.000000e-08 +9.903448e-01 
+3.990000e+02 +9.655116e-03 +6.000000e-08 +9.903448e-01 
+4.000000e+02 +9.655116e-03 +6.000000e-08 +9.903448e-01 
+4.010000e+02 +9.655116e-03 +6.000000e-08 +9.903448e-01 
+4.020000e+02 +9.655116e-03 +6.000000e-08 +9.903448e-01 
+4.030000e+02 +9.655116e-03 +6.000000e-08 +9.903448e-01 
+4.040000e+02 +9.655116e-03 +6.000000e-08 +9.903448e-01 
+4.050000e+02 +9.655116e-03 +6.000000e-08 +9.903448e-01 
+4.060000e+02 +9.655116e-03 +6.000000e-08 +9.903448e-01 
+4.070000e+02 +9.655116e-03 +6.000000e-08 +9.903448e-01 
+4.080000e+02 +9.655116e-03 +6.000000e-08 +9.903448e-01 
+4.090000e+02 +9.655116e-03 +6.000000e-08 +9.903448e-01 
+4.100000e+02 +9.655116e-03 +6.000000e-08 +9.903448e-01 
+4.110000e+02 +9.655116e-03 +6.000000e-08 +9.903448e-01 
+4.120000e+02 +9.655116e-03 +6.000000e-08 +9.903448e-01 
+4.130000e+02 +9.655116e-03 +6.000000e-08 +9.903448e-01 
+4.140000e+02 +9.655116e-03 +6.000000e-08 +9.903448e-01 
+4.150000e+02 +9.655116e-03 +6.000000e-08 +9.903448e-01 
+4.160000e+02 +9.655116e-03 +6.000000e-08 +9.903448e-01 
+4.170000e+02 +9.655116e-03 +6.000000e-08 +9.903448e-01 
+4.180000e+02 +9.655116e-03 +6.000000e-08 +9.903448e-01 
+4.190000e+02 +9.655116e-03 +6.000000e-08 +9.903448e-01 
+4.200000e+02 +9.655116e-03 +6.000000e-08 +9.903448e-01 
+4.210000e+02 +9.655116e-03 +6.000000e-08 +9.903448e-01 
+4.220000e+02 +9.655116e-03 +6.000000e-08 +9.903448e-01 
+4.230000e+02 +9.655116e-03 +6.000000e-08 +9.903448e-01 
+4.240000e+02 +9.655116e-03 +6.000000e-08 +9.903448e-01 
+4.250000e+02 +9.655116e-03 +6.000000e-08 +9.903448e-01 
+4.260000e+02 +9.655116e-03 +6.000000e-08 +9.903448e-01 
+4.270000e+02 +9.655116e-03 +6.000000e-08 +9.903448e-01 
+4.280000e+02 +9.655116e-03 +6.000000e-08 +9.903448e-01 
+4.290000e+02 +9.655116e-03 +6.000000e-08 +9.903448e-01 
+4.300000e+02 +9.655116e-03 +6.000000e-08 +9.903448e-01 
+4.310000e+02 +9.655116e-03 +6.000000e-08 +9.903448e-01 
+4.320000e+02 +9.655116e-03 +6.000000e-08 +9.903448e-01 
+4.330000e+02 +9.655116e-03 +6.000000e-08 +9.903448e-01 
+4.340000e+02 +9.655116e-03 +6.000000e-08 +9.903448e-01 
+4.350000e+02 +9.655116e-03 +6.000000e-08 +9.903448e-01 
+4.360000e+02 +9.655116e-03 +6.000000e-08 +9.903448e-01 
+4.370000e+02 +9.655116e-03 +6.000000e-08 +9.903448e-01 
+4.380000e+02 +9.655116e-03 +6.000000e-08 +9.903448e-01 
+4.390000e+02 +9.655116e-03 +6.000000e-08 +9.903448e-01 
+4.400000e+02 +9.655116e-03 +6.000000e-08 +9.903448e-01 
+4.410000e+02 +9.655116e-03 +6.000000e-08 +9.903448e-01 
+4.420000e+02 +9.655116e-03 +6.000000e-08 +9.903448e-01 
+4.430000e+02 +9.655116e-03 +6.000000e-08 +9.903448e-01 
+4.440000e+02 +9.655116e-03 +6.000000e-08 +9.903448e-01 
+4.450000e+02 +9.655116e-03 +6.000000e-08 +9.903448e-01 
+4.460000e+02 +9.655116e-03 +6.000000e-08 +9.903448e-01 
+4.470000e+02 +9.655116e-03 +6.000000e-08 +9.903448e-01 
+4.480000e+02 +9.655116e-03 +6.000000e-08 +9.903448e-01 
+4.490000e+02 +9.655116e-03 +6.000000e-08 +9.903448e-01 
+4.500000e+02 +9.655116e-03 +6.000000e-08 +9.903448e-01 
+4.510000e+02 +9.655116e-03 +6.000000e-08 +9.903448e-01 
+4.520000e+02 +9.655116e-03 +6.000000e-08 +9.903448e-01 
+4.530000e+02 +9.655116e-03 +6.000000e-08 +9.903448e-01 
+4.540000e+02 +9.655116e-03 +6.000000e-08 +9.903448e-01 
+4.550000e+02 +9.655116e-03 +6.000000e-08 +9.903448e-01 
+4.560000e+02 +9.655116e-03 +6.000000e-08 +9.903448e-01 
+4.570000e+02 +9.655116e-03 +6.000000e-08 +9.903448e-01 
+4.580000e+02 +9.655116e-03 +6.000000e-08 +9.903448e-01 
+4.590000e+02 +9.655116e-03 +6.000000e-08 +9.903448e-01 
+4.600000e+02 +9.655116e-03 +6.000000e-08 +9.903448e-01 
+4.610000e+02 +9.655116e-03 +6.000000e-08 +9.903448e-01 
+4.620000e+02 +9.655116e-03 +6.000000e-08 +9.903448e-01 
+4.630000e+02 +9.655116e-03 +6.000000e-08 +9.903448e-01 
+4.640000e+02 +9.655116e-03 +6.000000e-08 +9.903448e-01 
+4.650000e+02 +9.655116e-03 +6.000000e-08 +9.903448e-01 
+4.660000e+02 +9.655116e-03 +6.000000e-08 +9.903448e-01 
+4.670000e+02 +9.655116e-03 +6.000000e-08 +9.903448e-01 
+4.680000e+02 +9.655116e-03 +6.000000e-08 +9.903448e-01 
+4.690000e+02 +9.655116e-03 +6.000000e-08 +9.903448e-01 
+4.700000e+02 +9.655116e-03 +6.000000e-08 +9.903448e-01 
+4.710000e+02 +9.655116e-03 +6.000000e-08 +9.903448e-01 
+4.720000e+02 +9.655116e-03 +6.000000e-08 +9.903448e-01 
+4.730000e+02 +9.655116e-03 +6.000000e-08 +9.903448e-01 
+4.740000e+02 +9.655116e-03 +6.000000e-08 +9.903448e-01 
+4.750000e+02 +9.655116e-03 +6.000000e-08 +9.903448e-01 
+4.760000e+02 +9.655116e-03 +6.000000e-08 +9.903448e-01 
+4.770000e+02 +9.655116e-03 +6.000000e-08 +9.903448e-01 
+4.780000e+02 +9.655116e-03 +6.000000e-08 +9.903448e-01 
+4.790000e+02 +9.655116e-03 +6.000000e-08 +9.903448e-01 
+4.800000e+02 +9.655116e-03 +6.000000e-08 +9.903448e-01 
+4.810000e+02 +9.655116e-03 +6.000000e-08 +9.903448e-01 
+4.820000e+02 +9.655116e-03 +6.000000e-08 +9.903448e-01 
+4.830000e+02 +9.655116e-03 +6.000000e-08 +9.903448e-01 
+4.840000e+02 +9.655116e-03 +6.000000e-08 +9.903448e-01 
+4.850000e+02 +9.655116e-03 +6.000000e-08 +9.903448e-01 
+4.860000e+02 +9.655116e-03 +6.000000e-08 +9.903448e-01 
+4.870000e+02 +9.655116e-03 +6.000000e-08 +9.903448e-01 
+4.880000e+02 +9.655116e-03 +6.000000e-08 +9.903448e-01 
+4.890000e+02 +9.655116e-03 +6.000000e-08 +9.903448e-01 
+4.900000e+02 +9.655116e-03 +6.000000e-08 +9.903448e-01 
+4.910000e+02 +9.655116e-03 +6.000000e-08 +9.903448e-01 
+4.920000e+02 +9.655116e-03 +6.000000e-08 +9.903448e-01 
+4.930000e+02 +9.655116e-03 +6.000000e-08 +9.903448e-01 
+4.940000e+02 +9.655116e-03 +6.000000e-08 +9.903448e-01 
+4.950000e+02 +9.655116e-03 +6.000000e-08 +9.903448e-01 
+4.960000e+02 +9.655116e-03 +6.000000e-08 +9.903448e-01 
+4.970000e+02 +9.655116e-03 +6.000000e-08 +9.903448e-01 
+4.980000e+02 +9.655116e-03 +6.000000e-08 +9.903448e-01 
+4.990000e+02 +9.655116e-03 +6.000000e-08 +9.903448e-01 
+5.000000e+02 +9.655116e-03 +6.000000e-08 +9.903448e-01 
