+1.000000e+00 +9.991479e-01 +7.542160e-04 +9.784400e-05 
+2.000000e+00 +9.983291e-01 +1.388792e-03 +2.821560e-04 
+3.000000e+00 +9.969076e-01 +2.480048e-03 +6.123240e-04 
+4.000000e+00 +9.945443e-01 +4.265932e-03 +1.189788e-03 
+5.000000e+00 +9.908109e-01 +7.029600e-03 +2.159508e-03 
+6.000000e+00 +9.852335e-01 +1.104608e-02 +3.720444e-03 
+7.000000e+00 +9.773394e-01 +1.654842e-02 +6.112196e-03 
+8.000000e+00 +9.667240e-01 +2.366146e-02 +9.614580e-03 
+9.000000e+00 +9.530381e-01 +3.246776e-02 +1.449413e-02 
+1.000000e+01 +9.360774e-01 +4.285932e-02 +2.106330e-02 
+1.100000e+01 +9.157050e-01 +5.471807e-02 +2.957690e-02 
+1.200000e+01 +8.919134e-01 +6.780170e-02 +4.028491e-02 
+1.300000e+01 +8.647910e-01 +8.183825e-02 +5.337073e-02 
+1.400000e+01 +8.345193e-01 +9.650852e-02 +6.897223e-02 
+1.500000e+01 +8.013430e-01 +1.114869e-01 +8.717012e-02 
+1.600000e+01 +7.655980e-01 +1.264095e-01 +1.079925e-01 
+1.700000e+01 +7.276695e-01 +1.409332e-01 +1.313973e-01 
+1.800000e+01 +6.879972e-01 +1.547107e-01 +1.572922e-01 
+1.900000e+01 +6.470296e-01 +1.674860e-01 +1.854844e-01 
+2.000000e+01 +6.052159e-01 +1.789690e-01 +2.158151e-01 
+2.100000e+01 +5.630545e-01 +1.889224e-01 +2.480230e-01 
+2.200000e+01 +5.209906e-01 +1.971739e-01 +2.818355e-01 
+2.300000e+01 +4.794686e-01 +2.036081e-01 +3.169232e-01 
+2.400000e+01 +4.388858e-01 +2.081571e-01 +3.529571e-01 
+2.500000e+01 +3.996005e-01 +2.107566e-01 +3.896428e-01 
+2.600000e+01 +3.619123e-01 +2.114857e-01 +4.266020e-01 
+2.700000e+01 +3.260631e-01 +2.103800e-01 +4.635568e-01 
+2.800000e+01 +2.922533e-01 +2.075810e-01 +5.001657e-01 
+2.900000e+01 +2.606382e-01 +2.032375e-01 +5.361242e-01 
+3.000000e+01 +2.312816e-01 +1.975167e-01 +5.712017e-01 
+3.100000e+01 +2.042705e-01 +1.905337e-01 +6.051958e-01 
+3.200000e+01 +1.795982e-01 +1.825471e-01 +6.378547e-01 
+3.300000e+01 +1.572705e-01 +1.736889e-01 +6.690405e-01 
+3.400000e+01 +1.371881e-01 +1.641971e-01 +6.986148e-01 
+3.500000e+01 +1.192761e-01 +1.542487e-01 +7.264753e-01 
+3.600000e+01 +1.034057e-01 +1.440138e-01 +7.525805e-01 
+3.700000e+01 +8.943686e-02 +1.336883e-01 +7.768749e-01 
+3.800000e+01 +7.723905e-02 +1.233886e-01 +7.993723e-01 
+3.900000e+01 +6.666903e-02 +1.132616e-01 +8.200694e-01 
+4.000000e+01 +5.758233e-02 +1.033858e-01 +8.390318e-01 
+4.100000e+01 +4.980259e-02 +9.390160e-02 +8.562958e-01 
+4.200000e+01 +4.318955e-02 +8.487697e-02 +8.719335e-01 
+4.300000e+01 +3.760884e-02 +7.635901e-02 +8.860322e-01 
+4.400000e+01 +3.293640e-02 +6.837664e-02 +8.986870e-01 
+4.500000e+01 +2.903718e-02 +6.096913e-02 +9.099937e-01 
+4.600000e+01 +2.581509e-02 +5.413387e-02 +9.200510e-01 
+4.700000e+01 +2.316364e-02 +4.787586e-02 +9.289605e-01 
+4.800000e+01 +2.099096e-02 +4.217158e-02 +9.368375e-01 
+4.900000e+01 +1.921666e-02 +3.703190e-02 +9.437514e-01 
+5.000000e+01 +1.778023e-02 +3.239997e-02 +9.498198e-01 
+5.100000e+01 +1.661801e-02 +2.825857e-02 +9.551234e-01 
+5.200000e+01 +1.567575e-02 +2.458077e-02 +9.597435e-01 
+5.300000e+01 +1.491980e-02 +2.132695e-02 +9.637533e-01 
+5.400000e+01 +1.431462e-02 +1.845616e-02 +9.672292e-01 
+5.500000e+01 +1.383028e-02 +1.593750e-02 +9.702322e-01 
+5.600000e+01 +1.344588e-02 +1.373064e-02 +9.728235e-01 
+5.700000e+01 +1.314267e-02 +1.179963e-02 +9.750577e-01 
+5.800000e+01 +1.290290e-02 +1.012310e-02 +9.769740e-01 
+5.900000e+01 +1.271305e-02 +8.667304e-03 +9.786196e-01 
+6.000000e+01 +1.256393e-02 +7.412068e-03 +9.800240e-01 
+6.100000e+01 +1.244665e-02 +6.332768e-03 +9.812206e-01 
+6.200000e+01 +1.235484e-02 +5.399944e-03 +9.822452e-01 
+6.300000e+01 +1.228196e-02 +4.597144e-03 +9.831209e-01 
+6.400000e+01 +1.222549e-02 +3.909084e-03 +9.838654e-01 
+6.500000e+01 +1.217998e-02 +3.322456e-03 +9.844976e-01 
+6.600000e+01 +1.214410e-02 +2.822816e-03 +9.850331e-01 
+6.700000e+01 +1.211567e-02 +2.398080e-03 +9.854862e-01 
+6.800000e+01 +1.209260e-02 +2.034196e-03 +9.858732e-01 
+6.900000e+01 +1.207426e-02 +1.725784e-03 +9.862000e-01 
+7.000000e+01 +1.205878e-02 +1.462688e-03 +9.864785e-01 
+7.100000e+01 +1.204633e-02 +1.238276e-03 +9.867154e-01 
+7.200000e+01 +1.203628e-02 +1.049248e-03 +9.869145e-01 
+7.300000e+01 +1.202834e-02 +8.882520e-04 +9.870834e-01 
+7.400000e+01 +1.202194e-02 +7.512120e-04 +9.872268e-01 
+7.500000e+01 +1.201635e-02 +6.356440e-04 +9.873480e-01 
+7.600000e+01 +1.201192e-02 +5.373080e-04 +9.874508e-01 
+7.700000e+01 +1.200790e-02 +4.550240e-04 +9.875371e-01 
+7.800000e+01 +1.200485e-02 +3.852480e-04 +9.876099e-01 
+7.900000e+01 +1.200238e-02 +3.259040e-04 +9.876717e-01 
+8.000000e+01 +1.200015e-02 +2.755400e-04 +9.877243e-01 
+8.100000e+01 +1.199833e-02 +2.329960e-04 +9.877687e-01 
+8.200000e+01 +1.199681e-02 +1.976440e-04 +9.878055e-01 
+8.300000e+01 +1.199556e-02 +1.666640e-04 +9.878378e-01 
+8.400000e+01 +1.199459e-02 +1.407040e-04 +9.878647e-01 
+8.500000e+01 +1.199372e-02 +1.194560e-04 +9.878868e-01 
+8.600000e+01 +1.199298e-02 +1.006440e-04 +9.879064e-01 
+8.700000e+01 +1.199240e-02 +8.487600e-05 +9.879227e-01 
+8.800000e+01 +1.199177e-02 +7.204400e-05 +9.879362e-01 
+8.900000e+01 +1.199136e-02 +6.080000e-05 +9.879478e-01 
+9.000000e+01 +1.199093e-02 +5.121200e-05 +9.879579e-01 
+9.100000e+01 +1.199058e-02 +4.336800e-05 +9.879660e-01 
+9.200000e+01 +1.199033e-02 +3.676000e-05 +9.879729e-01 
+9.300000e+01 +1.199014e-02 +3.100400e-05 +9.879789e-01 
+9.400000e+01 +1.198995e-02 +2.660400e-05 +9.879834e-01 
+9.500000e+01 +1.198982e-02 +2.261200e-05 +9.879876e-01 
+9.600000e+01 +1.198971e-02 +1.908400e-05 +9.879912e-01 
+9.700000e+01 +1.198960e-02 +1.616400e-05 +9.879942e-01 
+9.800000e+01 +1.198954e-02 +1.371600e-05 +9.879967e-01 
+9.900000e+01 +1.198943e-02 +1.164400e-05 +9.879989e-01 
+1.000000e+02 +1.198934e-02 +1.002000e-05 +9.880006e-01 
+1.010000e+02 +1.198931e-02 +8.440000e-06 +9.880023e-01 
+1.020000e+02 +1.198926e-02 +7.084000e-06 +9.880037e-01 
+1.030000e+02 +1.198922e-02 +5.976000e-06 +9.880048e-01 
+1.040000e+02 +1.198920e-02 +5.072000e-06 +9.880057e-01 
+1.050000e+02 +1.198918e-02 +4.244000e-06 +9.880066e-01 
+1.060000e+02 +1.198914e-02 +3.536000e-06 +9.880073e-01 
+1.070000e+02 +1.198914e-02 +2.956000e-06 +9.880079e-01 
+1.080000e+02 +1.198912e-02 +2.536000e-06 +9.880083e-01 
+1.090000e+02 +1.198911e-02 +2.176000e-06 +9.880087e-01 
+1.100000e+02 +1.198909e-02 +1.880000e-06 +9.880090e-01 
+1.110000e+02 +1.198909e-02 +1.576000e-06 +9.880093e-01 
+1.120000e+02 +1.198908e-02 +1.280000e-06 +9.880096e-01 
+1.130000e+02 +1.198908e-02 +1.068000e-06 +9.880099e-01 
+1.140000e+02 +1.198907e-02 +9.200000e-07 +9.880100e-01 
+1.150000e+02 +1.198907e-02 +7.800000e-07 +9.880101e-01 
+1.160000e+02 +1.198907e-02 +6.880000e-07 +9.880102e-01 
+1.170000e+02 +1.198907e-02 +6.160000e-07 +9.880103e-01 
+1.180000e+02 +1.198906e-02 +5.040000e-07 +9.880104e-01 
+1.190000e+02 +1.198906e-02 +4.560000e-07 +9.880105e-01 
+1.200000e+02 +1.198905e-02 +3.920000e-07 +9.880106e-01 
+1.210000e+02 +1.198905e-02 +3.240000e-07 +9.880106e-01 
+1.220000e+02 +1.198905e-02 +2.800000e-07 +9.880107e-01 
+1.230000e+02 +1.198905e-02 +2.200000e-07 +9.880107e-01 
+1.240000e+02 +1.198905e-02 +2.040000e-07 +9.880107e-01 
+1.250000e+02 +1.198905e-02 +2.000000e-07 +9.880108e-01 
+1.260000e+02 +1.198905e-02 +1.840000e-07 +9.880108e-01 
+1.270000e+02 +1.198904e-02 +1.600000e-07 +9.880108e-01 
+1.280000e+02 +1.198904e-02 +1.280000e-07 +9.880108e-01 
+1.290000e+02 +1.198904e-02 +1.320000e-07 +9.880108e-01 
+1.300000e+02 +1.198904e-02 +1.160000e-07 +9.880108e-01 
+1.310000e+02 +1.198904e-02 +1.080000e-07 +9.880109e-01 
+1.320000e+02 +1.198904e-02 +9.600000e-08 +9.880109e-01 
+1.330000e+02 +1.198904e-02 +9.200000e-08 +9.880109e-01 
+1.340000e+02 +1.198904e-02 +8.800000e-08 +9.880109e-01 
+1.350000e+02 +1.198904e-02 +8.400000e-08 +9.880109e-01 
+1.360000e+02 +1.198904e-02 +8.400000e-08 +9.880109e-01 
+1.370000e+02 +1.198904e-02 +8.000000e-08 +9.880109e-01 
+1.380000e+02 +1.198904e-02 +7.600000e-08 +9.880109e-01 
+1.390000e+02 +1.198904e-02 +7.200000e-08 +9.880109e-01 
+1.400000e+02 +1.198904e-02 +7.200000e-08 +9.880109e-01 
+1.410000e+02 +1.198904e-02 +7.200000e-08 +9.880109e-01 
+1.420000e+02 +1.198904e-02 +6.800000e-08 +9.880109e-01 
+1.430000e+02 +1.198904e-02 +6.400000e-08 +9.880109e-01 
+1.440000e+02 +1.198904e-02 +6.400000e-08 +9.880109e-01 
+1.450000e+02 +1.198904e-02 +6.000000e-08 +9.880109e-01 
+1.460000e+02 +1.198904e-02 +6.000000e-08 +9.880109e-01 
+1.470000e+02 +1.198904e-02 +6.000000e-08 +9.880109e-01 
+1.480000e+02 +1.198904e-02 +6.000000e-08 +9.880109e-01 
+1.490000e+02 +1.198904e-02 +6.000000e-08 +9.880109e-01 
+1.500000e+02 +1.198904e-02 +6.000000e-08 +9.880109e-01 
+1.510000e+02 +1.198904e-02 +6.000000e-08 +9.880109e-01 
+1.520000e+02 +1.198904e-02 +6.000000e-08 +9.880109e-01 
+1.530000e+02 +1.198904e-02 +6.000000e-08 +9.880109e-01 
+1.540000e+02 +1.198904e-02 +6.000000e-08 +9.880109e-01 
+1.550000e+02 +1.198904e-02 +6.000000e-08 +9.880109e-01 
+1.560000e+02 +1.198904e-02 +6.000000e-08 +9.880109e-01 
+1.570000e+02 +1.198904e-02 +6.000000e-08 +9.880109e-01 
+1.580000e+02 +1.198904e-02 +6.000000e-08 +9.880109e-01 
+1.590000e+02 +1.198904e-02 +6.000000e-08 +9.880109e-01 
+1.600000e+02 +1.198904e-02 +6.000000e-08 +9.880109e-01 
+1.610000e+02 +1.198904e-02 +6.000000e-08 +9.880109e-01 
+1.620000e+02 +1.198904e-02 +6.000000e-08 +9.880109e-01 
+1.630000e+02 +1.198904e-02 +6.000000e-08 +9.880109e-01 
+1.640000e+02 +1.198904e-02 +6.000000e-08 +9.880109e-01 
+1.650000e+02 +1.198904e-02 +6.000000e-08 +9.880109e-01 
+1.660000e+02 +1.198904e-02 +6.000000e-08 +9.880109e-01 
+1.670000e+02 +1.198904e-02 +6.000000e-08 +9.880109e-01 
+1.680000e+02 +1.198904e-02 +6.000000e-08 +9.880109e-01 
+1.690000e+02 +1.198904e-02 +6.000000e-08 +9.880109e-01 
+1.700000e+02 +1.198904e-02 +6.000000e-08 +9.880109e-01 
+1.710000e+02 +1.198904e-02 +6.000000e-08 +9.880109e-01 
+1.720000e+02 +1.198904e-02 +6.000000e-08 +9.880109e-01 
+1.730000e+02 +1.198904e-02 +6.000000e-08 +9.880109e-01 
+1.740000e+02 +1.198904e-02 +6.000000e-08 +9.880109e-01 
+1.750000e+02 +1.198904e-02 +6.000000e-08 +9.880109e-01 
+1.760000e+02 +1.198904e-02 +6.000000e-08 +9.880109e-01 
+1.770000e+02 +1.198904e-02 +6.000000e-08 +9.880109e-01 
+1.780000e+02 +1.198904e-02 +6.000000e-08 +9.880109e-01 
+1.790000e+02 +1.198904e-02 +6.000000e-08 +9.880109e-01 
+1.800000e+02 +1.198904e-02 +6.000000e-08 +9.880109e-01 
+1.810000e+02 +1.198904e-02 +6.000000e-08 +9.880109e-01 
+1.820000e+02 +1.198904e-02 +6.000000e-08 +9.880109e-01 
+1.830000e+02 +1.198904e-02 +6.000000e-08 +9.880109e-01 
+1.840000e+02 +1.198904e-02 +6.000000e-08 +9.880109e-01 
+1.850000e+02 +1.198904e-02 +6.000000e-08 +9.880109e-01 
+1.860000e+02 +1.198904e-02 +6.000000e-08 +9.880109e-01 
+1.870000e+02 +1.198904e-02 +6.000000e-08 +9.880109e-01 
+1.880000e+02 +1.198904e-02 +6.000000e-08 +9.880109e-01 
+1.890000e+02 +1.198904e-02 +6.000000e-08 +9.880109e-01 
+1.900000e+02 +1.198904e-02 +6.000000e-08 +9.880109e-01 
+1.910000e+02 +1.198904e-02 +6.000000e-08 +9.880109e-01 
+1.920000e+02 +1.198904e-02 +6.000000e-08 +9.880109e-01 
+1.930000e+02 +1.198904e-02 +6.000000e-08 +9.880109e-01 
+1.940000e+02 +1.198904e-02 +6.000000e-08 +9.880109e-01 
+1.950000e+02 +1.198904e-02 +6.000000e-08 +9.880109e-01 
+1.960000e+02 +1.198904e-02 +6.000000e-08 +9.880109e-01 
+1.970000e+02 +1.198904e-02 +6.000000e-08 +9.880109e-01 
+1.980000e+02 +1.198904e-02 +6.000000e-08 +9.880109e-01 
+1.990000e+02 +1.198904e-02 +6.000000e-08 +9.880109e-01 
+2.000000e+02 +1.198904e-02 +6.000000e-08 +9.880109e-01 
+2.010000e+02 +1.198904e-02 +6.000000e-08 +9.880109e-01 
+2.020000e+02 +1.198904e-02 +6.000000e-08 +9.880109e-01 
+2.030000e+02 +1.198904e-02 +6.000000e-08 +9.880109e-01 
+2.040000e+02 +1.198904e-02 +6.000000e-08 +9.880109e-01 
+2.050000e+02 +1.198904e-02 +6.000000e-08 +9.880109e-01 
+2.060000e+02 +1.198904e-02 +6.000000e-08 +9.880109e-01 
+2.070000e+02 +1.198904e-02 +6.000000e-08 +9.880109e-01 
+2.080000e+02 +1.198904e-02 +6.000000e-08 +9.880109e-01 
+2.090000e+02 +1.198904e-02 +6.000000e-08 +9.880109e-01 
+2.100000e+02 +1.198904e-02 +6.000000e-08 +9.880109e-01 
+2.110000e+02 +1.198904e-02 +6.000000e-08 +9.880109e-01 
+2.120000e+02 +1.198904e-02 +6.000000e-08 +9.880109e-01 
+2.130000e+02 +1.198904e-02 +6.000000e-08 +9.880109e-01 
+2.140000e+02 +1.198904e-02 +6.000000e-08 +9.880109e-01 
+2.150000e+02 +1.198904e-02 +6.000000e-08 +9.880109e-01 
+2.160000e+02 +1.198904e-02 +6.000000e-08 +9.880109e-01 
+2.170000e+02 +1.198904e-02 +6.000000e-08 +9.880109e-01 
+2.180000e+02 +1.198904e-02 +6.000000e-08 +9.880109e-01 
+2.190000e+02 +1.198904e-02 +6.000000e-08 +9.880109e-01 
+2.200000e+02 +1.198904e-02 +6.000000e-08 +9.880109e-01 
+2.210000e+02 +1.198904e-02 +6.000000e-08 +9.880109e-01 
+2.220000e+02 +1.198904e-02 +6.000000e-08 +9.880109e-01 
+2.230000e+02 +1.198904e-02 +6.000000e-08 +9.880109e-01 
+2.240000e+02 +1.198904e-02 +6.000000e-08 +9.880109e-01 
+2.250000e+02 +1.198904e-02 +6.000000e-08 +9.880109e-01 
+2.260000e+02 +1.198904e-02 +6.000000e-08 +9.880109e-01 
+2.270000e+02 +1.198904e-02 +6.000000e-08 +9.880109e-01 
+2.280000e+02 +1.198904e-02 +6.000000e-08 +9.880109e-01 
+2.290000e+02 +1.198904e-02 +6.000000e-08 +9.880109e-01 
+2.300000e+02 +1.198904e-02 +6.000000e-08 +9.880109e-01 
+2.310000e+02 +1.198904e-02 +6.000000e-08 +9.880109e-01 
+2.320000e+02 +1.198904e-02 +6.000000e-08 +9.880109e-01 
+2.330000e+02 +1.198904e-02 +6.000000e-08 +9.880109e-01 
+2.340000e+02 +1.198904e-02 +6.000000e-08 +9.880109e-01 
+2.350000e+02 +1.198904e-02 +6.000000e-08 +9.880109e-01 
+2.360000e+02 +1.198904e-02 +6.000000e-08 +9.880109e-01 
+2.370000e+02 +1.198904e-02 +6.000000e-08 +9.880109e-01 
+2.380000e+02 +1.198904e-02 +6.000000e-08 +9.880109e-01 
+2.390000e+02 +1.198904e-02 +6.000000e-08 +9.880109e-01 
+2.400000e+02 +1.198904e-02 +6.000000e-08 +9.880109e-01 
+2.410000e+02 +1.198904e-02 +6.000000e-08 +9.880109e-01 
+2.420000e+02 +1.198904e-02 +6.000000e-08 +9.880109e-01 
+2.430000e+02 +1.198904e-02 +6.000000e-08 +9.880109e-01 
+2.440000e+02 +1.198904e-02 +6.000000e-08 +9.880109e-01 
+2.450000e+02 +1.198904e-02 +6.000000e-08 +9.880109e-01 
+2.460000e+02 +1.198904e-02 +6.000000e-08 +9.880109e-01 
+2.470000e+02 +1.198904e-02 +6.000000e-08 +9.880109e-01 
+2.480000e+02 +1.198904e-02 +6.000000e-08 +9.880109e-01 
+2.490000e+02 +1.198904e-02 +6.000000e-08 +9.880109e-01 
+2.500000e+02 +1.198904e-02 +6.000000e-08 +9.880109e-01 
+2.510000e+02 +1.198904e-02 +6.000000e-08 +9.880109e-01 
+2.520000e+02 +1.198904e-02 +6.000000e-08 +9.880109e-01 
+2.530000e+02 +1.198904e-02 +6.000000e-08 +9.880109e-01 
+2.540000e+02 +1.198904e-02 +6.000000e-08 +9.880109e-01 
+2.550000e+02 +1.198904e-02 +6.000000e-08 +9.880109e-01 
+2.560000e+02 +1.198904e-02 +6.000000e-08 +9.880109e-01 
+2.570000e+02 +1.198904e-02 +6.000000e-08 +9.880109e-01 
+2.580000e+02 +1.198904e-02 +6.000000e-08 +9.880109e-01 
+2.590000e+02 +1.198904e-02 +6.000000e-08 +9.880109e-01 
+2.600000e+02 +1.198904e-02 +6.000000e-08 +9.880109e-01 
+2.610000e+02 +1.198904e-02 +6.000000e-08 +9.880109e-01 
+2.620000e+02 +1.198904e-02 +6.000000e-08 +9.880109e-01 
+2.630000e+02 +1.198904e-02 +6.000000e-08 +9.880109e-01 
+2.640000e+02 +1.198904e-02 +6.000000e-08 +9.880109e-01 
+2.650000e+02 +1.198904e-02 +6.000000e-08 +9.880109e-01 
+2.660000e+02 +1.198904e-02 +6.000000e-08 +9.880109e-01 
+2.670000e+02 +1.198904e-02 +6.000000e-08 +9.880109e-01 
+2.680000e+02 +1.198904e-02 +6.000000e-08 +9.880109e-01 
+2.690000e+02 +1.198904e-02 +6.000000e-08 +9.880109e-01 
+2.700000e+02 +1.198904e-02 +6.000000e-08 +9.880109e-01 
+2.710000e+02 +1.198904e-02 +6.000000e-08 +9.880109e-01 
+2.720000e+02 +1.198904e-02 +6.000000e-08 +9.880109e-01 
+2.730000e+02 +1.198904e-02 +6.000000e-08 +9.880109e-01 
+2.740000e+02 +1.198904e-02 +6.000000e-08 +9.880109e-01 
+2.750000e+02 +1.198904e-02 +6.000000e-08 +9.880109e-01 
+2.760000e+02 +1.198904e-02 +6.000000e-08 +9.880109e-01 
+2.770000e+02 +1.198904e-02 +6.000000e-08 +9.880109e-01 
+2.780000e+02 +1.198904e-02 +6.000000e-08 +9.880109e-01 
+2.790000e+02 +1.198904e-02 +6.000000e-08 +9.880109e-01 
+2.800000e+02 +1.198904e-02 +6.000000e-08 +9.880109e-01 
+2.810000e+02 +1.198904e-02 +6.000000e-08 +9.880109e-01 
+2.820000e+02 +1.198904e-02 +6.000000e-08 +9.880109e-01 
+2.830000e+02 +1.198904e-02 +6.000000e-08 +9.880109e-01 
+2.840000e+02 +1.198904e-02 +6.000000e-08 +9.880109e-01 
+2.850000e+02 +1.198904e-02 +6.000000e-08 +9.880109e-01 
+2.860000e+02 +1.198904e-02 +6.000000e-08 +9.880109e-01 
+2.870000e+02 +1.198904e-02 +6.000000e-08 +9.880109e-01 
+2.880000e+02 +1.198904e-02 +6.000000e-08 +9.880109e-01 
+2.890000e+02 +1.198904e-02 +6.000000e-08 +9.880109e-01 
+2.900000e+02 +1.198904e-02 +6.000000e-08 +9.880109e-01 
+2.910000e+02 +1.198904e-02 +6.000000e-08 +9.880109e-01 
+2.920000e+02 +1.198904e-02 +6.000000e-08 +9.880109e-01 
+2.930000e+02 +1.198904e-02 +6.000000e-08 +9.880109e-01 
+2.940000e+02 +1.198904e-02 +6.000000e-08 +9.880109e-01 
+2.950000e+02 +1.198904e-02 +6.000000e-08 +9.880109e-01 
+2.960000e+02 +1.198904e-02 +6.000000e-08 +9.880109e-01 
+2.970000e+02 +1.198904e-02 +6.000000e-08 +9.880109e-01 
+2.980000e+02 +1.198904e-02 +6.000000e-08 +9.880109e-01 
+2.990000e+02 +1.198904e-02 +6.000000e-08 +9.880109e-01 
+3.000000e+02 +1.198904e-02 +6.000000e-08 +9.880109e-01 
+3.010000e+02 +1.198904e-02 +6.000000e-08 +9.880109e-01 
+3.020000e+02 +1.198904e-02 +6.000000e-08 +9.880109e-01 
+3.030000e+02 +1.198904e-02 +6.000000e-08 +9.880109e-01 
+3.040000e+02 +1.198904e-02 +6.000000e-08 +9.880109e-01 
+3.050000e+02 +1.198904e-02 +6.000000e-08 +9.880109e-01 
+3.060000e+02 +1.198904e-02 +6.000000e-08 +9.880109e-01 
+3.070000e+02 +1.198904e-02 +6.000000e-08 +9.880109e-01 
+3.080000e+02 +1.198904e-02 +6.000000e-08 +9.880109e-01 
+3.090000e+02 +1.198904e-02 +6.000000e-08 +9.880109e-01 
+3.100000e+02 +1.198904e-02 +6.000000e-08 +9.880109e-01 
+3.110000e+02 +1.198904e-02 +6.000000e-08 +9.880109e-01 
+3.120000e+02 +1.198904e-02 +6.000000e-08 +9.880109e-01 
+3.130000e+02 +1.198904e-02 +6.000000e-08 +9.880109e-01 
+3.140000e+02 +1.198904e-02 +6.000000e-08 +9.880109e-01 
+3.150000e+02 +1.198904e-02 +6.000000e-08 +9.880109e-01 
+3.160000e+02 +1.198904e-02 +6.000000e-08 +9.880109e-01 
+3.170000e+02 +1.198904e-02 +6.000000e-08 +9.880109e-01 
+3.180000e+02 +1.198904e-02 +6.000000e-08 +9.880109e-01 
+3.190000e+02 +1.198904e-02 +6.000000e-08 +9.880109e-01 
+3.200000e+02 +1.198904e-02 +6.000000e-08 +9.880109e-01 
+3.210000e+02 +1.198904e-02 +6.000000e-08 +9.880109e-01 
+3.220000e+02 +1.198904e-02 +6.000000e-08 +9.880109e-01 
+3.230000e+02 +1.198904e-02 +6.000000e-08 +9.880109e-01 
+3.240000e+02 +1.198904e-02 +6.000000e-08 +9.880109e-01 
+3.250000e+02 +1.198904e-02 +6.000000e-08 +9.880109e-01 
+3.260000e+02 +1.198904e-02 +6.000000e-08 +9.880109e-01 
+3.270000e+02 +1.198904e-02 +6.000000e-08 +9.880109e-01 
+3.280000e+02 +1.198904e-02 +6.000000e-08 +9.880109e-01 
+3.290000e+02 +1.198904e-02 +6.000000e-08 +9.880109e-01 
+3.300000e+02 +1.198904e-02 +6.000000e-08 +9.880109e-01 
+3.310000e+02 +1.198904e-02 +6.000000e-08 +9.880109e-01 
+3.320000e+02 +1.198904e-02 +6.000000e-08 +9.880109e-01 
+3.330000e+02 +1.198904e-02 +6.000000e-08 +9.880109e-01 
+3.340000e+02 +1.198904e-02 +6.000000e-08 +9.880109e-01 
+3.350000e+02 +1.198904e-02 +6.000000e-08 +9.880109e-01 
+3.360000e+02 +1.198904e-02 +6.000000e-08 +9.880109e-01 
+3.370000e+02 +1.198904e-02 +6.000000e-08 +9.880109e-01 
+3.380000e+02 +1.198904e-02 +6.000000e-08 +9.880109e-01 
+3.390000e+02 +1.198904e-02 +6.000000e-08 +9.880109e-01 
+3.400000e+02 +1.198904e-02 +6.000000e-08 +9.880109e-01 
+3.410000e+02 +1.198904e-02 +6.000000e-08 +9.880109e-01 
+3.420000e+02 +1.198904e-02 +6.000000e-08 +9.880109e-01 
+3.430000e+02 +1.198904e-02 +6.000000e-08 +9.880109e-01 
+3.440000e+02 +1.198904e-02 +6.000000e-08 +9.880109e-01 
+3.450000e+02 +1.198904e-02 +6.000000e-08 +9.880109e-01 
+3.460000e+02 +1.198904e-02 +6.000000e-08 +9.880109e-01 
+3.470000e+02 +1.198904e-02 +6.000000e-08 +9.880109e-01 
+3.480000e+02 +1.198904e-02 +6.000000e-08 +9.880109e-01 
+3.490000e+02 +1.198904e-02 +6.000000e-08 +9.880109e-01 
+3.500000e+02 +1.198904e-02 +6.000000e-08 +9.880109e-01 
+3.510000e+02 +1.198904e-02 +6.000000e-08 +9.880109e-01 
+3.520000e+02 +1.198904e-02 +6.000000e-08 +9.880109e-01 
+3.530000e+02 +1.198904e-02 +6.000000e-08 +9.880109e-01 
+3.540000e+02 +1.198904e-02 +6.000000e-08 +9.880109e-01 
+3.550000e+02 +1.198904e-02 +6.000000e-08 +9.880109e-01 
+3.560000e+02 +1.198904e-02 +6.000000e-08 +9.880109e-01 
+3.570000e+02 +1.198904e-02 +6.000000e-08 +9.880109e-01 
+3.580000e+02 +1.198904e-02 +6.000000e-08 +9.880109e-01 
+3.590000e+02 +1.198904e-02 +6.000000e-08 +9.880109e-01 
+3.600000e+02 +1.198904e-02 +6.000000e-08 +9.880109e-01 
+3.610000e+02 +1.198904e-02 +6.000000e-08 +9.880109e-01 
+3.620000e+02 +1.198904e-02 +6.000000e-08 +9.880109e-01 
+3.630000e+02 +1.198904e-02 +6.000000e-08 +9.880109e-01 
+3.640000e+02 +1.198904e-02 +6.000000e-08 +9.880109e-01 
+3.650000e+02 +1.198904e-02 +6.000000e-08 +9.880109e-01 
+3.660000e+02 +1.198904e-02 +6.000000e-08 +9.880109e-01 
+3.670000e+02 +1.198904e-02 +6.000000e-08 +9.880109e-01 
+3.680000e+02 +1.198904e-02 +6.000000e-08 +9.880109e-01 
+3.690000e+02 +1.198904e-02 +6.000000e-08 +9.880109e-01 
+3.700000e+02 +1.198904e-02 +6.000000e-08 +9.880109e-01 
+3.710000e+02 +1.198904e-02 +6.000000e-08 +9.880109e-01 
+3.720000e+02 +1.198904e-02 +6.000000e-08 +9.880109e-01 
+3.730000e+02 +1.198904e-02 +6.000000e-08 +9.880109e-01 
+3.740000e+02 +1.198904e-02 +6.000000e-08 +9.880109e-01 
+3.750000e+02 +1.198904e-02 +6.000000e-08 +9.880109e-01 
+3.760000e+02 +1.198904e-02 +6.000000e-08 +9.880109e-01 
+3.770000e+02 +1.198904e-02 +6.000000e-08 +9.880109e-01 
+3.780000e+02 +1.198904e-02 +6.000000e-08 +9.880109e-01 
+3.790000e+02 +1.198904e-02 +6.000000e-08 +9.880109e-01 
+3.800000e+02 +1.198904e-02 +6.000000e-08 +9.880109e-01 
+3.810000e+02 +1.198904e-02 +6.000000e-08 +9.880109e-01 
+3.820000e+02 +1.198904e-02 +6.000000e-08 +9.880109e-01 
+3.830000e+02 +1.198904e-02 +6.000000e-08 +9.880109e-01 
+3.840000e+02 +1.198904e-02 +6.000000e-08 +9.880109e-01 
+3.850000e+02 +1.198904e-02 +6.000000e-08 +9.880109e-01 
+3.860000e+02 +1.198904e-02 +6.000000e-08 +9.880109e-01 
+3.870000e+02 +1.198904e-02 +6.000000e-08 +9.880109e-01 
+3.880000e+02 +1.198904e-02 +6.000000e-08 +9.880109e-01 
+3.890000e+02 +1.198904e-02 +6.000000e-08 +9.880109e-01 
+3.900000e+02 +1.198904e-02 +6.000000e-08 +9.880109e-01 
+3.910000e+02 +1.198904e-02 +6.000000e-08 +9.880109e-01 
+3.920000e+02 +1.198904e-02 +6.000000e-08 +9.880109e-01 
+3.930000e+02 +1.198904e-02 +6.000000e-08 +9.880109e-01 
+3.940000e+02 +1.198904e-02 +6.000000e-08 +9.880109e-01 
+3.950000e+02 +1.198904e-02 +6.000000e-08 +9.880109e-01 
+3.960000e+02 +1.198904e-02 +6.000000e-08 +9.880109e-01 
+3.970000e+02 +1.198904e-02 +6.000000e-08 +9.880109e-01 
+3.980000e+02 +1.198904e-02 +6.000000e-08 +9.880109e-01 
+3.990000e+02 +1.198904e-02 +6.000000e-08 +9.880109e-01 
+4.000000e+02 +1.198904e-02 +6.000000e-08 +9.880109e-01 
+4.010000e+02 +1.198904e-02 +6.000000e-08 +9.880109e-01 
+4.020000e+02 +1.198904e-02 +6.000000e-08 +9.880109e-01 
+4.030000e+02 +1.198904e-02 +6.000000e-08 +9.880109e-01 
+4.040000e+02 +1.198904e-02 +6.000000e-08 +9.880109e-01 
+4.050000e+02 +1.198904e-02 +6.000000e-08 +9.880109e-01 
+4.060000e+02 +1.198904e-02 +6.000000e-08 +9.880109e-01 
+4.070000e+02 +1.198904e-02 +6.000000e-08 +9.880109e-01 
+4.080000e+02 +1.198904e-02 +6.000000e-08 +9.880109e-01 
+4.090000e+02 +1.198904e-02 +6.000000e-08 +9.880109e-01 
+4.100000e+02 +1.198904e-02 +6.000000e-08 +9.880109e-01 
+4.110000e+02 +1.198904e-02 +6.000000e-08 +9.880109e-01 
+4.120000e+02 +1.198904e-02 +6.000000e-08 +9.880109e-01 
+4.130000e+02 +1.198904e-02 +6.000000e-08 +9.880109e-01 
+4.140000e+02 +1.198904e-02 +6.000000e-08 +9.880109e-01 
+4.150000e+02 +1.198904e-02 +6.000000e-08 +9.880109e-01 
+4.160000e+02 +1.198904e-02 +6.000000e-08 +9.880109e-01 
+4.170000e+02 +1.198904e-02 +6.000000e-08 +9.880109e-01 
+4.180000e+02 +1.198904e-02 +6.000000e-08 +9.880109e-01 
+4.190000e+02 +1.198904e-02 +6.000000e-08 +9.880109e-01 
+4.200000e+02 +1.198904e-02 +6.000000e-08 +9.880109e-01 
+4.210000e+02 +1.198904e-02 +6.000000e-08 +9.880109e-01 
+4.220000e+02 +1.198904e-02 +6.000000e-08 +9.880109e-01 
+4.230000e+02 +1.198904e-02 +6.000000e-08 +9.880109e-01 
+4.240000e+02 +1.198904e-02 +6.000000e-08 +9.880109e-01 
+4.250000e+02 +1.198904e-02 +6.000000e-08 +9.880109e-01 
+4.260000e+02 +1.198904e-02 +6.000000e-08 +9.880109e-01 
+4.270000e+02 +1.198904e-02 +6.000000e-08 +9.880109e-01 
+4.280000e+02 +1.198904e-02 +6.000000e-08 +9.880109e-01 
+4.290000e+02 +1.198904e-02 +6.000000e-08 +9.880109e-01 
+4.300000e+02 +1.198904e-02 +6.000000e-08 +9.880109e-01 
+4.310000e+02 +1.198904e-02 +6.000000e-08 +9.880109e-01 
+4.320000e+02 +1.198904e-02 +6.000000e-08 +9.880109e-01 
+4.330000e+02 +1.198904e-02 +6.000000e-08 +9.880109e-01 
+4.340000e+02 +1.198904e-02 +6.000000e-08 +9.880109e-01 
+4.350000e+02 +1.198904e-02 +6.000000e-08 +9.880109e-01 
+4.360000e+02 +1.198904e-02 +6.000000e-08 +9.880109e-01 
+4.370000e+02 +1.198904e-02 +6.000000e-08 +9.880109e-01 
+4.380000e+02 +1.198904e-02 +6.000000e-08 +9.880109e-01 
+4.390000e+02 +1.198904e-02 +6.000000e-08 +9.880109e-01 
+4.400000e+02 +1.198904e-02 +6.000000e-08 +9.880109e-01 
+4.410000e+02 +1.198904e-02 +6.000000e-08 +9.880109e-01 
+4.420000e+02 +1.198904e-02 +6.000000e-08 +9.880109e-01 
+4.430000e+02 +1.198904e-02 +6.000000e-08 +9.880109e-01 
+4.440000e+02 +1.198904e-02 +6.000000e-08 +9.880109e-01 
+4.450000e+02 +1.198904e-02 +6.000000e-08 +9.880109e-01 
+4.460000e+02 +1.198904e-02 +6.000000e-08 +9.880109e-01 
+4.470000e+02 +1.198904e-02 +6.000000e-08 +9.880109e-01 
+4.480000e+02 +1.198904e-02 +6.000000e-08 +9.880109e-01 
+4.490000e+02 +1.198904e-02 +6.000000e-08 +9.880109e-01 
+4.500000e+02 +1.198904e-02 +6.000000e-08 +9.880109e-01 
+4.510000e+02 +1.198904e-02 +6.000000e-08 +9.880109e-01 
+4.520000e+02 +1.198904e-02 +6.000000e-08 +9.880109e-01 
+4.530000e+02 +1.198904e-02 +6.000000e-08 +9.880109e-01 
+4.540000e+02 +1.198904e-02 +6.000000e-08 +9.880109e-01 
+4.550000e+02 +1.198904e-02 +6.000000e-08 +9.880109e-01 
+4.560000e+02 +1.198904e-02 +6.000000e-08 +9.880109e-01 
+4.570000e+02 +1.198904e-02 +6.000000e-08 +9.880109e-01 
+4.580000e+02 +1.198904e-02 +6.000000e-08 +9.880109e-01 
+4.590000e+02 +1.198904e-02 +6.000000e-08 +9.880109e-01 
+4.600000e+02 +1.198904e-02 +6.000000e-08 +9.880109e-01 
+4.610000e+02 +1.198904e-02 +6.000000e-08 +9.880109e-01 
+4.620000e+02 +1.198904e-02 +6.000000e-08 +9.880109e-01 
+4.630000e+02 +1.198904e-02 +6.000000e-08 +9.880109e-01 
+4.640000e+02 +1.198904e-02 +6.000000e-08 +9.880109e-01 
+4.650000e+02 +1.198904e-02 +6.000000e-08 +9.880109e-01 
+4.660000e+02 +1.198904e-02 +6.000000e-08 +9.880109e-01 
+4.670000e+02 +1.198904e-02 +6.000000e-08 +9.880109e-01 
+4.680000e+02 +1.198904e-02 +6.000000e-08 +9.880109e-01 
+4.690000e+02 +1.198904e-02 +6.000000e-08 +9.880109e-01 
+4.700000e+02 +1.198904e-02 +6.000000e-08 +9.880109e-01 
+4.710000e+02 +1.198904e-02 +6.000000e-08 +9.880109e-01 
+4.720000e+02 +1.198904e-02 +6.000000e-08 +9.880109e-01 
+4.730000e+02 +1.198904e-02 +6.000000e-08 +9.880109e-01 
+4.740000e+02 +1.198904e-02 +6.000000e-08 +9.880109e-01 
+4.750000e+02 +1.198904e-02 +6.000000e-08 +9.880109e-01 
+4.760000e+02 +1.198904e-02 +6.000000e-08 +9.880109e-01 
+4.770000e+02 +1.198904e-02 +6.000000e-08 +9.880109e-01 
+4.780000e+02 +1.198904e-02 +6.000000e-08 +9.880109e-01 
+4.790000e+02 +1.198904e-02 +6.000000e-08 +9.880109e-01 
+4.800000e+02 +1.198904e-02 +6.000000e-08 +9.880109e-01 
+4.810000e+02 +1.198904e-02 +6.000000e-08 +9.880109e-01 
+4.820000e+02 +1.198904e-02 +6.000000e-08 +9.880109e-01 
+4.830000e+02 +1.198904e-02 +6.000000e-08 +9.880109e-01 
+4.840000e+02 +1.198904e-02 +6.000000e-08 +9.880109e-01 
+4.850000e+02 +1.198904e-02 +6.000000e-08 +9.880109e-01 
+4.860000e+02 +1.198904e-02 +6.000000e-08 +9.880109e-01 
+4.870000e+02 +1.198904e-02 +6.000000e-08 +9.880109e-01 
+4.880000e+02 +1.198904e-02 +6.000000e-08 +9.880109e-01 
+4.890000e+02 +1.198904e-02 +6.000000e-08 +9.880109e-01 
+4.900000e+02 +1.198904e-02 +6.000000e-08 +9.880109e-01 
+4.910000e+02 +1.198904e-02 +6.000000e-08 +9.880109e-01 
+4.920000e+02 +1.198904e-02 +6.000000e-08 +9.880109e-01 
+4.930000e+02 +1.198904e-02 +6.000000e-08 +9.880109e-01 
+4.940000e+02 +1.198904e-02 +6.000000e-08 +9.880109e-01 
+4.950000e+02 +1.198904e-02 +6.000000e-08 +9.880109e-01 
+4.960000e+02 +1.198904e-02 +6.000000e-08 +9.880109e-01 
+4.970000e+02 +1.198904e-02 +6.000000e-08 +9.880109e-01 
+4.980000e+02 +1.198904e-02 +6.000000e-08 +9.880109e-01 
+4.990000e+02 +1.198904e-02 +6.000000e-08 +9.880109e-01 
+5.000000e+02 +1.198904e-02 +6.000000e-08 +9.880109e-01 
