1 9.991720e-01 7.200000e-04 1.080000e-04
2 9.986360e-01 1.112000e-03 2.520000e-04
3 9.979720e-01 1.548000e-03 4.800000e-04
4 9.972200e-01 2.016000e-03 7.640000e-04
5 9.963520e-01 2.500000e-03 1.148000e-03
6 9.954520e-01 2.928000e-03 1.620000e-03
7 9.945280e-01 3.332000e-03 2.140000e-03
8 9.935160e-01 3.716000e-03 2.768000e-03
9 9.924800e-01 4.144000e-03 3.376000e-03
10 9.915200e-01 4.384000e-03 4.096000e-03
11 9.905280e-01 4.644000e-03 4.828000e-03
12 9.895160e-01 4.852000e-03 5.632000e-03
13 9.884040e-01 5.228000e-03 6.368000e-03
14 9.873400e-01 5.560000e-03 7.100000e-03
15 9.862720e-01 5.660000e-03 8.068000e-03
16 9.850920e-01 5.800000e-03 9.108000e-03
17 9.840200e-01 6.080000e-03 9.900000e-03
18 9.829600e-01 6.064000e-03 1.097600e-02
19 9.818240e-01 6.224000e-03 1.195200e-02
20 9.805480e-01 6.524000e-03 1.292800e-02
21 9.793680e-01 6.756000e-03 1.387600e-02
22 9.781240e-01 7.136000e-03 1.474000e-02
23 9.769400e-01 7.268000e-03 1.579200e-02
24 9.756960e-01 7.504000e-03 1.680000e-02
25 9.746120e-01 7.608000e-03 1.778000e-02
26 9.734960e-01 7.692000e-03 1.881200e-02
27 9.721680e-01 7.880000e-03 1.995200e-02
28 9.709240e-01 8.044000e-03 2.103200e-02
29 9.696280e-01 8.256000e-03 2.211600e-02
30 9.683920e-01 8.300000e-03 2.330800e-02
31 9.670560e-01 8.456000e-03 2.448800e-02
32 9.658440e-01 8.484000e-03 2.567200e-02
33 9.644280e-01 8.596000e-03 2.697600e-02
34 9.632480e-01 8.604000e-03 2.814800e-02
35 9.617640e-01 8.976000e-03 2.926000e-02
36 9.603040e-01 9.124000e-03 3.057200e-02
37 9.589080e-01 9.216000e-03 3.187600e-02
38 9.575320e-01 9.324000e-03 3.314400e-02
39 9.561360e-01 9.556000e-03 3.430800e-02
40 9.545720e-01 9.780000e-03 3.564800e-02
41 9.528760e-01 1.008000e-02 3.704400e-02
42 9.514720e-01 1.013600e-02 3.839200e-02
43 9.498400e-01 1.041200e-02 3.974800e-02
44 9.481240e-01 1.070000e-02 4.117600e-02
45 9.466120e-01 1.083600e-02 4.255200e-02
46 9.450920e-01 1.115600e-02 4.375200e-02
47 9.436600e-01 1.114000e-02 4.520000e-02
48 9.422120e-01 1.128800e-02 4.650000e-02
49 9.407880e-01 1.125200e-02 4.796000e-02
50 9.392120e-01 1.150400e-02 4.928400e-02
51 9.375760e-01 1.173200e-02 5.069200e-02
52 9.359600e-01 1.196800e-02 5.207200e-02
53 9.345080e-01 1.193200e-02 5.356000e-02
54 9.332080e-01 1.174000e-02 5.505200e-02
55 9.317280e-01 1.183600e-02 5.643600e-02
56 9.303480e-01 1.176000e-02 5.789200e-02
57 9.290480e-01 1.158400e-02 5.936800e-02
58 9.277840e-01 1.155200e-02 6.066400e-02
59 9.264120e-01 1.156400e-02 6.202400e-02
60 9.252160e-01 1.144400e-02 6.334000e-02
61 9.239560e-01 1.146400e-02 6.458000e-02
62 9.227200e-01 1.152400e-02 6.575600e-02
63 9.214920e-01 1.145600e-02 6.705200e-02
64 9.203840e-01 1.130000e-02 6.831600e-02
65 9.193600e-01 1.116000e-02 6.948000e-02
66 9.181680e-01 1.131200e-02 7.052000e-02
67 9.169240e-01 1.140400e-02 7.167200e-02
68 9.157400e-01 1.140400e-02 7.285600e-02
69 9.146320e-01 1.141600e-02 7.395200e-02
70 9.133720e-01 1.147600e-02 7.515200e-02
71 9.121120e-01 1.168400e-02 7.620400e-02
72 9.109360e-01 1.174800e-02 7.731600e-02
73 9.097520e-01 1.195200e-02 7.829600e-02
74 9.084960e-01 1.194000e-02 7.956400e-02
75 9.073120e-01 1.208000e-02 8.060800e-02
76 9.060360e-01 1.214400e-02 8.182000e-02
77 9.048600e-01 1.233600e-02 8.280400e-02
78 9.037960e-01 1.222000e-02 8.398400e-02
79 9.026240e-01 1.224000e-02 8.513600e-02
80 9.013680e-01 1.235600e-02 8.627600e-02
81 9.002240e-01 1.230000e-02 8.747600e-02
82 8.992240e-01 1.211600e-02 8.866000e-02
83 8.980880e-01 1.211200e-02 8.980000e-02
84 8.969520e-01 1.220800e-02 9.084000e-02
85 8.957240e-01 1.219200e-02 9.208400e-02
86 8.945080e-01 1.226800e-02 9.322400e-02
87 8.933120e-01 1.245600e-02 9.423200e-02
88 8.922080e-01 1.235600e-02 9.543600e-02
89 8.912520e-01 1.245200e-02 9.629600e-02
90 8.905360e-01 1.225600e-02 9.720800e-02
91 8.894280e-01 1.235600e-02 9.821600e-02
92 8.883680e-01 1.235200e-02 9.928000e-02
93 8.872680e-01 1.240800e-02 1.003240e-01
94 8.862600e-01 1.244800e-02 1.012920e-01
95 8.852480e-01 1.234000e-02 1.024120e-01
96 8.842760e-01 1.243600e-02 1.032880e-01
97 8.833600e-01 1.230000e-02 1.043400e-01
98 8.823080e-01 1.246400e-02 1.052280e-01
99 8.813400e-01 1.253600e-02 1.061240e-01
100 8.802840e-01 1.250000e-02 1.072160e-01
101 8.792240e-01 1.259600e-02 1.081800e-01
102 8.783080e-01 1.256800e-02 1.091240e-01
103 8.774840e-01 1.250000e-02 1.100160e-01
104 8.766360e-01 1.240000e-02 1.109640e-01
105 8.757160e-01 1.238800e-02 1.118960e-01
106 8.746840e-01 1.227200e-02 1.130440e-01
107 8.739800e-01 1.233200e-02 1.136880e-01
108 8.731920e-01 1.219200e-02 1.146160e-01
109 8.724600e-01 1.207600e-02 1.154640e-01
110 8.716320e-01 1.216400e-02 1.162040e-01
111 8.708000e-01 1.223200e-02 1.169680e-01
112 8.697600e-01 1.231600e-02 1.179240e-01
113 8.686520e-01 1.256400e-02 1.187840e-01
114 8.679080e-01 1.255200e-02 1.195400e-01
115 8.668960e-01 1.260000e-02 1.205040e-01
116 8.662200e-01 1.250000e-02 1.212800e-01
117 8.651640e-01 1.267600e-02 1.221600e-01
118 8.642920e-01 1.258000e-02 1.231280e-01
119 8.634120e-01 1.284400e-02 1.237440e-01
120 8.624280e-01 1.295600e-02 1.246160e-01
121 8.614920e-01 1.290000e-02 1.256080e-01
122 8.606680e-01 1.279200e-02 1.265400e-01
123 8.595720e-01 1.288000e-02 1.275480e-01
124 8.585200e-01 1.296800e-02 1.285120e-01
125 8.576800e-01 1.293600e-02 1.293840e-01
126 8.567720e-01 1.285200e-02 1.303760e-01
127 8.560080e-01 1.276800e-02 1.312240e-01
128 8.552600e-01 1.266000e-02 1.320800e-01
129 8.545760e-01 1.266400e-02 1.327600e-01
130 8.539000e-01 1.257200e-02 1.335280e-01
131 8.533240e-01 1.247200e-02 1.342040e-01
132 8.523800e-01 1.261600e-02 1.350040e-01
133 8.516320e-01 1.260000e-02 1.357680e-01
134 8.509960e-01 1.254400e-02 1.364600e-01
135 8.503760e-01 1.238800e-02 1.372360e-01
136 8.498960e-01 1.243600e-02 1.376680e-01
137 8.492720e-01 1.244000e-02 1.382880e-01
138 8.485840e-01 1.234400e-02 1.390720e-01
139 8.478640e-01 1.240000e-02 1.397360e-01
140 8.472720e-01 1.246400e-02 1.402640e-01
141 8.465960e-01 1.250400e-02 1.409000e-01
142 8.460160e-01 1.228800e-02 1.416960e-01
143 8.455640e-01 1.206400e-02 1.423720e-01
144 8.449240e-01 1.205200e-02 1.430240e-01
145 8.442560e-01 1.209200e-02 1.436520e-01
146 8.436160e-01 1.232000e-02 1.440640e-01
147 8.429880e-01 1.212000e-02 1.448920e-01
148 8.425360e-01 1.209600e-02 1.453680e-01
149 8.419440e-01 1.208800e-02 1.459680e-01
150 8.413840e-01 1.213200e-02 1.464840e-01
151 8.408880e-01 1.209600e-02 1.470160e-01
152 8.404160e-01 1.186400e-02 1.477200e-01
153 8.398400e-01 1.188400e-02 1.482760e-01
154 8.393040e-01 1.184800e-02 1.488480e-01
155 8.389560e-01 1.151600e-02 1.495280e-01
156 8.383640e-01 1.156800e-02 1.500680e-01
157 8.381120e-01 1.136000e-02 1.505280e-01
158 8.373760e-01 1.156000e-02 1.510640e-01
159 8.367360e-01 1.164000e-02 1.516240e-01
160 8.363240e-01 1.175200e-02 1.519240e-01
161 8.357480e-01 1.189600e-02 1.523560e-01
162 8.353080e-01 1.191600e-02 1.527760e-01
163 8.350120e-01 1.183600e-02 1.531520e-01
164 8.343240e-01 1.205200e-02 1.536240e-01
165 8.339200e-01 1.192800e-02 1.541520e-01
166 8.333440e-01 1.201200e-02 1.546440e-01
167 8.326840e-01 1.202000e-02 1.552960e-01
168 8.322000e-01 1.219200e-02 1.556080e-01
169 8.315480e-01 1.248000e-02 1.559720e-01
170 8.311280e-01 1.243600e-02 1.564360e-01
171 8.304920e-01 1.254400e-02 1.569640e-01
172 8.298400e-01 1.252000e-02 1.576400e-01
173 8.294560e-01 1.249600e-02 1.580480e-01
174 8.288880e-01 1.250400e-02 1.586080e-01
175 8.282640e-01 1.256000e-02 1.591760e-01
176 8.276800e-01 1.266000e-02 1.596600e-01
177 8.273880e-01 1.248000e-02 1.601320e-01
178 8.270520e-01 1.240000e-02 1.605480e-01
179 8.267400e-01 1.205600e-02 1.612040e-01
180 8.265120e-01 1.195600e-02 1.615320e-01
181 8.261280e-01 1.182400e-02 1.620480e-01
182 8.258720e-01 1.182000e-02 1.623080e-01
183 8.254920e-01 1.174400e-02 1.627640e-01
184 8.253160e-01 1.173200e-02 1.629520e-01
185 8.249880e-01 1.178000e-02 1.632320e-01
186 8.248120e-01 1.170400e-02 1.634840e-01
187 8.243160e-01 1.167200e-02 1.640120e-01
188 8.237680e-01 1.180800e-02 1.644240e-01
189 8.234760e-01 1.188800e-02 1.646360e-01
190 8.231640e-01 1.180800e-02 1.650280e-01
191 8.227680e-01 1.193200e-02 1.653000e-01
192 8.223880e-01 1.183200e-02 1.657800e-01
193 8.221280e-01 1.180400e-02 1.660680e-01
194 8.218360e-01 1.168000e-02 1.664840e-01
195 8.214520e-01 1.179600e-02 1.667520e-01
196 8.214120e-01 1.167200e-02 1.669160e-01
197 8.213240e-01 1.136400e-02 1.673120e-01
198 8.210040e-01 1.133600e-02 1.676600e-01
199 8.206880e-01 1.148800e-02 1.678240e-01
200 8.204840e-01 1.139600e-02 1.681200e-01
201 8.202520e-01 1.133600e-02 1.684120e-01
202 8.200240e-01 1.124800e-02 1.687280e-01
203 8.198240e-01 1.119200e-02 1.689840e-01
204 8.196480e-01 1.114400e-02 1.692080e-01
205 8.192680e-01 1.110800e-02 1.696240e-01
206 8.191880e-01 1.105600e-02 1.697560e-01
207 8.192480e-01 1.086800e-02 1.698840e-01
208 8.190840e-01 1.101200e-02 1.699040e-01
209 8.187720e-01 1.108400e-02 1.701440e-01
210 8.186560e-01 1.098800e-02 1.703560e-01
211 8.186280e-01 1.110800e-02 1.702640e-01
212 8.182880e-01 1.127200e-02 1.704400e-01
213 8.181040e-01 1.144000e-02 1.704560e-01
214 8.178920e-01 1.156800e-02 1.705400e-01
215 8.175880e-01 1.164400e-02 1.707680e-01
216 8.173440e-01 1.155200e-02 1.711040e-01
217 8.170280e-01 1.157200e-02 1.714000e-01
218 8.167080e-01 1.162400e-02 1.716680e-01
219 8.166400e-01 1.163200e-02 1.717280e-01
220 8.162680e-01 1.160400e-02 1.721280e-01
221 8.161720e-01 1.147600e-02 1.723520e-01
222 8.159200e-01 1.141600e-02 1.726640e-01
223 8.157600e-01 1.142000e-02 1.728200e-01
224 8.153160e-01 1.158400e-02 1.731000e-01
225 8.152640e-01 1.140800e-02 1.733280e-01
226 8.150480e-01 1.131600e-02 1.736360e-01
227 8.147600e-01 1.121200e-02 1.740280e-01
228 8.146080e-01 1.108400e-02 1.743080e-01
229 8.144920e-01 1.117200e-02 1.743360e-01
230 8.143720e-01 1.120400e-02 1.744240e-01
231 8.143280e-01 1.117200e-02 1.745000e-01
232 8.141920e-01 1.114800e-02 1.746600e-01
233 8.143600e-01 1.090000e-02 1.747400e-01
234 8.142960e-01 1.089600e-02 1.748080e-01
235 8.141880e-01 1.097600e-02 1.748360e-01
236 8.139920e-01 1.110800e-02 1.749000e-01
237 8.140240e-01 1.102400e-02 1.749520e-01
238 8.139640e-01 1.083600e-02 1.752000e-01
239 8.139680e-01 1.062400e-02 1.754080e-01
240 8.138480e-01 1.069200e-02 1.754600e-01
241 8.138960e-01 1.064400e-02 1.754600e-01
242 8.140000e-01 1.059200e-02 1.754080e-01
243 8.138400e-01 1.076400e-02 1.753960e-01
244 8.138680e-01 1.068400e-02 1.754480e-01
245 8.138040e-01 1.055600e-02 1.756400e-01
246 8.140120e-01 1.024400e-02 1.757440e-01
247 8.141720e-01 1.006000e-02 1.757680e-01
248 8.142240e-01 9.960000e-03 1.758160e-01
249 8.145000e-01 9.784000e-03 1.757160e-01
250 8.146360e-01 9.548000e-03 1.758160e-01
251 8.148800e-01 9.380000e-03 1.757400e-01
252 8.150760e-01 9.204000e-03 1.757200e-01
253 8.153240e-01 8.952000e-03 1.757240e-01
254 8.154800e-01 9.152000e-03 1.753680e-01
255 8.156280e-01 9.272000e-03 1.751000e-01
256 8.157760e-01 9.200000e-03 1.750240e-01
257 8.159120e-01 9.140000e-03 1.749480e-01
258 8.160840e-01 9.292000e-03 1.746240e-01
259 8.162680e-01 9.288000e-03 1.744440e-01
260 8.163240e-01 9.208000e-03 1.744680e-01
261 8.164320e-01 9.084000e-03 1.744840e-01
262 8.166880e-01 8.940000e-03 1.743720e-01
263 8.170600e-01 8.840000e-03 1.741000e-01
264 8.172440e-01 8.752000e-03 1.740040e-01
265 8.173720e-01 8.752000e-03 1.738760e-01
266 8.175920e-01 8.820000e-03 1.735880e-01
267 8.178080e-01 8.780000e-03 1.734120e-01
268 8.179800e-01 8.772000e-03 1.732480e-01
269 8.183600e-01 8.612000e-03 1.730280e-01
270 8.186520e-01 8.592000e-03 1.727560e-01
271 8.189920e-01 8.440000e-03 1.725680e-01
272 8.191640e-01 8.484000e-03 1.723520e-01
273 8.195720e-01 8.332000e-03 1.720960e-01
274 8.196920e-01 8.360000e-03 1.719480e-01
275 8.200200e-01 8.216000e-03 1.717640e-01
276 8.204280e-01 8.084000e-03 1.714880e-01
277 8.208120e-01 8.008000e-03 1.711800e-01
278 8.211040e-01 8.128000e-03 1.707680e-01
279 8.213520e-01 8.072000e-03 1.705760e-01
280 8.216880e-01 7.892000e-03 1.704200e-01
281 8.219040e-01 7.904000e-03 1.701920e-01
282 8.223080e-01 7.868000e-03 1.698240e-01
283 8.226960e-01 7.788000e-03 1.695160e-01
284 8.233320e-01 7.648000e-03 1.690200e-01
285 8.236920e-01 7.600000e-03 1.687080e-01
286 8.240960e-01 7.612000e-03 1.682920e-01
287 8.244280e-01 7.632000e-03 1.679400e-01
288 8.249960e-01 7.356000e-03 1.676480e-01
289 8.253480e-01 7.284000e-03 1.673680e-01
290 8.257800e-01 7.124000e-03 1.670960e-01
291 8.262640e-01 7.036000e-03 1.667000e-01
292 8.266640e-01 6.896000e-03 1.664400e-01
293 8.271280e-01 6.812000e-03 1.660600e-01
294 8.277920e-01 6.720000e-03 1.654880e-01
295 8.282600e-01 6.752000e-03 1.649880e-01
296 8.286200e-01 6.664000e-03 1.647160e-01
297 8.290120e-01 6.764000e-03 1.642240e-01
298 8.295880e-01 6.576000e-03 1.638360e-01
299 8.301080e-01 6.408000e-03 1.634840e-01
300 8.305960e-01 6.372000e-03 1.630320e-01
301 8.312360e-01 6.240000e-03 1.625240e-01
302 8.317880e-01 6.144000e-03 1.620680e-01
303 8.323160e-01 6.184000e-03 1.615000e-01
304 8.329360e-01 6.148000e-03 1.609160e-01
305 8.335000e-01 6.124000e-03 1.603760e-01
306 8.339760e-01 6.104000e-03 1.599200e-01
307 8.346000e-01 5.928000e-03 1.594720e-01
308 8.350520e-01 5.856000e-03 1.590920e-01
309 8.355200e-01 6.036000e-03 1.584440e-01
310 8.360680e-01 6.088000e-03 1.578440e-01
311 8.366600e-01 6.076000e-03 1.572640e-01
312 8.369880e-01 6.224000e-03 1.567880e-01
313 8.374080e-01 6.356000e-03 1.562360e-01
314 8.377880e-01 6.528000e-03 1.556840e-01
315 8.380400e-01 6.656000e-03 1.553040e-01
316 8.382680e-01 6.788000e-03 1.549440e-01
317 8.386200e-01 6.880000e-03 1.545000e-01
318 8.388800e-01 7.036000e-03 1.540840e-01
319 8.390720e-01 7.040000e-03 1.538880e-01
320 8.393400e-01 6.768000e-03 1.538920e-01
321 8.395600e-01 6.752000e-03 1.536880e-01
322 8.398400e-01 6.920000e-03 1.532400e-01
323 8.399840e-01 6.936000e-03 1.530800e-01
324 8.401920e-01 7.000000e-03 1.528080e-01
325 8.405360e-01 6.992000e-03 1.524720e-01
326 8.406360e-01 7.076000e-03 1.522880e-01
327 8.409960e-01 7.232000e-03 1.517720e-01
328 8.412160e-01 7.244000e-03 1.515400e-01
329 8.412920e-01 7.292000e-03 1.514160e-01
330 8.413200e-01 7.460000e-03 1.512200e-01
331 8.415120e-01 7.476000e-03 1.510120e-01
332 8.418640e-01 7.244000e-03 1.508920e-01
333 8.420640e-01 7.332000e-03 1.506040e-01
334 8.423160e-01 7.256000e-03 1.504280e-01
335 8.425600e-01 7.248000e-03 1.501920e-01
336 8.428000e-01 7.420000e-03 1.497800e-01
337 8.430640e-01 7.416000e-03 1.495200e-01
338 8.433360e-01 7.360000e-03 1.493040e-01
339 8.436000e-01 7.352000e-03 1.490480e-01
340 8.437920e-01 7.556000e-03 1.486520e-01
341 8.439400e-01 7.516000e-03 1.485440e-01
342 8.441720e-01 7.456000e-03 1.483720e-01
343 8.445480e-01 7.340000e-03 1.481120e-01
344 8.449600e-01 7.064000e-03 1.479760e-01
345 8.452120e-01 7.136000e-03 1.476520e-01
346 8.454960e-01 6.916000e-03 1.475880e-01
347 8.458200e-01 6.776000e-03 1.474040e-01
348 8.461360e-01 6.640000e-03 1.472240e-01
349 8.466640e-01 6.496000e-03 1.468400e-01
350 8.469960e-01 6.392000e-03 1.466120e-01
351 8.472560e-01 6.380000e-03 1.463640e-01
352 8.476360e-01 6.276000e-03 1.460880e-01
353 8.478720e-01 6.336000e-03 1.457920e-01
354 8.483080e-01 6.228000e-03 1.454640e-01
355 8.486480e-01 6.284000e-03 1.450680e-01
356 8.489240e-01 6.396000e-03 1.446800e-01
357 8.493320e-01 6.248000e-03 1.444200e-01
358 8.498440e-01 6.136000e-03 1.440200e-01
359 8.502040e-01 5.960000e-03 1.438360e-01
360 8.503960e-01 6.040000e-03 1.435640e-01
361 8.508640e-01 5.880000e-03 1.432560e-01
362 8.511040e-01 5.816000e-03 1.430800e-01
363 8.515240e-01 5.812000e-03 1.426640e-01
364 8.521000e-01 5.780000e-03 1.421200e-01
365 8.523600e-01 5.788000e-03 1.418520e-01
366 8.527960e-01 5.764000e-03 1.414400e-01
367 8.530480e-01 5.888000e-03 1.410640e-01
368 8.533800e-01 5.936000e-03 1.406840e-01
369 8.536800e-01 6.028000e-03 1.402920e-01
370 8.538600e-01 5.940000e-03 1.402000e-01
371 8.542800e-01 5.896000e-03 1.398240e-01
372 8.547880e-01 5.748000e-03 1.394640e-01
373 8.549560e-01 5.804000e-03 1.392400e-01
374 8.553280e-01 5.820000e-03 1.388520e-01
375 8.554960e-01 5.876000e-03 1.386280e-01
376 8.560080e-01 5.840000e-03 1.381520e-01
377 8.561480e-01 5.904000e-03 1.379480e-01
378 8.564480e-01 5.872000e-03 1.376800e-01
379 8.565440e-01 6.064000e-03 1.373920e-01
380 8.566960e-01 6.048000e-03 1.372560e-01
381 8.569440e-01 6.120000e-03 1.369360e-01
382 8.571240e-01 6.184000e-03 1.366920e-01
383 8.574040e-01 6.096000e-03 1.365000e-01
384 8.575720e-01 6.232000e-03 1.361960e-01
385 8.576640e-01 6.384000e-03 1.359520e-01
386 8.578320e-01 6.268000e-03 1.359000e-01
387 8.582160e-01 6.280000e-03 1.355040e-01
388 8.585680e-01 6.268000e-03 1.351640e-01
389 8.587040e-01 6.376000e-03 1.349200e-01
390 8.590040e-01 6.328000e-03 1.346680e-01
391 8.591440e-01 6.340000e-03 1.345160e-01
392 8.594880e-01 6.308000e-03 1.342040e-01
393 8.595320e-01 6.432000e-03 1.340360e-01
394 8.600080e-01 6.428000e-03 1.335640e-01
395 8.603480e-01 6.424000e-03 1.332280e-01
396 8.605560e-01 6.500000e-03 1.329440e-01
397 8.607080e-01 6.464000e-03 1.328280e-01
398 8.609360e-01 6.528000e-03 1.325360e-01
399 8.613240e-01 6.308000e-03 1.323680e-01
400 8.614320e-01 6.436000e-03 1.321320e-01
401 8.617320e-01 6.344000e-03 1.319240e-01
402 8.619280e-01 6.252000e-03 1.318200e-01
403 8.621440e-01 6.224000e-03 1.316320e-01
404 8.622400e-01 6.300000e-03 1.314600e-01
405 8.622920e-01 6.356000e-03 1.313520e-01
406 8.624120e-01 6.344000e-03 1.312440e-01
407 8.625600e-01 6.340000e-03 1.311000e-01
408 8.625720e-01 6.420000e-03 1.310080e-01
409 8.627520e-01 6.416000e-03 1.308320e-01
410 8.628840e-01 6.432000e-03 1.306840e-01
411 8.629600e-01 6.496000e-03 1.305440e-01
412 8.631160e-01 6.536000e-03 1.303480e-01
413 8.631640e-01 6.672000e-03 1.301640e-01
414 8.632960e-01 6.832000e-03 1.298720e-01
415 8.631760e-01 7.044000e-03 1.297800e-01
416 8.631560e-01 6.996000e-03 1.298480e-01
417 8.631520e-01 6.884000e-03 1.299640e-01
418 8.633440e-01 6.900000e-03 1.297560e-01
419 8.635160e-01 6.904000e-03 1.295800e-01
420 8.635960e-01 6.936000e-03 1.294680e-01
421 8.636320e-01 6.988000e-03 1.293800e-01
422 8.636640e-01 7.064000e-03 1.292720e-01
423 8.638440e-01 6.980000e-03 1.291760e-01
424 8.637600e-01 7.068000e-03 1.291720e-01
425 8.637760e-01 6.976000e-03 1.292480e-01
426 8.638240e-01 6.968000e-03 1.292080e-01
427 8.638480e-01 7.012000e-03 1.291400e-01
428 8.640160e-01 7.020000e-03 1.289640e-01
429 8.641680e-01 6.996000e-03 1.288360e-01
430 8.641840e-01 7.020000e-03 1.287960e-01
431 8.640280e-01 7.156000e-03 1.288160e-01
432 8.639080e-01 7.288000e-03 1.288040e-01
433 8.638400e-01 7.360000e-03 1.288000e-01
434 8.639840e-01 7.296000e-03 1.287200e-01
435 8.640520e-01 7.300000e-03 1.286480e-01
436 8.641240e-01 7.196000e-03 1.286800e-01
437 8.639880e-01 7.276000e-03 1.287360e-01
438 8.640920e-01 7.348000e-03 1.285600e-01
439 8.641880e-01 7.344000e-03 1.284680e-01
440 8.641560e-01 7.344000e-03 1.285000e-01
441 8.639800e-01 7.400000e-03 1.286200e-01
442 8.639240e-01 7.452000e-03 1.286240e-01
443 8.638960e-01 7.496000e-03 1.286080e-01
444 8.638280e-01 7.524000e-03 1.286480e-01
445 8.639440e-01 7.368000e-03 1.286880e-01
446 8.640040e-01 7.360000e-03 1.286360e-01
447 8.641480e-01 7.360000e-03 1.284920e-01
448 8.641480e-01 7.264000e-03 1.285880e-01
449 8.642240e-01 7.224000e-03 1.285520e-01
450 8.640320e-01 7.332000e-03 1.286360e-01
451 8.641640e-01 7.212000e-03 1.286240e-01
452 8.642040e-01 7.052000e-03 1.287440e-01
453 8.643080e-01 7.024000e-03 1.286680e-01
454 8.643480e-01 7.024000e-03 1.286280e-01
455 8.643960e-01 6.888000e-03 1.287160e-01
456 8.645120e-01 7.032000e-03 1.284560e-01
457 8.646520e-01 7.012000e-03 1.283360e-01
458 8.646840e-01 6.952000e-03 1.283640e-01
459 8.648160e-01 6.864000e-03 1.283200e-01
460 8.649120e-01 6.840000e-03 1.282480e-01
461 8.649960e-01 6.756000e-03 1.282480e-01
462 8.650560e-01 6.708000e-03 1.282360e-01
463 8.651640e-01 6.764000e-03 1.280720e-01
464 8.652400e-01 6.800000e-03 1.279600e-01
465 8.653360e-01 6.652000e-03 1.280120e-01
466 8.654280e-01 6.584000e-03 1.279880e-01
467 8.655360e-01 6.668000e-03 1.277960e-01
468 8.657360e-01 6.488000e-03 1.277760e-01
469 8.658600e-01 6.516000e-03 1.276240e-01
470 8.660560e-01 6.460000e-03 1.274840e-01
471 8.661040e-01 6.572000e-03 1.273240e-01
472 8.661400e-01 6.428000e-03 1.274320e-01
473 8.661880e-01 6.564000e-03 1.272480e-01
474 8.664080e-01 6.560000e-03 1.270320e-01
475 8.665280e-01 6.388000e-03 1.270840e-01
476 8.666400e-01 6.408000e-03 1.269520e-01
477 8.668160e-01 6.240000e-03 1.269440e-01
478 8.672040e-01 6.060000e-03 1.267360e-01
479 8.673840e-01 5.920000e-03 1.266960e-01
480 8.675160e-01 5.916000e-03 1.265680e-01
481 8.677200e-01 6.016000e-03 1.262640e-01
482 8.680800e-01 5.896000e-03 1.260240e-01
483 8.684160e-01 5.736000e-03 1.258480e-01
484 8.686880e-01 5.652000e-03 1.256600e-01
485 8.690520e-01 5.480000e-03 1.254680e-01
486 8.692640e-01 5.428000e-03 1.253080e-01
487 8.695880e-01 5.460000e-03 1.249520e-01
488 8.697640e-01 5.656000e-03 1.245800e-01
489 8.699800e-01 5.476000e-03 1.245440e-01
490 8.704200e-01 5.252000e-03 1.243280e-01
491 8.707680e-01 5.136000e-03 1.240960e-01
492 8.710000e-01 5.224000e-03 1.237760e-01
493 8.713680e-01 5.108000e-03 1.235240e-01
494 8.715400e-01 5.276000e-03 1.231840e-01
495 8.718080e-01 5.360000e-03 1.228320e-01
496 8.719800e-01 5.364000e-03 1.226560e-01
497 8.722000e-01 5.348000e-03 1.224520e-01
498 8.724160e-01 5.388000e-03 1.221960e-01
499 8.727960e-01 5.348000e-03 1.218560e-01
500 8.732520e-01 5.296000e-03 1.214520e-01
501 8.735240e-01 5.208000e-03 1.212680e-01
502 8.738040e-01 5.160000e-03 1.210360e-01
503 8.741480e-01 5.200000e-03 1.206520e-01
504 8.742480e-01 5.216000e-03 1.205360e-01
505 8.745840e-01 5.276000e-03 1.201400e-01
506 8.748960e-01 5.300000e-03 1.198040e-01
507 8.752080e-01 5.268000e-03 1.195240e-01
508 8.755600e-01 5.176000e-03 1.192640e-01
509 8.757720e-01 5.236000e-03 1.189920e-01
510 8.759720e-01 5.168000e-03 1.188600e-01
511 8.763280e-01 5.224000e-03 1.184480e-01
512 8.766840e-01 5.236000e-03 1.180800e-01
513 8.769080e-01 5.264000e-03 1.178280e-01
514 8.771200e-01 5.184000e-03 1.176960e-01
515 8.774840e-01 5.108000e-03 1.174080e-01
516 8.778280e-01 4.928000e-03 1.172440e-01
517 8.781680e-01 4.772000e-03 1.170600e-01
518 8.786240e-01 4.724000e-03 1.166520e-01
519 8.788560e-01 4.784000e-03 1.163600e-01
520 8.791280e-01 4.744000e-03 1.161280e-01
521 8.795160e-01 4.688000e-03 1.157960e-01
522 8.798120e-01 4.752000e-03 1.154360e-01
523 8.802640e-01 4.736000e-03 1.150000e-01
524 8.804800e-01 4.852000e-03 1.146680e-01
525 8.807960e-01 4.840000e-03 1.143640e-01
526 8.811560e-01 4.716000e-03 1.141280e-01
527 8.814400e-01 4.700000e-03 1.138600e-01
528 8.818320e-01 4.652000e-03 1.135160e-01
529 8.822600e-01 4.652000e-03 1.130880e-01
530 8.825840e-01 4.636000e-03 1.127800e-01
531 8.828760e-01 4.576000e-03 1.125480e-01
532 8.833240e-01 4.496000e-03 1.121800e-01
533 8.837880e-01 4.456000e-03 1.117560e-01
534 8.841000e-01 4.324000e-03 1.115760e-01
535 8.844440e-01 4.156000e-03 1.114000e-01
536 8.848960e-01 4.128000e-03 1.109760e-01
537 8.854720e-01 4.052000e-03 1.104760e-01
538 8.857840e-01 4.044000e-03 1.101720e-01
539 8.861440e-01 4.096000e-03 1.097600e-01
540 8.865760e-01 4.012000e-03 1.094120e-01
541 8.870240e-01 3.896000e-03 1.090800e-01
542 8.873480e-01 3.984000e-03 1.086680e-01
543 8.878520e-01 3.896000e-03 1.082520e-01
544 8.882520e-01 3.872000e-03 1.078760e-01
545 8.887160e-01 3.788000e-03 1.074960e-01
546 8.891560e-01 3.876000e-03 1.069680e-01
547 8.894640e-01 3.856000e-03 1.066800e-01
548 8.899120e-01 3.920000e-03 1.061680e-01
549 8.901320e-01 3.988000e-03 1.058800e-01
550 8.905520e-01 3.988000e-03 1.054600e-01
551 8.908160e-01 3.880000e-03 1.053040e-01
552 8.910720e-01 3.940000e-03 1.049880e-01
553 8.913040e-01 3.796000e-03 1.049000e-01
554 8.918080e-01 3.700000e-03 1.044920e-01
555 8.921640e-01 3.664000e-03 1.041720e-01
556 8.924640e-01 3.824000e-03 1.037120e-01
557 8.928440e-01 3.816000e-03 1.033400e-01
558 8.931600e-01 3.720000e-03 1.031200e-01
559 8.935200e-01 3.748000e-03 1.027320e-01
560 8.938760e-01 3.768000e-03 1.023560e-01
561 8.942080e-01 3.792000e-03 1.020000e-01
562 8.944000e-01 3.816000e-03 1.017840e-01
563 8.948400e-01 3.780000e-03 1.013800e-01
564 8.951400e-01 3.796000e-03 1.010640e-01
565 8.955800e-01 3.764000e-03 1.006560e-01
566 8.958600e-01 3.740000e-03 1.004000e-01
567 8.961280e-01 3.772000e-03 1.001000e-01
568 8.963200e-01 3.940000e-03 9.974000e-02
569 8.967000e-01 3.820000e-03 9.948000e-02
570 8.970080e-01 3.824000e-03 9.916800e-02
571 8.972480e-01 4.020000e-03 9.873200e-02
572 8.974440e-01 4.076000e-03 9.848000e-02
573 8.975600e-01 4.064000e-03 9.837600e-02
574 8.977800e-01 4.068000e-03 9.815200e-02
575 8.979000e-01 4.120000e-03 9.798000e-02
576 8.982120e-01 4.008000e-03 9.778000e-02
577 8.984760e-01 3.900000e-03 9.762400e-02
578 8.987000e-01 3.936000e-03 9.736400e-02
579 8.987960e-01 4.144000e-03 9.706000e-02
580 8.990800e-01 4.124000e-03 9.679600e-02
581 8.993560e-01 4.036000e-03 9.660800e-02
582 8.996440e-01 3.948000e-03 9.640800e-02
583 8.998320e-01 3.992000e-03 9.617600e-02
584 9.001160e-01 4.040000e-03 9.584400e-02
585 9.003480e-01 3.964000e-03 9.568800e-02
586 9.005560e-01 4.008000e-03 9.543600e-02
587 9.010040e-01 3.840000e-03 9.515600e-02
588 9.013920e-01 3.724000e-03 9.488400e-02
589 9.016760e-01 3.596000e-03 9.472800e-02
590 9.019520e-01 3.496000e-03 9.455200e-02
591 9.022400e-01 3.436000e-03 9.432400e-02
592 9.026200e-01 3.372000e-03 9.400800e-02
593 9.028760e-01 3.396000e-03 9.372800e-02
594 9.032160e-01 3.516000e-03 9.326800e-02
595 9.035960e-01 3.436000e-03 9.296800e-02
596 9.040320e-01 3.332000e-03 9.263600e-02
597 9.042640e-01 3.336000e-03 9.240000e-02
598 9.046360e-01 3.296000e-03 9.206800e-02
599 9.050600e-01 3.296000e-03 9.164400e-02
600 9.054040e-01 3.192000e-03 9.140400e-02
601 9.056640e-01 3.176000e-03 9.116000e-02
602 9.059680e-01 3.200000e-03 9.083200e-02
603 9.063480e-01 3.260000e-03 9.039200e-02
604 9.067240e-01 3.220000e-03 9.005600e-02
605 9.070120e-01 3.240000e-03 8.974800e-02
606 9.073640e-01 3.180000e-03 8.945600e-02
607 9.075880e-01 3.188000e-03 8.922400e-02
608 9.078400e-01 3.164000e-03 8.899600e-02
609 9.081320e-01 3.196000e-03 8.867200e-02
610 9.084920e-01 3.220000e-03 8.828800e-02
611 9.088080e-01 3.188000e-03 8.800400e-02
612 9.091840e-01 3.084000e-03 8.773200e-02
613 9.095680e-01 3.104000e-03 8.732800e-02
614 9.098760e-01 3.088000e-03 8.703600e-02
615 9.101880e-01 3.096000e-03 8.671600e-02
616 9.104480e-01 3.000000e-03 8.655200e-02
617 9.109000e-01 3.000000e-03 8.610000e-02
618 9.111520e-01 3.048000e-03 8.580000e-02
619 9.114520e-01 3.096000e-03 8.545200e-02
620 9.118080e-01 3.072000e-03 8.512000e-02
621 9.121040e-01 2.984000e-03 8.491200e-02
622 9.125800e-01 2.824000e-03 8.459600e-02
623 9.129800e-01 2.768000e-03 8.425200e-02
624 9.133880e-01 2.836000e-03 8.377600e-02
625 9.137080e-01 2.860000e-03 8.343200e-02
626 9.140400e-01 2.796000e-03 8.316400e-02
627 9.143640e-01 2.744000e-03 8.289200e-02
628 9.146520e-01 2.696000e-03 8.265200e-02
629 9.151680e-01 2.576000e-03 8.225600e-02
630 9.155120e-01 2.612000e-03 8.187600e-02
631 9.158560e-01 2.592000e-03 8.155200e-02
632 9.162440e-01 2.492000e-03 8.126400e-02
633 9.165600e-01 2.612000e-03 8.082800e-02
634 9.169000e-01 2.664000e-03 8.043600e-02
635 9.172800e-01 2.580000e-03 8.014000e-02
636 9.175360e-01 2.644000e-03 7.982000e-02
637 9.177720e-01 2.664000e-03 7.956400e-02
638 9.180080e-01 2.684000e-03 7.930800e-02
639 9.182880e-01 2.812000e-03 7.890000e-02
640 9.184760e-01 2.816000e-03 7.870800e-02
641 9.186520e-01 2.904000e-03 7.844400e-02
642 9.188560e-01 3.040000e-03 7.810400e-02
643 9.190360e-01 3.024000e-03 7.794000e-02
644 9.192360e-01 2.948000e-03 7.781600e-02
645 9.194400e-01 2.884000e-03 7.767600e-02
646 9.197120e-01 2.868000e-03 7.742000e-02
647 9.200160e-01 2.816000e-03 7.716800e-02
648 9.201760e-01 2.868000e-03 7.695600e-02
649 9.203920e-01 2.892000e-03 7.671600e-02
650 9.207560e-01 2.868000e-03 7.637600e-02
651 9.209760e-01 2.828000e-03 7.619600e-02
652 9.212080e-01 2.864000e-03 7.592800e-02
653 9.214600e-01 2.844000e-03 7.569600e-02
654 9.216840e-01 2.828000e-03 7.548800e-02
655 9.219840e-01 2.740000e-03 7.527600e-02
656 9.222680e-01 2.740000e-03 7.499200e-02
657 9.225200e-01 2.776000e-03 7.470400e-02
658 9.228560e-01 2.764000e-03 7.438000e-02
659 9.231040e-01 2.756000e-03 7.414000e-02
660 9.234960e-01 2.784000e-03 7.372000e-02
661 9.237600e-01 2.832000e-03 7.340800e-02
662 9.240200e-01 2.872000e-03 7.310800e-02
663 9.241880e-01 2.848000e-03 7.296400e-02
664 9.244440e-01 2.928000e-03 7.262800e-02
665 9.244600e-01 2.940000e-03 7.260000e-02
666 9.245520e-01 3.136000e-03 7.231200e-02
667 9.247360e-01 3.184000e-03 7.208000e-02
668 9.249200e-01 3.112000e-03 7.196800e-02
669 9.250160e-01 3.232000e-03 7.175200e-02
670 9.252200e-01 3.220000e-03 7.156000e-02
671 9.254640e-01 3.140000e-03 7.139600e-02
672 9.257120e-01 3.088000e-03 7.120000e-02
673 9.259760e-01 3.008000e-03 7.101600e-02
674 9.261440e-01 2.944000e-03 7.091200e-02
675 9.264600e-01 2.868000e-03 7.067200e-02
676 9.266680e-01 2.828000e-03 7.050400e-02
677 9.268320e-01 2.856000e-03 7.031200e-02
678 9.271320e-01 2.764000e-03 7.010400e-02
679 9.273880e-01 2.684000e-03 6.992800e-02
680 9.275640e-01 2.756000e-03 6.968000e-02
681 9.277680e-01 2.772000e-03 6.946000e-02
682 9.279760e-01 2.788000e-03 6.923600e-02
683 9.281120e-01 2.848000e-03 6.904000e-02
684 9.283560e-01 2.820000e-03 6.882400e-02
685 9.287680e-01 2.632000e-03 6.860000e-02
686 9.289760e-01 2.504000e-03 6.852000e-02
687 9.292640e-01 2.436000e-03 6.830000e-02
688 9.296360e-01 2.344000e-03 6.802000e-02
689 9.300400e-01 2.204000e-03 6.775600e-02
690 9.304120e-01 2.148000e-03 6.744000e-02
691 9.308320e-01 2.152000e-03 6.701600e-02
692 9.311480e-01 2.052000e-03 6.680000e-02
693 9.315120e-01 2.028000e-03 6.646000e-02
694 9.318400e-01 2.112000e-03 6.604800e-02
695 9.321280e-01 2.076000e-03 6.579600e-02
696 9.323920e-01 2.084000e-03 6.552400e-02
697 9.327040e-01 2.052000e-03 6.524400e-02
698 9.329760e-01 2.032000e-03 6.499200e-02
699 9.332440e-01 1.912000e-03 6.484400e-02
700 9.336080e-01 1.900000e-03 6.449200e-02
701 9.339440e-01 1.856000e-03 6.420000e-02
702 9.342040e-01 1.892000e-03 6.390400e-02
703 9.346080e-01 1.880000e-03 6.351200e-02
704 9.348320e-01 1.896000e-03 6.327200e-02
705 9.350200e-01 1.948000e-03 6.303200e-02
706 9.353080e-01 1.912000e-03 6.278000e-02
707 9.355600e-01 1.888000e-03 6.255200e-02
708 9.357800e-01 1.908000e-03 6.231200e-02
709 9.360360e-01 1.868000e-03 6.209600e-02
710 9.362880e-01 1.812000e-03 6.190000e-02
711 9.366480e-01 1.800000e-03 6.155200e-02
712 9.369680e-01 1.796000e-03 6.123600e-02
713 9.372600e-01 1.848000e-03 6.089200e-02
714 9.376080e-01 1.752000e-03 6.064000e-02
715 9.379200e-01 1.740000e-03 6.034000e-02
716 9.381760e-01 1.736000e-03 6.008800e-02
717 9.383840e-01 1.724000e-03 5.989200e-02
718 9.387360e-01 1.720000e-03 5.954400e-02
719 9.389680e-01 1.680000e-03 5.935200e-02
720 9.393000e-01 1.624000e-03 5.907600e-02
721 9.395480e-01 1.640000e-03 5.881200e-02
722 9.398040e-01 1.592000e-03 5.860400e-02
723 9.402040e-01 1.528000e-03 5.826800e-02
724 9.405120e-01 1.556000e-03 5.793200e-02
725 9.407680e-01 1.556000e-03 5.767600e-02
726 9.409920e-01 1.544000e-03 5.746400e-02
727 9.412400e-01 1.568000e-03 5.719200e-02
728 9.414600e-01 1.580000e-03 5.696000e-02
729 9.416880e-01 1.648000e-03 5.666400e-02
730 9.419320e-01 1.652000e-03 5.641600e-02
731 9.422640e-01 1.644000e-03 5.609200e-02
732 9.425080e-01 1.668000e-03 5.582400e-02
733 9.427560e-01 1.696000e-03 5.554800e-02
734 9.429160e-01 1.704000e-03 5.538000e-02
735 9.431920e-01 1.708000e-03 5.510000e-02
736 9.434200e-01 1.700000e-03 5.488000e-02
737 9.437560e-01 1.724000e-03 5.452000e-02
738 9.440240e-01 1.724000e-03 5.425200e-02
739 9.441160e-01 1.752000e-03 5.413200e-02
740 9.444400e-01 1.696000e-03 5.386400e-02
741 9.447360e-01 1.600000e-03 5.366400e-02
742 9.450440e-01 1.600000e-03 5.335600e-02
743 9.453040e-01 1.556000e-03 5.314000e-02
744 9.456240e-01 1.532000e-03 5.284400e-02
745 9.459120e-01 1.596000e-03 5.249200e-02
746 9.461880e-01 1.496000e-03 5.231600e-02
747 9.464720e-01 1.444000e-03 5.208400e-02
748 9.468000e-01 1.424000e-03 5.177600e-02
749 9.469640e-01 1.460000e-03 5.157600e-02
750 9.472960e-01 1.392000e-03 5.131200e-02
751 9.474960e-01 1.432000e-03 5.107200e-02
752 9.477360e-01 1.424000e-03 5.084000e-02
753 9.479920e-01 1.404000e-03 5.060400e-02
754 9.482040e-01 1.440000e-03 5.035600e-02
755 9.484360e-01 1.308000e-03 5.025600e-02
756 9.487320e-01 1.304000e-03 4.996400e-02
757 9.489160e-01 1.316000e-03 4.976800e-02
758 9.492120e-01 1.312000e-03 4.947600e-02
759 9.494040e-01 1.340000e-03 4.925600e-02
760 9.496640e-01 1.336000e-03 4.900000e-02
761 9.498760e-01 1.332000e-03 4.879200e-02
762 9.502000e-01 1.316000e-03 4.848400e-02
763 9.504080e-01 1.360000e-03 4.823200e-02
764 9.506520e-01 1.332000e-03 4.801600e-02
765 9.510000e-01 1.248000e-03 4.775200e-02
766 9.512720e-01 1.180000e-03 4.754800e-02
767 9.514520e-01 1.212000e-03 4.733600e-02
768 9.516720e-01 1.304000e-03 4.702400e-02
769 9.518960e-01 1.300000e-03 4.680400e-02
770 9.520200e-01 1.344000e-03 4.663600e-02
771 9.521640e-01 1.468000e-03 4.636800e-02
772 9.522920e-01 1.496000e-03 4.621200e-02
773 9.525560e-01 1.472000e-03 4.597200e-02
774 9.527600e-01 1.468000e-03 4.577200e-02
775 9.529920e-01 1.440000e-03 4.556800e-02
776 9.531560e-01 1.504000e-03 4.534000e-02
777 9.532640e-01 1.608000e-03 4.512800e-02
778 9.534560e-01 1.540000e-03 4.500400e-02
779 9.536560e-01 1.528000e-03 4.481600e-02
780 9.538440e-01 1.536000e-03 4.462000e-02
781 9.541040e-01 1.504000e-03 4.439200e-02
782 9.542200e-01 1.524000e-03 4.425600e-02
783 9.543040e-01 1.596000e-03 4.410000e-02
784 9.543160e-01 1.684000e-03 4.400000e-02
785 9.544880e-01 1.640000e-03 4.387200e-02
786 9.546360e-01 1.708000e-03 4.365600e-02
787 9.547600e-01 1.792000e-03 4.344800e-02
788 9.549280e-01 1.772000e-03 4.330000e-02
789 9.550360e-01 1.796000e-03 4.316800e-02
790 9.551800e-01 1.744000e-03 4.307600e-02
791 9.552840e-01 1.792000e-03 4.292400e-02
792 9.553480e-01 1.816000e-03 4.283600e-02
793 9.554840e-01 1.856000e-03 4.266000e-02
794 9.556160e-01 1.856000e-03 4.252800e-02
795 9.557680e-01 1.872000e-03 4.236000e-02
796 9.558840e-01 1.832000e-03 4.228400e-02
797 9.559040e-01 1.860000e-03 4.223600e-02
798 9.560280e-01 1.804000e-03 4.216800e-02
799 9.562160e-01 1.792000e-03 4.199200e-02
800 9.564000e-01 1.748000e-03 4.185200e-02
801 9.565320e-01 1.772000e-03 4.169600e-02
802 9.566080e-01 1.808000e-03 4.158400e-02
803 9.566760e-01 1.752000e-03 4.157200e-02
804 9.568000e-01 1.808000e-03 4.139200e-02
805 9.568920e-01 1.828000e-03 4.128000e-02
806 9.570040e-01 1.836000e-03 4.116000e-02
807 9.570200e-01 1.924000e-03 4.105600e-02
808 9.571040e-01 1.968000e-03 4.092800e-02
809 9.571200e-01 2.056000e-03 4.082400e-02
810 9.571240e-01 2.108000e-03 4.076800e-02
811 9.571320e-01 2.124000e-03 4.074400e-02
812 9.571880e-01 2.080000e-03 4.073200e-02
813 9.572600e-01 2.096000e-03 4.064400e-02
814 9.572640e-01 2.088000e-03 4.064800e-02
815 9.572600e-01 2.048000e-03 4.069200e-02
816 9.573040e-01 2.000000e-03 4.069600e-02
817 9.573120e-01 2.024000e-03 4.066400e-02
818 9.573080e-01 2.004000e-03 4.068800e-02
819 9.573680e-01 2.020000e-03 4.061200e-02
820 9.574560e-01 2.016000e-03 4.052800e-02
821 9.576120e-01 2.024000e-03 4.036400e-02
822 9.576520e-01 2.048000e-03 4.030000e-02
823 9.577840e-01 2.040000e-03 4.017600e-02
824 9.579120e-01 1.984000e-03 4.010400e-02
825 9.580440e-01 1.964000e-03 3.999200e-02
826 9.581600e-01 1.796000e-03 4.004400e-02
827 9.583280e-01 1.672000e-03 4.000000e-02
828 9.583920e-01 1.660000e-03 3.994800e-02
829 9.585240e-01 1.680000e-03 3.979600e-02
830 9.586200e-01 1.680000e-03 3.970000e-02
831 9.587480e-01 1.724000e-03 3.952800e-02
832 9.588960e-01 1.664000e-03 3.944000e-02
833 9.589040e-01 1.716000e-03 3.938000e-02
834 9.590720e-01 1.692000e-03 3.923600e-02
835 9.592160e-01 1.720000e-03 3.906400e-02
836 9.593480e-01 1.828000e-03 3.882400e-02
837 9.593800e-01 1.864000e-03 3.875600e-02
838 9.594080e-01 1.880000e-03 3.871200e-02
839 9.595840e-01 1.860000e-03 3.855600e-02
840 9.596720e-01 1.804000e-03 3.852400e-02
841 9.597760e-01 1.740000e-03 3.848400e-02
842 9.599120e-01 1.704000e-03 3.838400e-02
843 9.600480e-01 1.680000e-03 3.827200e-02
844 9.600240e-01 1.684000e-03 3.829200e-02
845 9.600480e-01 1.724000e-03 3.822800e-02
846 9.600400e-01 1.792000e-03 3.816800e-02
847 9.601680e-01 1.716000e-03 3.811600e-02
848 9.602760e-01 1.728000e-03 3.799600e-02
849 9.602400e-01 1.752000e-03 3.800800e-02
850 9.602520e-01 1.720000e-03 3.802800e-02
851 9.603840e-01 1.716000e-03 3.790000e-02
852 9.605000e-01 1.632000e-03 3.786800e-02
853 9.606000e-01 1.572000e-03 3.782800e-02
854 9.607840e-01 1.512000e-03 3.770400e-02
855 9.609320e-01 1.588000e-03 3.748000e-02
856 9.611200e-01 1.504000e-03 3.737600e-02
857 9.612480e-01 1.456000e-03 3.729600e-02
858 9.613520e-01 1.508000e-03 3.714000e-02
859 9.614840e-01 1.492000e-03 3.702400e-02
860 9.615320e-01 1.468000e-03 3.700000e-02
861 9.616160e-01 1.480000e-03 3.690400e-02
862 9.617800e-01 1.400000e-03 3.682000e-02
863 9.618600e-01 1.412000e-03 3.672800e-02
864 9.619280e-01 1.456000e-03 3.661600e-02
865 9.620560e-01 1.480000e-03 3.646400e-02
866 9.621320e-01 1.500000e-03 3.636800e-02
867 9.622800e-01 1.432000e-03 3.628800e-02
868 9.624920e-01 1.440000e-03 3.606800e-02
869 9.626200e-01 1.436000e-03 3.594400e-02
870 9.627600e-01 1.400000e-03 3.584000e-02
871 9.628480e-01 1.360000e-03 3.579200e-02
872 9.629480e-01 1.384000e-03 3.566800e-02
873 9.631880e-01 1.388000e-03 3.542400e-02
874 9.633000e-01 1.360000e-03 3.534000e-02
875 9.634480e-01 1.360000e-03 3.519200e-02
876 9.635680e-01 1.400000e-03 3.503200e-02
877 9.636280e-01 1.388000e-03 3.498400e-02
878 9.637000e-01 1.348000e-03 3.495200e-02
879 9.637600e-01 1.404000e-03 3.483600e-02
880 9.637880e-01 1.472000e-03 3.474000e-02
881 9.638920e-01 1.532000e-03 3.457600e-02
882 9.638680e-01 1.564000e-03 3.456800e-02
883 9.640160e-01 1.544000e-03 3.444000e-02
884 9.640240e-01 1.600000e-03 3.437600e-02
885 9.641360e-01 1.592000e-03 3.427200e-02
886 9.640360e-01 1.720000e-03 3.424400e-02
887 9.641240e-01 1.672000e-03 3.420400e-02
888 9.641640e-01 1.568000e-03 3.426800e-02
889 9.642960e-01 1.564000e-03 3.414000e-02
890 9.643720e-01 1.520000e-03 3.410800e-02
891 9.644400e-01 1.576000e-03 3.398400e-02
892 9.645240e-01 1.520000e-03 3.395600e-02
893 9.646840e-01 1.436000e-03 3.388000e-02
894 9.648040e-01 1.428000e-03 3.376800e-02
895 9.649520e-01 1.404000e-03 3.364400e-02
896 9.651120e-01 1.372000e-03 3.351600e-02
897 9.652280e-01 1.360000e-03 3.341200e-02
898 9.652760e-01 1.328000e-03 3.339600e-02
899 9.653760e-01 1.364000e-03 3.326000e-02
900 9.654800e-01 1.312000e-03 3.320800e-02
901 9.656200e-01 1.232000e-03 3.314800e-02
902 9.658120e-01 1.116000e-03 3.307200e-02
903 9.659560e-01 1.096000e-03 3.294800e-02
904 9.660800e-01 1.104000e-03 3.281600e-02
905 9.662000e-01 1.180000e-03 3.262000e-02
906 9.663040e-01 1.212000e-03 3.248400e-02
907 9.663840e-01 1.260000e-03 3.235600e-02
908 9.664960e-01 1.200000e-03 3.230400e-02
909 9.664920e-01 1.216000e-03 3.229200e-02
910 9.664840e-01 1.336000e-03 3.218000e-02
911 9.664160e-01 1.388000e-03 3.219600e-02
912 9.666120e-01 1.428000e-03 3.196000e-02
913 9.666600e-01 1.404000e-03 3.193600e-02
914 9.666160e-01 1.496000e-03 3.188800e-02
915 9.666920e-01 1.452000e-03 3.185600e-02
916 9.667240e-01 1.468000e-03 3.180800e-02
917 9.668280e-01 1.388000e-03 3.178400e-02
918 9.668840e-01 1.384000e-03 3.173200e-02
919 9.668560e-01 1.408000e-03 3.173600e-02
920 9.669000e-01 1.396000e-03 3.170400e-02
921 9.669720e-01 1.400000e-03 3.162800e-02
922 9.670600e-01 1.452000e-03 3.148800e-02
923 9.671000e-01 1.452000e-03 3.144800e-02
924 9.671920e-01 1.376000e-03 3.143200e-02
925 9.672680e-01 1.332000e-03 3.140000e-02
926 9.673280e-01 1.340000e-03 3.133200e-02
927 9.674200e-01 1.324000e-03 3.125600e-02
928 9.674040e-01 1.384000e-03 3.121200e-02
929 9.675440e-01 1.396000e-03 3.106000e-02
930 9.676800e-01 1.356000e-03 3.096400e-02
931 9.677440e-01 1.364000e-03 3.089200e-02
932 9.677640e-01 1.424000e-03 3.081200e-02
