1 9.992520e-01 6.600000e-04 8.800000e-05
2 9.987600e-01 1.032000e-03 2.080000e-04
3 9.980480e-01 1.544000e-03 4.080000e-04
4 9.973040e-01 1.984000e-03 7.120000e-04
5 9.965520e-01 2.412000e-03 1.036000e-03
6 9.958000e-01 2.700000e-03 1.500000e-03
7 9.948560e-01 3.132000e-03 2.012000e-03
8 9.938600e-01 3.564000e-03 2.576000e-03
9 9.928120e-01 3.960000e-03 3.228000e-03
10 9.917040e-01 4.416000e-03 3.880000e-03
11 9.905240e-01 4.856000e-03 4.620000e-03
12 9.892120e-01 5.388000e-03 5.400000e-03
13 9.879800e-01 5.684000e-03 6.336000e-03
14 9.867720e-01 5.964000e-03 7.264000e-03
15 9.853480e-01 6.352000e-03 8.300000e-03
16 9.839800e-01 6.672000e-03 9.348000e-03
17 9.826480e-01 6.872000e-03 1.048000e-02
18 9.812480e-01 7.144000e-03 1.160800e-02
19 9.796960e-01 7.504000e-03 1.280000e-02
20 9.781640e-01 7.744000e-03 1.409200e-02
21 9.765920e-01 8.104000e-03 1.530400e-02
22 9.750680e-01 8.272000e-03 1.666000e-02
23 9.736240e-01 8.524000e-03 1.785200e-02
24 9.719480e-01 8.768000e-03 1.928400e-02
25 9.704480e-01 8.872000e-03 2.068000e-02
26 9.687840e-01 9.256000e-03 2.196000e-02
27 9.672440e-01 9.424000e-03 2.333200e-02
28 9.655440e-01 9.744000e-03 2.471200e-02
29 9.638160e-01 1.023600e-02 2.594800e-02
30 9.620280e-01 1.052000e-02 2.745200e-02
31 9.602840e-01 1.078800e-02 2.892800e-02
32 9.585120e-01 1.110800e-02 3.038000e-02
33 9.568200e-01 1.128800e-02 3.189200e-02
34 9.551520e-01 1.138400e-02 3.346400e-02
35 9.533880e-01 1.150000e-02 3.511200e-02
36 9.518120e-01 1.144000e-02 3.674800e-02
37 9.502160e-01 1.135600e-02 3.842800e-02
38 9.487160e-01 1.130800e-02 3.997600e-02
39 9.473400e-01 1.111600e-02 4.154400e-02
40 9.460160e-01 1.104000e-02 4.294400e-02
41 9.445800e-01 1.098800e-02 4.443200e-02
42 9.432400e-01 1.096000e-02 4.580000e-02
43 9.418520e-01 1.098800e-02 4.716000e-02
44 9.403400e-01 1.114400e-02 4.851600e-02
45 9.389040e-01 1.115200e-02 4.994400e-02
46 9.374520e-01 1.128000e-02 5.126800e-02
47 9.362920e-01 1.108000e-02 5.262800e-02
48 9.348000e-01 1.115200e-02 5.404800e-02
49 9.333880e-01 1.126800e-02 5.534400e-02
50 9.318960e-01 1.121200e-02 5.689200e-02
51 9.304280e-01 1.134000e-02 5.823200e-02
52 9.288720e-01 1.166800e-02 5.946000e-02
53 9.276080e-01 1.167600e-02 6.071600e-02
54 9.264080e-01 1.179600e-02 6.179600e-02
55 9.250880e-01 1.182400e-02 6.308800e-02
56 9.236560e-01 1.180000e-02 6.454400e-02
57 9.223360e-01 1.179600e-02 6.586800e-02
58 9.208160e-01 1.204400e-02 6.714000e-02
59 9.192120e-01 1.228000e-02 6.850800e-02
60 9.180280e-01 1.206000e-02 6.991200e-02
61 9.164480e-01 1.212000e-02 7.143200e-02
62 9.151560e-01 1.220800e-02 7.263600e-02
63 9.140840e-01 1.194800e-02 7.396800e-02
64 9.127320e-01 1.199200e-02 7.527600e-02
65 9.115240e-01 1.208400e-02 7.639200e-02
66 9.103280e-01 1.208800e-02 7.758400e-02
67 9.091320e-01 1.208000e-02 7.878800e-02
68 9.081000e-01 1.188400e-02 8.001600e-02
69 9.070640e-01 1.189600e-02 8.104000e-02
70 9.057920e-01 1.202800e-02 8.218000e-02
71 9.048520e-01 1.188800e-02 8.326000e-02
72 9.038320e-01 1.172000e-02 8.444800e-02
73 9.027080e-01 1.176400e-02 8.552800e-02
74 9.013800e-01 1.188400e-02 8.673600e-02
75 9.002920e-01 1.198000e-02 8.772800e-02
76 8.990480e-01 1.218400e-02 8.876800e-02
77 8.978400e-01 1.245200e-02 8.970800e-02
78 8.967240e-01 1.251600e-02 9.076000e-02
79 8.956080e-01 1.249200e-02 9.190000e-02
80 8.944240e-01 1.257200e-02 9.300400e-02
81 8.933120e-01 1.260800e-02 9.408000e-02
82 8.921240e-01 1.272400e-02 9.515200e-02
83 8.908400e-01 1.278800e-02 9.637200e-02
84 8.894880e-01 1.297600e-02 9.753600e-02
85 8.881840e-01 1.314800e-02 9.866800e-02
86 8.870160e-01 1.305600e-02 9.992800e-02
87 8.858480e-01 1.281600e-02 1.013360e-01
88 8.844360e-01 1.307600e-02 1.024880e-01
89 8.832000e-01 1.318000e-02 1.036200e-01
90 8.819000e-01 1.336000e-02 1.047400e-01
91 8.806600e-01 1.338400e-02 1.059560e-01
92 8.795320e-01 1.337200e-02 1.070960e-01
93 8.785480e-01 1.316000e-02 1.082920e-01
94 8.773320e-01 1.321600e-02 1.094520e-01
95 8.762000e-01 1.326800e-02 1.105320e-01
96 8.750520e-01 1.336400e-02 1.115840e-01
97 8.738600e-01 1.340400e-02 1.127360e-01
98 8.728320e-01 1.324800e-02 1.139200e-01
99 8.720320e-01 1.303200e-02 1.149360e-01
100 8.712560e-01 1.295600e-02 1.157880e-01
101 8.701200e-01 1.298800e-02 1.168920e-01
102 8.692640e-01 1.293200e-02 1.178040e-01
103 8.682760e-01 1.291200e-02 1.188120e-01
104 8.672480e-01 1.303600e-02 1.197160e-01
105 8.662080e-01 1.314400e-02 1.206480e-01
106 8.650960e-01 1.343600e-02 1.214680e-01
107 8.639840e-01 1.360000e-02 1.224160e-01
108 8.629080e-01 1.366000e-02 1.234320e-01
109 8.619880e-01 1.338800e-02 1.246240e-01
110 8.607880e-01 1.367200e-02 1.255400e-01
111 8.598440e-01 1.352000e-02 1.266360e-01
112 8.589440e-01 1.347200e-02 1.275840e-01
113 8.579520e-01 1.342400e-02 1.286240e-01
114 8.573080e-01 1.313200e-02 1.295600e-01
115 8.566360e-01 1.288400e-02 1.304800e-01
116 8.559640e-01 1.278400e-02 1.312520e-01
117 8.552880e-01 1.264000e-02 1.320720e-01
118 8.546720e-01 1.264000e-02 1.326880e-01
119 8.540320e-01 1.274000e-02 1.332280e-01
120 8.533440e-01 1.287600e-02 1.337800e-01
121 8.528200e-01 1.291200e-02 1.342680e-01
122 8.517160e-01 1.315600e-02 1.351280e-01
123 8.508240e-01 1.326000e-02 1.359160e-01
124 8.497080e-01 1.356800e-02 1.367240e-01
125 8.485520e-01 1.369200e-02 1.377560e-01
126 8.475240e-01 1.395200e-02 1.385240e-01
127 8.467280e-01 1.415200e-02 1.391200e-01
128 8.459160e-01 1.387600e-02 1.402080e-01
129 8.451080e-01 1.396800e-02 1.409240e-01
130 8.442680e-01 1.389200e-02 1.418400e-01
131 8.432240e-01 1.412000e-02 1.426560e-01
132 8.423120e-01 1.408000e-02 1.436080e-01
133 8.415160e-01 1.398400e-02 1.445000e-01
134 8.408720e-01 1.381200e-02 1.453160e-01
135 8.402600e-01 1.368400e-02 1.460560e-01
136 8.394920e-01 1.374000e-02 1.467680e-01
137 8.389080e-01 1.368800e-02 1.474040e-01
138 8.380400e-01 1.377600e-02 1.481840e-01
139 8.370960e-01 1.396000e-02 1.489440e-01
140 8.363360e-01 1.388000e-02 1.497840e-01
141 8.356720e-01 1.374800e-02 1.505800e-01
142 8.350160e-01 1.360400e-02 1.513800e-01
143 8.342960e-01 1.370000e-02 1.520040e-01
144 8.333680e-01 1.374800e-02 1.528840e-01
145 8.328480e-01 1.371200e-02 1.534400e-01
146 8.322280e-01 1.347200e-02 1.543000e-01
147 8.315560e-01 1.332800e-02 1.551160e-01
148 8.309160e-01 1.337600e-02 1.557080e-01
149 8.304160e-01 1.304800e-02 1.565360e-01
150 8.297920e-01 1.319200e-02 1.570160e-01
151 8.291440e-01 1.314400e-02 1.577120e-01
152 8.285040e-01 1.305600e-02 1.584400e-01
153 8.278440e-01 1.301600e-02 1.591400e-01
154 8.272480e-01 1.297600e-02 1.597760e-01
155 8.270240e-01 1.271600e-02 1.602600e-01
156 8.264640e-01 1.268000e-02 1.608560e-01
157 8.263120e-01 1.244800e-02 1.612400e-01
158 8.259880e-01 1.224800e-02 1.617640e-01
159 8.255600e-01 1.235200e-02 1.620880e-01
160 8.252880e-01 1.228400e-02 1.624280e-01
161 8.249880e-01 1.219600e-02 1.628160e-01
162 8.248240e-01 1.212800e-02 1.630480e-01
163 8.246400e-01 1.179600e-02 1.635640e-01
164 8.245920e-01 1.150800e-02 1.639000e-01
165 8.242840e-01 1.140000e-02 1.643160e-01
166 8.240600e-01 1.132400e-02 1.646160e-01
167 8.238080e-01 1.132000e-02 1.648720e-01
168 8.236440e-01 1.125600e-02 1.651000e-01
169 8.234920e-01 1.126000e-02 1.652480e-01
170 8.234040e-01 1.099600e-02 1.656000e-01
171 8.231280e-01 1.093600e-02 1.659360e-01
172 8.229480e-01 1.092000e-02 1.661320e-01
173 8.227080e-01 1.101200e-02 1.662800e-01
174 8.226960e-01 1.105200e-02 1.662520e-01
175 8.224000e-01 1.110000e-02 1.665000e-01
176 8.220880e-01 1.112800e-02 1.667840e-01
177 8.219240e-01 1.116400e-02 1.669120e-01
178 8.218760e-01 1.112400e-02 1.670000e-01
179 8.216600e-01 1.122000e-02 1.671200e-01
180 8.214320e-01 1.135200e-02 1.672160e-01
181 8.212640e-01 1.122000e-02 1.675160e-01
182 8.211440e-01 1.116400e-02 1.676920e-01
183 8.209400e-01 1.098000e-02 1.680800e-01
184 8.207560e-01 1.102000e-02 1.682240e-01
185 8.208000e-01 1.085200e-02 1.683480e-01
186 8.206480e-01 1.070800e-02 1.686440e-01
187 8.206840e-01 1.079200e-02 1.685240e-01
188 8.204920e-01 1.082800e-02 1.686800e-01
189 8.203600e-01 1.075600e-02 1.688840e-01
190 8.202360e-01 1.070000e-02 1.690640e-01
191 8.200200e-01 1.074400e-02 1.692360e-01
192 8.199080e-01 1.066400e-02 1.694280e-01
193 8.198840e-01 1.050400e-02 1.696120e-01
194 8.199880e-01 1.032400e-02 1.696880e-01
195 8.200080e-01 1.016800e-02 1.698240e-01
196 8.198760e-01 1.014800e-02 1.699760e-01
197 8.199640e-01 1.006400e-02 1.699720e-01
198 8.201320e-01 9.764000e-03 1.701040e-01
199 8.201200e-01 9.852000e-03 1.700280e-01
200 8.201760e-01 9.736000e-03 1.700880e-01
201 8.205160e-01 9.492000e-03 1.699920e-01
202 8.204080e-01 9.384000e-03 1.702080e-01
203 8.204800e-01 9.396000e-03 1.701240e-01
204 8.205720e-01 9.280000e-03 1.701480e-01
205 8.206400e-01 9.204000e-03 1.701560e-01
206 8.208560e-01 9.120000e-03 1.700240e-01
207 8.210320e-01 8.984000e-03 1.699840e-01
208 8.210680e-01 9.208000e-03 1.697240e-01
209 8.210320e-01 9.160000e-03 1.698080e-01
210 8.209560e-01 9.236000e-03 1.698080e-01
211 8.209640e-01 9.224000e-03 1.698120e-01
212 8.209520e-01 9.196000e-03 1.698520e-01
213 8.210480e-01 9.088000e-03 1.698640e-01
214 8.211480e-01 9.152000e-03 1.697000e-01
215 8.212040e-01 9.184000e-03 1.696120e-01
216 8.212720e-01 9.104000e-03 1.696240e-01
217 8.213520e-01 9.100000e-03 1.695480e-01
218 8.216080e-01 8.936000e-03 1.694560e-01
219 8.219280e-01 8.896000e-03 1.691760e-01
220 8.221760e-01 8.624000e-03 1.692000e-01
221 8.227000e-01 8.428000e-03 1.688720e-01
222 8.229560e-01 8.352000e-03 1.686920e-01
223 8.234000e-01 8.076000e-03 1.685240e-01
224 8.237640e-01 8.028000e-03 1.682080e-01
225 8.240840e-01 7.932000e-03 1.679840e-01
226 8.245640e-01 7.820000e-03 1.676160e-01
227 8.248560e-01 7.740000e-03 1.674040e-01
228 8.252440e-01 7.676000e-03 1.670800e-01
229 8.255560e-01 7.612000e-03 1.668320e-01
230 8.260680e-01 7.400000e-03 1.665320e-01
231 8.264840e-01 7.428000e-03 1.660880e-01
232 8.267560e-01 7.384000e-03 1.658600e-01
233 8.272720e-01 7.268000e-03 1.654600e-01
234 8.276200e-01 7.212000e-03 1.651680e-01
235 8.279600e-01 7.288000e-03 1.647520e-01
236 8.283560e-01 7.384000e-03 1.642600e-01
237 8.286280e-01 7.312000e-03 1.640600e-01
238 8.289040e-01 7.360000e-03 1.637360e-01
239 8.293080e-01 7.224000e-03 1.634680e-01
240 8.296520e-01 7.204000e-03 1.631440e-01
241 8.301080e-01 7.120000e-03 1.627720e-01
242 8.306520e-01 6.984000e-03 1.623640e-01
243 8.310560e-01 6.872000e-03 1.620720e-01
244 8.314560e-01 6.848000e-03 1.616960e-01
245 8.318160e-01 6.756000e-03 1.614280e-01
246 8.322480e-01 6.704000e-03 1.610480e-01
247 8.325600e-01 6.596000e-03 1.608440e-01
248 8.331480e-01 6.472000e-03 1.603800e-01
249 8.336640e-01 6.436000e-03 1.599000e-01
250 8.340640e-01 6.384000e-03 1.595520e-01
251 8.344800e-01 6.400000e-03 1.591200e-01
252 8.347800e-01 6.368000e-03 1.588520e-01
253 8.349480e-01 6.552000e-03 1.585000e-01
254 8.353360e-01 6.556000e-03 1.581080e-01
255 8.356600e-01 6.560000e-03 1.577800e-01
256 8.360520e-01 6.516000e-03 1.574320e-01
257 8.363480e-01 6.632000e-03 1.570200e-01
258 8.367400e-01 6.616000e-03 1.566440e-01
259 8.370400e-01 6.576000e-03 1.563840e-01
260 8.373880e-01 6.512000e-03 1.561000e-01
261 8.380040e-01 6.476000e-03 1.555200e-01
262 8.383800e-01 6.440000e-03 1.551800e-01
263 8.389080e-01 6.340000e-03 1.547520e-01
264 8.393800e-01 6.300000e-03 1.543200e-01
265 8.398400e-01 6.144000e-03 1.540160e-01
266 8.402000e-01 6.064000e-03 1.537360e-01
267 8.406800e-01 6.028000e-03 1.532920e-01
268 8.409360e-01 6.140000e-03 1.529240e-01
269 8.414840e-01 5.992000e-03 1.525240e-01
270 8.419120e-01 5.988000e-03 1.521000e-01
271 8.423120e-01 5.960000e-03 1.517280e-01
272 8.427840e-01 6.016000e-03 1.512000e-01
273 8.433960e-01 6.000000e-03 1.506040e-01
274 8.439680e-01 5.952000e-03 1.500800e-01
275 8.444120e-01 5.900000e-03 1.496880e-01
276 8.449040e-01 5.928000e-03 1.491680e-01
277 8.452320e-01 5.956000e-03 1.488120e-01
278 8.458360e-01 5.896000e-03 1.482680e-01
279 8.463840e-01 5.848000e-03 1.477680e-01
280 8.468440e-01 5.820000e-03 1.473360e-01
281 8.474160e-01 5.648000e-03 1.469360e-01
282 8.477880e-01 5.528000e-03 1.466840e-01
283 8.482880e-01 5.364000e-03 1.463480e-01
284 8.487360e-01 5.388000e-03 1.458760e-01
285 8.491960e-01 5.328000e-03 1.454760e-01
286 8.495640e-01 5.436000e-03 1.450000e-01
287 8.501040e-01 5.412000e-03 1.444840e-01
288 8.506440e-01 5.288000e-03 1.440680e-01
289 8.510600e-01 5.332000e-03 1.436080e-01
290 8.514240e-01 5.304000e-03 1.432720e-01
291 8.518960e-01 5.420000e-03 1.426840e-01
292 8.522640e-01 5.556000e-03 1.421800e-01
293 8.526720e-01 5.680000e-03 1.416480e-01
294 8.529600e-01 5.692000e-03 1.413480e-01
295 8.534480e-01 5.648000e-03 1.409040e-01
296 8.537840e-01 5.668000e-03 1.405480e-01
297 8.540680e-01 5.772000e-03 1.401600e-01
298 8.543200e-01 5.720000e-03 1.399600e-01
299 8.546440e-01 5.684000e-03 1.396720e-01
300 8.550040e-01 5.652000e-03 1.393440e-01
301 8.555120e-01 5.576000e-03 1.389120e-01
302 8.560640e-01 5.568000e-03 1.383680e-01
303 8.563600e-01 5.636000e-03 1.380040e-01
304 8.568400e-01 5.584000e-03 1.375760e-01
305 8.572920e-01 5.488000e-03 1.372200e-01
306 8.576360e-01 5.580000e-03 1.367840e-01
307 8.581520e-01 5.548000e-03 1.363000e-01
308 8.585360e-01 5.472000e-03 1.359920e-01
309 8.589360e-01 5.344000e-03 1.357200e-01
310 8.594680e-01 5.332000e-03 1.352000e-01
311 8.599880e-01 5.436000e-03 1.345760e-01
312 8.603280e-01 5.444000e-03 1.342280e-01
313 8.606760e-01 5.476000e-03 1.338480e-01
314 8.611320e-01 5.316000e-03 1.335520e-01
315 8.613480e-01 5.340000e-03 1.333120e-01
316 8.617960e-01 5.292000e-03 1.329120e-01
317 8.622720e-01 5.256000e-03 1.324720e-01
318 8.628560e-01 4.992000e-03 1.321520e-01
319 8.633080e-01 4.944000e-03 1.317480e-01
320 8.638280e-01 4.932000e-03 1.312400e-01
321 8.642800e-01 5.040000e-03 1.306800e-01
322 8.645520e-01 4.984000e-03 1.304640e-01
323 8.648200e-01 5.116000e-03 1.300640e-01
324 8.650360e-01 5.144000e-03 1.298200e-01
325 8.654960e-01 4.988000e-03 1.295160e-01
326 8.657840e-01 5.088000e-03 1.291280e-01
327 8.660520e-01 5.144000e-03 1.288040e-01
328 8.662120e-01 5.072000e-03 1.287160e-01
329 8.666400e-01 4.984000e-03 1.283760e-01
330 8.669120e-01 5.116000e-03 1.279720e-01
331 8.670680e-01 5.216000e-03 1.277160e-01
332 8.674760e-01 5.220000e-03 1.273040e-01
333 8.677040e-01 5.264000e-03 1.270320e-01
334 8.680120e-01 5.264000e-03 1.267240e-01
335 8.683040e-01 5.288000e-03 1.264080e-01
336 8.685800e-01 5.156000e-03 1.262640e-01
337 8.688840e-01 5.092000e-03 1.260240e-01
338 8.690560e-01 5.152000e-03 1.257920e-01
339 8.691760e-01 5.304000e-03 1.255200e-01
340 8.695000e-01 5.332000e-03 1.251680e-01
341 8.698680e-01 5.188000e-03 1.249440e-01
342 8.702240e-01 5.168000e-03 1.246080e-01
343 8.708040e-01 4.964000e-03 1.242320e-01
344 8.710200e-01 4.936000e-03 1.240440e-01
345 8.713760e-01 4.936000e-03 1.236880e-01
346 8.715640e-01 5.020000e-03 1.234160e-01
347 8.718880e-01 5.044000e-03 1.230680e-01
348 8.720280e-01 5.184000e-03 1.227880e-01
349 8.723320e-01 5.100000e-03 1.225680e-01
350 8.727240e-01 5.128000e-03 1.221480e-01
351 8.730440e-01 5.036000e-03 1.219200e-01
352 8.733320e-01 5.072000e-03 1.215960e-01
353 8.736880e-01 5.096000e-03 1.212160e-01
354 8.741800e-01 4.992000e-03 1.208280e-01
355 8.744840e-01 4.912000e-03 1.206040e-01
356 8.748200e-01 4.792000e-03 1.203880e-01
357 8.750920e-01 4.768000e-03 1.201400e-01
358 8.754000e-01 4.696000e-03 1.199040e-01
359 8.756920e-01 4.860000e-03 1.194480e-01
360 8.759480e-01 4.752000e-03 1.193000e-01
361 8.761640e-01 4.708000e-03 1.191280e-01
362 8.764280e-01 4.816000e-03 1.187560e-01
363 8.769080e-01 4.836000e-03 1.182560e-01
364 8.774160e-01 4.772000e-03 1.178120e-01
365 8.777440e-01 4.840000e-03 1.174160e-01
366 8.779920e-01 4.792000e-03 1.172160e-01
367 8.783400e-01 4.732000e-03 1.169280e-01
368 8.787000e-01 4.836000e-03 1.164640e-01
369 8.788480e-01 4.964000e-03 1.161880e-01
370 8.791920e-01 4.808000e-03 1.160000e-01
371 8.795240e-01 4.836000e-03 1.156400e-01
372 8.797840e-01 4.952000e-03 1.152640e-01
373 8.800800e-01 4.860000e-03 1.150600e-01
374 8.802880e-01 4.784000e-03 1.149280e-01
375 8.804640e-01 4.800000e-03 1.147360e-01
376 8.807920e-01 4.688000e-03 1.145200e-01
377 8.811000e-01 4.616000e-03 1.142840e-01
378 8.812880e-01 4.692000e-03 1.140200e-01
379 8.816760e-01 4.552000e-03 1.137720e-01
380 8.818840e-01 4.624000e-03 1.134920e-01
381 8.821520e-01 4.576000e-03 1.132720e-01
382 8.825160e-01 4.596000e-03 1.128880e-01
383 8.829880e-01 4.592000e-03 1.124200e-01
384 8.833240e-01 4.552000e-03 1.121240e-01
385 8.836720e-01 4.568000e-03 1.117600e-01
386 8.838840e-01 4.640000e-03 1.114760e-01
387 8.841120e-01 4.632000e-03 1.112560e-01
388 8.844400e-01 4.572000e-03 1.109880e-01
389 8.847360e-01 4.492000e-03 1.107720e-01
390 8.849960e-01 4.560000e-03 1.104440e-01
391 8.853160e-01 4.508000e-03 1.101760e-01
392 8.855880e-01 4.492000e-03 1.099200e-01
393 8.859200e-01 4.512000e-03 1.095680e-01
394 8.862040e-01 4.612000e-03 1.091840e-01
395 8.864040e-01 4.560000e-03 1.090360e-01
396 8.866960e-01 4.492000e-03 1.088120e-01
397 8.869840e-01 4.484000e-03 1.085320e-01
398 8.872640e-01 4.384000e-03 1.083520e-01
399 8.874960e-01 4.504000e-03 1.080000e-01
400 8.878080e-01 4.484000e-03 1.077080e-01
401 8.880240e-01 4.536000e-03 1.074400e-01
402 8.882600e-01 4.464000e-03 1.072760e-01
403 8.885240e-01 4.484000e-03 1.069920e-01
404 8.888360e-01 4.488000e-03 1.066760e-01
405 8.891840e-01 4.528000e-03 1.062880e-01
406 8.896000e-01 4.504000e-03 1.058960e-01
407 8.898480e-01 4.536000e-03 1.056160e-01
408 8.900080e-01 4.576000e-03 1.054160e-01
409 8.902080e-01 4.576000e-03 1.052160e-01
410 8.906000e-01 4.508000e-03 1.048920e-01
411 8.908960e-01 4.500000e-03 1.046040e-01
412 8.909720e-01 4.692000e-03 1.043360e-01
413 8.911640e-01 4.640000e-03 1.041960e-01
414 8.913920e-01 4.616000e-03 1.039920e-01
415 8.916320e-01 4.572000e-03 1.037960e-01
416 8.918840e-01 4.524000e-03 1.035920e-01
417 8.919560e-01 4.676000e-03 1.033680e-01
418 8.918920e-01 4.804000e-03 1.033040e-01
419 8.920320e-01 4.600000e-03 1.033680e-01
420 8.922640e-01 4.600000e-03 1.031360e-01
421 8.926400e-01 4.468000e-03 1.028920e-01
422 8.927680e-01 4.480000e-03 1.027520e-01
423 8.928480e-01 4.560000e-03 1.025920e-01
424 8.929960e-01 4.748000e-03 1.022560e-01
425 8.932200e-01 4.704000e-03 1.020760e-01
426 8.934840e-01 4.692000e-03 1.018240e-01
427 8.937640e-01 4.716000e-03 1.015200e-01
428 8.939240e-01 4.636000e-03 1.014400e-01
429 8.941920e-01 4.476000e-03 1.013320e-01
430 8.945880e-01 4.392000e-03 1.010200e-01
431 8.948480e-01 4.276000e-03 1.008760e-01
432 8.951360e-01 4.324000e-03 1.005400e-01
433 8.954000e-01 4.184000e-03 1.004160e-01
434 8.957000e-01 4.080000e-03 1.002200e-01
435 8.959240e-01 4.156000e-03 9.992000e-02
436 8.963120e-01 4.044000e-03 9.964400e-02
437 8.965840e-01 4.104000e-03 9.931200e-02
438 8.967560e-01 4.216000e-03 9.902800e-02
439 8.969400e-01 4.304000e-03 9.875600e-02
440 8.971760e-01 4.208000e-03 9.861600e-02
441 8.974240e-01 4.108000e-03 9.846800e-02
442 8.977520e-01 4.028000e-03 9.822000e-02
443 8.980440e-01 4.068000e-03 9.788800e-02
444 8.983960e-01 3.948000e-03 9.765600e-02
445 8.987600e-01 3.904000e-03 9.733600e-02
446 8.989560e-01 3.984000e-03 9.706000e-02
447 8.992280e-01 3.976000e-03 9.679600e-02
448 8.994360e-01 4.084000e-03 9.648000e-02
449 8.996800e-01 3.972000e-03 9.634800e-02
450 8.998720e-01 3.924000e-03 9.620400e-02
451 9.002480e-01 3.828000e-03 9.592400e-02
452 9.005640e-01 3.832000e-03 9.560400e-02
453 9.007840e-01 3.932000e-03 9.528400e-02
454 9.010400e-01 3.864000e-03 9.509600e-02
455 9.013120e-01 3.904000e-03 9.478400e-02
456 9.014920e-01 3.900000e-03 9.460800e-02
457 9.017400e-01 3.964000e-03 9.429600e-02
458 9.019840e-01 4.028000e-03 9.398800e-02
459 9.023040e-01 3.968000e-03 9.372800e-02
460 9.026600e-01 3.948000e-03 9.339200e-02
461 9.030160e-01 3.880000e-03 9.310400e-02
462 9.032160e-01 3.980000e-03 9.280400e-02
463 9.034720e-01 3.944000e-03 9.258400e-02
464 9.037960e-01 3.940000e-03 9.226400e-02
465 9.040280e-01 3.940000e-03 9.203200e-02
466 9.045400e-01 3.940000e-03 9.152000e-02
467 9.048800e-01 3.872000e-03 9.124800e-02
468 9.049640e-01 3.888000e-03 9.114800e-02
469 9.051960e-01 3.840000e-03 9.096400e-02
470 9.054840e-01 3.696000e-03 9.082000e-02
471 9.057800e-01 3.624000e-03 9.059600e-02
472 9.060480e-01 3.548000e-03 9.040400e-02
473 9.063040e-01 3.664000e-03 9.003200e-02
474 9.065320e-01 3.548000e-03 8.992000e-02
475 9.067480e-01 3.508000e-03 8.974400e-02
476 9.069960e-01 3.632000e-03 8.937200e-02
477 9.070480e-01 3.712000e-03 8.924000e-02
478 9.073320e-01 3.712000e-03 8.895600e-02
479 9.073440e-01 3.812000e-03 8.884400e-02
480 9.075760e-01 3.872000e-03 8.855200e-02
481 9.076520e-01 3.992000e-03 8.835600e-02
482 9.077640e-01 3.992000e-03 8.824400e-02
483 9.078840e-01 4.096000e-03 8.802000e-02
484 9.080360e-01 4.056000e-03 8.790800e-02
485 9.081160e-01 3.972000e-03 8.791200e-02
486 9.082000e-01 4.060000e-03 8.774000e-02
487 9.082080e-01 4.056000e-03 8.773600e-02
488 9.083680e-01 3.988000e-03 8.764400e-02
489 9.085480e-01 3.976000e-03 8.747600e-02
490 9.087880e-01 3.972000e-03 8.724000e-02
491 9.089120e-01 3.916000e-03 8.717200e-02
492 9.092120e-01 3.796000e-03 8.699200e-02
493 9.094240e-01 3.724000e-03 8.685200e-02
494 9.096800e-01 3.712000e-03 8.660800e-02
495 9.098480e-01 3.672000e-03 8.648000e-02
496 9.100840e-01 3.716000e-03 8.620000e-02
497 9.102720e-01 3.732000e-03 8.599600e-02
498 9.104360e-01 3.772000e-03 8.579200e-02
499 9.105560e-01 3.724000e-03 8.572000e-02
500 9.108640e-01 3.616000e-03 8.552000e-02
501 9.111040e-01 3.464000e-03 8.543200e-02
502 9.113120e-01 3.444000e-03 8.524400e-02
503 9.114960e-01 3.500000e-03 8.500400e-02
504 9.116600e-01 3.508000e-03 8.483200e-02
505 9.119640e-01 3.472000e-03 8.456400e-02
506 9.123480e-01 3.380000e-03 8.427200e-02
507 9.126640e-01 3.284000e-03 8.405200e-02
508 9.130320e-01 3.240000e-03 8.372800e-02
509 9.132960e-01 3.228000e-03 8.347600e-02
510 9.134960e-01 3.228000e-03 8.327600e-02
511 9.137240e-01 3.148000e-03 8.312800e-02
512 9.140800e-01 3.064000e-03 8.285600e-02
513 9.142720e-01 3.044000e-03 8.268400e-02
514 9.144640e-01 3.076000e-03 8.246000e-02
515 9.147640e-01 3.020000e-03 8.221600e-02
516 9.150640e-01 2.968000e-03 8.196800e-02
517 9.152520e-01 3.028000e-03 8.172000e-02
518 9.155680e-01 2.884000e-03 8.154800e-02
519 9.158840e-01 2.744000e-03 8.137200e-02
520 9.161720e-01 2.800000e-03 8.102800e-02
521 9.165520e-01 2.676000e-03 8.077200e-02
522 9.168800e-01 2.640000e-03 8.048000e-02
523 9.171800e-01 2.560000e-03 8.026000e-02
524 9.175880e-01 2.500000e-03 7.991200e-02
525 9.180240e-01 2.524000e-03 7.945200e-02
526 9.183240e-01 2.444000e-03 7.923200e-02
527 9.187040e-01 2.332000e-03 7.896400e-02
528 9.190280e-01 2.380000e-03 7.859200e-02
529 9.194400e-01 2.372000e-03 7.818800e-02
530 9.198080e-01 2.308000e-03 7.788400e-02
531 9.201640e-01 2.316000e-03 7.752000e-02
532 9.204560e-01 2.384000e-03 7.716000e-02
533 9.207720e-01 2.464000e-03 7.676400e-02
534 9.210840e-01 2.464000e-03 7.645200e-02
535 9.213480e-01 2.480000e-03 7.617200e-02
536 9.216760e-01 2.436000e-03 7.588800e-02
537 9.220840e-01 2.388000e-03 7.552800e-02
538 9.224640e-01 2.340000e-03 7.519600e-02
539 9.228080e-01 2.280000e-03 7.491200e-02
540 9.230520e-01 2.272000e-03 7.467600e-02
541 9.234080e-01 2.284000e-03 7.430800e-02
542 9.236280e-01 2.392000e-03 7.398000e-02
543 9.239120e-01 2.384000e-03 7.370400e-02
544 9.242720e-01 2.424000e-03 7.330400e-02
545 9.245600e-01 2.296000e-03 7.314400e-02
546 9.248080e-01 2.344000e-03 7.284800e-02
547 9.251520e-01 2.292000e-03 7.255600e-02
548 9.254080e-01 2.200000e-03 7.239200e-02
549 9.257960e-01 2.216000e-03 7.198800e-02
550 9.261600e-01 2.136000e-03 7.170400e-02
551 9.264640e-01 2.124000e-03 7.141200e-02
552 9.267160e-01 2.116000e-03 7.116800e-02
553 9.270760e-01 2.084000e-03 7.084000e-02
554 9.273600e-01 2.160000e-03 7.048000e-02
555 9.276280e-01 2.292000e-03 7.008000e-02
556 9.280520e-01 2.344000e-03 6.960400e-02
557 9.282800e-01 2.312000e-03 6.940800e-02
558 9.285880e-01 2.360000e-03 6.905200e-02
559 9.287080e-01 2.424000e-03 6.886800e-02
560 9.289640e-01 2.376000e-03 6.866000e-02
561 9.291400e-01 2.380000e-03 6.848000e-02
562 9.292720e-01 2.428000e-03 6.830000e-02
563 9.295000e-01 2.416000e-03 6.808400e-02
564 9.297800e-01 2.396000e-03 6.782400e-02
565 9.300840e-01 2.372000e-03 6.754400e-02
566 9.302760e-01 2.368000e-03 6.735600e-02
567 9.304080e-01 2.452000e-03 6.714000e-02
568 9.306680e-01 2.380000e-03 6.695200e-02
569 9.309800e-01 2.324000e-03 6.669600e-02
570 9.312320e-01 2.376000e-03 6.639200e-02
571 9.314840e-01 2.392000e-03 6.612400e-02
572 9.316800e-01 2.436000e-03 6.588400e-02
573 9.317840e-01 2.500000e-03 6.571600e-02
574 9.320480e-01 2.484000e-03 6.546800e-02
575 9.323320e-01 2.424000e-03 6.524400e-02
576 9.326440e-01 2.396000e-03 6.496000e-02
577 9.329240e-01 2.356000e-03 6.472000e-02
578 9.332120e-01 2.284000e-03 6.450400e-02
579 9.334200e-01 2.320000e-03 6.426000e-02
580 9.336000e-01 2.308000e-03 6.409200e-02
581 9.338680e-01 2.276000e-03 6.385600e-02
582 9.342080e-01 2.232000e-03 6.356000e-02
583 9.345120e-01 2.164000e-03 6.332400e-02
584 9.348200e-01 2.100000e-03 6.308000e-02
585 9.350760e-01 2.056000e-03 6.286800e-02
586 9.353560e-01 2.116000e-03 6.252800e-02
587 9.355920e-01 2.168000e-03 6.224000e-02
588 9.358280e-01 2.192000e-03 6.198000e-02
589 9.360240e-01 2.256000e-03 6.172000e-02
590 9.362400e-01 2.268000e-03 6.149200e-02
591 9.364400e-01 2.160000e-03 6.140000e-02
592 9.366600e-01 2.128000e-03 6.121200e-02
593 9.369200e-01 2.124000e-03 6.095600e-02
594 9.370840e-01 2.160000e-03 6.075600e-02
595 9.372120e-01 2.204000e-03 6.058400e-02
596 9.374040e-01 2.252000e-03 6.034400e-02
597 9.376320e-01 2.288000e-03 6.008000e-02
598 9.377360e-01 2.276000e-03 5.998800e-02
599 9.378760e-01 2.264000e-03 5.986000e-02
600 9.380400e-01 2.264000e-03 5.969600e-02
601 9.381360e-01 2.344000e-03 5.952000e-02
602 9.383000e-01 2.400000e-03 5.930000e-02
603 9.384760e-01 2.384000e-03 5.914000e-02
604 9.385400e-01 2.440000e-03 5.902000e-02
605 9.387000e-01 2.440000e-03 5.886000e-02
606 9.388960e-01 2.400000e-03 5.870400e-02
607 9.390320e-01 2.396000e-03 5.857200e-02
608 9.392320e-01 2.352000e-03 5.841600e-02
609 9.393880e-01 2.364000e-03 5.824800e-02
610 9.395040e-01 2.372000e-03 5.812400e-02
611 9.396520e-01 2.428000e-03 5.792000e-02
612 9.396800e-01 2.472000e-03 5.784800e-02
613 9.397480e-01 2.468000e-03 5.778400e-02
614 9.399720e-01 2.472000e-03 5.755600e-02
615 9.402120e-01 2.436000e-03 5.735200e-02
616 9.403800e-01 2.416000e-03 5.720400e-02
617 9.404240e-01 2.392000e-03 5.718400e-02
618 9.405880e-01 2.372000e-03 5.704000e-02
619 9.407040e-01 2.464000e-03 5.683200e-02
620 9.408200e-01 2.588000e-03 5.659200e-02
621 9.408200e-01 2.624000e-03 5.655600e-02
622 9.409840e-01 2.580000e-03 5.643600e-02
623 9.410480e-01 2.628000e-03 5.632400e-02
624 9.411760e-01 2.584000e-03 5.624000e-02
625 9.412360e-01 2.604000e-03 5.616000e-02
626 9.413760e-01 2.560000e-03 5.606400e-02
627 9.414600e-01 2.656000e-03 5.588400e-02
628 9.415160e-01 2.704000e-03 5.578000e-02
629 9.416080e-01 2.668000e-03 5.572400e-02
630 9.416440e-01 2.688000e-03 5.566800e-02
631 9.417360e-01 2.724000e-03 5.554000e-02
632 9.417960e-01 2.736000e-03 5.546800e-02
633 9.417720e-01 2.848000e-03 5.538000e-02
634 9.418960e-01 2.760000e-03 5.534400e-02
635 9.418920e-01 2.840000e-03 5.526800e-02
636 9.418280e-01 2.916000e-03 5.525600e-02
637 9.417720e-01 2.936000e-03 5.529200e-02
638 9.418120e-01 3.008000e-03 5.518000e-02
639 9.418800e-01 3.036000e-03 5.508400e-02
640 9.417880e-01 3.204000e-03 5.500800e-02
641 9.417480e-01 3.172000e-03 5.508000e-02
642 9.417120e-01 3.144000e-03 5.514400e-02
643 9.417560e-01 3.208000e-03 5.503600e-02
644 9.416600e-01 3.260000e-03 5.508000e-02
645 9.415920e-01 3.264000e-03 5.514400e-02
646 9.415320e-01 3.312000e-03 5.515600e-02
647 9.414480e-01 3.356000e-03 5.519600e-02
648 9.414760e-01 3.368000e-03 5.515600e-02
649 9.415240e-01 3.316000e-03 5.516000e-02
650 9.415600e-01 3.240000e-03 5.520000e-02
651 9.415760e-01 3.220000e-03 5.520400e-02
652 9.416920e-01 3.156000e-03 5.515200e-02
653 9.417680e-01 3.100000e-03 5.513200e-02
654 9.417400e-01 3.144000e-03 5.511600e-02
655 9.417560e-01 3.220000e-03 5.502400e-02
656 9.416560e-01 3.244000e-03 5.510000e-02
657 9.416920e-01 3.236000e-03 5.507200e-02
658 9.416120e-01 3.248000e-03 5.514000e-02
659 9.415520e-01 3.352000e-03 5.509600e-02
660 9.414680e-01 3.440000e-03 5.509200e-02
661 9.415280e-01 3.496000e-03 5.497600e-02
662 9.415120e-01 3.412000e-03 5.507600e-02
663 9.415600e-01 3.464000e-03 5.497600e-02
664 9.414600e-01 3.608000e-03 5.493200e-02
665 9.413800e-01 3.640000e-03 5.498000e-02
666 9.411880e-01 3.712000e-03 5.510000e-02
667 9.411400e-01 3.700000e-03 5.516000e-02
668 9.410040e-01 3.824000e-03 5.517200e-02
669 9.408560e-01 3.916000e-03 5.522800e-02
670 9.406960e-01 4.008000e-03 5.529600e-02
671 9.406440e-01 3.908000e-03 5.544800e-02
672 9.405160e-01 3.936000e-03 5.554800e-02
673 9.403000e-01 4.028000e-03 5.567200e-02
674 9.401200e-01 4.020000e-03 5.586000e-02
675 9.399200e-01 4.036000e-03 5.604400e-02
676 9.399160e-01 3.916000e-03 5.616800e-02
677 9.398120e-01 3.932000e-03 5.625600e-02
678 9.397280e-01 3.836000e-03 5.643600e-02
679 9.396600e-01 3.720000e-03 5.662000e-02
680 9.395760e-01 3.660000e-03 5.676400e-02
681 9.394600e-01 3.684000e-03 5.685600e-02
682 9.394480e-01 3.720000e-03 5.683200e-02
683 9.395360e-01 3.668000e-03 5.679600e-02
684 9.395320e-01 3.600000e-03 5.686800e-02
685 9.396600e-01 3.432000e-03 5.690800e-02
686 9.398160e-01 3.296000e-03 5.688800e-02
687 9.398920e-01 3.204000e-03 5.690400e-02
688 9.400240e-01 3.184000e-03 5.679200e-02
689 9.402720e-01 3.012000e-03 5.671600e-02
690 9.403760e-01 2.960000e-03 5.666400e-02
691 9.404600e-01 2.924000e-03 5.661600e-02
692 9.404520e-01 2.932000e-03 5.661600e-02
693 9.405880e-01 2.912000e-03 5.650000e-02
694 9.406000e-01 2.908000e-03 5.649200e-02
695 9.407840e-01 2.748000e-03 5.646800e-02
696 9.409320e-01 2.676000e-03 5.639200e-02
697 9.410280e-01 2.664000e-03 5.630800e-02
698 9.411520e-01 2.660000e-03 5.618800e-02
699 9.411720e-01 2.740000e-03 5.608800e-02
700 9.412800e-01 2.732000e-03 5.598800e-02
701 9.414680e-01 2.748000e-03 5.578400e-02
702 9.415960e-01 2.692000e-03 5.571200e-02
703 9.416960e-01 2.672000e-03 5.563200e-02
704 9.418280e-01 2.660000e-03 5.551200e-02
705 9.419000e-01 2.652000e-03 5.544800e-02
706 9.419880e-01 2.704000e-03 5.530800e-02
707 9.419720e-01 2.756000e-03 5.527200e-02
708 9.420360e-01 2.828000e-03 5.513600e-02
709 9.421400e-01 2.740000e-03 5.512000e-02
710 9.421080e-01 2.756000e-03 5.513600e-02
711 9.421840e-01 2.708000e-03 5.510800e-02
712 9.421400e-01 2.752000e-03 5.510800e-02
713 9.421800e-01 2.716000e-03 5.510400e-02
714 9.422280e-01 2.768000e-03 5.500400e-02
715 9.422720e-01 2.776000e-03 5.495200e-02
716 9.423120e-01 2.784000e-03 5.490400e-02
717 9.422160e-01 2.852000e-03 5.493200e-02
718 9.421560e-01 2.900000e-03 5.494400e-02
719 9.422680e-01 2.932000e-03 5.480000e-02
720 9.422480e-01 2.968000e-03 5.478400e-02
721 9.423640e-01 2.888000e-03 5.474800e-02
722 9.424680e-01 2.828000e-03 5.470400e-02
723 9.425560e-01 2.764000e-03 5.468000e-02
724 9.426960e-01 2.692000e-03 5.461200e-02
725 9.429560e-01 2.588000e-03 5.445600e-02
726 9.431600e-01 2.540000e-03 5.430000e-02
727 9.432520e-01 2.512000e-03 5.423600e-02
728 9.434840e-01 2.344000e-03 5.417200e-02
729 9.436480e-01 2.292000e-03 5.406000e-02
730 9.438880e-01 2.168000e-03 5.394400e-02
731 9.441880e-01 2.112000e-03 5.370000e-02
732 9.443720e-01 2.048000e-03 5.358000e-02
733 9.444600e-01 2.064000e-03 5.347600e-02
734 9.445560e-01 2.044000e-03 5.340000e-02
735 9.447120e-01 2.084000e-03 5.320400e-02
736 9.448360e-01 2.096000e-03 5.306800e-02
737 9.450080e-01 1.984000e-03 5.300800e-02
738 9.452800e-01 1.960000e-03 5.276000e-02
739 9.454880e-01 1.920000e-03 5.259200e-02
740 9.456760e-01 1.844000e-03 5.248000e-02
741 9.458200e-01 1.840000e-03 5.234000e-02
742 9.460600e-01 1.764000e-03 5.217600e-02
743 9.461640e-01 1.772000e-03 5.206400e-02
744 9.463920e-01 1.720000e-03 5.188800e-02
745 9.466280e-01 1.664000e-03 5.170800e-02
746 9.467880e-01 1.656000e-03 5.155600e-02
747 9.469800e-01 1.648000e-03 5.137200e-02
748 9.470680e-01 1.728000e-03 5.120400e-02
749 9.473040e-01 1.700000e-03 5.099600e-02
750 9.474560e-01 1.760000e-03 5.078400e-02
751 9.476400e-01 1.744000e-03 5.061600e-02
752 9.479320e-01 1.688000e-03 5.038000e-02
753 9.481280e-01 1.684000e-03 5.018800e-02
754 9.482840e-01 1.792000e-03 4.992400e-02
755 9.484840e-01 1.836000e-03 4.968000e-02
756 9.485000e-01 1.976000e-03 4.952400e-02
757 9.486520e-01 2.060000e-03 4.928800e-02
758 9.487280e-01 2.088000e-03 4.918400e-02
759 9.489280e-01 2.104000e-03 4.896800e-02
760 9.489800e-01 2.116000e-03 4.890400e-02
761 9.491320e-01 2.152000e-03 4.871600e-02
762 9.492360e-01 2.160000e-03 4.860400e-02
763 9.492920e-01 2.244000e-03 4.846400e-02
764 9.494320e-01 2.188000e-03 4.838000e-02
765 9.495160e-01 2.192000e-03 4.829200e-02
766 9.495080e-01 2.172000e-03 4.832000e-02
767 9.496160e-01 2.180000e-03 4.820400e-02
768 9.497560e-01 2.116000e-03 4.812800e-02
769 9.498280e-01 2.224000e-03 4.794800e-02
770 9.499440e-01 2.208000e-03 4.784800e-02
771 9.499920e-01 2.244000e-03 4.776400e-02
772 9.499680e-01 2.324000e-03 4.770800e-02
773 9.499920e-01 2.328000e-03 4.768000e-02
774 9.500040e-01 2.344000e-03 4.765200e-02
775 9.499480e-01 2.488000e-03 4.756400e-02
776 9.499000e-01 2.564000e-03 4.753600e-02
777 9.498760e-01 2.612000e-03 4.751200e-02
778 9.499560e-01 2.524000e-03 4.752000e-02
779 9.498880e-01 2.572000e-03 4.754000e-02
780 9.499560e-01 2.576000e-03 4.746800e-02
781 9.499320e-01 2.488000e-03 4.758000e-02
782 9.499040e-01 2.572000e-03 4.752400e-02
783 9.498720e-01 2.700000e-03 4.742800e-02
784 9.499200e-01 2.680000e-03 4.740000e-02
785 9.499600e-01 2.688000e-03 4.735200e-02
786 9.499960e-01 2.644000e-03 4.736000e-02
787 9.500520e-01 2.584000e-03 4.736400e-02
788 9.500400e-01 2.584000e-03 4.737600e-02
789 9.502240e-01 2.500000e-03 4.727600e-02
790 9.503200e-01 2.520000e-03 4.716000e-02
791 9.503680e-01 2.556000e-03 4.707600e-02
792 9.503320e-01 2.524000e-03 4.714400e-02
793 9.502880e-01 2.624000e-03 4.708800e-02
794 9.503840e-01 2.580000e-03 4.703600e-02
795 9.505160e-01 2.488000e-03 4.699600e-02
796 9.505120e-01 2.540000e-03 4.694800e-02
797 9.504760e-01 2.532000e-03 4.699200e-02
798 9.505400e-01 2.540000e-03 4.692000e-02
799 9.506840e-01 2.484000e-03 4.683200e-02
800 9.506840e-01 2.528000e-03 4.678800e-02
801 9.506000e-01 2.652000e-03 4.674800e-02
802 9.505960e-01 2.788000e-03 4.661600e-02
803 9.505280e-01 2.788000e-03 4.668400e-02
804 9.504560e-01 2.796000e-03 4.674800e-02
805 9.505760e-01 2.760000e-03 4.666400e-02
806 9.504880e-01 2.812000e-03 4.670000e-02
807 9.504800e-01 2.944000e-03 4.657600e-02
808 9.504440e-01 2.904000e-03 4.665200e-02
809 9.503840e-01 2.920000e-03 4.669600e-02
810 9.502800e-01 2.916000e-03 4.680400e-02
811 9.502800e-01 2.876000e-03 4.684400e-02
812 9.502960e-01 2.704000e-03 4.700000e-02
813 9.502920e-01 2.688000e-03 4.702000e-02
814 9.503040e-01 2.644000e-03 4.705200e-02
815 9.503120e-01 2.624000e-03 4.706400e-02
816 9.504040e-01 2.648000e-03 4.694800e-02
817 9.504120e-01 2.648000e-03 4.694000e-02
818 9.504320e-01 2.620000e-03 4.694800e-02
819 9.504640e-01 2.564000e-03 4.697200e-02
820 9.505040e-01 2.520000e-03 4.697600e-02
821 9.506160e-01 2.428000e-03 4.695600e-02
822 9.507240e-01 2.392000e-03 4.688400e-02
823 9.508120e-01 2.356000e-03 4.683200e-02
824 9.507000e-01 2.428000e-03 4.687200e-02
825 9.507040e-01 2.392000e-03 4.690400e-02
826 9.508000e-01 2.428000e-03 4.677200e-02
827 9.509040e-01 2.388000e-03 4.670800e-02
828 9.510160e-01 2.296000e-03 4.668800e-02
829 9.511200e-01 2.280000e-03 4.660000e-02
830 9.511800e-01 2.240000e-03 4.658000e-02
831 9.511840e-01 2.292000e-03 4.652400e-02
832 9.512440e-01 2.328000e-03 4.642800e-02
833 9.512840e-01 2.320000e-03 4.639600e-02
834 9.513440e-01 2.420000e-03 4.623600e-02
835 9.514200e-01 2.452000e-03 4.612800e-02
836 9.514120e-01 2.448000e-03 4.614000e-02
837 9.515520e-01 2.372000e-03 4.607600e-02
838 9.515720e-01 2.456000e-03 4.597200e-02
839 9.516520e-01 2.432000e-03 4.591600e-02
840 9.516240e-01 2.496000e-03 4.588000e-02
841 9.516120e-01 2.536000e-03 4.585200e-02
842 9.515160e-01 2.680000e-03 4.580400e-02
843 9.513680e-01 2.796000e-03 4.583600e-02
844 9.513920e-01 2.808000e-03 4.580000e-02
845 9.512720e-01 2.872000e-03 4.585600e-02
846 9.512280e-01 2.896000e-03 4.587600e-02
847 9.512480e-01 2.924000e-03 4.582800e-02
848 9.512880e-01 2.864000e-03 4.584800e-02
849 9.514280e-01 2.756000e-03 4.581600e-02
850 9.515320e-01 2.632000e-03 4.583600e-02
851 9.514680e-01 2.652000e-03 4.588000e-02
852 9.514200e-01 2.592000e-03 4.598800e-02
853 9.514360e-01 2.560000e-03 4.600400e-02
854 9.514560e-01 2.516000e-03 4.602800e-02
855 9.514520e-01 2.408000e-03 4.614000e-02
856 9.514520e-01 2.356000e-03 4.619200e-02
857 9.514520e-01 2.396000e-03 4.615200e-02
858 9.515880e-01 2.288000e-03 4.612400e-02
859 9.516280e-01 2.292000e-03 4.608000e-02
860 9.517960e-01 2.204000e-03 4.600000e-02
861 9.519240e-01 2.172000e-03 4.590400e-02
862 9.519960e-01 2.148000e-03 4.585600e-02
863 9.521800e-01 2.100000e-03 4.572000e-02
864 9.523120e-01 2.072000e-03 4.561600e-02
865 9.524320e-01 2.108000e-03 4.546000e-02
866 9.525440e-01 2.068000e-03 4.538800e-02
867 9.525920e-01 2.048000e-03 4.536000e-02
868 9.526880e-01 2.092000e-03 4.522000e-02
869 9.528720e-01 2.116000e-03 4.501200e-02
870 9.530600e-01 2.056000e-03 4.488400e-02
871 9.531600e-01 2.088000e-03 4.475200e-02
872 9.532240e-01 2.072000e-03 4.470400e-02
873 9.532840e-01 2.016000e-03 4.470000e-02
874 9.534560e-01 1.916000e-03 4.462800e-02
875 9.536480e-01 1.916000e-03 4.443600e-02
876 9.537160e-01 1.900000e-03 4.438400e-02
877 9.538120e-01 1.860000e-03 4.432800e-02
878 9.540280e-01 1.772000e-03 4.420000e-02
879 9.540160e-01 1.876000e-03 4.410800e-02
880 9.540040e-01 1.960000e-03 4.403600e-02
881 9.541640e-01 1.940000e-03 4.389600e-02
882 9.542640e-01 1.880000e-03 4.385600e-02
883 9.543120e-01 1.892000e-03 4.379600e-02
884 9.543600e-01 2.000000e-03 4.364000e-02
885 9.544080e-01 2.080000e-03 4.351200e-02
886 9.545440e-01 2.152000e-03 4.330400e-02
887 9.546880e-01 2.112000e-03 4.320000e-02
888 9.548400e-01 2.060000e-03 4.310000e-02
889 9.549480e-01 2.000000e-03 4.305200e-02
890 9.549600e-01 2.052000e-03 4.298800e-02
891 9.549800e-01 2.044000e-03 4.297600e-02
892 9.550240e-01 2.116000e-03 4.286000e-02
893 9.550640e-01 2.064000e-03 4.287200e-02
894 9.550920e-01 2.108000e-03 4.280000e-02
895 9.551520e-01 2.148000e-03 4.270000e-02
896 9.551280e-01 2.208000e-03 4.266400e-02
897 9.551600e-01 2.216000e-03 4.262400e-02
898 9.552120e-01 2.164000e-03 4.262400e-02
899 9.552960e-01 2.116000e-03 4.258800e-02
900 9.554400e-01 2.040000e-03 4.252000e-02
901 9.553560e-01 2.108000e-03 4.253600e-02
902 9.554240e-01 2.088000e-03 4.248800e-02
903 9.554640e-01 2.068000e-03 4.246800e-02
904 9.555840e-01 2.040000e-03 4.237600e-02
905 9.556520e-01 2.096000e-03 4.225200e-02
906 9.557840e-01 2.064000e-03 4.215200e-02
907 9.558800e-01 2.096000e-03 4.202400e-02
908 9.558760e-01 2.124000e-03 4.200000e-02
909 9.559800e-01 2.096000e-03 4.192400e-02
910 9.560440e-01 2.040000e-03 4.191600e-02
911 9.560680e-01 2.024000e-03 4.190800e-02
912 9.560960e-01 2.148000e-03 4.175600e-02
913 9.560000e-01 2.276000e-03 4.172400e-02
914 9.559960e-01 2.228000e-03 4.177600e-02
915 9.560000e-01 2.272000e-03 4.172800e-02
916 9.561320e-01 2.284000e-03 4.158400e-02
917 9.560840e-01 2.388000e-03 4.152800e-02
918 9.561760e-01 2.424000e-03 4.140000e-02
919 9.561240e-01 2.496000e-03 4.138000e-02
920 9.561840e-01 2.504000e-03 4.131200e-02
921 9.561520e-01 2.580000e-03 4.126800e-02
922 9.561280e-01 2.556000e-03 4.131600e-02
923 9.562240e-01 2.404000e-03 4.137200e-02
924 9.561880e-01 2.372000e-03 4.144000e-02
925 9.561400e-01 2.380000e-03 4.148000e-02
926 9.562200e-01 2.332000e-03 4.144800e-02
927 9.562240e-01 2.328000e-03 4.144800e-02
928 9.562280e-01 2.396000e-03 4.137600e-02
929 9.561880e-01 2.432000e-03 4.138000e-02
930 9.561200e-01 2.380000e-03 4.150000e-02
931 9.561880e-01 2.360000e-03 4.145200e-02
932 9.562160e-01 2.392000e-03 4.139200e-02
