1 9.992480e-01 6.880000e-04 6.400000e-05
2 9.987040e-01 1.088000e-03 2.080000e-04
3 9.980200e-01 1.564000e-03 4.160000e-04
4 9.972240e-01 2.116000e-03 6.600000e-04
5 9.962200e-01 2.660000e-03 1.120000e-03
6 9.952720e-01 3.140000e-03 1.588000e-03
7 9.942760e-01 3.552000e-03 2.172000e-03
8 9.933440e-01 3.856000e-03 2.800000e-03
9 9.922680e-01 4.252000e-03 3.480000e-03
10 9.912120e-01 4.524000e-03 4.264000e-03
11 9.903400e-01 4.692000e-03 4.968000e-03
12 9.890920e-01 5.068000e-03 5.840000e-03
13 9.880040e-01 5.364000e-03 6.632000e-03
14 9.868800e-01 5.496000e-03 7.624000e-03
15 9.858320e-01 5.700000e-03 8.468000e-03
16 9.846480e-01 5.884000e-03 9.468000e-03
17 9.831960e-01 6.304000e-03 1.050000e-02
18 9.819640e-01 6.496000e-03 1.154000e-02
19 9.808080e-01 6.596000e-03 1.259600e-02
20 9.794680e-01 6.900000e-03 1.363200e-02
21 9.781920e-01 7.132000e-03 1.467600e-02
22 9.769720e-01 7.292000e-03 1.573600e-02
23 9.757600e-01 7.408000e-03 1.683200e-02
24 9.744000e-01 7.612000e-03 1.798800e-02
25 9.729680e-01 7.856000e-03 1.917600e-02
26 9.717600e-01 7.992000e-03 2.024800e-02
27 9.703000e-01 8.172000e-03 2.152800e-02
28 9.689920e-01 8.240000e-03 2.276800e-02
29 9.676080e-01 8.392000e-03 2.400000e-02
30 9.664000e-01 8.464000e-03 2.513600e-02
31 9.649680e-01 8.688000e-03 2.634400e-02
32 9.637080e-01 8.680000e-03 2.761200e-02
33 9.623120e-01 8.852000e-03 2.883600e-02
34 9.611600e-01 8.816000e-03 3.002400e-02
35 9.599040e-01 8.924000e-03 3.117200e-02
36 9.585120e-01 9.080000e-03 3.240800e-02
37 9.571280e-01 9.308000e-03 3.356400e-02
38 9.558200e-01 9.404000e-03 3.477600e-02
39 9.545200e-01 9.512000e-03 3.596800e-02
40 9.528160e-01 9.916000e-03 3.726800e-02
41 9.512760e-01 1.023200e-02 3.849200e-02
42 9.500400e-01 1.014000e-02 3.982000e-02
43 9.488280e-01 1.002000e-02 4.115200e-02
44 9.476960e-01 9.940000e-03 4.236400e-02
45 9.464600e-01 9.888000e-03 4.365200e-02
46 9.451160e-01 9.984000e-03 4.490000e-02
47 9.437960e-01 1.000000e-02 4.620400e-02
48 9.427000e-01 9.908000e-03 4.739200e-02
49 9.417640e-01 9.680000e-03 4.855600e-02
50 9.407960e-01 9.560000e-03 4.964400e-02
51 9.395520e-01 9.736000e-03 5.071200e-02
52 9.385120e-01 9.504000e-03 5.198400e-02
53 9.372720e-01 9.672000e-03 5.305600e-02
54 9.361680e-01 9.612000e-03 5.422000e-02
55 9.351760e-01 9.564000e-03 5.526000e-02
56 9.340120e-01 9.660000e-03 5.632800e-02
57 9.330360e-01 9.688000e-03 5.727600e-02
58 9.319840e-01 9.620000e-03 5.839600e-02
59 9.308640e-01 9.708000e-03 5.942800e-02
60 9.299120e-01 9.732000e-03 6.035600e-02
61 9.289480e-01 9.704000e-03 6.134800e-02
62 9.277320e-01 9.896000e-03 6.237200e-02
63 9.266720e-01 9.788000e-03 6.354000e-02
64 9.255040e-01 9.804000e-03 6.469200e-02
65 9.245520e-01 9.804000e-03 6.564400e-02
66 9.237040e-01 9.712000e-03 6.658400e-02
67 9.227600e-01 9.780000e-03 6.746000e-02
68 9.217600e-01 9.932000e-03 6.830800e-02
69 9.205400e-01 1.016000e-02 6.930000e-02
70 9.193160e-01 1.043200e-02 7.025200e-02
71 9.182640e-01 1.050000e-02 7.123600e-02
72 9.170760e-01 1.048000e-02 7.244400e-02
73 9.160440e-01 1.041600e-02 7.354000e-02
74 9.150760e-01 1.038000e-02 7.454400e-02
75 9.140440e-01 1.041200e-02 7.554400e-02
76 9.131680e-01 1.031200e-02 7.652000e-02
77 9.123040e-01 1.048000e-02 7.721600e-02
78 9.112960e-01 1.054000e-02 7.816400e-02
79 9.103720e-01 1.038400e-02 7.924400e-02
80 9.094120e-01 1.033200e-02 8.025600e-02
81 9.083240e-01 1.036400e-02 8.131200e-02
82 9.074160e-01 1.038800e-02 8.219600e-02
83 9.063360e-01 1.062400e-02 8.304000e-02
84 9.053560e-01 1.066400e-02 8.398000e-02
85 9.044560e-01 1.054000e-02 8.500400e-02
86 9.034920e-01 1.065600e-02 8.585200e-02
87 9.026320e-01 1.077200e-02 8.659600e-02
88 9.015920e-01 1.085600e-02 8.755200e-02
89 9.006640e-01 1.098400e-02 8.835200e-02
90 8.999080e-01 1.085200e-02 8.924000e-02
91 8.989360e-01 1.094000e-02 9.012400e-02
92 8.978600e-01 1.105600e-02 9.108400e-02
93 8.966840e-01 1.131600e-02 9.200000e-02
94 8.958560e-01 1.112000e-02 9.302400e-02
95 8.949760e-01 1.110800e-02 9.391600e-02
96 8.940680e-01 1.104000e-02 9.489200e-02
97 8.931800e-01 1.109600e-02 9.572400e-02
98 8.923200e-01 1.114800e-02 9.653200e-02
99 8.911920e-01 1.132400e-02 9.748400e-02
100 8.898120e-01 1.168800e-02 9.850000e-02
101 8.888520e-01 1.176800e-02 9.938000e-02
102 8.879080e-01 1.176800e-02 1.003240e-01
103 8.870360e-01 1.160000e-02 1.013640e-01
104 8.860680e-01 1.157200e-02 1.023600e-01
105 8.849600e-01 1.169600e-02 1.033440e-01
106 8.838920e-01 1.174800e-02 1.043600e-01
107 8.830120e-01 1.184800e-02 1.051400e-01
108 8.820640e-01 1.182400e-02 1.061120e-01
109 8.813280e-01 1.183200e-02 1.068400e-01
110 8.801120e-01 1.199600e-02 1.078920e-01
111 8.790880e-01 1.210800e-02 1.088040e-01
112 8.782560e-01 1.194400e-02 1.098000e-01
113 8.773160e-01 1.215600e-02 1.105280e-01
114 8.763280e-01 1.231600e-02 1.113560e-01
115 8.753960e-01 1.229200e-02 1.123120e-01
116 8.742680e-01 1.247200e-02 1.132600e-01
117 8.734360e-01 1.233200e-02 1.142320e-01
118 8.724600e-01 1.232400e-02 1.152160e-01
119 8.716280e-01 1.232000e-02 1.160520e-01
120 8.706400e-01 1.262000e-02 1.167400e-01
121 8.695800e-01 1.278800e-02 1.176320e-01
122 8.686960e-01 1.297200e-02 1.183320e-01
123 8.676080e-01 1.307600e-02 1.193160e-01
124 8.665160e-01 1.307200e-02 1.204120e-01
125 8.654840e-01 1.310800e-02 1.214080e-01
126 8.646760e-01 1.291600e-02 1.224080e-01
127 8.639200e-01 1.281200e-02 1.232680e-01
128 8.630040e-01 1.258000e-02 1.244160e-01
129 8.623280e-01 1.236400e-02 1.253080e-01
130 8.615560e-01 1.233600e-02 1.261080e-01
131 8.608960e-01 1.210800e-02 1.269960e-01
132 8.602080e-01 1.209200e-02 1.277000e-01
133 8.593120e-01 1.215600e-02 1.285320e-01
134 8.584920e-01 1.224800e-02 1.292600e-01
135 8.576600e-01 1.219600e-02 1.301440e-01
136 8.570040e-01 1.200000e-02 1.309960e-01
137 8.564440e-01 1.198400e-02 1.315720e-01
138 8.558760e-01 1.202000e-02 1.321040e-01
139 8.551480e-01 1.175600e-02 1.330960e-01
140 8.546400e-01 1.170000e-02 1.336600e-01
141 8.541200e-01 1.162800e-02 1.342520e-01
142 8.534680e-01 1.170400e-02 1.348280e-01
143 8.529280e-01 1.165600e-02 1.354160e-01
144 8.523880e-01 1.164800e-02 1.359640e-01
145 8.517680e-01 1.141200e-02 1.368200e-01
146 8.514040e-01 1.138800e-02 1.372080e-01
147 8.506640e-01 1.150400e-02 1.378320e-01
148 8.498560e-01 1.175600e-02 1.383880e-01
149 8.492000e-01 1.172400e-02 1.390760e-01
150 8.485960e-01 1.190000e-02 1.395040e-01
151 8.481160e-01 1.185200e-02 1.400320e-01
152 8.474960e-01 1.183600e-02 1.406680e-01
153 8.469000e-01 1.192800e-02 1.411720e-01
154 8.463480e-01 1.190400e-02 1.417480e-01
155 8.459280e-01 1.176400e-02 1.423080e-01
156 8.452400e-01 1.178000e-02 1.429800e-01
157 8.449200e-01 1.174800e-02 1.433320e-01
158 8.443360e-01 1.174800e-02 1.439160e-01
159 8.437240e-01 1.172400e-02 1.445520e-01
160 8.430840e-01 1.181200e-02 1.451040e-01
161 8.422720e-01 1.202400e-02 1.457040e-01
162 8.415880e-01 1.225200e-02 1.461600e-01
163 8.408680e-01 1.232000e-02 1.468120e-01
164 8.402520e-01 1.238400e-02 1.473640e-01
165 8.398520e-01 1.239200e-02 1.477560e-01
166 8.392920e-01 1.230000e-02 1.484080e-01
167 8.387480e-01 1.216400e-02 1.490880e-01
168 8.381720e-01 1.220400e-02 1.496240e-01
169 8.377400e-01 1.210400e-02 1.501560e-01
170 8.374520e-01 1.184800e-02 1.507000e-01
171 8.368120e-01 1.196800e-02 1.512200e-01
172 8.364680e-01 1.191200e-02 1.516200e-01
173 8.360200e-01 1.179200e-02 1.521880e-01
174 8.355560e-01 1.186800e-02 1.525760e-01
175 8.351320e-01 1.190000e-02 1.529680e-01
176 8.347720e-01 1.184800e-02 1.533800e-01
177 8.345120e-01 1.180000e-02 1.536880e-01
178 8.341680e-01 1.187200e-02 1.539600e-01
179 8.337280e-01 1.192800e-02 1.543440e-01
180 8.334280e-01 1.189600e-02 1.546760e-01
181 8.331240e-01 1.184400e-02 1.550320e-01
182 8.325960e-01 1.194000e-02 1.554640e-01
183 8.321600e-01 1.184400e-02 1.559960e-01
184 8.318320e-01 1.173200e-02 1.564360e-01
185 8.313720e-01 1.169200e-02 1.569360e-01
186 8.309000e-01 1.181200e-02 1.572880e-01
187 8.305440e-01 1.165600e-02 1.578000e-01
188 8.301280e-01 1.162400e-02 1.582480e-01
189 8.298400e-01 1.148000e-02 1.586800e-01
190 8.297520e-01 1.158000e-02 1.586680e-01
191 8.295680e-01 1.154800e-02 1.588840e-01
192 8.293480e-01 1.145200e-02 1.592000e-01
193 8.289280e-01 1.145200e-02 1.596200e-01
194 8.286680e-01 1.149200e-02 1.598400e-01
195 8.285040e-01 1.136400e-02 1.601320e-01
196 8.281080e-01 1.151600e-02 1.603760e-01
197 8.280760e-01 1.131200e-02 1.606120e-01
198 8.277880e-01 1.116800e-02 1.610440e-01
199 8.275960e-01 1.110400e-02 1.613000e-01
200 8.275200e-01 1.098400e-02 1.614960e-01
201 8.273920e-01 1.086400e-02 1.617440e-01
202 8.272240e-01 1.080400e-02 1.619720e-01
203 8.272160e-01 1.063600e-02 1.621480e-01
204 8.271120e-01 1.060400e-02 1.622840e-01
205 8.269080e-01 1.054000e-02 1.625520e-01
206 8.268480e-01 1.047200e-02 1.626800e-01
207 8.266440e-01 1.038800e-02 1.629680e-01
208 8.266840e-01 1.018400e-02 1.631320e-01
209 8.267160e-01 1.008400e-02 1.632000e-01
210 8.266040e-01 1.004000e-02 1.633560e-01
211 8.264680e-01 1.008800e-02 1.634440e-01
212 8.264040e-01 1.000800e-02 1.635880e-01
213 8.263280e-01 1.016000e-02 1.635120e-01
214 8.261720e-01 9.964000e-03 1.638640e-01
215 8.260000e-01 1.028800e-02 1.637120e-01
216 8.256320e-01 1.053200e-02 1.638360e-01
217 8.254560e-01 1.030800e-02 1.642360e-01
218 8.252320e-01 1.045600e-02 1.643120e-01
219 8.250960e-01 1.064400e-02 1.642600e-01
220 8.248880e-01 1.070800e-02 1.644040e-01
221 8.247240e-01 1.067200e-02 1.646040e-01
222 8.245080e-01 1.079200e-02 1.647000e-01
223 8.243240e-01 1.095200e-02 1.647240e-01
224 8.242720e-01 1.084800e-02 1.648800e-01
225 8.242360e-01 1.080800e-02 1.649560e-01
226 8.242520e-01 1.072400e-02 1.650240e-01
227 8.240480e-01 1.100400e-02 1.649480e-01
228 8.238800e-01 1.090800e-02 1.652120e-01
229 8.238800e-01 1.088000e-02 1.652400e-01
230 8.236360e-01 1.091200e-02 1.654520e-01
231 8.233920e-01 1.085600e-02 1.657520e-01
232 8.232920e-01 1.079600e-02 1.659120e-01
233 8.232160e-01 1.077200e-02 1.660120e-01
234 8.229440e-01 1.079600e-02 1.662600e-01
235 8.227680e-01 1.079200e-02 1.664400e-01
236 8.226600e-01 1.078400e-02 1.665560e-01
237 8.222960e-01 1.101600e-02 1.666880e-01
238 8.219600e-01 1.121600e-02 1.668240e-01
239 8.218240e-01 1.116800e-02 1.670080e-01
240 8.215080e-01 1.125200e-02 1.672400e-01
241 8.213360e-01 1.102800e-02 1.676360e-01
242 8.213840e-01 1.083200e-02 1.677840e-01
243 8.214280e-01 1.064000e-02 1.679320e-01
244 8.215360e-01 1.047600e-02 1.679880e-01
245 8.214360e-01 1.046800e-02 1.680960e-01
246 8.215120e-01 1.024000e-02 1.682480e-01
247 8.215600e-01 1.009600e-02 1.683440e-01
248 8.216760e-01 1.020800e-02 1.681160e-01
249 8.214560e-01 1.022000e-02 1.683240e-01
250 8.213120e-01 1.026400e-02 1.684240e-01
251 8.212880e-01 1.040000e-02 1.683120e-01
252 8.212400e-01 1.041600e-02 1.683440e-01
253 8.212680e-01 1.020800e-02 1.685240e-01
254 8.213600e-01 1.007200e-02 1.685680e-01
255 8.213720e-01 9.876000e-03 1.687520e-01
256 8.216200e-01 9.556000e-03 1.688240e-01
257 8.215840e-01 9.588000e-03 1.688280e-01
258 8.216400e-01 9.500000e-03 1.688600e-01
259 8.218640e-01 9.348000e-03 1.687880e-01
260 8.220440e-01 9.228000e-03 1.687280e-01
261 8.220920e-01 9.196000e-03 1.687120e-01
262 8.221600e-01 9.252000e-03 1.685880e-01
263 8.221880e-01 9.192000e-03 1.686200e-01
264 8.223000e-01 9.288000e-03 1.684120e-01
265 8.225200e-01 9.120000e-03 1.683600e-01
266 8.226520e-01 9.188000e-03 1.681600e-01
267 8.226760e-01 9.204000e-03 1.681200e-01
268 8.227280e-01 9.216000e-03 1.680560e-01
269 8.227720e-01 9.188000e-03 1.680400e-01
270 8.228200e-01 9.128000e-03 1.680520e-01
271 8.231000e-01 9.044000e-03 1.678560e-01
272 8.231400e-01 9.020000e-03 1.678400e-01
273 8.233080e-01 8.916000e-03 1.677760e-01
274 8.233160e-01 8.900000e-03 1.677840e-01
275 8.234280e-01 8.884000e-03 1.676880e-01
276 8.236840e-01 8.764000e-03 1.675520e-01
277 8.240120e-01 8.516000e-03 1.674720e-01
278 8.241200e-01 8.436000e-03 1.674440e-01
279 8.243400e-01 8.300000e-03 1.673600e-01
280 8.245600e-01 8.260000e-03 1.671800e-01
281 8.248080e-01 8.196000e-03 1.669960e-01
282 8.249480e-01 8.196000e-03 1.668560e-01
283 8.251120e-01 8.296000e-03 1.665920e-01
284 8.255800e-01 8.152000e-03 1.662680e-01
285 8.256840e-01 8.312000e-03 1.660040e-01
286 8.258480e-01 8.384000e-03 1.657680e-01
287 8.262120e-01 8.312000e-03 1.654760e-01
288 8.264320e-01 8.228000e-03 1.653400e-01
289 8.265920e-01 8.264000e-03 1.651440e-01
290 8.268480e-01 8.208000e-03 1.649440e-01
291 8.270040e-01 8.316000e-03 1.646800e-01
292 8.273760e-01 8.236000e-03 1.643880e-01
293 8.276880e-01 8.172000e-03 1.641400e-01
294 8.279000e-01 7.884000e-03 1.642160e-01
295 8.283000e-01 7.768000e-03 1.639320e-01
296 8.285680e-01 7.664000e-03 1.637680e-01
297 8.290120e-01 7.576000e-03 1.634120e-01
298 8.294360e-01 7.496000e-03 1.630680e-01
299 8.299120e-01 7.344000e-03 1.627440e-01
300 8.302920e-01 7.240000e-03 1.624680e-01
301 8.307480e-01 7.240000e-03 1.620120e-01
302 8.311560e-01 7.292000e-03 1.615520e-01
303 8.315400e-01 7.312000e-03 1.611480e-01
304 8.319040e-01 7.272000e-03 1.608240e-01
305 8.321920e-01 7.224000e-03 1.605840e-01
306 8.325640e-01 7.140000e-03 1.602960e-01
307 8.329920e-01 6.996000e-03 1.600120e-01
308 8.335480e-01 6.892000e-03 1.595600e-01
309 8.339240e-01 6.920000e-03 1.591560e-01
310 8.342120e-01 6.988000e-03 1.588000e-01
311 8.346720e-01 6.904000e-03 1.584240e-01
312 8.350200e-01 6.848000e-03 1.581320e-01
313 8.354160e-01 6.812000e-03 1.577720e-01
314 8.357840e-01 6.668000e-03 1.575480e-01
315 8.362880e-01 6.504000e-03 1.572080e-01
316 8.366920e-01 6.524000e-03 1.567840e-01
317 8.371160e-01 6.452000e-03 1.564320e-01
318 8.376560e-01 6.356000e-03 1.559880e-01
319 8.380680e-01 6.340000e-03 1.555920e-01
320 8.385280e-01 6.272000e-03 1.552000e-01
321 8.389840e-01 6.248000e-03 1.547680e-01
322 8.394480e-01 6.096000e-03 1.544560e-01
323 8.399200e-01 6.040000e-03 1.540400e-01
324 8.403680e-01 5.976000e-03 1.536560e-01
325 8.406960e-01 6.140000e-03 1.531640e-01
326 8.411960e-01 6.004000e-03 1.528000e-01
327 8.414880e-01 6.132000e-03 1.523800e-01
328 8.418720e-01 6.140000e-03 1.519880e-01
329 8.423160e-01 6.176000e-03 1.515080e-01
330 8.426560e-01 6.276000e-03 1.510680e-01
331 8.431000e-01 6.156000e-03 1.507440e-01
332 8.433920e-01 6.008000e-03 1.506000e-01
333 8.438560e-01 6.000000e-03 1.501440e-01
334 8.442720e-01 5.992000e-03 1.497360e-01
335 8.445280e-01 6.064000e-03 1.494080e-01
336 8.449200e-01 6.024000e-03 1.490560e-01
337 8.451920e-01 6.084000e-03 1.487240e-01
338 8.455720e-01 6.116000e-03 1.483120e-01
339 8.459640e-01 6.072000e-03 1.479640e-01
340 8.464640e-01 6.080000e-03 1.474560e-01
341 8.467080e-01 6.232000e-03 1.470600e-01
342 8.472240e-01 6.072000e-03 1.467040e-01
343 8.475360e-01 6.100000e-03 1.463640e-01
344 8.478520e-01 6.152000e-03 1.459960e-01
345 8.481480e-01 6.132000e-03 1.457200e-01
346 8.484200e-01 6.188000e-03 1.453920e-01
347 8.486800e-01 6.228000e-03 1.450920e-01
348 8.489920e-01 6.224000e-03 1.447840e-01
349 8.492680e-01 6.292000e-03 1.444400e-01
350 8.496640e-01 6.228000e-03 1.441080e-01
351 8.501200e-01 6.300000e-03 1.435800e-01
352 8.505240e-01 6.400000e-03 1.430760e-01
353 8.507840e-01 6.428000e-03 1.427880e-01
354 8.512040e-01 6.380000e-03 1.424160e-01
355 8.514920e-01 6.160000e-03 1.423480e-01
356 8.518840e-01 6.112000e-03 1.420040e-01
357 8.522240e-01 5.952000e-03 1.418240e-01
358 8.527360e-01 5.848000e-03 1.414160e-01
359 8.531880e-01 5.872000e-03 1.409400e-01
360 8.536160e-01 5.872000e-03 1.405120e-01
361 8.538480e-01 5.880000e-03 1.402720e-01
362 8.542760e-01 5.936000e-03 1.397880e-01
363 8.545320e-01 5.832000e-03 1.396360e-01
364 8.549760e-01 5.704000e-03 1.393200e-01
365 8.553400e-01 5.740000e-03 1.389200e-01
366 8.555760e-01 5.800000e-03 1.386240e-01
367 8.557800e-01 5.972000e-03 1.382480e-01
368 8.561240e-01 5.900000e-03 1.379760e-01
369 8.566240e-01 5.740000e-03 1.376360e-01
370 8.569000e-01 5.892000e-03 1.372080e-01
371 8.571280e-01 5.924000e-03 1.369480e-01
372 8.575120e-01 5.840000e-03 1.366480e-01
373 8.579960e-01 5.724000e-03 1.362800e-01
374 8.583240e-01 5.664000e-03 1.360120e-01
375 8.587040e-01 5.568000e-03 1.357280e-01
376 8.591280e-01 5.416000e-03 1.354560e-01
377 8.595280e-01 5.216000e-03 1.352560e-01
378 8.600600e-01 5.188000e-03 1.347520e-01
379 8.606960e-01 5.060000e-03 1.342440e-01
380 8.612840e-01 4.868000e-03 1.338480e-01
381 8.616120e-01 4.852000e-03 1.335360e-01
382 8.619280e-01 4.984000e-03 1.330880e-01
383 8.624440e-01 4.956000e-03 1.326000e-01
384 8.628200e-01 5.000000e-03 1.321800e-01
385 8.630800e-01 5.060000e-03 1.318600e-01
386 8.636480e-01 4.872000e-03 1.314800e-01
387 8.640240e-01 4.800000e-03 1.311760e-01
388 8.644000e-01 4.788000e-03 1.308120e-01
389 8.648640e-01 4.796000e-03 1.303400e-01
390 8.652240e-01 4.832000e-03 1.299440e-01
391 8.656240e-01 4.784000e-03 1.295920e-01
392 8.659320e-01 4.808000e-03 1.292600e-01
393 8.663080e-01 4.708000e-03 1.289840e-01
394 8.667760e-01 4.628000e-03 1.285960e-01
395 8.672880e-01 4.556000e-03 1.281560e-01
396 8.676480e-01 4.680000e-03 1.276720e-01
397 8.680320e-01 4.736000e-03 1.272320e-01
398 8.684080e-01 4.724000e-03 1.268680e-01
399 8.689480e-01 4.612000e-03 1.264400e-01
400 8.694720e-01 4.540000e-03 1.259880e-01
401 8.698840e-01 4.504000e-03 1.256120e-01
402 8.703080e-01 4.480000e-03 1.252120e-01
403 8.707520e-01 4.532000e-03 1.247160e-01
404 8.713280e-01 4.500000e-03 1.241720e-01
405 8.715800e-01 4.584000e-03 1.238360e-01
406 8.718880e-01 4.548000e-03 1.235640e-01
407 8.722920e-01 4.468000e-03 1.232400e-01
408 8.725480e-01 4.436000e-03 1.230160e-01
409 8.730160e-01 4.488000e-03 1.224960e-01
410 8.734160e-01 4.440000e-03 1.221440e-01
411 8.738400e-01 4.492000e-03 1.216680e-01
412 8.742760e-01 4.500000e-03 1.212240e-01
413 8.746720e-01 4.464000e-03 1.208640e-01
414 8.751320e-01 4.456000e-03 1.204120e-01
415 8.753880e-01 4.560000e-03 1.200520e-01
416 8.757080e-01 4.648000e-03 1.196440e-01
417 8.760040e-01 4.608000e-03 1.193880e-01
418 8.764120e-01 4.552000e-03 1.190360e-01
419 8.767680e-01 4.536000e-03 1.186960e-01
420 8.771400e-01 4.456000e-03 1.184040e-01
421 8.777080e-01 4.480000e-03 1.178120e-01
422 8.781640e-01 4.444000e-03 1.173920e-01
423 8.785200e-01 4.412000e-03 1.170680e-01
424 8.789520e-01 4.448000e-03 1.166000e-01
425 8.793520e-01 4.440000e-03 1.162080e-01
426 8.798360e-01 4.312000e-03 1.158520e-01
427 8.803960e-01 4.224000e-03 1.153800e-01
428 8.808440e-01 4.104000e-03 1.150520e-01
429 8.812720e-01 4.048000e-03 1.146800e-01
430 8.816360e-01 4.060000e-03 1.143040e-01
431 8.820400e-01 3.992000e-03 1.139680e-01
432 8.823640e-01 3.948000e-03 1.136880e-01
433 8.828560e-01 3.908000e-03 1.132360e-01
434 8.830920e-01 4.032000e-03 1.128760e-01
435 8.834760e-01 3.976000e-03 1.125480e-01
436 8.838280e-01 4.060000e-03 1.121120e-01
437 8.841440e-01 4.040000e-03 1.118160e-01
438 8.846360e-01 4.000000e-03 1.113640e-01
439 8.850400e-01 4.080000e-03 1.108800e-01
440 8.854320e-01 3.932000e-03 1.106360e-01
441 8.858040e-01 3.868000e-03 1.103280e-01
442 8.862320e-01 3.836000e-03 1.099320e-01
443 8.866160e-01 3.868000e-03 1.095160e-01
444 8.870480e-01 3.736000e-03 1.092160e-01
445 8.874200e-01 3.808000e-03 1.087720e-01
446 8.877800e-01 3.780000e-03 1.084400e-01
447 8.880920e-01 3.908000e-03 1.080000e-01
448 8.885040e-01 3.804000e-03 1.076920e-01
449 8.889560e-01 3.816000e-03 1.072280e-01
450 8.893600e-01 3.800000e-03 1.068400e-01
451 8.897480e-01 3.884000e-03 1.063680e-01
452 8.900360e-01 3.972000e-03 1.059920e-01
453 8.904120e-01 3.928000e-03 1.056600e-01
454 8.907080e-01 3.944000e-03 1.053480e-01
455 8.909640e-01 4.108000e-03 1.049280e-01
456 8.913040e-01 4.088000e-03 1.046080e-01
457 8.915720e-01 4.172000e-03 1.042560e-01
458 8.919840e-01 4.100000e-03 1.039160e-01
459 8.924120e-01 4.108000e-03 1.034800e-01
460 8.927080e-01 4.064000e-03 1.032280e-01
461 8.931280e-01 3.956000e-03 1.029160e-01
462 8.935760e-01 3.924000e-03 1.025000e-01
463 8.939800e-01 3.864000e-03 1.021560e-01
464 8.943200e-01 3.848000e-03 1.018320e-01
465 8.948080e-01 3.640000e-03 1.015520e-01
466 8.951400e-01 3.708000e-03 1.011520e-01
467 8.955560e-01 3.700000e-03 1.007440e-01
468 8.959520e-01 3.720000e-03 1.003280e-01
469 8.963880e-01 3.632000e-03 9.998000e-02
470 8.967760e-01 3.552000e-03 9.967200e-02
471 8.971920e-01 3.572000e-03 9.923600e-02
472 8.974080e-01 3.600000e-03 9.899200e-02
473 8.976640e-01 3.692000e-03 9.864400e-02
474 8.979320e-01 3.632000e-03 9.843600e-02
475 8.982200e-01 3.668000e-03 9.811200e-02
476 8.984560e-01 3.796000e-03 9.774800e-02
477 8.987400e-01 3.836000e-03 9.742400e-02
478 8.989040e-01 3.872000e-03 9.722400e-02
479 8.992120e-01 3.900000e-03 9.688800e-02
480 8.995320e-01 3.772000e-03 9.669600e-02
481 8.997640e-01 3.864000e-03 9.637200e-02
482 9.000680e-01 3.844000e-03 9.608800e-02
483 9.003640e-01 3.852000e-03 9.578400e-02
484 9.006040e-01 3.876000e-03 9.552000e-02
485 9.008680e-01 3.772000e-03 9.536000e-02
486 9.012160e-01 3.740000e-03 9.504400e-02
487 9.014680e-01 3.732000e-03 9.480000e-02
488 9.018040e-01 3.712000e-03 9.448400e-02
489 9.019440e-01 3.816000e-03 9.424000e-02
490 9.023560e-01 3.776000e-03 9.386800e-02
491 9.024600e-01 3.924000e-03 9.361600e-02
492 9.026920e-01 3.928000e-03 9.338000e-02
493 9.029200e-01 3.936000e-03 9.314400e-02
494 9.031360e-01 3.972000e-03 9.289200e-02
495 9.033040e-01 4.076000e-03 9.262000e-02
496 9.035120e-01 4.104000e-03 9.238400e-02
497 9.036920e-01 4.116000e-03 9.219200e-02
498 9.037800e-01 4.120000e-03 9.210000e-02
499 9.040360e-01 4.056000e-03 9.190800e-02
500 9.043800e-01 3.952000e-03 9.166800e-02
501 9.046160e-01 3.928000e-03 9.145600e-02
502 9.048960e-01 3.888000e-03 9.121600e-02
503 9.052280e-01 3.884000e-03 9.088800e-02
504 9.053960e-01 3.900000e-03 9.070400e-02
505 9.057120e-01 3.884000e-03 9.040400e-02
506 9.058680e-01 3.784000e-03 9.034800e-02
507 9.061080e-01 3.752000e-03 9.014000e-02
508 9.063240e-01 3.836000e-03 8.984000e-02
509 9.066960e-01 3.712000e-03 8.959200e-02
510 9.068560e-01 3.684000e-03 8.946000e-02
511 9.069040e-01 3.828000e-03 8.926800e-02
512 9.072160e-01 3.940000e-03 8.884400e-02
513 9.073600e-01 4.004000e-03 8.863600e-02
514 9.076560e-01 3.980000e-03 8.836400e-02
515 9.078080e-01 4.092000e-03 8.810000e-02
516 9.080280e-01 3.972000e-03 8.800000e-02
517 9.082920e-01 3.900000e-03 8.780800e-02
518 9.085400e-01 3.880000e-03 8.758000e-02
519 9.086160e-01 3.856000e-03 8.752800e-02
520 9.087800e-01 3.808000e-03 8.741200e-02
521 9.089600e-01 3.788000e-03 8.725200e-02
522 9.090560e-01 3.880000e-03 8.706400e-02
523 9.093240e-01 3.800000e-03 8.687600e-02
524 9.093800e-01 3.904000e-03 8.671600e-02
525 9.094800e-01 3.964000e-03 8.655600e-02
526 9.097240e-01 4.064000e-03 8.621200e-02
527 9.098440e-01 4.128000e-03 8.602800e-02
528 9.098720e-01 4.208000e-03 8.592000e-02
529 9.099400e-01 4.280000e-03 8.578000e-02
530 9.101280e-01 4.244000e-03 8.562800e-02
531 9.102280e-01 4.172000e-03 8.560000e-02
532 9.104360e-01 4.244000e-03 8.532000e-02
533 9.104480e-01 4.312000e-03 8.524000e-02
534 9.105520e-01 4.260000e-03 8.518800e-02
535 9.106760e-01 4.336000e-03 8.498800e-02
536 9.107240e-01 4.304000e-03 8.497200e-02
537 9.107960e-01 4.268000e-03 8.493600e-02
538 9.109400e-01 4.252000e-03 8.480800e-02
539 9.111400e-01 4.116000e-03 8.474400e-02
540 9.112400e-01 4.112000e-03 8.464800e-02
541 9.113040e-01 4.188000e-03 8.450800e-02
542 9.113960e-01 4.200000e-03 8.440400e-02
543 9.114520e-01 4.256000e-03 8.429200e-02
544 9.115880e-01 4.240000e-03 8.417200e-02
545 9.117240e-01 4.164000e-03 8.411200e-02
546 9.118960e-01 4.180000e-03 8.392400e-02
547 9.119880e-01 4.212000e-03 8.380000e-02
548 9.120800e-01 4.272000e-03 8.364800e-02
549 9.122400e-01 4.176000e-03 8.358400e-02
550 9.123760e-01 4.100000e-03 8.352400e-02
551 9.124760e-01 4.112000e-03 8.341200e-02
552 9.125680e-01 4.120000e-03 8.331200e-02
553 9.126480e-01 4.132000e-03 8.322000e-02
554 9.127320e-01 4.096000e-03 8.317200e-02
555 9.128240e-01 4.168000e-03 8.300800e-02
556 9.130760e-01 4.160000e-03 8.276400e-02
557 9.131680e-01 4.180000e-03 8.265200e-02
558 9.135560e-01 4.056000e-03 8.238800e-02
559 9.137760e-01 3.796000e-03 8.242800e-02
560 9.140800e-01 3.724000e-03 8.219600e-02
561 9.142200e-01 3.640000e-03 8.214000e-02
562 9.145200e-01 3.560000e-03 8.192000e-02
563 9.148200e-01 3.452000e-03 8.172800e-02
564 9.151080e-01 3.452000e-03 8.144000e-02
565 9.152560e-01 3.580000e-03 8.116400e-02
566 9.153920e-01 3.580000e-03 8.102800e-02
567 9.156200e-01 3.456000e-03 8.092400e-02
568 9.160080e-01 3.408000e-03 8.058400e-02
569 9.162120e-01 3.324000e-03 8.046400e-02
570 9.163520e-01 3.308000e-03 8.034000e-02
571 9.166480e-01 3.264000e-03 8.008800e-02
572 9.169040e-01 3.176000e-03 7.992000e-02
573 9.171320e-01 3.192000e-03 7.967600e-02
574 9.173680e-01 3.184000e-03 7.944800e-02
575 9.175560e-01 3.104000e-03 7.934000e-02
576 9.177080e-01 3.096000e-03 7.919600e-02
577 9.179760e-01 2.920000e-03 7.910400e-02
578 9.182920e-01 2.884000e-03 7.882400e-02
579 9.185520e-01 2.908000e-03 7.854000e-02
580 9.189160e-01 2.828000e-03 7.825600e-02
581 9.194000e-01 2.728000e-03 7.787200e-02
582 9.197040e-01 2.780000e-03 7.751600e-02
583 9.200360e-01 2.736000e-03 7.722800e-02
584 9.203720e-01 2.648000e-03 7.698000e-02
585 9.207000e-01 2.508000e-03 7.679200e-02
586 9.211120e-01 2.452000e-03 7.643600e-02
587 9.213360e-01 2.412000e-03 7.625200e-02
588 9.216680e-01 2.380000e-03 7.595200e-02
589 9.220880e-01 2.348000e-03 7.556400e-02
590 9.225400e-01 2.252000e-03 7.520800e-02
591 9.228080e-01 2.232000e-03 7.496000e-02
592 9.232720e-01 2.172000e-03 7.455600e-02
593 9.235920e-01 2.180000e-03 7.422800e-02
594 9.239240e-01 2.164000e-03 7.391200e-02
595 9.242200e-01 2.120000e-03 7.366000e-02
596 9.245840e-01 2.024000e-03 7.339200e-02
597 9.248920e-01 2.092000e-03 7.301600e-02
598 9.252600e-01 2.080000e-03 7.266000e-02
599 9.255480e-01 2.100000e-03 7.235200e-02
600 9.259480e-01 2.056000e-03 7.199600e-02
601 9.261760e-01 2.024000e-03 7.180000e-02
602 9.265360e-01 1.948000e-03 7.151600e-02
603 9.269440e-01 1.804000e-03 7.125200e-02
604 9.272760e-01 1.848000e-03 7.087600e-02
605 9.277160e-01 1.772000e-03 7.051200e-02
606 9.279760e-01 1.800000e-03 7.022400e-02
607 9.284320e-01 1.824000e-03 6.974400e-02
608 9.287480e-01 1.780000e-03 6.947200e-02
609 9.291000e-01 1.756000e-03 6.914400e-02
610 9.296320e-01 1.636000e-03 6.873200e-02
611 9.300200e-01 1.672000e-03 6.830800e-02
612 9.303200e-01 1.644000e-03 6.803600e-02
613 9.306960e-01 1.704000e-03 6.760000e-02
614 9.309240e-01 1.748000e-03 6.732800e-02
615 9.312440e-01 1.756000e-03 6.700000e-02
616 9.315560e-01 1.820000e-03 6.662400e-02
617 9.318560e-01 1.836000e-03 6.630800e-02
618 9.322080e-01 1.780000e-03 6.601200e-02
619 9.325760e-01 1.724000e-03 6.570000e-02
620 9.328480e-01 1.768000e-03 6.538400e-02
621 9.332360e-01 1.712000e-03 6.505200e-02
622 9.336840e-01 1.620000e-03 6.469600e-02
623 9.340520e-01 1.616000e-03 6.433200e-02
624 9.343880e-01 1.596000e-03 6.401600e-02
625 9.347320e-01 1.600000e-03 6.366800e-02
626 9.350400e-01 1.648000e-03 6.331200e-02
627 9.354440e-01 1.612000e-03 6.294400e-02
628 9.358400e-01 1.512000e-03 6.264800e-02
629 9.362080e-01 1.480000e-03 6.231200e-02
630 9.365880e-01 1.468000e-03 6.194400e-02
631 9.370440e-01 1.392000e-03 6.156400e-02
632 9.374640e-01 1.392000e-03 6.114400e-02
633 9.378360e-01 1.324000e-03 6.084000e-02
634 9.382600e-01 1.228000e-03 6.051200e-02
635 9.386280e-01 1.232000e-03 6.014000e-02
636 9.389560e-01 1.312000e-03 5.973200e-02
637 9.392840e-01 1.288000e-03 5.942800e-02
638 9.395680e-01 1.292000e-03 5.914000e-02
639 9.399680e-01 1.228000e-03 5.880400e-02
640 9.403120e-01 1.184000e-03 5.850400e-02
641 9.406920e-01 1.240000e-03 5.806800e-02
642 9.410280e-01 1.236000e-03 5.773600e-02
643 9.413760e-01 1.180000e-03 5.744400e-02
644 9.416640e-01 1.256000e-03 5.708000e-02
645 9.420360e-01 1.204000e-03 5.676000e-02
646 9.423640e-01 1.208000e-03 5.642800e-02
647 9.426760e-01 1.224000e-03 5.610000e-02
648 9.429080e-01 1.284000e-03 5.580800e-02
649 9.433040e-01 1.260000e-03 5.543600e-02
650 9.435760e-01 1.232000e-03 5.519200e-02
651 9.439920e-01 1.284000e-03 5.472400e-02
652 9.443400e-01 1.284000e-03 5.437600e-02
653 9.446160e-01 1.324000e-03 5.406000e-02
654 9.448920e-01 1.272000e-03 5.383600e-02
655 9.451360e-01 1.228000e-03 5.363600e-02
656 9.454200e-01 1.236000e-03 5.334400e-02
657 9.457760e-01 1.168000e-03 5.305600e-02
658 9.460560e-01 1.228000e-03 5.271600e-02
659 9.462800e-01 1.264000e-03 5.245600e-02
660 9.467480e-01 1.236000e-03 5.201600e-02
661 9.469720e-01 1.264000e-03 5.176400e-02
662 9.472480e-01 1.304000e-03 5.144800e-02
663 9.475520e-01 1.256000e-03 5.119200e-02
664 9.477160e-01 1.296000e-03 5.098800e-02
665 9.479440e-01 1.352000e-03 5.070400e-02
666 9.482880e-01 1.284000e-03 5.042800e-02
667 9.485120e-01 1.312000e-03 5.017600e-02
668 9.487600e-01 1.288000e-03 4.995200e-02
669 9.490680e-01 1.300000e-03 4.963200e-02
670 9.493680e-01 1.288000e-03 4.934400e-02
671 9.496320e-01 1.352000e-03 4.901600e-02
672 9.499400e-01 1.332000e-03 4.872800e-02
673 9.501560e-01 1.316000e-03 4.852800e-02
674 9.504400e-01 1.328000e-03 4.823200e-02
675 9.506160e-01 1.280000e-03 4.810400e-02
676 9.508400e-01 1.296000e-03 4.786400e-02
677 9.512000e-01 1.264000e-03 4.753600e-02
678 9.515480e-01 1.196000e-03 4.725600e-02
679 9.516920e-01 1.236000e-03 4.707200e-02
680 9.519160e-01 1.248000e-03 4.683600e-02
681 9.522240e-01 1.200000e-03 4.657600e-02
682 9.525600e-01 1.172000e-03 4.626800e-02
683 9.528280e-01 1.160000e-03 4.601200e-02
684 9.530760e-01 1.148000e-03 4.577600e-02
685 9.533000e-01 1.160000e-03 4.554000e-02
686 9.535320e-01 1.112000e-03 4.535600e-02
687 9.537800e-01 1.080000e-03 4.514000e-02
688 9.540160e-01 1.092000e-03 4.489200e-02
689 9.542560e-01 1.140000e-03 4.460400e-02
690 9.545160e-01 1.088000e-03 4.439600e-02
691 9.547440e-01 1.064000e-03 4.419200e-02
692 9.549960e-01 1.116000e-03 4.388800e-02
693 9.553000e-01 1.112000e-03 4.358800e-02
694 9.555400e-01 1.096000e-03 4.336400e-02
695 9.557640e-01 1.120000e-03 4.311600e-02
696 9.558640e-01 1.164000e-03 4.297200e-02
697 9.560600e-01 1.132000e-03 4.280800e-02
698 9.563120e-01 1.164000e-03 4.252400e-02
699 9.564880e-01 1.168000e-03 4.234400e-02
700 9.567440e-01 1.132000e-03 4.212400e-02
701 9.570480e-01 1.104000e-03 4.184800e-02
702 9.573160e-01 1.088000e-03 4.159600e-02
703 9.576280e-01 1.100000e-03 4.127200e-02
704 9.578600e-01 1.056000e-03 4.108400e-02
705 9.581320e-01 1.020000e-03 4.084800e-02
706 9.584000e-01 1.020000e-03 4.058000e-02
707 9.586680e-01 1.016000e-03 4.031600e-02
708 9.588520e-01 1.016000e-03 4.013200e-02
709 9.591120e-01 9.240000e-04 3.996400e-02
710 9.593760e-01 9.160000e-04 3.970800e-02
711 9.597320e-01 8.880000e-04 3.938000e-02
712 9.599840e-01 8.480000e-04 3.916800e-02
713 9.601120e-01 9.080000e-04 3.898000e-02
714 9.602160e-01 9.400000e-04 3.884400e-02
715 9.604760e-01 9.200000e-04 3.860400e-02
716 9.606720e-01 9.200000e-04 3.840800e-02
717 9.608240e-01 9.640000e-04 3.821200e-02
718 9.610840e-01 9.600000e-04 3.795600e-02
719 9.612840e-01 9.320000e-04 3.778400e-02
720 9.614840e-01 9.240000e-04 3.759200e-02
721 9.616760e-01 9.520000e-04 3.737200e-02
722 9.619360e-01 9.040000e-04 3.716000e-02
723 9.620200e-01 9.520000e-04 3.702800e-02
724 9.622320e-01 9.680000e-04 3.680000e-02
725 9.624800e-01 9.400000e-04 3.658000e-02
726 9.626520e-01 9.600000e-04 3.638800e-02
727 9.628360e-01 8.960000e-04 3.626800e-02
728 9.629840e-01 9.040000e-04 3.611200e-02
729 9.632360e-01 8.720000e-04 3.589200e-02
730 9.634680e-01 8.680000e-04 3.566400e-02
731 9.636440e-01 8.560000e-04 3.550000e-02
732 9.637920e-01 8.680000e-04 3.534000e-02
733 9.640200e-01 8.440000e-04 3.513600e-02
734 9.642760e-01 7.640000e-04 3.496000e-02
735 9.645160e-01 7.720000e-04 3.471200e-02
736 9.647560e-01 7.680000e-04 3.447600e-02
737 9.648920e-01 7.840000e-04 3.432400e-02
738 9.650400e-01 8.840000e-04 3.407600e-02
739 9.652080e-01 9.200000e-04 3.387200e-02
740 9.653880e-01 9.800000e-04 3.363200e-02
741 9.655680e-01 9.720000e-04 3.346000e-02
742 9.657720e-01 9.360000e-04 3.329200e-02
743 9.659480e-01 9.120000e-04 3.314000e-02
744 9.661320e-01 9.120000e-04 3.295600e-02
745 9.663240e-01 9.040000e-04 3.277200e-02
746 9.664920e-01 8.680000e-04 3.264000e-02
747 9.666400e-01 8.640000e-04 3.249600e-02
748 9.667720e-01 9.120000e-04 3.231600e-02
749 9.669560e-01 8.800000e-04 3.216400e-02
750 9.670480e-01 9.760000e-04 3.197600e-02
751 9.671400e-01 9.880000e-04 3.187200e-02
752 9.672360e-01 1.020000e-03 3.174400e-02
753 9.673840e-01 9.800000e-04 3.163600e-02
754 9.675320e-01 9.920000e-04 3.147600e-02
755 9.675960e-01 1.092000e-03 3.131200e-02
756 9.677440e-01 1.100000e-03 3.115600e-02
757 9.678760e-01 1.092000e-03 3.103200e-02
758 9.679000e-01 1.112000e-03 3.098800e-02
759 9.680760e-01 1.140000e-03 3.078400e-02
760 9.681720e-01 1.164000e-03 3.066400e-02
761 9.681920e-01 1.192000e-03 3.061600e-02
762 9.681920e-01 1.256000e-03 3.055200e-02
763 9.683080e-01 1.284000e-03 3.040800e-02
764 9.683320e-01 1.284000e-03 3.038400e-02
765 9.684240e-01 1.228000e-03 3.034800e-02
766 9.685280e-01 1.180000e-03 3.029200e-02
767 9.686560e-01 1.168000e-03 3.017600e-02
768 9.686960e-01 1.204000e-03 3.010000e-02
769 9.687600e-01 1.224000e-03 3.001600e-02
770 9.688000e-01 1.256000e-03 2.994400e-02
771 9.689400e-01 1.272000e-03 2.978800e-02
772 9.690000e-01 1.256000e-03 2.974400e-02
773 9.691280e-01 1.204000e-03 2.966800e-02
774 9.692480e-01 1.192000e-03 2.956000e-02
775 9.692720e-01 1.232000e-03 2.949600e-02
776 9.693400e-01 1.232000e-03 2.942800e-02
777 9.694280e-01 1.268000e-03 2.930400e-02
778 9.694920e-01 1.304000e-03 2.920400e-02
779 9.695440e-01 1.352000e-03 2.910400e-02
780 9.696440e-01 1.316000e-03 2.904000e-02
781 9.696800e-01 1.372000e-03 2.894800e-02
782 9.697320e-01 1.372000e-03 2.889600e-02
783 9.697720e-01 1.348000e-03 2.888000e-02
784 9.697360e-01 1.432000e-03 2.883200e-02
785 9.698600e-01 1.348000e-03 2.879200e-02
786 9.698800e-01 1.340000e-03 2.878000e-02
787 9.698640e-01 1.420000e-03 2.871600e-02
788 9.698560e-01 1.448000e-03 2.869600e-02
789 9.697560e-01 1.516000e-03 2.872800e-02
790 9.697600e-01 1.520000e-03 2.872000e-02
791 9.697240e-01 1.532000e-03 2.874400e-02
792 9.697800e-01 1.456000e-03 2.876400e-02
793 9.698200e-01 1.416000e-03 2.876400e-02
794 9.699360e-01 1.324000e-03 2.874000e-02
795 9.699760e-01 1.380000e-03 2.864400e-02
796 9.700040e-01 1.356000e-03 2.864000e-02
797 9.701120e-01 1.340000e-03 2.854800e-02
798 9.701440e-01 1.416000e-03 2.844000e-02
799 9.701680e-01 1.456000e-03 2.837600e-02
800 9.702160e-01 1.464000e-03 2.832000e-02
801 9.702800e-01 1.404000e-03 2.831600e-02
802 9.703560e-01 1.392000e-03 2.825200e-02
803 9.704200e-01 1.388000e-03 2.819200e-02
804 9.704560e-01 1.348000e-03 2.819600e-02
805 9.704760e-01 1.308000e-03 2.821600e-02
806 9.705640e-01 1.292000e-03 2.814400e-02
807 9.706400e-01 1.288000e-03 2.807200e-02
808 9.706920e-01 1.336000e-03 2.797200e-02
809 9.707120e-01 1.392000e-03 2.789600e-02
810 9.707080e-01 1.416000e-03 2.787600e-02
811 9.707240e-01 1.412000e-03 2.786400e-02
812 9.707400e-01 1.428000e-03 2.783200e-02
813 9.707160e-01 1.508000e-03 2.777600e-02
814 9.708000e-01 1.480000e-03 2.772000e-02
815 9.708920e-01 1.464000e-03 2.764400e-02
816 9.708600e-01 1.508000e-03 2.763200e-02
817 9.708600e-01 1.504000e-03 2.763600e-02
818 9.709000e-01 1.460000e-03 2.764000e-02
819 9.708760e-01 1.508000e-03 2.761600e-02
820 9.708120e-01 1.572000e-03 2.761600e-02
821 9.708440e-01 1.600000e-03 2.755600e-02
822 9.708480e-01 1.588000e-03 2.756400e-02
823 9.708520e-01 1.616000e-03 2.753200e-02
824 9.708600e-01 1.676000e-03 2.746400e-02
825 9.707800e-01 1.656000e-03 2.756400e-02
826 9.706880e-01 1.692000e-03 2.762000e-02
827 9.707320e-01 1.644000e-03 2.762400e-02
828 9.707320e-01 1.760000e-03 2.750800e-02
829 9.706960e-01 1.780000e-03 2.752400e-02
830 9.706720e-01 1.732000e-03 2.759600e-02
831 9.707000e-01 1.736000e-03 2.756400e-02
832 9.706960e-01 1.692000e-03 2.761200e-02
833 9.706240e-01 1.660000e-03 2.771600e-02
834 9.707160e-01 1.556000e-03 2.772800e-02
835 9.707200e-01 1.644000e-03 2.763600e-02
836 9.706320e-01 1.656000e-03 2.771200e-02
837 9.705680e-01 1.668000e-03 2.776400e-02
838 9.704800e-01 1.732000e-03 2.778800e-02
839 9.704320e-01 1.700000e-03 2.786800e-02
840 9.704120e-01 1.636000e-03 2.795200e-02
841 9.704400e-01 1.636000e-03 2.792400e-02
842 9.703480e-01 1.696000e-03 2.795600e-02
843 9.703560e-01 1.716000e-03 2.792800e-02
844 9.703160e-01 1.720000e-03 2.796400e-02
845 9.702440e-01 1.800000e-03 2.795600e-02
846 9.702040e-01 1.828000e-03 2.796800e-02
847 9.701480e-01 1.876000e-03 2.797600e-02
848 9.700960e-01 1.868000e-03 2.803600e-02
849 9.699840e-01 1.892000e-03 2.812400e-02
850 9.698800e-01 1.848000e-03 2.827200e-02
851 9.698960e-01 1.816000e-03 2.828800e-02
852 9.698240e-01 1.912000e-03 2.826400e-02
853 9.697200e-01 1.944000e-03 2.833600e-02
854 9.696520e-01 1.916000e-03 2.843200e-02
855 9.695880e-01 1.884000e-03 2.852800e-02
856 9.694920e-01 1.892000e-03 2.861600e-02
857 9.693800e-01 2.032000e-03 2.858800e-02
858 9.693760e-01 2.068000e-03 2.855600e-02
859 9.693760e-01 2.000000e-03 2.862400e-02
860 9.693600e-01 2.000000e-03 2.864000e-02
861 9.692560e-01 2.084000e-03 2.866000e-02
862 9.692840e-01 1.956000e-03 2.876000e-02
863 9.693120e-01 1.900000e-03 2.878800e-02
864 9.692480e-01 1.912000e-03 2.884000e-02
865 9.692880e-01 1.888000e-03 2.882400e-02
866 9.692280e-01 1.884000e-03 2.888800e-02
867 9.692200e-01 1.876000e-03 2.890400e-02
868 9.691680e-01 1.872000e-03 2.896000e-02
869 9.692000e-01 1.832000e-03 2.896800e-02
870 9.691880e-01 1.728000e-03 2.908400e-02
871 9.692200e-01 1.684000e-03 2.909600e-02
872 9.691600e-01 1.704000e-03 2.913600e-02
873 9.691880e-01 1.684000e-03 2.912800e-02
874 9.692440e-01 1.672000e-03 2.908400e-02
875 9.693040e-01 1.624000e-03 2.907200e-02
876 9.693240e-01 1.648000e-03 2.902800e-02
877 9.693480e-01 1.588000e-03 2.906400e-02
878 9.693000e-01 1.620000e-03 2.908000e-02
879 9.692440e-01 1.580000e-03 2.917600e-02
880 9.692560e-01 1.620000e-03 2.912400e-02
881 9.692400e-01 1.656000e-03 2.910400e-02
882 9.692240e-01 1.648000e-03 2.912800e-02
883 9.692400e-01 1.664000e-03 2.909600e-02
884 9.692320e-01 1.700000e-03 2.906800e-02
885 9.691480e-01 1.696000e-03 2.915600e-02
886 9.692120e-01 1.680000e-03 2.910800e-02
887 9.692720e-01 1.620000e-03 2.910800e-02
888 9.693640e-01 1.504000e-03 2.913200e-02
889 9.693120e-01 1.504000e-03 2.918400e-02
890 9.694600e-01 1.488000e-03 2.905200e-02
891 9.695960e-01 1.464000e-03 2.894000e-02
892 9.697040e-01 1.448000e-03 2.884800e-02
893 9.698240e-01 1.472000e-03 2.870400e-02
894 9.698360e-01 1.400000e-03 2.876400e-02
895 9.698760e-01 1.484000e-03 2.864000e-02
896 9.698800e-01 1.532000e-03 2.858800e-02
897 9.698840e-01 1.520000e-03 2.859600e-02
898 9.699840e-01 1.436000e-03 2.858000e-02
899 9.700600e-01 1.480000e-03 2.846000e-02
900 9.700600e-01 1.508000e-03 2.843200e-02
901 9.701240e-01 1.416000e-03 2.846000e-02
902 9.701320e-01 1.452000e-03 2.841600e-02
903 9.701120e-01 1.448000e-03 2.844000e-02
904 9.701320e-01 1.460000e-03 2.840800e-02
905 9.701240e-01 1.396000e-03 2.848000e-02
906 9.701360e-01 1.388000e-03 2.847600e-02
907 9.702080e-01 1.364000e-03 2.842800e-02
908 9.701960e-01 1.404000e-03 2.840000e-02
909 9.702640e-01 1.420000e-03 2.831600e-02
910 9.703080e-01 1.436000e-03 2.825600e-02
911 9.703800e-01 1.404000e-03 2.821600e-02
912 9.704120e-01 1.388000e-03 2.820000e-02
913 9.704760e-01 1.344000e-03 2.818000e-02
914 9.704320e-01 1.328000e-03 2.824000e-02
915 9.704760e-01 1.336000e-03 2.818800e-02
916 9.705400e-01 1.296000e-03 2.816400e-02
917 9.706000e-01 1.288000e-03 2.811200e-02
918 9.706600e-01 1.224000e-03 2.811600e-02
919 9.707480e-01 1.164000e-03 2.808800e-02
920 9.709080e-01 1.128000e-03 2.796400e-02
921 9.710200e-01 1.096000e-03 2.788400e-02
922 9.711360e-01 1.128000e-03 2.773600e-02
923 9.712400e-01 1.188000e-03 2.757200e-02
924 9.712920e-01 1.192000e-03 2.751600e-02
925 9.713600e-01 1.164000e-03 2.747600e-02
926 9.713880e-01 1.220000e-03 2.739200e-02
927 9.713960e-01 1.236000e-03 2.736800e-02
928 9.714720e-01 1.212000e-03 2.731600e-02
929 9.715800e-01 1.172000e-03 2.724800e-02
930 9.717160e-01 1.204000e-03 2.708000e-02
931 9.717680e-01 1.220000e-03 2.701200e-02
932 9.718600e-01 1.200000e-03 2.694000e-02
