1 9.992160e-01 7.000000e-04 8.400000e-05
2 9.987440e-01 1.008000e-03 2.480000e-04
3 9.980960e-01 1.420000e-03 4.840000e-04
4 9.973840e-01 1.888000e-03 7.280000e-04
5 9.966000e-01 2.336000e-03 1.064000e-03
6 9.958200e-01 2.684000e-03 1.496000e-03
7 9.949240e-01 3.100000e-03 1.976000e-03
8 9.939240e-01 3.588000e-03 2.488000e-03
9 9.930120e-01 3.944000e-03 3.044000e-03
10 9.919320e-01 4.232000e-03 3.836000e-03
11 9.908880e-01 4.640000e-03 4.472000e-03
12 9.897920e-01 5.004000e-03 5.204000e-03
13 9.886760e-01 5.332000e-03 5.992000e-03
14 9.876440e-01 5.492000e-03 6.864000e-03
15 9.865440e-01 5.664000e-03 7.792000e-03
16 9.853720e-01 5.912000e-03 8.716000e-03
17 9.843160e-01 6.104000e-03 9.580000e-03
18 9.833880e-01 6.036000e-03 1.057600e-02
19 9.822640e-01 6.200000e-03 1.153600e-02
20 9.812320e-01 6.216000e-03 1.255200e-02
21 9.800600e-01 6.428000e-03 1.351200e-02
22 9.788840e-01 6.604000e-03 1.451200e-02
23 9.777760e-01 6.640000e-03 1.558400e-02
24 9.763880e-01 6.972000e-03 1.664000e-02
25 9.752040e-01 7.020000e-03 1.777600e-02
26 9.739400e-01 7.260000e-03 1.880000e-02
27 9.726560e-01 7.532000e-03 1.981200e-02
28 9.711600e-01 7.984000e-03 2.085600e-02
29 9.697440e-01 8.232000e-03 2.202400e-02
30 9.682080e-01 8.544000e-03 2.324800e-02
31 9.667960e-01 8.748000e-03 2.445600e-02
32 9.654400e-01 8.892000e-03 2.566800e-02
33 9.640560e-01 8.956000e-03 2.698800e-02
34 9.625680e-01 9.284000e-03 2.814800e-02
35 9.612160e-01 9.256000e-03 2.952800e-02
36 9.598440e-01 9.324000e-03 3.083200e-02
37 9.586480e-01 9.384000e-03 3.196800e-02
38 9.573960e-01 9.440000e-03 3.316400e-02
39 9.561600e-01 9.516000e-03 3.432400e-02
40 9.549120e-01 9.556000e-03 3.553200e-02
41 9.535520e-01 9.652000e-03 3.679600e-02
42 9.521480e-01 1.004800e-02 3.780400e-02
43 9.507120e-01 1.012000e-02 3.916800e-02
44 9.493800e-01 1.018400e-02 4.043600e-02
45 9.480240e-01 1.021600e-02 4.176000e-02
46 9.465920e-01 1.044000e-02 4.296800e-02
47 9.452600e-01 1.039600e-02 4.434400e-02
48 9.440840e-01 1.038000e-02 4.553600e-02
49 9.425560e-01 1.066000e-02 4.678400e-02
50 9.411960e-01 1.062000e-02 4.818400e-02
51 9.399320e-01 1.066800e-02 4.940000e-02
52 9.386360e-01 1.075200e-02 5.061200e-02
53 9.371840e-01 1.098400e-02 5.183200e-02
54 9.357440e-01 1.112400e-02 5.313200e-02
55 9.343960e-01 1.126400e-02 5.434000e-02
56 9.330280e-01 1.130400e-02 5.566800e-02
57 9.316640e-01 1.123600e-02 5.710000e-02
58 9.304160e-01 1.124400e-02 5.834000e-02
59 9.290520e-01 1.141600e-02 5.953200e-02
60 9.275880e-01 1.142400e-02 6.098800e-02
61 9.264560e-01 1.128400e-02 6.226000e-02
62 9.253160e-01 1.115200e-02 6.353200e-02
63 9.241880e-01 1.110000e-02 6.471200e-02
64 9.229640e-01 1.111600e-02 6.592000e-02
65 9.218720e-01 1.107200e-02 6.705600e-02
66 9.207560e-01 1.100000e-02 6.824400e-02
67 9.195560e-01 1.095200e-02 6.949200e-02
68 9.185240e-01 1.084400e-02 7.063200e-02
69 9.175160e-01 1.080400e-02 7.168000e-02
70 9.163560e-01 1.072800e-02 7.291600e-02
71 9.154160e-01 1.084400e-02 7.374000e-02
72 9.143320e-01 1.088400e-02 7.478400e-02
73 9.135000e-01 1.060800e-02 7.589200e-02
74 9.124480e-01 1.077200e-02 7.678000e-02
75 9.114880e-01 1.077200e-02 7.774000e-02
76 9.104360e-01 1.074800e-02 7.881600e-02
77 9.094400e-01 1.077200e-02 7.978800e-02
78 9.087200e-01 1.058400e-02 8.069600e-02
79 9.077880e-01 1.067200e-02 8.154000e-02
80 9.067120e-01 1.062000e-02 8.266800e-02
81 9.056240e-01 1.083600e-02 8.354000e-02
82 9.045400e-01 1.089200e-02 8.456800e-02
83 9.033800e-01 1.101600e-02 8.560400e-02
84 9.023240e-01 1.104800e-02 8.662800e-02
85 9.014000e-01 1.105200e-02 8.754800e-02
86 9.004760e-01 1.099200e-02 8.853200e-02
87 8.995360e-01 1.104400e-02 8.942000e-02
88 8.987400e-01 1.084800e-02 9.041200e-02
89 8.979360e-01 1.089200e-02 9.117200e-02
90 8.971000e-01 1.088400e-02 9.201600e-02
91 8.962680e-01 1.079200e-02 9.294000e-02
92 8.952520e-01 1.095600e-02 9.379200e-02
93 8.942840e-01 1.092400e-02 9.479200e-02
94 8.934760e-01 1.080800e-02 9.571600e-02
95 8.925120e-01 1.090800e-02 9.658000e-02
96 8.915680e-01 1.102000e-02 9.741200e-02
97 8.908200e-01 1.098400e-02 9.819600e-02
98 8.898800e-01 1.112800e-02 9.899200e-02
99 8.890520e-01 1.114800e-02 9.980000e-02
100 8.881480e-01 1.096800e-02 1.008840e-01
101 8.872880e-01 1.096400e-02 1.017480e-01
102 8.864400e-01 1.103200e-02 1.025280e-01
103 8.856720e-01 1.090400e-02 1.034240e-01
104 8.849320e-01 1.078800e-02 1.042800e-01
105 8.843040e-01 1.076400e-02 1.049320e-01
106 8.836800e-01 1.074800e-02 1.055720e-01
107 8.830080e-01 1.077200e-02 1.062200e-01
108 8.821960e-01 1.089200e-02 1.069120e-01
109 8.814800e-01 1.104400e-02 1.074760e-01
110 8.808080e-01 1.100000e-02 1.081920e-01
111 8.800720e-01 1.103200e-02 1.088960e-01
112 8.792960e-01 1.093200e-02 1.097720e-01
113 8.785160e-01 1.087600e-02 1.106080e-01
114 8.778240e-01 1.074000e-02 1.114360e-01
115 8.772040e-01 1.066800e-02 1.121280e-01
116 8.766520e-01 1.062800e-02 1.127200e-01
117 8.760400e-01 1.057200e-02 1.133880e-01
118 8.755160e-01 1.066400e-02 1.138200e-01
119 8.748160e-01 1.070400e-02 1.144800e-01
120 8.740600e-01 1.084800e-02 1.150920e-01
121 8.731680e-01 1.088800e-02 1.159440e-01
122 8.724440e-01 1.097600e-02 1.165800e-01
123 8.719240e-01 1.072400e-02 1.173520e-01
124 8.712840e-01 1.082000e-02 1.178960e-01
125 8.705240e-01 1.086400e-02 1.186120e-01
126 8.699880e-01 1.082400e-02 1.191880e-01
127 8.693200e-01 1.094000e-02 1.197400e-01
128 8.687520e-01 1.082400e-02 1.204240e-01
129 8.684160e-01 1.070800e-02 1.208760e-01
130 8.679000e-01 1.071200e-02 1.213880e-01
131 8.674040e-01 1.056800e-02 1.220280e-01
132 8.669200e-01 1.040400e-02 1.226760e-01
133 8.666080e-01 1.035600e-02 1.230360e-01
134 8.660680e-01 1.029200e-02 1.236400e-01
135 8.655240e-01 1.028400e-02 1.241920e-01
136 8.652360e-01 1.006800e-02 1.246960e-01
137 8.647800e-01 1.009600e-02 1.251240e-01
138 8.644880e-01 1.007600e-02 1.254360e-01
139 8.641800e-01 1.004800e-02 1.257720e-01
140 8.637560e-01 1.015600e-02 1.260880e-01
141 8.633560e-01 1.019600e-02 1.264480e-01
142 8.628600e-01 1.024000e-02 1.269000e-01
143 8.623000e-01 1.032000e-02 1.273800e-01
144 8.616840e-01 1.046800e-02 1.278480e-01
145 8.611120e-01 1.052800e-02 1.283600e-01
146 8.605960e-01 1.058400e-02 1.288200e-01
147 8.601800e-01 1.047200e-02 1.293480e-01
148 8.596920e-01 1.052400e-02 1.297840e-01
149 8.593160e-01 1.039200e-02 1.302920e-01
150 8.589920e-01 1.031600e-02 1.306920e-01
151 8.586920e-01 1.026000e-02 1.310480e-01
152 8.585800e-01 1.024000e-02 1.311800e-01
153 8.581480e-01 1.028000e-02 1.315720e-01
154 8.579280e-01 1.018800e-02 1.318840e-01
155 8.575120e-01 1.029200e-02 1.321960e-01
156 8.574080e-01 1.008800e-02 1.325040e-01
157 8.572600e-01 9.908000e-03 1.328320e-01
158 8.569560e-01 1.004800e-02 1.329960e-01
159 8.567720e-01 9.936000e-03 1.332920e-01
160 8.563400e-01 9.992000e-03 1.336680e-01
161 8.558920e-01 1.014800e-02 1.339600e-01
162 8.555240e-01 1.022800e-02 1.342480e-01
163 8.551240e-01 1.030400e-02 1.345720e-01
164 8.547560e-01 1.016800e-02 1.350760e-01
165 8.544160e-01 1.016400e-02 1.354200e-01
166 8.541080e-01 1.016000e-02 1.357320e-01
167 8.537920e-01 1.008800e-02 1.361200e-01
168 8.534360e-01 9.968000e-03 1.365960e-01
169 8.532240e-01 1.001600e-02 1.367600e-01
170 8.529640e-01 1.000800e-02 1.370280e-01
171 8.526360e-01 1.010800e-02 1.372560e-01
172 8.523320e-01 1.014400e-02 1.375240e-01
173 8.521960e-01 1.013600e-02 1.376680e-01
174 8.518040e-01 1.015200e-02 1.380440e-01
175 8.517040e-01 1.005200e-02 1.382440e-01
176 8.513920e-01 9.940000e-03 1.386680e-01
177 8.512560e-01 9.772000e-03 1.389720e-01
178 8.509160e-01 9.620000e-03 1.394640e-01
179 8.507480e-01 9.544000e-03 1.397080e-01
180 8.506160e-01 9.480000e-03 1.399040e-01
181 8.502800e-01 9.540000e-03 1.401800e-01
182 8.500920e-01 9.564000e-03 1.403440e-01
183 8.500760e-01 9.448000e-03 1.404760e-01
184 8.500800e-01 9.368000e-03 1.405520e-01
185 8.497920e-01 9.468000e-03 1.407400e-01
186 8.496040e-01 9.420000e-03 1.409760e-01
187 8.495760e-01 9.268000e-03 1.411560e-01
188 8.495200e-01 9.268000e-03 1.412120e-01
189 8.492720e-01 9.276000e-03 1.414520e-01
190 8.491920e-01 9.336000e-03 1.414720e-01
191 8.489480e-01 9.212000e-03 1.418400e-01
192 8.486960e-01 9.228000e-03 1.420760e-01
193 8.484560e-01 9.220000e-03 1.423240e-01
194 8.482120e-01 9.344000e-03 1.424440e-01
195 8.479440e-01 9.392000e-03 1.426640e-01
196 8.476160e-01 9.452000e-03 1.429320e-01
197 8.473000e-01 9.540000e-03 1.431600e-01
198 8.472080e-01 9.408000e-03 1.433840e-01
199 8.469920e-01 9.412000e-03 1.435960e-01
200 8.468680e-01 9.384000e-03 1.437480e-01
201 8.465880e-01 9.340000e-03 1.440720e-01
202 8.464760e-01 9.272000e-03 1.442520e-01
203 8.463560e-01 9.084000e-03 1.445600e-01
204 8.462280e-01 9.016000e-03 1.447560e-01
205 8.462680e-01 8.972000e-03 1.447600e-01
206 8.463320e-01 8.876000e-03 1.447920e-01
207 8.461880e-01 8.840000e-03 1.449720e-01
208 8.461840e-01 8.816000e-03 1.450000e-01
209 8.461400e-01 8.696000e-03 1.451640e-01
210 8.461720e-01 8.712000e-03 1.451160e-01
211 8.460320e-01 8.880000e-03 1.450880e-01
212 8.460760e-01 8.964000e-03 1.449600e-01
213 8.459920e-01 9.000000e-03 1.450080e-01
214 8.461120e-01 8.844000e-03 1.450440e-01
215 8.459760e-01 8.932000e-03 1.450920e-01
216 8.457240e-01 9.088000e-03 1.451880e-01
217 8.456840e-01 9.092000e-03 1.452240e-01
218 8.457200e-01 8.996000e-03 1.452840e-01
219 8.456600e-01 8.984000e-03 1.453560e-01
220 8.457360e-01 8.720000e-03 1.455440e-01
221 8.457120e-01 8.756000e-03 1.455320e-01
222 8.456640e-01 8.696000e-03 1.456400e-01
223 8.457000e-01 8.680000e-03 1.456200e-01
224 8.454240e-01 8.820000e-03 1.457560e-01
225 8.454400e-01 8.780000e-03 1.457800e-01
226 8.454560e-01 8.764000e-03 1.457800e-01
227 8.455040e-01 8.792000e-03 1.457040e-01
228 8.451760e-01 8.944000e-03 1.458800e-01
229 8.452080e-01 8.984000e-03 1.458080e-01
230 8.452080e-01 9.064000e-03 1.457280e-01
231 8.451680e-01 8.964000e-03 1.458680e-01
232 8.452920e-01 8.876000e-03 1.458320e-01
233 8.453720e-01 8.956000e-03 1.456720e-01
234 8.454000e-01 8.936000e-03 1.456640e-01
235 8.453960e-01 8.904000e-03 1.457000e-01
236 8.454440e-01 8.784000e-03 1.457720e-01
237 8.457200e-01 8.696000e-03 1.455840e-01
238 8.457360e-01 8.584000e-03 1.456800e-01
239 8.457400e-01 8.592000e-03 1.456680e-01
240 8.456920e-01 8.468000e-03 1.458400e-01
241 8.457640e-01 8.292000e-03 1.459440e-01
242 8.456480e-01 8.420000e-03 1.459320e-01
243 8.455520e-01 8.576000e-03 1.458720e-01
244 8.455240e-01 8.704000e-03 1.457720e-01
245 8.455680e-01 8.672000e-03 1.457600e-01
246 8.456240e-01 8.488000e-03 1.458880e-01
247 8.456800e-01 8.412000e-03 1.459080e-01
248 8.457520e-01 8.328000e-03 1.459200e-01
249 8.458160e-01 8.192000e-03 1.459920e-01
250 8.460040e-01 8.112000e-03 1.458840e-01
251 8.462760e-01 7.956000e-03 1.457680e-01
252 8.463280e-01 7.988000e-03 1.456840e-01
253 8.463040e-01 7.964000e-03 1.457320e-01
254 8.466200e-01 8.016000e-03 1.453640e-01
255 8.466440e-01 8.136000e-03 1.452200e-01
256 8.466880e-01 8.144000e-03 1.451680e-01
257 8.467800e-01 8.228000e-03 1.449920e-01
258 8.468880e-01 8.140000e-03 1.449720e-01
259 8.470640e-01 8.104000e-03 1.448320e-01
260 8.471280e-01 8.148000e-03 1.447240e-01
261 8.470480e-01 8.164000e-03 1.447880e-01
262 8.470880e-01 8.216000e-03 1.446960e-01
263 8.469800e-01 8.164000e-03 1.448560e-01
264 8.471480e-01 7.956000e-03 1.448960e-01
265 8.474880e-01 7.852000e-03 1.446600e-01
266 8.477560e-01 7.728000e-03 1.445160e-01
267 8.478920e-01 7.588000e-03 1.445200e-01
268 8.479520e-01 7.520000e-03 1.445280e-01
269 8.480040e-01 7.672000e-03 1.443240e-01
270 8.481600e-01 7.804000e-03 1.440360e-01
271 8.482240e-01 7.832000e-03 1.439440e-01
272 8.482400e-01 7.848000e-03 1.439120e-01
273 8.482480e-01 7.952000e-03 1.438000e-01
274 8.480920e-01 8.068000e-03 1.438400e-01
275 8.481800e-01 8.032000e-03 1.437880e-01
276 8.482240e-01 8.012000e-03 1.437640e-01
277 8.483640e-01 8.004000e-03 1.436320e-01
278 8.483360e-01 8.088000e-03 1.435760e-01
279 8.485760e-01 8.008000e-03 1.434160e-01
280 8.487440e-01 7.836000e-03 1.434200e-01
281 8.489000e-01 7.712000e-03 1.433880e-01
282 8.492680e-01 7.656000e-03 1.430760e-01
283 8.495160e-01 7.728000e-03 1.427560e-01
284 8.497680e-01 7.580000e-03 1.426520e-01
285 8.500560e-01 7.392000e-03 1.425520e-01
286 8.502960e-01 7.232000e-03 1.424720e-01
287 8.504160e-01 7.308000e-03 1.422760e-01
288 8.506080e-01 7.088000e-03 1.423040e-01
289 8.507080e-01 7.172000e-03 1.421200e-01
290 8.508240e-01 7.252000e-03 1.419240e-01
291 8.509440e-01 7.252000e-03 1.418040e-01
292 8.510560e-01 7.204000e-03 1.417400e-01
293 8.511800e-01 7.136000e-03 1.416840e-01
294 8.513640e-01 7.084000e-03 1.415520e-01
295 8.514560e-01 7.088000e-03 1.414560e-01
296 8.516840e-01 6.976000e-03 1.413400e-01
297 8.518760e-01 6.972000e-03 1.411520e-01
298 8.520960e-01 6.936000e-03 1.409680e-01
299 8.524320e-01 6.892000e-03 1.406760e-01
300 8.526960e-01 6.940000e-03 1.403640e-01
301 8.529560e-01 6.940000e-03 1.401040e-01
302 8.532720e-01 6.772000e-03 1.399560e-01
303 8.536440e-01 6.508000e-03 1.398480e-01
304 8.539400e-01 6.352000e-03 1.397080e-01
305 8.542040e-01 6.396000e-03 1.394000e-01
306 8.546200e-01 6.276000e-03 1.391040e-01
307 8.549600e-01 6.268000e-03 1.387720e-01
308 8.553000e-01 6.204000e-03 1.384960e-01
309 8.556920e-01 6.112000e-03 1.381960e-01
310 8.561040e-01 6.000000e-03 1.378960e-01
311 8.563040e-01 5.936000e-03 1.377600e-01
312 8.567360e-01 5.964000e-03 1.373000e-01
313 8.570560e-01 6.064000e-03 1.368800e-01
314 8.572880e-01 6.068000e-03 1.366440e-01
315 8.575960e-01 6.004000e-03 1.364000e-01
316 8.579120e-01 6.028000e-03 1.360600e-01
317 8.581880e-01 5.884000e-03 1.359280e-01
318 8.584240e-01 5.748000e-03 1.358280e-01
319 8.587600e-01 5.780000e-03 1.354600e-01
320 8.590840e-01 5.760000e-03 1.351560e-01
321 8.595040e-01 5.724000e-03 1.347720e-01
322 8.598440e-01 5.628000e-03 1.345280e-01
323 8.602640e-01 5.600000e-03 1.341360e-01
324 8.604400e-01 5.572000e-03 1.339880e-01
325 8.607000e-01 5.636000e-03 1.336640e-01
326 8.609720e-01 5.628000e-03 1.334000e-01
327 8.612280e-01 5.736000e-03 1.330360e-01
328 8.615200e-01 5.880000e-03 1.326000e-01
329 8.617160e-01 5.948000e-03 1.323360e-01
330 8.618240e-01 6.060000e-03 1.321160e-01
331 8.620080e-01 6.148000e-03 1.318440e-01
332 8.621800e-01 6.124000e-03 1.316960e-01
333 8.625440e-01 5.976000e-03 1.314800e-01
334 8.627680e-01 6.004000e-03 1.312280e-01
335 8.630040e-01 6.072000e-03 1.309240e-01
336 8.631480e-01 6.216000e-03 1.306360e-01
337 8.631920e-01 6.392000e-03 1.304160e-01
338 8.634000e-01 6.304000e-03 1.302960e-01
339 8.635680e-01 6.400000e-03 1.300320e-01
340 8.638440e-01 6.288000e-03 1.298680e-01
341 8.639400e-01 6.284000e-03 1.297760e-01
342 8.640280e-01 6.196000e-03 1.297760e-01
343 8.642280e-01 6.108000e-03 1.296640e-01
344 8.645320e-01 6.048000e-03 1.294200e-01
345 8.646880e-01 6.112000e-03 1.292000e-01
346 8.650800e-01 6.104000e-03 1.288160e-01
347 8.654040e-01 6.000000e-03 1.285960e-01
348 8.655960e-01 6.020000e-03 1.283840e-01
349 8.658960e-01 5.952000e-03 1.281520e-01
350 8.661920e-01 5.980000e-03 1.278280e-01
351 8.665200e-01 6.028000e-03 1.274520e-01
352 8.667160e-01 5.916000e-03 1.273680e-01
353 8.669160e-01 5.956000e-03 1.271280e-01
354 8.671720e-01 5.988000e-03 1.268400e-01
355 8.674480e-01 5.972000e-03 1.265800e-01
356 8.676480e-01 5.860000e-03 1.264920e-01
357 8.678440e-01 5.928000e-03 1.262280e-01
358 8.680080e-01 5.980000e-03 1.260120e-01
359 8.680520e-01 6.020000e-03 1.259280e-01
360 8.682000e-01 5.936000e-03 1.258640e-01
361 8.682920e-01 6.020000e-03 1.256880e-01
362 8.683360e-01 6.152000e-03 1.255120e-01
363 8.685800e-01 6.040000e-03 1.253800e-01
364 8.686560e-01 6.040000e-03 1.253040e-01
365 8.688080e-01 6.120000e-03 1.250720e-01
366 8.688960e-01 6.036000e-03 1.250680e-01
367 8.690280e-01 6.068000e-03 1.249040e-01
368 8.692760e-01 6.020000e-03 1.247040e-01
369 8.693240e-01 6.048000e-03 1.246280e-01
370 8.693680e-01 6.252000e-03 1.243800e-01
371 8.694840e-01 6.220000e-03 1.242960e-01
372 8.696520e-01 6.288000e-03 1.240600e-01
373 8.698360e-01 6.304000e-03 1.238600e-01
374 8.698720e-01 6.416000e-03 1.237120e-01
375 8.701000e-01 6.256000e-03 1.236440e-01
376 8.701800e-01 6.264000e-03 1.235560e-01
377 8.703520e-01 6.268000e-03 1.233800e-01
378 8.705680e-01 6.224000e-03 1.232080e-01
379 8.709080e-01 6.172000e-03 1.229200e-01
380 8.711960e-01 6.144000e-03 1.226600e-01
381 8.713320e-01 6.160000e-03 1.225080e-01
382 8.715880e-01 5.968000e-03 1.224440e-01
383 8.719320e-01 5.888000e-03 1.221800e-01
384 8.721920e-01 5.908000e-03 1.219000e-01
385 8.723640e-01 5.880000e-03 1.217560e-01
386 8.725000e-01 5.760000e-03 1.217400e-01
387 8.728320e-01 5.724000e-03 1.214440e-01
388 8.730880e-01 5.668000e-03 1.212440e-01
389 8.732400e-01 5.684000e-03 1.210760e-01
390 8.734680e-01 5.600000e-03 1.209320e-01
391 8.736320e-01 5.616000e-03 1.207520e-01
392 8.738200e-01 5.616000e-03 1.205640e-01
393 8.740960e-01 5.488000e-03 1.204160e-01
394 8.743520e-01 5.564000e-03 1.200840e-01
395 8.744960e-01 5.612000e-03 1.198920e-01
396 8.747920e-01 5.472000e-03 1.197360e-01
397 8.751360e-01 5.472000e-03 1.193920e-01
398 8.753840e-01 5.344000e-03 1.192720e-01
399 8.758080e-01 5.220000e-03 1.189720e-01
400 8.760600e-01 5.164000e-03 1.187760e-01
401 8.764760e-01 5.076000e-03 1.184480e-01
402 8.767360e-01 5.004000e-03 1.182600e-01
403 8.771960e-01 4.944000e-03 1.178600e-01
404 8.775800e-01 4.884000e-03 1.175360e-01
405 8.779480e-01 4.908000e-03 1.171440e-01
406 8.781960e-01 4.928000e-03 1.168760e-01
407 8.785840e-01 4.888000e-03 1.165280e-01
408 8.789080e-01 4.864000e-03 1.162280e-01
409 8.792520e-01 4.792000e-03 1.159560e-01
410 8.796120e-01 4.872000e-03 1.155160e-01
411 8.798800e-01 4.764000e-03 1.153560e-01
412 8.801040e-01 4.676000e-03 1.152200e-01
413 8.803360e-01 4.696000e-03 1.149680e-01
414 8.805960e-01 4.792000e-03 1.146120e-01
415 8.807600e-01 4.776000e-03 1.144640e-01
416 8.812040e-01 4.760000e-03 1.140360e-01
417 8.813040e-01 4.844000e-03 1.138520e-01
418 8.815000e-01 4.804000e-03 1.136960e-01
419 8.818400e-01 4.748000e-03 1.134120e-01
420 8.819720e-01 4.892000e-03 1.131360e-01
421 8.821800e-01 4.912000e-03 1.129080e-01
422 8.824000e-01 4.948000e-03 1.126520e-01
423 8.826800e-01 4.956000e-03 1.123640e-01
424 8.828600e-01 4.960000e-03 1.121800e-01
425 8.829640e-01 5.028000e-03 1.120080e-01
426 8.830400e-01 5.060000e-03 1.119000e-01
427 8.832880e-01 5.000000e-03 1.117120e-01
428 8.834960e-01 5.020000e-03 1.114840e-01
429 8.834960e-01 5.156000e-03 1.113480e-01
430 8.835480e-01 5.148000e-03 1.113040e-01
431 8.836680e-01 5.108000e-03 1.112240e-01
432 8.840120e-01 5.048000e-03 1.109400e-01
433 8.841760e-01 5.156000e-03 1.106680e-01
434 8.844080e-01 5.052000e-03 1.105400e-01
435 8.847280e-01 4.952000e-03 1.103200e-01
436 8.848440e-01 5.028000e-03 1.101280e-01
437 8.849680e-01 5.068000e-03 1.099640e-01
438 8.853720e-01 4.988000e-03 1.096400e-01
439 8.854880e-01 5.072000e-03 1.094400e-01
440 8.857160e-01 5.108000e-03 1.091760e-01
441 8.859720e-01 4.940000e-03 1.090880e-01
442 8.862480e-01 4.900000e-03 1.088520e-01
443 8.865200e-01 4.936000e-03 1.085440e-01
444 8.866760e-01 4.968000e-03 1.083560e-01
445 8.868480e-01 4.920000e-03 1.082320e-01
446 8.871600e-01 4.904000e-03 1.079360e-01
447 8.873880e-01 4.800000e-03 1.078120e-01
448 8.876480e-01 4.756000e-03 1.075960e-01
449 8.878920e-01 4.788000e-03 1.073200e-01
450 8.880960e-01 4.724000e-03 1.071800e-01
451 8.884360e-01 4.648000e-03 1.069160e-01
452 8.886360e-01 4.596000e-03 1.067680e-01
453 8.887640e-01 4.616000e-03 1.066200e-01
454 8.891440e-01 4.548000e-03 1.063080e-01
455 8.895120e-01 4.504000e-03 1.059840e-01
456 8.897240e-01 4.540000e-03 1.057360e-01
457 8.900000e-01 4.432000e-03 1.055680e-01
458 8.901080e-01 4.548000e-03 1.053440e-01
459 8.903240e-01 4.624000e-03 1.050520e-01
460 8.906000e-01 4.620000e-03 1.047800e-01
461 8.909240e-01 4.592000e-03 1.044840e-01
462 8.912880e-01 4.472000e-03 1.042400e-01
463 8.914920e-01 4.456000e-03 1.040520e-01
464 8.917600e-01 4.396000e-03 1.038440e-01
465 8.921080e-01 4.332000e-03 1.035600e-01
466 8.924360e-01 4.380000e-03 1.031840e-01
467 8.927080e-01 4.364000e-03 1.029280e-01
468 8.929600e-01 4.328000e-03 1.027120e-01
469 8.931720e-01 4.396000e-03 1.024320e-01
470 8.933880e-01 4.368000e-03 1.022440e-01
471 8.936760e-01 4.276000e-03 1.020480e-01
472 8.940120e-01 4.288000e-03 1.017000e-01
473 8.942920e-01 4.284000e-03 1.014240e-01
474 8.945880e-01 4.300000e-03 1.011120e-01
475 8.949240e-01 4.196000e-03 1.008800e-01
476 8.952480e-01 4.208000e-03 1.005440e-01
477 8.954760e-01 4.284000e-03 1.002400e-01
478 8.956920e-01 4.292000e-03 1.000160e-01
479 8.957560e-01 4.380000e-03 9.986400e-02
480 8.959920e-01 4.420000e-03 9.958800e-02
481 8.963320e-01 4.384000e-03 9.928400e-02
482 8.965520e-01 4.468000e-03 9.898000e-02
483 8.966760e-01 4.596000e-03 9.872800e-02
484 8.968640e-01 4.528000e-03 9.860800e-02
485 8.970880e-01 4.368000e-03 9.854400e-02
486 8.973000e-01 4.292000e-03 9.840800e-02
487 8.976240e-01 4.292000e-03 9.808400e-02
488 8.978720e-01 4.296000e-03 9.783200e-02
489 8.981960e-01 4.148000e-03 9.765600e-02
490 8.984360e-01 4.096000e-03 9.746800e-02
491 8.987200e-01 4.124000e-03 9.715600e-02
492 8.989040e-01 4.148000e-03 9.694800e-02
493 8.990600e-01 4.232000e-03 9.670800e-02
494 8.993800e-01 4.140000e-03 9.648000e-02
495 8.996000e-01 4.172000e-03 9.622800e-02
496 8.997960e-01 4.120000e-03 9.608400e-02
497 9.001360e-01 3.980000e-03 9.588400e-02
498 9.002480e-01 4.104000e-03 9.564800e-02
499 9.004480e-01 4.136000e-03 9.541600e-02
500 9.005720e-01 4.248000e-03 9.518000e-02
501 9.009000e-01 4.288000e-03 9.481200e-02
502 9.010880e-01 4.340000e-03 9.457200e-02
503 9.013400e-01 4.312000e-03 9.434800e-02
504 9.016320e-01 4.228000e-03 9.414000e-02
505 9.018680e-01 4.172000e-03 9.396000e-02
506 9.021520e-01 4.120000e-03 9.372800e-02
507 9.023160e-01 4.064000e-03 9.362000e-02
508 9.025400e-01 4.072000e-03 9.338800e-02
509 9.028200e-01 4.036000e-03 9.314400e-02
510 9.030280e-01 4.104000e-03 9.286800e-02
511 9.031560e-01 4.236000e-03 9.260800e-02
512 9.032560e-01 4.304000e-03 9.244000e-02
513 9.035520e-01 4.324000e-03 9.212400e-02
514 9.036440e-01 4.380000e-03 9.197600e-02
515 9.036960e-01 4.484000e-03 9.182000e-02
516 9.037000e-01 4.544000e-03 9.175600e-02
517 9.037600e-01 4.492000e-03 9.174800e-02
518 9.038280e-01 4.460000e-03 9.171200e-02
519 9.040120e-01 4.372000e-03 9.161600e-02
520 9.040680e-01 4.404000e-03 9.152800e-02
521 9.043160e-01 4.368000e-03 9.131600e-02
522 9.045960e-01 4.392000e-03 9.101200e-02
523 9.047560e-01 4.404000e-03 9.084000e-02
524 9.048720e-01 4.344000e-03 9.078400e-02
525 9.051600e-01 4.196000e-03 9.064400e-02
526 9.052480e-01 4.216000e-03 9.053600e-02
527 9.052440e-01 4.344000e-03 9.041200e-02
528 9.052080e-01 4.412000e-03 9.038000e-02
529 9.053480e-01 4.344000e-03 9.030800e-02
530 9.053760e-01 4.356000e-03 9.026800e-02
531 9.054160e-01 4.312000e-03 9.027200e-02
532 9.056040e-01 4.364000e-03 9.003200e-02
533 9.058240e-01 4.352000e-03 8.982400e-02
534 9.059480e-01 4.348000e-03 8.970400e-02
535 9.061240e-01 4.284000e-03 8.959200e-02
536 9.061720e-01 4.448000e-03 8.938000e-02
537 9.063280e-01 4.464000e-03 8.920800e-02
538 9.064800e-01 4.476000e-03 8.904400e-02
539 9.066520e-01 4.448000e-03 8.890000e-02
540 9.067680e-01 4.508000e-03 8.872400e-02
541 9.067960e-01 4.608000e-03 8.859600e-02
542 9.068360e-01 4.748000e-03 8.841600e-02
543 9.067960e-01 4.916000e-03 8.828800e-02
544 9.069040e-01 4.884000e-03 8.821200e-02
545 9.070400e-01 4.768000e-03 8.819200e-02
546 9.069080e-01 4.852000e-03 8.824000e-02
547 9.070040e-01 4.692000e-03 8.830400e-02
548 9.072120e-01 4.580000e-03 8.820800e-02
549 9.075240e-01 4.532000e-03 8.794400e-02
550 9.077160e-01 4.456000e-03 8.782800e-02
551 9.078920e-01 4.516000e-03 8.759200e-02
552 9.081200e-01 4.444000e-03 8.743600e-02
553 9.081640e-01 4.436000e-03 8.740000e-02
554 9.082440e-01 4.504000e-03 8.725200e-02
555 9.082080e-01 4.580000e-03 8.721200e-02
556 9.083640e-01 4.520000e-03 8.711600e-02
557 9.083760e-01 4.636000e-03 8.698800e-02
558 9.085000e-01 4.532000e-03 8.696800e-02
559 9.085920e-01 4.456000e-03 8.695200e-02
560 9.086800e-01 4.468000e-03 8.685200e-02
561 9.088960e-01 4.424000e-03 8.668000e-02
562 9.091640e-01 4.320000e-03 8.651600e-02
563 9.091720e-01 4.320000e-03 8.650800e-02
564 9.093640e-01 4.224000e-03 8.641200e-02
565 9.096560e-01 4.172000e-03 8.617200e-02
566 9.099520e-01 4.084000e-03 8.596400e-02
567 9.101720e-01 4.092000e-03 8.573600e-02
568 9.103280e-01 4.060000e-03 8.561200e-02
569 9.104680e-01 4.044000e-03 8.548800e-02
570 9.105520e-01 4.060000e-03 8.538800e-02
571 9.107600e-01 4.072000e-03 8.516800e-02
572 9.108840e-01 4.000000e-03 8.511600e-02
573 9.109560e-01 3.980000e-03 8.506400e-02
574 9.111360e-01 4.016000e-03 8.484800e-02
575 9.113240e-01 4.016000e-03 8.466000e-02
576 9.112000e-01 4.236000e-03 8.456400e-02
577 9.112640e-01 4.228000e-03 8.450800e-02
578 9.114200e-01 4.288000e-03 8.429200e-02
579 9.115280e-01 4.248000e-03 8.422400e-02
580 9.115680e-01 4.328000e-03 8.410400e-02
581 9.118320e-01 4.252000e-03 8.391600e-02
582 9.119120e-01 4.248000e-03 8.384000e-02
583 9.117840e-01 4.416000e-03 8.380000e-02
584 9.119400e-01 4.312000e-03 8.374800e-02
585 9.120360e-01 4.256000e-03 8.370800e-02
586 9.121880e-01 4.208000e-03 8.360400e-02
587 9.122280e-01 4.232000e-03 8.354000e-02
588 9.122840e-01 4.220000e-03 8.349600e-02
589 9.124400e-01 4.136000e-03 8.342400e-02
590 9.125200e-01 4.108000e-03 8.337200e-02
591 9.127200e-01 3.996000e-03 8.328400e-02
592 9.126160e-01 4.120000e-03 8.326400e-02
593 9.126120e-01 4.180000e-03 8.320800e-02
594 9.126400e-01 4.224000e-03 8.313600e-02
595 9.126640e-01 4.236000e-03 8.310000e-02
596 9.128360e-01 4.152000e-03 8.301200e-02
597 9.129880e-01 4.116000e-03 8.289600e-02
598 9.130360e-01 4.124000e-03 8.284000e-02
599 9.129760e-01 4.200000e-03 8.282400e-02
600 9.130920e-01 4.184000e-03 8.272400e-02
601 9.131840e-01 4.088000e-03 8.272800e-02
602 9.132960e-01 4.140000e-03 8.256400e-02
603 9.134800e-01 3.900000e-03 8.262000e-02
604 9.137000e-01 3.824000e-03 8.247600e-02
605 9.137880e-01 3.856000e-03 8.235600e-02
606 9.138560e-01 3.888000e-03 8.225600e-02
607 9.139400e-01 3.852000e-03 8.220800e-02
608 9.140560e-01 3.944000e-03 8.200000e-02
609 9.141120e-01 4.052000e-03 8.183600e-02
610 9.143840e-01 3.936000e-03 8.168000e-02
611 9.144320e-01 4.016000e-03 8.155200e-02
612 9.145840e-01 4.068000e-03 8.134800e-02
613 9.146880e-01 4.140000e-03 8.117200e-02
614 9.146520e-01 4.380000e-03 8.096800e-02
615 9.146000e-01 4.440000e-03 8.096000e-02
616 9.146280e-01 4.484000e-03 8.088800e-02
617 9.147480e-01 4.436000e-03 8.081600e-02
618 9.147840e-01 4.436000e-03 8.078000e-02
619 9.148760e-01 4.396000e-03 8.072800e-02
620 9.149880e-01 4.488000e-03 8.052400e-02
621 9.151240e-01 4.360000e-03 8.051600e-02
622 9.153120e-01 4.296000e-03 8.039200e-02
623 9.152520e-01 4.356000e-03 8.039200e-02
624 9.153080e-01 4.320000e-03 8.037200e-02
625 9.154160e-01 4.252000e-03 8.033200e-02
626 9.155640e-01 4.296000e-03 8.014000e-02
627 9.156040e-01 4.236000e-03 8.016000e-02
628 9.156800e-01 4.312000e-03 8.000800e-02
629 9.156800e-01 4.320000e-03 8.000000e-02
630 9.155920e-01 4.328000e-03 8.008000e-02
631 9.155560e-01 4.560000e-03 7.988400e-02
632 9.155840e-01 4.716000e-03 7.970000e-02
633 9.156840e-01 4.636000e-03 7.968000e-02
634 9.156560e-01 4.624000e-03 7.972000e-02
635 9.157880e-01 4.624000e-03 7.958800e-02
636 9.158280e-01 4.476000e-03 7.969600e-02
637 9.158040e-01 4.500000e-03 7.969600e-02
638 9.157520e-01 4.624000e-03 7.962400e-02
639 9.156480e-01 4.668000e-03 7.968400e-02
640 9.154360e-01 4.796000e-03 7.976800e-02
641 9.153880e-01 4.824000e-03 7.978800e-02
642 9.152760e-01 4.936000e-03 7.978800e-02
643 9.153200e-01 4.816000e-03 7.986400e-02
644 9.153200e-01 4.672000e-03 8.000800e-02
645 9.153680e-01 4.540000e-03 8.009200e-02
646 9.153240e-01 4.592000e-03 8.008400e-02
647 9.153240e-01 4.580000e-03 8.009600e-02
648 9.155200e-01 4.472000e-03 8.000800e-02
649 9.155640e-01 4.356000e-03 8.008000e-02
650 9.156480e-01 4.356000e-03 7.999600e-02
651 9.159160e-01 4.188000e-03 7.989600e-02
652 9.160200e-01 4.260000e-03 7.972000e-02
653 9.160440e-01 4.276000e-03 7.968000e-02
654 9.160000e-01 4.372000e-03 7.962800e-02
655 9.159160e-01 4.456000e-03 7.962800e-02
656 9.158680e-01 4.456000e-03 7.967600e-02
657 9.158560e-01 4.524000e-03 7.962000e-02
658 9.159520e-01 4.468000e-03 7.958000e-02
659 9.160280e-01 4.560000e-03 7.941200e-02
660 9.159640e-01 4.628000e-03 7.940800e-02
661 9.158200e-01 4.736000e-03 7.944400e-02
662 9.157640e-01 4.748000e-03 7.948800e-02
663 9.158520e-01 4.672000e-03 7.947600e-02
664 9.159840e-01 4.532000e-03 7.948400e-02
665 9.159000e-01 4.564000e-03 7.953600e-02
666 9.158840e-01 4.492000e-03 7.962400e-02
667 9.159200e-01 4.516000e-03 7.956400e-02
668 9.159040e-01 4.612000e-03 7.948400e-02
669 9.159360e-01 4.432000e-03 7.963200e-02
670 9.159120e-01 4.568000e-03 7.952000e-02
671 9.160440e-01 4.516000e-03 7.944000e-02
672 9.161040e-01 4.472000e-03 7.942400e-02
673 9.161400e-01 4.380000e-03 7.948000e-02
674 9.161680e-01 4.492000e-03 7.934000e-02
675 9.161520e-01 4.560000e-03 7.928800e-02
676 9.162680e-01 4.484000e-03 7.924800e-02
677 9.161600e-01 4.584000e-03 7.925600e-02
678 9.162200e-01 4.560000e-03 7.922000e-02
679 9.161280e-01 4.700000e-03 7.917200e-02
680 9.160360e-01 4.624000e-03 7.934000e-02
681 9.160480e-01 4.428000e-03 7.952400e-02
682 9.160880e-01 4.472000e-03 7.944000e-02
683 9.159640e-01 4.544000e-03 7.949200e-02
684 9.159280e-01 4.512000e-03 7.956000e-02
685 9.160240e-01 4.408000e-03 7.956800e-02
686 9.160680e-01 4.420000e-03 7.951200e-02
687 9.161280e-01 4.424000e-03 7.944800e-02
688 9.161080e-01 4.468000e-03 7.942400e-02
689 9.161000e-01 4.404000e-03 7.949600e-02
690 9.160520e-01 4.532000e-03 7.941600e-02
691 9.158160e-01 4.692000e-03 7.949200e-02
692 9.157200e-01 4.740000e-03 7.954000e-02
693 9.157160e-01 4.768000e-03 7.951600e-02
694 9.158320e-01 4.740000e-03 7.942800e-02
695 9.157160e-01 4.820000e-03 7.946400e-02
696 9.157960e-01 4.684000e-03 7.952000e-02
697 9.156440e-01 4.772000e-03 7.958400e-02
698 9.155160e-01 4.868000e-03 7.961600e-02
699 9.154320e-01 4.860000e-03 7.970800e-02
700 9.153400e-01 4.864000e-03 7.979600e-02
701 9.154000e-01 4.708000e-03 7.989200e-02
702 9.154120e-01 4.716000e-03 7.987200e-02
703 9.153720e-01 4.864000e-03 7.976400e-02
704 9.154120e-01 4.808000e-03 7.978000e-02
705 9.153840e-01 4.844000e-03 7.977200e-02
706 9.153040e-01 4.936000e-03 7.976000e-02
707 9.152720e-01 4.936000e-03 7.979200e-02
708 9.152320e-01 4.892000e-03 7.987600e-02
709 9.152640e-01 4.808000e-03 7.992800e-02
710 9.152760e-01 4.848000e-03 7.987600e-02
711 9.150400e-01 4.936000e-03 8.002400e-02
712 9.149000e-01 4.976000e-03 8.012400e-02
713 9.147920e-01 5.040000e-03 8.016800e-02
714 9.146560e-01 5.036000e-03 8.030800e-02
715 9.145840e-01 4.956000e-03 8.046000e-02
716 9.144320e-01 5.040000e-03 8.052800e-02
717 9.142920e-01 5.072000e-03 8.063600e-02
718 9.143120e-01 5.072000e-03 8.061600e-02
719 9.143240e-01 4.996000e-03 8.068000e-02
720 9.142280e-01 5.048000e-03 8.072400e-02
721 9.142640e-01 4.940000e-03 8.079600e-02
722 9.142400e-01 4.968000e-03 8.079200e-02
723 9.141680e-01 5.012000e-03 8.082000e-02
724 9.141760e-01 4.908000e-03 8.091600e-02
725 9.141720e-01 4.904000e-03 8.092400e-02
726 9.142480e-01 4.736000e-03 8.101600e-02
727 9.142920e-01 4.620000e-03 8.108800e-02
728 9.143240e-01 4.680000e-03 8.099600e-02
729 9.142920e-01 4.604000e-03 8.110400e-02
730 9.143760e-01 4.508000e-03 8.111600e-02
731 9.144880e-01 4.528000e-03 8.098400e-02
732 9.146040e-01 4.556000e-03 8.084000e-02
733 9.145600e-01 4.592000e-03 8.084800e-02
734 9.146520e-01 4.492000e-03 8.085600e-02
735 9.146680e-01 4.484000e-03 8.084800e-02
736 9.147280e-01 4.460000e-03 8.081200e-02
737 9.147800e-01 4.368000e-03 8.085200e-02
738 9.147880e-01 4.336000e-03 8.087600e-02
739 9.148640e-01 4.352000e-03 8.078400e-02
740 9.149360e-01 4.324000e-03 8.074000e-02
741 9.149840e-01 4.308000e-03 8.070800e-02
742 9.150320e-01 4.316000e-03 8.065200e-02
743 9.151360e-01 4.292000e-03 8.057200e-02
744 9.152000e-01 4.332000e-03 8.046800e-02
745 9.153400e-01 4.388000e-03 8.027200e-02
746 9.153120e-01 4.448000e-03 8.024000e-02
747 9.153480e-01 4.372000e-03 8.028000e-02
748 9.154320e-01 4.412000e-03 8.015600e-02
749 9.155880e-01 4.308000e-03 8.010400e-02
750 9.155400e-01 4.400000e-03 8.006000e-02
751 9.156600e-01 4.368000e-03 7.997200e-02
752 9.156800e-01 4.456000e-03 7.986400e-02
753 9.156800e-01 4.512000e-03 7.980800e-02
754 9.157760e-01 4.376000e-03 7.984800e-02
755 9.160000e-01 4.204000e-03 7.979600e-02
756 9.159880e-01 4.252000e-03 7.976000e-02
757 9.161520e-01 4.144000e-03 7.970400e-02
758 9.162400e-01 4.120000e-03 7.964000e-02
759 9.163120e-01 4.120000e-03 7.956800e-02
760 9.163760e-01 4.048000e-03 7.957600e-02
761 9.163560e-01 4.108000e-03 7.953600e-02
762 9.164240e-01 4.068000e-03 7.950800e-02
763 9.165960e-01 4.084000e-03 7.932000e-02
764 9.165440e-01 4.116000e-03 7.934000e-02
765 9.165960e-01 4.112000e-03 7.929200e-02
766 9.166080e-01 4.124000e-03 7.926800e-02
767 9.165200e-01 4.184000e-03 7.929600e-02
768 9.165000e-01 4.252000e-03 7.924800e-02
769 9.165400e-01 4.332000e-03 7.912800e-02
770 9.165960e-01 4.300000e-03 7.910400e-02
771 9.166040e-01 4.412000e-03 7.898400e-02
772 9.166080e-01 4.324000e-03 7.906800e-02
773 9.165800e-01 4.312000e-03 7.910800e-02
774 9.166200e-01 4.308000e-03 7.907200e-02
775 9.166720e-01 4.268000e-03 7.906000e-02
776 9.166800e-01 4.216000e-03 7.910400e-02
777 9.169080e-01 4.036000e-03 7.905600e-02
778 9.170000e-01 3.976000e-03 7.902400e-02
779 9.170000e-01 4.004000e-03 7.899600e-02
780 9.170720e-01 4.008000e-03 7.892000e-02
781 9.170720e-01 4.136000e-03 7.879200e-02
782 9.171320e-01 4.108000e-03 7.876000e-02
783 9.172400e-01 4.192000e-03 7.856800e-02
784 9.173720e-01 4.064000e-03 7.856400e-02
785 9.174440e-01 4.088000e-03 7.846800e-02
786 9.176200e-01 4.124000e-03 7.825600e-02
787 9.177600e-01 4.036000e-03 7.820400e-02
788 9.177520e-01 4.116000e-03 7.813200e-02
789 9.178920e-01 3.952000e-03 7.815600e-02
790 9.180520e-01 3.892000e-03 7.805600e-02
791 9.182000e-01 3.736000e-03 7.806400e-02
792 9.181920e-01 3.704000e-03 7.810400e-02
793 9.184200e-01 3.640000e-03 7.794000e-02
794 9.184560e-01 3.680000e-03 7.786400e-02
795 9.185480e-01 3.596000e-03 7.785600e-02
796 9.187360e-01 3.648000e-03 7.761600e-02
797 9.189240e-01 3.568000e-03 7.750800e-02
798 9.191200e-01 3.572000e-03 7.730800e-02
799 9.191640e-01 3.492000e-03 7.734400e-02
800 9.192760e-01 3.524000e-03 7.720000e-02
801 9.194800e-01 3.484000e-03 7.703600e-02
802 9.197080e-01 3.416000e-03 7.687600e-02
803 9.197840e-01 3.520000e-03 7.669600e-02
804 9.199680e-01 3.476000e-03 7.655600e-02
805 9.201440e-01 3.456000e-03 7.640000e-02
806 9.202960e-01 3.508000e-03 7.619600e-02
807 9.204280e-01 3.456000e-03 7.611600e-02
808 9.205480e-01 3.444000e-03 7.600800e-02
809 9.206320e-01 3.464000e-03 7.590400e-02
810 9.207200e-01 3.412000e-03 7.586800e-02
811 9.207760e-01 3.424000e-03 7.580000e-02
812 9.209240e-01 3.376000e-03 7.570000e-02
813 9.211080e-01 3.304000e-03 7.558800e-02
814 9.213200e-01 3.300000e-03 7.538000e-02
815 9.215200e-01 3.268000e-03 7.521200e-02
816 9.216600e-01 3.224000e-03 7.511600e-02
817 9.217520e-01 3.212000e-03 7.503600e-02
818 9.218160e-01 3.364000e-03 7.482000e-02
819 9.220200e-01 3.356000e-03 7.462400e-02
820 9.221280e-01 3.440000e-03 7.443200e-02
821 9.222320e-01 3.536000e-03 7.423200e-02
822 9.222480e-01 3.512000e-03 7.424000e-02
823 9.222920e-01 3.536000e-03 7.417200e-02
824 9.222960e-01 3.592000e-03 7.411200e-02
825 9.223400e-01 3.504000e-03 7.415600e-02
826 9.223360e-01 3.512000e-03 7.415200e-02
827 9.223240e-01 3.664000e-03 7.401200e-02
828 9.224440e-01 3.732000e-03 7.382400e-02
829 9.225840e-01 3.856000e-03 7.356000e-02
830 9.226520e-01 3.948000e-03 7.340000e-02
831 9.227760e-01 3.908000e-03 7.331600e-02
832 9.229320e-01 3.816000e-03 7.325200e-02
833 9.230040e-01 3.684000e-03 7.331200e-02
834 9.230440e-01 3.640000e-03 7.331600e-02
835 9.231760e-01 3.600000e-03 7.322400e-02
836 9.232200e-01 3.640000e-03 7.314000e-02
837 9.233320e-01 3.580000e-03 7.308800e-02
838 9.235040e-01 3.500000e-03 7.299600e-02
839 9.235880e-01 3.588000e-03 7.282400e-02
840 9.237160e-01 3.476000e-03 7.280800e-02
841 9.237760e-01 3.476000e-03 7.274800e-02
842 9.238800e-01 3.580000e-03 7.254000e-02
843 9.240840e-01 3.532000e-03 7.238400e-02
844 9.242280e-01 3.512000e-03 7.226000e-02
845 9.243600e-01 3.352000e-03 7.228800e-02
846 9.243000e-01 3.348000e-03 7.235200e-02
847 9.244480e-01 3.344000e-03 7.220800e-02
848 9.245080e-01 3.404000e-03 7.208800e-02
849 9.246280e-01 3.412000e-03 7.196000e-02
850 9.248720e-01 3.420000e-03 7.170800e-02
851 9.250640e-01 3.400000e-03 7.153600e-02
852 9.251720e-01 3.356000e-03 7.147200e-02
853 9.253080e-01 3.296000e-03 7.139600e-02
854 9.253880e-01 3.304000e-03 7.130800e-02
855 9.256240e-01 3.360000e-03 7.101600e-02
856 9.257080e-01 3.372000e-03 7.092000e-02
857 9.257280e-01 3.364000e-03 7.090800e-02
858 9.256120e-01 3.588000e-03 7.080000e-02
859 9.256600e-01 3.636000e-03 7.070400e-02
860 9.258440e-01 3.496000e-03 7.066000e-02
861 9.260000e-01 3.452000e-03 7.054800e-02
862 9.262160e-01 3.328000e-03 7.045600e-02
863 9.264200e-01 3.276000e-03 7.030400e-02
864 9.266120e-01 3.216000e-03 7.017200e-02
865 9.265920e-01 3.252000e-03 7.015600e-02
866 9.267720e-01 3.236000e-03 6.999200e-02
867 9.269320e-01 3.196000e-03 6.987200e-02
868 9.270960e-01 3.264000e-03 6.964000e-02
869 9.272760e-01 3.196000e-03 6.952800e-02
870 9.274720e-01 3.140000e-03 6.938800e-02
871 9.276520e-01 3.160000e-03 6.918800e-02
872 9.276760e-01 3.260000e-03 6.906400e-02
873 9.277840e-01 3.328000e-03 6.888800e-02
874 9.279480e-01 3.260000e-03 6.879200e-02
875 9.281640e-01 3.140000e-03 6.869600e-02
876 9.282640e-01 3.184000e-03 6.855200e-02
877 9.283760e-01 3.228000e-03 6.839600e-02
878 9.285680e-01 3.148000e-03 6.828400e-02
879 9.287520e-01 3.092000e-03 6.815600e-02
880 9.288200e-01 3.040000e-03 6.814000e-02
881 9.289280e-01 3.060000e-03 6.801200e-02
882 9.290040e-01 3.108000e-03 6.788800e-02
883 9.290280e-01 3.176000e-03 6.779600e-02
884 9.290680e-01 3.284000e-03 6.764800e-02
885 9.291600e-01 3.316000e-03 6.752400e-02
886 9.292760e-01 3.396000e-03 6.732800e-02
887 9.293240e-01 3.448000e-03 6.722800e-02
888 9.294480e-01 3.452000e-03 6.710000e-02
889 9.295720e-01 3.460000e-03 6.696800e-02
890 9.296080e-01 3.512000e-03 6.688000e-02
891 9.295720e-01 3.532000e-03 6.689600e-02
892 9.295720e-01 3.604000e-03 6.682400e-02
893 9.295200e-01 3.636000e-03 6.684400e-02
894 9.296480e-01 3.524000e-03 6.682800e-02
895 9.297440e-01 3.480000e-03 6.677600e-02
896 9.297000e-01 3.536000e-03 6.676400e-02
897 9.297480e-01 3.588000e-03 6.666400e-02
898 9.296520e-01 3.648000e-03 6.670000e-02
899 9.297480e-01 3.488000e-03 6.676400e-02
900 9.299640e-01 3.420000e-03 6.661600e-02
901 9.300120e-01 3.428000e-03 6.656000e-02
902 9.300760e-01 3.412000e-03 6.651200e-02
903 9.301600e-01 3.488000e-03 6.635200e-02
904 9.301760e-01 3.508000e-03 6.631600e-02
905 9.303080e-01 3.504000e-03 6.618800e-02
906 9.304920e-01 3.416000e-03 6.609200e-02
907 9.306440e-01 3.392000e-03 6.596400e-02
908 9.306160e-01 3.548000e-03 6.583600e-02
909 9.307360e-01 3.488000e-03 6.577600e-02
910 9.309160e-01 3.388000e-03 6.569600e-02
911 9.310040e-01 3.452000e-03 6.554400e-02
912 9.311120e-01 3.396000e-03 6.549200e-02
913 9.312560e-01 3.440000e-03 6.530400e-02
914 9.312480e-01 3.436000e-03 6.531600e-02
915 9.312120e-01 3.528000e-03 6.526000e-02
916 9.311480e-01 3.620000e-03 6.523200e-02
917 9.310040e-01 3.660000e-03 6.533600e-02
918 9.310640e-01 3.620000e-03 6.531600e-02
919 9.311160e-01 3.496000e-03 6.538800e-02
920 9.311760e-01 3.484000e-03 6.534000e-02
921 9.311680e-01 3.384000e-03 6.544800e-02
922 9.313360e-01 3.320000e-03 6.534400e-02
923 9.314600e-01 3.252000e-03 6.528800e-02
924 9.315400e-01 3.236000e-03 6.522400e-02
925 9.316200e-01 3.288000e-03 6.509200e-02
926 9.315280e-01 3.412000e-03 6.506000e-02
927 9.315760e-01 3.388000e-03 6.503600e-02
928 9.316880e-01 3.400000e-03 6.491200e-02
929 9.318120e-01 3.384000e-03 6.480400e-02
930 9.318920e-01 3.348000e-03 6.476000e-02
931 9.320360e-01 3.360000e-03 6.460400e-02
932 9.319520e-01 3.536000e-03 6.451200e-02
