1 9.992640e-01 6.680000e-04 6.800000e-05
2 9.987200e-01 1.048000e-03 2.320000e-04
3 9.981000e-01 1.436000e-03 4.640000e-04
4 9.973920e-01 1.924000e-03 6.840000e-04
5 9.965520e-01 2.388000e-03 1.060000e-03
6 9.956840e-01 2.828000e-03 1.488000e-03
7 9.947760e-01 3.268000e-03 1.956000e-03
8 9.937240e-01 3.668000e-03 2.608000e-03
9 9.926440e-01 4.112000e-03 3.244000e-03
10 9.915280e-01 4.528000e-03 3.944000e-03
11 9.904640e-01 4.796000e-03 4.740000e-03
12 9.892440e-01 5.208000e-03 5.548000e-03
13 9.879760e-01 5.592000e-03 6.432000e-03
14 9.868080e-01 5.728000e-03 7.464000e-03
15 9.854400e-01 6.216000e-03 8.344000e-03
16 9.841280e-01 6.444000e-03 9.428000e-03
17 9.828720e-01 6.684000e-03 1.044400e-02
18 9.814640e-01 6.992000e-03 1.154400e-02
19 9.800680e-01 7.340000e-03 1.259200e-02
20 9.787040e-01 7.464000e-03 1.383200e-02
21 9.774720e-01 7.468000e-03 1.506000e-02
22 9.760640e-01 7.708000e-03 1.622800e-02
23 9.746800e-01 7.992000e-03 1.732800e-02
24 9.732960e-01 8.284000e-03 1.842000e-02
25 9.716440e-01 8.568000e-03 1.978800e-02
26 9.702680e-01 8.680000e-03 2.105200e-02
27 9.689640e-01 8.756000e-03 2.228000e-02
28 9.674440e-01 9.100000e-03 2.345600e-02
29 9.658760e-01 9.436000e-03 2.468800e-02
30 9.644080e-01 9.404000e-03 2.618800e-02
31 9.629720e-01 9.524000e-03 2.750400e-02
32 9.615400e-01 9.552000e-03 2.890800e-02
33 9.599320e-01 9.824000e-03 3.024400e-02
34 9.583520e-01 1.002800e-02 3.162000e-02
35 9.569120e-01 1.014400e-02 3.294400e-02
36 9.553000e-01 1.037600e-02 3.432400e-02
37 9.538640e-01 1.051600e-02 3.562000e-02
38 9.523160e-01 1.072400e-02 3.696000e-02
39 9.506520e-01 1.091600e-02 3.843200e-02
40 9.491440e-01 1.108800e-02 3.976800e-02
41 9.476040e-01 1.141200e-02 4.098400e-02
42 9.458840e-01 1.158400e-02 4.253200e-02
43 9.440640e-01 1.173200e-02 4.420400e-02
44 9.423280e-01 1.185200e-02 4.582000e-02
45 9.408480e-01 1.180000e-02 4.735200e-02
46 9.393360e-01 1.178800e-02 4.887600e-02
47 9.377720e-01 1.183600e-02 5.039200e-02
48 9.361560e-01 1.189600e-02 5.194800e-02
49 9.345400e-01 1.201200e-02 5.344800e-02
50 9.331440e-01 1.187600e-02 5.498000e-02
51 9.315120e-01 1.214000e-02 5.634800e-02
52 9.298600e-01 1.226800e-02 5.787200e-02
53 9.284160e-01 1.204400e-02 5.954000e-02
54 9.271000e-01 1.193600e-02 6.096400e-02
55 9.256680e-01 1.190400e-02 6.242800e-02
56 9.242600e-01 1.202800e-02 6.371200e-02
57 9.229160e-01 1.189600e-02 6.518800e-02
58 9.213000e-01 1.198800e-02 6.671200e-02
59 9.197320e-01 1.224400e-02 6.802400e-02
60 9.180800e-01 1.250000e-02 6.942000e-02
61 9.163720e-01 1.279600e-02 7.083200e-02
62 9.147560e-01 1.302000e-02 7.222400e-02
63 9.132600e-01 1.308400e-02 7.365600e-02
64 9.117760e-01 1.306400e-02 7.516000e-02
65 9.102120e-01 1.312800e-02 7.666000e-02
66 9.087920e-01 1.309600e-02 7.811200e-02
67 9.072000e-01 1.320800e-02 7.959200e-02
68 9.056560e-01 1.341600e-02 8.092800e-02
69 9.043040e-01 1.339600e-02 8.230000e-02
70 9.030000e-01 1.355600e-02 8.344400e-02
71 9.017080e-01 1.346000e-02 8.483200e-02
72 9.005360e-01 1.327200e-02 8.619200e-02
73 8.992400e-01 1.333200e-02 8.742800e-02
74 8.979720e-01 1.333200e-02 8.869600e-02
75 8.967280e-01 1.329200e-02 8.998000e-02
76 8.956080e-01 1.314400e-02 9.124800e-02
77 8.942480e-01 1.312400e-02 9.262800e-02
78 8.929120e-01 1.300400e-02 9.408400e-02
79 8.916280e-01 1.301200e-02 9.536000e-02
80 8.902760e-01 1.333600e-02 9.638800e-02
81 8.892080e-01 1.322800e-02 9.756400e-02
82 8.876720e-01 1.352800e-02 9.880000e-02
83 8.865800e-01 1.339600e-02 1.000240e-01
84 8.854160e-01 1.337200e-02 1.012120e-01
85 8.844080e-01 1.298400e-02 1.026080e-01
86 8.832840e-01 1.304800e-02 1.036680e-01
87 8.822640e-01 1.304400e-02 1.046920e-01
88 8.811800e-01 1.307600e-02 1.057440e-01
89 8.801200e-01 1.294800e-02 1.069320e-01
90 8.789280e-01 1.305600e-02 1.080160e-01
91 8.779240e-01 1.321600e-02 1.088600e-01
92 8.768640e-01 1.317200e-02 1.099640e-01
93 8.757960e-01 1.323200e-02 1.109720e-01
94 8.745800e-01 1.339200e-02 1.120280e-01
95 8.734600e-01 1.340800e-02 1.131320e-01
96 8.723280e-01 1.353600e-02 1.141360e-01
97 8.711760e-01 1.361200e-02 1.152120e-01
98 8.700480e-01 1.349600e-02 1.164560e-01
99 8.689720e-01 1.360400e-02 1.174240e-01
100 8.677920e-01 1.380000e-02 1.184080e-01
101 8.665400e-01 1.387600e-02 1.195840e-01
102 8.654720e-01 1.368000e-02 1.208480e-01
103 8.643400e-01 1.378400e-02 1.218760e-01
104 8.631240e-01 1.407200e-02 1.228040e-01
105 8.617600e-01 1.435600e-02 1.238840e-01
106 8.606040e-01 1.420400e-02 1.251920e-01
107 8.595200e-01 1.441200e-02 1.260680e-01
108 8.583400e-01 1.450000e-02 1.271600e-01
109 8.570960e-01 1.452000e-02 1.283840e-01
110 8.559880e-01 1.439600e-02 1.296160e-01
111 8.549440e-01 1.425200e-02 1.308040e-01
112 8.539000e-01 1.422000e-02 1.318800e-01
113 8.529360e-01 1.421200e-02 1.328520e-01
114 8.518240e-01 1.408400e-02 1.340920e-01
115 8.507240e-01 1.401200e-02 1.352640e-01
116 8.497200e-01 1.405200e-02 1.362280e-01
117 8.485440e-01 1.431600e-02 1.371400e-01
118 8.475160e-01 1.438400e-02 1.381000e-01
119 8.464880e-01 1.445600e-02 1.390560e-01
120 8.456240e-01 1.442400e-02 1.399520e-01
121 8.444160e-01 1.466000e-02 1.409240e-01
122 8.433720e-01 1.475200e-02 1.418760e-01
123 8.424360e-01 1.491200e-02 1.426520e-01
124 8.414840e-01 1.484800e-02 1.436680e-01
125 8.405040e-01 1.468000e-02 1.448160e-01
126 8.395960e-01 1.480800e-02 1.455960e-01
127 8.386960e-01 1.466400e-02 1.466400e-01
128 8.377240e-01 1.462000e-02 1.476560e-01
129 8.366640e-01 1.478000e-02 1.485560e-01
130 8.358840e-01 1.466800e-02 1.494480e-01
131 8.350440e-01 1.438000e-02 1.505760e-01
132 8.343000e-01 1.429600e-02 1.514040e-01
133 8.333600e-01 1.439600e-02 1.522440e-01
134 8.324520e-01 1.441600e-02 1.531320e-01
135 8.318560e-01 1.438800e-02 1.537560e-01
136 8.310480e-01 1.442400e-02 1.545280e-01
137 8.301000e-01 1.441200e-02 1.554880e-01
138 8.294120e-01 1.444800e-02 1.561400e-01
139 8.284880e-01 1.469600e-02 1.568160e-01
140 8.277680e-01 1.462000e-02 1.576120e-01
141 8.268200e-01 1.465600e-02 1.585240e-01
142 8.259040e-01 1.480000e-02 1.592960e-01
143 8.250560e-01 1.475600e-02 1.601880e-01
144 8.240760e-01 1.494800e-02 1.609760e-01
145 8.231720e-01 1.490000e-02 1.619280e-01
146 8.221840e-01 1.514400e-02 1.626720e-01
147 8.214560e-01 1.497200e-02 1.635720e-01
148 8.207160e-01 1.500800e-02 1.642760e-01
149 8.199800e-01 1.489200e-02 1.651280e-01
150 8.193360e-01 1.487200e-02 1.657920e-01
151 8.187160e-01 1.479200e-02 1.664920e-01
152 8.180160e-01 1.487600e-02 1.671080e-01
153 8.173000e-01 1.465600e-02 1.680440e-01
154 8.166000e-01 1.445200e-02 1.689480e-01
155 8.159040e-01 1.458400e-02 1.695120e-01
156 8.152240e-01 1.463200e-02 1.701440e-01
157 8.145240e-01 1.438400e-02 1.710920e-01
158 8.140680e-01 1.424400e-02 1.716880e-01
159 8.138080e-01 1.390400e-02 1.722880e-01
160 8.133440e-01 1.396400e-02 1.726920e-01
161 8.128880e-01 1.390400e-02 1.732080e-01
162 8.121880e-01 1.404000e-02 1.737720e-01
163 8.117760e-01 1.381600e-02 1.744080e-01
164 8.114600e-01 1.357200e-02 1.749680e-01
165 8.111440e-01 1.343200e-02 1.754240e-01
166 8.106640e-01 1.348800e-02 1.758480e-01
167 8.102120e-01 1.330800e-02 1.764800e-01
168 8.097720e-01 1.314000e-02 1.770880e-01
169 8.093600e-01 1.310400e-02 1.775360e-01
170 8.089960e-01 1.307200e-02 1.779320e-01
171 8.086560e-01 1.308000e-02 1.782640e-01
172 8.084800e-01 1.274400e-02 1.787760e-01
173 8.083600e-01 1.248400e-02 1.791560e-01
174 8.081160e-01 1.256000e-02 1.793240e-01
175 8.078720e-01 1.244800e-02 1.796800e-01
176 8.078400e-01 1.220800e-02 1.799520e-01
177 8.078960e-01 1.202400e-02 1.800800e-01
178 8.079040e-01 1.187200e-02 1.802240e-01
179 8.077520e-01 1.176400e-02 1.804840e-01
180 8.075600e-01 1.177600e-02 1.806640e-01
181 8.075600e-01 1.162800e-02 1.808120e-01
182 8.075920e-01 1.141600e-02 1.809920e-01
183 8.076200e-01 1.124800e-02 1.811320e-01
184 8.074360e-01 1.135200e-02 1.812120e-01
185 8.072080e-01 1.128400e-02 1.815080e-01
186 8.069760e-01 1.150400e-02 1.815200e-01
187 8.066360e-01 1.162400e-02 1.817400e-01
188 8.065640e-01 1.156800e-02 1.818680e-01
189 8.063440e-01 1.157600e-02 1.820800e-01
190 8.064080e-01 1.136400e-02 1.822280e-01
191 8.063920e-01 1.134800e-02 1.822600e-01
192 8.062560e-01 1.109600e-02 1.826480e-01
193 8.063240e-01 1.107600e-02 1.826000e-01
194 8.063280e-01 1.111600e-02 1.825560e-01
195 8.064520e-01 1.098400e-02 1.825640e-01
196 8.063680e-01 1.096400e-02 1.826680e-01
197 8.065080e-01 1.085600e-02 1.826360e-01
198 8.062800e-01 1.086800e-02 1.828520e-01
199 8.062160e-01 1.106400e-02 1.827200e-01
200 8.061920e-01 1.112800e-02 1.826800e-01
201 8.062240e-01 1.115600e-02 1.826200e-01
202 8.059920e-01 1.138800e-02 1.826200e-01
203 8.059040e-01 1.135200e-02 1.827440e-01
204 8.059240e-01 1.136400e-02 1.827120e-01
205 8.057960e-01 1.140400e-02 1.828000e-01
206 8.055520e-01 1.168400e-02 1.827640e-01
207 8.054640e-01 1.172800e-02 1.828080e-01
208 8.052640e-01 1.166400e-02 1.830720e-01
209 8.051400e-01 1.163200e-02 1.832280e-01
210 8.051240e-01 1.161600e-02 1.832600e-01
211 8.049720e-01 1.174000e-02 1.832880e-01
212 8.048800e-01 1.176800e-02 1.833520e-01
213 8.047440e-01 1.181600e-02 1.834400e-01
214 8.047400e-01 1.183600e-02 1.834240e-01
215 8.045960e-01 1.170000e-02 1.837040e-01
216 8.044480e-01 1.171600e-02 1.838360e-01
217 8.043640e-01 1.164800e-02 1.839880e-01
218 8.042840e-01 1.154400e-02 1.841720e-01
219 8.042160e-01 1.145600e-02 1.843280e-01
220 8.041000e-01 1.150000e-02 1.844000e-01
221 8.040840e-01 1.142400e-02 1.844920e-01
222 8.040680e-01 1.138800e-02 1.845440e-01
223 8.042080e-01 1.145200e-02 1.843400e-01
224 8.040720e-01 1.145200e-02 1.844760e-01
225 8.040080e-01 1.147200e-02 1.845200e-01
226 8.039280e-01 1.134800e-02 1.847240e-01
227 8.040200e-01 1.125600e-02 1.847240e-01
228 8.038800e-01 1.138800e-02 1.847320e-01
229 8.037200e-01 1.149200e-02 1.847880e-01
230 8.038000e-01 1.140000e-02 1.848000e-01
231 8.036480e-01 1.129600e-02 1.850560e-01
232 8.037000e-01 1.106400e-02 1.852360e-01
233 8.037680e-01 1.105200e-02 1.851800e-01
234 8.037480e-01 1.108000e-02 1.851720e-01
235 8.037880e-01 1.107600e-02 1.851360e-01
236 8.034440e-01 1.122800e-02 1.853280e-01
237 8.034520e-01 1.100800e-02 1.855400e-01
238 8.033720e-01 1.101200e-02 1.856160e-01
239 8.033640e-01 1.110400e-02 1.855320e-01
240 8.029520e-01 1.130800e-02 1.857400e-01
241 8.025520e-01 1.157600e-02 1.858720e-01
242 8.023320e-01 1.163200e-02 1.860360e-01
243 8.021720e-01 1.158400e-02 1.862440e-01
244 8.020480e-01 1.168400e-02 1.862680e-01
245 8.018560e-01 1.175600e-02 1.863880e-01
246 8.017120e-01 1.174800e-02 1.865400e-01
247 8.015120e-01 1.169600e-02 1.867920e-01
248 8.011680e-01 1.168000e-02 1.871520e-01
249 8.010440e-01 1.163600e-02 1.873200e-01
250 8.007720e-01 1.166800e-02 1.875600e-01
251 8.005000e-01 1.174000e-02 1.877600e-01
252 8.002440e-01 1.171600e-02 1.880400e-01
253 8.000920e-01 1.156400e-02 1.883440e-01
254 7.999200e-01 1.169600e-02 1.883840e-01
255 7.998600e-01 1.176000e-02 1.883800e-01
256 7.998920e-01 1.156800e-02 1.885400e-01
257 8.000760e-01 1.155600e-02 1.883680e-01
258 8.001160e-01 1.148000e-02 1.884040e-01
259 8.000400e-01 1.118800e-02 1.887720e-01
260 8.001040e-01 1.114000e-02 1.887560e-01
261 7.999680e-01 1.114000e-02 1.888920e-01
262 8.001280e-01 1.083200e-02 1.890400e-01
263 8.001200e-01 1.098400e-02 1.888960e-01
264 8.001400e-01 1.104000e-02 1.888200e-01
265 7.999760e-01 1.136000e-02 1.886640e-01
266 7.999680e-01 1.125600e-02 1.887760e-01
267 8.001680e-01 1.107600e-02 1.887560e-01
268 8.002320e-01 1.101200e-02 1.887560e-01
269 8.002080e-01 1.096400e-02 1.888280e-01
270 8.002600e-01 1.098400e-02 1.887560e-01
271 8.001880e-01 1.092800e-02 1.888840e-01
272 8.001600e-01 1.087200e-02 1.889680e-01
273 8.001960e-01 1.078800e-02 1.890160e-01
274 8.004240e-01 1.067600e-02 1.889000e-01
275 8.002640e-01 1.068800e-02 1.890480e-01
276 8.003560e-01 1.073600e-02 1.889080e-01
277 8.006040e-01 1.072400e-02 1.886720e-01
278 8.007600e-01 1.056000e-02 1.886800e-01
279 8.008440e-01 1.040800e-02 1.887480e-01
280 8.010160e-01 1.030400e-02 1.886800e-01
281 8.012600e-01 1.014400e-02 1.885960e-01
282 8.014120e-01 9.988000e-03 1.886000e-01
283 8.014880e-01 9.956000e-03 1.885560e-01
284 8.015280e-01 1.008000e-02 1.883920e-01
285 8.016040e-01 1.004400e-02 1.883520e-01
286 8.017520e-01 1.006000e-02 1.881880e-01
287 8.020480e-01 1.001200e-02 1.879400e-01
288 8.020040e-01 1.013200e-02 1.878640e-01
289 8.022720e-01 9.864000e-03 1.878640e-01
290 8.023560e-01 9.912000e-03 1.877320e-01
291 8.023200e-01 1.003600e-02 1.876440e-01
292 8.025640e-01 1.000800e-02 1.874280e-01
293 8.026240e-01 1.005600e-02 1.873200e-01
294 8.028440e-01 9.928000e-03 1.872280e-01
295 8.030640e-01 9.884000e-03 1.870520e-01
296 8.033800e-01 9.908000e-03 1.867120e-01
297 8.030840e-01 1.000000e-02 1.869160e-01
298 8.032040e-01 1.007200e-02 1.867240e-01
299 8.034000e-01 9.928000e-03 1.866720e-01
300 8.037360e-01 9.748000e-03 1.865160e-01
301 8.040440e-01 9.612000e-03 1.863440e-01
302 8.045120e-01 9.456000e-03 1.860320e-01
303 8.047720e-01 9.488000e-03 1.857400e-01
304 8.051080e-01 9.348000e-03 1.855440e-01
305 8.054640e-01 9.212000e-03 1.853240e-01
306 8.057840e-01 9.024000e-03 1.851920e-01
307 8.061480e-01 8.984000e-03 1.848680e-01
308 8.066120e-01 8.824000e-03 1.845640e-01
309 8.069320e-01 8.768000e-03 1.843000e-01
310 8.072240e-01 8.772000e-03 1.840040e-01
311 8.073200e-01 8.908000e-03 1.837720e-01
312 8.075760e-01 8.904000e-03 1.835200e-01
313 8.078960e-01 8.852000e-03 1.832520e-01
314 8.080120e-01 8.988000e-03 1.830000e-01
315 8.083960e-01 8.956000e-03 1.826480e-01
316 8.088000e-01 8.928000e-03 1.822720e-01
317 8.090680e-01 8.860000e-03 1.820720e-01
318 8.095400e-01 8.748000e-03 1.817120e-01
319 8.098840e-01 8.700000e-03 1.814160e-01
320 8.101080e-01 8.632000e-03 1.812600e-01
321 8.104600e-01 8.620000e-03 1.809200e-01
322 8.107760e-01 8.668000e-03 1.805560e-01
323 8.110720e-01 8.776000e-03 1.801520e-01
324 8.114320e-01 8.696000e-03 1.798720e-01
325 8.116840e-01 8.824000e-03 1.794920e-01
326 8.119160e-01 8.748000e-03 1.793360e-01
327 8.120720e-01 8.776000e-03 1.791520e-01
328 8.123120e-01 8.632000e-03 1.790560e-01
329 8.126040e-01 8.656000e-03 1.787400e-01
330 8.128200e-01 8.660000e-03 1.785200e-01
331 8.129360e-01 8.672000e-03 1.783920e-01
332 8.133640e-01 8.472000e-03 1.781640e-01
333 8.138120e-01 8.400000e-03 1.777880e-01
334 8.138760e-01 8.408000e-03 1.777160e-01
335 8.141680e-01 8.556000e-03 1.772760e-01
336 8.142840e-01 8.584000e-03 1.771320e-01
337 8.143960e-01 8.696000e-03 1.769080e-01
338 8.145920e-01 8.608000e-03 1.768000e-01
339 8.149280e-01 8.552000e-03 1.765200e-01
340 8.152920e-01 8.608000e-03 1.761000e-01
341 8.154960e-01 8.520000e-03 1.759840e-01
342 8.158080e-01 8.508000e-03 1.756840e-01
343 8.161960e-01 8.404000e-03 1.754000e-01
344 8.165200e-01 8.296000e-03 1.751840e-01
345 8.165840e-01 8.292000e-03 1.751240e-01
346 8.170600e-01 8.208000e-03 1.747320e-01
347 8.174680e-01 8.232000e-03 1.743000e-01
348 8.178600e-01 8.188000e-03 1.739520e-01
349 8.182920e-01 8.180000e-03 1.735280e-01
350 8.185840e-01 8.012000e-03 1.734040e-01
351 8.189760e-01 7.952000e-03 1.730720e-01
352 8.196520e-01 7.764000e-03 1.725840e-01
353 8.200880e-01 7.780000e-03 1.721320e-01
354 8.202360e-01 7.828000e-03 1.719360e-01
355 8.206960e-01 7.824000e-03 1.714800e-01
356 8.210080e-01 7.748000e-03 1.712440e-01
357 8.212680e-01 7.856000e-03 1.708760e-01
358 8.216840e-01 7.704000e-03 1.706120e-01
359 8.220680e-01 7.588000e-03 1.703440e-01
360 8.225600e-01 7.580000e-03 1.698600e-01
361 8.230480e-01 7.356000e-03 1.695960e-01
362 8.234760e-01 7.276000e-03 1.692480e-01
363 8.238880e-01 7.328000e-03 1.687840e-01
364 8.242360e-01 7.272000e-03 1.684920e-01
365 8.246000e-01 7.312000e-03 1.680880e-01
366 8.249960e-01 7.268000e-03 1.677360e-01
367 8.254680e-01 7.168000e-03 1.673640e-01
368 8.259280e-01 7.088000e-03 1.669840e-01
369 8.261440e-01 7.132000e-03 1.667240e-01
370 8.266000e-01 7.092000e-03 1.663080e-01
371 8.271600e-01 6.960000e-03 1.658800e-01
372 8.276680e-01 6.840000e-03 1.654920e-01
373 8.280880e-01 6.716000e-03 1.651960e-01
374 8.286280e-01 6.608000e-03 1.647640e-01
375 8.290280e-01 6.528000e-03 1.644440e-01
376 8.295560e-01 6.516000e-03 1.639280e-01
377 8.299280e-01 6.600000e-03 1.634720e-01
378 8.304720e-01 6.500000e-03 1.630280e-01
379 8.310400e-01 6.440000e-03 1.625200e-01
380 8.314600e-01 6.452000e-03 1.620880e-01
381 8.319800e-01 6.416000e-03 1.616040e-01
382 8.323760e-01 6.300000e-03 1.613240e-01
383 8.329960e-01 6.304000e-03 1.607000e-01
384 8.336600e-01 6.120000e-03 1.602200e-01
385 8.340200e-01 6.236000e-03 1.597440e-01
386 8.345080e-01 6.136000e-03 1.593560e-01
387 8.349920e-01 6.164000e-03 1.588440e-01
388 8.352960e-01 6.308000e-03 1.583960e-01
389 8.356520e-01 6.280000e-03 1.580680e-01
390 8.363080e-01 6.144000e-03 1.575480e-01
391 8.367960e-01 6.024000e-03 1.571800e-01
392 8.371680e-01 6.016000e-03 1.568160e-01
393 8.377200e-01 5.872000e-03 1.564080e-01
394 8.379760e-01 5.828000e-03 1.561960e-01
395 8.385680e-01 5.768000e-03 1.556640e-01
396 8.391000e-01 5.716000e-03 1.551840e-01
397 8.395480e-01 5.692000e-03 1.547600e-01
398 8.400200e-01 5.644000e-03 1.543360e-01
399 8.405320e-01 5.632000e-03 1.538360e-01
400 8.409600e-01 5.668000e-03 1.533720e-01
401 8.413360e-01 5.712000e-03 1.529520e-01
402 8.418200e-01 5.676000e-03 1.525040e-01
403 8.423520e-01 5.748000e-03 1.519000e-01
404 8.427760e-01 5.724000e-03 1.515000e-01
405 8.430760e-01 5.772000e-03 1.511520e-01
406 8.435400e-01 5.772000e-03 1.506880e-01
407 8.437840e-01 5.752000e-03 1.504640e-01
408 8.442040e-01 5.732000e-03 1.500640e-01
409 8.446960e-01 5.636000e-03 1.496680e-01
410 8.450080e-01 5.812000e-03 1.491800e-01
411 8.454120e-01 5.772000e-03 1.488160e-01
412 8.459720e-01 5.640000e-03 1.483880e-01
413 8.463320e-01 5.680000e-03 1.479880e-01
414 8.467480e-01 5.648000e-03 1.476040e-01
415 8.471560e-01 5.560000e-03 1.472840e-01
416 8.477120e-01 5.544000e-03 1.467440e-01
417 8.482040e-01 5.632000e-03 1.461640e-01
418 8.486720e-01 5.612000e-03 1.457160e-01
419 8.490520e-01 5.728000e-03 1.452200e-01
420 8.494440e-01 5.680000e-03 1.448760e-01
421 8.498680e-01 5.876000e-03 1.442560e-01
422 8.504120e-01 5.804000e-03 1.437840e-01
423 8.507720e-01 5.876000e-03 1.433520e-01
424 8.512680e-01 5.820000e-03 1.429120e-01
425 8.516680e-01 5.768000e-03 1.425640e-01
426 8.519960e-01 5.744000e-03 1.422600e-01
427 8.524840e-01 5.668000e-03 1.418480e-01
428 8.529000e-01 5.812000e-03 1.412880e-01
429 8.533080e-01 5.868000e-03 1.408240e-01
430 8.536200e-01 5.796000e-03 1.405840e-01
431 8.540480e-01 5.672000e-03 1.402800e-01
432 8.545640e-01 5.556000e-03 1.398800e-01
433 8.551520e-01 5.304000e-03 1.395440e-01
434 8.557320e-01 5.068000e-03 1.392000e-01
435 8.562840e-01 4.948000e-03 1.387680e-01
436 8.567720e-01 5.008000e-03 1.382200e-01
437 8.571920e-01 5.016000e-03 1.377920e-01
438 8.575880e-01 5.096000e-03 1.373160e-01
439 8.580200e-01 5.148000e-03 1.368320e-01
440 8.583760e-01 5.236000e-03 1.363880e-01
441 8.588400e-01 5.240000e-03 1.359200e-01
442 8.591920e-01 5.320000e-03 1.354880e-01
443 8.596560e-01 5.264000e-03 1.350800e-01
444 8.600160e-01 5.272000e-03 1.347120e-01
445 8.604280e-01 5.336000e-03 1.342360e-01
446 8.608760e-01 5.272000e-03 1.338520e-01
447 8.612840e-01 5.336000e-03 1.333800e-01
448 8.616400e-01 5.380000e-03 1.329800e-01
449 8.620720e-01 5.232000e-03 1.326960e-01
450 8.625480e-01 5.220000e-03 1.322320e-01
451 8.629840e-01 5.152000e-03 1.318640e-01
452 8.633080e-01 5.256000e-03 1.314360e-01
453 8.637480e-01 5.124000e-03 1.311280e-01
454 8.641840e-01 5.072000e-03 1.307440e-01
455 8.645400e-01 5.048000e-03 1.304120e-01
456 8.649520e-01 4.996000e-03 1.300520e-01
457 8.653800e-01 4.972000e-03 1.296480e-01
458 8.658440e-01 4.784000e-03 1.293720e-01
459 8.663880e-01 4.624000e-03 1.289880e-01
460 8.669880e-01 4.412000e-03 1.286000e-01
461 8.674320e-01 4.348000e-03 1.282200e-01
462 8.679080e-01 4.268000e-03 1.278240e-01
463 8.684520e-01 4.300000e-03 1.272480e-01
464 8.690640e-01 4.308000e-03 1.266280e-01
465 8.693920e-01 4.308000e-03 1.263000e-01
466 8.700640e-01 4.092000e-03 1.258440e-01
467 8.705680e-01 4.116000e-03 1.253160e-01
468 8.710800e-01 3.996000e-03 1.249240e-01
469 8.716480e-01 3.936000e-03 1.244160e-01
470 8.721600e-01 4.108000e-03 1.237320e-01
471 8.726440e-01 4.048000e-03 1.233080e-01
472 8.731360e-01 4.084000e-03 1.227800e-01
473 8.736480e-01 4.004000e-03 1.223480e-01
474 8.741560e-01 3.944000e-03 1.219000e-01
475 8.745640e-01 3.992000e-03 1.214440e-01
476 8.750200e-01 4.000000e-03 1.209800e-01
477 8.754600e-01 4.004000e-03 1.205360e-01
478 8.758160e-01 4.132000e-03 1.200520e-01
479 8.761920e-01 4.220000e-03 1.195880e-01
480 8.766680e-01 4.240000e-03 1.190920e-01
481 8.770040e-01 4.304000e-03 1.186920e-01
482 8.772520e-01 4.408000e-03 1.183400e-01
483 8.774560e-01 4.448000e-03 1.180960e-01
484 8.777200e-01 4.576000e-03 1.177040e-01
485 8.780840e-01 4.696000e-03 1.172200e-01
486 8.782720e-01 4.724000e-03 1.170040e-01
487 8.784560e-01 4.832000e-03 1.167120e-01
488 8.787080e-01 4.812000e-03 1.164800e-01
489 8.791160e-01 4.700000e-03 1.161840e-01
490 8.794360e-01 4.700000e-03 1.158640e-01
491 8.799040e-01 4.640000e-03 1.154560e-01
492 8.802400e-01 4.628000e-03 1.151320e-01
493 8.806080e-01 4.536000e-03 1.148560e-01
494 8.809840e-01 4.624000e-03 1.143920e-01
495 8.811480e-01 4.828000e-03 1.140240e-01
496 8.814640e-01 4.692000e-03 1.138440e-01
497 8.818280e-01 4.784000e-03 1.133880e-01
498 8.820640e-01 4.828000e-03 1.131080e-01
499 8.823240e-01 4.764000e-03 1.129120e-01
500 8.824880e-01 4.804000e-03 1.127080e-01
501 8.826160e-01 4.840000e-03 1.125440e-01
502 8.828040e-01 4.780000e-03 1.124160e-01
503 8.830720e-01 4.824000e-03 1.121040e-01
504 8.834320e-01 4.724000e-03 1.118440e-01
505 8.837160e-01 4.712000e-03 1.115720e-01
506 8.840080e-01 4.664000e-03 1.113280e-01
507 8.842560e-01 4.692000e-03 1.110520e-01
508 8.845000e-01 4.760000e-03 1.107400e-01
509 8.846000e-01 4.796000e-03 1.106040e-01
510 8.848040e-01 4.860000e-03 1.103360e-01
511 8.851320e-01 4.832000e-03 1.100360e-01
512 8.854000e-01 4.636000e-03 1.099640e-01
513 8.856720e-01 4.636000e-03 1.096920e-01
514 8.859640e-01 4.660000e-03 1.093760e-01
515 8.862520e-01 4.588000e-03 1.091600e-01
516 8.865600e-01 4.656000e-03 1.087840e-01
517 8.867800e-01 4.628000e-03 1.085920e-01
518 8.871360e-01 4.544000e-03 1.083200e-01
519 8.874600e-01 4.528000e-03 1.080120e-01
520 8.877320e-01 4.328000e-03 1.079400e-01
521 8.880120e-01 4.380000e-03 1.076080e-01
522 8.883680e-01 4.384000e-03 1.072480e-01
523 8.887640e-01 4.268000e-03 1.069680e-01
524 8.890080e-01 4.260000e-03 1.067320e-01
525 8.892440e-01 4.200000e-03 1.065560e-01
526 8.896120e-01 4.192000e-03 1.061960e-01
527 8.898880e-01 4.124000e-03 1.059880e-01
528 8.903320e-01 4.120000e-03 1.055480e-01
529 8.906520e-01 4.088000e-03 1.052600e-01
530 8.909520e-01 4.124000e-03 1.049240e-01
531 8.912600e-01 4.124000e-03 1.046160e-01
532 8.916280e-01 4.028000e-03 1.043440e-01
533 8.920240e-01 4.056000e-03 1.039200e-01
534 8.920680e-01 4.076000e-03 1.038560e-01
535 8.924200e-01 4.068000e-03 1.035120e-01
536 8.928120e-01 4.060000e-03 1.031280e-01
537 8.931720e-01 3.996000e-03 1.028320e-01
538 8.935320e-01 3.972000e-03 1.024960e-01
539 8.940520e-01 3.780000e-03 1.021680e-01
540 8.944880e-01 3.776000e-03 1.017360e-01
541 8.948000e-01 3.720000e-03 1.014800e-01
542 8.950560e-01 3.680000e-03 1.012640e-01
543 8.955080e-01 3.596000e-03 1.008960e-01
544 8.959760e-01 3.532000e-03 1.004920e-01
545 8.964280e-01 3.504000e-03 1.000680e-01
546 8.968400e-01 3.480000e-03 9.968000e-02
547 8.971160e-01 3.508000e-03 9.937600e-02
548 8.974800e-01 3.580000e-03 9.894000e-02
549 8.977360e-01 3.532000e-03 9.873200e-02
550 8.981880e-01 3.428000e-03 9.838400e-02
551 8.986000e-01 3.424000e-03 9.797600e-02
552 8.989480e-01 3.416000e-03 9.763600e-02
553 8.993440e-01 3.460000e-03 9.719600e-02
554 8.996600e-01 3.392000e-03 9.694800e-02
555 9.001160e-01 3.284000e-03 9.660000e-02
556 9.004200e-01 3.248000e-03 9.633200e-02
557 9.008000e-01 3.228000e-03 9.597200e-02
558 9.011640e-01 3.252000e-03 9.558400e-02
559 9.015000e-01 3.184000e-03 9.531600e-02
560 9.019040e-01 3.100000e-03 9.499600e-02
561 9.023600e-01 3.048000e-03 9.459200e-02
562 9.026280e-01 3.004000e-03 9.436800e-02
563 9.029440e-01 3.140000e-03 9.391600e-02
564 9.033120e-01 3.168000e-03 9.352000e-02
565 9.037360e-01 3.132000e-03 9.313200e-02
566 9.041680e-01 3.160000e-03 9.267200e-02
567 9.045280e-01 3.068000e-03 9.240400e-02
568 9.047600e-01 3.056000e-03 9.218400e-02
569 9.051480e-01 2.996000e-03 9.185600e-02
570 9.054800e-01 2.996000e-03 9.152400e-02
571 9.058440e-01 3.020000e-03 9.113600e-02
572 9.061920e-01 3.012000e-03 9.079600e-02
573 9.065000e-01 3.000000e-03 9.050000e-02
574 9.068880e-01 2.956000e-03 9.015600e-02
575 9.073360e-01 2.892000e-03 8.977200e-02
576 9.077160e-01 2.896000e-03 8.938800e-02
577 9.081680e-01 2.844000e-03 8.898800e-02
578 9.085160e-01 2.772000e-03 8.871200e-02
579 9.089200e-01 2.772000e-03 8.830800e-02
580 9.093480e-01 2.740000e-03 8.791200e-02
581 9.097000e-01 2.616000e-03 8.768400e-02
582 9.100680e-01 2.684000e-03 8.724800e-02
583 9.103920e-01 2.812000e-03 8.679600e-02
584 9.107000e-01 2.704000e-03 8.659600e-02
585 9.109640e-01 2.704000e-03 8.633200e-02
586 9.111960e-01 2.796000e-03 8.600800e-02
587 9.115360e-01 2.932000e-03 8.553200e-02
588 9.118760e-01 2.904000e-03 8.522000e-02
589 9.121120e-01 2.920000e-03 8.496800e-02
590 9.125320e-01 2.872000e-03 8.459600e-02
591 9.128720e-01 2.848000e-03 8.428000e-02
592 9.132200e-01 2.840000e-03 8.394000e-02
593 9.135560e-01 2.780000e-03 8.366400e-02
594 9.137440e-01 2.900000e-03 8.335600e-02
595 9.142760e-01 2.792000e-03 8.293200e-02
596 9.145040e-01 2.816000e-03 8.268000e-02
597 9.148120e-01 2.768000e-03 8.242000e-02
598 9.150760e-01 2.732000e-03 8.219200e-02
599 9.154400e-01 2.720000e-03 8.184000e-02
600 9.157440e-01 2.716000e-03 8.154000e-02
601 9.160480e-01 2.800000e-03 8.115200e-02
602 9.161960e-01 2.952000e-03 8.085200e-02
603 9.162920e-01 3.056000e-03 8.065200e-02
604 9.165720e-01 3.048000e-03 8.038000e-02
605 9.167360e-01 3.056000e-03 8.020800e-02
606 9.169400e-01 3.128000e-03 7.993200e-02
607 9.171880e-01 3.144000e-03 7.966800e-02
608 9.174240e-01 3.140000e-03 7.943600e-02
609 9.175760e-01 3.228000e-03 7.919600e-02
610 9.177880e-01 3.184000e-03 7.902800e-02
611 9.180360e-01 3.240000e-03 7.872400e-02
612 9.182800e-01 3.304000e-03 7.841600e-02
613 9.184640e-01 3.324000e-03 7.821200e-02
614 9.186480e-01 3.296000e-03 7.805600e-02
615 9.187880e-01 3.340000e-03 7.787200e-02
616 9.189360e-01 3.384000e-03 7.768000e-02
617 9.191760e-01 3.340000e-03 7.748400e-02
618 9.192320e-01 3.352000e-03 7.741600e-02
619 9.194440e-01 3.344000e-03 7.721200e-02
620 9.195040e-01 3.448000e-03 7.704800e-02
621 9.195800e-01 3.452000e-03 7.696800e-02
622 9.197880e-01 3.456000e-03 7.675600e-02
623 9.199840e-01 3.412000e-03 7.660400e-02
624 9.202440e-01 3.312000e-03 7.644400e-02
625 9.204800e-01 3.300000e-03 7.622000e-02
626 9.207880e-01 3.184000e-03 7.602800e-02
627 9.211120e-01 3.104000e-03 7.578400e-02
628 9.212520e-01 3.184000e-03 7.556400e-02
629 9.215080e-01 3.204000e-03 7.528800e-02
630 9.217680e-01 3.212000e-03 7.502000e-02
631 9.219600e-01 3.208000e-03 7.483200e-02
632 9.222320e-01 3.216000e-03 7.455200e-02
633 9.224600e-01 3.052000e-03 7.448800e-02
634 9.226960e-01 2.968000e-03 7.433600e-02
635 9.230000e-01 2.932000e-03 7.406800e-02
636 9.233240e-01 2.856000e-03 7.382000e-02
637 9.235280e-01 2.868000e-03 7.360400e-02
638 9.238120e-01 2.864000e-03 7.332400e-02
639 9.239280e-01 2.932000e-03 7.314000e-02
640 9.241160e-01 2.920000e-03 7.296400e-02
641 9.241840e-01 3.152000e-03 7.266400e-02
642 9.242440e-01 3.180000e-03 7.257600e-02
643 9.243280e-01 3.376000e-03 7.229600e-02
644 9.243640e-01 3.420000e-03 7.221600e-02
645 9.244360e-01 3.408000e-03 7.215600e-02
646 9.245920e-01 3.440000e-03 7.196800e-02
647 9.246480e-01 3.468000e-03 7.188400e-02
648 9.246920e-01 3.572000e-03 7.173600e-02
649 9.248120e-01 3.620000e-03 7.156800e-02
650 9.248040e-01 3.516000e-03 7.168000e-02
651 9.250000e-01 3.424000e-03 7.157600e-02
652 9.250760e-01 3.356000e-03 7.156800e-02
653 9.251400e-01 3.344000e-03 7.151600e-02
654 9.251640e-01 3.436000e-03 7.140000e-02
655 9.252680e-01 3.424000e-03 7.130800e-02
656 9.254280e-01 3.372000e-03 7.120000e-02
657 9.255080e-01 3.376000e-03 7.111600e-02
658 9.256280e-01 3.352000e-03 7.102000e-02
659 9.258720e-01 3.344000e-03 7.078400e-02
660 9.259600e-01 3.312000e-03 7.072800e-02
661 9.260000e-01 3.364000e-03 7.063600e-02
662 9.260440e-01 3.392000e-03 7.056400e-02
663 9.260960e-01 3.316000e-03 7.058800e-02
664 9.262960e-01 3.328000e-03 7.037600e-02
665 9.264960e-01 3.268000e-03 7.023600e-02
666 9.267720e-01 3.260000e-03 6.996800e-02
667 9.269320e-01 3.176000e-03 6.989200e-02
668 9.270520e-01 3.072000e-03 6.987600e-02
669 9.271800e-01 3.052000e-03 6.976800e-02
670 9.272680e-01 3.004000e-03 6.972800e-02
671 9.273440e-01 3.040000e-03 6.961600e-02
672 9.275200e-01 3.032000e-03 6.944800e-02
673 9.276360e-01 2.980000e-03 6.938400e-02
674 9.278720e-01 2.876000e-03 6.925200e-02
675 9.278080e-01 3.028000e-03 6.916400e-02
676 9.279760e-01 3.104000e-03 6.892000e-02
677 9.281520e-01 3.172000e-03 6.867600e-02
678 9.282960e-01 3.156000e-03 6.854800e-02
679 9.284160e-01 3.076000e-03 6.850800e-02
680 9.286200e-01 3.048000e-03 6.833200e-02
681 9.288440e-01 3.012000e-03 6.814400e-02
682 9.290360e-01 3.044000e-03 6.792000e-02
683 9.290480e-01 3.084000e-03 6.786800e-02
684 9.292040e-01 3.124000e-03 6.767200e-02
685 9.292760e-01 3.080000e-03 6.764400e-02
686 9.294360e-01 3.060000e-03 6.750400e-02
687 9.294600e-01 3.084000e-03 6.745600e-02
688 9.295440e-01 3.176000e-03 6.728000e-02
689 9.296640e-01 3.228000e-03 6.710800e-02
690 9.298480e-01 3.188000e-03 6.696400e-02
691 9.298920e-01 3.288000e-03 6.682000e-02
692 9.300120e-01 3.264000e-03 6.672400e-02
693 9.300120e-01 3.288000e-03 6.670000e-02
694 9.301160e-01 3.196000e-03 6.668800e-02
695 9.302200e-01 3.236000e-03 6.654400e-02
696 9.303320e-01 3.192000e-03 6.647600e-02
697 9.305720e-01 3.172000e-03 6.625600e-02
698 9.307280e-01 3.148000e-03 6.612400e-02
699 9.308520e-01 3.152000e-03 6.599600e-02
700 9.309440e-01 3.116000e-03 6.594000e-02
701 9.310400e-01 3.180000e-03 6.578000e-02
702 9.311000e-01 3.296000e-03 6.560400e-02
703 9.311400e-01 3.284000e-03 6.557600e-02
704 9.312600e-01 3.348000e-03 6.539200e-02
705 9.313600e-01 3.416000e-03 6.522400e-02
706 9.313160e-01 3.412000e-03 6.527200e-02
707 9.312080e-01 3.472000e-03 6.532000e-02
708 9.311960e-01 3.548000e-03 6.525600e-02
709 9.312680e-01 3.504000e-03 6.522800e-02
710 9.313080e-01 3.372000e-03 6.532000e-02
711 9.312640e-01 3.376000e-03 6.536000e-02
712 9.312600e-01 3.512000e-03 6.522800e-02
713 9.313000e-01 3.552000e-03 6.514800e-02
714 9.311760e-01 3.708000e-03 6.511600e-02
715 9.311320e-01 3.692000e-03 6.517600e-02
716 9.310640e-01 3.736000e-03 6.520000e-02
717 9.310640e-01 3.780000e-03 6.515600e-02
718 9.310800e-01 3.792000e-03 6.512800e-02
719 9.312200e-01 3.760000e-03 6.502000e-02
720 9.312920e-01 3.796000e-03 6.491200e-02
721 9.312400e-01 3.840000e-03 6.492000e-02
722 9.312080e-01 3.816000e-03 6.497600e-02
723 9.311160e-01 3.868000e-03 6.501600e-02
724 9.310760e-01 3.768000e-03 6.515600e-02
725 9.310120e-01 3.788000e-03 6.520000e-02
726 9.309600e-01 3.856000e-03 6.518400e-02
727 9.308840e-01 3.904000e-03 6.521200e-02
728 9.306960e-01 4.008000e-03 6.529600e-02
729 9.306520e-01 3.876000e-03 6.547200e-02
730 9.305880e-01 3.920000e-03 6.549200e-02
731 9.305720e-01 3.988000e-03 6.544000e-02
732 9.306440e-01 3.944000e-03 6.541200e-02
733 9.306120e-01 4.060000e-03 6.532800e-02
734 9.305600e-01 4.108000e-03 6.533200e-02
735 9.304720e-01 4.256000e-03 6.527200e-02
736 9.305040e-01 4.244000e-03 6.525200e-02
737 9.303400e-01 4.320000e-03 6.534000e-02
738 9.301560e-01 4.292000e-03 6.555200e-02
739 9.300400e-01 4.348000e-03 6.561200e-02
740 9.299920e-01 4.348000e-03 6.566000e-02
741 9.299200e-01 4.252000e-03 6.582800e-02
742 9.299320e-01 4.320000e-03 6.574800e-02
743 9.297440e-01 4.384000e-03 6.587200e-02
744 9.297640e-01 4.324000e-03 6.591200e-02
745 9.297120e-01 4.400000e-03 6.588800e-02
746 9.296680e-01 4.452000e-03 6.588000e-02
747 9.295120e-01 4.436000e-03 6.605200e-02
748 9.293000e-01 4.492000e-03 6.620800e-02
749 9.291800e-01 4.504000e-03 6.631600e-02
750 9.290200e-01 4.516000e-03 6.646400e-02
751 9.290760e-01 4.336000e-03 6.658800e-02
752 9.290920e-01 4.292000e-03 6.661600e-02
753 9.290240e-01 4.204000e-03 6.677200e-02
754 9.290920e-01 4.244000e-03 6.666400e-02
755 9.292000e-01 4.172000e-03 6.662800e-02
756 9.292400e-01 4.092000e-03 6.666800e-02
757 9.291360e-01 3.964000e-03 6.690000e-02
758 9.291480e-01 3.944000e-03 6.690800e-02
759 9.290080e-01 4.028000e-03 6.696400e-02
760 9.289360e-01 4.148000e-03 6.691600e-02
761 9.288880e-01 4.076000e-03 6.703600e-02
762 9.288920e-01 4.028000e-03 6.708000e-02
763 9.288440e-01 4.068000e-03 6.708800e-02
764 9.288560e-01 3.832000e-03 6.731200e-02
765 9.288360e-01 3.844000e-03 6.732000e-02
766 9.289520e-01 3.856000e-03 6.719200e-02
767 9.289120e-01 3.872000e-03 6.721600e-02
768 9.288960e-01 3.952000e-03 6.715200e-02
769 9.288760e-01 3.868000e-03 6.725600e-02
770 9.288520e-01 3.840000e-03 6.730800e-02
771 9.287680e-01 3.804000e-03 6.742800e-02
772 9.287960e-01 3.852000e-03 6.735200e-02
773 9.288280e-01 3.836000e-03 6.733600e-02
774 9.288840e-01 3.732000e-03 6.738400e-02
775 9.288440e-01 3.832000e-03 6.732400e-02
776 9.288160e-01 3.840000e-03 6.734400e-02
777 9.286320e-01 3.940000e-03 6.742800e-02
778 9.285120e-01 4.016000e-03 6.747200e-02
779 9.285160e-01 4.080000e-03 6.740400e-02
780 9.284240e-01 4.164000e-03 6.741200e-02
781 9.283440e-01 4.220000e-03 6.743600e-02
782 9.283040e-01 4.340000e-03 6.735600e-02
783 9.283360e-01 4.292000e-03 6.737200e-02
784 9.282880e-01 4.244000e-03 6.746800e-02
785 9.282040e-01 4.348000e-03 6.744800e-02
786 9.281840e-01 4.408000e-03 6.740800e-02
787 9.281640e-01 4.272000e-03 6.756400e-02
788 9.279960e-01 4.336000e-03 6.766800e-02
789 9.280240e-01 4.348000e-03 6.762800e-02
790 9.278680e-01 4.428000e-03 6.770400e-02
791 9.278320e-01 4.388000e-03 6.778000e-02
792 9.277120e-01 4.520000e-03 6.776800e-02
793 9.275240e-01 4.656000e-03 6.782000e-02
794 9.272960e-01 4.760000e-03 6.794400e-02
795 9.272120e-01 4.568000e-03 6.822000e-02
796 9.272400e-01 4.488000e-03 6.827200e-02
797 9.272480e-01 4.444000e-03 6.830800e-02
798 9.270880e-01 4.460000e-03 6.845200e-02
799 9.270000e-01 4.356000e-03 6.864400e-02
800 9.269600e-01 4.312000e-03 6.872800e-02
801 9.269840e-01 4.356000e-03 6.866000e-02
802 9.271800e-01 4.172000e-03 6.864800e-02
803 9.271600e-01 4.180000e-03 6.866000e-02
804 9.270120e-01 4.224000e-03 6.876400e-02
805 9.269360e-01 4.164000e-03 6.890000e-02
806 9.266720e-01 4.452000e-03 6.887600e-02
807 9.265480e-01 4.456000e-03 6.899600e-02
808 9.263880e-01 4.504000e-03 6.910800e-02
809 9.263720e-01 4.396000e-03 6.923200e-02
810 9.263680e-01 4.292000e-03 6.934000e-02
811 9.263240e-01 4.348000e-03 6.932800e-02
812 9.262920e-01 4.244000e-03 6.946400e-02
813 9.261800e-01 4.272000e-03 6.954800e-02
814 9.261120e-01 4.312000e-03 6.957600e-02
815 9.261080e-01 4.336000e-03 6.955600e-02
816 9.261200e-01 4.292000e-03 6.958800e-02
817 9.263040e-01 4.140000e-03 6.955600e-02
818 9.262080e-01 4.200000e-03 6.959200e-02
819 9.262720e-01 4.156000e-03 6.957200e-02
820 9.263240e-01 4.044000e-03 6.963200e-02
821 9.263560e-01 4.012000e-03 6.963200e-02
822 9.264160e-01 3.980000e-03 6.960400e-02
823 9.264600e-01 3.940000e-03 6.960000e-02
824 9.264680e-01 4.072000e-03 6.946000e-02
825 9.264960e-01 4.056000e-03 6.944800e-02
826 9.265280e-01 4.100000e-03 6.937200e-02
827 9.266800e-01 4.140000e-03 6.918000e-02
828 9.266720e-01 4.024000e-03 6.930400e-02
829 9.267600e-01 3.964000e-03 6.927600e-02
830 9.266920e-01 3.972000e-03 6.933600e-02
831 9.266880e-01 3.928000e-03 6.938400e-02
832 9.267040e-01 3.968000e-03 6.932800e-02
833 9.266680e-01 3.908000e-03 6.942400e-02
834 9.266560e-01 4.004000e-03 6.934000e-02
835 9.266840e-01 3.980000e-03 6.933600e-02
836 9.266360e-01 3.972000e-03 6.939200e-02
837 9.265800e-01 4.032000e-03 6.938800e-02
838 9.266640e-01 3.928000e-03 6.940800e-02
839 9.267400e-01 4.020000e-03 6.924000e-02
840 9.267880e-01 4.016000e-03 6.919600e-02
841 9.268840e-01 3.824000e-03 6.929200e-02
842 9.269320e-01 3.796000e-03 6.927200e-02
843 9.269360e-01 3.808000e-03 6.925600e-02
844 9.271200e-01 3.788000e-03 6.909200e-02
845 9.271200e-01 3.784000e-03 6.909600e-02
846 9.270680e-01 3.892000e-03 6.904000e-02
847 9.271440e-01 3.908000e-03 6.894800e-02
848 9.271760e-01 3.800000e-03 6.902400e-02
849 9.272760e-01 3.664000e-03 6.906000e-02
850 9.272880e-01 3.616000e-03 6.909600e-02
851 9.273000e-01 3.704000e-03 6.899600e-02
852 9.271880e-01 3.752000e-03 6.906000e-02
853 9.272400e-01 3.740000e-03 6.902000e-02
854 9.271960e-01 3.840000e-03 6.896400e-02
855 9.273160e-01 3.752000e-03 6.893200e-02
856 9.273760e-01 3.700000e-03 6.892400e-02
857 9.275320e-01 3.692000e-03 6.877600e-02
858 9.276440e-01 3.716000e-03 6.864000e-02
859 9.277120e-01 3.620000e-03 6.866800e-02
860 9.278040e-01 3.604000e-03 6.859200e-02
861 9.279120e-01 3.624000e-03 6.846400e-02
862 9.279600e-01 3.508000e-03 6.853200e-02
863 9.281040e-01 3.536000e-03 6.836000e-02
864 9.282400e-01 3.560000e-03 6.820000e-02
865 9.282280e-01 3.632000e-03 6.814000e-02
866 9.283200e-01 3.660000e-03 6.802000e-02
867 9.284080e-01 3.600000e-03 6.799200e-02
868 9.284440e-01 3.592000e-03 6.796400e-02
869 9.284960e-01 3.676000e-03 6.782800e-02
870 9.285520e-01 3.660000e-03 6.778800e-02
871 9.286160e-01 3.704000e-03 6.768000e-02
872 9.286320e-01 3.800000e-03 6.756800e-02
873 9.286800e-01 3.744000e-03 6.757600e-02
874 9.287720e-01 3.692000e-03 6.753600e-02
875 9.287160e-01 3.664000e-03 6.762000e-02
876 9.286200e-01 3.724000e-03 6.765600e-02
877 9.287720e-01 3.652000e-03 6.757600e-02
878 9.287160e-01 3.724000e-03 6.756000e-02
879 9.286520e-01 3.812000e-03 6.753600e-02
880 9.287000e-01 3.788000e-03 6.751200e-02
881 9.287560e-01 3.728000e-03 6.751600e-02
882 9.288160e-01 3.788000e-03 6.739600e-02
883 9.288880e-01 3.648000e-03 6.746400e-02
884 9.288960e-01 3.672000e-03 6.743200e-02
885 9.290400e-01 3.652000e-03 6.730800e-02
886 9.292080e-01 3.608000e-03 6.718400e-02
887 9.293000e-01 3.608000e-03 6.709200e-02
888 9.293040e-01 3.516000e-03 6.718000e-02
889 9.293800e-01 3.452000e-03 6.716800e-02
890 9.294880e-01 3.496000e-03 6.701600e-02
891 9.295120e-01 3.472000e-03 6.701600e-02
892 9.297040e-01 3.384000e-03 6.691200e-02
893 9.298640e-01 3.408000e-03 6.672800e-02
894 9.298840e-01 3.536000e-03 6.658000e-02
895 9.298840e-01 3.528000e-03 6.658800e-02
896 9.299840e-01 3.536000e-03 6.648000e-02
897 9.300320e-01 3.604000e-03 6.636400e-02
898 9.301120e-01 3.636000e-03 6.625200e-02
899 9.301080e-01 3.724000e-03 6.616800e-02
900 9.300320e-01 3.768000e-03 6.620000e-02
901 9.298920e-01 3.876000e-03 6.623200e-02
902 9.299360e-01 3.868000e-03 6.619600e-02
903 9.297760e-01 4.040000e-03 6.618400e-02
904 9.297360e-01 4.044000e-03 6.622000e-02
905 9.296760e-01 4.124000e-03 6.620000e-02
906 9.297160e-01 4.128000e-03 6.615600e-02
907 9.296160e-01 4.204000e-03 6.618000e-02
908 9.295800e-01 4.252000e-03 6.616800e-02
909 9.294360e-01 4.348000e-03 6.621600e-02
910 9.293440e-01 4.308000e-03 6.634800e-02
911 9.293280e-01 4.296000e-03 6.637600e-02
912 9.293320e-01 4.316000e-03 6.635200e-02
913 9.292200e-01 4.260000e-03 6.652000e-02
914 9.292080e-01 4.164000e-03 6.662800e-02
915 9.292720e-01 4.016000e-03 6.671200e-02
916 9.292600e-01 3.988000e-03 6.675200e-02
917 9.293720e-01 3.888000e-03 6.674000e-02
918 9.294640e-01 3.776000e-03 6.676000e-02
919 9.293760e-01 3.912000e-03 6.671200e-02
920 9.293480e-01 3.836000e-03 6.681600e-02
921 9.293440e-01 3.744000e-03 6.691200e-02
922 9.291760e-01 3.872000e-03 6.695200e-02
923 9.291360e-01 3.924000e-03 6.694000e-02
924 9.289880e-01 3.992000e-03 6.702000e-02
925 9.289760e-01 3.916000e-03 6.710800e-02
926 9.289720e-01 3.816000e-03 6.721200e-02
927 9.290720e-01 3.712000e-03 6.721600e-02
928 9.290400e-01 3.624000e-03 6.733600e-02
929 9.292280e-01 3.444000e-03 6.732800e-02
930 9.293960e-01 3.364000e-03 6.724000e-02
931 9.294760e-01 3.300000e-03 6.722400e-02
932 9.297200e-01 3.224000e-03 6.705600e-02
