1 9.992680e-01 6.240000e-04 1.080000e-04
2 9.987720e-01 1.024000e-03 2.040000e-04
3 9.981240e-01 1.472000e-03 4.040000e-04
4 9.974960e-01 1.856000e-03 6.480000e-04
5 9.967440e-01 2.272000e-03 9.840000e-04
6 9.960520e-01 2.520000e-03 1.428000e-03
7 9.951840e-01 3.036000e-03 1.780000e-03
8 9.944680e-01 3.252000e-03 2.280000e-03
9 9.935760e-01 3.708000e-03 2.716000e-03
10 9.925800e-01 4.168000e-03 3.252000e-03
11 9.915880e-01 4.620000e-03 3.792000e-03
12 9.906440e-01 4.984000e-03 4.372000e-03
13 9.895160e-01 5.404000e-03 5.080000e-03
14 9.885280e-01 5.712000e-03 5.760000e-03
15 9.875200e-01 6.068000e-03 6.412000e-03
16 9.863240e-01 6.464000e-03 7.212000e-03
17 9.851960e-01 6.860000e-03 7.944000e-03
18 9.840760e-01 7.156000e-03 8.768000e-03
19 9.829400e-01 7.572000e-03 9.488000e-03
20 9.818000e-01 7.996000e-03 1.020400e-02
21 9.807800e-01 8.288000e-03 1.093200e-02
22 9.793920e-01 8.908000e-03 1.170000e-02
23 9.781040e-01 9.156000e-03 1.274000e-02
24 9.767320e-01 9.644000e-03 1.362400e-02
25 9.751440e-01 1.027200e-02 1.458400e-02
26 9.739080e-01 1.058000e-02 1.551200e-02
27 9.725600e-01 1.099200e-02 1.644800e-02
28 9.712240e-01 1.130000e-02 1.747600e-02
29 9.699520e-01 1.170800e-02 1.834000e-02
30 9.685960e-01 1.201600e-02 1.938800e-02
31 9.671400e-01 1.241600e-02 2.044400e-02
32 9.657200e-01 1.280000e-02 2.148000e-02
33 9.641960e-01 1.321200e-02 2.259200e-02
34 9.627960e-01 1.358800e-02 2.361600e-02
35 9.614480e-01 1.393600e-02 2.461600e-02
36 9.597280e-01 1.439600e-02 2.587600e-02
37 9.581800e-01 1.484000e-02 2.698000e-02
38 9.566560e-01 1.527200e-02 2.807200e-02
39 9.552720e-01 1.565600e-02 2.907200e-02
40 9.538160e-01 1.625600e-02 2.992800e-02
41 9.520080e-01 1.678000e-02 3.121200e-02
42 9.504920e-01 1.715200e-02 3.235600e-02
43 9.488440e-01 1.758800e-02 3.356800e-02
44 9.470120e-01 1.800400e-02 3.498400e-02
45 9.454240e-01 1.855600e-02 3.602000e-02
46 9.439240e-01 1.887200e-02 3.720400e-02
47 9.422520e-01 1.952400e-02 3.822400e-02
48 9.404320e-01 2.000400e-02 3.956400e-02
49 9.385520e-01 2.056800e-02 4.088000e-02
50 9.367240e-01 2.100800e-02 4.226800e-02
51 9.351360e-01 2.142800e-02 4.343600e-02
52 9.334920e-01 2.177200e-02 4.473600e-02
53 9.317360e-01 2.234400e-02 4.592000e-02
54 9.297040e-01 2.279200e-02 4.750400e-02
55 9.281880e-01 2.310000e-02 4.871200e-02
56 9.262800e-01 2.364000e-02 5.008000e-02
57 9.244280e-01 2.445600e-02 5.111600e-02
58 9.221360e-01 2.499600e-02 5.286800e-02
59 9.202400e-01 2.534800e-02 5.441200e-02
60 9.186440e-01 2.562000e-02 5.573600e-02
61 9.172400e-01 2.578000e-02 5.698000e-02
62 9.155160e-01 2.593200e-02 5.855200e-02
63 9.137720e-01 2.656000e-02 5.966800e-02
64 9.121200e-01 2.705200e-02 6.082800e-02
65 9.102000e-01 2.747600e-02 6.232400e-02
66 9.083840e-01 2.772000e-02 6.389600e-02
67 9.064160e-01 2.842400e-02 6.516000e-02
68 9.045040e-01 2.899600e-02 6.650000e-02
69 9.029600e-01 2.938800e-02 6.765200e-02
70 9.011240e-01 2.944800e-02 6.942800e-02
71 8.997000e-01 2.979200e-02 7.050800e-02
72 8.974760e-01 3.048400e-02 7.204000e-02
73 8.956760e-01 3.101600e-02 7.330800e-02
74 8.941640e-01 3.134000e-02 7.449600e-02
75 8.921120e-01 3.208000e-02 7.580800e-02
76 8.900760e-01 3.294000e-02 7.698400e-02
77 8.880760e-01 3.326400e-02 7.866000e-02
78 8.859120e-01 3.372800e-02 8.036000e-02
79 8.841360e-01 3.395200e-02 8.191200e-02
80 8.823120e-01 3.402000e-02 8.366800e-02
81 8.803880e-01 3.447200e-02 8.514000e-02
82 8.789080e-01 3.475200e-02 8.634000e-02
83 8.769920e-01 3.554400e-02 8.746400e-02
84 8.746320e-01 3.644000e-02 8.892800e-02
85 8.727440e-01 3.697200e-02 9.028400e-02
86 8.706000e-01 3.755600e-02 9.184400e-02
87 8.686360e-01 3.792800e-02 9.343600e-02
88 8.665600e-01 3.840400e-02 9.503600e-02
89 8.650120e-01 3.866400e-02 9.632400e-02
90 8.628360e-01 3.932000e-02 9.784400e-02
91 8.609160e-01 4.007600e-02 9.900800e-02
92 8.585400e-01 4.073600e-02 1.007240e-01
93 8.565400e-01 4.125200e-02 1.022080e-01
94 8.545760e-01 4.174400e-02 1.036800e-01
95 8.525800e-01 4.205600e-02 1.053640e-01
96 8.503040e-01 4.253600e-02 1.071600e-01
97 8.484000e-01 4.316000e-02 1.084400e-01
98 8.465840e-01 4.361600e-02 1.098000e-01
99 8.446360e-01 4.405600e-02 1.113080e-01
100 8.426400e-01 4.449200e-02 1.128680e-01
101 8.411920e-01 4.454800e-02 1.142600e-01
102 8.397320e-01 4.472000e-02 1.155480e-01
103 8.374360e-01 4.518800e-02 1.173760e-01
104 8.351000e-01 4.566000e-02 1.192400e-01
105 8.330800e-01 4.623200e-02 1.206880e-01
106 8.311720e-01 4.679200e-02 1.220360e-01
107 8.291960e-01 4.703200e-02 1.237720e-01
108 8.269400e-01 4.757200e-02 1.254880e-01
109 8.253200e-01 4.766400e-02 1.270160e-01
110 8.234600e-01 4.843200e-02 1.281080e-01
111 8.216760e-01 4.858400e-02 1.297400e-01
112 8.196560e-01 4.949200e-02 1.308520e-01
113 8.178240e-01 4.958400e-02 1.325920e-01
114 8.159880e-01 4.988000e-02 1.341320e-01
115 8.137400e-01 5.069600e-02 1.355640e-01
116 8.118080e-01 5.125200e-02 1.369400e-01
117 8.097000e-01 5.178000e-02 1.385200e-01
118 8.078040e-01 5.248400e-02 1.397120e-01
119 8.055480e-01 5.338400e-02 1.410680e-01
120 8.037760e-01 5.378000e-02 1.424440e-01
121 8.016000e-01 5.472800e-02 1.436720e-01
122 7.993640e-01 5.530800e-02 1.453280e-01
123 7.975120e-01 5.588400e-02 1.466040e-01
124 7.952600e-01 5.663600e-02 1.481040e-01
125 7.925800e-01 5.724400e-02 1.501760e-01
126 7.906400e-01 5.782800e-02 1.515320e-01
127 7.880360e-01 5.838800e-02 1.535760e-01
128 7.861200e-01 5.887200e-02 1.550080e-01
129 7.835200e-01 5.990000e-02 1.565800e-01
130 7.812280e-01 6.024800e-02 1.585240e-01
131 7.791600e-01 6.062400e-02 1.602160e-01
132 7.771400e-01 6.060400e-02 1.622560e-01
133 7.750520e-01 6.088400e-02 1.640640e-01
134 7.728600e-01 6.134800e-02 1.657920e-01
135 7.703920e-01 6.192000e-02 1.676880e-01
136 7.682840e-01 6.218000e-02 1.695360e-01
137 7.661880e-01 6.258800e-02 1.712240e-01
138 7.640000e-01 6.302400e-02 1.729760e-01
139 7.618480e-01 6.402000e-02 1.741320e-01
140 7.595080e-01 6.432000e-02 1.761720e-01
141 7.575000e-01 6.518400e-02 1.773160e-01
142 7.555560e-01 6.560000e-02 1.788440e-01
143 7.531120e-01 6.596800e-02 1.809200e-01
144 7.505720e-01 6.670000e-02 1.827280e-01
145 7.482080e-01 6.740000e-02 1.843920e-01
146 7.459640e-01 6.761200e-02 1.864240e-01
147 7.443840e-01 6.781600e-02 1.878000e-01
148 7.420880e-01 6.812000e-02 1.897920e-01
149 7.400160e-01 6.897200e-02 1.910120e-01
150 7.375600e-01 6.979600e-02 1.926440e-01
151 7.354360e-01 7.004000e-02 1.945240e-01
152 7.331240e-01 7.057200e-02 1.963040e-01
153 7.318200e-01 7.036000e-02 1.978200e-01
154 7.297840e-01 7.123600e-02 1.989800e-01
155 7.272680e-01 7.190000e-02 2.008320e-01
156 7.254840e-01 7.235600e-02 2.021600e-01
157 7.235000e-01 7.296000e-02 2.035400e-01
158 7.214680e-01 7.336400e-02 2.051680e-01
159 7.195520e-01 7.389200e-02 2.065560e-01
160 7.178960e-01 7.436000e-02 2.077440e-01
161 7.157800e-01 7.493200e-02 2.092880e-01
162 7.132440e-01 7.580400e-02 2.109520e-01
163 7.113080e-01 7.611600e-02 2.125760e-01
164 7.090520e-01 7.657600e-02 2.143720e-01
165 7.068880e-01 7.719600e-02 2.159160e-01
166 7.046120e-01 7.792800e-02 2.174600e-01
167 7.025720e-01 7.804000e-02 2.193880e-01
168 7.003640e-01 7.838000e-02 2.212560e-01
169 6.989000e-01 7.854400e-02 2.225560e-01
170 6.964920e-01 7.916800e-02 2.243400e-01
171 6.949360e-01 7.926400e-02 2.258000e-01
172 6.936640e-01 7.897200e-02 2.273640e-01
173 6.915720e-01 7.934800e-02 2.290800e-01
174 6.899720e-01 7.962400e-02 2.304040e-01
175 6.878600e-01 8.003600e-02 2.321040e-01
176 6.861200e-01 8.055600e-02 2.333240e-01
177 6.842800e-01 8.097200e-02 2.347480e-01
178 6.823840e-01 8.168000e-02 2.359360e-01
179 6.805120e-01 8.142400e-02 2.380640e-01
180 6.787880e-01 8.166000e-02 2.395520e-01
181 6.768080e-01 8.187200e-02 2.413200e-01
182 6.753880e-01 8.186800e-02 2.427440e-01
183 6.744920e-01 8.193600e-02 2.435720e-01
184 6.726920e-01 8.241600e-02 2.448920e-01
185 6.711360e-01 8.267600e-02 2.461880e-01
186 6.703400e-01 8.256400e-02 2.470960e-01
187 6.685400e-01 8.347200e-02 2.479880e-01
188 6.668920e-01 8.398800e-02 2.491200e-01
189 6.657000e-01 8.400400e-02 2.502960e-01
190 6.636080e-01 8.454800e-02 2.518440e-01
191 6.613960e-01 8.499600e-02 2.536080e-01
192 6.601200e-01 8.557600e-02 2.543040e-01
193 6.584520e-01 8.612000e-02 2.554280e-01
194 6.571640e-01 8.567200e-02 2.571640e-01
195 6.558400e-01 8.612000e-02 2.580400e-01
196 6.542160e-01 8.691600e-02 2.588680e-01
197 6.527600e-01 8.676800e-02 2.604720e-01
198 6.512920e-01 8.722000e-02 2.614880e-01
199 6.502040e-01 8.715600e-02 2.626400e-01
200 6.485240e-01 8.760000e-02 2.638760e-01
201 6.477040e-01 8.781600e-02 2.644800e-01
202 6.457680e-01 8.838800e-02 2.658440e-01
203 6.440240e-01 8.894800e-02 2.670280e-01
204 6.424600e-01 8.911600e-02 2.684240e-01
205 6.408400e-01 8.916400e-02 2.699960e-01
206 6.395360e-01 9.003600e-02 2.704280e-01
207 6.374280e-01 9.063600e-02 2.719360e-01
208 6.361240e-01 9.095200e-02 2.729240e-01
209 6.351800e-01 9.050800e-02 2.743120e-01
210 6.342040e-01 9.030400e-02 2.754920e-01
211 6.327240e-01 9.072000e-02 2.765560e-01
212 6.319840e-01 9.056400e-02 2.774520e-01
213 6.310120e-01 9.083600e-02 2.781520e-01
214 6.296360e-01 9.086800e-02 2.794960e-01
215 6.288560e-01 9.060400e-02 2.805400e-01
216 6.276200e-01 9.092800e-02 2.814520e-01
217 6.261960e-01 9.113600e-02 2.826680e-01
218 6.251480e-01 9.117600e-02 2.836760e-01
219 6.243800e-01 9.146000e-02 2.841600e-01
220 6.226720e-01 9.207600e-02 2.852520e-01
221 6.214000e-01 9.210400e-02 2.864960e-01
222 6.201360e-01 9.159200e-02 2.882720e-01
223 6.189600e-01 9.178800e-02 2.892520e-01
224 6.176040e-01 9.227200e-02 2.901240e-01
225 6.170560e-01 9.195600e-02 2.909880e-01
226 6.162720e-01 9.232000e-02 2.914080e-01
227 6.151920e-01 9.262000e-02 2.921880e-01
228 6.139560e-01 9.312000e-02 2.929240e-01
229 6.128880e-01 9.350000e-02 2.936120e-01
230 6.123600e-01 9.323600e-02 2.944040e-01
231 6.111200e-01 9.363600e-02 2.952440e-01
232 6.100400e-01 9.394800e-02 2.960120e-01
233 6.091400e-01 9.427600e-02 2.965840e-01
234 6.081520e-01 9.484400e-02 2.970040e-01
235 6.066000e-01 9.564800e-02 2.977520e-01
236 6.053240e-01 9.580400e-02 2.988720e-01
237 6.044840e-01 9.571600e-02 2.998000e-01
238 6.029920e-01 9.622800e-02 3.007800e-01
239 6.025920e-01 9.620800e-02 3.012000e-01
240 6.022240e-01 9.603600e-02 3.017400e-01
241 6.015600e-01 9.639600e-02 3.020440e-01
242 6.007920e-01 9.624000e-02 3.029680e-01
243 5.998960e-01 9.648800e-02 3.036160e-01
244 5.994120e-01 9.625200e-02 3.043360e-01
245 5.987320e-01 9.666000e-02 3.046080e-01
246 5.976200e-01 9.686400e-02 3.055160e-01
247 5.965120e-01 9.754000e-02 3.059480e-01
248 5.955840e-01 9.778000e-02 3.066360e-01
249 5.943520e-01 9.839200e-02 3.072560e-01
250 5.933520e-01 9.891200e-02 3.077360e-01
251 5.919720e-01 9.951200e-02 3.085160e-01
252 5.909680e-01 9.922800e-02 3.098040e-01
253 5.898640e-01 1.000560e-01 3.100800e-01
254 5.889800e-01 1.001320e-01 3.108880e-01
255 5.882800e-01 1.007440e-01 3.109760e-01
256 5.874200e-01 1.005440e-01 3.120360e-01
257 5.870680e-01 1.004720e-01 3.124600e-01
258 5.856320e-01 1.005280e-01 3.138400e-01
259 5.849160e-01 1.003440e-01 3.147400e-01
260 5.841760e-01 1.005520e-01 3.152720e-01
261 5.831640e-01 1.004320e-01 3.164040e-01
262 5.822760e-01 1.007400e-01 3.169840e-01
263 5.816080e-01 1.010640e-01 3.173280e-01
264 5.803680e-01 1.009120e-01 3.187200e-01
265 5.796880e-01 1.012760e-01 3.190360e-01
266 5.797160e-01 1.005200e-01 3.197640e-01
267 5.792080e-01 1.005320e-01 3.202600e-01
268 5.782560e-01 1.011720e-01 3.205720e-01
269 5.777200e-01 1.012960e-01 3.209840e-01
270 5.768640e-01 1.011440e-01 3.219920e-01
271 5.763360e-01 1.010960e-01 3.225680e-01
272 5.758680e-01 1.010200e-01 3.231120e-01
273 5.753280e-01 1.011400e-01 3.235320e-01
274 5.746440e-01 1.010920e-01 3.242640e-01
275 5.735200e-01 1.020000e-01 3.244800e-01
276 5.726200e-01 1.020720e-01 3.253080e-01
277 5.722520e-01 1.026720e-01 3.250760e-01
278 5.712480e-01 1.033640e-01 3.253880e-01
279 5.704200e-01 1.033200e-01 3.262600e-01
280 5.697440e-01 1.037960e-01 3.264600e-01
281 5.688600e-01 1.038040e-01 3.273360e-01
282 5.685120e-01 1.038640e-01 3.276240e-01
283 5.680400e-01 1.041040e-01 3.278560e-01
284 5.673600e-01 1.038920e-01 3.287480e-01
285 5.667800e-01 1.039760e-01 3.292440e-01
286 5.664880e-01 1.038560e-01 3.296560e-01
287 5.657600e-01 1.044040e-01 3.298360e-01
288 5.648120e-01 1.040800e-01 3.311080e-01
289 5.646840e-01 1.040240e-01 3.312920e-01
290 5.638240e-01 1.043240e-01 3.318520e-01
291 5.631800e-01 1.046920e-01 3.321280e-01
292 5.619920e-01 1.048840e-01 3.331240e-01
293 5.609080e-01 1.054480e-01 3.336440e-01
294 5.598880e-01 1.054240e-01 3.346880e-01
295 5.594360e-01 1.054160e-01 3.351480e-01
296 5.587160e-01 1.056680e-01 3.356160e-01
297 5.579080e-01 1.061000e-01 3.359920e-01
298 5.573960e-01 1.063800e-01 3.362240e-01
299 5.565880e-01 1.063880e-01 3.370240e-01
300 5.559120e-01 1.066880e-01 3.374000e-01
301 5.551080e-01 1.069520e-01 3.379400e-01
302 5.539440e-01 1.074160e-01 3.386400e-01
303 5.532280e-01 1.071480e-01 3.396240e-01
304 5.523480e-01 1.072440e-01 3.404080e-01
305 5.523880e-01 1.072720e-01 3.403400e-01
306 5.513400e-01 1.074840e-01 3.411760e-01
307 5.513400e-01 1.072400e-01 3.414200e-01
308 5.505800e-01 1.072400e-01 3.421800e-01
309 5.501200e-01 1.072640e-01 3.426160e-01
310 5.500400e-01 1.066760e-01 3.432840e-01
311 5.495320e-01 1.067000e-01 3.437680e-01
312 5.493200e-01 1.069800e-01 3.437000e-01
313 5.483480e-01 1.071880e-01 3.444640e-01
314 5.483640e-01 1.070880e-01 3.445480e-01
315 5.476320e-01 1.067720e-01 3.455960e-01
316 5.472800e-01 1.070600e-01 3.456600e-01
317 5.466280e-01 1.071400e-01 3.462320e-01
318 5.462560e-01 1.077760e-01 3.459680e-01
319 5.461680e-01 1.081480e-01 3.456840e-01
320 5.451200e-01 1.089400e-01 3.459400e-01
321 5.446080e-01 1.090200e-01 3.463720e-01
322 5.439840e-01 1.092480e-01 3.467680e-01
323 5.430440e-01 1.094000e-01 3.475560e-01
324 5.422320e-01 1.096120e-01 3.481560e-01
325 5.415400e-01 1.095840e-01 3.488760e-01
326 5.410520e-01 1.093800e-01 3.495680e-01
327 5.398320e-01 1.097200e-01 3.504480e-01
328 5.389760e-01 1.098600e-01 3.511640e-01
329 5.381720e-01 1.095640e-01 3.522640e-01
330 5.381240e-01 1.091080e-01 3.527680e-01
331 5.376840e-01 1.089840e-01 3.533320e-01
332 5.373520e-01 1.083880e-01 3.542600e-01
333 5.377120e-01 1.081920e-01 3.540960e-01
334 5.375480e-01 1.082440e-01 3.542080e-01
335 5.374960e-01 1.082400e-01 3.542640e-01
336 5.371760e-01 1.081520e-01 3.546720e-01
337 5.370680e-01 1.078880e-01 3.550440e-01
338 5.368960e-01 1.073600e-01 3.557440e-01
339 5.368680e-01 1.071200e-01 3.560120e-01
340 5.365600e-01 1.075400e-01 3.559000e-01
341 5.359120e-01 1.073280e-01 3.567600e-01
342 5.360840e-01 1.073200e-01 3.565960e-01
343 5.360280e-01 1.074360e-01 3.565360e-01
344 5.360880e-01 1.075360e-01 3.563760e-01
345 5.360640e-01 1.077640e-01 3.561720e-01
346 5.356760e-01 1.079880e-01 3.563360e-01
347 5.350960e-01 1.083560e-01 3.565480e-01
348 5.346400e-01 1.083720e-01 3.569880e-01
349 5.344760e-01 1.090360e-01 3.564880e-01
350 5.342840e-01 1.092520e-01 3.564640e-01
351 5.331800e-01 1.100920e-01 3.567280e-01
352 5.328400e-01 1.095600e-01 3.576000e-01
353 5.322160e-01 1.095240e-01 3.582600e-01
354 5.319360e-01 1.096920e-01 3.583720e-01
355 5.310200e-01 1.101720e-01 3.588080e-01
356 5.301680e-01 1.104200e-01 3.594120e-01
357 5.298200e-01 1.102160e-01 3.599640e-01
358 5.297280e-01 1.100200e-01 3.602520e-01
359 5.298440e-01 1.093800e-01 3.607760e-01
360 5.298560e-01 1.095320e-01 3.606120e-01
361 5.294360e-01 1.097760e-01 3.607880e-01
362 5.291520e-01 1.096800e-01 3.611680e-01
363 5.289840e-01 1.099520e-01 3.610640e-01
364 5.280480e-01 1.104000e-01 3.615520e-01
365 5.277200e-01 1.106840e-01 3.615960e-01
366 5.270400e-01 1.115320e-01 3.614280e-01
367 5.261680e-01 1.117760e-01 3.620560e-01
368 5.256080e-01 1.119960e-01 3.623960e-01
369 5.249200e-01 1.120960e-01 3.629840e-01
370 5.236880e-01 1.122720e-01 3.640400e-01
371 5.236960e-01 1.126720e-01 3.636320e-01
372 5.234680e-01 1.123160e-01 3.642160e-01
373 5.226200e-01 1.121600e-01 3.652200e-01
374 5.226400e-01 1.118560e-01 3.655040e-01
375 5.226040e-01 1.121560e-01 3.652400e-01
376 5.224440e-01 1.123720e-01 3.651840e-01
377 5.221640e-01 1.123680e-01 3.654680e-01
378 5.219520e-01 1.123720e-01 3.656760e-01
379 5.215080e-01 1.122000e-01 3.662920e-01
380 5.215560e-01 1.119880e-01 3.664560e-01
381 5.213240e-01 1.118320e-01 3.668440e-01
382 5.216320e-01 1.118760e-01 3.664920e-01
383 5.215320e-01 1.120280e-01 3.664400e-01
384 5.216600e-01 1.117200e-01 3.666200e-01
385 5.218320e-01 1.115360e-01 3.666320e-01
386 5.217120e-01 1.117280e-01 3.665600e-01
387 5.214080e-01 1.118600e-01 3.667320e-01
388 5.215400e-01 1.114880e-01 3.669720e-01
389 5.214320e-01 1.114640e-01 3.671040e-01
390 5.212600e-01 1.110280e-01 3.677120e-01
391 5.218600e-01 1.105880e-01 3.675520e-01
392 5.221320e-01 1.103720e-01 3.674960e-01
393 5.222320e-01 1.100360e-01 3.677320e-01
394 5.222240e-01 1.099040e-01 3.678720e-01
395 5.218440e-01 1.100920e-01 3.680640e-01
396 5.216040e-01 1.104080e-01 3.679880e-01
397 5.215840e-01 1.106160e-01 3.678000e-01
398 5.213320e-01 1.108200e-01 3.678480e-01
399 5.210960e-01 1.107640e-01 3.681400e-01
400 5.211880e-01 1.103360e-01 3.684760e-01
401 5.215120e-01 1.107160e-01 3.677720e-01
402 5.211360e-01 1.108640e-01 3.680000e-01
403 5.212920e-01 1.105880e-01 3.681200e-01
404 5.214200e-01 1.107240e-01 3.678560e-01
405 5.213400e-01 1.105080e-01 3.681520e-01
406 5.215880e-01 1.106440e-01 3.677680e-01
407 5.216880e-01 1.102320e-01 3.680800e-01
408 5.218520e-01 1.102560e-01 3.678920e-01
409 5.221600e-01 1.095400e-01 3.683000e-01
410 5.220240e-01 1.095880e-01 3.683880e-01
411 5.221040e-01 1.097800e-01 3.681160e-01
412 5.220960e-01 1.091680e-01 3.687360e-01
413 5.227800e-01 1.092280e-01 3.679920e-01
414 5.223320e-01 1.095080e-01 3.681600e-01
415 5.219120e-01 1.100200e-01 3.680680e-01
416 5.221160e-01 1.098120e-01 3.680720e-01
417 5.225160e-01 1.091840e-01 3.683000e-01
418 5.225600e-01 1.094200e-01 3.680200e-01
419 5.227880e-01 1.091360e-01 3.680760e-01
420 5.233320e-01 1.095240e-01 3.671440e-01
421 5.232240e-01 1.098840e-01 3.668920e-01
422 5.237000e-01 1.093120e-01 3.669880e-01
423 5.240760e-01 1.091000e-01 3.668240e-01
424 5.248240e-01 1.087120e-01 3.664640e-01
425 5.245640e-01 1.086080e-01 3.668280e-01
426 5.242640e-01 1.089240e-01 3.668120e-01
427 5.242120e-01 1.089160e-01 3.668720e-01
428 5.245280e-01 1.082320e-01 3.672400e-01
429 5.247840e-01 1.082600e-01 3.669560e-01
430 5.247480e-01 1.082800e-01 3.669720e-01
431 5.248400e-01 1.083560e-01 3.668040e-01
432 5.251960e-01 1.086920e-01 3.661120e-01
433 5.250440e-01 1.093040e-01 3.656520e-01
434 5.249560e-01 1.089000e-01 3.661440e-01
435 5.243560e-01 1.091120e-01 3.665320e-01
436 5.249720e-01 1.090720e-01 3.659560e-01
437 5.250120e-01 1.090440e-01 3.659440e-01
438 5.252560e-01 1.093160e-01 3.654280e-01
439 5.252760e-01 1.091360e-01 3.655880e-01
440 5.254400e-01 1.091560e-01 3.654040e-01
441 5.256160e-01 1.093000e-01 3.650840e-01
442 5.259720e-01 1.093080e-01 3.647200e-01
443 5.257360e-01 1.094640e-01 3.648000e-01
444 5.256760e-01 1.095760e-01 3.647480e-01
445 5.257360e-01 1.094760e-01 3.647880e-01
446 5.253520e-01 1.098680e-01 3.647800e-01
447 5.255400e-01 1.094200e-01 3.650400e-01
448 5.262680e-01 1.093440e-01 3.643880e-01
449 5.270120e-01 1.088800e-01 3.641080e-01
450 5.271440e-01 1.085880e-01 3.642680e-01
451 5.275800e-01 1.084120e-01 3.640080e-01
452 5.275880e-01 1.085000e-01 3.639120e-01
453 5.279160e-01 1.084960e-01 3.635880e-01
454 5.286400e-01 1.082360e-01 3.631240e-01
455 5.281960e-01 1.085000e-01 3.633040e-01
456 5.283360e-01 1.089800e-01 3.626840e-01
457 5.285560e-01 1.088360e-01 3.626080e-01
458 5.281040e-01 1.092040e-01 3.626920e-01
459 5.278120e-01 1.095080e-01 3.626800e-01
460 5.275760e-01 1.097800e-01 3.626440e-01
461 5.279160e-01 1.097080e-01 3.623760e-01
462 5.277920e-01 1.101640e-01 3.620440e-01
463 5.271200e-01 1.110720e-01 3.618080e-01
464 5.267600e-01 1.107840e-01 3.624560e-01
465 5.266360e-01 1.109000e-01 3.624640e-01
466 5.253440e-01 1.111000e-01 3.635560e-01
467 5.248840e-01 1.113000e-01 3.638160e-01
468 5.246040e-01 1.110200e-01 3.643760e-01
469 5.235920e-01 1.115360e-01 3.648720e-01
470 5.230440e-01 1.112240e-01 3.657320e-01
471 5.225360e-01 1.113000e-01 3.661640e-01
472 5.222960e-01 1.115920e-01 3.661120e-01
473 5.227120e-01 1.115440e-01 3.657440e-01
474 5.227400e-01 1.114400e-01 3.658200e-01
475 5.220960e-01 1.118200e-01 3.660840e-01
476 5.214160e-01 1.119800e-01 3.666040e-01
477 5.215840e-01 1.113480e-01 3.670680e-01
478 5.219080e-01 1.112440e-01 3.668480e-01
479 5.218920e-01 1.114880e-01 3.666200e-01
480 5.219360e-01 1.111200e-01 3.669440e-01
481 5.221800e-01 1.109880e-01 3.668320e-01
482 5.219160e-01 1.111200e-01 3.669640e-01
483 5.217480e-01 1.112520e-01 3.670000e-01
484 5.217280e-01 1.111680e-01 3.671040e-01
485 5.212600e-01 1.116920e-01 3.670480e-01
486 5.210280e-01 1.116800e-01 3.672920e-01
487 5.206600e-01 1.112920e-01 3.680480e-01
488 5.203320e-01 1.116400e-01 3.680280e-01
489 5.199880e-01 1.113760e-01 3.686360e-01
490 5.199360e-01 1.112920e-01 3.687720e-01
491 5.191200e-01 1.119720e-01 3.689080e-01
492 5.192400e-01 1.119600e-01 3.688000e-01
493 5.191520e-01 1.116920e-01 3.691560e-01
494 5.183920e-01 1.126920e-01 3.689160e-01
495 5.179800e-01 1.125640e-01 3.694560e-01
496 5.176600e-01 1.128320e-01 3.695080e-01
497 5.167840e-01 1.132120e-01 3.700040e-01
498 5.160120e-01 1.137680e-01 3.702200e-01
499 5.156760e-01 1.140640e-01 3.702600e-01
500 5.154840e-01 1.138040e-01 3.707120e-01
501 5.149840e-01 1.136320e-01 3.713840e-01
502 5.148120e-01 1.136920e-01 3.714960e-01
503 5.143040e-01 1.135440e-01 3.721520e-01
504 5.136560e-01 1.136280e-01 3.727160e-01
505 5.134840e-01 1.138120e-01 3.727040e-01
506 5.133960e-01 1.138000e-01 3.728040e-01
507 5.128760e-01 1.138320e-01 3.732920e-01
508 5.134760e-01 1.134160e-01 3.731080e-01
509 5.136120e-01 1.129600e-01 3.734280e-01
510 5.133840e-01 1.127360e-01 3.738800e-01
511 5.135760e-01 1.125400e-01 3.738840e-01
512 5.133960e-01 1.123640e-01 3.742400e-01
513 5.141480e-01 1.114720e-01 3.743800e-01
514 5.146440e-01 1.110920e-01 3.742640e-01
515 5.153480e-01 1.109080e-01 3.737440e-01
516 5.157240e-01 1.104560e-01 3.738200e-01
517 5.157600e-01 1.107520e-01 3.734880e-01
518 5.155680e-01 1.107560e-01 3.736760e-01
519 5.155160e-01 1.113680e-01 3.731160e-01
520 5.161240e-01 1.108480e-01 3.730280e-01
521 5.159880e-01 1.110800e-01 3.729320e-01
522 5.162520e-01 1.106720e-01 3.730760e-01
523 5.162760e-01 1.110880e-01 3.726360e-01
524 5.163520e-01 1.112720e-01 3.723760e-01
525 5.166400e-01 1.111680e-01 3.721920e-01
526 5.172280e-01 1.104160e-01 3.723560e-01
527 5.175880e-01 1.100520e-01 3.723600e-01
528 5.182280e-01 1.096240e-01 3.721480e-01
529 5.184520e-01 1.091080e-01 3.724400e-01
530 5.187240e-01 1.090680e-01 3.722080e-01
531 5.191400e-01 1.093720e-01 3.714880e-01
532 5.195160e-01 1.092080e-01 3.712760e-01
533 5.193320e-01 1.096680e-01 3.710000e-01
534 5.195280e-01 1.099200e-01 3.705520e-01
535 5.192560e-01 1.101280e-01 3.706160e-01
536 5.199480e-01 1.101520e-01 3.699000e-01
537 5.196960e-01 1.104000e-01 3.699040e-01
538 5.197880e-01 1.100800e-01 3.701320e-01
539 5.200360e-01 1.095720e-01 3.703920e-01
540 5.200400e-01 1.095720e-01 3.703880e-01
541 5.201480e-01 1.099040e-01 3.699480e-01
542 5.206840e-01 1.101400e-01 3.691760e-01
543 5.209000e-01 1.095040e-01 3.695960e-01
544 5.213880e-01 1.094840e-01 3.691280e-01
545 5.214880e-01 1.093920e-01 3.691200e-01
546 5.217640e-01 1.090040e-01 3.692320e-01
547 5.223120e-01 1.090600e-01 3.686280e-01
548 5.224840e-01 1.092120e-01 3.683040e-01
549 5.230520e-01 1.089360e-01 3.680120e-01
550 5.232920e-01 1.091960e-01 3.675120e-01
551 5.234320e-01 1.089680e-01 3.676000e-01
552 5.238200e-01 1.080520e-01 3.681280e-01
553 5.241960e-01 1.082920e-01 3.675120e-01
554 5.243880e-01 1.082600e-01 3.673520e-01
555 5.251120e-01 1.079600e-01 3.669280e-01
556 5.250600e-01 1.086640e-01 3.662760e-01
557 5.251520e-01 1.092080e-01 3.656400e-01
558 5.255240e-01 1.089840e-01 3.654920e-01
559 5.257360e-01 1.088160e-01 3.654480e-01
560 5.252480e-01 1.089320e-01 3.658200e-01
561 5.253360e-01 1.092160e-01 3.654480e-01
562 5.260080e-01 1.090240e-01 3.649680e-01
563 5.261400e-01 1.090720e-01 3.647880e-01
564 5.265360e-01 1.083320e-01 3.651320e-01
565 5.264640e-01 1.083560e-01 3.651800e-01
566 5.260480e-01 1.084440e-01 3.655080e-01
567 5.259600e-01 1.089280e-01 3.651120e-01
568 5.258280e-01 1.089760e-01 3.651960e-01
569 5.253920e-01 1.097040e-01 3.649040e-01
570 5.255760e-01 1.095640e-01 3.648600e-01
571 5.249600e-01 1.104280e-01 3.646120e-01
572 5.248760e-01 1.104920e-01 3.646320e-01
573 5.245360e-01 1.107160e-01 3.647480e-01
574 5.243200e-01 1.107320e-01 3.649480e-01
575 5.239000e-01 1.108040e-01 3.652960e-01
576 5.236680e-01 1.105960e-01 3.657360e-01
577 5.233320e-01 1.106520e-01 3.660160e-01
578 5.232760e-01 1.104200e-01 3.663040e-01
579 5.233720e-01 1.107640e-01 3.658640e-01
580 5.232680e-01 1.108560e-01 3.658760e-01
581 5.233440e-01 1.108760e-01 3.657800e-01
582 5.237440e-01 1.109600e-01 3.652960e-01
583 5.235560e-01 1.112840e-01 3.651600e-01
584 5.227680e-01 1.114640e-01 3.657680e-01
585 5.224320e-01 1.118080e-01 3.657600e-01
586 5.222280e-01 1.121240e-01 3.656480e-01
587 5.221840e-01 1.120600e-01 3.657560e-01
588 5.216520e-01 1.126080e-01 3.657400e-01
589 5.214080e-01 1.121720e-01 3.664200e-01
590 5.214920e-01 1.121400e-01 3.663680e-01
591 5.214200e-01 1.123200e-01 3.662600e-01
592 5.212200e-01 1.121960e-01 3.665840e-01
593 5.206440e-01 1.123080e-01 3.670480e-01
594 5.201400e-01 1.124600e-01 3.674000e-01
595 5.188600e-01 1.125960e-01 3.685440e-01
596 5.186400e-01 1.126400e-01 3.687200e-01
597 5.185200e-01 1.123480e-01 3.691320e-01
598 5.185840e-01 1.122520e-01 3.691640e-01
599 5.179600e-01 1.126000e-01 3.694400e-01
600 5.174680e-01 1.123720e-01 3.701600e-01
601 5.181400e-01 1.115280e-01 3.703320e-01
602 5.180000e-01 1.114320e-01 3.705680e-01
603 5.182520e-01 1.110880e-01 3.706600e-01
604 5.185520e-01 1.109080e-01 3.705400e-01
605 5.191920e-01 1.106240e-01 3.701840e-01
606 5.189480e-01 1.108560e-01 3.701960e-01
607 5.189840e-01 1.109200e-01 3.700960e-01
608 5.194680e-01 1.110840e-01 3.694480e-01
609 5.189520e-01 1.112560e-01 3.697920e-01
610 5.191360e-01 1.109320e-01 3.699320e-01
611 5.198360e-01 1.103120e-01 3.698520e-01
612 5.203280e-01 1.097480e-01 3.699240e-01
613 5.209520e-01 1.092600e-01 3.697880e-01
614 5.211800e-01 1.092640e-01 3.695560e-01
615 5.212000e-01 1.094080e-01 3.693920e-01
616 5.217880e-01 1.090120e-01 3.692000e-01
617 5.214720e-01 1.090120e-01 3.695160e-01
618 5.217720e-01 1.089680e-01 3.692600e-01
619 5.216040e-01 1.092760e-01 3.691200e-01
620 5.213440e-01 1.097960e-01 3.688600e-01
621 5.221880e-01 1.092680e-01 3.685440e-01
622 5.220160e-01 1.098200e-01 3.681640e-01
623 5.223760e-01 1.094880e-01 3.681360e-01
624 5.220360e-01 1.097720e-01 3.681920e-01
625 5.217520e-01 1.100400e-01 3.682080e-01
626 5.211720e-01 1.108480e-01 3.679800e-01
627 5.214920e-01 1.107640e-01 3.677440e-01
628 5.218720e-01 1.111160e-01 3.670120e-01
629 5.220080e-01 1.105560e-01 3.674360e-01
630 5.222480e-01 1.101760e-01 3.675760e-01
631 5.221440e-01 1.103600e-01 3.674960e-01
632 5.225720e-01 1.102400e-01 3.671880e-01
633 5.222880e-01 1.104000e-01 3.673120e-01
634 5.223400e-01 1.111040e-01 3.665560e-01
635 5.223200e-01 1.114960e-01 3.661840e-01
636 5.218720e-01 1.116320e-01 3.664960e-01
637 5.220960e-01 1.112360e-01 3.666680e-01
638 5.217160e-01 1.116480e-01 3.666360e-01
639 5.217400e-01 1.114120e-01 3.668480e-01
640 5.216120e-01 1.114720e-01 3.669160e-01
641 5.210800e-01 1.112600e-01 3.676600e-01
642 5.209480e-01 1.114840e-01 3.675680e-01
643 5.208800e-01 1.118080e-01 3.673120e-01
644 5.205720e-01 1.119280e-01 3.675000e-01
645 5.200040e-01 1.121280e-01 3.678680e-01
646 5.198760e-01 1.122760e-01 3.678480e-01
647 5.201840e-01 1.120200e-01 3.677960e-01
648 5.202240e-01 1.118080e-01 3.679680e-01
649 5.209840e-01 1.113600e-01 3.676560e-01
650 5.213160e-01 1.110240e-01 3.676600e-01
651 5.210720e-01 1.117920e-01 3.671360e-01
652 5.201560e-01 1.122880e-01 3.675560e-01
653 5.197800e-01 1.125600e-01 3.676600e-01
654 5.198560e-01 1.121440e-01 3.680000e-01
655 5.191880e-01 1.124160e-01 3.683960e-01
656 5.185200e-01 1.128160e-01 3.686640e-01
657 5.186120e-01 1.125680e-01 3.688200e-01
658 5.184200e-01 1.127240e-01 3.688560e-01
659 5.176760e-01 1.129560e-01 3.693680e-01
660 5.174400e-01 1.131000e-01 3.694600e-01
661 5.173680e-01 1.135360e-01 3.690960e-01
662 5.171600e-01 1.139920e-01 3.688480e-01
663 5.168120e-01 1.138720e-01 3.693160e-01
664 5.160680e-01 1.141400e-01 3.697920e-01
665 5.158960e-01 1.138360e-01 3.702680e-01
666 5.157400e-01 1.139800e-01 3.702800e-01
667 5.152200e-01 1.137040e-01 3.710760e-01
668 5.153600e-01 1.139120e-01 3.707280e-01
669 5.153520e-01 1.134720e-01 3.711760e-01
670 5.151960e-01 1.135880e-01 3.712160e-01
671 5.151320e-01 1.134360e-01 3.714320e-01
672 5.150800e-01 1.134720e-01 3.714480e-01
673 5.153960e-01 1.129680e-01 3.716360e-01
674 5.148800e-01 1.130920e-01 3.720280e-01
675 5.147880e-01 1.130760e-01 3.721360e-01
676 5.148840e-01 1.129080e-01 3.722080e-01
677 5.154040e-01 1.128640e-01 3.717320e-01
678 5.146520e-01 1.128880e-01 3.724600e-01
679 5.150120e-01 1.124880e-01 3.725000e-01
680 5.143200e-01 1.130440e-01 3.726360e-01
681 5.136520e-01 1.137880e-01 3.725600e-01
682 5.133440e-01 1.138440e-01 3.728120e-01
683 5.133040e-01 1.137920e-01 3.729040e-01
684 5.129720e-01 1.138680e-01 3.731600e-01
685 5.129480e-01 1.139720e-01 3.730800e-01
686 5.126200e-01 1.142160e-01 3.731640e-01
687 5.120040e-01 1.146480e-01 3.733480e-01
688 5.122600e-01 1.144400e-01 3.733000e-01
689 5.118760e-01 1.145560e-01 3.735680e-01
690 5.114120e-01 1.146280e-01 3.739600e-01
691 5.114880e-01 1.140120e-01 3.745000e-01
692 5.115800e-01 1.135440e-01 3.748760e-01
693 5.120400e-01 1.126040e-01 3.753560e-01
694 5.118800e-01 1.121160e-01 3.760040e-01
695 5.116000e-01 1.128040e-01 3.755960e-01
696 5.120480e-01 1.129920e-01 3.749600e-01
697 5.122320e-01 1.126160e-01 3.751520e-01
698 5.123280e-01 1.121160e-01 3.755560e-01
699 5.127000e-01 1.119800e-01 3.753200e-01
700 5.130200e-01 1.119760e-01 3.750040e-01
701 5.141080e-01 1.110840e-01 3.748080e-01
702 5.149720e-01 1.104960e-01 3.745320e-01
703 5.154400e-01 1.106200e-01 3.739400e-01
704 5.157240e-01 1.109360e-01 3.733400e-01
705 5.157600e-01 1.108000e-01 3.734400e-01
706 5.158600e-01 1.106200e-01 3.735200e-01
707 5.162280e-01 1.105640e-01 3.732080e-01
708 5.163960e-01 1.104200e-01 3.731840e-01
709 5.162560e-01 1.103880e-01 3.733560e-01
710 5.165080e-01 1.101920e-01 3.733000e-01
711 5.168560e-01 1.103600e-01 3.727840e-01
712 5.169760e-01 1.102400e-01 3.727840e-01
713 5.173080e-01 1.106640e-01 3.720280e-01
714 5.175240e-01 1.111640e-01 3.713120e-01
715 5.175640e-01 1.109640e-01 3.714720e-01
716 5.179040e-01 1.109640e-01 3.711320e-01
717 5.184920e-01 1.107920e-01 3.707160e-01
718 5.185840e-01 1.110000e-01 3.704160e-01
719 5.186040e-01 1.109480e-01 3.704480e-01
720 5.182400e-01 1.115120e-01 3.702480e-01
721 5.183960e-01 1.116040e-01 3.700000e-01
722 5.184240e-01 1.112560e-01 3.703200e-01
723 5.186520e-01 1.114000e-01 3.699480e-01
724 5.185840e-01 1.115880e-01 3.698280e-01
725 5.184040e-01 1.120800e-01 3.695160e-01
726 5.186120e-01 1.122720e-01 3.691160e-01
727 5.186360e-01 1.122680e-01 3.690960e-01
728 5.179440e-01 1.128480e-01 3.692080e-01
729 5.175080e-01 1.125720e-01 3.699200e-01
730 5.174800e-01 1.123400e-01 3.701800e-01
731 5.173360e-01 1.121040e-01 3.705600e-01
732 5.170920e-01 1.118360e-01 3.710720e-01
733 5.166880e-01 1.122760e-01 3.710360e-01
734 5.163480e-01 1.123760e-01 3.712760e-01
735 5.162040e-01 1.122320e-01 3.715640e-01
736 5.157280e-01 1.126240e-01 3.716480e-01
737 5.152040e-01 1.127280e-01 3.720680e-01
738 5.156440e-01 1.127640e-01 3.715920e-01
739 5.148360e-01 1.127760e-01 3.723880e-01
740 5.138560e-01 1.133320e-01 3.728120e-01
741 5.134240e-01 1.132800e-01 3.732960e-01
742 5.129080e-01 1.141080e-01 3.729840e-01
743 5.132200e-01 1.134560e-01 3.733240e-01
744 5.126280e-01 1.137080e-01 3.736640e-01
745 5.125240e-01 1.137000e-01 3.737760e-01
746 5.124880e-01 1.135440e-01 3.739680e-01
747 5.118560e-01 1.135520e-01 3.745920e-01
748 5.116720e-01 1.135400e-01 3.747880e-01
749 5.116200e-01 1.136960e-01 3.746840e-01
750 5.106200e-01 1.138920e-01 3.754880e-01
751 5.106000e-01 1.133680e-01 3.760320e-01
752 5.106080e-01 1.129240e-01 3.764680e-01
753 5.107480e-01 1.122320e-01 3.770200e-01
754 5.112520e-01 1.119440e-01 3.768040e-01
755 5.113640e-01 1.117200e-01 3.769160e-01
756 5.119960e-01 1.113880e-01 3.766160e-01
757 5.126240e-01 1.108920e-01 3.764840e-01
758 5.133960e-01 1.106560e-01 3.759480e-01
759 5.142400e-01 1.098280e-01 3.759320e-01
760 5.149480e-01 1.095000e-01 3.755520e-01
761 5.157160e-01 1.090640e-01 3.752200e-01
762 5.164640e-01 1.088040e-01 3.747320e-01
763 5.174200e-01 1.085520e-01 3.740280e-01
764 5.178240e-01 1.086240e-01 3.735520e-01
765 5.186240e-01 1.084280e-01 3.729480e-01
766 5.193800e-01 1.086080e-01 3.720120e-01
767 5.197160e-01 1.083880e-01 3.718960e-01
768 5.202640e-01 1.079040e-01 3.718320e-01
769 5.211280e-01 1.077560e-01 3.711160e-01
770 5.218520e-01 1.070520e-01 3.710960e-01
771 5.223400e-01 1.063240e-01 3.713360e-01
772 5.227920e-01 1.065760e-01 3.706320e-01
773 5.238760e-01 1.062640e-01 3.698600e-01
774 5.240760e-01 1.067240e-01 3.692000e-01
775 5.241840e-01 1.069880e-01 3.688280e-01
776 5.238080e-01 1.070120e-01 3.691800e-01
777 5.238560e-01 1.073240e-01 3.688200e-01
778 5.241400e-01 1.077680e-01 3.680920e-01
779 5.246160e-01 1.074200e-01 3.679640e-01
780 5.248200e-01 1.071040e-01 3.680760e-01
781 5.252640e-01 1.069960e-01 3.677400e-01
782 5.257160e-01 1.070440e-01 3.672400e-01
783 5.257000e-01 1.071520e-01 3.671480e-01
784 5.258160e-01 1.072440e-01 3.669400e-01
785 5.259000e-01 1.076400e-01 3.664600e-01
786 5.263320e-01 1.075920e-01 3.660760e-01
787 5.261040e-01 1.080560e-01 3.658400e-01
788 5.264440e-01 1.078080e-01 3.657480e-01
789 5.261240e-01 1.076920e-01 3.661840e-01
790 5.262960e-01 1.080000e-01 3.657040e-01
791 5.264680e-01 1.084240e-01 3.651080e-01
792 5.265280e-01 1.084600e-01 3.650120e-01
793 5.267640e-01 1.079560e-01 3.652800e-01
794 5.276200e-01 1.079680e-01 3.644120e-01
795 5.269160e-01 1.086560e-01 3.644280e-01
796 5.271760e-01 1.091520e-01 3.636720e-01
797 5.270560e-01 1.093320e-01 3.636120e-01
798 5.263520e-01 1.099160e-01 3.637320e-01
799 5.264600e-01 1.104120e-01 3.631280e-01
800 5.262840e-01 1.104680e-01 3.632480e-01
801 5.257800e-01 1.105480e-01 3.636720e-01
802 5.255000e-01 1.104960e-01 3.640040e-01
803 5.247600e-01 1.112960e-01 3.639440e-01
804 5.237440e-01 1.117680e-01 3.644880e-01
805 5.232560e-01 1.123360e-01 3.644080e-01
806 5.229120e-01 1.123040e-01 3.647840e-01
807 5.221560e-01 1.128760e-01 3.649680e-01
808 5.216520e-01 1.129200e-01 3.654280e-01
809 5.211800e-01 1.130920e-01 3.657280e-01
810 5.203560e-01 1.137400e-01 3.659040e-01
811 5.199840e-01 1.139840e-01 3.660320e-01
812 5.194520e-01 1.138800e-01 3.666680e-01
813 5.190720e-01 1.141560e-01 3.667720e-01
814 5.180640e-01 1.147920e-01 3.671440e-01
815 5.179720e-01 1.147480e-01 3.672800e-01
816 5.181560e-01 1.146600e-01 3.671840e-01
817 5.178800e-01 1.143360e-01 3.677840e-01
818 5.170440e-01 1.149320e-01 3.680240e-01
819 5.169040e-01 1.149320e-01 3.681640e-01
820 5.165480e-01 1.143320e-01 3.691200e-01
821 5.161360e-01 1.143600e-01 3.695040e-01
822 5.160880e-01 1.140280e-01 3.698840e-01
823 5.151640e-01 1.138880e-01 3.709480e-01
824 5.148440e-01 1.135920e-01 3.715640e-01
825 5.147480e-01 1.133680e-01 3.718840e-01
826 5.144840e-01 1.130760e-01 3.724400e-01
827 5.146760e-01 1.131080e-01 3.722160e-01
828 5.151080e-01 1.127800e-01 3.721120e-01
829 5.147000e-01 1.128360e-01 3.724640e-01
830 5.149200e-01 1.127360e-01 3.723440e-01
831 5.144160e-01 1.129120e-01 3.726720e-01
832 5.141960e-01 1.127920e-01 3.730120e-01
833 5.143280e-01 1.127960e-01 3.728760e-01
834 5.138440e-01 1.128520e-01 3.733040e-01
835 5.135800e-01 1.129920e-01 3.734280e-01
836 5.131920e-01 1.131120e-01 3.736960e-01
837 5.130360e-01 1.127920e-01 3.741720e-01
838 5.128640e-01 1.127560e-01 3.743800e-01
839 5.133640e-01 1.121360e-01 3.745000e-01
840 5.128080e-01 1.125120e-01 3.746800e-01
841 5.130880e-01 1.125400e-01 3.743720e-01
842 5.129640e-01 1.127280e-01 3.743080e-01
843 5.132360e-01 1.127320e-01 3.740320e-01
844 5.129440e-01 1.127120e-01 3.743440e-01
845 5.129440e-01 1.134960e-01 3.735600e-01
846 5.136080e-01 1.128960e-01 3.734960e-01
847 5.134120e-01 1.129520e-01 3.736360e-01
848 5.136000e-01 1.124320e-01 3.739680e-01
849 5.135080e-01 1.127240e-01 3.737680e-01
850 5.141920e-01 1.127520e-01 3.730560e-01
851 5.138040e-01 1.130200e-01 3.731760e-01
852 5.137960e-01 1.136160e-01 3.725880e-01
853 5.137000e-01 1.138680e-01 3.724320e-01
854 5.134800e-01 1.144880e-01 3.720320e-01
855 5.127280e-01 1.149920e-01 3.722800e-01
856 5.128240e-01 1.149240e-01 3.722520e-01
857 5.123960e-01 1.149680e-01 3.726360e-01
858 5.111400e-01 1.151240e-01 3.737360e-01
859 5.113000e-01 1.150160e-01 3.736840e-01
860 5.112040e-01 1.147160e-01 3.740800e-01
861 5.111800e-01 1.142800e-01 3.745400e-01
862 5.111160e-01 1.146080e-01 3.742760e-01
863 5.109600e-01 1.145000e-01 3.745400e-01
864 5.107480e-01 1.151360e-01 3.741160e-01
865 5.103640e-01 1.150320e-01 3.746040e-01
866 5.097480e-01 1.152400e-01 3.750120e-01
867 5.091840e-01 1.157000e-01 3.751160e-01
868 5.088200e-01 1.160360e-01 3.751440e-01
869 5.085040e-01 1.157600e-01 3.757360e-01
870 5.087720e-01 1.155520e-01 3.756760e-01
871 5.074880e-01 1.163560e-01 3.761560e-01
872 5.071360e-01 1.166520e-01 3.762120e-01
873 5.072880e-01 1.159240e-01 3.767880e-01
874 5.065840e-01 1.163000e-01 3.771160e-01
875 5.061200e-01 1.166520e-01 3.772280e-01
876 5.051560e-01 1.169640e-01 3.778800e-01
877 5.045280e-01 1.171680e-01 3.783040e-01
878 5.042520e-01 1.169760e-01 3.787720e-01
879 5.039520e-01 1.171720e-01 3.788760e-01
880 5.036960e-01 1.169400e-01 3.793640e-01
881 5.034520e-01 1.167800e-01 3.797680e-01
882 5.028960e-01 1.170600e-01 3.800440e-01
883 5.025120e-01 1.173640e-01 3.801240e-01
884 5.019000e-01 1.177680e-01 3.803320e-01
885 5.019320e-01 1.171880e-01 3.808800e-01
886 5.020960e-01 1.165000e-01 3.814040e-01
887 5.023200e-01 1.163320e-01 3.813480e-01
888 5.027560e-01 1.160880e-01 3.811560e-01
889 5.031280e-01 1.157320e-01 3.811400e-01
890 5.037760e-01 1.155480e-01 3.806760e-01
891 5.037760e-01 1.157920e-01 3.804320e-01
892 5.038440e-01 1.152920e-01 3.808640e-01
893 5.030120e-01 1.157320e-01 3.812560e-01
894 5.030080e-01 1.150560e-01 3.819360e-01
895 5.035200e-01 1.149120e-01 3.815680e-01
896 5.036680e-01 1.145960e-01 3.817360e-01
897 5.043040e-01 1.141680e-01 3.815280e-01
898 5.048400e-01 1.136320e-01 3.815280e-01
899 5.049320e-01 1.135120e-01 3.815560e-01
900 5.048880e-01 1.134800e-01 3.816320e-01
901 5.055160e-01 1.129240e-01 3.815600e-01
902 5.060480e-01 1.125000e-01 3.814520e-01
903 5.064960e-01 1.126560e-01 3.808480e-01
904 5.067080e-01 1.125280e-01 3.807640e-01
905 5.070640e-01 1.122240e-01 3.807120e-01
906 5.067320e-01 1.128000e-01 3.804680e-01
907 5.074000e-01 1.128360e-01 3.797640e-01
908 5.074440e-01 1.133920e-01 3.791640e-01
909 5.074160e-01 1.137120e-01 3.788720e-01
910 5.072120e-01 1.135760e-01 3.792120e-01
911 5.075200e-01 1.135520e-01 3.789280e-01
912 5.082480e-01 1.127080e-01 3.790440e-01
913 5.085480e-01 1.123680e-01 3.790840e-01
914 5.085160e-01 1.126640e-01 3.788200e-01
915 5.089280e-01 1.124040e-01 3.786680e-01
916 5.093400e-01 1.120080e-01 3.786520e-01
917 5.097480e-01 1.115200e-01 3.787320e-01
918 5.102360e-01 1.117240e-01 3.780400e-01
919 5.101720e-01 1.121480e-01 3.776800e-01
920 5.106280e-01 1.122240e-01 3.771480e-01
921 5.113960e-01 1.117360e-01 3.768680e-01
922 5.118480e-01 1.114200e-01 3.767320e-01
923 5.116600e-01 1.114960e-01 3.768440e-01
924 5.124040e-01 1.108880e-01 3.767080e-01
925 5.128280e-01 1.109120e-01 3.762600e-01
926 5.130200e-01 1.115320e-01 3.754480e-01
927 5.139600e-01 1.108760e-01 3.751640e-01
928 5.142000e-01 1.106400e-01 3.751600e-01
929 5.142680e-01 1.104680e-01 3.752640e-01
930 5.145560e-01 1.105640e-01 3.748800e-01
931 5.144320e-01 1.111280e-01 3.744400e-01
932 5.147880e-01 1.107800e-01 3.744320e-01
