1 9.990600e-01 8.600000e-04 8.000000e-05
2 9.983280e-01 1.408000e-03 2.640000e-04
3 9.975280e-01 1.928000e-03 5.440000e-04
4 9.967400e-01 2.340000e-03 9.200000e-04
5 9.958800e-01 2.800000e-03 1.320000e-03
6 9.949160e-01 3.156000e-03 1.928000e-03
7 9.939200e-01 3.628000e-03 2.452000e-03
8 9.928200e-01 4.076000e-03 3.104000e-03
9 9.916960e-01 4.516000e-03 3.788000e-03
10 9.906400e-01 4.944000e-03 4.416000e-03
11 9.894360e-01 5.260000e-03 5.304000e-03
12 9.880640e-01 5.768000e-03 6.168000e-03
13 9.867280e-01 6.212000e-03 7.060000e-03
14 9.854440e-01 6.348000e-03 8.208000e-03
15 9.840520e-01 6.732000e-03 9.216000e-03
16 9.826040e-01 7.044000e-03 1.035200e-02
17 9.811960e-01 7.368000e-03 1.143600e-02
18 9.797280e-01 7.816000e-03 1.245600e-02
19 9.783920e-01 7.972000e-03 1.363600e-02
20 9.768800e-01 8.164000e-03 1.495600e-02
21 9.751960e-01 8.548000e-03 1.625600e-02
22 9.735600e-01 8.812000e-03 1.762800e-02
23 9.719600e-01 9.128000e-03 1.891200e-02
24 9.704520e-01 9.272000e-03 2.027600e-02
25 9.686960e-01 9.664000e-03 2.164000e-02
26 9.671400e-01 9.912000e-03 2.294800e-02
27 9.654040e-01 1.027600e-02 2.432000e-02
28 9.637920e-01 1.038000e-02 2.582800e-02
29 9.621360e-01 1.051600e-02 2.734800e-02
30 9.606320e-01 1.035600e-02 2.901200e-02
31 9.589640e-01 1.047200e-02 3.056400e-02
32 9.574560e-01 1.060800e-02 3.193600e-02
33 9.556480e-01 1.094800e-02 3.340400e-02
34 9.541680e-01 1.099200e-02 3.484000e-02
35 9.527040e-01 1.098000e-02 3.631600e-02
36 9.509560e-01 1.115200e-02 3.789200e-02
37 9.494360e-01 1.129600e-02 3.926800e-02
38 9.478000e-01 1.145600e-02 4.074400e-02
39 9.459760e-01 1.176000e-02 4.226400e-02
40 9.444480e-01 1.176800e-02 4.378400e-02
41 9.428040e-01 1.168400e-02 4.551200e-02
42 9.410040e-01 1.200400e-02 4.699200e-02
43 9.389600e-01 1.238000e-02 4.866000e-02
44 9.373320e-01 1.254800e-02 5.012000e-02
45 9.356120e-01 1.252000e-02 5.186800e-02
46 9.339120e-01 1.260000e-02 5.348800e-02
47 9.321480e-01 1.272000e-02 5.513200e-02
48 9.305000e-01 1.301200e-02 5.648800e-02
49 9.288400e-01 1.324400e-02 5.791600e-02
50 9.271080e-01 1.328800e-02 5.960400e-02
51 9.254080e-01 1.342800e-02 6.116400e-02
52 9.236960e-01 1.355200e-02 6.275200e-02
53 9.221120e-01 1.362000e-02 6.426800e-02
54 9.203440e-01 1.370000e-02 6.595600e-02
55 9.186200e-01 1.386000e-02 6.752000e-02
56 9.169040e-01 1.408400e-02 6.901200e-02
57 9.150120e-01 1.432000e-02 7.066800e-02
58 9.133840e-01 1.431600e-02 7.230000e-02
59 9.118920e-01 1.435600e-02 7.375200e-02
60 9.100680e-01 1.438000e-02 7.555200e-02
61 9.085800e-01 1.429200e-02 7.712800e-02
62 9.067680e-01 1.450400e-02 7.872800e-02
63 9.049480e-01 1.455200e-02 8.050000e-02
64 9.033400e-01 1.460800e-02 8.205200e-02
65 9.021320e-01 1.434800e-02 8.352000e-02
66 9.004720e-01 1.445200e-02 8.507600e-02
67 8.987440e-01 1.446000e-02 8.679600e-02
68 8.971800e-01 1.461200e-02 8.820800e-02
69 8.956200e-01 1.472400e-02 8.965600e-02
70 8.942600e-01 1.458800e-02 9.115200e-02
71 8.929440e-01 1.440000e-02 9.265600e-02
72 8.916000e-01 1.442000e-02 9.398000e-02
73 8.901920e-01 1.448800e-02 9.532000e-02
74 8.888200e-01 1.435200e-02 9.682800e-02
75 8.875040e-01 1.429200e-02 9.820400e-02
76 8.861680e-01 1.424800e-02 9.958400e-02
77 8.848080e-01 1.430400e-02 1.008880e-01
78 8.834560e-01 1.436800e-02 1.021760e-01
79 8.819720e-01 1.443600e-02 1.035920e-01
80 8.805680e-01 1.434800e-02 1.050840e-01
81 8.794200e-01 1.428400e-02 1.062960e-01
82 8.780960e-01 1.436400e-02 1.075400e-01
83 8.766760e-01 1.434400e-02 1.089800e-01
84 8.754520e-01 1.429200e-02 1.102560e-01
85 8.741720e-01 1.419200e-02 1.116360e-01
86 8.728040e-01 1.441600e-02 1.127800e-01
87 8.716520e-01 1.438000e-02 1.139680e-01
88 8.703720e-01 1.424000e-02 1.153880e-01
89 8.692320e-01 1.425200e-02 1.165160e-01
90 8.681560e-01 1.416400e-02 1.176800e-01
91 8.672960e-01 1.395200e-02 1.187520e-01
92 8.665160e-01 1.374800e-02 1.197360e-01
93 8.655120e-01 1.374000e-02 1.207480e-01
94 8.644160e-01 1.374800e-02 1.218360e-01
95 8.634520e-01 1.381600e-02 1.227320e-01
96 8.624760e-01 1.376800e-02 1.237560e-01
97 8.612080e-01 1.390800e-02 1.248840e-01
98 8.601640e-01 1.399200e-02 1.258440e-01
99 8.590920e-01 1.407200e-02 1.268360e-01
100 8.579760e-01 1.402400e-02 1.280000e-01
101 8.569000e-01 1.400800e-02 1.290920e-01
102 8.561120e-01 1.398400e-02 1.299040e-01
103 8.552880e-01 1.387200e-02 1.308400e-01
104 8.541640e-01 1.379600e-02 1.320400e-01
105 8.531720e-01 1.386800e-02 1.329600e-01
106 8.523520e-01 1.359200e-02 1.340560e-01
107 8.515160e-01 1.345600e-02 1.350280e-01
108 8.508520e-01 1.337200e-02 1.357760e-01
109 8.502800e-01 1.328000e-02 1.364400e-01
110 8.498920e-01 1.294400e-02 1.371640e-01
111 8.492800e-01 1.280000e-02 1.379200e-01
112 8.486240e-01 1.287600e-02 1.385000e-01
113 8.478800e-01 1.291200e-02 1.392080e-01
114 8.472680e-01 1.293200e-02 1.398000e-01
115 8.463280e-01 1.307200e-02 1.406000e-01
116 8.453480e-01 1.333200e-02 1.413200e-01
117 8.444520e-01 1.344400e-02 1.421040e-01
118 8.437760e-01 1.322400e-02 1.430000e-01
119 8.429800e-01 1.312000e-02 1.439000e-01
120 8.421960e-01 1.296000e-02 1.448440e-01
121 8.414720e-01 1.299200e-02 1.455360e-01
122 8.407560e-01 1.298000e-02 1.462640e-01
123 8.399520e-01 1.300800e-02 1.470400e-01
124 8.392840e-01 1.271200e-02 1.480040e-01
125 8.387640e-01 1.266000e-02 1.485760e-01
126 8.380080e-01 1.279200e-02 1.492000e-01
127 8.374440e-01 1.276800e-02 1.497880e-01
128 8.369960e-01 1.270800e-02 1.502960e-01
129 8.364680e-01 1.267600e-02 1.508560e-01
130 8.359880e-01 1.271200e-02 1.513000e-01
131 8.353240e-01 1.282400e-02 1.518520e-01
132 8.347760e-01 1.287600e-02 1.523480e-01
133 8.343280e-01 1.287600e-02 1.527960e-01
134 8.336600e-01 1.275200e-02 1.535880e-01
135 8.330000e-01 1.282800e-02 1.541720e-01
136 8.324480e-01 1.289600e-02 1.546560e-01
137 8.318400e-01 1.278000e-02 1.553800e-01
138 8.313920e-01 1.260000e-02 1.560080e-01
139 8.309280e-01 1.270400e-02 1.563680e-01
140 8.305680e-01 1.256800e-02 1.568640e-01
141 8.300320e-01 1.250000e-02 1.574680e-01
142 8.293600e-01 1.263200e-02 1.580080e-01
143 8.289240e-01 1.272800e-02 1.583480e-01
144 8.284760e-01 1.256000e-02 1.589640e-01
145 8.280000e-01 1.249200e-02 1.595080e-01
146 8.274960e-01 1.268400e-02 1.598200e-01
147 8.269640e-01 1.258800e-02 1.604480e-01
148 8.265880e-01 1.249600e-02 1.609160e-01
149 8.259960e-01 1.265600e-02 1.613480e-01
150 8.253320e-01 1.286800e-02 1.618000e-01
151 8.245160e-01 1.306800e-02 1.624160e-01
152 8.242880e-01 1.282000e-02 1.628920e-01
153 8.238920e-01 1.266000e-02 1.634480e-01
154 8.235320e-01 1.258000e-02 1.638880e-01
155 8.231280e-01 1.257600e-02 1.642960e-01
156 8.228920e-01 1.248800e-02 1.646200e-01
157 8.225080e-01 1.243200e-02 1.650600e-01
158 8.223120e-01 1.230800e-02 1.653800e-01
159 8.221160e-01 1.234000e-02 1.655440e-01
160 8.218080e-01 1.227600e-02 1.659160e-01
161 8.214560e-01 1.222800e-02 1.663160e-01
162 8.212240e-01 1.211200e-02 1.666640e-01
163 8.210360e-01 1.212800e-02 1.668360e-01
164 8.208560e-01 1.193600e-02 1.672080e-01
165 8.204240e-01 1.172000e-02 1.678560e-01
166 8.200600e-01 1.174800e-02 1.681920e-01
167 8.197400e-01 1.169600e-02 1.685640e-01
168 8.194160e-01 1.178000e-02 1.688040e-01
169 8.192960e-01 1.181200e-02 1.688920e-01
170 8.191040e-01 1.176400e-02 1.691320e-01
171 8.189760e-01 1.159200e-02 1.694320e-01
172 8.188320e-01 1.150800e-02 1.696600e-01
173 8.184560e-01 1.157600e-02 1.699680e-01
174 8.182160e-01 1.154400e-02 1.702400e-01
175 8.178880e-01 1.163200e-02 1.704800e-01
176 8.176120e-01 1.171200e-02 1.706760e-01
177 8.175520e-01 1.161600e-02 1.708320e-01
178 8.173920e-01 1.143600e-02 1.711720e-01
179 8.171320e-01 1.135200e-02 1.715160e-01
180 8.169400e-01 1.128400e-02 1.717760e-01
181 8.168040e-01 1.108400e-02 1.721120e-01
182 8.167200e-01 1.100000e-02 1.722800e-01
183 8.167120e-01 1.079200e-02 1.724960e-01
184 8.166200e-01 1.059200e-02 1.727880e-01
185 8.164320e-01 1.063600e-02 1.729320e-01
186 8.163680e-01 1.067200e-02 1.729600e-01
187 8.159400e-01 1.086000e-02 1.732000e-01
188 8.160760e-01 1.063200e-02 1.732920e-01
189 8.159400e-01 1.068000e-02 1.733800e-01
190 8.159520e-01 1.064800e-02 1.734000e-01
191 8.159480e-01 1.055200e-02 1.735000e-01
192 8.160240e-01 1.043600e-02 1.735400e-01
193 8.159960e-01 1.042800e-02 1.735760e-01
194 8.162160e-01 1.020400e-02 1.735800e-01
195 8.163200e-01 1.016000e-02 1.735200e-01
196 8.161680e-01 1.010800e-02 1.737240e-01
197 8.161440e-01 1.012800e-02 1.737280e-01
198 8.161720e-01 1.018400e-02 1.736440e-01
199 8.163080e-01 9.920000e-03 1.737720e-01
200 8.163280e-01 9.860000e-03 1.738120e-01
201 8.165600e-01 9.748000e-03 1.736920e-01
202 8.166880e-01 9.532000e-03 1.737800e-01
203 8.168640e-01 9.364000e-03 1.737720e-01
204 8.169800e-01 9.280000e-03 1.737400e-01
205 8.171120e-01 9.316000e-03 1.735720e-01
206 8.172760e-01 9.320000e-03 1.734040e-01
207 8.174120e-01 9.444000e-03 1.731440e-01
208 8.174440e-01 9.516000e-03 1.730400e-01
209 8.175000e-01 9.628000e-03 1.728720e-01
210 8.177200e-01 9.576000e-03 1.727040e-01
211 8.176280e-01 9.744000e-03 1.726280e-01
212 8.177880e-01 9.648000e-03 1.725640e-01
213 8.178000e-01 9.724000e-03 1.724760e-01
214 8.179360e-01 9.680000e-03 1.723840e-01
215 8.180240e-01 9.608000e-03 1.723680e-01
216 8.180200e-01 9.504000e-03 1.724760e-01
217 8.179560e-01 9.712000e-03 1.723320e-01
218 8.180000e-01 9.596000e-03 1.724040e-01
219 8.180560e-01 9.436000e-03 1.725080e-01
220 8.180280e-01 9.472000e-03 1.725000e-01
221 8.180640e-01 9.444000e-03 1.724920e-01
222 8.180800e-01 9.412000e-03 1.725080e-01
223 8.182240e-01 9.336000e-03 1.724400e-01
224 8.183720e-01 9.388000e-03 1.722400e-01
225 8.184360e-01 9.356000e-03 1.722080e-01
226 8.185760e-01 9.372000e-03 1.720520e-01
227 8.186880e-01 9.260000e-03 1.720520e-01
228 8.189920e-01 9.212000e-03 1.717960e-01
229 8.191400e-01 9.016000e-03 1.718440e-01
230 8.194040e-01 8.912000e-03 1.716840e-01
231 8.197320e-01 8.752000e-03 1.715160e-01
232 8.199640e-01 8.760000e-03 1.712760e-01
233 8.203400e-01 8.536000e-03 1.711240e-01
234 8.207320e-01 8.368000e-03 1.709000e-01
235 8.208320e-01 8.424000e-03 1.707440e-01
236 8.211480e-01 8.488000e-03 1.703640e-01
237 8.215120e-01 8.356000e-03 1.701320e-01
238 8.218240e-01 8.184000e-03 1.699920e-01
239 8.220160e-01 8.108000e-03 1.698760e-01
240 8.223240e-01 7.952000e-03 1.697240e-01
241 8.227160e-01 7.804000e-03 1.694800e-01
242 8.230600e-01 7.828000e-03 1.691120e-01
243 8.234040e-01 7.792000e-03 1.688040e-01
244 8.239560e-01 7.820000e-03 1.682240e-01
245 8.242000e-01 7.800000e-03 1.680000e-01
246 8.244960e-01 7.772000e-03 1.677320e-01
247 8.248520e-01 7.536000e-03 1.676120e-01
248 8.252280e-01 7.464000e-03 1.673080e-01
249 8.255600e-01 7.492000e-03 1.669480e-01
250 8.259120e-01 7.484000e-03 1.666040e-01
251 8.261920e-01 7.400000e-03 1.664080e-01
252 8.265600e-01 7.376000e-03 1.660640e-01
253 8.270880e-01 7.316000e-03 1.655960e-01
254 8.274880e-01 7.184000e-03 1.653280e-01
255 8.278640e-01 7.112000e-03 1.650240e-01
256 8.281800e-01 7.036000e-03 1.647840e-01
257 8.284960e-01 7.252000e-03 1.642520e-01
258 8.288680e-01 7.164000e-03 1.639680e-01
259 8.291600e-01 7.108000e-03 1.637320e-01
260 8.296040e-01 7.080000e-03 1.633160e-01
261 8.299000e-01 7.196000e-03 1.629040e-01
262 8.302680e-01 7.120000e-03 1.626120e-01
263 8.306800e-01 7.032000e-03 1.622880e-01
264 8.310080e-01 7.120000e-03 1.618720e-01
265 8.313080e-01 7.084000e-03 1.616080e-01
266 8.316000e-01 7.076000e-03 1.613240e-01
267 8.320360e-01 6.988000e-03 1.609760e-01
268 8.324160e-01 7.008000e-03 1.605760e-01
269 8.327800e-01 6.816000e-03 1.604040e-01
270 8.332280e-01 6.860000e-03 1.599120e-01
271 8.335480e-01 6.900000e-03 1.595520e-01
272 8.339400e-01 6.944000e-03 1.591160e-01
273 8.342640e-01 6.984000e-03 1.587520e-01
274 8.344120e-01 6.920000e-03 1.586680e-01
275 8.348320e-01 6.832000e-03 1.583360e-01
276 8.351760e-01 6.868000e-03 1.579560e-01
277 8.356200e-01 6.732000e-03 1.576480e-01
278 8.361400e-01 6.652000e-03 1.572080e-01
279 8.366160e-01 6.580000e-03 1.568040e-01
280 8.371160e-01 6.368000e-03 1.565160e-01
281 8.376080e-01 6.300000e-03 1.560920e-01
282 8.380920e-01 6.252000e-03 1.556560e-01
283 8.386000e-01 6.184000e-03 1.552160e-01
284 8.390880e-01 6.072000e-03 1.548400e-01
285 8.397200e-01 6.112000e-03 1.541680e-01
286 8.401080e-01 6.008000e-03 1.538840e-01
287 8.405320e-01 6.056000e-03 1.534120e-01
288 8.410080e-01 6.160000e-03 1.528320e-01
289 8.413840e-01 6.116000e-03 1.525000e-01
290 8.416320e-01 6.072000e-03 1.522960e-01
291 8.420680e-01 6.148000e-03 1.517840e-01
292 8.423680e-01 6.220000e-03 1.514120e-01
293 8.426760e-01 6.204000e-03 1.511200e-01
294 8.431520e-01 6.056000e-03 1.507920e-01
295 8.436800e-01 5.988000e-03 1.503320e-01
296 8.441360e-01 5.888000e-03 1.499760e-01
297 8.446440e-01 5.872000e-03 1.494840e-01
298 8.452480e-01 5.868000e-03 1.488840e-01
299 8.454200e-01 6.000000e-03 1.485800e-01
300 8.456640e-01 5.984000e-03 1.483520e-01
301 8.462080e-01 5.872000e-03 1.479200e-01
302 8.465240e-01 5.892000e-03 1.475840e-01
303 8.469840e-01 5.944000e-03 1.470720e-01
304 8.473400e-01 6.056000e-03 1.466040e-01
305 8.475760e-01 6.196000e-03 1.462280e-01
306 8.477400e-01 6.320000e-03 1.459400e-01
307 8.481520e-01 6.404000e-03 1.454440e-01
308 8.484360e-01 6.344000e-03 1.452200e-01
309 8.488600e-01 6.272000e-03 1.448680e-01
310 8.493400e-01 6.232000e-03 1.444280e-01
311 8.496840e-01 6.188000e-03 1.441280e-01
312 8.501120e-01 6.112000e-03 1.437760e-01
313 8.504280e-01 6.100000e-03 1.434720e-01
314 8.507680e-01 6.216000e-03 1.430160e-01
315 8.508520e-01 6.352000e-03 1.427960e-01
316 8.511040e-01 6.392000e-03 1.425040e-01
317 8.513440e-01 6.264000e-03 1.423920e-01
318 8.516800e-01 6.252000e-03 1.420680e-01
319 8.518160e-01 6.348000e-03 1.418360e-01
320 8.522000e-01 6.424000e-03 1.413760e-01
321 8.522480e-01 6.536000e-03 1.412160e-01
322 8.524640e-01 6.432000e-03 1.411040e-01
323 8.527040e-01 6.432000e-03 1.408640e-01
324 8.529640e-01 6.420000e-03 1.406160e-01
325 8.529880e-01 6.564000e-03 1.404480e-01
326 8.532280e-01 6.444000e-03 1.403280e-01
327 8.535440e-01 6.348000e-03 1.401080e-01
328 8.537320e-01 6.460000e-03 1.398080e-01
329 8.540840e-01 6.368000e-03 1.395480e-01
330 8.543480e-01 6.380000e-03 1.392720e-01
331 8.546520e-01 6.336000e-03 1.390120e-01
332 8.548280e-01 6.424000e-03 1.387480e-01
333 8.552400e-01 6.240000e-03 1.385200e-01
334 8.554280e-01 6.272000e-03 1.383000e-01
335 8.557240e-01 6.264000e-03 1.380120e-01
336 8.562760e-01 6.068000e-03 1.376560e-01
337 8.565760e-01 5.984000e-03 1.374400e-01
338 8.570480e-01 5.876000e-03 1.370760e-01
339 8.573960e-01 5.760000e-03 1.368440e-01
340 8.576000e-01 5.748000e-03 1.366520e-01
341 8.580360e-01 5.616000e-03 1.363480e-01
342 8.584320e-01 5.496000e-03 1.360720e-01
343 8.588040e-01 5.444000e-03 1.357520e-01
344 8.591560e-01 5.384000e-03 1.354600e-01
345 8.595480e-01 5.272000e-03 1.351800e-01
346 8.600920e-01 5.156000e-03 1.347520e-01
347 8.605080e-01 5.224000e-03 1.342680e-01
348 8.609840e-01 5.024000e-03 1.339920e-01
349 8.614880e-01 4.908000e-03 1.336040e-01
350 8.618880e-01 4.968000e-03 1.331440e-01
351 8.622920e-01 4.856000e-03 1.328520e-01
352 8.626600e-01 4.976000e-03 1.323640e-01
353 8.631960e-01 5.016000e-03 1.317880e-01
354 8.636160e-01 4.900000e-03 1.314840e-01
355 8.640960e-01 4.832000e-03 1.310720e-01
356 8.644600e-01 4.800000e-03 1.307400e-01
357 8.649280e-01 4.580000e-03 1.304920e-01
358 8.654680e-01 4.552000e-03 1.299800e-01
359 8.658920e-01 4.464000e-03 1.296440e-01
360 8.664600e-01 4.352000e-03 1.291880e-01
361 8.670400e-01 4.396000e-03 1.285640e-01
362 8.675840e-01 4.368000e-03 1.280480e-01
363 8.680960e-01 4.396000e-03 1.275080e-01
364 8.685400e-01 4.484000e-03 1.269760e-01
365 8.690000e-01 4.504000e-03 1.264960e-01
366 8.695560e-01 4.476000e-03 1.259680e-01
367 8.700120e-01 4.428000e-03 1.255600e-01
368 8.706440e-01 4.328000e-03 1.250280e-01
369 8.710080e-01 4.420000e-03 1.245720e-01
370 8.714800e-01 4.308000e-03 1.242120e-01
371 8.719400e-01 4.112000e-03 1.239480e-01
372 8.724400e-01 4.124000e-03 1.234360e-01
373 8.729000e-01 4.096000e-03 1.230040e-01
374 8.731880e-01 4.108000e-03 1.227040e-01
375 8.737480e-01 4.160000e-03 1.220920e-01
376 8.742240e-01 4.120000e-03 1.216560e-01
377 8.746640e-01 4.128000e-03 1.212080e-01
378 8.751120e-01 4.088000e-03 1.208000e-01
379 8.755360e-01 4.064000e-03 1.204000e-01
380 8.760120e-01 4.108000e-03 1.198800e-01
381 8.765440e-01 4.100000e-03 1.193560e-01
382 8.769800e-01 4.136000e-03 1.188840e-01
383 8.775000e-01 4.144000e-03 1.183560e-01
384 8.778720e-01 4.212000e-03 1.179160e-01
385 8.781560e-01 4.240000e-03 1.176040e-01
386 8.785760e-01 4.196000e-03 1.172280e-01
387 8.790120e-01 4.160000e-03 1.168280e-01
388 8.794120e-01 4.080000e-03 1.165080e-01
389 8.798200e-01 4.008000e-03 1.161720e-01
390 8.802400e-01 4.060000e-03 1.157000e-01
391 8.806800e-01 4.092000e-03 1.152280e-01
392 8.812240e-01 4.024000e-03 1.147520e-01
393 8.816680e-01 3.948000e-03 1.143840e-01
394 8.820800e-01 3.896000e-03 1.140240e-01
395 8.826400e-01 3.868000e-03 1.134920e-01
396 8.830000e-01 3.900000e-03 1.131000e-01
397 8.834120e-01 3.824000e-03 1.127640e-01
398 8.838600e-01 3.836000e-03 1.123040e-01
399 8.842960e-01 3.756000e-03 1.119480e-01
400 8.846520e-01 3.784000e-03 1.115640e-01
401 8.851600e-01 3.792000e-03 1.110480e-01
402 8.853800e-01 3.940000e-03 1.106800e-01
403 8.857720e-01 3.956000e-03 1.102720e-01
404 8.861320e-01 4.028000e-03 1.098400e-01
405 8.864800e-01 4.148000e-03 1.093720e-01
406 8.867720e-01 4.148000e-03 1.090800e-01
407 8.869760e-01 4.244000e-03 1.087800e-01
408 8.873720e-01 4.296000e-03 1.083320e-01
409 8.876680e-01 4.276000e-03 1.080560e-01
410 8.879080e-01 4.372000e-03 1.077200e-01
411 8.881080e-01 4.436000e-03 1.074560e-01
412 8.883800e-01 4.508000e-03 1.071120e-01
413 8.887480e-01 4.584000e-03 1.066680e-01
414 8.891200e-01 4.616000e-03 1.062640e-01
415 8.892400e-01 4.696000e-03 1.060640e-01
416 8.895280e-01 4.604000e-03 1.058680e-01
417 8.898760e-01 4.432000e-03 1.056920e-01
418 8.901000e-01 4.508000e-03 1.053920e-01
419 8.905080e-01 4.352000e-03 1.051400e-01
420 8.908360e-01 4.412000e-03 1.047520e-01
421 8.910320e-01 4.432000e-03 1.045360e-01
422 8.912960e-01 4.520000e-03 1.041840e-01
423 8.915880e-01 4.500000e-03 1.039120e-01
424 8.919240e-01 4.436000e-03 1.036400e-01
425 8.923760e-01 4.372000e-03 1.032520e-01
426 8.928120e-01 4.124000e-03 1.030640e-01
427 8.930880e-01 4.060000e-03 1.028520e-01
428 8.933200e-01 4.040000e-03 1.026400e-01
429 8.934600e-01 4.088000e-03 1.024520e-01
430 8.937880e-01 4.148000e-03 1.020640e-01
431 8.940800e-01 4.292000e-03 1.016280e-01
432 8.943960e-01 4.124000e-03 1.014800e-01
433 8.945560e-01 4.300000e-03 1.011440e-01
434 8.947080e-01 4.408000e-03 1.008840e-01
435 8.948000e-01 4.420000e-03 1.007800e-01
436 8.949320e-01 4.464000e-03 1.006040e-01
437 8.950520e-01 4.504000e-03 1.004440e-01
438 8.953720e-01 4.376000e-03 1.002520e-01
439 8.955800e-01 4.312000e-03 1.001080e-01
440 8.958800e-01 4.272000e-03 9.984800e-02
441 8.960440e-01 4.260000e-03 9.969600e-02
442 8.963040e-01 4.152000e-03 9.954400e-02
443 8.965160e-01 4.136000e-03 9.934800e-02
444 8.968320e-01 4.096000e-03 9.907200e-02
445 8.970400e-01 4.092000e-03 9.886800e-02
446 8.971720e-01 4.284000e-03 9.854400e-02
447 8.973640e-01 4.276000e-03 9.836000e-02
448 8.975400e-01 4.268000e-03 9.819200e-02
449 8.976920e-01 4.312000e-03 9.799600e-02
450 8.979040e-01 4.448000e-03 9.764800e-02
451 8.981800e-01 4.356000e-03 9.746400e-02
452 8.984120e-01 4.348000e-03 9.724000e-02
453 8.989600e-01 4.060000e-03 9.698000e-02
454 8.992400e-01 4.000000e-03 9.676000e-02
455 8.994120e-01 4.000000e-03 9.658800e-02
456 8.997080e-01 3.984000e-03 9.630800e-02
457 8.999640e-01 3.908000e-03 9.612800e-02
458 9.001600e-01 3.900000e-03 9.594000e-02
459 9.005520e-01 3.816000e-03 9.563200e-02
460 9.007520e-01 3.888000e-03 9.536000e-02
461 9.009640e-01 3.900000e-03 9.513600e-02
462 9.011840e-01 3.924000e-03 9.489200e-02
463 9.015680e-01 3.816000e-03 9.461600e-02
464 9.017920e-01 3.792000e-03 9.441600e-02
465 9.018800e-01 3.788000e-03 9.433200e-02
466 9.021920e-01 3.676000e-03 9.413200e-02
467 9.024920e-01 3.580000e-03 9.392800e-02
468 9.028440e-01 3.564000e-03 9.359200e-02
469 9.031400e-01 3.536000e-03 9.332400e-02
470 9.032880e-01 3.596000e-03 9.311600e-02
471 9.036280e-01 3.532000e-03 9.284000e-02
472 9.040120e-01 3.436000e-03 9.255200e-02
473 9.044160e-01 3.360000e-03 9.222400e-02
474 9.048480e-01 3.384000e-03 9.176800e-02
475 9.051160e-01 3.348000e-03 9.153600e-02
476 9.056400e-01 3.308000e-03 9.105200e-02
477 9.059920e-01 3.228000e-03 9.078000e-02
478 9.062920e-01 3.272000e-03 9.043600e-02
479 9.067280e-01 3.212000e-03 9.006000e-02
480 9.070880e-01 3.212000e-03 8.970000e-02
481 9.073600e-01 3.236000e-03 8.940400e-02
482 9.077160e-01 3.132000e-03 8.915200e-02
483 9.080920e-01 3.064000e-03 8.884400e-02
484 9.085480e-01 3.060000e-03 8.839200e-02
485 9.088000e-01 3.112000e-03 8.808800e-02
486 9.091040e-01 3.116000e-03 8.778000e-02
487 9.094720e-01 3.084000e-03 8.744400e-02
488 9.097080e-01 3.128000e-03 8.716400e-02
489 9.099880e-01 3.156000e-03 8.685600e-02
490 9.101960e-01 3.160000e-03 8.664400e-02
491 9.105480e-01 3.160000e-03 8.629200e-02
492 9.107600e-01 3.268000e-03 8.597200e-02
493 9.111480e-01 3.152000e-03 8.570000e-02
494 9.114520e-01 3.108000e-03 8.544000e-02
495 9.116880e-01 3.152000e-03 8.516000e-02
496 9.118480e-01 3.176000e-03 8.497600e-02
497 9.121240e-01 3.216000e-03 8.466000e-02
498 9.123520e-01 3.236000e-03 8.441200e-02
499 9.125920e-01 3.152000e-03 8.425600e-02
500 9.129600e-01 3.128000e-03 8.391200e-02
501 9.132560e-01 3.156000e-03 8.358800e-02
502 9.134600e-01 3.148000e-03 8.339200e-02
503 9.136640e-01 3.176000e-03 8.316000e-02
504 9.139240e-01 3.160000e-03 8.291600e-02
505 9.142040e-01 3.116000e-03 8.268000e-02
506 9.143680e-01 3.208000e-03 8.242400e-02
507 9.145560e-01 3.188000e-03 8.225600e-02
508 9.148360e-01 3.116000e-03 8.204800e-02
509 9.150880e-01 3.124000e-03 8.178800e-02
510 9.152600e-01 3.112000e-03 8.162800e-02
511 9.154360e-01 3.188000e-03 8.137600e-02
512 9.156360e-01 3.192000e-03 8.117200e-02
513 9.157920e-01 3.200000e-03 8.100800e-02
514 9.161120e-01 3.288000e-03 8.060000e-02
515 9.162800e-01 3.324000e-03 8.039600e-02
516 9.164360e-01 3.276000e-03 8.028800e-02
517 9.166760e-01 3.264000e-03 8.006000e-02
518 9.169080e-01 3.208000e-03 7.988400e-02
519 9.171240e-01 3.228000e-03 7.964800e-02
520 9.172680e-01 3.248000e-03 7.948400e-02
521 9.174840e-01 3.284000e-03 7.923200e-02
522 9.177520e-01 3.280000e-03 7.896800e-02
523 9.179480e-01 3.280000e-03 7.877200e-02
524 9.180640e-01 3.256000e-03 7.868000e-02
525 9.182120e-01 3.280000e-03 7.850800e-02
526 9.182920e-01 3.208000e-03 7.850000e-02
527 9.184240e-01 3.280000e-03 7.829600e-02
528 9.186120e-01 3.208000e-03 7.818000e-02
529 9.188440e-01 3.276000e-03 7.788000e-02
530 9.190280e-01 3.240000e-03 7.773200e-02
531 9.191400e-01 3.320000e-03 7.754000e-02
532 9.194320e-01 3.276000e-03 7.729200e-02
533 9.194040e-01 3.384000e-03 7.721200e-02
534 9.194680e-01 3.388000e-03 7.714400e-02
535 9.197400e-01 3.300000e-03 7.696000e-02
536 9.199960e-01 3.272000e-03 7.673200e-02
537 9.202040e-01 3.224000e-03 7.657200e-02
538 9.204040e-01 3.152000e-03 7.644400e-02
539 9.207200e-01 3.180000e-03 7.610000e-02
540 9.209720e-01 3.244000e-03 7.578400e-02
541 9.211000e-01 3.348000e-03 7.555200e-02
542 9.212840e-01 3.332000e-03 7.538400e-02
543 9.214240e-01 3.392000e-03 7.518400e-02
544 9.214880e-01 3.456000e-03 7.505600e-02
545 9.214800e-01 3.588000e-03 7.493200e-02
546 9.214800e-01 3.660000e-03 7.486000e-02
547 9.215080e-01 3.584000e-03 7.490800e-02
548 9.216120e-01 3.608000e-03 7.478000e-02
549 9.217920e-01 3.536000e-03 7.467200e-02
550 9.218920e-01 3.628000e-03 7.448000e-02
551 9.218960e-01 3.764000e-03 7.434000e-02
552 9.218720e-01 3.768000e-03 7.436000e-02
553 9.218680e-01 3.832000e-03 7.430000e-02
554 9.217960e-01 3.928000e-03 7.427600e-02
555 9.218480e-01 3.920000e-03 7.423200e-02
556 9.218440e-01 3.928000e-03 7.422800e-02
557 9.220760e-01 3.872000e-03 7.405200e-02
558 9.222680e-01 3.776000e-03 7.395600e-02
559 9.222600e-01 3.876000e-03 7.386400e-02
560 9.221880e-01 3.936000e-03 7.387600e-02
561 9.220760e-01 4.148000e-03 7.377600e-02
562 9.219880e-01 4.248000e-03 7.376400e-02
563 9.219400e-01 4.168000e-03 7.389200e-02
564 9.219840e-01 4.196000e-03 7.382000e-02
565 9.219880e-01 4.204000e-03 7.380800e-02
566 9.219120e-01 4.296000e-03 7.379200e-02
567 9.220000e-01 4.172000e-03 7.382800e-02
568 9.219320e-01 4.200000e-03 7.386800e-02
569 9.219000e-01 4.324000e-03 7.377600e-02
570 9.217960e-01 4.380000e-03 7.382400e-02
571 9.220200e-01 4.228000e-03 7.375200e-02
572 9.220440e-01 4.124000e-03 7.383200e-02
573 9.220440e-01 4.112000e-03 7.384400e-02
574 9.221080e-01 4.076000e-03 7.381600e-02
575 9.220800e-01 4.168000e-03 7.375200e-02
576 9.219600e-01 4.228000e-03 7.381200e-02
577 9.220200e-01 4.360000e-03 7.362000e-02
578 9.219440e-01 4.428000e-03 7.362800e-02
579 9.221160e-01 4.268000e-03 7.361600e-02
580 9.221360e-01 4.244000e-03 7.362000e-02
581 9.222280e-01 4.224000e-03 7.354800e-02
582 9.222320e-01 4.232000e-03 7.353600e-02
583 9.222280e-01 4.308000e-03 7.346400e-02
584 9.222960e-01 4.220000e-03 7.348400e-02
585 9.222120e-01 4.304000e-03 7.348400e-02
586 9.221280e-01 4.368000e-03 7.350400e-02
587 9.221040e-01 4.320000e-03 7.357600e-02
588 9.221200e-01 4.376000e-03 7.350400e-02
589 9.221880e-01 4.328000e-03 7.348400e-02
590 9.221440e-01 4.304000e-03 7.355200e-02
591 9.221280e-01 4.264000e-03 7.360800e-02
592 9.220000e-01 4.276000e-03 7.372400e-02
593 9.220640e-01 4.216000e-03 7.372000e-02
594 9.220440e-01 4.276000e-03 7.368000e-02
595 9.221600e-01 4.216000e-03 7.362400e-02
596 9.222640e-01 4.124000e-03 7.361200e-02
597 9.223120e-01 4.144000e-03 7.354400e-02
598 9.222360e-01 4.256000e-03 7.350800e-02
599 9.223600e-01 4.232000e-03 7.340800e-02
600 9.224200e-01 4.152000e-03 7.342800e-02
601 9.223920e-01 4.204000e-03 7.340400e-02
602 9.222320e-01 4.320000e-03 7.344800e-02
603 9.223120e-01 4.228000e-03 7.346000e-02
604 9.223000e-01 4.232000e-03 7.346800e-02
605 9.223480e-01 4.324000e-03 7.332800e-02
606 9.223640e-01 4.444000e-03 7.319200e-02
607 9.222080e-01 4.612000e-03 7.318000e-02
608 9.221040e-01 4.684000e-03 7.321200e-02
609 9.220320e-01 4.616000e-03 7.335200e-02
610 9.219240e-01 4.600000e-03 7.347600e-02
611 9.219240e-01 4.632000e-03 7.344400e-02
612 9.218120e-01 4.684000e-03 7.350400e-02
613 9.217480e-01 4.588000e-03 7.366400e-02
614 9.215840e-01 4.656000e-03 7.376000e-02
615 9.215920e-01 4.508000e-03 7.390000e-02
616 9.216080e-01 4.388000e-03 7.400400e-02
617 9.214800e-01 4.412000e-03 7.410800e-02
618 9.213720e-01 4.396000e-03 7.423200e-02
619 9.213360e-01 4.428000e-03 7.423600e-02
620 9.212760e-01 4.396000e-03 7.432800e-02
621 9.212760e-01 4.376000e-03 7.434800e-02
622 9.212480e-01 4.412000e-03 7.434000e-02
623 9.213040e-01 4.436000e-03 7.426000e-02
624 9.212600e-01 4.384000e-03 7.435600e-02
625 9.214600e-01 4.288000e-03 7.425200e-02
626 9.214560e-01 4.240000e-03 7.430400e-02
627 9.215360e-01 4.224000e-03 7.424000e-02
628 9.215800e-01 4.204000e-03 7.421600e-02
629 9.215840e-01 4.264000e-03 7.415200e-02
630 9.217080e-01 4.216000e-03 7.407600e-02
631 9.218160e-01 4.244000e-03 7.394000e-02
632 9.218360e-01 4.132000e-03 7.403200e-02
633 9.217760e-01 4.136000e-03 7.408800e-02
634 9.217440e-01 4.100000e-03 7.415600e-02
635 9.216440e-01 4.064000e-03 7.429200e-02
636 9.215880e-01 4.084000e-03 7.432800e-02
637 9.215920e-01 4.132000e-03 7.427600e-02
638 9.215040e-01 4.108000e-03 7.438800e-02
639 9.215040e-01 4.220000e-03 7.427600e-02
640 9.215200e-01 4.248000e-03 7.423200e-02
641 9.215720e-01 4.228000e-03 7.420000e-02
642 9.214960e-01 4.256000e-03 7.424800e-02
643 9.215600e-01 4.180000e-03 7.426000e-02
644 9.216400e-01 4.148000e-03 7.421200e-02
645 9.217680e-01 4.152000e-03 7.408000e-02
646 9.217120e-01 4.184000e-03 7.410400e-02
647 9.217040e-01 4.280000e-03 7.401600e-02
648 9.216640e-01 4.336000e-03 7.400000e-02
649 9.217160e-01 4.280000e-03 7.400400e-02
650 9.216400e-01 4.340000e-03 7.402000e-02
651 9.215200e-01 4.352000e-03 7.412800e-02
652 9.216200e-01 4.280000e-03 7.410000e-02
653 9.216880e-01 4.236000e-03 7.407600e-02
654 9.216360e-01 4.276000e-03 7.408800e-02
655 9.216800e-01 4.220000e-03 7.410000e-02
656 9.216120e-01 4.332000e-03 7.405600e-02
657 9.213960e-01 4.408000e-03 7.419600e-02
658 9.213880e-01 4.336000e-03 7.427600e-02
659 9.214160e-01 4.312000e-03 7.427200e-02
660 9.214640e-01 4.324000e-03 7.421200e-02
661 9.215480e-01 4.308000e-03 7.414400e-02
662 9.217040e-01 4.284000e-03 7.401200e-02
663 9.218680e-01 4.128000e-03 7.400400e-02
664 9.219320e-01 4.008000e-03 7.406000e-02
665 9.220280e-01 4.044000e-03 7.392800e-02
666 9.221680e-01 4.100000e-03 7.373200e-02
667 9.222240e-01 4.192000e-03 7.358400e-02
668 9.222400e-01 4.044000e-03 7.371600e-02
669 9.222920e-01 3.948000e-03 7.376000e-02
670 9.224640e-01 3.932000e-03 7.360400e-02
671 9.223760e-01 4.096000e-03 7.352800e-02
672 9.224200e-01 4.192000e-03 7.338800e-02
673 9.224000e-01 4.096000e-03 7.350400e-02
674 9.223800e-01 4.132000e-03 7.348800e-02
675 9.224360e-01 4.048000e-03 7.351600e-02
676 9.225920e-01 3.940000e-03 7.346800e-02
677 9.228280e-01 3.800000e-03 7.337200e-02
678 9.228800e-01 3.832000e-03 7.328800e-02
679 9.230160e-01 3.784000e-03 7.320000e-02
680 9.230160e-01 3.888000e-03 7.309600e-02
681 9.231280e-01 3.852000e-03 7.302000e-02
682 9.233360e-01 3.692000e-03 7.297200e-02
683 9.234720e-01 3.712000e-03 7.281600e-02
684 9.235400e-01 3.660000e-03 7.280000e-02
685 9.235880e-01 3.772000e-03 7.264000e-02
686 9.235800e-01 3.896000e-03 7.252400e-02
687 9.236440e-01 3.776000e-03 7.258000e-02
688 9.237520e-01 3.692000e-03 7.255600e-02
689 9.238760e-01 3.620000e-03 7.250400e-02
690 9.238840e-01 3.616000e-03 7.250000e-02
691 9.239840e-01 3.596000e-03 7.242000e-02
692 9.241720e-01 3.596000e-03 7.223200e-02
693 9.241160e-01 3.680000e-03 7.220400e-02
694 9.241840e-01 3.728000e-03 7.208800e-02
695 9.242840e-01 3.592000e-03 7.212400e-02
696 9.243000e-01 3.656000e-03 7.204400e-02
697 9.244080e-01 3.596000e-03 7.199600e-02
698 9.246080e-01 3.508000e-03 7.188400e-02
699 9.246560e-01 3.580000e-03 7.176400e-02
700 9.247120e-01 3.556000e-03 7.173200e-02
701 9.248800e-01 3.496000e-03 7.162400e-02
702 9.250160e-01 3.400000e-03 7.158400e-02
703 9.251840e-01 3.292000e-03 7.152400e-02
704 9.253080e-01 3.324000e-03 7.136800e-02
705 9.253240e-01 3.416000e-03 7.126000e-02
706 9.254640e-01 3.444000e-03 7.109200e-02
707 9.255280e-01 3.564000e-03 7.090800e-02
708 9.255040e-01 3.568000e-03 7.092800e-02
709 9.255200e-01 3.592000e-03 7.088800e-02
710 9.255480e-01 3.560000e-03 7.089200e-02
711 9.257400e-01 3.464000e-03 7.079600e-02
712 9.259680e-01 3.384000e-03 7.064800e-02
713 9.261000e-01 3.392000e-03 7.050800e-02
714 9.263040e-01 3.340000e-03 7.035600e-02
715 9.264040e-01 3.276000e-03 7.032000e-02
716 9.265560e-01 3.260000e-03 7.018400e-02
717 9.267680e-01 3.276000e-03 6.995600e-02
718 9.268920e-01 3.244000e-03 6.986400e-02
719 9.270040e-01 3.344000e-03 6.965200e-02
720 9.270120e-01 3.440000e-03 6.954800e-02
721 9.270080e-01 3.436000e-03 6.955600e-02
722 9.269040e-01 3.584000e-03 6.951200e-02
723 9.268440e-01 3.716000e-03 6.944000e-02
724 9.268520e-01 3.804000e-03 6.934400e-02
725 9.267960e-01 3.852000e-03 6.935200e-02
726 9.266520e-01 3.944000e-03 6.940400e-02
727 9.266960e-01 3.844000e-03 6.946000e-02
728 9.266680e-01 3.856000e-03 6.947600e-02
729 9.267760e-01 3.856000e-03 6.936800e-02
730 9.266640e-01 3.892000e-03 6.944400e-02
731 9.265880e-01 3.900000e-03 6.951200e-02
732 9.265560e-01 3.928000e-03 6.951600e-02
733 9.265720e-01 3.928000e-03 6.950000e-02
734 9.265120e-01 3.960000e-03 6.952800e-02
735 9.266240e-01 3.936000e-03 6.944000e-02
736 9.265320e-01 3.924000e-03 6.954400e-02
737 9.266080e-01 3.820000e-03 6.957200e-02
738 9.267760e-01 3.760000e-03 6.946400e-02
739 9.269280e-01 3.656000e-03 6.941600e-02
740 9.270960e-01 3.584000e-03 6.932000e-02
741 9.271680e-01 3.516000e-03 6.931600e-02
742 9.273800e-01 3.496000e-03 6.912400e-02
743 9.275880e-01 3.324000e-03 6.908800e-02
744 9.277880e-01 3.264000e-03 6.894800e-02
745 9.278120e-01 3.244000e-03 6.894400e-02
746 9.279600e-01 3.208000e-03 6.883200e-02
747 9.281160e-01 3.172000e-03 6.871200e-02
748 9.283080e-01 3.016000e-03 6.867600e-02
749 9.282720e-01 2.968000e-03 6.876000e-02
750 9.284040e-01 2.980000e-03 6.861600e-02
751 9.286400e-01 2.968000e-03 6.839200e-02
752 9.287040e-01 3.032000e-03 6.826400e-02
753 9.289960e-01 2.968000e-03 6.803600e-02
754 9.291160e-01 3.088000e-03 6.779600e-02
755 9.292280e-01 3.088000e-03 6.768400e-02
756 9.292480e-01 3.156000e-03 6.759600e-02
757 9.293440e-01 3.260000e-03 6.739600e-02
758 9.294160e-01 3.312000e-03 6.727200e-02
759 9.295760e-01 3.204000e-03 6.722000e-02
760 9.297400e-01 3.220000e-03 6.704000e-02
761 9.297960e-01 3.256000e-03 6.694800e-02
762 9.299440e-01 3.252000e-03 6.680400e-02
763 9.301800e-01 3.144000e-03 6.667600e-02
764 9.302600e-01 3.144000e-03 6.659600e-02
765 9.303000e-01 3.168000e-03 6.653200e-02
766 9.302680e-01 3.216000e-03 6.651600e-02
767 9.302080e-01 3.320000e-03 6.647200e-02
768 9.301000e-01 3.480000e-03 6.642000e-02
769 9.301760e-01 3.468000e-03 6.635600e-02
770 9.302840e-01 3.456000e-03 6.626000e-02
771 9.302920e-01 3.600000e-03 6.610800e-02
772 9.303080e-01 3.636000e-03 6.605600e-02
773 9.302880e-01 3.564000e-03 6.614800e-02
774 9.302800e-01 3.704000e-03 6.601600e-02
775 9.302040e-01 3.760000e-03 6.603600e-02
776 9.300440e-01 3.880000e-03 6.607600e-02
777 9.299360e-01 3.884000e-03 6.618000e-02
778 9.297800e-01 3.896000e-03 6.632400e-02
779 9.296680e-01 3.940000e-03 6.639200e-02
780 9.295840e-01 4.004000e-03 6.641200e-02
781 9.295640e-01 4.068000e-03 6.636800e-02
782 9.296440e-01 3.912000e-03 6.644400e-02
783 9.294920e-01 4.020000e-03 6.648800e-02
784 9.294280e-01 3.912000e-03 6.666000e-02
785 9.294880e-01 3.840000e-03 6.667200e-02
786 9.295080e-01 3.828000e-03 6.666400e-02
787 9.294680e-01 3.796000e-03 6.673600e-02
788 9.295520e-01 3.728000e-03 6.672000e-02
789 9.296880e-01 3.640000e-03 6.667200e-02
790 9.298160e-01 3.608000e-03 6.657600e-02
791 9.299000e-01 3.532000e-03 6.656800e-02
792 9.299200e-01 3.624000e-03 6.645600e-02
793 9.298840e-01 3.612000e-03 6.650400e-02
794 9.299280e-01 3.552000e-03 6.652000e-02
795 9.300640e-01 3.400000e-03 6.653600e-02
796 9.301960e-01 3.332000e-03 6.647200e-02
797 9.303160e-01 3.240000e-03 6.644400e-02
798 9.304960e-01 3.160000e-03 6.634400e-02
799 9.305960e-01 3.096000e-03 6.630800e-02
800 9.306520e-01 3.084000e-03 6.626400e-02
801 9.307600e-01 3.132000e-03 6.610800e-02
802 9.308000e-01 3.204000e-03 6.599600e-02
803 9.308560e-01 3.128000e-03 6.601600e-02
804 9.309520e-01 3.084000e-03 6.596400e-02
805 9.311560e-01 3.020000e-03 6.582400e-02
806 9.311800e-01 3.084000e-03 6.573600e-02
807 9.311960e-01 3.208000e-03 6.559600e-02
808 9.313320e-01 3.176000e-03 6.549200e-02
809 9.313800e-01 3.292000e-03 6.532800e-02
810 9.314040e-01 3.284000e-03 6.531200e-02
811 9.313880e-01 3.404000e-03 6.520800e-02
812 9.312280e-01 3.604000e-03 6.516800e-02
813 9.311440e-01 3.716000e-03 6.514000e-02
814 9.310680e-01 3.784000e-03 6.514800e-02
815 9.311080e-01 3.784000e-03 6.510800e-02
816 9.309800e-01 3.784000e-03 6.523600e-02
817 9.310120e-01 3.752000e-03 6.523600e-02
818 9.310080e-01 3.732000e-03 6.526000e-02
819 9.310320e-01 3.668000e-03 6.530000e-02
820 9.310760e-01 3.644000e-03 6.528000e-02
821 9.311400e-01 3.572000e-03 6.528800e-02
822 9.310640e-01 3.716000e-03 6.522000e-02
823 9.310640e-01 3.772000e-03 6.516400e-02
824 9.310720e-01 3.716000e-03 6.521200e-02
825 9.310400e-01 3.668000e-03 6.529200e-02
826 9.312360e-01 3.568000e-03 6.519600e-02
827 9.312360e-01 3.564000e-03 6.520000e-02
828 9.312240e-01 3.608000e-03 6.516800e-02
829 9.313720e-01 3.568000e-03 6.506000e-02
830 9.314440e-01 3.572000e-03 6.498400e-02
831 9.314520e-01 3.548000e-03 6.500000e-02
832 9.314680e-01 3.484000e-03 6.504800e-02
833 9.315360e-01 3.488000e-03 6.497600e-02
834 9.316080e-01 3.452000e-03 6.494000e-02
835 9.316760e-01 3.464000e-03 6.486000e-02
836 9.317200e-01 3.516000e-03 6.476400e-02
837 9.318400e-01 3.436000e-03 6.472400e-02
838 9.318000e-01 3.540000e-03 6.466000e-02
839 9.318320e-01 3.540000e-03 6.462800e-02
840 9.319080e-01 3.628000e-03 6.446400e-02
841 9.318720e-01 3.620000e-03 6.450800e-02
842 9.318480e-01 3.592000e-03 6.456000e-02
843 9.316640e-01 3.760000e-03 6.457600e-02
844 9.315520e-01 3.888000e-03 6.456000e-02
845 9.314240e-01 3.900000e-03 6.467600e-02
846 9.315400e-01 3.720000e-03 6.474000e-02
847 9.315040e-01 3.740000e-03 6.475600e-02
848 9.315280e-01 3.760000e-03 6.471200e-02
849 9.316600e-01 3.680000e-03 6.466000e-02
850 9.317480e-01 3.576000e-03 6.467600e-02
851 9.317600e-01 3.532000e-03 6.470800e-02
852 9.318400e-01 3.508000e-03 6.465200e-02
853 9.317840e-01 3.480000e-03 6.473600e-02
854 9.318680e-01 3.444000e-03 6.468800e-02
855 9.319680e-01 3.464000e-03 6.456800e-02
856 9.320600e-01 3.536000e-03 6.440400e-02
857 9.320600e-01 3.564000e-03 6.437600e-02
858 9.320840e-01 3.680000e-03 6.423600e-02
859 9.321200e-01 3.768000e-03 6.411200e-02
860 9.321200e-01 3.852000e-03 6.402800e-02
861 9.321360e-01 3.884000e-03 6.398000e-02
862 9.321360e-01 3.944000e-03 6.392000e-02
863 9.321920e-01 3.836000e-03 6.397200e-02
864 9.321640e-01 3.840000e-03 6.399600e-02
865 9.321480e-01 3.776000e-03 6.407600e-02
866 9.320920e-01 3.768000e-03 6.414000e-02
867 9.320560e-01 3.760000e-03 6.418400e-02
868 9.320440e-01 3.784000e-03 6.417200e-02
869 9.320120e-01 3.836000e-03 6.415200e-02
870 9.319400e-01 3.884000e-03 6.417600e-02
871 9.319080e-01 3.852000e-03 6.424000e-02
872 9.318800e-01 3.836000e-03 6.428400e-02
873 9.319280e-01 3.776000e-03 6.429600e-02
874 9.318280e-01 3.820000e-03 6.435200e-02
875 9.318840e-01 3.736000e-03 6.438000e-02
876 9.317920e-01 3.864000e-03 6.434400e-02
877 9.317600e-01 3.908000e-03 6.433200e-02
878 9.316720e-01 4.024000e-03 6.430400e-02
879 9.317080e-01 3.992000e-03 6.430000e-02
880 9.316600e-01 3.952000e-03 6.438800e-02
881 9.315960e-01 3.928000e-03 6.447600e-02
882 9.317240e-01 3.696000e-03 6.458000e-02
883 9.318120e-01 3.588000e-03 6.460000e-02
884 9.319720e-01 3.540000e-03 6.448800e-02
885 9.322240e-01 3.328000e-03 6.444800e-02
886 9.323480e-01 3.264000e-03 6.438800e-02
887 9.323920e-01 3.172000e-03 6.443600e-02
888 9.325280e-01 3.096000e-03 6.437600e-02
889 9.327480e-01 2.940000e-03 6.431200e-02
890 9.328240e-01 3.020000e-03 6.415600e-02
891 9.328520e-01 3.032000e-03 6.411600e-02
892 9.329520e-01 3.016000e-03 6.403200e-02
893 9.330720e-01 2.968000e-03 6.396000e-02
894 9.331200e-01 3.040000e-03 6.384000e-02
895 9.331280e-01 3.112000e-03 6.376000e-02
896 9.331400e-01 3.124000e-03 6.373600e-02
897 9.331080e-01 3.224000e-03 6.366800e-02
898 9.330280e-01 3.368000e-03 6.360400e-02
899 9.330600e-01 3.360000e-03 6.358000e-02
900 9.331520e-01 3.452000e-03 6.339600e-02
901 9.332160e-01 3.388000e-03 6.339600e-02
902 9.331200e-01 3.428000e-03 6.345200e-02
903 9.331240e-01 3.484000e-03 6.339200e-02
904 9.331320e-01 3.484000e-03 6.338400e-02
905 9.330520e-01 3.540000e-03 6.340800e-02
906 9.329080e-01 3.580000e-03 6.351200e-02
907 9.328000e-01 3.692000e-03 6.350800e-02
908 9.327280e-01 3.668000e-03 6.360400e-02
909 9.326600e-01 3.756000e-03 6.358400e-02
910 9.327440e-01 3.664000e-03 6.359200e-02
911 9.326920e-01 3.796000e-03 6.351200e-02
912 9.326720e-01 3.716000e-03 6.361200e-02
913 9.326440e-01 3.708000e-03 6.364800e-02
914 9.325240e-01 3.788000e-03 6.368800e-02
915 9.325040e-01 3.824000e-03 6.367200e-02
916 9.324480e-01 3.896000e-03 6.365600e-02
917 9.323640e-01 3.904000e-03 6.373200e-02
918 9.324760e-01 3.884000e-03 6.364000e-02
919 9.323640e-01 3.868000e-03 6.376800e-02
920 9.323640e-01 3.780000e-03 6.385600e-02
921 9.322640e-01 3.756000e-03 6.398000e-02
922 9.321720e-01 3.888000e-03 6.394000e-02
923 9.322040e-01 3.780000e-03 6.401600e-02
924 9.321080e-01 3.736000e-03 6.415600e-02
925 9.320760e-01 3.772000e-03 6.415200e-02
926 9.320360e-01 3.816000e-03 6.414800e-02
927 9.319920e-01 3.800000e-03 6.420800e-02
928 9.319520e-01 3.916000e-03 6.413200e-02
929 9.319680e-01 3.888000e-03 6.414400e-02
930 9.319120e-01 3.924000e-03 6.416400e-02
931 9.319600e-01 3.808000e-03 6.423200e-02
932 9.318720e-01 3.848000e-03 6.428000e-02
