1 9.993360e-01 5.760000e-04 8.800000e-05
2 9.989200e-01 8.760000e-04 2.040000e-04
3 9.983880e-01 1.212000e-03 4.000000e-04
4 9.978360e-01 1.584000e-03 5.800000e-04
5 9.971720e-01 1.912000e-03 9.160000e-04
6 9.965840e-01 2.140000e-03 1.276000e-03
7 9.958560e-01 2.520000e-03 1.624000e-03
8 9.950840e-01 2.860000e-03 2.056000e-03
9 9.941000e-01 3.376000e-03 2.524000e-03
10 9.931760e-01 3.804000e-03 3.020000e-03
11 9.922920e-01 4.040000e-03 3.668000e-03
12 9.914840e-01 4.156000e-03 4.360000e-03
13 9.903960e-01 4.604000e-03 5.000000e-03
14 9.893880e-01 4.860000e-03 5.752000e-03
15 9.883440e-01 5.080000e-03 6.576000e-03
16 9.873600e-01 5.140000e-03 7.500000e-03
17 9.863880e-01 5.284000e-03 8.328000e-03
18 9.853800e-01 5.476000e-03 9.144000e-03
19 9.841520e-01 5.868000e-03 9.980000e-03
20 9.829360e-01 6.208000e-03 1.085600e-02
21 9.818520e-01 6.472000e-03 1.167600e-02
22 9.805240e-01 6.760000e-03 1.271600e-02
23 9.792280e-01 6.968000e-03 1.380400e-02
24 9.780240e-01 7.104000e-03 1.487200e-02
25 9.767280e-01 7.312000e-03 1.596000e-02
26 9.755520e-01 7.324000e-03 1.712400e-02
27 9.742960e-01 7.436000e-03 1.826800e-02
28 9.730640e-01 7.696000e-03 1.924000e-02
29 9.717720e-01 7.848000e-03 2.038000e-02
30 9.704000e-01 8.092000e-03 2.150800e-02
31 9.691160e-01 8.172000e-03 2.271200e-02
32 9.677560e-01 8.336000e-03 2.390800e-02
33 9.664960e-01 8.416000e-03 2.508800e-02
34 9.651960e-01 8.620000e-03 2.618400e-02
35 9.639320e-01 8.708000e-03 2.736000e-02
36 9.627920e-01 8.556000e-03 2.865200e-02
37 9.617920e-01 8.512000e-03 2.969600e-02
38 9.606040e-01 8.596000e-03 3.080000e-02
39 9.594600e-01 8.732000e-03 3.180800e-02
40 9.580160e-01 8.948000e-03 3.303600e-02
41 9.566680e-01 9.052000e-03 3.428000e-02
42 9.553760e-01 9.120000e-03 3.550400e-02
43 9.540560e-01 9.224000e-03 3.672000e-02
44 9.526560e-01 9.468000e-03 3.787600e-02
45 9.513480e-01 9.580000e-03 3.907200e-02
46 9.499520e-01 9.676000e-03 4.037200e-02
47 9.485600e-01 9.836000e-03 4.160400e-02
48 9.471960e-01 1.008800e-02 4.271600e-02
49 9.457960e-01 1.029200e-02 4.391200e-02
50 9.444240e-01 1.028000e-02 4.529600e-02
51 9.429320e-01 1.053600e-02 4.653200e-02
52 9.416400e-01 1.058400e-02 4.777600e-02
53 9.402560e-01 1.065200e-02 4.909200e-02
54 9.389120e-01 1.064400e-02 5.044400e-02
55 9.372720e-01 1.106800e-02 5.166000e-02
56 9.359520e-01 1.115200e-02 5.289600e-02
57 9.345240e-01 1.127200e-02 5.420400e-02
58 9.329840e-01 1.158400e-02 5.543200e-02
59 9.315160e-01 1.168800e-02 5.679600e-02
60 9.298960e-01 1.193200e-02 5.817200e-02
61 9.284120e-01 1.198800e-02 5.960000e-02
62 9.271000e-01 1.198800e-02 6.091200e-02
63 9.257800e-01 1.185200e-02 6.236800e-02
64 9.245720e-01 1.172800e-02 6.370000e-02
65 9.233040e-01 1.184400e-02 6.485200e-02
66 9.219080e-01 1.187600e-02 6.621600e-02
67 9.205000e-01 1.203200e-02 6.746800e-02
68 9.193080e-01 1.191200e-02 6.878000e-02
69 9.182760e-01 1.173200e-02 6.999200e-02
70 9.171320e-01 1.162800e-02 7.124000e-02
71 9.160200e-01 1.153200e-02 7.244800e-02
72 9.148480e-01 1.152000e-02 7.363200e-02
73 9.135960e-01 1.159600e-02 7.480800e-02
74 9.122200e-01 1.160400e-02 7.617600e-02
75 9.111800e-01 1.136400e-02 7.745600e-02
76 9.101040e-01 1.135600e-02 7.854000e-02
77 9.090240e-01 1.148000e-02 7.949600e-02
78 9.079320e-01 1.140800e-02 8.066000e-02
79 9.068720e-01 1.138000e-02 8.174800e-02
80 9.058040e-01 1.130400e-02 8.289200e-02
81 9.045920e-01 1.138800e-02 8.402000e-02
82 9.036280e-01 1.130000e-02 8.507200e-02
83 9.028840e-01 1.118000e-02 8.593600e-02
84 9.017520e-01 1.126400e-02 8.698400e-02
85 9.006680e-01 1.136400e-02 8.796800e-02
86 8.996720e-01 1.146400e-02 8.886400e-02
87 8.983240e-01 1.164800e-02 9.002800e-02
88 8.973000e-01 1.176800e-02 9.093200e-02
89 8.960120e-01 1.198400e-02 9.200400e-02
90 8.947840e-01 1.223200e-02 9.298400e-02
91 8.935600e-01 1.240400e-02 9.403600e-02
92 8.923920e-01 1.252000e-02 9.508800e-02
93 8.914440e-01 1.246400e-02 9.609200e-02
94 8.903800e-01 1.254000e-02 9.708000e-02
95 8.891560e-01 1.250000e-02 9.834400e-02
96 8.882440e-01 1.254800e-02 9.920800e-02
97 8.872640e-01 1.234400e-02 1.003920e-01
98 8.862520e-01 1.237600e-02 1.013720e-01
99 8.851080e-01 1.227200e-02 1.026200e-01
100 8.841080e-01 1.216800e-02 1.037240e-01
101 8.832480e-01 1.210800e-02 1.046440e-01
102 8.824680e-01 1.182400e-02 1.057080e-01
103 8.814400e-01 1.196000e-02 1.066000e-01
104 8.804880e-01 1.201200e-02 1.075000e-01
105 8.796120e-01 1.213600e-02 1.082520e-01
106 8.787280e-01 1.222000e-02 1.090520e-01
107 8.778320e-01 1.211200e-02 1.100560e-01
108 8.767600e-01 1.218000e-02 1.110600e-01
109 8.761920e-01 1.202400e-02 1.117840e-01
110 8.752160e-01 1.194000e-02 1.128440e-01
111 8.746400e-01 1.176800e-02 1.135920e-01
112 8.740760e-01 1.160000e-02 1.143240e-01
113 8.730800e-01 1.179200e-02 1.151280e-01
114 8.720720e-01 1.212800e-02 1.158000e-01
115 8.711880e-01 1.210000e-02 1.167120e-01
116 8.703160e-01 1.203200e-02 1.176520e-01
117 8.694640e-01 1.200000e-02 1.185360e-01
118 8.686280e-01 1.210800e-02 1.192640e-01
119 8.675480e-01 1.237600e-02 1.200760e-01
120 8.668200e-01 1.226800e-02 1.209120e-01
121 8.662040e-01 1.222800e-02 1.215680e-01
122 8.653720e-01 1.222800e-02 1.224000e-01
123 8.645520e-01 1.217200e-02 1.232760e-01
124 8.639920e-01 1.190000e-02 1.241080e-01
125 8.632600e-01 1.197600e-02 1.247640e-01
126 8.622920e-01 1.206400e-02 1.256440e-01
127 8.614960e-01 1.218400e-02 1.263200e-01
128 8.607720e-01 1.238800e-02 1.268400e-01
129 8.600800e-01 1.223600e-02 1.276840e-01
130 8.593480e-01 1.205600e-02 1.285960e-01
131 8.587240e-01 1.202000e-02 1.292560e-01
132 8.580960e-01 1.208800e-02 1.298160e-01
133 8.574520e-01 1.201200e-02 1.305360e-01
134 8.569160e-01 1.183600e-02 1.312480e-01
135 8.563280e-01 1.181600e-02 1.318560e-01
136 8.557640e-01 1.179200e-02 1.324440e-01
137 8.550880e-01 1.196000e-02 1.329520e-01
138 8.545400e-01 1.202800e-02 1.334320e-01
139 8.538320e-01 1.208400e-02 1.340840e-01
140 8.531800e-01 1.210000e-02 1.347200e-01
141 8.527280e-01 1.193200e-02 1.353400e-01
142 8.522480e-01 1.175600e-02 1.359960e-01
143 8.520400e-01 1.144800e-02 1.365120e-01
144 8.515760e-01 1.144400e-02 1.369800e-01
145 8.509480e-01 1.145600e-02 1.375960e-01
146 8.501680e-01 1.155200e-02 1.382800e-01
147 8.496080e-01 1.146000e-02 1.389320e-01
148 8.490320e-01 1.155600e-02 1.394120e-01
149 8.485120e-01 1.159600e-02 1.398920e-01
150 8.479960e-01 1.169600e-02 1.403080e-01
151 8.473200e-01 1.172000e-02 1.409600e-01
152 8.468240e-01 1.147200e-02 1.417040e-01
153 8.461960e-01 1.159600e-02 1.422080e-01
154 8.456240e-01 1.154400e-02 1.428320e-01
155 8.450640e-01 1.163600e-02 1.433000e-01
156 8.446080e-01 1.157600e-02 1.438160e-01
157 8.439680e-01 1.170000e-02 1.443320e-01
158 8.436960e-01 1.146800e-02 1.448360e-01
159 8.434240e-01 1.138400e-02 1.451920e-01
160 8.430280e-01 1.140400e-02 1.455680e-01
161 8.427000e-01 1.129600e-02 1.460040e-01
162 8.423280e-01 1.118000e-02 1.464920e-01
163 8.419360e-01 1.114800e-02 1.469160e-01
164 8.416360e-01 1.097200e-02 1.473920e-01
165 8.412800e-01 1.100000e-02 1.477200e-01
166 8.409440e-01 1.089200e-02 1.481640e-01
167 8.407440e-01 1.089600e-02 1.483600e-01
168 8.403720e-01 1.085200e-02 1.487760e-01
169 8.398400e-01 1.091600e-02 1.492440e-01
170 8.397560e-01 1.061600e-02 1.496280e-01
171 8.394800e-01 1.057600e-02 1.499440e-01
172 8.392280e-01 1.073200e-02 1.500400e-01
173 8.388640e-01 1.067600e-02 1.504600e-01
174 8.386360e-01 1.059200e-02 1.507720e-01
175 8.382560e-01 1.058000e-02 1.511640e-01
176 8.380960e-01 1.038000e-02 1.515240e-01
177 8.379480e-01 1.024800e-02 1.518040e-01
178 8.377800e-01 1.030400e-02 1.519160e-01
179 8.376520e-01 1.006000e-02 1.522880e-01
180 8.375720e-01 1.008000e-02 1.523480e-01
181 8.373320e-01 9.992000e-03 1.526760e-01
182 8.371720e-01 1.001200e-02 1.528160e-01
183 8.370720e-01 9.944000e-03 1.529840e-01
184 8.370440e-01 9.900000e-03 1.530560e-01
185 8.369960e-01 9.688000e-03 1.533160e-01
186 8.369640e-01 9.668000e-03 1.533680e-01
187 8.366680e-01 9.780000e-03 1.535520e-01
188 8.366880e-01 9.788000e-03 1.535240e-01
189 8.367080e-01 9.764000e-03 1.535280e-01
190 8.364560e-01 9.836000e-03 1.537080e-01
191 8.363880e-01 9.708000e-03 1.539040e-01
192 8.364440e-01 9.780000e-03 1.537760e-01
193 8.363640e-01 9.760000e-03 1.538760e-01
194 8.363040e-01 9.572000e-03 1.541240e-01
195 8.362400e-01 9.556000e-03 1.542040e-01
196 8.360920e-01 9.544000e-03 1.543640e-01
197 8.360360e-01 9.416000e-03 1.545480e-01
198 8.359920e-01 9.312000e-03 1.546960e-01
199 8.359120e-01 9.360000e-03 1.547280e-01
200 8.359040e-01 9.276000e-03 1.548200e-01
201 8.357920e-01 9.328000e-03 1.548800e-01
202 8.359680e-01 9.184000e-03 1.548480e-01
203 8.359480e-01 9.232000e-03 1.548200e-01
204 8.359160e-01 9.192000e-03 1.548920e-01
205 8.357280e-01 9.332000e-03 1.549400e-01
206 8.358160e-01 9.084000e-03 1.551000e-01
207 8.358800e-01 8.872000e-03 1.552480e-01
208 8.357120e-01 8.984000e-03 1.553040e-01
209 8.356640e-01 9.004000e-03 1.553320e-01
210 8.356080e-01 9.132000e-03 1.552600e-01
211 8.357520e-01 9.116000e-03 1.551320e-01
212 8.359840e-01 8.960000e-03 1.550560e-01
213 8.361640e-01 8.864000e-03 1.549720e-01
214 8.361000e-01 9.000000e-03 1.549000e-01
215 8.361600e-01 8.884000e-03 1.549560e-01
216 8.361200e-01 8.968000e-03 1.549120e-01
217 8.361000e-01 8.888000e-03 1.550120e-01
218 8.360800e-01 8.928000e-03 1.549920e-01
219 8.359240e-01 9.096000e-03 1.549800e-01
220 8.357560e-01 9.368000e-03 1.548760e-01
221 8.356080e-01 9.400000e-03 1.549920e-01
222 8.355960e-01 9.380000e-03 1.550240e-01
223 8.355120e-01 9.360000e-03 1.551280e-01
224 8.355200e-01 9.344000e-03 1.551360e-01
225 8.355840e-01 9.280000e-03 1.551360e-01
226 8.354160e-01 9.404000e-03 1.551800e-01
227 8.349520e-01 9.692000e-03 1.553560e-01
228 8.349160e-01 9.784000e-03 1.553000e-01
229 8.347160e-01 9.844000e-03 1.554400e-01
230 8.346840e-01 9.628000e-03 1.556880e-01
231 8.348280e-01 9.676000e-03 1.554960e-01
232 8.348800e-01 9.564000e-03 1.555560e-01
233 8.348440e-01 9.676000e-03 1.554800e-01
234 8.345760e-01 9.676000e-03 1.557480e-01
235 8.346200e-01 9.500000e-03 1.558800e-01
236 8.346240e-01 9.520000e-03 1.558560e-01
237 8.344240e-01 9.732000e-03 1.558440e-01
238 8.342720e-01 9.808000e-03 1.559200e-01
239 8.343560e-01 9.672000e-03 1.559720e-01
240 8.343840e-01 9.424000e-03 1.561920e-01
241 8.345920e-01 9.180000e-03 1.562280e-01
242 8.345880e-01 9.108000e-03 1.563040e-01
243 8.346640e-01 9.080000e-03 1.562560e-01
244 8.348200e-01 9.052000e-03 1.561280e-01
245 8.346560e-01 9.192000e-03 1.561520e-01
246 8.348400e-01 8.992000e-03 1.561680e-01
247 8.348440e-01 8.876000e-03 1.562800e-01
248 8.348320e-01 8.828000e-03 1.563400e-01
249 8.349120e-01 8.856000e-03 1.562320e-01
250 8.349600e-01 8.780000e-03 1.562600e-01
251 8.350680e-01 8.760000e-03 1.561720e-01
252 8.352800e-01 8.556000e-03 1.561640e-01
253 8.354920e-01 8.388000e-03 1.561200e-01
254 8.357400e-01 8.136000e-03 1.561240e-01
255 8.356840e-01 8.164000e-03 1.561520e-01
256 8.356800e-01 8.084000e-03 1.562360e-01
257 8.360080e-01 7.876000e-03 1.561160e-01
258 8.360880e-01 7.944000e-03 1.559680e-01
259 8.363680e-01 7.728000e-03 1.559040e-01
260 8.366680e-01 7.556000e-03 1.557760e-01
261 8.368600e-01 7.588000e-03 1.555520e-01
262 8.371080e-01 7.552000e-03 1.553400e-01
263 8.371400e-01 7.748000e-03 1.551120e-01
264 8.371960e-01 7.808000e-03 1.549960e-01
265 8.374760e-01 7.636000e-03 1.548880e-01
266 8.377600e-01 7.604000e-03 1.546360e-01
267 8.379520e-01 7.516000e-03 1.545320e-01
268 8.381640e-01 7.504000e-03 1.543320e-01
269 8.385080e-01 7.556000e-03 1.539360e-01
270 8.387400e-01 7.356000e-03 1.539040e-01
271 8.389280e-01 7.476000e-03 1.535960e-01
272 8.390360e-01 7.512000e-03 1.534520e-01
273 8.393600e-01 7.432000e-03 1.532080e-01
274 8.394880e-01 7.432000e-03 1.530800e-01
275 8.395360e-01 7.532000e-03 1.529320e-01
276 8.397280e-01 7.564000e-03 1.527080e-01
277 8.399520e-01 7.492000e-03 1.525560e-01
278 8.401840e-01 7.416000e-03 1.524000e-01
279 8.404760e-01 7.368000e-03 1.521560e-01
280 8.410080e-01 7.212000e-03 1.517800e-01
281 8.411000e-01 7.352000e-03 1.515480e-01
282 8.412600e-01 7.608000e-03 1.511320e-01
283 8.413240e-01 7.728000e-03 1.509480e-01
284 8.415120e-01 7.744000e-03 1.507440e-01
285 8.415040e-01 7.776000e-03 1.507200e-01
286 8.415720e-01 7.840000e-03 1.505880e-01
287 8.416280e-01 7.864000e-03 1.505080e-01
288 8.416720e-01 7.908000e-03 1.504200e-01
289 8.418000e-01 7.956000e-03 1.502440e-01
290 8.419840e-01 8.084000e-03 1.499320e-01
291 8.421520e-01 8.008000e-03 1.498400e-01
292 8.424320e-01 8.064000e-03 1.495040e-01
293 8.423560e-01 8.072000e-03 1.495720e-01
294 8.423680e-01 8.124000e-03 1.495080e-01
295 8.425600e-01 8.200000e-03 1.492400e-01
296 8.425960e-01 8.172000e-03 1.492320e-01
297 8.427120e-01 8.040000e-03 1.492480e-01
298 8.426160e-01 7.972000e-03 1.494120e-01
299 8.428680e-01 7.948000e-03 1.491840e-01
300 8.429480e-01 7.900000e-03 1.491520e-01
301 8.432680e-01 7.816000e-03 1.489160e-01
302 8.433880e-01 7.924000e-03 1.486880e-01
303 8.433640e-01 8.060000e-03 1.485760e-01
304 8.436000e-01 8.068000e-03 1.483320e-01
305 8.438680e-01 7.956000e-03 1.481760e-01
306 8.441280e-01 7.896000e-03 1.479760e-01
307 8.443040e-01 7.744000e-03 1.479520e-01
308 8.445640e-01 7.852000e-03 1.475840e-01
309 8.446120e-01 7.832000e-03 1.475560e-01
310 8.447920e-01 7.732000e-03 1.474760e-01
311 8.451200e-01 7.564000e-03 1.473160e-01
312 8.453000e-01 7.716000e-03 1.469840e-01
313 8.453640e-01 7.664000e-03 1.469720e-01
314 8.454880e-01 7.608000e-03 1.469040e-01
315 8.458080e-01 7.444000e-03 1.467480e-01
316 8.461600e-01 7.380000e-03 1.464600e-01
317 8.464440e-01 7.344000e-03 1.462120e-01
318 8.466640e-01 7.220000e-03 1.461160e-01
319 8.467560e-01 7.160000e-03 1.460840e-01
320 8.470440e-01 7.104000e-03 1.458520e-01
321 8.473560e-01 7.052000e-03 1.455920e-01
322 8.476120e-01 7.016000e-03 1.453720e-01
323 8.479320e-01 6.980000e-03 1.450880e-01
324 8.481880e-01 7.116000e-03 1.446960e-01
325 8.483960e-01 6.988000e-03 1.446160e-01
326 8.487000e-01 7.016000e-03 1.442840e-01
327 8.490160e-01 6.944000e-03 1.440400e-01
328 8.492120e-01 6.876000e-03 1.439120e-01
329 8.495200e-01 6.792000e-03 1.436880e-01
330 8.497560e-01 6.844000e-03 1.434000e-01
331 8.500400e-01 6.776000e-03 1.431840e-01
332 8.502360e-01 6.964000e-03 1.428000e-01
333 8.503680e-01 6.980000e-03 1.426520e-01
334 8.506600e-01 6.916000e-03 1.424240e-01
335 8.509080e-01 6.748000e-03 1.423440e-01
336 8.512280e-01 6.688000e-03 1.420840e-01
337 8.514160e-01 6.740000e-03 1.418440e-01
338 8.517120e-01 6.680000e-03 1.416080e-01
339 8.520040e-01 6.724000e-03 1.412720e-01
340 8.522480e-01 6.624000e-03 1.411280e-01
341 8.523720e-01 6.684000e-03 1.409440e-01
342 8.525760e-01 6.724000e-03 1.407000e-01
343 8.528360e-01 6.784000e-03 1.403800e-01
344 8.530200e-01 6.700000e-03 1.402800e-01
345 8.533520e-01 6.732000e-03 1.399160e-01
346 8.533720e-01 6.876000e-03 1.397520e-01
347 8.535680e-01 6.880000e-03 1.395520e-01
348 8.537440e-01 6.840000e-03 1.394160e-01
349 8.538680e-01 6.880000e-03 1.392520e-01
350 8.542080e-01 6.716000e-03 1.390760e-01
351 8.544800e-01 6.616000e-03 1.389040e-01
352 8.547560e-01 6.536000e-03 1.387080e-01
353 8.550080e-01 6.528000e-03 1.384640e-01
354 8.552320e-01 6.452000e-03 1.383160e-01
355 8.556840e-01 6.416000e-03 1.379000e-01
356 8.558520e-01 6.432000e-03 1.377160e-01
357 8.561640e-01 6.328000e-03 1.375080e-01
358 8.565200e-01 6.272000e-03 1.372080e-01
359 8.567800e-01 6.180000e-03 1.370400e-01
360 8.571200e-01 6.156000e-03 1.367240e-01
361 8.574760e-01 6.080000e-03 1.364440e-01
362 8.577880e-01 5.956000e-03 1.362560e-01
363 8.582400e-01 5.860000e-03 1.359000e-01
364 8.585520e-01 5.864000e-03 1.355840e-01
365 8.586480e-01 5.876000e-03 1.354760e-01
366 8.590160e-01 5.744000e-03 1.352400e-01
367 8.594240e-01 5.732000e-03 1.348440e-01
368 8.598920e-01 5.668000e-03 1.344400e-01
369 8.601480e-01 5.748000e-03 1.341040e-01
370 8.606280e-01 5.624000e-03 1.337480e-01
371 8.607440e-01 5.836000e-03 1.334200e-01
372 8.610080e-01 5.964000e-03 1.330280e-01
373 8.612480e-01 6.152000e-03 1.326000e-01
374 8.615400e-01 6.080000e-03 1.323800e-01
375 8.617880e-01 6.184000e-03 1.320280e-01
376 8.622160e-01 6.100000e-03 1.316840e-01
377 8.623840e-01 6.136000e-03 1.314800e-01
378 8.626480e-01 6.144000e-03 1.312080e-01
379 8.628560e-01 6.056000e-03 1.310880e-01
380 8.629360e-01 6.120000e-03 1.309440e-01
381 8.630960e-01 6.216000e-03 1.306880e-01
382 8.632200e-01 6.100000e-03 1.306800e-01
383 8.634480e-01 6.120000e-03 1.304320e-01
384 8.637160e-01 6.112000e-03 1.301720e-01
385 8.639080e-01 6.068000e-03 1.300240e-01
386 8.642560e-01 6.068000e-03 1.296760e-01
387 8.644760e-01 5.968000e-03 1.295560e-01
388 8.646680e-01 6.040000e-03 1.292920e-01
389 8.648600e-01 5.988000e-03 1.291520e-01
390 8.651600e-01 5.848000e-03 1.289920e-01
391 8.654520e-01 5.744000e-03 1.288040e-01
392 8.656440e-01 5.784000e-03 1.285720e-01
393 8.659320e-01 5.788000e-03 1.282800e-01
394 8.661040e-01 6.036000e-03 1.278600e-01
395 8.662240e-01 6.012000e-03 1.277640e-01
396 8.663400e-01 6.036000e-03 1.276240e-01
397 8.664560e-01 6.000000e-03 1.275440e-01
398 8.667640e-01 6.028000e-03 1.272080e-01
399 8.668960e-01 5.972000e-03 1.271320e-01
400 8.671160e-01 5.988000e-03 1.268960e-01
401 8.673280e-01 5.988000e-03 1.266840e-01
402 8.674760e-01 6.108000e-03 1.264160e-01
403 8.676400e-01 6.080000e-03 1.262800e-01
404 8.678040e-01 6.112000e-03 1.260840e-01
405 8.680760e-01 6.040000e-03 1.258840e-01
406 8.680520e-01 6.116000e-03 1.258320e-01
407 8.683320e-01 6.088000e-03 1.255800e-01
408 8.684760e-01 6.056000e-03 1.254680e-01
409 8.688080e-01 6.100000e-03 1.250920e-01
410 8.688520e-01 6.112000e-03 1.250360e-01
411 8.689720e-01 6.084000e-03 1.249440e-01
412 8.692240e-01 6.132000e-03 1.246440e-01
413 8.694000e-01 6.084000e-03 1.245160e-01
414 8.697280e-01 5.884000e-03 1.243880e-01
415 8.698720e-01 5.772000e-03 1.243560e-01
416 8.702280e-01 5.588000e-03 1.241840e-01
417 8.705040e-01 5.440000e-03 1.240560e-01
418 8.708240e-01 5.320000e-03 1.238560e-01
419 8.709840e-01 5.404000e-03 1.236120e-01
420 8.713240e-01 5.384000e-03 1.232920e-01
421 8.714480e-01 5.428000e-03 1.231240e-01
422 8.718640e-01 5.260000e-03 1.228760e-01
423 8.722840e-01 5.192000e-03 1.225240e-01
424 8.726120e-01 5.096000e-03 1.222920e-01
425 8.728280e-01 5.176000e-03 1.219960e-01
426 8.731640e-01 5.164000e-03 1.216720e-01
427 8.735760e-01 5.084000e-03 1.213400e-01
428 8.737240e-01 5.072000e-03 1.212040e-01
429 8.740120e-01 5.008000e-03 1.209800e-01
430 8.743480e-01 5.092000e-03 1.205600e-01
431 8.747520e-01 5.080000e-03 1.201680e-01
432 8.750040e-01 5.172000e-03 1.198240e-01
433 8.754400e-01 5.008000e-03 1.195520e-01
434 8.757160e-01 4.976000e-03 1.193080e-01
435 8.760960e-01 4.880000e-03 1.190240e-01
436 8.764160e-01 4.832000e-03 1.187520e-01
437 8.768760e-01 4.800000e-03 1.183240e-01
438 8.772720e-01 4.796000e-03 1.179320e-01
439 8.776800e-01 4.692000e-03 1.176280e-01
440 8.782400e-01 4.516000e-03 1.172440e-01
441 8.785880e-01 4.424000e-03 1.169880e-01
442 8.790440e-01 4.436000e-03 1.165200e-01
443 8.793400e-01 4.560000e-03 1.161000e-01
444 8.797160e-01 4.424000e-03 1.158600e-01
445 8.799920e-01 4.464000e-03 1.155440e-01
446 8.802560e-01 4.436000e-03 1.153080e-01
447 8.805800e-01 4.448000e-03 1.149720e-01
448 8.809880e-01 4.480000e-03 1.145320e-01
449 8.813320e-01 4.576000e-03 1.140920e-01
450 8.814240e-01 4.724000e-03 1.138520e-01
451 8.817600e-01 4.744000e-03 1.134960e-01
452 8.821800e-01 4.712000e-03 1.131080e-01
453 8.826400e-01 4.596000e-03 1.127640e-01
454 8.829200e-01 4.672000e-03 1.124080e-01
455 8.831360e-01 4.664000e-03 1.122000e-01
456 8.834960e-01 4.616000e-03 1.118880e-01
457 8.837120e-01 4.660000e-03 1.116280e-01
458 8.840200e-01 4.596000e-03 1.113840e-01
459 8.842920e-01 4.732000e-03 1.109760e-01
460 8.846720e-01 4.600000e-03 1.107280e-01
461 8.850680e-01 4.464000e-03 1.104680e-01
462 8.854080e-01 4.444000e-03 1.101480e-01
463 8.857600e-01 4.364000e-03 1.098760e-01
464 8.861840e-01 4.308000e-03 1.095080e-01
465 8.865320e-01 4.216000e-03 1.092520e-01
466 8.868800e-01 4.232000e-03 1.088880e-01
467 8.870360e-01 4.352000e-03 1.086120e-01
468 8.874480e-01 4.236000e-03 1.083160e-01
469 8.876400e-01 4.168000e-03 1.081920e-01
470 8.879840e-01 4.096000e-03 1.079200e-01
471 8.883480e-01 4.112000e-03 1.075400e-01
472 8.886560e-01 4.176000e-03 1.071680e-01
473 8.888760e-01 4.172000e-03 1.069520e-01
474 8.891200e-01 4.208000e-03 1.066720e-01
475 8.894800e-01 4.204000e-03 1.063160e-01
476 8.897320e-01 4.288000e-03 1.059800e-01
477 8.900880e-01 4.164000e-03 1.057480e-01
478 8.905440e-01 4.164000e-03 1.052920e-01
479 8.908480e-01 4.216000e-03 1.049360e-01
480 8.913160e-01 4.172000e-03 1.045120e-01
481 8.915680e-01 4.132000e-03 1.043000e-01
482 8.917920e-01 4.188000e-03 1.040200e-01
483 8.922200e-01 4.112000e-03 1.036680e-01
484 8.925040e-01 4.152000e-03 1.033440e-01
485 8.927000e-01 4.228000e-03 1.030720e-01
486 8.930480e-01 4.140000e-03 1.028120e-01
487 8.933760e-01 4.156000e-03 1.024680e-01
488 8.937680e-01 4.088000e-03 1.021440e-01
489 8.940680e-01 3.956000e-03 1.019760e-01
490 8.944480e-01 3.864000e-03 1.016880e-01
491 8.948000e-01 3.748000e-03 1.014520e-01
492 8.951800e-01 3.676000e-03 1.011440e-01
493 8.956840e-01 3.564000e-03 1.007520e-01
494 8.960800e-01 3.476000e-03 1.004440e-01
495 8.964040e-01 3.472000e-03 1.001240e-01
496 8.967360e-01 3.404000e-03 9.986000e-02
497 8.970880e-01 3.520000e-03 9.939200e-02
498 8.975360e-01 3.448000e-03 9.901600e-02
499 8.979560e-01 3.372000e-03 9.867200e-02
500 8.982600e-01 3.356000e-03 9.838400e-02
501 8.985240e-01 3.348000e-03 9.812800e-02
502 8.989280e-01 3.348000e-03 9.772400e-02
503 8.992760e-01 3.292000e-03 9.743200e-02
504 8.996240e-01 3.248000e-03 9.712800e-02
505 8.999440e-01 3.300000e-03 9.675600e-02
506 9.003560e-01 3.372000e-03 9.627200e-02
507 9.006760e-01 3.472000e-03 9.585200e-02
508 9.009120e-01 3.456000e-03 9.563200e-02
509 9.012160e-01 3.476000e-03 9.530800e-02
510 9.015160e-01 3.556000e-03 9.492800e-02
511 9.015680e-01 3.624000e-03 9.480800e-02
512 9.017800e-01 3.672000e-03 9.454800e-02
513 9.021120e-01 3.716000e-03 9.417200e-02
514 9.024120e-01 3.736000e-03 9.385200e-02
515 9.025440e-01 3.812000e-03 9.364400e-02
516 9.028160e-01 3.768000e-03 9.341600e-02
517 9.031640e-01 3.780000e-03 9.305600e-02
518 9.033840e-01 3.828000e-03 9.278800e-02
519 9.037760e-01 3.724000e-03 9.250000e-02
520 9.040320e-01 3.760000e-03 9.220800e-02
521 9.042520e-01 3.816000e-03 9.193200e-02
522 9.045840e-01 3.784000e-03 9.163200e-02
523 9.049560e-01 3.820000e-03 9.122400e-02
524 9.052120e-01 3.700000e-03 9.108800e-02
525 9.053200e-01 3.692000e-03 9.098800e-02
526 9.055600e-01 3.644000e-03 9.079600e-02
527 9.058320e-01 3.656000e-03 9.051200e-02
528 9.059640e-01 3.680000e-03 9.035600e-02
529 9.061560e-01 3.656000e-03 9.018800e-02
530 9.064960e-01 3.632000e-03 8.987200e-02
531 9.066920e-01 3.680000e-03 8.962800e-02
532 9.069640e-01 3.580000e-03 8.945600e-02
533 9.072480e-01 3.580000e-03 8.917200e-02
534 9.075760e-01 3.504000e-03 8.892000e-02
535 9.078680e-01 3.492000e-03 8.864000e-02
536 9.081760e-01 3.500000e-03 8.832400e-02
537 9.083160e-01 3.524000e-03 8.816000e-02
538 9.084560e-01 3.500000e-03 8.804400e-02
539 9.087120e-01 3.532000e-03 8.775600e-02
540 9.088880e-01 3.540000e-03 8.757200e-02
541 9.091720e-01 3.556000e-03 8.727200e-02
542 9.093840e-01 3.540000e-03 8.707600e-02
543 9.096080e-01 3.524000e-03 8.686800e-02
544 9.097000e-01 3.536000e-03 8.676400e-02
545 9.099560e-01 3.576000e-03 8.646800e-02
546 9.102560e-01 3.608000e-03 8.613600e-02
547 9.105760e-01 3.632000e-03 8.579200e-02
548 9.107560e-01 3.576000e-03 8.566800e-02
549 9.109160e-01 3.576000e-03 8.550800e-02
550 9.110520e-01 3.720000e-03 8.522800e-02
551 9.111640e-01 3.808000e-03 8.502800e-02
552 9.114640e-01 3.648000e-03 8.488800e-02
553 9.117040e-01 3.588000e-03 8.470800e-02
554 9.119200e-01 3.532000e-03 8.454800e-02
555 9.121640e-01 3.496000e-03 8.434000e-02
556 9.124200e-01 3.540000e-03 8.404000e-02
557 9.125640e-01 3.608000e-03 8.382800e-02
558 9.128120e-01 3.536000e-03 8.365200e-02
559 9.130720e-01 3.532000e-03 8.339600e-02
560 9.131920e-01 3.600000e-03 8.320800e-02
561 9.133040e-01 3.632000e-03 8.306400e-02
562 9.133640e-01 3.684000e-03 8.295200e-02
563 9.133240e-01 3.692000e-03 8.298400e-02
564 9.135160e-01 3.748000e-03 8.273600e-02
565 9.137440e-01 3.840000e-03 8.241600e-02
566 9.140080e-01 3.780000e-03 8.221200e-02
567 9.141640e-01 3.764000e-03 8.207200e-02
568 9.142240e-01 3.912000e-03 8.186400e-02
569 9.141480e-01 4.052000e-03 8.180000e-02
570 9.140320e-01 4.128000e-03 8.184000e-02
571 9.141280e-01 4.180000e-03 8.169200e-02
572 9.141720e-01 4.252000e-03 8.157600e-02
573 9.141840e-01 4.320000e-03 8.149600e-02
574 9.143440e-01 4.272000e-03 8.138400e-02
575 9.144280e-01 4.272000e-03 8.130000e-02
576 9.145720e-01 4.308000e-03 8.112000e-02
577 9.146200e-01 4.384000e-03 8.099600e-02
578 9.146520e-01 4.364000e-03 8.098400e-02
579 9.147120e-01 4.304000e-03 8.098400e-02
580 9.147920e-01 4.276000e-03 8.093200e-02
581 9.148720e-01 4.216000e-03 8.091200e-02
582 9.149080e-01 4.224000e-03 8.086800e-02
583 9.150480e-01 4.204000e-03 8.074800e-02
584 9.150880e-01 4.156000e-03 8.075600e-02
585 9.151280e-01 4.156000e-03 8.071600e-02
586 9.152520e-01 4.188000e-03 8.056000e-02
587 9.152760e-01 4.228000e-03 8.049600e-02
588 9.152560e-01 4.292000e-03 8.045200e-02
589 9.152480e-01 4.308000e-03 8.044400e-02
590 9.153080e-01 4.280000e-03 8.041200e-02
591 9.154480e-01 4.220000e-03 8.033200e-02
592 9.155680e-01 4.172000e-03 8.026000e-02
593 9.157480e-01 4.012000e-03 8.024000e-02
594 9.157320e-01 4.008000e-03 8.026000e-02
595 9.158240e-01 3.924000e-03 8.025200e-02
596 9.158400e-01 3.928000e-03 8.023200e-02
597 9.158600e-01 3.952000e-03 8.018800e-02
598 9.160000e-01 3.996000e-03 8.000400e-02
599 9.161920e-01 3.868000e-03 7.994000e-02
600 9.162880e-01 3.852000e-03 7.986000e-02
601 9.164280e-01 3.888000e-03 7.968400e-02
602 9.165680e-01 3.900000e-03 7.953200e-02
603 9.166360e-01 3.884000e-03 7.948000e-02
604 9.166880e-01 3.976000e-03 7.933600e-02
605 9.169080e-01 3.912000e-03 7.918000e-02
606 9.171280e-01 3.808000e-03 7.906400e-02
607 9.171520e-01 3.792000e-03 7.905600e-02
608 9.172840e-01 3.896000e-03 7.882000e-02
609 9.174800e-01 3.752000e-03 7.876800e-02
610 9.176640e-01 3.716000e-03 7.862000e-02
611 9.179360e-01 3.476000e-03 7.858800e-02
612 9.182000e-01 3.436000e-03 7.836400e-02
613 9.182080e-01 3.456000e-03 7.833600e-02
614 9.184440e-01 3.488000e-03 7.806800e-02
615 9.185360e-01 3.540000e-03 7.792400e-02
616 9.185800e-01 3.516000e-03 7.790400e-02
617 9.187560e-01 3.492000e-03 7.775200e-02
618 9.188720e-01 3.504000e-03 7.762400e-02
619 9.191360e-01 3.496000e-03 7.736800e-02
620 9.193240e-01 3.480000e-03 7.719600e-02
621 9.195280e-01 3.488000e-03 7.698400e-02
622 9.197200e-01 3.448000e-03 7.683200e-02
623 9.199440e-01 3.472000e-03 7.658400e-02
624 9.201440e-01 3.448000e-03 7.640800e-02
625 9.201760e-01 3.556000e-03 7.626800e-02
626 9.203360e-01 3.548000e-03 7.611600e-02
627 9.203720e-01 3.600000e-03 7.602800e-02
628 9.205920e-01 3.496000e-03 7.591200e-02
629 9.205680e-01 3.512000e-03 7.592000e-02
630 9.207680e-01 3.456000e-03 7.577600e-02
631 9.207720e-01 3.452000e-03 7.577600e-02
632 9.208160e-01 3.492000e-03 7.569200e-02
633 9.210640e-01 3.560000e-03 7.537600e-02
634 9.212640e-01 3.660000e-03 7.507600e-02
635 9.213400e-01 3.680000e-03 7.498000e-02
636 9.213680e-01 3.724000e-03 7.490800e-02
637 9.214720e-01 3.744000e-03 7.478400e-02
638 9.215480e-01 3.828000e-03 7.462400e-02
639 9.213600e-01 4.068000e-03 7.457200e-02
640 9.214080e-01 4.152000e-03 7.444000e-02
641 9.213680e-01 4.176000e-03 7.445600e-02
642 9.214480e-01 4.164000e-03 7.438800e-02
643 9.214320e-01 3.996000e-03 7.457200e-02
644 9.215240e-01 3.992000e-03 7.448400e-02
645 9.215680e-01 4.080000e-03 7.435200e-02
646 9.216680e-01 4.020000e-03 7.431200e-02
647 9.217480e-01 4.068000e-03 7.418400e-02
648 9.219200e-01 3.932000e-03 7.414800e-02
649 9.220840e-01 3.896000e-03 7.402000e-02
650 9.222160e-01 3.884000e-03 7.390000e-02
651 9.223200e-01 3.752000e-03 7.392800e-02
652 9.222960e-01 3.768000e-03 7.393600e-02
653 9.224400e-01 3.680000e-03 7.388000e-02
654 9.225480e-01 3.764000e-03 7.368800e-02
655 9.224880e-01 3.880000e-03 7.363200e-02
656 9.225560e-01 3.948000e-03 7.349600e-02
657 9.226160e-01 4.040000e-03 7.334400e-02
658 9.226960e-01 4.032000e-03 7.327200e-02
659 9.227920e-01 3.988000e-03 7.322000e-02
660 9.228560e-01 4.084000e-03 7.306000e-02
661 9.228640e-01 4.160000e-03 7.297600e-02
662 9.227440e-01 4.168000e-03 7.308800e-02
663 9.227920e-01 4.156000e-03 7.305200e-02
664 9.227760e-01 4.216000e-03 7.300800e-02
665 9.227760e-01 4.244000e-03 7.298000e-02
666 9.228240e-01 4.180000e-03 7.299600e-02
667 9.230120e-01 4.024000e-03 7.296400e-02
668 9.230080e-01 4.092000e-03 7.290000e-02
669 9.231480e-01 4.080000e-03 7.277200e-02
670 9.231920e-01 3.924000e-03 7.288400e-02
671 9.231680e-01 3.936000e-03 7.289600e-02
672 9.232160e-01 3.820000e-03 7.296400e-02
673 9.233480e-01 3.824000e-03 7.282800e-02
674 9.235480e-01 3.748000e-03 7.270400e-02
675 9.236320e-01 3.768000e-03 7.260000e-02
676 9.236440e-01 3.812000e-03 7.254400e-02
677 9.237640e-01 3.840000e-03 7.239600e-02
678 9.238880e-01 3.884000e-03 7.222800e-02
679 9.240520e-01 3.876000e-03 7.207200e-02
680 9.241480e-01 3.864000e-03 7.198800e-02
681 9.243360e-01 3.756000e-03 7.190800e-02
682 9.245240e-01 3.776000e-03 7.170000e-02
683 9.246520e-01 3.648000e-03 7.170000e-02
684 9.247640e-01 3.720000e-03 7.151600e-02
685 9.247840e-01 3.632000e-03 7.158400e-02
686 9.248160e-01 3.668000e-03 7.151600e-02
687 9.247360e-01 3.704000e-03 7.156000e-02
688 9.247160e-01 3.644000e-03 7.164000e-02
689 9.247760e-01 3.700000e-03 7.152400e-02
690 9.248560e-01 3.760000e-03 7.138400e-02
691 9.250560e-01 3.752000e-03 7.119200e-02
692 9.252080e-01 3.656000e-03 7.113600e-02
693 9.251840e-01 3.692000e-03 7.112400e-02
694 9.252400e-01 3.692000e-03 7.106800e-02
695 9.252600e-01 3.772000e-03 7.096800e-02
696 9.253480e-01 3.700000e-03 7.095200e-02
697 9.253600e-01 3.640000e-03 7.100000e-02
698 9.254800e-01 3.540000e-03 7.098000e-02
699 9.255600e-01 3.564000e-03 7.087600e-02
700 9.255600e-01 3.616000e-03 7.082400e-02
701 9.256040e-01 3.604000e-03 7.079200e-02
702 9.256120e-01 3.624000e-03 7.076400e-02
703 9.256840e-01 3.620000e-03 7.069600e-02
704 9.257720e-01 3.640000e-03 7.058800e-02
705 9.258760e-01 3.600000e-03 7.052400e-02
706 9.260720e-01 3.500000e-03 7.042800e-02
707 9.260760e-01 3.512000e-03 7.041200e-02
708 9.262040e-01 3.428000e-03 7.036800e-02
709 9.263120e-01 3.404000e-03 7.028400e-02
710 9.265880e-01 3.340000e-03 7.007200e-02
711 9.266920e-01 3.476000e-03 6.983200e-02
712 9.267800e-01 3.516000e-03 6.970400e-02
713 9.269280e-01 3.432000e-03 6.964000e-02
714 9.270280e-01 3.588000e-03 6.938400e-02
715 9.271560e-01 3.484000e-03 6.936000e-02
716 9.273680e-01 3.480000e-03 6.915200e-02
717 9.274120e-01 3.524000e-03 6.906400e-02
718 9.274560e-01 3.548000e-03 6.899600e-02
719 9.274840e-01 3.608000e-03 6.890800e-02
720 9.275600e-01 3.456000e-03 6.898400e-02
721 9.277280e-01 3.408000e-03 6.886400e-02
722 9.278240e-01 3.396000e-03 6.878000e-02
723 9.278360e-01 3.448000e-03 6.871600e-02
724 9.279440e-01 3.392000e-03 6.866400e-02
725 9.279680e-01 3.464000e-03 6.856800e-02
726 9.280880e-01 3.492000e-03 6.842000e-02
727 9.281640e-01 3.456000e-03 6.838000e-02
728 9.282080e-01 3.448000e-03 6.834400e-02
729 9.283080e-01 3.424000e-03 6.826800e-02
730 9.282720e-01 3.492000e-03 6.823600e-02
731 9.283520e-01 3.464000e-03 6.818400e-02
732 9.284040e-01 3.436000e-03 6.816000e-02
733 9.283640e-01 3.460000e-03 6.817600e-02
734 9.284160e-01 3.540000e-03 6.804400e-02
735 9.286520e-01 3.440000e-03 6.790800e-02
736 9.287440e-01 3.384000e-03 6.787200e-02
737 9.287480e-01 3.516000e-03 6.773600e-02
738 9.287800e-01 3.576000e-03 6.764400e-02
739 9.288240e-01 3.540000e-03 6.763600e-02
740 9.289640e-01 3.448000e-03 6.758800e-02
741 9.290640e-01 3.508000e-03 6.742800e-02
742 9.291600e-01 3.484000e-03 6.735600e-02
743 9.291440e-01 3.564000e-03 6.729200e-02
744 9.291840e-01 3.536000e-03 6.728000e-02
745 9.293640e-01 3.556000e-03 6.708000e-02
746 9.294160e-01 3.544000e-03 6.704000e-02
747 9.294760e-01 3.568000e-03 6.695600e-02
748 9.294960e-01 3.636000e-03 6.686800e-02
749 9.295200e-01 3.632000e-03 6.684800e-02
750 9.295840e-01 3.552000e-03 6.686400e-02
751 9.296680e-01 3.556000e-03 6.677600e-02
752 9.296720e-01 3.632000e-03 6.669600e-02
753 9.297600e-01 3.608000e-03 6.663200e-02
754 9.298080e-01 3.620000e-03 6.657200e-02
755 9.298160e-01 3.548000e-03 6.663600e-02
756 9.297800e-01 3.624000e-03 6.659600e-02
757 9.297600e-01 3.604000e-03 6.663600e-02
758 9.297280e-01 3.680000e-03 6.659200e-02
759 9.296520e-01 3.840000e-03 6.650800e-02
760 9.296360e-01 3.872000e-03 6.649200e-02
761 9.295920e-01 3.904000e-03 6.650400e-02
762 9.295440e-01 3.912000e-03 6.654400e-02
763 9.294080e-01 3.912000e-03 6.668000e-02
764 9.292840e-01 3.960000e-03 6.675600e-02
765 9.291640e-01 3.932000e-03 6.690400e-02
766 9.291040e-01 4.036000e-03 6.686000e-02
767 9.289160e-01 4.200000e-03 6.688400e-02
768 9.288480e-01 4.192000e-03 6.696000e-02
769 9.287080e-01 4.232000e-03 6.706000e-02
770 9.287040e-01 4.196000e-03 6.710000e-02
771 9.287200e-01 4.132000e-03 6.714800e-02
772 9.287200e-01 4.088000e-03 6.719200e-02
773 9.287920e-01 4.004000e-03 6.720400e-02
774 9.287800e-01 3.948000e-03 6.727200e-02
775 9.287080e-01 3.964000e-03 6.732800e-02
776 9.287760e-01 3.912000e-03 6.731200e-02
777 9.288960e-01 3.892000e-03 6.721200e-02
778 9.289200e-01 3.932000e-03 6.714800e-02
779 9.289720e-01 3.880000e-03 6.714800e-02
780 9.290720e-01 3.816000e-03 6.711200e-02
781 9.290400e-01 3.832000e-03 6.712800e-02
782 9.290040e-01 3.796000e-03 6.720000e-02
783 9.289080e-01 3.936000e-03 6.715600e-02
784 9.289120e-01 4.004000e-03 6.708400e-02
785 9.289520e-01 4.036000e-03 6.701200e-02
786 9.289720e-01 4.080000e-03 6.694800e-02
787 9.289680e-01 4.032000e-03 6.700000e-02
788 9.290120e-01 4.112000e-03 6.687600e-02
789 9.288920e-01 4.200000e-03 6.690800e-02
790 9.287760e-01 4.144000e-03 6.708000e-02
791 9.287440e-01 4.052000e-03 6.720400e-02
792 9.288440e-01 3.920000e-03 6.723600e-02
793 9.290000e-01 3.856000e-03 6.714400e-02
794 9.290600e-01 3.836000e-03 6.710400e-02
795 9.290200e-01 3.848000e-03 6.713200e-02
796 9.289800e-01 3.844000e-03 6.717600e-02
797 9.290080e-01 3.800000e-03 6.719200e-02
798 9.290560e-01 3.800000e-03 6.714400e-02
799 9.291960e-01 3.680000e-03 6.712400e-02
800 9.292160e-01 3.548000e-03 6.723600e-02
801 9.294080e-01 3.400000e-03 6.719200e-02
802 9.295800e-01 3.328000e-03 6.709200e-02
803 9.296360e-01 3.296000e-03 6.706800e-02
804 9.297440e-01 3.300000e-03 6.695600e-02
805 9.299240e-01 3.176000e-03 6.690000e-02
806 9.302120e-01 3.152000e-03 6.663600e-02
807 9.302800e-01 3.180000e-03 6.654000e-02
808 9.303880e-01 3.132000e-03 6.648000e-02
809 9.304720e-01 3.052000e-03 6.647600e-02
810 9.306080e-01 2.948000e-03 6.644400e-02
811 9.306680e-01 2.952000e-03 6.638000e-02
812 9.307720e-01 2.920000e-03 6.630800e-02
813 9.308960e-01 2.884000e-03 6.622000e-02
814 9.310480e-01 2.872000e-03 6.608000e-02
815 9.312680e-01 2.780000e-03 6.595200e-02
816 9.314120e-01 2.800000e-03 6.578800e-02
817 9.316360e-01 2.804000e-03 6.556000e-02
818 9.318040e-01 2.788000e-03 6.540800e-02
819 9.319880e-01 2.808000e-03 6.520400e-02
820 9.321360e-01 2.852000e-03 6.501200e-02
821 9.321400e-01 2.984000e-03 6.487600e-02
822 9.322800e-01 2.968000e-03 6.475200e-02
823 9.323920e-01 3.000000e-03 6.460800e-02
824 9.325640e-01 3.056000e-03 6.438000e-02
825 9.328360e-01 2.964000e-03 6.420000e-02
826 9.329520e-01 2.972000e-03 6.407600e-02
827 9.331560e-01 2.916000e-03 6.392800e-02
828 9.333240e-01 2.852000e-03 6.382400e-02
829 9.334520e-01 2.980000e-03 6.356800e-02
830 9.335440e-01 2.964000e-03 6.349200e-02
831 9.336440e-01 2.940000e-03 6.341600e-02
832 9.335800e-01 3.056000e-03 6.336400e-02
833 9.337880e-01 2.936000e-03 6.327600e-02
834 9.339720e-01 2.968000e-03 6.306000e-02
835 9.340640e-01 3.000000e-03 6.293600e-02
836 9.343360e-01 2.872000e-03 6.279200e-02
837 9.344760e-01 2.880000e-03 6.264400e-02
838 9.346520e-01 2.832000e-03 6.251600e-02
839 9.348200e-01 2.804000e-03 6.237600e-02
840 9.349760e-01 2.788000e-03 6.223600e-02
841 9.350600e-01 2.828000e-03 6.211200e-02
842 9.351240e-01 2.820000e-03 6.205600e-02
843 9.352360e-01 2.836000e-03 6.192800e-02
844 9.353320e-01 2.856000e-03 6.181200e-02
845 9.353920e-01 2.820000e-03 6.178800e-02
846 9.355400e-01 2.708000e-03 6.175200e-02
847 9.356040e-01 2.720000e-03 6.167600e-02
848 9.357480e-01 2.640000e-03 6.161200e-02
849 9.359040e-01 2.612000e-03 6.148400e-02
850 9.360680e-01 2.616000e-03 6.131600e-02
851 9.362160e-01 2.568000e-03 6.121600e-02
852 9.364200e-01 2.576000e-03 6.100400e-02
853 9.366320e-01 2.528000e-03 6.084000e-02
854 9.368640e-01 2.412000e-03 6.072400e-02
855 9.370600e-01 2.296000e-03 6.064400e-02
856 9.373560e-01 2.244000e-03 6.040000e-02
857 9.376680e-01 2.172000e-03 6.016000e-02
858 9.379960e-01 2.084000e-03 5.992000e-02
859 9.382480e-01 2.032000e-03 5.972000e-02
860 9.384600e-01 2.068000e-03 5.947200e-02
861 9.386640e-01 2.056000e-03 5.928000e-02
862 9.389560e-01 2.004000e-03 5.904000e-02
863 9.390400e-01 2.032000e-03 5.892800e-02
864 9.392160e-01 1.996000e-03 5.878800e-02
865 9.394480e-01 2.084000e-03 5.846800e-02
866 9.397000e-01 2.068000e-03 5.823200e-02
867 9.399800e-01 2.056000e-03 5.796400e-02
868 9.403120e-01 1.996000e-03 5.769200e-02
869 9.405320e-01 1.928000e-03 5.754000e-02
870 9.408400e-01 1.892000e-03 5.726800e-02
871 9.411320e-01 1.828000e-03 5.704000e-02
872 9.414840e-01 1.824000e-03 5.669200e-02
873 9.417560e-01 1.788000e-03 5.645600e-02
874 9.421480e-01 1.736000e-03 5.611600e-02
875 9.423800e-01 1.776000e-03 5.584400e-02
876 9.427320e-01 1.768000e-03 5.550000e-02
877 9.429640e-01 1.748000e-03 5.528800e-02
878 9.431280e-01 1.776000e-03 5.509600e-02
879 9.433000e-01 1.860000e-03 5.484000e-02
880 9.434960e-01 1.968000e-03 5.453600e-02
881 9.435800e-01 2.028000e-03 5.439200e-02
882 9.438200e-01 2.016000e-03 5.416400e-02
883 9.440840e-01 1.996000e-03 5.392000e-02
884 9.442600e-01 2.008000e-03 5.373200e-02
885 9.445720e-01 1.908000e-03 5.352000e-02
886 9.447880e-01 1.900000e-03 5.331200e-02
887 9.448720e-01 1.956000e-03 5.317200e-02
888 9.450560e-01 2.000000e-03 5.294400e-02
889 9.452600e-01 1.960000e-03 5.278000e-02
890 9.454040e-01 2.004000e-03 5.259200e-02
891 9.455840e-01 2.040000e-03 5.237600e-02
892 9.457160e-01 2.024000e-03 5.226000e-02
893 9.457920e-01 2.036000e-03 5.217200e-02
894 9.459960e-01 2.016000e-03 5.198800e-02
895 9.461600e-01 2.016000e-03 5.182400e-02
896 9.464160e-01 1.992000e-03 5.159200e-02
897 9.464840e-01 2.076000e-03 5.144000e-02
898 9.465880e-01 2.184000e-03 5.122800e-02
899 9.467720e-01 2.268000e-03 5.096000e-02
900 9.469040e-01 2.244000e-03 5.085200e-02
901 9.469480e-01 2.276000e-03 5.077600e-02
902 9.471560e-01 2.204000e-03 5.064000e-02
903 9.473640e-01 2.184000e-03 5.045200e-02
904 9.475320e-01 2.100000e-03 5.036800e-02
905 9.476560e-01 2.080000e-03 5.026400e-02
906 9.478600e-01 2.108000e-03 5.003200e-02
907 9.480440e-01 2.020000e-03 4.993600e-02
908 9.481680e-01 2.008000e-03 4.982400e-02
909 9.483400e-01 2.000000e-03 4.966000e-02
910 9.485360e-01 1.984000e-03 4.948000e-02
911 9.485760e-01 2.012000e-03 4.941200e-02
912 9.486200e-01 2.028000e-03 4.935200e-02
913 9.487120e-01 2.008000e-03 4.928000e-02
914 9.489680e-01 1.924000e-03 4.910800e-02
915 9.490920e-01 1.988000e-03 4.892000e-02
916 9.492480e-01 1.968000e-03 4.878400e-02
917 9.493720e-01 2.040000e-03 4.858800e-02
918 9.495080e-01 2.128000e-03 4.836400e-02
919 9.496040e-01 2.112000e-03 4.828400e-02
920 9.498200e-01 2.100000e-03 4.808000e-02
921 9.498640e-01 2.084000e-03 4.805200e-02
922 9.500200e-01 2.064000e-03 4.791600e-02
923 9.502000e-01 2.052000e-03 4.774800e-02
924 9.504040e-01 1.972000e-03 4.762400e-02
925 9.505440e-01 1.904000e-03 4.755200e-02
926 9.506880e-01 1.928000e-03 4.738400e-02
927 9.508760e-01 1.932000e-03 4.719200e-02
928 9.510760e-01 1.900000e-03 4.702400e-02
929 9.511800e-01 1.952000e-03 4.686800e-02
930 9.512840e-01 2.028000e-03 4.668800e-02
931 9.514200e-01 2.020000e-03 4.656000e-02
932 9.515120e-01 2.032000e-03 4.645600e-02
