1 9.991960e-01 7.040000e-04 1.000000e-04
2 9.986080e-01 1.160000e-03 2.320000e-04
3 9.980320e-01 1.536000e-03 4.320000e-04
4 9.973480e-01 1.904000e-03 7.480000e-04
5 9.964840e-01 2.424000e-03 1.092000e-03
6 9.955000e-01 2.952000e-03 1.548000e-03
7 9.946200e-01 3.328000e-03 2.052000e-03
8 9.936200e-01 3.696000e-03 2.684000e-03
9 9.925480e-01 4.076000e-03 3.376000e-03
10 9.915680e-01 4.336000e-03 4.096000e-03
11 9.905880e-01 4.520000e-03 4.892000e-03
12 9.895280e-01 4.768000e-03 5.704000e-03
13 9.885600e-01 4.956000e-03 6.484000e-03
14 9.874840e-01 5.272000e-03 7.244000e-03
15 9.863200e-01 5.628000e-03 8.052000e-03
16 9.852600e-01 5.912000e-03 8.828000e-03
17 9.841080e-01 6.096000e-03 9.796000e-03
18 9.830480e-01 6.200000e-03 1.075200e-02
19 9.820840e-01 6.232000e-03 1.168400e-02
20 9.809920e-01 6.364000e-03 1.264400e-02
21 9.799480e-01 6.380000e-03 1.367200e-02
22 9.787480e-01 6.352000e-03 1.490000e-02
23 9.775960e-01 6.560000e-03 1.584400e-02
24 9.765720e-01 6.580000e-03 1.684800e-02
25 9.754720e-01 6.660000e-03 1.786800e-02
26 9.743160e-01 6.856000e-03 1.882800e-02
27 9.732520e-01 6.988000e-03 1.976000e-02
28 9.719960e-01 7.140000e-03 2.086400e-02
29 9.710560e-01 7.044000e-03 2.190000e-02
30 9.699600e-01 7.208000e-03 2.283200e-02
31 9.687240e-01 7.428000e-03 2.384800e-02
32 9.674120e-01 7.720000e-03 2.486800e-02
33 9.662360e-01 7.844000e-03 2.592000e-02
34 9.649120e-01 8.176000e-03 2.691200e-02
35 9.637720e-01 8.144000e-03 2.808400e-02
36 9.626160e-01 8.276000e-03 2.910800e-02
37 9.613560e-01 8.380000e-03 3.026400e-02
38 9.602040e-01 8.436000e-03 3.136000e-02
39 9.588720e-01 8.516000e-03 3.261200e-02
40 9.576880e-01 8.680000e-03 3.363200e-02
41 9.564760e-01 8.812000e-03 3.471200e-02
42 9.550920e-01 9.000000e-03 3.590800e-02
43 9.538680e-01 9.004000e-03 3.712800e-02
44 9.526000e-01 9.064000e-03 3.833600e-02
45 9.513400e-01 9.036000e-03 3.962400e-02
46 9.501840e-01 8.996000e-03 4.082000e-02
47 9.492600e-01 8.940000e-03 4.180000e-02
48 9.481720e-01 8.872000e-03 4.295600e-02
49 9.469960e-01 8.968000e-03 4.403600e-02
50 9.459760e-01 8.828000e-03 4.519600e-02
51 9.449080e-01 8.928000e-03 4.616400e-02
52 9.437680e-01 8.988000e-03 4.724400e-02
53 9.428040e-01 9.020000e-03 4.817600e-02
54 9.416400e-01 9.084000e-03 4.927600e-02
55 9.406120e-01 9.220000e-03 5.016800e-02
56 9.394120e-01 9.368000e-03 5.122000e-02
57 9.383720e-01 9.420000e-03 5.220800e-02
58 9.373200e-01 9.608000e-03 5.307200e-02
59 9.362600e-01 9.660000e-03 5.408000e-02
60 9.350520e-01 9.624000e-03 5.532400e-02
61 9.339280e-01 9.788000e-03 5.628400e-02
62 9.328120e-01 9.736000e-03 5.745200e-02
63 9.316920e-01 9.860000e-03 5.844800e-02
64 9.306760e-01 9.816000e-03 5.950800e-02
65 9.295960e-01 9.844000e-03 6.056000e-02
66 9.284000e-01 9.980000e-03 6.162000e-02
67 9.273280e-01 9.992000e-03 6.268000e-02
68 9.262360e-01 1.008800e-02 6.367600e-02
69 9.254320e-01 9.952000e-03 6.461600e-02
70 9.244440e-01 1.006400e-02 6.549200e-02
71 9.234440e-01 1.005600e-02 6.650000e-02
72 9.224320e-01 9.992000e-03 6.757600e-02
73 9.215280e-01 9.888000e-03 6.858400e-02
74 9.206120e-01 9.824000e-03 6.956400e-02
75 9.197880e-01 9.588000e-03 7.062400e-02
76 9.188200e-01 9.708000e-03 7.147200e-02
77 9.178560e-01 9.764000e-03 7.238000e-02
78 9.168040e-01 1.002400e-02 7.317200e-02
79 9.158920e-01 1.003200e-02 7.407600e-02
80 9.148920e-01 1.014000e-02 7.496800e-02
81 9.138200e-01 1.024400e-02 7.593600e-02
82 9.129640e-01 1.021600e-02 7.682000e-02
83 9.121400e-01 1.016400e-02 7.769600e-02
84 9.111960e-01 1.016000e-02 7.864400e-02
85 9.102240e-01 1.027200e-02 7.950400e-02
86 9.093560e-01 1.036000e-02 8.028400e-02
87 9.083120e-01 1.051600e-02 8.117200e-02
88 9.073640e-01 1.053600e-02 8.210000e-02
89 9.066440e-01 1.042400e-02 8.293200e-02
90 9.058600e-01 1.033200e-02 8.380800e-02
91 9.049560e-01 1.047200e-02 8.457200e-02
92 9.041120e-01 1.032000e-02 8.556800e-02
93 9.029680e-01 1.051600e-02 8.651600e-02
94 9.021280e-01 1.055200e-02 8.732000e-02
95 9.013920e-01 1.058000e-02 8.802800e-02
96 9.005000e-01 1.064400e-02 8.885600e-02
97 8.994840e-01 1.081600e-02 8.970000e-02
98 8.985480e-01 1.064800e-02 9.080400e-02
99 8.974320e-01 1.084400e-02 9.172400e-02
100 8.965440e-01 1.086400e-02 9.259200e-02
101 8.954640e-01 1.102000e-02 9.351600e-02
102 8.945680e-01 1.095200e-02 9.448000e-02
103 8.935000e-01 1.124400e-02 9.525600e-02
104 8.924960e-01 1.127200e-02 9.623200e-02
105 8.916720e-01 1.137200e-02 9.695600e-02
106 8.907960e-01 1.148000e-02 9.772400e-02
107 8.899680e-01 1.145200e-02 9.858000e-02
108 8.890480e-01 1.146400e-02 9.948800e-02
109 8.882680e-01 1.128000e-02 1.004520e-01
110 8.872920e-01 1.130000e-02 1.014080e-01
111 8.866720e-01 1.106400e-02 1.022640e-01
112 8.859240e-01 1.111200e-02 1.029640e-01
113 8.850880e-01 1.101600e-02 1.038960e-01
114 8.843760e-01 1.101200e-02 1.046120e-01
115 8.835800e-01 1.104400e-02 1.053760e-01
116 8.829840e-01 1.095600e-02 1.060600e-01
117 8.821400e-01 1.093600e-02 1.069240e-01
118 8.816200e-01 1.070400e-02 1.076760e-01
119 8.807080e-01 1.086400e-02 1.084280e-01
120 8.800440e-01 1.084400e-02 1.091120e-01
121 8.791720e-01 1.110000e-02 1.097280e-01
122 8.781760e-01 1.140000e-02 1.104240e-01
123 8.774200e-01 1.144000e-02 1.111400e-01
124 8.763120e-01 1.163600e-02 1.120520e-01
125 8.756840e-01 1.147200e-02 1.128440e-01
126 8.748320e-01 1.155200e-02 1.136160e-01
127 8.742080e-01 1.144400e-02 1.143480e-01
128 8.735160e-01 1.132800e-02 1.151560e-01
129 8.729080e-01 1.123600e-02 1.158560e-01
130 8.721120e-01 1.116000e-02 1.167280e-01
131 8.715520e-01 1.124800e-02 1.172000e-01
132 8.710480e-01 1.105200e-02 1.179000e-01
133 8.704680e-01 1.093600e-02 1.185960e-01
134 8.696920e-01 1.121200e-02 1.190960e-01
135 8.689960e-01 1.119200e-02 1.198120e-01
136 8.683640e-01 1.117600e-02 1.204600e-01
137 8.677360e-01 1.102800e-02 1.212360e-01
138 8.671880e-01 1.106400e-02 1.217480e-01
139 8.665160e-01 1.106800e-02 1.224160e-01
140 8.658280e-01 1.113600e-02 1.230360e-01
141 8.652720e-01 1.094800e-02 1.237800e-01
142 8.647600e-01 1.078800e-02 1.244520e-01
143 8.644720e-01 1.050400e-02 1.250240e-01
144 8.639800e-01 1.049200e-02 1.255280e-01
145 8.635400e-01 1.046800e-02 1.259920e-01
146 8.630840e-01 1.052800e-02 1.263880e-01
147 8.626720e-01 1.038800e-02 1.269400e-01
148 8.622120e-01 1.034400e-02 1.274440e-01
149 8.616640e-01 1.041200e-02 1.279240e-01
150 8.613480e-01 1.024400e-02 1.284080e-01
151 8.609840e-01 1.013200e-02 1.288840e-01
152 8.604800e-01 1.014000e-02 1.293800e-01
153 8.601960e-01 1.005200e-02 1.297520e-01
154 8.599680e-01 9.944000e-03 1.300880e-01
155 8.595720e-01 9.776000e-03 1.306520e-01
156 8.594360e-01 9.620000e-03 1.309440e-01
157 8.592080e-01 9.500000e-03 1.312920e-01
158 8.589440e-01 9.548000e-03 1.315080e-01
159 8.588480e-01 9.360000e-03 1.317920e-01
160 8.586520e-01 9.128000e-03 1.322200e-01
161 8.583880e-01 9.052000e-03 1.325600e-01
162 8.579360e-01 9.112000e-03 1.329520e-01
163 8.575920e-01 9.248000e-03 1.331600e-01
164 8.575080e-01 9.128000e-03 1.333640e-01
165 8.570840e-01 9.304000e-03 1.336120e-01
166 8.568560e-01 9.364000e-03 1.337800e-01
167 8.567120e-01 9.324000e-03 1.339640e-01
168 8.563960e-01 9.508000e-03 1.340960e-01
169 8.559800e-01 9.648000e-03 1.343720e-01
170 8.555680e-01 9.684000e-03 1.347480e-01
171 8.553080e-01 9.632000e-03 1.350600e-01
172 8.548480e-01 9.728000e-03 1.354240e-01
173 8.544680e-01 9.736000e-03 1.357960e-01
174 8.538720e-01 9.952000e-03 1.361760e-01
175 8.534280e-01 9.984000e-03 1.365880e-01
176 8.532600e-01 9.948000e-03 1.367920e-01
177 8.529520e-01 9.972000e-03 1.370760e-01
178 8.527480e-01 9.852000e-03 1.374000e-01
179 8.523400e-01 9.904000e-03 1.377560e-01
180 8.519080e-01 1.011200e-02 1.379800e-01
181 8.515120e-01 1.012400e-02 1.383640e-01
182 8.512120e-01 9.956000e-03 1.388320e-01
183 8.508480e-01 9.960000e-03 1.391920e-01
184 8.506200e-01 9.812000e-03 1.395680e-01
185 8.503840e-01 9.756000e-03 1.398600e-01
186 8.501760e-01 9.716000e-03 1.401080e-01
187 8.499680e-01 9.744000e-03 1.402880e-01
188 8.497360e-01 9.676000e-03 1.405880e-01
189 8.496040e-01 9.716000e-03 1.406800e-01
190 8.492920e-01 9.820000e-03 1.408880e-01
191 8.489560e-01 9.700000e-03 1.413440e-01
192 8.488160e-01 9.688000e-03 1.414960e-01
193 8.485840e-01 9.792000e-03 1.416240e-01
194 8.484920e-01 9.724000e-03 1.417840e-01
195 8.482560e-01 9.704000e-03 1.420400e-01
196 8.479400e-01 9.692000e-03 1.423680e-01
197 8.475520e-01 9.884000e-03 1.425640e-01
198 8.472720e-01 9.900000e-03 1.428280e-01
199 8.470120e-01 9.976000e-03 1.430120e-01
200 8.466760e-01 1.004400e-02 1.432800e-01
201 8.464080e-01 9.984000e-03 1.436080e-01
202 8.460920e-01 1.004400e-02 1.438640e-01
203 8.458080e-01 9.928000e-03 1.442640e-01
204 8.454560e-01 9.968000e-03 1.445760e-01
205 8.451040e-01 1.019200e-02 1.447040e-01
206 8.450280e-01 1.015200e-02 1.448200e-01
207 8.448080e-01 1.015600e-02 1.450360e-01
208 8.446320e-01 1.009200e-02 1.452760e-01
209 8.443240e-01 1.009600e-02 1.455800e-01
210 8.441280e-01 1.011200e-02 1.457600e-01
211 8.439320e-01 1.004000e-02 1.460280e-01
212 8.436160e-01 9.924000e-03 1.464600e-01
213 8.434480e-01 9.820000e-03 1.467320e-01
214 8.432480e-01 9.804000e-03 1.469480e-01
215 8.429960e-01 9.864000e-03 1.471400e-01
216 8.427320e-01 9.904000e-03 1.473640e-01
217 8.426640e-01 9.624000e-03 1.477120e-01
218 8.426480e-01 9.728000e-03 1.476240e-01
219 8.423160e-01 9.732000e-03 1.479520e-01
220 8.421840e-01 9.688000e-03 1.481280e-01
221 8.419840e-01 9.608000e-03 1.484080e-01
222 8.420080e-01 9.496000e-03 1.484960e-01
223 8.417160e-01 9.544000e-03 1.487400e-01
224 8.414400e-01 9.672000e-03 1.488880e-01
225 8.413560e-01 9.464000e-03 1.491800e-01
226 8.412960e-01 9.376000e-03 1.493280e-01
227 8.412720e-01 9.384000e-03 1.493440e-01
228 8.412280e-01 9.476000e-03 1.492960e-01
229 8.410200e-01 9.528000e-03 1.494520e-01
230 8.411600e-01 9.324000e-03 1.495160e-01
231 8.410760e-01 9.344000e-03 1.495800e-01
232 8.410200e-01 9.272000e-03 1.497080e-01
233 8.408000e-01 9.404000e-03 1.497960e-01
234 8.404160e-01 9.564000e-03 1.500200e-01
235 8.401680e-01 9.664000e-03 1.501680e-01
236 8.401120e-01 9.656000e-03 1.502320e-01
237 8.398080e-01 9.752000e-03 1.504400e-01
238 8.395160e-01 9.852000e-03 1.506320e-01
239 8.392240e-01 1.013200e-02 1.506440e-01
240 8.391000e-01 1.004400e-02 1.508560e-01
241 8.388360e-01 9.992000e-03 1.511720e-01
242 8.387200e-01 9.944000e-03 1.513360e-01
243 8.386720e-01 1.002000e-02 1.513080e-01
244 8.384920e-01 9.936000e-03 1.515720e-01
245 8.383960e-01 9.936000e-03 1.516680e-01
246 8.381600e-01 1.001200e-02 1.518280e-01
247 8.380640e-01 9.944000e-03 1.519920e-01
248 8.379480e-01 1.000000e-02 1.520520e-01
249 8.379320e-01 1.005200e-02 1.520160e-01
250 8.377840e-01 1.001200e-02 1.522040e-01
251 8.376800e-01 1.008400e-02 1.522360e-01
252 8.374400e-01 1.006000e-02 1.525000e-01
253 8.373640e-01 9.960000e-03 1.526760e-01
254 8.372240e-01 9.944000e-03 1.528320e-01
255 8.372000e-01 9.724000e-03 1.530760e-01
256 8.372280e-01 9.556000e-03 1.532160e-01
257 8.370240e-01 9.564000e-03 1.534120e-01
258 8.368400e-01 9.672000e-03 1.534880e-01
259 8.368520e-01 9.692000e-03 1.534560e-01
260 8.366480e-01 9.744000e-03 1.536080e-01
261 8.367160e-01 9.472000e-03 1.538120e-01
262 8.365640e-01 9.300000e-03 1.541360e-01
263 8.365080e-01 9.224000e-03 1.542680e-01
264 8.364600e-01 9.292000e-03 1.542480e-01
265 8.363840e-01 9.272000e-03 1.543440e-01
266 8.362840e-01 9.096000e-03 1.546200e-01
267 8.362640e-01 9.068000e-03 1.546680e-01
268 8.359480e-01 9.240000e-03 1.548120e-01
269 8.358480e-01 9.296000e-03 1.548560e-01
270 8.357560e-01 9.432000e-03 1.548120e-01
271 8.356640e-01 9.380000e-03 1.549560e-01
272 8.353520e-01 9.496000e-03 1.551520e-01
273 8.353080e-01 9.616000e-03 1.550760e-01
274 8.353360e-01 9.596000e-03 1.550680e-01
275 8.352400e-01 9.508000e-03 1.552520e-01
276 8.350360e-01 9.592000e-03 1.553720e-01
277 8.347960e-01 9.604000e-03 1.556000e-01
278 8.347120e-01 9.656000e-03 1.556320e-01
279 8.346200e-01 9.556000e-03 1.558240e-01
280 8.345080e-01 9.516000e-03 1.559760e-01
281 8.345160e-01 9.448000e-03 1.560360e-01
282 8.345040e-01 9.424000e-03 1.560720e-01
283 8.345880e-01 9.244000e-03 1.561680e-01
284 8.344160e-01 9.200000e-03 1.563840e-01
285 8.343560e-01 9.228000e-03 1.564160e-01
286 8.343840e-01 9.208000e-03 1.564080e-01
287 8.343880e-01 9.148000e-03 1.564640e-01
288 8.342440e-01 9.328000e-03 1.564280e-01
289 8.345200e-01 9.132000e-03 1.563480e-01
290 8.346040e-01 9.068000e-03 1.563280e-01
291 8.344800e-01 9.244000e-03 1.562760e-01
292 8.343400e-01 9.232000e-03 1.564280e-01
293 8.344600e-01 8.996000e-03 1.565440e-01
294 8.345080e-01 8.996000e-03 1.564960e-01
295 8.344520e-01 9.016000e-03 1.565320e-01
296 8.342600e-01 9.228000e-03 1.565120e-01
297 8.343080e-01 9.264000e-03 1.564280e-01
298 8.343720e-01 9.160000e-03 1.564680e-01
299 8.343960e-01 9.048000e-03 1.565560e-01
300 8.345520e-01 8.876000e-03 1.565720e-01
301 8.347280e-01 8.784000e-03 1.564880e-01
302 8.349200e-01 8.636000e-03 1.564440e-01
303 8.352280e-01 8.568000e-03 1.562040e-01
304 8.352440e-01 8.464000e-03 1.562920e-01
305 8.350360e-01 8.476000e-03 1.564880e-01
306 8.350440e-01 8.364000e-03 1.565920e-01
307 8.352800e-01 8.308000e-03 1.564120e-01
308 8.354480e-01 8.192000e-03 1.563600e-01
309 8.354080e-01 8.216000e-03 1.563760e-01
310 8.356480e-01 8.164000e-03 1.561880e-01
311 8.358800e-01 8.328000e-03 1.557920e-01
312 8.360840e-01 8.376000e-03 1.555400e-01
313 8.363000e-01 8.144000e-03 1.555560e-01
314 8.367520e-01 7.836000e-03 1.554120e-01
315 8.371800e-01 7.608000e-03 1.552120e-01
316 8.373040e-01 7.480000e-03 1.552160e-01
317 8.376600e-01 7.312000e-03 1.550280e-01
318 8.381000e-01 7.308000e-03 1.545920e-01
319 8.383920e-01 7.144000e-03 1.544640e-01
320 8.387360e-01 7.084000e-03 1.541800e-01
321 8.390160e-01 6.888000e-03 1.540960e-01
322 8.392960e-01 7.000000e-03 1.537040e-01
323 8.396120e-01 6.944000e-03 1.534440e-01
324 8.398680e-01 7.048000e-03 1.530840e-01
325 8.400560e-01 7.188000e-03 1.527560e-01
326 8.403600e-01 7.232000e-03 1.524080e-01
327 8.406680e-01 7.108000e-03 1.522240e-01
328 8.409160e-01 7.064000e-03 1.520200e-01
329 8.412040e-01 7.028000e-03 1.517680e-01
330 8.415560e-01 6.976000e-03 1.514680e-01
331 8.417320e-01 6.956000e-03 1.513120e-01
332 8.420520e-01 6.852000e-03 1.510960e-01
333 8.423360e-01 6.744000e-03 1.509200e-01
334 8.425640e-01 6.664000e-03 1.507720e-01
335 8.429520e-01 6.524000e-03 1.505240e-01
336 8.433480e-01 6.372000e-03 1.502800e-01
337 8.437680e-01 6.308000e-03 1.499240e-01
338 8.442480e-01 6.380000e-03 1.493720e-01
339 8.446680e-01 6.256000e-03 1.490760e-01
340 8.450560e-01 6.432000e-03 1.485120e-01
341 8.455600e-01 6.304000e-03 1.481360e-01
342 8.460240e-01 6.216000e-03 1.477600e-01
343 8.465760e-01 6.048000e-03 1.473760e-01
344 8.470080e-01 6.008000e-03 1.469840e-01
345 8.476400e-01 5.840000e-03 1.465200e-01
346 8.481240e-01 5.788000e-03 1.460880e-01
347 8.485240e-01 5.744000e-03 1.457320e-01
348 8.490360e-01 5.684000e-03 1.452800e-01
349 8.494960e-01 5.672000e-03 1.448320e-01
350 8.499560e-01 5.552000e-03 1.444920e-01
351 8.505920e-01 5.376000e-03 1.440320e-01
352 8.509600e-01 5.404000e-03 1.436360e-01
353 8.514480e-01 5.292000e-03 1.432600e-01
354 8.517840e-01 5.380000e-03 1.428360e-01
355 8.521680e-01 5.512000e-03 1.423200e-01
356 8.524920e-01 5.592000e-03 1.419160e-01
357 8.530440e-01 5.512000e-03 1.414440e-01
358 8.537280e-01 5.420000e-03 1.408520e-01
359 8.541720e-01 5.392000e-03 1.404360e-01
360 8.545680e-01 5.372000e-03 1.400600e-01
361 8.550080e-01 5.228000e-03 1.397640e-01
362 8.555200e-01 5.016000e-03 1.394640e-01
363 8.558480e-01 5.076000e-03 1.390760e-01
364 8.561680e-01 5.044000e-03 1.387880e-01
365 8.567280e-01 4.848000e-03 1.384240e-01
366 8.572400e-01 4.876000e-03 1.378840e-01
367 8.576920e-01 4.816000e-03 1.374920e-01
368 8.580480e-01 4.856000e-03 1.370960e-01
369 8.583520e-01 4.804000e-03 1.368440e-01
370 8.588120e-01 4.836000e-03 1.363520e-01
371 8.593240e-01 4.908000e-03 1.357680e-01
372 8.598120e-01 4.928000e-03 1.352600e-01
373 8.601960e-01 5.012000e-03 1.347920e-01
374 8.606360e-01 4.964000e-03 1.344000e-01
375 8.610080e-01 4.996000e-03 1.339960e-01
376 8.614160e-01 5.124000e-03 1.334600e-01
377 8.619440e-01 5.180000e-03 1.328760e-01
378 8.624240e-01 5.160000e-03 1.324160e-01
379 8.628280e-01 5.368000e-03 1.318040e-01
380 8.632160e-01 5.364000e-03 1.314200e-01
381 8.633440e-01 5.540000e-03 1.311160e-01
382 8.635880e-01 5.592000e-03 1.308200e-01
383 8.638640e-01 5.564000e-03 1.305720e-01
384 8.642760e-01 5.424000e-03 1.303000e-01
385 8.645520e-01 5.568000e-03 1.298800e-01
386 8.649120e-01 5.544000e-03 1.295440e-01
387 8.651680e-01 5.488000e-03 1.293440e-01
388 8.654040e-01 5.596000e-03 1.290000e-01
389 8.657440e-01 5.528000e-03 1.287280e-01
390 8.660520e-01 5.624000e-03 1.283240e-01
391 8.663400e-01 5.600000e-03 1.280600e-01
392 8.666800e-01 5.492000e-03 1.278280e-01
393 8.669720e-01 5.552000e-03 1.274760e-01
394 8.671560e-01 5.600000e-03 1.272440e-01
395 8.675000e-01 5.668000e-03 1.268320e-01
396 8.678640e-01 5.592000e-03 1.265440e-01
397 8.680760e-01 5.612000e-03 1.263120e-01
398 8.683920e-01 5.556000e-03 1.260520e-01
399 8.686360e-01 5.648000e-03 1.257160e-01
400 8.687640e-01 5.760000e-03 1.254760e-01
401 8.691000e-01 5.700000e-03 1.252000e-01
402 8.693400e-01 5.712000e-03 1.249480e-01
403 8.697160e-01 5.540000e-03 1.247440e-01
404 8.702480e-01 5.400000e-03 1.243520e-01
405 8.705640e-01 5.504000e-03 1.239320e-01
406 8.707360e-01 5.536000e-03 1.237280e-01
407 8.710040e-01 5.452000e-03 1.235440e-01
408 8.713040e-01 5.516000e-03 1.231800e-01
409 8.716200e-01 5.532000e-03 1.228480e-01
410 8.719960e-01 5.504000e-03 1.225000e-01
411 8.722440e-01 5.516000e-03 1.222400e-01
412 8.725680e-01 5.448000e-03 1.219840e-01
413 8.727600e-01 5.452000e-03 1.217880e-01
414 8.729880e-01 5.420000e-03 1.215920e-01
415 8.732480e-01 5.484000e-03 1.212680e-01
416 8.733640e-01 5.580000e-03 1.210560e-01
417 8.737040e-01 5.544000e-03 1.207520e-01
418 8.739720e-01 5.496000e-03 1.205320e-01
419 8.743080e-01 5.484000e-03 1.202080e-01
420 8.745120e-01 5.504000e-03 1.199840e-01
421 8.748600e-01 5.364000e-03 1.197760e-01
422 8.751920e-01 5.296000e-03 1.195120e-01
423 8.756120e-01 5.204000e-03 1.191840e-01
424 8.758440e-01 5.172000e-03 1.189840e-01
425 8.759320e-01 5.324000e-03 1.187440e-01
426 8.760920e-01 5.400000e-03 1.185080e-01
427 8.761440e-01 5.640000e-03 1.182160e-01
428 8.764080e-01 5.640000e-03 1.179520e-01
429 8.766120e-01 5.644000e-03 1.177440e-01
430 8.769600e-01 5.552000e-03 1.174880e-01
431 8.770960e-01 5.716000e-03 1.171880e-01
432 8.772800e-01 5.672000e-03 1.170480e-01
433 8.776040e-01 5.540000e-03 1.168560e-01
434 8.778160e-01 5.408000e-03 1.167760e-01
435 8.779720e-01 5.432000e-03 1.165960e-01
436 8.781440e-01 5.380000e-03 1.164760e-01
437 8.784320e-01 5.280000e-03 1.162880e-01
438 8.787720e-01 5.236000e-03 1.159920e-01
439 8.789720e-01 5.220000e-03 1.158080e-01
440 8.792880e-01 5.232000e-03 1.154800e-01
441 8.794000e-01 5.352000e-03 1.152480e-01
442 8.794520e-01 5.544000e-03 1.150040e-01
443 8.794480e-01 5.596000e-03 1.149560e-01
444 8.796400e-01 5.632000e-03 1.147280e-01
445 8.798520e-01 5.592000e-03 1.145560e-01
446 8.801120e-01 5.532000e-03 1.143560e-01
447 8.801920e-01 5.508000e-03 1.143000e-01
448 8.803360e-01 5.456000e-03 1.142080e-01
449 8.805600e-01 5.360000e-03 1.140800e-01
450 8.806960e-01 5.464000e-03 1.138400e-01
451 8.808680e-01 5.292000e-03 1.138400e-01
452 8.811720e-01 5.312000e-03 1.135160e-01
453 8.814000e-01 5.176000e-03 1.134240e-01
454 8.815680e-01 5.192000e-03 1.132400e-01
455 8.816880e-01 5.168000e-03 1.131440e-01
456 8.819680e-01 5.020000e-03 1.130120e-01
457 8.823320e-01 4.828000e-03 1.128400e-01
458 8.827560e-01 4.768000e-03 1.124760e-01
459 8.831360e-01 4.664000e-03 1.122000e-01
460 8.833360e-01 4.756000e-03 1.119080e-01
461 8.836000e-01 4.652000e-03 1.117480e-01
462 8.837720e-01 4.696000e-03 1.115320e-01
463 8.839960e-01 4.672000e-03 1.113320e-01
464 8.842480e-01 4.740000e-03 1.110120e-01
465 8.844560e-01 4.768000e-03 1.107760e-01
466 8.847120e-01 4.660000e-03 1.106280e-01
467 8.850160e-01 4.676000e-03 1.103080e-01
468 8.852840e-01 4.580000e-03 1.101360e-01
469 8.856040e-01 4.544000e-03 1.098520e-01
470 8.859560e-01 4.404000e-03 1.096400e-01
471 8.862760e-01 4.340000e-03 1.093840e-01
472 8.867440e-01 4.244000e-03 1.090120e-01
473 8.870040e-01 4.300000e-03 1.086960e-01
474 8.872400e-01 4.328000e-03 1.084320e-01
475 8.872920e-01 4.504000e-03 1.082040e-01
476 8.875720e-01 4.432000e-03 1.079960e-01
477 8.876920e-01 4.516000e-03 1.077920e-01
478 8.879480e-01 4.468000e-03 1.075840e-01
479 8.883000e-01 4.328000e-03 1.073720e-01
480 8.887600e-01 4.272000e-03 1.069680e-01
481 8.892440e-01 4.192000e-03 1.065640e-01
482 8.896320e-01 4.144000e-03 1.062240e-01
483 8.900280e-01 4.168000e-03 1.058040e-01
484 8.905440e-01 3.972000e-03 1.054840e-01
485 8.907400e-01 4.060000e-03 1.052000e-01
486 8.910680e-01 3.860000e-03 1.050720e-01
487 8.914440e-01 3.904000e-03 1.046520e-01
488 8.917720e-01 3.948000e-03 1.042800e-01
489 8.920480e-01 4.000000e-03 1.039520e-01
490 8.923240e-01 3.948000e-03 1.037280e-01
491 8.928080e-01 3.768000e-03 1.034240e-01
492 8.932360e-01 3.700000e-03 1.030640e-01
493 8.935040e-01 3.696000e-03 1.028000e-01
494 8.939360e-01 3.680000e-03 1.023840e-01
495 8.941960e-01 3.696000e-03 1.021080e-01
496 8.946480e-01 3.564000e-03 1.017880e-01
497 8.950080e-01 3.588000e-03 1.014040e-01
498 8.954440e-01 3.528000e-03 1.010280e-01
499 8.957760e-01 3.520000e-03 1.007040e-01
500 8.961880e-01 3.460000e-03 1.003520e-01
501 8.965120e-01 3.552000e-03 9.993600e-02
502 8.967960e-01 3.508000e-03 9.969600e-02
503 8.972240e-01 3.504000e-03 9.927200e-02
504 8.976160e-01 3.392000e-03 9.899200e-02
505 8.981080e-01 3.352000e-03 9.854000e-02
506 8.984360e-01 3.420000e-03 9.814400e-02
507 8.986080e-01 3.524000e-03 9.786800e-02
508 8.990840e-01 3.520000e-03 9.739600e-02
509 8.995600e-01 3.372000e-03 9.706800e-02
510 8.997400e-01 3.492000e-03 9.676800e-02
511 9.001040e-01 3.484000e-03 9.641200e-02
512 9.004080e-01 3.440000e-03 9.615200e-02
513 9.007200e-01 3.388000e-03 9.589200e-02
514 9.009640e-01 3.388000e-03 9.564800e-02
515 9.013720e-01 3.316000e-03 9.531200e-02
516 9.016800e-01 3.348000e-03 9.497200e-02
517 9.020600e-01 3.296000e-03 9.464400e-02
518 9.023360e-01 3.280000e-03 9.438400e-02
519 9.026480e-01 3.252000e-03 9.410000e-02
520 9.029800e-01 3.372000e-03 9.364800e-02
521 9.033160e-01 3.380000e-03 9.330400e-02
522 9.035720e-01 3.412000e-03 9.301600e-02
523 9.039120e-01 3.364000e-03 9.272400e-02
524 9.044000e-01 3.296000e-03 9.230400e-02
525 9.046280e-01 3.392000e-03 9.198000e-02
526 9.048000e-01 3.444000e-03 9.175600e-02
527 9.051120e-01 3.452000e-03 9.143600e-02
528 9.054800e-01 3.468000e-03 9.105200e-02
529 9.058360e-01 3.444000e-03 9.072000e-02
530 9.061280e-01 3.352000e-03 9.052000e-02
531 9.064600e-01 3.340000e-03 9.020000e-02
532 9.066160e-01 3.368000e-03 9.001600e-02
533 9.069440e-01 3.308000e-03 8.974800e-02
534 9.073560e-01 3.312000e-03 8.933200e-02
535 9.075680e-01 3.476000e-03 8.895600e-02
536 9.079600e-01 3.472000e-03 8.856800e-02
537 9.082240e-01 3.472000e-03 8.830400e-02
538 9.083680e-01 3.608000e-03 8.802400e-02
539 9.085640e-01 3.556000e-03 8.788000e-02
540 9.088880e-01 3.524000e-03 8.758800e-02
541 9.091160e-01 3.508000e-03 8.737600e-02
542 9.094160e-01 3.488000e-03 8.709600e-02
543 9.094680e-01 3.484000e-03 8.704800e-02
544 9.097520e-01 3.512000e-03 8.673600e-02
545 9.099560e-01 3.496000e-03 8.654800e-02
546 9.103080e-01 3.400000e-03 8.629200e-02
547 9.105680e-01 3.356000e-03 8.607600e-02
548 9.108040e-01 3.328000e-03 8.586800e-02
549 9.110480e-01 3.416000e-03 8.553600e-02
550 9.112520e-01 3.316000e-03 8.543200e-02
551 9.116760e-01 3.108000e-03 8.521600e-02
552 9.119880e-01 3.152000e-03 8.486000e-02
553 9.122880e-01 3.148000e-03 8.456400e-02
554 9.125880e-01 3.076000e-03 8.433600e-02
555 9.127800e-01 3.136000e-03 8.408400e-02
556 9.131160e-01 3.104000e-03 8.378000e-02
557 9.133320e-01 3.072000e-03 8.359600e-02
558 9.135600e-01 3.080000e-03 8.336000e-02
559 9.138320e-01 3.184000e-03 8.298400e-02
560 9.140360e-01 3.228000e-03 8.273600e-02
561 9.142720e-01 3.276000e-03 8.245200e-02
562 9.144200e-01 3.316000e-03 8.226400e-02
563 9.147440e-01 3.264000e-03 8.199200e-02
564 9.148920e-01 3.256000e-03 8.185200e-02
565 9.149400e-01 3.288000e-03 8.177200e-02
566 9.152320e-01 3.376000e-03 8.139200e-02
567 9.154560e-01 3.308000e-03 8.123600e-02
568 9.157760e-01 3.224000e-03 8.100000e-02
569 9.160160e-01 3.188000e-03 8.079600e-02
570 9.163280e-01 3.120000e-03 8.055200e-02
571 9.165600e-01 3.156000e-03 8.028400e-02
572 9.168320e-01 3.164000e-03 8.000400e-02
573 9.170440e-01 3.168000e-03 7.978800e-02
574 9.173200e-01 3.156000e-03 7.952400e-02
575 9.176600e-01 3.024000e-03 7.931600e-02
576 9.179480e-01 3.008000e-03 7.904400e-02
577 9.183120e-01 2.964000e-03 7.872400e-02
578 9.185240e-01 2.940000e-03 7.853600e-02
579 9.187840e-01 2.832000e-03 7.838400e-02
580 9.190920e-01 2.896000e-03 7.801200e-02
581 9.192400e-01 3.068000e-03 7.769200e-02
582 9.195320e-01 3.140000e-03 7.732800e-02
583 9.197120e-01 3.076000e-03 7.721200e-02
584 9.200080e-01 3.036000e-03 7.695600e-02
585 9.203200e-01 3.020000e-03 7.666000e-02
586 9.206280e-01 2.976000e-03 7.639600e-02
587 9.208960e-01 2.960000e-03 7.614400e-02
588 9.211320e-01 2.968000e-03 7.590000e-02
589 9.213800e-01 3.004000e-03 7.561600e-02
590 9.216080e-01 2.972000e-03 7.542000e-02
591 9.218240e-01 3.004000e-03 7.517200e-02
592 9.218680e-01 3.084000e-03 7.504800e-02
593 9.221240e-01 2.996000e-03 7.488000e-02
594 9.222600e-01 3.020000e-03 7.472000e-02
595 9.225800e-01 3.080000e-03 7.434000e-02
596 9.227680e-01 3.136000e-03 7.409600e-02
597 9.230440e-01 3.064000e-03 7.389200e-02
598 9.232320e-01 3.072000e-03 7.369600e-02
599 9.235240e-01 3.036000e-03 7.344000e-02
600 9.238560e-01 3.036000e-03 7.310800e-02
601 9.239640e-01 3.056000e-03 7.298000e-02
602 9.241320e-01 3.148000e-03 7.272000e-02
603 9.243200e-01 3.028000e-03 7.265200e-02
604 9.245440e-01 3.024000e-03 7.243200e-02
605 9.247520e-01 3.084000e-03 7.216400e-02
606 9.248760e-01 3.080000e-03 7.204400e-02
607 9.250680e-01 3.144000e-03 7.178800e-02
608 9.251800e-01 3.084000e-03 7.173600e-02
609 9.253040e-01 3.136000e-03 7.156000e-02
610 9.253600e-01 3.228000e-03 7.141200e-02
611 9.256400e-01 3.228000e-03 7.113200e-02
612 9.259560e-01 3.180000e-03 7.086400e-02
613 9.261880e-01 3.144000e-03 7.066800e-02
614 9.264040e-01 3.108000e-03 7.048800e-02
615 9.265560e-01 3.148000e-03 7.029600e-02
616 9.267400e-01 3.096000e-03 7.016400e-02
617 9.268960e-01 3.104000e-03 7.000000e-02
618 9.271440e-01 3.088000e-03 6.976800e-02
619 9.273600e-01 3.120000e-03 6.952000e-02
620 9.274480e-01 3.180000e-03 6.937200e-02
621 9.276120e-01 3.216000e-03 6.917200e-02
622 9.277160e-01 3.260000e-03 6.902400e-02
623 9.279440e-01 3.172000e-03 6.888400e-02
624 9.280920e-01 3.104000e-03 6.880400e-02
625 9.281600e-01 3.148000e-03 6.869200e-02
626 9.282480e-01 3.228000e-03 6.852400e-02
627 9.285000e-01 3.204000e-03 6.829600e-02
628 9.286520e-01 3.172000e-03 6.817600e-02
629 9.286800e-01 3.316000e-03 6.800400e-02
630 9.287080e-01 3.304000e-03 6.798800e-02
631 9.286560e-01 3.364000e-03 6.798000e-02
632 9.286200e-01 3.396000e-03 6.798400e-02
633 9.287400e-01 3.344000e-03 6.791600e-02
634 9.288200e-01 3.440000e-03 6.774000e-02
635 9.287920e-01 3.420000e-03 6.778800e-02
636 9.288480e-01 3.420000e-03 6.773200e-02
637 9.290040e-01 3.260000e-03 6.773600e-02
638 9.292240e-01 3.172000e-03 6.760400e-02
639 9.292760e-01 3.192000e-03 6.753200e-02
640 9.293960e-01 3.240000e-03 6.736400e-02
641 9.295520e-01 3.160000e-03 6.728800e-02
642 9.295600e-01 3.292000e-03 6.714800e-02
643 9.295360e-01 3.352000e-03 6.711200e-02
644 9.295200e-01 3.428000e-03 6.705200e-02
645 9.295720e-01 3.444000e-03 6.698400e-02
646 9.296920e-01 3.444000e-03 6.686400e-02
647 9.296760e-01 3.344000e-03 6.698000e-02
648 9.298520e-01 3.284000e-03 6.686400e-02
649 9.298880e-01 3.284000e-03 6.682800e-02
650 9.300440e-01 3.244000e-03 6.671200e-02
651 9.301640e-01 3.136000e-03 6.670000e-02
652 9.303960e-01 3.176000e-03 6.642800e-02
653 9.305400e-01 3.228000e-03 6.623200e-02
654 9.306600e-01 3.252000e-03 6.608800e-02
655 9.306720e-01 3.316000e-03 6.601200e-02
656 9.306720e-01 3.320000e-03 6.600800e-02
657 9.306880e-01 3.304000e-03 6.600800e-02
658 9.306920e-01 3.520000e-03 6.578800e-02
659 9.306320e-01 3.512000e-03 6.585600e-02
660 9.307400e-01 3.368000e-03 6.589200e-02
661 9.308240e-01 3.352000e-03 6.582400e-02
662 9.309000e-01 3.380000e-03 6.572000e-02
663 9.309400e-01 3.380000e-03 6.568000e-02
664 9.310400e-01 3.304000e-03 6.565600e-02
665 9.311000e-01 3.312000e-03 6.558800e-02
666 9.310880e-01 3.428000e-03 6.548400e-02
667 9.312600e-01 3.380000e-03 6.536000e-02
668 9.311320e-01 3.604000e-03 6.526400e-02
669 9.311240e-01 3.696000e-03 6.518000e-02
670 9.313080e-01 3.620000e-03 6.507200e-02
671 9.312960e-01 3.564000e-03 6.514000e-02
672 9.314080e-01 3.524000e-03 6.506800e-02
673 9.314840e-01 3.408000e-03 6.510800e-02
674 9.315240e-01 3.480000e-03 6.499600e-02
675 9.314440e-01 3.596000e-03 6.496000e-02
676 9.313320e-01 3.620000e-03 6.504800e-02
677 9.313440e-01 3.716000e-03 6.494000e-02
678 9.313080e-01 3.712000e-03 6.498000e-02
679 9.314200e-01 3.712000e-03 6.486800e-02
680 9.314840e-01 3.632000e-03 6.488400e-02
681 9.315000e-01 3.588000e-03 6.491200e-02
682 9.315520e-01 3.596000e-03 6.485200e-02
683 9.315520e-01 3.616000e-03 6.483200e-02
684 9.315480e-01 3.624000e-03 6.482800e-02
685 9.315720e-01 3.624000e-03 6.480400e-02
686 9.316600e-01 3.636000e-03 6.470400e-02
687 9.318000e-01 3.600000e-03 6.460000e-02
688 9.319520e-01 3.516000e-03 6.453200e-02
689 9.320240e-01 3.572000e-03 6.440400e-02
690 9.321320e-01 3.524000e-03 6.434400e-02
691 9.321760e-01 3.568000e-03 6.425600e-02
692 9.320920e-01 3.672000e-03 6.423600e-02
693 9.322400e-01 3.556000e-03 6.420400e-02
694 9.322880e-01 3.404000e-03 6.430800e-02
695 9.323800e-01 3.328000e-03 6.429200e-02
696 9.323880e-01 3.300000e-03 6.431200e-02
697 9.324480e-01 3.356000e-03 6.419600e-02
698 9.325960e-01 3.344000e-03 6.406000e-02
699 9.326160e-01 3.368000e-03 6.401600e-02
700 9.325760e-01 3.404000e-03 6.402000e-02
701 9.326400e-01 3.280000e-03 6.408000e-02
702 9.328240e-01 3.232000e-03 6.394400e-02
703 9.329080e-01 3.172000e-03 6.392000e-02
704 9.329040e-01 3.292000e-03 6.380400e-02
705 9.330280e-01 3.296000e-03 6.367600e-02
706 9.330280e-01 3.308000e-03 6.366400e-02
707 9.329080e-01 3.364000e-03 6.372800e-02
708 9.329880e-01 3.404000e-03 6.360800e-02
709 9.329680e-01 3.404000e-03 6.362800e-02
710 9.330160e-01 3.500000e-03 6.348400e-02
711 9.330360e-01 3.544000e-03 6.342000e-02
712 9.329800e-01 3.740000e-03 6.328000e-02
713 9.329440e-01 3.728000e-03 6.332800e-02
714 9.329760e-01 3.664000e-03 6.336000e-02
715 9.330560e-01 3.680000e-03 6.326400e-02
716 9.330720e-01 3.708000e-03 6.322000e-02
717 9.332160e-01 3.596000e-03 6.318800e-02
718 9.332960e-01 3.600000e-03 6.310400e-02
719 9.333400e-01 3.512000e-03 6.314800e-02
720 9.333880e-01 3.448000e-03 6.316400e-02
721 9.335040e-01 3.336000e-03 6.316000e-02
722 9.336720e-01 3.196000e-03 6.313200e-02
723 9.337520e-01 3.244000e-03 6.300400e-02
724 9.338400e-01 3.232000e-03 6.292800e-02
725 9.339280e-01 3.232000e-03 6.284000e-02
726 9.339800e-01 3.328000e-03 6.269200e-02
727 9.340440e-01 3.324000e-03 6.263200e-02
728 9.340200e-01 3.452000e-03 6.252800e-02
729 9.340360e-01 3.480000e-03 6.248400e-02
730 9.340160e-01 3.476000e-03 6.250800e-02
731 9.340680e-01 3.388000e-03 6.254400e-02
732 9.339360e-01 3.592000e-03 6.247200e-02
733 9.339840e-01 3.548000e-03 6.246800e-02
734 9.339400e-01 3.588000e-03 6.247200e-02
735 9.338840e-01 3.492000e-03 6.262400e-02
736 9.339320e-01 3.408000e-03 6.266000e-02
737 9.340880e-01 3.364000e-03 6.254800e-02
738 9.343040e-01 3.392000e-03 6.230400e-02
739 9.342960e-01 3.380000e-03 6.232400e-02
740 9.343120e-01 3.368000e-03 6.232000e-02
741 9.343960e-01 3.356000e-03 6.224800e-02
742 9.344360e-01 3.268000e-03 6.229600e-02
743 9.345920e-01 3.200000e-03 6.220800e-02
744 9.346280e-01 3.100000e-03 6.227200e-02
745 9.347640e-01 3.032000e-03 6.220400e-02
746 9.349200e-01 2.944000e-03 6.213600e-02
747 9.350320e-01 2.916000e-03 6.205200e-02
748 9.352200e-01 2.788000e-03 6.199200e-02
749 9.353720e-01 2.772000e-03 6.185600e-02
750 9.354920e-01 2.780000e-03 6.172800e-02
751 9.356560e-01 2.760000e-03 6.158400e-02
752 9.358600e-01 2.648000e-03 6.149200e-02
753 9.361600e-01 2.604000e-03 6.123600e-02
754 9.364320e-01 2.548000e-03 6.102000e-02
755 9.365800e-01 2.464000e-03 6.095600e-02
756 9.367120e-01 2.412000e-03 6.087600e-02
757 9.368680e-01 2.384000e-03 6.074800e-02
758 9.369400e-01 2.476000e-03 6.058400e-02
759 9.370800e-01 2.496000e-03 6.042400e-02
760 9.371440e-01 2.628000e-03 6.022800e-02
761 9.372520e-01 2.628000e-03 6.012000e-02
762 9.374080e-01 2.676000e-03 5.991600e-02
763 9.375720e-01 2.704000e-03 5.972400e-02
764 9.376040e-01 2.672000e-03 5.972400e-02
765 9.376600e-01 2.648000e-03 5.969200e-02
766 9.378320e-01 2.688000e-03 5.948000e-02
767 9.379600e-01 2.656000e-03 5.938400e-02
768 9.381800e-01 2.612000e-03 5.920800e-02
769 9.383480e-01 2.580000e-03 5.907200e-02
770 9.384280e-01 2.644000e-03 5.892800e-02
771 9.385880e-01 2.696000e-03 5.871600e-02
772 9.388120e-01 2.704000e-03 5.848400e-02
773 9.388000e-01 2.672000e-03 5.852800e-02
774 9.389520e-01 2.636000e-03 5.841200e-02
775 9.389880e-01 2.724000e-03 5.828800e-02
776 9.391280e-01 2.716000e-03 5.815600e-02
777 9.392960e-01 2.716000e-03 5.798800e-02
778 9.393920e-01 2.716000e-03 5.789200e-02
779 9.394360e-01 2.820000e-03 5.774400e-02
780 9.394040e-01 2.904000e-03 5.769200e-02
781 9.394800e-01 2.828000e-03 5.769200e-02
782 9.394600e-01 2.868000e-03 5.767200e-02
783 9.395320e-01 2.816000e-03 5.765200e-02
784 9.397000e-01 2.764000e-03 5.753600e-02
785 9.397120e-01 2.848000e-03 5.744000e-02
786 9.398120e-01 2.960000e-03 5.722800e-02
787 9.399200e-01 2.880000e-03 5.720000e-02
788 9.399880e-01 2.852000e-03 5.716000e-02
789 9.399920e-01 2.888000e-03 5.712000e-02
790 9.399800e-01 2.948000e-03 5.707200e-02
791 9.400720e-01 2.988000e-03 5.694000e-02
792 9.400680e-01 3.072000e-03 5.686000e-02
793 9.401120e-01 3.060000e-03 5.682800e-02
794 9.401120e-01 3.056000e-03 5.683200e-02
795 9.402840e-01 3.064000e-03 5.665200e-02
796 9.403320e-01 3.116000e-03 5.655200e-02
797 9.403440e-01 3.220000e-03 5.643600e-02
798 9.404680e-01 3.276000e-03 5.625600e-02
799 9.403560e-01 3.252000e-03 5.639200e-02
800 9.403520e-01 3.248000e-03 5.640000e-02
801 9.403840e-01 3.284000e-03 5.633200e-02
802 9.403520e-01 3.308000e-03 5.634000e-02
803 9.403720e-01 3.240000e-03 5.638800e-02
804 9.404160e-01 3.236000e-03 5.634800e-02
805 9.404720e-01 3.156000e-03 5.637200e-02
806 9.405080e-01 3.104000e-03 5.638800e-02
807 9.405160e-01 3.176000e-03 5.630800e-02
808 9.405160e-01 3.228000e-03 5.625600e-02
809 9.404800e-01 3.184000e-03 5.633600e-02
810 9.405600e-01 3.132000e-03 5.630800e-02
811 9.405360e-01 3.088000e-03 5.637600e-02
812 9.406640e-01 2.984000e-03 5.635200e-02
813 9.406240e-01 2.936000e-03 5.644000e-02
814 9.406840e-01 2.924000e-03 5.639200e-02
815 9.406600e-01 2.968000e-03 5.637200e-02
816 9.406720e-01 2.976000e-03 5.635200e-02
817 9.406840e-01 3.052000e-03 5.626400e-02
818 9.407640e-01 3.036000e-03 5.620000e-02
819 9.407120e-01 3.200000e-03 5.608800e-02
820 9.407120e-01 3.100000e-03 5.618800e-02
821 9.407520e-01 3.172000e-03 5.607600e-02
822 9.407400e-01 3.140000e-03 5.612000e-02
823 9.406120e-01 3.208000e-03 5.618000e-02
824 9.407400e-01 3.184000e-03 5.607600e-02
825 9.407600e-01 3.172000e-03 5.606800e-02
826 9.407720e-01 3.120000e-03 5.610800e-02
827 9.409000e-01 3.116000e-03 5.598400e-02
828 9.409800e-01 3.032000e-03 5.598800e-02
829 9.410360e-01 3.012000e-03 5.595200e-02
830 9.409600e-01 2.992000e-03 5.604800e-02
831 9.409840e-01 3.048000e-03 5.596800e-02
832 9.411320e-01 2.944000e-03 5.592400e-02
833 9.411320e-01 3.032000e-03 5.583600e-02
834 9.410680e-01 3.164000e-03 5.576800e-02
835 9.411080e-01 3.116000e-03 5.577600e-02
836 9.410040e-01 3.240000e-03 5.575600e-02
837 9.410000e-01 3.200000e-03 5.580000e-02
838 9.409160e-01 3.196000e-03 5.588800e-02
839 9.408920e-01 3.192000e-03 5.591600e-02
840 9.408840e-01 3.200000e-03 5.591600e-02
841 9.408480e-01 3.232000e-03 5.592000e-02
842 9.409120e-01 3.204000e-03 5.588400e-02
843 9.410000e-01 3.200000e-03 5.580000e-02
844 9.409640e-01 3.164000e-03 5.587200e-02
845 9.409360e-01 3.084000e-03 5.598000e-02
846 9.409680e-01 3.024000e-03 5.600800e-02
847 9.409480e-01 3.004000e-03 5.604800e-02
848 9.409800e-01 3.032000e-03 5.598800e-02
849 9.410320e-01 2.988000e-03 5.598000e-02
850 9.410400e-01 3.068000e-03 5.589200e-02
851 9.411720e-01 2.960000e-03 5.586800e-02
852 9.413040e-01 2.928000e-03 5.576800e-02
853 9.412880e-01 2.904000e-03 5.580800e-02
854 9.413880e-01 2.888000e-03 5.572400e-02
855 9.413960e-01 2.888000e-03 5.571600e-02
856 9.413960e-01 2.904000e-03 5.570000e-02
857 9.414040e-01 3.004000e-03 5.559200e-02
858 9.414040e-01 2.996000e-03 5.560000e-02
859 9.415000e-01 3.048000e-03 5.545200e-02
860 9.415400e-01 3.004000e-03 5.545600e-02
861 9.416280e-01 2.980000e-03 5.539200e-02
862 9.416920e-01 2.888000e-03 5.542000e-02
863 9.417400e-01 2.880000e-03 5.538000e-02
864 9.417200e-01 2.916000e-03 5.536400e-02
865 9.416760e-01 2.972000e-03 5.535200e-02
866 9.417680e-01 2.980000e-03 5.525200e-02
867 9.418440e-01 3.016000e-03 5.514000e-02
868 9.418720e-01 3.064000e-03 5.506400e-02
869 9.419760e-01 3.056000e-03 5.496800e-02
870 9.420520e-01 2.944000e-03 5.500400e-02
871 9.421920e-01 2.988000e-03 5.482000e-02
872 9.421880e-01 3.036000e-03 5.477600e-02
873 9.421800e-01 2.984000e-03 5.483600e-02
874 9.422240e-01 2.960000e-03 5.481600e-02
875 9.421320e-01 3.012000e-03 5.485600e-02
876 9.420360e-01 2.980000e-03 5.498400e-02
877 9.420560e-01 2.956000e-03 5.498800e-02
878 9.422040e-01 2.900000e-03 5.489600e-02
879 9.422760e-01 2.928000e-03 5.479600e-02
880 9.423560e-01 2.860000e-03 5.478400e-02
881 9.424160e-01 2.912000e-03 5.467200e-02
882 9.424280e-01 2.904000e-03 5.466800e-02
883 9.424440e-01 2.920000e-03 5.463600e-02
884 9.424960e-01 2.980000e-03 5.452400e-02
885 9.425680e-01 3.004000e-03 5.442800e-02
886 9.425920e-01 2.972000e-03 5.443600e-02
887 9.425920e-01 2.956000e-03 5.445200e-02
888 9.426040e-01 2.992000e-03 5.440400e-02
889 9.426720e-01 3.008000e-03 5.432000e-02
890 9.426800e-01 3.012000e-03 5.430800e-02
891 9.427760e-01 2.892000e-03 5.433200e-02
892 9.428080e-01 2.868000e-03 5.432400e-02
893 9.429440e-01 2.872000e-03 5.418400e-02
894 9.430200e-01 2.892000e-03 5.408800e-02
895 9.430600e-01 3.000000e-03 5.394000e-02
896 9.429600e-01 3.124000e-03 5.391600e-02
897 9.429400e-01 3.100000e-03 5.396000e-02
898 9.430440e-01 3.032000e-03 5.392400e-02
899 9.430640e-01 2.984000e-03 5.395200e-02
900 9.431360e-01 2.908000e-03 5.395600e-02
901 9.432440e-01 2.808000e-03 5.394800e-02
902 9.434200e-01 2.704000e-03 5.387600e-02
903 9.436200e-01 2.640000e-03 5.374000e-02
904 9.435920e-01 2.632000e-03 5.377600e-02
905 9.436040e-01 2.612000e-03 5.378400e-02
906 9.437680e-01 2.544000e-03 5.368800e-02
907 9.439480e-01 2.524000e-03 5.352800e-02
908 9.440960e-01 2.468000e-03 5.343600e-02
909 9.442680e-01 2.364000e-03 5.336800e-02
910 9.444120e-01 2.376000e-03 5.321200e-02
911 9.445600e-01 2.348000e-03 5.309200e-02
912 9.447920e-01 2.304000e-03 5.290400e-02
913 9.450320e-01 2.280000e-03 5.268800e-02
914 9.451040e-01 2.328000e-03 5.256800e-02
915 9.452000e-01 2.328000e-03 5.247200e-02
916 9.453400e-01 2.276000e-03 5.238400e-02
917 9.454680e-01 2.264000e-03 5.226800e-02
918 9.455400e-01 2.364000e-03 5.209600e-02
919 9.456760e-01 2.272000e-03 5.205200e-02
920 9.457840e-01 2.212000e-03 5.200400e-02
921 9.459360e-01 2.184000e-03 5.188000e-02
922 9.460240e-01 2.216000e-03 5.176000e-02
923 9.461360e-01 2.256000e-03 5.160800e-02
924 9.463920e-01 2.180000e-03 5.142800e-02
925 9.464600e-01 2.236000e-03 5.130400e-02
926 9.465320e-01 2.252000e-03 5.121600e-02
927 9.466560e-01 2.224000e-03 5.112000e-02
928 9.467520e-01 2.232000e-03 5.101600e-02
929 9.468720e-01 2.232000e-03 5.089600e-02
930 9.470440e-01 2.176000e-03 5.078000e-02
931 9.472840e-01 2.108000e-03 5.060800e-02
932 9.474960e-01 2.036000e-03 5.046800e-02
