1 9.990720e-01 8.160000e-04 1.120000e-04
2 9.985160e-01 1.192000e-03 2.920000e-04
3 9.978440e-01 1.576000e-03 5.800000e-04
4 9.970520e-01 2.100000e-03 8.480000e-04
5 9.961840e-01 2.596000e-03 1.220000e-03
6 9.954160e-01 2.864000e-03 1.720000e-03
7 9.945240e-01 3.248000e-03 2.228000e-03
8 9.937080e-01 3.536000e-03 2.756000e-03
9 9.927440e-01 3.844000e-03 3.412000e-03
10 9.918000e-01 4.088000e-03 4.112000e-03
11 9.909400e-01 4.260000e-03 4.800000e-03
12 9.898880e-01 4.652000e-03 5.460000e-03
13 9.889200e-01 4.860000e-03 6.220000e-03
14 9.879680e-01 5.024000e-03 7.008000e-03
15 9.868680e-01 5.224000e-03 7.908000e-03
16 9.857400e-01 5.552000e-03 8.708000e-03
17 9.846320e-01 5.832000e-03 9.536000e-03
18 9.832120e-01 6.288000e-03 1.050000e-02
19 9.819360e-01 6.544000e-03 1.152000e-02
20 9.808080e-01 6.648000e-03 1.254400e-02
21 9.795600e-01 6.724000e-03 1.371600e-02
22 9.783040e-01 7.012000e-03 1.468400e-02
23 9.771240e-01 7.144000e-03 1.573200e-02
24 9.756640e-01 7.524000e-03 1.681200e-02
25 9.743200e-01 7.668000e-03 1.801200e-02
26 9.730280e-01 7.800000e-03 1.917200e-02
27 9.719640e-01 7.792000e-03 2.024400e-02
28 9.706960e-01 7.852000e-03 2.145200e-02
29 9.694840e-01 8.020000e-03 2.249600e-02
30 9.680960e-01 8.368000e-03 2.353600e-02
31 9.667120e-01 8.540000e-03 2.474800e-02
32 9.652600e-01 8.848000e-03 2.589200e-02
33 9.637400e-01 9.204000e-03 2.705600e-02
34 9.622640e-01 9.304000e-03 2.843200e-02
35 9.608080e-01 9.436000e-03 2.975600e-02
36 9.592960e-01 9.604000e-03 3.110000e-02
37 9.576960e-01 1.004000e-02 3.226400e-02
38 9.561680e-01 1.017600e-02 3.365600e-02
39 9.544720e-01 1.054400e-02 3.498400e-02
40 9.529040e-01 1.061200e-02 3.648400e-02
41 9.513680e-01 1.081600e-02 3.781600e-02
42 9.496080e-01 1.110800e-02 3.928400e-02
43 9.479320e-01 1.128800e-02 4.078000e-02
44 9.461160e-01 1.173200e-02 4.215200e-02
45 9.443440e-01 1.185200e-02 4.380400e-02
46 9.427920e-01 1.185600e-02 4.535200e-02
47 9.412600e-01 1.187600e-02 4.686400e-02
48 9.396240e-01 1.196000e-02 4.841600e-02
49 9.381680e-01 1.180800e-02 5.002400e-02
50 9.363920e-01 1.214400e-02 5.146400e-02
51 9.347160e-01 1.236400e-02 5.292000e-02
52 9.330360e-01 1.246800e-02 5.449600e-02
53 9.313680e-01 1.245200e-02 5.618000e-02
54 9.298120e-01 1.231600e-02 5.787200e-02
55 9.283040e-01 1.229200e-02 5.940400e-02
56 9.268080e-01 1.250000e-02 6.069200e-02
57 9.255080e-01 1.239600e-02 6.209600e-02
58 9.241840e-01 1.230000e-02 6.351600e-02
59 9.226280e-01 1.246400e-02 6.490800e-02
60 9.213120e-01 1.240000e-02 6.628800e-02
61 9.197080e-01 1.248800e-02 6.780400e-02
62 9.183000e-01 1.253600e-02 6.916400e-02
63 9.168160e-01 1.253600e-02 7.064800e-02
64 9.156120e-01 1.250800e-02 7.188000e-02
65 9.143720e-01 1.239200e-02 7.323600e-02
66 9.129960e-01 1.242000e-02 7.458400e-02
67 9.115200e-01 1.264400e-02 7.583600e-02
68 9.101200e-01 1.285200e-02 7.702800e-02
69 9.088440e-01 1.285600e-02 7.830000e-02
70 9.073000e-01 1.314400e-02 7.955600e-02
71 9.058120e-01 1.318400e-02 8.100400e-02
72 9.045040e-01 1.306800e-02 8.242800e-02
73 9.031840e-01 1.309200e-02 8.372400e-02
74 9.015800e-01 1.331200e-02 8.510800e-02
75 9.000040e-01 1.367200e-02 8.632400e-02
76 8.984400e-01 1.388800e-02 8.767200e-02
77 8.970320e-01 1.388800e-02 8.908000e-02
78 8.953520e-01 1.411200e-02 9.053600e-02
79 8.936680e-01 1.439600e-02 9.193600e-02
80 8.920480e-01 1.466400e-02 9.328800e-02
81 8.903160e-01 1.492000e-02 9.476400e-02
82 8.890040e-01 1.504000e-02 9.595600e-02
83 8.872040e-01 1.544000e-02 9.735600e-02
84 8.854280e-01 1.558800e-02 9.898400e-02
85 8.837080e-01 1.573200e-02 1.005600e-01
86 8.821200e-01 1.583200e-02 1.020480e-01
87 8.806320e-01 1.594800e-02 1.034200e-01
88 8.789200e-01 1.613600e-02 1.049440e-01
89 8.773400e-01 1.613600e-02 1.065240e-01
90 8.756360e-01 1.625200e-02 1.081120e-01
91 8.738920e-01 1.644400e-02 1.096640e-01
92 8.722080e-01 1.655200e-02 1.112400e-01
93 8.706400e-01 1.652000e-02 1.128400e-01
94 8.688960e-01 1.653200e-02 1.145720e-01
95 8.675680e-01 1.647600e-02 1.159560e-01
96 8.660080e-01 1.652800e-02 1.174640e-01
97 8.646480e-01 1.635200e-02 1.190000e-01
98 8.633920e-01 1.614400e-02 1.204640e-01
99 8.619360e-01 1.621600e-02 1.218480e-01
100 8.606640e-01 1.614400e-02 1.231920e-01
101 8.593320e-01 1.622000e-02 1.244480e-01
102 8.579240e-01 1.620000e-02 1.258760e-01
103 8.565000e-01 1.610000e-02 1.274000e-01
104 8.552640e-01 1.587200e-02 1.288640e-01
105 8.540240e-01 1.575600e-02 1.302200e-01
106 8.529280e-01 1.574800e-02 1.313240e-01
107 8.518880e-01 1.563600e-02 1.324760e-01
108 8.508160e-01 1.573200e-02 1.334520e-01
109 8.494720e-01 1.566000e-02 1.348680e-01
110 8.481400e-01 1.568400e-02 1.361760e-01
111 8.470120e-01 1.554800e-02 1.374400e-01
112 8.459640e-01 1.534000e-02 1.386960e-01
113 8.449960e-01 1.517600e-02 1.398280e-01
114 8.439480e-01 1.501600e-02 1.410360e-01
115 8.430000e-01 1.503200e-02 1.419680e-01
116 8.422320e-01 1.472800e-02 1.430400e-01
117 8.414320e-01 1.460800e-02 1.439600e-01
118 8.405720e-01 1.450000e-02 1.449280e-01
119 8.395360e-01 1.455600e-02 1.459080e-01
120 8.389360e-01 1.442000e-02 1.466440e-01
121 8.381480e-01 1.441600e-02 1.474360e-01
122 8.371640e-01 1.448800e-02 1.483480e-01
123 8.363440e-01 1.452000e-02 1.491360e-01
124 8.355280e-01 1.443200e-02 1.500400e-01
125 8.349000e-01 1.405600e-02 1.510440e-01
126 8.339280e-01 1.411600e-02 1.519560e-01
127 8.331200e-01 1.422000e-02 1.526600e-01
128 8.323640e-01 1.405200e-02 1.535840e-01
129 8.317160e-01 1.394400e-02 1.543400e-01
130 8.310320e-01 1.396800e-02 1.550000e-01
131 8.302880e-01 1.407600e-02 1.556360e-01
132 8.297120e-01 1.390400e-02 1.563840e-01
133 8.288480e-01 1.406000e-02 1.570920e-01
134 8.280880e-01 1.409600e-02 1.578160e-01
135 8.274520e-01 1.394400e-02 1.586040e-01
136 8.270160e-01 1.371200e-02 1.592720e-01
137 8.264280e-01 1.352000e-02 1.600520e-01
138 8.257760e-01 1.374000e-02 1.604840e-01
139 8.251120e-01 1.378000e-02 1.611080e-01
140 8.244720e-01 1.375600e-02 1.617720e-01
141 8.239120e-01 1.376000e-02 1.623280e-01
142 8.232400e-01 1.386000e-02 1.629000e-01
143 8.225360e-01 1.366000e-02 1.638040e-01
144 8.221400e-01 1.350400e-02 1.643560e-01
145 8.215960e-01 1.342400e-02 1.649800e-01
146 8.212080e-01 1.316400e-02 1.656280e-01
147 8.209200e-01 1.298800e-02 1.660920e-01
148 8.204000e-01 1.298000e-02 1.666200e-01
149 8.197920e-01 1.304800e-02 1.671600e-01
150 8.192560e-01 1.301600e-02 1.677280e-01
151 8.188400e-01 1.295200e-02 1.682080e-01
152 8.185560e-01 1.284400e-02 1.686000e-01
153 8.181840e-01 1.280000e-02 1.690160e-01
154 8.177760e-01 1.274400e-02 1.694800e-01
155 8.175440e-01 1.259200e-02 1.698640e-01
156 8.172160e-01 1.236400e-02 1.704200e-01
157 8.170800e-01 1.239200e-02 1.705280e-01
158 8.167800e-01 1.224400e-02 1.709760e-01
159 8.165280e-01 1.226400e-02 1.712080e-01
160 8.163200e-01 1.204000e-02 1.716400e-01
161 8.161400e-01 1.189200e-02 1.719680e-01
162 8.158760e-01 1.185600e-02 1.722680e-01
163 8.155760e-01 1.195600e-02 1.724680e-01
164 8.154600e-01 1.185200e-02 1.726880e-01
165 8.152440e-01 1.171600e-02 1.730400e-01
166 8.148680e-01 1.173200e-02 1.734000e-01
167 8.147160e-01 1.157600e-02 1.737080e-01
168 8.148360e-01 1.142000e-02 1.737440e-01
169 8.146480e-01 1.128000e-02 1.740720e-01
170 8.146520e-01 1.104800e-02 1.743000e-01
171 8.145680e-01 1.106800e-02 1.743640e-01
172 8.142760e-01 1.108800e-02 1.746360e-01
173 8.140960e-01 1.092000e-02 1.749840e-01
174 8.140760e-01 1.086800e-02 1.750560e-01
175 8.140760e-01 1.089200e-02 1.750320e-01
176 8.138560e-01 1.077600e-02 1.753680e-01
177 8.139360e-01 1.063200e-02 1.754320e-01
178 8.139520e-01 1.052400e-02 1.755240e-01
179 8.137600e-01 1.059200e-02 1.756480e-01
180 8.136360e-01 1.079200e-02 1.755720e-01
181 8.136280e-01 1.069600e-02 1.756760e-01
182 8.134880e-01 1.076400e-02 1.757480e-01
183 8.134520e-01 1.074800e-02 1.758000e-01
184 8.133240e-01 1.084400e-02 1.758320e-01
185 8.132080e-01 1.084000e-02 1.759520e-01
186 8.130640e-01 1.090800e-02 1.760280e-01
187 8.131000e-01 1.085200e-02 1.760480e-01
188 8.131280e-01 1.075200e-02 1.761200e-01
189 8.130840e-01 1.074400e-02 1.761720e-01
190 8.128640e-01 1.075200e-02 1.763840e-01
191 8.128800e-01 1.059200e-02 1.765280e-01
192 8.128520e-01 1.070400e-02 1.764440e-01
193 8.127080e-01 1.062400e-02 1.766680e-01
194 8.124320e-01 1.072800e-02 1.768400e-01
195 8.123840e-01 1.067200e-02 1.769440e-01
196 8.122920e-01 1.061600e-02 1.770920e-01
197 8.123160e-01 1.058400e-02 1.771000e-01
198 8.125240e-01 1.053200e-02 1.769440e-01
199 8.125720e-01 1.046800e-02 1.769600e-01
200 8.129560e-01 1.011200e-02 1.769320e-01
201 8.133520e-01 9.668000e-03 1.769800e-01
202 8.134800e-01 9.532000e-03 1.769880e-01
203 8.138680e-01 9.380000e-03 1.767520e-01
204 8.142240e-01 9.312000e-03 1.764640e-01
205 8.145120e-01 9.200000e-03 1.762880e-01
206 8.147040e-01 9.164000e-03 1.761320e-01
207 8.149000e-01 9.192000e-03 1.759080e-01
208 8.150240e-01 9.200000e-03 1.757760e-01
209 8.152600e-01 9.044000e-03 1.756960e-01
210 8.153520e-01 8.980000e-03 1.756680e-01
211 8.156560e-01 8.876000e-03 1.754680e-01
212 8.157560e-01 9.016000e-03 1.752280e-01
213 8.160280e-01 8.892000e-03 1.750800e-01
214 8.161800e-01 8.884000e-03 1.749360e-01
215 8.163400e-01 8.868000e-03 1.747920e-01
216 8.166040e-01 8.904000e-03 1.744920e-01
217 8.165160e-01 9.092000e-03 1.743920e-01
218 8.165400e-01 9.048000e-03 1.744120e-01
219 8.168840e-01 8.812000e-03 1.743040e-01
220 8.169760e-01 8.700000e-03 1.743240e-01
221 8.170760e-01 8.580000e-03 1.743440e-01
222 8.172400e-01 8.396000e-03 1.743640e-01
223 8.176480e-01 8.360000e-03 1.739920e-01
224 8.178080e-01 8.460000e-03 1.737320e-01
225 8.179920e-01 8.456000e-03 1.735520e-01
226 8.183320e-01 8.504000e-03 1.731640e-01
227 8.187480e-01 8.336000e-03 1.729160e-01
228 8.189120e-01 8.308000e-03 1.727800e-01
229 8.191680e-01 8.276000e-03 1.725560e-01
230 8.194360e-01 8.384000e-03 1.721800e-01
231 8.196240e-01 8.468000e-03 1.719080e-01
232 8.197600e-01 8.372000e-03 1.718680e-01
233 8.200600e-01 8.332000e-03 1.716080e-01
234 8.204480e-01 8.260000e-03 1.712920e-01
235 8.207400e-01 8.276000e-03 1.709840e-01
236 8.210160e-01 8.208000e-03 1.707760e-01
237 8.215040e-01 8.256000e-03 1.702400e-01
238 8.219520e-01 8.412000e-03 1.696360e-01
239 8.221880e-01 8.328000e-03 1.694840e-01
240 8.224440e-01 8.264000e-03 1.692920e-01
241 8.227360e-01 8.076000e-03 1.691880e-01
242 8.233120e-01 7.772000e-03 1.689160e-01
243 8.236760e-01 7.576000e-03 1.687480e-01
244 8.238960e-01 7.612000e-03 1.684920e-01
245 8.243560e-01 7.572000e-03 1.680720e-01
246 8.249400e-01 7.604000e-03 1.674560e-01
247 8.253440e-01 7.656000e-03 1.670000e-01
248 8.256000e-01 7.564000e-03 1.668360e-01
249 8.259120e-01 7.528000e-03 1.665600e-01
250 8.263280e-01 7.556000e-03 1.661160e-01
251 8.267680e-01 7.540000e-03 1.656920e-01
252 8.270960e-01 7.548000e-03 1.653560e-01
253 8.274200e-01 7.532000e-03 1.650480e-01
254 8.279040e-01 7.456000e-03 1.646400e-01
255 8.281920e-01 7.560000e-03 1.642480e-01
256 8.284360e-01 7.596000e-03 1.639680e-01
257 8.287240e-01 7.464000e-03 1.638120e-01
258 8.291600e-01 7.360000e-03 1.634800e-01
259 8.295400e-01 7.468000e-03 1.629920e-01
260 8.298840e-01 7.480000e-03 1.626360e-01
261 8.300120e-01 7.712000e-03 1.622760e-01
262 8.303720e-01 7.656000e-03 1.619720e-01
263 8.306760e-01 7.620000e-03 1.617040e-01
264 8.311280e-01 7.516000e-03 1.613560e-01
265 8.314800e-01 7.536000e-03 1.609840e-01
266 8.316160e-01 7.560000e-03 1.608240e-01
267 8.321640e-01 7.384000e-03 1.604520e-01
268 8.324520e-01 7.344000e-03 1.602040e-01
269 8.327000e-01 7.284000e-03 1.600160e-01
270 8.329960e-01 7.236000e-03 1.597680e-01
271 8.333760e-01 7.192000e-03 1.594320e-01
272 8.337560e-01 7.112000e-03 1.591320e-01
273 8.340800e-01 7.080000e-03 1.588400e-01
274 8.342920e-01 7.080000e-03 1.586280e-01
275 8.345880e-01 7.012000e-03 1.584000e-01
276 8.348720e-01 7.056000e-03 1.580720e-01
277 8.352560e-01 7.004000e-03 1.577400e-01
278 8.357320e-01 7.128000e-03 1.571400e-01
279 8.359880e-01 7.104000e-03 1.569080e-01
280 8.363560e-01 6.972000e-03 1.566720e-01
281 8.366800e-01 7.000000e-03 1.563200e-01
282 8.370640e-01 6.796000e-03 1.561400e-01
283 8.374080e-01 6.824000e-03 1.557680e-01
284 8.377640e-01 6.668000e-03 1.555680e-01
285 8.384600e-01 6.428000e-03 1.551120e-01
286 8.389520e-01 6.204000e-03 1.548440e-01
287 8.393480e-01 6.220000e-03 1.544320e-01
288 8.399360e-01 6.076000e-03 1.539880e-01
289 8.403640e-01 5.968000e-03 1.536680e-01
290 8.408640e-01 5.948000e-03 1.531880e-01
291 8.413600e-01 5.760000e-03 1.528800e-01
292 8.419160e-01 5.712000e-03 1.523720e-01
293 8.422960e-01 5.772000e-03 1.519320e-01
294 8.428800e-01 5.668000e-03 1.514520e-01
295 8.434880e-01 5.568000e-03 1.509440e-01
296 8.438800e-01 5.668000e-03 1.504520e-01
297 8.442760e-01 5.660000e-03 1.500640e-01
298 8.448920e-01 5.680000e-03 1.494280e-01
299 8.452880e-01 5.652000e-03 1.490600e-01
300 8.457120e-01 5.672000e-03 1.486160e-01
301 8.462680e-01 5.620000e-03 1.481120e-01
302 8.468040e-01 5.488000e-03 1.477080e-01
303 8.471280e-01 5.384000e-03 1.474880e-01
304 8.474800e-01 5.352000e-03 1.471680e-01
305 8.479680e-01 5.260000e-03 1.467720e-01
306 8.484520e-01 5.108000e-03 1.464400e-01
307 8.491560e-01 5.136000e-03 1.457080e-01
308 8.496760e-01 5.216000e-03 1.451080e-01
309 8.500120e-01 5.144000e-03 1.448440e-01
310 8.505520e-01 5.084000e-03 1.443640e-01
311 8.510680e-01 5.036000e-03 1.438960e-01
312 8.515240e-01 5.092000e-03 1.433840e-01
313 8.519200e-01 5.164000e-03 1.429160e-01
314 8.525280e-01 4.980000e-03 1.424920e-01
315 8.528640e-01 5.064000e-03 1.420720e-01
316 8.534280e-01 4.952000e-03 1.416200e-01
317 8.539200e-01 4.860000e-03 1.412200e-01
318 8.544520e-01 4.776000e-03 1.407720e-01
319 8.549040e-01 4.748000e-03 1.403480e-01
320 8.553160e-01 4.872000e-03 1.398120e-01
321 8.559400e-01 4.872000e-03 1.391880e-01
322 8.563480e-01 5.028000e-03 1.386240e-01
323 8.566720e-01 5.028000e-03 1.383000e-01
324 8.570640e-01 5.056000e-03 1.378800e-01
325 8.576560e-01 4.984000e-03 1.373600e-01
326 8.580600e-01 4.980000e-03 1.369600e-01
327 8.584960e-01 4.944000e-03 1.365600e-01
328 8.590200e-01 4.728000e-03 1.362520e-01
329 8.595920e-01 4.624000e-03 1.357840e-01
330 8.601080e-01 4.556000e-03 1.353360e-01
331 8.607520e-01 4.496000e-03 1.347520e-01
332 8.612560e-01 4.536000e-03 1.342080e-01
333 8.617680e-01 4.500000e-03 1.337320e-01
334 8.624240e-01 4.364000e-03 1.332120e-01
335 8.630400e-01 4.396000e-03 1.325640e-01
336 8.637120e-01 4.248000e-03 1.320400e-01
337 8.642160e-01 4.260000e-03 1.315240e-01
338 8.648480e-01 4.144000e-03 1.310080e-01
339 8.654360e-01 4.120000e-03 1.304440e-01
340 8.659160e-01 4.140000e-03 1.299440e-01
341 8.665640e-01 3.988000e-03 1.294480e-01
342 8.671880e-01 3.976000e-03 1.288360e-01
343 8.676040e-01 4.080000e-03 1.283160e-01
344 8.681800e-01 3.992000e-03 1.278280e-01
345 8.688000e-01 3.944000e-03 1.272560e-01
346 8.693960e-01 3.936000e-03 1.266680e-01
347 8.699600e-01 3.924000e-03 1.261160e-01
348 8.704120e-01 3.940000e-03 1.256480e-01
349 8.708680e-01 3.976000e-03 1.251560e-01
350 8.715640e-01 3.928000e-03 1.245080e-01
351 8.722160e-01 3.888000e-03 1.238960e-01
352 8.727520e-01 3.780000e-03 1.234680e-01
353 8.732120e-01 3.820000e-03 1.229680e-01
354 8.737680e-01 3.788000e-03 1.224440e-01
355 8.742520e-01 3.816000e-03 1.219320e-01
356 8.746200e-01 3.836000e-03 1.215440e-01
357 8.752080e-01 3.852000e-03 1.209400e-01
358 8.757040e-01 3.960000e-03 1.203360e-01
359 8.762240e-01 3.900000e-03 1.198760e-01
360 8.767000e-01 3.876000e-03 1.194240e-01
361 8.772080e-01 3.776000e-03 1.190160e-01
362 8.777440e-01 3.780000e-03 1.184760e-01
363 8.783640e-01 3.680000e-03 1.179560e-01
364 8.790160e-01 3.592000e-03 1.173920e-01
365 8.794200e-01 3.644000e-03 1.169360e-01
366 8.800680e-01 3.504000e-03 1.164280e-01
367 8.805560e-01 3.360000e-03 1.160840e-01
368 8.812000e-01 3.200000e-03 1.156000e-01
369 8.816600e-01 3.364000e-03 1.149760e-01
370 8.820560e-01 3.444000e-03 1.145000e-01
371 8.825600e-01 3.540000e-03 1.139000e-01
372 8.831000e-01 3.508000e-03 1.133920e-01
373 8.837160e-01 3.376000e-03 1.129080e-01
374 8.841720e-01 3.364000e-03 1.124640e-01
375 8.846880e-01 3.392000e-03 1.119200e-01
376 8.853400e-01 3.392000e-03 1.112680e-01
377 8.859440e-01 3.336000e-03 1.107200e-01
378 8.866080e-01 3.188000e-03 1.102040e-01
379 8.869680e-01 3.316000e-03 1.097160e-01
380 8.875840e-01 3.364000e-03 1.090520e-01
381 8.878520e-01 3.384000e-03 1.087640e-01
382 8.883240e-01 3.364000e-03 1.083120e-01
383 8.888280e-01 3.352000e-03 1.078200e-01
384 8.891440e-01 3.404000e-03 1.074520e-01
385 8.897240e-01 3.336000e-03 1.069400e-01
386 8.901720e-01 3.320000e-03 1.065080e-01
387 8.906360e-01 3.364000e-03 1.060000e-01
388 8.910960e-01 3.400000e-03 1.055040e-01
389 8.915520e-01 3.432000e-03 1.050160e-01
390 8.919320e-01 3.436000e-03 1.046320e-01
391 8.924680e-01 3.464000e-03 1.040680e-01
392 8.929400e-01 3.396000e-03 1.036640e-01
393 8.934280e-01 3.352000e-03 1.032200e-01
394 8.938920e-01 3.304000e-03 1.028040e-01
395 8.941240e-01 3.436000e-03 1.024400e-01
396 8.943760e-01 3.560000e-03 1.020640e-01
397 8.947280e-01 3.644000e-03 1.016280e-01
398 8.951120e-01 3.636000e-03 1.012520e-01
399 8.954800e-01 3.604000e-03 1.009160e-01
400 8.957680e-01 3.628000e-03 1.006040e-01
401 8.960120e-01 3.544000e-03 1.004440e-01
402 8.963240e-01 3.420000e-03 1.002560e-01
403 8.967680e-01 3.448000e-03 9.978400e-02
404 8.970760e-01 3.488000e-03 9.943600e-02
405 8.975120e-01 3.560000e-03 9.892800e-02
406 8.979080e-01 3.600000e-03 9.849200e-02
407 8.982200e-01 3.556000e-03 9.822400e-02
408 8.984920e-01 3.560000e-03 9.794800e-02
409 8.988680e-01 3.540000e-03 9.759200e-02
410 8.990800e-01 3.512000e-03 9.740800e-02
411 8.994480e-01 3.512000e-03 9.704000e-02
412 8.997080e-01 3.632000e-03 9.666000e-02
413 9.000880e-01 3.572000e-03 9.634000e-02
414 9.004080e-01 3.612000e-03 9.598000e-02
415 9.007720e-01 3.548000e-03 9.568000e-02
416 9.012440e-01 3.392000e-03 9.536400e-02
417 9.016480e-01 3.452000e-03 9.490000e-02
418 9.019040e-01 3.376000e-03 9.472000e-02
419 9.022360e-01 3.308000e-03 9.445600e-02
420 9.025040e-01 3.420000e-03 9.407600e-02
421 9.029080e-01 3.432000e-03 9.366000e-02
422 9.032520e-01 3.440000e-03 9.330800e-02
423 9.035760e-01 3.572000e-03 9.285200e-02
424 9.038240e-01 3.544000e-03 9.263200e-02
425 9.041440e-01 3.624000e-03 9.223200e-02
426 9.045520e-01 3.532000e-03 9.191600e-02
427 9.048560e-01 3.452000e-03 9.169200e-02
428 9.051760e-01 3.400000e-03 9.142400e-02
429 9.055400e-01 3.264000e-03 9.119600e-02
430 9.058000e-01 3.240000e-03 9.096000e-02
431 9.060960e-01 3.172000e-03 9.073200e-02
432 9.065800e-01 3.128000e-03 9.029200e-02
433 9.069120e-01 3.124000e-03 8.996400e-02
434 9.071360e-01 3.164000e-03 8.970000e-02
435 9.075040e-01 3.096000e-03 8.940000e-02
436 9.077600e-01 3.204000e-03 8.903600e-02
437 9.080960e-01 3.204000e-03 8.870000e-02
438 9.083360e-01 3.180000e-03 8.848400e-02
439 9.086920e-01 3.140000e-03 8.816800e-02
440 9.090160e-01 3.128000e-03 8.785600e-02
441 9.092880e-01 3.208000e-03 8.750400e-02
442 9.095000e-01 3.292000e-03 8.720800e-02
443 9.096200e-01 3.448000e-03 8.693200e-02
444 9.099360e-01 3.376000e-03 8.668800e-02
445 9.101960e-01 3.380000e-03 8.642400e-02
446 9.105000e-01 3.340000e-03 8.616000e-02
447 9.107560e-01 3.292000e-03 8.595200e-02
448 9.110440e-01 3.192000e-03 8.576400e-02
449 9.113600e-01 3.192000e-03 8.544800e-02
450 9.115960e-01 3.076000e-03 8.532800e-02
451 9.119120e-01 3.108000e-03 8.498000e-02
452 9.122120e-01 3.108000e-03 8.468000e-02
453 9.125360e-01 3.080000e-03 8.438400e-02
454 9.127840e-01 3.068000e-03 8.414800e-02
455 9.130360e-01 3.048000e-03 8.391600e-02
456 9.133600e-01 2.976000e-03 8.366400e-02
457 9.136560e-01 2.904000e-03 8.344000e-02
458 9.140280e-01 2.964000e-03 8.300800e-02
459 9.143600e-01 2.888000e-03 8.275200e-02
460 9.145840e-01 2.880000e-03 8.253600e-02
461 9.148440e-01 2.872000e-03 8.228400e-02
462 9.151160e-01 2.896000e-03 8.198800e-02
463 9.154840e-01 2.880000e-03 8.163600e-02
464 9.157640e-01 2.880000e-03 8.135600e-02
465 9.161600e-01 2.820000e-03 8.102000e-02
466 9.164200e-01 2.832000e-03 8.074800e-02
467 9.167400e-01 2.804000e-03 8.045600e-02
468 9.170840e-01 2.752000e-03 8.016400e-02
469 9.173880e-01 2.800000e-03 7.981200e-02
470 9.177040e-01 2.744000e-03 7.955200e-02
471 9.179960e-01 2.708000e-03 7.929600e-02
472 9.181800e-01 2.752000e-03 7.906800e-02
473 9.184880e-01 2.696000e-03 7.881600e-02
474 9.187200e-01 2.736000e-03 7.854400e-02
475 9.190640e-01 2.736000e-03 7.820000e-02
476 9.193040e-01 2.760000e-03 7.793600e-02
477 9.194480e-01 2.796000e-03 7.775600e-02
478 9.196400e-01 2.728000e-03 7.763200e-02
479 9.200480e-01 2.708000e-03 7.724400e-02
480 9.203640e-01 2.632000e-03 7.700400e-02
481 9.206080e-01 2.660000e-03 7.673200e-02
482 9.208760e-01 2.540000e-03 7.658400e-02
483 9.211080e-01 2.496000e-03 7.639600e-02
484 9.212960e-01 2.516000e-03 7.618800e-02
485 9.215560e-01 2.456000e-03 7.598800e-02
486 9.218800e-01 2.468000e-03 7.565200e-02
487 9.222760e-01 2.416000e-03 7.530800e-02
488 9.226520e-01 2.472000e-03 7.487600e-02
489 9.229520e-01 2.456000e-03 7.459200e-02
490 9.232000e-01 2.564000e-03 7.423600e-02
491 9.233960e-01 2.568000e-03 7.403600e-02
492 9.237440e-01 2.536000e-03 7.372000e-02
493 9.241000e-01 2.480000e-03 7.342000e-02
494 9.244200e-01 2.468000e-03 7.311200e-02
495 9.247760e-01 2.536000e-03 7.268800e-02
496 9.249440e-01 2.592000e-03 7.246400e-02
497 9.252280e-01 2.588000e-03 7.218400e-02
498 9.256840e-01 2.552000e-03 7.176400e-02
499 9.258600e-01 2.648000e-03 7.149200e-02
500 9.261360e-01 2.612000e-03 7.125200e-02
501 9.262760e-01 2.656000e-03 7.106800e-02
502 9.265360e-01 2.644000e-03 7.082000e-02
503 9.268160e-01 2.624000e-03 7.056000e-02
504 9.271200e-01 2.644000e-03 7.023600e-02
505 9.273720e-01 2.628000e-03 7.000000e-02
506 9.275040e-01 2.800000e-03 6.969600e-02
507 9.276240e-01 2.948000e-03 6.942800e-02
508 9.277080e-01 2.904000e-03 6.938800e-02
509 9.277760e-01 3.040000e-03 6.918400e-02
510 9.278600e-01 3.140000e-03 6.900000e-02
511 9.278960e-01 3.176000e-03 6.892800e-02
512 9.279920e-01 3.148000e-03 6.886000e-02
513 9.280080e-01 3.228000e-03 6.876400e-02
514 9.280280e-01 3.280000e-03 6.869200e-02
515 9.281360e-01 3.244000e-03 6.862000e-02
516 9.281480e-01 3.304000e-03 6.854800e-02
517 9.282280e-01 3.244000e-03 6.852800e-02
518 9.283720e-01 3.184000e-03 6.844400e-02
519 9.286480e-01 3.088000e-03 6.826400e-02
520 9.287680e-01 3.096000e-03 6.813600e-02
521 9.288680e-01 3.036000e-03 6.809600e-02
522 9.290080e-01 3.056000e-03 6.793600e-02
523 9.290840e-01 3.112000e-03 6.780400e-02
524 9.291840e-01 3.068000e-03 6.774800e-02
525 9.294320e-01 2.980000e-03 6.758800e-02
526 9.297200e-01 2.912000e-03 6.736800e-02
527 9.299920e-01 2.848000e-03 6.716000e-02
528 9.302240e-01 2.828000e-03 6.694800e-02
529 9.303880e-01 2.912000e-03 6.670000e-02
530 9.305160e-01 2.944000e-03 6.654000e-02
531 9.306760e-01 2.884000e-03 6.644000e-02
532 9.306800e-01 2.852000e-03 6.646800e-02
533 9.308600e-01 2.812000e-03 6.632800e-02
534 9.309160e-01 2.952000e-03 6.613200e-02
535 9.309360e-01 3.028000e-03 6.603600e-02
536 9.310680e-01 3.020000e-03 6.591200e-02
537 9.313000e-01 2.936000e-03 6.576400e-02
538 9.314880e-01 2.880000e-03 6.563200e-02
539 9.316080e-01 2.836000e-03 6.555600e-02
540 9.316960e-01 2.908000e-03 6.539600e-02
541 9.318440e-01 2.892000e-03 6.526400e-02
542 9.320480e-01 2.796000e-03 6.515600e-02
543 9.323080e-01 2.840000e-03 6.485200e-02
544 9.324960e-01 2.852000e-03 6.465200e-02
545 9.326280e-01 2.764000e-03 6.460800e-02
546 9.327640e-01 2.708000e-03 6.452800e-02
547 9.328200e-01 2.784000e-03 6.439600e-02
548 9.329440e-01 2.816000e-03 6.424000e-02
549 9.331200e-01 2.768000e-03 6.411200e-02
550 9.333720e-01 2.720000e-03 6.390800e-02
551 9.335880e-01 2.824000e-03 6.358800e-02
552 9.338120e-01 2.788000e-03 6.340000e-02
553 9.338880e-01 2.840000e-03 6.327200e-02
554 9.340520e-01 2.868000e-03 6.308000e-02
555 9.341240e-01 2.876000e-03 6.300000e-02
556 9.343440e-01 2.792000e-03 6.286400e-02
557 9.345080e-01 2.704000e-03 6.278800e-02
558 9.347840e-01 2.604000e-03 6.261200e-02
559 9.348360e-01 2.716000e-03 6.244800e-02
560 9.350200e-01 2.652000e-03 6.232800e-02
561 9.351880e-01 2.648000e-03 6.216400e-02
562 9.353120e-01 2.516000e-03 6.217200e-02
563 9.355200e-01 2.564000e-03 6.191600e-02
564 9.356520e-01 2.528000e-03 6.182000e-02
565 9.358360e-01 2.564000e-03 6.160000e-02
566 9.359960e-01 2.484000e-03 6.152000e-02
567 9.361160e-01 2.552000e-03 6.133200e-02
568 9.363560e-01 2.448000e-03 6.119600e-02
569 9.365360e-01 2.448000e-03 6.101600e-02
570 9.367400e-01 2.440000e-03 6.082000e-02
571 9.369360e-01 2.408000e-03 6.065600e-02
572 9.371400e-01 2.376000e-03 6.048400e-02
573 9.372440e-01 2.364000e-03 6.039200e-02
574 9.374320e-01 2.320000e-03 6.024800e-02
575 9.375840e-01 2.332000e-03 6.008400e-02
576 9.378240e-01 2.352000e-03 5.982400e-02
577 9.379640e-01 2.360000e-03 5.967600e-02
578 9.379960e-01 2.480000e-03 5.952400e-02
579 9.380400e-01 2.584000e-03 5.937600e-02
580 9.382160e-01 2.484000e-03 5.930000e-02
581 9.383560e-01 2.556000e-03 5.908800e-02
582 9.384200e-01 2.652000e-03 5.892800e-02
583 9.385000e-01 2.688000e-03 5.881200e-02
584 9.386080e-01 2.700000e-03 5.869200e-02
585 9.387600e-01 2.688000e-03 5.855200e-02
586 9.389480e-01 2.500000e-03 5.855200e-02
587 9.390320e-01 2.424000e-03 5.854400e-02
588 9.392800e-01 2.276000e-03 5.844400e-02
589 9.394400e-01 2.280000e-03 5.828000e-02
590 9.396080e-01 2.296000e-03 5.809600e-02
591 9.398440e-01 2.380000e-03 5.777600e-02
592 9.400000e-01 2.312000e-03 5.768800e-02
593 9.401280e-01 2.352000e-03 5.752000e-02
594 9.401960e-01 2.432000e-03 5.737200e-02
595 9.403320e-01 2.432000e-03 5.723600e-02
596 9.404920e-01 2.508000e-03 5.700000e-02
597 9.406320e-01 2.536000e-03 5.683200e-02
598 9.406560e-01 2.596000e-03 5.674800e-02
599 9.408680e-01 2.568000e-03 5.656400e-02
600 9.410400e-01 2.516000e-03 5.644400e-02
601 9.411920e-01 2.452000e-03 5.635600e-02
602 9.414000e-01 2.352000e-03 5.624800e-02
603 9.415240e-01 2.292000e-03 5.618400e-02
604 9.416800e-01 2.336000e-03 5.598400e-02
605 9.419600e-01 2.244000e-03 5.579600e-02
606 9.420880e-01 2.272000e-03 5.564000e-02
607 9.422560e-01 2.280000e-03 5.546400e-02
608 9.423240e-01 2.360000e-03 5.531600e-02
609 9.424840e-01 2.328000e-03 5.518800e-02
610 9.426960e-01 2.324000e-03 5.498000e-02
611 9.427760e-01 2.312000e-03 5.491200e-02
612 9.429000e-01 2.344000e-03 5.475600e-02
613 9.429160e-01 2.324000e-03 5.476000e-02
614 9.430880e-01 2.360000e-03 5.455200e-02
615 9.431160e-01 2.448000e-03 5.443600e-02
616 9.432960e-01 2.484000e-03 5.422000e-02
617 9.434160e-01 2.544000e-03 5.404000e-02
618 9.435560e-01 2.512000e-03 5.393200e-02
619 9.436280e-01 2.552000e-03 5.382000e-02
620 9.437160e-01 2.572000e-03 5.371200e-02
621 9.437720e-01 2.636000e-03 5.359200e-02
622 9.438760e-01 2.508000e-03 5.361600e-02
623 9.439640e-01 2.444000e-03 5.359200e-02
624 9.440480e-01 2.440000e-03 5.351200e-02
625 9.442040e-01 2.396000e-03 5.340000e-02
626 9.442240e-01 2.396000e-03 5.338000e-02
627 9.442800e-01 2.484000e-03 5.323600e-02
628 9.443440e-01 2.520000e-03 5.313600e-02
629 9.444240e-01 2.564000e-03 5.301200e-02
630 9.445080e-01 2.524000e-03 5.296800e-02
631 9.446520e-01 2.544000e-03 5.280400e-02
632 9.447480e-01 2.532000e-03 5.272000e-02
633 9.447840e-01 2.544000e-03 5.267200e-02
634 9.449560e-01 2.468000e-03 5.257600e-02
635 9.451000e-01 2.460000e-03 5.244000e-02
636 9.451760e-01 2.428000e-03 5.239600e-02
637 9.453480e-01 2.348000e-03 5.230400e-02
638 9.454440e-01 2.368000e-03 5.218800e-02
639 9.456080e-01 2.364000e-03 5.202800e-02
640 9.456800e-01 2.392000e-03 5.192800e-02
641 9.458800e-01 2.340000e-03 5.178000e-02
642 9.460280e-01 2.292000e-03 5.168000e-02
643 9.462880e-01 2.184000e-03 5.152800e-02
644 9.463280e-01 2.200000e-03 5.147200e-02
645 9.464640e-01 2.196000e-03 5.134000e-02
646 9.465600e-01 2.276000e-03 5.116400e-02
647 9.466040e-01 2.320000e-03 5.107600e-02
648 9.465920e-01 2.408000e-03 5.100000e-02
649 9.466600e-01 2.400000e-03 5.094000e-02
650 9.467280e-01 2.392000e-03 5.088000e-02
651 9.468600e-01 2.316000e-03 5.082400e-02
652 9.470400e-01 2.280000e-03 5.068000e-02
653 9.470720e-01 2.392000e-03 5.053600e-02
654 9.472040e-01 2.348000e-03 5.044800e-02
655 9.473720e-01 2.256000e-03 5.037200e-02
656 9.475080e-01 2.188000e-03 5.030400e-02
657 9.477960e-01 2.064000e-03 5.014000e-02
658 9.479720e-01 2.044000e-03 4.998400e-02
659 9.480800e-01 2.032000e-03 4.988800e-02
660 9.481520e-01 2.112000e-03 4.973600e-02
661 9.483840e-01 2.096000e-03 4.952000e-02
662 9.486160e-01 2.072000e-03 4.931200e-02
663 9.488040e-01 2.040000e-03 4.915600e-02
664 9.489640e-01 1.972000e-03 4.906400e-02
665 9.490920e-01 1.888000e-03 4.902000e-02
666 9.492160e-01 1.920000e-03 4.886400e-02
667 9.492840e-01 1.972000e-03 4.874400e-02
668 9.493920e-01 1.996000e-03 4.861200e-02
669 9.495560e-01 2.000000e-03 4.844400e-02
670 9.496840e-01 2.012000e-03 4.830400e-02
671 9.498040e-01 1.924000e-03 4.827200e-02
672 9.499320e-01 1.896000e-03 4.817200e-02
673 9.501000e-01 1.908000e-03 4.799200e-02
674 9.502280e-01 1.948000e-03 4.782400e-02
675 9.504280e-01 1.948000e-03 4.762400e-02
676 9.504920e-01 2.016000e-03 4.749200e-02
677 9.506000e-01 2.032000e-03 4.736800e-02
678 9.506520e-01 1.952000e-03 4.739600e-02
679 9.507320e-01 1.924000e-03 4.734400e-02
680 9.508200e-01 1.840000e-03 4.734000e-02
681 9.509720e-01 1.816000e-03 4.721200e-02
682 9.512320e-01 1.696000e-03 4.707200e-02
683 9.514040e-01 1.656000e-03 4.694000e-02
684 9.516000e-01 1.616000e-03 4.678400e-02
685 9.517000e-01 1.624000e-03 4.667600e-02
686 9.517680e-01 1.648000e-03 4.658400e-02
687 9.519040e-01 1.712000e-03 4.638400e-02
688 9.520920e-01 1.664000e-03 4.624400e-02
689 9.521800e-01 1.604000e-03 4.621600e-02
690 9.523960e-01 1.580000e-03 4.602400e-02
691 9.525480e-01 1.628000e-03 4.582400e-02
692 9.527800e-01 1.632000e-03 4.558800e-02
693 9.529360e-01 1.572000e-03 4.549200e-02
694 9.530720e-01 1.576000e-03 4.535200e-02
695 9.532520e-01 1.588000e-03 4.516000e-02
696 9.533400e-01 1.616000e-03 4.504400e-02
697 9.534920e-01 1.656000e-03 4.485200e-02
698 9.535880e-01 1.580000e-03 4.483200e-02
699 9.538360e-01 1.520000e-03 4.464400e-02
700 9.539680e-01 1.576000e-03 4.445600e-02
701 9.541360e-01 1.516000e-03 4.434800e-02
702 9.543600e-01 1.476000e-03 4.416400e-02
703 9.545040e-01 1.504000e-03 4.399200e-02
704 9.545880e-01 1.556000e-03 4.385600e-02
705 9.546720e-01 1.616000e-03 4.371200e-02
706 9.547480e-01 1.688000e-03 4.356400e-02
707 9.549200e-01 1.688000e-03 4.339200e-02
708 9.549760e-01 1.780000e-03 4.324400e-02
709 9.549560e-01 1.840000e-03 4.320400e-02
710 9.548920e-01 1.944000e-03 4.316400e-02
711 9.549160e-01 1.952000e-03 4.313200e-02
712 9.550160e-01 2.012000e-03 4.297200e-02
713 9.551400e-01 1.976000e-03 4.288400e-02
714 9.553240e-01 1.900000e-03 4.277600e-02
715 9.553600e-01 1.980000e-03 4.266000e-02
716 9.554120e-01 1.980000e-03 4.260800e-02
717 9.555120e-01 1.960000e-03 4.252800e-02
718 9.555440e-01 2.004000e-03 4.245200e-02
719 9.556160e-01 1.960000e-03 4.242400e-02
720 9.557320e-01 1.924000e-03 4.234400e-02
721 9.558120e-01 1.944000e-03 4.224400e-02
722 9.558720e-01 1.932000e-03 4.219600e-02
723 9.560880e-01 1.844000e-03 4.206800e-02
724 9.561600e-01 1.820000e-03 4.202000e-02
725 9.562960e-01 1.800000e-03 4.190400e-02
726 9.564240e-01 1.808000e-03 4.176800e-02
727 9.566320e-01 1.712000e-03 4.165600e-02
728 9.567880e-01 1.644000e-03 4.156800e-02
729 9.569040e-01 1.700000e-03 4.139600e-02
730 9.570640e-01 1.644000e-03 4.129200e-02
731 9.572440e-01 1.576000e-03 4.118000e-02
732 9.574240e-01 1.596000e-03 4.098000e-02
733 9.576240e-01 1.576000e-03 4.080000e-02
734 9.578760e-01 1.480000e-03 4.064400e-02
735 9.580040e-01 1.492000e-03 4.050400e-02
736 9.582000e-01 1.540000e-03 4.026000e-02
737 9.583240e-01 1.540000e-03 4.013600e-02
738 9.584040e-01 1.532000e-03 4.006400e-02
739 9.584080e-01 1.548000e-03 4.004400e-02
740 9.585280e-01 1.588000e-03 3.988400e-02
741 9.585840e-01 1.616000e-03 3.980000e-02
742 9.587200e-01 1.548000e-03 3.973200e-02
743 9.588120e-01 1.604000e-03 3.958400e-02
744 9.589040e-01 1.676000e-03 3.942000e-02
745 9.591000e-01 1.596000e-03 3.930400e-02
746 9.592400e-01 1.576000e-03 3.918400e-02
747 9.593400e-01 1.580000e-03 3.908000e-02
748 9.594760e-01 1.548000e-03 3.897600e-02
749 9.596200e-01 1.544000e-03 3.883600e-02
750 9.597680e-01 1.536000e-03 3.869600e-02
751 9.599440e-01 1.552000e-03 3.850400e-02
752 9.601040e-01 1.500000e-03 3.839600e-02
753 9.602040e-01 1.548000e-03 3.824800e-02
754 9.602520e-01 1.576000e-03 3.817200e-02
755 9.603640e-01 1.552000e-03 3.808400e-02
756 9.603880e-01 1.632000e-03 3.798000e-02
757 9.605320e-01 1.704000e-03 3.776400e-02
758 9.606040e-01 1.732000e-03 3.766400e-02
759 9.608160e-01 1.648000e-03 3.753600e-02
760 9.609920e-01 1.572000e-03 3.743600e-02
761 9.611640e-01 1.560000e-03 3.727600e-02
762 9.612400e-01 1.592000e-03 3.716800e-02
763 9.613280e-01 1.564000e-03 3.710800e-02
764 9.614200e-01 1.512000e-03 3.706800e-02
765 9.615080e-01 1.544000e-03 3.694800e-02
766 9.615920e-01 1.500000e-03 3.690800e-02
767 9.616240e-01 1.528000e-03 3.684800e-02
768 9.617400e-01 1.448000e-03 3.681200e-02
769 9.619080e-01 1.472000e-03 3.662000e-02
770 9.621120e-01 1.496000e-03 3.639200e-02
771 9.622600e-01 1.468000e-03 3.627200e-02
772 9.623320e-01 1.520000e-03 3.614800e-02
773 9.624480e-01 1.500000e-03 3.605200e-02
774 9.624960e-01 1.444000e-03 3.606000e-02
775 9.625840e-01 1.440000e-03 3.597600e-02
776 9.628760e-01 1.336000e-03 3.578800e-02
777 9.629920e-01 1.324000e-03 3.568400e-02
778 9.631280e-01 1.352000e-03 3.552000e-02
779 9.632760e-01 1.300000e-03 3.542400e-02
780 9.633120e-01 1.296000e-03 3.539200e-02
781 9.634920e-01 1.280000e-03 3.522800e-02
782 9.635640e-01 1.272000e-03 3.516400e-02
783 9.636280e-01 1.268000e-03 3.510400e-02
784 9.637440e-01 1.232000e-03 3.502400e-02
785 9.638920e-01 1.252000e-03 3.485600e-02
786 9.640360e-01 1.264000e-03 3.470000e-02
787 9.641440e-01 1.236000e-03 3.462000e-02
788 9.641960e-01 1.276000e-03 3.452800e-02
789 9.643120e-01 1.288000e-03 3.440000e-02
790 9.643880e-01 1.340000e-03 3.427200e-02
791 9.645360e-01 1.356000e-03 3.410800e-02
792 9.645400e-01 1.360000e-03 3.410000e-02
793 9.647480e-01 1.292000e-03 3.396000e-02
794 9.649080e-01 1.240000e-03 3.385200e-02
795 9.650720e-01 1.212000e-03 3.371600e-02
796 9.651960e-01 1.188000e-03 3.361600e-02
797 9.653320e-01 1.152000e-03 3.351600e-02
798 9.654520e-01 1.164000e-03 3.338400e-02
799 9.655720e-01 1.168000e-03 3.326000e-02
800 9.656440e-01 1.172000e-03 3.318400e-02
801 9.657800e-01 1.128000e-03 3.309200e-02
802 9.659440e-01 1.064000e-03 3.299200e-02
803 9.660480e-01 1.112000e-03 3.284000e-02
804 9.661160e-01 1.152000e-03 3.273200e-02
805 9.662360e-01 1.144000e-03 3.262000e-02
806 9.663240e-01 1.200000e-03 3.247600e-02
807 9.664040e-01 1.224000e-03 3.237200e-02
808 9.664720e-01 1.236000e-03 3.229200e-02
809 9.665320e-01 1.280000e-03 3.218800e-02
810 9.665680e-01 1.288000e-03 3.214400e-02
811 9.666280e-01 1.252000e-03 3.212000e-02
812 9.667280e-01 1.260000e-03 3.201200e-02
813 9.669400e-01 1.196000e-03 3.186400e-02
814 9.670560e-01 1.224000e-03 3.172000e-02
815 9.671640e-01 1.220000e-03 3.161600e-02
816 9.672200e-01 1.248000e-03 3.153200e-02
817 9.673040e-01 1.256000e-03 3.144000e-02
818 9.673600e-01 1.268000e-03 3.137200e-02
819 9.674760e-01 1.256000e-03 3.126800e-02
820 9.676320e-01 1.192000e-03 3.117600e-02
821 9.678120e-01 1.164000e-03 3.102400e-02
822 9.678760e-01 1.188000e-03 3.093600e-02
823 9.679760e-01 1.196000e-03 3.082800e-02
824 9.681240e-01 1.168000e-03 3.070800e-02
825 9.682880e-01 1.152000e-03 3.056000e-02
826 9.683760e-01 1.128000e-03 3.049600e-02
827 9.685440e-01 1.112000e-03 3.034400e-02
828 9.686600e-01 1.084000e-03 3.025600e-02
829 9.687600e-01 1.060000e-03 3.018000e-02
830 9.689120e-01 1.056000e-03 3.003200e-02
831 9.690400e-01 1.012000e-03 2.994800e-02
832 9.691480e-01 1.008000e-03 2.984400e-02
833 9.692160e-01 1.040000e-03 2.974400e-02
834 9.692560e-01 1.120000e-03 2.962400e-02
835 9.693880e-01 1.088000e-03 2.952400e-02
836 9.695120e-01 1.116000e-03 2.937200e-02
837 9.696400e-01 1.028000e-03 2.933200e-02
838 9.697800e-01 1.068000e-03 2.915200e-02
839 9.698600e-01 1.068000e-03 2.907200e-02
840 9.699600e-01 1.084000e-03 2.895600e-02
841 9.700880e-01 1.076000e-03 2.883600e-02
842 9.702200e-01 1.016000e-03 2.876400e-02
843 9.703960e-01 9.800000e-04 2.862400e-02
844 9.705320e-01 9.120000e-04 2.855600e-02
845 9.707560e-01 8.240000e-04 2.842000e-02
846 9.708680e-01 8.120000e-04 2.832000e-02
847 9.709560e-01 8.520000e-04 2.819200e-02
848 9.710680e-01 7.880000e-04 2.814400e-02
849 9.711800e-01 7.760000e-04 2.804400e-02
850 9.712880e-01 8.080000e-04 2.790400e-02
851 9.714120e-01 8.000000e-04 2.778800e-02
852 9.716160e-01 7.560000e-04 2.762800e-02
853 9.717640e-01 7.320000e-04 2.750400e-02
854 9.719640e-01 6.720000e-04 2.736400e-02
855 9.721440e-01 6.880000e-04 2.716800e-02
856 9.722720e-01 7.200000e-04 2.700800e-02
857 9.724120e-01 6.840000e-04 2.690400e-02
858 9.726160e-01 6.760000e-04 2.670800e-02
859 9.727680e-01 6.800000e-04 2.655200e-02
860 9.729200e-01 6.720000e-04 2.640800e-02
861 9.730440e-01 6.920000e-04 2.626400e-02
862 9.732040e-01 6.440000e-04 2.615200e-02
863 9.732960e-01 6.240000e-04 2.608000e-02
864 9.734080e-01 6.560000e-04 2.593600e-02
865 9.735280e-01 6.440000e-04 2.582800e-02
866 9.736600e-01 6.480000e-04 2.569200e-02
867 9.737880e-01 6.600000e-04 2.555200e-02
868 9.738880e-01 6.760000e-04 2.543600e-02
869 9.739760e-01 7.120000e-04 2.531200e-02
870 9.741040e-01 7.080000e-04 2.518800e-02
871 9.742040e-01 7.160000e-04 2.508000e-02
872 9.743800e-01 6.840000e-04 2.493600e-02
873 9.745000e-01 7.200000e-04 2.478000e-02
874 9.746360e-01 7.680000e-04 2.459600e-02
875 9.746600e-01 8.160000e-04 2.452400e-02
876 9.748120e-01 8.120000e-04 2.437600e-02
877 9.749640e-01 7.320000e-04 2.430400e-02
878 9.751160e-01 7.480000e-04 2.413600e-02
879 9.751800e-01 7.080000e-04 2.411200e-02
880 9.752800e-01 6.760000e-04 2.404400e-02
881 9.754120e-01 6.520000e-04 2.393600e-02
882 9.755720e-01 6.720000e-04 2.375600e-02
883 9.756480e-01 6.640000e-04 2.368800e-02
884 9.757960e-01 6.160000e-04 2.358800e-02
885 9.760120e-01 5.760000e-04 2.341200e-02
886 9.761040e-01 6.200000e-04 2.327600e-02
887 9.762240e-01 6.040000e-04 2.317200e-02
888 9.763200e-01 6.320000e-04 2.304800e-02
889 9.764480e-01 6.360000e-04 2.291600e-02
890 9.765240e-01 6.440000e-04 2.283200e-02
891 9.765800e-01 6.440000e-04 2.277600e-02
892 9.766640e-01 6.240000e-04 2.271200e-02
893 9.768600e-01 6.120000e-04 2.252800e-02
894 9.770160e-01 6.200000e-04 2.236400e-02
895 9.771920e-01 6.200000e-04 2.218800e-02
896 9.773240e-01 5.360000e-04 2.214000e-02
897 9.774680e-01 5.320000e-04 2.200000e-02
898 9.775680e-01 5.320000e-04 2.190000e-02
899 9.776440e-01 5.440000e-04 2.181200e-02
900 9.777440e-01 5.840000e-04 2.167200e-02
901 9.779200e-01 5.520000e-04 2.152800e-02
902 9.780520e-01 5.760000e-04 2.137200e-02
903 9.781720e-01 5.960000e-04 2.123200e-02
904 9.782080e-01 6.160000e-04 2.117600e-02
905 9.783200e-01 6.400000e-04 2.104000e-02
906 9.784200e-01 6.280000e-04 2.095200e-02
907 9.785000e-01 6.240000e-04 2.087600e-02
908 9.785560e-01 7.280000e-04 2.071600e-02
909 9.786360e-01 7.280000e-04 2.063600e-02
910 9.787200e-01 7.440000e-04 2.053600e-02
911 9.788280e-01 7.560000e-04 2.041600e-02
912 9.788480e-01 7.760000e-04 2.037600e-02
913 9.788720e-01 8.000000e-04 2.032800e-02
914 9.789040e-01 8.280000e-04 2.026800e-02
915 9.789920e-01 8.240000e-04 2.018400e-02
916 9.791320e-01 8.080000e-04 2.006000e-02
917 9.791920e-01 8.120000e-04 1.999600e-02
918 9.792760e-01 7.880000e-04 1.993600e-02
919 9.793760e-01 7.520000e-04 1.987200e-02
920 9.795200e-01 7.200000e-04 1.976000e-02
921 9.795920e-01 6.960000e-04 1.971200e-02
922 9.796840e-01 6.840000e-04 1.963200e-02
923 9.798120e-01 6.720000e-04 1.951600e-02
924 9.798440e-01 6.720000e-04 1.948400e-02
925 9.799320e-01 7.080000e-04 1.936000e-02
926 9.800720e-01 7.160000e-04 1.921200e-02
927 9.801360e-01 7.080000e-04 1.915600e-02
928 9.802400e-01 7.040000e-04 1.905600e-02
929 9.803240e-01 7.120000e-04 1.896400e-02
930 9.803200e-01 7.360000e-04 1.894400e-02
931 9.802960e-01 7.520000e-04 1.895200e-02
932 9.803880e-01 7.400000e-04 1.887200e-02
