1 9.991480e-01 7.640000e-04 8.800000e-05
2 9.985880e-01 1.100000e-03 3.120000e-04
3 9.980040e-01 1.480000e-03 5.160000e-04
4 9.973360e-01 1.916000e-03 7.480000e-04
5 9.965800e-01 2.396000e-03 1.024000e-03
6 9.958240e-01 2.700000e-03 1.476000e-03
7 9.949400e-01 3.076000e-03 1.984000e-03
8 9.941560e-01 3.372000e-03 2.472000e-03
9 9.931600e-01 3.856000e-03 2.984000e-03
10 9.921600e-01 4.224000e-03 3.616000e-03
11 9.910480e-01 4.636000e-03 4.316000e-03
12 9.899880e-01 4.844000e-03 5.168000e-03
13 9.888360e-01 5.164000e-03 6.000000e-03
14 9.876000e-01 5.536000e-03 6.864000e-03
15 9.863840e-01 5.904000e-03 7.712000e-03
16 9.850720e-01 6.348000e-03 8.580000e-03
17 9.837200e-01 6.612000e-03 9.668000e-03
18 9.824240e-01 6.888000e-03 1.068800e-02
19 9.810960e-01 7.224000e-03 1.168000e-02
20 9.797840e-01 7.384000e-03 1.283200e-02
21 9.784400e-01 7.524000e-03 1.403600e-02
22 9.768880e-01 7.924000e-03 1.518800e-02
23 9.753720e-01 8.348000e-03 1.628000e-02
24 9.738520e-01 8.712000e-03 1.743600e-02
25 9.724000e-01 8.824000e-03 1.877600e-02
26 9.708840e-01 9.036000e-03 2.008000e-02
27 9.694640e-01 9.180000e-03 2.135600e-02
28 9.678640e-01 9.464000e-03 2.267200e-02
29 9.664560e-01 9.516000e-03 2.402800e-02
30 9.651280e-01 9.616000e-03 2.525600e-02
31 9.636280e-01 9.864000e-03 2.650800e-02
32 9.622800e-01 9.752000e-03 2.796800e-02
33 9.606080e-01 9.888000e-03 2.950400e-02
34 9.590520e-01 1.002800e-02 3.092000e-02
35 9.574520e-01 1.018400e-02 3.236400e-02
36 9.559120e-01 1.029200e-02 3.379600e-02
37 9.542800e-01 1.048400e-02 3.523600e-02
38 9.527600e-01 1.055200e-02 3.668800e-02
39 9.513080e-01 1.050400e-02 3.818800e-02
40 9.498280e-01 1.058400e-02 3.958800e-02
41 9.484120e-01 1.063200e-02 4.095600e-02
42 9.471040e-01 1.057600e-02 4.232000e-02
43 9.456160e-01 1.080800e-02 4.357600e-02
44 9.441360e-01 1.088400e-02 4.498000e-02
45 9.426120e-01 1.098400e-02 4.640400e-02
46 9.411720e-01 1.102400e-02 4.780400e-02
47 9.397400e-01 1.120400e-02 4.905600e-02
48 9.384640e-01 1.123600e-02 5.030000e-02
49 9.369920e-01 1.138400e-02 5.162400e-02
50 9.356160e-01 1.134800e-02 5.303600e-02
51 9.340560e-01 1.176400e-02 5.418000e-02
52 9.325040e-01 1.169200e-02 5.580400e-02
53 9.310360e-01 1.175600e-02 5.720800e-02
54 9.294920e-01 1.206400e-02 5.844400e-02
55 9.278880e-01 1.232800e-02 5.978400e-02
56 9.263720e-01 1.216800e-02 6.146000e-02
57 9.249240e-01 1.211600e-02 6.296000e-02
58 9.235000e-01 1.208000e-02 6.442000e-02
59 9.220920e-01 1.229600e-02 6.561200e-02
60 9.206080e-01 1.230000e-02 6.709200e-02
61 9.192360e-01 1.242400e-02 6.834000e-02
62 9.178160e-01 1.247200e-02 6.971200e-02
63 9.165760e-01 1.244000e-02 7.098400e-02
64 9.152080e-01 1.256800e-02 7.222400e-02
65 9.138000e-01 1.248800e-02 7.371200e-02
66 9.125800e-01 1.250800e-02 7.491200e-02
67 9.113080e-01 1.233600e-02 7.635600e-02
68 9.100760e-01 1.226800e-02 7.765600e-02
69 9.086600e-01 1.230400e-02 7.903600e-02
70 9.074600e-01 1.218400e-02 8.035600e-02
71 9.062560e-01 1.210000e-02 8.164400e-02
72 9.050560e-01 1.200800e-02 8.293600e-02
73 9.036080e-01 1.229600e-02 8.409600e-02
74 9.024000e-01 1.246800e-02 8.513200e-02
75 9.010680e-01 1.256000e-02 8.637200e-02
76 8.997760e-01 1.270400e-02 8.752000e-02
77 8.983520e-01 1.281600e-02 8.883200e-02
78 8.968680e-01 1.288400e-02 9.024800e-02
79 8.955280e-01 1.304800e-02 9.142400e-02
80 8.943320e-01 1.318800e-02 9.248000e-02
81 8.930640e-01 1.315200e-02 9.378400e-02
82 8.918880e-01 1.312400e-02 9.498800e-02
83 8.907400e-01 1.306000e-02 9.620000e-02
84 8.894160e-01 1.321200e-02 9.737200e-02
85 8.882600e-01 1.317200e-02 9.856800e-02
86 8.871840e-01 1.306800e-02 9.974800e-02
87 8.860920e-01 1.328800e-02 1.006200e-01
88 8.850440e-01 1.319600e-02 1.017600e-01
89 8.839560e-01 1.316400e-02 1.028800e-01
90 8.828480e-01 1.310400e-02 1.040480e-01
91 8.819360e-01 1.288000e-02 1.051840e-01
92 8.809800e-01 1.284000e-02 1.061800e-01
93 8.799040e-01 1.294400e-02 1.071520e-01
94 8.787440e-01 1.310000e-02 1.081560e-01
95 8.775440e-01 1.314400e-02 1.093120e-01
96 8.765880e-01 1.302000e-02 1.103920e-01
97 8.756960e-01 1.287600e-02 1.114280e-01
98 8.748560e-01 1.283600e-02 1.123080e-01
99 8.740320e-01 1.270400e-02 1.132640e-01
100 8.729080e-01 1.266000e-02 1.144320e-01
101 8.719000e-01 1.264400e-02 1.154560e-01
102 8.712120e-01 1.255200e-02 1.162360e-01
103 8.704480e-01 1.248000e-02 1.170720e-01
104 8.697640e-01 1.222000e-02 1.180160e-01
105 8.689960e-01 1.227200e-02 1.187320e-01
106 8.682240e-01 1.214800e-02 1.196280e-01
107 8.674880e-01 1.198400e-02 1.205280e-01
108 8.664640e-01 1.222400e-02 1.213120e-01
109 8.656200e-01 1.236800e-02 1.220120e-01
110 8.650080e-01 1.219600e-02 1.227960e-01
111 8.642120e-01 1.201600e-02 1.237720e-01
112 8.635800e-01 1.203600e-02 1.243840e-01
113 8.628360e-01 1.194400e-02 1.252200e-01
114 8.621120e-01 1.184000e-02 1.260480e-01
115 8.614000e-01 1.171600e-02 1.268840e-01
116 8.607920e-01 1.173200e-02 1.274760e-01
117 8.602720e-01 1.158800e-02 1.281400e-01
118 8.596840e-01 1.164400e-02 1.286720e-01
119 8.591000e-01 1.166400e-02 1.292360e-01
120 8.583920e-01 1.161600e-02 1.299920e-01
121 8.577600e-01 1.166000e-02 1.305800e-01
122 8.570560e-01 1.176400e-02 1.311800e-01
123 8.564720e-01 1.162400e-02 1.319040e-01
124 8.557760e-01 1.156000e-02 1.326640e-01
125 8.551560e-01 1.151200e-02 1.333320e-01
126 8.545720e-01 1.153200e-02 1.338960e-01
127 8.539680e-01 1.149600e-02 1.345360e-01
128 8.535560e-01 1.128400e-02 1.351600e-01
129 8.531160e-01 1.136000e-02 1.355240e-01
130 8.524960e-01 1.150400e-02 1.360000e-01
131 8.519360e-01 1.155200e-02 1.365120e-01
132 8.512560e-01 1.172000e-02 1.370240e-01
133 8.508400e-01 1.163600e-02 1.375240e-01
134 8.504920e-01 1.143200e-02 1.380760e-01
135 8.500600e-01 1.144800e-02 1.384920e-01
136 8.493400e-01 1.150800e-02 1.391520e-01
137 8.489400e-01 1.137200e-02 1.396880e-01
138 8.482440e-01 1.149600e-02 1.402600e-01
139 8.473680e-01 1.186400e-02 1.407680e-01
140 8.466640e-01 1.209600e-02 1.412400e-01
141 8.459840e-01 1.202000e-02 1.419960e-01
142 8.453880e-01 1.207200e-02 1.425400e-01
143 8.449200e-01 1.204800e-02 1.430320e-01
144 8.443040e-01 1.221600e-02 1.434800e-01
145 8.440800e-01 1.193600e-02 1.439840e-01
146 8.435760e-01 1.190800e-02 1.445160e-01
147 8.430880e-01 1.179200e-02 1.451200e-01
148 8.426320e-01 1.176800e-02 1.456000e-01
149 8.421400e-01 1.176400e-02 1.460960e-01
150 8.415720e-01 1.176000e-02 1.466680e-01
151 8.410600e-01 1.181200e-02 1.471280e-01
152 8.405880e-01 1.186000e-02 1.475520e-01
153 8.402200e-01 1.166800e-02 1.481120e-01
154 8.398280e-01 1.158400e-02 1.485880e-01
155 8.394480e-01 1.146800e-02 1.490840e-01
156 8.387640e-01 1.178000e-02 1.494560e-01
157 8.382560e-01 1.181200e-02 1.499320e-01
158 8.378240e-01 1.179600e-02 1.503800e-01
159 8.373960e-01 1.193200e-02 1.506720e-01
160 8.369280e-01 1.192400e-02 1.511480e-01
161 8.364960e-01 1.192800e-02 1.515760e-01
162 8.360760e-01 1.196800e-02 1.519560e-01
163 8.357920e-01 1.189200e-02 1.523160e-01
164 8.353320e-01 1.183200e-02 1.528360e-01
165 8.349600e-01 1.170800e-02 1.533320e-01
166 8.346840e-01 1.150400e-02 1.538120e-01
167 8.343520e-01 1.139600e-02 1.542520e-01
168 8.340920e-01 1.116000e-02 1.547480e-01
169 8.338080e-01 1.096400e-02 1.552280e-01
170 8.333880e-01 1.105200e-02 1.555600e-01
171 8.330120e-01 1.116800e-02 1.558200e-01
172 8.326320e-01 1.119600e-02 1.561720e-01
173 8.324280e-01 1.126000e-02 1.563120e-01
174 8.320760e-01 1.129600e-02 1.566280e-01
175 8.317120e-01 1.126800e-02 1.570200e-01
176 8.315160e-01 1.127600e-02 1.572080e-01
177 8.312480e-01 1.120800e-02 1.575440e-01
178 8.310440e-01 1.113600e-02 1.578200e-01
179 8.304760e-01 1.123200e-02 1.582920e-01
180 8.300280e-01 1.139200e-02 1.585800e-01
181 8.296200e-01 1.130400e-02 1.590760e-01
182 8.292960e-01 1.144400e-02 1.592600e-01
183 8.289520e-01 1.138400e-02 1.596640e-01
184 8.284640e-01 1.148800e-02 1.600480e-01
185 8.283040e-01 1.132800e-02 1.603680e-01
186 8.281200e-01 1.125600e-02 1.606240e-01
187 8.276520e-01 1.137200e-02 1.609760e-01
188 8.272080e-01 1.151200e-02 1.612800e-01
189 8.269120e-01 1.162000e-02 1.614680e-01
190 8.267240e-01 1.156000e-02 1.617160e-01
191 8.264240e-01 1.149200e-02 1.620840e-01
192 8.262960e-01 1.151600e-02 1.621880e-01
193 8.259720e-01 1.143200e-02 1.625960e-01
194 8.258360e-01 1.134800e-02 1.628160e-01
195 8.255800e-01 1.129200e-02 1.631280e-01
196 8.255040e-01 1.111200e-02 1.633840e-01
197 8.253000e-01 1.099200e-02 1.637080e-01
198 8.251640e-01 1.087600e-02 1.639600e-01
199 8.250040e-01 1.076400e-02 1.642320e-01
200 8.247520e-01 1.086800e-02 1.643800e-01
201 8.245920e-01 1.080000e-02 1.646080e-01
202 8.246040e-01 1.059200e-02 1.648040e-01
203 8.245400e-01 1.045600e-02 1.650040e-01
204 8.245840e-01 1.039200e-02 1.650240e-01
205 8.246560e-01 1.016800e-02 1.651760e-01
206 8.246040e-01 1.025600e-02 1.651400e-01
207 8.244840e-01 1.028000e-02 1.652360e-01
208 8.242600e-01 1.022000e-02 1.655200e-01
209 8.240800e-01 1.025600e-02 1.656640e-01
210 8.239320e-01 1.042000e-02 1.656480e-01
211 8.238960e-01 1.038800e-02 1.657160e-01
212 8.236760e-01 1.050800e-02 1.658160e-01
213 8.233240e-01 1.060800e-02 1.660680e-01
214 8.230440e-01 1.070400e-02 1.662520e-01
215 8.232480e-01 1.028800e-02 1.664640e-01
216 8.232280e-01 1.024800e-02 1.665240e-01
217 8.230880e-01 1.020000e-02 1.667120e-01
218 8.231920e-01 9.996000e-03 1.668120e-01
219 8.229720e-01 1.020000e-02 1.668280e-01
220 8.231360e-01 9.928000e-03 1.669360e-01
221 8.231200e-01 9.856000e-03 1.670240e-01
222 8.232120e-01 9.736000e-03 1.670520e-01
223 8.230840e-01 9.872000e-03 1.670440e-01
224 8.231640e-01 9.752000e-03 1.670840e-01
225 8.231280e-01 9.632000e-03 1.672400e-01
226 8.232360e-01 9.624000e-03 1.671400e-01
227 8.233040e-01 9.444000e-03 1.672520e-01
228 8.233520e-01 9.372000e-03 1.672760e-01
229 8.233120e-01 9.416000e-03 1.672720e-01
230 8.233760e-01 9.340000e-03 1.672840e-01
231 8.235320e-01 9.116000e-03 1.673520e-01
232 8.237280e-01 8.860000e-03 1.674120e-01
233 8.238520e-01 8.824000e-03 1.673240e-01
234 8.241480e-01 8.648000e-03 1.672040e-01
235 8.243240e-01 8.684000e-03 1.669920e-01
236 8.243520e-01 8.848000e-03 1.668000e-01
237 8.245160e-01 8.744000e-03 1.667400e-01
238 8.245600e-01 8.612000e-03 1.668280e-01
239 8.247320e-01 8.600000e-03 1.666680e-01
240 8.248480e-01 8.524000e-03 1.666280e-01
241 8.252640e-01 8.488000e-03 1.662480e-01
242 8.255880e-01 8.348000e-03 1.660640e-01
243 8.259120e-01 8.268000e-03 1.658200e-01
244 8.261280e-01 8.088000e-03 1.657840e-01
245 8.264720e-01 8.076000e-03 1.654520e-01
246 8.267800e-01 8.000000e-03 1.652200e-01
247 8.268480e-01 8.116000e-03 1.650360e-01
248 8.270680e-01 8.008000e-03 1.649240e-01
249 8.274040e-01 7.976000e-03 1.646200e-01
250 8.277720e-01 7.892000e-03 1.643360e-01
251 8.280760e-01 7.772000e-03 1.641520e-01
252 8.283680e-01 7.840000e-03 1.637920e-01
253 8.285360e-01 7.804000e-03 1.636600e-01
254 8.289200e-01 7.712000e-03 1.633680e-01
255 8.292160e-01 7.712000e-03 1.630720e-01
256 8.294000e-01 7.800000e-03 1.628000e-01
257 8.296120e-01 7.792000e-03 1.625960e-01
258 8.295880e-01 7.856000e-03 1.625560e-01
259 8.296640e-01 7.952000e-03 1.623840e-01
260 8.298920e-01 7.896000e-03 1.622120e-01
261 8.300480e-01 7.984000e-03 1.619680e-01
262 8.302840e-01 7.960000e-03 1.617560e-01
263 8.303680e-01 8.084000e-03 1.615480e-01
264 8.306120e-01 7.972000e-03 1.614160e-01
265 8.307480e-01 8.008000e-03 1.612440e-01
266 8.306920e-01 8.276000e-03 1.610320e-01
267 8.307880e-01 8.432000e-03 1.607800e-01
268 8.310840e-01 8.528000e-03 1.603880e-01
269 8.311520e-01 8.620000e-03 1.602280e-01
270 8.313040e-01 8.688000e-03 1.600080e-01
271 8.313400e-01 8.788000e-03 1.598720e-01
272 8.313440e-01 8.980000e-03 1.596760e-01
273 8.314320e-01 8.956000e-03 1.596120e-01
274 8.316040e-01 8.800000e-03 1.595960e-01
275 8.317480e-01 8.820000e-03 1.594320e-01
276 8.315560e-01 9.064000e-03 1.593800e-01
277 8.313160e-01 9.216000e-03 1.594680e-01
278 8.314480e-01 9.048000e-03 1.595040e-01
279 8.316160e-01 9.136000e-03 1.592480e-01
280 8.316920e-01 9.124000e-03 1.591840e-01
281 8.317200e-01 9.120000e-03 1.591600e-01
282 8.317560e-01 9.112000e-03 1.591320e-01
283 8.318520e-01 8.992000e-03 1.591560e-01
284 8.319680e-01 9.044000e-03 1.589880e-01
285 8.319720e-01 9.140000e-03 1.588880e-01
286 8.320000e-01 9.216000e-03 1.587840e-01
287 8.319680e-01 9.200000e-03 1.588320e-01
288 8.319160e-01 9.256000e-03 1.588280e-01
289 8.317120e-01 9.436000e-03 1.588520e-01
290 8.315040e-01 9.464000e-03 1.590320e-01
291 8.314960e-01 9.476000e-03 1.590280e-01
292 8.312760e-01 9.560000e-03 1.591640e-01
293 8.311480e-01 9.504000e-03 1.593480e-01
294 8.311040e-01 9.532000e-03 1.593640e-01
295 8.311200e-01 9.344000e-03 1.595360e-01
296 8.310000e-01 9.384000e-03 1.596160e-01
297 8.309440e-01 9.376000e-03 1.596800e-01
298 8.307600e-01 9.460000e-03 1.597800e-01
299 8.307800e-01 9.544000e-03 1.596760e-01
300 8.306040e-01 9.504000e-03 1.598920e-01
301 8.305680e-01 9.468000e-03 1.599640e-01
302 8.305920e-01 9.460000e-03 1.599480e-01
303 8.306640e-01 9.492000e-03 1.598440e-01
304 8.305880e-01 9.444000e-03 1.599680e-01
305 8.304560e-01 9.420000e-03 1.601240e-01
306 8.305600e-01 9.376000e-03 1.600640e-01
307 8.306000e-01 9.256000e-03 1.601440e-01
308 8.308120e-01 9.116000e-03 1.600720e-01
309 8.310520e-01 8.856000e-03 1.600920e-01
310 8.310400e-01 8.868000e-03 1.600920e-01
311 8.311360e-01 8.828000e-03 1.600360e-01
312 8.313760e-01 8.648000e-03 1.599760e-01
313 8.317160e-01 8.392000e-03 1.598920e-01
314 8.317320e-01 8.380000e-03 1.598880e-01
315 8.317920e-01 8.356000e-03 1.598520e-01
316 8.319440e-01 8.400000e-03 1.596560e-01
317 8.320080e-01 8.452000e-03 1.595400e-01
318 8.324160e-01 8.268000e-03 1.593160e-01
319 8.326360e-01 8.272000e-03 1.590920e-01
320 8.326480e-01 8.228000e-03 1.591240e-01
321 8.328640e-01 8.236000e-03 1.589000e-01
322 8.330200e-01 8.372000e-03 1.586080e-01
323 8.331800e-01 8.516000e-03 1.583040e-01
324 8.331920e-01 8.700000e-03 1.581080e-01
325 8.335560e-01 8.576000e-03 1.578680e-01
326 8.336400e-01 8.592000e-03 1.577680e-01
327 8.337160e-01 8.504000e-03 1.577800e-01
328 8.338280e-01 8.556000e-03 1.576160e-01
329 8.342360e-01 8.520000e-03 1.572440e-01
330 8.342440e-01 8.696000e-03 1.570600e-01
331 8.343920e-01 8.508000e-03 1.571000e-01
332 8.344320e-01 8.620000e-03 1.569480e-01
333 8.346040e-01 8.564000e-03 1.568320e-01
334 8.347040e-01 8.548000e-03 1.567480e-01
335 8.350120e-01 8.372000e-03 1.566160e-01
336 8.351880e-01 8.324000e-03 1.564880e-01
337 8.351240e-01 8.420000e-03 1.564560e-01
338 8.352280e-01 8.392000e-03 1.563800e-01
339 8.353640e-01 8.260000e-03 1.563760e-01
340 8.355720e-01 8.184000e-03 1.562440e-01
341 8.356440e-01 8.160000e-03 1.561960e-01
342 8.356200e-01 8.208000e-03 1.561720e-01
343 8.359720e-01 7.948000e-03 1.560800e-01
344 8.360520e-01 8.056000e-03 1.558920e-01
345 8.362480e-01 8.072000e-03 1.556800e-01
346 8.365240e-01 8.108000e-03 1.553680e-01
347 8.367480e-01 8.224000e-03 1.550280e-01
348 8.366960e-01 8.320000e-03 1.549840e-01
349 8.367360e-01 8.388000e-03 1.548760e-01
350 8.368200e-01 8.564000e-03 1.546160e-01
351 8.369200e-01 8.580000e-03 1.545000e-01
352 8.368000e-01 8.736000e-03 1.544640e-01
353 8.367840e-01 8.772000e-03 1.544440e-01
354 8.370280e-01 8.756000e-03 1.542160e-01
355 8.370400e-01 8.768000e-03 1.541920e-01
356 8.370760e-01 8.824000e-03 1.541000e-01
357 8.371760e-01 8.844000e-03 1.539800e-01
358 8.371320e-01 8.808000e-03 1.540600e-01
359 8.372880e-01 8.732000e-03 1.539800e-01
360 8.374000e-01 8.624000e-03 1.539760e-01
361 8.376600e-01 8.468000e-03 1.538720e-01
362 8.377160e-01 8.408000e-03 1.538760e-01
363 8.377800e-01 8.360000e-03 1.538600e-01
364 8.379640e-01 8.248000e-03 1.537880e-01
365 8.380200e-01 8.152000e-03 1.538280e-01
366 8.380720e-01 8.192000e-03 1.537360e-01
367 8.381520e-01 8.296000e-03 1.535520e-01
368 8.383680e-01 8.288000e-03 1.533440e-01
369 8.385560e-01 8.096000e-03 1.533480e-01
370 8.385680e-01 8.132000e-03 1.533000e-01
371 8.385920e-01 8.128000e-03 1.532800e-01
372 8.385800e-01 8.260000e-03 1.531600e-01
373 8.388680e-01 8.180000e-03 1.529520e-01
374 8.390120e-01 7.996000e-03 1.529920e-01
375 8.391640e-01 7.776000e-03 1.530600e-01
376 8.393200e-01 7.768000e-03 1.529120e-01
377 8.397200e-01 7.456000e-03 1.528240e-01
378 8.398360e-01 7.400000e-03 1.527640e-01
379 8.401320e-01 7.300000e-03 1.525680e-01
380 8.404920e-01 7.292000e-03 1.522160e-01
381 8.406960e-01 7.348000e-03 1.519560e-01
382 8.410440e-01 7.212000e-03 1.517440e-01
383 8.413760e-01 7.224000e-03 1.514000e-01
384 8.415360e-01 7.332000e-03 1.511320e-01
385 8.416960e-01 7.468000e-03 1.508360e-01
386 8.417800e-01 7.528000e-03 1.506920e-01
387 8.420360e-01 7.452000e-03 1.505120e-01
388 8.422720e-01 7.484000e-03 1.502440e-01
389 8.425240e-01 7.408000e-03 1.500680e-01
390 8.426160e-01 7.440000e-03 1.499440e-01
391 8.427520e-01 7.384000e-03 1.498640e-01
392 8.430480e-01 7.192000e-03 1.497600e-01
393 8.433720e-01 7.184000e-03 1.494440e-01
394 8.436560e-01 7.200000e-03 1.491440e-01
395 8.438000e-01 7.336000e-03 1.488640e-01
396 8.442120e-01 7.132000e-03 1.486560e-01
397 8.444840e-01 7.192000e-03 1.483240e-01
398 8.446880e-01 7.184000e-03 1.481280e-01
399 8.449440e-01 7.252000e-03 1.478040e-01
400 8.451440e-01 7.260000e-03 1.475960e-01
401 8.454520e-01 7.436000e-03 1.471120e-01
402 8.456480e-01 7.368000e-03 1.469840e-01
403 8.458280e-01 7.404000e-03 1.467680e-01
404 8.457640e-01 7.388000e-03 1.468480e-01
405 8.458720e-01 7.224000e-03 1.469040e-01
406 8.461960e-01 7.128000e-03 1.466760e-01
407 8.463440e-01 7.148000e-03 1.465080e-01
408 8.467720e-01 7.052000e-03 1.461760e-01
409 8.470400e-01 6.880000e-03 1.460800e-01
410 8.474040e-01 6.868000e-03 1.457280e-01
411 8.477400e-01 6.784000e-03 1.454760e-01
412 8.479280e-01 6.864000e-03 1.452080e-01
413 8.482440e-01 6.792000e-03 1.449640e-01
414 8.486920e-01 6.704000e-03 1.446040e-01
415 8.491440e-01 6.596000e-03 1.442600e-01
416 8.492960e-01 6.480000e-03 1.442240e-01
417 8.493600e-01 6.612000e-03 1.440280e-01
418 8.495760e-01 6.648000e-03 1.437760e-01
419 8.497280e-01 6.868000e-03 1.434040e-01
420 8.497960e-01 7.048000e-03 1.431560e-01
421 8.499680e-01 7.000000e-03 1.430320e-01
422 8.500680e-01 7.172000e-03 1.427600e-01
423 8.501640e-01 7.196000e-03 1.426400e-01
424 8.503640e-01 7.284000e-03 1.423520e-01
425 8.505480e-01 7.360000e-03 1.420920e-01
426 8.505200e-01 7.508000e-03 1.419720e-01
427 8.506600e-01 7.548000e-03 1.417920e-01
428 8.508680e-01 7.620000e-03 1.415120e-01
429 8.509880e-01 7.584000e-03 1.414280e-01
430 8.512480e-01 7.436000e-03 1.413160e-01
431 8.514040e-01 7.416000e-03 1.411800e-01
432 8.517040e-01 7.344000e-03 1.409520e-01
433 8.520080e-01 7.264000e-03 1.407280e-01
434 8.521760e-01 7.296000e-03 1.405280e-01
435 8.522720e-01 7.288000e-03 1.404400e-01
436 8.522960e-01 7.268000e-03 1.404360e-01
437 8.524920e-01 7.344000e-03 1.401640e-01
438 8.527240e-01 7.220000e-03 1.400560e-01
439 8.527840e-01 7.276000e-03 1.399400e-01
440 8.530440e-01 7.172000e-03 1.397840e-01
441 8.532880e-01 7.100000e-03 1.396120e-01
442 8.536720e-01 7.108000e-03 1.392200e-01
443 8.540320e-01 6.936000e-03 1.390320e-01
444 8.543000e-01 6.972000e-03 1.387280e-01
445 8.545800e-01 6.976000e-03 1.384440e-01
446 8.547920e-01 6.844000e-03 1.383640e-01
447 8.549800e-01 6.856000e-03 1.381640e-01
448 8.552240e-01 6.844000e-03 1.379320e-01
449 8.554560e-01 6.804000e-03 1.377400e-01
450 8.556040e-01 6.720000e-03 1.376760e-01
451 8.555080e-01 6.744000e-03 1.377480e-01
452 8.556800e-01 6.660000e-03 1.376600e-01
453 8.559440e-01 6.540000e-03 1.375160e-01
454 8.561920e-01 6.496000e-03 1.373120e-01
455 8.565800e-01 6.404000e-03 1.370160e-01
456 8.569160e-01 6.332000e-03 1.367520e-01
457 8.572200e-01 6.280000e-03 1.365000e-01
458 8.575920e-01 6.108000e-03 1.363000e-01
459 8.578040e-01 6.176000e-03 1.360200e-01
460 8.580240e-01 6.144000e-03 1.358320e-01
461 8.582760e-01 6.048000e-03 1.356760e-01
462 8.585800e-01 5.976000e-03 1.354440e-01
463 8.589360e-01 5.900000e-03 1.351640e-01
464 8.593800e-01 5.748000e-03 1.348720e-01
465 8.597880e-01 5.800000e-03 1.344120e-01
466 8.601720e-01 5.608000e-03 1.342200e-01
467 8.603360e-01 5.644000e-03 1.340200e-01
468 8.606000e-01 5.696000e-03 1.337040e-01
469 8.608920e-01 5.772000e-03 1.333360e-01
470 8.611800e-01 5.784000e-03 1.330360e-01
471 8.615560e-01 5.672000e-03 1.327720e-01
472 8.619120e-01 5.584000e-03 1.325040e-01
473 8.624840e-01 5.396000e-03 1.321200e-01
474 8.628920e-01 5.384000e-03 1.317240e-01
475 8.632520e-01 5.364000e-03 1.313840e-01
476 8.638400e-01 5.168000e-03 1.309920e-01
477 8.643240e-01 5.100000e-03 1.305760e-01
478 8.646600e-01 4.956000e-03 1.303840e-01
479 8.650400e-01 4.984000e-03 1.299760e-01
480 8.654440e-01 4.872000e-03 1.296840e-01
481 8.658920e-01 4.856000e-03 1.292520e-01
482 8.663320e-01 4.800000e-03 1.288680e-01
483 8.669360e-01 4.812000e-03 1.282520e-01
484 8.673320e-01 4.808000e-03 1.278600e-01
485 8.677120e-01 4.768000e-03 1.275200e-01
486 8.681360e-01 4.736000e-03 1.271280e-01
487 8.687320e-01 4.544000e-03 1.267240e-01
488 8.691320e-01 4.488000e-03 1.263800e-01
489 8.694960e-01 4.504000e-03 1.260000e-01
490 8.699440e-01 4.456000e-03 1.256000e-01
491 8.704480e-01 4.512000e-03 1.250400e-01
492 8.709840e-01 4.364000e-03 1.246520e-01
493 8.715000e-01 4.260000e-03 1.242400e-01
494 8.718840e-01 4.188000e-03 1.239280e-01
495 8.723840e-01 4.184000e-03 1.234320e-01
496 8.728440e-01 4.204000e-03 1.229520e-01
497 8.734400e-01 4.160000e-03 1.224000e-01
498 8.738640e-01 4.220000e-03 1.219160e-01
499 8.744000e-01 4.252000e-03 1.213480e-01
500 8.748640e-01 4.272000e-03 1.208640e-01
501 8.752040e-01 4.320000e-03 1.204760e-01
502 8.755400e-01 4.392000e-03 1.200680e-01
503 8.759080e-01 4.420000e-03 1.196720e-01
504 8.761080e-01 4.460000e-03 1.194320e-01
505 8.765040e-01 4.592000e-03 1.189040e-01
506 8.768120e-01 4.604000e-03 1.185840e-01
507 8.770360e-01 4.560000e-03 1.184040e-01
508 8.774200e-01 4.448000e-03 1.181320e-01
509 8.777760e-01 4.500000e-03 1.177240e-01
510 8.781600e-01 4.520000e-03 1.173200e-01
511 8.784440e-01 4.524000e-03 1.170320e-01
512 8.789040e-01 4.452000e-03 1.166440e-01
513 8.793600e-01 4.388000e-03 1.162520e-01
514 8.796520e-01 4.400000e-03 1.159480e-01
515 8.799640e-01 4.444000e-03 1.155920e-01
516 8.803760e-01 4.344000e-03 1.152800e-01
517 8.806680e-01 4.380000e-03 1.149520e-01
518 8.812240e-01 4.356000e-03 1.144200e-01
519 8.815400e-01 4.440000e-03 1.140200e-01
520 8.817960e-01 4.384000e-03 1.138200e-01
521 8.821400e-01 4.404000e-03 1.134560e-01
522 8.826120e-01 4.412000e-03 1.129760e-01
523 8.827880e-01 4.488000e-03 1.127240e-01
524 8.830400e-01 4.468000e-03 1.124920e-01
525 8.834520e-01 4.396000e-03 1.121520e-01
526 8.838800e-01 4.428000e-03 1.116920e-01
527 8.842520e-01 4.416000e-03 1.113320e-01
528 8.844760e-01 4.488000e-03 1.110360e-01
529 8.848400e-01 4.520000e-03 1.106400e-01
530 8.851880e-01 4.584000e-03 1.102280e-01
531 8.855600e-01 4.544000e-03 1.098960e-01
532 8.857560e-01 4.620000e-03 1.096240e-01
533 8.860560e-01 4.720000e-03 1.092240e-01
534 8.860720e-01 4.776000e-03 1.091520e-01
535 8.862240e-01 4.788000e-03 1.089880e-01
536 8.863120e-01 4.956000e-03 1.087320e-01
537 8.865640e-01 5.048000e-03 1.083880e-01
538 8.867600e-01 4.968000e-03 1.082720e-01
539 8.870440e-01 4.876000e-03 1.080800e-01
540 8.872640e-01 4.880000e-03 1.078560e-01
541 8.876560e-01 4.640000e-03 1.077040e-01
542 8.880720e-01 4.596000e-03 1.073320e-01
543 8.883200e-01 4.488000e-03 1.071920e-01
544 8.887000e-01 4.380000e-03 1.069200e-01
545 8.889560e-01 4.344000e-03 1.067000e-01
546 8.893480e-01 4.316000e-03 1.063360e-01
547 8.897320e-01 4.248000e-03 1.060200e-01
548 8.901440e-01 4.276000e-03 1.055800e-01
549 8.905360e-01 4.228000e-03 1.052360e-01
550 8.907680e-01 4.132000e-03 1.051000e-01
551 8.909920e-01 4.152000e-03 1.048560e-01
552 8.912680e-01 4.088000e-03 1.046440e-01
553 8.916760e-01 3.976000e-03 1.043480e-01
554 8.920520e-01 3.920000e-03 1.040280e-01
555 8.924360e-01 3.872000e-03 1.036920e-01
556 8.927240e-01 3.892000e-03 1.033840e-01
557 8.929680e-01 3.896000e-03 1.031360e-01
558 8.934200e-01 3.772000e-03 1.028080e-01
559 8.938800e-01 3.756000e-03 1.023640e-01
560 8.942160e-01 3.796000e-03 1.019880e-01
561 8.944960e-01 3.864000e-03 1.016400e-01
562 8.947680e-01 3.864000e-03 1.013680e-01
563 8.949760e-01 3.884000e-03 1.011400e-01
564 8.952280e-01 3.944000e-03 1.008280e-01
565 8.954840e-01 3.956000e-03 1.005600e-01
566 8.957880e-01 3.964000e-03 1.002480e-01
567 8.961640e-01 3.964000e-03 9.987200e-02
568 8.963680e-01 4.072000e-03 9.956000e-02
569 8.966480e-01 4.048000e-03 9.930400e-02
570 8.970240e-01 4.004000e-03 9.897200e-02
571 8.973560e-01 3.972000e-03 9.867200e-02
572 8.976160e-01 4.072000e-03 9.831200e-02
573 8.978640e-01 4.096000e-03 9.804000e-02
574 8.981040e-01 4.032000e-03 9.786400e-02
575 8.982360e-01 4.096000e-03 9.766800e-02
576 8.982840e-01 4.160000e-03 9.755600e-02
577 8.984000e-01 4.276000e-03 9.732400e-02
578 8.985480e-01 4.284000e-03 9.716800e-02
579 8.988600e-01 4.204000e-03 9.693600e-02
580 8.992080e-01 4.108000e-03 9.668400e-02
581 8.994120e-01 4.132000e-03 9.645600e-02
582 8.998000e-01 4.136000e-03 9.606400e-02
583 9.000440e-01 4.084000e-03 9.587200e-02
584 9.003680e-01 4.056000e-03 9.557600e-02
585 9.006360e-01 4.048000e-03 9.531600e-02
586 9.009200e-01 3.940000e-03 9.514000e-02
587 9.012160e-01 3.916000e-03 9.486800e-02
588 9.016000e-01 3.772000e-03 9.462800e-02
589 9.020240e-01 3.680000e-03 9.429600e-02
590 9.023680e-01 3.696000e-03 9.393600e-02
591 9.026000e-01 3.688000e-03 9.371200e-02
592 9.029200e-01 3.660000e-03 9.342000e-02
593 9.031920e-01 3.756000e-03 9.305200e-02
594 9.035000e-01 3.708000e-03 9.279200e-02
595 9.036400e-01 3.800000e-03 9.256000e-02
596 9.038240e-01 3.800000e-03 9.237600e-02
597 9.040320e-01 3.784000e-03 9.218400e-02
598 9.042760e-01 3.804000e-03 9.192000e-02
599 9.045560e-01 3.768000e-03 9.167600e-02
600 9.047840e-01 3.808000e-03 9.140800e-02
601 9.048960e-01 3.836000e-03 9.126800e-02
602 9.051080e-01 3.828000e-03 9.106400e-02
603 9.053600e-01 3.796000e-03 9.084400e-02
604 9.056520e-01 3.676000e-03 9.067200e-02
605 9.059520e-01 3.708000e-03 9.034000e-02
606 9.061400e-01 3.868000e-03 8.999200e-02
607 9.063440e-01 3.876000e-03 8.978000e-02
608 9.066400e-01 3.888000e-03 8.947200e-02
609 9.069320e-01 3.780000e-03 8.928800e-02
610 9.072640e-01 3.728000e-03 8.900800e-02
611 9.075160e-01 3.676000e-03 8.880800e-02
612 9.077640e-01 3.704000e-03 8.853200e-02
613 9.079520e-01 3.752000e-03 8.829600e-02
614 9.080720e-01 3.884000e-03 8.804400e-02
615 9.081760e-01 3.888000e-03 8.793600e-02
616 9.083080e-01 3.948000e-03 8.774400e-02
617 9.085840e-01 3.840000e-03 8.757600e-02
618 9.087080e-01 3.892000e-03 8.740000e-02
619 9.089280e-01 3.768000e-03 8.730400e-02
620 9.092000e-01 3.748000e-03 8.705200e-02
621 9.096000e-01 3.616000e-03 8.678400e-02
622 9.098640e-01 3.588000e-03 8.654800e-02
623 9.100520e-01 3.652000e-03 8.629600e-02
624 9.102800e-01 3.712000e-03 8.600800e-02
625 9.105120e-01 3.696000e-03 8.579200e-02
626 9.107120e-01 3.772000e-03 8.551600e-02
627 9.109920e-01 3.700000e-03 8.530800e-02
628 9.112120e-01 3.704000e-03 8.508400e-02
629 9.113960e-01 3.724000e-03 8.488000e-02
630 9.117640e-01 3.652000e-03 8.458400e-02
631 9.120240e-01 3.684000e-03 8.429200e-02
632 9.123080e-01 3.708000e-03 8.398400e-02
633 9.124080e-01 3.708000e-03 8.388400e-02
634 9.127160e-01 3.524000e-03 8.376000e-02
635 9.129840e-01 3.436000e-03 8.358000e-02
636 9.131520e-01 3.384000e-03 8.346400e-02
637 9.134240e-01 3.328000e-03 8.324800e-02
638 9.136480e-01 3.340000e-03 8.301200e-02
639 9.138720e-01 3.360000e-03 8.276800e-02
640 9.142400e-01 3.360000e-03 8.240000e-02
641 9.144680e-01 3.348000e-03 8.218400e-02
642 9.146360e-01 3.276000e-03 8.208800e-02
643 9.148400e-01 3.292000e-03 8.186800e-02
644 9.151240e-01 3.268000e-03 8.160800e-02
645 9.153520e-01 3.116000e-03 8.153200e-02
646 9.156680e-01 3.052000e-03 8.128000e-02
647 9.160040e-01 3.064000e-03 8.093200e-02
648 9.161960e-01 3.104000e-03 8.070000e-02
649 9.165920e-01 3.112000e-03 8.029600e-02
650 9.168480e-01 2.988000e-03 8.016400e-02
651 9.170800e-01 3.036000e-03 7.988400e-02
652 9.173360e-01 3.068000e-03 7.959600e-02
653 9.177240e-01 3.008000e-03 7.926800e-02
654 9.179640e-01 2.952000e-03 7.908400e-02
655 9.183480e-01 2.920000e-03 7.873200e-02
656 9.186840e-01 2.812000e-03 7.850400e-02
657 9.189840e-01 2.760000e-03 7.825600e-02
658 9.192400e-01 2.752000e-03 7.800800e-02
659 9.195560e-01 2.780000e-03 7.766400e-02
660 9.199160e-01 2.724000e-03 7.736000e-02
661 9.202720e-01 2.616000e-03 7.711200e-02
662 9.206000e-01 2.628000e-03 7.677200e-02
663 9.209000e-01 2.612000e-03 7.648800e-02
664 9.212160e-01 2.540000e-03 7.624400e-02
665 9.215840e-01 2.508000e-03 7.590800e-02
666 9.220840e-01 2.352000e-03 7.556400e-02
667 9.225040e-01 2.408000e-03 7.508800e-02
668 9.226920e-01 2.444000e-03 7.486400e-02
669 9.230080e-01 2.464000e-03 7.452800e-02
670 9.232000e-01 2.516000e-03 7.428400e-02
671 9.235000e-01 2.572000e-03 7.392800e-02
672 9.238520e-01 2.584000e-03 7.356400e-02
673 9.242160e-01 2.520000e-03 7.326400e-02
674 9.245480e-01 2.432000e-03 7.302000e-02
675 9.249320e-01 2.392000e-03 7.267600e-02
676 9.252960e-01 2.376000e-03 7.232800e-02
677 9.255640e-01 2.404000e-03 7.203200e-02
678 9.257160e-01 2.432000e-03 7.185200e-02
679 9.258560e-01 2.576000e-03 7.156800e-02
680 9.259880e-01 2.652000e-03 7.136000e-02
681 9.262240e-01 2.604000e-03 7.117200e-02
682 9.264080e-01 2.612000e-03 7.098000e-02
683 9.266320e-01 2.632000e-03 7.073600e-02
684 9.269080e-01 2.552000e-03 7.054000e-02
685 9.270600e-01 2.576000e-03 7.036400e-02
686 9.273840e-01 2.504000e-03 7.011200e-02
687 9.276600e-01 2.492000e-03 6.984800e-02
688 9.279080e-01 2.460000e-03 6.963200e-02
689 9.280920e-01 2.464000e-03 6.944400e-02
690 9.283000e-01 2.376000e-03 6.932400e-02
691 9.286320e-01 2.368000e-03 6.900000e-02
692 9.288720e-01 2.436000e-03 6.869200e-02
693 9.291520e-01 2.452000e-03 6.839600e-02
694 9.294360e-01 2.460000e-03 6.810400e-02
695 9.296160e-01 2.488000e-03 6.789600e-02
696 9.298080e-01 2.496000e-03 6.769600e-02
697 9.300360e-01 2.440000e-03 6.752400e-02
698 9.302920e-01 2.384000e-03 6.732400e-02
699 9.304040e-01 2.468000e-03 6.712800e-02
700 9.307080e-01 2.388000e-03 6.690400e-02
701 9.309280e-01 2.428000e-03 6.664400e-02
702 9.312680e-01 2.412000e-03 6.632000e-02
703 9.315760e-01 2.368000e-03 6.605600e-02
704 9.317040e-01 2.452000e-03 6.584400e-02
705 9.318480e-01 2.416000e-03 6.573600e-02
706 9.320520e-01 2.416000e-03 6.553200e-02
707 9.321360e-01 2.404000e-03 6.546000e-02
708 9.323960e-01 2.472000e-03 6.513200e-02
709 9.326880e-01 2.340000e-03 6.497200e-02
710 9.329240e-01 2.324000e-03 6.475200e-02
711 9.332320e-01 2.272000e-03 6.449600e-02
712 9.335160e-01 2.212000e-03 6.427200e-02
713 9.338040e-01 2.268000e-03 6.392800e-02
714 9.339600e-01 2.304000e-03 6.373600e-02
715 9.342480e-01 2.252000e-03 6.350000e-02
716 9.345360e-01 2.228000e-03 6.323600e-02
717 9.347760e-01 2.240000e-03 6.298400e-02
718 9.350040e-01 2.220000e-03 6.277600e-02
719 9.352360e-01 2.252000e-03 6.251200e-02
720 9.354720e-01 2.260000e-03 6.226800e-02
721 9.358240e-01 2.292000e-03 6.188400e-02
722 9.360880e-01 2.228000e-03 6.168400e-02
723 9.363360e-01 2.236000e-03 6.142800e-02
724 9.365680e-01 2.268000e-03 6.116400e-02
725 9.369520e-01 2.192000e-03 6.085600e-02
726 9.371960e-01 2.136000e-03 6.066800e-02
727 9.373280e-01 2.188000e-03 6.048400e-02
728 9.374720e-01 2.264000e-03 6.026400e-02
729 9.376000e-01 2.352000e-03 6.004800e-02
730 9.377640e-01 2.372000e-03 5.986400e-02
731 9.380160e-01 2.392000e-03 5.959200e-02
732 9.383360e-01 2.396000e-03 5.926800e-02
733 9.384200e-01 2.448000e-03 5.913200e-02
734 9.386280e-01 2.372000e-03 5.900000e-02
735 9.389280e-01 2.368000e-03 5.870400e-02
736 9.390600e-01 2.384000e-03 5.855600e-02
737 9.392360e-01 2.340000e-03 5.842400e-02
738 9.393480e-01 2.420000e-03 5.823200e-02
739 9.395240e-01 2.420000e-03 5.805600e-02
740 9.396840e-01 2.404000e-03 5.791200e-02
741 9.398840e-01 2.332000e-03 5.778400e-02
742 9.401360e-01 2.232000e-03 5.763200e-02
743 9.403720e-01 2.212000e-03 5.741600e-02
744 9.405560e-01 2.184000e-03 5.726000e-02
745 9.408040e-01 2.096000e-03 5.710000e-02
746 9.409720e-01 2.008000e-03 5.702000e-02
747 9.411960e-01 2.012000e-03 5.679200e-02
748 9.412880e-01 2.088000e-03 5.662400e-02
749 9.413600e-01 2.176000e-03 5.646400e-02
750 9.415040e-01 2.188000e-03 5.630800e-02
751 9.417200e-01 2.236000e-03 5.604400e-02
752 9.417920e-01 2.344000e-03 5.586400e-02
753 9.419080e-01 2.384000e-03 5.570800e-02
754 9.420760e-01 2.484000e-03 5.544000e-02
755 9.421680e-01 2.512000e-03 5.532000e-02
756 9.422640e-01 2.380000e-03 5.535600e-02
757 9.423560e-01 2.412000e-03 5.523200e-02
758 9.424880e-01 2.404000e-03 5.510800e-02
759 9.427440e-01 2.396000e-03 5.486000e-02
760 9.428120e-01 2.424000e-03 5.476400e-02
761 9.429000e-01 2.440000e-03 5.466000e-02
762 9.430760e-01 2.404000e-03 5.452000e-02
763 9.431360e-01 2.476000e-03 5.438800e-02
764 9.432840e-01 2.376000e-03 5.434000e-02
765 9.433080e-01 2.404000e-03 5.428800e-02
766 9.434720e-01 2.316000e-03 5.421200e-02
767 9.436560e-01 2.284000e-03 5.406000e-02
768 9.438000e-01 2.224000e-03 5.397600e-02
769 9.439440e-01 2.220000e-03 5.383600e-02
770 9.440320e-01 2.332000e-03 5.363600e-02
771 9.441480e-01 2.368000e-03 5.348400e-02
772 9.442360e-01 2.432000e-03 5.333200e-02
773 9.443640e-01 2.436000e-03 5.320000e-02
774 9.444200e-01 2.464000e-03 5.311600e-02
775 9.445720e-01 2.424000e-03 5.300400e-02
776 9.446280e-01 2.404000e-03 5.296800e-02
777 9.447280e-01 2.420000e-03 5.285200e-02
778 9.448240e-01 2.412000e-03 5.276400e-02
779 9.448360e-01 2.424000e-03 5.274000e-02
780 9.450880e-01 2.296000e-03 5.261600e-02
781 9.451720e-01 2.308000e-03 5.252000e-02
782 9.453480e-01 2.288000e-03 5.236400e-02
783 9.455160e-01 2.272000e-03 5.221200e-02
784 9.456800e-01 2.196000e-03 5.212400e-02
785 9.459360e-01 2.132000e-03 5.193200e-02
786 9.460920e-01 2.072000e-03 5.183600e-02
787 9.462000e-01 2.132000e-03 5.166800e-02
788 9.464040e-01 2.072000e-03 5.152400e-02
789 9.465840e-01 2.060000e-03 5.135600e-02
790 9.467280e-01 2.116000e-03 5.115600e-02
791 9.468840e-01 2.076000e-03 5.104000e-02
792 9.470040e-01 2.068000e-03 5.092800e-02
793 9.471320e-01 2.080000e-03 5.078800e-02
794 9.473360e-01 2.028000e-03 5.063600e-02
795 9.475520e-01 1.888000e-03 5.056000e-02
796 9.476960e-01 1.936000e-03 5.036800e-02
797 9.478640e-01 1.884000e-03 5.025200e-02
798 9.479960e-01 1.900000e-03 5.010400e-02
799 9.482320e-01 1.844000e-03 4.992400e-02
800 9.483640e-01 1.912000e-03 4.972400e-02
801 9.486160e-01 1.836000e-03 4.954800e-02
802 9.488680e-01 1.764000e-03 4.936800e-02
803 9.490120e-01 1.716000e-03 4.927200e-02
804 9.492120e-01 1.652000e-03 4.913600e-02
805 9.494440e-01 1.624000e-03 4.893200e-02
806 9.496640e-01 1.592000e-03 4.874400e-02
807 9.498600e-01 1.640000e-03 4.850000e-02
808 9.500280e-01 1.612000e-03 4.836000e-02
809 9.502200e-01 1.568000e-03 4.821200e-02
810 9.503200e-01 1.644000e-03 4.803600e-02
811 9.504440e-01 1.700000e-03 4.785600e-02
812 9.505800e-01 1.732000e-03 4.768800e-02
813 9.506320e-01 1.764000e-03 4.760400e-02
814 9.507600e-01 1.788000e-03 4.745200e-02
815 9.509560e-01 1.748000e-03 4.729600e-02
816 9.511120e-01 1.752000e-03 4.713600e-02
817 9.511880e-01 1.780000e-03 4.703200e-02
818 9.513840e-01 1.708000e-03 4.690800e-02
819 9.516040e-01 1.660000e-03 4.673600e-02
820 9.516840e-01 1.652000e-03 4.666400e-02
821 9.518520e-01 1.636000e-03 4.651200e-02
822 9.520040e-01 1.624000e-03 4.637200e-02
823 9.522720e-01 1.576000e-03 4.615200e-02
824 9.525120e-01 1.544000e-03 4.594400e-02
825 9.526960e-01 1.544000e-03 4.576000e-02
826 9.527280e-01 1.588000e-03 4.568400e-02
827 9.527920e-01 1.672000e-03 4.553600e-02
828 9.529200e-01 1.656000e-03 4.542400e-02
829 9.530400e-01 1.704000e-03 4.525600e-02
830 9.530320e-01 1.848000e-03 4.512000e-02
831 9.531120e-01 1.816000e-03 4.507200e-02
832 9.531720e-01 1.880000e-03 4.494800e-02
833 9.532600e-01 1.880000e-03 4.486000e-02
834 9.532600e-01 1.908000e-03 4.483200e-02
835 9.533760e-01 1.880000e-03 4.474400e-02
836 9.535480e-01 1.812000e-03 4.464000e-02
837 9.536760e-01 1.776000e-03 4.454800e-02
838 9.538640e-01 1.720000e-03 4.441600e-02
839 9.540080e-01 1.692000e-03 4.430000e-02
840 9.541160e-01 1.712000e-03 4.417200e-02
841 9.543320e-01 1.688000e-03 4.398000e-02
842 9.545120e-01 1.668000e-03 4.382000e-02
843 9.546880e-01 1.660000e-03 4.365200e-02
844 9.547920e-01 1.604000e-03 4.360400e-02
845 9.548960e-01 1.528000e-03 4.357600e-02
846 9.550480e-01 1.516000e-03 4.343600e-02
847 9.551920e-01 1.548000e-03 4.326000e-02
848 9.553720e-01 1.548000e-03 4.308000e-02
849 9.555400e-01 1.532000e-03 4.292800e-02
850 9.556840e-01 1.528000e-03 4.278800e-02
851 9.557920e-01 1.552000e-03 4.265600e-02
852 9.559040e-01 1.520000e-03 4.257600e-02
853 9.560080e-01 1.520000e-03 4.247200e-02
854 9.561680e-01 1.520000e-03 4.231200e-02
855 9.563080e-01 1.492000e-03 4.220000e-02
856 9.564680e-01 1.480000e-03 4.205200e-02
857 9.567200e-01 1.396000e-03 4.188400e-02
858 9.568200e-01 1.384000e-03 4.179600e-02
859 9.569880e-01 1.396000e-03 4.161600e-02
860 9.572000e-01 1.320000e-03 4.148000e-02
861 9.573640e-01 1.276000e-03 4.136000e-02
862 9.574960e-01 1.328000e-03 4.117600e-02
863 9.576800e-01 1.356000e-03 4.096400e-02
864 9.578400e-01 1.372000e-03 4.078800e-02
865 9.579880e-01 1.384000e-03 4.062800e-02
866 9.581760e-01 1.340000e-03 4.048400e-02
867 9.583480e-01 1.364000e-03 4.028800e-02
868 9.584520e-01 1.392000e-03 4.015600e-02
869 9.585640e-01 1.424000e-03 4.001200e-02
870 9.586960e-01 1.476000e-03 3.982800e-02
871 9.588360e-01 1.492000e-03 3.967200e-02
872 9.590440e-01 1.408000e-03 3.954800e-02
873 9.592440e-01 1.408000e-03 3.934800e-02
874 9.594880e-01 1.336000e-03 3.917600e-02
875 9.595880e-01 1.416000e-03 3.899600e-02
876 9.597120e-01 1.428000e-03 3.886000e-02
877 9.598360e-01 1.416000e-03 3.874800e-02
878 9.600160e-01 1.380000e-03 3.860400e-02
879 9.602240e-01 1.348000e-03 3.842800e-02
880 9.604480e-01 1.272000e-03 3.828000e-02
881 9.605560e-01 1.312000e-03 3.813200e-02
882 9.607960e-01 1.276000e-03 3.792800e-02
883 9.609840e-01 1.268000e-03 3.774800e-02
884 9.611600e-01 1.216000e-03 3.762400e-02
885 9.613120e-01 1.224000e-03 3.746400e-02
886 9.614760e-01 1.196000e-03 3.732800e-02
887 9.616240e-01 1.208000e-03 3.716800e-02
888 9.618440e-01 1.160000e-03 3.699600e-02
889 9.619840e-01 1.168000e-03 3.684800e-02
890 9.622200e-01 1.144000e-03 3.663600e-02
891 9.623400e-01 1.208000e-03 3.645200e-02
892 9.625280e-01 1.188000e-03 3.628400e-02
893 9.626200e-01 1.140000e-03 3.624000e-02
894 9.627320e-01 1.188000e-03 3.608000e-02
895 9.628560e-01 1.196000e-03 3.594800e-02
896 9.629640e-01 1.240000e-03 3.579600e-02
897 9.630920e-01 1.256000e-03 3.565200e-02
898 9.632400e-01 1.276000e-03 3.548400e-02
899 9.634280e-01 1.232000e-03 3.534000e-02
900 9.635880e-01 1.184000e-03 3.522800e-02
901 9.636400e-01 1.232000e-03 3.512800e-02
902 9.637600e-01 1.208000e-03 3.503200e-02
903 9.639280e-01 1.232000e-03 3.484000e-02
904 9.640640e-01 1.196000e-03 3.474000e-02
905 9.641480e-01 1.264000e-03 3.458800e-02
906 9.641760e-01 1.264000e-03 3.456000e-02
907 9.643200e-01 1.252000e-03 3.442800e-02
908 9.644800e-01 1.304000e-03 3.421600e-02
909 9.645720e-01 1.324000e-03 3.410400e-02
910 9.645680e-01 1.472000e-03 3.396000e-02
911 9.646400e-01 1.444000e-03 3.391600e-02
912 9.646520e-01 1.432000e-03 3.391600e-02
913 9.647480e-01 1.408000e-03 3.384400e-02
914 9.649040e-01 1.392000e-03 3.370400e-02
915 9.649440e-01 1.436000e-03 3.362000e-02
916 9.649480e-01 1.492000e-03 3.356000e-02
917 9.651120e-01 1.488000e-03 3.340000e-02
918 9.651280e-01 1.564000e-03 3.330800e-02
919 9.651880e-01 1.564000e-03 3.324800e-02
920 9.651160e-01 1.584000e-03 3.330000e-02
921 9.651160e-01 1.600000e-03 3.328400e-02
922 9.651600e-01 1.608000e-03 3.323200e-02
923 9.651560e-01 1.620000e-03 3.322400e-02
924 9.652800e-01 1.604000e-03 3.311600e-02
925 9.652440e-01 1.684000e-03 3.307200e-02
926 9.652720e-01 1.760000e-03 3.296800e-02
927 9.652480e-01 1.816000e-03 3.293600e-02
928 9.652520e-01 1.840000e-03 3.290800e-02
929 9.652160e-01 1.928000e-03 3.285600e-02
930 9.652240e-01 1.836000e-03 3.294000e-02
931 9.652280e-01 1.856000e-03 3.291600e-02
932 9.652480e-01 1.872000e-03 3.288000e-02
