1 9.991640e-01 7.400000e-04 9.600000e-05
2 9.986520e-01 1.132000e-03 2.160000e-04
3 9.981880e-01 1.340000e-03 4.720000e-04
4 9.975360e-01 1.732000e-03 7.320000e-04
5 9.969440e-01 2.064000e-03 9.920000e-04
6 9.962200e-01 2.384000e-03 1.396000e-03
7 9.953760e-01 2.724000e-03 1.900000e-03
8 9.945440e-01 3.100000e-03 2.356000e-03
9 9.935840e-01 3.596000e-03 2.820000e-03
10 9.926040e-01 3.936000e-03 3.460000e-03
11 9.916360e-01 4.188000e-03 4.176000e-03
12 9.907400e-01 4.384000e-03 4.876000e-03
13 9.898760e-01 4.504000e-03 5.620000e-03
14 9.890240e-01 4.648000e-03 6.328000e-03
15 9.881800e-01 4.716000e-03 7.104000e-03
16 9.872160e-01 4.940000e-03 7.844000e-03
17 9.861960e-01 5.132000e-03 8.672000e-03
18 9.852680e-01 5.316000e-03 9.416000e-03
19 9.841320e-01 5.640000e-03 1.022800e-02
20 9.830480e-01 5.760000e-03 1.119200e-02
21 9.819120e-01 6.012000e-03 1.207600e-02
22 9.809480e-01 6.140000e-03 1.291200e-02
23 9.798160e-01 6.368000e-03 1.381600e-02
24 9.787640e-01 6.420000e-03 1.481600e-02
25 9.776440e-01 6.588000e-03 1.576800e-02
26 9.765120e-01 6.692000e-03 1.679600e-02
27 9.753720e-01 6.864000e-03 1.776400e-02
28 9.743240e-01 6.924000e-03 1.875200e-02
29 9.733600e-01 6.904000e-03 1.973600e-02
30 9.721560e-01 7.144000e-03 2.070000e-02
31 9.711920e-01 7.144000e-03 2.166400e-02
32 9.700200e-01 7.240000e-03 2.274000e-02
33 9.687080e-01 7.396000e-03 2.389600e-02
34 9.676120e-01 7.440000e-03 2.494800e-02
35 9.666800e-01 7.380000e-03 2.594000e-02
36 9.655400e-01 7.420000e-03 2.704000e-02
37 9.644000e-01 7.552000e-03 2.804800e-02
38 9.631960e-01 7.756000e-03 2.904800e-02
39 9.619800e-01 8.040000e-03 2.998000e-02
40 9.606840e-01 8.320000e-03 3.099600e-02
41 9.593240e-01 8.440000e-03 3.223600e-02
42 9.580800e-01 8.596000e-03 3.332400e-02
43 9.569560e-01 8.692000e-03 3.435200e-02
44 9.555560e-01 8.804000e-03 3.564000e-02
45 9.543200e-01 8.880000e-03 3.680000e-02
46 9.529560e-01 9.048000e-03 3.799600e-02
47 9.516480e-01 9.300000e-03 3.905200e-02
48 9.502600e-01 9.404000e-03 4.033600e-02
49 9.488600e-01 9.680000e-03 4.146000e-02
50 9.476000e-01 9.764000e-03 4.263600e-02
51 9.464760e-01 9.680000e-03 4.384400e-02
52 9.451920e-01 9.896000e-03 4.491200e-02
53 9.436360e-01 1.018800e-02 4.617600e-02
54 9.425600e-01 1.000000e-02 4.744000e-02
55 9.412840e-01 1.012400e-02 4.859200e-02
56 9.398720e-01 1.037200e-02 4.975600e-02
57 9.384600e-01 1.059200e-02 5.094800e-02
58 9.373320e-01 1.029600e-02 5.237200e-02
59 9.358520e-01 1.042800e-02 5.372000e-02
60 9.346080e-01 1.051600e-02 5.487600e-02
61 9.334560e-01 1.046800e-02 5.607600e-02
62 9.320360e-01 1.062800e-02 5.733600e-02
63 9.308120e-01 1.068400e-02 5.850400e-02
64 9.296160e-01 1.067200e-02 5.971200e-02
65 9.283840e-01 1.073600e-02 6.088000e-02
66 9.271960e-01 1.074800e-02 6.205600e-02
67 9.260160e-01 1.074000e-02 6.324400e-02
68 9.249120e-01 1.067600e-02 6.441200e-02
69 9.237280e-01 1.078800e-02 6.548400e-02
70 9.225920e-01 1.077600e-02 6.663200e-02
71 9.216800e-01 1.060800e-02 6.771200e-02
72 9.206440e-01 1.050800e-02 6.884800e-02
73 9.197040e-01 1.041200e-02 6.988400e-02
74 9.189200e-01 1.012400e-02 7.095600e-02
75 9.179400e-01 9.940000e-03 7.212000e-02
76 9.170000e-01 9.944000e-03 7.305600e-02
77 9.161080e-01 1.010800e-02 7.378400e-02
78 9.150480e-01 1.018000e-02 7.477200e-02
79 9.141760e-01 9.976000e-03 7.584800e-02
80 9.133320e-01 9.916000e-03 7.675200e-02
81 9.126840e-01 9.656000e-03 7.766000e-02
82 9.116840e-01 9.872000e-03 7.844400e-02
83 9.106640e-01 1.014000e-02 7.919600e-02
84 9.094840e-01 1.049600e-02 8.002000e-02
85 9.086880e-01 1.041200e-02 8.090000e-02
86 9.077760e-01 1.046400e-02 8.176000e-02
87 9.067920e-01 1.045600e-02 8.275200e-02
88 9.059080e-01 1.038400e-02 8.370800e-02
89 9.049360e-01 1.037600e-02 8.468800e-02
90 9.041720e-01 1.041200e-02 8.541600e-02
91 9.030640e-01 1.058800e-02 8.634800e-02
92 9.019440e-01 1.085600e-02 8.720000e-02
93 9.011160e-01 1.084000e-02 8.804400e-02
94 9.002160e-01 1.080000e-02 8.898400e-02
95 8.995080e-01 1.049200e-02 9.000000e-02
96 8.987520e-01 1.044800e-02 9.080000e-02
97 8.979160e-01 1.053600e-02 9.154800e-02
98 8.971880e-01 1.056000e-02 9.225200e-02
99 8.964520e-01 1.064000e-02 9.290800e-02
100 8.953760e-01 1.087600e-02 9.374800e-02
101 8.943200e-01 1.099600e-02 9.468400e-02
102 8.934040e-01 1.096800e-02 9.562800e-02
103 8.927720e-01 1.055600e-02 9.667200e-02
104 8.919760e-01 1.046400e-02 9.756000e-02
105 8.913960e-01 1.032800e-02 9.827600e-02
106 8.905400e-01 1.039600e-02 9.906400e-02
107 8.897800e-01 1.048400e-02 9.973600e-02
108 8.891840e-01 1.042400e-02 1.003920e-01
109 8.883760e-01 1.048000e-02 1.011440e-01
110 8.876000e-01 1.045200e-02 1.019480e-01
111 8.870000e-01 1.047600e-02 1.025240e-01
112 8.862040e-01 1.059200e-02 1.032040e-01
113 8.855120e-01 1.041600e-02 1.040720e-01
114 8.846600e-01 1.058400e-02 1.047560e-01
115 8.836760e-01 1.068800e-02 1.056360e-01
116 8.829440e-01 1.077200e-02 1.062840e-01
117 8.823360e-01 1.062000e-02 1.070440e-01
118 8.816120e-01 1.087200e-02 1.075160e-01
119 8.808920e-01 1.088000e-02 1.082280e-01
120 8.800920e-01 1.100000e-02 1.089080e-01
121 8.790840e-01 1.107600e-02 1.098400e-01
122 8.783080e-01 1.104400e-02 1.106480e-01
123 8.776160e-01 1.095600e-02 1.114280e-01
124 8.768560e-01 1.100000e-02 1.121440e-01
125 8.761560e-01 1.090400e-02 1.129400e-01
126 8.755560e-01 1.085200e-02 1.135920e-01
127 8.749960e-01 1.072000e-02 1.142840e-01
128 8.746320e-01 1.043200e-02 1.149360e-01
129 8.740320e-01 1.049600e-02 1.154720e-01
130 8.735240e-01 1.052400e-02 1.159520e-01
131 8.730840e-01 1.044400e-02 1.164720e-01
132 8.726560e-01 1.017600e-02 1.171680e-01
133 8.723440e-01 1.004000e-02 1.176160e-01
134 8.720560e-01 9.984000e-03 1.179600e-01
135 8.716600e-01 9.908000e-03 1.184320e-01
136 8.712360e-01 9.924000e-03 1.188400e-01
137 8.708640e-01 9.884000e-03 1.192520e-01
138 8.705160e-01 9.752000e-03 1.197320e-01
139 8.699880e-01 9.936000e-03 1.200760e-01
140 8.696160e-01 9.860000e-03 1.205240e-01
141 8.691520e-01 9.912000e-03 1.209360e-01
142 8.688040e-01 1.001600e-02 1.211800e-01
143 8.683520e-01 9.996000e-03 1.216520e-01
144 8.681040e-01 9.764000e-03 1.221320e-01
145 8.678560e-01 9.668000e-03 1.224760e-01
146 8.675800e-01 9.652000e-03 1.227680e-01
147 8.671000e-01 9.796000e-03 1.231040e-01
148 8.667960e-01 9.652000e-03 1.235520e-01
149 8.664160e-01 9.568000e-03 1.240160e-01
150 8.661120e-01 9.552000e-03 1.243360e-01
151 8.659000e-01 9.440000e-03 1.246600e-01
152 8.657720e-01 9.424000e-03 1.248040e-01
153 8.655000e-01 9.440000e-03 1.250600e-01
154 8.652880e-01 9.400000e-03 1.253120e-01
155 8.648840e-01 9.448000e-03 1.256680e-01
156 8.643320e-01 9.660000e-03 1.260080e-01
157 8.640040e-01 9.564000e-03 1.264320e-01
158 8.636560e-01 9.380000e-03 1.269640e-01
159 8.633040e-01 9.516000e-03 1.271800e-01
160 8.629440e-01 9.504000e-03 1.275520e-01
161 8.624800e-01 9.644000e-03 1.278760e-01
162 8.621200e-01 9.628000e-03 1.282520e-01
163 8.619120e-01 9.596000e-03 1.284920e-01
164 8.617200e-01 9.460000e-03 1.288200e-01
165 8.614800e-01 9.508000e-03 1.290120e-01
166 8.613400e-01 9.340000e-03 1.293200e-01
167 8.610880e-01 9.428000e-03 1.294840e-01
168 8.607880e-01 9.256000e-03 1.299560e-01
169 8.605680e-01 9.308000e-03 1.301240e-01
170 8.603960e-01 9.148000e-03 1.304560e-01
171 8.602720e-01 9.124000e-03 1.306040e-01
172 8.598640e-01 9.092000e-03 1.310440e-01
173 8.597360e-01 8.852000e-03 1.314120e-01
174 8.597320e-01 8.732000e-03 1.315360e-01
175 8.595520e-01 8.624000e-03 1.318240e-01
176 8.592680e-01 8.720000e-03 1.320120e-01
177 8.591440e-01 8.788000e-03 1.320680e-01
178 8.590040e-01 8.744000e-03 1.322520e-01
179 8.588440e-01 8.724000e-03 1.324320e-01
180 8.586720e-01 8.640000e-03 1.326880e-01
181 8.584640e-01 8.720000e-03 1.328160e-01
182 8.583520e-01 8.580000e-03 1.330680e-01
183 8.582120e-01 8.520000e-03 1.332680e-01
184 8.580000e-01 8.648000e-03 1.333520e-01
185 8.579080e-01 8.612000e-03 1.334800e-01
186 8.578840e-01 8.440000e-03 1.336760e-01
187 8.578880e-01 8.300000e-03 1.338120e-01
188 8.578240e-01 8.492000e-03 1.336840e-01
189 8.577280e-01 8.660000e-03 1.336120e-01
190 8.576880e-01 8.648000e-03 1.336640e-01
191 8.576600e-01 8.528000e-03 1.338120e-01
192 8.573560e-01 8.592000e-03 1.340520e-01
193 8.570040e-01 8.656000e-03 1.343400e-01
194 8.567960e-01 8.724000e-03 1.344800e-01
195 8.565960e-01 8.772000e-03 1.346320e-01
196 8.565360e-01 8.796000e-03 1.346680e-01
197 8.562240e-01 8.596000e-03 1.351800e-01
198 8.560600e-01 8.656000e-03 1.352840e-01
199 8.560320e-01 8.648000e-03 1.353200e-01
200 8.558200e-01 8.656000e-03 1.355240e-01
201 8.558280e-01 8.592000e-03 1.355800e-01
202 8.557440e-01 8.492000e-03 1.357640e-01
203 8.557320e-01 8.320000e-03 1.359480e-01
204 8.558160e-01 8.204000e-03 1.359800e-01
205 8.556920e-01 8.292000e-03 1.360160e-01
206 8.555720e-01 8.456000e-03 1.359720e-01
207 8.554400e-01 8.512000e-03 1.360480e-01
208 8.551400e-01 8.668000e-03 1.361920e-01
209 8.550680e-01 8.680000e-03 1.362520e-01
210 8.547560e-01 8.908000e-03 1.363360e-01
211 8.544160e-01 9.032000e-03 1.365520e-01
212 8.541880e-01 9.100000e-03 1.367120e-01
213 8.541760e-01 9.004000e-03 1.368200e-01
214 8.540080e-01 8.928000e-03 1.370640e-01
215 8.536200e-01 8.976000e-03 1.374040e-01
216 8.534600e-01 9.080000e-03 1.374600e-01
217 8.534280e-01 8.956000e-03 1.376160e-01
218 8.535040e-01 8.740000e-03 1.377560e-01
219 8.534280e-01 8.676000e-03 1.378960e-01
220 8.535360e-01 8.512000e-03 1.379520e-01
221 8.535440e-01 8.520000e-03 1.379360e-01
222 8.533880e-01 8.608000e-03 1.380040e-01
223 8.532080e-01 8.552000e-03 1.382400e-01
224 8.532680e-01 8.460000e-03 1.382720e-01
225 8.533360e-01 8.308000e-03 1.383560e-01
226 8.534480e-01 8.292000e-03 1.382600e-01
227 8.535120e-01 8.100000e-03 1.383880e-01
228 8.537360e-01 7.900000e-03 1.383640e-01
229 8.539040e-01 7.588000e-03 1.385080e-01
230 8.542440e-01 7.344000e-03 1.384120e-01
231 8.543440e-01 7.212000e-03 1.384440e-01
232 8.545160e-01 7.184000e-03 1.383000e-01
233 8.547560e-01 7.144000e-03 1.381000e-01
234 8.548920e-01 7.068000e-03 1.380400e-01
235 8.552280e-01 6.980000e-03 1.377920e-01
236 8.554080e-01 7.052000e-03 1.375400e-01
237 8.557000e-01 7.040000e-03 1.372600e-01
238 8.558920e-01 6.984000e-03 1.371240e-01
239 8.560000e-01 7.140000e-03 1.368600e-01
240 8.560360e-01 7.160000e-03 1.368040e-01
241 8.561880e-01 7.012000e-03 1.368000e-01
242 8.563480e-01 7.080000e-03 1.365720e-01
243 8.565960e-01 6.964000e-03 1.364400e-01
244 8.567640e-01 6.972000e-03 1.362640e-01
245 8.569000e-01 6.936000e-03 1.361640e-01
246 8.570280e-01 7.112000e-03 1.358600e-01
247 8.571200e-01 7.124000e-03 1.357560e-01
248 8.571360e-01 7.092000e-03 1.357720e-01
249 8.573640e-01 7.048000e-03 1.355880e-01
250 8.575120e-01 6.896000e-03 1.355920e-01
251 8.577120e-01 6.724000e-03 1.355640e-01
252 8.579320e-01 6.684000e-03 1.353840e-01
253 8.581800e-01 6.688000e-03 1.351320e-01
254 8.583560e-01 6.760000e-03 1.348840e-01
255 8.585000e-01 6.736000e-03 1.347640e-01
256 8.586760e-01 6.804000e-03 1.345200e-01
257 8.588560e-01 6.864000e-03 1.342800e-01
258 8.590680e-01 6.844000e-03 1.340880e-01
259 8.590560e-01 6.900000e-03 1.340440e-01
260 8.590680e-01 6.996000e-03 1.339360e-01
261 8.590600e-01 7.224000e-03 1.337160e-01
262 8.588960e-01 7.300000e-03 1.338040e-01
263 8.588400e-01 7.272000e-03 1.338880e-01
264 8.590720e-01 7.140000e-03 1.337880e-01
265 8.592640e-01 6.972000e-03 1.337640e-01
266 8.594120e-01 7.080000e-03 1.335080e-01
267 8.594200e-01 7.080000e-03 1.335000e-01
268 8.594960e-01 7.200000e-03 1.333040e-01
269 8.593800e-01 7.312000e-03 1.333080e-01
270 8.593960e-01 7.308000e-03 1.332960e-01
271 8.594200e-01 7.152000e-03 1.334280e-01
272 8.596440e-01 6.948000e-03 1.334080e-01
273 8.599160e-01 6.684000e-03 1.334000e-01
274 8.599920e-01 6.616000e-03 1.333920e-01
275 8.599600e-01 6.756000e-03 1.332840e-01
276 8.600800e-01 6.692000e-03 1.332280e-01
277 8.604000e-01 6.560000e-03 1.330400e-01
278 8.606520e-01 6.488000e-03 1.328600e-01
279 8.608120e-01 6.280000e-03 1.329080e-01
280 8.609240e-01 6.304000e-03 1.327720e-01
281 8.611000e-01 6.352000e-03 1.325480e-01
282 8.612560e-01 6.360000e-03 1.323840e-01
283 8.614200e-01 6.364000e-03 1.322160e-01
284 8.614200e-01 6.496000e-03 1.320840e-01
285 8.614280e-01 6.624000e-03 1.319480e-01
286 8.614400e-01 6.792000e-03 1.317680e-01
287 8.614880e-01 6.832000e-03 1.316800e-01
288 8.615840e-01 6.852000e-03 1.315640e-01
289 8.617440e-01 6.928000e-03 1.313280e-01
290 8.618640e-01 7.104000e-03 1.310320e-01
291 8.618000e-01 7.076000e-03 1.311240e-01
292 8.619040e-01 7.068000e-03 1.310280e-01
293 8.619240e-01 7.084000e-03 1.309920e-01
294 8.619600e-01 7.172000e-03 1.308680e-01
295 8.620560e-01 7.260000e-03 1.306840e-01
296 8.619520e-01 7.284000e-03 1.307640e-01
297 8.619560e-01 7.136000e-03 1.309080e-01
298 8.619240e-01 7.220000e-03 1.308560e-01
299 8.620120e-01 7.184000e-03 1.308040e-01
300 8.619440e-01 7.396000e-03 1.306600e-01
301 8.619720e-01 7.364000e-03 1.306640e-01
302 8.620080e-01 7.336000e-03 1.306560e-01
303 8.619800e-01 7.416000e-03 1.306040e-01
304 8.618560e-01 7.608000e-03 1.305360e-01
305 8.617720e-01 7.604000e-03 1.306240e-01
306 8.617720e-01 7.572000e-03 1.306560e-01
307 8.618440e-01 7.492000e-03 1.306640e-01
308 8.618440e-01 7.520000e-03 1.306360e-01
309 8.617640e-01 7.504000e-03 1.307320e-01
310 8.617040e-01 7.476000e-03 1.308200e-01
311 8.616640e-01 7.364000e-03 1.309720e-01
312 8.617080e-01 7.416000e-03 1.308760e-01
313 8.617880e-01 7.324000e-03 1.308880e-01
314 8.617280e-01 7.312000e-03 1.309600e-01
315 8.617280e-01 7.312000e-03 1.309600e-01
316 8.618200e-01 7.160000e-03 1.310200e-01
317 8.618160e-01 7.212000e-03 1.309720e-01
318 8.617680e-01 7.328000e-03 1.309040e-01
319 8.619720e-01 7.096000e-03 1.309320e-01
320 8.622400e-01 6.908000e-03 1.308520e-01
321 8.622520e-01 6.912000e-03 1.308360e-01
322 8.622840e-01 6.948000e-03 1.307680e-01
323 8.624000e-01 6.972000e-03 1.306280e-01
324 8.624240e-01 7.036000e-03 1.305400e-01
325 8.625200e-01 6.976000e-03 1.305040e-01
326 8.626200e-01 6.912000e-03 1.304680e-01
327 8.628560e-01 6.888000e-03 1.302560e-01
328 8.628240e-01 6.748000e-03 1.304280e-01
329 8.627880e-01 6.876000e-03 1.303360e-01
330 8.629480e-01 6.784000e-03 1.302680e-01
331 8.632760e-01 6.568000e-03 1.301560e-01
332 8.636160e-01 6.328000e-03 1.300560e-01
333 8.637680e-01 6.404000e-03 1.298280e-01
334 8.639600e-01 6.388000e-03 1.296520e-01
335 8.639600e-01 6.576000e-03 1.294640e-01
336 8.640000e-01 6.716000e-03 1.292840e-01
337 8.641280e-01 6.796000e-03 1.290760e-01
338 8.643280e-01 6.688000e-03 1.289840e-01
339 8.644920e-01 6.620000e-03 1.288880e-01
340 8.644400e-01 6.632000e-03 1.289280e-01
341 8.647760e-01 6.600000e-03 1.286240e-01
342 8.648800e-01 6.544000e-03 1.285760e-01
343 8.650960e-01 6.520000e-03 1.283840e-01
344 8.653640e-01 6.424000e-03 1.282120e-01
345 8.655720e-01 6.448000e-03 1.279800e-01
346 8.657560e-01 6.392000e-03 1.278520e-01
347 8.661280e-01 6.340000e-03 1.275320e-01
348 8.664280e-01 6.204000e-03 1.273680e-01
349 8.667080e-01 6.180000e-03 1.271120e-01
350 8.666960e-01 6.208000e-03 1.270960e-01
351 8.668400e-01 6.176000e-03 1.269840e-01
352 8.670600e-01 6.248000e-03 1.266920e-01
353 8.672360e-01 6.212000e-03 1.265520e-01
354 8.675280e-01 6.136000e-03 1.263360e-01
355 8.676280e-01 6.220000e-03 1.261520e-01
356 8.678240e-01 6.208000e-03 1.259680e-01
357 8.679440e-01 6.396000e-03 1.256600e-01
358 8.679480e-01 6.556000e-03 1.254960e-01
359 8.679560e-01 6.572000e-03 1.254720e-01
360 8.680600e-01 6.632000e-03 1.253080e-01
361 8.681400e-01 6.548000e-03 1.253120e-01
362 8.681520e-01 6.540000e-03 1.253080e-01
363 8.681440e-01 6.668000e-03 1.251880e-01
364 8.681360e-01 6.708000e-03 1.251560e-01
365 8.682040e-01 6.692000e-03 1.251040e-01
366 8.682800e-01 6.692000e-03 1.250280e-01
367 8.685040e-01 6.640000e-03 1.248560e-01
368 8.685680e-01 6.604000e-03 1.248280e-01
369 8.687840e-01 6.652000e-03 1.245640e-01
370 8.689080e-01 6.800000e-03 1.242920e-01
371 8.690280e-01 6.740000e-03 1.242320e-01
372 8.691760e-01 6.728000e-03 1.240960e-01
373 8.692160e-01 6.728000e-03 1.240560e-01
374 8.694120e-01 6.636000e-03 1.239520e-01
375 8.693680e-01 6.664000e-03 1.239680e-01
376 8.694040e-01 6.644000e-03 1.239520e-01
377 8.694920e-01 6.640000e-03 1.238680e-01
378 8.697680e-01 6.524000e-03 1.237080e-01
379 8.699400e-01 6.548000e-03 1.235120e-01
380 8.701680e-01 6.444000e-03 1.233880e-01
381 8.703520e-01 6.296000e-03 1.233520e-01
382 8.705160e-01 6.248000e-03 1.232360e-01
383 8.707400e-01 6.260000e-03 1.230000e-01
384 8.710760e-01 6.088000e-03 1.228360e-01
385 8.711480e-01 6.192000e-03 1.226600e-01
386 8.713600e-01 6.196000e-03 1.224440e-01
387 8.716360e-01 6.044000e-03 1.223200e-01
388 8.719400e-01 6.064000e-03 1.219960e-01
389 8.720640e-01 6.056000e-03 1.218800e-01
390 8.723240e-01 5.912000e-03 1.217640e-01
391 8.724440e-01 5.892000e-03 1.216640e-01
392 8.727920e-01 5.876000e-03 1.213320e-01
393 8.728920e-01 5.952000e-03 1.211560e-01
394 8.731880e-01 5.888000e-03 1.209240e-01
395 8.733880e-01 5.780000e-03 1.208320e-01
396 8.737120e-01 5.688000e-03 1.206000e-01
397 8.739200e-01 5.764000e-03 1.203160e-01
398 8.740880e-01 5.724000e-03 1.201880e-01
399 8.743760e-01 5.660000e-03 1.199640e-01
400 8.745720e-01 5.636000e-03 1.197920e-01
401 8.746400e-01 5.732000e-03 1.196280e-01
402 8.748320e-01 5.816000e-03 1.193520e-01
403 8.749880e-01 5.880000e-03 1.191320e-01
404 8.750960e-01 5.900000e-03 1.190040e-01
405 8.752320e-01 5.912000e-03 1.188560e-01
406 8.755240e-01 5.844000e-03 1.186320e-01
407 8.757120e-01 5.824000e-03 1.184640e-01
408 8.758840e-01 5.816000e-03 1.183000e-01
409 8.760400e-01 5.768000e-03 1.181920e-01
410 8.763320e-01 5.660000e-03 1.180080e-01
411 8.765360e-01 5.644000e-03 1.178200e-01
412 8.767840e-01 5.516000e-03 1.177000e-01
413 8.769160e-01 5.492000e-03 1.175920e-01
414 8.772920e-01 5.272000e-03 1.174360e-01
415 8.776280e-01 5.172000e-03 1.172000e-01
416 8.778160e-01 5.276000e-03 1.169080e-01
417 8.780080e-01 5.168000e-03 1.168240e-01
418 8.783880e-01 5.216000e-03 1.163960e-01
419 8.787320e-01 5.140000e-03 1.161280e-01
420 8.789120e-01 5.260000e-03 1.158280e-01
421 8.789600e-01 5.340000e-03 1.157000e-01
422 8.791040e-01 5.264000e-03 1.156320e-01
423 8.793440e-01 5.260000e-03 1.153960e-01
424 8.794240e-01 5.372000e-03 1.152040e-01
425 8.795640e-01 5.460000e-03 1.149760e-01
426 8.797360e-01 5.448000e-03 1.148160e-01
427 8.799360e-01 5.308000e-03 1.147560e-01
428 8.802240e-01 5.176000e-03 1.146000e-01
429 8.803320e-01 5.324000e-03 1.143440e-01
430 8.804840e-01 5.288000e-03 1.142280e-01
431 8.808560e-01 5.044000e-03 1.141000e-01
432 8.809400e-01 5.176000e-03 1.138840e-01
433 8.810800e-01 5.196000e-03 1.137240e-01
434 8.812760e-01 5.104000e-03 1.136200e-01
435 8.814240e-01 5.184000e-03 1.133920e-01
436 8.817720e-01 5.084000e-03 1.131440e-01
437 8.819320e-01 5.108000e-03 1.129600e-01
438 8.822800e-01 5.060000e-03 1.126600e-01
439 8.826280e-01 4.952000e-03 1.124200e-01
440 8.829520e-01 4.872000e-03 1.121760e-01
441 8.832360e-01 4.796000e-03 1.119680e-01
442 8.834200e-01 4.780000e-03 1.118000e-01
443 8.838200e-01 4.564000e-03 1.116160e-01
444 8.842160e-01 4.408000e-03 1.113760e-01
445 8.846800e-01 4.304000e-03 1.110160e-01
446 8.850000e-01 4.212000e-03 1.107880e-01
447 8.853280e-01 4.196000e-03 1.104760e-01
448 8.856080e-01 4.240000e-03 1.101520e-01
449 8.858360e-01 4.316000e-03 1.098480e-01
450 8.862440e-01 4.360000e-03 1.093960e-01
451 8.865640e-01 4.380000e-03 1.090560e-01
452 8.868480e-01 4.448000e-03 1.087040e-01
453 8.870920e-01 4.332000e-03 1.085760e-01
454 8.872720e-01 4.424000e-03 1.083040e-01
455 8.873440e-01 4.464000e-03 1.081920e-01
456 8.876120e-01 4.476000e-03 1.079120e-01
457 8.879640e-01 4.428000e-03 1.076080e-01
458 8.883120e-01 4.380000e-03 1.073080e-01
459 8.886600e-01 4.392000e-03 1.069480e-01
460 8.889400e-01 4.440000e-03 1.066200e-01
461 8.892360e-01 4.480000e-03 1.062840e-01
462 8.894840e-01 4.588000e-03 1.059280e-01
463 8.898040e-01 4.508000e-03 1.056880e-01
464 8.897360e-01 4.680000e-03 1.055840e-01
465 8.897280e-01 4.780000e-03 1.054920e-01
466 8.900120e-01 4.792000e-03 1.051960e-01
467 8.902120e-01 4.884000e-03 1.049040e-01
468 8.904800e-01 4.720000e-03 1.048000e-01
469 8.906760e-01 4.768000e-03 1.045560e-01
470 8.908680e-01 4.820000e-03 1.043120e-01
471 8.911240e-01 4.824000e-03 1.040520e-01
472 8.914080e-01 4.692000e-03 1.039000e-01
473 8.917280e-01 4.596000e-03 1.036760e-01
474 8.919720e-01 4.508000e-03 1.035200e-01
475 8.922080e-01 4.552000e-03 1.032400e-01
476 8.924800e-01 4.520000e-03 1.030000e-01
477 8.928040e-01 4.472000e-03 1.027240e-01
478 8.931720e-01 4.348000e-03 1.024800e-01
479 8.933760e-01 4.372000e-03 1.022520e-01
480 8.937920e-01 4.264000e-03 1.019440e-01
481 8.939320e-01 4.320000e-03 1.017480e-01
482 8.942040e-01 4.280000e-03 1.015160e-01
483 8.947280e-01 4.156000e-03 1.011160e-01
484 8.949840e-01 4.204000e-03 1.008120e-01
485 8.952840e-01 4.192000e-03 1.005240e-01
486 8.954840e-01 4.164000e-03 1.003520e-01
487 8.957640e-01 4.208000e-03 1.000280e-01
488 8.959120e-01 4.264000e-03 9.982400e-02
489 8.961320e-01 4.280000e-03 9.958800e-02
490 8.964080e-01 4.272000e-03 9.932000e-02
491 8.966920e-01 4.284000e-03 9.902400e-02
492 8.968320e-01 4.348000e-03 9.882000e-02
493 8.970760e-01 4.416000e-03 9.850800e-02
494 8.971760e-01 4.524000e-03 9.830000e-02
495 8.974240e-01 4.456000e-03 9.812000e-02
496 8.976320e-01 4.400000e-03 9.796800e-02
497 8.978280e-01 4.472000e-03 9.770000e-02
498 8.980320e-01 4.428000e-03 9.754000e-02
499 8.982680e-01 4.288000e-03 9.744400e-02
500 8.984640e-01 4.272000e-03 9.726400e-02
501 8.985680e-01 4.352000e-03 9.708000e-02
502 8.986360e-01 4.388000e-03 9.697600e-02
503 8.988600e-01 4.488000e-03 9.665200e-02
504 8.989320e-01 4.512000e-03 9.655600e-02
505 8.991760e-01 4.424000e-03 9.640000e-02
506 8.994360e-01 4.400000e-03 9.616400e-02
507 8.996440e-01 4.452000e-03 9.590400e-02
508 8.997200e-01 4.460000e-03 9.582000e-02
509 8.999240e-01 4.524000e-03 9.555200e-02
510 9.000440e-01 4.604000e-03 9.535200e-02
511 9.002320e-01 4.620000e-03 9.514800e-02
512 9.004720e-01 4.576000e-03 9.495200e-02
513 9.006440e-01 4.508000e-03 9.484800e-02
514 9.006920e-01 4.564000e-03 9.474400e-02
515 9.009040e-01 4.548000e-03 9.454800e-02
516 9.010720e-01 4.492000e-03 9.443600e-02
517 9.013520e-01 4.484000e-03 9.416400e-02
518 9.014000e-01 4.404000e-03 9.419600e-02
519 9.015040e-01 4.420000e-03 9.407600e-02
520 9.015520e-01 4.516000e-03 9.393200e-02
521 9.017320e-01 4.488000e-03 9.378000e-02
522 9.018760e-01 4.500000e-03 9.362400e-02
523 9.021200e-01 4.468000e-03 9.341200e-02
524 9.023600e-01 4.444000e-03 9.319600e-02
525 9.025200e-01 4.508000e-03 9.297200e-02
526 9.026680e-01 4.384000e-03 9.294800e-02
527 9.027480e-01 4.400000e-03 9.285200e-02
528 9.029960e-01 4.364000e-03 9.264000e-02
529 9.032480e-01 4.256000e-03 9.249600e-02
530 9.034600e-01 4.208000e-03 9.233200e-02
531 9.036680e-01 4.164000e-03 9.216800e-02
532 9.037400e-01 4.224000e-03 9.203600e-02
533 9.039240e-01 4.124000e-03 9.195200e-02
534 9.040360e-01 4.172000e-03 9.179200e-02
535 9.042520e-01 4.148000e-03 9.160000e-02
536 9.042240e-01 4.424000e-03 9.135200e-02
537 9.043360e-01 4.412000e-03 9.125200e-02
538 9.044240e-01 4.624000e-03 9.095200e-02
539 9.046080e-01 4.564000e-03 9.082800e-02
540 9.046080e-01 4.628000e-03 9.076400e-02
541 9.046200e-01 4.676000e-03 9.070400e-02
542 9.047400e-01 4.764000e-03 9.049600e-02
543 9.048600e-01 4.876000e-03 9.026400e-02
544 9.049120e-01 4.888000e-03 9.020000e-02
545 9.049120e-01 4.808000e-03 9.028000e-02
546 9.051280e-01 4.744000e-03 9.012800e-02
547 9.049800e-01 4.820000e-03 9.020000e-02
548 9.051240e-01 4.832000e-03 9.004400e-02
549 9.051200e-01 4.848000e-03 9.003200e-02
550 9.050960e-01 4.776000e-03 9.012800e-02
551 9.050520e-01 4.852000e-03 9.009600e-02
552 9.050520e-01 4.852000e-03 9.009600e-02
553 9.051560e-01 4.952000e-03 8.989200e-02
554 9.051120e-01 4.968000e-03 8.992000e-02
555 9.051840e-01 5.048000e-03 8.976800e-02
556 9.052640e-01 4.916000e-03 8.982000e-02
557 9.052680e-01 5.068000e-03 8.966400e-02
558 9.053840e-01 4.956000e-03 8.966000e-02
559 9.053880e-01 4.924000e-03 8.968800e-02
560 9.053800e-01 4.980000e-03 8.964000e-02
561 9.053800e-01 4.948000e-03 8.967200e-02
562 9.054120e-01 4.824000e-03 8.976400e-02
563 9.055520e-01 4.808000e-03 8.964000e-02
564 9.057040e-01 4.772000e-03 8.952400e-02
565 9.058600e-01 4.736000e-03 8.940400e-02
566 9.059840e-01 4.684000e-03 8.933200e-02
567 9.061040e-01 4.708000e-03 8.918800e-02
568 9.062600e-01 4.532000e-03 8.920800e-02
569 9.064320e-01 4.428000e-03 8.914000e-02
570 9.064920e-01 4.584000e-03 8.892400e-02
571 9.065360e-01 4.596000e-03 8.886800e-02
572 9.066680e-01 4.544000e-03 8.878800e-02
573 9.067320e-01 4.564000e-03 8.870400e-02
574 9.070200e-01 4.500000e-03 8.848000e-02
575 9.069840e-01 4.596000e-03 8.842000e-02
576 9.071160e-01 4.552000e-03 8.833200e-02
577 9.073000e-01 4.524000e-03 8.817600e-02
578 9.072480e-01 4.596000e-03 8.815600e-02
579 9.072280e-01 4.404000e-03 8.836800e-02
580 9.072000e-01 4.452000e-03 8.834800e-02
581 9.073440e-01 4.444000e-03 8.821200e-02
582 9.074960e-01 4.380000e-03 8.812400e-02
583 9.075560e-01 4.448000e-03 8.799600e-02
584 9.077160e-01 4.460000e-03 8.782400e-02
585 9.078200e-01 4.464000e-03 8.771600e-02
586 9.080240e-01 4.376000e-03 8.760000e-02
587 9.081440e-01 4.396000e-03 8.746000e-02
588 9.081680e-01 4.384000e-03 8.744800e-02
589 9.083360e-01 4.308000e-03 8.735600e-02
590 9.085600e-01 4.284000e-03 8.715600e-02
591 9.087320e-01 4.268000e-03 8.700000e-02
592 9.089440e-01 4.220000e-03 8.683600e-02
593 9.090200e-01 4.276000e-03 8.670400e-02
594 9.092480e-01 4.232000e-03 8.652000e-02
595 9.092520e-01 4.420000e-03 8.632800e-02
596 9.093840e-01 4.492000e-03 8.612400e-02
597 9.094240e-01 4.476000e-03 8.610000e-02
598 9.094320e-01 4.564000e-03 8.600400e-02
599 9.096200e-01 4.540000e-03 8.584000e-02
600 9.097000e-01 4.528000e-03 8.577200e-02
601 9.098160e-01 4.572000e-03 8.561200e-02
602 9.097760e-01 4.600000e-03 8.562400e-02
603 9.099000e-01 4.640000e-03 8.546000e-02
604 9.099600e-01 4.608000e-03 8.543200e-02
605 9.100040e-01 4.580000e-03 8.541600e-02
606 9.100960e-01 4.548000e-03 8.535600e-02
607 9.101720e-01 4.528000e-03 8.530000e-02
608 9.101320e-01 4.476000e-03 8.539200e-02
609 9.103160e-01 4.404000e-03 8.528000e-02
610 9.104200e-01 4.368000e-03 8.521200e-02
611 9.104240e-01 4.416000e-03 8.516000e-02
612 9.104800e-01 4.356000e-03 8.516400e-02
613 9.106120e-01 4.380000e-03 8.500800e-02
614 9.107680e-01 4.260000e-03 8.497200e-02
615 9.108800e-01 4.288000e-03 8.483200e-02
616 9.110480e-01 4.184000e-03 8.476800e-02
617 9.111360e-01 4.124000e-03 8.474000e-02
618 9.112760e-01 4.232000e-03 8.449200e-02
619 9.112280e-01 4.280000e-03 8.449200e-02
620 9.113280e-01 4.292000e-03 8.438000e-02
621 9.113800e-01 4.320000e-03 8.430000e-02
622 9.114960e-01 4.280000e-03 8.422400e-02
623 9.116400e-01 4.368000e-03 8.399200e-02
624 9.117360e-01 4.408000e-03 8.385600e-02
625 9.118480e-01 4.384000e-03 8.376800e-02
626 9.120320e-01 4.352000e-03 8.361600e-02
627 9.121200e-01 4.224000e-03 8.365600e-02
628 9.122200e-01 4.272000e-03 8.350800e-02
629 9.121880e-01 4.180000e-03 8.363200e-02
630 9.123120e-01 4.184000e-03 8.350400e-02
631 9.125720e-01 4.168000e-03 8.326000e-02
632 9.126280e-01 4.160000e-03 8.321200e-02
633 9.127560e-01 4.180000e-03 8.306400e-02
634 9.127640e-01 4.328000e-03 8.290800e-02
635 9.127320e-01 4.448000e-03 8.282000e-02
636 9.129080e-01 4.336000e-03 8.275600e-02
637 9.129360e-01 4.344000e-03 8.272000e-02
638 9.131800e-01 4.192000e-03 8.262800e-02
639 9.132720e-01 4.156000e-03 8.257200e-02
640 9.134800e-01 4.032000e-03 8.248800e-02
641 9.136360e-01 4.080000e-03 8.228400e-02
642 9.138760e-01 3.996000e-03 8.212800e-02
643 9.139360e-01 4.068000e-03 8.199600e-02
644 9.139080e-01 4.100000e-03 8.199200e-02
645 9.140880e-01 4.080000e-03 8.183200e-02
646 9.140720e-01 4.124000e-03 8.180400e-02
647 9.139480e-01 4.292000e-03 8.176000e-02
648 9.139920e-01 4.292000e-03 8.171600e-02
649 9.140200e-01 4.308000e-03 8.167200e-02
650 9.140640e-01 4.388000e-03 8.154800e-02
651 9.140680e-01 4.464000e-03 8.146800e-02
652 9.141120e-01 4.528000e-03 8.136000e-02
653 9.141960e-01 4.432000e-03 8.137200e-02
654 9.142560e-01 4.412000e-03 8.133200e-02
655 9.144440e-01 4.388000e-03 8.116800e-02
656 9.145520e-01 4.368000e-03 8.108000e-02
657 9.145520e-01 4.324000e-03 8.112400e-02
658 9.146480e-01 4.292000e-03 8.106000e-02
659 9.146200e-01 4.352000e-03 8.102800e-02
660 9.148360e-01 4.316000e-03 8.084800e-02
661 9.148840e-01 4.316000e-03 8.080000e-02
662 9.149560e-01 4.276000e-03 8.076800e-02
663 9.149360e-01 4.392000e-03 8.067200e-02
664 9.150040e-01 4.364000e-03 8.063200e-02
665 9.151200e-01 4.240000e-03 8.064000e-02
666 9.153000e-01 4.044000e-03 8.065600e-02
667 9.154480e-01 3.928000e-03 8.062400e-02
668 9.154800e-01 4.004000e-03 8.051600e-02
669 9.155840e-01 4.120000e-03 8.029600e-02
670 9.157080e-01 4.108000e-03 8.018400e-02
671 9.157120e-01 4.156000e-03 8.013200e-02
672 9.156760e-01 4.188000e-03 8.013600e-02
673 9.156960e-01 4.376000e-03 7.992800e-02
674 9.157480e-01 4.364000e-03 7.988800e-02
675 9.157400e-01 4.384000e-03 7.987600e-02
676 9.157440e-01 4.500000e-03 7.975600e-02
677 9.159400e-01 4.476000e-03 7.958400e-02
678 9.160520e-01 4.424000e-03 7.952400e-02
679 9.159560e-01 4.448000e-03 7.959600e-02
680 9.159720e-01 4.400000e-03 7.962800e-02
681 9.161240e-01 4.240000e-03 7.963600e-02
682 9.162520e-01 4.184000e-03 7.956400e-02
683 9.163520e-01 4.104000e-03 7.954400e-02
684 9.162520e-01 4.176000e-03 7.957200e-02
685 9.163600e-01 4.200000e-03 7.944000e-02
686 9.164880e-01 4.148000e-03 7.936400e-02
687 9.166600e-01 4.028000e-03 7.931200e-02
688 9.167840e-01 3.996000e-03 7.922000e-02
689 9.169080e-01 3.972000e-03 7.912000e-02
690 9.168680e-01 4.100000e-03 7.903200e-02
691 9.169680e-01 4.104000e-03 7.892800e-02
692 9.171160e-01 4.124000e-03 7.876000e-02
693 9.171680e-01 4.036000e-03 7.879600e-02
694 9.172440e-01 4.056000e-03 7.870000e-02
695 9.173480e-01 4.004000e-03 7.864800e-02
696 9.174880e-01 3.956000e-03 7.855600e-02
697 9.175320e-01 3.880000e-03 7.858800e-02
698 9.175600e-01 3.756000e-03 7.868400e-02
699 9.176800e-01 3.800000e-03 7.852000e-02
700 9.178400e-01 3.828000e-03 7.833200e-02
701 9.179520e-01 3.852000e-03 7.819600e-02
702 9.180960e-01 3.828000e-03 7.807600e-02
703 9.181520e-01 3.832000e-03 7.801600e-02
704 9.182520e-01 3.864000e-03 7.788400e-02
705 9.183520e-01 3.872000e-03 7.777600e-02
706 9.184480e-01 3.888000e-03 7.766400e-02
707 9.186040e-01 3.860000e-03 7.753600e-02
708 9.187440e-01 3.756000e-03 7.750000e-02
709 9.188560e-01 3.696000e-03 7.744800e-02
710 9.190480e-01 3.700000e-03 7.725200e-02
711 9.191920e-01 3.636000e-03 7.717200e-02
712 9.193480e-01 3.636000e-03 7.701600e-02
713 9.194760e-01 3.696000e-03 7.682800e-02
714 9.197720e-01 3.556000e-03 7.667200e-02
715 9.199240e-01 3.452000e-03 7.662400e-02
716 9.201360e-01 3.336000e-03 7.652800e-02
717 9.203560e-01 3.352000e-03 7.629200e-02
718 9.205720e-01 3.388000e-03 7.604000e-02
719 9.208120e-01 3.392000e-03 7.579600e-02
720 9.209880e-01 3.376000e-03 7.563600e-02
721 9.210640e-01 3.276000e-03 7.566000e-02
722 9.211600e-01 3.384000e-03 7.545600e-02
723 9.212880e-01 3.284000e-03 7.542800e-02
724 9.213560e-01 3.324000e-03 7.532000e-02
725 9.214800e-01 3.348000e-03 7.517200e-02
726 9.216200e-01 3.420000e-03 7.496000e-02
727 9.217480e-01 3.504000e-03 7.474800e-02
728 9.217360e-01 3.572000e-03 7.469200e-02
729 9.218640e-01 3.424000e-03 7.471200e-02
730 9.219000e-01 3.452000e-03 7.464800e-02
731 9.219600e-01 3.480000e-03 7.456000e-02
732 9.220080e-01 3.504000e-03 7.448800e-02
733 9.220400e-01 3.616000e-03 7.434400e-02
734 9.221400e-01 3.648000e-03 7.421200e-02
735 9.221520e-01 3.744000e-03 7.410400e-02
736 9.223480e-01 3.636000e-03 7.401600e-02
737 9.224960e-01 3.544000e-03 7.396000e-02
738 9.225440e-01 3.608000e-03 7.384800e-02
739 9.226880e-01 3.624000e-03 7.368800e-02
740 9.227000e-01 3.660000e-03 7.364000e-02
741 9.227560e-01 3.688000e-03 7.355600e-02
742 9.228040e-01 3.640000e-03 7.355600e-02
743 9.229440e-01 3.632000e-03 7.342400e-02
744 9.229640e-01 3.632000e-03 7.340400e-02
745 9.230520e-01 3.524000e-03 7.342400e-02
746 9.231760e-01 3.464000e-03 7.336000e-02
747 9.232600e-01 3.356000e-03 7.338400e-02
748 9.233400e-01 3.384000e-03 7.327600e-02
749 9.235480e-01 3.324000e-03 7.312800e-02
750 9.236960e-01 3.392000e-03 7.291200e-02
751 9.238080e-01 3.372000e-03 7.282000e-02
752 9.238200e-01 3.412000e-03 7.276800e-02
753 9.238920e-01 3.416000e-03 7.269200e-02
754 9.239200e-01 3.468000e-03 7.261200e-02
755 9.239960e-01 3.512000e-03 7.249200e-02
756 9.240480e-01 3.440000e-03 7.251200e-02
757 9.241320e-01 3.460000e-03 7.240800e-02
758 9.240880e-01 3.616000e-03 7.229600e-02
759 9.240760e-01 3.644000e-03 7.228000e-02
760 9.240320e-01 3.760000e-03 7.220800e-02
761 9.241800e-01 3.744000e-03 7.207600e-02
762 9.241920e-01 3.668000e-03 7.214000e-02
763 9.243720e-01 3.612000e-03 7.201600e-02
764 9.243840e-01 3.648000e-03 7.196800e-02
765 9.245480e-01 3.448000e-03 7.200400e-02
766 9.246880e-01 3.544000e-03 7.176800e-02
767 9.248880e-01 3.416000e-03 7.169600e-02
768 9.250160e-01 3.380000e-03 7.160400e-02
769 9.251600e-01 3.444000e-03 7.139600e-02
770 9.253000e-01 3.456000e-03 7.124400e-02
771 9.253840e-01 3.544000e-03 7.107200e-02
772 9.256800e-01 3.392000e-03 7.092800e-02
773 9.257920e-01 3.468000e-03 7.074000e-02
774 9.258480e-01 3.500000e-03 7.065200e-02
775 9.260360e-01 3.424000e-03 7.054000e-02
776 9.260880e-01 3.392000e-03 7.052000e-02
777 9.261560e-01 3.352000e-03 7.049200e-02
778 9.262040e-01 3.508000e-03 7.028800e-02
779 9.260440e-01 3.796000e-03 7.016000e-02
780 9.260120e-01 3.828000e-03 7.016000e-02
781 9.261760e-01 3.804000e-03 7.002000e-02
782 9.260960e-01 3.884000e-03 7.002000e-02
783 9.261000e-01 3.916000e-03 6.998400e-02
784 9.260600e-01 4.012000e-03 6.992800e-02
785 9.260960e-01 4.040000e-03 6.986400e-02
786 9.260560e-01 4.092000e-03 6.985200e-02
787 9.261040e-01 4.052000e-03 6.984400e-02
788 9.260960e-01 3.964000e-03 6.994000e-02
789 9.260320e-01 4.084000e-03 6.988400e-02
790 9.260080e-01 4.000000e-03 6.999200e-02
791 9.260520e-01 4.064000e-03 6.988400e-02
792 9.259880e-01 4.000000e-03 7.001200e-02
793 9.259040e-01 4.104000e-03 6.999200e-02
794 9.260520e-01 3.916000e-03 7.003200e-02
795 9.260600e-01 3.884000e-03 7.005600e-02
796 9.260600e-01 3.844000e-03 7.009600e-02
797 9.260760e-01 3.936000e-03 6.998800e-02
798 9.261200e-01 4.024000e-03 6.985600e-02
799 9.262280e-01 4.036000e-03 6.973600e-02
800 9.260760e-01 4.188000e-03 6.973600e-02
801 9.260080e-01 4.228000e-03 6.976400e-02
802 9.259200e-01 4.308000e-03 6.977200e-02
803 9.257840e-01 4.284000e-03 6.993200e-02
804 9.256960e-01 4.244000e-03 7.006000e-02
805 9.257480e-01 4.144000e-03 7.010800e-02
806 9.255760e-01 4.308000e-03 7.011600e-02
807 9.256200e-01 4.256000e-03 7.012400e-02
808 9.256440e-01 4.372000e-03 6.998400e-02
809 9.255840e-01 4.376000e-03 7.004000e-02
810 9.255680e-01 4.240000e-03 7.019200e-02
811 9.257120e-01 4.084000e-03 7.020400e-02
812 9.256360e-01 4.256000e-03 7.010800e-02
813 9.257760e-01 4.276000e-03 6.994800e-02
814 9.255800e-01 4.324000e-03 7.009600e-02
815 9.255640e-01 4.232000e-03 7.020400e-02
816 9.256160e-01 4.188000e-03 7.019600e-02
817 9.257840e-01 4.076000e-03 7.014000e-02
818 9.255800e-01 4.176000e-03 7.024400e-02
819 9.254800e-01 4.152000e-03 7.036800e-02
820 9.255440e-01 4.108000e-03 7.034800e-02
821 9.254960e-01 4.132000e-03 7.037200e-02
822 9.254240e-01 4.172000e-03 7.040400e-02
823 9.253200e-01 4.140000e-03 7.054000e-02
824 9.253120e-01 4.192000e-03 7.049600e-02
825 9.252400e-01 4.320000e-03 7.044000e-02
826 9.253360e-01 4.184000e-03 7.048000e-02
827 9.253560e-01 4.120000e-03 7.052400e-02
828 9.254400e-01 4.148000e-03 7.041200e-02
829 9.253920e-01 4.168000e-03 7.044000e-02
830 9.252920e-01 4.132000e-03 7.057600e-02
831 9.253360e-01 4.164000e-03 7.050000e-02
832 9.252760e-01 4.292000e-03 7.043200e-02
833 9.252800e-01 4.328000e-03 7.039200e-02
834 9.251720e-01 4.292000e-03 7.053600e-02
835 9.251240e-01 4.192000e-03 7.068400e-02
836 9.252360e-01 4.104000e-03 7.066000e-02
837 9.251640e-01 4.104000e-03 7.073200e-02
838 9.252320e-01 4.092000e-03 7.067600e-02
839 9.252000e-01 4.096000e-03 7.070400e-02
840 9.250560e-01 4.248000e-03 7.069600e-02
841 9.249480e-01 4.296000e-03 7.075600e-02
842 9.247680e-01 4.424000e-03 7.080800e-02
843 9.245720e-01 4.432000e-03 7.099600e-02
844 9.244840e-01 4.500000e-03 7.101600e-02
845 9.244000e-01 4.500000e-03 7.110000e-02
846 9.242160e-01 4.572000e-03 7.121200e-02
847 9.240880e-01 4.496000e-03 7.141600e-02
848 9.240200e-01 4.564000e-03 7.141600e-02
849 9.240600e-01 4.528000e-03 7.141200e-02
850 9.238240e-01 4.604000e-03 7.157200e-02
851 9.237520e-01 4.624000e-03 7.162400e-02
852 9.236600e-01 4.528000e-03 7.181200e-02
853 9.237000e-01 4.504000e-03 7.179600e-02
854 9.236520e-01 4.396000e-03 7.195200e-02
855 9.235480e-01 4.360000e-03 7.209200e-02
856 9.235800e-01 4.240000e-03 7.218000e-02
857 9.234000e-01 4.384000e-03 7.221600e-02
858 9.234640e-01 4.368000e-03 7.216800e-02
859 9.233800e-01 4.340000e-03 7.228000e-02
860 9.234200e-01 4.264000e-03 7.231600e-02
861 9.234440e-01 4.200000e-03 7.235600e-02
862 9.233640e-01 4.216000e-03 7.242000e-02
863 9.232520e-01 4.232000e-03 7.251600e-02
864 9.233120e-01 4.140000e-03 7.254800e-02
865 9.234080e-01 4.036000e-03 7.255600e-02
866 9.234880e-01 4.028000e-03 7.248400e-02
867 9.236360e-01 3.884000e-03 7.248000e-02
868 9.237320e-01 3.792000e-03 7.247600e-02
869 9.239160e-01 3.688000e-03 7.239600e-02
870 9.240480e-01 3.656000e-03 7.229600e-02
871 9.241440e-01 3.748000e-03 7.210800e-02
872 9.241760e-01 3.776000e-03 7.204800e-02
873 9.242280e-01 3.720000e-03 7.205200e-02
874 9.243320e-01 3.740000e-03 7.192800e-02
875 9.242080e-01 3.796000e-03 7.199600e-02
876 9.242880e-01 3.868000e-03 7.184400e-02
877 9.243040e-01 3.864000e-03 7.183200e-02
878 9.243920e-01 3.852000e-03 7.175600e-02
879 9.245200e-01 3.808000e-03 7.167200e-02
880 9.245160e-01 3.928000e-03 7.155600e-02
881 9.243840e-01 4.100000e-03 7.151600e-02
882 9.242840e-01 4.180000e-03 7.153600e-02
883 9.243280e-01 4.140000e-03 7.153200e-02
884 9.242200e-01 4.136000e-03 7.164400e-02
885 9.241880e-01 4.196000e-03 7.161600e-02
886 9.242400e-01 4.148000e-03 7.161200e-02
887 9.240080e-01 4.328000e-03 7.166400e-02
888 9.239400e-01 4.368000e-03 7.169200e-02
889 9.238560e-01 4.416000e-03 7.172800e-02
890 9.237640e-01 4.348000e-03 7.188800e-02
891 9.237800e-01 4.376000e-03 7.184400e-02
892 9.236880e-01 4.404000e-03 7.190800e-02
893 9.236480e-01 4.420000e-03 7.193200e-02
894 9.235560e-01 4.424000e-03 7.202000e-02
895 9.233440e-01 4.652000e-03 7.200400e-02
896 9.231280e-01 4.748000e-03 7.212400e-02
897 9.230320e-01 4.796000e-03 7.217200e-02
898 9.230600e-01 4.796000e-03 7.214400e-02
899 9.227920e-01 5.028000e-03 7.218000e-02
900 9.225280e-01 5.072000e-03 7.240000e-02
901 9.222720e-01 5.252000e-03 7.247600e-02
902 9.221400e-01 5.264000e-03 7.259600e-02
903 9.218560e-01 5.400000e-03 7.274400e-02
904 9.215040e-01 5.636000e-03 7.286000e-02
905 9.212960e-01 5.692000e-03 7.301200e-02
906 9.212120e-01 5.564000e-03 7.322400e-02
907 9.210840e-01 5.500000e-03 7.341600e-02
908 9.208880e-01 5.528000e-03 7.358400e-02
909 9.205240e-01 5.688000e-03 7.378800e-02
910 9.202600e-01 5.672000e-03 7.406800e-02
911 9.199520e-01 5.744000e-03 7.430400e-02
912 9.197720e-01 5.728000e-03 7.450000e-02
913 9.195320e-01 5.644000e-03 7.482400e-02
914 9.194000e-01 5.568000e-03 7.503200e-02
915 9.190840e-01 5.576000e-03 7.534000e-02
916 9.187880e-01 5.632000e-03 7.558000e-02
917 9.186280e-01 5.496000e-03 7.587600e-02
918 9.184880e-01 5.372000e-03 7.614000e-02
919 9.184480e-01 5.296000e-03 7.625600e-02
920 9.183480e-01 5.288000e-03 7.636400e-02
921 9.182320e-01 5.188000e-03 7.658000e-02
922 9.182880e-01 5.020000e-03 7.669200e-02
923 9.182880e-01 5.024000e-03 7.668800e-02
924 9.183240e-01 4.924000e-03 7.675200e-02
925 9.182160e-01 4.944000e-03 7.684000e-02
926 9.181640e-01 4.988000e-03 7.684800e-02
927 9.181360e-01 4.952000e-03 7.691200e-02
928 9.181800e-01 4.888000e-03 7.693200e-02
929 9.182240e-01 4.772000e-03 7.700400e-02
930 9.181880e-01 4.672000e-03 7.714000e-02
931 9.183040e-01 4.560000e-03 7.713600e-02
932 9.182200e-01 4.580000e-03 7.720000e-02
