1 9.992680e-01 6.560000e-04 7.600000e-05
2 9.987800e-01 1.016000e-03 2.040000e-04
3 9.980880e-01 1.516000e-03 3.960000e-04
4 9.972280e-01 2.084000e-03 6.880000e-04
5 9.962880e-01 2.652000e-03 1.060000e-03
6 9.953720e-01 3.048000e-03 1.580000e-03
7 9.943840e-01 3.556000e-03 2.060000e-03
8 9.933880e-01 3.888000e-03 2.724000e-03
9 9.924560e-01 4.024000e-03 3.520000e-03
10 9.914280e-01 4.388000e-03 4.184000e-03
11 9.901840e-01 4.888000e-03 4.928000e-03
12 9.890640e-01 5.164000e-03 5.772000e-03
13 9.878720e-01 5.524000e-03 6.604000e-03
14 9.867040e-01 5.868000e-03 7.428000e-03
15 9.854680e-01 6.064000e-03 8.468000e-03
16 9.842760e-01 6.376000e-03 9.348000e-03
17 9.830200e-01 6.640000e-03 1.034000e-02
18 9.818720e-01 6.828000e-03 1.130000e-02
19 9.805240e-01 7.176000e-03 1.230000e-02
20 9.792280e-01 7.404000e-03 1.336800e-02
21 9.777480e-01 7.696000e-03 1.455600e-02
22 9.764200e-01 7.808000e-03 1.577200e-02
23 9.750800e-01 8.052000e-03 1.686800e-02
24 9.735040e-01 8.484000e-03 1.801200e-02
25 9.720080e-01 8.708000e-03 1.928400e-02
26 9.704960e-01 8.928000e-03 2.057600e-02
27 9.689880e-01 9.204000e-03 2.180800e-02
28 9.674480e-01 9.596000e-03 2.295600e-02
29 9.656040e-01 9.932000e-03 2.446400e-02
30 9.640840e-01 1.002400e-02 2.589200e-02
31 9.623560e-01 1.031600e-02 2.732800e-02
32 9.607080e-01 1.035200e-02 2.894000e-02
33 9.591000e-01 1.040800e-02 3.049200e-02
34 9.574320e-01 1.062400e-02 3.194400e-02
35 9.558760e-01 1.065200e-02 3.347200e-02
36 9.544280e-01 1.064800e-02 3.492400e-02
37 9.527880e-01 1.074400e-02 3.646800e-02
38 9.513480e-01 1.080000e-02 3.785200e-02
39 9.498040e-01 1.096000e-02 3.923600e-02
40 9.485440e-01 1.110800e-02 4.034800e-02
41 9.472360e-01 1.105200e-02 4.171200e-02
42 9.456160e-01 1.108800e-02 4.329600e-02
43 9.440440e-01 1.118000e-02 4.477600e-02
44 9.424520e-01 1.130800e-02 4.624000e-02
45 9.408560e-01 1.154000e-02 4.760400e-02
46 9.392480e-01 1.176400e-02 4.898800e-02
47 9.376200e-01 1.185600e-02 5.052400e-02
48 9.360520e-01 1.210800e-02 5.184000e-02
49 9.343800e-01 1.212000e-02 5.350000e-02
50 9.329360e-01 1.216000e-02 5.490400e-02
51 9.313720e-01 1.239200e-02 5.623600e-02
52 9.298760e-01 1.237200e-02 5.775200e-02
53 9.284280e-01 1.222000e-02 5.935200e-02
54 9.270320e-01 1.231600e-02 6.065200e-02
55 9.255640e-01 1.236000e-02 6.207600e-02
56 9.240440e-01 1.245600e-02 6.350000e-02
57 9.226480e-01 1.240800e-02 6.494400e-02
58 9.211200e-01 1.258800e-02 6.629200e-02
59 9.194480e-01 1.269200e-02 6.786000e-02
60 9.180480e-01 1.275200e-02 6.920000e-02
61 9.164160e-01 1.295600e-02 7.062800e-02
62 9.148920e-01 1.290400e-02 7.220400e-02
63 9.135520e-01 1.293200e-02 7.351600e-02
64 9.122680e-01 1.294400e-02 7.478800e-02
65 9.109560e-01 1.290800e-02 7.613600e-02
66 9.097760e-01 1.274800e-02 7.747600e-02
67 9.084680e-01 1.258000e-02 7.895200e-02
68 9.070360e-01 1.275200e-02 8.021200e-02
69 9.057640e-01 1.269200e-02 8.154400e-02
70 9.045360e-01 1.262800e-02 8.283600e-02
71 9.030520e-01 1.290800e-02 8.404000e-02
72 9.014960e-01 1.312400e-02 8.538000e-02
73 9.001120e-01 1.300000e-02 8.688800e-02
74 8.986520e-01 1.332000e-02 8.802800e-02
75 8.974960e-01 1.321600e-02 8.928800e-02
76 8.959440e-01 1.344400e-02 9.061200e-02
77 8.946640e-01 1.334000e-02 9.199600e-02
78 8.935800e-01 1.338800e-02 9.303200e-02
79 8.925080e-01 1.335200e-02 9.414000e-02
80 8.913360e-01 1.310800e-02 9.555600e-02
81 8.901520e-01 1.313600e-02 9.671200e-02
82 8.893640e-01 1.276400e-02 9.787200e-02
83 8.881040e-01 1.281600e-02 9.908000e-02
84 8.870360e-01 1.267200e-02 1.002920e-01
85 8.859080e-01 1.286800e-02 1.012240e-01
86 8.850000e-01 1.270000e-02 1.023000e-01
87 8.838080e-01 1.279600e-02 1.033960e-01
88 8.828360e-01 1.283600e-02 1.043280e-01
89 8.815800e-01 1.275200e-02 1.056680e-01
90 8.805960e-01 1.272000e-02 1.066840e-01
91 8.795240e-01 1.282400e-02 1.076520e-01
92 8.784120e-01 1.296400e-02 1.086240e-01
93 8.771160e-01 1.321600e-02 1.096680e-01
94 8.758560e-01 1.346000e-02 1.106840e-01
95 8.749120e-01 1.348000e-02 1.116080e-01
96 8.736560e-01 1.366000e-02 1.126840e-01
97 8.726040e-01 1.364400e-02 1.137520e-01
98 8.713240e-01 1.380800e-02 1.148680e-01
99 8.702200e-01 1.378400e-02 1.159960e-01
100 8.690080e-01 1.404400e-02 1.169480e-01
101 8.676080e-01 1.434000e-02 1.180520e-01
102 8.662080e-01 1.460400e-02 1.191880e-01
103 8.649560e-01 1.446000e-02 1.205840e-01
104 8.640840e-01 1.438000e-02 1.215360e-01
105 8.627880e-01 1.444000e-02 1.227720e-01
106 8.613320e-01 1.477200e-02 1.238960e-01
107 8.601200e-01 1.472400e-02 1.251560e-01
108 8.587680e-01 1.495200e-02 1.262800e-01
109 8.576480e-01 1.499600e-02 1.273560e-01
110 8.563120e-01 1.511200e-02 1.285760e-01
111 8.551600e-01 1.502000e-02 1.298200e-01
112 8.541040e-01 1.495600e-02 1.309400e-01
113 8.530000e-01 1.504400e-02 1.319560e-01
114 8.518240e-01 1.498800e-02 1.331880e-01
115 8.509160e-01 1.486400e-02 1.342200e-01
116 8.497800e-01 1.499600e-02 1.352240e-01
117 8.486760e-01 1.507600e-02 1.362480e-01
118 8.476640e-01 1.513200e-02 1.372040e-01
119 8.465800e-01 1.512400e-02 1.382960e-01
120 8.453880e-01 1.530000e-02 1.393120e-01
121 8.443480e-01 1.524000e-02 1.404120e-01
122 8.431880e-01 1.540800e-02 1.414040e-01
123 8.420680e-01 1.540400e-02 1.425280e-01
124 8.410280e-01 1.528800e-02 1.436840e-01
125 8.400200e-01 1.523200e-02 1.447480e-01
126 8.390600e-01 1.513200e-02 1.458080e-01
127 8.381200e-01 1.525200e-02 1.466280e-01
128 8.373960e-01 1.508000e-02 1.475240e-01
129 8.365440e-01 1.520000e-02 1.482560e-01
130 8.358680e-01 1.502400e-02 1.491080e-01
131 8.351120e-01 1.492800e-02 1.499600e-01
132 8.339840e-01 1.497600e-02 1.510400e-01
133 8.331560e-01 1.504400e-02 1.518000e-01
134 8.321000e-01 1.520000e-02 1.527000e-01
135 8.312320e-01 1.521600e-02 1.535520e-01
136 8.301960e-01 1.510800e-02 1.546960e-01
137 8.293400e-01 1.496400e-02 1.556960e-01
138 8.287240e-01 1.470400e-02 1.565720e-01
139 8.282400e-01 1.443200e-02 1.573280e-01
140 8.275640e-01 1.421200e-02 1.582240e-01
141 8.271320e-01 1.420400e-02 1.586640e-01
142 8.264160e-01 1.417600e-02 1.594080e-01
143 8.257000e-01 1.427200e-02 1.600280e-01
144 8.250200e-01 1.427200e-02 1.607080e-01
145 8.243360e-01 1.415200e-02 1.615120e-01
146 8.236640e-01 1.421200e-02 1.621240e-01
147 8.231760e-01 1.392400e-02 1.629000e-01
148 8.226840e-01 1.379600e-02 1.635200e-01
149 8.223720e-01 1.349600e-02 1.641320e-01
150 8.218280e-01 1.354800e-02 1.646240e-01
151 8.213560e-01 1.331200e-02 1.653320e-01
152 8.207160e-01 1.348000e-02 1.658040e-01
153 8.201320e-01 1.357600e-02 1.662920e-01
154 8.194320e-01 1.354800e-02 1.670200e-01
155 8.187360e-01 1.373600e-02 1.675280e-01
156 8.182480e-01 1.371200e-02 1.680400e-01
157 8.177920e-01 1.367200e-02 1.685360e-01
158 8.170680e-01 1.378400e-02 1.691480e-01
159 8.167480e-01 1.359200e-02 1.696600e-01
160 8.162120e-01 1.348800e-02 1.703000e-01
161 8.156120e-01 1.369200e-02 1.706960e-01
162 8.148760e-01 1.359200e-02 1.715320e-01
163 8.144640e-01 1.352000e-02 1.720160e-01
164 8.140040e-01 1.336800e-02 1.726280e-01
165 8.136680e-01 1.337200e-02 1.729600e-01
166 8.132840e-01 1.330000e-02 1.734160e-01
167 8.129800e-01 1.317600e-02 1.738440e-01
168 8.128640e-01 1.290400e-02 1.742320e-01
169 8.124920e-01 1.294800e-02 1.745600e-01
170 8.121960e-01 1.287600e-02 1.749280e-01
171 8.120320e-01 1.278800e-02 1.751800e-01
172 8.117760e-01 1.278800e-02 1.754360e-01
173 8.114560e-01 1.276000e-02 1.757840e-01
174 8.111960e-01 1.253600e-02 1.762680e-01
175 8.112240e-01 1.210000e-02 1.766760e-01
176 8.111160e-01 1.179600e-02 1.770880e-01
177 8.111560e-01 1.145200e-02 1.773920e-01
178 8.111120e-01 1.135200e-02 1.775360e-01
179 8.109200e-01 1.146800e-02 1.776120e-01
180 8.107520e-01 1.138800e-02 1.778600e-01
181 8.107000e-01 1.125600e-02 1.780440e-01
182 8.106960e-01 1.109200e-02 1.782120e-01
183 8.107200e-01 1.111200e-02 1.781680e-01
184 8.103720e-01 1.109600e-02 1.785320e-01
185 8.101960e-01 1.120400e-02 1.786000e-01
186 8.101400e-01 1.116400e-02 1.786960e-01
187 8.097400e-01 1.148400e-02 1.787760e-01
188 8.095320e-01 1.169600e-02 1.787720e-01
189 8.091360e-01 1.172000e-02 1.791440e-01
190 8.091160e-01 1.156800e-02 1.793160e-01
191 8.091320e-01 1.132400e-02 1.795440e-01
192 8.091400e-01 1.128000e-02 1.795800e-01
193 8.090400e-01 1.121600e-02 1.797440e-01
194 8.090720e-01 1.130000e-02 1.796280e-01
195 8.089080e-01 1.128000e-02 1.798120e-01
196 8.087040e-01 1.130800e-02 1.799880e-01
197 8.087920e-01 1.108800e-02 1.801200e-01
198 8.088560e-01 1.104400e-02 1.801000e-01
199 8.087800e-01 1.114000e-02 1.800800e-01
200 8.086280e-01 1.132000e-02 1.800520e-01
201 8.085440e-01 1.099600e-02 1.804600e-01
202 8.083240e-01 1.094400e-02 1.807320e-01
203 8.083360e-01 1.103200e-02 1.806320e-01
204 8.083720e-01 1.101600e-02 1.806120e-01
205 8.081320e-01 1.102400e-02 1.808440e-01
206 8.080640e-01 1.093600e-02 1.810000e-01
207 8.080160e-01 1.080400e-02 1.811800e-01
208 8.080200e-01 1.096800e-02 1.810120e-01
209 8.080040e-01 1.108800e-02 1.809080e-01
210 8.080360e-01 1.112800e-02 1.808360e-01
211 8.080240e-01 1.113600e-02 1.808400e-01
212 8.079880e-01 1.109200e-02 1.809200e-01
213 8.079640e-01 1.105600e-02 1.809800e-01
214 8.081240e-01 1.088800e-02 1.809880e-01
215 8.080640e-01 1.085200e-02 1.810840e-01
216 8.080920e-01 1.090000e-02 1.810080e-01
217 8.081680e-01 1.068000e-02 1.811520e-01
218 8.082680e-01 1.070000e-02 1.810320e-01
219 8.083120e-01 1.059600e-02 1.810920e-01
220 8.081360e-01 1.074400e-02 1.811200e-01
221 8.080760e-01 1.077200e-02 1.811520e-01
222 8.083440e-01 1.061600e-02 1.810400e-01
223 8.083600e-01 1.041600e-02 1.812240e-01
224 8.084760e-01 1.010800e-02 1.814160e-01
225 8.084000e-01 1.013200e-02 1.814680e-01
226 8.085240e-01 1.011200e-02 1.813640e-01
227 8.084800e-01 9.988000e-03 1.815320e-01
228 8.086080e-01 9.944000e-03 1.814480e-01
229 8.089440e-01 9.816000e-03 1.812400e-01
230 8.090320e-01 9.788000e-03 1.811800e-01
231 8.092320e-01 9.792000e-03 1.809760e-01
232 8.096280e-01 9.572000e-03 1.808000e-01
233 8.099320e-01 9.568000e-03 1.805000e-01
234 8.101480e-01 9.532000e-03 1.803200e-01
235 8.102600e-01 9.412000e-03 1.803280e-01
236 8.105240e-01 9.228000e-03 1.802480e-01
237 8.107200e-01 9.316000e-03 1.799640e-01
238 8.108400e-01 9.136000e-03 1.800240e-01
239 8.110640e-01 9.060000e-03 1.798760e-01
240 8.111840e-01 9.048000e-03 1.797680e-01
241 8.113480e-01 8.848000e-03 1.798040e-01
242 8.117120e-01 8.820000e-03 1.794680e-01
243 8.119160e-01 8.964000e-03 1.791200e-01
244 8.121960e-01 8.864000e-03 1.789400e-01
245 8.123800e-01 8.884000e-03 1.787360e-01
246 8.125760e-01 8.780000e-03 1.786440e-01
247 8.128080e-01 8.664000e-03 1.785280e-01
248 8.130120e-01 8.708000e-03 1.782800e-01
249 8.131840e-01 8.608000e-03 1.782080e-01
250 8.134480e-01 8.636000e-03 1.779160e-01
251 8.137200e-01 8.592000e-03 1.776880e-01
252 8.140560e-01 8.468000e-03 1.774760e-01
253 8.143560e-01 8.304000e-03 1.773400e-01
254 8.147920e-01 8.280000e-03 1.769280e-01
255 8.151280e-01 8.100000e-03 1.767720e-01
256 8.154880e-01 7.900000e-03 1.766120e-01
257 8.156960e-01 7.984000e-03 1.763200e-01
258 8.162280e-01 7.892000e-03 1.758800e-01
259 8.164960e-01 7.952000e-03 1.755520e-01
260 8.166400e-01 8.076000e-03 1.752840e-01
261 8.169320e-01 8.100000e-03 1.749680e-01
262 8.171520e-01 8.200000e-03 1.746480e-01
263 8.173280e-01 8.228000e-03 1.744440e-01
264 8.174920e-01 8.376000e-03 1.741320e-01
265 8.177280e-01 8.420000e-03 1.738520e-01
266 8.178760e-01 8.536000e-03 1.735880e-01
267 8.179600e-01 8.536000e-03 1.735040e-01
268 8.182240e-01 8.448000e-03 1.733280e-01
269 8.185400e-01 8.208000e-03 1.732520e-01
270 8.188000e-01 8.200000e-03 1.730000e-01
271 8.190840e-01 8.236000e-03 1.726800e-01
272 8.193480e-01 8.224000e-03 1.724280e-01
273 8.196000e-01 8.364000e-03 1.720360e-01
274 8.195960e-01 8.468000e-03 1.719360e-01
275 8.198120e-01 8.416000e-03 1.717720e-01
276 8.200800e-01 8.360000e-03 1.715600e-01
277 8.203680e-01 8.228000e-03 1.714040e-01
278 8.208360e-01 8.060000e-03 1.711040e-01
279 8.210360e-01 7.880000e-03 1.710840e-01
280 8.214720e-01 7.680000e-03 1.708480e-01
281 8.219280e-01 7.540000e-03 1.705320e-01
282 8.222200e-01 7.540000e-03 1.702400e-01
283 8.226320e-01 7.412000e-03 1.699560e-01
284 8.228440e-01 7.476000e-03 1.696800e-01
285 8.231360e-01 7.496000e-03 1.693680e-01
286 8.234920e-01 7.428000e-03 1.690800e-01
287 8.239600e-01 7.380000e-03 1.686600e-01
288 8.242920e-01 7.408000e-03 1.683000e-01
289 8.248280e-01 7.300000e-03 1.678720e-01
290 8.251960e-01 7.272000e-03 1.675320e-01
291 8.255480e-01 7.248000e-03 1.672040e-01
292 8.257880e-01 7.108000e-03 1.671040e-01
293 8.261360e-01 7.016000e-03 1.668480e-01
294 8.266480e-01 6.868000e-03 1.664840e-01
295 8.271640e-01 6.860000e-03 1.659760e-01
296 8.275120e-01 6.772000e-03 1.657160e-01
297 8.280880e-01 6.672000e-03 1.652400e-01
298 8.285000e-01 6.552000e-03 1.649480e-01
299 8.288880e-01 6.644000e-03 1.644680e-01
300 8.292480e-01 6.724000e-03 1.640280e-01
301 8.295960e-01 6.844000e-03 1.635600e-01
302 8.301080e-01 6.788000e-03 1.631040e-01
303 8.306960e-01 6.500000e-03 1.628040e-01
304 8.310680e-01 6.448000e-03 1.624840e-01
305 8.316760e-01 6.356000e-03 1.619680e-01
306 8.323080e-01 6.332000e-03 1.613600e-01
307 8.327440e-01 6.392000e-03 1.608640e-01
308 8.331720e-01 6.488000e-03 1.603400e-01
309 8.336600e-01 6.440000e-03 1.599000e-01
310 8.342000e-01 6.276000e-03 1.595240e-01
311 8.347320e-01 6.176000e-03 1.590920e-01
312 8.352200e-01 6.160000e-03 1.586200e-01
313 8.356560e-01 6.136000e-03 1.582080e-01
314 8.362280e-01 6.092000e-03 1.576800e-01
315 8.367640e-01 6.044000e-03 1.571920e-01
316 8.371920e-01 6.040000e-03 1.567680e-01
317 8.375360e-01 6.100000e-03 1.563640e-01
318 8.379120e-01 6.312000e-03 1.557760e-01
319 8.382760e-01 6.156000e-03 1.555680e-01
320 8.387800e-01 6.116000e-03 1.551040e-01
321 8.391200e-01 6.072000e-03 1.548080e-01
322 8.394720e-01 6.172000e-03 1.543560e-01
323 8.399040e-01 6.200000e-03 1.538960e-01
324 8.403960e-01 6.112000e-03 1.534920e-01
325 8.407560e-01 6.068000e-03 1.531760e-01
326 8.411360e-01 5.984000e-03 1.528800e-01
327 8.416080e-01 5.880000e-03 1.525120e-01
328 8.422160e-01 5.824000e-03 1.519600e-01
329 8.428120e-01 5.644000e-03 1.515440e-01
330 8.435320e-01 5.484000e-03 1.509840e-01
331 8.441560e-01 5.420000e-03 1.504240e-01
332 8.446960e-01 5.288000e-03 1.500160e-01
333 8.453760e-01 5.328000e-03 1.492960e-01
334 8.458400e-01 5.336000e-03 1.488240e-01
335 8.463080e-01 5.332000e-03 1.483600e-01
336 8.466360e-01 5.296000e-03 1.480680e-01
337 8.470920e-01 5.256000e-03 1.476520e-01
338 8.475440e-01 5.320000e-03 1.471360e-01
339 8.479920e-01 5.344000e-03 1.466640e-01
340 8.484480e-01 5.372000e-03 1.461800e-01
341 8.489880e-01 5.284000e-03 1.457280e-01
342 8.495120e-01 5.152000e-03 1.453360e-01
343 8.499000e-01 5.280000e-03 1.448200e-01
344 8.504240e-01 5.120000e-03 1.444560e-01
345 8.509640e-01 5.080000e-03 1.439560e-01
346 8.513800e-01 5.040000e-03 1.435800e-01
347 8.520000e-01 4.920000e-03 1.430800e-01
348 8.524640e-01 4.896000e-03 1.426400e-01
349 8.530640e-01 4.868000e-03 1.420680e-01
350 8.536240e-01 4.880000e-03 1.414960e-01
351 8.541480e-01 4.796000e-03 1.410560e-01
352 8.546920e-01 4.816000e-03 1.404920e-01
353 8.552320e-01 4.728000e-03 1.400400e-01
354 8.558760e-01 4.744000e-03 1.393800e-01
355 8.564080e-01 4.724000e-03 1.388680e-01
356 8.570480e-01 4.640000e-03 1.383120e-01
357 8.575480e-01 4.704000e-03 1.377480e-01
358 8.579720e-01 4.796000e-03 1.372320e-01
359 8.585160e-01 4.664000e-03 1.368200e-01
360 8.592240e-01 4.520000e-03 1.362560e-01
361 8.600240e-01 4.340000e-03 1.356360e-01
362 8.604440e-01 4.348000e-03 1.352080e-01
363 8.610440e-01 4.276000e-03 1.346800e-01
364 8.615720e-01 4.208000e-03 1.342200e-01
365 8.620560e-01 4.308000e-03 1.336360e-01
366 8.626960e-01 4.120000e-03 1.331840e-01
367 8.632160e-01 4.020000e-03 1.327640e-01
368 8.636840e-01 4.008000e-03 1.323080e-01
369 8.642600e-01 4.028000e-03 1.317120e-01
370 8.648600e-01 3.988000e-03 1.311520e-01
371 8.654480e-01 3.836000e-03 1.307160e-01
372 8.660080e-01 3.832000e-03 1.301600e-01
373 8.664680e-01 3.948000e-03 1.295840e-01
374 8.671680e-01 3.860000e-03 1.289720e-01
375 8.677240e-01 3.908000e-03 1.283680e-01
376 8.682000e-01 3.876000e-03 1.279240e-01
377 8.687280e-01 3.808000e-03 1.274640e-01
378 8.691160e-01 3.948000e-03 1.269360e-01
379 8.696080e-01 3.980000e-03 1.264120e-01
380 8.699840e-01 4.108000e-03 1.259080e-01
381 8.704560e-01 4.100000e-03 1.254440e-01
382 8.707400e-01 4.164000e-03 1.250960e-01
383 8.711800e-01 4.236000e-03 1.245840e-01
384 8.716480e-01 4.248000e-03 1.241040e-01
385 8.720840e-01 4.316000e-03 1.236000e-01
386 8.724320e-01 4.368000e-03 1.232000e-01
387 8.728520e-01 4.452000e-03 1.226960e-01
388 8.732680e-01 4.496000e-03 1.222360e-01
389 8.737000e-01 4.456000e-03 1.218440e-01
390 8.739560e-01 4.492000e-03 1.215520e-01
391 8.742840e-01 4.704000e-03 1.210120e-01
392 8.746120e-01 4.848000e-03 1.205400e-01
393 8.748760e-01 4.900000e-03 1.202240e-01
394 8.751000e-01 5.004000e-03 1.198960e-01
395 8.752320e-01 5.104000e-03 1.196640e-01
396 8.754800e-01 5.244000e-03 1.192760e-01
397 8.758760e-01 5.204000e-03 1.189200e-01
398 8.761320e-01 5.160000e-03 1.187080e-01
399 8.764600e-01 5.180000e-03 1.183600e-01
400 8.765840e-01 5.352000e-03 1.180640e-01
401 8.768000e-01 5.408000e-03 1.177920e-01
402 8.771160e-01 5.344000e-03 1.175400e-01
403 8.774400e-01 5.244000e-03 1.173160e-01
404 8.776640e-01 5.116000e-03 1.172200e-01
405 8.778520e-01 5.144000e-03 1.170040e-01
406 8.780440e-01 5.080000e-03 1.168760e-01
407 8.782320e-01 5.144000e-03 1.166240e-01
408 8.784640e-01 5.132000e-03 1.164040e-01
409 8.788360e-01 5.044000e-03 1.161200e-01
410 8.792000e-01 4.968000e-03 1.158320e-01
411 8.793480e-01 5.028000e-03 1.156240e-01
412 8.796200e-01 5.016000e-03 1.153640e-01
413 8.798280e-01 5.060000e-03 1.151120e-01
414 8.800440e-01 5.036000e-03 1.149200e-01
415 8.803240e-01 5.004000e-03 1.146720e-01
416 8.807800e-01 4.832000e-03 1.143880e-01
417 8.811560e-01 4.860000e-03 1.139840e-01
418 8.813600e-01 4.896000e-03 1.137440e-01
419 8.817400e-01 4.744000e-03 1.135160e-01
420 8.820400e-01 4.752000e-03 1.132080e-01
421 8.823160e-01 4.688000e-03 1.129960e-01
422 8.826000e-01 4.576000e-03 1.128240e-01
423 8.829360e-01 4.572000e-03 1.124920e-01
424 8.832360e-01 4.604000e-03 1.121600e-01
425 8.833760e-01 4.756000e-03 1.118680e-01
426 8.835480e-01 4.784000e-03 1.116680e-01
427 8.838440e-01 4.796000e-03 1.113600e-01
428 8.842720e-01 4.668000e-03 1.110600e-01
429 8.846840e-01 4.656000e-03 1.106600e-01
430 8.850680e-01 4.608000e-03 1.103240e-01
431 8.853160e-01 4.684000e-03 1.100000e-01
432 8.856800e-01 4.532000e-03 1.097880e-01
433 8.858720e-01 4.608000e-03 1.095200e-01
434 8.860440e-01 4.572000e-03 1.093840e-01
435 8.861360e-01 4.700000e-03 1.091640e-01
436 8.863360e-01 4.616000e-03 1.090480e-01
437 8.865760e-01 4.600000e-03 1.088240e-01
438 8.869520e-01 4.516000e-03 1.085320e-01
439 8.871080e-01 4.544000e-03 1.083480e-01
440 8.874080e-01 4.564000e-03 1.080280e-01
441 8.877320e-01 4.568000e-03 1.077000e-01
442 8.881280e-01 4.508000e-03 1.073640e-01
443 8.883640e-01 4.440000e-03 1.071960e-01
444 8.885720e-01 4.492000e-03 1.069360e-01
445 8.887560e-01 4.636000e-03 1.066080e-01
446 8.889440e-01 4.584000e-03 1.064720e-01
447 8.891960e-01 4.592000e-03 1.062120e-01
448 8.893360e-01 4.528000e-03 1.061360e-01
449 8.896280e-01 4.416000e-03 1.059560e-01
450 8.897920e-01 4.460000e-03 1.057480e-01
451 8.901480e-01 4.368000e-03 1.054840e-01
452 8.903520e-01 4.404000e-03 1.052440e-01
453 8.906560e-01 4.476000e-03 1.048680e-01
454 8.908400e-01 4.496000e-03 1.046640e-01
455 8.910520e-01 4.524000e-03 1.044240e-01
456 8.911880e-01 4.688000e-03 1.041240e-01
457 8.914360e-01 4.680000e-03 1.038840e-01
458 8.916760e-01 4.720000e-03 1.036040e-01
459 8.919760e-01 4.616000e-03 1.034080e-01
460 8.922440e-01 4.596000e-03 1.031600e-01
461 8.925040e-01 4.572000e-03 1.029240e-01
462 8.927360e-01 4.596000e-03 1.026680e-01
463 8.929040e-01 4.556000e-03 1.025400e-01
464 8.931680e-01 4.544000e-03 1.022880e-01
465 8.934080e-01 4.544000e-03 1.020480e-01
466 8.934640e-01 4.600000e-03 1.019360e-01
467 8.937320e-01 4.552000e-03 1.017160e-01
468 8.939720e-01 4.492000e-03 1.015360e-01
469 8.941480e-01 4.560000e-03 1.012920e-01
470 8.944720e-01 4.448000e-03 1.010800e-01
471 8.947240e-01 4.432000e-03 1.008440e-01
472 8.949120e-01 4.484000e-03 1.006040e-01
473 8.951520e-01 4.508000e-03 1.003400e-01
474 8.953280e-01 4.524000e-03 1.001480e-01
475 8.955400e-01 4.500000e-03 9.996000e-02
476 8.958000e-01 4.504000e-03 9.969600e-02
477 8.960200e-01 4.548000e-03 9.943200e-02
478 8.961600e-01 4.620000e-03 9.922000e-02
479 8.963960e-01 4.604000e-03 9.900000e-02
480 8.965760e-01 4.516000e-03 9.890800e-02
481 8.967400e-01 4.536000e-03 9.872400e-02
482 8.968960e-01 4.584000e-03 9.852000e-02
483 8.970560e-01 4.560000e-03 9.838400e-02
484 8.973720e-01 4.520000e-03 9.810800e-02
485 8.976440e-01 4.468000e-03 9.788800e-02
486 8.977680e-01 4.532000e-03 9.770000e-02
487 8.981040e-01 4.312000e-03 9.758400e-02
488 8.985760e-01 4.176000e-03 9.724800e-02
489 8.989120e-01 4.120000e-03 9.696800e-02
490 8.993080e-01 4.060000e-03 9.663200e-02
491 8.996560e-01 3.904000e-03 9.644000e-02
492 8.999520e-01 3.812000e-03 9.623600e-02
493 9.001840e-01 3.696000e-03 9.612000e-02
494 9.005560e-01 3.644000e-03 9.580000e-02
495 9.008720e-01 3.644000e-03 9.548400e-02
496 9.011000e-01 3.652000e-03 9.524800e-02
497 9.013680e-01 3.552000e-03 9.508000e-02
498 9.016640e-01 3.484000e-03 9.485200e-02
499 9.018920e-01 3.480000e-03 9.462800e-02
500 9.021360e-01 3.552000e-03 9.431200e-02
501 9.023400e-01 3.592000e-03 9.406800e-02
502 9.026640e-01 3.528000e-03 9.380800e-02
503 9.029480e-01 3.532000e-03 9.352000e-02
504 9.032320e-01 3.488000e-03 9.328000e-02
505 9.035520e-01 3.480000e-03 9.296800e-02
506 9.038640e-01 3.528000e-03 9.260800e-02
507 9.041480e-01 3.468000e-03 9.238400e-02
508 9.044920e-01 3.200000e-03 9.230800e-02
509 9.049280e-01 3.208000e-03 9.186400e-02
510 9.053640e-01 3.076000e-03 9.156000e-02
511 9.057280e-01 3.084000e-03 9.118800e-02
512 9.060320e-01 3.108000e-03 9.086000e-02
513 9.063320e-01 3.024000e-03 9.064400e-02
514 9.067080e-01 2.996000e-03 9.029600e-02
515 9.070640e-01 2.928000e-03 9.000800e-02
516 9.074480e-01 2.848000e-03 8.970400e-02
517 9.077760e-01 2.788000e-03 8.943600e-02
518 9.082000e-01 2.756000e-03 8.904400e-02
519 9.085480e-01 2.708000e-03 8.874400e-02
520 9.089400e-01 2.740000e-03 8.832000e-02
521 9.093960e-01 2.616000e-03 8.798800e-02
522 9.098320e-01 2.552000e-03 8.761600e-02
523 9.103040e-01 2.528000e-03 8.716800e-02
524 9.106720e-01 2.536000e-03 8.679200e-02
525 9.110400e-01 2.532000e-03 8.642800e-02
526 9.114520e-01 2.564000e-03 8.598400e-02
527 9.118200e-01 2.604000e-03 8.557600e-02
528 9.121720e-01 2.604000e-03 8.522400e-02
529 9.125800e-01 2.692000e-03 8.472800e-02
530 9.128280e-01 2.656000e-03 8.451600e-02
531 9.132640e-01 2.592000e-03 8.414400e-02
532 9.136040e-01 2.560000e-03 8.383600e-02
533 9.139880e-01 2.512000e-03 8.350000e-02
534 9.142680e-01 2.608000e-03 8.312400e-02
535 9.145960e-01 2.620000e-03 8.278400e-02
536 9.151000e-01 2.500000e-03 8.240000e-02
537 9.153200e-01 2.596000e-03 8.208400e-02
538 9.155600e-01 2.632000e-03 8.180800e-02
539 9.159840e-01 2.668000e-03 8.134800e-02
540 9.162720e-01 2.796000e-03 8.093200e-02
541 9.164760e-01 2.880000e-03 8.064400e-02
542 9.166360e-01 2.868000e-03 8.049600e-02
543 9.169080e-01 2.968000e-03 8.012400e-02
544 9.171440e-01 2.996000e-03 7.986000e-02
545 9.173360e-01 2.936000e-03 7.972800e-02
546 9.176040e-01 2.940000e-03 7.945600e-02
547 9.179280e-01 2.972000e-03 7.910000e-02
548 9.182200e-01 2.932000e-03 7.884800e-02
549 9.184200e-01 2.940000e-03 7.864000e-02
550 9.187760e-01 2.856000e-03 7.836800e-02
551 9.188640e-01 2.904000e-03 7.823200e-02
552 9.189680e-01 3.080000e-03 7.795200e-02
553 9.192560e-01 3.096000e-03 7.764800e-02
554 9.195160e-01 3.044000e-03 7.744000e-02
555 9.197800e-01 3.016000e-03 7.720400e-02
556 9.198920e-01 3.024000e-03 7.708400e-02
557 9.202760e-01 2.948000e-03 7.677600e-02
558 9.204400e-01 2.936000e-03 7.662400e-02
559 9.206600e-01 2.924000e-03 7.641600e-02
560 9.207360e-01 2.940000e-03 7.632400e-02
561 9.208120e-01 3.072000e-03 7.611600e-02
562 9.209240e-01 3.184000e-03 7.589200e-02
563 9.211520e-01 3.192000e-03 7.565600e-02
564 9.214800e-01 3.176000e-03 7.534400e-02
565 9.218240e-01 3.132000e-03 7.504400e-02
566 9.221760e-01 3.040000e-03 7.478400e-02
567 9.224720e-01 2.992000e-03 7.453600e-02
568 9.227280e-01 2.948000e-03 7.432400e-02
569 9.228480e-01 3.020000e-03 7.413200e-02
570 9.231360e-01 3.036000e-03 7.382800e-02
571 9.233120e-01 3.168000e-03 7.352000e-02
572 9.235560e-01 3.056000e-03 7.338800e-02
573 9.236560e-01 3.092000e-03 7.325200e-02
574 9.238040e-01 3.076000e-03 7.312000e-02
575 9.239720e-01 3.048000e-03 7.298000e-02
576 9.241520e-01 3.064000e-03 7.278400e-02
577 9.242960e-01 3.192000e-03 7.251200e-02
578 9.245880e-01 3.124000e-03 7.228800e-02
579 9.248200e-01 3.116000e-03 7.206400e-02
580 9.250080e-01 3.112000e-03 7.188000e-02
581 9.250880e-01 3.084000e-03 7.182800e-02
582 9.251840e-01 2.988000e-03 7.182800e-02
583 9.253680e-01 2.872000e-03 7.176000e-02
584 9.256280e-01 2.856000e-03 7.151600e-02
585 9.258840e-01 2.768000e-03 7.134800e-02
586 9.261120e-01 2.772000e-03 7.111600e-02
587 9.263320e-01 2.800000e-03 7.086800e-02
588 9.267440e-01 2.712000e-03 7.054400e-02
589 9.267760e-01 2.832000e-03 7.039200e-02
590 9.269880e-01 2.724000e-03 7.028800e-02
591 9.271360e-01 2.752000e-03 7.011200e-02
592 9.275360e-01 2.716000e-03 6.974800e-02
593 9.279360e-01 2.608000e-03 6.945600e-02
594 9.281400e-01 2.552000e-03 6.930800e-02
595 9.281360e-01 2.628000e-03 6.923600e-02
596 9.282960e-01 2.664000e-03 6.904000e-02
597 9.284880e-01 2.616000e-03 6.889600e-02
598 9.287120e-01 2.664000e-03 6.862400e-02
599 9.288800e-01 2.732000e-03 6.838800e-02
600 9.288600e-01 2.928000e-03 6.821200e-02
601 9.291120e-01 2.968000e-03 6.792000e-02
602 9.291920e-01 3.044000e-03 6.776400e-02
603 9.293320e-01 3.164000e-03 6.750400e-02
604 9.295040e-01 3.196000e-03 6.730000e-02
605 9.297120e-01 3.192000e-03 6.709600e-02
606 9.298360e-01 3.140000e-03 6.702400e-02
607 9.301520e-01 3.048000e-03 6.680000e-02
608 9.303440e-01 2.964000e-03 6.669200e-02
609 9.305520e-01 2.840000e-03 6.660800e-02
610 9.307920e-01 2.724000e-03 6.648400e-02
611 9.309920e-01 2.796000e-03 6.621200e-02
612 9.311600e-01 2.808000e-03 6.603200e-02
613 9.313360e-01 2.800000e-03 6.586400e-02
614 9.314720e-01 2.828000e-03 6.570000e-02
615 9.316440e-01 2.848000e-03 6.550800e-02
616 9.316720e-01 2.892000e-03 6.543600e-02
617 9.317720e-01 2.936000e-03 6.529200e-02
618 9.318720e-01 2.956000e-03 6.517200e-02
619 9.320200e-01 2.988000e-03 6.499200e-02
620 9.321520e-01 2.980000e-03 6.486800e-02
621 9.322520e-01 3.004000e-03 6.474400e-02
622 9.322880e-01 3.080000e-03 6.463200e-02
623 9.324240e-01 3.060000e-03 6.451600e-02
624 9.325000e-01 3.016000e-03 6.448400e-02
625 9.325800e-01 2.924000e-03 6.449600e-02
626 9.326360e-01 3.004000e-03 6.436000e-02
627 9.328800e-01 2.860000e-03 6.426000e-02
628 9.331120e-01 2.844000e-03 6.404400e-02
629 9.332840e-01 2.844000e-03 6.387200e-02
630 9.334600e-01 2.820000e-03 6.372000e-02
631 9.337160e-01 2.732000e-03 6.355200e-02
632 9.338560e-01 2.712000e-03 6.343200e-02
633 9.341480e-01 2.652000e-03 6.320000e-02
634 9.342920e-01 2.676000e-03 6.303200e-02
635 9.345080e-01 2.696000e-03 6.279600e-02
636 9.345800e-01 2.788000e-03 6.263200e-02
637 9.346240e-01 2.792000e-03 6.258400e-02
638 9.347680e-01 2.972000e-03 6.226000e-02
639 9.347000e-01 3.152000e-03 6.214800e-02
640 9.346920e-01 3.240000e-03 6.206800e-02
641 9.347360e-01 3.288000e-03 6.197600e-02
642 9.347680e-01 3.308000e-03 6.192400e-02
643 9.348120e-01 3.392000e-03 6.179600e-02
644 9.347920e-01 3.424000e-03 6.178400e-02
645 9.348800e-01 3.428000e-03 6.169200e-02
646 9.349240e-01 3.372000e-03 6.170400e-02
647 9.349840e-01 3.300000e-03 6.171600e-02
648 9.351240e-01 3.336000e-03 6.154000e-02
649 9.351800e-01 3.312000e-03 6.150800e-02
650 9.352320e-01 3.288000e-03 6.148000e-02
651 9.353200e-01 3.232000e-03 6.144800e-02
652 9.352480e-01 3.240000e-03 6.151200e-02
653 9.351920e-01 3.244000e-03 6.156400e-02
654 9.351880e-01 3.152000e-03 6.166000e-02
655 9.352920e-01 3.072000e-03 6.163600e-02
656 9.353080e-01 3.060000e-03 6.163200e-02
657 9.353880e-01 3.056000e-03 6.155600e-02
658 9.354320e-01 3.092000e-03 6.147600e-02
659 9.354640e-01 3.116000e-03 6.142000e-02
660 9.355960e-01 3.076000e-03 6.132800e-02
661 9.357560e-01 3.008000e-03 6.123600e-02
662 9.358040e-01 3.084000e-03 6.111200e-02
663 9.358280e-01 3.056000e-03 6.111600e-02
664 9.359000e-01 2.992000e-03 6.110800e-02
665 9.359160e-01 3.044000e-03 6.104000e-02
666 9.360240e-01 3.036000e-03 6.094000e-02
667 9.360840e-01 3.084000e-03 6.083200e-02
668 9.361240e-01 3.152000e-03 6.072400e-02
669 9.362840e-01 3.172000e-03 6.054400e-02
670 9.364000e-01 3.068000e-03 6.053200e-02
671 9.365240e-01 3.060000e-03 6.041600e-02
672 9.365280e-01 2.960000e-03 6.051200e-02
673 9.365160e-01 3.064000e-03 6.042000e-02
674 9.366160e-01 3.056000e-03 6.032800e-02
675 9.367360e-01 3.024000e-03 6.024000e-02
676 9.367880e-01 3.000000e-03 6.021200e-02
677 9.369240e-01 2.964000e-03 6.011200e-02
678 9.371280e-01 2.868000e-03 6.000400e-02
679 9.373520e-01 2.848000e-03 5.980000e-02
680 9.375000e-01 2.836000e-03 5.966400e-02
681 9.376600e-01 2.840000e-03 5.950000e-02
682 9.379200e-01 2.640000e-03 5.944000e-02
683 9.381200e-01 2.692000e-03 5.918800e-02
684 9.383240e-01 2.668000e-03 5.900800e-02
685 9.385080e-01 2.624000e-03 5.886800e-02
686 9.386600e-01 2.604000e-03 5.873600e-02
687 9.388280e-01 2.628000e-03 5.854400e-02
688 9.390840e-01 2.556000e-03 5.836000e-02
689 9.393040e-01 2.496000e-03 5.820000e-02
690 9.393800e-01 2.456000e-03 5.816400e-02
691 9.395280e-01 2.480000e-03 5.799200e-02
692 9.396600e-01 2.424000e-03 5.791600e-02
693 9.398160e-01 2.348000e-03 5.783600e-02
694 9.399480e-01 2.300000e-03 5.775200e-02
695 9.400840e-01 2.272000e-03 5.764400e-02
696 9.402280e-01 2.204000e-03 5.756800e-02
697 9.402840e-01 2.180000e-03 5.753600e-02
698 9.403880e-01 2.252000e-03 5.736000e-02
699 9.405320e-01 2.320000e-03 5.714800e-02
700 9.406520e-01 2.324000e-03 5.702400e-02
701 9.407880e-01 2.340000e-03 5.687200e-02
702 9.410080e-01 2.352000e-03 5.664000e-02
703 9.412080e-01 2.328000e-03 5.646400e-02
704 9.412600e-01 2.428000e-03 5.631200e-02
705 9.413160e-01 2.484000e-03 5.620000e-02
706 9.414200e-01 2.444000e-03 5.613600e-02
707 9.414480e-01 2.588000e-03 5.596400e-02
708 9.415320e-01 2.548000e-03 5.592000e-02
709 9.416560e-01 2.544000e-03 5.580000e-02
710 9.416720e-01 2.544000e-03 5.578400e-02
711 9.418400e-01 2.468000e-03 5.569200e-02
712 9.419120e-01 2.472000e-03 5.561600e-02
713 9.419880e-01 2.460000e-03 5.555200e-02
714 9.420840e-01 2.564000e-03 5.535200e-02
715 9.423000e-01 2.576000e-03 5.512400e-02
716 9.424600e-01 2.540000e-03 5.500000e-02
717 9.425520e-01 2.624000e-03 5.482400e-02
718 9.427520e-01 2.612000e-03 5.463600e-02
719 9.430080e-01 2.572000e-03 5.442000e-02
720 9.431480e-01 2.564000e-03 5.428800e-02
721 9.432040e-01 2.524000e-03 5.427200e-02
722 9.433240e-01 2.508000e-03 5.416800e-02
723 9.433320e-01 2.568000e-03 5.410000e-02
724 9.433760e-01 2.504000e-03 5.412000e-02
725 9.433960e-01 2.524000e-03 5.408000e-02
726 9.434840e-01 2.560000e-03 5.395600e-02
727 9.435400e-01 2.568000e-03 5.389200e-02
728 9.436920e-01 2.532000e-03 5.377600e-02
729 9.436160e-01 2.656000e-03 5.372800e-02
730 9.436240e-01 2.640000e-03 5.373600e-02
731 9.437120e-01 2.640000e-03 5.364800e-02
732 9.437960e-01 2.616000e-03 5.358800e-02
733 9.439840e-01 2.620000e-03 5.339600e-02
734 9.441640e-01 2.472000e-03 5.336400e-02
735 9.443680e-01 2.464000e-03 5.316800e-02
736 9.444200e-01 2.444000e-03 5.313600e-02
737 9.446560e-01 2.404000e-03 5.294000e-02
738 9.447880e-01 2.388000e-03 5.282400e-02
739 9.448400e-01 2.448000e-03 5.271200e-02
740 9.449920e-01 2.416000e-03 5.259200e-02
741 9.451800e-01 2.432000e-03 5.238800e-02
742 9.453440e-01 2.312000e-03 5.234400e-02
743 9.454440e-01 2.380000e-03 5.217600e-02
744 9.455920e-01 2.348000e-03 5.206000e-02
745 9.457040e-01 2.360000e-03 5.193600e-02
746 9.457600e-01 2.408000e-03 5.183200e-02
747 9.458680e-01 2.452000e-03 5.168000e-02
748 9.459640e-01 2.468000e-03 5.156800e-02
749 9.459680e-01 2.520000e-03 5.151200e-02
750 9.460640e-01 2.476000e-03 5.146000e-02
751 9.462440e-01 2.464000e-03 5.129200e-02
752 9.463840e-01 2.412000e-03 5.120400e-02
753 9.465160e-01 2.428000e-03 5.105600e-02
754 9.465440e-01 2.544000e-03 5.091200e-02
755 9.466680e-01 2.428000e-03 5.090400e-02
756 9.468200e-01 2.424000e-03 5.075600e-02
757 9.469440e-01 2.300000e-03 5.075600e-02
758 9.470440e-01 2.280000e-03 5.067600e-02
759 9.470960e-01 2.316000e-03 5.058800e-02
760 9.472160e-01 2.336000e-03 5.044800e-02
761 9.473360e-01 2.308000e-03 5.035600e-02
762 9.475520e-01 2.220000e-03 5.022800e-02
763 9.477280e-01 2.164000e-03 5.010800e-02
764 9.477880e-01 2.208000e-03 5.000400e-02
765 9.478200e-01 2.236000e-03 4.994400e-02
766 9.478960e-01 2.244000e-03 4.986000e-02
767 9.478680e-01 2.308000e-03 4.982400e-02
768 9.480760e-01 2.308000e-03 4.961600e-02
769 9.480560e-01 2.372000e-03 4.957200e-02
770 9.482080e-01 2.372000e-03 4.942000e-02
771 9.483120e-01 2.372000e-03 4.931600e-02
772 9.483760e-01 2.372000e-03 4.925200e-02
773 9.484240e-01 2.384000e-03 4.919200e-02
774 9.484960e-01 2.364000e-03 4.914000e-02
775 9.486320e-01 2.256000e-03 4.911200e-02
776 9.486960e-01 2.316000e-03 4.898800e-02
777 9.489280e-01 2.140000e-03 4.893200e-02
778 9.490720e-01 2.060000e-03 4.886800e-02
779 9.492160e-01 1.996000e-03 4.878800e-02
780 9.493560e-01 1.984000e-03 4.866000e-02
781 9.495760e-01 1.944000e-03 4.848000e-02
782 9.496400e-01 1.996000e-03 4.836400e-02
783 9.497880e-01 2.064000e-03 4.814800e-02
784 9.499600e-01 2.088000e-03 4.795200e-02
785 9.501160e-01 2.064000e-03 4.782000e-02
786 9.502040e-01 2.012000e-03 4.778400e-02
787 9.503360e-01 2.032000e-03 4.763200e-02
788 9.504320e-01 2.032000e-03 4.753600e-02
789 9.505600e-01 2.020000e-03 4.742000e-02
790 9.508760e-01 1.940000e-03 4.718400e-02
791 9.510240e-01 1.884000e-03 4.709200e-02
792 9.511240e-01 1.996000e-03 4.688000e-02
793 9.511920e-01 1.988000e-03 4.682000e-02
794 9.513600e-01 1.968000e-03 4.667200e-02
795 9.515200e-01 1.984000e-03 4.649600e-02
796 9.515920e-01 1.932000e-03 4.647600e-02
797 9.515840e-01 1.952000e-03 4.646400e-02
798 9.516040e-01 1.976000e-03 4.642000e-02
799 9.517200e-01 1.992000e-03 4.628800e-02
800 9.518640e-01 2.036000e-03 4.610000e-02
801 9.519720e-01 2.032000e-03 4.599600e-02
802 9.520400e-01 2.104000e-03 4.585600e-02
803 9.521480e-01 2.096000e-03 4.575600e-02
804 9.521480e-01 2.088000e-03 4.576400e-02
805 9.522880e-01 2.084000e-03 4.562800e-02
806 9.522720e-01 2.172000e-03 4.555600e-02
807 9.522680e-01 2.208000e-03 4.552400e-02
808 9.523320e-01 2.244000e-03 4.542400e-02
809 9.523040e-01 2.320000e-03 4.537600e-02
810 9.523080e-01 2.348000e-03 4.534400e-02
811 9.523000e-01 2.364000e-03 4.533600e-02
812 9.524120e-01 2.392000e-03 4.519600e-02
813 9.523960e-01 2.460000e-03 4.514400e-02
814 9.523480e-01 2.480000e-03 4.517200e-02
815 9.524200e-01 2.500000e-03 4.508000e-02
816 9.525000e-01 2.488000e-03 4.501200e-02
817 9.524960e-01 2.576000e-03 4.492800e-02
818 9.524840e-01 2.488000e-03 4.502800e-02
819 9.525560e-01 2.396000e-03 4.504800e-02
820 9.525840e-01 2.292000e-03 4.512400e-02
821 9.526720e-01 2.284000e-03 4.504400e-02
822 9.526400e-01 2.272000e-03 4.508800e-02
823 9.528440e-01 2.224000e-03 4.493200e-02
824 9.529640e-01 2.164000e-03 4.487200e-02
825 9.530640e-01 2.132000e-03 4.480400e-02
826 9.531520e-01 2.084000e-03 4.476400e-02
827 9.532480e-01 2.080000e-03 4.467200e-02
828 9.533800e-01 2.084000e-03 4.453600e-02
829 9.534400e-01 2.108000e-03 4.445200e-02
830 9.535000e-01 2.112000e-03 4.438800e-02
831 9.536040e-01 2.112000e-03 4.428400e-02
832 9.537760e-01 2.052000e-03 4.417200e-02
833 9.538680e-01 2.104000e-03 4.402800e-02
834 9.540000e-01 2.044000e-03 4.395600e-02
835 9.541640e-01 1.992000e-03 4.384400e-02
836 9.543360e-01 1.964000e-03 4.370000e-02
837 9.544680e-01 1.980000e-03 4.355200e-02
838 9.545600e-01 1.996000e-03 4.344400e-02
839 9.546240e-01 1.992000e-03 4.338400e-02
840 9.547560e-01 1.984000e-03 4.326000e-02
841 9.549040e-01 1.936000e-03 4.316000e-02
842 9.550600e-01 1.968000e-03 4.297200e-02
843 9.551200e-01 1.920000e-03 4.296000e-02
844 9.551920e-01 1.896000e-03 4.291200e-02
845 9.553200e-01 1.948000e-03 4.273200e-02
846 9.554360e-01 1.972000e-03 4.259200e-02
847 9.555120e-01 1.988000e-03 4.250000e-02
848 9.555160e-01 1.988000e-03 4.249600e-02
849 9.556000e-01 1.948000e-03 4.245200e-02
850 9.556080e-01 1.960000e-03 4.243200e-02
851 9.556400e-01 1.896000e-03 4.246400e-02
852 9.556520e-01 1.892000e-03 4.245600e-02
853 9.557080e-01 1.924000e-03 4.236800e-02
854 9.558280e-01 1.912000e-03 4.226000e-02
855 9.558640e-01 1.968000e-03 4.216800e-02
856 9.560720e-01 1.920000e-03 4.200800e-02
857 9.561040e-01 1.860000e-03 4.203600e-02
858 9.562400e-01 1.880000e-03 4.188000e-02
859 9.563320e-01 1.884000e-03 4.178400e-02
860 9.564480e-01 1.844000e-03 4.170800e-02
861 9.565920e-01 1.744000e-03 4.166400e-02
862 9.567000e-01 1.760000e-03 4.154000e-02
863 9.567480e-01 1.736000e-03 4.151600e-02
864 9.568400e-01 1.696000e-03 4.146400e-02
865 9.568920e-01 1.696000e-03 4.141200e-02
866 9.570080e-01 1.664000e-03 4.132800e-02
867 9.571720e-01 1.664000e-03 4.116400e-02
868 9.573360e-01 1.600000e-03 4.106400e-02
869 9.574960e-01 1.552000e-03 4.095200e-02
870 9.576560e-01 1.492000e-03 4.085200e-02
871 9.578880e-01 1.408000e-03 4.070400e-02
872 9.580400e-01 1.396000e-03 4.056400e-02
873 9.581600e-01 1.392000e-03 4.044800e-02
874 9.583440e-01 1.384000e-03 4.027200e-02
875 9.585440e-01 1.408000e-03 4.004800e-02
876 9.587280e-01 1.416000e-03 3.985600e-02
877 9.589640e-01 1.392000e-03 3.964400e-02
878 9.592080e-01 1.308000e-03 3.948400e-02
879 9.593320e-01 1.352000e-03 3.931600e-02
880 9.594800e-01 1.364000e-03 3.915600e-02
881 9.596520e-01 1.344000e-03 3.900400e-02
882 9.598280e-01 1.300000e-03 3.887200e-02
883 9.599240e-01 1.304000e-03 3.877200e-02
884 9.600800e-01 1.244000e-03 3.867600e-02
885 9.602360e-01 1.232000e-03 3.853200e-02
886 9.603920e-01 1.252000e-03 3.835600e-02
887 9.605840e-01 1.304000e-03 3.811200e-02
888 9.607280e-01 1.264000e-03 3.800800e-02
889 9.608280e-01 1.208000e-03 3.796400e-02
890 9.610200e-01 1.192000e-03 3.778800e-02
891 9.612440e-01 1.144000e-03 3.761200e-02
892 9.614440e-01 1.116000e-03 3.744000e-02
893 9.616560e-01 1.124000e-03 3.722000e-02
894 9.618880e-01 1.084000e-03 3.702800e-02
895 9.620400e-01 1.120000e-03 3.684000e-02
896 9.622520e-01 1.080000e-03 3.666800e-02
897 9.623960e-01 1.132000e-03 3.647200e-02
898 9.625760e-01 1.156000e-03 3.626800e-02
899 9.628200e-01 1.152000e-03 3.602800e-02
900 9.629880e-01 1.156000e-03 3.585600e-02
901 9.630920e-01 1.116000e-03 3.579200e-02
902 9.632520e-01 1.132000e-03 3.561600e-02
903 9.634000e-01 1.120000e-03 3.548000e-02
904 9.635040e-01 1.192000e-03 3.530400e-02
905 9.636040e-01 1.228000e-03 3.516800e-02
906 9.638080e-01 1.192000e-03 3.500000e-02
907 9.638280e-01 1.224000e-03 3.494800e-02
908 9.639920e-01 1.228000e-03 3.478000e-02
909 9.641600e-01 1.208000e-03 3.463200e-02
910 9.643200e-01 1.228000e-03 3.445200e-02
911 9.645080e-01 1.180000e-03 3.431200e-02
912 9.646480e-01 1.128000e-03 3.422400e-02
913 9.648120e-01 1.156000e-03 3.403200e-02
914 9.650320e-01 1.116000e-03 3.385200e-02
915 9.651160e-01 1.144000e-03 3.374000e-02
916 9.651800e-01 1.176000e-03 3.364400e-02
917 9.652960e-01 1.212000e-03 3.349200e-02
918 9.654760e-01 1.140000e-03 3.338400e-02
919 9.656720e-01 1.060000e-03 3.326800e-02
920 9.657880e-01 1.084000e-03 3.312800e-02
921 9.659960e-01 1.088000e-03 3.291600e-02
922 9.661680e-01 1.060000e-03 3.277200e-02
923 9.662000e-01 1.080000e-03 3.272000e-02
924 9.663520e-01 1.064000e-03 3.258400e-02
925 9.665640e-01 1.016000e-03 3.242000e-02
926 9.667200e-01 9.400000e-04 3.234000e-02
927 9.669080e-01 9.200000e-04 3.217200e-02
928 9.670480e-01 9.400000e-04 3.201200e-02
929 9.672040e-01 9.720000e-04 3.182400e-02
930 9.673880e-01 9.760000e-04 3.163600e-02
931 9.674840e-01 1.012000e-03 3.150400e-02
932 9.676480e-01 9.840000e-04 3.136800e-02
