1 9.990680e-01 8.360000e-04 9.600000e-05
2 9.984760e-01 1.268000e-03 2.560000e-04
3 9.977880e-01 1.680000e-03 5.320000e-04
4 9.970000e-01 2.196000e-03 8.040000e-04
5 9.960960e-01 2.716000e-03 1.188000e-03
6 9.950280e-01 3.332000e-03 1.640000e-03
7 9.941480e-01 3.744000e-03 2.108000e-03
8 9.931200e-01 4.160000e-03 2.720000e-03
9 9.920800e-01 4.524000e-03 3.396000e-03
10 9.908920e-01 4.876000e-03 4.232000e-03
11 9.898000e-01 5.112000e-03 5.088000e-03
12 9.886480e-01 5.340000e-03 6.012000e-03
13 9.874960e-01 5.652000e-03 6.852000e-03
14 9.862360e-01 6.024000e-03 7.740000e-03
15 9.849280e-01 6.404000e-03 8.668000e-03
16 9.835200e-01 6.820000e-03 9.660000e-03
17 9.823760e-01 7.000000e-03 1.062400e-02
18 9.810200e-01 7.212000e-03 1.176800e-02
19 9.796840e-01 7.444000e-03 1.287200e-02
20 9.782760e-01 7.684000e-03 1.404000e-02
21 9.768240e-01 7.856000e-03 1.532000e-02
22 9.754760e-01 7.928000e-03 1.659600e-02
23 9.739200e-01 8.124000e-03 1.795600e-02
24 9.725840e-01 8.256000e-03 1.916000e-02
25 9.712400e-01 8.352000e-03 2.040800e-02
26 9.700000e-01 8.400000e-03 2.160000e-02
27 9.687760e-01 8.456000e-03 2.276800e-02
28 9.673680e-01 8.704000e-03 2.392800e-02
29 9.659960e-01 8.840000e-03 2.516400e-02
30 9.645600e-01 9.040000e-03 2.640000e-02
31 9.632880e-01 8.932000e-03 2.778000e-02
32 9.617040e-01 9.324000e-03 2.897200e-02
33 9.604200e-01 9.228000e-03 3.035200e-02
34 9.590400e-01 9.212000e-03 3.174800e-02
35 9.575160e-01 9.600000e-03 3.288400e-02
36 9.559960e-01 9.756000e-03 3.424800e-02
37 9.544440e-01 9.948000e-03 3.560800e-02
38 9.532040e-01 9.852000e-03 3.694400e-02
39 9.518000e-01 1.003600e-02 3.816400e-02
40 9.503920e-01 1.018800e-02 3.942000e-02
41 9.488160e-01 1.036400e-02 4.082000e-02
42 9.473680e-01 1.036400e-02 4.226800e-02
43 9.459880e-01 1.043600e-02 4.357600e-02
44 9.444400e-01 1.062000e-02 4.494000e-02
45 9.428120e-01 1.069600e-02 4.649200e-02
46 9.413080e-01 1.080000e-02 4.789200e-02
47 9.398560e-01 1.100800e-02 4.913600e-02
48 9.384840e-01 1.106800e-02 5.044800e-02
49 9.370000e-01 1.116000e-02 5.184000e-02
50 9.354480e-01 1.130000e-02 5.325200e-02
51 9.340480e-01 1.129200e-02 5.466000e-02
52 9.327960e-01 1.125600e-02 5.594800e-02
53 9.315240e-01 1.135600e-02 5.712000e-02
54 9.302040e-01 1.126400e-02 5.853200e-02
55 9.290760e-01 1.120800e-02 5.971600e-02
56 9.278600e-01 1.124400e-02 6.089600e-02
57 9.265400e-01 1.122000e-02 6.224000e-02
58 9.251520e-01 1.127200e-02 6.357600e-02
59 9.237320e-01 1.143600e-02 6.483200e-02
60 9.223480e-01 1.146800e-02 6.618400e-02
61 9.211000e-01 1.142400e-02 6.747600e-02
62 9.198760e-01 1.136800e-02 6.875600e-02
63 9.185560e-01 1.149600e-02 6.994800e-02
64 9.172640e-01 1.157600e-02 7.116000e-02
65 9.159200e-01 1.169200e-02 7.238800e-02
66 9.147760e-01 1.169600e-02 7.352800e-02
67 9.136000e-01 1.178000e-02 7.462000e-02
68 9.122600e-01 1.192800e-02 7.581200e-02
69 9.110480e-01 1.197600e-02 7.697600e-02
70 9.095800e-01 1.219600e-02 7.822400e-02
71 9.085640e-01 1.204800e-02 7.938800e-02
72 9.070640e-01 1.237200e-02 8.056400e-02
73 9.057720e-01 1.246400e-02 8.176400e-02
74 9.045120e-01 1.247600e-02 8.301200e-02
75 9.031280e-01 1.279600e-02 8.407600e-02
76 9.018160e-01 1.305600e-02 8.512800e-02
77 9.006080e-01 1.284800e-02 8.654400e-02
78 8.994320e-01 1.282800e-02 8.774000e-02
79 8.982520e-01 1.284800e-02 8.890000e-02
80 8.968600e-01 1.294800e-02 9.019200e-02
81 8.957360e-01 1.288000e-02 9.138400e-02
82 8.945720e-01 1.298000e-02 9.244800e-02
83 8.932560e-01 1.295600e-02 9.378800e-02
84 8.920040e-01 1.284400e-02 9.515200e-02
85 8.909480e-01 1.258000e-02 9.647200e-02
86 8.897200e-01 1.269200e-02 9.758800e-02
87 8.886680e-01 1.274400e-02 9.858800e-02
88 8.876160e-01 1.266400e-02 9.972000e-02
89 8.866360e-01 1.247600e-02 1.008880e-01
90 8.855760e-01 1.233200e-02 1.020920e-01
91 8.846480e-01 1.219600e-02 1.031560e-01
92 8.836840e-01 1.232800e-02 1.039880e-01
93 8.826200e-01 1.236400e-02 1.050160e-01
94 8.815600e-01 1.240400e-02 1.060360e-01
95 8.806840e-01 1.232800e-02 1.069880e-01
96 8.795200e-01 1.253200e-02 1.079480e-01
97 8.786960e-01 1.243200e-02 1.088720e-01
98 8.777680e-01 1.261200e-02 1.096200e-01
99 8.769320e-01 1.250400e-02 1.105640e-01
100 8.761120e-01 1.252800e-02 1.113600e-01
101 8.752280e-01 1.239600e-02 1.123760e-01
102 8.744800e-01 1.228000e-02 1.132400e-01
103 8.736160e-01 1.245600e-02 1.139280e-01
104 8.727520e-01 1.253200e-02 1.147160e-01
105 8.718840e-01 1.250000e-02 1.156160e-01
106 8.711080e-01 1.235200e-02 1.165400e-01
107 8.703280e-01 1.206400e-02 1.176080e-01
108 8.693760e-01 1.214000e-02 1.184840e-01
109 8.686880e-01 1.196000e-02 1.193520e-01
110 8.680120e-01 1.182800e-02 1.201600e-01
111 8.672280e-01 1.194400e-02 1.208280e-01
112 8.664120e-01 1.201200e-02 1.215760e-01
113 8.655680e-01 1.225200e-02 1.221800e-01
114 8.649080e-01 1.230400e-02 1.227880e-01
115 8.640800e-01 1.240400e-02 1.235160e-01
116 8.630520e-01 1.256800e-02 1.243800e-01
117 8.621640e-01 1.271200e-02 1.251240e-01
118 8.611240e-01 1.288000e-02 1.259960e-01
119 8.603800e-01 1.286400e-02 1.267560e-01
120 8.593760e-01 1.297600e-02 1.276480e-01
121 8.585000e-01 1.300400e-02 1.284960e-01
122 8.575600e-01 1.314000e-02 1.293000e-01
123 8.567840e-01 1.306400e-02 1.301520e-01
124 8.560880e-01 1.288000e-02 1.310320e-01
125 8.555400e-01 1.262400e-02 1.318360e-01
126 8.549440e-01 1.273200e-02 1.323240e-01
127 8.542600e-01 1.267600e-02 1.330640e-01
128 8.535760e-01 1.280000e-02 1.336240e-01
129 8.528520e-01 1.279200e-02 1.343560e-01
130 8.522360e-01 1.266400e-02 1.351000e-01
131 8.517680e-01 1.229200e-02 1.359400e-01
132 8.512480e-01 1.205200e-02 1.367000e-01
133 8.507560e-01 1.200400e-02 1.372400e-01
134 8.502800e-01 1.195200e-02 1.377680e-01
135 8.497480e-01 1.196000e-02 1.382920e-01
136 8.493320e-01 1.187600e-02 1.387920e-01
137 8.487600e-01 1.177600e-02 1.394640e-01
138 8.483440e-01 1.158800e-02 1.400680e-01
139 8.478960e-01 1.152000e-02 1.405840e-01
140 8.473640e-01 1.160400e-02 1.410320e-01
141 8.470200e-01 1.144800e-02 1.415320e-01
142 8.462680e-01 1.165600e-02 1.420760e-01
143 8.459800e-01 1.145200e-02 1.425680e-01
144 8.455480e-01 1.147600e-02 1.429760e-01
145 8.452040e-01 1.132000e-02 1.434760e-01
146 8.450160e-01 1.123600e-02 1.437480e-01
147 8.447000e-01 1.131600e-02 1.439840e-01
148 8.443080e-01 1.115600e-02 1.445360e-01
149 8.439920e-01 1.115600e-02 1.448520e-01
150 8.436760e-01 1.101200e-02 1.453120e-01
151 8.432200e-01 1.085200e-02 1.459280e-01
152 8.428200e-01 1.074000e-02 1.464400e-01
153 8.424480e-01 1.078400e-02 1.467680e-01
154 8.421160e-01 1.081200e-02 1.470720e-01
155 8.416560e-01 1.091600e-02 1.474280e-01
156 8.414600e-01 1.068000e-02 1.478600e-01
157 8.413480e-01 1.044400e-02 1.482080e-01
158 8.410520e-01 1.045200e-02 1.484960e-01
159 8.410800e-01 1.031600e-02 1.486040e-01
160 8.409320e-01 1.030400e-02 1.487640e-01
161 8.407440e-01 1.044800e-02 1.488080e-01
162 8.407000e-01 1.012000e-02 1.491800e-01
163 8.403040e-01 1.020800e-02 1.494880e-01
164 8.401080e-01 1.021600e-02 1.496760e-01
165 8.397400e-01 1.028400e-02 1.499760e-01
166 8.395760e-01 1.005600e-02 1.503680e-01
167 8.392960e-01 1.026800e-02 1.504360e-01
168 8.391920e-01 1.014800e-02 1.506600e-01
169 8.391000e-01 1.014000e-02 1.507600e-01
170 8.390280e-01 1.025600e-02 1.507160e-01
171 8.388400e-01 1.012800e-02 1.510320e-01
172 8.387560e-01 9.960000e-03 1.512840e-01
173 8.385680e-01 9.980000e-03 1.514520e-01
174 8.383360e-01 9.988000e-03 1.516760e-01
175 8.380680e-01 1.017600e-02 1.517560e-01
176 8.376840e-01 1.025600e-02 1.520600e-01
177 8.373880e-01 1.028800e-02 1.523240e-01
178 8.372480e-01 1.012400e-02 1.526280e-01
179 8.371040e-01 1.012000e-02 1.527760e-01
180 8.368720e-01 1.013200e-02 1.529960e-01
181 8.369120e-01 9.972000e-03 1.531160e-01
182 8.368080e-01 1.004000e-02 1.531520e-01
183 8.367920e-01 9.944000e-03 1.532640e-01
184 8.366200e-01 9.912000e-03 1.534680e-01
185 8.365520e-01 9.932000e-03 1.535160e-01
186 8.363520e-01 1.000400e-02 1.536440e-01
187 8.363680e-01 9.832000e-03 1.538000e-01
188 8.363280e-01 9.704000e-03 1.539680e-01
189 8.363160e-01 9.604000e-03 1.540800e-01
190 8.363720e-01 9.508000e-03 1.541200e-01
191 8.361200e-01 9.576000e-03 1.543040e-01
192 8.361480e-01 9.536000e-03 1.543160e-01
193 8.359000e-01 9.648000e-03 1.544520e-01
194 8.356200e-01 9.676000e-03 1.547040e-01
195 8.354560e-01 9.708000e-03 1.548360e-01
196 8.352280e-01 9.908000e-03 1.548640e-01
197 8.351960e-01 9.868000e-03 1.549360e-01
198 8.350520e-01 9.812000e-03 1.551360e-01
199 8.348880e-01 9.896000e-03 1.552160e-01
200 8.346560e-01 9.880000e-03 1.554640e-01
201 8.345160e-01 9.764000e-03 1.557200e-01
202 8.346200e-01 9.732000e-03 1.556480e-01
203 8.344560e-01 9.736000e-03 1.558080e-01
204 8.342360e-01 9.744000e-03 1.560200e-01
205 8.341640e-01 9.620000e-03 1.562160e-01
206 8.340400e-01 9.516000e-03 1.564440e-01
207 8.339120e-01 9.540000e-03 1.565480e-01
208 8.339720e-01 9.452000e-03 1.565760e-01
209 8.338560e-01 9.472000e-03 1.566720e-01
210 8.337760e-01 9.444000e-03 1.567800e-01
211 8.336480e-01 9.408000e-03 1.569440e-01
212 8.337400e-01 9.204000e-03 1.570560e-01
213 8.337640e-01 9.220000e-03 1.570160e-01
214 8.337880e-01 9.108000e-03 1.571040e-01
215 8.339760e-01 9.072000e-03 1.569520e-01
216 8.339680e-01 9.072000e-03 1.569600e-01
217 8.342120e-01 8.988000e-03 1.568000e-01
218 8.342960e-01 9.032000e-03 1.566720e-01
219 8.343840e-01 8.976000e-03 1.566400e-01
220 8.343040e-01 8.948000e-03 1.567480e-01
221 8.343680e-01 8.964000e-03 1.566680e-01
222 8.340960e-01 9.116000e-03 1.567880e-01
223 8.341720e-01 9.252000e-03 1.565760e-01
224 8.341720e-01 9.100000e-03 1.567280e-01
225 8.340640e-01 9.036000e-03 1.569000e-01
226 8.339400e-01 9.120000e-03 1.569400e-01
227 8.339880e-01 9.136000e-03 1.568760e-01
228 8.338720e-01 9.244000e-03 1.568840e-01
229 8.339880e-01 9.344000e-03 1.566680e-01
230 8.340400e-01 9.444000e-03 1.565160e-01
231 8.339240e-01 9.436000e-03 1.566400e-01
232 8.339240e-01 9.548000e-03 1.565280e-01
233 8.338840e-01 9.484000e-03 1.566320e-01
234 8.338760e-01 9.344000e-03 1.567800e-01
235 8.340840e-01 9.268000e-03 1.566480e-01
236 8.340000e-01 9.308000e-03 1.566920e-01
237 8.341600e-01 9.192000e-03 1.566480e-01
238 8.341520e-01 9.064000e-03 1.567840e-01
239 8.343280e-01 9.088000e-03 1.565840e-01
240 8.345320e-01 8.788000e-03 1.566800e-01
241 8.344760e-01 8.756000e-03 1.567680e-01
242 8.345040e-01 8.640000e-03 1.568560e-01
243 8.345520e-01 8.572000e-03 1.568760e-01
244 8.346440e-01 8.572000e-03 1.567840e-01
245 8.346800e-01 8.552000e-03 1.567680e-01
246 8.348080e-01 8.432000e-03 1.567600e-01
247 8.349600e-01 8.376000e-03 1.566640e-01
248 8.351480e-01 8.264000e-03 1.565880e-01
249 8.353920e-01 8.308000e-03 1.563000e-01
250 8.356960e-01 8.216000e-03 1.560880e-01
251 8.360080e-01 8.176000e-03 1.558160e-01
252 8.361680e-01 8.032000e-03 1.558000e-01
253 8.362440e-01 7.952000e-03 1.558040e-01
254 8.363640e-01 7.888000e-03 1.557480e-01
255 8.363760e-01 7.880000e-03 1.557440e-01
256 8.366520e-01 7.624000e-03 1.557240e-01
257 8.371080e-01 7.492000e-03 1.554000e-01
258 8.373120e-01 7.352000e-03 1.553360e-01
259 8.375640e-01 7.252000e-03 1.551840e-01
260 8.379320e-01 7.036000e-03 1.550320e-01
261 8.382520e-01 7.084000e-03 1.546640e-01
262 8.385240e-01 7.140000e-03 1.543360e-01
263 8.387720e-01 7.120000e-03 1.541080e-01
264 8.390360e-01 7.284000e-03 1.536800e-01
265 8.393240e-01 7.324000e-03 1.533520e-01
266 8.395840e-01 7.288000e-03 1.531280e-01
267 8.399760e-01 7.348000e-03 1.526760e-01
268 8.404040e-01 7.144000e-03 1.524520e-01
269 8.404800e-01 7.240000e-03 1.522800e-01
270 8.405640e-01 7.316000e-03 1.521200e-01
271 8.406680e-01 7.460000e-03 1.518720e-01
272 8.408600e-01 7.416000e-03 1.517240e-01
273 8.409040e-01 7.672000e-03 1.514240e-01
274 8.408080e-01 7.808000e-03 1.513840e-01
275 8.409640e-01 7.776000e-03 1.512600e-01
276 8.410400e-01 7.820000e-03 1.511400e-01
277 8.410720e-01 7.780000e-03 1.511480e-01
278 8.411760e-01 7.900000e-03 1.509240e-01
279 8.413280e-01 7.928000e-03 1.507440e-01
280 8.414480e-01 7.880000e-03 1.506720e-01
281 8.412400e-01 8.076000e-03 1.506840e-01
282 8.413000e-01 8.024000e-03 1.506760e-01
283 8.413200e-01 8.072000e-03 1.506080e-01
284 8.415400e-01 7.924000e-03 1.505360e-01
285 8.416480e-01 7.968000e-03 1.503840e-01
286 8.419040e-01 7.928000e-03 1.501680e-01
287 8.421360e-01 7.688000e-03 1.501760e-01
288 8.423760e-01 7.680000e-03 1.499440e-01
289 8.424600e-01 7.632000e-03 1.499080e-01
290 8.426760e-01 7.572000e-03 1.497520e-01
291 8.426800e-01 7.572000e-03 1.497480e-01
292 8.426560e-01 7.648000e-03 1.496960e-01
293 8.427040e-01 7.856000e-03 1.494400e-01
294 8.427960e-01 7.880000e-03 1.493240e-01
295 8.430560e-01 7.892000e-03 1.490520e-01
296 8.429600e-01 8.056000e-03 1.489840e-01
297 8.428240e-01 8.188000e-03 1.489880e-01
298 8.429840e-01 8.116000e-03 1.489000e-01
299 8.432080e-01 8.064000e-03 1.487280e-01
300 8.433760e-01 8.020000e-03 1.486040e-01
301 8.435000e-01 7.892000e-03 1.486080e-01
302 8.435520e-01 7.792000e-03 1.486560e-01
303 8.435440e-01 7.832000e-03 1.486240e-01
304 8.434720e-01 8.012000e-03 1.485160e-01
305 8.434880e-01 8.024000e-03 1.484880e-01
306 8.435640e-01 7.988000e-03 1.484480e-01
307 8.436880e-01 7.988000e-03 1.483240e-01
308 8.436400e-01 8.016000e-03 1.483440e-01
309 8.437640e-01 7.892000e-03 1.483440e-01
310 8.437360e-01 7.884000e-03 1.483800e-01
311 8.439520e-01 7.872000e-03 1.481760e-01
312 8.441920e-01 7.884000e-03 1.479240e-01
313 8.444440e-01 7.692000e-03 1.478640e-01
314 8.444960e-01 7.844000e-03 1.476600e-01
315 8.447760e-01 7.624000e-03 1.476000e-01
316 8.449760e-01 7.424000e-03 1.476000e-01
317 8.452840e-01 7.356000e-03 1.473600e-01
318 8.454240e-01 7.384000e-03 1.471920e-01
319 8.453560e-01 7.584000e-03 1.470600e-01
320 8.454200e-01 7.612000e-03 1.469680e-01
321 8.455080e-01 7.620000e-03 1.468720e-01
322 8.455480e-01 7.704000e-03 1.467480e-01
323 8.456240e-01 7.780000e-03 1.465960e-01
324 8.457360e-01 7.696000e-03 1.465680e-01
325 8.459040e-01 7.640000e-03 1.464560e-01
326 8.459480e-01 7.720000e-03 1.463320e-01
327 8.460160e-01 7.796000e-03 1.461880e-01
328 8.460320e-01 7.912000e-03 1.460560e-01
329 8.461520e-01 7.832000e-03 1.460160e-01
330 8.461400e-01 7.924000e-03 1.459360e-01
331 8.460920e-01 7.940000e-03 1.459680e-01
332 8.460600e-01 7.908000e-03 1.460320e-01
333 8.460240e-01 8.052000e-03 1.459240e-01
334 8.459560e-01 8.168000e-03 1.458760e-01
335 8.459720e-01 8.284000e-03 1.457440e-01
336 8.457880e-01 8.300000e-03 1.459120e-01
337 8.457560e-01 8.416000e-03 1.458280e-01
338 8.459440e-01 8.492000e-03 1.455640e-01
339 8.459320e-01 8.508000e-03 1.455600e-01
340 8.460400e-01 8.384000e-03 1.455760e-01
341 8.461080e-01 8.280000e-03 1.456120e-01
342 8.463120e-01 8.160000e-03 1.455280e-01
343 8.466920e-01 7.936000e-03 1.453720e-01
344 8.468720e-01 7.836000e-03 1.452920e-01
345 8.472680e-01 7.572000e-03 1.451600e-01
346 8.478880e-01 7.260000e-03 1.448520e-01
347 8.479760e-01 7.276000e-03 1.447480e-01
348 8.481680e-01 7.108000e-03 1.447240e-01
349 8.485160e-01 6.872000e-03 1.446120e-01
350 8.487240e-01 6.752000e-03 1.445240e-01
351 8.489920e-01 6.816000e-03 1.441920e-01
352 8.492720e-01 6.756000e-03 1.439720e-01
353 8.495120e-01 6.664000e-03 1.438240e-01
354 8.496280e-01 6.888000e-03 1.434840e-01
355 8.500280e-01 6.768000e-03 1.432040e-01
356 8.502920e-01 6.868000e-03 1.428400e-01
357 8.504960e-01 6.668000e-03 1.428360e-01
358 8.507960e-01 6.712000e-03 1.424920e-01
359 8.509120e-01 6.728000e-03 1.423600e-01
360 8.512080e-01 6.548000e-03 1.422440e-01
361 8.515880e-01 6.552000e-03 1.418600e-01
362 8.518960e-01 6.536000e-03 1.415680e-01
363 8.522360e-01 6.524000e-03 1.412400e-01
364 8.525280e-01 6.416000e-03 1.410560e-01
365 8.527120e-01 6.428000e-03 1.408600e-01
366 8.530040e-01 6.360000e-03 1.406360e-01
367 8.532520e-01 6.500000e-03 1.402480e-01
368 8.535880e-01 6.408000e-03 1.400040e-01
369 8.539000e-01 6.448000e-03 1.396520e-01
370 8.541360e-01 6.468000e-03 1.393960e-01
371 8.543000e-01 6.512000e-03 1.391880e-01
372 8.545400e-01 6.468000e-03 1.389920e-01
373 8.548400e-01 6.512000e-03 1.386480e-01
374 8.552120e-01 6.440000e-03 1.383480e-01
375 8.554240e-01 6.536000e-03 1.380400e-01
376 8.557160e-01 6.572000e-03 1.377120e-01
377 8.560200e-01 6.612000e-03 1.373680e-01
378 8.562000e-01 6.632000e-03 1.371680e-01
379 8.564240e-01 6.452000e-03 1.371240e-01
380 8.567840e-01 6.316000e-03 1.369000e-01
381 8.571240e-01 6.208000e-03 1.366680e-01
382 8.574160e-01 6.220000e-03 1.363640e-01
383 8.576120e-01 6.248000e-03 1.361400e-01
384 8.578440e-01 6.200000e-03 1.359560e-01
385 8.581560e-01 6.184000e-03 1.356600e-01
386 8.584480e-01 6.148000e-03 1.354040e-01
387 8.588720e-01 6.108000e-03 1.350200e-01
388 8.591680e-01 6.096000e-03 1.347360e-01
389 8.594480e-01 6.072000e-03 1.344800e-01
390 8.597120e-01 6.016000e-03 1.342720e-01
391 8.598440e-01 6.052000e-03 1.341040e-01
392 8.603280e-01 5.872000e-03 1.338000e-01
393 8.607640e-01 5.732000e-03 1.335040e-01
394 8.610640e-01 5.712000e-03 1.332240e-01
395 8.615400e-01 5.568000e-03 1.328920e-01
396 8.620640e-01 5.484000e-03 1.324520e-01
397 8.624560e-01 5.392000e-03 1.321520e-01
398 8.627440e-01 5.408000e-03 1.318480e-01
399 8.629800e-01 5.372000e-03 1.316480e-01
400 8.634000e-01 5.388000e-03 1.312120e-01
401 8.637120e-01 5.404000e-03 1.308840e-01
402 8.641760e-01 5.356000e-03 1.304680e-01
403 8.645760e-01 5.308000e-03 1.301160e-01
404 8.649360e-01 5.340000e-03 1.297240e-01
405 8.654440e-01 5.184000e-03 1.293720e-01
406 8.658080e-01 5.200000e-03 1.289920e-01
407 8.662480e-01 5.048000e-03 1.287040e-01
408 8.667400e-01 4.872000e-03 1.283880e-01
409 8.670520e-01 4.840000e-03 1.281080e-01
410 8.674840e-01 4.728000e-03 1.277880e-01
411 8.678360e-01 4.680000e-03 1.274840e-01
412 8.683520e-01 4.508000e-03 1.271400e-01
413 8.689400e-01 4.432000e-03 1.266280e-01
414 8.694520e-01 4.428000e-03 1.261200e-01
415 8.698680e-01 4.476000e-03 1.256560e-01
416 8.703560e-01 4.388000e-03 1.252560e-01
417 8.708680e-01 4.264000e-03 1.248680e-01
418 8.714160e-01 4.140000e-03 1.244440e-01
419 8.718680e-01 4.132000e-03 1.240000e-01
420 8.723680e-01 4.128000e-03 1.235040e-01
421 8.729920e-01 3.952000e-03 1.230560e-01
422 8.734600e-01 3.912000e-03 1.226280e-01
423 8.739440e-01 3.860000e-03 1.221960e-01
424 8.745680e-01 3.772000e-03 1.216600e-01
425 8.751320e-01 3.724000e-03 1.211440e-01
426 8.757640e-01 3.588000e-03 1.206480e-01
427 8.764560e-01 3.428000e-03 1.201160e-01
428 8.769080e-01 3.428000e-03 1.196640e-01
429 8.774720e-01 3.456000e-03 1.190720e-01
430 8.779240e-01 3.340000e-03 1.187360e-01
431 8.784040e-01 3.360000e-03 1.182360e-01
432 8.788600e-01 3.468000e-03 1.176720e-01
433 8.792800e-01 3.452000e-03 1.172680e-01
434 8.797760e-01 3.416000e-03 1.168080e-01
435 8.802400e-01 3.400000e-03 1.163600e-01
436 8.807760e-01 3.444000e-03 1.157800e-01
437 8.812360e-01 3.452000e-03 1.153120e-01
438 8.817960e-01 3.376000e-03 1.148280e-01
439 8.822720e-01 3.360000e-03 1.143680e-01
440 8.827960e-01 3.440000e-03 1.137640e-01
441 8.832560e-01 3.504000e-03 1.132400e-01
442 8.836200e-01 3.584000e-03 1.127960e-01
443 8.840680e-01 3.692000e-03 1.122400e-01
444 8.844800e-01 3.736000e-03 1.117840e-01
445 8.846880e-01 3.736000e-03 1.115760e-01
446 8.851480e-01 3.600000e-03 1.112520e-01
447 8.857160e-01 3.592000e-03 1.106920e-01
448 8.862760e-01 3.612000e-03 1.101120e-01
449 8.866680e-01 3.720000e-03 1.096120e-01
450 8.870360e-01 3.704000e-03 1.092600e-01
451 8.873520e-01 3.740000e-03 1.089080e-01
452 8.877640e-01 3.740000e-03 1.084960e-01
453 8.881920e-01 3.696000e-03 1.081120e-01
454 8.885280e-01 3.692000e-03 1.077800e-01
455 8.888520e-01 3.624000e-03 1.075240e-01
456 8.892240e-01 3.664000e-03 1.071120e-01
457 8.896120e-01 3.572000e-03 1.068160e-01
458 8.901960e-01 3.576000e-03 1.062280e-01
459 8.904880e-01 3.696000e-03 1.058160e-01
460 8.907000e-01 3.784000e-03 1.055160e-01
461 8.909520e-01 3.948000e-03 1.051000e-01
462 8.913080e-01 3.972000e-03 1.047200e-01
463 8.918240e-01 3.888000e-03 1.042880e-01
464 8.921240e-01 3.892000e-03 1.039840e-01
465 8.926280e-01 3.824000e-03 1.035480e-01
466 8.930840e-01 3.752000e-03 1.031640e-01
467 8.934360e-01 3.816000e-03 1.027480e-01
468 8.938040e-01 3.768000e-03 1.024280e-01
469 8.941440e-01 3.784000e-03 1.020720e-01
470 8.944440e-01 3.816000e-03 1.017400e-01
471 8.947880e-01 3.780000e-03 1.014320e-01
472 8.949920e-01 3.792000e-03 1.012160e-01
473 8.953120e-01 3.868000e-03 1.008200e-01
474 8.957160e-01 3.844000e-03 1.004400e-01
475 8.959760e-01 3.840000e-03 1.001840e-01
476 8.962080e-01 3.888000e-03 9.990400e-02
477 8.964680e-01 3.976000e-03 9.955600e-02
478 8.967760e-01 4.000000e-03 9.922400e-02
479 8.969840e-01 4.084000e-03 9.893200e-02
480 8.972160e-01 4.080000e-03 9.870400e-02
481 8.975360e-01 4.056000e-03 9.840800e-02
482 8.977840e-01 4.212000e-03 9.800400e-02
483 8.980840e-01 4.104000e-03 9.781200e-02
484 8.982160e-01 4.112000e-03 9.767200e-02
485 8.985320e-01 4.012000e-03 9.745600e-02
486 8.986960e-01 4.060000e-03 9.724400e-02
487 8.989880e-01 4.008000e-03 9.700400e-02
488 8.991120e-01 4.096000e-03 9.679200e-02
489 8.993240e-01 4.076000e-03 9.660000e-02
490 8.996400e-01 3.936000e-03 9.642400e-02
491 8.998480e-01 3.968000e-03 9.618400e-02
492 8.999560e-01 4.032000e-03 9.601200e-02
493 9.002880e-01 4.052000e-03 9.566000e-02
494 9.004040e-01 4.076000e-03 9.552000e-02
495 9.006040e-01 4.128000e-03 9.526800e-02
496 9.007280e-01 4.252000e-03 9.502000e-02
497 9.007480e-01 4.312000e-03 9.494000e-02
498 9.010120e-01 4.304000e-03 9.468400e-02
499 9.011720e-01 4.376000e-03 9.445200e-02
500 9.012400e-01 4.424000e-03 9.433600e-02
501 9.013040e-01 4.488000e-03 9.420800e-02
502 9.015640e-01 4.432000e-03 9.400400e-02
503 9.017520e-01 4.428000e-03 9.382000e-02
504 9.021200e-01 4.356000e-03 9.352400e-02
505 9.022440e-01 4.332000e-03 9.342400e-02
506 9.026360e-01 4.160000e-03 9.320400e-02
507 9.029000e-01 4.120000e-03 9.298000e-02
508 9.030680e-01 4.220000e-03 9.271200e-02
509 9.033040e-01 4.108000e-03 9.258800e-02
510 9.035680e-01 4.096000e-03 9.233600e-02
511 9.037360e-01 4.172000e-03 9.209200e-02
512 9.038600e-01 4.164000e-03 9.197600e-02
513 9.040480e-01 4.104000e-03 9.184800e-02
514 9.044840e-01 4.096000e-03 9.142000e-02
515 9.047320e-01 3.952000e-03 9.131600e-02
516 9.049600e-01 3.780000e-03 9.126000e-02
517 9.053200e-01 3.660000e-03 9.102000e-02
518 9.056520e-01 3.572000e-03 9.077600e-02
519 9.059440e-01 3.480000e-03 9.057600e-02
520 9.063120e-01 3.348000e-03 9.034000e-02
521 9.065440e-01 3.320000e-03 9.013600e-02
522 9.068520e-01 3.256000e-03 8.989200e-02
523 9.071400e-01 3.304000e-03 8.955600e-02
524 9.074000e-01 3.432000e-03 8.916800e-02
525 9.076760e-01 3.464000e-03 8.886000e-02
526 9.078000e-01 3.512000e-03 8.868800e-02
527 9.081520e-01 3.464000e-03 8.838400e-02
528 9.083520e-01 3.524000e-03 8.812400e-02
529 9.085320e-01 3.592000e-03 8.787600e-02
530 9.086520e-01 3.624000e-03 8.772400e-02
531 9.089320e-01 3.748000e-03 8.732000e-02
532 9.089680e-01 3.860000e-03 8.717200e-02
533 9.090040e-01 3.908000e-03 8.708800e-02
534 9.091000e-01 3.848000e-03 8.705200e-02
535 9.092720e-01 3.864000e-03 8.686400e-02
536 9.094160e-01 3.936000e-03 8.664800e-02
537 9.094200e-01 4.024000e-03 8.655600e-02
538 9.097520e-01 3.884000e-03 8.636400e-02
539 9.100240e-01 3.884000e-03 8.609200e-02
540 9.102480e-01 3.916000e-03 8.583600e-02
541 9.103720e-01 3.988000e-03 8.564000e-02
542 9.105160e-01 3.936000e-03 8.554800e-02
543 9.107480e-01 3.824000e-03 8.542800e-02
544 9.109200e-01 3.872000e-03 8.520800e-02
545 9.110160e-01 3.876000e-03 8.510800e-02
546 9.110440e-01 3.900000e-03 8.505600e-02
547 9.110200e-01 4.040000e-03 8.494000e-02
548 9.110720e-01 4.004000e-03 8.492400e-02
549 9.111560e-01 4.064000e-03 8.478000e-02
550 9.112360e-01 4.048000e-03 8.471600e-02
551 9.113080e-01 4.084000e-03 8.460800e-02
552 9.114440e-01 4.148000e-03 8.440800e-02
553 9.116000e-01 4.136000e-03 8.426400e-02
554 9.116680e-01 4.132000e-03 8.420000e-02
555 9.116640e-01 4.216000e-03 8.412000e-02
556 9.117160e-01 4.232000e-03 8.405200e-02
557 9.118840e-01 4.272000e-03 8.384400e-02
558 9.119400e-01 4.240000e-03 8.382000e-02
559 9.120040e-01 4.300000e-03 8.369600e-02
560 9.119880e-01 4.452000e-03 8.356000e-02
561 9.120560e-01 4.436000e-03 8.350800e-02
562 9.120800e-01 4.456000e-03 8.346400e-02
563 9.120760e-01 4.436000e-03 8.348800e-02
564 9.120760e-01 4.472000e-03 8.345200e-02
565 9.123040e-01 4.444000e-03 8.325200e-02
566 9.124040e-01 4.292000e-03 8.330400e-02
567 9.125320e-01 4.336000e-03 8.313200e-02
568 9.125280e-01 4.412000e-03 8.306000e-02
569 9.124120e-01 4.584000e-03 8.300400e-02
570 9.124120e-01 4.584000e-03 8.300400e-02
571 9.124360e-01 4.644000e-03 8.292000e-02
572 9.125680e-01 4.552000e-03 8.288000e-02
573 9.127840e-01 4.340000e-03 8.287600e-02
574 9.128880e-01 4.356000e-03 8.275600e-02
575 9.129160e-01 4.492000e-03 8.259200e-02
576 9.129520e-01 4.548000e-03 8.250000e-02
577 9.130960e-01 4.440000e-03 8.246400e-02
578 9.131680e-01 4.516000e-03 8.231600e-02
579 9.131960e-01 4.476000e-03 8.232800e-02
580 9.133600e-01 4.424000e-03 8.221600e-02
581 9.134200e-01 4.408000e-03 8.217200e-02
582 9.134360e-01 4.372000e-03 8.219200e-02
583 9.135520e-01 4.184000e-03 8.226400e-02
584 9.135840e-01 4.196000e-03 8.222000e-02
585 9.135680e-01 4.192000e-03 8.224000e-02
586 9.135360e-01 4.212000e-03 8.225200e-02
587 9.136120e-01 4.192000e-03 8.219600e-02
588 9.136920e-01 4.124000e-03 8.218400e-02
589 9.137560e-01 4.052000e-03 8.219200e-02
590 9.138760e-01 4.044000e-03 8.208000e-02
591 9.140640e-01 4.048000e-03 8.188800e-02
592 9.140840e-01 4.020000e-03 8.189600e-02
593 9.142720e-01 3.956000e-03 8.177200e-02
594 9.144040e-01 3.936000e-03 8.166000e-02
595 9.144920e-01 3.884000e-03 8.162400e-02
596 9.146080e-01 3.900000e-03 8.149200e-02
597 9.148760e-01 3.928000e-03 8.119600e-02
598 9.149280e-01 4.024000e-03 8.104800e-02
599 9.149920e-01 4.012000e-03 8.099600e-02
600 9.152200e-01 3.956000e-03 8.082400e-02
601 9.153080e-01 3.892000e-03 8.080000e-02
602 9.154800e-01 3.912000e-03 8.060800e-02
603 9.157760e-01 3.840000e-03 8.038400e-02
604 9.158040e-01 3.852000e-03 8.034400e-02
605 9.158880e-01 3.928000e-03 8.018400e-02
606 9.158480e-01 4.040000e-03 8.011200e-02
607 9.159040e-01 4.096000e-03 8.000000e-02
608 9.159640e-01 4.128000e-03 7.990800e-02
609 9.160680e-01 4.140000e-03 7.979200e-02
610 9.162880e-01 4.080000e-03 7.963200e-02
611 9.165160e-01 3.904000e-03 7.958000e-02
612 9.166880e-01 3.876000e-03 7.943600e-02
613 9.169240e-01 3.780000e-03 7.929600e-02
614 9.168680e-01 3.892000e-03 7.924000e-02
615 9.168720e-01 3.924000e-03 7.920400e-02
616 9.170240e-01 3.888000e-03 7.908800e-02
617 9.171520e-01 3.836000e-03 7.901200e-02
618 9.172040e-01 3.940000e-03 7.885600e-02
619 9.172000e-01 4.028000e-03 7.877200e-02
620 9.172360e-01 4.036000e-03 7.872800e-02
621 9.172800e-01 4.124000e-03 7.859600e-02
622 9.172800e-01 4.188000e-03 7.853200e-02
623 9.175520e-01 4.036000e-03 7.841200e-02
624 9.175960e-01 4.112000e-03 7.829200e-02
625 9.177920e-01 4.092000e-03 7.811600e-02
626 9.178240e-01 4.120000e-03 7.805600e-02
627 9.179000e-01 4.120000e-03 7.798000e-02
628 9.180160e-01 4.192000e-03 7.779200e-02
629 9.179840e-01 4.228000e-03 7.778800e-02
630 9.180240e-01 4.212000e-03 7.776400e-02
631 9.180000e-01 4.340000e-03 7.766000e-02
632 9.180200e-01 4.304000e-03 7.767600e-02
633 9.180720e-01 4.212000e-03 7.771600e-02
634 9.182600e-01 4.136000e-03 7.760400e-02
635 9.184040e-01 4.100000e-03 7.749600e-02
636 9.185200e-01 4.020000e-03 7.746000e-02
637 9.187160e-01 3.936000e-03 7.734800e-02
638 9.189440e-01 3.812000e-03 7.724400e-02
639 9.190680e-01 3.780000e-03 7.715200e-02
640 9.192200e-01 3.752000e-03 7.702800e-02
641 9.193520e-01 3.832000e-03 7.681600e-02
642 9.194120e-01 3.824000e-03 7.676400e-02
643 9.195600e-01 3.760000e-03 7.668000e-02
644 9.197320e-01 3.724000e-03 7.654400e-02
645 9.198640e-01 3.772000e-03 7.636400e-02
646 9.198720e-01 3.840000e-03 7.628800e-02
647 9.199840e-01 3.828000e-03 7.618800e-02
648 9.201280e-01 3.724000e-03 7.614800e-02
649 9.202640e-01 3.772000e-03 7.596400e-02
650 9.202600e-01 3.828000e-03 7.591200e-02
651 9.203400e-01 3.768000e-03 7.589200e-02
652 9.202400e-01 3.908000e-03 7.585200e-02
653 9.201920e-01 3.968000e-03 7.584000e-02
654 9.203360e-01 3.896000e-03 7.576800e-02
655 9.204360e-01 3.924000e-03 7.564000e-02
656 9.204200e-01 3.968000e-03 7.561200e-02
657 9.205240e-01 3.980000e-03 7.549600e-02
658 9.205160e-01 4.004000e-03 7.548000e-02
659 9.206040e-01 3.952000e-03 7.544400e-02
660 9.207840e-01 3.844000e-03 7.537200e-02
661 9.207040e-01 4.036000e-03 7.526000e-02
662 9.208200e-01 3.964000e-03 7.521600e-02
663 9.209080e-01 3.972000e-03 7.512000e-02
664 9.210440e-01 3.924000e-03 7.503200e-02
665 9.211160e-01 4.012000e-03 7.487200e-02
666 9.210560e-01 4.004000e-03 7.494000e-02
667 9.211840e-01 3.888000e-03 7.492800e-02
668 9.213200e-01 3.764000e-03 7.491600e-02
669 9.213680e-01 3.708000e-03 7.492400e-02
670 9.215280e-01 3.640000e-03 7.483200e-02
671 9.216400e-01 3.624000e-03 7.473600e-02
672 9.217000e-01 3.736000e-03 7.456400e-02
673 9.217680e-01 3.628000e-03 7.460400e-02
674 9.217840e-01 3.608000e-03 7.460800e-02
675 9.218440e-01 3.608000e-03 7.454800e-02
676 9.220040e-01 3.672000e-03 7.432400e-02
677 9.221880e-01 3.516000e-03 7.429600e-02
678 9.221560e-01 3.604000e-03 7.424000e-02
679 9.222360e-01 3.580000e-03 7.418400e-02
680 9.222480e-01 3.636000e-03 7.411600e-02
681 9.223120e-01 3.692000e-03 7.399600e-02
682 9.224800e-01 3.696000e-03 7.382400e-02
683 9.226000e-01 3.712000e-03 7.368800e-02
684 9.228240e-01 3.660000e-03 7.351600e-02
685 9.229200e-01 3.672000e-03 7.340800e-02
686 9.230520e-01 3.528000e-03 7.342000e-02
687 9.231440e-01 3.392000e-03 7.346400e-02
688 9.232200e-01 3.540000e-03 7.324000e-02
689 9.234000e-01 3.672000e-03 7.292800e-02
690 9.234880e-01 3.716000e-03 7.279600e-02
691 9.235080e-01 3.668000e-03 7.282400e-02
692 9.234480e-01 3.632000e-03 7.292000e-02
693 9.234240e-01 3.632000e-03 7.294400e-02
694 9.233960e-01 3.648000e-03 7.295600e-02
695 9.233680e-01 3.668000e-03 7.296400e-02
696 9.235080e-01 3.608000e-03 7.288400e-02
697 9.235960e-01 3.616000e-03 7.278800e-02
698 9.237480e-01 3.592000e-03 7.266000e-02
699 9.238760e-01 3.480000e-03 7.264400e-02
700 9.240680e-01 3.428000e-03 7.250400e-02
701 9.242000e-01 3.448000e-03 7.235200e-02
702 9.243440e-01 3.456000e-03 7.220000e-02
703 9.244120e-01 3.456000e-03 7.213200e-02
704 9.246120e-01 3.396000e-03 7.199200e-02
705 9.247880e-01 3.324000e-03 7.188800e-02
706 9.248440e-01 3.440000e-03 7.171600e-02
707 9.249880e-01 3.360000e-03 7.165200e-02
708 9.251640e-01 3.256000e-03 7.158000e-02
709 9.253440e-01 3.240000e-03 7.141600e-02
710 9.255800e-01 3.160000e-03 7.126000e-02
711 9.258200e-01 3.100000e-03 7.108000e-02
712 9.259520e-01 3.032000e-03 7.101600e-02
713 9.261040e-01 3.096000e-03 7.080000e-02
714 9.261880e-01 3.140000e-03 7.067200e-02
715 9.263560e-01 3.228000e-03 7.041600e-02
716 9.265960e-01 3.192000e-03 7.021200e-02
717 9.266960e-01 3.280000e-03 7.002400e-02
718 9.267280e-01 3.340000e-03 6.993200e-02
719 9.268680e-01 3.232000e-03 6.990000e-02
720 9.269680e-01 3.260000e-03 6.977200e-02
721 9.270120e-01 3.364000e-03 6.962400e-02
722 9.271440e-01 3.320000e-03 6.953600e-02
723 9.272800e-01 3.336000e-03 6.938400e-02
724 9.273840e-01 3.420000e-03 6.919600e-02
725 9.273640e-01 3.508000e-03 6.912800e-02
726 9.273560e-01 3.496000e-03 6.914800e-02
727 9.273520e-01 3.564000e-03 6.908400e-02
728 9.274280e-01 3.580000e-03 6.899200e-02
729 9.274600e-01 3.536000e-03 6.900400e-02
730 9.275560e-01 3.492000e-03 6.895200e-02
731 9.275800e-01 3.512000e-03 6.890800e-02
732 9.276800e-01 3.648000e-03 6.867200e-02
733 9.278920e-01 3.476000e-03 6.863200e-02
734 9.280000e-01 3.440000e-03 6.856000e-02
735 9.281120e-01 3.380000e-03 6.850800e-02
736 9.282240e-01 3.268000e-03 6.850800e-02
737 9.283720e-01 3.216000e-03 6.841200e-02
738 9.284960e-01 3.240000e-03 6.826400e-02
739 9.285880e-01 3.240000e-03 6.817200e-02
740 9.286760e-01 3.292000e-03 6.803200e-02
741 9.287440e-01 3.276000e-03 6.798000e-02
742 9.288640e-01 3.196000e-03 6.794000e-02
743 9.290400e-01 3.132000e-03 6.782800e-02
744 9.292760e-01 3.056000e-03 6.766800e-02
745 9.293280e-01 3.136000e-03 6.753600e-02
746 9.294640e-01 3.148000e-03 6.738800e-02
747 9.296040e-01 3.120000e-03 6.727600e-02
748 9.298360e-01 3.076000e-03 6.708800e-02
749 9.299600e-01 3.136000e-03 6.690400e-02
750 9.301920e-01 3.140000e-03 6.666800e-02
751 9.302800e-01 3.068000e-03 6.665200e-02
752 9.303880e-01 3.016000e-03 6.659600e-02
753 9.306720e-01 2.956000e-03 6.637200e-02
754 9.308840e-01 2.876000e-03 6.624000e-02
755 9.311840e-01 2.748000e-03 6.606800e-02
756 9.315160e-01 2.672000e-03 6.581200e-02
757 9.316520e-01 2.724000e-03 6.562400e-02
758 9.317160e-01 2.816000e-03 6.546800e-02
759 9.319120e-01 2.760000e-03 6.532800e-02
760 9.320240e-01 2.788000e-03 6.518800e-02
761 9.322200e-01 2.792000e-03 6.498800e-02
762 9.324200e-01 2.836000e-03 6.474400e-02
763 9.325240e-01 2.940000e-03 6.453600e-02
764 9.325840e-01 2.992000e-03 6.442400e-02
765 9.327480e-01 3.084000e-03 6.416800e-02
766 9.327000e-01 3.220000e-03 6.408000e-02
767 9.327280e-01 3.264000e-03 6.400800e-02
768 9.326880e-01 3.364000e-03 6.394800e-02
769 9.326880e-01 3.432000e-03 6.388000e-02
770 9.328160e-01 3.420000e-03 6.376400e-02
771 9.327760e-01 3.604000e-03 6.362000e-02
772 9.328000e-01 3.644000e-03 6.355600e-02
773 9.328520e-01 3.636000e-03 6.351200e-02
774 9.329680e-01 3.528000e-03 6.350400e-02
775 9.329720e-01 3.640000e-03 6.338800e-02
776 9.330560e-01 3.612000e-03 6.333200e-02
777 9.331640e-01 3.508000e-03 6.332800e-02
778 9.332560e-01 3.376000e-03 6.336800e-02
779 9.333160e-01 3.404000e-03 6.328000e-02
780 9.333880e-01 3.352000e-03 6.326000e-02
781 9.335400e-01 3.340000e-03 6.312000e-02
782 9.335000e-01 3.372000e-03 6.312800e-02
783 9.336160e-01 3.360000e-03 6.302400e-02
784 9.336520e-01 3.364000e-03 6.298400e-02
785 9.337360e-01 3.372000e-03 6.289200e-02
786 9.336400e-01 3.432000e-03 6.292800e-02
787 9.335720e-01 3.536000e-03 6.289200e-02
788 9.334920e-01 3.592000e-03 6.291600e-02
789 9.334440e-01 3.644000e-03 6.291200e-02
790 9.334040e-01 3.708000e-03 6.288800e-02
791 9.333520e-01 3.720000e-03 6.292800e-02
792 9.333880e-01 3.656000e-03 6.295600e-02
793 9.332560e-01 3.732000e-03 6.301200e-02
794 9.332520e-01 3.820000e-03 6.292800e-02
795 9.333080e-01 3.692000e-03 6.300000e-02
796 9.332840e-01 3.756000e-03 6.296000e-02
797 9.333240e-01 3.740000e-03 6.293600e-02
798 9.333320e-01 3.688000e-03 6.298000e-02
799 9.334240e-01 3.672000e-03 6.290400e-02
800 9.335120e-01 3.544000e-03 6.294400e-02
801 9.334960e-01 3.596000e-03 6.290800e-02
802 9.335080e-01 3.612000e-03 6.288000e-02
803 9.335920e-01 3.560000e-03 6.284800e-02
804 9.334880e-01 3.652000e-03 6.286000e-02
805 9.335520e-01 3.624000e-03 6.282400e-02
806 9.336600e-01 3.588000e-03 6.275200e-02
807 9.337840e-01 3.568000e-03 6.264800e-02
808 9.337280e-01 3.572000e-03 6.270000e-02
809 9.335200e-01 3.768000e-03 6.271200e-02
810 9.334640e-01 3.836000e-03 6.270000e-02
811 9.333320e-01 3.896000e-03 6.277200e-02
812 9.332800e-01 3.856000e-03 6.286400e-02
813 9.333280e-01 3.892000e-03 6.278000e-02
814 9.332680e-01 3.852000e-03 6.288000e-02
815 9.333320e-01 3.800000e-03 6.286800e-02
816 9.332880e-01 3.848000e-03 6.286400e-02
817 9.332400e-01 3.864000e-03 6.289600e-02
818 9.330840e-01 3.972000e-03 6.294400e-02
819 9.329760e-01 4.092000e-03 6.293200e-02
820 9.330000e-01 4.116000e-03 6.288400e-02
821 9.329160e-01 4.124000e-03 6.296000e-02
822 9.328120e-01 4.160000e-03 6.302800e-02
823 9.327440e-01 4.096000e-03 6.316000e-02
824 9.326440e-01 4.084000e-03 6.327200e-02
825 9.325280e-01 4.016000e-03 6.345600e-02
826 9.324840e-01 3.976000e-03 6.354000e-02
827 9.325480e-01 3.872000e-03 6.358000e-02
828 9.326320e-01 3.784000e-03 6.358400e-02
829 9.326000e-01 3.836000e-03 6.356400e-02
830 9.325160e-01 3.856000e-03 6.362800e-02
831 9.324080e-01 3.904000e-03 6.368800e-02
832 9.323760e-01 3.776000e-03 6.384800e-02
833 9.323800e-01 3.792000e-03 6.382800e-02
834 9.323400e-01 3.744000e-03 6.391600e-02
835 9.321560e-01 3.836000e-03 6.400800e-02
836 9.319760e-01 3.852000e-03 6.417200e-02
837 9.318280e-01 3.920000e-03 6.425200e-02
838 9.318960e-01 3.856000e-03 6.424800e-02
839 9.317680e-01 3.932000e-03 6.430000e-02
840 9.316880e-01 3.952000e-03 6.436000e-02
841 9.315520e-01 3.996000e-03 6.445200e-02
842 9.313760e-01 4.040000e-03 6.458400e-02
843 9.312840e-01 3.988000e-03 6.472800e-02
844 9.311440e-01 4.060000e-03 6.479600e-02
845 9.310440e-01 4.052000e-03 6.490400e-02
846 9.308040e-01 4.148000e-03 6.504800e-02
847 9.307520e-01 4.148000e-03 6.510000e-02
848 9.306240e-01 4.240000e-03 6.513600e-02
849 9.305600e-01 4.160000e-03 6.528000e-02
850 9.305160e-01 4.176000e-03 6.530800e-02
851 9.304480e-01 4.224000e-03 6.532800e-02
852 9.304200e-01 4.180000e-03 6.540000e-02
853 9.304040e-01 4.144000e-03 6.545200e-02
854 9.302440e-01 4.136000e-03 6.562000e-02
855 9.302040e-01 4.144000e-03 6.565200e-02
856 9.301640e-01 4.064000e-03 6.577200e-02
857 9.300880e-01 4.080000e-03 6.583200e-02
858 9.301360e-01 4.032000e-03 6.583200e-02
859 9.300760e-01 4.100000e-03 6.582400e-02
860 9.300200e-01 3.952000e-03 6.602800e-02
861 9.300120e-01 4.016000e-03 6.597200e-02
862 9.300680e-01 4.048000e-03 6.588400e-02
863 9.301200e-01 3.932000e-03 6.594800e-02
864 9.301200e-01 4.004000e-03 6.587600e-02
865 9.302120e-01 4.016000e-03 6.577200e-02
866 9.302160e-01 4.000000e-03 6.578400e-02
867 9.303480e-01 3.768000e-03 6.588400e-02
868 9.302280e-01 3.876000e-03 6.589600e-02
869 9.302120e-01 3.836000e-03 6.595200e-02
870 9.302080e-01 3.808000e-03 6.598400e-02
871 9.302360e-01 3.784000e-03 6.598000e-02
872 9.302880e-01 3.708000e-03 6.600400e-02
873 9.303080e-01 3.680000e-03 6.601200e-02
874 9.303720e-01 3.660000e-03 6.596800e-02
875 9.304240e-01 3.552000e-03 6.602400e-02
876 9.303920e-01 3.608000e-03 6.600000e-02
877 9.302440e-01 3.644000e-03 6.611200e-02
878 9.301120e-01 3.668000e-03 6.622000e-02
879 9.300840e-01 3.760000e-03 6.615600e-02
880 9.299720e-01 3.928000e-03 6.610000e-02
881 9.297800e-01 4.080000e-03 6.614000e-02
882 9.296440e-01 4.152000e-03 6.620400e-02
883 9.294840e-01 4.280000e-03 6.623600e-02
884 9.294160e-01 4.268000e-03 6.631600e-02
885 9.292920e-01 4.172000e-03 6.653600e-02
886 9.292520e-01 4.228000e-03 6.652000e-02
887 9.291840e-01 4.200000e-03 6.661600e-02
888 9.291720e-01 4.108000e-03 6.672000e-02
889 9.291080e-01 4.120000e-03 6.677200e-02
890 9.290120e-01 4.168000e-03 6.682000e-02
891 9.289120e-01 4.212000e-03 6.687600e-02
892 9.288520e-01 4.248000e-03 6.690000e-02
893 9.287000e-01 4.340000e-03 6.696000e-02
894 9.284000e-01 4.484000e-03 6.711600e-02
895 9.282680e-01 4.488000e-03 6.724400e-02
896 9.281560e-01 4.344000e-03 6.750000e-02
897 9.281080e-01 4.248000e-03 6.764400e-02
898 9.281640e-01 4.144000e-03 6.769200e-02
899 9.280160e-01 4.252000e-03 6.773200e-02
900 9.279160e-01 4.332000e-03 6.775200e-02
901 9.279040e-01 4.268000e-03 6.782800e-02
902 9.280400e-01 4.208000e-03 6.775200e-02
903 9.280880e-01 4.088000e-03 6.782400e-02
904 9.281560e-01 4.012000e-03 6.783200e-02
905 9.279560e-01 4.168000e-03 6.787600e-02
906 9.278280e-01 4.292000e-03 6.788000e-02
907 9.277760e-01 4.280000e-03 6.794400e-02
908 9.277000e-01 4.320000e-03 6.798000e-02
909 9.276840e-01 4.292000e-03 6.802400e-02
910 9.276560e-01 4.228000e-03 6.811600e-02
911 9.274840e-01 4.208000e-03 6.830800e-02
912 9.274880e-01 4.124000e-03 6.838800e-02
913 9.273520e-01 4.136000e-03 6.851200e-02
914 9.275120e-01 4.056000e-03 6.843200e-02
915 9.275720e-01 4.076000e-03 6.835200e-02
916 9.274880e-01 4.104000e-03 6.840800e-02
917 9.274600e-01 4.148000e-03 6.839200e-02
918 9.275480e-01 4.152000e-03 6.830000e-02
919 9.274480e-01 4.192000e-03 6.836000e-02
920 9.274200e-01 4.188000e-03 6.839200e-02
921 9.272800e-01 4.216000e-03 6.850400e-02
922 9.272600e-01 4.252000e-03 6.848800e-02
923 9.272640e-01 4.256000e-03 6.848000e-02
924 9.273240e-01 4.052000e-03 6.862400e-02
925 9.273000e-01 4.060000e-03 6.864000e-02
926 9.272080e-01 4.188000e-03 6.860400e-02
927 9.271960e-01 4.220000e-03 6.858400e-02
928 9.270480e-01 4.284000e-03 6.866800e-02
929 9.269640e-01 4.404000e-03 6.863200e-02
930 9.269680e-01 4.452000e-03 6.858000e-02
931 9.268760e-01 4.364000e-03 6.876000e-02
932 9.265920e-01 4.524000e-03 6.888400e-02
