1 9.992840e-01 6.240000e-04 9.200000e-05
2 9.987960e-01 9.280000e-04 2.760000e-04
3 9.982520e-01 1.244000e-03 5.040000e-04
4 9.975520e-01 1.724000e-03 7.240000e-04
5 9.968960e-01 1.972000e-03 1.132000e-03
6 9.962200e-01 2.340000e-03 1.440000e-03
7 9.954000e-01 2.712000e-03 1.888000e-03
8 9.946160e-01 3.044000e-03 2.340000e-03
9 9.937320e-01 3.364000e-03 2.904000e-03
10 9.926680e-01 3.784000e-03 3.548000e-03
11 9.916120e-01 4.208000e-03 4.180000e-03
12 9.905720e-01 4.564000e-03 4.864000e-03
13 9.894760e-01 4.848000e-03 5.676000e-03
14 9.883520e-01 5.204000e-03 6.444000e-03
15 9.870840e-01 5.508000e-03 7.408000e-03
16 9.858600e-01 5.800000e-03 8.340000e-03
17 9.846600e-01 6.076000e-03 9.264000e-03
18 9.834640e-01 6.376000e-03 1.016000e-02
19 9.821880e-01 6.740000e-03 1.107200e-02
20 9.808280e-01 6.920000e-03 1.225200e-02
21 9.794480e-01 7.236000e-03 1.331600e-02
22 9.779840e-01 7.580000e-03 1.443600e-02
23 9.765160e-01 7.976000e-03 1.550800e-02
24 9.750960e-01 8.200000e-03 1.670400e-02
25 9.736320e-01 8.368000e-03 1.800000e-02
26 9.723640e-01 8.432000e-03 1.920400e-02
27 9.708680e-01 8.672000e-03 2.046000e-02
28 9.694720e-01 8.708000e-03 2.182000e-02
29 9.680760e-01 8.804000e-03 2.312000e-02
30 9.666160e-01 8.924000e-03 2.446000e-02
31 9.652320e-01 8.988000e-03 2.578000e-02
32 9.639720e-01 8.972000e-03 2.705600e-02
33 9.627400e-01 9.028000e-03 2.823200e-02
34 9.614040e-01 8.940000e-03 2.965600e-02
35 9.600760e-01 9.020000e-03 3.090400e-02
36 9.585440e-01 9.496000e-03 3.196000e-02
37 9.572440e-01 9.604000e-03 3.315200e-02
38 9.557360e-01 9.780000e-03 3.448400e-02
39 9.543080e-01 9.876000e-03 3.581600e-02
40 9.526440e-01 1.032800e-02 3.702800e-02
41 9.511000e-01 1.051600e-02 3.838400e-02
42 9.495320e-01 1.063200e-02 3.983600e-02
43 9.480800e-01 1.061600e-02 4.130400e-02
44 9.467240e-01 1.063200e-02 4.264400e-02
45 9.452280e-01 1.075600e-02 4.401600e-02
46 9.438040e-01 1.074000e-02 4.545600e-02
47 9.423040e-01 1.084800e-02 4.684800e-02
48 9.408920e-01 1.090000e-02 4.820800e-02
49 9.393160e-01 1.129200e-02 4.939200e-02
50 9.376360e-01 1.151600e-02 5.084800e-02
51 9.360160e-01 1.171600e-02 5.226800e-02
52 9.344800e-01 1.188800e-02 5.363200e-02
53 9.326280e-01 1.214400e-02 5.522800e-02
54 9.310880e-01 1.212400e-02 5.678800e-02
55 9.293360e-01 1.238800e-02 5.827600e-02
56 9.277120e-01 1.256800e-02 5.972000e-02
57 9.259760e-01 1.292400e-02 6.110000e-02
58 9.242920e-01 1.297200e-02 6.273600e-02
59 9.224040e-01 1.335200e-02 6.424400e-02
60 9.208040e-01 1.330400e-02 6.589200e-02
61 9.190920e-01 1.332800e-02 6.758000e-02
62 9.174760e-01 1.334400e-02 6.918000e-02
63 9.158120e-01 1.350000e-02 7.068800e-02
64 9.144560e-01 1.312000e-02 7.242400e-02
65 9.131760e-01 1.302000e-02 7.380400e-02
66 9.117160e-01 1.318400e-02 7.510000e-02
67 9.102040e-01 1.315600e-02 7.664000e-02
68 9.090520e-01 1.290000e-02 7.804800e-02
69 9.077840e-01 1.283600e-02 7.938000e-02
70 9.064080e-01 1.294400e-02 8.064800e-02
71 9.050120e-01 1.295600e-02 8.203200e-02
72 9.037360e-01 1.296000e-02 8.330400e-02
73 9.023840e-01 1.286400e-02 8.475200e-02
74 9.011360e-01 1.273600e-02 8.612800e-02
75 9.000200e-01 1.246400e-02 8.751600e-02
76 8.988160e-01 1.247200e-02 8.871200e-02
77 8.977920e-01 1.235600e-02 8.985200e-02
78 8.967440e-01 1.232800e-02 9.092800e-02
79 8.957720e-01 1.207200e-02 9.215600e-02
80 8.946560e-01 1.194800e-02 9.339600e-02
81 8.935920e-01 1.194800e-02 9.446000e-02
82 8.925360e-01 1.186400e-02 9.560000e-02
83 8.915200e-01 1.187200e-02 9.660800e-02
84 8.905560e-01 1.160800e-02 9.783600e-02
85 8.895640e-01 1.169600e-02 9.874000e-02
86 8.886000e-01 1.165600e-02 9.974400e-02
87 8.876520e-01 1.178000e-02 1.005680e-01
88 8.868360e-01 1.160800e-02 1.015560e-01
89 8.860360e-01 1.167200e-02 1.022920e-01
90 8.851720e-01 1.164400e-02 1.031840e-01
91 8.841920e-01 1.182800e-02 1.039800e-01
92 8.831320e-01 1.192800e-02 1.049400e-01
93 8.822880e-01 1.199600e-02 1.057160e-01
94 8.811600e-01 1.211600e-02 1.067240e-01
95 8.801680e-01 1.212000e-02 1.077120e-01
96 8.789840e-01 1.236400e-02 1.086520e-01
97 8.780920e-01 1.231600e-02 1.095920e-01
98 8.773080e-01 1.228000e-02 1.104120e-01
99 8.764600e-01 1.223600e-02 1.113040e-01
100 8.753800e-01 1.224000e-02 1.123800e-01
101 8.743640e-01 1.231200e-02 1.133240e-01
102 8.735200e-01 1.227600e-02 1.142040e-01
103 8.727720e-01 1.220400e-02 1.150240e-01
104 8.719000e-01 1.232400e-02 1.157760e-01
105 8.710640e-01 1.230000e-02 1.166360e-01
106 8.701440e-01 1.247200e-02 1.173840e-01
107 8.693320e-01 1.258400e-02 1.180840e-01
108 8.685240e-01 1.252000e-02 1.189560e-01
109 8.677200e-01 1.238400e-02 1.198960e-01
110 8.669200e-01 1.230400e-02 1.207760e-01
111 8.661520e-01 1.231200e-02 1.215360e-01
112 8.652720e-01 1.240400e-02 1.223240e-01
113 8.645600e-01 1.239200e-02 1.230480e-01
114 8.638200e-01 1.228800e-02 1.238920e-01
115 8.631520e-01 1.217200e-02 1.246760e-01
116 8.623800e-01 1.225200e-02 1.253680e-01
117 8.614920e-01 1.232800e-02 1.261800e-01
118 8.608000e-01 1.238000e-02 1.268200e-01
119 8.601960e-01 1.234000e-02 1.274640e-01
120 8.594400e-01 1.212400e-02 1.284360e-01
121 8.586320e-01 1.215200e-02 1.292160e-01
122 8.578120e-01 1.224400e-02 1.299440e-01
123 8.572680e-01 1.216800e-02 1.305640e-01
124 8.563440e-01 1.232400e-02 1.313320e-01
125 8.557280e-01 1.228400e-02 1.319880e-01
126 8.550680e-01 1.229600e-02 1.326360e-01
127 8.540600e-01 1.236400e-02 1.335760e-01
128 8.532000e-01 1.233600e-02 1.344640e-01
129 8.524680e-01 1.234800e-02 1.351840e-01
130 8.520640e-01 1.223200e-02 1.357040e-01
131 8.511440e-01 1.242800e-02 1.364280e-01
132 8.503280e-01 1.238000e-02 1.372920e-01
133 8.494200e-01 1.264400e-02 1.379360e-01
134 8.488040e-01 1.270000e-02 1.384960e-01
135 8.480560e-01 1.290800e-02 1.390360e-01
136 8.471480e-01 1.308000e-02 1.397720e-01
137 8.464240e-01 1.328800e-02 1.402880e-01
138 8.456040e-01 1.329200e-02 1.411040e-01
139 8.446640e-01 1.351200e-02 1.418240e-01
140 8.439080e-01 1.351600e-02 1.425760e-01
141 8.432040e-01 1.339600e-02 1.434000e-01
142 8.424000e-01 1.338800e-02 1.442120e-01
143 8.416000e-01 1.341200e-02 1.449880e-01
144 8.410720e-01 1.321200e-02 1.457160e-01
145 8.402800e-01 1.294400e-02 1.467760e-01
146 8.395680e-01 1.304400e-02 1.473880e-01
147 8.388480e-01 1.304000e-02 1.481120e-01
148 8.380320e-01 1.322400e-02 1.487440e-01
149 8.373880e-01 1.311600e-02 1.494960e-01
150 8.366040e-01 1.322400e-02 1.501720e-01
151 8.358080e-01 1.328000e-02 1.509120e-01
152 8.349840e-01 1.332800e-02 1.516880e-01
153 8.345440e-01 1.305200e-02 1.524040e-01
154 8.341480e-01 1.278800e-02 1.530640e-01
155 8.337040e-01 1.268800e-02 1.536080e-01
156 8.331280e-01 1.261600e-02 1.542560e-01
157 8.328760e-01 1.251200e-02 1.546120e-01
158 8.324040e-01 1.240000e-02 1.551960e-01
159 8.321920e-01 1.220400e-02 1.556040e-01
160 8.317400e-01 1.212000e-02 1.561400e-01
161 8.314280e-01 1.191600e-02 1.566560e-01
162 8.310800e-01 1.174000e-02 1.571800e-01
163 8.306160e-01 1.164000e-02 1.577440e-01
164 8.303320e-01 1.150800e-02 1.581600e-01
165 8.298800e-01 1.160800e-02 1.585120e-01
166 8.295800e-01 1.173600e-02 1.586840e-01
167 8.292160e-01 1.171600e-02 1.590680e-01
168 8.288320e-01 1.155200e-02 1.596160e-01
169 8.284240e-01 1.144800e-02 1.601280e-01
170 8.280600e-01 1.164400e-02 1.602960e-01
171 8.276960e-01 1.161200e-02 1.606920e-01
172 8.272480e-01 1.164400e-02 1.611080e-01
173 8.266960e-01 1.182000e-02 1.614840e-01
174 8.263720e-01 1.172000e-02 1.619080e-01
175 8.260920e-01 1.178800e-02 1.621200e-01
176 8.255520e-01 1.190800e-02 1.625400e-01
177 8.251160e-01 1.200400e-02 1.628800e-01
178 8.247360e-01 1.208400e-02 1.631800e-01
179 8.241880e-01 1.215200e-02 1.636600e-01
180 8.236600e-01 1.216000e-02 1.641800e-01
181 8.232880e-01 1.211600e-02 1.645960e-01
182 8.231480e-01 1.201200e-02 1.648400e-01
183 8.223560e-01 1.232000e-02 1.653240e-01
184 8.218520e-01 1.214400e-02 1.660040e-01
185 8.216080e-01 1.209600e-02 1.662960e-01
186 8.212600e-01 1.207600e-02 1.666640e-01
187 8.208320e-01 1.207200e-02 1.670960e-01
188 8.205400e-01 1.195600e-02 1.675040e-01
189 8.202120e-01 1.170400e-02 1.680840e-01
190 8.198720e-01 1.166800e-02 1.684600e-01
191 8.197920e-01 1.159200e-02 1.686160e-01
192 8.194920e-01 1.153200e-02 1.689760e-01
193 8.194360e-01 1.145200e-02 1.691120e-01
194 8.192840e-01 1.146400e-02 1.692520e-01
195 8.188600e-01 1.168000e-02 1.694600e-01
196 8.185160e-01 1.177600e-02 1.697080e-01
197 8.181640e-01 1.157600e-02 1.702600e-01
198 8.179960e-01 1.170800e-02 1.702960e-01
199 8.175960e-01 1.180000e-02 1.706040e-01
200 8.174320e-01 1.188400e-02 1.706840e-01
201 8.170640e-01 1.191600e-02 1.710200e-01
202 8.167720e-01 1.201200e-02 1.712160e-01
203 8.162520e-01 1.211600e-02 1.716320e-01
204 8.159920e-01 1.212000e-02 1.718880e-01
205 8.158200e-01 1.209600e-02 1.720840e-01
206 8.154440e-01 1.201200e-02 1.725440e-01
207 8.150640e-01 1.214000e-02 1.727960e-01
208 8.148960e-01 1.214800e-02 1.729560e-01
209 8.147200e-01 1.208800e-02 1.731920e-01
210 8.145560e-01 1.192800e-02 1.735160e-01
211 8.145280e-01 1.181600e-02 1.736560e-01
212 8.143680e-01 1.174000e-02 1.738920e-01
213 8.144000e-01 1.146000e-02 1.741400e-01
214 8.142760e-01 1.133200e-02 1.743920e-01
215 8.142360e-01 1.124800e-02 1.745160e-01
216 8.142960e-01 1.102800e-02 1.746760e-01
217 8.143440e-01 1.086000e-02 1.747960e-01
218 8.142560e-01 1.091600e-02 1.748280e-01
219 8.141400e-01 1.082400e-02 1.750360e-01
220 8.141760e-01 1.080800e-02 1.750160e-01
221 8.143760e-01 1.052000e-02 1.751040e-01
222 8.142880e-01 1.044000e-02 1.752720e-01
223 8.144280e-01 1.028800e-02 1.752840e-01
224 8.145600e-01 1.029200e-02 1.751480e-01
225 8.146920e-01 1.008000e-02 1.752280e-01
226 8.146200e-01 1.031600e-02 1.750640e-01
227 8.146240e-01 1.026000e-02 1.751160e-01
228 8.149120e-01 9.904000e-03 1.751840e-01
229 8.148720e-01 9.836000e-03 1.752920e-01
230 8.149040e-01 9.584000e-03 1.755120e-01
231 8.149200e-01 9.600000e-03 1.754800e-01
232 8.149720e-01 9.620000e-03 1.754080e-01
233 8.150240e-01 9.660000e-03 1.753160e-01
234 8.152800e-01 9.608000e-03 1.751120e-01
235 8.153400e-01 9.584000e-03 1.750760e-01
236 8.153880e-01 9.548000e-03 1.750640e-01
237 8.155760e-01 9.520000e-03 1.749040e-01
238 8.156200e-01 9.568000e-03 1.748120e-01
239 8.157880e-01 9.588000e-03 1.746240e-01
240 8.158120e-01 9.672000e-03 1.745160e-01
241 8.159520e-01 9.680000e-03 1.743680e-01
242 8.161000e-01 9.648000e-03 1.742520e-01
243 8.162720e-01 9.512000e-03 1.742160e-01
244 8.162160e-01 9.640000e-03 1.741440e-01
245 8.164320e-01 9.508000e-03 1.740600e-01
246 8.167920e-01 9.284000e-03 1.739240e-01
247 8.169640e-01 9.272000e-03 1.737640e-01
248 8.171800e-01 9.084000e-03 1.737360e-01
249 8.172000e-01 9.144000e-03 1.736560e-01
250 8.172160e-01 9.132000e-03 1.736520e-01
251 8.172920e-01 9.296000e-03 1.734120e-01
252 8.172880e-01 9.328000e-03 1.733840e-01
253 8.175200e-01 9.132000e-03 1.733480e-01
254 8.178200e-01 8.908000e-03 1.732720e-01
255 8.181280e-01 8.736000e-03 1.731360e-01
256 8.181880e-01 8.684000e-03 1.731280e-01
257 8.184600e-01 8.708000e-03 1.728320e-01
258 8.187480e-01 8.864000e-03 1.723880e-01
259 8.187680e-01 8.920000e-03 1.723120e-01
260 8.189560e-01 8.840000e-03 1.722040e-01
261 8.189680e-01 8.912000e-03 1.721200e-01
262 8.190720e-01 8.812000e-03 1.721160e-01
263 8.194240e-01 8.740000e-03 1.718360e-01
264 8.196920e-01 8.572000e-03 1.717360e-01
265 8.199600e-01 8.512000e-03 1.715280e-01
266 8.202600e-01 8.340000e-03 1.714000e-01
267 8.204320e-01 8.448000e-03 1.711200e-01
268 8.206120e-01 8.640000e-03 1.707480e-01
269 8.207280e-01 8.592000e-03 1.706800e-01
270 8.208640e-01 8.596000e-03 1.705400e-01
271 8.210720e-01 8.600000e-03 1.703280e-01
272 8.213520e-01 8.688000e-03 1.699600e-01
273 8.217000e-01 8.720000e-03 1.695800e-01
274 8.220840e-01 8.548000e-03 1.693680e-01
275 8.224000e-01 8.660000e-03 1.689400e-01
276 8.225360e-01 8.728000e-03 1.687360e-01
277 8.227960e-01 8.692000e-03 1.685120e-01
278 8.227040e-01 9.084000e-03 1.682120e-01
279 8.226680e-01 9.304000e-03 1.680280e-01
280 8.228320e-01 9.316000e-03 1.678520e-01
281 8.229680e-01 9.356000e-03 1.676760e-01
282 8.230000e-01 9.228000e-03 1.677720e-01
283 8.230280e-01 9.156000e-03 1.678160e-01
284 8.230280e-01 9.120000e-03 1.678520e-01
285 8.233880e-01 8.876000e-03 1.677360e-01
286 8.236280e-01 8.880000e-03 1.674920e-01
287 8.239200e-01 8.672000e-03 1.674080e-01
288 8.241120e-01 8.752000e-03 1.671360e-01
289 8.243520e-01 8.656000e-03 1.669920e-01
290 8.246720e-01 8.596000e-03 1.667320e-01
291 8.250480e-01 8.348000e-03 1.666040e-01
292 8.255000e-01 8.184000e-03 1.663160e-01
293 8.256400e-01 8.112000e-03 1.662480e-01
294 8.260600e-01 8.064000e-03 1.658760e-01
295 8.261320e-01 8.160000e-03 1.657080e-01
296 8.262880e-01 8.212000e-03 1.655000e-01
297 8.265280e-01 8.264000e-03 1.652080e-01
298 8.267280e-01 8.224000e-03 1.650480e-01
299 8.268760e-01 8.216000e-03 1.649080e-01
300 8.271760e-01 8.212000e-03 1.646120e-01
301 8.275560e-01 8.140000e-03 1.643040e-01
302 8.278640e-01 8.124000e-03 1.640120e-01
303 8.279640e-01 8.216000e-03 1.638200e-01
304 8.281040e-01 8.140000e-03 1.637560e-01
305 8.284520e-01 7.980000e-03 1.635680e-01
306 8.284920e-01 7.976000e-03 1.635320e-01
307 8.289280e-01 8.012000e-03 1.630600e-01
308 8.291800e-01 7.960000e-03 1.628600e-01
309 8.294440e-01 7.856000e-03 1.627000e-01
310 8.295000e-01 7.936000e-03 1.625640e-01
311 8.297720e-01 8.028000e-03 1.622000e-01
312 8.299360e-01 7.968000e-03 1.620960e-01
313 8.299920e-01 7.928000e-03 1.620800e-01
314 8.302000e-01 7.888000e-03 1.619120e-01
315 8.304040e-01 7.704000e-03 1.618920e-01
316 8.304280e-01 7.940000e-03 1.616320e-01
317 8.304920e-01 7.988000e-03 1.615200e-01
318 8.309000e-01 7.852000e-03 1.612480e-01
319 8.310240e-01 8.128000e-03 1.608480e-01
320 8.313320e-01 8.000000e-03 1.606680e-01
321 8.316160e-01 7.984000e-03 1.604000e-01
322 8.320560e-01 7.796000e-03 1.601480e-01
323 8.322960e-01 7.868000e-03 1.598360e-01
324 8.326840e-01 7.776000e-03 1.595400e-01
325 8.327920e-01 7.784000e-03 1.594240e-01
326 8.327480e-01 8.076000e-03 1.591760e-01
327 8.327640e-01 8.164000e-03 1.590720e-01
328 8.330800e-01 8.100000e-03 1.588200e-01
329 8.332640e-01 8.152000e-03 1.585840e-01
330 8.333680e-01 8.032000e-03 1.586000e-01
331 8.334440e-01 8.036000e-03 1.585200e-01
332 8.337960e-01 8.044000e-03 1.581600e-01
333 8.339280e-01 8.116000e-03 1.579560e-01
334 8.340640e-01 8.000000e-03 1.579360e-01
335 8.341360e-01 8.036000e-03 1.578280e-01
336 8.343440e-01 8.008000e-03 1.576480e-01
337 8.344080e-01 8.004000e-03 1.575880e-01
338 8.346080e-01 7.956000e-03 1.574360e-01
339 8.348240e-01 7.812000e-03 1.573640e-01
340 8.350000e-01 7.840000e-03 1.571600e-01
341 8.351760e-01 7.692000e-03 1.571320e-01
342 8.353320e-01 7.716000e-03 1.569520e-01
343 8.355960e-01 7.684000e-03 1.567200e-01
344 8.356880e-01 7.652000e-03 1.566600e-01
345 8.359240e-01 7.824000e-03 1.562520e-01
346 8.359960e-01 7.892000e-03 1.561120e-01
347 8.360960e-01 7.936000e-03 1.559680e-01
348 8.361680e-01 7.904000e-03 1.559280e-01
349 8.365160e-01 7.808000e-03 1.556760e-01
350 8.367240e-01 7.760000e-03 1.555160e-01
351 8.368400e-01 7.908000e-03 1.552520e-01
352 8.371600e-01 7.880000e-03 1.549600e-01
353 8.374760e-01 7.908000e-03 1.546160e-01
354 8.374280e-01 8.032000e-03 1.545400e-01
355 8.375760e-01 8.144000e-03 1.542800e-01
356 8.375080e-01 8.196000e-03 1.542960e-01
357 8.377280e-01 8.164000e-03 1.541080e-01
358 8.378600e-01 8.264000e-03 1.538760e-01
359 8.380280e-01 8.184000e-03 1.537880e-01
360 8.382520e-01 8.148000e-03 1.536000e-01
361 8.384440e-01 8.128000e-03 1.534280e-01
362 8.386040e-01 8.160000e-03 1.532360e-01
363 8.387080e-01 8.104000e-03 1.531880e-01
364 8.389320e-01 8.024000e-03 1.530440e-01
365 8.391760e-01 7.852000e-03 1.529720e-01
366 8.395640e-01 7.788000e-03 1.526480e-01
367 8.396480e-01 7.760000e-03 1.525920e-01
368 8.397320e-01 7.796000e-03 1.524720e-01
369 8.400520e-01 7.808000e-03 1.521400e-01
370 8.403040e-01 7.612000e-03 1.520840e-01
371 8.404880e-01 7.652000e-03 1.518600e-01
372 8.408400e-01 7.528000e-03 1.516320e-01
373 8.410520e-01 7.580000e-03 1.513680e-01
374 8.411680e-01 7.632000e-03 1.512000e-01
375 8.415360e-01 7.548000e-03 1.509160e-01
376 8.419120e-01 7.404000e-03 1.506840e-01
377 8.421840e-01 7.368000e-03 1.504480e-01
378 8.425280e-01 7.240000e-03 1.502320e-01
379 8.429360e-01 7.168000e-03 1.498960e-01
380 8.432880e-01 7.072000e-03 1.496400e-01
381 8.436160e-01 6.796000e-03 1.495880e-01
382 8.438280e-01 6.680000e-03 1.494920e-01
383 8.441840e-01 6.600000e-03 1.492160e-01
384 8.444840e-01 6.592000e-03 1.489240e-01
385 8.446680e-01 6.604000e-03 1.487280e-01
386 8.450000e-01 6.612000e-03 1.483880e-01
387 8.453360e-01 6.656000e-03 1.480080e-01
388 8.456360e-01 6.732000e-03 1.476320e-01
389 8.459840e-01 6.584000e-03 1.474320e-01
390 8.463520e-01 6.556000e-03 1.470920e-01
391 8.468960e-01 6.296000e-03 1.468080e-01
392 8.472880e-01 6.256000e-03 1.464560e-01
393 8.476360e-01 6.260000e-03 1.461040e-01
394 8.479920e-01 6.160000e-03 1.458480e-01
395 8.484000e-01 6.028000e-03 1.455720e-01
396 8.488320e-01 5.976000e-03 1.451920e-01
397 8.492520e-01 5.808000e-03 1.449400e-01
398 8.498160e-01 5.704000e-03 1.444800e-01
399 8.503600e-01 5.616000e-03 1.440240e-01
400 8.506240e-01 5.688000e-03 1.436880e-01
401 8.511200e-01 5.728000e-03 1.431520e-01
402 8.515160e-01 5.704000e-03 1.427800e-01
403 8.519760e-01 5.600000e-03 1.424240e-01
404 8.523760e-01 5.556000e-03 1.420680e-01
405 8.527320e-01 5.648000e-03 1.416200e-01
406 8.531320e-01 5.540000e-03 1.413280e-01
407 8.534600e-01 5.452000e-03 1.410880e-01
408 8.537800e-01 5.636000e-03 1.405840e-01
409 8.541360e-01 5.592000e-03 1.402720e-01
410 8.545360e-01 5.524000e-03 1.399400e-01
411 8.548160e-01 5.488000e-03 1.396960e-01
412 8.551960e-01 5.520000e-03 1.392840e-01
413 8.555600e-01 5.600000e-03 1.388400e-01
414 8.558800e-01 5.600000e-03 1.385200e-01
415 8.562000e-01 5.580000e-03 1.382200e-01
416 8.566360e-01 5.528000e-03 1.378360e-01
417 8.570480e-01 5.596000e-03 1.373560e-01
418 8.575720e-01 5.472000e-03 1.369560e-01
419 8.579040e-01 5.360000e-03 1.367360e-01
420 8.581880e-01 5.352000e-03 1.364600e-01
421 8.585600e-01 5.384000e-03 1.360560e-01
422 8.588840e-01 5.540000e-03 1.355760e-01
423 8.593360e-01 5.456000e-03 1.352080e-01
424 8.597400e-01 5.440000e-03 1.348200e-01
425 8.601400e-01 5.328000e-03 1.345320e-01
426 8.604400e-01 5.416000e-03 1.341440e-01
427 8.608520e-01 5.500000e-03 1.336480e-01
428 8.612160e-01 5.456000e-03 1.333280e-01
429 8.614800e-01 5.560000e-03 1.329600e-01
430 8.619200e-01 5.480000e-03 1.326000e-01
431 8.623080e-01 5.600000e-03 1.320920e-01
432 8.626920e-01 5.592000e-03 1.317160e-01
433 8.629960e-01 5.596000e-03 1.314080e-01
434 8.633160e-01 5.448000e-03 1.312360e-01
435 8.636040e-01 5.536000e-03 1.308600e-01
436 8.639240e-01 5.572000e-03 1.305040e-01
437 8.643000e-01 5.492000e-03 1.302080e-01
438 8.646040e-01 5.388000e-03 1.300080e-01
439 8.648640e-01 5.356000e-03 1.297800e-01
440 8.652680e-01 5.324000e-03 1.294080e-01
441 8.656160e-01 5.344000e-03 1.290400e-01
442 8.659560e-01 5.312000e-03 1.287320e-01
443 8.662120e-01 5.204000e-03 1.285840e-01
444 8.666280e-01 5.196000e-03 1.281760e-01
445 8.670160e-01 5.148000e-03 1.278360e-01
446 8.674280e-01 5.140000e-03 1.274320e-01
447 8.679040e-01 5.132000e-03 1.269640e-01
448 8.684200e-01 5.096000e-03 1.264840e-01
449 8.688440e-01 5.008000e-03 1.261480e-01
450 8.693240e-01 4.900000e-03 1.257760e-01
451 8.697040e-01 4.856000e-03 1.254400e-01
452 8.699800e-01 4.800000e-03 1.252200e-01
453 8.705240e-01 4.692000e-03 1.247840e-01
454 8.709560e-01 4.652000e-03 1.243920e-01
455 8.713200e-01 4.676000e-03 1.240040e-01
456 8.717120e-01 4.652000e-03 1.236360e-01
457 8.719280e-01 4.764000e-03 1.233080e-01
458 8.721640e-01 4.796000e-03 1.230400e-01
459 8.722680e-01 4.864000e-03 1.228680e-01
460 8.725160e-01 4.932000e-03 1.225520e-01
461 8.729080e-01 4.852000e-03 1.222400e-01
462 8.733040e-01 4.800000e-03 1.218960e-01
463 8.735160e-01 4.888000e-03 1.215960e-01
464 8.738120e-01 4.900000e-03 1.212880e-01
465 8.741520e-01 4.956000e-03 1.208920e-01
466 8.744960e-01 4.992000e-03 1.205120e-01
467 8.748160e-01 5.104000e-03 1.200800e-01
468 8.751960e-01 4.900000e-03 1.199040e-01
469 8.754960e-01 4.872000e-03 1.196320e-01
470 8.759120e-01 4.748000e-03 1.193400e-01
471 8.763240e-01 4.608000e-03 1.190680e-01
472 8.766280e-01 4.480000e-03 1.188920e-01
473 8.769160e-01 4.520000e-03 1.185640e-01
474 8.773040e-01 4.504000e-03 1.181920e-01
475 8.777160e-01 4.504000e-03 1.177800e-01
476 8.780200e-01 4.552000e-03 1.174280e-01
477 8.784200e-01 4.472000e-03 1.171080e-01
478 8.787600e-01 4.576000e-03 1.166640e-01
479 8.791400e-01 4.632000e-03 1.162280e-01
480 8.793880e-01 4.672000e-03 1.159400e-01
481 8.797720e-01 4.612000e-03 1.156160e-01
482 8.802480e-01 4.680000e-03 1.150720e-01
483 8.807160e-01 4.536000e-03 1.147480e-01
484 8.810080e-01 4.576000e-03 1.144160e-01
485 8.812520e-01 4.668000e-03 1.140800e-01
486 8.815000e-01 4.744000e-03 1.137560e-01
487 8.818920e-01 4.768000e-03 1.133400e-01
488 8.822400e-01 4.700000e-03 1.130600e-01
489 8.825040e-01 4.700000e-03 1.127960e-01
490 8.826880e-01 4.756000e-03 1.125560e-01
491 8.829080e-01 4.740000e-03 1.123520e-01
492 8.830440e-01 4.772000e-03 1.121840e-01
493 8.834360e-01 4.604000e-03 1.119600e-01
494 8.836160e-01 4.712000e-03 1.116720e-01
495 8.839320e-01 4.740000e-03 1.113280e-01
496 8.841920e-01 4.708000e-03 1.111000e-01
497 8.844320e-01 4.616000e-03 1.109520e-01
498 8.847600e-01 4.576000e-03 1.106640e-01
499 8.851160e-01 4.436000e-03 1.104480e-01
500 8.854400e-01 4.368000e-03 1.101920e-01
501 8.857800e-01 4.392000e-03 1.098280e-01
502 8.860600e-01 4.484000e-03 1.094560e-01
503 8.863120e-01 4.440000e-03 1.092480e-01
504 8.867600e-01 4.320000e-03 1.089200e-01
505 8.872080e-01 4.308000e-03 1.084840e-01
506 8.873800e-01 4.316000e-03 1.083040e-01
507 8.877320e-01 4.356000e-03 1.079120e-01
508 8.879560e-01 4.456000e-03 1.075880e-01
509 8.879960e-01 4.584000e-03 1.074200e-01
510 8.880720e-01 4.736000e-03 1.071920e-01
511 8.883160e-01 4.792000e-03 1.068920e-01
512 8.886040e-01 4.792000e-03 1.066040e-01
513 8.887440e-01 4.844000e-03 1.064120e-01
514 8.888920e-01 4.892000e-03 1.062160e-01
515 8.891400e-01 4.868000e-03 1.059920e-01
516 8.894000e-01 4.768000e-03 1.058320e-01
517 8.895840e-01 4.820000e-03 1.055960e-01
518 8.897920e-01 4.780000e-03 1.054280e-01
519 8.898920e-01 4.776000e-03 1.053320e-01
520 8.903000e-01 4.744000e-03 1.049560e-01
521 8.905040e-01 4.688000e-03 1.048080e-01
522 8.905840e-01 4.540000e-03 1.048760e-01
523 8.908120e-01 4.436000e-03 1.047520e-01
524 8.910440e-01 4.432000e-03 1.045240e-01
525 8.913920e-01 4.308000e-03 1.043000e-01
526 8.916760e-01 4.348000e-03 1.039760e-01
527 8.919080e-01 4.428000e-03 1.036640e-01
528 8.924000e-01 4.440000e-03 1.031600e-01
529 8.925120e-01 4.616000e-03 1.028720e-01
530 8.926440e-01 4.644000e-03 1.027120e-01
531 8.928440e-01 4.540000e-03 1.026160e-01
532 8.930880e-01 4.500000e-03 1.024120e-01
533 8.933880e-01 4.452000e-03 1.021600e-01
534 8.937320e-01 4.400000e-03 1.018680e-01
535 8.939880e-01 4.388000e-03 1.016240e-01
536 8.943600e-01 4.260000e-03 1.013800e-01
537 8.945640e-01 4.320000e-03 1.011160e-01
538 8.948200e-01 4.324000e-03 1.008560e-01
539 8.950880e-01 4.340000e-03 1.005720e-01
540 8.952920e-01 4.236000e-03 1.004720e-01
541 8.955680e-01 4.148000e-03 1.002840e-01
542 8.957520e-01 4.136000e-03 1.001120e-01
543 8.961000e-01 4.028000e-03 9.987200e-02
544 8.962880e-01 4.084000e-03 9.962800e-02
545 8.964880e-01 4.216000e-03 9.929600e-02
546 8.967160e-01 4.212000e-03 9.907200e-02
547 8.970520e-01 4.144000e-03 9.880400e-02
548 8.974280e-01 4.028000e-03 9.854400e-02
549 8.975880e-01 4.068000e-03 9.834400e-02
550 8.978040e-01 4.140000e-03 9.805600e-02
551 8.980400e-01 4.124000e-03 9.783600e-02
552 8.981840e-01 4.176000e-03 9.764000e-02
553 8.983040e-01 4.244000e-03 9.745200e-02
554 8.984440e-01 4.308000e-03 9.724800e-02
555 8.986240e-01 4.196000e-03 9.718000e-02
556 8.988800e-01 4.244000e-03 9.687600e-02
557 8.991080e-01 4.244000e-03 9.664800e-02
558 8.994120e-01 4.224000e-03 9.636400e-02
559 8.997600e-01 4.100000e-03 9.614000e-02
560 9.001040e-01 4.028000e-03 9.586800e-02
561 9.002400e-01 4.112000e-03 9.564800e-02
562 9.005200e-01 4.036000e-03 9.544400e-02
563 9.007440e-01 4.000000e-03 9.525600e-02
564 9.010760e-01 3.960000e-03 9.496400e-02
565 9.012520e-01 4.020000e-03 9.472800e-02
566 9.013840e-01 4.112000e-03 9.450400e-02
567 9.015440e-01 4.212000e-03 9.424400e-02
568 9.015720e-01 4.352000e-03 9.407600e-02
569 9.017720e-01 4.480000e-03 9.374800e-02
570 9.020080e-01 4.488000e-03 9.350400e-02
571 9.021560e-01 4.480000e-03 9.336400e-02
572 9.024000e-01 4.524000e-03 9.307600e-02
573 9.025720e-01 4.568000e-03 9.286000e-02
574 9.027640e-01 4.560000e-03 9.267600e-02
575 9.028400e-01 4.504000e-03 9.265600e-02
576 9.030320e-01 4.468000e-03 9.250000e-02
577 9.031360e-01 4.460000e-03 9.240400e-02
578 9.032520e-01 4.512000e-03 9.223600e-02
579 9.034320e-01 4.556000e-03 9.201200e-02
580 9.034560e-01 4.552000e-03 9.199200e-02
581 9.036480e-01 4.452000e-03 9.190000e-02
582 9.037720e-01 4.428000e-03 9.180000e-02
583 9.040000e-01 4.396000e-03 9.160400e-02
584 9.041200e-01 4.472000e-03 9.140800e-02
585 9.043080e-01 4.364000e-03 9.132800e-02
586 9.045360e-01 4.264000e-03 9.120000e-02
587 9.046120e-01 4.152000e-03 9.123600e-02
588 9.049080e-01 4.140000e-03 9.095200e-02
589 9.051240e-01 4.060000e-03 9.081600e-02
590 9.054760e-01 3.936000e-03 9.058800e-02
591 9.056120e-01 3.916000e-03 9.047200e-02
592 9.057600e-01 3.848000e-03 9.039200e-02
593 9.061160e-01 3.728000e-03 9.015600e-02
594 9.063360e-01 3.664000e-03 9.000000e-02
595 9.065400e-01 3.664000e-03 8.979600e-02
596 9.068280e-01 3.640000e-03 8.953200e-02
597 9.070880e-01 3.648000e-03 8.926400e-02
598 9.071800e-01 3.784000e-03 8.903600e-02
599 9.072480e-01 3.860000e-03 8.889200e-02
600 9.075080e-01 3.836000e-03 8.865600e-02
601 9.077360e-01 3.776000e-03 8.848800e-02
602 9.078480e-01 3.856000e-03 8.829600e-02
603 9.079000e-01 3.984000e-03 8.811600e-02
604 9.079760e-01 4.000000e-03 8.802400e-02
605 9.080360e-01 4.036000e-03 8.792800e-02
606 9.080760e-01 4.152000e-03 8.777200e-02
607 9.080800e-01 4.280000e-03 8.764000e-02
608 9.081360e-01 4.408000e-03 8.745600e-02
609 9.083320e-01 4.412000e-03 8.725600e-02
610 9.083760e-01 4.444000e-03 8.718000e-02
611 9.084880e-01 4.428000e-03 8.708400e-02
612 9.086520e-01 4.480000e-03 8.686800e-02
613 9.089560e-01 4.292000e-03 8.675200e-02
614 9.092240e-01 4.204000e-03 8.657200e-02
615 9.093320e-01 4.188000e-03 8.648000e-02
616 9.096080e-01 4.088000e-03 8.630400e-02
617 9.097680e-01 4.136000e-03 8.609600e-02
618 9.099160e-01 4.108000e-03 8.597600e-02
619 9.099920e-01 4.156000e-03 8.585200e-02
620 9.100960e-01 4.104000e-03 8.580000e-02
621 9.101360e-01 4.240000e-03 8.562400e-02
622 9.103520e-01 4.268000e-03 8.538000e-02
623 9.105840e-01 4.240000e-03 8.517600e-02
624 9.107080e-01 4.192000e-03 8.510000e-02
625 9.108440e-01 4.164000e-03 8.499200e-02
626 9.109840e-01 4.112000e-03 8.490400e-02
627 9.110440e-01 4.092000e-03 8.486400e-02
628 9.111760e-01 4.052000e-03 8.477200e-02
629 9.112320e-01 4.132000e-03 8.463600e-02
630 9.114520e-01 4.088000e-03 8.446000e-02
631 9.116800e-01 4.048000e-03 8.427200e-02
632 9.116560e-01 4.084000e-03 8.426000e-02
633 9.118280e-01 4.108000e-03 8.406400e-02
634 9.120200e-01 4.112000e-03 8.386800e-02
635 9.122440e-01 4.160000e-03 8.359600e-02
636 9.124400e-01 4.184000e-03 8.337600e-02
637 9.125400e-01 4.144000e-03 8.331600e-02
638 9.126320e-01 4.128000e-03 8.324000e-02
639 9.128480e-01 4.068000e-03 8.308400e-02
640 9.129920e-01 3.920000e-03 8.308800e-02
641 9.132600e-01 3.852000e-03 8.288800e-02
642 9.133800e-01 3.892000e-03 8.272800e-02
643 9.135080e-01 3.888000e-03 8.260400e-02
644 9.137440e-01 3.848000e-03 8.240800e-02
645 9.139560e-01 3.828000e-03 8.221600e-02
646 9.141040e-01 3.792000e-03 8.210400e-02
647 9.142520e-01 3.904000e-03 8.184400e-02
648 9.143880e-01 3.856000e-03 8.175600e-02
649 9.145360e-01 3.948000e-03 8.151600e-02
650 9.145840e-01 3.960000e-03 8.145600e-02
651 9.145600e-01 3.948000e-03 8.149200e-02
652 9.145560e-01 3.968000e-03 8.147600e-02
653 9.147600e-01 3.924000e-03 8.131600e-02
654 9.149000e-01 3.840000e-03 8.126000e-02
655 9.150960e-01 3.800000e-03 8.110400e-02
656 9.152960e-01 3.672000e-03 8.103200e-02
657 9.155080e-01 3.572000e-03 8.092000e-02
658 9.158960e-01 3.588000e-03 8.051600e-02
659 9.161800e-01 3.564000e-03 8.025600e-02
660 9.162640e-01 3.684000e-03 8.005200e-02
661 9.164280e-01 3.560000e-03 8.001200e-02
662 9.167480e-01 3.640000e-03 7.961200e-02
663 9.170480e-01 3.556000e-03 7.939600e-02
664 9.174160e-01 3.488000e-03 7.909600e-02
665 9.176240e-01 3.452000e-03 7.892400e-02
666 9.179560e-01 3.400000e-03 7.864400e-02
667 9.181520e-01 3.368000e-03 7.848000e-02
668 9.184200e-01 3.344000e-03 7.823600e-02
669 9.184280e-01 3.428000e-03 7.814400e-02
670 9.185840e-01 3.408000e-03 7.800800e-02
671 9.186080e-01 3.472000e-03 7.792000e-02
672 9.187040e-01 3.576000e-03 7.772000e-02
673 9.187400e-01 3.644000e-03 7.761600e-02
674 9.188840e-01 3.768000e-03 7.734800e-02
675 9.188640e-01 3.920000e-03 7.721600e-02
676 9.190040e-01 3.888000e-03 7.710800e-02
677 9.189240e-01 4.092000e-03 7.698400e-02
678 9.189640e-01 4.084000e-03 7.695200e-02
679 9.191160e-01 3.888000e-03 7.699600e-02
680 9.190480e-01 3.888000e-03 7.706400e-02
681 9.192720e-01 3.816000e-03 7.691200e-02
682 9.193680e-01 3.864000e-03 7.676800e-02
683 9.194840e-01 3.820000e-03 7.669600e-02
684 9.194760e-01 3.848000e-03 7.667600e-02
685 9.195000e-01 3.796000e-03 7.670400e-02
686 9.195880e-01 3.852000e-03 7.656000e-02
687 9.195560e-01 3.912000e-03 7.653200e-02
688 9.195880e-01 3.928000e-03 7.648400e-02
689 9.197320e-01 3.920000e-03 7.634800e-02
690 9.197560e-01 3.904000e-03 7.634000e-02
691 9.197720e-01 3.920000e-03 7.630800e-02
692 9.198960e-01 3.924000e-03 7.618000e-02
693 9.200760e-01 3.920000e-03 7.600400e-02
694 9.202160e-01 3.956000e-03 7.582800e-02
695 9.201240e-01 4.036000e-03 7.584000e-02
696 9.202320e-01 4.068000e-03 7.570000e-02
697 9.202600e-01 4.004000e-03 7.573600e-02
698 9.202960e-01 3.960000e-03 7.574400e-02
699 9.203520e-01 3.924000e-03 7.572400e-02
700 9.204880e-01 3.896000e-03 7.561600e-02
701 9.206080e-01 3.860000e-03 7.553200e-02
702 9.206880e-01 3.844000e-03 7.546800e-02
703 9.206920e-01 3.764000e-03 7.554400e-02
704 9.208480e-01 3.816000e-03 7.533600e-02
705 9.208680e-01 3.868000e-03 7.526400e-02
706 9.210000e-01 3.784000e-03 7.521600e-02
707 9.210680e-01 3.808000e-03 7.512400e-02
708 9.212400e-01 3.704000e-03 7.505600e-02
709 9.213840e-01 3.676000e-03 7.494000e-02
710 9.215560e-01 3.596000e-03 7.484800e-02
711 9.218720e-01 3.436000e-03 7.469200e-02
712 9.220960e-01 3.360000e-03 7.454400e-02
713 9.222560e-01 3.448000e-03 7.429600e-02
714 9.224880e-01 3.440000e-03 7.407200e-02
715 9.223720e-01 3.552000e-03 7.407600e-02
716 9.226040e-01 3.516000e-03 7.388000e-02
717 9.227080e-01 3.552000e-03 7.374000e-02
718 9.228120e-01 3.568000e-03 7.362000e-02
719 9.230400e-01 3.572000e-03 7.338800e-02
720 9.233120e-01 3.500000e-03 7.318800e-02
721 9.234720e-01 3.468000e-03 7.306000e-02
722 9.236880e-01 3.484000e-03 7.282800e-02
723 9.237120e-01 3.508000e-03 7.278000e-02
724 9.239400e-01 3.476000e-03 7.258400e-02
725 9.239520e-01 3.476000e-03 7.257200e-02
726 9.241200e-01 3.332000e-03 7.254800e-02
727 9.243280e-01 3.304000e-03 7.236800e-02
728 9.245080e-01 3.244000e-03 7.224800e-02
729 9.246400e-01 3.248000e-03 7.211200e-02
730 9.249120e-01 3.144000e-03 7.194400e-02
731 9.250800e-01 3.180000e-03 7.174000e-02
732 9.252520e-01 3.160000e-03 7.158800e-02
733 9.254040e-01 3.196000e-03 7.140000e-02
734 9.256320e-01 3.212000e-03 7.115600e-02
735 9.256440e-01 3.264000e-03 7.109200e-02
736 9.257440e-01 3.232000e-03 7.102400e-02
737 9.260720e-01 3.120000e-03 7.080800e-02
738 9.262600e-01 3.076000e-03 7.066400e-02
739 9.263560e-01 3.000000e-03 7.064400e-02
740 9.264360e-01 3.148000e-03 7.041600e-02
741 9.264240e-01 3.232000e-03 7.034400e-02
742 9.265760e-01 3.164000e-03 7.026000e-02
743 9.267520e-01 3.176000e-03 7.007200e-02
744 9.267760e-01 3.244000e-03 6.998000e-02
745 9.269440e-01 3.228000e-03 6.982800e-02
746 9.269840e-01 3.172000e-03 6.984400e-02
747 9.272040e-01 3.060000e-03 6.973600e-02
748 9.273160e-01 3.012000e-03 6.967200e-02
749 9.275120e-01 3.028000e-03 6.946000e-02
750 9.276440e-01 3.064000e-03 6.929200e-02
751 9.277920e-01 3.128000e-03 6.908000e-02
752 9.278720e-01 3.184000e-03 6.894400e-02
753 9.280960e-01 3.188000e-03 6.871600e-02
754 9.282640e-01 3.244000e-03 6.849200e-02
755 9.284120e-01 3.116000e-03 6.847200e-02
756 9.285600e-01 3.148000e-03 6.829200e-02
757 9.288280e-01 3.056000e-03 6.811600e-02
758 9.290520e-01 3.036000e-03 6.791200e-02
759 9.291240e-01 2.992000e-03 6.788400e-02
760 9.293000e-01 2.960000e-03 6.774000e-02
761 9.294760e-01 2.832000e-03 6.769200e-02
762 9.297520e-01 2.772000e-03 6.747600e-02
763 9.299320e-01 2.776000e-03 6.729200e-02
764 9.300200e-01 2.712000e-03 6.726800e-02
765 9.300880e-01 2.768000e-03 6.714400e-02
766 9.302840e-01 2.824000e-03 6.689200e-02
767 9.304360e-01 2.828000e-03 6.673600e-02
768 9.305600e-01 2.840000e-03 6.660000e-02
769 9.306560e-01 2.828000e-03 6.651600e-02
770 9.309560e-01 2.860000e-03 6.618400e-02
771 9.310720e-01 2.984000e-03 6.594400e-02
772 9.313280e-01 2.940000e-03 6.573200e-02
773 9.315360e-01 2.888000e-03 6.557600e-02
774 9.317560e-01 2.856000e-03 6.538800e-02
775 9.319320e-01 2.824000e-03 6.524400e-02
776 9.322520e-01 2.724000e-03 6.502400e-02
777 9.326040e-01 2.596000e-03 6.480000e-02
778 9.328560e-01 2.504000e-03 6.464000e-02
779 9.332680e-01 2.448000e-03 6.428400e-02
780 9.335560e-01 2.312000e-03 6.413200e-02
781 9.337800e-01 2.296000e-03 6.392400e-02
782 9.339560e-01 2.312000e-03 6.373200e-02
783 9.341720e-01 2.252000e-03 6.357600e-02
784 9.344560e-01 2.252000e-03 6.329200e-02
785 9.347520e-01 2.104000e-03 6.314400e-02
786 9.350440e-01 2.040000e-03 6.291600e-02
787 9.352560e-01 2.068000e-03 6.267600e-02
788 9.355440e-01 2.040000e-03 6.241600e-02
789 9.357000e-01 1.996000e-03 6.230400e-02
790 9.359400e-01 1.996000e-03 6.206400e-02
791 9.361360e-01 1.940000e-03 6.192400e-02
792 9.363200e-01 1.980000e-03 6.170000e-02
793 9.365120e-01 1.988000e-03 6.150000e-02
794 9.367400e-01 2.028000e-03 6.123200e-02
795 9.371000e-01 2.052000e-03 6.084800e-02
796 9.374160e-01 2.004000e-03 6.058000e-02
797 9.376680e-01 2.016000e-03 6.031600e-02
798 9.379120e-01 2.020000e-03 6.006800e-02
799 9.381320e-01 2.068000e-03 5.980000e-02
800 9.382920e-01 2.068000e-03 5.964000e-02
801 9.385200e-01 2.064000e-03 5.941600e-02
802 9.387880e-01 2.048000e-03 5.916400e-02
803 9.390080e-01 2.060000e-03 5.893200e-02
804 9.393160e-01 2.016000e-03 5.866800e-02
805 9.396080e-01 1.924000e-03 5.846800e-02
806 9.397760e-01 1.928000e-03 5.829600e-02
807 9.399360e-01 2.068000e-03 5.799600e-02
808 9.400920e-01 2.084000e-03 5.782400e-02
809 9.402960e-01 2.212000e-03 5.749200e-02
810 9.404120e-01 2.344000e-03 5.724400e-02
811 9.405080e-01 2.416000e-03 5.707600e-02
812 9.406080e-01 2.356000e-03 5.703600e-02
813 9.406840e-01 2.408000e-03 5.690800e-02
814 9.407720e-01 2.420000e-03 5.680800e-02
815 9.408680e-01 2.448000e-03 5.668400e-02
816 9.408880e-01 2.500000e-03 5.661200e-02
817 9.410400e-01 2.552000e-03 5.640800e-02
818 9.411720e-01 2.680000e-03 5.614800e-02
819 9.411400e-01 2.780000e-03 5.608000e-02
820 9.412080e-01 2.812000e-03 5.598000e-02
821 9.411680e-01 2.980000e-03 5.585200e-02
822 9.411760e-01 3.080000e-03 5.574400e-02
823 9.412000e-01 3.040000e-03 5.576000e-02
824 9.411800e-01 3.092000e-03 5.572800e-02
825 9.411240e-01 3.116000e-03 5.576000e-02
826 9.410320e-01 3.172000e-03 5.579600e-02
827 9.410960e-01 3.144000e-03 5.576000e-02
828 9.411800e-01 3.128000e-03 5.569200e-02
829 9.411560e-01 3.144000e-03 5.570000e-02
830 9.411760e-01 3.148000e-03 5.567600e-02
831 9.412640e-01 3.124000e-03 5.561200e-02
832 9.413800e-01 3.128000e-03 5.549200e-02
833 9.414200e-01 3.048000e-03 5.553200e-02
834 9.414600e-01 3.056000e-03 5.548400e-02
835 9.414600e-01 3.132000e-03 5.540800e-02
836 9.415400e-01 3.204000e-03 5.525600e-02
837 9.416920e-01 3.120000e-03 5.518800e-02
838 9.417560e-01 2.956000e-03 5.528800e-02
839 9.417960e-01 2.840000e-03 5.536400e-02
840 9.419680e-01 2.712000e-03 5.532000e-02
841 9.420480e-01 2.716000e-03 5.523600e-02
842 9.422560e-01 2.552000e-03 5.519200e-02
843 9.423840e-01 2.556000e-03 5.506000e-02
844 9.424200e-01 2.616000e-03 5.496400e-02
845 9.424720e-01 2.644000e-03 5.488400e-02
846 9.425440e-01 2.500000e-03 5.495600e-02
847 9.426800e-01 2.480000e-03 5.484000e-02
848 9.428680e-01 2.468000e-03 5.466400e-02
849 9.431240e-01 2.416000e-03 5.446000e-02
850 9.432480e-01 2.396000e-03 5.435600e-02
851 9.433480e-01 2.332000e-03 5.432000e-02
852 9.434640e-01 2.360000e-03 5.417600e-02
853 9.435440e-01 2.396000e-03 5.406000e-02
854 9.436440e-01 2.408000e-03 5.394800e-02
855 9.438200e-01 2.420000e-03 5.376000e-02
856 9.438440e-01 2.516000e-03 5.364000e-02
857 9.439320e-01 2.540000e-03 5.352800e-02
858 9.439760e-01 2.568000e-03 5.345600e-02
859 9.441440e-01 2.444000e-03 5.341200e-02
860 9.441000e-01 2.624000e-03 5.327600e-02
861 9.440240e-01 2.748000e-03 5.322800e-02
862 9.440040e-01 2.800000e-03 5.319600e-02
863 9.440600e-01 2.772000e-03 5.316800e-02
864 9.440880e-01 2.764000e-03 5.314800e-02
865 9.440000e-01 2.832000e-03 5.316800e-02
866 9.440880e-01 2.848000e-03 5.306400e-02
867 9.441960e-01 2.792000e-03 5.301200e-02
868 9.441400e-01 2.932000e-03 5.292800e-02
869 9.441320e-01 3.032000e-03 5.283600e-02
870 9.441600e-01 3.012000e-03 5.282800e-02
871 9.440720e-01 3.068000e-03 5.286000e-02
872 9.439800e-01 3.104000e-03 5.291600e-02
873 9.440040e-01 3.104000e-03 5.289200e-02
874 9.439480e-01 3.116000e-03 5.293600e-02
875 9.439280e-01 3.228000e-03 5.284400e-02
876 9.439040e-01 3.264000e-03 5.283200e-02
877 9.439200e-01 3.272000e-03 5.280800e-02
878 9.438160e-01 3.268000e-03 5.291600e-02
879 9.439920e-01 3.220000e-03 5.278800e-02
880 9.440280e-01 3.168000e-03 5.280400e-02
881 9.441320e-01 3.152000e-03 5.271600e-02
882 9.441720e-01 3.040000e-03 5.278800e-02
883 9.441840e-01 3.104000e-03 5.271200e-02
884 9.442520e-01 3.036000e-03 5.271200e-02
885 9.442600e-01 3.008000e-03 5.273200e-02
886 9.441440e-01 3.028000e-03 5.282800e-02
887 9.439280e-01 3.268000e-03 5.280400e-02
888 9.439440e-01 3.324000e-03 5.273200e-02
889 9.438640e-01 3.324000e-03 5.281200e-02
890 9.438720e-01 3.316000e-03 5.281200e-02
891 9.438920e-01 3.156000e-03 5.295200e-02
892 9.438760e-01 3.176000e-03 5.294800e-02
893 9.439040e-01 3.252000e-03 5.284400e-02
894 9.438160e-01 3.300000e-03 5.288400e-02
895 9.436480e-01 3.280000e-03 5.307200e-02
896 9.436320e-01 3.224000e-03 5.314400e-02
897 9.436400e-01 3.212000e-03 5.314800e-02
898 9.437680e-01 3.156000e-03 5.307600e-02
899 9.439200e-01 3.072000e-03 5.300800e-02
900 9.438520e-01 3.084000e-03 5.306400e-02
901 9.439000e-01 3.088000e-03 5.301200e-02
902 9.439520e-01 3.036000e-03 5.301200e-02
903 9.439680e-01 3.076000e-03 5.295600e-02
904 9.440120e-01 3.056000e-03 5.293200e-02
905 9.439440e-01 3.208000e-03 5.284800e-02
906 9.438800e-01 3.240000e-03 5.288000e-02
907 9.437480e-01 3.256000e-03 5.299600e-02
908 9.436840e-01 3.376000e-03 5.294000e-02
909 9.438600e-01 3.284000e-03 5.285600e-02
910 9.437520e-01 3.324000e-03 5.292400e-02
911 9.438400e-01 3.316000e-03 5.284400e-02
912 9.437480e-01 3.372000e-03 5.288000e-02
913 9.436520e-01 3.472000e-03 5.287600e-02
914 9.435640e-01 3.588000e-03 5.284800e-02
915 9.434720e-01 3.516000e-03 5.301200e-02
916 9.434520e-01 3.540000e-03 5.300800e-02
917 9.435080e-01 3.460000e-03 5.303200e-02
918 9.435960e-01 3.336000e-03 5.306800e-02
919 9.436720e-01 3.316000e-03 5.301200e-02
920 9.436640e-01 3.176000e-03 5.316000e-02
921 9.437040e-01 2.972000e-03 5.332400e-02
922 9.437200e-01 2.972000e-03 5.330800e-02
923 9.437200e-01 3.000000e-03 5.328000e-02
924 9.437720e-01 3.012000e-03 5.321600e-02
925 9.437440e-01 3.040000e-03 5.321600e-02
926 9.436760e-01 3.052000e-03 5.327200e-02
927 9.436920e-01 3.044000e-03 5.326400e-02
928 9.436640e-01 3.040000e-03 5.329600e-02
929 9.436640e-01 3.068000e-03 5.326800e-02
930 9.437440e-01 2.956000e-03 5.330000e-02
931 9.437440e-01 2.936000e-03 5.332000e-02
932 9.438160e-01 2.860000e-03 5.332400e-02
