1 9.993040e-01 5.880000e-04 1.080000e-04
2 9.988800e-01 9.120000e-04 2.080000e-04
3 9.982280e-01 1.400000e-03 3.720000e-04
4 9.975600e-01 1.760000e-03 6.800000e-04
5 9.969000e-01 2.076000e-03 1.024000e-03
6 9.962160e-01 2.380000e-03 1.404000e-03
7 9.955080e-01 2.720000e-03 1.772000e-03
8 9.948560e-01 2.916000e-03 2.228000e-03
9 9.942080e-01 3.080000e-03 2.712000e-03
10 9.934320e-01 3.372000e-03 3.196000e-03
11 9.926400e-01 3.692000e-03 3.668000e-03
12 9.918000e-01 3.928000e-03 4.272000e-03
13 9.910360e-01 3.976000e-03 4.988000e-03
14 9.901480e-01 4.192000e-03 5.660000e-03
15 9.894120e-01 4.216000e-03 6.372000e-03
16 9.885960e-01 4.432000e-03 6.972000e-03
17 9.877080e-01 4.604000e-03 7.688000e-03
18 9.867440e-01 4.856000e-03 8.400000e-03
19 9.859680e-01 5.040000e-03 8.992000e-03
20 9.850400e-01 5.200000e-03 9.760000e-03
21 9.841440e-01 5.284000e-03 1.057200e-02
22 9.831720e-01 5.412000e-03 1.141600e-02
23 9.823440e-01 5.416000e-03 1.224000e-02
24 9.814880e-01 5.368000e-03 1.314400e-02
25 9.805440e-01 5.508000e-03 1.394800e-02
26 9.797480e-01 5.400000e-03 1.485200e-02
27 9.788240e-01 5.476000e-03 1.570000e-02
28 9.778120e-01 5.736000e-03 1.645200e-02
29 9.769240e-01 5.888000e-03 1.718800e-02
30 9.759240e-01 5.992000e-03 1.808400e-02
31 9.747320e-01 6.332000e-03 1.893600e-02
32 9.735600e-01 6.620000e-03 1.982000e-02
33 9.725440e-01 6.792000e-03 2.066400e-02
34 9.715760e-01 6.816000e-03 2.160800e-02
35 9.707240e-01 6.784000e-03 2.249200e-02
36 9.697440e-01 6.860000e-03 2.339600e-02
37 9.687400e-01 7.084000e-03 2.417600e-02
38 9.676560e-01 7.132000e-03 2.521200e-02
39 9.665200e-01 7.328000e-03 2.615200e-02
40 9.655320e-01 7.440000e-03 2.702800e-02
41 9.644320e-01 7.580000e-03 2.798800e-02
42 9.633880e-01 7.604000e-03 2.900800e-02
43 9.622920e-01 7.772000e-03 2.993600e-02
44 9.611520e-01 7.908000e-03 3.094000e-02
45 9.599120e-01 8.056000e-03 3.203200e-02
46 9.586360e-01 8.340000e-03 3.302400e-02
47 9.574200e-01 8.456000e-03 3.412400e-02
48 9.561640e-01 8.652000e-03 3.518400e-02
49 9.548480e-01 8.820000e-03 3.633200e-02
50 9.536560e-01 8.964000e-03 3.738000e-02
51 9.523080e-01 9.156000e-03 3.853600e-02
52 9.510120e-01 9.268000e-03 3.972000e-02
53 9.498320e-01 9.320000e-03 4.084800e-02
54 9.484240e-01 9.624000e-03 4.195200e-02
55 9.471400e-01 9.648000e-03 4.321200e-02
56 9.459360e-01 9.668000e-03 4.439600e-02
57 9.447520e-01 9.596000e-03 4.565200e-02
58 9.434160e-01 9.712000e-03 4.687200e-02
59 9.423520e-01 9.696000e-03 4.795200e-02
60 9.411760e-01 9.740000e-03 4.908400e-02
61 9.402200e-01 9.492000e-03 5.028800e-02
62 9.390640e-01 9.564000e-03 5.137200e-02
63 9.380440e-01 9.540000e-03 5.241600e-02
64 9.369440e-01 9.572000e-03 5.348400e-02
65 9.359560e-01 9.488000e-03 5.455600e-02
66 9.349400e-01 9.448000e-03 5.561200e-02
67 9.340320e-01 9.364000e-03 5.660400e-02
68 9.331040e-01 9.244000e-03 5.765200e-02
69 9.322160e-01 9.188000e-03 5.859600e-02
70 9.313720e-01 9.076000e-03 5.955200e-02
71 9.306920e-01 8.980000e-03 6.032800e-02
72 9.297680e-01 8.916000e-03 6.131600e-02
73 9.290200e-01 8.744000e-03 6.223600e-02
74 9.280400e-01 8.844000e-03 6.311600e-02
75 9.270960e-01 9.084000e-03 6.382000e-02
76 9.261160e-01 9.288000e-03 6.459600e-02
77 9.250160e-01 9.392000e-03 6.559200e-02
78 9.240520e-01 9.388000e-03 6.656000e-02
79 9.231800e-01 9.320000e-03 6.750000e-02
80 9.223360e-01 9.256000e-03 6.840800e-02
81 9.214720e-01 9.140000e-03 6.938800e-02
82 9.206640e-01 9.228000e-03 7.010800e-02
83 9.196360e-01 9.296000e-03 7.106800e-02
84 9.187720e-01 9.284000e-03 7.194400e-02
85 9.179760e-01 9.308000e-03 7.271600e-02
86 9.170320e-01 9.396000e-03 7.357200e-02
87 9.160400e-01 9.708000e-03 7.425200e-02
88 9.149640e-01 1.001600e-02 7.502000e-02
89 9.139720e-01 1.028400e-02 7.574400e-02
90 9.130880e-01 1.012000e-02 7.679200e-02
91 9.120680e-01 1.026400e-02 7.766800e-02
92 9.111760e-01 1.015600e-02 7.866800e-02
93 9.101200e-01 1.025600e-02 7.962400e-02
94 9.091760e-01 1.034000e-02 8.048400e-02
95 9.082200e-01 1.040400e-02 8.137600e-02
96 9.071400e-01 1.048800e-02 8.237200e-02
97 9.062280e-01 1.048400e-02 8.328800e-02
98 9.053080e-01 1.054400e-02 8.414800e-02
99 9.040880e-01 1.070800e-02 8.520400e-02
100 9.031800e-01 1.080400e-02 8.601600e-02
101 9.021560e-01 1.093200e-02 8.691200e-02
102 9.010760e-01 1.101600e-02 8.790800e-02
103 9.002320e-01 1.083600e-02 8.893200e-02
104 8.992360e-01 1.083200e-02 8.993200e-02
105 8.984200e-01 1.076000e-02 9.082000e-02
106 8.976240e-01 1.073600e-02 9.164000e-02
107 8.969280e-01 1.068800e-02 9.238400e-02
108 8.962200e-01 1.050400e-02 9.327600e-02
109 8.953680e-01 1.050400e-02 9.412800e-02
110 8.945800e-01 1.048400e-02 9.493600e-02
111 8.937360e-01 1.040800e-02 9.585600e-02
112 8.929400e-01 1.056000e-02 9.650000e-02
113 8.921800e-01 1.051600e-02 9.730400e-02
114 8.911480e-01 1.064000e-02 9.821200e-02
115 8.903760e-01 1.073200e-02 9.889200e-02
116 8.893840e-01 1.084800e-02 9.976800e-02
117 8.884560e-01 1.110000e-02 1.004440e-01
118 8.875600e-01 1.137200e-02 1.010680e-01
119 8.867360e-01 1.126800e-02 1.019960e-01
120 8.857960e-01 1.124000e-02 1.029640e-01
121 8.849480e-01 1.127600e-02 1.037760e-01
122 8.840360e-01 1.122800e-02 1.047360e-01
123 8.830640e-01 1.127200e-02 1.056640e-01
124 8.822080e-01 1.121200e-02 1.065800e-01
125 8.814640e-01 1.118800e-02 1.073480e-01
126 8.808120e-01 1.128400e-02 1.079040e-01
127 8.799000e-01 1.129200e-02 1.088080e-01
128 8.792080e-01 1.107200e-02 1.097200e-01
129 8.786080e-01 1.107200e-02 1.103200e-01
130 8.780920e-01 1.076400e-02 1.111440e-01
131 8.774800e-01 1.074000e-02 1.117800e-01
132 8.766920e-01 1.102400e-02 1.122840e-01
133 8.760800e-01 1.103600e-02 1.128840e-01
134 8.753480e-01 1.096800e-02 1.136840e-01
135 8.748560e-01 1.086400e-02 1.142800e-01
136 8.742000e-01 1.076800e-02 1.150320e-01
137 8.736600e-01 1.069600e-02 1.156440e-01
138 8.732080e-01 1.059200e-02 1.162000e-01
139 8.726280e-01 1.075600e-02 1.166160e-01
140 8.720360e-01 1.078800e-02 1.171760e-01
141 8.716440e-01 1.054400e-02 1.178120e-01
142 8.712520e-01 1.040000e-02 1.183480e-01
143 8.708080e-01 1.033600e-02 1.188560e-01
144 8.703280e-01 1.035600e-02 1.193160e-01
145 8.699280e-01 1.030000e-02 1.197720e-01
146 8.694200e-01 1.012000e-02 1.204600e-01
147 8.688440e-01 1.010800e-02 1.210480e-01
148 8.685640e-01 9.900000e-03 1.215360e-01
149 8.683560e-01 9.608000e-03 1.220360e-01
150 8.682560e-01 9.448000e-03 1.222960e-01
151 8.680840e-01 9.496000e-03 1.224200e-01
152 8.677400e-01 9.568000e-03 1.226920e-01
153 8.674640e-01 9.500000e-03 1.230360e-01
154 8.674120e-01 9.184000e-03 1.234040e-01
155 8.670880e-01 9.152000e-03 1.237600e-01
156 8.668440e-01 9.144000e-03 1.240120e-01
157 8.665120e-01 9.232000e-03 1.242560e-01
158 8.663840e-01 9.292000e-03 1.243240e-01
159 8.663200e-01 9.284000e-03 1.243960e-01
160 8.658720e-01 9.432000e-03 1.246960e-01
161 8.655480e-01 9.364000e-03 1.250880e-01
162 8.652280e-01 9.364000e-03 1.254080e-01
163 8.648560e-01 9.460000e-03 1.256840e-01
164 8.645960e-01 9.264000e-03 1.261400e-01
165 8.645680e-01 9.140000e-03 1.262920e-01
166 8.644160e-01 8.960000e-03 1.266240e-01
167 8.645040e-01 8.880000e-03 1.266160e-01
168 8.641960e-01 8.876000e-03 1.269280e-01
169 8.641320e-01 8.676000e-03 1.271920e-01
170 8.639440e-01 8.612000e-03 1.274440e-01
171 8.638880e-01 8.484000e-03 1.276280e-01
172 8.637560e-01 8.448000e-03 1.277960e-01
173 8.636920e-01 8.332000e-03 1.279760e-01
174 8.634320e-01 8.384000e-03 1.281840e-01
175 8.631520e-01 8.392000e-03 1.284560e-01
176 8.630000e-01 8.488000e-03 1.285120e-01
177 8.628320e-01 8.496000e-03 1.286720e-01
178 8.625640e-01 8.700000e-03 1.287360e-01
179 8.622360e-01 8.796000e-03 1.289680e-01
180 8.619760e-01 8.868000e-03 1.291560e-01
181 8.617520e-01 8.852000e-03 1.293960e-01
182 8.613840e-01 9.036000e-03 1.295800e-01
183 8.609640e-01 9.068000e-03 1.299680e-01
184 8.606200e-01 8.972000e-03 1.304080e-01
185 8.603840e-01 8.912000e-03 1.307040e-01
186 8.603320e-01 8.840000e-03 1.308280e-01
187 8.603720e-01 8.676000e-03 1.309520e-01
188 8.601160e-01 8.700000e-03 1.311840e-01
189 8.600120e-01 8.728000e-03 1.312600e-01
190 8.598440e-01 8.552000e-03 1.316040e-01
191 8.597000e-01 8.536000e-03 1.317640e-01
192 8.597120e-01 8.228000e-03 1.320600e-01
193 8.597800e-01 8.160000e-03 1.320600e-01
194 8.598440e-01 8.120000e-03 1.320360e-01
195 8.597160e-01 8.228000e-03 1.320560e-01
196 8.597080e-01 8.232000e-03 1.320600e-01
197 8.598120e-01 8.160000e-03 1.320280e-01
198 8.596840e-01 8.184000e-03 1.321320e-01
199 8.594840e-01 8.248000e-03 1.322680e-01
200 8.594040e-01 8.176000e-03 1.324200e-01
201 8.591680e-01 8.148000e-03 1.326840e-01
202 8.589680e-01 8.304000e-03 1.327280e-01
203 8.588440e-01 8.184000e-03 1.329720e-01
204 8.590160e-01 7.960000e-03 1.330240e-01
205 8.591520e-01 7.872000e-03 1.329760e-01
206 8.592480e-01 7.900000e-03 1.328520e-01
207 8.594760e-01 7.748000e-03 1.327760e-01
208 8.595920e-01 7.816000e-03 1.325920e-01
209 8.595880e-01 7.720000e-03 1.326920e-01
210 8.595200e-01 7.760000e-03 1.327200e-01
211 8.596720e-01 7.716000e-03 1.326120e-01
212 8.596240e-01 7.792000e-03 1.325840e-01
213 8.596400e-01 7.760000e-03 1.326000e-01
214 8.596440e-01 7.836000e-03 1.325200e-01
215 8.596360e-01 7.808000e-03 1.325560e-01
216 8.595440e-01 7.700000e-03 1.327560e-01
217 8.595560e-01 7.700000e-03 1.327440e-01
218 8.595120e-01 7.492000e-03 1.329960e-01
219 8.596600e-01 7.532000e-03 1.328080e-01
220 8.598640e-01 7.416000e-03 1.327200e-01
221 8.599880e-01 7.476000e-03 1.325360e-01
222 8.601640e-01 7.332000e-03 1.325040e-01
223 8.603680e-01 7.216000e-03 1.324160e-01
224 8.603960e-01 7.160000e-03 1.324440e-01
225 8.604920e-01 7.200000e-03 1.323080e-01
226 8.606160e-01 7.164000e-03 1.322200e-01
227 8.605720e-01 7.348000e-03 1.320800e-01
228 8.606160e-01 7.300000e-03 1.320840e-01
229 8.607600e-01 7.288000e-03 1.319520e-01
230 8.607160e-01 7.364000e-03 1.319200e-01
231 8.606960e-01 7.240000e-03 1.320640e-01
232 8.607520e-01 7.300000e-03 1.319480e-01
233 8.606520e-01 7.392000e-03 1.319560e-01
234 8.606440e-01 7.448000e-03 1.319080e-01
235 8.606960e-01 7.496000e-03 1.318080e-01
236 8.606920e-01 7.488000e-03 1.318200e-01
237 8.605320e-01 7.596000e-03 1.318720e-01
238 8.605360e-01 7.596000e-03 1.318680e-01
239 8.606360e-01 7.428000e-03 1.319360e-01
240 8.608040e-01 7.400000e-03 1.317960e-01
241 8.609840e-01 7.380000e-03 1.316360e-01
242 8.609320e-01 7.340000e-03 1.317280e-01
243 8.611400e-01 7.324000e-03 1.315360e-01
244 8.612920e-01 7.204000e-03 1.315040e-01
245 8.614600e-01 7.200000e-03 1.313400e-01
246 8.616200e-01 7.064000e-03 1.313160e-01
247 8.616560e-01 7.088000e-03 1.312560e-01
248 8.617960e-01 6.976000e-03 1.312280e-01
249 8.620080e-01 7.000000e-03 1.309920e-01
250 8.621800e-01 7.068000e-03 1.307520e-01
251 8.621920e-01 7.124000e-03 1.306840e-01
252 8.622600e-01 7.144000e-03 1.305960e-01
253 8.622640e-01 7.276000e-03 1.304600e-01
254 8.624280e-01 7.012000e-03 1.305600e-01
255 8.625360e-01 6.920000e-03 1.305440e-01
256 8.627560e-01 6.876000e-03 1.303680e-01
257 8.628840e-01 6.608000e-03 1.305080e-01
258 8.631280e-01 6.604000e-03 1.302680e-01
259 8.633320e-01 6.660000e-03 1.300080e-01
260 8.633920e-01 6.724000e-03 1.298840e-01
261 8.635600e-01 6.700000e-03 1.297400e-01
262 8.637560e-01 6.736000e-03 1.295080e-01
263 8.641200e-01 6.516000e-03 1.293640e-01
264 8.642280e-01 6.536000e-03 1.292360e-01
265 8.643720e-01 6.564000e-03 1.290640e-01
266 8.643920e-01 6.656000e-03 1.289520e-01
267 8.645760e-01 6.596000e-03 1.288280e-01
268 8.645720e-01 6.680000e-03 1.287480e-01
269 8.645680e-01 6.932000e-03 1.285000e-01
270 8.647320e-01 6.856000e-03 1.284120e-01
271 8.646120e-01 6.964000e-03 1.284240e-01
272 8.647520e-01 7.024000e-03 1.282240e-01
273 8.647640e-01 6.928000e-03 1.283080e-01
274 8.648480e-01 6.876000e-03 1.282760e-01
275 8.649000e-01 6.824000e-03 1.282760e-01
276 8.650280e-01 6.752000e-03 1.282200e-01
277 8.651800e-01 6.620000e-03 1.282000e-01
278 8.651720e-01 6.724000e-03 1.281040e-01
279 8.652400e-01 6.780000e-03 1.279800e-01
280 8.653440e-01 6.780000e-03 1.278760e-01
281 8.655320e-01 6.784000e-03 1.276840e-01
282 8.655000e-01 6.816000e-03 1.276840e-01
283 8.653760e-01 6.908000e-03 1.277160e-01
284 8.654640e-01 6.996000e-03 1.275400e-01
285 8.655000e-01 7.056000e-03 1.274440e-01
286 8.655360e-01 7.044000e-03 1.274200e-01
287 8.656400e-01 6.908000e-03 1.274520e-01
288 8.655480e-01 6.984000e-03 1.274680e-01
289 8.656000e-01 6.988000e-03 1.274120e-01
290 8.655600e-01 7.176000e-03 1.272640e-01
291 8.653240e-01 7.380000e-03 1.272960e-01
292 8.653440e-01 7.328000e-03 1.273280e-01
293 8.654760e-01 7.276000e-03 1.272480e-01
294 8.656640e-01 7.100000e-03 1.272360e-01
295 8.656640e-01 7.100000e-03 1.272360e-01
296 8.659280e-01 6.960000e-03 1.271120e-01
297 8.659080e-01 6.892000e-03 1.272000e-01
298 8.661600e-01 6.704000e-03 1.271360e-01
299 8.663640e-01 6.664000e-03 1.269720e-01
300 8.662800e-01 6.692000e-03 1.270280e-01
301 8.663600e-01 6.660000e-03 1.269800e-01
302 8.662760e-01 6.680000e-03 1.270440e-01
303 8.662400e-01 6.808000e-03 1.269520e-01
304 8.663240e-01 6.816000e-03 1.268600e-01
305 8.664960e-01 6.736000e-03 1.267680e-01
306 8.665720e-01 6.664000e-03 1.267640e-01
307 8.667560e-01 6.568000e-03 1.266760e-01
308 8.668880e-01 6.444000e-03 1.266680e-01
309 8.671920e-01 6.460000e-03 1.263480e-01
310 8.674000e-01 6.444000e-03 1.261560e-01
311 8.676440e-01 6.284000e-03 1.260720e-01
312 8.677280e-01 6.320000e-03 1.259520e-01
313 8.679640e-01 6.420000e-03 1.256160e-01
314 8.680720e-01 6.412000e-03 1.255160e-01
315 8.683560e-01 6.200000e-03 1.254440e-01
316 8.686280e-01 6.196000e-03 1.251760e-01
317 8.689360e-01 6.156000e-03 1.249080e-01
318 8.691880e-01 5.912000e-03 1.249000e-01
319 8.694240e-01 5.880000e-03 1.246960e-01
320 8.697680e-01 5.992000e-03 1.242400e-01
321 8.701960e-01 5.804000e-03 1.240000e-01
322 8.705480e-01 5.728000e-03 1.237240e-01
323 8.707640e-01 5.704000e-03 1.235320e-01
324 8.711560e-01 5.620000e-03 1.232240e-01
325 8.713440e-01 5.700000e-03 1.229560e-01
326 8.716680e-01 5.604000e-03 1.227280e-01
327 8.721480e-01 5.548000e-03 1.223040e-01
328 8.723920e-01 5.564000e-03 1.220440e-01
329 8.727200e-01 5.480000e-03 1.218000e-01
330 8.729720e-01 5.416000e-03 1.216120e-01
331 8.734040e-01 5.152000e-03 1.214440e-01
332 8.737760e-01 5.088000e-03 1.211360e-01
333 8.740160e-01 5.068000e-03 1.209160e-01
334 8.743480e-01 5.040000e-03 1.206120e-01
335 8.746280e-01 5.128000e-03 1.202440e-01
336 8.750400e-01 5.012000e-03 1.199480e-01
337 8.754800e-01 4.900000e-03 1.196200e-01
338 8.757240e-01 4.800000e-03 1.194760e-01
339 8.760720e-01 4.792000e-03 1.191360e-01
340 8.764920e-01 4.880000e-03 1.186280e-01
341 8.768920e-01 4.780000e-03 1.183280e-01
342 8.773520e-01 4.624000e-03 1.180240e-01
343 8.777240e-01 4.548000e-03 1.177280e-01
344 8.780240e-01 4.564000e-03 1.174120e-01
345 8.784840e-01 4.560000e-03 1.169560e-01
346 8.788000e-01 4.628000e-03 1.165720e-01
347 8.791840e-01 4.580000e-03 1.162360e-01
348 8.794440e-01 4.456000e-03 1.161000e-01
349 8.799800e-01 4.328000e-03 1.156920e-01
350 8.801960e-01 4.368000e-03 1.154360e-01
351 8.805160e-01 4.512000e-03 1.149720e-01
352 8.808160e-01 4.444000e-03 1.147400e-01
353 8.813360e-01 4.324000e-03 1.143400e-01
354 8.817120e-01 4.228000e-03 1.140600e-01
355 8.821600e-01 4.128000e-03 1.137120e-01
356 8.826240e-01 3.980000e-03 1.133960e-01
357 8.828560e-01 4.080000e-03 1.130640e-01
358 8.831560e-01 4.084000e-03 1.127600e-01
359 8.836200e-01 3.968000e-03 1.124120e-01
360 8.840040e-01 3.988000e-03 1.120080e-01
361 8.843320e-01 3.980000e-03 1.116880e-01
362 8.846320e-01 3.924000e-03 1.114440e-01
363 8.850520e-01 3.900000e-03 1.110480e-01
364 8.853760e-01 3.924000e-03 1.107000e-01
365 8.856160e-01 3.880000e-03 1.105040e-01
366 8.859400e-01 3.844000e-03 1.102160e-01
367 8.862000e-01 3.892000e-03 1.099080e-01
368 8.865840e-01 3.904000e-03 1.095120e-01
369 8.869120e-01 3.976000e-03 1.091120e-01
370 8.872200e-01 4.040000e-03 1.087400e-01
371 8.875320e-01 4.188000e-03 1.082800e-01
372 8.878000e-01 4.220000e-03 1.079800e-01
373 8.880320e-01 4.340000e-03 1.076280e-01
374 8.883360e-01 4.344000e-03 1.073200e-01
375 8.888040e-01 4.216000e-03 1.069800e-01
376 8.891000e-01 4.144000e-03 1.067560e-01
377 8.892800e-01 4.280000e-03 1.064400e-01
378 8.895280e-01 4.280000e-03 1.061920e-01
379 8.897520e-01 4.368000e-03 1.058800e-01
380 8.899480e-01 4.384000e-03 1.056680e-01
381 8.902400e-01 4.412000e-03 1.053480e-01
382 8.904680e-01 4.456000e-03 1.050760e-01
383 8.906480e-01 4.448000e-03 1.049040e-01
384 8.906440e-01 4.660000e-03 1.046960e-01
385 8.908080e-01 4.692000e-03 1.045000e-01
386 8.909760e-01 4.712000e-03 1.043120e-01
387 8.912040e-01 4.708000e-03 1.040880e-01
388 8.912520e-01 4.840000e-03 1.039080e-01
389 8.913840e-01 4.880000e-03 1.037360e-01
390 8.916000e-01 4.960000e-03 1.034400e-01
391 8.915800e-01 5.112000e-03 1.033080e-01
392 8.917560e-01 4.976000e-03 1.032680e-01
393 8.919000e-01 4.968000e-03 1.031320e-01
394 8.920640e-01 4.888000e-03 1.030480e-01
395 8.924600e-01 4.816000e-03 1.027240e-01
396 8.927280e-01 4.804000e-03 1.024680e-01
397 8.929320e-01 4.744000e-03 1.023240e-01
398 8.931320e-01 4.816000e-03 1.020520e-01
399 8.932560e-01 4.784000e-03 1.019600e-01
400 8.935080e-01 4.756000e-03 1.017360e-01
401 8.937800e-01 4.712000e-03 1.015080e-01
402 8.939840e-01 4.692000e-03 1.013240e-01
403 8.942320e-01 4.736000e-03 1.010320e-01
404 8.945200e-01 4.608000e-03 1.008720e-01
405 8.947000e-01 4.676000e-03 1.006240e-01
406 8.948240e-01 4.588000e-03 1.005880e-01
407 8.951400e-01 4.472000e-03 1.003880e-01
408 8.954840e-01 4.384000e-03 1.001320e-01
409 8.956560e-01 4.344000e-03 1.000000e-01
410 8.960320e-01 4.232000e-03 9.973600e-02
411 8.962040e-01 4.160000e-03 9.963600e-02
412 8.965640e-01 4.080000e-03 9.935600e-02
413 8.969160e-01 3.996000e-03 9.908800e-02
414 8.972560e-01 3.884000e-03 9.886000e-02
415 8.974680e-01 4.080000e-03 9.845200e-02
416 8.977200e-01 4.252000e-03 9.802800e-02
417 8.977160e-01 4.392000e-03 9.789200e-02
418 8.979000e-01 4.412000e-03 9.768800e-02
419 8.979960e-01 4.444000e-03 9.756000e-02
420 8.980160e-01 4.496000e-03 9.748800e-02
421 8.980680e-01 4.644000e-03 9.728800e-02
422 8.981280e-01 4.644000e-03 9.722800e-02
423 8.982800e-01 4.604000e-03 9.711600e-02
424 8.983920e-01 4.604000e-03 9.700400e-02
425 8.985480e-01 4.444000e-03 9.700800e-02
426 8.986640e-01 4.460000e-03 9.687600e-02
427 8.989680e-01 4.344000e-03 9.668800e-02
428 8.991760e-01 4.328000e-03 9.649600e-02
429 8.993920e-01 4.328000e-03 9.628000e-02
430 8.995800e-01 4.348000e-03 9.607200e-02
431 8.998160e-01 4.304000e-03 9.588000e-02
432 9.000400e-01 4.356000e-03 9.560400e-02
433 9.002040e-01 4.412000e-03 9.538400e-02
434 9.003960e-01 4.324000e-03 9.528000e-02
435 9.008640e-01 4.164000e-03 9.497200e-02
436 9.011920e-01 4.112000e-03 9.469600e-02
437 9.013160e-01 4.144000e-03 9.454000e-02
438 9.015520e-01 4.232000e-03 9.421600e-02
439 9.017600e-01 4.096000e-03 9.414400e-02
440 9.019520e-01 4.024000e-03 9.402400e-02
441 9.021800e-01 3.908000e-03 9.391200e-02
442 9.023520e-01 4.008000e-03 9.364000e-02
443 9.026000e-01 3.912000e-03 9.348800e-02
444 9.028080e-01 3.932000e-03 9.326000e-02
445 9.029960e-01 4.028000e-03 9.297600e-02
446 9.032720e-01 3.904000e-03 9.282400e-02
447 9.034920e-01 3.900000e-03 9.260800e-02
448 9.036200e-01 4.016000e-03 9.236400e-02
449 9.038320e-01 4.084000e-03 9.208400e-02
450 9.040600e-01 3.992000e-03 9.194800e-02
451 9.042240e-01 4.052000e-03 9.172400e-02
452 9.046400e-01 3.952000e-03 9.140800e-02
453 9.049480e-01 3.920000e-03 9.113200e-02
454 9.052920e-01 3.708000e-03 9.100000e-02
455 9.054600e-01 3.736000e-03 9.080400e-02
456 9.058000e-01 3.748000e-03 9.045200e-02
457 9.060240e-01 3.728000e-03 9.024800e-02
458 9.063640e-01 3.520000e-03 9.011600e-02
459 9.066600e-01 3.444000e-03 8.989600e-02
460 9.069000e-01 3.440000e-03 8.966000e-02
461 9.072800e-01 3.408000e-03 8.931200e-02
462 9.076880e-01 3.304000e-03 8.900800e-02
463 9.081400e-01 3.136000e-03 8.872400e-02
464 9.084840e-01 3.108000e-03 8.840800e-02
465 9.088880e-01 3.092000e-03 8.802000e-02
466 9.092280e-01 3.080000e-03 8.769200e-02
467 9.095760e-01 2.976000e-03 8.744800e-02
468 9.099920e-01 2.888000e-03 8.712000e-02
469 9.104840e-01 2.796000e-03 8.672000e-02
470 9.109160e-01 2.800000e-03 8.628400e-02
471 9.113600e-01 2.864000e-03 8.577600e-02
472 9.117360e-01 2.816000e-03 8.544800e-02
473 9.121720e-01 2.824000e-03 8.500400e-02
474 9.124520e-01 2.896000e-03 8.465200e-02
475 9.128680e-01 2.852000e-03 8.428000e-02
476 9.132040e-01 2.832000e-03 8.396400e-02
477 9.136120e-01 2.772000e-03 8.361600e-02
478 9.139040e-01 2.820000e-03 8.327600e-02
479 9.142440e-01 2.804000e-03 8.295200e-02
480 9.145600e-01 2.868000e-03 8.257200e-02
481 9.148840e-01 2.904000e-03 8.221200e-02
482 9.151640e-01 2.920000e-03 8.191600e-02
483 9.152880e-01 3.040000e-03 8.167200e-02
484 9.156360e-01 3.004000e-03 8.136000e-02
485 9.159760e-01 2.976000e-03 8.104800e-02
486 9.162080e-01 3.032000e-03 8.076000e-02
487 9.166000e-01 2.948000e-03 8.045200e-02
488 9.168040e-01 2.952000e-03 8.024400e-02
489 9.169920e-01 3.020000e-03 7.998800e-02
490 9.170160e-01 3.096000e-03 7.988800e-02
491 9.173440e-01 3.040000e-03 7.961600e-02
492 9.177600e-01 2.952000e-03 7.928800e-02
493 9.180200e-01 2.900000e-03 7.908000e-02
494 9.183360e-01 2.872000e-03 7.879200e-02
495 9.186240e-01 2.752000e-03 7.862400e-02
496 9.189440e-01 2.828000e-03 7.822800e-02
497 9.191280e-01 2.860000e-03 7.801200e-02
498 9.193520e-01 2.856000e-03 7.779200e-02
499 9.196080e-01 2.944000e-03 7.744800e-02
500 9.199880e-01 2.924000e-03 7.708800e-02
501 9.202640e-01 2.968000e-03 7.676800e-02
502 9.204760e-01 2.984000e-03 7.654000e-02
503 9.206520e-01 3.020000e-03 7.632800e-02
504 9.208920e-01 3.060000e-03 7.604800e-02
505 9.211920e-01 2.996000e-03 7.581200e-02
506 9.215440e-01 2.888000e-03 7.556800e-02
507 9.218960e-01 2.716000e-03 7.538800e-02
508 9.221480e-01 2.652000e-03 7.520000e-02
509 9.224800e-01 2.716000e-03 7.480400e-02
510 9.227640e-01 2.748000e-03 7.448800e-02
511 9.230880e-01 2.764000e-03 7.414800e-02
512 9.233520e-01 2.800000e-03 7.384800e-02
513 9.235880e-01 2.760000e-03 7.365200e-02
514 9.238560e-01 2.728000e-03 7.341600e-02
515 9.241360e-01 2.736000e-03 7.312800e-02
516 9.244960e-01 2.652000e-03 7.285200e-02
517 9.246880e-01 2.676000e-03 7.263600e-02
518 9.248880e-01 2.708000e-03 7.240400e-02
519 9.251520e-01 2.616000e-03 7.223200e-02
520 9.254560e-01 2.652000e-03 7.189200e-02
521 9.258120e-01 2.528000e-03 7.166000e-02
522 9.260200e-01 2.492000e-03 7.148800e-02
523 9.262120e-01 2.572000e-03 7.121600e-02
524 9.264720e-01 2.536000e-03 7.099200e-02
525 9.266680e-01 2.632000e-03 7.070000e-02
526 9.269360e-01 2.740000e-03 7.032400e-02
527 9.271560e-01 2.776000e-03 7.006800e-02
528 9.273520e-01 2.820000e-03 6.982800e-02
529 9.275440e-01 2.808000e-03 6.964800e-02
530 9.277040e-01 2.788000e-03 6.950800e-02
531 9.280000e-01 2.776000e-03 6.922400e-02
532 9.282680e-01 2.720000e-03 6.901200e-02
533 9.285040e-01 2.628000e-03 6.886800e-02
534 9.287520e-01 2.568000e-03 6.868000e-02
535 9.289400e-01 2.588000e-03 6.847200e-02
536 9.292800e-01 2.532000e-03 6.818800e-02
537 9.295960e-01 2.436000e-03 6.796800e-02
538 9.298960e-01 2.544000e-03 6.756000e-02
539 9.300720e-01 2.564000e-03 6.736400e-02
540 9.301640e-01 2.648000e-03 6.718800e-02
541 9.304600e-01 2.672000e-03 6.686800e-02
542 9.305920e-01 2.704000e-03 6.670400e-02
543 9.308120e-01 2.772000e-03 6.641600e-02
544 9.309880e-01 2.752000e-03 6.626000e-02
545 9.312040e-01 2.768000e-03 6.602800e-02
546 9.314840e-01 2.752000e-03 6.576400e-02
547 9.316200e-01 2.780000e-03 6.560000e-02
548 9.316600e-01 2.852000e-03 6.548800e-02
549 9.318800e-01 2.800000e-03 6.532000e-02
550 9.320480e-01 2.848000e-03 6.510400e-02
551 9.322560e-01 2.796000e-03 6.494800e-02
552 9.323200e-01 2.820000e-03 6.486000e-02
553 9.324800e-01 2.804000e-03 6.471600e-02
554 9.325840e-01 2.840000e-03 6.457600e-02
555 9.327080e-01 2.820000e-03 6.447200e-02
556 9.328720e-01 2.764000e-03 6.436400e-02
557 9.330280e-01 2.760000e-03 6.421200e-02
558 9.332400e-01 2.632000e-03 6.412800e-02
559 9.334280e-01 2.660000e-03 6.391200e-02
560 9.337080e-01 2.568000e-03 6.372400e-02
561 9.338120e-01 2.496000e-03 6.369200e-02
562 9.340600e-01 2.476000e-03 6.346400e-02
563 9.343400e-01 2.376000e-03 6.328400e-02
564 9.346080e-01 2.248000e-03 6.314400e-02
565 9.348360e-01 2.148000e-03 6.301600e-02
566 9.351720e-01 2.124000e-03 6.270400e-02
567 9.354560e-01 2.140000e-03 6.240400e-02
568 9.357720e-01 2.160000e-03 6.206800e-02
569 9.360880e-01 2.100000e-03 6.181200e-02
570 9.363640e-01 2.096000e-03 6.154000e-02
571 9.365760e-01 2.068000e-03 6.135600e-02
572 9.367440e-01 2.084000e-03 6.117200e-02
573 9.370520e-01 2.072000e-03 6.087600e-02
574 9.372360e-01 2.128000e-03 6.063600e-02
575 9.374640e-01 2.164000e-03 6.037200e-02
576 9.375720e-01 2.200000e-03 6.022800e-02
577 9.377320e-01 2.280000e-03 5.998800e-02
578 9.379240e-01 2.304000e-03 5.977200e-02
579 9.380600e-01 2.340000e-03 5.960000e-02
580 9.383000e-01 2.356000e-03 5.934400e-02
581 9.385080e-01 2.284000e-03 5.920800e-02
582 9.387720e-01 2.196000e-03 5.903200e-02
583 9.389960e-01 2.148000e-03 5.885600e-02
584 9.392520e-01 2.096000e-03 5.865200e-02
585 9.393480e-01 2.156000e-03 5.849600e-02
586 9.394760e-01 2.216000e-03 5.830800e-02
587 9.396880e-01 2.268000e-03 5.804400e-02
588 9.399040e-01 2.232000e-03 5.786400e-02
589 9.400520e-01 2.268000e-03 5.768000e-02
590 9.401960e-01 2.212000e-03 5.759200e-02
591 9.405160e-01 2.156000e-03 5.732800e-02
592 9.407520e-01 2.132000e-03 5.711600e-02
593 9.409720e-01 2.096000e-03 5.693200e-02
594 9.411440e-01 2.092000e-03 5.676400e-02
595 9.413520e-01 2.008000e-03 5.664000e-02
596 9.416480e-01 1.928000e-03 5.642400e-02
597 9.419280e-01 1.816000e-03 5.625600e-02
598 9.421720e-01 1.936000e-03 5.589200e-02
599 9.422120e-01 1.972000e-03 5.581600e-02
600 9.424240e-01 1.992000e-03 5.558400e-02
601 9.426000e-01 2.080000e-03 5.532000e-02
602 9.427600e-01 2.056000e-03 5.518400e-02
603 9.428440e-01 2.128000e-03 5.502800e-02
604 9.430080e-01 2.120000e-03 5.487200e-02
605 9.431960e-01 2.100000e-03 5.470400e-02
606 9.433360e-01 2.144000e-03 5.452000e-02
607 9.435400e-01 2.156000e-03 5.430400e-02
608 9.436560e-01 2.208000e-03 5.413600e-02
609 9.438840e-01 2.220000e-03 5.389600e-02
610 9.440640e-01 2.184000e-03 5.375200e-02
611 9.441760e-01 2.124000e-03 5.370000e-02
612 9.443320e-01 2.124000e-03 5.354400e-02
613 9.444880e-01 2.148000e-03 5.336400e-02
614 9.446200e-01 2.036000e-03 5.334400e-02
615 9.448400e-01 2.056000e-03 5.310400e-02
616 9.449240e-01 2.112000e-03 5.296400e-02
617 9.449440e-01 2.208000e-03 5.284800e-02
618 9.450360e-01 2.224000e-03 5.274000e-02
619 9.450640e-01 2.272000e-03 5.266400e-02
620 9.452560e-01 2.264000e-03 5.248000e-02
621 9.454120e-01 2.196000e-03 5.239200e-02
622 9.454040e-01 2.328000e-03 5.226800e-02
623 9.455040e-01 2.368000e-03 5.212800e-02
624 9.455480e-01 2.460000e-03 5.199200e-02
625 9.455440e-01 2.548000e-03 5.190800e-02
626 9.455680e-01 2.548000e-03 5.188400e-02
627 9.456720e-01 2.428000e-03 5.190000e-02
628 9.458040e-01 2.488000e-03 5.170800e-02
629 9.459640e-01 2.528000e-03 5.150800e-02
630 9.460000e-01 2.512000e-03 5.148800e-02
631 9.460640e-01 2.544000e-03 5.139200e-02
632 9.460840e-01 2.512000e-03 5.140400e-02
633 9.460840e-01 2.524000e-03 5.139200e-02
634 9.461160e-01 2.536000e-03 5.134800e-02
635 9.463040e-01 2.424000e-03 5.127200e-02
636 9.464120e-01 2.368000e-03 5.122000e-02
637 9.464800e-01 2.388000e-03 5.113200e-02
638 9.465400e-01 2.440000e-03 5.102000e-02
639 9.466080e-01 2.352000e-03 5.104000e-02
640 9.466840e-01 2.376000e-03 5.094000e-02
641 9.467480e-01 2.404000e-03 5.084800e-02
642 9.468520e-01 2.384000e-03 5.076400e-02
643 9.469760e-01 2.292000e-03 5.073200e-02
644 9.471200e-01 2.304000e-03 5.057600e-02
645 9.471360e-01 2.352000e-03 5.051200e-02
646 9.473560e-01 2.288000e-03 5.035600e-02
647 9.474200e-01 2.304000e-03 5.027600e-02
648 9.475000e-01 2.304000e-03 5.019600e-02
649 9.476040e-01 2.376000e-03 5.002000e-02
650 9.476360e-01 2.512000e-03 4.985200e-02
651 9.477400e-01 2.372000e-03 4.988800e-02
652 9.477840e-01 2.404000e-03 4.981200e-02
653 9.478680e-01 2.456000e-03 4.967600e-02
654 9.478120e-01 2.564000e-03 4.962400e-02
655 9.478200e-01 2.620000e-03 4.956000e-02
656 9.477920e-01 2.728000e-03 4.948000e-02
657 9.477720e-01 2.752000e-03 4.947600e-02
658 9.477400e-01 2.724000e-03 4.953600e-02
659 9.479000e-01 2.700000e-03 4.940000e-02
660 9.478760e-01 2.796000e-03 4.932800e-02
661 9.478880e-01 2.816000e-03 4.929600e-02
662 9.479480e-01 2.752000e-03 4.930000e-02
663 9.478920e-01 2.724000e-03 4.938400e-02
664 9.479960e-01 2.632000e-03 4.937200e-02
665 9.481240e-01 2.576000e-03 4.930000e-02
666 9.482160e-01 2.520000e-03 4.926400e-02
667 9.482640e-01 2.548000e-03 4.918800e-02
668 9.482960e-01 2.572000e-03 4.913200e-02
669 9.483120e-01 2.668000e-03 4.902000e-02
670 9.483400e-01 2.680000e-03 4.898000e-02
671 9.483280e-01 2.596000e-03 4.907600e-02
672 9.484120e-01 2.684000e-03 4.890400e-02
673 9.483960e-01 2.712000e-03 4.889200e-02
674 9.484920e-01 2.780000e-03 4.872800e-02
675 9.485560e-01 2.772000e-03 4.867200e-02
676 9.484640e-01 2.812000e-03 4.872400e-02
677 9.484920e-01 2.804000e-03 4.870400e-02
678 9.484120e-01 2.808000e-03 4.878000e-02
679 9.484920e-01 2.680000e-03 4.882800e-02
680 9.485920e-01 2.712000e-03 4.869600e-02
681 9.485840e-01 2.724000e-03 4.869200e-02
682 9.487080e-01 2.636000e-03 4.865600e-02
683 9.487600e-01 2.608000e-03 4.863200e-02
684 9.487440e-01 2.620000e-03 4.863600e-02
685 9.487120e-01 2.616000e-03 4.867200e-02
686 9.488720e-01 2.532000e-03 4.859600e-02
687 9.489240e-01 2.516000e-03 4.856000e-02
688 9.489280e-01 2.580000e-03 4.849200e-02
689 9.490680e-01 2.544000e-03 4.838800e-02
690 9.491400e-01 2.592000e-03 4.826800e-02
691 9.492400e-01 2.568000e-03 4.819200e-02
692 9.493520e-01 2.508000e-03 4.814000e-02
693 9.494160e-01 2.524000e-03 4.806000e-02
694 9.494880e-01 2.492000e-03 4.802000e-02
695 9.496240e-01 2.484000e-03 4.789200e-02
696 9.497120e-01 2.460000e-03 4.782800e-02
697 9.498040e-01 2.360000e-03 4.783600e-02
698 9.498280e-01 2.316000e-03 4.785600e-02
699 9.499320e-01 2.196000e-03 4.787200e-02
700 9.499520e-01 2.296000e-03 4.775200e-02
701 9.500280e-01 2.200000e-03 4.777200e-02
702 9.500720e-01 2.252000e-03 4.767600e-02
703 9.502960e-01 2.144000e-03 4.756000e-02
704 9.503960e-01 2.128000e-03 4.747600e-02
705 9.503360e-01 2.180000e-03 4.748400e-02
706 9.503600e-01 2.188000e-03 4.745200e-02
707 9.504600e-01 2.128000e-03 4.741200e-02
708 9.504680e-01 2.188000e-03 4.734400e-02
709 9.505440e-01 2.216000e-03 4.724000e-02
710 9.505760e-01 2.292000e-03 4.713200e-02
711 9.506480e-01 2.308000e-03 4.704400e-02
712 9.508080e-01 2.300000e-03 4.689200e-02
713 9.509520e-01 2.240000e-03 4.680800e-02
714 9.509320e-01 2.280000e-03 4.678800e-02
715 9.509760e-01 2.292000e-03 4.673200e-02
716 9.509640e-01 2.248000e-03 4.678800e-02
717 9.511240e-01 2.184000e-03 4.669200e-02
718 9.511960e-01 2.196000e-03 4.660800e-02
719 9.513120e-01 2.104000e-03 4.658400e-02
720 9.514760e-01 2.072000e-03 4.645200e-02
721 9.516080e-01 2.060000e-03 4.633200e-02
722 9.516680e-01 2.028000e-03 4.630400e-02
723 9.516800e-01 2.076000e-03 4.624400e-02
724 9.517080e-01 2.108000e-03 4.618400e-02
725 9.518440e-01 2.052000e-03 4.610400e-02
726 9.519720e-01 2.024000e-03 4.600400e-02
727 9.519720e-01 2.128000e-03 4.590000e-02
728 9.518840e-01 2.220000e-03 4.589600e-02
729 9.519760e-01 2.268000e-03 4.575600e-02
730 9.520760e-01 2.304000e-03 4.562000e-02
731 9.521760e-01 2.304000e-03 4.552000e-02
732 9.522800e-01 2.308000e-03 4.541200e-02
733 9.522880e-01 2.312000e-03 4.540000e-02
734 9.523920e-01 2.248000e-03 4.536000e-02
735 9.524600e-01 2.252000e-03 4.528800e-02
736 9.524960e-01 2.308000e-03 4.519600e-02
737 9.525160e-01 2.312000e-03 4.517200e-02
738 9.526040e-01 2.372000e-03 4.502400e-02
739 9.526680e-01 2.248000e-03 4.508400e-02
740 9.528520e-01 2.176000e-03 4.497200e-02
741 9.528240e-01 2.224000e-03 4.495200e-02
742 9.528280e-01 2.176000e-03 4.499600e-02
743 9.528600e-01 2.252000e-03 4.488800e-02
744 9.529160e-01 2.216000e-03 4.486800e-02
745 9.529640e-01 2.240000e-03 4.479600e-02
746 9.529360e-01 2.268000e-03 4.479600e-02
747 9.529440e-01 2.212000e-03 4.484400e-02
748 9.529800e-01 2.200000e-03 4.482000e-02
749 9.530600e-01 2.196000e-03 4.474400e-02
750 9.531240e-01 2.156000e-03 4.472000e-02
751 9.531720e-01 2.196000e-03 4.463200e-02
752 9.532800e-01 2.192000e-03 4.452800e-02
753 9.534680e-01 2.140000e-03 4.439200e-02
754 9.535200e-01 2.116000e-03 4.436400e-02
755 9.536840e-01 2.020000e-03 4.429600e-02
756 9.537240e-01 1.928000e-03 4.434800e-02
757 9.537880e-01 1.924000e-03 4.428800e-02
758 9.538520e-01 1.912000e-03 4.423600e-02
759 9.539720e-01 1.972000e-03 4.405600e-02
760 9.539520e-01 2.032000e-03 4.401600e-02
761 9.539600e-01 2.044000e-03 4.399600e-02
762 9.540160e-01 2.072000e-03 4.391200e-02
763 9.540480e-01 2.064000e-03 4.388800e-02
764 9.541960e-01 1.988000e-03 4.381600e-02
765 9.543200e-01 1.964000e-03 4.371600e-02
766 9.544680e-01 1.952000e-03 4.358000e-02
767 9.545080e-01 1.956000e-03 4.353600e-02
768 9.545880e-01 1.940000e-03 4.347200e-02
769 9.547800e-01 1.936000e-03 4.328400e-02
770 9.548640e-01 1.932000e-03 4.320400e-02
771 9.550200e-01 1.980000e-03 4.300000e-02
772 9.551280e-01 1.936000e-03 4.293600e-02
773 9.552880e-01 1.980000e-03 4.273200e-02
774 9.553200e-01 1.932000e-03 4.274800e-02
775 9.553520e-01 1.940000e-03 4.270800e-02
776 9.554880e-01 1.976000e-03 4.253600e-02
777 9.555600e-01 1.968000e-03 4.247200e-02
778 9.555800e-01 2.108000e-03 4.231200e-02
779 9.555520e-01 2.216000e-03 4.223200e-02
780 9.555240e-01 2.268000e-03 4.220800e-02
781 9.555000e-01 2.308000e-03 4.219200e-02
782 9.555640e-01 2.248000e-03 4.218800e-02
783 9.555160e-01 2.352000e-03 4.213200e-02
784 9.555800e-01 2.284000e-03 4.213600e-02
785 9.555600e-01 2.256000e-03 4.218400e-02
786 9.555920e-01 2.264000e-03 4.214400e-02
787 9.555120e-01 2.256000e-03 4.223200e-02
788 9.554440e-01 2.296000e-03 4.226000e-02
789 9.554360e-01 2.268000e-03 4.229600e-02
790 9.554880e-01 2.308000e-03 4.220400e-02
791 9.555320e-01 2.328000e-03 4.214000e-02
792 9.555760e-01 2.296000e-03 4.212800e-02
793 9.556520e-01 2.260000e-03 4.208800e-02
794 9.556560e-01 2.256000e-03 4.208800e-02
795 9.557720e-01 2.144000e-03 4.208400e-02
796 9.557520e-01 2.208000e-03 4.204000e-02
797 9.557840e-01 2.204000e-03 4.201200e-02
798 9.559080e-01 2.100000e-03 4.199200e-02
799 9.559200e-01 2.080000e-03 4.200000e-02
800 9.560360e-01 2.024000e-03 4.194000e-02
801 9.560680e-01 2.076000e-03 4.185600e-02
802 9.561320e-01 2.044000e-03 4.182400e-02
803 9.562840e-01 2.012000e-03 4.170400e-02
804 9.563880e-01 1.944000e-03 4.166800e-02
805 9.565080e-01 1.928000e-03 4.156400e-02
806 9.566640e-01 1.892000e-03 4.144400e-02
807 9.567320e-01 1.900000e-03 4.136800e-02
808 9.568160e-01 1.852000e-03 4.133200e-02
809 9.569680e-01 1.792000e-03 4.124000e-02
810 9.571720e-01 1.776000e-03 4.105200e-02
811 9.572080e-01 1.800000e-03 4.099200e-02
812 9.572880e-01 1.760000e-03 4.095200e-02
813 9.575000e-01 1.780000e-03 4.072000e-02
814 9.576560e-01 1.704000e-03 4.064000e-02
815 9.576680e-01 1.768000e-03 4.056400e-02
816 9.577800e-01 1.760000e-03 4.046000e-02
817 9.578640e-01 1.796000e-03 4.034000e-02
818 9.580200e-01 1.768000e-03 4.021200e-02
819 9.580920e-01 1.724000e-03 4.018400e-02
820 9.582240e-01 1.724000e-03 4.005200e-02
821 9.583160e-01 1.688000e-03 3.999600e-02
822 9.583760e-01 1.660000e-03 3.996400e-02
823 9.584920e-01 1.668000e-03 3.984000e-02
824 9.585800e-01 1.740000e-03 3.968000e-02
825 9.586240e-01 1.780000e-03 3.959600e-02
826 9.586840e-01 1.836000e-03 3.948000e-02
827 9.587680e-01 1.824000e-03 3.940800e-02
828 9.588480e-01 1.836000e-03 3.931600e-02
829 9.589600e-01 1.888000e-03 3.915200e-02
830 9.590280e-01 1.884000e-03 3.908800e-02
831 9.590560e-01 1.892000e-03 3.905200e-02
832 9.590640e-01 1.980000e-03 3.895600e-02
833 9.590440e-01 1.952000e-03 3.900400e-02
834 9.591120e-01 1.916000e-03 3.897200e-02
835 9.590440e-01 1.960000e-03 3.899600e-02
836 9.590120e-01 2.040000e-03 3.894800e-02
837 9.590560e-01 2.088000e-03 3.885600e-02
838 9.590080e-01 2.096000e-03 3.889600e-02
839 9.591800e-01 1.968000e-03 3.885200e-02
840 9.592520e-01 2.000000e-03 3.874800e-02
841 9.593320e-01 1.984000e-03 3.868400e-02
842 9.593720e-01 1.960000e-03 3.866800e-02
843 9.594000e-01 1.952000e-03 3.864800e-02
844 9.594080e-01 1.956000e-03 3.863600e-02
845 9.594000e-01 1.996000e-03 3.860400e-02
846 9.594200e-01 1.972000e-03 3.860800e-02
847 9.594560e-01 1.940000e-03 3.860400e-02
848 9.594520e-01 1.960000e-03 3.858800e-02
849 9.594400e-01 2.028000e-03 3.853200e-02
850 9.594240e-01 2.124000e-03 3.845200e-02
851 9.594720e-01 2.152000e-03 3.837600e-02
852 9.595280e-01 2.116000e-03 3.835600e-02
853 9.595720e-01 2.152000e-03 3.827600e-02
854 9.595040e-01 2.208000e-03 3.828800e-02
855 9.594560e-01 2.176000e-03 3.836800e-02
856 9.595360e-01 2.104000e-03 3.836000e-02
857 9.594840e-01 2.100000e-03 3.841600e-02
858 9.595840e-01 2.012000e-03 3.840400e-02
859 9.596320e-01 1.964000e-03 3.840400e-02
860 9.595680e-01 2.088000e-03 3.834400e-02
861 9.596000e-01 2.168000e-03 3.823200e-02
862 9.595480e-01 2.296000e-03 3.815600e-02
863 9.594840e-01 2.180000e-03 3.833600e-02
864 9.594800e-01 2.168000e-03 3.835200e-02
865 9.595480e-01 2.128000e-03 3.832400e-02
866 9.596000e-01 2.104000e-03 3.829600e-02
867 9.596720e-01 2.020000e-03 3.830800e-02
868 9.598000e-01 1.908000e-03 3.829200e-02
869 9.598720e-01 1.908000e-03 3.822000e-02
870 9.599880e-01 1.912000e-03 3.810000e-02
871 9.601040e-01 1.904000e-03 3.799200e-02
872 9.601440e-01 1.936000e-03 3.792000e-02
873 9.602600e-01 2.052000e-03 3.768800e-02
874 9.603520e-01 2.000000e-03 3.764800e-02
875 9.603960e-01 1.888000e-03 3.771600e-02
876 9.604960e-01 1.856000e-03 3.764800e-02
877 9.605600e-01 1.808000e-03 3.763200e-02
878 9.607440e-01 1.728000e-03 3.752800e-02
879 9.608440e-01 1.716000e-03 3.744000e-02
880 9.609920e-01 1.700000e-03 3.730800e-02
881 9.611280e-01 1.644000e-03 3.722800e-02
882 9.612080e-01 1.604000e-03 3.718800e-02
883 9.613720e-01 1.584000e-03 3.704400e-02
884 9.615520e-01 1.576000e-03 3.687200e-02
885 9.615160e-01 1.632000e-03 3.685200e-02
886 9.615160e-01 1.624000e-03 3.686000e-02
887 9.614960e-01 1.700000e-03 3.680400e-02
888 9.615440e-01 1.724000e-03 3.673200e-02
889 9.615640e-01 1.740000e-03 3.669600e-02
890 9.616360e-01 1.732000e-03 3.663200e-02
891 9.617240e-01 1.720000e-03 3.655600e-02
892 9.617720e-01 1.744000e-03 3.648400e-02
893 9.617680e-01 1.744000e-03 3.648800e-02
894 9.617960e-01 1.808000e-03 3.639600e-02
895 9.618280e-01 1.692000e-03 3.648000e-02
896 9.618840e-01 1.620000e-03 3.649600e-02
897 9.619960e-01 1.584000e-03 3.642000e-02
898 9.620880e-01 1.580000e-03 3.633200e-02
899 9.622240e-01 1.600000e-03 3.617600e-02
900 9.621760e-01 1.712000e-03 3.611200e-02
901 9.621760e-01 1.808000e-03 3.601600e-02
902 9.622880e-01 1.784000e-03 3.592800e-02
903 9.623800e-01 1.728000e-03 3.589200e-02
904 9.623760e-01 1.816000e-03 3.580800e-02
905 9.624400e-01 1.844000e-03 3.571600e-02
906 9.624280e-01 1.884000e-03 3.568800e-02
907 9.624600e-01 1.876000e-03 3.566400e-02
908 9.624960e-01 1.872000e-03 3.563200e-02
909 9.626240e-01 1.792000e-03 3.558400e-02
910 9.626960e-01 1.788000e-03 3.551600e-02
911 9.627880e-01 1.744000e-03 3.546800e-02
912 9.628040e-01 1.816000e-03 3.538000e-02
913 9.628200e-01 1.784000e-03 3.539600e-02
914 9.628760e-01 1.844000e-03 3.528000e-02
915 9.629640e-01 1.844000e-03 3.519200e-02
916 9.630280e-01 1.852000e-03 3.512000e-02
917 9.630440e-01 1.828000e-03 3.512800e-02
918 9.629680e-01 1.856000e-03 3.517600e-02
919 9.629200e-01 1.900000e-03 3.518000e-02
920 9.630400e-01 1.848000e-03 3.511200e-02
921 9.631840e-01 1.856000e-03 3.496000e-02
922 9.632880e-01 1.788000e-03 3.492400e-02
923 9.634520e-01 1.728000e-03 3.482000e-02
924 9.635480e-01 1.708000e-03 3.474400e-02
925 9.636680e-01 1.588000e-03 3.474400e-02
926 9.636480e-01 1.616000e-03 3.473600e-02
927 9.636080e-01 1.672000e-03 3.472000e-02
928 9.635800e-01 1.672000e-03 3.474800e-02
929 9.636720e-01 1.676000e-03 3.465200e-02
930 9.636960e-01 1.696000e-03 3.460800e-02
931 9.637520e-01 1.692000e-03 3.455600e-02
932 9.637800e-01 1.660000e-03 3.456000e-02
