1 9.990920e-01 8.200000e-04 8.800000e-05
2 9.984400e-01 1.308000e-03 2.520000e-04
3 9.977640e-01 1.740000e-03 4.960000e-04
4 9.968120e-01 2.416000e-03 7.720000e-04
5 9.958280e-01 2.972000e-03 1.200000e-03
6 9.948720e-01 3.508000e-03 1.620000e-03
7 9.937400e-01 4.136000e-03 2.124000e-03
8 9.925040e-01 4.720000e-03 2.776000e-03
9 9.914920e-01 5.024000e-03 3.484000e-03
10 9.904400e-01 5.412000e-03 4.148000e-03
11 9.892040e-01 5.892000e-03 4.904000e-03
12 9.879000e-01 6.424000e-03 5.676000e-03
13 9.866360e-01 6.808000e-03 6.556000e-03
14 9.855480e-01 7.140000e-03 7.312000e-03
15 9.843040e-01 7.532000e-03 8.164000e-03
16 9.828680e-01 8.036000e-03 9.096000e-03
17 9.814920e-01 8.520000e-03 9.988000e-03
18 9.800640e-01 8.936000e-03 1.100000e-02
19 9.789120e-01 9.112000e-03 1.197600e-02
20 9.775520e-01 9.436000e-03 1.301200e-02
21 9.760520e-01 1.013600e-02 1.381200e-02
22 9.748320e-01 1.045200e-02 1.471600e-02
23 9.733160e-01 1.086000e-02 1.582400e-02
24 9.720960e-01 1.108000e-02 1.682400e-02
25 9.705280e-01 1.154400e-02 1.792800e-02
26 9.691560e-01 1.185600e-02 1.898800e-02
27 9.675480e-01 1.256800e-02 1.988400e-02
28 9.660840e-01 1.289200e-02 2.102400e-02
29 9.645960e-01 1.332400e-02 2.208000e-02
30 9.629880e-01 1.371600e-02 2.329600e-02
31 9.613440e-01 1.436400e-02 2.429200e-02
32 9.596920e-01 1.478400e-02 2.552400e-02
33 9.581000e-01 1.529200e-02 2.660800e-02
34 9.566000e-01 1.572000e-02 2.768000e-02
35 9.549680e-01 1.611200e-02 2.892000e-02
36 9.535000e-01 1.632400e-02 3.017600e-02
37 9.518960e-01 1.681200e-02 3.129200e-02
38 9.501000e-01 1.734400e-02 3.255600e-02
39 9.483600e-01 1.783200e-02 3.380800e-02
40 9.466440e-01 1.838000e-02 3.497600e-02
41 9.448280e-01 1.879600e-02 3.637600e-02
42 9.429720e-01 1.939200e-02 3.763600e-02
43 9.412320e-01 1.984800e-02 3.892000e-02
44 9.397760e-01 1.986400e-02 4.036000e-02
45 9.381960e-01 2.022400e-02 4.158000e-02
46 9.362560e-01 2.075200e-02 4.299200e-02
47 9.348800e-01 2.082400e-02 4.429600e-02
48 9.332680e-01 2.138000e-02 4.535200e-02
49 9.316560e-01 2.164000e-02 4.670400e-02
50 9.296800e-01 2.234000e-02 4.798000e-02
51 9.277720e-01 2.280800e-02 4.942000e-02
52 9.260880e-01 2.328800e-02 5.062400e-02
53 9.242920e-01 2.380000e-02 5.190800e-02
54 9.225920e-01 2.430800e-02 5.310000e-02
55 9.207480e-01 2.463200e-02 5.462000e-02
56 9.191640e-01 2.491200e-02 5.592400e-02
57 9.172720e-01 2.536400e-02 5.736400e-02
58 9.152920e-01 2.580000e-02 5.890800e-02
59 9.131280e-01 2.646400e-02 6.040800e-02
60 9.108040e-01 2.732400e-02 6.187200e-02
61 9.090800e-01 2.783200e-02 6.308800e-02
62 9.068000e-01 2.873200e-02 6.446800e-02
63 9.046520e-01 2.945200e-02 6.589600e-02
64 9.025160e-01 3.024000e-02 6.724400e-02
65 9.006080e-01 3.068800e-02 6.870400e-02
66 8.983360e-01 3.135600e-02 7.030800e-02
67 8.962360e-01 3.201600e-02 7.174800e-02
68 8.938400e-01 3.270400e-02 7.345600e-02
69 8.917080e-01 3.332400e-02 7.496800e-02
70 8.897160e-01 3.386800e-02 7.641600e-02
71 8.876080e-01 3.389600e-02 7.849600e-02
72 8.851680e-01 3.456400e-02 8.026800e-02
73 8.836480e-01 3.463200e-02 8.172000e-02
74 8.817480e-01 3.487200e-02 8.338000e-02
75 8.793160e-01 3.583200e-02 8.485200e-02
76 8.769440e-01 3.654400e-02 8.651200e-02
77 8.751480e-01 3.662400e-02 8.822800e-02
78 8.735280e-01 3.668400e-02 8.978800e-02
79 8.716720e-01 3.730400e-02 9.102400e-02
80 8.694960e-01 3.790800e-02 9.259600e-02
81 8.672560e-01 3.862400e-02 9.412000e-02
82 8.649400e-01 3.937200e-02 9.568800e-02
83 8.627560e-01 4.025200e-02 9.699200e-02
84 8.610440e-01 4.056000e-02 9.839600e-02
85 8.587320e-01 4.103600e-02 1.002320e-01
86 8.568560e-01 4.096400e-02 1.021800e-01
87 8.545400e-01 4.180800e-02 1.036520e-01
88 8.521880e-01 4.226800e-02 1.055440e-01
89 8.501160e-01 4.296000e-02 1.069240e-01
90 8.477360e-01 4.349200e-02 1.087720e-01
91 8.454560e-01 4.430800e-02 1.102360e-01
92 8.433280e-01 4.472800e-02 1.119440e-01
93 8.409320e-01 4.563200e-02 1.134360e-01
94 8.386720e-01 4.608800e-02 1.152400e-01
95 8.365680e-01 4.670800e-02 1.167240e-01
96 8.345640e-01 4.731600e-02 1.181200e-01
97 8.322240e-01 4.789200e-02 1.198840e-01
98 8.299240e-01 4.836400e-02 1.217120e-01
99 8.275920e-01 4.899600e-02 1.234120e-01
100 8.249560e-01 4.997600e-02 1.250680e-01
101 8.224320e-01 5.083600e-02 1.267320e-01
102 8.202400e-01 5.124800e-02 1.285120e-01
103 8.177520e-01 5.209200e-02 1.301560e-01
104 8.151080e-01 5.268400e-02 1.322080e-01
105 8.126160e-01 5.292400e-02 1.344600e-01
106 8.104200e-01 5.323200e-02 1.363480e-01
107 8.078680e-01 5.350000e-02 1.386320e-01
108 8.055080e-01 5.399200e-02 1.405000e-01
109 8.033600e-01 5.440000e-02 1.422400e-01
110 8.006480e-01 5.482000e-02 1.445320e-01
111 7.982040e-01 5.538800e-02 1.464080e-01
112 7.959960e-01 5.583600e-02 1.481680e-01
113 7.936960e-01 5.674800e-02 1.495560e-01
114 7.916680e-01 5.757600e-02 1.507560e-01
115 7.898000e-01 5.780800e-02 1.523920e-01
116 7.875240e-01 5.828800e-02 1.541880e-01
117 7.849120e-01 5.904800e-02 1.560400e-01
118 7.821120e-01 5.992800e-02 1.579600e-01
119 7.796000e-01 6.073600e-02 1.596640e-01
120 7.772080e-01 6.079600e-02 1.619960e-01
121 7.749400e-01 6.152400e-02 1.635360e-01
122 7.726440e-01 6.203200e-02 1.653240e-01
123 7.708200e-01 6.226000e-02 1.669200e-01
124 7.686000e-01 6.284400e-02 1.685560e-01
125 7.665480e-01 6.318400e-02 1.702680e-01
126 7.647680e-01 6.355600e-02 1.716760e-01
127 7.620960e-01 6.468000e-02 1.732240e-01
128 7.601160e-01 6.536400e-02 1.745200e-01
129 7.581840e-01 6.582000e-02 1.759960e-01
130 7.560720e-01 6.591600e-02 1.780120e-01
131 7.537000e-01 6.638400e-02 1.799160e-01
132 7.519920e-01 6.670000e-02 1.813080e-01
133 7.505640e-01 6.663600e-02 1.828000e-01
134 7.485040e-01 6.667600e-02 1.848200e-01
135 7.461040e-01 6.762000e-02 1.862760e-01
136 7.436600e-01 6.863600e-02 1.877040e-01
137 7.417600e-01 6.886000e-02 1.893800e-01
138 7.398560e-01 6.938000e-02 1.907640e-01
139 7.378440e-01 6.983600e-02 1.923200e-01
140 7.352080e-01 7.064400e-02 1.941480e-01
141 7.330360e-01 7.113200e-02 1.958320e-01
142 7.307880e-01 7.201200e-02 1.972000e-01
143 7.286880e-01 7.232000e-02 1.989920e-01
144 7.261920e-01 7.310400e-02 2.007040e-01
145 7.242320e-01 7.330000e-02 2.024680e-01
146 7.221880e-01 7.386000e-02 2.039520e-01
147 7.196800e-01 7.452400e-02 2.057960e-01
148 7.172520e-01 7.517600e-02 2.075720e-01
149 7.151600e-01 7.562000e-02 2.092200e-01
150 7.128640e-01 7.613200e-02 2.110040e-01
151 7.104000e-01 7.684400e-02 2.127560e-01
152 7.081920e-01 7.711600e-02 2.146920e-01
153 7.062320e-01 7.756800e-02 2.162000e-01
154 7.042080e-01 7.790800e-02 2.178840e-01
155 7.017360e-01 7.870000e-02 2.195640e-01
156 6.996560e-01 7.886800e-02 2.214760e-01
157 6.980320e-01 7.893200e-02 2.230360e-01
158 6.964560e-01 7.880000e-02 2.247440e-01
159 6.946400e-01 7.910000e-02 2.262600e-01
160 6.933560e-01 7.910000e-02 2.275440e-01
161 6.919280e-01 7.913200e-02 2.289400e-01
162 6.901000e-01 7.969600e-02 2.302040e-01
163 6.884480e-01 7.991600e-02 2.316360e-01
164 6.867280e-01 8.043600e-02 2.328360e-01
165 6.855520e-01 8.062400e-02 2.338240e-01
166 6.840520e-01 8.085600e-02 2.350920e-01
167 6.826760e-01 8.057200e-02 2.367520e-01
168 6.810160e-01 8.093200e-02 2.380520e-01
169 6.794160e-01 8.100000e-02 2.395840e-01
170 6.783160e-01 8.100000e-02 2.406840e-01
171 6.764880e-01 8.123600e-02 2.422760e-01
172 6.751520e-01 8.153200e-02 2.433160e-01
173 6.738640e-01 8.172800e-02 2.444080e-01
174 6.725560e-01 8.227600e-02 2.451680e-01
175 6.713520e-01 8.264400e-02 2.460040e-01
176 6.694520e-01 8.322800e-02 2.473200e-01
177 6.679240e-01 8.389200e-02 2.481840e-01
178 6.672200e-01 8.374400e-02 2.490360e-01
179 6.655000e-01 8.389600e-02 2.506040e-01
180 6.633520e-01 8.490400e-02 2.517440e-01
181 6.618920e-01 8.541600e-02 2.526920e-01
182 6.601920e-01 8.616800e-02 2.536400e-01
183 6.583600e-01 8.679200e-02 2.548480e-01
184 6.566680e-01 8.676400e-02 2.565680e-01
185 6.552720e-01 8.716800e-02 2.575600e-01
186 6.530040e-01 8.788400e-02 2.591120e-01
187 6.510280e-01 8.852000e-02 2.604520e-01
188 6.492600e-01 8.941200e-02 2.613280e-01
189 6.476360e-01 8.942400e-02 2.629400e-01
190 6.457920e-01 8.976800e-02 2.644400e-01
191 6.443080e-01 9.032800e-02 2.653640e-01
192 6.422760e-01 9.130800e-02 2.664160e-01
193 6.404280e-01 9.154400e-02 2.680280e-01
194 6.386040e-01 9.157200e-02 2.698240e-01
195 6.370200e-01 9.223200e-02 2.707480e-01
196 6.355320e-01 9.242400e-02 2.720440e-01
197 6.341520e-01 9.262000e-02 2.732280e-01
198 6.322920e-01 9.290400e-02 2.748040e-01
199 6.308040e-01 9.290400e-02 2.762920e-01
200 6.294280e-01 9.286000e-02 2.777120e-01
201 6.281400e-01 9.330000e-02 2.785600e-01
202 6.271320e-01 9.348800e-02 2.793800e-01
203 6.256600e-01 9.427600e-02 2.800640e-01
204 6.243760e-01 9.422000e-02 2.814040e-01
205 6.230760e-01 9.436400e-02 2.825600e-01
206 6.221360e-01 9.429200e-02 2.835720e-01
207 6.208680e-01 9.442400e-02 2.847080e-01
208 6.195960e-01 9.406000e-02 2.863440e-01
209 6.181440e-01 9.444000e-02 2.874160e-01
210 6.170400e-01 9.441200e-02 2.885480e-01
211 6.152760e-01 9.523200e-02 2.894920e-01
212 6.137760e-01 9.529600e-02 2.909280e-01
213 6.125800e-01 9.530400e-02 2.921160e-01
214 6.114560e-01 9.559200e-02 2.929520e-01
215 6.100640e-01 9.574400e-02 2.941920e-01
216 6.086280e-01 9.633600e-02 2.950360e-01
217 6.074440e-01 9.595200e-02 2.966040e-01
218 6.058360e-01 9.720000e-02 2.969640e-01
219 6.051080e-01 9.722000e-02 2.976720e-01
220 6.041360e-01 9.716800e-02 2.986960e-01
221 6.028200e-01 9.748000e-02 2.997000e-01
222 6.018040e-01 9.754400e-02 3.006520e-01
223 6.003200e-01 9.814800e-02 3.015320e-01
224 5.994880e-01 9.788400e-02 3.026280e-01
225 5.984680e-01 9.802000e-02 3.035120e-01
226 5.970800e-01 9.795200e-02 3.049680e-01
227 5.965560e-01 9.794800e-02 3.054960e-01
228 5.956440e-01 9.798400e-02 3.063720e-01
229 5.944720e-01 9.873200e-02 3.067960e-01
230 5.937640e-01 9.884000e-02 3.073960e-01
231 5.928000e-01 9.836000e-02 3.088400e-01
232 5.922080e-01 9.834400e-02 3.094480e-01
233 5.913120e-01 9.869200e-02 3.099960e-01
234 5.905360e-01 9.881600e-02 3.106480e-01
235 5.895520e-01 9.887200e-02 3.115760e-01
236 5.887120e-01 9.903600e-02 3.122520e-01
237 5.876960e-01 9.932800e-02 3.129760e-01
238 5.867600e-01 1.000480e-01 3.131920e-01
239 5.855040e-01 1.003760e-01 3.141200e-01
240 5.847040e-01 1.006840e-01 3.146120e-01
241 5.835600e-01 1.008360e-01 3.156040e-01
242 5.823960e-01 1.014600e-01 3.161440e-01
243 5.810200e-01 1.017360e-01 3.172440e-01
244 5.797520e-01 1.022040e-01 3.180440e-01
245 5.787840e-01 1.018280e-01 3.193880e-01
246 5.783960e-01 1.012600e-01 3.203440e-01
247 5.777080e-01 1.009600e-01 3.213320e-01
248 5.766280e-01 1.012080e-01 3.221640e-01
249 5.757840e-01 1.016880e-01 3.225280e-01
250 5.747280e-01 1.018240e-01 3.234480e-01
251 5.737800e-01 1.023400e-01 3.238800e-01
252 5.733880e-01 1.023920e-01 3.242200e-01
253 5.727680e-01 1.024600e-01 3.247720e-01
254 5.726720e-01 1.021000e-01 3.252280e-01
255 5.716440e-01 1.025720e-01 3.257840e-01
256 5.706480e-01 1.029360e-01 3.264160e-01
257 5.700800e-01 1.030520e-01 3.268680e-01
258 5.688160e-01 1.034680e-01 3.277160e-01
259 5.682120e-01 1.034560e-01 3.283320e-01
260 5.682600e-01 1.028920e-01 3.288480e-01
261 5.679160e-01 1.032360e-01 3.288480e-01
262 5.675200e-01 1.029520e-01 3.295280e-01
263 5.671640e-01 1.027720e-01 3.300640e-01
264 5.666920e-01 1.029720e-01 3.303360e-01
265 5.660920e-01 1.031000e-01 3.308080e-01
266 5.657480e-01 1.029040e-01 3.313480e-01
267 5.650360e-01 1.037280e-01 3.312360e-01
268 5.647680e-01 1.034440e-01 3.317880e-01
269 5.643960e-01 1.035760e-01 3.320280e-01
270 5.634920e-01 1.038720e-01 3.326360e-01
271 5.625560e-01 1.044360e-01 3.330080e-01
272 5.610160e-01 1.051120e-01 3.338720e-01
273 5.600320e-01 1.058080e-01 3.341600e-01
274 5.594880e-01 1.057480e-01 3.347640e-01
275 5.590640e-01 1.055760e-01 3.353600e-01
276 5.583240e-01 1.054680e-01 3.362080e-01
277 5.577600e-01 1.060760e-01 3.361640e-01
278 5.572600e-01 1.057600e-01 3.369800e-01
279 5.571400e-01 1.055440e-01 3.373160e-01
280 5.568040e-01 1.059040e-01 3.372920e-01
281 5.556800e-01 1.069320e-01 3.373880e-01
282 5.544720e-01 1.069280e-01 3.386000e-01
283 5.536720e-01 1.070320e-01 3.392960e-01
284 5.526880e-01 1.077000e-01 3.396120e-01
285 5.514320e-01 1.077080e-01 3.408600e-01
286 5.500040e-01 1.083800e-01 3.416160e-01
287 5.484640e-01 1.089880e-01 3.425480e-01
288 5.477000e-01 1.085360e-01 3.437640e-01
289 5.472520e-01 1.083440e-01 3.444040e-01
290 5.465040e-01 1.081560e-01 3.453400e-01
291 5.459080e-01 1.084840e-01 3.456080e-01
292 5.450840e-01 1.087600e-01 3.461560e-01
293 5.446360e-01 1.085080e-01 3.468560e-01
294 5.439800e-01 1.092400e-01 3.467800e-01
295 5.428080e-01 1.095720e-01 3.476200e-01
296 5.425000e-01 1.092560e-01 3.482440e-01
297 5.411560e-01 1.100520e-01 3.487920e-01
298 5.400080e-01 1.105960e-01 3.493960e-01
299 5.390960e-01 1.105000e-01 3.504040e-01
300 5.378560e-01 1.110000e-01 3.511440e-01
301 5.372160e-01 1.113920e-01 3.513920e-01
302 5.364160e-01 1.116240e-01 3.519600e-01
303 5.357720e-01 1.118320e-01 3.523960e-01
304 5.347920e-01 1.118200e-01 3.533880e-01
305 5.338960e-01 1.118600e-01 3.542440e-01
306 5.329800e-01 1.118560e-01 3.551640e-01
307 5.316520e-01 1.124400e-01 3.559080e-01
308 5.315280e-01 1.120200e-01 3.564520e-01
309 5.313040e-01 1.121200e-01 3.565760e-01
310 5.311040e-01 1.118360e-01 3.570600e-01
311 5.305200e-01 1.118840e-01 3.575960e-01
312 5.299760e-01 1.120520e-01 3.579720e-01
313 5.302480e-01 1.114040e-01 3.583480e-01
314 5.297360e-01 1.115760e-01 3.586880e-01
315 5.299720e-01 1.108960e-01 3.591320e-01
316 5.292600e-01 1.109520e-01 3.597880e-01
317 5.292880e-01 1.103480e-01 3.603640e-01
318 5.291800e-01 1.102400e-01 3.605800e-01
319 5.296480e-01 1.099080e-01 3.604440e-01
320 5.292840e-01 1.099520e-01 3.607640e-01
321 5.294640e-01 1.094040e-01 3.611320e-01
322 5.293720e-01 1.092960e-01 3.613320e-01
323 5.297840e-01 1.087720e-01 3.614440e-01
324 5.300600e-01 1.081120e-01 3.618280e-01
325 5.306520e-01 1.076080e-01 3.617400e-01
326 5.302600e-01 1.076680e-01 3.620720e-01
327 5.306440e-01 1.077240e-01 3.616320e-01
328 5.307920e-01 1.075320e-01 3.616760e-01
329 5.305600e-01 1.074280e-01 3.620120e-01
330 5.300640e-01 1.075080e-01 3.624280e-01
331 5.305160e-01 1.073000e-01 3.621840e-01
332 5.304360e-01 1.076120e-01 3.619520e-01
333 5.303920e-01 1.081840e-01 3.614240e-01
334 5.299080e-01 1.088240e-01 3.612680e-01
335 5.304800e-01 1.086680e-01 3.608520e-01
336 5.303560e-01 1.083280e-01 3.613160e-01
337 5.303120e-01 1.086440e-01 3.610440e-01
338 5.303880e-01 1.080520e-01 3.615600e-01
339 5.301880e-01 1.084520e-01 3.613600e-01
340 5.307440e-01 1.080000e-01 3.612560e-01
341 5.311120e-01 1.082800e-01 3.606080e-01
342 5.307400e-01 1.084040e-01 3.608560e-01
343 5.309520e-01 1.084400e-01 3.606080e-01
344 5.312200e-01 1.084680e-01 3.603120e-01
345 5.314240e-01 1.084960e-01 3.600800e-01
346 5.316440e-01 1.086680e-01 3.596880e-01
347 5.318840e-01 1.083440e-01 3.597720e-01
348 5.313680e-01 1.090600e-01 3.595720e-01
349 5.310000e-01 1.095360e-01 3.594640e-01
350 5.306680e-01 1.100120e-01 3.593200e-01
351 5.303720e-01 1.096400e-01 3.599880e-01
352 5.300800e-01 1.092360e-01 3.606840e-01
353 5.301360e-01 1.090560e-01 3.608080e-01
354 5.309560e-01 1.086040e-01 3.604400e-01
355 5.308040e-01 1.090160e-01 3.601800e-01
356 5.306600e-01 1.094280e-01 3.599120e-01
357 5.308280e-01 1.093320e-01 3.598400e-01
358 5.303320e-01 1.092240e-01 3.604440e-01
359 5.307520e-01 1.090840e-01 3.601640e-01
360 5.307920e-01 1.094880e-01 3.597200e-01
361 5.303400e-01 1.101440e-01 3.595160e-01
362 5.301520e-01 1.100440e-01 3.598040e-01
363 5.302840e-01 1.101480e-01 3.595680e-01
364 5.300600e-01 1.102320e-01 3.597080e-01
365 5.305400e-01 1.097280e-01 3.597320e-01
366 5.306200e-01 1.095800e-01 3.598000e-01
367 5.307760e-01 1.098760e-01 3.593480e-01
368 5.305080e-01 1.104200e-01 3.590720e-01
369 5.300680e-01 1.103400e-01 3.595920e-01
370 5.300920e-01 1.106160e-01 3.592920e-01
371 5.298200e-01 1.108000e-01 3.593800e-01
372 5.292880e-01 1.112880e-01 3.594240e-01
373 5.288920e-01 1.114480e-01 3.596600e-01
374 5.288440e-01 1.111640e-01 3.599920e-01
375 5.283640e-01 1.108160e-01 3.608200e-01
376 5.283840e-01 1.110440e-01 3.605720e-01
377 5.279120e-01 1.113040e-01 3.607840e-01
378 5.270640e-01 1.120600e-01 3.608760e-01
379 5.268760e-01 1.126640e-01 3.604600e-01
380 5.262440e-01 1.128360e-01 3.609200e-01
381 5.260520e-01 1.127360e-01 3.612120e-01
382 5.258120e-01 1.124040e-01 3.617840e-01
383 5.259000e-01 1.118760e-01 3.622240e-01
384 5.254840e-01 1.124840e-01 3.620320e-01
385 5.252640e-01 1.128120e-01 3.619240e-01
386 5.251960e-01 1.124280e-01 3.623760e-01
387 5.250160e-01 1.120440e-01 3.629400e-01
388 5.247920e-01 1.121120e-01 3.630960e-01
389 5.242360e-01 1.124920e-01 3.632720e-01
390 5.241080e-01 1.125240e-01 3.633680e-01
391 5.239200e-01 1.122520e-01 3.638280e-01
392 5.241520e-01 1.115280e-01 3.643200e-01
393 5.240160e-01 1.110720e-01 3.649120e-01
394 5.240960e-01 1.105560e-01 3.653480e-01
395 5.239240e-01 1.103400e-01 3.657360e-01
396 5.243240e-01 1.102720e-01 3.654040e-01
397 5.245360e-01 1.097200e-01 3.657440e-01
398 5.250320e-01 1.097760e-01 3.651920e-01
399 5.248040e-01 1.100840e-01 3.651120e-01
400 5.246760e-01 1.102480e-01 3.650760e-01
401 5.246440e-01 1.102960e-01 3.650600e-01
402 5.249640e-01 1.103280e-01 3.647080e-01
403 5.248480e-01 1.104920e-01 3.646600e-01
404 5.251480e-01 1.098920e-01 3.649600e-01
405 5.244680e-01 1.098400e-01 3.656920e-01
406 5.252440e-01 1.097160e-01 3.650400e-01
407 5.249800e-01 1.098680e-01 3.651520e-01
408 5.248840e-01 1.094160e-01 3.657000e-01
409 5.246760e-01 1.099640e-01 3.653600e-01
410 5.252800e-01 1.098040e-01 3.649160e-01
411 5.257480e-01 1.086400e-01 3.656120e-01
412 5.263440e-01 1.085520e-01 3.651040e-01
413 5.265720e-01 1.088120e-01 3.646160e-01
414 5.264600e-01 1.093960e-01 3.641440e-01
415 5.264520e-01 1.089040e-01 3.646440e-01
416 5.260960e-01 1.091760e-01 3.647280e-01
417 5.265120e-01 1.087960e-01 3.646920e-01
418 5.265240e-01 1.088200e-01 3.646560e-01
419 5.265880e-01 1.087960e-01 3.646160e-01
420 5.261560e-01 1.092880e-01 3.645560e-01
421 5.268000e-01 1.092040e-01 3.639960e-01
422 5.271680e-01 1.095680e-01 3.632640e-01
423 5.272840e-01 1.094360e-01 3.632800e-01
424 5.271040e-01 1.094200e-01 3.634760e-01
425 5.277160e-01 1.090480e-01 3.632360e-01
426 5.271560e-01 1.090560e-01 3.637880e-01
427 5.268760e-01 1.089200e-01 3.642040e-01
428 5.267280e-01 1.089560e-01 3.643160e-01
429 5.266600e-01 1.091520e-01 3.641880e-01
430 5.268440e-01 1.084200e-01 3.647360e-01
431 5.267000e-01 1.079080e-01 3.653920e-01
432 5.264160e-01 1.088200e-01 3.647640e-01
433 5.269720e-01 1.090080e-01 3.640200e-01
434 5.263920e-01 1.091200e-01 3.644880e-01
435 5.267520e-01 1.087800e-01 3.644680e-01
436 5.268040e-01 1.088440e-01 3.643520e-01
437 5.267600e-01 1.089360e-01 3.643040e-01
438 5.268680e-01 1.089360e-01 3.641960e-01
439 5.271480e-01 1.089080e-01 3.639440e-01
440 5.271400e-01 1.089640e-01 3.638960e-01
441 5.274440e-01 1.093720e-01 3.631840e-01
442 5.282520e-01 1.089000e-01 3.628480e-01
443 5.280840e-01 1.086840e-01 3.632320e-01
444 5.284920e-01 1.085800e-01 3.629280e-01
445 5.282200e-01 1.092600e-01 3.625200e-01
446 5.281200e-01 1.090760e-01 3.628040e-01
447 5.284640e-01 1.089040e-01 3.626320e-01
448 5.283240e-01 1.089480e-01 3.627280e-01
449 5.286440e-01 1.088840e-01 3.624720e-01
450 5.285800e-01 1.088560e-01 3.625640e-01
451 5.288120e-01 1.092240e-01 3.619640e-01
452 5.282960e-01 1.091960e-01 3.625080e-01
453 5.276480e-01 1.091240e-01 3.632280e-01
454 5.278040e-01 1.094240e-01 3.627720e-01
455 5.274480e-01 1.097760e-01 3.627760e-01
456 5.277240e-01 1.096640e-01 3.626120e-01
457 5.275000e-01 1.096200e-01 3.628800e-01
458 5.280720e-01 1.093400e-01 3.625880e-01
459 5.283800e-01 1.094520e-01 3.621680e-01
460 5.283360e-01 1.096080e-01 3.620560e-01
461 5.289360e-01 1.092840e-01 3.617800e-01
462 5.293840e-01 1.088600e-01 3.617560e-01
463 5.294840e-01 1.090960e-01 3.614200e-01
464 5.288000e-01 1.091080e-01 3.620920e-01
465 5.291240e-01 1.087040e-01 3.621720e-01
466 5.294040e-01 1.085680e-01 3.620280e-01
467 5.294080e-01 1.084400e-01 3.621520e-01
468 5.293440e-01 1.082400e-01 3.624160e-01
469 5.293880e-01 1.087040e-01 3.619080e-01
470 5.294760e-01 1.088960e-01 3.616280e-01
471 5.293520e-01 1.088240e-01 3.618240e-01
472 5.289200e-01 1.088680e-01 3.622120e-01
473 5.280280e-01 1.092720e-01 3.627000e-01
474 5.285920e-01 1.085080e-01 3.629000e-01
475 5.280240e-01 1.091240e-01 3.628520e-01
476 5.277160e-01 1.095160e-01 3.627680e-01
477 5.277680e-01 1.092680e-01 3.629640e-01
478 5.269920e-01 1.101360e-01 3.628720e-01
479 5.266120e-01 1.103640e-01 3.630240e-01
480 5.263640e-01 1.106600e-01 3.629760e-01
481 5.255000e-01 1.115160e-01 3.629840e-01
482 5.250080e-01 1.119160e-01 3.630760e-01
483 5.245680e-01 1.122960e-01 3.631360e-01
484 5.246520e-01 1.124040e-01 3.629440e-01
485 5.245320e-01 1.122680e-01 3.632000e-01
486 5.243240e-01 1.119560e-01 3.637200e-01
487 5.245320e-01 1.120120e-01 3.634560e-01
488 5.240720e-01 1.123480e-01 3.635800e-01
489 5.245200e-01 1.123800e-01 3.631000e-01
490 5.238440e-01 1.126840e-01 3.634720e-01
491 5.235360e-01 1.120720e-01 3.643920e-01
492 5.229880e-01 1.120040e-01 3.650080e-01
493 5.230320e-01 1.115280e-01 3.654400e-01
494 5.222800e-01 1.118360e-01 3.658840e-01
495 5.221520e-01 1.114440e-01 3.664040e-01
496 5.219280e-01 1.116400e-01 3.664320e-01
497 5.215840e-01 1.113720e-01 3.670440e-01
498 5.213640e-01 1.110120e-01 3.676240e-01
499 5.213040e-01 1.107160e-01 3.679800e-01
500 5.208480e-01 1.109640e-01 3.681880e-01
501 5.209560e-01 1.106440e-01 3.684000e-01
502 5.204720e-01 1.111440e-01 3.683840e-01
503 5.200960e-01 1.111760e-01 3.687280e-01
504 5.198280e-01 1.112520e-01 3.689200e-01
505 5.200480e-01 1.110280e-01 3.689240e-01
506 5.200840e-01 1.110520e-01 3.688640e-01
507 5.194720e-01 1.115440e-01 3.689840e-01
508 5.196240e-01 1.116480e-01 3.687280e-01
509 5.196880e-01 1.116520e-01 3.686600e-01
510 5.189720e-01 1.122320e-01 3.687960e-01
511 5.188320e-01 1.120480e-01 3.691200e-01
512 5.191080e-01 1.116560e-01 3.692360e-01
513 5.188320e-01 1.109800e-01 3.701880e-01
514 5.191600e-01 1.112440e-01 3.695960e-01
515 5.191480e-01 1.114720e-01 3.693800e-01
516 5.191080e-01 1.115560e-01 3.693360e-01
517 5.190400e-01 1.111760e-01 3.697840e-01
518 5.190040e-01 1.113680e-01 3.696280e-01
519 5.193080e-01 1.106360e-01 3.700560e-01
520 5.193000e-01 1.111840e-01 3.695160e-01
521 5.194400e-01 1.106320e-01 3.699280e-01
522 5.189840e-01 1.109280e-01 3.700880e-01
523 5.190040e-01 1.105160e-01 3.704800e-01
524 5.189440e-01 1.107640e-01 3.702920e-01
525 5.192200e-01 1.102200e-01 3.705600e-01
526 5.197120e-01 1.103000e-01 3.699880e-01
527 5.201480e-01 1.105280e-01 3.693240e-01
528 5.203760e-01 1.104480e-01 3.691760e-01
529 5.199160e-01 1.100680e-01 3.700160e-01
530 5.199640e-01 1.101640e-01 3.698720e-01
531 5.204800e-01 1.101560e-01 3.693640e-01
532 5.201000e-01 1.100560e-01 3.698440e-01
533 5.200720e-01 1.099880e-01 3.699400e-01
534 5.198360e-01 1.101800e-01 3.699840e-01
535 5.196440e-01 1.099400e-01 3.704160e-01
536 5.197960e-01 1.094320e-01 3.707720e-01
537 5.203920e-01 1.091200e-01 3.704880e-01
538 5.207360e-01 1.093360e-01 3.699280e-01
539 5.206680e-01 1.100600e-01 3.692720e-01
540 5.202600e-01 1.106040e-01 3.691360e-01
541 5.201880e-01 1.109480e-01 3.688640e-01
542 5.203080e-01 1.108000e-01 3.688920e-01
543 5.198600e-01 1.108960e-01 3.692440e-01
544 5.191760e-01 1.115400e-01 3.692840e-01
545 5.199360e-01 1.107280e-01 3.693360e-01
546 5.198120e-01 1.108480e-01 3.693400e-01
547 5.197240e-01 1.108400e-01 3.694360e-01
548 5.196040e-01 1.109040e-01 3.694920e-01
549 5.201920e-01 1.108200e-01 3.689880e-01
550 5.201600e-01 1.104640e-01 3.693760e-01
551 5.200120e-01 1.108160e-01 3.691720e-01
552 5.202920e-01 1.103320e-01 3.693760e-01
553 5.205840e-01 1.102360e-01 3.691800e-01
554 5.207720e-01 1.100680e-01 3.691600e-01
555 5.206080e-01 1.099040e-01 3.694880e-01
556 5.199080e-01 1.105200e-01 3.695720e-01
557 5.191000e-01 1.108720e-01 3.700280e-01
558 5.187680e-01 1.109440e-01 3.702880e-01
559 5.187240e-01 1.111720e-01 3.701040e-01
560 5.185000e-01 1.113960e-01 3.701040e-01
561 5.186720e-01 1.108400e-01 3.704880e-01
562 5.187640e-01 1.109160e-01 3.703200e-01
563 5.187760e-01 1.107760e-01 3.704480e-01
564 5.181400e-01 1.111160e-01 3.707440e-01
565 5.181760e-01 1.114120e-01 3.704120e-01
566 5.179840e-01 1.115440e-01 3.704720e-01
567 5.181160e-01 1.113920e-01 3.704920e-01
568 5.184600e-01 1.114680e-01 3.700720e-01
569 5.177600e-01 1.118720e-01 3.703680e-01
570 5.179920e-01 1.119400e-01 3.700680e-01
571 5.174400e-01 1.122120e-01 3.703480e-01
572 5.176760e-01 1.121160e-01 3.702080e-01
573 5.179040e-01 1.124200e-01 3.696760e-01
574 5.180520e-01 1.125960e-01 3.693520e-01
575 5.183680e-01 1.120280e-01 3.696040e-01
576 5.181480e-01 1.119400e-01 3.699120e-01
577 5.183280e-01 1.116720e-01 3.700000e-01
578 5.180840e-01 1.120640e-01 3.698520e-01
579 5.182120e-01 1.121400e-01 3.696480e-01
580 5.182360e-01 1.121360e-01 3.696280e-01
581 5.177520e-01 1.124840e-01 3.697640e-01
582 5.176520e-01 1.125680e-01 3.697800e-01
583 5.177960e-01 1.121960e-01 3.700080e-01
584 5.172040e-01 1.130400e-01 3.697560e-01
585 5.175720e-01 1.124080e-01 3.700200e-01
586 5.171640e-01 1.122200e-01 3.706160e-01
587 5.176600e-01 1.108520e-01 3.714880e-01
588 5.177200e-01 1.108920e-01 3.713880e-01
589 5.175320e-01 1.113840e-01 3.710840e-01
590 5.172600e-01 1.110240e-01 3.717160e-01
591 5.171080e-01 1.111440e-01 3.717480e-01
592 5.177320e-01 1.108880e-01 3.713800e-01
593 5.179160e-01 1.107720e-01 3.713120e-01
594 5.179880e-01 1.112440e-01 3.707680e-01
595 5.176560e-01 1.117760e-01 3.705680e-01
596 5.174120e-01 1.120320e-01 3.705560e-01
597 5.176520e-01 1.118120e-01 3.705360e-01
598 5.178440e-01 1.121560e-01 3.700000e-01
599 5.178880e-01 1.124280e-01 3.696840e-01
600 5.181840e-01 1.116480e-01 3.701680e-01
601 5.175760e-01 1.120440e-01 3.703800e-01
602 5.173320e-01 1.119880e-01 3.706800e-01
603 5.168560e-01 1.124000e-01 3.707440e-01
604 5.165920e-01 1.123160e-01 3.710920e-01
605 5.164440e-01 1.119080e-01 3.716480e-01
606 5.164320e-01 1.113200e-01 3.722480e-01
607 5.166640e-01 1.110120e-01 3.723240e-01
608 5.176160e-01 1.103880e-01 3.719960e-01
609 5.179840e-01 1.099760e-01 3.720400e-01
610 5.183800e-01 1.095480e-01 3.720720e-01
611 5.184440e-01 1.095800e-01 3.719760e-01
612 5.179920e-01 1.095240e-01 3.724840e-01
613 5.180920e-01 1.098880e-01 3.720200e-01
614 5.188280e-01 1.095120e-01 3.716600e-01
615 5.189240e-01 1.100000e-01 3.710760e-01
616 5.196440e-01 1.094080e-01 3.709480e-01
617 5.190800e-01 1.101800e-01 3.707400e-01
618 5.194840e-01 1.097480e-01 3.707680e-01
619 5.195080e-01 1.101200e-01 3.703720e-01
620 5.199840e-01 1.097560e-01 3.702600e-01
621 5.197880e-01 1.096960e-01 3.705160e-01
622 5.204880e-01 1.092520e-01 3.702600e-01
623 5.197080e-01 1.097000e-01 3.705920e-01
624 5.198560e-01 1.101040e-01 3.700400e-01
625 5.195560e-01 1.098640e-01 3.705800e-01
626 5.190880e-01 1.100640e-01 3.708480e-01
627 5.190800e-01 1.101680e-01 3.707520e-01
628 5.185600e-01 1.105040e-01 3.709360e-01
629 5.181400e-01 1.114440e-01 3.704160e-01
630 5.184040e-01 1.115360e-01 3.700600e-01
631 5.182320e-01 1.118600e-01 3.699080e-01
632 5.181040e-01 1.119840e-01 3.699120e-01
633 5.181240e-01 1.122680e-01 3.696080e-01
634 5.180960e-01 1.117040e-01 3.702000e-01
635 5.175760e-01 1.114320e-01 3.709920e-01
636 5.174400e-01 1.114920e-01 3.710680e-01
637 5.169120e-01 1.115600e-01 3.715280e-01
638 5.170160e-01 1.114720e-01 3.715120e-01
639 5.169040e-01 1.117520e-01 3.713440e-01
640 5.172120e-01 1.116800e-01 3.711080e-01
641 5.168000e-01 1.114480e-01 3.717520e-01
642 5.158360e-01 1.118800e-01 3.722840e-01
643 5.162680e-01 1.118560e-01 3.718760e-01
644 5.163320e-01 1.119040e-01 3.717640e-01
645 5.165040e-01 1.121440e-01 3.713520e-01
646 5.165320e-01 1.120840e-01 3.713840e-01
647 5.165600e-01 1.123760e-01 3.710640e-01
648 5.166160e-01 1.121840e-01 3.712000e-01
649 5.166400e-01 1.120760e-01 3.712840e-01
650 5.163800e-01 1.122440e-01 3.713760e-01
651 5.166040e-01 1.126040e-01 3.707920e-01
652 5.160280e-01 1.128480e-01 3.711240e-01
653 5.165080e-01 1.123400e-01 3.711520e-01
654 5.164160e-01 1.124400e-01 3.711440e-01
655 5.160840e-01 1.125840e-01 3.713320e-01
656 5.156640e-01 1.125920e-01 3.717440e-01
657 5.159920e-01 1.126440e-01 3.713640e-01
658 5.151520e-01 1.134760e-01 3.713720e-01
659 5.150320e-01 1.135920e-01 3.713760e-01
660 5.148280e-01 1.138160e-01 3.713560e-01
661 5.148120e-01 1.138560e-01 3.713320e-01
662 5.144680e-01 1.143800e-01 3.711520e-01
663 5.135040e-01 1.148720e-01 3.716240e-01
664 5.134600e-01 1.143960e-01 3.721440e-01
665 5.131560e-01 1.146680e-01 3.721760e-01
666 5.134840e-01 1.144120e-01 3.721040e-01
667 5.133120e-01 1.142600e-01 3.724280e-01
668 5.136840e-01 1.138280e-01 3.724880e-01
669 5.135720e-01 1.135520e-01 3.728760e-01
670 5.134600e-01 1.131280e-01 3.734120e-01
671 5.143520e-01 1.122240e-01 3.734240e-01
672 5.145120e-01 1.123800e-01 3.731080e-01
673 5.147920e-01 1.116800e-01 3.735280e-01
674 5.148760e-01 1.114760e-01 3.736480e-01
675 5.155960e-01 1.112600e-01 3.731440e-01
676 5.152440e-01 1.115920e-01 3.731640e-01
677 5.154800e-01 1.115320e-01 3.729880e-01
678 5.155840e-01 1.110120e-01 3.734040e-01
679 5.154320e-01 1.111880e-01 3.733800e-01
680 5.160920e-01 1.102200e-01 3.736880e-01
681 5.162640e-01 1.098600e-01 3.738760e-01
682 5.172480e-01 1.096680e-01 3.730840e-01
683 5.175920e-01 1.097000e-01 3.727080e-01
684 5.180240e-01 1.096760e-01 3.723000e-01
685 5.177960e-01 1.098200e-01 3.723840e-01
686 5.177600e-01 1.100440e-01 3.721960e-01
687 5.180480e-01 1.099760e-01 3.719760e-01
688 5.180920e-01 1.104800e-01 3.714280e-01
689 5.182320e-01 1.104640e-01 3.713040e-01
690 5.185680e-01 1.106640e-01 3.707680e-01
691 5.176680e-01 1.110800e-01 3.712520e-01
692 5.178800e-01 1.110800e-01 3.710400e-01
693 5.184360e-01 1.111280e-01 3.704360e-01
694 5.181640e-01 1.113360e-01 3.705000e-01
695 5.179720e-01 1.115480e-01 3.704800e-01
696 5.185120e-01 1.112680e-01 3.702200e-01
697 5.182040e-01 1.115240e-01 3.702720e-01
698 5.184920e-01 1.115840e-01 3.699240e-01
699 5.186880e-01 1.114800e-01 3.698320e-01
700 5.183840e-01 1.118800e-01 3.697360e-01
701 5.181600e-01 1.116920e-01 3.701480e-01
702 5.178640e-01 1.118680e-01 3.702680e-01
703 5.184320e-01 1.114120e-01 3.701560e-01
704 5.189440e-01 1.109400e-01 3.701160e-01
705 5.191400e-01 1.105160e-01 3.703440e-01
706 5.191680e-01 1.106840e-01 3.701480e-01
707 5.193240e-01 1.104760e-01 3.702000e-01
708 5.193200e-01 1.107520e-01 3.699280e-01
709 5.191680e-01 1.110000e-01 3.698320e-01
710 5.197960e-01 1.101600e-01 3.700440e-01
711 5.195120e-01 1.101840e-01 3.703040e-01
712 5.191800e-01 1.106400e-01 3.701800e-01
713 5.191160e-01 1.108760e-01 3.700080e-01
714 5.191560e-01 1.107640e-01 3.700800e-01
715 5.192360e-01 1.109360e-01 3.698280e-01
716 5.197320e-01 1.110600e-01 3.692080e-01
717 5.194880e-01 1.111320e-01 3.693800e-01
718 5.195880e-01 1.111760e-01 3.692360e-01
719 5.187600e-01 1.122160e-01 3.690240e-01
720 5.184760e-01 1.117600e-01 3.697640e-01
721 5.184520e-01 1.114320e-01 3.701160e-01
722 5.187760e-01 1.108880e-01 3.703360e-01
723 5.189280e-01 1.112760e-01 3.697960e-01
724 5.189040e-01 1.117840e-01 3.693120e-01
725 5.187920e-01 1.119960e-01 3.692120e-01
726 5.185960e-01 1.118640e-01 3.695400e-01
727 5.184760e-01 1.120920e-01 3.694320e-01
728 5.180080e-01 1.126480e-01 3.693440e-01
729 5.184680e-01 1.119840e-01 3.695480e-01
730 5.183120e-01 1.119360e-01 3.697520e-01
731 5.185240e-01 1.118440e-01 3.696320e-01
732 5.182240e-01 1.119080e-01 3.698680e-01
733 5.182360e-01 1.118360e-01 3.699280e-01
734 5.182080e-01 1.118440e-01 3.699480e-01
735 5.180680e-01 1.124280e-01 3.695040e-01
736 5.181280e-01 1.125400e-01 3.693320e-01
737 5.181200e-01 1.124600e-01 3.694200e-01
738 5.176480e-01 1.128600e-01 3.694920e-01
739 5.180200e-01 1.127160e-01 3.692640e-01
740 5.175720e-01 1.126960e-01 3.697320e-01
741 5.169920e-01 1.125920e-01 3.704160e-01
742 5.166560e-01 1.124320e-01 3.709120e-01
743 5.168600e-01 1.123280e-01 3.708120e-01
744 5.166560e-01 1.120120e-01 3.713320e-01
745 5.167560e-01 1.117160e-01 3.715280e-01
746 5.174000e-01 1.114840e-01 3.711160e-01
747 5.175760e-01 1.111640e-01 3.712600e-01
748 5.174920e-01 1.117160e-01 3.707920e-01
749 5.168600e-01 1.121600e-01 3.709800e-01
750 5.172000e-01 1.122840e-01 3.705160e-01
751 5.169400e-01 1.121840e-01 3.708760e-01
752 5.171080e-01 1.115280e-01 3.713640e-01
753 5.173680e-01 1.113240e-01 3.713080e-01
754 5.182640e-01 1.109160e-01 3.708200e-01
755 5.183320e-01 1.105960e-01 3.710720e-01
756 5.192000e-01 1.103720e-01 3.704280e-01
757 5.198920e-01 1.099440e-01 3.701640e-01
758 5.203400e-01 1.094640e-01 3.701960e-01
759 5.205280e-01 1.095680e-01 3.699040e-01
760 5.211920e-01 1.096200e-01 3.691880e-01
761 5.210040e-01 1.096920e-01 3.693040e-01
762 5.214840e-01 1.094680e-01 3.690480e-01
763 5.214760e-01 1.098480e-01 3.686760e-01
764 5.214200e-01 1.100880e-01 3.684920e-01
765 5.213000e-01 1.101080e-01 3.685920e-01
766 5.215520e-01 1.101880e-01 3.682600e-01
767 5.212080e-01 1.103160e-01 3.684760e-01
768 5.208040e-01 1.106200e-01 3.685760e-01
769 5.208120e-01 1.109680e-01 3.682200e-01
770 5.204560e-01 1.113320e-01 3.682120e-01
771 5.205760e-01 1.108480e-01 3.685760e-01
772 5.208320e-01 1.106000e-01 3.685680e-01
773 5.211960e-01 1.107080e-01 3.680960e-01
774 5.217560e-01 1.102280e-01 3.680160e-01
775 5.214040e-01 1.104160e-01 3.681800e-01
776 5.211280e-01 1.105360e-01 3.683360e-01
777 5.210600e-01 1.107360e-01 3.682040e-01
778 5.214760e-01 1.110920e-01 3.674320e-01
779 5.213840e-01 1.112000e-01 3.674160e-01
780 5.210280e-01 1.108360e-01 3.681360e-01
781 5.211320e-01 1.106120e-01 3.682560e-01
782 5.208200e-01 1.104040e-01 3.687760e-01
783 5.209920e-01 1.103240e-01 3.686840e-01
784 5.214240e-01 1.100640e-01 3.685120e-01
785 5.216400e-01 1.101960e-01 3.681640e-01
786 5.209080e-01 1.104480e-01 3.686440e-01
787 5.205240e-01 1.108400e-01 3.686360e-01
788 5.205960e-01 1.111000e-01 3.683040e-01
789 5.201720e-01 1.118920e-01 3.679360e-01
790 5.196320e-01 1.121880e-01 3.681800e-01
791 5.197040e-01 1.122440e-01 3.680520e-01
792 5.192520e-01 1.124680e-01 3.682800e-01
793 5.190040e-01 1.122200e-01 3.687760e-01
794 5.193360e-01 1.122280e-01 3.684360e-01
795 5.190040e-01 1.122400e-01 3.687560e-01
796 5.192400e-01 1.116920e-01 3.690680e-01
797 5.189440e-01 1.119280e-01 3.691280e-01
798 5.194840e-01 1.117640e-01 3.687520e-01
799 5.187760e-01 1.121120e-01 3.691120e-01
800 5.191880e-01 1.121640e-01 3.686480e-01
801 5.188520e-01 1.124960e-01 3.686520e-01
802 5.185960e-01 1.128240e-01 3.685800e-01
803 5.188840e-01 1.123000e-01 3.688160e-01
804 5.188600e-01 1.125600e-01 3.685800e-01
805 5.190320e-01 1.120880e-01 3.688800e-01
806 5.190880e-01 1.120560e-01 3.688560e-01
807 5.192960e-01 1.115760e-01 3.691280e-01
808 5.195800e-01 1.116360e-01 3.687840e-01
809 5.199320e-01 1.114800e-01 3.685880e-01
810 5.208320e-01 1.111360e-01 3.680320e-01
811 5.205280e-01 1.111960e-01 3.682760e-01
812 5.203440e-01 1.109960e-01 3.686600e-01
813 5.210720e-01 1.106000e-01 3.683280e-01
814 5.209840e-01 1.103560e-01 3.686600e-01
815 5.218240e-01 1.100400e-01 3.681360e-01
816 5.217680e-01 1.102720e-01 3.679600e-01
817 5.220320e-01 1.105360e-01 3.674320e-01
818 5.218840e-01 1.105680e-01 3.675480e-01
819 5.217280e-01 1.110760e-01 3.671960e-01
820 5.216960e-01 1.111240e-01 3.671800e-01
821 5.216040e-01 1.114960e-01 3.669000e-01
822 5.216120e-01 1.117640e-01 3.666240e-01
823 5.214440e-01 1.119400e-01 3.666160e-01
824 5.216240e-01 1.119400e-01 3.664360e-01
825 5.221160e-01 1.116400e-01 3.662440e-01
826 5.218080e-01 1.115160e-01 3.666760e-01
827 5.215840e-01 1.115840e-01 3.668320e-01
828 5.217640e-01 1.117960e-01 3.664400e-01
829 5.212600e-01 1.123320e-01 3.664080e-01
830 5.210520e-01 1.121480e-01 3.668000e-01
831 5.213000e-01 1.116000e-01 3.671000e-01
832 5.209240e-01 1.116720e-01 3.674040e-01
833 5.208320e-01 1.116320e-01 3.675360e-01
834 5.204320e-01 1.121680e-01 3.674000e-01
835 5.196520e-01 1.128280e-01 3.675200e-01
836 5.192720e-01 1.134440e-01 3.672840e-01
837 5.188320e-01 1.133160e-01 3.678520e-01
838 5.188320e-01 1.131760e-01 3.679920e-01
839 5.178560e-01 1.135720e-01 3.685720e-01
840 5.173560e-01 1.137840e-01 3.688600e-01
841 5.169040e-01 1.132760e-01 3.698200e-01
842 5.170240e-01 1.130560e-01 3.699200e-01
843 5.166280e-01 1.129320e-01 3.704400e-01
844 5.167760e-01 1.125720e-01 3.706520e-01
845 5.164160e-01 1.129680e-01 3.706160e-01
846 5.165000e-01 1.130600e-01 3.704400e-01
847 5.161720e-01 1.136440e-01 3.701840e-01
848 5.167040e-01 1.130880e-01 3.702080e-01
849 5.166360e-01 1.132880e-01 3.700760e-01
850 5.162280e-01 1.129000e-01 3.708720e-01
851 5.158240e-01 1.131880e-01 3.709880e-01
852 5.159960e-01 1.130160e-01 3.709880e-01
853 5.160240e-01 1.127800e-01 3.711960e-01
854 5.152640e-01 1.130040e-01 3.717320e-01
855 5.157640e-01 1.129600e-01 3.712760e-01
856 5.159600e-01 1.129480e-01 3.710920e-01
857 5.158120e-01 1.129840e-01 3.712040e-01
858 5.151800e-01 1.131880e-01 3.716320e-01
859 5.149480e-01 1.134520e-01 3.716000e-01
860 5.152120e-01 1.131840e-01 3.716040e-01
861 5.147000e-01 1.132880e-01 3.720120e-01
862 5.138920e-01 1.140000e-01 3.721080e-01
863 5.139520e-01 1.130920e-01 3.729560e-01
864 5.139800e-01 1.129040e-01 3.731160e-01
865 5.141560e-01 1.131720e-01 3.726720e-01
866 5.139800e-01 1.132560e-01 3.727640e-01
867 5.136040e-01 1.133200e-01 3.730760e-01
868 5.136960e-01 1.126920e-01 3.736120e-01
869 5.137960e-01 1.122880e-01 3.739160e-01
870 5.141720e-01 1.124960e-01 3.733320e-01
871 5.144960e-01 1.126760e-01 3.728280e-01
872 5.144080e-01 1.126720e-01 3.729200e-01
873 5.143320e-01 1.124720e-01 3.731960e-01
874 5.143400e-01 1.124360e-01 3.732240e-01
875 5.142040e-01 1.128760e-01 3.729200e-01
876 5.142760e-01 1.132200e-01 3.725040e-01
877 5.139840e-01 1.134080e-01 3.726080e-01
878 5.132120e-01 1.137280e-01 3.730600e-01
879 5.131200e-01 1.138720e-01 3.730080e-01
880 5.132720e-01 1.142800e-01 3.724480e-01
881 5.128680e-01 1.141800e-01 3.729520e-01
882 5.122760e-01 1.143960e-01 3.733280e-01
883 5.126480e-01 1.141160e-01 3.732360e-01
884 5.126480e-01 1.144440e-01 3.729080e-01
885 5.124160e-01 1.147000e-01 3.728840e-01
886 5.121360e-01 1.144560e-01 3.734080e-01
887 5.122960e-01 1.142880e-01 3.734160e-01
888 5.118200e-01 1.141640e-01 3.740160e-01
889 5.113120e-01 1.140680e-01 3.746200e-01
890 5.114040e-01 1.141520e-01 3.744440e-01
891 5.111280e-01 1.137440e-01 3.751280e-01
892 5.108840e-01 1.135600e-01 3.755560e-01
893 5.105200e-01 1.136880e-01 3.757920e-01
894 5.104520e-01 1.139360e-01 3.756120e-01
895 5.107600e-01 1.136840e-01 3.755560e-01
896 5.112480e-01 1.131480e-01 3.756040e-01
897 5.108360e-01 1.129760e-01 3.761880e-01
898 5.108040e-01 1.129840e-01 3.762120e-01
899 5.114920e-01 1.123440e-01 3.761640e-01
900 5.120240e-01 1.119440e-01 3.760320e-01
901 5.127640e-01 1.112160e-01 3.760200e-01
902 5.125400e-01 1.110240e-01 3.764360e-01
903 5.129200e-01 1.106200e-01 3.764600e-01
904 5.128480e-01 1.110600e-01 3.760920e-01
905 5.127040e-01 1.113520e-01 3.759440e-01
906 5.136280e-01 1.103440e-01 3.760280e-01
907 5.144400e-01 1.098160e-01 3.757440e-01
908 5.148440e-01 1.099520e-01 3.752040e-01
909 5.154920e-01 1.091960e-01 3.753120e-01
910 5.155160e-01 1.097760e-01 3.747080e-01
911 5.161080e-01 1.094640e-01 3.744280e-01
912 5.167280e-01 1.093600e-01 3.739120e-01
913 5.174720e-01 1.091280e-01 3.734000e-01
914 5.175120e-01 1.096000e-01 3.728880e-01
915 5.179680e-01 1.094880e-01 3.725440e-01
916 5.180800e-01 1.093240e-01 3.725960e-01
917 5.187680e-01 1.089960e-01 3.722360e-01
918 5.185640e-01 1.091400e-01 3.722960e-01
919 5.186600e-01 1.091960e-01 3.721440e-01
920 5.183280e-01 1.096840e-01 3.719880e-01
921 5.178320e-01 1.102880e-01 3.718800e-01
922 5.181240e-01 1.100080e-01 3.718680e-01
923 5.181360e-01 1.102360e-01 3.716280e-01
924 5.182080e-01 1.098800e-01 3.719120e-01
925 5.186800e-01 1.092520e-01 3.720680e-01
926 5.191920e-01 1.096920e-01 3.711160e-01
927 5.199040e-01 1.096040e-01 3.704920e-01
928 5.197760e-01 1.099120e-01 3.703120e-01
929 5.198960e-01 1.097840e-01 3.703200e-01
930 5.198160e-01 1.102720e-01 3.699120e-01
931 5.197040e-01 1.105400e-01 3.697560e-01
932 5.197600e-01 1.104880e-01 3.697520e-01
