1 9.992280e-01 6.960000e-04 7.600000e-05
2 9.986480e-01 1.168000e-03 1.840000e-04
3 9.979720e-01 1.588000e-03 4.400000e-04
4 9.972280e-01 2.012000e-03 7.600000e-04
5 9.963080e-01 2.512000e-03 1.180000e-03
6 9.953600e-01 2.980000e-03 1.660000e-03
7 9.943280e-01 3.456000e-03 2.216000e-03
8 9.933680e-01 3.860000e-03 2.772000e-03
9 9.922080e-01 4.376000e-03 3.416000e-03
10 9.911680e-01 4.832000e-03 4.000000e-03
11 9.899680e-01 5.288000e-03 4.744000e-03
12 9.887800e-01 5.576000e-03 5.644000e-03
13 9.874880e-01 5.972000e-03 6.540000e-03
14 9.860880e-01 6.520000e-03 7.392000e-03
15 9.845440e-01 6.908000e-03 8.548000e-03
16 9.831400e-01 7.196000e-03 9.664000e-03
17 9.816600e-01 7.528000e-03 1.081200e-02
18 9.800640e-01 7.824000e-03 1.211200e-02
19 9.785240e-01 8.052000e-03 1.342400e-02
20 9.770880e-01 8.348000e-03 1.456400e-02
21 9.753480e-01 8.844000e-03 1.580800e-02
22 9.737720e-01 9.028000e-03 1.720000e-02
23 9.721160e-01 9.180000e-03 1.870400e-02
24 9.706520e-01 9.296000e-03 2.005200e-02
25 9.688640e-01 9.644000e-03 2.149200e-02
26 9.673200e-01 9.692000e-03 2.298800e-02
27 9.657200e-01 9.956000e-03 2.432400e-02
28 9.641240e-01 1.010000e-02 2.577600e-02
29 9.625640e-01 1.032000e-02 2.711600e-02
30 9.608480e-01 1.073600e-02 2.841600e-02
31 9.591680e-01 1.085200e-02 2.998000e-02
32 9.574520e-01 1.100000e-02 3.154800e-02
33 9.559360e-01 1.100000e-02 3.306400e-02
34 9.542240e-01 1.122800e-02 3.454800e-02
35 9.523400e-01 1.147600e-02 3.618400e-02
36 9.506640e-01 1.172800e-02 3.760800e-02
37 9.489400e-01 1.183200e-02 3.922800e-02
38 9.473520e-01 1.168400e-02 4.096400e-02
39 9.456840e-01 1.174400e-02 4.257200e-02
40 9.441280e-01 1.170800e-02 4.416400e-02
41 9.425840e-01 1.186400e-02 4.555200e-02
42 9.411120e-01 1.184400e-02 4.704400e-02
43 9.395560e-01 1.192000e-02 4.852400e-02
44 9.378520e-01 1.188400e-02 5.026400e-02
45 9.361560e-01 1.209200e-02 5.175200e-02
46 9.344400e-01 1.221600e-02 5.334400e-02
47 9.327080e-01 1.241200e-02 5.488000e-02
48 9.311680e-01 1.239200e-02 5.644000e-02
49 9.295560e-01 1.255200e-02 5.789200e-02
50 9.281200e-01 1.263600e-02 5.924400e-02
51 9.263280e-01 1.275200e-02 6.092000e-02
52 9.247280e-01 1.282000e-02 6.245200e-02
53 9.229800e-01 1.309600e-02 6.392400e-02
54 9.210760e-01 1.350400e-02 6.542000e-02
55 9.192160e-01 1.383600e-02 6.694800e-02
56 9.175360e-01 1.392400e-02 6.854000e-02
57 9.156680e-01 1.405600e-02 7.027600e-02
58 9.140800e-01 1.413200e-02 7.178800e-02
59 9.121240e-01 1.434000e-02 7.353600e-02
60 9.103120e-01 1.444800e-02 7.524000e-02
61 9.086880e-01 1.436000e-02 7.695200e-02
62 9.070560e-01 1.441600e-02 7.852800e-02
63 9.054000e-01 1.436000e-02 8.024000e-02
64 9.038600e-01 1.426400e-02 8.187600e-02
65 9.021640e-01 1.422800e-02 8.360800e-02
66 9.006560e-01 1.422800e-02 8.511600e-02
67 8.991120e-01 1.420400e-02 8.668400e-02
68 8.976000e-01 1.412400e-02 8.827600e-02
69 8.963240e-01 1.409600e-02 8.958000e-02
70 8.948520e-01 1.424400e-02 9.090400e-02
71 8.932440e-01 1.452800e-02 9.222800e-02
72 8.917880e-01 1.454000e-02 9.367200e-02
73 8.903640e-01 1.453600e-02 9.510000e-02
74 8.889840e-01 1.461200e-02 9.640400e-02
75 8.875280e-01 1.464800e-02 9.782400e-02
76 8.860800e-01 1.467600e-02 9.924400e-02
77 8.846760e-01 1.472400e-02 1.006000e-01
78 8.832240e-01 1.478400e-02 1.019920e-01
79 8.817800e-01 1.470000e-02 1.035200e-01
80 8.803640e-01 1.471200e-02 1.049240e-01
81 8.788400e-01 1.488400e-02 1.062760e-01
82 8.772960e-01 1.502800e-02 1.076760e-01
83 8.758920e-01 1.507600e-02 1.090320e-01
84 8.744720e-01 1.522000e-02 1.103080e-01
85 8.728520e-01 1.555600e-02 1.115920e-01
86 8.713080e-01 1.571600e-02 1.129760e-01
87 8.696200e-01 1.606800e-02 1.143120e-01
88 8.678720e-01 1.610400e-02 1.160240e-01
89 8.665680e-01 1.587200e-02 1.175600e-01
90 8.653280e-01 1.580400e-02 1.188680e-01
91 8.638880e-01 1.589600e-02 1.202160e-01
92 8.624960e-01 1.578000e-02 1.217240e-01
93 8.612160e-01 1.578400e-02 1.230000e-01
94 8.599120e-01 1.580000e-02 1.242880e-01
95 8.588000e-01 1.552800e-02 1.256720e-01
96 8.576600e-01 1.526800e-02 1.270720e-01
97 8.565040e-01 1.531200e-02 1.281840e-01
98 8.553360e-01 1.526400e-02 1.294000e-01
99 8.542400e-01 1.514800e-02 1.306120e-01
100 8.530440e-01 1.522400e-02 1.317320e-01
101 8.518720e-01 1.522800e-02 1.329000e-01
102 8.508600e-01 1.525600e-02 1.338840e-01
103 8.497560e-01 1.515600e-02 1.350880e-01
104 8.486640e-01 1.504000e-02 1.362960e-01
105 8.476720e-01 1.520000e-02 1.371280e-01
106 8.464760e-01 1.529600e-02 1.382280e-01
107 8.456400e-01 1.510800e-02 1.392520e-01
108 8.445640e-01 1.504800e-02 1.403880e-01
109 8.435920e-01 1.488000e-02 1.415280e-01
110 8.426760e-01 1.476800e-02 1.425560e-01
111 8.417440e-01 1.472800e-02 1.435280e-01
112 8.408480e-01 1.442800e-02 1.447240e-01
113 8.400680e-01 1.430800e-02 1.456240e-01
114 8.392400e-01 1.422800e-02 1.465320e-01
115 8.383360e-01 1.429600e-02 1.473680e-01
116 8.373600e-01 1.443600e-02 1.482040e-01
117 8.366760e-01 1.433600e-02 1.489880e-01
118 8.356000e-01 1.436800e-02 1.500320e-01
119 8.348200e-01 1.417600e-02 1.510040e-01
120 8.340960e-01 1.414000e-02 1.517640e-01
121 8.333960e-01 1.401200e-02 1.525920e-01
122 8.324720e-01 1.403200e-02 1.534960e-01
123 8.316640e-01 1.398800e-02 1.543480e-01
124 8.309520e-01 1.390800e-02 1.551400e-01
125 8.303600e-01 1.368800e-02 1.559520e-01
126 8.295320e-01 1.389200e-02 1.565760e-01
127 8.288200e-01 1.391600e-02 1.572640e-01
128 8.279880e-01 1.404000e-02 1.579720e-01
129 8.271240e-01 1.403600e-02 1.588400e-01
130 8.263960e-01 1.411600e-02 1.594880e-01
131 8.259200e-01 1.398400e-02 1.600960e-01
132 8.253200e-01 1.383600e-02 1.608440e-01
133 8.247040e-01 1.381200e-02 1.614840e-01
134 8.241760e-01 1.383200e-02 1.619920e-01
135 8.234440e-01 1.390800e-02 1.626480e-01
136 8.228000e-01 1.402400e-02 1.631760e-01
137 8.222880e-01 1.402000e-02 1.636920e-01
138 8.215360e-01 1.421600e-02 1.642480e-01
139 8.206280e-01 1.452800e-02 1.648440e-01
140 8.195880e-01 1.461200e-02 1.658000e-01
141 8.189360e-01 1.454400e-02 1.665200e-01
142 8.182480e-01 1.453600e-02 1.672160e-01
143 8.174200e-01 1.473600e-02 1.678440e-01
144 8.167680e-01 1.473600e-02 1.684960e-01
145 8.163080e-01 1.464400e-02 1.690480e-01
146 8.154760e-01 1.477600e-02 1.697480e-01
147 8.151280e-01 1.447600e-02 1.703960e-01
148 8.143360e-01 1.458400e-02 1.710800e-01
149 8.138760e-01 1.411600e-02 1.720080e-01
150 8.134600e-01 1.390000e-02 1.726400e-01
151 8.130520e-01 1.396800e-02 1.729800e-01
152 8.126480e-01 1.397600e-02 1.733760e-01
153 8.120760e-01 1.404400e-02 1.738800e-01
154 8.117160e-01 1.375600e-02 1.745280e-01
155 8.112800e-01 1.359600e-02 1.751240e-01
156 8.109120e-01 1.346400e-02 1.756240e-01
157 8.108480e-01 1.316400e-02 1.759880e-01
158 8.103880e-01 1.330000e-02 1.763120e-01
159 8.100400e-01 1.334000e-02 1.766200e-01
160 8.097600e-01 1.340400e-02 1.768360e-01
161 8.092400e-01 1.346800e-02 1.772920e-01
162 8.089520e-01 1.330800e-02 1.777400e-01
163 8.086000e-01 1.324400e-02 1.781560e-01
164 8.084280e-01 1.310400e-02 1.784680e-01
165 8.079120e-01 1.324000e-02 1.788480e-01
166 8.076440e-01 1.315600e-02 1.792000e-01
167 8.072160e-01 1.314400e-02 1.796400e-01
168 8.068040e-01 1.320400e-02 1.799920e-01
169 8.064280e-01 1.314400e-02 1.804280e-01
170 8.061400e-01 1.311200e-02 1.807480e-01
171 8.057080e-01 1.320400e-02 1.810880e-01
172 8.053640e-01 1.328400e-02 1.813520e-01
173 8.050640e-01 1.330000e-02 1.816360e-01
174 8.047120e-01 1.342000e-02 1.818680e-01
175 8.044200e-01 1.347200e-02 1.821080e-01
176 8.040680e-01 1.347200e-02 1.824600e-01
177 8.037960e-01 1.336800e-02 1.828360e-01
178 8.033520e-01 1.352400e-02 1.831240e-01
179 8.031160e-01 1.329200e-02 1.835920e-01
180 8.029720e-01 1.316800e-02 1.838600e-01
181 8.027520e-01 1.282800e-02 1.844200e-01
182 8.026320e-01 1.271600e-02 1.846520e-01
183 8.022880e-01 1.276800e-02 1.849440e-01
184 8.019280e-01 1.263200e-02 1.854400e-01
185 8.016960e-01 1.250000e-02 1.858040e-01
186 8.014800e-01 1.259600e-02 1.859240e-01
187 8.013040e-01 1.263600e-02 1.860600e-01
188 8.008840e-01 1.270800e-02 1.864080e-01
189 8.008760e-01 1.248000e-02 1.866440e-01
190 8.007040e-01 1.245600e-02 1.868400e-01
191 8.005560e-01 1.231600e-02 1.871280e-01
192 8.005720e-01 1.226800e-02 1.871600e-01
193 8.002920e-01 1.234400e-02 1.873640e-01
194 8.002160e-01 1.232000e-02 1.874640e-01
195 8.001240e-01 1.249200e-02 1.873840e-01
196 8.000560e-01 1.228800e-02 1.876560e-01
197 7.999840e-01 1.202000e-02 1.879960e-01
198 8.000120e-01 1.188000e-02 1.881080e-01
199 7.999480e-01 1.160800e-02 1.884440e-01
200 8.001000e-01 1.149200e-02 1.884080e-01
201 8.000800e-01 1.136000e-02 1.885600e-01
202 8.001240e-01 1.132400e-02 1.885520e-01
203 8.004640e-01 1.107200e-02 1.884640e-01
204 8.005560e-01 1.092800e-02 1.885160e-01
205 8.005720e-01 1.091600e-02 1.885120e-01
206 8.007280e-01 1.097200e-02 1.883000e-01
207 8.007040e-01 1.089600e-02 1.884000e-01
208 8.008760e-01 1.074000e-02 1.883840e-01
209 8.009800e-01 1.051200e-02 1.885080e-01
210 8.011480e-01 1.053600e-02 1.883160e-01
211 8.013680e-01 1.040400e-02 1.882280e-01
212 8.016480e-01 1.016800e-02 1.881840e-01
213 8.018720e-01 1.014000e-02 1.879880e-01
214 8.017040e-01 1.041200e-02 1.878840e-01
215 8.018840e-01 1.035200e-02 1.877640e-01
216 8.020920e-01 1.017600e-02 1.877320e-01
217 8.022360e-01 1.027600e-02 1.874880e-01
218 8.024080e-01 1.016000e-02 1.874320e-01
219 8.027800e-01 9.924000e-03 1.872960e-01
220 8.032560e-01 9.756000e-03 1.869880e-01
221 8.036400e-01 9.528000e-03 1.868320e-01
222 8.038240e-01 9.532000e-03 1.866440e-01
223 8.041760e-01 9.396000e-03 1.864280e-01
224 8.044360e-01 9.504000e-03 1.860600e-01
225 8.046560e-01 9.360000e-03 1.859840e-01
226 8.050240e-01 9.332000e-03 1.856440e-01
227 8.051880e-01 9.244000e-03 1.855680e-01
228 8.055000e-01 9.228000e-03 1.852720e-01
229 8.057080e-01 9.252000e-03 1.850400e-01
230 8.060240e-01 9.284000e-03 1.846920e-01
231 8.062320e-01 9.128000e-03 1.846400e-01
232 8.065560e-01 9.064000e-03 1.843800e-01
233 8.069520e-01 8.804000e-03 1.842440e-01
234 8.071400e-01 8.980000e-03 1.838800e-01
235 8.075360e-01 8.760000e-03 1.837040e-01
236 8.078920e-01 8.684000e-03 1.834240e-01
237 8.083600e-01 8.628000e-03 1.830120e-01
238 8.086200e-01 8.548000e-03 1.828320e-01
239 8.089280e-01 8.460000e-03 1.826120e-01
240 8.094600e-01 8.208000e-03 1.823320e-01
241 8.098080e-01 8.152000e-03 1.820400e-01
242 8.101600e-01 8.104000e-03 1.817360e-01
243 8.104720e-01 8.128000e-03 1.814000e-01
244 8.108880e-01 8.028000e-03 1.810840e-01
245 8.111200e-01 8.012000e-03 1.808680e-01
246 8.115520e-01 8.048000e-03 1.804000e-01
247 8.120960e-01 7.856000e-03 1.800480e-01
248 8.124720e-01 7.728000e-03 1.798000e-01
249 8.128480e-01 7.604000e-03 1.795480e-01
250 8.133120e-01 7.684000e-03 1.790040e-01
251 8.139520e-01 7.472000e-03 1.785760e-01
252 8.143120e-01 7.480000e-03 1.782080e-01
253 8.147680e-01 7.512000e-03 1.777200e-01
254 8.152560e-01 7.496000e-03 1.772480e-01
255 8.157280e-01 7.544000e-03 1.767280e-01
256 8.161960e-01 7.428000e-03 1.763760e-01
257 8.167840e-01 7.412000e-03 1.758040e-01
258 8.173240e-01 7.280000e-03 1.753960e-01
259 8.177240e-01 7.204000e-03 1.750720e-01
260 8.181480e-01 7.240000e-03 1.746120e-01
261 8.185080e-01 7.232000e-03 1.742600e-01
262 8.188080e-01 7.312000e-03 1.738800e-01
263 8.191720e-01 7.392000e-03 1.734360e-01
264 8.194280e-01 7.444000e-03 1.731280e-01
265 8.198160e-01 7.404000e-03 1.727800e-01
266 8.202200e-01 7.456000e-03 1.723240e-01
267 8.205240e-01 7.380000e-03 1.720960e-01
268 8.210000e-01 7.432000e-03 1.715680e-01
269 8.213240e-01 7.556000e-03 1.711200e-01
270 8.214280e-01 7.676000e-03 1.708960e-01
271 8.217600e-01 7.596000e-03 1.706440e-01
272 8.221480e-01 7.644000e-03 1.702080e-01
273 8.224160e-01 7.600000e-03 1.699840e-01
274 8.226840e-01 7.576000e-03 1.697400e-01
275 8.229000e-01 7.684000e-03 1.694160e-01
276 8.229520e-01 7.832000e-03 1.692160e-01
277 8.233880e-01 7.764000e-03 1.688480e-01
278 8.236600e-01 7.792000e-03 1.685480e-01
279 8.237320e-01 7.884000e-03 1.683840e-01
280 8.240680e-01 7.672000e-03 1.682600e-01
281 8.245440e-01 7.580000e-03 1.678760e-01
282 8.249120e-01 7.532000e-03 1.675560e-01
283 8.251240e-01 7.528000e-03 1.673480e-01
284 8.254640e-01 7.496000e-03 1.670400e-01
285 8.258120e-01 7.500000e-03 1.666880e-01
286 8.260720e-01 7.392000e-03 1.665360e-01
287 8.265480e-01 7.312000e-03 1.661400e-01
288 8.269640e-01 7.128000e-03 1.659080e-01
289 8.272760e-01 7.180000e-03 1.655440e-01
290 8.275880e-01 7.120000e-03 1.652920e-01
291 8.280960e-01 7.020000e-03 1.648840e-01
292 8.285360e-01 6.940000e-03 1.645240e-01
293 8.289840e-01 6.868000e-03 1.641480e-01
294 8.291800e-01 6.868000e-03 1.639520e-01
295 8.297760e-01 6.924000e-03 1.633000e-01
296 8.303360e-01 6.848000e-03 1.628160e-01
297 8.307640e-01 6.848000e-03 1.623880e-01
298 8.312320e-01 6.868000e-03 1.619000e-01
299 8.316080e-01 6.848000e-03 1.615440e-01
300 8.319080e-01 7.012000e-03 1.610800e-01
301 8.322800e-01 7.012000e-03 1.607080e-01
302 8.326240e-01 7.028000e-03 1.603480e-01
303 8.329880e-01 6.928000e-03 1.600840e-01
304 8.332960e-01 7.044000e-03 1.596600e-01
305 8.336040e-01 7.236000e-03 1.591600e-01
306 8.339800e-01 7.216000e-03 1.588040e-01
307 8.342880e-01 7.144000e-03 1.585680e-01
308 8.344720e-01 7.288000e-03 1.582400e-01
309 8.347840e-01 7.188000e-03 1.580280e-01
310 8.350200e-01 7.064000e-03 1.579160e-01
311 8.352320e-01 7.068000e-03 1.577000e-01
312 8.355200e-01 7.140000e-03 1.573400e-01
313 8.359000e-01 7.184000e-03 1.569160e-01
314 8.363040e-01 7.336000e-03 1.563600e-01
315 8.366400e-01 7.240000e-03 1.561200e-01
316 8.368160e-01 7.320000e-03 1.558640e-01
317 8.370560e-01 7.328000e-03 1.556160e-01
318 8.372680e-01 7.376000e-03 1.553560e-01
319 8.375640e-01 7.244000e-03 1.551920e-01
320 8.377040e-01 7.396000e-03 1.549000e-01
321 8.379200e-01 7.444000e-03 1.546360e-01
322 8.381120e-01 7.380000e-03 1.545080e-01
323 8.383880e-01 7.484000e-03 1.541280e-01
324 8.385880e-01 7.396000e-03 1.540160e-01
325 8.388280e-01 7.320000e-03 1.538520e-01
326 8.391680e-01 7.244000e-03 1.535880e-01
327 8.394840e-01 7.020000e-03 1.534960e-01
328 8.399040e-01 6.820000e-03 1.532760e-01
329 8.402120e-01 6.796000e-03 1.529920e-01
330 8.406080e-01 6.656000e-03 1.527360e-01
331 8.410000e-01 6.452000e-03 1.525480e-01
332 8.412400e-01 6.412000e-03 1.523480e-01
333 8.415600e-01 6.512000e-03 1.519280e-01
334 8.420000e-01 6.352000e-03 1.516480e-01
335 8.424280e-01 6.312000e-03 1.512600e-01
336 8.429520e-01 6.108000e-03 1.509400e-01
337 8.433600e-01 5.972000e-03 1.506680e-01
338 8.439480e-01 5.944000e-03 1.501080e-01
339 8.442680e-01 5.800000e-03 1.499320e-01
340 8.446440e-01 5.756000e-03 1.496000e-01
341 8.451520e-01 5.736000e-03 1.491120e-01
342 8.455920e-01 5.824000e-03 1.485840e-01
343 8.460800e-01 5.720000e-03 1.482000e-01
344 8.465080e-01 5.700000e-03 1.477920e-01
345 8.470480e-01 5.640000e-03 1.473120e-01
346 8.476520e-01 5.632000e-03 1.467160e-01
347 8.481720e-01 5.580000e-03 1.462480e-01
348 8.487200e-01 5.440000e-03 1.458400e-01
349 8.491440e-01 5.364000e-03 1.454920e-01
350 8.497280e-01 5.356000e-03 1.449160e-01
351 8.502040e-01 5.280000e-03 1.445160e-01
352 8.507000e-01 5.216000e-03 1.440840e-01
353 8.512720e-01 5.160000e-03 1.435680e-01
354 8.516680e-01 5.280000e-03 1.430520e-01
355 8.521080e-01 5.236000e-03 1.426560e-01
356 8.526200e-01 5.248000e-03 1.421320e-01
357 8.529400e-01 5.368000e-03 1.416920e-01
358 8.534680e-01 5.292000e-03 1.412400e-01
359 8.539600e-01 5.300000e-03 1.407400e-01
360 8.543320e-01 5.412000e-03 1.402560e-01
361 8.546960e-01 5.500000e-03 1.398040e-01
362 8.550440e-01 5.528000e-03 1.394280e-01
363 8.554640e-01 5.436000e-03 1.391000e-01
364 8.557880e-01 5.476000e-03 1.387360e-01
365 8.562680e-01 5.416000e-03 1.383160e-01
366 8.565800e-01 5.480000e-03 1.379400e-01
367 8.571320e-01 5.496000e-03 1.373720e-01
368 8.574640e-01 5.404000e-03 1.371320e-01
369 8.579160e-01 5.472000e-03 1.366120e-01
370 8.582800e-01 5.532000e-03 1.361880e-01
371 8.585880e-01 5.556000e-03 1.358560e-01
372 8.588760e-01 5.516000e-03 1.356080e-01
373 8.593800e-01 5.488000e-03 1.351320e-01
374 8.598400e-01 5.300000e-03 1.348600e-01
375 8.603920e-01 5.200000e-03 1.344080e-01
376 8.608200e-01 5.100000e-03 1.340800e-01
377 8.611960e-01 5.048000e-03 1.337560e-01
378 8.616640e-01 5.016000e-03 1.333200e-01
379 8.622520e-01 4.864000e-03 1.328840e-01
380 8.626320e-01 4.916000e-03 1.324520e-01
381 8.629680e-01 4.976000e-03 1.320560e-01
382 8.633960e-01 5.008000e-03 1.315960e-01
383 8.639560e-01 4.852000e-03 1.311920e-01
384 8.645280e-01 4.772000e-03 1.307000e-01
385 8.649160e-01 4.736000e-03 1.303480e-01
386 8.653680e-01 4.752000e-03 1.298800e-01
387 8.659120e-01 4.736000e-03 1.293520e-01
388 8.663440e-01 4.840000e-03 1.288160e-01
389 8.666000e-01 4.828000e-03 1.285720e-01
390 8.671240e-01 4.788000e-03 1.280880e-01
391 8.676840e-01 4.688000e-03 1.276280e-01
392 8.681160e-01 4.720000e-03 1.271640e-01
393 8.685960e-01 4.656000e-03 1.267480e-01
394 8.689840e-01 4.728000e-03 1.262880e-01
395 8.692680e-01 4.852000e-03 1.258800e-01
396 8.696480e-01 4.848000e-03 1.255040e-01
397 8.699920e-01 4.812000e-03 1.251960e-01
398 8.702520e-01 4.900000e-03 1.248480e-01
399 8.706920e-01 4.860000e-03 1.244480e-01
400 8.710520e-01 4.812000e-03 1.241360e-01
401 8.714040e-01 4.768000e-03 1.238280e-01
402 8.717920e-01 4.744000e-03 1.234640e-01
403 8.724000e-01 4.612000e-03 1.229880e-01
404 8.729280e-01 4.484000e-03 1.225880e-01
405 8.733360e-01 4.396000e-03 1.222680e-01
406 8.737360e-01 4.340000e-03 1.219240e-01
407 8.741080e-01 4.452000e-03 1.214400e-01
408 8.745000e-01 4.464000e-03 1.210360e-01
409 8.748960e-01 4.328000e-03 1.207760e-01
410 8.752520e-01 4.336000e-03 1.204120e-01
411 8.756760e-01 4.432000e-03 1.198920e-01
412 8.760960e-01 4.364000e-03 1.195400e-01
413 8.765320e-01 4.268000e-03 1.192000e-01
414 8.770000e-01 4.276000e-03 1.187240e-01
415 8.774520e-01 4.276000e-03 1.182720e-01
416 8.777000e-01 4.412000e-03 1.178880e-01
417 8.779840e-01 4.352000e-03 1.176640e-01
418 8.785080e-01 4.372000e-03 1.171200e-01
419 8.788560e-01 4.316000e-03 1.168280e-01
420 8.792880e-01 4.264000e-03 1.164480e-01
421 8.796920e-01 4.328000e-03 1.159800e-01
422 8.800680e-01 4.456000e-03 1.154760e-01
423 8.805840e-01 4.420000e-03 1.149960e-01
424 8.807880e-01 4.528000e-03 1.146840e-01
425 8.809960e-01 4.616000e-03 1.143880e-01
426 8.812960e-01 4.600000e-03 1.141040e-01
427 8.816120e-01 4.588000e-03 1.138000e-01
428 8.820000e-01 4.536000e-03 1.134640e-01
429 8.822520e-01 4.504000e-03 1.132440e-01
430 8.826080e-01 4.424000e-03 1.129680e-01
431 8.830240e-01 4.284000e-03 1.126920e-01
432 8.834160e-01 4.308000e-03 1.122760e-01
433 8.839120e-01 4.320000e-03 1.117680e-01
434 8.842680e-01 4.280000e-03 1.114520e-01
435 8.845880e-01 4.300000e-03 1.111120e-01
436 8.851000e-01 3.988000e-03 1.109120e-01
437 8.854960e-01 3.976000e-03 1.105280e-01
438 8.859200e-01 3.840000e-03 1.102400e-01
439 8.864560e-01 3.740000e-03 1.098040e-01
440 8.870160e-01 3.724000e-03 1.092600e-01
441 8.873120e-01 3.644000e-03 1.090440e-01
442 8.876560e-01 3.584000e-03 1.087600e-01
443 8.880800e-01 3.528000e-03 1.083920e-01
444 8.885640e-01 3.544000e-03 1.078920e-01
445 8.889760e-01 3.600000e-03 1.074240e-01
446 8.894000e-01 3.564000e-03 1.070360e-01
447 8.899400e-01 3.576000e-03 1.064840e-01
448 8.902360e-01 3.644000e-03 1.061200e-01
449 8.906520e-01 3.540000e-03 1.058080e-01
450 8.912080e-01 3.392000e-03 1.054000e-01
451 8.916000e-01 3.396000e-03 1.050040e-01
452 8.920120e-01 3.320000e-03 1.046680e-01
453 8.925400e-01 3.372000e-03 1.040880e-01
454 8.929320e-01 3.320000e-03 1.037480e-01
455 8.933520e-01 3.344000e-03 1.033040e-01
456 8.936960e-01 3.344000e-03 1.029600e-01
457 8.941000e-01 3.312000e-03 1.025880e-01
458 8.945320e-01 3.304000e-03 1.021640e-01
459 8.948920e-01 3.292000e-03 1.018160e-01
460 8.952600e-01 3.292000e-03 1.014480e-01
461 8.957280e-01 3.128000e-03 1.011440e-01
462 8.962400e-01 3.100000e-03 1.006600e-01
463 8.966480e-01 3.132000e-03 1.002200e-01
464 8.970560e-01 3.188000e-03 9.975600e-02
465 8.975840e-01 3.124000e-03 9.929200e-02
466 8.979240e-01 3.120000e-03 9.895600e-02
467 8.982720e-01 3.156000e-03 9.857200e-02
468 8.986320e-01 3.148000e-03 9.822000e-02
469 8.989440e-01 3.208000e-03 9.784800e-02
470 8.992360e-01 3.324000e-03 9.744000e-02
471 8.997200e-01 3.204000e-03 9.707600e-02
472 9.000080e-01 3.228000e-03 9.676400e-02
473 9.002360e-01 3.336000e-03 9.642800e-02
474 9.005320e-01 3.404000e-03 9.606400e-02
475 9.008800e-01 3.324000e-03 9.579600e-02
476 9.013640e-01 3.228000e-03 9.540800e-02
477 9.017240e-01 3.268000e-03 9.500800e-02
478 9.019680e-01 3.352000e-03 9.468000e-02
479 9.023160e-01 3.340000e-03 9.434400e-02
480 9.025320e-01 3.420000e-03 9.404800e-02
481 9.027600e-01 3.540000e-03 9.370000e-02
482 9.031040e-01 3.524000e-03 9.337200e-02
483 9.033200e-01 3.612000e-03 9.306800e-02
484 9.035560e-01 3.612000e-03 9.283200e-02
485 9.037720e-01 3.788000e-03 9.244000e-02
486 9.040480e-01 3.820000e-03 9.213200e-02
487 9.041560e-01 3.860000e-03 9.198400e-02
488 9.043280e-01 3.876000e-03 9.179600e-02
489 9.045120e-01 3.936000e-03 9.155200e-02
490 9.046720e-01 3.976000e-03 9.135200e-02
491 9.049040e-01 4.128000e-03 9.096800e-02
492 9.050560e-01 4.084000e-03 9.086000e-02
493 9.052240e-01 4.056000e-03 9.072000e-02
494 9.052680e-01 4.260000e-03 9.047200e-02
495 9.054440e-01 4.276000e-03 9.028000e-02
496 9.055160e-01 4.316000e-03 9.016800e-02
497 9.056800e-01 4.352000e-03 8.996800e-02
498 9.057400e-01 4.508000e-03 8.975200e-02
499 9.057560e-01 4.540000e-03 8.970400e-02
500 9.058480e-01 4.560000e-03 8.959200e-02
501 9.058920e-01 4.560000e-03 8.954800e-02
502 9.061000e-01 4.632000e-03 8.926800e-02
503 9.061320e-01 4.616000e-03 8.925200e-02
504 9.062920e-01 4.668000e-03 8.904000e-02
505 9.062880e-01 4.732000e-03 8.898000e-02
506 9.063640e-01 4.696000e-03 8.894000e-02
507 9.064200e-01 4.664000e-03 8.891600e-02
508 9.063720e-01 4.732000e-03 8.889600e-02
509 9.062040e-01 4.904000e-03 8.889200e-02
510 9.060440e-01 5.172000e-03 8.878400e-02
511 9.059640e-01 5.160000e-03 8.887600e-02
512 9.059240e-01 5.132000e-03 8.894400e-02
513 9.060560e-01 5.076000e-03 8.886800e-02
514 9.061040e-01 5.036000e-03 8.886000e-02
515 9.062640e-01 4.784000e-03 8.895200e-02
516 9.063800e-01 4.652000e-03 8.896800e-02
517 9.065520e-01 4.460000e-03 8.898800e-02
518 9.067360e-01 4.264000e-03 8.900000e-02
519 9.069520e-01 4.232000e-03 8.881600e-02
520 9.070680e-01 4.196000e-03 8.873600e-02
521 9.072240e-01 4.200000e-03 8.857600e-02
522 9.073240e-01 4.228000e-03 8.844800e-02
523 9.074400e-01 4.096000e-03 8.846400e-02
524 9.076320e-01 4.072000e-03 8.829600e-02
525 9.078400e-01 4.016000e-03 8.814400e-02
526 9.079520e-01 4.048000e-03 8.800000e-02
527 9.080960e-01 4.104000e-03 8.780000e-02
528 9.083040e-01 4.112000e-03 8.758400e-02
529 9.083880e-01 4.120000e-03 8.749200e-02
530 9.085480e-01 4.148000e-03 8.730400e-02
531 9.086680e-01 4.148000e-03 8.718400e-02
532 9.088000e-01 4.072000e-03 8.712800e-02
533 9.089240e-01 4.008000e-03 8.706800e-02
534 9.089360e-01 4.112000e-03 8.695200e-02
535 9.089720e-01 4.140000e-03 8.688800e-02
536 9.090680e-01 4.132000e-03 8.680000e-02
537 9.092640e-01 4.132000e-03 8.660400e-02
538 9.094120e-01 4.112000e-03 8.647600e-02
539 9.094600e-01 4.136000e-03 8.640400e-02
540 9.097200e-01 3.968000e-03 8.631200e-02
541 9.099360e-01 3.996000e-03 8.606800e-02
542 9.100840e-01 3.944000e-03 8.597200e-02
543 9.101480e-01 4.004000e-03 8.584800e-02
544 9.102040e-01 4.136000e-03 8.566000e-02
545 9.102560e-01 4.164000e-03 8.558000e-02
546 9.102880e-01 4.132000e-03 8.558000e-02
547 9.103680e-01 4.192000e-03 8.544000e-02
548 9.105400e-01 4.096000e-03 8.536400e-02
549 9.106840e-01 4.052000e-03 8.526400e-02
550 9.108280e-01 4.028000e-03 8.514400e-02
551 9.109760e-01 4.100000e-03 8.492400e-02
552 9.110640e-01 4.032000e-03 8.490400e-02
553 9.111720e-01 4.076000e-03 8.475200e-02
554 9.113160e-01 4.152000e-03 8.453200e-02
555 9.113560e-01 4.168000e-03 8.447600e-02
556 9.116960e-01 4.056000e-03 8.424800e-02
557 9.118400e-01 4.004000e-03 8.415600e-02
558 9.122360e-01 3.888000e-03 8.387600e-02
559 9.124280e-01 3.800000e-03 8.377200e-02
560 9.124520e-01 3.856000e-03 8.369200e-02
561 9.126600e-01 3.884000e-03 8.345600e-02
562 9.128400e-01 3.852000e-03 8.330800e-02
563 9.131760e-01 3.680000e-03 8.314400e-02
564 9.134040e-01 3.648000e-03 8.294800e-02
565 9.136880e-01 3.620000e-03 8.269200e-02
566 9.139320e-01 3.496000e-03 8.257200e-02
567 9.141280e-01 3.456000e-03 8.241600e-02
568 9.143680e-01 3.520000e-03 8.211200e-02
569 9.146440e-01 3.440000e-03 8.191600e-02
570 9.148480e-01 3.416000e-03 8.173600e-02
571 9.151400e-01 3.380000e-03 8.148000e-02
572 9.153840e-01 3.288000e-03 8.132800e-02
573 9.156120e-01 3.272000e-03 8.111600e-02
574 9.158920e-01 3.212000e-03 8.089600e-02
575 9.160040e-01 3.288000e-03 8.070800e-02
576 9.162480e-01 3.216000e-03 8.053600e-02
577 9.165200e-01 3.204000e-03 8.027600e-02
578 9.167880e-01 3.184000e-03 8.002800e-02
579 9.170560e-01 3.220000e-03 7.972400e-02
580 9.174960e-01 3.108000e-03 7.939600e-02
581 9.176680e-01 3.044000e-03 7.928800e-02
582 9.179320e-01 3.012000e-03 7.905600e-02
583 9.180440e-01 3.060000e-03 7.889600e-02
584 9.184040e-01 3.108000e-03 7.848800e-02
585 9.186200e-01 3.156000e-03 7.822400e-02
586 9.187040e-01 3.184000e-03 7.811200e-02
587 9.188600e-01 3.120000e-03 7.802000e-02
588 9.190320e-01 3.084000e-03 7.788400e-02
589 9.192240e-01 3.164000e-03 7.761200e-02
590 9.195200e-01 3.088000e-03 7.739200e-02
591 9.197560e-01 3.088000e-03 7.715600e-02
592 9.200040e-01 3.076000e-03 7.692000e-02
593 9.201320e-01 3.144000e-03 7.672400e-02
594 9.203760e-01 3.216000e-03 7.640800e-02
595 9.205680e-01 3.308000e-03 7.612400e-02
596 9.206360e-01 3.356000e-03 7.600800e-02
597 9.208320e-01 3.356000e-03 7.581200e-02
598 9.210920e-01 3.336000e-03 7.557200e-02
599 9.212400e-01 3.236000e-03 7.552400e-02
600 9.215040e-01 3.188000e-03 7.530800e-02
601 9.218320e-01 3.136000e-03 7.503200e-02
602 9.220240e-01 3.036000e-03 7.494000e-02
603 9.221680e-01 3.016000e-03 7.481600e-02
604 9.224200e-01 3.000000e-03 7.458000e-02
605 9.227360e-01 2.856000e-03 7.440800e-02
606 9.230240e-01 2.876000e-03 7.410000e-02
607 9.232320e-01 2.912000e-03 7.385600e-02
608 9.234600e-01 2.872000e-03 7.366800e-02
609 9.237720e-01 2.808000e-03 7.342000e-02
610 9.240040e-01 2.820000e-03 7.317600e-02
611 9.242280e-01 2.720000e-03 7.305200e-02
612 9.244560e-01 2.608000e-03 7.293600e-02
613 9.246520e-01 2.648000e-03 7.270000e-02
614 9.249000e-01 2.620000e-03 7.248000e-02
615 9.252480e-01 2.624000e-03 7.212800e-02
616 9.255400e-01 2.628000e-03 7.183200e-02
617 9.258000e-01 2.584000e-03 7.161600e-02
618 9.260640e-01 2.536000e-03 7.140000e-02
619 9.263480e-01 2.536000e-03 7.111600e-02
620 9.265520e-01 2.556000e-03 7.089200e-02
621 9.268080e-01 2.480000e-03 7.071200e-02
622 9.271160e-01 2.444000e-03 7.044000e-02
623 9.274080e-01 2.472000e-03 7.012000e-02
624 9.276680e-01 2.472000e-03 6.986000e-02
625 9.279800e-01 2.440000e-03 6.958000e-02
626 9.281480e-01 2.448000e-03 6.940400e-02
627 9.284920e-01 2.392000e-03 6.911600e-02
628 9.288240e-01 2.316000e-03 6.886000e-02
629 9.291280e-01 2.312000e-03 6.856000e-02
630 9.294640e-01 2.376000e-03 6.816000e-02
631 9.297280e-01 2.340000e-03 6.793200e-02
632 9.299880e-01 2.332000e-03 6.768000e-02
633 9.303360e-01 2.192000e-03 6.747200e-02
634 9.306760e-01 2.164000e-03 6.716000e-02
635 9.308200e-01 2.288000e-03 6.689200e-02
636 9.311000e-01 2.212000e-03 6.668800e-02
637 9.314240e-01 2.124000e-03 6.645200e-02
638 9.317560e-01 2.092000e-03 6.615200e-02
639 9.320280e-01 2.056000e-03 6.591600e-02
640 9.323640e-01 2.020000e-03 6.561600e-02
641 9.325760e-01 2.072000e-03 6.535200e-02
642 9.327000e-01 2.224000e-03 6.507600e-02
643 9.330240e-01 2.172000e-03 6.480400e-02
644 9.332640e-01 2.160000e-03 6.457600e-02
645 9.335000e-01 2.200000e-03 6.430000e-02
646 9.337680e-01 2.168000e-03 6.406400e-02
647 9.341480e-01 2.164000e-03 6.368800e-02
648 9.344280e-01 2.152000e-03 6.342000e-02
649 9.347400e-01 2.156000e-03 6.310400e-02
650 9.349960e-01 2.064000e-03 6.294000e-02
651 9.352320e-01 2.044000e-03 6.272400e-02
652 9.355480e-01 1.936000e-03 6.251600e-02
653 9.359080e-01 1.828000e-03 6.226400e-02
654 9.362920e-01 1.824000e-03 6.188400e-02
655 9.366800e-01 1.836000e-03 6.148400e-02
656 9.369720e-01 1.848000e-03 6.118000e-02
657 9.372160e-01 1.820000e-03 6.096400e-02
658 9.375040e-01 1.748000e-03 6.074800e-02
659 9.377840e-01 1.720000e-03 6.049600e-02
660 9.380960e-01 1.764000e-03 6.014000e-02
661 9.383680e-01 1.704000e-03 5.992800e-02
662 9.386560e-01 1.644000e-03 5.970000e-02
663 9.388680e-01 1.668000e-03 5.946400e-02
664 9.391640e-01 1.624000e-03 5.921200e-02
665 9.394720e-01 1.600000e-03 5.892800e-02
666 9.398320e-01 1.560000e-03 5.860800e-02
667 9.400360e-01 1.620000e-03 5.834400e-02
668 9.402200e-01 1.644000e-03 5.813600e-02
669 9.404800e-01 1.676000e-03 5.784400e-02
670 9.407960e-01 1.672000e-03 5.753200e-02
671 9.410720e-01 1.636000e-03 5.729200e-02
672 9.413800e-01 1.660000e-03 5.696000e-02
673 9.416240e-01 1.628000e-03 5.674800e-02
674 9.419960e-01 1.556000e-03 5.644800e-02
675 9.422080e-01 1.584000e-03 5.620800e-02
676 9.425600e-01 1.532000e-03 5.590800e-02
677 9.427520e-01 1.556000e-03 5.569200e-02
678 9.429680e-01 1.564000e-03 5.546800e-02
679 9.431600e-01 1.628000e-03 5.521200e-02
680 9.434360e-01 1.560000e-03 5.500400e-02
681 9.436240e-01 1.580000e-03 5.479600e-02
682 9.437680e-01 1.728000e-03 5.450400e-02
683 9.440120e-01 1.728000e-03 5.426000e-02
684 9.442360e-01 1.800000e-03 5.396400e-02
685 9.442960e-01 1.888000e-03 5.381600e-02
686 9.443720e-01 2.052000e-03 5.357600e-02
687 9.444640e-01 2.100000e-03 5.343600e-02
688 9.446240e-01 2.076000e-03 5.330000e-02
689 9.448160e-01 2.024000e-03 5.316000e-02
690 9.450760e-01 1.884000e-03 5.304000e-02
691 9.453800e-01 1.844000e-03 5.277600e-02
692 9.455520e-01 1.896000e-03 5.255200e-02
693 9.457560e-01 1.848000e-03 5.239600e-02
694 9.459640e-01 1.864000e-03 5.217200e-02
695 9.461640e-01 1.892000e-03 5.194400e-02
696 9.463000e-01 1.928000e-03 5.177200e-02
697 9.464840e-01 2.012000e-03 5.150400e-02
698 9.467160e-01 1.924000e-03 5.136000e-02
699 9.468640e-01 1.892000e-03 5.124400e-02
700 9.470840e-01 1.868000e-03 5.104800e-02
701 9.473920e-01 1.792000e-03 5.081600e-02
702 9.475120e-01 1.748000e-03 5.074000e-02
703 9.477880e-01 1.680000e-03 5.053200e-02
704 9.480240e-01 1.624000e-03 5.035200e-02
705 9.482080e-01 1.596000e-03 5.019600e-02
706 9.483920e-01 1.644000e-03 4.996400e-02
707 9.485080e-01 1.592000e-03 4.990000e-02
708 9.487320e-01 1.488000e-03 4.978000e-02
709 9.489680e-01 1.440000e-03 4.959200e-02
710 9.492360e-01 1.428000e-03 4.933600e-02
711 9.494920e-01 1.408000e-03 4.910000e-02
712 9.497640e-01 1.408000e-03 4.882800e-02
713 9.500240e-01 1.460000e-03 4.851600e-02
714 9.502720e-01 1.444000e-03 4.828400e-02
715 9.503880e-01 1.580000e-03 4.803200e-02
716 9.505440e-01 1.604000e-03 4.785200e-02
717 9.506960e-01 1.596000e-03 4.770800e-02
718 9.507480e-01 1.664000e-03 4.758800e-02
719 9.508720e-01 1.740000e-03 4.738800e-02
720 9.509280e-01 1.848000e-03 4.722400e-02
721 9.510400e-01 1.852000e-03 4.710800e-02
722 9.511880e-01 1.840000e-03 4.697200e-02
723 9.513840e-01 1.792000e-03 4.682400e-02
724 9.514680e-01 1.796000e-03 4.673600e-02
725 9.516240e-01 1.808000e-03 4.656800e-02
726 9.518400e-01 1.764000e-03 4.639600e-02
727 9.519920e-01 1.740000e-03 4.626800e-02
728 9.521760e-01 1.780000e-03 4.604400e-02
729 9.523960e-01 1.760000e-03 4.584400e-02
730 9.526800e-01 1.656000e-03 4.566400e-02
731 9.528200e-01 1.640000e-03 4.554000e-02
732 9.530560e-01 1.600000e-03 4.534400e-02
733 9.532400e-01 1.628000e-03 4.513200e-02
734 9.534840e-01 1.564000e-03 4.495200e-02
735 9.536720e-01 1.532000e-03 4.479600e-02
736 9.538680e-01 1.472000e-03 4.466000e-02
737 9.540400e-01 1.428000e-03 4.453200e-02
738 9.541760e-01 1.424000e-03 4.440000e-02
739 9.544000e-01 1.460000e-03 4.414000e-02
740 9.545920e-01 1.448000e-03 4.396000e-02
741 9.548120e-01 1.412000e-03 4.377600e-02
742 9.549800e-01 1.400000e-03 4.362000e-02
743 9.552840e-01 1.324000e-03 4.339200e-02
744 9.555160e-01 1.228000e-03 4.325600e-02
745 9.558200e-01 1.172000e-03 4.300800e-02
746 9.560720e-01 1.172000e-03 4.275600e-02
747 9.563080e-01 1.180000e-03 4.251200e-02
748 9.565080e-01 1.152000e-03 4.234000e-02
749 9.567560e-01 1.160000e-03 4.208400e-02
750 9.569440e-01 1.164000e-03 4.189200e-02
751 9.571800e-01 1.224000e-03 4.159600e-02
752 9.573680e-01 1.284000e-03 4.134800e-02
753 9.575440e-01 1.336000e-03 4.112000e-02
754 9.577600e-01 1.284000e-03 4.095600e-02
755 9.578640e-01 1.276000e-03 4.086000e-02
756 9.580120e-01 1.268000e-03 4.072000e-02
757 9.583040e-01 1.316000e-03 4.038000e-02
758 9.584320e-01 1.392000e-03 4.017600e-02
759 9.585440e-01 1.376000e-03 4.008000e-02
760 9.586520e-01 1.292000e-03 4.005600e-02
761 9.587600e-01 1.280000e-03 3.996000e-02
762 9.588280e-01 1.236000e-03 3.993600e-02
763 9.590040e-01 1.232000e-03 3.976400e-02
764 9.591040e-01 1.224000e-03 3.967200e-02
765 9.593320e-01 1.220000e-03 3.944800e-02
766 9.595040e-01 1.240000e-03 3.925600e-02
767 9.596520e-01 1.272000e-03 3.907600e-02
768 9.597880e-01 1.304000e-03 3.890800e-02
769 9.599280e-01 1.308000e-03 3.876400e-02
770 9.600880e-01 1.352000e-03 3.856000e-02
771 9.602440e-01 1.368000e-03 3.838800e-02
772 9.603520e-01 1.416000e-03 3.823200e-02
773 9.605080e-01 1.420000e-03 3.807200e-02
774 9.606080e-01 1.456000e-03 3.793600e-02
775 9.607680e-01 1.436000e-03 3.779600e-02
776 9.608240e-01 1.500000e-03 3.767600e-02
777 9.608480e-01 1.572000e-03 3.758000e-02
778 9.609960e-01 1.508000e-03 3.749600e-02
779 9.611640e-01 1.492000e-03 3.734400e-02
780 9.612720e-01 1.536000e-03 3.719200e-02
781 9.612480e-01 1.592000e-03 3.716000e-02
782 9.612680e-01 1.632000e-03 3.710000e-02
783 9.613960e-01 1.600000e-03 3.700400e-02
784 9.614200e-01 1.588000e-03 3.699200e-02
785 9.615120e-01 1.664000e-03 3.682400e-02
786 9.616080e-01 1.724000e-03 3.666800e-02
787 9.615480e-01 1.868000e-03 3.658400e-02
788 9.615400e-01 1.916000e-03 3.654400e-02
789 9.615360e-01 1.968000e-03 3.649600e-02
790 9.614840e-01 1.992000e-03 3.652400e-02
791 9.615000e-01 1.996000e-03 3.650400e-02
792 9.613960e-01 2.076000e-03 3.652800e-02
793 9.613960e-01 2.048000e-03 3.655600e-02
794 9.614040e-01 2.008000e-03 3.658800e-02
795 9.613720e-01 2.064000e-03 3.656400e-02
796 9.613480e-01 2.028000e-03 3.662400e-02
797 9.613440e-01 1.964000e-03 3.669200e-02
798 9.614360e-01 1.908000e-03 3.665600e-02
799 9.614760e-01 1.924000e-03 3.660000e-02
800 9.614880e-01 1.984000e-03 3.652800e-02
801 9.614600e-01 2.084000e-03 3.645600e-02
802 9.613840e-01 2.120000e-03 3.649600e-02
803 9.613360e-01 2.212000e-03 3.645200e-02
804 9.612200e-01 2.380000e-03 3.640000e-02
805 9.611920e-01 2.364000e-03 3.644400e-02
806 9.611840e-01 2.236000e-03 3.658000e-02
807 9.611600e-01 2.288000e-03 3.655200e-02
808 9.610680e-01 2.308000e-03 3.662400e-02
809 9.610360e-01 2.200000e-03 3.676400e-02
810 9.610800e-01 2.120000e-03 3.680000e-02
811 9.610920e-01 2.140000e-03 3.676800e-02
812 9.610760e-01 2.252000e-03 3.667200e-02
813 9.611200e-01 2.200000e-03 3.668000e-02
814 9.611920e-01 2.128000e-03 3.668000e-02
815 9.611600e-01 2.192000e-03 3.664800e-02
816 9.610680e-01 2.268000e-03 3.666400e-02
817 9.611000e-01 2.292000e-03 3.660800e-02
818 9.610000e-01 2.292000e-03 3.670800e-02
819 9.608960e-01 2.316000e-03 3.678800e-02
820 9.608400e-01 2.284000e-03 3.687600e-02
821 9.608240e-01 2.368000e-03 3.680800e-02
822 9.608440e-01 2.444000e-03 3.671200e-02
823 9.607280e-01 2.504000e-03 3.676800e-02
824 9.606480e-01 2.488000e-03 3.686400e-02
825 9.604560e-01 2.572000e-03 3.697200e-02
826 9.604240e-01 2.544000e-03 3.703200e-02
827 9.602840e-01 2.688000e-03 3.702800e-02
828 9.601960e-01 2.704000e-03 3.710000e-02
829 9.600600e-01 2.740000e-03 3.720000e-02
830 9.598520e-01 2.812000e-03 3.733600e-02
831 9.597480e-01 2.804000e-03 3.744800e-02
832 9.597040e-01 2.848000e-03 3.744800e-02
833 9.595400e-01 2.728000e-03 3.773200e-02
834 9.595680e-01 2.628000e-03 3.780400e-02
835 9.594920e-01 2.516000e-03 3.799200e-02
836 9.595400e-01 2.496000e-03 3.796400e-02
837 9.596080e-01 2.396000e-03 3.799600e-02
838 9.595840e-01 2.344000e-03 3.807200e-02
839 9.595320e-01 2.356000e-03 3.811200e-02
840 9.595040e-01 2.308000e-03 3.818800e-02
841 9.594480e-01 2.356000e-03 3.819600e-02
842 9.594480e-01 2.340000e-03 3.821200e-02
843 9.595880e-01 2.268000e-03 3.814400e-02
844 9.595960e-01 2.144000e-03 3.826000e-02
845 9.596760e-01 2.060000e-03 3.826400e-02
846 9.597080e-01 2.044000e-03 3.824800e-02
847 9.598440e-01 1.916000e-03 3.824000e-02
848 9.599800e-01 1.828000e-03 3.819200e-02
849 9.600600e-01 1.804000e-03 3.813600e-02
850 9.601520e-01 1.740000e-03 3.810800e-02
851 9.601480e-01 1.864000e-03 3.798800e-02
852 9.603040e-01 1.816000e-03 3.788000e-02
853 9.604280e-01 1.768000e-03 3.780400e-02
854 9.605040e-01 1.712000e-03 3.778400e-02
855 9.605000e-01 1.768000e-03 3.773200e-02
856 9.605800e-01 1.724000e-03 3.769600e-02
857 9.606280e-01 1.744000e-03 3.762800e-02
858 9.607600e-01 1.748000e-03 3.749200e-02
859 9.607000e-01 1.812000e-03 3.748800e-02
860 9.606920e-01 1.848000e-03 3.746000e-02
861 9.607720e-01 1.768000e-03 3.746000e-02
862 9.608240e-01 1.756000e-03 3.742000e-02
863 9.608080e-01 1.820000e-03 3.737200e-02
864 9.608880e-01 1.840000e-03 3.727200e-02
865 9.610120e-01 1.852000e-03 3.713600e-02
866 9.609600e-01 1.868000e-03 3.717200e-02
867 9.610000e-01 1.888000e-03 3.711200e-02
868 9.611440e-01 1.812000e-03 3.704400e-02
869 9.612240e-01 1.748000e-03 3.702800e-02
870 9.613480e-01 1.716000e-03 3.693600e-02
871 9.614920e-01 1.672000e-03 3.683600e-02
872 9.615080e-01 1.720000e-03 3.677200e-02
873 9.614800e-01 1.808000e-03 3.671200e-02
874 9.614640e-01 1.880000e-03 3.665600e-02
875 9.614440e-01 1.924000e-03 3.663200e-02
876 9.613320e-01 2.000000e-03 3.666800e-02
877 9.613040e-01 1.960000e-03 3.673600e-02
878 9.613240e-01 2.028000e-03 3.664800e-02
879 9.612920e-01 2.036000e-03 3.667200e-02
880 9.611680e-01 2.076000e-03 3.675600e-02
881 9.610680e-01 2.220000e-03 3.671200e-02
882 9.610800e-01 2.228000e-03 3.669200e-02
883 9.610480e-01 2.204000e-03 3.674800e-02
884 9.610680e-01 2.180000e-03 3.675200e-02
885 9.611120e-01 2.120000e-03 3.676800e-02
886 9.611840e-01 2.056000e-03 3.676000e-02
887 9.611240e-01 2.140000e-03 3.673600e-02
888 9.611080e-01 2.132000e-03 3.676000e-02
889 9.610480e-01 2.192000e-03 3.676000e-02
890 9.609520e-01 2.188000e-03 3.686000e-02
891 9.609400e-01 2.256000e-03 3.680400e-02
892 9.610120e-01 2.160000e-03 3.682800e-02
893 9.609960e-01 2.264000e-03 3.674000e-02
894 9.609280e-01 2.336000e-03 3.673600e-02
895 9.609400e-01 2.292000e-03 3.676800e-02
896 9.608560e-01 2.244000e-03 3.690000e-02
897 9.608600e-01 2.276000e-03 3.686400e-02
898 9.608000e-01 2.296000e-03 3.690400e-02
899 9.607040e-01 2.288000e-03 3.700800e-02
900 9.606320e-01 2.320000e-03 3.704800e-02
901 9.606200e-01 2.336000e-03 3.704400e-02
902 9.606880e-01 2.308000e-03 3.700400e-02
903 9.606080e-01 2.388000e-03 3.700400e-02
904 9.605880e-01 2.388000e-03 3.702400e-02
905 9.605680e-01 2.480000e-03 3.695200e-02
906 9.605080e-01 2.488000e-03 3.700400e-02
907 9.605000e-01 2.376000e-03 3.712400e-02
908 9.604640e-01 2.328000e-03 3.720800e-02
909 9.605160e-01 2.380000e-03 3.710400e-02
910 9.606440e-01 2.308000e-03 3.704800e-02
911 9.606360e-01 2.280000e-03 3.708400e-02
912 9.606120e-01 2.248000e-03 3.714000e-02
913 9.606840e-01 2.204000e-03 3.711200e-02
914 9.608160e-01 2.088000e-03 3.709600e-02
915 9.608800e-01 2.040000e-03 3.708000e-02
916 9.610240e-01 1.932000e-03 3.704400e-02
917 9.611280e-01 1.856000e-03 3.701600e-02
918 9.612240e-01 1.852000e-03 3.692400e-02
919 9.612480e-01 1.880000e-03 3.687200e-02
920 9.612800e-01 1.928000e-03 3.679200e-02
921 9.613400e-01 1.900000e-03 3.676000e-02
922 9.614280e-01 1.832000e-03 3.674000e-02
923 9.615200e-01 1.732000e-03 3.674800e-02
924 9.615080e-01 1.788000e-03 3.670400e-02
925 9.616000e-01 1.844000e-03 3.655600e-02
926 9.616480e-01 1.816000e-03 3.653600e-02
927 9.616440e-01 1.800000e-03 3.655600e-02
928 9.616240e-01 1.824000e-03 3.655200e-02
929 9.616200e-01 1.976000e-03 3.640400e-02
930 9.615360e-01 2.068000e-03 3.639600e-02
931 9.615720e-01 2.036000e-03 3.639200e-02
932 9.615000e-01 2.064000e-03 3.643600e-02
