1 9.992240e-01 6.760000e-04 1.000000e-04
2 9.987960e-01 9.960000e-04 2.080000e-04
3 9.980800e-01 1.468000e-03 4.520000e-04
4 9.973000e-01 1.968000e-03 7.320000e-04
5 9.964720e-01 2.408000e-03 1.120000e-03
6 9.956640e-01 2.752000e-03 1.584000e-03
7 9.948480e-01 3.004000e-03 2.148000e-03
8 9.940280e-01 3.304000e-03 2.668000e-03
9 9.932440e-01 3.572000e-03 3.184000e-03
10 9.922760e-01 3.968000e-03 3.756000e-03
11 9.914440e-01 4.116000e-03 4.440000e-03
12 9.905960e-01 4.288000e-03 5.116000e-03
13 9.896760e-01 4.456000e-03 5.868000e-03
14 9.887400e-01 4.656000e-03 6.604000e-03
15 9.879160e-01 4.732000e-03 7.352000e-03
16 9.869600e-01 4.916000e-03 8.124000e-03
17 9.858840e-01 5.268000e-03 8.848000e-03
18 9.848720e-01 5.520000e-03 9.608000e-03
19 9.837600e-01 5.836000e-03 1.040400e-02
20 9.827040e-01 5.884000e-03 1.141200e-02
21 9.815840e-01 6.148000e-03 1.226800e-02
22 9.804080e-01 6.448000e-03 1.314400e-02
23 9.791520e-01 6.684000e-03 1.416400e-02
24 9.778120e-01 7.080000e-03 1.510800e-02
25 9.764640e-01 7.276000e-03 1.626000e-02
26 9.752360e-01 7.436000e-03 1.732800e-02
27 9.740680e-01 7.416000e-03 1.851600e-02
28 9.727080e-01 7.736000e-03 1.955600e-02
29 9.712920e-01 8.032000e-03 2.067600e-02
30 9.699240e-01 8.320000e-03 2.175600e-02
31 9.685760e-01 8.512000e-03 2.291200e-02
32 9.671280e-01 8.840000e-03 2.403200e-02
33 9.656440e-01 8.972000e-03 2.538400e-02
34 9.643280e-01 8.944000e-03 2.672800e-02
35 9.631440e-01 8.960000e-03 2.789600e-02
36 9.617840e-01 9.192000e-03 2.902400e-02
37 9.604400e-01 9.412000e-03 3.014800e-02
38 9.591120e-01 9.412000e-03 3.147600e-02
39 9.576680e-01 9.648000e-03 3.268400e-02
40 9.563320e-01 9.520000e-03 3.414800e-02
41 9.550880e-01 9.476000e-03 3.543600e-02
42 9.537560e-01 9.628000e-03 3.661600e-02
43 9.524280e-01 9.740000e-03 3.783200e-02
44 9.510160e-01 1.002400e-02 3.896000e-02
45 9.496440e-01 1.011600e-02 4.024000e-02
46 9.483400e-01 1.011200e-02 4.154800e-02
47 9.470560e-01 1.006800e-02 4.287600e-02
48 9.458280e-01 1.009200e-02 4.408000e-02
49 9.447000e-01 9.940000e-03 4.536000e-02
50 9.434960e-01 9.892000e-03 4.661200e-02
51 9.422400e-01 9.904000e-03 4.785600e-02
52 9.411000e-01 9.872000e-03 4.902800e-02
53 9.401280e-01 9.676000e-03 5.019600e-02
54 9.389880e-01 9.904000e-03 5.110800e-02
55 9.377600e-01 9.952000e-03 5.228800e-02
56 9.363360e-01 1.013200e-02 5.353200e-02
57 9.350280e-01 1.016800e-02 5.480400e-02
58 9.337800e-01 1.031200e-02 5.590800e-02
59 9.326880e-01 1.014000e-02 5.717200e-02
60 9.314240e-01 1.038800e-02 5.818800e-02
61 9.301520e-01 1.060400e-02 5.924400e-02
62 9.288240e-01 1.081200e-02 6.036400e-02
63 9.277200e-01 1.073200e-02 6.154800e-02
64 9.265800e-01 1.064800e-02 6.277200e-02
65 9.255160e-01 1.056400e-02 6.392000e-02
66 9.243800e-01 1.069600e-02 6.492400e-02
67 9.232200e-01 1.085600e-02 6.592400e-02
68 9.221200e-01 1.084400e-02 6.703600e-02
69 9.209840e-01 1.084800e-02 6.816800e-02
70 9.197640e-01 1.091600e-02 6.932000e-02
71 9.186480e-01 1.098400e-02 7.036800e-02
72 9.176000e-01 1.086000e-02 7.154000e-02
73 9.163840e-01 1.088800e-02 7.272800e-02
74 9.152320e-01 1.094000e-02 7.382800e-02
75 9.139280e-01 1.123200e-02 7.484000e-02
76 9.127040e-01 1.134800e-02 7.594800e-02
77 9.116160e-01 1.135200e-02 7.703200e-02
78 9.105080e-01 1.119600e-02 7.829600e-02
79 9.094720e-01 1.130000e-02 7.922800e-02
80 9.083720e-01 1.120800e-02 8.042000e-02
81 9.072440e-01 1.119600e-02 8.156000e-02
82 9.060400e-01 1.117600e-02 8.278400e-02
83 9.049680e-01 1.117200e-02 8.386000e-02
84 9.039240e-01 1.124000e-02 8.483600e-02
85 9.030000e-01 1.130800e-02 8.569200e-02
86 9.019520e-01 1.146800e-02 8.658000e-02
87 9.010040e-01 1.149600e-02 8.750000e-02
88 8.998800e-01 1.156400e-02 8.855600e-02
89 8.987280e-01 1.167600e-02 8.959600e-02
90 8.976760e-01 1.160000e-02 9.072400e-02
91 8.965280e-01 1.162800e-02 9.184400e-02
92 8.952800e-01 1.178800e-02 9.293200e-02
93 8.942000e-01 1.202400e-02 9.377600e-02
94 8.930200e-01 1.213600e-02 9.484400e-02
95 8.919200e-01 1.215600e-02 9.592400e-02
96 8.909440e-01 1.203200e-02 9.702400e-02
97 8.898520e-01 1.214400e-02 9.800400e-02
98 8.887560e-01 1.210800e-02 9.913600e-02
99 8.876880e-01 1.232400e-02 9.998800e-02
100 8.866680e-01 1.213600e-02 1.011960e-01
101 8.858000e-01 1.206000e-02 1.021400e-01
102 8.847520e-01 1.209200e-02 1.031560e-01
103 8.838440e-01 1.204000e-02 1.041160e-01
104 8.828360e-01 1.203200e-02 1.051320e-01
105 8.818680e-01 1.202800e-02 1.061040e-01
106 8.808560e-01 1.215600e-02 1.069880e-01
107 8.799440e-01 1.213600e-02 1.079200e-01
108 8.791000e-01 1.202800e-02 1.088720e-01
109 8.781840e-01 1.196000e-02 1.098560e-01
110 8.771040e-01 1.208000e-02 1.108160e-01
111 8.763480e-01 1.196800e-02 1.116840e-01
112 8.753800e-01 1.196000e-02 1.126600e-01
113 8.746560e-01 1.180800e-02 1.135360e-01
114 8.739080e-01 1.172400e-02 1.143680e-01
115 8.732120e-01 1.156000e-02 1.152280e-01
116 8.726320e-01 1.144000e-02 1.159280e-01
117 8.716800e-01 1.153600e-02 1.167840e-01
118 8.711720e-01 1.138000e-02 1.174480e-01
119 8.705400e-01 1.128000e-02 1.181800e-01
120 8.697720e-01 1.158800e-02 1.186400e-01
121 8.691600e-01 1.171600e-02 1.191240e-01
122 8.685080e-01 1.173200e-02 1.197600e-01
123 8.680120e-01 1.152800e-02 1.204600e-01
124 8.673400e-01 1.138000e-02 1.212800e-01
125 8.665200e-01 1.138400e-02 1.220960e-01
126 8.658160e-01 1.121600e-02 1.229680e-01
127 8.650600e-01 1.142000e-02 1.235200e-01
128 8.643200e-01 1.146400e-02 1.242160e-01
129 8.638000e-01 1.139600e-02 1.248040e-01
130 8.631840e-01 1.127200e-02 1.255440e-01
131 8.625360e-01 1.124400e-02 1.262200e-01
132 8.618520e-01 1.142800e-02 1.267200e-01
133 8.608880e-01 1.162000e-02 1.274920e-01
134 8.601280e-01 1.154400e-02 1.283280e-01
135 8.594360e-01 1.158000e-02 1.289840e-01
136 8.588240e-01 1.154400e-02 1.296320e-01
137 8.583000e-01 1.148400e-02 1.302160e-01
138 8.577120e-01 1.145200e-02 1.308360e-01
139 8.571720e-01 1.141600e-02 1.314120e-01
140 8.566320e-01 1.151600e-02 1.318520e-01
141 8.561080e-01 1.154000e-02 1.323520e-01
142 8.554160e-01 1.156000e-02 1.330240e-01
143 8.547480e-01 1.146000e-02 1.337920e-01
144 8.541000e-01 1.138000e-02 1.345200e-01
145 8.536840e-01 1.124000e-02 1.350760e-01
146 8.528720e-01 1.146400e-02 1.356640e-01
147 8.521480e-01 1.140000e-02 1.364520e-01
148 8.514880e-01 1.152400e-02 1.369880e-01
149 8.509800e-01 1.124000e-02 1.377800e-01
150 8.504880e-01 1.122000e-02 1.382920e-01
151 8.500920e-01 1.128400e-02 1.386240e-01
152 8.496120e-01 1.134800e-02 1.390400e-01
153 8.492640e-01 1.118400e-02 1.395520e-01
154 8.487200e-01 1.127600e-02 1.400040e-01
155 8.482360e-01 1.122400e-02 1.405400e-01
156 8.477160e-01 1.125600e-02 1.410280e-01
157 8.475160e-01 1.103600e-02 1.414480e-01
158 8.469720e-01 1.095600e-02 1.420720e-01
159 8.465480e-01 1.089600e-02 1.425560e-01
160 8.461920e-01 1.091600e-02 1.428920e-01
161 8.457960e-01 1.096000e-02 1.432440e-01
162 8.454440e-01 1.085200e-02 1.437040e-01
163 8.450080e-01 1.091600e-02 1.440760e-01
164 8.447240e-01 1.080400e-02 1.444720e-01
165 8.446360e-01 1.062000e-02 1.447440e-01
166 8.442720e-01 1.058400e-02 1.451440e-01
167 8.438640e-01 1.062800e-02 1.455080e-01
168 8.436120e-01 1.056800e-02 1.458200e-01
169 8.431800e-01 1.047200e-02 1.463480e-01
170 8.429480e-01 1.038400e-02 1.466680e-01
171 8.427840e-01 1.029600e-02 1.469200e-01
172 8.425360e-01 1.033600e-02 1.471280e-01
173 8.423360e-01 1.030400e-02 1.473600e-01
174 8.420720e-01 1.018400e-02 1.477440e-01
175 8.418400e-01 1.026800e-02 1.478920e-01
176 8.417880e-01 1.010800e-02 1.481040e-01
177 8.415240e-01 1.016400e-02 1.483120e-01
178 8.413640e-01 1.011200e-02 1.485240e-01
179 8.411240e-01 1.019200e-02 1.486840e-01
180 8.410400e-01 1.014800e-02 1.488120e-01
181 8.406360e-01 1.032000e-02 1.490440e-01
182 8.405920e-01 9.904000e-03 1.495040e-01
183 8.406000e-01 9.764000e-03 1.496360e-01
184 8.404360e-01 9.624000e-03 1.499400e-01
185 8.402040e-01 9.804000e-03 1.499920e-01
186 8.400360e-01 9.772000e-03 1.501920e-01
187 8.397720e-01 9.860000e-03 1.503680e-01
188 8.394760e-01 1.006800e-02 1.504560e-01
189 8.393200e-01 9.956000e-03 1.507240e-01
190 8.392040e-01 9.932000e-03 1.508640e-01
191 8.390400e-01 9.984000e-03 1.509760e-01
192 8.387840e-01 1.011200e-02 1.511040e-01
193 8.385440e-01 1.009200e-02 1.513640e-01
194 8.383640e-01 9.944000e-03 1.516920e-01
195 8.381400e-01 1.008800e-02 1.517720e-01
196 8.381000e-01 9.744000e-03 1.521560e-01
197 8.381520e-01 9.720000e-03 1.521280e-01
198 8.381080e-01 9.780000e-03 1.521120e-01
199 8.382080e-01 9.608000e-03 1.521840e-01
200 8.382400e-01 9.588000e-03 1.521720e-01
201 8.379800e-01 9.572000e-03 1.524480e-01
202 8.378320e-01 9.496000e-03 1.526720e-01
203 8.377680e-01 9.428000e-03 1.528040e-01
204 8.376280e-01 9.380000e-03 1.529920e-01
205 8.375640e-01 9.384000e-03 1.530520e-01
206 8.375000e-01 9.380000e-03 1.531200e-01
207 8.375000e-01 9.332000e-03 1.531680e-01
208 8.374200e-01 9.464000e-03 1.531160e-01
209 8.374080e-01 9.380000e-03 1.532120e-01
210 8.374000e-01 9.352000e-03 1.532480e-01
211 8.373920e-01 9.456000e-03 1.531520e-01
212 8.371320e-01 9.412000e-03 1.534560e-01
213 8.371040e-01 9.380000e-03 1.535160e-01
214 8.370800e-01 9.400000e-03 1.535200e-01
215 8.372680e-01 9.332000e-03 1.534000e-01
216 8.374200e-01 9.184000e-03 1.533960e-01
217 8.373880e-01 9.212000e-03 1.534000e-01
218 8.374320e-01 9.384000e-03 1.531840e-01
219 8.374120e-01 9.348000e-03 1.532400e-01
220 8.374240e-01 9.236000e-03 1.533400e-01
221 8.373520e-01 9.308000e-03 1.533400e-01
222 8.373680e-01 9.208000e-03 1.534240e-01
223 8.373600e-01 9.080000e-03 1.535600e-01
224 8.374040e-01 8.996000e-03 1.536000e-01
225 8.373960e-01 9.020000e-03 1.535840e-01
226 8.374400e-01 8.964000e-03 1.535960e-01
227 8.373360e-01 9.024000e-03 1.536400e-01
228 8.371840e-01 9.212000e-03 1.536040e-01
229 8.372240e-01 9.072000e-03 1.537040e-01
230 8.373200e-01 9.024000e-03 1.536560e-01
231 8.373000e-01 9.012000e-03 1.536880e-01
232 8.372720e-01 9.060000e-03 1.536680e-01
233 8.375080e-01 8.896000e-03 1.535960e-01
234 8.376080e-01 8.788000e-03 1.536040e-01
235 8.375520e-01 8.824000e-03 1.536240e-01
236 8.375880e-01 8.912000e-03 1.535000e-01
237 8.376080e-01 9.016000e-03 1.533760e-01
238 8.377600e-01 8.904000e-03 1.533360e-01
239 8.378160e-01 8.924000e-03 1.532600e-01
240 8.376360e-01 8.900000e-03 1.534640e-01
241 8.378080e-01 8.748000e-03 1.534440e-01
242 8.379360e-01 8.616000e-03 1.534480e-01
243 8.380880e-01 8.356000e-03 1.535560e-01
244 8.381920e-01 8.308000e-03 1.535000e-01
245 8.382680e-01 8.240000e-03 1.534920e-01
246 8.384800e-01 8.024000e-03 1.534960e-01
247 8.386680e-01 8.020000e-03 1.533120e-01
248 8.388000e-01 7.944000e-03 1.532560e-01
249 8.391080e-01 7.700000e-03 1.531920e-01
250 8.392600e-01 7.732000e-03 1.530080e-01
251 8.393040e-01 7.824000e-03 1.528720e-01
252 8.394440e-01 7.688000e-03 1.528680e-01
253 8.396120e-01 7.716000e-03 1.526720e-01
254 8.397920e-01 7.844000e-03 1.523640e-01
255 8.399240e-01 7.852000e-03 1.522240e-01
256 8.398920e-01 7.904000e-03 1.522040e-01
257 8.400360e-01 7.796000e-03 1.521680e-01
258 8.404840e-01 7.640000e-03 1.518760e-01
259 8.406240e-01 7.696000e-03 1.516800e-01
260 8.406680e-01 7.732000e-03 1.516000e-01
261 8.409440e-01 7.548000e-03 1.515080e-01
262 8.412000e-01 7.548000e-03 1.512520e-01
263 8.415280e-01 7.380000e-03 1.510920e-01
264 8.419360e-01 7.328000e-03 1.507360e-01
265 8.424160e-01 7.264000e-03 1.503200e-01
266 8.426560e-01 7.308000e-03 1.500360e-01
267 8.427960e-01 7.420000e-03 1.497840e-01
268 8.428800e-01 7.676000e-03 1.494440e-01
269 8.427640e-01 7.864000e-03 1.493720e-01
270 8.430160e-01 7.684000e-03 1.493000e-01
271 8.433400e-01 7.508000e-03 1.491520e-01
272 8.437080e-01 7.348000e-03 1.489440e-01
273 8.439120e-01 7.344000e-03 1.487440e-01
274 8.440440e-01 7.404000e-03 1.485520e-01
275 8.443280e-01 7.296000e-03 1.483760e-01
276 8.443080e-01 7.476000e-03 1.482160e-01
277 8.444600e-01 7.664000e-03 1.478760e-01
278 8.447440e-01 7.620000e-03 1.476360e-01
279 8.449120e-01 7.552000e-03 1.475360e-01
280 8.452240e-01 7.524000e-03 1.472520e-01
281 8.455880e-01 7.520000e-03 1.468920e-01
282 8.456920e-01 7.540000e-03 1.467680e-01
283 8.460000e-01 7.460000e-03 1.465400e-01
284 8.460880e-01 7.352000e-03 1.465600e-01
285 8.461680e-01 7.420000e-03 1.464120e-01
286 8.462160e-01 7.336000e-03 1.464480e-01
287 8.463800e-01 7.468000e-03 1.461520e-01
288 8.464200e-01 7.576000e-03 1.460040e-01
289 8.464800e-01 7.596000e-03 1.459240e-01
290 8.465960e-01 7.608000e-03 1.457960e-01
291 8.468160e-01 7.436000e-03 1.457480e-01
292 8.469120e-01 7.432000e-03 1.456560e-01
293 8.471000e-01 7.388000e-03 1.455120e-01
294 8.473640e-01 7.324000e-03 1.453120e-01
295 8.476160e-01 7.332000e-03 1.450520e-01
296 8.477680e-01 7.276000e-03 1.449560e-01
297 8.479600e-01 7.284000e-03 1.447560e-01
298 8.482600e-01 7.196000e-03 1.445440e-01
299 8.485160e-01 7.088000e-03 1.443960e-01
300 8.489040e-01 6.916000e-03 1.441800e-01
301 8.491120e-01 6.724000e-03 1.441640e-01
302 8.493160e-01 6.700000e-03 1.439840e-01
303 8.495560e-01 6.588000e-03 1.438560e-01
304 8.498080e-01 6.620000e-03 1.435720e-01
305 8.500000e-01 6.644000e-03 1.433560e-01
306 8.501800e-01 6.656000e-03 1.431640e-01
307 8.504120e-01 6.580000e-03 1.430080e-01
308 8.506800e-01 6.584000e-03 1.427360e-01
309 8.508400e-01 6.544000e-03 1.426160e-01
310 8.511160e-01 6.428000e-03 1.424560e-01
311 8.512440e-01 6.488000e-03 1.422680e-01
312 8.515160e-01 6.540000e-03 1.419440e-01
313 8.517880e-01 6.584000e-03 1.416280e-01
314 8.520560e-01 6.624000e-03 1.413200e-01
315 8.522960e-01 6.692000e-03 1.410120e-01
316 8.525520e-01 6.708000e-03 1.407400e-01
317 8.528240e-01 6.592000e-03 1.405840e-01
318 8.530680e-01 6.624000e-03 1.403080e-01
319 8.532680e-01 6.600000e-03 1.401320e-01
320 8.535160e-01 6.460000e-03 1.400240e-01
321 8.536560e-01 6.576000e-03 1.397680e-01
322 8.538400e-01 6.656000e-03 1.395040e-01
323 8.541040e-01 6.492000e-03 1.394040e-01
324 8.545120e-01 6.324000e-03 1.391640e-01
325 8.548840e-01 6.280000e-03 1.388360e-01
326 8.553440e-01 6.056000e-03 1.386000e-01
327 8.557600e-01 6.016000e-03 1.382240e-01
328 8.561240e-01 5.916000e-03 1.379600e-01
329 8.562920e-01 5.964000e-03 1.377440e-01
330 8.565960e-01 6.000000e-03 1.374040e-01
331 8.569080e-01 5.888000e-03 1.372040e-01
332 8.572240e-01 5.768000e-03 1.370080e-01
333 8.574520e-01 5.900000e-03 1.366480e-01
334 8.578320e-01 5.848000e-03 1.363200e-01
335 8.581400e-01 5.856000e-03 1.360040e-01
336 8.584560e-01 5.720000e-03 1.358240e-01
337 8.589200e-01 5.628000e-03 1.354520e-01
338 8.591280e-01 5.832000e-03 1.350400e-01
339 8.593920e-01 5.748000e-03 1.348600e-01
340 8.597720e-01 5.668000e-03 1.345600e-01
341 8.600200e-01 5.748000e-03 1.342320e-01
342 8.604080e-01 5.592000e-03 1.340000e-01
343 8.607880e-01 5.532000e-03 1.336800e-01
344 8.612640e-01 5.508000e-03 1.332280e-01
345 8.616640e-01 5.452000e-03 1.328840e-01
346 8.620240e-01 5.372000e-03 1.326040e-01
347 8.623320e-01 5.448000e-03 1.322200e-01
348 8.627160e-01 5.352000e-03 1.319320e-01
349 8.632680e-01 5.272000e-03 1.314600e-01
350 8.637760e-01 5.232000e-03 1.309920e-01
351 8.640960e-01 5.244000e-03 1.306600e-01
352 8.644320e-01 5.264000e-03 1.303040e-01
353 8.648200e-01 5.164000e-03 1.300160e-01
354 8.653320e-01 5.108000e-03 1.295600e-01
355 8.655600e-01 5.176000e-03 1.292640e-01
356 8.657760e-01 5.288000e-03 1.289360e-01
357 8.661160e-01 5.344000e-03 1.285400e-01
358 8.666760e-01 5.080000e-03 1.282440e-01
359 8.670840e-01 5.040000e-03 1.278760e-01
360 8.674680e-01 5.092000e-03 1.274400e-01
361 8.676320e-01 5.180000e-03 1.271880e-01
362 8.677160e-01 5.360000e-03 1.269240e-01
363 8.678400e-01 5.384000e-03 1.267760e-01
364 8.679200e-01 5.592000e-03 1.264880e-01
365 8.681360e-01 5.696000e-03 1.261680e-01
366 8.682360e-01 5.856000e-03 1.259080e-01
367 8.685880e-01 5.748000e-03 1.256640e-01
368 8.687560e-01 5.760000e-03 1.254840e-01
369 8.689640e-01 5.724000e-03 1.253120e-01
370 8.692960e-01 5.700000e-03 1.250040e-01
371 8.696680e-01 5.824000e-03 1.245080e-01
372 8.698880e-01 5.876000e-03 1.242360e-01
373 8.701160e-01 5.896000e-03 1.239880e-01
374 8.702360e-01 6.032000e-03 1.237320e-01
375 8.704920e-01 5.932000e-03 1.235760e-01
376 8.707600e-01 5.868000e-03 1.233720e-01
377 8.710280e-01 5.892000e-03 1.230800e-01
378 8.712280e-01 5.900000e-03 1.228720e-01
379 8.715040e-01 5.920000e-03 1.225760e-01
380 8.716560e-01 5.968000e-03 1.223760e-01
381 8.719120e-01 5.860000e-03 1.222280e-01
382 8.721360e-01 5.784000e-03 1.220800e-01
383 8.724240e-01 5.524000e-03 1.220520e-01
384 8.727000e-01 5.480000e-03 1.218200e-01
385 8.729600e-01 5.468000e-03 1.215720e-01
386 8.732720e-01 5.388000e-03 1.213400e-01
387 8.737760e-01 5.208000e-03 1.210160e-01
388 8.741400e-01 5.088000e-03 1.207720e-01
389 8.745240e-01 5.096000e-03 1.203800e-01
390 8.748720e-01 4.912000e-03 1.202160e-01
391 8.752040e-01 4.768000e-03 1.200280e-01
392 8.755600e-01 4.604000e-03 1.198360e-01
393 8.758880e-01 4.672000e-03 1.194400e-01
394 8.761320e-01 4.596000e-03 1.192720e-01
395 8.765640e-01 4.508000e-03 1.189280e-01
396 8.768560e-01 4.572000e-03 1.185720e-01
397 8.771360e-01 4.580000e-03 1.182840e-01
398 8.774920e-01 4.484000e-03 1.180240e-01
399 8.777760e-01 4.528000e-03 1.176960e-01
400 8.781120e-01 4.540000e-03 1.173480e-01
401 8.784720e-01 4.596000e-03 1.169320e-01
402 8.789520e-01 4.560000e-03 1.164880e-01
403 8.793120e-01 4.460000e-03 1.162280e-01
404 8.797240e-01 4.504000e-03 1.157720e-01
405 8.800560e-01 4.412000e-03 1.155320e-01
406 8.804800e-01 4.452000e-03 1.150680e-01
407 8.808120e-01 4.504000e-03 1.146840e-01
408 8.812440e-01 4.440000e-03 1.143160e-01
409 8.814240e-01 4.564000e-03 1.140120e-01
410 8.816600e-01 4.512000e-03 1.138280e-01
411 8.820040e-01 4.448000e-03 1.135480e-01
412 8.824040e-01 4.320000e-03 1.132760e-01
413 8.829560e-01 4.284000e-03 1.127600e-01
414 8.833560e-01 4.140000e-03 1.125040e-01
415 8.837440e-01 4.040000e-03 1.122160e-01
416 8.841520e-01 4.084000e-03 1.117640e-01
417 8.845600e-01 3.956000e-03 1.114840e-01
418 8.849200e-01 3.984000e-03 1.110960e-01
419 8.854040e-01 3.944000e-03 1.106520e-01
420 8.858880e-01 3.848000e-03 1.102640e-01
421 8.863320e-01 3.828000e-03 1.098400e-01
422 8.867520e-01 3.812000e-03 1.094360e-01
423 8.871880e-01 3.788000e-03 1.090240e-01
424 8.875600e-01 3.688000e-03 1.087520e-01
425 8.879120e-01 3.676000e-03 1.084120e-01
426 8.882760e-01 3.652000e-03 1.080720e-01
427 8.887000e-01 3.636000e-03 1.076640e-01
428 8.890400e-01 3.620000e-03 1.073400e-01
429 8.895000e-01 3.676000e-03 1.068240e-01
430 8.899400e-01 3.724000e-03 1.063360e-01
431 8.902840e-01 3.840000e-03 1.058760e-01
432 8.905760e-01 3.928000e-03 1.054960e-01
433 8.908760e-01 3.888000e-03 1.052360e-01
434 8.911800e-01 3.840000e-03 1.049800e-01
435 8.915600e-01 3.860000e-03 1.045800e-01
436 8.919720e-01 3.860000e-03 1.041680e-01
437 8.923480e-01 3.852000e-03 1.038000e-01
438 8.926280e-01 3.968000e-03 1.034040e-01
439 8.928760e-01 3.936000e-03 1.031880e-01
440 8.931080e-01 4.060000e-03 1.028320e-01
441 8.935960e-01 3.996000e-03 1.024080e-01
442 8.938360e-01 4.116000e-03 1.020480e-01
443 8.940600e-01 4.196000e-03 1.017440e-01
444 8.944160e-01 4.112000e-03 1.014720e-01
445 8.946800e-01 4.092000e-03 1.012280e-01
446 8.948680e-01 4.180000e-03 1.009520e-01
447 8.951840e-01 4.172000e-03 1.006440e-01
448 8.954400e-01 4.084000e-03 1.004760e-01
449 8.956760e-01 4.096000e-03 1.002280e-01
450 8.960320e-01 4.060000e-03 9.990800e-02
451 8.964840e-01 3.876000e-03 9.964000e-02
452 8.968560e-01 3.796000e-03 9.934800e-02
453 8.971920e-01 3.752000e-03 9.905600e-02
454 8.974880e-01 3.784000e-03 9.872800e-02
455 8.977600e-01 3.820000e-03 9.842000e-02
456 8.980080e-01 3.824000e-03 9.816800e-02
457 8.982680e-01 3.732000e-03 9.800000e-02
458 8.985560e-01 3.788000e-03 9.765600e-02
459 8.987520e-01 3.812000e-03 9.743600e-02
460 8.989240e-01 3.824000e-03 9.725200e-02
461 8.991480e-01 3.896000e-03 9.695600e-02
462 8.994120e-01 3.900000e-03 9.668800e-02
463 8.997400e-01 3.848000e-03 9.641200e-02
464 9.000360e-01 3.740000e-03 9.622400e-02
465 9.002720e-01 3.748000e-03 9.598000e-02
466 9.005760e-01 3.800000e-03 9.562400e-02
467 9.009480e-01 3.788000e-03 9.526400e-02
468 9.014080e-01 3.720000e-03 9.487200e-02
469 9.016600e-01 3.716000e-03 9.462400e-02
470 9.019640e-01 3.588000e-03 9.444800e-02
471 9.022800e-01 3.524000e-03 9.419600e-02
472 9.026920e-01 3.496000e-03 9.381200e-02
473 9.030640e-01 3.432000e-03 9.350400e-02
474 9.034480e-01 3.444000e-03 9.310800e-02
475 9.037560e-01 3.388000e-03 9.285600e-02
476 9.040640e-01 3.464000e-03 9.247200e-02
477 9.043400e-01 3.496000e-03 9.216400e-02
478 9.046680e-01 3.432000e-03 9.190000e-02
479 9.048120e-01 3.552000e-03 9.163600e-02
480 9.051720e-01 3.512000e-03 9.131600e-02
481 9.054680e-01 3.448000e-03 9.108400e-02
482 9.058160e-01 3.416000e-03 9.076800e-02
483 9.061200e-01 3.520000e-03 9.036000e-02
484 9.063640e-01 3.516000e-03 9.012000e-02
485 9.065880e-01 3.500000e-03 8.991200e-02
486 9.069040e-01 3.532000e-03 8.956400e-02
487 9.071120e-01 3.608000e-03 8.928000e-02
488 9.074520e-01 3.540000e-03 8.900800e-02
489 9.077320e-01 3.456000e-03 8.881200e-02
490 9.080600e-01 3.420000e-03 8.852000e-02
491 9.083640e-01 3.500000e-03 8.813600e-02
492 9.085800e-01 3.580000e-03 8.784000e-02
493 9.086200e-01 3.760000e-03 8.762000e-02
494 9.087240e-01 3.868000e-03 8.740800e-02
495 9.088480e-01 3.808000e-03 8.734400e-02
496 9.090600e-01 3.800000e-03 8.714000e-02
497 9.091400e-01 3.784000e-03 8.707600e-02
498 9.094080e-01 3.760000e-03 8.683200e-02
499 9.096400e-01 3.744000e-03 8.661600e-02
500 9.098720e-01 3.616000e-03 8.651200e-02
501 9.101080e-01 3.564000e-03 8.632800e-02
502 9.104480e-01 3.464000e-03 8.608800e-02
503 9.106000e-01 3.576000e-03 8.582400e-02
504 9.107200e-01 3.660000e-03 8.562000e-02
505 9.110760e-01 3.620000e-03 8.530400e-02
506 9.113040e-01 3.612000e-03 8.508400e-02
507 9.115000e-01 3.620000e-03 8.488000e-02
508 9.117440e-01 3.560000e-03 8.469600e-02
509 9.119640e-01 3.452000e-03 8.458400e-02
510 9.122640e-01 3.352000e-03 8.438400e-02
511 9.124800e-01 3.420000e-03 8.410000e-02
512 9.127280e-01 3.480000e-03 8.379200e-02
513 9.130120e-01 3.564000e-03 8.342400e-02
514 9.132000e-01 3.556000e-03 8.324400e-02
515 9.134280e-01 3.460000e-03 8.311200e-02
516 9.135720e-01 3.464000e-03 8.296400e-02
517 9.137840e-01 3.436000e-03 8.278000e-02
518 9.141560e-01 3.340000e-03 8.250400e-02
519 9.144960e-01 3.264000e-03 8.224000e-02
520 9.147320e-01 3.260000e-03 8.200800e-02
521 9.148880e-01 3.316000e-03 8.179600e-02
522 9.150040e-01 3.420000e-03 8.157600e-02
523 9.151720e-01 3.508000e-03 8.132000e-02
524 9.152680e-01 3.644000e-03 8.108800e-02
525 9.153160e-01 3.712000e-03 8.097200e-02
526 9.155080e-01 3.780000e-03 8.071200e-02
527 9.154200e-01 3.912000e-03 8.066800e-02
528 9.155600e-01 3.976000e-03 8.046400e-02
529 9.155800e-01 4.040000e-03 8.038000e-02
530 9.156960e-01 3.992000e-03 8.031200e-02
531 9.156200e-01 4.044000e-03 8.033600e-02
532 9.158000e-01 3.916000e-03 8.028400e-02
533 9.160120e-01 3.976000e-03 8.001200e-02
534 9.162160e-01 3.936000e-03 7.984800e-02
535 9.163240e-01 3.920000e-03 7.975600e-02
536 9.163760e-01 3.960000e-03 7.966400e-02
537 9.163320e-01 4.024000e-03 7.964400e-02
538 9.164560e-01 3.948000e-03 7.959600e-02
539 9.164960e-01 4.012000e-03 7.949200e-02
540 9.166000e-01 3.944000e-03 7.945600e-02
541 9.166640e-01 4.004000e-03 7.933200e-02
542 9.169000e-01 3.952000e-03 7.914800e-02
543 9.170800e-01 3.924000e-03 7.899600e-02
544 9.172080e-01 3.896000e-03 7.889600e-02
545 9.172920e-01 3.904000e-03 7.880400e-02
546 9.174400e-01 3.764000e-03 7.879600e-02
547 9.174960e-01 3.816000e-03 7.868800e-02
548 9.176240e-01 3.796000e-03 7.858000e-02
549 9.177480e-01 3.876000e-03 7.837600e-02
550 9.178440e-01 3.808000e-03 7.834800e-02
551 9.179920e-01 3.812000e-03 7.819600e-02
552 9.181280e-01 3.764000e-03 7.810800e-02
553 9.182520e-01 3.828000e-03 7.792000e-02
554 9.184440e-01 3.844000e-03 7.771200e-02
555 9.186320e-01 3.836000e-03 7.753200e-02
556 9.188040e-01 3.776000e-03 7.742000e-02
557 9.188360e-01 3.788000e-03 7.737600e-02
558 9.191280e-01 3.640000e-03 7.723200e-02
559 9.193000e-01 3.504000e-03 7.719600e-02
560 9.193880e-01 3.572000e-03 7.704000e-02
561 9.196200e-01 3.532000e-03 7.684800e-02
562 9.196800e-01 3.600000e-03 7.672000e-02
563 9.198320e-01 3.544000e-03 7.662400e-02
564 9.200840e-01 3.448000e-03 7.646800e-02
565 9.203440e-01 3.308000e-03 7.634800e-02
566 9.205640e-01 3.320000e-03 7.611600e-02
567 9.208640e-01 3.228000e-03 7.590800e-02
568 9.212560e-01 3.096000e-03 7.564800e-02
569 9.215480e-01 3.088000e-03 7.536400e-02
570 9.218800e-01 2.960000e-03 7.516000e-02
571 9.221600e-01 2.824000e-03 7.501600e-02
572 9.223640e-01 2.740000e-03 7.489600e-02
573 9.226560e-01 2.612000e-03 7.473200e-02
574 9.229240e-01 2.576000e-03 7.450000e-02
575 9.231280e-01 2.620000e-03 7.425200e-02
576 9.233160e-01 2.648000e-03 7.403600e-02
577 9.235320e-01 2.556000e-03 7.391200e-02
578 9.238440e-01 2.592000e-03 7.356400e-02
579 9.240840e-01 2.608000e-03 7.330800e-02
580 9.244320e-01 2.572000e-03 7.299600e-02
581 9.246920e-01 2.484000e-03 7.282400e-02
582 9.249320e-01 2.456000e-03 7.261200e-02
583 9.252480e-01 2.348000e-03 7.240400e-02
584 9.255280e-01 2.356000e-03 7.211600e-02
585 9.257800e-01 2.388000e-03 7.183200e-02
586 9.261040e-01 2.304000e-03 7.159200e-02
587 9.264280e-01 2.288000e-03 7.128400e-02
588 9.266480e-01 2.344000e-03 7.100800e-02
589 9.267640e-01 2.432000e-03 7.080400e-02
590 9.271680e-01 2.380000e-03 7.045200e-02
591 9.273720e-01 2.384000e-03 7.024400e-02
592 9.276800e-01 2.404000e-03 6.991600e-02
593 9.279640e-01 2.424000e-03 6.961200e-02
594 9.282200e-01 2.404000e-03 6.937600e-02
595 9.285520e-01 2.308000e-03 6.914000e-02
596 9.288520e-01 2.340000e-03 6.880800e-02
597 9.290840e-01 2.428000e-03 6.848800e-02
598 9.292800e-01 2.360000e-03 6.836000e-02
599 9.295240e-01 2.256000e-03 6.822000e-02
600 9.296720e-01 2.260000e-03 6.806800e-02
601 9.299680e-01 2.156000e-03 6.787600e-02
602 9.303040e-01 2.104000e-03 6.759200e-02
603 9.306000e-01 2.072000e-03 6.732800e-02
604 9.310720e-01 2.100000e-03 6.682800e-02
605 9.313360e-01 2.128000e-03 6.653600e-02
606 9.315760e-01 2.120000e-03 6.630400e-02
607 9.318040e-01 2.156000e-03 6.604000e-02
608 9.320760e-01 2.176000e-03 6.574800e-02
609 9.322880e-01 2.144000e-03 6.556800e-02
610 9.326720e-01 2.076000e-03 6.525200e-02
611 9.329360e-01 2.044000e-03 6.502000e-02
612 9.332240e-01 2.120000e-03 6.465600e-02
613 9.334640e-01 2.196000e-03 6.434000e-02
614 9.336440e-01 2.164000e-03 6.419200e-02
615 9.338400e-01 2.180000e-03 6.398000e-02
616 9.341480e-01 2.180000e-03 6.367200e-02
617 9.343440e-01 2.180000e-03 6.347600e-02
618 9.346800e-01 2.168000e-03 6.315200e-02
619 9.350200e-01 2.172000e-03 6.280800e-02
620 9.353120e-01 2.064000e-03 6.262400e-02
621 9.356400e-01 2.052000e-03 6.230800e-02
622 9.359640e-01 2.052000e-03 6.198400e-02
623 9.361920e-01 2.020000e-03 6.178800e-02
624 9.363840e-01 2.096000e-03 6.152000e-02
625 9.365680e-01 2.136000e-03 6.129600e-02
626 9.366040e-01 2.268000e-03 6.112800e-02
627 9.368880e-01 2.288000e-03 6.082400e-02
628 9.371360e-01 2.308000e-03 6.055600e-02
629 9.373360e-01 2.296000e-03 6.036800e-02
630 9.375040e-01 2.232000e-03 6.026400e-02
631 9.377640e-01 2.212000e-03 6.002400e-02
632 9.380000e-01 2.204000e-03 5.979600e-02
633 9.382400e-01 2.164000e-03 5.959600e-02
634 9.384200e-01 2.132000e-03 5.944800e-02
635 9.386520e-01 2.064000e-03 5.928400e-02
636 9.389280e-01 2.084000e-03 5.898800e-02
637 9.392680e-01 1.988000e-03 5.874400e-02
638 9.395400e-01 1.952000e-03 5.850800e-02
639 9.398400e-01 1.792000e-03 5.836800e-02
640 9.400640e-01 1.788000e-03 5.814800e-02
641 9.403680e-01 1.776000e-03 5.785600e-02
642 9.406800e-01 1.768000e-03 5.755200e-02
643 9.409720e-01 1.772000e-03 5.725600e-02
644 9.412640e-01 1.736000e-03 5.700000e-02
645 9.415760e-01 1.768000e-03 5.665600e-02
646 9.418480e-01 1.748000e-03 5.640400e-02
647 9.420480e-01 1.772000e-03 5.618000e-02
648 9.421840e-01 1.828000e-03 5.598800e-02
649 9.424560e-01 1.852000e-03 5.569200e-02
650 9.426880e-01 1.832000e-03 5.548000e-02
651 9.429200e-01 1.796000e-03 5.528400e-02
652 9.430800e-01 1.832000e-03 5.508800e-02
653 9.432200e-01 1.912000e-03 5.486800e-02
654 9.433800e-01 1.968000e-03 5.465200e-02
655 9.434800e-01 2.012000e-03 5.450800e-02
656 9.436960e-01 2.084000e-03 5.422000e-02
657 9.438560e-01 2.092000e-03 5.405200e-02
658 9.439960e-01 2.064000e-03 5.394000e-02
659 9.440000e-01 2.192000e-03 5.380800e-02
660 9.440720e-01 2.128000e-03 5.380000e-02
661 9.443000e-01 2.040000e-03 5.366000e-02
662 9.445440e-01 2.096000e-03 5.336000e-02
663 9.446000e-01 2.124000e-03 5.327600e-02
664 9.448280e-01 2.016000e-03 5.315600e-02
665 9.450880e-01 1.960000e-03 5.295200e-02
666 9.452840e-01 1.940000e-03 5.277600e-02
667 9.455480e-01 1.784000e-03 5.266800e-02
668 9.457560e-01 1.784000e-03 5.246000e-02
669 9.459520e-01 1.780000e-03 5.226800e-02
670 9.460800e-01 1.748000e-03 5.217200e-02
671 9.462800e-01 1.744000e-03 5.197600e-02
672 9.463840e-01 1.768000e-03 5.184800e-02
673 9.465760e-01 1.804000e-03 5.162000e-02
674 9.468040e-01 1.816000e-03 5.138000e-02
675 9.471080e-01 1.752000e-03 5.114000e-02
676 9.473240e-01 1.780000e-03 5.089600e-02
677 9.474680e-01 1.900000e-03 5.063200e-02
678 9.475880e-01 1.888000e-03 5.052400e-02
679 9.477600e-01 1.944000e-03 5.029600e-02
680 9.478680e-01 1.992000e-03 5.014000e-02
681 9.480680e-01 1.964000e-03 4.996800e-02
682 9.482120e-01 1.948000e-03 4.984000e-02
683 9.483080e-01 1.896000e-03 4.979600e-02
684 9.484720e-01 1.912000e-03 4.961600e-02
685 9.487440e-01 1.828000e-03 4.942800e-02
686 9.489960e-01 1.796000e-03 4.920800e-02
687 9.491560e-01 1.744000e-03 4.910000e-02
688 9.494200e-01 1.736000e-03 4.884400e-02
689 9.496320e-01 1.792000e-03 4.857600e-02
690 9.498920e-01 1.720000e-03 4.838800e-02
691 9.500840e-01 1.684000e-03 4.823200e-02
692 9.502240e-01 1.720000e-03 4.805600e-02
693 9.504240e-01 1.772000e-03 4.780400e-02
694 9.505440e-01 1.852000e-03 4.760400e-02
695 9.506680e-01 1.904000e-03 4.742800e-02
696 9.507920e-01 1.892000e-03 4.731600e-02
697 9.509120e-01 1.948000e-03 4.714000e-02
698 9.509480e-01 2.076000e-03 4.697600e-02
699 9.509720e-01 2.172000e-03 4.685600e-02
700 9.510440e-01 2.208000e-03 4.674800e-02
701 9.511280e-01 2.184000e-03 4.668800e-02
702 9.512120e-01 2.176000e-03 4.661200e-02
703 9.513000e-01 2.224000e-03 4.647600e-02
704 9.514800e-01 2.300000e-03 4.622000e-02
705 9.515120e-01 2.316000e-03 4.617200e-02
706 9.517360e-01 2.296000e-03 4.596800e-02
707 9.518200e-01 2.244000e-03 4.593600e-02
708 9.518440e-01 2.288000e-03 4.586800e-02
709 9.520240e-01 2.220000e-03 4.575600e-02
710 9.521200e-01 2.256000e-03 4.562400e-02
711 9.521440e-01 2.276000e-03 4.558000e-02
712 9.523480e-01 2.168000e-03 4.548400e-02
713 9.525120e-01 2.104000e-03 4.538400e-02
714 9.524680e-01 2.216000e-03 4.531600e-02
715 9.525920e-01 2.104000e-03 4.530400e-02
716 9.527400e-01 1.972000e-03 4.528800e-02
717 9.528640e-01 1.916000e-03 4.522000e-02
718 9.530040e-01 1.968000e-03 4.502800e-02
719 9.531240e-01 2.024000e-03 4.485200e-02
720 9.534000e-01 2.020000e-03 4.458000e-02
721 9.534760e-01 2.032000e-03 4.449200e-02
722 9.535480e-01 1.992000e-03 4.446000e-02
723 9.536320e-01 2.048000e-03 4.432000e-02
724 9.538040e-01 2.076000e-03 4.412000e-02
725 9.539000e-01 2.144000e-03 4.395600e-02
726 9.539360e-01 2.100000e-03 4.396400e-02
727 9.539720e-01 2.084000e-03 4.394400e-02
728 9.541000e-01 2.084000e-03 4.381600e-02
729 9.542360e-01 2.000000e-03 4.376400e-02
730 9.542560e-01 2.068000e-03 4.367600e-02
731 9.543680e-01 2.044000e-03 4.358800e-02
732 9.545080e-01 1.992000e-03 4.350000e-02
733 9.546280e-01 1.956000e-03 4.341600e-02
734 9.547760e-01 1.900000e-03 4.332400e-02
735 9.548760e-01 1.884000e-03 4.324000e-02
736 9.549760e-01 1.900000e-03 4.312400e-02
737 9.551480e-01 1.868000e-03 4.298400e-02
738 9.552080e-01 1.876000e-03 4.291600e-02
739 9.552600e-01 1.908000e-03 4.283200e-02
740 9.553000e-01 2.040000e-03 4.266000e-02
741 9.553640e-01 1.996000e-03 4.264000e-02
742 9.554320e-01 1.984000e-03 4.258400e-02
743 9.554520e-01 1.996000e-03 4.255200e-02
744 9.554160e-01 2.056000e-03 4.252800e-02
745 9.554720e-01 2.136000e-03 4.239200e-02
746 9.555440e-01 2.156000e-03 4.230000e-02
747 9.556800e-01 2.096000e-03 4.222400e-02
748 9.556880e-01 2.176000e-03 4.213600e-02
749 9.556440e-01 2.148000e-03 4.220800e-02
750 9.555960e-01 2.220000e-03 4.218400e-02
751 9.555400e-01 2.316000e-03 4.214400e-02
752 9.556040e-01 2.320000e-03 4.207600e-02
753 9.555560e-01 2.380000e-03 4.206400e-02
754 9.555600e-01 2.384000e-03 4.205600e-02
755 9.557080e-01 2.224000e-03 4.206800e-02
756 9.557560e-01 2.244000e-03 4.200000e-02
757 9.557880e-01 2.216000e-03 4.199600e-02
758 9.558520e-01 2.184000e-03 4.196400e-02
759 9.559480e-01 2.080000e-03 4.197200e-02
760 9.559800e-01 2.132000e-03 4.188800e-02
761 9.560360e-01 2.196000e-03 4.176800e-02
762 9.561320e-01 2.200000e-03 4.166800e-02
763 9.561000e-01 2.192000e-03 4.170800e-02
764 9.562640e-01 2.088000e-03 4.164800e-02
765 9.563200e-01 2.044000e-03 4.163600e-02
766 9.563800e-01 1.968000e-03 4.165200e-02
767 9.565080e-01 1.912000e-03 4.158000e-02
768 9.567040e-01 1.944000e-03 4.135200e-02
769 9.567760e-01 1.952000e-03 4.127200e-02
770 9.567280e-01 1.972000e-03 4.130000e-02
771 9.568160e-01 1.952000e-03 4.123200e-02
772 9.569480e-01 1.948000e-03 4.110400e-02
773 9.569160e-01 1.996000e-03 4.108800e-02
774 9.568880e-01 2.052000e-03 4.106000e-02
775 9.568880e-01 2.064000e-03 4.104800e-02
776 9.569200e-01 2.120000e-03 4.096000e-02
777 9.568200e-01 2.260000e-03 4.092000e-02
778 9.567920e-01 2.344000e-03 4.086400e-02
779 9.567720e-01 2.388000e-03 4.084000e-02
780 9.567600e-01 2.412000e-03 4.082800e-02
781 9.567720e-01 2.416000e-03 4.081200e-02
782 9.567280e-01 2.396000e-03 4.087600e-02
783 9.567880e-01 2.344000e-03 4.086800e-02
784 9.566960e-01 2.412000e-03 4.089200e-02
785 9.566960e-01 2.420000e-03 4.088400e-02
786 9.567360e-01 2.344000e-03 4.092000e-02
787 9.567400e-01 2.352000e-03 4.090800e-02
788 9.568880e-01 2.256000e-03 4.085600e-02
789 9.570280e-01 2.148000e-03 4.082400e-02
790 9.571200e-01 2.176000e-03 4.070400e-02
791 9.571000e-01 2.200000e-03 4.070000e-02
792 9.570800e-01 2.180000e-03 4.074000e-02
793 9.571240e-01 2.100000e-03 4.077600e-02
794 9.571560e-01 2.068000e-03 4.077600e-02
795 9.572280e-01 2.104000e-03 4.066800e-02
796 9.572400e-01 2.120000e-03 4.064000e-02
797 9.571840e-01 2.088000e-03 4.072800e-02
798 9.572240e-01 2.052000e-03 4.072400e-02
799 9.573080e-01 2.016000e-03 4.067600e-02
800 9.574840e-01 1.924000e-03 4.059200e-02
801 9.575600e-01 1.940000e-03 4.050000e-02
802 9.575320e-01 1.940000e-03 4.052800e-02
803 9.576120e-01 1.960000e-03 4.042800e-02
804 9.576720e-01 1.896000e-03 4.043200e-02
805 9.577880e-01 1.784000e-03 4.042800e-02
806 9.579080e-01 1.712000e-03 4.038000e-02
807 9.579680e-01 1.804000e-03 4.022800e-02
808 9.580040e-01 1.872000e-03 4.012400e-02
809 9.580280e-01 1.928000e-03 4.004400e-02
810 9.580960e-01 1.924000e-03 3.998000e-02
811 9.581440e-01 1.964000e-03 3.989200e-02
812 9.581320e-01 2.012000e-03 3.985600e-02
813 9.581480e-01 2.024000e-03 3.982800e-02
814 9.581480e-01 2.068000e-03 3.978400e-02
815 9.580760e-01 2.196000e-03 3.972800e-02
816 9.580360e-01 2.196000e-03 3.976800e-02
817 9.579520e-01 2.276000e-03 3.977200e-02
818 9.579840e-01 2.252000e-03 3.976400e-02
819 9.580440e-01 2.252000e-03 3.970400e-02
820 9.580880e-01 2.284000e-03 3.962800e-02
821 9.580720e-01 2.260000e-03 3.966800e-02
822 9.580400e-01 2.344000e-03 3.961600e-02
823 9.580000e-01 2.308000e-03 3.969200e-02
824 9.579760e-01 2.416000e-03 3.960800e-02
825 9.579680e-01 2.368000e-03 3.966400e-02
826 9.580160e-01 2.392000e-03 3.959200e-02
827 9.579720e-01 2.408000e-03 3.962000e-02
828 9.579160e-01 2.472000e-03 3.961200e-02
829 9.577560e-01 2.640000e-03 3.960400e-02
830 9.576120e-01 2.688000e-03 3.970000e-02
831 9.576600e-01 2.668000e-03 3.967200e-02
832 9.576000e-01 2.696000e-03 3.970400e-02
833 9.575160e-01 2.768000e-03 3.971600e-02
834 9.573920e-01 2.748000e-03 3.986000e-02
835 9.573760e-01 2.668000e-03 3.995600e-02
836 9.573400e-01 2.644000e-03 4.001600e-02
837 9.572840e-01 2.668000e-03 4.004800e-02
838 9.572640e-01 2.696000e-03 4.004000e-02
839 9.571920e-01 2.680000e-03 4.012800e-02
840 9.570360e-01 2.748000e-03 4.021600e-02
841 9.569880e-01 2.756000e-03 4.025600e-02
842 9.569400e-01 2.736000e-03 4.032400e-02
843 9.568520e-01 2.728000e-03 4.042000e-02
844 9.568320e-01 2.756000e-03 4.041200e-02
845 9.568400e-01 2.724000e-03 4.043600e-02
846 9.567920e-01 2.704000e-03 4.050400e-02
847 9.567400e-01 2.792000e-03 4.046800e-02
848 9.566880e-01 2.772000e-03 4.054000e-02
849 9.566880e-01 2.776000e-03 4.053600e-02
850 9.566600e-01 2.824000e-03 4.051600e-02
851 9.565160e-01 2.824000e-03 4.066000e-02
852 9.564600e-01 2.728000e-03 4.081200e-02
853 9.564040e-01 2.656000e-03 4.094000e-02
854 9.564280e-01 2.656000e-03 4.091600e-02
855 9.564720e-01 2.652000e-03 4.087600e-02
856 9.564080e-01 2.628000e-03 4.096400e-02
857 9.564320e-01 2.632000e-03 4.093600e-02
858 9.564080e-01 2.692000e-03 4.090000e-02
859 9.562800e-01 2.764000e-03 4.095600e-02
860 9.561520e-01 2.860000e-03 4.098800e-02
861 9.561360e-01 2.820000e-03 4.104400e-02
862 9.560320e-01 2.764000e-03 4.120400e-02
863 9.560640e-01 2.672000e-03 4.126400e-02
864 9.559760e-01 2.728000e-03 4.129600e-02
865 9.558280e-01 2.760000e-03 4.141200e-02
866 9.557640e-01 2.696000e-03 4.154000e-02
867 9.556280e-01 2.736000e-03 4.163600e-02
868 9.556200e-01 2.776000e-03 4.160400e-02
869 9.555560e-01 2.832000e-03 4.161200e-02
870 9.554280e-01 2.972000e-03 4.160000e-02
871 9.553240e-01 3.060000e-03 4.161600e-02
872 9.551560e-01 3.156000e-03 4.168800e-02
873 9.549320e-01 3.280000e-03 4.178800e-02
874 9.547240e-01 3.320000e-03 4.195600e-02
875 9.545280e-01 3.344000e-03 4.212800e-02
876 9.544400e-01 3.272000e-03 4.228800e-02
877 9.543160e-01 3.208000e-03 4.247600e-02
878 9.542640e-01 3.092000e-03 4.264400e-02
879 9.542360e-01 3.028000e-03 4.273600e-02
880 9.541280e-01 3.040000e-03 4.283200e-02
881 9.540120e-01 3.020000e-03 4.296800e-02
882 9.538560e-01 3.080000e-03 4.306400e-02
883 9.536920e-01 3.144000e-03 4.316400e-02
884 9.535320e-01 3.132000e-03 4.333600e-02
885 9.534080e-01 3.092000e-03 4.350000e-02
886 9.533000e-01 3.104000e-03 4.359600e-02
887 9.533120e-01 2.952000e-03 4.373600e-02
888 9.532720e-01 2.928000e-03 4.380000e-02
889 9.532560e-01 2.824000e-03 4.392000e-02
890 9.532760e-01 2.780000e-03 4.394400e-02
891 9.532120e-01 2.828000e-03 4.396000e-02
892 9.531520e-01 2.760000e-03 4.408800e-02
893 9.532160e-01 2.696000e-03 4.408800e-02
894 9.531160e-01 2.792000e-03 4.409200e-02
895 9.531720e-01 2.644000e-03 4.418400e-02
896 9.531640e-01 2.656000e-03 4.418000e-02
897 9.531600e-01 2.592000e-03 4.424800e-02
898 9.532040e-01 2.596000e-03 4.420000e-02
899 9.531440e-01 2.612000e-03 4.424400e-02
900 9.532160e-01 2.580000e-03 4.420400e-02
901 9.531240e-01 2.608000e-03 4.426800e-02
902 9.531600e-01 2.520000e-03 4.432000e-02
903 9.530840e-01 2.548000e-03 4.436800e-02
904 9.530680e-01 2.588000e-03 4.434400e-02
905 9.530320e-01 2.644000e-03 4.432400e-02
906 9.528960e-01 2.756000e-03 4.434800e-02
907 9.528000e-01 2.784000e-03 4.441600e-02
908 9.527040e-01 2.856000e-03 4.444000e-02
909 9.526960e-01 2.848000e-03 4.445600e-02
910 9.526760e-01 2.756000e-03 4.456800e-02
911 9.526240e-01 2.760000e-03 4.461600e-02
912 9.525400e-01 2.720000e-03 4.474000e-02
913 9.525480e-01 2.688000e-03 4.476400e-02
914 9.524120e-01 2.752000e-03 4.483600e-02
915 9.524000e-01 2.804000e-03 4.479600e-02
916 9.523600e-01 2.752000e-03 4.488800e-02
917 9.521360e-01 2.920000e-03 4.494400e-02
918 9.520240e-01 2.976000e-03 4.500000e-02
919 9.519040e-01 3.012000e-03 4.508400e-02
920 9.518000e-01 3.028000e-03 4.517200e-02
921 9.516880e-01 3.100000e-03 4.521200e-02
922 9.515680e-01 3.180000e-03 4.525200e-02
923 9.514080e-01 3.232000e-03 4.536000e-02
924 9.513600e-01 3.220000e-03 4.542000e-02
925 9.512000e-01 3.300000e-03 4.550000e-02
926 9.510040e-01 3.440000e-03 4.555600e-02
927 9.508960e-01 3.408000e-03 4.569600e-02
928 9.507080e-01 3.584000e-03 4.570800e-02
929 9.504400e-01 3.692000e-03 4.586800e-02
930 9.502080e-01 3.636000e-03 4.615600e-02
931 9.499560e-01 3.664000e-03 4.638000e-02
932 9.496160e-01 3.800000e-03 4.658400e-02
