1 9.992000e-01 7.160000e-04 8.400000e-05
2 9.986480e-01 1.080000e-03 2.720000e-04
3 9.980880e-01 1.372000e-03 5.400000e-04
4 9.974600e-01 1.732000e-03 8.080000e-04
5 9.966800e-01 2.168000e-03 1.152000e-03
6 9.957760e-01 2.612000e-03 1.612000e-03
7 9.949960e-01 2.928000e-03 2.076000e-03
8 9.940480e-01 3.268000e-03 2.684000e-03
9 9.931240e-01 3.612000e-03 3.264000e-03
10 9.921240e-01 4.076000e-03 3.800000e-03
11 9.909640e-01 4.564000e-03 4.472000e-03
12 9.899240e-01 4.824000e-03 5.252000e-03
13 9.888040e-01 5.104000e-03 6.092000e-03
14 9.877080e-01 5.352000e-03 6.940000e-03
15 9.864720e-01 5.708000e-03 7.820000e-03
16 9.852680e-01 6.036000e-03 8.696000e-03
17 9.840960e-01 6.224000e-03 9.680000e-03
18 9.829760e-01 6.336000e-03 1.068800e-02
19 9.815840e-01 6.632000e-03 1.178400e-02
20 9.803320e-01 6.896000e-03 1.277200e-02
21 9.790400e-01 7.204000e-03 1.375600e-02
22 9.778080e-01 7.336000e-03 1.485600e-02
23 9.765040e-01 7.532000e-03 1.596400e-02
24 9.751040e-01 7.696000e-03 1.720000e-02
25 9.738200e-01 7.748000e-03 1.843200e-02
26 9.724680e-01 7.880000e-03 1.965200e-02
27 9.712880e-01 7.836000e-03 2.087600e-02
28 9.699960e-01 8.060000e-03 2.194400e-02
29 9.688040e-01 8.100000e-03 2.309600e-02
30 9.676200e-01 8.084000e-03 2.429600e-02
31 9.664480e-01 8.148000e-03 2.540400e-02
32 9.651880e-01 8.252000e-03 2.656000e-02
33 9.638880e-01 8.468000e-03 2.764400e-02
34 9.626120e-01 8.536000e-03 2.885200e-02
35 9.613120e-01 8.900000e-03 2.978800e-02
36 9.598400e-01 9.100000e-03 3.106000e-02
37 9.585520e-01 9.080000e-03 3.236800e-02
38 9.572720e-01 9.100000e-03 3.362800e-02
39 9.559000e-01 9.304000e-03 3.479600e-02
40 9.545680e-01 9.532000e-03 3.590000e-02
41 9.532560e-01 9.660000e-03 3.708400e-02
42 9.518160e-01 9.916000e-03 3.826800e-02
43 9.503960e-01 1.005600e-02 3.954800e-02
44 9.490720e-01 1.010400e-02 4.082400e-02
45 9.475720e-01 1.006000e-02 4.236800e-02
46 9.461280e-01 1.010800e-02 4.376400e-02
47 9.448120e-01 1.004400e-02 4.514400e-02
48 9.434520e-01 1.011600e-02 4.643200e-02
49 9.422120e-01 1.006400e-02 4.772400e-02
50 9.410520e-01 9.900000e-03 4.904800e-02
51 9.399080e-01 9.804000e-03 5.028800e-02
52 9.387160e-01 9.856000e-03 5.142800e-02
53 9.375880e-01 9.856000e-03 5.255600e-02
54 9.365240e-01 9.876000e-03 5.360000e-02
55 9.355320e-01 9.684000e-03 5.478400e-02
56 9.345920e-01 9.612000e-03 5.579600e-02
57 9.335920e-01 9.556000e-03 5.685200e-02
58 9.325040e-01 9.472000e-03 5.802400e-02
59 9.316600e-01 9.304000e-03 5.903600e-02
60 9.306440e-01 9.388000e-03 5.996800e-02
61 9.296880e-01 9.344000e-03 6.096800e-02
62 9.287680e-01 9.304000e-03 6.192800e-02
63 9.276840e-01 9.448000e-03 6.286800e-02
64 9.267200e-01 9.580000e-03 6.370000e-02
65 9.258280e-01 9.548000e-03 6.462400e-02
66 9.249680e-01 9.600000e-03 6.543200e-02
67 9.242160e-01 9.576000e-03 6.620800e-02
68 9.232120e-01 9.596000e-03 6.719200e-02
69 9.222880e-01 9.672000e-03 6.804000e-02
70 9.212880e-01 9.892000e-03 6.882000e-02
71 9.203800e-01 9.908000e-03 6.971200e-02
72 9.194720e-01 9.808000e-03 7.072000e-02
73 9.186560e-01 9.584000e-03 7.176000e-02
74 9.178160e-01 9.500000e-03 7.268400e-02
75 9.171760e-01 9.488000e-03 7.333600e-02
76 9.163040e-01 9.292000e-03 7.440400e-02
77 9.155360e-01 9.360000e-03 7.510400e-02
78 9.148640e-01 9.204000e-03 7.593200e-02
79 9.141320e-01 9.176000e-03 7.669200e-02
80 9.133120e-01 9.228000e-03 7.746000e-02
81 9.124720e-01 9.376000e-03 7.815200e-02
82 9.118120e-01 9.264000e-03 7.892400e-02
83 9.109800e-01 9.328000e-03 7.969200e-02
84 9.102800e-01 9.272000e-03 8.044800e-02
85 9.095080e-01 9.308000e-03 8.118400e-02
86 9.087240e-01 9.304000e-03 8.197200e-02
87 9.079080e-01 9.560000e-03 8.253200e-02
88 9.071480e-01 9.636000e-03 8.321600e-02
89 9.062000e-01 9.844000e-03 8.395600e-02
90 9.054640e-01 9.840000e-03 8.469600e-02
91 9.046200e-01 9.816000e-03 8.556400e-02
92 9.038200e-01 9.812000e-03 8.636800e-02
93 9.030000e-01 9.900000e-03 8.710000e-02
94 9.023000e-01 9.824000e-03 8.787600e-02
95 9.015160e-01 9.892000e-03 8.859200e-02
96 9.007520e-01 9.900000e-03 8.934800e-02
97 8.999400e-01 9.848000e-03 9.021200e-02
98 8.991240e-01 9.896000e-03 9.098000e-02
99 8.982320e-01 9.848000e-03 9.192000e-02
100 8.974400e-01 9.808000e-03 9.275200e-02
101 8.966720e-01 9.908000e-03 9.342000e-02
102 8.960600e-01 9.820000e-03 9.412000e-02
103 8.953920e-01 9.652000e-03 9.495600e-02
104 8.946360e-01 9.672000e-03 9.569200e-02
105 8.939840e-01 9.780000e-03 9.623600e-02
106 8.934160e-01 9.748000e-03 9.683600e-02
107 8.927800e-01 9.688000e-03 9.753200e-02
108 8.921640e-01 9.520000e-03 9.831600e-02
109 8.915600e-01 9.408000e-03 9.903200e-02
110 8.909840e-01 9.372000e-03 9.964400e-02
111 8.904120e-01 9.336000e-03 1.002520e-01
112 8.901320e-01 9.072000e-03 1.007960e-01
113 8.895680e-01 9.076000e-03 1.013560e-01
114 8.891600e-01 9.004000e-03 1.018360e-01
115 8.888040e-01 8.824000e-03 1.023720e-01
116 8.884240e-01 8.724000e-03 1.028520e-01
117 8.880000e-01 8.664000e-03 1.033360e-01
118 8.876880e-01 8.576000e-03 1.037360e-01
119 8.874480e-01 8.448000e-03 1.041040e-01
120 8.870520e-01 8.356000e-03 1.045920e-01
121 8.867720e-01 8.280000e-03 1.049480e-01
122 8.865160e-01 8.332000e-03 1.051520e-01
123 8.860320e-01 8.432000e-03 1.055360e-01
124 8.856000e-01 8.440000e-03 1.059600e-01
125 8.852680e-01 8.324000e-03 1.064080e-01
126 8.848720e-01 8.288000e-03 1.068400e-01
127 8.844600e-01 8.340000e-03 1.072000e-01
128 8.843000e-01 8.332000e-03 1.073680e-01
129 8.840480e-01 8.288000e-03 1.076640e-01
130 8.835120e-01 8.312000e-03 1.081760e-01
131 8.831240e-01 8.440000e-03 1.084360e-01
132 8.825680e-01 8.564000e-03 1.088680e-01
133 8.822960e-01 8.444000e-03 1.092600e-01
134 8.821400e-01 8.380000e-03 1.094800e-01
135 8.818800e-01 8.388000e-03 1.097320e-01
136 8.815640e-01 8.388000e-03 1.100480e-01
137 8.813480e-01 8.172000e-03 1.104800e-01
138 8.810520e-01 8.156000e-03 1.107920e-01
139 8.809080e-01 8.036000e-03 1.110560e-01
140 8.808240e-01 7.840000e-03 1.113360e-01
141 8.806400e-01 7.812000e-03 1.115480e-01
142 8.806440e-01 7.604000e-03 1.117520e-01
143 8.804600e-01 7.720000e-03 1.118200e-01
144 8.802280e-01 7.548000e-03 1.122240e-01
145 8.800880e-01 7.436000e-03 1.124760e-01
146 8.799160e-01 7.472000e-03 1.126120e-01
147 8.797880e-01 7.536000e-03 1.126760e-01
148 8.796960e-01 7.628000e-03 1.126760e-01
149 8.795640e-01 7.664000e-03 1.127720e-01
150 8.793960e-01 7.712000e-03 1.128920e-01
151 8.792920e-01 7.752000e-03 1.129560e-01
152 8.789640e-01 7.732000e-03 1.133040e-01
153 8.789240e-01 7.656000e-03 1.134200e-01
154 8.785360e-01 7.748000e-03 1.137160e-01
155 8.782760e-01 7.784000e-03 1.139400e-01
156 8.779760e-01 7.920000e-03 1.141040e-01
157 8.775480e-01 8.112000e-03 1.143400e-01
158 8.773400e-01 8.152000e-03 1.145080e-01
159 8.771520e-01 8.136000e-03 1.147120e-01
160 8.769880e-01 8.032000e-03 1.149800e-01
161 8.767760e-01 8.004000e-03 1.152200e-01
162 8.764080e-01 7.976000e-03 1.156160e-01
163 8.763400e-01 7.884000e-03 1.157760e-01
164 8.760320e-01 8.052000e-03 1.159160e-01
165 8.757360e-01 8.196000e-03 1.160680e-01
166 8.753960e-01 8.152000e-03 1.164520e-01
167 8.752760e-01 8.272000e-03 1.164520e-01
168 8.747880e-01 8.480000e-03 1.167320e-01
169 8.744840e-01 8.568000e-03 1.169480e-01
170 8.740160e-01 8.628000e-03 1.173560e-01
171 8.736720e-01 8.708000e-03 1.176200e-01
172 8.731480e-01 8.796000e-03 1.180560e-01
173 8.728720e-01 8.832000e-03 1.182960e-01
174 8.727600e-01 8.608000e-03 1.186320e-01
175 8.725360e-01 8.632000e-03 1.188320e-01
176 8.720720e-01 8.600000e-03 1.193280e-01
177 8.719720e-01 8.600000e-03 1.194280e-01
178 8.716440e-01 8.656000e-03 1.197000e-01
179 8.713280e-01 8.712000e-03 1.199600e-01
180 8.712200e-01 8.636000e-03 1.201440e-01
181 8.709600e-01 8.496000e-03 1.205440e-01
182 8.705440e-01 8.636000e-03 1.208200e-01
183 8.704920e-01 8.572000e-03 1.209360e-01
184 8.701520e-01 8.548000e-03 1.213000e-01
185 8.699840e-01 8.584000e-03 1.214320e-01
186 8.697000e-01 8.456000e-03 1.218440e-01
187 8.694520e-01 8.600000e-03 1.219480e-01
188 8.692920e-01 8.640000e-03 1.220680e-01
189 8.689920e-01 8.756000e-03 1.222520e-01
190 8.687120e-01 8.920000e-03 1.223680e-01
191 8.683520e-01 9.024000e-03 1.226240e-01
192 8.679640e-01 9.096000e-03 1.229400e-01
193 8.677720e-01 9.160000e-03 1.230680e-01
194 8.673120e-01 9.216000e-03 1.234720e-01
195 8.671160e-01 9.208000e-03 1.236760e-01
196 8.668960e-01 9.260000e-03 1.238440e-01
197 8.664680e-01 9.268000e-03 1.242640e-01
198 8.661920e-01 9.300000e-03 1.245080e-01
199 8.657640e-01 9.400000e-03 1.248360e-01
200 8.653920e-01 9.396000e-03 1.252120e-01
201 8.650320e-01 9.420000e-03 1.255480e-01
202 8.647040e-01 9.456000e-03 1.258400e-01
203 8.644080e-01 9.340000e-03 1.262520e-01
204 8.640240e-01 9.300000e-03 1.266760e-01
205 8.640200e-01 9.124000e-03 1.268560e-01
206 8.635760e-01 9.096000e-03 1.273280e-01
207 8.635120e-01 8.988000e-03 1.275000e-01
208 8.633360e-01 8.876000e-03 1.277880e-01
209 8.630480e-01 8.852000e-03 1.281000e-01
210 8.629440e-01 8.612000e-03 1.284440e-01
211 8.627120e-01 8.756000e-03 1.285320e-01
212 8.625920e-01 8.660000e-03 1.287480e-01
213 8.625440e-01 8.520000e-03 1.289360e-01
214 8.623800e-01 8.416000e-03 1.292040e-01
215 8.622760e-01 8.292000e-03 1.294320e-01
216 8.621360e-01 8.088000e-03 1.297760e-01
217 8.622080e-01 8.000000e-03 1.297920e-01
218 8.620840e-01 8.052000e-03 1.298640e-01
219 8.620440e-01 8.152000e-03 1.298040e-01
220 8.620040e-01 8.076000e-03 1.299200e-01
221 8.619680e-01 8.068000e-03 1.299640e-01
222 8.617560e-01 8.320000e-03 1.299240e-01
223 8.616680e-01 8.424000e-03 1.299080e-01
224 8.615360e-01 8.532000e-03 1.299320e-01
225 8.616240e-01 8.484000e-03 1.298920e-01
226 8.613800e-01 8.556000e-03 1.300640e-01
227 8.612920e-01 8.424000e-03 1.302840e-01
228 8.613000e-01 8.496000e-03 1.302040e-01
229 8.611480e-01 8.364000e-03 1.304880e-01
230 8.610920e-01 8.440000e-03 1.304680e-01
231 8.610600e-01 8.368000e-03 1.305720e-01
232 8.611040e-01 8.216000e-03 1.306800e-01
233 8.611080e-01 7.976000e-03 1.309160e-01
234 8.611400e-01 7.828000e-03 1.310320e-01
235 8.612520e-01 7.744000e-03 1.310040e-01
236 8.610600e-01 7.976000e-03 1.309640e-01
237 8.610920e-01 7.904000e-03 1.310040e-01
238 8.611160e-01 7.852000e-03 1.310320e-01
239 8.610640e-01 7.992000e-03 1.309440e-01
240 8.609600e-01 7.832000e-03 1.312080e-01
241 8.608360e-01 7.884000e-03 1.312800e-01
242 8.607320e-01 7.956000e-03 1.313120e-01
243 8.606120e-01 8.008000e-03 1.313800e-01
244 8.605760e-01 7.840000e-03 1.315840e-01
245 8.606880e-01 7.756000e-03 1.315560e-01
246 8.607120e-01 7.740000e-03 1.315480e-01
247 8.607720e-01 7.648000e-03 1.315800e-01
248 8.606880e-01 7.696000e-03 1.316160e-01
249 8.606240e-01 7.892000e-03 1.314840e-01
250 8.604600e-01 7.928000e-03 1.316120e-01
251 8.605080e-01 7.916000e-03 1.315760e-01
252 8.604200e-01 7.884000e-03 1.316960e-01
253 8.602720e-01 7.832000e-03 1.318960e-01
254 8.601520e-01 7.780000e-03 1.320680e-01
255 8.601720e-01 7.740000e-03 1.320880e-01
256 8.601000e-01 7.668000e-03 1.322320e-01
257 8.601560e-01 7.696000e-03 1.321480e-01
258 8.601560e-01 7.876000e-03 1.319680e-01
259 8.600480e-01 8.096000e-03 1.318560e-01
260 8.598320e-01 8.208000e-03 1.319600e-01
261 8.595280e-01 8.252000e-03 1.322200e-01
262 8.594200e-01 8.364000e-03 1.322160e-01
263 8.592520e-01 8.224000e-03 1.325240e-01
264 8.591480e-01 8.116000e-03 1.327360e-01
265 8.590640e-01 8.196000e-03 1.327400e-01
266 8.587920e-01 8.192000e-03 1.330160e-01
267 8.587680e-01 8.296000e-03 1.329360e-01
268 8.587360e-01 8.164000e-03 1.331000e-01
269 8.587000e-01 8.284000e-03 1.330160e-01
270 8.587440e-01 8.256000e-03 1.330000e-01
271 8.586640e-01 8.296000e-03 1.330400e-01
272 8.585440e-01 8.308000e-03 1.331480e-01
273 8.584960e-01 8.220000e-03 1.332840e-01
274 8.583560e-01 8.292000e-03 1.333520e-01
275 8.581920e-01 8.268000e-03 1.335400e-01
276 8.581600e-01 8.220000e-03 1.336200e-01
277 8.581080e-01 8.192000e-03 1.337000e-01
278 8.583320e-01 7.956000e-03 1.337120e-01
279 8.583000e-01 7.960000e-03 1.337400e-01
280 8.584000e-01 7.876000e-03 1.337240e-01
281 8.584400e-01 7.948000e-03 1.336120e-01
282 8.583600e-01 7.988000e-03 1.336520e-01
283 8.583520e-01 7.952000e-03 1.336960e-01
284 8.583600e-01 7.716000e-03 1.339240e-01
285 8.585840e-01 7.564000e-03 1.338520e-01
286 8.586320e-01 7.516000e-03 1.338520e-01
287 8.586320e-01 7.484000e-03 1.338840e-01
288 8.585600e-01 7.488000e-03 1.339520e-01
289 8.585120e-01 7.468000e-03 1.340200e-01
290 8.584440e-01 7.424000e-03 1.341320e-01
291 8.585600e-01 7.388000e-03 1.340520e-01
292 8.587640e-01 7.200000e-03 1.340360e-01
293 8.588080e-01 7.112000e-03 1.340800e-01
294 8.589200e-01 7.012000e-03 1.340680e-01
295 8.591960e-01 6.980000e-03 1.338240e-01
296 8.594280e-01 6.980000e-03 1.335920e-01
297 8.595520e-01 6.916000e-03 1.335320e-01
298 8.596640e-01 6.960000e-03 1.333760e-01
299 8.599160e-01 6.864000e-03 1.332200e-01
300 8.601240e-01 6.872000e-03 1.330040e-01
301 8.600480e-01 6.908000e-03 1.330440e-01
302 8.600960e-01 6.936000e-03 1.329680e-01
303 8.600840e-01 6.940000e-03 1.329760e-01
304 8.601080e-01 6.916000e-03 1.329760e-01
305 8.603120e-01 6.888000e-03 1.328000e-01
306 8.605160e-01 6.816000e-03 1.326680e-01
307 8.607840e-01 6.804000e-03 1.324120e-01
308 8.611160e-01 6.560000e-03 1.323240e-01
309 8.611760e-01 6.612000e-03 1.322120e-01
310 8.613200e-01 6.572000e-03 1.321080e-01
311 8.614080e-01 6.572000e-03 1.320200e-01
312 8.614200e-01 6.592000e-03 1.319880e-01
313 8.616080e-01 6.616000e-03 1.317760e-01
314 8.616560e-01 6.724000e-03 1.316200e-01
315 8.617840e-01 6.772000e-03 1.314440e-01
316 8.621000e-01 6.748000e-03 1.311520e-01
317 8.621880e-01 6.880000e-03 1.309320e-01
318 8.621600e-01 6.880000e-03 1.309600e-01
319 8.621680e-01 7.064000e-03 1.307680e-01
320 8.622360e-01 6.984000e-03 1.307800e-01
321 8.622680e-01 6.948000e-03 1.307840e-01
322 8.623920e-01 6.900000e-03 1.307080e-01
323 8.623360e-01 6.956000e-03 1.307080e-01
324 8.624160e-01 7.036000e-03 1.305480e-01
325 8.624880e-01 6.940000e-03 1.305720e-01
326 8.625600e-01 6.832000e-03 1.306080e-01
327 8.626960e-01 6.872000e-03 1.304320e-01
328 8.628280e-01 6.688000e-03 1.304840e-01
329 8.630000e-01 6.620000e-03 1.303800e-01
330 8.631320e-01 6.564000e-03 1.303040e-01
331 8.634280e-01 6.580000e-03 1.299920e-01
332 8.636160e-01 6.500000e-03 1.298840e-01
333 8.637600e-01 6.376000e-03 1.298640e-01
334 8.638640e-01 6.388000e-03 1.297480e-01
335 8.639720e-01 6.472000e-03 1.295560e-01
336 8.643280e-01 6.236000e-03 1.294360e-01
337 8.645000e-01 6.260000e-03 1.292400e-01
338 8.646840e-01 6.284000e-03 1.290320e-01
339 8.648200e-01 6.212000e-03 1.289680e-01
340 8.650360e-01 6.208000e-03 1.287560e-01
341 8.651640e-01 6.160000e-03 1.286760e-01
342 8.654080e-01 6.104000e-03 1.284880e-01
343 8.656480e-01 6.024000e-03 1.283280e-01
344 8.658840e-01 6.124000e-03 1.279920e-01
345 8.659920e-01 6.212000e-03 1.277960e-01
346 8.661800e-01 6.296000e-03 1.275240e-01
347 8.663040e-01 6.332000e-03 1.273640e-01
348 8.663760e-01 6.416000e-03 1.272080e-01
349 8.666040e-01 6.432000e-03 1.269640e-01
350 8.667800e-01 6.492000e-03 1.267280e-01
351 8.668800e-01 6.420000e-03 1.267000e-01
352 8.668720e-01 6.452000e-03 1.266760e-01
353 8.670240e-01 6.392000e-03 1.265840e-01
354 8.670560e-01 6.468000e-03 1.264760e-01
355 8.673040e-01 6.444000e-03 1.262520e-01
356 8.674680e-01 6.444000e-03 1.260880e-01
357 8.675680e-01 6.456000e-03 1.259760e-01
358 8.677280e-01 6.424000e-03 1.258480e-01
359 8.678760e-01 6.444000e-03 1.256800e-01
360 8.678160e-01 6.536000e-03 1.256480e-01
361 8.679320e-01 6.356000e-03 1.257120e-01
362 8.680520e-01 6.320000e-03 1.256280e-01
363 8.682080e-01 6.312000e-03 1.254800e-01
364 8.682800e-01 6.444000e-03 1.252760e-01
365 8.684720e-01 6.340000e-03 1.251880e-01
366 8.687560e-01 6.312000e-03 1.249320e-01
367 8.688720e-01 6.312000e-03 1.248160e-01
368 8.691640e-01 6.220000e-03 1.246160e-01
369 8.693680e-01 6.076000e-03 1.245560e-01
370 8.696200e-01 6.160000e-03 1.242200e-01
371 8.698320e-01 6.056000e-03 1.241120e-01
372 8.700520e-01 5.896000e-03 1.240520e-01
373 8.703720e-01 5.800000e-03 1.238280e-01
374 8.706960e-01 5.820000e-03 1.234840e-01
375 8.708720e-01 5.716000e-03 1.234120e-01
376 8.710000e-01 5.864000e-03 1.231360e-01
377 8.712920e-01 5.784000e-03 1.229240e-01
378 8.714160e-01 5.824000e-03 1.227600e-01
379 8.716160e-01 5.724000e-03 1.226600e-01
380 8.718840e-01 5.648000e-03 1.224680e-01
381 8.721480e-01 5.544000e-03 1.223080e-01
382 8.724560e-01 5.400000e-03 1.221440e-01
383 8.728040e-01 5.408000e-03 1.217880e-01
384 8.731640e-01 5.348000e-03 1.214880e-01
385 8.733760e-01 5.236000e-03 1.213880e-01
386 8.735600e-01 5.284000e-03 1.211560e-01
387 8.738880e-01 5.328000e-03 1.207840e-01
388 8.741280e-01 5.284000e-03 1.205880e-01
389 8.744800e-01 5.308000e-03 1.202120e-01
390 8.746240e-01 5.340000e-03 1.200360e-01
391 8.748200e-01 5.360000e-03 1.198200e-01
392 8.750640e-01 5.348000e-03 1.195880e-01
393 8.753200e-01 5.256000e-03 1.194240e-01
394 8.755280e-01 5.208000e-03 1.192640e-01
395 8.757880e-01 5.204000e-03 1.190080e-01
396 8.760440e-01 5.116000e-03 1.188400e-01
397 8.763880e-01 5.040000e-03 1.185720e-01
398 8.766840e-01 4.976000e-03 1.183400e-01
399 8.769680e-01 5.032000e-03 1.180000e-01
400 8.771400e-01 5.060000e-03 1.178000e-01
401 8.774320e-01 5.008000e-03 1.175600e-01
402 8.777680e-01 4.984000e-03 1.172480e-01
403 8.780200e-01 4.952000e-03 1.170280e-01
404 8.783120e-01 4.932000e-03 1.167560e-01
405 8.785120e-01 4.980000e-03 1.165080e-01
406 8.788760e-01 4.872000e-03 1.162520e-01
407 8.792920e-01 4.792000e-03 1.159160e-01
408 8.794760e-01 4.844000e-03 1.156800e-01
409 8.797600e-01 4.868000e-03 1.153720e-01
410 8.799640e-01 4.840000e-03 1.151960e-01
411 8.803280e-01 4.792000e-03 1.148800e-01
412 8.806040e-01 4.820000e-03 1.145760e-01
413 8.809200e-01 4.856000e-03 1.142240e-01
414 8.812200e-01 4.728000e-03 1.140520e-01
415 8.815480e-01 4.760000e-03 1.136920e-01
416 8.818800e-01 4.852000e-03 1.132680e-01
417 8.822800e-01 4.748000e-03 1.129720e-01
418 8.825440e-01 4.620000e-03 1.128360e-01
419 8.827680e-01 4.508000e-03 1.127240e-01
420 8.829680e-01 4.460000e-03 1.125720e-01
421 8.832720e-01 4.376000e-03 1.123520e-01
422 8.836880e-01 4.380000e-03 1.119320e-01
423 8.841360e-01 4.292000e-03 1.115720e-01
424 8.847160e-01 4.164000e-03 1.111200e-01
425 8.850520e-01 4.176000e-03 1.107720e-01
426 8.853800e-01 4.244000e-03 1.103760e-01
427 8.857360e-01 4.176000e-03 1.100880e-01
428 8.859480e-01 4.320000e-03 1.097320e-01
429 8.862840e-01 4.256000e-03 1.094600e-01
430 8.865040e-01 4.268000e-03 1.092280e-01
431 8.867200e-01 4.316000e-03 1.089640e-01
432 8.869400e-01 4.408000e-03 1.086520e-01
433 8.873080e-01 4.344000e-03 1.083480e-01
434 8.875360e-01 4.364000e-03 1.081000e-01
435 8.878880e-01 4.228000e-03 1.078840e-01
436 8.883640e-01 4.220000e-03 1.074160e-01
437 8.887560e-01 4.252000e-03 1.069920e-01
438 8.891080e-01 4.128000e-03 1.067640e-01
439 8.894360e-01 4.184000e-03 1.063800e-01
440 8.898280e-01 4.156000e-03 1.060160e-01
441 8.900920e-01 4.140000e-03 1.057680e-01
442 8.905960e-01 4.080000e-03 1.053240e-01
443 8.910240e-01 4.000000e-03 1.049760e-01
444 8.914160e-01 3.956000e-03 1.046280e-01
445 8.918600e-01 3.920000e-03 1.042200e-01
446 8.920480e-01 3.964000e-03 1.039880e-01
447 8.923680e-01 3.956000e-03 1.036760e-01
448 8.927360e-01 3.976000e-03 1.032880e-01
449 8.930800e-01 4.004000e-03 1.029160e-01
450 8.934200e-01 3.992000e-03 1.025880e-01
451 8.935760e-01 4.036000e-03 1.023880e-01
452 8.940000e-01 4.120000e-03 1.018800e-01
453 8.943000e-01 4.044000e-03 1.016560e-01
454 8.945960e-01 3.976000e-03 1.014280e-01
455 8.949120e-01 3.976000e-03 1.011120e-01
456 8.953120e-01 3.940000e-03 1.007480e-01
457 8.955960e-01 3.860000e-03 1.005440e-01
458 8.959480e-01 3.852000e-03 1.002000e-01
459 8.961880e-01 3.936000e-03 9.987600e-02
460 8.966240e-01 3.876000e-03 9.950000e-02
461 8.970480e-01 3.816000e-03 9.913600e-02
462 8.975200e-01 3.808000e-03 9.867200e-02
463 8.978720e-01 3.788000e-03 9.834000e-02
464 8.981360e-01 3.812000e-03 9.805200e-02
465 8.983440e-01 3.916000e-03 9.774000e-02
466 8.984320e-01 3.944000e-03 9.762400e-02
467 8.986600e-01 3.952000e-03 9.738800e-02
468 8.987640e-01 4.104000e-03 9.713200e-02
469 8.989680e-01 4.080000e-03 9.695200e-02
470 8.992120e-01 3.996000e-03 9.679200e-02
471 8.994280e-01 4.016000e-03 9.655600e-02
472 8.996880e-01 4.056000e-03 9.625600e-02
473 8.998040e-01 4.172000e-03 9.602400e-02
474 8.999640e-01 4.212000e-03 9.582400e-02
475 9.003680e-01 4.200000e-03 9.543200e-02
476 9.005320e-01 4.216000e-03 9.525200e-02
477 9.006960e-01 4.256000e-03 9.504800e-02
478 9.007960e-01 4.224000e-03 9.498000e-02
479 9.009560e-01 4.120000e-03 9.492400e-02
480 9.013520e-01 4.024000e-03 9.462400e-02
481 9.015120e-01 4.028000e-03 9.446000e-02
482 9.015320e-01 4.052000e-03 9.441600e-02
483 9.016880e-01 4.112000e-03 9.420000e-02
484 9.021400e-01 4.000000e-03 9.386000e-02
485 9.024720e-01 3.976000e-03 9.355200e-02
486 9.027400e-01 3.992000e-03 9.326800e-02
487 9.029840e-01 3.984000e-03 9.303200e-02
488 9.031160e-01 3.988000e-03 9.289600e-02
489 9.034840e-01 3.904000e-03 9.261200e-02
490 9.037720e-01 3.924000e-03 9.230400e-02
491 9.040840e-01 3.836000e-03 9.208000e-02
492 9.043840e-01 3.740000e-03 9.187600e-02
493 9.046640e-01 3.680000e-03 9.165600e-02
494 9.049800e-01 3.620000e-03 9.140000e-02
495 9.052640e-01 3.568000e-03 9.116800e-02
496 9.054400e-01 3.588000e-03 9.097200e-02
497 9.056000e-01 3.608000e-03 9.079200e-02
498 9.059720e-01 3.600000e-03 9.042800e-02
499 9.062640e-01 3.532000e-03 9.020400e-02
500 9.064920e-01 3.512000e-03 8.999600e-02
501 9.066640e-01 3.600000e-03 8.973600e-02
502 9.068480e-01 3.680000e-03 8.947200e-02
503 9.069800e-01 3.844000e-03 8.917600e-02
504 9.071000e-01 3.820000e-03 8.908000e-02
505 9.072360e-01 3.816000e-03 8.894800e-02
506 9.075320e-01 3.864000e-03 8.860400e-02
507 9.076800e-01 3.860000e-03 8.846000e-02
508 9.078480e-01 3.868000e-03 8.828400e-02
509 9.081000e-01 3.740000e-03 8.816000e-02
510 9.083560e-01 3.840000e-03 8.780400e-02
511 9.086760e-01 3.736000e-03 8.758800e-02
512 9.088200e-01 3.780000e-03 8.740000e-02
513 9.088800e-01 3.836000e-03 8.728400e-02
514 9.090840e-01 3.864000e-03 8.705200e-02
515 9.092520e-01 3.908000e-03 8.684000e-02
516 9.095080e-01 3.956000e-03 8.653600e-02
517 9.098560e-01 3.892000e-03 8.625200e-02
518 9.101440e-01 3.828000e-03 8.602800e-02
519 9.103040e-01 3.832000e-03 8.586400e-02
520 9.105480e-01 3.820000e-03 8.563200e-02
521 9.106960e-01 3.804000e-03 8.550000e-02
522 9.109600e-01 3.804000e-03 8.523600e-02
523 9.111720e-01 3.824000e-03 8.500400e-02
524 9.113240e-01 3.792000e-03 8.488400e-02
525 9.116360e-01 3.744000e-03 8.462000e-02
526 9.118960e-01 3.660000e-03 8.444400e-02
527 9.122160e-01 3.608000e-03 8.417600e-02
528 9.125840e-01 3.540000e-03 8.387600e-02
529 9.129000e-01 3.476000e-03 8.362400e-02
530 9.132200e-01 3.504000e-03 8.327600e-02
531 9.134960e-01 3.516000e-03 8.298800e-02
532 9.138040e-01 3.464000e-03 8.273200e-02
533 9.140480e-01 3.408000e-03 8.254400e-02
534 9.144160e-01 3.352000e-03 8.223200e-02
535 9.146520e-01 3.352000e-03 8.199600e-02
536 9.148680e-01 3.364000e-03 8.176800e-02
537 9.149960e-01 3.444000e-03 8.156000e-02
538 9.151760e-01 3.496000e-03 8.132800e-02
539 9.152400e-01 3.588000e-03 8.117200e-02
540 9.154080e-01 3.624000e-03 8.096800e-02
541 9.155280e-01 3.512000e-03 8.096000e-02
542 9.156680e-01 3.524000e-03 8.080800e-02
543 9.158120e-01 3.628000e-03 8.056000e-02
544 9.160440e-01 3.540000e-03 8.041600e-02
545 9.161960e-01 3.596000e-03 8.020800e-02
546 9.164560e-01 3.640000e-03 7.990400e-02
547 9.167160e-01 3.528000e-03 7.975600e-02
548 9.168920e-01 3.532000e-03 7.957600e-02
549 9.170520e-01 3.520000e-03 7.942800e-02
550 9.173240e-01 3.408000e-03 7.926800e-02
551 9.176560e-01 3.316000e-03 7.902800e-02
552 9.179880e-01 3.256000e-03 7.875600e-02
553 9.182040e-01 3.228000e-03 7.856800e-02
554 9.183440e-01 3.188000e-03 7.846800e-02
555 9.185840e-01 3.100000e-03 7.831600e-02
556 9.187800e-01 3.052000e-03 7.816800e-02
557 9.192160e-01 2.988000e-03 7.779600e-02
558 9.195120e-01 2.940000e-03 7.754800e-02
559 9.197680e-01 2.944000e-03 7.728800e-02
560 9.200000e-01 3.048000e-03 7.695200e-02
561 9.202840e-01 3.020000e-03 7.669600e-02
562 9.204760e-01 2.956000e-03 7.656800e-02
563 9.206360e-01 3.008000e-03 7.635600e-02
564 9.208920e-01 3.000000e-03 7.610800e-02
565 9.211960e-01 2.992000e-03 7.581200e-02
566 9.214480e-01 3.008000e-03 7.554400e-02
567 9.217360e-01 2.940000e-03 7.532400e-02
568 9.218320e-01 2.988000e-03 7.518000e-02
569 9.221600e-01 2.944000e-03 7.489600e-02
570 9.224600e-01 2.952000e-03 7.458800e-02
571 9.226880e-01 2.864000e-03 7.444800e-02
572 9.229000e-01 2.872000e-03 7.422800e-02
573 9.231280e-01 2.904000e-03 7.396800e-02
574 9.233000e-01 2.820000e-03 7.388000e-02
575 9.234240e-01 2.908000e-03 7.366800e-02
576 9.236680e-01 2.912000e-03 7.342000e-02
577 9.239880e-01 2.816000e-03 7.319600e-02
578 9.242760e-01 2.704000e-03 7.302000e-02
579 9.246280e-01 2.708000e-03 7.266400e-02
580 9.247160e-01 2.748000e-03 7.253600e-02
581 9.250280e-01 2.796000e-03 7.217600e-02
582 9.252440e-01 2.840000e-03 7.191600e-02
583 9.254760e-01 2.780000e-03 7.174400e-02
584 9.257160e-01 2.772000e-03 7.151200e-02
585 9.259720e-01 2.636000e-03 7.139200e-02
586 9.262600e-01 2.508000e-03 7.123200e-02
587 9.265240e-01 2.384000e-03 7.109200e-02
588 9.267280e-01 2.440000e-03 7.083200e-02
589 9.268360e-01 2.512000e-03 7.065200e-02
590 9.269480e-01 2.476000e-03 7.057600e-02
591 9.272400e-01 2.420000e-03 7.034000e-02
592 9.275240e-01 2.532000e-03 6.994400e-02
593 9.277080e-01 2.608000e-03 6.968400e-02
594 9.279920e-01 2.640000e-03 6.936800e-02
595 9.282320e-01 2.672000e-03 6.909600e-02
596 9.284360e-01 2.640000e-03 6.892400e-02
597 9.286760e-01 2.616000e-03 6.870800e-02
598 9.288080e-01 2.600000e-03 6.859200e-02
599 9.289120e-01 2.700000e-03 6.838800e-02
600 9.290480e-01 2.744000e-03 6.820800e-02
601 9.292720e-01 2.700000e-03 6.802800e-02
602 9.294160e-01 2.752000e-03 6.783200e-02
603 9.296520e-01 2.732000e-03 6.761600e-02
604 9.298640e-01 2.704000e-03 6.743200e-02
605 9.300920e-01 2.708000e-03 6.720000e-02
606 9.302840e-01 2.748000e-03 6.696800e-02
607 9.304720e-01 2.760000e-03 6.676800e-02
608 9.306760e-01 2.732000e-03 6.659200e-02
609 9.309280e-01 2.728000e-03 6.634400e-02
610 9.309960e-01 2.852000e-03 6.615200e-02
611 9.312160e-01 2.920000e-03 6.586400e-02
612 9.313000e-01 2.924000e-03 6.577600e-02
613 9.315480e-01 2.924000e-03 6.552800e-02
614 9.316640e-01 2.920000e-03 6.541600e-02
615 9.318160e-01 2.924000e-03 6.526000e-02
616 9.319880e-01 2.876000e-03 6.513600e-02
617 9.320800e-01 2.960000e-03 6.496000e-02
618 9.322040e-01 3.012000e-03 6.478400e-02
619 9.323480e-01 3.048000e-03 6.460400e-02
620 9.323760e-01 3.056000e-03 6.456800e-02
621 9.326680e-01 3.040000e-03 6.429200e-02
622 9.328960e-01 2.928000e-03 6.417600e-02
623 9.330000e-01 2.960000e-03 6.404000e-02
624 9.331240e-01 2.944000e-03 6.393200e-02
625 9.332240e-01 2.884000e-03 6.389200e-02
626 9.333280e-01 2.896000e-03 6.377600e-02
627 9.336000e-01 2.852000e-03 6.354800e-02
628 9.337560e-01 2.860000e-03 6.338400e-02
629 9.338720e-01 2.856000e-03 6.327200e-02
630 9.338760e-01 3.020000e-03 6.310400e-02
631 9.338600e-01 3.124000e-03 6.301600e-02
632 9.340040e-01 3.084000e-03 6.291200e-02
633 9.340640e-01 3.120000e-03 6.281600e-02
634 9.341960e-01 3.156000e-03 6.264800e-02
635 9.342840e-01 3.240000e-03 6.247600e-02
636 9.342640e-01 3.224000e-03 6.251200e-02
637 9.342440e-01 3.292000e-03 6.246400e-02
638 9.342080e-01 3.376000e-03 6.241600e-02
639 9.342320e-01 3.480000e-03 6.228800e-02
640 9.342880e-01 3.524000e-03 6.218800e-02
641 9.342320e-01 3.620000e-03 6.214800e-02
642 9.342440e-01 3.684000e-03 6.207200e-02
643 9.341400e-01 3.900000e-03 6.196000e-02
644 9.340760e-01 3.884000e-03 6.204000e-02
645 9.339760e-01 3.852000e-03 6.217200e-02
646 9.340560e-01 3.684000e-03 6.226000e-02
647 9.340840e-01 3.772000e-03 6.214400e-02
648 9.340240e-01 3.768000e-03 6.220800e-02
649 9.339320e-01 3.788000e-03 6.228000e-02
650 9.339400e-01 3.656000e-03 6.240400e-02
651 9.338240e-01 3.656000e-03 6.252000e-02
652 9.338880e-01 3.664000e-03 6.244800e-02
653 9.339720e-01 3.508000e-03 6.252000e-02
654 9.340480e-01 3.432000e-03 6.252000e-02
655 9.340560e-01 3.512000e-03 6.243200e-02
656 9.340800e-01 3.460000e-03 6.246000e-02
657 9.341720e-01 3.472000e-03 6.235600e-02
658 9.341800e-01 3.524000e-03 6.229600e-02
659 9.342720e-01 3.460000e-03 6.226800e-02
660 9.343200e-01 3.388000e-03 6.229200e-02
661 9.341280e-01 3.600000e-03 6.227200e-02
662 9.340840e-01 3.688000e-03 6.222800e-02
663 9.339240e-01 3.740000e-03 6.233600e-02
664 9.340120e-01 3.780000e-03 6.220800e-02
665 9.340320e-01 3.804000e-03 6.216400e-02
666 9.340840e-01 3.720000e-03 6.219600e-02
667 9.340480e-01 3.692000e-03 6.226000e-02
668 9.340720e-01 3.644000e-03 6.228400e-02
669 9.340160e-01 3.648000e-03 6.233600e-02
670 9.339320e-01 3.720000e-03 6.234800e-02
671 9.339200e-01 3.684000e-03 6.239600e-02
672 9.338320e-01 3.684000e-03 6.248400e-02
673 9.337400e-01 3.688000e-03 6.257200e-02
674 9.338720e-01 3.612000e-03 6.251600e-02
675 9.339520e-01 3.556000e-03 6.249200e-02
676 9.339720e-01 3.436000e-03 6.259200e-02
677 9.341160e-01 3.280000e-03 6.260400e-02
678 9.342160e-01 3.236000e-03 6.254800e-02
679 9.343200e-01 3.184000e-03 6.249600e-02
680 9.344520e-01 3.040000e-03 6.250800e-02
681 9.345440e-01 2.968000e-03 6.248800e-02
682 9.346800e-01 2.932000e-03 6.238800e-02
683 9.348880e-01 2.768000e-03 6.234400e-02
684 9.349640e-01 2.788000e-03 6.224800e-02
685 9.352840e-01 2.680000e-03 6.203600e-02
686 9.354640e-01 2.680000e-03 6.185600e-02
687 9.356240e-01 2.592000e-03 6.178400e-02
688 9.357640e-01 2.596000e-03 6.164000e-02
689 9.358280e-01 2.604000e-03 6.156800e-02
690 9.360080e-01 2.552000e-03 6.144000e-02
691 9.362160e-01 2.560000e-03 6.122400e-02
692 9.363680e-01 2.564000e-03 6.106800e-02
693 9.364960e-01 2.508000e-03 6.099600e-02
694 9.366520e-01 2.444000e-03 6.090400e-02
695 9.368560e-01 2.464000e-03 6.068000e-02
696 9.370160e-01 2.460000e-03 6.052400e-02
697 9.371520e-01 2.480000e-03 6.036800e-02
698 9.375320e-01 2.348000e-03 6.012000e-02
699 9.376440e-01 2.356000e-03 6.000000e-02
700 9.379000e-01 2.288000e-03 5.981200e-02
701 9.381360e-01 2.288000e-03 5.957600e-02
702 9.383960e-01 2.372000e-03 5.923200e-02
703 9.385320e-01 2.312000e-03 5.915600e-02
704 9.386960e-01 2.328000e-03 5.897600e-02
705 9.389320e-01 2.360000e-03 5.870800e-02
706 9.391800e-01 2.300000e-03 5.852000e-02
707 9.394280e-01 2.236000e-03 5.833600e-02
708 9.396440e-01 2.192000e-03 5.816400e-02
709 9.398480e-01 2.296000e-03 5.785600e-02
710 9.399840e-01 2.316000e-03 5.770000e-02
711 9.401840e-01 2.308000e-03 5.750800e-02
712 9.404720e-01 2.204000e-03 5.732400e-02
713 9.406520e-01 2.196000e-03 5.715200e-02
714 9.408720e-01 2.124000e-03 5.700400e-02
715 9.410960e-01 2.120000e-03 5.678400e-02
716 9.412960e-01 2.084000e-03 5.662000e-02
717 9.415720e-01 2.000000e-03 5.642800e-02
718 9.417760e-01 2.024000e-03 5.620000e-02
719 9.419720e-01 1.996000e-03 5.603200e-02
720 9.421360e-01 2.000000e-03 5.586400e-02
721 9.423640e-01 1.944000e-03 5.569200e-02
722 9.425360e-01 1.996000e-03 5.546800e-02
723 9.426720e-01 2.096000e-03 5.523200e-02
724 9.428680e-01 2.084000e-03 5.504800e-02
725 9.429880e-01 2.052000e-03 5.496000e-02
726 9.432200e-01 2.000000e-03 5.478000e-02
727 9.434080e-01 1.988000e-03 5.460400e-02
728 9.436360e-01 2.004000e-03 5.436000e-02
729 9.437720e-01 2.012000e-03 5.421600e-02
730 9.441320e-01 1.904000e-03 5.396400e-02
731 9.444320e-01 1.792000e-03 5.377600e-02
732 9.447440e-01 1.724000e-03 5.353200e-02
733 9.449800e-01 1.728000e-03 5.329200e-02
734 9.451640e-01 1.808000e-03 5.302800e-02
735 9.453760e-01 1.736000e-03 5.288800e-02
736 9.455920e-01 1.756000e-03 5.265200e-02
737 9.457640e-01 1.680000e-03 5.255600e-02
738 9.459400e-01 1.748000e-03 5.231200e-02
739 9.460880e-01 1.780000e-03 5.213200e-02
740 9.461320e-01 1.940000e-03 5.192800e-02
741 9.462560e-01 2.068000e-03 5.167600e-02
742 9.463520e-01 2.096000e-03 5.155200e-02
743 9.463760e-01 2.144000e-03 5.148000e-02
744 9.465080e-01 2.100000e-03 5.139200e-02
745 9.466520e-01 2.148000e-03 5.120000e-02
746 9.466720e-01 2.204000e-03 5.112400e-02
747 9.468160e-01 2.244000e-03 5.094000e-02
748 9.470720e-01 2.192000e-03 5.073600e-02
749 9.471640e-01 2.292000e-03 5.054400e-02
750 9.473080e-01 2.296000e-03 5.039600e-02
751 9.474320e-01 2.368000e-03 5.020000e-02
752 9.475520e-01 2.324000e-03 5.012400e-02
753 9.476760e-01 2.284000e-03 5.004000e-02
754 9.478080e-01 2.272000e-03 4.992000e-02
755 9.478840e-01 2.348000e-03 4.976800e-02
756 9.479960e-01 2.404000e-03 4.960000e-02
757 9.481280e-01 2.396000e-03 4.947600e-02
758 9.482160e-01 2.456000e-03 4.932800e-02
759 9.482120e-01 2.444000e-03 4.934400e-02
760 9.481840e-01 2.472000e-03 4.934400e-02
761 9.482800e-01 2.492000e-03 4.922800e-02
762 9.482880e-01 2.496000e-03 4.921600e-02
763 9.484560e-01 2.356000e-03 4.918800e-02
764 9.485640e-01 2.368000e-03 4.906800e-02
765 9.485000e-01 2.432000e-03 4.906800e-02
766 9.486520e-01 2.356000e-03 4.899200e-02
767 9.487600e-01 2.400000e-03 4.884000e-02
768 9.489080e-01 2.352000e-03 4.874000e-02
769 9.489600e-01 2.332000e-03 4.870800e-02
770 9.489240e-01 2.336000e-03 4.874000e-02
771 9.490560e-01 2.312000e-03 4.863200e-02
772 9.491480e-01 2.240000e-03 4.861200e-02
773 9.493480e-01 2.204000e-03 4.844800e-02
774 9.495200e-01 2.152000e-03 4.832800e-02
775 9.495880e-01 2.156000e-03 4.825600e-02
776 9.497120e-01 2.184000e-03 4.810400e-02
777 9.497120e-01 2.188000e-03 4.810000e-02
778 9.497840e-01 2.204000e-03 4.801200e-02
779 9.499480e-01 2.224000e-03 4.782800e-02
780 9.499000e-01 2.312000e-03 4.778800e-02
781 9.499280e-01 2.436000e-03 4.763600e-02
782 9.498920e-01 2.444000e-03 4.766400e-02
783 9.499600e-01 2.316000e-03 4.772400e-02
784 9.500640e-01 2.316000e-03 4.762000e-02
785 9.501320e-01 2.348000e-03 4.752000e-02
786 9.501200e-01 2.396000e-03 4.748400e-02
787 9.501960e-01 2.400000e-03 4.740400e-02
788 9.501800e-01 2.520000e-03 4.730000e-02
789 9.503080e-01 2.492000e-03 4.720000e-02
790 9.504120e-01 2.456000e-03 4.713200e-02
791 9.505760e-01 2.468000e-03 4.695600e-02
792 9.506960e-01 2.392000e-03 4.691200e-02
793 9.507440e-01 2.384000e-03 4.687200e-02
794 9.508920e-01 2.312000e-03 4.679600e-02
795 9.509240e-01 2.356000e-03 4.672000e-02
796 9.510120e-01 2.380000e-03 4.660800e-02
797 9.509800e-01 2.496000e-03 4.652400e-02
798 9.509400e-01 2.552000e-03 4.650800e-02
799 9.509560e-01 2.492000e-03 4.655200e-02
800 9.510240e-01 2.624000e-03 4.635200e-02
801 9.509920e-01 2.620000e-03 4.638800e-02
802 9.509800e-01 2.652000e-03 4.636800e-02
803 9.509480e-01 2.656000e-03 4.639600e-02
804 9.509120e-01 2.692000e-03 4.639600e-02
805 9.508680e-01 2.856000e-03 4.627600e-02
806 9.506640e-01 2.932000e-03 4.640400e-02
807 9.505560e-01 2.988000e-03 4.645600e-02
808 9.504480e-01 3.076000e-03 4.647600e-02
809 9.503400e-01 3.176000e-03 4.648400e-02
810 9.501360e-01 3.312000e-03 4.655200e-02
811 9.500400e-01 3.344000e-03 4.661600e-02
812 9.500040e-01 3.212000e-03 4.678400e-02
813 9.498640e-01 3.316000e-03 4.682000e-02
814 9.497960e-01 3.232000e-03 4.697200e-02
815 9.497480e-01 3.156000e-03 4.709600e-02
816 9.496360e-01 3.252000e-03 4.711200e-02
817 9.494560e-01 3.348000e-03 4.719600e-02
818 9.493920e-01 3.272000e-03 4.733600e-02
819 9.492520e-01 3.344000e-03 4.740400e-02
820 9.492680e-01 3.200000e-03 4.753200e-02
821 9.491840e-01 3.136000e-03 4.768000e-02
822 9.491040e-01 3.208000e-03 4.768800e-02
823 9.489880e-01 3.244000e-03 4.776800e-02
824 9.488680e-01 3.304000e-03 4.782800e-02
825 9.487960e-01 3.328000e-03 4.787600e-02
826 9.488040e-01 3.196000e-03 4.800000e-02
827 9.487600e-01 3.136000e-03 4.810400e-02
828 9.486160e-01 3.256000e-03 4.812800e-02
829 9.486200e-01 3.284000e-03 4.809600e-02
830 9.485840e-01 3.192000e-03 4.822400e-02
831 9.486600e-01 3.184000e-03 4.815600e-02
832 9.486040e-01 3.164000e-03 4.823200e-02
833 9.485760e-01 3.128000e-03 4.829600e-02
834 9.485480e-01 3.116000e-03 4.833600e-02
835 9.484960e-01 3.104000e-03 4.840000e-02
836 9.486120e-01 3.032000e-03 4.835600e-02
837 9.487320e-01 2.960000e-03 4.830800e-02
838 9.487160e-01 2.976000e-03 4.830800e-02
839 9.486680e-01 3.012000e-03 4.832000e-02
840 9.486560e-01 2.964000e-03 4.838000e-02
841 9.485840e-01 2.924000e-03 4.849200e-02
842 9.486480e-01 2.856000e-03 4.849600e-02
843 9.485840e-01 2.952000e-03 4.846400e-02
844 9.483920e-01 3.048000e-03 4.856000e-02
845 9.483880e-01 3.156000e-03 4.845600e-02
846 9.482040e-01 3.224000e-03 4.857200e-02
847 9.480480e-01 3.316000e-03 4.863600e-02
848 9.479480e-01 3.376000e-03 4.867600e-02
849 9.478480e-01 3.256000e-03 4.889600e-02
850 9.478400e-01 3.248000e-03 4.891200e-02
851 9.478000e-01 3.272000e-03 4.892800e-02
852 9.475600e-01 3.284000e-03 4.915600e-02
853 9.474720e-01 3.276000e-03 4.925200e-02
854 9.473680e-01 3.284000e-03 4.934800e-02
855 9.473040e-01 3.304000e-03 4.939200e-02
856 9.472320e-01 3.236000e-03 4.953200e-02
857 9.471560e-01 3.224000e-03 4.962000e-02
858 9.471920e-01 3.180000e-03 4.962800e-02
859 9.471240e-01 3.204000e-03 4.967200e-02
860 9.471280e-01 3.236000e-03 4.963600e-02
861 9.469240e-01 3.360000e-03 4.971600e-02
862 9.467800e-01 3.452000e-03 4.976800e-02
863 9.466080e-01 3.496000e-03 4.989600e-02
864 9.465240e-01 3.532000e-03 4.994400e-02
865 9.464200e-01 3.608000e-03 4.997200e-02
866 9.461320e-01 3.788000e-03 5.008000e-02
867 9.459200e-01 3.864000e-03 5.021600e-02
868 9.456400e-01 3.944000e-03 5.041600e-02
869 9.453920e-01 4.068000e-03 5.054000e-02
870 9.451800e-01 4.088000e-03 5.073200e-02
871 9.449640e-01 4.108000e-03 5.092800e-02
872 9.447200e-01 4.116000e-03 5.116400e-02
873 9.445920e-01 4.096000e-03 5.131200e-02
874 9.444720e-01 4.092000e-03 5.143600e-02
875 9.443120e-01 3.948000e-03 5.174000e-02
876 9.442600e-01 3.896000e-03 5.184400e-02
877 9.441360e-01 3.868000e-03 5.199600e-02
878 9.440400e-01 3.824000e-03 5.213600e-02
879 9.439640e-01 3.820000e-03 5.221600e-02
880 9.437920e-01 3.924000e-03 5.228400e-02
881 9.434840e-01 4.016000e-03 5.250000e-02
882 9.433920e-01 4.088000e-03 5.252000e-02
883 9.432280e-01 4.084000e-03 5.268800e-02
884 9.429800e-01 4.284000e-03 5.273600e-02
885 9.427760e-01 4.220000e-03 5.300400e-02
886 9.426760e-01 4.152000e-03 5.317200e-02
887 9.424960e-01 4.028000e-03 5.347600e-02
888 9.422600e-01 4.228000e-03 5.351200e-02
889 9.420000e-01 4.308000e-03 5.369200e-02
890 9.418600e-01 4.308000e-03 5.383200e-02
891 9.417000e-01 4.264000e-03 5.403600e-02
892 9.414440e-01 4.312000e-03 5.424400e-02
893 9.412320e-01 4.288000e-03 5.448000e-02
894 9.410800e-01 4.244000e-03 5.467600e-02
895 9.409880e-01 4.140000e-03 5.487200e-02
896 9.408440e-01 4.028000e-03 5.512800e-02
897 9.406760e-01 4.132000e-03 5.519200e-02
898 9.405600e-01 4.116000e-03 5.532400e-02
899 9.403640e-01 4.116000e-03 5.552000e-02
900 9.403320e-01 4.076000e-03 5.559200e-02
901 9.401920e-01 4.020000e-03 5.578800e-02
902 9.401480e-01 4.064000e-03 5.578800e-02
903 9.399720e-01 4.116000e-03 5.591200e-02
904 9.398000e-01 4.056000e-03 5.614400e-02
905 9.396360e-01 4.112000e-03 5.625200e-02
906 9.394960e-01 3.988000e-03 5.651600e-02
907 9.393600e-01 3.996000e-03 5.664400e-02
908 9.393160e-01 3.952000e-03 5.673200e-02
909 9.392680e-01 3.932000e-03 5.680000e-02
910 9.391720e-01 3.892000e-03 5.693600e-02
911 9.391240e-01 3.952000e-03 5.692400e-02
912 9.390680e-01 3.912000e-03 5.702000e-02
913 9.390760e-01 3.824000e-03 5.710000e-02
914 9.389240e-01 3.908000e-03 5.716800e-02
915 9.388160e-01 3.948000e-03 5.723600e-02
916 9.386920e-01 4.052000e-03 5.725600e-02
917 9.385800e-01 4.136000e-03 5.728400e-02
918 9.384040e-01 4.036000e-03 5.756000e-02
919 9.384280e-01 3.888000e-03 5.768400e-02
920 9.384000e-01 3.836000e-03 5.776400e-02
921 9.384280e-01 3.688000e-03 5.788400e-02
922 9.383920e-01 3.680000e-03 5.792800e-02
923 9.384320e-01 3.560000e-03 5.800800e-02
924 9.384920e-01 3.616000e-03 5.789200e-02
925 9.384920e-01 3.564000e-03 5.794400e-02
926 9.384200e-01 3.708000e-03 5.787200e-02
927 9.382960e-01 3.812000e-03 5.789200e-02
928 9.383320e-01 3.764000e-03 5.790400e-02
929 9.382360e-01 3.836000e-03 5.792800e-02
930 9.382240e-01 3.884000e-03 5.789200e-02
931 9.381920e-01 3.860000e-03 5.794800e-02
932 9.380800e-01 3.852000e-03 5.806800e-02
