1 9.991840e-01 7.200000e-04 9.600000e-05
2 9.986840e-01 1.048000e-03 2.680000e-04
3 9.980880e-01 1.444000e-03 4.680000e-04
4 9.974240e-01 1.824000e-03 7.520000e-04
5 9.966480e-01 2.272000e-03 1.080000e-03
6 9.958280e-01 2.660000e-03 1.512000e-03
7 9.950520e-01 2.944000e-03 2.004000e-03
8 9.941080e-01 3.320000e-03 2.572000e-03
9 9.931640e-01 3.624000e-03 3.212000e-03
10 9.921680e-01 3.932000e-03 3.900000e-03
11 9.911240e-01 4.280000e-03 4.596000e-03
12 9.900560e-01 4.624000e-03 5.320000e-03
13 9.889320e-01 5.060000e-03 6.008000e-03
14 9.878760e-01 5.252000e-03 6.872000e-03
15 9.866440e-01 5.616000e-03 7.740000e-03
16 9.854680e-01 5.884000e-03 8.648000e-03
17 9.842440e-01 6.140000e-03 9.616000e-03
18 9.829920e-01 6.508000e-03 1.050000e-02
19 9.817000e-01 6.788000e-03 1.151200e-02
20 9.802480e-01 7.156000e-03 1.259600e-02
21 9.789280e-01 7.416000e-03 1.365600e-02
22 9.775920e-01 7.572000e-03 1.483600e-02
23 9.763440e-01 7.704000e-03 1.595200e-02
24 9.750960e-01 7.692000e-03 1.721200e-02
25 9.737280e-01 8.028000e-03 1.824400e-02
26 9.723360e-01 8.244000e-03 1.942000e-02
27 9.709360e-01 8.504000e-03 2.056000e-02
28 9.694600e-01 8.720000e-03 2.182000e-02
29 9.680880e-01 8.836000e-03 2.307600e-02
30 9.667400e-01 8.944000e-03 2.431600e-02
31 9.652520e-01 9.020000e-03 2.572800e-02
32 9.636200e-01 9.268000e-03 2.711200e-02
33 9.622080e-01 9.508000e-03 2.828400e-02
34 9.606760e-01 9.688000e-03 2.963600e-02
35 9.590160e-01 9.948000e-03 3.103600e-02
36 9.575000e-01 1.022800e-02 3.227200e-02
37 9.559360e-01 1.030800e-02 3.375600e-02
38 9.546280e-01 1.020400e-02 3.516800e-02
39 9.532760e-01 1.036800e-02 3.635600e-02
40 9.520400e-01 1.024800e-02 3.771200e-02
41 9.508480e-01 1.006800e-02 3.908400e-02
42 9.494880e-01 1.018000e-02 4.033200e-02
43 9.480280e-01 1.031200e-02 4.166000e-02
44 9.464360e-01 1.052400e-02 4.304000e-02
45 9.449360e-01 1.068800e-02 4.437600e-02
46 9.434680e-01 1.098800e-02 4.554400e-02
47 9.420320e-01 1.118000e-02 4.678800e-02
48 9.405480e-01 1.135600e-02 4.809600e-02
49 9.391440e-01 1.132400e-02 4.953200e-02
50 9.375960e-01 1.151200e-02 5.089200e-02
51 9.361160e-01 1.169600e-02 5.218800e-02
52 9.348400e-01 1.172800e-02 5.343200e-02
53 9.333120e-01 1.189200e-02 5.479600e-02
54 9.318600e-01 1.188400e-02 5.625600e-02
55 9.303080e-01 1.201200e-02 5.768000e-02
56 9.288240e-01 1.208400e-02 5.909200e-02
57 9.273880e-01 1.215200e-02 6.046000e-02
58 9.260840e-01 1.216000e-02 6.175600e-02
59 9.246800e-01 1.216400e-02 6.315600e-02
60 9.233560e-01 1.208400e-02 6.456000e-02
61 9.218720e-01 1.202000e-02 6.610800e-02
62 9.206080e-01 1.203600e-02 6.735600e-02
63 9.193920e-01 1.197600e-02 6.863200e-02
64 9.180920e-01 1.200400e-02 6.990400e-02
65 9.165080e-01 1.234000e-02 7.115200e-02
66 9.150760e-01 1.250800e-02 7.241600e-02
67 9.136440e-01 1.268400e-02 7.367200e-02
68 9.125320e-01 1.250800e-02 7.496000e-02
69 9.111280e-01 1.237200e-02 7.650000e-02
70 9.099840e-01 1.240400e-02 7.761200e-02
71 9.086200e-01 1.242800e-02 7.895200e-02
72 9.074400e-01 1.239200e-02 8.016800e-02
73 9.062320e-01 1.242400e-02 8.134400e-02
74 9.051320e-01 1.239600e-02 8.247200e-02
75 9.040400e-01 1.232000e-02 8.364000e-02
76 9.028440e-01 1.238800e-02 8.476800e-02
77 9.015920e-01 1.230800e-02 8.610000e-02
78 9.004040e-01 1.224800e-02 8.734800e-02
79 8.992120e-01 1.247600e-02 8.831200e-02
80 8.979640e-01 1.265600e-02 8.938000e-02
81 8.966880e-01 1.260000e-02 9.071200e-02
82 8.956560e-01 1.253200e-02 9.181200e-02
83 8.947120e-01 1.249600e-02 9.279200e-02
84 8.935520e-01 1.250400e-02 9.394400e-02
85 8.925240e-01 1.248000e-02 9.499600e-02
86 8.913520e-01 1.255600e-02 9.609200e-02
87 8.902080e-01 1.260800e-02 9.718400e-02
88 8.891680e-01 1.254800e-02 9.828400e-02
89 8.881360e-01 1.256800e-02 9.929600e-02
90 8.869960e-01 1.261200e-02 1.003920e-01
91 8.862240e-01 1.233200e-02 1.014440e-01
92 8.851320e-01 1.220400e-02 1.026640e-01
93 8.840160e-01 1.232800e-02 1.036560e-01
94 8.831240e-01 1.228400e-02 1.045920e-01
95 8.823720e-01 1.213200e-02 1.054960e-01
96 8.815400e-01 1.203200e-02 1.064280e-01
97 8.807600e-01 1.191200e-02 1.073280e-01
98 8.801360e-01 1.169600e-02 1.081680e-01
99 8.796480e-01 1.147200e-02 1.088800e-01
100 8.789560e-01 1.130400e-02 1.097400e-01
101 8.783600e-01 1.121600e-02 1.104240e-01
102 8.777320e-01 1.108400e-02 1.111840e-01
103 8.772040e-01 1.096000e-02 1.118360e-01
104 8.765080e-01 1.081600e-02 1.126760e-01
105 8.760160e-01 1.058000e-02 1.134040e-01
106 8.755000e-01 1.052800e-02 1.139720e-01
107 8.749880e-01 1.030000e-02 1.147120e-01
108 8.745120e-01 1.022000e-02 1.152680e-01
109 8.740160e-01 1.017200e-02 1.158120e-01
110 8.736400e-01 1.009600e-02 1.162640e-01
111 8.731560e-01 1.001200e-02 1.168320e-01
112 8.725480e-01 1.020000e-02 1.172520e-01
113 8.720520e-01 1.026000e-02 1.176880e-01
114 8.714800e-01 1.028800e-02 1.182320e-01
115 8.710920e-01 1.024400e-02 1.186640e-01
116 8.707040e-01 1.024400e-02 1.190520e-01
117 8.702520e-01 1.026800e-02 1.194800e-01
118 8.698720e-01 1.022400e-02 1.199040e-01
119 8.691800e-01 1.030800e-02 1.205120e-01
120 8.687560e-01 1.017200e-02 1.210720e-01
121 8.682240e-01 1.017200e-02 1.216040e-01
122 8.677280e-01 1.020400e-02 1.220680e-01
123 8.672800e-01 1.010400e-02 1.226160e-01
124 8.668440e-01 1.012800e-02 1.230280e-01
125 8.661720e-01 1.016000e-02 1.236680e-01
126 8.656520e-01 1.026000e-02 1.240880e-01
127 8.651960e-01 1.020000e-02 1.246040e-01
128 8.646720e-01 1.018800e-02 1.251400e-01
129 8.643480e-01 1.008800e-02 1.255640e-01
130 8.638880e-01 1.020000e-02 1.259120e-01
131 8.633760e-01 1.048000e-02 1.261440e-01
132 8.627800e-01 1.074800e-02 1.264720e-01
133 8.622120e-01 1.070400e-02 1.270840e-01
134 8.615200e-01 1.084400e-02 1.276360e-01
135 8.607360e-01 1.103200e-02 1.282320e-01
136 8.603160e-01 1.109200e-02 1.285920e-01
137 8.598560e-01 1.100800e-02 1.291360e-01
138 8.594680e-01 1.100000e-02 1.295320e-01
139 8.589600e-01 1.098000e-02 1.300600e-01
140 8.585040e-01 1.087200e-02 1.306240e-01
141 8.578000e-01 1.117600e-02 1.310240e-01
142 8.571120e-01 1.133200e-02 1.315560e-01
143 8.566160e-01 1.117200e-02 1.322120e-01
144 8.562040e-01 1.100000e-02 1.327960e-01
145 8.556160e-01 1.097200e-02 1.334120e-01
146 8.550720e-01 1.105200e-02 1.338760e-01
147 8.543960e-01 1.120400e-02 1.344000e-01
148 8.539720e-01 1.100800e-02 1.350200e-01
149 8.535520e-01 1.094800e-02 1.355000e-01
150 8.530080e-01 1.096400e-02 1.360280e-01
151 8.525480e-01 1.094000e-02 1.365120e-01
152 8.520360e-01 1.079600e-02 1.371680e-01
153 8.515720e-01 1.072000e-02 1.377080e-01
154 8.511760e-01 1.052000e-02 1.383040e-01
155 8.508880e-01 1.043200e-02 1.386800e-01
156 8.504440e-01 1.042800e-02 1.391280e-01
157 8.500000e-01 1.046000e-02 1.395400e-01
158 8.496560e-01 1.044800e-02 1.398960e-01
159 8.493760e-01 1.031200e-02 1.403120e-01
160 8.493640e-01 1.012800e-02 1.405080e-01
161 8.491480e-01 1.019600e-02 1.406560e-01
162 8.488560e-01 1.016400e-02 1.409800e-01
163 8.487960e-01 9.908000e-03 1.412960e-01
164 8.487520e-01 9.800000e-03 1.414480e-01
165 8.485800e-01 9.672000e-03 1.417480e-01
166 8.481200e-01 9.564000e-03 1.423160e-01
167 8.478280e-01 9.552000e-03 1.426200e-01
168 8.474560e-01 9.840000e-03 1.427040e-01
169 8.471440e-01 9.856000e-03 1.430000e-01
170 8.466520e-01 1.022400e-02 1.431240e-01
171 8.461000e-01 1.033600e-02 1.435640e-01
172 8.458440e-01 1.022400e-02 1.439320e-01
173 8.454160e-01 1.005200e-02 1.445320e-01
174 8.450800e-01 9.992000e-03 1.449280e-01
175 8.447520e-01 9.960000e-03 1.452880e-01
176 8.446080e-01 9.836000e-03 1.455560e-01
177 8.443000e-01 1.006800e-02 1.456320e-01
178 8.441080e-01 9.960000e-03 1.459320e-01
179 8.438800e-01 1.002400e-02 1.460960e-01
180 8.437120e-01 1.011200e-02 1.461760e-01
181 8.434880e-01 1.024800e-02 1.462640e-01
182 8.432600e-01 1.036400e-02 1.463760e-01
183 8.428920e-01 1.035600e-02 1.467520e-01
184 8.425680e-01 1.042800e-02 1.470040e-01
185 8.422320e-01 1.036000e-02 1.474080e-01
186 8.421560e-01 1.028800e-02 1.475560e-01
187 8.419200e-01 1.032400e-02 1.477560e-01
188 8.416760e-01 1.038800e-02 1.479360e-01
189 8.413800e-01 1.044400e-02 1.481760e-01
190 8.411680e-01 1.036000e-02 1.484720e-01
191 8.409800e-01 1.018000e-02 1.488400e-01
192 8.407280e-01 1.015200e-02 1.491200e-01
193 8.406640e-01 9.980000e-03 1.493560e-01
194 8.405320e-01 1.013600e-02 1.493320e-01
195 8.404320e-01 9.996000e-03 1.495720e-01
196 8.402200e-01 1.001600e-02 1.497640e-01
197 8.398720e-01 1.010000e-02 1.500280e-01
198 8.397080e-01 1.018400e-02 1.501080e-01
199 8.394440e-01 1.023200e-02 1.503240e-01
200 8.392480e-01 1.020800e-02 1.505440e-01
201 8.390520e-01 1.015600e-02 1.507920e-01
202 8.387600e-01 9.988000e-03 1.512520e-01
203 8.385480e-01 9.848000e-03 1.516040e-01
204 8.385000e-01 9.828000e-03 1.516720e-01
205 8.382080e-01 9.880000e-03 1.519120e-01
206 8.380160e-01 9.900000e-03 1.520840e-01
207 8.378760e-01 9.736000e-03 1.523880e-01
208 8.377040e-01 9.744000e-03 1.525520e-01
209 8.375000e-01 9.908000e-03 1.525920e-01
210 8.373560e-01 9.944000e-03 1.527000e-01
211 8.371400e-01 9.916000e-03 1.529440e-01
212 8.369240e-01 9.936000e-03 1.531400e-01
213 8.367800e-01 9.968000e-03 1.532520e-01
214 8.366800e-01 1.004800e-02 1.532720e-01
215 8.366600e-01 9.972000e-03 1.533680e-01
216 8.363440e-01 1.002000e-02 1.536360e-01
217 8.361960e-01 9.896000e-03 1.539080e-01
218 8.358880e-01 9.940000e-03 1.541720e-01
219 8.358120e-01 9.704000e-03 1.544840e-01
220 8.357760e-01 9.588000e-03 1.546360e-01
221 8.357200e-01 9.432000e-03 1.548480e-01
222 8.354640e-01 9.324000e-03 1.552120e-01
223 8.353600e-01 9.480000e-03 1.551600e-01
224 8.352640e-01 9.536000e-03 1.552000e-01
225 8.351480e-01 9.624000e-03 1.552280e-01
226 8.351120e-01 9.656000e-03 1.552320e-01
227 8.349800e-01 9.848000e-03 1.551720e-01
228 8.348880e-01 9.756000e-03 1.553560e-01
229 8.346960e-01 9.668000e-03 1.556360e-01
230 8.346400e-01 9.688000e-03 1.556720e-01
231 8.345680e-01 9.832000e-03 1.556000e-01
232 8.343120e-01 9.972000e-03 1.557160e-01
233 8.340800e-01 9.968000e-03 1.559520e-01
234 8.339640e-01 1.013600e-02 1.559000e-01
235 8.335680e-01 1.030000e-02 1.561320e-01
236 8.331680e-01 1.028000e-02 1.565520e-01
237 8.329000e-01 1.040000e-02 1.567000e-01
238 8.328400e-01 1.028800e-02 1.568720e-01
239 8.325880e-01 1.030800e-02 1.571040e-01
240 8.324280e-01 1.021200e-02 1.573600e-01
241 8.322160e-01 1.024400e-02 1.575400e-01
242 8.320120e-01 1.015600e-02 1.578320e-01
243 8.318200e-01 1.024400e-02 1.579360e-01
244 8.317280e-01 1.027200e-02 1.580000e-01
245 8.314080e-01 1.042000e-02 1.581720e-01
246 8.313080e-01 1.040000e-02 1.582920e-01
247 8.310920e-01 1.043600e-02 1.584720e-01
248 8.310880e-01 1.036800e-02 1.585440e-01
249 8.311000e-01 1.038000e-02 1.585200e-01
250 8.309880e-01 1.035600e-02 1.586560e-01
251 8.309480e-01 1.035200e-02 1.587000e-01
252 8.309400e-01 1.017200e-02 1.588880e-01
253 8.308800e-01 1.005200e-02 1.590680e-01
254 8.308320e-01 1.011200e-02 1.590560e-01
255 8.307360e-01 1.016000e-02 1.591040e-01
256 8.304720e-01 1.044000e-02 1.590880e-01
257 8.304360e-01 1.035200e-02 1.592120e-01
258 8.299920e-01 1.044800e-02 1.595600e-01
259 8.298640e-01 1.044000e-02 1.596960e-01
260 8.295360e-01 1.060800e-02 1.598560e-01
261 8.291640e-01 1.077200e-02 1.600640e-01
262 8.288760e-01 1.082000e-02 1.603040e-01
263 8.288400e-01 1.061200e-02 1.605480e-01
264 8.285880e-01 1.069200e-02 1.607200e-01
265 8.283760e-01 1.058800e-02 1.610360e-01
266 8.283560e-01 1.062800e-02 1.610160e-01
267 8.281120e-01 1.058000e-02 1.613080e-01
268 8.280080e-01 1.032800e-02 1.616640e-01
269 8.279440e-01 1.020000e-02 1.618560e-01
270 8.279480e-01 1.010800e-02 1.619440e-01
271 8.280640e-01 9.884000e-03 1.620520e-01
272 8.280600e-01 9.808000e-03 1.621320e-01
273 8.280680e-01 9.608000e-03 1.623240e-01
274 8.282400e-01 9.348000e-03 1.624120e-01
275 8.282000e-01 9.392000e-03 1.624080e-01
276 8.284480e-01 9.364000e-03 1.621880e-01
277 8.286320e-01 9.284000e-03 1.620840e-01
278 8.286280e-01 9.324000e-03 1.620480e-01
279 8.287760e-01 9.148000e-03 1.620760e-01
280 8.290400e-01 8.896000e-03 1.620640e-01
281 8.292640e-01 8.672000e-03 1.620640e-01
282 8.294680e-01 8.676000e-03 1.618560e-01
283 8.295160e-01 8.784000e-03 1.617000e-01
284 8.295960e-01 8.912000e-03 1.614920e-01
285 8.296640e-01 8.896000e-03 1.614400e-01
286 8.296080e-01 9.072000e-03 1.613200e-01
287 8.298960e-01 8.844000e-03 1.612600e-01
288 8.301800e-01 8.792000e-03 1.610280e-01
289 8.303640e-01 8.680000e-03 1.609560e-01
290 8.307000e-01 8.512000e-03 1.607880e-01
291 8.308200e-01 8.480000e-03 1.607000e-01
292 8.311000e-01 8.368000e-03 1.605320e-01
293 8.314800e-01 8.308000e-03 1.602120e-01
294 8.317960e-01 8.140000e-03 1.600640e-01
295 8.320000e-01 8.080000e-03 1.599200e-01
296 8.323920e-01 8.044000e-03 1.595640e-01
297 8.325440e-01 8.016000e-03 1.594400e-01
298 8.327040e-01 7.984000e-03 1.593120e-01
299 8.328200e-01 7.960000e-03 1.592200e-01
300 8.329920e-01 7.944000e-03 1.590640e-01
301 8.332720e-01 7.928000e-03 1.588000e-01
302 8.334920e-01 7.940000e-03 1.585680e-01
303 8.336680e-01 7.896000e-03 1.584360e-01
304 8.338320e-01 7.920000e-03 1.582480e-01
305 8.338560e-01 7.880000e-03 1.582640e-01
306 8.339880e-01 7.836000e-03 1.581760e-01
307 8.342280e-01 7.888000e-03 1.578840e-01
308 8.343880e-01 7.840000e-03 1.577720e-01
309 8.347680e-01 7.704000e-03 1.575280e-01
310 8.351000e-01 7.716000e-03 1.571840e-01
311 8.353080e-01 7.624000e-03 1.570680e-01
312 8.356600e-01 7.476000e-03 1.568640e-01
313 8.358200e-01 7.496000e-03 1.566840e-01
314 8.361760e-01 7.444000e-03 1.563800e-01
315 8.366280e-01 7.220000e-03 1.561520e-01
316 8.368440e-01 7.304000e-03 1.558520e-01
317 8.372400e-01 7.224000e-03 1.555360e-01
318 8.375000e-01 7.092000e-03 1.554080e-01
319 8.377680e-01 7.172000e-03 1.550600e-01
320 8.381840e-01 7.076000e-03 1.547400e-01
321 8.383200e-01 7.068000e-03 1.546120e-01
322 8.385360e-01 7.040000e-03 1.544240e-01
323 8.388560e-01 6.932000e-03 1.542120e-01
324 8.391720e-01 7.020000e-03 1.538080e-01
325 8.394320e-01 7.088000e-03 1.534800e-01
326 8.397680e-01 7.072000e-03 1.531600e-01
327 8.399040e-01 7.188000e-03 1.529080e-01
328 8.401360e-01 7.240000e-03 1.526240e-01
329 8.403560e-01 7.184000e-03 1.524600e-01
330 8.405520e-01 7.124000e-03 1.523240e-01
331 8.409960e-01 7.036000e-03 1.519680e-01
332 8.413200e-01 7.024000e-03 1.516560e-01
333 8.415560e-01 6.924000e-03 1.515200e-01
334 8.418920e-01 6.792000e-03 1.513160e-01
335 8.423440e-01 6.828000e-03 1.508280e-01
336 8.427280e-01 6.660000e-03 1.506120e-01
337 8.432080e-01 6.540000e-03 1.502520e-01
338 8.436640e-01 6.252000e-03 1.500840e-01
339 8.440360e-01 6.224000e-03 1.497400e-01
340 8.443880e-01 6.184000e-03 1.494280e-01
341 8.447480e-01 6.212000e-03 1.490400e-01
342 8.450320e-01 6.196000e-03 1.487720e-01
343 8.453840e-01 6.256000e-03 1.483600e-01
344 8.457760e-01 6.168000e-03 1.480560e-01
345 8.459960e-01 6.172000e-03 1.478320e-01
346 8.462440e-01 6.100000e-03 1.476560e-01
347 8.466200e-01 5.980000e-03 1.474000e-01
348 8.469920e-01 5.964000e-03 1.470440e-01
349 8.473120e-01 6.076000e-03 1.466120e-01
350 8.476240e-01 6.052000e-03 1.463240e-01
351 8.478400e-01 5.968000e-03 1.461920e-01
352 8.482160e-01 5.884000e-03 1.459000e-01
353 8.485560e-01 5.836000e-03 1.456080e-01
354 8.490040e-01 5.860000e-03 1.451360e-01
355 8.495800e-01 5.896000e-03 1.445240e-01
356 8.499360e-01 5.820000e-03 1.442440e-01
357 8.502800e-01 5.796000e-03 1.439240e-01
358 8.506800e-01 5.676000e-03 1.436440e-01
359 8.511320e-01 5.556000e-03 1.433120e-01
360 8.516720e-01 5.524000e-03 1.428040e-01
361 8.521640e-01 5.488000e-03 1.423480e-01
362 8.525960e-01 5.436000e-03 1.419680e-01
363 8.530000e-01 5.548000e-03 1.414520e-01
364 8.534960e-01 5.472000e-03 1.410320e-01
365 8.538080e-01 5.512000e-03 1.406800e-01
366 8.542160e-01 5.528000e-03 1.402560e-01
367 8.547960e-01 5.452000e-03 1.397520e-01
368 8.554200e-01 5.336000e-03 1.392440e-01
369 8.559600e-01 5.280000e-03 1.387600e-01
370 8.565240e-01 5.196000e-03 1.382800e-01
371 8.570240e-01 5.136000e-03 1.378400e-01
372 8.575400e-01 5.156000e-03 1.373040e-01
373 8.579800e-01 5.244000e-03 1.367760e-01
374 8.582400e-01 5.272000e-03 1.364880e-01
375 8.586880e-01 5.232000e-03 1.360800e-01
376 8.591920e-01 5.136000e-03 1.356720e-01
377 8.595800e-01 5.180000e-03 1.352400e-01
378 8.599560e-01 5.192000e-03 1.348520e-01
379 8.605400e-01 5.084000e-03 1.343760e-01
380 8.608000e-01 5.112000e-03 1.340880e-01
381 8.613360e-01 5.116000e-03 1.335480e-01
382 8.615840e-01 5.072000e-03 1.333440e-01
383 8.619320e-01 5.024000e-03 1.330440e-01
384 8.620720e-01 5.168000e-03 1.327600e-01
385 8.625480e-01 5.280000e-03 1.321720e-01
386 8.628680e-01 5.376000e-03 1.317560e-01
387 8.633160e-01 5.188000e-03 1.314960e-01
388 8.637560e-01 5.240000e-03 1.310040e-01
389 8.639360e-01 5.312000e-03 1.307520e-01
390 8.644560e-01 5.288000e-03 1.302560e-01
391 8.647920e-01 5.180000e-03 1.300280e-01
392 8.651080e-01 5.104000e-03 1.297880e-01
393 8.656040e-01 5.120000e-03 1.292760e-01
394 8.659120e-01 5.240000e-03 1.288480e-01
395 8.662000e-01 5.348000e-03 1.284520e-01
396 8.666000e-01 5.396000e-03 1.280040e-01
397 8.668560e-01 5.404000e-03 1.277400e-01
398 8.671480e-01 5.356000e-03 1.274960e-01
399 8.672880e-01 5.416000e-03 1.272960e-01
400 8.675440e-01 5.492000e-03 1.269640e-01
401 8.677800e-01 5.492000e-03 1.267280e-01
402 8.681360e-01 5.500000e-03 1.263640e-01
403 8.682760e-01 5.540000e-03 1.261840e-01
404 8.684680e-01 5.704000e-03 1.258280e-01
405 8.685720e-01 5.676000e-03 1.257520e-01
406 8.688680e-01 5.708000e-03 1.254240e-01
407 8.690680e-01 5.748000e-03 1.251840e-01
408 8.690520e-01 5.940000e-03 1.250080e-01
409 8.691920e-01 5.992000e-03 1.248160e-01
410 8.694440e-01 5.992000e-03 1.245640e-01
411 8.695800e-01 5.940000e-03 1.244800e-01
412 8.698200e-01 5.904000e-03 1.242760e-01
413 8.699800e-01 6.012000e-03 1.240080e-01
414 8.702440e-01 5.912000e-03 1.238440e-01
415 8.705600e-01 5.820000e-03 1.236200e-01
416 8.708320e-01 5.756000e-03 1.234120e-01
417 8.712320e-01 5.592000e-03 1.231760e-01
418 8.714400e-01 5.640000e-03 1.229200e-01
419 8.716320e-01 5.572000e-03 1.227960e-01
420 8.719480e-01 5.524000e-03 1.225280e-01
421 8.723760e-01 5.304000e-03 1.223200e-01
422 8.726200e-01 5.316000e-03 1.220640e-01
423 8.729440e-01 5.332000e-03 1.217240e-01
424 8.732360e-01 5.292000e-03 1.214720e-01
425 8.734600e-01 5.296000e-03 1.212440e-01
426 8.735240e-01 5.424000e-03 1.210520e-01
427 8.737920e-01 5.372000e-03 1.208360e-01
428 8.739720e-01 5.360000e-03 1.206680e-01
429 8.742200e-01 5.276000e-03 1.205040e-01
430 8.745640e-01 5.192000e-03 1.202440e-01
431 8.748480e-01 5.116000e-03 1.200360e-01
432 8.752920e-01 5.108000e-03 1.196000e-01
433 8.757920e-01 5.032000e-03 1.191760e-01
434 8.761320e-01 5.044000e-03 1.188240e-01
435 8.765320e-01 4.976000e-03 1.184920e-01
436 8.768120e-01 5.072000e-03 1.181160e-01
437 8.772960e-01 4.972000e-03 1.177320e-01
438 8.777240e-01 4.900000e-03 1.173760e-01
439 8.782840e-01 4.844000e-03 1.168720e-01
440 8.787040e-01 4.832000e-03 1.164640e-01
441 8.791640e-01 4.756000e-03 1.160800e-01
442 8.794720e-01 4.788000e-03 1.157400e-01
443 8.797360e-01 4.784000e-03 1.154800e-01
444 8.800960e-01 4.728000e-03 1.151760e-01
445 8.802920e-01 4.716000e-03 1.149920e-01
446 8.806560e-01 4.784000e-03 1.145600e-01
447 8.808880e-01 4.836000e-03 1.142760e-01
448 8.810240e-01 4.804000e-03 1.141720e-01
449 8.813720e-01 4.648000e-03 1.139800e-01
450 8.815480e-01 4.660000e-03 1.137920e-01
451 8.819000e-01 4.548000e-03 1.135520e-01
452 8.821480e-01 4.580000e-03 1.132720e-01
453 8.824880e-01 4.528000e-03 1.129840e-01
454 8.827200e-01 4.588000e-03 1.126920e-01
455 8.829120e-01 4.740000e-03 1.123480e-01
456 8.832400e-01 4.688000e-03 1.120720e-01
457 8.836600e-01 4.588000e-03 1.117520e-01
458 8.840720e-01 4.452000e-03 1.114760e-01
459 8.844800e-01 4.484000e-03 1.110360e-01
460 8.848720e-01 4.412000e-03 1.107160e-01
461 8.853080e-01 4.464000e-03 1.102280e-01
462 8.855480e-01 4.412000e-03 1.100400e-01
463 8.858520e-01 4.296000e-03 1.098520e-01
464 8.861800e-01 4.220000e-03 1.096000e-01
465 8.864440e-01 4.192000e-03 1.093640e-01
466 8.867240e-01 4.144000e-03 1.091320e-01
467 8.871440e-01 4.100000e-03 1.087560e-01
468 8.875520e-01 4.136000e-03 1.083120e-01
469 8.879080e-01 4.088000e-03 1.080040e-01
470 8.881480e-01 4.128000e-03 1.077240e-01
471 8.884680e-01 4.108000e-03 1.074240e-01
472 8.887160e-01 4.212000e-03 1.070720e-01
473 8.889480e-01 4.312000e-03 1.067400e-01
474 8.890240e-01 4.456000e-03 1.065200e-01
475 8.893040e-01 4.376000e-03 1.063200e-01
476 8.895440e-01 4.404000e-03 1.060520e-01
477 8.895840e-01 4.564000e-03 1.058520e-01
478 8.898560e-01 4.572000e-03 1.055720e-01
479 8.902040e-01 4.484000e-03 1.053120e-01
480 8.904920e-01 4.396000e-03 1.051120e-01
481 8.908640e-01 4.308000e-03 1.048280e-01
482 8.911640e-01 4.232000e-03 1.046040e-01
483 8.915040e-01 4.228000e-03 1.042680e-01
484 8.918240e-01 4.168000e-03 1.040080e-01
485 8.921040e-01 4.092000e-03 1.038040e-01
486 8.925240e-01 3.860000e-03 1.036160e-01
487 8.928800e-01 3.728000e-03 1.033920e-01
488 8.932640e-01 3.652000e-03 1.030840e-01
489 8.935840e-01 3.644000e-03 1.027720e-01
490 8.939440e-01 3.664000e-03 1.023920e-01
491 8.941800e-01 3.800000e-03 1.020200e-01
492 8.943960e-01 3.800000e-03 1.018040e-01
493 8.947720e-01 3.812000e-03 1.014160e-01
494 8.951480e-01 3.884000e-03 1.009680e-01
495 8.956000e-01 3.812000e-03 1.005880e-01
496 8.959280e-01 3.768000e-03 1.003040e-01
497 8.961440e-01 3.828000e-03 1.000280e-01
498 8.965160e-01 3.828000e-03 9.965600e-02
499 8.968520e-01 3.824000e-03 9.932400e-02
500 8.972320e-01 3.824000e-03 9.894400e-02
501 8.974480e-01 3.804000e-03 9.874800e-02
502 8.977280e-01 3.820000e-03 9.845200e-02
503 8.979520e-01 3.860000e-03 9.818800e-02
504 8.982640e-01 3.804000e-03 9.793200e-02
505 8.987640e-01 3.700000e-03 9.753600e-02
506 8.991680e-01 3.708000e-03 9.712400e-02
507 8.994600e-01 3.696000e-03 9.684400e-02
508 8.998720e-01 3.684000e-03 9.644400e-02
509 8.999720e-01 3.752000e-03 9.627600e-02
510 9.002640e-01 3.712000e-03 9.602400e-02
511 9.006360e-01 3.592000e-03 9.577200e-02
512 9.008640e-01 3.588000e-03 9.554800e-02
513 9.011720e-01 3.624000e-03 9.520400e-02
514 9.015320e-01 3.672000e-03 9.479600e-02
515 9.018560e-01 3.652000e-03 9.449200e-02
516 9.022560e-01 3.672000e-03 9.407200e-02
517 9.025600e-01 3.592000e-03 9.384800e-02
518 9.028680e-01 3.592000e-03 9.354000e-02
519 9.031280e-01 3.608000e-03 9.326400e-02
520 9.033440e-01 3.572000e-03 9.308400e-02
521 9.036320e-01 3.580000e-03 9.278800e-02
522 9.038360e-01 3.652000e-03 9.251200e-02
523 9.040040e-01 3.680000e-03 9.231600e-02
524 9.042760e-01 3.648000e-03 9.207600e-02
525 9.045520e-01 3.676000e-03 9.177200e-02
526 9.047080e-01 3.628000e-03 9.166400e-02
527 9.049400e-01 3.740000e-03 9.132000e-02
528 9.052880e-01 3.652000e-03 9.106000e-02
529 9.056480e-01 3.780000e-03 9.057200e-02
530 9.057840e-01 3.792000e-03 9.042400e-02
531 9.060200e-01 3.788000e-03 9.019200e-02
532 9.063200e-01 3.756000e-03 8.992400e-02
533 9.065280e-01 3.736000e-03 8.973600e-02
534 9.067320e-01 3.704000e-03 8.956400e-02
535 9.071200e-01 3.676000e-03 8.920400e-02
536 9.072520e-01 3.712000e-03 8.903600e-02
537 9.075600e-01 3.592000e-03 8.884800e-02
538 9.077680e-01 3.572000e-03 8.866000e-02
539 9.080720e-01 3.428000e-03 8.850000e-02
540 9.082160e-01 3.512000e-03 8.827200e-02
541 9.085640e-01 3.456000e-03 8.798000e-02
542 9.088840e-01 3.412000e-03 8.770400e-02
543 9.091920e-01 3.404000e-03 8.740400e-02
544 9.095840e-01 3.372000e-03 8.704400e-02
545 9.099320e-01 3.304000e-03 8.676400e-02
546 9.102440e-01 3.256000e-03 8.650000e-02
547 9.105320e-01 3.220000e-03 8.624800e-02
548 9.107440e-01 3.200000e-03 8.605600e-02
549 9.110840e-01 3.076000e-03 8.584000e-02
550 9.114040e-01 3.028000e-03 8.556800e-02
551 9.117760e-01 3.016000e-03 8.520800e-02
552 9.120040e-01 2.944000e-03 8.505200e-02
553 9.123720e-01 2.844000e-03 8.478400e-02
554 9.127960e-01 2.864000e-03 8.434000e-02
555 9.132520e-01 2.848000e-03 8.390000e-02
556 9.135120e-01 2.732000e-03 8.375600e-02
557 9.137800e-01 2.800000e-03 8.342000e-02
558 9.141200e-01 2.812000e-03 8.306800e-02
559 9.143880e-01 2.828000e-03 8.278400e-02
560 9.147360e-01 2.812000e-03 8.245200e-02
561 9.149600e-01 2.788000e-03 8.225200e-02
562 9.151960e-01 2.804000e-03 8.200000e-02
563 9.155120e-01 2.836000e-03 8.165200e-02
564 9.157640e-01 2.824000e-03 8.141200e-02
565 9.160320e-01 2.844000e-03 8.112400e-02
566 9.163920e-01 2.760000e-03 8.084800e-02
567 9.166640e-01 2.756000e-03 8.058000e-02
568 9.169680e-01 2.860000e-03 8.017200e-02
569 9.171520e-01 2.796000e-03 8.005200e-02
570 9.174240e-01 2.752000e-03 7.982400e-02
571 9.177600e-01 2.712000e-03 7.952800e-02
572 9.180080e-01 2.652000e-03 7.934000e-02
573 9.184280e-01 2.664000e-03 7.890800e-02
574 9.187560e-01 2.688000e-03 7.855600e-02
575 9.190720e-01 2.732000e-03 7.819600e-02
576 9.194120e-01 2.744000e-03 7.784400e-02
577 9.198600e-01 2.668000e-03 7.747200e-02
578 9.202520e-01 2.556000e-03 7.719200e-02
579 9.206760e-01 2.532000e-03 7.679200e-02
580 9.210120e-01 2.444000e-03 7.654400e-02
581 9.214200e-01 2.356000e-03 7.622400e-02
582 9.218160e-01 2.392000e-03 7.579200e-02
583 9.222360e-01 2.396000e-03 7.536800e-02
584 9.226320e-01 2.292000e-03 7.507600e-02
585 9.229320e-01 2.276000e-03 7.479200e-02
586 9.233200e-01 2.184000e-03 7.449600e-02
587 9.236640e-01 2.164000e-03 7.417200e-02
588 9.241160e-01 2.124000e-03 7.376000e-02
589 9.245560e-01 2.132000e-03 7.331200e-02
590 9.248880e-01 2.044000e-03 7.306800e-02
591 9.252640e-01 2.048000e-03 7.268800e-02
592 9.255120e-01 2.060000e-03 7.242800e-02
593 9.257960e-01 2.132000e-03 7.207200e-02
594 9.260840e-01 2.160000e-03 7.175600e-02
595 9.261760e-01 2.328000e-03 7.149600e-02
596 9.262880e-01 2.424000e-03 7.128800e-02
597 9.264360e-01 2.452000e-03 7.111200e-02
598 9.267280e-01 2.436000e-03 7.083600e-02
599 9.270960e-01 2.436000e-03 7.046800e-02
600 9.273080e-01 2.404000e-03 7.028800e-02
601 9.274360e-01 2.436000e-03 7.012800e-02
602 9.277120e-01 2.428000e-03 6.986000e-02
603 9.280120e-01 2.384000e-03 6.960400e-02
604 9.283720e-01 2.364000e-03 6.926400e-02
605 9.287560e-01 2.360000e-03 6.888400e-02
606 9.290560e-01 2.220000e-03 6.872400e-02
607 9.294600e-01 2.116000e-03 6.842400e-02
608 9.298440e-01 2.072000e-03 6.808400e-02
609 9.301360e-01 1.988000e-03 6.787600e-02
610 9.304480e-01 1.940000e-03 6.761200e-02
611 9.308200e-01 1.856000e-03 6.732400e-02
612 9.312000e-01 1.836000e-03 6.696400e-02
613 9.315840e-01 1.776000e-03 6.664000e-02
614 9.319120e-01 1.828000e-03 6.626000e-02
615 9.322600e-01 1.792000e-03 6.594800e-02
616 9.326560e-01 1.772000e-03 6.557200e-02
617 9.329400e-01 1.816000e-03 6.524400e-02
618 9.331080e-01 1.936000e-03 6.495600e-02
619 9.333920e-01 1.964000e-03 6.464400e-02
620 9.336920e-01 1.956000e-03 6.435200e-02
621 9.339560e-01 1.940000e-03 6.410400e-02
622 9.341680e-01 1.964000e-03 6.386800e-02
623 9.344440e-01 1.976000e-03 6.358000e-02
624 9.348040e-01 1.844000e-03 6.335200e-02
625 9.351640e-01 1.824000e-03 6.301200e-02
626 9.353920e-01 1.836000e-03 6.277200e-02
627 9.356520e-01 1.796000e-03 6.255200e-02
628 9.359200e-01 1.788000e-03 6.229200e-02
629 9.362600e-01 1.724000e-03 6.201600e-02
630 9.365120e-01 1.780000e-03 6.170800e-02
631 9.368280e-01 1.840000e-03 6.133200e-02
632 9.370120e-01 1.928000e-03 6.106000e-02
633 9.371920e-01 1.940000e-03 6.086800e-02
634 9.374000e-01 1.956000e-03 6.064400e-02
635 9.377600e-01 1.824000e-03 6.041600e-02
636 9.382320e-01 1.748000e-03 6.002000e-02
637 9.385040e-01 1.796000e-03 5.970000e-02
638 9.386640e-01 1.896000e-03 5.944000e-02
639 9.387680e-01 2.000000e-03 5.923200e-02
640 9.389520e-01 2.036000e-03 5.901200e-02
641 9.391440e-01 2.096000e-03 5.876000e-02
642 9.393960e-01 2.104000e-03 5.850000e-02
643 9.396280e-01 2.096000e-03 5.827600e-02
644 9.398880e-01 2.104000e-03 5.800800e-02
645 9.401720e-01 2.072000e-03 5.775600e-02
646 9.403880e-01 2.072000e-03 5.754000e-02
647 9.406520e-01 2.092000e-03 5.725600e-02
648 9.408120e-01 2.140000e-03 5.704800e-02
649 9.410400e-01 2.084000e-03 5.687600e-02
650 9.413080e-01 2.048000e-03 5.664400e-02
651 9.414840e-01 2.064000e-03 5.645200e-02
652 9.416920e-01 2.016000e-03 5.629200e-02
653 9.419320e-01 2.020000e-03 5.604800e-02
654 9.421640e-01 2.092000e-03 5.574400e-02
655 9.423600e-01 2.136000e-03 5.550400e-02
656 9.425040e-01 2.112000e-03 5.538400e-02
657 9.427280e-01 2.076000e-03 5.519600e-02
658 9.429200e-01 2.068000e-03 5.501200e-02
659 9.430560e-01 2.120000e-03 5.482400e-02
660 9.431880e-01 2.140000e-03 5.467200e-02
661 9.432600e-01 2.220000e-03 5.452000e-02
662 9.434280e-01 2.260000e-03 5.431200e-02
663 9.436840e-01 2.196000e-03 5.412000e-02
664 9.439800e-01 2.084000e-03 5.393600e-02
665 9.441880e-01 2.084000e-03 5.372800e-02
666 9.443760e-01 2.140000e-03 5.348400e-02
667 9.445720e-01 2.160000e-03 5.326800e-02
668 9.446800e-01 2.196000e-03 5.312400e-02
669 9.448200e-01 2.204000e-03 5.297600e-02
670 9.449360e-01 2.180000e-03 5.288400e-02
671 9.450600e-01 2.164000e-03 5.277600e-02
672 9.451840e-01 2.112000e-03 5.270400e-02
673 9.453640e-01 2.116000e-03 5.252000e-02
674 9.455360e-01 2.084000e-03 5.238000e-02
675 9.456600e-01 2.104000e-03 5.223600e-02
676 9.459240e-01 2.092000e-03 5.198400e-02
677 9.461240e-01 2.060000e-03 5.181600e-02
678 9.462920e-01 1.976000e-03 5.173200e-02
679 9.464440e-01 1.940000e-03 5.161600e-02
680 9.466880e-01 1.972000e-03 5.134000e-02
681 9.468880e-01 1.856000e-03 5.125600e-02
682 9.471200e-01 1.868000e-03 5.101200e-02
683 9.473200e-01 1.840000e-03 5.084000e-02
684 9.475720e-01 1.852000e-03 5.057600e-02
685 9.477920e-01 1.820000e-03 5.038800e-02
686 9.480120e-01 1.888000e-03 5.010000e-02
687 9.482280e-01 1.784000e-03 4.998800e-02
688 9.484600e-01 1.768000e-03 4.977200e-02
689 9.486440e-01 1.768000e-03 4.958800e-02
690 9.486120e-01 1.844000e-03 4.954400e-02
691 9.488240e-01 1.824000e-03 4.935200e-02
692 9.489200e-01 1.864000e-03 4.921600e-02
693 9.491960e-01 1.764000e-03 4.904000e-02
694 9.493160e-01 1.736000e-03 4.894800e-02
695 9.495720e-01 1.672000e-03 4.875600e-02
696 9.498640e-01 1.608000e-03 4.852800e-02
697 9.500640e-01 1.616000e-03 4.832000e-02
698 9.502640e-01 1.604000e-03 4.813200e-02
699 9.504840e-01 1.648000e-03 4.786800e-02
700 9.506240e-01 1.692000e-03 4.768400e-02
701 9.508720e-01 1.624000e-03 4.750400e-02
702 9.511400e-01 1.640000e-03 4.722000e-02
703 9.514040e-01 1.632000e-03 4.696400e-02
704 9.515480e-01 1.620000e-03 4.683200e-02
705 9.518360e-01 1.616000e-03 4.654800e-02
706 9.520520e-01 1.528000e-03 4.642000e-02
707 9.522240e-01 1.572000e-03 4.620400e-02
708 9.523800e-01 1.552000e-03 4.606800e-02
709 9.525760e-01 1.592000e-03 4.583200e-02
710 9.527960e-01 1.552000e-03 4.565200e-02
711 9.530360e-01 1.544000e-03 4.542000e-02
712 9.532280e-01 1.556000e-03 4.521600e-02
713 9.533880e-01 1.612000e-03 4.500000e-02
714 9.535320e-01 1.672000e-03 4.479600e-02
715 9.536480e-01 1.612000e-03 4.474000e-02
716 9.537640e-01 1.612000e-03 4.462400e-02
717 9.539520e-01 1.576000e-03 4.447200e-02
718 9.540360e-01 1.580000e-03 4.438400e-02
719 9.541640e-01 1.568000e-03 4.426800e-02
720 9.543200e-01 1.648000e-03 4.403200e-02
721 9.545160e-01 1.676000e-03 4.380800e-02
722 9.546480e-01 1.692000e-03 4.366000e-02
723 9.548600e-01 1.704000e-03 4.343600e-02
724 9.550360e-01 1.676000e-03 4.328800e-02
725 9.553000e-01 1.664000e-03 4.303600e-02
726 9.554200e-01 1.640000e-03 4.294000e-02
727 9.555320e-01 1.724000e-03 4.274400e-02
728 9.557280e-01 1.656000e-03 4.261600e-02
729 9.558920e-01 1.580000e-03 4.252800e-02
730 9.560520e-01 1.552000e-03 4.239600e-02
731 9.561360e-01 1.524000e-03 4.234000e-02
732 9.563320e-01 1.532000e-03 4.213600e-02
733 9.564560e-01 1.516000e-03 4.202800e-02
734 9.566400e-01 1.468000e-03 4.189200e-02
735 9.567920e-01 1.452000e-03 4.175600e-02
736 9.569280e-01 1.404000e-03 4.166800e-02
737 9.571800e-01 1.372000e-03 4.144800e-02
738 9.572720e-01 1.404000e-03 4.132400e-02
739 9.574640e-01 1.420000e-03 4.111600e-02
740 9.575360e-01 1.448000e-03 4.101600e-02
741 9.576880e-01 1.476000e-03 4.083600e-02
742 9.578640e-01 1.492000e-03 4.064400e-02
743 9.581200e-01 1.444000e-03 4.043600e-02
744 9.583320e-01 1.352000e-03 4.031600e-02
745 9.584680e-01 1.340000e-03 4.019200e-02
746 9.586520e-01 1.312000e-03 4.003600e-02
747 9.589480e-01 1.188000e-03 3.986400e-02
748 9.590280e-01 1.184000e-03 3.978800e-02
749 9.592400e-01 1.196000e-03 3.956400e-02
750 9.593920e-01 1.276000e-03 3.933200e-02
751 9.596040e-01 1.240000e-03 3.915600e-02
752 9.596600e-01 1.300000e-03 3.904000e-02
753 9.598000e-01 1.324000e-03 3.887600e-02
754 9.598600e-01 1.352000e-03 3.878800e-02
755 9.599680e-01 1.368000e-03 3.866400e-02
756 9.600040e-01 1.424000e-03 3.857200e-02
757 9.601280e-01 1.440000e-03 3.843200e-02
758 9.601760e-01 1.480000e-03 3.834400e-02
759 9.603000e-01 1.484000e-03 3.821600e-02
760 9.604200e-01 1.476000e-03 3.810400e-02
761 9.605640e-01 1.420000e-03 3.801600e-02
762 9.606520e-01 1.436000e-03 3.791200e-02
763 9.608040e-01 1.384000e-03 3.781200e-02
764 9.609320e-01 1.408000e-03 3.766000e-02
765 9.609160e-01 1.500000e-03 3.758400e-02
766 9.610080e-01 1.484000e-03 3.750800e-02
767 9.610240e-01 1.528000e-03 3.744800e-02
768 9.611200e-01 1.508000e-03 3.737200e-02
769 9.612200e-01 1.528000e-03 3.725200e-02
770 9.613120e-01 1.564000e-03 3.712400e-02
771 9.614240e-01 1.580000e-03 3.699600e-02
772 9.615000e-01 1.588000e-03 3.691200e-02
773 9.616040e-01 1.568000e-03 3.682800e-02
774 9.616640e-01 1.572000e-03 3.676400e-02
775 9.617320e-01 1.528000e-03 3.674000e-02
776 9.617680e-01 1.588000e-03 3.664400e-02
777 9.618640e-01 1.600000e-03 3.653600e-02
778 9.620120e-01 1.544000e-03 3.644400e-02
779 9.622080e-01 1.492000e-03 3.630000e-02
780 9.623360e-01 1.432000e-03 3.623200e-02
781 9.625560e-01 1.440000e-03 3.600400e-02
782 9.626760e-01 1.416000e-03 3.590800e-02
783 9.628680e-01 1.320000e-03 3.581200e-02
784 9.631000e-01 1.296000e-03 3.560400e-02
785 9.632440e-01 1.340000e-03 3.541600e-02
786 9.633720e-01 1.376000e-03 3.525200e-02
787 9.634840e-01 1.396000e-03 3.512000e-02
788 9.635600e-01 1.344000e-03 3.509600e-02
789 9.637280e-01 1.316000e-03 3.495600e-02
790 9.639120e-01 1.272000e-03 3.481600e-02
791 9.640680e-01 1.224000e-03 3.470800e-02
792 9.642120e-01 1.212000e-03 3.457600e-02
793 9.643120e-01 1.184000e-03 3.450400e-02
794 9.644840e-01 1.172000e-03 3.434400e-02
795 9.646560e-01 1.184000e-03 3.416000e-02
796 9.646880e-01 1.228000e-03 3.408400e-02
797 9.647600e-01 1.204000e-03 3.403600e-02
798 9.648320e-01 1.220000e-03 3.394800e-02
799 9.649640e-01 1.248000e-03 3.378800e-02
800 9.650720e-01 1.288000e-03 3.364000e-02
801 9.650760e-01 1.316000e-03 3.360800e-02
802 9.651200e-01 1.392000e-03 3.348800e-02
803 9.652560e-01 1.328000e-03 3.341600e-02
804 9.652840e-01 1.296000e-03 3.342000e-02
805 9.653320e-01 1.268000e-03 3.340000e-02
806 9.653960e-01 1.328000e-03 3.327600e-02
807 9.654840e-01 1.376000e-03 3.314000e-02
808 9.656200e-01 1.300000e-03 3.308000e-02
809 9.656800e-01 1.280000e-03 3.304000e-02
810 9.657960e-01 1.324000e-03 3.288000e-02
811 9.658080e-01 1.420000e-03 3.277200e-02
812 9.658200e-01 1.520000e-03 3.266000e-02
813 9.657600e-01 1.680000e-03 3.256000e-02
814 9.658280e-01 1.632000e-03 3.254000e-02
815 9.658280e-01 1.648000e-03 3.252400e-02
816 9.657600e-01 1.652000e-03 3.258800e-02
817 9.659040e-01 1.672000e-03 3.242400e-02
818 9.658440e-01 1.696000e-03 3.246000e-02
819 9.658320e-01 1.768000e-03 3.240000e-02
820 9.658400e-01 1.744000e-03 3.241600e-02
821 9.658600e-01 1.708000e-03 3.243200e-02
822 9.659000e-01 1.616000e-03 3.248400e-02
823 9.660080e-01 1.564000e-03 3.242800e-02
824 9.661000e-01 1.556000e-03 3.234400e-02
825 9.661040e-01 1.628000e-03 3.226800e-02
826 9.661360e-01 1.556000e-03 3.230800e-02
827 9.662600e-01 1.532000e-03 3.220800e-02
828 9.663600e-01 1.532000e-03 3.210800e-02
829 9.663920e-01 1.568000e-03 3.204000e-02
830 9.664480e-01 1.548000e-03 3.200400e-02
831 9.664880e-01 1.532000e-03 3.198000e-02
832 9.665560e-01 1.504000e-03 3.194000e-02
833 9.665760e-01 1.512000e-03 3.191200e-02
834 9.666880e-01 1.468000e-03 3.184400e-02
835 9.667760e-01 1.452000e-03 3.177200e-02
836 9.668640e-01 1.460000e-03 3.167600e-02
837 9.670000e-01 1.356000e-03 3.164400e-02
838 9.670600e-01 1.332000e-03 3.160800e-02
839 9.671760e-01 1.380000e-03 3.144400e-02
840 9.672440e-01 1.376000e-03 3.138000e-02
841 9.673200e-01 1.316000e-03 3.136400e-02
842 9.673800e-01 1.308000e-03 3.131200e-02
843 9.675400e-01 1.316000e-03 3.114400e-02
844 9.676680e-01 1.360000e-03 3.097200e-02
845 9.677280e-01 1.308000e-03 3.096400e-02
846 9.677960e-01 1.300000e-03 3.090400e-02
847 9.677880e-01 1.360000e-03 3.085200e-02
848 9.678440e-01 1.388000e-03 3.076800e-02
849 9.679520e-01 1.364000e-03 3.068400e-02
850 9.679840e-01 1.444000e-03 3.057200e-02
851 9.680600e-01 1.484000e-03 3.045600e-02
852 9.680560e-01 1.536000e-03 3.040800e-02
853 9.680000e-01 1.692000e-03 3.030800e-02
854 9.679960e-01 1.648000e-03 3.035600e-02
855 9.679920e-01 1.656000e-03 3.035200e-02
856 9.679560e-01 1.676000e-03 3.036800e-02
857 9.679320e-01 1.772000e-03 3.029600e-02
858 9.679200e-01 1.764000e-03 3.031600e-02
859 9.678440e-01 1.884000e-03 3.027200e-02
860 9.678480e-01 1.888000e-03 3.026400e-02
861 9.678640e-01 1.868000e-03 3.026800e-02
862 9.677760e-01 1.952000e-03 3.027200e-02
863 9.676160e-01 2.056000e-03 3.032800e-02
864 9.674960e-01 2.124000e-03 3.038000e-02
865 9.673520e-01 2.152000e-03 3.049600e-02
866 9.673040e-01 2.064000e-03 3.063200e-02
867 9.673080e-01 2.036000e-03 3.065600e-02
868 9.672360e-01 2.068000e-03 3.069600e-02
869 9.671800e-01 2.044000e-03 3.077600e-02
870 9.669840e-01 2.148000e-03 3.086800e-02
871 9.669320e-01 2.116000e-03 3.095200e-02
872 9.669760e-01 2.080000e-03 3.094400e-02
873 9.669640e-01 2.052000e-03 3.098400e-02
874 9.669920e-01 2.004000e-03 3.100400e-02
875 9.670480e-01 1.936000e-03 3.101600e-02
876 9.670560e-01 1.844000e-03 3.110000e-02
877 9.671600e-01 1.768000e-03 3.107200e-02
878 9.672760e-01 1.704000e-03 3.102000e-02
879 9.673800e-01 1.636000e-03 3.098400e-02
880 9.674560e-01 1.576000e-03 3.096800e-02
881 9.675520e-01 1.636000e-03 3.081200e-02
882 9.675480e-01 1.660000e-03 3.079200e-02
883 9.674880e-01 1.680000e-03 3.083200e-02
884 9.674920e-01 1.652000e-03 3.085600e-02
885 9.674000e-01 1.792000e-03 3.080800e-02
886 9.674840e-01 1.812000e-03 3.070400e-02
887 9.674480e-01 1.884000e-03 3.066800e-02
888 9.673440e-01 1.972000e-03 3.068400e-02
889 9.671840e-01 2.064000e-03 3.075200e-02
890 9.672080e-01 2.000000e-03 3.079200e-02
891 9.671760e-01 1.896000e-03 3.092800e-02
892 9.671280e-01 1.940000e-03 3.093200e-02
893 9.670880e-01 1.988000e-03 3.092400e-02
894 9.671040e-01 1.960000e-03 3.093600e-02
895 9.670560e-01 2.024000e-03 3.092000e-02
896 9.671040e-01 1.924000e-03 3.097200e-02
897 9.670680e-01 1.936000e-03 3.099600e-02
898 9.669280e-01 2.148000e-03 3.092400e-02
899 9.668160e-01 2.216000e-03 3.096800e-02
900 9.667520e-01 2.180000e-03 3.106800e-02
901 9.667400e-01 2.156000e-03 3.110400e-02
902 9.667640e-01 2.108000e-03 3.112800e-02
903 9.666200e-01 2.104000e-03 3.127600e-02
904 9.665640e-01 2.192000e-03 3.124400e-02
905 9.664200e-01 2.152000e-03 3.142800e-02
906 9.663040e-01 2.228000e-03 3.146800e-02
907 9.661760e-01 2.272000e-03 3.155200e-02
908 9.660960e-01 2.272000e-03 3.163200e-02
909 9.660120e-01 2.352000e-03 3.163600e-02
910 9.659320e-01 2.284000e-03 3.178400e-02
911 9.658960e-01 2.352000e-03 3.175200e-02
912 9.657640e-01 2.372000e-03 3.186400e-02
913 9.655960e-01 2.364000e-03 3.204000e-02
914 9.655440e-01 2.320000e-03 3.213600e-02
915 9.653640e-01 2.308000e-03 3.232800e-02
916 9.653320e-01 2.336000e-03 3.233200e-02
917 9.653400e-01 2.212000e-03 3.244800e-02
918 9.653440e-01 2.200000e-03 3.245600e-02
919 9.653320e-01 2.160000e-03 3.250800e-02
920 9.652480e-01 2.252000e-03 3.250000e-02
921 9.652080e-01 2.196000e-03 3.259600e-02
922 9.651560e-01 2.216000e-03 3.262800e-02
923 9.651840e-01 2.212000e-03 3.260400e-02
924 9.651320e-01 2.176000e-03 3.269200e-02
925 9.650720e-01 2.196000e-03 3.273200e-02
926 9.649920e-01 2.164000e-03 3.284400e-02
927 9.650840e-01 1.984000e-03 3.293200e-02
928 9.651080e-01 1.988000e-03 3.290400e-02
929 9.650080e-01 1.948000e-03 3.304400e-02
930 9.650120e-01 1.904000e-03 3.308400e-02
931 9.650000e-01 1.920000e-03 3.308000e-02
932 9.650000e-01 1.884000e-03 3.311600e-02
