1 9.992800e-01 6.280000e-04 9.200000e-05
2 9.988280e-01 9.560000e-04 2.160000e-04
3 9.982920e-01 1.232000e-03 4.760000e-04
4 9.977480e-01 1.496000e-03 7.560000e-04
5 9.970960e-01 1.824000e-03 1.080000e-03
6 9.965160e-01 2.060000e-03 1.424000e-03
7 9.958800e-01 2.368000e-03 1.752000e-03
8 9.951680e-01 2.740000e-03 2.092000e-03
9 9.943680e-01 3.024000e-03 2.608000e-03
10 9.936680e-01 3.188000e-03 3.144000e-03
11 9.927480e-01 3.548000e-03 3.704000e-03
12 9.917840e-01 3.988000e-03 4.228000e-03
13 9.908840e-01 4.128000e-03 4.988000e-03
14 9.899880e-01 4.296000e-03 5.716000e-03
15 9.891000e-01 4.552000e-03 6.348000e-03
16 9.881080e-01 4.752000e-03 7.140000e-03
17 9.871120e-01 5.004000e-03 7.884000e-03
18 9.860960e-01 5.220000e-03 8.684000e-03
19 9.851400e-01 5.408000e-03 9.452000e-03
20 9.841560e-01 5.596000e-03 1.024800e-02
21 9.829960e-01 5.800000e-03 1.120400e-02
22 9.819480e-01 6.028000e-03 1.202400e-02
23 9.808800e-01 6.208000e-03 1.291200e-02
24 9.799240e-01 6.220000e-03 1.385600e-02
25 9.787920e-01 6.424000e-03 1.478400e-02
26 9.778120e-01 6.344000e-03 1.584400e-02
27 9.767480e-01 6.472000e-03 1.678000e-02
28 9.755720e-01 6.780000e-03 1.764800e-02
29 9.743160e-01 7.028000e-03 1.865600e-02
30 9.730800e-01 7.320000e-03 1.960000e-02
31 9.719520e-01 7.412000e-03 2.063600e-02
32 9.706560e-01 7.716000e-03 2.162800e-02
33 9.694680e-01 7.828000e-03 2.270400e-02
34 9.683960e-01 7.732000e-03 2.387200e-02
35 9.672120e-01 8.032000e-03 2.475600e-02
36 9.660360e-01 8.092000e-03 2.587200e-02
37 9.648480e-01 8.148000e-03 2.700400e-02
38 9.636160e-01 8.272000e-03 2.811200e-02
39 9.624600e-01 8.320000e-03 2.922000e-02
40 9.611960e-01 8.476000e-03 3.032800e-02
41 9.598440e-01 8.784000e-03 3.137200e-02
42 9.585760e-01 8.848000e-03 3.257600e-02
43 9.572400e-01 9.120000e-03 3.364000e-02
44 9.559760e-01 9.156000e-03 3.486800e-02
45 9.546960e-01 9.128000e-03 3.617600e-02
46 9.535160e-01 9.032000e-03 3.745200e-02
47 9.522440e-01 9.124000e-03 3.863200e-02
48 9.508640e-01 9.252000e-03 3.988400e-02
49 9.496920e-01 9.124000e-03 4.118400e-02
50 9.484600e-01 9.188000e-03 4.235200e-02
51 9.473360e-01 9.268000e-03 4.339600e-02
52 9.462240e-01 9.264000e-03 4.451200e-02
53 9.449880e-01 9.348000e-03 4.566400e-02
54 9.436840e-01 9.516000e-03 4.680000e-02
55 9.425680e-01 9.532000e-03 4.790000e-02
56 9.414200e-01 9.564000e-03 4.901600e-02
57 9.403000e-01 9.508000e-03 5.019200e-02
58 9.391640e-01 9.440000e-03 5.139600e-02
59 9.380520e-01 9.468000e-03 5.248000e-02
60 9.367680e-01 9.684000e-03 5.354800e-02
61 9.356640e-01 9.728000e-03 5.460800e-02
62 9.346000e-01 9.692000e-03 5.570800e-02
63 9.334320e-01 9.840000e-03 5.672800e-02
64 9.323040e-01 9.900000e-03 5.779600e-02
65 9.311520e-01 1.004400e-02 5.880400e-02
66 9.300240e-01 1.024800e-02 5.972800e-02
67 9.288840e-01 1.032400e-02 6.079200e-02
68 9.276720e-01 1.026000e-02 6.206800e-02
69 9.265440e-01 1.032000e-02 6.313600e-02
70 9.255320e-01 1.013600e-02 6.433200e-02
71 9.245360e-01 1.017600e-02 6.528800e-02
72 9.233640e-01 1.041600e-02 6.622000e-02
73 9.222680e-01 1.046800e-02 6.726400e-02
74 9.211840e-01 1.045600e-02 6.836000e-02
75 9.201560e-01 1.044400e-02 6.940000e-02
76 9.192360e-01 1.038400e-02 7.038000e-02
77 9.181160e-01 1.048400e-02 7.140000e-02
78 9.170000e-01 1.064400e-02 7.235600e-02
79 9.158880e-01 1.056800e-02 7.354400e-02
80 9.149680e-01 1.061600e-02 7.441600e-02
81 9.138240e-01 1.076000e-02 7.541600e-02
82 9.129040e-01 1.036400e-02 7.673200e-02
83 9.119640e-01 1.028400e-02 7.775200e-02
84 9.110080e-01 1.023200e-02 7.876000e-02
85 9.103120e-01 1.006800e-02 7.962000e-02
86 9.094400e-01 1.010800e-02 8.045200e-02
87 9.085680e-01 1.007200e-02 8.136000e-02
88 9.076720e-01 1.011600e-02 8.221200e-02
89 9.067520e-01 1.022000e-02 8.302800e-02
90 9.061200e-01 9.964000e-03 8.391600e-02
91 9.052800e-01 1.015600e-02 8.456400e-02
92 9.044760e-01 1.017600e-02 8.534800e-02
93 9.032120e-01 1.050800e-02 8.628000e-02
94 9.023200e-01 1.051600e-02 8.716400e-02
95 9.012400e-01 1.065600e-02 8.810400e-02
96 9.003560e-01 1.070000e-02 8.894400e-02
97 8.993400e-01 1.088800e-02 8.977200e-02
98 8.984880e-01 1.080000e-02 9.071200e-02
99 8.974880e-01 1.105600e-02 9.145600e-02
100 8.965480e-01 1.101200e-02 9.244000e-02
101 8.958160e-01 1.093600e-02 9.324800e-02
102 8.948560e-01 1.101200e-02 9.413200e-02
103 8.940360e-01 1.094400e-02 9.502000e-02
104 8.931200e-01 1.095600e-02 9.592400e-02
105 8.923120e-01 1.089200e-02 9.679600e-02
106 8.912400e-01 1.088800e-02 9.787200e-02
107 8.904320e-01 1.100400e-02 9.856400e-02
108 8.894600e-01 1.093600e-02 9.960400e-02
109 8.886120e-01 1.114800e-02 1.002400e-01
110 8.879360e-01 1.097200e-02 1.010920e-01
111 8.870760e-01 1.094800e-02 1.019760e-01
112 8.861840e-01 1.082800e-02 1.029880e-01
113 8.854960e-01 1.067600e-02 1.038280e-01
114 8.849240e-01 1.050000e-02 1.045760e-01
115 8.843360e-01 1.049600e-02 1.051680e-01
116 8.836480e-01 1.045600e-02 1.058960e-01
117 8.828760e-01 1.052400e-02 1.066000e-01
118 8.820320e-01 1.075600e-02 1.072120e-01
119 8.813720e-01 1.089200e-02 1.077360e-01
120 8.808240e-01 1.074000e-02 1.084360e-01
121 8.801440e-01 1.050000e-02 1.093560e-01
122 8.795640e-01 1.035600e-02 1.100800e-01
123 8.790360e-01 1.032000e-02 1.106440e-01
124 8.785200e-01 1.014400e-02 1.113360e-01
125 8.779840e-01 1.010000e-02 1.119160e-01
126 8.774240e-01 9.988000e-03 1.125880e-01
127 8.767800e-01 1.012800e-02 1.130920e-01
128 8.761960e-01 1.010000e-02 1.137040e-01
129 8.756400e-01 1.014800e-02 1.142120e-01
130 8.751280e-01 1.004000e-02 1.148320e-01
131 8.748160e-01 9.908000e-03 1.152760e-01
132 8.744680e-01 9.912000e-03 1.156200e-01
133 8.739920e-01 9.852000e-03 1.161560e-01
134 8.736560e-01 9.692000e-03 1.166520e-01
135 8.731360e-01 9.616000e-03 1.172480e-01
136 8.726800e-01 9.660000e-03 1.176600e-01
137 8.722200e-01 9.680000e-03 1.181000e-01
138 8.719240e-01 9.460000e-03 1.186160e-01
139 8.715320e-01 9.352000e-03 1.191160e-01
140 8.711800e-01 9.340000e-03 1.194800e-01
141 8.707440e-01 9.312000e-03 1.199440e-01
142 8.702200e-01 9.476000e-03 1.203040e-01
143 8.697320e-01 9.612000e-03 1.206560e-01
144 8.692920e-01 9.724000e-03 1.209840e-01
145 8.688560e-01 9.712000e-03 1.214320e-01
146 8.685480e-01 9.624000e-03 1.218280e-01
147 8.680480e-01 9.716000e-03 1.222360e-01
148 8.677800e-01 9.676000e-03 1.225440e-01
149 8.672400e-01 9.716000e-03 1.230440e-01
150 8.667360e-01 9.808000e-03 1.234560e-01
151 8.661520e-01 1.000000e-02 1.238480e-01
152 8.655320e-01 1.010400e-02 1.243640e-01
153 8.652800e-01 1.000800e-02 1.247120e-01
154 8.649960e-01 9.976000e-03 1.250280e-01
155 8.648680e-01 9.740000e-03 1.253920e-01
156 8.645600e-01 9.540000e-03 1.259000e-01
157 8.642440e-01 9.484000e-03 1.262720e-01
158 8.640240e-01 9.296000e-03 1.266800e-01
159 8.637320e-01 9.368000e-03 1.269000e-01
160 8.634760e-01 9.296000e-03 1.272280e-01
161 8.632920e-01 9.192000e-03 1.275160e-01
162 8.630760e-01 9.000000e-03 1.279240e-01
163 8.628880e-01 8.920000e-03 1.281920e-01
164 8.624760e-01 9.040000e-03 1.284840e-01
165 8.621320e-01 9.016000e-03 1.288520e-01
166 8.619160e-01 8.992000e-03 1.290920e-01
167 8.616320e-01 8.892000e-03 1.294760e-01
168 8.613200e-01 9.044000e-03 1.296360e-01
169 8.608600e-01 9.220000e-03 1.299200e-01
170 8.607480e-01 9.208000e-03 1.300440e-01
171 8.605040e-01 9.296000e-03 1.302000e-01
172 8.602160e-01 9.252000e-03 1.305320e-01
173 8.600120e-01 9.224000e-03 1.307640e-01
174 8.596120e-01 9.288000e-03 1.311000e-01
175 8.594640e-01 9.156000e-03 1.313800e-01
176 8.591080e-01 9.280000e-03 1.316120e-01
177 8.589360e-01 9.304000e-03 1.317600e-01
178 8.586400e-01 9.204000e-03 1.321560e-01
179 8.585040e-01 9.244000e-03 1.322520e-01
180 8.580920e-01 9.240000e-03 1.326680e-01
181 8.577760e-01 9.192000e-03 1.330320e-01
182 8.574840e-01 9.212000e-03 1.333040e-01
183 8.570280e-01 9.192000e-03 1.337800e-01
184 8.566320e-01 9.232000e-03 1.341360e-01
185 8.564680e-01 9.168000e-03 1.343640e-01
186 8.561080e-01 9.072000e-03 1.348200e-01
187 8.559080e-01 8.996000e-03 1.350960e-01
188 8.558880e-01 9.064000e-03 1.350480e-01
189 8.557040e-01 9.088000e-03 1.352080e-01
190 8.555960e-01 9.172000e-03 1.352320e-01
191 8.554440e-01 9.220000e-03 1.353360e-01
192 8.551920e-01 9.216000e-03 1.355920e-01
193 8.549440e-01 9.368000e-03 1.356880e-01
194 8.547320e-01 9.516000e-03 1.357520e-01
195 8.544680e-01 9.776000e-03 1.357560e-01
196 8.540760e-01 9.900000e-03 1.360240e-01
197 8.538160e-01 9.796000e-03 1.363880e-01
198 8.536880e-01 9.664000e-03 1.366480e-01
199 8.534640e-01 9.448000e-03 1.370880e-01
200 8.531080e-01 9.500000e-03 1.373920e-01
201 8.528840e-01 9.488000e-03 1.376280e-01
202 8.527080e-01 9.408000e-03 1.378840e-01
203 8.523520e-01 9.548000e-03 1.381000e-01
204 8.521520e-01 9.404000e-03 1.384440e-01
205 8.519960e-01 9.200000e-03 1.388040e-01
206 8.515840e-01 9.384000e-03 1.390320e-01
207 8.514000e-01 9.256000e-03 1.393440e-01
208 8.513280e-01 9.092000e-03 1.395800e-01
209 8.512200e-01 9.080000e-03 1.397000e-01
210 8.510080e-01 9.156000e-03 1.398360e-01
211 8.509280e-01 8.980000e-03 1.400920e-01
212 8.506320e-01 9.072000e-03 1.402960e-01
213 8.505320e-01 8.936000e-03 1.405320e-01
214 8.504480e-01 8.824000e-03 1.407280e-01
215 8.504160e-01 8.580000e-03 1.410040e-01
216 8.505600e-01 8.552000e-03 1.408880e-01
217 8.505680e-01 8.448000e-03 1.409840e-01
218 8.507920e-01 8.272000e-03 1.409360e-01
219 8.508680e-01 8.192000e-03 1.409400e-01
220 8.509760e-01 8.064000e-03 1.409600e-01
221 8.511000e-01 7.900000e-03 1.410000e-01
222 8.511480e-01 7.876000e-03 1.409760e-01
223 8.515040e-01 7.772000e-03 1.407240e-01
224 8.517920e-01 7.608000e-03 1.406000e-01
225 8.517920e-01 7.664000e-03 1.405440e-01
226 8.522320e-01 7.412000e-03 1.403560e-01
227 8.523000e-01 7.484000e-03 1.402160e-01
228 8.524320e-01 7.516000e-03 1.400520e-01
229 8.524240e-01 7.548000e-03 1.400280e-01
230 8.526960e-01 7.280000e-03 1.400240e-01
231 8.530240e-01 7.128000e-03 1.398480e-01
232 8.533080e-01 7.084000e-03 1.396080e-01
233 8.535880e-01 7.020000e-03 1.393920e-01
234 8.535840e-01 7.068000e-03 1.393480e-01
235 8.537720e-01 7.156000e-03 1.390720e-01
236 8.538640e-01 7.180000e-03 1.389560e-01
237 8.539800e-01 7.084000e-03 1.389360e-01
238 8.542320e-01 7.064000e-03 1.387040e-01
239 8.544240e-01 6.956000e-03 1.386200e-01
240 8.547920e-01 6.824000e-03 1.383840e-01
241 8.549920e-01 6.668000e-03 1.383400e-01
242 8.551760e-01 6.696000e-03 1.381280e-01
243 8.552440e-01 6.728000e-03 1.380280e-01
244 8.556040e-01 6.716000e-03 1.376800e-01
245 8.555560e-01 6.740000e-03 1.377040e-01
246 8.557080e-01 6.832000e-03 1.374600e-01
247 8.559120e-01 6.844000e-03 1.372440e-01
248 8.560120e-01 6.928000e-03 1.370600e-01
249 8.562600e-01 6.932000e-03 1.368080e-01
250 8.564560e-01 6.840000e-03 1.367040e-01
251 8.567920e-01 6.952000e-03 1.362560e-01
252 8.570720e-01 6.888000e-03 1.360400e-01
253 8.572280e-01 6.816000e-03 1.359560e-01
254 8.574280e-01 6.660000e-03 1.359120e-01
255 8.574960e-01 6.744000e-03 1.357600e-01
256 8.576240e-01 6.648000e-03 1.357280e-01
257 8.578000e-01 6.644000e-03 1.355560e-01
258 8.581080e-01 6.528000e-03 1.353640e-01
259 8.583200e-01 6.584000e-03 1.350960e-01
260 8.584040e-01 6.584000e-03 1.350120e-01
261 8.585800e-01 6.648000e-03 1.347720e-01
262 8.588880e-01 6.540000e-03 1.345720e-01
263 8.590520e-01 6.564000e-03 1.343840e-01
264 8.592120e-01 6.476000e-03 1.343120e-01
265 8.593520e-01 6.424000e-03 1.342240e-01
266 8.596240e-01 6.352000e-03 1.340240e-01
267 8.598400e-01 6.244000e-03 1.339160e-01
268 8.601520e-01 6.140000e-03 1.337080e-01
269 8.604080e-01 6.124000e-03 1.334680e-01
270 8.608320e-01 6.008000e-03 1.331600e-01
271 8.611720e-01 5.860000e-03 1.329680e-01
272 8.614040e-01 5.844000e-03 1.327520e-01
273 8.617200e-01 5.848000e-03 1.324320e-01
274 8.621640e-01 5.748000e-03 1.320880e-01
275 8.625240e-01 5.752000e-03 1.317240e-01
276 8.628600e-01 5.776000e-03 1.313640e-01
277 8.630240e-01 5.860000e-03 1.311160e-01
278 8.633760e-01 5.724000e-03 1.309000e-01
279 8.638920e-01 5.700000e-03 1.304080e-01
280 8.642600e-01 5.640000e-03 1.301000e-01
281 8.646040e-01 5.372000e-03 1.300240e-01
282 8.651960e-01 5.212000e-03 1.295920e-01
283 8.654960e-01 5.160000e-03 1.293440e-01
284 8.658240e-01 5.144000e-03 1.290320e-01
285 8.662520e-01 5.028000e-03 1.287200e-01
286 8.666320e-01 5.012000e-03 1.283560e-01
287 8.669960e-01 5.020000e-03 1.279840e-01
288 8.673720e-01 5.020000e-03 1.276080e-01
289 8.676520e-01 5.112000e-03 1.272360e-01
290 8.678720e-01 5.228000e-03 1.269000e-01
291 8.681360e-01 5.196000e-03 1.266680e-01
292 8.684360e-01 5.336000e-03 1.262280e-01
293 8.686800e-01 5.396000e-03 1.259240e-01
294 8.686920e-01 5.548000e-03 1.257600e-01
295 8.690560e-01 5.520000e-03 1.254240e-01
296 8.692400e-01 5.520000e-03 1.252400e-01
297 8.693920e-01 5.512000e-03 1.250960e-01
298 8.695320e-01 5.540000e-03 1.249280e-01
299 8.700160e-01 5.404000e-03 1.245800e-01
300 8.704480e-01 5.364000e-03 1.241880e-01
301 8.708360e-01 5.308000e-03 1.238560e-01
302 8.712400e-01 5.160000e-03 1.236000e-01
303 8.717120e-01 5.032000e-03 1.232560e-01
304 8.722000e-01 4.960000e-03 1.228400e-01
305 8.726760e-01 4.812000e-03 1.225120e-01
306 8.731480e-01 4.724000e-03 1.221280e-01
307 8.735360e-01 4.672000e-03 1.217920e-01
308 8.739360e-01 4.576000e-03 1.214880e-01
309 8.743560e-01 4.484000e-03 1.211600e-01
310 8.748040e-01 4.488000e-03 1.207080e-01
311 8.751400e-01 4.524000e-03 1.203360e-01
312 8.754120e-01 4.500000e-03 1.200880e-01
313 8.758440e-01 4.584000e-03 1.195720e-01
314 8.762680e-01 4.552000e-03 1.191800e-01
315 8.768000e-01 4.488000e-03 1.187120e-01
316 8.772040e-01 4.564000e-03 1.182320e-01
317 8.774800e-01 4.508000e-03 1.180120e-01
318 8.776280e-01 4.640000e-03 1.177320e-01
319 8.778160e-01 4.680000e-03 1.175040e-01
320 8.782880e-01 4.712000e-03 1.170000e-01
321 8.785680e-01 4.664000e-03 1.167680e-01
322 8.788640e-01 4.776000e-03 1.163600e-01
323 8.792880e-01 4.692000e-03 1.160200e-01
324 8.797360e-01 4.648000e-03 1.156160e-01
325 8.800160e-01 4.504000e-03 1.154800e-01
326 8.804640e-01 4.484000e-03 1.150520e-01
327 8.809320e-01 4.372000e-03 1.146960e-01
328 8.813560e-01 4.236000e-03 1.144080e-01
329 8.818240e-01 4.160000e-03 1.140160e-01
330 8.822360e-01 4.036000e-03 1.137280e-01
331 8.827800e-01 4.012000e-03 1.132080e-01
332 8.831080e-01 4.024000e-03 1.128680e-01
333 8.835760e-01 3.904000e-03 1.125200e-01
334 8.839840e-01 3.804000e-03 1.122120e-01
335 8.844320e-01 3.676000e-03 1.118920e-01
336 8.848400e-01 3.760000e-03 1.114000e-01
337 8.852120e-01 3.856000e-03 1.109320e-01
338 8.854920e-01 3.888000e-03 1.106200e-01
339 8.858720e-01 3.832000e-03 1.102960e-01
340 8.861640e-01 3.880000e-03 1.099560e-01
341 8.865760e-01 3.952000e-03 1.094720e-01
342 8.869360e-01 3.896000e-03 1.091680e-01
343 8.873640e-01 3.876000e-03 1.087600e-01
344 8.877000e-01 3.872000e-03 1.084280e-01
345 8.882520e-01 3.876000e-03 1.078720e-01
346 8.886520e-01 3.860000e-03 1.074880e-01
347 8.888160e-01 3.884000e-03 1.073000e-01
348 8.890720e-01 3.888000e-03 1.070400e-01
349 8.893800e-01 4.028000e-03 1.065920e-01
350 8.897320e-01 4.044000e-03 1.062240e-01
351 8.900680e-01 4.064000e-03 1.058680e-01
352 8.903880e-01 4.116000e-03 1.054960e-01
353 8.907280e-01 4.136000e-03 1.051360e-01
354 8.910800e-01 4.104000e-03 1.048160e-01
355 8.912840e-01 4.084000e-03 1.046320e-01
356 8.915760e-01 4.056000e-03 1.043680e-01
357 8.918000e-01 3.976000e-03 1.042240e-01
358 8.921560e-01 3.992000e-03 1.038520e-01
359 8.925200e-01 3.804000e-03 1.036760e-01
360 8.927640e-01 3.716000e-03 1.035200e-01
361 8.930760e-01 3.792000e-03 1.031320e-01
362 8.935800e-01 3.660000e-03 1.027600e-01
363 8.940840e-01 3.456000e-03 1.024600e-01
364 8.944440e-01 3.492000e-03 1.020640e-01
365 8.948280e-01 3.472000e-03 1.017000e-01
366 8.952120e-01 3.404000e-03 1.013840e-01
367 8.956160e-01 3.396000e-03 1.009880e-01
368 8.961160e-01 3.404000e-03 1.004800e-01
369 8.964840e-01 3.368000e-03 1.001480e-01
370 8.967800e-01 3.360000e-03 9.986000e-02
371 8.971400e-01 3.340000e-03 9.952000e-02
372 8.974840e-01 3.256000e-03 9.926000e-02
373 8.978320e-01 3.268000e-03 9.890000e-02
374 8.983640e-01 3.128000e-03 9.850800e-02
375 8.988120e-01 3.068000e-03 9.812000e-02
376 8.992640e-01 3.132000e-03 9.760400e-02
377 8.996480e-01 3.048000e-03 9.730400e-02
378 8.998600e-01 3.040000e-03 9.710000e-02
379 9.002360e-01 3.076000e-03 9.668800e-02
380 9.007040e-01 3.064000e-03 9.623200e-02
381 9.012000e-01 2.964000e-03 9.583600e-02
382 9.016280e-01 2.944000e-03 9.542800e-02
383 9.021120e-01 2.932000e-03 9.495600e-02
384 9.024920e-01 3.040000e-03 9.446800e-02
385 9.028720e-01 3.024000e-03 9.410400e-02
386 9.032720e-01 3.024000e-03 9.370400e-02
387 9.037640e-01 2.932000e-03 9.330400e-02
388 9.041760e-01 2.932000e-03 9.289200e-02
389 9.046200e-01 2.976000e-03 9.240400e-02
390 9.051160e-01 2.964000e-03 9.192000e-02
391 9.055560e-01 2.872000e-03 9.157200e-02
392 9.059000e-01 2.848000e-03 9.125200e-02
393 9.061880e-01 2.876000e-03 9.093600e-02
394 9.065320e-01 2.904000e-03 9.056400e-02
395 9.068840e-01 2.868000e-03 9.024800e-02
396 9.072440e-01 2.888000e-03 8.986800e-02
397 9.075160e-01 2.892000e-03 8.959200e-02
398 9.078680e-01 2.892000e-03 8.924000e-02
399 9.082680e-01 2.900000e-03 8.883200e-02
400 9.086480e-01 2.924000e-03 8.842800e-02
401 9.089920e-01 2.868000e-03 8.814000e-02
402 9.093160e-01 2.888000e-03 8.779600e-02
403 9.097480e-01 2.880000e-03 8.737200e-02
404 9.100400e-01 2.804000e-03 8.715600e-02
405 9.104440e-01 2.812000e-03 8.674400e-02
406 9.107560e-01 2.776000e-03 8.646800e-02
407 9.110640e-01 2.796000e-03 8.614000e-02
408 9.114000e-01 2.804000e-03 8.579600e-02
409 9.116840e-01 2.828000e-03 8.548800e-02
410 9.121200e-01 2.784000e-03 8.509600e-02
411 9.124520e-01 2.756000e-03 8.479200e-02
412 9.127800e-01 2.716000e-03 8.450400e-02
413 9.132000e-01 2.740000e-03 8.406000e-02
414 9.135720e-01 2.716000e-03 8.371200e-02
415 9.141000e-01 2.620000e-03 8.328000e-02
416 9.144040e-01 2.544000e-03 8.305200e-02
417 9.147560e-01 2.548000e-03 8.269600e-02
418 9.150760e-01 2.516000e-03 8.240800e-02
419 9.154040e-01 2.460000e-03 8.213600e-02
420 9.156680e-01 2.512000e-03 8.182000e-02
421 9.160800e-01 2.492000e-03 8.142800e-02
422 9.163760e-01 2.528000e-03 8.109600e-02
423 9.168280e-01 2.548000e-03 8.062400e-02
424 9.172680e-01 2.516000e-03 8.021600e-02
425 9.175360e-01 2.488000e-03 7.997600e-02
426 9.177920e-01 2.568000e-03 7.964000e-02
427 9.180240e-01 2.596000e-03 7.938000e-02
428 9.183800e-01 2.536000e-03 7.908400e-02
429 9.187480e-01 2.456000e-03 7.879600e-02
430 9.192000e-01 2.340000e-03 7.846000e-02
431 9.196240e-01 2.408000e-03 7.796800e-02
432 9.199000e-01 2.416000e-03 7.768400e-02
433 9.202800e-01 2.368000e-03 7.735200e-02
434 9.206560e-01 2.440000e-03 7.690400e-02
435 9.210680e-01 2.392000e-03 7.654000e-02
436 9.214720e-01 2.324000e-03 7.620400e-02
437 9.218440e-01 2.312000e-03 7.584400e-02
438 9.221320e-01 2.324000e-03 7.554400e-02
439 9.224720e-01 2.384000e-03 7.514400e-02
440 9.227720e-01 2.420000e-03 7.480800e-02
441 9.231320e-01 2.408000e-03 7.446000e-02
442 9.235520e-01 2.300000e-03 7.414800e-02
443 9.239560e-01 2.232000e-03 7.381200e-02
444 9.242880e-01 2.188000e-03 7.352400e-02
445 9.245880e-01 2.132000e-03 7.328000e-02
446 9.249520e-01 2.168000e-03 7.288000e-02
447 9.252960e-01 2.212000e-03 7.249200e-02
448 9.254480e-01 2.380000e-03 7.217200e-02
449 9.257080e-01 2.340000e-03 7.195200e-02
450 9.260760e-01 2.332000e-03 7.159200e-02
451 9.263680e-01 2.320000e-03 7.131200e-02
452 9.267360e-01 2.296000e-03 7.096800e-02
453 9.268840e-01 2.308000e-03 7.080800e-02
454 9.271720e-01 2.388000e-03 7.044000e-02
455 9.274240e-01 2.452000e-03 7.012400e-02
456 9.276560e-01 2.468000e-03 6.987600e-02
457 9.279360e-01 2.336000e-03 6.972800e-02
458 9.281240e-01 2.348000e-03 6.952800e-02
459 9.284280e-01 2.332000e-03 6.924000e-02
460 9.285360e-01 2.424000e-03 6.904000e-02
461 9.286960e-01 2.484000e-03 6.882000e-02
462 9.289400e-01 2.560000e-03 6.850000e-02
463 9.292200e-01 2.528000e-03 6.825200e-02
464 9.294760e-01 2.540000e-03 6.798400e-02
465 9.296880e-01 2.624000e-03 6.768800e-02
466 9.298640e-01 2.724000e-03 6.741200e-02
467 9.299560e-01 2.788000e-03 6.725600e-02
468 9.301480e-01 2.788000e-03 6.706400e-02
469 9.302680e-01 2.860000e-03 6.687200e-02
470 9.303200e-01 3.020000e-03 6.666000e-02
471 9.304800e-01 2.952000e-03 6.656800e-02
472 9.306400e-01 2.912000e-03 6.644800e-02
473 9.308640e-01 2.888000e-03 6.624800e-02
474 9.309800e-01 2.912000e-03 6.610800e-02
475 9.311640e-01 2.812000e-03 6.602400e-02
476 9.313560e-01 2.712000e-03 6.593200e-02
477 9.315480e-01 2.744000e-03 6.570800e-02
478 9.317120e-01 2.728000e-03 6.556000e-02
479 9.318600e-01 2.776000e-03 6.536400e-02
480 9.321560e-01 2.648000e-03 6.519600e-02
481 9.324720e-01 2.596000e-03 6.493200e-02
482 9.326400e-01 2.492000e-03 6.486800e-02
483 9.328360e-01 2.424000e-03 6.474000e-02
484 9.331200e-01 2.312000e-03 6.456800e-02
485 9.332920e-01 2.368000e-03 6.434000e-02
486 9.334920e-01 2.340000e-03 6.416800e-02
487 9.337600e-01 2.276000e-03 6.396400e-02
488 9.340920e-01 2.328000e-03 6.358000e-02
489 9.344440e-01 2.252000e-03 6.330400e-02
490 9.347760e-01 2.224000e-03 6.300000e-02
491 9.350320e-01 2.244000e-03 6.272400e-02
492 9.354320e-01 2.180000e-03 6.238800e-02
493 9.357400e-01 2.156000e-03 6.210400e-02
494 9.360800e-01 2.140000e-03 6.178000e-02
495 9.363080e-01 2.064000e-03 6.162800e-02
496 9.366280e-01 2.040000e-03 6.133200e-02
497 9.368320e-01 2.016000e-03 6.115200e-02
498 9.370560e-01 1.980000e-03 6.096400e-02
499 9.373160e-01 1.944000e-03 6.074000e-02
500 9.375600e-01 1.940000e-03 6.050000e-02
501 9.378600e-01 1.908000e-03 6.023200e-02
502 9.381960e-01 1.876000e-03 5.992800e-02
503 9.383760e-01 1.888000e-03 5.973600e-02
504 9.387000e-01 1.896000e-03 5.940400e-02
505 9.390720e-01 1.832000e-03 5.909600e-02
506 9.394040e-01 1.844000e-03 5.875200e-02
507 9.396000e-01 1.932000e-03 5.846800e-02
508 9.398440e-01 1.908000e-03 5.824800e-02
509 9.401880e-01 1.920000e-03 5.789200e-02
510 9.404520e-01 1.920000e-03 5.762800e-02
511 9.407360e-01 1.928000e-03 5.733600e-02
512 9.409840e-01 1.904000e-03 5.711200e-02
513 9.412360e-01 1.888000e-03 5.687600e-02
514 9.414760e-01 1.944000e-03 5.658000e-02
515 9.417360e-01 1.924000e-03 5.634000e-02
516 9.418800e-01 1.960000e-03 5.616000e-02
517 9.420760e-01 1.888000e-03 5.603600e-02
518 9.422840e-01 1.828000e-03 5.588800e-02
519 9.426160e-01 1.888000e-03 5.549600e-02
520 9.428720e-01 1.924000e-03 5.520400e-02
521 9.430880e-01 1.872000e-03 5.504000e-02
522 9.434000e-01 1.784000e-03 5.481600e-02
523 9.437200e-01 1.728000e-03 5.455200e-02
524 9.439840e-01 1.648000e-03 5.436800e-02
525 9.443360e-01 1.532000e-03 5.413200e-02
526 9.447080e-01 1.500000e-03 5.379200e-02
527 9.450560e-01 1.456000e-03 5.348800e-02
528 9.454600e-01 1.452000e-03 5.308800e-02
529 9.456640e-01 1.456000e-03 5.288000e-02
530 9.458800e-01 1.440000e-03 5.268000e-02
531 9.461000e-01 1.476000e-03 5.242400e-02
532 9.463760e-01 1.516000e-03 5.210800e-02
533 9.465440e-01 1.536000e-03 5.192000e-02
534 9.467960e-01 1.588000e-03 5.161600e-02
535 9.469680e-01 1.636000e-03 5.139600e-02
536 9.472040e-01 1.600000e-03 5.119600e-02
537 9.474000e-01 1.668000e-03 5.093200e-02
538 9.476000e-01 1.724000e-03 5.067600e-02
539 9.477520e-01 1.740000e-03 5.050800e-02
540 9.479680e-01 1.772000e-03 5.026000e-02
541 9.481200e-01 1.776000e-03 5.010400e-02
542 9.482960e-01 1.768000e-03 4.993600e-02
543 9.484520e-01 1.800000e-03 4.974800e-02
544 9.486480e-01 1.884000e-03 4.946800e-02
545 9.486760e-01 1.948000e-03 4.937600e-02
546 9.490040e-01 1.868000e-03 4.912800e-02
547 9.491320e-01 1.864000e-03 4.900400e-02
548 9.493240e-01 1.844000e-03 4.883200e-02
549 9.494840e-01 1.808000e-03 4.870800e-02
550 9.496840e-01 1.764000e-03 4.855200e-02
551 9.498240e-01 1.864000e-03 4.831200e-02
552 9.500480e-01 1.760000e-03 4.819200e-02
553 9.502640e-01 1.744000e-03 4.799200e-02
554 9.503760e-01 1.692000e-03 4.793200e-02
555 9.506080e-01 1.660000e-03 4.773200e-02
556 9.506680e-01 1.752000e-03 4.758000e-02
557 9.507520e-01 1.836000e-03 4.741200e-02
558 9.507920e-01 1.860000e-03 4.734800e-02
559 9.509280e-01 1.820000e-03 4.725200e-02
560 9.510480e-01 1.836000e-03 4.711600e-02
561 9.511600e-01 1.944000e-03 4.689600e-02
562 9.514280e-01 1.908000e-03 4.666400e-02
563 9.515600e-01 1.864000e-03 4.657600e-02
564 9.517480e-01 1.856000e-03 4.639600e-02
565 9.519720e-01 1.800000e-03 4.622800e-02
566 9.521560e-01 1.796000e-03 4.604800e-02
567 9.521920e-01 1.772000e-03 4.603600e-02
568 9.523040e-01 1.696000e-03 4.600000e-02
569 9.524840e-01 1.664000e-03 4.585200e-02
570 9.526280e-01 1.692000e-03 4.568000e-02
571 9.527120e-01 1.696000e-03 4.559200e-02
572 9.528640e-01 1.680000e-03 4.545600e-02
573 9.531080e-01 1.668000e-03 4.522400e-02
574 9.532240e-01 1.640000e-03 4.513600e-02
575 9.533680e-01 1.648000e-03 4.498400e-02
576 9.535320e-01 1.652000e-03 4.481600e-02
577 9.536680e-01 1.660000e-03 4.467200e-02
578 9.537320e-01 1.636000e-03 4.463200e-02
579 9.538160e-01 1.664000e-03 4.452000e-02
580 9.539720e-01 1.736000e-03 4.429200e-02
581 9.540200e-01 1.804000e-03 4.417600e-02
582 9.541080e-01 1.856000e-03 4.403600e-02
583 9.542200e-01 1.860000e-03 4.392000e-02
584 9.542560e-01 1.888000e-03 4.385600e-02
585 9.543920e-01 1.864000e-03 4.374400e-02
586 9.546080e-01 1.804000e-03 4.358800e-02
587 9.547720e-01 1.792000e-03 4.343600e-02
588 9.549280e-01 1.792000e-03 4.328000e-02
589 9.550040e-01 1.816000e-03 4.318000e-02
590 9.550360e-01 1.848000e-03 4.311600e-02
591 9.551760e-01 1.856000e-03 4.296800e-02
592 9.553120e-01 1.888000e-03 4.280000e-02
593 9.553640e-01 1.836000e-03 4.280000e-02
594 9.554680e-01 1.828000e-03 4.270400e-02
595 9.555520e-01 1.852000e-03 4.259600e-02
596 9.555520e-01 1.888000e-03 4.256000e-02
597 9.555840e-01 1.900000e-03 4.251600e-02
598 9.557480e-01 1.852000e-03 4.240000e-02
599 9.557800e-01 1.824000e-03 4.239600e-02
600 9.559000e-01 1.868000e-03 4.223200e-02
601 9.560360e-01 1.804000e-03 4.216000e-02
602 9.560920e-01 1.844000e-03 4.206400e-02
603 9.562360e-01 1.784000e-03 4.198000e-02
604 9.563480e-01 1.740000e-03 4.191200e-02
605 9.564160e-01 1.700000e-03 4.188400e-02
606 9.566040e-01 1.660000e-03 4.173600e-02
607 9.566960e-01 1.600000e-03 4.170400e-02
608 9.567560e-01 1.588000e-03 4.165600e-02
609 9.568280e-01 1.580000e-03 4.159200e-02
610 9.570600e-01 1.616000e-03 4.132400e-02
611 9.571280e-01 1.580000e-03 4.129200e-02
612 9.573080e-01 1.568000e-03 4.112400e-02
613 9.573960e-01 1.600000e-03 4.100400e-02
614 9.575080e-01 1.608000e-03 4.088400e-02
615 9.575560e-01 1.660000e-03 4.078400e-02
616 9.576520e-01 1.608000e-03 4.074000e-02
617 9.577800e-01 1.576000e-03 4.064400e-02
618 9.579520e-01 1.480000e-03 4.056800e-02
619 9.581040e-01 1.492000e-03 4.040400e-02
620 9.583560e-01 1.488000e-03 4.015600e-02
621 9.584840e-01 1.460000e-03 4.005600e-02
622 9.585400e-01 1.544000e-03 3.991600e-02
623 9.585560e-01 1.560000e-03 3.988400e-02
624 9.587000e-01 1.552000e-03 3.974800e-02
625 9.588520e-01 1.504000e-03 3.964400e-02
626 9.589000e-01 1.524000e-03 3.957600e-02
627 9.591240e-01 1.452000e-03 3.942400e-02
628 9.592680e-01 1.420000e-03 3.931200e-02
629 9.593800e-01 1.452000e-03 3.916800e-02
630 9.594960e-01 1.488000e-03 3.901600e-02
631 9.596160e-01 1.412000e-03 3.897200e-02
632 9.597800e-01 1.384000e-03 3.883600e-02
633 9.599720e-01 1.340000e-03 3.868800e-02
634 9.601240e-01 1.324000e-03 3.855200e-02
635 9.602880e-01 1.368000e-03 3.834400e-02
636 9.603680e-01 1.432000e-03 3.820000e-02
637 9.605200e-01 1.476000e-03 3.800400e-02
638 9.606960e-01 1.488000e-03 3.781600e-02
639 9.607760e-01 1.540000e-03 3.768400e-02
640 9.608200e-01 1.584000e-03 3.759600e-02
641 9.610200e-01 1.520000e-03 3.746000e-02
642 9.612640e-01 1.432000e-03 3.730400e-02
643 9.614080e-01 1.368000e-03 3.722400e-02
644 9.615960e-01 1.348000e-03 3.705600e-02
645 9.616800e-01 1.360000e-03 3.696000e-02
646 9.617960e-01 1.352000e-03 3.685200e-02
647 9.618840e-01 1.344000e-03 3.677200e-02
648 9.619800e-01 1.324000e-03 3.669600e-02
649 9.621480e-01 1.316000e-03 3.653600e-02
650 9.623040e-01 1.376000e-03 3.632000e-02
651 9.624480e-01 1.420000e-03 3.613200e-02
652 9.623600e-01 1.536000e-03 3.610400e-02
653 9.625440e-01 1.460000e-03 3.599600e-02
654 9.625840e-01 1.520000e-03 3.589600e-02
655 9.626680e-01 1.584000e-03 3.574800e-02
656 9.628360e-01 1.516000e-03 3.564800e-02
657 9.628320e-01 1.596000e-03 3.557200e-02
658 9.628520e-01 1.532000e-03 3.561600e-02
659 9.629000e-01 1.604000e-03 3.549600e-02
660 9.628880e-01 1.596000e-03 3.551600e-02
661 9.628720e-01 1.604000e-03 3.552400e-02
662 9.629320e-01 1.616000e-03 3.545200e-02
663 9.630960e-01 1.600000e-03 3.530400e-02
664 9.630880e-01 1.712000e-03 3.520000e-02
665 9.631480e-01 1.776000e-03 3.507600e-02
666 9.631560e-01 1.812000e-03 3.503200e-02
667 9.631120e-01 1.912000e-03 3.497600e-02
668 9.631640e-01 1.968000e-03 3.486800e-02
669 9.632400e-01 1.968000e-03 3.479200e-02
670 9.632440e-01 1.968000e-03 3.478800e-02
671 9.632720e-01 1.916000e-03 3.481200e-02
672 9.632720e-01 1.940000e-03 3.478800e-02
673 9.632920e-01 2.028000e-03 3.468000e-02
674 9.632800e-01 2.036000e-03 3.468400e-02
675 9.632480e-01 2.048000e-03 3.470400e-02
676 9.633600e-01 2.008000e-03 3.463200e-02
677 9.632240e-01 2.032000e-03 3.474400e-02
678 9.632760e-01 2.024000e-03 3.470000e-02
679 9.633120e-01 2.048000e-03 3.464000e-02
680 9.633200e-01 2.076000e-03 3.460400e-02
681 9.633600e-01 2.012000e-03 3.462800e-02
682 9.633520e-01 1.992000e-03 3.465600e-02
683 9.633720e-01 2.056000e-03 3.457200e-02
684 9.633160e-01 2.064000e-03 3.462000e-02
685 9.632360e-01 2.024000e-03 3.474000e-02
686 9.633040e-01 2.008000e-03 3.468800e-02
687 9.633120e-01 2.056000e-03 3.463200e-02
688 9.633160e-01 1.996000e-03 3.468800e-02
689 9.632800e-01 2.044000e-03 3.467600e-02
690 9.632800e-01 2.100000e-03 3.462000e-02
691 9.633160e-01 2.068000e-03 3.461600e-02
692 9.633240e-01 2.168000e-03 3.450800e-02
693 9.633680e-01 2.128000e-03 3.450400e-02
694 9.632480e-01 2.200000e-03 3.455200e-02
695 9.631760e-01 2.156000e-03 3.466800e-02
696 9.631320e-01 2.128000e-03 3.474000e-02
697 9.632400e-01 2.076000e-03 3.468400e-02
698 9.632760e-01 1.928000e-03 3.479600e-02
699 9.631960e-01 1.976000e-03 3.482800e-02
700 9.630960e-01 2.028000e-03 3.487600e-02
701 9.631520e-01 2.012000e-03 3.483600e-02
702 9.631160e-01 2.000000e-03 3.488400e-02
703 9.630920e-01 2.052000e-03 3.485600e-02
704 9.630520e-01 2.128000e-03 3.482000e-02
705 9.630000e-01 2.140000e-03 3.486000e-02
706 9.629240e-01 2.216000e-03 3.486000e-02
707 9.628160e-01 2.308000e-03 3.487600e-02
708 9.627240e-01 2.344000e-03 3.493200e-02
709 9.626880e-01 2.288000e-03 3.502400e-02
710 9.626480e-01 2.304000e-03 3.504800e-02
711 9.625160e-01 2.332000e-03 3.515200e-02
712 9.623880e-01 2.396000e-03 3.521600e-02
713 9.622760e-01 2.400000e-03 3.532400e-02
714 9.621960e-01 2.448000e-03 3.535600e-02
715 9.622120e-01 2.276000e-03 3.551200e-02
716 9.621840e-01 2.324000e-03 3.549200e-02
717 9.621640e-01 2.288000e-03 3.554800e-02
718 9.621800e-01 2.292000e-03 3.552800e-02
719 9.621160e-01 2.260000e-03 3.562400e-02
720 9.620160e-01 2.300000e-03 3.568400e-02
721 9.619440e-01 2.360000e-03 3.569600e-02
722 9.617680e-01 2.472000e-03 3.576000e-02
723 9.616680e-01 2.468000e-03 3.586400e-02
724 9.616480e-01 2.432000e-03 3.592000e-02
725 9.615520e-01 2.484000e-03 3.596400e-02
726 9.615760e-01 2.456000e-03 3.596800e-02
727 9.615680e-01 2.472000e-03 3.596000e-02
728 9.614760e-01 2.388000e-03 3.613600e-02
729 9.615760e-01 2.280000e-03 3.614400e-02
730 9.615880e-01 2.272000e-03 3.614000e-02
731 9.615600e-01 2.228000e-03 3.621200e-02
732 9.614160e-01 2.264000e-03 3.632000e-02
733 9.612720e-01 2.288000e-03 3.644000e-02
734 9.612800e-01 2.276000e-03 3.644400e-02
735 9.612480e-01 2.268000e-03 3.648400e-02
736 9.612240e-01 2.284000e-03 3.649200e-02
737 9.612280e-01 2.352000e-03 3.642000e-02
738 9.611920e-01 2.448000e-03 3.636000e-02
739 9.610240e-01 2.460000e-03 3.651600e-02
740 9.609680e-01 2.392000e-03 3.664000e-02
741 9.609440e-01 2.428000e-03 3.662800e-02
742 9.609720e-01 2.324000e-03 3.670400e-02
743 9.609880e-01 2.324000e-03 3.668800e-02
744 9.611040e-01 2.248000e-03 3.664800e-02
745 9.609440e-01 2.428000e-03 3.662800e-02
746 9.608960e-01 2.468000e-03 3.663600e-02
747 9.608480e-01 2.516000e-03 3.663600e-02
748 9.608400e-01 2.512000e-03 3.664800e-02
749 9.608320e-01 2.520000e-03 3.664800e-02
750 9.608080e-01 2.500000e-03 3.669200e-02
751 9.607320e-01 2.424000e-03 3.684400e-02
752 9.607000e-01 2.420000e-03 3.688000e-02
753 9.606640e-01 2.376000e-03 3.696000e-02
754 9.605720e-01 2.384000e-03 3.704400e-02
755 9.604840e-01 2.400000e-03 3.711600e-02
756 9.603720e-01 2.400000e-03 3.722800e-02
757 9.603200e-01 2.384000e-03 3.729600e-02
758 9.603040e-01 2.368000e-03 3.732800e-02
759 9.601800e-01 2.504000e-03 3.731600e-02
760 9.601840e-01 2.440000e-03 3.737600e-02
761 9.602440e-01 2.436000e-03 3.732000e-02
762 9.602280e-01 2.428000e-03 3.734400e-02
763 9.602160e-01 2.436000e-03 3.734800e-02
764 9.601720e-01 2.468000e-03 3.736000e-02
765 9.601800e-01 2.472000e-03 3.734800e-02
766 9.601360e-01 2.500000e-03 3.736400e-02
767 9.601320e-01 2.420000e-03 3.744800e-02
768 9.601440e-01 2.168000e-03 3.768800e-02
769 9.601960e-01 2.076000e-03 3.772800e-02
770 9.602280e-01 2.044000e-03 3.772800e-02
771 9.603240e-01 1.960000e-03 3.771600e-02
772 9.603760e-01 1.956000e-03 3.766800e-02
773 9.604080e-01 1.948000e-03 3.764400e-02
774 9.604840e-01 1.964000e-03 3.755200e-02
775 9.605920e-01 1.948000e-03 3.746000e-02
776 9.606720e-01 1.880000e-03 3.744800e-02
777 9.607440e-01 1.944000e-03 3.731200e-02
778 9.607520e-01 1.928000e-03 3.732000e-02
779 9.607760e-01 1.880000e-03 3.734400e-02
780 9.607040e-01 1.912000e-03 3.738400e-02
781 9.607080e-01 1.964000e-03 3.732800e-02
782 9.607280e-01 1.932000e-03 3.734000e-02
783 9.607600e-01 1.924000e-03 3.731600e-02
784 9.608120e-01 1.940000e-03 3.724800e-02
785 9.608800e-01 1.960000e-03 3.716000e-02
786 9.608440e-01 2.012000e-03 3.714400e-02
787 9.607880e-01 2.036000e-03 3.717600e-02
788 9.606880e-01 2.120000e-03 3.719200e-02
789 9.606520e-01 2.076000e-03 3.727200e-02
790 9.606280e-01 2.048000e-03 3.732400e-02
791 9.605960e-01 2.024000e-03 3.738000e-02
792 9.604200e-01 2.184000e-03 3.739600e-02
793 9.603320e-01 2.248000e-03 3.742000e-02
794 9.602960e-01 2.220000e-03 3.748400e-02
795 9.602960e-01 2.224000e-03 3.748000e-02
796 9.602160e-01 2.276000e-03 3.750800e-02
797 9.602080e-01 2.212000e-03 3.758000e-02
798 9.601200e-01 2.304000e-03 3.757600e-02
799 9.600760e-01 2.336000e-03 3.758800e-02
800 9.599920e-01 2.404000e-03 3.760400e-02
801 9.599240e-01 2.488000e-03 3.758800e-02
802 9.598600e-01 2.560000e-03 3.758000e-02
803 9.598360e-01 2.584000e-03 3.758000e-02
804 9.596880e-01 2.668000e-03 3.764400e-02
805 9.596720e-01 2.560000e-03 3.776800e-02
806 9.596280e-01 2.508000e-03 3.786400e-02
807 9.594920e-01 2.496000e-03 3.801200e-02
808 9.594640e-01 2.436000e-03 3.810000e-02
809 9.593560e-01 2.516000e-03 3.812800e-02
810 9.593320e-01 2.548000e-03 3.812000e-02
811 9.594160e-01 2.356000e-03 3.822800e-02
812 9.595080e-01 2.244000e-03 3.824800e-02
813 9.595240e-01 2.228000e-03 3.824800e-02
814 9.594760e-01 2.176000e-03 3.834800e-02
815 9.595040e-01 2.172000e-03 3.832400e-02
816 9.595680e-01 2.076000e-03 3.835600e-02
817 9.596440e-01 2.136000e-03 3.822000e-02
818 9.597080e-01 2.100000e-03 3.819200e-02
819 9.597600e-01 2.024000e-03 3.821600e-02
820 9.598120e-01 1.960000e-03 3.822800e-02
821 9.598240e-01 1.976000e-03 3.820000e-02
822 9.599200e-01 2.008000e-03 3.807200e-02
823 9.600240e-01 1.988000e-03 3.798800e-02
824 9.599800e-01 2.020000e-03 3.800000e-02
825 9.599360e-01 2.044000e-03 3.802000e-02
826 9.599280e-01 2.084000e-03 3.798800e-02
827 9.599640e-01 2.044000e-03 3.799200e-02
828 9.599440e-01 2.124000e-03 3.793200e-02
829 9.599160e-01 2.092000e-03 3.799200e-02
830 9.599680e-01 2.036000e-03 3.799600e-02
831 9.599160e-01 2.132000e-03 3.795200e-02
832 9.599080e-01 2.204000e-03 3.788800e-02
833 9.599080e-01 2.272000e-03 3.782000e-02
834 9.599520e-01 2.212000e-03 3.783600e-02
835 9.599200e-01 2.216000e-03 3.786400e-02
836 9.599640e-01 2.108000e-03 3.792800e-02
837 9.599160e-01 2.108000e-03 3.797600e-02
838 9.598120e-01 2.208000e-03 3.798000e-02
839 9.598600e-01 2.208000e-03 3.793200e-02
840 9.599600e-01 2.192000e-03 3.784800e-02
841 9.599920e-01 2.156000e-03 3.785200e-02
842 9.600240e-01 2.136000e-03 3.784000e-02
843 9.600400e-01 2.124000e-03 3.783600e-02
844 9.600840e-01 2.132000e-03 3.778400e-02
845 9.601080e-01 2.164000e-03 3.772800e-02
846 9.601120e-01 2.116000e-03 3.777200e-02
847 9.601000e-01 2.172000e-03 3.772800e-02
848 9.600680e-01 2.208000e-03 3.772400e-02
849 9.600440e-01 2.204000e-03 3.775200e-02
850 9.600320e-01 2.208000e-03 3.776000e-02
851 9.600800e-01 2.148000e-03 3.777200e-02
852 9.600840e-01 2.204000e-03 3.771200e-02
853 9.601800e-01 2.132000e-03 3.768800e-02
854 9.602120e-01 2.120000e-03 3.766800e-02
855 9.602800e-01 2.052000e-03 3.766800e-02
856 9.604120e-01 2.016000e-03 3.757200e-02
857 9.604040e-01 2.000000e-03 3.759600e-02
858 9.604480e-01 2.044000e-03 3.750800e-02
859 9.603960e-01 2.108000e-03 3.749600e-02
860 9.604560e-01 2.072000e-03 3.747200e-02
861 9.604920e-01 2.100000e-03 3.740800e-02
862 9.605240e-01 2.092000e-03 3.738400e-02
863 9.605680e-01 2.012000e-03 3.742000e-02
864 9.606320e-01 1.988000e-03 3.738000e-02
865 9.607040e-01 1.984000e-03 3.731200e-02
866 9.608280e-01 1.972000e-03 3.720000e-02
867 9.608360e-01 1.948000e-03 3.721600e-02
868 9.608680e-01 2.004000e-03 3.712800e-02
869 9.609600e-01 1.936000e-03 3.710400e-02
870 9.609680e-01 1.968000e-03 3.706400e-02
871 9.608760e-01 2.028000e-03 3.709600e-02
872 9.608440e-01 2.072000e-03 3.708400e-02
873 9.608080e-01 2.132000e-03 3.706000e-02
874 9.606600e-01 2.212000e-03 3.712800e-02
875 9.607360e-01 2.200000e-03 3.706400e-02
876 9.606520e-01 2.280000e-03 3.706800e-02
877 9.605040e-01 2.396000e-03 3.710000e-02
878 9.605120e-01 2.320000e-03 3.716800e-02
879 9.604560e-01 2.336000e-03 3.720800e-02
880 9.604840e-01 2.248000e-03 3.726800e-02
881 9.604320e-01 2.260000e-03 3.730800e-02
882 9.605080e-01 2.152000e-03 3.734000e-02
883 9.606240e-01 2.156000e-03 3.722000e-02
884 9.606560e-01 2.184000e-03 3.716000e-02
885 9.607040e-01 2.104000e-03 3.719200e-02
886 9.607440e-01 2.052000e-03 3.720400e-02
887 9.607320e-01 2.152000e-03 3.711600e-02
888 9.606320e-01 2.228000e-03 3.714000e-02
889 9.605960e-01 2.280000e-03 3.712400e-02
890 9.605600e-01 2.272000e-03 3.716800e-02
891 9.605440e-01 2.328000e-03 3.712800e-02
892 9.604760e-01 2.412000e-03 3.711200e-02
893 9.603560e-01 2.380000e-03 3.726400e-02
894 9.603320e-01 2.344000e-03 3.732400e-02
895 9.602040e-01 2.344000e-03 3.745200e-02
896 9.599560e-01 2.440000e-03 3.760400e-02
897 9.599280e-01 2.512000e-03 3.756000e-02
898 9.598520e-01 2.500000e-03 3.764800e-02
899 9.597240e-01 2.596000e-03 3.768000e-02
900 9.596400e-01 2.700000e-03 3.766000e-02
901 9.594800e-01 2.844000e-03 3.767600e-02
902 9.593800e-01 2.932000e-03 3.768800e-02
903 9.591480e-01 3.020000e-03 3.783200e-02
904 9.591360e-01 2.920000e-03 3.794400e-02
905 9.590400e-01 2.876000e-03 3.808400e-02
906 9.589440e-01 2.904000e-03 3.815200e-02
907 9.587520e-01 2.980000e-03 3.826800e-02
908 9.586240e-01 3.004000e-03 3.837200e-02
909 9.585520e-01 3.004000e-03 3.844400e-02
910 9.584800e-01 2.996000e-03 3.852400e-02
911 9.583960e-01 2.924000e-03 3.868000e-02
912 9.582640e-01 2.892000e-03 3.884400e-02
913 9.582440e-01 2.880000e-03 3.887600e-02
914 9.582320e-01 2.864000e-03 3.890400e-02
915 9.581360e-01 2.828000e-03 3.903600e-02
916 9.579840e-01 2.828000e-03 3.918800e-02
917 9.578960e-01 2.816000e-03 3.928800e-02
918 9.579040e-01 2.728000e-03 3.936800e-02
919 9.578320e-01 2.744000e-03 3.942400e-02
920 9.578800e-01 2.736000e-03 3.938400e-02
921 9.579240e-01 2.676000e-03 3.940000e-02
922 9.578680e-01 2.692000e-03 3.944000e-02
923 9.577000e-01 2.756000e-03 3.954400e-02
924 9.575640e-01 2.828000e-03 3.960800e-02
925 9.575480e-01 2.700000e-03 3.975200e-02
926 9.574360e-01 2.700000e-03 3.986400e-02
927 9.574680e-01 2.616000e-03 3.991600e-02
928 9.573680e-01 2.568000e-03 4.006400e-02
929 9.573720e-01 2.600000e-03 4.002800e-02
930 9.573160e-01 2.656000e-03 4.002800e-02
931 9.572640e-01 2.580000e-03 4.015600e-02
932 9.573240e-01 2.564000e-03 4.011200e-02
