1 9.992240e-01 6.960000e-04 8.000000e-05
2 9.986760e-01 1.040000e-03 2.840000e-04
3 9.979920e-01 1.528000e-03 4.800000e-04
4 9.973520e-01 1.916000e-03 7.320000e-04
5 9.965720e-01 2.272000e-03 1.156000e-03
6 9.958240e-01 2.604000e-03 1.572000e-03
7 9.950720e-01 2.952000e-03 1.976000e-03
8 9.942560e-01 3.276000e-03 2.468000e-03
9 9.934000e-01 3.568000e-03 3.032000e-03
10 9.925880e-01 3.840000e-03 3.572000e-03
11 9.916800e-01 4.064000e-03 4.256000e-03
12 9.907040e-01 4.412000e-03 4.884000e-03
13 9.896920e-01 4.636000e-03 5.672000e-03
14 9.885280e-01 4.908000e-03 6.564000e-03
15 9.873680e-01 5.236000e-03 7.396000e-03
16 9.862360e-01 5.524000e-03 8.240000e-03
17 9.851360e-01 5.792000e-03 9.072000e-03
18 9.838520e-01 6.048000e-03 1.010000e-02
19 9.826760e-01 6.336000e-03 1.098800e-02
20 9.813560e-01 6.700000e-03 1.194400e-02
21 9.799600e-01 7.028000e-03 1.301200e-02
22 9.786720e-01 7.320000e-03 1.400800e-02
23 9.772840e-01 7.624000e-03 1.509200e-02
24 9.759000e-01 7.808000e-03 1.629200e-02
25 9.746240e-01 7.872000e-03 1.750400e-02
26 9.732640e-01 8.172000e-03 1.856400e-02
27 9.718320e-01 8.308000e-03 1.986000e-02
28 9.704760e-01 8.500000e-03 2.102400e-02
29 9.690760e-01 8.588000e-03 2.233600e-02
30 9.675760e-01 8.976000e-03 2.344800e-02
31 9.661520e-01 9.292000e-03 2.455600e-02
32 9.645560e-01 9.596000e-03 2.584800e-02
33 9.630560e-01 9.904000e-03 2.704000e-02
34 9.614960e-01 9.932000e-03 2.857200e-02
35 9.599840e-01 1.010000e-02 2.991600e-02
36 9.584960e-01 1.015200e-02 3.135200e-02
37 9.568840e-01 1.038800e-02 3.272800e-02
38 9.554320e-01 1.039600e-02 3.417200e-02
39 9.540320e-01 1.050400e-02 3.546400e-02
40 9.525440e-01 1.055200e-02 3.690400e-02
41 9.510400e-01 1.056400e-02 3.839600e-02
42 9.496840e-01 1.060800e-02 3.970800e-02
43 9.481280e-01 1.064000e-02 4.123200e-02
44 9.468440e-01 1.052000e-02 4.263600e-02
45 9.454800e-01 1.053600e-02 4.398400e-02
46 9.439680e-01 1.062400e-02 4.540800e-02
47 9.428080e-01 1.054400e-02 4.664800e-02
48 9.413440e-01 1.073200e-02 4.792400e-02
49 9.401240e-01 1.058800e-02 4.928800e-02
50 9.388400e-01 1.057200e-02 5.058800e-02
51 9.376160e-01 1.061200e-02 5.177200e-02
52 9.362400e-01 1.059600e-02 5.316400e-02
53 9.351520e-01 1.064000e-02 5.420800e-02
54 9.340120e-01 1.040800e-02 5.558000e-02
55 9.328800e-01 1.036800e-02 5.675200e-02
56 9.317680e-01 1.036400e-02 5.786800e-02
57 9.306800e-01 1.034000e-02 5.898000e-02
58 9.295040e-01 1.054800e-02 5.994800e-02
59 9.283240e-01 1.063600e-02 6.104000e-02
60 9.272200e-01 1.049600e-02 6.228400e-02
61 9.261520e-01 1.045600e-02 6.339200e-02
62 9.251000e-01 1.035200e-02 6.454800e-02
63 9.240960e-01 1.039200e-02 6.551200e-02
64 9.228400e-01 1.052400e-02 6.663600e-02
65 9.218360e-01 1.045200e-02 6.771200e-02
66 9.206280e-01 1.060800e-02 6.876400e-02
67 9.194640e-01 1.068800e-02 6.984800e-02
68 9.184040e-01 1.070000e-02 7.089600e-02
69 9.171800e-01 1.096800e-02 7.185200e-02
70 9.159680e-01 1.100800e-02 7.302400e-02
71 9.146800e-01 1.101600e-02 7.430400e-02
72 9.135320e-01 1.126000e-02 7.520800e-02
73 9.123680e-01 1.118400e-02 7.644800e-02
74 9.111640e-01 1.122800e-02 7.760800e-02
75 9.100880e-01 1.119200e-02 7.872000e-02
76 9.091200e-01 1.106400e-02 7.981600e-02
77 9.081040e-01 1.106400e-02 8.083200e-02
78 9.071240e-01 1.104000e-02 8.183600e-02
79 9.059720e-01 1.103600e-02 8.299200e-02
80 9.050160e-01 1.108000e-02 8.390400e-02
81 9.039880e-01 1.117600e-02 8.483600e-02
82 9.030560e-01 1.099200e-02 8.595200e-02
83 9.020720e-01 1.105200e-02 8.687600e-02
84 9.012520e-01 1.106800e-02 8.768000e-02
85 9.003080e-01 1.116000e-02 8.853200e-02
86 8.994920e-01 1.103200e-02 8.947600e-02
87 8.985800e-01 1.115200e-02 9.026800e-02
88 8.975960e-01 1.121600e-02 9.118800e-02
89 8.965600e-01 1.144800e-02 9.199200e-02
90 8.956040e-01 1.150800e-02 9.288800e-02
91 8.944760e-01 1.150400e-02 9.402000e-02
92 8.935200e-01 1.138800e-02 9.509200e-02
93 8.926360e-01 1.139600e-02 9.596800e-02
94 8.920640e-01 1.106400e-02 9.687200e-02
95 8.912440e-01 1.122000e-02 9.753600e-02
96 8.902960e-01 1.122000e-02 9.848400e-02
97 8.894360e-01 1.130000e-02 9.926400e-02
98 8.884280e-01 1.135200e-02 1.002200e-01
99 8.876080e-01 1.132800e-02 1.010640e-01
100 8.867360e-01 1.140000e-02 1.018640e-01
101 8.857520e-01 1.148800e-02 1.027600e-01
102 8.847240e-01 1.146000e-02 1.038160e-01
103 8.839880e-01 1.145600e-02 1.045560e-01
104 8.831240e-01 1.164800e-02 1.052280e-01
105 8.823600e-01 1.161200e-02 1.060280e-01
106 8.813680e-01 1.165600e-02 1.069760e-01
107 8.803560e-01 1.187600e-02 1.077680e-01
108 8.791000e-01 1.213600e-02 1.087640e-01
109 8.781280e-01 1.222400e-02 1.096480e-01
110 8.771840e-01 1.228800e-02 1.105280e-01
111 8.759440e-01 1.246400e-02 1.115920e-01
112 8.748800e-01 1.270400e-02 1.124160e-01
113 8.737840e-01 1.280000e-02 1.134160e-01
114 8.725440e-01 1.302400e-02 1.144320e-01
115 8.714800e-01 1.307200e-02 1.154480e-01
116 8.703960e-01 1.311200e-02 1.164920e-01
117 8.693280e-01 1.288800e-02 1.177840e-01
118 8.683320e-01 1.296400e-02 1.187040e-01
119 8.670760e-01 1.323600e-02 1.196880e-01
120 8.658200e-01 1.343600e-02 1.207440e-01
121 8.645600e-01 1.350400e-02 1.219360e-01
122 8.637960e-01 1.334800e-02 1.228560e-01
123 8.625640e-01 1.359200e-02 1.238440e-01
124 8.614280e-01 1.351200e-02 1.250600e-01
125 8.605080e-01 1.374800e-02 1.257440e-01
126 8.595880e-01 1.362000e-02 1.267920e-01
127 8.585960e-01 1.369600e-02 1.277080e-01
128 8.576080e-01 1.359600e-02 1.287960e-01
129 8.567480e-01 1.358400e-02 1.296680e-01
130 8.560520e-01 1.335200e-02 1.305960e-01
131 8.553200e-01 1.308400e-02 1.315960e-01
132 8.544200e-01 1.322000e-02 1.323600e-01
133 8.535880e-01 1.332400e-02 1.330880e-01
134 8.529400e-01 1.327200e-02 1.337880e-01
135 8.523320e-01 1.294000e-02 1.347280e-01
136 8.517760e-01 1.266800e-02 1.355560e-01
137 8.509600e-01 1.258400e-02 1.364560e-01
138 8.503760e-01 1.265600e-02 1.369680e-01
139 8.497760e-01 1.254800e-02 1.376760e-01
140 8.493680e-01 1.240400e-02 1.382280e-01
141 8.486240e-01 1.240800e-02 1.389680e-01
142 8.479880e-01 1.214800e-02 1.398640e-01
143 8.474160e-01 1.208000e-02 1.405040e-01
144 8.467480e-01 1.209200e-02 1.411600e-01
145 8.459880e-01 1.208400e-02 1.419280e-01
146 8.452960e-01 1.205600e-02 1.426480e-01
147 8.448720e-01 1.205200e-02 1.430760e-01
148 8.443400e-01 1.212000e-02 1.435400e-01
149 8.438000e-01 1.223600e-02 1.439640e-01
150 8.432280e-01 1.209200e-02 1.446800e-01
151 8.427040e-01 1.186000e-02 1.454360e-01
152 8.421280e-01 1.196400e-02 1.459080e-01
153 8.417920e-01 1.178800e-02 1.464200e-01
154 8.413520e-01 1.172000e-02 1.469280e-01
155 8.408520e-01 1.183200e-02 1.473160e-01
156 8.402960e-01 1.196000e-02 1.477440e-01
157 8.399160e-01 1.184800e-02 1.482360e-01
158 8.393440e-01 1.198400e-02 1.486720e-01
159 8.386280e-01 1.219200e-02 1.491800e-01
160 8.381840e-01 1.200400e-02 1.498120e-01
161 8.372760e-01 1.248400e-02 1.502400e-01
162 8.367360e-01 1.246400e-02 1.508000e-01
163 8.362720e-01 1.240400e-02 1.513240e-01
164 8.355040e-01 1.260800e-02 1.518880e-01
165 8.350000e-01 1.266000e-02 1.523400e-01
166 8.342920e-01 1.274400e-02 1.529640e-01
167 8.337920e-01 1.272000e-02 1.534880e-01
168 8.331840e-01 1.262000e-02 1.541960e-01
169 8.326680e-01 1.267200e-02 1.546600e-01
170 8.319160e-01 1.281600e-02 1.552680e-01
171 8.314760e-01 1.266400e-02 1.558600e-01
172 8.309920e-01 1.268000e-02 1.563280e-01
173 8.305840e-01 1.271200e-02 1.567040e-01
174 8.301400e-01 1.260000e-02 1.572600e-01
175 8.297200e-01 1.230000e-02 1.579800e-01
176 8.292520e-01 1.227600e-02 1.584720e-01
177 8.286160e-01 1.240800e-02 1.589760e-01
178 8.281840e-01 1.216000e-02 1.596560e-01
179 8.276760e-01 1.218000e-02 1.601440e-01
180 8.271920e-01 1.222800e-02 1.605800e-01
181 8.266280e-01 1.220400e-02 1.611680e-01
182 8.263160e-01 1.200000e-02 1.616840e-01
183 8.260960e-01 1.193200e-02 1.619720e-01
184 8.256600e-01 1.197600e-02 1.623640e-01
185 8.251560e-01 1.211200e-02 1.627320e-01
186 8.245800e-01 1.226000e-02 1.631600e-01
187 8.242160e-01 1.218800e-02 1.635960e-01
188 8.239560e-01 1.225600e-02 1.637880e-01
189 8.234440e-01 1.228000e-02 1.642760e-01
190 8.229800e-01 1.220800e-02 1.648120e-01
191 8.227680e-01 1.194000e-02 1.652920e-01
192 8.225000e-01 1.197600e-02 1.655240e-01
193 8.219640e-01 1.204800e-02 1.659880e-01
194 8.218000e-01 1.186000e-02 1.663400e-01
195 8.216520e-01 1.180000e-02 1.665480e-01
196 8.214600e-01 1.167200e-02 1.668680e-01
197 8.213720e-01 1.154400e-02 1.670840e-01
198 8.210440e-01 1.150400e-02 1.674520e-01
199 8.208400e-01 1.145600e-02 1.677040e-01
200 8.205480e-01 1.156000e-02 1.678920e-01
201 8.203800e-01 1.122800e-02 1.683920e-01
202 8.203120e-01 1.114400e-02 1.685440e-01
203 8.202520e-01 1.112800e-02 1.686200e-01
204 8.200800e-01 1.115600e-02 1.687640e-01
205 8.197400e-01 1.124800e-02 1.690120e-01
206 8.196680e-01 1.116400e-02 1.691680e-01
207 8.194480e-01 1.116000e-02 1.693920e-01
208 8.191160e-01 1.137200e-02 1.695120e-01
209 8.188120e-01 1.130800e-02 1.698800e-01
210 8.187160e-01 1.119200e-02 1.700920e-01
211 8.186720e-01 1.110800e-02 1.702200e-01
212 8.187440e-01 1.094000e-02 1.703160e-01
213 8.186000e-01 1.098000e-02 1.704200e-01
214 8.185400e-01 1.090000e-02 1.705600e-01
215 8.184800e-01 1.094400e-02 1.705760e-01
216 8.182600e-01 1.102400e-02 1.707160e-01
217 8.180160e-01 1.099600e-02 1.709880e-01
218 8.176960e-01 1.119600e-02 1.711080e-01
219 8.174920e-01 1.121200e-02 1.712960e-01
220 8.173600e-01 1.110800e-02 1.715320e-01
221 8.170760e-01 1.091600e-02 1.720080e-01
222 8.170000e-01 1.067200e-02 1.723280e-01
223 8.170360e-01 1.049600e-02 1.724680e-01
224 8.169480e-01 1.050000e-02 1.725520e-01
225 8.166080e-01 1.069200e-02 1.727000e-01
226 8.165720e-01 1.070800e-02 1.727200e-01
227 8.163120e-01 1.068400e-02 1.730040e-01
228 8.162080e-01 1.072800e-02 1.730640e-01
229 8.158480e-01 1.093200e-02 1.732200e-01
230 8.157760e-01 1.106800e-02 1.731560e-01
231 8.154880e-01 1.106400e-02 1.734480e-01
232 8.153120e-01 1.100000e-02 1.736880e-01
233 8.151360e-01 1.106800e-02 1.737960e-01
234 8.148320e-01 1.120400e-02 1.739640e-01
235 8.145000e-01 1.143200e-02 1.740680e-01
236 8.143840e-01 1.133200e-02 1.742840e-01
237 8.141360e-01 1.144000e-02 1.744240e-01
238 8.139640e-01 1.125200e-02 1.747840e-01
239 8.139400e-01 1.101600e-02 1.750440e-01
240 8.136960e-01 1.100800e-02 1.752960e-01
241 8.137720e-01 1.081200e-02 1.754160e-01
242 8.137880e-01 1.067200e-02 1.755400e-01
243 8.137640e-01 1.069600e-02 1.755400e-01
244 8.138920e-01 1.057600e-02 1.755320e-01
245 8.140360e-01 1.066000e-02 1.753040e-01
246 8.141200e-01 1.042000e-02 1.754600e-01
247 8.140840e-01 1.046000e-02 1.754560e-01
248 8.138560e-01 1.052400e-02 1.756200e-01
249 8.139920e-01 1.033600e-02 1.756720e-01
250 8.140600e-01 1.031200e-02 1.756280e-01
251 8.143000e-01 1.026800e-02 1.754320e-01
252 8.144080e-01 1.014400e-02 1.754480e-01
253 8.146440e-01 9.952000e-03 1.754040e-01
254 8.145120e-01 9.976000e-03 1.755120e-01
255 8.147600e-01 9.948000e-03 1.752920e-01
256 8.148800e-01 9.840000e-03 1.752800e-01
257 8.149400e-01 9.740000e-03 1.753200e-01
258 8.150160e-01 9.720000e-03 1.752640e-01
259 8.152800e-01 9.664000e-03 1.750560e-01
260 8.153640e-01 9.500000e-03 1.751360e-01
261 8.151680e-01 9.584000e-03 1.752480e-01
262 8.153240e-01 9.316000e-03 1.753600e-01
263 8.152720e-01 9.308000e-03 1.754200e-01
264 8.153800e-01 9.332000e-03 1.752880e-01
265 8.155400e-01 9.280000e-03 1.751800e-01
266 8.156440e-01 9.360000e-03 1.749960e-01
267 8.158000e-01 9.304000e-03 1.748960e-01
268 8.160080e-01 9.248000e-03 1.747440e-01
269 8.160840e-01 9.128000e-03 1.747880e-01
270 8.162960e-01 9.140000e-03 1.745640e-01
271 8.163240e-01 9.220000e-03 1.744560e-01
272 8.164640e-01 9.204000e-03 1.743320e-01
273 8.166680e-01 9.272000e-03 1.740600e-01
274 8.170640e-01 9.248000e-03 1.736880e-01
275 8.173000e-01 9.180000e-03 1.735200e-01
276 8.174600e-01 9.116000e-03 1.734240e-01
277 8.178240e-01 8.956000e-03 1.732200e-01
278 8.179240e-01 8.968000e-03 1.731080e-01
279 8.181600e-01 8.920000e-03 1.729200e-01
280 8.184560e-01 8.708000e-03 1.728360e-01
281 8.186400e-01 8.872000e-03 1.724880e-01
282 8.188160e-01 8.884000e-03 1.723000e-01
283 8.191240e-01 8.764000e-03 1.721120e-01
284 8.194560e-01 8.664000e-03 1.718800e-01
285 8.196280e-01 8.752000e-03 1.716200e-01
286 8.199240e-01 8.792000e-03 1.712840e-01
287 8.200320e-01 8.796000e-03 1.711720e-01
288 8.201240e-01 8.900000e-03 1.709760e-01
289 8.201080e-01 9.068000e-03 1.708240e-01
290 8.203360e-01 9.092000e-03 1.705720e-01
291 8.203720e-01 9.188000e-03 1.704400e-01
292 8.206760e-01 9.152000e-03 1.701720e-01
293 8.206880e-01 9.188000e-03 1.701240e-01
294 8.206080e-01 9.232000e-03 1.701600e-01
295 8.206200e-01 9.228000e-03 1.701520e-01
296 8.207840e-01 9.092000e-03 1.701240e-01
297 8.208120e-01 9.052000e-03 1.701360e-01
298 8.210600e-01 8.972000e-03 1.699680e-01
299 8.212120e-01 8.868000e-03 1.699200e-01
300 8.214480e-01 8.900000e-03 1.696520e-01
301 8.216440e-01 8.816000e-03 1.695400e-01
302 8.216960e-01 8.772000e-03 1.695320e-01
303 8.219680e-01 8.680000e-03 1.693520e-01
304 8.220960e-01 8.636000e-03 1.692680e-01
305 8.224920e-01 8.584000e-03 1.689240e-01
306 8.228120e-01 8.276000e-03 1.689120e-01
307 8.231720e-01 8.120000e-03 1.687080e-01
308 8.232760e-01 8.152000e-03 1.685720e-01
309 8.235680e-01 8.060000e-03 1.683720e-01
310 8.239000e-01 8.056000e-03 1.680440e-01
311 8.242040e-01 8.064000e-03 1.677320e-01
312 8.244600e-01 7.956000e-03 1.675840e-01
313 8.247000e-01 7.820000e-03 1.674800e-01
314 8.252560e-01 7.660000e-03 1.670840e-01
315 8.258000e-01 7.612000e-03 1.665880e-01
316 8.260840e-01 7.564000e-03 1.663520e-01
317 8.265800e-01 7.512000e-03 1.659080e-01
318 8.266760e-01 7.472000e-03 1.658520e-01
319 8.269320e-01 7.528000e-03 1.655400e-01
320 8.271880e-01 7.568000e-03 1.652440e-01
321 8.274240e-01 7.532000e-03 1.650440e-01
322 8.277360e-01 7.496000e-03 1.647680e-01
323 8.280640e-01 7.356000e-03 1.645800e-01
324 8.282480e-01 7.436000e-03 1.643160e-01
325 8.284360e-01 7.472000e-03 1.640920e-01
326 8.287880e-01 7.592000e-03 1.636200e-01
327 8.289640e-01 7.644000e-03 1.633920e-01
328 8.293440e-01 7.484000e-03 1.631720e-01
329 8.293880e-01 7.516000e-03 1.630960e-01
330 8.295160e-01 7.560000e-03 1.629240e-01
331 8.298680e-01 7.536000e-03 1.625960e-01
332 8.299960e-01 7.752000e-03 1.622520e-01
333 8.303880e-01 7.532000e-03 1.620800e-01
334 8.305120e-01 7.560000e-03 1.619280e-01
335 8.306680e-01 7.736000e-03 1.615960e-01
336 8.308720e-01 7.724000e-03 1.614040e-01
337 8.310040e-01 7.568000e-03 1.614280e-01
338 8.313280e-01 7.508000e-03 1.611640e-01
339 8.316240e-01 7.492000e-03 1.608840e-01
340 8.321520e-01 7.272000e-03 1.605760e-01
341 8.325560e-01 7.208000e-03 1.602360e-01
342 8.328560e-01 7.228000e-03 1.599160e-01
343 8.331520e-01 7.336000e-03 1.595120e-01
344 8.334080e-01 7.352000e-03 1.592400e-01
345 8.336440e-01 7.484000e-03 1.588720e-01
346 8.339760e-01 7.568000e-03 1.584560e-01
347 8.341360e-01 7.528000e-03 1.583360e-01
348 8.344360e-01 7.512000e-03 1.580520e-01
349 8.346920e-01 7.592000e-03 1.577160e-01
350 8.349560e-01 7.544000e-03 1.575000e-01
351 8.351840e-01 7.404000e-03 1.574120e-01
352 8.354080e-01 7.368000e-03 1.572240e-01
353 8.356920e-01 7.400000e-03 1.569080e-01
354 8.360480e-01 7.368000e-03 1.565840e-01
355 8.363520e-01 7.204000e-03 1.564440e-01
356 8.366400e-01 7.220000e-03 1.561400e-01
357 8.368800e-01 7.380000e-03 1.557400e-01
358 8.372440e-01 7.348000e-03 1.554080e-01
359 8.376480e-01 7.224000e-03 1.551280e-01
360 8.380360e-01 7.152000e-03 1.548120e-01
361 8.380640e-01 7.112000e-03 1.548240e-01
362 8.385280e-01 7.004000e-03 1.544680e-01
363 8.388520e-01 6.992000e-03 1.541560e-01
364 8.389640e-01 7.072000e-03 1.539640e-01
365 8.392520e-01 7.140000e-03 1.536080e-01
366 8.397040e-01 6.964000e-03 1.533320e-01
367 8.400560e-01 6.848000e-03 1.530960e-01
368 8.403320e-01 6.836000e-03 1.528320e-01
369 8.407400e-01 6.836000e-03 1.524240e-01
370 8.409880e-01 6.916000e-03 1.520960e-01
371 8.414120e-01 6.612000e-03 1.519760e-01
372 8.419920e-01 6.444000e-03 1.515640e-01
373 8.425240e-01 6.380000e-03 1.510960e-01
374 8.428520e-01 6.412000e-03 1.507360e-01
375 8.431040e-01 6.304000e-03 1.505920e-01
376 8.433880e-01 6.332000e-03 1.502800e-01
377 8.438800e-01 6.296000e-03 1.498240e-01
378 8.443600e-01 6.312000e-03 1.493280e-01
379 8.447120e-01 6.228000e-03 1.490600e-01
380 8.451440e-01 6.248000e-03 1.486080e-01
381 8.455960e-01 6.200000e-03 1.482040e-01
382 8.460320e-01 6.184000e-03 1.477840e-01
383 8.464000e-01 6.152000e-03 1.474480e-01
384 8.467920e-01 6.156000e-03 1.470520e-01
385 8.472880e-01 6.108000e-03 1.466040e-01
386 8.478080e-01 6.092000e-03 1.461000e-01
387 8.480920e-01 6.068000e-03 1.458400e-01
388 8.484880e-01 6.096000e-03 1.454160e-01
389 8.487840e-01 6.248000e-03 1.449680e-01
390 8.490920e-01 6.296000e-03 1.446120e-01
391 8.493040e-01 6.384000e-03 1.443120e-01
392 8.494800e-01 6.528000e-03 1.439920e-01
393 8.498840e-01 6.432000e-03 1.436840e-01
394 8.500720e-01 6.436000e-03 1.434920e-01
395 8.503040e-01 6.412000e-03 1.432840e-01
396 8.505600e-01 6.348000e-03 1.430920e-01
397 8.508400e-01 6.312000e-03 1.428480e-01
398 8.511520e-01 6.112000e-03 1.427360e-01
399 8.514520e-01 6.124000e-03 1.424240e-01
400 8.517680e-01 6.192000e-03 1.420400e-01
401 8.522240e-01 6.100000e-03 1.416760e-01
402 8.525800e-01 6.120000e-03 1.413000e-01
403 8.528560e-01 6.048000e-03 1.410960e-01
404 8.530880e-01 6.092000e-03 1.408200e-01
405 8.532680e-01 6.188000e-03 1.405440e-01
406 8.534360e-01 6.200000e-03 1.403640e-01
407 8.537320e-01 6.020000e-03 1.402480e-01
408 8.541400e-01 5.952000e-03 1.399080e-01
409 8.544440e-01 5.928000e-03 1.396280e-01
410 8.546560e-01 6.104000e-03 1.392400e-01
411 8.550400e-01 6.052000e-03 1.389080e-01
412 8.552920e-01 6.000000e-03 1.387080e-01
413 8.555520e-01 6.088000e-03 1.383600e-01
414 8.556760e-01 6.116000e-03 1.382080e-01
415 8.559920e-01 6.188000e-03 1.378200e-01
416 8.562000e-01 6.268000e-03 1.375320e-01
417 8.563040e-01 6.424000e-03 1.372720e-01
418 8.566000e-01 6.460000e-03 1.369400e-01
419 8.567360e-01 6.496000e-03 1.367680e-01
420 8.570480e-01 6.460000e-03 1.364920e-01
421 8.573280e-01 6.444000e-03 1.362280e-01
422 8.576000e-01 6.408000e-03 1.359920e-01
423 8.578240e-01 6.408000e-03 1.357680e-01
424 8.581760e-01 6.456000e-03 1.353680e-01
425 8.584560e-01 6.552000e-03 1.349920e-01
426 8.585240e-01 6.532000e-03 1.349440e-01
427 8.588080e-01 6.476000e-03 1.347160e-01
428 8.590240e-01 6.420000e-03 1.345560e-01
429 8.592520e-01 6.312000e-03 1.344360e-01
430 8.594040e-01 6.332000e-03 1.342640e-01
431 8.595520e-01 6.420000e-03 1.340280e-01
432 8.596320e-01 6.480000e-03 1.338880e-01
433 8.599000e-01 6.316000e-03 1.337840e-01
434 8.599240e-01 6.480000e-03 1.335960e-01
435 8.600000e-01 6.420000e-03 1.335800e-01
436 8.602720e-01 6.432000e-03 1.332960e-01
437 8.603920e-01 6.572000e-03 1.330360e-01
438 8.606920e-01 6.424000e-03 1.328840e-01
439 8.609280e-01 6.408000e-03 1.326640e-01
440 8.610760e-01 6.528000e-03 1.323960e-01
441 8.611200e-01 6.640000e-03 1.322400e-01
442 8.614240e-01 6.748000e-03 1.318280e-01
443 8.615400e-01 6.748000e-03 1.317120e-01
444 8.615760e-01 6.856000e-03 1.315680e-01
445 8.617440e-01 6.736000e-03 1.315200e-01
446 8.620400e-01 6.688000e-03 1.312720e-01
447 8.622280e-01 6.676000e-03 1.310960e-01
448 8.624440e-01 6.496000e-03 1.310600e-01
449 8.627160e-01 6.448000e-03 1.308360e-01
450 8.630080e-01 6.232000e-03 1.307600e-01
451 8.630800e-01 6.244000e-03 1.306760e-01
452 8.633600e-01 5.980000e-03 1.306600e-01
453 8.636080e-01 5.868000e-03 1.305240e-01
454 8.638720e-01 5.784000e-03 1.303440e-01
455 8.641400e-01 5.668000e-03 1.301920e-01
456 8.645520e-01 5.600000e-03 1.298480e-01
457 8.649280e-01 5.584000e-03 1.294880e-01
458 8.650320e-01 5.648000e-03 1.293200e-01
459 8.653760e-01 5.684000e-03 1.289400e-01
460 8.656440e-01 5.748000e-03 1.286080e-01
461 8.657920e-01 5.768000e-03 1.284400e-01
462 8.660600e-01 5.772000e-03 1.281680e-01
463 8.664000e-01 5.788000e-03 1.278120e-01
464 8.666560e-01 5.812000e-03 1.275320e-01
465 8.669160e-01 5.724000e-03 1.273600e-01
466 8.672040e-01 5.780000e-03 1.270160e-01
467 8.674320e-01 5.724000e-03 1.268440e-01
468 8.675880e-01 5.856000e-03 1.265560e-01
469 8.677720e-01 5.916000e-03 1.263120e-01
470 8.680240e-01 5.940000e-03 1.260360e-01
471 8.680600e-01 6.000000e-03 1.259400e-01
472 8.683600e-01 5.972000e-03 1.256680e-01
473 8.684240e-01 6.112000e-03 1.254640e-01
474 8.685480e-01 6.164000e-03 1.252880e-01
475 8.687440e-01 6.080000e-03 1.251760e-01
476 8.688720e-01 6.116000e-03 1.250120e-01
477 8.690800e-01 6.160000e-03 1.247600e-01
478 8.691560e-01 6.300000e-03 1.245440e-01
479 8.691360e-01 6.332000e-03 1.245320e-01
480 8.694080e-01 6.284000e-03 1.243080e-01
481 8.695840e-01 6.184000e-03 1.242320e-01
482 8.697400e-01 6.252000e-03 1.240080e-01
483 8.696760e-01 6.388000e-03 1.239360e-01
484 8.698520e-01 6.368000e-03 1.237800e-01
485 8.700360e-01 6.392000e-03 1.235720e-01
486 8.701040e-01 6.424000e-03 1.234720e-01
487 8.702920e-01 6.400000e-03 1.233080e-01
488 8.703640e-01 6.332000e-03 1.233040e-01
489 8.703400e-01 6.504000e-03 1.231560e-01
490 8.706520e-01 6.340000e-03 1.230080e-01
491 8.709160e-01 6.176000e-03 1.229080e-01
492 8.712480e-01 5.940000e-03 1.228120e-01
493 8.713280e-01 5.996000e-03 1.226760e-01
494 8.714480e-01 6.028000e-03 1.225240e-01
495 8.716000e-01 6.048000e-03 1.223520e-01
496 8.718360e-01 5.940000e-03 1.222240e-01
497 8.719520e-01 5.984000e-03 1.220640e-01
498 8.720240e-01 6.000000e-03 1.219760e-01
499 8.723320e-01 5.936000e-03 1.217320e-01
500 8.723280e-01 5.948000e-03 1.217240e-01
501 8.724280e-01 6.084000e-03 1.214880e-01
502 8.724520e-01 6.072000e-03 1.214760e-01
503 8.726040e-01 6.088000e-03 1.213080e-01
504 8.726840e-01 6.132000e-03 1.211840e-01
505 8.729080e-01 6.072000e-03 1.210200e-01
506 8.730240e-01 5.908000e-03 1.210680e-01
507 8.731320e-01 5.888000e-03 1.209800e-01
508 8.734480e-01 5.788000e-03 1.207640e-01
509 8.736680e-01 5.784000e-03 1.205480e-01
510 8.737600e-01 5.852000e-03 1.203880e-01
511 8.739480e-01 5.792000e-03 1.202600e-01
512 8.741640e-01 5.720000e-03 1.201160e-01
513 8.743600e-01 5.756000e-03 1.198840e-01
514 8.747240e-01 5.652000e-03 1.196240e-01
515 8.748800e-01 5.732000e-03 1.193880e-01
516 8.751320e-01 5.716000e-03 1.191520e-01
517 8.752960e-01 5.680000e-03 1.190240e-01
518 8.754240e-01 5.728000e-03 1.188480e-01
519 8.756800e-01 5.672000e-03 1.186480e-01
520 8.761080e-01 5.512000e-03 1.183800e-01
521 8.762560e-01 5.468000e-03 1.182760e-01
522 8.765040e-01 5.448000e-03 1.180480e-01
523 8.767440e-01 5.528000e-03 1.177280e-01
524 8.769040e-01 5.604000e-03 1.174920e-01
525 8.771880e-01 5.460000e-03 1.173520e-01
526 8.774280e-01 5.500000e-03 1.170720e-01
527 8.776120e-01 5.472000e-03 1.169160e-01
528 8.777440e-01 5.416000e-03 1.168400e-01
529 8.780240e-01 5.352000e-03 1.166240e-01
530 8.782360e-01 5.392000e-03 1.163720e-01
531 8.783920e-01 5.404000e-03 1.162040e-01
532 8.785880e-01 5.436000e-03 1.159760e-01
533 8.789920e-01 5.336000e-03 1.156720e-01
534 8.791240e-01 5.420000e-03 1.154560e-01
535 8.794040e-01 5.304000e-03 1.152920e-01
536 8.798000e-01 5.100000e-03 1.151000e-01
537 8.800080e-01 5.076000e-03 1.149160e-01
538 8.803560e-01 5.028000e-03 1.146160e-01
539 8.806280e-01 5.072000e-03 1.143000e-01
540 8.808880e-01 5.072000e-03 1.140400e-01
541 8.812720e-01 5.000000e-03 1.137280e-01
542 8.814680e-01 5.056000e-03 1.134760e-01
543 8.816720e-01 4.880000e-03 1.134480e-01
544 8.819600e-01 4.768000e-03 1.132720e-01
545 8.823320e-01 4.688000e-03 1.129800e-01
546 8.827160e-01 4.576000e-03 1.127080e-01
547 8.831040e-01 4.528000e-03 1.123680e-01
548 8.833920e-01 4.536000e-03 1.120720e-01
549 8.837240e-01 4.520000e-03 1.117560e-01
550 8.840760e-01 4.516000e-03 1.114080e-01
551 8.844480e-01 4.396000e-03 1.111560e-01
552 8.847760e-01 4.436000e-03 1.107880e-01
553 8.849520e-01 4.556000e-03 1.104920e-01
554 8.852480e-01 4.492000e-03 1.102600e-01
555 8.854520e-01 4.604000e-03 1.099440e-01
556 8.857920e-01 4.596000e-03 1.096120e-01
557 8.860840e-01 4.684000e-03 1.092320e-01
558 8.862000e-01 4.772000e-03 1.090280e-01
559 8.864160e-01 4.736000e-03 1.088480e-01
560 8.866320e-01 4.668000e-03 1.087000e-01
561 8.869520e-01 4.616000e-03 1.084320e-01
562 8.873120e-01 4.476000e-03 1.082120e-01
563 8.877480e-01 4.384000e-03 1.078680e-01
564 8.881440e-01 4.320000e-03 1.075360e-01
565 8.884080e-01 4.336000e-03 1.072560e-01
566 8.886480e-01 4.396000e-03 1.069560e-01
567 8.890000e-01 4.348000e-03 1.066520e-01
568 8.893920e-01 4.360000e-03 1.062480e-01
569 8.896120e-01 4.356000e-03 1.060320e-01
570 8.899120e-01 4.352000e-03 1.057360e-01
571 8.901240e-01 4.264000e-03 1.056120e-01
572 8.905400e-01 4.104000e-03 1.053560e-01
573 8.909200e-01 4.052000e-03 1.050280e-01
574 8.911680e-01 4.052000e-03 1.047800e-01
575 8.914640e-01 4.036000e-03 1.045000e-01
576 8.918000e-01 4.056000e-03 1.041440e-01
577 8.920360e-01 4.028000e-03 1.039360e-01
578 8.925440e-01 3.968000e-03 1.034880e-01
579 8.929000e-01 3.864000e-03 1.032360e-01
580 8.931400e-01 3.928000e-03 1.029320e-01
581 8.935640e-01 3.944000e-03 1.024920e-01
582 8.938600e-01 3.980000e-03 1.021600e-01
583 8.941240e-01 3.880000e-03 1.019960e-01
584 8.943360e-01 3.824000e-03 1.018400e-01
585 8.948080e-01 3.708000e-03 1.014840e-01
586 8.951640e-01 3.632000e-03 1.012040e-01
587 8.955960e-01 3.636000e-03 1.007680e-01
588 8.961080e-01 3.588000e-03 1.003040e-01
589 8.964000e-01 3.604000e-03 9.999600e-02
590 8.969360e-01 3.472000e-03 9.959200e-02
591 8.972680e-01 3.464000e-03 9.926800e-02
592 8.977720e-01 3.368000e-03 9.886000e-02
593 8.980400e-01 3.356000e-03 9.860400e-02
594 8.984800e-01 3.312000e-03 9.820800e-02
595 8.988840e-01 3.364000e-03 9.775200e-02
596 8.991800e-01 3.332000e-03 9.748800e-02
597 8.996400e-01 3.316000e-03 9.704400e-02
598 8.999800e-01 3.296000e-03 9.672400e-02
599 9.004080e-01 3.320000e-03 9.627200e-02
600 9.008120e-01 3.344000e-03 9.584400e-02
601 9.009480e-01 3.468000e-03 9.558400e-02
602 9.012080e-01 3.560000e-03 9.523200e-02
603 9.014480e-01 3.684000e-03 9.486800e-02
604 9.016320e-01 3.800000e-03 9.456800e-02
605 9.018440e-01 3.760000e-03 9.439600e-02
606 9.020320e-01 3.840000e-03 9.412800e-02
607 9.022320e-01 3.948000e-03 9.382000e-02
608 9.023400e-01 4.032000e-03 9.362800e-02
609 9.024560e-01 4.152000e-03 9.339200e-02
610 9.024600e-01 4.420000e-03 9.312000e-02
611 9.025040e-01 4.492000e-03 9.300400e-02
612 9.027520e-01 4.416000e-03 9.283200e-02
613 9.028120e-01 4.448000e-03 9.274000e-02
614 9.029480e-01 4.384000e-03 9.266800e-02
615 9.031680e-01 4.248000e-03 9.258400e-02
616 9.035080e-01 4.036000e-03 9.245600e-02
617 9.035960e-01 4.032000e-03 9.237200e-02
618 9.039160e-01 3.860000e-03 9.222400e-02
619 9.040320e-01 3.992000e-03 9.197600e-02
620 9.041040e-01 4.088000e-03 9.180800e-02
621 9.042360e-01 4.124000e-03 9.164000e-02
622 9.043880e-01 4.124000e-03 9.148800e-02
623 9.045240e-01 4.192000e-03 9.128400e-02
624 9.047600e-01 4.148000e-03 9.109200e-02
625 9.048280e-01 4.172000e-03 9.100000e-02
626 9.049960e-01 4.168000e-03 9.083600e-02
627 9.051200e-01 4.112000e-03 9.076800e-02
628 9.053680e-01 4.100000e-03 9.053200e-02
629 9.055520e-01 4.084000e-03 9.036400e-02
630 9.057160e-01 4.084000e-03 9.020000e-02
631 9.058240e-01 4.160000e-03 9.001600e-02
632 9.061040e-01 4.112000e-03 8.978400e-02
633 9.063600e-01 4.112000e-03 8.952800e-02
634 9.065200e-01 4.032000e-03 8.944800e-02
635 9.068440e-01 3.964000e-03 8.919200e-02
636 9.070320e-01 3.856000e-03 8.911200e-02
637 9.072760e-01 3.844000e-03 8.888000e-02
638 9.075200e-01 3.768000e-03 8.871200e-02
639 9.076480e-01 3.824000e-03 8.852800e-02
640 9.078320e-01 3.856000e-03 8.831200e-02
641 9.081200e-01 3.832000e-03 8.804800e-02
642 9.084320e-01 3.688000e-03 8.788000e-02
643 9.086800e-01 3.632000e-03 8.768800e-02
644 9.088520e-01 3.636000e-03 8.751200e-02
645 9.090960e-01 3.628000e-03 8.727600e-02
646 9.092920e-01 3.524000e-03 8.718400e-02
647 9.095240e-01 3.592000e-03 8.688400e-02
648 9.098040e-01 3.536000e-03 8.666000e-02
649 9.101240e-01 3.504000e-03 8.637200e-02
650 9.101960e-01 3.532000e-03 8.627200e-02
651 9.104120e-01 3.488000e-03 8.610000e-02
652 9.106160e-01 3.504000e-03 8.588000e-02
653 9.108160e-01 3.516000e-03 8.566800e-02
654 9.110840e-01 3.520000e-03 8.539600e-02
655 9.111640e-01 3.512000e-03 8.532400e-02
656 9.113320e-01 3.516000e-03 8.515200e-02
657 9.115000e-01 3.540000e-03 8.496000e-02
658 9.116800e-01 3.620000e-03 8.470000e-02
659 9.118800e-01 3.720000e-03 8.440000e-02
660 9.121800e-01 3.648000e-03 8.417200e-02
661 9.125160e-01 3.516000e-03 8.396800e-02
662 9.127000e-01 3.628000e-03 8.367200e-02
663 9.129040e-01 3.600000e-03 8.349600e-02
664 9.131440e-01 3.500000e-03 8.335600e-02
665 9.134760e-01 3.332000e-03 8.319200e-02
666 9.137400e-01 3.396000e-03 8.286400e-02
667 9.140200e-01 3.404000e-03 8.257600e-02
668 9.141120e-01 3.516000e-03 8.237200e-02
669 9.143200e-01 3.504000e-03 8.217600e-02
670 9.144320e-01 3.564000e-03 8.200400e-02
671 9.145240e-01 3.556000e-03 8.192000e-02
672 9.147080e-01 3.572000e-03 8.172000e-02
673 9.149040e-01 3.548000e-03 8.154800e-02
674 9.151280e-01 3.584000e-03 8.128800e-02
675 9.153120e-01 3.572000e-03 8.111600e-02
676 9.154440e-01 3.488000e-03 8.106800e-02
677 9.155360e-01 3.584000e-03 8.088000e-02
678 9.156680e-01 3.708000e-03 8.062400e-02
679 9.158120e-01 3.664000e-03 8.052400e-02
680 9.157920e-01 3.848000e-03 8.036000e-02
681 9.158920e-01 3.836000e-03 8.027200e-02
682 9.159680e-01 3.836000e-03 8.019600e-02
683 9.159920e-01 3.852000e-03 8.015600e-02
684 9.161400e-01 3.896000e-03 7.996400e-02
685 9.162520e-01 3.832000e-03 7.991600e-02
686 9.162360e-01 3.896000e-03 7.986800e-02
687 9.164720e-01 3.876000e-03 7.965200e-02
688 9.165240e-01 3.892000e-03 7.958400e-02
689 9.168000e-01 3.748000e-03 7.945200e-02
690 9.170760e-01 3.700000e-03 7.922400e-02
691 9.171120e-01 3.916000e-03 7.897200e-02
692 9.171160e-01 4.056000e-03 7.882800e-02
693 9.172960e-01 4.032000e-03 7.867200e-02
694 9.173640e-01 4.124000e-03 7.851200e-02
695 9.173960e-01 4.252000e-03 7.835200e-02
696 9.172880e-01 4.388000e-03 7.832400e-02
697 9.173480e-01 4.340000e-03 7.831200e-02
698 9.174280e-01 4.276000e-03 7.829600e-02
699 9.176000e-01 4.284000e-03 7.811600e-02
700 9.175560e-01 4.196000e-03 7.824800e-02
701 9.176960e-01 4.204000e-03 7.810000e-02
702 9.177320e-01 4.036000e-03 7.823200e-02
703 9.177320e-01 4.060000e-03 7.820800e-02
704 9.178960e-01 3.952000e-03 7.815200e-02
705 9.180160e-01 3.820000e-03 7.816400e-02
706 9.183280e-01 3.668000e-03 7.800400e-02
707 9.184480e-01 3.824000e-03 7.772800e-02
708 9.185240e-01 3.740000e-03 7.773600e-02
709 9.187640e-01 3.732000e-03 7.750400e-02
710 9.189560e-01 3.796000e-03 7.724800e-02
711 9.190320e-01 3.900000e-03 7.706800e-02
712 9.190960e-01 3.968000e-03 7.693600e-02
713 9.192800e-01 3.996000e-03 7.672400e-02
714 9.194080e-01 3.964000e-03 7.662800e-02
715 9.194720e-01 3.944000e-03 7.658400e-02
716 9.194680e-01 4.012000e-03 7.652000e-02
717 9.195880e-01 4.012000e-03 7.640000e-02
718 9.195000e-01 4.024000e-03 7.647600e-02
719 9.195600e-01 3.988000e-03 7.645200e-02
720 9.196200e-01 4.000000e-03 7.638000e-02
721 9.197400e-01 3.972000e-03 7.628800e-02
722 9.198080e-01 3.952000e-03 7.624000e-02
723 9.199200e-01 3.904000e-03 7.617600e-02
724 9.200240e-01 3.924000e-03 7.605200e-02
725 9.201960e-01 3.816000e-03 7.598800e-02
726 9.202480e-01 3.860000e-03 7.589200e-02
727 9.204240e-01 3.840000e-03 7.573600e-02
728 9.204720e-01 3.744000e-03 7.578400e-02
729 9.205360e-01 3.812000e-03 7.565200e-02
730 9.206520e-01 3.840000e-03 7.550800e-02
731 9.207600e-01 3.676000e-03 7.556400e-02
732 9.210080e-01 3.524000e-03 7.546800e-02
733 9.211720e-01 3.564000e-03 7.526400e-02
734 9.215000e-01 3.492000e-03 7.500800e-02
735 9.217880e-01 3.376000e-03 7.483600e-02
736 9.219160e-01 3.368000e-03 7.471600e-02
737 9.221080e-01 3.248000e-03 7.464400e-02
738 9.222080e-01 3.228000e-03 7.456400e-02
739 9.224360e-01 3.252000e-03 7.431200e-02
740 9.228240e-01 3.144000e-03 7.403200e-02
741 9.229520e-01 3.224000e-03 7.382400e-02
742 9.230920e-01 3.172000e-03 7.373600e-02
743 9.232760e-01 3.188000e-03 7.353600e-02
744 9.236200e-01 3.108000e-03 7.327200e-02
745 9.238960e-01 3.052000e-03 7.305200e-02
746 9.240360e-01 3.100000e-03 7.286400e-02
747 9.243360e-01 2.976000e-03 7.268800e-02
748 9.244440e-01 2.964000e-03 7.259200e-02
749 9.247080e-01 2.964000e-03 7.232800e-02
750 9.249800e-01 3.004000e-03 7.201600e-02
751 9.251240e-01 2.964000e-03 7.191200e-02
752 9.253160e-01 3.080000e-03 7.160400e-02
753 9.255120e-01 3.092000e-03 7.139600e-02
754 9.256320e-01 3.172000e-03 7.119600e-02
755 9.257400e-01 3.308000e-03 7.095200e-02
756 9.258960e-01 3.260000e-03 7.084400e-02
757 9.261000e-01 3.256000e-03 7.064400e-02
758 9.261440e-01 3.268000e-03 7.058800e-02
759 9.261520e-01 3.316000e-03 7.053200e-02
760 9.263160e-01 3.268000e-03 7.041600e-02
761 9.265160e-01 3.168000e-03 7.031600e-02
762 9.267360e-01 3.252000e-03 7.001200e-02
763 9.270560e-01 3.248000e-03 6.969600e-02
764 9.271120e-01 3.220000e-03 6.966800e-02
765 9.274400e-01 3.036000e-03 6.952400e-02
766 9.275840e-01 3.036000e-03 6.938000e-02
767 9.278160e-01 2.940000e-03 6.924400e-02
768 9.280880e-01 2.892000e-03 6.902000e-02
769 9.282760e-01 2.812000e-03 6.891200e-02
770 9.284280e-01 2.880000e-03 6.869200e-02
771 9.286160e-01 2.780000e-03 6.860400e-02
772 9.286720e-01 2.704000e-03 6.862400e-02
773 9.288640e-01 2.716000e-03 6.842000e-02
774 9.290880e-01 2.716000e-03 6.819600e-02
775 9.291880e-01 2.700000e-03 6.811200e-02
776 9.294360e-01 2.712000e-03 6.785200e-02
777 9.295680e-01 2.720000e-03 6.771200e-02
778 9.297080e-01 2.696000e-03 6.759600e-02
779 9.299080e-01 2.608000e-03 6.748400e-02
780 9.300520e-01 2.688000e-03 6.726000e-02
781 9.303520e-01 2.648000e-03 6.700000e-02
782 9.306840e-01 2.636000e-03 6.668000e-02
783 9.309560e-01 2.620000e-03 6.642400e-02
784 9.310360e-01 2.660000e-03 6.630400e-02
785 9.313600e-01 2.520000e-03 6.612000e-02
786 9.316000e-01 2.548000e-03 6.585200e-02
787 9.317600e-01 2.508000e-03 6.573200e-02
788 9.319520e-01 2.488000e-03 6.556000e-02
789 9.322040e-01 2.416000e-03 6.538000e-02
790 9.324360e-01 2.372000e-03 6.519200e-02
791 9.327320e-01 2.332000e-03 6.493600e-02
792 9.329160e-01 2.412000e-03 6.467200e-02
793 9.331440e-01 2.364000e-03 6.449200e-02
794 9.333440e-01 2.396000e-03 6.426000e-02
795 9.335080e-01 2.412000e-03 6.408000e-02
796 9.336960e-01 2.408000e-03 6.389600e-02
797 9.339880e-01 2.372000e-03 6.364000e-02
798 9.342000e-01 2.308000e-03 6.349200e-02
799 9.344440e-01 2.208000e-03 6.334800e-02
800 9.346920e-01 2.156000e-03 6.315200e-02
801 9.350200e-01 2.164000e-03 6.281600e-02
802 9.352920e-01 2.108000e-03 6.260000e-02
803 9.355280e-01 2.108000e-03 6.236400e-02
804 9.358080e-01 2.060000e-03 6.213200e-02
805 9.360360e-01 2.084000e-03 6.188000e-02
806 9.362360e-01 2.112000e-03 6.165200e-02
807 9.364640e-01 2.104000e-03 6.143200e-02
808 9.367280e-01 2.124000e-03 6.114800e-02
809 9.368360e-01 2.188000e-03 6.097600e-02
810 9.369760e-01 2.204000e-03 6.082000e-02
811 9.371480e-01 2.208000e-03 6.064400e-02
812 9.372560e-01 2.236000e-03 6.050800e-02
813 9.373720e-01 2.292000e-03 6.033600e-02
814 9.376720e-01 2.324000e-03 6.000400e-02
815 9.378520e-01 2.396000e-03 5.975200e-02
816 9.381080e-01 2.376000e-03 5.951600e-02
817 9.381720e-01 2.296000e-03 5.953200e-02
818 9.383640e-01 2.252000e-03 5.938400e-02
819 9.386520e-01 2.200000e-03 5.914800e-02
820 9.389360e-01 2.196000e-03 5.886800e-02
821 9.391160e-01 2.148000e-03 5.873600e-02
822 9.394280e-01 2.140000e-03 5.843200e-02
823 9.396040e-01 2.192000e-03 5.820400e-02
824 9.398200e-01 2.212000e-03 5.796800e-02
825 9.400000e-01 2.240000e-03 5.776000e-02
826 9.401480e-01 2.252000e-03 5.760000e-02
827 9.402880e-01 2.260000e-03 5.745200e-02
828 9.406000e-01 2.212000e-03 5.718800e-02
829 9.408000e-01 2.240000e-03 5.696000e-02
830 9.410520e-01 2.272000e-03 5.667600e-02
831 9.411480e-01 2.244000e-03 5.660800e-02
832 9.413120e-01 2.232000e-03 5.645600e-02
833 9.414680e-01 2.256000e-03 5.627600e-02
834 9.416600e-01 2.200000e-03 5.614000e-02
835 9.419800e-01 2.164000e-03 5.585600e-02
836 9.423160e-01 2.036000e-03 5.564800e-02
837 9.424640e-01 2.068000e-03 5.546800e-02
838 9.427720e-01 1.976000e-03 5.525200e-02
839 9.428800e-01 2.048000e-03 5.507200e-02
840 9.430040e-01 2.028000e-03 5.496800e-02
841 9.431800e-01 2.008000e-03 5.481200e-02
842 9.434320e-01 2.020000e-03 5.454800e-02
843 9.436400e-01 1.984000e-03 5.437600e-02
844 9.439400e-01 1.940000e-03 5.412000e-02
845 9.441360e-01 1.968000e-03 5.389600e-02
846 9.443760e-01 1.960000e-03 5.366400e-02
847 9.446600e-01 1.900000e-03 5.344000e-02
848 9.449360e-01 1.824000e-03 5.324000e-02
849 9.453400e-01 1.752000e-03 5.290800e-02
850 9.455880e-01 1.712000e-03 5.270000e-02
851 9.457800e-01 1.688000e-03 5.253200e-02
852 9.460360e-01 1.652000e-03 5.231200e-02
853 9.462600e-01 1.696000e-03 5.204400e-02
854 9.464520e-01 1.728000e-03 5.182000e-02
855 9.467280e-01 1.708000e-03 5.156400e-02
856 9.468800e-01 1.732000e-03 5.138800e-02
857 9.471320e-01 1.776000e-03 5.109200e-02
858 9.473080e-01 1.760000e-03 5.093200e-02
859 9.475760e-01 1.704000e-03 5.072000e-02
860 9.477640e-01 1.668000e-03 5.056800e-02
861 9.479560e-01 1.640000e-03 5.040400e-02
862 9.482400e-01 1.624000e-03 5.013600e-02
863 9.484000e-01 1.592000e-03 5.000800e-02
864 9.484880e-01 1.644000e-03 4.986800e-02
865 9.486120e-01 1.696000e-03 4.969200e-02
866 9.487360e-01 1.712000e-03 4.955200e-02
867 9.489360e-01 1.728000e-03 4.933600e-02
868 9.491400e-01 1.760000e-03 4.910000e-02
869 9.493800e-01 1.748000e-03 4.887200e-02
870 9.495400e-01 1.700000e-03 4.876000e-02
871 9.496360e-01 1.752000e-03 4.861200e-02
872 9.498360e-01 1.728000e-03 4.843600e-02
873 9.499480e-01 1.756000e-03 4.829600e-02
874 9.501760e-01 1.704000e-03 4.812000e-02
875 9.503520e-01 1.736000e-03 4.791200e-02
876 9.505320e-01 1.656000e-03 4.781200e-02
877 9.505480e-01 1.684000e-03 4.776800e-02
878 9.506880e-01 1.744000e-03 4.756800e-02
879 9.507760e-01 1.780000e-03 4.744400e-02
880 9.508760e-01 1.812000e-03 4.731200e-02
881 9.510200e-01 1.840000e-03 4.714000e-02
882 9.511040e-01 1.868000e-03 4.702800e-02
883 9.512000e-01 1.944000e-03 4.685600e-02
884 9.512680e-01 1.956000e-03 4.677600e-02
885 9.513400e-01 2.052000e-03 4.660800e-02
886 9.514000e-01 2.096000e-03 4.650400e-02
887 9.514760e-01 2.132000e-03 4.639200e-02
888 9.515960e-01 2.064000e-03 4.634000e-02
889 9.516840e-01 1.968000e-03 4.634800e-02
890 9.518560e-01 1.868000e-03 4.627600e-02
891 9.519680e-01 1.824000e-03 4.620800e-02
892 9.520560e-01 1.808000e-03 4.613600e-02
893 9.522280e-01 1.888000e-03 4.588400e-02
894 9.523200e-01 1.984000e-03 4.569600e-02
895 9.524520e-01 1.968000e-03 4.558000e-02
896 9.525120e-01 1.988000e-03 4.550000e-02
897 9.525600e-01 2.004000e-03 4.543600e-02
898 9.526800e-01 1.964000e-03 4.535600e-02
899 9.527920e-01 1.988000e-03 4.522000e-02
900 9.528120e-01 1.980000e-03 4.520800e-02
901 9.528880e-01 1.996000e-03 4.511600e-02
902 9.529880e-01 1.980000e-03 4.503200e-02
903 9.530680e-01 2.032000e-03 4.490000e-02
904 9.530960e-01 2.096000e-03 4.480800e-02
905 9.531200e-01 2.036000e-03 4.484400e-02
906 9.532880e-01 1.860000e-03 4.485200e-02
907 9.535960e-01 1.792000e-03 4.461200e-02
908 9.537080e-01 1.776000e-03 4.451600e-02
909 9.539200e-01 1.792000e-03 4.428800e-02
910 9.540720e-01 1.744000e-03 4.418400e-02
911 9.542000e-01 1.684000e-03 4.411600e-02
912 9.543880e-01 1.632000e-03 4.398000e-02
913 9.545360e-01 1.588000e-03 4.387600e-02
914 9.546400e-01 1.592000e-03 4.376800e-02
915 9.547640e-01 1.636000e-03 4.360000e-02
916 9.550400e-01 1.532000e-03 4.342800e-02
917 9.551800e-01 1.480000e-03 4.334000e-02
918 9.554000e-01 1.432000e-03 4.316800e-02
919 9.556160e-01 1.368000e-03 4.301600e-02
920 9.558360e-01 1.360000e-03 4.280400e-02
921 9.559280e-01 1.440000e-03 4.263200e-02
922 9.560720e-01 1.440000e-03 4.248800e-02
923 9.562680e-01 1.400000e-03 4.233200e-02
924 9.564160e-01 1.420000e-03 4.216400e-02
925 9.566360e-01 1.380000e-03 4.198400e-02
926 9.568040e-01 1.400000e-03 4.179600e-02
927 9.569760e-01 1.400000e-03 4.162400e-02
928 9.571320e-01 1.388000e-03 4.148000e-02
929 9.573600e-01 1.360000e-03 4.128000e-02
930 9.575880e-01 1.308000e-03 4.110400e-02
931 9.577760e-01 1.268000e-03 4.095600e-02
932 9.578080e-01 1.348000e-03 4.084400e-02
