1 9.992400e-01 6.840000e-04 7.600000e-05
2 9.987960e-01 9.760000e-04 2.280000e-04
3 9.981880e-01 1.344000e-03 4.680000e-04
4 9.974800e-01 1.832000e-03 6.880000e-04
5 9.966960e-01 2.228000e-03 1.076000e-03
6 9.959760e-01 2.544000e-03 1.480000e-03
7 9.952240e-01 2.868000e-03 1.908000e-03
8 9.943240e-01 3.236000e-03 2.440000e-03
9 9.933080e-01 3.684000e-03 3.008000e-03
10 9.921960e-01 4.144000e-03 3.660000e-03
11 9.912600e-01 4.456000e-03 4.284000e-03
12 9.901600e-01 4.796000e-03 5.044000e-03
13 9.890400e-01 5.188000e-03 5.772000e-03
14 9.878880e-01 5.484000e-03 6.628000e-03
15 9.867880e-01 5.716000e-03 7.496000e-03
16 9.856160e-01 5.960000e-03 8.424000e-03
17 9.843160e-01 6.248000e-03 9.436000e-03
18 9.830720e-01 6.484000e-03 1.044400e-02
19 9.817960e-01 6.728000e-03 1.147600e-02
20 9.804400e-01 7.120000e-03 1.244000e-02
21 9.791120e-01 7.444000e-03 1.344400e-02
22 9.778840e-01 7.572000e-03 1.454400e-02
23 9.766840e-01 7.564000e-03 1.575200e-02
24 9.754360e-01 7.592000e-03 1.697200e-02
25 9.741600e-01 7.788000e-03 1.805200e-02
26 9.728000e-01 7.960000e-03 1.924000e-02
27 9.716120e-01 8.120000e-03 2.026800e-02
28 9.701760e-01 8.380000e-03 2.144400e-02
29 9.687720e-01 8.560000e-03 2.266800e-02
30 9.674320e-01 8.660000e-03 2.390800e-02
31 9.660800e-01 8.824000e-03 2.509600e-02
32 9.649280e-01 8.608000e-03 2.646400e-02
33 9.637200e-01 8.576000e-03 2.770400e-02
34 9.623920e-01 8.756000e-03 2.885200e-02
35 9.609800e-01 8.940000e-03 3.008000e-02
36 9.596160e-01 9.152000e-03 3.123200e-02
37 9.582800e-01 9.264000e-03 3.245600e-02
38 9.569080e-01 9.452000e-03 3.364000e-02
39 9.556360e-01 9.328000e-03 3.503600e-02
40 9.542520e-01 9.548000e-03 3.620000e-02
41 9.528800e-01 9.808000e-03 3.731200e-02
42 9.517000e-01 9.896000e-03 3.840400e-02
43 9.505000e-01 9.932000e-03 3.956800e-02
44 9.492960e-01 9.880000e-03 4.082400e-02
45 9.480240e-01 9.744000e-03 4.223200e-02
46 9.468520e-01 9.608000e-03 4.354000e-02
47 9.456200e-01 9.588000e-03 4.479200e-02
48 9.444680e-01 9.640000e-03 4.589200e-02
49 9.431600e-01 9.900000e-03 4.694000e-02
50 9.416000e-01 1.027600e-02 4.812400e-02
51 9.403040e-01 1.014000e-02 4.955600e-02
52 9.388960e-01 1.038800e-02 5.071600e-02
53 9.374760e-01 1.066800e-02 5.185600e-02
54 9.361920e-01 1.065200e-02 5.315600e-02
55 9.348280e-01 1.088800e-02 5.428400e-02
56 9.334840e-01 1.094800e-02 5.556800e-02
57 9.320040e-01 1.124400e-02 5.675200e-02
58 9.307120e-01 1.119600e-02 5.809200e-02
59 9.294160e-01 1.120800e-02 5.937600e-02
60 9.281280e-01 1.131600e-02 6.055600e-02
61 9.266880e-01 1.154800e-02 6.176400e-02
62 9.251880e-01 1.196000e-02 6.285200e-02
63 9.237640e-01 1.207600e-02 6.416000e-02
64 9.224080e-01 1.189200e-02 6.570000e-02
65 9.212520e-01 1.185200e-02 6.689600e-02
66 9.198920e-01 1.194400e-02 6.816400e-02
67 9.185640e-01 1.193600e-02 6.950000e-02
68 9.173680e-01 1.190800e-02 7.072400e-02
69 9.159560e-01 1.200800e-02 7.203600e-02
70 9.149000e-01 1.180400e-02 7.329600e-02
71 9.138880e-01 1.165600e-02 7.445600e-02
72 9.128600e-01 1.161200e-02 7.552800e-02
73 9.115560e-01 1.189600e-02 7.654800e-02
74 9.104800e-01 1.182000e-02 7.770000e-02
75 9.094640e-01 1.174000e-02 7.879600e-02
76 9.082360e-01 1.195600e-02 7.980800e-02
77 9.070720e-01 1.182800e-02 8.110000e-02
78 9.057680e-01 1.198000e-02 8.225200e-02
79 9.045920e-01 1.202400e-02 8.338400e-02
80 9.035040e-01 1.184800e-02 8.464800e-02
81 9.023400e-01 1.194400e-02 8.571600e-02
82 9.013680e-01 1.172000e-02 8.691200e-02
83 9.003160e-01 1.189200e-02 8.779200e-02
84 8.991080e-01 1.200400e-02 8.888800e-02
85 8.979960e-01 1.194400e-02 9.006000e-02
86 8.967320e-01 1.215200e-02 9.111600e-02
87 8.956480e-01 1.208000e-02 9.227200e-02
88 8.948400e-01 1.184000e-02 9.332000e-02
89 8.936240e-01 1.206400e-02 9.431200e-02
90 8.924880e-01 1.212800e-02 9.538400e-02
91 8.915480e-01 1.215600e-02 9.629600e-02
92 8.908680e-01 1.188000e-02 9.725200e-02
93 8.898040e-01 1.198000e-02 9.821600e-02
94 8.890200e-01 1.180000e-02 9.918000e-02
95 8.881400e-01 1.161200e-02 1.002480e-01
96 8.872960e-01 1.154400e-02 1.011600e-01
97 8.865720e-01 1.137200e-02 1.020560e-01
98 8.859160e-01 1.123600e-02 1.028480e-01
99 8.852240e-01 1.119200e-02 1.035840e-01
100 8.843960e-01 1.122800e-02 1.043760e-01
101 8.836440e-01 1.115600e-02 1.052000e-01
102 8.829120e-01 1.115200e-02 1.059360e-01
103 8.821840e-01 1.124400e-02 1.065720e-01
104 8.815320e-01 1.118000e-02 1.072880e-01
105 8.806560e-01 1.125600e-02 1.080880e-01
106 8.798000e-01 1.127600e-02 1.089240e-01
107 8.791920e-01 1.124400e-02 1.095640e-01
108 8.783720e-01 1.114400e-02 1.104840e-01
109 8.775680e-01 1.106800e-02 1.113640e-01
110 8.769400e-01 1.120000e-02 1.118600e-01
111 8.763760e-01 1.094000e-02 1.126840e-01
112 8.756920e-01 1.092400e-02 1.133840e-01
113 8.750560e-01 1.089600e-02 1.140480e-01
114 8.744920e-01 1.077200e-02 1.147360e-01
115 8.739800e-01 1.046000e-02 1.155600e-01
116 8.733640e-01 1.052800e-02 1.161080e-01
117 8.729440e-01 1.034400e-02 1.167120e-01
118 8.724240e-01 1.038400e-02 1.171920e-01
119 8.720000e-01 1.019200e-02 1.178080e-01
120 8.715080e-01 1.010800e-02 1.183840e-01
121 8.710760e-01 9.932000e-03 1.189920e-01
122 8.707040e-01 9.912000e-03 1.193840e-01
123 8.700960e-01 1.015600e-02 1.197480e-01
124 8.696600e-01 1.026800e-02 1.200720e-01
125 8.689520e-01 1.047600e-02 1.205720e-01
126 8.681360e-01 1.062000e-02 1.212440e-01
127 8.674800e-01 1.066400e-02 1.218560e-01
128 8.667760e-01 1.086400e-02 1.223600e-01
129 8.662480e-01 1.083600e-02 1.229160e-01
130 8.657360e-01 1.094400e-02 1.233200e-01
131 8.648200e-01 1.135200e-02 1.238280e-01
132 8.641000e-01 1.148400e-02 1.244160e-01
133 8.635280e-01 1.156400e-02 1.249080e-01
134 8.627560e-01 1.159600e-02 1.256480e-01
135 8.621840e-01 1.161600e-02 1.262000e-01
136 8.615080e-01 1.164000e-02 1.268520e-01
137 8.609640e-01 1.156400e-02 1.274720e-01
138 8.602640e-01 1.167200e-02 1.280640e-01
139 8.593520e-01 1.174800e-02 1.289000e-01
140 8.585800e-01 1.186000e-02 1.295600e-01
141 8.577280e-01 1.179200e-02 1.304800e-01
142 8.570000e-01 1.195200e-02 1.310480e-01
143 8.563120e-01 1.194000e-02 1.317480e-01
144 8.556440e-01 1.192000e-02 1.324360e-01
145 8.550360e-01 1.198000e-02 1.329840e-01
146 8.544280e-01 1.201200e-02 1.335600e-01
147 8.537160e-01 1.206800e-02 1.342160e-01
148 8.531000e-01 1.218800e-02 1.347120e-01
149 8.524200e-01 1.222800e-02 1.353520e-01
150 8.516080e-01 1.237600e-02 1.360160e-01
151 8.511800e-01 1.197200e-02 1.368480e-01
152 8.506560e-01 1.184400e-02 1.375000e-01
153 8.502600e-01 1.164800e-02 1.380920e-01
154 8.497360e-01 1.164800e-02 1.386160e-01
155 8.491680e-01 1.174400e-02 1.390880e-01
156 8.488520e-01 1.155600e-02 1.395920e-01
157 8.484480e-01 1.142000e-02 1.401320e-01
158 8.479360e-01 1.133600e-02 1.407280e-01
159 8.473760e-01 1.137600e-02 1.412480e-01
160 8.469720e-01 1.132000e-02 1.417080e-01
161 8.465920e-01 1.117200e-02 1.422360e-01
162 8.463200e-01 1.101200e-02 1.426680e-01
163 8.457720e-01 1.123200e-02 1.429960e-01
164 8.454960e-01 1.120000e-02 1.433040e-01
165 8.452040e-01 1.086400e-02 1.439320e-01
166 8.446920e-01 1.087200e-02 1.444360e-01
167 8.443400e-01 1.088400e-02 1.447760e-01
168 8.441240e-01 1.063200e-02 1.452440e-01
169 8.437040e-01 1.069200e-02 1.456040e-01
170 8.433320e-01 1.065600e-02 1.460120e-01
171 8.428040e-01 1.071200e-02 1.464840e-01
172 8.423720e-01 1.086400e-02 1.467640e-01
173 8.421760e-01 1.064400e-02 1.471800e-01
174 8.418200e-01 1.076800e-02 1.474120e-01
175 8.415360e-01 1.071600e-02 1.477480e-01
176 8.412280e-01 1.074400e-02 1.480280e-01
177 8.410280e-01 1.077200e-02 1.482000e-01
178 8.407640e-01 1.069600e-02 1.485400e-01
179 8.403200e-01 1.085600e-02 1.488240e-01
180 8.398640e-01 1.087600e-02 1.492600e-01
181 8.393760e-01 1.098800e-02 1.496360e-01
182 8.389360e-01 1.078800e-02 1.502760e-01
183 8.386120e-01 1.079600e-02 1.505920e-01
184 8.384520e-01 1.070000e-02 1.508480e-01
185 8.382160e-01 1.055200e-02 1.512320e-01
186 8.380600e-01 1.043600e-02 1.515040e-01
187 8.378240e-01 1.063200e-02 1.515440e-01
188 8.372400e-01 1.078000e-02 1.519800e-01
189 8.370800e-01 1.077200e-02 1.521480e-01
190 8.367880e-01 1.066800e-02 1.525440e-01
191 8.364520e-01 1.072000e-02 1.528280e-01
192 8.359640e-01 1.080800e-02 1.532280e-01
193 8.356400e-01 1.099200e-02 1.533680e-01
194 8.354320e-01 1.088400e-02 1.536840e-01
195 8.352680e-01 1.077600e-02 1.539560e-01
196 8.349280e-01 1.065200e-02 1.544200e-01
197 8.345800e-01 1.088400e-02 1.545360e-01
198 8.342320e-01 1.086400e-02 1.549040e-01
199 8.338880e-01 1.090000e-02 1.552120e-01
200 8.336240e-01 1.086400e-02 1.555120e-01
201 8.334080e-01 1.065600e-02 1.559360e-01
202 8.332200e-01 1.068400e-02 1.560960e-01
203 8.329360e-01 1.074800e-02 1.563160e-01
204 8.328480e-01 1.061200e-02 1.565400e-01
205 8.327880e-01 1.053600e-02 1.566760e-01
206 8.326080e-01 1.038000e-02 1.570120e-01
207 8.323400e-01 1.030400e-02 1.573560e-01
208 8.324200e-01 1.016400e-02 1.574160e-01
209 8.322680e-01 9.948000e-03 1.577840e-01
210 8.321920e-01 9.976000e-03 1.578320e-01
211 8.321000e-01 1.001600e-02 1.578840e-01
212 8.322480e-01 9.916000e-03 1.578360e-01
213 8.321600e-01 9.896000e-03 1.579440e-01
214 8.319880e-01 9.944000e-03 1.580680e-01
215 8.318320e-01 1.006800e-02 1.581000e-01
216 8.317320e-01 1.001600e-02 1.582520e-01
217 8.318400e-01 9.888000e-03 1.582720e-01
218 8.317880e-01 9.712000e-03 1.585000e-01
219 8.317920e-01 9.648000e-03 1.585600e-01
220 8.317320e-01 9.464000e-03 1.588040e-01
221 8.316640e-01 9.508000e-03 1.588280e-01
222 8.316120e-01 9.484000e-03 1.589040e-01
223 8.314640e-01 9.516000e-03 1.590200e-01
224 8.312600e-01 9.520000e-03 1.592200e-01
225 8.313760e-01 9.344000e-03 1.592800e-01
226 8.315320e-01 9.156000e-03 1.593120e-01
227 8.314600e-01 9.192000e-03 1.593480e-01
228 8.315320e-01 9.164000e-03 1.593040e-01
229 8.316400e-01 8.956000e-03 1.594040e-01
230 8.319000e-01 8.716000e-03 1.593840e-01
231 8.319680e-01 8.544000e-03 1.594880e-01
232 8.321760e-01 8.364000e-03 1.594600e-01
233 8.323920e-01 8.272000e-03 1.593360e-01
234 8.325640e-01 8.352000e-03 1.590840e-01
235 8.328560e-01 8.048000e-03 1.590960e-01
236 8.331720e-01 7.904000e-03 1.589240e-01
237 8.335760e-01 7.840000e-03 1.585840e-01
238 8.338600e-01 7.948000e-03 1.581920e-01
239 8.341240e-01 8.000000e-03 1.578760e-01
240 8.340640e-01 8.152000e-03 1.577840e-01
241 8.343360e-01 8.156000e-03 1.575080e-01
242 8.344000e-01 8.240000e-03 1.573600e-01
243 8.345520e-01 7.996000e-03 1.574520e-01
244 8.347960e-01 7.868000e-03 1.573360e-01
245 8.348720e-01 7.860000e-03 1.572680e-01
246 8.350040e-01 7.972000e-03 1.570240e-01
247 8.352280e-01 7.776000e-03 1.569960e-01
248 8.356520e-01 7.544000e-03 1.568040e-01
249 8.359160e-01 7.372000e-03 1.567120e-01
250 8.361320e-01 7.332000e-03 1.565360e-01
251 8.363120e-01 7.256000e-03 1.564320e-01
252 8.364560e-01 7.288000e-03 1.562560e-01
253 8.366280e-01 7.360000e-03 1.560120e-01
254 8.368960e-01 7.300000e-03 1.558040e-01
255 8.371640e-01 7.324000e-03 1.555120e-01
256 8.374120e-01 7.324000e-03 1.552640e-01
257 8.377760e-01 7.292000e-03 1.549320e-01
258 8.381000e-01 7.176000e-03 1.547240e-01
259 8.384880e-01 7.072000e-03 1.544400e-01
260 8.389600e-01 6.888000e-03 1.541520e-01
261 8.393840e-01 6.848000e-03 1.537680e-01
262 8.397120e-01 6.960000e-03 1.533280e-01
263 8.400360e-01 6.876000e-03 1.530880e-01
264 8.403040e-01 6.880000e-03 1.528160e-01
265 8.406720e-01 6.764000e-03 1.525640e-01
266 8.408520e-01 6.756000e-03 1.523920e-01
267 8.412480e-01 6.596000e-03 1.521560e-01
268 8.415200e-01 6.580000e-03 1.519000e-01
269 8.418400e-01 6.504000e-03 1.516560e-01
270 8.422640e-01 6.516000e-03 1.512200e-01
271 8.425680e-01 6.384000e-03 1.510480e-01
272 8.430640e-01 6.308000e-03 1.506280e-01
273 8.433400e-01 6.304000e-03 1.503560e-01
274 8.438480e-01 6.148000e-03 1.500040e-01
275 8.442360e-01 6.056000e-03 1.497080e-01
276 8.447920e-01 6.000000e-03 1.492080e-01
277 8.453120e-01 5.832000e-03 1.488560e-01
278 8.457000e-01 5.832000e-03 1.484680e-01
279 8.460200e-01 5.816000e-03 1.481640e-01
280 8.464480e-01 5.676000e-03 1.478760e-01
281 8.468120e-01 5.736000e-03 1.474520e-01
282 8.471560e-01 5.864000e-03 1.469800e-01
283 8.473560e-01 5.772000e-03 1.468720e-01
284 8.477360e-01 5.840000e-03 1.464240e-01
285 8.481680e-01 5.820000e-03 1.460120e-01
286 8.486800e-01 5.892000e-03 1.454280e-01
287 8.490440e-01 5.868000e-03 1.450880e-01
288 8.494560e-01 5.868000e-03 1.446760e-01
289 8.497760e-01 5.940000e-03 1.442840e-01
290 8.501080e-01 5.800000e-03 1.440920e-01
291 8.504600e-01 5.824000e-03 1.437160e-01
292 8.507360e-01 5.920000e-03 1.433440e-01
293 8.511600e-01 5.848000e-03 1.429920e-01
294 8.514520e-01 5.992000e-03 1.425560e-01
295 8.517520e-01 6.108000e-03 1.421400e-01
296 8.521240e-01 5.968000e-03 1.419080e-01
297 8.525280e-01 5.884000e-03 1.415880e-01
298 8.527440e-01 5.920000e-03 1.413360e-01
299 8.529280e-01 5.976000e-03 1.410960e-01
300 8.533600e-01 5.796000e-03 1.408440e-01
301 8.537800e-01 5.852000e-03 1.403680e-01
302 8.540360e-01 5.884000e-03 1.400800e-01
303 8.543200e-01 5.948000e-03 1.397320e-01
304 8.546480e-01 5.996000e-03 1.393560e-01
305 8.547960e-01 6.068000e-03 1.391360e-01
306 8.550920e-01 6.036000e-03 1.388720e-01
307 8.555040e-01 5.904000e-03 1.385920e-01
308 8.558360e-01 5.912000e-03 1.382520e-01
309 8.561120e-01 5.888000e-03 1.380000e-01
310 8.564200e-01 5.896000e-03 1.376840e-01
311 8.568720e-01 5.800000e-03 1.373280e-01
312 8.571320e-01 5.848000e-03 1.370200e-01
313 8.573480e-01 5.840000e-03 1.368120e-01
314 8.578360e-01 5.892000e-03 1.362720e-01
315 8.581880e-01 5.868000e-03 1.359440e-01
316 8.584240e-01 5.884000e-03 1.356920e-01
317 8.587400e-01 5.824000e-03 1.354360e-01
318 8.590160e-01 5.920000e-03 1.350640e-01
319 8.591920e-01 6.024000e-03 1.347840e-01
320 8.596320e-01 5.864000e-03 1.345040e-01
321 8.599400e-01 5.888000e-03 1.341720e-01
322 8.601800e-01 5.972000e-03 1.338480e-01
323 8.604840e-01 5.868000e-03 1.336480e-01
324 8.608120e-01 5.848000e-03 1.333400e-01
325 8.611200e-01 5.808000e-03 1.330720e-01
326 8.613240e-01 5.800000e-03 1.328760e-01
327 8.617200e-01 5.788000e-03 1.324920e-01
328 8.620840e-01 5.836000e-03 1.320800e-01
329 8.624840e-01 5.924000e-03 1.315920e-01
330 8.628360e-01 5.896000e-03 1.312680e-01
331 8.630600e-01 5.884000e-03 1.310560e-01
332 8.635280e-01 5.836000e-03 1.306360e-01
333 8.636520e-01 5.992000e-03 1.303560e-01
334 8.638440e-01 5.812000e-03 1.303440e-01
335 8.639640e-01 5.904000e-03 1.301320e-01
336 8.641600e-01 5.968000e-03 1.298720e-01
337 8.644040e-01 5.964000e-03 1.296320e-01
338 8.646200e-01 6.092000e-03 1.292880e-01
339 8.648000e-01 6.156000e-03 1.290440e-01
340 8.650880e-01 6.012000e-03 1.289000e-01
341 8.652200e-01 6.028000e-03 1.287520e-01
342 8.655280e-01 6.060000e-03 1.284120e-01
343 8.658560e-01 5.940000e-03 1.282040e-01
344 8.662560e-01 5.752000e-03 1.279920e-01
345 8.663960e-01 5.724000e-03 1.278800e-01
346 8.666520e-01 5.740000e-03 1.276080e-01
347 8.669760e-01 5.736000e-03 1.272880e-01
348 8.673840e-01 5.664000e-03 1.269520e-01
349 8.677600e-01 5.784000e-03 1.264560e-01
350 8.680440e-01 5.796000e-03 1.261600e-01
351 8.684560e-01 5.636000e-03 1.259080e-01
352 8.688000e-01 5.588000e-03 1.256120e-01
353 8.690600e-01 5.572000e-03 1.253680e-01
354 8.692640e-01 5.496000e-03 1.252400e-01
355 8.696240e-01 5.460000e-03 1.249160e-01
356 8.697240e-01 5.504000e-03 1.247720e-01
357 8.699600e-01 5.532000e-03 1.245080e-01
358 8.699160e-01 5.572000e-03 1.245120e-01
359 8.701400e-01 5.512000e-03 1.243480e-01
360 8.703160e-01 5.464000e-03 1.242200e-01
361 8.705040e-01 5.508000e-03 1.239880e-01
362 8.708400e-01 5.424000e-03 1.237360e-01
363 8.712160e-01 5.464000e-03 1.233200e-01
364 8.716200e-01 5.472000e-03 1.229080e-01
365 8.719160e-01 5.448000e-03 1.226360e-01
366 8.721360e-01 5.412000e-03 1.224520e-01
367 8.724160e-01 5.388000e-03 1.221960e-01
368 8.726240e-01 5.372000e-03 1.220040e-01
369 8.729360e-01 5.156000e-03 1.219080e-01
370 8.733400e-01 5.000000e-03 1.216600e-01
371 8.737040e-01 4.928000e-03 1.213680e-01
372 8.740120e-01 4.960000e-03 1.210280e-01
373 8.741800e-01 4.980000e-03 1.208400e-01
374 8.744120e-01 4.988000e-03 1.206000e-01
375 8.747160e-01 4.804000e-03 1.204800e-01
376 8.751000e-01 4.744000e-03 1.201560e-01
377 8.755400e-01 4.724000e-03 1.197360e-01
378 8.759520e-01 4.676000e-03 1.193720e-01
379 8.764280e-01 4.584000e-03 1.189880e-01
380 8.768400e-01 4.556000e-03 1.186040e-01
381 8.771440e-01 4.432000e-03 1.184240e-01
382 8.776120e-01 4.324000e-03 1.180640e-01
383 8.780000e-01 4.468000e-03 1.175320e-01
384 8.785040e-01 4.312000e-03 1.171840e-01
385 8.789920e-01 4.304000e-03 1.167040e-01
386 8.792560e-01 4.336000e-03 1.164080e-01
387 8.798640e-01 4.204000e-03 1.159320e-01
388 8.802240e-01 4.164000e-03 1.156120e-01
389 8.805520e-01 4.228000e-03 1.152200e-01
390 8.809720e-01 4.264000e-03 1.147640e-01
391 8.812080e-01 4.216000e-03 1.145760e-01
392 8.816480e-01 4.256000e-03 1.140960e-01
393 8.819480e-01 4.220000e-03 1.138320e-01
394 8.823760e-01 4.240000e-03 1.133840e-01
395 8.828240e-01 4.164000e-03 1.130120e-01
396 8.830720e-01 4.088000e-03 1.128400e-01
397 8.833080e-01 4.092000e-03 1.126000e-01
398 8.837880e-01 4.020000e-03 1.121920e-01
399 8.843240e-01 3.912000e-03 1.117640e-01
400 8.847920e-01 3.744000e-03 1.114640e-01
401 8.850320e-01 3.796000e-03 1.111720e-01
402 8.856240e-01 3.752000e-03 1.106240e-01
403 8.860200e-01 3.704000e-03 1.102760e-01
404 8.864440e-01 3.612000e-03 1.099440e-01
405 8.869280e-01 3.568000e-03 1.095040e-01
406 8.872080e-01 3.568000e-03 1.092240e-01
407 8.876520e-01 3.588000e-03 1.087600e-01
408 8.881360e-01 3.528000e-03 1.083360e-01
409 8.884440e-01 3.696000e-03 1.078600e-01
410 8.886800e-01 3.912000e-03 1.074080e-01
411 8.891160e-01 3.652000e-03 1.072320e-01
412 8.896040e-01 3.560000e-03 1.068360e-01
413 8.901200e-01 3.632000e-03 1.062480e-01
414 8.904800e-01 3.676000e-03 1.058440e-01
415 8.909360e-01 3.620000e-03 1.054440e-01
416 8.913680e-01 3.660000e-03 1.049720e-01
417 8.917400e-01 3.656000e-03 1.046040e-01
418 8.920560e-01 3.616000e-03 1.043280e-01
419 8.923960e-01 3.648000e-03 1.039560e-01
420 8.927600e-01 3.632000e-03 1.036080e-01
421 8.932080e-01 3.576000e-03 1.032160e-01
422 8.935680e-01 3.576000e-03 1.028560e-01
423 8.939760e-01 3.564000e-03 1.024600e-01
424 8.942640e-01 3.640000e-03 1.020960e-01
425 8.945520e-01 3.744000e-03 1.017040e-01
426 8.947720e-01 3.756000e-03 1.014720e-01
427 8.950880e-01 3.736000e-03 1.011760e-01
428 8.953640e-01 3.808000e-03 1.008280e-01
429 8.957760e-01 3.820000e-03 1.004040e-01
430 8.960200e-01 3.724000e-03 1.002560e-01
431 8.964040e-01 3.700000e-03 9.989600e-02
432 8.967400e-01 3.680000e-03 9.958000e-02
433 8.972040e-01 3.632000e-03 9.916400e-02
434 8.975480e-01 3.584000e-03 9.886800e-02
435 8.978600e-01 3.556000e-03 9.858400e-02
436 8.981720e-01 3.452000e-03 9.837600e-02
437 8.986200e-01 3.440000e-03 9.794000e-02
438 8.989200e-01 3.412000e-03 9.766800e-02
439 8.993000e-01 3.384000e-03 9.731600e-02
440 8.996800e-01 3.232000e-03 9.708800e-02
441 9.000440e-01 3.136000e-03 9.682000e-02
442 9.004560e-01 3.104000e-03 9.644000e-02
443 9.006680e-01 3.136000e-03 9.619600e-02
444 9.010480e-01 3.152000e-03 9.580000e-02
445 9.014040e-01 3.184000e-03 9.541200e-02
446 9.016360e-01 3.252000e-03 9.511200e-02
447 9.019720e-01 3.212000e-03 9.481600e-02
448 9.023920e-01 3.292000e-03 9.431600e-02
449 9.027200e-01 3.428000e-03 9.385200e-02
450 9.030000e-01 3.416000e-03 9.358400e-02
451 9.033240e-01 3.352000e-03 9.332400e-02
452 9.035240e-01 3.408000e-03 9.306800e-02
453 9.038240e-01 3.476000e-03 9.270000e-02
454 9.041800e-01 3.408000e-03 9.241200e-02
455 9.045320e-01 3.392000e-03 9.207600e-02
456 9.049320e-01 3.332000e-03 9.173600e-02
457 9.052560e-01 3.340000e-03 9.140400e-02
458 9.057000e-01 3.296000e-03 9.100400e-02
459 9.060800e-01 3.272000e-03 9.064800e-02
460 9.064400e-01 3.224000e-03 9.033600e-02
461 9.066720e-01 3.264000e-03 9.006400e-02
462 9.069120e-01 3.236000e-03 8.985200e-02
463 9.073120e-01 3.144000e-03 8.954400e-02
464 9.076960e-01 3.112000e-03 8.919200e-02
465 9.080680e-01 3.080000e-03 8.885200e-02
466 9.084200e-01 2.992000e-03 8.858800e-02
467 9.088000e-01 2.980000e-03 8.822000e-02
468 9.091040e-01 2.964000e-03 8.793200e-02
469 9.095200e-01 2.940000e-03 8.754000e-02
470 9.099680e-01 2.840000e-03 8.719200e-02
471 9.102760e-01 2.908000e-03 8.681600e-02
472 9.105480e-01 2.992000e-03 8.646000e-02
473 9.107560e-01 2.992000e-03 8.625200e-02
474 9.111440e-01 2.916000e-03 8.594000e-02
475 9.115120e-01 2.892000e-03 8.559600e-02
476 9.118040e-01 2.864000e-03 8.533200e-02
477 9.120840e-01 2.756000e-03 8.516000e-02
478 9.123720e-01 2.832000e-03 8.479600e-02
479 9.128400e-01 2.676000e-03 8.448400e-02
480 9.131000e-01 2.740000e-03 8.416000e-02
481 9.133720e-01 2.736000e-03 8.389200e-02
482 9.138480e-01 2.684000e-03 8.346800e-02
483 9.142400e-01 2.744000e-03 8.301600e-02
484 9.146040e-01 2.672000e-03 8.272400e-02
485 9.150160e-01 2.608000e-03 8.237600e-02
486 9.154360e-01 2.492000e-03 8.207200e-02
487 9.158720e-01 2.436000e-03 8.169200e-02
488 9.163160e-01 2.392000e-03 8.129200e-02
489 9.166880e-01 2.416000e-03 8.089600e-02
490 9.171240e-01 2.360000e-03 8.051600e-02
491 9.174640e-01 2.384000e-03 8.015200e-02
492 9.177760e-01 2.272000e-03 7.995200e-02
493 9.181760e-01 2.276000e-03 7.954800e-02
494 9.185440e-01 2.368000e-03 7.908800e-02
495 9.187920e-01 2.360000e-03 7.884800e-02
496 9.191160e-01 2.360000e-03 7.852400e-02
497 9.195400e-01 2.292000e-03 7.816800e-02
498 9.199040e-01 2.336000e-03 7.776000e-02
499 9.202400e-01 2.348000e-03 7.741200e-02
500 9.205440e-01 2.448000e-03 7.700800e-02
501 9.207520e-01 2.544000e-03 7.670400e-02
502 9.211520e-01 2.476000e-03 7.637200e-02
503 9.214840e-01 2.520000e-03 7.599600e-02
504 9.218080e-01 2.540000e-03 7.565200e-02
505 9.220920e-01 2.544000e-03 7.536400e-02
506 9.223720e-01 2.548000e-03 7.508000e-02
507 9.226040e-01 2.544000e-03 7.485200e-02
508 9.228760e-01 2.564000e-03 7.456000e-02
509 9.230320e-01 2.680000e-03 7.428800e-02
510 9.232240e-01 2.704000e-03 7.407200e-02
511 9.235160e-01 2.676000e-03 7.380800e-02
512 9.237720e-01 2.736000e-03 7.349200e-02
513 9.240960e-01 2.696000e-03 7.320800e-02
514 9.244040e-01 2.648000e-03 7.294800e-02
515 9.246040e-01 2.628000e-03 7.276800e-02
516 9.246520e-01 2.796000e-03 7.255200e-02
517 9.247320e-01 2.888000e-03 7.238000e-02
518 9.248800e-01 2.848000e-03 7.227200e-02
519 9.250880e-01 2.828000e-03 7.208400e-02
520 9.253120e-01 2.868000e-03 7.182000e-02
521 9.254000e-01 2.900000e-03 7.170000e-02
522 9.255600e-01 2.876000e-03 7.156400e-02
523 9.257960e-01 2.900000e-03 7.130400e-02
524 9.260200e-01 2.896000e-03 7.108400e-02
525 9.261600e-01 2.980000e-03 7.086000e-02
526 9.262160e-01 2.984000e-03 7.080000e-02
527 9.262920e-01 3.084000e-03 7.062400e-02
528 9.264120e-01 3.056000e-03 7.053200e-02
529 9.266200e-01 3.092000e-03 7.028800e-02
530 9.268680e-01 3.052000e-03 7.008000e-02
531 9.270520e-01 2.972000e-03 6.997600e-02
532 9.272720e-01 2.932000e-03 6.979600e-02
533 9.275360e-01 2.912000e-03 6.955200e-02
534 9.277680e-01 2.908000e-03 6.932400e-02
535 9.279920e-01 2.992000e-03 6.901600e-02
536 9.281360e-01 2.960000e-03 6.890400e-02
537 9.283440e-01 2.920000e-03 6.873600e-02
538 9.286120e-01 3.048000e-03 6.834000e-02
539 9.288120e-01 2.948000e-03 6.824000e-02
540 9.289880e-01 2.940000e-03 6.807200e-02
541 9.292040e-01 2.912000e-03 6.788400e-02
542 9.293680e-01 2.912000e-03 6.772000e-02
543 9.294920e-01 2.960000e-03 6.754800e-02
544 9.296320e-01 2.988000e-03 6.738000e-02
545 9.297440e-01 2.936000e-03 6.732000e-02
546 9.297640e-01 3.048000e-03 6.718800e-02
547 9.299160e-01 2.940000e-03 6.714400e-02
548 9.300920e-01 2.900000e-03 6.700800e-02
549 9.303240e-01 2.884000e-03 6.679200e-02
550 9.305120e-01 2.832000e-03 6.665600e-02
551 9.305160e-01 2.988000e-03 6.649600e-02
552 9.305200e-01 2.972000e-03 6.650800e-02
553 9.306040e-01 3.108000e-03 6.628800e-02
554 9.306800e-01 3.128000e-03 6.619200e-02
555 9.307400e-01 3.100000e-03 6.616000e-02
556 9.308240e-01 3.168000e-03 6.600800e-02
557 9.309320e-01 3.136000e-03 6.593200e-02
558 9.309640e-01 3.176000e-03 6.586000e-02
559 9.312000e-01 3.016000e-03 6.578400e-02
560 9.314000e-01 2.856000e-03 6.574400e-02
561 9.316240e-01 2.724000e-03 6.565200e-02
562 9.318040e-01 2.696000e-03 6.550000e-02
563 9.320480e-01 2.600000e-03 6.535200e-02
564 9.323240e-01 2.628000e-03 6.504800e-02
565 9.324560e-01 2.616000e-03 6.492800e-02
566 9.326000e-01 2.592000e-03 6.480800e-02
567 9.328640e-01 2.580000e-03 6.455600e-02
568 9.330880e-01 2.620000e-03 6.429200e-02
569 9.331640e-01 2.612000e-03 6.422400e-02
570 9.333160e-01 2.672000e-03 6.401200e-02
571 9.335240e-01 2.616000e-03 6.386000e-02
572 9.338560e-01 2.616000e-03 6.352800e-02
573 9.340120e-01 2.712000e-03 6.327600e-02
574 9.342000e-01 2.752000e-03 6.304800e-02
575 9.343200e-01 2.716000e-03 6.296400e-02
576 9.344880e-01 2.688000e-03 6.282400e-02
577 9.347280e-01 2.676000e-03 6.259600e-02
578 9.349440e-01 2.652000e-03 6.240400e-02
579 9.351040e-01 2.684000e-03 6.221200e-02
580 9.353120e-01 2.764000e-03 6.192400e-02
581 9.353680e-01 2.812000e-03 6.182000e-02
582 9.354760e-01 2.836000e-03 6.168800e-02
583 9.356040e-01 2.916000e-03 6.148000e-02
584 9.356960e-01 2.904000e-03 6.140000e-02
585 9.358280e-01 2.836000e-03 6.133600e-02
586 9.360840e-01 2.708000e-03 6.120800e-02
587 9.360720e-01 2.772000e-03 6.115600e-02
588 9.362040e-01 2.888000e-03 6.090800e-02
589 9.362880e-01 2.764000e-03 6.094800e-02
590 9.363440e-01 2.788000e-03 6.086800e-02
591 9.364400e-01 2.768000e-03 6.079200e-02
592 9.364560e-01 2.808000e-03 6.073600e-02
593 9.366440e-01 2.744000e-03 6.061200e-02
594 9.368440e-01 2.620000e-03 6.053600e-02
595 9.369800e-01 2.612000e-03 6.040800e-02
596 9.372080e-01 2.668000e-03 6.012400e-02
597 9.373840e-01 2.568000e-03 6.004800e-02
598 9.376160e-01 2.520000e-03 5.986400e-02
599 9.379600e-01 2.432000e-03 5.960800e-02
600 9.381200e-01 2.492000e-03 5.938800e-02
601 9.382440e-01 2.460000e-03 5.929600e-02
602 9.384680e-01 2.432000e-03 5.910000e-02
603 9.387320e-01 2.292000e-03 5.897600e-02
604 9.389640e-01 2.300000e-03 5.873600e-02
605 9.392960e-01 2.264000e-03 5.844000e-02
606 9.395680e-01 2.172000e-03 5.826000e-02
607 9.398480e-01 2.140000e-03 5.801200e-02
608 9.400440e-01 2.152000e-03 5.780400e-02
609 9.401760e-01 2.140000e-03 5.768400e-02
610 9.404560e-01 2.048000e-03 5.749600e-02
611 9.406800e-01 2.024000e-03 5.729600e-02
612 9.409000e-01 2.024000e-03 5.707600e-02
613 9.410920e-01 2.004000e-03 5.690400e-02
614 9.413120e-01 1.968000e-03 5.672000e-02
615 9.416280e-01 1.908000e-03 5.646400e-02
616 9.419040e-01 1.892000e-03 5.620400e-02
617 9.421320e-01 1.936000e-03 5.593200e-02
618 9.423120e-01 1.872000e-03 5.581600e-02
619 9.424520e-01 2.008000e-03 5.554000e-02
620 9.426600e-01 2.112000e-03 5.522800e-02
621 9.428800e-01 2.104000e-03 5.501600e-02
622 9.430320e-01 2.124000e-03 5.484400e-02
623 9.431840e-01 2.176000e-03 5.464000e-02
624 9.433080e-01 2.320000e-03 5.437200e-02
625 9.433840e-01 2.416000e-03 5.420000e-02
626 9.433600e-01 2.528000e-03 5.411200e-02
627 9.433960e-01 2.548000e-03 5.405600e-02
628 9.434800e-01 2.624000e-03 5.389600e-02
629 9.436040e-01 2.524000e-03 5.387200e-02
630 9.437280e-01 2.452000e-03 5.382000e-02
631 9.438280e-01 2.424000e-03 5.374800e-02
632 9.440840e-01 2.364000e-03 5.355200e-02
633 9.442960e-01 2.272000e-03 5.343200e-02
634 9.443840e-01 2.316000e-03 5.330000e-02
635 9.444480e-01 2.344000e-03 5.320800e-02
636 9.445840e-01 2.428000e-03 5.298800e-02
637 9.447040e-01 2.404000e-03 5.289200e-02
638 9.447280e-01 2.388000e-03 5.288400e-02
639 9.448720e-01 2.384000e-03 5.274400e-02
640 9.449960e-01 2.420000e-03 5.258400e-02
641 9.450880e-01 2.484000e-03 5.242800e-02
642 9.451440e-01 2.464000e-03 5.239200e-02
643 9.452080e-01 2.448000e-03 5.234400e-02
644 9.451760e-01 2.536000e-03 5.228800e-02
645 9.451480e-01 2.640000e-03 5.221200e-02
646 9.451480e-01 2.708000e-03 5.214400e-02
647 9.452320e-01 2.636000e-03 5.213200e-02
648 9.452600e-01 2.656000e-03 5.208400e-02
649 9.452680e-01 2.700000e-03 5.203200e-02
650 9.453880e-01 2.624000e-03 5.198800e-02
651 9.454560e-01 2.648000e-03 5.189600e-02
652 9.456120e-01 2.556000e-03 5.183200e-02
653 9.456680e-01 2.548000e-03 5.178400e-02
654 9.457080e-01 2.464000e-03 5.182800e-02
655 9.457560e-01 2.528000e-03 5.171600e-02
656 9.458600e-01 2.564000e-03 5.157600e-02
657 9.458880e-01 2.604000e-03 5.150800e-02
658 9.460000e-01 2.680000e-03 5.132000e-02
659 9.459840e-01 2.752000e-03 5.126400e-02
660 9.459840e-01 2.808000e-03 5.120800e-02
661 9.460400e-01 2.840000e-03 5.112000e-02
662 9.460440e-01 2.884000e-03 5.107200e-02
663 9.461840e-01 2.820000e-03 5.099600e-02
664 9.462560e-01 2.772000e-03 5.097200e-02
665 9.463560e-01 2.728000e-03 5.091600e-02
666 9.464320e-01 2.620000e-03 5.094800e-02
667 9.465520e-01 2.496000e-03 5.095200e-02
668 9.466480e-01 2.484000e-03 5.086800e-02
669 9.467000e-01 2.472000e-03 5.082800e-02
670 9.467600e-01 2.536000e-03 5.070400e-02
671 9.470240e-01 2.384000e-03 5.059200e-02
672 9.471080e-01 2.392000e-03 5.050000e-02
673 9.472360e-01 2.408000e-03 5.035600e-02
674 9.473680e-01 2.416000e-03 5.021600e-02
675 9.473640e-01 2.420000e-03 5.021600e-02
676 9.473840e-01 2.464000e-03 5.015200e-02
677 9.474880e-01 2.508000e-03 5.000400e-02
678 9.475000e-01 2.504000e-03 4.999600e-02
679 9.475080e-01 2.508000e-03 4.998400e-02
680 9.474440e-01 2.628000e-03 4.992800e-02
681 9.474320e-01 2.596000e-03 4.997200e-02
682 9.474400e-01 2.564000e-03 4.999600e-02
683 9.475280e-01 2.496000e-03 4.997600e-02
684 9.475600e-01 2.492000e-03 4.994800e-02
685 9.476240e-01 2.504000e-03 4.987200e-02
686 9.476840e-01 2.440000e-03 4.987600e-02
687 9.477200e-01 2.420000e-03 4.986000e-02
688 9.477720e-01 2.340000e-03 4.988800e-02
689 9.478200e-01 2.332000e-03 4.984800e-02
690 9.479000e-01 2.332000e-03 4.976800e-02
691 9.480080e-01 2.352000e-03 4.964000e-02
692 9.480280e-01 2.324000e-03 4.964800e-02
693 9.481480e-01 2.364000e-03 4.948800e-02
694 9.481880e-01 2.356000e-03 4.945600e-02
695 9.482760e-01 2.300000e-03 4.942400e-02
696 9.482560e-01 2.424000e-03 4.932000e-02
697 9.484040e-01 2.376000e-03 4.922000e-02
698 9.485360e-01 2.436000e-03 4.902800e-02
699 9.486160e-01 2.400000e-03 4.898400e-02
700 9.486400e-01 2.348000e-03 4.901200e-02
701 9.485960e-01 2.484000e-03 4.892000e-02
702 9.486320e-01 2.392000e-03 4.897600e-02
703 9.487240e-01 2.312000e-03 4.896400e-02
704 9.488880e-01 2.288000e-03 4.882400e-02
705 9.489840e-01 2.224000e-03 4.879200e-02
706 9.490520e-01 2.228000e-03 4.872000e-02
707 9.490880e-01 2.232000e-03 4.868000e-02
708 9.492600e-01 2.152000e-03 4.858800e-02
709 9.492360e-01 2.192000e-03 4.857200e-02
710 9.492960e-01 2.172000e-03 4.853200e-02
711 9.494040e-01 2.164000e-03 4.843200e-02
712 9.495320e-01 2.168000e-03 4.830000e-02
713 9.495760e-01 2.216000e-03 4.820800e-02
714 9.496360e-01 2.248000e-03 4.811600e-02
715 9.497760e-01 2.232000e-03 4.799200e-02
716 9.498600e-01 2.240000e-03 4.790000e-02
717 9.500400e-01 2.176000e-03 4.778400e-02
718 9.500880e-01 2.152000e-03 4.776000e-02
719 9.501880e-01 2.176000e-03 4.763600e-02
720 9.503040e-01 2.220000e-03 4.747600e-02
721 9.504280e-01 2.216000e-03 4.735600e-02
722 9.505480e-01 2.200000e-03 4.725200e-02
723 9.506600e-01 2.220000e-03 4.712000e-02
724 9.508000e-01 2.208000e-03 4.699200e-02
725 9.507840e-01 2.268000e-03 4.694800e-02
726 9.508280e-01 2.288000e-03 4.688400e-02
727 9.508840e-01 2.360000e-03 4.675600e-02
728 9.509480e-01 2.340000e-03 4.671200e-02
729 9.510800e-01 2.384000e-03 4.653600e-02
730 9.511600e-01 2.368000e-03 4.647200e-02
731 9.512400e-01 2.344000e-03 4.641600e-02
732 9.513960e-01 2.312000e-03 4.629200e-02
733 9.514240e-01 2.316000e-03 4.626000e-02
734 9.515120e-01 2.188000e-03 4.630000e-02
735 9.516040e-01 2.132000e-03 4.626400e-02
736 9.517040e-01 2.156000e-03 4.614000e-02
737 9.517480e-01 2.236000e-03 4.601600e-02
738 9.519000e-01 2.148000e-03 4.595200e-02
739 9.520360e-01 2.052000e-03 4.591200e-02
740 9.521360e-01 2.088000e-03 4.577600e-02
741 9.520640e-01 2.184000e-03 4.575200e-02
742 9.521600e-01 2.208000e-03 4.563200e-02
743 9.521960e-01 2.228000e-03 4.557600e-02
744 9.522240e-01 2.272000e-03 4.550400e-02
745 9.523320e-01 2.240000e-03 4.542800e-02
746 9.523640e-01 2.208000e-03 4.542800e-02
747 9.523840e-01 2.252000e-03 4.536400e-02
748 9.524440e-01 2.276000e-03 4.528000e-02
749 9.524320e-01 2.336000e-03 4.523200e-02
750 9.526120e-01 2.212000e-03 4.517600e-02
751 9.526280e-01 2.232000e-03 4.514000e-02
752 9.527640e-01 2.232000e-03 4.500400e-02
753 9.528240e-01 2.192000e-03 4.498400e-02
754 9.529360e-01 2.192000e-03 4.487200e-02
755 9.529640e-01 2.172000e-03 4.486400e-02
756 9.530840e-01 2.088000e-03 4.482800e-02
757 9.531680e-01 2.096000e-03 4.473600e-02
758 9.532480e-01 2.144000e-03 4.460800e-02
759 9.534520e-01 2.132000e-03 4.441600e-02
760 9.535320e-01 2.124000e-03 4.434400e-02
761 9.535520e-01 2.108000e-03 4.434000e-02
762 9.536440e-01 2.096000e-03 4.426000e-02
763 9.537960e-01 2.192000e-03 4.401200e-02
764 9.538000e-01 2.236000e-03 4.396400e-02
765 9.539760e-01 2.144000e-03 4.388000e-02
766 9.541000e-01 2.128000e-03 4.377200e-02
767 9.541160e-01 2.148000e-03 4.373600e-02
768 9.541360e-01 2.192000e-03 4.367200e-02
769 9.541760e-01 2.236000e-03 4.358800e-02
770 9.542320e-01 2.332000e-03 4.343600e-02
771 9.542280e-01 2.356000e-03 4.341600e-02
772 9.542320e-01 2.480000e-03 4.328800e-02
773 9.541720e-01 2.492000e-03 4.333600e-02
774 9.541200e-01 2.620000e-03 4.326000e-02
775 9.540360e-01 2.600000e-03 4.336400e-02
776 9.538360e-01 2.664000e-03 4.350000e-02
777 9.538200e-01 2.664000e-03 4.351600e-02
778 9.537760e-01 2.664000e-03 4.356000e-02
779 9.536640e-01 2.740000e-03 4.359600e-02
780 9.536560e-01 2.768000e-03 4.357600e-02
781 9.535960e-01 2.684000e-03 4.372000e-02
782 9.535440e-01 2.784000e-03 4.367200e-02
783 9.535240e-01 2.828000e-03 4.364800e-02
784 9.534360e-01 2.932000e-03 4.363200e-02
785 9.533920e-01 2.872000e-03 4.373600e-02
786 9.533080e-01 2.908000e-03 4.378400e-02
787 9.531920e-01 2.968000e-03 4.384000e-02
788 9.531480e-01 2.932000e-03 4.392000e-02
789 9.530960e-01 2.928000e-03 4.397600e-02
790 9.529360e-01 3.088000e-03 4.397600e-02
791 9.527960e-01 3.080000e-03 4.412400e-02
792 9.528360e-01 3.060000e-03 4.410400e-02
793 9.526640e-01 3.120000e-03 4.421600e-02
794 9.525800e-01 3.104000e-03 4.431600e-02
795 9.524960e-01 3.044000e-03 4.446000e-02
796 9.524160e-01 3.032000e-03 4.455200e-02
797 9.523880e-01 2.884000e-03 4.472800e-02
798 9.523400e-01 2.820000e-03 4.484000e-02
799 9.522680e-01 2.808000e-03 4.492400e-02
800 9.522920e-01 2.724000e-03 4.498400e-02
801 9.521880e-01 2.700000e-03 4.511200e-02
802 9.522640e-01 2.556000e-03 4.518000e-02
803 9.522880e-01 2.620000e-03 4.509200e-02
804 9.523360e-01 2.556000e-03 4.510800e-02
805 9.524360e-01 2.512000e-03 4.505200e-02
806 9.524040e-01 2.544000e-03 4.505200e-02
807 9.522360e-01 2.668000e-03 4.509600e-02
808 9.520760e-01 2.784000e-03 4.514000e-02
809 9.519040e-01 2.904000e-03 4.519200e-02
810 9.516360e-01 3.048000e-03 4.531600e-02
811 9.514840e-01 3.068000e-03 4.544800e-02
812 9.512280e-01 3.116000e-03 4.565600e-02
813 9.512200e-01 3.140000e-03 4.564000e-02
814 9.510800e-01 3.172000e-03 4.574800e-02
815 9.509360e-01 3.196000e-03 4.586800e-02
816 9.508800e-01 3.192000e-03 4.592800e-02
817 9.508280e-01 3.220000e-03 4.595200e-02
818 9.508160e-01 3.208000e-03 4.597600e-02
819 9.505920e-01 3.196000e-03 4.621200e-02
820 9.503840e-01 3.288000e-03 4.632800e-02
821 9.502480e-01 3.392000e-03 4.636000e-02
822 9.501920e-01 3.428000e-03 4.638000e-02
823 9.501800e-01 3.308000e-03 4.651200e-02
824 9.500480e-01 3.376000e-03 4.657600e-02
825 9.499440e-01 3.376000e-03 4.668000e-02
826 9.498160e-01 3.384000e-03 4.680000e-02
827 9.497480e-01 3.372000e-03 4.688000e-02
828 9.495680e-01 3.424000e-03 4.700800e-02
829 9.493360e-01 3.432000e-03 4.723200e-02
830 9.491600e-01 3.520000e-03 4.732000e-02
831 9.489680e-01 3.580000e-03 4.745200e-02
832 9.487760e-01 3.680000e-03 4.754400e-02
833 9.485520e-01 3.692000e-03 4.775600e-02
834 9.485120e-01 3.740000e-03 4.774800e-02
835 9.484200e-01 3.608000e-03 4.797200e-02
836 9.481120e-01 3.736000e-03 4.815200e-02
837 9.479920e-01 3.728000e-03 4.828000e-02
838 9.478800e-01 3.648000e-03 4.847200e-02
839 9.477680e-01 3.604000e-03 4.862800e-02
840 9.476920e-01 3.640000e-03 4.866800e-02
841 9.476040e-01 3.628000e-03 4.876800e-02
842 9.475480e-01 3.648000e-03 4.880400e-02
843 9.473680e-01 3.688000e-03 4.894400e-02
844 9.473280e-01 3.588000e-03 4.908400e-02
845 9.472400e-01 3.580000e-03 4.918000e-02
846 9.472240e-01 3.488000e-03 4.928800e-02
847 9.472720e-01 3.360000e-03 4.936800e-02
848 9.471560e-01 3.304000e-03 4.954000e-02
849 9.470200e-01 3.260000e-03 4.972000e-02
850 9.469320e-01 3.244000e-03 4.982400e-02
851 9.468640e-01 3.144000e-03 4.999200e-02
852 9.469360e-01 3.036000e-03 5.002800e-02
853 9.469240e-01 2.988000e-03 5.008800e-02
854 9.470320e-01 2.976000e-03 4.999200e-02
855 9.470120e-01 3.044000e-03 4.994400e-02
856 9.469560e-01 2.984000e-03 5.006000e-02
857 9.469320e-01 2.868000e-03 5.020000e-02
858 9.470000e-01 2.892000e-03 5.010800e-02
859 9.469480e-01 2.948000e-03 5.010400e-02
860 9.468280e-01 3.060000e-03 5.011200e-02
861 9.466680e-01 3.252000e-03 5.008000e-02
862 9.465080e-01 3.324000e-03 5.016800e-02
863 9.463400e-01 3.280000e-03 5.038000e-02
864 9.462280e-01 3.200000e-03 5.057200e-02
865 9.460600e-01 3.212000e-03 5.072800e-02
866 9.459880e-01 3.252000e-03 5.076000e-02
867 9.459640e-01 3.328000e-03 5.070800e-02
868 9.460200e-01 3.248000e-03 5.073200e-02
869 9.460440e-01 3.244000e-03 5.071200e-02
870 9.459840e-01 3.228000e-03 5.078800e-02
871 9.458600e-01 3.212000e-03 5.092800e-02
872 9.458280e-01 3.236000e-03 5.093600e-02
873 9.457480e-01 3.284000e-03 5.096800e-02
874 9.457040e-01 3.272000e-03 5.102400e-02
875 9.455640e-01 3.276000e-03 5.116000e-02
876 9.456320e-01 3.244000e-03 5.112400e-02
877 9.454960e-01 3.144000e-03 5.136000e-02
878 9.454920e-01 3.096000e-03 5.141200e-02
879 9.454400e-01 3.084000e-03 5.147600e-02
880 9.454720e-01 3.092000e-03 5.143600e-02
881 9.453440e-01 3.156000e-03 5.150000e-02
882 9.452760e-01 3.096000e-03 5.162800e-02
883 9.454040e-01 3.036000e-03 5.156000e-02
884 9.453640e-01 3.064000e-03 5.157200e-02
885 9.453560e-01 3.084000e-03 5.156000e-02
886 9.453120e-01 3.096000e-03 5.159200e-02
887 9.452800e-01 3.076000e-03 5.164400e-02
888 9.452040e-01 3.108000e-03 5.168800e-02
889 9.451000e-01 3.148000e-03 5.175200e-02
890 9.451080e-01 3.076000e-03 5.181600e-02
891 9.452280e-01 3.040000e-03 5.173200e-02
892 9.452840e-01 3.024000e-03 5.169200e-02
893 9.454560e-01 2.952000e-03 5.159200e-02
894 9.454040e-01 2.980000e-03 5.161600e-02
895 9.454720e-01 2.908000e-03 5.162000e-02
896 9.454320e-01 2.988000e-03 5.158000e-02
897 9.453800e-01 3.032000e-03 5.158800e-02
898 9.453080e-01 3.128000e-03 5.156400e-02
899 9.453000e-01 3.212000e-03 5.148800e-02
900 9.451960e-01 3.264000e-03 5.154000e-02
901 9.451240e-01 3.188000e-03 5.168800e-02
902 9.450400e-01 3.228000e-03 5.173200e-02
903 9.450000e-01 3.264000e-03 5.173600e-02
904 9.449160e-01 3.296000e-03 5.178800e-02
905 9.447320e-01 3.292000e-03 5.197600e-02
906 9.444920e-01 3.492000e-03 5.201600e-02
907 9.442920e-01 3.576000e-03 5.213200e-02
908 9.441120e-01 3.612000e-03 5.227600e-02
909 9.439960e-01 3.648000e-03 5.235600e-02
910 9.439080e-01 3.664000e-03 5.242800e-02
911 9.439000e-01 3.636000e-03 5.246400e-02
912 9.438720e-01 3.584000e-03 5.254400e-02
913 9.438640e-01 3.512000e-03 5.262400e-02
914 9.438680e-01 3.348000e-03 5.278400e-02
915 9.438280e-01 3.316000e-03 5.285600e-02
916 9.436680e-01 3.344000e-03 5.298800e-02
917 9.437120e-01 3.228000e-03 5.306000e-02
918 9.437200e-01 3.176000e-03 5.310400e-02
919 9.437840e-01 3.084000e-03 5.313200e-02
920 9.437600e-01 3.032000e-03 5.320800e-02
921 9.438200e-01 2.996000e-03 5.318400e-02
922 9.438560e-01 3.020000e-03 5.312400e-02
923 9.438480e-01 3.144000e-03 5.300800e-02
924 9.437240e-01 3.192000e-03 5.308400e-02
925 9.437200e-01 3.080000e-03 5.320000e-02
926 9.437200e-01 3.092000e-03 5.318800e-02
927 9.436880e-01 3.040000e-03 5.327200e-02
928 9.436280e-01 3.056000e-03 5.331600e-02
929 9.436520e-01 3.020000e-03 5.332800e-02
930 9.437640e-01 2.860000e-03 5.337600e-02
931 9.438240e-01 2.816000e-03 5.336000e-02
932 9.438280e-01 2.924000e-03 5.324800e-02
