1 9.990840e-01 8.360000e-04 8.000000e-05
2 9.985880e-01 1.152000e-03 2.600000e-04
3 9.980240e-01 1.500000e-03 4.760000e-04
4 9.972080e-01 2.056000e-03 7.360000e-04
5 9.963720e-01 2.504000e-03 1.124000e-03
6 9.954640e-01 2.980000e-03 1.556000e-03
7 9.944160e-01 3.480000e-03 2.104000e-03
8 9.934160e-01 3.876000e-03 2.708000e-03
9 9.924760e-01 4.224000e-03 3.300000e-03
10 9.912160e-01 4.740000e-03 4.044000e-03
11 9.899800e-01 5.028000e-03 4.992000e-03
12 9.887240e-01 5.476000e-03 5.800000e-03
13 9.876240e-01 5.708000e-03 6.668000e-03
14 9.864640e-01 5.908000e-03 7.628000e-03
15 9.852960e-01 6.196000e-03 8.508000e-03
16 9.840440e-01 6.408000e-03 9.548000e-03
17 9.828000e-01 6.532000e-03 1.066800e-02
18 9.815240e-01 6.904000e-03 1.157200e-02
19 9.803080e-01 7.240000e-03 1.245200e-02
20 9.788480e-01 7.532000e-03 1.362000e-02
21 9.774320e-01 7.780000e-03 1.478800e-02
22 9.760000e-01 8.028000e-03 1.597200e-02
23 9.744480e-01 8.436000e-03 1.711600e-02
24 9.730240e-01 8.628000e-03 1.834800e-02
25 9.714440e-01 8.912000e-03 1.964400e-02
26 9.699600e-01 9.104000e-03 2.093600e-02
27 9.683360e-01 9.496000e-03 2.216800e-02
28 9.667320e-01 9.716000e-03 2.355200e-02
29 9.651560e-01 9.756000e-03 2.508800e-02
30 9.636840e-01 9.860000e-03 2.645600e-02
31 9.623920e-01 9.752000e-03 2.785600e-02
32 9.607440e-01 1.006800e-02 2.918800e-02
33 9.593840e-01 1.009200e-02 3.052400e-02
34 9.579720e-01 1.015200e-02 3.187600e-02
35 9.566000e-01 1.012800e-02 3.327200e-02
36 9.552600e-01 1.019200e-02 3.454800e-02
37 9.537360e-01 1.023600e-02 3.602800e-02
38 9.525120e-01 1.013600e-02 3.735200e-02
39 9.512840e-01 9.912000e-03 3.880400e-02
40 9.499000e-01 1.012800e-02 3.997200e-02
41 9.486240e-01 1.013600e-02 4.124000e-02
42 9.473200e-01 1.008000e-02 4.260000e-02
43 9.460080e-01 1.023600e-02 4.375600e-02
44 9.449000e-01 1.009600e-02 4.500400e-02
45 9.437600e-01 1.008000e-02 4.616000e-02
46 9.424200e-01 1.026000e-02 4.732000e-02
47 9.412880e-01 1.024400e-02 4.846800e-02
48 9.399480e-01 1.020400e-02 4.984800e-02
49 9.387200e-01 1.027200e-02 5.100800e-02
50 9.373320e-01 1.042400e-02 5.224400e-02
51 9.359640e-01 1.039600e-02 5.364000e-02
52 9.346320e-01 1.062400e-02 5.474400e-02
53 9.332320e-01 1.076800e-02 5.600000e-02
54 9.319600e-01 1.086400e-02 5.717600e-02
55 9.305520e-01 1.099600e-02 5.845200e-02
56 9.291240e-01 1.123200e-02 5.964400e-02
57 9.278560e-01 1.117200e-02 6.097200e-02
58 9.265360e-01 1.132400e-02 6.214000e-02
59 9.252400e-01 1.118400e-02 6.357600e-02
60 9.237800e-01 1.137600e-02 6.484400e-02
61 9.224160e-01 1.153600e-02 6.604800e-02
62 9.211000e-01 1.174000e-02 6.716000e-02
63 9.197800e-01 1.180800e-02 6.841200e-02
64 9.184360e-01 1.189200e-02 6.967200e-02
65 9.172320e-01 1.180000e-02 7.096800e-02
66 9.159240e-01 1.191200e-02 7.216400e-02
67 9.145600e-01 1.201200e-02 7.342800e-02
68 9.134360e-01 1.184800e-02 7.471600e-02
69 9.121000e-01 1.191200e-02 7.598800e-02
70 9.108280e-01 1.182000e-02 7.735200e-02
71 9.095840e-01 1.189200e-02 7.852400e-02
72 9.081840e-01 1.216800e-02 7.964800e-02
73 9.069320e-01 1.232400e-02 8.074400e-02
74 9.057040e-01 1.231600e-02 8.198000e-02
75 9.045720e-01 1.231600e-02 8.311200e-02
76 9.031760e-01 1.236800e-02 8.445600e-02
77 9.019360e-01 1.227200e-02 8.579200e-02
78 9.007680e-01 1.230400e-02 8.692800e-02
79 8.997280e-01 1.212000e-02 8.815200e-02
80 8.987200e-01 1.219200e-02 8.908800e-02
81 8.975520e-01 1.221200e-02 9.023600e-02
82 8.963920e-01 1.225200e-02 9.135600e-02
83 8.952520e-01 1.234800e-02 9.240000e-02
84 8.940040e-01 1.244800e-02 9.354800e-02
85 8.930240e-01 1.228000e-02 9.469600e-02
86 8.918480e-01 1.229600e-02 9.585600e-02
87 8.906440e-01 1.234000e-02 9.701600e-02
88 8.896840e-01 1.214400e-02 9.817200e-02
89 8.888440e-01 1.212400e-02 9.903200e-02
90 8.877760e-01 1.222400e-02 1.000000e-01
91 8.868080e-01 1.214400e-02 1.010480e-01
92 8.858920e-01 1.212000e-02 1.019880e-01
93 8.850360e-01 1.190400e-02 1.030600e-01
94 8.840360e-01 1.184000e-02 1.041240e-01
95 8.830640e-01 1.197600e-02 1.049600e-01
96 8.823040e-01 1.198000e-02 1.057160e-01
97 8.815000e-01 1.196800e-02 1.065320e-01
98 8.806320e-01 1.186000e-02 1.075080e-01
99 8.799280e-01 1.171200e-02 1.083600e-01
100 8.789080e-01 1.176800e-02 1.093240e-01
101 8.782040e-01 1.166800e-02 1.101280e-01
102 8.774000e-01 1.169600e-02 1.109040e-01
103 8.766680e-01 1.153600e-02 1.117960e-01
104 8.759600e-01 1.147600e-02 1.125640e-01
105 8.754720e-01 1.113200e-02 1.133960e-01
106 8.746080e-01 1.137600e-02 1.140160e-01
107 8.739040e-01 1.138000e-02 1.147160e-01
108 8.731840e-01 1.124000e-02 1.155760e-01
109 8.724080e-01 1.154400e-02 1.160480e-01
110 8.718640e-01 1.144400e-02 1.166920e-01
111 8.709080e-01 1.152000e-02 1.175720e-01
112 8.701280e-01 1.154800e-02 1.183240e-01
113 8.694160e-01 1.153200e-02 1.190520e-01
114 8.685080e-01 1.171600e-02 1.197760e-01
115 8.675040e-01 1.196400e-02 1.205320e-01
116 8.664960e-01 1.206400e-02 1.214400e-01
117 8.654320e-01 1.228400e-02 1.222840e-01
118 8.645200e-01 1.240400e-02 1.230760e-01
119 8.637960e-01 1.243200e-02 1.237720e-01
120 8.628440e-01 1.264800e-02 1.245080e-01
121 8.618960e-01 1.281200e-02 1.252920e-01
122 8.610440e-01 1.263600e-02 1.263200e-01
123 8.602760e-01 1.258800e-02 1.271360e-01
124 8.595280e-01 1.256000e-02 1.279120e-01
125 8.590000e-01 1.236400e-02 1.286360e-01
126 8.583120e-01 1.215600e-02 1.295320e-01
127 8.576720e-01 1.222800e-02 1.301000e-01
128 8.571400e-01 1.206000e-02 1.308000e-01
129 8.566000e-01 1.208000e-02 1.313200e-01
130 8.559600e-01 1.206400e-02 1.319760e-01
131 8.554320e-01 1.199600e-02 1.325720e-01
132 8.547760e-01 1.209200e-02 1.331320e-01
133 8.541440e-01 1.192000e-02 1.339360e-01
134 8.535160e-01 1.186000e-02 1.346240e-01
135 8.529840e-01 1.199600e-02 1.350200e-01
136 8.522400e-01 1.196800e-02 1.357920e-01
137 8.516280e-01 1.199600e-02 1.363760e-01
138 8.511800e-01 1.192400e-02 1.368960e-01
139 8.506000e-01 1.185600e-02 1.375440e-01
140 8.499440e-01 1.171600e-02 1.383400e-01
141 8.494240e-01 1.171200e-02 1.388640e-01
142 8.487960e-01 1.177200e-02 1.394320e-01
143 8.483280e-01 1.178800e-02 1.398840e-01
144 8.477680e-01 1.175200e-02 1.404800e-01
145 8.471160e-01 1.182800e-02 1.410560e-01
146 8.465200e-01 1.173200e-02 1.417480e-01
147 8.458000e-01 1.172000e-02 1.424800e-01
148 8.452440e-01 1.163600e-02 1.431200e-01
149 8.447000e-01 1.158000e-02 1.437200e-01
150 8.443440e-01 1.145200e-02 1.442040e-01
151 8.437800e-01 1.149600e-02 1.447240e-01
152 8.432480e-01 1.145600e-02 1.452960e-01
153 8.426680e-01 1.150000e-02 1.458320e-01
154 8.421920e-01 1.158400e-02 1.462240e-01
155 8.417560e-01 1.150000e-02 1.467440e-01
156 8.411160e-01 1.164000e-02 1.472440e-01
157 8.406560e-01 1.196400e-02 1.473800e-01
158 8.402520e-01 1.190800e-02 1.478400e-01
159 8.397280e-01 1.184000e-02 1.484320e-01
160 8.393400e-01 1.184400e-02 1.488160e-01
161 8.388400e-01 1.184400e-02 1.493160e-01
162 8.383280e-01 1.179200e-02 1.498800e-01
163 8.380640e-01 1.163200e-02 1.503040e-01
164 8.372640e-01 1.186400e-02 1.508720e-01
165 8.367640e-01 1.210400e-02 1.511320e-01
166 8.363360e-01 1.200000e-02 1.516640e-01
167 8.356320e-01 1.200000e-02 1.523680e-01
168 8.351200e-01 1.204800e-02 1.528320e-01
169 8.345000e-01 1.198400e-02 1.535160e-01
170 8.340000e-01 1.197600e-02 1.540240e-01
171 8.335600e-01 1.191600e-02 1.545240e-01
172 8.333200e-01 1.192800e-02 1.547520e-01
173 8.327960e-01 1.198400e-02 1.552200e-01
174 8.324440e-01 1.202000e-02 1.555360e-01
175 8.321960e-01 1.186800e-02 1.559360e-01
176 8.317360e-01 1.191200e-02 1.563520e-01
177 8.313120e-01 1.185200e-02 1.568360e-01
178 8.311800e-01 1.174000e-02 1.570800e-01
179 8.307040e-01 1.174000e-02 1.575560e-01
180 8.303480e-01 1.171200e-02 1.579400e-01
181 8.297160e-01 1.177600e-02 1.585080e-01
182 8.293320e-01 1.174400e-02 1.589240e-01
183 8.287600e-01 1.189600e-02 1.593440e-01
184 8.283920e-01 1.172400e-02 1.598840e-01
185 8.280200e-01 1.172400e-02 1.602560e-01
186 8.277360e-01 1.134800e-02 1.609160e-01
187 8.274720e-01 1.122800e-02 1.613000e-01
188 8.271720e-01 1.123600e-02 1.615920e-01
189 8.268240e-01 1.134800e-02 1.618280e-01
190 8.264920e-01 1.150800e-02 1.620000e-01
191 8.261760e-01 1.142400e-02 1.624000e-01
192 8.257960e-01 1.146400e-02 1.627400e-01
193 8.253920e-01 1.152000e-02 1.630880e-01
194 8.249120e-01 1.173600e-02 1.633520e-01
195 8.245760e-01 1.167600e-02 1.637480e-01
196 8.243120e-01 1.173200e-02 1.639560e-01
197 8.241160e-01 1.176400e-02 1.641200e-01
198 8.237280e-01 1.182000e-02 1.644520e-01
199 8.234600e-01 1.180000e-02 1.647400e-01
200 8.231000e-01 1.164000e-02 1.652600e-01
201 8.228400e-01 1.153200e-02 1.656280e-01
202 8.226160e-01 1.151600e-02 1.658680e-01
203 8.221680e-01 1.176400e-02 1.660680e-01
204 8.219880e-01 1.162400e-02 1.663880e-01
205 8.216800e-01 1.159200e-02 1.667280e-01
206 8.214280e-01 1.175600e-02 1.668160e-01
207 8.213760e-01 1.144400e-02 1.671800e-01
208 8.210600e-01 1.154000e-02 1.674000e-01
209 8.210400e-01 1.127200e-02 1.676880e-01
210 8.209080e-01 1.134000e-02 1.677520e-01
211 8.206000e-01 1.136000e-02 1.680400e-01
212 8.204360e-01 1.129200e-02 1.682720e-01
213 8.203880e-01 1.112800e-02 1.684840e-01
214 8.203000e-01 1.109600e-02 1.686040e-01
215 8.202960e-01 1.088000e-02 1.688240e-01
216 8.203920e-01 1.068000e-02 1.689280e-01
217 8.202760e-01 1.046400e-02 1.692600e-01
218 8.202160e-01 1.036400e-02 1.694200e-01
219 8.202160e-01 1.036000e-02 1.694240e-01
220 8.202800e-01 1.021200e-02 1.695080e-01
221 8.201280e-01 1.021600e-02 1.696560e-01
222 8.200480e-01 1.017600e-02 1.697760e-01
223 8.200840e-01 9.964000e-03 1.699520e-01
224 8.202000e-01 9.768000e-03 1.700320e-01
225 8.202320e-01 9.712000e-03 1.700560e-01
226 8.202760e-01 9.640000e-03 1.700840e-01
227 8.202200e-01 9.632000e-03 1.701480e-01
228 8.204040e-01 9.572000e-03 1.700240e-01
229 8.203640e-01 9.552000e-03 1.700840e-01
230 8.204080e-01 9.500000e-03 1.700920e-01
231 8.203240e-01 9.660000e-03 1.700160e-01
232 8.202440e-01 9.724000e-03 1.700320e-01
233 8.203120e-01 9.604000e-03 1.700840e-01
234 8.203080e-01 9.452000e-03 1.702400e-01
235 8.204040e-01 9.324000e-03 1.702720e-01
236 8.205360e-01 9.248000e-03 1.702160e-01
237 8.206000e-01 9.092000e-03 1.703080e-01
238 8.208720e-01 9.032000e-03 1.700960e-01
239 8.210200e-01 9.000000e-03 1.699800e-01
240 8.212880e-01 9.000000e-03 1.697120e-01
241 8.213680e-01 9.016000e-03 1.696160e-01
242 8.217040e-01 8.880000e-03 1.694160e-01
243 8.218400e-01 9.008000e-03 1.691520e-01
244 8.219480e-01 9.044000e-03 1.690080e-01
245 8.221720e-01 9.068000e-03 1.687600e-01
246 8.222600e-01 9.256000e-03 1.684840e-01
247 8.223520e-01 9.416000e-03 1.682320e-01
248 8.224080e-01 9.476000e-03 1.681160e-01
249 8.223520e-01 9.492000e-03 1.681560e-01
250 8.223560e-01 9.568000e-03 1.680760e-01
251 8.227680e-01 9.324000e-03 1.679080e-01
252 8.228160e-01 9.328000e-03 1.678560e-01
253 8.230160e-01 9.156000e-03 1.678280e-01
254 8.233360e-01 8.912000e-03 1.677520e-01
255 8.234160e-01 8.860000e-03 1.677240e-01
256 8.238080e-01 8.696000e-03 1.674960e-01
257 8.240840e-01 8.480000e-03 1.674360e-01
258 8.242880e-01 8.432000e-03 1.672800e-01
259 8.245200e-01 8.256000e-03 1.672240e-01
260 8.246760e-01 8.380000e-03 1.669440e-01
261 8.246640e-01 8.484000e-03 1.668520e-01
262 8.246960e-01 8.512000e-03 1.667920e-01
263 8.247720e-01 8.596000e-03 1.666320e-01
264 8.246440e-01 8.740000e-03 1.666160e-01
265 8.250120e-01 8.728000e-03 1.662600e-01
266 8.251480e-01 8.732000e-03 1.661200e-01
267 8.251360e-01 8.892000e-03 1.659720e-01
268 8.253480e-01 8.916000e-03 1.657360e-01
269 8.254640e-01 8.944000e-03 1.655920e-01
270 8.256200e-01 8.856000e-03 1.655240e-01
271 8.256320e-01 8.876000e-03 1.654920e-01
272 8.258240e-01 8.992000e-03 1.651840e-01
273 8.259080e-01 9.004000e-03 1.650880e-01
274 8.261200e-01 9.032000e-03 1.648480e-01
275 8.260920e-01 9.088000e-03 1.648200e-01
276 8.262040e-01 9.124000e-03 1.646720e-01
277 8.261680e-01 9.272000e-03 1.645600e-01
278 8.261280e-01 9.448000e-03 1.644240e-01
279 8.261760e-01 9.388000e-03 1.644360e-01
280 8.261560e-01 9.304000e-03 1.645400e-01
281 8.262400e-01 9.260000e-03 1.645000e-01
282 8.263440e-01 9.192000e-03 1.644640e-01
283 8.263880e-01 9.152000e-03 1.644600e-01
284 8.264640e-01 8.936000e-03 1.646000e-01
285 8.266520e-01 8.872000e-03 1.644760e-01
286 8.266320e-01 8.888000e-03 1.644800e-01
287 8.265480e-01 8.952000e-03 1.645000e-01
288 8.264680e-01 9.148000e-03 1.643840e-01
289 8.265400e-01 9.024000e-03 1.644360e-01
290 8.266200e-01 9.068000e-03 1.643120e-01
291 8.267200e-01 9.104000e-03 1.641760e-01
292 8.266320e-01 9.328000e-03 1.640400e-01
293 8.264720e-01 9.376000e-03 1.641520e-01
294 8.264640e-01 9.536000e-03 1.640000e-01
295 8.264640e-01 9.644000e-03 1.638920e-01
296 8.262760e-01 9.804000e-03 1.639200e-01
297 8.262040e-01 9.744000e-03 1.640520e-01
298 8.260840e-01 9.760000e-03 1.641560e-01
299 8.260880e-01 9.836000e-03 1.640760e-01
300 8.259800e-01 9.752000e-03 1.642680e-01
301 8.259120e-01 9.620000e-03 1.644680e-01
302 8.259000e-01 9.584000e-03 1.645160e-01
303 8.259040e-01 9.420000e-03 1.646760e-01
304 8.258200e-01 9.516000e-03 1.646640e-01
305 8.257960e-01 9.464000e-03 1.647400e-01
306 8.257640e-01 9.540000e-03 1.646960e-01
307 8.259320e-01 9.420000e-03 1.646480e-01
308 8.258800e-01 9.416000e-03 1.647040e-01
309 8.258000e-01 9.408000e-03 1.647920e-01
310 8.258840e-01 9.460000e-03 1.646560e-01
311 8.260080e-01 9.292000e-03 1.647000e-01
312 8.261520e-01 9.304000e-03 1.645440e-01
313 8.263080e-01 9.136000e-03 1.645560e-01
314 8.263440e-01 9.044000e-03 1.646120e-01
315 8.264960e-01 9.016000e-03 1.644880e-01
316 8.264840e-01 9.112000e-03 1.644040e-01
317 8.264560e-01 9.212000e-03 1.643320e-01
318 8.264640e-01 9.132000e-03 1.644040e-01
319 8.264680e-01 9.184000e-03 1.643480e-01
320 8.265960e-01 9.032000e-03 1.643720e-01
321 8.266360e-01 8.872000e-03 1.644920e-01
322 8.267160e-01 8.728000e-03 1.645560e-01
323 8.269760e-01 8.708000e-03 1.643160e-01
324 8.272880e-01 8.652000e-03 1.640600e-01
325 8.275160e-01 8.492000e-03 1.639920e-01
326 8.278720e-01 8.380000e-03 1.637480e-01
327 8.278800e-01 8.448000e-03 1.636720e-01
328 8.279960e-01 8.372000e-03 1.636320e-01
329 8.280600e-01 8.532000e-03 1.634080e-01
330 8.283160e-01 8.372000e-03 1.633120e-01
331 8.285120e-01 8.376000e-03 1.631120e-01
332 8.285680e-01 8.404000e-03 1.630280e-01
333 8.289160e-01 8.372000e-03 1.627120e-01
334 8.293040e-01 8.336000e-03 1.623600e-01
335 8.294320e-01 8.228000e-03 1.623400e-01
336 8.297200e-01 8.076000e-03 1.622040e-01
337 8.300880e-01 7.936000e-03 1.619760e-01
338 8.303280e-01 7.996000e-03 1.616760e-01
339 8.306840e-01 7.908000e-03 1.614080e-01
340 8.310720e-01 7.896000e-03 1.610320e-01
341 8.315280e-01 7.628000e-03 1.608440e-01
342 8.318200e-01 7.512000e-03 1.606680e-01
343 8.321920e-01 7.336000e-03 1.604720e-01
344 8.325680e-01 7.240000e-03 1.601920e-01
345 8.327640e-01 7.284000e-03 1.599520e-01
346 8.331840e-01 7.196000e-03 1.596200e-01
347 8.335800e-01 7.112000e-03 1.593080e-01
348 8.341400e-01 6.840000e-03 1.590200e-01
349 8.346200e-01 6.796000e-03 1.585840e-01
350 8.351280e-01 6.560000e-03 1.583120e-01
351 8.356400e-01 6.456000e-03 1.579040e-01
352 8.360680e-01 6.556000e-03 1.573760e-01
353 8.365120e-01 6.496000e-03 1.569920e-01
354 8.368720e-01 6.520000e-03 1.566080e-01
355 8.371280e-01 6.512000e-03 1.563600e-01
356 8.376720e-01 6.328000e-03 1.560000e-01
357 8.382120e-01 6.312000e-03 1.554760e-01
358 8.387160e-01 6.248000e-03 1.550360e-01
359 8.391440e-01 6.072000e-03 1.547840e-01
360 8.395880e-01 5.976000e-03 1.544360e-01
361 8.399640e-01 5.952000e-03 1.540840e-01
362 8.405440e-01 5.912000e-03 1.535440e-01
363 8.411360e-01 5.848000e-03 1.530160e-01
364 8.416880e-01 5.820000e-03 1.524920e-01
365 8.422240e-01 5.812000e-03 1.519640e-01
366 8.428240e-01 5.780000e-03 1.513960e-01
367 8.433240e-01 5.588000e-03 1.510880e-01
368 8.438960e-01 5.528000e-03 1.505760e-01
369 8.442800e-01 5.612000e-03 1.501080e-01
370 8.447920e-01 5.700000e-03 1.495080e-01
371 8.454160e-01 5.484000e-03 1.491000e-01
372 8.459560e-01 5.596000e-03 1.484480e-01
373 8.464240e-01 5.420000e-03 1.481560e-01
374 8.470160e-01 5.424000e-03 1.475600e-01
375 8.474680e-01 5.392000e-03 1.471400e-01
376 8.479960e-01 5.228000e-03 1.467760e-01
377 8.485120e-01 5.332000e-03 1.461560e-01
378 8.488960e-01 5.480000e-03 1.456240e-01
379 8.492640e-01 5.420000e-03 1.453160e-01
380 8.496880e-01 5.284000e-03 1.450280e-01
381 8.503240e-01 5.152000e-03 1.445240e-01
382 8.509160e-01 5.092000e-03 1.439920e-01
383 8.513520e-01 5.016000e-03 1.436320e-01
384 8.519240e-01 4.920000e-03 1.431560e-01
385 8.523440e-01 4.860000e-03 1.427960e-01
386 8.529080e-01 4.832000e-03 1.422600e-01
387 8.533240e-01 4.704000e-03 1.419720e-01
388 8.538920e-01 4.720000e-03 1.413880e-01
389 8.544920e-01 4.768000e-03 1.407400e-01
390 8.551640e-01 4.776000e-03 1.400600e-01
391 8.556800e-01 4.780000e-03 1.395400e-01
392 8.561600e-01 4.932000e-03 1.389080e-01
393 8.565880e-01 4.852000e-03 1.385600e-01
394 8.569800e-01 4.812000e-03 1.382080e-01
395 8.575280e-01 4.856000e-03 1.376160e-01
396 8.580720e-01 4.784000e-03 1.371440e-01
397 8.586560e-01 4.884000e-03 1.364600e-01
398 8.590640e-01 4.948000e-03 1.359880e-01
399 8.596320e-01 4.892000e-03 1.354760e-01
400 8.600120e-01 4.968000e-03 1.350200e-01
401 8.604440e-01 4.916000e-03 1.346400e-01
402 8.608560e-01 4.892000e-03 1.342520e-01
403 8.613320e-01 4.920000e-03 1.337480e-01
404 8.618080e-01 4.860000e-03 1.333320e-01
405 8.622760e-01 4.840000e-03 1.328840e-01
406 8.627480e-01 4.828000e-03 1.324240e-01
407 8.631520e-01 4.948000e-03 1.319000e-01
408 8.633960e-01 5.080000e-03 1.315240e-01
409 8.637560e-01 5.036000e-03 1.312080e-01
410 8.642320e-01 5.092000e-03 1.306760e-01
411 8.645520e-01 5.136000e-03 1.303120e-01
412 8.649120e-01 5.136000e-03 1.299520e-01
413 8.652360e-01 5.152000e-03 1.296120e-01
414 8.658080e-01 5.072000e-03 1.291200e-01
415 8.661320e-01 5.068000e-03 1.288000e-01
416 8.665160e-01 5.064000e-03 1.284200e-01
417 8.668160e-01 5.148000e-03 1.280360e-01
418 8.671000e-01 5.096000e-03 1.278040e-01
419 8.674920e-01 5.044000e-03 1.274640e-01
420 8.679440e-01 5.092000e-03 1.269640e-01
421 8.681880e-01 5.172000e-03 1.266400e-01
422 8.685240e-01 5.156000e-03 1.263200e-01
423 8.689720e-01 5.072000e-03 1.259560e-01
424 8.692040e-01 5.104000e-03 1.256920e-01
425 8.696520e-01 5.104000e-03 1.252440e-01
426 8.698720e-01 5.152000e-03 1.249760e-01
427 8.699520e-01 5.440000e-03 1.246080e-01
428 8.702920e-01 5.404000e-03 1.243040e-01
429 8.705480e-01 5.320000e-03 1.241320e-01
430 8.708600e-01 5.320000e-03 1.238200e-01
431 8.711320e-01 5.288000e-03 1.235800e-01
432 8.714520e-01 5.240000e-03 1.233080e-01
433 8.717800e-01 5.184000e-03 1.230360e-01
434 8.721240e-01 5.024000e-03 1.228520e-01
435 8.724480e-01 5.020000e-03 1.225320e-01
436 8.727240e-01 5.020000e-03 1.222560e-01
437 8.731560e-01 5.064000e-03 1.217800e-01
438 8.734360e-01 4.908000e-03 1.216560e-01
439 8.738360e-01 4.812000e-03 1.213520e-01
440 8.742720e-01 4.624000e-03 1.211040e-01
441 8.746880e-01 4.556000e-03 1.207560e-01
442 8.750560e-01 4.648000e-03 1.202960e-01
443 8.754760e-01 4.644000e-03 1.198800e-01
444 8.758680e-01 4.508000e-03 1.196240e-01
445 8.763760e-01 4.500000e-03 1.191240e-01
446 8.768600e-01 4.468000e-03 1.186720e-01
447 8.771600e-01 4.560000e-03 1.182800e-01
448 8.774360e-01 4.540000e-03 1.180240e-01
449 8.777360e-01 4.540000e-03 1.177240e-01
450 8.779640e-01 4.508000e-03 1.175280e-01
451 8.784320e-01 4.432000e-03 1.171360e-01
452 8.788080e-01 4.524000e-03 1.166680e-01
453 8.790840e-01 4.564000e-03 1.163520e-01
454 8.794520e-01 4.524000e-03 1.160240e-01
455 8.797920e-01 4.564000e-03 1.156440e-01
456 8.802440e-01 4.536000e-03 1.152200e-01
457 8.806600e-01 4.552000e-03 1.147880e-01
458 8.809800e-01 4.432000e-03 1.145880e-01
459 8.812120e-01 4.400000e-03 1.143880e-01
460 8.814840e-01 4.428000e-03 1.140880e-01
461 8.819120e-01 4.376000e-03 1.137120e-01
462 8.821400e-01 4.444000e-03 1.134160e-01
463 8.824600e-01 4.460000e-03 1.130800e-01
464 8.827240e-01 4.476000e-03 1.128000e-01
465 8.830840e-01 4.524000e-03 1.123920e-01
466 8.834680e-01 4.368000e-03 1.121640e-01
467 8.837440e-01 4.380000e-03 1.118760e-01
468 8.841040e-01 4.392000e-03 1.115040e-01
469 8.844800e-01 4.256000e-03 1.112640e-01
470 8.846640e-01 4.252000e-03 1.110840e-01
471 8.850120e-01 4.300000e-03 1.106880e-01
472 8.852680e-01 4.264000e-03 1.104680e-01
473 8.856960e-01 4.224000e-03 1.100800e-01
474 8.860600e-01 4.220000e-03 1.097200e-01
475 8.864120e-01 4.216000e-03 1.093720e-01
476 8.865920e-01 4.220000e-03 1.091880e-01
477 8.869360e-01 4.192000e-03 1.088720e-01
478 8.874400e-01 4.148000e-03 1.084120e-01
479 8.878480e-01 4.124000e-03 1.080280e-01
480 8.882520e-01 4.040000e-03 1.077080e-01
481 8.886560e-01 3.896000e-03 1.074480e-01
482 8.890480e-01 3.796000e-03 1.071560e-01
483 8.893120e-01 3.968000e-03 1.067200e-01
484 8.896920e-01 3.912000e-03 1.063960e-01
485 8.901200e-01 3.992000e-03 1.058880e-01
486 8.902760e-01 4.028000e-03 1.056960e-01
487 8.905440e-01 4.044000e-03 1.054120e-01
488 8.908120e-01 4.136000e-03 1.050520e-01
489 8.911680e-01 4.096000e-03 1.047360e-01
490 8.915920e-01 4.164000e-03 1.042440e-01
491 8.918240e-01 4.192000e-03 1.039840e-01
492 8.919800e-01 4.184000e-03 1.038360e-01
493 8.923920e-01 4.188000e-03 1.034200e-01
494 8.926080e-01 4.288000e-03 1.031040e-01
495 8.929680e-01 4.184000e-03 1.028480e-01
496 8.932240e-01 4.264000e-03 1.025120e-01
497 8.935680e-01 4.244000e-03 1.021880e-01
498 8.939160e-01 4.224000e-03 1.018600e-01
499 8.941720e-01 4.184000e-03 1.016440e-01
500 8.943600e-01 4.156000e-03 1.014840e-01
501 8.947520e-01 4.048000e-03 1.012000e-01
502 8.950000e-01 4.052000e-03 1.009480e-01
503 8.953600e-01 3.988000e-03 1.006520e-01
504 8.957120e-01 3.936000e-03 1.003520e-01
505 8.961400e-01 3.708000e-03 1.001520e-01
506 8.966200e-01 3.588000e-03 9.979200e-02
507 8.970440e-01 3.552000e-03 9.940400e-02
508 8.973640e-01 3.624000e-03 9.901200e-02
509 8.975480e-01 3.680000e-03 9.877200e-02
510 8.979200e-01 3.740000e-03 9.834000e-02
511 8.982640e-01 3.680000e-03 9.805600e-02
512 8.986480e-01 3.536000e-03 9.781600e-02
513 8.989600e-01 3.504000e-03 9.753600e-02
514 8.992920e-01 3.496000e-03 9.721200e-02
515 8.997120e-01 3.488000e-03 9.680000e-02
516 9.000440e-01 3.468000e-03 9.648800e-02
517 9.005720e-01 3.368000e-03 9.606000e-02
518 9.010280e-01 3.332000e-03 9.564000e-02
519 9.013560e-01 3.436000e-03 9.520800e-02
520 9.017760e-01 3.400000e-03 9.482400e-02
521 9.022000e-01 3.396000e-03 9.440400e-02
522 9.023840e-01 3.380000e-03 9.423600e-02
523 9.027400e-01 3.416000e-03 9.384400e-02
524 9.031160e-01 3.324000e-03 9.356000e-02
525 9.036520e-01 3.184000e-03 9.316400e-02
526 9.039520e-01 3.068000e-03 9.298000e-02
527 9.042640e-01 3.096000e-03 9.264000e-02
528 9.046000e-01 3.124000e-03 9.227600e-02
529 9.047600e-01 3.164000e-03 9.207600e-02
530 9.050080e-01 3.336000e-03 9.165600e-02
531 9.053440e-01 3.404000e-03 9.125200e-02
532 9.056040e-01 3.392000e-03 9.100400e-02
533 9.059040e-01 3.424000e-03 9.067200e-02
534 9.062520e-01 3.296000e-03 9.045200e-02
535 9.066240e-01 3.364000e-03 9.001200e-02
536 9.069160e-01 3.360000e-03 8.972400e-02
537 9.071000e-01 3.504000e-03 8.939600e-02
538 9.072800e-01 3.520000e-03 8.920000e-02
539 9.075840e-01 3.448000e-03 8.896800e-02
540 9.078400e-01 3.468000e-03 8.869200e-02
541 9.081200e-01 3.408000e-03 8.847200e-02
542 9.083440e-01 3.380000e-03 8.827600e-02
543 9.088000e-01 3.200000e-03 8.800000e-02
544 9.091840e-01 3.240000e-03 8.757600e-02
545 9.095680e-01 3.212000e-03 8.722000e-02
546 9.098840e-01 3.256000e-03 8.686000e-02
547 9.100920e-01 3.300000e-03 8.660800e-02
548 9.104240e-01 3.232000e-03 8.634400e-02
549 9.107360e-01 3.232000e-03 8.603200e-02
550 9.110760e-01 3.208000e-03 8.571600e-02
551 9.114400e-01 3.140000e-03 8.542000e-02
552 9.116800e-01 3.148000e-03 8.517200e-02
553 9.119480e-01 3.120000e-03 8.493200e-02
554 9.121680e-01 3.208000e-03 8.462400e-02
555 9.124440e-01 3.312000e-03 8.424400e-02
556 9.126800e-01 3.336000e-03 8.398400e-02
557 9.128400e-01 3.396000e-03 8.376400e-02
558 9.129920e-01 3.444000e-03 8.356400e-02
559 9.132800e-01 3.464000e-03 8.325600e-02
560 9.132480e-01 3.688000e-03 8.306400e-02
561 9.134360e-01 3.676000e-03 8.288800e-02
562 9.136960e-01 3.756000e-03 8.254800e-02
563 9.139000e-01 3.672000e-03 8.242800e-02
564 9.139920e-01 3.716000e-03 8.229200e-02
565 9.141040e-01 3.808000e-03 8.208800e-02
566 9.142880e-01 3.796000e-03 8.191600e-02
567 9.142040e-01 3.864000e-03 8.193200e-02
568 9.144320e-01 3.808000e-03 8.176000e-02
569 9.146280e-01 3.792000e-03 8.158000e-02
570 9.146880e-01 3.816000e-03 8.149600e-02
571 9.147600e-01 3.916000e-03 8.132400e-02
572 9.149080e-01 3.896000e-03 8.119600e-02
573 9.151320e-01 3.916000e-03 8.095200e-02
574 9.152680e-01 3.788000e-03 8.094400e-02
575 9.152960e-01 3.800000e-03 8.090400e-02
576 9.155040e-01 3.740000e-03 8.075600e-02
577 9.156880e-01 3.656000e-03 8.065600e-02
578 9.160400e-01 3.568000e-03 8.039200e-02
579 9.162160e-01 3.520000e-03 8.026400e-02
580 9.164880e-01 3.376000e-03 8.013600e-02
581 9.167720e-01 3.432000e-03 7.979600e-02
582 9.169480e-01 3.324000e-03 7.972800e-02
583 9.170480e-01 3.364000e-03 7.958800e-02
584 9.173680e-01 3.176000e-03 7.945600e-02
585 9.176440e-01 3.112000e-03 7.924400e-02
586 9.179400e-01 3.068000e-03 7.899200e-02
587 9.181960e-01 3.100000e-03 7.870400e-02
588 9.184120e-01 3.144000e-03 7.844400e-02
589 9.187120e-01 3.204000e-03 7.808400e-02
590 9.189440e-01 3.168000e-03 7.788800e-02
591 9.191840e-01 3.192000e-03 7.762400e-02
592 9.193160e-01 3.272000e-03 7.741200e-02
593 9.196160e-01 3.248000e-03 7.713600e-02
594 9.198600e-01 3.140000e-03 7.700000e-02
595 9.201880e-01 3.048000e-03 7.676400e-02
596 9.204840e-01 3.036000e-03 7.648000e-02
597 9.206400e-01 3.020000e-03 7.634000e-02
598 9.210000e-01 2.900000e-03 7.610000e-02
599 9.212800e-01 2.808000e-03 7.591200e-02
600 9.213960e-01 2.852000e-03 7.575200e-02
601 9.216000e-01 2.940000e-03 7.546000e-02
602 9.217800e-01 2.936000e-03 7.528400e-02
603 9.218840e-01 3.048000e-03 7.506800e-02
604 9.220480e-01 2.992000e-03 7.496000e-02
605 9.221240e-01 2.988000e-03 7.488800e-02
606 9.223400e-01 2.896000e-03 7.476400e-02
607 9.225760e-01 2.852000e-03 7.457200e-02
608 9.228760e-01 2.832000e-03 7.429200e-02
609 9.230680e-01 2.848000e-03 7.408400e-02
610 9.234000e-01 2.764000e-03 7.383600e-02
611 9.236520e-01 2.728000e-03 7.362000e-02
612 9.239200e-01 2.628000e-03 7.345200e-02
613 9.241880e-01 2.660000e-03 7.315200e-02
614 9.243760e-01 2.640000e-03 7.298400e-02
615 9.245280e-01 2.648000e-03 7.282400e-02
616 9.246760e-01 2.704000e-03 7.262000e-02
617 9.250040e-01 2.724000e-03 7.227200e-02
618 9.251440e-01 2.800000e-03 7.205600e-02
619 9.254840e-01 2.744000e-03 7.177200e-02
620 9.256200e-01 2.768000e-03 7.161200e-02
621 9.259040e-01 2.820000e-03 7.127600e-02
622 9.260520e-01 2.988000e-03 7.096000e-02
623 9.261760e-01 2.932000e-03 7.089200e-02
624 9.264360e-01 2.924000e-03 7.064000e-02
625 9.267080e-01 2.872000e-03 7.042000e-02
626 9.269760e-01 2.928000e-03 7.009600e-02
627 9.272320e-01 2.868000e-03 6.990000e-02
628 9.273840e-01 2.916000e-03 6.970000e-02
629 9.276320e-01 2.900000e-03 6.946800e-02
630 9.278480e-01 3.008000e-03 6.914400e-02
631 9.281440e-01 2.896000e-03 6.896000e-02
632 9.283800e-01 2.764000e-03 6.885600e-02
633 9.286560e-01 2.688000e-03 6.865600e-02
634 9.289840e-01 2.632000e-03 6.838400e-02
635 9.292760e-01 2.568000e-03 6.815600e-02
636 9.295160e-01 2.576000e-03 6.790800e-02
637 9.298000e-01 2.544000e-03 6.765600e-02
638 9.299400e-01 2.600000e-03 6.746000e-02
639 9.301680e-01 2.568000e-03 6.726400e-02
640 9.303480e-01 2.512000e-03 6.714000e-02
641 9.306280e-01 2.412000e-03 6.696000e-02
642 9.308960e-01 2.452000e-03 6.665200e-02
643 9.311920e-01 2.388000e-03 6.642000e-02
644 9.314520e-01 2.436000e-03 6.611200e-02
645 9.317000e-01 2.492000e-03 6.580800e-02
646 9.319120e-01 2.520000e-03 6.556800e-02
647 9.319280e-01 2.632000e-03 6.544000e-02
648 9.320840e-01 2.640000e-03 6.527600e-02
649 9.322240e-01 2.688000e-03 6.508800e-02
650 9.325360e-01 2.660000e-03 6.480400e-02
651 9.327040e-01 2.640000e-03 6.465600e-02
652 9.329400e-01 2.624000e-03 6.443600e-02
653 9.332640e-01 2.580000e-03 6.415600e-02
654 9.334680e-01 2.624000e-03 6.390800e-02
655 9.336600e-01 2.528000e-03 6.381200e-02
656 9.338120e-01 2.452000e-03 6.373600e-02
657 9.340040e-01 2.404000e-03 6.359200e-02
658 9.341600e-01 2.472000e-03 6.336800e-02
659 9.343640e-01 2.456000e-03 6.318000e-02
660 9.345920e-01 2.428000e-03 6.298000e-02
661 9.348800e-01 2.444000e-03 6.267600e-02
662 9.348880e-01 2.492000e-03 6.262000e-02
663 9.351840e-01 2.424000e-03 6.239200e-02
664 9.353000e-01 2.464000e-03 6.223600e-02
665 9.354880e-01 2.476000e-03 6.203600e-02
666 9.356200e-01 2.516000e-03 6.186400e-02
667 9.358000e-01 2.532000e-03 6.166800e-02
668 9.358920e-01 2.620000e-03 6.148800e-02
669 9.360320e-01 2.580000e-03 6.138800e-02
670 9.361520e-01 2.700000e-03 6.114800e-02
671 9.362920e-01 2.728000e-03 6.098000e-02
672 9.364560e-01 2.708000e-03 6.083600e-02
673 9.364840e-01 2.804000e-03 6.071200e-02
674 9.365360e-01 2.908000e-03 6.055600e-02
675 9.367200e-01 2.872000e-03 6.040800e-02
676 9.367600e-01 2.940000e-03 6.030000e-02
677 9.368480e-01 2.952000e-03 6.020000e-02
678 9.369520e-01 2.884000e-03 6.016400e-02
679 9.370640e-01 2.872000e-03 6.006400e-02
680 9.372880e-01 2.760000e-03 5.995200e-02
681 9.373440e-01 2.756000e-03 5.990000e-02
682 9.373720e-01 2.824000e-03 5.980400e-02
683 9.374160e-01 2.812000e-03 5.977200e-02
684 9.375640e-01 2.832000e-03 5.960400e-02
685 9.376520e-01 2.856000e-03 5.949200e-02
686 9.377840e-01 2.856000e-03 5.936000e-02
687 9.379760e-01 2.808000e-03 5.921600e-02
688 9.380880e-01 2.832000e-03 5.908000e-02
689 9.382040e-01 2.824000e-03 5.897200e-02
690 9.381720e-01 2.860000e-03 5.896800e-02
691 9.384120e-01 2.740000e-03 5.884800e-02
692 9.384920e-01 2.704000e-03 5.880400e-02
693 9.386360e-01 2.672000e-03 5.869200e-02
694 9.387560e-01 2.660000e-03 5.858400e-02
695 9.388320e-01 2.712000e-03 5.845600e-02
696 9.389360e-01 2.688000e-03 5.837600e-02
697 9.391360e-01 2.632000e-03 5.823200e-02
698 9.392040e-01 2.628000e-03 5.816800e-02
699 9.393760e-01 2.596000e-03 5.802800e-02
700 9.394520e-01 2.648000e-03 5.790000e-02
701 9.394560e-01 2.716000e-03 5.782800e-02
702 9.395160e-01 2.704000e-03 5.778000e-02
703 9.396520e-01 2.632000e-03 5.771600e-02
704 9.398560e-01 2.608000e-03 5.753600e-02
705 9.400520e-01 2.628000e-03 5.732000e-02
706 9.401400e-01 2.620000e-03 5.724000e-02
707 9.401520e-01 2.772000e-03 5.707600e-02
708 9.401760e-01 2.748000e-03 5.707600e-02
709 9.402400e-01 2.728000e-03 5.703200e-02
710 9.402640e-01 2.708000e-03 5.702800e-02
711 9.404800e-01 2.624000e-03 5.689600e-02
712 9.405280e-01 2.648000e-03 5.682400e-02
713 9.406480e-01 2.648000e-03 5.670400e-02
714 9.407000e-01 2.628000e-03 5.667200e-02
715 9.408640e-01 2.512000e-03 5.662400e-02
716 9.409960e-01 2.452000e-03 5.655200e-02
717 9.411000e-01 2.456000e-03 5.644400e-02
718 9.410880e-01 2.540000e-03 5.637200e-02
719 9.411120e-01 2.616000e-03 5.627200e-02
720 9.412480e-01 2.568000e-03 5.618400e-02
721 9.413880e-01 2.544000e-03 5.606800e-02
722 9.415960e-01 2.548000e-03 5.585600e-02
723 9.417800e-01 2.488000e-03 5.573200e-02
724 9.419280e-01 2.416000e-03 5.565600e-02
725 9.420520e-01 2.376000e-03 5.557200e-02
726 9.420720e-01 2.384000e-03 5.554400e-02
727 9.421640e-01 2.504000e-03 5.533200e-02
728 9.422800e-01 2.464000e-03 5.525600e-02
729 9.423120e-01 2.488000e-03 5.520000e-02
730 9.423840e-01 2.564000e-03 5.505200e-02
731 9.423160e-01 2.708000e-03 5.497600e-02
732 9.424360e-01 2.644000e-03 5.492000e-02
733 9.424360e-01 2.776000e-03 5.478800e-02
734 9.424280e-01 2.792000e-03 5.478000e-02
735 9.424000e-01 2.892000e-03 5.470800e-02
736 9.424480e-01 2.928000e-03 5.462400e-02
737 9.424960e-01 2.964000e-03 5.454000e-02
738 9.424560e-01 3.048000e-03 5.449600e-02
739 9.424560e-01 2.964000e-03 5.458000e-02
740 9.425120e-01 2.876000e-03 5.461200e-02
741 9.426520e-01 2.812000e-03 5.453600e-02
742 9.426440e-01 2.748000e-03 5.460800e-02
743 9.427040e-01 2.740000e-03 5.455600e-02
744 9.428720e-01 2.744000e-03 5.438400e-02
745 9.429320e-01 2.768000e-03 5.430000e-02
746 9.430600e-01 2.708000e-03 5.423200e-02
747 9.431720e-01 2.716000e-03 5.411200e-02
748 9.432200e-01 2.724000e-03 5.405600e-02
749 9.433560e-01 2.648000e-03 5.399600e-02
750 9.434560e-01 2.572000e-03 5.397200e-02
751 9.435640e-01 2.396000e-03 5.404000e-02
752 9.437000e-01 2.384000e-03 5.391600e-02
753 9.438040e-01 2.304000e-03 5.389200e-02
754 9.439280e-01 2.240000e-03 5.383200e-02
755 9.440800e-01 2.152000e-03 5.376800e-02
756 9.442080e-01 2.092000e-03 5.370000e-02
757 9.443120e-01 2.124000e-03 5.356400e-02
758 9.445040e-01 2.176000e-03 5.332000e-02
759 9.446480e-01 2.168000e-03 5.318400e-02
760 9.448080e-01 2.104000e-03 5.308800e-02
761 9.449920e-01 2.120000e-03 5.288800e-02
762 9.449880e-01 2.220000e-03 5.279200e-02
763 9.449680e-01 2.264000e-03 5.276800e-02
764 9.450760e-01 2.324000e-03 5.260000e-02
765 9.452640e-01 2.288000e-03 5.244800e-02
766 9.453480e-01 2.332000e-03 5.232000e-02
767 9.454400e-01 2.372000e-03 5.218800e-02
768 9.455840e-01 2.400000e-03 5.201600e-02
769 9.456480e-01 2.436000e-03 5.191600e-02
770 9.457600e-01 2.360000e-03 5.188000e-02
771 9.458960e-01 2.300000e-03 5.180400e-02
772 9.459000e-01 2.384000e-03 5.171600e-02
773 9.460520e-01 2.312000e-03 5.163600e-02
774 9.462240e-01 2.248000e-03 5.152800e-02
775 9.463200e-01 2.276000e-03 5.140400e-02
776 9.465240e-01 2.204000e-03 5.127200e-02
777 9.464920e-01 2.276000e-03 5.123200e-02
778 9.466080e-01 2.320000e-03 5.107200e-02
779 9.466840e-01 2.352000e-03 5.096400e-02
780 9.467760e-01 2.448000e-03 5.077600e-02
781 9.468240e-01 2.492000e-03 5.068400e-02
782 9.468920e-01 2.432000e-03 5.067600e-02
783 9.468960e-01 2.480000e-03 5.062400e-02
784 9.469640e-01 2.532000e-03 5.050400e-02
785 9.471120e-01 2.472000e-03 5.041600e-02
786 9.471680e-01 2.504000e-03 5.032800e-02
787 9.471480e-01 2.520000e-03 5.033200e-02
788 9.471720e-01 2.532000e-03 5.029600e-02
789 9.471560e-01 2.608000e-03 5.023600e-02
790 9.470280e-01 2.656000e-03 5.031600e-02
791 9.471880e-01 2.576000e-03 5.023600e-02
792 9.472240e-01 2.584000e-03 5.019200e-02
793 9.472600e-01 2.616000e-03 5.012400e-02
794 9.472720e-01 2.708000e-03 5.002000e-02
795 9.473120e-01 2.680000e-03 5.000800e-02
796 9.473520e-01 2.656000e-03 4.999200e-02
797 9.475120e-01 2.580000e-03 4.990800e-02
798 9.474160e-01 2.676000e-03 4.990800e-02
799 9.474080e-01 2.688000e-03 4.990400e-02
800 9.474760e-01 2.604000e-03 4.992000e-02
801 9.475440e-01 2.572000e-03 4.988400e-02
802 9.476520e-01 2.548000e-03 4.980000e-02
803 9.477880e-01 2.528000e-03 4.968400e-02
804 9.478320e-01 2.472000e-03 4.969600e-02
805 9.479240e-01 2.436000e-03 4.964000e-02
806 9.479480e-01 2.480000e-03 4.957200e-02
807 9.479400e-01 2.472000e-03 4.958800e-02
808 9.479440e-01 2.560000e-03 4.949600e-02
809 9.480360e-01 2.436000e-03 4.952800e-02
810 9.481160e-01 2.360000e-03 4.952400e-02
811 9.481280e-01 2.396000e-03 4.947600e-02
812 9.482120e-01 2.280000e-03 4.950800e-02
813 9.483160e-01 2.268000e-03 4.941600e-02
814 9.484200e-01 2.304000e-03 4.927600e-02
815 9.484360e-01 2.336000e-03 4.922800e-02
816 9.484200e-01 2.428000e-03 4.915200e-02
817 9.485880e-01 2.324000e-03 4.908800e-02
818 9.487880e-01 2.256000e-03 4.895600e-02
819 9.489920e-01 2.236000e-03 4.877200e-02
820 9.491120e-01 2.312000e-03 4.857600e-02
821 9.492200e-01 2.376000e-03 4.840400e-02
822 9.493400e-01 2.348000e-03 4.831200e-02
823 9.494400e-01 2.280000e-03 4.828000e-02
824 9.494720e-01 2.264000e-03 4.826400e-02
825 9.495040e-01 2.324000e-03 4.817200e-02
826 9.496120e-01 2.244000e-03 4.814400e-02
827 9.496440e-01 2.260000e-03 4.809600e-02
828 9.497000e-01 2.196000e-03 4.810400e-02
829 9.498600e-01 2.144000e-03 4.799600e-02
830 9.500040e-01 2.112000e-03 4.788400e-02
831 9.501760e-01 2.036000e-03 4.778800e-02
832 9.505400e-01 1.960000e-03 4.750000e-02
833 9.507640e-01 1.924000e-03 4.731200e-02
834 9.509040e-01 1.900000e-03 4.719600e-02
835 9.509920e-01 1.908000e-03 4.710000e-02
836 9.511800e-01 1.832000e-03 4.698800e-02
837 9.514200e-01 1.732000e-03 4.684800e-02
838 9.515840e-01 1.628000e-03 4.678800e-02
839 9.517200e-01 1.704000e-03 4.657600e-02
840 9.519040e-01 1.776000e-03 4.632000e-02
841 9.519720e-01 1.912000e-03 4.611600e-02
842 9.520600e-01 1.964000e-03 4.597600e-02
843 9.522400e-01 2.040000e-03 4.572000e-02
844 9.522320e-01 2.144000e-03 4.562400e-02
845 9.522520e-01 2.172000e-03 4.557600e-02
846 9.522600e-01 2.248000e-03 4.549200e-02
847 9.523240e-01 2.256000e-03 4.542000e-02
848 9.523800e-01 2.316000e-03 4.530400e-02
849 9.524160e-01 2.292000e-03 4.529200e-02
850 9.524240e-01 2.344000e-03 4.523200e-02
851 9.524960e-01 2.376000e-03 4.512800e-02
852 9.524520e-01 2.476000e-03 4.507200e-02
853 9.524400e-01 2.520000e-03 4.504000e-02
854 9.524720e-01 2.468000e-03 4.506000e-02
855 9.524560e-01 2.508000e-03 4.503600e-02
856 9.525560e-01 2.428000e-03 4.501600e-02
857 9.525960e-01 2.368000e-03 4.503600e-02
858 9.526600e-01 2.336000e-03 4.500400e-02
859 9.527600e-01 2.288000e-03 4.495200e-02
860 9.528480e-01 2.164000e-03 4.498800e-02
861 9.527920e-01 2.276000e-03 4.493200e-02
862 9.527560e-01 2.380000e-03 4.486400e-02
863 9.527320e-01 2.500000e-03 4.476800e-02
864 9.527760e-01 2.544000e-03 4.468000e-02
865 9.527840e-01 2.552000e-03 4.466400e-02
866 9.527600e-01 2.576000e-03 4.466400e-02
867 9.527560e-01 2.484000e-03 4.476000e-02
868 9.527360e-01 2.492000e-03 4.477200e-02
869 9.526960e-01 2.592000e-03 4.471200e-02
870 9.527040e-01 2.596000e-03 4.470000e-02
871 9.526280e-01 2.656000e-03 4.471600e-02
872 9.526120e-01 2.704000e-03 4.468400e-02
873 9.526320e-01 2.660000e-03 4.470800e-02
874 9.526080e-01 2.576000e-03 4.481600e-02
875 9.526160e-01 2.512000e-03 4.487200e-02
876 9.525760e-01 2.624000e-03 4.480000e-02
877 9.525640e-01 2.612000e-03 4.482400e-02
878 9.524680e-01 2.680000e-03 4.485200e-02
879 9.524680e-01 2.640000e-03 4.489200e-02
880 9.524120e-01 2.708000e-03 4.488000e-02
881 9.523400e-01 2.784000e-03 4.487600e-02
882 9.523760e-01 2.744000e-03 4.488000e-02
883 9.523120e-01 2.716000e-03 4.497200e-02
884 9.522920e-01 2.708000e-03 4.500000e-02
885 9.521920e-01 2.816000e-03 4.499200e-02
886 9.520640e-01 2.956000e-03 4.498000e-02
887 9.519960e-01 3.032000e-03 4.497200e-02
888 9.518720e-01 3.060000e-03 4.506800e-02
889 9.516880e-01 3.148000e-03 4.516400e-02
890 9.516080e-01 3.212000e-03 4.518000e-02
891 9.515520e-01 3.148000e-03 4.530000e-02
892 9.515480e-01 3.164000e-03 4.528800e-02
893 9.514360e-01 3.192000e-03 4.537200e-02
894 9.513560e-01 3.196000e-03 4.544800e-02
895 9.512600e-01 3.304000e-03 4.543600e-02
896 9.510840e-01 3.356000e-03 4.556000e-02
897 9.508960e-01 3.384000e-03 4.572000e-02
898 9.506840e-01 3.388000e-03 4.592800e-02
899 9.506320e-01 3.384000e-03 4.598400e-02
900 9.505520e-01 3.404000e-03 4.604400e-02
901 9.504120e-01 3.456000e-03 4.613200e-02
902 9.502960e-01 3.488000e-03 4.621600e-02
903 9.502600e-01 3.444000e-03 4.629600e-02
904 9.502120e-01 3.320000e-03 4.646800e-02
905 9.501840e-01 3.396000e-03 4.642000e-02
906 9.499680e-01 3.464000e-03 4.656800e-02
907 9.498200e-01 3.536000e-03 4.664400e-02
908 9.496200e-01 3.580000e-03 4.680000e-02
909 9.494800e-01 3.656000e-03 4.686400e-02
910 9.494080e-01 3.588000e-03 4.700400e-02
911 9.493120e-01 3.480000e-03 4.720800e-02
912 9.491080e-01 3.520000e-03 4.737200e-02
913 9.490600e-01 3.508000e-03 4.743200e-02
914 9.489560e-01 3.468000e-03 4.757600e-02
915 9.488040e-01 3.476000e-03 4.772000e-02
916 9.487280e-01 3.492000e-03 4.778000e-02
917 9.486680e-01 3.384000e-03 4.794800e-02
918 9.484960e-01 3.316000e-03 4.818800e-02
919 9.484480e-01 3.324000e-03 4.822800e-02
920 9.485120e-01 3.228000e-03 4.826000e-02
921 9.483680e-01 3.188000e-03 4.844400e-02
922 9.483600e-01 3.184000e-03 4.845600e-02
923 9.483200e-01 3.136000e-03 4.854400e-02
924 9.481400e-01 3.284000e-03 4.857600e-02
925 9.480680e-01 3.176000e-03 4.875600e-02
926 9.479960e-01 3.196000e-03 4.880800e-02
927 9.480120e-01 3.220000e-03 4.876800e-02
928 9.480680e-01 3.244000e-03 4.868800e-02
929 9.480160e-01 3.152000e-03 4.883200e-02
930 9.479120e-01 3.148000e-03 4.894000e-02
931 9.478840e-01 3.184000e-03 4.893200e-02
932 9.478200e-01 3.168000e-03 4.901200e-02
