1 9.992000e-01 6.840000e-04 1.160000e-04
2 9.987040e-01 1.032000e-03 2.640000e-04
3 9.980960e-01 1.412000e-03 4.920000e-04
4 9.973840e-01 1.796000e-03 8.200000e-04
5 9.966880e-01 2.172000e-03 1.140000e-03
6 9.958480e-01 2.616000e-03 1.536000e-03
7 9.950600e-01 2.928000e-03 2.012000e-03
8 9.940440e-01 3.484000e-03 2.472000e-03
9 9.931120e-01 3.840000e-03 3.048000e-03
10 9.922200e-01 4.068000e-03 3.712000e-03
11 9.911400e-01 4.512000e-03 4.348000e-03
12 9.901160e-01 4.900000e-03 4.984000e-03
13 9.889720e-01 5.248000e-03 5.780000e-03
14 9.878560e-01 5.456000e-03 6.688000e-03
15 9.866600e-01 5.748000e-03 7.592000e-03
16 9.855560e-01 5.896000e-03 8.548000e-03
17 9.843840e-01 6.100000e-03 9.516000e-03
18 9.829520e-01 6.568000e-03 1.048000e-02
19 9.816680e-01 6.724000e-03 1.160800e-02
20 9.803840e-01 6.976000e-03 1.264000e-02
21 9.793400e-01 7.040000e-03 1.362000e-02
22 9.780480e-01 7.376000e-03 1.457600e-02
23 9.767960e-01 7.388000e-03 1.581600e-02
24 9.756920e-01 7.496000e-03 1.681200e-02
25 9.745040e-01 7.556000e-03 1.794000e-02
26 9.731320e-01 7.796000e-03 1.907200e-02
27 9.718400e-01 8.012000e-03 2.014800e-02
28 9.705200e-01 8.056000e-03 2.142400e-02
29 9.694000e-01 7.992000e-03 2.260800e-02
30 9.680160e-01 8.312000e-03 2.367200e-02
31 9.666160e-01 8.516000e-03 2.486800e-02
32 9.650720e-01 8.760000e-03 2.616800e-02
33 9.636720e-01 8.932000e-03 2.739600e-02
34 9.622280e-01 9.172000e-03 2.860000e-02
35 9.608240e-01 9.280000e-03 2.989600e-02
36 9.591720e-01 9.592000e-03 3.123600e-02
37 9.576040e-01 9.828000e-03 3.256800e-02
38 9.559840e-01 1.014000e-02 3.387600e-02
39 9.546040e-01 1.012800e-02 3.526800e-02
40 9.531920e-01 1.008800e-02 3.672000e-02
41 9.516640e-01 1.038400e-02 3.795200e-02
42 9.502160e-01 1.036000e-02 3.942400e-02
43 9.488960e-01 1.030000e-02 4.080400e-02
44 9.475920e-01 1.024400e-02 4.216400e-02
45 9.461000e-01 1.040800e-02 4.349200e-02
46 9.449040e-01 1.037600e-02 4.472000e-02
47 9.435600e-01 1.044800e-02 4.599200e-02
48 9.422440e-01 1.055600e-02 4.720000e-02
49 9.407000e-01 1.094000e-02 4.836000e-02
50 9.390680e-01 1.132000e-02 4.961200e-02
51 9.376920e-01 1.124000e-02 5.106800e-02
52 9.362880e-01 1.118000e-02 5.253200e-02
53 9.349960e-01 1.111200e-02 5.389200e-02
54 9.337680e-01 1.103600e-02 5.519600e-02
55 9.322800e-01 1.119200e-02 5.652800e-02
56 9.308880e-01 1.123200e-02 5.788000e-02
57 9.296080e-01 1.125600e-02 5.913600e-02
58 9.282400e-01 1.134000e-02 6.042000e-02
59 9.268800e-01 1.151200e-02 6.160800e-02
60 9.255640e-01 1.172800e-02 6.270800e-02
61 9.240800e-01 1.202000e-02 6.390000e-02
62 9.226880e-01 1.200800e-02 6.530400e-02
63 9.211560e-01 1.214000e-02 6.670400e-02
64 9.198920e-01 1.208000e-02 6.802800e-02
65 9.184480e-01 1.213200e-02 6.942000e-02
66 9.171240e-01 1.200800e-02 7.086800e-02
67 9.158760e-01 1.211200e-02 7.201200e-02
68 9.143840e-01 1.242400e-02 7.319200e-02
69 9.128960e-01 1.267600e-02 7.442800e-02
70 9.114600e-01 1.259200e-02 7.594800e-02
71 9.101320e-01 1.274000e-02 7.712800e-02
72 9.087240e-01 1.296000e-02 7.831600e-02
73 9.071560e-01 1.324000e-02 7.960400e-02
74 9.060000e-01 1.306000e-02 8.094000e-02
75 9.047400e-01 1.310000e-02 8.216000e-02
76 9.035520e-01 1.290800e-02 8.354000e-02
77 9.022920e-01 1.274400e-02 8.496400e-02
78 9.011840e-01 1.268400e-02 8.613200e-02
79 9.001440e-01 1.239200e-02 8.746400e-02
80 8.989720e-01 1.239600e-02 8.863200e-02
81 8.979600e-01 1.243600e-02 8.960400e-02
82 8.968040e-01 1.245200e-02 9.074400e-02
83 8.955480e-01 1.263600e-02 9.181600e-02
84 8.943040e-01 1.265600e-02 9.304000e-02
85 8.932480e-01 1.232800e-02 9.442400e-02
86 8.921600e-01 1.236800e-02 9.547200e-02
87 8.910440e-01 1.258800e-02 9.636800e-02
88 8.896720e-01 1.268400e-02 9.764400e-02
89 8.886240e-01 1.265200e-02 9.872400e-02
90 8.875720e-01 1.260800e-02 9.982000e-02
91 8.864960e-01 1.258400e-02 1.009200e-01
92 8.854880e-01 1.265200e-02 1.018600e-01
93 8.842160e-01 1.277200e-02 1.030120e-01
94 8.830200e-01 1.282400e-02 1.041560e-01
95 8.816320e-01 1.310800e-02 1.052600e-01
96 8.806000e-01 1.297200e-02 1.064280e-01
97 8.794480e-01 1.304000e-02 1.075120e-01
98 8.784240e-01 1.310400e-02 1.084720e-01
99 8.773360e-01 1.326400e-02 1.094000e-01
100 8.763560e-01 1.305200e-02 1.105920e-01
101 8.754040e-01 1.302400e-02 1.115720e-01
102 8.745160e-01 1.296400e-02 1.125200e-01
103 8.735400e-01 1.315600e-02 1.133040e-01
104 8.723920e-01 1.327200e-02 1.143360e-01
105 8.712920e-01 1.324400e-02 1.154640e-01
106 8.702360e-01 1.315200e-02 1.166120e-01
107 8.691680e-01 1.311200e-02 1.177200e-01
108 8.679880e-01 1.332000e-02 1.186920e-01
109 8.670560e-01 1.326400e-02 1.196800e-01
110 8.658000e-01 1.358000e-02 1.206200e-01
111 8.648000e-01 1.342400e-02 1.217760e-01
112 8.639640e-01 1.343200e-02 1.226040e-01
113 8.631400e-01 1.333600e-02 1.235240e-01
114 8.622680e-01 1.326400e-02 1.244680e-01
115 8.614560e-01 1.292000e-02 1.256240e-01
116 8.606120e-01 1.290800e-02 1.264800e-01
117 8.599560e-01 1.288800e-02 1.271560e-01
118 8.592640e-01 1.268800e-02 1.280480e-01
119 8.585360e-01 1.258400e-02 1.288800e-01
120 8.577240e-01 1.279200e-02 1.294840e-01
121 8.569320e-01 1.288000e-02 1.301880e-01
122 8.560040e-01 1.296800e-02 1.310280e-01
123 8.550000e-01 1.313200e-02 1.318680e-01
124 8.542880e-01 1.314000e-02 1.325720e-01
125 8.534800e-01 1.312000e-02 1.334000e-01
126 8.527120e-01 1.304800e-02 1.342400e-01
127 8.522160e-01 1.278000e-02 1.350040e-01
128 8.512840e-01 1.282400e-02 1.358920e-01
129 8.503920e-01 1.281600e-02 1.367920e-01
130 8.498880e-01 1.269600e-02 1.374160e-01
131 8.494120e-01 1.255600e-02 1.380320e-01
132 8.489320e-01 1.250000e-02 1.385680e-01
133 8.482360e-01 1.256800e-02 1.391960e-01
134 8.476920e-01 1.257200e-02 1.397360e-01
135 8.467560e-01 1.256400e-02 1.406800e-01
136 8.461880e-01 1.254800e-02 1.412640e-01
137 8.457320e-01 1.244800e-02 1.418200e-01
138 8.454320e-01 1.213200e-02 1.424360e-01
139 8.447360e-01 1.230000e-02 1.429640e-01
140 8.443040e-01 1.225600e-02 1.434400e-01
141 8.438440e-01 1.220400e-02 1.439520e-01
142 8.433840e-01 1.231600e-02 1.443000e-01
143 8.427360e-01 1.240400e-02 1.448600e-01
144 8.420760e-01 1.246000e-02 1.454640e-01
145 8.414320e-01 1.258800e-02 1.459800e-01
146 8.404680e-01 1.288000e-02 1.466520e-01
147 8.397640e-01 1.312000e-02 1.471160e-01
148 8.391200e-01 1.309600e-02 1.477840e-01
149 8.386120e-01 1.295200e-02 1.484360e-01
150 8.380640e-01 1.265600e-02 1.492800e-01
151 8.375760e-01 1.247600e-02 1.499480e-01
152 8.369840e-01 1.250000e-02 1.505160e-01
153 8.364880e-01 1.259200e-02 1.509200e-01
154 8.359560e-01 1.251200e-02 1.515320e-01
155 8.352880e-01 1.250400e-02 1.522080e-01
156 8.348520e-01 1.236400e-02 1.527840e-01
157 8.344640e-01 1.231200e-02 1.532240e-01
158 8.340600e-01 1.214800e-02 1.537920e-01
159 8.337080e-01 1.211200e-02 1.541800e-01
160 8.332320e-01 1.225200e-02 1.545160e-01
161 8.329240e-01 1.220400e-02 1.548720e-01
162 8.325040e-01 1.200000e-02 1.554960e-01
163 8.319360e-01 1.202400e-02 1.560400e-01
164 8.314280e-01 1.214800e-02 1.564240e-01
165 8.309120e-01 1.236400e-02 1.567240e-01
166 8.303440e-01 1.241600e-02 1.572400e-01
167 8.299120e-01 1.242400e-02 1.576640e-01
168 8.293640e-01 1.248400e-02 1.581520e-01
169 8.288520e-01 1.238800e-02 1.587600e-01
170 8.284720e-01 1.226400e-02 1.592640e-01
171 8.281320e-01 1.198800e-02 1.598800e-01
172 8.278800e-01 1.199200e-02 1.601280e-01
173 8.276080e-01 1.197200e-02 1.604200e-01
174 8.270360e-01 1.209600e-02 1.608680e-01
175 8.267320e-01 1.191200e-02 1.613560e-01
176 8.262960e-01 1.184000e-02 1.618640e-01
177 8.261520e-01 1.169200e-02 1.621560e-01
178 8.259040e-01 1.167600e-02 1.624200e-01
179 8.254560e-01 1.173600e-02 1.628080e-01
180 8.252720e-01 1.151600e-02 1.632120e-01
181 8.249440e-01 1.156400e-02 1.634920e-01
182 8.246480e-01 1.148800e-02 1.638640e-01
183 8.244720e-01 1.147200e-02 1.640560e-01
184 8.241360e-01 1.152400e-02 1.643400e-01
185 8.238440e-01 1.164400e-02 1.645120e-01
186 8.235920e-01 1.162400e-02 1.647840e-01
187 8.229720e-01 1.169200e-02 1.653360e-01
188 8.224480e-01 1.172800e-02 1.658240e-01
189 8.222120e-01 1.164400e-02 1.661440e-01
190 8.216960e-01 1.176800e-02 1.665360e-01
191 8.213600e-01 1.174000e-02 1.669000e-01
192 8.210560e-01 1.167600e-02 1.672680e-01
193 8.207800e-01 1.157600e-02 1.676440e-01
194 8.205760e-01 1.156400e-02 1.678600e-01
195 8.202440e-01 1.146000e-02 1.682960e-01
196 8.199920e-01 1.154800e-02 1.684600e-01
197 8.198960e-01 1.145200e-02 1.686520e-01
198 8.197800e-01 1.136400e-02 1.688560e-01
199 8.195960e-01 1.119200e-02 1.692120e-01
200 8.195640e-01 1.105600e-02 1.693800e-01
201 8.195200e-01 1.110000e-02 1.693800e-01
202 8.194440e-01 1.090800e-02 1.696480e-01
203 8.192760e-01 1.093200e-02 1.697920e-01
204 8.190040e-01 1.099200e-02 1.700040e-01
205 8.187720e-01 1.120000e-02 1.700280e-01
206 8.185200e-01 1.113200e-02 1.703480e-01
207 8.183080e-01 1.134400e-02 1.703480e-01
208 8.182520e-01 1.116400e-02 1.705840e-01
209 8.180280e-01 1.125600e-02 1.707160e-01
210 8.178200e-01 1.110000e-02 1.710800e-01
211 8.175480e-01 1.110000e-02 1.713520e-01
212 8.174320e-01 1.094800e-02 1.716200e-01
213 8.175000e-01 1.090000e-02 1.716000e-01
214 8.172800e-01 1.087600e-02 1.718440e-01
215 8.171920e-01 1.078000e-02 1.720280e-01
216 8.174120e-01 1.043200e-02 1.721560e-01
217 8.173760e-01 1.048800e-02 1.721360e-01
218 8.173160e-01 1.051200e-02 1.721720e-01
219 8.172280e-01 1.039600e-02 1.723760e-01
220 8.173720e-01 1.026400e-02 1.723640e-01
221 8.172520e-01 1.038000e-02 1.723680e-01
222 8.172200e-01 1.027200e-02 1.725080e-01
223 8.171440e-01 1.041200e-02 1.724440e-01
224 8.173040e-01 1.039200e-02 1.723040e-01
225 8.172760e-01 1.021600e-02 1.725080e-01
226 8.169840e-01 1.049600e-02 1.725200e-01
227 8.169000e-01 1.047200e-02 1.726280e-01
228 8.167480e-01 1.041600e-02 1.728360e-01
229 8.168440e-01 1.035200e-02 1.728040e-01
230 8.168200e-01 1.019600e-02 1.729840e-01
231 8.169120e-01 1.010400e-02 1.729840e-01
232 8.168760e-01 1.009200e-02 1.730320e-01
233 8.169160e-01 1.012000e-02 1.729640e-01
234 8.168040e-01 1.018400e-02 1.730120e-01
235 8.167800e-01 1.038400e-02 1.728360e-01
236 8.165520e-01 1.046800e-02 1.729800e-01
237 8.165680e-01 1.035600e-02 1.730760e-01
238 8.165520e-01 1.040000e-02 1.730480e-01
239 8.164640e-01 1.036000e-02 1.731760e-01
240 8.165200e-01 1.041200e-02 1.730680e-01
241 8.163640e-01 1.056400e-02 1.730720e-01
242 8.163800e-01 1.065200e-02 1.729680e-01
243 8.163800e-01 1.046000e-02 1.731600e-01
244 8.164520e-01 1.018400e-02 1.733640e-01
245 8.164520e-01 1.010400e-02 1.734440e-01
246 8.165600e-01 1.002400e-02 1.734160e-01
247 8.165720e-01 9.968000e-03 1.734600e-01
248 8.168000e-01 9.952000e-03 1.732480e-01
249 8.167040e-01 1.001600e-02 1.732800e-01
250 8.166880e-01 9.912000e-03 1.734000e-01
251 8.167720e-01 9.980000e-03 1.732480e-01
252 8.168240e-01 9.908000e-03 1.732680e-01
253 8.169160e-01 9.796000e-03 1.732880e-01
254 8.171720e-01 9.684000e-03 1.731440e-01
255 8.171920e-01 9.740000e-03 1.730680e-01
256 8.173760e-01 9.584000e-03 1.730400e-01
257 8.175720e-01 9.544000e-03 1.728840e-01
258 8.175120e-01 9.512000e-03 1.729760e-01
259 8.177360e-01 9.332000e-03 1.729320e-01
260 8.181400e-01 9.060000e-03 1.728000e-01
261 8.183040e-01 8.968000e-03 1.727280e-01
262 8.184800e-01 8.972000e-03 1.725480e-01
263 8.186000e-01 8.820000e-03 1.725800e-01
264 8.189000e-01 8.704000e-03 1.723960e-01
265 8.189640e-01 8.676000e-03 1.723600e-01
266 8.193000e-01 8.504000e-03 1.721960e-01
267 8.196240e-01 8.496000e-03 1.718800e-01
268 8.198280e-01 8.524000e-03 1.716480e-01
269 8.200920e-01 8.404000e-03 1.715040e-01
270 8.202040e-01 8.504000e-03 1.712920e-01
271 8.204120e-01 8.544000e-03 1.710440e-01
272 8.204240e-01 8.580000e-03 1.709960e-01
273 8.207280e-01 8.496000e-03 1.707760e-01
274 8.210440e-01 8.448000e-03 1.705080e-01
275 8.212240e-01 8.532000e-03 1.702440e-01
276 8.215200e-01 8.476000e-03 1.700040e-01
277 8.215800e-01 8.544000e-03 1.698760e-01
278 8.220360e-01 8.488000e-03 1.694760e-01
279 8.221800e-01 8.480000e-03 1.693400e-01
280 8.223520e-01 8.464000e-03 1.691840e-01
281 8.223600e-01 8.516000e-03 1.691240e-01
282 8.223000e-01 8.592000e-03 1.691080e-01
283 8.223200e-01 8.756000e-03 1.689240e-01
284 8.225960e-01 8.688000e-03 1.687160e-01
285 8.227520e-01 8.712000e-03 1.685360e-01
286 8.229720e-01 8.596000e-03 1.684320e-01
287 8.232760e-01 8.592000e-03 1.681320e-01
288 8.234520e-01 8.652000e-03 1.678960e-01
289 8.237120e-01 8.536000e-03 1.677520e-01
290 8.239720e-01 8.388000e-03 1.676400e-01
291 8.241560e-01 8.320000e-03 1.675240e-01
292 8.244880e-01 8.172000e-03 1.673400e-01
293 8.248640e-01 8.096000e-03 1.670400e-01
294 8.251400e-01 7.980000e-03 1.668800e-01
295 8.252640e-01 8.108000e-03 1.666280e-01
296 8.254160e-01 8.088000e-03 1.664960e-01
297 8.255160e-01 8.236000e-03 1.662480e-01
298 8.258760e-01 8.112000e-03 1.660120e-01
299 8.261840e-01 8.048000e-03 1.657680e-01
300 8.263000e-01 8.112000e-03 1.655880e-01
301 8.265840e-01 8.072000e-03 1.653440e-01
302 8.268120e-01 8.080000e-03 1.651080e-01
303 8.269800e-01 8.116000e-03 1.649040e-01
304 8.271560e-01 8.044000e-03 1.648000e-01
305 8.274520e-01 7.976000e-03 1.645720e-01
306 8.277480e-01 7.820000e-03 1.644320e-01
307 8.279920e-01 7.828000e-03 1.641800e-01
308 8.281960e-01 7.852000e-03 1.639520e-01
309 8.283880e-01 7.908000e-03 1.637040e-01
310 8.289400e-01 7.712000e-03 1.633480e-01
311 8.293800e-01 7.620000e-03 1.630000e-01
312 8.297520e-01 7.468000e-03 1.627800e-01
313 8.300440e-01 7.356000e-03 1.626000e-01
314 8.303520e-01 7.412000e-03 1.622360e-01
315 8.308000e-01 7.372000e-03 1.618280e-01
316 8.309040e-01 7.460000e-03 1.616360e-01
317 8.314440e-01 7.216000e-03 1.613400e-01
318 8.319360e-01 7.136000e-03 1.609280e-01
319 8.322320e-01 7.136000e-03 1.606320e-01
320 8.323720e-01 7.184000e-03 1.604440e-01
321 8.325160e-01 7.424000e-03 1.600600e-01
322 8.327040e-01 7.504000e-03 1.597920e-01
323 8.329280e-01 7.648000e-03 1.594240e-01
324 8.331440e-01 7.700000e-03 1.591560e-01
325 8.333800e-01 7.696000e-03 1.589240e-01
326 8.337520e-01 7.656000e-03 1.585920e-01
327 8.340840e-01 7.660000e-03 1.582560e-01
328 8.342200e-01 7.720000e-03 1.580600e-01
329 8.344800e-01 7.732000e-03 1.577880e-01
330 8.347360e-01 7.708000e-03 1.575560e-01
331 8.348200e-01 7.728000e-03 1.574520e-01
332 8.350960e-01 7.616000e-03 1.572880e-01
333 8.353800e-01 7.624000e-03 1.569960e-01
334 8.357040e-01 7.532000e-03 1.567640e-01
335 8.359440e-01 7.580000e-03 1.564760e-01
336 8.363040e-01 7.444000e-03 1.562520e-01
337 8.366160e-01 7.536000e-03 1.558480e-01
338 8.368760e-01 7.580000e-03 1.555440e-01
339 8.370840e-01 7.612000e-03 1.553040e-01
340 8.372280e-01 7.684000e-03 1.550880e-01
341 8.373040e-01 7.712000e-03 1.549840e-01
342 8.374280e-01 7.848000e-03 1.547240e-01
343 8.375880e-01 7.804000e-03 1.546080e-01
344 8.377600e-01 7.856000e-03 1.543840e-01
345 8.379360e-01 7.784000e-03 1.542800e-01
346 8.381640e-01 7.732000e-03 1.541040e-01
347 8.384160e-01 7.692000e-03 1.538920e-01
348 8.387000e-01 7.604000e-03 1.536960e-01
349 8.390240e-01 7.572000e-03 1.534040e-01
350 8.392400e-01 7.540000e-03 1.532200e-01
351 8.394480e-01 7.516000e-03 1.530360e-01
352 8.398120e-01 7.336000e-03 1.528520e-01
353 8.399080e-01 7.156000e-03 1.529360e-01
354 8.403160e-01 7.096000e-03 1.525880e-01
355 8.406600e-01 7.072000e-03 1.522680e-01
356 8.408440e-01 7.104000e-03 1.520520e-01
357 8.410760e-01 7.088000e-03 1.518360e-01
358 8.413520e-01 7.044000e-03 1.516040e-01
359 8.418320e-01 6.880000e-03 1.512880e-01
360 8.420440e-01 6.928000e-03 1.510280e-01
361 8.422760e-01 6.984000e-03 1.507400e-01
362 8.424720e-01 7.008000e-03 1.505200e-01
363 8.427000e-01 7.024000e-03 1.502760e-01
364 8.430040e-01 7.016000e-03 1.499800e-01
365 8.433680e-01 6.932000e-03 1.497000e-01
366 8.435800e-01 6.936000e-03 1.494840e-01
367 8.438440e-01 6.836000e-03 1.493200e-01
368 8.443360e-01 6.844000e-03 1.488200e-01
369 8.448680e-01 6.596000e-03 1.485360e-01
370 8.451480e-01 6.460000e-03 1.483920e-01
371 8.455320e-01 6.568000e-03 1.479000e-01
372 8.458680e-01 6.500000e-03 1.476320e-01
373 8.460920e-01 6.516000e-03 1.473920e-01
374 8.465040e-01 6.404000e-03 1.470920e-01
375 8.470200e-01 6.292000e-03 1.466880e-01
376 8.473640e-01 6.348000e-03 1.462880e-01
377 8.477600e-01 6.284000e-03 1.459560e-01
378 8.482720e-01 6.224000e-03 1.455040e-01
379 8.486280e-01 6.224000e-03 1.451480e-01
380 8.489760e-01 6.100000e-03 1.449240e-01
381 8.493360e-01 6.100000e-03 1.445640e-01
382 8.497280e-01 6.120000e-03 1.441520e-01
383 8.501600e-01 6.036000e-03 1.438040e-01
384 8.506080e-01 5.980000e-03 1.434120e-01
385 8.512560e-01 5.856000e-03 1.428880e-01
386 8.517160e-01 5.796000e-03 1.424880e-01
387 8.522520e-01 5.648000e-03 1.421000e-01
388 8.526000e-01 5.580000e-03 1.418200e-01
389 8.529000e-01 5.544000e-03 1.415560e-01
390 8.532760e-01 5.488000e-03 1.412360e-01
391 8.535880e-01 5.400000e-03 1.410120e-01
392 8.540040e-01 5.520000e-03 1.404760e-01
393 8.544680e-01 5.444000e-03 1.400880e-01
394 8.548480e-01 5.488000e-03 1.396640e-01
395 8.551400e-01 5.352000e-03 1.395080e-01
396 8.554920e-01 5.304000e-03 1.392040e-01
397 8.560240e-01 5.176000e-03 1.388000e-01
398 8.563880e-01 5.160000e-03 1.384520e-01
399 8.568120e-01 5.056000e-03 1.381320e-01
400 8.572320e-01 5.104000e-03 1.376640e-01
401 8.575440e-01 5.216000e-03 1.372400e-01
402 8.579120e-01 5.272000e-03 1.368160e-01
403 8.583960e-01 5.268000e-03 1.363360e-01
404 8.587800e-01 5.392000e-03 1.358280e-01
405 8.593000e-01 5.416000e-03 1.352840e-01
406 8.596120e-01 5.412000e-03 1.349760e-01
407 8.600280e-01 5.452000e-03 1.345200e-01
408 8.604120e-01 5.396000e-03 1.341920e-01
409 8.607200e-01 5.356000e-03 1.339240e-01
410 8.612000e-01 5.196000e-03 1.336040e-01
411 8.615080e-01 5.288000e-03 1.332040e-01
412 8.617920e-01 5.200000e-03 1.330080e-01
413 8.622320e-01 5.116000e-03 1.326520e-01
414 8.627640e-01 5.048000e-03 1.321880e-01
415 8.630920e-01 5.072000e-03 1.318360e-01
416 8.635040e-01 4.992000e-03 1.315040e-01
417 8.639920e-01 4.968000e-03 1.310400e-01
418 8.644480e-01 4.928000e-03 1.306240e-01
419 8.649960e-01 4.856000e-03 1.301480e-01
420 8.654760e-01 4.804000e-03 1.297200e-01
421 8.658240e-01 4.804000e-03 1.293720e-01
422 8.661080e-01 4.828000e-03 1.290640e-01
423 8.664840e-01 4.908000e-03 1.286080e-01
424 8.668000e-01 4.944000e-03 1.282560e-01
425 8.673280e-01 4.736000e-03 1.279360e-01
426 8.678520e-01 4.756000e-03 1.273920e-01
427 8.681760e-01 4.724000e-03 1.271000e-01
428 8.685560e-01 4.652000e-03 1.267920e-01
429 8.689160e-01 4.648000e-03 1.264360e-01
430 8.693720e-01 4.624000e-03 1.260040e-01
431 8.697440e-01 4.656000e-03 1.256000e-01
432 8.702520e-01 4.652000e-03 1.250960e-01
433 8.706560e-01 4.604000e-03 1.247400e-01
434 8.709320e-01 4.648000e-03 1.244200e-01
435 8.715240e-01 4.564000e-03 1.239120e-01
436 8.720320e-01 4.452000e-03 1.235160e-01
437 8.725000e-01 4.404000e-03 1.230960e-01
438 8.730480e-01 4.252000e-03 1.227000e-01
439 8.735960e-01 4.184000e-03 1.222200e-01
440 8.739600e-01 4.248000e-03 1.217920e-01
441 8.744720e-01 4.200000e-03 1.213280e-01
442 8.748840e-01 4.240000e-03 1.208760e-01
443 8.753600e-01 4.268000e-03 1.203720e-01
444 8.759040e-01 4.096000e-03 1.200000e-01
445 8.762960e-01 4.240000e-03 1.194640e-01
446 8.767000e-01 4.356000e-03 1.189440e-01
447 8.770280e-01 4.396000e-03 1.185760e-01
448 8.774440e-01 4.380000e-03 1.181760e-01
449 8.777000e-01 4.412000e-03 1.178880e-01
450 8.781960e-01 4.444000e-03 1.173600e-01
451 8.783800e-01 4.524000e-03 1.170960e-01
452 8.787480e-01 4.464000e-03 1.167880e-01
453 8.791200e-01 4.452000e-03 1.164280e-01
454 8.795000e-01 4.376000e-03 1.161240e-01
455 8.798160e-01 4.460000e-03 1.157240e-01
456 8.801360e-01 4.452000e-03 1.154120e-01
457 8.805160e-01 4.444000e-03 1.150400e-01
458 8.809560e-01 4.372000e-03 1.146720e-01
459 8.812720e-01 4.380000e-03 1.143480e-01
460 8.817840e-01 4.268000e-03 1.139480e-01
461 8.821440e-01 4.248000e-03 1.136080e-01
462 8.825800e-01 4.176000e-03 1.132440e-01
463 8.829320e-01 4.236000e-03 1.128320e-01
464 8.833240e-01 4.248000e-03 1.124280e-01
465 8.836520e-01 4.324000e-03 1.120240e-01
466 8.839280e-01 4.396000e-03 1.116760e-01
467 8.842320e-01 4.464000e-03 1.113040e-01
468 8.847040e-01 4.384000e-03 1.109120e-01
469 8.850040e-01 4.292000e-03 1.107040e-01
470 8.853280e-01 4.308000e-03 1.103640e-01
471 8.856200e-01 4.352000e-03 1.100280e-01
472 8.858520e-01 4.412000e-03 1.097360e-01
473 8.860480e-01 4.460000e-03 1.094920e-01
474 8.864000e-01 4.448000e-03 1.091520e-01
475 8.868120e-01 4.456000e-03 1.087320e-01
476 8.869960e-01 4.660000e-03 1.083440e-01
477 8.873080e-01 4.656000e-03 1.080360e-01
478 8.875360e-01 4.636000e-03 1.078280e-01
479 8.878080e-01 4.596000e-03 1.075960e-01
480 8.880480e-01 4.592000e-03 1.073600e-01
481 8.883040e-01 4.656000e-03 1.070400e-01
482 8.886800e-01 4.652000e-03 1.066680e-01
483 8.890080e-01 4.660000e-03 1.063320e-01
484 8.893040e-01 4.552000e-03 1.061440e-01
485 8.897600e-01 4.472000e-03 1.057680e-01
486 8.902080e-01 4.268000e-03 1.055240e-01
487 8.906160e-01 4.116000e-03 1.052680e-01
488 8.911480e-01 4.000000e-03 1.048520e-01
489 8.916200e-01 3.996000e-03 1.043840e-01
490 8.919880e-01 4.044000e-03 1.039680e-01
491 8.923960e-01 3.964000e-03 1.036400e-01
492 8.927400e-01 4.008000e-03 1.032520e-01
493 8.929480e-01 4.012000e-03 1.030400e-01
494 8.932760e-01 4.000000e-03 1.027240e-01
495 8.935680e-01 4.052000e-03 1.023800e-01
496 8.936680e-01 4.100000e-03 1.022320e-01
497 8.937680e-01 4.216000e-03 1.020160e-01
498 8.940240e-01 4.192000e-03 1.017840e-01
499 8.942560e-01 4.280000e-03 1.014640e-01
500 8.945440e-01 4.180000e-03 1.012760e-01
501 8.947480e-01 4.224000e-03 1.010280e-01
502 8.949320e-01 4.296000e-03 1.007720e-01
503 8.953800e-01 4.088000e-03 1.005320e-01
504 8.956640e-01 4.180000e-03 1.001560e-01
505 8.959600e-01 4.132000e-03 9.990800e-02
506 8.962560e-01 4.084000e-03 9.966000e-02
507 8.966120e-01 3.968000e-03 9.942000e-02
508 8.969720e-01 3.888000e-03 9.914000e-02
509 8.973080e-01 3.808000e-03 9.888400e-02
510 8.975960e-01 3.788000e-03 9.861600e-02
511 8.978120e-01 3.824000e-03 9.836400e-02
512 8.981120e-01 3.724000e-03 9.816400e-02
513 8.984200e-01 3.708000e-03 9.787200e-02
514 8.986720e-01 3.796000e-03 9.753200e-02
515 8.990440e-01 3.776000e-03 9.718000e-02
516 8.993880e-01 3.832000e-03 9.678000e-02
517 8.997280e-01 3.852000e-03 9.642000e-02
518 8.999840e-01 3.876000e-03 9.614000e-02
519 9.001280e-01 3.940000e-03 9.593200e-02
520 9.004520e-01 3.944000e-03 9.560400e-02
521 9.007240e-01 3.968000e-03 9.530800e-02
522 9.009760e-01 3.936000e-03 9.508800e-02
523 9.012200e-01 3.864000e-03 9.491600e-02
524 9.013880e-01 3.996000e-03 9.461600e-02
525 9.016080e-01 4.028000e-03 9.436400e-02
526 9.018600e-01 3.956000e-03 9.418400e-02
527 9.020280e-01 3.952000e-03 9.402000e-02
528 9.022040e-01 4.080000e-03 9.371600e-02
529 9.023440e-01 4.120000e-03 9.353600e-02
530 9.024520e-01 4.148000e-03 9.340000e-02
531 9.026760e-01 4.120000e-03 9.320400e-02
532 9.028440e-01 4.156000e-03 9.300000e-02
533 9.032120e-01 4.088000e-03 9.270000e-02
534 9.034480e-01 4.008000e-03 9.254400e-02
535 9.035800e-01 4.004000e-03 9.241600e-02
536 9.039360e-01 3.916000e-03 9.214800e-02
537 9.043120e-01 3.836000e-03 9.185200e-02
538 9.045240e-01 3.824000e-03 9.165200e-02
539 9.049000e-01 3.752000e-03 9.134800e-02
540 9.051760e-01 3.688000e-03 9.113600e-02
541 9.054560e-01 3.584000e-03 9.096000e-02
542 9.057440e-01 3.532000e-03 9.072400e-02
543 9.059600e-01 3.512000e-03 9.052800e-02
544 9.062600e-01 3.592000e-03 9.014800e-02
545 9.065640e-01 3.580000e-03 8.985600e-02
546 9.069560e-01 3.688000e-03 8.935600e-02
547 9.071160e-01 3.832000e-03 8.905200e-02
548 9.072800e-01 3.840000e-03 8.888000e-02
549 9.074720e-01 3.928000e-03 8.860000e-02
550 9.076760e-01 3.988000e-03 8.833600e-02
551 9.078440e-01 3.992000e-03 8.816400e-02
552 9.079840e-01 3.972000e-03 8.804400e-02
553 9.081080e-01 4.012000e-03 8.788000e-02
554 9.083000e-01 3.996000e-03 8.770400e-02
555 9.085200e-01 3.980000e-03 8.750000e-02
556 9.086440e-01 4.032000e-03 8.732400e-02
557 9.090840e-01 3.912000e-03 8.700400e-02
558 9.092960e-01 3.936000e-03 8.676800e-02
559 9.095880e-01 3.948000e-03 8.646400e-02
560 9.096440e-01 4.008000e-03 8.634800e-02
561 9.099400e-01 3.952000e-03 8.610800e-02
562 9.100960e-01 4.028000e-03 8.587600e-02
563 9.101280e-01 4.132000e-03 8.574000e-02
564 9.102400e-01 4.152000e-03 8.560800e-02
565 9.104440e-01 3.988000e-03 8.556800e-02
566 9.106600e-01 3.888000e-03 8.545200e-02
567 9.107640e-01 3.772000e-03 8.546400e-02
568 9.109880e-01 3.784000e-03 8.522800e-02
569 9.110360e-01 3.832000e-03 8.513200e-02
570 9.112280e-01 3.896000e-03 8.487600e-02
571 9.113960e-01 3.884000e-03 8.472000e-02
572 9.114360e-01 3.900000e-03 8.466400e-02
573 9.116200e-01 3.880000e-03 8.450000e-02
574 9.118800e-01 3.844000e-03 8.427600e-02
575 9.119880e-01 3.840000e-03 8.417200e-02
576 9.122120e-01 3.800000e-03 8.398800e-02
577 9.124240e-01 3.832000e-03 8.374400e-02
578 9.125600e-01 3.900000e-03 8.354000e-02
579 9.127680e-01 3.836000e-03 8.339600e-02
580 9.129280e-01 3.880000e-03 8.319200e-02
581 9.130960e-01 3.868000e-03 8.303600e-02
582 9.132520e-01 3.832000e-03 8.291600e-02
583 9.134840e-01 3.856000e-03 8.266000e-02
584 9.136400e-01 3.728000e-03 8.263200e-02
585 9.138520e-01 3.628000e-03 8.252000e-02
586 9.139160e-01 3.688000e-03 8.239600e-02
587 9.141440e-01 3.652000e-03 8.220400e-02
588 9.142440e-01 3.700000e-03 8.205600e-02
589 9.142960e-01 3.736000e-03 8.196800e-02
590 9.144240e-01 3.788000e-03 8.178800e-02
591 9.146880e-01 3.732000e-03 8.158000e-02
592 9.149320e-01 3.700000e-03 8.136800e-02
593 9.150240e-01 3.596000e-03 8.138000e-02
594 9.152600e-01 3.488000e-03 8.125200e-02
595 9.155240e-01 3.404000e-03 8.107200e-02
596 9.156840e-01 3.424000e-03 8.089200e-02
597 9.159480e-01 3.460000e-03 8.059200e-02
598 9.161240e-01 3.420000e-03 8.045600e-02
599 9.163760e-01 3.316000e-03 8.030800e-02
600 9.165000e-01 3.256000e-03 8.024400e-02
601 9.168400e-01 3.192000e-03 7.996800e-02
602 9.172680e-01 3.164000e-03 7.956800e-02
603 9.174160e-01 3.148000e-03 7.943600e-02
604 9.176240e-01 3.260000e-03 7.911600e-02
605 9.176800e-01 3.264000e-03 7.905600e-02
606 9.179320e-01 3.196000e-03 7.887200e-02
607 9.181480e-01 3.144000e-03 7.870800e-02
608 9.184200e-01 3.136000e-03 7.844400e-02
609 9.187840e-01 3.168000e-03 7.804800e-02
610 9.190080e-01 3.180000e-03 7.781200e-02
611 9.193240e-01 3.028000e-03 7.764800e-02
612 9.195560e-01 2.940000e-03 7.750400e-02
613 9.197600e-01 3.012000e-03 7.722800e-02
614 9.199920e-01 3.024000e-03 7.698400e-02
615 9.201800e-01 3.072000e-03 7.674800e-02
616 9.203400e-01 3.088000e-03 7.657200e-02
617 9.205480e-01 3.140000e-03 7.631200e-02
618 9.205560e-01 3.192000e-03 7.625200e-02
619 9.208880e-01 3.220000e-03 7.589200e-02
620 9.210320e-01 3.252000e-03 7.571600e-02
621 9.212200e-01 3.276000e-03 7.550400e-02
622 9.214200e-01 3.228000e-03 7.535200e-02
623 9.217640e-01 3.148000e-03 7.508800e-02
624 9.221160e-01 3.048000e-03 7.483600e-02
625 9.224280e-01 2.972000e-03 7.460000e-02
626 9.225880e-01 3.072000e-03 7.434000e-02
627 9.227200e-01 3.248000e-03 7.403200e-02
628 9.228680e-01 3.304000e-03 7.382800e-02
629 9.229000e-01 3.428000e-03 7.367200e-02
630 9.229800e-01 3.476000e-03 7.354400e-02
631 9.230560e-01 3.576000e-03 7.336800e-02
632 9.231280e-01 3.616000e-03 7.325600e-02
633 9.231520e-01 3.688000e-03 7.316000e-02
634 9.233080e-01 3.700000e-03 7.299200e-02
635 9.234720e-01 3.588000e-03 7.294000e-02
636 9.235760e-01 3.576000e-03 7.284800e-02
637 9.235400e-01 3.740000e-03 7.272000e-02
638 9.236760e-01 3.568000e-03 7.275600e-02
639 9.236440e-01 3.664000e-03 7.269200e-02
640 9.237320e-01 3.640000e-03 7.262800e-02
641 9.239200e-01 3.696000e-03 7.238400e-02
642 9.240680e-01 3.664000e-03 7.226800e-02
643 9.242160e-01 3.684000e-03 7.210000e-02
644 9.242040e-01 3.676000e-03 7.212000e-02
645 9.241760e-01 3.684000e-03 7.214000e-02
646 9.242360e-01 3.660000e-03 7.210400e-02
647 9.241920e-01 3.796000e-03 7.201200e-02
648 9.243080e-01 3.764000e-03 7.192800e-02
649 9.242880e-01 3.756000e-03 7.195600e-02
650 9.244200e-01 3.768000e-03 7.181200e-02
651 9.243840e-01 3.892000e-03 7.172400e-02
652 9.243360e-01 4.056000e-03 7.160800e-02
653 9.242720e-01 4.068000e-03 7.166000e-02
654 9.242560e-01 4.068000e-03 7.167600e-02
655 9.242040e-01 4.076000e-03 7.172000e-02
656 9.242400e-01 4.012000e-03 7.174800e-02
657 9.242440e-01 4.036000e-03 7.172000e-02
658 9.242360e-01 4.000000e-03 7.176400e-02
659 9.242880e-01 3.952000e-03 7.176000e-02
660 9.242920e-01 4.080000e-03 7.162800e-02
661 9.244120e-01 3.976000e-03 7.161200e-02
662 9.244400e-01 3.952000e-03 7.160800e-02
663 9.244080e-01 3.992000e-03 7.160000e-02
664 9.244360e-01 4.016000e-03 7.154800e-02
665 9.244960e-01 4.012000e-03 7.149200e-02
666 9.244920e-01 3.932000e-03 7.157600e-02
667 9.245920e-01 3.812000e-03 7.159600e-02
668 9.247760e-01 3.736000e-03 7.148800e-02
669 9.249080e-01 3.596000e-03 7.149600e-02
670 9.250800e-01 3.500000e-03 7.142000e-02
671 9.252080e-01 3.480000e-03 7.131200e-02
672 9.253640e-01 3.432000e-03 7.120400e-02
673 9.255040e-01 3.356000e-03 7.114000e-02
674 9.256200e-01 3.396000e-03 7.098400e-02
675 9.257840e-01 3.364000e-03 7.085200e-02
676 9.261360e-01 3.092000e-03 7.077200e-02
677 9.264320e-01 3.044000e-03 7.052400e-02
678 9.266280e-01 3.064000e-03 7.030800e-02
679 9.267680e-01 3.172000e-03 7.006000e-02
680 9.268840e-01 3.264000e-03 6.985200e-02
681 9.270200e-01 3.324000e-03 6.965600e-02
682 9.271040e-01 3.276000e-03 6.962000e-02
683 9.271400e-01 3.372000e-03 6.948800e-02
684 9.272600e-01 3.292000e-03 6.944800e-02
685 9.273840e-01 3.392000e-03 6.922400e-02
686 9.275120e-01 3.472000e-03 6.901600e-02
687 9.276240e-01 3.580000e-03 6.879600e-02
688 9.275480e-01 3.588000e-03 6.886400e-02
689 9.275720e-01 3.720000e-03 6.870800e-02
690 9.274320e-01 3.812000e-03 6.875600e-02
691 9.274320e-01 3.884000e-03 6.868400e-02
692 9.273360e-01 3.920000e-03 6.874400e-02
693 9.273400e-01 3.868000e-03 6.879200e-02
694 9.272960e-01 3.876000e-03 6.882800e-02
695 9.272320e-01 3.904000e-03 6.886400e-02
696 9.274520e-01 3.764000e-03 6.878400e-02
697 9.276240e-01 3.560000e-03 6.881600e-02
698 9.275640e-01 3.536000e-03 6.890000e-02
699 9.276920e-01 3.440000e-03 6.886800e-02
700 9.278160e-01 3.380000e-03 6.880400e-02
701 9.280840e-01 3.312000e-03 6.860400e-02
702 9.281760e-01 3.352000e-03 6.847200e-02
703 9.281680e-01 3.340000e-03 6.849200e-02
704 9.282320e-01 3.396000e-03 6.837200e-02
705 9.282320e-01 3.452000e-03 6.831600e-02
706 9.283120e-01 3.436000e-03 6.825200e-02
707 9.284160e-01 3.488000e-03 6.809600e-02
708 9.284440e-01 3.556000e-03 6.800000e-02
709 9.285240e-01 3.444000e-03 6.803200e-02
710 9.285200e-01 3.536000e-03 6.794400e-02
711 9.285960e-01 3.420000e-03 6.798400e-02
712 9.286480e-01 3.384000e-03 6.796800e-02
713 9.287400e-01 3.404000e-03 6.785600e-02
714 9.289400e-01 3.256000e-03 6.780400e-02
715 9.291320e-01 3.168000e-03 6.770000e-02
716 9.293240e-01 3.208000e-03 6.746800e-02
717 9.293640e-01 3.252000e-03 6.738400e-02
718 9.295160e-01 3.204000e-03 6.728000e-02
719 9.295840e-01 3.096000e-03 6.732000e-02
720 9.297160e-01 3.120000e-03 6.716400e-02
721 9.298520e-01 3.124000e-03 6.702400e-02
722 9.298800e-01 3.268000e-03 6.685200e-02
723 9.299280e-01 3.352000e-03 6.672000e-02
724 9.299960e-01 3.248000e-03 6.675600e-02
725 9.301200e-01 3.148000e-03 6.673200e-02
726 9.304440e-01 3.056000e-03 6.650000e-02
727 9.305720e-01 3.068000e-03 6.636000e-02
728 9.307520e-01 3.092000e-03 6.615600e-02
729 9.308760e-01 3.124000e-03 6.600000e-02
730 9.310960e-01 2.980000e-03 6.592400e-02
731 9.312720e-01 3.020000e-03 6.570800e-02
732 9.313520e-01 3.096000e-03 6.555200e-02
733 9.314360e-01 3.212000e-03 6.535200e-02
734 9.315440e-01 3.196000e-03 6.526000e-02
735 9.317520e-01 3.084000e-03 6.516400e-02
736 9.318480e-01 3.052000e-03 6.510000e-02
737 9.321880e-01 2.908000e-03 6.490400e-02
738 9.323880e-01 2.788000e-03 6.482400e-02
739 9.325400e-01 2.740000e-03 6.472000e-02
740 9.327000e-01 2.784000e-03 6.451600e-02
741 9.329240e-01 2.792000e-03 6.428400e-02
742 9.330520e-01 2.800000e-03 6.414800e-02
743 9.331280e-01 2.812000e-03 6.406000e-02
744 9.331880e-01 2.988000e-03 6.382400e-02
745 9.333080e-01 2.984000e-03 6.370800e-02
746 9.334480e-01 2.996000e-03 6.355600e-02
747 9.335080e-01 3.104000e-03 6.338800e-02
748 9.336200e-01 3.080000e-03 6.330000e-02
749 9.336120e-01 3.168000e-03 6.322000e-02
750 9.336200e-01 3.284000e-03 6.309600e-02
751 9.336760e-01 3.276000e-03 6.304800e-02
752 9.336640e-01 3.296000e-03 6.304000e-02
753 9.336320e-01 3.276000e-03 6.309200e-02
754 9.336160e-01 3.308000e-03 6.307600e-02
755 9.337320e-01 3.300000e-03 6.296800e-02
756 9.338160e-01 3.368000e-03 6.281600e-02
757 9.338680e-01 3.356000e-03 6.277600e-02
758 9.339200e-01 3.416000e-03 6.266400e-02
759 9.339840e-01 3.316000e-03 6.270000e-02
760 9.341320e-01 3.184000e-03 6.268400e-02
761 9.342680e-01 3.092000e-03 6.264000e-02
762 9.342720e-01 3.076000e-03 6.265200e-02
763 9.343360e-01 3.124000e-03 6.254000e-02
764 9.343960e-01 3.148000e-03 6.245600e-02
765 9.345520e-01 3.156000e-03 6.229200e-02
766 9.346880e-01 3.168000e-03 6.214400e-02
767 9.347480e-01 3.192000e-03 6.206000e-02
768 9.348240e-01 3.120000e-03 6.205600e-02
769 9.348880e-01 3.076000e-03 6.203600e-02
770 9.349400e-01 3.120000e-03 6.194000e-02
771 9.350280e-01 3.104000e-03 6.186800e-02
772 9.350840e-01 3.216000e-03 6.170000e-02
773 9.351240e-01 3.220000e-03 6.165600e-02
774 9.351440e-01 3.272000e-03 6.158400e-02
775 9.352360e-01 3.260000e-03 6.150400e-02
776 9.353640e-01 3.260000e-03 6.137600e-02
777 9.354640e-01 3.288000e-03 6.124800e-02
778 9.354520e-01 3.424000e-03 6.112400e-02
779 9.355120e-01 3.476000e-03 6.101200e-02
780 9.353880e-01 3.688000e-03 6.092400e-02
781 9.352080e-01 3.852000e-03 6.094000e-02
782 9.352080e-01 3.980000e-03 6.081200e-02
783 9.352440e-01 4.020000e-03 6.073600e-02
784 9.351400e-01 3.968000e-03 6.089200e-02
785 9.351840e-01 3.932000e-03 6.088400e-02
786 9.352000e-01 3.908000e-03 6.089200e-02
787 9.351360e-01 3.948000e-03 6.091600e-02
788 9.350400e-01 3.892000e-03 6.106800e-02
789 9.350560e-01 3.824000e-03 6.112000e-02
790 9.349920e-01 3.832000e-03 6.117600e-02
791 9.350480e-01 3.772000e-03 6.118000e-02
792 9.349520e-01 3.864000e-03 6.118400e-02
793 9.350600e-01 3.616000e-03 6.132400e-02
794 9.349800e-01 3.628000e-03 6.139200e-02
795 9.348840e-01 3.680000e-03 6.143600e-02
796 9.349680e-01 3.624000e-03 6.140800e-02
797 9.349240e-01 3.696000e-03 6.138000e-02
798 9.347800e-01 3.856000e-03 6.136400e-02
799 9.347880e-01 3.884000e-03 6.132800e-02
800 9.348480e-01 3.876000e-03 6.127600e-02
801 9.348760e-01 3.856000e-03 6.126800e-02
802 9.347080e-01 3.948000e-03 6.134400e-02
803 9.347960e-01 3.920000e-03 6.128400e-02
804 9.347680e-01 3.884000e-03 6.134800e-02
805 9.347320e-01 3.940000e-03 6.132800e-02
806 9.346400e-01 3.920000e-03 6.144000e-02
807 9.346360e-01 3.924000e-03 6.144000e-02
808 9.345520e-01 4.028000e-03 6.142000e-02
809 9.344520e-01 3.996000e-03 6.155200e-02
810 9.344000e-01 4.064000e-03 6.153600e-02
811 9.342680e-01 4.108000e-03 6.162400e-02
812 9.341880e-01 3.996000e-03 6.181600e-02
813 9.340880e-01 3.840000e-03 6.207200e-02
814 9.342120e-01 3.824000e-03 6.196400e-02
815 9.341960e-01 3.788000e-03 6.201600e-02
816 9.339240e-01 3.996000e-03 6.208000e-02
817 9.338480e-01 4.036000e-03 6.211600e-02
818 9.337080e-01 4.092000e-03 6.220000e-02
819 9.336800e-01 4.124000e-03 6.219600e-02
820 9.336000e-01 4.104000e-03 6.229600e-02
821 9.335720e-01 4.164000e-03 6.226400e-02
822 9.335080e-01 4.112000e-03 6.238000e-02
823 9.333600e-01 4.100000e-03 6.254000e-02
824 9.333120e-01 4.020000e-03 6.266800e-02
825 9.332560e-01 4.024000e-03 6.272000e-02
826 9.333760e-01 3.876000e-03 6.274800e-02
827 9.332600e-01 3.804000e-03 6.293600e-02
828 9.333400e-01 3.616000e-03 6.304400e-02
829 9.333680e-01 3.620000e-03 6.301200e-02
830 9.332480e-01 3.736000e-03 6.301600e-02
831 9.331160e-01 3.812000e-03 6.307200e-02
832 9.331400e-01 3.808000e-03 6.305200e-02
833 9.332120e-01 3.896000e-03 6.289200e-02
834 9.331160e-01 3.848000e-03 6.303600e-02
835 9.330600e-01 3.736000e-03 6.320400e-02
836 9.330280e-01 3.868000e-03 6.310400e-02
837 9.329080e-01 3.964000e-03 6.312800e-02
838 9.328480e-01 3.984000e-03 6.316800e-02
839 9.328160e-01 3.892000e-03 6.329200e-02
840 9.327040e-01 3.924000e-03 6.337200e-02
841 9.325520e-01 3.988000e-03 6.346000e-02
842 9.326240e-01 4.016000e-03 6.336000e-02
843 9.325360e-01 4.092000e-03 6.337200e-02
844 9.325000e-01 4.032000e-03 6.346800e-02
845 9.325080e-01 4.016000e-03 6.347600e-02
846 9.324040e-01 4.040000e-03 6.355600e-02
847 9.322760e-01 4.072000e-03 6.365200e-02
848 9.322640e-01 3.992000e-03 6.374400e-02
849 9.322640e-01 3.956000e-03 6.378000e-02
850 9.321560e-01 3.976000e-03 6.386800e-02
851 9.320320e-01 4.008000e-03 6.396000e-02
852 9.320280e-01 4.048000e-03 6.392400e-02
853 9.321480e-01 3.988000e-03 6.386400e-02
854 9.322320e-01 3.788000e-03 6.398000e-02
855 9.321360e-01 3.904000e-03 6.396000e-02
856 9.321320e-01 3.872000e-03 6.399600e-02
857 9.321920e-01 3.876000e-03 6.393200e-02
858 9.323240e-01 3.816000e-03 6.386000e-02
859 9.323760e-01 3.800000e-03 6.382400e-02
860 9.323680e-01 3.852000e-03 6.378000e-02
861 9.323760e-01 3.776000e-03 6.384800e-02
862 9.323880e-01 3.664000e-03 6.394800e-02
863 9.324600e-01 3.608000e-03 6.393200e-02
864 9.323920e-01 3.664000e-03 6.394400e-02
865 9.322560e-01 3.712000e-03 6.403200e-02
866 9.324080e-01 3.580000e-03 6.401200e-02
867 9.324840e-01 3.460000e-03 6.405600e-02
868 9.325160e-01 3.368000e-03 6.411600e-02
869 9.324200e-01 3.460000e-03 6.412000e-02
870 9.325040e-01 3.500000e-03 6.399600e-02
871 9.325280e-01 3.564000e-03 6.390800e-02
872 9.325400e-01 3.612000e-03 6.384800e-02
873 9.325640e-01 3.584000e-03 6.385200e-02
874 9.326160e-01 3.484000e-03 6.390000e-02
875 9.325240e-01 3.532000e-03 6.394400e-02
876 9.324600e-01 3.648000e-03 6.389200e-02
877 9.324920e-01 3.704000e-03 6.380400e-02
878 9.325000e-01 3.764000e-03 6.373600e-02
879 9.324200e-01 3.872000e-03 6.370800e-02
880 9.324320e-01 3.880000e-03 6.368800e-02
881 9.324640e-01 3.908000e-03 6.362800e-02
882 9.324160e-01 3.876000e-03 6.370800e-02
883 9.323120e-01 3.816000e-03 6.387200e-02
884 9.323920e-01 3.704000e-03 6.390400e-02
885 9.325520e-01 3.524000e-03 6.392400e-02
886 9.325840e-01 3.560000e-03 6.385600e-02
887 9.325320e-01 3.648000e-03 6.382000e-02
888 9.324920e-01 3.648000e-03 6.386000e-02
889 9.325040e-01 3.588000e-03 6.390800e-02
890 9.325800e-01 3.464000e-03 6.395600e-02
891 9.326720e-01 3.516000e-03 6.381200e-02
892 9.328120e-01 3.468000e-03 6.372000e-02
893 9.328600e-01 3.408000e-03 6.373200e-02
894 9.329280e-01 3.376000e-03 6.369600e-02
895 9.330280e-01 3.444000e-03 6.352800e-02
896 9.330680e-01 3.464000e-03 6.346800e-02
897 9.330680e-01 3.476000e-03 6.345600e-02
898 9.330760e-01 3.628000e-03 6.329600e-02
899 9.331440e-01 3.472000e-03 6.338400e-02
900 9.331480e-01 3.436000e-03 6.341600e-02
901 9.332000e-01 3.408000e-03 6.339200e-02
902 9.331600e-01 3.484000e-03 6.335600e-02
903 9.332680e-01 3.432000e-03 6.330000e-02
904 9.334120e-01 3.268000e-03 6.332000e-02
905 9.334120e-01 3.236000e-03 6.335200e-02
906 9.334640e-01 3.328000e-03 6.320800e-02
907 9.336000e-01 3.216000e-03 6.318400e-02
908 9.336560e-01 3.220000e-03 6.312400e-02
909 9.336880e-01 3.176000e-03 6.313600e-02
910 9.337640e-01 3.168000e-03 6.306800e-02
911 9.339680e-01 3.012000e-03 6.302000e-02
912 9.341360e-01 2.960000e-03 6.290400e-02
913 9.343040e-01 2.956000e-03 6.274000e-02
914 9.344320e-01 2.860000e-03 6.270800e-02
915 9.346800e-01 2.820000e-03 6.250000e-02
916 9.347720e-01 2.800000e-03 6.242800e-02
917 9.349560e-01 2.776000e-03 6.226800e-02
918 9.349960e-01 2.796000e-03 6.220800e-02
919 9.349960e-01 2.876000e-03 6.212800e-02
920 9.351400e-01 2.856000e-03 6.200400e-02
921 9.351440e-01 2.888000e-03 6.196800e-02
922 9.352760e-01 2.884000e-03 6.184000e-02
923 9.353560e-01 2.880000e-03 6.176400e-02
924 9.354160e-01 2.932000e-03 6.165200e-02
925 9.354600e-01 3.036000e-03 6.150400e-02
926 9.355560e-01 2.996000e-03 6.144800e-02
927 9.355560e-01 3.024000e-03 6.142000e-02
928 9.356320e-01 3.080000e-03 6.128800e-02
929 9.356960e-01 3.072000e-03 6.123200e-02
930 9.357560e-01 3.036000e-03 6.120800e-02
931 9.359560e-01 3.024000e-03 6.102000e-02
932 9.360440e-01 2.980000e-03 6.097600e-02
