1 9.992200e-01 6.840000e-04 9.600000e-05
2 9.987720e-01 9.600000e-04 2.680000e-04
3 9.981360e-01 1.364000e-03 5.000000e-04
4 9.974000e-01 1.856000e-03 7.440000e-04
5 9.966840e-01 2.168000e-03 1.148000e-03
6 9.959680e-01 2.532000e-03 1.500000e-03
7 9.951360e-01 2.912000e-03 1.952000e-03
8 9.942240e-01 3.324000e-03 2.452000e-03
9 9.932560e-01 3.740000e-03 3.004000e-03
10 9.921880e-01 4.152000e-03 3.660000e-03
11 9.912960e-01 4.400000e-03 4.304000e-03
12 9.902240e-01 4.764000e-03 5.012000e-03
13 9.890760e-01 5.204000e-03 5.720000e-03
14 9.880400e-01 5.392000e-03 6.568000e-03
15 9.869200e-01 5.644000e-03 7.436000e-03
16 9.854920e-01 6.192000e-03 8.316000e-03
17 9.842960e-01 6.476000e-03 9.228000e-03
18 9.829040e-01 6.844000e-03 1.025200e-02
19 9.816000e-01 7.056000e-03 1.134400e-02
20 9.803480e-01 7.224000e-03 1.242800e-02
21 9.788480e-01 7.584000e-03 1.356800e-02
22 9.774600e-01 7.692000e-03 1.484800e-02
23 9.759680e-01 8.060000e-03 1.597200e-02
24 9.745440e-01 8.296000e-03 1.716000e-02
25 9.729960e-01 8.492000e-03 1.851200e-02
26 9.716680e-01 8.632000e-03 1.970000e-02
27 9.702200e-01 8.836000e-03 2.094400e-02
28 9.687560e-01 8.972000e-03 2.227200e-02
29 9.674120e-01 8.972000e-03 2.361600e-02
30 9.659440e-01 9.164000e-03 2.489200e-02
31 9.643120e-01 9.292000e-03 2.639600e-02
32 9.627240e-01 9.484000e-03 2.779200e-02
33 9.609520e-01 1.000000e-02 2.904800e-02
34 9.592800e-01 1.042000e-02 3.030000e-02
35 9.573320e-01 1.102800e-02 3.164000e-02
36 9.554880e-01 1.149600e-02 3.301600e-02
37 9.537560e-01 1.160800e-02 3.463600e-02
38 9.521240e-01 1.152400e-02 3.635200e-02
39 9.503680e-01 1.170800e-02 3.792400e-02
40 9.484400e-01 1.207200e-02 3.948800e-02
41 9.469800e-01 1.188800e-02 4.113200e-02
42 9.453000e-01 1.212000e-02 4.258000e-02
43 9.434480e-01 1.238000e-02 4.417200e-02
44 9.417920e-01 1.242800e-02 4.578000e-02
45 9.401560e-01 1.257600e-02 4.726800e-02
46 9.384600e-01 1.268000e-02 4.886000e-02
47 9.368120e-01 1.276400e-02 5.042400e-02
48 9.351600e-01 1.289200e-02 5.194800e-02
49 9.335400e-01 1.272400e-02 5.373600e-02
50 9.321400e-01 1.261200e-02 5.524800e-02
51 9.305520e-01 1.272800e-02 5.672000e-02
52 9.291480e-01 1.258400e-02 5.826800e-02
53 9.277080e-01 1.252400e-02 5.976800e-02
54 9.261760e-01 1.271600e-02 6.110800e-02
55 9.248320e-01 1.260000e-02 6.256800e-02
56 9.234200e-01 1.259200e-02 6.398800e-02
57 9.223240e-01 1.232800e-02 6.534800e-02
58 9.211600e-01 1.210800e-02 6.673200e-02
59 9.197760e-01 1.226400e-02 6.796000e-02
60 9.183160e-01 1.243600e-02 6.924800e-02
61 9.169400e-01 1.252800e-02 7.053200e-02
62 9.155680e-01 1.237200e-02 7.206000e-02
63 9.144240e-01 1.223200e-02 7.334400e-02
64 9.132760e-01 1.205600e-02 7.466800e-02
65 9.119920e-01 1.192800e-02 7.608000e-02
66 9.108440e-01 1.187600e-02 7.728000e-02
67 9.097280e-01 1.187200e-02 7.840000e-02
68 9.085080e-01 1.199600e-02 7.949600e-02
69 9.072520e-01 1.208800e-02 8.066000e-02
70 9.060160e-01 1.223200e-02 8.175200e-02
71 9.048200e-01 1.226000e-02 8.292000e-02
72 9.035040e-01 1.228400e-02 8.421200e-02
73 9.024360e-01 1.204000e-02 8.552400e-02
74 9.010920e-01 1.226000e-02 8.664800e-02
75 8.998880e-01 1.233200e-02 8.778000e-02
76 8.989760e-01 1.219200e-02 8.883200e-02
77 8.977240e-01 1.229600e-02 8.998000e-02
78 8.966440e-01 1.228000e-02 9.107600e-02
79 8.954840e-01 1.220000e-02 9.231600e-02
80 8.943240e-01 1.216000e-02 9.351600e-02
81 8.933640e-01 1.206000e-02 9.457600e-02
82 8.924640e-01 1.189200e-02 9.564400e-02
83 8.914240e-01 1.191600e-02 9.666000e-02
84 8.903200e-01 1.214000e-02 9.754000e-02
85 8.895440e-01 1.179200e-02 9.866400e-02
86 8.886240e-01 1.185200e-02 9.952400e-02
87 8.875040e-01 1.172800e-02 1.007680e-01
88 8.865120e-01 1.174000e-02 1.017480e-01
89 8.856560e-01 1.161200e-02 1.027320e-01
90 8.849440e-01 1.153200e-02 1.035240e-01
91 8.841640e-01 1.151200e-02 1.043240e-01
92 8.834000e-01 1.138800e-02 1.052120e-01
93 8.825080e-01 1.154000e-02 1.059520e-01
94 8.815000e-01 1.163200e-02 1.068680e-01
95 8.808320e-01 1.136400e-02 1.078040e-01
96 8.800680e-01 1.139600e-02 1.085360e-01
97 8.791880e-01 1.144800e-02 1.093640e-01
98 8.784520e-01 1.147600e-02 1.100720e-01
99 8.776800e-01 1.139600e-02 1.109240e-01
100 8.768240e-01 1.130400e-02 1.118720e-01
101 8.761040e-01 1.147200e-02 1.124240e-01
102 8.752640e-01 1.136800e-02 1.133680e-01
103 8.745480e-01 1.143600e-02 1.140160e-01
104 8.736600e-01 1.156800e-02 1.147720e-01
105 8.728600e-01 1.166000e-02 1.154800e-01
106 8.720360e-01 1.162000e-02 1.163440e-01
107 8.713520e-01 1.167600e-02 1.169720e-01
108 8.704360e-01 1.184400e-02 1.177200e-01
109 8.696320e-01 1.172400e-02 1.186440e-01
110 8.687960e-01 1.181600e-02 1.193880e-01
111 8.679240e-01 1.187200e-02 1.202040e-01
112 8.671840e-01 1.173200e-02 1.210840e-01
113 8.663120e-01 1.162800e-02 1.220600e-01
114 8.655360e-01 1.175200e-02 1.227120e-01
115 8.649840e-01 1.164000e-02 1.233760e-01
116 8.642080e-01 1.183200e-02 1.239600e-01
117 8.635560e-01 1.177200e-02 1.246720e-01
118 8.627720e-01 1.190800e-02 1.253200e-01
119 8.620320e-01 1.183200e-02 1.261360e-01
120 8.615360e-01 1.164400e-02 1.268200e-01
121 8.608440e-01 1.170000e-02 1.274560e-01
122 8.601160e-01 1.163600e-02 1.282480e-01
123 8.597280e-01 1.137600e-02 1.288960e-01
124 8.591120e-01 1.132400e-02 1.295640e-01
125 8.584680e-01 1.124400e-02 1.302880e-01
126 8.576680e-01 1.138400e-02 1.309480e-01
127 8.570520e-01 1.136000e-02 1.315880e-01
128 8.564520e-01 1.126800e-02 1.322800e-01
129 8.562440e-01 1.118800e-02 1.325680e-01
130 8.557640e-01 1.113600e-02 1.331000e-01
131 8.551040e-01 1.124000e-02 1.336560e-01
132 8.545400e-01 1.136000e-02 1.341000e-01
133 8.539080e-01 1.138400e-02 1.347080e-01
134 8.534400e-01 1.131600e-02 1.352440e-01
135 8.530240e-01 1.133200e-02 1.356440e-01
136 8.524880e-01 1.119600e-02 1.363160e-01
137 8.518560e-01 1.118800e-02 1.369560e-01
138 8.515800e-01 1.106000e-02 1.373600e-01
139 8.510400e-01 1.111200e-02 1.378480e-01
140 8.505480e-01 1.113600e-02 1.383160e-01
141 8.501040e-01 1.118400e-02 1.387120e-01
142 8.496040e-01 1.116000e-02 1.392360e-01
143 8.492680e-01 1.097600e-02 1.397560e-01
144 8.487840e-01 1.096400e-02 1.402520e-01
145 8.484440e-01 1.101200e-02 1.405440e-01
146 8.478440e-01 1.102000e-02 1.411360e-01
147 8.473160e-01 1.108800e-02 1.415960e-01
148 8.468680e-01 1.110800e-02 1.420240e-01
149 8.463680e-01 1.105200e-02 1.425800e-01
150 8.459640e-01 1.098000e-02 1.430560e-01
151 8.455600e-01 1.102800e-02 1.434120e-01
152 8.452200e-01 1.102400e-02 1.437560e-01
153 8.448640e-01 1.093200e-02 1.442040e-01
154 8.445360e-01 1.088000e-02 1.445840e-01
155 8.439920e-01 1.085200e-02 1.451560e-01
156 8.436840e-01 1.083600e-02 1.454800e-01
157 8.432440e-01 1.096400e-02 1.457920e-01
158 8.428360e-01 1.103200e-02 1.461320e-01
159 8.424440e-01 1.118800e-02 1.463680e-01
160 8.419600e-01 1.118400e-02 1.468560e-01
161 8.415760e-01 1.121600e-02 1.472080e-01
162 8.411440e-01 1.132800e-02 1.475280e-01
163 8.407080e-01 1.122000e-02 1.480720e-01
164 8.402760e-01 1.131600e-02 1.484080e-01
165 8.398760e-01 1.138400e-02 1.487400e-01
166 8.393760e-01 1.144400e-02 1.491800e-01
167 8.389800e-01 1.134400e-02 1.496760e-01
168 8.385520e-01 1.136000e-02 1.500880e-01
169 8.380440e-01 1.140000e-02 1.505560e-01
170 8.377680e-01 1.130400e-02 1.509280e-01
171 8.374040e-01 1.118400e-02 1.514120e-01
172 8.372080e-01 1.112400e-02 1.516680e-01
173 8.371840e-01 1.086000e-02 1.519560e-01
174 8.369200e-01 1.086400e-02 1.522160e-01
175 8.366040e-01 1.100400e-02 1.523920e-01
176 8.362800e-01 1.106800e-02 1.526520e-01
177 8.358800e-01 1.107600e-02 1.530440e-01
178 8.357680e-01 1.083200e-02 1.534000e-01
179 8.355280e-01 1.072800e-02 1.537440e-01
180 8.352840e-01 1.064800e-02 1.540680e-01
181 8.351000e-01 1.052800e-02 1.543720e-01
182 8.348920e-01 1.037200e-02 1.547360e-01
183 8.347440e-01 1.031200e-02 1.549440e-01
184 8.344040e-01 1.042000e-02 1.551760e-01
185 8.341680e-01 1.032400e-02 1.555080e-01
186 8.339600e-01 1.030800e-02 1.557320e-01
187 8.338000e-01 1.038800e-02 1.558120e-01
188 8.337200e-01 1.034800e-02 1.559320e-01
189 8.336760e-01 1.027200e-02 1.560520e-01
190 8.336560e-01 1.017600e-02 1.561680e-01
191 8.334440e-01 1.012400e-02 1.564320e-01
192 8.332480e-01 1.010800e-02 1.566440e-01
193 8.332600e-01 9.960000e-03 1.567800e-01
194 8.330160e-01 9.944000e-03 1.570400e-01
195 8.329040e-01 9.736000e-03 1.573600e-01
196 8.326720e-01 9.828000e-03 1.575000e-01
197 8.324640e-01 9.940000e-03 1.575960e-01
198 8.322480e-01 1.010000e-02 1.576520e-01
199 8.320800e-01 1.012000e-02 1.578000e-01
200 8.320000e-01 1.009600e-02 1.579040e-01
201 8.318320e-01 1.005200e-02 1.581160e-01
202 8.316440e-01 9.968000e-03 1.583880e-01
203 8.315160e-01 9.924000e-03 1.585600e-01
204 8.314880e-01 9.848000e-03 1.586640e-01
205 8.316520e-01 9.628000e-03 1.587200e-01
206 8.317080e-01 9.564000e-03 1.587280e-01
207 8.317720e-01 9.524000e-03 1.587040e-01
208 8.318040e-01 9.520000e-03 1.586760e-01
209 8.319360e-01 9.384000e-03 1.586800e-01
210 8.320720e-01 9.332000e-03 1.585960e-01
211 8.321120e-01 9.392000e-03 1.584960e-01
212 8.320920e-01 9.552000e-03 1.583560e-01
213 8.321280e-01 9.480000e-03 1.583920e-01
214 8.322880e-01 9.312000e-03 1.584000e-01
215 8.323440e-01 9.304000e-03 1.583520e-01
216 8.323480e-01 9.264000e-03 1.583880e-01
217 8.324400e-01 9.352000e-03 1.582080e-01
218 8.324120e-01 9.228000e-03 1.583600e-01
219 8.322600e-01 9.384000e-03 1.583560e-01
220 8.321920e-01 9.376000e-03 1.584320e-01
221 8.321160e-01 9.308000e-03 1.585760e-01
222 8.320840e-01 9.220000e-03 1.586960e-01
223 8.320360e-01 9.264000e-03 1.587000e-01
224 8.319240e-01 9.252000e-03 1.588240e-01
225 8.318720e-01 9.256000e-03 1.588720e-01
226 8.318040e-01 9.304000e-03 1.588920e-01
227 8.319240e-01 9.192000e-03 1.588840e-01
228 8.318600e-01 9.092000e-03 1.590480e-01
229 8.318160e-01 9.244000e-03 1.589400e-01
230 8.319000e-01 9.224000e-03 1.588760e-01
231 8.316520e-01 9.388000e-03 1.589600e-01
232 8.315560e-01 9.392000e-03 1.590520e-01
233 8.315480e-01 9.460000e-03 1.589920e-01
234 8.315520e-01 9.420000e-03 1.590280e-01
235 8.316000e-01 9.188000e-03 1.592120e-01
236 8.314400e-01 9.236000e-03 1.593240e-01
237 8.313880e-01 9.316000e-03 1.592960e-01
238 8.313320e-01 9.172000e-03 1.594960e-01
239 8.313800e-01 9.068000e-03 1.595520e-01
240 8.315440e-01 8.996000e-03 1.594600e-01
241 8.316240e-01 8.852000e-03 1.595240e-01
242 8.319440e-01 8.736000e-03 1.593200e-01
243 8.321960e-01 8.664000e-03 1.591400e-01
244 8.321720e-01 8.836000e-03 1.589920e-01
245 8.322720e-01 8.720000e-03 1.590080e-01
246 8.325040e-01 8.720000e-03 1.587760e-01
247 8.324360e-01 8.812000e-03 1.587520e-01
248 8.326040e-01 8.628000e-03 1.587680e-01
249 8.326200e-01 8.724000e-03 1.586560e-01
250 8.328000e-01 8.664000e-03 1.585360e-01
251 8.329520e-01 8.540000e-03 1.585080e-01
252 8.330800e-01 8.544000e-03 1.583760e-01
253 8.331320e-01 8.344000e-03 1.585240e-01
254 8.332880e-01 8.384000e-03 1.583280e-01
255 8.334160e-01 8.256000e-03 1.583280e-01
256 8.335600e-01 8.268000e-03 1.581720e-01
257 8.335320e-01 8.272000e-03 1.581960e-01
258 8.337840e-01 8.116000e-03 1.581000e-01
259 8.339480e-01 8.072000e-03 1.579800e-01
260 8.342200e-01 7.956000e-03 1.578240e-01
261 8.344560e-01 7.812000e-03 1.577320e-01
262 8.344920e-01 7.780000e-03 1.577280e-01
263 8.345640e-01 7.904000e-03 1.575320e-01
264 8.347240e-01 7.784000e-03 1.574920e-01
265 8.350920e-01 7.744000e-03 1.571640e-01
266 8.350880e-01 7.852000e-03 1.570600e-01
267 8.352560e-01 7.880000e-03 1.568640e-01
268 8.354240e-01 7.880000e-03 1.566960e-01
269 8.357640e-01 7.824000e-03 1.564120e-01
270 8.360280e-01 7.692000e-03 1.562800e-01
271 8.361960e-01 7.700000e-03 1.561040e-01
272 8.365560e-01 7.568000e-03 1.558760e-01
273 8.366760e-01 7.500000e-03 1.558240e-01
274 8.369720e-01 7.460000e-03 1.555680e-01
275 8.369640e-01 7.648000e-03 1.553880e-01
276 8.372080e-01 7.656000e-03 1.551360e-01
277 8.374200e-01 7.752000e-03 1.548280e-01
278 8.376160e-01 7.628000e-03 1.547560e-01
279 8.378040e-01 7.564000e-03 1.546320e-01
280 8.379280e-01 7.788000e-03 1.542840e-01
281 8.381800e-01 7.680000e-03 1.541400e-01
282 8.384120e-01 7.616000e-03 1.539720e-01
283 8.383960e-01 7.732000e-03 1.538720e-01
284 8.385400e-01 7.708000e-03 1.537520e-01
285 8.385800e-01 7.856000e-03 1.535640e-01
286 8.386400e-01 7.868000e-03 1.534920e-01
287 8.388000e-01 7.904000e-03 1.532960e-01
288 8.389600e-01 7.840000e-03 1.532000e-01
289 8.391160e-01 7.768000e-03 1.531160e-01
290 8.391920e-01 7.692000e-03 1.531160e-01
291 8.394160e-01 7.588000e-03 1.529960e-01
292 8.395560e-01 7.628000e-03 1.528160e-01
293 8.396480e-01 7.712000e-03 1.526400e-01
294 8.398160e-01 7.816000e-03 1.523680e-01
295 8.401360e-01 7.576000e-03 1.522880e-01
296 8.402560e-01 7.732000e-03 1.520120e-01
297 8.404520e-01 7.648000e-03 1.519000e-01
298 8.405440e-01 7.604000e-03 1.518520e-01
299 8.406960e-01 7.532000e-03 1.517720e-01
300 8.409880e-01 7.524000e-03 1.514880e-01
301 8.412040e-01 7.480000e-03 1.513160e-01
302 8.413160e-01 7.408000e-03 1.512760e-01
303 8.416160e-01 7.316000e-03 1.510680e-01
304 8.416520e-01 7.404000e-03 1.509440e-01
305 8.418440e-01 7.504000e-03 1.506520e-01
306 8.420360e-01 7.596000e-03 1.503680e-01
307 8.423000e-01 7.612000e-03 1.500880e-01
308 8.425800e-01 7.452000e-03 1.499680e-01
309 8.428880e-01 7.272000e-03 1.498400e-01
310 8.432920e-01 6.952000e-03 1.497560e-01
311 8.437160e-01 6.828000e-03 1.494560e-01
312 8.440000e-01 6.804000e-03 1.491960e-01
313 8.443440e-01 6.820000e-03 1.488360e-01
314 8.446160e-01 6.792000e-03 1.485920e-01
315 8.449000e-01 6.808000e-03 1.482920e-01
316 8.450440e-01 6.884000e-03 1.480720e-01
317 8.453120e-01 6.844000e-03 1.478440e-01
318 8.457360e-01 6.732000e-03 1.475320e-01
319 8.459680e-01 6.740000e-03 1.472920e-01
320 8.462400e-01 6.652000e-03 1.471080e-01
321 8.462800e-01 6.880000e-03 1.468400e-01
322 8.465040e-01 6.824000e-03 1.466720e-01
323 8.466160e-01 6.768000e-03 1.466160e-01
324 8.467760e-01 6.816000e-03 1.464080e-01
325 8.470520e-01 6.784000e-03 1.461640e-01
326 8.471760e-01 6.700000e-03 1.461240e-01
327 8.473840e-01 6.656000e-03 1.459600e-01
328 8.475560e-01 6.540000e-03 1.459040e-01
329 8.478360e-01 6.380000e-03 1.457840e-01
330 8.480720e-01 6.448000e-03 1.454800e-01
331 8.483000e-01 6.416000e-03 1.452840e-01
332 8.484680e-01 6.408000e-03 1.451240e-01
333 8.487440e-01 6.460000e-03 1.447960e-01
334 8.490240e-01 6.468000e-03 1.445080e-01
335 8.493800e-01 6.408000e-03 1.442120e-01
336 8.496400e-01 6.584000e-03 1.437760e-01
337 8.497440e-01 6.580000e-03 1.436760e-01
338 8.500480e-01 6.508000e-03 1.434440e-01
339 8.501160e-01 6.760000e-03 1.431240e-01
340 8.502840e-01 6.716000e-03 1.430000e-01
341 8.505600e-01 6.648000e-03 1.427920e-01
342 8.509520e-01 6.468000e-03 1.425800e-01
343 8.513240e-01 6.528000e-03 1.421480e-01
344 8.515560e-01 6.464000e-03 1.419800e-01
345 8.519520e-01 6.336000e-03 1.417120e-01
346 8.523800e-01 6.248000e-03 1.413720e-01
347 8.526840e-01 6.076000e-03 1.412400e-01
348 8.530280e-01 6.056000e-03 1.409160e-01
349 8.535760e-01 5.968000e-03 1.404560e-01
350 8.540680e-01 5.824000e-03 1.401080e-01
351 8.543160e-01 5.924000e-03 1.397600e-01
352 8.547800e-01 5.792000e-03 1.394280e-01
353 8.550040e-01 5.828000e-03 1.391680e-01
354 8.553880e-01 5.804000e-03 1.388080e-01
355 8.557320e-01 5.776000e-03 1.384920e-01
356 8.560560e-01 5.772000e-03 1.381720e-01
357 8.563040e-01 5.792000e-03 1.379040e-01
358 8.566240e-01 5.700000e-03 1.376760e-01
359 8.570120e-01 5.648000e-03 1.373400e-01
360 8.573640e-01 5.772000e-03 1.368640e-01
361 8.574600e-01 5.996000e-03 1.365440e-01
362 8.577520e-01 5.916000e-03 1.363320e-01
363 8.581480e-01 5.972000e-03 1.358800e-01
364 8.583560e-01 5.964000e-03 1.356800e-01
365 8.586320e-01 5.928000e-03 1.354400e-01
366 8.589680e-01 5.980000e-03 1.350520e-01
367 8.592600e-01 6.004000e-03 1.347360e-01
368 8.596440e-01 5.804000e-03 1.345520e-01
369 8.599440e-01 5.848000e-03 1.342080e-01
370 8.600880e-01 5.932000e-03 1.339800e-01
371 8.603600e-01 5.980000e-03 1.336600e-01
372 8.607720e-01 5.952000e-03 1.332760e-01
373 8.610400e-01 6.028000e-03 1.329320e-01
374 8.612800e-01 5.900000e-03 1.328200e-01
375 8.616280e-01 5.844000e-03 1.325280e-01
376 8.620320e-01 5.864000e-03 1.321040e-01
377 8.623440e-01 5.860000e-03 1.317960e-01
378 8.627680e-01 5.696000e-03 1.315360e-01
379 8.630600e-01 5.700000e-03 1.312400e-01
380 8.635320e-01 5.652000e-03 1.308160e-01
381 8.638240e-01 5.568000e-03 1.306080e-01
382 8.640760e-01 5.520000e-03 1.304040e-01
383 8.643800e-01 5.532000e-03 1.300880e-01
384 8.646680e-01 5.428000e-03 1.299040e-01
385 8.650880e-01 5.304000e-03 1.296080e-01
386 8.655560e-01 5.224000e-03 1.292200e-01
387 8.658960e-01 5.272000e-03 1.288320e-01
388 8.662800e-01 5.284000e-03 1.284360e-01
389 8.666920e-01 5.080000e-03 1.282280e-01
390 8.670760e-01 5.040000e-03 1.278840e-01
391 8.675000e-01 4.916000e-03 1.275840e-01
392 8.678840e-01 4.936000e-03 1.271800e-01
393 8.681800e-01 4.900000e-03 1.269200e-01
394 8.686320e-01 4.932000e-03 1.264360e-01
395 8.690640e-01 4.860000e-03 1.260760e-01
396 8.694120e-01 4.944000e-03 1.256440e-01
397 8.698960e-01 4.892000e-03 1.252120e-01
398 8.702880e-01 4.820000e-03 1.248920e-01
399 8.705160e-01 4.900000e-03 1.245840e-01
400 8.708920e-01 4.964000e-03 1.241440e-01
401 8.712320e-01 5.004000e-03 1.237640e-01
402 8.715400e-01 4.944000e-03 1.235160e-01
403 8.719880e-01 4.804000e-03 1.232080e-01
404 8.723480e-01 4.912000e-03 1.227400e-01
405 8.726440e-01 4.956000e-03 1.224000e-01
406 8.729240e-01 5.060000e-03 1.220160e-01
407 8.731400e-01 5.092000e-03 1.217680e-01
408 8.733840e-01 5.244000e-03 1.213720e-01
409 8.735640e-01 5.240000e-03 1.211960e-01
410 8.738280e-01 5.284000e-03 1.208880e-01
411 8.742280e-01 5.240000e-03 1.205320e-01
412 8.744240e-01 5.188000e-03 1.203880e-01
413 8.749080e-01 5.040000e-03 1.200520e-01
414 8.752080e-01 4.996000e-03 1.197960e-01
415 8.753800e-01 5.044000e-03 1.195760e-01
416 8.758680e-01 4.968000e-03 1.191640e-01
417 8.762240e-01 4.896000e-03 1.188800e-01
418 8.764120e-01 4.980000e-03 1.186080e-01
419 8.766920e-01 5.072000e-03 1.182360e-01
420 8.770000e-01 4.996000e-03 1.180040e-01
421 8.773760e-01 5.020000e-03 1.176040e-01
422 8.775880e-01 5.152000e-03 1.172600e-01
423 8.780320e-01 5.048000e-03 1.169200e-01
424 8.783400e-01 4.976000e-03 1.166840e-01
425 8.785320e-01 4.920000e-03 1.165480e-01
426 8.788760e-01 4.980000e-03 1.161440e-01
427 8.792400e-01 4.816000e-03 1.159440e-01
428 8.795640e-01 4.692000e-03 1.157440e-01
429 8.799040e-01 4.732000e-03 1.153640e-01
430 8.804280e-01 4.648000e-03 1.149240e-01
431 8.807720e-01 4.680000e-03 1.145480e-01
432 8.810640e-01 4.720000e-03 1.142160e-01
433 8.812920e-01 4.768000e-03 1.139400e-01
434 8.815320e-01 4.824000e-03 1.136440e-01
435 8.817000e-01 4.912000e-03 1.133880e-01
436 8.819800e-01 4.900000e-03 1.131200e-01
437 8.823160e-01 4.956000e-03 1.127280e-01
438 8.825320e-01 4.956000e-03 1.125120e-01
439 8.826840e-01 5.064000e-03 1.122520e-01
440 8.828560e-01 5.036000e-03 1.121080e-01
441 8.829200e-01 5.216000e-03 1.118640e-01
442 8.831880e-01 5.076000e-03 1.117360e-01
443 8.834120e-01 5.056000e-03 1.115320e-01
444 8.837760e-01 4.956000e-03 1.112680e-01
445 8.839480e-01 4.952000e-03 1.111000e-01
446 8.842320e-01 4.924000e-03 1.108440e-01
447 8.845080e-01 4.824000e-03 1.106680e-01
448 8.847160e-01 4.852000e-03 1.104320e-01
449 8.850640e-01 4.776000e-03 1.101600e-01
450 8.852240e-01 4.828000e-03 1.099480e-01
451 8.855080e-01 4.696000e-03 1.097960e-01
452 8.857520e-01 4.688000e-03 1.095600e-01
453 8.860400e-01 4.744000e-03 1.092160e-01
454 8.863520e-01 4.700000e-03 1.089480e-01
455 8.867440e-01 4.592000e-03 1.086640e-01
456 8.870800e-01 4.596000e-03 1.083240e-01
457 8.873960e-01 4.588000e-03 1.080160e-01
458 8.876440e-01 4.572000e-03 1.077840e-01
459 8.878080e-01 4.636000e-03 1.075560e-01
460 8.881920e-01 4.608000e-03 1.072000e-01
461 8.885240e-01 4.516000e-03 1.069600e-01
462 8.888480e-01 4.492000e-03 1.066600e-01
463 8.891800e-01 4.356000e-03 1.064640e-01
464 8.894400e-01 4.396000e-03 1.061640e-01
465 8.897480e-01 4.376000e-03 1.058760e-01
466 8.899800e-01 4.448000e-03 1.055720e-01
467 8.901320e-01 4.476000e-03 1.053920e-01
468 8.904000e-01 4.408000e-03 1.051920e-01
469 8.906760e-01 4.388000e-03 1.049360e-01
470 8.908160e-01 4.552000e-03 1.046320e-01
471 8.909880e-01 4.580000e-03 1.044320e-01
472 8.911400e-01 4.736000e-03 1.041240e-01
473 8.914640e-01 4.612000e-03 1.039240e-01
474 8.917280e-01 4.604000e-03 1.036680e-01
475 8.919000e-01 4.652000e-03 1.034480e-01
476 8.919760e-01 4.648000e-03 1.033760e-01
477 8.921880e-01 4.664000e-03 1.031480e-01
478 8.922720e-01 4.728000e-03 1.030000e-01
479 8.925400e-01 4.624000e-03 1.028360e-01
480 8.927520e-01 4.644000e-03 1.026040e-01
481 8.929200e-01 4.780000e-03 1.023000e-01
482 8.931720e-01 4.660000e-03 1.021680e-01
483 8.933120e-01 4.776000e-03 1.019120e-01
484 8.935400e-01 4.784000e-03 1.016760e-01
485 8.937400e-01 4.756000e-03 1.015040e-01
486 8.940680e-01 4.772000e-03 1.011600e-01
487 8.940960e-01 4.956000e-03 1.009480e-01
488 8.943320e-01 4.984000e-03 1.006840e-01
489 8.944680e-01 5.004000e-03 1.005280e-01
490 8.946920e-01 4.868000e-03 1.004400e-01
491 8.951280e-01 4.744000e-03 1.001280e-01
492 8.954520e-01 4.540000e-03 1.000080e-01
493 8.957440e-01 4.524000e-03 9.973200e-02
494 8.960600e-01 4.416000e-03 9.952400e-02
495 8.962640e-01 4.292000e-03 9.944400e-02
496 8.965520e-01 4.208000e-03 9.924000e-02
497 8.968560e-01 4.172000e-03 9.897200e-02
498 8.971000e-01 4.204000e-03 9.869600e-02
499 8.974720e-01 4.192000e-03 9.833600e-02
500 8.977600e-01 4.172000e-03 9.806800e-02
501 8.979840e-01 4.244000e-03 9.777200e-02
502 8.983320e-01 4.120000e-03 9.754800e-02
503 8.984560e-01 4.220000e-03 9.732400e-02
504 8.988680e-01 4.280000e-03 9.685200e-02
505 8.991360e-01 4.300000e-03 9.656400e-02
506 8.993160e-01 4.324000e-03 9.636000e-02
507 8.995920e-01 4.328000e-03 9.608000e-02
508 8.998320e-01 4.368000e-03 9.580000e-02
509 9.000960e-01 4.408000e-03 9.549600e-02
510 9.004200e-01 4.408000e-03 9.517200e-02
511 9.004120e-01 4.544000e-03 9.504400e-02
512 9.006480e-01 4.440000e-03 9.491200e-02
513 9.007280e-01 4.536000e-03 9.473600e-02
514 9.008640e-01 4.596000e-03 9.454000e-02
515 9.009160e-01 4.660000e-03 9.442400e-02
516 9.009840e-01 4.676000e-03 9.434000e-02
517 9.009520e-01 4.648000e-03 9.440000e-02
518 9.009600e-01 4.676000e-03 9.436400e-02
519 9.010960e-01 4.704000e-03 9.420000e-02
520 9.012800e-01 4.768000e-03 9.395200e-02
521 9.014520e-01 4.768000e-03 9.378000e-02
522 9.016920e-01 4.708000e-03 9.360000e-02
523 9.019640e-01 4.520000e-03 9.351600e-02
524 9.020720e-01 4.568000e-03 9.336000e-02
525 9.022720e-01 4.376000e-03 9.335200e-02
526 9.023480e-01 4.324000e-03 9.332800e-02
527 9.024480e-01 4.452000e-03 9.310000e-02
528 9.024440e-01 4.492000e-03 9.306400e-02
529 9.025480e-01 4.696000e-03 9.275600e-02
530 9.025160e-01 4.788000e-03 9.269600e-02
531 9.026880e-01 4.748000e-03 9.256400e-02
532 9.028440e-01 4.796000e-03 9.236000e-02
533 9.028120e-01 4.832000e-03 9.235600e-02
534 9.027560e-01 4.884000e-03 9.236000e-02
535 9.028120e-01 4.864000e-03 9.232400e-02
536 9.030960e-01 4.768000e-03 9.213600e-02
537 9.032720e-01 4.704000e-03 9.202400e-02
538 9.034560e-01 4.628000e-03 9.191600e-02
539 9.034680e-01 4.580000e-03 9.195200e-02
540 9.035680e-01 4.584000e-03 9.184800e-02
541 9.038520e-01 4.584000e-03 9.156400e-02
542 9.040160e-01 4.508000e-03 9.147600e-02
543 9.041560e-01 4.420000e-03 9.142400e-02
544 9.042680e-01 4.536000e-03 9.119600e-02
545 9.044800e-01 4.456000e-03 9.106400e-02
546 9.046840e-01 4.432000e-03 9.088400e-02
547 9.047800e-01 4.476000e-03 9.074400e-02
548 9.050880e-01 4.392000e-03 9.052000e-02
549 9.051240e-01 4.436000e-03 9.044000e-02
550 9.052800e-01 4.536000e-03 9.018400e-02
551 9.054280e-01 4.504000e-03 9.006800e-02
552 9.054120e-01 4.560000e-03 9.002800e-02
553 9.054080e-01 4.488000e-03 9.010400e-02
554 9.053960e-01 4.556000e-03 9.004800e-02
555 9.053440e-01 4.776000e-03 8.988000e-02
556 9.053760e-01 4.832000e-03 8.979200e-02
557 9.054720e-01 4.824000e-03 8.970400e-02
558 9.056320e-01 4.744000e-03 8.962400e-02
559 9.056080e-01 4.872000e-03 8.952000e-02
560 9.055520e-01 4.940000e-03 8.950800e-02
561 9.056760e-01 4.908000e-03 8.941600e-02
562 9.059320e-01 4.740000e-03 8.932800e-02
563 9.061000e-01 4.652000e-03 8.924800e-02
564 9.062560e-01 4.668000e-03 8.907600e-02
565 9.061920e-01 4.784000e-03 8.902400e-02
566 9.060800e-01 4.912000e-03 8.900800e-02
567 9.059120e-01 5.004000e-03 8.908400e-02
568 9.058880e-01 4.916000e-03 8.919600e-02
569 9.059600e-01 4.896000e-03 8.914400e-02
570 9.059560e-01 4.900000e-03 8.914400e-02
571 9.060440e-01 4.856000e-03 8.910000e-02
572 9.060760e-01 4.936000e-03 8.898800e-02
573 9.060080e-01 4.916000e-03 8.907600e-02
574 9.061760e-01 4.932000e-03 8.889200e-02
575 9.064600e-01 4.736000e-03 8.880400e-02
576 9.065360e-01 4.648000e-03 8.881600e-02
577 9.067360e-01 4.584000e-03 8.868000e-02
578 9.068520e-01 4.624000e-03 8.852400e-02
579 9.071080e-01 4.416000e-03 8.847600e-02
580 9.072200e-01 4.400000e-03 8.838000e-02
581 9.073720e-01 4.420000e-03 8.820800e-02
582 9.075480e-01 4.360000e-03 8.809200e-02
583 9.077080e-01 4.416000e-03 8.787600e-02
584 9.079760e-01 4.364000e-03 8.766000e-02
585 9.080840e-01 4.316000e-03 8.760000e-02
586 9.081720e-01 4.332000e-03 8.749600e-02
587 9.083120e-01 4.252000e-03 8.743600e-02
588 9.084320e-01 4.260000e-03 8.730800e-02
589 9.085360e-01 4.368000e-03 8.709600e-02
590 9.086760e-01 4.432000e-03 8.689200e-02
591 9.086200e-01 4.508000e-03 8.687200e-02
592 9.088080e-01 4.352000e-03 8.684000e-02
593 9.088080e-01 4.416000e-03 8.677600e-02
594 9.088000e-01 4.540000e-03 8.666000e-02
595 9.087280e-01 4.696000e-03 8.657600e-02
596 9.087080e-01 4.800000e-03 8.649200e-02
597 9.085360e-01 4.844000e-03 8.662000e-02
598 9.086680e-01 4.732000e-03 8.660000e-02
599 9.087800e-01 4.720000e-03 8.650000e-02
600 9.086280e-01 4.748000e-03 8.662400e-02
601 9.086320e-01 4.708000e-03 8.666000e-02
602 9.085480e-01 4.808000e-03 8.664400e-02
603 9.086200e-01 4.804000e-03 8.657600e-02
604 9.085360e-01 4.808000e-03 8.665600e-02
605 9.085240e-01 4.848000e-03 8.662800e-02
606 9.085200e-01 4.836000e-03 8.664400e-02
607 9.087280e-01 4.676000e-03 8.659600e-02
608 9.089480e-01 4.608000e-03 8.644400e-02
609 9.090440e-01 4.528000e-03 8.642800e-02
610 9.091560e-01 4.568000e-03 8.627600e-02
611 9.090840e-01 4.564000e-03 8.635200e-02
612 9.090640e-01 4.572000e-03 8.636400e-02
613 9.091120e-01 4.540000e-03 8.634800e-02
614 9.091600e-01 4.644000e-03 8.619600e-02
615 9.092400e-01 4.616000e-03 8.614400e-02
616 9.093560e-01 4.580000e-03 8.606400e-02
617 9.095040e-01 4.604000e-03 8.589200e-02
618 9.094240e-01 4.624000e-03 8.595200e-02
619 9.095280e-01 4.568000e-03 8.590400e-02
620 9.095800e-01 4.552000e-03 8.586800e-02
621 9.095240e-01 4.620000e-03 8.585600e-02
622 9.095840e-01 4.536000e-03 8.588000e-02
623 9.095640e-01 4.560000e-03 8.587600e-02
624 9.095560e-01 4.556000e-03 8.588800e-02
625 9.095160e-01 4.592000e-03 8.589200e-02
626 9.095640e-01 4.452000e-03 8.598400e-02
627 9.095840e-01 4.644000e-03 8.577200e-02
628 9.096280e-01 4.656000e-03 8.571600e-02
629 9.095880e-01 4.656000e-03 8.575600e-02
630 9.096360e-01 4.496000e-03 8.586800e-02
631 9.096560e-01 4.484000e-03 8.586000e-02
632 9.097040e-01 4.468000e-03 8.582800e-02
633 9.097720e-01 4.428000e-03 8.580000e-02
634 9.098920e-01 4.468000e-03 8.564000e-02
635 9.099120e-01 4.536000e-03 8.555200e-02
636 9.100280e-01 4.528000e-03 8.544400e-02
637 9.100440e-01 4.540000e-03 8.541600e-02
638 9.101360e-01 4.624000e-03 8.524000e-02
639 9.102520e-01 4.688000e-03 8.506000e-02
640 9.103800e-01 4.556000e-03 8.506400e-02
641 9.104440e-01 4.592000e-03 8.496400e-02
642 9.103640e-01 4.660000e-03 8.497600e-02
643 9.104920e-01 4.696000e-03 8.481200e-02
644 9.105640e-01 4.644000e-03 8.479200e-02
645 9.105640e-01 4.652000e-03 8.478400e-02
646 9.105720e-01 4.728000e-03 8.470000e-02
647 9.106760e-01 4.752000e-03 8.457200e-02
648 9.107480e-01 4.756000e-03 8.449600e-02
649 9.109080e-01 4.636000e-03 8.445600e-02
650 9.110480e-01 4.580000e-03 8.437200e-02
651 9.111000e-01 4.544000e-03 8.435600e-02
652 9.111360e-01 4.524000e-03 8.434000e-02
653 9.111440e-01 4.548000e-03 8.430800e-02
654 9.113840e-01 4.544000e-03 8.407200e-02
655 9.113440e-01 4.704000e-03 8.395200e-02
656 9.114080e-01 4.596000e-03 8.399600e-02
657 9.114120e-01 4.636000e-03 8.395200e-02
658 9.115680e-01 4.564000e-03 8.386800e-02
659 9.117960e-01 4.328000e-03 8.387600e-02
660 9.120560e-01 4.176000e-03 8.376800e-02
661 9.122800e-01 4.104000e-03 8.361600e-02
662 9.124680e-01 3.944000e-03 8.358800e-02
663 9.126680e-01 3.944000e-03 8.338800e-02
664 9.127400e-01 3.996000e-03 8.326400e-02
665 9.128720e-01 4.016000e-03 8.311200e-02
666 9.131160e-01 3.968000e-03 8.291600e-02
667 9.132560e-01 4.032000e-03 8.271200e-02
668 9.133280e-01 3.952000e-03 8.272000e-02
669 9.134920e-01 4.032000e-03 8.247600e-02
670 9.135360e-01 4.052000e-03 8.241200e-02
671 9.135680e-01 4.056000e-03 8.237600e-02
672 9.137200e-01 4.016000e-03 8.226400e-02
673 9.137840e-01 4.060000e-03 8.215600e-02
674 9.138440e-01 4.096000e-03 8.206000e-02
675 9.139240e-01 4.096000e-03 8.198000e-02
676 9.138800e-01 4.232000e-03 8.188800e-02
677 9.136760e-01 4.408000e-03 8.191600e-02
678 9.137000e-01 4.416000e-03 8.188400e-02
679 9.137840e-01 4.384000e-03 8.183200e-02
680 9.137600e-01 4.448000e-03 8.179200e-02
681 9.137200e-01 4.552000e-03 8.172800e-02
682 9.136200e-01 4.552000e-03 8.182800e-02
683 9.136520e-01 4.496000e-03 8.185200e-02
684 9.137480e-01 4.440000e-03 8.181200e-02
685 9.137240e-01 4.476000e-03 8.180000e-02
686 9.138320e-01 4.464000e-03 8.170400e-02
687 9.138040e-01 4.496000e-03 8.170000e-02
688 9.138360e-01 4.536000e-03 8.162800e-02
689 9.138280e-01 4.576000e-03 8.159600e-02
690 9.139840e-01 4.548000e-03 8.146800e-02
691 9.140040e-01 4.500000e-03 8.149600e-02
692 9.141520e-01 4.432000e-03 8.141600e-02
693 9.143000e-01 4.388000e-03 8.131200e-02
694 9.144520e-01 4.292000e-03 8.125600e-02
695 9.145960e-01 4.308000e-03 8.109600e-02
696 9.146800e-01 4.228000e-03 8.109200e-02
697 9.147040e-01 4.172000e-03 8.112400e-02
698 9.146680e-01 4.224000e-03 8.110800e-02
699 9.146800e-01 4.188000e-03 8.113200e-02
700 9.147320e-01 4.200000e-03 8.106800e-02
701 9.148720e-01 4.056000e-03 8.107200e-02
702 9.148840e-01 4.060000e-03 8.105600e-02
703 9.151080e-01 3.992000e-03 8.090000e-02
704 9.153320e-01 3.932000e-03 8.073600e-02
705 9.154880e-01 3.908000e-03 8.060400e-02
706 9.156520e-01 3.920000e-03 8.042800e-02
707 9.157440e-01 3.920000e-03 8.033600e-02
708 9.158640e-01 3.872000e-03 8.026400e-02
709 9.161880e-01 3.724000e-03 8.008800e-02
710 9.164200e-01 3.612000e-03 7.996800e-02
711 9.166960e-01 3.520000e-03 7.978400e-02
712 9.169960e-01 3.492000e-03 7.951200e-02
713 9.171720e-01 3.364000e-03 7.946400e-02
714 9.174640e-01 3.276000e-03 7.926000e-02
715 9.178000e-01 3.200000e-03 7.900000e-02
716 9.180520e-01 3.056000e-03 7.889200e-02
717 9.182280e-01 2.992000e-03 7.878000e-02
718 9.185080e-01 3.028000e-03 7.846400e-02
719 9.187320e-01 3.024000e-03 7.824400e-02
720 9.189320e-01 3.040000e-03 7.802800e-02
721 9.192480e-01 3.024000e-03 7.772800e-02
722 9.193560e-01 3.076000e-03 7.756800e-02
723 9.195160e-01 3.168000e-03 7.731600e-02
724 9.196640e-01 3.152000e-03 7.718400e-02
725 9.197680e-01 3.136000e-03 7.709600e-02
726 9.199800e-01 3.212000e-03 7.680800e-02
727 9.201280e-01 3.304000e-03 7.656800e-02
728 9.203200e-01 3.240000e-03 7.644000e-02
729 9.204840e-01 3.288000e-03 7.622800e-02
730 9.207200e-01 3.200000e-03 7.608000e-02
731 9.208520e-01 3.196000e-03 7.595200e-02
732 9.210640e-01 3.172000e-03 7.576400e-02
733 9.212520e-01 3.124000e-03 7.562400e-02
734 9.213800e-01 3.156000e-03 7.546400e-02
735 9.214920e-01 3.172000e-03 7.533600e-02
736 9.216880e-01 3.160000e-03 7.515200e-02
737 9.219480e-01 3.220000e-03 7.483200e-02
738 9.221640e-01 3.316000e-03 7.452000e-02
739 9.223920e-01 3.184000e-03 7.442400e-02
740 9.227320e-01 3.004000e-03 7.426400e-02
741 9.228720e-01 3.052000e-03 7.407600e-02
742 9.231280e-01 2.920000e-03 7.395200e-02
743 9.234720e-01 2.788000e-03 7.374000e-02
744 9.236480e-01 2.852000e-03 7.350000e-02
745 9.238920e-01 2.860000e-03 7.324800e-02
746 9.241000e-01 2.900000e-03 7.300000e-02
747 9.241600e-01 2.960000e-03 7.288000e-02
748 9.244680e-01 2.900000e-03 7.263200e-02
749 9.245840e-01 2.940000e-03 7.247600e-02
750 9.247680e-01 2.912000e-03 7.232000e-02
751 9.250520e-01 3.004000e-03 7.194400e-02
752 9.252280e-01 3.000000e-03 7.177200e-02
753 9.252920e-01 3.036000e-03 7.167200e-02
754 9.253800e-01 3.172000e-03 7.144800e-02
755 9.255320e-01 3.296000e-03 7.117200e-02
756 9.255840e-01 3.396000e-03 7.102000e-02
757 9.256280e-01 3.380000e-03 7.099200e-02
758 9.256200e-01 3.412000e-03 7.096800e-02
759 9.256440e-01 3.436000e-03 7.092000e-02
760 9.257960e-01 3.248000e-03 7.095600e-02
761 9.258920e-01 3.160000e-03 7.094800e-02
762 9.260960e-01 3.124000e-03 7.078000e-02
763 9.263560e-01 3.096000e-03 7.054800e-02
764 9.265400e-01 3.092000e-03 7.036800e-02
765 9.267280e-01 2.936000e-03 7.033600e-02
766 9.269680e-01 2.816000e-03 7.021600e-02
767 9.271880e-01 2.784000e-03 7.002800e-02
768 9.273320e-01 2.832000e-03 6.983600e-02
769 9.275520e-01 2.888000e-03 6.956000e-02
770 9.277680e-01 2.872000e-03 6.936000e-02
771 9.279800e-01 2.900000e-03 6.912000e-02
772 9.282240e-01 2.792000e-03 6.898400e-02
773 9.285160e-01 2.820000e-03 6.866400e-02
774 9.286920e-01 2.896000e-03 6.841200e-02
775 9.288760e-01 2.876000e-03 6.824800e-02
776 9.290000e-01 2.788000e-03 6.821200e-02
777 9.291480e-01 2.880000e-03 6.797200e-02
778 9.292640e-01 2.956000e-03 6.778000e-02
779 9.294000e-01 3.052000e-03 6.754800e-02
780 9.294960e-01 3.028000e-03 6.747600e-02
781 9.295920e-01 3.028000e-03 6.738000e-02
782 9.297160e-01 3.048000e-03 6.723600e-02
783 9.298160e-01 3.116000e-03 6.706800e-02
784 9.300040e-01 3.104000e-03 6.689200e-02
785 9.300600e-01 3.100000e-03 6.684000e-02
786 9.300960e-01 3.104000e-03 6.680000e-02
787 9.302880e-01 3.116000e-03 6.659600e-02
788 9.304160e-01 3.080000e-03 6.650400e-02
789 9.306760e-01 2.984000e-03 6.634000e-02
790 9.308920e-01 2.912000e-03 6.619600e-02
791 9.310400e-01 2.948000e-03 6.601200e-02
792 9.312280e-01 2.944000e-03 6.582800e-02
793 9.312400e-01 3.144000e-03 6.561600e-02
794 9.313640e-01 3.196000e-03 6.544000e-02
795 9.314720e-01 3.356000e-03 6.517200e-02
796 9.314760e-01 3.400000e-03 6.512400e-02
797 9.316480e-01 3.304000e-03 6.504800e-02
798 9.318040e-01 3.296000e-03 6.490000e-02
799 9.319360e-01 3.356000e-03 6.470800e-02
800 9.318240e-01 3.380000e-03 6.479600e-02
801 9.318920e-01 3.340000e-03 6.476800e-02
802 9.318200e-01 3.384000e-03 6.479600e-02
803 9.320440e-01 3.252000e-03 6.470400e-02
804 9.320360e-01 3.312000e-03 6.465200e-02
805 9.320520e-01 3.312000e-03 6.463600e-02
806 9.321400e-01 3.256000e-03 6.460400e-02
807 9.322400e-01 3.184000e-03 6.457600e-02
808 9.323680e-01 3.232000e-03 6.440000e-02
809 9.324160e-01 3.284000e-03 6.430000e-02
810 9.324440e-01 3.396000e-03 6.416000e-02
811 9.324440e-01 3.488000e-03 6.406800e-02
812 9.325800e-01 3.420000e-03 6.400000e-02
813 9.326760e-01 3.496000e-03 6.382800e-02
814 9.327280e-01 3.452000e-03 6.382000e-02
815 9.328320e-01 3.404000e-03 6.376400e-02
816 9.328600e-01 3.440000e-03 6.370000e-02
817 9.328840e-01 3.324000e-03 6.379200e-02
818 9.330680e-01 3.272000e-03 6.366000e-02
819 9.332240e-01 3.232000e-03 6.354400e-02
820 9.334640e-01 3.072000e-03 6.346400e-02
821 9.335840e-01 3.076000e-03 6.334000e-02
822 9.337920e-01 2.952000e-03 6.325600e-02
823 9.339240e-01 2.984000e-03 6.309200e-02
824 9.340840e-01 2.872000e-03 6.304400e-02
825 9.342120e-01 2.924000e-03 6.286400e-02
826 9.343800e-01 2.944000e-03 6.267600e-02
827 9.344440e-01 2.892000e-03 6.266400e-02
828 9.344560e-01 2.968000e-03 6.257600e-02
829 9.345320e-01 3.036000e-03 6.243200e-02
830 9.345280e-01 3.192000e-03 6.228000e-02
831 9.345320e-01 3.260000e-03 6.220800e-02
832 9.345880e-01 3.308000e-03 6.210400e-02
833 9.345200e-01 3.292000e-03 6.218800e-02
834 9.345960e-01 3.332000e-03 6.207200e-02
835 9.346440e-01 3.380000e-03 6.197600e-02
836 9.345760e-01 3.408000e-03 6.201600e-02
837 9.344000e-01 3.532000e-03 6.206800e-02
838 9.342840e-01 3.684000e-03 6.203200e-02
839 9.342120e-01 3.784000e-03 6.200400e-02
840 9.341360e-01 3.792000e-03 6.207200e-02
841 9.340080e-01 3.860000e-03 6.213200e-02
842 9.340200e-01 3.844000e-03 6.213600e-02
843 9.338280e-01 3.940000e-03 6.223200e-02
844 9.336960e-01 4.040000e-03 6.226400e-02
845 9.334800e-01 4.072000e-03 6.244800e-02
846 9.332880e-01 4.120000e-03 6.259200e-02
847 9.331880e-01 4.084000e-03 6.272800e-02
848 9.330680e-01 4.080000e-03 6.285200e-02
849 9.330040e-01 3.968000e-03 6.302800e-02
850 9.329240e-01 3.992000e-03 6.308400e-02
851 9.328840e-01 4.020000e-03 6.309600e-02
852 9.328640e-01 3.860000e-03 6.327600e-02
853 9.328600e-01 3.744000e-03 6.339600e-02
854 9.328360e-01 3.776000e-03 6.338800e-02
855 9.329480e-01 3.664000e-03 6.338800e-02
856 9.329520e-01 3.672000e-03 6.337600e-02
857 9.331040e-01 3.536000e-03 6.336000e-02
858 9.331280e-01 3.604000e-03 6.326800e-02
859 9.331080e-01 3.604000e-03 6.328800e-02
860 9.331680e-01 3.536000e-03 6.329600e-02
861 9.331600e-01 3.496000e-03 6.334400e-02
862 9.332160e-01 3.428000e-03 6.335600e-02
863 9.333440e-01 3.420000e-03 6.323600e-02
864 9.334000e-01 3.352000e-03 6.324800e-02
865 9.334400e-01 3.328000e-03 6.323200e-02
866 9.334800e-01 3.292000e-03 6.322800e-02
867 9.335280e-01 3.332000e-03 6.314000e-02
868 9.336600e-01 3.252000e-03 6.308800e-02
869 9.336800e-01 3.200000e-03 6.312000e-02
870 9.337640e-01 3.276000e-03 6.296000e-02
871 9.338280e-01 3.400000e-03 6.277200e-02
872 9.337520e-01 3.492000e-03 6.275600e-02
873 9.337080e-01 3.516000e-03 6.277600e-02
874 9.337720e-01 3.376000e-03 6.285200e-02
875 9.339040e-01 3.308000e-03 6.278800e-02
876 9.339960e-01 3.280000e-03 6.272400e-02
877 9.340000e-01 3.344000e-03 6.265600e-02
878 9.339560e-01 3.472000e-03 6.257200e-02
879 9.338480e-01 3.528000e-03 6.262400e-02
880 9.337360e-01 3.624000e-03 6.264000e-02
881 9.336560e-01 3.740000e-03 6.260400e-02
882 9.334720e-01 3.876000e-03 6.265200e-02
883 9.333960e-01 3.828000e-03 6.277600e-02
884 9.333120e-01 3.792000e-03 6.289600e-02
885 9.331440e-01 3.872000e-03 6.298400e-02
886 9.330040e-01 3.972000e-03 6.302400e-02
887 9.329200e-01 4.000000e-03 6.308000e-02
888 9.328240e-01 4.140000e-03 6.303600e-02
889 9.325920e-01 4.232000e-03 6.317600e-02
890 9.325000e-01 4.288000e-03 6.321200e-02
891 9.324440e-01 4.272000e-03 6.328400e-02
892 9.325160e-01 4.240000e-03 6.324400e-02
893 9.324480e-01 4.184000e-03 6.336800e-02
894 9.324960e-01 4.096000e-03 6.340800e-02
895 9.325400e-01 4.048000e-03 6.341200e-02
896 9.325280e-01 4.100000e-03 6.337200e-02
897 9.323080e-01 4.164000e-03 6.352800e-02
898 9.322280e-01 4.168000e-03 6.360400e-02
899 9.320480e-01 4.296000e-03 6.365600e-02
900 9.318840e-01 4.468000e-03 6.364800e-02
901 9.318600e-01 4.452000e-03 6.368800e-02
902 9.317480e-01 4.496000e-03 6.375600e-02
903 9.317640e-01 4.372000e-03 6.386400e-02
904 9.316920e-01 4.260000e-03 6.404800e-02
905 9.314160e-01 4.440000e-03 6.414400e-02
906 9.312440e-01 4.572000e-03 6.418400e-02
907 9.312680e-01 4.504000e-03 6.422800e-02
908 9.311560e-01 4.640000e-03 6.420400e-02
909 9.312360e-01 4.440000e-03 6.432400e-02
910 9.311680e-01 4.392000e-03 6.444000e-02
911 9.311200e-01 4.308000e-03 6.457200e-02
912 9.311480e-01 4.216000e-03 6.463600e-02
913 9.310160e-01 4.248000e-03 6.473600e-02
914 9.310000e-01 4.140000e-03 6.486000e-02
915 9.311200e-01 3.992000e-03 6.488800e-02
916 9.309600e-01 4.016000e-03 6.502400e-02
917 9.307880e-01 4.052000e-03 6.516000e-02
918 9.307560e-01 4.104000e-03 6.514000e-02
919 9.307520e-01 4.044000e-03 6.520400e-02
920 9.308840e-01 3.860000e-03 6.525600e-02
921 9.308240e-01 3.896000e-03 6.528000e-02
922 9.310160e-01 3.768000e-03 6.521600e-02
923 9.309800e-01 3.796000e-03 6.522400e-02
924 9.310640e-01 3.848000e-03 6.508800e-02
925 9.310480e-01 3.804000e-03 6.514800e-02
926 9.311360e-01 3.736000e-03 6.512800e-02
927 9.312480e-01 3.640000e-03 6.511200e-02
928 9.312960e-01 3.532000e-03 6.517200e-02
929 9.312680e-01 3.636000e-03 6.509600e-02
930 9.311480e-01 3.836000e-03 6.501600e-02
931 9.309920e-01 3.940000e-03 6.506800e-02
932 9.310000e-01 3.860000e-03 6.514000e-02
