1 9.992600e-01 6.640000e-04 7.600000e-05
2 9.987840e-01 9.720000e-04 2.440000e-04
3 9.981400e-01 1.432000e-03 4.280000e-04
4 9.975120e-01 1.820000e-03 6.680000e-04
5 9.966920e-01 2.316000e-03 9.920000e-04
6 9.958360e-01 2.736000e-03 1.428000e-03
7 9.949240e-01 3.156000e-03 1.920000e-03
8 9.941080e-01 3.396000e-03 2.496000e-03
9 9.932320e-01 3.624000e-03 3.144000e-03
10 9.922680e-01 3.896000e-03 3.836000e-03
11 9.913200e-01 4.212000e-03 4.468000e-03
12 9.903320e-01 4.504000e-03 5.164000e-03
13 9.892480e-01 4.844000e-03 5.908000e-03
14 9.881960e-01 5.088000e-03 6.716000e-03
15 9.870040e-01 5.464000e-03 7.532000e-03
16 9.857680e-01 5.776000e-03 8.456000e-03
17 9.846160e-01 5.944000e-03 9.440000e-03
18 9.834960e-01 6.064000e-03 1.044000e-02
19 9.823520e-01 6.272000e-03 1.137600e-02
20 9.812480e-01 6.448000e-03 1.230400e-02
21 9.800400e-01 6.748000e-03 1.321200e-02
22 9.788560e-01 6.996000e-03 1.414800e-02
23 9.776600e-01 7.096000e-03 1.524400e-02
24 9.763160e-01 7.172000e-03 1.651200e-02
25 9.751400e-01 7.432000e-03 1.742800e-02
26 9.738640e-01 7.596000e-03 1.854000e-02
27 9.726280e-01 7.732000e-03 1.964000e-02
28 9.713160e-01 7.964000e-03 2.072000e-02
29 9.701000e-01 8.004000e-03 2.189600e-02
30 9.687240e-01 8.088000e-03 2.318800e-02
31 9.674360e-01 8.260000e-03 2.430400e-02
32 9.660280e-01 8.488000e-03 2.548400e-02
33 9.645920e-01 8.760000e-03 2.664800e-02
34 9.632920e-01 8.816000e-03 2.789200e-02
35 9.617360e-01 9.080000e-03 2.918400e-02
36 9.603040e-01 9.364000e-03 3.033200e-02
37 9.589920e-01 9.228000e-03 3.178000e-02
38 9.576800e-01 9.364000e-03 3.295600e-02
39 9.563760e-01 9.580000e-03 3.404400e-02
40 9.549480e-01 9.644000e-03 3.540800e-02
41 9.537040e-01 9.712000e-03 3.658400e-02
42 9.523880e-01 9.700000e-03 3.791200e-02
43 9.511520e-01 9.660000e-03 3.918800e-02
44 9.500440e-01 9.640000e-03 4.031600e-02
45 9.487880e-01 9.748000e-03 4.146400e-02
46 9.474960e-01 9.880000e-03 4.262400e-02
47 9.462000e-01 1.004800e-02 4.375200e-02
48 9.447120e-01 1.035200e-02 4.493600e-02
49 9.432760e-01 1.056400e-02 4.616000e-02
50 9.417320e-01 1.079600e-02 4.747200e-02
51 9.400160e-01 1.119600e-02 4.878800e-02
52 9.383320e-01 1.139600e-02 5.027200e-02
53 9.367520e-01 1.158800e-02 5.166000e-02
54 9.353000e-01 1.147200e-02 5.322800e-02
55 9.339720e-01 1.129200e-02 5.473600e-02
56 9.325720e-01 1.126000e-02 5.616800e-02
57 9.313600e-01 1.108000e-02 5.756000e-02
58 9.300000e-01 1.122800e-02 5.877200e-02
59 9.288920e-01 1.105600e-02 6.005200e-02
60 9.275680e-01 1.119200e-02 6.124000e-02
61 9.263600e-01 1.124800e-02 6.239200e-02
62 9.251880e-01 1.127200e-02 6.354000e-02
63 9.239000e-01 1.125600e-02 6.484400e-02
64 9.226520e-01 1.134000e-02 6.600800e-02
65 9.213240e-01 1.130400e-02 6.737200e-02
66 9.201480e-01 1.135200e-02 6.850000e-02
67 9.189560e-01 1.124400e-02 6.980000e-02
68 9.178160e-01 1.133600e-02 7.084800e-02
69 9.166000e-01 1.147600e-02 7.192400e-02
70 9.153720e-01 1.144800e-02 7.318000e-02
71 9.140960e-01 1.152800e-02 7.437600e-02
72 9.128120e-01 1.154800e-02 7.564000e-02
73 9.118880e-01 1.125600e-02 7.685600e-02
74 9.108160e-01 1.118400e-02 7.800000e-02
75 9.096840e-01 1.129600e-02 7.902000e-02
76 9.084680e-01 1.154000e-02 7.999200e-02
77 9.075120e-01 1.149600e-02 8.099200e-02
78 9.064760e-01 1.152000e-02 8.200400e-02
79 9.055680e-01 1.132400e-02 8.310800e-02
80 9.044200e-01 1.128400e-02 8.429600e-02
81 9.035480e-01 1.127600e-02 8.517600e-02
82 9.025280e-01 1.137200e-02 8.610000e-02
83 9.016800e-01 1.109200e-02 8.722800e-02
84 9.007000e-01 1.094800e-02 8.835200e-02
85 8.998880e-01 1.076400e-02 8.934800e-02
86 8.990760e-01 1.086400e-02 9.006000e-02
87 8.982800e-01 1.085600e-02 9.086400e-02
88 8.973840e-01 1.085600e-02 9.176000e-02
89 8.963160e-01 1.090800e-02 9.277600e-02
90 8.953440e-01 1.101200e-02 9.364400e-02
91 8.944720e-01 1.100400e-02 9.452400e-02
92 8.936880e-01 1.095200e-02 9.536000e-02
93 8.931040e-01 1.080000e-02 9.609600e-02
94 8.922320e-01 1.069200e-02 9.707600e-02
95 8.915440e-01 1.070800e-02 9.774800e-02
96 8.907880e-01 1.066000e-02 9.855200e-02
97 8.898920e-01 1.087600e-02 9.923200e-02
98 8.889280e-01 1.088400e-02 1.001880e-01
99 8.883280e-01 1.077600e-02 1.008960e-01
100 8.876080e-01 1.070000e-02 1.016920e-01
101 8.867000e-01 1.104400e-02 1.022560e-01
102 8.857520e-01 1.116000e-02 1.030880e-01
103 8.848200e-01 1.126400e-02 1.039160e-01
104 8.841320e-01 1.119200e-02 1.046760e-01
105 8.833960e-01 1.120400e-02 1.054000e-01
106 8.825480e-01 1.116800e-02 1.062840e-01
107 8.817040e-01 1.124000e-02 1.070560e-01
108 8.811280e-01 1.100800e-02 1.078640e-01
109 8.803240e-01 1.111600e-02 1.085600e-01
110 8.798840e-01 1.097200e-02 1.091440e-01
111 8.792160e-01 1.098800e-02 1.097960e-01
112 8.785120e-01 1.096800e-02 1.105200e-01
113 8.778160e-01 1.089200e-02 1.112920e-01
114 8.770120e-01 1.107200e-02 1.119160e-01
115 8.762480e-01 1.120800e-02 1.125440e-01
116 8.754280e-01 1.119600e-02 1.133760e-01
117 8.747000e-01 1.114800e-02 1.141520e-01
118 8.737920e-01 1.132000e-02 1.148880e-01
119 8.732200e-01 1.125600e-02 1.155240e-01
120 8.725600e-01 1.122000e-02 1.162200e-01
121 8.718840e-01 1.128800e-02 1.168280e-01
122 8.711680e-01 1.136000e-02 1.174720e-01
123 8.705360e-01 1.121200e-02 1.182520e-01
124 8.699480e-01 1.118400e-02 1.188680e-01
125 8.693400e-01 1.114800e-02 1.195120e-01
126 8.685920e-01 1.118000e-02 1.202280e-01
127 8.681200e-01 1.092800e-02 1.209520e-01
128 8.675840e-01 1.095600e-02 1.214600e-01
129 8.670880e-01 1.066800e-02 1.222440e-01
130 8.666760e-01 1.049600e-02 1.228280e-01
131 8.659960e-01 1.078800e-02 1.232160e-01
132 8.653040e-01 1.083200e-02 1.238640e-01
133 8.644960e-01 1.106000e-02 1.244440e-01
134 8.637520e-01 1.128800e-02 1.249600e-01
135 8.631600e-01 1.112400e-02 1.257160e-01
136 8.624920e-01 1.111200e-02 1.263960e-01
137 8.619760e-01 1.111600e-02 1.269080e-01
138 8.614840e-01 1.110400e-02 1.274120e-01
139 8.610360e-01 1.087600e-02 1.280880e-01
140 8.604840e-01 1.104800e-02 1.284680e-01
141 8.600320e-01 1.093600e-02 1.290320e-01
142 8.595320e-01 1.087200e-02 1.295960e-01
143 8.591040e-01 1.089600e-02 1.300000e-01
144 8.587920e-01 1.071200e-02 1.304960e-01
145 8.584840e-01 1.066400e-02 1.308520e-01
146 8.580440e-01 1.067200e-02 1.312840e-01
147 8.575760e-01 1.063600e-02 1.317880e-01
148 8.570680e-01 1.069200e-02 1.322400e-01
149 8.566960e-01 1.070800e-02 1.325960e-01
150 8.561800e-01 1.073600e-02 1.330840e-01
151 8.556640e-01 1.065200e-02 1.336840e-01
152 8.554480e-01 1.054800e-02 1.340040e-01
153 8.550760e-01 1.051600e-02 1.344080e-01
154 8.545840e-01 1.044400e-02 1.349720e-01
155 8.539880e-01 1.045200e-02 1.355600e-01
156 8.535760e-01 1.054800e-02 1.358760e-01
157 8.530720e-01 1.054000e-02 1.363880e-01
158 8.523920e-01 1.083600e-02 1.367720e-01
159 8.517760e-01 1.086400e-02 1.373600e-01
160 8.511600e-01 1.088400e-02 1.379560e-01
161 8.509080e-01 1.085200e-02 1.382400e-01
162 8.505440e-01 1.084800e-02 1.386080e-01
163 8.502000e-01 1.079600e-02 1.390040e-01
164 8.499520e-01 1.069600e-02 1.393520e-01
165 8.495760e-01 1.054800e-02 1.398760e-01
166 8.493560e-01 1.052800e-02 1.401160e-01
167 8.487560e-01 1.057600e-02 1.406680e-01
168 8.483040e-01 1.071600e-02 1.409800e-01
169 8.478880e-01 1.070800e-02 1.414040e-01
170 8.475840e-01 1.078000e-02 1.416360e-01
171 8.472240e-01 1.089200e-02 1.418840e-01
172 8.468800e-01 1.071200e-02 1.424080e-01
173 8.465640e-01 1.046400e-02 1.429720e-01
174 8.463560e-01 1.031600e-02 1.433280e-01
175 8.461840e-01 9.932000e-03 1.438840e-01
176 8.459800e-01 9.708000e-03 1.443120e-01
177 8.458720e-01 9.620000e-03 1.445080e-01
178 8.458240e-01 9.700000e-03 1.444760e-01
179 8.455560e-01 9.736000e-03 1.447080e-01
180 8.456920e-01 9.468000e-03 1.448400e-01
181 8.455720e-01 9.444000e-03 1.449840e-01
182 8.455560e-01 9.376000e-03 1.450680e-01
183 8.455040e-01 9.372000e-03 1.451240e-01
184 8.453920e-01 9.308000e-03 1.453000e-01
185 8.453400e-01 9.284000e-03 1.453760e-01
186 8.452200e-01 9.260000e-03 1.455200e-01
187 8.452680e-01 9.284000e-03 1.454480e-01
188 8.449880e-01 9.408000e-03 1.456040e-01
189 8.448560e-01 9.516000e-03 1.456280e-01
190 8.447680e-01 9.584000e-03 1.456480e-01
191 8.443560e-01 9.684000e-03 1.459600e-01
192 8.440960e-01 9.740000e-03 1.461640e-01
193 8.439960e-01 9.720000e-03 1.462840e-01
194 8.437360e-01 9.656000e-03 1.466080e-01
195 8.434440e-01 9.696000e-03 1.468600e-01
196 8.431920e-01 9.816000e-03 1.469920e-01
197 8.428600e-01 9.836000e-03 1.473040e-01
198 8.425960e-01 9.968000e-03 1.474360e-01
199 8.424080e-01 9.992000e-03 1.476000e-01
200 8.422520e-01 9.892000e-03 1.478560e-01
201 8.420000e-01 9.944000e-03 1.480560e-01
202 8.418240e-01 9.836000e-03 1.483400e-01
203 8.416800e-01 9.924000e-03 1.483960e-01
204 8.416080e-01 9.828000e-03 1.485640e-01
205 8.415360e-01 9.668000e-03 1.487960e-01
206 8.414840e-01 9.588000e-03 1.489280e-01
207 8.413800e-01 9.604000e-03 1.490160e-01
208 8.414360e-01 9.588000e-03 1.489760e-01
209 8.414320e-01 9.480000e-03 1.490880e-01
210 8.412760e-01 9.448000e-03 1.492760e-01
211 8.411600e-01 9.232000e-03 1.496080e-01
212 8.411360e-01 9.136000e-03 1.497280e-01
213 8.411400e-01 9.104000e-03 1.497560e-01
214 8.411640e-01 9.132000e-03 1.497040e-01
215 8.410240e-01 8.948000e-03 1.500280e-01
216 8.411760e-01 9.040000e-03 1.497840e-01
217 8.412600e-01 9.056000e-03 1.496840e-01
218 8.413360e-01 9.056000e-03 1.496080e-01
219 8.412320e-01 8.976000e-03 1.497920e-01
220 8.409520e-01 9.088000e-03 1.499600e-01
221 8.406080e-01 9.224000e-03 1.501680e-01
222 8.404600e-01 9.304000e-03 1.502360e-01
223 8.404040e-01 9.184000e-03 1.504120e-01
224 8.402640e-01 9.172000e-03 1.505640e-01
225 8.403000e-01 9.088000e-03 1.506120e-01
226 8.404960e-01 8.920000e-03 1.505840e-01
227 8.405800e-01 8.736000e-03 1.506840e-01
228 8.406960e-01 8.672000e-03 1.506320e-01
229 8.405760e-01 8.776000e-03 1.506480e-01
230 8.404400e-01 8.900000e-03 1.506600e-01
231 8.403160e-01 8.972000e-03 1.507120e-01
232 8.401560e-01 8.988000e-03 1.508560e-01
233 8.401000e-01 9.064000e-03 1.508360e-01
234 8.399440e-01 9.080000e-03 1.509760e-01
235 8.399360e-01 9.116000e-03 1.509480e-01
236 8.399680e-01 9.028000e-03 1.510040e-01
237 8.399320e-01 9.044000e-03 1.510240e-01
238 8.398200e-01 9.012000e-03 1.511680e-01
239 8.398640e-01 8.896000e-03 1.512400e-01
240 8.398840e-01 8.712000e-03 1.514040e-01
241 8.400160e-01 8.644000e-03 1.513400e-01
242 8.399280e-01 8.504000e-03 1.515680e-01
243 8.399920e-01 8.404000e-03 1.516040e-01
244 8.399120e-01 8.432000e-03 1.516560e-01
245 8.399640e-01 8.356000e-03 1.516800e-01
246 8.400640e-01 8.388000e-03 1.515480e-01
247 8.403240e-01 8.344000e-03 1.513320e-01
248 8.403760e-01 8.272000e-03 1.513520e-01
249 8.404760e-01 8.352000e-03 1.511720e-01
250 8.406360e-01 8.372000e-03 1.509920e-01
251 8.407960e-01 8.260000e-03 1.509440e-01
252 8.409240e-01 8.204000e-03 1.508720e-01
253 8.411000e-01 8.176000e-03 1.507240e-01
254 8.410840e-01 8.252000e-03 1.506640e-01
255 8.411320e-01 8.312000e-03 1.505560e-01
256 8.411800e-01 8.272000e-03 1.505480e-01
257 8.411240e-01 8.332000e-03 1.505440e-01
258 8.410960e-01 8.424000e-03 1.504800e-01
259 8.409560e-01 8.496000e-03 1.505480e-01
260 8.407400e-01 8.724000e-03 1.505360e-01
261 8.405080e-01 8.832000e-03 1.506600e-01
262 8.404480e-01 8.896000e-03 1.506560e-01
263 8.406160e-01 8.892000e-03 1.504920e-01
264 8.405000e-01 8.828000e-03 1.506720e-01
265 8.405720e-01 8.748000e-03 1.506800e-01
266 8.408840e-01 8.528000e-03 1.505880e-01
267 8.409920e-01 8.328000e-03 1.506800e-01
268 8.412000e-01 8.128000e-03 1.506720e-01
269 8.412320e-01 8.220000e-03 1.505480e-01
270 8.415320e-01 7.976000e-03 1.504920e-01
271 8.418000e-01 7.928000e-03 1.502720e-01
272 8.420720e-01 7.872000e-03 1.500560e-01
273 8.423080e-01 7.900000e-03 1.497920e-01
274 8.424400e-01 7.756000e-03 1.498040e-01
275 8.425920e-01 7.880000e-03 1.495280e-01
276 8.428440e-01 7.772000e-03 1.493840e-01
277 8.430440e-01 7.704000e-03 1.492520e-01
278 8.433240e-01 7.636000e-03 1.490400e-01
279 8.435400e-01 7.528000e-03 1.489320e-01
280 8.437160e-01 7.416000e-03 1.488680e-01
281 8.440240e-01 7.236000e-03 1.487400e-01
282 8.444360e-01 7.084000e-03 1.484800e-01
283 8.447680e-01 6.976000e-03 1.482560e-01
284 8.452120e-01 6.824000e-03 1.479640e-01
285 8.455320e-01 6.788000e-03 1.476800e-01
286 8.458120e-01 6.760000e-03 1.474280e-01
287 8.461760e-01 6.672000e-03 1.471520e-01
288 8.465640e-01 6.552000e-03 1.468840e-01
289 8.468120e-01 6.644000e-03 1.465440e-01
290 8.471120e-01 6.740000e-03 1.461480e-01
291 8.476040e-01 6.592000e-03 1.458040e-01
292 8.478680e-01 6.596000e-03 1.455360e-01
293 8.481280e-01 6.588000e-03 1.452840e-01
294 8.482640e-01 6.552000e-03 1.451840e-01
295 8.485360e-01 6.528000e-03 1.449360e-01
296 8.488920e-01 6.404000e-03 1.447040e-01
297 8.491640e-01 6.396000e-03 1.444400e-01
298 8.492400e-01 6.372000e-03 1.443880e-01
299 8.495280e-01 6.372000e-03 1.441000e-01
300 8.497640e-01 6.476000e-03 1.437600e-01
301 8.499000e-01 6.568000e-03 1.435320e-01
302 8.502760e-01 6.508000e-03 1.432160e-01
303 8.505640e-01 6.436000e-03 1.430000e-01
304 8.507920e-01 6.556000e-03 1.426520e-01
305 8.511280e-01 6.556000e-03 1.423160e-01
306 8.513720e-01 6.624000e-03 1.420040e-01
307 8.517920e-01 6.520000e-03 1.416880e-01
308 8.520800e-01 6.464000e-03 1.414560e-01
309 8.524320e-01 6.440000e-03 1.411280e-01
310 8.526560e-01 6.468000e-03 1.408760e-01
311 8.528760e-01 6.512000e-03 1.406120e-01
312 8.530360e-01 6.524000e-03 1.404400e-01
313 8.532000e-01 6.504000e-03 1.402960e-01
314 8.533800e-01 6.504000e-03 1.401160e-01
315 8.534760e-01 6.640000e-03 1.398840e-01
316 8.537960e-01 6.608000e-03 1.395960e-01
317 8.539600e-01 6.564000e-03 1.394760e-01
318 8.542480e-01 6.496000e-03 1.392560e-01
319 8.545080e-01 6.548000e-03 1.389440e-01
320 8.548600e-01 6.516000e-03 1.386240e-01
321 8.550280e-01 6.520000e-03 1.384520e-01
322 8.555480e-01 6.416000e-03 1.380360e-01
323 8.558640e-01 6.516000e-03 1.376200e-01
324 8.561520e-01 6.536000e-03 1.373120e-01
325 8.564040e-01 6.252000e-03 1.373440e-01
326 8.567520e-01 6.040000e-03 1.372080e-01
327 8.571120e-01 6.084000e-03 1.368040e-01
328 8.573440e-01 6.080000e-03 1.365760e-01
329 8.575440e-01 6.104000e-03 1.363520e-01
330 8.576720e-01 6.184000e-03 1.361440e-01
331 8.580360e-01 6.164000e-03 1.358000e-01
332 8.582200e-01 6.276000e-03 1.355040e-01
333 8.583920e-01 6.304000e-03 1.353040e-01
334 8.584720e-01 6.504000e-03 1.350240e-01
335 8.587560e-01 6.432000e-03 1.348120e-01
336 8.589840e-01 6.360000e-03 1.346560e-01
337 8.593120e-01 6.288000e-03 1.344000e-01
338 8.595480e-01 6.240000e-03 1.342120e-01
339 8.599480e-01 6.188000e-03 1.338640e-01
340 8.602880e-01 6.180000e-03 1.335320e-01
341 8.605880e-01 6.008000e-03 1.334040e-01
342 8.610840e-01 5.848000e-03 1.330680e-01
343 8.612600e-01 5.812000e-03 1.329280e-01
344 8.617440e-01 5.808000e-03 1.324480e-01
345 8.620160e-01 5.820000e-03 1.321640e-01
346 8.624600e-01 5.840000e-03 1.317000e-01
347 8.627560e-01 5.892000e-03 1.313520e-01
348 8.628640e-01 5.772000e-03 1.313640e-01
349 8.631920e-01 5.604000e-03 1.312040e-01
350 8.635920e-01 5.444000e-03 1.309640e-01
351 8.640040e-01 5.428000e-03 1.305680e-01
352 8.644640e-01 5.352000e-03 1.301840e-01
353 8.648960e-01 5.256000e-03 1.298480e-01
354 8.652520e-01 5.152000e-03 1.295960e-01
355 8.656960e-01 5.104000e-03 1.292000e-01
356 8.660160e-01 5.052000e-03 1.289320e-01
357 8.664880e-01 5.064000e-03 1.284480e-01
358 8.668080e-01 5.028000e-03 1.281640e-01
359 8.673080e-01 4.896000e-03 1.277960e-01
360 8.676600e-01 4.760000e-03 1.275800e-01
361 8.681880e-01 4.616000e-03 1.271960e-01
362 8.686280e-01 4.548000e-03 1.268240e-01
363 8.691480e-01 4.556000e-03 1.262960e-01
364 8.694640e-01 4.456000e-03 1.260800e-01
365 8.697720e-01 4.452000e-03 1.257760e-01
366 8.701920e-01 4.536000e-03 1.252720e-01
367 8.707120e-01 4.504000e-03 1.247840e-01
368 8.710120e-01 4.496000e-03 1.244920e-01
369 8.715920e-01 4.356000e-03 1.240520e-01
370 8.721160e-01 4.252000e-03 1.236320e-01
371 8.726040e-01 4.280000e-03 1.231160e-01
372 8.731320e-01 4.272000e-03 1.225960e-01
373 8.735160e-01 4.260000e-03 1.222240e-01
374 8.738080e-01 4.276000e-03 1.219160e-01
375 8.741600e-01 4.292000e-03 1.215480e-01
376 8.746760e-01 4.292000e-03 1.210320e-01
377 8.749920e-01 4.396000e-03 1.206120e-01
378 8.754000e-01 4.336000e-03 1.202640e-01
379 8.759800e-01 4.204000e-03 1.198160e-01
380 8.764720e-01 4.184000e-03 1.193440e-01
381 8.769000e-01 4.176000e-03 1.189240e-01
382 8.773600e-01 4.044000e-03 1.185960e-01
383 8.778240e-01 4.004000e-03 1.181720e-01
384 8.784280e-01 4.020000e-03 1.175520e-01
385 8.789720e-01 3.860000e-03 1.171680e-01
386 8.792120e-01 3.968000e-03 1.168200e-01
387 8.795360e-01 3.904000e-03 1.165600e-01
388 8.801360e-01 3.792000e-03 1.160720e-01
389 8.806400e-01 3.736000e-03 1.156240e-01
390 8.809240e-01 3.760000e-03 1.153160e-01
391 8.813400e-01 3.780000e-03 1.148800e-01
392 8.817680e-01 3.876000e-03 1.143560e-01
393 8.820120e-01 3.972000e-03 1.140160e-01
394 8.824320e-01 3.940000e-03 1.136280e-01
395 8.829280e-01 4.028000e-03 1.130440e-01
396 8.833800e-01 3.972000e-03 1.126480e-01
397 8.837760e-01 3.952000e-03 1.122720e-01
398 8.843480e-01 3.908000e-03 1.117440e-01
399 8.847800e-01 3.908000e-03 1.113120e-01
400 8.851920e-01 3.916000e-03 1.108920e-01
401 8.854880e-01 4.036000e-03 1.104760e-01
402 8.858960e-01 3.952000e-03 1.101520e-01
403 8.862760e-01 3.940000e-03 1.097840e-01
404 8.866480e-01 3.956000e-03 1.093960e-01
405 8.870480e-01 3.908000e-03 1.090440e-01
406 8.873160e-01 3.888000e-03 1.087960e-01
407 8.875640e-01 3.904000e-03 1.085320e-01
408 8.879240e-01 3.956000e-03 1.081200e-01
409 8.883280e-01 3.908000e-03 1.077640e-01
410 8.885880e-01 3.900000e-03 1.075120e-01
411 8.888800e-01 3.956000e-03 1.071640e-01
412 8.890320e-01 4.012000e-03 1.069560e-01
413 8.894960e-01 3.980000e-03 1.065240e-01
414 8.899360e-01 4.052000e-03 1.060120e-01
415 8.903480e-01 4.024000e-03 1.056280e-01
416 8.906240e-01 4.084000e-03 1.052920e-01
417 8.910040e-01 4.076000e-03 1.049200e-01
418 8.913640e-01 3.940000e-03 1.046960e-01
419 8.916720e-01 3.904000e-03 1.044240e-01
420 8.920200e-01 3.896000e-03 1.040840e-01
421 8.924280e-01 3.752000e-03 1.038200e-01
422 8.928800e-01 3.704000e-03 1.034160e-01
423 8.933760e-01 3.680000e-03 1.029440e-01
424 8.936640e-01 3.648000e-03 1.026880e-01
425 8.939760e-01 3.656000e-03 1.023680e-01
426 8.941480e-01 3.664000e-03 1.021880e-01
427 8.944560e-01 3.740000e-03 1.018040e-01
428 8.948360e-01 3.680000e-03 1.014840e-01
429 8.951160e-01 3.808000e-03 1.010760e-01
430 8.955280e-01 3.760000e-03 1.007120e-01
431 8.956920e-01 3.840000e-03 1.004680e-01
432 8.960040e-01 3.844000e-03 1.001520e-01
433 8.964320e-01 3.808000e-03 9.976000e-02
434 8.968560e-01 3.840000e-03 9.930400e-02
435 8.971920e-01 3.824000e-03 9.898400e-02
436 8.973600e-01 3.828000e-03 9.881200e-02
437 8.976880e-01 3.788000e-03 9.852400e-02
438 8.979960e-01 3.768000e-03 9.823600e-02
439 8.982840e-01 3.772000e-03 9.794400e-02
440 8.986000e-01 3.768000e-03 9.763200e-02
441 8.988960e-01 3.844000e-03 9.726000e-02
442 8.991960e-01 3.856000e-03 9.694800e-02
443 8.994120e-01 3.856000e-03 9.673200e-02
444 8.996240e-01 3.892000e-03 9.648400e-02
445 8.998760e-01 3.956000e-03 9.616800e-02
446 9.000360e-01 4.144000e-03 9.582000e-02
447 9.001680e-01 4.276000e-03 9.555600e-02
448 9.003000e-01 4.340000e-03 9.536000e-02
449 9.003880e-01 4.392000e-03 9.522000e-02
450 9.007120e-01 4.380000e-03 9.490800e-02
451 9.009440e-01 4.412000e-03 9.464400e-02
452 9.010840e-01 4.428000e-03 9.448800e-02
453 9.010720e-01 4.512000e-03 9.441600e-02
454 9.012760e-01 4.532000e-03 9.419200e-02
455 9.012680e-01 4.664000e-03 9.406800e-02
456 9.012880e-01 4.836000e-03 9.387600e-02
457 9.015680e-01 4.768000e-03 9.366400e-02
458 9.017120e-01 4.776000e-03 9.351200e-02
459 9.019120e-01 4.716000e-03 9.337200e-02
460 9.022000e-01 4.620000e-03 9.318000e-02
461 9.024080e-01 4.512000e-03 9.308000e-02
462 9.024760e-01 4.468000e-03 9.305600e-02
463 9.026200e-01 4.472000e-03 9.290800e-02
464 9.027520e-01 4.452000e-03 9.279600e-02
465 9.030640e-01 4.228000e-03 9.270800e-02
466 9.032640e-01 4.192000e-03 9.254400e-02
467 9.033760e-01 4.176000e-03 9.244800e-02
468 9.035680e-01 4.260000e-03 9.217200e-02
469 9.038520e-01 4.272000e-03 9.187600e-02
470 9.040960e-01 4.284000e-03 9.162000e-02
471 9.043360e-01 4.276000e-03 9.138800e-02
472 9.044840e-01 4.332000e-03 9.118400e-02
473 9.046760e-01 4.288000e-03 9.103600e-02
474 9.048080e-01 4.244000e-03 9.094800e-02
475 9.050400e-01 4.204000e-03 9.075600e-02
476 9.051000e-01 4.248000e-03 9.065200e-02
477 9.051040e-01 4.316000e-03 9.058000e-02
478 9.051280e-01 4.396000e-03 9.047600e-02
479 9.052000e-01 4.412000e-03 9.038800e-02
480 9.053360e-01 4.328000e-03 9.033600e-02
481 9.053640e-01 4.456000e-03 9.018000e-02
482 9.054440e-01 4.564000e-03 8.999200e-02
483 9.053960e-01 4.620000e-03 8.998400e-02
484 9.054080e-01 4.656000e-03 8.993600e-02
485 9.054080e-01 4.660000e-03 8.993200e-02
486 9.053080e-01 4.748000e-03 8.994400e-02
487 9.053560e-01 4.776000e-03 8.986800e-02
488 9.052960e-01 4.892000e-03 8.981200e-02
489 9.052640e-01 4.900000e-03 8.983600e-02
490 9.052800e-01 4.912000e-03 8.980800e-02
491 9.053440e-01 4.856000e-03 8.980000e-02
492 9.054640e-01 4.800000e-03 8.973600e-02
493 9.054040e-01 4.896000e-03 8.970000e-02
494 9.054160e-01 5.028000e-03 8.955600e-02
495 9.055120e-01 4.956000e-03 8.953200e-02
496 9.054680e-01 4.968000e-03 8.956400e-02
497 9.054560e-01 4.992000e-03 8.955200e-02
498 9.053640e-01 5.152000e-03 8.948400e-02
499 9.054320e-01 5.084000e-03 8.948400e-02
500 9.055080e-01 4.952000e-03 8.954000e-02
501 9.056200e-01 4.956000e-03 8.942400e-02
502 9.056560e-01 5.000000e-03 8.934400e-02
503 9.056440e-01 5.024000e-03 8.933200e-02
504 9.058120e-01 4.968000e-03 8.922000e-02
505 9.056680e-01 5.048000e-03 8.928400e-02
506 9.056280e-01 4.924000e-03 8.944800e-02
507 9.057360e-01 4.996000e-03 8.926800e-02
508 9.057200e-01 5.084000e-03 8.919600e-02
509 9.057320e-01 5.136000e-03 8.913200e-02
510 9.058080e-01 5.084000e-03 8.910800e-02
511 9.058440e-01 5.156000e-03 8.900000e-02
512 9.059080e-01 5.136000e-03 8.895600e-02
513 9.059960e-01 5.004000e-03 8.900000e-02
514 9.061440e-01 4.940000e-03 8.891600e-02
515 9.062480e-01 4.872000e-03 8.888000e-02
516 9.063040e-01 4.964000e-03 8.873200e-02
517 9.063960e-01 4.924000e-03 8.868000e-02
518 9.065000e-01 4.800000e-03 8.870000e-02
519 9.065560e-01 4.748000e-03 8.869600e-02
520 9.067160e-01 4.692000e-03 8.859200e-02
521 9.069200e-01 4.608000e-03 8.847200e-02
522 9.070000e-01 4.516000e-03 8.848400e-02
523 9.071640e-01 4.576000e-03 8.826000e-02
524 9.071000e-01 4.668000e-03 8.823200e-02
525 9.071720e-01 4.696000e-03 8.813200e-02
526 9.072160e-01 4.664000e-03 8.812000e-02
527 9.073640e-01 4.692000e-03 8.794400e-02
528 9.075200e-01 4.504000e-03 8.797600e-02
529 9.076440e-01 4.440000e-03 8.791600e-02
530 9.078840e-01 4.332000e-03 8.778400e-02
531 9.080040e-01 4.232000e-03 8.776400e-02
532 9.082280e-01 4.208000e-03 8.756400e-02
533 9.084000e-01 4.124000e-03 8.747600e-02
534 9.084800e-01 4.204000e-03 8.731600e-02
535 9.087040e-01 4.000000e-03 8.729600e-02
536 9.089640e-01 4.044000e-03 8.699200e-02
537 9.092800e-01 3.960000e-03 8.676000e-02
538 9.095360e-01 3.820000e-03 8.664400e-02
539 9.097880e-01 3.672000e-03 8.654000e-02
540 9.099760e-01 3.564000e-03 8.646000e-02
541 9.102320e-01 3.536000e-03 8.623200e-02
542 9.104920e-01 3.512000e-03 8.599600e-02
543 9.106440e-01 3.556000e-03 8.580000e-02
544 9.108840e-01 3.524000e-03 8.559200e-02
545 9.111720e-01 3.556000e-03 8.527200e-02
546 9.113920e-01 3.584000e-03 8.502400e-02
547 9.115720e-01 3.656000e-03 8.477200e-02
548 9.118800e-01 3.596000e-03 8.452400e-02
549 9.121440e-01 3.504000e-03 8.435200e-02
550 9.123240e-01 3.528000e-03 8.414800e-02
551 9.126280e-01 3.480000e-03 8.389200e-02
552 9.128920e-01 3.408000e-03 8.370000e-02
553 9.130360e-01 3.480000e-03 8.348400e-02
554 9.132480e-01 3.404000e-03 8.334800e-02
555 9.134000e-01 3.536000e-03 8.306400e-02
556 9.136440e-01 3.472000e-03 8.288400e-02
557 9.139360e-01 3.484000e-03 8.258000e-02
558 9.142440e-01 3.368000e-03 8.238800e-02
559 9.144920e-01 3.292000e-03 8.221600e-02
560 9.146640e-01 3.236000e-03 8.210000e-02
561 9.148120e-01 3.308000e-03 8.188000e-02
562 9.149760e-01 3.296000e-03 8.172800e-02
563 9.151880e-01 3.288000e-03 8.152400e-02
564 9.153920e-01 3.308000e-03 8.130000e-02
565 9.156320e-01 3.252000e-03 8.111600e-02
566 9.158840e-01 3.412000e-03 8.070400e-02
567 9.160600e-01 3.576000e-03 8.036400e-02
568 9.161920e-01 3.632000e-03 8.017600e-02
569 9.163240e-01 3.644000e-03 8.003200e-02
570 9.165080e-01 3.712000e-03 7.978000e-02
571 9.167200e-01 3.620000e-03 7.966000e-02
572 9.168760e-01 3.580000e-03 7.954400e-02
573 9.169360e-01 3.548000e-03 7.951600e-02
574 9.171080e-01 3.584000e-03 7.930800e-02
575 9.172680e-01 3.592000e-03 7.914000e-02
576 9.173720e-01 3.600000e-03 7.902800e-02
577 9.173880e-01 3.672000e-03 7.894000e-02
578 9.175640e-01 3.732000e-03 7.870400e-02
579 9.177360e-01 3.640000e-03 7.862400e-02
580 9.179640e-01 3.612000e-03 7.842400e-02
581 9.180120e-01 3.612000e-03 7.837600e-02
582 9.183400e-01 3.432000e-03 7.822800e-02
583 9.185240e-01 3.496000e-03 7.798000e-02
584 9.186040e-01 3.532000e-03 7.786400e-02
585 9.187400e-01 3.508000e-03 7.775200e-02
586 9.190080e-01 3.412000e-03 7.758000e-02
587 9.190760e-01 3.432000e-03 7.749200e-02
588 9.192000e-01 3.512000e-03 7.728800e-02
589 9.194800e-01 3.532000e-03 7.698800e-02
590 9.197400e-01 3.424000e-03 7.683600e-02
591 9.199920e-01 3.396000e-03 7.661200e-02
592 9.202200e-01 3.300000e-03 7.648000e-02
593 9.203320e-01 3.208000e-03 7.646000e-02
594 9.204720e-01 3.204000e-03 7.632400e-02
595 9.205320e-01 3.328000e-03 7.614000e-02
596 9.207000e-01 3.324000e-03 7.597600e-02
597 9.208760e-01 3.304000e-03 7.582000e-02
598 9.211720e-01 3.152000e-03 7.567600e-02
599 9.214120e-01 3.100000e-03 7.548800e-02
600 9.216360e-01 3.044000e-03 7.532000e-02
601 9.218760e-01 3.040000e-03 7.508400e-02
602 9.220760e-01 3.076000e-03 7.484800e-02
603 9.222960e-01 3.116000e-03 7.458800e-02
604 9.225200e-01 3.040000e-03 7.444000e-02
605 9.226280e-01 3.116000e-03 7.425600e-02
606 9.227600e-01 3.148000e-03 7.409200e-02
607 9.230400e-01 3.092000e-03 7.386800e-02
608 9.232360e-01 3.080000e-03 7.368400e-02
609 9.233200e-01 3.136000e-03 7.354400e-02
610 9.236120e-01 3.108000e-03 7.328000e-02
611 9.237360e-01 3.188000e-03 7.307600e-02
612 9.238320e-01 3.184000e-03 7.298400e-02
613 9.240680e-01 3.076000e-03 7.285600e-02
614 9.242880e-01 3.120000e-03 7.259200e-02
615 9.244360e-01 3.100000e-03 7.246400e-02
616 9.246360e-01 3.156000e-03 7.220800e-02
617 9.248440e-01 3.168000e-03 7.198800e-02
618 9.250000e-01 3.312000e-03 7.168800e-02
619 9.252320e-01 3.256000e-03 7.151200e-02
620 9.253600e-01 3.164000e-03 7.147600e-02
621 9.255080e-01 3.080000e-03 7.141200e-02
622 9.256480e-01 3.020000e-03 7.133200e-02
623 9.257440e-01 3.036000e-03 7.122000e-02
624 9.258720e-01 3.060000e-03 7.106800e-02
625 9.260600e-01 2.956000e-03 7.098400e-02
626 9.261920e-01 3.020000e-03 7.078800e-02
627 9.263920e-01 3.064000e-03 7.054400e-02
628 9.266240e-01 3.028000e-03 7.034800e-02
629 9.268080e-01 3.064000e-03 7.012800e-02
630 9.269280e-01 3.160000e-03 6.991200e-02
631 9.270280e-01 3.232000e-03 6.974000e-02
632 9.271560e-01 3.208000e-03 6.963600e-02
633 9.273800e-01 3.160000e-03 6.946000e-02
634 9.274680e-01 3.112000e-03 6.942000e-02
635 9.276280e-01 3.064000e-03 6.930800e-02
636 9.278440e-01 3.048000e-03 6.910800e-02
637 9.279600e-01 2.984000e-03 6.905600e-02
638 9.281920e-01 3.028000e-03 6.878000e-02
639 9.283200e-01 3.040000e-03 6.864000e-02
640 9.283320e-01 3.112000e-03 6.855600e-02
641 9.284080e-01 3.136000e-03 6.845600e-02
642 9.284480e-01 3.144000e-03 6.840800e-02
643 9.287320e-01 3.140000e-03 6.812800e-02
644 9.287360e-01 3.196000e-03 6.806800e-02
645 9.289240e-01 3.196000e-03 6.788000e-02
646 9.289520e-01 3.200000e-03 6.784800e-02
647 9.291600e-01 3.152000e-03 6.768800e-02
648 9.292520e-01 3.140000e-03 6.760800e-02
649 9.292840e-01 3.168000e-03 6.754800e-02
650 9.293080e-01 3.236000e-03 6.745600e-02
651 9.294720e-01 3.264000e-03 6.726400e-02
652 9.295880e-01 3.232000e-03 6.718000e-02
653 9.296760e-01 3.316000e-03 6.700800e-02
654 9.299000e-01 3.232000e-03 6.686800e-02
655 9.301480e-01 3.112000e-03 6.674000e-02
656 9.303480e-01 3.032000e-03 6.662000e-02
657 9.305080e-01 3.028000e-03 6.646400e-02
658 9.307120e-01 3.036000e-03 6.625200e-02
659 9.307640e-01 3.080000e-03 6.615600e-02
660 9.308320e-01 3.096000e-03 6.607200e-02
661 9.310120e-01 3.032000e-03 6.595600e-02
662 9.311000e-01 3.084000e-03 6.581600e-02
663 9.312080e-01 3.108000e-03 6.568400e-02
664 9.313000e-01 3.072000e-03 6.562800e-02
665 9.313480e-01 3.116000e-03 6.553600e-02
666 9.314560e-01 3.116000e-03 6.542800e-02
667 9.316240e-01 3.056000e-03 6.532000e-02
668 9.316320e-01 3.084000e-03 6.528400e-02
669 9.316840e-01 3.124000e-03 6.519200e-02
670 9.317160e-01 3.216000e-03 6.506800e-02
671 9.317440e-01 3.212000e-03 6.504400e-02
672 9.317840e-01 3.248000e-03 6.496800e-02
673 9.319960e-01 3.180000e-03 6.482400e-02
674 9.320200e-01 3.148000e-03 6.483200e-02
675 9.319240e-01 3.280000e-03 6.479600e-02
676 9.320560e-01 3.204000e-03 6.474000e-02
677 9.321000e-01 3.212000e-03 6.468800e-02
678 9.322160e-01 3.168000e-03 6.461600e-02
679 9.323080e-01 3.120000e-03 6.457200e-02
680 9.325880e-01 3.120000e-03 6.429200e-02
681 9.327880e-01 3.048000e-03 6.416400e-02
682 9.329560e-01 3.012000e-03 6.403200e-02
683 9.331440e-01 2.864000e-03 6.399200e-02
684 9.333040e-01 2.832000e-03 6.386400e-02
685 9.335040e-01 2.704000e-03 6.379200e-02
686 9.334400e-01 2.836000e-03 6.372400e-02
687 9.335920e-01 2.844000e-03 6.356400e-02
688 9.337400e-01 2.840000e-03 6.342000e-02
689 9.339320e-01 2.796000e-03 6.327200e-02
690 9.341280e-01 2.896000e-03 6.297600e-02
691 9.343000e-01 2.856000e-03 6.284400e-02
692 9.345320e-01 2.740000e-03 6.272800e-02
693 9.346840e-01 2.760000e-03 6.255600e-02
694 9.348360e-01 2.724000e-03 6.244000e-02
695 9.349440e-01 2.668000e-03 6.238800e-02
696 9.351240e-01 2.644000e-03 6.223200e-02
697 9.353200e-01 2.636000e-03 6.204400e-02
698 9.354440e-01 2.764000e-03 6.179200e-02
699 9.355160e-01 2.720000e-03 6.176400e-02
700 9.357120e-01 2.736000e-03 6.155200e-02
701 9.358760e-01 2.644000e-03 6.148000e-02
702 9.360640e-01 2.696000e-03 6.124000e-02
703 9.362640e-01 2.656000e-03 6.108000e-02
704 9.364080e-01 2.700000e-03 6.089200e-02
705 9.364960e-01 2.676000e-03 6.082800e-02
706 9.366240e-01 2.656000e-03 6.072000e-02
707 9.369040e-01 2.680000e-03 6.041600e-02
708 9.369880e-01 2.824000e-03 6.018800e-02
709 9.371120e-01 2.784000e-03 6.010400e-02
710 9.372200e-01 2.776000e-03 6.000400e-02
711 9.373040e-01 2.760000e-03 5.993600e-02
712 9.374400e-01 2.700000e-03 5.986000e-02
713 9.375840e-01 2.664000e-03 5.975200e-02
714 9.376400e-01 2.644000e-03 5.971600e-02
715 9.377960e-01 2.560000e-03 5.964400e-02
716 9.379760e-01 2.456000e-03 5.956800e-02
717 9.382400e-01 2.392000e-03 5.936800e-02
718 9.383400e-01 2.404000e-03 5.925600e-02
719 9.385880e-01 2.292000e-03 5.912000e-02
720 9.388160e-01 2.268000e-03 5.891600e-02
721 9.390720e-01 2.212000e-03 5.871600e-02
722 9.392520e-01 2.280000e-03 5.846800e-02
723 9.394760e-01 2.168000e-03 5.835600e-02
724 9.396760e-01 2.128000e-03 5.819600e-02
725 9.400400e-01 2.092000e-03 5.786800e-02
726 9.402720e-01 2.060000e-03 5.766800e-02
727 9.404760e-01 2.080000e-03 5.744400e-02
728 9.406040e-01 2.088000e-03 5.730800e-02
729 9.407400e-01 2.084000e-03 5.717600e-02
730 9.409560e-01 2.048000e-03 5.699600e-02
731 9.412280e-01 2.012000e-03 5.676000e-02
732 9.415200e-01 2.024000e-03 5.645600e-02
733 9.416560e-01 2.044000e-03 5.630000e-02
734 9.419200e-01 2.032000e-03 5.604800e-02
735 9.421680e-01 2.000000e-03 5.583200e-02
736 9.424160e-01 1.896000e-03 5.568800e-02
737 9.427000e-01 1.884000e-03 5.541600e-02
738 9.430040e-01 1.856000e-03 5.514000e-02
739 9.431640e-01 1.888000e-03 5.494800e-02
740 9.434040e-01 1.876000e-03 5.472000e-02
741 9.437000e-01 1.856000e-03 5.444400e-02
742 9.438960e-01 1.888000e-03 5.421600e-02
743 9.440400e-01 1.928000e-03 5.403200e-02
744 9.442200e-01 1.976000e-03 5.380400e-02
745 9.446120e-01 1.948000e-03 5.344000e-02
746 9.448680e-01 1.900000e-03 5.323200e-02
747 9.450400e-01 1.872000e-03 5.308800e-02
748 9.452600e-01 1.884000e-03 5.285600e-02
749 9.454240e-01 1.916000e-03 5.266000e-02
750 9.456280e-01 1.904000e-03 5.246800e-02
751 9.458040e-01 1.960000e-03 5.223600e-02
752 9.458200e-01 2.028000e-03 5.215200e-02
753 9.459400e-01 2.052000e-03 5.200800e-02
754 9.462080e-01 2.076000e-03 5.171600e-02
755 9.463520e-01 2.072000e-03 5.157600e-02
756 9.463680e-01 2.100000e-03 5.153200e-02
757 9.464360e-01 2.120000e-03 5.144400e-02
758 9.464840e-01 2.196000e-03 5.132000e-02
759 9.466160e-01 2.100000e-03 5.128400e-02
760 9.466800e-01 2.208000e-03 5.111200e-02
761 9.468160e-01 2.160000e-03 5.102400e-02
762 9.469280e-01 2.196000e-03 5.087600e-02
763 9.470560e-01 2.216000e-03 5.072800e-02
764 9.471040e-01 2.264000e-03 5.063200e-02
765 9.471520e-01 2.260000e-03 5.058800e-02
766 9.473040e-01 2.196000e-03 5.050000e-02
767 9.473840e-01 2.200000e-03 5.041600e-02
768 9.475320e-01 2.144000e-03 5.032400e-02
769 9.476120e-01 2.136000e-03 5.025200e-02
770 9.478240e-01 2.136000e-03 5.004000e-02
771 9.479480e-01 2.052000e-03 5.000000e-02
772 9.480200e-01 2.128000e-03 4.985200e-02
773 9.482400e-01 2.044000e-03 4.971600e-02
774 9.484600e-01 2.016000e-03 4.952400e-02
775 9.487160e-01 1.960000e-03 4.932400e-02
776 9.488280e-01 2.024000e-03 4.914800e-02
777 9.490200e-01 1.992000e-03 4.898800e-02
778 9.491280e-01 2.044000e-03 4.882800e-02
779 9.492480e-01 2.024000e-03 4.872800e-02
780 9.492680e-01 2.020000e-03 4.871200e-02
781 9.494400e-01 2.040000e-03 4.852000e-02
782 9.495520e-01 2.096000e-03 4.835200e-02
783 9.495760e-01 2.200000e-03 4.822400e-02
784 9.496120e-01 2.300000e-03 4.808800e-02
785 9.497160e-01 2.292000e-03 4.799200e-02
786 9.497320e-01 2.320000e-03 4.794800e-02
787 9.498920e-01 2.236000e-03 4.787200e-02
788 9.499520e-01 2.276000e-03 4.777200e-02
789 9.500640e-01 2.216000e-03 4.772000e-02
790 9.501320e-01 2.256000e-03 4.761200e-02
791 9.502320e-01 2.220000e-03 4.754800e-02
792 9.504120e-01 2.216000e-03 4.737200e-02
793 9.505200e-01 2.256000e-03 4.722400e-02
794 9.505120e-01 2.316000e-03 4.717200e-02
795 9.506200e-01 2.368000e-03 4.701200e-02
796 9.506680e-01 2.432000e-03 4.690000e-02
797 9.507080e-01 2.380000e-03 4.691200e-02
798 9.507040e-01 2.440000e-03 4.685600e-02
799 9.507840e-01 2.460000e-03 4.675600e-02
800 9.507760e-01 2.560000e-03 4.666400e-02
801 9.506760e-01 2.712000e-03 4.661200e-02
802 9.506400e-01 2.728000e-03 4.663200e-02
803 9.506560e-01 2.724000e-03 4.662000e-02
804 9.506000e-01 2.708000e-03 4.669200e-02
805 9.507040e-01 2.636000e-03 4.666000e-02
806 9.508200e-01 2.508000e-03 4.667200e-02
807 9.508560e-01 2.424000e-03 4.672000e-02
808 9.509600e-01 2.404000e-03 4.663600e-02
809 9.510440e-01 2.416000e-03 4.654000e-02
810 9.510840e-01 2.416000e-03 4.650000e-02
811 9.511440e-01 2.372000e-03 4.648400e-02
812 9.512440e-01 2.308000e-03 4.644800e-02
813 9.512160e-01 2.320000e-03 4.646400e-02
814 9.513840e-01 2.316000e-03 4.630000e-02
815 9.514200e-01 2.344000e-03 4.623600e-02
816 9.514840e-01 2.328000e-03 4.618800e-02
817 9.514360e-01 2.328000e-03 4.623600e-02
818 9.515280e-01 2.384000e-03 4.608800e-02
819 9.516280e-01 2.348000e-03 4.602400e-02
820 9.516880e-01 2.360000e-03 4.595200e-02
821 9.517600e-01 2.376000e-03 4.586400e-02
822 9.518640e-01 2.320000e-03 4.581600e-02
823 9.519600e-01 2.304000e-03 4.573600e-02
824 9.520640e-01 2.248000e-03 4.568800e-02
825 9.521440e-01 2.232000e-03 4.562400e-02
826 9.523400e-01 2.156000e-03 4.550400e-02
827 9.524240e-01 2.100000e-03 4.547600e-02
828 9.525560e-01 2.072000e-03 4.537200e-02
829 9.527240e-01 1.992000e-03 4.528400e-02
830 9.528360e-01 1.944000e-03 4.522000e-02
831 9.529960e-01 1.844000e-03 4.516000e-02
832 9.531320e-01 1.804000e-03 4.506400e-02
833 9.532760e-01 1.788000e-03 4.493600e-02
834 9.533000e-01 1.920000e-03 4.478000e-02
835 9.533520e-01 1.936000e-03 4.471200e-02
836 9.534000e-01 1.964000e-03 4.463600e-02
837 9.535240e-01 1.916000e-03 4.456000e-02
838 9.536600e-01 1.888000e-03 4.445200e-02
839 9.537400e-01 1.852000e-03 4.440800e-02
840 9.538200e-01 1.844000e-03 4.433600e-02
841 9.538360e-01 1.856000e-03 4.430800e-02
842 9.538880e-01 1.900000e-03 4.421200e-02
843 9.539880e-01 1.920000e-03 4.409200e-02
844 9.539320e-01 2.088000e-03 4.398000e-02
845 9.539480e-01 2.104000e-03 4.394800e-02
846 9.540240e-01 2.012000e-03 4.396400e-02
847 9.540920e-01 2.060000e-03 4.384800e-02
848 9.541000e-01 2.092000e-03 4.380800e-02
849 9.541560e-01 2.084000e-03 4.376000e-02
850 9.542760e-01 2.060000e-03 4.366400e-02
851 9.543720e-01 2.008000e-03 4.362000e-02
852 9.544280e-01 2.032000e-03 4.354000e-02
853 9.545400e-01 2.060000e-03 4.340000e-02
854 9.546520e-01 2.140000e-03 4.320800e-02
855 9.546720e-01 2.192000e-03 4.313600e-02
856 9.546880e-01 2.156000e-03 4.315600e-02
857 9.547000e-01 2.060000e-03 4.324000e-02
858 9.549000e-01 2.016000e-03 4.308400e-02
859 9.549840e-01 1.960000e-03 4.305600e-02
860 9.551960e-01 1.900000e-03 4.290400e-02
861 9.553800e-01 1.824000e-03 4.279600e-02
862 9.555760e-01 1.772000e-03 4.265200e-02
863 9.557120e-01 1.720000e-03 4.256800e-02
864 9.558800e-01 1.592000e-03 4.252800e-02
865 9.560720e-01 1.516000e-03 4.241200e-02
866 9.562760e-01 1.428000e-03 4.229600e-02
867 9.564680e-01 1.444000e-03 4.208800e-02
868 9.566160e-01 1.480000e-03 4.190400e-02
869 9.568960e-01 1.444000e-03 4.166000e-02
870 9.569960e-01 1.448000e-03 4.155600e-02
871 9.571920e-01 1.408000e-03 4.140000e-02
872 9.574000e-01 1.372000e-03 4.122800e-02
873 9.576520e-01 1.308000e-03 4.104000e-02
874 9.578240e-01 1.284000e-03 4.089200e-02
875 9.580120e-01 1.296000e-03 4.069200e-02
876 9.582120e-01 1.256000e-03 4.053200e-02
877 9.583240e-01 1.340000e-03 4.033600e-02
878 9.584280e-01 1.412000e-03 4.016000e-02
879 9.586320e-01 1.484000e-03 3.988400e-02
880 9.586920e-01 1.480000e-03 3.982800e-02
881 9.588440e-01 1.508000e-03 3.964800e-02
882 9.589320e-01 1.516000e-03 3.955200e-02
883 9.590680e-01 1.576000e-03 3.935600e-02
884 9.592840e-01 1.556000e-03 3.916000e-02
885 9.594560e-01 1.636000e-03 3.890800e-02
886 9.596360e-01 1.560000e-03 3.880400e-02
887 9.597680e-01 1.512000e-03 3.872000e-02
888 9.599080e-01 1.536000e-03 3.855600e-02
889 9.599120e-01 1.532000e-03 3.855600e-02
890 9.600320e-01 1.500000e-03 3.846800e-02
891 9.601880e-01 1.500000e-03 3.831200e-02
892 9.602720e-01 1.460000e-03 3.826800e-02
893 9.603800e-01 1.496000e-03 3.812400e-02
894 9.604320e-01 1.456000e-03 3.811200e-02
895 9.604760e-01 1.492000e-03 3.803200e-02
896 9.605280e-01 1.520000e-03 3.795200e-02
897 9.605920e-01 1.564000e-03 3.784400e-02
898 9.607040e-01 1.536000e-03 3.776000e-02
899 9.607000e-01 1.560000e-03 3.774000e-02
900 9.607440e-01 1.624000e-03 3.763200e-02
901 9.607440e-01 1.732000e-03 3.752400e-02
902 9.607360e-01 1.808000e-03 3.745600e-02
903 9.607600e-01 1.792000e-03 3.744800e-02
904 9.608640e-01 1.884000e-03 3.725200e-02
905 9.609800e-01 1.836000e-03 3.718400e-02
906 9.609880e-01 1.908000e-03 3.710400e-02
907 9.609640e-01 1.980000e-03 3.705600e-02
908 9.608680e-01 2.064000e-03 3.706800e-02
909 9.607840e-01 2.144000e-03 3.707200e-02
910 9.607400e-01 2.156000e-03 3.710400e-02
911 9.607960e-01 2.152000e-03 3.705200e-02
912 9.607000e-01 2.152000e-03 3.714800e-02
913 9.606640e-01 2.160000e-03 3.717600e-02
914 9.606840e-01 2.180000e-03 3.713600e-02
915 9.607320e-01 2.088000e-03 3.718000e-02
916 9.607840e-01 2.096000e-03 3.712000e-02
917 9.607360e-01 2.132000e-03 3.713200e-02
918 9.606640e-01 2.232000e-03 3.710400e-02
919 9.606440e-01 2.200000e-03 3.715600e-02
920 9.606120e-01 2.200000e-03 3.718800e-02
921 9.605120e-01 2.220000e-03 3.726800e-02
922 9.604840e-01 2.224000e-03 3.729200e-02
923 9.605080e-01 2.232000e-03 3.726000e-02
924 9.604280e-01 2.168000e-03 3.740400e-02
925 9.603520e-01 2.156000e-03 3.749200e-02
926 9.603720e-01 2.092000e-03 3.753600e-02
927 9.603880e-01 2.048000e-03 3.756400e-02
928 9.604520e-01 1.996000e-03 3.755200e-02
929 9.604680e-01 1.952000e-03 3.758000e-02
930 9.605200e-01 1.876000e-03 3.760400e-02
931 9.606600e-01 1.840000e-03 3.750000e-02
932 9.607000e-01 1.964000e-03 3.733600e-02
