1 9.992720e-01 6.200000e-04 1.080000e-04
2 9.988960e-01 8.840000e-04 2.200000e-04
3 9.982600e-01 1.344000e-03 3.960000e-04
4 9.976320e-01 1.724000e-03 6.440000e-04
5 9.969080e-01 2.136000e-03 9.560000e-04
6 9.961520e-01 2.540000e-03 1.308000e-03
7 9.953160e-01 2.944000e-03 1.740000e-03
8 9.944720e-01 3.292000e-03 2.236000e-03
9 9.934240e-01 3.764000e-03 2.812000e-03
10 9.923560e-01 4.176000e-03 3.468000e-03
11 9.912640e-01 4.528000e-03 4.208000e-03
12 9.902840e-01 4.824000e-03 4.892000e-03
13 9.891840e-01 5.028000e-03 5.788000e-03
14 9.881120e-01 5.272000e-03 6.616000e-03
15 9.870880e-01 5.520000e-03 7.392000e-03
16 9.860360e-01 5.668000e-03 8.296000e-03
17 9.849960e-01 5.792000e-03 9.212000e-03
18 9.840240e-01 5.800000e-03 1.017600e-02
19 9.829000e-01 5.936000e-03 1.116400e-02
20 9.818680e-01 6.068000e-03 1.206400e-02
21 9.809400e-01 6.052000e-03 1.300800e-02
22 9.799320e-01 6.172000e-03 1.389600e-02
23 9.789080e-01 6.192000e-03 1.490000e-02
24 9.778800e-01 6.380000e-03 1.574000e-02
25 9.769400e-01 6.308000e-03 1.675200e-02
26 9.759440e-01 6.424000e-03 1.763200e-02
27 9.749240e-01 6.584000e-03 1.849200e-02
28 9.739000e-01 6.604000e-03 1.949600e-02
29 9.728080e-01 6.868000e-03 2.032400e-02
30 9.717200e-01 7.024000e-03 2.125600e-02
31 9.707360e-01 7.208000e-03 2.205600e-02
32 9.695680e-01 7.284000e-03 2.314800e-02
33 9.683520e-01 7.456000e-03 2.419200e-02
34 9.672480e-01 7.572000e-03 2.518000e-02
35 9.662480e-01 7.528000e-03 2.622400e-02
36 9.651080e-01 7.580000e-03 2.731200e-02
37 9.639160e-01 7.732000e-03 2.835200e-02
38 9.628480e-01 7.744000e-03 2.940800e-02
39 9.618760e-01 7.756000e-03 3.036800e-02
40 9.606520e-01 7.924000e-03 3.142400e-02
41 9.595400e-01 7.892000e-03 3.256800e-02
42 9.585280e-01 7.968000e-03 3.350400e-02
43 9.573760e-01 8.064000e-03 3.456000e-02
44 9.562760e-01 8.180000e-03 3.554400e-02
45 9.549880e-01 8.448000e-03 3.656400e-02
46 9.536760e-01 8.652000e-03 3.767200e-02
47 9.523720e-01 8.804000e-03 3.882400e-02
48 9.510720e-01 9.016000e-03 3.991200e-02
49 9.498360e-01 8.956000e-03 4.120800e-02
50 9.485400e-01 9.180000e-03 4.228000e-02
51 9.473960e-01 9.176000e-03 4.342800e-02
52 9.462560e-01 9.176000e-03 4.456800e-02
53 9.452720e-01 9.048000e-03 4.568000e-02
54 9.442480e-01 8.784000e-03 4.696800e-02
55 9.434280e-01 8.692000e-03 4.788000e-02
56 9.423000e-01 8.716000e-03 4.898400e-02
57 9.413040e-01 8.812000e-03 4.988400e-02
58 9.403160e-01 8.776000e-03 5.090800e-02
59 9.393560e-01 8.764000e-03 5.188000e-02
60 9.382800e-01 8.864000e-03 5.285600e-02
61 9.371560e-01 9.100000e-03 5.374400e-02
62 9.361520e-01 9.160000e-03 5.468800e-02
63 9.351360e-01 9.104000e-03 5.576000e-02
64 9.341000e-01 9.304000e-03 5.659600e-02
65 9.332880e-01 9.164000e-03 5.754800e-02
66 9.323280e-01 9.196000e-03 5.847600e-02
67 9.312760e-01 9.204000e-03 5.952000e-02
68 9.301880e-01 9.308000e-03 6.050400e-02
69 9.292120e-01 9.328000e-03 6.146000e-02
70 9.281680e-01 9.392000e-03 6.244000e-02
71 9.272680e-01 9.352000e-03 6.338000e-02
72 9.264120e-01 9.404000e-03 6.418400e-02
73 9.255800e-01 9.312000e-03 6.510800e-02
74 9.245280e-01 9.504000e-03 6.596800e-02
75 9.236200e-01 9.340000e-03 6.704000e-02
76 9.229440e-01 9.168000e-03 6.788800e-02
77 9.222920e-01 9.100000e-03 6.860800e-02
78 9.215400e-01 8.964000e-03 6.949600e-02
79 9.206600e-01 9.012000e-03 7.032800e-02
80 9.199360e-01 8.948000e-03 7.111600e-02
81 9.191160e-01 8.968000e-03 7.191600e-02
82 9.181880e-01 9.144000e-03 7.266800e-02
83 9.172640e-01 9.272000e-03 7.346400e-02
84 9.164440e-01 9.284000e-03 7.427200e-02
85 9.156080e-01 9.408000e-03 7.498400e-02
86 9.147520e-01 9.460000e-03 7.578800e-02
87 9.140080e-01 9.484000e-03 7.650800e-02
88 9.133640e-01 9.588000e-03 7.704800e-02
89 9.125240e-01 9.740000e-03 7.773600e-02
90 9.117240e-01 9.616000e-03 7.866000e-02
91 9.107840e-01 9.736000e-03 7.948000e-02
92 9.100640e-01 9.656000e-03 8.028000e-02
93 9.091600e-01 9.640000e-03 8.120000e-02
94 9.084280e-01 9.384000e-03 8.218800e-02
95 9.077160e-01 9.280000e-03 8.300400e-02
96 9.069480e-01 9.420000e-03 8.363200e-02
97 9.062760e-01 9.428000e-03 8.429600e-02
98 9.055960e-01 9.320000e-03 8.508400e-02
99 9.048080e-01 9.236000e-03 8.595600e-02
100 9.041840e-01 9.148000e-03 8.666800e-02
101 9.036200e-01 9.260000e-03 8.712000e-02
102 9.027720e-01 9.492000e-03 8.773600e-02
103 9.018320e-01 9.752000e-03 8.841600e-02
104 9.011480e-01 9.660000e-03 8.919200e-02
105 9.004320e-01 9.596000e-03 8.997200e-02
106 8.998120e-01 9.600000e-03 9.058800e-02
107 8.991080e-01 9.540000e-03 9.135200e-02
108 8.984920e-01 9.476000e-03 9.203200e-02
109 8.979280e-01 9.436000e-03 9.263600e-02
110 8.971640e-01 9.372000e-03 9.346400e-02
111 8.963160e-01 9.588000e-03 9.409600e-02
112 8.954280e-01 9.856000e-03 9.471600e-02
113 8.946120e-01 9.972000e-03 9.541600e-02
114 8.938680e-01 9.904000e-03 9.622800e-02
115 8.930440e-01 1.000800e-02 9.694800e-02
116 8.923520e-01 1.006800e-02 9.758000e-02
117 8.916360e-01 1.012400e-02 9.824000e-02
118 8.909640e-01 1.024000e-02 9.879600e-02
119 8.903360e-01 1.016000e-02 9.950400e-02
120 8.897120e-01 1.026800e-02 1.000200e-01
121 8.890520e-01 1.030000e-02 1.006480e-01
122 8.884720e-01 1.020800e-02 1.013200e-01
123 8.875880e-01 1.048800e-02 1.019240e-01
124 8.869320e-01 1.047600e-02 1.025920e-01
125 8.861760e-01 1.060800e-02 1.032160e-01
126 8.855600e-01 1.062800e-02 1.038120e-01
127 8.849920e-01 1.056000e-02 1.044480e-01
128 8.842600e-01 1.071600e-02 1.050240e-01
129 8.835960e-01 1.062400e-02 1.057800e-01
130 8.827880e-01 1.067200e-02 1.065400e-01
131 8.820520e-01 1.061600e-02 1.073320e-01
132 8.814120e-01 1.052800e-02 1.080600e-01
133 8.808480e-01 1.045200e-02 1.087000e-01
134 8.802680e-01 1.038800e-02 1.093440e-01
135 8.796640e-01 1.040800e-02 1.099280e-01
136 8.790640e-01 1.043200e-02 1.105040e-01
137 8.783400e-01 1.066400e-02 1.109960e-01
138 8.774600e-01 1.089600e-02 1.116440e-01
139 8.766800e-01 1.089200e-02 1.124280e-01
140 8.759200e-01 1.081200e-02 1.132680e-01
141 8.750640e-01 1.090800e-02 1.140280e-01
142 8.744440e-01 1.087600e-02 1.146800e-01
143 8.737600e-01 1.092000e-02 1.153200e-01
144 8.731000e-01 1.085200e-02 1.160480e-01
145 8.723320e-01 1.101600e-02 1.166520e-01
146 8.715920e-01 1.110400e-02 1.173040e-01
147 8.709720e-01 1.096000e-02 1.180680e-01
148 8.702280e-01 1.116400e-02 1.186080e-01
149 8.696320e-01 1.113200e-02 1.192360e-01
150 8.691080e-01 1.090400e-02 1.199880e-01
151 8.686280e-01 1.063600e-02 1.207360e-01
152 8.679600e-01 1.084000e-02 1.212000e-01
153 8.674560e-01 1.067600e-02 1.218680e-01
154 8.669720e-01 1.060000e-02 1.224280e-01
155 8.662960e-01 1.062400e-02 1.230800e-01
156 8.657240e-01 1.064400e-02 1.236320e-01
157 8.652760e-01 1.068400e-02 1.240400e-01
158 8.648480e-01 1.054000e-02 1.246120e-01
159 8.642640e-01 1.084000e-02 1.248960e-01
160 8.636360e-01 1.103600e-02 1.253280e-01
161 8.627680e-01 1.118400e-02 1.260480e-01
162 8.620640e-01 1.132400e-02 1.266120e-01
163 8.613120e-01 1.136000e-02 1.273280e-01
164 8.604480e-01 1.165600e-02 1.278960e-01
165 8.598000e-01 1.160800e-02 1.285920e-01
166 8.591800e-01 1.152000e-02 1.293000e-01
167 8.584280e-01 1.154800e-02 1.300240e-01
168 8.580520e-01 1.144800e-02 1.305000e-01
169 8.575480e-01 1.131200e-02 1.311400e-01
170 8.570520e-01 1.132800e-02 1.316200e-01
171 8.564280e-01 1.136400e-02 1.322080e-01
172 8.559600e-01 1.130800e-02 1.327320e-01
173 8.553160e-01 1.133600e-02 1.333480e-01
174 8.548360e-01 1.142800e-02 1.337360e-01
175 8.543760e-01 1.136400e-02 1.342600e-01
176 8.539080e-01 1.137600e-02 1.347160e-01
177 8.534880e-01 1.136400e-02 1.351480e-01
178 8.530320e-01 1.143200e-02 1.355360e-01
179 8.524880e-01 1.146000e-02 1.360520e-01
180 8.520360e-01 1.132400e-02 1.366400e-01
181 8.514520e-01 1.139200e-02 1.371560e-01
182 8.511680e-01 1.129600e-02 1.375360e-01
183 8.509000e-01 1.117200e-02 1.379280e-01
184 8.505040e-01 1.098400e-02 1.385120e-01
185 8.500880e-01 1.100000e-02 1.389120e-01
186 8.497360e-01 1.098400e-02 1.392800e-01
187 8.494960e-01 1.072800e-02 1.397760e-01
188 8.491280e-01 1.061600e-02 1.402560e-01
189 8.487600e-01 1.067600e-02 1.405640e-01
190 8.481120e-01 1.076000e-02 1.411280e-01
191 8.476840e-01 1.074400e-02 1.415720e-01
192 8.472560e-01 1.056400e-02 1.421800e-01
193 8.467440e-01 1.072800e-02 1.425280e-01
194 8.464440e-01 1.071200e-02 1.428440e-01
195 8.461000e-01 1.057600e-02 1.433240e-01
196 8.456400e-01 1.068800e-02 1.436720e-01
197 8.455280e-01 1.065600e-02 1.438160e-01
198 8.452720e-01 1.066000e-02 1.440680e-01
199 8.447800e-01 1.069200e-02 1.445280e-01
200 8.443640e-01 1.056000e-02 1.450760e-01
201 8.441840e-01 1.048400e-02 1.453320e-01
202 8.439120e-01 1.030800e-02 1.457800e-01
203 8.436640e-01 1.046000e-02 1.458760e-01
204 8.434280e-01 1.034800e-02 1.462240e-01
205 8.432960e-01 1.033200e-02 1.463720e-01
206 8.429360e-01 1.034800e-02 1.467160e-01
207 8.429520e-01 1.019200e-02 1.468560e-01
208 8.427760e-01 1.014000e-02 1.470840e-01
209 8.426680e-01 1.002000e-02 1.473120e-01
210 8.427200e-01 9.692000e-03 1.475880e-01
211 8.429440e-01 9.376000e-03 1.476800e-01
212 8.429520e-01 9.220000e-03 1.478280e-01
213 8.428960e-01 9.116000e-03 1.479880e-01
214 8.428320e-01 9.128000e-03 1.480400e-01
215 8.429200e-01 8.868000e-03 1.482120e-01
216 8.428880e-01 8.844000e-03 1.482680e-01
217 8.429040e-01 8.792000e-03 1.483040e-01
218 8.428320e-01 8.732000e-03 1.484360e-01
219 8.427320e-01 8.784000e-03 1.484840e-01
220 8.426360e-01 8.760000e-03 1.486040e-01
221 8.425840e-01 8.768000e-03 1.486480e-01
222 8.425160e-01 8.808000e-03 1.486760e-01
223 8.422760e-01 8.960000e-03 1.487640e-01
224 8.423800e-01 8.784000e-03 1.488360e-01
225 8.422600e-01 8.916000e-03 1.488240e-01
226 8.421440e-01 9.048000e-03 1.488080e-01
227 8.421080e-01 9.012000e-03 1.488800e-01
228 8.420400e-01 8.940000e-03 1.490200e-01
229 8.420600e-01 8.844000e-03 1.490960e-01
230 8.421160e-01 8.740000e-03 1.491440e-01
231 8.420080e-01 8.736000e-03 1.492560e-01
232 8.420960e-01 8.800000e-03 1.491040e-01
233 8.423480e-01 8.664000e-03 1.489880e-01
234 8.425280e-01 8.720000e-03 1.487520e-01
235 8.424840e-01 8.620000e-03 1.488960e-01
236 8.426840e-01 8.376000e-03 1.489400e-01
237 8.428160e-01 8.280000e-03 1.489040e-01
238 8.426800e-01 8.420000e-03 1.489000e-01
239 8.427800e-01 8.352000e-03 1.488680e-01
240 8.429520e-01 8.216000e-03 1.488320e-01
241 8.431240e-01 8.280000e-03 1.485960e-01
242 8.433040e-01 8.404000e-03 1.482920e-01
243 8.432000e-01 8.372000e-03 1.484280e-01
244 8.433280e-01 8.272000e-03 1.484000e-01
245 8.433640e-01 8.152000e-03 1.484840e-01
246 8.434000e-01 8.184000e-03 1.484160e-01
247 8.434440e-01 8.156000e-03 1.484000e-01
248 8.435000e-01 8.104000e-03 1.483960e-01
249 8.434800e-01 8.064000e-03 1.484560e-01
250 8.435160e-01 7.900000e-03 1.485840e-01
251 8.435320e-01 7.880000e-03 1.485880e-01
252 8.435360e-01 7.992000e-03 1.484720e-01
253 8.435960e-01 7.948000e-03 1.484560e-01
254 8.437280e-01 8.028000e-03 1.482440e-01
255 8.438360e-01 7.924000e-03 1.482400e-01
256 8.440440e-01 7.780000e-03 1.481760e-01
257 8.441920e-01 7.656000e-03 1.481520e-01
258 8.444520e-01 7.544000e-03 1.480040e-01
259 8.445920e-01 7.428000e-03 1.479800e-01
260 8.448040e-01 7.336000e-03 1.478600e-01
261 8.450840e-01 7.232000e-03 1.476840e-01
262 8.452360e-01 7.340000e-03 1.474240e-01
263 8.453680e-01 7.320000e-03 1.473120e-01
264 8.456440e-01 7.284000e-03 1.470720e-01
265 8.459400e-01 7.244000e-03 1.468160e-01
266 8.461000e-01 7.120000e-03 1.467800e-01
267 8.463240e-01 7.152000e-03 1.465240e-01
268 8.464920e-01 7.100000e-03 1.464080e-01
269 8.465840e-01 6.996000e-03 1.464200e-01
270 8.467960e-01 7.120000e-03 1.460840e-01
271 8.469760e-01 7.184000e-03 1.458400e-01
272 8.470120e-01 7.328000e-03 1.456600e-01
273 8.472880e-01 7.308000e-03 1.454040e-01
274 8.476600e-01 7.092000e-03 1.452480e-01
275 8.478080e-01 7.208000e-03 1.449840e-01
276 8.479040e-01 7.412000e-03 1.446840e-01
277 8.481600e-01 7.316000e-03 1.445240e-01
278 8.482320e-01 7.352000e-03 1.444160e-01
279 8.485400e-01 7.148000e-03 1.443120e-01
280 8.487080e-01 7.176000e-03 1.441160e-01
281 8.490480e-01 7.256000e-03 1.436960e-01
282 8.492560e-01 7.168000e-03 1.435760e-01
283 8.495400e-01 7.164000e-03 1.432960e-01
284 8.496920e-01 7.180000e-03 1.431280e-01
285 8.500000e-01 6.972000e-03 1.430280e-01
286 8.501720e-01 6.972000e-03 1.428560e-01
287 8.503160e-01 6.980000e-03 1.427040e-01
288 8.507160e-01 6.808000e-03 1.424760e-01
289 8.510240e-01 6.672000e-03 1.423040e-01
290 8.512560e-01 6.744000e-03 1.420000e-01
291 8.513120e-01 6.852000e-03 1.418360e-01
292 8.515680e-01 6.952000e-03 1.414800e-01
293 8.517840e-01 6.796000e-03 1.414200e-01
294 8.519480e-01 6.688000e-03 1.413640e-01
295 8.521360e-01 6.644000e-03 1.412200e-01
296 8.524200e-01 6.600000e-03 1.409800e-01
297 8.524920e-01 6.824000e-03 1.406840e-01
298 8.527160e-01 6.820000e-03 1.404640e-01
299 8.529200e-01 6.932000e-03 1.401480e-01
300 8.533400e-01 6.728000e-03 1.399320e-01
301 8.533560e-01 6.788000e-03 1.398560e-01
302 8.535560e-01 6.776000e-03 1.396680e-01
303 8.537960e-01 6.700000e-03 1.395040e-01
304 8.539840e-01 6.784000e-03 1.392320e-01
305 8.540720e-01 6.752000e-03 1.391760e-01
306 8.541080e-01 6.852000e-03 1.390400e-01
307 8.543320e-01 6.888000e-03 1.387800e-01
308 8.545280e-01 6.784000e-03 1.386880e-01
309 8.549520e-01 6.796000e-03 1.382520e-01
310 8.551160e-01 6.948000e-03 1.379360e-01
311 8.552600e-01 6.924000e-03 1.378160e-01
312 8.553640e-01 6.900000e-03 1.377360e-01
313 8.553120e-01 6.952000e-03 1.377360e-01
314 8.553840e-01 7.056000e-03 1.375600e-01
315 8.555560e-01 7.068000e-03 1.373760e-01
316 8.558920e-01 6.880000e-03 1.372280e-01
317 8.559400e-01 6.932000e-03 1.371280e-01
318 8.561040e-01 6.960000e-03 1.369360e-01
319 8.560880e-01 7.240000e-03 1.366720e-01
320 8.559960e-01 7.408000e-03 1.365960e-01
321 8.561640e-01 7.320000e-03 1.365160e-01
322 8.563040e-01 7.392000e-03 1.363040e-01
323 8.562880e-01 7.392000e-03 1.363200e-01
324 8.563920e-01 7.380000e-03 1.362280e-01
325 8.564720e-01 7.300000e-03 1.362280e-01
326 8.565400e-01 7.356000e-03 1.361040e-01
327 8.565640e-01 7.380000e-03 1.360560e-01
328 8.568120e-01 7.252000e-03 1.359360e-01
329 8.570120e-01 7.080000e-03 1.359080e-01
330 8.571720e-01 7.008000e-03 1.358200e-01
331 8.572400e-01 6.948000e-03 1.358120e-01
332 8.574600e-01 6.804000e-03 1.357360e-01
333 8.578840e-01 6.668000e-03 1.354480e-01
334 8.581240e-01 6.616000e-03 1.352600e-01
335 8.582440e-01 6.592000e-03 1.351640e-01
336 8.585000e-01 6.344000e-03 1.351560e-01
337 8.588320e-01 6.296000e-03 1.348720e-01
338 8.591360e-01 6.192000e-03 1.346720e-01
339 8.593720e-01 6.148000e-03 1.344800e-01
340 8.597320e-01 6.156000e-03 1.341120e-01
341 8.599880e-01 6.000000e-03 1.340120e-01
342 8.601240e-01 6.196000e-03 1.336800e-01
343 8.601920e-01 6.412000e-03 1.333960e-01
344 8.604720e-01 6.356000e-03 1.331720e-01
345 8.605520e-01 6.476000e-03 1.329720e-01
346 8.607120e-01 6.424000e-03 1.328640e-01
347 8.608600e-01 6.560000e-03 1.325800e-01
348 8.610960e-01 6.624000e-03 1.322800e-01
349 8.613400e-01 6.660000e-03 1.320000e-01
350 8.614880e-01 6.740000e-03 1.317720e-01
351 8.615120e-01 6.884000e-03 1.316040e-01
352 8.614560e-01 6.924000e-03 1.316200e-01
353 8.616880e-01 6.892000e-03 1.314200e-01
354 8.617200e-01 6.972000e-03 1.313080e-01
355 8.618800e-01 6.780000e-03 1.313400e-01
356 8.620800e-01 6.660000e-03 1.312600e-01
357 8.622840e-01 6.632000e-03 1.310840e-01
358 8.624560e-01 6.556000e-03 1.309880e-01
359 8.624800e-01 6.656000e-03 1.308640e-01
360 8.626000e-01 6.556000e-03 1.308440e-01
361 8.627880e-01 6.608000e-03 1.306040e-01
362 8.629840e-01 6.572000e-03 1.304440e-01
363 8.631480e-01 6.580000e-03 1.302720e-01
364 8.633800e-01 6.656000e-03 1.299640e-01
365 8.636960e-01 6.588000e-03 1.297160e-01
366 8.639360e-01 6.380000e-03 1.296840e-01
367 8.643200e-01 6.192000e-03 1.294880e-01
368 8.646080e-01 6.100000e-03 1.292920e-01
369 8.646920e-01 6.272000e-03 1.290360e-01
370 8.649440e-01 6.204000e-03 1.288520e-01
371 8.652000e-01 6.144000e-03 1.286560e-01
372 8.651240e-01 6.132000e-03 1.287440e-01
373 8.652560e-01 6.268000e-03 1.284760e-01
374 8.652280e-01 6.400000e-03 1.283720e-01
375 8.654720e-01 6.252000e-03 1.282760e-01
376 8.654440e-01 6.328000e-03 1.282280e-01
377 8.655280e-01 6.300000e-03 1.281720e-01
378 8.656000e-01 6.340000e-03 1.280600e-01
379 8.656640e-01 6.360000e-03 1.279760e-01
380 8.656440e-01 6.536000e-03 1.278200e-01
381 8.657280e-01 6.520000e-03 1.277520e-01
382 8.659640e-01 6.528000e-03 1.275080e-01
383 8.661120e-01 6.604000e-03 1.272840e-01
384 8.661120e-01 6.700000e-03 1.271880e-01
385 8.660200e-01 6.832000e-03 1.271480e-01
386 8.660680e-01 6.896000e-03 1.270360e-01
387 8.663280e-01 6.756000e-03 1.269160e-01
388 8.664920e-01 6.668000e-03 1.268400e-01
389 8.665320e-01 6.736000e-03 1.267320e-01
390 8.666760e-01 6.696000e-03 1.266280e-01
391 8.667840e-01 6.840000e-03 1.263760e-01
392 8.666520e-01 6.940000e-03 1.264080e-01
393 8.668360e-01 6.884000e-03 1.262800e-01
394 8.668360e-01 6.812000e-03 1.263520e-01
395 8.670120e-01 6.784000e-03 1.262040e-01
396 8.670120e-01 6.804000e-03 1.261840e-01
397 8.672800e-01 6.700000e-03 1.260200e-01
398 8.675400e-01 6.620000e-03 1.258400e-01
399 8.676280e-01 6.488000e-03 1.258840e-01
400 8.677800e-01 6.576000e-03 1.256440e-01
401 8.679400e-01 6.476000e-03 1.255840e-01
402 8.682120e-01 6.428000e-03 1.253600e-01
403 8.683360e-01 6.524000e-03 1.251400e-01
404 8.684600e-01 6.620000e-03 1.249200e-01
405 8.686040e-01 6.556000e-03 1.248400e-01
406 8.687760e-01 6.676000e-03 1.245480e-01
407 8.688160e-01 6.620000e-03 1.245640e-01
408 8.687920e-01 6.592000e-03 1.246160e-01
409 8.687720e-01 6.648000e-03 1.245800e-01
410 8.688520e-01 6.516000e-03 1.246320e-01
411 8.689120e-01 6.532000e-03 1.245560e-01
412 8.691400e-01 6.508000e-03 1.243520e-01
413 8.692040e-01 6.584000e-03 1.242120e-01
414 8.692760e-01 6.676000e-03 1.240480e-01
415 8.692560e-01 6.708000e-03 1.240360e-01
416 8.693800e-01 6.740000e-03 1.238800e-01
417 8.694320e-01 6.748000e-03 1.238200e-01
418 8.694080e-01 6.632000e-03 1.239600e-01
419 8.694840e-01 6.668000e-03 1.238480e-01
420 8.695560e-01 6.704000e-03 1.237400e-01
421 8.696520e-01 6.628000e-03 1.237200e-01
422 8.699200e-01 6.528000e-03 1.235520e-01
423 8.700080e-01 6.596000e-03 1.233960e-01
424 8.701520e-01 6.588000e-03 1.232600e-01
425 8.704000e-01 6.436000e-03 1.231640e-01
426 8.707960e-01 6.252000e-03 1.229520e-01
427 8.708680e-01 6.360000e-03 1.227720e-01
428 8.710360e-01 6.272000e-03 1.226920e-01
429 8.709640e-01 6.376000e-03 1.226600e-01
430 8.711000e-01 6.444000e-03 1.224560e-01
431 8.712840e-01 6.368000e-03 1.223480e-01
432 8.713840e-01 6.280000e-03 1.223360e-01
433 8.715400e-01 6.300000e-03 1.221600e-01
434 8.716720e-01 6.236000e-03 1.220920e-01
435 8.718520e-01 6.300000e-03 1.218480e-01
436 8.720480e-01 6.348000e-03 1.216040e-01
437 8.723160e-01 6.220000e-03 1.214640e-01
438 8.724400e-01 6.148000e-03 1.214120e-01
439 8.724840e-01 6.044000e-03 1.214720e-01
440 8.725840e-01 6.064000e-03 1.213520e-01
441 8.728760e-01 5.924000e-03 1.212000e-01
442 8.730600e-01 5.836000e-03 1.211040e-01
443 8.732760e-01 5.724000e-03 1.210000e-01
444 8.736040e-01 5.752000e-03 1.206440e-01
445 8.737520e-01 5.680000e-03 1.205680e-01
446 8.740280e-01 5.612000e-03 1.203600e-01
447 8.743120e-01 5.504000e-03 1.201840e-01
448 8.745840e-01 5.400000e-03 1.200160e-01
449 8.748440e-01 5.392000e-03 1.197640e-01
450 8.750920e-01 5.200000e-03 1.197080e-01
451 8.754520e-01 5.028000e-03 1.195200e-01
452 8.756440e-01 5.032000e-03 1.193240e-01
453 8.759880e-01 5.044000e-03 1.189680e-01
454 8.761200e-01 5.176000e-03 1.187040e-01
455 8.764920e-01 5.256000e-03 1.182520e-01
456 8.767840e-01 5.164000e-03 1.180520e-01
457 8.769560e-01 5.244000e-03 1.178000e-01
458 8.773640e-01 5.136000e-03 1.175000e-01
459 8.776800e-01 5.116000e-03 1.172040e-01
460 8.779400e-01 5.016000e-03 1.170440e-01
461 8.781200e-01 5.052000e-03 1.168280e-01
462 8.785000e-01 4.928000e-03 1.165720e-01
463 8.786160e-01 4.952000e-03 1.164320e-01
464 8.787800e-01 5.116000e-03 1.161040e-01
465 8.791080e-01 5.116000e-03 1.157760e-01
466 8.792160e-01 5.188000e-03 1.155960e-01
467 8.793880e-01 5.252000e-03 1.153600e-01
468 8.796000e-01 5.260000e-03 1.151400e-01
469 8.797200e-01 5.256000e-03 1.150240e-01
470 8.798560e-01 5.224000e-03 1.149200e-01
471 8.802240e-01 5.128000e-03 1.146480e-01
472 8.804920e-01 5.112000e-03 1.143960e-01
473 8.806080e-01 5.188000e-03 1.142040e-01
474 8.809400e-01 5.040000e-03 1.140200e-01
475 8.812360e-01 4.988000e-03 1.137760e-01
476 8.813400e-01 5.084000e-03 1.135760e-01
477 8.816160e-01 5.212000e-03 1.131720e-01
478 8.819320e-01 5.044000e-03 1.130240e-01
479 8.820960e-01 5.016000e-03 1.128880e-01
480 8.825760e-01 4.824000e-03 1.126000e-01
481 8.829600e-01 4.696000e-03 1.123440e-01
482 8.831400e-01 4.656000e-03 1.122040e-01
483 8.835040e-01 4.640000e-03 1.118560e-01
484 8.837560e-01 4.676000e-03 1.115680e-01
485 8.839080e-01 4.780000e-03 1.113120e-01
486 8.841600e-01 4.868000e-03 1.109720e-01
487 8.845120e-01 4.652000e-03 1.108360e-01
488 8.848960e-01 4.656000e-03 1.104480e-01
489 8.853200e-01 4.688000e-03 1.099920e-01
490 8.856080e-01 4.704000e-03 1.096880e-01
491 8.858240e-01 4.792000e-03 1.093840e-01
492 8.859360e-01 4.948000e-03 1.091160e-01
493 8.861960e-01 4.844000e-03 1.089600e-01
494 8.864200e-01 4.840000e-03 1.087400e-01
495 8.867520e-01 4.704000e-03 1.085440e-01
496 8.870600e-01 4.572000e-03 1.083680e-01
497 8.874080e-01 4.496000e-03 1.080960e-01
498 8.878400e-01 4.464000e-03 1.076960e-01
499 8.881440e-01 4.520000e-03 1.073360e-01
500 8.883520e-01 4.576000e-03 1.070720e-01
501 8.884360e-01 4.752000e-03 1.068120e-01
502 8.886720e-01 4.720000e-03 1.066080e-01
503 8.888080e-01 4.772000e-03 1.064200e-01
504 8.890840e-01 4.564000e-03 1.063520e-01
505 8.893680e-01 4.576000e-03 1.060560e-01
506 8.894280e-01 4.676000e-03 1.058960e-01
507 8.895960e-01 4.720000e-03 1.056840e-01
508 8.898960e-01 4.708000e-03 1.053960e-01
509 8.902600e-01 4.644000e-03 1.050960e-01
510 8.905760e-01 4.576000e-03 1.048480e-01
511 8.909240e-01 4.424000e-03 1.046520e-01
512 8.911680e-01 4.444000e-03 1.043880e-01
513 8.914360e-01 4.568000e-03 1.039960e-01
514 8.918320e-01 4.516000e-03 1.036520e-01
515 8.921480e-01 4.460000e-03 1.033920e-01
516 8.925800e-01 4.364000e-03 1.030560e-01
517 8.928120e-01 4.312000e-03 1.028760e-01
518 8.931320e-01 4.156000e-03 1.027120e-01
519 8.934480e-01 4.140000e-03 1.024120e-01
520 8.937200e-01 4.204000e-03 1.020760e-01
521 8.940720e-01 4.168000e-03 1.017600e-01
522 8.944400e-01 4.144000e-03 1.014160e-01
523 8.946400e-01 4.300000e-03 1.010600e-01
524 8.949640e-01 4.240000e-03 1.007960e-01
525 8.952040e-01 4.192000e-03 1.006040e-01
526 8.953720e-01 4.208000e-03 1.004200e-01
527 8.955920e-01 4.304000e-03 1.001040e-01
528 8.957960e-01 4.288000e-03 9.991600e-02
529 8.959040e-01 4.348000e-03 9.974800e-02
530 8.960600e-01 4.340000e-03 9.960000e-02
531 8.963120e-01 4.272000e-03 9.941600e-02
532 8.965040e-01 4.392000e-03 9.910400e-02
533 8.968640e-01 4.352000e-03 9.878400e-02
534 8.970280e-01 4.432000e-03 9.854000e-02
535 8.972560e-01 4.412000e-03 9.833200e-02
536 8.974480e-01 4.412000e-03 9.814000e-02
537 8.976320e-01 4.416000e-03 9.795200e-02
538 8.978520e-01 4.380000e-03 9.776800e-02
539 8.980360e-01 4.376000e-03 9.758800e-02
540 8.983440e-01 4.212000e-03 9.744400e-02
541 8.986200e-01 4.212000e-03 9.716800e-02
542 8.987760e-01 4.288000e-03 9.693600e-02
543 8.988880e-01 4.308000e-03 9.680400e-02
544 8.991800e-01 4.244000e-03 9.657600e-02
545 8.994800e-01 4.224000e-03 9.629600e-02
546 8.996040e-01 4.372000e-03 9.602400e-02
547 8.996760e-01 4.504000e-03 9.582000e-02
548 8.998520e-01 4.496000e-03 9.565200e-02
549 9.001600e-01 4.412000e-03 9.542800e-02
550 9.003400e-01 4.508000e-03 9.515200e-02
551 9.004600e-01 4.424000e-03 9.511600e-02
552 9.006240e-01 4.520000e-03 9.485600e-02
553 9.008880e-01 4.444000e-03 9.466800e-02
554 9.010440e-01 4.360000e-03 9.459600e-02
555 9.013040e-01 4.296000e-03 9.440000e-02
556 9.013720e-01 4.284000e-03 9.434400e-02
557 9.015320e-01 4.184000e-03 9.428400e-02
558 9.019520e-01 3.952000e-03 9.409600e-02
559 9.021680e-01 3.932000e-03 9.390000e-02
560 9.023520e-01 3.848000e-03 9.380000e-02
561 9.026080e-01 3.796000e-03 9.359600e-02
562 9.027600e-01 3.860000e-03 9.338000e-02
563 9.029440e-01 3.928000e-03 9.312800e-02
564 9.032600e-01 3.856000e-03 9.288400e-02
565 9.036200e-01 3.796000e-03 9.258400e-02
566 9.038320e-01 3.840000e-03 9.232800e-02
567 9.041120e-01 3.752000e-03 9.213600e-02
568 9.044480e-01 3.704000e-03 9.184800e-02
569 9.048200e-01 3.644000e-03 9.153600e-02
570 9.049960e-01 3.624000e-03 9.138000e-02
571 9.052000e-01 3.700000e-03 9.110000e-02
572 9.054560e-01 3.700000e-03 9.084400e-02
573 9.056240e-01 3.648000e-03 9.072800e-02
574 9.059280e-01 3.600000e-03 9.047200e-02
575 9.061000e-01 3.632000e-03 9.026800e-02
576 9.065080e-01 3.676000e-03 8.981600e-02
577 9.068160e-01 3.560000e-03 8.962400e-02
578 9.071560e-01 3.512000e-03 8.933200e-02
579 9.074160e-01 3.544000e-03 8.904000e-02
580 9.076400e-01 3.624000e-03 8.873600e-02
581 9.078760e-01 3.648000e-03 8.847600e-02
582 9.081120e-01 3.640000e-03 8.824800e-02
583 9.084840e-01 3.480000e-03 8.803600e-02
584 9.087880e-01 3.360000e-03 8.785200e-02
585 9.090800e-01 3.388000e-03 8.753200e-02
586 9.093920e-01 3.380000e-03 8.722800e-02
587 9.096360e-01 3.440000e-03 8.692400e-02
588 9.099400e-01 3.444000e-03 8.661600e-02
589 9.101440e-01 3.480000e-03 8.637600e-02
590 9.104400e-01 3.504000e-03 8.605600e-02
591 9.108640e-01 3.356000e-03 8.578000e-02
592 9.112560e-01 3.276000e-03 8.546800e-02
593 9.115600e-01 3.240000e-03 8.520000e-02
594 9.118200e-01 3.276000e-03 8.490400e-02
595 9.120720e-01 3.172000e-03 8.475600e-02
596 9.124320e-01 3.092000e-03 8.447600e-02
597 9.127600e-01 3.076000e-03 8.416400e-02
598 9.131320e-01 3.036000e-03 8.383200e-02
599 9.134240e-01 3.044000e-03 8.353200e-02
600 9.136240e-01 3.060000e-03 8.331600e-02
601 9.139800e-01 2.984000e-03 8.303600e-02
602 9.143920e-01 3.008000e-03 8.260000e-02
603 9.146680e-01 3.024000e-03 8.230800e-02
604 9.150400e-01 2.896000e-03 8.206400e-02
605 9.153880e-01 2.772000e-03 8.184000e-02
606 9.157040e-01 2.776000e-03 8.152000e-02
607 9.160000e-01 2.720000e-03 8.128000e-02
608 9.163280e-01 2.768000e-03 8.090400e-02
609 9.166360e-01 2.760000e-03 8.060400e-02
610 9.169440e-01 2.768000e-03 8.028800e-02
611 9.172720e-01 2.712000e-03 8.001600e-02
612 9.175040e-01 2.684000e-03 7.981200e-02
613 9.178480e-01 2.712000e-03 7.944000e-02
614 9.180280e-01 2.756000e-03 7.921600e-02
615 9.183520e-01 2.840000e-03 7.880800e-02
616 9.186200e-01 2.904000e-03 7.847600e-02
617 9.188320e-01 2.896000e-03 7.827200e-02
618 9.190200e-01 2.864000e-03 7.811600e-02
619 9.192440e-01 2.880000e-03 7.787600e-02
620 9.194800e-01 2.856000e-03 7.766400e-02
621 9.196280e-01 2.916000e-03 7.745600e-02
622 9.199920e-01 2.840000e-03 7.716800e-02
623 9.202120e-01 2.712000e-03 7.707600e-02
624 9.204880e-01 2.784000e-03 7.672800e-02
625 9.207640e-01 2.804000e-03 7.643200e-02
626 9.210720e-01 2.800000e-03 7.612800e-02
627 9.214000e-01 2.768000e-03 7.583200e-02
628 9.217080e-01 2.728000e-03 7.556400e-02
629 9.217560e-01 2.804000e-03 7.544000e-02
630 9.220160e-01 2.836000e-03 7.514800e-02
631 9.223080e-01 2.940000e-03 7.475200e-02
632 9.224840e-01 2.984000e-03 7.453200e-02
633 9.226920e-01 3.016000e-03 7.429200e-02
634 9.229920e-01 2.956000e-03 7.405200e-02
635 9.231520e-01 2.944000e-03 7.390400e-02
636 9.233520e-01 2.880000e-03 7.376800e-02
637 9.236000e-01 2.956000e-03 7.344400e-02
638 9.237240e-01 3.056000e-03 7.322000e-02
639 9.239600e-01 3.160000e-03 7.288000e-02
640 9.242640e-01 3.192000e-03 7.254400e-02
641 9.245360e-01 3.124000e-03 7.234000e-02
642 9.247440e-01 3.208000e-03 7.204800e-02
643 9.248360e-01 3.268000e-03 7.189600e-02
644 9.250640e-01 3.140000e-03 7.179600e-02
645 9.251600e-01 3.216000e-03 7.162400e-02
646 9.252880e-01 3.320000e-03 7.139200e-02
647 9.254360e-01 3.344000e-03 7.122000e-02
648 9.255240e-01 3.344000e-03 7.113200e-02
649 9.258120e-01 3.316000e-03 7.087200e-02
650 9.259200e-01 3.376000e-03 7.070400e-02
651 9.260000e-01 3.300000e-03 7.070000e-02
652 9.261200e-01 3.284000e-03 7.059600e-02
653 9.263800e-01 3.172000e-03 7.044800e-02
654 9.265160e-01 3.196000e-03 7.028800e-02
655 9.266560e-01 3.276000e-03 7.006800e-02
656 9.268440e-01 3.196000e-03 6.996000e-02
657 9.269880e-01 3.116000e-03 6.989600e-02
658 9.271800e-01 3.020000e-03 6.980000e-02
659 9.273880e-01 3.060000e-03 6.955200e-02
660 9.275960e-01 3.084000e-03 6.932000e-02
661 9.276200e-01 3.196000e-03 6.918400e-02
662 9.277280e-01 3.244000e-03 6.902800e-02
663 9.278040e-01 3.212000e-03 6.898400e-02
664 9.278680e-01 3.200000e-03 6.893200e-02
665 9.279760e-01 3.192000e-03 6.883200e-02
666 9.280320e-01 3.252000e-03 6.871600e-02
667 9.281840e-01 3.288000e-03 6.852800e-02
668 9.281960e-01 3.360000e-03 6.844400e-02
669 9.281760e-01 3.416000e-03 6.840800e-02
670 9.283200e-01 3.448000e-03 6.823200e-02
671 9.282880e-01 3.420000e-03 6.829200e-02
672 9.284120e-01 3.404000e-03 6.818400e-02
673 9.285280e-01 3.416000e-03 6.805600e-02
674 9.285360e-01 3.476000e-03 6.798800e-02
675 9.286760e-01 3.392000e-03 6.793200e-02
676 9.289120e-01 3.272000e-03 6.781600e-02
677 9.290320e-01 3.288000e-03 6.768000e-02
678 9.292120e-01 3.276000e-03 6.751200e-02
679 9.292000e-01 3.328000e-03 6.747200e-02
680 9.293960e-01 3.204000e-03 6.740000e-02
681 9.296040e-01 3.204000e-03 6.719200e-02
682 9.296720e-01 3.232000e-03 6.709600e-02
683 9.298880e-01 3.164000e-03 6.694800e-02
684 9.300080e-01 3.136000e-03 6.685600e-02
685 9.301080e-01 3.088000e-03 6.680400e-02
686 9.300920e-01 3.076000e-03 6.683200e-02
687 9.302440e-01 3.096000e-03 6.666000e-02
688 9.302920e-01 3.128000e-03 6.658000e-02
689 9.304280e-01 3.136000e-03 6.643600e-02
690 9.304720e-01 3.176000e-03 6.635200e-02
691 9.306840e-01 3.128000e-03 6.618800e-02
692 9.308480e-01 3.000000e-03 6.615200e-02
693 9.309960e-01 2.980000e-03 6.602400e-02
694 9.311480e-01 3.020000e-03 6.583200e-02
695 9.313000e-01 2.968000e-03 6.573200e-02
696 9.313880e-01 2.960000e-03 6.565200e-02
697 9.316080e-01 2.940000e-03 6.545200e-02
698 9.317880e-01 2.964000e-03 6.524800e-02
699 9.319160e-01 2.836000e-03 6.524800e-02
700 9.321080e-01 2.816000e-03 6.507600e-02
701 9.323040e-01 2.772000e-03 6.492400e-02
702 9.325240e-01 2.756000e-03 6.472000e-02
703 9.326560e-01 2.796000e-03 6.454800e-02
704 9.328720e-01 2.740000e-03 6.438800e-02
705 9.331120e-01 2.676000e-03 6.421200e-02
706 9.332240e-01 2.672000e-03 6.410400e-02
707 9.333120e-01 2.772000e-03 6.391600e-02
708 9.334760e-01 2.720000e-03 6.380400e-02
709 9.336240e-01 2.692000e-03 6.368400e-02
710 9.337480e-01 2.684000e-03 6.356800e-02
711 9.338600e-01 2.664000e-03 6.347600e-02
712 9.341360e-01 2.540000e-03 6.332400e-02
713 9.342760e-01 2.540000e-03 6.318400e-02
714 9.343520e-01 2.656000e-03 6.299200e-02
715 9.345840e-01 2.724000e-03 6.269200e-02
716 9.346440e-01 2.696000e-03 6.266000e-02
717 9.348160e-01 2.680000e-03 6.250400e-02
718 9.350080e-01 2.712000e-03 6.228000e-02
719 9.351760e-01 2.708000e-03 6.211600e-02
720 9.353640e-01 2.636000e-03 6.200000e-02
721 9.354160e-01 2.716000e-03 6.186800e-02
722 9.355520e-01 2.688000e-03 6.176000e-02
723 9.356840e-01 2.704000e-03 6.161200e-02
724 9.359080e-01 2.600000e-03 6.149200e-02
725 9.361120e-01 2.556000e-03 6.133200e-02
726 9.361160e-01 2.708000e-03 6.117600e-02
727 9.362160e-01 2.688000e-03 6.109600e-02
728 9.363080e-01 2.748000e-03 6.094400e-02
729 9.364560e-01 2.788000e-03 6.075600e-02
730 9.365480e-01 2.696000e-03 6.075600e-02
731 9.366400e-01 2.764000e-03 6.059600e-02
732 9.366480e-01 2.864000e-03 6.048800e-02
733 9.365920e-01 2.940000e-03 6.046800e-02
734 9.367320e-01 2.896000e-03 6.037200e-02
735 9.368240e-01 2.880000e-03 6.029600e-02
736 9.368840e-01 2.944000e-03 6.017200e-02
737 9.369040e-01 2.972000e-03 6.012400e-02
738 9.370560e-01 2.940000e-03 6.000400e-02
739 9.371840e-01 2.976000e-03 5.984000e-02
740 9.372120e-01 3.000000e-03 5.978800e-02
741 9.372600e-01 3.040000e-03 5.970000e-02
742 9.373480e-01 3.028000e-03 5.962400e-02
743 9.373240e-01 3.096000e-03 5.958000e-02
744 9.374240e-01 3.068000e-03 5.950800e-02
745 9.375760e-01 2.964000e-03 5.946000e-02
746 9.376680e-01 2.972000e-03 5.936000e-02
747 9.377840e-01 2.848000e-03 5.936800e-02
748 9.378920e-01 2.864000e-03 5.924400e-02
749 9.380160e-01 2.832000e-03 5.915200e-02
750 9.381600e-01 2.892000e-03 5.894800e-02
751 9.381520e-01 2.996000e-03 5.885200e-02
752 9.382720e-01 3.036000e-03 5.869200e-02
753 9.383480e-01 2.908000e-03 5.874400e-02
754 9.383560e-01 3.016000e-03 5.862800e-02
755 9.384520e-01 2.984000e-03 5.856400e-02
756 9.383720e-01 3.048000e-03 5.858000e-02
757 9.384440e-01 3.104000e-03 5.845200e-02
758 9.385200e-01 3.096000e-03 5.838400e-02
759 9.383680e-01 3.164000e-03 5.846800e-02
760 9.382480e-01 3.336000e-03 5.841600e-02
761 9.382040e-01 3.428000e-03 5.836800e-02
762 9.381040e-01 3.436000e-03 5.846000e-02
763 9.380760e-01 3.464000e-03 5.846000e-02
764 9.379320e-01 3.628000e-03 5.844000e-02
765 9.377640e-01 3.724000e-03 5.851200e-02
766 9.376000e-01 3.832000e-03 5.856800e-02
767 9.376040e-01 3.876000e-03 5.852000e-02
768 9.375320e-01 3.940000e-03 5.852800e-02
769 9.374840e-01 3.848000e-03 5.866800e-02
770 9.374840e-01 3.692000e-03 5.882400e-02
771 9.374760e-01 3.548000e-03 5.897600e-02
772 9.374760e-01 3.528000e-03 5.899600e-02
773 9.374440e-01 3.504000e-03 5.905200e-02
774 9.375320e-01 3.428000e-03 5.904000e-02
775 9.375760e-01 3.288000e-03 5.913600e-02
776 9.375480e-01 3.280000e-03 5.917200e-02
777 9.375280e-01 3.288000e-03 5.918400e-02
778 9.376440e-01 3.172000e-03 5.918400e-02
779 9.376640e-01 3.172000e-03 5.916400e-02
780 9.378200e-01 3.064000e-03 5.911600e-02
781 9.380040e-01 3.048000e-03 5.894800e-02
782 9.381000e-01 2.968000e-03 5.893200e-02
783 9.382680e-01 2.912000e-03 5.882000e-02
784 9.384720e-01 2.780000e-03 5.874800e-02
785 9.386960e-01 2.728000e-03 5.857600e-02
786 9.386920e-01 2.744000e-03 5.856400e-02
787 9.388080e-01 2.648000e-03 5.854400e-02
788 9.388760e-01 2.660000e-03 5.846400e-02
789 9.390400e-01 2.592000e-03 5.836800e-02
790 9.391480e-01 2.684000e-03 5.816800e-02
791 9.393480e-01 2.684000e-03 5.796800e-02
792 9.394040e-01 2.692000e-03 5.790400e-02
793 9.395560e-01 2.708000e-03 5.773600e-02
794 9.395840e-01 2.688000e-03 5.772800e-02
795 9.396760e-01 2.676000e-03 5.764800e-02
796 9.397920e-01 2.736000e-03 5.747200e-02
797 9.399160e-01 2.688000e-03 5.739600e-02
798 9.400160e-01 2.616000e-03 5.736800e-02
799 9.400880e-01 2.628000e-03 5.728400e-02
800 9.402200e-01 2.636000e-03 5.714400e-02
801 9.402960e-01 2.712000e-03 5.699200e-02
802 9.404400e-01 2.656000e-03 5.690400e-02
803 9.405880e-01 2.608000e-03 5.680400e-02
804 9.406160e-01 2.712000e-03 5.667200e-02
805 9.406600e-01 2.748000e-03 5.659200e-02
806 9.406960e-01 2.832000e-03 5.647200e-02
807 9.406360e-01 2.908000e-03 5.645600e-02
808 9.405440e-01 3.012000e-03 5.644400e-02
809 9.405560e-01 2.848000e-03 5.659600e-02
810 9.407280e-01 2.784000e-03 5.648800e-02
811 9.408080e-01 2.776000e-03 5.641600e-02
812 9.408920e-01 2.776000e-03 5.633200e-02
813 9.409200e-01 2.804000e-03 5.627600e-02
814 9.411200e-01 2.720000e-03 5.616000e-02
815 9.411600e-01 2.796000e-03 5.604400e-02
816 9.412200e-01 2.740000e-03 5.604000e-02
817 9.411920e-01 2.796000e-03 5.601200e-02
818 9.411720e-01 2.948000e-03 5.588000e-02
819 9.413640e-01 2.900000e-03 5.573600e-02
820 9.412480e-01 3.000000e-03 5.575200e-02
821 9.413680e-01 2.960000e-03 5.567200e-02
822 9.412960e-01 3.112000e-03 5.559200e-02
823 9.413440e-01 3.120000e-03 5.553600e-02
824 9.412920e-01 3.104000e-03 5.560400e-02
825 9.413920e-01 3.136000e-03 5.547200e-02
826 9.413800e-01 3.164000e-03 5.545600e-02
827 9.413720e-01 3.136000e-03 5.549200e-02
828 9.414080e-01 3.112000e-03 5.548000e-02
829 9.413240e-01 3.136000e-03 5.554000e-02
830 9.412200e-01 3.212000e-03 5.556800e-02
831 9.412000e-01 3.184000e-03 5.561600e-02
832 9.410760e-01 3.316000e-03 5.560800e-02
833 9.410440e-01 3.352000e-03 5.560400e-02
834 9.410520e-01 3.312000e-03 5.563600e-02
835 9.410120e-01 3.328000e-03 5.566000e-02
836 9.409440e-01 3.308000e-03 5.574800e-02
837 9.409960e-01 3.280000e-03 5.572400e-02
838 9.410600e-01 3.236000e-03 5.570400e-02
839 9.410920e-01 3.288000e-03 5.562000e-02
840 9.412160e-01 3.168000e-03 5.561600e-02
841 9.412760e-01 3.116000e-03 5.560800e-02
842 9.414240e-01 3.064000e-03 5.551200e-02
843 9.415680e-01 2.996000e-03 5.543600e-02
844 9.416280e-01 3.044000e-03 5.532800e-02
845 9.417280e-01 2.936000e-03 5.533600e-02
846 9.418000e-01 2.964000e-03 5.523600e-02
847 9.419160e-01 2.900000e-03 5.518400e-02
848 9.420320e-01 2.872000e-03 5.509600e-02
849 9.420480e-01 2.820000e-03 5.513200e-02
850 9.421760e-01 2.700000e-03 5.512400e-02
851 9.422760e-01 2.708000e-03 5.501600e-02
852 9.423600e-01 2.700000e-03 5.494000e-02
853 9.425400e-01 2.584000e-03 5.487600e-02
854 9.426120e-01 2.648000e-03 5.474000e-02
855 9.427640e-01 2.532000e-03 5.470400e-02
856 9.428800e-01 2.436000e-03 5.468400e-02
857 9.429200e-01 2.492000e-03 5.458800e-02
858 9.428560e-01 2.540000e-03 5.460400e-02
859 9.429000e-01 2.588000e-03 5.451200e-02
860 9.430400e-01 2.496000e-03 5.446400e-02
861 9.430880e-01 2.556000e-03 5.435600e-02
862 9.431720e-01 2.520000e-03 5.430800e-02
863 9.432680e-01 2.560000e-03 5.417200e-02
864 9.432640e-01 2.616000e-03 5.412000e-02
865 9.433840e-01 2.672000e-03 5.394400e-02
866 9.434280e-01 2.652000e-03 5.392000e-02
867 9.433560e-01 2.700000e-03 5.394400e-02
868 9.433720e-01 2.688000e-03 5.394000e-02
869 9.433440e-01 2.752000e-03 5.390400e-02
870 9.433720e-01 2.820000e-03 5.380800e-02
871 9.433840e-01 2.816000e-03 5.380000e-02
872 9.433760e-01 2.908000e-03 5.371600e-02
873 9.433160e-01 2.948000e-03 5.373600e-02
874 9.433240e-01 3.044000e-03 5.363200e-02
875 9.433520e-01 3.004000e-03 5.364400e-02
876 9.434920e-01 2.880000e-03 5.362800e-02
877 9.434920e-01 2.884000e-03 5.362400e-02
878 9.435160e-01 2.892000e-03 5.359200e-02
879 9.435720e-01 2.848000e-03 5.358000e-02
880 9.436480e-01 2.836000e-03 5.351600e-02
881 9.436920e-01 2.864000e-03 5.344400e-02
882 9.436920e-01 2.892000e-03 5.341600e-02
883 9.438160e-01 2.764000e-03 5.342000e-02
884 9.440280e-01 2.660000e-03 5.331200e-02
885 9.440680e-01 2.720000e-03 5.321200e-02
886 9.441600e-01 2.656000e-03 5.318400e-02
887 9.442080e-01 2.600000e-03 5.319200e-02
888 9.442920e-01 2.512000e-03 5.319600e-02
889 9.444080e-01 2.584000e-03 5.300800e-02
890 9.444240e-01 2.720000e-03 5.285600e-02
891 9.444880e-01 2.584000e-03 5.292800e-02
892 9.445280e-01 2.580000e-03 5.289200e-02
893 9.446480e-01 2.600000e-03 5.275200e-02
894 9.446560e-01 2.676000e-03 5.266800e-02
895 9.446840e-01 2.576000e-03 5.274000e-02
896 9.446840e-01 2.620000e-03 5.269600e-02
897 9.448320e-01 2.640000e-03 5.252800e-02
898 9.449800e-01 2.612000e-03 5.240800e-02
899 9.450440e-01 2.680000e-03 5.227600e-02
900 9.450640e-01 2.732000e-03 5.220400e-02
901 9.451000e-01 2.764000e-03 5.213600e-02
902 9.450680e-01 2.844000e-03 5.208800e-02
903 9.450760e-01 2.784000e-03 5.214000e-02
904 9.451080e-01 2.828000e-03 5.206400e-02
905 9.451280e-01 2.796000e-03 5.207600e-02
906 9.451600e-01 2.764000e-03 5.207600e-02
907 9.451480e-01 2.860000e-03 5.199200e-02
908 9.451520e-01 2.884000e-03 5.196400e-02
909 9.451560e-01 2.852000e-03 5.199200e-02
910 9.453240e-01 2.768000e-03 5.190800e-02
911 9.453240e-01 2.780000e-03 5.189600e-02
912 9.454360e-01 2.760000e-03 5.180400e-02
913 9.455400e-01 2.636000e-03 5.182400e-02
914 9.455960e-01 2.664000e-03 5.174000e-02
915 9.454680e-01 2.784000e-03 5.174800e-02
916 9.454240e-01 2.832000e-03 5.174400e-02
917 9.453400e-01 2.996000e-03 5.166400e-02
918 9.453720e-01 2.888000e-03 5.174000e-02
919 9.454160e-01 2.804000e-03 5.178000e-02
920 9.455000e-01 2.740000e-03 5.176000e-02
921 9.454960e-01 2.688000e-03 5.181600e-02
922 9.455560e-01 2.688000e-03 5.175600e-02
923 9.456200e-01 2.688000e-03 5.169200e-02
924 9.457160e-01 2.648000e-03 5.163600e-02
925 9.457720e-01 2.592000e-03 5.163600e-02
926 9.458400e-01 2.572000e-03 5.158800e-02
927 9.459040e-01 2.636000e-03 5.146000e-02
928 9.458760e-01 2.752000e-03 5.137200e-02
929 9.458880e-01 2.796000e-03 5.131600e-02
930 9.458400e-01 2.928000e-03 5.123200e-02
931 9.457840e-01 2.964000e-03 5.125200e-02
932 9.458200e-01 2.924000e-03 5.125600e-02
