1 9.992000e-01 7.080000e-04 9.200000e-05
2 9.987280e-01 1.012000e-03 2.600000e-04
3 9.981280e-01 1.428000e-03 4.440000e-04
4 9.972760e-01 2.008000e-03 7.160000e-04
5 9.963280e-01 2.496000e-03 1.176000e-03
6 9.953160e-01 3.040000e-03 1.644000e-03
7 9.943800e-01 3.316000e-03 2.304000e-03
8 9.933280e-01 3.784000e-03 2.888000e-03
9 9.922800e-01 4.172000e-03 3.548000e-03
10 9.911680e-01 4.460000e-03 4.372000e-03
11 9.900520e-01 4.888000e-03 5.060000e-03
12 9.889600e-01 5.108000e-03 5.932000e-03
13 9.877120e-01 5.536000e-03 6.752000e-03
14 9.865640e-01 5.720000e-03 7.716000e-03
15 9.854200e-01 5.880000e-03 8.700000e-03
16 9.842440e-01 6.172000e-03 9.584000e-03
17 9.831080e-01 6.400000e-03 1.049200e-02
18 9.818400e-01 6.616000e-03 1.154400e-02
19 9.805280e-01 6.868000e-03 1.260400e-02
20 9.793640e-01 7.076000e-03 1.356000e-02
21 9.780800e-01 7.224000e-03 1.469600e-02
22 9.769240e-01 7.296000e-03 1.578000e-02
23 9.754920e-01 7.728000e-03 1.678000e-02
24 9.739920e-01 8.148000e-03 1.786000e-02
25 9.723640e-01 8.464000e-03 1.917200e-02
26 9.708040e-01 8.852000e-03 2.034400e-02
27 9.693360e-01 9.072000e-03 2.159200e-02
28 9.678560e-01 9.336000e-03 2.280800e-02
29 9.663120e-01 9.320000e-03 2.436800e-02
30 9.648840e-01 9.292000e-03 2.582400e-02
31 9.634000e-01 9.404000e-03 2.719600e-02
32 9.620080e-01 9.472000e-03 2.852000e-02
33 9.607200e-01 9.400000e-03 2.988000e-02
34 9.594960e-01 9.256000e-03 3.124800e-02
35 9.582480e-01 9.260000e-03 3.249200e-02
36 9.569360e-01 9.428000e-03 3.363600e-02
37 9.555440e-01 9.544000e-03 3.491200e-02
38 9.542600e-01 9.600000e-03 3.614000e-02
39 9.528880e-01 9.708000e-03 3.740400e-02
40 9.516520e-01 9.728000e-03 3.862000e-02
41 9.502440e-01 9.928000e-03 3.982800e-02
42 9.488920e-01 9.884000e-03 4.122400e-02
43 9.474120e-01 1.026400e-02 4.232400e-02
44 9.460000e-01 1.043600e-02 4.356400e-02
45 9.445520e-01 1.061600e-02 4.483200e-02
46 9.433520e-01 1.040000e-02 4.624800e-02
47 9.420640e-01 1.028800e-02 4.764800e-02
48 9.408480e-01 1.022800e-02 4.892400e-02
49 9.395720e-01 1.018000e-02 5.024800e-02
50 9.383360e-01 1.022400e-02 5.144000e-02
51 9.369280e-01 1.040400e-02 5.266800e-02
52 9.356440e-01 1.038800e-02 5.396800e-02
53 9.344280e-01 1.035600e-02 5.521600e-02
54 9.330760e-01 1.050800e-02 5.641600e-02
55 9.318800e-01 1.038400e-02 5.773600e-02
56 9.305760e-01 1.054400e-02 5.888000e-02
57 9.293760e-01 1.063200e-02 5.999200e-02
58 9.281200e-01 1.069200e-02 6.118800e-02
59 9.267080e-01 1.088800e-02 6.240400e-02
60 9.253480e-01 1.107200e-02 6.358000e-02
61 9.239600e-01 1.125600e-02 6.478400e-02
62 9.227120e-01 1.138000e-02 6.590800e-02
63 9.214240e-01 1.152000e-02 6.705600e-02
64 9.203840e-01 1.127200e-02 6.834400e-02
65 9.193240e-01 1.125200e-02 6.942400e-02
66 9.182240e-01 1.106800e-02 7.070800e-02
67 9.171200e-01 1.110400e-02 7.177600e-02
68 9.161520e-01 1.098400e-02 7.286400e-02
69 9.150560e-01 1.100400e-02 7.394000e-02
70 9.139200e-01 1.098800e-02 7.509200e-02
71 9.126920e-01 1.122400e-02 7.608400e-02
72 9.115040e-01 1.122000e-02 7.727600e-02
73 9.102560e-01 1.142400e-02 7.832000e-02
74 9.090680e-01 1.141200e-02 7.952000e-02
75 9.078280e-01 1.150800e-02 8.066400e-02
76 9.068680e-01 1.154800e-02 8.158400e-02
77 9.056960e-01 1.167200e-02 8.263200e-02
78 9.043520e-01 1.192000e-02 8.372800e-02
79 9.030680e-01 1.215600e-02 8.477600e-02
80 9.018440e-01 1.232000e-02 8.583600e-02
81 9.006560e-01 1.222000e-02 8.712400e-02
82 8.995360e-01 1.218400e-02 8.828000e-02
83 8.984080e-01 1.198800e-02 8.960400e-02
84 8.970920e-01 1.220400e-02 9.070400e-02
85 8.958080e-01 1.216000e-02 9.203200e-02
86 8.947640e-01 1.205600e-02 9.318000e-02
87 8.937440e-01 1.208400e-02 9.417200e-02
88 8.927400e-01 1.206800e-02 9.519200e-02
89 8.917840e-01 1.210800e-02 9.610800e-02
90 8.907040e-01 1.213200e-02 9.716400e-02
91 8.895720e-01 1.220400e-02 9.822400e-02
92 8.885440e-01 1.208800e-02 9.936800e-02
93 8.876520e-01 1.191200e-02 1.004360e-01
94 8.867400e-01 1.172000e-02 1.015400e-01
95 8.859560e-01 1.149600e-02 1.025480e-01
96 8.851160e-01 1.133200e-02 1.035520e-01
97 8.842640e-01 1.121600e-02 1.045200e-01
98 8.835440e-01 1.107600e-02 1.053800e-01
99 8.825480e-01 1.122000e-02 1.062320e-01
100 8.817440e-01 1.124000e-02 1.070160e-01
101 8.809760e-01 1.107600e-02 1.079480e-01
102 8.801360e-01 1.110000e-02 1.087640e-01
103 8.792120e-01 1.115200e-02 1.096360e-01
104 8.785720e-01 1.123200e-02 1.101960e-01
105 8.776920e-01 1.157200e-02 1.107360e-01
106 8.768800e-01 1.164000e-02 1.114800e-01
107 8.760160e-01 1.163200e-02 1.123520e-01
108 8.751560e-01 1.170800e-02 1.131360e-01
109 8.741800e-01 1.182800e-02 1.139920e-01
110 8.733960e-01 1.184400e-02 1.147600e-01
111 8.725200e-01 1.170000e-02 1.157800e-01
112 8.717200e-01 1.182000e-02 1.164600e-01
113 8.709520e-01 1.183600e-02 1.172120e-01
114 8.701160e-01 1.196800e-02 1.179160e-01
115 8.692240e-01 1.200800e-02 1.187680e-01
116 8.683560e-01 1.212000e-02 1.195240e-01
117 8.672760e-01 1.238400e-02 1.203400e-01
118 8.665160e-01 1.248400e-02 1.210000e-01
119 8.655160e-01 1.250000e-02 1.219840e-01
120 8.646600e-01 1.260000e-02 1.227400e-01
121 8.635320e-01 1.264400e-02 1.238240e-01
122 8.627080e-01 1.272800e-02 1.245640e-01
123 8.620840e-01 1.254000e-02 1.253760e-01
124 8.614040e-01 1.246000e-02 1.261360e-01
125 8.605040e-01 1.236800e-02 1.271280e-01
126 8.598480e-01 1.230800e-02 1.278440e-01
127 8.587440e-01 1.257600e-02 1.286800e-01
128 8.577160e-01 1.277200e-02 1.295120e-01
129 8.566560e-01 1.281200e-02 1.305320e-01
130 8.557440e-01 1.279600e-02 1.314600e-01
131 8.548320e-01 1.292800e-02 1.322400e-01
132 8.538040e-01 1.315600e-02 1.330400e-01
133 8.530720e-01 1.317600e-02 1.337520e-01
134 8.521640e-01 1.342400e-02 1.344120e-01
135 8.513320e-01 1.329600e-02 1.353720e-01
136 8.507240e-01 1.303600e-02 1.362400e-01
137 8.500880e-01 1.268800e-02 1.372240e-01
138 8.492880e-01 1.280800e-02 1.379040e-01
139 8.485920e-01 1.274400e-02 1.386640e-01
140 8.477920e-01 1.306000e-02 1.391480e-01
141 8.469120e-01 1.318000e-02 1.399080e-01
142 8.461240e-01 1.311600e-02 1.407600e-01
143 8.453720e-01 1.319600e-02 1.414320e-01
144 8.447560e-01 1.296000e-02 1.422840e-01
145 8.443560e-01 1.284800e-02 1.427960e-01
146 8.438280e-01 1.268000e-02 1.434920e-01
147 8.433600e-01 1.250400e-02 1.441360e-01
148 8.425840e-01 1.262000e-02 1.447960e-01
149 8.419280e-01 1.253200e-02 1.455400e-01
150 8.411280e-01 1.277600e-02 1.460960e-01
151 8.404800e-01 1.282000e-02 1.467000e-01
152 8.397920e-01 1.278800e-02 1.474200e-01
153 8.390920e-01 1.281200e-02 1.480960e-01
154 8.383800e-01 1.271600e-02 1.489040e-01
155 8.379280e-01 1.263200e-02 1.494400e-01
156 8.375520e-01 1.254800e-02 1.499000e-01
157 8.369000e-01 1.262400e-02 1.504760e-01
158 8.363280e-01 1.251600e-02 1.511560e-01
159 8.358720e-01 1.230800e-02 1.518200e-01
160 8.355640e-01 1.226800e-02 1.521680e-01
161 8.350080e-01 1.199600e-02 1.529960e-01
162 8.345440e-01 1.182400e-02 1.536320e-01
163 8.341160e-01 1.196800e-02 1.539160e-01
164 8.337560e-01 1.186800e-02 1.543760e-01
165 8.334720e-01 1.182000e-02 1.547080e-01
166 8.330520e-01 1.162800e-02 1.553200e-01
167 8.327160e-01 1.154800e-02 1.557360e-01
168 8.324840e-01 1.139600e-02 1.561200e-01
169 8.320600e-01 1.154000e-02 1.564000e-01
170 8.317600e-01 1.150800e-02 1.567320e-01
171 8.313080e-01 1.158400e-02 1.571080e-01
172 8.310440e-01 1.130800e-02 1.576480e-01
173 8.308840e-01 1.126800e-02 1.578480e-01
174 8.307520e-01 1.123200e-02 1.580160e-01
175 8.305240e-01 1.117200e-02 1.583040e-01
176 8.302960e-01 1.128400e-02 1.584200e-01
177 8.300600e-01 1.122400e-02 1.587160e-01
178 8.295800e-01 1.131600e-02 1.591040e-01
179 8.292040e-01 1.122800e-02 1.595680e-01
180 8.290040e-01 1.120800e-02 1.597880e-01
181 8.286520e-01 1.132800e-02 1.600200e-01
182 8.284440e-01 1.124400e-02 1.603120e-01
183 8.282680e-01 1.108400e-02 1.606480e-01
184 8.280080e-01 1.118800e-02 1.608040e-01
185 8.277400e-01 1.119200e-02 1.610680e-01
186 8.275000e-01 1.118800e-02 1.613120e-01
187 8.274000e-01 1.098800e-02 1.616120e-01
188 8.274240e-01 1.066000e-02 1.619160e-01
189 8.271200e-01 1.058400e-02 1.622960e-01
190 8.271520e-01 1.051600e-02 1.623320e-01
191 8.271560e-01 1.044400e-02 1.624000e-01
192 8.271840e-01 1.036000e-02 1.624560e-01
193 8.271280e-01 1.028000e-02 1.625920e-01
194 8.270280e-01 1.041600e-02 1.625560e-01
195 8.269840e-01 1.022000e-02 1.627960e-01
196 8.268880e-01 1.022000e-02 1.628920e-01
197 8.267440e-01 1.035600e-02 1.629000e-01
198 8.267760e-01 1.028400e-02 1.629400e-01
199 8.267960e-01 1.019200e-02 1.630120e-01
200 8.269680e-01 9.912000e-03 1.631200e-01
201 8.269400e-01 9.768000e-03 1.632920e-01
202 8.269520e-01 9.768000e-03 1.632800e-01
203 8.268600e-01 9.880000e-03 1.632600e-01
204 8.267000e-01 9.928000e-03 1.633720e-01
205 8.266040e-01 1.002400e-02 1.633720e-01
206 8.266000e-01 9.880000e-03 1.635200e-01
207 8.266080e-01 9.768000e-03 1.636240e-01
208 8.264840e-01 9.800000e-03 1.637160e-01
209 8.265120e-01 9.804000e-03 1.636840e-01
210 8.265400e-01 9.720000e-03 1.637400e-01
211 8.265360e-01 9.696000e-03 1.637680e-01
212 8.265560e-01 9.584000e-03 1.638600e-01
213 8.264240e-01 9.640000e-03 1.639360e-01
214 8.263680e-01 9.676000e-03 1.639560e-01
215 8.262840e-01 9.644000e-03 1.640720e-01
216 8.264120e-01 9.640000e-03 1.639480e-01
217 8.265040e-01 9.632000e-03 1.638640e-01
218 8.267240e-01 9.424000e-03 1.638520e-01
219 8.267920e-01 9.432000e-03 1.637760e-01
220 8.268400e-01 9.420000e-03 1.637400e-01
221 8.268600e-01 9.332000e-03 1.638080e-01
222 8.267760e-01 9.380000e-03 1.638440e-01
223 8.269560e-01 9.368000e-03 1.636760e-01
224 8.270280e-01 9.288000e-03 1.636840e-01
225 8.271040e-01 9.172000e-03 1.637240e-01
226 8.271320e-01 9.140000e-03 1.637280e-01
227 8.274920e-01 9.060000e-03 1.634480e-01
228 8.276120e-01 9.092000e-03 1.632960e-01
229 8.277400e-01 8.876000e-03 1.633840e-01
230 8.276480e-01 9.016000e-03 1.633360e-01
231 8.277600e-01 8.936000e-03 1.633040e-01
232 8.280160e-01 8.848000e-03 1.631360e-01
233 8.282280e-01 8.876000e-03 1.628960e-01
234 8.282200e-01 8.916000e-03 1.628640e-01
235 8.281960e-01 8.808000e-03 1.629960e-01
236 8.285080e-01 8.572000e-03 1.629200e-01
237 8.285080e-01 8.628000e-03 1.628640e-01
238 8.285840e-01 8.716000e-03 1.627000e-01
239 8.285080e-01 9.004000e-03 1.624880e-01
240 8.283120e-01 9.096000e-03 1.625920e-01
241 8.282800e-01 9.048000e-03 1.626720e-01
242 8.280960e-01 9.056000e-03 1.628480e-01
243 8.279600e-01 9.232000e-03 1.628080e-01
244 8.278880e-01 9.184000e-03 1.629280e-01
245 8.279560e-01 9.184000e-03 1.628600e-01
246 8.279600e-01 9.180000e-03 1.628600e-01
247 8.279280e-01 9.172000e-03 1.629000e-01
248 8.278440e-01 9.196000e-03 1.629600e-01
249 8.279040e-01 9.172000e-03 1.629240e-01
250 8.280560e-01 9.096000e-03 1.628480e-01
251 8.281240e-01 9.000000e-03 1.628760e-01
252 8.282360e-01 8.964000e-03 1.628000e-01
253 8.285800e-01 8.780000e-03 1.626400e-01
254 8.287920e-01 8.652000e-03 1.625560e-01
255 8.290440e-01 8.604000e-03 1.623520e-01
256 8.291840e-01 8.504000e-03 1.623120e-01
257 8.292240e-01 8.644000e-03 1.621320e-01
258 8.292320e-01 8.772000e-03 1.619960e-01
259 8.293040e-01 8.748000e-03 1.619480e-01
260 8.293320e-01 8.712000e-03 1.619560e-01
261 8.295040e-01 8.716000e-03 1.617800e-01
262 8.297360e-01 8.640000e-03 1.616240e-01
263 8.297880e-01 8.644000e-03 1.615680e-01
264 8.300320e-01 8.532000e-03 1.614360e-01
265 8.302240e-01 8.608000e-03 1.611680e-01
266 8.302360e-01 8.640000e-03 1.611240e-01
267 8.301480e-01 8.828000e-03 1.610240e-01
268 8.302680e-01 8.668000e-03 1.610640e-01
269 8.304840e-01 8.620000e-03 1.608960e-01
270 8.306760e-01 8.592000e-03 1.607320e-01
271 8.305800e-01 8.908000e-03 1.605120e-01
272 8.306000e-01 8.896000e-03 1.605040e-01
273 8.307400e-01 8.812000e-03 1.604480e-01
274 8.307760e-01 8.832000e-03 1.603920e-01
275 8.306560e-01 8.920000e-03 1.604240e-01
276 8.307120e-01 8.852000e-03 1.604360e-01
277 8.306600e-01 9.024000e-03 1.603160e-01
278 8.307040e-01 9.032000e-03 1.602640e-01
279 8.305840e-01 9.296000e-03 1.601200e-01
280 8.306400e-01 9.248000e-03 1.601120e-01
281 8.305760e-01 9.276000e-03 1.601480e-01
282 8.306360e-01 9.344000e-03 1.600200e-01
283 8.309240e-01 9.196000e-03 1.598800e-01
284 8.312400e-01 8.840000e-03 1.599200e-01
285 8.311880e-01 8.900000e-03 1.599120e-01
286 8.312680e-01 8.764000e-03 1.599680e-01
287 8.312480e-01 8.768000e-03 1.599840e-01
288 8.313520e-01 8.832000e-03 1.598160e-01
289 8.316760e-01 8.640000e-03 1.596840e-01
290 8.318360e-01 8.676000e-03 1.594880e-01
291 8.319800e-01 8.600000e-03 1.594200e-01
292 8.319880e-01 8.716000e-03 1.592960e-01
293 8.321680e-01 8.608000e-03 1.592240e-01
294 8.324560e-01 8.228000e-03 1.593160e-01
295 8.327120e-01 8.192000e-03 1.590960e-01
296 8.329440e-01 8.056000e-03 1.590000e-01
297 8.332040e-01 8.100000e-03 1.586960e-01
298 8.331600e-01 8.204000e-03 1.586360e-01
299 8.334400e-01 8.144000e-03 1.584160e-01
300 8.336080e-01 8.036000e-03 1.583560e-01
301 8.337000e-01 8.120000e-03 1.581800e-01
302 8.336280e-01 8.248000e-03 1.581240e-01
303 8.336240e-01 8.240000e-03 1.581360e-01
304 8.337960e-01 8.216000e-03 1.579880e-01
305 8.341320e-01 8.044000e-03 1.578240e-01
306 8.343760e-01 8.004000e-03 1.576200e-01
307 8.345200e-01 7.972000e-03 1.575080e-01
308 8.348280e-01 7.756000e-03 1.574160e-01
309 8.349520e-01 7.820000e-03 1.572280e-01
310 8.352120e-01 7.652000e-03 1.571360e-01
311 8.355120e-01 7.588000e-03 1.569000e-01
312 8.356920e-01 7.544000e-03 1.567640e-01
313 8.360000e-01 7.564000e-03 1.564360e-01
314 8.363560e-01 7.616000e-03 1.560280e-01
315 8.363880e-01 7.872000e-03 1.557400e-01
316 8.364560e-01 8.052000e-03 1.554920e-01
317 8.365720e-01 8.140000e-03 1.552880e-01
318 8.364760e-01 8.292000e-03 1.552320e-01
319 8.366200e-01 8.128000e-03 1.552520e-01
320 8.367360e-01 8.104000e-03 1.551600e-01
321 8.369920e-01 8.148000e-03 1.548600e-01
322 8.371120e-01 8.136000e-03 1.547520e-01
323 8.373120e-01 8.032000e-03 1.546560e-01
324 8.372920e-01 8.120000e-03 1.545880e-01
325 8.374440e-01 8.296000e-03 1.542600e-01
326 8.375840e-01 8.420000e-03 1.539960e-01
327 8.376880e-01 8.464000e-03 1.538480e-01
328 8.379200e-01 8.316000e-03 1.537640e-01
329 8.381320e-01 8.240000e-03 1.536280e-01
330 8.384360e-01 8.076000e-03 1.534880e-01
331 8.386280e-01 8.084000e-03 1.532880e-01
332 8.389680e-01 7.960000e-03 1.530720e-01
333 8.390120e-01 7.872000e-03 1.531160e-01
334 8.390880e-01 7.876000e-03 1.530360e-01
335 8.392680e-01 7.808000e-03 1.529240e-01
336 8.394600e-01 7.668000e-03 1.528720e-01
337 8.398000e-01 7.524000e-03 1.526760e-01
338 8.399000e-01 7.412000e-03 1.526880e-01
339 8.402320e-01 7.180000e-03 1.525880e-01
340 8.405840e-01 7.100000e-03 1.523160e-01
341 8.409280e-01 7.128000e-03 1.519440e-01
342 8.411760e-01 7.024000e-03 1.518000e-01
343 8.417000e-01 6.904000e-03 1.513960e-01
344 8.421200e-01 6.868000e-03 1.510120e-01
345 8.425720e-01 6.804000e-03 1.506240e-01
346 8.429040e-01 6.564000e-03 1.505320e-01
347 8.433480e-01 6.276000e-03 1.503760e-01
348 8.438920e-01 6.168000e-03 1.499400e-01
349 8.442800e-01 6.108000e-03 1.496120e-01
350 8.447080e-01 6.008000e-03 1.492840e-01
351 8.452000e-01 5.900000e-03 1.489000e-01
352 8.457160e-01 5.840000e-03 1.484440e-01
353 8.462080e-01 5.828000e-03 1.479640e-01
354 8.466760e-01 5.748000e-03 1.475760e-01
355 8.472080e-01 5.664000e-03 1.471280e-01
356 8.478360e-01 5.580000e-03 1.465840e-01
357 8.482600e-01 5.624000e-03 1.461160e-01
358 8.486240e-01 5.624000e-03 1.457520e-01
359 8.490240e-01 5.508000e-03 1.454680e-01
360 8.493480e-01 5.580000e-03 1.450720e-01
361 8.497400e-01 5.592000e-03 1.446680e-01
362 8.502000e-01 5.668000e-03 1.441320e-01
363 8.505720e-01 5.768000e-03 1.436600e-01
364 8.510840e-01 5.624000e-03 1.432920e-01
365 8.515040e-01 5.500000e-03 1.429960e-01
366 8.520560e-01 5.468000e-03 1.424760e-01
367 8.525760e-01 5.536000e-03 1.418880e-01
368 8.531720e-01 5.432000e-03 1.413960e-01
369 8.536480e-01 5.528000e-03 1.408240e-01
370 8.540360e-01 5.560000e-03 1.404040e-01
371 8.542680e-01 5.796000e-03 1.399360e-01
372 8.544400e-01 5.920000e-03 1.396400e-01
373 8.548040e-01 5.872000e-03 1.393240e-01
374 8.552680e-01 5.840000e-03 1.388920e-01
375 8.555880e-01 5.784000e-03 1.386280e-01
376 8.559040e-01 5.824000e-03 1.382720e-01
377 8.561400e-01 5.840000e-03 1.380200e-01
378 8.563520e-01 5.836000e-03 1.378120e-01
379 8.566800e-01 5.856000e-03 1.374640e-01
380 8.570320e-01 5.932000e-03 1.370360e-01
381 8.574200e-01 5.760000e-03 1.368200e-01
382 8.578240e-01 5.660000e-03 1.365160e-01
383 8.583880e-01 5.632000e-03 1.359800e-01
384 8.587720e-01 5.572000e-03 1.356560e-01
385 8.592320e-01 5.484000e-03 1.352840e-01
386 8.597480e-01 5.332000e-03 1.349200e-01
387 8.601680e-01 5.052000e-03 1.347800e-01
388 8.606320e-01 5.036000e-03 1.343320e-01
389 8.610120e-01 4.964000e-03 1.340240e-01
390 8.615240e-01 4.884000e-03 1.335920e-01
391 8.619680e-01 4.876000e-03 1.331560e-01
392 8.623960e-01 4.872000e-03 1.327320e-01
393 8.630080e-01 4.800000e-03 1.321920e-01
394 8.635120e-01 4.672000e-03 1.318160e-01
395 8.640640e-01 4.500000e-03 1.314360e-01
396 8.645720e-01 4.452000e-03 1.309760e-01
397 8.650080e-01 4.332000e-03 1.306600e-01
398 8.654280e-01 4.284000e-03 1.302880e-01
399 8.658720e-01 4.268000e-03 1.298600e-01
400 8.662320e-01 4.336000e-03 1.294320e-01
401 8.667360e-01 4.372000e-03 1.288920e-01
402 8.670440e-01 4.512000e-03 1.284440e-01
403 8.674480e-01 4.460000e-03 1.280920e-01
404 8.678240e-01 4.536000e-03 1.276400e-01
405 8.682800e-01 4.644000e-03 1.270760e-01
406 8.686880e-01 4.568000e-03 1.267440e-01
407 8.692360e-01 4.428000e-03 1.263360e-01
408 8.695080e-01 4.488000e-03 1.260040e-01
409 8.700200e-01 4.464000e-03 1.255160e-01
410 8.704320e-01 4.444000e-03 1.251240e-01
411 8.709800e-01 4.424000e-03 1.245960e-01
412 8.714800e-01 4.400000e-03 1.241200e-01
413 8.718560e-01 4.328000e-03 1.238160e-01
414 8.721960e-01 4.272000e-03 1.235320e-01
415 8.726080e-01 4.276000e-03 1.231160e-01
416 8.730160e-01 4.320000e-03 1.226640e-01
417 8.735280e-01 4.288000e-03 1.221840e-01
418 8.739120e-01 4.408000e-03 1.216800e-01
419 8.744400e-01 4.348000e-03 1.212120e-01
420 8.748800e-01 4.352000e-03 1.207680e-01
421 8.752880e-01 4.356000e-03 1.203560e-01
422 8.756720e-01 4.464000e-03 1.198640e-01
423 8.759240e-01 4.592000e-03 1.194840e-01
424 8.763000e-01 4.392000e-03 1.193080e-01
425 8.766760e-01 4.292000e-03 1.190320e-01
426 8.770360e-01 4.376000e-03 1.185880e-01
427 8.774520e-01 4.272000e-03 1.182760e-01
428 8.778240e-01 4.216000e-03 1.179600e-01
429 8.782680e-01 4.176000e-03 1.175560e-01
430 8.787640e-01 4.140000e-03 1.170960e-01
431 8.791280e-01 4.268000e-03 1.166040e-01
432 8.795960e-01 4.152000e-03 1.162520e-01
433 8.799880e-01 4.228000e-03 1.157840e-01
434 8.803440e-01 4.320000e-03 1.153360e-01
435 8.807000e-01 4.312000e-03 1.149880e-01
436 8.809360e-01 4.268000e-03 1.147960e-01
437 8.814360e-01 4.188000e-03 1.143760e-01
438 8.818040e-01 4.148000e-03 1.140480e-01
439 8.822840e-01 4.240000e-03 1.134760e-01
440 8.826800e-01 4.164000e-03 1.131560e-01
441 8.830040e-01 4.196000e-03 1.128000e-01
442 8.833680e-01 4.188000e-03 1.124440e-01
443 8.837200e-01 4.212000e-03 1.120680e-01
444 8.840560e-01 4.232000e-03 1.117120e-01
445 8.842560e-01 4.316000e-03 1.114280e-01
446 8.846160e-01 4.160000e-03 1.112240e-01
447 8.848240e-01 4.188000e-03 1.109880e-01
448 8.851240e-01 4.224000e-03 1.106520e-01
449 8.852960e-01 4.328000e-03 1.103760e-01
450 8.853600e-01 4.424000e-03 1.102160e-01
451 8.857760e-01 4.444000e-03 1.097800e-01
452 8.861400e-01 4.316000e-03 1.095440e-01
453 8.865600e-01 4.268000e-03 1.091720e-01
454 8.868320e-01 4.244000e-03 1.089240e-01
455 8.871880e-01 4.240000e-03 1.085720e-01
456 8.874800e-01 4.276000e-03 1.082440e-01
457 8.877280e-01 4.276000e-03 1.079960e-01
458 8.878760e-01 4.364000e-03 1.077600e-01
459 8.883680e-01 4.224000e-03 1.074080e-01
460 8.887640e-01 4.184000e-03 1.070520e-01
461 8.891680e-01 4.100000e-03 1.067320e-01
462 8.896120e-01 3.952000e-03 1.064360e-01
463 8.901280e-01 3.860000e-03 1.060120e-01
464 8.904600e-01 3.776000e-03 1.057640e-01
465 8.908000e-01 4.004000e-03 1.051960e-01
466 8.912760e-01 3.880000e-03 1.048440e-01
467 8.916600e-01 3.852000e-03 1.044880e-01
468 8.920120e-01 3.888000e-03 1.041000e-01
469 8.923480e-01 3.868000e-03 1.037840e-01
470 8.927440e-01 3.800000e-03 1.034560e-01
471 8.930240e-01 3.840000e-03 1.031360e-01
472 8.933200e-01 3.896000e-03 1.027840e-01
473 8.934760e-01 4.096000e-03 1.024280e-01
474 8.937560e-01 4.220000e-03 1.020240e-01
475 8.939520e-01 4.228000e-03 1.018200e-01
476 8.942400e-01 4.112000e-03 1.016480e-01
477 8.945600e-01 3.948000e-03 1.014920e-01
478 8.948080e-01 3.916000e-03 1.012760e-01
479 8.952200e-01 3.748000e-03 1.010320e-01
480 8.955760e-01 3.712000e-03 1.007120e-01
481 8.959680e-01 3.672000e-03 1.003600e-01
482 8.963000e-01 3.736000e-03 9.996400e-02
483 8.967400e-01 3.676000e-03 9.958400e-02
484 8.970000e-01 3.704000e-03 9.929600e-02
485 8.972360e-01 3.716000e-03 9.904800e-02
486 8.976720e-01 3.676000e-03 9.865200e-02
487 8.980640e-01 3.652000e-03 9.828400e-02
488 8.983480e-01 3.732000e-03 9.792000e-02
489 8.985840e-01 3.748000e-03 9.766800e-02
490 8.987120e-01 3.908000e-03 9.738000e-02
491 8.990880e-01 3.864000e-03 9.704800e-02
492 8.994200e-01 3.896000e-03 9.668400e-02
493 8.996120e-01 3.996000e-03 9.639200e-02
494 8.998840e-01 4.084000e-03 9.603200e-02
495 9.000680e-01 4.148000e-03 9.578400e-02
496 9.001640e-01 4.184000e-03 9.565200e-02
497 9.003080e-01 4.192000e-03 9.550000e-02
498 9.004720e-01 4.284000e-03 9.524400e-02
499 9.006480e-01 4.324000e-03 9.502800e-02
500 9.007680e-01 4.336000e-03 9.489600e-02
501 9.008080e-01 4.428000e-03 9.476400e-02
502 9.009840e-01 4.384000e-03 9.463200e-02
503 9.010280e-01 4.408000e-03 9.456400e-02
504 9.010720e-01 4.488000e-03 9.444000e-02
505 9.011000e-01 4.576000e-03 9.432400e-02
506 9.010120e-01 4.620000e-03 9.436800e-02
507 9.011320e-01 4.744000e-03 9.412400e-02
508 9.012400e-01 4.816000e-03 9.394400e-02
509 9.012440e-01 4.896000e-03 9.386000e-02
510 9.012520e-01 4.956000e-03 9.379200e-02
511 9.013440e-01 4.912000e-03 9.374400e-02
512 9.014680e-01 4.836000e-03 9.369600e-02
513 9.015640e-01 4.768000e-03 9.366800e-02
514 9.017520e-01 4.524000e-03 9.372400e-02
515 9.018920e-01 4.424000e-03 9.368400e-02
516 9.020720e-01 4.328000e-03 9.360000e-02
517 9.023120e-01 4.364000e-03 9.332400e-02
518 9.024960e-01 4.360000e-03 9.314400e-02
519 9.027680e-01 4.192000e-03 9.304000e-02
520 9.030120e-01 4.160000e-03 9.282800e-02
521 9.030480e-01 4.180000e-03 9.277200e-02
522 9.033080e-01 4.112000e-03 9.258000e-02
523 9.035760e-01 4.132000e-03 9.229200e-02
524 9.038720e-01 4.148000e-03 9.198000e-02
525 9.040200e-01 4.164000e-03 9.181600e-02
526 9.042920e-01 4.040000e-03 9.166800e-02
527 9.044760e-01 3.992000e-03 9.153200e-02
528 9.047440e-01 3.928000e-03 9.132800e-02
529 9.048640e-01 4.088000e-03 9.104800e-02
530 9.050880e-01 3.996000e-03 9.091600e-02
531 9.053080e-01 4.060000e-03 9.063200e-02
532 9.055040e-01 4.072000e-03 9.042400e-02
533 9.057360e-01 4.148000e-03 9.011600e-02
534 9.059680e-01 4.180000e-03 8.985200e-02
535 9.061560e-01 4.056000e-03 8.978800e-02
536 9.063320e-01 4.048000e-03 8.962000e-02
537 9.065960e-01 4.040000e-03 8.936400e-02
538 9.068120e-01 4.096000e-03 8.909200e-02
539 9.071080e-01 4.004000e-03 8.888800e-02
540 9.073200e-01 3.996000e-03 8.868400e-02
541 9.075200e-01 4.000000e-03 8.848000e-02
542 9.078400e-01 3.948000e-03 8.821200e-02
543 9.081160e-01 3.848000e-03 8.803600e-02
544 9.083440e-01 3.752000e-03 8.790400e-02
545 9.086160e-01 3.784000e-03 8.760000e-02
546 9.087720e-01 3.884000e-03 8.734400e-02
547 9.090680e-01 3.744000e-03 8.718800e-02
548 9.093360e-01 3.712000e-03 8.695200e-02
549 9.095760e-01 3.744000e-03 8.668000e-02
550 9.098800e-01 3.684000e-03 8.643600e-02
551 9.101560e-01 3.720000e-03 8.612400e-02
552 9.103440e-01 3.808000e-03 8.584800e-02
553 9.105840e-01 3.684000e-03 8.573200e-02
554 9.107520e-01 3.600000e-03 8.564800e-02
555 9.109840e-01 3.584000e-03 8.543200e-02
556 9.112440e-01 3.520000e-03 8.523600e-02
557 9.116000e-01 3.496000e-03 8.490400e-02
558 9.118480e-01 3.384000e-03 8.476800e-02
559 9.120400e-01 3.296000e-03 8.466400e-02
560 9.123120e-01 3.388000e-03 8.430000e-02
561 9.125280e-01 3.352000e-03 8.412000e-02
562 9.128640e-01 3.440000e-03 8.369600e-02
563 9.131800e-01 3.444000e-03 8.337600e-02
564 9.134480e-01 3.292000e-03 8.326000e-02
565 9.136560e-01 3.316000e-03 8.302800e-02
566 9.139280e-01 3.320000e-03 8.275200e-02
567 9.142520e-01 3.240000e-03 8.250800e-02
568 9.148280e-01 3.088000e-03 8.208400e-02
569 9.151160e-01 3.028000e-03 8.185600e-02
570 9.155400e-01 3.020000e-03 8.144000e-02
571 9.158360e-01 2.972000e-03 8.119200e-02
572 9.160720e-01 2.996000e-03 8.093200e-02
573 9.162760e-01 3.028000e-03 8.069600e-02
574 9.164880e-01 3.052000e-03 8.046000e-02
575 9.166840e-01 2.936000e-03 8.038000e-02
576 9.168920e-01 2.916000e-03 8.019200e-02
577 9.171320e-01 2.996000e-03 7.987200e-02
578 9.173280e-01 2.960000e-03 7.971200e-02
579 9.176800e-01 2.952000e-03 7.936800e-02
580 9.179200e-01 2.976000e-03 7.910400e-02
581 9.183160e-01 2.948000e-03 7.873600e-02
582 9.186480e-01 3.008000e-03 7.834400e-02
583 9.189800e-01 2.920000e-03 7.810000e-02
584 9.192440e-01 2.972000e-03 7.778400e-02
585 9.194760e-01 2.940000e-03 7.758400e-02
586 9.196560e-01 2.916000e-03 7.742800e-02
587 9.199800e-01 2.988000e-03 7.703200e-02
588 9.202640e-01 3.036000e-03 7.670000e-02
589 9.204960e-01 3.160000e-03 7.634400e-02
590 9.206920e-01 3.088000e-03 7.622000e-02
591 9.210040e-01 3.000000e-03 7.599600e-02
592 9.213120e-01 2.964000e-03 7.572400e-02
593 9.215480e-01 2.912000e-03 7.554000e-02
594 9.218120e-01 2.904000e-03 7.528400e-02
595 9.220000e-01 3.000000e-03 7.500000e-02
596 9.222080e-01 2.928000e-03 7.486400e-02
597 9.224560e-01 2.880000e-03 7.466400e-02
598 9.227480e-01 2.916000e-03 7.433600e-02
599 9.229880e-01 2.908000e-03 7.410400e-02
600 9.231800e-01 2.916000e-03 7.390400e-02
601 9.234640e-01 2.876000e-03 7.366000e-02
602 9.237520e-01 2.856000e-03 7.339200e-02
603 9.239880e-01 2.880000e-03 7.313200e-02
604 9.241920e-01 2.912000e-03 7.289600e-02
605 9.243200e-01 2.928000e-03 7.275200e-02
606 9.245120e-01 2.952000e-03 7.253600e-02
607 9.246240e-01 2.972000e-03 7.240400e-02
608 9.248720e-01 2.872000e-03 7.225600e-02
609 9.250880e-01 2.856000e-03 7.205600e-02
610 9.252760e-01 2.844000e-03 7.188000e-02
611 9.255280e-01 2.840000e-03 7.163200e-02
612 9.257000e-01 2.824000e-03 7.147600e-02
613 9.260960e-01 2.720000e-03 7.118400e-02
614 9.263480e-01 2.664000e-03 7.098800e-02
615 9.266600e-01 2.672000e-03 7.066800e-02
616 9.269960e-01 2.616000e-03 7.038800e-02
617 9.272720e-01 2.512000e-03 7.021600e-02
618 9.274280e-01 2.512000e-03 7.006000e-02
619 9.278000e-01 2.456000e-03 6.974400e-02
620 9.280240e-01 2.464000e-03 6.951200e-02
621 9.281560e-01 2.556000e-03 6.928800e-02
622 9.284120e-01 2.456000e-03 6.913200e-02
623 9.285400e-01 2.516000e-03 6.894400e-02
624 9.287440e-01 2.536000e-03 6.872000e-02
625 9.288800e-01 2.588000e-03 6.853200e-02
626 9.290160e-01 2.612000e-03 6.837200e-02
627 9.292480e-01 2.532000e-03 6.822000e-02
628 9.294160e-01 2.616000e-03 6.796800e-02
629 9.296200e-01 2.588000e-03 6.779200e-02
630 9.297440e-01 2.636000e-03 6.762000e-02
631 9.299040e-01 2.744000e-03 6.735200e-02
632 9.300000e-01 2.788000e-03 6.721200e-02
633 9.301400e-01 2.800000e-03 6.706000e-02
634 9.302200e-01 2.848000e-03 6.693200e-02
635 9.303800e-01 2.892000e-03 6.672800e-02
636 9.304920e-01 2.932000e-03 6.657600e-02
637 9.305400e-01 2.956000e-03 6.650400e-02
638 9.305760e-01 2.940000e-03 6.648400e-02
639 9.307280e-01 2.952000e-03 6.632000e-02
640 9.308320e-01 2.984000e-03 6.618400e-02
641 9.310720e-01 2.900000e-03 6.602800e-02
642 9.314320e-01 2.872000e-03 6.569600e-02
643 9.316680e-01 2.784000e-03 6.554800e-02
644 9.318640e-01 2.660000e-03 6.547600e-02
645 9.318320e-01 2.784000e-03 6.538400e-02
646 9.321680e-01 2.728000e-03 6.510400e-02
647 9.322440e-01 2.820000e-03 6.493600e-02
648 9.324200e-01 2.780000e-03 6.480000e-02
649 9.325840e-01 2.796000e-03 6.462000e-02
650 9.327040e-01 2.696000e-03 6.460000e-02
651 9.329200e-01 2.644000e-03 6.443600e-02
652 9.330880e-01 2.612000e-03 6.430000e-02
653 9.332880e-01 2.608000e-03 6.410400e-02
654 9.335360e-01 2.536000e-03 6.392800e-02
655 9.336880e-01 2.584000e-03 6.372800e-02
656 9.338880e-01 2.592000e-03 6.352000e-02
657 9.339680e-01 2.620000e-03 6.341200e-02
658 9.340640e-01 2.596000e-03 6.334000e-02
659 9.341560e-01 2.676000e-03 6.316800e-02
660 9.343560e-01 2.636000e-03 6.300800e-02
661 9.345360e-01 2.592000e-03 6.287200e-02
662 9.347440e-01 2.564000e-03 6.269200e-02
663 9.349920e-01 2.500000e-03 6.250800e-02
664 9.351840e-01 2.520000e-03 6.229600e-02
665 9.353520e-01 2.500000e-03 6.214800e-02
666 9.354960e-01 2.528000e-03 6.197600e-02
667 9.356240e-01 2.448000e-03 6.192800e-02
668 9.358280e-01 2.464000e-03 6.170800e-02
669 9.360560e-01 2.332000e-03 6.161200e-02
670 9.362840e-01 2.372000e-03 6.134400e-02
671 9.364160e-01 2.328000e-03 6.125600e-02
672 9.366600e-01 2.240000e-03 6.110000e-02
673 9.368320e-01 2.272000e-03 6.089600e-02
674 9.370040e-01 2.264000e-03 6.073200e-02
675 9.372000e-01 2.216000e-03 6.058400e-02
676 9.373840e-01 2.196000e-03 6.042000e-02
677 9.376880e-01 2.140000e-03 6.017200e-02
678 9.379440e-01 2.036000e-03 6.002000e-02
679 9.382040e-01 2.020000e-03 5.977600e-02
680 9.383840e-01 2.020000e-03 5.959600e-02
681 9.386840e-01 1.960000e-03 5.935600e-02
682 9.389280e-01 1.964000e-03 5.910800e-02
683 9.391280e-01 1.996000e-03 5.887600e-02
684 9.392360e-01 2.064000e-03 5.870000e-02
685 9.394080e-01 2.076000e-03 5.851600e-02
686 9.395080e-01 2.044000e-03 5.844800e-02
687 9.397080e-01 2.096000e-03 5.819600e-02
688 9.399360e-01 2.076000e-03 5.798800e-02
689 9.400800e-01 2.136000e-03 5.778400e-02
690 9.402640e-01 2.216000e-03 5.752000e-02
691 9.403680e-01 2.224000e-03 5.740800e-02
692 9.405280e-01 2.240000e-03 5.723200e-02
693 9.407840e-01 2.188000e-03 5.702800e-02
694 9.410200e-01 2.176000e-03 5.680400e-02
695 9.413000e-01 2.172000e-03 5.652800e-02
696 9.415480e-01 2.156000e-03 5.629600e-02
697 9.418200e-01 2.152000e-03 5.602800e-02
698 9.420080e-01 2.092000e-03 5.590000e-02
699 9.422640e-01 2.140000e-03 5.559600e-02
700 9.424880e-01 2.080000e-03 5.543200e-02
701 9.425520e-01 2.132000e-03 5.531600e-02
702 9.427680e-01 2.160000e-03 5.507200e-02
703 9.429640e-01 2.152000e-03 5.488400e-02
704 9.430840e-01 2.272000e-03 5.464400e-02
705 9.432560e-01 2.260000e-03 5.448400e-02
706 9.433840e-01 2.236000e-03 5.438000e-02
707 9.435400e-01 2.208000e-03 5.425200e-02
708 9.436480e-01 2.232000e-03 5.412000e-02
709 9.437120e-01 2.268000e-03 5.402000e-02
710 9.438960e-01 2.272000e-03 5.383200e-02
711 9.439360e-01 2.332000e-03 5.373200e-02
712 9.440680e-01 2.384000e-03 5.354800e-02
713 9.439680e-01 2.412000e-03 5.362000e-02
714 9.441040e-01 2.368000e-03 5.352800e-02
715 9.441760e-01 2.432000e-03 5.339200e-02
716 9.443760e-01 2.380000e-03 5.324400e-02
717 9.445400e-01 2.436000e-03 5.302400e-02
718 9.446520e-01 2.432000e-03 5.291600e-02
719 9.447120e-01 2.544000e-03 5.274400e-02
720 9.448720e-01 2.500000e-03 5.262800e-02
721 9.450480e-01 2.456000e-03 5.249600e-02
722 9.451600e-01 2.496000e-03 5.234400e-02
723 9.453040e-01 2.440000e-03 5.225600e-02
724 9.454480e-01 2.408000e-03 5.214400e-02
725 9.456240e-01 2.400000e-03 5.197600e-02
726 9.457880e-01 2.364000e-03 5.184800e-02
727 9.459480e-01 2.420000e-03 5.163200e-02
728 9.460360e-01 2.384000e-03 5.158000e-02
729 9.461680e-01 2.424000e-03 5.140800e-02
730 9.461760e-01 2.440000e-03 5.138400e-02
731 9.462680e-01 2.404000e-03 5.132800e-02
732 9.463160e-01 2.420000e-03 5.126400e-02
733 9.464800e-01 2.356000e-03 5.116400e-02
734 9.466160e-01 2.304000e-03 5.108000e-02
735 9.466720e-01 2.328000e-03 5.100000e-02
736 9.467560e-01 2.304000e-03 5.094000e-02
737 9.469360e-01 2.272000e-03 5.079200e-02
738 9.471360e-01 2.268000e-03 5.059600e-02
739 9.472000e-01 2.264000e-03 5.053600e-02
740 9.472840e-01 2.224000e-03 5.049200e-02
741 9.473960e-01 2.288000e-03 5.031600e-02
742 9.475800e-01 2.300000e-03 5.012000e-02
743 9.476960e-01 2.284000e-03 5.002000e-02
744 9.476800e-01 2.372000e-03 4.994800e-02
745 9.477280e-01 2.424000e-03 4.984800e-02
746 9.478160e-01 2.468000e-03 4.971600e-02
747 9.478920e-01 2.516000e-03 4.959200e-02
748 9.479520e-01 2.560000e-03 4.948800e-02
749 9.480680e-01 2.420000e-03 4.951200e-02
750 9.482240e-01 2.412000e-03 4.936400e-02
751 9.483120e-01 2.424000e-03 4.926400e-02
752 9.483320e-01 2.468000e-03 4.920000e-02
753 9.484280e-01 2.472000e-03 4.910000e-02
754 9.483640e-01 2.604000e-03 4.903200e-02
755 9.484240e-01 2.640000e-03 4.893600e-02
756 9.484680e-01 2.628000e-03 4.890400e-02
757 9.485520e-01 2.612000e-03 4.883600e-02
758 9.486440e-01 2.536000e-03 4.882000e-02
759 9.487760e-01 2.516000e-03 4.870800e-02
760 9.487600e-01 2.564000e-03 4.867600e-02
761 9.487400e-01 2.624000e-03 4.863600e-02
762 9.487160e-01 2.668000e-03 4.861600e-02
763 9.486160e-01 2.692000e-03 4.869200e-02
764 9.485760e-01 2.760000e-03 4.866400e-02
765 9.485680e-01 2.724000e-03 4.870800e-02
766 9.484880e-01 2.804000e-03 4.870800e-02
767 9.484240e-01 2.884000e-03 4.869200e-02
768 9.484560e-01 2.860000e-03 4.868400e-02
769 9.484080e-01 2.856000e-03 4.873600e-02
770 9.484040e-01 2.900000e-03 4.869600e-02
771 9.484400e-01 2.912000e-03 4.864800e-02
772 9.485000e-01 2.892000e-03 4.860800e-02
773 9.485000e-01 2.880000e-03 4.862000e-02
774 9.484560e-01 2.820000e-03 4.872400e-02
775 9.485240e-01 2.776000e-03 4.870000e-02
776 9.484880e-01 2.832000e-03 4.868000e-02
777 9.484320e-01 2.760000e-03 4.880800e-02
778 9.484840e-01 2.664000e-03 4.885200e-02
779 9.485280e-01 2.568000e-03 4.890400e-02
780 9.485960e-01 2.512000e-03 4.889200e-02
781 9.486160e-01 2.636000e-03 4.874800e-02
782 9.486120e-01 2.596000e-03 4.879200e-02
783 9.487160e-01 2.576000e-03 4.870800e-02
784 9.487560e-01 2.548000e-03 4.869600e-02
785 9.488360e-01 2.532000e-03 4.863200e-02
786 9.488840e-01 2.440000e-03 4.867600e-02
787 9.488720e-01 2.628000e-03 4.850000e-02
788 9.487760e-01 2.752000e-03 4.847200e-02
789 9.488200e-01 2.696000e-03 4.848400e-02
790 9.488240e-01 2.700000e-03 4.847600e-02
791 9.487600e-01 2.808000e-03 4.843200e-02
792 9.487640e-01 2.812000e-03 4.842400e-02
793 9.487680e-01 2.780000e-03 4.845200e-02
794 9.487880e-01 2.752000e-03 4.846000e-02
795 9.486800e-01 2.768000e-03 4.855200e-02
796 9.486520e-01 2.912000e-03 4.843600e-02
797 9.486640e-01 2.964000e-03 4.837200e-02
798 9.486600e-01 2.972000e-03 4.836800e-02
799 9.486480e-01 2.836000e-03 4.851600e-02
800 9.485440e-01 2.976000e-03 4.848000e-02
801 9.484800e-01 2.888000e-03 4.863200e-02
802 9.484280e-01 2.832000e-03 4.874000e-02
803 9.483840e-01 2.772000e-03 4.884400e-02
804 9.486320e-01 2.648000e-03 4.872000e-02
805 9.488080e-01 2.552000e-03 4.864000e-02
806 9.488160e-01 2.520000e-03 4.866400e-02
807 9.490200e-01 2.396000e-03 4.858400e-02
808 9.490240e-01 2.420000e-03 4.855600e-02
809 9.490200e-01 2.388000e-03 4.859200e-02
810 9.491240e-01 2.324000e-03 4.855200e-02
811 9.492240e-01 2.188000e-03 4.858800e-02
812 9.492840e-01 2.204000e-03 4.851200e-02
813 9.494080e-01 2.224000e-03 4.836800e-02
814 9.495240e-01 2.152000e-03 4.832400e-02
815 9.495840e-01 2.176000e-03 4.824000e-02
816 9.496080e-01 2.224000e-03 4.816800e-02
817 9.497960e-01 2.192000e-03 4.801200e-02
818 9.499160e-01 2.148000e-03 4.793600e-02
819 9.500160e-01 2.136000e-03 4.784800e-02
820 9.501000e-01 2.116000e-03 4.778400e-02
821 9.502720e-01 2.100000e-03 4.762800e-02
822 9.504360e-01 2.060000e-03 4.750400e-02
823 9.505520e-01 2.100000e-03 4.734800e-02
824 9.506640e-01 2.048000e-03 4.728800e-02
825 9.507440e-01 1.960000e-03 4.729600e-02
826 9.509360e-01 1.964000e-03 4.710000e-02
827 9.511320e-01 1.928000e-03 4.694000e-02
828 9.511920e-01 1.972000e-03 4.683600e-02
829 9.513080e-01 1.988000e-03 4.670400e-02
830 9.514200e-01 1.964000e-03 4.661600e-02
831 9.515760e-01 1.904000e-03 4.652000e-02
832 9.516920e-01 1.948000e-03 4.636000e-02
833 9.517120e-01 2.020000e-03 4.626800e-02
834 9.517280e-01 2.100000e-03 4.617200e-02
835 9.518360e-01 2.116000e-03 4.604800e-02
836 9.518440e-01 2.152000e-03 4.600400e-02
837 9.520200e-01 2.080000e-03 4.590000e-02
838 9.520720e-01 2.044000e-03 4.588400e-02
839 9.522560e-01 2.048000e-03 4.569600e-02
840 9.523840e-01 2.012000e-03 4.560400e-02
841 9.525400e-01 1.980000e-03 4.548000e-02
842 9.526960e-01 1.960000e-03 4.534400e-02
843 9.527200e-01 1.952000e-03 4.532800e-02
844 9.527640e-01 2.004000e-03 4.523200e-02
845 9.528440e-01 2.000000e-03 4.515600e-02
846 9.528760e-01 2.036000e-03 4.508800e-02
847 9.530440e-01 1.980000e-03 4.497600e-02
848 9.532760e-01 1.956000e-03 4.476800e-02
849 9.534680e-01 1.832000e-03 4.470000e-02
850 9.535720e-01 1.816000e-03 4.461200e-02
851 9.535960e-01 1.924000e-03 4.448000e-02
852 9.537160e-01 1.884000e-03 4.440000e-02
853 9.538880e-01 1.896000e-03 4.421600e-02
854 9.540480e-01 1.840000e-03 4.411200e-02
855 9.541520e-01 1.784000e-03 4.406400e-02
856 9.542560e-01 1.776000e-03 4.396800e-02
857 9.543720e-01 1.788000e-03 4.384000e-02
858 9.545280e-01 1.740000e-03 4.373200e-02
859 9.546320e-01 1.732000e-03 4.363600e-02
860 9.546120e-01 1.864000e-03 4.352400e-02
861 9.547640e-01 1.744000e-03 4.349200e-02
862 9.549200e-01 1.652000e-03 4.342800e-02
863 9.551160e-01 1.648000e-03 4.323600e-02
864 9.553640e-01 1.600000e-03 4.303600e-02
865 9.555320e-01 1.592000e-03 4.287600e-02
866 9.556800e-01 1.572000e-03 4.274800e-02
867 9.558200e-01 1.568000e-03 4.261200e-02
868 9.559360e-01 1.588000e-03 4.247600e-02
869 9.561720e-01 1.552000e-03 4.227600e-02
870 9.562960e-01 1.588000e-03 4.211600e-02
871 9.564640e-01 1.576000e-03 4.196000e-02
872 9.566280e-01 1.516000e-03 4.185600e-02
873 9.567960e-01 1.572000e-03 4.163200e-02
874 9.569800e-01 1.612000e-03 4.140800e-02
875 9.571280e-01 1.628000e-03 4.124400e-02
876 9.572040e-01 1.692000e-03 4.110400e-02
877 9.574040e-01 1.708000e-03 4.088800e-02
878 9.575400e-01 1.784000e-03 4.067600e-02
879 9.576440e-01 1.760000e-03 4.059600e-02
880 9.577640e-01 1.728000e-03 4.050800e-02
881 9.579280e-01 1.692000e-03 4.038000e-02
882 9.580800e-01 1.652000e-03 4.026800e-02
883 9.581920e-01 1.652000e-03 4.015600e-02
884 9.584200e-01 1.556000e-03 4.002400e-02
885 9.586720e-01 1.492000e-03 3.983600e-02
886 9.587840e-01 1.524000e-03 3.969200e-02
887 9.589440e-01 1.504000e-03 3.955200e-02
888 9.591080e-01 1.420000e-03 3.947200e-02
889 9.592200e-01 1.332000e-03 3.944800e-02
890 9.593720e-01 1.376000e-03 3.925200e-02
891 9.595360e-01 1.320000e-03 3.914400e-02
892 9.596880e-01 1.372000e-03 3.894000e-02
893 9.599040e-01 1.364000e-03 3.873200e-02
894 9.599360e-01 1.428000e-03 3.863600e-02
895 9.599040e-01 1.500000e-03 3.859600e-02
896 9.599920e-01 1.560000e-03 3.844800e-02
897 9.600360e-01 1.612000e-03 3.835200e-02
898 9.601160e-01 1.688000e-03 3.819600e-02
899 9.601280e-01 1.768000e-03 3.810400e-02
900 9.601440e-01 1.780000e-03 3.807600e-02
901 9.602480e-01 1.744000e-03 3.800800e-02
902 9.602760e-01 1.772000e-03 3.795200e-02
903 9.602320e-01 1.832000e-03 3.793600e-02
904 9.602720e-01 1.788000e-03 3.794000e-02
905 9.603120e-01 1.744000e-03 3.794400e-02
906 9.603920e-01 1.852000e-03 3.775600e-02
907 9.604360e-01 1.812000e-03 3.775200e-02
908 9.604840e-01 1.764000e-03 3.775200e-02
909 9.605440e-01 1.820000e-03 3.763600e-02
910 9.606560e-01 1.744000e-03 3.760000e-02
911 9.606920e-01 1.712000e-03 3.759600e-02
912 9.607680e-01 1.664000e-03 3.756800e-02
913 9.608040e-01 1.644000e-03 3.755200e-02
914 9.609440e-01 1.616000e-03 3.744000e-02
915 9.609280e-01 1.760000e-03 3.731200e-02
916 9.608560e-01 1.800000e-03 3.734400e-02
917 9.610240e-01 1.748000e-03 3.722800e-02
918 9.610080e-01 1.852000e-03 3.714000e-02
919 9.609760e-01 1.916000e-03 3.710800e-02
920 9.609440e-01 2.028000e-03 3.702800e-02
921 9.610600e-01 1.936000e-03 3.700400e-02
922 9.611520e-01 1.868000e-03 3.698000e-02
923 9.613000e-01 1.848000e-03 3.685200e-02
924 9.614080e-01 1.856000e-03 3.673600e-02
925 9.615120e-01 1.728000e-03 3.676000e-02
926 9.615320e-01 1.784000e-03 3.668400e-02
927 9.615480e-01 1.772000e-03 3.668000e-02
928 9.616880e-01 1.704000e-03 3.660800e-02
929 9.617720e-01 1.692000e-03 3.653600e-02
930 9.617960e-01 1.744000e-03 3.646000e-02
931 9.618320e-01 1.836000e-03 3.633200e-02
932 9.618880e-01 1.808000e-03 3.630400e-02
