1 9.991960e-01 7.240000e-04 8.000000e-05
2 9.987000e-01 1.072000e-03 2.280000e-04
3 9.981520e-01 1.372000e-03 4.760000e-04
4 9.974720e-01 1.732000e-03 7.960000e-04
5 9.966880e-01 2.212000e-03 1.100000e-03
6 9.959240e-01 2.660000e-03 1.416000e-03
7 9.950400e-01 3.060000e-03 1.900000e-03
8 9.941840e-01 3.260000e-03 2.556000e-03
9 9.931920e-01 3.592000e-03 3.216000e-03
10 9.923000e-01 3.776000e-03 3.924000e-03
11 9.911640e-01 4.236000e-03 4.600000e-03
12 9.900840e-01 4.476000e-03 5.440000e-03
13 9.890320e-01 4.836000e-03 6.132000e-03
14 9.879520e-01 5.204000e-03 6.844000e-03
15 9.867120e-01 5.632000e-03 7.656000e-03
16 9.854960e-01 5.812000e-03 8.692000e-03
17 9.843560e-01 6.052000e-03 9.592000e-03
18 9.832120e-01 6.176000e-03 1.061200e-02
19 9.822080e-01 6.272000e-03 1.152000e-02
20 9.810320e-01 6.516000e-03 1.245200e-02
21 9.798960e-01 6.692000e-03 1.341200e-02
22 9.788000e-01 6.884000e-03 1.431600e-02
23 9.775800e-01 7.084000e-03 1.533600e-02
24 9.763720e-01 7.188000e-03 1.644000e-02
25 9.750080e-01 7.536000e-03 1.745600e-02
26 9.737480e-01 7.648000e-03 1.860400e-02
27 9.724640e-01 7.836000e-03 1.970000e-02
28 9.711760e-01 7.940000e-03 2.088400e-02
29 9.701520e-01 7.848000e-03 2.200000e-02
30 9.689880e-01 7.804000e-03 2.320800e-02
31 9.677760e-01 7.900000e-03 2.432400e-02
32 9.664720e-01 8.100000e-03 2.542800e-02
33 9.651880e-01 8.248000e-03 2.656400e-02
34 9.639600e-01 8.348000e-03 2.769200e-02
35 9.627160e-01 8.436000e-03 2.884800e-02
36 9.613200e-01 8.612000e-03 3.006800e-02
37 9.599760e-01 8.684000e-03 3.134000e-02
38 9.588440e-01 8.636000e-03 3.252000e-02
39 9.576160e-01 8.812000e-03 3.357200e-02
40 9.561520e-01 9.136000e-03 3.471200e-02
41 9.547440e-01 9.352000e-03 3.590400e-02
42 9.531640e-01 9.716000e-03 3.712000e-02
43 9.516920e-01 9.864000e-03 3.844400e-02
44 9.502040e-01 1.018800e-02 3.960800e-02
45 9.485400e-01 1.056400e-02 4.089600e-02
46 9.468720e-01 1.064800e-02 4.248000e-02
47 9.453120e-01 1.086400e-02 4.382400e-02
48 9.436520e-01 1.110800e-02 4.524000e-02
49 9.421520e-01 1.123600e-02 4.661200e-02
50 9.407360e-01 1.137600e-02 4.788800e-02
51 9.394440e-01 1.136800e-02 4.918800e-02
52 9.381840e-01 1.125200e-02 5.056400e-02
53 9.366040e-01 1.153200e-02 5.186400e-02
54 9.353320e-01 1.155200e-02 5.311600e-02
55 9.338600e-01 1.154400e-02 5.459600e-02
56 9.323800e-01 1.168000e-02 5.594000e-02
57 9.309240e-01 1.187200e-02 5.720400e-02
58 9.293240e-01 1.202800e-02 5.864800e-02
59 9.279080e-01 1.196800e-02 6.012400e-02
60 9.265080e-01 1.192400e-02 6.156800e-02
61 9.249800e-01 1.215200e-02 6.286800e-02
62 9.234200e-01 1.228400e-02 6.429600e-02
63 9.220080e-01 1.218800e-02 6.580400e-02
64 9.205440e-01 1.231200e-02 6.714400e-02
65 9.191160e-01 1.242800e-02 6.845600e-02
66 9.175520e-01 1.270400e-02 6.974400e-02
67 9.158200e-01 1.295200e-02 7.122800e-02
68 9.143920e-01 1.284400e-02 7.276400e-02
69 9.130560e-01 1.274400e-02 7.420000e-02
70 9.115920e-01 1.291600e-02 7.549200e-02
71 9.102240e-01 1.290400e-02 7.687200e-02
72 9.089520e-01 1.264000e-02 7.840800e-02
73 9.077440e-01 1.260400e-02 7.965200e-02
74 9.064120e-01 1.268800e-02 8.090000e-02
75 9.050560e-01 1.267200e-02 8.227200e-02
76 9.038760e-01 1.279600e-02 8.332800e-02
77 9.027920e-01 1.244000e-02 8.476800e-02
78 9.018200e-01 1.236800e-02 8.581200e-02
79 9.008680e-01 1.223600e-02 8.689600e-02
80 9.000360e-01 1.182400e-02 8.814000e-02
81 8.990280e-01 1.188800e-02 8.908400e-02
82 8.978600e-01 1.204000e-02 9.010000e-02
83 8.967360e-01 1.204400e-02 9.122000e-02
84 8.956160e-01 1.221200e-02 9.217200e-02
85 8.944520e-01 1.222000e-02 9.332800e-02
86 8.935880e-01 1.208400e-02 9.432800e-02
87 8.925960e-01 1.198400e-02 9.542000e-02
88 8.917200e-01 1.197200e-02 9.630800e-02
89 8.906880e-01 1.186000e-02 9.745200e-02
90 8.895280e-01 1.199200e-02 9.848000e-02
91 8.883200e-01 1.201600e-02 9.966400e-02
92 8.873560e-01 1.195200e-02 1.006920e-01
93 8.863800e-01 1.194000e-02 1.016800e-01
94 8.854120e-01 1.201200e-02 1.025760e-01
95 8.848120e-01 1.182400e-02 1.033640e-01
96 8.839960e-01 1.178400e-02 1.042200e-01
97 8.828880e-01 1.185600e-02 1.052560e-01
98 8.817840e-01 1.205200e-02 1.061640e-01
99 8.806360e-01 1.232800e-02 1.070360e-01
100 8.796160e-01 1.252000e-02 1.078640e-01
101 8.785960e-01 1.261200e-02 1.087920e-01
102 8.774560e-01 1.271600e-02 1.098280e-01
103 8.765520e-01 1.251600e-02 1.109320e-01
104 8.758600e-01 1.229600e-02 1.118440e-01
105 8.749400e-01 1.237600e-02 1.126840e-01
106 8.738720e-01 1.238400e-02 1.137440e-01
107 8.729760e-01 1.245600e-02 1.145680e-01
108 8.719480e-01 1.262000e-02 1.154320e-01
109 8.708440e-01 1.272800e-02 1.164280e-01
110 8.697560e-01 1.282400e-02 1.174200e-01
111 8.687880e-01 1.279600e-02 1.184160e-01
112 8.680720e-01 1.269200e-02 1.192360e-01
113 8.670160e-01 1.298400e-02 1.200000e-01
114 8.663440e-01 1.285200e-02 1.208040e-01
115 8.653280e-01 1.306000e-02 1.216120e-01
116 8.642760e-01 1.320800e-02 1.225160e-01
117 8.634320e-01 1.308400e-02 1.234840e-01
118 8.625040e-01 1.308400e-02 1.244120e-01
119 8.618360e-01 1.277600e-02 1.253880e-01
120 8.610880e-01 1.295200e-02 1.259600e-01
121 8.602160e-01 1.302800e-02 1.267560e-01
122 8.592400e-01 1.299200e-02 1.277680e-01
123 8.583200e-01 1.291200e-02 1.287680e-01
124 8.577560e-01 1.273200e-02 1.295120e-01
125 8.570000e-01 1.275600e-02 1.302440e-01
126 8.562880e-01 1.277600e-02 1.309360e-01
127 8.555480e-01 1.272000e-02 1.317320e-01
128 8.550120e-01 1.264800e-02 1.323400e-01
129 8.544360e-01 1.240000e-02 1.331640e-01
130 8.537800e-01 1.221600e-02 1.340040e-01
131 8.532160e-01 1.190800e-02 1.348760e-01
132 8.525760e-01 1.176800e-02 1.356560e-01
133 8.519840e-01 1.174800e-02 1.362680e-01
134 8.515240e-01 1.171600e-02 1.367600e-01
135 8.508280e-01 1.171200e-02 1.374600e-01
136 8.502520e-01 1.178400e-02 1.379640e-01
137 8.496960e-01 1.178800e-02 1.385160e-01
138 8.490520e-01 1.183600e-02 1.391120e-01
139 8.484680e-01 1.193600e-02 1.395960e-01
140 8.480840e-01 1.172000e-02 1.401960e-01
141 8.477120e-01 1.166000e-02 1.406280e-01
142 8.471480e-01 1.161200e-02 1.412400e-01
143 8.466280e-01 1.160400e-02 1.417680e-01
144 8.461800e-01 1.145200e-02 1.423680e-01
145 8.457160e-01 1.140000e-02 1.428840e-01
146 8.451920e-01 1.148000e-02 1.433280e-01
147 8.446280e-01 1.168800e-02 1.436840e-01
148 8.440360e-01 1.187600e-02 1.440880e-01
149 8.434760e-01 1.188000e-02 1.446440e-01
150 8.430480e-01 1.166400e-02 1.452880e-01
151 8.427480e-01 1.149600e-02 1.457560e-01
152 8.424440e-01 1.135200e-02 1.462040e-01
153 8.422680e-01 1.103600e-02 1.466960e-01
154 8.419040e-01 1.097200e-02 1.471240e-01
155 8.418040e-01 1.070800e-02 1.474880e-01
156 8.414280e-01 1.066800e-02 1.479040e-01
157 8.409920e-01 1.064400e-02 1.483640e-01
158 8.406800e-01 1.071600e-02 1.486040e-01
159 8.404520e-01 1.058800e-02 1.489600e-01
160 8.402520e-01 1.058800e-02 1.491600e-01
161 8.398720e-01 1.069200e-02 1.494360e-01
162 8.394440e-01 1.077600e-02 1.497800e-01
163 8.389600e-01 1.092400e-02 1.501160e-01
164 8.386040e-01 1.103600e-02 1.503600e-01
165 8.382800e-01 1.116400e-02 1.505560e-01
166 8.378560e-01 1.129600e-02 1.508480e-01
167 8.375440e-01 1.126800e-02 1.511880e-01
168 8.372160e-01 1.124400e-02 1.515400e-01
169 8.370200e-01 1.110400e-02 1.518760e-01
170 8.366760e-01 1.112000e-02 1.522040e-01
171 8.360680e-01 1.132400e-02 1.526080e-01
172 8.357800e-01 1.122400e-02 1.529960e-01
173 8.354920e-01 1.112800e-02 1.533800e-01
174 8.351040e-01 1.130800e-02 1.535880e-01
175 8.347880e-01 1.131200e-02 1.539000e-01
176 8.343720e-01 1.125600e-02 1.543720e-01
177 8.338680e-01 1.134000e-02 1.547920e-01
178 8.335760e-01 1.123200e-02 1.551920e-01
179 8.336560e-01 1.101200e-02 1.553320e-01
180 8.333600e-01 1.099600e-02 1.556440e-01
181 8.332120e-01 1.077200e-02 1.560160e-01
182 8.330600e-01 1.075200e-02 1.561880e-01
183 8.328560e-01 1.061200e-02 1.565320e-01
184 8.328360e-01 1.035200e-02 1.568120e-01
185 8.327880e-01 1.012800e-02 1.570840e-01
186 8.327200e-01 1.010400e-02 1.571760e-01
187 8.326320e-01 1.000800e-02 1.573600e-01
188 8.325400e-01 1.016400e-02 1.572960e-01
189 8.323480e-01 1.025200e-02 1.574000e-01
190 8.321440e-01 1.049600e-02 1.573600e-01
191 8.320320e-01 1.040800e-02 1.575600e-01
192 8.318080e-01 1.038400e-02 1.578080e-01
193 8.316800e-01 1.037200e-02 1.579480e-01
194 8.315560e-01 1.049600e-02 1.579480e-01
195 8.314000e-01 1.055200e-02 1.580480e-01
196 8.313320e-01 1.032800e-02 1.583400e-01
197 8.310280e-01 1.050800e-02 1.584640e-01
198 8.306240e-01 1.069200e-02 1.586840e-01
199 8.303480e-01 1.072400e-02 1.589280e-01
200 8.300080e-01 1.076800e-02 1.592240e-01
201 8.295600e-01 1.098000e-02 1.594600e-01
202 8.291560e-01 1.106800e-02 1.597760e-01
203 8.288600e-01 1.098400e-02 1.601560e-01
204 8.287640e-01 1.088400e-02 1.603520e-01
205 8.285360e-01 1.074400e-02 1.607200e-01
206 8.284560e-01 1.052000e-02 1.610240e-01
207 8.284400e-01 1.049600e-02 1.610640e-01
208 8.284600e-01 1.047600e-02 1.610640e-01
209 8.285440e-01 1.026400e-02 1.611920e-01
210 8.286880e-01 1.022400e-02 1.610880e-01
211 8.287280e-01 1.030000e-02 1.609720e-01
212 8.284400e-01 1.048800e-02 1.610720e-01
213 8.282080e-01 1.046800e-02 1.613240e-01
214 8.281400e-01 1.037200e-02 1.614880e-01
215 8.280800e-01 1.049200e-02 1.614280e-01
216 8.277880e-01 1.049200e-02 1.617200e-01
217 8.276840e-01 1.051200e-02 1.618040e-01
218 8.276560e-01 1.039600e-02 1.619480e-01
219 8.276120e-01 1.020800e-02 1.621800e-01
220 8.277280e-01 9.956000e-03 1.623160e-01
221 8.278120e-01 9.712000e-03 1.624760e-01
222 8.280080e-01 9.596000e-03 1.623960e-01
223 8.282240e-01 9.444000e-03 1.623320e-01
224 8.284560e-01 9.236000e-03 1.623080e-01
225 8.285800e-01 9.108000e-03 1.623120e-01
226 8.287120e-01 8.936000e-03 1.623520e-01
227 8.288320e-01 8.916000e-03 1.622520e-01
228 8.291280e-01 8.708000e-03 1.621640e-01
229 8.292600e-01 8.536000e-03 1.622040e-01
230 8.291120e-01 8.720000e-03 1.621680e-01
231 8.293680e-01 8.600000e-03 1.620320e-01
232 8.294120e-01 8.676000e-03 1.619120e-01
233 8.294480e-01 8.820000e-03 1.617320e-01
234 8.293080e-01 8.960000e-03 1.617320e-01
235 8.293520e-01 9.056000e-03 1.615920e-01
236 8.292800e-01 8.980000e-03 1.617400e-01
237 8.294000e-01 8.760000e-03 1.618400e-01
238 8.293960e-01 8.656000e-03 1.619480e-01
239 8.294920e-01 8.732000e-03 1.617760e-01
240 8.297000e-01 8.584000e-03 1.617160e-01
241 8.299000e-01 8.396000e-03 1.617040e-01
242 8.300960e-01 8.400000e-03 1.615040e-01
243 8.302240e-01 8.496000e-03 1.612800e-01
244 8.304920e-01 8.504000e-03 1.610040e-01
245 8.306840e-01 8.520000e-03 1.607960e-01
246 8.307200e-01 8.456000e-03 1.608240e-01
247 8.309080e-01 8.472000e-03 1.606200e-01
248 8.311520e-01 8.512000e-03 1.603360e-01
249 8.314760e-01 8.336000e-03 1.601880e-01
250 8.314400e-01 8.424000e-03 1.601360e-01
251 8.316280e-01 8.428000e-03 1.599440e-01
252 8.318720e-01 8.268000e-03 1.598600e-01
253 8.320560e-01 8.192000e-03 1.597520e-01
254 8.324440e-01 8.040000e-03 1.595160e-01
255 8.326640e-01 8.100000e-03 1.592360e-01
256 8.330160e-01 7.936000e-03 1.590480e-01
257 8.333240e-01 7.724000e-03 1.589520e-01
258 8.336320e-01 7.708000e-03 1.586600e-01
259 8.339800e-01 7.700000e-03 1.583200e-01
260 8.342040e-01 7.804000e-03 1.579920e-01
261 8.343800e-01 7.840000e-03 1.577800e-01
262 8.346600e-01 7.776000e-03 1.575640e-01
263 8.347520e-01 7.780000e-03 1.574680e-01
264 8.349440e-01 7.880000e-03 1.571760e-01
265 8.353040e-01 7.840000e-03 1.568560e-01
266 8.355360e-01 7.732000e-03 1.567320e-01
267 8.358280e-01 7.600000e-03 1.565720e-01
268 8.359920e-01 7.780000e-03 1.562280e-01
269 8.361560e-01 7.808000e-03 1.560360e-01
270 8.364920e-01 7.668000e-03 1.558400e-01
271 8.366560e-01 7.684000e-03 1.556600e-01
272 8.369960e-01 7.720000e-03 1.552840e-01
273 8.371480e-01 7.728000e-03 1.551240e-01
274 8.373520e-01 7.720000e-03 1.549280e-01
275 8.374760e-01 7.768000e-03 1.547560e-01
276 8.376640e-01 7.884000e-03 1.544520e-01
277 8.375960e-01 8.096000e-03 1.543080e-01
278 8.375640e-01 8.416000e-03 1.540200e-01
279 8.372840e-01 8.568000e-03 1.541480e-01
280 8.375320e-01 8.484000e-03 1.539840e-01
281 8.377360e-01 8.276000e-03 1.539880e-01
282 8.378520e-01 8.164000e-03 1.539840e-01
283 8.380840e-01 8.124000e-03 1.537920e-01
284 8.381440e-01 8.112000e-03 1.537440e-01
285 8.381120e-01 8.036000e-03 1.538520e-01
286 8.384480e-01 7.916000e-03 1.536360e-01
287 8.386160e-01 7.916000e-03 1.534680e-01
288 8.386920e-01 7.952000e-03 1.533560e-01
289 8.389360e-01 7.984000e-03 1.530800e-01
290 8.392520e-01 7.844000e-03 1.529040e-01
291 8.394400e-01 7.820000e-03 1.527400e-01
292 8.395920e-01 7.892000e-03 1.525160e-01
293 8.399400e-01 7.648000e-03 1.524120e-01
294 8.400920e-01 7.656000e-03 1.522520e-01
295 8.401760e-01 7.644000e-03 1.521800e-01
296 8.404440e-01 7.496000e-03 1.520600e-01
297 8.407800e-01 7.488000e-03 1.517320e-01
298 8.411000e-01 7.328000e-03 1.515720e-01
299 8.413560e-01 7.272000e-03 1.513720e-01
300 8.417720e-01 7.236000e-03 1.509920e-01
301 8.421440e-01 7.128000e-03 1.507280e-01
302 8.424720e-01 7.208000e-03 1.503200e-01
303 8.425160e-01 7.320000e-03 1.501640e-01
304 8.427280e-01 7.280000e-03 1.499920e-01
305 8.430440e-01 7.152000e-03 1.498040e-01
306 8.434000e-01 7.028000e-03 1.495720e-01
307 8.435040e-01 7.112000e-03 1.493840e-01
308 8.437640e-01 7.072000e-03 1.491640e-01
309 8.440280e-01 7.124000e-03 1.488480e-01
310 8.442520e-01 7.188000e-03 1.485600e-01
311 8.446080e-01 7.136000e-03 1.482560e-01
312 8.448600e-01 7.092000e-03 1.480480e-01
313 8.449960e-01 7.152000e-03 1.478520e-01
314 8.451880e-01 7.116000e-03 1.476960e-01
315 8.453800e-01 7.116000e-03 1.475040e-01
316 8.455280e-01 7.080000e-03 1.473920e-01
317 8.458280e-01 7.028000e-03 1.471440e-01
318 8.461320e-01 6.932000e-03 1.469360e-01
319 8.464560e-01 6.852000e-03 1.466920e-01
320 8.467640e-01 6.824000e-03 1.464120e-01
321 8.470000e-01 6.792000e-03 1.462080e-01
322 8.470680e-01 6.916000e-03 1.460160e-01
323 8.472400e-01 6.968000e-03 1.457920e-01
324 8.475080e-01 7.008000e-03 1.454840e-01
325 8.478400e-01 7.008000e-03 1.451520e-01
326 8.480680e-01 7.036000e-03 1.448960e-01
327 8.481920e-01 6.868000e-03 1.449400e-01
328 8.483840e-01 6.920000e-03 1.446960e-01
329 8.485240e-01 7.088000e-03 1.443880e-01
330 8.487760e-01 7.104000e-03 1.441200e-01
331 8.488120e-01 7.224000e-03 1.439640e-01
332 8.489080e-01 7.220000e-03 1.438720e-01
333 8.487000e-01 7.552000e-03 1.437480e-01
334 8.486640e-01 7.704000e-03 1.436320e-01
335 8.487880e-01 7.700000e-03 1.435120e-01
336 8.488920e-01 7.596000e-03 1.435120e-01
337 8.488240e-01 7.708000e-03 1.434680e-01
338 8.488000e-01 7.788000e-03 1.434120e-01
339 8.488520e-01 7.712000e-03 1.434360e-01
340 8.490760e-01 7.520000e-03 1.434040e-01
341 8.491800e-01 7.380000e-03 1.434400e-01
342 8.494640e-01 7.340000e-03 1.431960e-01
343 8.497280e-01 7.108000e-03 1.431640e-01
344 8.500240e-01 6.884000e-03 1.430920e-01
345 8.506200e-01 6.648000e-03 1.427320e-01
346 8.509360e-01 6.452000e-03 1.426120e-01
347 8.512720e-01 6.500000e-03 1.422280e-01
348 8.516480e-01 6.440000e-03 1.419120e-01
349 8.519080e-01 6.428000e-03 1.416640e-01
350 8.520400e-01 6.448000e-03 1.415120e-01
351 8.522200e-01 6.608000e-03 1.411720e-01
352 8.524280e-01 6.580000e-03 1.409920e-01
353 8.526120e-01 6.624000e-03 1.407640e-01
354 8.526840e-01 6.516000e-03 1.408000e-01
355 8.530600e-01 6.344000e-03 1.405960e-01
356 8.533720e-01 6.328000e-03 1.403000e-01
357 8.537760e-01 6.248000e-03 1.399760e-01
358 8.542320e-01 6.176000e-03 1.395920e-01
359 8.544480e-01 6.184000e-03 1.393680e-01
360 8.547720e-01 6.168000e-03 1.390600e-01
361 8.551040e-01 6.204000e-03 1.386920e-01
362 8.553080e-01 6.332000e-03 1.383600e-01
363 8.557360e-01 6.300000e-03 1.379640e-01
364 8.559160e-01 6.384000e-03 1.377000e-01
365 8.561840e-01 6.492000e-03 1.373240e-01
366 8.563040e-01 6.560000e-03 1.371360e-01
367 8.564520e-01 6.516000e-03 1.370320e-01
368 8.566480e-01 6.440000e-03 1.369120e-01
369 8.568520e-01 6.396000e-03 1.367520e-01
370 8.570320e-01 6.480000e-03 1.364880e-01
371 8.572760e-01 6.424000e-03 1.363000e-01
372 8.575480e-01 6.356000e-03 1.360960e-01
373 8.578880e-01 6.188000e-03 1.359240e-01
374 8.582280e-01 6.100000e-03 1.356720e-01
375 8.585640e-01 6.112000e-03 1.353240e-01
376 8.587040e-01 6.072000e-03 1.352240e-01
377 8.591480e-01 5.968000e-03 1.348840e-01
378 8.595520e-01 5.864000e-03 1.345840e-01
379 8.598240e-01 5.892000e-03 1.342840e-01
380 8.600840e-01 5.840000e-03 1.340760e-01
381 8.604600e-01 5.788000e-03 1.337520e-01
382 8.608240e-01 5.728000e-03 1.334480e-01
383 8.610680e-01 5.824000e-03 1.331080e-01
384 8.613800e-01 5.764000e-03 1.328560e-01
385 8.616920e-01 5.860000e-03 1.324480e-01
386 8.619480e-01 5.968000e-03 1.320840e-01
387 8.622840e-01 6.036000e-03 1.316800e-01
388 8.625600e-01 6.160000e-03 1.312800e-01
389 8.627360e-01 6.176000e-03 1.310880e-01
390 8.628360e-01 6.208000e-03 1.309560e-01
391 8.629640e-01 6.300000e-03 1.307360e-01
392 8.630080e-01 6.416000e-03 1.305760e-01
393 8.632400e-01 6.476000e-03 1.302840e-01
394 8.635080e-01 6.372000e-03 1.301200e-01
395 8.637960e-01 6.252000e-03 1.299520e-01
396 8.639720e-01 6.292000e-03 1.297360e-01
397 8.642000e-01 6.256000e-03 1.295440e-01
398 8.643920e-01 6.208000e-03 1.294000e-01
399 8.644480e-01 6.204000e-03 1.293480e-01
400 8.645760e-01 6.300000e-03 1.291240e-01
401 8.647880e-01 6.364000e-03 1.288480e-01
402 8.649480e-01 6.476000e-03 1.285760e-01
403 8.651000e-01 6.584000e-03 1.283160e-01
404 8.652040e-01 6.536000e-03 1.282600e-01
405 8.655600e-01 6.372000e-03 1.280680e-01
406 8.656440e-01 6.436000e-03 1.279200e-01
407 8.657320e-01 6.596000e-03 1.276720e-01
408 8.659800e-01 6.520000e-03 1.275000e-01
409 8.660120e-01 6.544000e-03 1.274440e-01
410 8.660520e-01 6.492000e-03 1.274560e-01
411 8.660360e-01 6.596000e-03 1.273680e-01
412 8.661680e-01 6.544000e-03 1.272880e-01
413 8.662680e-01 6.644000e-03 1.270880e-01
414 8.664680e-01 6.584000e-03 1.269480e-01
415 8.665640e-01 6.652000e-03 1.267840e-01
416 8.666480e-01 6.524000e-03 1.268280e-01
417 8.668920e-01 6.400000e-03 1.267080e-01
418 8.670600e-01 6.324000e-03 1.266160e-01
419 8.673960e-01 6.224000e-03 1.263800e-01
420 8.674440e-01 6.240000e-03 1.263160e-01
421 8.674440e-01 6.380000e-03 1.261760e-01
422 8.676680e-01 6.380000e-03 1.259520e-01
423 8.678560e-01 6.208000e-03 1.259360e-01
424 8.680880e-01 6.152000e-03 1.257600e-01
425 8.682200e-01 6.036000e-03 1.257440e-01
426 8.684840e-01 6.116000e-03 1.254000e-01
427 8.685520e-01 6.068000e-03 1.253800e-01
428 8.687840e-01 6.008000e-03 1.252080e-01
429 8.688360e-01 6.252000e-03 1.249120e-01
430 8.688120e-01 6.376000e-03 1.248120e-01
431 8.689080e-01 6.432000e-03 1.246600e-01
432 8.690320e-01 6.404000e-03 1.245640e-01
433 8.692600e-01 6.396000e-03 1.243440e-01
434 8.693920e-01 6.360000e-03 1.242480e-01
435 8.695880e-01 6.276000e-03 1.241360e-01
436 8.698040e-01 6.276000e-03 1.239200e-01
437 8.699720e-01 6.292000e-03 1.237360e-01
438 8.702680e-01 6.148000e-03 1.235840e-01
439 8.705040e-01 6.176000e-03 1.233200e-01
440 8.707880e-01 6.100000e-03 1.231120e-01
441 8.709760e-01 6.116000e-03 1.229080e-01
442 8.711760e-01 6.096000e-03 1.227280e-01
443 8.715560e-01 6.020000e-03 1.224240e-01
444 8.717160e-01 6.084000e-03 1.222000e-01
445 8.717920e-01 6.184000e-03 1.220240e-01
446 8.719520e-01 6.180000e-03 1.218680e-01
447 8.721880e-01 6.172000e-03 1.216400e-01
448 8.722720e-01 6.272000e-03 1.214560e-01
449 8.723880e-01 6.268000e-03 1.213440e-01
450 8.723360e-01 6.232000e-03 1.214320e-01
451 8.725480e-01 6.080000e-03 1.213720e-01
452 8.726560e-01 6.088000e-03 1.212560e-01
453 8.728960e-01 6.000000e-03 1.211040e-01
454 8.731560e-01 5.940000e-03 1.209040e-01
455 8.732360e-01 5.992000e-03 1.207720e-01
456 8.734280e-01 5.952000e-03 1.206200e-01
457 8.737480e-01 5.756000e-03 1.204960e-01
458 8.739840e-01 5.616000e-03 1.204000e-01
459 8.741400e-01 5.652000e-03 1.202080e-01
460 8.744880e-01 5.464000e-03 1.200480e-01
461 8.748080e-01 5.304000e-03 1.198880e-01
462 8.752360e-01 5.164000e-03 1.196000e-01
463 8.754920e-01 5.152000e-03 1.193560e-01
464 8.756960e-01 5.280000e-03 1.190240e-01
465 8.759920e-01 5.344000e-03 1.186640e-01
466 8.764160e-01 5.116000e-03 1.184680e-01
467 8.767160e-01 5.128000e-03 1.181560e-01
468 8.768920e-01 5.140000e-03 1.179680e-01
469 8.772040e-01 5.076000e-03 1.177200e-01
470 8.773920e-01 5.076000e-03 1.175320e-01
471 8.776680e-01 5.108000e-03 1.172240e-01
472 8.779040e-01 5.096000e-03 1.170000e-01
473 8.782960e-01 5.088000e-03 1.166160e-01
474 8.784040e-01 5.312000e-03 1.162840e-01
475 8.785600e-01 5.408000e-03 1.160320e-01
476 8.788520e-01 5.312000e-03 1.158360e-01
477 8.791920e-01 5.228000e-03 1.155800e-01
478 8.793800e-01 5.224000e-03 1.153960e-01
479 8.795720e-01 5.236000e-03 1.151920e-01
480 8.797360e-01 5.276000e-03 1.149880e-01
481 8.798840e-01 5.332000e-03 1.147840e-01
482 8.800480e-01 5.396000e-03 1.145560e-01
483 8.803320e-01 5.380000e-03 1.142880e-01
484 8.804560e-01 5.500000e-03 1.140440e-01
485 8.808360e-01 5.480000e-03 1.136840e-01
486 8.809880e-01 5.400000e-03 1.136120e-01
487 8.811120e-01 5.436000e-03 1.134520e-01
488 8.811440e-01 5.576000e-03 1.132800e-01
489 8.813000e-01 5.660000e-03 1.130400e-01
490 8.814000e-01 5.608000e-03 1.129920e-01
491 8.815720e-01 5.596000e-03 1.128320e-01
492 8.818760e-01 5.488000e-03 1.126360e-01
493 8.818720e-01 5.492000e-03 1.126360e-01
494 8.821840e-01 5.456000e-03 1.123600e-01
495 8.824120e-01 5.536000e-03 1.120520e-01
496 8.826520e-01 5.416000e-03 1.119320e-01
497 8.828080e-01 5.408000e-03 1.117840e-01
498 8.829680e-01 5.436000e-03 1.115960e-01
499 8.832320e-01 5.364000e-03 1.114040e-01
500 8.835040e-01 5.268000e-03 1.112280e-01
501 8.836800e-01 5.252000e-03 1.110680e-01
502 8.839800e-01 5.224000e-03 1.107960e-01
503 8.843400e-01 5.052000e-03 1.106080e-01
504 8.845760e-01 5.016000e-03 1.104080e-01
505 8.848760e-01 4.828000e-03 1.102960e-01
506 8.852680e-01 4.728000e-03 1.100040e-01
507 8.855720e-01 4.668000e-03 1.097600e-01
508 8.859040e-01 4.648000e-03 1.094480e-01
509 8.862400e-01 4.624000e-03 1.091360e-01
510 8.864920e-01 4.588000e-03 1.089200e-01
511 8.869720e-01 4.532000e-03 1.084960e-01
512 8.872720e-01 4.548000e-03 1.081800e-01
513 8.875600e-01 4.596000e-03 1.078440e-01
514 8.878920e-01 4.644000e-03 1.074640e-01
515 8.881400e-01 4.616000e-03 1.072440e-01
516 8.883480e-01 4.584000e-03 1.070680e-01
517 8.885800e-01 4.564000e-03 1.068560e-01
518 8.888680e-01 4.612000e-03 1.065200e-01
519 8.892120e-01 4.516000e-03 1.062720e-01
520 8.893440e-01 4.512000e-03 1.061440e-01
521 8.895600e-01 4.488000e-03 1.059520e-01
522 8.898760e-01 4.432000e-03 1.056920e-01
523 8.902760e-01 4.280000e-03 1.054440e-01
524 8.905920e-01 4.224000e-03 1.051840e-01
525 8.907960e-01 4.268000e-03 1.049360e-01
526 8.911440e-01 4.224000e-03 1.046320e-01
527 8.914760e-01 4.328000e-03 1.041960e-01
528 8.917240e-01 4.292000e-03 1.039840e-01
529 8.919920e-01 4.276000e-03 1.037320e-01
530 8.924040e-01 4.292000e-03 1.033040e-01
531 8.925160e-01 4.284000e-03 1.032000e-01
532 8.926880e-01 4.308000e-03 1.030040e-01
533 8.929680e-01 4.216000e-03 1.028160e-01
534 8.933280e-01 4.136000e-03 1.025360e-01
535 8.937840e-01 4.020000e-03 1.021960e-01
536 8.940600e-01 4.064000e-03 1.018760e-01
537 8.943520e-01 4.048000e-03 1.016000e-01
538 8.947280e-01 4.020000e-03 1.012520e-01
539 8.950520e-01 4.008000e-03 1.009400e-01
540 8.954840e-01 3.820000e-03 1.006960e-01
541 8.958600e-01 3.740000e-03 1.004000e-01
542 8.961640e-01 3.752000e-03 1.000840e-01
543 8.964600e-01 3.808000e-03 9.973200e-02
544 8.966920e-01 3.832000e-03 9.947600e-02
545 8.968360e-01 3.872000e-03 9.929200e-02
546 8.969320e-01 4.096000e-03 9.897200e-02
547 8.973160e-01 4.008000e-03 9.867600e-02
548 8.974520e-01 4.108000e-03 9.844000e-02
549 8.977880e-01 4.076000e-03 9.813600e-02
550 8.979360e-01 4.100000e-03 9.796400e-02
551 8.981320e-01 4.084000e-03 9.778400e-02
552 8.983640e-01 4.036000e-03 9.760000e-02
553 8.986160e-01 4.004000e-03 9.738000e-02
554 8.990080e-01 3.848000e-03 9.714400e-02
555 8.993480e-01 3.824000e-03 9.682800e-02
556 8.997000e-01 3.736000e-03 9.656400e-02
557 8.998920e-01 3.736000e-03 9.637200e-02
558 9.001840e-01 3.712000e-03 9.610400e-02
559 9.004320e-01 3.688000e-03 9.588000e-02
560 9.006320e-01 3.748000e-03 9.562000e-02
561 9.009280e-01 3.764000e-03 9.530800e-02
562 9.012800e-01 3.800000e-03 9.492000e-02
563 9.016320e-01 3.652000e-03 9.471600e-02
564 9.019000e-01 3.640000e-03 9.446000e-02
565 9.023000e-01 3.536000e-03 9.416400e-02
566 9.025720e-01 3.536000e-03 9.389200e-02
567 9.028000e-01 3.504000e-03 9.369600e-02
568 9.029960e-01 3.528000e-03 9.347600e-02
569 9.031760e-01 3.548000e-03 9.327600e-02
570 9.034240e-01 3.568000e-03 9.300800e-02
571 9.037320e-01 3.404000e-03 9.286400e-02
572 9.040280e-01 3.324000e-03 9.264800e-02
573 9.044360e-01 3.336000e-03 9.222800e-02
574 9.047120e-01 3.344000e-03 9.194400e-02
575 9.050080e-01 3.264000e-03 9.172800e-02
576 9.055080e-01 3.108000e-03 9.138400e-02
577 9.058240e-01 3.064000e-03 9.111200e-02
578 9.061440e-01 2.932000e-03 9.092400e-02
579 9.066560e-01 2.880000e-03 9.046400e-02
580 9.068840e-01 3.032000e-03 9.008400e-02
581 9.072560e-01 3.112000e-03 8.963200e-02
582 9.076240e-01 3.000000e-03 8.937600e-02
583 9.080320e-01 3.048000e-03 8.892000e-02
584 9.084520e-01 2.980000e-03 8.856800e-02
585 9.088440e-01 2.864000e-03 8.829200e-02
586 9.092680e-01 2.804000e-03 8.792800e-02
587 9.096720e-01 2.748000e-03 8.758000e-02
588 9.101000e-01 2.728000e-03 8.717200e-02
589 9.103920e-01 2.712000e-03 8.689600e-02
590 9.107600e-01 2.584000e-03 8.665600e-02
591 9.110960e-01 2.636000e-03 8.626800e-02
592 9.114640e-01 2.604000e-03 8.593200e-02
593 9.117640e-01 2.704000e-03 8.553200e-02
594 9.121520e-01 2.660000e-03 8.518800e-02
595 9.125160e-01 2.600000e-03 8.488400e-02
596 9.130000e-01 2.556000e-03 8.444400e-02
597 9.133200e-01 2.560000e-03 8.412000e-02
598 9.136760e-01 2.632000e-03 8.369200e-02
599 9.140080e-01 2.692000e-03 8.330000e-02
600 9.143680e-01 2.636000e-03 8.299600e-02
601 9.147480e-01 2.696000e-03 8.255600e-02
602 9.151480e-01 2.664000e-03 8.218800e-02
603 9.153880e-01 2.656000e-03 8.195600e-02
604 9.157480e-01 2.624000e-03 8.162800e-02
605 9.161200e-01 2.600000e-03 8.128000e-02
606 9.163160e-01 2.628000e-03 8.105600e-02
607 9.165880e-01 2.684000e-03 8.072800e-02
608 9.168560e-01 2.716000e-03 8.042800e-02
609 9.172920e-01 2.752000e-03 7.995600e-02
610 9.175440e-01 2.792000e-03 7.966400e-02
611 9.178320e-01 2.788000e-03 7.938000e-02
612 9.180720e-01 2.832000e-03 7.909600e-02
613 9.183840e-01 2.948000e-03 7.866800e-02
614 9.186400e-01 2.940000e-03 7.842000e-02
615 9.188600e-01 2.956000e-03 7.818400e-02
616 9.190360e-01 2.992000e-03 7.797200e-02
617 9.192720e-01 3.020000e-03 7.770800e-02
618 9.195040e-01 3.128000e-03 7.736800e-02
619 9.196800e-01 3.112000e-03 7.720800e-02
620 9.199880e-01 3.012000e-03 7.700000e-02
621 9.203000e-01 2.872000e-03 7.682800e-02
622 9.206200e-01 2.832000e-03 7.654800e-02
623 9.208480e-01 2.804000e-03 7.634800e-02
624 9.211320e-01 2.792000e-03 7.607600e-02
625 9.214760e-01 2.748000e-03 7.577600e-02
626 9.217160e-01 2.748000e-03 7.553600e-02
627 9.219440e-01 2.840000e-03 7.521600e-02
628 9.220840e-01 2.852000e-03 7.506400e-02
629 9.223080e-01 2.800000e-03 7.489200e-02
630 9.225320e-01 2.724000e-03 7.474400e-02
631 9.227840e-01 2.716000e-03 7.450000e-02
632 9.231800e-01 2.536000e-03 7.428400e-02
633 9.235960e-01 2.408000e-03 7.399600e-02
634 9.239920e-01 2.360000e-03 7.364800e-02
635 9.242800e-01 2.328000e-03 7.339200e-02
636 9.245440e-01 2.344000e-03 7.311200e-02
637 9.250040e-01 2.380000e-03 7.261600e-02
638 9.252640e-01 2.468000e-03 7.226800e-02
639 9.254480e-01 2.544000e-03 7.200800e-02
640 9.257160e-01 2.560000e-03 7.172400e-02
641 9.258480e-01 2.696000e-03 7.145600e-02
642 9.261360e-01 2.704000e-03 7.116000e-02
643 9.263880e-01 2.728000e-03 7.088400e-02
644 9.266040e-01 2.776000e-03 7.062000e-02
645 9.267800e-01 2.888000e-03 7.033200e-02
646 9.270200e-01 2.892000e-03 7.008800e-02
647 9.272960e-01 2.956000e-03 6.974800e-02
648 9.275160e-01 2.884000e-03 6.960000e-02
649 9.277400e-01 2.736000e-03 6.952400e-02
650 9.279080e-01 2.764000e-03 6.932800e-02
651 9.280400e-01 2.820000e-03 6.914000e-02
652 9.282640e-01 2.852000e-03 6.888400e-02
653 9.284680e-01 2.808000e-03 6.872400e-02
654 9.287320e-01 2.788000e-03 6.848000e-02
655 9.289760e-01 2.764000e-03 6.826000e-02
656 9.291160e-01 2.792000e-03 6.809200e-02
657 9.292640e-01 2.800000e-03 6.793600e-02
658 9.293800e-01 2.800000e-03 6.782000e-02
659 9.295840e-01 2.840000e-03 6.757600e-02
660 9.297600e-01 2.848000e-03 6.739200e-02
661 9.300600e-01 2.856000e-03 6.708400e-02
662 9.302560e-01 2.788000e-03 6.695600e-02
663 9.305120e-01 2.764000e-03 6.672400e-02
664 9.308320e-01 2.636000e-03 6.653200e-02
665 9.311040e-01 2.572000e-03 6.632400e-02
666 9.314360e-01 2.508000e-03 6.605600e-02
667 9.317360e-01 2.436000e-03 6.582800e-02
668 9.320440e-01 2.384000e-03 6.557200e-02
669 9.322000e-01 2.420000e-03 6.538000e-02
670 9.324600e-01 2.396000e-03 6.514400e-02
671 9.326280e-01 2.364000e-03 6.500800e-02
672 9.329400e-01 2.380000e-03 6.468000e-02
673 9.331120e-01 2.380000e-03 6.450800e-02
674 9.333280e-01 2.460000e-03 6.421200e-02
675 9.334760e-01 2.432000e-03 6.409200e-02
676 9.335360e-01 2.500000e-03 6.396400e-02
677 9.337000e-01 2.496000e-03 6.380400e-02
678 9.338200e-01 2.564000e-03 6.361600e-02
679 9.339680e-01 2.560000e-03 6.347200e-02
680 9.342040e-01 2.540000e-03 6.325600e-02
681 9.343800e-01 2.504000e-03 6.311600e-02
682 9.346560e-01 2.464000e-03 6.288000e-02
683 9.349440e-01 2.444000e-03 6.261200e-02
684 9.351600e-01 2.404000e-03 6.243600e-02
685 9.354680e-01 2.336000e-03 6.219600e-02
686 9.356040e-01 2.452000e-03 6.194400e-02
687 9.357240e-01 2.436000e-03 6.184000e-02
688 9.358640e-01 2.416000e-03 6.172000e-02
689 9.360400e-01 2.400000e-03 6.156000e-02
690 9.362280e-01 2.500000e-03 6.127200e-02
691 9.365000e-01 2.428000e-03 6.107200e-02
692 9.365000e-01 2.504000e-03 6.099600e-02
693 9.366320e-01 2.512000e-03 6.085600e-02
694 9.367440e-01 2.580000e-03 6.067600e-02
695 9.369080e-01 2.616000e-03 6.047600e-02
696 9.369640e-01 2.740000e-03 6.029600e-02
697 9.370600e-01 2.788000e-03 6.015200e-02
698 9.372720e-01 2.724000e-03 6.000400e-02
699 9.373200e-01 2.788000e-03 5.989200e-02
700 9.374760e-01 2.784000e-03 5.974000e-02
701 9.376000e-01 2.788000e-03 5.961200e-02
702 9.377120e-01 2.708000e-03 5.958000e-02
703 9.377600e-01 2.796000e-03 5.944400e-02
704 9.379560e-01 2.720000e-03 5.932400e-02
705 9.379400e-01 2.764000e-03 5.929600e-02
706 9.380720e-01 2.680000e-03 5.924800e-02
707 9.381680e-01 2.640000e-03 5.919200e-02
708 9.382440e-01 2.696000e-03 5.906000e-02
709 9.384320e-01 2.676000e-03 5.889200e-02
710 9.384400e-01 2.732000e-03 5.882800e-02
711 9.385240e-01 2.784000e-03 5.869200e-02
712 9.386240e-01 2.824000e-03 5.855200e-02
713 9.387080e-01 2.860000e-03 5.843200e-02
714 9.387320e-01 2.952000e-03 5.831600e-02
715 9.386280e-01 3.040000e-03 5.833200e-02
716 9.387240e-01 2.988000e-03 5.828800e-02
717 9.387800e-01 3.012000e-03 5.820800e-02
718 9.388200e-01 3.068000e-03 5.811200e-02
719 9.388920e-01 3.088000e-03 5.802000e-02
720 9.388240e-01 3.092000e-03 5.808400e-02
721 9.389520e-01 3.048000e-03 5.800000e-02
722 9.389880e-01 3.012000e-03 5.800000e-02
723 9.390920e-01 2.972000e-03 5.793600e-02
724 9.392800e-01 2.904000e-03 5.781600e-02
725 9.393360e-01 2.904000e-03 5.776000e-02
726 9.394360e-01 2.896000e-03 5.766800e-02
727 9.396440e-01 2.748000e-03 5.760800e-02
728 9.398560e-01 2.720000e-03 5.742400e-02
729 9.400160e-01 2.756000e-03 5.722800e-02
730 9.401280e-01 2.748000e-03 5.712400e-02
731 9.403800e-01 2.600000e-03 5.702000e-02
732 9.404960e-01 2.564000e-03 5.694000e-02
733 9.406960e-01 2.516000e-03 5.678800e-02
734 9.407480e-01 2.572000e-03 5.668000e-02
735 9.407840e-01 2.544000e-03 5.667200e-02
736 9.408360e-01 2.504000e-03 5.666000e-02
737 9.409320e-01 2.488000e-03 5.658000e-02
738 9.411920e-01 2.448000e-03 5.636000e-02
739 9.412120e-01 2.516000e-03 5.627200e-02
740 9.413440e-01 2.500000e-03 5.615600e-02
741 9.414560e-01 2.576000e-03 5.596800e-02
742 9.415360e-01 2.644000e-03 5.582000e-02
743 9.416520e-01 2.600000e-03 5.574800e-02
744 9.417840e-01 2.620000e-03 5.559600e-02
745 9.418480e-01 2.652000e-03 5.550000e-02
746 9.420000e-01 2.576000e-03 5.542400e-02
747 9.420360e-01 2.604000e-03 5.536000e-02
748 9.422280e-01 2.492000e-03 5.528000e-02
749 9.423480e-01 2.424000e-03 5.522800e-02
750 9.424800e-01 2.388000e-03 5.513200e-02
751 9.425920e-01 2.396000e-03 5.501200e-02
752 9.427560e-01 2.348000e-03 5.489600e-02
753 9.428320e-01 2.420000e-03 5.474800e-02
754 9.428240e-01 2.456000e-03 5.472000e-02
755 9.428800e-01 2.420000e-03 5.470000e-02
756 9.429680e-01 2.448000e-03 5.458400e-02
757 9.429720e-01 2.504000e-03 5.452400e-02
758 9.429760e-01 2.592000e-03 5.443200e-02
759 9.431720e-01 2.608000e-03 5.422000e-02
760 9.432880e-01 2.620000e-03 5.409200e-02
761 9.434720e-01 2.520000e-03 5.400800e-02
762 9.434760e-01 2.564000e-03 5.396000e-02
763 9.434960e-01 2.580000e-03 5.392400e-02
764 9.435800e-01 2.572000e-03 5.384800e-02
765 9.435840e-01 2.508000e-03 5.390800e-02
766 9.437160e-01 2.532000e-03 5.375200e-02
767 9.437480e-01 2.500000e-03 5.375200e-02
768 9.439200e-01 2.440000e-03 5.364000e-02
769 9.439760e-01 2.524000e-03 5.350000e-02
770 9.440480e-01 2.560000e-03 5.339200e-02
771 9.440360e-01 2.696000e-03 5.326800e-02
772 9.440360e-01 2.808000e-03 5.315600e-02
773 9.441920e-01 2.624000e-03 5.318400e-02
774 9.442840e-01 2.548000e-03 5.316800e-02
775 9.442880e-01 2.628000e-03 5.308400e-02
776 9.442800e-01 2.680000e-03 5.304000e-02
777 9.443240e-01 2.688000e-03 5.298800e-02
778 9.444000e-01 2.760000e-03 5.284000e-02
779 9.445120e-01 2.672000e-03 5.281600e-02
780 9.446960e-01 2.556000e-03 5.274800e-02
781 9.447520e-01 2.548000e-03 5.270000e-02
782 9.448360e-01 2.588000e-03 5.257600e-02
783 9.448680e-01 2.536000e-03 5.259600e-02
784 9.449440e-01 2.472000e-03 5.258400e-02
785 9.450600e-01 2.512000e-03 5.242800e-02
786 9.451480e-01 2.492000e-03 5.236000e-02
787 9.451240e-01 2.588000e-03 5.228800e-02
788 9.451960e-01 2.580000e-03 5.222400e-02
789 9.452880e-01 2.640000e-03 5.207200e-02
790 9.453960e-01 2.640000e-03 5.196400e-02
791 9.454760e-01 2.636000e-03 5.188800e-02
792 9.456600e-01 2.592000e-03 5.174800e-02
793 9.457920e-01 2.540000e-03 5.166800e-02
794 9.459960e-01 2.544000e-03 5.146000e-02
795 9.459960e-01 2.584000e-03 5.142000e-02
796 9.460080e-01 2.644000e-03 5.134800e-02
797 9.460720e-01 2.660000e-03 5.126800e-02
798 9.461560e-01 2.616000e-03 5.122800e-02
799 9.461960e-01 2.620000e-03 5.118400e-02
800 9.463360e-01 2.556000e-03 5.110800e-02
801 9.464760e-01 2.520000e-03 5.100400e-02
802 9.466280e-01 2.448000e-03 5.092400e-02
803 9.466600e-01 2.452000e-03 5.088800e-02
804 9.468040e-01 2.404000e-03 5.079200e-02
805 9.468440e-01 2.376000e-03 5.078000e-02
806 9.468680e-01 2.404000e-03 5.072800e-02
807 9.470480e-01 2.464000e-03 5.048800e-02
808 9.470960e-01 2.624000e-03 5.028000e-02
809 9.470800e-01 2.624000e-03 5.029600e-02
810 9.469520e-01 2.704000e-03 5.034400e-02
811 9.469560e-01 2.688000e-03 5.035600e-02
812 9.469800e-01 2.656000e-03 5.036400e-02
813 9.469480e-01 2.712000e-03 5.034000e-02
814 9.469200e-01 2.736000e-03 5.034400e-02
815 9.469800e-01 2.708000e-03 5.031200e-02
816 9.469600e-01 2.776000e-03 5.026400e-02
817 9.470200e-01 2.800000e-03 5.018000e-02
818 9.469960e-01 2.832000e-03 5.017200e-02
819 9.469680e-01 2.864000e-03 5.016800e-02
820 9.470480e-01 2.816000e-03 5.013600e-02
821 9.471800e-01 2.768000e-03 5.005200e-02
822 9.471960e-01 2.724000e-03 5.008000e-02
823 9.472680e-01 2.664000e-03 5.006800e-02
824 9.472920e-01 2.644000e-03 5.006400e-02
825 9.473960e-01 2.616000e-03 4.998800e-02
826 9.474160e-01 2.628000e-03 4.995600e-02
827 9.474560e-01 2.588000e-03 4.995600e-02
828 9.475320e-01 2.636000e-03 4.983200e-02
829 9.475720e-01 2.588000e-03 4.984000e-02
830 9.476880e-01 2.600000e-03 4.971200e-02
831 9.476560e-01 2.620000e-03 4.972400e-02
832 9.476280e-01 2.692000e-03 4.968000e-02
833 9.476480e-01 2.648000e-03 4.970400e-02
834 9.477640e-01 2.640000e-03 4.959600e-02
835 9.478360e-01 2.552000e-03 4.961200e-02
836 9.479560e-01 2.520000e-03 4.952400e-02
837 9.479600e-01 2.528000e-03 4.951200e-02
838 9.479480e-01 2.608000e-03 4.944400e-02
839 9.480040e-01 2.584000e-03 4.941200e-02
840 9.480800e-01 2.536000e-03 4.938400e-02
841 9.480800e-01 2.504000e-03 4.941600e-02
842 9.481760e-01 2.536000e-03 4.928800e-02
843 9.482360e-01 2.636000e-03 4.912800e-02
844 9.482320e-01 2.576000e-03 4.919200e-02
845 9.482520e-01 2.624000e-03 4.912400e-02
846 9.483720e-01 2.476000e-03 4.915200e-02
847 9.484000e-01 2.464000e-03 4.913600e-02
848 9.484680e-01 2.464000e-03 4.906800e-02
849 9.485800e-01 2.524000e-03 4.889600e-02
850 9.486720e-01 2.484000e-03 4.884400e-02
851 9.487080e-01 2.432000e-03 4.886000e-02
852 9.487120e-01 2.360000e-03 4.892800e-02
853 9.487360e-01 2.456000e-03 4.880800e-02
854 9.488000e-01 2.544000e-03 4.865600e-02
855 9.487840e-01 2.600000e-03 4.861600e-02
856 9.488640e-01 2.656000e-03 4.848000e-02
857 9.488320e-01 2.768000e-03 4.840000e-02
858 9.488960e-01 2.704000e-03 4.840000e-02
859 9.488840e-01 2.748000e-03 4.836800e-02
860 9.487680e-01 2.848000e-03 4.838400e-02
861 9.486880e-01 2.848000e-03 4.846400e-02
862 9.486520e-01 2.876000e-03 4.847200e-02
863 9.485400e-01 2.956000e-03 4.850400e-02
864 9.483960e-01 3.132000e-03 4.847200e-02
865 9.483240e-01 3.124000e-03 4.855200e-02
866 9.482760e-01 3.056000e-03 4.866800e-02
867 9.483040e-01 3.048000e-03 4.864800e-02
868 9.482080e-01 3.136000e-03 4.865600e-02
869 9.481880e-01 3.104000e-03 4.870800e-02
870 9.480560e-01 3.084000e-03 4.886000e-02
871 9.480080e-01 3.124000e-03 4.886800e-02
872 9.479640e-01 3.192000e-03 4.884400e-02
873 9.479400e-01 3.208000e-03 4.885200e-02
874 9.478400e-01 3.292000e-03 4.886800e-02
875 9.477520e-01 3.308000e-03 4.894000e-02
876 9.476560e-01 3.372000e-03 4.897200e-02
877 9.475040e-01 3.304000e-03 4.919200e-02
878 9.474280e-01 3.300000e-03 4.927200e-02
879 9.473960e-01 3.284000e-03 4.932000e-02
880 9.474200e-01 3.216000e-03 4.936400e-02
881 9.472920e-01 3.320000e-03 4.938800e-02
882 9.471800e-01 3.272000e-03 4.954800e-02
883 9.471800e-01 3.204000e-03 4.961600e-02
884 9.472480e-01 3.152000e-03 4.960000e-02
885 9.471720e-01 3.208000e-03 4.962000e-02
886 9.471040e-01 3.172000e-03 4.972400e-02
887 9.471040e-01 3.112000e-03 4.978400e-02
888 9.471640e-01 3.044000e-03 4.979200e-02
889 9.470920e-01 3.100000e-03 4.980800e-02
890 9.470160e-01 3.248000e-03 4.973600e-02
891 9.469400e-01 3.344000e-03 4.971600e-02
892 9.470120e-01 3.300000e-03 4.968800e-02
893 9.471240e-01 3.176000e-03 4.970000e-02
894 9.470800e-01 3.124000e-03 4.979600e-02
895 9.470720e-01 3.152000e-03 4.977600e-02
896 9.470160e-01 3.120000e-03 4.986400e-02
897 9.470680e-01 3.128000e-03 4.980400e-02
898 9.470440e-01 3.108000e-03 4.984800e-02
899 9.470520e-01 3.088000e-03 4.986000e-02
900 9.470760e-01 3.064000e-03 4.986000e-02
901 9.470640e-01 3.136000e-03 4.980000e-02
902 9.469680e-01 3.164000e-03 4.986800e-02
903 9.467800e-01 3.260000e-03 4.996000e-02
904 9.465560e-01 3.284000e-03 5.016000e-02
905 9.463840e-01 3.372000e-03 5.024400e-02
906 9.463040e-01 3.436000e-03 5.026000e-02
907 9.462200e-01 3.484000e-03 5.029600e-02
908 9.460400e-01 3.540000e-03 5.042000e-02
909 9.460960e-01 3.464000e-03 5.044000e-02
910 9.460120e-01 3.416000e-03 5.057200e-02
911 9.460120e-01 3.308000e-03 5.068000e-02
912 9.460160e-01 3.312000e-03 5.067200e-02
913 9.459480e-01 3.192000e-03 5.086000e-02
914 9.458960e-01 3.148000e-03 5.095600e-02
915 9.460440e-01 3.064000e-03 5.089200e-02
916 9.460160e-01 3.092000e-03 5.089200e-02
917 9.460160e-01 2.992000e-03 5.099200e-02
918 9.459520e-01 3.000000e-03 5.104800e-02
919 9.460080e-01 2.948000e-03 5.104400e-02
920 9.460560e-01 2.796000e-03 5.114800e-02
921 9.461320e-01 2.652000e-03 5.121600e-02
922 9.462320e-01 2.668000e-03 5.110000e-02
923 9.464400e-01 2.528000e-03 5.103200e-02
924 9.465200e-01 2.532000e-03 5.094800e-02
925 9.467080e-01 2.548000e-03 5.074400e-02
926 9.468800e-01 2.468000e-03 5.065200e-02
927 9.470240e-01 2.484000e-03 5.049200e-02
928 9.471680e-01 2.440000e-03 5.039200e-02
929 9.473520e-01 2.360000e-03 5.028800e-02
930 9.474720e-01 2.376000e-03 5.015200e-02
931 9.475840e-01 2.304000e-03 5.011200e-02
932 9.476160e-01 2.412000e-03 4.997200e-02
