1 9.992080e-01 7.080000e-04 8.400000e-05
2 9.987840e-01 9.440000e-04 2.720000e-04
3 9.981520e-01 1.348000e-03 5.000000e-04
4 9.974840e-01 1.772000e-03 7.440000e-04
5 9.967520e-01 2.128000e-03 1.120000e-03
6 9.960440e-01 2.436000e-03 1.520000e-03
7 9.953640e-01 2.740000e-03 1.896000e-03
8 9.945920e-01 3.108000e-03 2.300000e-03
9 9.937760e-01 3.368000e-03 2.856000e-03
10 9.928160e-01 3.708000e-03 3.476000e-03
11 9.919040e-01 3.924000e-03 4.172000e-03
12 9.909280e-01 4.172000e-03 4.900000e-03
13 9.899280e-01 4.472000e-03 5.600000e-03
14 9.890280e-01 4.544000e-03 6.428000e-03
15 9.880520e-01 4.724000e-03 7.224000e-03
16 9.873040e-01 4.636000e-03 8.060000e-03
17 9.863000e-01 5.052000e-03 8.648000e-03
18 9.850880e-01 5.500000e-03 9.412000e-03
19 9.839240e-01 5.880000e-03 1.019600e-02
20 9.828800e-01 5.996000e-03 1.112400e-02
21 9.818080e-01 6.084000e-03 1.210800e-02
22 9.805880e-01 6.384000e-03 1.302800e-02
23 9.793040e-01 6.732000e-03 1.396400e-02
24 9.780080e-01 6.956000e-03 1.503600e-02
25 9.767880e-01 6.996000e-03 1.621600e-02
26 9.755960e-01 7.120000e-03 1.728400e-02
27 9.742400e-01 7.372000e-03 1.838800e-02
28 9.729320e-01 7.752000e-03 1.931600e-02
29 9.715480e-01 7.856000e-03 2.059600e-02
30 9.701040e-01 8.168000e-03 2.172800e-02
31 9.687800e-01 8.368000e-03 2.285200e-02
32 9.674280e-01 8.640000e-03 2.393200e-02
33 9.661240e-01 8.720000e-03 2.515600e-02
34 9.647800e-01 8.856000e-03 2.636400e-02
35 9.633080e-01 8.980000e-03 2.771200e-02
36 9.618600e-01 9.332000e-03 2.880800e-02
37 9.604960e-01 9.296000e-03 3.020800e-02
38 9.591200e-01 9.492000e-03 3.138800e-02
39 9.576600e-01 9.496000e-03 3.284400e-02
40 9.562400e-01 9.588000e-03 3.417200e-02
41 9.549080e-01 9.672000e-03 3.542000e-02
42 9.534920e-01 9.876000e-03 3.663200e-02
43 9.521040e-01 9.992000e-03 3.790400e-02
44 9.507680e-01 1.010000e-02 3.913200e-02
45 9.492080e-01 1.022800e-02 4.056400e-02
46 9.480760e-01 1.001200e-02 4.191200e-02
47 9.465280e-01 1.038000e-02 4.309200e-02
48 9.451320e-01 1.039200e-02 4.447600e-02
49 9.437440e-01 1.056800e-02 4.568800e-02
50 9.423120e-01 1.062400e-02 4.706400e-02
51 9.406800e-01 1.095200e-02 4.836800e-02
52 9.392520e-01 1.099600e-02 4.975200e-02
53 9.379720e-01 1.095600e-02 5.107200e-02
54 9.366640e-01 1.089200e-02 5.244400e-02
55 9.352080e-01 1.100400e-02 5.378800e-02
56 9.339720e-01 1.093200e-02 5.509600e-02
57 9.326480e-01 1.095200e-02 5.640000e-02
58 9.313080e-01 1.095600e-02 5.773600e-02
59 9.299960e-01 1.108400e-02 5.892000e-02
60 9.287680e-01 1.113600e-02 6.009600e-02
61 9.275360e-01 1.109200e-02 6.137200e-02
62 9.262280e-01 1.116000e-02 6.261200e-02
63 9.249360e-01 1.116800e-02 6.389600e-02
64 9.236600e-01 1.124000e-02 6.510000e-02
65 9.223480e-01 1.134000e-02 6.631200e-02
66 9.212680e-01 1.144800e-02 6.728400e-02
67 9.199680e-01 1.146800e-02 6.856400e-02
68 9.185720e-01 1.177200e-02 6.965600e-02
69 9.172840e-01 1.190000e-02 7.081600e-02
70 9.157240e-01 1.233600e-02 7.194000e-02
71 9.142480e-01 1.230800e-02 7.344400e-02
72 9.128480e-01 1.252400e-02 7.462800e-02
73 9.116120e-01 1.256400e-02 7.582400e-02
74 9.102400e-01 1.242800e-02 7.733200e-02
75 9.089760e-01 1.241200e-02 7.861200e-02
76 9.076920e-01 1.224800e-02 8.006000e-02
77 9.062680e-01 1.238400e-02 8.134800e-02
78 9.050240e-01 1.252000e-02 8.245600e-02
79 9.036400e-01 1.256800e-02 8.379200e-02
80 9.023200e-01 1.267200e-02 8.500800e-02
81 9.011560e-01 1.268400e-02 8.616000e-02
82 9.000240e-01 1.245200e-02 8.752400e-02
83 8.989160e-01 1.237600e-02 8.870800e-02
84 8.979760e-01 1.221600e-02 8.980800e-02
85 8.970880e-01 1.201600e-02 9.089600e-02
86 8.961760e-01 1.193200e-02 9.189200e-02
87 8.951240e-01 1.198800e-02 9.288800e-02
88 8.941120e-01 1.189600e-02 9.399200e-02
89 8.930680e-01 1.196000e-02 9.497200e-02
90 8.919440e-01 1.196000e-02 9.609600e-02
91 8.905680e-01 1.221200e-02 9.722000e-02
92 8.895840e-01 1.210400e-02 9.831200e-02
93 8.883960e-01 1.231600e-02 9.928800e-02
94 8.874920e-01 1.212800e-02 1.003800e-01
95 8.864200e-01 1.232800e-02 1.012520e-01
96 8.855280e-01 1.220400e-02 1.022680e-01
97 8.845560e-01 1.219600e-02 1.032480e-01
98 8.835320e-01 1.209200e-02 1.043760e-01
99 8.826880e-01 1.204000e-02 1.052720e-01
100 8.819080e-01 1.191600e-02 1.061760e-01
101 8.810200e-01 1.175200e-02 1.072280e-01
102 8.802600e-01 1.192000e-02 1.078200e-01
103 8.795640e-01 1.170000e-02 1.087360e-01
104 8.786720e-01 1.184000e-02 1.094880e-01
105 8.779160e-01 1.179200e-02 1.102920e-01
106 8.771760e-01 1.181200e-02 1.110120e-01
107 8.764720e-01 1.158400e-02 1.119440e-01
108 8.754960e-01 1.172400e-02 1.127800e-01
109 8.746800e-01 1.172800e-02 1.135920e-01
110 8.738520e-01 1.183200e-02 1.143160e-01
111 8.730640e-01 1.179600e-02 1.151400e-01
112 8.722240e-01 1.155600e-02 1.162200e-01
113 8.716480e-01 1.126800e-02 1.170840e-01
114 8.710160e-01 1.127600e-02 1.177080e-01
115 8.700880e-01 1.142800e-02 1.184840e-01
116 8.693000e-01 1.144400e-02 1.192560e-01
117 8.688280e-01 1.114000e-02 1.200320e-01
118 8.680600e-01 1.139200e-02 1.205480e-01
119 8.671760e-01 1.142400e-02 1.214000e-01
120 8.664240e-01 1.144400e-02 1.221320e-01
121 8.657040e-01 1.148800e-02 1.228080e-01
122 8.650400e-01 1.143600e-02 1.235240e-01
123 8.643520e-01 1.132000e-02 1.243280e-01
124 8.635080e-01 1.137200e-02 1.251200e-01
125 8.627560e-01 1.152400e-02 1.257200e-01
126 8.621360e-01 1.149600e-02 1.263680e-01
127 8.613840e-01 1.148000e-02 1.271360e-01
128 8.607640e-01 1.152000e-02 1.277160e-01
129 8.601760e-01 1.136400e-02 1.284600e-01
130 8.598240e-01 1.141200e-02 1.287640e-01
131 8.592520e-01 1.155600e-02 1.291920e-01
132 8.587360e-01 1.162400e-02 1.296400e-01
133 8.581560e-01 1.166000e-02 1.301840e-01
134 8.574720e-01 1.168800e-02 1.308400e-01
135 8.571760e-01 1.138800e-02 1.314360e-01
136 8.565960e-01 1.154400e-02 1.318600e-01
137 8.558240e-01 1.164400e-02 1.325320e-01
138 8.552920e-01 1.161200e-02 1.330960e-01
139 8.548680e-01 1.154400e-02 1.335880e-01
140 8.544480e-01 1.138800e-02 1.341640e-01
141 8.540040e-01 1.140400e-02 1.345920e-01
142 8.534840e-01 1.139600e-02 1.351200e-01
143 8.527080e-01 1.151200e-02 1.357800e-01
144 8.520040e-01 1.172000e-02 1.362760e-01
145 8.514440e-01 1.174800e-02 1.368080e-01
146 8.508520e-01 1.175600e-02 1.373920e-01
147 8.502440e-01 1.171600e-02 1.380400e-01
148 8.496320e-01 1.180800e-02 1.385600e-01
149 8.489440e-01 1.173200e-02 1.393240e-01
150 8.483400e-01 1.174800e-02 1.399120e-01
151 8.480280e-01 1.153200e-02 1.404400e-01
152 8.477920e-01 1.139200e-02 1.408160e-01
153 8.471280e-01 1.154000e-02 1.413320e-01
154 8.466960e-01 1.147200e-02 1.418320e-01
155 8.461480e-01 1.140800e-02 1.424440e-01
156 8.456440e-01 1.138800e-02 1.429680e-01
157 8.450560e-01 1.160000e-02 1.433440e-01
158 8.447400e-01 1.142800e-02 1.438320e-01
159 8.441440e-01 1.134000e-02 1.445160e-01
160 8.437320e-01 1.121200e-02 1.450560e-01
161 8.432240e-01 1.136400e-02 1.454120e-01
162 8.427000e-01 1.131600e-02 1.459840e-01
163 8.423720e-01 1.130000e-02 1.463280e-01
164 8.420760e-01 1.138000e-02 1.465440e-01
165 8.416600e-01 1.142400e-02 1.469160e-01
166 8.411760e-01 1.164000e-02 1.471840e-01
167 8.406480e-01 1.170400e-02 1.476480e-01
168 8.401120e-01 1.175600e-02 1.481320e-01
169 8.396160e-01 1.173600e-02 1.486480e-01
170 8.388880e-01 1.182800e-02 1.492840e-01
171 8.382760e-01 1.194400e-02 1.497800e-01
172 8.378920e-01 1.180800e-02 1.503000e-01
173 8.373040e-01 1.186800e-02 1.508280e-01
174 8.369080e-01 1.190400e-02 1.511880e-01
175 8.367280e-01 1.159600e-02 1.516760e-01
176 8.364040e-01 1.156000e-02 1.520360e-01
177 8.361680e-01 1.143600e-02 1.523960e-01
178 8.357320e-01 1.140000e-02 1.528680e-01
179 8.354640e-01 1.116000e-02 1.533760e-01
180 8.352320e-01 1.112000e-02 1.536480e-01
181 8.350120e-01 1.114800e-02 1.538400e-01
182 8.348520e-01 1.099200e-02 1.541560e-01
183 8.345480e-01 1.097200e-02 1.544800e-01
184 8.343120e-01 1.112400e-02 1.545640e-01
185 8.340920e-01 1.090400e-02 1.550040e-01
186 8.338840e-01 1.061200e-02 1.555040e-01
187 8.335680e-01 1.070000e-02 1.557320e-01
188 8.332560e-01 1.084400e-02 1.559000e-01
189 8.328080e-01 1.074000e-02 1.564520e-01
190 8.327120e-01 1.064800e-02 1.566400e-01
191 8.325960e-01 1.072000e-02 1.566840e-01
192 8.323960e-01 1.069600e-02 1.569080e-01
193 8.320600e-01 1.077200e-02 1.571680e-01
194 8.317480e-01 1.092800e-02 1.573240e-01
195 8.316160e-01 1.077200e-02 1.576120e-01
196 8.314280e-01 1.080000e-02 1.577720e-01
197 8.313640e-01 1.072400e-02 1.579120e-01
198 8.312400e-01 1.073200e-02 1.580280e-01
199 8.309320e-01 1.081200e-02 1.582560e-01
200 8.305520e-01 1.084000e-02 1.586080e-01
201 8.302400e-01 1.080800e-02 1.589520e-01
202 8.299200e-01 1.096800e-02 1.591120e-01
203 8.296000e-01 1.112400e-02 1.592760e-01
204 8.293400e-01 1.120000e-02 1.594600e-01
205 8.290120e-01 1.119600e-02 1.597920e-01
206 8.286520e-01 1.105600e-02 1.602920e-01
207 8.284040e-01 1.113600e-02 1.604600e-01
208 8.281920e-01 1.108000e-02 1.607280e-01
209 8.282080e-01 1.102800e-02 1.607640e-01
210 8.278400e-01 1.121600e-02 1.609440e-01
211 8.276160e-01 1.120000e-02 1.611840e-01
212 8.273480e-01 1.130400e-02 1.613480e-01
213 8.270000e-01 1.143200e-02 1.615680e-01
214 8.268120e-01 1.142800e-02 1.617600e-01
215 8.263080e-01 1.146000e-02 1.622320e-01
216 8.261440e-01 1.136000e-02 1.624960e-01
217 8.257040e-01 1.148400e-02 1.628120e-01
218 8.255840e-01 1.132400e-02 1.630920e-01
219 8.255600e-01 1.104000e-02 1.634000e-01
220 8.253560e-01 1.105600e-02 1.635880e-01
221 8.250680e-01 1.113600e-02 1.637960e-01
222 8.248200e-01 1.108400e-02 1.640960e-01
223 8.245880e-01 1.109200e-02 1.643200e-01
224 8.243600e-01 1.140000e-02 1.642400e-01
225 8.241640e-01 1.118800e-02 1.646480e-01
226 8.240120e-01 1.094000e-02 1.650480e-01
227 8.238760e-01 1.096400e-02 1.651600e-01
228 8.236320e-01 1.104800e-02 1.653200e-01
229 8.232840e-01 1.094000e-02 1.657760e-01
230 8.231680e-01 1.095600e-02 1.658760e-01
231 8.230280e-01 1.096000e-02 1.660120e-01
232 8.228640e-01 1.103600e-02 1.661000e-01
233 8.226360e-01 1.119200e-02 1.661720e-01
234 8.223480e-01 1.120000e-02 1.664520e-01
235 8.222600e-01 1.098800e-02 1.667520e-01
236 8.219840e-01 1.112400e-02 1.668920e-01
237 8.218640e-01 1.113200e-02 1.670040e-01
238 8.218080e-01 1.109200e-02 1.671000e-01
239 8.218720e-01 1.084800e-02 1.672800e-01
240 8.216560e-01 1.065200e-02 1.676920e-01
241 8.215760e-01 1.068800e-02 1.677360e-01
242 8.217240e-01 1.050000e-02 1.677760e-01
243 8.214160e-01 1.056400e-02 1.680200e-01
244 8.212400e-01 1.059600e-02 1.681640e-01
245 8.211720e-01 1.056400e-02 1.682640e-01
246 8.210560e-01 1.050800e-02 1.684360e-01
247 8.209600e-01 1.033200e-02 1.687080e-01
248 8.209720e-01 1.011600e-02 1.689120e-01
249 8.211440e-01 1.004000e-02 1.688160e-01
250 8.208800e-01 1.012800e-02 1.689920e-01
251 8.207720e-01 1.023200e-02 1.689960e-01
252 8.206240e-01 1.014000e-02 1.692360e-01
253 8.205040e-01 1.019200e-02 1.693040e-01
254 8.203480e-01 1.022800e-02 1.694240e-01
255 8.204600e-01 1.004000e-02 1.695000e-01
256 8.205000e-01 9.908000e-03 1.695920e-01
257 8.202880e-01 9.952000e-03 1.697600e-01
258 8.202000e-01 1.010800e-02 1.696920e-01
259 8.202520e-01 1.008800e-02 1.696600e-01
260 8.200200e-01 1.029600e-02 1.696840e-01
261 8.198320e-01 1.024800e-02 1.699200e-01
262 8.199480e-01 1.025200e-02 1.698000e-01
263 8.200840e-01 1.018800e-02 1.697280e-01
264 8.203080e-01 1.004400e-02 1.696480e-01
265 8.203000e-01 9.936000e-03 1.697640e-01
266 8.202600e-01 9.960000e-03 1.697800e-01
267 8.201480e-01 9.976000e-03 1.698760e-01
268 8.201720e-01 9.944000e-03 1.698840e-01
269 8.200360e-01 1.005200e-02 1.699120e-01
270 8.198880e-01 1.030400e-02 1.698080e-01
271 8.195000e-01 1.058000e-02 1.699200e-01
272 8.194080e-01 1.060000e-02 1.699920e-01
273 8.194160e-01 1.050400e-02 1.700800e-01
274 8.191160e-01 1.072000e-02 1.701640e-01
275 8.188680e-01 1.060400e-02 1.705280e-01
276 8.188720e-01 1.068400e-02 1.704440e-01
277 8.187160e-01 1.060000e-02 1.706840e-01
278 8.187160e-01 1.055200e-02 1.707320e-01
279 8.187160e-01 1.058800e-02 1.706960e-01
280 8.186400e-01 1.050400e-02 1.708560e-01
281 8.186920e-01 1.040000e-02 1.709080e-01
282 8.187800e-01 1.023600e-02 1.709840e-01
283 8.186160e-01 1.031200e-02 1.710720e-01
284 8.185720e-01 1.032800e-02 1.711000e-01
285 8.185560e-01 1.016000e-02 1.712840e-01
286 8.186000e-01 1.014400e-02 1.712560e-01
287 8.185560e-01 1.016400e-02 1.712800e-01
288 8.186080e-01 1.007200e-02 1.713200e-01
289 8.187680e-01 9.780000e-03 1.714520e-01
290 8.188560e-01 9.764000e-03 1.713800e-01
291 8.190520e-01 9.628000e-03 1.713200e-01
292 8.190840e-01 9.616000e-03 1.713000e-01
293 8.191200e-01 9.568000e-03 1.713120e-01
294 8.192760e-01 9.492000e-03 1.712320e-01
295 8.193040e-01 9.652000e-03 1.710440e-01
296 8.193600e-01 9.632000e-03 1.710080e-01
297 8.194840e-01 9.604000e-03 1.709120e-01
298 8.194960e-01 9.488000e-03 1.710160e-01
299 8.197280e-01 9.396000e-03 1.708760e-01
300 8.198880e-01 9.116000e-03 1.709960e-01
301 8.202160e-01 8.924000e-03 1.708600e-01
302 8.203360e-01 8.828000e-03 1.708360e-01
303 8.205680e-01 8.788000e-03 1.706440e-01
304 8.207760e-01 8.572000e-03 1.706520e-01
305 8.209080e-01 8.412000e-03 1.706800e-01
306 8.211760e-01 8.348000e-03 1.704760e-01
307 8.216040e-01 8.324000e-03 1.700720e-01
308 8.218120e-01 8.268000e-03 1.699200e-01
309 8.221160e-01 8.248000e-03 1.696360e-01
310 8.225160e-01 8.164000e-03 1.693200e-01
311 8.229520e-01 7.988000e-03 1.690600e-01
312 8.232400e-01 7.916000e-03 1.688440e-01
313 8.236400e-01 7.776000e-03 1.685840e-01
314 8.238560e-01 7.720000e-03 1.684240e-01
315 8.241920e-01 7.612000e-03 1.681960e-01
316 8.244160e-01 7.652000e-03 1.679320e-01
317 8.246400e-01 7.636000e-03 1.677240e-01
318 8.249200e-01 7.700000e-03 1.673800e-01
319 8.251800e-01 7.568000e-03 1.672520e-01
320 8.255440e-01 7.432000e-03 1.670240e-01
321 8.259200e-01 7.476000e-03 1.666040e-01
322 8.261960e-01 7.456000e-03 1.663480e-01
323 8.264880e-01 7.416000e-03 1.660960e-01
324 8.269640e-01 7.332000e-03 1.657040e-01
325 8.271720e-01 7.412000e-03 1.654160e-01
326 8.275520e-01 7.388000e-03 1.650600e-01
327 8.279680e-01 7.324000e-03 1.647080e-01
328 8.285320e-01 7.260000e-03 1.642080e-01
329 8.288800e-01 7.192000e-03 1.639280e-01
330 8.291560e-01 7.188000e-03 1.636560e-01
331 8.298080e-01 6.944000e-03 1.632480e-01
332 8.304160e-01 6.852000e-03 1.627320e-01
333 8.308240e-01 6.644000e-03 1.625320e-01
334 8.312680e-01 6.460000e-03 1.622720e-01
335 8.319640e-01 6.252000e-03 1.617840e-01
336 8.324280e-01 6.200000e-03 1.613720e-01
337 8.330040e-01 6.240000e-03 1.607560e-01
338 8.336480e-01 6.020000e-03 1.603320e-01
339 8.340640e-01 6.012000e-03 1.599240e-01
340 8.346280e-01 5.948000e-03 1.594240e-01
341 8.352800e-01 5.812000e-03 1.589080e-01
342 8.358560e-01 5.652000e-03 1.584920e-01
343 8.365080e-01 5.476000e-03 1.580160e-01
344 8.370680e-01 5.436000e-03 1.574960e-01
345 8.376800e-01 5.368000e-03 1.569520e-01
346 8.381840e-01 5.392000e-03 1.564240e-01
347 8.386720e-01 5.328000e-03 1.560000e-01
348 8.393800e-01 5.236000e-03 1.553840e-01
349 8.401840e-01 5.044000e-03 1.547720e-01
350 8.408480e-01 5.020000e-03 1.541320e-01
351 8.416320e-01 4.928000e-03 1.534400e-01
352 8.423720e-01 4.880000e-03 1.527480e-01
353 8.431200e-01 4.732000e-03 1.521480e-01
354 8.436760e-01 4.744000e-03 1.515800e-01
355 8.442840e-01 4.712000e-03 1.510040e-01
356 8.448080e-01 4.728000e-03 1.504640e-01
357 8.455160e-01 4.596000e-03 1.498880e-01
358 8.460040e-01 4.588000e-03 1.494080e-01
359 8.466080e-01 4.668000e-03 1.487240e-01
360 8.472280e-01 4.688000e-03 1.480840e-01
361 8.477880e-01 4.708000e-03 1.475040e-01
362 8.483480e-01 4.672000e-03 1.469800e-01
363 8.490480e-01 4.612000e-03 1.463400e-01
364 8.499600e-01 4.336000e-03 1.457040e-01
365 8.507840e-01 4.288000e-03 1.449280e-01
366 8.514840e-01 4.200000e-03 1.443160e-01
367 8.521160e-01 4.284000e-03 1.436000e-01
368 8.526040e-01 4.376000e-03 1.430200e-01
369 8.531000e-01 4.460000e-03 1.424400e-01
370 8.537520e-01 4.468000e-03 1.417800e-01
371 8.542000e-01 4.572000e-03 1.412280e-01
372 8.549520e-01 4.592000e-03 1.404560e-01
373 8.554120e-01 4.636000e-03 1.399520e-01
374 8.559320e-01 4.580000e-03 1.394880e-01
375 8.563360e-01 4.672000e-03 1.389920e-01
376 8.569600e-01 4.576000e-03 1.384640e-01
377 8.576280e-01 4.396000e-03 1.379760e-01
378 8.582280e-01 4.284000e-03 1.374880e-01
379 8.586960e-01 4.372000e-03 1.369320e-01
380 8.592120e-01 4.352000e-03 1.364360e-01
381 8.595040e-01 4.448000e-03 1.360480e-01
382 8.599640e-01 4.432000e-03 1.356040e-01
383 8.604400e-01 4.328000e-03 1.352320e-01
384 8.610320e-01 4.324000e-03 1.346440e-01
385 8.615400e-01 4.344000e-03 1.341160e-01
386 8.620160e-01 4.388000e-03 1.335960e-01
387 8.625800e-01 4.380000e-03 1.330400e-01
388 8.630280e-01 4.408000e-03 1.325640e-01
389 8.636200e-01 4.396000e-03 1.319840e-01
390 8.641200e-01 4.384000e-03 1.314960e-01
391 8.645760e-01 4.288000e-03 1.311360e-01
392 8.650440e-01 4.228000e-03 1.307280e-01
393 8.656280e-01 4.120000e-03 1.302520e-01
394 8.661480e-01 4.084000e-03 1.297680e-01
395 8.666400e-01 4.020000e-03 1.293400e-01
396 8.670320e-01 4.208000e-03 1.287600e-01
397 8.675720e-01 4.128000e-03 1.283000e-01
398 8.679520e-01 4.252000e-03 1.277960e-01
399 8.685000e-01 4.140000e-03 1.273600e-01
400 8.691000e-01 4.016000e-03 1.268840e-01
401 8.695840e-01 4.044000e-03 1.263720e-01
402 8.699840e-01 4.128000e-03 1.258880e-01
403 8.705600e-01 4.052000e-03 1.253880e-01
404 8.711520e-01 3.936000e-03 1.249120e-01
405 8.716640e-01 3.860000e-03 1.244760e-01
406 8.721840e-01 3.876000e-03 1.239400e-01
407 8.728040e-01 3.708000e-03 1.234880e-01
408 8.733880e-01 3.568000e-03 1.230440e-01
409 8.739120e-01 3.580000e-03 1.225080e-01
410 8.744160e-01 3.576000e-03 1.220080e-01
411 8.748760e-01 3.648000e-03 1.214760e-01
412 8.754840e-01 3.580000e-03 1.209360e-01
413 8.760080e-01 3.528000e-03 1.204640e-01
414 8.765240e-01 3.476000e-03 1.200000e-01
415 8.769920e-01 3.508000e-03 1.195000e-01
416 8.774200e-01 3.612000e-03 1.189680e-01
417 8.778720e-01 3.692000e-03 1.184360e-01
418 8.783360e-01 3.720000e-03 1.179440e-01
419 8.787760e-01 3.632000e-03 1.175920e-01
420 8.791400e-01 3.724000e-03 1.171360e-01
421 8.796000e-01 3.792000e-03 1.166080e-01
422 8.800520e-01 3.864000e-03 1.160840e-01
423 8.805120e-01 3.808000e-03 1.156800e-01
424 8.809880e-01 3.812000e-03 1.152000e-01
425 8.813800e-01 3.832000e-03 1.147880e-01
426 8.818280e-01 3.764000e-03 1.144080e-01
427 8.822400e-01 3.760000e-03 1.140000e-01
428 8.825560e-01 3.796000e-03 1.136480e-01
429 8.829600e-01 3.844000e-03 1.131960e-01
430 8.833560e-01 3.828000e-03 1.128160e-01
431 8.838680e-01 3.780000e-03 1.123520e-01
432 8.842680e-01 3.760000e-03 1.119720e-01
433 8.847760e-01 3.696000e-03 1.115280e-01
434 8.853360e-01 3.580000e-03 1.110840e-01
435 8.859400e-01 3.496000e-03 1.105640e-01
436 8.862520e-01 3.556000e-03 1.101920e-01
437 8.865960e-01 3.656000e-03 1.097480e-01
438 8.870360e-01 3.744000e-03 1.092200e-01
439 8.875560e-01 3.760000e-03 1.086840e-01
440 8.880760e-01 3.676000e-03 1.082480e-01
441 8.885800e-01 3.652000e-03 1.077680e-01
442 8.890800e-01 3.608000e-03 1.073120e-01
443 8.893880e-01 3.612000e-03 1.070000e-01
444 8.897840e-01 3.608000e-03 1.066080e-01
445 8.900400e-01 3.768000e-03 1.061920e-01
446 8.903640e-01 3.764000e-03 1.058720e-01
447 8.907080e-01 3.844000e-03 1.054480e-01
448 8.910040e-01 3.828000e-03 1.051680e-01
449 8.914440e-01 3.740000e-03 1.048160e-01
450 8.919280e-01 3.700000e-03 1.043720e-01
451 8.922720e-01 3.652000e-03 1.040760e-01
452 8.926320e-01 3.692000e-03 1.036760e-01
453 8.931360e-01 3.648000e-03 1.032160e-01
454 8.933200e-01 3.780000e-03 1.029000e-01
455 8.937240e-01 3.916000e-03 1.023600e-01
456 8.940360e-01 3.924000e-03 1.020400e-01
457 8.943680e-01 3.896000e-03 1.017360e-01
458 8.945280e-01 3.940000e-03 1.015320e-01
459 8.947760e-01 3.876000e-03 1.013480e-01
460 8.951240e-01 3.888000e-03 1.009880e-01
461 8.953680e-01 3.896000e-03 1.007360e-01
462 8.956040e-01 3.964000e-03 1.004320e-01
463 8.958720e-01 3.936000e-03 1.001920e-01
464 8.963480e-01 3.868000e-03 9.978400e-02
465 8.964440e-01 4.000000e-03 9.955600e-02
466 8.966960e-01 4.008000e-03 9.929600e-02
467 8.969760e-01 4.036000e-03 9.898800e-02
468 8.971760e-01 4.076000e-03 9.874800e-02
469 8.973720e-01 4.160000e-03 9.846800e-02
470 8.976120e-01 4.180000e-03 9.820800e-02
471 8.978240e-01 4.044000e-03 9.813200e-02
472 8.981120e-01 4.112000e-03 9.777600e-02
473 8.983240e-01 4.092000e-03 9.758400e-02
474 8.984000e-01 4.148000e-03 9.745200e-02
475 8.986360e-01 4.104000e-03 9.726000e-02
476 8.987920e-01 4.156000e-03 9.705200e-02
477 8.990120e-01 4.216000e-03 9.677200e-02
478 8.991320e-01 4.312000e-03 9.655600e-02
479 8.993000e-01 4.256000e-03 9.644400e-02
480 8.995960e-01 4.320000e-03 9.608400e-02
481 8.997720e-01 4.336000e-03 9.589200e-02
482 8.999640e-01 4.248000e-03 9.578800e-02
483 9.002600e-01 4.160000e-03 9.558000e-02
484 9.005520e-01 4.160000e-03 9.528800e-02
485 9.007600e-01 4.208000e-03 9.503200e-02
486 9.010640e-01 4.052000e-03 9.488400e-02
487 9.013160e-01 4.024000e-03 9.466000e-02
488 9.016440e-01 3.984000e-03 9.437200e-02
489 9.017280e-01 4.144000e-03 9.412800e-02
490 9.018800e-01 4.156000e-03 9.396400e-02
491 9.020720e-01 4.180000e-03 9.374800e-02
492 9.024640e-01 4.024000e-03 9.351200e-02
493 9.028120e-01 3.868000e-03 9.332000e-02
494 9.030880e-01 3.828000e-03 9.308400e-02
495 9.034000e-01 3.824000e-03 9.277600e-02
496 9.036960e-01 3.864000e-03 9.244000e-02
497 9.039720e-01 3.764000e-03 9.226400e-02
498 9.041800e-01 3.796000e-03 9.202400e-02
499 9.046000e-01 3.800000e-03 9.160000e-02
500 9.047840e-01 3.868000e-03 9.134800e-02
501 9.050000e-01 3.724000e-03 9.127600e-02
502 9.053520e-01 3.712000e-03 9.093600e-02
503 9.055200e-01 3.784000e-03 9.069600e-02
504 9.058000e-01 3.784000e-03 9.041600e-02
505 9.061160e-01 3.772000e-03 9.011200e-02
506 9.063000e-01 3.728000e-03 8.997200e-02
507 9.065200e-01 3.720000e-03 8.976000e-02
508 9.066480e-01 3.800000e-03 8.955200e-02
509 9.068160e-01 3.776000e-03 8.940800e-02
510 9.070640e-01 3.784000e-03 8.915200e-02
511 9.071680e-01 3.760000e-03 8.907200e-02
512 9.074120e-01 3.840000e-03 8.874800e-02
513 9.075360e-01 3.904000e-03 8.856000e-02
514 9.076760e-01 3.924000e-03 8.840000e-02
515 9.079440e-01 3.876000e-03 8.818000e-02
516 9.082200e-01 3.844000e-03 8.793600e-02
517 9.084800e-01 3.732000e-03 8.778800e-02
518 9.086440e-01 3.780000e-03 8.757600e-02
519 9.090000e-01 3.696000e-03 8.730400e-02
520 9.093320e-01 3.544000e-03 8.712400e-02
521 9.095200e-01 3.632000e-03 8.684800e-02
522 9.097080e-01 3.604000e-03 8.668800e-02
523 9.099800e-01 3.604000e-03 8.641600e-02
524 9.101560e-01 3.576000e-03 8.626800e-02
525 9.102600e-01 3.736000e-03 8.600400e-02
526 9.104200e-01 3.784000e-03 8.579600e-02
527 9.107040e-01 3.776000e-03 8.552000e-02
528 9.108440e-01 3.880000e-03 8.527600e-02
529 9.109880e-01 3.868000e-03 8.514400e-02
530 9.112240e-01 3.916000e-03 8.486000e-02
531 9.113720e-01 3.960000e-03 8.466800e-02
532 9.114200e-01 3.968000e-03 8.461200e-02
533 9.115360e-01 3.932000e-03 8.453200e-02
534 9.116600e-01 3.972000e-03 8.436800e-02
535 9.117440e-01 4.012000e-03 8.424400e-02
536 9.118480e-01 4.100000e-03 8.405200e-02
537 9.119280e-01 4.188000e-03 8.388400e-02
538 9.120360e-01 4.252000e-03 8.371200e-02
539 9.123120e-01 4.232000e-03 8.345600e-02
540 9.125880e-01 4.108000e-03 8.330400e-02
541 9.129200e-01 3.972000e-03 8.310800e-02
542 9.131360e-01 3.788000e-03 8.307600e-02
543 9.133640e-01 3.824000e-03 8.281200e-02
544 9.135840e-01 3.752000e-03 8.266400e-02
545 9.138680e-01 3.708000e-03 8.242400e-02
546 9.141080e-01 3.752000e-03 8.214000e-02
547 9.142480e-01 3.808000e-03 8.194400e-02
548 9.143000e-01 3.948000e-03 8.175200e-02
549 9.144600e-01 3.972000e-03 8.156800e-02
550 9.144720e-01 3.964000e-03 8.156400e-02
551 9.145480e-01 3.920000e-03 8.153200e-02
552 9.147440e-01 3.868000e-03 8.138800e-02
553 9.149120e-01 3.808000e-03 8.128000e-02
554 9.149720e-01 3.860000e-03 8.116800e-02
555 9.151120e-01 3.792000e-03 8.109600e-02
556 9.152440e-01 3.824000e-03 8.093200e-02
557 9.153360e-01 3.768000e-03 8.089600e-02
558 9.155160e-01 3.896000e-03 8.058800e-02
559 9.156000e-01 3.968000e-03 8.043200e-02
560 9.155600e-01 3.924000e-03 8.051600e-02
561 9.156400e-01 3.936000e-03 8.042400e-02
562 9.157520e-01 3.752000e-03 8.049600e-02
563 9.158080e-01 3.764000e-03 8.042800e-02
564 9.158920e-01 3.756000e-03 8.035200e-02
565 9.160880e-01 3.772000e-03 8.014000e-02
566 9.162720e-01 3.748000e-03 7.998000e-02
567 9.162560e-01 3.800000e-03 7.994400e-02
568 9.164480e-01 3.868000e-03 7.968400e-02
569 9.164840e-01 3.948000e-03 7.956800e-02
570 9.165560e-01 4.040000e-03 7.940400e-02
571 9.166720e-01 3.980000e-03 7.934800e-02
572 9.168440e-01 3.952000e-03 7.920400e-02
573 9.169320e-01 3.968000e-03 7.910000e-02
574 9.170720e-01 3.860000e-03 7.906800e-02
575 9.172520e-01 3.832000e-03 7.891600e-02
576 9.173920e-01 3.744000e-03 7.886400e-02
577 9.175280e-01 3.752000e-03 7.872000e-02
578 9.176840e-01 3.744000e-03 7.857200e-02
579 9.178520e-01 3.700000e-03 7.844800e-02
580 9.180800e-01 3.616000e-03 7.830400e-02
581 9.181960e-01 3.724000e-03 7.808000e-02
582 9.184000e-01 3.628000e-03 7.797200e-02
583 9.186160e-01 3.560000e-03 7.782400e-02
584 9.189440e-01 3.440000e-03 7.761600e-02
585 9.190120e-01 3.444000e-03 7.754400e-02
586 9.192800e-01 3.440000e-03 7.728000e-02
587 9.194800e-01 3.428000e-03 7.709200e-02
588 9.196520e-01 3.440000e-03 7.690800e-02
589 9.196320e-01 3.536000e-03 7.683200e-02
590 9.197600e-01 3.500000e-03 7.674000e-02
591 9.199240e-01 3.432000e-03 7.664400e-02
592 9.200600e-01 3.472000e-03 7.646800e-02
593 9.203320e-01 3.448000e-03 7.622000e-02
594 9.205120e-01 3.308000e-03 7.618000e-02
595 9.205680e-01 3.372000e-03 7.606000e-02
596 9.207160e-01 3.348000e-03 7.593600e-02
597 9.208080e-01 3.360000e-03 7.583200e-02
598 9.209440e-01 3.364000e-03 7.569200e-02
599 9.211920e-01 3.244000e-03 7.556400e-02
600 9.213440e-01 3.240000e-03 7.541600e-02
601 9.214200e-01 3.236000e-03 7.534400e-02
602 9.214640e-01 3.352000e-03 7.518400e-02
603 9.216520e-01 3.448000e-03 7.490000e-02
604 9.216960e-01 3.448000e-03 7.485600e-02
605 9.218800e-01 3.488000e-03 7.463200e-02
606 9.218040e-01 3.704000e-03 7.449200e-02
607 9.218640e-01 3.712000e-03 7.442400e-02
608 9.218720e-01 3.696000e-03 7.443200e-02
609 9.220840e-01 3.552000e-03 7.436400e-02
610 9.221440e-01 3.584000e-03 7.427200e-02
611 9.221760e-01 3.656000e-03 7.416800e-02
612 9.222080e-01 3.728000e-03 7.406400e-02
613 9.224200e-01 3.664000e-03 7.391600e-02
614 9.224600e-01 3.660000e-03 7.388000e-02
615 9.226480e-01 3.560000e-03 7.379200e-02
616 9.228200e-01 3.580000e-03 7.360000e-02
617 9.228840e-01 3.580000e-03 7.353600e-02
618 9.230160e-01 3.492000e-03 7.349200e-02
619 9.231560e-01 3.436000e-03 7.340800e-02
620 9.233320e-01 3.456000e-03 7.321200e-02
621 9.233880e-01 3.452000e-03 7.316000e-02
622 9.234720e-01 3.540000e-03 7.298800e-02
623 9.237080e-01 3.360000e-03 7.293200e-02
624 9.238480e-01 3.356000e-03 7.279600e-02
625 9.239040e-01 3.384000e-03 7.271200e-02
626 9.240520e-01 3.400000e-03 7.254800e-02
627 9.242720e-01 3.328000e-03 7.240000e-02
628 9.244240e-01 3.284000e-03 7.229200e-02
629 9.246160e-01 3.236000e-03 7.214800e-02
630 9.247600e-01 3.168000e-03 7.207200e-02
631 9.250080e-01 3.048000e-03 7.194400e-02
632 9.253120e-01 2.884000e-03 7.180400e-02
633 9.254800e-01 2.896000e-03 7.162400e-02
634 9.256000e-01 2.968000e-03 7.143200e-02
635 9.257520e-01 2.976000e-03 7.127200e-02
636 9.260320e-01 3.032000e-03 7.093600e-02
637 9.262080e-01 3.080000e-03 7.071200e-02
638 9.263160e-01 3.064000e-03 7.062000e-02
639 9.264840e-01 3.180000e-03 7.033600e-02
640 9.265280e-01 3.284000e-03 7.018800e-02
641 9.266480e-01 3.168000e-03 7.018400e-02
642 9.267520e-01 3.180000e-03 7.006800e-02
643 9.269360e-01 3.192000e-03 6.987200e-02
644 9.270200e-01 3.188000e-03 6.979200e-02
645 9.272600e-01 3.200000e-03 6.954000e-02
646 9.274240e-01 3.216000e-03 6.936000e-02
647 9.276480e-01 3.168000e-03 6.918400e-02
648 9.277680e-01 3.108000e-03 6.912400e-02
649 9.278720e-01 3.136000e-03 6.899200e-02
650 9.279640e-01 3.276000e-03 6.876000e-02
651 9.281240e-01 3.200000e-03 6.867600e-02
652 9.281920e-01 3.260000e-03 6.854800e-02
653 9.283480e-01 3.260000e-03 6.839200e-02
654 9.285040e-01 3.196000e-03 6.830000e-02
655 9.285120e-01 3.296000e-03 6.819200e-02
656 9.285160e-01 3.340000e-03 6.814400e-02
657 9.285280e-01 3.364000e-03 6.810800e-02
658 9.285800e-01 3.424000e-03 6.799600e-02
659 9.286360e-01 3.408000e-03 6.795600e-02
660 9.286640e-01 3.484000e-03 6.785200e-02
661 9.288040e-01 3.488000e-03 6.770800e-02
662 9.289920e-01 3.364000e-03 6.764400e-02
663 9.289880e-01 3.448000e-03 6.756400e-02
664 9.290760e-01 3.532000e-03 6.739200e-02
665 9.291640e-01 3.500000e-03 6.733600e-02
666 9.291440e-01 3.596000e-03 6.726000e-02
667 9.292920e-01 3.544000e-03 6.716400e-02
668 9.292880e-01 3.628000e-03 6.708400e-02
669 9.292240e-01 3.820000e-03 6.695600e-02
670 9.292320e-01 3.796000e-03 6.697200e-02
671 9.292520e-01 3.824000e-03 6.692400e-02
672 9.292520e-01 3.748000e-03 6.700000e-02
673 9.292560e-01 3.692000e-03 6.705200e-02
674 9.292480e-01 3.660000e-03 6.709200e-02
675 9.292160e-01 3.716000e-03 6.706800e-02
676 9.293240e-01 3.572000e-03 6.710400e-02
677 9.295400e-01 3.496000e-03 6.696400e-02
678 9.296480e-01 3.344000e-03 6.700800e-02
679 9.296760e-01 3.276000e-03 6.704800e-02
680 9.298040e-01 3.244000e-03 6.695200e-02
681 9.299280e-01 3.176000e-03 6.689600e-02
682 9.300720e-01 3.144000e-03 6.678400e-02
683 9.302640e-01 3.184000e-03 6.655200e-02
684 9.303000e-01 3.296000e-03 6.640400e-02
685 9.304400e-01 3.260000e-03 6.630000e-02
686 9.305240e-01 3.228000e-03 6.624800e-02
687 9.305920e-01 3.180000e-03 6.622800e-02
688 9.306360e-01 3.304000e-03 6.606000e-02
689 9.307800e-01 3.264000e-03 6.595600e-02
690 9.307840e-01 3.360000e-03 6.585600e-02
691 9.308360e-01 3.360000e-03 6.580400e-02
692 9.308880e-01 3.228000e-03 6.588400e-02
693 9.310360e-01 3.244000e-03 6.572000e-02
694 9.311560e-01 3.240000e-03 6.560400e-02
695 9.311320e-01 3.268000e-03 6.560000e-02
696 9.312840e-01 3.244000e-03 6.547200e-02
697 9.313960e-01 3.248000e-03 6.535600e-02
698 9.316080e-01 3.164000e-03 6.522800e-02
699 9.318280e-01 3.084000e-03 6.508800e-02
700 9.318960e-01 3.120000e-03 6.498400e-02
701 9.320320e-01 3.188000e-03 6.478000e-02
702 9.321920e-01 3.080000e-03 6.472800e-02
703 9.322600e-01 3.068000e-03 6.467200e-02
704 9.323600e-01 3.068000e-03 6.457200e-02
705 9.325600e-01 2.960000e-03 6.448000e-02
706 9.326680e-01 3.092000e-03 6.424000e-02
707 9.327760e-01 3.008000e-03 6.421600e-02
708 9.329800e-01 3.000000e-03 6.402000e-02
709 9.329960e-01 3.032000e-03 6.397200e-02
710 9.330360e-01 3.100000e-03 6.386400e-02
711 9.331320e-01 3.016000e-03 6.385200e-02
712 9.332200e-01 3.128000e-03 6.365200e-02
713 9.332960e-01 3.080000e-03 6.362400e-02
714 9.333400e-01 3.076000e-03 6.358400e-02
715 9.334800e-01 3.072000e-03 6.344800e-02
716 9.335600e-01 3.004000e-03 6.343600e-02
717 9.336920e-01 2.936000e-03 6.337200e-02
718 9.337400e-01 2.940000e-03 6.332000e-02
719 9.337960e-01 2.896000e-03 6.330800e-02
720 9.340600e-01 2.808000e-03 6.313200e-02
721 9.342200e-01 2.820000e-03 6.296000e-02
722 9.345400e-01 2.676000e-03 6.278400e-02
723 9.347960e-01 2.608000e-03 6.259600e-02
724 9.350640e-01 2.560000e-03 6.237600e-02
725 9.353080e-01 2.500000e-03 6.219200e-02
726 9.354400e-01 2.564000e-03 6.199600e-02
727 9.356560e-01 2.552000e-03 6.179200e-02
728 9.358440e-01 2.552000e-03 6.160400e-02
729 9.360480e-01 2.484000e-03 6.146800e-02
730 9.361600e-01 2.544000e-03 6.129600e-02
731 9.362960e-01 2.608000e-03 6.109600e-02
732 9.364240e-01 2.716000e-03 6.086000e-02
733 9.366000e-01 2.684000e-03 6.071600e-02
734 9.366560e-01 2.660000e-03 6.068400e-02
735 9.368720e-01 2.668000e-03 6.046000e-02
736 9.370400e-01 2.720000e-03 6.024000e-02
737 9.371320e-01 2.752000e-03 6.011600e-02
738 9.372000e-01 2.808000e-03 5.999200e-02
739 9.371720e-01 2.880000e-03 5.994800e-02
740 9.371960e-01 2.884000e-03 5.992000e-02
741 9.372520e-01 2.908000e-03 5.984000e-02
742 9.372840e-01 2.928000e-03 5.978800e-02
743 9.373040e-01 2.936000e-03 5.976000e-02
744 9.373800e-01 2.936000e-03 5.968400e-02
745 9.374800e-01 2.952000e-03 5.956800e-02
746 9.374040e-01 2.952000e-03 5.964400e-02
747 9.375080e-01 2.964000e-03 5.952800e-02
748 9.376120e-01 2.832000e-03 5.955600e-02
749 9.376280e-01 2.808000e-03 5.956400e-02
750 9.379240e-01 2.652000e-03 5.942400e-02
751 9.380040e-01 2.724000e-03 5.927200e-02
752 9.381200e-01 2.620000e-03 5.926000e-02
753 9.383160e-01 2.664000e-03 5.902000e-02
754 9.383880e-01 2.652000e-03 5.896000e-02
755 9.384840e-01 2.572000e-03 5.894400e-02
756 9.386760e-01 2.616000e-03 5.870800e-02
757 9.387920e-01 2.624000e-03 5.858400e-02
758 9.389240e-01 2.620000e-03 5.845600e-02
759 9.390360e-01 2.688000e-03 5.827600e-02
760 9.391120e-01 2.676000e-03 5.821200e-02
761 9.391360e-01 2.652000e-03 5.821200e-02
762 9.392440e-01 2.708000e-03 5.804800e-02
763 9.392600e-01 2.748000e-03 5.799200e-02
764 9.393280e-01 2.828000e-03 5.784400e-02
765 9.393160e-01 2.960000e-03 5.772400e-02
766 9.393880e-01 3.028000e-03 5.758400e-02
767 9.393840e-01 2.976000e-03 5.764000e-02
768 9.394680e-01 2.996000e-03 5.753600e-02
769 9.395440e-01 2.976000e-03 5.748000e-02
770 9.395560e-01 3.012000e-03 5.743200e-02
771 9.394920e-01 3.096000e-03 5.741200e-02
772 9.395480e-01 3.092000e-03 5.736000e-02
773 9.395640e-01 3.212000e-03 5.722400e-02
774 9.395920e-01 3.232000e-03 5.717600e-02
775 9.394600e-01 3.284000e-03 5.725600e-02
776 9.394280e-01 3.300000e-03 5.727200e-02
777 9.394280e-01 3.300000e-03 5.727200e-02
778 9.394560e-01 3.348000e-03 5.719600e-02
779 9.393720e-01 3.460000e-03 5.716800e-02
780 9.392920e-01 3.600000e-03 5.710800e-02
781 9.392600e-01 3.604000e-03 5.713600e-02
782 9.391880e-01 3.592000e-03 5.722000e-02
783 9.390960e-01 3.648000e-03 5.725600e-02
784 9.391640e-01 3.524000e-03 5.731200e-02
785 9.390640e-01 3.568000e-03 5.736800e-02
786 9.391560e-01 3.384000e-03 5.746000e-02
787 9.392440e-01 3.356000e-03 5.740000e-02
788 9.394800e-01 3.264000e-03 5.725600e-02
789 9.394160e-01 3.264000e-03 5.732000e-02
790 9.395720e-01 3.164000e-03 5.726400e-02
791 9.395720e-01 3.092000e-03 5.733600e-02
792 9.397160e-01 3.024000e-03 5.726000e-02
793 9.398320e-01 3.036000e-03 5.713200e-02
794 9.399480e-01 3.076000e-03 5.697600e-02
795 9.399960e-01 3.080000e-03 5.692400e-02
796 9.400200e-01 3.040000e-03 5.694000e-02
797 9.399800e-01 3.024000e-03 5.699600e-02
798 9.400360e-01 2.976000e-03 5.698800e-02
799 9.401000e-01 2.876000e-03 5.702400e-02
800 9.401480e-01 2.772000e-03 5.708000e-02
801 9.402240e-01 2.724000e-03 5.705200e-02
802 9.402600e-01 2.724000e-03 5.701600e-02
803 9.403280e-01 2.808000e-03 5.686400e-02
804 9.403120e-01 2.816000e-03 5.687200e-02
805 9.403240e-01 2.900000e-03 5.677600e-02
806 9.404080e-01 2.788000e-03 5.680400e-02
807 9.405840e-01 2.720000e-03 5.669600e-02
808 9.406240e-01 2.784000e-03 5.659200e-02
809 9.407600e-01 2.720000e-03 5.652000e-02
810 9.409600e-01 2.672000e-03 5.636800e-02
811 9.411000e-01 2.512000e-03 5.638800e-02
812 9.412440e-01 2.504000e-03 5.625200e-02
813 9.414200e-01 2.412000e-03 5.616800e-02
814 9.414160e-01 2.436000e-03 5.614800e-02
815 9.414680e-01 2.432000e-03 5.610000e-02
816 9.416000e-01 2.456000e-03 5.594400e-02
817 9.417400e-01 2.436000e-03 5.582400e-02
818 9.419520e-01 2.360000e-03 5.568800e-02
819 9.420200e-01 2.384000e-03 5.559600e-02
820 9.421440e-01 2.412000e-03 5.544400e-02
821 9.423040e-01 2.412000e-03 5.528400e-02
822 9.423120e-01 2.420000e-03 5.526800e-02
823 9.424000e-01 2.432000e-03 5.516800e-02
824 9.424880e-01 2.480000e-03 5.503200e-02
825 9.425360e-01 2.524000e-03 5.494000e-02
826 9.426440e-01 2.576000e-03 5.478000e-02
827 9.427440e-01 2.532000e-03 5.472400e-02
828 9.429000e-01 2.616000e-03 5.448400e-02
829 9.429520e-01 2.704000e-03 5.434400e-02
830 9.429360e-01 2.808000e-03 5.425600e-02
831 9.429600e-01 2.772000e-03 5.426800e-02
832 9.430320e-01 2.696000e-03 5.427200e-02
833 9.430400e-01 2.676000e-03 5.428400e-02
834 9.430560e-01 2.688000e-03 5.425600e-02
835 9.431400e-01 2.608000e-03 5.425200e-02
836 9.430760e-01 2.564000e-03 5.436000e-02
837 9.431760e-01 2.516000e-03 5.430800e-02
838 9.432800e-01 2.584000e-03 5.413600e-02
839 9.433840e-01 2.548000e-03 5.406800e-02
840 9.436080e-01 2.396000e-03 5.399600e-02
841 9.437680e-01 2.400000e-03 5.383200e-02
842 9.438280e-01 2.468000e-03 5.370400e-02
843 9.440520e-01 2.500000e-03 5.344800e-02
844 9.443160e-01 2.452000e-03 5.323200e-02
845 9.444960e-01 2.512000e-03 5.299200e-02
846 9.445760e-01 2.484000e-03 5.294000e-02
847 9.446400e-01 2.524000e-03 5.283600e-02
848 9.446600e-01 2.488000e-03 5.285200e-02
849 9.447280e-01 2.460000e-03 5.281200e-02
850 9.448320e-01 2.456000e-03 5.271200e-02
851 9.450080e-01 2.396000e-03 5.259600e-02
852 9.451280e-01 2.420000e-03 5.245200e-02
853 9.451560e-01 2.460000e-03 5.238400e-02
854 9.451640e-01 2.552000e-03 5.228400e-02
855 9.453720e-01 2.524000e-03 5.210400e-02
856 9.454160e-01 2.564000e-03 5.202000e-02
857 9.455760e-01 2.472000e-03 5.195200e-02
858 9.456120e-01 2.452000e-03 5.193600e-02
859 9.457400e-01 2.452000e-03 5.180800e-02
860 9.457800e-01 2.408000e-03 5.181200e-02
861 9.459680e-01 2.300000e-03 5.173200e-02
862 9.461320e-01 2.256000e-03 5.161200e-02
863 9.464360e-01 2.148000e-03 5.141600e-02
864 9.465760e-01 2.140000e-03 5.128400e-02
865 9.467520e-01 2.132000e-03 5.111600e-02
866 9.469280e-01 2.116000e-03 5.095600e-02
867 9.470360e-01 2.100000e-03 5.086400e-02
868 9.471760e-01 2.072000e-03 5.075200e-02
869 9.473680e-01 2.040000e-03 5.059200e-02
870 9.476520e-01 1.992000e-03 5.035600e-02
871 9.478400e-01 1.916000e-03 5.024400e-02
872 9.480560e-01 1.892000e-03 5.005200e-02
873 9.481520e-01 1.956000e-03 4.989200e-02
874 9.483160e-01 1.940000e-03 4.974400e-02
875 9.485560e-01 1.944000e-03 4.950000e-02
876 9.486560e-01 1.984000e-03 4.936000e-02
877 9.488120e-01 1.976000e-03 4.921200e-02
878 9.489360e-01 1.980000e-03 4.908400e-02
879 9.490520e-01 2.040000e-03 4.890800e-02
880 9.491640e-01 1.976000e-03 4.886000e-02
881 9.493560e-01 1.944000e-03 4.870000e-02
882 9.495480e-01 1.884000e-03 4.856800e-02
883 9.496200e-01 1.904000e-03 4.847600e-02
884 9.499440e-01 1.780000e-03 4.827600e-02
885 9.501440e-01 1.732000e-03 4.812400e-02
886 9.503480e-01 1.736000e-03 4.791600e-02
887 9.505040e-01 1.680000e-03 4.781600e-02
888 9.506680e-01 1.668000e-03 4.766400e-02
889 9.509520e-01 1.624000e-03 4.742400e-02
890 9.511800e-01 1.656000e-03 4.716400e-02
891 9.514320e-01 1.576000e-03 4.699200e-02
892 9.516480e-01 1.568000e-03 4.678400e-02
893 9.518480e-01 1.556000e-03 4.659600e-02
894 9.519960e-01 1.576000e-03 4.642800e-02
895 9.521120e-01 1.596000e-03 4.629200e-02
896 9.522160e-01 1.648000e-03 4.613600e-02
897 9.523480e-01 1.792000e-03 4.586000e-02
898 9.524440e-01 1.808000e-03 4.574800e-02
899 9.523760e-01 1.956000e-03 4.566800e-02
900 9.523880e-01 2.056000e-03 4.555600e-02
901 9.522840e-01 2.244000e-03 4.547200e-02
902 9.523680e-01 2.204000e-03 4.542800e-02
903 9.524640e-01 2.232000e-03 4.530400e-02
904 9.524720e-01 2.260000e-03 4.526800e-02
905 9.526160e-01 2.252000e-03 4.513200e-02
906 9.526160e-01 2.296000e-03 4.508800e-02
907 9.526480e-01 2.268000e-03 4.508400e-02
908 9.527160e-01 2.292000e-03 4.499200e-02
909 9.527960e-01 2.328000e-03 4.487600e-02
910 9.529040e-01 2.388000e-03 4.470800e-02
911 9.528800e-01 2.412000e-03 4.470800e-02
912 9.529680e-01 2.304000e-03 4.472800e-02
913 9.530040e-01 2.296000e-03 4.470000e-02
914 9.531040e-01 2.212000e-03 4.468400e-02
915 9.532240e-01 2.224000e-03 4.455200e-02
916 9.533440e-01 2.116000e-03 4.454000e-02
917 9.534160e-01 2.200000e-03 4.438400e-02
918 9.534120e-01 2.180000e-03 4.440800e-02
919 9.535680e-01 2.164000e-03 4.426800e-02
920 9.535680e-01 2.164000e-03 4.426800e-02
921 9.536520e-01 2.184000e-03 4.416400e-02
922 9.536960e-01 2.288000e-03 4.401600e-02
923 9.537000e-01 2.256000e-03 4.404400e-02
924 9.537480e-01 2.264000e-03 4.398800e-02
925 9.537400e-01 2.360000e-03 4.390000e-02
926 9.538560e-01 2.416000e-03 4.372800e-02
927 9.537640e-01 2.536000e-03 4.370000e-02
928 9.537560e-01 2.604000e-03 4.364000e-02
929 9.538000e-01 2.576000e-03 4.362400e-02
930 9.536560e-01 2.668000e-03 4.367600e-02
931 9.536840e-01 2.716000e-03 4.360000e-02
932 9.536120e-01 2.704000e-03 4.368400e-02
