1 9.991960e-01 7.000000e-04 1.040000e-04
2 9.986960e-01 1.072000e-03 2.320000e-04
3 9.979720e-01 1.600000e-03 4.280000e-04
4 9.971560e-01 2.092000e-03 7.520000e-04
5 9.961760e-01 2.616000e-03 1.208000e-03
6 9.951920e-01 3.064000e-03 1.744000e-03
7 9.942760e-01 3.436000e-03 2.288000e-03
8 9.932200e-01 3.904000e-03 2.876000e-03
9 9.922360e-01 4.204000e-03 3.560000e-03
10 9.912520e-01 4.492000e-03 4.256000e-03
11 9.901560e-01 4.872000e-03 4.972000e-03
12 9.890080e-01 5.188000e-03 5.804000e-03
13 9.880600e-01 5.364000e-03 6.576000e-03
14 9.867080e-01 5.876000e-03 7.416000e-03
15 9.853640e-01 6.316000e-03 8.320000e-03
16 9.840920e-01 6.468000e-03 9.440000e-03
17 9.828160e-01 6.720000e-03 1.046400e-02
18 9.815360e-01 7.016000e-03 1.144800e-02
19 9.803600e-01 7.036000e-03 1.260400e-02
20 9.790640e-01 7.192000e-03 1.374400e-02
21 9.778760e-01 7.228000e-03 1.489600e-02
22 9.766560e-01 7.356000e-03 1.598800e-02
23 9.755400e-01 7.440000e-03 1.702000e-02
24 9.742440e-01 7.656000e-03 1.810000e-02
25 9.726680e-01 7.996000e-03 1.933600e-02
26 9.712600e-01 8.232000e-03 2.050800e-02
27 9.698000e-01 8.616000e-03 2.158400e-02
28 9.683320e-01 8.808000e-03 2.286000e-02
29 9.668200e-01 8.980000e-03 2.420000e-02
30 9.653360e-01 9.188000e-03 2.547600e-02
31 9.637720e-01 9.396000e-03 2.683200e-02
32 9.622960e-01 9.584000e-03 2.812000e-02
33 9.608800e-01 9.540000e-03 2.958000e-02
34 9.593240e-01 9.776000e-03 3.090000e-02
35 9.578920e-01 9.828000e-03 3.228000e-02
36 9.562160e-01 9.996000e-03 3.378800e-02
37 9.545960e-01 1.020000e-02 3.520400e-02
38 9.530760e-01 1.040400e-02 3.652000e-02
39 9.516480e-01 1.032400e-02 3.802800e-02
40 9.502440e-01 1.044800e-02 3.930800e-02
41 9.488920e-01 1.054400e-02 4.056400e-02
42 9.475160e-01 1.076800e-02 4.171600e-02
43 9.459600e-01 1.087200e-02 4.316800e-02
44 9.446120e-01 1.081600e-02 4.457200e-02
45 9.431560e-01 1.084000e-02 4.600400e-02
46 9.416440e-01 1.098000e-02 4.737600e-02
47 9.399880e-01 1.126800e-02 4.874400e-02
48 9.384120e-01 1.152000e-02 5.006800e-02
49 9.368360e-01 1.172000e-02 5.144400e-02
50 9.351920e-01 1.182000e-02 5.298800e-02
51 9.334240e-01 1.208800e-02 5.448800e-02
52 9.320000e-01 1.211600e-02 5.588400e-02
53 9.306760e-01 1.204000e-02 5.728400e-02
54 9.292480e-01 1.214800e-02 5.860400e-02
55 9.277360e-01 1.242400e-02 5.984000e-02
56 9.261400e-01 1.240800e-02 6.145200e-02
57 9.243440e-01 1.259200e-02 6.306400e-02
58 9.227120e-01 1.282000e-02 6.446800e-02
59 9.211480e-01 1.282400e-02 6.602800e-02
60 9.194760e-01 1.301600e-02 6.750800e-02
61 9.180200e-01 1.293600e-02 6.904400e-02
62 9.166880e-01 1.281600e-02 7.049600e-02
63 9.151000e-01 1.301600e-02 7.188400e-02
64 9.138720e-01 1.281600e-02 7.331200e-02
65 9.125680e-01 1.253200e-02 7.490000e-02
66 9.115720e-01 1.231200e-02 7.611600e-02
67 9.105560e-01 1.206800e-02 7.737600e-02
68 9.095760e-01 1.197600e-02 7.844800e-02
69 9.083160e-01 1.199200e-02 7.969200e-02
70 9.075080e-01 1.158000e-02 8.091200e-02
71 9.065360e-01 1.157200e-02 8.189200e-02
72 9.052160e-01 1.168400e-02 8.310000e-02
73 9.039920e-01 1.159600e-02 8.441200e-02
74 9.029320e-01 1.160800e-02 8.546000e-02
75 9.017640e-01 1.164800e-02 8.658800e-02
76 9.007840e-01 1.157600e-02 8.764000e-02
77 8.997840e-01 1.150800e-02 8.870800e-02
78 8.989680e-01 1.137200e-02 8.966000e-02
79 8.979680e-01 1.157200e-02 9.046000e-02
80 8.970440e-01 1.148800e-02 9.146800e-02
81 8.962480e-01 1.140000e-02 9.235200e-02
82 8.954560e-01 1.114000e-02 9.340400e-02
83 8.944720e-01 1.121600e-02 9.431200e-02
84 8.937480e-01 1.111600e-02 9.513600e-02
85 8.928000e-01 1.120000e-02 9.600000e-02
86 8.919480e-01 1.110000e-02 9.695200e-02
87 8.911360e-01 1.098800e-02 9.787600e-02
88 8.902000e-01 1.097200e-02 9.882800e-02
89 8.892040e-01 1.100800e-02 9.978800e-02
90 8.882720e-01 1.112000e-02 1.006080e-01
91 8.875040e-01 1.114400e-02 1.013520e-01
92 8.865640e-01 1.135600e-02 1.020800e-01
93 8.857640e-01 1.129600e-02 1.029400e-01
94 8.850640e-01 1.106800e-02 1.038680e-01
95 8.842480e-01 1.102400e-02 1.047280e-01
96 8.833440e-01 1.100000e-02 1.056560e-01
97 8.826840e-01 1.088400e-02 1.064320e-01
98 8.819640e-01 1.084000e-02 1.071960e-01
99 8.814360e-01 1.054800e-02 1.080160e-01
100 8.809200e-01 1.042400e-02 1.086560e-01
101 8.803560e-01 1.058000e-02 1.090640e-01
102 8.796960e-01 1.054800e-02 1.097560e-01
103 8.791480e-01 1.042400e-02 1.104280e-01
104 8.785760e-01 1.031600e-02 1.111080e-01
105 8.781640e-01 1.026400e-02 1.115720e-01
106 8.774720e-01 1.027200e-02 1.122560e-01
107 8.767760e-01 1.034800e-02 1.128760e-01
108 8.761560e-01 1.039600e-02 1.134480e-01
109 8.755600e-01 1.052000e-02 1.139200e-01
110 8.749200e-01 1.042800e-02 1.146520e-01
111 8.745080e-01 1.023200e-02 1.152600e-01
112 8.739800e-01 1.032800e-02 1.156920e-01
113 8.733680e-01 1.025600e-02 1.163760e-01
114 8.728880e-01 1.006000e-02 1.170520e-01
115 8.722400e-01 1.019600e-02 1.175640e-01
116 8.717240e-01 1.017600e-02 1.181000e-01
117 8.710720e-01 1.038800e-02 1.185400e-01
118 8.706360e-01 1.034000e-02 1.190240e-01
119 8.699480e-01 1.049200e-02 1.195600e-01
120 8.695680e-01 1.048800e-02 1.199440e-01
121 8.689440e-01 1.053600e-02 1.205200e-01
122 8.684680e-01 1.036400e-02 1.211680e-01
123 8.680320e-01 1.026800e-02 1.217000e-01
124 8.678440e-01 9.948000e-03 1.222080e-01
125 8.672040e-01 9.920000e-03 1.228760e-01
126 8.667480e-01 9.880000e-03 1.233720e-01
127 8.663440e-01 9.932000e-03 1.237240e-01
128 8.658200e-01 1.005600e-02 1.241240e-01
129 8.654200e-01 9.808000e-03 1.247720e-01
130 8.650360e-01 9.820000e-03 1.251440e-01
131 8.644000e-01 9.992000e-03 1.256080e-01
132 8.639800e-01 1.001600e-02 1.260040e-01
133 8.637360e-01 9.956000e-03 1.263080e-01
134 8.633280e-01 9.804000e-03 1.268680e-01
135 8.632080e-01 9.676000e-03 1.271160e-01
136 8.628960e-01 9.568000e-03 1.275360e-01
137 8.625360e-01 9.748000e-03 1.277160e-01
138 8.621240e-01 9.748000e-03 1.281280e-01
139 8.618520e-01 9.724000e-03 1.284240e-01
140 8.614600e-01 9.688000e-03 1.288520e-01
141 8.611480e-01 9.760000e-03 1.290920e-01
142 8.606800e-01 9.908000e-03 1.294120e-01
143 8.601600e-01 9.988000e-03 1.298520e-01
144 8.597920e-01 1.009600e-02 1.301120e-01
145 8.596080e-01 1.001200e-02 1.303800e-01
146 8.594000e-01 1.000400e-02 1.305960e-01
147 8.591080e-01 9.952000e-03 1.309400e-01
148 8.590000e-01 9.892000e-03 1.311080e-01
149 8.586200e-01 9.916000e-03 1.314640e-01
150 8.584160e-01 9.684000e-03 1.319000e-01
151 8.581280e-01 9.616000e-03 1.322560e-01
152 8.578800e-01 9.572000e-03 1.325480e-01
153 8.574560e-01 9.620000e-03 1.329240e-01
154 8.572480e-01 9.504000e-03 1.332480e-01
155 8.568000e-01 9.768000e-03 1.334320e-01
156 8.564560e-01 9.744000e-03 1.338000e-01
157 8.562000e-01 9.604000e-03 1.341960e-01
158 8.557360e-01 9.624000e-03 1.346400e-01
159 8.554760e-01 9.708000e-03 1.348160e-01
160 8.550800e-01 9.856000e-03 1.350640e-01
161 8.548400e-01 9.892000e-03 1.352680e-01
162 8.547600e-01 9.656000e-03 1.355840e-01
163 8.545360e-01 9.580000e-03 1.358840e-01
164 8.543440e-01 9.664000e-03 1.359920e-01
165 8.540320e-01 9.704000e-03 1.362640e-01
166 8.539000e-01 9.504000e-03 1.365960e-01
167 8.537200e-01 9.520000e-03 1.367600e-01
168 8.535880e-01 9.420000e-03 1.369920e-01
169 8.532440e-01 9.532000e-03 1.372240e-01
170 8.530120e-01 9.628000e-03 1.373600e-01
171 8.526640e-01 9.580000e-03 1.377560e-01
172 8.526600e-01 9.368000e-03 1.379720e-01
173 8.524040e-01 9.436000e-03 1.381600e-01
174 8.520920e-01 9.360000e-03 1.385480e-01
175 8.518840e-01 9.340000e-03 1.387760e-01
176 8.516480e-01 9.352000e-03 1.390000e-01
177 8.516920e-01 8.976000e-03 1.393320e-01
178 8.516160e-01 8.772000e-03 1.396120e-01
179 8.515560e-01 8.800000e-03 1.396440e-01
180 8.513600e-01 8.812000e-03 1.398280e-01
181 8.510640e-01 8.820000e-03 1.401160e-01
182 8.508160e-01 8.856000e-03 1.403280e-01
183 8.508600e-01 8.792000e-03 1.403480e-01
184 8.507920e-01 8.620000e-03 1.405880e-01
185 8.509040e-01 8.592000e-03 1.405040e-01
186 8.507640e-01 8.680000e-03 1.405560e-01
187 8.507320e-01 8.588000e-03 1.406800e-01
188 8.508120e-01 8.520000e-03 1.406680e-01
189 8.511400e-01 8.412000e-03 1.404480e-01
190 8.512040e-01 8.392000e-03 1.404040e-01
191 8.511520e-01 8.332000e-03 1.405160e-01
192 8.511120e-01 8.304000e-03 1.405840e-01
193 8.508920e-01 8.616000e-03 1.404920e-01
194 8.508760e-01 8.632000e-03 1.404920e-01
195 8.508440e-01 8.512000e-03 1.406440e-01
196 8.508200e-01 8.700000e-03 1.404800e-01
197 8.508680e-01 8.564000e-03 1.405680e-01
198 8.508440e-01 8.512000e-03 1.406440e-01
199 8.508600e-01 8.564000e-03 1.405760e-01
200 8.506320e-01 8.576000e-03 1.407920e-01
201 8.505960e-01 8.532000e-03 1.408720e-01
202 8.505640e-01 8.340000e-03 1.410960e-01
203 8.505680e-01 8.196000e-03 1.412360e-01
204 8.507240e-01 7.940000e-03 1.413360e-01
205 8.507680e-01 7.904000e-03 1.413280e-01
206 8.508520e-01 7.744000e-03 1.414040e-01
207 8.508800e-01 7.756000e-03 1.413640e-01
208 8.510640e-01 7.708000e-03 1.412280e-01
209 8.511200e-01 7.792000e-03 1.410880e-01
210 8.511360e-01 7.876000e-03 1.409880e-01
211 8.513800e-01 7.932000e-03 1.406880e-01
212 8.513640e-01 7.848000e-03 1.407880e-01
213 8.514440e-01 7.732000e-03 1.408240e-01
214 8.515400e-01 7.764000e-03 1.406960e-01
215 8.515680e-01 7.744000e-03 1.406880e-01
216 8.516400e-01 7.780000e-03 1.405800e-01
217 8.514920e-01 7.996000e-03 1.405120e-01
218 8.513800e-01 8.136000e-03 1.404840e-01
219 8.511160e-01 8.196000e-03 1.406880e-01
220 8.511280e-01 8.196000e-03 1.406760e-01
221 8.512040e-01 8.312000e-03 1.404840e-01
222 8.509600e-01 8.484000e-03 1.405560e-01
223 8.510080e-01 8.416000e-03 1.405760e-01
224 8.510560e-01 8.200000e-03 1.407440e-01
225 8.511400e-01 8.072000e-03 1.407880e-01
226 8.512120e-01 8.044000e-03 1.407440e-01
227 8.512120e-01 7.924000e-03 1.408640e-01
228 8.512480e-01 7.792000e-03 1.409600e-01
229 8.512200e-01 7.636000e-03 1.411440e-01
230 8.513200e-01 7.688000e-03 1.409920e-01
231 8.514040e-01 7.536000e-03 1.410600e-01
232 8.515880e-01 7.532000e-03 1.408800e-01
233 8.517280e-01 7.544000e-03 1.407280e-01
234 8.516600e-01 7.688000e-03 1.406520e-01
235 8.518080e-01 7.704000e-03 1.404880e-01
236 8.520440e-01 7.608000e-03 1.403480e-01
237 8.522320e-01 7.492000e-03 1.402760e-01
238 8.523080e-01 7.416000e-03 1.402760e-01
239 8.523040e-01 7.416000e-03 1.402800e-01
240 8.523800e-01 7.544000e-03 1.400760e-01
241 8.524720e-01 7.552000e-03 1.399760e-01
242 8.525560e-01 7.500000e-03 1.399440e-01
243 8.527120e-01 7.468000e-03 1.398200e-01
244 8.528280e-01 7.536000e-03 1.396360e-01
245 8.528440e-01 7.612000e-03 1.395440e-01
246 8.527960e-01 7.712000e-03 1.394920e-01
247 8.526520e-01 7.820000e-03 1.395280e-01
248 8.526440e-01 7.764000e-03 1.395920e-01
249 8.527400e-01 7.680000e-03 1.395800e-01
250 8.529560e-01 7.584000e-03 1.394600e-01
251 8.529800e-01 7.560000e-03 1.394600e-01
252 8.530480e-01 7.560000e-03 1.393920e-01
253 8.531320e-01 7.504000e-03 1.393640e-01
254 8.531840e-01 7.544000e-03 1.392720e-01
255 8.535000e-01 7.372000e-03 1.391280e-01
256 8.537120e-01 7.156000e-03 1.391320e-01
257 8.539160e-01 7.032000e-03 1.390520e-01
258 8.539280e-01 6.948000e-03 1.391240e-01
259 8.540520e-01 7.040000e-03 1.389080e-01
260 8.542400e-01 7.000000e-03 1.387600e-01
261 8.542320e-01 7.100000e-03 1.386680e-01
262 8.544680e-01 6.988000e-03 1.385440e-01
263 8.547080e-01 7.004000e-03 1.382880e-01
264 8.547680e-01 7.104000e-03 1.381280e-01
265 8.548880e-01 7.188000e-03 1.379240e-01
266 8.550280e-01 7.280000e-03 1.376920e-01
267 8.551840e-01 7.292000e-03 1.375240e-01
268 8.553360e-01 7.348000e-03 1.373160e-01
269 8.553480e-01 7.204000e-03 1.374480e-01
270 8.554120e-01 7.088000e-03 1.375000e-01
271 8.556600e-01 7.052000e-03 1.372880e-01
272 8.556640e-01 7.252000e-03 1.370840e-01
273 8.558760e-01 7.224000e-03 1.369000e-01
274 8.560080e-01 7.224000e-03 1.367680e-01
275 8.563000e-01 7.300000e-03 1.364000e-01
276 8.566240e-01 7.180000e-03 1.361960e-01
277 8.566600e-01 7.140000e-03 1.362000e-01
278 8.569360e-01 6.944000e-03 1.361200e-01
279 8.571680e-01 7.000000e-03 1.358320e-01
280 8.574440e-01 6.860000e-03 1.356960e-01
281 8.574320e-01 6.920000e-03 1.356480e-01
282 8.575760e-01 6.748000e-03 1.356760e-01
283 8.579120e-01 6.728000e-03 1.353600e-01
284 8.581160e-01 6.776000e-03 1.351080e-01
285 8.582360e-01 6.788000e-03 1.349760e-01
286 8.584520e-01 6.748000e-03 1.348000e-01
287 8.587040e-01 6.636000e-03 1.346600e-01
288 8.589720e-01 6.684000e-03 1.343440e-01
289 8.592080e-01 6.664000e-03 1.341280e-01
290 8.596320e-01 6.556000e-03 1.338120e-01
291 8.598520e-01 6.548000e-03 1.336000e-01
292 8.601080e-01 6.464000e-03 1.334280e-01
293 8.603520e-01 6.260000e-03 1.333880e-01
294 8.605920e-01 6.164000e-03 1.332440e-01
295 8.608920e-01 6.088000e-03 1.330200e-01
296 8.610160e-01 6.128000e-03 1.328560e-01
297 8.613200e-01 6.152000e-03 1.325280e-01
298 8.617120e-01 6.016000e-03 1.322720e-01
299 8.618280e-01 6.020000e-03 1.321520e-01
300 8.622440e-01 5.924000e-03 1.318320e-01
301 8.627040e-01 5.972000e-03 1.313240e-01
302 8.629000e-01 5.896000e-03 1.312040e-01
303 8.630920e-01 6.032000e-03 1.308760e-01
304 8.632480e-01 6.052000e-03 1.307000e-01
305 8.635240e-01 5.968000e-03 1.305080e-01
306 8.637480e-01 5.888000e-03 1.303640e-01
307 8.640600e-01 5.920000e-03 1.300200e-01
308 8.645120e-01 5.868000e-03 1.296200e-01
309 8.648160e-01 5.780000e-03 1.294040e-01
310 8.651600e-01 5.720000e-03 1.291200e-01
311 8.654560e-01 5.724000e-03 1.288200e-01
312 8.657400e-01 5.868000e-03 1.283920e-01
313 8.660120e-01 5.924000e-03 1.280640e-01
314 8.661160e-01 5.900000e-03 1.279840e-01
315 8.663240e-01 5.852000e-03 1.278240e-01
316 8.667600e-01 5.596000e-03 1.276440e-01
317 8.672080e-01 5.524000e-03 1.272680e-01
318 8.673640e-01 5.564000e-03 1.270720e-01
319 8.678320e-01 5.512000e-03 1.266560e-01
320 8.682400e-01 5.308000e-03 1.264520e-01
321 8.685560e-01 5.312000e-03 1.261320e-01
322 8.688600e-01 5.308000e-03 1.258320e-01
323 8.692080e-01 5.228000e-03 1.255640e-01
324 8.695800e-01 5.184000e-03 1.252360e-01
325 8.699240e-01 5.304000e-03 1.247720e-01
326 8.702000e-01 5.492000e-03 1.243080e-01
327 8.703280e-01 5.632000e-03 1.240400e-01
328 8.705320e-01 5.588000e-03 1.238800e-01
329 8.708480e-01 5.600000e-03 1.235520e-01
330 8.710200e-01 5.608000e-03 1.233720e-01
331 8.711720e-01 5.704000e-03 1.231240e-01
332 8.714600e-01 5.620000e-03 1.229200e-01
333 8.716680e-01 5.524000e-03 1.228080e-01
334 8.719760e-01 5.472000e-03 1.225520e-01
335 8.722720e-01 5.432000e-03 1.222960e-01
336 8.726640e-01 5.316000e-03 1.220200e-01
337 8.730480e-01 5.152000e-03 1.218000e-01
338 8.733200e-01 5.092000e-03 1.215880e-01
339 8.737320e-01 5.100000e-03 1.211680e-01
340 8.740440e-01 5.060000e-03 1.208960e-01
341 8.744880e-01 5.064000e-03 1.204480e-01
342 8.748480e-01 5.000000e-03 1.201520e-01
343 8.749680e-01 4.980000e-03 1.200520e-01
344 8.753480e-01 4.972000e-03 1.196800e-01
345 8.755120e-01 5.056000e-03 1.194320e-01
346 8.757440e-01 5.112000e-03 1.191440e-01
347 8.761200e-01 4.992000e-03 1.188880e-01
348 8.764040e-01 5.112000e-03 1.184840e-01
349 8.766760e-01 5.188000e-03 1.181360e-01
350 8.769320e-01 5.112000e-03 1.179560e-01
351 8.771120e-01 5.164000e-03 1.177240e-01
352 8.774880e-01 5.044000e-03 1.174680e-01
353 8.777080e-01 4.980000e-03 1.173120e-01
354 8.778520e-01 5.024000e-03 1.171240e-01
355 8.782040e-01 4.952000e-03 1.168440e-01
356 8.784840e-01 4.884000e-03 1.166320e-01
357 8.786760e-01 4.896000e-03 1.164280e-01
358 8.790880e-01 4.972000e-03 1.159400e-01
359 8.792600e-01 5.084000e-03 1.156560e-01
360 8.793720e-01 5.156000e-03 1.154720e-01
361 8.796880e-01 5.208000e-03 1.151040e-01
362 8.800440e-01 5.240000e-03 1.147160e-01
363 8.802080e-01 5.264000e-03 1.145280e-01
364 8.804320e-01 5.200000e-03 1.143680e-01
365 8.810080e-01 5.096000e-03 1.138960e-01
366 8.810640e-01 5.048000e-03 1.138880e-01
367 8.815320e-01 4.868000e-03 1.136000e-01
368 8.819360e-01 4.804000e-03 1.132600e-01
369 8.821880e-01 4.676000e-03 1.131360e-01
370 8.824640e-01 4.684000e-03 1.128520e-01
371 8.826040e-01 4.800000e-03 1.125960e-01
372 8.829600e-01 4.764000e-03 1.122760e-01
373 8.830600e-01 4.880000e-03 1.120600e-01
374 8.832720e-01 4.856000e-03 1.118720e-01
375 8.834120e-01 4.840000e-03 1.117480e-01
376 8.836960e-01 4.812000e-03 1.114920e-01
377 8.840080e-01 4.740000e-03 1.112520e-01
378 8.843000e-01 4.724000e-03 1.109760e-01
379 8.844840e-01 4.712000e-03 1.108040e-01
380 8.847080e-01 4.716000e-03 1.105760e-01
381 8.850440e-01 4.696000e-03 1.102600e-01
382 8.853480e-01 4.608000e-03 1.100440e-01
383 8.856760e-01 4.608000e-03 1.097160e-01
384 8.860280e-01 4.444000e-03 1.095280e-01
385 8.863280e-01 4.424000e-03 1.092480e-01
386 8.865480e-01 4.428000e-03 1.090240e-01
387 8.868440e-01 4.304000e-03 1.088520e-01
388 8.871600e-01 4.340000e-03 1.085000e-01
389 8.874200e-01 4.328000e-03 1.082520e-01
390 8.878200e-01 4.192000e-03 1.079880e-01
391 8.880280e-01 4.300000e-03 1.076720e-01
392 8.884360e-01 4.300000e-03 1.072640e-01
393 8.887000e-01 4.248000e-03 1.070520e-01
394 8.890400e-01 4.204000e-03 1.067560e-01
395 8.894520e-01 4.232000e-03 1.063160e-01
396 8.897280e-01 4.208000e-03 1.060640e-01
397 8.899400e-01 4.292000e-03 1.057680e-01
398 8.902080e-01 4.200000e-03 1.055920e-01
399 8.905720e-01 4.080000e-03 1.053480e-01
400 8.909720e-01 4.120000e-03 1.049080e-01
401 8.911840e-01 4.064000e-03 1.047520e-01
402 8.915040e-01 4.096000e-03 1.044000e-01
403 8.917800e-01 4.068000e-03 1.041520e-01
404 8.919920e-01 4.056000e-03 1.039520e-01
405 8.922480e-01 4.020000e-03 1.037320e-01
406 8.925600e-01 3.996000e-03 1.034440e-01
407 8.929000e-01 3.840000e-03 1.032600e-01
408 8.932240e-01 3.920000e-03 1.028560e-01
409 8.936080e-01 3.920000e-03 1.024720e-01
410 8.938440e-01 3.948000e-03 1.022080e-01
411 8.941440e-01 4.008000e-03 1.018480e-01
412 8.945200e-01 3.984000e-03 1.014960e-01
413 8.948720e-01 4.004000e-03 1.011240e-01
414 8.951880e-01 4.024000e-03 1.007880e-01
415 8.954200e-01 4.036000e-03 1.005440e-01
416 8.956440e-01 3.972000e-03 1.003840e-01
417 8.958360e-01 4.004000e-03 1.001600e-01
418 8.960320e-01 4.068000e-03 9.990000e-02
419 8.962200e-01 4.108000e-03 9.967200e-02
420 8.966440e-01 4.016000e-03 9.934000e-02
421 8.970840e-01 3.964000e-03 9.895200e-02
422 8.973480e-01 3.980000e-03 9.867200e-02
423 8.976960e-01 3.852000e-03 9.845200e-02
424 8.979120e-01 3.936000e-03 9.815200e-02
425 8.981400e-01 4.024000e-03 9.783600e-02
426 8.983720e-01 4.036000e-03 9.759200e-02
427 8.987440e-01 3.904000e-03 9.735200e-02
428 8.989920e-01 3.960000e-03 9.704800e-02
429 8.991040e-01 4.044000e-03 9.685200e-02
430 8.993440e-01 4.036000e-03 9.662000e-02
431 8.996000e-01 3.900000e-03 9.650000e-02
432 8.998840e-01 3.936000e-03 9.618000e-02
433 9.001800e-01 3.884000e-03 9.593600e-02
434 9.004200e-01 3.840000e-03 9.574000e-02
435 9.006280e-01 3.724000e-03 9.564800e-02
436 9.008760e-01 3.724000e-03 9.540000e-02
437 9.011080e-01 3.772000e-03 9.512000e-02
438 9.012880e-01 3.904000e-03 9.480800e-02
439 9.016440e-01 3.856000e-03 9.450000e-02
440 9.017880e-01 3.776000e-03 9.443600e-02
441 9.021680e-01 3.696000e-03 9.413600e-02
442 9.025280e-01 3.732000e-03 9.374000e-02
443 9.027360e-01 3.820000e-03 9.344400e-02
444 9.030720e-01 3.784000e-03 9.314400e-02
445 9.034120e-01 3.668000e-03 9.292000e-02
446 9.035040e-01 3.776000e-03 9.272000e-02
447 9.036320e-01 3.796000e-03 9.257200e-02
448 9.040160e-01 3.680000e-03 9.230400e-02
449 9.041280e-01 3.792000e-03 9.208000e-02
450 9.043200e-01 3.876000e-03 9.180400e-02
451 9.046120e-01 3.776000e-03 9.161200e-02
452 9.049680e-01 3.732000e-03 9.130000e-02
453 9.052640e-01 3.752000e-03 9.098400e-02
454 9.055800e-01 3.740000e-03 9.068000e-02
455 9.058400e-01 3.648000e-03 9.051200e-02
456 9.060720e-01 3.644000e-03 9.028400e-02
457 9.063760e-01 3.608000e-03 9.001600e-02
458 9.067720e-01 3.520000e-03 8.970800e-02
459 9.071240e-01 3.456000e-03 8.942000e-02
460 9.074600e-01 3.508000e-03 8.903200e-02
461 9.076560e-01 3.528000e-03 8.881600e-02
462 9.079000e-01 3.600000e-03 8.850000e-02
463 9.082760e-01 3.496000e-03 8.822800e-02
464 9.085640e-01 3.408000e-03 8.802800e-02
465 9.087600e-01 3.456000e-03 8.778400e-02
466 9.090320e-01 3.376000e-03 8.759200e-02
467 9.093680e-01 3.412000e-03 8.722000e-02
468 9.096640e-01 3.448000e-03 8.688800e-02
469 9.098680e-01 3.336000e-03 8.679600e-02
470 9.101880e-01 3.356000e-03 8.645600e-02
471 9.104280e-01 3.408000e-03 8.616400e-02
472 9.105600e-01 3.488000e-03 8.595200e-02
473 9.107080e-01 3.536000e-03 8.575600e-02
474 9.108960e-01 3.596000e-03 8.550800e-02
475 9.110160e-01 3.732000e-03 8.525200e-02
476 9.112520e-01 3.696000e-03 8.505200e-02
477 9.115600e-01 3.660000e-03 8.478000e-02
478 9.116880e-01 3.612000e-03 8.470000e-02
479 9.117760e-01 3.616000e-03 8.460800e-02
480 9.120760e-01 3.512000e-03 8.441200e-02
481 9.122920e-01 3.604000e-03 8.410400e-02
482 9.124040e-01 3.736000e-03 8.386000e-02
483 9.127160e-01 3.684000e-03 8.360000e-02
484 9.128640e-01 3.644000e-03 8.349200e-02
485 9.131160e-01 3.588000e-03 8.329600e-02
486 9.132400e-01 3.664000e-03 8.309600e-02
487 9.134120e-01 3.612000e-03 8.297600e-02
488 9.135920e-01 3.632000e-03 8.277600e-02
489 9.137680e-01 3.636000e-03 8.259600e-02
490 9.139760e-01 3.592000e-03 8.243200e-02
491 9.142080e-01 3.660000e-03 8.213200e-02
492 9.143760e-01 3.656000e-03 8.196800e-02
493 9.143840e-01 3.780000e-03 8.183600e-02
494 9.144640e-01 3.748000e-03 8.178800e-02
495 9.146200e-01 3.744000e-03 8.163600e-02
496 9.148360e-01 3.596000e-03 8.156800e-02
497 9.151040e-01 3.544000e-03 8.135200e-02
498 9.154240e-01 3.452000e-03 8.112400e-02
499 9.157440e-01 3.392000e-03 8.086400e-02
500 9.160120e-01 3.408000e-03 8.058000e-02
501 9.162320e-01 3.316000e-03 8.045200e-02
502 9.164880e-01 3.248000e-03 8.026400e-02
503 9.169480e-01 3.064000e-03 7.998800e-02
504 9.171600e-01 3.020000e-03 7.982000e-02
505 9.175160e-01 3.012000e-03 7.947200e-02
506 9.178720e-01 2.988000e-03 7.914000e-02
507 9.181560e-01 2.960000e-03 7.888400e-02
508 9.185120e-01 2.880000e-03 7.860800e-02
509 9.187800e-01 2.944000e-03 7.827600e-02
510 9.190080e-01 2.960000e-03 7.803200e-02
511 9.192840e-01 2.996000e-03 7.772000e-02
512 9.194680e-01 3.000000e-03 7.753200e-02
513 9.196800e-01 3.000000e-03 7.732000e-02
514 9.197360e-01 3.224000e-03 7.704000e-02
515 9.197640e-01 3.388000e-03 7.684800e-02
516 9.199120e-01 3.460000e-03 7.662800e-02
517 9.198280e-01 3.584000e-03 7.658800e-02
518 9.200360e-01 3.712000e-03 7.625200e-02
519 9.200920e-01 3.876000e-03 7.603200e-02
520 9.201120e-01 4.040000e-03 7.584800e-02
521 9.201040e-01 4.168000e-03 7.572800e-02
522 9.199600e-01 4.308000e-03 7.573200e-02
523 9.197960e-01 4.428000e-03 7.577600e-02
524 9.197480e-01 4.408000e-03 7.584400e-02
525 9.195640e-01 4.460000e-03 7.597600e-02
526 9.196000e-01 4.524000e-03 7.587600e-02
527 9.196880e-01 4.464000e-03 7.584800e-02
528 9.195240e-01 4.460000e-03 7.601600e-02
529 9.195360e-01 4.468000e-03 7.599600e-02
530 9.195040e-01 4.560000e-03 7.593600e-02
531 9.195640e-01 4.416000e-03 7.602000e-02
532 9.196320e-01 4.312000e-03 7.605600e-02
533 9.197840e-01 4.264000e-03 7.595200e-02
534 9.197320e-01 4.340000e-03 7.592800e-02
535 9.198360e-01 4.192000e-03 7.597200e-02
536 9.198760e-01 4.036000e-03 7.608800e-02
537 9.199440e-01 3.956000e-03 7.610000e-02
538 9.200600e-01 3.960000e-03 7.598000e-02
539 9.203160e-01 3.820000e-03 7.586400e-02
540 9.205400e-01 3.740000e-03 7.572000e-02
541 9.204760e-01 3.724000e-03 7.580000e-02
542 9.205320e-01 3.848000e-03 7.562000e-02
543 9.206480e-01 3.920000e-03 7.543200e-02
544 9.206000e-01 3.984000e-03 7.541600e-02
545 9.205880e-01 4.072000e-03 7.534000e-02
546 9.207240e-01 3.952000e-03 7.532400e-02
547 9.207640e-01 3.980000e-03 7.525600e-02
548 9.207680e-01 3.956000e-03 7.527600e-02
549 9.207800e-01 4.080000e-03 7.514000e-02
550 9.208240e-01 4.044000e-03 7.513200e-02
551 9.210280e-01 3.928000e-03 7.504400e-02
552 9.209760e-01 4.024000e-03 7.500000e-02
553 9.209840e-01 3.956000e-03 7.506000e-02
554 9.210360e-01 3.912000e-03 7.505200e-02
555 9.210880e-01 3.916000e-03 7.499600e-02
556 9.210880e-01 4.012000e-03 7.490000e-02
557 9.211640e-01 4.060000e-03 7.477600e-02
558 9.211360e-01 4.060000e-03 7.480400e-02
559 9.210280e-01 4.136000e-03 7.483600e-02
560 9.210200e-01 4.248000e-03 7.473200e-02
561 9.210360e-01 4.192000e-03 7.477200e-02
562 9.210760e-01 4.132000e-03 7.479200e-02
563 9.210880e-01 4.072000e-03 7.484000e-02
564 9.210520e-01 4.152000e-03 7.479600e-02
565 9.210960e-01 4.128000e-03 7.477600e-02
566 9.210160e-01 4.096000e-03 7.488800e-02
567 9.210240e-01 4.148000e-03 7.482800e-02
568 9.210040e-01 4.188000e-03 7.480800e-02
569 9.209360e-01 4.128000e-03 7.493600e-02
570 9.210720e-01 3.984000e-03 7.494400e-02
571 9.210120e-01 4.152000e-03 7.483600e-02
572 9.211160e-01 4.056000e-03 7.482800e-02
573 9.211040e-01 4.168000e-03 7.472800e-02
574 9.211560e-01 4.268000e-03 7.457600e-02
575 9.211320e-01 4.392000e-03 7.447600e-02
576 9.210920e-01 4.448000e-03 7.446000e-02
577 9.211880e-01 4.372000e-03 7.444000e-02
578 9.211480e-01 4.272000e-03 7.458000e-02
579 9.211160e-01 4.380000e-03 7.450400e-02
580 9.211480e-01 4.412000e-03 7.444000e-02
581 9.210040e-01 4.424000e-03 7.457200e-02
582 9.209160e-01 4.460000e-03 7.462400e-02
583 9.208600e-01 4.376000e-03 7.476400e-02
584 9.207960e-01 4.356000e-03 7.484800e-02
585 9.204360e-01 4.572000e-03 7.499200e-02
586 9.203480e-01 4.612000e-03 7.504000e-02
587 9.201200e-01 4.704000e-03 7.517600e-02
588 9.197880e-01 4.900000e-03 7.531200e-02
589 9.196160e-01 5.076000e-03 7.530800e-02
590 9.193400e-01 5.208000e-03 7.545200e-02
591 9.193280e-01 5.056000e-03 7.561600e-02
592 9.191200e-01 5.192000e-03 7.568800e-02
593 9.189120e-01 5.324000e-03 7.576400e-02
594 9.189320e-01 5.180000e-03 7.588800e-02
595 9.189120e-01 4.988000e-03 7.610000e-02
596 9.188160e-01 5.088000e-03 7.609600e-02
597 9.187560e-01 5.056000e-03 7.618800e-02
598 9.185880e-01 5.032000e-03 7.638000e-02
599 9.185800e-01 5.108000e-03 7.631200e-02
600 9.185160e-01 5.016000e-03 7.646800e-02
601 9.184720e-01 4.968000e-03 7.656000e-02
602 9.182920e-01 4.988000e-03 7.672000e-02
603 9.182360e-01 5.064000e-03 7.670000e-02
604 9.180840e-01 5.024000e-03 7.689200e-02
605 9.180320e-01 4.944000e-03 7.702400e-02
606 9.180200e-01 4.860000e-03 7.712000e-02
607 9.178080e-01 4.888000e-03 7.730400e-02
608 9.175920e-01 5.024000e-03 7.738400e-02
609 9.177120e-01 5.068000e-03 7.722000e-02
610 9.177560e-01 4.944000e-03 7.730000e-02
611 9.175600e-01 5.016000e-03 7.742400e-02
612 9.176320e-01 5.012000e-03 7.735600e-02
613 9.176840e-01 4.944000e-03 7.737200e-02
614 9.174920e-01 5.084000e-03 7.742400e-02
615 9.174240e-01 5.040000e-03 7.753600e-02
616 9.170560e-01 5.208000e-03 7.773600e-02
617 9.168240e-01 5.312000e-03 7.786400e-02
618 9.168640e-01 5.332000e-03 7.780400e-02
619 9.165720e-01 5.312000e-03 7.811600e-02
620 9.163600e-01 5.348000e-03 7.829200e-02
621 9.162240e-01 5.396000e-03 7.838000e-02
622 9.162800e-01 5.228000e-03 7.849200e-02
623 9.161960e-01 5.204000e-03 7.860000e-02
624 9.161760e-01 5.164000e-03 7.866000e-02
625 9.162160e-01 5.068000e-03 7.871600e-02
626 9.161960e-01 5.052000e-03 7.875200e-02
627 9.162760e-01 4.996000e-03 7.872800e-02
628 9.162520e-01 4.848000e-03 7.890000e-02
629 9.162000e-01 4.924000e-03 7.887600e-02
630 9.161480e-01 4.856000e-03 7.899600e-02
631 9.160720e-01 4.860000e-03 7.906800e-02
632 9.161640e-01 4.692000e-03 7.914400e-02
633 9.163640e-01 4.548000e-03 7.908800e-02
634 9.163720e-01 4.576000e-03 7.905200e-02
635 9.162800e-01 4.628000e-03 7.909200e-02
636 9.162640e-01 4.728000e-03 7.900800e-02
637 9.163240e-01 4.644000e-03 7.903200e-02
638 9.162040e-01 4.764000e-03 7.903200e-02
639 9.161800e-01 4.612000e-03 7.920800e-02
640 9.162520e-01 4.648000e-03 7.910000e-02
641 9.161920e-01 4.552000e-03 7.925600e-02
642 9.164120e-01 4.324000e-03 7.926400e-02
643 9.163080e-01 4.280000e-03 7.941200e-02
644 9.163880e-01 4.320000e-03 7.929200e-02
645 9.162720e-01 4.452000e-03 7.927600e-02
646 9.163760e-01 4.356000e-03 7.926800e-02
647 9.164240e-01 4.380000e-03 7.919600e-02
648 9.164280e-01 4.372000e-03 7.920000e-02
649 9.163960e-01 4.348000e-03 7.925600e-02
650 9.164520e-01 4.328000e-03 7.922000e-02
651 9.164640e-01 4.264000e-03 7.927200e-02
652 9.166640e-01 4.288000e-03 7.904800e-02
653 9.167520e-01 4.280000e-03 7.896800e-02
654 9.168320e-01 4.228000e-03 7.894000e-02
655 9.168520e-01 4.244000e-03 7.890400e-02
656 9.168760e-01 4.312000e-03 7.881200e-02
657 9.167560e-01 4.440000e-03 7.880400e-02
658 9.166360e-01 4.568000e-03 7.879600e-02
659 9.164720e-01 4.668000e-03 7.886000e-02
660 9.164720e-01 4.752000e-03 7.877600e-02
661 9.163560e-01 4.884000e-03 7.876000e-02
662 9.160640e-01 4.968000e-03 7.896800e-02
663 9.160040e-01 5.088000e-03 7.890800e-02
664 9.157840e-01 5.300000e-03 7.891600e-02
665 9.155520e-01 5.380000e-03 7.906800e-02
666 9.154040e-01 5.432000e-03 7.916400e-02
667 9.153960e-01 5.328000e-03 7.927600e-02
668 9.153200e-01 5.276000e-03 7.940400e-02
669 9.152600e-01 5.164000e-03 7.957600e-02
670 9.151840e-01 5.084000e-03 7.973200e-02
671 9.150400e-01 5.168000e-03 7.979200e-02
672 9.147840e-01 5.144000e-03 8.007200e-02
673 9.147080e-01 5.052000e-03 8.024000e-02
674 9.146880e-01 5.104000e-03 8.020800e-02
675 9.146360e-01 4.936000e-03 8.042800e-02
676 9.147080e-01 4.764000e-03 8.052800e-02
677 9.147760e-01 4.656000e-03 8.056800e-02
678 9.148280e-01 4.764000e-03 8.040800e-02
679 9.148160e-01 4.680000e-03 8.050400e-02
680 9.148240e-01 4.748000e-03 8.042800e-02
681 9.146920e-01 4.876000e-03 8.043200e-02
682 9.145800e-01 4.912000e-03 8.050800e-02
683 9.145680e-01 4.772000e-03 8.066000e-02
684 9.145440e-01 4.724000e-03 8.073200e-02
685 9.144640e-01 4.752000e-03 8.078400e-02
686 9.144840e-01 4.716000e-03 8.080000e-02
687 9.144160e-01 4.672000e-03 8.091200e-02
688 9.144400e-01 4.692000e-03 8.086800e-02
689 9.143840e-01 4.560000e-03 8.105600e-02
690 9.143480e-01 4.608000e-03 8.104400e-02
691 9.143520e-01 4.572000e-03 8.107600e-02
692 9.143560e-01 4.692000e-03 8.095200e-02
693 9.142800e-01 4.716000e-03 8.100400e-02
694 9.144120e-01 4.680000e-03 8.090800e-02
695 9.144800e-01 4.576000e-03 8.094400e-02
696 9.144000e-01 4.704000e-03 8.089600e-02
697 9.143320e-01 4.704000e-03 8.096400e-02
698 9.143320e-01 4.704000e-03 8.096400e-02
699 9.142800e-01 4.744000e-03 8.097600e-02
700 9.142480e-01 4.620000e-03 8.113200e-02
701 9.141640e-01 4.788000e-03 8.104800e-02
702 9.142000e-01 4.724000e-03 8.107600e-02
703 9.140920e-01 4.796000e-03 8.111200e-02
704 9.139840e-01 4.804000e-03 8.121200e-02
705 9.138920e-01 4.864000e-03 8.124400e-02
706 9.138240e-01 4.888000e-03 8.128800e-02
707 9.136120e-01 5.152000e-03 8.123600e-02
708 9.135480e-01 5.112000e-03 8.134000e-02
709 9.134960e-01 5.132000e-03 8.137200e-02
710 9.133720e-01 5.132000e-03 8.149600e-02
711 9.133600e-01 5.024000e-03 8.161600e-02
712 9.134400e-01 4.944000e-03 8.161600e-02
713 9.133080e-01 4.868000e-03 8.182400e-02
714 9.133360e-01 4.828000e-03 8.183600e-02
715 9.133120e-01 4.864000e-03 8.182400e-02
716 9.131840e-01 4.896000e-03 8.192000e-02
717 9.131720e-01 4.884000e-03 8.194400e-02
718 9.130440e-01 4.908000e-03 8.204800e-02
719 9.129520e-01 4.860000e-03 8.218800e-02
720 9.128960e-01 4.892000e-03 8.221200e-02
721 9.128440e-01 4.932000e-03 8.222400e-02
722 9.128720e-01 5.008000e-03 8.212000e-02
723 9.128360e-01 5.040000e-03 8.212400e-02
724 9.127200e-01 5.208000e-03 8.207200e-02
725 9.126040e-01 5.248000e-03 8.214800e-02
726 9.124480e-01 5.184000e-03 8.236800e-02
727 9.125280e-01 5.124000e-03 8.234800e-02
728 9.126000e-01 5.028000e-03 8.237200e-02
729 9.126200e-01 4.912000e-03 8.246800e-02
730 9.127440e-01 4.808000e-03 8.244800e-02
731 9.127960e-01 4.688000e-03 8.251600e-02
732 9.127800e-01 4.720000e-03 8.250000e-02
733 9.127960e-01 4.700000e-03 8.250400e-02
734 9.128000e-01 4.588000e-03 8.261200e-02
735 9.128240e-01 4.512000e-03 8.266400e-02
736 9.130120e-01 4.324000e-03 8.266400e-02
737 9.130520e-01 4.416000e-03 8.253200e-02
738 9.131120e-01 4.436000e-03 8.245200e-02
739 9.132360e-01 4.400000e-03 8.236400e-02
740 9.134640e-01 4.376000e-03 8.216000e-02
741 9.134520e-01 4.488000e-03 8.206000e-02
742 9.135800e-01 4.336000e-03 8.208400e-02
743 9.138040e-01 4.260000e-03 8.193600e-02
744 9.139680e-01 4.236000e-03 8.179600e-02
745 9.140720e-01 4.236000e-03 8.169200e-02
746 9.140520e-01 4.196000e-03 8.175200e-02
747 9.141400e-01 4.160000e-03 8.170000e-02
748 9.142800e-01 4.168000e-03 8.155200e-02
749 9.144000e-01 4.100000e-03 8.150000e-02
750 9.145560e-01 3.940000e-03 8.150400e-02
751 9.148280e-01 3.912000e-03 8.126000e-02
752 9.148440e-01 3.880000e-03 8.127600e-02
753 9.149960e-01 3.720000e-03 8.128400e-02
754 9.152120e-01 3.768000e-03 8.102000e-02
755 9.153760e-01 3.772000e-03 8.085200e-02
756 9.154680e-01 3.784000e-03 8.074800e-02
757 9.156320e-01 3.812000e-03 8.055600e-02
758 9.157320e-01 3.872000e-03 8.039600e-02
759 9.159240e-01 3.848000e-03 8.022800e-02
760 9.159640e-01 3.872000e-03 8.016400e-02
761 9.160720e-01 3.936000e-03 7.999200e-02
762 9.161360e-01 3.944000e-03 7.992000e-02
763 9.163080e-01 3.884000e-03 7.980800e-02
764 9.163360e-01 3.916000e-03 7.974800e-02
765 9.164440e-01 3.968000e-03 7.958800e-02
766 9.167000e-01 3.884000e-03 7.941600e-02
767 9.169960e-01 3.804000e-03 7.920000e-02
768 9.170000e-01 3.800000e-03 7.920000e-02
769 9.171800e-01 3.680000e-03 7.914000e-02
770 9.173240e-01 3.644000e-03 7.903200e-02
771 9.174280e-01 3.720000e-03 7.885200e-02
772 9.176000e-01 3.668000e-03 7.873200e-02
773 9.177160e-01 3.792000e-03 7.849200e-02
774 9.179480e-01 3.772000e-03 7.828000e-02
775 9.181160e-01 3.756000e-03 7.812800e-02
776 9.183080e-01 3.680000e-03 7.801200e-02
777 9.183880e-01 3.764000e-03 7.784800e-02
778 9.185680e-01 3.616000e-03 7.781600e-02
779 9.187120e-01 3.652000e-03 7.763600e-02
780 9.188920e-01 3.700000e-03 7.740800e-02
781 9.190040e-01 3.632000e-03 7.736400e-02
782 9.191480e-01 3.620000e-03 7.723200e-02
783 9.192280e-01 3.676000e-03 7.709600e-02
784 9.193240e-01 3.776000e-03 7.690000e-02
785 9.196400e-01 3.596000e-03 7.676400e-02
786 9.198120e-01 3.548000e-03 7.664000e-02
787 9.199120e-01 3.732000e-03 7.635600e-02
788 9.200440e-01 3.684000e-03 7.627200e-02
789 9.201280e-01 3.724000e-03 7.614800e-02
790 9.202320e-01 3.768000e-03 7.600000e-02
791 9.203360e-01 3.700000e-03 7.596400e-02
792 9.202760e-01 3.848000e-03 7.587600e-02
793 9.203720e-01 3.884000e-03 7.574400e-02
794 9.205040e-01 3.800000e-03 7.569600e-02
795 9.206120e-01 3.792000e-03 7.559600e-02
796 9.207040e-01 3.816000e-03 7.548000e-02
797 9.206760e-01 3.932000e-03 7.539200e-02
798 9.207360e-01 3.916000e-03 7.534800e-02
799 9.207360e-01 3.944000e-03 7.532000e-02
800 9.209480e-01 3.876000e-03 7.517600e-02
801 9.210480e-01 3.776000e-03 7.517600e-02
802 9.211400e-01 3.848000e-03 7.501200e-02
803 9.213560e-01 3.768000e-03 7.487600e-02
804 9.215160e-01 3.704000e-03 7.478000e-02
805 9.215480e-01 3.624000e-03 7.482800e-02
806 9.216760e-01 3.648000e-03 7.467600e-02
807 9.217200e-01 3.520000e-03 7.476000e-02
808 9.219040e-01 3.516000e-03 7.458000e-02
809 9.219920e-01 3.504000e-03 7.450400e-02
810 9.221400e-01 3.468000e-03 7.439200e-02
811 9.222520e-01 3.508000e-03 7.424000e-02
812 9.223520e-01 3.448000e-03 7.420000e-02
813 9.225200e-01 3.496000e-03 7.398400e-02
814 9.226480e-01 3.424000e-03 7.392800e-02
815 9.227760e-01 3.448000e-03 7.377600e-02
816 9.229920e-01 3.460000e-03 7.354800e-02
817 9.232320e-01 3.448000e-03 7.332000e-02
818 9.234040e-01 3.460000e-03 7.313600e-02
819 9.236400e-01 3.344000e-03 7.301600e-02
820 9.237320e-01 3.308000e-03 7.296000e-02
821 9.238040e-01 3.308000e-03 7.288800e-02
822 9.240080e-01 3.344000e-03 7.264800e-02
823 9.241400e-01 3.320000e-03 7.254000e-02
824 9.241840e-01 3.312000e-03 7.250400e-02
825 9.242200e-01 3.380000e-03 7.240000e-02
826 9.243800e-01 3.380000e-03 7.224000e-02
827 9.244040e-01 3.440000e-03 7.215600e-02
828 9.245720e-01 3.412000e-03 7.201600e-02
829 9.246960e-01 3.336000e-03 7.196800e-02
830 9.249560e-01 3.288000e-03 7.175600e-02
831 9.250800e-01 3.164000e-03 7.175600e-02
832 9.252920e-01 3.128000e-03 7.158000e-02
833 9.253960e-01 3.144000e-03 7.146000e-02
834 9.256480e-01 3.136000e-03 7.121600e-02
835 9.258680e-01 3.012000e-03 7.112000e-02
836 9.260480e-01 3.064000e-03 7.088800e-02
837 9.263480e-01 2.980000e-03 7.067200e-02
838 9.266680e-01 2.876000e-03 7.045600e-02
839 9.269360e-01 2.832000e-03 7.023200e-02
840 9.272360e-01 2.728000e-03 7.003600e-02
841 9.274600e-01 2.748000e-03 6.979200e-02
842 9.277400e-01 2.724000e-03 6.953600e-02
843 9.278720e-01 2.836000e-03 6.929200e-02
844 9.279680e-01 2.968000e-03 6.906400e-02
845 9.280480e-01 3.076000e-03 6.887600e-02
846 9.282080e-01 3.108000e-03 6.868400e-02
847 9.283040e-01 3.120000e-03 6.857600e-02
848 9.283760e-01 3.216000e-03 6.840800e-02
849 9.285080e-01 3.168000e-03 6.832400e-02
850 9.286240e-01 3.132000e-03 6.824400e-02
851 9.288840e-01 3.060000e-03 6.805600e-02
852 9.290440e-01 2.928000e-03 6.802800e-02
853 9.291200e-01 2.956000e-03 6.792400e-02
854 9.292320e-01 2.992000e-03 6.777600e-02
855 9.291760e-01 3.224000e-03 6.760000e-02
856 9.292720e-01 3.240000e-03 6.748800e-02
857 9.292800e-01 3.304000e-03 6.741600e-02
858 9.293800e-01 3.248000e-03 6.737200e-02
859 9.295360e-01 3.168000e-03 6.729600e-02
860 9.297000e-01 3.220000e-03 6.708000e-02
861 9.297080e-01 3.220000e-03 6.707200e-02
862 9.298520e-01 3.252000e-03 6.689600e-02
863 9.299880e-01 3.152000e-03 6.686000e-02
864 9.299840e-01 3.204000e-03 6.681200e-02
865 9.302000e-01 3.080000e-03 6.672000e-02
866 9.301480e-01 3.200000e-03 6.665200e-02
867 9.302080e-01 3.128000e-03 6.666400e-02
868 9.303840e-01 3.100000e-03 6.651600e-02
869 9.304560e-01 3.144000e-03 6.640000e-02
870 9.305320e-01 3.156000e-03 6.631200e-02
871 9.305480e-01 3.228000e-03 6.622400e-02
872 9.304560e-01 3.276000e-03 6.626800e-02
873 9.306480e-01 3.284000e-03 6.606800e-02
874 9.306640e-01 3.384000e-03 6.595200e-02
875 9.307080e-01 3.420000e-03 6.587200e-02
876 9.307440e-01 3.484000e-03 6.577200e-02
877 9.309040e-01 3.428000e-03 6.566800e-02
878 9.309520e-01 3.416000e-03 6.563200e-02
879 9.309640e-01 3.440000e-03 6.559600e-02
880 9.311440e-01 3.344000e-03 6.551200e-02
881 9.312120e-01 3.316000e-03 6.547200e-02
882 9.311800e-01 3.372000e-03 6.544800e-02
883 9.312080e-01 3.344000e-03 6.544800e-02
884 9.312520e-01 3.232000e-03 6.551600e-02
885 9.311200e-01 3.232000e-03 6.564800e-02
886 9.311640e-01 3.204000e-03 6.563200e-02
887 9.312040e-01 3.284000e-03 6.551200e-02
888 9.311840e-01 3.492000e-03 6.532400e-02
889 9.309880e-01 3.668000e-03 6.534400e-02
890 9.309800e-01 3.688000e-03 6.533200e-02
891 9.309360e-01 3.668000e-03 6.539600e-02
892 9.308800e-01 3.772000e-03 6.534800e-02
893 9.309520e-01 3.660000e-03 6.538800e-02
894 9.309800e-01 3.696000e-03 6.532400e-02
895 9.310760e-01 3.732000e-03 6.519200e-02
896 9.311320e-01 3.664000e-03 6.520400e-02
897 9.312480e-01 3.544000e-03 6.520800e-02
898 9.312400e-01 3.644000e-03 6.511600e-02
899 9.311880e-01 3.660000e-03 6.515200e-02
900 9.312840e-01 3.644000e-03 6.507200e-02
901 9.313160e-01 3.640000e-03 6.504400e-02
902 9.312360e-01 3.748000e-03 6.501600e-02
903 9.311280e-01 3.808000e-03 6.506400e-02
904 9.311040e-01 3.740000e-03 6.515600e-02
905 9.310320e-01 3.756000e-03 6.521200e-02
906 9.311320e-01 3.736000e-03 6.513200e-02
907 9.310200e-01 3.828000e-03 6.515200e-02
908 9.310600e-01 3.840000e-03 6.510000e-02
909 9.309960e-01 3.968000e-03 6.503600e-02
910 9.311240e-01 3.932000e-03 6.494400e-02
911 9.310240e-01 3.968000e-03 6.500800e-02
912 9.311000e-01 3.908000e-03 6.499200e-02
913 9.311880e-01 3.736000e-03 6.507600e-02
914 9.312800e-01 3.756000e-03 6.496400e-02
915 9.312760e-01 3.776000e-03 6.494800e-02
916 9.313000e-01 3.812000e-03 6.488800e-02
917 9.313320e-01 3.884000e-03 6.478400e-02
918 9.313120e-01 3.904000e-03 6.478400e-02
919 9.311960e-01 3.940000e-03 6.486400e-02
920 9.310680e-01 4.004000e-03 6.492800e-02
921 9.309720e-01 4.076000e-03 6.495200e-02
922 9.309120e-01 3.960000e-03 6.512800e-02
923 9.307800e-01 4.084000e-03 6.513600e-02
924 9.308080e-01 4.044000e-03 6.514800e-02
925 9.306400e-01 3.920000e-03 6.544000e-02
926 9.305400e-01 3.944000e-03 6.551600e-02
927 9.305200e-01 3.960000e-03 6.552000e-02
928 9.305280e-01 3.948000e-03 6.552400e-02
929 9.304440e-01 3.984000e-03 6.557200e-02
930 9.304600e-01 4.036000e-03 6.550400e-02
931 9.303840e-01 4.024000e-03 6.559200e-02
932 9.303400e-01 4.104000e-03 6.555600e-02
