1 9.992000e-01 6.920000e-04 1.080000e-04
2 9.987000e-01 1.056000e-03 2.440000e-04
3 9.980000e-01 1.552000e-03 4.480000e-04
4 9.971080e-01 2.092000e-03 8.000000e-04
5 9.962120e-01 2.596000e-03 1.192000e-03
6 9.953360e-01 2.952000e-03 1.712000e-03
7 9.943360e-01 3.344000e-03 2.320000e-03
8 9.932880e-01 3.836000e-03 2.876000e-03
9 9.921040e-01 4.312000e-03 3.584000e-03
10 9.909520e-01 4.668000e-03 4.380000e-03
11 9.897760e-01 5.124000e-03 5.100000e-03
12 9.887400e-01 5.324000e-03 5.936000e-03
13 9.875680e-01 5.612000e-03 6.820000e-03
14 9.863720e-01 5.968000e-03 7.660000e-03
15 9.851720e-01 6.180000e-03 8.648000e-03
16 9.839520e-01 6.368000e-03 9.680000e-03
17 9.826280e-01 6.620000e-03 1.075200e-02
18 9.814080e-01 6.788000e-03 1.180400e-02
19 9.800240e-01 6.996000e-03 1.298000e-02
20 9.787680e-01 7.288000e-03 1.394400e-02
21 9.775240e-01 7.408000e-03 1.506800e-02
22 9.761760e-01 7.680000e-03 1.614400e-02
23 9.748320e-01 7.836000e-03 1.733200e-02
24 9.735640e-01 7.956000e-03 1.848000e-02
25 9.722040e-01 8.076000e-03 1.972000e-02
26 9.710040e-01 8.160000e-03 2.083600e-02
27 9.696600e-01 8.332000e-03 2.200800e-02
28 9.682640e-01 8.464000e-03 2.327200e-02
29 9.669560e-01 8.520000e-03 2.452400e-02
30 9.655280e-01 8.780000e-03 2.569200e-02
31 9.641080e-01 9.036000e-03 2.685600e-02
32 9.625120e-01 9.288000e-03 2.820000e-02
33 9.608840e-01 9.620000e-03 2.949600e-02
34 9.594440e-01 9.772000e-03 3.078400e-02
35 9.578520e-01 9.888000e-03 3.226000e-02
36 9.563440e-01 1.012400e-02 3.353200e-02
37 9.547000e-01 1.051200e-02 3.478800e-02
38 9.532120e-01 1.062400e-02 3.616400e-02
39 9.517440e-01 1.066000e-02 3.759600e-02
40 9.505160e-01 1.053200e-02 3.895200e-02
41 9.492120e-01 1.062800e-02 4.016000e-02
42 9.477760e-01 1.074000e-02 4.148400e-02
43 9.463480e-01 1.092800e-02 4.272400e-02
44 9.449880e-01 1.081200e-02 4.420000e-02
45 9.435360e-01 1.090400e-02 4.556000e-02
46 9.421160e-01 1.097200e-02 4.691200e-02
47 9.405600e-01 1.105600e-02 4.838400e-02
48 9.389600e-01 1.117200e-02 4.986800e-02
49 9.375400e-01 1.107200e-02 5.138800e-02
50 9.360760e-01 1.121600e-02 5.270800e-02
51 9.344000e-01 1.158800e-02 5.401200e-02
52 9.327640e-01 1.184400e-02 5.539200e-02
53 9.311080e-01 1.222800e-02 5.666400e-02
54 9.294160e-01 1.236400e-02 5.822000e-02
55 9.278080e-01 1.238400e-02 5.980800e-02
56 9.262240e-01 1.248400e-02 6.129200e-02
57 9.247000e-01 1.267200e-02 6.262800e-02
58 9.231440e-01 1.287600e-02 6.398000e-02
59 9.213840e-01 1.317200e-02 6.544400e-02
60 9.197280e-01 1.338400e-02 6.688800e-02
61 9.182480e-01 1.329200e-02 6.846000e-02
62 9.166640e-01 1.314800e-02 7.018800e-02
63 9.151680e-01 1.337600e-02 7.145600e-02
64 9.135200e-01 1.344800e-02 7.303200e-02
65 9.120520e-01 1.335200e-02 7.459600e-02
66 9.104040e-01 1.366800e-02 7.592800e-02
67 9.090120e-01 1.371200e-02 7.727600e-02
68 9.075520e-01 1.368000e-02 7.876800e-02
69 9.060720e-01 1.360000e-02 8.032800e-02
70 9.046560e-01 1.353600e-02 8.180800e-02
71 9.029880e-01 1.368800e-02 8.332400e-02
72 9.015600e-01 1.368800e-02 8.475200e-02
73 9.000920e-01 1.364400e-02 8.626400e-02
74 8.987280e-01 1.369600e-02 8.757600e-02
75 8.974200e-01 1.372000e-02 8.886000e-02
76 8.959720e-01 1.386400e-02 9.016400e-02
77 8.947200e-01 1.381600e-02 9.146400e-02
78 8.932640e-01 1.404000e-02 9.269600e-02
79 8.918760e-01 1.412800e-02 9.399600e-02
80 8.905240e-01 1.410400e-02 9.537200e-02
81 8.891400e-01 1.416000e-02 9.670000e-02
82 8.876040e-01 1.414400e-02 9.825200e-02
83 8.861960e-01 1.415600e-02 9.964800e-02
84 8.850480e-01 1.414000e-02 1.008120e-01
85 8.837800e-01 1.422800e-02 1.019920e-01
86 8.825400e-01 1.393200e-02 1.035280e-01
87 8.814880e-01 1.382000e-02 1.046920e-01
88 8.803840e-01 1.372000e-02 1.058960e-01
89 8.791880e-01 1.355200e-02 1.072600e-01
90 8.780640e-01 1.362000e-02 1.083160e-01
91 8.769040e-01 1.373600e-02 1.093600e-01
92 8.755960e-01 1.380000e-02 1.106040e-01
93 8.745240e-01 1.372000e-02 1.117560e-01
94 8.732080e-01 1.400400e-02 1.127880e-01
95 8.720600e-01 1.388000e-02 1.140600e-01
96 8.709880e-01 1.392800e-02 1.150840e-01
97 8.698880e-01 1.393600e-02 1.161760e-01
98 8.687880e-01 1.377200e-02 1.174400e-01
99 8.676080e-01 1.368400e-02 1.187080e-01
100 8.666280e-01 1.355200e-02 1.198200e-01
101 8.658320e-01 1.346000e-02 1.207080e-01
102 8.647880e-01 1.336400e-02 1.218480e-01
103 8.638600e-01 1.334000e-02 1.228000e-01
104 8.630320e-01 1.331600e-02 1.236520e-01
105 8.622640e-01 1.316400e-02 1.245720e-01
106 8.615920e-01 1.286000e-02 1.255480e-01
107 8.606920e-01 1.286400e-02 1.264440e-01
108 8.598600e-01 1.305200e-02 1.270880e-01
109 8.590760e-01 1.286800e-02 1.280560e-01
110 8.583520e-01 1.270800e-02 1.289400e-01
111 8.577600e-01 1.254800e-02 1.296920e-01
112 8.569760e-01 1.247200e-02 1.305520e-01
113 8.563400e-01 1.225200e-02 1.314080e-01
114 8.557040e-01 1.226400e-02 1.320320e-01
115 8.551280e-01 1.234400e-02 1.325280e-01
116 8.543760e-01 1.241600e-02 1.332080e-01
117 8.537520e-01 1.236800e-02 1.338800e-01
118 8.530000e-01 1.233200e-02 1.346680e-01
119 8.523240e-01 1.233600e-02 1.353400e-01
120 8.517480e-01 1.227200e-02 1.359800e-01
121 8.512720e-01 1.215200e-02 1.365760e-01
122 8.505520e-01 1.231600e-02 1.371320e-01
123 8.498640e-01 1.227600e-02 1.378600e-01
124 8.494080e-01 1.217200e-02 1.384200e-01
125 8.489200e-01 1.192000e-02 1.391600e-01
126 8.484680e-01 1.170800e-02 1.398240e-01
127 8.480560e-01 1.165200e-02 1.402920e-01
128 8.475760e-01 1.166800e-02 1.407560e-01
129 8.469800e-01 1.168000e-02 1.413400e-01
130 8.465240e-01 1.149600e-02 1.419800e-01
131 8.460480e-01 1.149200e-02 1.424600e-01
132 8.455840e-01 1.150800e-02 1.429080e-01
133 8.451520e-01 1.146800e-02 1.433800e-01
134 8.446280e-01 1.158000e-02 1.437920e-01
135 8.441840e-01 1.148400e-02 1.443320e-01
136 8.436600e-01 1.161600e-02 1.447240e-01
137 8.431840e-01 1.160000e-02 1.452160e-01
138 8.427480e-01 1.146800e-02 1.457840e-01
139 8.421920e-01 1.154400e-02 1.462640e-01
140 8.416280e-01 1.168000e-02 1.466920e-01
141 8.408640e-01 1.186000e-02 1.472760e-01
142 8.404440e-01 1.171200e-02 1.478440e-01
143 8.400360e-01 1.167600e-02 1.482880e-01
144 8.393280e-01 1.177600e-02 1.488960e-01
145 8.389800e-01 1.167200e-02 1.493480e-01
146 8.383760e-01 1.179600e-02 1.498280e-01
147 8.379680e-01 1.163600e-02 1.503960e-01
148 8.374680e-01 1.155200e-02 1.509800e-01
149 8.370560e-01 1.154000e-02 1.514040e-01
150 8.366360e-01 1.158400e-02 1.517800e-01
151 8.362720e-01 1.166400e-02 1.520640e-01
152 8.356360e-01 1.180400e-02 1.525600e-01
153 8.350840e-01 1.180800e-02 1.531080e-01
154 8.346920e-01 1.162000e-02 1.536880e-01
155 8.343600e-01 1.176000e-02 1.538800e-01
156 8.337240e-01 1.186800e-02 1.544080e-01
157 8.332000e-01 1.186800e-02 1.549320e-01
158 8.328160e-01 1.174800e-02 1.554360e-01
159 8.322840e-01 1.188800e-02 1.558280e-01
160 8.318040e-01 1.192000e-02 1.562760e-01
161 8.313160e-01 1.204400e-02 1.566400e-01
162 8.309440e-01 1.198400e-02 1.570720e-01
163 8.308400e-01 1.182400e-02 1.573360e-01
164 8.303520e-01 1.195600e-02 1.576920e-01
165 8.299920e-01 1.201600e-02 1.579920e-01
166 8.298480e-01 1.184400e-02 1.583080e-01
167 8.292640e-01 1.200400e-02 1.587320e-01
168 8.289200e-01 1.202800e-02 1.590520e-01
169 8.283840e-01 1.212000e-02 1.594960e-01
170 8.278800e-01 1.211200e-02 1.600080e-01
171 8.274200e-01 1.217600e-02 1.604040e-01
172 8.268360e-01 1.206400e-02 1.611000e-01
173 8.266480e-01 1.204800e-02 1.613040e-01
174 8.265440e-01 1.187200e-02 1.615840e-01
175 8.263040e-01 1.163600e-02 1.620600e-01
176 8.261000e-01 1.144400e-02 1.624560e-01
177 8.260040e-01 1.133200e-02 1.626640e-01
178 8.257560e-01 1.122000e-02 1.630240e-01
179 8.256240e-01 1.112400e-02 1.632520e-01
180 8.255200e-01 1.090800e-02 1.635720e-01
181 8.252560e-01 1.097600e-02 1.637680e-01
182 8.249920e-01 1.078800e-02 1.642200e-01
183 8.249000e-01 1.074800e-02 1.643520e-01
184 8.246160e-01 1.064800e-02 1.647360e-01
185 8.243880e-01 1.053200e-02 1.650800e-01
186 8.244280e-01 1.041600e-02 1.651560e-01
187 8.243960e-01 1.018800e-02 1.654160e-01
188 8.243920e-01 1.014000e-02 1.654680e-01
189 8.243800e-01 9.844000e-03 1.657760e-01
190 8.245040e-01 9.664000e-03 1.658320e-01
191 8.243040e-01 9.872000e-03 1.658240e-01
192 8.238720e-01 1.012800e-02 1.660000e-01
193 8.238880e-01 1.014800e-02 1.659640e-01
194 8.236520e-01 1.043600e-02 1.659120e-01
195 8.236000e-01 1.044800e-02 1.659520e-01
196 8.235120e-01 1.042000e-02 1.660680e-01
197 8.236000e-01 1.030400e-02 1.660960e-01
198 8.235400e-01 1.017200e-02 1.662880e-01
199 8.235040e-01 1.031200e-02 1.661840e-01
200 8.234520e-01 1.027600e-02 1.662720e-01
201 8.234120e-01 1.021200e-02 1.663760e-01
202 8.231920e-01 1.028800e-02 1.665200e-01
203 8.230520e-01 1.025600e-02 1.666920e-01
204 8.230480e-01 1.028800e-02 1.666640e-01
205 8.230800e-01 1.018800e-02 1.667320e-01
206 8.232040e-01 1.018400e-02 1.666120e-01
207 8.232720e-01 1.006000e-02 1.666680e-01
208 8.230800e-01 1.026400e-02 1.666560e-01
209 8.229440e-01 1.017600e-02 1.668800e-01
210 8.230840e-01 1.001200e-02 1.669040e-01
211 8.231800e-01 1.001200e-02 1.668080e-01
212 8.230680e-01 1.003200e-02 1.669000e-01
213 8.231720e-01 9.964000e-03 1.668640e-01
214 8.230920e-01 9.896000e-03 1.670120e-01
215 8.231640e-01 9.772000e-03 1.670640e-01
216 8.230600e-01 9.872000e-03 1.670680e-01
217 8.230240e-01 9.980000e-03 1.669960e-01
218 8.230720e-01 9.888000e-03 1.670400e-01
219 8.232080e-01 9.672000e-03 1.671200e-01
220 8.232600e-01 9.612000e-03 1.671280e-01
221 8.234160e-01 9.548000e-03 1.670360e-01
222 8.235480e-01 9.260000e-03 1.671920e-01
223 8.236280e-01 9.236000e-03 1.671360e-01
224 8.236720e-01 9.248000e-03 1.670800e-01
225 8.237480e-01 9.148000e-03 1.671040e-01
226 8.238480e-01 9.100000e-03 1.670520e-01
227 8.241040e-01 9.124000e-03 1.667720e-01
228 8.239840e-01 9.256000e-03 1.667600e-01
229 8.241640e-01 9.156000e-03 1.666800e-01
230 8.245480e-01 8.820000e-03 1.666320e-01
231 8.248080e-01 8.736000e-03 1.664560e-01
232 8.248480e-01 8.808000e-03 1.663440e-01
233 8.250920e-01 8.768000e-03 1.661400e-01
234 8.252040e-01 8.732000e-03 1.660640e-01
235 8.254040e-01 8.516000e-03 1.660800e-01
236 8.257360e-01 8.440000e-03 1.658240e-01
237 8.259840e-01 8.256000e-03 1.657600e-01
238 8.260760e-01 8.216000e-03 1.657080e-01
239 8.263680e-01 7.996000e-03 1.656360e-01
240 8.266400e-01 7.916000e-03 1.654440e-01
241 8.269840e-01 7.788000e-03 1.652280e-01
242 8.272640e-01 7.748000e-03 1.649880e-01
243 8.276200e-01 7.784000e-03 1.645960e-01
244 8.278200e-01 7.860000e-03 1.643200e-01
245 8.279680e-01 8.080000e-03 1.639520e-01
246 8.283200e-01 8.036000e-03 1.636440e-01
247 8.285000e-01 8.188000e-03 1.633120e-01
248 8.288040e-01 8.064000e-03 1.631320e-01
249 8.290760e-01 7.964000e-03 1.629600e-01
250 8.294360e-01 7.928000e-03 1.626360e-01
251 8.298640e-01 7.888000e-03 1.622480e-01
252 8.301120e-01 7.800000e-03 1.620880e-01
253 8.303320e-01 7.756000e-03 1.619120e-01
254 8.307480e-01 7.736000e-03 1.615160e-01
255 8.310360e-01 7.764000e-03 1.612000e-01
256 8.312720e-01 7.760000e-03 1.609680e-01
257 8.315560e-01 7.584000e-03 1.608600e-01
258 8.319720e-01 7.468000e-03 1.605600e-01
259 8.322760e-01 7.512000e-03 1.602120e-01
260 8.324800e-01 7.504000e-03 1.600160e-01
261 8.327880e-01 7.596000e-03 1.596160e-01
262 8.330320e-01 7.664000e-03 1.593040e-01
263 8.332040e-01 7.700000e-03 1.590960e-01
264 8.334800e-01 7.664000e-03 1.588560e-01
265 8.337400e-01 7.700000e-03 1.585600e-01
266 8.340560e-01 7.584000e-03 1.583600e-01
267 8.344000e-01 7.548000e-03 1.580520e-01
268 8.346400e-01 7.460000e-03 1.579000e-01
269 8.349560e-01 7.324000e-03 1.577200e-01
270 8.352640e-01 7.256000e-03 1.574800e-01
271 8.357880e-01 6.976000e-03 1.572360e-01
272 8.364000e-01 6.772000e-03 1.568280e-01
273 8.369080e-01 6.704000e-03 1.563880e-01
274 8.374040e-01 6.588000e-03 1.560080e-01
275 8.380040e-01 6.436000e-03 1.555600e-01
276 8.385240e-01 6.308000e-03 1.551680e-01
277 8.390440e-01 6.164000e-03 1.547920e-01
278 8.395520e-01 6.148000e-03 1.543000e-01
279 8.401120e-01 6.032000e-03 1.538560e-01
280 8.404040e-01 6.072000e-03 1.535240e-01
281 8.408840e-01 6.092000e-03 1.530240e-01
282 8.412800e-01 6.152000e-03 1.525680e-01
283 8.418840e-01 6.012000e-03 1.521040e-01
284 8.424720e-01 5.956000e-03 1.515720e-01
285 8.430520e-01 5.836000e-03 1.511120e-01
286 8.435320e-01 5.844000e-03 1.506240e-01
287 8.440240e-01 5.872000e-03 1.501040e-01
288 8.445040e-01 5.856000e-03 1.496400e-01
289 8.448560e-01 5.804000e-03 1.493400e-01
290 8.452720e-01 5.844000e-03 1.488840e-01
291 8.456320e-01 5.784000e-03 1.485840e-01
292 8.461040e-01 5.560000e-03 1.483360e-01
293 8.466320e-01 5.468000e-03 1.479000e-01
294 8.470360e-01 5.456000e-03 1.475080e-01
295 8.475120e-01 5.500000e-03 1.469880e-01
296 8.481320e-01 5.520000e-03 1.463480e-01
297 8.487200e-01 5.476000e-03 1.458040e-01
298 8.490680e-01 5.568000e-03 1.453640e-01
299 8.495000e-01 5.580000e-03 1.449200e-01
300 8.498680e-01 5.400000e-03 1.447320e-01
301 8.504600e-01 5.456000e-03 1.440840e-01
302 8.509440e-01 5.444000e-03 1.436120e-01
303 8.513200e-01 5.504000e-03 1.431760e-01
304 8.517360e-01 5.404000e-03 1.428600e-01
305 8.521320e-01 5.280000e-03 1.425880e-01
306 8.525200e-01 5.420000e-03 1.420600e-01
307 8.527440e-01 5.548000e-03 1.417080e-01
308 8.532480e-01 5.520000e-03 1.412320e-01
309 8.536160e-01 5.508000e-03 1.408760e-01
310 8.540680e-01 5.464000e-03 1.404680e-01
311 8.544160e-01 5.460000e-03 1.401240e-01
312 8.548520e-01 5.380000e-03 1.397680e-01
313 8.554160e-01 5.368000e-03 1.392160e-01
314 8.557720e-01 5.360000e-03 1.388680e-01
315 8.561000e-01 5.408000e-03 1.384920e-01
316 8.565040e-01 5.376000e-03 1.381200e-01
317 8.569000e-01 5.312000e-03 1.377880e-01
318 8.571240e-01 5.368000e-03 1.375080e-01
319 8.577120e-01 5.312000e-03 1.369760e-01
320 8.581560e-01 5.220000e-03 1.366240e-01
321 8.586280e-01 5.148000e-03 1.362240e-01
322 8.588800e-01 5.172000e-03 1.359480e-01
323 8.594400e-01 5.076000e-03 1.354840e-01
324 8.598600e-01 4.960000e-03 1.351800e-01
325 8.602200e-01 4.952000e-03 1.348280e-01
326 8.607080e-01 4.764000e-03 1.345280e-01
327 8.610120e-01 4.948000e-03 1.340400e-01
328 8.614880e-01 4.984000e-03 1.335280e-01
329 8.618240e-01 4.992000e-03 1.331840e-01
330 8.622840e-01 4.984000e-03 1.327320e-01
331 8.627520e-01 5.072000e-03 1.321760e-01
332 8.632320e-01 5.052000e-03 1.317160e-01
333 8.637360e-01 5.080000e-03 1.311840e-01
334 8.641760e-01 5.084000e-03 1.307400e-01
335 8.646000e-01 5.128000e-03 1.302720e-01
336 8.651320e-01 5.120000e-03 1.297480e-01
337 8.654520e-01 5.036000e-03 1.295120e-01
338 8.657760e-01 5.044000e-03 1.291800e-01
339 8.662240e-01 5.016000e-03 1.287600e-01
340 8.667240e-01 4.872000e-03 1.284040e-01
341 8.671280e-01 4.964000e-03 1.279080e-01
342 8.674080e-01 5.024000e-03 1.275680e-01
343 8.677080e-01 5.088000e-03 1.272040e-01
344 8.680480e-01 5.028000e-03 1.269240e-01
345 8.683360e-01 5.124000e-03 1.265400e-01
346 8.686360e-01 5.076000e-03 1.262880e-01
347 8.689040e-01 5.232000e-03 1.258640e-01
348 8.692960e-01 5.180000e-03 1.255240e-01
349 8.695320e-01 5.232000e-03 1.252360e-01
350 8.697760e-01 5.300000e-03 1.249240e-01
351 8.700800e-01 5.264000e-03 1.246560e-01
352 8.702560e-01 5.308000e-03 1.244360e-01
353 8.708160e-01 5.208000e-03 1.239760e-01
354 8.712720e-01 5.084000e-03 1.236440e-01
355 8.716200e-01 5.088000e-03 1.232920e-01
356 8.719480e-01 5.040000e-03 1.230120e-01
357 8.722560e-01 4.968000e-03 1.227760e-01
358 8.726040e-01 4.972000e-03 1.224240e-01
359 8.729440e-01 4.964000e-03 1.220920e-01
360 8.733400e-01 4.848000e-03 1.218120e-01
361 8.738520e-01 4.844000e-03 1.213040e-01
362 8.742920e-01 4.824000e-03 1.208840e-01
363 8.747320e-01 4.832000e-03 1.204360e-01
364 8.749880e-01 4.716000e-03 1.202960e-01
365 8.752760e-01 4.804000e-03 1.199200e-01
366 8.754760e-01 4.820000e-03 1.197040e-01
367 8.757480e-01 4.824000e-03 1.194280e-01
368 8.759160e-01 4.872000e-03 1.192120e-01
369 8.762480e-01 4.920000e-03 1.188320e-01
370 8.767120e-01 4.848000e-03 1.184400e-01
371 8.770600e-01 4.788000e-03 1.181520e-01
372 8.772720e-01 4.864000e-03 1.178640e-01
373 8.775920e-01 4.748000e-03 1.176600e-01
374 8.777560e-01 4.740000e-03 1.175040e-01
375 8.781480e-01 4.716000e-03 1.171360e-01
376 8.782880e-01 4.816000e-03 1.168960e-01
377 8.785600e-01 4.824000e-03 1.166160e-01
378 8.787800e-01 4.896000e-03 1.163240e-01
379 8.790760e-01 4.828000e-03 1.160960e-01
380 8.791880e-01 4.948000e-03 1.158640e-01
381 8.794080e-01 4.936000e-03 1.156560e-01
382 8.796000e-01 4.896000e-03 1.155040e-01
383 8.799640e-01 4.908000e-03 1.151280e-01
384 8.803240e-01 4.916000e-03 1.147600e-01
385 8.807280e-01 4.860000e-03 1.144120e-01
386 8.808720e-01 4.840000e-03 1.142880e-01
387 8.811880e-01 4.832000e-03 1.139800e-01
388 8.815040e-01 4.732000e-03 1.137640e-01
389 8.818760e-01 4.592000e-03 1.135320e-01
390 8.821760e-01 4.640000e-03 1.131840e-01
391 8.824200e-01 4.648000e-03 1.129320e-01
392 8.827400e-01 4.600000e-03 1.126600e-01
393 8.830360e-01 4.496000e-03 1.124680e-01
394 8.833320e-01 4.424000e-03 1.122440e-01
395 8.838040e-01 4.344000e-03 1.118520e-01
396 8.840520e-01 4.428000e-03 1.115200e-01
397 8.843880e-01 4.380000e-03 1.112320e-01
398 8.847800e-01 4.376000e-03 1.108440e-01
399 8.852360e-01 4.244000e-03 1.105200e-01
400 8.857000e-01 4.116000e-03 1.101840e-01
401 8.860600e-01 4.096000e-03 1.098440e-01
402 8.864840e-01 4.064000e-03 1.094520e-01
403 8.869120e-01 3.952000e-03 1.091360e-01
404 8.872240e-01 3.956000e-03 1.088200e-01
405 8.875840e-01 3.876000e-03 1.085400e-01
406 8.879320e-01 3.832000e-03 1.082360e-01
407 8.881640e-01 3.956000e-03 1.078800e-01
408 8.885520e-01 3.860000e-03 1.075880e-01
409 8.888640e-01 3.900000e-03 1.072360e-01
410 8.891640e-01 3.864000e-03 1.069720e-01
411 8.893440e-01 4.088000e-03 1.065680e-01
412 8.896320e-01 3.988000e-03 1.063800e-01
413 8.900560e-01 4.072000e-03 1.058720e-01
414 8.900640e-01 4.224000e-03 1.057120e-01
415 8.902080e-01 4.256000e-03 1.055360e-01
416 8.904640e-01 4.256000e-03 1.052800e-01
417 8.908720e-01 4.112000e-03 1.050160e-01
418 8.910440e-01 4.232000e-03 1.047240e-01
419 8.912800e-01 4.392000e-03 1.043280e-01
420 8.912400e-01 4.496000e-03 1.042640e-01
421 8.913320e-01 4.624000e-03 1.040440e-01
422 8.913600e-01 4.688000e-03 1.039520e-01
423 8.915960e-01 4.640000e-03 1.037640e-01
424 8.919080e-01 4.536000e-03 1.035560e-01
425 8.920320e-01 4.464000e-03 1.035040e-01
426 8.923040e-01 4.368000e-03 1.033280e-01
427 8.924840e-01 4.448000e-03 1.030680e-01
428 8.927120e-01 4.476000e-03 1.028120e-01
429 8.929000e-01 4.380000e-03 1.027200e-01
430 8.931600e-01 4.364000e-03 1.024760e-01
431 8.933800e-01 4.396000e-03 1.022240e-01
432 8.936000e-01 4.424000e-03 1.019760e-01
433 8.937520e-01 4.544000e-03 1.017040e-01
434 8.939760e-01 4.480000e-03 1.015440e-01
435 8.940840e-01 4.568000e-03 1.013480e-01
436 8.943480e-01 4.588000e-03 1.010640e-01
437 8.945600e-01 4.504000e-03 1.009360e-01
438 8.948440e-01 4.364000e-03 1.007920e-01
439 8.949880e-01 4.340000e-03 1.006720e-01
440 8.952360e-01 4.344000e-03 1.004200e-01
441 8.952920e-01 4.556000e-03 1.001520e-01
442 8.954640e-01 4.528000e-03 1.000080e-01
443 8.957400e-01 4.464000e-03 9.979600e-02
444 8.959480e-01 4.476000e-03 9.957600e-02
445 8.960120e-01 4.532000e-03 9.945600e-02
446 8.960640e-01 4.656000e-03 9.928000e-02
447 8.963160e-01 4.624000e-03 9.906000e-02
448 8.965400e-01 4.536000e-03 9.892400e-02
449 8.968040e-01 4.488000e-03 9.870800e-02
450 8.969360e-01 4.556000e-03 9.850800e-02
451 8.972040e-01 4.564000e-03 9.823200e-02
452 8.974560e-01 4.500000e-03 9.804400e-02
453 8.976040e-01 4.484000e-03 9.791200e-02
454 8.979200e-01 4.488000e-03 9.759200e-02
455 8.981000e-01 4.408000e-03 9.749200e-02
456 8.982960e-01 4.428000e-03 9.727600e-02
457 8.985200e-01 4.368000e-03 9.711200e-02
458 8.987280e-01 4.332000e-03 9.694000e-02
459 8.988200e-01 4.336000e-03 9.684400e-02
460 8.989720e-01 4.392000e-03 9.663600e-02
461 8.992440e-01 4.268000e-03 9.648800e-02
462 8.994600e-01 4.232000e-03 9.630800e-02
463 8.997480e-01 4.164000e-03 9.608800e-02
464 9.000440e-01 4.092000e-03 9.586400e-02
465 9.002400e-01 4.124000e-03 9.563600e-02
466 9.004960e-01 4.060000e-03 9.544400e-02
467 9.007160e-01 4.024000e-03 9.526000e-02
468 9.008760e-01 4.016000e-03 9.510800e-02
469 9.009680e-01 4.092000e-03 9.494000e-02
470 9.010280e-01 4.184000e-03 9.478800e-02
471 9.011400e-01 4.192000e-03 9.466800e-02
472 9.013200e-01 4.348000e-03 9.433200e-02
473 9.013920e-01 4.328000e-03 9.428000e-02
474 9.016040e-01 4.328000e-03 9.406800e-02
475 9.017320e-01 4.448000e-03 9.382000e-02
476 9.019280e-01 4.404000e-03 9.366800e-02
477 9.019960e-01 4.468000e-03 9.353600e-02
478 9.021040e-01 4.484000e-03 9.341200e-02
479 9.022680e-01 4.440000e-03 9.329200e-02
480 9.023320e-01 4.388000e-03 9.328000e-02
481 9.024960e-01 4.352000e-03 9.315200e-02
482 9.026680e-01 4.356000e-03 9.297600e-02
483 9.029640e-01 4.364000e-03 9.267200e-02
484 9.030360e-01 4.404000e-03 9.256000e-02
485 9.032000e-01 4.392000e-03 9.240800e-02
486 9.033520e-01 4.516000e-03 9.213200e-02
487 9.034440e-01 4.556000e-03 9.200000e-02
488 9.036160e-01 4.568000e-03 9.181600e-02
489 9.036040e-01 4.536000e-03 9.186000e-02
490 9.037000e-01 4.564000e-03 9.173600e-02
491 9.036800e-01 4.592000e-03 9.172800e-02
492 9.037360e-01 4.540000e-03 9.172400e-02
493 9.039280e-01 4.392000e-03 9.168000e-02
494 9.040640e-01 4.276000e-03 9.166000e-02
495 9.041240e-01 4.332000e-03 9.154400e-02
496 9.041520e-01 4.364000e-03 9.148400e-02
497 9.041760e-01 4.460000e-03 9.136400e-02
498 9.042640e-01 4.476000e-03 9.126000e-02
499 9.043760e-01 4.360000e-03 9.126400e-02
500 9.045200e-01 4.340000e-03 9.114000e-02
501 9.045560e-01 4.408000e-03 9.103600e-02
502 9.047320e-01 4.340000e-03 9.092800e-02
503 9.049080e-01 4.188000e-03 9.090400e-02
504 9.049320e-01 4.320000e-03 9.074800e-02
505 9.049840e-01 4.320000e-03 9.069600e-02
506 9.051680e-01 4.292000e-03 9.054000e-02
507 9.055000e-01 4.180000e-03 9.032000e-02
508 9.055840e-01 4.240000e-03 9.017600e-02
509 9.058160e-01 4.260000e-03 8.992400e-02
510 9.059600e-01 4.240000e-03 8.980000e-02
511 9.060360e-01 4.244000e-03 8.972000e-02
512 9.062200e-01 4.264000e-03 8.951600e-02
513 9.064320e-01 4.088000e-03 8.948000e-02
514 9.067800e-01 4.048000e-03 8.917200e-02
515 9.070680e-01 4.020000e-03 8.891200e-02
516 9.073920e-01 3.888000e-03 8.872000e-02
517 9.075920e-01 3.892000e-03 8.851600e-02
518 9.076480e-01 3.992000e-03 8.836000e-02
519 9.078160e-01 3.920000e-03 8.826400e-02
520 9.079640e-01 3.848000e-03 8.818800e-02
521 9.083240e-01 3.808000e-03 8.786800e-02
522 9.083800e-01 3.968000e-03 8.765200e-02
523 9.085920e-01 3.980000e-03 8.742800e-02
524 9.087280e-01 3.992000e-03 8.728000e-02
525 9.090000e-01 3.980000e-03 8.702000e-02
526 9.092000e-01 4.084000e-03 8.671600e-02
527 9.093360e-01 4.016000e-03 8.664800e-02
528 9.094040e-01 4.052000e-03 8.654400e-02
529 9.096360e-01 4.076000e-03 8.628800e-02
530 9.097920e-01 4.036000e-03 8.617200e-02
531 9.098200e-01 4.084000e-03 8.609600e-02
532 9.099600e-01 4.060000e-03 8.598000e-02
533 9.102880e-01 3.960000e-03 8.575200e-02
534 9.103320e-01 4.088000e-03 8.558000e-02
535 9.104560e-01 4.272000e-03 8.527200e-02
536 9.106240e-01 4.220000e-03 8.515600e-02
537 9.107960e-01 4.232000e-03 8.497200e-02
538 9.108880e-01 4.268000e-03 8.484400e-02
539 9.110240e-01 4.252000e-03 8.472400e-02
540 9.112680e-01 4.088000e-03 8.464400e-02
541 9.115200e-01 3.976000e-03 8.450400e-02
542 9.116440e-01 3.936000e-03 8.442000e-02
543 9.119280e-01 3.932000e-03 8.414000e-02
544 9.122440e-01 3.820000e-03 8.393600e-02
545 9.123920e-01 3.960000e-03 8.364800e-02
546 9.124440e-01 4.020000e-03 8.353600e-02
547 9.124920e-01 4.088000e-03 8.342000e-02
548 9.127600e-01 3.924000e-03 8.331600e-02
549 9.130760e-01 3.872000e-03 8.305200e-02
550 9.132960e-01 3.736000e-03 8.296800e-02
551 9.135400e-01 3.748000e-03 8.271200e-02
552 9.138480e-01 3.644000e-03 8.250800e-02
553 9.141680e-01 3.584000e-03 8.224800e-02
554 9.143880e-01 3.540000e-03 8.207200e-02
555 9.147440e-01 3.412000e-03 8.184400e-02
556 9.151080e-01 3.264000e-03 8.162800e-02
557 9.154640e-01 3.176000e-03 8.136000e-02
558 9.157960e-01 3.040000e-03 8.116400e-02
559 9.160560e-01 2.976000e-03 8.096800e-02
560 9.163920e-01 2.908000e-03 8.070000e-02
561 9.167400e-01 2.880000e-03 8.038000e-02
562 9.171760e-01 2.860000e-03 7.996400e-02
563 9.176040e-01 2.792000e-03 7.960400e-02
564 9.179720e-01 2.740000e-03 7.928800e-02
565 9.183240e-01 2.676000e-03 7.900000e-02
566 9.187720e-01 2.672000e-03 7.855600e-02
567 9.189720e-01 2.740000e-03 7.828800e-02
568 9.192120e-01 2.852000e-03 7.793600e-02
569 9.195360e-01 2.860000e-03 7.760400e-02
570 9.196760e-01 2.868000e-03 7.745600e-02
571 9.199560e-01 2.740000e-03 7.730400e-02
572 9.203000e-01 2.652000e-03 7.704800e-02
573 9.206960e-01 2.684000e-03 7.662000e-02
574 9.208680e-01 2.676000e-03 7.645600e-02
575 9.210360e-01 2.704000e-03 7.626000e-02
576 9.213520e-01 2.664000e-03 7.598400e-02
577 9.216840e-01 2.640000e-03 7.567600e-02
578 9.219720e-01 2.580000e-03 7.544800e-02
579 9.223040e-01 2.540000e-03 7.515600e-02
580 9.225200e-01 2.572000e-03 7.490800e-02
581 9.228320e-01 2.552000e-03 7.461600e-02
582 9.230800e-01 2.500000e-03 7.442000e-02
583 9.233120e-01 2.516000e-03 7.417200e-02
584 9.236600e-01 2.468000e-03 7.387200e-02
585 9.238640e-01 2.504000e-03 7.363200e-02
586 9.241760e-01 2.424000e-03 7.340000e-02
587 9.245120e-01 2.364000e-03 7.312400e-02
588 9.248640e-01 2.288000e-03 7.284800e-02
589 9.251640e-01 2.292000e-03 7.254400e-02
590 9.255760e-01 2.304000e-03 7.212000e-02
591 9.258960e-01 2.248000e-03 7.185600e-02
592 9.262360e-01 2.252000e-03 7.151200e-02
593 9.265080e-01 2.312000e-03 7.118000e-02
594 9.268080e-01 2.308000e-03 7.088400e-02
595 9.270320e-01 2.312000e-03 7.065600e-02
596 9.271240e-01 2.388000e-03 7.048800e-02
597 9.273880e-01 2.380000e-03 7.023200e-02
598 9.275720e-01 2.376000e-03 7.005200e-02
599 9.277280e-01 2.512000e-03 6.976000e-02
600 9.279040e-01 2.584000e-03 6.951200e-02
601 9.281760e-01 2.596000e-03 6.922800e-02
602 9.284360e-01 2.628000e-03 6.893600e-02
603 9.284880e-01 2.708000e-03 6.880400e-02
604 9.286160e-01 2.708000e-03 6.867600e-02
605 9.288480e-01 2.724000e-03 6.842800e-02
606 9.290920e-01 2.652000e-03 6.825600e-02
607 9.292880e-01 2.612000e-03 6.810000e-02
608 9.294720e-01 2.652000e-03 6.787600e-02
609 9.296600e-01 2.764000e-03 6.757600e-02
610 9.299800e-01 2.556000e-03 6.746400e-02
611 9.302160e-01 2.504000e-03 6.728000e-02
612 9.304480e-01 2.508000e-03 6.704400e-02
613 9.305800e-01 2.516000e-03 6.690400e-02
614 9.307560e-01 2.640000e-03 6.660400e-02
615 9.309160e-01 2.600000e-03 6.648400e-02
616 9.310640e-01 2.564000e-03 6.637200e-02
617 9.312000e-01 2.584000e-03 6.621600e-02
618 9.314560e-01 2.644000e-03 6.590000e-02
619 9.316880e-01 2.580000e-03 6.573200e-02
620 9.319000e-01 2.564000e-03 6.553600e-02
621 9.321920e-01 2.576000e-03 6.523200e-02
622 9.323320e-01 2.612000e-03 6.505600e-02
623 9.326000e-01 2.544000e-03 6.485600e-02
624 9.327240e-01 2.508000e-03 6.476800e-02
625 9.329080e-01 2.492000e-03 6.460000e-02
626 9.330720e-01 2.452000e-03 6.447600e-02
627 9.333080e-01 2.480000e-03 6.421200e-02
628 9.335720e-01 2.476000e-03 6.395200e-02
629 9.338600e-01 2.416000e-03 6.372400e-02
630 9.340640e-01 2.472000e-03 6.346400e-02
631 9.342600e-01 2.488000e-03 6.325200e-02
632 9.345680e-01 2.392000e-03 6.304000e-02
633 9.347440e-01 2.304000e-03 6.295200e-02
634 9.349200e-01 2.312000e-03 6.276800e-02
635 9.351400e-01 2.296000e-03 6.256400e-02
636 9.354560e-01 2.272000e-03 6.227200e-02
637 9.356920e-01 2.340000e-03 6.196800e-02
638 9.359640e-01 2.344000e-03 6.169200e-02
639 9.362000e-01 2.248000e-03 6.155200e-02
640 9.365720e-01 2.096000e-03 6.133200e-02
641 9.367560e-01 2.104000e-03 6.114000e-02
642 9.369600e-01 2.148000e-03 6.089200e-02
643 9.370600e-01 2.168000e-03 6.077200e-02
644 9.373760e-01 2.084000e-03 6.054000e-02
645 9.374680e-01 2.084000e-03 6.044800e-02
646 9.377600e-01 2.092000e-03 6.014800e-02
647 9.379880e-01 2.100000e-03 5.991200e-02
648 9.382040e-01 2.176000e-03 5.962000e-02
649 9.384280e-01 2.084000e-03 5.948800e-02
650 9.385800e-01 2.004000e-03 5.941600e-02
651 9.387440e-01 2.000000e-03 5.925600e-02
652 9.389320e-01 1.996000e-03 5.907200e-02
653 9.392440e-01 1.992000e-03 5.876400e-02
654 9.394160e-01 2.048000e-03 5.853600e-02
655 9.395800e-01 2.088000e-03 5.833200e-02
656 9.398080e-01 2.024000e-03 5.816800e-02
657 9.400240e-01 2.052000e-03 5.792400e-02
658 9.402560e-01 1.996000e-03 5.774800e-02
659 9.405240e-01 1.952000e-03 5.752400e-02
660 9.408080e-01 1.916000e-03 5.727600e-02
661 9.411360e-01 1.836000e-03 5.702800e-02
662 9.414240e-01 1.728000e-03 5.684800e-02
663 9.417080e-01 1.756000e-03 5.653600e-02
664 9.419560e-01 1.744000e-03 5.630000e-02
665 9.422080e-01 1.744000e-03 5.604800e-02
666 9.423640e-01 1.756000e-03 5.588000e-02
667 9.425800e-01 1.792000e-03 5.562800e-02
668 9.427600e-01 1.796000e-03 5.544400e-02
669 9.430000e-01 1.756000e-03 5.524400e-02
670 9.431400e-01 1.792000e-03 5.506800e-02
671 9.434000e-01 1.784000e-03 5.481600e-02
672 9.435800e-01 1.832000e-03 5.458800e-02
673 9.438640e-01 1.728000e-03 5.440800e-02
674 9.439760e-01 1.748000e-03 5.427600e-02
675 9.441080e-01 1.792000e-03 5.410000e-02
676 9.442760e-01 1.904000e-03 5.382000e-02
677 9.444800e-01 1.964000e-03 5.355600e-02
678 9.446160e-01 2.008000e-03 5.337600e-02
679 9.448880e-01 1.980000e-03 5.313200e-02
680 9.450360e-01 2.020000e-03 5.294400e-02
681 9.450800e-01 2.128000e-03 5.279200e-02
682 9.452040e-01 2.192000e-03 5.260400e-02
683 9.453840e-01 2.236000e-03 5.238000e-02
684 9.453440e-01 2.384000e-03 5.227200e-02
685 9.454760e-01 2.436000e-03 5.208800e-02
686 9.455760e-01 2.392000e-03 5.203200e-02
687 9.456480e-01 2.420000e-03 5.193200e-02
688 9.457240e-01 2.432000e-03 5.184400e-02
689 9.459160e-01 2.376000e-03 5.170800e-02
690 9.459040e-01 2.424000e-03 5.167200e-02
691 9.459880e-01 2.436000e-03 5.157600e-02
692 9.460800e-01 2.416000e-03 5.150400e-02
693 9.462760e-01 2.336000e-03 5.138800e-02
694 9.463720e-01 2.376000e-03 5.125200e-02
695 9.464720e-01 2.328000e-03 5.120000e-02
696 9.465960e-01 2.272000e-03 5.113200e-02
697 9.467880e-01 2.228000e-03 5.098400e-02
698 9.469640e-01 2.212000e-03 5.082400e-02
699 9.470960e-01 2.112000e-03 5.079200e-02
700 9.473480e-01 1.980000e-03 5.067200e-02
701 9.474560e-01 1.976000e-03 5.056800e-02
702 9.476600e-01 2.000000e-03 5.034000e-02
703 9.477240e-01 2.108000e-03 5.016800e-02
704 9.478920e-01 2.064000e-03 5.004400e-02
705 9.480280e-01 1.984000e-03 4.998800e-02
706 9.481080e-01 2.156000e-03 4.973600e-02
707 9.481800e-01 2.160000e-03 4.966000e-02
708 9.482920e-01 2.236000e-03 4.947200e-02
709 9.484600e-01 2.204000e-03 4.933600e-02
710 9.485600e-01 2.196000e-03 4.924400e-02
711 9.486520e-01 2.320000e-03 4.902800e-02
712 9.487200e-01 2.312000e-03 4.896800e-02
713 9.488720e-01 2.356000e-03 4.877200e-02
714 9.488720e-01 2.372000e-03 4.875600e-02
715 9.489040e-01 2.388000e-03 4.870800e-02
716 9.490240e-01 2.348000e-03 4.862800e-02
717 9.490960e-01 2.384000e-03 4.852000e-02
718 9.491440e-01 2.460000e-03 4.839600e-02
719 9.493120e-01 2.408000e-03 4.828000e-02
720 9.493280e-01 2.388000e-03 4.828400e-02
721 9.494440e-01 2.388000e-03 4.816800e-02
722 9.493960e-01 2.460000e-03 4.814400e-02
723 9.493800e-01 2.468000e-03 4.815200e-02
724 9.494360e-01 2.476000e-03 4.808800e-02
725 9.494520e-01 2.524000e-03 4.802400e-02
726 9.494880e-01 2.568000e-03 4.794400e-02
727 9.495440e-01 2.560000e-03 4.789600e-02
728 9.496360e-01 2.596000e-03 4.776800e-02
729 9.496600e-01 2.544000e-03 4.779600e-02
730 9.497040e-01 2.540000e-03 4.775600e-02
731 9.498120e-01 2.520000e-03 4.766800e-02
732 9.497920e-01 2.520000e-03 4.768800e-02
733 9.500000e-01 2.456000e-03 4.754400e-02
734 9.500600e-01 2.456000e-03 4.748400e-02
735 9.501280e-01 2.396000e-03 4.747600e-02
736 9.502120e-01 2.432000e-03 4.735600e-02
737 9.502200e-01 2.408000e-03 4.737200e-02
738 9.502760e-01 2.420000e-03 4.730400e-02
739 9.503320e-01 2.384000e-03 4.728400e-02
740 9.504360e-01 2.384000e-03 4.718000e-02
741 9.503760e-01 2.488000e-03 4.713600e-02
742 9.504200e-01 2.540000e-03 4.704000e-02
743 9.503800e-01 2.568000e-03 4.705200e-02
744 9.504080e-01 2.584000e-03 4.700800e-02
745 9.504320e-01 2.552000e-03 4.701600e-02
746 9.503760e-01 2.568000e-03 4.705600e-02
747 9.504040e-01 2.512000e-03 4.708400e-02
748 9.504240e-01 2.552000e-03 4.702400e-02
749 9.503040e-01 2.604000e-03 4.709200e-02
750 9.504320e-01 2.576000e-03 4.699200e-02
751 9.504520e-01 2.608000e-03 4.694000e-02
752 9.504680e-01 2.592000e-03 4.694000e-02
753 9.504880e-01 2.552000e-03 4.696000e-02
754 9.505160e-01 2.512000e-03 4.697200e-02
755 9.506080e-01 2.464000e-03 4.692800e-02
756 9.507240e-01 2.448000e-03 4.682800e-02
757 9.508440e-01 2.460000e-03 4.669600e-02
758 9.509320e-01 2.432000e-03 4.663600e-02
759 9.510120e-01 2.384000e-03 4.660400e-02
760 9.510600e-01 2.468000e-03 4.647200e-02
761 9.510400e-01 2.400000e-03 4.656000e-02
762 9.510080e-01 2.560000e-03 4.643200e-02
763 9.510080e-01 2.580000e-03 4.641200e-02
764 9.510280e-01 2.580000e-03 4.639200e-02
765 9.510480e-01 2.548000e-03 4.640400e-02
766 9.511600e-01 2.492000e-03 4.634800e-02
767 9.512880e-01 2.480000e-03 4.623200e-02
768 9.512960e-01 2.460000e-03 4.624400e-02
769 9.513480e-01 2.476000e-03 4.617600e-02
770 9.513880e-01 2.484000e-03 4.612800e-02
771 9.514400e-01 2.556000e-03 4.600400e-02
772 9.514320e-01 2.584000e-03 4.598400e-02
773 9.515240e-01 2.524000e-03 4.595200e-02
774 9.515680e-01 2.484000e-03 4.594800e-02
775 9.517000e-01 2.456000e-03 4.584400e-02
776 9.516080e-01 2.472000e-03 4.592000e-02
777 9.515720e-01 2.488000e-03 4.594000e-02
778 9.515680e-01 2.404000e-03 4.602800e-02
779 9.515960e-01 2.508000e-03 4.589600e-02
780 9.515280e-01 2.648000e-03 4.582400e-02
781 9.514240e-01 2.768000e-03 4.580800e-02
782 9.514360e-01 2.868000e-03 4.569600e-02
783 9.513320e-01 2.924000e-03 4.574400e-02
784 9.511840e-01 2.996000e-03 4.582000e-02
785 9.510400e-01 3.064000e-03 4.589600e-02
786 9.509520e-01 3.076000e-03 4.597200e-02
787 9.508080e-01 3.112000e-03 4.608000e-02
788 9.506920e-01 3.084000e-03 4.622400e-02
789 9.504840e-01 3.240000e-03 4.627600e-02
790 9.503400e-01 3.236000e-03 4.642400e-02
791 9.502920e-01 3.180000e-03 4.652800e-02
792 9.502280e-01 3.224000e-03 4.654800e-02
793 9.500600e-01 3.240000e-03 4.670000e-02
794 9.500120e-01 3.200000e-03 4.678800e-02
795 9.500560e-01 3.088000e-03 4.685600e-02
796 9.500120e-01 3.024000e-03 4.696400e-02
797 9.499520e-01 3.000000e-03 4.704800e-02
798 9.500040e-01 2.940000e-03 4.705600e-02
799 9.499320e-01 2.948000e-03 4.712000e-02
800 9.498720e-01 2.908000e-03 4.722000e-02
801 9.498160e-01 2.852000e-03 4.733200e-02
802 9.497760e-01 2.868000e-03 4.735600e-02
803 9.498280e-01 2.912000e-03 4.726000e-02
804 9.497480e-01 2.952000e-03 4.730000e-02
805 9.497040e-01 2.916000e-03 4.738000e-02
806 9.496520e-01 2.808000e-03 4.754000e-02
807 9.496200e-01 2.720000e-03 4.766000e-02
808 9.496760e-01 2.648000e-03 4.767600e-02
809 9.497400e-01 2.736000e-03 4.752400e-02
810 9.497600e-01 2.728000e-03 4.751200e-02
811 9.497640e-01 2.768000e-03 4.746800e-02
812 9.497160e-01 2.896000e-03 4.738800e-02
813 9.496720e-01 2.916000e-03 4.741200e-02
814 9.497120e-01 2.908000e-03 4.738000e-02
815 9.497240e-01 2.908000e-03 4.736800e-02
816 9.497080e-01 2.856000e-03 4.743600e-02
817 9.497400e-01 2.752000e-03 4.750800e-02
818 9.497280e-01 2.676000e-03 4.759600e-02
819 9.497240e-01 2.668000e-03 4.760800e-02
820 9.496960e-01 2.668000e-03 4.763600e-02
821 9.496840e-01 2.692000e-03 4.762400e-02
822 9.497960e-01 2.656000e-03 4.754800e-02
823 9.498600e-01 2.580000e-03 4.756000e-02
824 9.499360e-01 2.572000e-03 4.749200e-02
825 9.499960e-01 2.540000e-03 4.746400e-02
826 9.501400e-01 2.476000e-03 4.738400e-02
827 9.501400e-01 2.500000e-03 4.736000e-02
828 9.502120e-01 2.548000e-03 4.724000e-02
829 9.502720e-01 2.540000e-03 4.718800e-02
830 9.504280e-01 2.460000e-03 4.711200e-02
831 9.506520e-01 2.360000e-03 4.698800e-02
832 9.508200e-01 2.288000e-03 4.689200e-02
833 9.509720e-01 2.224000e-03 4.680400e-02
834 9.511480e-01 2.096000e-03 4.675600e-02
835 9.513040e-01 2.044000e-03 4.665200e-02
836 9.514720e-01 1.964000e-03 4.656400e-02
837 9.515800e-01 1.972000e-03 4.644800e-02
838 9.517920e-01 1.932000e-03 4.627600e-02
839 9.518560e-01 1.932000e-03 4.621200e-02
840 9.519680e-01 1.932000e-03 4.610000e-02
841 9.521040e-01 2.028000e-03 4.586800e-02
842 9.522560e-01 1.960000e-03 4.578400e-02
843 9.523600e-01 1.932000e-03 4.570800e-02
844 9.524760e-01 1.916000e-03 4.560800e-02
845 9.526320e-01 1.932000e-03 4.543600e-02
846 9.526360e-01 2.012000e-03 4.535200e-02
847 9.526840e-01 2.008000e-03 4.530800e-02
848 9.528000e-01 2.052000e-03 4.514800e-02
849 9.528240e-01 2.084000e-03 4.509200e-02
850 9.529240e-01 2.124000e-03 4.495200e-02
851 9.529960e-01 2.208000e-03 4.479600e-02
852 9.530240e-01 2.252000e-03 4.472400e-02
853 9.530480e-01 2.312000e-03 4.464000e-02
854 9.531400e-01 2.220000e-03 4.464000e-02
855 9.532440e-01 2.168000e-03 4.458800e-02
856 9.533640e-01 2.020000e-03 4.461600e-02
857 9.535040e-01 1.940000e-03 4.455600e-02
858 9.537280e-01 1.816000e-03 4.445600e-02
859 9.538520e-01 1.848000e-03 4.430000e-02
860 9.539240e-01 1.812000e-03 4.426400e-02
861 9.541280e-01 1.828000e-03 4.404400e-02
862 9.543280e-01 1.796000e-03 4.387600e-02
863 9.544800e-01 1.800000e-03 4.372000e-02
864 9.546400e-01 1.696000e-03 4.366400e-02
865 9.548160e-01 1.664000e-03 4.352000e-02
866 9.550000e-01 1.564000e-03 4.343600e-02
867 9.551960e-01 1.540000e-03 4.326400e-02
868 9.553880e-01 1.476000e-03 4.313600e-02
869 9.555360e-01 1.508000e-03 4.295600e-02
870 9.557040e-01 1.412000e-03 4.288400e-02
871 9.558960e-01 1.416000e-03 4.268800e-02
872 9.559880e-01 1.444000e-03 4.256800e-02
873 9.561240e-01 1.496000e-03 4.238000e-02
874 9.562240e-01 1.508000e-03 4.226800e-02
875 9.563720e-01 1.524000e-03 4.210400e-02
876 9.564800e-01 1.584000e-03 4.193600e-02
877 9.566080e-01 1.576000e-03 4.181600e-02
878 9.567480e-01 1.496000e-03 4.175600e-02
879 9.569160e-01 1.504000e-03 4.158000e-02
880 9.570640e-01 1.500000e-03 4.143600e-02
881 9.572560e-01 1.500000e-03 4.124400e-02
882 9.573720e-01 1.516000e-03 4.111200e-02
883 9.575160e-01 1.452000e-03 4.103200e-02
884 9.577120e-01 1.456000e-03 4.083200e-02
885 9.578680e-01 1.512000e-03 4.062000e-02
886 9.581200e-01 1.484000e-03 4.039600e-02
887 9.583000e-01 1.484000e-03 4.021600e-02
888 9.583880e-01 1.468000e-03 4.014400e-02
889 9.584680e-01 1.452000e-03 4.008000e-02
890 9.585760e-01 1.464000e-03 3.996000e-02
891 9.587640e-01 1.400000e-03 3.983600e-02
892 9.590720e-01 1.380000e-03 3.954800e-02
893 9.591920e-01 1.392000e-03 3.941600e-02
894 9.592720e-01 1.420000e-03 3.930800e-02
895 9.593600e-01 1.356000e-03 3.928400e-02
896 9.595600e-01 1.328000e-03 3.911200e-02
897 9.597320e-01 1.256000e-03 3.901200e-02
898 9.598880e-01 1.260000e-03 3.885200e-02
899 9.600440e-01 1.296000e-03 3.866000e-02
900 9.601400e-01 1.352000e-03 3.850800e-02
901 9.603200e-01 1.376000e-03 3.830400e-02
902 9.604440e-01 1.456000e-03 3.810000e-02
903 9.605200e-01 1.476000e-03 3.800400e-02
904 9.606120e-01 1.484000e-03 3.790400e-02
905 9.607840e-01 1.420000e-03 3.779600e-02
906 9.609440e-01 1.420000e-03 3.763600e-02
907 9.610520e-01 1.408000e-03 3.754000e-02
908 9.612160e-01 1.388000e-03 3.739600e-02
909 9.614080e-01 1.312000e-03 3.728000e-02
910 9.615520e-01 1.272000e-03 3.717600e-02
911 9.616760e-01 1.232000e-03 3.709200e-02
912 9.617920e-01 1.192000e-03 3.701600e-02
913 9.619640e-01 1.212000e-03 3.682400e-02
914 9.621520e-01 1.240000e-03 3.660800e-02
915 9.623440e-01 1.228000e-03 3.642800e-02
916 9.624840e-01 1.236000e-03 3.628000e-02
917 9.627440e-01 1.168000e-03 3.608800e-02
918 9.629120e-01 1.136000e-03 3.595200e-02
919 9.631840e-01 1.080000e-03 3.573600e-02
920 9.633760e-01 1.136000e-03 3.548800e-02
921 9.635040e-01 1.132000e-03 3.536400e-02
922 9.636720e-01 1.096000e-03 3.523200e-02
923 9.638480e-01 1.124000e-03 3.502800e-02
924 9.640240e-01 1.192000e-03 3.478400e-02
925 9.640480e-01 1.324000e-03 3.462800e-02
926 9.642120e-01 1.276000e-03 3.451200e-02
927 9.643200e-01 1.272000e-03 3.440800e-02
928 9.644600e-01 1.252000e-03 3.428800e-02
929 9.645280e-01 1.260000e-03 3.421200e-02
930 9.646320e-01 1.344000e-03 3.402400e-02
931 9.647160e-01 1.396000e-03 3.388800e-02
932 9.648680e-01 1.368000e-03 3.376400e-02
