1 9.991640e-01 7.320000e-04 1.040000e-04
2 9.985440e-01 1.172000e-03 2.840000e-04
3 9.979120e-01 1.548000e-03 5.400000e-04
4 9.971480e-01 1.976000e-03 8.760000e-04
5 9.964080e-01 2.356000e-03 1.236000e-03
6 9.955960e-01 2.764000e-03 1.640000e-03
7 9.947600e-01 3.152000e-03 2.088000e-03
8 9.939080e-01 3.396000e-03 2.696000e-03
9 9.930600e-01 3.668000e-03 3.272000e-03
10 9.921960e-01 3.932000e-03 3.872000e-03
11 9.912920e-01 4.208000e-03 4.500000e-03
12 9.902560e-01 4.452000e-03 5.292000e-03
13 9.892320e-01 4.580000e-03 6.188000e-03
14 9.882360e-01 4.824000e-03 6.940000e-03
15 9.872400e-01 4.952000e-03 7.808000e-03
16 9.863080e-01 5.016000e-03 8.676000e-03
17 9.852760e-01 5.316000e-03 9.408000e-03
18 9.842680e-01 5.412000e-03 1.032000e-02
19 9.832600e-01 5.432000e-03 1.130800e-02
20 9.822040e-01 5.620000e-03 1.217600e-02
21 9.811200e-01 5.800000e-03 1.308000e-02
22 9.799120e-01 6.216000e-03 1.387200e-02
23 9.788320e-01 6.384000e-03 1.478400e-02
24 9.775000e-01 6.840000e-03 1.566000e-02
25 9.763320e-01 6.888000e-03 1.678000e-02
26 9.749600e-01 7.260000e-03 1.778000e-02
27 9.735720e-01 7.632000e-03 1.879600e-02
28 9.722360e-01 7.824000e-03 1.994000e-02
29 9.709720e-01 8.084000e-03 2.094400e-02
30 9.696720e-01 8.168000e-03 2.216000e-02
31 9.683160e-01 8.264000e-03 2.342000e-02
32 9.670000e-01 8.328000e-03 2.467200e-02
33 9.656320e-01 8.432000e-03 2.593600e-02
34 9.641160e-01 8.776000e-03 2.710800e-02
35 9.629360e-01 8.792000e-03 2.827200e-02
36 9.617640e-01 8.772000e-03 2.946400e-02
37 9.603920e-01 8.848000e-03 3.076000e-02
38 9.590520e-01 8.888000e-03 3.206000e-02
39 9.577920e-01 9.076000e-03 3.313200e-02
40 9.563880e-01 9.372000e-03 3.424000e-02
41 9.550200e-01 9.536000e-03 3.544400e-02
42 9.536480e-01 9.624000e-03 3.672800e-02
43 9.522080e-01 9.840000e-03 3.795200e-02
44 9.507200e-01 9.988000e-03 3.929200e-02
45 9.492520e-01 1.008800e-02 4.066000e-02
46 9.477360e-01 1.024400e-02 4.202000e-02
47 9.462400e-01 1.036400e-02 4.339600e-02
48 9.447480e-01 1.049600e-02 4.475600e-02
49 9.432000e-01 1.068400e-02 4.611600e-02
50 9.417360e-01 1.081200e-02 4.745200e-02
51 9.404200e-01 1.084800e-02 4.873200e-02
52 9.389800e-01 1.088800e-02 5.013200e-02
53 9.374440e-01 1.104800e-02 5.150800e-02
54 9.359520e-01 1.110400e-02 5.294400e-02
55 9.343360e-01 1.138000e-02 5.428400e-02
56 9.328600e-01 1.150400e-02 5.563600e-02
57 9.313600e-01 1.176400e-02 5.687600e-02
58 9.298280e-01 1.190000e-02 5.827200e-02
59 9.285080e-01 1.183600e-02 5.965600e-02
60 9.271080e-01 1.185600e-02 6.103600e-02
61 9.257440e-01 1.185200e-02 6.240400e-02
62 9.244160e-01 1.191200e-02 6.367200e-02
63 9.230480e-01 1.196800e-02 6.498400e-02
64 9.218320e-01 1.184800e-02 6.632000e-02
65 9.204560e-01 1.180800e-02 6.773600e-02
66 9.192920e-01 1.185600e-02 6.885200e-02
67 9.181680e-01 1.176000e-02 7.007200e-02
68 9.170680e-01 1.169600e-02 7.123600e-02
69 9.160440e-01 1.148400e-02 7.247200e-02
70 9.149200e-01 1.151600e-02 7.356400e-02
71 9.138080e-01 1.154000e-02 7.465200e-02
72 9.126200e-01 1.149200e-02 7.588800e-02
73 9.114280e-01 1.149600e-02 7.707600e-02
74 9.103480e-01 1.144800e-02 7.820400e-02
75 9.093600e-01 1.127200e-02 7.936800e-02
76 9.083520e-01 1.132400e-02 8.032400e-02
77 9.070440e-01 1.158000e-02 8.137600e-02
78 9.058160e-01 1.181200e-02 8.237200e-02
79 9.048960e-01 1.176000e-02 8.334400e-02
80 9.037360e-01 1.177200e-02 8.449200e-02
81 9.024800e-01 1.197200e-02 8.554800e-02
82 9.013520e-01 1.222400e-02 8.642400e-02
83 9.002280e-01 1.223600e-02 8.753600e-02
84 8.987400e-01 1.235200e-02 8.890800e-02
85 8.977480e-01 1.231600e-02 8.993600e-02
86 8.966760e-01 1.221200e-02 9.111200e-02
87 8.956640e-01 1.209200e-02 9.224400e-02
88 8.945440e-01 1.216800e-02 9.328800e-02
89 8.933400e-01 1.228000e-02 9.438000e-02
90 8.921080e-01 1.234400e-02 9.554800e-02
91 8.909040e-01 1.252000e-02 9.657600e-02
92 8.899080e-01 1.241600e-02 9.767600e-02
93 8.888120e-01 1.256800e-02 9.862000e-02
94 8.877480e-01 1.249600e-02 9.975600e-02
95 8.865600e-01 1.252000e-02 1.009200e-01
96 8.854240e-01 1.256800e-02 1.020080e-01
97 8.843960e-01 1.254400e-02 1.030600e-01
98 8.834720e-01 1.241600e-02 1.041120e-01
99 8.825520e-01 1.242000e-02 1.050280e-01
100 8.815840e-01 1.240400e-02 1.060120e-01
101 8.807600e-01 1.212800e-02 1.071120e-01
102 8.799160e-01 1.195200e-02 1.081320e-01
103 8.790560e-01 1.197600e-02 1.089680e-01
104 8.781240e-01 1.204800e-02 1.098280e-01
105 8.771080e-01 1.228400e-02 1.106080e-01
106 8.763640e-01 1.210000e-02 1.115360e-01
107 8.754560e-01 1.197600e-02 1.125680e-01
108 8.747480e-01 1.196000e-02 1.132920e-01
109 8.740320e-01 1.190000e-02 1.140680e-01
110 8.734400e-01 1.185600e-02 1.147040e-01
111 8.726480e-01 1.202400e-02 1.153280e-01
112 8.717680e-01 1.197200e-02 1.162600e-01
113 8.707200e-01 1.194400e-02 1.173360e-01
114 8.697680e-01 1.209600e-02 1.181360e-01
115 8.686360e-01 1.228800e-02 1.190760e-01
116 8.674720e-01 1.242800e-02 1.201000e-01
117 8.665760e-01 1.234800e-02 1.210760e-01
118 8.656280e-01 1.249200e-02 1.218800e-01
119 8.647360e-01 1.238800e-02 1.228760e-01
120 8.638920e-01 1.253200e-02 1.235760e-01
121 8.629400e-01 1.254000e-02 1.245200e-01
122 8.620880e-01 1.248800e-02 1.254240e-01
123 8.613200e-01 1.241200e-02 1.262680e-01
124 8.607120e-01 1.235600e-02 1.269320e-01
125 8.599400e-01 1.226400e-02 1.277960e-01
126 8.592760e-01 1.218000e-02 1.285440e-01
127 8.585720e-01 1.212800e-02 1.293000e-01
128 8.577520e-01 1.214000e-02 1.301080e-01
129 8.570800e-01 1.203600e-02 1.308840e-01
130 8.564000e-01 1.201200e-02 1.315880e-01
131 8.556080e-01 1.230400e-02 1.320880e-01
132 8.548720e-01 1.237600e-02 1.327520e-01
133 8.541200e-01 1.233200e-02 1.335480e-01
134 8.533400e-01 1.246800e-02 1.341920e-01
135 8.524320e-01 1.255600e-02 1.350120e-01
136 8.516760e-01 1.259200e-02 1.357320e-01
137 8.509280e-01 1.250800e-02 1.365640e-01
138 8.502080e-01 1.259200e-02 1.372000e-01
139 8.495080e-01 1.251600e-02 1.379760e-01
140 8.488280e-01 1.262000e-02 1.385520e-01
141 8.481680e-01 1.272800e-02 1.391040e-01
142 8.475000e-01 1.281200e-02 1.396880e-01
143 8.471520e-01 1.252000e-02 1.403280e-01
144 8.465880e-01 1.244400e-02 1.409680e-01
145 8.459400e-01 1.236400e-02 1.416960e-01
146 8.452400e-01 1.233200e-02 1.424280e-01
147 8.446840e-01 1.210800e-02 1.432080e-01
148 8.441600e-01 1.193200e-02 1.439080e-01
149 8.434480e-01 1.207200e-02 1.444800e-01
150 8.429440e-01 1.198800e-02 1.450680e-01
151 8.422800e-01 1.202800e-02 1.456920e-01
152 8.417480e-01 1.212400e-02 1.461280e-01
153 8.413400e-01 1.203200e-02 1.466280e-01
154 8.406320e-01 1.214000e-02 1.472280e-01
155 8.398240e-01 1.232400e-02 1.478520e-01
156 8.392160e-01 1.234000e-02 1.484440e-01
157 8.385680e-01 1.240800e-02 1.490240e-01
158 8.378920e-01 1.232000e-02 1.497880e-01
159 8.371920e-01 1.241600e-02 1.503920e-01
160 8.365400e-01 1.255200e-02 1.509080e-01
161 8.359320e-01 1.255600e-02 1.515120e-01
162 8.353760e-01 1.243600e-02 1.521880e-01
163 8.348040e-01 1.250800e-02 1.526880e-01
164 8.343840e-01 1.233200e-02 1.532840e-01
165 8.338680e-01 1.228000e-02 1.538520e-01
166 8.333880e-01 1.220800e-02 1.544040e-01
167 8.328640e-01 1.224000e-02 1.548960e-01
168 8.325800e-01 1.212800e-02 1.552920e-01
169 8.322520e-01 1.198800e-02 1.557600e-01
170 8.321080e-01 1.185200e-02 1.560400e-01
171 8.316800e-01 1.168400e-02 1.566360e-01
172 8.312680e-01 1.156400e-02 1.571680e-01
173 8.308400e-01 1.173600e-02 1.574240e-01
174 8.304160e-01 1.167200e-02 1.579120e-01
175 8.299080e-01 1.170400e-02 1.583880e-01
176 8.296640e-01 1.160800e-02 1.587280e-01
177 8.294400e-01 1.149600e-02 1.590640e-01
178 8.289800e-01 1.153600e-02 1.594840e-01
179 8.284920e-01 1.182000e-02 1.596880e-01
180 8.282480e-01 1.176800e-02 1.599840e-01
181 8.280040e-01 1.165600e-02 1.603400e-01
182 8.276040e-01 1.176800e-02 1.606280e-01
183 8.274160e-01 1.164800e-02 1.609360e-01
184 8.270120e-01 1.180400e-02 1.611840e-01
185 8.266840e-01 1.169600e-02 1.616200e-01
186 8.263200e-01 1.172400e-02 1.619560e-01
187 8.259920e-01 1.155200e-02 1.624560e-01
188 8.256120e-01 1.144400e-02 1.629440e-01
189 8.252960e-01 1.160000e-02 1.631040e-01
190 8.252440e-01 1.134400e-02 1.634120e-01
191 8.250520e-01 1.121600e-02 1.637320e-01
192 8.249440e-01 1.128400e-02 1.637720e-01
193 8.248800e-01 1.106000e-02 1.640600e-01
194 8.248840e-01 1.098800e-02 1.641280e-01
195 8.247440e-01 1.101600e-02 1.642400e-01
196 8.245760e-01 1.092000e-02 1.645040e-01
197 8.244640e-01 1.094000e-02 1.645960e-01
198 8.245480e-01 1.089200e-02 1.645600e-01
199 8.244920e-01 1.090400e-02 1.646040e-01
200 8.244440e-01 1.064800e-02 1.649080e-01
201 8.240840e-01 1.083600e-02 1.650800e-01
202 8.238640e-01 1.069600e-02 1.654400e-01
203 8.239000e-01 1.049200e-02 1.656080e-01
204 8.239480e-01 1.046400e-02 1.655880e-01
205 8.240800e-01 1.023200e-02 1.656880e-01
206 8.240640e-01 1.030000e-02 1.656360e-01
207 8.240400e-01 1.015200e-02 1.658080e-01
208 8.239640e-01 1.007600e-02 1.659600e-01
209 8.237480e-01 1.035200e-02 1.659000e-01
210 8.237240e-01 1.044800e-02 1.658280e-01
211 8.235240e-01 1.046000e-02 1.660160e-01
212 8.233680e-01 1.042400e-02 1.662080e-01
213 8.233600e-01 1.040800e-02 1.662320e-01
214 8.233800e-01 1.016400e-02 1.664560e-01
215 8.231920e-01 1.026400e-02 1.665440e-01
216 8.231240e-01 1.013200e-02 1.667440e-01
217 8.229160e-01 1.021200e-02 1.668720e-01
218 8.229040e-01 1.016000e-02 1.669360e-01
219 8.229360e-01 1.026800e-02 1.667960e-01
220 8.227800e-01 1.022400e-02 1.669960e-01
221 8.227400e-01 1.014000e-02 1.671200e-01
222 8.227560e-01 1.020800e-02 1.670360e-01
223 8.227520e-01 1.005600e-02 1.671920e-01
224 8.228360e-01 1.005200e-02 1.671120e-01
225 8.228160e-01 9.956000e-03 1.672280e-01
226 8.227080e-01 9.904000e-03 1.673880e-01
227 8.224440e-01 9.992000e-03 1.675640e-01
228 8.223560e-01 9.900000e-03 1.677440e-01
229 8.222720e-01 9.860000e-03 1.678680e-01
230 8.222560e-01 9.824000e-03 1.679200e-01
231 8.222480e-01 9.796000e-03 1.679560e-01
232 8.221320e-01 9.768000e-03 1.681000e-01
233 8.221320e-01 9.688000e-03 1.681800e-01
234 8.221640e-01 9.788000e-03 1.680480e-01
235 8.223520e-01 9.544000e-03 1.681040e-01
236 8.225280e-01 9.244000e-03 1.682280e-01
237 8.226640e-01 9.252000e-03 1.680840e-01
238 8.229120e-01 9.200000e-03 1.678880e-01
239 8.231440e-01 9.196000e-03 1.676600e-01
240 8.231760e-01 9.232000e-03 1.675920e-01
241 8.232480e-01 9.156000e-03 1.675960e-01
242 8.233320e-01 9.200000e-03 1.674680e-01
243 8.232320e-01 9.180000e-03 1.675880e-01
244 8.233200e-01 9.244000e-03 1.674360e-01
245 8.233040e-01 9.216000e-03 1.674800e-01
246 8.234120e-01 9.148000e-03 1.674400e-01
247 8.233400e-01 9.212000e-03 1.674480e-01
248 8.235920e-01 9.112000e-03 1.672960e-01
249 8.237160e-01 9.040000e-03 1.672440e-01
250 8.240200e-01 8.948000e-03 1.670320e-01
251 8.242200e-01 9.048000e-03 1.667320e-01
252 8.244840e-01 8.732000e-03 1.667840e-01
253 8.247680e-01 8.660000e-03 1.665720e-01
254 8.252560e-01 8.320000e-03 1.664240e-01
255 8.255800e-01 8.160000e-03 1.662600e-01
256 8.261320e-01 7.964000e-03 1.659040e-01
257 8.264960e-01 7.744000e-03 1.657600e-01
258 8.267480e-01 7.856000e-03 1.653960e-01
259 8.270320e-01 7.952000e-03 1.650160e-01
260 8.274920e-01 7.960000e-03 1.645480e-01
261 8.276760e-01 7.928000e-03 1.643960e-01
262 8.279280e-01 7.996000e-03 1.640760e-01
263 8.281160e-01 8.012000e-03 1.638720e-01
264 8.284880e-01 7.992000e-03 1.635200e-01
265 8.286000e-01 8.032000e-03 1.633680e-01
266 8.288120e-01 7.956000e-03 1.632320e-01
267 8.290080e-01 8.040000e-03 1.629520e-01
268 8.293880e-01 7.916000e-03 1.626960e-01
269 8.295520e-01 7.872000e-03 1.625760e-01
270 8.297200e-01 7.908000e-03 1.623720e-01
271 8.299880e-01 7.932000e-03 1.620800e-01
272 8.303320e-01 7.732000e-03 1.619360e-01
273 8.306720e-01 7.688000e-03 1.616400e-01
274 8.309560e-01 7.712000e-03 1.613320e-01
275 8.311560e-01 7.792000e-03 1.610520e-01
276 8.314520e-01 7.712000e-03 1.608360e-01
277 8.317200e-01 7.592000e-03 1.606880e-01
278 8.319880e-01 7.572000e-03 1.604400e-01
279 8.322800e-01 7.636000e-03 1.600840e-01
280 8.324760e-01 7.724000e-03 1.598000e-01
281 8.326320e-01 7.772000e-03 1.595960e-01
282 8.327360e-01 7.988000e-03 1.592760e-01
283 8.327960e-01 7.964000e-03 1.592400e-01
284 8.330000e-01 7.888000e-03 1.591120e-01
285 8.333440e-01 7.624000e-03 1.590320e-01
286 8.335000e-01 7.632000e-03 1.588680e-01
287 8.336520e-01 7.704000e-03 1.586440e-01
288 8.338040e-01 7.756000e-03 1.584400e-01
289 8.339240e-01 7.852000e-03 1.582240e-01
290 8.341080e-01 7.832000e-03 1.580600e-01
291 8.344200e-01 7.704000e-03 1.578760e-01
292 8.346480e-01 7.756000e-03 1.575960e-01
293 8.347480e-01 7.820000e-03 1.574320e-01
294 8.351000e-01 7.736000e-03 1.571640e-01
295 8.351200e-01 7.928000e-03 1.569520e-01
296 8.352360e-01 8.108000e-03 1.566560e-01
297 8.351800e-01 8.216000e-03 1.566040e-01
298 8.352120e-01 8.108000e-03 1.566800e-01
299 8.354800e-01 8.012000e-03 1.565080e-01
300 8.355920e-01 7.996000e-03 1.564120e-01
301 8.359120e-01 8.004000e-03 1.560840e-01
302 8.360400e-01 7.980000e-03 1.559800e-01
303 8.363160e-01 7.840000e-03 1.558440e-01
304 8.365800e-01 7.652000e-03 1.557680e-01
305 8.367360e-01 7.652000e-03 1.556120e-01
306 8.370000e-01 7.768000e-03 1.552320e-01
307 8.372120e-01 7.760000e-03 1.550280e-01
308 8.374160e-01 7.828000e-03 1.547560e-01
309 8.378160e-01 7.676000e-03 1.545080e-01
310 8.378840e-01 7.752000e-03 1.543640e-01
311 8.380560e-01 7.668000e-03 1.542760e-01
312 8.383680e-01 7.396000e-03 1.542360e-01
313 8.388800e-01 7.232000e-03 1.538880e-01
314 8.391600e-01 7.268000e-03 1.535720e-01
315 8.393800e-01 7.416000e-03 1.532040e-01
316 8.395120e-01 7.524000e-03 1.529640e-01
317 8.396840e-01 7.576000e-03 1.527400e-01
318 8.399880e-01 7.544000e-03 1.524680e-01
319 8.402560e-01 7.612000e-03 1.521320e-01
320 8.404040e-01 7.644000e-03 1.519520e-01
321 8.405960e-01 7.576000e-03 1.518280e-01
322 8.408600e-01 7.500000e-03 1.516400e-01
323 8.409920e-01 7.464000e-03 1.515440e-01
324 8.412760e-01 7.376000e-03 1.513480e-01
325 8.415560e-01 7.336000e-03 1.511080e-01
326 8.417560e-01 7.268000e-03 1.509760e-01
327 8.417400e-01 7.480000e-03 1.507800e-01
328 8.420680e-01 7.400000e-03 1.505320e-01
329 8.422000e-01 7.652000e-03 1.501480e-01
330 8.424240e-01 7.756000e-03 1.498200e-01
331 8.425360e-01 7.836000e-03 1.496280e-01
332 8.427840e-01 7.740000e-03 1.494760e-01
333 8.429280e-01 7.748000e-03 1.493240e-01
334 8.432000e-01 7.576000e-03 1.492240e-01
335 8.435600e-01 7.468000e-03 1.489720e-01
336 8.438440e-01 7.444000e-03 1.487120e-01
337 8.439920e-01 7.296000e-03 1.487120e-01
338 8.441680e-01 7.308000e-03 1.485240e-01
339 8.444040e-01 7.360000e-03 1.482360e-01
340 8.447120e-01 7.396000e-03 1.478920e-01
341 8.449240e-01 7.424000e-03 1.476520e-01
342 8.450880e-01 7.432000e-03 1.474800e-01
343 8.452800e-01 7.432000e-03 1.472880e-01
344 8.456600e-01 7.288000e-03 1.470520e-01
345 8.458960e-01 7.288000e-03 1.468160e-01
346 8.461680e-01 7.128000e-03 1.467040e-01
347 8.463120e-01 7.244000e-03 1.464440e-01
348 8.464600e-01 7.144000e-03 1.463960e-01
349 8.466120e-01 7.164000e-03 1.462240e-01
350 8.467240e-01 7.172000e-03 1.461040e-01
351 8.470960e-01 7.144000e-03 1.457600e-01
352 8.472280e-01 7.368000e-03 1.454040e-01
353 8.476640e-01 7.284000e-03 1.450520e-01
354 8.478320e-01 7.252000e-03 1.449160e-01
355 8.478880e-01 7.256000e-03 1.448560e-01
356 8.480160e-01 7.180000e-03 1.448040e-01
357 8.481640e-01 7.060000e-03 1.447760e-01
358 8.484080e-01 6.956000e-03 1.446360e-01
359 8.485960e-01 6.844000e-03 1.445600e-01
360 8.486480e-01 6.952000e-03 1.444000e-01
361 8.489800e-01 6.988000e-03 1.440320e-01
362 8.493280e-01 6.948000e-03 1.437240e-01
363 8.494360e-01 6.936000e-03 1.436280e-01
364 8.497640e-01 6.856000e-03 1.433800e-01
365 8.500960e-01 7.012000e-03 1.428920e-01
366 8.502960e-01 7.076000e-03 1.426280e-01
367 8.505040e-01 7.112000e-03 1.423840e-01
368 8.506400e-01 7.148000e-03 1.422120e-01
369 8.508680e-01 6.908000e-03 1.422240e-01
370 8.511400e-01 6.840000e-03 1.420200e-01
371 8.513920e-01 6.840000e-03 1.417680e-01
372 8.515640e-01 6.784000e-03 1.416520e-01
373 8.519120e-01 6.720000e-03 1.413680e-01
374 8.522480e-01 6.628000e-03 1.411240e-01
375 8.525920e-01 6.564000e-03 1.408440e-01
376 8.527920e-01 6.480000e-03 1.407280e-01
377 8.531200e-01 6.468000e-03 1.404120e-01
378 8.533560e-01 6.532000e-03 1.401120e-01
379 8.536000e-01 6.448000e-03 1.399520e-01
380 8.539040e-01 6.456000e-03 1.396400e-01
381 8.541160e-01 6.548000e-03 1.393360e-01
382 8.543880e-01 6.500000e-03 1.391120e-01
383 8.544560e-01 6.520000e-03 1.390240e-01
384 8.546440e-01 6.480000e-03 1.388760e-01
385 8.548880e-01 6.444000e-03 1.386680e-01
386 8.553400e-01 6.384000e-03 1.382760e-01
387 8.557440e-01 6.328000e-03 1.379280e-01
388 8.560520e-01 6.108000e-03 1.378400e-01
389 8.561080e-01 6.108000e-03 1.377840e-01
390 8.562640e-01 6.244000e-03 1.374920e-01
391 8.566480e-01 6.076000e-03 1.372760e-01
392 8.568560e-01 6.120000e-03 1.370240e-01
393 8.572120e-01 6.136000e-03 1.366520e-01
394 8.573720e-01 6.128000e-03 1.365000e-01
395 8.576920e-01 6.204000e-03 1.361040e-01
396 8.580080e-01 6.108000e-03 1.358840e-01
397 8.584400e-01 6.100000e-03 1.354600e-01
398 8.587480e-01 6.104000e-03 1.351480e-01
399 8.588920e-01 6.176000e-03 1.349320e-01
400 8.591280e-01 6.212000e-03 1.346600e-01
401 8.594040e-01 6.200000e-03 1.343960e-01
402 8.596880e-01 6.108000e-03 1.342040e-01
403 8.598680e-01 6.244000e-03 1.338880e-01
404 8.601440e-01 5.976000e-03 1.338800e-01
405 8.604040e-01 5.964000e-03 1.336320e-01
406 8.605760e-01 6.052000e-03 1.333720e-01
407 8.605640e-01 6.252000e-03 1.331840e-01
408 8.609640e-01 6.140000e-03 1.328960e-01
409 8.612480e-01 6.052000e-03 1.327000e-01
410 8.613440e-01 5.940000e-03 1.327160e-01
411 8.617360e-01 5.672000e-03 1.325920e-01
412 8.622600e-01 5.552000e-03 1.321880e-01
413 8.625440e-01 5.632000e-03 1.318240e-01
414 8.628400e-01 5.724000e-03 1.314360e-01
415 8.632000e-01 5.676000e-03 1.311240e-01
416 8.635120e-01 5.684000e-03 1.308040e-01
417 8.637240e-01 5.800000e-03 1.304760e-01
418 8.639800e-01 5.776000e-03 1.302440e-01
419 8.642960e-01 5.792000e-03 1.299120e-01
420 8.646640e-01 5.776000e-03 1.295600e-01
421 8.648880e-01 5.728000e-03 1.293840e-01
422 8.652960e-01 5.748000e-03 1.289560e-01
423 8.657200e-01 5.616000e-03 1.286640e-01
424 8.660440e-01 5.604000e-03 1.283520e-01
425 8.664120e-01 5.580000e-03 1.280080e-01
426 8.668080e-01 5.468000e-03 1.277240e-01
427 8.672000e-01 5.424000e-03 1.273760e-01
428 8.675360e-01 5.404000e-03 1.270600e-01
429 8.678040e-01 5.336000e-03 1.268600e-01
430 8.682080e-01 5.260000e-03 1.265320e-01
431 8.685560e-01 5.120000e-03 1.263240e-01
432 8.690400e-01 5.020000e-03 1.259400e-01
433 8.693440e-01 5.052000e-03 1.256040e-01
434 8.698120e-01 5.064000e-03 1.251240e-01
435 8.701240e-01 4.916000e-03 1.249600e-01
436 8.704160e-01 5.016000e-03 1.245680e-01
437 8.707240e-01 5.056000e-03 1.242200e-01
438 8.709640e-01 4.948000e-03 1.240880e-01
439 8.713000e-01 4.956000e-03 1.237440e-01
440 8.717040e-01 4.904000e-03 1.233920e-01
441 8.721160e-01 4.936000e-03 1.229480e-01
442 8.722720e-01 5.016000e-03 1.227120e-01
443 8.726120e-01 4.956000e-03 1.224320e-01
444 8.729880e-01 4.908000e-03 1.221040e-01
445 8.732200e-01 5.000000e-03 1.217800e-01
446 8.734880e-01 5.064000e-03 1.214480e-01
447 8.738880e-01 5.008000e-03 1.211040e-01
448 8.742680e-01 5.084000e-03 1.206480e-01
449 8.745520e-01 4.948000e-03 1.205000e-01
450 8.748360e-01 4.964000e-03 1.202000e-01
451 8.752200e-01 4.828000e-03 1.199520e-01
452 8.756160e-01 4.800000e-03 1.195840e-01
453 8.758640e-01 4.820000e-03 1.193160e-01
454 8.762240e-01 4.832000e-03 1.189440e-01
455 8.764440e-01 4.764000e-03 1.187920e-01
456 8.768080e-01 4.720000e-03 1.184720e-01
457 8.772360e-01 4.712000e-03 1.180520e-01
458 8.776040e-01 4.652000e-03 1.177440e-01
459 8.778880e-01 4.752000e-03 1.173600e-01
460 8.781800e-01 4.768000e-03 1.170520e-01
461 8.784480e-01 4.784000e-03 1.167680e-01
462 8.789120e-01 4.708000e-03 1.163800e-01
463 8.792960e-01 4.628000e-03 1.160760e-01
464 8.797200e-01 4.604000e-03 1.156760e-01
465 8.800760e-01 4.384000e-03 1.155400e-01
466 8.803400e-01 4.344000e-03 1.153160e-01
467 8.806240e-01 4.460000e-03 1.149160e-01
468 8.810480e-01 4.492000e-03 1.144600e-01
469 8.813600e-01 4.472000e-03 1.141680e-01
470 8.816320e-01 4.536000e-03 1.138320e-01
471 8.819920e-01 4.464000e-03 1.135440e-01
472 8.822320e-01 4.372000e-03 1.133960e-01
473 8.825760e-01 4.348000e-03 1.130760e-01
474 8.827920e-01 4.384000e-03 1.128240e-01
475 8.832040e-01 4.264000e-03 1.125320e-01
476 8.834920e-01 4.188000e-03 1.123200e-01
477 8.837880e-01 4.252000e-03 1.119600e-01
478 8.840800e-01 4.304000e-03 1.116160e-01
479 8.844000e-01 4.172000e-03 1.114280e-01
480 8.846720e-01 4.152000e-03 1.111760e-01
481 8.848800e-01 4.216000e-03 1.109040e-01
482 8.851760e-01 4.196000e-03 1.106280e-01
483 8.854840e-01 4.212000e-03 1.103040e-01
484 8.858000e-01 4.304000e-03 1.098960e-01
485 8.862680e-01 4.172000e-03 1.095600e-01
486 8.866480e-01 4.172000e-03 1.091800e-01
487 8.870320e-01 4.224000e-03 1.087440e-01
488 8.874480e-01 4.196000e-03 1.083560e-01
489 8.876680e-01 4.308000e-03 1.080240e-01
490 8.880400e-01 4.276000e-03 1.076840e-01
491 8.882560e-01 4.140000e-03 1.076040e-01
492 8.886440e-01 4.196000e-03 1.071600e-01
493 8.890720e-01 4.096000e-03 1.068320e-01
494 8.895240e-01 4.044000e-03 1.064320e-01
495 8.899720e-01 3.832000e-03 1.061960e-01
496 8.904760e-01 3.628000e-03 1.058960e-01
497 8.910120e-01 3.584000e-03 1.054040e-01
498 8.914640e-01 3.620000e-03 1.049160e-01
499 8.919320e-01 3.580000e-03 1.044880e-01
500 8.924280e-01 3.536000e-03 1.040360e-01
501 8.928440e-01 3.556000e-03 1.036000e-01
502 8.933600e-01 3.392000e-03 1.032480e-01
503 8.939000e-01 3.372000e-03 1.027280e-01
504 8.943440e-01 3.328000e-03 1.023280e-01
505 8.946880e-01 3.380000e-03 1.019320e-01
506 8.949240e-01 3.332000e-03 1.017440e-01
507 8.953760e-01 3.324000e-03 1.013000e-01
508 8.957800e-01 3.288000e-03 1.009320e-01
509 8.962720e-01 3.168000e-03 1.005600e-01
510 8.966680e-01 3.092000e-03 1.002400e-01
511 8.972040e-01 3.000000e-03 9.979600e-02
512 8.976120e-01 2.880000e-03 9.950800e-02
513 8.980960e-01 2.784000e-03 9.912000e-02
514 8.984520e-01 2.772000e-03 9.877600e-02
515 8.989200e-01 2.800000e-03 9.828000e-02
516 8.995080e-01 2.772000e-03 9.772000e-02
517 9.001240e-01 2.696000e-03 9.718000e-02
518 9.005960e-01 2.768000e-03 9.663600e-02
519 9.011280e-01 2.760000e-03 9.611200e-02
520 9.015480e-01 2.788000e-03 9.566400e-02
521 9.020600e-01 2.708000e-03 9.523200e-02
522 9.024080e-01 2.688000e-03 9.490400e-02
523 9.029520e-01 2.596000e-03 9.445200e-02
524 9.034280e-01 2.580000e-03 9.399200e-02
525 9.039480e-01 2.520000e-03 9.353200e-02
526 9.044280e-01 2.600000e-03 9.297200e-02
527 9.048560e-01 2.520000e-03 9.262400e-02
528 9.053160e-01 2.496000e-03 9.218800e-02
529 9.059440e-01 2.356000e-03 9.170000e-02
530 9.064760e-01 2.316000e-03 9.120800e-02
531 9.070040e-01 2.232000e-03 9.076400e-02
532 9.075360e-01 2.220000e-03 9.024400e-02
533 9.080880e-01 2.152000e-03 8.976000e-02
534 9.085480e-01 2.212000e-03 8.924000e-02
535 9.090520e-01 2.124000e-03 8.882400e-02
536 9.095960e-01 2.100000e-03 8.830400e-02
537 9.101240e-01 2.120000e-03 8.775600e-02
538 9.105360e-01 2.056000e-03 8.740800e-02
539 9.111480e-01 2.032000e-03 8.682000e-02
540 9.116120e-01 2.104000e-03 8.628400e-02
541 9.120320e-01 2.112000e-03 8.585600e-02
542 9.126080e-01 2.060000e-03 8.533200e-02
543 9.130680e-01 2.064000e-03 8.486800e-02
544 9.133720e-01 2.096000e-03 8.453200e-02
545 9.137640e-01 2.188000e-03 8.404800e-02
546 9.142480e-01 2.176000e-03 8.357600e-02
547 9.147600e-01 2.108000e-03 8.313200e-02
548 9.151760e-01 1.988000e-03 8.283600e-02
549 9.156880e-01 1.992000e-03 8.232000e-02
550 9.161760e-01 2.036000e-03 8.178800e-02
551 9.167200e-01 1.980000e-03 8.130000e-02
552 9.172080e-01 1.968000e-03 8.082400e-02
553 9.176040e-01 2.012000e-03 8.038400e-02
554 9.180160e-01 2.096000e-03 7.988800e-02
555 9.184440e-01 2.060000e-03 7.949600e-02
556 9.187720e-01 2.072000e-03 7.915600e-02
557 9.191560e-01 2.044000e-03 7.880000e-02
558 9.195320e-01 2.036000e-03 7.843200e-02
559 9.199560e-01 2.076000e-03 7.796800e-02
560 9.204320e-01 1.996000e-03 7.757200e-02
561 9.208840e-01 1.888000e-03 7.722800e-02
562 9.212800e-01 1.848000e-03 7.687200e-02
563 9.216600e-01 1.788000e-03 7.655200e-02
564 9.220840e-01 1.780000e-03 7.613600e-02
565 9.224440e-01 1.808000e-03 7.574800e-02
566 9.228240e-01 1.828000e-03 7.534800e-02
567 9.232480e-01 1.876000e-03 7.487600e-02
568 9.236480e-01 1.908000e-03 7.444400e-02
569 9.239480e-01 1.908000e-03 7.414400e-02
570 9.244720e-01 1.916000e-03 7.361200e-02
571 9.246520e-01 1.992000e-03 7.335600e-02
572 9.249400e-01 2.056000e-03 7.300400e-02
573 9.251680e-01 2.104000e-03 7.272800e-02
574 9.255480e-01 2.096000e-03 7.235600e-02
575 9.259000e-01 2.032000e-03 7.206800e-02
576 9.262800e-01 1.996000e-03 7.172400e-02
577 9.265960e-01 2.020000e-03 7.138400e-02
578 9.269280e-01 2.064000e-03 7.100800e-02
579 9.272840e-01 2.008000e-03 7.070800e-02
580 9.276560e-01 1.900000e-03 7.044400e-02
581 9.279920e-01 1.892000e-03 7.011600e-02
582 9.284680e-01 1.880000e-03 6.965200e-02
583 9.287720e-01 1.820000e-03 6.940800e-02
584 9.288880e-01 1.964000e-03 6.914800e-02
585 9.291800e-01 1.972000e-03 6.884800e-02
586 9.294520e-01 2.100000e-03 6.844800e-02
587 9.297600e-01 2.092000e-03 6.814800e-02
588 9.299840e-01 2.160000e-03 6.785600e-02
589 9.302680e-01 2.200000e-03 6.753200e-02
590 9.305240e-01 2.196000e-03 6.728000e-02
591 9.307640e-01 2.232000e-03 6.700400e-02
592 9.310080e-01 2.188000e-03 6.680400e-02
593 9.311600e-01 2.180000e-03 6.666000e-02
594 9.314400e-01 2.164000e-03 6.639600e-02
595 9.316880e-01 2.084000e-03 6.622800e-02
596 9.319200e-01 2.140000e-03 6.594000e-02
597 9.321520e-01 2.104000e-03 6.574400e-02
598 9.324480e-01 2.048000e-03 6.550400e-02
599 9.326720e-01 2.092000e-03 6.523600e-02
600 9.329320e-01 2.152000e-03 6.491600e-02
601 9.332440e-01 2.136000e-03 6.462000e-02
602 9.335240e-01 2.152000e-03 6.432400e-02
603 9.338600e-01 2.192000e-03 6.394800e-02
604 9.341080e-01 2.068000e-03 6.382400e-02
605 9.342200e-01 2.160000e-03 6.362000e-02
606 9.343840e-01 2.192000e-03 6.342400e-02
607 9.347240e-01 2.128000e-03 6.314800e-02
608 9.349240e-01 2.140000e-03 6.293600e-02
609 9.351240e-01 2.176000e-03 6.270000e-02
610 9.353960e-01 2.188000e-03 6.241600e-02
611 9.357560e-01 2.160000e-03 6.208400e-02
612 9.359760e-01 2.136000e-03 6.188800e-02
613 9.362240e-01 2.128000e-03 6.164800e-02
614 9.364440e-01 2.152000e-03 6.140400e-02
615 9.365880e-01 2.264000e-03 6.114800e-02
616 9.367760e-01 2.368000e-03 6.085600e-02
617 9.368720e-01 2.472000e-03 6.065600e-02
618 9.369480e-01 2.520000e-03 6.053200e-02
619 9.371640e-01 2.400000e-03 6.043600e-02
620 9.373520e-01 2.440000e-03 6.020800e-02
621 9.375600e-01 2.472000e-03 5.996800e-02
622 9.377000e-01 2.540000e-03 5.976000e-02
623 9.378520e-01 2.532000e-03 5.961600e-02
624 9.379800e-01 2.492000e-03 5.952800e-02
625 9.381000e-01 2.504000e-03 5.939600e-02
626 9.382240e-01 2.560000e-03 5.921600e-02
627 9.384200e-01 2.448000e-03 5.913200e-02
628 9.385560e-01 2.456000e-03 5.898800e-02
629 9.387320e-01 2.404000e-03 5.886400e-02
630 9.388240e-01 2.428000e-03 5.874800e-02
631 9.390640e-01 2.384000e-03 5.855200e-02
632 9.392800e-01 2.404000e-03 5.831600e-02
633 9.394280e-01 2.400000e-03 5.817200e-02
634 9.396720e-01 2.412000e-03 5.791600e-02
635 9.397040e-01 2.472000e-03 5.782400e-02
636 9.398880e-01 2.352000e-03 5.776000e-02
637 9.399600e-01 2.368000e-03 5.767200e-02
638 9.401480e-01 2.264000e-03 5.758800e-02
639 9.403920e-01 2.256000e-03 5.735200e-02
640 9.404680e-01 2.344000e-03 5.718800e-02
641 9.407280e-01 2.308000e-03 5.696400e-02
642 9.409200e-01 2.244000e-03 5.683600e-02
643 9.410320e-01 2.264000e-03 5.670400e-02
644 9.412040e-01 2.324000e-03 5.647200e-02
645 9.414000e-01 2.344000e-03 5.625600e-02
646 9.415440e-01 2.348000e-03 5.610800e-02
647 9.416320e-01 2.480000e-03 5.588800e-02
648 9.418480e-01 2.452000e-03 5.570000e-02
649 9.419280e-01 2.544000e-03 5.552800e-02
650 9.419360e-01 2.632000e-03 5.543200e-02
651 9.421520e-01 2.688000e-03 5.516000e-02
652 9.422440e-01 2.656000e-03 5.510000e-02
653 9.423280e-01 2.588000e-03 5.508400e-02
654 9.423600e-01 2.580000e-03 5.506000e-02
655 9.424160e-01 2.516000e-03 5.506800e-02
656 9.425520e-01 2.588000e-03 5.486000e-02
657 9.427400e-01 2.524000e-03 5.473600e-02
658 9.429080e-01 2.492000e-03 5.460000e-02
659 9.429800e-01 2.432000e-03 5.458800e-02
660 9.431000e-01 2.388000e-03 5.451200e-02
661 9.431840e-01 2.364000e-03 5.445200e-02
662 9.433400e-01 2.388000e-03 5.427200e-02
663 9.434120e-01 2.412000e-03 5.417600e-02
664 9.435400e-01 2.376000e-03 5.408400e-02
665 9.436640e-01 2.308000e-03 5.402800e-02
666 9.439280e-01 2.272000e-03 5.380000e-02
667 9.440480e-01 2.292000e-03 5.366000e-02
668 9.441600e-01 2.264000e-03 5.357600e-02
669 9.443720e-01 2.308000e-03 5.332000e-02
670 9.444520e-01 2.352000e-03 5.319600e-02
671 9.446120e-01 2.340000e-03 5.304800e-02
672 9.448720e-01 2.300000e-03 5.282800e-02
673 9.449400e-01 2.332000e-03 5.272800e-02
674 9.451680e-01 2.280000e-03 5.255200e-02
675 9.452160e-01 2.340000e-03 5.244400e-02
676 9.453240e-01 2.408000e-03 5.226800e-02
677 9.454280e-01 2.424000e-03 5.214800e-02
678 9.455200e-01 2.424000e-03 5.205600e-02
679 9.455600e-01 2.400000e-03 5.204000e-02
680 9.456520e-01 2.388000e-03 5.196000e-02
681 9.457920e-01 2.296000e-03 5.191200e-02
682 9.459240e-01 2.372000e-03 5.170400e-02
683 9.460800e-01 2.288000e-03 5.163200e-02
684 9.461840e-01 2.344000e-03 5.147200e-02
685 9.463040e-01 2.328000e-03 5.136800e-02
686 9.463600e-01 2.348000e-03 5.129200e-02
687 9.465720e-01 2.424000e-03 5.100400e-02
688 9.466320e-01 2.376000e-03 5.099200e-02
689 9.467520e-01 2.352000e-03 5.089600e-02
690 9.468840e-01 2.332000e-03 5.078400e-02
691 9.469960e-01 2.400000e-03 5.060400e-02
692 9.469840e-01 2.412000e-03 5.060400e-02
693 9.470920e-01 2.408000e-03 5.050000e-02
694 9.471480e-01 2.420000e-03 5.043200e-02
695 9.472320e-01 2.476000e-03 5.029200e-02
696 9.472800e-01 2.556000e-03 5.016400e-02
697 9.473320e-01 2.516000e-03 5.015200e-02
698 9.473360e-01 2.592000e-03 5.007200e-02
699 9.473480e-01 2.684000e-03 4.996800e-02
700 9.473800e-01 2.748000e-03 4.987200e-02
701 9.475240e-01 2.768000e-03 4.970800e-02
702 9.475400e-01 2.788000e-03 4.967200e-02
703 9.475760e-01 2.776000e-03 4.964800e-02
704 9.475720e-01 2.776000e-03 4.965200e-02
705 9.474120e-01 2.988000e-03 4.960000e-02
706 9.473840e-01 2.992000e-03 4.962400e-02
707 9.473160e-01 3.048000e-03 4.963600e-02
708 9.471200e-01 3.164000e-03 4.971600e-02
709 9.470760e-01 3.240000e-03 4.968400e-02
710 9.470560e-01 3.268000e-03 4.967600e-02
711 9.469800e-01 3.252000e-03 4.976800e-02
712 9.469200e-01 3.332000e-03 4.974800e-02
713 9.468240e-01 3.348000e-03 4.982800e-02
714 9.467240e-01 3.384000e-03 4.989200e-02
715 9.466120e-01 3.392000e-03 4.999600e-02
716 9.464560e-01 3.456000e-03 5.008800e-02
717 9.463160e-01 3.508000e-03 5.017600e-02
718 9.461600e-01 3.636000e-03 5.020400e-02
719 9.460240e-01 3.752000e-03 5.022400e-02
720 9.458440e-01 3.840000e-03 5.031600e-02
721 9.456680e-01 3.796000e-03 5.053600e-02
722 9.455880e-01 3.732000e-03 5.068000e-02
723 9.454960e-01 3.588000e-03 5.091600e-02
724 9.454400e-01 3.588000e-03 5.097200e-02
725 9.453760e-01 3.612000e-03 5.101200e-02
726 9.452680e-01 3.664000e-03 5.106800e-02
727 9.451440e-01 3.660000e-03 5.119600e-02
728 9.450760e-01 3.628000e-03 5.129600e-02
729 9.449200e-01 3.688000e-03 5.139200e-02
730 9.447840e-01 3.692000e-03 5.152400e-02
731 9.448640e-01 3.596000e-03 5.154000e-02
732 9.448360e-01 3.628000e-03 5.153600e-02
733 9.448120e-01 3.540000e-03 5.164800e-02
734 9.448920e-01 3.512000e-03 5.159600e-02
735 9.447800e-01 3.524000e-03 5.169600e-02
736 9.445920e-01 3.568000e-03 5.184000e-02
737 9.444400e-01 3.656000e-03 5.190400e-02
738 9.444120e-01 3.620000e-03 5.196800e-02
739 9.441720e-01 3.788000e-03 5.204000e-02
740 9.441120e-01 3.680000e-03 5.220800e-02
741 9.440000e-01 3.680000e-03 5.232000e-02
742 9.439440e-01 3.656000e-03 5.240000e-02
743 9.439600e-01 3.624000e-03 5.241600e-02
744 9.439560e-01 3.504000e-03 5.254000e-02
745 9.439200e-01 3.464000e-03 5.261600e-02
746 9.438320e-01 3.464000e-03 5.270400e-02
747 9.436680e-01 3.572000e-03 5.276000e-02
748 9.434920e-01 3.624000e-03 5.288400e-02
749 9.434280e-01 3.684000e-03 5.288800e-02
750 9.434120e-01 3.612000e-03 5.297600e-02
751 9.432680e-01 3.544000e-03 5.318800e-02
752 9.431080e-01 3.568000e-03 5.332400e-02
753 9.430760e-01 3.512000e-03 5.341200e-02
754 9.430000e-01 3.564000e-03 5.343600e-02
755 9.429160e-01 3.636000e-03 5.344800e-02
756 9.428480e-01 3.580000e-03 5.357200e-02
757 9.428600e-01 3.504000e-03 5.363600e-02
758 9.428400e-01 3.456000e-03 5.370400e-02
759 9.427280e-01 3.432000e-03 5.384000e-02
760 9.426080e-01 3.504000e-03 5.388800e-02
761 9.424800e-01 3.472000e-03 5.404800e-02
762 9.423600e-01 3.488000e-03 5.415200e-02
763 9.422800e-01 3.448000e-03 5.427200e-02
764 9.421480e-01 3.440000e-03 5.441200e-02
765 9.420040e-01 3.492000e-03 5.450400e-02
766 9.419280e-01 3.584000e-03 5.448800e-02
767 9.419400e-01 3.552000e-03 5.450800e-02
768 9.419400e-01 3.488000e-03 5.457200e-02
769 9.418520e-01 3.428000e-03 5.472000e-02
770 9.418080e-01 3.516000e-03 5.467600e-02
771 9.417560e-01 3.520000e-03 5.472400e-02
772 9.417120e-01 3.392000e-03 5.489600e-02
773 9.417360e-01 3.384000e-03 5.488000e-02
774 9.417520e-01 3.428000e-03 5.482000e-02
775 9.417600e-01 3.348000e-03 5.489200e-02
776 9.418400e-01 3.268000e-03 5.489200e-02
777 9.417800e-01 3.288000e-03 5.493200e-02
778 9.418000e-01 3.232000e-03 5.496800e-02
779 9.418600e-01 3.176000e-03 5.496400e-02
780 9.418360e-01 3.220000e-03 5.494400e-02
781 9.417440e-01 3.360000e-03 5.489600e-02
782 9.417760e-01 3.300000e-03 5.492400e-02
783 9.417440e-01 3.412000e-03 5.484400e-02
784 9.417720e-01 3.336000e-03 5.489200e-02
785 9.417680e-01 3.324000e-03 5.490800e-02
786 9.418240e-01 3.324000e-03 5.485200e-02
787 9.419600e-01 3.264000e-03 5.477600e-02
788 9.419760e-01 3.232000e-03 5.479200e-02
789 9.420680e-01 3.112000e-03 5.482000e-02
790 9.420680e-01 3.192000e-03 5.474000e-02
791 9.421040e-01 3.092000e-03 5.480400e-02
792 9.422560e-01 2.984000e-03 5.476000e-02
793 9.422280e-01 2.916000e-03 5.485600e-02
794 9.422440e-01 2.916000e-03 5.484000e-02
795 9.422920e-01 2.980000e-03 5.472800e-02
796 9.422480e-01 3.040000e-03 5.471200e-02
797 9.423240e-01 3.092000e-03 5.458400e-02
798 9.424080e-01 3.048000e-03 5.454400e-02
799 9.425240e-01 2.996000e-03 5.448000e-02
800 9.426200e-01 2.904000e-03 5.447600e-02
801 9.426160e-01 2.908000e-03 5.447600e-02
802 9.427800e-01 2.828000e-03 5.439200e-02
803 9.429200e-01 2.848000e-03 5.423200e-02
804 9.429200e-01 2.908000e-03 5.417200e-02
805 9.429280e-01 2.896000e-03 5.417600e-02
806 9.429800e-01 2.960000e-03 5.406000e-02
807 9.431080e-01 2.964000e-03 5.392800e-02
808 9.431480e-01 2.948000e-03 5.390400e-02
809 9.431080e-01 3.020000e-03 5.387200e-02
810 9.431920e-01 3.004000e-03 5.380400e-02
811 9.433800e-01 2.916000e-03 5.370400e-02
812 9.434200e-01 2.972000e-03 5.360800e-02
813 9.435440e-01 2.856000e-03 5.360000e-02
814 9.436280e-01 2.864000e-03 5.350800e-02
815 9.436880e-01 2.796000e-03 5.351600e-02
816 9.437760e-01 2.764000e-03 5.346000e-02
817 9.437840e-01 2.812000e-03 5.340400e-02
818 9.437960e-01 2.744000e-03 5.346000e-02
819 9.438520e-01 2.648000e-03 5.350000e-02
820 9.438040e-01 2.676000e-03 5.352000e-02
821 9.438800e-01 2.640000e-03 5.348000e-02
822 9.439560e-01 2.660000e-03 5.338400e-02
823 9.440560e-01 2.604000e-03 5.334000e-02
824 9.441280e-01 2.624000e-03 5.324800e-02
825 9.441600e-01 2.604000e-03 5.323600e-02
826 9.441360e-01 2.692000e-03 5.317200e-02
827 9.441960e-01 2.680000e-03 5.312400e-02
828 9.442880e-01 2.648000e-03 5.306400e-02
829 9.442000e-01 2.832000e-03 5.296800e-02
830 9.442120e-01 2.836000e-03 5.295200e-02
831 9.441960e-01 2.912000e-03 5.289200e-02
832 9.442280e-01 2.904000e-03 5.286800e-02
833 9.442920e-01 2.832000e-03 5.287600e-02
834 9.443920e-01 2.840000e-03 5.276800e-02
835 9.444920e-01 2.844000e-03 5.266400e-02
836 9.445160e-01 2.872000e-03 5.261200e-02
837 9.445240e-01 2.884000e-03 5.259200e-02
838 9.445440e-01 2.972000e-03 5.248400e-02
839 9.444720e-01 3.016000e-03 5.251200e-02
840 9.443840e-01 3.196000e-03 5.242000e-02
841 9.442320e-01 3.340000e-03 5.242800e-02
842 9.441480e-01 3.312000e-03 5.254000e-02
843 9.441400e-01 3.348000e-03 5.251200e-02
844 9.440600e-01 3.468000e-03 5.247200e-02
845 9.438840e-01 3.496000e-03 5.262000e-02
846 9.438320e-01 3.428000e-03 5.274000e-02
847 9.436640e-01 3.504000e-03 5.283200e-02
848 9.435840e-01 3.412000e-03 5.300400e-02
849 9.433680e-01 3.436000e-03 5.319600e-02
850 9.433520e-01 3.384000e-03 5.326400e-02
851 9.433440e-01 3.300000e-03 5.335600e-02
852 9.433480e-01 3.304000e-03 5.334800e-02
853 9.433160e-01 3.288000e-03 5.339600e-02
854 9.433160e-01 3.360000e-03 5.332400e-02
855 9.432360e-01 3.384000e-03 5.338000e-02
856 9.431000e-01 3.464000e-03 5.343600e-02
857 9.429800e-01 3.480000e-03 5.354000e-02
858 9.429840e-01 3.540000e-03 5.347600e-02
859 9.428680e-01 3.588000e-03 5.354400e-02
860 9.428000e-01 3.528000e-03 5.367200e-02
861 9.426920e-01 3.612000e-03 5.369600e-02
862 9.426080e-01 3.620000e-03 5.377200e-02
863 9.425640e-01 3.600000e-03 5.383600e-02
864 9.425880e-01 3.572000e-03 5.384000e-02
865 9.424120e-01 3.660000e-03 5.392800e-02
866 9.423080e-01 3.660000e-03 5.403200e-02
867 9.423600e-01 3.656000e-03 5.398400e-02
868 9.421800e-01 3.688000e-03 5.413200e-02
869 9.421320e-01 3.584000e-03 5.428400e-02
870 9.419560e-01 3.660000e-03 5.438400e-02
871 9.417640e-01 3.848000e-03 5.438800e-02
872 9.416960e-01 3.908000e-03 5.439600e-02
873 9.416440e-01 3.784000e-03 5.457200e-02
874 9.416080e-01 3.696000e-03 5.469600e-02
875 9.415720e-01 3.692000e-03 5.473600e-02
876 9.415320e-01 3.684000e-03 5.478400e-02
877 9.414440e-01 3.688000e-03 5.486800e-02
878 9.413920e-01 3.628000e-03 5.498000e-02
879 9.411240e-01 3.668000e-03 5.520800e-02
880 9.410040e-01 3.604000e-03 5.539200e-02
881 9.409800e-01 3.724000e-03 5.529600e-02
882 9.409160e-01 3.764000e-03 5.532000e-02
883 9.406960e-01 3.860000e-03 5.544400e-02
884 9.404960e-01 3.900000e-03 5.560400e-02
885 9.404480e-01 3.904000e-03 5.564800e-02
886 9.403000e-01 3.896000e-03 5.580400e-02
887 9.400920e-01 3.904000e-03 5.600400e-02
888 9.398800e-01 4.004000e-03 5.611600e-02
889 9.397520e-01 4.048000e-03 5.620000e-02
890 9.396320e-01 4.052000e-03 5.631600e-02
891 9.395440e-01 4.016000e-03 5.644000e-02
892 9.394680e-01 3.832000e-03 5.670000e-02
893 9.394240e-01 3.748000e-03 5.682800e-02
894 9.392960e-01 3.844000e-03 5.686000e-02
895 9.391520e-01 3.924000e-03 5.692400e-02
896 9.389120e-01 4.116000e-03 5.697200e-02
897 9.388240e-01 4.100000e-03 5.707600e-02
898 9.388000e-01 3.952000e-03 5.724800e-02
899 9.387720e-01 3.924000e-03 5.730400e-02
900 9.388800e-01 3.736000e-03 5.738400e-02
901 9.388200e-01 3.712000e-03 5.746800e-02
902 9.388000e-01 3.656000e-03 5.754400e-02
903 9.387960e-01 3.604000e-03 5.760000e-02
904 9.387760e-01 3.620000e-03 5.760400e-02
905 9.387120e-01 3.588000e-03 5.770000e-02
906 9.386240e-01 3.696000e-03 5.768000e-02
907 9.384720e-01 3.816000e-03 5.771200e-02
908 9.383800e-01 3.824000e-03 5.779600e-02
909 9.381480e-01 3.928000e-03 5.792400e-02
910 9.380880e-01 3.904000e-03 5.800800e-02
911 9.380440e-01 3.832000e-03 5.812400e-02
912 9.379320e-01 3.800000e-03 5.826800e-02
913 9.379800e-01 3.648000e-03 5.837200e-02
914 9.379160e-01 3.596000e-03 5.848800e-02
915 9.380160e-01 3.480000e-03 5.850400e-02
916 9.380040e-01 3.420000e-03 5.857600e-02
917 9.379320e-01 3.432000e-03 5.863600e-02
918 9.379280e-01 3.496000e-03 5.857600e-02
919 9.378400e-01 3.464000e-03 5.869600e-02
920 9.377560e-01 3.640000e-03 5.860400e-02
921 9.376440e-01 3.732000e-03 5.862400e-02
922 9.374040e-01 3.932000e-03 5.866400e-02
923 9.372880e-01 3.920000e-03 5.879200e-02
924 9.372080e-01 3.976000e-03 5.881600e-02
925 9.370840e-01 4.068000e-03 5.884800e-02
926 9.368640e-01 4.144000e-03 5.899200e-02
927 9.366440e-01 4.280000e-03 5.907600e-02
928 9.366040e-01 4.188000e-03 5.920800e-02
929 9.364560e-01 4.284000e-03 5.926000e-02
930 9.363200e-01 4.268000e-03 5.941200e-02
931 9.362320e-01 4.152000e-03 5.961600e-02
932 9.360920e-01 4.148000e-03 5.976000e-02
