1 9.992520e-01 6.760000e-04 7.200000e-05
2 9.987760e-01 9.760000e-04 2.480000e-04
3 9.982000e-01 1.388000e-03 4.120000e-04
4 9.975840e-01 1.772000e-03 6.440000e-04
5 9.967280e-01 2.296000e-03 9.760000e-04
6 9.959320e-01 2.748000e-03 1.320000e-03
7 9.951720e-01 3.064000e-03 1.764000e-03
8 9.944280e-01 3.448000e-03 2.124000e-03
9 9.934280e-01 3.980000e-03 2.592000e-03
10 9.925760e-01 4.392000e-03 3.032000e-03
11 9.918080e-01 4.644000e-03 3.548000e-03
12 9.909280e-01 4.900000e-03 4.172000e-03
13 9.901080e-01 5.064000e-03 4.828000e-03
14 9.891120e-01 5.408000e-03 5.480000e-03
15 9.881840e-01 5.724000e-03 6.092000e-03
16 9.872720e-01 5.916000e-03 6.812000e-03
17 9.862720e-01 6.304000e-03 7.424000e-03
18 9.852080e-01 6.616000e-03 8.176000e-03
19 9.840440e-01 7.056000e-03 8.900000e-03
20 9.831600e-01 7.272000e-03 9.568000e-03
21 9.820480e-01 7.720000e-03 1.023200e-02
22 9.808320e-01 8.044000e-03 1.112400e-02
23 9.796040e-01 8.540000e-03 1.185600e-02
24 9.783040e-01 9.060000e-03 1.263600e-02
25 9.770920e-01 9.432000e-03 1.347600e-02
26 9.756960e-01 1.000400e-02 1.430000e-02
27 9.743440e-01 1.038400e-02 1.527200e-02
28 9.730160e-01 1.080400e-02 1.618000e-02
29 9.715480e-01 1.140400e-02 1.704800e-02
30 9.701160e-01 1.186000e-02 1.802400e-02
31 9.686080e-01 1.227600e-02 1.911600e-02
32 9.670440e-01 1.271600e-02 2.024000e-02
33 9.656040e-01 1.295200e-02 2.144400e-02
34 9.643640e-01 1.323600e-02 2.240000e-02
35 9.627840e-01 1.376400e-02 2.345200e-02
36 9.612200e-01 1.400400e-02 2.477600e-02
37 9.599160e-01 1.430800e-02 2.577600e-02
38 9.582120e-01 1.505600e-02 2.673200e-02
39 9.567840e-01 1.539600e-02 2.782000e-02
40 9.553480e-01 1.570400e-02 2.894800e-02
41 9.533600e-01 1.637600e-02 3.026400e-02
42 9.518760e-01 1.667600e-02 3.144800e-02
43 9.505360e-01 1.670800e-02 3.275600e-02
44 9.491320e-01 1.699200e-02 3.387600e-02
45 9.476680e-01 1.741200e-02 3.492000e-02
46 9.461080e-01 1.794000e-02 3.595200e-02
47 9.446120e-01 1.839200e-02 3.699600e-02
48 9.432680e-01 1.852400e-02 3.820800e-02
49 9.417520e-01 1.904800e-02 3.920000e-02
50 9.401680e-01 1.952000e-02 4.031200e-02
51 9.383560e-01 2.003200e-02 4.161200e-02
52 9.365720e-01 2.064800e-02 4.278000e-02
53 9.347840e-01 2.097600e-02 4.424000e-02
54 9.330440e-01 2.147200e-02 4.548400e-02
55 9.316400e-01 2.169200e-02 4.666800e-02
56 9.297200e-01 2.230400e-02 4.797600e-02
57 9.279160e-01 2.300400e-02 4.908000e-02
58 9.263960e-01 2.330000e-02 5.030400e-02
59 9.244600e-01 2.402400e-02 5.151600e-02
60 9.223520e-01 2.462000e-02 5.302800e-02
61 9.205440e-01 2.531200e-02 5.414400e-02
62 9.184360e-01 2.595600e-02 5.560800e-02
63 9.164800e-01 2.644800e-02 5.707200e-02
64 9.144120e-01 2.687200e-02 5.871600e-02
65 9.123280e-01 2.732800e-02 6.034400e-02
66 9.105440e-01 2.771600e-02 6.174000e-02
67 9.089240e-01 2.815200e-02 6.292400e-02
68 9.065800e-01 2.891200e-02 6.450800e-02
69 9.046360e-01 2.936400e-02 6.600000e-02
70 9.025280e-01 2.982800e-02 6.764400e-02
71 9.007280e-01 3.014800e-02 6.912400e-02
72 8.986280e-01 3.060800e-02 7.076400e-02
73 8.971240e-01 3.077600e-02 7.210000e-02
74 8.953040e-01 3.108800e-02 7.360800e-02
75 8.934280e-01 3.150400e-02 7.506800e-02
76 8.915640e-01 3.208400e-02 7.635200e-02
77 8.896040e-01 3.230400e-02 7.809200e-02
78 8.877440e-01 3.273600e-02 7.952000e-02
79 8.858960e-01 3.345600e-02 8.064800e-02
80 8.837840e-01 3.400400e-02 8.221200e-02
81 8.816840e-01 3.479200e-02 8.352400e-02
82 8.795080e-01 3.532800e-02 8.516400e-02
83 8.773800e-01 3.578400e-02 8.683600e-02
84 8.753320e-01 3.592800e-02 8.874000e-02
85 8.734160e-01 3.644400e-02 9.014000e-02
86 8.714280e-01 3.657600e-02 9.199600e-02
87 8.691160e-01 3.758800e-02 9.329600e-02
88 8.672160e-01 3.808800e-02 9.469600e-02
89 8.648960e-01 3.909600e-02 9.600800e-02
90 8.630760e-01 3.928000e-02 9.764400e-02
91 8.610920e-01 3.990800e-02 9.900000e-02
92 8.592000e-01 4.070000e-02 1.001000e-01
93 8.572320e-01 4.086800e-02 1.019000e-01
94 8.552160e-01 4.142000e-02 1.033640e-01
95 8.529600e-01 4.208400e-02 1.049560e-01
96 8.509880e-01 4.225200e-02 1.067600e-01
97 8.488880e-01 4.250800e-02 1.086040e-01
98 8.470040e-01 4.313600e-02 1.098600e-01
99 8.451280e-01 4.341200e-02 1.114600e-01
100 8.430400e-01 4.360000e-02 1.133600e-01
101 8.413480e-01 4.372400e-02 1.149280e-01
102 8.396320e-01 4.402400e-02 1.163440e-01
103 8.375200e-01 4.432800e-02 1.181520e-01
104 8.357240e-01 4.485200e-02 1.194240e-01
105 8.335720e-01 4.609600e-02 1.203320e-01
106 8.311040e-01 4.688400e-02 1.220120e-01
107 8.289960e-01 4.777200e-02 1.232320e-01
108 8.268160e-01 4.794400e-02 1.252400e-01
109 8.247800e-01 4.820800e-02 1.270120e-01
110 8.226160e-01 4.883200e-02 1.285520e-01
111 8.200240e-01 4.994400e-02 1.300320e-01
112 8.176560e-01 5.089600e-02 1.314480e-01
113 8.157560e-01 5.144800e-02 1.327960e-01
114 8.134480e-01 5.207200e-02 1.344800e-01
115 8.113720e-01 5.232000e-02 1.363080e-01
116 8.095920e-01 5.223200e-02 1.381760e-01
117 8.072440e-01 5.313200e-02 1.396240e-01
118 8.053280e-01 5.336000e-02 1.413120e-01
119 8.032720e-01 5.397600e-02 1.427520e-01
120 8.013120e-01 5.476800e-02 1.439200e-01
121 7.989200e-01 5.564400e-02 1.454360e-01
122 7.967920e-01 5.647600e-02 1.467320e-01
123 7.941120e-01 5.690000e-02 1.489880e-01
124 7.919840e-01 5.732800e-02 1.506880e-01
125 7.895960e-01 5.848800e-02 1.519160e-01
126 7.868680e-01 5.938000e-02 1.537520e-01
127 7.840640e-01 6.018800e-02 1.557480e-01
128 7.814840e-01 6.100000e-02 1.575160e-01
129 7.790840e-01 6.148000e-02 1.594360e-01
130 7.770920e-01 6.152800e-02 1.613800e-01
131 7.746080e-01 6.199600e-02 1.633960e-01
132 7.717960e-01 6.302400e-02 1.651800e-01
133 7.697160e-01 6.312000e-02 1.671640e-01
134 7.674000e-01 6.385200e-02 1.687480e-01
135 7.648840e-01 6.461200e-02 1.705040e-01
136 7.620760e-01 6.548000e-02 1.724440e-01
137 7.598040e-01 6.573200e-02 1.744640e-01
138 7.575760e-01 6.625600e-02 1.761680e-01
139 7.553440e-01 6.614400e-02 1.785120e-01
140 7.533000e-01 6.656000e-02 1.801400e-01
141 7.515360e-01 6.675600e-02 1.817080e-01
142 7.488600e-01 6.748000e-02 1.836600e-01
143 7.469320e-01 6.784400e-02 1.852240e-01
144 7.446560e-01 6.832800e-02 1.870160e-01
145 7.419200e-01 6.935200e-02 1.887280e-01
146 7.397720e-01 6.961200e-02 1.906160e-01
147 7.376400e-01 6.980400e-02 1.925560e-01
148 7.354200e-01 7.046800e-02 1.941120e-01
149 7.339880e-01 7.060400e-02 1.954080e-01
150 7.317160e-01 7.142400e-02 1.968600e-01
151 7.297240e-01 7.190800e-02 1.983680e-01
152 7.277920e-01 7.219200e-02 2.000160e-01
153 7.254480e-01 7.238400e-02 2.021680e-01
154 7.233800e-01 7.288400e-02 2.037360e-01
155 7.213520e-01 7.321200e-02 2.054360e-01
156 7.192040e-01 7.401600e-02 2.067800e-01
157 7.169520e-01 7.454000e-02 2.085080e-01
158 7.151840e-01 7.483200e-02 2.099840e-01
159 7.127440e-01 7.568400e-02 2.115720e-01
160 7.105120e-01 7.638800e-02 2.131000e-01
161 7.082720e-01 7.657200e-02 2.151560e-01
162 7.063760e-01 7.738800e-02 2.162360e-01
163 7.043000e-01 7.781200e-02 2.178880e-01
164 7.019040e-01 7.840000e-02 2.196960e-01
165 6.996480e-01 7.913600e-02 2.212160e-01
166 6.976080e-01 7.926800e-02 2.231240e-01
167 6.958400e-01 7.905200e-02 2.251080e-01
168 6.944080e-01 7.913200e-02 2.264600e-01
169 6.924280e-01 7.927200e-02 2.283000e-01
170 6.905120e-01 7.978800e-02 2.297000e-01
171 6.886080e-01 8.024400e-02 2.311480e-01
172 6.869440e-01 8.072800e-02 2.323280e-01
173 6.854120e-01 8.113600e-02 2.334520e-01
174 6.838520e-01 8.106000e-02 2.350880e-01
175 6.819360e-01 8.158000e-02 2.364840e-01
176 6.801160e-01 8.208000e-02 2.378040e-01
177 6.781120e-01 8.255200e-02 2.393360e-01
178 6.763480e-01 8.277200e-02 2.408800e-01
179 6.751200e-01 8.252400e-02 2.423560e-01
180 6.738640e-01 8.242400e-02 2.437120e-01
181 6.724040e-01 8.298000e-02 2.446160e-01
182 6.710280e-01 8.332800e-02 2.456440e-01
183 6.692320e-01 8.364400e-02 2.471240e-01
184 6.675840e-01 8.379200e-02 2.486240e-01
185 6.664400e-01 8.420000e-02 2.493600e-01
186 6.652360e-01 8.459200e-02 2.501720e-01
187 6.633360e-01 8.453600e-02 2.521280e-01
188 6.620480e-01 8.496000e-02 2.529920e-01
189 6.608920e-01 8.523200e-02 2.538760e-01
190 6.596680e-01 8.571200e-02 2.546200e-01
191 6.578880e-01 8.651200e-02 2.556000e-01
192 6.560800e-01 8.662000e-02 2.573000e-01
193 6.541120e-01 8.727600e-02 2.586120e-01
194 6.525760e-01 8.818800e-02 2.592360e-01
195 6.508480e-01 8.837200e-02 2.607800e-01
196 6.487400e-01 8.892800e-02 2.623320e-01
197 6.472080e-01 8.928800e-02 2.635040e-01
198 6.457880e-01 8.928800e-02 2.649240e-01
199 6.439160e-01 9.003600e-02 2.660480e-01
200 6.422880e-01 8.997200e-02 2.677400e-01
201 6.409200e-01 9.040000e-02 2.686800e-01
202 6.389680e-01 9.096800e-02 2.700640e-01
203 6.372560e-01 9.114800e-02 2.715960e-01
204 6.357800e-01 9.125600e-02 2.729640e-01
205 6.333960e-01 9.164400e-02 2.749600e-01
206 6.318560e-01 9.182800e-02 2.763160e-01
207 6.295960e-01 9.287200e-02 2.775320e-01
208 6.279440e-01 9.347600e-02 2.785800e-01
209 6.260480e-01 9.421200e-02 2.797400e-01
210 6.240560e-01 9.508400e-02 2.808600e-01
211 6.220920e-01 9.599600e-02 2.819120e-01
212 6.205440e-01 9.631200e-02 2.831440e-01
213 6.188440e-01 9.641600e-02 2.847400e-01
214 6.171040e-01 9.695200e-02 2.859440e-01
215 6.155320e-01 9.727600e-02 2.871920e-01
216 6.139000e-01 9.764800e-02 2.884520e-01
217 6.122840e-01 9.765200e-02 2.900640e-01
218 6.103480e-01 9.825600e-02 2.913960e-01
219 6.087520e-01 9.820000e-02 2.930480e-01
220 6.069800e-01 9.864800e-02 2.943720e-01
221 6.057960e-01 9.840400e-02 2.958000e-01
222 6.050680e-01 9.848000e-02 2.964520e-01
223 6.036320e-01 9.878400e-02 2.975840e-01
224 6.023480e-01 9.919200e-02 2.984600e-01
225 6.008280e-01 9.965200e-02 2.995200e-01
226 5.992240e-01 1.001320e-01 3.006440e-01
227 5.977480e-01 1.005600e-01 3.016920e-01
228 5.957200e-01 1.006760e-01 3.036040e-01
229 5.940560e-01 1.007920e-01 3.051520e-01
230 5.927440e-01 1.007680e-01 3.064880e-01
231 5.912480e-01 1.009640e-01 3.077880e-01
232 5.899000e-01 1.013240e-01 3.087760e-01
233 5.887720e-01 1.011520e-01 3.100760e-01
234 5.874440e-01 1.018080e-01 3.107480e-01
235 5.856600e-01 1.024800e-01 3.118600e-01
236 5.841040e-01 1.029560e-01 3.129400e-01
237 5.824280e-01 1.034920e-01 3.140800e-01
238 5.811680e-01 1.040120e-01 3.148200e-01
239 5.796600e-01 1.042160e-01 3.161240e-01
240 5.782160e-01 1.049720e-01 3.168120e-01
241 5.769480e-01 1.053040e-01 3.177480e-01
242 5.752640e-01 1.053680e-01 3.193680e-01
243 5.747240e-01 1.046320e-01 3.206440e-01
244 5.732720e-01 1.047280e-01 3.220000e-01
245 5.721000e-01 1.049160e-01 3.229840e-01
246 5.713200e-01 1.045200e-01 3.241600e-01
247 5.705520e-01 1.049760e-01 3.244720e-01
248 5.690880e-01 1.054120e-01 3.255000e-01
249 5.685160e-01 1.052240e-01 3.262600e-01
250 5.670160e-01 1.057520e-01 3.272320e-01
251 5.658080e-01 1.056480e-01 3.285440e-01
252 5.646160e-01 1.059960e-01 3.293880e-01
253 5.631200e-01 1.068560e-01 3.300240e-01
254 5.619160e-01 1.065320e-01 3.315520e-01
255 5.607400e-01 1.067360e-01 3.325240e-01
256 5.595560e-01 1.068480e-01 3.335960e-01
257 5.588120e-01 1.070400e-01 3.341480e-01
258 5.585360e-01 1.068840e-01 3.345800e-01
259 5.576200e-01 1.072160e-01 3.351640e-01
260 5.570760e-01 1.073120e-01 3.356120e-01
261 5.561800e-01 1.073480e-01 3.364720e-01
262 5.555960e-01 1.067880e-01 3.376160e-01
263 5.551200e-01 1.069840e-01 3.378960e-01
264 5.537800e-01 1.076960e-01 3.385240e-01
265 5.529760e-01 1.075880e-01 3.394360e-01
266 5.520080e-01 1.076360e-01 3.403560e-01
267 5.519320e-01 1.075560e-01 3.405120e-01
268 5.512000e-01 1.073840e-01 3.414160e-01
269 5.505280e-01 1.072840e-01 3.421880e-01
270 5.501880e-01 1.073080e-01 3.425040e-01
271 5.502320e-01 1.068600e-01 3.429080e-01
272 5.500160e-01 1.072440e-01 3.427400e-01
273 5.496720e-01 1.072160e-01 3.431120e-01
274 5.493480e-01 1.067640e-01 3.438880e-01
275 5.486360e-01 1.070160e-01 3.443480e-01
276 5.490800e-01 1.064360e-01 3.444840e-01
277 5.486680e-01 1.064720e-01 3.448600e-01
278 5.484240e-01 1.066200e-01 3.449560e-01
279 5.482680e-01 1.065400e-01 3.451920e-01
280 5.480360e-01 1.064080e-01 3.455560e-01
281 5.477440e-01 1.062960e-01 3.459600e-01
282 5.477920e-01 1.060640e-01 3.461440e-01
283 5.476400e-01 1.062840e-01 3.460760e-01
284 5.471280e-01 1.065960e-01 3.462760e-01
285 5.469200e-01 1.061720e-01 3.469080e-01
286 5.466720e-01 1.060240e-01 3.473040e-01
287 5.458960e-01 1.059440e-01 3.481600e-01
288 5.459320e-01 1.059440e-01 3.481240e-01
289 5.461160e-01 1.054440e-01 3.484400e-01
290 5.464080e-01 1.055720e-01 3.480200e-01
291 5.460680e-01 1.057520e-01 3.481800e-01
292 5.461160e-01 1.061440e-01 3.477400e-01
293 5.462040e-01 1.057600e-01 3.480360e-01
294 5.465440e-01 1.055600e-01 3.478960e-01
295 5.463600e-01 1.057640e-01 3.478760e-01
296 5.457280e-01 1.059920e-01 3.482800e-01
297 5.452040e-01 1.059360e-01 3.488600e-01
298 5.448480e-01 1.062720e-01 3.488800e-01
299 5.440080e-01 1.071040e-01 3.488880e-01
300 5.439760e-01 1.068160e-01 3.492080e-01
301 5.438920e-01 1.070800e-01 3.490280e-01
302 5.431680e-01 1.075400e-01 3.492920e-01
303 5.427080e-01 1.073640e-01 3.499280e-01
304 5.423560e-01 1.076560e-01 3.499880e-01
305 5.418920e-01 1.082400e-01 3.498680e-01
306 5.411320e-01 1.086280e-01 3.502400e-01
307 5.406960e-01 1.081880e-01 3.511160e-01
308 5.400160e-01 1.086360e-01 3.513480e-01
309 5.390640e-01 1.088280e-01 3.521080e-01
310 5.386120e-01 1.091400e-01 3.522480e-01
311 5.379440e-01 1.101000e-01 3.519560e-01
312 5.375720e-01 1.097840e-01 3.526440e-01
313 5.367480e-01 1.097720e-01 3.534800e-01
314 5.356280e-01 1.103960e-01 3.539760e-01
315 5.348320e-01 1.102800e-01 3.548880e-01
316 5.337360e-01 1.112280e-01 3.550360e-01
317 5.330320e-01 1.111200e-01 3.558480e-01
318 5.324440e-01 1.114080e-01 3.561480e-01
319 5.321280e-01 1.106200e-01 3.572520e-01
320 5.320720e-01 1.104640e-01 3.574640e-01
321 5.318320e-01 1.107520e-01 3.574160e-01
322 5.316520e-01 1.107360e-01 3.576120e-01
323 5.321560e-01 1.100680e-01 3.577760e-01
324 5.317320e-01 1.102040e-01 3.580640e-01
325 5.312280e-01 1.101440e-01 3.586280e-01
326 5.303720e-01 1.106800e-01 3.589480e-01
327 5.303160e-01 1.102200e-01 3.594640e-01
328 5.297840e-01 1.105880e-01 3.596280e-01
329 5.294760e-01 1.106600e-01 3.598640e-01
330 5.295960e-01 1.108600e-01 3.595440e-01
331 5.290720e-01 1.110520e-01 3.598760e-01
332 5.291640e-01 1.106800e-01 3.601560e-01
333 5.285400e-01 1.110960e-01 3.603640e-01
334 5.284840e-01 1.109160e-01 3.606000e-01
335 5.281080e-01 1.111000e-01 3.607920e-01
336 5.279440e-01 1.109960e-01 3.610600e-01
337 5.278080e-01 1.105760e-01 3.616160e-01
338 5.273520e-01 1.101400e-01 3.625080e-01
339 5.271720e-01 1.100680e-01 3.627600e-01
340 5.268800e-01 1.107120e-01 3.624080e-01
341 5.269080e-01 1.107000e-01 3.623920e-01
342 5.265840e-01 1.104920e-01 3.629240e-01
343 5.266920e-01 1.102960e-01 3.630120e-01
344 5.265800e-01 1.105160e-01 3.629040e-01
345 5.261880e-01 1.106640e-01 3.631480e-01
346 5.259000e-01 1.108600e-01 3.632400e-01
347 5.257600e-01 1.110840e-01 3.631560e-01
348 5.245760e-01 1.120680e-01 3.633560e-01
349 5.239960e-01 1.119680e-01 3.640360e-01
350 5.237960e-01 1.121640e-01 3.640400e-01
351 5.241600e-01 1.115880e-01 3.642520e-01
352 5.236120e-01 1.119840e-01 3.644040e-01
353 5.234320e-01 1.116080e-01 3.649600e-01
354 5.233440e-01 1.113040e-01 3.653520e-01
355 5.231440e-01 1.112960e-01 3.655600e-01
356 5.231320e-01 1.112240e-01 3.656440e-01
357 5.230320e-01 1.110960e-01 3.658720e-01
358 5.221800e-01 1.113680e-01 3.664520e-01
359 5.215400e-01 1.115520e-01 3.669080e-01
360 5.216360e-01 1.117520e-01 3.666120e-01
361 5.208640e-01 1.122840e-01 3.668520e-01
362 5.202840e-01 1.126600e-01 3.670560e-01
363 5.200400e-01 1.123880e-01 3.675720e-01
364 5.198880e-01 1.119800e-01 3.681320e-01
365 5.193680e-01 1.118680e-01 3.687640e-01
366 5.192520e-01 1.119040e-01 3.688440e-01
367 5.193760e-01 1.118120e-01 3.688120e-01
368 5.197720e-01 1.115000e-01 3.687280e-01
369 5.200480e-01 1.110960e-01 3.688560e-01
370 5.196440e-01 1.110360e-01 3.693200e-01
371 5.194640e-01 1.111480e-01 3.693880e-01
372 5.191360e-01 1.110560e-01 3.698080e-01
373 5.184880e-01 1.113440e-01 3.701680e-01
374 5.185000e-01 1.116640e-01 3.698360e-01
375 5.178760e-01 1.121680e-01 3.699560e-01
376 5.172280e-01 1.122720e-01 3.705000e-01
377 5.178640e-01 1.120520e-01 3.700840e-01
378 5.177760e-01 1.123920e-01 3.698320e-01
379 5.169920e-01 1.129040e-01 3.701040e-01
380 5.173560e-01 1.125760e-01 3.700680e-01
381 5.175400e-01 1.127280e-01 3.697320e-01
382 5.173440e-01 1.127480e-01 3.699080e-01
383 5.173200e-01 1.127760e-01 3.699040e-01
384 5.176400e-01 1.127760e-01 3.695840e-01
385 5.173400e-01 1.131040e-01 3.695560e-01
386 5.168160e-01 1.135960e-01 3.695880e-01
387 5.168680e-01 1.132240e-01 3.699080e-01
388 5.165360e-01 1.131840e-01 3.702800e-01
389 5.168840e-01 1.127400e-01 3.703760e-01
390 5.164520e-01 1.124280e-01 3.711200e-01
391 5.157360e-01 1.127640e-01 3.715000e-01
392 5.161880e-01 1.125640e-01 3.712480e-01
393 5.158000e-01 1.123480e-01 3.718520e-01
394 5.151200e-01 1.124720e-01 3.724080e-01
395 5.154560e-01 1.121960e-01 3.723480e-01
396 5.152000e-01 1.122160e-01 3.725840e-01
397 5.149120e-01 1.118080e-01 3.732800e-01
398 5.148080e-01 1.121920e-01 3.730000e-01
399 5.151080e-01 1.119920e-01 3.729000e-01
400 5.148920e-01 1.119240e-01 3.731840e-01
401 5.152280e-01 1.125400e-01 3.722320e-01
402 5.148880e-01 1.131920e-01 3.719200e-01
403 5.151960e-01 1.130760e-01 3.717280e-01
404 5.146720e-01 1.131880e-01 3.721400e-01
405 5.147440e-01 1.133120e-01 3.719440e-01
406 5.142320e-01 1.137320e-01 3.720360e-01
407 5.141920e-01 1.138160e-01 3.719920e-01
408 5.140520e-01 1.136440e-01 3.723040e-01
409 5.142240e-01 1.133320e-01 3.724440e-01
410 5.137920e-01 1.135800e-01 3.726280e-01
411 5.135840e-01 1.138000e-01 3.726160e-01
412 5.130480e-01 1.140920e-01 3.728600e-01
413 5.127800e-01 1.143800e-01 3.728400e-01
414 5.128120e-01 1.142280e-01 3.729600e-01
415 5.125560e-01 1.149880e-01 3.724560e-01
416 5.115040e-01 1.152000e-01 3.732960e-01
417 5.105920e-01 1.154800e-01 3.739280e-01
418 5.101240e-01 1.151920e-01 3.746840e-01
419 5.097440e-01 1.149280e-01 3.753280e-01
420 5.100120e-01 1.144080e-01 3.755800e-01
421 5.101560e-01 1.140560e-01 3.757880e-01
422 5.100560e-01 1.139400e-01 3.760040e-01
423 5.105600e-01 1.138480e-01 3.755920e-01
424 5.104360e-01 1.138440e-01 3.757200e-01
425 5.106520e-01 1.137920e-01 3.755560e-01
426 5.106400e-01 1.137880e-01 3.755720e-01
427 5.110360e-01 1.132200e-01 3.757440e-01
428 5.108920e-01 1.135080e-01 3.756000e-01
429 5.107960e-01 1.126800e-01 3.765240e-01
430 5.107120e-01 1.127280e-01 3.765600e-01
431 5.110560e-01 1.128600e-01 3.760840e-01
432 5.112320e-01 1.127760e-01 3.759920e-01
433 5.120760e-01 1.121480e-01 3.757760e-01
434 5.119920e-01 1.121600e-01 3.758480e-01
435 5.114440e-01 1.125080e-01 3.760480e-01
436 5.113680e-01 1.125720e-01 3.760600e-01
437 5.112880e-01 1.126320e-01 3.760800e-01
438 5.110000e-01 1.123080e-01 3.766920e-01
439 5.114640e-01 1.122600e-01 3.762760e-01
440 5.114040e-01 1.121160e-01 3.764800e-01
441 5.112640e-01 1.128400e-01 3.758960e-01
442 5.112680e-01 1.131120e-01 3.756200e-01
443 5.119000e-01 1.129320e-01 3.751680e-01
444 5.116760e-01 1.126040e-01 3.757200e-01
445 5.117200e-01 1.127480e-01 3.755320e-01
446 5.116960e-01 1.128080e-01 3.754960e-01
447 5.121160e-01 1.124400e-01 3.754440e-01
448 5.121760e-01 1.126120e-01 3.752120e-01
449 5.124400e-01 1.127480e-01 3.748120e-01
450 5.115920e-01 1.133760e-01 3.750320e-01
451 5.115240e-01 1.136080e-01 3.748680e-01
452 5.114280e-01 1.134360e-01 3.751360e-01
453 5.108600e-01 1.137160e-01 3.754240e-01
454 5.111840e-01 1.135200e-01 3.752960e-01
455 5.109920e-01 1.132600e-01 3.757480e-01
456 5.110560e-01 1.130480e-01 3.758960e-01
457 5.114800e-01 1.127320e-01 3.757880e-01
458 5.118280e-01 1.125480e-01 3.756240e-01
459 5.121120e-01 1.121240e-01 3.757640e-01
460 5.122840e-01 1.116520e-01 3.760640e-01
461 5.131320e-01 1.113440e-01 3.755240e-01
462 5.131360e-01 1.116080e-01 3.752560e-01
463 5.129280e-01 1.120040e-01 3.750680e-01
464 5.133840e-01 1.119480e-01 3.746680e-01
465 5.130080e-01 1.121040e-01 3.748880e-01
466 5.126760e-01 1.125000e-01 3.748240e-01
467 5.128880e-01 1.122280e-01 3.748840e-01
468 5.125480e-01 1.123600e-01 3.750920e-01
469 5.130640e-01 1.121000e-01 3.748360e-01
470 5.130240e-01 1.118360e-01 3.751400e-01
471 5.129880e-01 1.119800e-01 3.750320e-01
472 5.133040e-01 1.118520e-01 3.748440e-01
473 5.132120e-01 1.121720e-01 3.746160e-01
474 5.132200e-01 1.121320e-01 3.746480e-01
475 5.138040e-01 1.121280e-01 3.740680e-01
476 5.138000e-01 1.119320e-01 3.742680e-01
477 5.141560e-01 1.121960e-01 3.736480e-01
478 5.142360e-01 1.125040e-01 3.732600e-01
479 5.140520e-01 1.127440e-01 3.732040e-01
480 5.140800e-01 1.129280e-01 3.729920e-01
481 5.143120e-01 1.125560e-01 3.731320e-01
482 5.142440e-01 1.128480e-01 3.729080e-01
483 5.143320e-01 1.129360e-01 3.727320e-01
484 5.140640e-01 1.123280e-01 3.736080e-01
485 5.142280e-01 1.124280e-01 3.733440e-01
486 5.139920e-01 1.125080e-01 3.735000e-01
487 5.138160e-01 1.124240e-01 3.737600e-01
488 5.136400e-01 1.129760e-01 3.733840e-01
489 5.137480e-01 1.125000e-01 3.737520e-01
490 5.139800e-01 1.120240e-01 3.739960e-01
491 5.140760e-01 1.125200e-01 3.734040e-01
492 5.141680e-01 1.121800e-01 3.736520e-01
493 5.145400e-01 1.122200e-01 3.732400e-01
494 5.141280e-01 1.124320e-01 3.734400e-01
495 5.141400e-01 1.121280e-01 3.737320e-01
496 5.143040e-01 1.120440e-01 3.736520e-01
497 5.142120e-01 1.124520e-01 3.733360e-01
498 5.138400e-01 1.130360e-01 3.731240e-01
499 5.133760e-01 1.125240e-01 3.741000e-01
500 5.135040e-01 1.126880e-01 3.738080e-01
501 5.131360e-01 1.131720e-01 3.736920e-01
502 5.128560e-01 1.136040e-01 3.735400e-01
503 5.128200e-01 1.137240e-01 3.734560e-01
504 5.126920e-01 1.135000e-01 3.738080e-01
505 5.123880e-01 1.135120e-01 3.741000e-01
506 5.118600e-01 1.141480e-01 3.739920e-01
507 5.115640e-01 1.141160e-01 3.743200e-01
508 5.112880e-01 1.139760e-01 3.747360e-01
509 5.113440e-01 1.138400e-01 3.748160e-01
510 5.114520e-01 1.134760e-01 3.750720e-01
511 5.117360e-01 1.136000e-01 3.746640e-01
512 5.119120e-01 1.137160e-01 3.743720e-01
513 5.118960e-01 1.133800e-01 3.747240e-01
514 5.115600e-01 1.141200e-01 3.743200e-01
515 5.119880e-01 1.138800e-01 3.741320e-01
516 5.117120e-01 1.139480e-01 3.743400e-01
517 5.119440e-01 1.136840e-01 3.743720e-01
518 5.116240e-01 1.135800e-01 3.747960e-01
519 5.111680e-01 1.134200e-01 3.754120e-01
520 5.110640e-01 1.136280e-01 3.753080e-01
521 5.116720e-01 1.129120e-01 3.754160e-01
522 5.120680e-01 1.127760e-01 3.751560e-01
523 5.124560e-01 1.124360e-01 3.751080e-01
524 5.121000e-01 1.129240e-01 3.749760e-01
525 5.123120e-01 1.134680e-01 3.742200e-01
526 5.125400e-01 1.129760e-01 3.744840e-01
527 5.127920e-01 1.132360e-01 3.739720e-01
528 5.129640e-01 1.129280e-01 3.741080e-01
529 5.128840e-01 1.127720e-01 3.743440e-01
530 5.127400e-01 1.126600e-01 3.746000e-01
531 5.121760e-01 1.128960e-01 3.749280e-01
532 5.123000e-01 1.127200e-01 3.749800e-01
533 5.127720e-01 1.127440e-01 3.744840e-01
534 5.127000e-01 1.122800e-01 3.750200e-01
535 5.121840e-01 1.125800e-01 3.752360e-01
536 5.119960e-01 1.131200e-01 3.748840e-01
537 5.121080e-01 1.129080e-01 3.749840e-01
538 5.120720e-01 1.125440e-01 3.753840e-01
539 5.124200e-01 1.128120e-01 3.747680e-01
540 5.124800e-01 1.125560e-01 3.749640e-01
541 5.123760e-01 1.129680e-01 3.746560e-01
542 5.121800e-01 1.127840e-01 3.750360e-01
543 5.122520e-01 1.125920e-01 3.751560e-01
544 5.119280e-01 1.127880e-01 3.752840e-01
545 5.117040e-01 1.128560e-01 3.754400e-01
546 5.116720e-01 1.130480e-01 3.752800e-01
547 5.119840e-01 1.126720e-01 3.753440e-01
548 5.116440e-01 1.125400e-01 3.758160e-01
549 5.120080e-01 1.124040e-01 3.755880e-01
550 5.119600e-01 1.123760e-01 3.756640e-01
551 5.129800e-01 1.115760e-01 3.754440e-01
552 5.133000e-01 1.115920e-01 3.751080e-01
553 5.140560e-01 1.109360e-01 3.750080e-01
554 5.141240e-01 1.116880e-01 3.741880e-01
555 5.140000e-01 1.116040e-01 3.743960e-01
556 5.144320e-01 1.112560e-01 3.743120e-01
557 5.151400e-01 1.110800e-01 3.737800e-01
558 5.154720e-01 1.107120e-01 3.738160e-01
559 5.155360e-01 1.108360e-01 3.736280e-01
560 5.156040e-01 1.105760e-01 3.738200e-01
561 5.160200e-01 1.100600e-01 3.739200e-01
562 5.158000e-01 1.102040e-01 3.739960e-01
563 5.157400e-01 1.109160e-01 3.733440e-01
564 5.167080e-01 1.100000e-01 3.732920e-01
565 5.169480e-01 1.099640e-01 3.730880e-01
566 5.168720e-01 1.104160e-01 3.727120e-01
567 5.171800e-01 1.106120e-01 3.722080e-01
568 5.171800e-01 1.106280e-01 3.721920e-01
569 5.172720e-01 1.107440e-01 3.719840e-01
570 5.181240e-01 1.106480e-01 3.712280e-01
571 5.182480e-01 1.108200e-01 3.709320e-01
572 5.181160e-01 1.108200e-01 3.710640e-01
573 5.179880e-01 1.107480e-01 3.712640e-01
574 5.177200e-01 1.111640e-01 3.711160e-01
575 5.173680e-01 1.113800e-01 3.712520e-01
576 5.169360e-01 1.117240e-01 3.713400e-01
577 5.168600e-01 1.119160e-01 3.712240e-01
578 5.170120e-01 1.119760e-01 3.710120e-01
579 5.169240e-01 1.121480e-01 3.709280e-01
580 5.171080e-01 1.118360e-01 3.710560e-01
581 5.170560e-01 1.116120e-01 3.713320e-01
582 5.172520e-01 1.118400e-01 3.709080e-01
583 5.171960e-01 1.118160e-01 3.709880e-01
584 5.173920e-01 1.113960e-01 3.712120e-01
585 5.179080e-01 1.111240e-01 3.709680e-01
586 5.178440e-01 1.110720e-01 3.710840e-01
587 5.182240e-01 1.108160e-01 3.709600e-01
588 5.186280e-01 1.103640e-01 3.710080e-01
589 5.193480e-01 1.100200e-01 3.706320e-01
590 5.199480e-01 1.096320e-01 3.704200e-01
591 5.201400e-01 1.097120e-01 3.701480e-01
592 5.200360e-01 1.097680e-01 3.701960e-01
593 5.211120e-01 1.089760e-01 3.699120e-01
594 5.214840e-01 1.086200e-01 3.698960e-01
595 5.220280e-01 1.086840e-01 3.692880e-01
596 5.220680e-01 1.081440e-01 3.697880e-01
597 5.220920e-01 1.081160e-01 3.697920e-01
598 5.220800e-01 1.082560e-01 3.696640e-01
599 5.220720e-01 1.084720e-01 3.694560e-01
600 5.226080e-01 1.082840e-01 3.691080e-01
601 5.228880e-01 1.085560e-01 3.685560e-01
602 5.231640e-01 1.085160e-01 3.683200e-01
603 5.236160e-01 1.086320e-01 3.677520e-01
604 5.243960e-01 1.084640e-01 3.671400e-01
605 5.241880e-01 1.085360e-01 3.672760e-01
606 5.245720e-01 1.083760e-01 3.670520e-01
607 5.248880e-01 1.087160e-01 3.663960e-01
608 5.250400e-01 1.089520e-01 3.660080e-01
609 5.250440e-01 1.090760e-01 3.658800e-01
610 5.253440e-01 1.091520e-01 3.655040e-01
611 5.249320e-01 1.095240e-01 3.655440e-01
612 5.250200e-01 1.093480e-01 3.656320e-01
613 5.245480e-01 1.091160e-01 3.663360e-01
614 5.244320e-01 1.088360e-01 3.667320e-01
615 5.244320e-01 1.093000e-01 3.662680e-01
616 5.243200e-01 1.088960e-01 3.667840e-01
617 5.240840e-01 1.089360e-01 3.669800e-01
618 5.243560e-01 1.086840e-01 3.669600e-01
619 5.244280e-01 1.088680e-01 3.667040e-01
620 5.242040e-01 1.090400e-01 3.667560e-01
621 5.241720e-01 1.097960e-01 3.660320e-01
622 5.245440e-01 1.094240e-01 3.660320e-01
623 5.242440e-01 1.090720e-01 3.666840e-01
624 5.239960e-01 1.089200e-01 3.670840e-01
625 5.241560e-01 1.089440e-01 3.669000e-01
626 5.239880e-01 1.095240e-01 3.664880e-01
627 5.243240e-01 1.096160e-01 3.660600e-01
628 5.243000e-01 1.098160e-01 3.658840e-01
629 5.243560e-01 1.102000e-01 3.654440e-01
630 5.247400e-01 1.104320e-01 3.648280e-01
631 5.247960e-01 1.105840e-01 3.646200e-01
632 5.243680e-01 1.106720e-01 3.649600e-01
633 5.235160e-01 1.111280e-01 3.653560e-01
634 5.234720e-01 1.112560e-01 3.652720e-01
635 5.224320e-01 1.116960e-01 3.658720e-01
636 5.220840e-01 1.115760e-01 3.663400e-01
637 5.222080e-01 1.115360e-01 3.662560e-01
638 5.221600e-01 1.112440e-01 3.665960e-01
639 5.214960e-01 1.113800e-01 3.671240e-01
640 5.204040e-01 1.117160e-01 3.678800e-01
641 5.203040e-01 1.112400e-01 3.684560e-01
642 5.201720e-01 1.113200e-01 3.685080e-01
643 5.203000e-01 1.118400e-01 3.678600e-01
644 5.201920e-01 1.120720e-01 3.677360e-01
645 5.200480e-01 1.117960e-01 3.681560e-01
646 5.201360e-01 1.115880e-01 3.682760e-01
647 5.200320e-01 1.115880e-01 3.683800e-01
648 5.200280e-01 1.113960e-01 3.685760e-01
649 5.200040e-01 1.110720e-01 3.689240e-01
650 5.198280e-01 1.109400e-01 3.692320e-01
651 5.204680e-01 1.107600e-01 3.687720e-01
652 5.212680e-01 1.103200e-01 3.684120e-01
653 5.209280e-01 1.105280e-01 3.685440e-01
654 5.209800e-01 1.101880e-01 3.688320e-01
655 5.207280e-01 1.102520e-01 3.690200e-01
656 5.213000e-01 1.099160e-01 3.687840e-01
657 5.213080e-01 1.103520e-01 3.683400e-01
658 5.208920e-01 1.110080e-01 3.681000e-01
659 5.209560e-01 1.110880e-01 3.679560e-01
660 5.205280e-01 1.113280e-01 3.681440e-01
661 5.204040e-01 1.112680e-01 3.683280e-01
662 5.200440e-01 1.117080e-01 3.682480e-01
663 5.190640e-01 1.125760e-01 3.683600e-01
664 5.182680e-01 1.125480e-01 3.691840e-01
665 5.181640e-01 1.123240e-01 3.695120e-01
666 5.180000e-01 1.123680e-01 3.696320e-01
667 5.175000e-01 1.128880e-01 3.696120e-01
668 5.168360e-01 1.134280e-01 3.697360e-01
669 5.165240e-01 1.128680e-01 3.706080e-01
670 5.164760e-01 1.130160e-01 3.705080e-01
671 5.157960e-01 1.130480e-01 3.711560e-01
672 5.152960e-01 1.129320e-01 3.717720e-01
673 5.148680e-01 1.132000e-01 3.719320e-01
674 5.147280e-01 1.134000e-01 3.718720e-01
675 5.138120e-01 1.136360e-01 3.725520e-01
676 5.136640e-01 1.137360e-01 3.726000e-01
677 5.136960e-01 1.139080e-01 3.723960e-01
678 5.136520e-01 1.140640e-01 3.722840e-01
679 5.138680e-01 1.136800e-01 3.724520e-01
680 5.136040e-01 1.139000e-01 3.724960e-01
681 5.128000e-01 1.140080e-01 3.731920e-01
682 5.127320e-01 1.142800e-01 3.729880e-01
683 5.131400e-01 1.135280e-01 3.733320e-01
684 5.126000e-01 1.137000e-01 3.737000e-01
685 5.122560e-01 1.136240e-01 3.741200e-01
686 5.124560e-01 1.132680e-01 3.742760e-01
687 5.127360e-01 1.126760e-01 3.745880e-01
688 5.126960e-01 1.126720e-01 3.746320e-01
689 5.126560e-01 1.125400e-01 3.748040e-01
690 5.128560e-01 1.127520e-01 3.743920e-01
691 5.128000e-01 1.128160e-01 3.743840e-01
692 5.129360e-01 1.124640e-01 3.746000e-01
693 5.129800e-01 1.127720e-01 3.742480e-01
694 5.130760e-01 1.125920e-01 3.743320e-01
695 5.130960e-01 1.125680e-01 3.743360e-01
696 5.135120e-01 1.124600e-01 3.740280e-01
697 5.134400e-01 1.122720e-01 3.742880e-01
698 5.136080e-01 1.119720e-01 3.744200e-01
699 5.140240e-01 1.116400e-01 3.743360e-01
700 5.138680e-01 1.116720e-01 3.744600e-01
701 5.148040e-01 1.110120e-01 3.741840e-01
702 5.148480e-01 1.113640e-01 3.737880e-01
703 5.147480e-01 1.114360e-01 3.738160e-01
704 5.148760e-01 1.114680e-01 3.736560e-01
705 5.149680e-01 1.112800e-01 3.737520e-01
706 5.148120e-01 1.119920e-01 3.731960e-01
707 5.148480e-01 1.115880e-01 3.735640e-01
708 5.154920e-01 1.114600e-01 3.730480e-01
709 5.156120e-01 1.120560e-01 3.723320e-01
710 5.154760e-01 1.117200e-01 3.728040e-01
711 5.147080e-01 1.119000e-01 3.733920e-01
712 5.140560e-01 1.123920e-01 3.735520e-01
713 5.136720e-01 1.124960e-01 3.738320e-01
714 5.137520e-01 1.127720e-01 3.734760e-01
715 5.133200e-01 1.131760e-01 3.735040e-01
716 5.131800e-01 1.128680e-01 3.739520e-01
717 5.132080e-01 1.127800e-01 3.740120e-01
718 5.132640e-01 1.126080e-01 3.741280e-01
719 5.134080e-01 1.120640e-01 3.745280e-01
720 5.134040e-01 1.117040e-01 3.748920e-01
721 5.138760e-01 1.118000e-01 3.743240e-01
722 5.143360e-01 1.114640e-01 3.742000e-01
723 5.139680e-01 1.117720e-01 3.742600e-01
724 5.143960e-01 1.115480e-01 3.740560e-01
725 5.138760e-01 1.119720e-01 3.741520e-01
726 5.136840e-01 1.120600e-01 3.742560e-01
727 5.135880e-01 1.119960e-01 3.744160e-01
728 5.135160e-01 1.117440e-01 3.747400e-01
729 5.133120e-01 1.118480e-01 3.748400e-01
730 5.130000e-01 1.120440e-01 3.749560e-01
731 5.128480e-01 1.123880e-01 3.747640e-01
732 5.134160e-01 1.121640e-01 3.744200e-01
733 5.136080e-01 1.122960e-01 3.740960e-01
734 5.135640e-01 1.125440e-01 3.738920e-01
735 5.132120e-01 1.131840e-01 3.736040e-01
736 5.122480e-01 1.140400e-01 3.737120e-01
737 5.117440e-01 1.145840e-01 3.736720e-01
738 5.116560e-01 1.147560e-01 3.735880e-01
739 5.119040e-01 1.139760e-01 3.741200e-01
740 5.117320e-01 1.136480e-01 3.746200e-01
741 5.117640e-01 1.134800e-01 3.747560e-01
742 5.118200e-01 1.134800e-01 3.747000e-01
743 5.123200e-01 1.125080e-01 3.751720e-01
744 5.117960e-01 1.126880e-01 3.755160e-01
745 5.118360e-01 1.125120e-01 3.756520e-01
746 5.115160e-01 1.123560e-01 3.761280e-01
747 5.114960e-01 1.121480e-01 3.763560e-01
748 5.118080e-01 1.119880e-01 3.762040e-01
749 5.118320e-01 1.118080e-01 3.763600e-01
750 5.120760e-01 1.119920e-01 3.759320e-01
751 5.125160e-01 1.122480e-01 3.752360e-01
752 5.127520e-01 1.121520e-01 3.750960e-01
753 5.127480e-01 1.125720e-01 3.746800e-01
754 5.121560e-01 1.130240e-01 3.748200e-01
755 5.123280e-01 1.126800e-01 3.749920e-01
756 5.126040e-01 1.126760e-01 3.747200e-01
757 5.121160e-01 1.132440e-01 3.746400e-01
758 5.119400e-01 1.137400e-01 3.743200e-01
759 5.120120e-01 1.134400e-01 3.745480e-01
760 5.122800e-01 1.131000e-01 3.746200e-01
761 5.123840e-01 1.129760e-01 3.746400e-01
762 5.125440e-01 1.130040e-01 3.744520e-01
763 5.119960e-01 1.128040e-01 3.752000e-01
764 5.125120e-01 1.127160e-01 3.747720e-01
765 5.127480e-01 1.126960e-01 3.745560e-01
766 5.129040e-01 1.127560e-01 3.743400e-01
767 5.126040e-01 1.124040e-01 3.749920e-01
768 5.125880e-01 1.123040e-01 3.751080e-01
769 5.125400e-01 1.120040e-01 3.754560e-01
770 5.130120e-01 1.121840e-01 3.748040e-01
771 5.132280e-01 1.116400e-01 3.751320e-01
772 5.139200e-01 1.112880e-01 3.747920e-01
773 5.138120e-01 1.113040e-01 3.748840e-01
774 5.144680e-01 1.109960e-01 3.745360e-01
775 5.146920e-01 1.112320e-01 3.740760e-01
776 5.156920e-01 1.105160e-01 3.737920e-01
777 5.160160e-01 1.108840e-01 3.731000e-01
778 5.159840e-01 1.107320e-01 3.732840e-01
779 5.156720e-01 1.106640e-01 3.736640e-01
780 5.162840e-01 1.103920e-01 3.733240e-01
781 5.166040e-01 1.103800e-01 3.730160e-01
782 5.170160e-01 1.101400e-01 3.728440e-01
783 5.176600e-01 1.099320e-01 3.724080e-01
784 5.179560e-01 1.098840e-01 3.721600e-01
785 5.184080e-01 1.092880e-01 3.723040e-01
786 5.184640e-01 1.093400e-01 3.721960e-01
787 5.190320e-01 1.093400e-01 3.716280e-01
788 5.196640e-01 1.091760e-01 3.711600e-01
789 5.196800e-01 1.096880e-01 3.706320e-01
790 5.196760e-01 1.103320e-01 3.699920e-01
791 5.200200e-01 1.105520e-01 3.694280e-01
792 5.204440e-01 1.106120e-01 3.689440e-01
793 5.201720e-01 1.105640e-01 3.692640e-01
794 5.198280e-01 1.106280e-01 3.695440e-01
795 5.195120e-01 1.105360e-01 3.699520e-01
796 5.202680e-01 1.099400e-01 3.697920e-01
797 5.204440e-01 1.100680e-01 3.694880e-01
798 5.207200e-01 1.104800e-01 3.688000e-01
799 5.209880e-01 1.104480e-01 3.685640e-01
800 5.215600e-01 1.101480e-01 3.682920e-01
801 5.220560e-01 1.099320e-01 3.680120e-01
802 5.223800e-01 1.093080e-01 3.683120e-01
803 5.220120e-01 1.098360e-01 3.681520e-01
804 5.224000e-01 1.100280e-01 3.675720e-01
805 5.226320e-01 1.097960e-01 3.675720e-01
806 5.224440e-01 1.098320e-01 3.677240e-01
807 5.221520e-01 1.101920e-01 3.676560e-01
808 5.219400e-01 1.106960e-01 3.673640e-01
809 5.222680e-01 1.105000e-01 3.672320e-01
810 5.223000e-01 1.104600e-01 3.672400e-01
811 5.216000e-01 1.108760e-01 3.675240e-01
812 5.215960e-01 1.107200e-01 3.676840e-01
813 5.207640e-01 1.111840e-01 3.680520e-01
814 5.207240e-01 1.114800e-01 3.677960e-01
815 5.205080e-01 1.111280e-01 3.683640e-01
816 5.198680e-01 1.110560e-01 3.690760e-01
817 5.198080e-01 1.114760e-01 3.687160e-01
818 5.197480e-01 1.111080e-01 3.691440e-01
819 5.199520e-01 1.110080e-01 3.690400e-01
820 5.201120e-01 1.109160e-01 3.689720e-01
821 5.196160e-01 1.116440e-01 3.687400e-01
822 5.196480e-01 1.118600e-01 3.684920e-01
823 5.191800e-01 1.119560e-01 3.688640e-01
824 5.193080e-01 1.113600e-01 3.693320e-01
825 5.190280e-01 1.117640e-01 3.692080e-01
826 5.188920e-01 1.112640e-01 3.698440e-01
827 5.190160e-01 1.110320e-01 3.699520e-01
828 5.192640e-01 1.108640e-01 3.698720e-01
829 5.191640e-01 1.104920e-01 3.703440e-01
830 5.190640e-01 1.100480e-01 3.708880e-01
831 5.198200e-01 1.098320e-01 3.703480e-01
832 5.198760e-01 1.092840e-01 3.708400e-01
833 5.203560e-01 1.096240e-01 3.700200e-01
834 5.204960e-01 1.093520e-01 3.701520e-01
835 5.209960e-01 1.091280e-01 3.698760e-01
836 5.211960e-01 1.090000e-01 3.698040e-01
837 5.214320e-01 1.090600e-01 3.695080e-01
838 5.217040e-01 1.089640e-01 3.693320e-01
839 5.217680e-01 1.088160e-01 3.694160e-01
840 5.212080e-01 1.092200e-01 3.695720e-01
841 5.210160e-01 1.094880e-01 3.694960e-01
842 5.211000e-01 1.093640e-01 3.695360e-01
843 5.210800e-01 1.097240e-01 3.691960e-01
844 5.209680e-01 1.101080e-01 3.689240e-01
845 5.213560e-01 1.097920e-01 3.688520e-01
846 5.214760e-01 1.097560e-01 3.687680e-01
847 5.215920e-01 1.094680e-01 3.689400e-01
848 5.213240e-01 1.099080e-01 3.687680e-01
849 5.215600e-01 1.099280e-01 3.685120e-01
850 5.214360e-01 1.101000e-01 3.684640e-01
851 5.212640e-01 1.098640e-01 3.688720e-01
852 5.216800e-01 1.098840e-01 3.684360e-01
853 5.223560e-01 1.097240e-01 3.679200e-01
854 5.222320e-01 1.097240e-01 3.680440e-01
855 5.224640e-01 1.097040e-01 3.678320e-01
856 5.227480e-01 1.096640e-01 3.675880e-01
857 5.227240e-01 1.097440e-01 3.675320e-01
858 5.232440e-01 1.097440e-01 3.670120e-01
859 5.236560e-01 1.100440e-01 3.663000e-01
860 5.239920e-01 1.098960e-01 3.661120e-01
861 5.242080e-01 1.097880e-01 3.660040e-01
862 5.238680e-01 1.099600e-01 3.661720e-01
863 5.236600e-01 1.103520e-01 3.659880e-01
864 5.234280e-01 1.104400e-01 3.661320e-01
865 5.235840e-01 1.108160e-01 3.656000e-01
866 5.236960e-01 1.106520e-01 3.656520e-01
867 5.241560e-01 1.104760e-01 3.653680e-01
868 5.237840e-01 1.108760e-01 3.653400e-01
869 5.242560e-01 1.109880e-01 3.647560e-01
870 5.243720e-01 1.110920e-01 3.645360e-01
871 5.235840e-01 1.113040e-01 3.651120e-01
872 5.236080e-01 1.110800e-01 3.653120e-01
873 5.236880e-01 1.108440e-01 3.654680e-01
874 5.235120e-01 1.110360e-01 3.654520e-01
875 5.234080e-01 1.111680e-01 3.654240e-01
876 5.231560e-01 1.111880e-01 3.656560e-01
877 5.231240e-01 1.106160e-01 3.662600e-01
878 5.228960e-01 1.111440e-01 3.659600e-01
879 5.226240e-01 1.109960e-01 3.663800e-01
880 5.225080e-01 1.107600e-01 3.667320e-01
881 5.222200e-01 1.110520e-01 3.667280e-01
882 5.210840e-01 1.116360e-01 3.672800e-01
883 5.209280e-01 1.116800e-01 3.673920e-01
884 5.202960e-01 1.119840e-01 3.677200e-01
885 5.203120e-01 1.120600e-01 3.676280e-01
886 5.209000e-01 1.111880e-01 3.679120e-01
887 5.206600e-01 1.111320e-01 3.682080e-01
888 5.204640e-01 1.112520e-01 3.682840e-01
889 5.204640e-01 1.114880e-01 3.680480e-01
890 5.203280e-01 1.118960e-01 3.677760e-01
891 5.201920e-01 1.120640e-01 3.677440e-01
892 5.198960e-01 1.122040e-01 3.679000e-01
893 5.193760e-01 1.124080e-01 3.682160e-01
894 5.194680e-01 1.124880e-01 3.680440e-01
895 5.187600e-01 1.126560e-01 3.685840e-01
896 5.187360e-01 1.123000e-01 3.689640e-01
897 5.190440e-01 1.118320e-01 3.691240e-01
898 5.187600e-01 1.115560e-01 3.696840e-01
899 5.187200e-01 1.113400e-01 3.699400e-01
900 5.194760e-01 1.112160e-01 3.693080e-01
901 5.201560e-01 1.102440e-01 3.696000e-01
902 5.205400e-01 1.098800e-01 3.695800e-01
903 5.210600e-01 1.089560e-01 3.699840e-01
904 5.216360e-01 1.083320e-01 3.700320e-01
905 5.218440e-01 1.086680e-01 3.694880e-01
906 5.221600e-01 1.087120e-01 3.691280e-01
907 5.222240e-01 1.091800e-01 3.685960e-01
908 5.224920e-01 1.097120e-01 3.677960e-01
909 5.225840e-01 1.098760e-01 3.675400e-01
910 5.224800e-01 1.098760e-01 3.676440e-01
911 5.224680e-01 1.094480e-01 3.680840e-01
912 5.233320e-01 1.091880e-01 3.674800e-01
913 5.229520e-01 1.096280e-01 3.674200e-01
914 5.232280e-01 1.099760e-01 3.667960e-01
915 5.234040e-01 1.096160e-01 3.669800e-01
916 5.235160e-01 1.098120e-01 3.666720e-01
917 5.231160e-01 1.099320e-01 3.669520e-01
918 5.235080e-01 1.095440e-01 3.669480e-01
919 5.243000e-01 1.090960e-01 3.666040e-01
920 5.247920e-01 1.088520e-01 3.663560e-01
921 5.250560e-01 1.086760e-01 3.662680e-01
922 5.249680e-01 1.090800e-01 3.659520e-01
923 5.249000e-01 1.091000e-01 3.660000e-01
924 5.247120e-01 1.093920e-01 3.658960e-01
925 5.243800e-01 1.096560e-01 3.659640e-01
926 5.236360e-01 1.096640e-01 3.667000e-01
927 5.238760e-01 1.092880e-01 3.668360e-01
928 5.238000e-01 1.097440e-01 3.664560e-01
929 5.236160e-01 1.104080e-01 3.659760e-01
930 5.225560e-01 1.108480e-01 3.665960e-01
931 5.224320e-01 1.112560e-01 3.663120e-01
932 5.220480e-01 1.111000e-01 3.668520e-01
