1 9.992400e-01 6.720000e-04 8.800000e-05
2 9.987320e-01 1.064000e-03 2.040000e-04
3 9.981800e-01 1.424000e-03 3.960000e-04
4 9.974840e-01 1.912000e-03 6.040000e-04
5 9.966480e-01 2.468000e-03 8.840000e-04
6 9.957520e-01 2.996000e-03 1.252000e-03
7 9.948120e-01 3.560000e-03 1.628000e-03
8 9.939280e-01 3.868000e-03 2.204000e-03
9 9.928760e-01 4.300000e-03 2.824000e-03
10 9.919200e-01 4.652000e-03 3.428000e-03
11 9.908800e-01 5.096000e-03 4.024000e-03
12 9.896360e-01 5.756000e-03 4.608000e-03
13 9.883800e-01 6.328000e-03 5.292000e-03
14 9.870000e-01 6.912000e-03 6.088000e-03
15 9.856600e-01 7.440000e-03 6.900000e-03
16 9.846280e-01 7.672000e-03 7.700000e-03
17 9.834880e-01 7.872000e-03 8.640000e-03
18 9.824320e-01 8.048000e-03 9.520000e-03
19 9.811800e-01 8.424000e-03 1.039600e-02
20 9.797440e-01 8.816000e-03 1.144000e-02
21 9.783280e-01 9.188000e-03 1.248400e-02
22 9.769680e-01 9.684000e-03 1.334800e-02
23 9.754520e-01 1.005600e-02 1.449200e-02
24 9.741840e-01 1.044400e-02 1.537200e-02
25 9.725920e-01 1.090800e-02 1.650000e-02
26 9.712680e-01 1.134400e-02 1.738800e-02
27 9.696720e-01 1.200400e-02 1.832400e-02
28 9.681800e-01 1.241200e-02 1.940800e-02
29 9.666040e-01 1.268400e-02 2.071200e-02
30 9.651400e-01 1.306000e-02 2.180000e-02
31 9.635080e-01 1.349200e-02 2.300000e-02
32 9.619000e-01 1.406000e-02 2.404000e-02
33 9.602880e-01 1.464400e-02 2.506800e-02
34 9.585720e-01 1.537600e-02 2.605200e-02
35 9.567520e-01 1.605200e-02 2.719600e-02
36 9.548440e-01 1.667600e-02 2.848000e-02
37 9.529800e-01 1.729600e-02 2.972400e-02
38 9.511840e-01 1.764400e-02 3.117200e-02
39 9.491760e-01 1.806800e-02 3.275600e-02
40 9.475120e-01 1.834000e-02 3.414800e-02
41 9.458080e-01 1.869600e-02 3.549600e-02
42 9.440600e-01 1.909600e-02 3.684400e-02
43 9.422960e-01 1.954400e-02 3.816000e-02
44 9.403760e-01 2.008800e-02 3.953600e-02
45 9.386280e-01 2.051200e-02 4.086000e-02
46 9.366440e-01 2.100400e-02 4.235200e-02
47 9.346760e-01 2.160400e-02 4.372000e-02
48 9.327400e-01 2.225200e-02 4.500800e-02
49 9.309640e-01 2.267600e-02 4.636000e-02
50 9.290920e-01 2.318400e-02 4.772400e-02
51 9.273560e-01 2.362800e-02 4.901600e-02
52 9.256680e-01 2.404000e-02 5.029200e-02
53 9.237720e-01 2.445600e-02 5.177200e-02
54 9.220440e-01 2.505600e-02 5.290000e-02
55 9.199960e-01 2.574000e-02 5.426400e-02
56 9.181760e-01 2.600800e-02 5.581600e-02
57 9.162880e-01 2.630800e-02 5.740400e-02
58 9.144040e-01 2.692400e-02 5.867200e-02
59 9.123160e-01 2.758400e-02 6.010000e-02
60 9.103920e-01 2.808800e-02 6.152000e-02
61 9.082840e-01 2.856800e-02 6.314800e-02
62 9.060400e-01 2.952800e-02 6.443200e-02
63 9.041400e-01 3.000400e-02 6.585600e-02
64 9.022200e-01 3.028400e-02 6.749600e-02
65 8.999240e-01 3.123600e-02 6.884000e-02
66 8.981400e-01 3.155200e-02 7.030800e-02
67 8.956720e-01 3.227600e-02 7.205200e-02
68 8.935160e-01 3.293200e-02 7.355200e-02
69 8.912440e-01 3.356400e-02 7.519200e-02
70 8.889320e-01 3.414000e-02 7.692800e-02
71 8.867720e-01 3.437600e-02 7.885200e-02
72 8.844440e-01 3.502000e-02 8.053600e-02
73 8.822080e-01 3.548800e-02 8.230400e-02
74 8.803520e-01 3.562800e-02 8.402000e-02
75 8.782520e-01 3.624800e-02 8.550000e-02
76 8.763040e-01 3.657200e-02 8.712400e-02
77 8.742960e-01 3.694800e-02 8.875600e-02
78 8.722680e-01 3.743600e-02 9.029600e-02
79 8.701200e-01 3.800800e-02 9.187200e-02
80 8.678320e-01 3.868000e-02 9.348800e-02
81 8.656000e-01 3.934800e-02 9.505200e-02
82 8.630720e-01 4.020400e-02 9.672400e-02
83 8.610160e-01 4.093200e-02 9.805200e-02
84 8.587640e-01 4.151200e-02 9.972400e-02
85 8.565000e-01 4.194400e-02 1.015560e-01
86 8.540960e-01 4.276800e-02 1.031360e-01
87 8.518880e-01 4.333200e-02 1.047800e-01
88 8.495600e-01 4.438000e-02 1.060600e-01
89 8.474640e-01 4.487200e-02 1.076640e-01
90 8.452080e-01 4.542000e-02 1.093720e-01
91 8.425560e-01 4.608800e-02 1.113560e-01
92 8.402480e-01 4.638800e-02 1.133640e-01
93 8.378480e-01 4.674400e-02 1.154080e-01
94 8.359080e-01 4.697600e-02 1.171160e-01
95 8.335080e-01 4.763600e-02 1.188560e-01
96 8.313320e-01 4.823600e-02 1.204320e-01
97 8.293560e-01 4.853600e-02 1.221080e-01
98 8.273760e-01 4.874400e-02 1.238800e-01
99 8.250280e-01 4.939600e-02 1.255760e-01
100 8.228120e-01 4.991200e-02 1.272760e-01
101 8.205960e-01 5.045200e-02 1.289520e-01
102 8.189360e-01 5.028000e-02 1.307840e-01
103 8.170200e-01 5.081600e-02 1.321640e-01
104 8.148920e-01 5.156400e-02 1.335440e-01
105 8.126920e-01 5.194000e-02 1.353680e-01
106 8.105800e-01 5.242000e-02 1.370000e-01
107 8.085960e-01 5.286000e-02 1.385440e-01
108 8.067920e-01 5.292400e-02 1.402840e-01
109 8.050280e-01 5.340800e-02 1.415640e-01
110 8.029240e-01 5.374400e-02 1.433320e-01
111 8.007920e-01 5.439600e-02 1.448120e-01
112 7.987880e-01 5.523600e-02 1.459760e-01
113 7.968000e-01 5.577600e-02 1.474240e-01
114 7.951480e-01 5.583200e-02 1.490200e-01
115 7.932960e-01 5.596000e-02 1.507440e-01
116 7.915960e-01 5.625200e-02 1.521520e-01
117 7.896360e-01 5.676400e-02 1.536000e-01
118 7.877160e-01 5.687200e-02 1.554120e-01
119 7.860960e-01 5.664400e-02 1.572600e-01
120 7.842600e-01 5.701200e-02 1.587280e-01
121 7.824800e-01 5.771600e-02 1.598040e-01
122 7.809080e-01 5.798800e-02 1.611040e-01
123 7.789480e-01 5.843200e-02 1.626200e-01
124 7.775080e-01 5.828800e-02 1.642040e-01
125 7.754080e-01 5.895200e-02 1.656400e-01
126 7.740640e-01 5.931600e-02 1.666200e-01
127 7.721040e-01 5.985200e-02 1.680440e-01
128 7.707120e-01 5.986400e-02 1.694240e-01
129 7.691760e-01 5.984000e-02 1.709840e-01
130 7.672760e-01 6.037600e-02 1.723480e-01
131 7.658600e-01 6.078400e-02 1.733560e-01
132 7.639680e-01 6.116800e-02 1.748640e-01
133 7.623160e-01 6.159200e-02 1.760920e-01
134 7.604960e-01 6.207200e-02 1.774320e-01
135 7.589280e-01 6.271600e-02 1.783560e-01
136 7.570280e-01 6.353200e-02 1.794400e-01
137 7.553080e-01 6.393200e-02 1.807600e-01
138 7.534280e-01 6.455600e-02 1.820160e-01
139 7.512600e-01 6.493600e-02 1.838040e-01
140 7.495320e-01 6.493600e-02 1.855320e-01
141 7.481200e-01 6.530800e-02 1.865720e-01
142 7.464640e-01 6.570800e-02 1.878280e-01
143 7.450120e-01 6.619200e-02 1.887960e-01
144 7.434440e-01 6.598400e-02 1.905720e-01
145 7.421080e-01 6.626400e-02 1.916280e-01
146 7.401320e-01 6.658800e-02 1.932800e-01
147 7.385200e-01 6.690800e-02 1.945720e-01
148 7.371920e-01 6.752800e-02 1.952800e-01
149 7.360800e-01 6.736400e-02 1.965560e-01
150 7.348640e-01 6.735200e-02 1.977840e-01
151 7.339200e-01 6.739200e-02 1.986880e-01
152 7.322600e-01 6.787200e-02 1.998680e-01
153 7.311520e-01 6.807200e-02 2.007760e-01
154 7.297080e-01 6.819200e-02 2.021000e-01
155 7.283800e-01 6.837200e-02 2.032480e-01
156 7.272960e-01 6.880800e-02 2.038960e-01
157 7.252920e-01 6.941200e-02 2.052960e-01
158 7.240880e-01 6.976000e-02 2.061520e-01
159 7.226080e-01 7.044800e-02 2.069440e-01
160 7.209480e-01 7.059600e-02 2.084560e-01
161 7.191080e-01 7.099600e-02 2.098960e-01
162 7.174560e-01 7.132800e-02 2.112160e-01
163 7.157800e-01 7.213200e-02 2.120880e-01
164 7.145440e-01 7.258400e-02 2.128720e-01
165 7.132880e-01 7.266000e-02 2.140520e-01
166 7.118320e-01 7.286000e-02 2.153080e-01
167 7.104960e-01 7.334800e-02 2.161560e-01
168 7.097040e-01 7.283200e-02 2.174640e-01
169 7.079680e-01 7.305600e-02 2.189760e-01
170 7.067040e-01 7.310800e-02 2.201880e-01
171 7.055440e-01 7.328800e-02 2.211680e-01
172 7.038760e-01 7.396800e-02 2.221560e-01
173 7.026360e-01 7.412000e-02 2.232440e-01
174 7.014160e-01 7.469600e-02 2.238880e-01
175 7.001520e-01 7.548400e-02 2.243640e-01
176 6.988360e-01 7.546400e-02 2.257000e-01
177 6.970920e-01 7.580000e-02 2.271080e-01
178 6.956600e-01 7.641200e-02 2.279280e-01
179 6.939560e-01 7.710400e-02 2.289400e-01
180 6.923280e-01 7.769600e-02 2.299760e-01
181 6.903960e-01 7.848000e-02 2.311240e-01
182 6.887240e-01 7.880000e-02 2.324760e-01
183 6.873560e-01 7.952000e-02 2.331240e-01
184 6.851160e-01 8.054000e-02 2.343440e-01
185 6.832480e-01 8.108000e-02 2.356720e-01
186 6.816160e-01 8.141600e-02 2.369680e-01
187 6.804080e-01 8.132400e-02 2.382680e-01
188 6.788280e-01 8.225600e-02 2.389160e-01
189 6.770400e-01 8.263600e-02 2.403240e-01
190 6.755000e-01 8.275200e-02 2.417480e-01
191 6.735680e-01 8.335200e-02 2.430800e-01
192 6.713520e-01 8.423200e-02 2.444160e-01
193 6.698440e-01 8.456800e-02 2.455880e-01
194 6.682200e-01 8.487600e-02 2.469040e-01
195 6.663000e-01 8.494000e-02 2.487600e-01
196 6.649600e-01 8.467200e-02 2.503680e-01
197 6.633600e-01 8.480800e-02 2.518320e-01
198 6.618680e-01 8.487600e-02 2.532560e-01
199 6.603360e-01 8.540800e-02 2.542560e-01
200 6.588480e-01 8.596400e-02 2.551880e-01
201 6.572600e-01 8.617600e-02 2.565640e-01
202 6.559400e-01 8.621200e-02 2.578480e-01
203 6.546040e-01 8.655200e-02 2.588440e-01
204 6.534040e-01 8.691600e-02 2.596800e-01
205 6.521360e-01 8.693600e-02 2.609280e-01
206 6.507400e-01 8.721200e-02 2.620480e-01
207 6.494880e-01 8.709200e-02 2.634200e-01
208 6.482000e-01 8.742800e-02 2.643720e-01
209 6.471680e-01 8.743200e-02 2.654000e-01
210 6.454560e-01 8.818800e-02 2.663560e-01
211 6.442720e-01 8.814000e-02 2.675880e-01
212 6.428520e-01 8.824800e-02 2.689000e-01
213 6.416000e-01 8.859600e-02 2.698040e-01
214 6.402920e-01 8.903200e-02 2.706760e-01
215 6.391480e-01 8.916800e-02 2.716840e-01
216 6.376440e-01 8.973200e-02 2.726240e-01
217 6.356720e-01 9.054400e-02 2.737840e-01
218 6.339760e-01 9.168400e-02 2.743400e-01
219 6.320120e-01 9.247600e-02 2.755120e-01
220 6.308000e-01 9.258000e-02 2.766200e-01
221 6.297400e-01 9.194400e-02 2.783160e-01
222 6.292960e-01 9.158400e-02 2.791200e-01
223 6.278200e-01 9.155200e-02 2.806280e-01
224 6.271400e-01 9.141200e-02 2.814480e-01
225 6.258760e-01 9.211600e-02 2.820080e-01
226 6.247600e-01 9.245600e-02 2.827840e-01
227 6.236320e-01 9.254800e-02 2.838200e-01
228 6.217160e-01 9.272000e-02 2.855640e-01
229 6.204920e-01 9.306000e-02 2.864480e-01
230 6.197000e-01 9.303200e-02 2.872680e-01
231 6.184080e-01 9.338000e-02 2.882120e-01
232 6.173320e-01 9.366800e-02 2.890000e-01
233 6.163880e-01 9.386800e-02 2.897440e-01
234 6.155040e-01 9.383600e-02 2.906600e-01
235 6.142400e-01 9.428800e-02 2.914720e-01
236 6.135360e-01 9.426000e-02 2.922040e-01
237 6.129080e-01 9.390800e-02 2.931840e-01
238 6.116440e-01 9.426800e-02 2.940880e-01
239 6.111920e-01 9.370800e-02 2.951000e-01
240 6.103920e-01 9.362800e-02 2.959800e-01
241 6.098200e-01 9.322000e-02 2.969600e-01
242 6.096760e-01 9.340400e-02 2.969200e-01
243 6.088080e-01 9.399200e-02 2.972000e-01
244 6.078040e-01 9.394400e-02 2.982520e-01
245 6.072880e-01 9.363600e-02 2.990760e-01
246 6.070960e-01 9.338400e-02 2.995200e-01
247 6.059360e-01 9.422000e-02 2.998440e-01
248 6.048280e-01 9.451200e-02 3.006600e-01
249 6.042600e-01 9.472400e-02 3.010160e-01
250 6.034160e-01 9.468000e-02 3.019040e-01
251 6.027400e-01 9.462400e-02 3.026360e-01
252 6.020760e-01 9.497600e-02 3.029480e-01
253 6.016680e-01 9.492800e-02 3.034040e-01
254 6.005840e-01 9.526400e-02 3.041520e-01
255 6.002520e-01 9.560800e-02 3.041400e-01
256 5.995000e-01 9.595600e-02 3.045440e-01
257 5.981280e-01 9.621200e-02 3.056600e-01
258 5.983520e-01 9.614400e-02 3.055040e-01
259 5.975800e-01 9.620800e-02 3.062120e-01
260 5.966440e-01 9.629600e-02 3.070600e-01
261 5.961240e-01 9.612800e-02 3.077480e-01
262 5.959600e-01 9.564400e-02 3.083960e-01
263 5.955000e-01 9.570000e-02 3.088000e-01
264 5.951040e-01 9.606000e-02 3.088360e-01
265 5.943280e-01 9.661200e-02 3.090600e-01
266 5.932880e-01 9.743200e-02 3.092800e-01
267 5.919920e-01 9.797600e-02 3.100320e-01
268 5.913080e-01 9.760800e-02 3.110840e-01
269 5.913320e-01 9.755600e-02 3.111120e-01
270 5.906880e-01 9.767200e-02 3.116400e-01
271 5.904400e-01 9.706400e-02 3.124960e-01
272 5.899960e-01 9.716000e-02 3.128440e-01
273 5.892720e-01 9.738800e-02 3.133400e-01
274 5.882640e-01 9.729600e-02 3.144400e-01
275 5.875080e-01 9.741200e-02 3.150800e-01
276 5.872200e-01 9.734000e-02 3.154400e-01
277 5.863520e-01 9.793600e-02 3.157120e-01
278 5.860240e-01 9.785200e-02 3.161240e-01
279 5.853840e-01 9.853200e-02 3.160840e-01
280 5.847560e-01 9.889600e-02 3.163480e-01
281 5.839920e-01 9.932000e-02 3.166880e-01
282 5.833480e-01 9.972400e-02 3.169280e-01
283 5.828840e-01 9.968400e-02 3.174320e-01
284 5.830160e-01 9.947200e-02 3.175120e-01
285 5.825040e-01 9.937200e-02 3.181240e-01
286 5.819960e-01 9.959200e-02 3.184120e-01
287 5.821760e-01 9.891600e-02 3.189080e-01
288 5.814200e-01 9.985200e-02 3.187280e-01
289 5.810200e-01 9.942400e-02 3.195560e-01
290 5.806160e-01 9.956400e-02 3.198200e-01
291 5.796640e-01 9.996800e-02 3.203680e-01
292 5.791800e-01 9.968800e-02 3.211320e-01
293 5.787440e-01 9.996400e-02 3.212920e-01
294 5.781840e-01 1.002280e-01 3.215880e-01
295 5.773760e-01 1.001840e-01 3.224400e-01
296 5.764720e-01 1.005640e-01 3.229640e-01
297 5.760840e-01 1.007080e-01 3.232080e-01
298 5.760120e-01 1.012640e-01 3.227240e-01
299 5.753600e-01 1.016400e-01 3.230000e-01
300 5.741920e-01 1.023400e-01 3.234680e-01
301 5.731440e-01 1.021760e-01 3.246800e-01
302 5.724000e-01 1.029000e-01 3.247000e-01
303 5.714320e-01 1.029720e-01 3.255960e-01
304 5.702560e-01 1.032800e-01 3.264640e-01
305 5.688720e-01 1.035800e-01 3.275480e-01
306 5.677320e-01 1.035680e-01 3.287000e-01
307 5.665760e-01 1.037000e-01 3.297240e-01
308 5.659960e-01 1.036080e-01 3.303960e-01
309 5.655800e-01 1.039640e-01 3.304560e-01
310 5.645760e-01 1.046040e-01 3.308200e-01
311 5.633000e-01 1.049920e-01 3.317080e-01
312 5.630760e-01 1.047840e-01 3.321400e-01
313 5.622440e-01 1.046200e-01 3.331360e-01
314 5.618120e-01 1.045400e-01 3.336480e-01
315 5.609120e-01 1.047840e-01 3.343040e-01
316 5.602080e-01 1.050000e-01 3.347920e-01
317 5.591120e-01 1.053320e-01 3.355560e-01
318 5.591200e-01 1.048200e-01 3.360600e-01
319 5.584760e-01 1.047440e-01 3.367800e-01
320 5.583760e-01 1.048360e-01 3.367880e-01
321 5.576040e-01 1.046240e-01 3.377720e-01
322 5.566280e-01 1.047520e-01 3.386200e-01
323 5.560160e-01 1.049680e-01 3.390160e-01
324 5.556520e-01 1.045160e-01 3.398320e-01
325 5.547360e-01 1.051040e-01 3.401600e-01
326 5.541560e-01 1.052640e-01 3.405800e-01
327 5.535120e-01 1.054680e-01 3.410200e-01
328 5.534480e-01 1.053120e-01 3.412400e-01
329 5.531720e-01 1.050360e-01 3.417920e-01
330 5.529200e-01 1.049360e-01 3.421440e-01
331 5.530560e-01 1.046280e-01 3.423160e-01
332 5.530160e-01 1.042040e-01 3.427800e-01
333 5.527360e-01 1.039800e-01 3.432840e-01
334 5.525200e-01 1.041080e-01 3.433720e-01
335 5.525280e-01 1.040920e-01 3.433800e-01
336 5.522760e-01 1.042000e-01 3.435240e-01
337 5.523240e-01 1.040200e-01 3.436560e-01
338 5.524680e-01 1.039360e-01 3.435960e-01
339 5.520520e-01 1.040800e-01 3.438680e-01
340 5.517800e-01 1.044320e-01 3.437880e-01
341 5.516640e-01 1.046240e-01 3.437120e-01
342 5.513480e-01 1.049960e-01 3.436560e-01
343 5.502640e-01 1.057840e-01 3.439520e-01
344 5.502600e-01 1.055960e-01 3.441440e-01
345 5.494320e-01 1.056880e-01 3.448800e-01
346 5.497960e-01 1.049200e-01 3.452840e-01
347 5.504640e-01 1.043600e-01 3.451760e-01
348 5.498080e-01 1.047080e-01 3.454840e-01
349 5.495480e-01 1.049280e-01 3.455240e-01
350 5.495160e-01 1.046960e-01 3.457880e-01
351 5.497360e-01 1.042840e-01 3.459800e-01
352 5.498200e-01 1.040800e-01 3.461000e-01
353 5.496880e-01 1.042640e-01 3.460480e-01
354 5.495600e-01 1.043960e-01 3.460440e-01
355 5.497400e-01 1.049760e-01 3.452840e-01
356 5.493480e-01 1.051960e-01 3.454560e-01
357 5.487920e-01 1.055040e-01 3.457040e-01
358 5.486080e-01 1.053840e-01 3.460080e-01
359 5.482680e-01 1.052480e-01 3.464840e-01
360 5.480280e-01 1.054800e-01 3.464920e-01
361 5.475520e-01 1.054480e-01 3.470000e-01
362 5.475920e-01 1.055480e-01 3.468600e-01
363 5.476880e-01 1.054960e-01 3.468160e-01
364 5.471040e-01 1.059400e-01 3.469560e-01
365 5.462560e-01 1.066840e-01 3.470600e-01
366 5.460000e-01 1.066160e-01 3.473840e-01
367 5.454960e-01 1.065880e-01 3.479160e-01
368 5.445160e-01 1.070720e-01 3.484120e-01
369 5.442840e-01 1.073360e-01 3.483800e-01
370 5.435880e-01 1.075200e-01 3.488920e-01
371 5.434520e-01 1.078680e-01 3.486800e-01
372 5.420120e-01 1.084000e-01 3.495880e-01
373 5.411440e-01 1.088960e-01 3.499600e-01
374 5.402400e-01 1.093440e-01 3.504160e-01
375 5.402200e-01 1.092080e-01 3.505720e-01
376 5.396520e-01 1.090320e-01 3.513160e-01
377 5.393480e-01 1.090360e-01 3.516160e-01
378 5.390320e-01 1.087240e-01 3.522440e-01
379 5.391560e-01 1.086400e-01 3.522040e-01
380 5.388040e-01 1.086480e-01 3.525480e-01
381 5.388880e-01 1.081160e-01 3.529960e-01
382 5.391960e-01 1.076560e-01 3.531480e-01
383 5.396280e-01 1.069720e-01 3.534000e-01
384 5.395400e-01 1.071960e-01 3.532640e-01
385 5.391920e-01 1.075280e-01 3.532800e-01
386 5.382520e-01 1.080200e-01 3.537280e-01
387 5.384840e-01 1.079400e-01 3.535760e-01
388 5.377680e-01 1.086760e-01 3.535560e-01
389 5.373360e-01 1.090560e-01 3.536080e-01
390 5.369560e-01 1.092520e-01 3.537920e-01
391 5.362680e-01 1.093120e-01 3.544200e-01
392 5.358200e-01 1.094280e-01 3.547520e-01
393 5.352200e-01 1.096680e-01 3.551120e-01
394 5.353320e-01 1.093760e-01 3.552920e-01
395 5.351640e-01 1.091200e-01 3.557160e-01
396 5.349480e-01 1.092400e-01 3.558120e-01
397 5.349360e-01 1.090560e-01 3.560080e-01
398 5.350360e-01 1.093040e-01 3.556600e-01
399 5.345240e-01 1.094920e-01 3.559840e-01
400 5.343480e-01 1.097520e-01 3.559000e-01
401 5.338800e-01 1.096320e-01 3.564880e-01
402 5.325040e-01 1.102600e-01 3.572360e-01
403 5.314840e-01 1.104880e-01 3.580280e-01
404 5.311920e-01 1.108240e-01 3.579840e-01
405 5.308000e-01 1.110680e-01 3.581320e-01
406 5.308560e-01 1.104480e-01 3.586960e-01
407 5.305080e-01 1.101120e-01 3.593800e-01
408 5.303440e-01 1.099360e-01 3.597200e-01
409 5.300200e-01 1.100600e-01 3.599200e-01
410 5.292520e-01 1.108240e-01 3.599240e-01
411 5.287240e-01 1.108040e-01 3.604720e-01
412 5.288600e-01 1.105400e-01 3.606000e-01
413 5.283040e-01 1.105800e-01 3.611160e-01
414 5.282000e-01 1.108960e-01 3.609040e-01
415 5.278840e-01 1.106400e-01 3.614760e-01
416 5.276480e-01 1.108320e-01 3.615200e-01
417 5.272960e-01 1.112400e-01 3.614640e-01
418 5.267880e-01 1.108760e-01 3.623360e-01
419 5.268720e-01 1.098320e-01 3.632960e-01
420 5.270760e-01 1.096640e-01 3.632600e-01
421 5.266960e-01 1.099680e-01 3.633360e-01
422 5.268200e-01 1.098080e-01 3.633720e-01
423 5.268760e-01 1.099240e-01 3.632000e-01
424 5.268200e-01 1.103400e-01 3.628400e-01
425 5.264920e-01 1.105680e-01 3.629400e-01
426 5.261440e-01 1.111080e-01 3.627480e-01
427 5.259920e-01 1.109000e-01 3.631080e-01
428 5.259160e-01 1.106400e-01 3.634440e-01
429 5.256000e-01 1.109440e-01 3.634560e-01
430 5.255400e-01 1.105800e-01 3.638800e-01
431 5.249000e-01 1.108400e-01 3.642600e-01
432 5.247760e-01 1.110160e-01 3.642080e-01
433 5.243200e-01 1.109920e-01 3.646880e-01
434 5.241440e-01 1.113480e-01 3.645080e-01
435 5.240800e-01 1.109520e-01 3.649680e-01
436 5.231520e-01 1.115160e-01 3.653320e-01
437 5.230960e-01 1.113760e-01 3.655280e-01
438 5.225800e-01 1.115920e-01 3.658280e-01
439 5.224520e-01 1.116040e-01 3.659440e-01
440 5.222320e-01 1.116640e-01 3.661040e-01
441 5.226880e-01 1.116360e-01 3.656760e-01
442 5.223480e-01 1.117680e-01 3.658840e-01
443 5.222080e-01 1.117760e-01 3.660160e-01
444 5.220840e-01 1.116280e-01 3.662880e-01
445 5.218160e-01 1.113160e-01 3.668680e-01
446 5.219480e-01 1.106880e-01 3.673640e-01
447 5.221480e-01 1.106160e-01 3.672360e-01
448 5.225120e-01 1.104400e-01 3.670480e-01
449 5.225600e-01 1.102160e-01 3.672240e-01
450 5.225800e-01 1.098720e-01 3.675480e-01
451 5.224360e-01 1.104760e-01 3.670880e-01
452 5.228080e-01 1.103160e-01 3.668760e-01
453 5.226520e-01 1.103720e-01 3.669760e-01
454 5.225200e-01 1.103000e-01 3.671800e-01
455 5.227720e-01 1.104520e-01 3.667760e-01
456 5.228160e-01 1.101840e-01 3.670000e-01
457 5.226560e-01 1.104000e-01 3.669440e-01
458 5.229200e-01 1.105280e-01 3.665520e-01
459 5.230480e-01 1.096680e-01 3.672840e-01
460 5.228960e-01 1.099080e-01 3.671960e-01
461 5.234280e-01 1.097240e-01 3.668480e-01
462 5.244600e-01 1.093720e-01 3.661680e-01
463 5.250600e-01 1.093520e-01 3.655880e-01
464 5.253720e-01 1.095000e-01 3.651280e-01
465 5.250920e-01 1.100120e-01 3.648960e-01
466 5.248320e-01 1.104200e-01 3.647480e-01
467 5.244360e-01 1.106440e-01 3.649200e-01
468 5.238200e-01 1.102880e-01 3.658920e-01
469 5.235760e-01 1.102920e-01 3.661320e-01
470 5.236720e-01 1.103600e-01 3.659680e-01
471 5.230680e-01 1.103600e-01 3.665720e-01
472 5.237040e-01 1.100160e-01 3.662800e-01
473 5.237520e-01 1.100680e-01 3.661800e-01
474 5.238080e-01 1.100640e-01 3.661280e-01
475 5.234560e-01 1.105240e-01 3.660200e-01
476 5.237000e-01 1.103040e-01 3.659960e-01
477 5.240640e-01 1.100080e-01 3.659280e-01
478 5.237120e-01 1.103440e-01 3.659440e-01
479 5.234960e-01 1.103560e-01 3.661480e-01
480 5.232600e-01 1.111040e-01 3.656360e-01
481 5.232240e-01 1.109920e-01 3.657840e-01
482 5.234240e-01 1.107320e-01 3.658440e-01
483 5.235400e-01 1.104640e-01 3.659960e-01
484 5.235280e-01 1.106480e-01 3.658240e-01
485 5.229640e-01 1.110360e-01 3.660000e-01
486 5.225160e-01 1.110960e-01 3.663880e-01
487 5.225880e-01 1.111200e-01 3.662920e-01
488 5.231200e-01 1.103440e-01 3.665360e-01
489 5.231280e-01 1.100760e-01 3.667960e-01
490 5.225360e-01 1.099760e-01 3.674880e-01
491 5.226760e-01 1.103280e-01 3.669960e-01
492 5.227680e-01 1.107000e-01 3.665320e-01
493 5.227040e-01 1.104160e-01 3.668800e-01
494 5.220880e-01 1.108480e-01 3.670640e-01
495 5.219920e-01 1.111320e-01 3.668760e-01
496 5.221520e-01 1.111120e-01 3.667360e-01
497 5.218720e-01 1.113880e-01 3.667400e-01
498 5.217880e-01 1.113120e-01 3.669000e-01
499 5.218720e-01 1.113680e-01 3.667600e-01
500 5.211960e-01 1.115160e-01 3.672880e-01
501 5.213680e-01 1.111040e-01 3.675280e-01
502 5.207000e-01 1.111680e-01 3.681320e-01
503 5.208760e-01 1.106960e-01 3.684280e-01
504 5.206480e-01 1.105480e-01 3.688040e-01
505 5.209560e-01 1.102560e-01 3.687880e-01
506 5.209560e-01 1.100720e-01 3.689720e-01
507 5.213040e-01 1.101800e-01 3.685160e-01
508 5.213960e-01 1.101200e-01 3.684840e-01
509 5.217440e-01 1.099560e-01 3.683000e-01
510 5.217880e-01 1.104760e-01 3.677360e-01
511 5.218440e-01 1.107800e-01 3.673760e-01
512 5.213920e-01 1.112280e-01 3.673800e-01
513 5.211680e-01 1.114320e-01 3.674000e-01
514 5.212920e-01 1.111160e-01 3.675920e-01
515 5.216280e-01 1.112120e-01 3.671600e-01
516 5.215040e-01 1.115200e-01 3.669760e-01
517 5.214520e-01 1.114600e-01 3.670880e-01
518 5.215320e-01 1.113040e-01 3.671640e-01
519 5.211720e-01 1.111360e-01 3.676920e-01
520 5.213840e-01 1.110440e-01 3.675720e-01
521 5.207520e-01 1.114200e-01 3.678280e-01
522 5.204920e-01 1.115160e-01 3.679920e-01
523 5.202160e-01 1.111720e-01 3.686120e-01
524 5.200480e-01 1.115360e-01 3.684160e-01
525 5.204840e-01 1.116160e-01 3.679000e-01
526 5.206520e-01 1.114240e-01 3.679240e-01
527 5.208600e-01 1.112560e-01 3.678840e-01
528 5.205200e-01 1.117400e-01 3.677400e-01
529 5.200680e-01 1.121400e-01 3.677920e-01
530 5.206720e-01 1.120440e-01 3.672840e-01
531 5.202600e-01 1.114360e-01 3.683040e-01
532 5.201560e-01 1.115440e-01 3.683000e-01
533 5.201160e-01 1.117000e-01 3.681840e-01
534 5.196840e-01 1.116320e-01 3.686840e-01
535 5.197760e-01 1.117400e-01 3.684840e-01
536 5.197680e-01 1.115640e-01 3.686680e-01
537 5.196800e-01 1.116080e-01 3.687120e-01
538 5.195240e-01 1.113680e-01 3.691080e-01
539 5.194800e-01 1.112200e-01 3.693000e-01
540 5.194440e-01 1.116120e-01 3.689440e-01
541 5.198240e-01 1.108160e-01 3.693600e-01
542 5.203360e-01 1.104560e-01 3.692080e-01
543 5.205400e-01 1.104920e-01 3.689680e-01
544 5.206120e-01 1.110240e-01 3.683640e-01
545 5.208120e-01 1.101320e-01 3.690560e-01
546 5.205400e-01 1.095520e-01 3.699080e-01
547 5.211320e-01 1.091360e-01 3.697320e-01
548 5.210280e-01 1.094320e-01 3.695400e-01
549 5.211800e-01 1.092040e-01 3.696160e-01
550 5.212840e-01 1.096120e-01 3.691040e-01
551 5.216480e-01 1.099480e-01 3.684040e-01
552 5.212160e-01 1.101760e-01 3.686080e-01
553 5.210720e-01 1.100600e-01 3.688680e-01
554 5.213040e-01 1.096000e-01 3.690960e-01
555 5.211840e-01 1.098480e-01 3.689680e-01
556 5.209240e-01 1.099680e-01 3.691080e-01
557 5.205720e-01 1.106640e-01 3.687640e-01
558 5.205600e-01 1.107480e-01 3.686920e-01
559 5.198200e-01 1.110440e-01 3.691360e-01
560 5.193800e-01 1.111480e-01 3.694720e-01
561 5.196680e-01 1.111040e-01 3.692280e-01
562 5.192000e-01 1.113040e-01 3.694960e-01
563 5.196880e-01 1.111400e-01 3.691720e-01
564 5.201440e-01 1.105640e-01 3.692920e-01
565 5.202640e-01 1.103520e-01 3.693840e-01
566 5.203160e-01 1.099800e-01 3.697040e-01
567 5.206520e-01 1.099960e-01 3.693520e-01
568 5.213640e-01 1.099360e-01 3.687000e-01
569 5.206960e-01 1.108680e-01 3.684360e-01
570 5.210000e-01 1.111160e-01 3.678840e-01
571 5.202400e-01 1.115040e-01 3.682560e-01
572 5.200160e-01 1.111840e-01 3.688000e-01
573 5.200640e-01 1.112920e-01 3.686440e-01
574 5.198960e-01 1.112680e-01 3.688360e-01
575 5.198480e-01 1.109000e-01 3.692520e-01
576 5.198800e-01 1.109080e-01 3.692120e-01
577 5.197840e-01 1.106960e-01 3.695200e-01
578 5.194280e-01 1.113280e-01 3.692440e-01
579 5.190640e-01 1.118880e-01 3.690480e-01
580 5.180680e-01 1.122560e-01 3.696760e-01
581 5.174440e-01 1.129960e-01 3.695600e-01
582 5.175960e-01 1.124880e-01 3.699160e-01
583 5.172760e-01 1.126120e-01 3.701120e-01
584 5.166760e-01 1.126760e-01 3.706480e-01
585 5.162440e-01 1.128480e-01 3.709080e-01
586 5.159160e-01 1.128560e-01 3.712280e-01
587 5.160360e-01 1.130240e-01 3.709400e-01
588 5.163600e-01 1.128960e-01 3.707440e-01
589 5.162600e-01 1.130400e-01 3.707000e-01
590 5.158720e-01 1.131840e-01 3.709440e-01
591 5.160880e-01 1.128240e-01 3.710880e-01
592 5.160960e-01 1.130000e-01 3.709040e-01
593 5.162360e-01 1.125960e-01 3.711680e-01
594 5.165600e-01 1.120720e-01 3.713680e-01
595 5.163400e-01 1.121560e-01 3.715040e-01
596 5.162720e-01 1.119040e-01 3.718240e-01
597 5.164480e-01 1.117960e-01 3.717560e-01
598 5.169840e-01 1.114880e-01 3.715280e-01
599 5.173840e-01 1.107880e-01 3.718280e-01
600 5.174320e-01 1.108440e-01 3.717240e-01
601 5.173960e-01 1.107720e-01 3.718320e-01
602 5.175520e-01 1.107040e-01 3.717440e-01
603 5.180760e-01 1.100520e-01 3.718720e-01
604 5.181000e-01 1.103360e-01 3.715640e-01
605 5.180600e-01 1.101480e-01 3.717920e-01
606 5.189760e-01 1.098040e-01 3.712200e-01
607 5.190680e-01 1.095400e-01 3.713920e-01
608 5.190760e-01 1.094280e-01 3.714960e-01
609 5.192080e-01 1.094680e-01 3.713240e-01
610 5.196280e-01 1.094680e-01 3.709040e-01
611 5.198480e-01 1.099400e-01 3.702120e-01
612 5.197760e-01 1.099040e-01 3.703200e-01
613 5.194080e-01 1.101480e-01 3.704440e-01
614 5.184200e-01 1.110160e-01 3.705640e-01
615 5.186240e-01 1.111400e-01 3.702360e-01
616 5.185120e-01 1.108520e-01 3.706360e-01
617 5.180880e-01 1.108920e-01 3.710200e-01
618 5.178080e-01 1.115080e-01 3.706840e-01
619 5.177720e-01 1.115360e-01 3.706920e-01
620 5.175120e-01 1.116200e-01 3.708680e-01
621 5.170880e-01 1.118080e-01 3.711040e-01
622 5.176280e-01 1.109240e-01 3.714480e-01
623 5.177200e-01 1.108920e-01 3.713880e-01
624 5.176000e-01 1.113800e-01 3.710200e-01
625 5.173040e-01 1.114200e-01 3.712760e-01
626 5.170240e-01 1.114080e-01 3.715680e-01
627 5.174720e-01 1.113720e-01 3.711560e-01
628 5.176880e-01 1.115440e-01 3.707680e-01
629 5.180400e-01 1.113600e-01 3.706000e-01
630 5.182720e-01 1.112360e-01 3.704920e-01
631 5.175240e-01 1.120160e-01 3.704600e-01
632 5.171560e-01 1.121480e-01 3.706960e-01
633 5.166880e-01 1.117360e-01 3.715760e-01
634 5.164280e-01 1.118440e-01 3.717280e-01
635 5.162760e-01 1.119720e-01 3.717520e-01
636 5.158840e-01 1.122280e-01 3.718880e-01
637 5.162360e-01 1.113200e-01 3.724440e-01
638 5.160840e-01 1.117080e-01 3.722080e-01
639 5.162840e-01 1.108880e-01 3.728280e-01
640 5.165920e-01 1.109120e-01 3.724960e-01
641 5.169800e-01 1.107440e-01 3.722760e-01
642 5.172440e-01 1.113920e-01 3.713640e-01
643 5.178040e-01 1.119000e-01 3.702960e-01
644 5.174800e-01 1.118160e-01 3.707040e-01
645 5.174960e-01 1.114880e-01 3.710160e-01
646 5.180840e-01 1.115600e-01 3.703560e-01
647 5.181720e-01 1.113480e-01 3.704800e-01
648 5.181680e-01 1.111040e-01 3.707280e-01
649 5.182640e-01 1.109400e-01 3.707960e-01
650 5.179920e-01 1.109760e-01 3.710320e-01
651 5.177000e-01 1.114320e-01 3.708680e-01
652 5.181400e-01 1.116920e-01 3.701680e-01
653 5.180600e-01 1.115840e-01 3.703560e-01
654 5.181800e-01 1.110040e-01 3.708160e-01
655 5.181080e-01 1.109920e-01 3.709000e-01
656 5.178960e-01 1.106160e-01 3.714880e-01
657 5.174640e-01 1.114600e-01 3.710760e-01
658 5.170600e-01 1.127520e-01 3.701880e-01
659 5.171080e-01 1.124760e-01 3.704160e-01
660 5.173560e-01 1.127640e-01 3.698800e-01
661 5.168760e-01 1.131440e-01 3.699800e-01
662 5.169640e-01 1.125640e-01 3.704720e-01
663 5.167880e-01 1.120640e-01 3.711480e-01
664 5.167600e-01 1.124280e-01 3.708120e-01
665 5.162840e-01 1.128800e-01 3.708360e-01
666 5.166720e-01 1.125760e-01 3.707520e-01
667 5.164920e-01 1.126280e-01 3.708800e-01
668 5.164520e-01 1.131560e-01 3.703920e-01
669 5.165760e-01 1.131600e-01 3.702640e-01
670 5.165080e-01 1.128120e-01 3.706800e-01
671 5.161000e-01 1.131360e-01 3.707640e-01
672 5.161920e-01 1.128320e-01 3.709760e-01
673 5.158840e-01 1.130800e-01 3.710360e-01
674 5.160440e-01 1.131480e-01 3.708080e-01
675 5.157480e-01 1.133560e-01 3.708960e-01
676 5.157320e-01 1.132520e-01 3.710160e-01
677 5.155000e-01 1.132040e-01 3.712960e-01
678 5.156280e-01 1.134320e-01 3.709400e-01
679 5.154560e-01 1.132600e-01 3.712840e-01
680 5.152000e-01 1.134960e-01 3.713040e-01
681 5.149760e-01 1.135800e-01 3.714440e-01
682 5.142200e-01 1.139080e-01 3.718720e-01
683 5.136960e-01 1.141760e-01 3.721280e-01
684 5.135280e-01 1.142920e-01 3.721800e-01
685 5.135600e-01 1.136360e-01 3.728040e-01
686 5.134480e-01 1.132400e-01 3.733120e-01
687 5.132320e-01 1.132680e-01 3.735000e-01
688 5.128880e-01 1.135880e-01 3.735240e-01
689 5.129960e-01 1.129720e-01 3.740320e-01
690 5.128920e-01 1.126000e-01 3.745080e-01
691 5.130520e-01 1.121480e-01 3.748000e-01
692 5.133640e-01 1.116040e-01 3.750320e-01
693 5.134600e-01 1.110800e-01 3.754600e-01
694 5.139080e-01 1.114960e-01 3.745960e-01
695 5.144400e-01 1.109800e-01 3.745800e-01
696 5.153600e-01 1.106480e-01 3.739920e-01
697 5.151520e-01 1.111400e-01 3.737080e-01
698 5.150360e-01 1.114480e-01 3.735160e-01
699 5.158000e-01 1.109840e-01 3.732160e-01
700 5.158920e-01 1.111080e-01 3.730000e-01
701 5.161000e-01 1.115360e-01 3.723640e-01
702 5.159160e-01 1.115120e-01 3.725720e-01
703 5.166520e-01 1.110200e-01 3.723280e-01
704 5.170400e-01 1.106400e-01 3.723200e-01
705 5.171640e-01 1.102040e-01 3.726320e-01
706 5.173480e-01 1.101360e-01 3.725160e-01
707 5.178680e-01 1.096280e-01 3.725040e-01
708 5.183520e-01 1.099280e-01 3.717200e-01
709 5.182720e-01 1.104960e-01 3.712320e-01
710 5.184680e-01 1.103560e-01 3.711760e-01
711 5.189360e-01 1.098120e-01 3.712520e-01
712 5.190520e-01 1.101600e-01 3.707880e-01
713 5.194960e-01 1.098880e-01 3.706160e-01
714 5.200880e-01 1.093760e-01 3.705360e-01
715 5.201440e-01 1.093120e-01 3.705440e-01
716 5.200560e-01 1.094800e-01 3.704640e-01
717 5.204440e-01 1.093720e-01 3.701840e-01
718 5.206880e-01 1.094000e-01 3.699120e-01
719 5.208600e-01 1.094280e-01 3.697120e-01
720 5.215080e-01 1.093160e-01 3.691760e-01
721 5.216680e-01 1.091680e-01 3.691640e-01
722 5.214760e-01 1.090080e-01 3.695160e-01
723 5.224480e-01 1.082360e-01 3.693160e-01
724 5.223200e-01 1.082920e-01 3.693880e-01
725 5.229800e-01 1.079200e-01 3.691000e-01
726 5.233920e-01 1.078040e-01 3.688040e-01
727 5.233760e-01 1.082720e-01 3.683520e-01
728 5.238160e-01 1.081040e-01 3.680800e-01
729 5.240120e-01 1.081360e-01 3.678520e-01
730 5.242480e-01 1.084800e-01 3.672720e-01
731 5.245880e-01 1.084560e-01 3.669560e-01
732 5.241680e-01 1.089120e-01 3.669200e-01
733 5.245840e-01 1.088880e-01 3.665280e-01
734 5.244880e-01 1.092960e-01 3.662160e-01
735 5.250560e-01 1.092680e-01 3.656760e-01
736 5.255240e-01 1.090840e-01 3.653920e-01
737 5.256560e-01 1.091720e-01 3.651720e-01
738 5.254480e-01 1.096480e-01 3.649040e-01
739 5.246200e-01 1.100560e-01 3.653240e-01
740 5.249280e-01 1.095480e-01 3.655240e-01
741 5.249200e-01 1.095800e-01 3.655000e-01
742 5.246800e-01 1.099080e-01 3.654120e-01
743 5.246480e-01 1.094640e-01 3.658880e-01
744 5.253120e-01 1.090400e-01 3.656480e-01
745 5.255240e-01 1.091880e-01 3.652880e-01
746 5.258400e-01 1.085680e-01 3.655920e-01
747 5.262560e-01 1.084480e-01 3.652960e-01
748 5.265880e-01 1.085080e-01 3.649040e-01
749 5.269800e-01 1.084400e-01 3.645800e-01
750 5.267360e-01 1.085320e-01 3.647320e-01
751 5.265640e-01 1.088520e-01 3.645840e-01
752 5.270400e-01 1.085160e-01 3.644440e-01
753 5.269400e-01 1.088360e-01 3.642240e-01
754 5.271880e-01 1.088360e-01 3.639760e-01
755 5.273040e-01 1.089120e-01 3.637840e-01
756 5.265600e-01 1.099120e-01 3.635280e-01
757 5.259920e-01 1.102880e-01 3.637200e-01
758 5.262720e-01 1.095480e-01 3.641800e-01
759 5.262320e-01 1.092120e-01 3.645560e-01
760 5.261560e-01 1.092080e-01 3.646360e-01
761 5.262680e-01 1.093320e-01 3.644000e-01
762 5.264960e-01 1.095920e-01 3.639120e-01
763 5.259480e-01 1.099280e-01 3.641240e-01
764 5.257440e-01 1.099600e-01 3.642960e-01
765 5.256040e-01 1.101840e-01 3.642120e-01
766 5.254640e-01 1.099240e-01 3.646120e-01
767 5.252000e-01 1.100920e-01 3.647080e-01
768 5.248320e-01 1.102800e-01 3.648880e-01
769 5.246640e-01 1.104480e-01 3.648880e-01
770 5.245680e-01 1.105600e-01 3.648720e-01
771 5.240000e-01 1.108320e-01 3.651680e-01
772 5.235880e-01 1.106760e-01 3.657360e-01
773 5.233440e-01 1.112160e-01 3.654400e-01
774 5.229920e-01 1.109560e-01 3.660520e-01
775 5.225880e-01 1.112680e-01 3.661440e-01
776 5.218640e-01 1.111520e-01 3.669840e-01
777 5.210440e-01 1.117640e-01 3.671920e-01
778 5.206680e-01 1.122920e-01 3.670400e-01
779 5.206560e-01 1.122400e-01 3.671040e-01
780 5.203480e-01 1.125280e-01 3.671240e-01
781 5.204320e-01 1.126080e-01 3.669600e-01
782 5.200160e-01 1.132520e-01 3.667320e-01
783 5.195920e-01 1.132840e-01 3.671240e-01
784 5.191760e-01 1.133400e-01 3.674840e-01
785 5.189280e-01 1.130320e-01 3.680400e-01
786 5.187080e-01 1.130480e-01 3.682440e-01
787 5.184920e-01 1.132080e-01 3.683000e-01
788 5.185720e-01 1.130720e-01 3.683560e-01
789 5.185800e-01 1.127880e-01 3.686320e-01
790 5.180160e-01 1.130160e-01 3.689680e-01
791 5.173520e-01 1.138920e-01 3.687560e-01
792 5.170000e-01 1.141760e-01 3.688240e-01
793 5.164360e-01 1.143400e-01 3.692240e-01
794 5.161800e-01 1.141240e-01 3.696960e-01
795 5.154840e-01 1.140480e-01 3.704680e-01
796 5.151640e-01 1.137600e-01 3.710760e-01
797 5.148760e-01 1.133600e-01 3.717640e-01
798 5.152120e-01 1.128800e-01 3.719080e-01
799 5.146400e-01 1.133800e-01 3.719800e-01
800 5.146920e-01 1.137160e-01 3.715920e-01
801 5.151680e-01 1.135480e-01 3.712840e-01
802 5.150120e-01 1.132040e-01 3.717840e-01
803 5.145040e-01 1.138480e-01 3.716480e-01
804 5.144640e-01 1.140520e-01 3.714840e-01
805 5.139880e-01 1.143640e-01 3.716480e-01
806 5.128560e-01 1.148800e-01 3.722640e-01
807 5.129840e-01 1.148520e-01 3.721640e-01
808 5.129200e-01 1.150080e-01 3.720720e-01
809 5.125560e-01 1.149320e-01 3.725120e-01
810 5.129200e-01 1.146080e-01 3.724720e-01
811 5.128000e-01 1.139160e-01 3.732840e-01
812 5.128680e-01 1.136960e-01 3.734360e-01
813 5.133520e-01 1.139040e-01 3.727440e-01
814 5.135360e-01 1.131280e-01 3.733360e-01
815 5.131840e-01 1.134880e-01 3.733280e-01
816 5.130960e-01 1.131360e-01 3.737680e-01
817 5.127720e-01 1.132520e-01 3.739760e-01
818 5.117080e-01 1.136640e-01 3.746280e-01
819 5.121680e-01 1.133080e-01 3.745240e-01
820 5.116000e-01 1.132600e-01 3.751400e-01
821 5.117880e-01 1.132880e-01 3.749240e-01
822 5.119600e-01 1.134080e-01 3.746320e-01
823 5.110320e-01 1.137600e-01 3.752080e-01
824 5.116840e-01 1.134920e-01 3.748240e-01
825 5.115760e-01 1.129440e-01 3.754800e-01
826 5.118160e-01 1.122840e-01 3.759000e-01
827 5.122440e-01 1.119640e-01 3.757920e-01
828 5.128160e-01 1.117640e-01 3.754200e-01
829 5.136680e-01 1.116000e-01 3.747320e-01
830 5.139400e-01 1.115400e-01 3.745200e-01
831 5.138600e-01 1.114120e-01 3.747280e-01
832 5.142160e-01 1.110080e-01 3.747760e-01
833 5.143560e-01 1.109920e-01 3.746520e-01
834 5.145240e-01 1.111720e-01 3.743040e-01
835 5.144200e-01 1.114640e-01 3.741160e-01
836 5.142640e-01 1.118880e-01 3.738480e-01
837 5.137400e-01 1.125440e-01 3.737160e-01
838 5.131120e-01 1.123720e-01 3.745160e-01
839 5.134200e-01 1.122880e-01 3.742920e-01
840 5.137280e-01 1.119000e-01 3.743720e-01
841 5.134000e-01 1.117640e-01 3.748360e-01
842 5.135280e-01 1.122640e-01 3.742080e-01
843 5.132480e-01 1.121480e-01 3.746040e-01
844 5.131560e-01 1.118320e-01 3.750120e-01
845 5.129680e-01 1.118760e-01 3.751560e-01
846 5.136960e-01 1.118160e-01 3.744880e-01
847 5.136560e-01 1.121440e-01 3.742000e-01
848 5.139360e-01 1.115200e-01 3.745440e-01
849 5.137640e-01 1.116000e-01 3.746360e-01
850 5.133320e-01 1.114880e-01 3.751800e-01
851 5.136280e-01 1.110320e-01 3.753400e-01
852 5.137080e-01 1.107880e-01 3.755040e-01
853 5.141880e-01 1.111840e-01 3.746280e-01
854 5.148520e-01 1.106840e-01 3.744640e-01
855 5.154320e-01 1.106920e-01 3.738760e-01
856 5.154240e-01 1.111240e-01 3.734520e-01
857 5.158200e-01 1.109360e-01 3.732440e-01
858 5.159080e-01 1.112320e-01 3.728600e-01
859 5.156680e-01 1.112040e-01 3.731280e-01
860 5.157920e-01 1.116480e-01 3.725600e-01
861 5.160840e-01 1.115480e-01 3.723680e-01
862 5.164440e-01 1.114400e-01 3.721160e-01
863 5.164200e-01 1.119200e-01 3.716600e-01
864 5.157760e-01 1.120240e-01 3.722000e-01
865 5.160200e-01 1.114800e-01 3.725000e-01
866 5.162360e-01 1.113600e-01 3.724040e-01
867 5.158960e-01 1.116240e-01 3.724800e-01
868 5.160920e-01 1.118320e-01 3.720760e-01
869 5.162200e-01 1.114040e-01 3.723760e-01
870 5.164600e-01 1.110920e-01 3.724480e-01
871 5.165640e-01 1.118560e-01 3.715800e-01
872 5.167720e-01 1.115640e-01 3.716640e-01
873 5.167760e-01 1.116200e-01 3.716040e-01
874 5.167640e-01 1.113920e-01 3.718440e-01
875 5.167560e-01 1.111120e-01 3.721320e-01
876 5.171360e-01 1.110600e-01 3.718040e-01
877 5.172040e-01 1.109320e-01 3.718640e-01
878 5.183200e-01 1.101920e-01 3.714880e-01
879 5.188760e-01 1.101480e-01 3.709760e-01
880 5.192520e-01 1.096560e-01 3.710920e-01
881 5.197280e-01 1.096640e-01 3.706080e-01
882 5.203240e-01 1.092400e-01 3.704360e-01
883 5.209840e-01 1.087800e-01 3.702360e-01
884 5.211800e-01 1.092920e-01 3.695280e-01
885 5.213560e-01 1.090160e-01 3.696280e-01
886 5.215720e-01 1.090440e-01 3.693840e-01
887 5.221000e-01 1.090760e-01 3.688240e-01
888 5.219120e-01 1.090720e-01 3.690160e-01
889 5.229040e-01 1.090040e-01 3.680920e-01
890 5.229240e-01 1.095240e-01 3.675520e-01
891 5.222840e-01 1.104160e-01 3.673000e-01
892 5.219200e-01 1.104880e-01 3.675920e-01
893 5.210120e-01 1.114520e-01 3.675360e-01
894 5.211560e-01 1.116560e-01 3.671880e-01
895 5.207560e-01 1.121080e-01 3.671360e-01
896 5.205760e-01 1.121120e-01 3.673120e-01
897 5.211280e-01 1.110200e-01 3.678520e-01
898 5.210120e-01 1.108000e-01 3.681880e-01
899 5.208760e-01 1.110400e-01 3.680840e-01
900 5.207560e-01 1.108880e-01 3.683560e-01
901 5.210120e-01 1.108680e-01 3.681200e-01
902 5.210360e-01 1.107880e-01 3.681760e-01
903 5.215400e-01 1.104080e-01 3.680520e-01
904 5.216120e-01 1.104520e-01 3.679360e-01
905 5.215360e-01 1.108000e-01 3.676640e-01
906 5.218240e-01 1.102120e-01 3.679640e-01
907 5.219960e-01 1.101840e-01 3.678200e-01
908 5.219120e-01 1.100080e-01 3.680800e-01
909 5.217800e-01 1.101720e-01 3.680480e-01
910 5.214920e-01 1.104720e-01 3.680360e-01
911 5.215000e-01 1.109000e-01 3.676000e-01
912 5.218560e-01 1.113000e-01 3.668440e-01
913 5.211280e-01 1.119240e-01 3.669480e-01
914 5.207080e-01 1.119920e-01 3.673000e-01
915 5.206360e-01 1.124960e-01 3.668680e-01
916 5.202240e-01 1.125960e-01 3.671800e-01
917 5.202080e-01 1.121560e-01 3.676360e-01
918 5.197040e-01 1.122960e-01 3.680000e-01
919 5.198000e-01 1.120280e-01 3.681720e-01
920 5.197120e-01 1.115600e-01 3.687280e-01
921 5.199720e-01 1.112080e-01 3.688200e-01
922 5.199680e-01 1.112640e-01 3.687680e-01
923 5.194160e-01 1.117120e-01 3.688720e-01
924 5.195040e-01 1.119520e-01 3.685440e-01
925 5.192200e-01 1.125040e-01 3.682760e-01
926 5.195800e-01 1.124960e-01 3.679240e-01
927 5.194880e-01 1.121400e-01 3.683720e-01
928 5.199320e-01 1.113880e-01 3.686800e-01
929 5.197280e-01 1.111680e-01 3.691040e-01
930 5.198840e-01 1.112800e-01 3.688360e-01
931 5.197640e-01 1.117080e-01 3.685280e-01
932 5.197280e-01 1.117400e-01 3.685320e-01
