1 9.992000e-01 7.120000e-04 8.800000e-05
2 9.986640e-01 1.104000e-03 2.320000e-04
3 9.981160e-01 1.476000e-03 4.080000e-04
4 9.974000e-01 1.912000e-03 6.880000e-04
5 9.965280e-01 2.428000e-03 1.044000e-03
6 9.956920e-01 2.908000e-03 1.400000e-03
7 9.948240e-01 3.392000e-03 1.784000e-03
8 9.938880e-01 3.836000e-03 2.276000e-03
9 9.930280e-01 4.252000e-03 2.720000e-03
10 9.920200e-01 4.664000e-03 3.316000e-03
11 9.908680e-01 5.248000e-03 3.884000e-03
12 9.895360e-01 5.860000e-03 4.604000e-03
13 9.883840e-01 6.324000e-03 5.292000e-03
14 9.870840e-01 6.820000e-03 6.096000e-03
15 9.858560e-01 7.220000e-03 6.924000e-03
16 9.844960e-01 7.668000e-03 7.836000e-03
17 9.832040e-01 7.936000e-03 8.860000e-03
18 9.819240e-01 8.428000e-03 9.648000e-03
19 9.806760e-01 8.772000e-03 1.055200e-02
20 9.794920e-01 9.080000e-03 1.142800e-02
21 9.783720e-01 9.504000e-03 1.212400e-02
22 9.769440e-01 1.003600e-02 1.302000e-02
23 9.756920e-01 1.039600e-02 1.391200e-02
24 9.746240e-01 1.046000e-02 1.491600e-02
25 9.732600e-01 1.088800e-02 1.585200e-02
26 9.717840e-01 1.132800e-02 1.688800e-02
27 9.703080e-01 1.178800e-02 1.790400e-02
28 9.690200e-01 1.191200e-02 1.906800e-02
29 9.678160e-01 1.214400e-02 2.004000e-02
30 9.663640e-01 1.258400e-02 2.105200e-02
31 9.650360e-01 1.289600e-02 2.206800e-02
32 9.636600e-01 1.341200e-02 2.292800e-02
33 9.622200e-01 1.376800e-02 2.401200e-02
34 9.606880e-01 1.436000e-02 2.495200e-02
35 9.589560e-01 1.478000e-02 2.626400e-02
36 9.575560e-01 1.519600e-02 2.724800e-02
37 9.560320e-01 1.569600e-02 2.827200e-02
38 9.540880e-01 1.618800e-02 2.972400e-02
39 9.523840e-01 1.642400e-02 3.119200e-02
40 9.509280e-01 1.684400e-02 3.222800e-02
41 9.494600e-01 1.706800e-02 3.347200e-02
42 9.479040e-01 1.758000e-02 3.451600e-02
43 9.464960e-01 1.810400e-02 3.540000e-02
44 9.447320e-01 1.852000e-02 3.674800e-02
45 9.432840e-01 1.880400e-02 3.791200e-02
46 9.416880e-01 1.922800e-02 3.908400e-02
47 9.401280e-01 1.948400e-02 4.038800e-02
48 9.385280e-01 2.006800e-02 4.140400e-02
49 9.366680e-01 2.076800e-02 4.256400e-02
50 9.349160e-01 2.143200e-02 4.365200e-02
51 9.332360e-01 2.188800e-02 4.487600e-02
52 9.310480e-01 2.263600e-02 4.631600e-02
53 9.292880e-01 2.316000e-02 4.755200e-02
54 9.273800e-01 2.374400e-02 4.887600e-02
55 9.252600e-01 2.444800e-02 5.029200e-02
56 9.232320e-01 2.489600e-02 5.187200e-02
57 9.212640e-01 2.552800e-02 5.320800e-02
58 9.195680e-01 2.586400e-02 5.456800e-02
59 9.174760e-01 2.624000e-02 5.628400e-02
60 9.160640e-01 2.646400e-02 5.747200e-02
61 9.143560e-01 2.693200e-02 5.871200e-02
62 9.127200e-01 2.708800e-02 6.019200e-02
63 9.109400e-01 2.751600e-02 6.154400e-02
64 9.092360e-01 2.801200e-02 6.275200e-02
65 9.075200e-01 2.818400e-02 6.429600e-02
66 9.055240e-01 2.894800e-02 6.552800e-02
67 9.038480e-01 2.929200e-02 6.686000e-02
68 9.022840e-01 2.925600e-02 6.846000e-02
69 9.002720e-01 2.992000e-02 6.980800e-02
70 8.983800e-01 3.034800e-02 7.127200e-02
71 8.966280e-01 3.087200e-02 7.250000e-02
72 8.949160e-01 3.091600e-02 7.416800e-02
73 8.929800e-01 3.140000e-02 7.562000e-02
74 8.913400e-01 3.177200e-02 7.688800e-02
75 8.895640e-01 3.206400e-02 7.837200e-02
76 8.878640e-01 3.252400e-02 7.961200e-02
77 8.858560e-01 3.325600e-02 8.088800e-02
78 8.844920e-01 3.334400e-02 8.216400e-02
79 8.830120e-01 3.339200e-02 8.359600e-02
80 8.814560e-01 3.363600e-02 8.490800e-02
81 8.800880e-01 3.378400e-02 8.612800e-02
82 8.784560e-01 3.418000e-02 8.736400e-02
83 8.763080e-01 3.502000e-02 8.867200e-02
84 8.748400e-01 3.526000e-02 8.990000e-02
85 8.729840e-01 3.575600e-02 9.126000e-02
86 8.717440e-01 3.592400e-02 9.233200e-02
87 8.699560e-01 3.659600e-02 9.344800e-02
88 8.679160e-01 3.759600e-02 9.448800e-02
89 8.657960e-01 3.823200e-02 9.597200e-02
90 8.635840e-01 3.882400e-02 9.759200e-02
91 8.617960e-01 3.928800e-02 9.891600e-02
92 8.596920e-01 3.993600e-02 1.003720e-01
93 8.575720e-01 4.057600e-02 1.018520e-01
94 8.554760e-01 4.127200e-02 1.032520e-01
95 8.533160e-01 4.169600e-02 1.049880e-01
96 8.508840e-01 4.254400e-02 1.065720e-01
97 8.487760e-01 4.316400e-02 1.080600e-01
98 8.466520e-01 4.334400e-02 1.100040e-01
99 8.446720e-01 4.355200e-02 1.117760e-01
100 8.429520e-01 4.367600e-02 1.133720e-01
101 8.412840e-01 4.384400e-02 1.148720e-01
102 8.396240e-01 4.390800e-02 1.164680e-01
103 8.377320e-01 4.454000e-02 1.177280e-01
104 8.361280e-01 4.513200e-02 1.187400e-01
105 8.338560e-01 4.627200e-02 1.198720e-01
106 8.319400e-01 4.690000e-02 1.211600e-01
107 8.299520e-01 4.719200e-02 1.228560e-01
108 8.282760e-01 4.741200e-02 1.243120e-01
109 8.259920e-01 4.811200e-02 1.258960e-01
110 8.238560e-01 4.849200e-02 1.276520e-01
111 8.216280e-01 4.917600e-02 1.291960e-01
112 8.192920e-01 5.035600e-02 1.303520e-01
113 8.169800e-01 5.108000e-02 1.319400e-01
114 8.149240e-01 5.118000e-02 1.338960e-01
115 8.124960e-01 5.198800e-02 1.355160e-01
116 8.104120e-01 5.244800e-02 1.371400e-01
117 8.081000e-01 5.335200e-02 1.385480e-01
118 8.057320e-01 5.372800e-02 1.405400e-01
119 8.036320e-01 5.428400e-02 1.420840e-01
120 8.012400e-01 5.481200e-02 1.439480e-01
121 7.990080e-01 5.524000e-02 1.457520e-01
122 7.964120e-01 5.592400e-02 1.476640e-01
123 7.944160e-01 5.608400e-02 1.495000e-01
124 7.925040e-01 5.638400e-02 1.511120e-01
125 7.903720e-01 5.724400e-02 1.523840e-01
126 7.880000e-01 5.782400e-02 1.541760e-01
127 7.862880e-01 5.763600e-02 1.560760e-01
128 7.845400e-01 5.832000e-02 1.571400e-01
129 7.825960e-01 5.897600e-02 1.584280e-01
130 7.806080e-01 5.912000e-02 1.602720e-01
131 7.783720e-01 6.004800e-02 1.615800e-01
132 7.763800e-01 6.075200e-02 1.628680e-01
133 7.741760e-01 6.156800e-02 1.642560e-01
134 7.719640e-01 6.205200e-02 1.659840e-01
135 7.698920e-01 6.224800e-02 1.678600e-01
136 7.680880e-01 6.278800e-02 1.691240e-01
137 7.656560e-01 6.353600e-02 1.708080e-01
138 7.639480e-01 6.370800e-02 1.723440e-01
139 7.615440e-01 6.448800e-02 1.739680e-01
140 7.592120e-01 6.497200e-02 1.758160e-01
141 7.567040e-01 6.576800e-02 1.775280e-01
142 7.538560e-01 6.686400e-02 1.792800e-01
143 7.519480e-01 6.681600e-02 1.812360e-01
144 7.494120e-01 6.752800e-02 1.830600e-01
145 7.476960e-01 6.747600e-02 1.848280e-01
146 7.459880e-01 6.779600e-02 1.862160e-01
147 7.440480e-01 6.825200e-02 1.877000e-01
148 7.415960e-01 6.882800e-02 1.895760e-01
149 7.394480e-01 6.958000e-02 1.909720e-01
150 7.368360e-01 7.033600e-02 1.928280e-01
151 7.348560e-01 7.078800e-02 1.943560e-01
152 7.325400e-01 7.133600e-02 1.961240e-01
153 7.299760e-01 7.198400e-02 1.980400e-01
154 7.274400e-01 7.251200e-02 2.000480e-01
155 7.254080e-01 7.286000e-02 2.017320e-01
156 7.236960e-01 7.277200e-02 2.035320e-01
157 7.215560e-01 7.320400e-02 2.052400e-01
158 7.199800e-01 7.322400e-02 2.067960e-01
159 7.176400e-01 7.390800e-02 2.084520e-01
160 7.162760e-01 7.393600e-02 2.097880e-01
161 7.147520e-01 7.384400e-02 2.114040e-01
162 7.125160e-01 7.491200e-02 2.125720e-01
163 7.107520e-01 7.525600e-02 2.139920e-01
164 7.090960e-01 7.569600e-02 2.152080e-01
165 7.072800e-01 7.640400e-02 2.163160e-01
166 7.055000e-01 7.691600e-02 2.175840e-01
167 7.035520e-01 7.736400e-02 2.190840e-01
168 7.010400e-01 7.804800e-02 2.209120e-01
169 6.993880e-01 7.788400e-02 2.227280e-01
170 6.978280e-01 7.842400e-02 2.237480e-01
171 6.962160e-01 7.862400e-02 2.251600e-01
172 6.940080e-01 7.954800e-02 2.264440e-01
173 6.919760e-01 7.948400e-02 2.285400e-01
174 6.899760e-01 8.016800e-02 2.298560e-01
175 6.877760e-01 8.097600e-02 2.312480e-01
176 6.857320e-01 8.137600e-02 2.328920e-01
177 6.838160e-01 8.146400e-02 2.347200e-01
178 6.821080e-01 8.185200e-02 2.360400e-01
179 6.803560e-01 8.233600e-02 2.373080e-01
180 6.787280e-01 8.287600e-02 2.383960e-01
181 6.764200e-01 8.367600e-02 2.399040e-01
182 6.751400e-01 8.417600e-02 2.406840e-01
183 6.731160e-01 8.516800e-02 2.417160e-01
184 6.708840e-01 8.563200e-02 2.434840e-01
185 6.687680e-01 8.569600e-02 2.455360e-01
186 6.667120e-01 8.648000e-02 2.468080e-01
187 6.649400e-01 8.668400e-02 2.483760e-01
188 6.633880e-01 8.636000e-02 2.502520e-01
189 6.612880e-01 8.700000e-02 2.517120e-01
190 6.588880e-01 8.792400e-02 2.531880e-01
191 6.569160e-01 8.843200e-02 2.546520e-01
192 6.555760e-01 8.820400e-02 2.562200e-01
193 6.535800e-01 8.876400e-02 2.576560e-01
194 6.511560e-01 8.952400e-02 2.593200e-01
195 6.494480e-01 8.947600e-02 2.610760e-01
196 6.477120e-01 8.928800e-02 2.630000e-01
197 6.468680e-01 8.920800e-02 2.639240e-01
198 6.448360e-01 9.009600e-02 2.650680e-01
199 6.434280e-01 8.989600e-02 2.666760e-01
200 6.418400e-01 8.992800e-02 2.682320e-01
201 6.405640e-01 9.018000e-02 2.692560e-01
202 6.388680e-01 8.999600e-02 2.711360e-01
203 6.372880e-01 9.036800e-02 2.723440e-01
204 6.357080e-01 9.120400e-02 2.730880e-01
205 6.348120e-01 9.125600e-02 2.739320e-01
206 6.328200e-01 9.180000e-02 2.753800e-01
207 6.317320e-01 9.202400e-02 2.762440e-01
208 6.306080e-01 9.241200e-02 2.769800e-01
209 6.292920e-01 9.288000e-02 2.778280e-01
210 6.282400e-01 9.280000e-02 2.789600e-01
211 6.271360e-01 9.288000e-02 2.799840e-01
212 6.256880e-01 9.277200e-02 2.815400e-01
213 6.243680e-01 9.308800e-02 2.825440e-01
214 6.233200e-01 9.334800e-02 2.833320e-01
215 6.216560e-01 9.376000e-02 2.845840e-01
216 6.198560e-01 9.439600e-02 2.857480e-01
217 6.181160e-01 9.486800e-02 2.870160e-01
218 6.172680e-01 9.506000e-02 2.876720e-01
219 6.154560e-01 9.574400e-02 2.888000e-01
220 6.139120e-01 9.609200e-02 2.899960e-01
221 6.130400e-01 9.572000e-02 2.912400e-01
222 6.117440e-01 9.593200e-02 2.923240e-01
223 6.106840e-01 9.612400e-02 2.931920e-01
224 6.096280e-01 9.621200e-02 2.941600e-01
225 6.086720e-01 9.604000e-02 2.952880e-01
226 6.073600e-01 9.668800e-02 2.959520e-01
227 6.064280e-01 9.644400e-02 2.971280e-01
228 6.055480e-01 9.684800e-02 2.976040e-01
229 6.047840e-01 9.681600e-02 2.984000e-01
230 6.040040e-01 9.660800e-02 2.993880e-01
231 6.028800e-01 9.637600e-02 3.007440e-01
232 6.019440e-01 9.634000e-02 3.017160e-01
233 6.012080e-01 9.690800e-02 3.018840e-01
234 6.001360e-01 9.686000e-02 3.030040e-01
235 5.990880e-01 9.692400e-02 3.039880e-01
236 5.986160e-01 9.689600e-02 3.044880e-01
237 5.979840e-01 9.676000e-02 3.052560e-01
238 5.967640e-01 9.703600e-02 3.062000e-01
239 5.954720e-01 9.732000e-02 3.072080e-01
240 5.951280e-01 9.698400e-02 3.078880e-01
241 5.941680e-01 9.728000e-02 3.085520e-01
242 5.939920e-01 9.702000e-02 3.089880e-01
243 5.933800e-01 9.726000e-02 3.093600e-01
244 5.932240e-01 9.715600e-02 3.096200e-01
245 5.926200e-01 9.746400e-02 3.099160e-01
246 5.915360e-01 9.781600e-02 3.106480e-01
247 5.906040e-01 9.782800e-02 3.115680e-01
248 5.897600e-01 9.815200e-02 3.120880e-01
249 5.892240e-01 9.804400e-02 3.127320e-01
250 5.884760e-01 9.797600e-02 3.135480e-01
251 5.884480e-01 9.760000e-02 3.139520e-01
252 5.881360e-01 9.782400e-02 3.140400e-01
253 5.873800e-01 9.834000e-02 3.142800e-01
254 5.869040e-01 9.860400e-02 3.144920e-01
255 5.859160e-01 9.953600e-02 3.145480e-01
256 5.848360e-01 1.003200e-01 3.148440e-01
257 5.843160e-01 1.003680e-01 3.153160e-01
258 5.838960e-01 9.989600e-02 3.162080e-01
259 5.831720e-01 1.001920e-01 3.166360e-01
260 5.828560e-01 9.999600e-02 3.171480e-01
261 5.818720e-01 1.002800e-01 3.178480e-01
262 5.811960e-01 1.004000e-01 3.184040e-01
263 5.803360e-01 1.005520e-01 3.191120e-01
264 5.793880e-01 1.005040e-01 3.201080e-01
265 5.787480e-01 1.008760e-01 3.203760e-01
266 5.780080e-01 1.010960e-01 3.208960e-01
267 5.775280e-01 1.014480e-01 3.210240e-01
268 5.770320e-01 1.020520e-01 3.209160e-01
269 5.761640e-01 1.023280e-01 3.215080e-01
270 5.752760e-01 1.020800e-01 3.226440e-01
271 5.740720e-01 1.022000e-01 3.237280e-01
272 5.731760e-01 1.029720e-01 3.238520e-01
273 5.726720e-01 1.031680e-01 3.241600e-01
274 5.712080e-01 1.038360e-01 3.249560e-01
275 5.709000e-01 1.034520e-01 3.256480e-01
276 5.698440e-01 1.041640e-01 3.259920e-01
277 5.689400e-01 1.041920e-01 3.268680e-01
278 5.680480e-01 1.042400e-01 3.277120e-01
279 5.670800e-01 1.038440e-01 3.290760e-01
280 5.661880e-01 1.036280e-01 3.301840e-01
281 5.656800e-01 1.033080e-01 3.310120e-01
282 5.649000e-01 1.034400e-01 3.316600e-01
283 5.638600e-01 1.039760e-01 3.321640e-01
284 5.634920e-01 1.042240e-01 3.322840e-01
285 5.631680e-01 1.042080e-01 3.326240e-01
286 5.621200e-01 1.046360e-01 3.332440e-01
287 5.613280e-01 1.051680e-01 3.335040e-01
288 5.601000e-01 1.059600e-01 3.339400e-01
289 5.591440e-01 1.057640e-01 3.350920e-01
290 5.577400e-01 1.060320e-01 3.362280e-01
291 5.569200e-01 1.062040e-01 3.368760e-01
292 5.564600e-01 1.057200e-01 3.378200e-01
293 5.555560e-01 1.060560e-01 3.383880e-01
294 5.546080e-01 1.067440e-01 3.386480e-01
295 5.537280e-01 1.072480e-01 3.390240e-01
296 5.525560e-01 1.076440e-01 3.398000e-01
297 5.525560e-01 1.068440e-01 3.406000e-01
298 5.517040e-01 1.072360e-01 3.410600e-01
299 5.504720e-01 1.078280e-01 3.417000e-01
300 5.496400e-01 1.082200e-01 3.421400e-01
301 5.480560e-01 1.088160e-01 3.431280e-01
302 5.466440e-01 1.091560e-01 3.442000e-01
303 5.457160e-01 1.092680e-01 3.450160e-01
304 5.448800e-01 1.092320e-01 3.458880e-01
305 5.442280e-01 1.092640e-01 3.465080e-01
306 5.433960e-01 1.097880e-01 3.468160e-01
307 5.429400e-01 1.095920e-01 3.474680e-01
308 5.417960e-01 1.101760e-01 3.480280e-01
309 5.410920e-01 1.105840e-01 3.483240e-01
310 5.404000e-01 1.104800e-01 3.491200e-01
311 5.403480e-01 1.102560e-01 3.493960e-01
312 5.399200e-01 1.098440e-01 3.502360e-01
313 5.391880e-01 1.106880e-01 3.501240e-01
314 5.383200e-01 1.109800e-01 3.507000e-01
315 5.374800e-01 1.107920e-01 3.517280e-01
316 5.371400e-01 1.102280e-01 3.526320e-01
317 5.369200e-01 1.100600e-01 3.530200e-01
318 5.369000e-01 1.097960e-01 3.533040e-01
319 5.366920e-01 1.096080e-01 3.537000e-01
320 5.367680e-01 1.092120e-01 3.540200e-01
321 5.364440e-01 1.089000e-01 3.546560e-01
322 5.362480e-01 1.088040e-01 3.549480e-01
323 5.360840e-01 1.088760e-01 3.550400e-01
324 5.359000e-01 1.086080e-01 3.554920e-01
325 5.357360e-01 1.088480e-01 3.554160e-01
326 5.356240e-01 1.087680e-01 3.556080e-01
327 5.355000e-01 1.090200e-01 3.554800e-01
328 5.360240e-01 1.086600e-01 3.553160e-01
329 5.360160e-01 1.085240e-01 3.554600e-01
330 5.357320e-01 1.083720e-01 3.558960e-01
331 5.360120e-01 1.081320e-01 3.558560e-01
332 5.365560e-01 1.072480e-01 3.561960e-01
333 5.359520e-01 1.076280e-01 3.564200e-01
334 5.362520e-01 1.076640e-01 3.560840e-01
335 5.356760e-01 1.084960e-01 3.558280e-01
336 5.348320e-01 1.090560e-01 3.561120e-01
337 5.346280e-01 1.089920e-01 3.563800e-01
338 5.346160e-01 1.088560e-01 3.565280e-01
339 5.340880e-01 1.091440e-01 3.567680e-01
340 5.335800e-01 1.089760e-01 3.574440e-01
341 5.330080e-01 1.090520e-01 3.579400e-01
342 5.322200e-01 1.095920e-01 3.581880e-01
343 5.319280e-01 1.095040e-01 3.585680e-01
344 5.311160e-01 1.101640e-01 3.587200e-01
345 5.305840e-01 1.098600e-01 3.595560e-01
346 5.302320e-01 1.097400e-01 3.600280e-01
347 5.303200e-01 1.092760e-01 3.604040e-01
348 5.299520e-01 1.096280e-01 3.604200e-01
349 5.305680e-01 1.086160e-01 3.608160e-01
350 5.311520e-01 1.080320e-01 3.608160e-01
351 5.311720e-01 1.080160e-01 3.608120e-01
352 5.313960e-01 1.083600e-01 3.602440e-01
353 5.310600e-01 1.083360e-01 3.606040e-01
354 5.308880e-01 1.085080e-01 3.606040e-01
355 5.306800e-01 1.086520e-01 3.606680e-01
356 5.303800e-01 1.088280e-01 3.607920e-01
357 5.304120e-01 1.089440e-01 3.606440e-01
358 5.305320e-01 1.090080e-01 3.604600e-01
359 5.299880e-01 1.091480e-01 3.608640e-01
360 5.295000e-01 1.091000e-01 3.614000e-01
361 5.292520e-01 1.093080e-01 3.614400e-01
362 5.293680e-01 1.094720e-01 3.611600e-01
363 5.292760e-01 1.093280e-01 3.613960e-01
364 5.292880e-01 1.094720e-01 3.612400e-01
365 5.295280e-01 1.093640e-01 3.611080e-01
366 5.294000e-01 1.097720e-01 3.608280e-01
367 5.291360e-01 1.097120e-01 3.611520e-01
368 5.288080e-01 1.104040e-01 3.607880e-01
369 5.290800e-01 1.101800e-01 3.607400e-01
370 5.284400e-01 1.104520e-01 3.611080e-01
371 5.286640e-01 1.101080e-01 3.612280e-01
372 5.283640e-01 1.099920e-01 3.616440e-01
373 5.275560e-01 1.104640e-01 3.619800e-01
374 5.266680e-01 1.105560e-01 3.627760e-01
375 5.261080e-01 1.110040e-01 3.628880e-01
376 5.260040e-01 1.106800e-01 3.633160e-01
377 5.255520e-01 1.108400e-01 3.636080e-01
378 5.256480e-01 1.105200e-01 3.638320e-01
379 5.258520e-01 1.101200e-01 3.640280e-01
380 5.260920e-01 1.101600e-01 3.637480e-01
381 5.252680e-01 1.105880e-01 3.641440e-01
382 5.250520e-01 1.104760e-01 3.644720e-01
383 5.251480e-01 1.104720e-01 3.643800e-01
384 5.254640e-01 1.103960e-01 3.641400e-01
385 5.256480e-01 1.099840e-01 3.643680e-01
386 5.259040e-01 1.095040e-01 3.645920e-01
387 5.254760e-01 1.097720e-01 3.647520e-01
388 5.255480e-01 1.100560e-01 3.643960e-01
389 5.249920e-01 1.106000e-01 3.644080e-01
390 5.249640e-01 1.111560e-01 3.638800e-01
391 5.246840e-01 1.112240e-01 3.640920e-01
392 5.240920e-01 1.114760e-01 3.644320e-01
393 5.237440e-01 1.114880e-01 3.647680e-01
394 5.235560e-01 1.116280e-01 3.648160e-01
395 5.236960e-01 1.112440e-01 3.650600e-01
396 5.236000e-01 1.110600e-01 3.653400e-01
397 5.231880e-01 1.114320e-01 3.653800e-01
398 5.234760e-01 1.109720e-01 3.655520e-01
399 5.230120e-01 1.113960e-01 3.655920e-01
400 5.217120e-01 1.124240e-01 3.658640e-01
401 5.214480e-01 1.119000e-01 3.666520e-01
402 5.207040e-01 1.124600e-01 3.668360e-01
403 5.202120e-01 1.126000e-01 3.671880e-01
404 5.201960e-01 1.128880e-01 3.669160e-01
405 5.197360e-01 1.129240e-01 3.673400e-01
406 5.188400e-01 1.130440e-01 3.681160e-01
407 5.187640e-01 1.131800e-01 3.680560e-01
408 5.182000e-01 1.136120e-01 3.681880e-01
409 5.179400e-01 1.139600e-01 3.681000e-01
410 5.170960e-01 1.141520e-01 3.687520e-01
411 5.170560e-01 1.140680e-01 3.688760e-01
412 5.167680e-01 1.138040e-01 3.694280e-01
413 5.164000e-01 1.139360e-01 3.696640e-01
414 5.156800e-01 1.141000e-01 3.702200e-01
415 5.150440e-01 1.135920e-01 3.713640e-01
416 5.145160e-01 1.140560e-01 3.714280e-01
417 5.139920e-01 1.147120e-01 3.712960e-01
418 5.135400e-01 1.151320e-01 3.713280e-01
419 5.125840e-01 1.151160e-01 3.723000e-01
420 5.118520e-01 1.155320e-01 3.726160e-01
421 5.112840e-01 1.159240e-01 3.727920e-01
422 5.112000e-01 1.156200e-01 3.731800e-01
423 5.110440e-01 1.156880e-01 3.732680e-01
424 5.105560e-01 1.154240e-01 3.740200e-01
425 5.098160e-01 1.155720e-01 3.746120e-01
426 5.098560e-01 1.150120e-01 3.751320e-01
427 5.091920e-01 1.149960e-01 3.758120e-01
428 5.094960e-01 1.150520e-01 3.754520e-01
429 5.091760e-01 1.148080e-01 3.760160e-01
430 5.089280e-01 1.147840e-01 3.762880e-01
431 5.092280e-01 1.147440e-01 3.760280e-01
432 5.089160e-01 1.149520e-01 3.761320e-01
433 5.091360e-01 1.146120e-01 3.762520e-01
434 5.095560e-01 1.145040e-01 3.759400e-01
435 5.088200e-01 1.148160e-01 3.763640e-01
436 5.092040e-01 1.146240e-01 3.761720e-01
437 5.088080e-01 1.148480e-01 3.763440e-01
438 5.088440e-01 1.147200e-01 3.764360e-01
439 5.084200e-01 1.142160e-01 3.773640e-01
440 5.087600e-01 1.139000e-01 3.773400e-01
441 5.080120e-01 1.142520e-01 3.777360e-01
442 5.082440e-01 1.141920e-01 3.775640e-01
443 5.083920e-01 1.138640e-01 3.777440e-01
444 5.082480e-01 1.137960e-01 3.779560e-01
445 5.083760e-01 1.130840e-01 3.785400e-01
446 5.088280e-01 1.121160e-01 3.790560e-01
447 5.090760e-01 1.123760e-01 3.785480e-01
448 5.087560e-01 1.123200e-01 3.789240e-01
449 5.089560e-01 1.123120e-01 3.787320e-01
450 5.098240e-01 1.123760e-01 3.778000e-01
451 5.098880e-01 1.126440e-01 3.774680e-01
452 5.099040e-01 1.126360e-01 3.774600e-01
453 5.104160e-01 1.124680e-01 3.771160e-01
454 5.105440e-01 1.118240e-01 3.776320e-01
455 5.107120e-01 1.113640e-01 3.779240e-01
456 5.121240e-01 1.107000e-01 3.771760e-01
457 5.122160e-01 1.109600e-01 3.768240e-01
458 5.129000e-01 1.107800e-01 3.763200e-01
459 5.132960e-01 1.104800e-01 3.762240e-01
460 5.130040e-01 1.105560e-01 3.764400e-01
461 5.133080e-01 1.106360e-01 3.760560e-01
462 5.138520e-01 1.104760e-01 3.756720e-01
463 5.139680e-01 1.106480e-01 3.753840e-01
464 5.142200e-01 1.106280e-01 3.751520e-01
465 5.142400e-01 1.104840e-01 3.752760e-01
466 5.146880e-01 1.100680e-01 3.752440e-01
467 5.147560e-01 1.106640e-01 3.745800e-01
468 5.148920e-01 1.102000e-01 3.749080e-01
469 5.152840e-01 1.096000e-01 3.751160e-01
470 5.157280e-01 1.091840e-01 3.750880e-01
471 5.163120e-01 1.095120e-01 3.741760e-01
472 5.164560e-01 1.094360e-01 3.741080e-01
473 5.167200e-01 1.092320e-01 3.740480e-01
474 5.169240e-01 1.094280e-01 3.736480e-01
475 5.173800e-01 1.093080e-01 3.733120e-01
476 5.174920e-01 1.092920e-01 3.732160e-01
477 5.181720e-01 1.092560e-01 3.725720e-01
478 5.184960e-01 1.095120e-01 3.719920e-01
479 5.184440e-01 1.101120e-01 3.714440e-01
480 5.189240e-01 1.097760e-01 3.713000e-01
481 5.196560e-01 1.100040e-01 3.703400e-01
482 5.196400e-01 1.106920e-01 3.696680e-01
483 5.196720e-01 1.110800e-01 3.692480e-01
484 5.194000e-01 1.113400e-01 3.692600e-01
485 5.193280e-01 1.114160e-01 3.692560e-01
486 5.191800e-01 1.119200e-01 3.689000e-01
487 5.190040e-01 1.120760e-01 3.689200e-01
488 5.184800e-01 1.123480e-01 3.691720e-01
489 5.182600e-01 1.121400e-01 3.696000e-01
490 5.181840e-01 1.123680e-01 3.694480e-01
491 5.177640e-01 1.126400e-01 3.695960e-01
492 5.174160e-01 1.125160e-01 3.700680e-01
493 5.171040e-01 1.131160e-01 3.697800e-01
494 5.165760e-01 1.127400e-01 3.706840e-01
495 5.164920e-01 1.129240e-01 3.705840e-01
496 5.162080e-01 1.129400e-01 3.708520e-01
497 5.164360e-01 1.125280e-01 3.710360e-01
498 5.159400e-01 1.130240e-01 3.710360e-01
499 5.156320e-01 1.129960e-01 3.713720e-01
500 5.155120e-01 1.129040e-01 3.715840e-01
501 5.147680e-01 1.126160e-01 3.726160e-01
502 5.146720e-01 1.120920e-01 3.732360e-01
503 5.151680e-01 1.118600e-01 3.729720e-01
504 5.145600e-01 1.123760e-01 3.730640e-01
505 5.148480e-01 1.123200e-01 3.728320e-01
506 5.147120e-01 1.120000e-01 3.732880e-01
507 5.152680e-01 1.118160e-01 3.729160e-01
508 5.149840e-01 1.114520e-01 3.735640e-01
509 5.144920e-01 1.120920e-01 3.734160e-01
510 5.141120e-01 1.123720e-01 3.735160e-01
511 5.143120e-01 1.118760e-01 3.738120e-01
512 5.146560e-01 1.117200e-01 3.736240e-01
513 5.149280e-01 1.115600e-01 3.735120e-01
514 5.145480e-01 1.115720e-01 3.738800e-01
515 5.147160e-01 1.118880e-01 3.733960e-01
516 5.148480e-01 1.118160e-01 3.733360e-01
517 5.148240e-01 1.123920e-01 3.727840e-01
518 5.149640e-01 1.125000e-01 3.725360e-01
519 5.147360e-01 1.126080e-01 3.726560e-01
520 5.146200e-01 1.126480e-01 3.727320e-01
521 5.152400e-01 1.123000e-01 3.724600e-01
522 5.149240e-01 1.125080e-01 3.725680e-01
523 5.156240e-01 1.115280e-01 3.728480e-01
524 5.164800e-01 1.108200e-01 3.727000e-01
525 5.165520e-01 1.102560e-01 3.731920e-01
526 5.163720e-01 1.105880e-01 3.730400e-01
527 5.163960e-01 1.106960e-01 3.729080e-01
528 5.172280e-01 1.100640e-01 3.727080e-01
529 5.176000e-01 1.095320e-01 3.728680e-01
530 5.172040e-01 1.104960e-01 3.723000e-01
531 5.170640e-01 1.109960e-01 3.719400e-01
532 5.168960e-01 1.112000e-01 3.719040e-01
533 5.170680e-01 1.117240e-01 3.712080e-01
534 5.166840e-01 1.118800e-01 3.714360e-01
535 5.166440e-01 1.118160e-01 3.715400e-01
536 5.167840e-01 1.123120e-01 3.709040e-01
537 5.160960e-01 1.122800e-01 3.716240e-01
538 5.158200e-01 1.124200e-01 3.717600e-01
539 5.163040e-01 1.116320e-01 3.720640e-01
540 5.165880e-01 1.117760e-01 3.716360e-01
541 5.161760e-01 1.120600e-01 3.717640e-01
542 5.166120e-01 1.118200e-01 3.715680e-01
543 5.161480e-01 1.119520e-01 3.719000e-01
544 5.161320e-01 1.123680e-01 3.715000e-01
545 5.157720e-01 1.123680e-01 3.718600e-01
546 5.160600e-01 1.121920e-01 3.717480e-01
547 5.158280e-01 1.119360e-01 3.722360e-01
548 5.156680e-01 1.118200e-01 3.725120e-01
549 5.162440e-01 1.118600e-01 3.718960e-01
550 5.165000e-01 1.117880e-01 3.717120e-01
551 5.166800e-01 1.117600e-01 3.715600e-01
552 5.161920e-01 1.116080e-01 3.722000e-01
553 5.164240e-01 1.113600e-01 3.722160e-01
554 5.166200e-01 1.116400e-01 3.717400e-01
555 5.164840e-01 1.114280e-01 3.720880e-01
556 5.157840e-01 1.119200e-01 3.722960e-01
557 5.162800e-01 1.118680e-01 3.718520e-01
558 5.163680e-01 1.121000e-01 3.715320e-01
559 5.158240e-01 1.125000e-01 3.716760e-01
560 5.152920e-01 1.125760e-01 3.721320e-01
561 5.155760e-01 1.125160e-01 3.719080e-01
562 5.149480e-01 1.129080e-01 3.721440e-01
563 5.148360e-01 1.125680e-01 3.725960e-01
564 5.149320e-01 1.119640e-01 3.731040e-01
565 5.149600e-01 1.124040e-01 3.726360e-01
566 5.159480e-01 1.116840e-01 3.723680e-01
567 5.162920e-01 1.117000e-01 3.720080e-01
568 5.164360e-01 1.116600e-01 3.719040e-01
569 5.161400e-01 1.116280e-01 3.722320e-01
570 5.166200e-01 1.111840e-01 3.721960e-01
571 5.174880e-01 1.108480e-01 3.716640e-01
572 5.179760e-01 1.110400e-01 3.709840e-01
573 5.176360e-01 1.108480e-01 3.715160e-01
574 5.182920e-01 1.105040e-01 3.712040e-01
575 5.185000e-01 1.109200e-01 3.705800e-01
576 5.175880e-01 1.114280e-01 3.709840e-01
577 5.169200e-01 1.122680e-01 3.708120e-01
578 5.169080e-01 1.121400e-01 3.709520e-01
579 5.172640e-01 1.119280e-01 3.708080e-01
580 5.172000e-01 1.119320e-01 3.708680e-01
581 5.175920e-01 1.116000e-01 3.708080e-01
582 5.172040e-01 1.119600e-01 3.708360e-01
583 5.169680e-01 1.117400e-01 3.712920e-01
584 5.169200e-01 1.113400e-01 3.717400e-01
585 5.168120e-01 1.112320e-01 3.719560e-01
586 5.167320e-01 1.111600e-01 3.721080e-01
587 5.166200e-01 1.111440e-01 3.722360e-01
588 5.163960e-01 1.110920e-01 3.725120e-01
589 5.165720e-01 1.112080e-01 3.722200e-01
590 5.171080e-01 1.105040e-01 3.723880e-01
591 5.167800e-01 1.106040e-01 3.726160e-01
592 5.170720e-01 1.103880e-01 3.725400e-01
593 5.172000e-01 1.105960e-01 3.722040e-01
594 5.175160e-01 1.108880e-01 3.715960e-01
595 5.178520e-01 1.109320e-01 3.712160e-01
596 5.186600e-01 1.103920e-01 3.709480e-01
597 5.192200e-01 1.104640e-01 3.703160e-01
598 5.191840e-01 1.104120e-01 3.704040e-01
599 5.189800e-01 1.106160e-01 3.704040e-01
600 5.189960e-01 1.111240e-01 3.698800e-01
601 5.191720e-01 1.114000e-01 3.694280e-01
602 5.194240e-01 1.112080e-01 3.693680e-01
603 5.187400e-01 1.117800e-01 3.694800e-01
604 5.190600e-01 1.113920e-01 3.695480e-01
605 5.194600e-01 1.114960e-01 3.690440e-01
606 5.193960e-01 1.109560e-01 3.696480e-01
607 5.191440e-01 1.112360e-01 3.696200e-01
608 5.193560e-01 1.112040e-01 3.694400e-01
609 5.187560e-01 1.122600e-01 3.689840e-01
610 5.185560e-01 1.120600e-01 3.693840e-01
611 5.183480e-01 1.117120e-01 3.699400e-01
612 5.180440e-01 1.119120e-01 3.700440e-01
613 5.181920e-01 1.117720e-01 3.700360e-01
614 5.173760e-01 1.122280e-01 3.703960e-01
615 5.180560e-01 1.118680e-01 3.700760e-01
616 5.181800e-01 1.114920e-01 3.703280e-01
617 5.176560e-01 1.113640e-01 3.709800e-01
618 5.175680e-01 1.112480e-01 3.711840e-01
619 5.178360e-01 1.111000e-01 3.710640e-01
620 5.176600e-01 1.111480e-01 3.711920e-01
621 5.173920e-01 1.112560e-01 3.713520e-01
622 5.171280e-01 1.114840e-01 3.713880e-01
623 5.172680e-01 1.116920e-01 3.710400e-01
624 5.172800e-01 1.114880e-01 3.712320e-01
625 5.170440e-01 1.114120e-01 3.715440e-01
626 5.174680e-01 1.112120e-01 3.713200e-01
627 5.176720e-01 1.107560e-01 3.715720e-01
628 5.178960e-01 1.108720e-01 3.712320e-01
629 5.186480e-01 1.101960e-01 3.711560e-01
630 5.190040e-01 1.103320e-01 3.706640e-01
631 5.188520e-01 1.109840e-01 3.701640e-01
632 5.183400e-01 1.114160e-01 3.702440e-01
633 5.183960e-01 1.108840e-01 3.707200e-01
634 5.185480e-01 1.110240e-01 3.704280e-01
635 5.182240e-01 1.116320e-01 3.701440e-01
636 5.183280e-01 1.117400e-01 3.699320e-01
637 5.182160e-01 1.115960e-01 3.701880e-01
638 5.185960e-01 1.113080e-01 3.700960e-01
639 5.184480e-01 1.113880e-01 3.701640e-01
640 5.183000e-01 1.116680e-01 3.700320e-01
641 5.180480e-01 1.115720e-01 3.703800e-01
642 5.173120e-01 1.116800e-01 3.710080e-01
643 5.169840e-01 1.118240e-01 3.711920e-01
644 5.171560e-01 1.111360e-01 3.717080e-01
645 5.174960e-01 1.108800e-01 3.716240e-01
646 5.176080e-01 1.102600e-01 3.721320e-01
647 5.174680e-01 1.102720e-01 3.722600e-01
648 5.178400e-01 1.094960e-01 3.726640e-01
649 5.178080e-01 1.091000e-01 3.730920e-01
650 5.185840e-01 1.088440e-01 3.725720e-01
651 5.188640e-01 1.089680e-01 3.721680e-01
652 5.191520e-01 1.088240e-01 3.720240e-01
653 5.190880e-01 1.090080e-01 3.719040e-01
654 5.194240e-01 1.088200e-01 3.717560e-01
655 5.192680e-01 1.091000e-01 3.716320e-01
656 5.199880e-01 1.088240e-01 3.711880e-01
657 5.198240e-01 1.093160e-01 3.708600e-01
658 5.199520e-01 1.092640e-01 3.707840e-01
659 5.198200e-01 1.093680e-01 3.708120e-01
660 5.203640e-01 1.092160e-01 3.704200e-01
661 5.202080e-01 1.098520e-01 3.699400e-01
662 5.200840e-01 1.095720e-01 3.703440e-01
663 5.202520e-01 1.091040e-01 3.706440e-01
664 5.204080e-01 1.090280e-01 3.705640e-01
665 5.205600e-01 1.090040e-01 3.704360e-01
666 5.202600e-01 1.093120e-01 3.704280e-01
667 5.210880e-01 1.090840e-01 3.698280e-01
668 5.210720e-01 1.093200e-01 3.696080e-01
669 5.213440e-01 1.082720e-01 3.703840e-01
670 5.219600e-01 1.081240e-01 3.699160e-01
671 5.221760e-01 1.084760e-01 3.693480e-01
672 5.221120e-01 1.085760e-01 3.693120e-01
673 5.220840e-01 1.089960e-01 3.689200e-01
674 5.221680e-01 1.093160e-01 3.685160e-01
675 5.224920e-01 1.094760e-01 3.680320e-01
676 5.225840e-01 1.094200e-01 3.679960e-01
677 5.229840e-01 1.092920e-01 3.677240e-01
678 5.230280e-01 1.096240e-01 3.673480e-01
679 5.229000e-01 1.095600e-01 3.675400e-01
680 5.228120e-01 1.099240e-01 3.672640e-01
681 5.230360e-01 1.098480e-01 3.671160e-01
682 5.243120e-01 1.094160e-01 3.662720e-01
683 5.240720e-01 1.098920e-01 3.660360e-01
684 5.239640e-01 1.097840e-01 3.662520e-01
685 5.237400e-01 1.094960e-01 3.667640e-01
686 5.237840e-01 1.094400e-01 3.667760e-01
687 5.244880e-01 1.091720e-01 3.663400e-01
688 5.246920e-01 1.096400e-01 3.656680e-01
689 5.250160e-01 1.097240e-01 3.652600e-01
690 5.249680e-01 1.095960e-01 3.654360e-01
691 5.248480e-01 1.098240e-01 3.653280e-01
692 5.240920e-01 1.100320e-01 3.658760e-01
693 5.238040e-01 1.103240e-01 3.658720e-01
694 5.235720e-01 1.101120e-01 3.663160e-01
695 5.236040e-01 1.099720e-01 3.664240e-01
696 5.233760e-01 1.096960e-01 3.669280e-01
697 5.237680e-01 1.094080e-01 3.668240e-01
698 5.234400e-01 1.097520e-01 3.668080e-01
699 5.235840e-01 1.092840e-01 3.671320e-01
700 5.235480e-01 1.088840e-01 3.675680e-01
701 5.237600e-01 1.089560e-01 3.672840e-01
702 5.234200e-01 1.095960e-01 3.669840e-01
703 5.233680e-01 1.093960e-01 3.672360e-01
704 5.237120e-01 1.092800e-01 3.670080e-01
705 5.232600e-01 1.094320e-01 3.673080e-01
706 5.238560e-01 1.093520e-01 3.667920e-01
707 5.239000e-01 1.088680e-01 3.672320e-01
708 5.243280e-01 1.090200e-01 3.666520e-01
709 5.236200e-01 1.096760e-01 3.667040e-01
710 5.242840e-01 1.090000e-01 3.667160e-01
711 5.242240e-01 1.089720e-01 3.668040e-01
712 5.241680e-01 1.087920e-01 3.670400e-01
713 5.236120e-01 1.088600e-01 3.675280e-01
714 5.233240e-01 1.095440e-01 3.671320e-01
715 5.235720e-01 1.093880e-01 3.670400e-01
716 5.233440e-01 1.097000e-01 3.669560e-01
717 5.230080e-01 1.103280e-01 3.666640e-01
718 5.232040e-01 1.101160e-01 3.666800e-01
719 5.225360e-01 1.105960e-01 3.668680e-01
720 5.219760e-01 1.107680e-01 3.672560e-01
721 5.215040e-01 1.106680e-01 3.678280e-01
722 5.220880e-01 1.104640e-01 3.674480e-01
723 5.218720e-01 1.110280e-01 3.671000e-01
724 5.215560e-01 1.115280e-01 3.669160e-01
725 5.211600e-01 1.122160e-01 3.666240e-01
726 5.203480e-01 1.131480e-01 3.665040e-01
727 5.200280e-01 1.136360e-01 3.663360e-01
728 5.196160e-01 1.135160e-01 3.668680e-01
729 5.189560e-01 1.130360e-01 3.680080e-01
730 5.191240e-01 1.129920e-01 3.678840e-01
731 5.190080e-01 1.131040e-01 3.678880e-01
732 5.186600e-01 1.129760e-01 3.683640e-01
733 5.181480e-01 1.132840e-01 3.685680e-01
734 5.176600e-01 1.134760e-01 3.688640e-01
735 5.173240e-01 1.137480e-01 3.689280e-01
736 5.177080e-01 1.132080e-01 3.690840e-01
737 5.171080e-01 1.136720e-01 3.692200e-01
738 5.168880e-01 1.137680e-01 3.693440e-01
739 5.165880e-01 1.136440e-01 3.697680e-01
740 5.164760e-01 1.136080e-01 3.699160e-01
741 5.165480e-01 1.133560e-01 3.700960e-01
742 5.165120e-01 1.134360e-01 3.700520e-01
743 5.164800e-01 1.136360e-01 3.698840e-01
744 5.161720e-01 1.137440e-01 3.700840e-01
745 5.163400e-01 1.136520e-01 3.700080e-01
746 5.163520e-01 1.132920e-01 3.703560e-01
747 5.159880e-01 1.131200e-01 3.708920e-01
748 5.153560e-01 1.134480e-01 3.711960e-01
749 5.146240e-01 1.135320e-01 3.718440e-01
750 5.147200e-01 1.130920e-01 3.721880e-01
751 5.153240e-01 1.126400e-01 3.720360e-01
752 5.152720e-01 1.125080e-01 3.722200e-01
753 5.153040e-01 1.122400e-01 3.724560e-01
754 5.156880e-01 1.118960e-01 3.724160e-01
755 5.161280e-01 1.117080e-01 3.721640e-01
756 5.160560e-01 1.114280e-01 3.725160e-01
757 5.159400e-01 1.118960e-01 3.721640e-01
758 5.161800e-01 1.119520e-01 3.718680e-01
759 5.164080e-01 1.119440e-01 3.716480e-01
760 5.164720e-01 1.121280e-01 3.714000e-01
761 5.169520e-01 1.122520e-01 3.707960e-01
762 5.166480e-01 1.125600e-01 3.707920e-01
763 5.169320e-01 1.126520e-01 3.704160e-01
764 5.169840e-01 1.124280e-01 3.705880e-01
765 5.169440e-01 1.126680e-01 3.703880e-01
766 5.169000e-01 1.126680e-01 3.704320e-01
767 5.164120e-01 1.131600e-01 3.704280e-01
768 5.168960e-01 1.125960e-01 3.705080e-01
769 5.172480e-01 1.123720e-01 3.703800e-01
770 5.169080e-01 1.122040e-01 3.708880e-01
771 5.168360e-01 1.118400e-01 3.713240e-01
772 5.166400e-01 1.118120e-01 3.715480e-01
773 5.157240e-01 1.125040e-01 3.717720e-01
774 5.155320e-01 1.122200e-01 3.722480e-01
775 5.155040e-01 1.115880e-01 3.729080e-01
776 5.152600e-01 1.119440e-01 3.727960e-01
777 5.158960e-01 1.113840e-01 3.727200e-01
778 5.164120e-01 1.114120e-01 3.721760e-01
779 5.158520e-01 1.118560e-01 3.722920e-01
780 5.158600e-01 1.114560e-01 3.726840e-01
781 5.162080e-01 1.111800e-01 3.726120e-01
782 5.163960e-01 1.108040e-01 3.728000e-01
783 5.163480e-01 1.110000e-01 3.726520e-01
784 5.159120e-01 1.113680e-01 3.727200e-01
785 5.157040e-01 1.110760e-01 3.732200e-01
786 5.154680e-01 1.116000e-01 3.729320e-01
787 5.154960e-01 1.119520e-01 3.725520e-01
788 5.158880e-01 1.115120e-01 3.726000e-01
789 5.158720e-01 1.117920e-01 3.723360e-01
790 5.163560e-01 1.116040e-01 3.720400e-01
791 5.162800e-01 1.115680e-01 3.721520e-01
792 5.164240e-01 1.109600e-01 3.726160e-01
793 5.170960e-01 1.105440e-01 3.723600e-01
794 5.169440e-01 1.103760e-01 3.726800e-01
795 5.168200e-01 1.105160e-01 3.726640e-01
796 5.169640e-01 1.103640e-01 3.726720e-01
797 5.174880e-01 1.098360e-01 3.726760e-01
798 5.182840e-01 1.097840e-01 3.719320e-01
799 5.187320e-01 1.090080e-01 3.722600e-01
800 5.197800e-01 1.085800e-01 3.716400e-01
801 5.204560e-01 1.087240e-01 3.708200e-01
802 5.205520e-01 1.088040e-01 3.706440e-01
803 5.202120e-01 1.088440e-01 3.709440e-01
804 5.206920e-01 1.088560e-01 3.704520e-01
805 5.211400e-01 1.088760e-01 3.699840e-01
806 5.215040e-01 1.087640e-01 3.697320e-01
807 5.216280e-01 1.082360e-01 3.701360e-01
808 5.219120e-01 1.086000e-01 3.694880e-01
809 5.224120e-01 1.082840e-01 3.693040e-01
810 5.223920e-01 1.083320e-01 3.692760e-01
811 5.224960e-01 1.083080e-01 3.691960e-01
812 5.228480e-01 1.085320e-01 3.686200e-01
813 5.235360e-01 1.084400e-01 3.680240e-01
814 5.241120e-01 1.078680e-01 3.680200e-01
815 5.240920e-01 1.076640e-01 3.682440e-01
816 5.245680e-01 1.072280e-01 3.682040e-01
817 5.240680e-01 1.076760e-01 3.682560e-01
818 5.242960e-01 1.078080e-01 3.678960e-01
819 5.243920e-01 1.074280e-01 3.681800e-01
820 5.246000e-01 1.068800e-01 3.685200e-01
821 5.253080e-01 1.062120e-01 3.684800e-01
822 5.255560e-01 1.067440e-01 3.677000e-01
823 5.260280e-01 1.066080e-01 3.673640e-01
824 5.261360e-01 1.067160e-01 3.671480e-01
825 5.263000e-01 1.064760e-01 3.672240e-01
826 5.263080e-01 1.065600e-01 3.671320e-01
827 5.267240e-01 1.071200e-01 3.661560e-01
828 5.271360e-01 1.074200e-01 3.654440e-01
829 5.274120e-01 1.072880e-01 3.653000e-01
830 5.268280e-01 1.081640e-01 3.650080e-01
831 5.265760e-01 1.084560e-01 3.649680e-01
832 5.268240e-01 1.090040e-01 3.641720e-01
833 5.270680e-01 1.093200e-01 3.636120e-01
834 5.270680e-01 1.093880e-01 3.635440e-01
835 5.268520e-01 1.097280e-01 3.634200e-01
836 5.264000e-01 1.098600e-01 3.637400e-01
837 5.261760e-01 1.105280e-01 3.632960e-01
838 5.264080e-01 1.102480e-01 3.633440e-01
839 5.259000e-01 1.104680e-01 3.636320e-01
840 5.249520e-01 1.107400e-01 3.643080e-01
841 5.253480e-01 1.102000e-01 3.644520e-01
842 5.256000e-01 1.096320e-01 3.647680e-01
843 5.253720e-01 1.098400e-01 3.647880e-01
844 5.253640e-01 1.102040e-01 3.644320e-01
845 5.250840e-01 1.105720e-01 3.643440e-01
846 5.250840e-01 1.102760e-01 3.646400e-01
847 5.249280e-01 1.104600e-01 3.646120e-01
848 5.249480e-01 1.110160e-01 3.640360e-01
849 5.242880e-01 1.112840e-01 3.644280e-01
850 5.242600e-01 1.111920e-01 3.645480e-01
851 5.238080e-01 1.120560e-01 3.641360e-01
852 5.240480e-01 1.116760e-01 3.642760e-01
853 5.239320e-01 1.116240e-01 3.644440e-01
854 5.235280e-01 1.117480e-01 3.647240e-01
855 5.238040e-01 1.116120e-01 3.645840e-01
856 5.225920e-01 1.122440e-01 3.651640e-01
857 5.224000e-01 1.126280e-01 3.649720e-01
858 5.223400e-01 1.128000e-01 3.648600e-01
859 5.222600e-01 1.123880e-01 3.653520e-01
860 5.227160e-01 1.121880e-01 3.650960e-01
861 5.225520e-01 1.120600e-01 3.653880e-01
862 5.219760e-01 1.120720e-01 3.659520e-01
863 5.218120e-01 1.121440e-01 3.660440e-01
864 5.214640e-01 1.122960e-01 3.662400e-01
865 5.214800e-01 1.126560e-01 3.658640e-01
866 5.214360e-01 1.127680e-01 3.657960e-01
867 5.215040e-01 1.124560e-01 3.660400e-01
868 5.213640e-01 1.122040e-01 3.664320e-01
869 5.217560e-01 1.125560e-01 3.656880e-01
870 5.213040e-01 1.124120e-01 3.662840e-01
871 5.215040e-01 1.129200e-01 3.655760e-01
872 5.214760e-01 1.129920e-01 3.655320e-01
873 5.210600e-01 1.125840e-01 3.663560e-01
874 5.206440e-01 1.123080e-01 3.670480e-01
875 5.199680e-01 1.129800e-01 3.670520e-01
876 5.198360e-01 1.129000e-01 3.672640e-01
877 5.193480e-01 1.129520e-01 3.677000e-01
878 5.188600e-01 1.131280e-01 3.680120e-01
879 5.190080e-01 1.127600e-01 3.682320e-01
880 5.179520e-01 1.136960e-01 3.683520e-01
881 5.170640e-01 1.142560e-01 3.686800e-01
882 5.169040e-01 1.144680e-01 3.686280e-01
883 5.171960e-01 1.140600e-01 3.687440e-01
884 5.163400e-01 1.138880e-01 3.697720e-01
885 5.163360e-01 1.136840e-01 3.699800e-01
886 5.157760e-01 1.140480e-01 3.701760e-01
887 5.155040e-01 1.144680e-01 3.700280e-01
888 5.152800e-01 1.141040e-01 3.706160e-01
889 5.150480e-01 1.141440e-01 3.708080e-01
890 5.149520e-01 1.141000e-01 3.709480e-01
891 5.150200e-01 1.138440e-01 3.711360e-01
892 5.154840e-01 1.132440e-01 3.712720e-01
893 5.155400e-01 1.128360e-01 3.716240e-01
894 5.156400e-01 1.126920e-01 3.716680e-01
895 5.156320e-01 1.125280e-01 3.718400e-01
896 5.156880e-01 1.117360e-01 3.725760e-01
897 5.160560e-01 1.117160e-01 3.722280e-01
898 5.153080e-01 1.115440e-01 3.731480e-01
899 5.150800e-01 1.119720e-01 3.729480e-01
900 5.144120e-01 1.119080e-01 3.736800e-01
901 5.141600e-01 1.114160e-01 3.744240e-01
902 5.140800e-01 1.115760e-01 3.743440e-01
903 5.142880e-01 1.110080e-01 3.747040e-01
904 5.141840e-01 1.111200e-01 3.746960e-01
905 5.140720e-01 1.115440e-01 3.743840e-01
906 5.143000e-01 1.113840e-01 3.743160e-01
907 5.144240e-01 1.114240e-01 3.741520e-01
908 5.140960e-01 1.115360e-01 3.743680e-01
909 5.140800e-01 1.121360e-01 3.737840e-01
910 5.141600e-01 1.119240e-01 3.739160e-01
911 5.143040e-01 1.114800e-01 3.742160e-01
912 5.144080e-01 1.115280e-01 3.740640e-01
913 5.142280e-01 1.121560e-01 3.736160e-01
914 5.148200e-01 1.122360e-01 3.729440e-01
915 5.152880e-01 1.117600e-01 3.729520e-01
916 5.152120e-01 1.116360e-01 3.731520e-01
917 5.152960e-01 1.117400e-01 3.729640e-01
918 5.151920e-01 1.118320e-01 3.729760e-01
919 5.141640e-01 1.122760e-01 3.735600e-01
920 5.136360e-01 1.127800e-01 3.735840e-01
921 5.133680e-01 1.131120e-01 3.735200e-01
922 5.132080e-01 1.126480e-01 3.741440e-01
923 5.128280e-01 1.127160e-01 3.744560e-01
924 5.125320e-01 1.130480e-01 3.744200e-01
925 5.124080e-01 1.130880e-01 3.745040e-01
926 5.122320e-01 1.132000e-01 3.745680e-01
927 5.127120e-01 1.132960e-01 3.739920e-01
928 5.126600e-01 1.132400e-01 3.741000e-01
929 5.125560e-01 1.127560e-01 3.746880e-01
930 5.128840e-01 1.123600e-01 3.747560e-01
931 5.130880e-01 1.125560e-01 3.743560e-01
932 5.134280e-01 1.124080e-01 3.741640e-01
