1 9.991360e-01 7.640000e-04 1.000000e-04
2 9.985640e-01 1.180000e-03 2.560000e-04
3 9.976720e-01 1.808000e-03 5.200000e-04
4 9.965040e-01 2.628000e-03 8.680000e-04
5 9.951320e-01 3.556000e-03 1.312000e-03
6 9.933040e-01 4.812000e-03 1.884000e-03
7 9.911200e-01 6.208000e-03 2.672000e-03
8 9.889640e-01 7.436000e-03 3.600000e-03
9 9.861120e-01 8.976000e-03 4.912000e-03
10 9.831520e-01 1.046000e-02 6.388000e-03
11 9.798120e-01 1.224800e-02 7.940000e-03
12 9.762280e-01 1.399200e-02 9.780000e-03
13 9.721640e-01 1.610400e-02 1.173200e-02
14 9.676080e-01 1.838400e-02 1.400800e-02
15 9.628280e-01 2.079200e-02 1.638000e-02
16 9.573000e-01 2.344800e-02 1.925200e-02
17 9.519680e-01 2.558800e-02 2.244400e-02
18 9.460160e-01 2.840000e-02 2.558400e-02
19 9.394480e-01 3.143600e-02 2.911600e-02
20 9.325760e-01 3.440400e-02 3.302000e-02
21 9.254400e-01 3.716000e-02 3.740000e-02
22 9.181040e-01 4.013600e-02 4.176000e-02
23 9.103000e-01 4.344800e-02 4.625200e-02
24 9.025800e-01 4.659600e-02 5.082400e-02
25 8.943480e-01 4.983600e-02 5.581600e-02
26 8.858240e-01 5.316800e-02 6.100800e-02
27 8.770480e-01 5.684800e-02 6.610400e-02
28 8.681480e-01 6.048800e-02 7.136400e-02
29 8.584960e-01 6.382400e-02 7.768000e-02
30 8.485800e-01 6.742800e-02 8.399200e-02
31 8.382360e-01 7.089600e-02 9.086800e-02
32 8.288920e-01 7.336400e-02 9.774400e-02
33 8.201000e-01 7.617200e-02 1.037280e-01
34 8.104000e-01 7.918800e-02 1.104120e-01
35 8.006360e-01 8.220800e-02 1.171560e-01
36 7.912800e-01 8.467200e-02 1.240480e-01
37 7.810000e-01 8.817200e-02 1.308280e-01
38 7.713960e-01 9.085200e-02 1.377520e-01
39 7.611200e-01 9.374800e-02 1.451320e-01
40 7.509200e-01 9.685600e-02 1.522240e-01
41 7.413120e-01 9.950000e-02 1.591880e-01
42 7.315120e-01 1.021520e-01 1.663360e-01
43 7.216440e-01 1.050320e-01 1.733240e-01
44 7.112680e-01 1.080280e-01 1.807040e-01
45 7.012520e-01 1.105160e-01 1.882320e-01
46 6.914280e-01 1.130480e-01 1.955240e-01
47 6.818120e-01 1.151160e-01 2.030720e-01
48 6.720880e-01 1.175040e-01 2.104080e-01
49 6.626880e-01 1.195600e-01 2.177520e-01
50 6.529000e-01 1.224720e-01 2.246280e-01
51 6.430280e-01 1.247360e-01 2.322360e-01
52 6.334720e-01 1.271120e-01 2.394160e-01
53 6.239240e-01 1.293880e-01 2.466880e-01
54 6.147720e-01 1.307480e-01 2.544800e-01
55 6.066680e-01 1.323680e-01 2.609640e-01
56 5.977680e-01 1.348240e-01 2.674080e-01
57 5.890360e-01 1.363720e-01 2.745920e-01
58 5.800800e-01 1.389920e-01 2.809280e-01
59 5.719320e-01 1.398640e-01 2.882040e-01
60 5.634320e-01 1.416880e-01 2.948800e-01
61 5.542680e-01 1.436960e-01 3.020360e-01
62 5.461400e-01 1.451280e-01 3.087320e-01
63 5.385320e-01 1.465600e-01 3.149080e-01
64 5.310400e-01 1.472560e-01 3.217040e-01
65 5.233360e-01 1.492800e-01 3.273840e-01
66 5.152680e-01 1.506560e-01 3.340760e-01
67 5.082840e-01 1.516880e-01 3.400280e-01
68 5.011840e-01 1.529080e-01 3.459080e-01
69 4.941600e-01 1.536680e-01 3.521720e-01
70 4.877480e-01 1.545440e-01 3.577080e-01
71 4.807000e-01 1.553440e-01 3.639560e-01
72 4.741960e-01 1.559000e-01 3.699040e-01
73 4.668800e-01 1.569560e-01 3.761640e-01
74 4.604840e-01 1.585600e-01 3.809560e-01
75 4.545280e-01 1.593880e-01 3.860840e-01
76 4.483040e-01 1.603520e-01 3.913440e-01
77 4.424640e-01 1.610440e-01 3.964920e-01
78 4.376040e-01 1.620720e-01 4.003240e-01
79 4.323680e-01 1.627080e-01 4.049240e-01
80 4.268600e-01 1.636200e-01 4.095200e-01
81 4.216560e-01 1.641880e-01 4.141560e-01
82 4.162320e-01 1.648880e-01 4.188800e-01
83 4.109880e-01 1.655440e-01 4.234680e-01
84 4.060920e-01 1.658040e-01 4.281040e-01
85 4.021280e-01 1.662720e-01 4.316000e-01
86 3.973160e-01 1.668920e-01 4.357920e-01
87 3.931560e-01 1.671200e-01 4.397240e-01
88 3.894760e-01 1.676240e-01 4.429000e-01
89 3.859080e-01 1.676760e-01 4.464160e-01
90 3.823800e-01 1.676920e-01 4.499280e-01
91 3.786480e-01 1.679920e-01 4.533600e-01
92 3.752120e-01 1.685440e-01 4.562440e-01
93 3.711080e-01 1.686320e-01 4.602600e-01
94 3.676680e-01 1.687600e-01 4.635720e-01
95 3.646120e-01 1.683640e-01 4.670240e-01
96 3.616000e-01 1.688360e-01 4.695640e-01
97 3.588040e-01 1.691480e-01 4.720480e-01
98 3.560840e-01 1.689040e-01 4.750120e-01
99 3.534520e-01 1.689240e-01 4.776240e-01
100 3.508880e-01 1.686800e-01 4.804320e-01
101 3.482240e-01 1.691720e-01 4.826040e-01
102 3.455960e-01 1.687680e-01 4.856360e-01
103 3.434240e-01 1.686280e-01 4.879480e-01
104 3.410560e-01 1.682680e-01 4.906760e-01
105 3.387360e-01 1.682280e-01 4.930360e-01
106 3.369200e-01 1.679000e-01 4.951800e-01
107 3.348960e-01 1.677600e-01 4.973440e-01
108 3.337320e-01 1.670440e-01 4.992240e-01
109 3.323160e-01 1.667040e-01 5.009800e-01
110 3.302560e-01 1.664600e-01 5.032840e-01
111 3.290160e-01 1.655400e-01 5.054440e-01
112 3.275600e-01 1.653160e-01 5.071240e-01
113 3.260240e-01 1.657400e-01 5.082360e-01
114 3.249360e-01 1.654560e-01 5.096080e-01
115 3.237600e-01 1.654400e-01 5.108000e-01
116 3.223520e-01 1.652400e-01 5.124080e-01
117 3.214480e-01 1.650640e-01 5.134880e-01
118 3.204080e-01 1.650200e-01 5.145720e-01
119 3.196720e-01 1.645600e-01 5.157680e-01
120 3.192600e-01 1.640240e-01 5.167160e-01
121 3.177720e-01 1.638000e-01 5.184280e-01
122 3.168400e-01 1.635800e-01 5.195800e-01
123 3.161200e-01 1.633640e-01 5.205160e-01
124 3.154600e-01 1.635040e-01 5.210360e-01
125 3.144840e-01 1.632560e-01 5.222600e-01
126 3.141480e-01 1.633520e-01 5.225000e-01
127 3.141160e-01 1.628960e-01 5.229880e-01
128 3.129320e-01 1.635640e-01 5.235040e-01
129 3.126400e-01 1.631400e-01 5.242200e-01
130 3.125080e-01 1.631600e-01 5.243320e-01
131 3.110240e-01 1.637960e-01 5.251800e-01
132 3.105280e-01 1.634320e-01 5.260400e-01
133 3.099920e-01 1.631400e-01 5.268680e-01
134 3.103440e-01 1.627000e-01 5.269560e-01
135 3.097240e-01 1.627920e-01 5.274840e-01
136 3.091320e-01 1.633600e-01 5.275080e-01
137 3.086440e-01 1.634120e-01 5.279440e-01
138 3.081920e-01 1.630880e-01 5.287200e-01
139 3.075720e-01 1.633000e-01 5.291280e-01
140 3.073680e-01 1.627080e-01 5.299240e-01
141 3.065760e-01 1.627000e-01 5.307240e-01
142 3.062480e-01 1.622000e-01 5.315520e-01
143 3.056760e-01 1.629680e-01 5.313560e-01
144 3.057120e-01 1.624160e-01 5.318720e-01
145 3.060000e-01 1.622280e-01 5.317720e-01
146 3.051960e-01 1.627480e-01 5.320560e-01
147 3.043720e-01 1.630160e-01 5.326120e-01
148 3.047240e-01 1.628480e-01 5.324280e-01
149 3.038080e-01 1.633400e-01 5.328520e-01
150 3.035280e-01 1.633680e-01 5.331040e-01
151 3.026360e-01 1.637760e-01 5.335880e-01
152 3.018320e-01 1.646160e-01 5.335520e-01
153 3.010880e-01 1.647200e-01 5.341920e-01
154 3.008440e-01 1.642480e-01 5.349080e-01
155 3.004920e-01 1.645720e-01 5.349360e-01
156 3.003160e-01 1.648080e-01 5.348760e-01
157 3.000120e-01 1.653960e-01 5.345920e-01
158 2.997080e-01 1.654440e-01 5.348480e-01
159 2.987640e-01 1.658920e-01 5.353440e-01
160 2.985280e-01 1.656600e-01 5.358120e-01
161 2.986400e-01 1.656400e-01 5.357200e-01
162 2.982160e-01 1.654440e-01 5.363400e-01
163 2.976440e-01 1.656320e-01 5.367240e-01
164 2.971640e-01 1.654520e-01 5.373840e-01
165 2.964960e-01 1.652600e-01 5.382440e-01
166 2.961960e-01 1.655680e-01 5.382360e-01
167 2.968280e-01 1.652080e-01 5.379640e-01
168 2.974000e-01 1.648240e-01 5.377760e-01
169 2.973400e-01 1.649000e-01 5.377600e-01
170 2.972120e-01 1.650280e-01 5.377600e-01
171 2.970560e-01 1.642400e-01 5.387040e-01
172 2.961640e-01 1.647800e-01 5.390560e-01
173 2.959480e-01 1.644080e-01 5.396440e-01
174 2.959360e-01 1.643960e-01 5.396680e-01
175 2.953160e-01 1.651320e-01 5.395520e-01
176 2.957160e-01 1.645840e-01 5.397000e-01
177 2.957960e-01 1.643080e-01 5.398960e-01
178 2.961800e-01 1.637280e-01 5.400920e-01
179 2.966400e-01 1.632960e-01 5.400640e-01
180 2.972280e-01 1.630080e-01 5.397640e-01
181 2.976240e-01 1.626840e-01 5.396920e-01
182 2.980440e-01 1.623680e-01 5.395880e-01
183 2.975880e-01 1.624640e-01 5.399480e-01
184 2.970880e-01 1.629800e-01 5.399320e-01
185 2.974440e-01 1.626880e-01 5.398680e-01
186 2.977160e-01 1.626080e-01 5.396760e-01
187 2.979760e-01 1.622800e-01 5.397440e-01
188 2.974480e-01 1.620800e-01 5.404720e-01
189 2.975120e-01 1.614960e-01 5.409920e-01
190 2.974600e-01 1.614520e-01 5.410880e-01
191 2.969960e-01 1.615520e-01 5.414520e-01
192 2.971480e-01 1.613280e-01 5.415240e-01
193 2.971720e-01 1.613600e-01 5.414680e-01
194 2.975000e-01 1.608880e-01 5.416120e-01
195 2.972320e-01 1.609680e-01 5.418000e-01
196 2.974800e-01 1.614840e-01 5.410360e-01
197 2.974000e-01 1.611800e-01 5.414200e-01
198 2.972880e-01 1.621040e-01 5.406080e-01
199 2.979840e-01 1.618960e-01 5.401200e-01
200 2.981040e-01 1.620920e-01 5.398040e-01
201 2.985240e-01 1.625040e-01 5.389720e-01
202 2.981720e-01 1.628040e-01 5.390240e-01
203 2.984320e-01 1.628440e-01 5.387240e-01
204 2.985280e-01 1.628440e-01 5.386280e-01
205 2.982920e-01 1.631880e-01 5.385200e-01
206 2.979200e-01 1.630760e-01 5.390040e-01
207 2.975320e-01 1.627400e-01 5.397280e-01
208 2.978360e-01 1.620280e-01 5.401360e-01
209 2.971280e-01 1.626400e-01 5.402320e-01
210 2.966200e-01 1.623640e-01 5.410160e-01
211 2.969680e-01 1.621040e-01 5.409280e-01
212 2.967040e-01 1.620640e-01 5.412320e-01
213 2.966960e-01 1.617360e-01 5.415680e-01
214 2.970760e-01 1.615520e-01 5.413720e-01
215 2.968680e-01 1.617040e-01 5.414280e-01
216 2.965960e-01 1.615080e-01 5.418960e-01
217 2.969360e-01 1.613880e-01 5.416760e-01
218 2.970560e-01 1.609960e-01 5.419480e-01
219 2.973360e-01 1.610240e-01 5.416400e-01
220 2.982600e-01 1.603720e-01 5.413680e-01
221 2.987640e-01 1.605360e-01 5.407000e-01
222 2.990080e-01 1.609320e-01 5.400600e-01
223 2.988240e-01 1.614800e-01 5.396960e-01
224 2.986360e-01 1.619800e-01 5.393840e-01
225 2.985800e-01 1.622320e-01 5.391880e-01
226 2.986840e-01 1.620760e-01 5.392400e-01
227 2.992680e-01 1.617920e-01 5.389400e-01
228 2.990440e-01 1.622760e-01 5.386800e-01
229 3.000400e-01 1.617720e-01 5.381880e-01
230 3.004440e-01 1.617960e-01 5.377600e-01
231 2.995880e-01 1.625040e-01 5.379080e-01
232 2.999240e-01 1.631480e-01 5.369280e-01
233 3.001720e-01 1.634920e-01 5.363360e-01
234 2.999120e-01 1.632400e-01 5.368480e-01
235 3.000440e-01 1.632640e-01 5.366920e-01
236 2.994560e-01 1.637840e-01 5.367600e-01
237 2.988440e-01 1.639160e-01 5.372400e-01
238 2.989640e-01 1.633480e-01 5.376880e-01
239 2.985360e-01 1.642080e-01 5.372560e-01
240 2.987680e-01 1.640400e-01 5.371920e-01
241 2.983800e-01 1.642920e-01 5.373280e-01
242 2.978600e-01 1.646400e-01 5.375000e-01
243 2.977600e-01 1.642440e-01 5.379960e-01
244 2.977560e-01 1.636920e-01 5.385520e-01
245 2.977320e-01 1.634160e-01 5.388520e-01
246 2.976880e-01 1.630160e-01 5.392960e-01
247 2.974000e-01 1.633480e-01 5.392520e-01
248 2.969080e-01 1.636800e-01 5.394120e-01
249 2.961400e-01 1.645000e-01 5.393600e-01
250 2.957880e-01 1.648440e-01 5.393680e-01
251 2.949160e-01 1.649000e-01 5.401840e-01
252 2.954480e-01 1.644360e-01 5.401160e-01
253 2.950720e-01 1.647120e-01 5.402160e-01
254 2.951480e-01 1.641360e-01 5.407160e-01
255 2.957280e-01 1.635120e-01 5.407600e-01
256 2.955040e-01 1.637600e-01 5.407360e-01
257 2.956320e-01 1.636880e-01 5.406800e-01
258 2.953120e-01 1.638600e-01 5.408280e-01
259 2.953080e-01 1.644280e-01 5.402640e-01
260 2.953840e-01 1.641360e-01 5.404800e-01
261 2.946840e-01 1.641280e-01 5.411880e-01
262 2.940280e-01 1.644760e-01 5.414960e-01
263 2.943760e-01 1.637800e-01 5.418440e-01
264 2.945840e-01 1.633040e-01 5.421120e-01
265 2.951920e-01 1.634240e-01 5.413840e-01
266 2.947600e-01 1.637200e-01 5.415200e-01
267 2.942200e-01 1.644200e-01 5.413600e-01
268 2.942080e-01 1.641920e-01 5.416000e-01
269 2.942520e-01 1.645320e-01 5.412160e-01
270 2.939080e-01 1.640000e-01 5.420920e-01
271 2.939760e-01 1.639640e-01 5.420600e-01
272 2.943840e-01 1.638000e-01 5.418160e-01
273 2.942680e-01 1.638280e-01 5.419040e-01
274 2.945240e-01 1.636280e-01 5.418480e-01
275 2.946640e-01 1.634320e-01 5.419040e-01
276 2.955480e-01 1.627760e-01 5.416760e-01
277 2.960360e-01 1.628880e-01 5.410760e-01
278 2.961160e-01 1.626200e-01 5.412640e-01
279 2.961480e-01 1.620760e-01 5.417760e-01
280 2.968600e-01 1.619280e-01 5.412120e-01
281 2.967080e-01 1.616000e-01 5.416920e-01
282 2.963680e-01 1.618320e-01 5.418000e-01
283 2.965520e-01 1.616680e-01 5.417800e-01
284 2.968600e-01 1.619560e-01 5.411840e-01
285 2.967840e-01 1.621280e-01 5.410880e-01
286 2.964120e-01 1.620400e-01 5.415480e-01
287 2.967320e-01 1.619800e-01 5.412880e-01
288 2.970400e-01 1.618720e-01 5.410880e-01
289 2.972480e-01 1.618960e-01 5.408560e-01
290 2.968040e-01 1.621480e-01 5.410480e-01
291 2.971880e-01 1.624760e-01 5.403360e-01
292 2.973120e-01 1.620720e-01 5.406160e-01
293 2.974520e-01 1.618680e-01 5.406800e-01
294 2.978480e-01 1.622720e-01 5.398800e-01
295 2.967720e-01 1.627240e-01 5.405040e-01
296 2.965040e-01 1.629880e-01 5.405080e-01
297 2.957600e-01 1.638480e-01 5.403920e-01
298 2.952080e-01 1.639600e-01 5.408320e-01
299 2.952800e-01 1.639840e-01 5.407360e-01
300 2.951920e-01 1.640880e-01 5.407200e-01
301 2.949760e-01 1.637360e-01 5.412880e-01
302 2.954120e-01 1.639680e-01 5.406200e-01
303 2.952520e-01 1.643520e-01 5.403960e-01
304 2.954120e-01 1.645440e-01 5.400440e-01
305 2.950240e-01 1.647000e-01 5.402760e-01
306 2.940040e-01 1.648280e-01 5.411680e-01
307 2.937400e-01 1.649640e-01 5.412960e-01
308 2.943040e-01 1.652600e-01 5.404360e-01
309 2.936400e-01 1.647600e-01 5.416000e-01
310 2.933040e-01 1.647760e-01 5.419200e-01
311 2.929120e-01 1.647640e-01 5.423240e-01
312 2.929320e-01 1.648000e-01 5.422680e-01
313 2.931640e-01 1.646440e-01 5.421920e-01
314 2.935320e-01 1.644560e-01 5.420120e-01
315 2.934760e-01 1.648320e-01 5.416920e-01
316 2.933240e-01 1.642120e-01 5.424640e-01
317 2.936720e-01 1.646440e-01 5.416840e-01
318 2.935960e-01 1.642400e-01 5.421640e-01
319 2.940360e-01 1.637840e-01 5.421800e-01
320 2.941040e-01 1.638480e-01 5.420480e-01
321 2.940760e-01 1.635240e-01 5.424000e-01
322 2.942440e-01 1.635480e-01 5.422080e-01
323 2.935960e-01 1.638640e-01 5.425400e-01
324 2.925120e-01 1.647680e-01 5.427200e-01
325 2.927200e-01 1.652760e-01 5.420040e-01
326 2.929920e-01 1.648040e-01 5.422040e-01
327 2.923200e-01 1.651240e-01 5.425560e-01
328 2.924320e-01 1.648520e-01 5.427160e-01
329 2.923360e-01 1.644440e-01 5.432200e-01
330 2.927840e-01 1.634160e-01 5.438000e-01
331 2.929240e-01 1.634160e-01 5.436600e-01
332 2.930520e-01 1.632080e-01 5.437400e-01
333 2.927040e-01 1.635000e-01 5.437960e-01
334 2.929560e-01 1.632560e-01 5.437880e-01
335 2.936800e-01 1.626040e-01 5.437160e-01
336 2.941280e-01 1.618200e-01 5.440520e-01
337 2.946160e-01 1.615800e-01 5.438040e-01
338 2.948600e-01 1.615560e-01 5.435840e-01
339 2.960480e-01 1.608080e-01 5.431440e-01
340 2.966960e-01 1.607400e-01 5.425640e-01
341 2.970640e-01 1.598720e-01 5.430640e-01
342 2.977760e-01 1.596160e-01 5.426080e-01
343 2.982800e-01 1.600560e-01 5.416640e-01
344 2.985400e-01 1.604120e-01 5.410480e-01
345 2.984280e-01 1.609360e-01 5.406360e-01
346 2.983080e-01 1.610640e-01 5.406280e-01
347 2.984680e-01 1.610360e-01 5.404960e-01
348 2.986600e-01 1.613040e-01 5.400360e-01
349 2.985720e-01 1.618280e-01 5.396000e-01
350 2.986520e-01 1.616640e-01 5.396840e-01
351 2.984360e-01 1.618560e-01 5.397080e-01
352 2.983720e-01 1.619120e-01 5.397160e-01
353 2.982200e-01 1.620560e-01 5.397240e-01
354 2.988440e-01 1.614800e-01 5.396760e-01
355 2.986960e-01 1.616560e-01 5.396480e-01
356 2.985840e-01 1.620400e-01 5.393760e-01
357 2.982160e-01 1.624840e-01 5.393000e-01
358 2.980680e-01 1.622520e-01 5.396800e-01
359 2.976800e-01 1.624200e-01 5.399000e-01
360 2.978920e-01 1.621600e-01 5.399480e-01
361 2.977240e-01 1.621640e-01 5.401120e-01
362 2.979920e-01 1.618880e-01 5.401200e-01
363 2.977520e-01 1.621960e-01 5.400520e-01
364 2.976320e-01 1.616040e-01 5.407640e-01
365 2.987200e-01 1.607680e-01 5.405120e-01
366 2.989200e-01 1.606800e-01 5.404000e-01
367 2.991960e-01 1.609400e-01 5.398640e-01
368 2.995480e-01 1.608400e-01 5.396120e-01
369 3.000240e-01 1.604840e-01 5.394920e-01
370 2.999120e-01 1.603040e-01 5.397840e-01
371 2.993160e-01 1.604680e-01 5.402160e-01
372 2.994680e-01 1.604240e-01 5.401080e-01
373 2.991240e-01 1.611320e-01 5.397440e-01
374 2.989720e-01 1.607920e-01 5.402360e-01
375 2.993320e-01 1.606400e-01 5.400280e-01
376 2.994640e-01 1.610400e-01 5.394960e-01
377 2.997960e-01 1.614840e-01 5.387200e-01
378 2.999320e-01 1.616680e-01 5.384000e-01
379 2.999040e-01 1.616960e-01 5.384000e-01
380 2.993040e-01 1.625560e-01 5.381400e-01
381 2.994320e-01 1.626960e-01 5.378720e-01
382 2.991520e-01 1.631160e-01 5.377320e-01
383 2.990720e-01 1.631520e-01 5.377760e-01
384 2.986680e-01 1.630520e-01 5.382800e-01
385 2.990480e-01 1.632720e-01 5.376800e-01
386 2.984720e-01 1.632560e-01 5.382720e-01
387 2.977320e-01 1.636640e-01 5.386040e-01
388 2.976800e-01 1.636560e-01 5.386640e-01
389 2.974480e-01 1.636960e-01 5.388560e-01
390 2.972200e-01 1.629560e-01 5.398240e-01
391 2.971080e-01 1.623600e-01 5.405320e-01
392 2.969800e-01 1.616440e-01 5.413760e-01
393 2.976880e-01 1.615480e-01 5.407640e-01
394 2.978120e-01 1.613920e-01 5.407960e-01
395 2.980560e-01 1.607840e-01 5.411600e-01
396 2.981760e-01 1.602720e-01 5.415520e-01
397 2.987800e-01 1.601320e-01 5.410880e-01
398 2.987320e-01 1.605800e-01 5.406880e-01
399 2.986120e-01 1.606120e-01 5.407760e-01
400 2.986400e-01 1.614120e-01 5.399480e-01
401 2.984600e-01 1.614960e-01 5.400440e-01
402 2.989680e-01 1.613640e-01 5.396680e-01
403 2.987480e-01 1.615200e-01 5.397320e-01
404 2.987960e-01 1.610400e-01 5.401640e-01
405 2.984160e-01 1.611200e-01 5.404640e-01
406 2.982840e-01 1.613880e-01 5.403280e-01
407 2.974080e-01 1.615840e-01 5.410080e-01
408 2.976880e-01 1.617840e-01 5.405280e-01
409 2.973760e-01 1.623520e-01 5.402720e-01
410 2.975400e-01 1.617280e-01 5.407320e-01
411 2.979640e-01 1.614320e-01 5.406040e-01
412 2.980080e-01 1.610120e-01 5.409800e-01
413 2.982520e-01 1.607640e-01 5.409840e-01
414 2.980360e-01 1.607200e-01 5.412440e-01
415 2.976840e-01 1.607280e-01 5.415880e-01
416 2.977720e-01 1.608080e-01 5.414200e-01
417 2.985200e-01 1.598480e-01 5.416320e-01
418 2.984440e-01 1.602200e-01 5.413360e-01
419 2.980800e-01 1.612320e-01 5.406880e-01
420 2.980920e-01 1.610280e-01 5.408800e-01
421 2.980440e-01 1.611920e-01 5.407640e-01
422 2.977440e-01 1.614960e-01 5.407600e-01
423 2.973000e-01 1.617040e-01 5.409960e-01
424 2.964560e-01 1.620440e-01 5.415000e-01
425 2.966080e-01 1.621800e-01 5.412120e-01
426 2.968960e-01 1.623600e-01 5.407440e-01
427 2.965480e-01 1.623840e-01 5.410680e-01
428 2.967160e-01 1.623040e-01 5.409800e-01
429 2.964200e-01 1.622680e-01 5.413120e-01
430 2.968320e-01 1.619120e-01 5.412560e-01
431 2.974880e-01 1.616600e-01 5.408520e-01
432 2.971960e-01 1.623240e-01 5.404800e-01
433 2.967160e-01 1.627480e-01 5.405360e-01
434 2.965640e-01 1.628880e-01 5.405480e-01
435 2.959760e-01 1.634200e-01 5.406040e-01
436 2.965200e-01 1.627680e-01 5.407120e-01
437 2.959720e-01 1.628800e-01 5.411480e-01
438 2.955800e-01 1.633520e-01 5.410680e-01
439 2.945080e-01 1.635200e-01 5.419720e-01
440 2.939480e-01 1.635120e-01 5.425400e-01
441 2.937400e-01 1.633960e-01 5.428640e-01
442 2.935120e-01 1.634200e-01 5.430680e-01
443 2.939800e-01 1.633280e-01 5.426920e-01
444 2.943440e-01 1.635520e-01 5.421040e-01
445 2.943720e-01 1.632400e-01 5.423880e-01
446 2.939560e-01 1.631880e-01 5.428560e-01
447 2.940080e-01 1.625440e-01 5.434480e-01
448 2.944680e-01 1.615680e-01 5.439640e-01
449 2.947240e-01 1.609280e-01 5.443480e-01
450 2.952520e-01 1.609440e-01 5.438040e-01
451 2.972520e-01 1.604560e-01 5.422920e-01
452 2.978320e-01 1.605120e-01 5.416560e-01
453 2.972520e-01 1.605280e-01 5.422200e-01
454 2.974520e-01 1.606720e-01 5.418760e-01
455 2.976000e-01 1.609160e-01 5.414840e-01
456 2.978160e-01 1.608720e-01 5.413120e-01
457 2.986840e-01 1.606560e-01 5.406600e-01
458 2.983600e-01 1.610000e-01 5.406400e-01
459 2.975680e-01 1.616000e-01 5.408320e-01
460 2.975920e-01 1.614040e-01 5.410040e-01
461 2.979120e-01 1.614480e-01 5.406400e-01
462 2.978160e-01 1.613320e-01 5.408520e-01
463 2.980760e-01 1.617040e-01 5.402200e-01
464 2.979440e-01 1.620440e-01 5.400120e-01
465 2.980040e-01 1.619880e-01 5.400080e-01
466 2.974080e-01 1.625480e-01 5.400440e-01
467 2.972200e-01 1.626560e-01 5.401240e-01
468 2.971880e-01 1.623040e-01 5.405080e-01
469 2.969120e-01 1.624280e-01 5.406600e-01
470 2.969160e-01 1.621240e-01 5.409600e-01
471 2.971000e-01 1.616920e-01 5.412080e-01
472 2.973800e-01 1.617680e-01 5.408520e-01
473 2.967680e-01 1.619120e-01 5.413200e-01
474 2.966120e-01 1.623000e-01 5.410880e-01
475 2.964640e-01 1.623720e-01 5.411640e-01
476 2.969600e-01 1.621800e-01 5.408600e-01
477 2.971680e-01 1.622520e-01 5.405800e-01
478 2.967920e-01 1.625240e-01 5.406840e-01
479 2.966880e-01 1.627720e-01 5.405400e-01
480 2.963280e-01 1.632040e-01 5.404680e-01
481 2.969920e-01 1.633880e-01 5.396200e-01
482 2.956240e-01 1.637080e-01 5.406680e-01
483 2.954880e-01 1.633200e-01 5.411920e-01
484 2.948560e-01 1.639200e-01 5.412240e-01
485 2.949480e-01 1.638200e-01 5.412320e-01
486 2.954840e-01 1.631160e-01 5.414000e-01
487 2.954920e-01 1.631600e-01 5.413480e-01
488 2.957400e-01 1.628760e-01 5.413840e-01
489 2.951840e-01 1.631120e-01 5.417040e-01
490 2.951600e-01 1.627920e-01 5.420480e-01
491 2.958880e-01 1.623400e-01 5.417720e-01
492 2.960760e-01 1.625480e-01 5.413760e-01
493 2.964920e-01 1.620720e-01 5.414360e-01
494 2.959360e-01 1.629080e-01 5.411560e-01
495 2.964520e-01 1.620360e-01 5.415120e-01
496 2.963040e-01 1.620320e-01 5.416640e-01
497 2.966160e-01 1.622160e-01 5.411680e-01
498 2.961320e-01 1.625280e-01 5.413400e-01
499 2.957600e-01 1.623800e-01 5.418600e-01
500 2.958480e-01 1.624480e-01 5.417040e-01
501 2.955320e-01 1.630600e-01 5.414080e-01
502 2.952520e-01 1.634280e-01 5.413200e-01
503 2.950160e-01 1.636640e-01 5.413200e-01
504 2.954120e-01 1.631600e-01 5.414280e-01
505 2.954280e-01 1.633600e-01 5.412120e-01
506 2.957560e-01 1.627800e-01 5.414640e-01
507 2.957200e-01 1.628800e-01 5.414000e-01
508 2.958640e-01 1.630560e-01 5.410800e-01
509 2.957280e-01 1.632160e-01 5.410560e-01
510 2.965600e-01 1.627040e-01 5.407360e-01
511 2.958400e-01 1.634440e-01 5.407160e-01
512 2.959920e-01 1.629520e-01 5.410560e-01
513 2.954720e-01 1.624680e-01 5.420600e-01
514 2.953440e-01 1.627920e-01 5.418640e-01
515 2.959920e-01 1.623600e-01 5.416480e-01
516 2.961200e-01 1.620800e-01 5.418000e-01
517 2.963520e-01 1.616360e-01 5.420120e-01
518 2.961400e-01 1.616760e-01 5.421840e-01
519 2.966720e-01 1.608840e-01 5.424440e-01
520 2.970400e-01 1.600880e-01 5.428720e-01
521 2.971960e-01 1.600400e-01 5.427640e-01
522 2.975920e-01 1.599880e-01 5.424200e-01
523 2.974680e-01 1.605360e-01 5.419960e-01
524 2.973120e-01 1.610440e-01 5.416440e-01
525 2.981160e-01 1.609120e-01 5.409720e-01
526 2.986720e-01 1.606840e-01 5.406440e-01
527 2.982320e-01 1.615640e-01 5.402040e-01
528 2.984920e-01 1.611200e-01 5.403880e-01
529 2.989600e-01 1.608960e-01 5.401440e-01
530 2.984880e-01 1.615320e-01 5.399800e-01
531 2.986640e-01 1.618880e-01 5.394480e-01
532 2.991160e-01 1.620600e-01 5.388240e-01
533 2.983760e-01 1.627840e-01 5.388400e-01
534 2.983280e-01 1.625800e-01 5.390920e-01
535 2.981720e-01 1.621360e-01 5.396920e-01
536 2.980600e-01 1.616720e-01 5.402680e-01
537 2.971720e-01 1.615120e-01 5.413160e-01
538 2.968640e-01 1.621600e-01 5.409760e-01
539 2.968960e-01 1.627040e-01 5.404000e-01
540 2.964960e-01 1.632480e-01 5.402560e-01
541 2.966240e-01 1.633120e-01 5.400640e-01
542 2.965920e-01 1.636120e-01 5.397960e-01
543 2.962040e-01 1.637960e-01 5.400000e-01
544 2.958920e-01 1.639320e-01 5.401760e-01
545 2.961600e-01 1.640480e-01 5.397920e-01
546 2.963880e-01 1.636600e-01 5.399520e-01
547 2.964040e-01 1.631200e-01 5.404760e-01
548 2.959320e-01 1.631200e-01 5.409480e-01
549 2.958880e-01 1.629360e-01 5.411760e-01
550 2.958560e-01 1.630040e-01 5.411400e-01
551 2.962080e-01 1.628120e-01 5.409800e-01
552 2.966240e-01 1.626960e-01 5.406800e-01
553 2.964880e-01 1.625080e-01 5.410040e-01
554 2.963880e-01 1.626160e-01 5.409960e-01
555 2.962080e-01 1.633840e-01 5.404080e-01
556 2.965000e-01 1.633760e-01 5.401240e-01
557 2.964760e-01 1.633640e-01 5.401600e-01
558 2.959480e-01 1.637240e-01 5.403280e-01
559 2.957680e-01 1.634640e-01 5.407680e-01
560 2.956880e-01 1.631320e-01 5.411800e-01
561 2.955800e-01 1.628360e-01 5.415840e-01
562 2.957560e-01 1.622640e-01 5.419800e-01
563 2.959240e-01 1.626400e-01 5.414360e-01
564 2.967560e-01 1.622480e-01 5.409960e-01
565 2.969280e-01 1.621960e-01 5.408760e-01
566 2.969560e-01 1.623120e-01 5.407320e-01
567 2.970560e-01 1.621800e-01 5.407640e-01
568 2.973960e-01 1.623440e-01 5.402600e-01
569 2.969520e-01 1.627440e-01 5.403040e-01
570 2.965520e-01 1.628520e-01 5.405960e-01
571 2.960080e-01 1.626040e-01 5.413880e-01
572 2.961400e-01 1.626640e-01 5.411960e-01
573 2.960200e-01 1.627680e-01 5.412120e-01
574 2.955520e-01 1.629200e-01 5.415280e-01
575 2.958240e-01 1.627640e-01 5.414120e-01
576 2.962040e-01 1.628400e-01 5.409560e-01
577 2.960600e-01 1.624600e-01 5.414800e-01
578 2.962320e-01 1.617600e-01 5.420080e-01
579 2.967240e-01 1.615200e-01 5.417560e-01
580 2.966320e-01 1.613240e-01 5.420440e-01
581 2.968000e-01 1.618360e-01 5.413640e-01
582 2.970840e-01 1.616160e-01 5.413000e-01
583 2.970280e-01 1.617000e-01 5.412720e-01
584 2.967240e-01 1.619160e-01 5.413600e-01
585 2.969840e-01 1.611480e-01 5.418680e-01
586 2.974960e-01 1.613120e-01 5.411920e-01
587 2.974800e-01 1.617160e-01 5.408040e-01
588 2.977240e-01 1.616200e-01 5.406560e-01
589 2.980480e-01 1.619560e-01 5.399960e-01
590 2.979360e-01 1.621880e-01 5.398760e-01
591 2.982960e-01 1.613880e-01 5.403160e-01
592 2.979360e-01 1.615760e-01 5.404880e-01
593 2.980080e-01 1.614120e-01 5.405800e-01
594 2.975400e-01 1.620560e-01 5.404040e-01
595 2.976320e-01 1.620680e-01 5.403000e-01
596 2.975440e-01 1.623920e-01 5.400640e-01
597 2.970960e-01 1.629560e-01 5.399480e-01
598 2.974640e-01 1.628040e-01 5.397320e-01
599 2.979520e-01 1.629080e-01 5.391400e-01
600 2.981600e-01 1.629960e-01 5.388440e-01
601 2.981040e-01 1.628720e-01 5.390240e-01
602 2.980000e-01 1.631680e-01 5.388320e-01
603 2.980160e-01 1.629800e-01 5.390040e-01
604 2.978320e-01 1.633400e-01 5.388280e-01
605 2.972680e-01 1.632560e-01 5.394760e-01
606 2.971680e-01 1.635360e-01 5.392960e-01
607 2.965120e-01 1.638760e-01 5.396120e-01
608 2.965480e-01 1.638200e-01 5.396320e-01
609 2.954360e-01 1.641960e-01 5.403680e-01
610 2.952720e-01 1.643000e-01 5.404280e-01
611 2.951520e-01 1.647840e-01 5.400640e-01
612 2.953800e-01 1.642600e-01 5.403600e-01
613 2.953800e-01 1.642600e-01 5.403600e-01
614 2.954040e-01 1.643360e-01 5.402600e-01
615 2.952960e-01 1.641040e-01 5.406000e-01
616 2.948600e-01 1.638960e-01 5.412440e-01
617 2.947680e-01 1.639960e-01 5.412360e-01
618 2.934920e-01 1.649480e-01 5.415600e-01
619 2.936320e-01 1.647480e-01 5.416200e-01
620 2.932200e-01 1.648200e-01 5.419600e-01
621 2.940480e-01 1.642720e-01 5.416800e-01
622 2.939680e-01 1.639280e-01 5.421040e-01
623 2.941120e-01 1.634960e-01 5.423920e-01
624 2.939800e-01 1.633560e-01 5.426640e-01
625 2.935280e-01 1.632880e-01 5.431840e-01
626 2.934480e-01 1.626440e-01 5.439080e-01
627 2.941360e-01 1.619080e-01 5.439560e-01
628 2.943440e-01 1.621320e-01 5.435240e-01
629 2.946360e-01 1.619360e-01 5.434280e-01
630 2.947920e-01 1.616120e-01 5.435960e-01
631 2.948200e-01 1.610440e-01 5.441360e-01
632 2.949000e-01 1.608840e-01 5.442160e-01
633 2.949360e-01 1.605320e-01 5.445320e-01
634 2.958720e-01 1.601680e-01 5.439600e-01
635 2.961160e-01 1.596560e-01 5.442280e-01
636 2.964920e-01 1.595000e-01 5.440080e-01
637 2.968560e-01 1.593960e-01 5.437480e-01
638 2.979200e-01 1.588880e-01 5.431920e-01
639 2.979920e-01 1.587880e-01 5.432200e-01
640 2.981000e-01 1.595640e-01 5.423360e-01
641 2.985560e-01 1.596120e-01 5.418320e-01
642 2.986960e-01 1.596840e-01 5.416200e-01
643 2.986240e-01 1.603200e-01 5.410560e-01
644 2.987600e-01 1.606280e-01 5.406120e-01
645 2.978480e-01 1.607080e-01 5.414440e-01
646 2.977400e-01 1.613200e-01 5.409400e-01
647 2.977000e-01 1.614920e-01 5.408080e-01
648 2.978560e-01 1.618800e-01 5.402640e-01
649 2.977000e-01 1.615560e-01 5.407440e-01
650 2.973680e-01 1.619800e-01 5.406520e-01
651 2.974400e-01 1.617720e-01 5.407880e-01
652 2.975680e-01 1.611240e-01 5.413080e-01
653 2.986000e-01 1.608040e-01 5.405960e-01
654 2.985640e-01 1.612520e-01 5.401840e-01
655 2.981560e-01 1.618240e-01 5.400200e-01
656 2.981720e-01 1.623800e-01 5.394480e-01
657 2.979240e-01 1.621600e-01 5.399160e-01
658 2.972040e-01 1.626240e-01 5.401720e-01
659 2.972440e-01 1.623040e-01 5.404520e-01
660 2.980960e-01 1.616560e-01 5.402480e-01
661 2.983320e-01 1.615960e-01 5.400720e-01
662 2.981160e-01 1.615160e-01 5.403680e-01
663 2.976560e-01 1.615800e-01 5.407640e-01
664 2.967360e-01 1.623800e-01 5.408840e-01
665 2.969000e-01 1.625000e-01 5.406000e-01
666 2.968920e-01 1.624160e-01 5.406920e-01
667 2.977800e-01 1.612160e-01 5.410040e-01
668 2.979080e-01 1.616440e-01 5.404480e-01
669 2.968680e-01 1.621960e-01 5.409360e-01
670 2.971320e-01 1.618000e-01 5.410680e-01
671 2.970080e-01 1.616880e-01 5.413040e-01
672 2.972840e-01 1.613160e-01 5.414000e-01
673 2.971400e-01 1.618400e-01 5.410200e-01
674 2.971640e-01 1.620680e-01 5.407680e-01
675 2.967680e-01 1.622960e-01 5.409360e-01
676 2.975520e-01 1.613440e-01 5.411040e-01
677 2.972120e-01 1.615480e-01 5.412400e-01
678 2.970880e-01 1.613960e-01 5.415160e-01
679 2.975440e-01 1.615880e-01 5.408680e-01
680 2.987240e-01 1.608880e-01 5.403880e-01
681 2.992000e-01 1.609360e-01 5.398640e-01
682 2.987440e-01 1.615280e-01 5.397280e-01
683 2.987280e-01 1.614200e-01 5.398520e-01
684 2.986640e-01 1.612920e-01 5.400440e-01
685 2.984000e-01 1.618920e-01 5.397080e-01
686 2.979160e-01 1.622680e-01 5.398160e-01
687 2.972880e-01 1.633440e-01 5.393680e-01
688 2.968320e-01 1.633560e-01 5.398120e-01
689 2.962360e-01 1.636840e-01 5.400800e-01
690 2.967280e-01 1.634800e-01 5.397920e-01
691 2.969920e-01 1.633400e-01 5.396680e-01
692 2.969400e-01 1.628680e-01 5.401920e-01
693 2.971680e-01 1.623440e-01 5.404880e-01
694 2.975000e-01 1.619000e-01 5.406000e-01
695 2.973920e-01 1.625160e-01 5.400920e-01
696 2.976920e-01 1.617520e-01 5.405560e-01
697 2.974800e-01 1.621120e-01 5.404080e-01
698 2.972560e-01 1.623480e-01 5.403960e-01
699 2.970080e-01 1.626080e-01 5.403840e-01
700 2.977200e-01 1.623320e-01 5.399480e-01
701 2.977200e-01 1.619960e-01 5.402840e-01
702 2.982760e-01 1.619840e-01 5.397400e-01
703 2.983440e-01 1.615200e-01 5.401360e-01
704 2.976400e-01 1.618840e-01 5.404760e-01
705 2.977920e-01 1.615240e-01 5.406840e-01
706 2.975360e-01 1.618800e-01 5.405840e-01
707 2.977240e-01 1.616240e-01 5.406520e-01
708 2.971840e-01 1.616920e-01 5.411240e-01
709 2.971160e-01 1.617840e-01 5.411000e-01
710 2.969520e-01 1.619400e-01 5.411080e-01
711 2.968840e-01 1.618480e-01 5.412680e-01
712 2.968520e-01 1.621320e-01 5.410160e-01
713 2.964000e-01 1.625160e-01 5.410840e-01
714 2.961560e-01 1.625560e-01 5.412880e-01
715 2.964720e-01 1.623160e-01 5.412120e-01
716 2.957680e-01 1.629560e-01 5.412760e-01
717 2.958840e-01 1.623400e-01 5.417760e-01
718 2.958320e-01 1.623320e-01 5.418360e-01
719 2.964120e-01 1.627400e-01 5.408480e-01
720 2.970480e-01 1.622000e-01 5.407520e-01
721 2.970440e-01 1.623120e-01 5.406440e-01
722 2.975080e-01 1.623640e-01 5.401280e-01
723 2.975960e-01 1.626920e-01 5.397120e-01
724 2.975720e-01 1.622760e-01 5.401520e-01
725 2.972320e-01 1.626200e-01 5.401480e-01
726 2.969880e-01 1.631120e-01 5.399000e-01
727 2.962720e-01 1.630640e-01 5.406640e-01
728 2.961080e-01 1.633080e-01 5.405840e-01
729 2.957800e-01 1.632680e-01 5.409520e-01
730 2.957720e-01 1.630880e-01 5.411400e-01
731 2.953520e-01 1.632800e-01 5.413680e-01
732 2.954360e-01 1.632080e-01 5.413560e-01
733 2.958360e-01 1.632280e-01 5.409360e-01
734 2.961840e-01 1.628080e-01 5.410080e-01
735 2.960960e-01 1.626880e-01 5.412160e-01
736 2.966080e-01 1.625040e-01 5.408880e-01
737 2.963800e-01 1.626560e-01 5.409640e-01
738 2.961240e-01 1.627440e-01 5.411320e-01
739 2.960320e-01 1.623760e-01 5.415920e-01
740 2.963040e-01 1.615160e-01 5.421800e-01
741 2.963440e-01 1.616760e-01 5.419800e-01
742 2.967080e-01 1.613080e-01 5.419840e-01
743 2.971160e-01 1.611000e-01 5.417840e-01
744 2.976160e-01 1.607160e-01 5.416680e-01
745 2.975200e-01 1.613920e-01 5.410880e-01
746 2.972520e-01 1.610520e-01 5.416960e-01
747 2.975000e-01 1.607880e-01 5.417120e-01
748 2.979960e-01 1.603640e-01 5.416400e-01
749 2.978240e-01 1.607160e-01 5.414600e-01
750 2.984720e-01 1.603440e-01 5.411840e-01
751 2.983360e-01 1.605640e-01 5.411000e-01
752 2.987520e-01 1.602880e-01 5.409600e-01
753 2.990000e-01 1.602520e-01 5.407480e-01
754 2.997560e-01 1.600960e-01 5.401480e-01
755 2.991160e-01 1.605000e-01 5.403840e-01
756 2.993760e-01 1.605880e-01 5.400360e-01
757 2.996080e-01 1.601560e-01 5.402360e-01
758 2.998480e-01 1.601160e-01 5.400360e-01
759 2.997720e-01 1.598680e-01 5.403600e-01
760 2.999880e-01 1.601800e-01 5.398320e-01
761 2.997480e-01 1.605520e-01 5.397000e-01
762 2.997000e-01 1.608280e-01 5.394720e-01
763 2.998200e-01 1.612920e-01 5.388880e-01
764 3.000480e-01 1.615320e-01 5.384200e-01
765 2.990600e-01 1.624080e-01 5.385320e-01
766 2.986520e-01 1.624960e-01 5.388520e-01
767 2.991040e-01 1.622880e-01 5.386080e-01
768 2.989680e-01 1.623040e-01 5.387280e-01
769 2.982320e-01 1.623040e-01 5.394640e-01
770 2.977720e-01 1.625800e-01 5.396480e-01
771 2.973360e-01 1.630000e-01 5.396640e-01
772 2.966720e-01 1.637800e-01 5.395480e-01
773 2.964080e-01 1.634960e-01 5.400960e-01
774 2.961600e-01 1.636000e-01 5.402400e-01
775 2.961600e-01 1.633960e-01 5.404440e-01
776 2.962200e-01 1.632680e-01 5.405120e-01
777 2.957680e-01 1.636640e-01 5.405680e-01
778 2.961920e-01 1.629240e-01 5.408840e-01
779 2.960440e-01 1.634000e-01 5.405560e-01
780 2.958560e-01 1.634080e-01 5.407360e-01
781 2.950800e-01 1.637360e-01 5.411840e-01
782 2.952000e-01 1.635600e-01 5.412400e-01
783 2.954520e-01 1.632880e-01 5.412600e-01
784 2.955640e-01 1.629760e-01 5.414600e-01
785 2.954520e-01 1.624600e-01 5.420880e-01
786 2.955080e-01 1.620800e-01 5.424120e-01
787 2.957120e-01 1.626680e-01 5.416200e-01
788 2.953680e-01 1.631960e-01 5.414360e-01
789 2.954360e-01 1.632320e-01 5.413320e-01
790 2.955040e-01 1.632720e-01 5.412240e-01
791 2.948440e-01 1.637240e-01 5.414320e-01
792 2.945160e-01 1.641480e-01 5.413360e-01
793 2.944760e-01 1.635880e-01 5.419360e-01
794 2.946560e-01 1.631800e-01 5.421640e-01
795 2.942880e-01 1.637920e-01 5.419200e-01
796 2.940320e-01 1.636440e-01 5.423240e-01
797 2.943920e-01 1.631320e-01 5.424760e-01
798 2.944920e-01 1.632400e-01 5.422680e-01
799 2.943320e-01 1.631280e-01 5.425400e-01
800 2.944280e-01 1.630240e-01 5.425480e-01
801 2.937240e-01 1.633160e-01 5.429600e-01
802 2.943680e-01 1.631280e-01 5.425040e-01
803 2.947120e-01 1.630400e-01 5.422480e-01
804 2.953880e-01 1.623720e-01 5.422400e-01
805 2.955680e-01 1.620000e-01 5.424320e-01
806 2.955480e-01 1.623160e-01 5.421360e-01
807 2.950120e-01 1.624880e-01 5.425000e-01
808 2.953080e-01 1.624440e-01 5.422480e-01
809 2.951800e-01 1.628920e-01 5.419280e-01
810 2.951800e-01 1.631680e-01 5.416520e-01
811 2.949320e-01 1.637360e-01 5.413320e-01
812 2.952320e-01 1.637280e-01 5.410400e-01
813 2.954560e-01 1.630320e-01 5.415120e-01
814 2.957680e-01 1.634160e-01 5.408160e-01
815 2.955840e-01 1.636840e-01 5.407320e-01
816 2.953320e-01 1.636440e-01 5.410240e-01
817 2.948160e-01 1.638120e-01 5.413720e-01
818 2.949000e-01 1.634280e-01 5.416720e-01
819 2.950880e-01 1.634600e-01 5.414520e-01
820 2.955560e-01 1.635320e-01 5.409120e-01
821 2.948760e-01 1.638640e-01 5.412600e-01
822 2.946200e-01 1.641920e-01 5.411880e-01
823 2.945000e-01 1.643120e-01 5.411880e-01
824 2.947680e-01 1.644920e-01 5.407400e-01
825 2.950880e-01 1.641920e-01 5.407200e-01
826 2.944640e-01 1.648040e-01 5.407320e-01
827 2.946760e-01 1.654080e-01 5.399160e-01
828 2.947720e-01 1.651040e-01 5.401240e-01
829 2.945840e-01 1.646680e-01 5.407480e-01
830 2.948840e-01 1.640240e-01 5.410920e-01
831 2.955440e-01 1.638240e-01 5.406320e-01
832 2.952920e-01 1.640600e-01 5.406480e-01
833 2.952280e-01 1.641080e-01 5.406640e-01
834 2.948640e-01 1.639040e-01 5.412320e-01
835 2.948360e-01 1.639560e-01 5.412080e-01
836 2.952920e-01 1.640840e-01 5.406240e-01
837 2.957360e-01 1.636760e-01 5.405880e-01
838 2.955280e-01 1.638840e-01 5.405880e-01
839 2.956400e-01 1.635600e-01 5.408000e-01
840 2.955560e-01 1.633840e-01 5.410600e-01
841 2.955120e-01 1.631200e-01 5.413680e-01
842 2.952400e-01 1.624720e-01 5.422880e-01
843 2.956400e-01 1.623560e-01 5.420040e-01
844 2.954760e-01 1.628120e-01 5.417120e-01
845 2.953720e-01 1.631400e-01 5.414880e-01
846 2.951760e-01 1.630680e-01 5.417560e-01
847 2.954840e-01 1.624320e-01 5.420840e-01
848 2.957520e-01 1.621680e-01 5.420800e-01
849 2.959880e-01 1.623560e-01 5.416560e-01
850 2.956600e-01 1.624360e-01 5.419040e-01
851 2.955480e-01 1.623400e-01 5.421120e-01
852 2.955320e-01 1.629640e-01 5.415040e-01
853 2.952960e-01 1.630400e-01 5.416640e-01
854 2.946720e-01 1.636560e-01 5.416720e-01
855 2.941080e-01 1.636920e-01 5.422000e-01
856 2.936440e-01 1.638560e-01 5.425000e-01
857 2.938920e-01 1.636480e-01 5.424600e-01
858 2.938440e-01 1.629360e-01 5.432200e-01
859 2.947880e-01 1.622480e-01 5.429640e-01
860 2.952200e-01 1.619880e-01 5.427920e-01
861 2.957240e-01 1.617840e-01 5.424920e-01
862 2.965440e-01 1.613320e-01 5.421240e-01
863 2.965400e-01 1.611560e-01 5.423040e-01
864 2.968320e-01 1.608040e-01 5.423640e-01
865 2.972440e-01 1.605360e-01 5.422200e-01
866 2.974440e-01 1.604120e-01 5.421440e-01
867 2.975760e-01 1.604120e-01 5.420120e-01
868 2.974000e-01 1.605080e-01 5.420920e-01
869 2.978440e-01 1.604880e-01 5.416680e-01
870 2.981600e-01 1.597840e-01 5.420560e-01
871 2.985560e-01 1.600200e-01 5.414240e-01
872 2.978000e-01 1.609200e-01 5.412800e-01
873 2.976680e-01 1.607240e-01 5.416080e-01
874 2.978520e-01 1.610440e-01 5.411040e-01
875 2.982280e-01 1.609240e-01 5.408480e-01
876 2.982040e-01 1.611800e-01 5.406160e-01
877 2.979560e-01 1.617480e-01 5.402960e-01
878 2.977360e-01 1.622040e-01 5.400600e-01
879 2.979320e-01 1.619360e-01 5.401320e-01
880 2.978200e-01 1.621520e-01 5.400280e-01
881 2.970760e-01 1.624240e-01 5.405000e-01
882 2.968360e-01 1.624520e-01 5.407120e-01
883 2.966360e-01 1.621000e-01 5.412640e-01
884 2.970480e-01 1.619800e-01 5.409720e-01
885 2.975360e-01 1.615080e-01 5.409560e-01
886 2.982920e-01 1.606200e-01 5.410880e-01
887 2.984240e-01 1.607160e-01 5.408600e-01
888 2.985360e-01 1.601880e-01 5.412760e-01
889 2.981800e-01 1.605960e-01 5.412240e-01
890 2.981720e-01 1.606560e-01 5.411720e-01
891 2.982600e-01 1.610600e-01 5.406800e-01
892 2.978800e-01 1.607480e-01 5.413720e-01
893 2.991280e-01 1.604000e-01 5.404720e-01
894 2.994760e-01 1.610240e-01 5.395000e-01
895 2.993080e-01 1.607960e-01 5.398960e-01
896 2.994680e-01 1.613680e-01 5.391640e-01
897 2.996840e-01 1.611920e-01 5.391240e-01
898 2.995720e-01 1.609360e-01 5.394920e-01
899 2.998960e-01 1.609960e-01 5.391080e-01
900 2.996160e-01 1.610640e-01 5.393200e-01
901 2.997280e-01 1.607760e-01 5.394960e-01
902 2.997240e-01 1.607560e-01 5.395200e-01
903 2.986440e-01 1.613600e-01 5.399960e-01
904 2.992680e-01 1.614480e-01 5.392840e-01
905 2.995560e-01 1.618080e-01 5.386360e-01
906 2.992800e-01 1.615960e-01 5.391240e-01
907 2.994720e-01 1.613560e-01 5.391720e-01
908 2.998760e-01 1.612480e-01 5.388760e-01
909 2.997680e-01 1.618440e-01 5.383880e-01
910 2.999000e-01 1.618120e-01 5.382880e-01
911 3.000600e-01 1.617600e-01 5.381800e-01
912 2.996560e-01 1.614160e-01 5.389280e-01
913 3.003640e-01 1.611160e-01 5.385200e-01
914 3.008080e-01 1.610560e-01 5.381360e-01
915 3.006000e-01 1.609720e-01 5.384280e-01
916 3.010160e-01 1.608320e-01 5.381520e-01
917 3.011560e-01 1.605440e-01 5.383000e-01
918 3.013240e-01 1.602720e-01 5.384040e-01
919 3.014760e-01 1.602000e-01 5.383240e-01
920 3.014000e-01 1.606200e-01 5.379800e-01
921 3.010600e-01 1.612920e-01 5.376480e-01
922 3.006200e-01 1.618560e-01 5.375240e-01
923 3.003440e-01 1.626240e-01 5.370320e-01
924 2.995160e-01 1.632040e-01 5.372800e-01
925 2.993560e-01 1.638040e-01 5.368400e-01
926 2.990760e-01 1.639640e-01 5.369600e-01
927 2.979680e-01 1.639960e-01 5.380360e-01
928 2.979240e-01 1.635800e-01 5.384960e-01
929 2.979840e-01 1.637800e-01 5.382360e-01
930 2.974880e-01 1.644240e-01 5.380880e-01
931 2.975600e-01 1.643000e-01 5.381400e-01
932 2.972600e-01 1.644080e-01 5.383320e-01
