1 9.991280e-01 7.800000e-04 9.200000e-05
2 9.985680e-01 1.208000e-03 2.240000e-04
3 9.975480e-01 2.000000e-03 4.520000e-04
4 9.961200e-01 3.048000e-03 8.320000e-04
5 9.944320e-01 4.064000e-03 1.504000e-03
6 9.924760e-01 5.360000e-03 2.164000e-03
7 9.903600e-01 6.596000e-03 3.044000e-03
8 9.880400e-01 7.888000e-03 4.072000e-03
9 9.852080e-01 9.432000e-03 5.360000e-03
10 9.824480e-01 1.080400e-02 6.748000e-03
11 9.790320e-01 1.261600e-02 8.352000e-03
12 9.753160e-01 1.456800e-02 1.011600e-02
13 9.713360e-01 1.657600e-02 1.208800e-02
14 9.668120e-01 1.879200e-02 1.439600e-02
15 9.621560e-01 2.101200e-02 1.683200e-02
16 9.572640e-01 2.321600e-02 1.952000e-02
17 9.519520e-01 2.540800e-02 2.264000e-02
18 9.461400e-01 2.814800e-02 2.571200e-02
19 9.400320e-01 3.062800e-02 2.934000e-02
20 9.339080e-01 3.333200e-02 3.276000e-02
21 9.274440e-01 3.593200e-02 3.662400e-02
22 9.206040e-01 3.889600e-02 4.050000e-02
23 9.131960e-01 4.166800e-02 4.513600e-02
24 9.054640e-01 4.480800e-02 4.972800e-02
25 8.978480e-01 4.751600e-02 5.463600e-02
26 8.899320e-01 5.009600e-02 5.997200e-02
27 8.816240e-01 5.298000e-02 6.539600e-02
28 8.735440e-01 5.548000e-02 7.097600e-02
29 8.658600e-01 5.793200e-02 7.620800e-02
30 8.573040e-01 6.115200e-02 8.154400e-02
31 8.484600e-01 6.448000e-02 8.706000e-02
32 8.390800e-01 6.746800e-02 9.345200e-02
33 8.297840e-01 7.057200e-02 9.964400e-02
34 8.208880e-01 7.309600e-02 1.060160e-01
35 8.119920e-01 7.553200e-02 1.124760e-01
36 8.030080e-01 7.867200e-02 1.183200e-01
37 7.936960e-01 8.196800e-02 1.243360e-01
38 7.836520e-01 8.495200e-02 1.313960e-01
39 7.741520e-01 8.750800e-02 1.383400e-01
40 7.647040e-01 9.058000e-02 1.447160e-01
41 7.550280e-01 9.319600e-02 1.517760e-01
42 7.459080e-01 9.527200e-02 1.588200e-01
43 7.367080e-01 9.736400e-02 1.659280e-01
44 7.275280e-01 1.001120e-01 1.723600e-01
45 7.187520e-01 1.019640e-01 1.792840e-01
46 7.097440e-01 1.040560e-01 1.862000e-01
47 7.010400e-01 1.061320e-01 1.928280e-01
48 6.920800e-01 1.082520e-01 1.996680e-01
49 6.833800e-01 1.103920e-01 2.062280e-01
50 6.746680e-01 1.123800e-01 2.129520e-01
51 6.657600e-01 1.147040e-01 2.195360e-01
52 6.568440e-01 1.171400e-01 2.260160e-01
53 6.476640e-01 1.201120e-01 2.322240e-01
54 6.380840e-01 1.227800e-01 2.391360e-01
55 6.294000e-01 1.241280e-01 2.464720e-01
56 6.204080e-01 1.266960e-01 2.528960e-01
57 6.113600e-01 1.287720e-01 2.598680e-01
58 6.027240e-01 1.307400e-01 2.665360e-01
59 5.942560e-01 1.326840e-01 2.730600e-01
60 5.857760e-01 1.345680e-01 2.796560e-01
61 5.772880e-01 1.367320e-01 2.859800e-01
62 5.689840e-01 1.386960e-01 2.923200e-01
63 5.606120e-01 1.411160e-01 2.982720e-01
64 5.531520e-01 1.423360e-01 3.045120e-01
65 5.451680e-01 1.444200e-01 3.104120e-01
66 5.377920e-01 1.453000e-01 3.169080e-01
67 5.304040e-01 1.465120e-01 3.230840e-01
68 5.235120e-01 1.474320e-01 3.290560e-01
69 5.166160e-01 1.484200e-01 3.349640e-01
70 5.100000e-01 1.492200e-01 3.407800e-01
71 5.036200e-01 1.491840e-01 3.471960e-01
72 4.967960e-01 1.510880e-01 3.521160e-01
73 4.900480e-01 1.523480e-01 3.576040e-01
74 4.837920e-01 1.531120e-01 3.630960e-01
75 4.767840e-01 1.544400e-01 3.687760e-01
76 4.708480e-01 1.549200e-01 3.742320e-01
77 4.649400e-01 1.564040e-01 3.786560e-01
78 4.592400e-01 1.566960e-01 3.840640e-01
79 4.536440e-01 1.574600e-01 3.888960e-01
80 4.479200e-01 1.579360e-01 3.941440e-01
81 4.425440e-01 1.588280e-01 3.986280e-01
82 4.375960e-01 1.593080e-01 4.030960e-01
83 4.325120e-01 1.602280e-01 4.072600e-01
84 4.280040e-01 1.611360e-01 4.108600e-01
85 4.230080e-01 1.616480e-01 4.153440e-01
86 4.180160e-01 1.619720e-01 4.200120e-01
87 4.133080e-01 1.629760e-01 4.237160e-01
88 4.087120e-01 1.634640e-01 4.278240e-01
89 4.050400e-01 1.633800e-01 4.315800e-01
90 4.008800e-01 1.640680e-01 4.350520e-01
91 3.974200e-01 1.639720e-01 4.386080e-01
92 3.933480e-01 1.647320e-01 4.419200e-01
93 3.890560e-01 1.655840e-01 4.453600e-01
94 3.853360e-01 1.655920e-01 4.490720e-01
95 3.814720e-01 1.661320e-01 4.523960e-01
96 3.777680e-01 1.668480e-01 4.553840e-01
97 3.748040e-01 1.667960e-01 4.584000e-01
98 3.712560e-01 1.668600e-01 4.618840e-01
99 3.678720e-01 1.674840e-01 4.646440e-01
100 3.639360e-01 1.679560e-01 4.681080e-01
101 3.608440e-01 1.679640e-01 4.711920e-01
102 3.583040e-01 1.677200e-01 4.739760e-01
103 3.552560e-01 1.680040e-01 4.767400e-01
104 3.519360e-01 1.684480e-01 4.796160e-01
105 3.490400e-01 1.687840e-01 4.821760e-01
106 3.471640e-01 1.680320e-01 4.848040e-01
107 3.447200e-01 1.681840e-01 4.870960e-01
108 3.422440e-01 1.687960e-01 4.889600e-01
109 3.398000e-01 1.692480e-01 4.909520e-01
110 3.367240e-01 1.697600e-01 4.935160e-01
111 3.344360e-01 1.693920e-01 4.961720e-01
112 3.321240e-01 1.696760e-01 4.982000e-01
113 3.310080e-01 1.691200e-01 4.998720e-01
114 3.291480e-01 1.688040e-01 5.020480e-01
115 3.271200e-01 1.684080e-01 5.044720e-01
116 3.253520e-01 1.684000e-01 5.062480e-01
117 3.237280e-01 1.684200e-01 5.078520e-01
118 3.225600e-01 1.681880e-01 5.092520e-01
119 3.203520e-01 1.684960e-01 5.111520e-01
120 3.187440e-01 1.683800e-01 5.128760e-01
121 3.174240e-01 1.682640e-01 5.143120e-01
122 3.157640e-01 1.684040e-01 5.158320e-01
123 3.144640e-01 1.684680e-01 5.170680e-01
124 3.132720e-01 1.687000e-01 5.180280e-01
125 3.120280e-01 1.686600e-01 5.193120e-01
126 3.110120e-01 1.686200e-01 5.203680e-01
127 3.099440e-01 1.679920e-01 5.220640e-01
128 3.085040e-01 1.683440e-01 5.231520e-01
129 3.077240e-01 1.682560e-01 5.240200e-01
130 3.071040e-01 1.680160e-01 5.248800e-01
131 3.057960e-01 1.681560e-01 5.260480e-01
132 3.050880e-01 1.680800e-01 5.268320e-01
133 3.043240e-01 1.677920e-01 5.278840e-01
134 3.034880e-01 1.675880e-01 5.289240e-01
135 3.025800e-01 1.676640e-01 5.297560e-01
136 3.023040e-01 1.671320e-01 5.305640e-01
137 3.018880e-01 1.665480e-01 5.315640e-01
138 3.013480e-01 1.663080e-01 5.323440e-01
139 3.012160e-01 1.660360e-01 5.327480e-01
140 3.003560e-01 1.667200e-01 5.329240e-01
141 3.001560e-01 1.662320e-01 5.336120e-01
142 3.000880e-01 1.665320e-01 5.333800e-01
143 2.995960e-01 1.665120e-01 5.338920e-01
144 2.988120e-01 1.662120e-01 5.349760e-01
145 2.989840e-01 1.656000e-01 5.354160e-01
146 2.983160e-01 1.660400e-01 5.356440e-01
147 2.975640e-01 1.664560e-01 5.359800e-01
148 2.968920e-01 1.662520e-01 5.368560e-01
149 2.972320e-01 1.654480e-01 5.373200e-01
150 2.977600e-01 1.652720e-01 5.369680e-01
151 2.968640e-01 1.656440e-01 5.374920e-01
152 2.964120e-01 1.656960e-01 5.378920e-01
153 2.960680e-01 1.653520e-01 5.385800e-01
154 2.960320e-01 1.652000e-01 5.387680e-01
155 2.956560e-01 1.651200e-01 5.392240e-01
156 2.957720e-01 1.650760e-01 5.391520e-01
157 2.960840e-01 1.649800e-01 5.389360e-01
158 2.955920e-01 1.648480e-01 5.395600e-01
159 2.956040e-01 1.646400e-01 5.397560e-01
160 2.951480e-01 1.652720e-01 5.395800e-01
161 2.953000e-01 1.644000e-01 5.403000e-01
162 2.947600e-01 1.647840e-01 5.404560e-01
163 2.947400e-01 1.640560e-01 5.412040e-01
164 2.941400e-01 1.642720e-01 5.415880e-01
165 2.939880e-01 1.644840e-01 5.415280e-01
166 2.942360e-01 1.640120e-01 5.417520e-01
167 2.945400e-01 1.636520e-01 5.418080e-01
168 2.950880e-01 1.639120e-01 5.410000e-01
169 2.944520e-01 1.644400e-01 5.411080e-01
170 2.946840e-01 1.639840e-01 5.413320e-01
171 2.951320e-01 1.637560e-01 5.411120e-01
172 2.945400e-01 1.640200e-01 5.414400e-01
173 2.943840e-01 1.641600e-01 5.414560e-01
174 2.942760e-01 1.640680e-01 5.416560e-01
175 2.939480e-01 1.637440e-01 5.423080e-01
176 2.936280e-01 1.643320e-01 5.420400e-01
177 2.937760e-01 1.642360e-01 5.419880e-01
178 2.929800e-01 1.649520e-01 5.420680e-01
179 2.932200e-01 1.641680e-01 5.426120e-01
180 2.936440e-01 1.635800e-01 5.427760e-01
181 2.944560e-01 1.632440e-01 5.423000e-01
182 2.946560e-01 1.632040e-01 5.421400e-01
183 2.945120e-01 1.631760e-01 5.423120e-01
184 2.952720e-01 1.626960e-01 5.420320e-01
185 2.954200e-01 1.626040e-01 5.419760e-01
186 2.953240e-01 1.623520e-01 5.423240e-01
187 2.957040e-01 1.623960e-01 5.419000e-01
188 2.958960e-01 1.623200e-01 5.417840e-01
189 2.963440e-01 1.619080e-01 5.417480e-01
190 2.966000e-01 1.613120e-01 5.420880e-01
191 2.971920e-01 1.614160e-01 5.413920e-01
192 2.969200e-01 1.616800e-01 5.414000e-01
193 2.967000e-01 1.622640e-01 5.410360e-01
194 2.968880e-01 1.616160e-01 5.414960e-01
195 2.968360e-01 1.615360e-01 5.416280e-01
196 2.970840e-01 1.612840e-01 5.416320e-01
197 2.973520e-01 1.613760e-01 5.412720e-01
198 2.968320e-01 1.612760e-01 5.418920e-01
199 2.966960e-01 1.613840e-01 5.419200e-01
200 2.968800e-01 1.614800e-01 5.416400e-01
201 2.974720e-01 1.612320e-01 5.412960e-01
202 2.973880e-01 1.614120e-01 5.412000e-01
203 2.972880e-01 1.619560e-01 5.407560e-01
204 2.971760e-01 1.618560e-01 5.409680e-01
205 2.972400e-01 1.620240e-01 5.407360e-01
206 2.971840e-01 1.623440e-01 5.404720e-01
207 2.973400e-01 1.621200e-01 5.405400e-01
208 2.973600e-01 1.621040e-01 5.405360e-01
209 2.974680e-01 1.621320e-01 5.404000e-01
210 2.970320e-01 1.622400e-01 5.407280e-01
211 2.965200e-01 1.622280e-01 5.412520e-01
212 2.962560e-01 1.622480e-01 5.414960e-01
213 2.969040e-01 1.615760e-01 5.415200e-01
214 2.974240e-01 1.615000e-01 5.410760e-01
215 2.976320e-01 1.616240e-01 5.407440e-01
216 2.978760e-01 1.614360e-01 5.406880e-01
217 2.979520e-01 1.615360e-01 5.405120e-01
218 2.978640e-01 1.609480e-01 5.411880e-01
219 2.979400e-01 1.606680e-01 5.413920e-01
220 2.978480e-01 1.609760e-01 5.411760e-01
221 2.976800e-01 1.619320e-01 5.403880e-01
222 2.975800e-01 1.617720e-01 5.406480e-01
223 2.978680e-01 1.616160e-01 5.405160e-01
224 2.975760e-01 1.623600e-01 5.400640e-01
225 2.976280e-01 1.620320e-01 5.403400e-01
226 2.982960e-01 1.616520e-01 5.400520e-01
227 2.984800e-01 1.614440e-01 5.400760e-01
228 2.980880e-01 1.618880e-01 5.400240e-01
229 2.976120e-01 1.618120e-01 5.405760e-01
230 2.971000e-01 1.624120e-01 5.404880e-01
231 2.969840e-01 1.629000e-01 5.401160e-01
232 2.969360e-01 1.628520e-01 5.402120e-01
233 2.966640e-01 1.626720e-01 5.406640e-01
234 2.959280e-01 1.626000e-01 5.414720e-01
235 2.959840e-01 1.627800e-01 5.412360e-01
236 2.960200e-01 1.630960e-01 5.408840e-01
237 2.961520e-01 1.632680e-01 5.405800e-01
238 2.968920e-01 1.624840e-01 5.406240e-01
239 2.969720e-01 1.620160e-01 5.410120e-01
240 2.965160e-01 1.617440e-01 5.417400e-01
241 2.966320e-01 1.617560e-01 5.416120e-01
242 2.968480e-01 1.620120e-01 5.411400e-01
243 2.973800e-01 1.618960e-01 5.407240e-01
244 2.974320e-01 1.619760e-01 5.405920e-01
245 2.974320e-01 1.619560e-01 5.406120e-01
246 2.978960e-01 1.619280e-01 5.401760e-01
247 2.978520e-01 1.615800e-01 5.405680e-01
248 2.977800e-01 1.614680e-01 5.407520e-01
249 2.981640e-01 1.615760e-01 5.402600e-01
250 2.987800e-01 1.607120e-01 5.405080e-01
251 2.992440e-01 1.602880e-01 5.404680e-01
252 2.999880e-01 1.599200e-01 5.400920e-01
253 3.001160e-01 1.594680e-01 5.404160e-01
254 2.999440e-01 1.599720e-01 5.400840e-01
255 3.004960e-01 1.602680e-01 5.392360e-01
256 3.003160e-01 1.605560e-01 5.391280e-01
257 3.004400e-01 1.611000e-01 5.384600e-01
258 2.999320e-01 1.617120e-01 5.383560e-01
259 2.999880e-01 1.619800e-01 5.380320e-01
260 2.996720e-01 1.624000e-01 5.379280e-01
261 2.994840e-01 1.623760e-01 5.381400e-01
262 3.002560e-01 1.624480e-01 5.372960e-01
263 2.996440e-01 1.629520e-01 5.374040e-01
264 2.991200e-01 1.631680e-01 5.377120e-01
265 2.988760e-01 1.632120e-01 5.379120e-01
266 2.985800e-01 1.629640e-01 5.384560e-01
267 2.991440e-01 1.627200e-01 5.381360e-01
268 2.985320e-01 1.630240e-01 5.384440e-01
269 2.985000e-01 1.619720e-01 5.395280e-01
270 2.986840e-01 1.622560e-01 5.390600e-01
271 2.989920e-01 1.619560e-01 5.390520e-01
272 3.000360e-01 1.616360e-01 5.383280e-01
273 2.995480e-01 1.629640e-01 5.374880e-01
274 2.992920e-01 1.635200e-01 5.371880e-01
275 2.990120e-01 1.634640e-01 5.375240e-01
276 2.984360e-01 1.637160e-01 5.378480e-01
277 2.984760e-01 1.634000e-01 5.381240e-01
278 2.976840e-01 1.628880e-01 5.394280e-01
279 2.982120e-01 1.625520e-01 5.392360e-01
280 2.975040e-01 1.632640e-01 5.392320e-01
281 2.980320e-01 1.636760e-01 5.382920e-01
282 2.969720e-01 1.642880e-01 5.387400e-01
283 2.962120e-01 1.646840e-01 5.391040e-01
284 2.959840e-01 1.646400e-01 5.393760e-01
285 2.961640e-01 1.643760e-01 5.394600e-01
286 2.962080e-01 1.637640e-01 5.400280e-01
287 2.959440e-01 1.636360e-01 5.404200e-01
288 2.956280e-01 1.639960e-01 5.403760e-01
289 2.952840e-01 1.642720e-01 5.404440e-01
290 2.952920e-01 1.643800e-01 5.403280e-01
291 2.955200e-01 1.642120e-01 5.402680e-01
292 2.956000e-01 1.642040e-01 5.401960e-01
293 2.956360e-01 1.642680e-01 5.400960e-01
294 2.956360e-01 1.643520e-01 5.400120e-01
295 2.953360e-01 1.643440e-01 5.403200e-01
296 2.952760e-01 1.645760e-01 5.401480e-01
297 2.959400e-01 1.642080e-01 5.398520e-01
298 2.953920e-01 1.639840e-01 5.406240e-01
299 2.955400e-01 1.639440e-01 5.405160e-01
300 2.956840e-01 1.639240e-01 5.403920e-01
301 2.958640e-01 1.634600e-01 5.406760e-01
302 2.951760e-01 1.635160e-01 5.413080e-01
303 2.948880e-01 1.638320e-01 5.412800e-01
304 2.952240e-01 1.632080e-01 5.415680e-01
305 2.955200e-01 1.629240e-01 5.415560e-01
306 2.958400e-01 1.631120e-01 5.410480e-01
307 2.958480e-01 1.638040e-01 5.403480e-01
308 2.957880e-01 1.636880e-01 5.405240e-01
309 2.957840e-01 1.640760e-01 5.401400e-01
310 2.956440e-01 1.642640e-01 5.400920e-01
311 2.953600e-01 1.649240e-01 5.397160e-01
312 2.950800e-01 1.643680e-01 5.405520e-01
313 2.954680e-01 1.647600e-01 5.397720e-01
314 2.951720e-01 1.654720e-01 5.393560e-01
315 2.950920e-01 1.649800e-01 5.399280e-01
316 2.941760e-01 1.656040e-01 5.402200e-01
317 2.942720e-01 1.656880e-01 5.400400e-01
318 2.937840e-01 1.655800e-01 5.406360e-01
319 2.930640e-01 1.663240e-01 5.406120e-01
320 2.924680e-01 1.660120e-01 5.415200e-01
321 2.921880e-01 1.655520e-01 5.422600e-01
322 2.920440e-01 1.654720e-01 5.424840e-01
323 2.919920e-01 1.650600e-01 5.429480e-01
324 2.918960e-01 1.653360e-01 5.427680e-01
325 2.914280e-01 1.656960e-01 5.428760e-01
326 2.918400e-01 1.653760e-01 5.427840e-01
327 2.921840e-01 1.649360e-01 5.428800e-01
328 2.923440e-01 1.650880e-01 5.425680e-01
329 2.919200e-01 1.653120e-01 5.427680e-01
330 2.920680e-01 1.648440e-01 5.430880e-01
331 2.924080e-01 1.641520e-01 5.434400e-01
332 2.924400e-01 1.639560e-01 5.436040e-01
333 2.923120e-01 1.631240e-01 5.445640e-01
334 2.925920e-01 1.625360e-01 5.448720e-01
335 2.931920e-01 1.622280e-01 5.445800e-01
336 2.936400e-01 1.620520e-01 5.443080e-01
337 2.941960e-01 1.617360e-01 5.440680e-01
338 2.949640e-01 1.616880e-01 5.433480e-01
339 2.951440e-01 1.616640e-01 5.431920e-01
340 2.953600e-01 1.614920e-01 5.431480e-01
341 2.964960e-01 1.606720e-01 5.428320e-01
342 2.965640e-01 1.606640e-01 5.427720e-01
343 2.964720e-01 1.605640e-01 5.429640e-01
344 2.964680e-01 1.607720e-01 5.427600e-01
345 2.973160e-01 1.604560e-01 5.422280e-01
346 2.981720e-01 1.602680e-01 5.415600e-01
347 2.983000e-01 1.607160e-01 5.409840e-01
348 2.985360e-01 1.610760e-01 5.403880e-01
349 2.983760e-01 1.617720e-01 5.398520e-01
350 2.984280e-01 1.617360e-01 5.398360e-01
351 2.983800e-01 1.624560e-01 5.391640e-01
352 2.983480e-01 1.626920e-01 5.389600e-01
353 2.982200e-01 1.628760e-01 5.389040e-01
354 2.986280e-01 1.626080e-01 5.387640e-01
355 2.992680e-01 1.619440e-01 5.387880e-01
356 2.992480e-01 1.620960e-01 5.386560e-01
357 2.991240e-01 1.627000e-01 5.381760e-01
358 2.995240e-01 1.621120e-01 5.383640e-01
359 2.990040e-01 1.623880e-01 5.386080e-01
360 2.990040e-01 1.625800e-01 5.384160e-01
361 2.990600e-01 1.630480e-01 5.378920e-01
362 2.989280e-01 1.628520e-01 5.382200e-01
363 2.983840e-01 1.634720e-01 5.381440e-01
364 2.987480e-01 1.635320e-01 5.377200e-01
365 2.983440e-01 1.636680e-01 5.379880e-01
366 2.982000e-01 1.636760e-01 5.381240e-01
367 2.975400e-01 1.640440e-01 5.384160e-01
368 2.972000e-01 1.643120e-01 5.384880e-01
369 2.970360e-01 1.648800e-01 5.380840e-01
370 2.968960e-01 1.646480e-01 5.384560e-01
371 2.969080e-01 1.649240e-01 5.381680e-01
372 2.970360e-01 1.647760e-01 5.381880e-01
373 2.965120e-01 1.646760e-01 5.388120e-01
374 2.964040e-01 1.637680e-01 5.398280e-01
375 2.961960e-01 1.638840e-01 5.399200e-01
376 2.962400e-01 1.642440e-01 5.395160e-01
377 2.962560e-01 1.642680e-01 5.394760e-01
378 2.963680e-01 1.644960e-01 5.391360e-01
379 2.957240e-01 1.645280e-01 5.397480e-01
380 2.954600e-01 1.641720e-01 5.403680e-01
381 2.953480e-01 1.642920e-01 5.403600e-01
382 2.952560e-01 1.642320e-01 5.405120e-01
383 2.945600e-01 1.638600e-01 5.415800e-01
384 2.947520e-01 1.639320e-01 5.413160e-01
385 2.944800e-01 1.640440e-01 5.414760e-01
386 2.943920e-01 1.639320e-01 5.416760e-01
387 2.949400e-01 1.631920e-01 5.418680e-01
388 2.940600e-01 1.637160e-01 5.422240e-01
389 2.940840e-01 1.639640e-01 5.419520e-01
390 2.941160e-01 1.633520e-01 5.425320e-01
391 2.945160e-01 1.631400e-01 5.423440e-01
392 2.944560e-01 1.626840e-01 5.428600e-01
393 2.947440e-01 1.628680e-01 5.423880e-01
394 2.948200e-01 1.627200e-01 5.424600e-01
395 2.954560e-01 1.629800e-01 5.415640e-01
396 2.961480e-01 1.622360e-01 5.416160e-01
397 2.960880e-01 1.625120e-01 5.414000e-01
398 2.959920e-01 1.625160e-01 5.414920e-01
399 2.966560e-01 1.624560e-01 5.408880e-01
400 2.969720e-01 1.623880e-01 5.406400e-01
401 2.968400e-01 1.629560e-01 5.402040e-01
402 2.967680e-01 1.631960e-01 5.400360e-01
403 2.966680e-01 1.623280e-01 5.410040e-01
404 2.968240e-01 1.625600e-01 5.406160e-01
405 2.968840e-01 1.625240e-01 5.405920e-01
406 2.966600e-01 1.630840e-01 5.402560e-01
407 2.967400e-01 1.630520e-01 5.402080e-01
408 2.966080e-01 1.631840e-01 5.402080e-01
409 2.966840e-01 1.632280e-01 5.400880e-01
410 2.968160e-01 1.627960e-01 5.403880e-01
411 2.970320e-01 1.628600e-01 5.401080e-01
412 2.973480e-01 1.626360e-01 5.400160e-01
413 2.975960e-01 1.621680e-01 5.402360e-01
414 2.974840e-01 1.621960e-01 5.403200e-01
415 2.977520e-01 1.617520e-01 5.404960e-01
416 2.979080e-01 1.617600e-01 5.403320e-01
417 2.981240e-01 1.616000e-01 5.402760e-01
418 2.983560e-01 1.615240e-01 5.401200e-01
419 2.982720e-01 1.618840e-01 5.398440e-01
420 2.983600e-01 1.618400e-01 5.398000e-01
421 2.981840e-01 1.617760e-01 5.400400e-01
422 2.977760e-01 1.620400e-01 5.401840e-01
423 2.973160e-01 1.620200e-01 5.406640e-01
424 2.971440e-01 1.625200e-01 5.403360e-01
425 2.970920e-01 1.625520e-01 5.403560e-01
426 2.974360e-01 1.621960e-01 5.403680e-01
427 2.973520e-01 1.624840e-01 5.401640e-01
428 2.971280e-01 1.624480e-01 5.404240e-01
429 2.967040e-01 1.626920e-01 5.406040e-01
430 2.968360e-01 1.625520e-01 5.406120e-01
431 2.972640e-01 1.627480e-01 5.399880e-01
432 2.967400e-01 1.622240e-01 5.410360e-01
433 2.978880e-01 1.616800e-01 5.404320e-01
434 2.984920e-01 1.609200e-01 5.405880e-01
435 2.978480e-01 1.616080e-01 5.405440e-01
436 2.972480e-01 1.621600e-01 5.405920e-01
437 2.971880e-01 1.624560e-01 5.403560e-01
438 2.977640e-01 1.620440e-01 5.401920e-01
439 2.981120e-01 1.626080e-01 5.392800e-01
440 2.981080e-01 1.626160e-01 5.392760e-01
441 2.981040e-01 1.628800e-01 5.390160e-01
442 2.982520e-01 1.624480e-01 5.393000e-01
443 2.983120e-01 1.625800e-01 5.391080e-01
444 2.972840e-01 1.632720e-01 5.394440e-01
445 2.964240e-01 1.644200e-01 5.391560e-01
446 2.960840e-01 1.639040e-01 5.400120e-01
447 2.961160e-01 1.643640e-01 5.395200e-01
448 2.954320e-01 1.645760e-01 5.399920e-01
449 2.948360e-01 1.652320e-01 5.399320e-01
450 2.945920e-01 1.647960e-01 5.406120e-01
451 2.948000e-01 1.647200e-01 5.404800e-01
452 2.949200e-01 1.647400e-01 5.403400e-01
453 2.949640e-01 1.642720e-01 5.407640e-01
454 2.951920e-01 1.642360e-01 5.405720e-01
455 2.949280e-01 1.640960e-01 5.409760e-01
456 2.949560e-01 1.641720e-01 5.408720e-01
457 2.949680e-01 1.644240e-01 5.406080e-01
458 2.947400e-01 1.648720e-01 5.403880e-01
459 2.945680e-01 1.649040e-01 5.405280e-01
460 2.945600e-01 1.644480e-01 5.409920e-01
461 2.947760e-01 1.638240e-01 5.414000e-01
462 2.951040e-01 1.630720e-01 5.418240e-01
463 2.952440e-01 1.635720e-01 5.411840e-01
464 2.951760e-01 1.630000e-01 5.418240e-01
465 2.944680e-01 1.635000e-01 5.420320e-01
466 2.943960e-01 1.632000e-01 5.424040e-01
467 2.945040e-01 1.624800e-01 5.430160e-01
468 2.945760e-01 1.627920e-01 5.426320e-01
469 2.947320e-01 1.630760e-01 5.421920e-01
470 2.941320e-01 1.634280e-01 5.424400e-01
471 2.939160e-01 1.637480e-01 5.423360e-01
472 2.940320e-01 1.634520e-01 5.425160e-01
473 2.946360e-01 1.632160e-01 5.421480e-01
474 2.945000e-01 1.633080e-01 5.421920e-01
475 2.945520e-01 1.636440e-01 5.418040e-01
476 2.947800e-01 1.631120e-01 5.421080e-01
477 2.950920e-01 1.631960e-01 5.417120e-01
478 2.951040e-01 1.630240e-01 5.418720e-01
479 2.949080e-01 1.626480e-01 5.424440e-01
480 2.950400e-01 1.624360e-01 5.425240e-01
481 2.949280e-01 1.621440e-01 5.429280e-01
482 2.950360e-01 1.622800e-01 5.426840e-01
483 2.944240e-01 1.622720e-01 5.433040e-01
484 2.944400e-01 1.621480e-01 5.434120e-01
485 2.949720e-01 1.616400e-01 5.433880e-01
486 2.958640e-01 1.611440e-01 5.429920e-01
487 2.958880e-01 1.607480e-01 5.433640e-01
488 2.966400e-01 1.601760e-01 5.431840e-01
489 2.965640e-01 1.604960e-01 5.429400e-01
490 2.969080e-01 1.604800e-01 5.426120e-01
491 2.976760e-01 1.599320e-01 5.423920e-01
492 2.982560e-01 1.599440e-01 5.418000e-01
493 2.987160e-01 1.594760e-01 5.418080e-01
494 2.987720e-01 1.593920e-01 5.418360e-01
495 2.985400e-01 1.601160e-01 5.413440e-01
496 2.988240e-01 1.599520e-01 5.412240e-01
497 2.987800e-01 1.600120e-01 5.412080e-01
498 2.996800e-01 1.592720e-01 5.410480e-01
499 3.000400e-01 1.591160e-01 5.408440e-01
500 3.004320e-01 1.589400e-01 5.406280e-01
501 3.003200e-01 1.590640e-01 5.406160e-01
502 2.998760e-01 1.595320e-01 5.405920e-01
503 2.995640e-01 1.599280e-01 5.405080e-01
504 2.995240e-01 1.601920e-01 5.402840e-01
505 2.993680e-01 1.599440e-01 5.406880e-01
506 2.994360e-01 1.601200e-01 5.404440e-01
507 2.995680e-01 1.604520e-01 5.399800e-01
508 2.993400e-01 1.612400e-01 5.394200e-01
509 2.994960e-01 1.614120e-01 5.390920e-01
510 2.992840e-01 1.613440e-01 5.393720e-01
511 2.988600e-01 1.615600e-01 5.395800e-01
512 2.982040e-01 1.623160e-01 5.394800e-01
513 2.981600e-01 1.625160e-01 5.393240e-01
514 2.981640e-01 1.630920e-01 5.387440e-01
515 2.976560e-01 1.638920e-01 5.384520e-01
516 2.973080e-01 1.641840e-01 5.385080e-01
517 2.972400e-01 1.642200e-01 5.385400e-01
518 2.972720e-01 1.637280e-01 5.390000e-01
519 2.974840e-01 1.632680e-01 5.392480e-01
520 2.972800e-01 1.632080e-01 5.395120e-01
521 2.972280e-01 1.629320e-01 5.398400e-01
522 2.971920e-01 1.631720e-01 5.396360e-01
523 2.971120e-01 1.628400e-01 5.400480e-01
524 2.968320e-01 1.631640e-01 5.400040e-01
525 2.966480e-01 1.630200e-01 5.403320e-01
526 2.969280e-01 1.627120e-01 5.403600e-01
527 2.970480e-01 1.627240e-01 5.402280e-01
528 2.966600e-01 1.628800e-01 5.404600e-01
529 2.969240e-01 1.627080e-01 5.403680e-01
530 2.965400e-01 1.626480e-01 5.408120e-01
531 2.959040e-01 1.628240e-01 5.412720e-01
532 2.964640e-01 1.631760e-01 5.403600e-01
533 2.954000e-01 1.640640e-01 5.405360e-01
534 2.956440e-01 1.637640e-01 5.405920e-01
535 2.952800e-01 1.634600e-01 5.412600e-01
536 2.952040e-01 1.633840e-01 5.414120e-01
537 2.957120e-01 1.628440e-01 5.414440e-01
538 2.964840e-01 1.626760e-01 5.408400e-01
539 2.969040e-01 1.620680e-01 5.410280e-01
540 2.961720e-01 1.627760e-01 5.410520e-01
541 2.962200e-01 1.629120e-01 5.408680e-01
542 2.956200e-01 1.628760e-01 5.415040e-01
543 2.954440e-01 1.625200e-01 5.420360e-01
544 2.948680e-01 1.628000e-01 5.423320e-01
545 2.951560e-01 1.621120e-01 5.427320e-01
546 2.957040e-01 1.620600e-01 5.422360e-01
547 2.954440e-01 1.623440e-01 5.422120e-01
548 2.952720e-01 1.616800e-01 5.430480e-01
549 2.958240e-01 1.623280e-01 5.418480e-01
550 2.957320e-01 1.622080e-01 5.420600e-01
551 2.956800e-01 1.621800e-01 5.421400e-01
552 2.959680e-01 1.617200e-01 5.423120e-01
553 2.960440e-01 1.613840e-01 5.425720e-01
554 2.961760e-01 1.610800e-01 5.427440e-01
555 2.969120e-01 1.608320e-01 5.422560e-01
556 2.972040e-01 1.611200e-01 5.416760e-01
557 2.967560e-01 1.614040e-01 5.418400e-01
558 2.967560e-01 1.616440e-01 5.416000e-01
559 2.970240e-01 1.613800e-01 5.415960e-01
560 2.971880e-01 1.612480e-01 5.415640e-01
561 2.983320e-01 1.606640e-01 5.410040e-01
562 2.984080e-01 1.607720e-01 5.408200e-01
563 2.983520e-01 1.608400e-01 5.408080e-01
564 2.985720e-01 1.605200e-01 5.409080e-01
565 2.989000e-01 1.608880e-01 5.402120e-01
566 2.990640e-01 1.613320e-01 5.396040e-01
567 2.982600e-01 1.619840e-01 5.397560e-01
568 2.980960e-01 1.617040e-01 5.402000e-01
569 2.983960e-01 1.619640e-01 5.396400e-01
570 2.988240e-01 1.617600e-01 5.394160e-01
571 2.986440e-01 1.620080e-01 5.393480e-01
572 2.982640e-01 1.623520e-01 5.393840e-01
573 2.981560e-01 1.629680e-01 5.388760e-01
574 2.981920e-01 1.629040e-01 5.389040e-01
575 2.979040e-01 1.629120e-01 5.391840e-01
576 2.979520e-01 1.628560e-01 5.391920e-01
577 2.972400e-01 1.634160e-01 5.393440e-01
578 2.969280e-01 1.633520e-01 5.397200e-01
579 2.972120e-01 1.636240e-01 5.391640e-01
580 2.966760e-01 1.643560e-01 5.389680e-01
581 2.961600e-01 1.645680e-01 5.392720e-01
582 2.965520e-01 1.635720e-01 5.398760e-01
583 2.965800e-01 1.634600e-01 5.399600e-01
584 2.963640e-01 1.639720e-01 5.396640e-01
585 2.966080e-01 1.636560e-01 5.397360e-01
586 2.964880e-01 1.634400e-01 5.400720e-01
587 2.972240e-01 1.626360e-01 5.401400e-01
588 2.970760e-01 1.622960e-01 5.406280e-01
589 2.974800e-01 1.622000e-01 5.403200e-01
590 2.970640e-01 1.630520e-01 5.398840e-01
591 2.972240e-01 1.633920e-01 5.393840e-01
592 2.969360e-01 1.634800e-01 5.395840e-01
593 2.968560e-01 1.636640e-01 5.394800e-01
594 2.971720e-01 1.632840e-01 5.395440e-01
595 2.967360e-01 1.639000e-01 5.393640e-01
596 2.964840e-01 1.634240e-01 5.400920e-01
597 2.972560e-01 1.620840e-01 5.406600e-01
598 2.972560e-01 1.621400e-01 5.406040e-01
599 2.969320e-01 1.629720e-01 5.400960e-01
600 2.972880e-01 1.627280e-01 5.399840e-01
601 2.973560e-01 1.628240e-01 5.398200e-01
602 2.976440e-01 1.624920e-01 5.398640e-01
603 2.970920e-01 1.631120e-01 5.397960e-01
604 2.968680e-01 1.629400e-01 5.401920e-01
605 2.966200e-01 1.635560e-01 5.398240e-01
606 2.962240e-01 1.640200e-01 5.397560e-01
607 2.959040e-01 1.636200e-01 5.404760e-01
608 2.950240e-01 1.643440e-01 5.406320e-01
609 2.947920e-01 1.645560e-01 5.406520e-01
610 2.941440e-01 1.648960e-01 5.409600e-01
611 2.944480e-01 1.644240e-01 5.411280e-01
612 2.945320e-01 1.641560e-01 5.413120e-01
613 2.946360e-01 1.639160e-01 5.414480e-01
614 2.947200e-01 1.638080e-01 5.414720e-01
615 2.951000e-01 1.632680e-01 5.416320e-01
616 2.954040e-01 1.629200e-01 5.416760e-01
617 2.956760e-01 1.625800e-01 5.417440e-01
618 2.950200e-01 1.630720e-01 5.419080e-01
619 2.948160e-01 1.632920e-01 5.418920e-01
620 2.947520e-01 1.635600e-01 5.416880e-01
621 2.949000e-01 1.635160e-01 5.415840e-01
622 2.951480e-01 1.638120e-01 5.410400e-01
623 2.948960e-01 1.644040e-01 5.407000e-01
624 2.946960e-01 1.644000e-01 5.409040e-01
625 2.944160e-01 1.644400e-01 5.411440e-01
626 2.946600e-01 1.645160e-01 5.408240e-01
627 2.941200e-01 1.645400e-01 5.413400e-01
628 2.940480e-01 1.646560e-01 5.412960e-01
629 2.934560e-01 1.648720e-01 5.416720e-01
630 2.933040e-01 1.646840e-01 5.420120e-01
631 2.932960e-01 1.644400e-01 5.422640e-01
632 2.934080e-01 1.642520e-01 5.423400e-01
633 2.930320e-01 1.641640e-01 5.428040e-01
634 2.931120e-01 1.644960e-01 5.423920e-01
635 2.926000e-01 1.648920e-01 5.425080e-01
636 2.930360e-01 1.647680e-01 5.421960e-01
637 2.933200e-01 1.647240e-01 5.419560e-01
638 2.942320e-01 1.646520e-01 5.411160e-01
639 2.945520e-01 1.643520e-01 5.410960e-01
640 2.947240e-01 1.641080e-01 5.411680e-01
641 2.952640e-01 1.639040e-01 5.408320e-01
642 2.948600e-01 1.642600e-01 5.408800e-01
643 2.944320e-01 1.642680e-01 5.413000e-01
644 2.940680e-01 1.642400e-01 5.416920e-01
645 2.933920e-01 1.643480e-01 5.422600e-01
646 2.935040e-01 1.644160e-01 5.420800e-01
647 2.936520e-01 1.647320e-01 5.416160e-01
648 2.934080e-01 1.644520e-01 5.421400e-01
649 2.930520e-01 1.645000e-01 5.424480e-01
650 2.928240e-01 1.647040e-01 5.424720e-01
651 2.923560e-01 1.648920e-01 5.427520e-01
652 2.931960e-01 1.642000e-01 5.426040e-01
653 2.935440e-01 1.636000e-01 5.428560e-01
654 2.937880e-01 1.633240e-01 5.428880e-01
655 2.942600e-01 1.627400e-01 5.430000e-01
656 2.942640e-01 1.624320e-01 5.433040e-01
657 2.942560e-01 1.621080e-01 5.436360e-01
658 2.946560e-01 1.622920e-01 5.430520e-01
659 2.946560e-01 1.621200e-01 5.432240e-01
660 2.945840e-01 1.616000e-01 5.438160e-01
661 2.952320e-01 1.609560e-01 5.438120e-01
662 2.959360e-01 1.605400e-01 5.435240e-01
663 2.968880e-01 1.605960e-01 5.425160e-01
664 2.972720e-01 1.604800e-01 5.422480e-01
665 2.978760e-01 1.602120e-01 5.419120e-01
666 2.985240e-01 1.596120e-01 5.418640e-01
667 2.994280e-01 1.586640e-01 5.419080e-01
668 3.001360e-01 1.587600e-01 5.411040e-01
669 3.000520e-01 1.586720e-01 5.412760e-01
670 3.000600e-01 1.586920e-01 5.412480e-01
671 3.002960e-01 1.591840e-01 5.405200e-01
672 3.011880e-01 1.590480e-01 5.397640e-01
673 3.015480e-01 1.592280e-01 5.392240e-01
674 3.008840e-01 1.598480e-01 5.392680e-01
675 3.012920e-01 1.596040e-01 5.391040e-01
676 3.011760e-01 1.592720e-01 5.395520e-01
677 3.004160e-01 1.600280e-01 5.395560e-01
678 3.000360e-01 1.604480e-01 5.395160e-01
679 2.999640e-01 1.607040e-01 5.393320e-01
680 2.989520e-01 1.612840e-01 5.397640e-01
681 2.988280e-01 1.614760e-01 5.396960e-01
682 2.982600e-01 1.619560e-01 5.397840e-01
683 2.985240e-01 1.619680e-01 5.395080e-01
684 2.981080e-01 1.620960e-01 5.397960e-01
685 2.978560e-01 1.623520e-01 5.397920e-01
686 2.980640e-01 1.618080e-01 5.401280e-01
687 2.977400e-01 1.616840e-01 5.405760e-01
688 2.976640e-01 1.614800e-01 5.408560e-01
689 2.974680e-01 1.617120e-01 5.408200e-01
690 2.971520e-01 1.624440e-01 5.404040e-01
691 2.974840e-01 1.624080e-01 5.401080e-01
692 2.974920e-01 1.625440e-01 5.399640e-01
693 2.974680e-01 1.621960e-01 5.403360e-01
694 2.978040e-01 1.621480e-01 5.400480e-01
695 2.972160e-01 1.624560e-01 5.403280e-01
696 2.968720e-01 1.621880e-01 5.409400e-01
697 2.966960e-01 1.625800e-01 5.407240e-01
698 2.959960e-01 1.628480e-01 5.411560e-01
699 2.959840e-01 1.628480e-01 5.411680e-01
700 2.960840e-01 1.622400e-01 5.416760e-01
701 2.963160e-01 1.621520e-01 5.415320e-01
702 2.968600e-01 1.621600e-01 5.409800e-01
703 2.975800e-01 1.622960e-01 5.401240e-01
704 2.970880e-01 1.623320e-01 5.405800e-01
705 2.968560e-01 1.624440e-01 5.407000e-01
706 2.964880e-01 1.629400e-01 5.405720e-01
707 2.962960e-01 1.633080e-01 5.403960e-01
708 2.962520e-01 1.632400e-01 5.405080e-01
709 2.961680e-01 1.630480e-01 5.407840e-01
710 2.960400e-01 1.629760e-01 5.409840e-01
711 2.959240e-01 1.620720e-01 5.420040e-01
712 2.962760e-01 1.615160e-01 5.422080e-01
713 2.964040e-01 1.616120e-01 5.419840e-01
714 2.961400e-01 1.613240e-01 5.425360e-01
715 2.959920e-01 1.614560e-01 5.425520e-01
716 2.956800e-01 1.623120e-01 5.420080e-01
717 2.958440e-01 1.620680e-01 5.420880e-01
718 2.955240e-01 1.626200e-01 5.418560e-01
719 2.951120e-01 1.628360e-01 5.420520e-01
720 2.954120e-01 1.623160e-01 5.422720e-01
721 2.959560e-01 1.622040e-01 5.418400e-01
722 2.957440e-01 1.625480e-01 5.417080e-01
723 2.957840e-01 1.625760e-01 5.416400e-01
724 2.961040e-01 1.626560e-01 5.412400e-01
725 2.966640e-01 1.620760e-01 5.412600e-01
726 2.964000e-01 1.622760e-01 5.413240e-01
727 2.966120e-01 1.617720e-01 5.416160e-01
728 2.958240e-01 1.621360e-01 5.420400e-01
729 2.961240e-01 1.626440e-01 5.412320e-01
730 2.960560e-01 1.622880e-01 5.416560e-01
731 2.958720e-01 1.625080e-01 5.416200e-01
732 2.966400e-01 1.620160e-01 5.413440e-01
733 2.963840e-01 1.617600e-01 5.418560e-01
734 2.962160e-01 1.619360e-01 5.418480e-01
735 2.955640e-01 1.624280e-01 5.420080e-01
736 2.958920e-01 1.623480e-01 5.417600e-01
737 2.957120e-01 1.622560e-01 5.420320e-01
738 2.953120e-01 1.622680e-01 5.424200e-01
739 2.955720e-01 1.626560e-01 5.417720e-01
740 2.956200e-01 1.622320e-01 5.421480e-01
741 2.955920e-01 1.613800e-01 5.430280e-01
742 2.953920e-01 1.616040e-01 5.430040e-01
743 2.960640e-01 1.611640e-01 5.427720e-01
744 2.956840e-01 1.616920e-01 5.426240e-01
745 2.955920e-01 1.613800e-01 5.430280e-01
746 2.963200e-01 1.612080e-01 5.424720e-01
747 2.962520e-01 1.613600e-01 5.423880e-01
748 2.959400e-01 1.615520e-01 5.425080e-01
749 2.962520e-01 1.611840e-01 5.425640e-01
750 2.969720e-01 1.604880e-01 5.425400e-01
751 2.975640e-01 1.604000e-01 5.420360e-01
752 2.983360e-01 1.600400e-01 5.416240e-01
753 2.987200e-01 1.594760e-01 5.418040e-01
754 2.986640e-01 1.600160e-01 5.413200e-01
755 2.989640e-01 1.601360e-01 5.409000e-01
756 2.992000e-01 1.598280e-01 5.409720e-01
757 2.984480e-01 1.608080e-01 5.407440e-01
758 2.985840e-01 1.606960e-01 5.407200e-01
759 2.986080e-01 1.606800e-01 5.407120e-01
760 2.989400e-01 1.604440e-01 5.406160e-01
761 2.989920e-01 1.601800e-01 5.408280e-01
762 2.994160e-01 1.597320e-01 5.408520e-01
763 2.995440e-01 1.599360e-01 5.405200e-01
764 3.000240e-01 1.601040e-01 5.398720e-01
765 2.998800e-01 1.599320e-01 5.401880e-01
766 3.002360e-01 1.602160e-01 5.395480e-01
767 3.001200e-01 1.603080e-01 5.395720e-01
768 3.006240e-01 1.602600e-01 5.391160e-01
769 3.010400e-01 1.600160e-01 5.389440e-01
770 3.007880e-01 1.601360e-01 5.390760e-01
771 3.003120e-01 1.607440e-01 5.389440e-01
772 2.999000e-01 1.613840e-01 5.387160e-01
773 2.991440e-01 1.618320e-01 5.390240e-01
774 2.986960e-01 1.618840e-01 5.394200e-01
775 2.986200e-01 1.620000e-01 5.393800e-01
776 2.986000e-01 1.621800e-01 5.392200e-01
777 2.983560e-01 1.625400e-01 5.391040e-01
778 2.980920e-01 1.627000e-01 5.392080e-01
779 2.983080e-01 1.620760e-01 5.396160e-01
780 2.986320e-01 1.617120e-01 5.396560e-01
781 2.985960e-01 1.618720e-01 5.395320e-01
782 2.983480e-01 1.618840e-01 5.397680e-01
783 2.983360e-01 1.618600e-01 5.398040e-01
784 2.979840e-01 1.619960e-01 5.400200e-01
785 2.972560e-01 1.626960e-01 5.400480e-01
786 2.968680e-01 1.626600e-01 5.404720e-01
787 2.964960e-01 1.621960e-01 5.413080e-01
788 2.967480e-01 1.624960e-01 5.407560e-01
789 2.970160e-01 1.623800e-01 5.406040e-01
790 2.971480e-01 1.626440e-01 5.402080e-01
791 2.972400e-01 1.629680e-01 5.397920e-01
792 2.967120e-01 1.629120e-01 5.403760e-01
793 2.957280e-01 1.627800e-01 5.414920e-01
794 2.957440e-01 1.631320e-01 5.411240e-01
795 2.956400e-01 1.626880e-01 5.416720e-01
796 2.949120e-01 1.630360e-01 5.420520e-01
797 2.946600e-01 1.634560e-01 5.418840e-01
798 2.951080e-01 1.634040e-01 5.414880e-01
799 2.949360e-01 1.633680e-01 5.416960e-01
800 2.956960e-01 1.628600e-01 5.414440e-01
801 2.955280e-01 1.629520e-01 5.415200e-01
802 2.956360e-01 1.633200e-01 5.410440e-01
803 2.962360e-01 1.632880e-01 5.404760e-01
804 2.965480e-01 1.635480e-01 5.399040e-01
805 2.966440e-01 1.639840e-01 5.393720e-01
806 2.967360e-01 1.636200e-01 5.396440e-01
807 2.960480e-01 1.636880e-01 5.402640e-01
808 2.957160e-01 1.637440e-01 5.405400e-01
809 2.955480e-01 1.637120e-01 5.407400e-01
810 2.957120e-01 1.636880e-01 5.406000e-01
811 2.953360e-01 1.638600e-01 5.408040e-01
812 2.955720e-01 1.638320e-01 5.405960e-01
813 2.961640e-01 1.633800e-01 5.404560e-01
814 2.957440e-01 1.633800e-01 5.408760e-01
815 2.958120e-01 1.636040e-01 5.405840e-01
816 2.959480e-01 1.634400e-01 5.406120e-01
817 2.950960e-01 1.636400e-01 5.412640e-01
818 2.954960e-01 1.630040e-01 5.415000e-01
819 2.955880e-01 1.631760e-01 5.412360e-01
820 2.959880e-01 1.627600e-01 5.412520e-01
821 2.962880e-01 1.624000e-01 5.413120e-01
822 2.970920e-01 1.619720e-01 5.409360e-01
823 2.972680e-01 1.616320e-01 5.411000e-01
824 2.981440e-01 1.611760e-01 5.406800e-01
825 2.982240e-01 1.616120e-01 5.401640e-01
826 2.988160e-01 1.621000e-01 5.390840e-01
827 2.980280e-01 1.631280e-01 5.388440e-01
828 2.970360e-01 1.637920e-01 5.391720e-01
829 2.967400e-01 1.641240e-01 5.391360e-01
830 2.964640e-01 1.638800e-01 5.396560e-01
831 2.958120e-01 1.645880e-01 5.396000e-01
832 2.958200e-01 1.643480e-01 5.398320e-01
833 2.965360e-01 1.632960e-01 5.401680e-01
834 2.971480e-01 1.628080e-01 5.400440e-01
835 2.969800e-01 1.628960e-01 5.401240e-01
836 2.967000e-01 1.633000e-01 5.400000e-01
837 2.968400e-01 1.630400e-01 5.401200e-01
838 2.968280e-01 1.627200e-01 5.404520e-01
839 2.972040e-01 1.623320e-01 5.404640e-01
840 2.972320e-01 1.622360e-01 5.405320e-01
841 2.970200e-01 1.622520e-01 5.407280e-01
842 2.968360e-01 1.628840e-01 5.402800e-01
843 2.971200e-01 1.626160e-01 5.402640e-01
844 2.963480e-01 1.632160e-01 5.404360e-01
845 2.964720e-01 1.635080e-01 5.400200e-01
846 2.965080e-01 1.634640e-01 5.400280e-01
847 2.964520e-01 1.634280e-01 5.401200e-01
848 2.965280e-01 1.636200e-01 5.398520e-01
849 2.969560e-01 1.634160e-01 5.396280e-01
850 2.972640e-01 1.630720e-01 5.396640e-01
851 2.968680e-01 1.633440e-01 5.397880e-01
852 2.963360e-01 1.638760e-01 5.397880e-01
853 2.964520e-01 1.632160e-01 5.403320e-01
854 2.959120e-01 1.629240e-01 5.411640e-01
855 2.956000e-01 1.628280e-01 5.415720e-01
856 2.957640e-01 1.627560e-01 5.414800e-01
857 2.957760e-01 1.623040e-01 5.419200e-01
858 2.962800e-01 1.617400e-01 5.419800e-01
859 2.961640e-01 1.616720e-01 5.421640e-01
860 2.960400e-01 1.619360e-01 5.420240e-01
861 2.958560e-01 1.617920e-01 5.423520e-01
862 2.958520e-01 1.611120e-01 5.430360e-01
863 2.966360e-01 1.607480e-01 5.426160e-01
864 2.962840e-01 1.609760e-01 5.427400e-01
865 2.963040e-01 1.606160e-01 5.430800e-01
866 2.970400e-01 1.599200e-01 5.430400e-01
867 2.974200e-01 1.596080e-01 5.429720e-01
868 2.969600e-01 1.598880e-01 5.431520e-01
869 2.968680e-01 1.602160e-01 5.429160e-01
870 2.970440e-01 1.597960e-01 5.431600e-01
871 2.976880e-01 1.596120e-01 5.427000e-01
872 2.981240e-01 1.597680e-01 5.421080e-01
873 2.985920e-01 1.595640e-01 5.418440e-01
874 2.984880e-01 1.595400e-01 5.419720e-01
875 2.984120e-01 1.598600e-01 5.417280e-01
876 2.988080e-01 1.598200e-01 5.413720e-01
877 2.987320e-01 1.601960e-01 5.410720e-01
878 2.994080e-01 1.595720e-01 5.410200e-01
879 2.989920e-01 1.607520e-01 5.402560e-01
880 2.983400e-01 1.614400e-01 5.402200e-01
881 2.982880e-01 1.617640e-01 5.399480e-01
882 2.977000e-01 1.620440e-01 5.402560e-01
883 2.978440e-01 1.620080e-01 5.401480e-01
884 2.966880e-01 1.622640e-01 5.410480e-01
885 2.969280e-01 1.622360e-01 5.408360e-01
886 2.967880e-01 1.625440e-01 5.406680e-01
887 2.964120e-01 1.632840e-01 5.403040e-01
888 2.960600e-01 1.638240e-01 5.401160e-01
889 2.963840e-01 1.634400e-01 5.401760e-01
890 2.960960e-01 1.636960e-01 5.402080e-01
891 2.952360e-01 1.642360e-01 5.405280e-01
892 2.948920e-01 1.640520e-01 5.410560e-01
893 2.951520e-01 1.638800e-01 5.409680e-01
894 2.946200e-01 1.638560e-01 5.415240e-01
895 2.945160e-01 1.641880e-01 5.412960e-01
896 2.943200e-01 1.640640e-01 5.416160e-01
897 2.945440e-01 1.635720e-01 5.418840e-01
898 2.941080e-01 1.637520e-01 5.421400e-01
899 2.946720e-01 1.639880e-01 5.413400e-01
900 2.944280e-01 1.641000e-01 5.414720e-01
901 2.944640e-01 1.636560e-01 5.418800e-01
902 2.947240e-01 1.630640e-01 5.422120e-01
903 2.948120e-01 1.630480e-01 5.421400e-01
904 2.951120e-01 1.625920e-01 5.422960e-01
905 2.958080e-01 1.628120e-01 5.413800e-01
906 2.962240e-01 1.632840e-01 5.404920e-01
907 2.972440e-01 1.630760e-01 5.396800e-01
908 2.971120e-01 1.637720e-01 5.391160e-01
909 2.969320e-01 1.634920e-01 5.395760e-01
910 2.970240e-01 1.630600e-01 5.399160e-01
911 2.969520e-01 1.635120e-01 5.395360e-01
912 2.969840e-01 1.630160e-01 5.400000e-01
913 2.966320e-01 1.632480e-01 5.401200e-01
914 2.970200e-01 1.629600e-01 5.400200e-01
915 2.968560e-01 1.630320e-01 5.401120e-01
916 2.974200e-01 1.622120e-01 5.403680e-01
917 2.967280e-01 1.627680e-01 5.405040e-01
918 2.967200e-01 1.632480e-01 5.400320e-01
919 2.965680e-01 1.638720e-01 5.395600e-01
920 2.962880e-01 1.639480e-01 5.397640e-01
921 2.961320e-01 1.637680e-01 5.401000e-01
922 2.965240e-01 1.636760e-01 5.398000e-01
923 2.962040e-01 1.641200e-01 5.396760e-01
924 2.954000e-01 1.645120e-01 5.400880e-01
925 2.952040e-01 1.649240e-01 5.398720e-01
926 2.940720e-01 1.658560e-01 5.400720e-01
927 2.936120e-01 1.657000e-01 5.406880e-01
928 2.934040e-01 1.656800e-01 5.409160e-01
929 2.934160e-01 1.650160e-01 5.415680e-01
930 2.934760e-01 1.647480e-01 5.417760e-01
931 2.933560e-01 1.645640e-01 5.420800e-01
932 2.935120e-01 1.641920e-01 5.422960e-01
