1 9.990600e-01 8.440000e-04 9.600000e-05
2 9.982840e-01 1.408000e-03 3.080000e-04
3 9.972880e-01 2.092000e-03 6.200000e-04
4 9.959200e-01 3.124000e-03 9.560000e-04
5 9.943560e-01 4.120000e-03 1.524000e-03
6 9.924080e-01 5.436000e-03 2.156000e-03
7 9.899400e-01 6.976000e-03 3.084000e-03
8 9.870040e-01 8.796000e-03 4.200000e-03
9 9.839600e-01 1.066000e-02 5.380000e-03
10 9.802880e-01 1.268800e-02 7.024000e-03
11 9.764160e-01 1.466800e-02 8.916000e-03
12 9.719440e-01 1.688400e-02 1.117200e-02
13 9.669800e-01 1.950800e-02 1.351200e-02
14 9.615160e-01 2.227200e-02 1.621200e-02
15 9.553880e-01 2.520800e-02 1.940400e-02
16 9.492480e-01 2.835200e-02 2.240000e-02
17 9.429840e-01 3.116400e-02 2.585200e-02
18 9.362440e-01 3.401600e-02 2.974000e-02
19 9.293640e-01 3.660400e-02 3.403200e-02
20 9.220520e-01 3.948800e-02 3.846000e-02
21 9.146680e-01 4.256000e-02 4.277200e-02
22 9.072840e-01 4.495200e-02 4.776400e-02
23 8.993480e-01 4.798000e-02 5.267200e-02
24 8.909800e-01 5.125600e-02 5.776400e-02
25 8.825480e-01 5.441200e-02 6.304000e-02
26 8.732600e-01 5.817200e-02 6.856800e-02
27 8.643040e-01 6.124000e-02 7.445600e-02
28 8.546560e-01 6.481200e-02 8.053200e-02
29 8.448000e-01 6.834000e-02 8.686000e-02
30 8.346280e-01 7.160400e-02 9.376800e-02
31 8.243160e-01 7.526400e-02 1.004200e-01
32 8.140640e-01 7.886800e-02 1.070680e-01
33 8.040400e-01 8.196000e-02 1.140000e-01
34 7.939480e-01 8.483200e-02 1.212200e-01
35 7.837640e-01 8.763600e-02 1.286000e-01
36 7.734400e-01 9.074400e-02 1.358160e-01
37 7.630920e-01 9.412800e-02 1.427800e-01
38 7.523280e-01 9.759200e-02 1.500800e-01
39 7.408760e-01 1.015080e-01 1.576160e-01
40 7.301960e-01 1.047800e-01 1.650240e-01
41 7.197320e-01 1.073960e-01 1.728720e-01
42 7.093520e-01 1.096080e-01 1.810400e-01
43 6.990880e-01 1.116880e-01 1.892240e-01
44 6.893200e-01 1.144320e-01 1.962480e-01
45 6.787240e-01 1.177000e-01 2.035760e-01
46 6.682440e-01 1.207760e-01 2.109800e-01
47 6.572840e-01 1.241600e-01 2.185560e-01
48 6.458280e-01 1.271000e-01 2.270720e-01
49 6.356440e-01 1.293560e-01 2.350000e-01
50 6.251800e-01 1.318920e-01 2.429280e-01
51 6.155280e-01 1.341760e-01 2.502960e-01
52 6.051120e-01 1.374880e-01 2.574000e-01
53 5.953520e-01 1.398080e-01 2.648400e-01
54 5.857920e-01 1.419680e-01 2.722400e-01
55 5.755960e-01 1.441520e-01 2.802520e-01
56 5.658800e-01 1.463800e-01 2.877400e-01
57 5.561840e-01 1.485000e-01 2.953160e-01
58 5.470240e-01 1.502520e-01 3.027240e-01
59 5.370360e-01 1.528040e-01 3.101600e-01
60 5.283440e-01 1.542800e-01 3.173760e-01
61 5.196240e-01 1.561240e-01 3.242520e-01
62 5.114680e-01 1.573440e-01 3.311880e-01
63 5.032080e-01 1.583960e-01 3.383960e-01
64 4.948480e-01 1.597520e-01 3.454000e-01
65 4.874200e-01 1.599760e-01 3.526040e-01
66 4.799720e-01 1.611160e-01 3.589120e-01
67 4.729720e-01 1.612920e-01 3.657360e-01
68 4.662280e-01 1.619440e-01 3.718280e-01
69 4.603360e-01 1.623600e-01 3.773040e-01
70 4.535800e-01 1.633360e-01 3.830840e-01
71 4.470680e-01 1.647080e-01 3.882240e-01
72 4.407120e-01 1.655560e-01 3.937320e-01
73 4.342960e-01 1.670360e-01 3.986680e-01
74 4.287640e-01 1.670080e-01 4.042280e-01
75 4.229920e-01 1.668520e-01 4.101560e-01
76 4.177080e-01 1.674040e-01 4.148880e-01
77 4.124360e-01 1.674120e-01 4.201520e-01
78 4.075520e-01 1.675240e-01 4.249240e-01
79 4.023240e-01 1.680400e-01 4.296360e-01
80 3.972120e-01 1.685120e-01 4.342760e-01
81 3.931480e-01 1.685720e-01 4.382800e-01
82 3.884400e-01 1.696400e-01 4.419200e-01
83 3.838920e-01 1.700760e-01 4.460320e-01
84 3.796560e-01 1.701760e-01 4.501680e-01
85 3.756840e-01 1.708400e-01 4.534760e-01
86 3.719360e-01 1.706360e-01 4.574280e-01
87 3.678680e-01 1.707960e-01 4.613360e-01
88 3.645080e-01 1.703520e-01 4.651400e-01
89 3.616680e-01 1.707920e-01 4.675400e-01
90 3.573120e-01 1.713240e-01 4.713640e-01
91 3.540600e-01 1.712080e-01 4.747320e-01
92 3.509640e-01 1.713680e-01 4.776680e-01
93 3.475800e-01 1.720520e-01 4.803680e-01
94 3.450320e-01 1.717000e-01 4.832680e-01
95 3.423880e-01 1.711160e-01 4.864960e-01
96 3.390760e-01 1.716480e-01 4.892760e-01
97 3.363160e-01 1.713200e-01 4.923640e-01
98 3.335520e-01 1.715680e-01 4.948800e-01
99 3.309520e-01 1.712960e-01 4.977520e-01
100 3.283280e-01 1.714040e-01 5.002680e-01
101 3.259880e-01 1.719080e-01 5.021040e-01
102 3.236600e-01 1.718600e-01 5.044800e-01
103 3.211320e-01 1.718360e-01 5.070320e-01
104 3.188480e-01 1.722600e-01 5.088920e-01
105 3.171400e-01 1.722360e-01 5.106240e-01
106 3.161800e-01 1.712520e-01 5.125680e-01
107 3.143080e-01 1.716800e-01 5.140120e-01
108 3.130280e-01 1.715080e-01 5.154640e-01
109 3.113440e-01 1.711280e-01 5.175280e-01
110 3.099040e-01 1.710080e-01 5.190880e-01
111 3.084040e-01 1.706640e-01 5.209320e-01
112 3.074680e-01 1.701680e-01 5.223640e-01
113 3.068160e-01 1.699120e-01 5.232720e-01
114 3.062360e-01 1.699640e-01 5.238000e-01
115 3.047200e-01 1.700400e-01 5.252400e-01
116 3.034560e-01 1.696760e-01 5.268680e-01
117 3.029960e-01 1.698720e-01 5.271320e-01
118 3.024480e-01 1.690080e-01 5.285440e-01
119 3.012240e-01 1.688040e-01 5.299720e-01
120 3.004760e-01 1.680520e-01 5.314720e-01
121 2.996520e-01 1.677920e-01 5.325560e-01
122 2.987560e-01 1.681840e-01 5.330600e-01
123 2.980560e-01 1.676800e-01 5.342640e-01
124 2.975760e-01 1.676400e-01 5.347840e-01
125 2.972280e-01 1.674520e-01 5.353200e-01
126 2.965280e-01 1.674880e-01 5.359840e-01
127 2.960080e-01 1.673800e-01 5.366120e-01
128 2.960400e-01 1.668600e-01 5.371000e-01
129 2.963360e-01 1.662760e-01 5.373880e-01
130 2.960880e-01 1.659360e-01 5.379760e-01
131 2.957080e-01 1.654480e-01 5.388440e-01
132 2.955200e-01 1.650600e-01 5.394200e-01
133 2.952360e-01 1.648520e-01 5.399120e-01
134 2.947120e-01 1.647960e-01 5.404920e-01
135 2.947360e-01 1.643960e-01 5.408680e-01
136 2.948920e-01 1.640320e-01 5.410760e-01
137 2.946800e-01 1.641840e-01 5.411360e-01
138 2.952720e-01 1.635120e-01 5.412160e-01
139 2.955040e-01 1.629000e-01 5.415960e-01
140 2.959560e-01 1.623840e-01 5.416600e-01
141 2.963040e-01 1.619240e-01 5.417720e-01
142 2.961880e-01 1.618800e-01 5.419320e-01
143 2.960680e-01 1.621720e-01 5.417600e-01
144 2.964520e-01 1.617080e-01 5.418400e-01
145 2.963240e-01 1.619320e-01 5.417440e-01
146 2.962600e-01 1.619400e-01 5.418000e-01
147 2.966720e-01 1.616040e-01 5.417240e-01
148 2.969840e-01 1.614240e-01 5.415920e-01
149 2.973760e-01 1.611440e-01 5.414800e-01
150 2.972760e-01 1.609600e-01 5.417640e-01
151 2.981640e-01 1.603720e-01 5.414640e-01
152 2.986640e-01 1.596360e-01 5.417000e-01
153 2.995840e-01 1.591320e-01 5.412840e-01
154 2.997040e-01 1.588280e-01 5.414680e-01
155 2.995280e-01 1.592760e-01 5.411960e-01
156 2.995000e-01 1.594520e-01 5.410480e-01
157 2.998520e-01 1.596560e-01 5.404920e-01
158 2.994560e-01 1.600240e-01 5.405200e-01
159 3.001800e-01 1.598840e-01 5.399360e-01
160 3.004000e-01 1.600800e-01 5.395200e-01
161 3.003600e-01 1.601160e-01 5.395240e-01
162 3.002600e-01 1.605200e-01 5.392200e-01
163 2.998080e-01 1.603560e-01 5.398360e-01
164 3.000200e-01 1.608280e-01 5.391520e-01
165 3.001840e-01 1.609240e-01 5.388920e-01
166 2.993600e-01 1.612600e-01 5.393800e-01
167 2.999600e-01 1.609640e-01 5.390760e-01
168 2.995200e-01 1.614160e-01 5.390640e-01
169 2.995280e-01 1.613800e-01 5.390920e-01
170 2.992720e-01 1.612120e-01 5.395160e-01
171 2.991680e-01 1.615280e-01 5.393040e-01
172 2.991400e-01 1.615720e-01 5.392880e-01
173 2.989680e-01 1.622000e-01 5.388320e-01
174 2.994360e-01 1.617880e-01 5.387760e-01
175 2.992360e-01 1.622800e-01 5.384840e-01
176 2.994320e-01 1.617640e-01 5.388040e-01
177 2.993000e-01 1.614840e-01 5.392160e-01
178 2.995000e-01 1.618240e-01 5.386760e-01
179 2.996960e-01 1.624000e-01 5.379040e-01
180 2.996880e-01 1.625040e-01 5.378080e-01
181 2.993640e-01 1.625160e-01 5.381200e-01
182 2.994240e-01 1.624360e-01 5.381400e-01
183 2.992240e-01 1.622880e-01 5.384880e-01
184 2.988240e-01 1.625800e-01 5.385960e-01
185 2.985920e-01 1.626440e-01 5.387640e-01
186 2.983280e-01 1.630800e-01 5.385920e-01
187 2.982000e-01 1.636280e-01 5.381720e-01
188 2.974520e-01 1.644960e-01 5.380520e-01
189 2.970560e-01 1.649200e-01 5.380240e-01
190 2.956040e-01 1.656080e-01 5.387880e-01
191 2.953600e-01 1.656120e-01 5.390280e-01
192 2.942880e-01 1.654920e-01 5.402200e-01
193 2.941760e-01 1.655800e-01 5.402440e-01
194 2.944320e-01 1.650000e-01 5.405680e-01
195 2.938680e-01 1.648080e-01 5.413240e-01
196 2.930520e-01 1.651160e-01 5.418320e-01
197 2.934000e-01 1.649440e-01 5.416560e-01
198 2.933280e-01 1.647760e-01 5.418960e-01
199 2.929640e-01 1.660560e-01 5.409800e-01
200 2.929960e-01 1.656800e-01 5.413240e-01
201 2.929760e-01 1.659360e-01 5.410880e-01
202 2.927520e-01 1.653400e-01 5.419080e-01
203 2.932640e-01 1.648280e-01 5.419080e-01
204 2.929800e-01 1.649400e-01 5.420800e-01
205 2.927240e-01 1.652040e-01 5.420720e-01
206 2.932200e-01 1.647120e-01 5.420680e-01
207 2.935840e-01 1.647080e-01 5.417080e-01
208 2.940480e-01 1.640400e-01 5.419120e-01
209 2.945120e-01 1.638720e-01 5.416160e-01
210 2.947760e-01 1.634240e-01 5.418000e-01
211 2.946920e-01 1.632640e-01 5.420440e-01
212 2.946120e-01 1.633920e-01 5.419960e-01
213 2.948000e-01 1.633040e-01 5.418960e-01
214 2.946760e-01 1.633000e-01 5.420240e-01
215 2.949560e-01 1.628520e-01 5.421920e-01
216 2.950840e-01 1.629320e-01 5.419840e-01
217 2.950120e-01 1.634440e-01 5.415440e-01
218 2.951640e-01 1.633800e-01 5.414560e-01
219 2.955760e-01 1.629720e-01 5.414520e-01
220 2.955960e-01 1.629880e-01 5.414160e-01
221 2.955480e-01 1.628000e-01 5.416520e-01
222 2.959800e-01 1.624160e-01 5.416040e-01
223 2.962880e-01 1.626200e-01 5.410920e-01
224 2.959840e-01 1.623560e-01 5.416600e-01
225 2.968960e-01 1.620320e-01 5.410720e-01
226 2.968800e-01 1.615560e-01 5.415640e-01
227 2.967120e-01 1.619880e-01 5.413000e-01
228 2.972560e-01 1.615840e-01 5.411600e-01
229 2.973240e-01 1.617920e-01 5.408840e-01
230 2.970480e-01 1.621160e-01 5.408360e-01
231 2.969000e-01 1.622520e-01 5.408480e-01
232 2.966880e-01 1.623480e-01 5.409640e-01
233 2.967040e-01 1.624640e-01 5.408320e-01
234 2.963560e-01 1.624120e-01 5.412320e-01
235 2.964160e-01 1.626640e-01 5.409200e-01
236 2.965600e-01 1.630440e-01 5.403960e-01
237 2.960360e-01 1.641400e-01 5.398240e-01
238 2.958040e-01 1.637000e-01 5.404960e-01
239 2.958000e-01 1.629720e-01 5.412280e-01
240 2.954880e-01 1.627160e-01 5.417960e-01
241 2.948840e-01 1.624800e-01 5.426360e-01
242 2.949720e-01 1.626040e-01 5.424240e-01
243 2.947040e-01 1.633120e-01 5.419840e-01
244 2.948280e-01 1.634200e-01 5.417520e-01
245 2.953040e-01 1.626400e-01 5.420560e-01
246 2.952440e-01 1.627360e-01 5.420200e-01
247 2.954480e-01 1.624840e-01 5.420680e-01
248 2.951920e-01 1.622800e-01 5.425280e-01
249 2.957920e-01 1.619960e-01 5.422120e-01
250 2.960400e-01 1.617760e-01 5.421840e-01
251 2.973400e-01 1.610120e-01 5.416480e-01
252 2.974360e-01 1.611960e-01 5.413680e-01
253 2.974920e-01 1.613120e-01 5.411960e-01
254 2.974280e-01 1.614440e-01 5.411280e-01
255 2.974760e-01 1.614920e-01 5.410320e-01
256 2.973800e-01 1.615960e-01 5.410240e-01
257 2.972160e-01 1.615960e-01 5.411880e-01
258 2.979320e-01 1.615120e-01 5.405560e-01
259 2.972720e-01 1.622560e-01 5.404720e-01
260 2.972840e-01 1.624680e-01 5.402480e-01
261 2.963560e-01 1.625400e-01 5.411040e-01
262 2.965840e-01 1.625840e-01 5.408320e-01
263 2.961360e-01 1.623520e-01 5.415120e-01
264 2.957480e-01 1.624480e-01 5.418040e-01
265 2.953080e-01 1.626160e-01 5.420760e-01
266 2.957520e-01 1.619560e-01 5.422920e-01
267 2.960320e-01 1.616160e-01 5.423520e-01
268 2.957240e-01 1.615360e-01 5.427400e-01
269 2.958520e-01 1.619080e-01 5.422400e-01
270 2.970920e-01 1.619480e-01 5.409600e-01
271 2.977440e-01 1.618480e-01 5.404080e-01
272 2.984360e-01 1.614040e-01 5.401600e-01
273 2.984760e-01 1.613920e-01 5.401320e-01
274 2.986160e-01 1.619320e-01 5.394520e-01
275 2.991360e-01 1.620000e-01 5.388640e-01
276 2.987320e-01 1.617080e-01 5.395600e-01
277 2.984840e-01 1.620080e-01 5.395080e-01
278 2.981040e-01 1.619480e-01 5.399480e-01
279 2.981000e-01 1.620160e-01 5.398840e-01
280 2.980120e-01 1.618840e-01 5.401040e-01
281 2.983840e-01 1.623560e-01 5.392600e-01
282 2.981240e-01 1.620840e-01 5.397920e-01
283 2.983600e-01 1.620520e-01 5.395880e-01
284 2.982720e-01 1.624880e-01 5.392400e-01
285 2.981360e-01 1.620400e-01 5.398240e-01
286 2.982960e-01 1.618720e-01 5.398320e-01
287 2.993120e-01 1.608800e-01 5.398080e-01
288 2.994360e-01 1.604840e-01 5.400800e-01
289 2.996360e-01 1.604760e-01 5.398880e-01
290 2.996800e-01 1.605360e-01 5.397840e-01
291 2.993840e-01 1.611680e-01 5.394480e-01
292 2.991600e-01 1.616960e-01 5.391440e-01
293 2.995840e-01 1.609400e-01 5.394760e-01
294 3.000320e-01 1.614960e-01 5.384720e-01
295 2.995720e-01 1.620960e-01 5.383320e-01
296 2.991800e-01 1.625040e-01 5.383160e-01
297 2.991640e-01 1.625440e-01 5.382920e-01
298 2.994640e-01 1.622680e-01 5.382680e-01
299 2.997800e-01 1.623520e-01 5.378680e-01
300 3.001640e-01 1.621960e-01 5.376400e-01
301 2.998560e-01 1.615720e-01 5.385720e-01
302 3.002440e-01 1.619000e-01 5.378560e-01
303 3.007080e-01 1.617640e-01 5.375280e-01
304 2.997160e-01 1.622160e-01 5.380680e-01
305 2.997240e-01 1.625280e-01 5.377480e-01
306 2.993520e-01 1.630640e-01 5.375840e-01
307 2.996000e-01 1.629920e-01 5.374080e-01
308 2.994720e-01 1.622160e-01 5.383120e-01
309 2.992320e-01 1.620960e-01 5.386720e-01
310 2.987200e-01 1.623280e-01 5.389520e-01
311 2.986480e-01 1.627200e-01 5.386320e-01
312 2.987000e-01 1.621640e-01 5.391360e-01
313 2.983360e-01 1.624120e-01 5.392520e-01
314 2.980320e-01 1.623560e-01 5.396120e-01
315 2.976560e-01 1.624320e-01 5.399120e-01
316 2.980200e-01 1.619560e-01 5.400240e-01
317 2.978720e-01 1.621280e-01 5.400000e-01
318 2.980440e-01 1.618120e-01 5.401440e-01
319 2.982280e-01 1.616800e-01 5.400920e-01
320 2.975440e-01 1.622480e-01 5.402080e-01
321 2.977240e-01 1.620880e-01 5.401880e-01
322 2.973680e-01 1.622120e-01 5.404200e-01
323 2.976880e-01 1.620240e-01 5.402880e-01
324 2.981280e-01 1.620280e-01 5.398440e-01
325 2.980560e-01 1.621200e-01 5.398240e-01
326 2.980920e-01 1.628920e-01 5.390160e-01
327 2.978600e-01 1.633480e-01 5.387920e-01
328 2.974880e-01 1.633480e-01 5.391640e-01
329 2.978880e-01 1.626880e-01 5.394240e-01
330 2.976920e-01 1.629200e-01 5.393880e-01
331 2.974880e-01 1.624160e-01 5.400960e-01
332 2.974840e-01 1.622720e-01 5.402440e-01
333 2.974400e-01 1.619720e-01 5.405880e-01
334 2.983720e-01 1.613840e-01 5.402440e-01
335 2.981720e-01 1.611000e-01 5.407280e-01
336 2.985000e-01 1.603240e-01 5.411760e-01
337 2.985200e-01 1.604960e-01 5.409840e-01
338 2.988240e-01 1.604120e-01 5.407640e-01
339 2.991320e-01 1.603120e-01 5.405560e-01
340 2.997720e-01 1.604520e-01 5.397760e-01
341 2.995640e-01 1.610720e-01 5.393640e-01
342 3.000400e-01 1.609800e-01 5.389800e-01
343 2.999560e-01 1.615240e-01 5.385200e-01
344 2.994920e-01 1.624080e-01 5.381000e-01
345 2.996040e-01 1.628440e-01 5.375520e-01
346 2.994280e-01 1.629080e-01 5.376640e-01
347 2.993200e-01 1.627880e-01 5.378920e-01
348 2.992080e-01 1.629480e-01 5.378440e-01
349 2.986680e-01 1.630960e-01 5.382360e-01
350 2.984320e-01 1.634560e-01 5.381120e-01
351 2.984920e-01 1.640000e-01 5.375080e-01
352 2.974720e-01 1.645360e-01 5.379920e-01
353 2.968200e-01 1.647920e-01 5.383880e-01
354 2.962440e-01 1.649760e-01 5.387800e-01
355 2.960520e-01 1.651600e-01 5.387880e-01
356 2.957800e-01 1.648000e-01 5.394200e-01
357 2.958440e-01 1.646800e-01 5.394760e-01
358 2.952320e-01 1.649480e-01 5.398200e-01
359 2.949440e-01 1.655920e-01 5.394640e-01
360 2.942080e-01 1.658560e-01 5.399360e-01
361 2.944760e-01 1.656440e-01 5.398800e-01
362 2.935000e-01 1.659080e-01 5.405920e-01
363 2.938000e-01 1.656880e-01 5.405120e-01
364 2.935720e-01 1.654400e-01 5.409880e-01
365 2.937480e-01 1.650120e-01 5.412400e-01
366 2.934640e-01 1.651840e-01 5.413520e-01
367 2.926720e-01 1.655400e-01 5.417880e-01
368 2.922200e-01 1.656200e-01 5.421600e-01
369 2.926040e-01 1.650880e-01 5.423080e-01
370 2.919960e-01 1.662440e-01 5.417600e-01
371 2.916680e-01 1.659880e-01 5.423440e-01
372 2.915600e-01 1.656080e-01 5.428320e-01
373 2.914360e-01 1.655160e-01 5.430480e-01
374 2.913680e-01 1.654120e-01 5.432200e-01
375 2.921000e-01 1.648280e-01 5.430720e-01
376 2.923920e-01 1.640320e-01 5.435760e-01
377 2.921920e-01 1.635800e-01 5.442280e-01
378 2.923840e-01 1.635840e-01 5.440320e-01
379 2.922400e-01 1.628720e-01 5.448880e-01
380 2.920000e-01 1.625480e-01 5.454520e-01
381 2.920000e-01 1.626160e-01 5.453840e-01
382 2.925760e-01 1.625040e-01 5.449200e-01
383 2.936680e-01 1.611040e-01 5.452280e-01
384 2.938480e-01 1.614680e-01 5.446840e-01
385 2.941560e-01 1.608440e-01 5.450000e-01
386 2.944480e-01 1.611000e-01 5.444520e-01
387 2.950880e-01 1.607840e-01 5.441280e-01
388 2.949040e-01 1.611120e-01 5.439840e-01
389 2.954960e-01 1.605400e-01 5.439640e-01
390 2.954440e-01 1.602560e-01 5.443000e-01
391 2.959320e-01 1.599040e-01 5.441640e-01
392 2.967280e-01 1.601480e-01 5.431240e-01
393 2.972640e-01 1.599920e-01 5.427440e-01
394 2.974960e-01 1.600000e-01 5.425040e-01
395 2.978600e-01 1.603640e-01 5.417760e-01
396 2.986680e-01 1.598040e-01 5.415280e-01
397 2.987920e-01 1.593600e-01 5.418480e-01
398 2.987720e-01 1.590680e-01 5.421600e-01
399 2.990640e-01 1.591080e-01 5.418280e-01
400 2.991320e-01 1.590200e-01 5.418480e-01
401 2.998520e-01 1.593160e-01 5.408320e-01
402 3.001320e-01 1.593400e-01 5.405280e-01
403 3.003040e-01 1.592800e-01 5.404160e-01
404 3.002280e-01 1.597680e-01 5.400040e-01
405 3.003720e-01 1.607360e-01 5.388920e-01
406 3.006680e-01 1.609240e-01 5.384080e-01
407 3.010920e-01 1.612880e-01 5.376200e-01
408 3.009880e-01 1.613560e-01 5.376560e-01
409 3.014960e-01 1.611000e-01 5.374040e-01
410 3.009680e-01 1.616360e-01 5.373960e-01
411 3.010960e-01 1.614320e-01 5.374720e-01
412 3.011400e-01 1.616760e-01 5.371840e-01
413 3.004560e-01 1.621080e-01 5.374360e-01
414 3.001080e-01 1.622080e-01 5.376840e-01
415 2.989600e-01 1.623680e-01 5.386720e-01
416 2.984280e-01 1.628760e-01 5.386960e-01
417 2.978040e-01 1.634960e-01 5.387000e-01
418 2.980520e-01 1.633360e-01 5.386120e-01
419 2.983960e-01 1.624480e-01 5.391560e-01
420 2.984200e-01 1.623440e-01 5.392360e-01
421 2.987520e-01 1.619280e-01 5.393200e-01
422 2.989320e-01 1.621520e-01 5.389160e-01
423 2.987280e-01 1.623800e-01 5.388920e-01
424 2.986000e-01 1.623760e-01 5.390240e-01
425 2.984600e-01 1.620640e-01 5.394760e-01
426 2.982440e-01 1.624680e-01 5.392880e-01
427 2.981400e-01 1.631440e-01 5.387160e-01
428 2.981640e-01 1.627160e-01 5.391200e-01
429 2.981320e-01 1.627200e-01 5.391480e-01
430 2.975160e-01 1.632080e-01 5.392760e-01
431 2.965560e-01 1.634760e-01 5.399680e-01
432 2.963440e-01 1.642240e-01 5.394320e-01
433 2.957480e-01 1.645480e-01 5.397040e-01
434 2.958440e-01 1.646600e-01 5.394960e-01
435 2.958240e-01 1.638720e-01 5.403040e-01
436 2.957320e-01 1.638400e-01 5.404280e-01
437 2.955200e-01 1.635640e-01 5.409160e-01
438 2.948560e-01 1.637320e-01 5.414120e-01
439 2.947680e-01 1.635720e-01 5.416600e-01
440 2.947520e-01 1.635000e-01 5.417480e-01
441 2.954320e-01 1.628760e-01 5.416920e-01
442 2.960040e-01 1.624360e-01 5.415600e-01
443 2.959040e-01 1.622480e-01 5.418480e-01
444 2.953160e-01 1.631760e-01 5.415080e-01
445 2.954000e-01 1.634320e-01 5.411680e-01
446 2.960720e-01 1.631800e-01 5.407480e-01
447 2.956840e-01 1.630680e-01 5.412480e-01
448 2.962480e-01 1.627240e-01 5.410280e-01
449 2.947000e-01 1.636680e-01 5.416320e-01
450 2.942520e-01 1.640400e-01 5.417080e-01
451 2.943640e-01 1.638400e-01 5.417960e-01
452 2.948360e-01 1.633720e-01 5.417920e-01
453 2.944400e-01 1.639960e-01 5.415640e-01
454 2.946640e-01 1.636360e-01 5.417000e-01
455 2.940960e-01 1.640040e-01 5.419000e-01
456 2.940080e-01 1.638520e-01 5.421400e-01
457 2.944840e-01 1.633760e-01 5.421400e-01
458 2.944840e-01 1.635440e-01 5.419720e-01
459 2.949160e-01 1.633600e-01 5.417240e-01
460 2.952720e-01 1.627200e-01 5.420080e-01
461 2.956080e-01 1.626000e-01 5.417920e-01
462 2.954080e-01 1.628680e-01 5.417240e-01
463 2.960000e-01 1.626400e-01 5.413600e-01
464 2.964880e-01 1.620160e-01 5.414960e-01
465 2.968080e-01 1.619440e-01 5.412480e-01
466 2.964680e-01 1.625080e-01 5.410240e-01
467 2.965960e-01 1.627960e-01 5.406080e-01
468 2.968080e-01 1.630640e-01 5.401280e-01
469 2.967400e-01 1.631760e-01 5.400840e-01
470 2.962520e-01 1.636960e-01 5.400520e-01
471 2.957360e-01 1.647760e-01 5.394880e-01
472 2.955400e-01 1.653160e-01 5.391440e-01
473 2.952720e-01 1.654920e-01 5.392360e-01
474 2.951400e-01 1.657440e-01 5.391160e-01
475 2.946920e-01 1.658080e-01 5.395000e-01
476 2.936720e-01 1.661200e-01 5.402080e-01
477 2.934680e-01 1.660320e-01 5.405000e-01
478 2.931920e-01 1.664480e-01 5.403600e-01
479 2.930920e-01 1.662360e-01 5.406720e-01
480 2.925720e-01 1.659240e-01 5.415040e-01
481 2.924080e-01 1.663200e-01 5.412720e-01
482 2.921040e-01 1.665560e-01 5.413400e-01
483 2.916200e-01 1.665280e-01 5.418520e-01
484 2.915520e-01 1.661800e-01 5.422680e-01
485 2.915520e-01 1.660920e-01 5.423560e-01
486 2.914320e-01 1.655440e-01 5.430240e-01
487 2.918040e-01 1.654160e-01 5.427800e-01
488 2.925520e-01 1.647480e-01 5.427000e-01
489 2.930280e-01 1.641240e-01 5.428480e-01
490 2.936640e-01 1.634720e-01 5.428640e-01
491 2.935480e-01 1.628440e-01 5.436080e-01
492 2.942200e-01 1.622440e-01 5.435360e-01
493 2.944120e-01 1.618480e-01 5.437400e-01
494 2.950040e-01 1.619800e-01 5.430160e-01
495 2.954200e-01 1.614160e-01 5.431640e-01
496 2.959360e-01 1.609240e-01 5.431400e-01
497 2.959080e-01 1.612080e-01 5.428840e-01
498 2.960160e-01 1.613840e-01 5.426000e-01
499 2.957920e-01 1.617600e-01 5.424480e-01
500 2.953640e-01 1.622000e-01 5.424360e-01
501 2.954960e-01 1.617240e-01 5.427800e-01
502 2.957880e-01 1.619880e-01 5.422240e-01
503 2.958800e-01 1.616920e-01 5.424280e-01
504 2.963640e-01 1.618120e-01 5.418240e-01
505 2.967000e-01 1.619120e-01 5.413880e-01
506 2.970520e-01 1.615560e-01 5.413920e-01
507 2.979280e-01 1.612320e-01 5.408400e-01
508 2.978680e-01 1.613680e-01 5.407640e-01
509 2.982080e-01 1.617200e-01 5.400720e-01
510 2.979760e-01 1.616600e-01 5.403640e-01
511 2.979840e-01 1.615600e-01 5.404560e-01
512 2.978040e-01 1.618960e-01 5.403000e-01
513 2.977320e-01 1.618360e-01 5.404320e-01
514 2.980400e-01 1.620120e-01 5.399480e-01
515 2.974640e-01 1.623720e-01 5.401640e-01
516 2.975480e-01 1.625880e-01 5.398640e-01
517 2.973560e-01 1.626880e-01 5.399560e-01
518 2.967320e-01 1.624680e-01 5.408000e-01
519 2.967760e-01 1.625560e-01 5.406680e-01
520 2.964320e-01 1.630400e-01 5.405280e-01
521 2.962040e-01 1.635920e-01 5.402040e-01
522 2.964360e-01 1.635560e-01 5.400080e-01
523 2.955680e-01 1.635440e-01 5.408880e-01
524 2.956560e-01 1.631240e-01 5.412200e-01
525 2.948640e-01 1.636680e-01 5.414680e-01
526 2.956040e-01 1.628080e-01 5.415880e-01
527 2.952520e-01 1.636880e-01 5.410600e-01
528 2.953960e-01 1.634080e-01 5.411960e-01
529 2.950400e-01 1.640920e-01 5.408680e-01
530 2.953440e-01 1.637080e-01 5.409480e-01
531 2.952440e-01 1.636320e-01 5.411240e-01
532 2.953560e-01 1.639080e-01 5.407360e-01
533 2.952760e-01 1.639400e-01 5.407840e-01
534 2.949520e-01 1.644040e-01 5.406440e-01
535 2.945960e-01 1.640880e-01 5.413160e-01
536 2.937960e-01 1.642320e-01 5.419720e-01
537 2.938880e-01 1.642360e-01 5.418760e-01
538 2.942120e-01 1.637720e-01 5.420160e-01
539 2.942600e-01 1.634880e-01 5.422520e-01
540 2.945960e-01 1.632880e-01 5.421160e-01
541 2.949080e-01 1.629640e-01 5.421280e-01
542 2.951760e-01 1.628160e-01 5.420080e-01
543 2.951520e-01 1.622480e-01 5.426000e-01
544 2.957960e-01 1.615000e-01 5.427040e-01
545 2.962720e-01 1.617920e-01 5.419360e-01
546 2.961760e-01 1.619120e-01 5.419120e-01
547 2.963680e-01 1.615880e-01 5.420440e-01
548 2.968560e-01 1.614560e-01 5.416880e-01
549 2.969760e-01 1.618720e-01 5.411520e-01
550 2.978440e-01 1.614320e-01 5.407240e-01
551 2.975520e-01 1.618040e-01 5.406440e-01
552 2.978680e-01 1.614360e-01 5.406960e-01
553 2.979400e-01 1.614400e-01 5.406200e-01
554 2.977720e-01 1.614760e-01 5.407520e-01
555 2.979920e-01 1.608600e-01 5.411480e-01
556 2.986440e-01 1.607840e-01 5.405720e-01
557 2.991800e-01 1.603240e-01 5.404960e-01
558 2.986280e-01 1.607720e-01 5.406000e-01
559 2.983240e-01 1.605920e-01 5.410840e-01
560 2.991000e-01 1.599960e-01 5.409040e-01
561 2.992120e-01 1.606960e-01 5.400920e-01
562 2.993640e-01 1.606680e-01 5.399680e-01
563 2.993000e-01 1.613600e-01 5.393400e-01
564 2.996360e-01 1.608760e-01 5.394880e-01
565 2.990400e-01 1.614440e-01 5.395160e-01
566 2.986920e-01 1.621320e-01 5.391760e-01
567 2.984160e-01 1.626360e-01 5.389480e-01
568 2.982680e-01 1.622960e-01 5.394360e-01
569 2.987720e-01 1.620320e-01 5.391960e-01
570 2.985440e-01 1.620120e-01 5.394440e-01
571 2.986320e-01 1.617280e-01 5.396400e-01
572 2.986040e-01 1.622080e-01 5.391880e-01
573 2.985880e-01 1.620880e-01 5.393240e-01
574 2.984120e-01 1.619880e-01 5.396000e-01
575 2.985760e-01 1.618320e-01 5.395920e-01
576 2.989960e-01 1.608520e-01 5.401520e-01
577 2.994600e-01 1.606280e-01 5.399120e-01
578 2.992480e-01 1.609640e-01 5.397880e-01
579 2.989760e-01 1.615480e-01 5.394760e-01
580 2.994840e-01 1.613480e-01 5.391680e-01
581 2.995000e-01 1.612200e-01 5.392800e-01
582 2.990000e-01 1.614640e-01 5.395360e-01
583 2.991080e-01 1.614040e-01 5.394880e-01
584 2.997680e-01 1.610040e-01 5.392280e-01
585 3.000960e-01 1.612920e-01 5.386120e-01
586 2.998800e-01 1.619960e-01 5.381240e-01
587 2.985040e-01 1.630280e-01 5.384680e-01
588 2.981400e-01 1.631160e-01 5.387440e-01
589 2.979600e-01 1.634920e-01 5.385480e-01
590 2.982960e-01 1.628360e-01 5.388680e-01
591 2.982280e-01 1.626040e-01 5.391680e-01
592 2.987800e-01 1.618320e-01 5.393880e-01
593 2.989120e-01 1.613680e-01 5.397200e-01
594 2.988160e-01 1.617760e-01 5.394080e-01
595 2.993720e-01 1.612480e-01 5.393800e-01
596 2.994760e-01 1.611920e-01 5.393320e-01
597 2.986360e-01 1.616120e-01 5.397520e-01
598 2.984920e-01 1.611960e-01 5.403120e-01
599 2.985160e-01 1.616040e-01 5.398800e-01
600 2.985360e-01 1.613000e-01 5.401640e-01
601 2.981640e-01 1.612000e-01 5.406360e-01
602 2.980800e-01 1.612000e-01 5.407200e-01
603 2.979360e-01 1.612000e-01 5.408640e-01
604 2.974320e-01 1.613680e-01 5.412000e-01
605 2.972320e-01 1.611200e-01 5.416480e-01
606 2.963880e-01 1.613680e-01 5.422440e-01
607 2.967120e-01 1.607240e-01 5.425640e-01
608 2.971760e-01 1.606200e-01 5.422040e-01
609 2.975080e-01 1.607000e-01 5.417920e-01
610 2.968360e-01 1.613480e-01 5.418160e-01
611 2.968720e-01 1.614920e-01 5.416360e-01
612 2.970240e-01 1.606280e-01 5.423480e-01
613 2.976760e-01 1.603400e-01 5.419840e-01
614 2.977400e-01 1.607040e-01 5.415560e-01
615 2.975720e-01 1.607280e-01 5.417000e-01
616 2.978800e-01 1.608360e-01 5.412840e-01
617 2.987400e-01 1.603400e-01 5.409200e-01
618 2.987680e-01 1.607320e-01 5.405000e-01
619 2.984920e-01 1.609720e-01 5.405360e-01
620 2.986720e-01 1.608400e-01 5.404880e-01
621 2.985520e-01 1.606560e-01 5.407920e-01
622 2.982880e-01 1.613760e-01 5.403360e-01
623 2.984160e-01 1.611080e-01 5.404760e-01
624 2.983600e-01 1.603360e-01 5.413040e-01
625 2.996560e-01 1.602000e-01 5.401440e-01
626 2.998600e-01 1.605480e-01 5.395920e-01
627 2.993680e-01 1.609520e-01 5.396800e-01
628 2.987640e-01 1.618880e-01 5.393480e-01
629 2.981800e-01 1.624640e-01 5.393560e-01
630 2.988040e-01 1.619080e-01 5.392880e-01
631 2.990640e-01 1.618120e-01 5.391240e-01
632 2.995600e-01 1.614520e-01 5.389880e-01
633 3.002680e-01 1.613480e-01 5.383840e-01
634 3.007400e-01 1.611880e-01 5.380720e-01
635 3.003360e-01 1.611520e-01 5.385120e-01
636 3.001360e-01 1.612000e-01 5.386640e-01
637 2.993000e-01 1.618400e-01 5.388600e-01
638 2.997240e-01 1.616120e-01 5.386640e-01
639 2.999280e-01 1.617080e-01 5.383640e-01
640 2.998880e-01 1.624960e-01 5.376160e-01
641 2.993480e-01 1.622160e-01 5.384360e-01
642 2.991280e-01 1.621280e-01 5.387440e-01
643 2.991720e-01 1.625120e-01 5.383160e-01
644 2.988520e-01 1.624680e-01 5.386800e-01
645 2.987400e-01 1.628960e-01 5.383640e-01
646 2.987520e-01 1.627560e-01 5.384920e-01
647 2.986720e-01 1.625680e-01 5.387600e-01
648 2.985920e-01 1.627200e-01 5.386880e-01
649 2.979560e-01 1.624880e-01 5.395560e-01
650 2.978680e-01 1.622840e-01 5.398480e-01
651 2.978800e-01 1.619280e-01 5.401920e-01
652 2.977240e-01 1.620840e-01 5.401920e-01
653 2.972080e-01 1.624400e-01 5.403520e-01
654 2.977720e-01 1.616880e-01 5.405400e-01
655 2.981160e-01 1.612880e-01 5.405960e-01
656 2.985200e-01 1.612200e-01 5.402600e-01
657 2.988160e-01 1.610560e-01 5.401280e-01
658 2.983120e-01 1.614120e-01 5.402760e-01
659 2.986720e-01 1.609960e-01 5.403320e-01
660 2.988000e-01 1.610240e-01 5.401760e-01
661 2.990680e-01 1.611640e-01 5.397680e-01
662 2.983760e-01 1.617600e-01 5.398640e-01
663 2.982520e-01 1.619600e-01 5.397880e-01
664 2.988480e-01 1.617240e-01 5.394280e-01
665 2.989040e-01 1.620920e-01 5.390040e-01
666 2.989920e-01 1.622200e-01 5.387880e-01
667 2.988880e-01 1.621240e-01 5.389880e-01
668 2.986480e-01 1.625000e-01 5.388520e-01
669 2.981840e-01 1.625760e-01 5.392400e-01
670 2.979560e-01 1.622600e-01 5.397840e-01
671 2.976600e-01 1.623120e-01 5.400280e-01
672 2.979000e-01 1.623760e-01 5.397240e-01
673 2.986160e-01 1.619480e-01 5.394360e-01
674 2.982960e-01 1.626200e-01 5.390840e-01
675 2.978440e-01 1.628560e-01 5.393000e-01
676 2.981760e-01 1.625720e-01 5.392520e-01
677 2.978000e-01 1.630040e-01 5.391960e-01
678 2.977320e-01 1.634400e-01 5.388280e-01
679 2.980240e-01 1.637720e-01 5.382040e-01
680 2.980640e-01 1.636720e-01 5.382640e-01
681 2.978680e-01 1.635320e-01 5.386000e-01
682 2.974000e-01 1.640080e-01 5.385920e-01
683 2.973760e-01 1.640840e-01 5.385400e-01
684 2.970680e-01 1.643840e-01 5.385480e-01
685 2.972400e-01 1.642240e-01 5.385360e-01
686 2.970960e-01 1.638600e-01 5.390440e-01
687 2.971960e-01 1.636280e-01 5.391760e-01
688 2.963080e-01 1.641400e-01 5.395520e-01
689 2.958960e-01 1.646000e-01 5.395040e-01
690 2.958400e-01 1.647720e-01 5.393880e-01
691 2.955880e-01 1.647840e-01 5.396280e-01
692 2.960000e-01 1.644560e-01 5.395440e-01
693 2.960440e-01 1.644080e-01 5.395480e-01
694 2.951800e-01 1.647440e-01 5.400760e-01
695 2.958320e-01 1.642920e-01 5.398760e-01
696 2.956720e-01 1.643120e-01 5.400160e-01
697 2.950920e-01 1.639400e-01 5.409680e-01
698 2.955320e-01 1.638840e-01 5.405840e-01
699 2.947560e-01 1.642400e-01 5.410040e-01
700 2.943520e-01 1.645880e-01 5.410600e-01
701 2.943600e-01 1.646800e-01 5.409600e-01
702 2.940480e-01 1.644680e-01 5.414840e-01
703 2.940720e-01 1.642520e-01 5.416760e-01
704 2.941200e-01 1.639720e-01 5.419080e-01
705 2.940480e-01 1.638840e-01 5.420680e-01
706 2.940480e-01 1.635760e-01 5.423760e-01
707 2.934200e-01 1.636360e-01 5.429440e-01
708 2.938160e-01 1.639160e-01 5.422680e-01
709 2.939560e-01 1.640280e-01 5.420160e-01
710 2.945440e-01 1.638200e-01 5.416360e-01
711 2.943480e-01 1.640480e-01 5.416040e-01
712 2.940760e-01 1.644200e-01 5.415040e-01
713 2.938360e-01 1.646960e-01 5.414680e-01
714 2.940120e-01 1.647760e-01 5.412120e-01
715 2.942120e-01 1.645640e-01 5.412240e-01
716 2.940480e-01 1.644960e-01 5.414560e-01
717 2.946640e-01 1.638560e-01 5.414800e-01
718 2.945280e-01 1.635080e-01 5.419640e-01
719 2.945880e-01 1.635080e-01 5.419040e-01
720 2.944800e-01 1.635200e-01 5.420000e-01
721 2.946480e-01 1.631240e-01 5.422280e-01
722 2.946880e-01 1.634920e-01 5.418200e-01
723 2.943880e-01 1.632880e-01 5.423240e-01
724 2.945360e-01 1.634120e-01 5.420520e-01
725 2.945720e-01 1.634800e-01 5.419480e-01
726 2.957760e-01 1.626800e-01 5.415440e-01
727 2.955000e-01 1.624240e-01 5.420760e-01
728 2.959880e-01 1.619160e-01 5.420960e-01
729 2.961560e-01 1.615240e-01 5.423200e-01
730 2.962880e-01 1.618720e-01 5.418400e-01
731 2.967040e-01 1.615040e-01 5.417920e-01
732 2.963400e-01 1.619400e-01 5.417200e-01
733 2.964440e-01 1.615040e-01 5.420520e-01
734 2.973280e-01 1.610920e-01 5.415800e-01
735 2.968880e-01 1.611160e-01 5.419960e-01
736 2.966280e-01 1.612160e-01 5.421560e-01
737 2.968280e-01 1.611200e-01 5.420520e-01
738 2.972400e-01 1.612360e-01 5.415240e-01
739 2.978080e-01 1.610480e-01 5.411440e-01
740 2.976920e-01 1.611160e-01 5.411920e-01
741 2.971320e-01 1.613800e-01 5.414880e-01
742 2.971680e-01 1.612840e-01 5.415480e-01
743 2.969640e-01 1.615960e-01 5.414400e-01
744 2.962280e-01 1.616400e-01 5.421320e-01
745 2.963440e-01 1.615120e-01 5.421440e-01
746 2.967240e-01 1.615080e-01 5.417680e-01
747 2.959160e-01 1.617200e-01 5.423640e-01
748 2.963800e-01 1.620440e-01 5.415760e-01
749 2.967160e-01 1.621960e-01 5.410880e-01
750 2.961080e-01 1.625920e-01 5.413000e-01
751 2.963120e-01 1.622240e-01 5.414640e-01
752 2.964880e-01 1.618800e-01 5.416320e-01
753 2.960760e-01 1.619320e-01 5.419920e-01
754 2.963240e-01 1.619720e-01 5.417040e-01
755 2.971160e-01 1.612760e-01 5.416080e-01
756 2.969440e-01 1.618600e-01 5.411960e-01
757 2.974680e-01 1.619840e-01 5.405480e-01
758 2.972320e-01 1.626080e-01 5.401600e-01
759 2.975400e-01 1.626400e-01 5.398200e-01
760 2.975680e-01 1.628160e-01 5.396160e-01
761 2.984280e-01 1.619800e-01 5.395920e-01
762 2.978960e-01 1.625480e-01 5.395560e-01
763 2.984360e-01 1.623520e-01 5.392120e-01
764 2.978520e-01 1.620240e-01 5.401240e-01
765 2.982000e-01 1.619120e-01 5.398880e-01
766 2.981520e-01 1.618800e-01 5.399680e-01
767 2.980280e-01 1.619840e-01 5.399880e-01
768 2.984520e-01 1.619640e-01 5.395840e-01
769 2.980280e-01 1.621720e-01 5.398000e-01
770 2.982560e-01 1.618280e-01 5.399160e-01
771 2.987840e-01 1.614200e-01 5.397960e-01
772 2.982680e-01 1.622160e-01 5.395160e-01
773 2.987920e-01 1.623320e-01 5.388760e-01
774 2.989720e-01 1.618280e-01 5.392000e-01
775 2.988320e-01 1.617600e-01 5.394080e-01
776 2.992520e-01 1.621880e-01 5.385600e-01
777 2.985680e-01 1.623240e-01 5.391080e-01
778 2.982080e-01 1.624760e-01 5.393160e-01
779 2.976400e-01 1.623080e-01 5.400520e-01
780 2.971680e-01 1.622080e-01 5.406240e-01
781 2.977360e-01 1.613280e-01 5.409360e-01
782 2.986440e-01 1.602360e-01 5.411200e-01
783 2.986040e-01 1.602480e-01 5.411480e-01
784 2.997080e-01 1.594760e-01 5.408160e-01
785 2.997560e-01 1.600640e-01 5.401800e-01
786 3.000680e-01 1.599680e-01 5.399640e-01
787 3.002000e-01 1.598800e-01 5.399200e-01
788 3.002520e-01 1.605440e-01 5.392040e-01
789 3.007200e-01 1.605160e-01 5.387640e-01
790 3.009280e-01 1.606000e-01 5.384720e-01
791 3.006480e-01 1.610560e-01 5.382960e-01
792 3.004440e-01 1.610040e-01 5.385520e-01
793 2.999440e-01 1.619080e-01 5.381480e-01
794 2.999480e-01 1.621440e-01 5.379080e-01
795 2.999040e-01 1.624440e-01 5.376520e-01
796 3.004280e-01 1.620960e-01 5.374760e-01
797 2.994520e-01 1.629280e-01 5.376200e-01
798 2.992920e-01 1.628440e-01 5.378640e-01
799 2.995680e-01 1.622520e-01 5.381800e-01
800 2.994680e-01 1.629240e-01 5.376080e-01
801 2.997400e-01 1.625040e-01 5.377560e-01
802 2.995840e-01 1.626080e-01 5.378080e-01
803 2.990800e-01 1.631160e-01 5.378040e-01
804 2.984320e-01 1.632320e-01 5.383360e-01
805 2.981960e-01 1.630400e-01 5.387640e-01
806 2.985880e-01 1.625640e-01 5.388480e-01
807 2.982680e-01 1.626680e-01 5.390640e-01
808 2.983640e-01 1.630040e-01 5.386320e-01
809 2.982320e-01 1.633760e-01 5.383920e-01
810 2.981720e-01 1.635600e-01 5.382680e-01
811 2.978920e-01 1.638480e-01 5.382600e-01
812 2.977200e-01 1.647720e-01 5.375080e-01
813 2.972440e-01 1.640680e-01 5.386880e-01
814 2.966480e-01 1.637480e-01 5.396040e-01
815 2.960360e-01 1.638880e-01 5.400760e-01
816 2.966120e-01 1.629120e-01 5.404760e-01
817 2.966400e-01 1.627720e-01 5.405880e-01
818 2.970800e-01 1.629680e-01 5.399520e-01
819 2.966080e-01 1.633600e-01 5.400320e-01
820 2.970880e-01 1.625040e-01 5.404080e-01
821 2.972200e-01 1.627960e-01 5.399840e-01
822 2.973040e-01 1.626200e-01 5.400760e-01
823 2.961320e-01 1.636720e-01 5.401960e-01
824 2.960080e-01 1.634920e-01 5.405000e-01
825 2.960800e-01 1.634040e-01 5.405160e-01
826 2.967440e-01 1.622680e-01 5.409880e-01
827 2.966360e-01 1.619000e-01 5.414640e-01
828 2.968000e-01 1.617560e-01 5.414440e-01
829 2.972160e-01 1.618480e-01 5.409360e-01
830 2.973600e-01 1.616920e-01 5.409480e-01
831 2.975640e-01 1.615600e-01 5.408760e-01
832 2.979920e-01 1.617960e-01 5.402120e-01
833 2.969120e-01 1.620960e-01 5.409920e-01
834 2.968360e-01 1.623320e-01 5.408320e-01
835 2.969280e-01 1.625680e-01 5.405040e-01
836 2.978160e-01 1.623880e-01 5.397960e-01
837 2.981320e-01 1.622840e-01 5.395840e-01
838 2.977280e-01 1.625120e-01 5.397600e-01
839 2.969080e-01 1.625200e-01 5.405720e-01
840 2.966720e-01 1.628840e-01 5.404440e-01
841 2.962400e-01 1.636720e-01 5.400880e-01
842 2.960400e-01 1.645160e-01 5.394440e-01
843 2.962840e-01 1.639560e-01 5.397600e-01
844 2.964560e-01 1.635120e-01 5.400320e-01
845 2.963120e-01 1.632040e-01 5.404840e-01
846 2.962320e-01 1.633400e-01 5.404280e-01
847 2.958400e-01 1.636520e-01 5.405080e-01
848 2.958440e-01 1.632200e-01 5.409360e-01
849 2.958080e-01 1.629880e-01 5.412040e-01
850 2.962040e-01 1.627280e-01 5.410680e-01
851 2.958880e-01 1.629680e-01 5.411440e-01
852 2.957400e-01 1.628120e-01 5.414480e-01
853 2.960320e-01 1.630720e-01 5.408960e-01
854 2.958520e-01 1.634880e-01 5.406600e-01
855 2.958600e-01 1.638520e-01 5.402880e-01
856 2.961360e-01 1.634160e-01 5.404480e-01
857 2.959280e-01 1.633880e-01 5.406840e-01
858 2.959640e-01 1.633320e-01 5.407040e-01
859 2.955120e-01 1.632280e-01 5.412600e-01
860 2.958640e-01 1.628160e-01 5.413200e-01
861 2.962640e-01 1.622560e-01 5.414800e-01
862 2.966600e-01 1.617960e-01 5.415440e-01
863 2.970800e-01 1.610280e-01 5.418920e-01
864 2.971760e-01 1.612600e-01 5.415640e-01
865 2.970360e-01 1.613040e-01 5.416600e-01
866 2.976520e-01 1.613520e-01 5.409960e-01
867 2.977520e-01 1.613880e-01 5.408600e-01
868 2.974160e-01 1.614240e-01 5.411600e-01
869 2.979360e-01 1.610280e-01 5.410360e-01
870 2.987320e-01 1.606800e-01 5.405880e-01
871 2.989000e-01 1.613120e-01 5.397880e-01
872 2.988680e-01 1.616000e-01 5.395320e-01
873 2.983160e-01 1.615520e-01 5.401320e-01
874 2.978760e-01 1.617920e-01 5.403320e-01
875 2.976200e-01 1.618120e-01 5.405680e-01
876 2.971040e-01 1.624240e-01 5.404720e-01
877 2.971960e-01 1.621880e-01 5.406160e-01
878 2.975640e-01 1.620160e-01 5.404200e-01
879 2.971720e-01 1.624080e-01 5.404200e-01
880 2.971000e-01 1.627160e-01 5.401840e-01
881 2.968640e-01 1.631640e-01 5.399720e-01
882 2.970000e-01 1.631600e-01 5.398400e-01
883 2.966440e-01 1.631000e-01 5.402560e-01
884 2.968280e-01 1.628880e-01 5.402840e-01
885 2.974560e-01 1.621560e-01 5.403880e-01
886 2.969080e-01 1.625480e-01 5.405440e-01
887 2.964560e-01 1.627880e-01 5.407560e-01
888 2.966280e-01 1.631400e-01 5.402320e-01
889 2.964200e-01 1.628480e-01 5.407320e-01
890 2.963320e-01 1.624000e-01 5.412680e-01
891 2.960840e-01 1.624240e-01 5.414920e-01
892 2.964960e-01 1.622800e-01 5.412240e-01
893 2.962240e-01 1.627400e-01 5.410360e-01
894 2.961320e-01 1.625160e-01 5.413520e-01
895 2.964160e-01 1.626040e-01 5.409800e-01
896 2.964040e-01 1.619720e-01 5.416240e-01
897 2.966920e-01 1.616120e-01 5.416960e-01
898 2.972360e-01 1.609680e-01 5.417960e-01
899 2.972920e-01 1.607200e-01 5.419880e-01
900 2.974160e-01 1.603360e-01 5.422480e-01
901 2.979040e-01 1.603960e-01 5.417000e-01
902 2.984360e-01 1.600240e-01 5.415400e-01
903 2.983960e-01 1.600120e-01 5.415920e-01
904 2.980240e-01 1.607560e-01 5.412200e-01
905 2.991520e-01 1.601640e-01 5.406840e-01
906 2.990400e-01 1.603240e-01 5.406360e-01
907 2.995320e-01 1.604680e-01 5.400000e-01
908 3.001080e-01 1.602760e-01 5.396160e-01
909 2.999400e-01 1.610360e-01 5.390240e-01
910 2.999040e-01 1.608880e-01 5.392080e-01
911 3.002600e-01 1.604600e-01 5.392800e-01
912 2.995880e-01 1.608000e-01 5.396120e-01
913 2.998720e-01 1.606320e-01 5.394960e-01
914 2.997040e-01 1.613320e-01 5.389640e-01
915 2.995840e-01 1.612320e-01 5.391840e-01
916 2.991880e-01 1.620120e-01 5.388000e-01
917 3.001560e-01 1.618200e-01 5.380240e-01
918 3.000400e-01 1.623200e-01 5.376400e-01
919 3.010800e-01 1.614320e-01 5.374880e-01
920 3.011640e-01 1.619360e-01 5.369000e-01
921 3.007680e-01 1.619840e-01 5.372480e-01
922 3.010440e-01 1.617120e-01 5.372440e-01
923 3.002880e-01 1.623280e-01 5.373840e-01
924 3.002640e-01 1.628480e-01 5.368880e-01
925 2.993360e-01 1.632480e-01 5.374160e-01
926 2.987400e-01 1.627960e-01 5.384640e-01
927 2.988280e-01 1.633760e-01 5.377960e-01
928 2.983240e-01 1.630960e-01 5.385800e-01
929 2.981080e-01 1.629480e-01 5.389440e-01
930 2.980280e-01 1.627840e-01 5.391880e-01
931 2.978840e-01 1.628320e-01 5.392840e-01
932 2.977760e-01 1.629520e-01 5.392720e-01
