1 9.991320e-01 7.800000e-04 8.800000e-05
2 9.983160e-01 1.452000e-03 2.320000e-04
3 9.972520e-01 2.220000e-03 5.280000e-04
4 9.959960e-01 3.112000e-03 8.920000e-04
5 9.942760e-01 4.300000e-03 1.424000e-03
6 9.921920e-01 5.596000e-03 2.212000e-03
7 9.899320e-01 7.028000e-03 3.040000e-03
8 9.871800e-01 8.720000e-03 4.100000e-03
9 9.841160e-01 1.057600e-02 5.308000e-03
10 9.805840e-01 1.256000e-02 6.856000e-03
11 9.769840e-01 1.442400e-02 8.592000e-03
12 9.728800e-01 1.643600e-02 1.068400e-02
13 9.684240e-01 1.872400e-02 1.285200e-02
14 9.635160e-01 2.098000e-02 1.550400e-02
15 9.582440e-01 2.334000e-02 1.841600e-02
16 9.528400e-01 2.595600e-02 2.120400e-02
17 9.468360e-01 2.890400e-02 2.426000e-02
18 9.404560e-01 3.164000e-02 2.790400e-02
19 9.336000e-01 3.469600e-02 3.170400e-02
20 9.262560e-01 3.771200e-02 3.603200e-02
21 9.190880e-01 4.028800e-02 4.062400e-02
22 9.115720e-01 4.332000e-02 4.510800e-02
23 9.042040e-01 4.594400e-02 4.985200e-02
24 8.958880e-01 4.947200e-02 5.464000e-02
25 8.874360e-01 5.258800e-02 5.997600e-02
26 8.791360e-01 5.522000e-02 6.564400e-02
27 8.708200e-01 5.792000e-02 7.126000e-02
28 8.621920e-01 6.072400e-02 7.708400e-02
29 8.536240e-01 6.352800e-02 8.284800e-02
30 8.445280e-01 6.689600e-02 8.857600e-02
31 8.357400e-01 6.978400e-02 9.447600e-02
32 8.261000e-01 7.346000e-02 1.004400e-01
33 8.163040e-01 7.690800e-02 1.067880e-01
34 8.063080e-01 8.015200e-02 1.135400e-01
35 7.957400e-01 8.366000e-02 1.206000e-01
36 7.854360e-01 8.672800e-02 1.278360e-01
37 7.750920e-01 8.965200e-02 1.352560e-01
38 7.640040e-01 9.373600e-02 1.422600e-01
39 7.538800e-01 9.632000e-02 1.498000e-01
40 7.437000e-01 9.928400e-02 1.570160e-01
41 7.336480e-01 1.015040e-01 1.648480e-01
42 7.230400e-01 1.045840e-01 1.723760e-01
43 7.127040e-01 1.071760e-01 1.801200e-01
44 7.024800e-01 1.101680e-01 1.873520e-01
45 6.923000e-01 1.128240e-01 1.948760e-01
46 6.818400e-01 1.157800e-01 2.023800e-01
47 6.722920e-01 1.181640e-01 2.095440e-01
48 6.626280e-01 1.200560e-01 2.173160e-01
49 6.533400e-01 1.221800e-01 2.244800e-01
50 6.436200e-01 1.241080e-01 2.322720e-01
51 6.345960e-01 1.257880e-01 2.396160e-01
52 6.259160e-01 1.280680e-01 2.460160e-01
53 6.165160e-01 1.296200e-01 2.538640e-01
54 6.073320e-01 1.314080e-01 2.612600e-01
55 5.983320e-01 1.338160e-01 2.678520e-01
56 5.896080e-01 1.354040e-01 2.749880e-01
57 5.810320e-01 1.369080e-01 2.820600e-01
58 5.728160e-01 1.386800e-01 2.885040e-01
59 5.645760e-01 1.404760e-01 2.949480e-01
60 5.558720e-01 1.425120e-01 3.016160e-01
61 5.478760e-01 1.440880e-01 3.080360e-01
62 5.400960e-01 1.456160e-01 3.142880e-01
63 5.329600e-01 1.467000e-01 3.203400e-01
64 5.261760e-01 1.473080e-01 3.265160e-01
65 5.192800e-01 1.481360e-01 3.325840e-01
66 5.128800e-01 1.489240e-01 3.381960e-01
67 5.057720e-01 1.495920e-01 3.446360e-01
68 4.989920e-01 1.506960e-01 3.503120e-01
69 4.930080e-01 1.516120e-01 3.553800e-01
70 4.874520e-01 1.520320e-01 3.605160e-01
71 4.815040e-01 1.532960e-01 3.652000e-01
72 4.751520e-01 1.542920e-01 3.705560e-01
73 4.691840e-01 1.553880e-01 3.754280e-01
74 4.639440e-01 1.561000e-01 3.799560e-01
75 4.579000e-01 1.569560e-01 3.851440e-01
76 4.529560e-01 1.572680e-01 3.897760e-01
77 4.481760e-01 1.573600e-01 3.944640e-01
78 4.431720e-01 1.578320e-01 3.989960e-01
79 4.390720e-01 1.576520e-01 4.032760e-01
80 4.342880e-01 1.578080e-01 4.079040e-01
81 4.300520e-01 1.577400e-01 4.122080e-01
82 4.258640e-01 1.584120e-01 4.157240e-01
83 4.214840e-01 1.588600e-01 4.196560e-01
84 4.173280e-01 1.587840e-01 4.238880e-01
85 4.133600e-01 1.594960e-01 4.271440e-01
86 4.093600e-01 1.599240e-01 4.307160e-01
87 4.054280e-01 1.598840e-01 4.346880e-01
88 4.014560e-01 1.607960e-01 4.377480e-01
89 3.976520e-01 1.609520e-01 4.413960e-01
90 3.935960e-01 1.610800e-01 4.453240e-01
91 3.898960e-01 1.613280e-01 4.487760e-01
92 3.865080e-01 1.615040e-01 4.519880e-01
93 3.834320e-01 1.617160e-01 4.548520e-01
94 3.800920e-01 1.620560e-01 4.578520e-01
95 3.775960e-01 1.620560e-01 4.603480e-01
96 3.748280e-01 1.621840e-01 4.629880e-01
97 3.722680e-01 1.622280e-01 4.655040e-01
98 3.693600e-01 1.621560e-01 4.684840e-01
99 3.663560e-01 1.625880e-01 4.710560e-01
100 3.643160e-01 1.626080e-01 4.730760e-01
101 3.616640e-01 1.626840e-01 4.756520e-01
102 3.598160e-01 1.626080e-01 4.775760e-01
103 3.577000e-01 1.630760e-01 4.792240e-01
104 3.554800e-01 1.637680e-01 4.807520e-01
105 3.533840e-01 1.638000e-01 4.828160e-01
106 3.504560e-01 1.642400e-01 4.853040e-01
107 3.482080e-01 1.641640e-01 4.876280e-01
108 3.459320e-01 1.636280e-01 4.904400e-01
109 3.434840e-01 1.641000e-01 4.924160e-01
110 3.415760e-01 1.643800e-01 4.940440e-01
111 3.386600e-01 1.649560e-01 4.963840e-01
112 3.364200e-01 1.659400e-01 4.976400e-01
113 3.342600e-01 1.657360e-01 5.000040e-01
114 3.322560e-01 1.655200e-01 5.022240e-01
115 3.301520e-01 1.662200e-01 5.036280e-01
116 3.285840e-01 1.662840e-01 5.051320e-01
117 3.267400e-01 1.664760e-01 5.067840e-01
118 3.247800e-01 1.666280e-01 5.085920e-01
119 3.228120e-01 1.665480e-01 5.106400e-01
120 3.215760e-01 1.666080e-01 5.118160e-01
121 3.201840e-01 1.664600e-01 5.133560e-01
122 3.189240e-01 1.662920e-01 5.147840e-01
123 3.173800e-01 1.668040e-01 5.158160e-01
124 3.156280e-01 1.672880e-01 5.170840e-01
125 3.139400e-01 1.669960e-01 5.190640e-01
126 3.126080e-01 1.672440e-01 5.201480e-01
127 3.113520e-01 1.666680e-01 5.219800e-01
128 3.107840e-01 1.661240e-01 5.230920e-01
129 3.097480e-01 1.659080e-01 5.243440e-01
130 3.098440e-01 1.652320e-01 5.249240e-01
131 3.090680e-01 1.654280e-01 5.255040e-01
132 3.084280e-01 1.653960e-01 5.261760e-01
133 3.075600e-01 1.659760e-01 5.264640e-01
134 3.064840e-01 1.662640e-01 5.272520e-01
135 3.060760e-01 1.666480e-01 5.272760e-01
136 3.050160e-01 1.662680e-01 5.287160e-01
137 3.043920e-01 1.661280e-01 5.294800e-01
138 3.034280e-01 1.659200e-01 5.306520e-01
139 3.029120e-01 1.659920e-01 5.310960e-01
140 3.014600e-01 1.669120e-01 5.316280e-01
141 3.008200e-01 1.670640e-01 5.321160e-01
142 3.004840e-01 1.671400e-01 5.323760e-01
143 2.994080e-01 1.673080e-01 5.332840e-01
144 2.985280e-01 1.674200e-01 5.340520e-01
145 2.972040e-01 1.678880e-01 5.349080e-01
146 2.972360e-01 1.671320e-01 5.356320e-01
147 2.972840e-01 1.669040e-01 5.358120e-01
148 2.968880e-01 1.661200e-01 5.369920e-01
149 2.969200e-01 1.658480e-01 5.372320e-01
150 2.968640e-01 1.663680e-01 5.367680e-01
151 2.963320e-01 1.664400e-01 5.372280e-01
152 2.960080e-01 1.661280e-01 5.378640e-01
153 2.955880e-01 1.660680e-01 5.383440e-01
154 2.946880e-01 1.665160e-01 5.387960e-01
155 2.944720e-01 1.660960e-01 5.394320e-01
156 2.941600e-01 1.660320e-01 5.398080e-01
157 2.934160e-01 1.655400e-01 5.410440e-01
158 2.932800e-01 1.661520e-01 5.405680e-01
159 2.928760e-01 1.663360e-01 5.407880e-01
160 2.923400e-01 1.668320e-01 5.408280e-01
161 2.924520e-01 1.666480e-01 5.409000e-01
162 2.919360e-01 1.667480e-01 5.413160e-01
163 2.909360e-01 1.669640e-01 5.421000e-01
164 2.914640e-01 1.664160e-01 5.421200e-01
165 2.914960e-01 1.661480e-01 5.423560e-01
166 2.909400e-01 1.661960e-01 5.428640e-01
167 2.906200e-01 1.662640e-01 5.431160e-01
168 2.906320e-01 1.662680e-01 5.431000e-01
169 2.906880e-01 1.662240e-01 5.430880e-01
170 2.906360e-01 1.663840e-01 5.429800e-01
171 2.905280e-01 1.660960e-01 5.433760e-01
172 2.911400e-01 1.660120e-01 5.428480e-01
173 2.912440e-01 1.657520e-01 5.430040e-01
174 2.915080e-01 1.655920e-01 5.429000e-01
175 2.919760e-01 1.651520e-01 5.428720e-01
176 2.915840e-01 1.661560e-01 5.422600e-01
177 2.910760e-01 1.666760e-01 5.422480e-01
178 2.913240e-01 1.661640e-01 5.425120e-01
179 2.911840e-01 1.660480e-01 5.427680e-01
180 2.914960e-01 1.652040e-01 5.433000e-01
181 2.922400e-01 1.640520e-01 5.437080e-01
182 2.919360e-01 1.643600e-01 5.437040e-01
183 2.926120e-01 1.643560e-01 5.430320e-01
184 2.918720e-01 1.643320e-01 5.437960e-01
185 2.917480e-01 1.642480e-01 5.440040e-01
186 2.915200e-01 1.637920e-01 5.446880e-01
187 2.915400e-01 1.636080e-01 5.448520e-01
188 2.916720e-01 1.633440e-01 5.449840e-01
189 2.923840e-01 1.629560e-01 5.446600e-01
190 2.926040e-01 1.623880e-01 5.450080e-01
191 2.924000e-01 1.627440e-01 5.448560e-01
192 2.927920e-01 1.627080e-01 5.445000e-01
193 2.927760e-01 1.625880e-01 5.446360e-01
194 2.934720e-01 1.621640e-01 5.443640e-01
195 2.944200e-01 1.615920e-01 5.439880e-01
196 2.953000e-01 1.614320e-01 5.432680e-01
197 2.959400e-01 1.614240e-01 5.426360e-01
198 2.964480e-01 1.616920e-01 5.418600e-01
199 2.958360e-01 1.619520e-01 5.422120e-01
200 2.960280e-01 1.619560e-01 5.420160e-01
201 2.960080e-01 1.618680e-01 5.421240e-01
202 2.963880e-01 1.614760e-01 5.421360e-01
203 2.968320e-01 1.613360e-01 5.418320e-01
204 2.977760e-01 1.608000e-01 5.414240e-01
205 2.981880e-01 1.603560e-01 5.414560e-01
206 2.981040e-01 1.605080e-01 5.413880e-01
207 2.978840e-01 1.603720e-01 5.417440e-01
208 2.985200e-01 1.594120e-01 5.420680e-01
209 2.984080e-01 1.594760e-01 5.421160e-01
210 2.990080e-01 1.594840e-01 5.415080e-01
211 2.993040e-01 1.593920e-01 5.413040e-01
212 2.993400e-01 1.595840e-01 5.410760e-01
213 2.993480e-01 1.596480e-01 5.410040e-01
214 2.993360e-01 1.596320e-01 5.410320e-01
215 2.991720e-01 1.599720e-01 5.408560e-01
216 2.994520e-01 1.599480e-01 5.406000e-01
217 2.989240e-01 1.609720e-01 5.401040e-01
218 2.991720e-01 1.608440e-01 5.399840e-01
219 2.994960e-01 1.609720e-01 5.395320e-01
220 2.995040e-01 1.610800e-01 5.394160e-01
221 2.991360e-01 1.606640e-01 5.402000e-01
222 2.995920e-01 1.598920e-01 5.405160e-01
223 2.995080e-01 1.604440e-01 5.400480e-01
224 3.002880e-01 1.600680e-01 5.396440e-01
225 3.005240e-01 1.599320e-01 5.395440e-01
226 3.005400e-01 1.603440e-01 5.391160e-01
227 3.007440e-01 1.604840e-01 5.387720e-01
228 3.014880e-01 1.607000e-01 5.378120e-01
229 3.015440e-01 1.610840e-01 5.373720e-01
230 3.014400e-01 1.608920e-01 5.376680e-01
231 3.009280e-01 1.616200e-01 5.374520e-01
232 3.013800e-01 1.611400e-01 5.374800e-01
233 3.008840e-01 1.614880e-01 5.376280e-01
234 3.006680e-01 1.616360e-01 5.376960e-01
235 3.000440e-01 1.615120e-01 5.384440e-01
236 2.994840e-01 1.618480e-01 5.386680e-01
237 2.998040e-01 1.617040e-01 5.384920e-01
238 2.994800e-01 1.621480e-01 5.383720e-01
239 2.991640e-01 1.619640e-01 5.388720e-01
240 2.990120e-01 1.619880e-01 5.390000e-01
241 2.990040e-01 1.622160e-01 5.387800e-01
242 2.988200e-01 1.622480e-01 5.389320e-01
243 2.986280e-01 1.624800e-01 5.388920e-01
244 2.985120e-01 1.623520e-01 5.391360e-01
245 2.984320e-01 1.629920e-01 5.385760e-01
246 2.974640e-01 1.638400e-01 5.386960e-01
247 2.975640e-01 1.633240e-01 5.391120e-01
248 2.974920e-01 1.633960e-01 5.391120e-01
249 2.970960e-01 1.639080e-01 5.389960e-01
250 2.973800e-01 1.638600e-01 5.387600e-01
251 2.974400e-01 1.639000e-01 5.386600e-01
252 2.970080e-01 1.641640e-01 5.388280e-01
253 2.966280e-01 1.635880e-01 5.397840e-01
254 2.963400e-01 1.636480e-01 5.400120e-01
255 2.964040e-01 1.634520e-01 5.401440e-01
256 2.967440e-01 1.624000e-01 5.408560e-01
257 2.968720e-01 1.623040e-01 5.408240e-01
258 2.970200e-01 1.620240e-01 5.409560e-01
259 2.969840e-01 1.627560e-01 5.402600e-01
260 2.961240e-01 1.630920e-01 5.407840e-01
261 2.958720e-01 1.628120e-01 5.413160e-01
262 2.958280e-01 1.623040e-01 5.418680e-01
263 2.960920e-01 1.616600e-01 5.422480e-01
264 2.963840e-01 1.613960e-01 5.422200e-01
265 2.961960e-01 1.612920e-01 5.425120e-01
266 2.967920e-01 1.611960e-01 5.420120e-01
267 2.974760e-01 1.606640e-01 5.418600e-01
268 2.982120e-01 1.607000e-01 5.410880e-01
269 2.984080e-01 1.608840e-01 5.407080e-01
270 2.985240e-01 1.607840e-01 5.406920e-01
271 2.991720e-01 1.608880e-01 5.399400e-01
272 2.996160e-01 1.606400e-01 5.397440e-01
273 2.986680e-01 1.606560e-01 5.406760e-01
274 2.989720e-01 1.605520e-01 5.404760e-01
275 2.989720e-01 1.601520e-01 5.408760e-01
276 2.990320e-01 1.601080e-01 5.408600e-01
277 2.989000e-01 1.606000e-01 5.405000e-01
278 2.990760e-01 1.604320e-01 5.404920e-01
279 2.990720e-01 1.599680e-01 5.409600e-01
280 2.988400e-01 1.605720e-01 5.405880e-01
281 2.991840e-01 1.608920e-01 5.399240e-01
282 2.994520e-01 1.609720e-01 5.395760e-01
283 2.999680e-01 1.607280e-01 5.393040e-01
284 3.003480e-01 1.608120e-01 5.388400e-01
285 2.998960e-01 1.615520e-01 5.385520e-01
286 2.996880e-01 1.616360e-01 5.386760e-01
287 3.000720e-01 1.614840e-01 5.384440e-01
288 3.000960e-01 1.616120e-01 5.382920e-01
289 2.997280e-01 1.617920e-01 5.384800e-01
290 2.998640e-01 1.620120e-01 5.381240e-01
291 2.998280e-01 1.619040e-01 5.382680e-01
292 3.000440e-01 1.622080e-01 5.377480e-01
293 2.996520e-01 1.627240e-01 5.376240e-01
294 2.994480e-01 1.630160e-01 5.375360e-01
295 2.990760e-01 1.629880e-01 5.379360e-01
296 2.978840e-01 1.638480e-01 5.382680e-01
297 2.973160e-01 1.636400e-01 5.390440e-01
298 2.973240e-01 1.641280e-01 5.385480e-01
299 2.968600e-01 1.641760e-01 5.389640e-01
300 2.971680e-01 1.643600e-01 5.384720e-01
301 2.966160e-01 1.645040e-01 5.388800e-01
302 2.961760e-01 1.648480e-01 5.389760e-01
303 2.954800e-01 1.650160e-01 5.395040e-01
304 2.946040e-01 1.654640e-01 5.399320e-01
305 2.942160e-01 1.655960e-01 5.401880e-01
306 2.938880e-01 1.654800e-01 5.406320e-01
307 2.932280e-01 1.655960e-01 5.411760e-01
308 2.931560e-01 1.659200e-01 5.409240e-01
309 2.924600e-01 1.660160e-01 5.415240e-01
310 2.920840e-01 1.657600e-01 5.421560e-01
311 2.915520e-01 1.656360e-01 5.428120e-01
312 2.918200e-01 1.651920e-01 5.429880e-01
313 2.918920e-01 1.651760e-01 5.429320e-01
314 2.915560e-01 1.649280e-01 5.435160e-01
315 2.921320e-01 1.639200e-01 5.439480e-01
316 2.928040e-01 1.636600e-01 5.435360e-01
317 2.933960e-01 1.632800e-01 5.433240e-01
318 2.936680e-01 1.622480e-01 5.440840e-01
319 2.944840e-01 1.625880e-01 5.429280e-01
320 2.945520e-01 1.628720e-01 5.425760e-01
321 2.945440e-01 1.629840e-01 5.424720e-01
322 2.947800e-01 1.628160e-01 5.424040e-01
323 2.945560e-01 1.625200e-01 5.429240e-01
324 2.954480e-01 1.619680e-01 5.425840e-01
325 2.957640e-01 1.617160e-01 5.425200e-01
326 2.962560e-01 1.618920e-01 5.418520e-01
327 2.960080e-01 1.618200e-01 5.421720e-01
328 2.957240e-01 1.633600e-01 5.409160e-01
329 2.954000e-01 1.633880e-01 5.412120e-01
330 2.955240e-01 1.627880e-01 5.416880e-01
331 2.951080e-01 1.630520e-01 5.418400e-01
332 2.949360e-01 1.628240e-01 5.422400e-01
333 2.950520e-01 1.629600e-01 5.419880e-01
334 2.950240e-01 1.625800e-01 5.423960e-01
335 2.945520e-01 1.626280e-01 5.428200e-01
336 2.945520e-01 1.629560e-01 5.424920e-01
337 2.945680e-01 1.625680e-01 5.428640e-01
338 2.945080e-01 1.625280e-01 5.429640e-01
339 2.945400e-01 1.627440e-01 5.427160e-01
340 2.942960e-01 1.632040e-01 5.425000e-01
341 2.935920e-01 1.631400e-01 5.432680e-01
342 2.937360e-01 1.631000e-01 5.431640e-01
343 2.935600e-01 1.637840e-01 5.426560e-01
344 2.936640e-01 1.633520e-01 5.429840e-01
345 2.939680e-01 1.630880e-01 5.429440e-01
346 2.946680e-01 1.624760e-01 5.428560e-01
347 2.946520e-01 1.628720e-01 5.424760e-01
348 2.950320e-01 1.628560e-01 5.421120e-01
349 2.955960e-01 1.625040e-01 5.419000e-01
350 2.953120e-01 1.627280e-01 5.419600e-01
351 2.961920e-01 1.625120e-01 5.412960e-01
352 2.968760e-01 1.620760e-01 5.410480e-01
353 2.966720e-01 1.625920e-01 5.407360e-01
354 2.966080e-01 1.625160e-01 5.408760e-01
355 2.965000e-01 1.623040e-01 5.411960e-01
356 2.963160e-01 1.622000e-01 5.414840e-01
357 2.965560e-01 1.617360e-01 5.417080e-01
358 2.972720e-01 1.612760e-01 5.414520e-01
359 2.977320e-01 1.609120e-01 5.413560e-01
360 2.982760e-01 1.607960e-01 5.409280e-01
361 2.983920e-01 1.611840e-01 5.404240e-01
362 2.983480e-01 1.610040e-01 5.406480e-01
363 2.980720e-01 1.610640e-01 5.408640e-01
364 2.979000e-01 1.612000e-01 5.409000e-01
365 2.977960e-01 1.611560e-01 5.410480e-01
366 2.970920e-01 1.623200e-01 5.405880e-01
367 2.969320e-01 1.626080e-01 5.404600e-01
368 2.964720e-01 1.632440e-01 5.402840e-01
369 2.972760e-01 1.629440e-01 5.397800e-01
370 2.966120e-01 1.634520e-01 5.399360e-01
371 2.969160e-01 1.629400e-01 5.401440e-01
372 2.969880e-01 1.628120e-01 5.402000e-01
373 2.970080e-01 1.630360e-01 5.399560e-01
374 2.965720e-01 1.630960e-01 5.403320e-01
375 2.966640e-01 1.630840e-01 5.402520e-01
376 2.959000e-01 1.628960e-01 5.412040e-01
377 2.959160e-01 1.628240e-01 5.412600e-01
378 2.962160e-01 1.626120e-01 5.411720e-01
379 2.966160e-01 1.627800e-01 5.406040e-01
380 2.972040e-01 1.627720e-01 5.400240e-01
381 2.973520e-01 1.623880e-01 5.402600e-01
382 2.974440e-01 1.617880e-01 5.407680e-01
383 2.969640e-01 1.617440e-01 5.412920e-01
384 2.971920e-01 1.608840e-01 5.419240e-01
385 2.976920e-01 1.608840e-01 5.414240e-01
386 2.978240e-01 1.612320e-01 5.409440e-01
387 2.985840e-01 1.605400e-01 5.408760e-01
388 2.981080e-01 1.605880e-01 5.413040e-01
389 2.982880e-01 1.609880e-01 5.407240e-01
390 2.985840e-01 1.604760e-01 5.409400e-01
391 2.988520e-01 1.603560e-01 5.407920e-01
392 2.990240e-01 1.611240e-01 5.398520e-01
393 2.989600e-01 1.616280e-01 5.394120e-01
394 2.987760e-01 1.617080e-01 5.395160e-01
395 2.989240e-01 1.620280e-01 5.390480e-01
396 2.992680e-01 1.622680e-01 5.384640e-01
397 2.995960e-01 1.613800e-01 5.390240e-01
398 3.005240e-01 1.606280e-01 5.388480e-01
399 2.995360e-01 1.617680e-01 5.386960e-01
400 3.000760e-01 1.609200e-01 5.390040e-01
401 2.999120e-01 1.612520e-01 5.388360e-01
402 2.997440e-01 1.613680e-01 5.388880e-01
403 2.990880e-01 1.613000e-01 5.396120e-01
404 2.998160e-01 1.605760e-01 5.396080e-01
405 2.997200e-01 1.606440e-01 5.396360e-01
406 3.001320e-01 1.606840e-01 5.391840e-01
407 2.996880e-01 1.613840e-01 5.389280e-01
408 2.994040e-01 1.611040e-01 5.394920e-01
409 2.996240e-01 1.610440e-01 5.393320e-01
410 2.994480e-01 1.614960e-01 5.390560e-01
411 2.992520e-01 1.616440e-01 5.391040e-01
412 2.989480e-01 1.624640e-01 5.385880e-01
413 2.983600e-01 1.632720e-01 5.383680e-01
414 2.978960e-01 1.639440e-01 5.381600e-01
415 2.975800e-01 1.640880e-01 5.383320e-01
416 2.971200e-01 1.647920e-01 5.380880e-01
417 2.968080e-01 1.650360e-01 5.381560e-01
418 2.963920e-01 1.656760e-01 5.379320e-01
419 2.958640e-01 1.658920e-01 5.382440e-01
420 2.960440e-01 1.650000e-01 5.389560e-01
421 2.960160e-01 1.643760e-01 5.396080e-01
422 2.959520e-01 1.639520e-01 5.400960e-01
423 2.957880e-01 1.638960e-01 5.403160e-01
424 2.956080e-01 1.643080e-01 5.400840e-01
425 2.951000e-01 1.646120e-01 5.402880e-01
426 2.950600e-01 1.642240e-01 5.407160e-01
427 2.952200e-01 1.637720e-01 5.410080e-01
428 2.954400e-01 1.635200e-01 5.410400e-01
429 2.951240e-01 1.638040e-01 5.410720e-01
430 2.957680e-01 1.633840e-01 5.408480e-01
431 2.957600e-01 1.629800e-01 5.412600e-01
432 2.956240e-01 1.632560e-01 5.411200e-01
433 2.950560e-01 1.632280e-01 5.417160e-01
434 2.948160e-01 1.631040e-01 5.420800e-01
435 2.945480e-01 1.630760e-01 5.423760e-01
436 2.941080e-01 1.633800e-01 5.425120e-01
437 2.940160e-01 1.628120e-01 5.431720e-01
438 2.945840e-01 1.622760e-01 5.431400e-01
439 2.951360e-01 1.621440e-01 5.427200e-01
440 2.946800e-01 1.627360e-01 5.425840e-01
441 2.941560e-01 1.629000e-01 5.429440e-01
442 2.940880e-01 1.628640e-01 5.430480e-01
443 2.938800e-01 1.632600e-01 5.428600e-01
444 2.950120e-01 1.623680e-01 5.426200e-01
445 2.948680e-01 1.629240e-01 5.422080e-01
446 2.946520e-01 1.629400e-01 5.424080e-01
447 2.945520e-01 1.629760e-01 5.424720e-01
448 2.954880e-01 1.626560e-01 5.418560e-01
449 2.962720e-01 1.624200e-01 5.413080e-01
450 2.956760e-01 1.628400e-01 5.414840e-01
451 2.958280e-01 1.622720e-01 5.419000e-01
452 2.961200e-01 1.623280e-01 5.415520e-01
453 2.953880e-01 1.628560e-01 5.417560e-01
454 2.960400e-01 1.620920e-01 5.418680e-01
455 2.962160e-01 1.615120e-01 5.422720e-01
456 2.962600e-01 1.623600e-01 5.413800e-01
457 2.968440e-01 1.624800e-01 5.406760e-01
458 2.970040e-01 1.627280e-01 5.402680e-01
459 2.975600e-01 1.623400e-01 5.401000e-01
460 2.973080e-01 1.617520e-01 5.409400e-01
461 2.969760e-01 1.625640e-01 5.404600e-01
462 2.966080e-01 1.623840e-01 5.410080e-01
463 2.961120e-01 1.625080e-01 5.413800e-01
464 2.963080e-01 1.626920e-01 5.410000e-01
465 2.965720e-01 1.627760e-01 5.406520e-01
466 2.960360e-01 1.624960e-01 5.414680e-01
467 2.950720e-01 1.629560e-01 5.419720e-01
468 2.954040e-01 1.628920e-01 5.417040e-01
469 2.950240e-01 1.632040e-01 5.417720e-01
470 2.956560e-01 1.633760e-01 5.409680e-01
471 2.952840e-01 1.638160e-01 5.409000e-01
472 2.948520e-01 1.638920e-01 5.412560e-01
473 2.954080e-01 1.633720e-01 5.412200e-01
474 2.955920e-01 1.634600e-01 5.409480e-01
475 2.955760e-01 1.639000e-01 5.405240e-01
476 2.958200e-01 1.632400e-01 5.409400e-01
477 2.956240e-01 1.633800e-01 5.409960e-01
478 2.952640e-01 1.631560e-01 5.415800e-01
479 2.953280e-01 1.631960e-01 5.414760e-01
480 2.955160e-01 1.627880e-01 5.416960e-01
481 2.950480e-01 1.629560e-01 5.419960e-01
482 2.952160e-01 1.631800e-01 5.416040e-01
483 2.953320e-01 1.629280e-01 5.417400e-01
484 2.953480e-01 1.631680e-01 5.414840e-01
485 2.956720e-01 1.625360e-01 5.417920e-01
486 2.959960e-01 1.626560e-01 5.413480e-01
487 2.958920e-01 1.626520e-01 5.414560e-01
488 2.958240e-01 1.625520e-01 5.416240e-01
489 2.961680e-01 1.620040e-01 5.418280e-01
490 2.965240e-01 1.619200e-01 5.415560e-01
491 2.960000e-01 1.624640e-01 5.415360e-01
492 2.956000e-01 1.629880e-01 5.414120e-01
493 2.957920e-01 1.626600e-01 5.415480e-01
494 2.955800e-01 1.625800e-01 5.418400e-01
495 2.953400e-01 1.639120e-01 5.407480e-01
496 2.950720e-01 1.646520e-01 5.402760e-01
497 2.949680e-01 1.642640e-01 5.407680e-01
498 2.942280e-01 1.650680e-01 5.407040e-01
499 2.940320e-01 1.652600e-01 5.407080e-01
500 2.937960e-01 1.646680e-01 5.415360e-01
501 2.935160e-01 1.646760e-01 5.418080e-01
502 2.935160e-01 1.646640e-01 5.418200e-01
503 2.933840e-01 1.649400e-01 5.416760e-01
504 2.933480e-01 1.650000e-01 5.416520e-01
505 2.933960e-01 1.647440e-01 5.418600e-01
506 2.933000e-01 1.648320e-01 5.418680e-01
507 2.933160e-01 1.646320e-01 5.420520e-01
508 2.935120e-01 1.641560e-01 5.423320e-01
509 2.940000e-01 1.640120e-01 5.419880e-01
510 2.941720e-01 1.637960e-01 5.420320e-01
511 2.943920e-01 1.632880e-01 5.423200e-01
512 2.947560e-01 1.632520e-01 5.419920e-01
513 2.947640e-01 1.629000e-01 5.423360e-01
514 2.951800e-01 1.628240e-01 5.419960e-01
515 2.941960e-01 1.629400e-01 5.428640e-01
516 2.941600e-01 1.629960e-01 5.428440e-01
517 2.946720e-01 1.630240e-01 5.423040e-01
518 2.943600e-01 1.628440e-01 5.427960e-01
519 2.941880e-01 1.626760e-01 5.431360e-01
520 2.944640e-01 1.626720e-01 5.428640e-01
521 2.954520e-01 1.624400e-01 5.421080e-01
522 2.955120e-01 1.622080e-01 5.422800e-01
523 2.952000e-01 1.618880e-01 5.429120e-01
524 2.952960e-01 1.615240e-01 5.431800e-01
525 2.956920e-01 1.611080e-01 5.432000e-01
526 2.957600e-01 1.606120e-01 5.436280e-01
527 2.957440e-01 1.606800e-01 5.435760e-01
528 2.965960e-01 1.595280e-01 5.438760e-01
529 2.970640e-01 1.597120e-01 5.432240e-01
530 2.977040e-01 1.601400e-01 5.421560e-01
531 2.981200e-01 1.598240e-01 5.420560e-01
532 2.984080e-01 1.598800e-01 5.417120e-01
533 2.983400e-01 1.603960e-01 5.412640e-01
534 2.989000e-01 1.602640e-01 5.408360e-01
535 2.992480e-01 1.606040e-01 5.401480e-01
536 2.998600e-01 1.608200e-01 5.393200e-01
537 3.000840e-01 1.607360e-01 5.391800e-01
538 3.003040e-01 1.606920e-01 5.390040e-01
539 3.008920e-01 1.610560e-01 5.380520e-01
540 3.006240e-01 1.609400e-01 5.384360e-01
541 3.002160e-01 1.611320e-01 5.386520e-01
542 3.003200e-01 1.617160e-01 5.379640e-01
543 3.009840e-01 1.613280e-01 5.376880e-01
544 3.012320e-01 1.613640e-01 5.374040e-01
545 3.011840e-01 1.612600e-01 5.375560e-01
546 3.012240e-01 1.614760e-01 5.373000e-01
547 3.008960e-01 1.613000e-01 5.378040e-01
548 3.008320e-01 1.609560e-01 5.382120e-01
549 3.008680e-01 1.614600e-01 5.376720e-01
550 3.007240e-01 1.614160e-01 5.378600e-01
551 2.998000e-01 1.619760e-01 5.382240e-01
552 2.989160e-01 1.627040e-01 5.383800e-01
553 2.981840e-01 1.621520e-01 5.396640e-01
554 2.977680e-01 1.623720e-01 5.398600e-01
555 2.983040e-01 1.620600e-01 5.396360e-01
556 2.983640e-01 1.623320e-01 5.393040e-01
557 2.982600e-01 1.621840e-01 5.395560e-01
558 2.979200e-01 1.628560e-01 5.392240e-01
559 2.975200e-01 1.626840e-01 5.397960e-01
560 2.971480e-01 1.627800e-01 5.400720e-01
561 2.964200e-01 1.628640e-01 5.407160e-01
562 2.961640e-01 1.631920e-01 5.406440e-01
563 2.960040e-01 1.629680e-01 5.410280e-01
564 2.956560e-01 1.630760e-01 5.412680e-01
565 2.956560e-01 1.632080e-01 5.411360e-01
566 2.952440e-01 1.635240e-01 5.412320e-01
567 2.946680e-01 1.636600e-01 5.416720e-01
568 2.950000e-01 1.638080e-01 5.411920e-01
569 2.956680e-01 1.635480e-01 5.407840e-01
570 2.952480e-01 1.637760e-01 5.409760e-01
571 2.958400e-01 1.637960e-01 5.403640e-01
572 2.959400e-01 1.639280e-01 5.401320e-01
573 2.964520e-01 1.636480e-01 5.399000e-01
574 2.962360e-01 1.639360e-01 5.398280e-01
575 2.970160e-01 1.645240e-01 5.384600e-01
576 2.963720e-01 1.648480e-01 5.387800e-01
577 2.966920e-01 1.646360e-01 5.386720e-01
578 2.962320e-01 1.648480e-01 5.389200e-01
579 2.958640e-01 1.655880e-01 5.385480e-01
580 2.956080e-01 1.651480e-01 5.392440e-01
581 2.952760e-01 1.647120e-01 5.400120e-01
582 2.953680e-01 1.638240e-01 5.408080e-01
583 2.959600e-01 1.635720e-01 5.404680e-01
584 2.960120e-01 1.638160e-01 5.401720e-01
585 2.957320e-01 1.638200e-01 5.404480e-01
586 2.950560e-01 1.635960e-01 5.413480e-01
587 2.952640e-01 1.636560e-01 5.410800e-01
588 2.953440e-01 1.630560e-01 5.416000e-01
589 2.960680e-01 1.627720e-01 5.411600e-01
590 2.961880e-01 1.627240e-01 5.410880e-01
591 2.956400e-01 1.634280e-01 5.409320e-01
592 2.954200e-01 1.637920e-01 5.407880e-01
593 2.955080e-01 1.640400e-01 5.404520e-01
594 2.955840e-01 1.640640e-01 5.403520e-01
595 2.950040e-01 1.639320e-01 5.410640e-01
596 2.953040e-01 1.632840e-01 5.414120e-01
597 2.954960e-01 1.630480e-01 5.414560e-01
598 2.951880e-01 1.629320e-01 5.418800e-01
599 2.950440e-01 1.622200e-01 5.427360e-01
600 2.944560e-01 1.625120e-01 5.430320e-01
601 2.946240e-01 1.628160e-01 5.425600e-01
602 2.950400e-01 1.625920e-01 5.423680e-01
603 2.949240e-01 1.625240e-01 5.425520e-01
604 2.948680e-01 1.624680e-01 5.426640e-01
605 2.949600e-01 1.623120e-01 5.427280e-01
606 2.955560e-01 1.617800e-01 5.426640e-01
607 2.964600e-01 1.611960e-01 5.423440e-01
608 2.964280e-01 1.613800e-01 5.421920e-01
609 2.966640e-01 1.613000e-01 5.420360e-01
610 2.970480e-01 1.611840e-01 5.417680e-01
611 2.970520e-01 1.616160e-01 5.413320e-01
612 2.970240e-01 1.621160e-01 5.408600e-01
613 2.979440e-01 1.618920e-01 5.401640e-01
614 2.979480e-01 1.629280e-01 5.391240e-01
615 2.981000e-01 1.623400e-01 5.395600e-01
616 2.974680e-01 1.625800e-01 5.399520e-01
617 2.974360e-01 1.625360e-01 5.400280e-01
618 2.973880e-01 1.628000e-01 5.398120e-01
619 2.980320e-01 1.623840e-01 5.395840e-01
620 2.972400e-01 1.626920e-01 5.400680e-01
621 2.972600e-01 1.624560e-01 5.402840e-01
622 2.971120e-01 1.621080e-01 5.407800e-01
623 2.970880e-01 1.621400e-01 5.407720e-01
624 2.972680e-01 1.618480e-01 5.408840e-01
625 2.970520e-01 1.621920e-01 5.407560e-01
626 2.968880e-01 1.618320e-01 5.412800e-01
627 2.970200e-01 1.618960e-01 5.410840e-01
628 2.967160e-01 1.621840e-01 5.411000e-01
629 2.967800e-01 1.622520e-01 5.409680e-01
630 2.966080e-01 1.627400e-01 5.406520e-01
631 2.968840e-01 1.622680e-01 5.408480e-01
632 2.966120e-01 1.622200e-01 5.411680e-01
633 2.968400e-01 1.617720e-01 5.413880e-01
634 2.968320e-01 1.610280e-01 5.421400e-01
635 2.965960e-01 1.615920e-01 5.418120e-01
636 2.963960e-01 1.618680e-01 5.417360e-01
637 2.961280e-01 1.621360e-01 5.417360e-01
638 2.965400e-01 1.617200e-01 5.417400e-01
639 2.968080e-01 1.618280e-01 5.413640e-01
640 2.965720e-01 1.620000e-01 5.414280e-01
641 2.964200e-01 1.622920e-01 5.412880e-01
642 2.970040e-01 1.621120e-01 5.408840e-01
643 2.969280e-01 1.623120e-01 5.407600e-01
644 2.975800e-01 1.625160e-01 5.399040e-01
645 2.973280e-01 1.627040e-01 5.399680e-01
646 2.970920e-01 1.631560e-01 5.397520e-01
647 2.966200e-01 1.637320e-01 5.396480e-01
648 2.961880e-01 1.635880e-01 5.402240e-01
649 2.965480e-01 1.635800e-01 5.398720e-01
650 2.957840e-01 1.629560e-01 5.412600e-01
651 2.959280e-01 1.634200e-01 5.406520e-01
652 2.956520e-01 1.635760e-01 5.407720e-01
653 2.957840e-01 1.634640e-01 5.407520e-01
654 2.950360e-01 1.635240e-01 5.414400e-01
655 2.955480e-01 1.626320e-01 5.418200e-01
656 2.960640e-01 1.622440e-01 5.416920e-01
657 2.970640e-01 1.610600e-01 5.418760e-01
658 2.969560e-01 1.615320e-01 5.415120e-01
659 2.968920e-01 1.617480e-01 5.413600e-01
660 2.975960e-01 1.612400e-01 5.411640e-01
661 2.978800e-01 1.614920e-01 5.406280e-01
662 2.986240e-01 1.613600e-01 5.400160e-01
663 2.978920e-01 1.625080e-01 5.396000e-01
664 2.974520e-01 1.623160e-01 5.402320e-01
665 2.974080e-01 1.626440e-01 5.399480e-01
666 2.975080e-01 1.627280e-01 5.397640e-01
667 2.969800e-01 1.631440e-01 5.398760e-01
668 2.970600e-01 1.634280e-01 5.395120e-01
669 2.965080e-01 1.637440e-01 5.397480e-01
670 2.960880e-01 1.642360e-01 5.396760e-01
671 2.958920e-01 1.643760e-01 5.397320e-01
672 2.951520e-01 1.645400e-01 5.403080e-01
673 2.951960e-01 1.645480e-01 5.402560e-01
674 2.952240e-01 1.644360e-01 5.403400e-01
675 2.957400e-01 1.646240e-01 5.396360e-01
676 2.960160e-01 1.648520e-01 5.391320e-01
677 2.959960e-01 1.643600e-01 5.396440e-01
678 2.960640e-01 1.642840e-01 5.396520e-01
679 2.949880e-01 1.645640e-01 5.404480e-01
680 2.945720e-01 1.644640e-01 5.409640e-01
681 2.941520e-01 1.645480e-01 5.413000e-01
682 2.934360e-01 1.648120e-01 5.417520e-01
683 2.933680e-01 1.651280e-01 5.415040e-01
684 2.934760e-01 1.645520e-01 5.419720e-01
685 2.932280e-01 1.646160e-01 5.421560e-01
686 2.933800e-01 1.645240e-01 5.420960e-01
687 2.931080e-01 1.649800e-01 5.419120e-01
688 2.935440e-01 1.645640e-01 5.418920e-01
689 2.931560e-01 1.647720e-01 5.420720e-01
690 2.931000e-01 1.645960e-01 5.423040e-01
691 2.927920e-01 1.649440e-01 5.422640e-01
692 2.928720e-01 1.645800e-01 5.425480e-01
693 2.936040e-01 1.639760e-01 5.424200e-01
694 2.934320e-01 1.637280e-01 5.428400e-01
695 2.926240e-01 1.642400e-01 5.431360e-01
696 2.929560e-01 1.636480e-01 5.433960e-01
697 2.930800e-01 1.636000e-01 5.433200e-01
698 2.929400e-01 1.634720e-01 5.435880e-01
699 2.934680e-01 1.628440e-01 5.436880e-01
700 2.932040e-01 1.631200e-01 5.436760e-01
701 2.937920e-01 1.622400e-01 5.439680e-01
702 2.934040e-01 1.626240e-01 5.439720e-01
703 2.933680e-01 1.626600e-01 5.439720e-01
704 2.933080e-01 1.632800e-01 5.434120e-01
705 2.926840e-01 1.638280e-01 5.434880e-01
706 2.928360e-01 1.639440e-01 5.432200e-01
707 2.926560e-01 1.639320e-01 5.434120e-01
708 2.924800e-01 1.644800e-01 5.430400e-01
709 2.925240e-01 1.644080e-01 5.430680e-01
710 2.933080e-01 1.641640e-01 5.425280e-01
711 2.931120e-01 1.647280e-01 5.421600e-01
712 2.923720e-01 1.653040e-01 5.423240e-01
713 2.922040e-01 1.655760e-01 5.422200e-01
714 2.921640e-01 1.654680e-01 5.423680e-01
715 2.924160e-01 1.656160e-01 5.419680e-01
716 2.923680e-01 1.659560e-01 5.416760e-01
717 2.919520e-01 1.657120e-01 5.423360e-01
718 2.917000e-01 1.653680e-01 5.429320e-01
719 2.920040e-01 1.651160e-01 5.428800e-01
720 2.915600e-01 1.649200e-01 5.435200e-01
721 2.914560e-01 1.648800e-01 5.436640e-01
722 2.913960e-01 1.647000e-01 5.439040e-01
723 2.923200e-01 1.642640e-01 5.434160e-01
724 2.918320e-01 1.639640e-01 5.442040e-01
725 2.925080e-01 1.636640e-01 5.438280e-01
726 2.927920e-01 1.633720e-01 5.438360e-01
727 2.927160e-01 1.634320e-01 5.438520e-01
728 2.926760e-01 1.633680e-01 5.439560e-01
729 2.925480e-01 1.637560e-01 5.436960e-01
730 2.928480e-01 1.629440e-01 5.442080e-01
731 2.929800e-01 1.629200e-01 5.441000e-01
732 2.943160e-01 1.620480e-01 5.436360e-01
733 2.941480e-01 1.623000e-01 5.435520e-01
734 2.937440e-01 1.615160e-01 5.447400e-01
735 2.944560e-01 1.615640e-01 5.439800e-01
736 2.942680e-01 1.618200e-01 5.439120e-01
737 2.942800e-01 1.619640e-01 5.437560e-01
738 2.942320e-01 1.625120e-01 5.432560e-01
739 2.939920e-01 1.624920e-01 5.435160e-01
740 2.948680e-01 1.617200e-01 5.434120e-01
741 2.955440e-01 1.618000e-01 5.426560e-01
742 2.951560e-01 1.622640e-01 5.425800e-01
743 2.950640e-01 1.631160e-01 5.418200e-01
744 2.948680e-01 1.631720e-01 5.419600e-01
745 2.947160e-01 1.632120e-01 5.420720e-01
746 2.947840e-01 1.631320e-01 5.420840e-01
747 2.955120e-01 1.628120e-01 5.416760e-01
748 2.957640e-01 1.630040e-01 5.412320e-01
749 2.961040e-01 1.633240e-01 5.405720e-01
750 2.959960e-01 1.636280e-01 5.403760e-01
751 2.967240e-01 1.631240e-01 5.401520e-01
752 2.965160e-01 1.633280e-01 5.401560e-01
753 2.964680e-01 1.630840e-01 5.404480e-01
754 2.963280e-01 1.628160e-01 5.408560e-01
755 2.961240e-01 1.629360e-01 5.409400e-01
756 2.958800e-01 1.633680e-01 5.407520e-01
757 2.957400e-01 1.632240e-01 5.410360e-01
758 2.962720e-01 1.631200e-01 5.406080e-01
759 2.965600e-01 1.629440e-01 5.404960e-01
760 2.960760e-01 1.632600e-01 5.406640e-01
761 2.960320e-01 1.628560e-01 5.411120e-01
762 2.958480e-01 1.630080e-01 5.411440e-01
763 2.958800e-01 1.628960e-01 5.412240e-01
764 2.965240e-01 1.628320e-01 5.406440e-01
765 2.966320e-01 1.628000e-01 5.405680e-01
766 2.963960e-01 1.630360e-01 5.405680e-01
767 2.964320e-01 1.631320e-01 5.404360e-01
768 2.958920e-01 1.634600e-01 5.406480e-01
769 2.956280e-01 1.637360e-01 5.406360e-01
770 2.955040e-01 1.638440e-01 5.406520e-01
771 2.959960e-01 1.635800e-01 5.404240e-01
772 2.956960e-01 1.638720e-01 5.404320e-01
773 2.955960e-01 1.641120e-01 5.402920e-01
774 2.958880e-01 1.642320e-01 5.398800e-01
775 2.956680e-01 1.641400e-01 5.401920e-01
776 2.955440e-01 1.643120e-01 5.401440e-01
777 2.959880e-01 1.642720e-01 5.397400e-01
778 2.960600e-01 1.642640e-01 5.396760e-01
779 2.963360e-01 1.642160e-01 5.394480e-01
780 2.961640e-01 1.637160e-01 5.401200e-01
781 2.956600e-01 1.639200e-01 5.404200e-01
782 2.954200e-01 1.641360e-01 5.404440e-01
783 2.953080e-01 1.637240e-01 5.409680e-01
784 2.953080e-01 1.636400e-01 5.410520e-01
785 2.945680e-01 1.643080e-01 5.411240e-01
786 2.942040e-01 1.646560e-01 5.411400e-01
787 2.943800e-01 1.644280e-01 5.411920e-01
788 2.949560e-01 1.640520e-01 5.409920e-01
789 2.939320e-01 1.649040e-01 5.411640e-01
790 2.933360e-01 1.653440e-01 5.413200e-01
791 2.935000e-01 1.646880e-01 5.418120e-01
792 2.931440e-01 1.645160e-01 5.423400e-01
793 2.931480e-01 1.640960e-01 5.427560e-01
794 2.929120e-01 1.638840e-01 5.432040e-01
795 2.929520e-01 1.637320e-01 5.433160e-01
796 2.932520e-01 1.638840e-01 5.428640e-01
797 2.929960e-01 1.634240e-01 5.435800e-01
798 2.934560e-01 1.631440e-01 5.434000e-01
799 2.935040e-01 1.624320e-01 5.440640e-01
800 2.941960e-01 1.628160e-01 5.429880e-01
801 2.941840e-01 1.626320e-01 5.431840e-01
802 2.944560e-01 1.624560e-01 5.430880e-01
803 2.941120e-01 1.628840e-01 5.430040e-01
804 2.946920e-01 1.626400e-01 5.426680e-01
805 2.944880e-01 1.625880e-01 5.429240e-01
806 2.946440e-01 1.626000e-01 5.427560e-01
807 2.955800e-01 1.622680e-01 5.421520e-01
808 2.957080e-01 1.623440e-01 5.419480e-01
809 2.960680e-01 1.629560e-01 5.409760e-01
810 2.952040e-01 1.630200e-01 5.417760e-01
811 2.951520e-01 1.631040e-01 5.417440e-01
812 2.958360e-01 1.628880e-01 5.412760e-01
813 2.957520e-01 1.629520e-01 5.412960e-01
814 2.960240e-01 1.630640e-01 5.409120e-01
815 2.958040e-01 1.626440e-01 5.415520e-01
816 2.955440e-01 1.620200e-01 5.424360e-01
817 2.955000e-01 1.621800e-01 5.423200e-01
818 2.957760e-01 1.618560e-01 5.423680e-01
819 2.966400e-01 1.612920e-01 5.420680e-01
820 2.971720e-01 1.617520e-01 5.410760e-01
821 2.974400e-01 1.616560e-01 5.409040e-01
822 2.981760e-01 1.611880e-01 5.406360e-01
823 2.982320e-01 1.614360e-01 5.403320e-01
824 2.991920e-01 1.611720e-01 5.396360e-01
825 2.989920e-01 1.616760e-01 5.393320e-01
826 2.986360e-01 1.613680e-01 5.399960e-01
827 2.985760e-01 1.615640e-01 5.398600e-01
828 2.985240e-01 1.611880e-01 5.402880e-01
829 2.988800e-01 1.612840e-01 5.398360e-01
830 2.978080e-01 1.622960e-01 5.398960e-01
831 2.973640e-01 1.624800e-01 5.401560e-01
832 2.966840e-01 1.625240e-01 5.407920e-01
833 2.971840e-01 1.625560e-01 5.402600e-01
834 2.966800e-01 1.627640e-01 5.405560e-01
835 2.971160e-01 1.620360e-01 5.408480e-01
836 2.974440e-01 1.622040e-01 5.403520e-01
837 2.968240e-01 1.631000e-01 5.400760e-01
838 2.965960e-01 1.633080e-01 5.400960e-01
839 2.962920e-01 1.632000e-01 5.405080e-01
840 2.960360e-01 1.632280e-01 5.407360e-01
841 2.961240e-01 1.624560e-01 5.414200e-01
842 2.956960e-01 1.625400e-01 5.417640e-01
843 2.957360e-01 1.627400e-01 5.415240e-01
844 2.953240e-01 1.624320e-01 5.422440e-01
845 2.957960e-01 1.623600e-01 5.418440e-01
846 2.958680e-01 1.620800e-01 5.420520e-01
847 2.961280e-01 1.619040e-01 5.419680e-01
848 2.963680e-01 1.617600e-01 5.418720e-01
849 2.963840e-01 1.615800e-01 5.420360e-01
850 2.969680e-01 1.613600e-01 5.416720e-01
851 2.971560e-01 1.613360e-01 5.415080e-01
852 2.975400e-01 1.611960e-01 5.412640e-01
853 2.974040e-01 1.622840e-01 5.403120e-01
854 2.973640e-01 1.628200e-01 5.398160e-01
855 2.969960e-01 1.635400e-01 5.394640e-01
856 2.967240e-01 1.632160e-01 5.400600e-01
857 2.966440e-01 1.632440e-01 5.401120e-01
858 2.961920e-01 1.632880e-01 5.405200e-01
859 2.959800e-01 1.630880e-01 5.409320e-01
860 2.961720e-01 1.635560e-01 5.402720e-01
861 2.960520e-01 1.631960e-01 5.407520e-01
862 2.969400e-01 1.626320e-01 5.404280e-01
863 2.974040e-01 1.624080e-01 5.401880e-01
864 2.976240e-01 1.624840e-01 5.398920e-01
865 2.977760e-01 1.619480e-01 5.402760e-01
866 2.975400e-01 1.622200e-01 5.402400e-01
867 2.981320e-01 1.621600e-01 5.397080e-01
868 2.980760e-01 1.627040e-01 5.392200e-01
869 2.983960e-01 1.628320e-01 5.387720e-01
870 2.984200e-01 1.624480e-01 5.391320e-01
871 2.983480e-01 1.624520e-01 5.392000e-01
872 2.988160e-01 1.621720e-01 5.390120e-01
873 2.988920e-01 1.623280e-01 5.387800e-01
874 2.991440e-01 1.624760e-01 5.383800e-01
875 2.988440e-01 1.624120e-01 5.387440e-01
876 2.989200e-01 1.623200e-01 5.387600e-01
877 2.978360e-01 1.629960e-01 5.391680e-01
878 2.970600e-01 1.633080e-01 5.396320e-01
879 2.970960e-01 1.633360e-01 5.395680e-01
880 2.966720e-01 1.635720e-01 5.397560e-01
881 2.968880e-01 1.637040e-01 5.394080e-01
882 2.967960e-01 1.637200e-01 5.394840e-01
883 2.970280e-01 1.640040e-01 5.389680e-01
884 2.968840e-01 1.635160e-01 5.396000e-01
885 2.965760e-01 1.640440e-01 5.393800e-01
886 2.966480e-01 1.636480e-01 5.397040e-01
887 2.969480e-01 1.640160e-01 5.390360e-01
888 2.963280e-01 1.644480e-01 5.392240e-01
889 2.961280e-01 1.641480e-01 5.397240e-01
890 2.959680e-01 1.638800e-01 5.401520e-01
891 2.957120e-01 1.643440e-01 5.399440e-01
892 2.956680e-01 1.644520e-01 5.398800e-01
893 2.960760e-01 1.645960e-01 5.393280e-01
894 2.962080e-01 1.649600e-01 5.388320e-01
895 2.965920e-01 1.644840e-01 5.389240e-01
896 2.968440e-01 1.640080e-01 5.391480e-01
897 2.969360e-01 1.635760e-01 5.394880e-01
898 2.968120e-01 1.632840e-01 5.399040e-01
899 2.961120e-01 1.633760e-01 5.405120e-01
900 2.950920e-01 1.636760e-01 5.412320e-01
901 2.950200e-01 1.637960e-01 5.411840e-01
902 2.947240e-01 1.636520e-01 5.416240e-01
903 2.948000e-01 1.633720e-01 5.418280e-01
904 2.944320e-01 1.635480e-01 5.420200e-01
905 2.946200e-01 1.627560e-01 5.426240e-01
906 2.947840e-01 1.625240e-01 5.426920e-01
907 2.946800e-01 1.629680e-01 5.423520e-01
908 2.942520e-01 1.632400e-01 5.425080e-01
909 2.946200e-01 1.631640e-01 5.422160e-01
910 2.943480e-01 1.632760e-01 5.423760e-01
911 2.950200e-01 1.633600e-01 5.416200e-01
912 2.954280e-01 1.629960e-01 5.415760e-01
913 2.957000e-01 1.627920e-01 5.415080e-01
914 2.953320e-01 1.633280e-01 5.413400e-01
915 2.956240e-01 1.635520e-01 5.408240e-01
916 2.956760e-01 1.635680e-01 5.407560e-01
917 2.955680e-01 1.637760e-01 5.406560e-01
918 2.958400e-01 1.633600e-01 5.408000e-01
919 2.955440e-01 1.632120e-01 5.412440e-01
920 2.957240e-01 1.628880e-01 5.413880e-01
921 2.965320e-01 1.624200e-01 5.410480e-01
922 2.963480e-01 1.624160e-01 5.412360e-01
923 2.965520e-01 1.624840e-01 5.409640e-01
924 2.969360e-01 1.621440e-01 5.409200e-01
925 2.983080e-01 1.615760e-01 5.401160e-01
926 2.984320e-01 1.613080e-01 5.402600e-01
927 2.987400e-01 1.611840e-01 5.400760e-01
928 2.989680e-01 1.613080e-01 5.397240e-01
929 2.997080e-01 1.605880e-01 5.397040e-01
930 2.993320e-01 1.606920e-01 5.399760e-01
931 2.993880e-01 1.608480e-01 5.397640e-01
932 2.996520e-01 1.609280e-01 5.394200e-01
