1 9.992560e-01 6.720000e-04 7.200000e-05
2 9.985760e-01 1.196000e-03 2.280000e-04
3 9.977640e-01 1.772000e-03 4.640000e-04
4 9.966240e-01 2.556000e-03 8.200000e-04
5 9.951480e-01 3.572000e-03 1.280000e-03
6 9.934480e-01 4.640000e-03 1.912000e-03
7 9.915880e-01 5.752000e-03 2.660000e-03
8 9.889840e-01 7.404000e-03 3.612000e-03
9 9.858880e-01 9.232000e-03 4.880000e-03
10 9.828480e-01 1.086400e-02 6.288000e-03
11 9.792000e-01 1.289600e-02 7.904000e-03
12 9.750800e-01 1.507200e-02 9.848000e-03
13 9.705480e-01 1.761600e-02 1.183600e-02
14 9.657000e-01 1.998800e-02 1.431200e-02
15 9.603200e-01 2.286000e-02 1.682000e-02
16 9.544480e-01 2.561200e-02 1.994000e-02
17 9.480120e-01 2.886000e-02 2.312800e-02
18 9.413680e-01 3.176000e-02 2.687200e-02
19 9.345080e-01 3.482800e-02 3.066400e-02
20 9.271800e-01 3.795600e-02 3.486400e-02
21 9.197400e-01 4.070000e-02 3.956000e-02
22 9.116960e-01 4.397200e-02 4.433200e-02
23 9.041200e-01 4.646800e-02 4.941200e-02
24 8.959320e-01 4.978400e-02 5.428400e-02
25 8.876560e-01 5.288000e-02 5.946400e-02
26 8.785240e-01 5.609200e-02 6.538400e-02
27 8.697560e-01 5.935200e-02 7.089200e-02
28 8.604480e-01 6.273200e-02 7.682000e-02
29 8.515400e-01 6.557600e-02 8.288400e-02
30 8.424320e-01 6.835200e-02 8.921600e-02
31 8.328040e-01 7.146800e-02 9.572800e-02
32 8.231360e-01 7.448000e-02 1.023840e-01
33 8.137440e-01 7.778400e-02 1.084720e-01
34 8.034960e-01 8.088000e-02 1.156240e-01
35 7.943640e-01 8.354400e-02 1.220920e-01
36 7.839800e-01 8.694400e-02 1.290760e-01
37 7.736320e-01 9.028400e-02 1.360840e-01
38 7.636960e-01 9.328400e-02 1.430200e-01
39 7.539240e-01 9.588400e-02 1.501920e-01
40 7.436520e-01 9.933200e-02 1.570160e-01
41 7.337120e-01 1.017160e-01 1.645720e-01
42 7.234160e-01 1.047080e-01 1.718760e-01
43 7.137480e-01 1.070320e-01 1.792200e-01
44 7.035920e-01 1.097480e-01 1.866600e-01
45 6.945080e-01 1.116400e-01 1.938520e-01
46 6.846160e-01 1.143720e-01 2.010120e-01
47 6.752920e-01 1.164920e-01 2.082160e-01
48 6.652600e-01 1.195160e-01 2.152240e-01
49 6.559160e-01 1.214720e-01 2.226120e-01
50 6.471720e-01 1.232400e-01 2.295880e-01
51 6.385440e-01 1.244680e-01 2.369880e-01
52 6.293960e-01 1.263840e-01 2.442200e-01
53 6.210440e-01 1.275720e-01 2.513840e-01
54 6.120600e-01 1.292000e-01 2.587400e-01
55 6.035400e-01 1.306280e-01 2.658320e-01
56 5.958440e-01 1.321040e-01 2.720520e-01
57 5.869440e-01 1.344520e-01 2.786040e-01
58 5.796760e-01 1.354640e-01 2.848600e-01
59 5.712800e-01 1.369960e-01 2.917240e-01
60 5.632920e-01 1.385440e-01 2.981640e-01
61 5.557680e-01 1.395320e-01 3.047000e-01
62 5.479840e-01 1.414240e-01 3.105920e-01
63 5.403520e-01 1.428840e-01 3.167640e-01
64 5.328840e-01 1.440720e-01 3.230440e-01
65 5.263280e-01 1.444520e-01 3.292200e-01
66 5.195920e-01 1.459640e-01 3.344440e-01
67 5.132640e-01 1.461080e-01 3.406280e-01
68 5.069880e-01 1.468360e-01 3.461760e-01
69 5.013440e-01 1.483160e-01 3.503400e-01
70 4.949280e-01 1.497880e-01 3.552840e-01
71 4.875600e-01 1.516400e-01 3.608000e-01
72 4.809480e-01 1.531600e-01 3.658920e-01
73 4.744040e-01 1.549440e-01 3.706520e-01
74 4.681040e-01 1.563080e-01 3.755880e-01
75 4.622560e-01 1.570840e-01 3.806600e-01
76 4.559120e-01 1.583600e-01 3.857280e-01
77 4.500440e-01 1.594640e-01 3.904920e-01
78 4.446320e-01 1.598280e-01 3.955400e-01
79 4.394040e-01 1.609280e-01 3.996680e-01
80 4.336840e-01 1.624040e-01 4.039120e-01
81 4.287760e-01 1.629240e-01 4.083000e-01
82 4.230120e-01 1.640280e-01 4.129600e-01
83 4.172840e-01 1.655560e-01 4.171600e-01
84 4.125360e-01 1.656600e-01 4.218040e-01
85 4.073320e-01 1.668760e-01 4.257920e-01
86 4.027400e-01 1.670480e-01 4.302120e-01
87 3.982440e-01 1.672440e-01 4.345120e-01
88 3.933240e-01 1.677680e-01 4.389080e-01
89 3.892160e-01 1.677920e-01 4.429920e-01
90 3.855080e-01 1.679560e-01 4.465360e-01
91 3.810800e-01 1.689840e-01 4.499360e-01
92 3.769720e-01 1.690600e-01 4.539680e-01
93 3.731600e-01 1.696680e-01 4.571720e-01
94 3.697720e-01 1.695440e-01 4.606840e-01
95 3.668360e-01 1.692160e-01 4.639480e-01
96 3.631560e-01 1.687480e-01 4.680960e-01
97 3.605520e-01 1.684080e-01 4.710400e-01
98 3.568200e-01 1.690280e-01 4.741520e-01
99 3.537480e-01 1.688880e-01 4.773640e-01
100 3.513160e-01 1.690240e-01 4.796600e-01
101 3.494560e-01 1.684720e-01 4.820720e-01
102 3.468320e-01 1.688280e-01 4.843400e-01
103 3.444840e-01 1.688840e-01 4.866320e-01
104 3.420360e-01 1.687480e-01 4.892160e-01
105 3.396000e-01 1.689600e-01 4.914400e-01
106 3.379800e-01 1.686880e-01 4.933320e-01
107 3.359720e-01 1.684480e-01 4.955800e-01
108 3.338560e-01 1.685160e-01 4.976280e-01
109 3.319520e-01 1.679600e-01 5.000880e-01
110 3.304680e-01 1.678200e-01 5.017120e-01
111 3.288880e-01 1.678440e-01 5.032680e-01
112 3.269120e-01 1.679800e-01 5.051080e-01
113 3.249720e-01 1.682960e-01 5.067320e-01
114 3.238600e-01 1.679080e-01 5.082320e-01
115 3.218080e-01 1.679680e-01 5.102240e-01
116 3.205680e-01 1.675440e-01 5.118880e-01
117 3.190640e-01 1.671320e-01 5.138040e-01
118 3.175800e-01 1.671600e-01 5.152600e-01
119 3.165040e-01 1.667200e-01 5.167760e-01
120 3.155000e-01 1.670040e-01 5.174960e-01
121 3.147840e-01 1.667680e-01 5.184480e-01
122 3.141920e-01 1.661600e-01 5.196480e-01
123 3.129560e-01 1.665800e-01 5.204640e-01
124 3.113200e-01 1.665600e-01 5.221200e-01
125 3.105320e-01 1.663120e-01 5.231560e-01
126 3.097400e-01 1.659800e-01 5.242800e-01
127 3.093880e-01 1.653120e-01 5.253000e-01
128 3.083920e-01 1.657920e-01 5.258160e-01
129 3.080960e-01 1.654360e-01 5.264680e-01
130 3.070160e-01 1.660240e-01 5.269600e-01
131 3.064520e-01 1.656920e-01 5.278560e-01
132 3.055640e-01 1.652000e-01 5.292360e-01
133 3.048880e-01 1.646760e-01 5.304360e-01
134 3.041600e-01 1.649680e-01 5.308720e-01
135 3.035280e-01 1.647760e-01 5.316960e-01
136 3.032080e-01 1.651000e-01 5.316920e-01
137 3.025480e-01 1.648960e-01 5.325560e-01
138 3.020960e-01 1.648640e-01 5.330400e-01
139 3.017560e-01 1.644720e-01 5.337720e-01
140 3.015280e-01 1.637880e-01 5.346840e-01
141 3.013120e-01 1.639280e-01 5.347600e-01
142 3.008880e-01 1.639200e-01 5.351920e-01
143 3.005600e-01 1.636760e-01 5.357640e-01
144 3.009040e-01 1.626480e-01 5.364480e-01
145 3.012120e-01 1.627960e-01 5.359920e-01
146 3.008240e-01 1.631280e-01 5.360480e-01
147 3.006960e-01 1.631720e-01 5.361320e-01
148 3.007120e-01 1.629480e-01 5.363400e-01
149 3.014160e-01 1.622680e-01 5.363160e-01
150 3.013840e-01 1.618240e-01 5.367920e-01
151 3.022280e-01 1.609520e-01 5.368200e-01
152 3.018200e-01 1.614880e-01 5.366920e-01
153 3.021400e-01 1.613360e-01 5.365240e-01
154 3.016400e-01 1.618120e-01 5.365480e-01
155 3.014640e-01 1.623000e-01 5.362360e-01
156 3.015920e-01 1.623080e-01 5.361000e-01
157 3.014240e-01 1.625560e-01 5.360200e-01
158 3.010000e-01 1.624760e-01 5.365240e-01
159 3.005520e-01 1.629680e-01 5.364800e-01
160 3.006280e-01 1.629080e-01 5.364640e-01
161 3.003320e-01 1.623000e-01 5.373680e-01
162 3.001200e-01 1.624760e-01 5.374040e-01
163 2.997760e-01 1.622440e-01 5.379800e-01
164 2.993280e-01 1.627480e-01 5.379240e-01
165 2.996160e-01 1.628400e-01 5.375440e-01
166 2.996920e-01 1.628480e-01 5.374600e-01
167 2.987480e-01 1.636480e-01 5.376040e-01
168 2.982520e-01 1.637320e-01 5.380160e-01
169 2.986920e-01 1.635560e-01 5.377520e-01
170 2.984680e-01 1.636240e-01 5.379080e-01
171 2.979120e-01 1.638880e-01 5.382000e-01
172 2.978200e-01 1.634840e-01 5.386960e-01
173 2.976760e-01 1.633440e-01 5.389800e-01
174 2.972480e-01 1.630760e-01 5.396760e-01
175 2.973880e-01 1.622480e-01 5.403640e-01
176 2.973000e-01 1.619560e-01 5.407440e-01
177 2.968760e-01 1.620400e-01 5.410840e-01
178 2.976760e-01 1.613000e-01 5.410240e-01
179 2.984040e-01 1.607720e-01 5.408240e-01
180 2.988920e-01 1.601040e-01 5.410040e-01
181 2.991120e-01 1.601920e-01 5.406960e-01
182 2.994680e-01 1.606920e-01 5.398400e-01
183 2.991000e-01 1.606120e-01 5.402880e-01
184 2.992160e-01 1.602920e-01 5.404920e-01
185 2.994960e-01 1.597280e-01 5.407760e-01
186 3.000040e-01 1.593680e-01 5.406280e-01
187 3.004440e-01 1.587120e-01 5.408440e-01
188 3.010480e-01 1.582880e-01 5.406640e-01
189 3.013880e-01 1.577280e-01 5.408840e-01
190 3.013320e-01 1.578400e-01 5.408280e-01
191 3.011960e-01 1.586440e-01 5.401600e-01
192 3.012800e-01 1.589920e-01 5.397280e-01
193 3.014600e-01 1.587800e-01 5.397600e-01
194 3.016240e-01 1.591760e-01 5.392000e-01
195 3.021400e-01 1.593960e-01 5.384640e-01
196 3.017720e-01 1.601800e-01 5.380480e-01
197 3.013680e-01 1.605880e-01 5.380440e-01
198 3.008240e-01 1.613080e-01 5.378680e-01
199 3.009160e-01 1.613120e-01 5.377720e-01
200 3.009880e-01 1.612320e-01 5.377800e-01
201 3.007160e-01 1.617880e-01 5.374960e-01
202 2.999080e-01 1.626680e-01 5.374240e-01
203 2.995440e-01 1.628320e-01 5.376240e-01
204 2.989880e-01 1.626320e-01 5.383800e-01
205 2.995040e-01 1.627720e-01 5.377240e-01
206 2.990880e-01 1.632520e-01 5.376600e-01
207 2.987120e-01 1.636440e-01 5.376440e-01
208 2.984880e-01 1.634080e-01 5.381040e-01
209 2.975360e-01 1.636720e-01 5.387920e-01
210 2.974360e-01 1.633480e-01 5.392160e-01
211 2.975760e-01 1.631640e-01 5.392600e-01
212 2.971200e-01 1.636600e-01 5.392200e-01
213 2.967280e-01 1.637400e-01 5.395320e-01
214 2.968600e-01 1.636120e-01 5.395280e-01
215 2.966440e-01 1.635040e-01 5.398520e-01
216 2.963080e-01 1.634080e-01 5.402840e-01
217 2.966200e-01 1.634240e-01 5.399560e-01
218 2.962880e-01 1.639800e-01 5.397320e-01
219 2.962600e-01 1.639560e-01 5.397840e-01
220 2.957280e-01 1.644320e-01 5.398400e-01
221 2.951680e-01 1.643360e-01 5.404960e-01
222 2.952720e-01 1.640520e-01 5.406760e-01
223 2.957080e-01 1.639880e-01 5.403040e-01
224 2.952120e-01 1.639360e-01 5.408520e-01
225 2.950720e-01 1.642520e-01 5.406760e-01
226 2.948840e-01 1.638760e-01 5.412400e-01
227 2.946000e-01 1.640720e-01 5.413280e-01
228 2.935840e-01 1.646520e-01 5.417640e-01
229 2.944800e-01 1.647880e-01 5.407320e-01
230 2.949960e-01 1.638920e-01 5.411120e-01
231 2.949080e-01 1.638440e-01 5.412480e-01
232 2.943440e-01 1.638120e-01 5.418440e-01
233 2.944400e-01 1.634640e-01 5.420960e-01
234 2.944200e-01 1.635320e-01 5.420480e-01
235 2.942040e-01 1.637880e-01 5.420080e-01
236 2.936720e-01 1.637080e-01 5.426200e-01
237 2.940520e-01 1.635840e-01 5.423640e-01
238 2.941280e-01 1.627040e-01 5.431680e-01
239 2.945560e-01 1.623680e-01 5.430760e-01
240 2.939680e-01 1.628400e-01 5.431920e-01
241 2.937080e-01 1.628200e-01 5.434720e-01
242 2.934040e-01 1.625840e-01 5.440120e-01
243 2.935040e-01 1.619800e-01 5.445160e-01
244 2.939360e-01 1.613880e-01 5.446760e-01
245 2.941920e-01 1.615480e-01 5.442600e-01
246 2.942640e-01 1.610600e-01 5.446760e-01
247 2.949920e-01 1.606880e-01 5.443200e-01
248 2.954000e-01 1.602360e-01 5.443640e-01
249 2.966560e-01 1.592840e-01 5.440600e-01
250 2.966560e-01 1.590440e-01 5.443000e-01
251 2.963800e-01 1.595200e-01 5.441000e-01
252 2.972440e-01 1.593920e-01 5.433640e-01
253 2.978520e-01 1.596680e-01 5.424800e-01
254 2.980880e-01 1.598880e-01 5.420240e-01
255 2.982480e-01 1.601960e-01 5.415560e-01
256 2.978480e-01 1.601840e-01 5.419680e-01
257 2.980840e-01 1.603000e-01 5.416160e-01
258 2.989280e-01 1.598800e-01 5.411920e-01
259 2.989800e-01 1.598800e-01 5.411400e-01
260 2.988880e-01 1.600040e-01 5.411080e-01
261 2.994840e-01 1.596480e-01 5.408680e-01
262 2.988240e-01 1.598000e-01 5.413760e-01
263 2.987640e-01 1.598160e-01 5.414200e-01
264 2.992600e-01 1.590360e-01 5.417040e-01
265 2.993640e-01 1.594080e-01 5.412280e-01
266 2.999600e-01 1.590160e-01 5.410240e-01
267 3.006920e-01 1.589720e-01 5.403360e-01
268 3.008200e-01 1.590240e-01 5.401560e-01
269 3.008360e-01 1.594200e-01 5.397440e-01
270 3.011080e-01 1.592120e-01 5.396800e-01
271 3.016640e-01 1.593000e-01 5.390360e-01
272 3.013680e-01 1.598720e-01 5.387600e-01
273 3.015440e-01 1.603760e-01 5.380800e-01
274 3.018440e-01 1.610440e-01 5.371120e-01
275 3.011480e-01 1.614520e-01 5.374000e-01
276 3.003880e-01 1.618120e-01 5.378000e-01
277 2.998800e-01 1.617120e-01 5.384080e-01
278 3.002440e-01 1.612600e-01 5.384960e-01
279 3.001440e-01 1.616360e-01 5.382200e-01
280 2.994760e-01 1.619760e-01 5.385480e-01
281 2.996560e-01 1.624360e-01 5.379080e-01
282 2.996720e-01 1.622360e-01 5.380920e-01
283 2.993360e-01 1.624600e-01 5.382040e-01
284 2.984680e-01 1.630040e-01 5.385280e-01
285 2.979640e-01 1.634960e-01 5.385400e-01
286 2.973280e-01 1.634280e-01 5.392440e-01
287 2.979200e-01 1.626000e-01 5.394800e-01
288 2.980040e-01 1.629160e-01 5.390800e-01
289 2.982560e-01 1.621360e-01 5.396080e-01
290 2.978760e-01 1.624680e-01 5.396560e-01
291 2.984680e-01 1.620280e-01 5.395040e-01
292 2.978600e-01 1.617320e-01 5.404080e-01
293 2.982960e-01 1.611440e-01 5.405600e-01
294 2.979960e-01 1.619080e-01 5.400960e-01
295 2.977560e-01 1.620720e-01 5.401720e-01
296 2.979160e-01 1.617760e-01 5.403080e-01
297 2.979360e-01 1.621920e-01 5.398720e-01
298 2.980400e-01 1.622200e-01 5.397400e-01
299 2.987680e-01 1.619160e-01 5.393160e-01
300 2.981600e-01 1.623640e-01 5.394760e-01
301 2.984840e-01 1.623680e-01 5.391480e-01
302 2.981240e-01 1.628320e-01 5.390440e-01
303 2.973080e-01 1.632800e-01 5.394120e-01
304 2.971440e-01 1.632880e-01 5.395680e-01
305 2.970160e-01 1.630440e-01 5.399400e-01
306 2.970680e-01 1.627840e-01 5.401480e-01
307 2.968560e-01 1.625640e-01 5.405800e-01
308 2.968840e-01 1.626480e-01 5.404680e-01
309 2.960360e-01 1.634760e-01 5.404880e-01
310 2.961720e-01 1.630480e-01 5.407800e-01
311 2.961720e-01 1.629960e-01 5.408320e-01
312 2.953720e-01 1.632400e-01 5.413880e-01
313 2.954080e-01 1.632000e-01 5.413920e-01
314 2.952680e-01 1.632320e-01 5.415000e-01
315 2.950000e-01 1.630280e-01 5.419720e-01
316 2.946240e-01 1.633680e-01 5.420080e-01
317 2.942320e-01 1.628960e-01 5.428720e-01
318 2.952320e-01 1.624000e-01 5.423680e-01
319 2.955400e-01 1.632720e-01 5.411880e-01
320 2.957720e-01 1.633800e-01 5.408480e-01
321 2.962680e-01 1.633040e-01 5.404280e-01
322 2.965200e-01 1.629880e-01 5.404920e-01
323 2.964520e-01 1.624320e-01 5.411160e-01
324 2.969720e-01 1.617040e-01 5.413240e-01
325 2.970400e-01 1.615240e-01 5.414360e-01
326 2.972800e-01 1.606280e-01 5.420920e-01
327 2.978480e-01 1.607800e-01 5.413720e-01
328 2.979240e-01 1.608480e-01 5.412280e-01
329 2.983720e-01 1.609040e-01 5.407240e-01
330 2.987400e-01 1.607120e-01 5.405480e-01
331 2.997160e-01 1.605920e-01 5.396920e-01
332 2.997880e-01 1.610200e-01 5.391920e-01
333 3.000840e-01 1.610160e-01 5.389000e-01
334 2.993680e-01 1.618120e-01 5.388200e-01
335 2.996280e-01 1.614240e-01 5.389480e-01
336 2.993520e-01 1.613560e-01 5.392920e-01
337 2.997240e-01 1.610480e-01 5.392280e-01
338 2.998000e-01 1.609960e-01 5.392040e-01
339 2.995000e-01 1.608640e-01 5.396360e-01
340 2.994120e-01 1.620800e-01 5.385080e-01
341 2.990120e-01 1.623640e-01 5.386240e-01
342 2.988440e-01 1.623920e-01 5.387640e-01
343 2.986120e-01 1.624840e-01 5.389040e-01
344 2.986280e-01 1.623520e-01 5.390200e-01
345 2.992680e-01 1.618880e-01 5.388440e-01
346 2.998720e-01 1.616400e-01 5.384880e-01
347 2.992600e-01 1.622480e-01 5.384920e-01
348 2.990120e-01 1.622280e-01 5.387600e-01
349 2.985520e-01 1.626600e-01 5.387880e-01
350 2.980160e-01 1.626960e-01 5.392880e-01
351 2.976960e-01 1.629600e-01 5.393440e-01
352 2.970960e-01 1.628400e-01 5.400640e-01
353 2.970760e-01 1.624920e-01 5.404320e-01
354 2.962360e-01 1.633240e-01 5.404400e-01
355 2.963240e-01 1.634400e-01 5.402360e-01
356 2.964480e-01 1.630240e-01 5.405280e-01
357 2.962640e-01 1.631960e-01 5.405400e-01
358 2.964600e-01 1.630280e-01 5.405120e-01
359 2.962680e-01 1.633560e-01 5.403760e-01
360 2.964760e-01 1.633040e-01 5.402200e-01
361 2.971320e-01 1.628000e-01 5.400680e-01
362 2.975000e-01 1.630840e-01 5.394160e-01
363 2.970520e-01 1.628920e-01 5.400560e-01
364 2.970840e-01 1.631800e-01 5.397360e-01
365 2.970760e-01 1.630160e-01 5.399080e-01
366 2.963000e-01 1.638360e-01 5.398640e-01
367 2.959640e-01 1.639520e-01 5.400840e-01
368 2.960000e-01 1.642520e-01 5.397480e-01
369 2.962040e-01 1.636800e-01 5.401160e-01
370 2.956720e-01 1.638680e-01 5.404600e-01
371 2.952800e-01 1.639720e-01 5.407480e-01
372 2.945080e-01 1.642480e-01 5.412440e-01
373 2.943480e-01 1.639800e-01 5.416720e-01
374 2.944520e-01 1.642080e-01 5.413400e-01
375 2.940600e-01 1.640840e-01 5.418560e-01
376 2.935360e-01 1.644960e-01 5.419680e-01
377 2.934240e-01 1.646320e-01 5.419440e-01
378 2.935440e-01 1.643240e-01 5.421320e-01
379 2.929240e-01 1.647880e-01 5.422880e-01
380 2.931640e-01 1.638960e-01 5.429400e-01
381 2.936200e-01 1.635120e-01 5.428680e-01
382 2.934280e-01 1.639720e-01 5.426000e-01
383 2.938880e-01 1.633560e-01 5.427560e-01
384 2.933600e-01 1.639400e-01 5.427000e-01
385 2.932880e-01 1.633240e-01 5.433880e-01
386 2.931120e-01 1.635680e-01 5.433200e-01
387 2.931600e-01 1.634200e-01 5.434200e-01
388 2.930200e-01 1.635840e-01 5.433960e-01
389 2.929680e-01 1.629880e-01 5.440440e-01
390 2.931320e-01 1.625320e-01 5.443360e-01
391 2.940000e-01 1.625360e-01 5.434640e-01
392 2.938360e-01 1.625840e-01 5.435800e-01
393 2.942200e-01 1.631800e-01 5.426000e-01
394 2.943720e-01 1.630320e-01 5.425960e-01
395 2.940960e-01 1.630280e-01 5.428760e-01
396 2.946280e-01 1.625320e-01 5.428400e-01
397 2.945640e-01 1.628480e-01 5.425880e-01
398 2.946640e-01 1.623760e-01 5.429600e-01
399 2.954120e-01 1.619240e-01 5.426640e-01
400 2.956200e-01 1.617280e-01 5.426520e-01
401 2.961720e-01 1.615160e-01 5.423120e-01
402 2.963440e-01 1.619080e-01 5.417480e-01
403 2.962400e-01 1.620040e-01 5.417560e-01
404 2.963640e-01 1.618400e-01 5.417960e-01
405 2.962360e-01 1.626160e-01 5.411480e-01
406 2.965240e-01 1.625000e-01 5.409760e-01
407 2.966520e-01 1.625680e-01 5.407800e-01
408 2.965640e-01 1.628480e-01 5.405880e-01
409 2.958800e-01 1.630800e-01 5.410400e-01
410 2.953840e-01 1.631960e-01 5.414200e-01
411 2.953000e-01 1.629200e-01 5.417800e-01
412 2.958280e-01 1.630960e-01 5.410760e-01
413 2.955120e-01 1.629640e-01 5.415240e-01
414 2.961480e-01 1.630560e-01 5.407960e-01
415 2.958200e-01 1.636640e-01 5.405160e-01
416 2.952080e-01 1.640960e-01 5.406960e-01
417 2.952000e-01 1.642040e-01 5.405960e-01
418 2.951240e-01 1.639960e-01 5.408800e-01
419 2.946360e-01 1.640280e-01 5.413360e-01
420 2.944120e-01 1.640280e-01 5.415600e-01
421 2.938120e-01 1.640560e-01 5.421320e-01
422 2.934120e-01 1.639080e-01 5.426800e-01
423 2.930280e-01 1.646360e-01 5.423360e-01
424 2.931280e-01 1.642760e-01 5.425960e-01
425 2.929040e-01 1.644520e-01 5.426440e-01
426 2.931120e-01 1.641560e-01 5.427320e-01
427 2.933760e-01 1.636960e-01 5.429280e-01
428 2.933560e-01 1.630400e-01 5.436040e-01
429 2.929440e-01 1.630240e-01 5.440320e-01
430 2.938240e-01 1.624560e-01 5.437200e-01
431 2.940840e-01 1.623800e-01 5.435360e-01
432 2.937040e-01 1.624760e-01 5.438200e-01
433 2.943720e-01 1.621800e-01 5.434480e-01
434 2.946800e-01 1.616040e-01 5.437160e-01
435 2.945000e-01 1.616800e-01 5.438200e-01
436 2.946560e-01 1.621400e-01 5.432040e-01
437 2.947040e-01 1.619440e-01 5.433520e-01
438 2.957960e-01 1.611720e-01 5.430320e-01
439 2.963680e-01 1.610560e-01 5.425760e-01
440 2.962120e-01 1.614120e-01 5.423760e-01
441 2.960840e-01 1.610400e-01 5.428760e-01
442 2.966800e-01 1.605280e-01 5.427920e-01
443 2.965560e-01 1.601320e-01 5.433120e-01
444 2.974000e-01 1.599400e-01 5.426600e-01
445 2.968000e-01 1.603240e-01 5.428760e-01
446 2.968240e-01 1.606360e-01 5.425400e-01
447 2.972760e-01 1.602600e-01 5.424640e-01
448 2.981200e-01 1.602360e-01 5.416440e-01
449 2.977240e-01 1.608600e-01 5.414160e-01
450 2.982600e-01 1.602600e-01 5.414800e-01
451 2.981680e-01 1.603680e-01 5.414640e-01
452 2.983600e-01 1.600520e-01 5.415880e-01
453 2.982760e-01 1.607000e-01 5.410240e-01
454 2.987840e-01 1.606000e-01 5.406160e-01
455 2.984840e-01 1.610640e-01 5.404520e-01
456 2.989800e-01 1.607840e-01 5.402360e-01
457 2.990000e-01 1.609880e-01 5.400120e-01
458 2.986760e-01 1.612000e-01 5.401240e-01
459 2.982440e-01 1.620200e-01 5.397360e-01
460 2.983120e-01 1.622320e-01 5.394560e-01
461 2.976400e-01 1.627560e-01 5.396040e-01
462 2.981320e-01 1.622720e-01 5.395960e-01
463 2.975440e-01 1.626800e-01 5.397760e-01
464 2.973040e-01 1.625160e-01 5.401800e-01
465 2.976880e-01 1.615080e-01 5.408040e-01
466 2.982280e-01 1.614800e-01 5.402920e-01
467 2.978160e-01 1.617120e-01 5.404720e-01
468 2.974640e-01 1.616920e-01 5.408440e-01
469 2.975080e-01 1.614960e-01 5.409960e-01
470 2.978040e-01 1.617040e-01 5.404920e-01
471 2.977120e-01 1.612640e-01 5.410240e-01
472 2.976440e-01 1.614120e-01 5.409440e-01
473 2.977160e-01 1.618720e-01 5.404120e-01
474 2.979400e-01 1.623520e-01 5.397080e-01
475 2.986800e-01 1.618800e-01 5.394400e-01
476 2.987800e-01 1.617000e-01 5.395200e-01
477 2.991280e-01 1.619200e-01 5.389520e-01
478 2.992840e-01 1.619480e-01 5.387680e-01
479 2.991080e-01 1.617760e-01 5.391160e-01
480 2.987440e-01 1.622600e-01 5.389960e-01
481 2.984080e-01 1.619600e-01 5.396320e-01
482 2.987160e-01 1.621640e-01 5.391200e-01
483 2.983040e-01 1.626560e-01 5.390400e-01
484 2.986680e-01 1.624360e-01 5.388960e-01
485 2.984160e-01 1.620640e-01 5.395200e-01
486 2.979120e-01 1.624040e-01 5.396840e-01
487 2.983520e-01 1.620040e-01 5.396440e-01
488 2.972880e-01 1.632680e-01 5.394440e-01
489 2.974280e-01 1.632120e-01 5.393600e-01
490 2.968040e-01 1.632000e-01 5.399960e-01
491 2.952680e-01 1.638720e-01 5.408600e-01
492 2.954920e-01 1.632960e-01 5.412120e-01
493 2.955440e-01 1.634120e-01 5.410440e-01
494 2.953240e-01 1.632880e-01 5.413880e-01
495 2.952160e-01 1.634440e-01 5.413400e-01
496 2.954120e-01 1.631240e-01 5.414640e-01
497 2.953160e-01 1.635280e-01 5.411560e-01
498 2.954800e-01 1.630720e-01 5.414480e-01
499 2.958240e-01 1.624400e-01 5.417360e-01
500 2.959280e-01 1.616280e-01 5.424440e-01
501 2.962680e-01 1.620040e-01 5.417280e-01
502 2.960240e-01 1.621200e-01 5.418560e-01
503 2.968920e-01 1.615000e-01 5.416080e-01
504 2.972040e-01 1.616680e-01 5.411280e-01
505 2.974320e-01 1.612920e-01 5.412760e-01
506 2.976800e-01 1.609920e-01 5.413280e-01
507 2.977760e-01 1.614000e-01 5.408240e-01
508 2.981560e-01 1.612960e-01 5.405480e-01
509 2.979960e-01 1.615200e-01 5.404840e-01
510 2.979080e-01 1.615960e-01 5.404960e-01
511 2.980920e-01 1.611680e-01 5.407400e-01
512 2.979120e-01 1.605560e-01 5.415320e-01
513 2.975080e-01 1.606600e-01 5.418320e-01
514 2.980400e-01 1.602120e-01 5.417480e-01
515 2.985120e-01 1.601360e-01 5.413520e-01
516 2.984960e-01 1.607920e-01 5.407120e-01
517 2.990880e-01 1.600640e-01 5.408480e-01
518 2.993400e-01 1.604240e-01 5.402360e-01
519 3.001920e-01 1.597360e-01 5.400720e-01
520 3.002840e-01 1.603200e-01 5.393960e-01
521 3.007440e-01 1.603960e-01 5.388600e-01
522 3.006680e-01 1.605160e-01 5.388160e-01
523 3.005760e-01 1.605200e-01 5.389040e-01
524 3.003440e-01 1.605480e-01 5.391080e-01
525 3.004400e-01 1.610240e-01 5.385360e-01
526 3.001360e-01 1.612760e-01 5.385880e-01
527 3.009120e-01 1.612400e-01 5.378480e-01
528 3.005320e-01 1.621120e-01 5.373560e-01
529 3.006480e-01 1.622640e-01 5.370880e-01
530 3.003480e-01 1.622960e-01 5.373560e-01
531 2.991920e-01 1.626200e-01 5.381880e-01
532 2.990360e-01 1.629400e-01 5.380240e-01
533 2.987880e-01 1.625280e-01 5.386840e-01
534 2.983720e-01 1.628960e-01 5.387320e-01
535 2.986040e-01 1.626840e-01 5.387120e-01
536 2.986720e-01 1.628920e-01 5.384360e-01
537 2.984800e-01 1.629840e-01 5.385360e-01
538 2.981840e-01 1.636200e-01 5.381960e-01
539 2.981160e-01 1.632440e-01 5.386400e-01
540 2.979400e-01 1.636560e-01 5.384040e-01
541 2.976600e-01 1.635360e-01 5.388040e-01
542 2.971280e-01 1.642880e-01 5.385840e-01
543 2.976480e-01 1.637720e-01 5.385800e-01
544 2.975640e-01 1.638680e-01 5.385680e-01
545 2.974760e-01 1.639280e-01 5.385960e-01
546 2.959200e-01 1.644120e-01 5.396680e-01
547 2.962840e-01 1.640840e-01 5.396320e-01
548 2.960520e-01 1.637560e-01 5.401920e-01
549 2.956880e-01 1.641000e-01 5.402120e-01
550 2.955320e-01 1.637400e-01 5.407280e-01
551 2.947400e-01 1.638480e-01 5.414120e-01
552 2.952200e-01 1.634080e-01 5.413720e-01
553 2.954400e-01 1.630880e-01 5.414720e-01
554 2.955920e-01 1.629320e-01 5.414760e-01
555 2.954920e-01 1.629600e-01 5.415480e-01
556 2.961360e-01 1.627560e-01 5.411080e-01
557 2.960840e-01 1.624560e-01 5.414600e-01
558 2.966400e-01 1.618040e-01 5.415560e-01
559 2.971200e-01 1.610440e-01 5.418360e-01
560 2.979720e-01 1.601720e-01 5.418560e-01
561 2.988800e-01 1.596200e-01 5.415000e-01
562 2.992560e-01 1.596240e-01 5.411200e-01
563 2.995640e-01 1.594080e-01 5.410280e-01
564 3.001160e-01 1.596520e-01 5.402320e-01
565 3.006400e-01 1.591600e-01 5.402000e-01
566 3.003360e-01 1.599040e-01 5.397600e-01
567 3.004760e-01 1.602080e-01 5.393160e-01
568 3.004440e-01 1.608520e-01 5.387040e-01
569 2.998400e-01 1.610600e-01 5.391000e-01
570 3.001200e-01 1.607080e-01 5.391720e-01
571 3.001440e-01 1.609960e-01 5.388600e-01
572 3.001080e-01 1.611120e-01 5.387800e-01
573 2.998440e-01 1.617520e-01 5.384040e-01
574 2.999840e-01 1.616280e-01 5.383880e-01
575 2.998960e-01 1.616200e-01 5.384840e-01
576 2.994320e-01 1.615080e-01 5.390600e-01
577 2.985520e-01 1.622400e-01 5.392080e-01
578 2.981600e-01 1.622800e-01 5.395600e-01
579 2.977120e-01 1.626240e-01 5.396640e-01
580 2.966800e-01 1.633000e-01 5.400200e-01
581 2.967040e-01 1.633320e-01 5.399640e-01
582 2.968040e-01 1.631960e-01 5.400000e-01
583 2.972040e-01 1.630120e-01 5.397840e-01
584 2.972200e-01 1.627920e-01 5.399880e-01
585 2.969680e-01 1.627800e-01 5.402520e-01
586 2.968720e-01 1.625120e-01 5.406160e-01
587 2.964840e-01 1.628160e-01 5.407000e-01
588 2.967320e-01 1.633400e-01 5.399280e-01
589 2.970480e-01 1.632360e-01 5.397160e-01
590 2.974000e-01 1.632720e-01 5.393280e-01
591 2.967000e-01 1.633760e-01 5.399240e-01
592 2.972920e-01 1.629560e-01 5.397520e-01
593 2.973280e-01 1.631080e-01 5.395640e-01
594 2.972280e-01 1.631920e-01 5.395800e-01
595 2.969600e-01 1.639000e-01 5.391400e-01
596 2.974400e-01 1.635960e-01 5.389640e-01
597 2.974400e-01 1.634560e-01 5.391040e-01
598 2.973160e-01 1.640920e-01 5.385920e-01
599 2.963800e-01 1.644480e-01 5.391720e-01
600 2.956240e-01 1.646040e-01 5.397720e-01
601 2.959320e-01 1.641680e-01 5.399000e-01
602 2.954720e-01 1.647000e-01 5.398280e-01
603 2.954520e-01 1.646800e-01 5.398680e-01
604 2.945200e-01 1.650200e-01 5.404600e-01
605 2.940120e-01 1.646880e-01 5.413000e-01
606 2.937640e-01 1.652200e-01 5.410160e-01
607 2.939400e-01 1.655960e-01 5.404640e-01
608 2.938520e-01 1.648800e-01 5.412680e-01
609 2.931000e-01 1.649400e-01 5.419600e-01
610 2.931000e-01 1.647120e-01 5.421880e-01
611 2.931320e-01 1.641760e-01 5.426920e-01
612 2.929680e-01 1.641280e-01 5.429040e-01
613 2.930720e-01 1.637080e-01 5.432200e-01
614 2.931160e-01 1.638760e-01 5.430080e-01
615 2.931680e-01 1.636200e-01 5.432120e-01
616 2.935320e-01 1.638560e-01 5.426120e-01
617 2.931080e-01 1.642320e-01 5.426600e-01
618 2.940720e-01 1.640960e-01 5.418320e-01
619 2.945080e-01 1.640600e-01 5.414320e-01
620 2.944840e-01 1.643200e-01 5.411960e-01
621 2.949520e-01 1.641160e-01 5.409320e-01
622 2.950640e-01 1.637200e-01 5.412160e-01
623 2.952840e-01 1.635360e-01 5.411800e-01
624 2.956800e-01 1.638920e-01 5.404280e-01
625 2.955640e-01 1.641360e-01 5.403000e-01
626 2.954280e-01 1.641880e-01 5.403840e-01
627 2.954480e-01 1.645280e-01 5.400240e-01
628 2.954640e-01 1.644600e-01 5.400760e-01
629 2.953680e-01 1.647400e-01 5.398920e-01
630 2.954640e-01 1.644160e-01 5.401200e-01
631 2.954680e-01 1.642960e-01 5.402360e-01
632 2.950600e-01 1.642800e-01 5.406600e-01
633 2.956040e-01 1.635760e-01 5.408200e-01
634 2.958120e-01 1.634320e-01 5.407560e-01
635 2.956320e-01 1.639200e-01 5.404480e-01
636 2.954480e-01 1.640160e-01 5.405360e-01
637 2.953320e-01 1.641480e-01 5.405200e-01
638 2.955720e-01 1.638920e-01 5.405360e-01
639 2.951880e-01 1.641560e-01 5.406560e-01
640 2.944400e-01 1.640160e-01 5.415440e-01
641 2.945120e-01 1.637120e-01 5.417760e-01
642 2.947680e-01 1.633400e-01 5.418920e-01
643 2.946560e-01 1.631960e-01 5.421480e-01
644 2.945960e-01 1.630360e-01 5.423680e-01
645 2.948560e-01 1.634280e-01 5.417160e-01
646 2.947120e-01 1.633040e-01 5.419840e-01
647 2.951480e-01 1.632240e-01 5.416280e-01
648 2.952480e-01 1.635520e-01 5.412000e-01
649 2.953360e-01 1.631120e-01 5.415520e-01
650 2.955640e-01 1.633240e-01 5.411120e-01
651 2.951120e-01 1.631960e-01 5.416920e-01
652 2.955520e-01 1.627280e-01 5.417200e-01
653 2.952560e-01 1.625600e-01 5.421840e-01
654 2.958480e-01 1.617960e-01 5.423560e-01
655 2.959040e-01 1.614840e-01 5.426120e-01
656 2.962200e-01 1.611920e-01 5.425880e-01
657 2.960600e-01 1.612480e-01 5.426920e-01
658 2.955520e-01 1.620240e-01 5.424240e-01
659 2.957480e-01 1.625080e-01 5.417440e-01
660 2.956360e-01 1.623160e-01 5.420480e-01
661 2.959360e-01 1.627120e-01 5.413520e-01
662 2.967280e-01 1.616280e-01 5.416440e-01
663 2.966520e-01 1.616320e-01 5.417160e-01
664 2.968280e-01 1.616680e-01 5.415040e-01
665 2.973240e-01 1.617040e-01 5.409720e-01
666 2.973600e-01 1.620480e-01 5.405920e-01
667 2.975240e-01 1.621840e-01 5.402920e-01
668 2.978960e-01 1.613720e-01 5.407320e-01
669 2.978600e-01 1.614760e-01 5.406640e-01
670 2.977280e-01 1.618560e-01 5.404160e-01
671 2.979600e-01 1.619920e-01 5.400480e-01
672 2.982120e-01 1.619640e-01 5.398240e-01
673 2.986640e-01 1.621720e-01 5.391640e-01
674 2.984520e-01 1.622840e-01 5.392640e-01
675 2.986000e-01 1.626600e-01 5.387400e-01
676 2.987320e-01 1.626320e-01 5.386360e-01
677 2.990920e-01 1.627560e-01 5.381520e-01
678 2.991120e-01 1.629080e-01 5.379800e-01
679 2.984440e-01 1.634120e-01 5.381440e-01
680 2.981480e-01 1.633800e-01 5.384720e-01
681 2.980800e-01 1.635280e-01 5.383920e-01
682 2.978040e-01 1.633240e-01 5.388720e-01
683 2.972840e-01 1.632920e-01 5.394240e-01
684 2.970840e-01 1.626720e-01 5.402440e-01
685 2.969920e-01 1.629280e-01 5.400800e-01
686 2.967040e-01 1.632760e-01 5.400200e-01
687 2.965600e-01 1.633320e-01 5.401080e-01
688 2.969840e-01 1.631560e-01 5.398600e-01
689 2.972480e-01 1.630720e-01 5.396800e-01
690 2.973760e-01 1.629480e-01 5.396760e-01
691 2.977360e-01 1.625680e-01 5.396960e-01
692 2.979560e-01 1.619480e-01 5.400960e-01
693 2.974840e-01 1.620720e-01 5.404440e-01
694 2.977640e-01 1.615640e-01 5.406720e-01
695 2.971960e-01 1.621280e-01 5.406760e-01
696 2.969800e-01 1.622880e-01 5.407320e-01
697 2.976840e-01 1.619800e-01 5.403360e-01
698 2.975640e-01 1.618360e-01 5.406000e-01
699 2.977200e-01 1.624600e-01 5.398200e-01
700 2.977640e-01 1.626480e-01 5.395880e-01
701 2.975840e-01 1.626840e-01 5.397320e-01
702 2.976400e-01 1.633160e-01 5.390440e-01
703 2.975640e-01 1.633560e-01 5.390800e-01
704 2.971520e-01 1.640800e-01 5.387680e-01
705 2.968480e-01 1.642280e-01 5.389240e-01
706 2.969000e-01 1.639760e-01 5.391240e-01
707 2.963360e-01 1.642960e-01 5.393680e-01
708 2.965400e-01 1.648560e-01 5.386040e-01
709 2.963040e-01 1.650200e-01 5.386760e-01
710 2.957760e-01 1.646920e-01 5.395320e-01
711 2.955080e-01 1.647640e-01 5.397280e-01
712 2.954240e-01 1.647520e-01 5.398240e-01
713 2.951160e-01 1.648280e-01 5.400560e-01
714 2.949080e-01 1.648000e-01 5.402920e-01
715 2.949280e-01 1.647440e-01 5.403280e-01
716 2.952480e-01 1.644960e-01 5.402560e-01
717 2.951760e-01 1.644880e-01 5.403360e-01
718 2.946200e-01 1.646960e-01 5.406840e-01
719 2.946920e-01 1.643360e-01 5.409720e-01
720 2.946400e-01 1.641840e-01 5.411760e-01
721 2.938320e-01 1.645320e-01 5.416360e-01
722 2.935640e-01 1.646800e-01 5.417560e-01
723 2.933800e-01 1.646720e-01 5.419480e-01
724 2.938560e-01 1.643320e-01 5.418120e-01
725 2.938560e-01 1.645760e-01 5.415680e-01
726 2.940040e-01 1.640240e-01 5.419720e-01
727 2.943000e-01 1.633000e-01 5.424000e-01
728 2.942800e-01 1.631120e-01 5.426080e-01
729 2.943360e-01 1.632480e-01 5.424160e-01
730 2.944000e-01 1.631760e-01 5.424240e-01
731 2.946840e-01 1.628760e-01 5.424400e-01
732 2.951680e-01 1.627920e-01 5.420400e-01
733 2.956800e-01 1.622920e-01 5.420280e-01
734 2.953200e-01 1.624880e-01 5.421920e-01
735 2.949120e-01 1.631120e-01 5.419760e-01
736 2.948560e-01 1.639840e-01 5.411600e-01
737 2.948760e-01 1.635840e-01 5.415400e-01
738 2.947480e-01 1.645240e-01 5.407280e-01
739 2.943400e-01 1.650800e-01 5.405800e-01
740 2.945520e-01 1.640440e-01 5.414040e-01
741 2.945120e-01 1.640560e-01 5.414320e-01
742 2.942360e-01 1.641200e-01 5.416440e-01
743 2.940440e-01 1.639920e-01 5.419640e-01
744 2.942800e-01 1.636840e-01 5.420360e-01
745 2.947840e-01 1.633040e-01 5.419120e-01
746 2.942680e-01 1.646000e-01 5.411320e-01
747 2.942360e-01 1.649680e-01 5.407960e-01
748 2.941560e-01 1.651960e-01 5.406480e-01
749 2.939120e-01 1.652640e-01 5.408240e-01
750 2.939800e-01 1.649600e-01 5.410600e-01
751 2.935080e-01 1.652400e-01 5.412520e-01
752 2.935880e-01 1.649960e-01 5.414160e-01
753 2.932720e-01 1.653160e-01 5.414120e-01
754 2.938800e-01 1.652200e-01 5.409000e-01
755 2.942360e-01 1.650800e-01 5.406840e-01
756 2.950560e-01 1.645280e-01 5.404160e-01
757 2.947920e-01 1.646520e-01 5.405560e-01
758 2.946360e-01 1.644040e-01 5.409600e-01
759 2.951280e-01 1.642840e-01 5.405880e-01
760 2.948960e-01 1.644280e-01 5.406760e-01
761 2.952680e-01 1.644560e-01 5.402760e-01
762 2.946040e-01 1.647640e-01 5.406320e-01
763 2.939360e-01 1.651560e-01 5.409080e-01
764 2.935960e-01 1.652080e-01 5.411960e-01
765 2.932200e-01 1.654160e-01 5.413640e-01
766 2.931840e-01 1.650600e-01 5.417560e-01
767 2.928520e-01 1.651280e-01 5.420200e-01
768 2.928000e-01 1.656040e-01 5.415960e-01
769 2.925880e-01 1.657040e-01 5.417080e-01
770 2.926480e-01 1.655560e-01 5.417960e-01
771 2.927080e-01 1.647920e-01 5.425000e-01
772 2.925000e-01 1.649240e-01 5.425760e-01
773 2.921560e-01 1.647800e-01 5.430640e-01
774 2.922040e-01 1.643680e-01 5.434280e-01
775 2.926680e-01 1.637440e-01 5.435880e-01
776 2.930320e-01 1.637320e-01 5.432360e-01
777 2.938920e-01 1.632480e-01 5.428600e-01
778 2.939880e-01 1.629920e-01 5.430200e-01
779 2.937920e-01 1.632640e-01 5.429440e-01
780 2.939520e-01 1.624880e-01 5.435600e-01
781 2.947560e-01 1.623360e-01 5.429080e-01
782 2.952320e-01 1.622840e-01 5.424840e-01
783 2.949240e-01 1.626880e-01 5.423880e-01
784 2.942360e-01 1.625640e-01 5.432000e-01
785 2.941360e-01 1.626000e-01 5.432640e-01
786 2.944200e-01 1.623160e-01 5.432640e-01
787 2.948360e-01 1.617760e-01 5.433880e-01
788 2.951760e-01 1.616880e-01 5.431360e-01
789 2.950760e-01 1.615800e-01 5.433440e-01
790 2.953800e-01 1.613560e-01 5.432640e-01
791 2.959200e-01 1.611120e-01 5.429680e-01
792 2.958880e-01 1.613600e-01 5.427520e-01
793 2.961640e-01 1.614720e-01 5.423640e-01
794 2.958040e-01 1.616360e-01 5.425600e-01
795 2.958720e-01 1.620280e-01 5.421000e-01
796 2.958640e-01 1.619440e-01 5.421920e-01
797 2.961080e-01 1.614200e-01 5.424720e-01
798 2.965360e-01 1.613320e-01 5.421320e-01
799 2.965640e-01 1.616720e-01 5.417640e-01
800 2.965880e-01 1.619080e-01 5.415040e-01
801 2.964040e-01 1.614360e-01 5.421600e-01
802 2.964920e-01 1.611400e-01 5.423680e-01
803 2.963720e-01 1.614320e-01 5.421960e-01
804 2.968160e-01 1.608640e-01 5.423200e-01
805 2.971000e-01 1.605440e-01 5.423560e-01
806 2.976080e-01 1.608240e-01 5.415680e-01
807 2.985240e-01 1.601720e-01 5.413040e-01
808 2.995280e-01 1.599960e-01 5.404760e-01
809 2.995800e-01 1.598760e-01 5.405440e-01
810 3.005480e-01 1.593160e-01 5.401360e-01
811 3.005600e-01 1.594240e-01 5.400160e-01
812 3.011200e-01 1.593680e-01 5.395120e-01
813 3.010200e-01 1.591640e-01 5.398160e-01
814 3.013200e-01 1.595240e-01 5.391560e-01
815 3.014400e-01 1.603800e-01 5.381800e-01
816 3.011920e-01 1.607920e-01 5.380160e-01
817 3.017240e-01 1.605240e-01 5.377520e-01
818 3.017760e-01 1.605200e-01 5.377040e-01
819 3.018000e-01 1.598440e-01 5.383560e-01
820 3.020480e-01 1.596160e-01 5.383360e-01
821 3.019240e-01 1.600080e-01 5.380680e-01
822 3.017480e-01 1.604240e-01 5.378280e-01
823 3.022960e-01 1.605240e-01 5.371800e-01
824 3.014560e-01 1.612520e-01 5.372920e-01
825 3.024080e-01 1.609040e-01 5.366880e-01
826 3.028120e-01 1.606240e-01 5.365640e-01
827 3.023240e-01 1.605120e-01 5.371640e-01
828 3.016640e-01 1.613920e-01 5.369440e-01
829 3.016000e-01 1.612040e-01 5.371960e-01
830 3.013800e-01 1.611680e-01 5.374520e-01
831 3.014200e-01 1.617520e-01 5.368280e-01
832 3.009680e-01 1.626400e-01 5.363920e-01
833 3.009080e-01 1.630880e-01 5.360040e-01
834 3.003600e-01 1.635560e-01 5.360840e-01
835 2.999160e-01 1.638680e-01 5.362160e-01
836 3.002920e-01 1.631040e-01 5.366040e-01
837 2.993960e-01 1.636080e-01 5.369960e-01
838 2.994960e-01 1.632880e-01 5.372160e-01
839 2.991600e-01 1.635920e-01 5.372480e-01
840 2.986760e-01 1.636160e-01 5.377080e-01
841 2.987960e-01 1.634680e-01 5.377360e-01
842 2.987240e-01 1.639280e-01 5.373480e-01
843 2.981440e-01 1.637080e-01 5.381480e-01
844 2.978760e-01 1.636600e-01 5.384640e-01
845 2.973120e-01 1.641720e-01 5.385160e-01
846 2.976000e-01 1.640840e-01 5.383160e-01
847 2.977320e-01 1.636600e-01 5.386080e-01
848 2.976400e-01 1.631080e-01 5.392520e-01
849 2.973320e-01 1.629560e-01 5.397120e-01
850 2.965680e-01 1.630720e-01 5.403600e-01
851 2.965560e-01 1.631920e-01 5.402520e-01
852 2.966120e-01 1.628920e-01 5.404960e-01
853 2.971560e-01 1.624120e-01 5.404320e-01
854 2.981520e-01 1.617120e-01 5.401360e-01
855 2.981640e-01 1.614360e-01 5.404000e-01
856 2.983760e-01 1.617040e-01 5.399200e-01
857 2.981000e-01 1.623480e-01 5.395520e-01
858 2.973280e-01 1.626160e-01 5.400560e-01
859 2.972200e-01 1.625280e-01 5.402520e-01
860 2.971200e-01 1.623360e-01 5.405440e-01
861 2.966160e-01 1.632480e-01 5.401360e-01
862 2.963960e-01 1.631000e-01 5.405040e-01
863 2.960560e-01 1.636560e-01 5.402880e-01
864 2.958720e-01 1.637360e-01 5.403920e-01
865 2.956600e-01 1.635040e-01 5.408360e-01
866 2.952240e-01 1.638560e-01 5.409200e-01
867 2.948160e-01 1.644400e-01 5.407440e-01
868 2.948560e-01 1.641520e-01 5.409920e-01
869 2.944480e-01 1.642880e-01 5.412640e-01
870 2.937280e-01 1.645160e-01 5.417560e-01
871 2.941920e-01 1.643160e-01 5.414920e-01
872 2.944520e-01 1.641120e-01 5.414360e-01
873 2.943720e-01 1.639560e-01 5.416720e-01
874 2.946680e-01 1.635080e-01 5.418240e-01
875 2.944600e-01 1.636840e-01 5.418560e-01
876 2.946960e-01 1.638400e-01 5.414640e-01
877 2.951360e-01 1.631960e-01 5.416680e-01
878 2.948000e-01 1.633280e-01 5.418720e-01
879 2.949040e-01 1.633440e-01 5.417520e-01
880 2.948280e-01 1.632480e-01 5.419240e-01
881 2.952560e-01 1.628160e-01 5.419280e-01
882 2.948160e-01 1.628080e-01 5.423760e-01
883 2.946000e-01 1.628320e-01 5.425680e-01
884 2.951160e-01 1.621280e-01 5.427560e-01
885 2.957560e-01 1.616840e-01 5.425600e-01
886 2.959520e-01 1.609760e-01 5.430720e-01
887 2.964200e-01 1.600960e-01 5.434840e-01
888 2.968600e-01 1.602360e-01 5.429040e-01
889 2.966880e-01 1.606200e-01 5.426920e-01
890 2.970040e-01 1.609320e-01 5.420640e-01
891 2.973760e-01 1.612520e-01 5.413720e-01
892 2.972960e-01 1.611760e-01 5.415280e-01
893 2.969120e-01 1.617040e-01 5.413840e-01
894 2.967480e-01 1.620320e-01 5.412200e-01
895 2.962240e-01 1.622800e-01 5.414960e-01
896 2.968440e-01 1.619120e-01 5.412440e-01
897 2.958080e-01 1.630360e-01 5.411560e-01
898 2.951880e-01 1.631600e-01 5.416520e-01
899 2.955120e-01 1.631920e-01 5.412960e-01
900 2.951960e-01 1.635440e-01 5.412600e-01
901 2.942800e-01 1.631880e-01 5.425320e-01
902 2.949800e-01 1.625000e-01 5.425200e-01
903 2.948680e-01 1.625720e-01 5.425600e-01
904 2.952920e-01 1.620360e-01 5.426720e-01
905 2.962920e-01 1.616680e-01 5.420400e-01
906 2.966240e-01 1.617400e-01 5.416360e-01
907 2.965800e-01 1.624160e-01 5.410040e-01
908 2.965400e-01 1.626200e-01 5.408400e-01
909 2.958440e-01 1.630960e-01 5.410600e-01
910 2.958960e-01 1.631040e-01 5.410000e-01
911 2.957480e-01 1.630800e-01 5.411720e-01
912 2.950040e-01 1.632480e-01 5.417480e-01
913 2.955920e-01 1.627760e-01 5.416320e-01
914 2.957120e-01 1.630160e-01 5.412720e-01
915 2.964440e-01 1.627920e-01 5.407640e-01
916 2.964200e-01 1.631800e-01 5.404000e-01
917 2.959520e-01 1.636920e-01 5.403560e-01
918 2.955080e-01 1.638640e-01 5.406280e-01
919 2.951880e-01 1.640680e-01 5.407440e-01
920 2.953080e-01 1.631360e-01 5.415560e-01
921 2.951440e-01 1.630800e-01 5.417760e-01
922 2.947040e-01 1.633080e-01 5.419880e-01
923 2.941040e-01 1.637240e-01 5.421720e-01
924 2.940080e-01 1.643520e-01 5.416400e-01
925 2.940320e-01 1.639840e-01 5.419840e-01
926 2.946440e-01 1.640240e-01 5.413320e-01
927 2.945920e-01 1.642200e-01 5.411880e-01
928 2.946000e-01 1.643720e-01 5.410280e-01
929 2.944600e-01 1.639680e-01 5.415720e-01
930 2.940640e-01 1.645760e-01 5.413600e-01
931 2.940400e-01 1.641440e-01 5.418160e-01
932 2.938960e-01 1.643440e-01 5.417600e-01
