1 9.992240e-01 6.960000e-04 8.000000e-05
2 9.985480e-01 1.212000e-03 2.400000e-04
3 9.975960e-01 1.916000e-03 4.880000e-04
4 9.963240e-01 2.856000e-03 8.200000e-04
5 9.947080e-01 3.884000e-03 1.408000e-03
6 9.929480e-01 5.076000e-03 1.976000e-03
7 9.907600e-01 6.352000e-03 2.888000e-03
8 9.884480e-01 7.616000e-03 3.936000e-03
9 9.857960e-01 9.072000e-03 5.132000e-03
10 9.828400e-01 1.070800e-02 6.452000e-03
11 9.791200e-01 1.278400e-02 8.096000e-03
12 9.749200e-01 1.527200e-02 9.808000e-03
13 9.703720e-01 1.764400e-02 1.198400e-02
14 9.655920e-01 1.980400e-02 1.460400e-02
15 9.604280e-01 2.250800e-02 1.706400e-02
16 9.546320e-01 2.515600e-02 2.021200e-02
17 9.486360e-01 2.795600e-02 2.340800e-02
18 9.422400e-01 3.072800e-02 2.703200e-02
19 9.356600e-01 3.372000e-02 3.062000e-02
20 9.281400e-01 3.703600e-02 3.482400e-02
21 9.210240e-01 3.984400e-02 3.913200e-02
22 9.133360e-01 4.292000e-02 4.374400e-02
23 9.055680e-01 4.588400e-02 4.854800e-02
24 8.971480e-01 4.937200e-02 5.348000e-02
25 8.881680e-01 5.298400e-02 5.884800e-02
26 8.792080e-01 5.635600e-02 6.443600e-02
27 8.698720e-01 6.022400e-02 6.990400e-02
28 8.600360e-01 6.397600e-02 7.598800e-02
29 8.502080e-01 6.767200e-02 8.212000e-02
30 8.399760e-01 7.090000e-02 8.912400e-02
31 8.295600e-01 7.502400e-02 9.541600e-02
32 8.190000e-01 7.851200e-02 1.024880e-01
33 8.080400e-01 8.267600e-02 1.092840e-01
34 7.971240e-01 8.613200e-02 1.167440e-01
35 7.859800e-01 9.000400e-02 1.240160e-01
36 7.748960e-01 9.371200e-02 1.313920e-01
37 7.635480e-01 9.692000e-02 1.395320e-01
38 7.529080e-01 9.957200e-02 1.475200e-01
39 7.419000e-01 1.025120e-01 1.555880e-01
40 7.315160e-01 1.048920e-01 1.635920e-01
41 7.203480e-01 1.081000e-01 1.715520e-01
42 7.094360e-01 1.113160e-01 1.792480e-01
43 6.983680e-01 1.144560e-01 1.871760e-01
44 6.875840e-01 1.174440e-01 1.949720e-01
45 6.764760e-01 1.209600e-01 2.025640e-01
46 6.651200e-01 1.241280e-01 2.107520e-01
47 6.545560e-01 1.265040e-01 2.189400e-01
48 6.441040e-01 1.285880e-01 2.273080e-01
49 6.341160e-01 1.314320e-01 2.344520e-01
50 6.238720e-01 1.340680e-01 2.420600e-01
51 6.138800e-01 1.366560e-01 2.494640e-01
52 6.026600e-01 1.395360e-01 2.578040e-01
53 5.924160e-01 1.416240e-01 2.659600e-01
54 5.826600e-01 1.433520e-01 2.739880e-01
55 5.733320e-01 1.452440e-01 2.814240e-01
56 5.640200e-01 1.465600e-01 2.894200e-01
57 5.554000e-01 1.481280e-01 2.964720e-01
58 5.470360e-01 1.496760e-01 3.032880e-01
59 5.379120e-01 1.509040e-01 3.111840e-01
60 5.300200e-01 1.523120e-01 3.176680e-01
61 5.213640e-01 1.536040e-01 3.250320e-01
62 5.124720e-01 1.551080e-01 3.324200e-01
63 5.047960e-01 1.564480e-01 3.387560e-01
64 4.970400e-01 1.575600e-01 3.454000e-01
65 4.893000e-01 1.588800e-01 3.518200e-01
66 4.816240e-01 1.602400e-01 3.581360e-01
67 4.744800e-01 1.610720e-01 3.644480e-01
68 4.672560e-01 1.622800e-01 3.704640e-01
69 4.598120e-01 1.633960e-01 3.767920e-01
70 4.530040e-01 1.641400e-01 3.828560e-01
71 4.467240e-01 1.649360e-01 3.883400e-01
72 4.400640e-01 1.665080e-01 3.934280e-01
73 4.335240e-01 1.675360e-01 3.989400e-01
74 4.271720e-01 1.678360e-01 4.049920e-01
75 4.211040e-01 1.681480e-01 4.107480e-01
76 4.153720e-01 1.686200e-01 4.160080e-01
77 4.096880e-01 1.693480e-01 4.209640e-01
78 4.045400e-01 1.702160e-01 4.252440e-01
79 3.991800e-01 1.710360e-01 4.297840e-01
80 3.935800e-01 1.719920e-01 4.344280e-01
81 3.882880e-01 1.727200e-01 4.389920e-01
82 3.826080e-01 1.738840e-01 4.435080e-01
83 3.768200e-01 1.745160e-01 4.486640e-01
84 3.720680e-01 1.743080e-01 4.536240e-01
85 3.676120e-01 1.744920e-01 4.578960e-01
86 3.635400e-01 1.743320e-01 4.621280e-01
87 3.599840e-01 1.740440e-01 4.659720e-01
88 3.565680e-01 1.738360e-01 4.695960e-01
89 3.527440e-01 1.738720e-01 4.733840e-01
90 3.490960e-01 1.741120e-01 4.767920e-01
91 3.458520e-01 1.742160e-01 4.799320e-01
92 3.433080e-01 1.735640e-01 4.831280e-01
93 3.403480e-01 1.736600e-01 4.859920e-01
94 3.375680e-01 1.737560e-01 4.886760e-01
95 3.349920e-01 1.734160e-01 4.915920e-01
96 3.323240e-01 1.737880e-01 4.938880e-01
97 3.297480e-01 1.732080e-01 4.970440e-01
98 3.274360e-01 1.727560e-01 4.998080e-01
99 3.254080e-01 1.724880e-01 5.021040e-01
100 3.236680e-01 1.720160e-01 5.043160e-01
101 3.214520e-01 1.718800e-01 5.066680e-01
102 3.190920e-01 1.719640e-01 5.089440e-01
103 3.178600e-01 1.716080e-01 5.105320e-01
104 3.161920e-01 1.714040e-01 5.124040e-01
105 3.143400e-01 1.711120e-01 5.145480e-01
106 3.129360e-01 1.707480e-01 5.163160e-01
107 3.123280e-01 1.700000e-01 5.176720e-01
108 3.107560e-01 1.697280e-01 5.195160e-01
109 3.091680e-01 1.699160e-01 5.209160e-01
110 3.077160e-01 1.697440e-01 5.225400e-01
111 3.064400e-01 1.693840e-01 5.241760e-01
112 3.056520e-01 1.691880e-01 5.251600e-01
113 3.049200e-01 1.687240e-01 5.263560e-01
114 3.040560e-01 1.680800e-01 5.278640e-01
115 3.031840e-01 1.679240e-01 5.288920e-01
116 3.023320e-01 1.677200e-01 5.299480e-01
117 3.019640e-01 1.672760e-01 5.307600e-01
118 3.011360e-01 1.675880e-01 5.312760e-01
119 3.007760e-01 1.673280e-01 5.318960e-01
120 2.998880e-01 1.668960e-01 5.332160e-01
121 2.990800e-01 1.668440e-01 5.340760e-01
122 2.984440e-01 1.661720e-01 5.353840e-01
123 2.983760e-01 1.659280e-01 5.356960e-01
124 2.980200e-01 1.657560e-01 5.362240e-01
125 2.977440e-01 1.651880e-01 5.370680e-01
126 2.978480e-01 1.650640e-01 5.370880e-01
127 2.983160e-01 1.645560e-01 5.371280e-01
128 2.982640e-01 1.642560e-01 5.374800e-01
129 2.979880e-01 1.638280e-01 5.381840e-01
130 2.977000e-01 1.634080e-01 5.388920e-01
131 2.983560e-01 1.627720e-01 5.388720e-01
132 2.985400e-01 1.626120e-01 5.388480e-01
133 2.982800e-01 1.631200e-01 5.386000e-01
134 2.979280e-01 1.632280e-01 5.388440e-01
135 2.986080e-01 1.629240e-01 5.384680e-01
136 2.975520e-01 1.632080e-01 5.392400e-01
137 2.974120e-01 1.632960e-01 5.392920e-01
138 2.978640e-01 1.623760e-01 5.397600e-01
139 2.977200e-01 1.628160e-01 5.394640e-01
140 2.979480e-01 1.629120e-01 5.391400e-01
141 2.978000e-01 1.630280e-01 5.391720e-01
142 2.978760e-01 1.633680e-01 5.387560e-01
143 2.981200e-01 1.633400e-01 5.385400e-01
144 2.976360e-01 1.639480e-01 5.384160e-01
145 2.977120e-01 1.636680e-01 5.386200e-01
146 2.979320e-01 1.641960e-01 5.378720e-01
147 2.971000e-01 1.641800e-01 5.387200e-01
148 2.965720e-01 1.644000e-01 5.390280e-01
149 2.956040e-01 1.645000e-01 5.398960e-01
150 2.952640e-01 1.649240e-01 5.398120e-01
151 2.949960e-01 1.643320e-01 5.406720e-01
152 2.947000e-01 1.644720e-01 5.408280e-01
153 2.953800e-01 1.637640e-01 5.408560e-01
154 2.954920e-01 1.635080e-01 5.410000e-01
155 2.957440e-01 1.635560e-01 5.407000e-01
156 2.961080e-01 1.630800e-01 5.408120e-01
157 2.961400e-01 1.626600e-01 5.412000e-01
158 2.964640e-01 1.620640e-01 5.414720e-01
159 2.965040e-01 1.619840e-01 5.415120e-01
160 2.968000e-01 1.619360e-01 5.412640e-01
161 2.973320e-01 1.616640e-01 5.410040e-01
162 2.976120e-01 1.615480e-01 5.408400e-01
163 2.976600e-01 1.616240e-01 5.407160e-01
164 2.978920e-01 1.616040e-01 5.405040e-01
165 2.984120e-01 1.606080e-01 5.409800e-01
166 2.983960e-01 1.607760e-01 5.408280e-01
167 2.987080e-01 1.607880e-01 5.405040e-01
168 2.985280e-01 1.615400e-01 5.399320e-01
169 2.982760e-01 1.617320e-01 5.399920e-01
170 2.987600e-01 1.614480e-01 5.397920e-01
171 2.985520e-01 1.622720e-01 5.391760e-01
172 2.987400e-01 1.617080e-01 5.395520e-01
173 2.991400e-01 1.622760e-01 5.385840e-01
174 2.985440e-01 1.624720e-01 5.389840e-01
175 2.984480e-01 1.626040e-01 5.389480e-01
176 2.987040e-01 1.623480e-01 5.389480e-01
177 2.985200e-01 1.626440e-01 5.388360e-01
178 2.987080e-01 1.624720e-01 5.388200e-01
179 2.983680e-01 1.625480e-01 5.390840e-01
180 2.989240e-01 1.629600e-01 5.381160e-01
181 2.993320e-01 1.630800e-01 5.375880e-01
182 2.992200e-01 1.629520e-01 5.378280e-01
183 2.987200e-01 1.631840e-01 5.380960e-01
184 2.984080e-01 1.631960e-01 5.383960e-01
185 2.984080e-01 1.633720e-01 5.382200e-01
186 2.987480e-01 1.627240e-01 5.385280e-01
187 2.981400e-01 1.633760e-01 5.384840e-01
188 2.986360e-01 1.628800e-01 5.384840e-01
189 2.982160e-01 1.630440e-01 5.387400e-01
190 2.985680e-01 1.630280e-01 5.384040e-01
191 2.979880e-01 1.633640e-01 5.386480e-01
192 2.974240e-01 1.631680e-01 5.394080e-01
193 2.971160e-01 1.627880e-01 5.400960e-01
194 2.970520e-01 1.628560e-01 5.400920e-01
195 2.970600e-01 1.626560e-01 5.402840e-01
196 2.968200e-01 1.626640e-01 5.405160e-01
197 2.966160e-01 1.636520e-01 5.397320e-01
198 2.970000e-01 1.633400e-01 5.396600e-01
199 2.965400e-01 1.635280e-01 5.399320e-01
200 2.965040e-01 1.632880e-01 5.402080e-01
201 2.964760e-01 1.631240e-01 5.404000e-01
202 2.958640e-01 1.631640e-01 5.409720e-01
203 2.961960e-01 1.626920e-01 5.411120e-01
204 2.959040e-01 1.630400e-01 5.410560e-01
205 2.963560e-01 1.630960e-01 5.405480e-01
206 2.964120e-01 1.638280e-01 5.397600e-01
207 2.959920e-01 1.639320e-01 5.400760e-01
208 2.957800e-01 1.640080e-01 5.402120e-01
209 2.961440e-01 1.640520e-01 5.398040e-01
210 2.961560e-01 1.638080e-01 5.400360e-01
211 2.961280e-01 1.642000e-01 5.396720e-01
212 2.963320e-01 1.634680e-01 5.402000e-01
213 2.969760e-01 1.631360e-01 5.398880e-01
214 2.969080e-01 1.634800e-01 5.396120e-01
215 2.965320e-01 1.636600e-01 5.398080e-01
216 2.961880e-01 1.635440e-01 5.402680e-01
217 2.962000e-01 1.631640e-01 5.406360e-01
218 2.960920e-01 1.629320e-01 5.409760e-01
219 2.965080e-01 1.633640e-01 5.401280e-01
220 2.965360e-01 1.631560e-01 5.403080e-01
221 2.967600e-01 1.628520e-01 5.403880e-01
222 2.971520e-01 1.625360e-01 5.403120e-01
223 2.969080e-01 1.625640e-01 5.405280e-01
224 2.968360e-01 1.631760e-01 5.399880e-01
225 2.967200e-01 1.628480e-01 5.404320e-01
226 2.962600e-01 1.630320e-01 5.407080e-01
227 2.957920e-01 1.632920e-01 5.409160e-01
228 2.961960e-01 1.629360e-01 5.408680e-01
229 2.958480e-01 1.631480e-01 5.410040e-01
230 2.962880e-01 1.627960e-01 5.409160e-01
231 2.959240e-01 1.629160e-01 5.411600e-01
232 2.964760e-01 1.622240e-01 5.413000e-01
233 2.960080e-01 1.624320e-01 5.415600e-01
234 2.956680e-01 1.627600e-01 5.415720e-01
235 2.956600e-01 1.627520e-01 5.415880e-01
236 2.957960e-01 1.627240e-01 5.414800e-01
237 2.958800e-01 1.626240e-01 5.414960e-01
238 2.959840e-01 1.623720e-01 5.416440e-01
239 2.958720e-01 1.627800e-01 5.413480e-01
240 2.957800e-01 1.624400e-01 5.417800e-01
241 2.968640e-01 1.619480e-01 5.411880e-01
242 2.965040e-01 1.617680e-01 5.417280e-01
243 2.961120e-01 1.616640e-01 5.422240e-01
244 2.962040e-01 1.611320e-01 5.426640e-01
245 2.971920e-01 1.605960e-01 5.422120e-01
246 2.979560e-01 1.601760e-01 5.418680e-01
247 2.987760e-01 1.600200e-01 5.412040e-01
248 2.989280e-01 1.598240e-01 5.412480e-01
249 2.990640e-01 1.594120e-01 5.415240e-01
250 2.991080e-01 1.598480e-01 5.410440e-01
251 2.999720e-01 1.596800e-01 5.403480e-01
252 3.003880e-01 1.593560e-01 5.402560e-01
253 3.003320e-01 1.595960e-01 5.400720e-01
254 3.008200e-01 1.597960e-01 5.393840e-01
255 3.011320e-01 1.601240e-01 5.387440e-01
256 3.011360e-01 1.602920e-01 5.385720e-01
257 3.008720e-01 1.612080e-01 5.379200e-01
258 3.004160e-01 1.615960e-01 5.379880e-01
259 3.007560e-01 1.609840e-01 5.382600e-01
260 3.007520e-01 1.610040e-01 5.382440e-01
261 3.010920e-01 1.607200e-01 5.381880e-01
262 3.007040e-01 1.609840e-01 5.383120e-01
263 3.009960e-01 1.609360e-01 5.380680e-01
264 3.010640e-01 1.605480e-01 5.383880e-01
265 3.012120e-01 1.607440e-01 5.380440e-01
266 3.016320e-01 1.604880e-01 5.378800e-01
267 3.010800e-01 1.606440e-01 5.382760e-01
268 3.014280e-01 1.603720e-01 5.382000e-01
269 3.020480e-01 1.607480e-01 5.372040e-01
270 3.022080e-01 1.601760e-01 5.376160e-01
271 3.021400e-01 1.606080e-01 5.372520e-01
272 3.018040e-01 1.608200e-01 5.373760e-01
273 3.017360e-01 1.607000e-01 5.375640e-01
274 3.017440e-01 1.602640e-01 5.379920e-01
275 3.020000e-01 1.602600e-01 5.377400e-01
276 3.016200e-01 1.610440e-01 5.373360e-01
277 3.016040e-01 1.613320e-01 5.370640e-01
278 3.011400e-01 1.620560e-01 5.368040e-01
279 3.011480e-01 1.616080e-01 5.372440e-01
280 3.007000e-01 1.616200e-01 5.376800e-01
281 3.001680e-01 1.622720e-01 5.375600e-01
282 2.999240e-01 1.629280e-01 5.371480e-01
283 2.993240e-01 1.631480e-01 5.375280e-01
284 2.985680e-01 1.640400e-01 5.373920e-01
285 2.978560e-01 1.642120e-01 5.379320e-01
286 2.976960e-01 1.648120e-01 5.374920e-01
287 2.978080e-01 1.643880e-01 5.378040e-01
288 2.973080e-01 1.644560e-01 5.382360e-01
289 2.976560e-01 1.641880e-01 5.381560e-01
290 2.980960e-01 1.638480e-01 5.380560e-01
291 2.974680e-01 1.644360e-01 5.380960e-01
292 2.974200e-01 1.638080e-01 5.387720e-01
293 2.968760e-01 1.637680e-01 5.393560e-01
294 2.975880e-01 1.627800e-01 5.396320e-01
295 2.972920e-01 1.626920e-01 5.400160e-01
296 2.968680e-01 1.627000e-01 5.404320e-01
297 2.970160e-01 1.629800e-01 5.400040e-01
298 2.968200e-01 1.626560e-01 5.405240e-01
299 2.969880e-01 1.623520e-01 5.406600e-01
300 2.975560e-01 1.620440e-01 5.404000e-01
301 2.978040e-01 1.620240e-01 5.401720e-01
302 2.978920e-01 1.619800e-01 5.401280e-01
303 2.977800e-01 1.622760e-01 5.399440e-01
304 2.980440e-01 1.622520e-01 5.397040e-01
305 2.976400e-01 1.627320e-01 5.396280e-01
306 2.977560e-01 1.627520e-01 5.394920e-01
307 2.977000e-01 1.622800e-01 5.400200e-01
308 2.977920e-01 1.619720e-01 5.402360e-01
309 2.979320e-01 1.614840e-01 5.405840e-01
310 2.980720e-01 1.614560e-01 5.404720e-01
311 2.977480e-01 1.624160e-01 5.398360e-01
312 2.978720e-01 1.622640e-01 5.398640e-01
313 2.972080e-01 1.625240e-01 5.402680e-01
314 2.967800e-01 1.630000e-01 5.402200e-01
315 2.965200e-01 1.625560e-01 5.409240e-01
316 2.965200e-01 1.622920e-01 5.411880e-01
317 2.963880e-01 1.621440e-01 5.414680e-01
318 2.964560e-01 1.616040e-01 5.419400e-01
319 2.969120e-01 1.616960e-01 5.413920e-01
320 2.970560e-01 1.616840e-01 5.412600e-01
321 2.973600e-01 1.619520e-01 5.406880e-01
322 2.974400e-01 1.617320e-01 5.408280e-01
323 2.971960e-01 1.622960e-01 5.405080e-01
324 2.972240e-01 1.617880e-01 5.409880e-01
325 2.978200e-01 1.611320e-01 5.410480e-01
326 2.974840e-01 1.609800e-01 5.415360e-01
327 2.977720e-01 1.606800e-01 5.415480e-01
328 2.977920e-01 1.612280e-01 5.409800e-01
329 2.980760e-01 1.614120e-01 5.405120e-01
330 2.977080e-01 1.616280e-01 5.406640e-01
331 2.977720e-01 1.619640e-01 5.402640e-01
332 2.977480e-01 1.628000e-01 5.394520e-01
333 2.978000e-01 1.621680e-01 5.400320e-01
334 2.977720e-01 1.620320e-01 5.401960e-01
335 2.973960e-01 1.619160e-01 5.406880e-01
336 2.972360e-01 1.611800e-01 5.415840e-01
337 2.969720e-01 1.617320e-01 5.412960e-01
338 2.974600e-01 1.613640e-01 5.411760e-01
339 2.974920e-01 1.620320e-01 5.404760e-01
340 2.976400e-01 1.618040e-01 5.405560e-01
341 2.974960e-01 1.615560e-01 5.409480e-01
342 2.974600e-01 1.618200e-01 5.407200e-01
343 2.979080e-01 1.617360e-01 5.403560e-01
344 2.980040e-01 1.615160e-01 5.404800e-01
345 2.978360e-01 1.615640e-01 5.406000e-01
346 2.983760e-01 1.616120e-01 5.400120e-01
347 2.988000e-01 1.612800e-01 5.399200e-01
348 2.989640e-01 1.608120e-01 5.402240e-01
349 2.991880e-01 1.602120e-01 5.406000e-01
350 2.994840e-01 1.596280e-01 5.408880e-01
351 2.999200e-01 1.592040e-01 5.408760e-01
352 3.006040e-01 1.584160e-01 5.409800e-01
353 3.017600e-01 1.581840e-01 5.400560e-01
354 3.014040e-01 1.588400e-01 5.397560e-01
355 3.017400e-01 1.594880e-01 5.387720e-01
356 3.022520e-01 1.595680e-01 5.381800e-01
357 3.021440e-01 1.602160e-01 5.376400e-01
358 3.025640e-01 1.604480e-01 5.369880e-01
359 3.026640e-01 1.606400e-01 5.366960e-01
360 3.026760e-01 1.609800e-01 5.363440e-01
361 3.025560e-01 1.613280e-01 5.361160e-01
362 3.029080e-01 1.609480e-01 5.361440e-01
363 3.036000e-01 1.606000e-01 5.358000e-01
364 3.037680e-01 1.605800e-01 5.356520e-01
365 3.031840e-01 1.608800e-01 5.359360e-01
366 3.035560e-01 1.609840e-01 5.354600e-01
367 3.026400e-01 1.614080e-01 5.359520e-01
368 3.023480e-01 1.618000e-01 5.358520e-01
369 3.021720e-01 1.622600e-01 5.355680e-01
370 3.013120e-01 1.630120e-01 5.356760e-01
371 3.003040e-01 1.636880e-01 5.360080e-01
372 3.000320e-01 1.637280e-01 5.362400e-01
373 2.999000e-01 1.638680e-01 5.362320e-01
374 2.991320e-01 1.641200e-01 5.367480e-01
375 2.988640e-01 1.643080e-01 5.368280e-01
376 2.986120e-01 1.640840e-01 5.373040e-01
377 2.987880e-01 1.630080e-01 5.382040e-01
378 2.983640e-01 1.632120e-01 5.384240e-01
379 2.984760e-01 1.633440e-01 5.381800e-01
380 2.977640e-01 1.633760e-01 5.388600e-01
381 2.977560e-01 1.635920e-01 5.386520e-01
382 2.969920e-01 1.639160e-01 5.390920e-01
383 2.962440e-01 1.644840e-01 5.392720e-01
384 2.960480e-01 1.645680e-01 5.393840e-01
385 2.952440e-01 1.647320e-01 5.400240e-01
386 2.955920e-01 1.639840e-01 5.404240e-01
387 2.952560e-01 1.643800e-01 5.403640e-01
388 2.952720e-01 1.639000e-01 5.408280e-01
389 2.952720e-01 1.638520e-01 5.408760e-01
390 2.946920e-01 1.637000e-01 5.416080e-01
391 2.942640e-01 1.638240e-01 5.419120e-01
392 2.944640e-01 1.635960e-01 5.419400e-01
393 2.948240e-01 1.629320e-01 5.422440e-01
394 2.954200e-01 1.623240e-01 5.422560e-01
395 2.953920e-01 1.626760e-01 5.419320e-01
396 2.953080e-01 1.620360e-01 5.426560e-01
397 2.959680e-01 1.618160e-01 5.422160e-01
398 2.960840e-01 1.617040e-01 5.422120e-01
399 2.964520e-01 1.615440e-01 5.420040e-01
400 2.966200e-01 1.613200e-01 5.420600e-01
401 2.971680e-01 1.611200e-01 5.417120e-01
402 2.969560e-01 1.618280e-01 5.412160e-01
403 2.974800e-01 1.613840e-01 5.411360e-01
404 2.982200e-01 1.607120e-01 5.410680e-01
405 2.988840e-01 1.599840e-01 5.411320e-01
406 2.986000e-01 1.599880e-01 5.414120e-01
407 2.989320e-01 1.599400e-01 5.411280e-01
408 2.992040e-01 1.595280e-01 5.412680e-01
409 2.996520e-01 1.594360e-01 5.409120e-01
410 3.002240e-01 1.595400e-01 5.402360e-01
411 3.006560e-01 1.599440e-01 5.394000e-01
412 3.005480e-01 1.602280e-01 5.392240e-01
413 2.995840e-01 1.604480e-01 5.399680e-01
414 2.988160e-01 1.609480e-01 5.402360e-01
415 2.986800e-01 1.612600e-01 5.400600e-01
416 2.988000e-01 1.610920e-01 5.401080e-01
417 2.984360e-01 1.611440e-01 5.404200e-01
418 2.985680e-01 1.607600e-01 5.406720e-01
419 2.986600e-01 1.616200e-01 5.397200e-01
420 2.988920e-01 1.621320e-01 5.389760e-01
421 2.987960e-01 1.621960e-01 5.390080e-01
422 2.980320e-01 1.630640e-01 5.389040e-01
423 2.980960e-01 1.630440e-01 5.388600e-01
424 2.981800e-01 1.633160e-01 5.385040e-01
425 2.977880e-01 1.634360e-01 5.387760e-01
426 2.975320e-01 1.637840e-01 5.386840e-01
427 2.967440e-01 1.649720e-01 5.382840e-01
428 2.959000e-01 1.652440e-01 5.388560e-01
429 2.954960e-01 1.657680e-01 5.387360e-01
430 2.954120e-01 1.652080e-01 5.393800e-01
431 2.955680e-01 1.647280e-01 5.397040e-01
432 2.960080e-01 1.640840e-01 5.399080e-01
433 2.955000e-01 1.644640e-01 5.400360e-01
434 2.952640e-01 1.642880e-01 5.404480e-01
435 2.945240e-01 1.646640e-01 5.408120e-01
436 2.946440e-01 1.648200e-01 5.405360e-01
437 2.937320e-01 1.651200e-01 5.411480e-01
438 2.939800e-01 1.648840e-01 5.411360e-01
439 2.941640e-01 1.647080e-01 5.411280e-01
440 2.938600e-01 1.648280e-01 5.413120e-01
441 2.936600e-01 1.649120e-01 5.414280e-01
442 2.942840e-01 1.641760e-01 5.415400e-01
443 2.943480e-01 1.638640e-01 5.417880e-01
444 2.942640e-01 1.637600e-01 5.419760e-01
445 2.942840e-01 1.642120e-01 5.415040e-01
446 2.938680e-01 1.643440e-01 5.417880e-01
447 2.949000e-01 1.633040e-01 5.417960e-01
448 2.950040e-01 1.630480e-01 5.419480e-01
449 2.950760e-01 1.630200e-01 5.419040e-01
450 2.951720e-01 1.623480e-01 5.424800e-01
451 2.948200e-01 1.628800e-01 5.423000e-01
452 2.951640e-01 1.625960e-01 5.422400e-01
453 2.952480e-01 1.627760e-01 5.419760e-01
454 2.957120e-01 1.624280e-01 5.418600e-01
455 2.953200e-01 1.625360e-01 5.421440e-01
456 2.952160e-01 1.625960e-01 5.421880e-01
457 2.950520e-01 1.627760e-01 5.421720e-01
458 2.950520e-01 1.630560e-01 5.418920e-01
459 2.952200e-01 1.631840e-01 5.415960e-01
460 2.947240e-01 1.636640e-01 5.416120e-01
461 2.950800e-01 1.629360e-01 5.419840e-01
462 2.950960e-01 1.626520e-01 5.422520e-01
463 2.949320e-01 1.625120e-01 5.425560e-01
464 2.941320e-01 1.630320e-01 5.428360e-01
465 2.937920e-01 1.633520e-01 5.428560e-01
466 2.938000e-01 1.633920e-01 5.428080e-01
467 2.946560e-01 1.631920e-01 5.421520e-01
468 2.947760e-01 1.630920e-01 5.421320e-01
469 2.950680e-01 1.629640e-01 5.419680e-01
470 2.958360e-01 1.631800e-01 5.409840e-01
471 2.964440e-01 1.625120e-01 5.410440e-01
472 2.965000e-01 1.626920e-01 5.408080e-01
473 2.965560e-01 1.625720e-01 5.408720e-01
474 2.971200e-01 1.625120e-01 5.403680e-01
475 2.966200e-01 1.627080e-01 5.406720e-01
476 2.967800e-01 1.617320e-01 5.414880e-01
477 2.970400e-01 1.615280e-01 5.414320e-01
478 2.971480e-01 1.617240e-01 5.411280e-01
479 2.969000e-01 1.616720e-01 5.414280e-01
480 2.969800e-01 1.616520e-01 5.413680e-01
481 2.972120e-01 1.618680e-01 5.409200e-01
482 2.970960e-01 1.616240e-01 5.412800e-01
483 2.970280e-01 1.612840e-01 5.416880e-01
484 2.973520e-01 1.614760e-01 5.411720e-01
485 2.970760e-01 1.619240e-01 5.410000e-01
486 2.975560e-01 1.622280e-01 5.402160e-01
487 2.978240e-01 1.615320e-01 5.406440e-01
488 2.977440e-01 1.617080e-01 5.405480e-01
489 2.977800e-01 1.615880e-01 5.406320e-01
490 2.980560e-01 1.609040e-01 5.410400e-01
491 2.980800e-01 1.608400e-01 5.410800e-01
492 2.978080e-01 1.611280e-01 5.410640e-01
493 2.981760e-01 1.607560e-01 5.410680e-01
494 2.984000e-01 1.604960e-01 5.411040e-01
495 2.990480e-01 1.600360e-01 5.409160e-01
496 2.993240e-01 1.598280e-01 5.408480e-01
497 2.998560e-01 1.596280e-01 5.405160e-01
498 3.003120e-01 1.596080e-01 5.400800e-01
499 3.003640e-01 1.600440e-01 5.395920e-01
500 2.994240e-01 1.612760e-01 5.393000e-01
501 2.990680e-01 1.614520e-01 5.394800e-01
502 2.995160e-01 1.612640e-01 5.392200e-01
503 2.992000e-01 1.612800e-01 5.395200e-01
504 2.990120e-01 1.610120e-01 5.399760e-01
505 2.990320e-01 1.609080e-01 5.400600e-01
506 2.988680e-01 1.615440e-01 5.395880e-01
507 2.993680e-01 1.610640e-01 5.395680e-01
508 2.988840e-01 1.613520e-01 5.397640e-01
509 2.987880e-01 1.616720e-01 5.395400e-01
510 2.984560e-01 1.625920e-01 5.389520e-01
511 2.982280e-01 1.625040e-01 5.392680e-01
512 2.980680e-01 1.627200e-01 5.392120e-01
513 2.982080e-01 1.631160e-01 5.386760e-01
514 2.983880e-01 1.636000e-01 5.380120e-01
515 2.981960e-01 1.635040e-01 5.383000e-01
516 2.987880e-01 1.630800e-01 5.381320e-01
517 2.982240e-01 1.628960e-01 5.388800e-01
518 2.982920e-01 1.630600e-01 5.386480e-01
519 2.984320e-01 1.626840e-01 5.388840e-01
520 2.985760e-01 1.622640e-01 5.391600e-01
521 2.987480e-01 1.627600e-01 5.384920e-01
522 2.986640e-01 1.631880e-01 5.381480e-01
523 2.990320e-01 1.627960e-01 5.381720e-01
524 2.991800e-01 1.627320e-01 5.380880e-01
525 2.986160e-01 1.633200e-01 5.380640e-01
526 2.983040e-01 1.633360e-01 5.383600e-01
527 2.981080e-01 1.632280e-01 5.386640e-01
528 2.979440e-01 1.636280e-01 5.384280e-01
529 2.983040e-01 1.632120e-01 5.384840e-01
530 2.977720e-01 1.630280e-01 5.392000e-01
531 2.974360e-01 1.631200e-01 5.394440e-01
532 2.970080e-01 1.634840e-01 5.395080e-01
533 2.970840e-01 1.638920e-01 5.390240e-01
534 2.966160e-01 1.639840e-01 5.394000e-01
535 2.967000e-01 1.648080e-01 5.384920e-01
536 2.964400e-01 1.650400e-01 5.385200e-01
537 2.958800e-01 1.659560e-01 5.381640e-01
538 2.958200e-01 1.662720e-01 5.379080e-01
539 2.960640e-01 1.654640e-01 5.384720e-01
540 2.961960e-01 1.649080e-01 5.388960e-01
541 2.960640e-01 1.647840e-01 5.391520e-01
542 2.961840e-01 1.647800e-01 5.390360e-01
543 2.960640e-01 1.638640e-01 5.400720e-01
544 2.964680e-01 1.628840e-01 5.406480e-01
545 2.965920e-01 1.630040e-01 5.404040e-01
546 2.968200e-01 1.628280e-01 5.403520e-01
547 2.966880e-01 1.624760e-01 5.408360e-01
548 2.966080e-01 1.627480e-01 5.406440e-01
549 2.969880e-01 1.625800e-01 5.404320e-01
550 2.971120e-01 1.632640e-01 5.396240e-01
551 2.972040e-01 1.630680e-01 5.397280e-01
552 2.974520e-01 1.627360e-01 5.398120e-01
553 2.977680e-01 1.624000e-01 5.398320e-01
554 2.976880e-01 1.621800e-01 5.401320e-01
555 2.976120e-01 1.624160e-01 5.399720e-01
556 2.978840e-01 1.621400e-01 5.399760e-01
557 2.977240e-01 1.620920e-01 5.401840e-01
558 2.977920e-01 1.623040e-01 5.399040e-01
559 2.975680e-01 1.624160e-01 5.400160e-01
560 2.975040e-01 1.620920e-01 5.404040e-01
561 2.975360e-01 1.616520e-01 5.408120e-01
562 2.975280e-01 1.614200e-01 5.410520e-01
563 2.978080e-01 1.612440e-01 5.409480e-01
564 2.981760e-01 1.616720e-01 5.401520e-01
565 2.977880e-01 1.616560e-01 5.405560e-01
566 2.978760e-01 1.617720e-01 5.403520e-01
567 2.977000e-01 1.621080e-01 5.401920e-01
568 2.981680e-01 1.617240e-01 5.401080e-01
569 2.978960e-01 1.624360e-01 5.396680e-01
570 2.981240e-01 1.623520e-01 5.395240e-01
571 2.975240e-01 1.626720e-01 5.398040e-01
572 2.972760e-01 1.630600e-01 5.396640e-01
573 2.974560e-01 1.627440e-01 5.398000e-01
574 2.976520e-01 1.632760e-01 5.390720e-01
575 2.976560e-01 1.637360e-01 5.386080e-01
576 2.977040e-01 1.639840e-01 5.383120e-01
577 2.983560e-01 1.631760e-01 5.384680e-01
578 2.983520e-01 1.635200e-01 5.381280e-01
579 2.980560e-01 1.634800e-01 5.384640e-01
580 2.974240e-01 1.641760e-01 5.384000e-01
581 2.973240e-01 1.640760e-01 5.386000e-01
582 2.968840e-01 1.639080e-01 5.392080e-01
583 2.970440e-01 1.642360e-01 5.387200e-01
584 2.967680e-01 1.641640e-01 5.390680e-01
585 2.969440e-01 1.640680e-01 5.389880e-01
586 2.960960e-01 1.643200e-01 5.395840e-01
587 2.959000e-01 1.639800e-01 5.401200e-01
588 2.959400e-01 1.638960e-01 5.401640e-01
589 2.963000e-01 1.637000e-01 5.400000e-01
590 2.965720e-01 1.632600e-01 5.401680e-01
591 2.968200e-01 1.632960e-01 5.398840e-01
592 2.969640e-01 1.625680e-01 5.404680e-01
593 2.978480e-01 1.622080e-01 5.399440e-01
594 2.978720e-01 1.623000e-01 5.398280e-01
595 2.979680e-01 1.627000e-01 5.393320e-01
596 2.976280e-01 1.627600e-01 5.396120e-01
597 2.972520e-01 1.630280e-01 5.397200e-01
598 2.964640e-01 1.633440e-01 5.401920e-01
599 2.963600e-01 1.636240e-01 5.400160e-01
600 2.966160e-01 1.634720e-01 5.399120e-01
601 2.963480e-01 1.632520e-01 5.404000e-01
602 2.967760e-01 1.626480e-01 5.405760e-01
603 2.967600e-01 1.629560e-01 5.402840e-01
604 2.965200e-01 1.630720e-01 5.404080e-01
605 2.963040e-01 1.632720e-01 5.404240e-01
606 2.973640e-01 1.627640e-01 5.398720e-01
607 2.980160e-01 1.627600e-01 5.392240e-01
608 2.982280e-01 1.626160e-01 5.391560e-01
609 2.976360e-01 1.628560e-01 5.395080e-01
610 2.975000e-01 1.633560e-01 5.391440e-01
611 2.980000e-01 1.630640e-01 5.389360e-01
612 2.979920e-01 1.630560e-01 5.389520e-01
613 2.977360e-01 1.637120e-01 5.385520e-01
614 2.972840e-01 1.639000e-01 5.388160e-01
615 2.970480e-01 1.647360e-01 5.382160e-01
616 2.967080e-01 1.644960e-01 5.387960e-01
617 2.966400e-01 1.640400e-01 5.393200e-01
618 2.968080e-01 1.636520e-01 5.395400e-01
619 2.968320e-01 1.630720e-01 5.400960e-01
620 2.963960e-01 1.635000e-01 5.401040e-01
621 2.964080e-01 1.631520e-01 5.404400e-01
622 2.966120e-01 1.628560e-01 5.405320e-01
623 2.958360e-01 1.629240e-01 5.412400e-01
624 2.955240e-01 1.634560e-01 5.410200e-01
625 2.954200e-01 1.632960e-01 5.412840e-01
626 2.962320e-01 1.625720e-01 5.411960e-01
627 2.971360e-01 1.618840e-01 5.409800e-01
628 2.972880e-01 1.618560e-01 5.408560e-01
629 2.974400e-01 1.619040e-01 5.406560e-01
630 2.975080e-01 1.620400e-01 5.404520e-01
631 2.976960e-01 1.619440e-01 5.403600e-01
632 2.972560e-01 1.620200e-01 5.407240e-01
633 2.974000e-01 1.623320e-01 5.402680e-01
634 2.975760e-01 1.627080e-01 5.397160e-01
635 2.976680e-01 1.629040e-01 5.394280e-01
636 2.971760e-01 1.633120e-01 5.395120e-01
637 2.967320e-01 1.641240e-01 5.391440e-01
638 2.958680e-01 1.644600e-01 5.396720e-01
639 2.957520e-01 1.650000e-01 5.392480e-01
640 2.953880e-01 1.647840e-01 5.398280e-01
641 2.953160e-01 1.643840e-01 5.403000e-01
642 2.955160e-01 1.638280e-01 5.406560e-01
643 2.953560e-01 1.641240e-01 5.405200e-01
644 2.957520e-01 1.641360e-01 5.401120e-01
645 2.960400e-01 1.641360e-01 5.398240e-01
646 2.965800e-01 1.639360e-01 5.394840e-01
647 2.964840e-01 1.637920e-01 5.397240e-01
648 2.964560e-01 1.633400e-01 5.402040e-01
649 2.959920e-01 1.634080e-01 5.406000e-01
650 2.959680e-01 1.633560e-01 5.406760e-01
651 2.951200e-01 1.638160e-01 5.410640e-01
652 2.949400e-01 1.639560e-01 5.411040e-01
653 2.955640e-01 1.632720e-01 5.411640e-01
654 2.950840e-01 1.630600e-01 5.418560e-01
655 2.956960e-01 1.623720e-01 5.419320e-01
656 2.965920e-01 1.616200e-01 5.417880e-01
657 2.968480e-01 1.618520e-01 5.413000e-01
658 2.967400e-01 1.620760e-01 5.411840e-01
659 2.967040e-01 1.622840e-01 5.410120e-01
660 2.964000e-01 1.627960e-01 5.408040e-01
661 2.964680e-01 1.625560e-01 5.409760e-01
662 2.970960e-01 1.624440e-01 5.404600e-01
663 2.977120e-01 1.627760e-01 5.395120e-01
664 2.971160e-01 1.628560e-01 5.400280e-01
665 2.971640e-01 1.630880e-01 5.397480e-01
666 2.981600e-01 1.624400e-01 5.394000e-01
667 2.978200e-01 1.626920e-01 5.394880e-01
668 2.974680e-01 1.626640e-01 5.398680e-01
669 2.982560e-01 1.623120e-01 5.394320e-01
670 2.976440e-01 1.630600e-01 5.392960e-01
671 2.978840e-01 1.627920e-01 5.393240e-01
672 2.972280e-01 1.635080e-01 5.392640e-01
673 2.968760e-01 1.633120e-01 5.398120e-01
674 2.968400e-01 1.633560e-01 5.398040e-01
675 2.969320e-01 1.629400e-01 5.401280e-01
676 2.971200e-01 1.627880e-01 5.400920e-01
677 2.971520e-01 1.626640e-01 5.401840e-01
678 2.971920e-01 1.623800e-01 5.404280e-01
679 2.965240e-01 1.630560e-01 5.404200e-01
680 2.957000e-01 1.635600e-01 5.407400e-01
681 2.958520e-01 1.633400e-01 5.408080e-01
682 2.954720e-01 1.634840e-01 5.410440e-01
683 2.944760e-01 1.643640e-01 5.411600e-01
684 2.942640e-01 1.641080e-01 5.416280e-01
685 2.940280e-01 1.638280e-01 5.421440e-01
686 2.943160e-01 1.638480e-01 5.418360e-01
687 2.944280e-01 1.641480e-01 5.414240e-01
688 2.942280e-01 1.640280e-01 5.417440e-01
689 2.944160e-01 1.645240e-01 5.410600e-01
690 2.948880e-01 1.636480e-01 5.414640e-01
691 2.951640e-01 1.638400e-01 5.409960e-01
692 2.948240e-01 1.638160e-01 5.413600e-01
693 2.951880e-01 1.633040e-01 5.415080e-01
694 2.949000e-01 1.639560e-01 5.411440e-01
695 2.949880e-01 1.636320e-01 5.413800e-01
696 2.949160e-01 1.638520e-01 5.412320e-01
697 2.947760e-01 1.638440e-01 5.413800e-01
698 2.947680e-01 1.641600e-01 5.410720e-01
699 2.947880e-01 1.639480e-01 5.412640e-01
700 2.952240e-01 1.634240e-01 5.413520e-01
701 2.952000e-01 1.633280e-01 5.414720e-01
702 2.949880e-01 1.633560e-01 5.416560e-01
703 2.947280e-01 1.634320e-01 5.418400e-01
704 2.944520e-01 1.639440e-01 5.416040e-01
705 2.945280e-01 1.633960e-01 5.420760e-01
706 2.948960e-01 1.630760e-01 5.420280e-01
707 2.947200e-01 1.634000e-01 5.418800e-01
708 2.952360e-01 1.628400e-01 5.419240e-01
709 2.949720e-01 1.625760e-01 5.424520e-01
710 2.947880e-01 1.626760e-01 5.425360e-01
711 2.951040e-01 1.623680e-01 5.425280e-01
712 2.958360e-01 1.618360e-01 5.423280e-01
713 2.961720e-01 1.619840e-01 5.418440e-01
714 2.968720e-01 1.614160e-01 5.417120e-01
715 2.967280e-01 1.612000e-01 5.420720e-01
716 2.968520e-01 1.611240e-01 5.420240e-01
717 2.980800e-01 1.604720e-01 5.414480e-01
718 2.984960e-01 1.601160e-01 5.413880e-01
719 2.982320e-01 1.607440e-01 5.410240e-01
720 2.986560e-01 1.611440e-01 5.402000e-01
721 2.992680e-01 1.609320e-01 5.398000e-01
722 2.992160e-01 1.611280e-01 5.396560e-01
723 2.992280e-01 1.614200e-01 5.393520e-01
724 2.990760e-01 1.620520e-01 5.388720e-01
725 2.988360e-01 1.623160e-01 5.388480e-01
726 2.988680e-01 1.620840e-01 5.390480e-01
727 2.987320e-01 1.619160e-01 5.393520e-01
728 2.985920e-01 1.620040e-01 5.394040e-01
729 2.989640e-01 1.613120e-01 5.397240e-01
730 2.988920e-01 1.618560e-01 5.392520e-01
731 2.992400e-01 1.613880e-01 5.393720e-01
732 2.989960e-01 1.613000e-01 5.397040e-01
733 2.984480e-01 1.617720e-01 5.397800e-01
734 2.983360e-01 1.618400e-01 5.398240e-01
735 2.986440e-01 1.615480e-01 5.398080e-01
736 2.983600e-01 1.615000e-01 5.401400e-01
737 2.984240e-01 1.612680e-01 5.403080e-01
738 2.981160e-01 1.616240e-01 5.402600e-01
739 2.984760e-01 1.616400e-01 5.398840e-01
740 2.991200e-01 1.612920e-01 5.395880e-01
741 2.990160e-01 1.618760e-01 5.391080e-01
742 2.990760e-01 1.616400e-01 5.392840e-01
743 2.994400e-01 1.614920e-01 5.390680e-01
744 2.994280e-01 1.620600e-01 5.385120e-01
745 2.987680e-01 1.623120e-01 5.389200e-01
746 2.984560e-01 1.622360e-01 5.393080e-01
747 2.986480e-01 1.620120e-01 5.393400e-01
748 2.990600e-01 1.615720e-01 5.393680e-01
749 2.992960e-01 1.613480e-01 5.393560e-01
750 2.985200e-01 1.617000e-01 5.397800e-01
751 2.981560e-01 1.616200e-01 5.402240e-01
752 2.982840e-01 1.622160e-01 5.395000e-01
753 2.985040e-01 1.624120e-01 5.390840e-01
754 2.991760e-01 1.615680e-01 5.392560e-01
755 2.989120e-01 1.615120e-01 5.395760e-01
756 2.985280e-01 1.616280e-01 5.398440e-01
757 2.991960e-01 1.609400e-01 5.398640e-01
758 2.987400e-01 1.617240e-01 5.395360e-01
759 2.989480e-01 1.613760e-01 5.396760e-01
760 2.987440e-01 1.616440e-01 5.396120e-01
761 2.983920e-01 1.619440e-01 5.396640e-01
762 2.985560e-01 1.618840e-01 5.395600e-01
763 2.978680e-01 1.626080e-01 5.395240e-01
764 2.980760e-01 1.623840e-01 5.395400e-01
765 2.978920e-01 1.624480e-01 5.396600e-01
766 2.981760e-01 1.621960e-01 5.396280e-01
767 2.979760e-01 1.623960e-01 5.396280e-01
768 2.974120e-01 1.634400e-01 5.391480e-01
769 2.970080e-01 1.634080e-01 5.395840e-01
770 2.962760e-01 1.634040e-01 5.403200e-01
771 2.958960e-01 1.634640e-01 5.406400e-01
772 2.958680e-01 1.637840e-01 5.403480e-01
773 2.964600e-01 1.628200e-01 5.407200e-01
774 2.964280e-01 1.629160e-01 5.406560e-01
775 2.960280e-01 1.620880e-01 5.418840e-01
776 2.956920e-01 1.624600e-01 5.418480e-01
777 2.953720e-01 1.621480e-01 5.424800e-01
778 2.956680e-01 1.621440e-01 5.421880e-01
779 2.962120e-01 1.621400e-01 5.416480e-01
780 2.970560e-01 1.619080e-01 5.410360e-01
781 2.972600e-01 1.616080e-01 5.411320e-01
782 2.971520e-01 1.623280e-01 5.405200e-01
783 2.976960e-01 1.623640e-01 5.399400e-01
784 2.976160e-01 1.621920e-01 5.401920e-01
785 2.974600e-01 1.621040e-01 5.404360e-01
786 2.973000e-01 1.622360e-01 5.404640e-01
787 2.970600e-01 1.620560e-01 5.408840e-01
788 2.973560e-01 1.617680e-01 5.408760e-01
789 2.970360e-01 1.621000e-01 5.408640e-01
790 2.968000e-01 1.624400e-01 5.407600e-01
791 2.969600e-01 1.624400e-01 5.406000e-01
792 2.967080e-01 1.624840e-01 5.408080e-01
793 2.971640e-01 1.620640e-01 5.407720e-01
794 2.971880e-01 1.621160e-01 5.406960e-01
795 2.970040e-01 1.624080e-01 5.405880e-01
796 2.968480e-01 1.625720e-01 5.405800e-01
797 2.969640e-01 1.620080e-01 5.410280e-01
798 2.972560e-01 1.620440e-01 5.407000e-01
799 2.976880e-01 1.620680e-01 5.402440e-01
800 2.978760e-01 1.621560e-01 5.399680e-01
801 2.985280e-01 1.618120e-01 5.396600e-01
802 2.980560e-01 1.626280e-01 5.393160e-01
803 2.976240e-01 1.634400e-01 5.389360e-01
804 2.976520e-01 1.638280e-01 5.385200e-01
805 2.981600e-01 1.638280e-01 5.380120e-01
806 2.980800e-01 1.645800e-01 5.373400e-01
807 2.972960e-01 1.646440e-01 5.380600e-01
808 2.969000e-01 1.646320e-01 5.384680e-01
809 2.964760e-01 1.649400e-01 5.385840e-01
810 2.964600e-01 1.645280e-01 5.390120e-01
811 2.969120e-01 1.647000e-01 5.383880e-01
812 2.972200e-01 1.638560e-01 5.389240e-01
813 2.968160e-01 1.641760e-01 5.390080e-01
814 2.969280e-01 1.635000e-01 5.395720e-01
815 2.966720e-01 1.630200e-01 5.403080e-01
816 2.964240e-01 1.623480e-01 5.412280e-01
817 2.961600e-01 1.624960e-01 5.413440e-01
818 2.970800e-01 1.623320e-01 5.405880e-01
819 2.967080e-01 1.627040e-01 5.405880e-01
820 2.972760e-01 1.625360e-01 5.401880e-01
821 2.972360e-01 1.625640e-01 5.402000e-01
822 2.973120e-01 1.623040e-01 5.403840e-01
823 2.972160e-01 1.619280e-01 5.408560e-01
824 2.969440e-01 1.628400e-01 5.402160e-01
825 2.966920e-01 1.633240e-01 5.399840e-01
826 2.959480e-01 1.639200e-01 5.401320e-01
827 2.961160e-01 1.635400e-01 5.403440e-01
828 2.962280e-01 1.636760e-01 5.400960e-01
829 2.960760e-01 1.636240e-01 5.403000e-01
830 2.961520e-01 1.633600e-01 5.404880e-01
831 2.959720e-01 1.630720e-01 5.409560e-01
832 2.958360e-01 1.630520e-01 5.411120e-01
833 2.961960e-01 1.632800e-01 5.405240e-01
834 2.960840e-01 1.630480e-01 5.408680e-01
835 2.960800e-01 1.625640e-01 5.413560e-01
836 2.959720e-01 1.629560e-01 5.410720e-01
837 2.961040e-01 1.626080e-01 5.412880e-01
838 2.959280e-01 1.624920e-01 5.415800e-01
839 2.958560e-01 1.627960e-01 5.413480e-01
840 2.964840e-01 1.626080e-01 5.409080e-01
841 2.964720e-01 1.627280e-01 5.408000e-01
842 2.967240e-01 1.623680e-01 5.409080e-01
843 2.963640e-01 1.625720e-01 5.410640e-01
844 2.954600e-01 1.634400e-01 5.411000e-01
845 2.960320e-01 1.630560e-01 5.409120e-01
846 2.961720e-01 1.630960e-01 5.407320e-01
847 2.959280e-01 1.629320e-01 5.411400e-01
848 2.956920e-01 1.630280e-01 5.412800e-01
849 2.962440e-01 1.626600e-01 5.410960e-01
850 2.967120e-01 1.622520e-01 5.410360e-01
851 2.972360e-01 1.623800e-01 5.403840e-01
852 2.966200e-01 1.625680e-01 5.408120e-01
853 2.965160e-01 1.623720e-01 5.411120e-01
854 2.969160e-01 1.625920e-01 5.404920e-01
855 2.967000e-01 1.629960e-01 5.403040e-01
856 2.969880e-01 1.623600e-01 5.406520e-01
857 2.968640e-01 1.624200e-01 5.407160e-01
858 2.969080e-01 1.623160e-01 5.407760e-01
859 2.971480e-01 1.625160e-01 5.403360e-01
860 2.968600e-01 1.627560e-01 5.403840e-01
861 2.967400e-01 1.628000e-01 5.404600e-01
862 2.970840e-01 1.628320e-01 5.400840e-01
863 2.963040e-01 1.637080e-01 5.399880e-01
864 2.960680e-01 1.639360e-01 5.399960e-01
865 2.948360e-01 1.645160e-01 5.406480e-01
866 2.952200e-01 1.643000e-01 5.404800e-01
867 2.956000e-01 1.641080e-01 5.402920e-01
868 2.950400e-01 1.644640e-01 5.404960e-01
869 2.945760e-01 1.649800e-01 5.404440e-01
870 2.944320e-01 1.651040e-01 5.404640e-01
871 2.947040e-01 1.646320e-01 5.406640e-01
872 2.941960e-01 1.647720e-01 5.410320e-01
873 2.941920e-01 1.645640e-01 5.412440e-01
874 2.936360e-01 1.646520e-01 5.417120e-01
875 2.933600e-01 1.644000e-01 5.422400e-01
876 2.933440e-01 1.639720e-01 5.426840e-01
877 2.936480e-01 1.638200e-01 5.425320e-01
878 2.937960e-01 1.640640e-01 5.421400e-01
879 2.929440e-01 1.636360e-01 5.434200e-01
880 2.934480e-01 1.630160e-01 5.435360e-01
881 2.940240e-01 1.619600e-01 5.440160e-01
882 2.946840e-01 1.616240e-01 5.436920e-01
883 2.948120e-01 1.618960e-01 5.432920e-01
884 2.948520e-01 1.619360e-01 5.432120e-01
885 2.955160e-01 1.613800e-01 5.431040e-01
886 2.958440e-01 1.613840e-01 5.427720e-01
887 2.961800e-01 1.606320e-01 5.431880e-01
888 2.968240e-01 1.601400e-01 5.430360e-01
889 2.972400e-01 1.599680e-01 5.427920e-01
890 2.975400e-01 1.603120e-01 5.421480e-01
891 2.983920e-01 1.598320e-01 5.417760e-01
892 2.982480e-01 1.604360e-01 5.413160e-01
893 2.978960e-01 1.610120e-01 5.410920e-01
894 2.977240e-01 1.608360e-01 5.414400e-01
895 2.979640e-01 1.604160e-01 5.416200e-01
896 2.982800e-01 1.604280e-01 5.412920e-01
897 2.979360e-01 1.603800e-01 5.416840e-01
898 2.982320e-01 1.600680e-01 5.417000e-01
899 2.983720e-01 1.604760e-01 5.411520e-01
900 2.985000e-01 1.601600e-01 5.413400e-01
901 2.985360e-01 1.600000e-01 5.414640e-01
902 2.993040e-01 1.598040e-01 5.408920e-01
903 2.996000e-01 1.598240e-01 5.405760e-01
904 2.998200e-01 1.600400e-01 5.401400e-01
905 2.994000e-01 1.605520e-01 5.400480e-01
906 2.997960e-01 1.597560e-01 5.404480e-01
907 2.998960e-01 1.598360e-01 5.402680e-01
908 2.997040e-01 1.603960e-01 5.399000e-01
909 3.002520e-01 1.603720e-01 5.393760e-01
910 3.010960e-01 1.596600e-01 5.392440e-01
911 3.008640e-01 1.600040e-01 5.391320e-01
912 3.008600e-01 1.600920e-01 5.390480e-01
913 3.007680e-01 1.605120e-01 5.387200e-01
914 3.005280e-01 1.605040e-01 5.389680e-01
915 3.000240e-01 1.612640e-01 5.387120e-01
916 3.001720e-01 1.611320e-01 5.386960e-01
917 3.000160e-01 1.612960e-01 5.386880e-01
918 3.004280e-01 1.610120e-01 5.385600e-01
919 3.010720e-01 1.611040e-01 5.378240e-01
920 3.011400e-01 1.604120e-01 5.384480e-01
921 3.008080e-01 1.608720e-01 5.383200e-01
922 3.007040e-01 1.609080e-01 5.383880e-01
923 3.007360e-01 1.604320e-01 5.388320e-01
924 3.003160e-01 1.606440e-01 5.390400e-01
925 3.003960e-01 1.609560e-01 5.386480e-01
926 3.004720e-01 1.604040e-01 5.391240e-01
927 3.004560e-01 1.605160e-01 5.390280e-01
928 3.001760e-01 1.604040e-01 5.394200e-01
929 3.002040e-01 1.603400e-01 5.394560e-01
930 2.991440e-01 1.610960e-01 5.397600e-01
931 2.992880e-01 1.610320e-01 5.396800e-01
932 2.987120e-01 1.613800e-01 5.399080e-01
