1 9.992080e-01 7.080000e-04 8.400000e-05
2 9.985880e-01 1.208000e-03 2.040000e-04
3 9.977440e-01 1.852000e-03 4.040000e-04
4 9.966080e-01 2.584000e-03 8.080000e-04
5 9.951480e-01 3.636000e-03 1.216000e-03
6 9.932800e-01 4.972000e-03 1.748000e-03
7 9.910040e-01 6.440000e-03 2.556000e-03
8 9.882840e-01 8.172000e-03 3.544000e-03
9 9.856200e-01 9.780000e-03 4.600000e-03
10 9.822920e-01 1.160800e-02 6.100000e-03
11 9.786760e-01 1.350000e-02 7.824000e-03
12 9.745760e-01 1.576000e-02 9.664000e-03
13 9.700480e-01 1.799200e-02 1.196000e-02
14 9.651920e-01 2.040000e-02 1.440800e-02
15 9.600240e-01 2.284800e-02 1.712800e-02
16 9.545800e-01 2.536400e-02 2.005600e-02
17 9.487600e-01 2.810400e-02 2.313600e-02
18 9.424360e-01 3.073200e-02 2.683200e-02
19 9.361720e-01 3.336800e-02 3.046000e-02
20 9.292920e-01 3.619200e-02 3.451600e-02
21 9.219160e-01 3.931200e-02 3.877200e-02
22 9.142480e-01 4.247600e-02 4.327600e-02
23 9.066920e-01 4.495200e-02 4.835600e-02
24 8.986200e-01 4.823600e-02 5.314400e-02
25 8.905040e-01 5.104000e-02 5.845600e-02
26 8.817160e-01 5.447200e-02 6.381200e-02
27 8.730880e-01 5.765600e-02 6.925600e-02
28 8.642360e-01 6.075600e-02 7.500800e-02
29 8.552360e-01 6.407200e-02 8.069200e-02
30 8.461480e-01 6.695600e-02 8.689600e-02
31 8.371240e-01 6.975600e-02 9.312000e-02
32 8.280360e-01 7.219600e-02 9.976800e-02
33 8.187120e-01 7.534400e-02 1.059440e-01
34 8.094200e-01 7.812800e-02 1.124520e-01
35 7.998920e-01 8.093600e-02 1.191720e-01
36 7.904200e-01 8.388400e-02 1.256960e-01
37 7.812120e-01 8.661600e-02 1.321720e-01
38 7.716640e-01 8.966000e-02 1.386760e-01
39 7.621920e-01 9.224000e-02 1.455680e-01
40 7.527360e-01 9.482800e-02 1.524360e-01
41 7.433680e-01 9.693200e-02 1.597000e-01
42 7.339480e-01 9.920800e-02 1.668440e-01
43 7.245280e-01 1.018000e-01 1.736720e-01
44 7.151840e-01 1.042520e-01 1.805640e-01
45 7.062800e-01 1.058400e-01 1.878800e-01
46 6.970480e-01 1.083080e-01 1.946440e-01
47 6.881760e-01 1.105720e-01 2.012520e-01
48 6.791840e-01 1.123040e-01 2.085120e-01
49 6.705560e-01 1.141320e-01 2.153120e-01
50 6.615560e-01 1.165680e-01 2.218760e-01
51 6.528040e-01 1.184120e-01 2.287840e-01
52 6.437400e-01 1.206320e-01 2.356280e-01
53 6.358280e-01 1.222920e-01 2.418800e-01
54 6.275160e-01 1.241760e-01 2.483080e-01
55 6.193840e-01 1.260920e-01 2.545240e-01
56 6.115040e-01 1.271160e-01 2.613800e-01
57 6.041320e-01 1.283720e-01 2.674960e-01
58 5.963440e-01 1.298400e-01 2.738160e-01
59 5.892240e-01 1.315920e-01 2.791840e-01
60 5.820200e-01 1.328160e-01 2.851640e-01
61 5.749560e-01 1.342720e-01 2.907720e-01
62 5.685200e-01 1.354160e-01 2.960640e-01
63 5.613040e-01 1.368240e-01 3.018720e-01
64 5.548560e-01 1.376320e-01 3.075120e-01
65 5.490280e-01 1.378720e-01 3.131000e-01
66 5.427720e-01 1.387960e-01 3.184320e-01
67 5.370520e-01 1.393040e-01 3.236440e-01
68 5.316480e-01 1.400360e-01 3.283160e-01
69 5.264880e-01 1.403200e-01 3.331920e-01
70 5.212760e-01 1.403560e-01 3.383680e-01
71 5.157560e-01 1.407000e-01 3.435440e-01
72 5.113200e-01 1.411280e-01 3.475520e-01
73 5.063080e-01 1.419600e-01 3.517320e-01
74 5.014800e-01 1.423320e-01 3.561880e-01
75 4.970200e-01 1.425920e-01 3.603880e-01
76 4.927240e-01 1.430880e-01 3.641880e-01
77 4.882600e-01 1.442040e-01 3.675360e-01
78 4.840640e-01 1.443040e-01 3.716320e-01
79 4.793400e-01 1.456360e-01 3.750240e-01
80 4.756120e-01 1.453720e-01 3.790160e-01
81 4.713360e-01 1.462760e-01 3.823880e-01
82 4.665840e-01 1.468040e-01 3.866120e-01
83 4.632600e-01 1.469800e-01 3.897600e-01
84 4.594960e-01 1.479440e-01 3.925600e-01
85 4.560640e-01 1.482960e-01 3.956400e-01
86 4.513800e-01 1.489880e-01 3.996320e-01
87 4.475120e-01 1.498160e-01 4.026720e-01
88 4.433760e-01 1.506240e-01 4.060000e-01
89 4.403080e-01 1.510960e-01 4.085960e-01
90 4.362120e-01 1.518760e-01 4.119120e-01
91 4.326440e-01 1.520960e-01 4.152600e-01
92 4.294280e-01 1.525040e-01 4.180680e-01
93 4.265200e-01 1.523400e-01 4.211400e-01
94 4.231320e-01 1.527640e-01 4.241040e-01
95 4.201000e-01 1.534080e-01 4.264920e-01
96 4.172440e-01 1.535080e-01 4.292480e-01
97 4.140840e-01 1.535880e-01 4.323280e-01
98 4.105880e-01 1.547600e-01 4.346520e-01
99 4.074520e-01 1.554200e-01 4.371280e-01
100 4.040840e-01 1.560280e-01 4.398880e-01
101 4.010440e-01 1.560520e-01 4.429040e-01
102 3.987200e-01 1.560960e-01 4.451840e-01
103 3.956280e-01 1.563880e-01 4.479840e-01
104 3.920800e-01 1.571560e-01 4.507640e-01
105 3.895280e-01 1.571960e-01 4.532760e-01
106 3.868000e-01 1.573560e-01 4.558440e-01
107 3.846560e-01 1.570560e-01 4.582880e-01
108 3.826320e-01 1.574040e-01 4.599640e-01
109 3.805760e-01 1.579120e-01 4.615120e-01
110 3.781040e-01 1.582200e-01 4.636760e-01
111 3.753360e-01 1.588000e-01 4.658640e-01
112 3.724760e-01 1.593560e-01 4.681680e-01
113 3.706400e-01 1.593440e-01 4.700160e-01
114 3.688400e-01 1.592840e-01 4.718760e-01
115 3.661560e-01 1.600040e-01 4.738400e-01
116 3.642040e-01 1.596960e-01 4.761000e-01
117 3.629840e-01 1.595480e-01 4.774680e-01
118 3.607200e-01 1.596560e-01 4.796240e-01
119 3.592680e-01 1.598240e-01 4.809080e-01
120 3.579280e-01 1.594680e-01 4.826040e-01
121 3.559760e-01 1.603000e-01 4.837240e-01
122 3.539640e-01 1.606240e-01 4.854120e-01
123 3.518960e-01 1.611480e-01 4.869560e-01
124 3.500160e-01 1.614640e-01 4.885200e-01
125 3.481160e-01 1.618400e-01 4.900440e-01
126 3.461600e-01 1.621840e-01 4.916560e-01
127 3.443400e-01 1.621280e-01 4.935320e-01
128 3.419680e-01 1.625800e-01 4.954520e-01
129 3.399720e-01 1.636720e-01 4.963560e-01
130 3.384680e-01 1.641120e-01 4.974200e-01
131 3.372040e-01 1.640320e-01 4.987640e-01
132 3.357280e-01 1.635280e-01 5.007440e-01
133 3.348840e-01 1.630760e-01 5.020400e-01
134 3.332360e-01 1.634560e-01 5.033080e-01
135 3.317600e-01 1.640760e-01 5.041640e-01
136 3.303080e-01 1.646760e-01 5.050160e-01
137 3.294160e-01 1.647480e-01 5.058360e-01
138 3.279320e-01 1.648040e-01 5.072640e-01
139 3.266320e-01 1.651360e-01 5.082320e-01
140 3.249760e-01 1.652480e-01 5.097760e-01
141 3.231480e-01 1.662240e-01 5.106280e-01
142 3.213320e-01 1.655560e-01 5.131120e-01
143 3.198720e-01 1.656200e-01 5.145080e-01
144 3.190720e-01 1.655840e-01 5.153440e-01
145 3.180320e-01 1.658200e-01 5.161480e-01
146 3.169440e-01 1.661120e-01 5.169440e-01
147 3.163400e-01 1.656160e-01 5.180440e-01
148 3.158440e-01 1.656680e-01 5.184880e-01
149 3.149840e-01 1.657120e-01 5.193040e-01
150 3.145040e-01 1.652040e-01 5.202920e-01
151 3.134640e-01 1.654880e-01 5.210480e-01
152 3.126000e-01 1.653360e-01 5.220640e-01
153 3.115640e-01 1.655080e-01 5.229280e-01
154 3.114720e-01 1.651640e-01 5.233640e-01
155 3.107560e-01 1.648720e-01 5.243720e-01
156 3.095160e-01 1.654880e-01 5.249960e-01
157 3.083800e-01 1.652080e-01 5.264120e-01
158 3.074680e-01 1.649720e-01 5.275600e-01
159 3.062040e-01 1.653240e-01 5.284720e-01
160 3.056400e-01 1.658320e-01 5.285280e-01
161 3.053680e-01 1.654920e-01 5.291400e-01
162 3.038280e-01 1.660160e-01 5.301560e-01
163 3.027400e-01 1.662760e-01 5.309840e-01
164 3.012520e-01 1.668120e-01 5.319360e-01
165 3.005680e-01 1.663560e-01 5.330760e-01
166 3.003240e-01 1.663320e-01 5.333440e-01
167 2.998400e-01 1.660960e-01 5.340640e-01
168 2.996480e-01 1.658480e-01 5.345040e-01
169 2.998280e-01 1.657320e-01 5.344400e-01
170 2.987920e-01 1.656880e-01 5.355200e-01
171 2.984000e-01 1.658360e-01 5.357640e-01
172 2.980240e-01 1.655840e-01 5.363920e-01
173 2.978480e-01 1.656800e-01 5.364720e-01
174 2.978000e-01 1.656920e-01 5.365080e-01
175 2.972880e-01 1.656440e-01 5.370680e-01
176 2.968640e-01 1.659600e-01 5.371760e-01
177 2.972040e-01 1.652080e-01 5.375880e-01
178 2.970040e-01 1.656320e-01 5.373640e-01
179 2.964280e-01 1.663720e-01 5.372000e-01
180 2.960520e-01 1.666840e-01 5.372640e-01
181 2.949840e-01 1.666680e-01 5.383480e-01
182 2.943880e-01 1.670240e-01 5.385880e-01
183 2.942200e-01 1.671880e-01 5.385920e-01
184 2.943880e-01 1.664400e-01 5.391720e-01
185 2.943920e-01 1.658680e-01 5.397400e-01
186 2.943640e-01 1.651080e-01 5.405280e-01
187 2.945480e-01 1.646400e-01 5.408120e-01
188 2.942480e-01 1.645800e-01 5.411720e-01
189 2.947520e-01 1.635880e-01 5.416600e-01
190 2.945360e-01 1.637200e-01 5.417440e-01
191 2.941720e-01 1.635360e-01 5.422920e-01
192 2.943120e-01 1.633880e-01 5.423000e-01
193 2.951320e-01 1.629360e-01 5.419320e-01
194 2.951880e-01 1.623440e-01 5.424680e-01
195 2.950600e-01 1.628240e-01 5.421160e-01
196 2.951040e-01 1.624840e-01 5.424120e-01
197 2.954440e-01 1.625360e-01 5.420200e-01
198 2.958800e-01 1.627000e-01 5.414200e-01
199 2.949840e-01 1.628120e-01 5.422040e-01
200 2.951160e-01 1.627040e-01 5.421800e-01
201 2.953880e-01 1.625200e-01 5.420920e-01
202 2.954600e-01 1.623800e-01 5.421600e-01
203 2.954120e-01 1.617240e-01 5.428640e-01
204 2.953480e-01 1.611080e-01 5.435440e-01
205 2.959320e-01 1.612360e-01 5.428320e-01
206 2.965120e-01 1.612280e-01 5.422600e-01
207 2.971360e-01 1.607960e-01 5.420680e-01
208 2.983200e-01 1.605920e-01 5.410880e-01
209 2.981360e-01 1.606800e-01 5.411840e-01
210 2.985520e-01 1.608360e-01 5.406120e-01
211 2.992320e-01 1.607720e-01 5.399960e-01
212 2.987120e-01 1.612800e-01 5.400080e-01
213 2.987520e-01 1.615600e-01 5.396880e-01
214 2.991800e-01 1.613320e-01 5.394880e-01
215 2.987240e-01 1.612160e-01 5.400600e-01
216 2.988160e-01 1.617600e-01 5.394240e-01
217 2.982040e-01 1.624720e-01 5.393240e-01
218 2.976440e-01 1.628480e-01 5.395080e-01
219 2.974040e-01 1.626400e-01 5.399560e-01
220 2.973720e-01 1.623960e-01 5.402320e-01
221 2.973560e-01 1.626480e-01 5.399960e-01
222 2.969800e-01 1.627800e-01 5.402400e-01
223 2.967040e-01 1.625880e-01 5.407080e-01
224 2.969000e-01 1.628880e-01 5.402120e-01
225 2.974760e-01 1.628240e-01 5.397000e-01
226 2.966880e-01 1.635840e-01 5.397280e-01
227 2.963600e-01 1.638080e-01 5.398320e-01
228 2.963120e-01 1.635960e-01 5.400920e-01
229 2.960600e-01 1.634560e-01 5.404840e-01
230 2.959200e-01 1.630120e-01 5.410680e-01
231 2.961600e-01 1.629920e-01 5.408480e-01
232 2.963000e-01 1.626760e-01 5.410240e-01
233 2.963200e-01 1.627840e-01 5.408960e-01
234 2.959080e-01 1.632800e-01 5.408120e-01
235 2.965760e-01 1.630680e-01 5.403560e-01
236 2.973400e-01 1.624040e-01 5.402560e-01
237 2.973120e-01 1.622680e-01 5.404200e-01
238 2.976240e-01 1.621960e-01 5.401800e-01
239 2.980360e-01 1.618120e-01 5.401520e-01
240 2.983000e-01 1.618720e-01 5.398280e-01
241 2.977280e-01 1.617000e-01 5.405720e-01
242 2.974520e-01 1.620440e-01 5.405040e-01
243 2.972080e-01 1.626440e-01 5.401480e-01
244 2.967720e-01 1.627440e-01 5.404840e-01
245 2.966960e-01 1.628640e-01 5.404400e-01
246 2.967840e-01 1.625480e-01 5.406680e-01
247 2.969800e-01 1.629080e-01 5.401120e-01
248 2.975480e-01 1.624240e-01 5.400280e-01
249 2.976480e-01 1.624840e-01 5.398680e-01
250 2.980440e-01 1.620120e-01 5.399440e-01
251 2.979400e-01 1.624600e-01 5.396000e-01
252 2.986440e-01 1.620760e-01 5.392800e-01
253 2.983880e-01 1.625240e-01 5.390880e-01
254 2.983560e-01 1.625400e-01 5.391040e-01
255 2.980960e-01 1.624880e-01 5.394160e-01
256 2.975720e-01 1.631840e-01 5.392440e-01
257 2.971360e-01 1.632520e-01 5.396120e-01
258 2.970880e-01 1.626880e-01 5.402240e-01
259 2.973320e-01 1.622280e-01 5.404400e-01
260 2.973280e-01 1.621320e-01 5.405400e-01
261 2.972120e-01 1.623240e-01 5.404640e-01
262 2.977600e-01 1.619960e-01 5.402440e-01
263 2.979400e-01 1.616560e-01 5.404040e-01
264 2.983680e-01 1.616560e-01 5.399760e-01
265 2.992000e-01 1.612760e-01 5.395240e-01
266 2.993080e-01 1.615280e-01 5.391640e-01
267 2.991400e-01 1.616400e-01 5.392200e-01
268 2.987760e-01 1.617640e-01 5.394600e-01
269 2.984200e-01 1.622800e-01 5.393000e-01
270 2.976680e-01 1.628320e-01 5.395000e-01
271 2.978760e-01 1.619440e-01 5.401800e-01
272 2.974760e-01 1.621200e-01 5.404040e-01
273 2.976040e-01 1.626640e-01 5.397320e-01
274 2.975600e-01 1.631160e-01 5.393240e-01
275 2.969480e-01 1.634120e-01 5.396400e-01
276 2.964080e-01 1.637920e-01 5.398000e-01
277 2.965480e-01 1.636800e-01 5.397720e-01
278 2.960240e-01 1.643320e-01 5.396440e-01
279 2.955200e-01 1.639280e-01 5.405520e-01
280 2.955000e-01 1.645040e-01 5.399960e-01
281 2.959520e-01 1.638040e-01 5.402440e-01
282 2.960400e-01 1.633720e-01 5.405880e-01
283 2.962920e-01 1.633520e-01 5.403560e-01
284 2.963160e-01 1.636160e-01 5.400680e-01
285 2.959640e-01 1.635680e-01 5.404680e-01
286 2.959840e-01 1.638200e-01 5.401960e-01
287 2.964920e-01 1.631120e-01 5.403960e-01
288 2.966800e-01 1.630600e-01 5.402600e-01
289 2.962600e-01 1.634600e-01 5.402800e-01
290 2.964480e-01 1.633320e-01 5.402200e-01
291 2.965800e-01 1.636800e-01 5.397400e-01
292 2.966480e-01 1.638600e-01 5.394920e-01
293 2.967640e-01 1.635040e-01 5.397320e-01
294 2.968160e-01 1.629480e-01 5.402360e-01
295 2.962640e-01 1.630680e-01 5.406680e-01
296 2.968240e-01 1.632120e-01 5.399640e-01
297 2.965880e-01 1.634360e-01 5.399760e-01
298 2.963080e-01 1.629280e-01 5.407640e-01
299 2.960680e-01 1.632360e-01 5.406960e-01
300 2.956120e-01 1.637240e-01 5.406640e-01
301 2.953280e-01 1.635480e-01 5.411240e-01
302 2.953960e-01 1.637840e-01 5.408200e-01
303 2.950720e-01 1.640240e-01 5.409040e-01
304 2.959360e-01 1.641000e-01 5.399640e-01
305 2.959440e-01 1.639800e-01 5.400760e-01
306 2.956400e-01 1.640920e-01 5.402680e-01
307 2.957080e-01 1.640880e-01 5.402040e-01
308 2.957920e-01 1.637520e-01 5.404560e-01
309 2.955080e-01 1.633120e-01 5.411800e-01
310 2.950520e-01 1.642280e-01 5.407200e-01
311 2.950200e-01 1.646240e-01 5.403560e-01
312 2.942920e-01 1.654240e-01 5.402840e-01
313 2.936520e-01 1.657040e-01 5.406440e-01
314 2.938480e-01 1.661320e-01 5.400200e-01
315 2.934600e-01 1.659920e-01 5.405480e-01
316 2.933240e-01 1.660520e-01 5.406240e-01
317 2.934840e-01 1.657560e-01 5.407600e-01
318 2.937560e-01 1.651160e-01 5.411280e-01
319 2.937640e-01 1.647880e-01 5.414480e-01
320 2.936000e-01 1.647040e-01 5.416960e-01
321 2.929360e-01 1.645280e-01 5.425360e-01
322 2.931600e-01 1.639760e-01 5.428640e-01
323 2.923480e-01 1.647560e-01 5.428960e-01
324 2.925960e-01 1.649240e-01 5.424800e-01
325 2.921160e-01 1.644920e-01 5.433920e-01
326 2.920920e-01 1.644600e-01 5.434480e-01
327 2.920800e-01 1.645520e-01 5.433680e-01
328 2.921400e-01 1.640360e-01 5.438240e-01
329 2.925920e-01 1.635880e-01 5.438200e-01
330 2.930640e-01 1.634040e-01 5.435320e-01
331 2.926920e-01 1.633720e-01 5.439360e-01
332 2.929040e-01 1.630640e-01 5.440320e-01
333 2.930080e-01 1.631520e-01 5.438400e-01
334 2.928720e-01 1.633800e-01 5.437480e-01
335 2.934720e-01 1.633720e-01 5.431560e-01
336 2.935600e-01 1.632880e-01 5.431520e-01
337 2.941240e-01 1.629000e-01 5.429760e-01
338 2.942840e-01 1.630680e-01 5.426480e-01
339 2.944000e-01 1.625080e-01 5.430920e-01
340 2.941000e-01 1.626200e-01 5.432800e-01
341 2.945560e-01 1.619440e-01 5.435000e-01
342 2.944520e-01 1.620000e-01 5.435480e-01
343 2.939560e-01 1.624320e-01 5.436120e-01
344 2.938520e-01 1.626640e-01 5.434840e-01
345 2.941520e-01 1.627080e-01 5.431400e-01
346 2.944200e-01 1.630240e-01 5.425560e-01
347 2.943760e-01 1.635000e-01 5.421240e-01
348 2.952440e-01 1.634040e-01 5.413520e-01
349 2.951280e-01 1.633320e-01 5.415400e-01
350 2.952720e-01 1.628080e-01 5.419200e-01
351 2.957600e-01 1.622480e-01 5.419920e-01
352 2.960760e-01 1.619960e-01 5.419280e-01
353 2.957840e-01 1.619920e-01 5.422240e-01
354 2.962120e-01 1.620600e-01 5.417280e-01
355 2.963440e-01 1.623680e-01 5.412880e-01
356 2.964440e-01 1.626000e-01 5.409560e-01
357 2.954120e-01 1.635960e-01 5.409920e-01
358 2.951480e-01 1.636520e-01 5.412000e-01
359 2.950960e-01 1.636120e-01 5.412920e-01
360 2.946960e-01 1.633080e-01 5.419960e-01
361 2.943880e-01 1.638800e-01 5.417320e-01
362 2.941000e-01 1.636680e-01 5.422320e-01
363 2.952200e-01 1.626840e-01 5.420960e-01
364 2.955640e-01 1.620640e-01 5.423720e-01
365 2.958400e-01 1.616320e-01 5.425280e-01
366 2.960480e-01 1.613920e-01 5.425600e-01
367 2.962520e-01 1.608960e-01 5.428520e-01
368 2.965840e-01 1.612720e-01 5.421440e-01
369 2.967480e-01 1.612640e-01 5.419880e-01
370 2.964920e-01 1.612200e-01 5.422880e-01
371 2.964960e-01 1.612880e-01 5.422160e-01
372 2.968760e-01 1.608200e-01 5.423040e-01
373 2.972800e-01 1.606720e-01 5.420480e-01
374 2.982880e-01 1.604480e-01 5.412640e-01
375 2.989640e-01 1.608120e-01 5.402240e-01
376 2.991240e-01 1.606640e-01 5.402120e-01
377 2.994560e-01 1.610200e-01 5.395240e-01
378 2.993960e-01 1.614760e-01 5.391280e-01
379 2.995960e-01 1.619360e-01 5.384680e-01
380 2.997680e-01 1.617040e-01 5.385280e-01
381 2.990880e-01 1.613680e-01 5.395440e-01
382 2.988840e-01 1.609080e-01 5.402080e-01
383 2.986120e-01 1.608920e-01 5.404960e-01
384 2.990640e-01 1.606160e-01 5.403200e-01
385 2.990120e-01 1.605760e-01 5.404120e-01
386 3.000480e-01 1.602920e-01 5.396600e-01
387 3.001560e-01 1.605000e-01 5.393440e-01
388 3.003360e-01 1.610200e-01 5.386440e-01
389 3.007040e-01 1.606760e-01 5.386200e-01
390 3.011640e-01 1.605680e-01 5.382680e-01
391 3.017440e-01 1.613800e-01 5.368760e-01
392 3.013880e-01 1.620000e-01 5.366120e-01
393 3.011640e-01 1.618760e-01 5.369600e-01
394 3.004080e-01 1.620840e-01 5.375080e-01
395 2.999840e-01 1.625400e-01 5.374760e-01
396 2.998560e-01 1.622880e-01 5.378560e-01
397 2.992240e-01 1.620680e-01 5.387080e-01
398 2.990120e-01 1.618960e-01 5.390920e-01
399 2.994080e-01 1.619760e-01 5.386160e-01
400 2.988160e-01 1.622680e-01 5.389160e-01
401 2.980440e-01 1.625320e-01 5.394240e-01
402 2.979880e-01 1.622480e-01 5.397640e-01
403 2.977480e-01 1.627480e-01 5.395040e-01
404 2.978080e-01 1.627520e-01 5.394400e-01
405 2.970440e-01 1.631000e-01 5.398560e-01
406 2.970920e-01 1.624640e-01 5.404440e-01
407 2.981120e-01 1.619120e-01 5.399760e-01
408 2.970840e-01 1.627520e-01 5.401640e-01
409 2.968080e-01 1.626600e-01 5.405320e-01
410 2.969360e-01 1.619360e-01 5.411280e-01
411 2.974400e-01 1.618680e-01 5.406920e-01
412 2.976360e-01 1.621680e-01 5.401960e-01
413 2.978840e-01 1.626200e-01 5.394960e-01
414 2.976880e-01 1.625040e-01 5.398080e-01
415 2.977680e-01 1.623600e-01 5.398720e-01
416 2.976280e-01 1.621400e-01 5.402320e-01
417 2.974320e-01 1.625400e-01 5.400280e-01
418 2.975600e-01 1.620400e-01 5.404000e-01
419 2.980160e-01 1.623480e-01 5.396360e-01
420 2.975320e-01 1.628880e-01 5.395800e-01
421 2.972800e-01 1.632320e-01 5.394880e-01
422 2.971280e-01 1.634280e-01 5.394440e-01
423 2.970480e-01 1.633320e-01 5.396200e-01
424 2.963840e-01 1.642440e-01 5.393720e-01
425 2.963560e-01 1.641160e-01 5.395280e-01
426 2.959120e-01 1.648040e-01 5.392840e-01
427 2.963240e-01 1.645840e-01 5.390920e-01
428 2.964400e-01 1.638760e-01 5.396840e-01
429 2.964040e-01 1.638040e-01 5.397920e-01
430 2.962400e-01 1.642600e-01 5.395000e-01
431 2.963960e-01 1.638800e-01 5.397240e-01
432 2.962200e-01 1.642360e-01 5.395440e-01
433 2.961120e-01 1.639200e-01 5.399680e-01
434 2.962560e-01 1.638600e-01 5.398840e-01
435 2.962760e-01 1.639080e-01 5.398160e-01
436 2.963720e-01 1.634040e-01 5.402240e-01
437 2.960440e-01 1.632040e-01 5.407520e-01
438 2.959560e-01 1.629640e-01 5.410800e-01
439 2.951520e-01 1.628560e-01 5.419920e-01
440 2.951960e-01 1.627520e-01 5.420520e-01
441 2.954800e-01 1.620800e-01 5.424400e-01
442 2.954160e-01 1.623160e-01 5.422680e-01
443 2.958400e-01 1.618640e-01 5.422960e-01
444 2.966360e-01 1.616920e-01 5.416720e-01
445 2.972920e-01 1.610080e-01 5.417000e-01
446 2.985160e-01 1.595720e-01 5.419120e-01
447 2.993880e-01 1.594000e-01 5.412120e-01
448 2.998400e-01 1.594240e-01 5.407360e-01
449 2.997720e-01 1.595160e-01 5.407120e-01
450 3.008800e-01 1.586400e-01 5.404800e-01
451 3.009120e-01 1.591640e-01 5.399240e-01
452 3.012280e-01 1.593040e-01 5.394680e-01
453 3.008840e-01 1.597640e-01 5.393520e-01
454 3.007280e-01 1.599440e-01 5.393280e-01
455 3.007240e-01 1.604880e-01 5.387880e-01
456 3.001800e-01 1.613040e-01 5.385160e-01
457 3.003200e-01 1.614080e-01 5.382720e-01
458 3.012160e-01 1.612680e-01 5.375160e-01
459 3.013520e-01 1.608760e-01 5.377720e-01
460 3.011680e-01 1.607160e-01 5.381160e-01
461 3.014120e-01 1.602440e-01 5.383440e-01
462 3.013560e-01 1.606560e-01 5.379880e-01
463 3.010240e-01 1.611800e-01 5.377960e-01
464 3.011160e-01 1.606400e-01 5.382440e-01
465 3.007960e-01 1.612480e-01 5.379560e-01
466 3.008280e-01 1.616960e-01 5.374760e-01
467 3.007400e-01 1.619040e-01 5.373560e-01
468 3.000160e-01 1.625440e-01 5.374400e-01
469 2.995880e-01 1.624440e-01 5.379680e-01
470 2.991360e-01 1.627080e-01 5.381560e-01
471 2.988800e-01 1.627920e-01 5.383280e-01
472 2.995440e-01 1.620160e-01 5.384400e-01
473 2.990920e-01 1.623960e-01 5.385120e-01
474 2.988640e-01 1.626040e-01 5.385320e-01
475 2.983040e-01 1.632600e-01 5.384360e-01
476 2.978880e-01 1.638360e-01 5.382760e-01
477 2.971400e-01 1.642040e-01 5.386560e-01
478 2.968920e-01 1.644720e-01 5.386360e-01
479 2.962440e-01 1.647640e-01 5.389920e-01
480 2.958680e-01 1.651480e-01 5.389840e-01
481 2.952160e-01 1.649960e-01 5.397880e-01
482 2.953360e-01 1.646960e-01 5.399680e-01
483 2.950840e-01 1.650520e-01 5.398640e-01
484 2.943640e-01 1.654920e-01 5.401440e-01
485 2.937920e-01 1.656360e-01 5.405720e-01
486 2.940320e-01 1.654160e-01 5.405520e-01
487 2.941880e-01 1.651160e-01 5.406960e-01
488 2.939040e-01 1.652480e-01 5.408480e-01
489 2.934840e-01 1.651440e-01 5.413720e-01
490 2.931240e-01 1.648840e-01 5.419920e-01
491 2.938120e-01 1.640480e-01 5.421400e-01
492 2.935960e-01 1.636840e-01 5.427200e-01
493 2.934840e-01 1.633520e-01 5.431640e-01
494 2.939760e-01 1.630800e-01 5.429440e-01
495 2.944320e-01 1.623200e-01 5.432480e-01
496 2.952480e-01 1.616000e-01 5.431520e-01
497 2.948760e-01 1.617440e-01 5.433800e-01
498 2.954200e-01 1.620200e-01 5.425600e-01
499 2.953920e-01 1.620160e-01 5.425920e-01
500 2.952920e-01 1.621120e-01 5.425960e-01
501 2.951040e-01 1.620200e-01 5.428760e-01
502 2.953120e-01 1.620360e-01 5.426520e-01
503 2.957960e-01 1.619400e-01 5.422640e-01
504 2.959920e-01 1.619360e-01 5.420720e-01
505 2.958960e-01 1.623240e-01 5.417800e-01
506 2.955640e-01 1.628480e-01 5.415880e-01
507 2.952760e-01 1.629120e-01 5.418120e-01
508 2.958440e-01 1.627840e-01 5.413720e-01
509 2.961280e-01 1.623800e-01 5.414920e-01
510 2.950920e-01 1.629920e-01 5.419160e-01
511 2.950160e-01 1.627560e-01 5.422280e-01
512 2.948120e-01 1.627480e-01 5.424400e-01
513 2.941960e-01 1.628880e-01 5.429160e-01
514 2.947000e-01 1.628880e-01 5.424120e-01
515 2.949880e-01 1.625520e-01 5.424600e-01
516 2.951760e-01 1.621520e-01 5.426720e-01
517 2.952480e-01 1.622600e-01 5.424920e-01
518 2.951200e-01 1.622600e-01 5.426200e-01
519 2.957600e-01 1.619600e-01 5.422800e-01
520 2.957200e-01 1.623640e-01 5.419160e-01
521 2.960040e-01 1.619960e-01 5.420000e-01
522 2.960160e-01 1.623000e-01 5.416840e-01
523 2.966040e-01 1.621360e-01 5.412600e-01
524 2.970560e-01 1.623560e-01 5.405880e-01
525 2.964560e-01 1.628200e-01 5.407240e-01
526 2.960840e-01 1.629120e-01 5.410040e-01
527 2.957120e-01 1.627720e-01 5.415160e-01
528 2.956640e-01 1.627520e-01 5.415840e-01
529 2.958000e-01 1.629600e-01 5.412400e-01
530 2.963040e-01 1.626080e-01 5.410880e-01
531 2.961160e-01 1.628400e-01 5.410440e-01
532 2.963680e-01 1.624080e-01 5.412240e-01
533 2.958080e-01 1.626320e-01 5.415600e-01
534 2.961640e-01 1.624920e-01 5.413440e-01
535 2.961000e-01 1.628120e-01 5.410880e-01
536 2.958440e-01 1.625440e-01 5.416120e-01
537 2.960560e-01 1.618960e-01 5.420480e-01
538 2.954520e-01 1.617480e-01 5.428000e-01
539 2.962480e-01 1.611240e-01 5.426280e-01
540 2.963280e-01 1.612040e-01 5.424680e-01
541 2.967080e-01 1.615240e-01 5.417680e-01
542 2.967920e-01 1.612400e-01 5.419680e-01
543 2.976080e-01 1.612520e-01 5.411400e-01
544 2.983880e-01 1.606400e-01 5.409720e-01
545 2.983480e-01 1.614160e-01 5.402360e-01
546 2.989880e-01 1.604520e-01 5.405600e-01
547 2.983640e-01 1.610480e-01 5.405880e-01
548 2.981240e-01 1.615000e-01 5.403760e-01
549 2.990960e-01 1.610560e-01 5.398480e-01
550 2.986920e-01 1.616440e-01 5.396640e-01
551 2.984240e-01 1.619880e-01 5.395880e-01
552 2.982760e-01 1.620600e-01 5.396640e-01
553 2.984080e-01 1.625400e-01 5.390520e-01
554 2.981960e-01 1.627640e-01 5.390400e-01
555 2.977720e-01 1.635280e-01 5.387000e-01
556 2.978800e-01 1.634240e-01 5.386960e-01
557 2.974480e-01 1.639040e-01 5.386480e-01
558 2.971000e-01 1.643480e-01 5.385520e-01
559 2.970040e-01 1.637040e-01 5.392920e-01
560 2.967520e-01 1.638280e-01 5.394200e-01
561 2.972440e-01 1.634120e-01 5.393440e-01
562 2.970320e-01 1.636120e-01 5.393560e-01
563 2.971840e-01 1.626840e-01 5.401320e-01
564 2.971400e-01 1.623600e-01 5.405000e-01
565 2.979640e-01 1.622440e-01 5.397920e-01
566 2.978760e-01 1.629360e-01 5.391880e-01
567 2.976560e-01 1.633120e-01 5.390320e-01
568 2.979360e-01 1.627520e-01 5.393120e-01
569 2.977200e-01 1.627600e-01 5.395200e-01
570 2.970960e-01 1.636520e-01 5.392520e-01
571 2.972360e-01 1.636760e-01 5.390880e-01
572 2.965360e-01 1.637200e-01 5.397440e-01
573 2.966560e-01 1.638640e-01 5.394800e-01
574 2.962240e-01 1.634520e-01 5.403240e-01
575 2.960920e-01 1.637320e-01 5.401760e-01
576 2.958880e-01 1.635560e-01 5.405560e-01
577 2.955800e-01 1.631440e-01 5.412760e-01
578 2.950480e-01 1.639880e-01 5.409640e-01
579 2.952920e-01 1.640320e-01 5.406760e-01
580 2.959520e-01 1.632160e-01 5.408320e-01
581 2.961000e-01 1.627760e-01 5.411240e-01
582 2.963800e-01 1.627440e-01 5.408760e-01
583 2.963040e-01 1.627920e-01 5.409040e-01
584 2.964200e-01 1.628200e-01 5.407600e-01
585 2.964160e-01 1.626600e-01 5.409240e-01
586 2.965480e-01 1.628920e-01 5.405600e-01
587 2.965440e-01 1.627560e-01 5.407000e-01
588 2.965440e-01 1.626800e-01 5.407760e-01
589 2.971680e-01 1.626000e-01 5.402320e-01
590 2.964000e-01 1.623960e-01 5.412040e-01
591 2.961560e-01 1.623080e-01 5.415360e-01
592 2.962640e-01 1.625880e-01 5.411480e-01
593 2.959440e-01 1.629880e-01 5.410680e-01
594 2.959760e-01 1.629640e-01 5.410600e-01
595 2.959240e-01 1.627240e-01 5.413520e-01
596 2.963720e-01 1.629000e-01 5.407280e-01
597 2.961360e-01 1.630320e-01 5.408320e-01
598 2.959480e-01 1.634320e-01 5.406200e-01
599 2.952480e-01 1.631400e-01 5.416120e-01
600 2.950000e-01 1.630600e-01 5.419400e-01
601 2.950160e-01 1.628680e-01 5.421160e-01
602 2.951200e-01 1.626760e-01 5.422040e-01
603 2.951720e-01 1.621360e-01 5.426920e-01
604 2.956640e-01 1.617680e-01 5.425680e-01
605 2.953160e-01 1.621560e-01 5.425280e-01
606 2.958600e-01 1.622920e-01 5.418480e-01
607 2.954280e-01 1.627440e-01 5.418280e-01
608 2.950280e-01 1.624280e-01 5.425440e-01
609 2.953720e-01 1.623920e-01 5.422360e-01
610 2.954360e-01 1.620640e-01 5.425000e-01
611 2.952400e-01 1.622920e-01 5.424680e-01
612 2.958280e-01 1.619920e-01 5.421800e-01
613 2.963160e-01 1.618080e-01 5.418760e-01
614 2.962400e-01 1.625600e-01 5.412000e-01
615 2.960760e-01 1.625520e-01 5.413720e-01
616 2.961600e-01 1.628240e-01 5.410160e-01
617 2.963000e-01 1.627760e-01 5.409240e-01
618 2.960800e-01 1.625040e-01 5.414160e-01
619 2.959800e-01 1.626200e-01 5.414000e-01
620 2.962080e-01 1.625120e-01 5.412800e-01
621 2.967720e-01 1.621240e-01 5.411040e-01
622 2.969160e-01 1.620360e-01 5.410480e-01
623 2.969080e-01 1.628360e-01 5.402560e-01
624 2.966600e-01 1.629880e-01 5.403520e-01
625 2.962160e-01 1.630680e-01 5.407160e-01
626 2.960320e-01 1.629480e-01 5.410200e-01
627 2.964520e-01 1.632480e-01 5.403000e-01
628 2.959800e-01 1.638000e-01 5.402200e-01
629 2.961040e-01 1.633000e-01 5.405960e-01
630 2.955960e-01 1.635880e-01 5.408160e-01
631 2.955840e-01 1.636080e-01 5.408080e-01
632 2.949120e-01 1.638960e-01 5.411920e-01
633 2.939600e-01 1.640640e-01 5.419760e-01
634 2.938240e-01 1.639200e-01 5.422560e-01
635 2.932120e-01 1.641240e-01 5.426640e-01
636 2.938120e-01 1.638760e-01 5.423120e-01
637 2.936680e-01 1.640280e-01 5.423040e-01
638 2.935400e-01 1.641240e-01 5.423360e-01
639 2.938080e-01 1.639040e-01 5.422880e-01
640 2.938040e-01 1.634160e-01 5.427800e-01
641 2.936080e-01 1.635200e-01 5.428720e-01
642 2.939480e-01 1.633760e-01 5.426760e-01
643 2.937920e-01 1.629640e-01 5.432440e-01
644 2.937000e-01 1.628640e-01 5.434360e-01
645 2.939800e-01 1.624880e-01 5.435320e-01
646 2.943960e-01 1.625360e-01 5.430680e-01
647 2.942600e-01 1.620160e-01 5.437240e-01
648 2.944120e-01 1.620280e-01 5.435600e-01
649 2.944280e-01 1.621400e-01 5.434320e-01
650 2.947480e-01 1.622200e-01 5.430320e-01
651 2.954640e-01 1.618040e-01 5.427320e-01
652 2.954840e-01 1.619720e-01 5.425440e-01
653 2.956000e-01 1.621920e-01 5.422080e-01
654 2.960200e-01 1.622360e-01 5.417440e-01
655 2.954840e-01 1.625320e-01 5.419840e-01
656 2.948520e-01 1.629000e-01 5.422480e-01
657 2.950440e-01 1.628680e-01 5.420880e-01
658 2.958880e-01 1.616760e-01 5.424360e-01
659 2.964480e-01 1.616440e-01 5.419080e-01
660 2.970360e-01 1.609920e-01 5.419720e-01
661 2.970680e-01 1.615320e-01 5.414000e-01
662 2.975600e-01 1.613600e-01 5.410800e-01
663 2.974320e-01 1.610600e-01 5.415080e-01
664 2.976640e-01 1.610040e-01 5.413320e-01
665 2.980120e-01 1.601720e-01 5.418160e-01
666 2.980680e-01 1.603160e-01 5.416160e-01
667 2.987400e-01 1.600240e-01 5.412360e-01
668 2.988840e-01 1.600320e-01 5.410840e-01
669 2.991000e-01 1.600560e-01 5.408440e-01
670 2.993760e-01 1.604880e-01 5.401360e-01
671 2.993080e-01 1.603440e-01 5.403480e-01
672 2.996040e-01 1.601080e-01 5.402880e-01
673 2.999640e-01 1.597640e-01 5.402720e-01
674 2.996280e-01 1.603240e-01 5.400480e-01
675 2.998320e-01 1.604720e-01 5.396960e-01
676 3.001080e-01 1.605320e-01 5.393600e-01
677 3.000080e-01 1.608120e-01 5.391800e-01
678 2.990560e-01 1.618680e-01 5.390760e-01
679 2.988560e-01 1.618320e-01 5.393120e-01
680 2.985920e-01 1.615160e-01 5.398920e-01
681 2.988800e-01 1.614200e-01 5.397000e-01
682 2.985800e-01 1.617560e-01 5.396640e-01
683 2.979960e-01 1.622800e-01 5.397240e-01
684 2.978280e-01 1.624680e-01 5.397040e-01
685 2.981320e-01 1.625240e-01 5.393440e-01
686 2.983720e-01 1.626520e-01 5.389760e-01
687 2.981200e-01 1.627360e-01 5.391440e-01
688 2.972640e-01 1.634400e-01 5.392960e-01
689 2.970320e-01 1.636240e-01 5.393440e-01
690 2.969360e-01 1.640760e-01 5.389880e-01
691 2.969640e-01 1.643880e-01 5.386480e-01
692 2.967880e-01 1.643000e-01 5.389120e-01
693 2.968760e-01 1.643600e-01 5.387640e-01
694 2.969320e-01 1.647200e-01 5.383480e-01
695 2.966920e-01 1.651360e-01 5.381720e-01
696 2.964880e-01 1.651560e-01 5.383560e-01
697 2.966800e-01 1.648720e-01 5.384480e-01
698 2.967640e-01 1.644360e-01 5.388000e-01
699 2.962840e-01 1.644040e-01 5.393120e-01
700 2.964240e-01 1.644200e-01 5.391560e-01
701 2.960000e-01 1.642600e-01 5.397400e-01
702 2.962640e-01 1.637320e-01 5.400040e-01
703 2.959480e-01 1.639440e-01 5.401080e-01
704 2.961080e-01 1.638720e-01 5.400200e-01
705 2.957920e-01 1.637760e-01 5.404320e-01
706 2.962200e-01 1.635680e-01 5.402120e-01
707 2.967640e-01 1.629320e-01 5.403040e-01
708 2.967040e-01 1.629000e-01 5.403960e-01
709 2.968760e-01 1.624120e-01 5.407120e-01
710 2.972600e-01 1.621640e-01 5.405760e-01
711 2.970280e-01 1.620920e-01 5.408800e-01
712 2.975040e-01 1.617320e-01 5.407640e-01
713 2.974280e-01 1.618680e-01 5.407040e-01
714 2.979520e-01 1.617960e-01 5.402520e-01
715 2.981680e-01 1.611880e-01 5.406440e-01
716 2.980640e-01 1.611400e-01 5.407960e-01
717 2.984840e-01 1.606280e-01 5.408880e-01
718 2.983880e-01 1.610360e-01 5.405760e-01
719 2.986800e-01 1.609680e-01 5.403520e-01
720 2.989920e-01 1.610120e-01 5.399960e-01
721 2.984920e-01 1.612480e-01 5.402600e-01
722 2.980440e-01 1.618400e-01 5.401160e-01
723 2.979840e-01 1.617920e-01 5.402240e-01
724 2.979320e-01 1.613680e-01 5.407000e-01
725 2.975080e-01 1.619520e-01 5.405400e-01
726 2.977120e-01 1.619560e-01 5.403320e-01
727 2.980320e-01 1.622880e-01 5.396800e-01
728 2.977080e-01 1.623080e-01 5.399840e-01
729 2.982000e-01 1.621720e-01 5.396280e-01
730 2.977520e-01 1.626960e-01 5.395520e-01
731 2.975840e-01 1.627200e-01 5.396960e-01
732 2.973040e-01 1.626240e-01 5.400720e-01
733 2.970840e-01 1.630160e-01 5.399000e-01
734 2.969960e-01 1.641240e-01 5.388800e-01
735 2.967840e-01 1.644520e-01 5.387640e-01
736 2.955640e-01 1.652400e-01 5.391960e-01
737 2.950720e-01 1.656360e-01 5.392920e-01
738 2.950400e-01 1.654920e-01 5.394680e-01
739 2.944080e-01 1.652000e-01 5.403920e-01
740 2.944040e-01 1.653320e-01 5.402640e-01
741 2.935880e-01 1.656280e-01 5.407840e-01
742 2.930560e-01 1.661560e-01 5.407880e-01
743 2.926440e-01 1.663360e-01 5.410200e-01
744 2.926800e-01 1.663120e-01 5.410080e-01
745 2.919200e-01 1.667040e-01 5.413760e-01
746 2.917000e-01 1.662160e-01 5.420840e-01
747 2.917560e-01 1.662360e-01 5.420080e-01
748 2.912600e-01 1.665480e-01 5.421920e-01
749 2.910880e-01 1.666440e-01 5.422680e-01
750 2.914200e-01 1.658560e-01 5.427240e-01
751 2.916520e-01 1.655760e-01 5.427720e-01
752 2.919600e-01 1.652320e-01 5.428080e-01
753 2.927720e-01 1.646080e-01 5.426200e-01
754 2.926560e-01 1.645960e-01 5.427480e-01
755 2.924880e-01 1.647680e-01 5.427440e-01
756 2.927960e-01 1.645040e-01 5.427000e-01
757 2.920040e-01 1.642040e-01 5.437920e-01
758 2.923160e-01 1.637200e-01 5.439640e-01
759 2.928440e-01 1.634040e-01 5.437520e-01
760 2.932480e-01 1.626520e-01 5.441000e-01
761 2.937920e-01 1.626440e-01 5.435640e-01
762 2.941720e-01 1.624520e-01 5.433760e-01
763 2.943800e-01 1.623520e-01 5.432680e-01
764 2.947520e-01 1.618160e-01 5.434320e-01
765 2.943680e-01 1.621200e-01 5.435120e-01
766 2.942320e-01 1.620760e-01 5.436920e-01
767 2.945560e-01 1.617240e-01 5.437200e-01
768 2.947840e-01 1.613160e-01 5.439000e-01
769 2.950520e-01 1.613240e-01 5.436240e-01
770 2.948040e-01 1.615800e-01 5.436160e-01
771 2.959160e-01 1.615400e-01 5.425440e-01
772 2.965120e-01 1.614640e-01 5.420240e-01
773 2.967640e-01 1.615080e-01 5.417280e-01
774 2.970400e-01 1.616560e-01 5.413040e-01
775 2.977720e-01 1.611880e-01 5.410400e-01
776 2.982920e-01 1.607760e-01 5.409320e-01
777 2.980920e-01 1.609120e-01 5.409960e-01
778 2.982760e-01 1.607720e-01 5.409520e-01
779 2.989800e-01 1.608200e-01 5.402000e-01
780 2.989920e-01 1.611680e-01 5.398400e-01
781 2.985240e-01 1.619280e-01 5.395480e-01
782 2.980520e-01 1.622200e-01 5.397280e-01
783 2.979440e-01 1.618960e-01 5.401600e-01
784 2.977640e-01 1.621120e-01 5.401240e-01
785 2.976960e-01 1.622040e-01 5.401000e-01
786 2.974360e-01 1.625240e-01 5.400400e-01
787 2.975480e-01 1.622440e-01 5.402080e-01
788 2.977920e-01 1.623160e-01 5.398920e-01
789 2.978000e-01 1.623640e-01 5.398360e-01
790 2.984080e-01 1.620760e-01 5.395160e-01
791 2.981600e-01 1.620000e-01 5.398400e-01
792 2.977280e-01 1.623440e-01 5.399280e-01
793 2.968160e-01 1.626920e-01 5.404920e-01
794 2.969400e-01 1.629160e-01 5.401440e-01
795 2.967160e-01 1.628840e-01 5.404000e-01
796 2.967800e-01 1.625160e-01 5.407040e-01
797 2.964120e-01 1.626960e-01 5.408920e-01
798 2.962800e-01 1.629200e-01 5.408000e-01
799 2.963280e-01 1.629280e-01 5.407440e-01
800 2.963280e-01 1.629000e-01 5.407720e-01
801 2.964120e-01 1.626640e-01 5.409240e-01
802 2.965800e-01 1.624400e-01 5.409800e-01
803 2.957640e-01 1.626720e-01 5.415640e-01
804 2.959280e-01 1.628600e-01 5.412120e-01
805 2.964960e-01 1.625560e-01 5.409480e-01
806 2.963040e-01 1.621160e-01 5.415800e-01
807 2.965560e-01 1.619280e-01 5.415160e-01
808 2.967040e-01 1.619000e-01 5.413960e-01
809 2.974440e-01 1.617000e-01 5.408560e-01
810 2.970960e-01 1.625240e-01 5.403800e-01
811 2.971840e-01 1.622920e-01 5.405240e-01
812 2.968000e-01 1.623120e-01 5.408880e-01
813 2.967920e-01 1.621600e-01 5.410480e-01
814 2.963880e-01 1.625720e-01 5.410400e-01
815 2.968680e-01 1.618800e-01 5.412520e-01
816 2.966720e-01 1.620040e-01 5.413240e-01
817 2.968320e-01 1.622000e-01 5.409680e-01
818 2.972720e-01 1.620760e-01 5.406520e-01
819 2.977560e-01 1.613160e-01 5.409280e-01
820 2.977240e-01 1.614720e-01 5.408040e-01
821 2.977440e-01 1.615920e-01 5.406640e-01
822 2.973760e-01 1.620240e-01 5.406000e-01
823 2.966440e-01 1.615240e-01 5.418320e-01
824 2.965160e-01 1.622320e-01 5.412520e-01
825 2.963560e-01 1.622880e-01 5.413560e-01
826 2.965000e-01 1.620120e-01 5.414880e-01
827 2.966920e-01 1.618400e-01 5.414680e-01
828 2.972720e-01 1.619760e-01 5.407520e-01
829 2.974400e-01 1.619640e-01 5.405960e-01
830 2.973240e-01 1.624720e-01 5.402040e-01
831 2.978160e-01 1.624640e-01 5.397200e-01
832 2.976800e-01 1.622440e-01 5.400760e-01
833 2.969120e-01 1.628560e-01 5.402320e-01
834 2.968320e-01 1.629800e-01 5.401880e-01
835 2.965880e-01 1.632240e-01 5.401880e-01
836 2.965880e-01 1.629720e-01 5.404400e-01
837 2.957880e-01 1.636320e-01 5.405800e-01
838 2.963440e-01 1.633520e-01 5.403040e-01
839 2.968480e-01 1.633560e-01 5.397960e-01
840 2.965640e-01 1.634320e-01 5.400040e-01
841 2.967120e-01 1.631760e-01 5.401120e-01
842 2.965520e-01 1.630960e-01 5.403520e-01
843 2.968400e-01 1.626440e-01 5.405160e-01
844 2.972160e-01 1.627040e-01 5.400800e-01
845 2.974240e-01 1.622200e-01 5.403560e-01
846 2.970560e-01 1.626840e-01 5.402600e-01
847 2.969160e-01 1.623520e-01 5.407320e-01
848 2.970240e-01 1.625600e-01 5.404160e-01
849 2.968400e-01 1.626840e-01 5.404760e-01
850 2.967880e-01 1.624040e-01 5.408080e-01
851 2.970280e-01 1.620440e-01 5.409280e-01
852 2.974880e-01 1.623040e-01 5.402080e-01
853 2.971440e-01 1.622560e-01 5.406000e-01
854 2.970680e-01 1.619720e-01 5.409600e-01
855 2.968840e-01 1.626080e-01 5.405080e-01
856 2.967960e-01 1.628840e-01 5.403200e-01
857 2.964680e-01 1.627160e-01 5.408160e-01
858 2.962080e-01 1.629800e-01 5.408120e-01
859 2.962280e-01 1.634880e-01 5.402840e-01
860 2.957400e-01 1.637800e-01 5.404800e-01
861 2.956840e-01 1.636480e-01 5.406680e-01
862 2.962360e-01 1.632240e-01 5.405400e-01
863 2.959920e-01 1.641200e-01 5.398880e-01
864 2.953040e-01 1.642560e-01 5.404400e-01
865 2.947480e-01 1.645960e-01 5.406560e-01
866 2.941000e-01 1.647800e-01 5.411200e-01
867 2.940040e-01 1.646800e-01 5.413160e-01
868 2.943320e-01 1.643080e-01 5.413600e-01
869 2.944240e-01 1.643200e-01 5.412560e-01
870 2.947280e-01 1.636360e-01 5.416360e-01
871 2.945120e-01 1.635160e-01 5.419720e-01
872 2.938320e-01 1.636240e-01 5.425440e-01
873 2.940360e-01 1.635040e-01 5.424600e-01
874 2.937000e-01 1.634640e-01 5.428360e-01
875 2.935560e-01 1.636960e-01 5.427480e-01
876 2.941480e-01 1.633560e-01 5.424960e-01
877 2.942640e-01 1.631320e-01 5.426040e-01
878 2.947440e-01 1.625120e-01 5.427440e-01
879 2.952120e-01 1.623680e-01 5.424200e-01
880 2.956680e-01 1.623080e-01 5.420240e-01
881 2.951320e-01 1.630680e-01 5.418000e-01
882 2.950760e-01 1.628600e-01 5.420640e-01
883 2.948520e-01 1.632920e-01 5.418560e-01
884 2.950000e-01 1.626240e-01 5.423760e-01
885 2.954160e-01 1.626040e-01 5.419800e-01
886 2.954160e-01 1.629120e-01 5.416720e-01
887 2.955440e-01 1.626160e-01 5.418400e-01
888 2.950560e-01 1.631720e-01 5.417720e-01
889 2.950520e-01 1.631040e-01 5.418440e-01
890 2.950640e-01 1.631680e-01 5.417680e-01
891 2.947600e-01 1.639360e-01 5.413040e-01
892 2.946760e-01 1.638360e-01 5.414880e-01
893 2.943440e-01 1.643040e-01 5.413520e-01
894 2.944520e-01 1.641040e-01 5.414440e-01
895 2.944960e-01 1.641680e-01 5.413360e-01
896 2.938600e-01 1.640880e-01 5.420520e-01
897 2.931960e-01 1.644840e-01 5.423200e-01
898 2.928240e-01 1.639960e-01 5.431800e-01
899 2.932640e-01 1.632120e-01 5.435240e-01
900 2.935960e-01 1.628880e-01 5.435160e-01
901 2.936320e-01 1.623280e-01 5.440400e-01
902 2.938400e-01 1.616200e-01 5.445400e-01
903 2.940080e-01 1.618320e-01 5.441600e-01
904 2.942240e-01 1.617160e-01 5.440600e-01
905 2.942560e-01 1.622320e-01 5.435120e-01
906 2.940840e-01 1.622760e-01 5.436400e-01
907 2.944320e-01 1.621360e-01 5.434320e-01
908 2.947520e-01 1.625560e-01 5.426920e-01
909 2.946080e-01 1.626120e-01 5.427800e-01
910 2.944200e-01 1.624080e-01 5.431720e-01
911 2.942880e-01 1.620440e-01 5.436680e-01
912 2.938600e-01 1.623880e-01 5.437520e-01
913 2.942920e-01 1.618400e-01 5.438680e-01
914 2.947080e-01 1.617800e-01 5.435120e-01
915 2.946040e-01 1.616240e-01 5.437720e-01
916 2.948040e-01 1.614560e-01 5.437400e-01
917 2.956280e-01 1.612120e-01 5.431600e-01
918 2.953840e-01 1.612680e-01 5.433480e-01
919 2.951440e-01 1.610200e-01 5.438360e-01
920 2.949880e-01 1.610840e-01 5.439280e-01
921 2.951480e-01 1.614840e-01 5.433680e-01
922 2.955200e-01 1.617920e-01 5.426880e-01
923 2.951240e-01 1.621880e-01 5.426880e-01
924 2.951440e-01 1.622040e-01 5.426520e-01
925 2.948840e-01 1.626440e-01 5.424720e-01
926 2.953360e-01 1.627200e-01 5.419440e-01
927 2.955560e-01 1.622920e-01 5.421520e-01
928 2.959640e-01 1.618960e-01 5.421400e-01
929 2.955240e-01 1.620080e-01 5.424680e-01
930 2.959920e-01 1.616000e-01 5.424080e-01
931 2.962800e-01 1.614880e-01 5.422320e-01
932 2.965600e-01 1.613120e-01 5.421280e-01
