1 9.991600e-01 7.360000e-04 1.040000e-04
2 9.984480e-01 1.316000e-03 2.360000e-04
3 9.976720e-01 1.828000e-03 5.000000e-04
4 9.966760e-01 2.400000e-03 9.240000e-04
5 9.952680e-01 3.352000e-03 1.380000e-03
6 9.935280e-01 4.524000e-03 1.948000e-03
7 9.916120e-01 5.716000e-03 2.672000e-03
8 9.892920e-01 7.268000e-03 3.440000e-03
9 9.866360e-01 8.872000e-03 4.492000e-03
10 9.837400e-01 1.047600e-02 5.784000e-03
11 9.805160e-01 1.210000e-02 7.384000e-03
12 9.765440e-01 1.442000e-02 9.036000e-03
13 9.721920e-01 1.664800e-02 1.116000e-02
14 9.676880e-01 1.895600e-02 1.335600e-02
15 9.629360e-01 2.132400e-02 1.574000e-02
16 9.578520e-01 2.378000e-02 1.836800e-02
17 9.519960e-01 2.645200e-02 2.155200e-02
18 9.455440e-01 2.948000e-02 2.497600e-02
19 9.388000e-01 3.265200e-02 2.854800e-02
20 9.317960e-01 3.568800e-02 3.251600e-02
21 9.247840e-01 3.848400e-02 3.673200e-02
22 9.173000e-01 4.123600e-02 4.146400e-02
23 9.094880e-01 4.446000e-02 4.605200e-02
24 9.012400e-01 4.759600e-02 5.116400e-02
25 8.923240e-01 5.105600e-02 5.662000e-02
26 8.831280e-01 5.500000e-02 6.187200e-02
27 8.733280e-01 5.888800e-02 6.778400e-02
28 8.634240e-01 6.265200e-02 7.392400e-02
29 8.535080e-01 6.584400e-02 8.064800e-02
30 8.432960e-01 6.955200e-02 8.715200e-02
31 8.330800e-01 7.333600e-02 9.358400e-02
32 8.227760e-01 7.677200e-02 1.004520e-01
33 8.130600e-01 7.995200e-02 1.069880e-01
34 8.031520e-01 8.290800e-02 1.139400e-01
35 7.924960e-01 8.631600e-02 1.211880e-01
36 7.820520e-01 8.920800e-02 1.287400e-01
37 7.717880e-01 9.232400e-02 1.358880e-01
38 7.609560e-01 9.571600e-02 1.433280e-01
39 7.503400e-01 9.854000e-02 1.511200e-01
40 7.396880e-01 1.015880e-01 1.587240e-01
41 7.291040e-01 1.046320e-01 1.662640e-01
42 7.186880e-01 1.071920e-01 1.741200e-01
43 7.083360e-01 1.099120e-01 1.817520e-01
44 6.977600e-01 1.130600e-01 1.891800e-01
45 6.872080e-01 1.156920e-01 1.971000e-01
46 6.767120e-01 1.184200e-01 2.048680e-01
47 6.659400e-01 1.213320e-01 2.127280e-01
48 6.552680e-01 1.245440e-01 2.201880e-01
49 6.445120e-01 1.274040e-01 2.280840e-01
50 6.344960e-01 1.293040e-01 2.362000e-01
51 6.233720e-01 1.321600e-01 2.444680e-01
52 6.128480e-01 1.339440e-01 2.532080e-01
53 6.033080e-01 1.360160e-01 2.606760e-01
54 5.945280e-01 1.373240e-01 2.681480e-01
55 5.853240e-01 1.388560e-01 2.758200e-01
56 5.757160e-01 1.409240e-01 2.833600e-01
57 5.667840e-01 1.428880e-01 2.903280e-01
58 5.582960e-01 1.442200e-01 2.974840e-01
59 5.497440e-01 1.461840e-01 3.040720e-01
60 5.415080e-01 1.473800e-01 3.111120e-01
61 5.344800e-01 1.476520e-01 3.178680e-01
62 5.278320e-01 1.482160e-01 3.239520e-01
63 5.203440e-01 1.494720e-01 3.301840e-01
64 5.132800e-01 1.503360e-01 3.363840e-01
65 5.066480e-01 1.512160e-01 3.421360e-01
66 4.999080e-01 1.530560e-01 3.470360e-01
67 4.934000e-01 1.538520e-01 3.527480e-01
68 4.871000e-01 1.544640e-01 3.584360e-01
69 4.806560e-01 1.556800e-01 3.636640e-01
70 4.751720e-01 1.563920e-01 3.684360e-01
71 4.689240e-01 1.574440e-01 3.736320e-01
72 4.632480e-01 1.577760e-01 3.789760e-01
73 4.578600e-01 1.580800e-01 3.840600e-01
74 4.524360e-01 1.584800e-01 3.890840e-01
75 4.469040e-01 1.591520e-01 3.939440e-01
76 4.417680e-01 1.594960e-01 3.987360e-01
77 4.365040e-01 1.602880e-01 4.032080e-01
78 4.312600e-01 1.612400e-01 4.075000e-01
79 4.264120e-01 1.617120e-01 4.118760e-01
80 4.214240e-01 1.621640e-01 4.164120e-01
81 4.166320e-01 1.629160e-01 4.204520e-01
82 4.112320e-01 1.638640e-01 4.249040e-01
83 4.071440e-01 1.641520e-01 4.287040e-01
84 4.029080e-01 1.643480e-01 4.327440e-01
85 3.993720e-01 1.641800e-01 4.364480e-01
86 3.950000e-01 1.647440e-01 4.402560e-01
87 3.914200e-01 1.650720e-01 4.435080e-01
88 3.875280e-01 1.657120e-01 4.467600e-01
89 3.833960e-01 1.659240e-01 4.506800e-01
90 3.801000e-01 1.657720e-01 4.541280e-01
91 3.764000e-01 1.663440e-01 4.572560e-01
92 3.732120e-01 1.667400e-01 4.600480e-01
93 3.697880e-01 1.669880e-01 4.632240e-01
94 3.662080e-01 1.680080e-01 4.657840e-01
95 3.624440e-01 1.678360e-01 4.697200e-01
96 3.595560e-01 1.675680e-01 4.728760e-01
97 3.569920e-01 1.684280e-01 4.745800e-01
98 3.545560e-01 1.684960e-01 4.769480e-01
99 3.511720e-01 1.694440e-01 4.793840e-01
100 3.485840e-01 1.698240e-01 4.815920e-01
101 3.458520e-01 1.698480e-01 4.843000e-01
102 3.428360e-01 1.702640e-01 4.869000e-01
103 3.402360e-01 1.702520e-01 4.895120e-01
104 3.380560e-01 1.700080e-01 4.919360e-01
105 3.362160e-01 1.692000e-01 4.945840e-01
106 3.338800e-01 1.696200e-01 4.965000e-01
107 3.317840e-01 1.689000e-01 4.993160e-01
108 3.302240e-01 1.689720e-01 5.008040e-01
109 3.287800e-01 1.679640e-01 5.032560e-01
110 3.267440e-01 1.674280e-01 5.058280e-01
111 3.252800e-01 1.674440e-01 5.072760e-01
112 3.243320e-01 1.663240e-01 5.093440e-01
113 3.232720e-01 1.663120e-01 5.104160e-01
114 3.218680e-01 1.663920e-01 5.117400e-01
115 3.213320e-01 1.661720e-01 5.124960e-01
116 3.206000e-01 1.652560e-01 5.141440e-01
117 3.194560e-01 1.654560e-01 5.150880e-01
118 3.188600e-01 1.648040e-01 5.163360e-01
119 3.180640e-01 1.644640e-01 5.174720e-01
120 3.178400e-01 1.643720e-01 5.177880e-01
121 3.172800e-01 1.641600e-01 5.185600e-01
122 3.169280e-01 1.639280e-01 5.191440e-01
123 3.157000e-01 1.638080e-01 5.204920e-01
124 3.155160e-01 1.632880e-01 5.211960e-01
125 3.145520e-01 1.627960e-01 5.226520e-01
126 3.139800e-01 1.627600e-01 5.232600e-01
127 3.139080e-01 1.627120e-01 5.233800e-01
128 3.130200e-01 1.630600e-01 5.239200e-01
129 3.127960e-01 1.627360e-01 5.244680e-01
130 3.125240e-01 1.623600e-01 5.251160e-01
131 3.121920e-01 1.621560e-01 5.256520e-01
132 3.119120e-01 1.621600e-01 5.259280e-01
133 3.106680e-01 1.626880e-01 5.266440e-01
134 3.098640e-01 1.634120e-01 5.267240e-01
135 3.097360e-01 1.627640e-01 5.275000e-01
136 3.094160e-01 1.625760e-01 5.280080e-01
137 3.086040e-01 1.627680e-01 5.286280e-01
138 3.080560e-01 1.628840e-01 5.290600e-01
139 3.074800e-01 1.628200e-01 5.297000e-01
140 3.068200e-01 1.634040e-01 5.297760e-01
141 3.058440e-01 1.635800e-01 5.305760e-01
142 3.056560e-01 1.634640e-01 5.308800e-01
143 3.048880e-01 1.639640e-01 5.311480e-01
144 3.049200e-01 1.635080e-01 5.315720e-01
145 3.048520e-01 1.637080e-01 5.314400e-01
146 3.049280e-01 1.638760e-01 5.311960e-01
147 3.041560e-01 1.644000e-01 5.314440e-01
148 3.040480e-01 1.640320e-01 5.319200e-01
149 3.031960e-01 1.642200e-01 5.325840e-01
150 3.032600e-01 1.642280e-01 5.325120e-01
151 3.030600e-01 1.643160e-01 5.326240e-01
152 3.030600e-01 1.643920e-01 5.325480e-01
153 3.027200e-01 1.645720e-01 5.327080e-01
154 3.019520e-01 1.649520e-01 5.330960e-01
155 3.013280e-01 1.653360e-01 5.333360e-01
156 2.999360e-01 1.657720e-01 5.342920e-01
157 2.991440e-01 1.660320e-01 5.348240e-01
158 2.987360e-01 1.660720e-01 5.351920e-01
159 2.982880e-01 1.660360e-01 5.356760e-01
160 2.980160e-01 1.658240e-01 5.361600e-01
161 2.973640e-01 1.658440e-01 5.367920e-01
162 2.970240e-01 1.659760e-01 5.370000e-01
163 2.967280e-01 1.659240e-01 5.373480e-01
164 2.966600e-01 1.654400e-01 5.379000e-01
165 2.965160e-01 1.649160e-01 5.385680e-01
166 2.963920e-01 1.651360e-01 5.384720e-01
167 2.959000e-01 1.648760e-01 5.392240e-01
168 2.955960e-01 1.645600e-01 5.398440e-01
169 2.957400e-01 1.640520e-01 5.402080e-01
170 2.956840e-01 1.641320e-01 5.401840e-01
171 2.956880e-01 1.642800e-01 5.400320e-01
172 2.959360e-01 1.645280e-01 5.395360e-01
173 2.958200e-01 1.644560e-01 5.397240e-01
174 2.956720e-01 1.643000e-01 5.400280e-01
175 2.959720e-01 1.640880e-01 5.399400e-01
176 2.964440e-01 1.637200e-01 5.398360e-01
177 2.966480e-01 1.629080e-01 5.404440e-01
178 2.965040e-01 1.629880e-01 5.405080e-01
179 2.960920e-01 1.626600e-01 5.412480e-01
180 2.955080e-01 1.626400e-01 5.418520e-01
181 2.958800e-01 1.623440e-01 5.417760e-01
182 2.954040e-01 1.627800e-01 5.418160e-01
183 2.952200e-01 1.632520e-01 5.415280e-01
184 2.949720e-01 1.630480e-01 5.419800e-01
185 2.952200e-01 1.625680e-01 5.422120e-01
186 2.954760e-01 1.626320e-01 5.418920e-01
187 2.957600e-01 1.622160e-01 5.420240e-01
188 2.954440e-01 1.624600e-01 5.420960e-01
189 2.957520e-01 1.623920e-01 5.418560e-01
190 2.966520e-01 1.618480e-01 5.415000e-01
191 2.965920e-01 1.620840e-01 5.413240e-01
192 2.969720e-01 1.621960e-01 5.408320e-01
193 2.971400e-01 1.619080e-01 5.409520e-01
194 2.971080e-01 1.621000e-01 5.407920e-01
195 2.966920e-01 1.619280e-01 5.413800e-01
196 2.970680e-01 1.614320e-01 5.415000e-01
197 2.968280e-01 1.622640e-01 5.409080e-01
198 2.969880e-01 1.626680e-01 5.403440e-01
199 2.971680e-01 1.627840e-01 5.400480e-01
200 2.971480e-01 1.633600e-01 5.394920e-01
201 2.964920e-01 1.637800e-01 5.397280e-01
202 2.961280e-01 1.640400e-01 5.398320e-01
203 2.960600e-01 1.639600e-01 5.399800e-01
204 2.957200e-01 1.639440e-01 5.403360e-01
205 2.955800e-01 1.640280e-01 5.403920e-01
206 2.949280e-01 1.639960e-01 5.410760e-01
207 2.943840e-01 1.641280e-01 5.414880e-01
208 2.943640e-01 1.643200e-01 5.413160e-01
209 2.938040e-01 1.639520e-01 5.422440e-01
210 2.940320e-01 1.635280e-01 5.424400e-01
211 2.936920e-01 1.634320e-01 5.428760e-01
212 2.937200e-01 1.633040e-01 5.429760e-01
213 2.936080e-01 1.626120e-01 5.437800e-01
214 2.934640e-01 1.623680e-01 5.441680e-01
215 2.934440e-01 1.627080e-01 5.438480e-01
216 2.939200e-01 1.626080e-01 5.434720e-01
217 2.944400e-01 1.620000e-01 5.435600e-01
218 2.945920e-01 1.620800e-01 5.433280e-01
219 2.945920e-01 1.623920e-01 5.430160e-01
220 2.944960e-01 1.621840e-01 5.433200e-01
221 2.948520e-01 1.618640e-01 5.432840e-01
222 2.954120e-01 1.616160e-01 5.429720e-01
223 2.963960e-01 1.610280e-01 5.425760e-01
224 2.968320e-01 1.616000e-01 5.415680e-01
225 2.970480e-01 1.610880e-01 5.418640e-01
226 2.970240e-01 1.605600e-01 5.424160e-01
227 2.972520e-01 1.602720e-01 5.424760e-01
228 2.974160e-01 1.605560e-01 5.420280e-01
229 2.979480e-01 1.607600e-01 5.412920e-01
230 2.986240e-01 1.610720e-01 5.403040e-01
231 2.983320e-01 1.614560e-01 5.402120e-01
232 2.988880e-01 1.608920e-01 5.402200e-01
233 2.989680e-01 1.608760e-01 5.401560e-01
234 2.992880e-01 1.608040e-01 5.399080e-01
235 2.997200e-01 1.610880e-01 5.391920e-01
236 3.003560e-01 1.615880e-01 5.380560e-01
237 3.001440e-01 1.620080e-01 5.378480e-01
238 2.995720e-01 1.623600e-01 5.380680e-01
239 2.990320e-01 1.623560e-01 5.386120e-01
240 2.978840e-01 1.635640e-01 5.385520e-01
241 2.976760e-01 1.636920e-01 5.386320e-01
242 2.966120e-01 1.643560e-01 5.390320e-01
243 2.964000e-01 1.641360e-01 5.394640e-01
244 2.970600e-01 1.630080e-01 5.399320e-01
245 2.970840e-01 1.636840e-01 5.392320e-01
246 2.969800e-01 1.634360e-01 5.395840e-01
247 2.970040e-01 1.633120e-01 5.396840e-01
248 2.974080e-01 1.632480e-01 5.393440e-01
249 2.978280e-01 1.629560e-01 5.392160e-01
250 2.977680e-01 1.631600e-01 5.390720e-01
251 2.976000e-01 1.628840e-01 5.395160e-01
252 2.978280e-01 1.621600e-01 5.400120e-01
253 2.972600e-01 1.625080e-01 5.402320e-01
254 2.971480e-01 1.626920e-01 5.401600e-01
255 2.966960e-01 1.627560e-01 5.405480e-01
256 2.970720e-01 1.629720e-01 5.399560e-01
257 2.961080e-01 1.637320e-01 5.401600e-01
258 2.965280e-01 1.627440e-01 5.407280e-01
259 2.970320e-01 1.619840e-01 5.409840e-01
260 2.966040e-01 1.620840e-01 5.413120e-01
261 2.969640e-01 1.620000e-01 5.410360e-01
262 2.970040e-01 1.623080e-01 5.406880e-01
263 2.974680e-01 1.623520e-01 5.401800e-01
264 2.976640e-01 1.626120e-01 5.397240e-01
265 2.975920e-01 1.623680e-01 5.400400e-01
266 2.974400e-01 1.624760e-01 5.400840e-01
267 2.978720e-01 1.621200e-01 5.400080e-01
268 2.989320e-01 1.613960e-01 5.396720e-01
269 2.995600e-01 1.611840e-01 5.392560e-01
270 2.999960e-01 1.602520e-01 5.397520e-01
271 3.003320e-01 1.603280e-01 5.393400e-01
272 3.007280e-01 1.600000e-01 5.392720e-01
273 3.000080e-01 1.609840e-01 5.390080e-01
274 3.001880e-01 1.607440e-01 5.390680e-01
275 2.998520e-01 1.609320e-01 5.392160e-01
276 3.005560e-01 1.604760e-01 5.389680e-01
277 3.009960e-01 1.607600e-01 5.382440e-01
278 3.008840e-01 1.610400e-01 5.380760e-01
279 3.015800e-01 1.610840e-01 5.373360e-01
280 3.016080e-01 1.613920e-01 5.370000e-01
281 3.012440e-01 1.614320e-01 5.373240e-01
282 3.007040e-01 1.618320e-01 5.374640e-01
283 3.006680e-01 1.619960e-01 5.373360e-01
284 3.005680e-01 1.621320e-01 5.373000e-01
285 3.006040e-01 1.628400e-01 5.365560e-01
286 2.999120e-01 1.628560e-01 5.372320e-01
287 2.997680e-01 1.628560e-01 5.373760e-01
288 2.999680e-01 1.624600e-01 5.375720e-01
289 2.993160e-01 1.630400e-01 5.376440e-01
290 2.991800e-01 1.631760e-01 5.376440e-01
291 2.985880e-01 1.638560e-01 5.375560e-01
292 2.976000e-01 1.639040e-01 5.384960e-01
293 2.970400e-01 1.644520e-01 5.385080e-01
294 2.971400e-01 1.642880e-01 5.385720e-01
295 2.972000e-01 1.640320e-01 5.387680e-01
296 2.974160e-01 1.634320e-01 5.391520e-01
297 2.976520e-01 1.629560e-01 5.393920e-01
298 2.974080e-01 1.625880e-01 5.400040e-01
299 2.972800e-01 1.625080e-01 5.402120e-01
300 2.972760e-01 1.628040e-01 5.399200e-01
301 2.972800e-01 1.628000e-01 5.399200e-01
302 2.973280e-01 1.627720e-01 5.399000e-01
303 2.973120e-01 1.621240e-01 5.405640e-01
304 2.975480e-01 1.617440e-01 5.407080e-01
305 2.981240e-01 1.614720e-01 5.404040e-01
306 2.986960e-01 1.615480e-01 5.397560e-01
307 2.995440e-01 1.620800e-01 5.383760e-01
308 2.995880e-01 1.615920e-01 5.388200e-01
309 2.991960e-01 1.622200e-01 5.385840e-01
310 2.990240e-01 1.626680e-01 5.383080e-01
311 2.987400e-01 1.635280e-01 5.377320e-01
312 2.981080e-01 1.633520e-01 5.385400e-01
313 2.977040e-01 1.639400e-01 5.383560e-01
314 2.974880e-01 1.643760e-01 5.381360e-01
315 2.969320e-01 1.644240e-01 5.386440e-01
316 2.966680e-01 1.644880e-01 5.388440e-01
317 2.967680e-01 1.644120e-01 5.388200e-01
318 2.961520e-01 1.643400e-01 5.395080e-01
319 2.959280e-01 1.646880e-01 5.393840e-01
320 2.959480e-01 1.649240e-01 5.391280e-01
321 2.952240e-01 1.648800e-01 5.398960e-01
322 2.947080e-01 1.649240e-01 5.403680e-01
323 2.945600e-01 1.649640e-01 5.404760e-01
324 2.943920e-01 1.649560e-01 5.406520e-01
325 2.938840e-01 1.647920e-01 5.413240e-01
326 2.941600e-01 1.643440e-01 5.414960e-01
327 2.940520e-01 1.650240e-01 5.409240e-01
328 2.934240e-01 1.654560e-01 5.411200e-01
329 2.937120e-01 1.653280e-01 5.409600e-01
330 2.940000e-01 1.651560e-01 5.408440e-01
331 2.936360e-01 1.655600e-01 5.408040e-01
332 2.937560e-01 1.645760e-01 5.416680e-01
333 2.937480e-01 1.637640e-01 5.424880e-01
334 2.943160e-01 1.632560e-01 5.424280e-01
335 2.943040e-01 1.632680e-01 5.424280e-01
336 2.948280e-01 1.629920e-01 5.421800e-01
337 2.944160e-01 1.630920e-01 5.424920e-01
338 2.950320e-01 1.624200e-01 5.425480e-01
339 2.944680e-01 1.627080e-01 5.428240e-01
340 2.948760e-01 1.626680e-01 5.424560e-01
341 2.944200e-01 1.624840e-01 5.430960e-01
342 2.942880e-01 1.628440e-01 5.428680e-01
343 2.943440e-01 1.628200e-01 5.428360e-01
344 2.947920e-01 1.629320e-01 5.422760e-01
345 2.944800e-01 1.630240e-01 5.424960e-01
346 2.941160e-01 1.623960e-01 5.434880e-01
347 2.940440e-01 1.623560e-01 5.436000e-01
348 2.942440e-01 1.624240e-01 5.433320e-01
349 2.942160e-01 1.627520e-01 5.430320e-01
350 2.947000e-01 1.622200e-01 5.430800e-01
351 2.948080e-01 1.625760e-01 5.426160e-01
352 2.951360e-01 1.622000e-01 5.426640e-01
353 2.950240e-01 1.623560e-01 5.426200e-01
354 2.957560e-01 1.622360e-01 5.420080e-01
355 2.953400e-01 1.627560e-01 5.419040e-01
356 2.949880e-01 1.627200e-01 5.422920e-01
357 2.947800e-01 1.624040e-01 5.428160e-01
358 2.948680e-01 1.621560e-01 5.429760e-01
359 2.956880e-01 1.614600e-01 5.428520e-01
360 2.960680e-01 1.614800e-01 5.424520e-01
361 2.964080e-01 1.615440e-01 5.420480e-01
362 2.965600e-01 1.617240e-01 5.417160e-01
363 2.970480e-01 1.616560e-01 5.412960e-01
364 2.966920e-01 1.621320e-01 5.411760e-01
365 2.967800e-01 1.619360e-01 5.412840e-01
366 2.977000e-01 1.616560e-01 5.406440e-01
367 2.977520e-01 1.616800e-01 5.405680e-01
368 2.981160e-01 1.613200e-01 5.405640e-01
369 2.985000e-01 1.610600e-01 5.404400e-01
370 2.984000e-01 1.613920e-01 5.402080e-01
371 2.985720e-01 1.617120e-01 5.397160e-01
372 2.986600e-01 1.611920e-01 5.401480e-01
373 2.989640e-01 1.606440e-01 5.403920e-01
374 2.989280e-01 1.609600e-01 5.401120e-01
375 2.986600e-01 1.614640e-01 5.398760e-01
376 2.988680e-01 1.613480e-01 5.397840e-01
377 2.987320e-01 1.611800e-01 5.400880e-01
378 2.991480e-01 1.609760e-01 5.398760e-01
379 2.999400e-01 1.603440e-01 5.397160e-01
380 2.998160e-01 1.609280e-01 5.392560e-01
381 2.990080e-01 1.615640e-01 5.394280e-01
382 2.988960e-01 1.615400e-01 5.395640e-01
383 2.992680e-01 1.611000e-01 5.396320e-01
384 2.989400e-01 1.614040e-01 5.396560e-01
385 2.995480e-01 1.612320e-01 5.392200e-01
386 2.994600e-01 1.611520e-01 5.393880e-01
387 2.992800e-01 1.609760e-01 5.397440e-01
388 2.987680e-01 1.608120e-01 5.404200e-01
389 2.990720e-01 1.605320e-01 5.403960e-01
390 2.986520e-01 1.611280e-01 5.402200e-01
391 2.992160e-01 1.603520e-01 5.404320e-01
392 2.991240e-01 1.602080e-01 5.406680e-01
393 2.983840e-01 1.611280e-01 5.404880e-01
394 2.985880e-01 1.614040e-01 5.400080e-01
395 2.986720e-01 1.616920e-01 5.396360e-01
396 2.990680e-01 1.609360e-01 5.399960e-01
397 2.986360e-01 1.616520e-01 5.397120e-01
398 2.983320e-01 1.613200e-01 5.403480e-01
399 2.986680e-01 1.618480e-01 5.394840e-01
400 2.987360e-01 1.620400e-01 5.392240e-01
401 2.991080e-01 1.618920e-01 5.390000e-01
402 2.991640e-01 1.621480e-01 5.386880e-01
403 2.987760e-01 1.624000e-01 5.388240e-01
404 2.987520e-01 1.625120e-01 5.387360e-01
405 2.987440e-01 1.623800e-01 5.388760e-01
406 2.986760e-01 1.625720e-01 5.387520e-01
407 2.980840e-01 1.631360e-01 5.387800e-01
408 2.978760e-01 1.636040e-01 5.385200e-01
409 2.977520e-01 1.636920e-01 5.385560e-01
410 2.979000e-01 1.637360e-01 5.383640e-01
411 2.975320e-01 1.636160e-01 5.388520e-01
412 2.970920e-01 1.644480e-01 5.384600e-01
413 2.965280e-01 1.644080e-01 5.390640e-01
414 2.957920e-01 1.646920e-01 5.395160e-01
415 2.956680e-01 1.644880e-01 5.398440e-01
416 2.948360e-01 1.647680e-01 5.403960e-01
417 2.943840e-01 1.652560e-01 5.403600e-01
418 2.943720e-01 1.651880e-01 5.404400e-01
419 2.950320e-01 1.652800e-01 5.396880e-01
420 2.944920e-01 1.650760e-01 5.404320e-01
421 2.943720e-01 1.646960e-01 5.409320e-01
422 2.943120e-01 1.645120e-01 5.411760e-01
423 2.940520e-01 1.646760e-01 5.412720e-01
424 2.943080e-01 1.642000e-01 5.414920e-01
425 2.940680e-01 1.638920e-01 5.420400e-01
426 2.937160e-01 1.639000e-01 5.423840e-01
427 2.939280e-01 1.637440e-01 5.423280e-01
428 2.937760e-01 1.634920e-01 5.427320e-01
429 2.938960e-01 1.634560e-01 5.426480e-01
430 2.939400e-01 1.632720e-01 5.427880e-01
431 2.941240e-01 1.629240e-01 5.429520e-01
432 2.935400e-01 1.633000e-01 5.431600e-01
433 2.942520e-01 1.622400e-01 5.435080e-01
434 2.949440e-01 1.617040e-01 5.433520e-01
435 2.965400e-01 1.608720e-01 5.425880e-01
436 2.965800e-01 1.609760e-01 5.424440e-01
437 2.964240e-01 1.609160e-01 5.426600e-01
438 2.964160e-01 1.611120e-01 5.424720e-01
439 2.967680e-01 1.615840e-01 5.416480e-01
440 2.966240e-01 1.617000e-01 5.416760e-01
441 2.971120e-01 1.617320e-01 5.411560e-01
442 2.978760e-01 1.611680e-01 5.409560e-01
443 2.978640e-01 1.607320e-01 5.414040e-01
444 2.987440e-01 1.607680e-01 5.404880e-01
445 2.986840e-01 1.607400e-01 5.405760e-01
446 2.989960e-01 1.613720e-01 5.396320e-01
447 2.986360e-01 1.616560e-01 5.397080e-01
448 2.984760e-01 1.616080e-01 5.399160e-01
449 2.982520e-01 1.617720e-01 5.399760e-01
450 2.981600e-01 1.613480e-01 5.404920e-01
451 2.988200e-01 1.611240e-01 5.400560e-01
452 2.980440e-01 1.617200e-01 5.402360e-01
453 2.982080e-01 1.620120e-01 5.397800e-01
454 2.977960e-01 1.622520e-01 5.399520e-01
455 2.971480e-01 1.621600e-01 5.406920e-01
456 2.980400e-01 1.619400e-01 5.400200e-01
457 2.980360e-01 1.621280e-01 5.398360e-01
458 2.976480e-01 1.632240e-01 5.391280e-01
459 2.967840e-01 1.634080e-01 5.398080e-01
460 2.967000e-01 1.637040e-01 5.395960e-01
461 2.961640e-01 1.638760e-01 5.399600e-01
462 2.963520e-01 1.640280e-01 5.396200e-01
463 2.962120e-01 1.644280e-01 5.393600e-01
464 2.961560e-01 1.649720e-01 5.388720e-01
465 2.957560e-01 1.651880e-01 5.390560e-01
466 2.951280e-01 1.649160e-01 5.399560e-01
467 2.949240e-01 1.652160e-01 5.398600e-01
468 2.945760e-01 1.650000e-01 5.404240e-01
469 2.946160e-01 1.650400e-01 5.403440e-01
470 2.940720e-01 1.654200e-01 5.405080e-01
471 2.935080e-01 1.663840e-01 5.401080e-01
472 2.928800e-01 1.664240e-01 5.406960e-01
473 2.929280e-01 1.662880e-01 5.407840e-01
474 2.916840e-01 1.661320e-01 5.421840e-01
475 2.911160e-01 1.658000e-01 5.430840e-01
476 2.912680e-01 1.654960e-01 5.432360e-01
477 2.911280e-01 1.648560e-01 5.440160e-01
478 2.914240e-01 1.645840e-01 5.439920e-01
479 2.911440e-01 1.642040e-01 5.446520e-01
480 2.916800e-01 1.635240e-01 5.447960e-01
481 2.920200e-01 1.635640e-01 5.444160e-01
482 2.927160e-01 1.632840e-01 5.440000e-01
483 2.930040e-01 1.636800e-01 5.433160e-01
484 2.928320e-01 1.635280e-01 5.436400e-01
485 2.935560e-01 1.632520e-01 5.431920e-01
486 2.936920e-01 1.632560e-01 5.430520e-01
487 2.944120e-01 1.630360e-01 5.425520e-01
488 2.946360e-01 1.634320e-01 5.419320e-01
489 2.955200e-01 1.628440e-01 5.416360e-01
490 2.957360e-01 1.625200e-01 5.417440e-01
491 2.957040e-01 1.623320e-01 5.419640e-01
492 2.963880e-01 1.618960e-01 5.417160e-01
493 2.960760e-01 1.617920e-01 5.421320e-01
494 2.967560e-01 1.618720e-01 5.413720e-01
495 2.971360e-01 1.623880e-01 5.404760e-01
496 2.978600e-01 1.624680e-01 5.396720e-01
497 2.978360e-01 1.621840e-01 5.399800e-01
498 2.975480e-01 1.620440e-01 5.404080e-01
499 2.975800e-01 1.616680e-01 5.407520e-01
500 2.976120e-01 1.616160e-01 5.407720e-01
501 2.970120e-01 1.619720e-01 5.410160e-01
502 2.975320e-01 1.619200e-01 5.405480e-01
503 2.978960e-01 1.618280e-01 5.402760e-01
504 2.979640e-01 1.615200e-01 5.405160e-01
505 2.980720e-01 1.614120e-01 5.405160e-01
506 2.981120e-01 1.610080e-01 5.408800e-01
507 2.979160e-01 1.614760e-01 5.406080e-01
508 2.986000e-01 1.612840e-01 5.401160e-01
509 2.985400e-01 1.614120e-01 5.400480e-01
510 2.985920e-01 1.614760e-01 5.399320e-01
511 2.984000e-01 1.619400e-01 5.396600e-01
512 2.987880e-01 1.620600e-01 5.391520e-01
513 2.992280e-01 1.620520e-01 5.387200e-01
514 2.994520e-01 1.620720e-01 5.384760e-01
515 2.994720e-01 1.622320e-01 5.382960e-01
516 2.993360e-01 1.626840e-01 5.379800e-01
517 2.992920e-01 1.629400e-01 5.377680e-01
518 2.987280e-01 1.636920e-01 5.375800e-01
519 2.979520e-01 1.642080e-01 5.378400e-01
520 2.975360e-01 1.643040e-01 5.381600e-01
521 2.968320e-01 1.646400e-01 5.385280e-01
522 2.968880e-01 1.644840e-01 5.386280e-01
523 2.961400e-01 1.647040e-01 5.391560e-01
524 2.959640e-01 1.646480e-01 5.393880e-01
525 2.963080e-01 1.646120e-01 5.390800e-01
526 2.959520e-01 1.649000e-01 5.391480e-01
527 2.960000e-01 1.642520e-01 5.397480e-01
528 2.961720e-01 1.642480e-01 5.395800e-01
529 2.964680e-01 1.640080e-01 5.395240e-01
530 2.967000e-01 1.635280e-01 5.397720e-01
531 2.963520e-01 1.633160e-01 5.403320e-01
532 2.963400e-01 1.633840e-01 5.402760e-01
533 2.954240e-01 1.635880e-01 5.409880e-01
534 2.952760e-01 1.641120e-01 5.406120e-01
535 2.956880e-01 1.640120e-01 5.403000e-01
536 2.952200e-01 1.637880e-01 5.409920e-01
537 2.950680e-01 1.638000e-01 5.411320e-01
538 2.945640e-01 1.638560e-01 5.415800e-01
539 2.944520e-01 1.638000e-01 5.417480e-01
540 2.945320e-01 1.632840e-01 5.421840e-01
541 2.947160e-01 1.631200e-01 5.421640e-01
542 2.944680e-01 1.629520e-01 5.425800e-01
543 2.943320e-01 1.635160e-01 5.421520e-01
544 2.938480e-01 1.630080e-01 5.431440e-01
545 2.949560e-01 1.616640e-01 5.433800e-01
546 2.951400e-01 1.613000e-01 5.435600e-01
547 2.949840e-01 1.615960e-01 5.434200e-01
548 2.949800e-01 1.616920e-01 5.433280e-01
549 2.954360e-01 1.608560e-01 5.437080e-01
550 2.955400e-01 1.612480e-01 5.432120e-01
551 2.955560e-01 1.613120e-01 5.431320e-01
552 2.955800e-01 1.618040e-01 5.426160e-01
553 2.963280e-01 1.617640e-01 5.419080e-01
554 2.966080e-01 1.616400e-01 5.417520e-01
555 2.962480e-01 1.621040e-01 5.416480e-01
556 2.962760e-01 1.621320e-01 5.415920e-01
557 2.965760e-01 1.613960e-01 5.420280e-01
558 2.965200e-01 1.618360e-01 5.416440e-01
559 2.967160e-01 1.623160e-01 5.409680e-01
560 2.973680e-01 1.619760e-01 5.406560e-01
561 2.975360e-01 1.615720e-01 5.408920e-01
562 2.976800e-01 1.616720e-01 5.406480e-01
563 2.983960e-01 1.610520e-01 5.405520e-01
564 2.984600e-01 1.614480e-01 5.400920e-01
565 2.985760e-01 1.615480e-01 5.398760e-01
566 2.985960e-01 1.623040e-01 5.391000e-01
567 2.994400e-01 1.619000e-01 5.386600e-01
568 2.987280e-01 1.628600e-01 5.384120e-01
569 2.985560e-01 1.625960e-01 5.388480e-01
570 2.976040e-01 1.635600e-01 5.388360e-01
571 2.970760e-01 1.639920e-01 5.389320e-01
572 2.967600e-01 1.635760e-01 5.396640e-01
573 2.959960e-01 1.644360e-01 5.395680e-01
574 2.955720e-01 1.644880e-01 5.399400e-01
575 2.959000e-01 1.645640e-01 5.395360e-01
576 2.953440e-01 1.648520e-01 5.398040e-01
577 2.953480e-01 1.646040e-01 5.400480e-01
578 2.946960e-01 1.645480e-01 5.407560e-01
579 2.943440e-01 1.647720e-01 5.408840e-01
580 2.943800e-01 1.647040e-01 5.409160e-01
581 2.941240e-01 1.645760e-01 5.413000e-01
582 2.941000e-01 1.643000e-01 5.416000e-01
583 2.939400e-01 1.640720e-01 5.419880e-01
584 2.935680e-01 1.643760e-01 5.420560e-01
585 2.935880e-01 1.642640e-01 5.421480e-01
586 2.931520e-01 1.643240e-01 5.425240e-01
587 2.926080e-01 1.646680e-01 5.427240e-01
588 2.927000e-01 1.638400e-01 5.434600e-01
589 2.932600e-01 1.633360e-01 5.434040e-01
590 2.932920e-01 1.637560e-01 5.429520e-01
591 2.934880e-01 1.641360e-01 5.423760e-01
592 2.940200e-01 1.633480e-01 5.426320e-01
593 2.937120e-01 1.633480e-01 5.429400e-01
594 2.939320e-01 1.630880e-01 5.429800e-01
595 2.937000e-01 1.631240e-01 5.431760e-01
596 2.937960e-01 1.631240e-01 5.430800e-01
597 2.942520e-01 1.627640e-01 5.429840e-01
598 2.946200e-01 1.627480e-01 5.426320e-01
599 2.947920e-01 1.625320e-01 5.426760e-01
600 2.951160e-01 1.620760e-01 5.428080e-01
601 2.952720e-01 1.619880e-01 5.427400e-01
602 2.947840e-01 1.622640e-01 5.429520e-01
603 2.946640e-01 1.626920e-01 5.426440e-01
604 2.950960e-01 1.623240e-01 5.425800e-01
605 2.948160e-01 1.625080e-01 5.426760e-01
606 2.949160e-01 1.622160e-01 5.428680e-01
607 2.957280e-01 1.619680e-01 5.423040e-01
608 2.958760e-01 1.621760e-01 5.419480e-01
609 2.961040e-01 1.625960e-01 5.413000e-01
610 2.958920e-01 1.630400e-01 5.410680e-01
611 2.958880e-01 1.635400e-01 5.405720e-01
612 2.956760e-01 1.636440e-01 5.406800e-01
613 2.954200e-01 1.639560e-01 5.406240e-01
614 2.950840e-01 1.646080e-01 5.403080e-01
615 2.952280e-01 1.646320e-01 5.401400e-01
616 2.949120e-01 1.644920e-01 5.405960e-01
617 2.945360e-01 1.647360e-01 5.407280e-01
618 2.949400e-01 1.640960e-01 5.409640e-01
619 2.943080e-01 1.640760e-01 5.416160e-01
620 2.942320e-01 1.644400e-01 5.413280e-01
621 2.940840e-01 1.644640e-01 5.414520e-01
622 2.944240e-01 1.639280e-01 5.416480e-01
623 2.947280e-01 1.640400e-01 5.412320e-01
624 2.939160e-01 1.645640e-01 5.415200e-01
625 2.941240e-01 1.641280e-01 5.417480e-01
626 2.939440e-01 1.644480e-01 5.416080e-01
627 2.933080e-01 1.638400e-01 5.428520e-01
628 2.933760e-01 1.633880e-01 5.432360e-01
629 2.935680e-01 1.632400e-01 5.431920e-01
630 2.934880e-01 1.626480e-01 5.438640e-01
631 2.934600e-01 1.622040e-01 5.443360e-01
632 2.936200e-01 1.627680e-01 5.436120e-01
633 2.936760e-01 1.623400e-01 5.439840e-01
634 2.941160e-01 1.614200e-01 5.444640e-01
635 2.949680e-01 1.612520e-01 5.437800e-01
636 2.956280e-01 1.608480e-01 5.435240e-01
637 2.956720e-01 1.611600e-01 5.431680e-01
638 2.955480e-01 1.613080e-01 5.431440e-01
639 2.955960e-01 1.612960e-01 5.431080e-01
640 2.959480e-01 1.609760e-01 5.430760e-01
641 2.956680e-01 1.610040e-01 5.433280e-01
642 2.954400e-01 1.612440e-01 5.433160e-01
643 2.957320e-01 1.611920e-01 5.430760e-01
644 2.958320e-01 1.606760e-01 5.434920e-01
645 2.960960e-01 1.602200e-01 5.436840e-01
646 2.958760e-01 1.604080e-01 5.437160e-01
647 2.963840e-01 1.602720e-01 5.433440e-01
648 2.961520e-01 1.602640e-01 5.435840e-01
649 2.959360e-01 1.603280e-01 5.437360e-01
650 2.961280e-01 1.600800e-01 5.437920e-01
651 2.964360e-01 1.600280e-01 5.435360e-01
652 2.972280e-01 1.597960e-01 5.429760e-01
653 2.976000e-01 1.596480e-01 5.427520e-01
654 2.989040e-01 1.594080e-01 5.416880e-01
655 2.991640e-01 1.594440e-01 5.413920e-01
656 2.992440e-01 1.599280e-01 5.408280e-01
657 2.990680e-01 1.603160e-01 5.406160e-01
658 2.988680e-01 1.605360e-01 5.405960e-01
659 2.980440e-01 1.615520e-01 5.404040e-01
660 2.986120e-01 1.615520e-01 5.398360e-01
661 2.987120e-01 1.614760e-01 5.398120e-01
662 2.987560e-01 1.612400e-01 5.400040e-01
663 2.983520e-01 1.615480e-01 5.401000e-01
664 2.981440e-01 1.621920e-01 5.396640e-01
665 2.983560e-01 1.625680e-01 5.390760e-01
666 2.991120e-01 1.624960e-01 5.383920e-01
667 2.984400e-01 1.625320e-01 5.390280e-01
668 2.982040e-01 1.626360e-01 5.391600e-01
669 2.979560e-01 1.626280e-01 5.394160e-01
670 2.978480e-01 1.626880e-01 5.394640e-01
671 2.976720e-01 1.626600e-01 5.396680e-01
672 2.979120e-01 1.618600e-01 5.402280e-01
673 2.974360e-01 1.619400e-01 5.406240e-01
674 2.977080e-01 1.620440e-01 5.402480e-01
675 2.983360e-01 1.618120e-01 5.398520e-01
676 2.991280e-01 1.617280e-01 5.391440e-01
677 2.992920e-01 1.611800e-01 5.395280e-01
678 2.995000e-01 1.609680e-01 5.395320e-01
679 2.995240e-01 1.614800e-01 5.389960e-01
680 2.995400e-01 1.613400e-01 5.391200e-01
681 2.991720e-01 1.610920e-01 5.397360e-01
682 2.988520e-01 1.612280e-01 5.399200e-01
683 2.985720e-01 1.614280e-01 5.400000e-01
684 2.987600e-01 1.613200e-01 5.399200e-01
685 2.987160e-01 1.617480e-01 5.395360e-01
686 2.986560e-01 1.622480e-01 5.390960e-01
687 2.990080e-01 1.617720e-01 5.392200e-01
688 2.987840e-01 1.617640e-01 5.394520e-01
689 2.986920e-01 1.617560e-01 5.395520e-01
690 2.986240e-01 1.616840e-01 5.396920e-01
691 2.987440e-01 1.610760e-01 5.401800e-01
692 2.986320e-01 1.612280e-01 5.401400e-01
693 2.986520e-01 1.615760e-01 5.397720e-01
694 2.983320e-01 1.617440e-01 5.399240e-01
695 2.984280e-01 1.615160e-01 5.400560e-01
696 2.982040e-01 1.617360e-01 5.400600e-01
697 2.978480e-01 1.615840e-01 5.405680e-01
698 2.978560e-01 1.616960e-01 5.404480e-01
699 2.983280e-01 1.613520e-01 5.403200e-01
700 2.988400e-01 1.613640e-01 5.397960e-01
701 2.992200e-01 1.612920e-01 5.394880e-01
702 2.991560e-01 1.614360e-01 5.394080e-01
703 2.989320e-01 1.619040e-01 5.391640e-01
704 2.992360e-01 1.614440e-01 5.393200e-01
705 2.995480e-01 1.614000e-01 5.390520e-01
706 2.997520e-01 1.612160e-01 5.390320e-01
707 2.996760e-01 1.607320e-01 5.395920e-01
708 3.000840e-01 1.602560e-01 5.396600e-01
709 2.999280e-01 1.604320e-01 5.396400e-01
710 2.996520e-01 1.609880e-01 5.393600e-01
711 2.994120e-01 1.608080e-01 5.397800e-01
712 2.991400e-01 1.618320e-01 5.390280e-01
713 2.989640e-01 1.615880e-01 5.394480e-01
714 2.996040e-01 1.617840e-01 5.386120e-01
715 2.998320e-01 1.621400e-01 5.380280e-01
716 2.998800e-01 1.613160e-01 5.388040e-01
717 3.002600e-01 1.610480e-01 5.386920e-01
718 2.999560e-01 1.619760e-01 5.380680e-01
719 2.987200e-01 1.628120e-01 5.384680e-01
720 2.985040e-01 1.629160e-01 5.385800e-01
721 2.982760e-01 1.631520e-01 5.385720e-01
722 2.980160e-01 1.630720e-01 5.389120e-01
723 2.979920e-01 1.629920e-01 5.390160e-01
724 2.968200e-01 1.634800e-01 5.397000e-01
725 2.968680e-01 1.633440e-01 5.397880e-01
726 2.966080e-01 1.631960e-01 5.401960e-01
727 2.962440e-01 1.629280e-01 5.408280e-01
728 2.959120e-01 1.633800e-01 5.407080e-01
729 2.952000e-01 1.639520e-01 5.408480e-01
730 2.951000e-01 1.636240e-01 5.412760e-01
731 2.945680e-01 1.634320e-01 5.420000e-01
732 2.941800e-01 1.638560e-01 5.419640e-01
733 2.946240e-01 1.632760e-01 5.421000e-01
734 2.953680e-01 1.631680e-01 5.414640e-01
735 2.953120e-01 1.629880e-01 5.417000e-01
736 2.952120e-01 1.630600e-01 5.417280e-01
737 2.950200e-01 1.634920e-01 5.414880e-01
738 2.951760e-01 1.628360e-01 5.419880e-01
739 2.953200e-01 1.631360e-01 5.415440e-01
740 2.949520e-01 1.630360e-01 5.420120e-01
741 2.953480e-01 1.624280e-01 5.422240e-01
742 2.954920e-01 1.621640e-01 5.423440e-01
743 2.962040e-01 1.615800e-01 5.422160e-01
744 2.965440e-01 1.619800e-01 5.414760e-01
745 2.958040e-01 1.621880e-01 5.420080e-01
746 2.957680e-01 1.625800e-01 5.416520e-01
747 2.955240e-01 1.630560e-01 5.414200e-01
748 2.953680e-01 1.630800e-01 5.415520e-01
749 2.956160e-01 1.627040e-01 5.416800e-01
750 2.957920e-01 1.622480e-01 5.419600e-01
751 2.952080e-01 1.628440e-01 5.419480e-01
752 2.953080e-01 1.623040e-01 5.423880e-01
753 2.951960e-01 1.617000e-01 5.431040e-01
754 2.955120e-01 1.615560e-01 5.429320e-01
755 2.955320e-01 1.612280e-01 5.432400e-01
756 2.953160e-01 1.621800e-01 5.425040e-01
757 2.953640e-01 1.626000e-01 5.420360e-01
758 2.956600e-01 1.621360e-01 5.422040e-01
759 2.955600e-01 1.623280e-01 5.421120e-01
760 2.961800e-01 1.616280e-01 5.421920e-01
761 2.956360e-01 1.621000e-01 5.422640e-01
762 2.959320e-01 1.617160e-01 5.423520e-01
763 2.967200e-01 1.609800e-01 5.423000e-01
764 2.975760e-01 1.607400e-01 5.416840e-01
765 2.975720e-01 1.608760e-01 5.415520e-01
766 2.979120e-01 1.611280e-01 5.409600e-01
767 2.985840e-01 1.609480e-01 5.404680e-01
768 2.985160e-01 1.612760e-01 5.402080e-01
769 2.983520e-01 1.605560e-01 5.410920e-01
770 2.990640e-01 1.605480e-01 5.403880e-01
771 2.995280e-01 1.612400e-01 5.392320e-01
772 2.993800e-01 1.620600e-01 5.385600e-01
773 2.991120e-01 1.620360e-01 5.388520e-01
774 2.990080e-01 1.620200e-01 5.389720e-01
775 2.990360e-01 1.620200e-01 5.389440e-01
776 2.987080e-01 1.626200e-01 5.386720e-01
777 2.984920e-01 1.628240e-01 5.386840e-01
778 2.984640e-01 1.632600e-01 5.382760e-01
779 2.979280e-01 1.637840e-01 5.382880e-01
780 2.970960e-01 1.642440e-01 5.386600e-01
781 2.972120e-01 1.642760e-01 5.385120e-01
782 2.970280e-01 1.642280e-01 5.387440e-01
783 2.965120e-01 1.643800e-01 5.391080e-01
784 2.964360e-01 1.643400e-01 5.392240e-01
785 2.961880e-01 1.643400e-01 5.394720e-01
786 2.969480e-01 1.639720e-01 5.390800e-01
787 2.973600e-01 1.636920e-01 5.389480e-01
788 2.963000e-01 1.643040e-01 5.393960e-01
789 2.968720e-01 1.638440e-01 5.392840e-01
790 2.968120e-01 1.640760e-01 5.391120e-01
791 2.963480e-01 1.643920e-01 5.392600e-01
792 2.963160e-01 1.642600e-01 5.394240e-01
793 2.963320e-01 1.642920e-01 5.393760e-01
794 2.958200e-01 1.646840e-01 5.394960e-01
795 2.961640e-01 1.641920e-01 5.396440e-01
796 2.961920e-01 1.641920e-01 5.396160e-01
797 2.960000e-01 1.640960e-01 5.399040e-01
798 2.959400e-01 1.641720e-01 5.398880e-01
799 2.956760e-01 1.641640e-01 5.401600e-01
800 2.949560e-01 1.643000e-01 5.407440e-01
801 2.951720e-01 1.642520e-01 5.405760e-01
802 2.952680e-01 1.645720e-01 5.401600e-01
803 2.943480e-01 1.646840e-01 5.409680e-01
804 2.940280e-01 1.640000e-01 5.419720e-01
805 2.941440e-01 1.639680e-01 5.418880e-01
806 2.948200e-01 1.633760e-01 5.418040e-01
807 2.948480e-01 1.633520e-01 5.418000e-01
808 2.955160e-01 1.632320e-01 5.412520e-01
809 2.955480e-01 1.632000e-01 5.412520e-01
810 2.953040e-01 1.630800e-01 5.416160e-01
811 2.956480e-01 1.629600e-01 5.413920e-01
812 2.952480e-01 1.634360e-01 5.413160e-01
813 2.945800e-01 1.632840e-01 5.421360e-01
814 2.946920e-01 1.636440e-01 5.416640e-01
815 2.937360e-01 1.635880e-01 5.426760e-01
816 2.938280e-01 1.639920e-01 5.421800e-01
817 2.936240e-01 1.636760e-01 5.427000e-01
818 2.937320e-01 1.636800e-01 5.425880e-01
819 2.941440e-01 1.636760e-01 5.421800e-01
820 2.943720e-01 1.632400e-01 5.423880e-01
821 2.940840e-01 1.637200e-01 5.421960e-01
822 2.944040e-01 1.636600e-01 5.419360e-01
823 2.942760e-01 1.633920e-01 5.423320e-01
824 2.946720e-01 1.630920e-01 5.422360e-01
825 2.947320e-01 1.625760e-01 5.426920e-01
826 2.950200e-01 1.627640e-01 5.422160e-01
827 2.954640e-01 1.625280e-01 5.420080e-01
828 2.949200e-01 1.631320e-01 5.419480e-01
829 2.953040e-01 1.628600e-01 5.418360e-01
830 2.953920e-01 1.630960e-01 5.415120e-01
831 2.953360e-01 1.625520e-01 5.421120e-01
832 2.956480e-01 1.625120e-01 5.418400e-01
833 2.959640e-01 1.627160e-01 5.413200e-01
834 2.960640e-01 1.622760e-01 5.416600e-01
835 2.964000e-01 1.621800e-01 5.414200e-01
836 2.964000e-01 1.620040e-01 5.415960e-01
837 2.958400e-01 1.626960e-01 5.414640e-01
838 2.964200e-01 1.625800e-01 5.410000e-01
839 2.973640e-01 1.616640e-01 5.409720e-01
840 2.979680e-01 1.617520e-01 5.402800e-01
841 2.983920e-01 1.618960e-01 5.397120e-01
842 2.987160e-01 1.610600e-01 5.402240e-01
843 2.986840e-01 1.611920e-01 5.401240e-01
844 2.985360e-01 1.610640e-01 5.404000e-01
845 2.993400e-01 1.605520e-01 5.401080e-01
846 2.994360e-01 1.603320e-01 5.402320e-01
847 2.991760e-01 1.603080e-01 5.405160e-01
848 2.993440e-01 1.607920e-01 5.398640e-01
849 2.988680e-01 1.619160e-01 5.392160e-01
850 2.985960e-01 1.620880e-01 5.393160e-01
851 2.986560e-01 1.619560e-01 5.393880e-01
852 2.987960e-01 1.612400e-01 5.399640e-01
853 2.989160e-01 1.612920e-01 5.397920e-01
854 2.988120e-01 1.608480e-01 5.403400e-01
855 2.987400e-01 1.615600e-01 5.397000e-01
856 2.986040e-01 1.614960e-01 5.399000e-01
857 2.988960e-01 1.610240e-01 5.400800e-01
858 2.993920e-01 1.606920e-01 5.399160e-01
859 2.997840e-01 1.610040e-01 5.392120e-01
860 2.997160e-01 1.615040e-01 5.387800e-01
861 2.997720e-01 1.615120e-01 5.387160e-01
862 2.992920e-01 1.619720e-01 5.387360e-01
863 2.993600e-01 1.619920e-01 5.386480e-01
864 2.991560e-01 1.625240e-01 5.383200e-01
865 2.997640e-01 1.617560e-01 5.384800e-01
866 2.991960e-01 1.620840e-01 5.387200e-01
867 2.996040e-01 1.615440e-01 5.388520e-01
868 2.996680e-01 1.615960e-01 5.387360e-01
869 2.994840e-01 1.614600e-01 5.390560e-01
870 3.003480e-01 1.613720e-01 5.382800e-01
871 2.997000e-01 1.615400e-01 5.387600e-01
872 2.995800e-01 1.622280e-01 5.381920e-01
873 2.998240e-01 1.620480e-01 5.381280e-01
874 3.003160e-01 1.618080e-01 5.378760e-01
875 3.006000e-01 1.618440e-01 5.375560e-01
876 3.007920e-01 1.616320e-01 5.375760e-01
877 3.003920e-01 1.614840e-01 5.381240e-01
878 3.005440e-01 1.617360e-01 5.377200e-01
879 3.005600e-01 1.616120e-01 5.378280e-01
880 3.008800e-01 1.611240e-01 5.379960e-01
881 3.001000e-01 1.613200e-01 5.385800e-01
882 3.001040e-01 1.614600e-01 5.384360e-01
883 2.997360e-01 1.613440e-01 5.389200e-01
884 3.002520e-01 1.609760e-01 5.387720e-01
885 3.001520e-01 1.605360e-01 5.393120e-01
886 3.000240e-01 1.606800e-01 5.392960e-01
887 2.993080e-01 1.614840e-01 5.392080e-01
888 2.991720e-01 1.615040e-01 5.393240e-01
889 2.993080e-01 1.618600e-01 5.388320e-01
890 2.989120e-01 1.622200e-01 5.388680e-01
891 2.989600e-01 1.621720e-01 5.388680e-01
892 2.983040e-01 1.624200e-01 5.392760e-01
893 2.987680e-01 1.624560e-01 5.387760e-01
894 2.991480e-01 1.623000e-01 5.385520e-01
895 2.988760e-01 1.623120e-01 5.388120e-01
896 2.986800e-01 1.623960e-01 5.389240e-01
897 2.988440e-01 1.629200e-01 5.382360e-01
898 2.986960e-01 1.635200e-01 5.377840e-01
899 2.985240e-01 1.634760e-01 5.380000e-01
900 2.976560e-01 1.640560e-01 5.382880e-01
901 2.975240e-01 1.636400e-01 5.388360e-01
902 2.973720e-01 1.636720e-01 5.389560e-01
903 2.972520e-01 1.638120e-01 5.389360e-01
904 2.975680e-01 1.635920e-01 5.388400e-01
905 2.973640e-01 1.639760e-01 5.386600e-01
906 2.976040e-01 1.641680e-01 5.382280e-01
907 2.979200e-01 1.641760e-01 5.379040e-01
908 2.973280e-01 1.643160e-01 5.383560e-01
909 2.971120e-01 1.643880e-01 5.385000e-01
910 2.975360e-01 1.634840e-01 5.389800e-01
911 2.969200e-01 1.640640e-01 5.390160e-01
912 2.960680e-01 1.647240e-01 5.392080e-01
913 2.953160e-01 1.650800e-01 5.396040e-01
914 2.954320e-01 1.645760e-01 5.399920e-01
915 2.951880e-01 1.647760e-01 5.400360e-01
916 2.949320e-01 1.648280e-01 5.402400e-01
917 2.951520e-01 1.649040e-01 5.399440e-01
918 2.947360e-01 1.649920e-01 5.402720e-01
919 2.948360e-01 1.647040e-01 5.404600e-01
920 2.951200e-01 1.640160e-01 5.408640e-01
921 2.948040e-01 1.633600e-01 5.418360e-01
922 2.946520e-01 1.633960e-01 5.419520e-01
923 2.945200e-01 1.631600e-01 5.423200e-01
924 2.946800e-01 1.629000e-01 5.424200e-01
925 2.949080e-01 1.628240e-01 5.422680e-01
926 2.948400e-01 1.624840e-01 5.426760e-01
927 2.950280e-01 1.619040e-01 5.430680e-01
928 2.954160e-01 1.619320e-01 5.426520e-01
929 2.950160e-01 1.622160e-01 5.427680e-01
930 2.947760e-01 1.624440e-01 5.427800e-01
931 2.945480e-01 1.623920e-01 5.430600e-01
932 2.945280e-01 1.632520e-01 5.422200e-01
