1 9.990480e-01 8.520000e-04 1.000000e-04
2 9.981520e-01 1.556000e-03 2.920000e-04
3 9.963960e-01 3.000000e-03 6.040000e-04
4 9.931680e-01 5.532000e-03 1.300000e-03
5 9.877840e-01 9.752000e-03 2.464000e-03
6 9.782640e-01 1.736400e-02 4.372000e-03
7 9.631600e-01 2.911200e-02 7.728000e-03
8 9.395360e-01 4.693600e-02 1.352800e-02
9 9.053560e-01 7.273200e-02 2.191200e-02
10 8.601800e-01 1.047560e-01 3.506400e-02
11 8.037160e-01 1.444520e-01 5.183200e-02
12 7.386480e-01 1.873080e-01 7.404400e-02
13 6.682840e-01 2.305280e-01 1.011880e-01
14 5.967600e-01 2.712080e-01 1.320320e-01
15 5.265920e-01 3.071480e-01 1.662600e-01
16 4.600240e-01 3.380280e-01 2.019480e-01
17 4.001680e-01 3.611760e-01 2.386560e-01
18 3.464320e-01 3.785880e-01 2.749800e-01
19 2.996680e-01 3.894200e-01 3.109120e-01
20 2.605280e-01 3.937240e-01 3.457480e-01
21 2.284480e-01 3.924440e-01 3.791080e-01
22 2.022040e-01 3.879120e-01 4.098840e-01
23 1.810840e-01 3.801680e-01 4.387480e-01
24 1.630400e-01 3.711480e-01 4.658120e-01
25 1.500400e-01 3.603640e-01 4.895960e-01
26 1.413960e-01 3.473480e-01 5.112560e-01
27 1.345400e-01 3.347240e-01 5.307360e-01
28 1.307680e-01 3.214760e-01 5.477560e-01
29 1.290160e-01 3.076880e-01 5.632960e-01
30 1.281760e-01 2.947000e-01 5.771240e-01
31 1.291640e-01 2.824960e-01 5.883400e-01
32 1.308320e-01 2.708640e-01 5.983040e-01
33 1.334600e-01 2.599680e-01 6.065720e-01
34 1.365640e-01 2.492800e-01 6.141560e-01
35 1.403960e-01 2.399400e-01 6.196640e-01
36 1.441480e-01 2.312640e-01 6.245880e-01
37 1.481760e-01 2.240640e-01 6.277600e-01
38 1.524080e-01 2.166800e-01 6.309120e-01
39 1.568760e-01 2.102440e-01 6.328800e-01
40 1.608760e-01 2.044080e-01 6.347160e-01
41 1.651160e-01 1.989600e-01 6.359240e-01
42 1.699680e-01 1.944800e-01 6.355520e-01
43 1.747760e-01 1.900200e-01 6.352040e-01
44 1.793640e-01 1.857480e-01 6.348880e-01
45 1.833920e-01 1.822200e-01 6.343880e-01
46 1.870880e-01 1.803520e-01 6.325600e-01
47 1.905400e-01 1.781320e-01 6.313280e-01
48 1.942920e-01 1.756600e-01 6.300480e-01
49 1.969440e-01 1.745760e-01 6.284800e-01
50 2.002120e-01 1.724640e-01 6.273240e-01
51 2.035120e-01 1.712480e-01 6.252400e-01
52 2.059680e-01 1.699200e-01 6.241120e-01
53 2.079920e-01 1.694600e-01 6.225480e-01
54 2.109400e-01 1.680720e-01 6.209880e-01
55 2.134440e-01 1.678920e-01 6.186640e-01
56 2.154120e-01 1.678000e-01 6.167880e-01
57 2.176880e-01 1.676760e-01 6.146360e-01
58 2.191160e-01 1.677080e-01 6.131760e-01
59 2.197120e-01 1.688680e-01 6.114200e-01
60 2.209440e-01 1.695720e-01 6.094840e-01
61 2.223280e-01 1.703160e-01 6.073560e-01
62 2.232240e-01 1.711160e-01 6.056600e-01
63 2.235280e-01 1.714520e-01 6.050200e-01
64 2.236280e-01 1.724880e-01 6.038840e-01
65 2.241000e-01 1.727880e-01 6.031120e-01
66 2.241880e-01 1.729840e-01 6.028280e-01
67 2.245960e-01 1.736080e-01 6.017960e-01
68 2.246160e-01 1.745520e-01 6.008320e-01
69 2.244440e-01 1.751400e-01 6.004160e-01
70 2.240160e-01 1.756120e-01 6.003720e-01
71 2.239240e-01 1.766680e-01 5.994080e-01
72 2.234080e-01 1.774960e-01 5.990960e-01
73 2.224880e-01 1.777000e-01 5.998120e-01
74 2.222480e-01 1.777760e-01 5.999760e-01
75 2.224320e-01 1.777560e-01 5.998120e-01
76 2.227760e-01 1.779600e-01 5.992640e-01
77 2.222760e-01 1.784440e-01 5.992800e-01
78 2.216360e-01 1.791200e-01 5.992440e-01
79 2.214960e-01 1.798920e-01 5.986120e-01
80 2.210720e-01 1.806360e-01 5.982920e-01
81 2.209480e-01 1.807680e-01 5.982840e-01
82 2.193080e-01 1.820280e-01 5.986640e-01
83 2.187600e-01 1.826640e-01 5.985760e-01
84 2.183480e-01 1.832120e-01 5.984400e-01
85 2.174080e-01 1.834440e-01 5.991480e-01
86 2.160920e-01 1.837120e-01 6.001960e-01
87 2.158160e-01 1.831440e-01 6.010400e-01
88 2.157080e-01 1.829160e-01 6.013760e-01
89 2.155560e-01 1.826680e-01 6.017760e-01
90 2.149800e-01 1.830320e-01 6.019880e-01
91 2.149000e-01 1.829120e-01 6.021880e-01
92 2.150320e-01 1.829280e-01 6.020400e-01
93 2.142520e-01 1.834440e-01 6.023040e-01
94 2.144440e-01 1.829880e-01 6.025680e-01
95 2.142680e-01 1.827800e-01 6.029520e-01
96 2.141080e-01 1.826000e-01 6.032920e-01
97 2.145040e-01 1.824560e-01 6.030400e-01
98 2.145680e-01 1.819400e-01 6.034920e-01
99 2.146920e-01 1.819120e-01 6.033960e-01
100 2.144560e-01 1.817000e-01 6.038440e-01
101 2.143880e-01 1.814560e-01 6.041560e-01
102 2.147000e-01 1.808560e-01 6.044440e-01
103 2.150200e-01 1.807920e-01 6.041880e-01
104 2.155440e-01 1.802640e-01 6.041920e-01
105 2.156920e-01 1.807200e-01 6.035880e-01
106 2.151680e-01 1.817960e-01 6.030360e-01
107 2.140360e-01 1.823240e-01 6.036400e-01
108 2.140240e-01 1.829440e-01 6.030320e-01
109 2.137000e-01 1.829760e-01 6.033240e-01
110 2.132760e-01 1.830680e-01 6.036560e-01
111 2.132280e-01 1.824000e-01 6.043720e-01
112 2.136080e-01 1.821160e-01 6.042760e-01
113 2.135920e-01 1.821040e-01 6.043040e-01
114 2.136080e-01 1.819560e-01 6.044360e-01
115 2.135360e-01 1.816720e-01 6.047920e-01
116 2.132960e-01 1.816520e-01 6.050520e-01
117 2.135880e-01 1.814480e-01 6.049640e-01
118 2.135000e-01 1.812800e-01 6.052200e-01
119 2.143120e-01 1.807800e-01 6.049080e-01
120 2.143360e-01 1.806000e-01 6.050640e-01
121 2.141280e-01 1.806280e-01 6.052440e-01
122 2.146040e-01 1.807480e-01 6.046480e-01
123 2.151240e-01 1.805000e-01 6.043760e-01
124 2.149600e-01 1.802920e-01 6.047480e-01
125 2.151800e-01 1.806080e-01 6.042120e-01
126 2.158640e-01 1.801760e-01 6.039600e-01
127 2.167000e-01 1.796960e-01 6.036040e-01
128 2.171360e-01 1.793960e-01 6.034680e-01
129 2.172120e-01 1.798640e-01 6.029240e-01
130 2.167280e-01 1.800240e-01 6.032480e-01
131 2.161160e-01 1.803080e-01 6.035760e-01
132 2.161920e-01 1.803760e-01 6.034320e-01
133 2.162320e-01 1.796480e-01 6.041200e-01
134 2.164800e-01 1.792520e-01 6.042680e-01
135 2.172280e-01 1.787320e-01 6.040400e-01
136 2.176040e-01 1.781280e-01 6.042680e-01
137 2.183280e-01 1.777240e-01 6.039480e-01
138 2.187600e-01 1.779520e-01 6.032880e-01
139 2.187800e-01 1.782200e-01 6.030000e-01
140 2.184200e-01 1.786000e-01 6.029800e-01
141 2.179680e-01 1.799560e-01 6.020760e-01
142 2.181280e-01 1.802880e-01 6.015840e-01
143 2.176920e-01 1.806000e-01 6.017080e-01
144 2.174120e-01 1.804520e-01 6.021360e-01
145 2.171760e-01 1.805760e-01 6.022480e-01
146 2.164200e-01 1.812160e-01 6.023640e-01
147 2.163360e-01 1.812960e-01 6.023680e-01
148 2.159400e-01 1.814960e-01 6.025640e-01
149 2.157280e-01 1.821360e-01 6.021360e-01
150 2.152960e-01 1.819320e-01 6.027720e-01
151 2.149480e-01 1.815680e-01 6.034840e-01
152 2.150320e-01 1.818280e-01 6.031400e-01
153 2.152880e-01 1.818280e-01 6.028840e-01
154 2.153000e-01 1.819040e-01 6.027960e-01
155 2.157920e-01 1.817400e-01 6.024680e-01
156 2.153880e-01 1.819040e-01 6.027080e-01
157 2.154680e-01 1.820480e-01 6.024840e-01
158 2.151920e-01 1.817840e-01 6.030240e-01
159 2.154080e-01 1.817800e-01 6.028120e-01
160 2.158280e-01 1.812840e-01 6.028880e-01
161 2.157600e-01 1.807320e-01 6.035080e-01
162 2.164280e-01 1.803600e-01 6.032120e-01
163 2.163480e-01 1.806440e-01 6.030080e-01
164 2.164560e-01 1.811760e-01 6.023680e-01
165 2.162320e-01 1.815640e-01 6.022040e-01
166 2.164920e-01 1.808880e-01 6.026200e-01
167 2.163600e-01 1.805360e-01 6.031040e-01
168 2.165760e-01 1.810280e-01 6.023960e-01
169 2.164800e-01 1.808200e-01 6.027000e-01
170 2.165320e-01 1.815320e-01 6.019360e-01
171 2.173040e-01 1.810200e-01 6.016760e-01
172 2.165960e-01 1.811880e-01 6.022160e-01
173 2.164000e-01 1.812800e-01 6.023200e-01
174 2.165920e-01 1.811320e-01 6.022760e-01
175 2.163120e-01 1.817000e-01 6.019880e-01
176 2.164560e-01 1.816160e-01 6.019280e-01
177 2.161960e-01 1.815840e-01 6.022200e-01
178 2.154760e-01 1.819400e-01 6.025840e-01
179 2.151040e-01 1.821800e-01 6.027160e-01
180 2.146640e-01 1.824400e-01 6.028960e-01
181 2.142400e-01 1.828880e-01 6.028720e-01
182 2.145400e-01 1.826000e-01 6.028600e-01
183 2.147880e-01 1.827320e-01 6.024800e-01
184 2.151000e-01 1.830240e-01 6.018760e-01
185 2.149320e-01 1.826400e-01 6.024280e-01
186 2.147520e-01 1.825280e-01 6.027200e-01
187 2.145840e-01 1.828400e-01 6.025760e-01
188 2.140760e-01 1.822840e-01 6.036400e-01
189 2.142120e-01 1.824120e-01 6.033760e-01
190 2.134200e-01 1.825560e-01 6.040240e-01
191 2.132000e-01 1.828520e-01 6.039480e-01
192 2.135280e-01 1.822600e-01 6.042120e-01
193 2.134560e-01 1.821360e-01 6.044080e-01
194 2.131520e-01 1.825920e-01 6.042560e-01
195 2.132640e-01 1.826880e-01 6.040480e-01
196 2.138880e-01 1.820200e-01 6.040920e-01
197 2.137080e-01 1.817920e-01 6.045000e-01
198 2.138760e-01 1.813480e-01 6.047760e-01
199 2.143000e-01 1.814600e-01 6.042400e-01
200 2.141120e-01 1.810800e-01 6.048080e-01
201 2.143280e-01 1.808680e-01 6.048040e-01
202 2.139680e-01 1.816880e-01 6.043440e-01
203 2.144440e-01 1.815560e-01 6.040000e-01
204 2.133480e-01 1.819080e-01 6.047440e-01
205 2.136960e-01 1.815280e-01 6.047760e-01
206 2.140480e-01 1.809960e-01 6.049560e-01
207 2.150760e-01 1.806200e-01 6.043040e-01
208 2.146760e-01 1.808160e-01 6.045080e-01
209 2.147240e-01 1.805880e-01 6.046880e-01
210 2.151920e-01 1.807360e-01 6.040720e-01
211 2.149040e-01 1.808800e-01 6.042160e-01
212 2.147120e-01 1.813600e-01 6.039280e-01
213 2.151520e-01 1.814960e-01 6.033520e-01
214 2.155240e-01 1.807840e-01 6.036920e-01
215 2.156360e-01 1.807720e-01 6.035920e-01
216 2.163320e-01 1.805640e-01 6.031040e-01
217 2.161800e-01 1.814120e-01 6.024080e-01
218 2.166480e-01 1.810480e-01 6.023040e-01
219 2.168280e-01 1.808080e-01 6.023640e-01
220 2.171520e-01 1.806480e-01 6.022000e-01
221 2.174360e-01 1.805440e-01 6.020200e-01
222 2.169680e-01 1.809400e-01 6.020920e-01
223 2.169040e-01 1.810840e-01 6.020120e-01
224 2.163160e-01 1.810440e-01 6.026400e-01
225 2.161960e-01 1.814200e-01 6.023840e-01
226 2.160320e-01 1.813360e-01 6.026320e-01
227 2.154840e-01 1.815040e-01 6.030120e-01
228 2.152560e-01 1.816320e-01 6.031120e-01
229 2.158160e-01 1.814240e-01 6.027600e-01
230 2.164600e-01 1.811280e-01 6.024120e-01
231 2.165360e-01 1.817040e-01 6.017600e-01
232 2.162880e-01 1.822040e-01 6.015080e-01
233 2.158960e-01 1.827520e-01 6.013520e-01
234 2.156800e-01 1.827760e-01 6.015440e-01
235 2.155520e-01 1.828280e-01 6.016200e-01
236 2.151320e-01 1.827400e-01 6.021280e-01
237 2.146560e-01 1.829520e-01 6.023920e-01
238 2.140360e-01 1.829000e-01 6.030640e-01
239 2.137160e-01 1.831800e-01 6.031040e-01
240 2.136240e-01 1.832760e-01 6.031000e-01
241 2.136360e-01 1.832120e-01 6.031520e-01
242 2.133400e-01 1.831280e-01 6.035320e-01
243 2.142200e-01 1.822920e-01 6.034880e-01
244 2.137960e-01 1.827080e-01 6.034960e-01
245 2.140560e-01 1.822120e-01 6.037320e-01
246 2.142440e-01 1.819440e-01 6.038120e-01
247 2.145080e-01 1.812320e-01 6.042600e-01
248 2.146240e-01 1.813080e-01 6.040680e-01
249 2.139440e-01 1.814720e-01 6.045840e-01
250 2.137200e-01 1.814600e-01 6.048200e-01
251 2.130400e-01 1.820160e-01 6.049440e-01
252 2.133120e-01 1.815480e-01 6.051400e-01
253 2.135960e-01 1.813000e-01 6.051040e-01
254 2.137040e-01 1.811640e-01 6.051320e-01
255 2.142720e-01 1.806000e-01 6.051280e-01
256 2.142240e-01 1.805600e-01 6.052160e-01
257 2.145360e-01 1.804560e-01 6.050080e-01
258 2.155600e-01 1.808080e-01 6.036320e-01
259 2.150520e-01 1.813720e-01 6.035760e-01
260 2.145440e-01 1.817800e-01 6.036760e-01
261 2.147000e-01 1.817280e-01 6.035720e-01
262 2.144640e-01 1.816400e-01 6.038960e-01
263 2.149000e-01 1.813480e-01 6.037520e-01
264 2.153480e-01 1.815000e-01 6.031520e-01
265 2.157400e-01 1.813960e-01 6.028640e-01
266 2.162520e-01 1.814760e-01 6.022720e-01
267 2.162360e-01 1.810880e-01 6.026760e-01
268 2.163560e-01 1.810480e-01 6.025960e-01
269 2.162440e-01 1.811920e-01 6.025640e-01
270 2.159520e-01 1.813800e-01 6.026680e-01
271 2.155440e-01 1.812520e-01 6.032040e-01
272 2.154880e-01 1.814000e-01 6.031120e-01
273 2.160880e-01 1.810720e-01 6.028400e-01
274 2.169960e-01 1.802880e-01 6.027160e-01
275 2.163200e-01 1.808920e-01 6.027880e-01
276 2.163800e-01 1.804800e-01 6.031400e-01
277 2.167080e-01 1.801640e-01 6.031280e-01
278 2.161000e-01 1.809520e-01 6.029480e-01
279 2.156400e-01 1.810200e-01 6.033400e-01
280 2.161120e-01 1.807560e-01 6.031320e-01
281 2.156240e-01 1.815960e-01 6.027800e-01
282 2.156800e-01 1.815000e-01 6.028200e-01
283 2.153400e-01 1.816480e-01 6.030120e-01
284 2.149040e-01 1.817920e-01 6.033040e-01
285 2.155680e-01 1.811560e-01 6.032760e-01
286 2.163840e-01 1.804320e-01 6.031840e-01
287 2.160640e-01 1.809560e-01 6.029800e-01
288 2.164800e-01 1.796160e-01 6.039040e-01
289 2.175600e-01 1.795040e-01 6.029360e-01
290 2.179400e-01 1.800920e-01 6.019680e-01
291 2.179800e-01 1.798440e-01 6.021760e-01
292 2.173200e-01 1.806760e-01 6.020040e-01
293 2.175680e-01 1.805280e-01 6.019040e-01
294 2.168120e-01 1.810240e-01 6.021640e-01
295 2.161720e-01 1.817360e-01 6.020920e-01
296 2.156080e-01 1.817840e-01 6.026080e-01
297 2.162720e-01 1.819240e-01 6.018040e-01
298 2.162880e-01 1.816600e-01 6.020520e-01
299 2.161800e-01 1.823360e-01 6.014840e-01
300 2.159200e-01 1.823520e-01 6.017280e-01
301 2.163800e-01 1.818280e-01 6.017920e-01
302 2.161040e-01 1.819000e-01 6.019960e-01
303 2.163520e-01 1.813720e-01 6.022760e-01
304 2.156920e-01 1.815040e-01 6.028040e-01
305 2.155040e-01 1.818120e-01 6.026840e-01
306 2.152960e-01 1.819360e-01 6.027680e-01
307 2.148520e-01 1.819840e-01 6.031640e-01
308 2.140720e-01 1.826800e-01 6.032480e-01
309 2.137640e-01 1.832720e-01 6.029640e-01
310 2.134720e-01 1.833280e-01 6.032000e-01
311 2.134320e-01 1.831280e-01 6.034400e-01
312 2.134560e-01 1.831640e-01 6.033800e-01
313 2.128840e-01 1.829160e-01 6.042000e-01
314 2.127360e-01 1.828600e-01 6.044040e-01
315 2.130920e-01 1.823520e-01 6.045560e-01
316 2.132680e-01 1.822040e-01 6.045280e-01
317 2.132560e-01 1.818200e-01 6.049240e-01
318 2.130760e-01 1.816720e-01 6.052520e-01
319 2.130160e-01 1.810440e-01 6.059400e-01
320 2.124680e-01 1.807560e-01 6.067760e-01
321 2.131080e-01 1.802040e-01 6.066880e-01
322 2.130760e-01 1.806760e-01 6.062480e-01
323 2.131280e-01 1.805160e-01 6.063560e-01
324 2.132040e-01 1.804600e-01 6.063360e-01
325 2.135240e-01 1.805280e-01 6.059480e-01
326 2.136720e-01 1.805040e-01 6.058240e-01
327 2.131560e-01 1.803560e-01 6.064880e-01
328 2.135920e-01 1.800960e-01 6.063120e-01
329 2.139240e-01 1.796520e-01 6.064240e-01
330 2.139120e-01 1.792440e-01 6.068440e-01
331 2.144880e-01 1.791640e-01 6.063480e-01
332 2.141840e-01 1.795840e-01 6.062320e-01
333 2.147360e-01 1.791760e-01 6.060880e-01
334 2.143480e-01 1.793880e-01 6.062640e-01
335 2.148640e-01 1.794480e-01 6.056880e-01
336 2.155640e-01 1.798000e-01 6.046360e-01
337 2.153280e-01 1.798480e-01 6.048240e-01
338 2.153560e-01 1.801720e-01 6.044720e-01
339 2.165920e-01 1.797680e-01 6.036400e-01
340 2.166800e-01 1.794800e-01 6.038400e-01
341 2.175920e-01 1.790120e-01 6.033960e-01
342 2.178160e-01 1.788400e-01 6.033440e-01
343 2.178120e-01 1.790120e-01 6.031760e-01
344 2.173360e-01 1.797920e-01 6.028720e-01
345 2.173000e-01 1.794960e-01 6.032040e-01
346 2.176920e-01 1.799600e-01 6.023480e-01
347 2.171160e-01 1.803320e-01 6.025520e-01
348 2.163560e-01 1.814840e-01 6.021600e-01
349 2.162040e-01 1.817280e-01 6.020680e-01
350 2.158280e-01 1.818880e-01 6.022840e-01
351 2.156200e-01 1.823080e-01 6.020720e-01
352 2.152880e-01 1.820120e-01 6.027000e-01
353 2.146840e-01 1.826600e-01 6.026560e-01
354 2.140400e-01 1.832200e-01 6.027400e-01
355 2.134120e-01 1.836080e-01 6.029800e-01
356 2.135600e-01 1.830440e-01 6.033960e-01
357 2.129080e-01 1.835680e-01 6.035240e-01
358 2.125960e-01 1.830840e-01 6.043200e-01
359 2.125080e-01 1.830040e-01 6.044880e-01
360 2.128760e-01 1.825040e-01 6.046200e-01
361 2.137880e-01 1.823480e-01 6.038640e-01
362 2.138000e-01 1.820560e-01 6.041440e-01
363 2.143360e-01 1.815200e-01 6.041440e-01
364 2.145920e-01 1.811120e-01 6.042960e-01
365 2.153640e-01 1.803480e-01 6.042880e-01
366 2.157720e-01 1.801360e-01 6.040920e-01
367 2.155640e-01 1.806520e-01 6.037840e-01
368 2.163760e-01 1.796000e-01 6.040240e-01
369 2.163240e-01 1.795280e-01 6.041480e-01
370 2.160400e-01 1.797760e-01 6.041840e-01
371 2.159880e-01 1.804520e-01 6.035600e-01
372 2.162360e-01 1.804840e-01 6.032800e-01
373 2.169680e-01 1.804960e-01 6.025360e-01
374 2.165120e-01 1.804800e-01 6.030080e-01
375 2.170120e-01 1.809080e-01 6.020800e-01
376 2.157280e-01 1.818840e-01 6.023880e-01
377 2.164880e-01 1.811280e-01 6.023840e-01
378 2.164280e-01 1.812800e-01 6.022920e-01
379 2.162920e-01 1.817840e-01 6.019240e-01
380 2.166080e-01 1.814960e-01 6.018960e-01
381 2.170360e-01 1.816040e-01 6.013600e-01
382 2.170640e-01 1.814840e-01 6.014520e-01
383 2.172440e-01 1.816960e-01 6.010600e-01
384 2.173400e-01 1.816720e-01 6.009880e-01
385 2.174240e-01 1.808160e-01 6.017600e-01
386 2.166320e-01 1.814600e-01 6.019080e-01
387 2.168760e-01 1.810640e-01 6.020600e-01
388 2.167760e-01 1.812400e-01 6.019840e-01
389 2.168920e-01 1.812520e-01 6.018560e-01
390 2.163040e-01 1.819640e-01 6.017320e-01
391 2.161720e-01 1.817600e-01 6.020680e-01
392 2.161040e-01 1.816000e-01 6.022960e-01
393 2.155040e-01 1.814760e-01 6.030200e-01
394 2.148880e-01 1.817920e-01 6.033200e-01
395 2.148280e-01 1.818640e-01 6.033080e-01
396 2.150440e-01 1.817160e-01 6.032400e-01
397 2.146200e-01 1.817400e-01 6.036400e-01
398 2.142520e-01 1.816920e-01 6.040560e-01
399 2.136400e-01 1.820480e-01 6.043120e-01
400 2.143360e-01 1.816280e-01 6.040360e-01
401 2.142040e-01 1.814240e-01 6.043720e-01
402 2.138960e-01 1.814800e-01 6.046240e-01
403 2.135360e-01 1.818240e-01 6.046400e-01
404 2.132520e-01 1.813320e-01 6.054160e-01
405 2.140880e-01 1.806560e-01 6.052560e-01
406 2.141680e-01 1.802400e-01 6.055920e-01
407 2.138640e-01 1.805440e-01 6.055920e-01
408 2.141400e-01 1.806000e-01 6.052600e-01
409 2.141960e-01 1.804320e-01 6.053720e-01
410 2.146960e-01 1.800760e-01 6.052280e-01
411 2.144360e-01 1.803200e-01 6.052440e-01
412 2.148400e-01 1.803320e-01 6.048280e-01
413 2.145880e-01 1.804440e-01 6.049680e-01
414 2.150400e-01 1.798760e-01 6.050840e-01
415 2.158320e-01 1.797360e-01 6.044320e-01
416 2.162240e-01 1.797000e-01 6.040760e-01
417 2.158240e-01 1.801160e-01 6.040600e-01
418 2.160240e-01 1.804520e-01 6.035240e-01
419 2.156240e-01 1.805160e-01 6.038600e-01
420 2.164960e-01 1.802520e-01 6.032520e-01
421 2.171520e-01 1.803120e-01 6.025360e-01
422 2.173400e-01 1.804960e-01 6.021640e-01
423 2.172000e-01 1.805720e-01 6.022280e-01
424 2.167560e-01 1.808000e-01 6.024440e-01
425 2.170240e-01 1.804320e-01 6.025440e-01
426 2.172600e-01 1.800720e-01 6.026680e-01
427 2.172760e-01 1.798200e-01 6.029040e-01
428 2.177000e-01 1.799320e-01 6.023680e-01
429 2.174080e-01 1.802720e-01 6.023200e-01
430 2.172120e-01 1.804080e-01 6.023800e-01
431 2.170080e-01 1.813000e-01 6.016920e-01
432 2.166160e-01 1.811640e-01 6.022200e-01
433 2.163000e-01 1.817360e-01 6.019640e-01
434 2.159160e-01 1.826000e-01 6.014840e-01
435 2.155080e-01 1.824320e-01 6.020600e-01
436 2.150120e-01 1.826200e-01 6.023680e-01
437 2.144280e-01 1.831120e-01 6.024600e-01
438 2.149080e-01 1.829880e-01 6.021040e-01
439 2.144800e-01 1.830240e-01 6.024960e-01
440 2.145960e-01 1.836640e-01 6.017400e-01
441 2.150600e-01 1.833120e-01 6.016280e-01
442 2.150840e-01 1.831120e-01 6.018040e-01
443 2.152520e-01 1.827440e-01 6.020040e-01
444 2.150200e-01 1.827120e-01 6.022680e-01
445 2.149320e-01 1.823720e-01 6.026960e-01
446 2.147960e-01 1.828800e-01 6.023240e-01
447 2.147720e-01 1.831360e-01 6.020920e-01
448 2.151040e-01 1.829560e-01 6.019400e-01
449 2.145920e-01 1.831000e-01 6.023080e-01
450 2.144360e-01 1.830120e-01 6.025520e-01
451 2.155120e-01 1.816800e-01 6.028080e-01
452 2.160040e-01 1.810520e-01 6.029440e-01
453 2.162320e-01 1.810080e-01 6.027600e-01
454 2.160200e-01 1.811960e-01 6.027840e-01
455 2.154080e-01 1.813120e-01 6.032800e-01
456 2.147280e-01 1.818360e-01 6.034360e-01
457 2.145480e-01 1.818880e-01 6.035640e-01
458 2.144800e-01 1.816960e-01 6.038240e-01
459 2.147040e-01 1.814400e-01 6.038560e-01
460 2.146960e-01 1.819080e-01 6.033960e-01
461 2.146120e-01 1.818880e-01 6.035000e-01
462 2.149160e-01 1.815240e-01 6.035600e-01
463 2.152840e-01 1.816200e-01 6.030960e-01
464 2.153440e-01 1.818840e-01 6.027720e-01
465 2.150720e-01 1.815240e-01 6.034040e-01
466 2.154440e-01 1.815240e-01 6.030320e-01
467 2.152480e-01 1.822040e-01 6.025480e-01
468 2.147280e-01 1.825040e-01 6.027680e-01
469 2.146160e-01 1.817520e-01 6.036320e-01
470 2.147560e-01 1.818760e-01 6.033680e-01
471 2.148800e-01 1.823320e-01 6.027880e-01
472 2.151320e-01 1.819520e-01 6.029160e-01
473 2.149560e-01 1.821000e-01 6.029440e-01
474 2.154760e-01 1.814920e-01 6.030320e-01
475 2.151520e-01 1.815560e-01 6.032920e-01
476 2.144280e-01 1.814280e-01 6.041440e-01
477 2.144120e-01 1.814640e-01 6.041240e-01
478 2.147760e-01 1.815040e-01 6.037200e-01
479 2.145960e-01 1.816200e-01 6.037840e-01
480 2.152200e-01 1.815160e-01 6.032640e-01
481 2.149920e-01 1.819560e-01 6.030520e-01
482 2.149680e-01 1.820280e-01 6.030040e-01
483 2.151200e-01 1.819640e-01 6.029160e-01
484 2.144600e-01 1.818000e-01 6.037400e-01
485 2.144360e-01 1.817800e-01 6.037840e-01
486 2.151080e-01 1.810320e-01 6.038600e-01
487 2.152720e-01 1.813880e-01 6.033400e-01
488 2.152080e-01 1.813720e-01 6.034200e-01
489 2.149520e-01 1.813480e-01 6.037000e-01
490 2.151440e-01 1.818400e-01 6.030160e-01
491 2.146080e-01 1.822560e-01 6.031360e-01
492 2.143720e-01 1.820560e-01 6.035720e-01
493 2.139760e-01 1.826960e-01 6.033280e-01
494 2.141800e-01 1.829160e-01 6.029040e-01
495 2.144320e-01 1.825160e-01 6.030520e-01
496 2.137240e-01 1.831720e-01 6.031040e-01
497 2.137000e-01 1.832160e-01 6.030840e-01
498 2.132920e-01 1.829240e-01 6.037840e-01
499 2.135600e-01 1.826240e-01 6.038160e-01
500 2.138400e-01 1.824360e-01 6.037240e-01
501 2.140640e-01 1.826320e-01 6.033040e-01
502 2.136360e-01 1.828040e-01 6.035600e-01
503 2.141400e-01 1.828880e-01 6.029720e-01
504 2.137320e-01 1.826240e-01 6.036440e-01
505 2.132160e-01 1.830800e-01 6.037040e-01
506 2.133240e-01 1.831360e-01 6.035400e-01
507 2.137520e-01 1.823080e-01 6.039400e-01
508 2.143480e-01 1.821240e-01 6.035280e-01
509 2.138960e-01 1.823280e-01 6.037760e-01
510 2.135600e-01 1.828840e-01 6.035560e-01
511 2.122440e-01 1.835000e-01 6.042560e-01
512 2.123320e-01 1.833160e-01 6.043520e-01
513 2.126960e-01 1.826400e-01 6.046640e-01
514 2.127000e-01 1.824560e-01 6.048440e-01
515 2.131520e-01 1.818800e-01 6.049680e-01
516 2.128200e-01 1.821960e-01 6.049840e-01
517 2.128600e-01 1.815800e-01 6.055600e-01
518 2.132360e-01 1.810560e-01 6.057080e-01
519 2.129840e-01 1.810640e-01 6.059520e-01
520 2.134360e-01 1.801960e-01 6.063680e-01
521 2.138840e-01 1.798080e-01 6.063080e-01
522 2.143640e-01 1.792400e-01 6.063960e-01
523 2.142320e-01 1.796600e-01 6.061080e-01
524 2.149080e-01 1.792360e-01 6.058560e-01
525 2.148400e-01 1.793480e-01 6.058120e-01
526 2.159720e-01 1.792320e-01 6.047960e-01
527 2.162800e-01 1.790680e-01 6.046520e-01
528 2.166360e-01 1.789800e-01 6.043840e-01
529 2.162320e-01 1.796920e-01 6.040760e-01
530 2.162760e-01 1.793600e-01 6.043640e-01
531 2.160600e-01 1.799440e-01 6.039960e-01
532 2.158400e-01 1.801040e-01 6.040560e-01
533 2.160360e-01 1.797560e-01 6.042080e-01
534 2.159000e-01 1.800000e-01 6.041000e-01
535 2.161640e-01 1.798160e-01 6.040200e-01
536 2.164880e-01 1.799880e-01 6.035240e-01
537 2.161640e-01 1.805120e-01 6.033240e-01
538 2.153200e-01 1.808560e-01 6.038240e-01
539 2.151680e-01 1.813600e-01 6.034720e-01
540 2.151040e-01 1.817920e-01 6.031040e-01
541 2.147920e-01 1.820000e-01 6.032080e-01
542 2.144720e-01 1.816200e-01 6.039080e-01
543 2.144240e-01 1.815560e-01 6.040200e-01
544 2.145040e-01 1.817920e-01 6.037040e-01
545 2.143520e-01 1.816760e-01 6.039720e-01
546 2.140280e-01 1.821440e-01 6.038280e-01
547 2.152320e-01 1.811960e-01 6.035720e-01
548 2.143440e-01 1.819240e-01 6.037320e-01
549 2.148920e-01 1.815080e-01 6.036000e-01
550 2.154520e-01 1.813480e-01 6.032000e-01
551 2.151680e-01 1.813360e-01 6.034960e-01
552 2.150360e-01 1.811480e-01 6.038160e-01
553 2.155280e-01 1.810520e-01 6.034200e-01
554 2.156200e-01 1.811520e-01 6.032280e-01
555 2.161640e-01 1.808680e-01 6.029680e-01
556 2.166120e-01 1.799880e-01 6.034000e-01
557 2.167520e-01 1.803640e-01 6.028840e-01
558 2.158720e-01 1.809200e-01 6.032080e-01
559 2.161560e-01 1.814840e-01 6.023600e-01
560 2.160520e-01 1.815080e-01 6.024400e-01
561 2.157800e-01 1.820640e-01 6.021560e-01
562 2.154880e-01 1.822680e-01 6.022440e-01
563 2.151640e-01 1.828280e-01 6.020080e-01
564 2.151080e-01 1.830400e-01 6.018520e-01
565 2.146040e-01 1.829760e-01 6.024200e-01
566 2.144320e-01 1.825680e-01 6.030000e-01
567 2.144760e-01 1.828320e-01 6.026920e-01
568 2.146160e-01 1.832560e-01 6.021280e-01
569 2.143440e-01 1.831720e-01 6.024840e-01
570 2.134280e-01 1.832360e-01 6.033360e-01
571 2.135880e-01 1.828240e-01 6.035880e-01
572 2.135880e-01 1.830920e-01 6.033200e-01
573 2.140120e-01 1.824960e-01 6.034920e-01
574 2.148520e-01 1.820280e-01 6.031200e-01
575 2.142280e-01 1.820160e-01 6.037560e-01
576 2.140560e-01 1.823120e-01 6.036320e-01
577 2.142240e-01 1.817760e-01 6.040000e-01
578 2.138240e-01 1.820680e-01 6.041080e-01
579 2.140960e-01 1.823040e-01 6.036000e-01
580 2.149600e-01 1.815200e-01 6.035200e-01
581 2.144840e-01 1.821320e-01 6.033840e-01
582 2.143480e-01 1.822320e-01 6.034200e-01
583 2.141920e-01 1.824160e-01 6.033920e-01
584 2.143640e-01 1.820840e-01 6.035520e-01
585 2.138280e-01 1.823440e-01 6.038280e-01
586 2.138400e-01 1.815600e-01 6.046000e-01
587 2.129280e-01 1.818400e-01 6.052320e-01
588 2.136200e-01 1.809760e-01 6.054040e-01
589 2.140080e-01 1.809040e-01 6.050880e-01
590 2.146240e-01 1.805960e-01 6.047800e-01
591 2.145800e-01 1.806760e-01 6.047440e-01
592 2.156600e-01 1.803040e-01 6.040360e-01
593 2.156720e-01 1.799560e-01 6.043720e-01
594 2.154200e-01 1.799480e-01 6.046320e-01
595 2.155800e-01 1.799280e-01 6.044920e-01
596 2.153800e-01 1.802800e-01 6.043400e-01
597 2.159800e-01 1.798320e-01 6.041880e-01
598 2.165320e-01 1.794960e-01 6.039720e-01
599 2.165080e-01 1.794120e-01 6.040800e-01
600 2.164240e-01 1.792560e-01 6.043200e-01
601 2.166480e-01 1.793800e-01 6.039720e-01
602 2.173360e-01 1.791880e-01 6.034760e-01
603 2.174840e-01 1.797440e-01 6.027720e-01
604 2.176760e-01 1.799960e-01 6.023280e-01
605 2.174400e-01 1.798360e-01 6.027240e-01
606 2.176200e-01 1.797040e-01 6.026760e-01
607 2.173640e-01 1.804400e-01 6.021960e-01
608 2.170600e-01 1.813600e-01 6.015800e-01
609 2.164880e-01 1.820280e-01 6.014840e-01
610 2.167560e-01 1.817240e-01 6.015200e-01
611 2.161880e-01 1.816240e-01 6.021880e-01
612 2.165200e-01 1.811920e-01 6.022880e-01
613 2.173320e-01 1.809400e-01 6.017280e-01
614 2.170840e-01 1.815400e-01 6.013760e-01
615 2.168960e-01 1.819040e-01 6.012000e-01
616 2.166720e-01 1.820840e-01 6.012440e-01
617 2.162320e-01 1.821320e-01 6.016360e-01
618 2.168160e-01 1.815240e-01 6.016600e-01
619 2.167120e-01 1.813760e-01 6.019120e-01
620 2.164840e-01 1.814720e-01 6.020440e-01
621 2.161120e-01 1.814200e-01 6.024680e-01
622 2.153440e-01 1.813160e-01 6.033400e-01
623 2.154400e-01 1.806480e-01 6.039120e-01
624 2.159200e-01 1.802320e-01 6.038480e-01
625 2.160000e-01 1.802320e-01 6.037680e-01
626 2.153720e-01 1.807760e-01 6.038520e-01
627 2.153760e-01 1.809520e-01 6.036720e-01
628 2.151280e-01 1.813120e-01 6.035600e-01
629 2.149200e-01 1.810480e-01 6.040320e-01
630 2.148640e-01 1.809120e-01 6.042240e-01
631 2.149760e-01 1.809040e-01 6.041200e-01
632 2.149880e-01 1.806720e-01 6.043400e-01
633 2.157040e-01 1.805840e-01 6.037120e-01
634 2.151280e-01 1.807320e-01 6.041400e-01
635 2.148200e-01 1.801720e-01 6.050080e-01
636 2.145680e-01 1.802720e-01 6.051600e-01
637 2.144720e-01 1.804640e-01 6.050640e-01
638 2.150960e-01 1.804400e-01 6.044640e-01
639 2.147640e-01 1.808520e-01 6.043840e-01
640 2.147080e-01 1.810600e-01 6.042320e-01
641 2.150800e-01 1.810640e-01 6.038560e-01
642 2.147800e-01 1.814320e-01 6.037880e-01
643 2.141720e-01 1.817480e-01 6.040800e-01
644 2.139680e-01 1.817480e-01 6.042840e-01
645 2.130000e-01 1.825120e-01 6.044880e-01
646 2.130560e-01 1.821840e-01 6.047600e-01
647 2.131160e-01 1.815240e-01 6.053600e-01
648 2.131640e-01 1.806360e-01 6.062000e-01
649 2.130200e-01 1.806920e-01 6.062880e-01
650 2.134360e-01 1.796920e-01 6.068720e-01
651 2.139760e-01 1.798360e-01 6.061880e-01
652 2.148840e-01 1.791520e-01 6.059640e-01
653 2.152120e-01 1.797320e-01 6.050560e-01
654 2.154880e-01 1.796520e-01 6.048600e-01
655 2.153920e-01 1.796920e-01 6.049160e-01
656 2.157840e-01 1.794600e-01 6.047560e-01
657 2.153640e-01 1.795920e-01 6.050440e-01
658 2.163720e-01 1.790560e-01 6.045720e-01
659 2.164600e-01 1.788600e-01 6.046800e-01
660 2.163280e-01 1.789320e-01 6.047400e-01
661 2.164040e-01 1.797320e-01 6.038640e-01
662 2.165920e-01 1.801160e-01 6.032920e-01
663 2.170120e-01 1.796280e-01 6.033600e-01
664 2.167120e-01 1.793000e-01 6.039880e-01
665 2.161520e-01 1.799560e-01 6.038920e-01
666 2.162200e-01 1.798080e-01 6.039720e-01
667 2.157120e-01 1.804520e-01 6.038360e-01
668 2.151000e-01 1.812840e-01 6.036160e-01
669 2.153640e-01 1.816120e-01 6.030240e-01
670 2.155960e-01 1.815320e-01 6.028720e-01
671 2.162760e-01 1.811480e-01 6.025760e-01
672 2.165680e-01 1.804360e-01 6.029960e-01
673 2.161720e-01 1.808200e-01 6.030080e-01
674 2.159840e-01 1.809800e-01 6.030360e-01
675 2.164000e-01 1.807280e-01 6.028720e-01
676 2.159080e-01 1.818040e-01 6.022880e-01
677 2.156840e-01 1.816160e-01 6.027000e-01
678 2.156560e-01 1.809200e-01 6.034240e-01
679 2.156720e-01 1.802680e-01 6.040600e-01
680 2.161280e-01 1.798040e-01 6.040680e-01
681 2.158120e-01 1.800200e-01 6.041680e-01
682 2.158240e-01 1.802160e-01 6.039600e-01
683 2.160360e-01 1.797960e-01 6.041680e-01
684 2.161440e-01 1.796920e-01 6.041640e-01
685 2.159920e-01 1.795840e-01 6.044240e-01
686 2.159200e-01 1.795000e-01 6.045800e-01
687 2.154680e-01 1.797080e-01 6.048240e-01
688 2.146560e-01 1.797920e-01 6.055520e-01
689 2.140600e-01 1.807480e-01 6.051920e-01
690 2.139920e-01 1.808400e-01 6.051680e-01
691 2.142640e-01 1.808240e-01 6.049120e-01
692 2.142880e-01 1.809320e-01 6.047800e-01
693 2.150560e-01 1.805120e-01 6.044320e-01
694 2.152240e-01 1.807680e-01 6.040080e-01
695 2.148280e-01 1.803440e-01 6.048280e-01
696 2.158200e-01 1.802880e-01 6.038920e-01
697 2.157720e-01 1.805120e-01 6.037160e-01
698 2.154880e-01 1.804520e-01 6.040600e-01
699 2.150440e-01 1.806080e-01 6.043480e-01
700 2.152040e-01 1.805880e-01 6.042080e-01
701 2.154120e-01 1.806760e-01 6.039120e-01
702 2.147560e-01 1.806840e-01 6.045600e-01
703 2.151320e-01 1.805520e-01 6.043160e-01
704 2.155200e-01 1.803960e-01 6.040840e-01
705 2.151240e-01 1.802720e-01 6.046040e-01
706 2.146800e-01 1.804720e-01 6.048480e-01
707 2.143000e-01 1.804960e-01 6.052040e-01
708 2.143680e-01 1.807840e-01 6.048480e-01
709 2.148000e-01 1.807560e-01 6.044440e-01
710 2.150480e-01 1.810160e-01 6.039360e-01
711 2.147920e-01 1.810600e-01 6.041480e-01
712 2.154080e-01 1.794840e-01 6.051080e-01
713 2.153840e-01 1.800320e-01 6.045840e-01
714 2.163160e-01 1.795240e-01 6.041600e-01
715 2.170240e-01 1.789400e-01 6.040360e-01
716 2.171000e-01 1.791640e-01 6.037360e-01
717 2.176640e-01 1.794760e-01 6.028600e-01
718 2.179720e-01 1.797160e-01 6.023120e-01
719 2.180040e-01 1.794120e-01 6.025840e-01
720 2.176240e-01 1.795480e-01 6.028280e-01
721 2.181160e-01 1.793760e-01 6.025080e-01
722 2.172200e-01 1.800560e-01 6.027240e-01
723 2.162880e-01 1.802880e-01 6.034240e-01
724 2.164080e-01 1.798840e-01 6.037080e-01
725 2.166200e-01 1.802040e-01 6.031760e-01
726 2.166760e-01 1.806200e-01 6.027040e-01
727 2.166040e-01 1.806480e-01 6.027480e-01
728 2.164920e-01 1.817240e-01 6.017840e-01
729 2.165360e-01 1.820800e-01 6.013840e-01
730 2.166880e-01 1.821960e-01 6.011160e-01
731 2.162160e-01 1.823600e-01 6.014240e-01
732 2.165600e-01 1.822360e-01 6.012040e-01
733 2.156800e-01 1.828960e-01 6.014240e-01
734 2.150440e-01 1.826200e-01 6.023360e-01
735 2.142440e-01 1.830040e-01 6.027520e-01
736 2.145880e-01 1.826040e-01 6.028080e-01
737 2.142960e-01 1.825640e-01 6.031400e-01
738 2.147000e-01 1.824120e-01 6.028880e-01
739 2.143720e-01 1.820800e-01 6.035480e-01
740 2.135800e-01 1.826600e-01 6.037600e-01
741 2.139520e-01 1.822440e-01 6.038040e-01
742 2.145400e-01 1.819760e-01 6.034840e-01
743 2.151080e-01 1.818720e-01 6.030200e-01
744 2.146560e-01 1.821080e-01 6.032360e-01
745 2.142360e-01 1.827440e-01 6.030200e-01
746 2.139560e-01 1.829920e-01 6.030520e-01
747 2.135680e-01 1.831400e-01 6.032920e-01
748 2.135920e-01 1.824800e-01 6.039280e-01
749 2.139240e-01 1.821240e-01 6.039520e-01
750 2.139040e-01 1.825040e-01 6.035920e-01
751 2.144160e-01 1.820320e-01 6.035520e-01
752 2.146720e-01 1.820480e-01 6.032800e-01
753 2.141680e-01 1.823480e-01 6.034840e-01
754 2.148240e-01 1.819720e-01 6.032040e-01
755 2.149120e-01 1.816680e-01 6.034200e-01
756 2.145560e-01 1.816360e-01 6.038080e-01
757 2.149720e-01 1.818240e-01 6.032040e-01
758 2.155840e-01 1.814040e-01 6.030120e-01
759 2.159880e-01 1.810040e-01 6.030080e-01
760 2.157480e-01 1.807920e-01 6.034600e-01
761 2.156280e-01 1.809840e-01 6.033880e-01
762 2.159160e-01 1.814440e-01 6.026400e-01
763 2.157200e-01 1.815360e-01 6.027440e-01
764 2.163120e-01 1.816400e-01 6.020480e-01
765 2.161800e-01 1.818160e-01 6.020040e-01
766 2.162960e-01 1.818240e-01 6.018800e-01
767 2.161320e-01 1.816680e-01 6.022000e-01
768 2.158280e-01 1.817920e-01 6.023800e-01
769 2.159600e-01 1.817080e-01 6.023320e-01
770 2.157720e-01 1.816880e-01 6.025400e-01
771 2.154360e-01 1.815960e-01 6.029680e-01
772 2.162440e-01 1.812560e-01 6.025000e-01
773 2.160920e-01 1.816200e-01 6.022880e-01
774 2.158640e-01 1.812800e-01 6.028560e-01
775 2.162160e-01 1.809800e-01 6.028040e-01
776 2.159080e-01 1.805240e-01 6.035680e-01
777 2.153520e-01 1.806360e-01 6.040120e-01
778 2.155160e-01 1.811680e-01 6.033160e-01
779 2.151880e-01 1.813640e-01 6.034480e-01
780 2.150760e-01 1.815480e-01 6.033760e-01
781 2.150400e-01 1.815240e-01 6.034360e-01
782 2.148480e-01 1.814560e-01 6.036960e-01
783 2.151360e-01 1.815960e-01 6.032680e-01
784 2.148480e-01 1.819400e-01 6.032120e-01
785 2.142560e-01 1.818040e-01 6.039400e-01
786 2.145320e-01 1.816560e-01 6.038120e-01
787 2.149600e-01 1.819000e-01 6.031400e-01
788 2.142640e-01 1.825000e-01 6.032360e-01
789 2.138360e-01 1.824160e-01 6.037480e-01
790 2.140280e-01 1.823320e-01 6.036400e-01
791 2.133880e-01 1.822520e-01 6.043600e-01
792 2.131480e-01 1.822600e-01 6.045920e-01
793 2.136400e-01 1.818000e-01 6.045600e-01
794 2.137240e-01 1.817080e-01 6.045680e-01
795 2.140560e-01 1.815760e-01 6.043680e-01
796 2.145960e-01 1.808760e-01 6.045280e-01
797 2.148640e-01 1.811280e-01 6.040080e-01
798 2.147640e-01 1.807600e-01 6.044760e-01
799 2.151760e-01 1.805480e-01 6.042760e-01
800 2.154800e-01 1.805240e-01 6.039960e-01
801 2.161640e-01 1.803040e-01 6.035320e-01
802 2.160760e-01 1.802200e-01 6.037040e-01
803 2.165520e-01 1.804520e-01 6.029960e-01
804 2.164760e-01 1.801480e-01 6.033760e-01
805 2.166760e-01 1.802920e-01 6.030320e-01
806 2.174600e-01 1.795160e-01 6.030240e-01
807 2.164240e-01 1.806720e-01 6.029040e-01
808 2.166040e-01 1.804680e-01 6.029280e-01
809 2.168280e-01 1.808520e-01 6.023200e-01
810 2.163440e-01 1.813000e-01 6.023560e-01
811 2.164840e-01 1.807320e-01 6.027840e-01
812 2.160160e-01 1.808320e-01 6.031520e-01
813 2.154520e-01 1.808840e-01 6.036640e-01
814 2.152720e-01 1.812120e-01 6.035160e-01
815 2.148040e-01 1.807840e-01 6.044120e-01
816 2.150400e-01 1.807680e-01 6.041920e-01
817 2.150400e-01 1.809840e-01 6.039760e-01
818 2.141880e-01 1.824040e-01 6.034080e-01
819 2.138440e-01 1.824200e-01 6.037360e-01
820 2.130680e-01 1.828520e-01 6.040800e-01
821 2.131040e-01 1.826040e-01 6.042920e-01
822 2.137520e-01 1.824600e-01 6.037880e-01
823 2.144840e-01 1.817600e-01 6.037560e-01
824 2.149880e-01 1.820320e-01 6.029800e-01
825 2.146000e-01 1.822480e-01 6.031520e-01
826 2.140320e-01 1.821000e-01 6.038680e-01
827 2.140440e-01 1.818200e-01 6.041360e-01
828 2.140400e-01 1.820200e-01 6.039400e-01
829 2.145440e-01 1.813960e-01 6.040600e-01
830 2.149480e-01 1.815000e-01 6.035520e-01
831 2.142720e-01 1.818760e-01 6.038520e-01
832 2.145280e-01 1.818040e-01 6.036680e-01
833 2.144920e-01 1.814800e-01 6.040280e-01
834 2.141480e-01 1.822880e-01 6.035640e-01
835 2.145160e-01 1.817000e-01 6.037840e-01
836 2.144160e-01 1.819920e-01 6.035920e-01
837 2.144480e-01 1.818040e-01 6.037480e-01
838 2.150040e-01 1.815560e-01 6.034400e-01
839 2.149640e-01 1.817920e-01 6.032440e-01
840 2.153880e-01 1.812560e-01 6.033560e-01
841 2.148560e-01 1.815760e-01 6.035680e-01
842 2.145400e-01 1.814920e-01 6.039680e-01
843 2.150360e-01 1.815040e-01 6.034600e-01
844 2.149240e-01 1.817360e-01 6.033400e-01
845 2.154600e-01 1.812800e-01 6.032600e-01
846 2.154800e-01 1.815400e-01 6.029800e-01
847 2.154640e-01 1.817720e-01 6.027640e-01
848 2.152560e-01 1.819960e-01 6.027480e-01
849 2.151000e-01 1.819560e-01 6.029440e-01
850 2.154120e-01 1.816720e-01 6.029160e-01
851 2.151960e-01 1.817440e-01 6.030600e-01
852 2.147280e-01 1.817440e-01 6.035280e-01
853 2.145920e-01 1.826040e-01 6.028040e-01
854 2.146920e-01 1.826880e-01 6.026200e-01
855 2.144080e-01 1.830760e-01 6.025160e-01
856 2.145160e-01 1.836720e-01 6.018120e-01
857 2.141840e-01 1.836320e-01 6.021840e-01
858 2.135240e-01 1.830960e-01 6.033800e-01
859 2.130680e-01 1.834920e-01 6.034400e-01
860 2.136920e-01 1.824800e-01 6.038280e-01
861 2.139280e-01 1.820600e-01 6.040120e-01
862 2.142080e-01 1.817000e-01 6.040920e-01
863 2.148200e-01 1.814360e-01 6.037440e-01
864 2.140640e-01 1.821040e-01 6.038320e-01
865 2.148040e-01 1.812040e-01 6.039920e-01
866 2.146040e-01 1.809960e-01 6.044000e-01
867 2.147560e-01 1.809160e-01 6.043280e-01
868 2.151040e-01 1.809320e-01 6.039640e-01
869 2.151440e-01 1.810360e-01 6.038200e-01
870 2.157400e-01 1.804480e-01 6.038120e-01
871 2.157840e-01 1.806360e-01 6.035800e-01
872 2.163480e-01 1.808840e-01 6.027680e-01
873 2.161200e-01 1.806840e-01 6.031960e-01
874 2.168920e-01 1.800920e-01 6.030160e-01
875 2.171520e-01 1.801800e-01 6.026680e-01
876 2.173440e-01 1.801800e-01 6.024760e-01
877 2.169360e-01 1.802240e-01 6.028400e-01
878 2.162520e-01 1.801880e-01 6.035600e-01
879 2.167320e-01 1.797680e-01 6.035000e-01
880 2.169920e-01 1.796120e-01 6.033960e-01
881 2.168440e-01 1.802040e-01 6.029520e-01
882 2.165520e-01 1.806520e-01 6.027960e-01
883 2.170040e-01 1.801080e-01 6.028880e-01
884 2.171000e-01 1.805920e-01 6.023080e-01
885 2.162560e-01 1.809680e-01 6.027760e-01
886 2.157240e-01 1.814040e-01 6.028720e-01
887 2.147960e-01 1.820800e-01 6.031240e-01
888 2.144880e-01 1.820640e-01 6.034480e-01
889 2.148240e-01 1.816000e-01 6.035760e-01
890 2.150600e-01 1.814840e-01 6.034560e-01
891 2.155960e-01 1.820680e-01 6.023360e-01
892 2.144880e-01 1.821720e-01 6.033400e-01
893 2.151800e-01 1.826040e-01 6.022160e-01
894 2.155800e-01 1.823840e-01 6.020360e-01
895 2.158600e-01 1.826200e-01 6.015200e-01
896 2.155240e-01 1.827760e-01 6.017000e-01
897 2.155360e-01 1.828160e-01 6.016480e-01
898 2.154240e-01 1.824560e-01 6.021200e-01
899 2.149720e-01 1.817440e-01 6.032840e-01
900 2.150360e-01 1.816000e-01 6.033640e-01
901 2.148320e-01 1.820200e-01 6.031480e-01
902 2.152480e-01 1.823080e-01 6.024440e-01
903 2.149840e-01 1.826720e-01 6.023440e-01
904 2.143760e-01 1.827040e-01 6.029200e-01
905 2.143480e-01 1.822480e-01 6.034040e-01
906 2.144400e-01 1.825680e-01 6.029920e-01
907 2.148720e-01 1.816720e-01 6.034560e-01
908 2.154400e-01 1.816040e-01 6.029560e-01
909 2.150560e-01 1.821520e-01 6.027920e-01
910 2.149920e-01 1.821080e-01 6.029000e-01
911 2.148800e-01 1.819440e-01 6.031760e-01
912 2.146080e-01 1.824760e-01 6.029160e-01
913 2.146840e-01 1.823480e-01 6.029680e-01
914 2.152600e-01 1.811760e-01 6.035640e-01
915 2.149360e-01 1.812680e-01 6.037960e-01
916 2.155160e-01 1.806920e-01 6.037920e-01
917 2.160360e-01 1.802880e-01 6.036760e-01
918 2.166920e-01 1.803720e-01 6.029360e-01
919 2.163160e-01 1.801880e-01 6.034960e-01
920 2.162680e-01 1.802320e-01 6.035000e-01
921 2.159720e-01 1.804600e-01 6.035680e-01
922 2.159360e-01 1.798440e-01 6.042200e-01
923 2.163400e-01 1.798880e-01 6.037720e-01
924 2.165560e-01 1.796520e-01 6.037920e-01
925 2.170160e-01 1.797760e-01 6.032080e-01
926 2.167240e-01 1.798600e-01 6.034160e-01
927 2.166320e-01 1.803360e-01 6.030320e-01
928 2.166680e-01 1.807840e-01 6.025480e-01
929 2.165040e-01 1.812680e-01 6.022280e-01
930 2.163200e-01 1.814000e-01 6.022800e-01
931 2.160760e-01 1.819040e-01 6.020200e-01
932 2.158720e-01 1.820240e-01 6.021040e-01
