1 9.991320e-01 7.800000e-04 8.800000e-05
2 9.981240e-01 1.604000e-03 2.720000e-04
3 9.962600e-01 3.124000e-03 6.160000e-04
4 9.930000e-01 5.660000e-03 1.340000e-03
5 9.874840e-01 1.002000e-02 2.496000e-03
6 9.779240e-01 1.753200e-02 4.544000e-03
7 9.618120e-01 2.999600e-02 8.192000e-03
8 9.381000e-01 4.793200e-02 1.396800e-02
9 9.038680e-01 7.351600e-02 2.261600e-02
10 8.587960e-01 1.058720e-01 3.533200e-02
11 8.046800e-01 1.426600e-01 5.266000e-02
12 7.431560e-01 1.826840e-01 7.416000e-02
13 6.765240e-01 2.226040e-01 1.008720e-01
14 6.097560e-01 2.602400e-01 1.300040e-01
15 5.445200e-01 2.926400e-01 1.628400e-01
16 4.846680e-01 3.181440e-01 1.971880e-01
17 4.291160e-01 3.389560e-01 2.319280e-01
18 3.797840e-01 3.542160e-01 2.660000e-01
19 3.365160e-01 3.632040e-01 3.002800e-01
20 2.984840e-01 3.691240e-01 3.323920e-01
21 2.651040e-01 3.709320e-01 3.639640e-01
22 2.373840e-01 3.688880e-01 3.937280e-01
23 2.133440e-01 3.652240e-01 4.214320e-01
24 1.923600e-01 3.603960e-01 4.472440e-01
25 1.763680e-01 3.516560e-01 4.719760e-01
26 1.640880e-01 3.426320e-01 4.932800e-01
27 1.541640e-01 3.331840e-01 5.126520e-01
28 1.468760e-01 3.225320e-01 5.305920e-01
29 1.414480e-01 3.111280e-01 5.474240e-01
30 1.379840e-01 3.000160e-01 5.620000e-01
31 1.368920e-01 2.885200e-01 5.745880e-01
32 1.366840e-01 2.784360e-01 5.848800e-01
33 1.372640e-01 2.673880e-01 5.953480e-01
34 1.387840e-01 2.570880e-01 6.041280e-01
35 1.409520e-01 2.483880e-01 6.106600e-01
36 1.440080e-01 2.397720e-01 6.162200e-01
37 1.473880e-01 2.314560e-01 6.211560e-01
38 1.514960e-01 2.238120e-01 6.246920e-01
39 1.547120e-01 2.174680e-01 6.278200e-01
40 1.592960e-01 2.103400e-01 6.303640e-01
41 1.630920e-01 2.047240e-01 6.321840e-01
42 1.670280e-01 1.988600e-01 6.341120e-01
43 1.715000e-01 1.936440e-01 6.348560e-01
44 1.762160e-01 1.891800e-01 6.346040e-01
45 1.798480e-01 1.861520e-01 6.340000e-01
46 1.836840e-01 1.827600e-01 6.335560e-01
47 1.874960e-01 1.801600e-01 6.323440e-01
48 1.907800e-01 1.777880e-01 6.314320e-01
49 1.936840e-01 1.756040e-01 6.307120e-01
50 1.974080e-01 1.737000e-01 6.288920e-01
51 2.004960e-01 1.726600e-01 6.268440e-01
52 2.034840e-01 1.710880e-01 6.254280e-01
53 2.069520e-01 1.697920e-01 6.232560e-01
54 2.098800e-01 1.685800e-01 6.215400e-01
55 2.120280e-01 1.675400e-01 6.204320e-01
56 2.143200e-01 1.669720e-01 6.187080e-01
57 2.169720e-01 1.660400e-01 6.169880e-01
58 2.184200e-01 1.657480e-01 6.158320e-01
59 2.194520e-01 1.662160e-01 6.143320e-01
60 2.214800e-01 1.669160e-01 6.116040e-01
61 2.228520e-01 1.670160e-01 6.101320e-01
62 2.238280e-01 1.679800e-01 6.081920e-01
63 2.248400e-01 1.687600e-01 6.064000e-01
64 2.251400e-01 1.686640e-01 6.061960e-01
65 2.256200e-01 1.690440e-01 6.053360e-01
66 2.262280e-01 1.697720e-01 6.040000e-01
67 2.271320e-01 1.697880e-01 6.030800e-01
68 2.268960e-01 1.715080e-01 6.015960e-01
69 2.266240e-01 1.721840e-01 6.011920e-01
70 2.261240e-01 1.739160e-01 5.999600e-01
71 2.259720e-01 1.749400e-01 5.990880e-01
72 2.253200e-01 1.754560e-01 5.992240e-01
73 2.246640e-01 1.762920e-01 5.990440e-01
74 2.237440e-01 1.778080e-01 5.984480e-01
75 2.231960e-01 1.783000e-01 5.985040e-01
76 2.230240e-01 1.784440e-01 5.985320e-01
77 2.224600e-01 1.792360e-01 5.983040e-01
78 2.219480e-01 1.801440e-01 5.979080e-01
79 2.210040e-01 1.807320e-01 5.982640e-01
80 2.202000e-01 1.813680e-01 5.984320e-01
81 2.191080e-01 1.817400e-01 5.991520e-01
82 2.185480e-01 1.817600e-01 5.996920e-01
83 2.181640e-01 1.822040e-01 5.996320e-01
84 2.185360e-01 1.815760e-01 5.998880e-01
85 2.183600e-01 1.819920e-01 5.996480e-01
86 2.178840e-01 1.821440e-01 5.999720e-01
87 2.171240e-01 1.833200e-01 5.995560e-01
88 2.163080e-01 1.833960e-01 6.002960e-01
89 2.162080e-01 1.829760e-01 6.008160e-01
90 2.165400e-01 1.829720e-01 6.004880e-01
91 2.161440e-01 1.828240e-01 6.010320e-01
92 2.157080e-01 1.829640e-01 6.013280e-01
93 2.154240e-01 1.825320e-01 6.020440e-01
94 2.155600e-01 1.820120e-01 6.024280e-01
95 2.156520e-01 1.820840e-01 6.022640e-01
96 2.151560e-01 1.823360e-01 6.025080e-01
97 2.156000e-01 1.817760e-01 6.026240e-01
98 2.158440e-01 1.815560e-01 6.026000e-01
99 2.155560e-01 1.818160e-01 6.026280e-01
100 2.155480e-01 1.813760e-01 6.030760e-01
101 2.151560e-01 1.818600e-01 6.029840e-01
102 2.150280e-01 1.815880e-01 6.033840e-01
103 2.141200e-01 1.828280e-01 6.030520e-01
104 2.138360e-01 1.826320e-01 6.035320e-01
105 2.135240e-01 1.827080e-01 6.037680e-01
106 2.130120e-01 1.830680e-01 6.039200e-01
107 2.124640e-01 1.838400e-01 6.036960e-01
108 2.128560e-01 1.835760e-01 6.035680e-01
109 2.130560e-01 1.832840e-01 6.036600e-01
110 2.134040e-01 1.831600e-01 6.034360e-01
111 2.138480e-01 1.827040e-01 6.034480e-01
112 2.140560e-01 1.828320e-01 6.031120e-01
113 2.140280e-01 1.831760e-01 6.027960e-01
114 2.146520e-01 1.829000e-01 6.024480e-01
115 2.151080e-01 1.823840e-01 6.025080e-01
116 2.146840e-01 1.824200e-01 6.028960e-01
117 2.146800e-01 1.826200e-01 6.027000e-01
118 2.139000e-01 1.825840e-01 6.035160e-01
119 2.135320e-01 1.826360e-01 6.038320e-01
120 2.142880e-01 1.822640e-01 6.034480e-01
121 2.141360e-01 1.821920e-01 6.036720e-01
122 2.149400e-01 1.814840e-01 6.035760e-01
123 2.147680e-01 1.816400e-01 6.035920e-01
124 2.140640e-01 1.819320e-01 6.040040e-01
125 2.140800e-01 1.816480e-01 6.042720e-01
126 2.138160e-01 1.820600e-01 6.041240e-01
127 2.132720e-01 1.821560e-01 6.045720e-01
128 2.133680e-01 1.812120e-01 6.054200e-01
129 2.136040e-01 1.812040e-01 6.051920e-01
130 2.144440e-01 1.810320e-01 6.045240e-01
131 2.143360e-01 1.805240e-01 6.051400e-01
132 2.145840e-01 1.800600e-01 6.053560e-01
133 2.152720e-01 1.796720e-01 6.050560e-01
134 2.150880e-01 1.799960e-01 6.049160e-01
135 2.151800e-01 1.798160e-01 6.050040e-01
136 2.152440e-01 1.795600e-01 6.051960e-01
137 2.154320e-01 1.787040e-01 6.058640e-01
138 2.157200e-01 1.785560e-01 6.057240e-01
139 2.153640e-01 1.789040e-01 6.057320e-01
140 2.152120e-01 1.789600e-01 6.058280e-01
141 2.147440e-01 1.794640e-01 6.057920e-01
142 2.147960e-01 1.800240e-01 6.051800e-01
143 2.151800e-01 1.805440e-01 6.042760e-01
144 2.151600e-01 1.806160e-01 6.042240e-01
145 2.149960e-01 1.807560e-01 6.042480e-01
146 2.147920e-01 1.812240e-01 6.039840e-01
147 2.151840e-01 1.815720e-01 6.032440e-01
148 2.151600e-01 1.812320e-01 6.036080e-01
149 2.152480e-01 1.814760e-01 6.032760e-01
150 2.148480e-01 1.811440e-01 6.040080e-01
151 2.149040e-01 1.808560e-01 6.042400e-01
152 2.148760e-01 1.802600e-01 6.048640e-01
153 2.147400e-01 1.801160e-01 6.051440e-01
154 2.153280e-01 1.800840e-01 6.045880e-01
155 2.153880e-01 1.797800e-01 6.048320e-01
156 2.156200e-01 1.796560e-01 6.047240e-01
157 2.157680e-01 1.793680e-01 6.048640e-01
158 2.154840e-01 1.794920e-01 6.050240e-01
159 2.154480e-01 1.795520e-01 6.050000e-01
160 2.157320e-01 1.789680e-01 6.053000e-01
161 2.158280e-01 1.781160e-01 6.060560e-01
162 2.160760e-01 1.785880e-01 6.053360e-01
163 2.157320e-01 1.788240e-01 6.054440e-01
164 2.165560e-01 1.788400e-01 6.046040e-01
165 2.160800e-01 1.795040e-01 6.044160e-01
166 2.162480e-01 1.795040e-01 6.042480e-01
167 2.167400e-01 1.795400e-01 6.037200e-01
168 2.173800e-01 1.794720e-01 6.031480e-01
169 2.171640e-01 1.791520e-01 6.036840e-01
170 2.171280e-01 1.799160e-01 6.029560e-01
171 2.167520e-01 1.799720e-01 6.032760e-01
172 2.168720e-01 1.805200e-01 6.026080e-01
173 2.171000e-01 1.811880e-01 6.017120e-01
174 2.172760e-01 1.814600e-01 6.012640e-01
175 2.167920e-01 1.820640e-01 6.011440e-01
176 2.164520e-01 1.820200e-01 6.015280e-01
177 2.157520e-01 1.821840e-01 6.020640e-01
178 2.156240e-01 1.819480e-01 6.024280e-01
179 2.157720e-01 1.822120e-01 6.020160e-01
180 2.151120e-01 1.822640e-01 6.026240e-01
181 2.146080e-01 1.820320e-01 6.033600e-01
182 2.143640e-01 1.824760e-01 6.031600e-01
183 2.144720e-01 1.828080e-01 6.027200e-01
184 2.148600e-01 1.827160e-01 6.024240e-01
185 2.141160e-01 1.834320e-01 6.024520e-01
186 2.136200e-01 1.837280e-01 6.026520e-01
187 2.133800e-01 1.838520e-01 6.027680e-01
188 2.130640e-01 1.839720e-01 6.029640e-01
189 2.134680e-01 1.834640e-01 6.030680e-01
190 2.134600e-01 1.829920e-01 6.035480e-01
191 2.126040e-01 1.832720e-01 6.041240e-01
192 2.125320e-01 1.829480e-01 6.045200e-01
193 2.126600e-01 1.831080e-01 6.042320e-01
194 2.125880e-01 1.830080e-01 6.044040e-01
195 2.130320e-01 1.825720e-01 6.043960e-01
196 2.129320e-01 1.825360e-01 6.045320e-01
197 2.125720e-01 1.823280e-01 6.051000e-01
198 2.125000e-01 1.817880e-01 6.057120e-01
199 2.132000e-01 1.810640e-01 6.057360e-01
200 2.136840e-01 1.813640e-01 6.049520e-01
201 2.142280e-01 1.804880e-01 6.052840e-01
202 2.146360e-01 1.802600e-01 6.051040e-01
203 2.147320e-01 1.799480e-01 6.053200e-01
204 2.149800e-01 1.801160e-01 6.049040e-01
205 2.149200e-01 1.800400e-01 6.050400e-01
206 2.157760e-01 1.799560e-01 6.042680e-01
207 2.160360e-01 1.799360e-01 6.040280e-01
208 2.159040e-01 1.804200e-01 6.036760e-01
209 2.160160e-01 1.807880e-01 6.031960e-01
210 2.154720e-01 1.807720e-01 6.037560e-01
211 2.158240e-01 1.813240e-01 6.028520e-01
212 2.166360e-01 1.805200e-01 6.028440e-01
213 2.164360e-01 1.804720e-01 6.030920e-01
214 2.169480e-01 1.799280e-01 6.031240e-01
215 2.169400e-01 1.796600e-01 6.034000e-01
216 2.167480e-01 1.796120e-01 6.036400e-01
217 2.174720e-01 1.793840e-01 6.031440e-01
218 2.173040e-01 1.801320e-01 6.025640e-01
219 2.171720e-01 1.801200e-01 6.027080e-01
220 2.172080e-01 1.798920e-01 6.029000e-01
221 2.168640e-01 1.800760e-01 6.030600e-01
222 2.173720e-01 1.799080e-01 6.027200e-01
223 2.172160e-01 1.799040e-01 6.028800e-01
224 2.163240e-01 1.811800e-01 6.024960e-01
225 2.169000e-01 1.809720e-01 6.021280e-01
226 2.164200e-01 1.813440e-01 6.022360e-01
227 2.168240e-01 1.813760e-01 6.018000e-01
228 2.163720e-01 1.816480e-01 6.019800e-01
229 2.160600e-01 1.816040e-01 6.023360e-01
230 2.155720e-01 1.811920e-01 6.032360e-01
231 2.155120e-01 1.818600e-01 6.026280e-01
232 2.158040e-01 1.820000e-01 6.021960e-01
233 2.156440e-01 1.820520e-01 6.023040e-01
234 2.155120e-01 1.816120e-01 6.028760e-01
235 2.150560e-01 1.814000e-01 6.035440e-01
236 2.148680e-01 1.809520e-01 6.041800e-01
237 2.147120e-01 1.812000e-01 6.040880e-01
238 2.150800e-01 1.810320e-01 6.038880e-01
239 2.153160e-01 1.810560e-01 6.036280e-01
240 2.155880e-01 1.812400e-01 6.031720e-01
241 2.157040e-01 1.806120e-01 6.036840e-01
242 2.155520e-01 1.811720e-01 6.032760e-01
243 2.150360e-01 1.813880e-01 6.035760e-01
244 2.151600e-01 1.815040e-01 6.033360e-01
245 2.154040e-01 1.814320e-01 6.031640e-01
246 2.151880e-01 1.817120e-01 6.031000e-01
247 2.151840e-01 1.817560e-01 6.030600e-01
248 2.156920e-01 1.813480e-01 6.029600e-01
249 2.153320e-01 1.815480e-01 6.031200e-01
250 2.152520e-01 1.811920e-01 6.035560e-01
251 2.157920e-01 1.808720e-01 6.033360e-01
252 2.156280e-01 1.811160e-01 6.032560e-01
253 2.157080e-01 1.812640e-01 6.030280e-01
254 2.156560e-01 1.818880e-01 6.024560e-01
255 2.155560e-01 1.821280e-01 6.023160e-01
256 2.155600e-01 1.817640e-01 6.026760e-01
257 2.162840e-01 1.819200e-01 6.017960e-01
258 2.158840e-01 1.819360e-01 6.021800e-01
259 2.157840e-01 1.819640e-01 6.022520e-01
260 2.155200e-01 1.817960e-01 6.026840e-01
261 2.158600e-01 1.814040e-01 6.027360e-01
262 2.156160e-01 1.812080e-01 6.031760e-01
263 2.155000e-01 1.811520e-01 6.033480e-01
264 2.152040e-01 1.817360e-01 6.030600e-01
265 2.154960e-01 1.814680e-01 6.030360e-01
266 2.157040e-01 1.815920e-01 6.027040e-01
267 2.146840e-01 1.824560e-01 6.028600e-01
268 2.145120e-01 1.827640e-01 6.027240e-01
269 2.144040e-01 1.825960e-01 6.030000e-01
270 2.139560e-01 1.829040e-01 6.031400e-01
271 2.138080e-01 1.825840e-01 6.036080e-01
272 2.142520e-01 1.819960e-01 6.037520e-01
273 2.147280e-01 1.819440e-01 6.033280e-01
274 2.143240e-01 1.821720e-01 6.035040e-01
275 2.147400e-01 1.820000e-01 6.032600e-01
276 2.147040e-01 1.820240e-01 6.032720e-01
277 2.142720e-01 1.822520e-01 6.034760e-01
278 2.147600e-01 1.821160e-01 6.031240e-01
279 2.147480e-01 1.820280e-01 6.032240e-01
280 2.145040e-01 1.824440e-01 6.030520e-01
281 2.143800e-01 1.826240e-01 6.029960e-01
282 2.143920e-01 1.822800e-01 6.033280e-01
283 2.150120e-01 1.819560e-01 6.030320e-01
284 2.148520e-01 1.814640e-01 6.036840e-01
285 2.152960e-01 1.815680e-01 6.031360e-01
286 2.154240e-01 1.821840e-01 6.023920e-01
287 2.157760e-01 1.825440e-01 6.016800e-01
288 2.155200e-01 1.829440e-01 6.015360e-01
289 2.149520e-01 1.831400e-01 6.019080e-01
290 2.145880e-01 1.825440e-01 6.028680e-01
291 2.152800e-01 1.821000e-01 6.026200e-01
292 2.153720e-01 1.814480e-01 6.031800e-01
293 2.147840e-01 1.818840e-01 6.033320e-01
294 2.140280e-01 1.827080e-01 6.032640e-01
295 2.144840e-01 1.822640e-01 6.032520e-01
296 2.154920e-01 1.818880e-01 6.026200e-01
297 2.153320e-01 1.820200e-01 6.026480e-01
298 2.149080e-01 1.813760e-01 6.037160e-01
299 2.150320e-01 1.819480e-01 6.030200e-01
300 2.146160e-01 1.820160e-01 6.033680e-01
301 2.149000e-01 1.822400e-01 6.028600e-01
302 2.152840e-01 1.818320e-01 6.028840e-01
303 2.152560e-01 1.818080e-01 6.029360e-01
304 2.153360e-01 1.818600e-01 6.028040e-01
305 2.150240e-01 1.820760e-01 6.029000e-01
306 2.150640e-01 1.819960e-01 6.029400e-01
307 2.148120e-01 1.815280e-01 6.036600e-01
308 2.140440e-01 1.820600e-01 6.038960e-01
309 2.134400e-01 1.825640e-01 6.039960e-01
310 2.136520e-01 1.826280e-01 6.037200e-01
311 2.134280e-01 1.824800e-01 6.040920e-01
312 2.133640e-01 1.822960e-01 6.043400e-01
313 2.129720e-01 1.827520e-01 6.042760e-01
314 2.137480e-01 1.820680e-01 6.041840e-01
315 2.140240e-01 1.818000e-01 6.041760e-01
316 2.133640e-01 1.826720e-01 6.039640e-01
317 2.135280e-01 1.817960e-01 6.046760e-01
318 2.133520e-01 1.818120e-01 6.048360e-01
319 2.136720e-01 1.814240e-01 6.049040e-01
320 2.141800e-01 1.815840e-01 6.042360e-01
321 2.144840e-01 1.809280e-01 6.045880e-01
322 2.143000e-01 1.813760e-01 6.043240e-01
323 2.143760e-01 1.811360e-01 6.044880e-01
324 2.144680e-01 1.815080e-01 6.040240e-01
325 2.137760e-01 1.809640e-01 6.052600e-01
326 2.138960e-01 1.808040e-01 6.053000e-01
327 2.140320e-01 1.806000e-01 6.053680e-01
328 2.146520e-01 1.800440e-01 6.053040e-01
329 2.151600e-01 1.792320e-01 6.056080e-01
330 2.149120e-01 1.796240e-01 6.054640e-01
331 2.154400e-01 1.791120e-01 6.054480e-01
332 2.157440e-01 1.786880e-01 6.055680e-01
333 2.161640e-01 1.786520e-01 6.051840e-01
334 2.167120e-01 1.783640e-01 6.049240e-01
335 2.174720e-01 1.782320e-01 6.042960e-01
336 2.170440e-01 1.789080e-01 6.040480e-01
337 2.175920e-01 1.792240e-01 6.031840e-01
338 2.173880e-01 1.799240e-01 6.026880e-01
339 2.171960e-01 1.804840e-01 6.023200e-01
340 2.170720e-01 1.809120e-01 6.020160e-01
341 2.166360e-01 1.807560e-01 6.026080e-01
342 2.165560e-01 1.815640e-01 6.018800e-01
343 2.167320e-01 1.810960e-01 6.021720e-01
344 2.171360e-01 1.808200e-01 6.020440e-01
345 2.169560e-01 1.809680e-01 6.020760e-01
346 2.171720e-01 1.808920e-01 6.019360e-01
347 2.169640e-01 1.809840e-01 6.020520e-01
348 2.167880e-01 1.805400e-01 6.026720e-01
349 2.170760e-01 1.806360e-01 6.022880e-01
350 2.179680e-01 1.806360e-01 6.013960e-01
351 2.178600e-01 1.806120e-01 6.015280e-01
352 2.174440e-01 1.807040e-01 6.018520e-01
353 2.161040e-01 1.818040e-01 6.020920e-01
354 2.164440e-01 1.821120e-01 6.014440e-01
355 2.166200e-01 1.817880e-01 6.015920e-01
356 2.162280e-01 1.817800e-01 6.019920e-01
357 2.162920e-01 1.818480e-01 6.018600e-01
358 2.165880e-01 1.817480e-01 6.016640e-01
359 2.158360e-01 1.823880e-01 6.017760e-01
360 2.162280e-01 1.824480e-01 6.013240e-01
361 2.161720e-01 1.823240e-01 6.015040e-01
362 2.162960e-01 1.820040e-01 6.017000e-01
363 2.155680e-01 1.818680e-01 6.025640e-01
364 2.158760e-01 1.815200e-01 6.026040e-01
365 2.157120e-01 1.824400e-01 6.018480e-01
366 2.148000e-01 1.829480e-01 6.022520e-01
367 2.140960e-01 1.834080e-01 6.024960e-01
368 2.140840e-01 1.834760e-01 6.024400e-01
369 2.132640e-01 1.835120e-01 6.032240e-01
370 2.132800e-01 1.829120e-01 6.038080e-01
371 2.138200e-01 1.822120e-01 6.039680e-01
372 2.144280e-01 1.814360e-01 6.041360e-01
373 2.147120e-01 1.813160e-01 6.039720e-01
374 2.145360e-01 1.816800e-01 6.037840e-01
375 2.145320e-01 1.811800e-01 6.042880e-01
376 2.147760e-01 1.808280e-01 6.043960e-01
377 2.154600e-01 1.807840e-01 6.037560e-01
378 2.159800e-01 1.806960e-01 6.033240e-01
379 2.155600e-01 1.806280e-01 6.038120e-01
380 2.164800e-01 1.801640e-01 6.033560e-01
381 2.164920e-01 1.797920e-01 6.037160e-01
382 2.166280e-01 1.794400e-01 6.039320e-01
383 2.168840e-01 1.798240e-01 6.032920e-01
384 2.165160e-01 1.803760e-01 6.031080e-01
385 2.154720e-01 1.813200e-01 6.032080e-01
386 2.155480e-01 1.814880e-01 6.029640e-01
387 2.155040e-01 1.813200e-01 6.031760e-01
388 2.150600e-01 1.817400e-01 6.032000e-01
389 2.150480e-01 1.817120e-01 6.032400e-01
390 2.144720e-01 1.817720e-01 6.037560e-01
391 2.142760e-01 1.824240e-01 6.033000e-01
392 2.149040e-01 1.822440e-01 6.028520e-01
393 2.147120e-01 1.820560e-01 6.032320e-01
394 2.145080e-01 1.814080e-01 6.040840e-01
395 2.146360e-01 1.817040e-01 6.036600e-01
396 2.146920e-01 1.814440e-01 6.038640e-01
397 2.153360e-01 1.813200e-01 6.033440e-01
398 2.155360e-01 1.814840e-01 6.029800e-01
399 2.161360e-01 1.814360e-01 6.024280e-01
400 2.159160e-01 1.812320e-01 6.028520e-01
401 2.163960e-01 1.807000e-01 6.029040e-01
402 2.161800e-01 1.804600e-01 6.033600e-01
403 2.162320e-01 1.801760e-01 6.035920e-01
404 2.158120e-01 1.807760e-01 6.034120e-01
405 2.156880e-01 1.808040e-01 6.035080e-01
406 2.163200e-01 1.810200e-01 6.026600e-01
407 2.161800e-01 1.810120e-01 6.028080e-01
408 2.158040e-01 1.811560e-01 6.030400e-01
409 2.159160e-01 1.817120e-01 6.023720e-01
410 2.160640e-01 1.814080e-01 6.025280e-01
411 2.159160e-01 1.814720e-01 6.026120e-01
412 2.158040e-01 1.814720e-01 6.027240e-01
413 2.153240e-01 1.822040e-01 6.024720e-01
414 2.152360e-01 1.824560e-01 6.023080e-01
415 2.154280e-01 1.821160e-01 6.024560e-01
416 2.155920e-01 1.821240e-01 6.022840e-01
417 2.156960e-01 1.820000e-01 6.023040e-01
418 2.155840e-01 1.820440e-01 6.023720e-01
419 2.156960e-01 1.818400e-01 6.024640e-01
420 2.158440e-01 1.819200e-01 6.022360e-01
421 2.159040e-01 1.821120e-01 6.019840e-01
422 2.152920e-01 1.820080e-01 6.027000e-01
423 2.153760e-01 1.817960e-01 6.028280e-01
424 2.159480e-01 1.815040e-01 6.025480e-01
425 2.165520e-01 1.813160e-01 6.021320e-01
426 2.166800e-01 1.812000e-01 6.021200e-01
427 2.161920e-01 1.814880e-01 6.023200e-01
428 2.161880e-01 1.822080e-01 6.016040e-01
429 2.158080e-01 1.824120e-01 6.017800e-01
430 2.156840e-01 1.825840e-01 6.017320e-01
431 2.151920e-01 1.824680e-01 6.023400e-01
432 2.152400e-01 1.823960e-01 6.023640e-01
433 2.145600e-01 1.826000e-01 6.028400e-01
434 2.144080e-01 1.820520e-01 6.035400e-01
435 2.142120e-01 1.811560e-01 6.046320e-01
436 2.146680e-01 1.812720e-01 6.040600e-01
437 2.150360e-01 1.810320e-01 6.039320e-01
438 2.151440e-01 1.810480e-01 6.038080e-01
439 2.150520e-01 1.808800e-01 6.040680e-01
440 2.152960e-01 1.808440e-01 6.038600e-01
441 2.156520e-01 1.808040e-01 6.035440e-01
442 2.158720e-01 1.810000e-01 6.031280e-01
443 2.155160e-01 1.806800e-01 6.038040e-01
444 2.149320e-01 1.810960e-01 6.039720e-01
445 2.148200e-01 1.810680e-01 6.041120e-01
446 2.151800e-01 1.802960e-01 6.045240e-01
447 2.157200e-01 1.802480e-01 6.040320e-01
448 2.150520e-01 1.808080e-01 6.041400e-01
449 2.158080e-01 1.808080e-01 6.033840e-01
450 2.160680e-01 1.805440e-01 6.033880e-01
451 2.163960e-01 1.807000e-01 6.029040e-01
452 2.159080e-01 1.811320e-01 6.029600e-01
453 2.156000e-01 1.813880e-01 6.030120e-01
454 2.153080e-01 1.810080e-01 6.036840e-01
455 2.149880e-01 1.811520e-01 6.038600e-01
456 2.151400e-01 1.806760e-01 6.041840e-01
457 2.153520e-01 1.803840e-01 6.042640e-01
458 2.148800e-01 1.809600e-01 6.041600e-01
459 2.146960e-01 1.812160e-01 6.040880e-01
460 2.149040e-01 1.810840e-01 6.040120e-01
461 2.146840e-01 1.815760e-01 6.037400e-01
462 2.148480e-01 1.811280e-01 6.040240e-01
463 2.140320e-01 1.821720e-01 6.037960e-01
464 2.143680e-01 1.813440e-01 6.042880e-01
465 2.147040e-01 1.818920e-01 6.034040e-01
466 2.148760e-01 1.820440e-01 6.030800e-01
467 2.148320e-01 1.816560e-01 6.035120e-01
468 2.154520e-01 1.816000e-01 6.029480e-01
469 2.156960e-01 1.808720e-01 6.034320e-01
470 2.153640e-01 1.808440e-01 6.037920e-01
471 2.152160e-01 1.816000e-01 6.031840e-01
472 2.155920e-01 1.811080e-01 6.033000e-01
473 2.155720e-01 1.806800e-01 6.037480e-01
474 2.164440e-01 1.803960e-01 6.031600e-01
475 2.156920e-01 1.807600e-01 6.035480e-01
476 2.158120e-01 1.806120e-01 6.035760e-01
477 2.156520e-01 1.813160e-01 6.030320e-01
478 2.154720e-01 1.817000e-01 6.028280e-01
479 2.154520e-01 1.819320e-01 6.026160e-01
480 2.159720e-01 1.817440e-01 6.022840e-01
481 2.147960e-01 1.823800e-01 6.028240e-01
482 2.153360e-01 1.820520e-01 6.026120e-01
483 2.148760e-01 1.829080e-01 6.022160e-01
484 2.145800e-01 1.836160e-01 6.018040e-01
485 2.149960e-01 1.832800e-01 6.017240e-01
486 2.145760e-01 1.828600e-01 6.025640e-01
487 2.140840e-01 1.831440e-01 6.027720e-01
488 2.135120e-01 1.836040e-01 6.028840e-01
489 2.140200e-01 1.836840e-01 6.022960e-01
490 2.138080e-01 1.832360e-01 6.029560e-01
491 2.137320e-01 1.829800e-01 6.032880e-01
492 2.137040e-01 1.829080e-01 6.033880e-01
493 2.140920e-01 1.822160e-01 6.036920e-01
494 2.142920e-01 1.823000e-01 6.034080e-01
495 2.136720e-01 1.825800e-01 6.037480e-01
496 2.139840e-01 1.823440e-01 6.036720e-01
497 2.140720e-01 1.820960e-01 6.038320e-01
498 2.138880e-01 1.823320e-01 6.037800e-01
499 2.137120e-01 1.821800e-01 6.041080e-01
500 2.135000e-01 1.823800e-01 6.041200e-01
501 2.135440e-01 1.828000e-01 6.036560e-01
502 2.127880e-01 1.828120e-01 6.044000e-01
503 2.136000e-01 1.823800e-01 6.040200e-01
504 2.136000e-01 1.823240e-01 6.040760e-01
505 2.138840e-01 1.822000e-01 6.039160e-01
506 2.142120e-01 1.819680e-01 6.038200e-01
507 2.146680e-01 1.813480e-01 6.039840e-01
508 2.153520e-01 1.811920e-01 6.034560e-01
509 2.153440e-01 1.808480e-01 6.038080e-01
510 2.154960e-01 1.809480e-01 6.035560e-01
511 2.154320e-01 1.812440e-01 6.033240e-01
512 2.159680e-01 1.811800e-01 6.028520e-01
513 2.163520e-01 1.812440e-01 6.024040e-01
514 2.161480e-01 1.818480e-01 6.020040e-01
515 2.165160e-01 1.815040e-01 6.019800e-01
516 2.163880e-01 1.818360e-01 6.017760e-01
517 2.161320e-01 1.817960e-01 6.020720e-01
518 2.158480e-01 1.823600e-01 6.017920e-01
519 2.158400e-01 1.822920e-01 6.018680e-01
520 2.152720e-01 1.819360e-01 6.027920e-01
521 2.152680e-01 1.819880e-01 6.027440e-01
522 2.149840e-01 1.815680e-01 6.034480e-01
523 2.142480e-01 1.814040e-01 6.043480e-01
524 2.137600e-01 1.814560e-01 6.047840e-01
525 2.147480e-01 1.814040e-01 6.038480e-01
526 2.145040e-01 1.813520e-01 6.041440e-01
527 2.143160e-01 1.812680e-01 6.044160e-01
528 2.143840e-01 1.810720e-01 6.045440e-01
529 2.146160e-01 1.814840e-01 6.039000e-01
530 2.145840e-01 1.813880e-01 6.040280e-01
531 2.151480e-01 1.811920e-01 6.036600e-01
532 2.151400e-01 1.807880e-01 6.040720e-01
533 2.146680e-01 1.813040e-01 6.040280e-01
534 2.140040e-01 1.815040e-01 6.044920e-01
535 2.141280e-01 1.808160e-01 6.050560e-01
536 2.144080e-01 1.806600e-01 6.049320e-01
537 2.145640e-01 1.805640e-01 6.048720e-01
538 2.150400e-01 1.801800e-01 6.047800e-01
539 2.153160e-01 1.801120e-01 6.045720e-01
540 2.153200e-01 1.803480e-01 6.043320e-01
541 2.156520e-01 1.808320e-01 6.035160e-01
542 2.161360e-01 1.805960e-01 6.032680e-01
543 2.171080e-01 1.802200e-01 6.026720e-01
544 2.171720e-01 1.805720e-01 6.022560e-01
545 2.166440e-01 1.810120e-01 6.023440e-01
546 2.165560e-01 1.815240e-01 6.019200e-01
547 2.159560e-01 1.823720e-01 6.016720e-01
548 2.155040e-01 1.823600e-01 6.021360e-01
549 2.148160e-01 1.827560e-01 6.024280e-01
550 2.152400e-01 1.825080e-01 6.022520e-01
551 2.148360e-01 1.830800e-01 6.020840e-01
552 2.151520e-01 1.830480e-01 6.018000e-01
553 2.151520e-01 1.825200e-01 6.023280e-01
554 2.151120e-01 1.826840e-01 6.022040e-01
555 2.141560e-01 1.833440e-01 6.025000e-01
556 2.140440e-01 1.835320e-01 6.024240e-01
557 2.142080e-01 1.837280e-01 6.020640e-01
558 2.137800e-01 1.840600e-01 6.021600e-01
559 2.135920e-01 1.838080e-01 6.026000e-01
560 2.140000e-01 1.831640e-01 6.028360e-01
561 2.139640e-01 1.834200e-01 6.026160e-01
562 2.141320e-01 1.832920e-01 6.025760e-01
563 2.134480e-01 1.829280e-01 6.036240e-01
564 2.141360e-01 1.825240e-01 6.033400e-01
565 2.141240e-01 1.828040e-01 6.030720e-01
566 2.136240e-01 1.831040e-01 6.032720e-01
567 2.137240e-01 1.827200e-01 6.035560e-01
568 2.141920e-01 1.818280e-01 6.039800e-01
569 2.138720e-01 1.821960e-01 6.039320e-01
570 2.145680e-01 1.814640e-01 6.039680e-01
571 2.147200e-01 1.813200e-01 6.039600e-01
572 2.145800e-01 1.814520e-01 6.039680e-01
573 2.146680e-01 1.814360e-01 6.038960e-01
574 2.144440e-01 1.816560e-01 6.039000e-01
575 2.141680e-01 1.815920e-01 6.042400e-01
576 2.143240e-01 1.816120e-01 6.040640e-01
577 2.142040e-01 1.816480e-01 6.041480e-01
578 2.142520e-01 1.816320e-01 6.041160e-01
579 2.141880e-01 1.819520e-01 6.038600e-01
580 2.137480e-01 1.819520e-01 6.043000e-01
581 2.141520e-01 1.821040e-01 6.037440e-01
582 2.137080e-01 1.825760e-01 6.037160e-01
583 2.140960e-01 1.816520e-01 6.042520e-01
584 2.143560e-01 1.816240e-01 6.040200e-01
585 2.141280e-01 1.813640e-01 6.045080e-01
586 2.140800e-01 1.813280e-01 6.045920e-01
587 2.143760e-01 1.813600e-01 6.042640e-01
588 2.146000e-01 1.817320e-01 6.036680e-01
589 2.146120e-01 1.817120e-01 6.036760e-01
590 2.146640e-01 1.820120e-01 6.033240e-01
591 2.148000e-01 1.818720e-01 6.033280e-01
592 2.152920e-01 1.819120e-01 6.027960e-01
593 2.154280e-01 1.813880e-01 6.031840e-01
594 2.148520e-01 1.815360e-01 6.036120e-01
595 2.157080e-01 1.814680e-01 6.028240e-01
596 2.159640e-01 1.812000e-01 6.028360e-01
597 2.159760e-01 1.813560e-01 6.026680e-01
598 2.159280e-01 1.814280e-01 6.026440e-01
599 2.161360e-01 1.813240e-01 6.025400e-01
600 2.162000e-01 1.813360e-01 6.024640e-01
601 2.160160e-01 1.815840e-01 6.024000e-01
602 2.161160e-01 1.821040e-01 6.017800e-01
603 2.161280e-01 1.823160e-01 6.015560e-01
604 2.159920e-01 1.821280e-01 6.018800e-01
605 2.164560e-01 1.818120e-01 6.017320e-01
606 2.156840e-01 1.823800e-01 6.019360e-01
607 2.153520e-01 1.824800e-01 6.021680e-01
608 2.147680e-01 1.824120e-01 6.028200e-01
609 2.145000e-01 1.825720e-01 6.029280e-01
610 2.142400e-01 1.826160e-01 6.031440e-01
611 2.150520e-01 1.823800e-01 6.025680e-01
612 2.150560e-01 1.819960e-01 6.029480e-01
613 2.153320e-01 1.821280e-01 6.025400e-01
614 2.155360e-01 1.821880e-01 6.022760e-01
615 2.152880e-01 1.822000e-01 6.025120e-01
616 2.151720e-01 1.824760e-01 6.023520e-01
617 2.151280e-01 1.819480e-01 6.029240e-01
618 2.145160e-01 1.822040e-01 6.032800e-01
619 2.147880e-01 1.819720e-01 6.032400e-01
620 2.148760e-01 1.815120e-01 6.036120e-01
621 2.150120e-01 1.814400e-01 6.035480e-01
622 2.149200e-01 1.810880e-01 6.039920e-01
623 2.150800e-01 1.811960e-01 6.037240e-01
624 2.151960e-01 1.808760e-01 6.039280e-01
625 2.151920e-01 1.806560e-01 6.041520e-01
626 2.154080e-01 1.805680e-01 6.040240e-01
627 2.153840e-01 1.806200e-01 6.039960e-01
628 2.155880e-01 1.806080e-01 6.038040e-01
629 2.162120e-01 1.800520e-01 6.037360e-01
630 2.167480e-01 1.800760e-01 6.031760e-01
631 2.175680e-01 1.800920e-01 6.023400e-01
632 2.182920e-01 1.796360e-01 6.020720e-01
633 2.175360e-01 1.800480e-01 6.024160e-01
634 2.173640e-01 1.807440e-01 6.018920e-01
635 2.167280e-01 1.810680e-01 6.022040e-01
636 2.166080e-01 1.813600e-01 6.020320e-01
637 2.164280e-01 1.814760e-01 6.020960e-01
638 2.159200e-01 1.813000e-01 6.027800e-01
639 2.160880e-01 1.815280e-01 6.023840e-01
640 2.163760e-01 1.812080e-01 6.024160e-01
641 2.165040e-01 1.810600e-01 6.024360e-01
642 2.174440e-01 1.803760e-01 6.021800e-01
643 2.165920e-01 1.809440e-01 6.024640e-01
644 2.163040e-01 1.810560e-01 6.026400e-01
645 2.157080e-01 1.810880e-01 6.032040e-01
646 2.164280e-01 1.806600e-01 6.029120e-01
647 2.165200e-01 1.810440e-01 6.024360e-01
648 2.164280e-01 1.808600e-01 6.027120e-01
649 2.164280e-01 1.810720e-01 6.025000e-01
650 2.167680e-01 1.805960e-01 6.026360e-01
651 2.158240e-01 1.810360e-01 6.031400e-01
652 2.151880e-01 1.813640e-01 6.034480e-01
653 2.154560e-01 1.811040e-01 6.034400e-01
654 2.155480e-01 1.812560e-01 6.031960e-01
655 2.150720e-01 1.816280e-01 6.033000e-01
656 2.137560e-01 1.821040e-01 6.041400e-01
657 2.144800e-01 1.814720e-01 6.040480e-01
658 2.149880e-01 1.807320e-01 6.042800e-01
659 2.147920e-01 1.808680e-01 6.043400e-01
660 2.157680e-01 1.805880e-01 6.036440e-01
661 2.156960e-01 1.808560e-01 6.034480e-01
662 2.158360e-01 1.807520e-01 6.034120e-01
663 2.155960e-01 1.811440e-01 6.032600e-01
664 2.154640e-01 1.811160e-01 6.034200e-01
665 2.148560e-01 1.815360e-01 6.036080e-01
666 2.152000e-01 1.815040e-01 6.032960e-01
667 2.153680e-01 1.813000e-01 6.033320e-01
668 2.154720e-01 1.813760e-01 6.031520e-01
669 2.154920e-01 1.809800e-01 6.035280e-01
670 2.162720e-01 1.803160e-01 6.034120e-01
671 2.169360e-01 1.804280e-01 6.026360e-01
672 2.169800e-01 1.806280e-01 6.023920e-01
673 2.164400e-01 1.806680e-01 6.028920e-01
674 2.161280e-01 1.804960e-01 6.033760e-01
675 2.160080e-01 1.807520e-01 6.032400e-01
676 2.157480e-01 1.799800e-01 6.042720e-01
677 2.155640e-01 1.803320e-01 6.041040e-01
678 2.154640e-01 1.808880e-01 6.036480e-01
679 2.156840e-01 1.806600e-01 6.036560e-01
680 2.149960e-01 1.808480e-01 6.041560e-01
681 2.153000e-01 1.811240e-01 6.035760e-01
682 2.156920e-01 1.805800e-01 6.037280e-01
683 2.160400e-01 1.809720e-01 6.029880e-01
684 2.161960e-01 1.805000e-01 6.033040e-01
685 2.157760e-01 1.806000e-01 6.036240e-01
686 2.161000e-01 1.808560e-01 6.030440e-01
687 2.158720e-01 1.815640e-01 6.025640e-01
688 2.161320e-01 1.813440e-01 6.025240e-01
689 2.153840e-01 1.820920e-01 6.025240e-01
690 2.158600e-01 1.818160e-01 6.023240e-01
691 2.154840e-01 1.820520e-01 6.024640e-01
692 2.163400e-01 1.809440e-01 6.027160e-01
693 2.163920e-01 1.811040e-01 6.025040e-01
694 2.164920e-01 1.810000e-01 6.025080e-01
695 2.162080e-01 1.812400e-01 6.025520e-01
696 2.163280e-01 1.811080e-01 6.025640e-01
697 2.162680e-01 1.810720e-01 6.026600e-01
698 2.158600e-01 1.816000e-01 6.025400e-01
699 2.161240e-01 1.818200e-01 6.020560e-01
700 2.162320e-01 1.816200e-01 6.021480e-01
701 2.159560e-01 1.819480e-01 6.020960e-01
702 2.155560e-01 1.812960e-01 6.031480e-01
703 2.153760e-01 1.814360e-01 6.031880e-01
704 2.151720e-01 1.819640e-01 6.028640e-01
705 2.149240e-01 1.826080e-01 6.024680e-01
706 2.145520e-01 1.828080e-01 6.026400e-01
707 2.148560e-01 1.823560e-01 6.027880e-01
708 2.146160e-01 1.822680e-01 6.031160e-01
709 2.137080e-01 1.829760e-01 6.033160e-01
710 2.136680e-01 1.823560e-01 6.039760e-01
711 2.131920e-01 1.828560e-01 6.039520e-01
712 2.142360e-01 1.820200e-01 6.037440e-01
713 2.140800e-01 1.819360e-01 6.039840e-01
714 2.145840e-01 1.814280e-01 6.039880e-01
715 2.149160e-01 1.810440e-01 6.040400e-01
716 2.145680e-01 1.813040e-01 6.041280e-01
717 2.138200e-01 1.820080e-01 6.041720e-01
718 2.138560e-01 1.821000e-01 6.040440e-01
719 2.141640e-01 1.817000e-01 6.041360e-01
720 2.144400e-01 1.813880e-01 6.041720e-01
721 2.149640e-01 1.811800e-01 6.038560e-01
722 2.146840e-01 1.817840e-01 6.035320e-01
723 2.145440e-01 1.821040e-01 6.033520e-01
724 2.145760e-01 1.819080e-01 6.035160e-01
725 2.149800e-01 1.809280e-01 6.040920e-01
726 2.147080e-01 1.805960e-01 6.046960e-01
727 2.145720e-01 1.802120e-01 6.052160e-01
728 2.146880e-01 1.801720e-01 6.051400e-01
729 2.150800e-01 1.801640e-01 6.047560e-01
730 2.147120e-01 1.805320e-01 6.047560e-01
731 2.148000e-01 1.804520e-01 6.047480e-01
732 2.148440e-01 1.797600e-01 6.053960e-01
733 2.147600e-01 1.805080e-01 6.047320e-01
734 2.147200e-01 1.808920e-01 6.043880e-01
735 2.149600e-01 1.807280e-01 6.043120e-01
736 2.156080e-01 1.804480e-01 6.039440e-01
737 2.155560e-01 1.806080e-01 6.038360e-01
738 2.157360e-01 1.805720e-01 6.036920e-01
739 2.156520e-01 1.809720e-01 6.033760e-01
740 2.152600e-01 1.813360e-01 6.034040e-01
741 2.162520e-01 1.810680e-01 6.026800e-01
742 2.173480e-01 1.802560e-01 6.023960e-01
743 2.171040e-01 1.810200e-01 6.018760e-01
744 2.162040e-01 1.816480e-01 6.021480e-01
745 2.167560e-01 1.814680e-01 6.017760e-01
746 2.162240e-01 1.821800e-01 6.015960e-01
747 2.161480e-01 1.813800e-01 6.024720e-01
748 2.155680e-01 1.817000e-01 6.027320e-01
749 2.152440e-01 1.816400e-01 6.031160e-01
750 2.153920e-01 1.825840e-01 6.020240e-01
751 2.149120e-01 1.822600e-01 6.028280e-01
752 2.143440e-01 1.824560e-01 6.032000e-01
753 2.144680e-01 1.820160e-01 6.035160e-01
754 2.146480e-01 1.814920e-01 6.038600e-01
755 2.146480e-01 1.819280e-01 6.034240e-01
756 2.150360e-01 1.815800e-01 6.033840e-01
757 2.150200e-01 1.818920e-01 6.030880e-01
758 2.151400e-01 1.821960e-01 6.026640e-01
759 2.147080e-01 1.825160e-01 6.027760e-01
760 2.149480e-01 1.823400e-01 6.027120e-01
761 2.144640e-01 1.816720e-01 6.038640e-01
762 2.146760e-01 1.819480e-01 6.033760e-01
763 2.145240e-01 1.822840e-01 6.031920e-01
764 2.143320e-01 1.819640e-01 6.037040e-01
765 2.143480e-01 1.814720e-01 6.041800e-01
766 2.142160e-01 1.818720e-01 6.039120e-01
767 2.139240e-01 1.819720e-01 6.041040e-01
768 2.145520e-01 1.814040e-01 6.040440e-01
769 2.145760e-01 1.804440e-01 6.049800e-01
770 2.154080e-01 1.802880e-01 6.043040e-01
771 2.155480e-01 1.797600e-01 6.046920e-01
772 2.157280e-01 1.797880e-01 6.044840e-01
773 2.153400e-01 1.806480e-01 6.040120e-01
774 2.157720e-01 1.800640e-01 6.041640e-01
775 2.156840e-01 1.807640e-01 6.035520e-01
776 2.160520e-01 1.804480e-01 6.035000e-01
777 2.161520e-01 1.809480e-01 6.029000e-01
778 2.158240e-01 1.815040e-01 6.026720e-01
779 2.153960e-01 1.819240e-01 6.026800e-01
780 2.156160e-01 1.817160e-01 6.026680e-01
781 2.155000e-01 1.818880e-01 6.026120e-01
782 2.159760e-01 1.814800e-01 6.025440e-01
783 2.152920e-01 1.811320e-01 6.035760e-01
784 2.150800e-01 1.808760e-01 6.040440e-01
785 2.158960e-01 1.808400e-01 6.032640e-01
786 2.161840e-01 1.807960e-01 6.030200e-01
787 2.162160e-01 1.808760e-01 6.029080e-01
788 2.156840e-01 1.810720e-01 6.032440e-01
789 2.152040e-01 1.813000e-01 6.034960e-01
790 2.153480e-01 1.809360e-01 6.037160e-01
791 2.156000e-01 1.814720e-01 6.029280e-01
792 2.152520e-01 1.815560e-01 6.031920e-01
793 2.154320e-01 1.814200e-01 6.031480e-01
794 2.154560e-01 1.810360e-01 6.035080e-01
795 2.161960e-01 1.808360e-01 6.029680e-01
796 2.157960e-01 1.806360e-01 6.035680e-01
797 2.162840e-01 1.803720e-01 6.033440e-01
798 2.163680e-01 1.806480e-01 6.029840e-01
799 2.164440e-01 1.807200e-01 6.028360e-01
800 2.169960e-01 1.806520e-01 6.023520e-01
801 2.171000e-01 1.808800e-01 6.020200e-01
802 2.170120e-01 1.812360e-01 6.017520e-01
803 2.171760e-01 1.812960e-01 6.015280e-01
804 2.166000e-01 1.816280e-01 6.017720e-01
805 2.161440e-01 1.818640e-01 6.019920e-01
806 2.160200e-01 1.817720e-01 6.022080e-01
807 2.164320e-01 1.814360e-01 6.021320e-01
808 2.163240e-01 1.812720e-01 6.024040e-01
809 2.156240e-01 1.815560e-01 6.028200e-01
810 2.150640e-01 1.818200e-01 6.031160e-01
811 2.145360e-01 1.817840e-01 6.036800e-01
812 2.153960e-01 1.806120e-01 6.039920e-01
813 2.150680e-01 1.808800e-01 6.040520e-01
814 2.152120e-01 1.804760e-01 6.043120e-01
815 2.152800e-01 1.806120e-01 6.041080e-01
816 2.156880e-01 1.809040e-01 6.034080e-01
817 2.155720e-01 1.812760e-01 6.031520e-01
818 2.156360e-01 1.808920e-01 6.034720e-01
819 2.157880e-01 1.811840e-01 6.030280e-01
820 2.155360e-01 1.817800e-01 6.026840e-01
821 2.158280e-01 1.816440e-01 6.025280e-01
822 2.156000e-01 1.819680e-01 6.024320e-01
823 2.158120e-01 1.812760e-01 6.029120e-01
824 2.151120e-01 1.813960e-01 6.034920e-01
825 2.149880e-01 1.816000e-01 6.034120e-01
826 2.147920e-01 1.813000e-01 6.039080e-01
827 2.141240e-01 1.815360e-01 6.043400e-01
828 2.137240e-01 1.824160e-01 6.038600e-01
829 2.133120e-01 1.823360e-01 6.043520e-01
830 2.132800e-01 1.821680e-01 6.045520e-01
831 2.127880e-01 1.827400e-01 6.044720e-01
832 2.128800e-01 1.825200e-01 6.046000e-01
833 2.130840e-01 1.825280e-01 6.043880e-01
834 2.125320e-01 1.825320e-01 6.049360e-01
835 2.133200e-01 1.824560e-01 6.042240e-01
836 2.139920e-01 1.819800e-01 6.040280e-01
837 2.139880e-01 1.816440e-01 6.043680e-01
838 2.145640e-01 1.816520e-01 6.037840e-01
839 2.142560e-01 1.819800e-01 6.037640e-01
840 2.141640e-01 1.819360e-01 6.039000e-01
841 2.146960e-01 1.813280e-01 6.039760e-01
842 2.147480e-01 1.813160e-01 6.039360e-01
843 2.147520e-01 1.816400e-01 6.036080e-01
844 2.141600e-01 1.825760e-01 6.032640e-01
845 2.142280e-01 1.825480e-01 6.032240e-01
846 2.148040e-01 1.816640e-01 6.035320e-01
847 2.141800e-01 1.818560e-01 6.039640e-01
848 2.141880e-01 1.816920e-01 6.041200e-01
849 2.136400e-01 1.822720e-01 6.040880e-01
850 2.133080e-01 1.823840e-01 6.043080e-01
851 2.141320e-01 1.816600e-01 6.042080e-01
852 2.141320e-01 1.816040e-01 6.042640e-01
853 2.132840e-01 1.820880e-01 6.046280e-01
854 2.133440e-01 1.821360e-01 6.045200e-01
855 2.133560e-01 1.821360e-01 6.045080e-01
856 2.130960e-01 1.824360e-01 6.044680e-01
857 2.136040e-01 1.818440e-01 6.045520e-01
858 2.132960e-01 1.817680e-01 6.049360e-01
859 2.130080e-01 1.818720e-01 6.051200e-01
860 2.133480e-01 1.810400e-01 6.056120e-01
861 2.133200e-01 1.809040e-01 6.057760e-01
862 2.133560e-01 1.808920e-01 6.057520e-01
863 2.137520e-01 1.805600e-01 6.056880e-01
864 2.144120e-01 1.797200e-01 6.058680e-01
865 2.145000e-01 1.800280e-01 6.054720e-01
866 2.142760e-01 1.801640e-01 6.055600e-01
867 2.137320e-01 1.805000e-01 6.057680e-01
868 2.132880e-01 1.809440e-01 6.057680e-01
869 2.130560e-01 1.813080e-01 6.056360e-01
870 2.136480e-01 1.806800e-01 6.056720e-01
871 2.143920e-01 1.805160e-01 6.050920e-01
872 2.151040e-01 1.798000e-01 6.050960e-01
873 2.156760e-01 1.797160e-01 6.046080e-01
874 2.159920e-01 1.795680e-01 6.044400e-01
875 2.163000e-01 1.796840e-01 6.040160e-01
876 2.158280e-01 1.794920e-01 6.046800e-01
877 2.160600e-01 1.797360e-01 6.042040e-01
878 2.155640e-01 1.799560e-01 6.044800e-01
879 2.156560e-01 1.800200e-01 6.043240e-01
880 2.156680e-01 1.802080e-01 6.041240e-01
881 2.160520e-01 1.803720e-01 6.035760e-01
882 2.164080e-01 1.803920e-01 6.032000e-01
883 2.164080e-01 1.806600e-01 6.029320e-01
884 2.165560e-01 1.807400e-01 6.027040e-01
885 2.172280e-01 1.807720e-01 6.020000e-01
886 2.170360e-01 1.809680e-01 6.019960e-01
887 2.176240e-01 1.808560e-01 6.015200e-01
888 2.172960e-01 1.811320e-01 6.015720e-01
889 2.175640e-01 1.811560e-01 6.012800e-01
890 2.170680e-01 1.812960e-01 6.016360e-01
891 2.174240e-01 1.812960e-01 6.012800e-01
892 2.169320e-01 1.816520e-01 6.014160e-01
893 2.167400e-01 1.815480e-01 6.017120e-01
894 2.161880e-01 1.817520e-01 6.020600e-01
895 2.151680e-01 1.824360e-01 6.023960e-01
896 2.157320e-01 1.820200e-01 6.022480e-01
897 2.157400e-01 1.813800e-01 6.028800e-01
898 2.153960e-01 1.816000e-01 6.030040e-01
899 2.158200e-01 1.817000e-01 6.024800e-01
900 2.160680e-01 1.806280e-01 6.033040e-01
901 2.161760e-01 1.809080e-01 6.029160e-01
902 2.166520e-01 1.809080e-01 6.024400e-01
903 2.160600e-01 1.810080e-01 6.029320e-01
904 2.159840e-01 1.808560e-01 6.031600e-01
905 2.162520e-01 1.807640e-01 6.029840e-01
906 2.161440e-01 1.807840e-01 6.030720e-01
907 2.156800e-01 1.814040e-01 6.029160e-01
908 2.153120e-01 1.816800e-01 6.030080e-01
909 2.144800e-01 1.821240e-01 6.033960e-01
910 2.151120e-01 1.817600e-01 6.031280e-01
911 2.150840e-01 1.819440e-01 6.029720e-01
912 2.158120e-01 1.811560e-01 6.030320e-01
913 2.164000e-01 1.807560e-01 6.028440e-01
914 2.162640e-01 1.807400e-01 6.029960e-01
915 2.157440e-01 1.807680e-01 6.034880e-01
916 2.153720e-01 1.812880e-01 6.033400e-01
917 2.156080e-01 1.813400e-01 6.030520e-01
918 2.155640e-01 1.816000e-01 6.028360e-01
919 2.148400e-01 1.822640e-01 6.028960e-01
920 2.149480e-01 1.821640e-01 6.028880e-01
921 2.147440e-01 1.828920e-01 6.023640e-01
922 2.152920e-01 1.824320e-01 6.022760e-01
923 2.160040e-01 1.819320e-01 6.020640e-01
924 2.164720e-01 1.817920e-01 6.017360e-01
925 2.166440e-01 1.822080e-01 6.011480e-01
926 2.166920e-01 1.825160e-01 6.007920e-01
927 2.165120e-01 1.822440e-01 6.012440e-01
928 2.163200e-01 1.822000e-01 6.014800e-01
929 2.158600e-01 1.822200e-01 6.019200e-01
930 2.158080e-01 1.821040e-01 6.020880e-01
931 2.155360e-01 1.821920e-01 6.022720e-01
932 2.153040e-01 1.821600e-01 6.025360e-01
