1 9.991720e-01 7.320000e-04 9.600000e-05
2 9.986600e-01 1.100000e-03 2.400000e-04
3 9.980680e-01 1.456000e-03 4.760000e-04
4 9.973320e-01 1.880000e-03 7.880000e-04
5 9.965120e-01 2.348000e-03 1.140000e-03
6 9.956360e-01 2.844000e-03 1.520000e-03
7 9.945920e-01 3.348000e-03 2.060000e-03
8 9.937040e-01 3.604000e-03 2.692000e-03
9 9.927840e-01 3.804000e-03 3.412000e-03
10 9.918280e-01 4.024000e-03 4.148000e-03
11 9.908240e-01 4.276000e-03 4.900000e-03
12 9.900160e-01 4.416000e-03 5.568000e-03
13 9.890560e-01 4.588000e-03 6.356000e-03
14 9.880280e-01 4.880000e-03 7.092000e-03
15 9.869640e-01 5.032000e-03 8.004000e-03
16 9.859240e-01 5.064000e-03 9.012000e-03
17 9.848480e-01 5.252000e-03 9.900000e-03
18 9.837240e-01 5.452000e-03 1.082400e-02
19 9.824560e-01 5.756000e-03 1.178800e-02
20 9.813560e-01 5.720000e-03 1.292400e-02
21 9.801840e-01 5.884000e-03 1.393200e-02
22 9.788960e-01 6.108000e-03 1.499600e-02
23 9.776640e-01 6.316000e-03 1.602000e-02
24 9.762840e-01 6.596000e-03 1.712000e-02
25 9.750360e-01 6.588000e-03 1.837600e-02
26 9.736920e-01 6.712000e-03 1.959600e-02
27 9.724320e-01 6.852000e-03 2.071600e-02
28 9.711440e-01 6.788000e-03 2.206800e-02
29 9.698160e-01 6.832000e-03 2.335200e-02
30 9.684600e-01 6.888000e-03 2.465200e-02
31 9.672280e-01 6.912000e-03 2.586000e-02
32 9.660640e-01 6.836000e-03 2.710000e-02
33 9.648200e-01 6.980000e-03 2.820000e-02
34 9.635200e-01 7.036000e-03 2.944400e-02
35 9.623720e-01 6.996000e-03 3.063200e-02
36 9.611240e-01 6.940000e-03 3.193600e-02
37 9.599880e-01 6.928000e-03 3.308400e-02
38 9.587960e-01 6.936000e-03 3.426800e-02
39 9.575560e-01 6.936000e-03 3.550800e-02
40 9.562600e-01 6.952000e-03 3.678800e-02
41 9.550080e-01 6.976000e-03 3.801600e-02
42 9.537520e-01 7.080000e-03 3.916800e-02
43 9.525320e-01 7.120000e-03 4.034800e-02
44 9.511840e-01 7.276000e-03 4.154000e-02
45 9.499600e-01 7.072000e-03 4.296800e-02
46 9.488160e-01 7.044000e-03 4.414000e-02
47 9.475640e-01 7.116000e-03 4.532000e-02
48 9.462480e-01 7.268000e-03 4.648400e-02
49 9.450280e-01 7.260000e-03 4.771200e-02
50 9.436440e-01 7.388000e-03 4.896800e-02
51 9.422920e-01 7.504000e-03 5.020400e-02
52 9.410040e-01 7.428000e-03 5.156800e-02
53 9.399000e-01 7.368000e-03 5.273200e-02
54 9.384880e-01 7.560000e-03 5.395200e-02
55 9.372480e-01 7.560000e-03 5.519200e-02
56 9.358680e-01 7.628000e-03 5.650400e-02
57 9.345640e-01 7.568000e-03 5.786800e-02
58 9.331800e-01 7.640000e-03 5.918000e-02
59 9.317800e-01 7.768000e-03 6.045200e-02
60 9.302360e-01 7.964000e-03 6.180000e-02
61 9.288280e-01 7.992000e-03 6.318000e-02
62 9.273080e-01 8.192000e-03 6.450000e-02
63 9.258080e-01 8.208000e-03 6.598400e-02
64 9.242440e-01 8.292000e-03 6.746400e-02
65 9.227480e-01 8.364000e-03 6.888800e-02
66 9.212480e-01 8.456000e-03 7.029600e-02
67 9.197120e-01 8.472000e-03 7.181600e-02
68 9.183640e-01 8.452000e-03 7.318400e-02
69 9.170720e-01 8.284000e-03 7.464400e-02
70 9.156880e-01 8.040000e-03 7.627200e-02
71 9.142680e-01 8.200000e-03 7.753200e-02
72 9.129400e-01 7.960000e-03 7.910000e-02
73 9.115800e-01 7.916000e-03 8.050400e-02
74 9.103080e-01 7.720000e-03 8.197200e-02
75 9.089920e-01 7.712000e-03 8.329600e-02
76 9.077880e-01 7.544000e-03 8.466800e-02
77 9.065120e-01 7.564000e-03 8.592400e-02
78 9.051760e-01 7.532000e-03 8.729200e-02
79 9.036800e-01 7.652000e-03 8.866800e-02
80 9.021560e-01 7.880000e-03 8.996400e-02
81 9.008080e-01 7.784000e-03 9.140800e-02
82 8.994440e-01 7.816000e-03 9.274000e-02
83 8.980760e-01 7.824000e-03 9.410000e-02
84 8.967320e-01 7.892000e-03 9.537600e-02
85 8.953120e-01 7.996000e-03 9.669200e-02
86 8.939320e-01 8.032000e-03 9.803600e-02
87 8.925520e-01 8.028000e-03 9.942000e-02
88 8.912440e-01 8.080000e-03 1.006760e-01
89 8.899160e-01 7.996000e-03 1.020880e-01
90 8.885360e-01 7.944000e-03 1.035200e-01
91 8.872200e-01 7.968000e-03 1.048120e-01
92 8.860360e-01 7.772000e-03 1.061920e-01
93 8.847400e-01 7.692000e-03 1.075680e-01
94 8.834600e-01 7.572000e-03 1.089680e-01
95 8.821600e-01 7.520000e-03 1.103200e-01
96 8.809760e-01 7.388000e-03 1.116360e-01
97 8.796800e-01 7.424000e-03 1.128960e-01
98 8.782680e-01 7.568000e-03 1.141640e-01
99 8.768960e-01 7.672000e-03 1.154320e-01
100 8.756280e-01 7.620000e-03 1.167520e-01
101 8.741880e-01 7.680000e-03 1.181320e-01
102 8.728720e-01 7.624000e-03 1.195040e-01
103 8.715080e-01 7.708000e-03 1.207840e-01
104 8.701080e-01 7.664000e-03 1.222280e-01
105 8.688640e-01 7.524000e-03 1.236120e-01
106 8.675880e-01 7.576000e-03 1.248360e-01
107 8.663160e-01 7.520000e-03 1.261640e-01
108 8.650880e-01 7.476000e-03 1.274360e-01
109 8.638960e-01 7.372000e-03 1.287320e-01
110 8.627000e-01 7.272000e-03 1.300280e-01
111 8.614920e-01 7.220000e-03 1.312880e-01
112 8.603400e-01 7.048000e-03 1.326120e-01
113 8.591920e-01 7.076000e-03 1.337320e-01
114 8.579800e-01 6.956000e-03 1.350640e-01
115 8.569080e-01 6.836000e-03 1.362560e-01
116 8.557920e-01 6.748000e-03 1.374600e-01
117 8.546400e-01 6.696000e-03 1.386640e-01
118 8.535280e-01 6.668000e-03 1.398040e-01
119 8.525280e-01 6.440000e-03 1.410320e-01
120 8.514680e-01 6.316000e-03 1.422160e-01
121 8.503560e-01 6.292000e-03 1.433520e-01
122 8.492640e-01 6.300000e-03 1.444360e-01
123 8.480920e-01 6.424000e-03 1.454840e-01
124 8.470400e-01 6.400000e-03 1.465600e-01
125 8.459400e-01 6.492000e-03 1.475680e-01
126 8.448960e-01 6.468000e-03 1.486360e-01
127 8.438720e-01 6.388000e-03 1.497400e-01
128 8.428640e-01 6.280000e-03 1.508560e-01
129 8.419080e-01 6.096000e-03 1.519960e-01
130 8.409080e-01 6.080000e-03 1.530120e-01
131 8.398920e-01 6.044000e-03 1.540640e-01
132 8.388200e-01 6.076000e-03 1.551040e-01
133 8.377840e-01 6.032000e-03 1.561840e-01
134 8.367280e-01 6.020000e-03 1.572520e-01
135 8.356440e-01 6.048000e-03 1.583080e-01
136 8.345760e-01 6.128000e-03 1.592960e-01
137 8.334760e-01 6.168000e-03 1.603560e-01
138 8.323600e-01 6.220000e-03 1.614200e-01
139 8.313280e-01 6.236000e-03 1.624360e-01
140 8.302760e-01 6.264000e-03 1.634600e-01
141 8.291800e-01 6.248000e-03 1.645720e-01
142 8.281000e-01 6.252000e-03 1.656480e-01
143 8.270240e-01 6.188000e-03 1.667880e-01
144 8.259960e-01 6.172000e-03 1.678320e-01
145 8.249040e-01 6.128000e-03 1.689680e-01
146 8.239080e-01 6.132000e-03 1.699600e-01
147 8.229080e-01 6.060000e-03 1.710320e-01
148 8.217560e-01 6.108000e-03 1.721360e-01
149 8.206160e-01 6.172000e-03 1.732120e-01
150 8.194200e-01 6.240000e-03 1.743400e-01
151 8.182680e-01 6.232000e-03 1.755000e-01
152 8.172760e-01 6.120000e-03 1.766040e-01
153 8.161880e-01 6.096000e-03 1.777160e-01
154 8.150960e-01 6.164000e-03 1.787400e-01
155 8.138800e-01 6.276000e-03 1.798440e-01
156 8.126480e-01 6.384000e-03 1.809680e-01
157 8.112960e-01 6.680000e-03 1.820240e-01
158 8.101280e-01 6.660000e-03 1.832120e-01
159 8.089800e-01 6.560000e-03 1.844600e-01
160 8.078920e-01 6.440000e-03 1.856680e-01
161 8.067480e-01 6.376000e-03 1.868760e-01
162 8.056800e-01 6.288000e-03 1.880320e-01
163 8.044760e-01 6.344000e-03 1.891800e-01
164 8.032840e-01 6.432000e-03 1.902840e-01
165 8.021560e-01 6.404000e-03 1.914400e-01
166 8.009440e-01 6.544000e-03 1.925120e-01
167 7.997720e-01 6.556000e-03 1.936720e-01
168 7.986480e-01 6.488000e-03 1.948640e-01
169 7.976640e-01 6.360000e-03 1.959760e-01
170 7.965840e-01 6.320000e-03 1.970960e-01
171 7.955800e-01 6.236000e-03 1.981840e-01
172 7.946080e-01 6.188000e-03 1.992040e-01
173 7.936680e-01 6.136000e-03 2.001960e-01
174 7.927680e-01 6.060000e-03 2.011720e-01
175 7.918240e-01 5.948000e-03 2.022280e-01
176 7.908120e-01 5.972000e-03 2.032160e-01
177 7.898200e-01 5.988000e-03 2.041920e-01
178 7.888720e-01 5.836000e-03 2.052920e-01
179 7.879400e-01 5.756000e-03 2.063040e-01
180 7.870040e-01 5.696000e-03 2.073000e-01
181 7.861520e-01 5.528000e-03 2.083200e-01
182 7.854320e-01 5.296000e-03 2.092720e-01
183 7.845920e-01 5.280000e-03 2.101280e-01
184 7.837600e-01 5.148000e-03 2.110920e-01
185 7.828120e-01 5.192000e-03 2.119960e-01
186 7.819800e-01 5.256000e-03 2.127640e-01
187 7.810800e-01 5.156000e-03 2.137640e-01
188 7.802800e-01 4.992000e-03 2.147280e-01
189 7.794000e-01 4.980000e-03 2.156200e-01
190 7.786400e-01 4.864000e-03 2.164960e-01
191 7.778040e-01 4.800000e-03 2.173960e-01
192 7.769320e-01 4.824000e-03 2.182440e-01
193 7.760400e-01 4.980000e-03 2.189800e-01
194 7.751440e-01 5.008000e-03 2.198480e-01
195 7.743120e-01 4.952000e-03 2.207360e-01
196 7.735400e-01 4.856000e-03 2.216040e-01
197 7.727680e-01 4.860000e-03 2.223720e-01
198 7.720760e-01 4.728000e-03 2.231960e-01
199 7.714080e-01 4.528000e-03 2.240640e-01
200 7.706680e-01 4.520000e-03 2.248120e-01
201 7.699240e-01 4.516000e-03 2.255600e-01
202 7.692040e-01 4.460000e-03 2.263360e-01
203 7.685120e-01 4.380000e-03 2.271080e-01
204 7.678080e-01 4.328000e-03 2.278640e-01
205 7.672000e-01 4.164000e-03 2.286360e-01
206 7.666000e-01 3.912000e-03 2.294880e-01
207 7.659680e-01 3.848000e-03 2.301840e-01
208 7.654320e-01 3.712000e-03 2.308560e-01
209 7.648440e-01 3.708000e-03 2.314480e-01
210 7.642440e-01 3.684000e-03 2.320720e-01
211 7.636920e-01 3.516000e-03 2.327920e-01
212 7.631440e-01 3.516000e-03 2.333400e-01
213 7.625480e-01 3.448000e-03 2.340040e-01
214 7.619720e-01 3.468000e-03 2.345600e-01
215 7.613680e-01 3.400000e-03 2.352320e-01
216 7.607480e-01 3.552000e-03 2.357000e-01
217 7.599840e-01 3.712000e-03 2.363040e-01
218 7.592920e-01 3.772000e-03 2.369360e-01
219 7.586040e-01 3.736000e-03 2.376600e-01
220 7.579680e-01 3.748000e-03 2.382840e-01
221 7.573440e-01 3.760000e-03 2.388960e-01
222 7.567360e-01 3.664000e-03 2.396000e-01
223 7.560240e-01 3.780000e-03 2.401960e-01
224 7.552680e-01 3.784000e-03 2.409480e-01
225 7.545480e-01 3.840000e-03 2.416120e-01
226 7.539280e-01 3.768000e-03 2.423040e-01
227 7.532120e-01 3.824000e-03 2.429640e-01
228 7.524680e-01 3.920000e-03 2.436120e-01
229 7.518360e-01 3.852000e-03 2.443120e-01
230 7.512440e-01 3.764000e-03 2.449920e-01
231 7.506400e-01 3.740000e-03 2.456200e-01
232 7.501360e-01 3.596000e-03 2.462680e-01
233 7.494040e-01 3.712000e-03 2.468840e-01
234 7.488520e-01 3.600000e-03 2.475480e-01
235 7.482400e-01 3.580000e-03 2.481800e-01
236 7.476280e-01 3.552000e-03 2.488200e-01
237 7.469800e-01 3.568000e-03 2.494520e-01
238 7.464520e-01 3.468000e-03 2.500800e-01
239 7.459320e-01 3.476000e-03 2.505920e-01
240 7.453880e-01 3.364000e-03 2.512480e-01
241 7.449760e-01 3.192000e-03 2.518320e-01
242 7.444240e-01 3.224000e-03 2.523520e-01
243 7.437760e-01 3.264000e-03 2.529600e-01
244 7.432240e-01 3.272000e-03 2.535040e-01
245 7.426360e-01 3.320000e-03 2.540440e-01
246 7.419800e-01 3.444000e-03 2.545760e-01
247 7.414120e-01 3.364000e-03 2.552240e-01
248 7.406960e-01 3.540000e-03 2.557640e-01
249 7.400040e-01 3.716000e-03 2.562800e-01
250 7.392920e-01 3.780000e-03 2.569280e-01
251 7.386200e-01 3.780000e-03 2.576000e-01
252 7.378800e-01 3.888000e-03 2.582320e-01
253 7.371600e-01 3.896000e-03 2.589440e-01
254 7.364720e-01 3.976000e-03 2.595520e-01
255 7.358040e-01 4.048000e-03 2.601480e-01
256 7.351000e-01 4.092000e-03 2.608080e-01
257 7.344680e-01 3.996000e-03 2.615360e-01
258 7.337880e-01 4.016000e-03 2.621960e-01
259 7.331160e-01 4.008000e-03 2.628760e-01
260 7.325120e-01 3.964000e-03 2.635240e-01
261 7.318280e-01 3.936000e-03 2.642360e-01
262 7.311200e-01 3.968000e-03 2.649120e-01
263 7.303280e-01 4.108000e-03 2.655640e-01
264 7.295800e-01 4.084000e-03 2.663360e-01
265 7.289280e-01 4.028000e-03 2.670440e-01
266 7.282760e-01 3.964000e-03 2.677600e-01
267 7.275680e-01 3.976000e-03 2.684560e-01
268 7.269040e-01 3.824000e-03 2.692720e-01
269 7.261840e-01 3.824000e-03 2.699920e-01
270 7.255880e-01 3.752000e-03 2.706600e-01
271 7.249720e-01 3.736000e-03 2.712920e-01
272 7.243800e-01 3.652000e-03 2.719680e-01
273 7.238120e-01 3.592000e-03 2.725960e-01
274 7.231840e-01 3.532000e-03 2.732840e-01
275 7.226600e-01 3.444000e-03 2.738960e-01
276 7.221120e-01 3.368000e-03 2.745200e-01
277 7.216400e-01 3.344000e-03 2.750160e-01
278 7.211040e-01 3.264000e-03 2.756320e-01
279 7.205200e-01 3.232000e-03 2.762480e-01
280 7.199760e-01 3.256000e-03 2.767680e-01
281 7.194080e-01 3.188000e-03 2.774040e-01
282 7.188440e-01 3.188000e-03 2.779680e-01
283 7.183360e-01 3.212000e-03 2.784520e-01
284 7.178200e-01 3.216000e-03 2.789640e-01
285 7.172600e-01 3.172000e-03 2.795680e-01
286 7.167720e-01 3.060000e-03 2.801680e-01
287 7.162320e-01 3.032000e-03 2.807360e-01
288 7.157520e-01 3.004000e-03 2.812440e-01
289 7.153320e-01 2.864000e-03 2.818040e-01
290 7.149000e-01 2.724000e-03 2.823760e-01
291 7.144160e-01 2.812000e-03 2.827720e-01
292 7.139400e-01 2.772000e-03 2.832880e-01
293 7.134720e-01 2.704000e-03 2.838240e-01
294 7.130080e-01 2.684000e-03 2.843080e-01
295 7.125600e-01 2.656000e-03 2.847840e-01
296 7.120200e-01 2.736000e-03 2.852440e-01
297 7.115280e-01 2.772000e-03 2.857000e-01
298 7.110080e-01 2.812000e-03 2.861800e-01
299 7.103640e-01 2.988000e-03 2.866480e-01
300 7.098280e-01 3.012000e-03 2.871600e-01
301 7.092920e-01 3.036000e-03 2.876720e-01
302 7.087520e-01 3.108000e-03 2.881400e-01
303 7.082440e-01 3.128000e-03 2.886280e-01
304 7.076840e-01 3.164000e-03 2.891520e-01
305 7.071440e-01 3.224000e-03 2.896320e-01
306 7.066560e-01 3.160000e-03 2.901840e-01
307 7.061600e-01 3.100000e-03 2.907400e-01
308 7.057160e-01 3.064000e-03 2.912200e-01
309 7.052080e-01 3.088000e-03 2.917040e-01
310 7.047920e-01 2.908000e-03 2.923000e-01
311 7.043160e-01 2.896000e-03 2.927880e-01
312 7.038680e-01 2.848000e-03 2.932840e-01
313 7.033440e-01 2.888000e-03 2.937680e-01
314 7.027440e-01 2.976000e-03 2.942800e-01
315 7.021240e-01 3.088000e-03 2.947880e-01
316 7.016120e-01 3.088000e-03 2.953000e-01
317 7.010440e-01 3.020000e-03 2.959360e-01
318 7.004280e-01 3.092000e-03 2.964800e-01
319 6.999640e-01 3.004000e-03 2.970320e-01
320 6.993240e-01 3.136000e-03 2.975400e-01
321 6.987920e-01 3.012000e-03 2.981960e-01
322 6.981840e-01 3.108000e-03 2.987080e-01
323 6.976280e-01 3.048000e-03 2.993240e-01
324 6.971120e-01 2.980000e-03 2.999080e-01
325 6.965520e-01 2.984000e-03 3.004640e-01
326 6.960120e-01 3.072000e-03 3.009160e-01
327 6.954480e-01 3.128000e-03 3.014240e-01
328 6.948360e-01 3.220000e-03 3.019440e-01
329 6.941600e-01 3.380000e-03 3.024600e-01
330 6.935200e-01 3.416000e-03 3.030640e-01
331 6.929600e-01 3.360000e-03 3.036800e-01
332 6.924160e-01 3.272000e-03 3.043120e-01
333 6.918480e-01 3.280000e-03 3.048720e-01
334 6.912800e-01 3.276000e-03 3.054440e-01
335 6.907160e-01 3.264000e-03 3.060200e-01
336 6.901360e-01 3.284000e-03 3.065800e-01
337 6.896040e-01 3.260000e-03 3.071360e-01
338 6.890400e-01 3.292000e-03 3.076680e-01
339 6.884520e-01 3.280000e-03 3.082680e-01
340 6.878200e-01 3.360000e-03 3.088200e-01
341 6.871800e-01 3.420000e-03 3.094000e-01
342 6.865000e-01 3.412000e-03 3.100880e-01
343 6.858040e-01 3.548000e-03 3.106480e-01
344 6.852160e-01 3.512000e-03 3.112720e-01
345 6.845520e-01 3.508000e-03 3.119400e-01
346 6.839560e-01 3.460000e-03 3.125840e-01
347 6.833640e-01 3.420000e-03 3.132160e-01
348 6.828040e-01 3.372000e-03 3.138240e-01
349 6.822320e-01 3.408000e-03 3.143600e-01
350 6.816520e-01 3.396000e-03 3.149520e-01
351 6.809320e-01 3.412000e-03 3.156560e-01
352 6.803440e-01 3.432000e-03 3.162240e-01
353 6.797800e-01 3.436000e-03 3.167840e-01
354 6.792760e-01 3.328000e-03 3.173960e-01
355 6.786640e-01 3.328000e-03 3.180080e-01
356 6.780800e-01 3.304000e-03 3.186160e-01
357 6.775160e-01 3.316000e-03 3.191680e-01
358 6.770360e-01 3.204000e-03 3.197600e-01
359 6.765080e-01 3.148000e-03 3.203440e-01
360 6.759200e-01 3.164000e-03 3.209160e-01
361 6.754720e-01 3.052000e-03 3.214760e-01
362 6.750720e-01 2.940000e-03 3.219880e-01
363 6.746080e-01 2.916000e-03 3.224760e-01
364 6.742160e-01 2.712000e-03 3.230720e-01
365 6.738720e-01 2.600000e-03 3.235280e-01
366 6.734720e-01 2.548000e-03 3.239800e-01
367 6.730880e-01 2.548000e-03 3.243640e-01
368 6.726560e-01 2.540000e-03 3.248040e-01
369 6.721960e-01 2.496000e-03 3.253080e-01
370 6.717320e-01 2.520000e-03 3.257480e-01
371 6.713320e-01 2.484000e-03 3.261840e-01
372 6.709520e-01 2.484000e-03 3.265640e-01
373 6.705040e-01 2.492000e-03 3.270040e-01
374 6.700680e-01 2.544000e-03 3.273880e-01
375 6.696560e-01 2.468000e-03 3.278760e-01
376 6.692560e-01 2.364000e-03 3.283800e-01
377 6.688040e-01 2.360000e-03 3.288360e-01
378 6.684120e-01 2.276000e-03 3.293120e-01
379 6.679360e-01 2.352000e-03 3.297120e-01
380 6.675320e-01 2.348000e-03 3.301200e-01
381 6.672000e-01 2.256000e-03 3.305440e-01
382 6.667800e-01 2.264000e-03 3.309560e-01
383 6.663880e-01 2.332000e-03 3.312800e-01
384 6.660680e-01 2.244000e-03 3.316880e-01
385 6.657000e-01 2.196000e-03 3.321040e-01
386 6.653360e-01 2.228000e-03 3.324360e-01
387 6.649280e-01 2.220000e-03 3.328520e-01
388 6.645480e-01 2.176000e-03 3.332760e-01
389 6.641480e-01 2.152000e-03 3.337000e-01
390 6.637280e-01 2.196000e-03 3.340760e-01
391 6.632920e-01 2.276000e-03 3.344320e-01
392 6.628400e-01 2.316000e-03 3.348440e-01
393 6.623800e-01 2.340000e-03 3.352800e-01
394 6.620200e-01 2.276000e-03 3.357040e-01
395 6.615400e-01 2.328000e-03 3.361320e-01
396 6.610480e-01 2.412000e-03 3.365400e-01
397 6.606280e-01 2.436000e-03 3.369360e-01
398 6.601240e-01 2.500000e-03 3.373760e-01
399 6.595520e-01 2.632000e-03 3.378160e-01
400 6.590440e-01 2.644000e-03 3.383120e-01
401 6.586080e-01 2.628000e-03 3.387640e-01
402 6.580360e-01 2.780000e-03 3.391840e-01
403 6.575880e-01 2.760000e-03 3.396520e-01
404 6.571840e-01 2.760000e-03 3.400560e-01
405 6.567440e-01 2.768000e-03 3.404880e-01
406 6.562280e-01 2.860000e-03 3.409120e-01
407 6.557640e-01 2.864000e-03 3.413720e-01
408 6.552600e-01 2.848000e-03 3.418920e-01
409 6.547680e-01 2.844000e-03 3.423880e-01
410 6.543720e-01 2.796000e-03 3.428320e-01
411 6.539520e-01 2.720000e-03 3.433280e-01
412 6.535760e-01 2.652000e-03 3.437720e-01
413 6.530720e-01 2.656000e-03 3.442720e-01
414 6.526400e-01 2.620000e-03 3.447400e-01
415 6.521960e-01 2.600000e-03 3.452040e-01
416 6.517440e-01 2.600000e-03 3.456560e-01
417 6.512840e-01 2.576000e-03 3.461400e-01
418 6.508880e-01 2.436000e-03 3.466760e-01
419 6.504320e-01 2.500000e-03 3.470680e-01
420 6.500080e-01 2.444000e-03 3.475480e-01
421 6.495960e-01 2.464000e-03 3.479400e-01
422 6.491760e-01 2.440000e-03 3.483840e-01
423 6.488520e-01 2.380000e-03 3.487680e-01
424 6.484160e-01 2.416000e-03 3.491680e-01
425 6.480280e-01 2.376000e-03 3.495960e-01
426 6.477120e-01 2.292000e-03 3.499960e-01
427 6.473960e-01 2.228000e-03 3.503760e-01
428 6.470800e-01 2.136000e-03 3.507840e-01
429 6.467240e-01 2.092000e-03 3.511840e-01
430 6.464120e-01 2.056000e-03 3.515320e-01
431 6.460640e-01 2.040000e-03 3.518960e-01
432 6.456920e-01 2.076000e-03 3.522320e-01
433 6.452960e-01 2.148000e-03 3.525560e-01
434 6.450360e-01 2.076000e-03 3.528880e-01
435 6.446320e-01 2.072000e-03 3.532960e-01
436 6.442560e-01 2.132000e-03 3.536120e-01
437 6.438720e-01 2.096000e-03 3.540320e-01
438 6.434800e-01 2.124000e-03 3.543960e-01
439 6.430920e-01 2.184000e-03 3.547240e-01
440 6.427720e-01 2.088000e-03 3.551400e-01
441 6.424560e-01 2.056000e-03 3.554880e-01
442 6.420760e-01 2.080000e-03 3.558440e-01
443 6.417920e-01 2.048000e-03 3.561600e-01
444 6.414760e-01 2.040000e-03 3.564840e-01
445 6.411360e-01 2.016000e-03 3.568480e-01
446 6.407800e-01 2.044000e-03 3.571760e-01
447 6.403360e-01 2.164000e-03 3.575000e-01
448 6.399360e-01 2.164000e-03 3.579000e-01
449 6.395000e-01 2.248000e-03 3.582520e-01
450 6.391120e-01 2.232000e-03 3.586560e-01
451 6.387920e-01 2.184000e-03 3.590240e-01
452 6.384440e-01 2.144000e-03 3.594120e-01
453 6.380160e-01 2.172000e-03 3.598120e-01
454 6.376400e-01 2.172000e-03 3.601880e-01
455 6.372200e-01 2.220000e-03 3.605600e-01
456 6.367600e-01 2.208000e-03 3.610320e-01
457 6.363600e-01 2.208000e-03 3.614320e-01
458 6.359840e-01 2.180000e-03 3.618360e-01
459 6.356240e-01 2.120000e-03 3.622560e-01
460 6.353040e-01 2.112000e-03 3.625840e-01
461 6.349080e-01 2.120000e-03 3.629720e-01
462 6.345160e-01 2.120000e-03 3.633640e-01
463 6.341200e-01 2.164000e-03 3.637160e-01
464 6.337720e-01 2.136000e-03 3.640920e-01
465 6.334160e-01 2.164000e-03 3.644200e-01
466 6.331120e-01 2.128000e-03 3.647600e-01
467 6.327200e-01 2.128000e-03 3.651520e-01
468 6.323040e-01 2.216000e-03 3.654800e-01
469 6.319560e-01 2.176000e-03 3.658680e-01
470 6.314720e-01 2.276000e-03 3.662520e-01
471 6.311280e-01 2.184000e-03 3.666880e-01
472 6.308160e-01 2.116000e-03 3.670680e-01
473 6.305080e-01 2.072000e-03 3.674200e-01
474 6.301880e-01 2.012000e-03 3.678000e-01
475 6.298760e-01 1.912000e-03 3.682120e-01
476 6.296520e-01 1.804000e-03 3.685440e-01
477 6.294240e-01 1.720000e-03 3.688560e-01
478 6.291720e-01 1.612000e-03 3.692160e-01
479 6.290040e-01 1.492000e-03 3.695040e-01
480 6.287640e-01 1.496000e-03 3.697400e-01
481 6.285040e-01 1.528000e-03 3.699680e-01
482 6.282160e-01 1.556000e-03 3.702280e-01
483 6.279640e-01 1.552000e-03 3.704840e-01
484 6.276720e-01 1.588000e-03 3.707400e-01
485 6.274000e-01 1.596000e-03 3.710040e-01
486 6.271160e-01 1.560000e-03 3.713240e-01
487 6.269200e-01 1.460000e-03 3.716200e-01
488 6.266720e-01 1.484000e-03 3.718440e-01
489 6.264400e-01 1.456000e-03 3.721040e-01
490 6.261600e-01 1.484000e-03 3.723560e-01
491 6.259200e-01 1.476000e-03 3.726040e-01
492 6.256760e-01 1.512000e-03 3.728120e-01
493 6.254800e-01 1.456000e-03 3.730640e-01
494 6.252640e-01 1.428000e-03 3.733080e-01
495 6.250440e-01 1.420000e-03 3.735360e-01
496 6.248880e-01 1.296000e-03 3.738160e-01
497 6.246920e-01 1.236000e-03 3.740720e-01
498 6.245320e-01 1.164000e-03 3.743040e-01
499 6.243600e-01 1.072000e-03 3.745680e-01
500 6.242200e-01 1.036000e-03 3.747440e-01
