1 9.992320e-01 6.880000e-04 8.000000e-05
2 9.986120e-01 1.152000e-03 2.360000e-04
3 9.980520e-01 1.480000e-03 4.680000e-04
4 9.973240e-01 1.908000e-03 7.680000e-04
5 9.965120e-01 2.384000e-03 1.104000e-03
6 9.958400e-01 2.656000e-03 1.504000e-03
7 9.948160e-01 3.132000e-03 2.052000e-03
8 9.937920e-01 3.580000e-03 2.628000e-03
9 9.928760e-01 3.832000e-03 3.292000e-03
10 9.917440e-01 4.268000e-03 3.988000e-03
11 9.905360e-01 4.656000e-03 4.808000e-03
12 9.894400e-01 4.980000e-03 5.580000e-03
13 9.882800e-01 5.220000e-03 6.500000e-03
14 9.871360e-01 5.464000e-03 7.400000e-03
15 9.858480e-01 5.804000e-03 8.348000e-03
16 9.845880e-01 5.968000e-03 9.444000e-03
17 9.831960e-01 6.280000e-03 1.052400e-02
18 9.819080e-01 6.544000e-03 1.154800e-02
19 9.804640e-01 6.804000e-03 1.273200e-02
20 9.790480e-01 6.968000e-03 1.398400e-02
21 9.776240e-01 7.328000e-03 1.504800e-02
22 9.762760e-01 7.476000e-03 1.624800e-02
23 9.748000e-01 7.668000e-03 1.753200e-02
24 9.732880e-01 7.900000e-03 1.881200e-02
25 9.715960e-01 8.164000e-03 2.024000e-02
26 9.699120e-01 8.444000e-03 2.164400e-02
27 9.683400e-01 8.524000e-03 2.313600e-02
28 9.666640e-01 8.748000e-03 2.458800e-02
29 9.650360e-01 8.848000e-03 2.611600e-02
30 9.634480e-01 8.764000e-03 2.778800e-02
31 9.618920e-01 8.864000e-03 2.924400e-02
32 9.601240e-01 9.000000e-03 3.087600e-02
33 9.585400e-01 9.016000e-03 3.244400e-02
34 9.569280e-01 9.072000e-03 3.400000e-02
35 9.552320e-01 9.028000e-03 3.574000e-02
36 9.534800e-01 9.108000e-03 3.741200e-02
37 9.518600e-01 9.004000e-03 3.913600e-02
38 9.501760e-01 9.148000e-03 4.067600e-02
39 9.484560e-01 9.248000e-03 4.229600e-02
40 9.467840e-01 9.296000e-03 4.392000e-02
41 9.449720e-01 9.520000e-03 4.550800e-02
42 9.431520e-01 9.740000e-03 4.710800e-02
43 9.414640e-01 9.736000e-03 4.880000e-02
44 9.393680e-01 1.008400e-02 5.054800e-02
45 9.375400e-01 1.027200e-02 5.218800e-02
46 9.357040e-01 1.018800e-02 5.410800e-02
47 9.338920e-01 1.020800e-02 5.590000e-02
48 9.321040e-01 1.023600e-02 5.766000e-02
49 9.301320e-01 1.037600e-02 5.949200e-02
50 9.281560e-01 1.053200e-02 6.131200e-02
51 9.262960e-01 1.052400e-02 6.318000e-02
52 9.241560e-01 1.065600e-02 6.518800e-02
53 9.222240e-01 1.076800e-02 6.700800e-02
54 9.202160e-01 1.080400e-02 6.898000e-02
55 9.180920e-01 1.101600e-02 7.089200e-02
56 9.161560e-01 1.101600e-02 7.282800e-02
57 9.143360e-01 1.094800e-02 7.471600e-02
58 9.124120e-01 1.093200e-02 7.665600e-02
59 9.105480e-01 1.089600e-02 7.855600e-02
60 9.085120e-01 1.102400e-02 8.046400e-02
61 9.065480e-01 1.098000e-02 8.247200e-02
62 9.046680e-01 1.108400e-02 8.424800e-02
63 9.027960e-01 1.098000e-02 8.622400e-02
64 9.006960e-01 1.108800e-02 8.821600e-02
65 8.986080e-01 1.108400e-02 9.030800e-02
66 8.966600e-01 1.116800e-02 9.217200e-02
67 8.946440e-01 1.106800e-02 9.428800e-02
68 8.928200e-01 1.096000e-02 9.622000e-02
69 8.907880e-01 1.106000e-02 9.815200e-02
70 8.891320e-01 1.069600e-02 1.001720e-01
71 8.872680e-01 1.062400e-02 1.021080e-01
72 8.854320e-01 1.062000e-02 1.039480e-01
73 8.837920e-01 1.049200e-02 1.057160e-01
74 8.819360e-01 1.051200e-02 1.075520e-01
75 8.802400e-01 1.046400e-02 1.092960e-01
76 8.785280e-01 1.035600e-02 1.111160e-01
77 8.769800e-01 1.003600e-02 1.129840e-01
78 8.751840e-01 9.920000e-03 1.148960e-01
79 8.735440e-01 9.844000e-03 1.166120e-01
80 8.718160e-01 9.832000e-03 1.183520e-01
81 8.700360e-01 9.908000e-03 1.200560e-01
82 8.682080e-01 9.996000e-03 1.217960e-01
83 8.663520e-01 1.017600e-02 1.234720e-01
84 8.646920e-01 1.012800e-02 1.251800e-01
85 8.629880e-01 1.030400e-02 1.267080e-01
86 8.612480e-01 1.039200e-02 1.283600e-01
87 8.593360e-01 1.034800e-02 1.303160e-01
88 8.575520e-01 1.042000e-02 1.320280e-01
89 8.556360e-01 1.065200e-02 1.337120e-01
90 8.537680e-01 1.078800e-02 1.354440e-01
91 8.518400e-01 1.074000e-02 1.374200e-01
92 8.499000e-01 1.087200e-02 1.392280e-01
93 8.480280e-01 1.083600e-02 1.411360e-01
94 8.462000e-01 1.071600e-02 1.430840e-01
95 8.444720e-01 1.056800e-02 1.449600e-01
96 8.426080e-01 1.059600e-02 1.467960e-01
97 8.409400e-01 1.046400e-02 1.485960e-01
98 8.390520e-01 1.048400e-02 1.504640e-01
99 8.374360e-01 1.028800e-02 1.522760e-01
100 8.357520e-01 1.024000e-02 1.540080e-01
101 8.339960e-01 1.022000e-02 1.557840e-01
102 8.322040e-01 1.023600e-02 1.575600e-01
103 8.303560e-01 1.026400e-02 1.593800e-01
104 8.286920e-01 1.017200e-02 1.611360e-01
105 8.268800e-01 1.020000e-02 1.629200e-01
106 8.249000e-01 1.034000e-02 1.647600e-01
107 8.230760e-01 1.022800e-02 1.666960e-01
108 8.211640e-01 1.028400e-02 1.685520e-01
109 8.193560e-01 1.021600e-02 1.704280e-01
110 8.176160e-01 1.005600e-02 1.723280e-01
111 8.156960e-01 1.014000e-02 1.741640e-01
112 8.138800e-01 1.008400e-02 1.760360e-01
113 8.121080e-01 1.012800e-02 1.777640e-01
114 8.104280e-01 1.008000e-02 1.794920e-01
115 8.087720e-01 1.009200e-02 1.811360e-01
116 8.069480e-01 1.002800e-02 1.830240e-01
117 8.054280e-01 9.780000e-03 1.847920e-01
118 8.039560e-01 9.716000e-03 1.863280e-01
119 8.023480e-01 9.672000e-03 1.879800e-01
120 8.008800e-01 9.504000e-03 1.896160e-01
121 7.995400e-01 9.140000e-03 1.913200e-01
122 7.978960e-01 9.124000e-03 1.929800e-01
123 7.964600e-01 8.900000e-03 1.946400e-01
124 7.948960e-01 8.888000e-03 1.962160e-01
125 7.934080e-01 8.892000e-03 1.977000e-01
126 7.917840e-01 8.864000e-03 1.993520e-01
127 7.903240e-01 8.704000e-03 2.009720e-01
128 7.887680e-01 8.684000e-03 2.025480e-01
129 7.873680e-01 8.536000e-03 2.040960e-01
130 7.857880e-01 8.592000e-03 2.056200e-01
131 7.843640e-01 8.444000e-03 2.071920e-01
132 7.828400e-01 8.412000e-03 2.087480e-01
133 7.813680e-01 8.452000e-03 2.101800e-01
134 7.798440e-01 8.628000e-03 2.115280e-01
135 7.783520e-01 8.596000e-03 2.130520e-01
136 7.768360e-01 8.540000e-03 2.146240e-01
137 7.753960e-01 8.496000e-03 2.161080e-01
138 7.739480e-01 8.428000e-03 2.176240e-01
139 7.725920e-01 8.324000e-03 2.190840e-01
140 7.712240e-01 8.232000e-03 2.205440e-01
141 7.699040e-01 8.152000e-03 2.219440e-01
142 7.686320e-01 8.144000e-03 2.232240e-01
143 7.674040e-01 8.004000e-03 2.245920e-01
144 7.661000e-01 7.932000e-03 2.259680e-01
145 7.648520e-01 7.752000e-03 2.273960e-01
146 7.634840e-01 7.872000e-03 2.286440e-01
147 7.621880e-01 7.816000e-03 2.299960e-01
148 7.608640e-01 7.852000e-03 2.312840e-01
149 7.596120e-01 7.648000e-03 2.327400e-01
150 7.582840e-01 7.680000e-03 2.340360e-01
151 7.568920e-01 7.796000e-03 2.353120e-01
152 7.556000e-01 7.616000e-03 2.367840e-01
153 7.543920e-01 7.512000e-03 2.380960e-01
154 7.529920e-01 7.604000e-03 2.394040e-01
155 7.517200e-01 7.656000e-03 2.406240e-01
156 7.504760e-01 7.592000e-03 2.419320e-01
157 7.492280e-01 7.544000e-03 2.432280e-01
158 7.479800e-01 7.544000e-03 2.444760e-01
159 7.467000e-01 7.580000e-03 2.457200e-01
160 7.454160e-01 7.528000e-03 2.470560e-01
161 7.442280e-01 7.332000e-03 2.484400e-01
162 7.428440e-01 7.428000e-03 2.497280e-01
163 7.415520e-01 7.320000e-03 2.511280e-01
164 7.402760e-01 7.312000e-03 2.524120e-01
165 7.390840e-01 7.220000e-03 2.536960e-01
166 7.376360e-01 7.416000e-03 2.549480e-01
167 7.363960e-01 7.352000e-03 2.562520e-01
168 7.351040e-01 7.276000e-03 2.576200e-01
169 7.337280e-01 7.308000e-03 2.589640e-01
170 7.326040e-01 7.108000e-03 2.602880e-01
171 7.314720e-01 6.992000e-03 2.615360e-01
172 7.301160e-01 7.116000e-03 2.627680e-01
173 7.288480e-01 7.208000e-03 2.639440e-01
174 7.276600e-01 7.064000e-03 2.652760e-01
175 7.263920e-01 7.176000e-03 2.664320e-01
176 7.252200e-01 7.096000e-03 2.676840e-01
177 7.240160e-01 7.156000e-03 2.688280e-01
178 7.226000e-01 7.340000e-03 2.700600e-01
179 7.213880e-01 7.232000e-03 2.713800e-01
180 7.200520e-01 7.396000e-03 2.725520e-01
181 7.188040e-01 7.404000e-03 2.737920e-01
182 7.177120e-01 7.204000e-03 2.750840e-01
183 7.164240e-01 7.212000e-03 2.763640e-01
184 7.152200e-01 7.140000e-03 2.776400e-01
185 7.139960e-01 7.108000e-03 2.788960e-01
186 7.126160e-01 7.204000e-03 2.801800e-01
187 7.113000e-01 7.268000e-03 2.814320e-01
188 7.098720e-01 7.472000e-03 2.826560e-01
189 7.084880e-01 7.528000e-03 2.839840e-01
190 7.071960e-01 7.604000e-03 2.852000e-01
191 7.058840e-01 7.720000e-03 2.863960e-01
192 7.047080e-01 7.488000e-03 2.878040e-01
193 7.034200e-01 7.520000e-03 2.890600e-01
194 7.022680e-01 7.312000e-03 2.904200e-01
195 7.012720e-01 7.068000e-03 2.916600e-01
196 7.001640e-01 6.944000e-03 2.928920e-01
197 6.990200e-01 6.868000e-03 2.941120e-01
198 6.979200e-01 6.864000e-03 2.952160e-01
199 6.969560e-01 6.664000e-03 2.963800e-01
200 6.960240e-01 6.524000e-03 2.974520e-01
201 6.951520e-01 6.320000e-03 2.985280e-01
202 6.942320e-01 6.168000e-03 2.996000e-01
203 6.932520e-01 6.052000e-03 3.006960e-01
204 6.922440e-01 6.040000e-03 3.017160e-01
205 6.913240e-01 5.948000e-03 3.027280e-01
206 6.905120e-01 5.712000e-03 3.037760e-01
207 6.895640e-01 5.632000e-03 3.048040e-01
208 6.887800e-01 5.468000e-03 3.057520e-01
209 6.879040e-01 5.312000e-03 3.067840e-01
210 6.870720e-01 5.308000e-03 3.076200e-01
211 6.862080e-01 5.260000e-03 3.085320e-01
212 6.853920e-01 5.164000e-03 3.094440e-01
213 6.844920e-01 5.104000e-03 3.104040e-01
214 6.836600e-01 5.060000e-03 3.112800e-01
215 6.827440e-01 5.156000e-03 3.121000e-01
216 6.818800e-01 5.096000e-03 3.130240e-01
217 6.810600e-01 4.940000e-03 3.140000e-01
218 6.802320e-01 4.936000e-03 3.148320e-01
219 6.793600e-01 4.944000e-03 3.156960e-01
220 6.784480e-01 5.052000e-03 3.165000e-01
221 6.776640e-01 4.988000e-03 3.173480e-01
222 6.769160e-01 4.952000e-03 3.181320e-01
223 6.762160e-01 4.712000e-03 3.190720e-01
224 6.754160e-01 4.660000e-03 3.199240e-01
225 6.747720e-01 4.540000e-03 3.206880e-01
226 6.739880e-01 4.520000e-03 3.214920e-01
227 6.731840e-01 4.540000e-03 3.222760e-01
228 6.724640e-01 4.472000e-03 3.230640e-01
229 6.718000e-01 4.368000e-03 3.238320e-01
230 6.711360e-01 4.116000e-03 3.247480e-01
231 6.704400e-01 4.128000e-03 3.254320e-01
232 6.697880e-01 4.024000e-03 3.261880e-01
233 6.690240e-01 4.040000e-03 3.269360e-01
234 6.683360e-01 4.020000e-03 3.276440e-01
235 6.677440e-01 3.896000e-03 3.283600e-01
236 6.671440e-01 3.844000e-03 3.290120e-01
237 6.664120e-01 3.860000e-03 3.297280e-01
238 6.657160e-01 3.932000e-03 3.303520e-01
239 6.650360e-01 3.892000e-03 3.310720e-01
240 6.643920e-01 3.896000e-03 3.317120e-01
241 6.637160e-01 3.900000e-03 3.323840e-01
242 6.630600e-01 3.920000e-03 3.330200e-01
243 6.622800e-01 4.024000e-03 3.336960e-01
244 6.614840e-01 4.236000e-03 3.342800e-01
245 6.606560e-01 4.272000e-03 3.350720e-01
246 6.599920e-01 4.152000e-03 3.358560e-01
247 6.592440e-01 4.160000e-03 3.365960e-01
248 6.585600e-01 4.132000e-03 3.373080e-01
249 6.579640e-01 4.092000e-03 3.379440e-01
250 6.572800e-01 4.092000e-03 3.386280e-01
251 6.566520e-01 4.120000e-03 3.392280e-01
252 6.560440e-01 4.032000e-03 3.399240e-01
253 6.553560e-01 3.924000e-03 3.407200e-01
254 6.547640e-01 3.868000e-03 3.413680e-01
255 6.540520e-01 3.964000e-03 3.419840e-01
256 6.533880e-01 3.896000e-03 3.427160e-01
257 6.528480e-01 3.772000e-03 3.433800e-01
258 6.522040e-01 3.836000e-03 3.439600e-01
259 6.515440e-01 3.832000e-03 3.446240e-01
260 6.509080e-01 3.764000e-03 3.453280e-01
261 6.502880e-01 3.788000e-03 3.459240e-01
262 6.496040e-01 3.840000e-03 3.465560e-01
263 6.490000e-01 3.796000e-03 3.472040e-01
264 6.484440e-01 3.736000e-03 3.478200e-01
265 6.478120e-01 3.688000e-03 3.485000e-01
266 6.472640e-01 3.532000e-03 3.492040e-01
267 6.467160e-01 3.472000e-03 3.498120e-01
268 6.460640e-01 3.540000e-03 3.503960e-01
269 6.455480e-01 3.484000e-03 3.509680e-01
270 6.450200e-01 3.452000e-03 3.515280e-01
271 6.444960e-01 3.392000e-03 3.521120e-01
272 6.438560e-01 3.456000e-03 3.526880e-01
273 6.432840e-01 3.500000e-03 3.532160e-01
274 6.427600e-01 3.448000e-03 3.537920e-01
275 6.421400e-01 3.472000e-03 3.543880e-01
276 6.415880e-01 3.412000e-03 3.550000e-01
277 6.409680e-01 3.456000e-03 3.555760e-01
278 6.403240e-01 3.464000e-03 3.562120e-01
279 6.397880e-01 3.340000e-03 3.568720e-01
280 6.392600e-01 3.320000e-03 3.574200e-01
281 6.387160e-01 3.324000e-03 3.579600e-01
282 6.382000e-01 3.208000e-03 3.585920e-01
283 6.377200e-01 3.084000e-03 3.591960e-01
284 6.372960e-01 3.084000e-03 3.596200e-01
285 6.369200e-01 2.892000e-03 3.601880e-01
286 6.364880e-01 2.772000e-03 3.607400e-01
287 6.360320e-01 2.768000e-03 3.612000e-01
288 6.355720e-01 2.768000e-03 3.616600e-01
289 6.350440e-01 2.768000e-03 3.621880e-01
290 6.346400e-01 2.700000e-03 3.626600e-01
291 6.341600e-01 2.652000e-03 3.631880e-01
292 6.337120e-01 2.676000e-03 3.636120e-01
293 6.332280e-01 2.644000e-03 3.641280e-01
294 6.328160e-01 2.548000e-03 3.646360e-01
295 6.323840e-01 2.528000e-03 3.650880e-01
296 6.319720e-01 2.508000e-03 3.655200e-01
297 6.315840e-01 2.516000e-03 3.659000e-01
298 6.311400e-01 2.500000e-03 3.663600e-01
299 6.307440e-01 2.516000e-03 3.667400e-01
300 6.304200e-01 2.312000e-03 3.672680e-01
301 6.299360e-01 2.380000e-03 3.676840e-01
302 6.295680e-01 2.328000e-03 3.681040e-01
303 6.292040e-01 2.312000e-03 3.684840e-01
304 6.288080e-01 2.360000e-03 3.688320e-01
305 6.283960e-01 2.300000e-03 3.693040e-01
306 6.280480e-01 2.204000e-03 3.697480e-01
307 6.277040e-01 2.156000e-03 3.701400e-01
308 6.272960e-01 2.184000e-03 3.705200e-01
309 6.268120e-01 2.296000e-03 3.708920e-01
310 6.264320e-01 2.352000e-03 3.712160e-01
311 6.259800e-01 2.360000e-03 3.716600e-01
312 6.256160e-01 2.348000e-03 3.720360e-01
313 6.252840e-01 2.252000e-03 3.724640e-01
314 6.249360e-01 2.256000e-03 3.728080e-01
315 6.246040e-01 2.204000e-03 3.731920e-01
316 6.242320e-01 2.232000e-03 3.735360e-01
317 6.238840e-01 2.164000e-03 3.739520e-01
318 6.235920e-01 1.988000e-03 3.744200e-01
319 6.232720e-01 2.020000e-03 3.747080e-01
320 6.230400e-01 1.924000e-03 3.750360e-01
321 6.228040e-01 1.780000e-03 3.754160e-01
322 6.225400e-01 1.704000e-03 3.757560e-01
323 6.222960e-01 1.676000e-03 3.760280e-01
324 6.220000e-01 1.684000e-03 3.763160e-01
325 6.216880e-01 1.696000e-03 3.766160e-01
326 6.214400e-01 1.644000e-03 3.769160e-01
327 6.211360e-01 1.668000e-03 3.771960e-01
328 6.208320e-01 1.656000e-03 3.775120e-01
329 6.205880e-01 1.640000e-03 3.777720e-01
330 6.202800e-01 1.652000e-03 3.780680e-01
331 6.199560e-01 1.696000e-03 3.783480e-01
332 6.196640e-01 1.696000e-03 3.786400e-01
333 6.193760e-01 1.704000e-03 3.789200e-01
334 6.191040e-01 1.608000e-03 3.792880e-01
335 6.188600e-01 1.556000e-03 3.795840e-01
336 6.186240e-01 1.532000e-03 3.798440e-01
337 6.183560e-01 1.608000e-03 3.800360e-01
338 6.180680e-01 1.580000e-03 3.803520e-01
339 6.178000e-01 1.576000e-03 3.806240e-01
340 6.175440e-01 1.576000e-03 3.808800e-01
341 6.172960e-01 1.560000e-03 3.811440e-01
342 6.170480e-01 1.568000e-03 3.813840e-01
343 6.167960e-01 1.600000e-03 3.816040e-01
344 6.165280e-01 1.576000e-03 3.818960e-01
345 6.162760e-01 1.624000e-03 3.821000e-01
346 6.160240e-01 1.548000e-03 3.824280e-01
347 6.157480e-01 1.556000e-03 3.826960e-01
348 6.154840e-01 1.548000e-03 3.829680e-01
349 6.152440e-01 1.564000e-03 3.831920e-01
350 6.149720e-01 1.576000e-03 3.834520e-01
351 6.147200e-01 1.576000e-03 3.837040e-01
352 6.144920e-01 1.560000e-03 3.839480e-01
353 6.142960e-01 1.492000e-03 3.842120e-01
354 6.140280e-01 1.472000e-03 3.845000e-01
355 6.137720e-01 1.472000e-03 3.847560e-01
356 6.135320e-01 1.464000e-03 3.850040e-01
357 6.132840e-01 1.456000e-03 3.852600e-01
358 6.129960e-01 1.480000e-03 3.855240e-01
359 6.127640e-01 1.396000e-03 3.858400e-01
360 6.125360e-01 1.420000e-03 3.860440e-01
361 6.122880e-01 1.428000e-03 3.862840e-01
362 6.119840e-01 1.508000e-03 3.865080e-01
363 6.117720e-01 1.440000e-03 3.867880e-01
364 6.114960e-01 1.464000e-03 3.870400e-01
365 6.113000e-01 1.368000e-03 3.873320e-01
366 6.110840e-01 1.328000e-03 3.875880e-01
367 6.108800e-01 1.308000e-03 3.878120e-01
368 6.106280e-01 1.328000e-03 3.880440e-01
369 6.104520e-01 1.252000e-03 3.882960e-01
370 6.102080e-01 1.228000e-03 3.885640e-01
371 6.100360e-01 1.208000e-03 3.887560e-01
372 6.098480e-01 1.164000e-03 3.889880e-01
373 6.096360e-01 1.168000e-03 3.891960e-01
374 6.094040e-01 1.212000e-03 3.893840e-01
375 6.091840e-01 1.136000e-03 3.896800e-01
376 6.090040e-01 1.152000e-03 3.898440e-01
377 6.087360e-01 1.192000e-03 3.900720e-01
378 6.085080e-01 1.236000e-03 3.902560e-01
379 6.082840e-01 1.260000e-03 3.904560e-01
380 6.080360e-01 1.296000e-03 3.906680e-01
381 6.078360e-01 1.288000e-03 3.908760e-01
382 6.076520e-01 1.228000e-03 3.911200e-01
383 6.074440e-01 1.196000e-03 3.913600e-01
384 6.072280e-01 1.208000e-03 3.915640e-01
385 6.070560e-01 1.200000e-03 3.917440e-01
386 6.068440e-01 1.216000e-03 3.919400e-01
387 6.066000e-01 1.240000e-03 3.921600e-01
388 6.063400e-01 1.300000e-03 3.923600e-01
389 6.061360e-01 1.260000e-03 3.926040e-01
390 6.058920e-01 1.312000e-03 3.927960e-01
391 6.056320e-01 1.296000e-03 3.930720e-01
392 6.054160e-01 1.304000e-03 3.932800e-01
393 6.052240e-01 1.268000e-03 3.935080e-01
394 6.050040e-01 1.296000e-03 3.937000e-01
395 6.048040e-01 1.264000e-03 3.939320e-01
396 6.045920e-01 1.280000e-03 3.941280e-01
397 6.044240e-01 1.164000e-03 3.944120e-01
398 6.042000e-01 1.192000e-03 3.946080e-01
399 6.040600e-01 1.148000e-03 3.947920e-01
400 6.039120e-01 1.136000e-03 3.949520e-01
401 6.037080e-01 1.176000e-03 3.951160e-01
402 6.035440e-01 1.176000e-03 3.952800e-01
403 6.033680e-01 1.100000e-03 3.955320e-01
404 6.031040e-01 1.208000e-03 3.956880e-01
405 6.029480e-01 1.144000e-03 3.959080e-01
406 6.027680e-01 1.136000e-03 3.960960e-01
407 6.025160e-01 1.192000e-03 3.962920e-01
408 6.022880e-01 1.204000e-03 3.965080e-01
409 6.020520e-01 1.248000e-03 3.967000e-01
410 6.017760e-01 1.324000e-03 3.969000e-01
411 6.015120e-01 1.368000e-03 3.971200e-01
412 6.012600e-01 1.368000e-03 3.973720e-01
413 6.010000e-01 1.408000e-03 3.975920e-01
414 6.007800e-01 1.396000e-03 3.978240e-01
415 6.005760e-01 1.344000e-03 3.980800e-01
416 6.003760e-01 1.352000e-03 3.982720e-01
417 6.001280e-01 1.316000e-03 3.985560e-01
418 5.998840e-01 1.296000e-03 3.988200e-01
419 5.997000e-01 1.200000e-03 3.991000e-01
420 5.995280e-01 1.200000e-03 3.992720e-01
421 5.993480e-01 1.148000e-03 3.995040e-01
422 5.991800e-01 1.144000e-03 3.996760e-01
423 5.990640e-01 1.032000e-03 3.999040e-01
424 5.989040e-01 1.032000e-03 4.000640e-01
425 5.987520e-01 9.920000e-04 4.002560e-01
426 5.985440e-01 1.036000e-03 4.004200e-01
427 5.983040e-01 1.132000e-03 4.005640e-01
428 5.980920e-01 1.176000e-03 4.007320e-01
429 5.979200e-01 1.116000e-03 4.009640e-01
430 5.977280e-01 1.108000e-03 4.011640e-01
431 5.975400e-01 1.080000e-03 4.013800e-01
432 5.973360e-01 1.116000e-03 4.015480e-01
433 5.971480e-01 1.112000e-03 4.017400e-01
434 5.969280e-01 1.144000e-03 4.019280e-01
435 5.967280e-01 1.140000e-03 4.021320e-01
436 5.965320e-01 1.176000e-03 4.022920e-01
437 5.963560e-01 1.160000e-03 4.024840e-01
438 5.961920e-01 1.128000e-03 4.026800e-01
439 5.959360e-01 1.136000e-03 4.029280e-01
440 5.957640e-01 1.096000e-03 4.031400e-01
441 5.956200e-01 1.008000e-03 4.033720e-01
442 5.955080e-01 9.640000e-04 4.035280e-01
443 5.953920e-01 9.480000e-04 4.036600e-01
444 5.952080e-01 9.760000e-04 4.038160e-01
445 5.950040e-01 9.520000e-04 4.040440e-01
446 5.948840e-01 9.360000e-04 4.041800e-01
447 5.947240e-01 9.440000e-04 4.043320e-01
448 5.946200e-01 8.600000e-04 4.045200e-01
449 5.944680e-01 8.200000e-04 4.047120e-01
450 5.943160e-01 8.400000e-04 4.048440e-01
451 5.941680e-01 8.520000e-04 4.049800e-01
452 5.940200e-01 8.040000e-04 4.051760e-01
453 5.938800e-01 8.080000e-04 4.053120e-01
454 5.937280e-01 8.280000e-04 4.054440e-01
455 5.935640e-01 8.480000e-04 4.055880e-01
456 5.934000e-01 8.920000e-04 4.057080e-01
457 5.932560e-01 8.920000e-04 4.058520e-01
458 5.931360e-01 8.880000e-04 4.059760e-01
459 5.929880e-01 8.800000e-04 4.061320e-01
460 5.928760e-01 7.840000e-04 4.063400e-01
461 5.927720e-01 8.040000e-04 4.064240e-01
462 5.926920e-01 7.560000e-04 4.065520e-01
463 5.925680e-01 7.280000e-04 4.067040e-01
464 5.924440e-01 7.360000e-04 4.068200e-01
465 5.923360e-01 7.440000e-04 4.069200e-01
466 5.921640e-01 7.720000e-04 4.070640e-01
467 5.920680e-01 7.480000e-04 4.071840e-01
468 5.919640e-01 7.080000e-04 4.073280e-01
469 5.918280e-01 7.280000e-04 4.074440e-01
470 5.916840e-01 7.440000e-04 4.075720e-01
471 5.915120e-01 8.200000e-04 4.076680e-01
472 5.913800e-01 8.000000e-04 4.078200e-01
473 5.912880e-01 7.400000e-04 4.079720e-01
474 5.912040e-01 7.040000e-04 4.080920e-01
475 5.910920e-01 6.680000e-04 4.082400e-01
476 5.909720e-01 6.640000e-04 4.083640e-01
477 5.908440e-01 6.840000e-04 4.084720e-01
478 5.907440e-01 6.520000e-04 4.086040e-01
479 5.905960e-01 6.840000e-04 4.087200e-01
480 5.904800e-01 6.960000e-04 4.088240e-01
481 5.903880e-01 6.840000e-04 4.089280e-01
482 5.902760e-01 6.920000e-04 4.090320e-01
483 5.901800e-01 6.920000e-04 4.091280e-01
484 5.900760e-01 6.760000e-04 4.092480e-01
485 5.899560e-01 6.720000e-04 4.093720e-01
486 5.898480e-01 6.600000e-04 4.094920e-01
487 5.897600e-01 6.320000e-04 4.096080e-01
488 5.896400e-01 6.560000e-04 4.097040e-01
489 5.894840e-01 6.600000e-04 4.098560e-01
490 5.893920e-01 6.440000e-04 4.099640e-01
491 5.893040e-01 6.280000e-04 4.100680e-01
492 5.892320e-01 5.800000e-04 4.101880e-01
493 5.891280e-01 5.760000e-04 4.102960e-01
494 5.890680e-01 5.480000e-04 4.103840e-01
495 5.889840e-01 5.400000e-04 4.104760e-01
496 5.889200e-01 4.960000e-04 4.105840e-01
497 5.888320e-01 5.160000e-04 4.106520e-01
498 5.887480e-01 4.880000e-04 4.107640e-01
499 5.886880e-01 4.440000e-04 4.108680e-01
500 5.886480e-01 4.040000e-04 4.109480e-01
