1 9.992000e-01 7.240000e-04 7.600000e-05
2 9.987800e-01 9.800000e-04 2.400000e-04
3 9.981680e-01 1.416000e-03 4.160000e-04
4 9.973680e-01 1.984000e-03 6.480000e-04
5 9.965320e-01 2.440000e-03 1.028000e-03
6 9.956480e-01 2.812000e-03 1.540000e-03
7 9.948000e-01 3.180000e-03 2.020000e-03
8 9.938920e-01 3.520000e-03 2.588000e-03
9 9.927160e-01 4.016000e-03 3.268000e-03
10 9.915360e-01 4.520000e-03 3.944000e-03
11 9.902840e-01 4.984000e-03 4.732000e-03
12 9.891800e-01 5.272000e-03 5.548000e-03
13 9.879680e-01 5.548000e-03 6.484000e-03
14 9.867600e-01 5.740000e-03 7.500000e-03
15 9.854680e-01 6.052000e-03 8.480000e-03
16 9.842240e-01 6.136000e-03 9.640000e-03
17 9.830000e-01 6.376000e-03 1.062400e-02
18 9.816040e-01 6.712000e-03 1.168400e-02
19 9.801080e-01 7.004000e-03 1.288800e-02
20 9.788080e-01 7.196000e-03 1.399600e-02
21 9.774640e-01 7.252000e-03 1.528400e-02
22 9.760320e-01 7.424000e-03 1.654400e-02
23 9.745720e-01 7.500000e-03 1.792800e-02
24 9.731640e-01 7.664000e-03 1.917200e-02
25 9.713280e-01 8.120000e-03 2.055200e-02
26 9.697280e-01 8.248000e-03 2.202400e-02
27 9.682240e-01 8.348000e-03 2.342800e-02
28 9.666640e-01 8.520000e-03 2.481600e-02
29 9.650600e-01 8.740000e-03 2.620000e-02
30 9.634240e-01 8.896000e-03 2.768000e-02
31 9.618760e-01 8.736000e-03 2.938800e-02
32 9.603920e-01 8.612000e-03 3.099600e-02
33 9.590160e-01 8.600000e-03 3.238400e-02
34 9.576200e-01 8.448000e-03 3.393200e-02
35 9.560320e-01 8.444000e-03 3.552400e-02
36 9.545400e-01 8.440000e-03 3.702000e-02
37 9.530520e-01 8.480000e-03 3.846800e-02
38 9.514240e-01 8.744000e-03 3.983200e-02
39 9.497640e-01 8.736000e-03 4.150000e-02
40 9.481960e-01 8.756000e-03 4.304800e-02
41 9.463560e-01 9.012000e-03 4.463200e-02
42 9.447440e-01 9.084000e-03 4.617200e-02
43 9.429160e-01 9.212000e-03 4.787200e-02
44 9.412520e-01 9.184000e-03 4.956400e-02
45 9.397720e-01 9.080000e-03 5.114800e-02
46 9.381600e-01 9.200000e-03 5.264000e-02
47 9.367000e-01 9.116000e-03 5.418400e-02
48 9.351040e-01 9.040000e-03 5.585600e-02
49 9.335000e-01 8.924000e-03 5.757600e-02
50 9.318240e-01 9.016000e-03 5.916000e-02
51 9.302880e-01 8.940000e-03 6.077200e-02
52 9.287280e-01 8.956000e-03 6.231600e-02
53 9.272360e-01 8.868000e-03 6.389600e-02
54 9.257440e-01 8.712000e-03 6.554400e-02
55 9.241360e-01 8.980000e-03 6.688400e-02
56 9.225320e-01 8.960000e-03 6.850800e-02
57 9.208960e-01 8.904000e-03 7.020000e-02
58 9.192560e-01 9.036000e-03 7.170800e-02
59 9.176240e-01 9.028000e-03 7.334800e-02
60 9.160720e-01 9.080000e-03 7.484800e-02
61 9.144320e-01 9.136000e-03 7.643200e-02
62 9.129280e-01 8.920000e-03 7.815200e-02
63 9.113280e-01 9.048000e-03 7.962400e-02
64 9.097040e-01 9.048000e-03 8.124800e-02
65 9.082240e-01 8.912000e-03 8.286400e-02
66 9.065560e-01 8.920000e-03 8.452400e-02
67 9.049240e-01 8.984000e-03 8.609200e-02
68 9.033520e-01 9.128000e-03 8.752000e-02
69 9.016800e-01 9.224000e-03 8.909600e-02
70 9.000880e-01 9.196000e-03 9.071600e-02
71 8.985040e-01 9.056000e-03 9.244000e-02
72 8.967360e-01 9.244000e-03 9.402000e-02
73 8.952080e-01 9.140000e-03 9.565200e-02
74 8.935600e-01 9.164000e-03 9.727600e-02
75 8.920120e-01 9.208000e-03 9.878000e-02
76 8.904240e-01 9.196000e-03 1.003800e-01
77 8.888720e-01 9.176000e-03 1.019520e-01
78 8.872560e-01 9.152000e-03 1.035920e-01
79 8.856440e-01 9.292000e-03 1.050640e-01
80 8.838880e-01 9.432000e-03 1.066800e-01
81 8.822240e-01 9.404000e-03 1.083720e-01
82 8.806200e-01 9.236000e-03 1.101440e-01
83 8.790040e-01 9.236000e-03 1.117600e-01
84 8.773560e-01 9.300000e-03 1.133440e-01
85 8.755720e-01 9.568000e-03 1.148600e-01
86 8.739320e-01 9.500000e-03 1.165680e-01
87 8.722360e-01 9.428000e-03 1.183360e-01
88 8.705160e-01 9.404000e-03 1.200800e-01
89 8.688560e-01 9.364000e-03 1.217800e-01
90 8.672000e-01 9.344000e-03 1.234560e-01
91 8.656000e-01 9.324000e-03 1.250760e-01
92 8.639920e-01 9.364000e-03 1.266440e-01
93 8.622000e-01 9.544000e-03 1.282560e-01
94 8.605040e-01 9.544000e-03 1.299520e-01
95 8.587120e-01 9.680000e-03 1.316080e-01
96 8.569120e-01 9.812000e-03 1.332760e-01
97 8.551440e-01 9.872000e-03 1.349840e-01
98 8.535400e-01 9.924000e-03 1.365360e-01
99 8.519040e-01 9.940000e-03 1.381560e-01
100 8.502760e-01 9.844000e-03 1.398800e-01
101 8.486720e-01 9.760000e-03 1.415680e-01
102 8.470160e-01 9.712000e-03 1.432720e-01
103 8.451800e-01 1.001600e-02 1.448040e-01
104 8.433600e-01 1.007200e-02 1.465680e-01
105 8.415320e-01 1.008400e-02 1.483840e-01
106 8.397760e-01 1.011600e-02 1.501080e-01
107 8.381560e-01 9.964000e-03 1.518800e-01
108 8.364080e-01 9.976000e-03 1.536160e-01
109 8.346520e-01 1.004000e-02 1.553080e-01
110 8.330880e-01 9.876000e-03 1.570360e-01
111 8.314640e-01 9.800000e-03 1.587360e-01
112 8.296840e-01 9.748000e-03 1.605680e-01
113 8.279680e-01 9.888000e-03 1.621440e-01
114 8.263880e-01 9.772000e-03 1.638400e-01
115 8.246880e-01 9.760000e-03 1.655520e-01
116 8.231760e-01 9.480000e-03 1.673440e-01
117 8.216360e-01 9.356000e-03 1.690080e-01
118 8.200040e-01 9.412000e-03 1.705840e-01
119 8.182280e-01 9.736000e-03 1.720360e-01
120 8.166160e-01 9.640000e-03 1.737440e-01
121 8.151000e-01 9.520000e-03 1.753800e-01
122 8.135760e-01 9.348000e-03 1.770760e-01
123 8.121000e-01 9.220000e-03 1.786800e-01
124 8.106520e-01 9.132000e-03 1.802160e-01
125 8.093280e-01 8.856000e-03 1.818160e-01
126 8.078960e-01 8.716000e-03 1.833880e-01
127 8.063160e-01 8.732000e-03 1.849520e-01
128 8.045480e-01 8.952000e-03 1.865000e-01
129 8.028440e-01 9.124000e-03 1.880320e-01
130 8.012520e-01 9.040000e-03 1.897080e-01
131 7.996960e-01 8.892000e-03 1.914120e-01
132 7.981400e-01 8.856000e-03 1.930040e-01
133 7.965720e-01 8.936000e-03 1.944920e-01
134 7.951480e-01 8.956000e-03 1.958960e-01
135 7.936000e-01 8.972000e-03 1.974280e-01
136 7.921040e-01 8.836000e-03 1.990600e-01
137 7.906400e-01 8.676000e-03 2.006840e-01
138 7.892960e-01 8.496000e-03 2.022080e-01
139 7.878920e-01 8.512000e-03 2.035960e-01
140 7.865000e-01 8.376000e-03 2.051240e-01
141 7.850720e-01 8.168000e-03 2.067600e-01
142 7.837480e-01 8.084000e-03 2.081680e-01
143 7.824080e-01 8.036000e-03 2.095560e-01
144 7.809160e-01 8.044000e-03 2.110400e-01
145 7.794440e-01 8.148000e-03 2.124080e-01
146 7.780200e-01 8.152000e-03 2.138280e-01
147 7.765400e-01 8.300000e-03 2.151600e-01
148 7.750440e-01 8.448000e-03 2.165080e-01
149 7.735440e-01 8.468000e-03 2.179880e-01
150 7.721040e-01 8.408000e-03 2.194880e-01
151 7.705960e-01 8.504000e-03 2.209000e-01
152 7.693200e-01 8.248000e-03 2.224320e-01
153 7.678920e-01 8.216000e-03 2.238920e-01
154 7.665760e-01 8.124000e-03 2.253000e-01
155 7.652360e-01 8.124000e-03 2.266400e-01
156 7.638440e-01 8.140000e-03 2.280160e-01
157 7.624440e-01 8.084000e-03 2.294720e-01
158 7.611640e-01 7.836000e-03 2.310000e-01
159 7.598560e-01 7.620000e-03 2.325240e-01
160 7.585520e-01 7.496000e-03 2.339520e-01
161 7.572720e-01 7.660000e-03 2.350680e-01
162 7.558800e-01 7.680000e-03 2.364400e-01
163 7.545520e-01 7.752000e-03 2.376960e-01
164 7.531640e-01 7.816000e-03 2.390200e-01
165 7.518560e-01 7.756000e-03 2.403880e-01
166 7.506440e-01 7.512000e-03 2.418440e-01
167 7.494240e-01 7.588000e-03 2.429880e-01
168 7.481720e-01 7.588000e-03 2.442400e-01
169 7.470000e-01 7.304000e-03 2.456960e-01
170 7.457160e-01 7.244000e-03 2.470400e-01
171 7.445680e-01 7.116000e-03 2.483160e-01
172 7.434720e-01 7.092000e-03 2.494360e-01
173 7.423920e-01 6.852000e-03 2.507560e-01
174 7.413760e-01 6.808000e-03 2.518160e-01
175 7.402240e-01 6.840000e-03 2.529360e-01
176 7.390320e-01 6.944000e-03 2.540240e-01
177 7.379320e-01 6.864000e-03 2.552040e-01
178 7.368160e-01 6.812000e-03 2.563720e-01
179 7.356480e-01 6.848000e-03 2.575040e-01
180 7.345720e-01 6.844000e-03 2.585840e-01
181 7.333400e-01 6.904000e-03 2.597560e-01
182 7.321640e-01 6.936000e-03 2.609000e-01
183 7.309320e-01 7.084000e-03 2.619840e-01
184 7.296120e-01 7.072000e-03 2.633160e-01
185 7.284760e-01 6.980000e-03 2.645440e-01
186 7.273520e-01 6.956000e-03 2.656920e-01
187 7.261920e-01 6.888000e-03 2.669200e-01
188 7.251800e-01 6.664000e-03 2.681560e-01
189 7.241400e-01 6.520000e-03 2.693400e-01
190 7.231640e-01 6.392000e-03 2.704440e-01
191 7.222880e-01 6.248000e-03 2.714640e-01
192 7.213680e-01 6.036000e-03 2.725960e-01
193 7.203960e-01 5.944000e-03 2.736600e-01
194 7.194760e-01 5.872000e-03 2.746520e-01
195 7.184120e-01 5.924000e-03 2.756640e-01
196 7.175120e-01 5.820000e-03 2.766680e-01
197 7.165840e-01 5.836000e-03 2.775800e-01
198 7.156720e-01 5.748000e-03 2.785800e-01
199 7.147160e-01 5.732000e-03 2.795520e-01
200 7.136520e-01 5.752000e-03 2.805960e-01
201 7.126760e-01 5.776000e-03 2.815480e-01
202 7.116000e-01 5.844000e-03 2.825560e-01
203 7.107040e-01 5.688000e-03 2.836080e-01
204 7.097640e-01 5.624000e-03 2.846120e-01
205 7.089240e-01 5.416000e-03 2.856600e-01
206 7.080840e-01 5.308000e-03 2.866080e-01
207 7.072680e-01 5.288000e-03 2.874440e-01
208 7.064560e-01 5.260000e-03 2.882840e-01
209 7.055520e-01 5.296000e-03 2.891520e-01
210 7.046360e-01 5.196000e-03 2.901680e-01
211 7.037560e-01 5.184000e-03 2.910600e-01
212 7.029640e-01 5.036000e-03 2.920000e-01
213 7.022480e-01 4.840000e-03 2.929120e-01
214 7.014880e-01 4.648000e-03 2.938640e-01
215 7.007800e-01 4.512000e-03 2.947080e-01
216 6.999520e-01 4.596000e-03 2.954520e-01
217 6.990960e-01 4.704000e-03 2.962000e-01
218 6.983520e-01 4.720000e-03 2.969280e-01
219 6.974600e-01 4.876000e-03 2.976640e-01
220 6.965920e-01 4.868000e-03 2.985400e-01
221 6.958520e-01 4.808000e-03 2.993400e-01
222 6.952040e-01 4.604000e-03 3.001920e-01
223 6.944280e-01 4.552000e-03 3.010200e-01
224 6.936720e-01 4.616000e-03 3.017120e-01
225 6.929240e-01 4.660000e-03 3.024160e-01
226 6.921080e-01 4.684000e-03 3.032080e-01
227 6.912480e-01 4.780000e-03 3.039720e-01
228 6.904520e-01 4.776000e-03 3.047720e-01
229 6.896000e-01 4.796000e-03 3.056040e-01
230 6.888280e-01 4.780000e-03 3.063920e-01
231 6.880080e-01 4.764000e-03 3.072280e-01
232 6.872560e-01 4.684000e-03 3.080600e-01
233 6.865200e-01 4.632000e-03 3.088480e-01
234 6.857280e-01 4.536000e-03 3.097360e-01
235 6.849120e-01 4.512000e-03 3.105760e-01
236 6.841480e-01 4.504000e-03 3.113480e-01
237 6.832440e-01 4.600000e-03 3.121560e-01
238 6.824440e-01 4.504000e-03 3.130520e-01
239 6.816680e-01 4.468000e-03 3.138640e-01
240 6.808440e-01 4.448000e-03 3.147080e-01
241 6.801280e-01 4.472000e-03 3.154000e-01
242 6.793600e-01 4.548000e-03 3.160920e-01
243 6.785560e-01 4.648000e-03 3.167960e-01
244 6.777480e-01 4.596000e-03 3.176560e-01
245 6.769120e-01 4.708000e-03 3.183800e-01
246 6.761080e-01 4.692000e-03 3.192000e-01
247 6.752920e-01 4.704000e-03 3.200040e-01
248 6.744440e-01 4.760000e-03 3.207960e-01
249 6.736080e-01 4.764000e-03 3.216280e-01
250 6.726920e-01 4.780000e-03 3.225280e-01
251 6.718280e-01 4.740000e-03 3.234320e-01
252 6.709760e-01 4.732000e-03 3.242920e-01
253 6.702000e-01 4.656000e-03 3.251440e-01
254 6.694040e-01 4.580000e-03 3.260160e-01
255 6.686560e-01 4.536000e-03 3.268080e-01
256 6.678880e-01 4.508000e-03 3.276040e-01
257 6.671040e-01 4.432000e-03 3.284640e-01
258 6.663080e-01 4.480000e-03 3.292120e-01
259 6.654280e-01 4.488000e-03 3.300840e-01
260 6.646080e-01 4.556000e-03 3.308360e-01
261 6.637720e-01 4.652000e-03 3.315760e-01
262 6.629480e-01 4.696000e-03 3.323560e-01
263 6.621600e-01 4.612000e-03 3.332280e-01
264 6.613680e-01 4.448000e-03 3.341840e-01
265 6.607040e-01 4.276000e-03 3.350200e-01
266 6.599840e-01 4.104000e-03 3.359120e-01
267 6.592800e-01 4.168000e-03 3.365520e-01
268 6.586320e-01 4.004000e-03 3.373640e-01
269 6.580000e-01 3.832000e-03 3.381680e-01
270 6.573760e-01 3.796000e-03 3.388280e-01
271 6.567400e-01 3.784000e-03 3.394760e-01
272 6.561080e-01 3.712000e-03 3.401800e-01
273 6.554280e-01 3.672000e-03 3.409000e-01
274 6.547800e-01 3.624000e-03 3.415960e-01
275 6.541400e-01 3.576000e-03 3.422840e-01
276 6.536000e-01 3.536000e-03 3.428640e-01
277 6.529520e-01 3.616000e-03 3.434320e-01
278 6.523880e-01 3.612000e-03 3.440000e-01
279 6.517920e-01 3.596000e-03 3.446120e-01
280 6.512040e-01 3.568000e-03 3.452280e-01
281 6.507640e-01 3.344000e-03 3.458920e-01
282 6.502000e-01 3.388000e-03 3.464120e-01
283 6.496320e-01 3.432000e-03 3.469360e-01
284 6.490880e-01 3.364000e-03 3.475480e-01
285 6.486280e-01 3.220000e-03 3.481520e-01
286 6.480920e-01 3.220000e-03 3.486880e-01
287 6.474840e-01 3.288000e-03 3.492280e-01
288 6.470280e-01 3.148000e-03 3.498240e-01
289 6.465040e-01 3.112000e-03 3.503840e-01
290 6.459640e-01 3.084000e-03 3.509520e-01
291 6.453440e-01 3.168000e-03 3.514880e-01
292 6.447720e-01 3.132000e-03 3.520960e-01
293 6.441960e-01 3.148000e-03 3.526560e-01
294 6.436520e-01 3.112000e-03 3.532360e-01
295 6.430720e-01 3.096000e-03 3.538320e-01
296 6.424320e-01 3.204000e-03 3.543640e-01
297 6.418120e-01 3.244000e-03 3.549440e-01
298 6.412160e-01 3.308000e-03 3.554760e-01
299 6.405960e-01 3.396000e-03 3.560080e-01
300 6.399240e-01 3.360000e-03 3.567160e-01
301 6.392680e-01 3.380000e-03 3.573520e-01
302 6.387120e-01 3.444000e-03 3.578440e-01
303 6.380040e-01 3.516000e-03 3.584800e-01
304 6.373680e-01 3.532000e-03 3.591000e-01
305 6.367480e-01 3.532000e-03 3.597200e-01
306 6.361520e-01 3.528000e-03 3.603200e-01
307 6.354880e-01 3.520000e-03 3.609920e-01
308 6.349000e-01 3.572000e-03 3.615280e-01
309 6.342640e-01 3.588000e-03 3.621480e-01
310 6.337680e-01 3.424000e-03 3.628080e-01
311 6.331040e-01 3.500000e-03 3.633960e-01
312 6.325360e-01 3.388000e-03 3.640760e-01
313 6.319720e-01 3.352000e-03 3.646760e-01
314 6.314240e-01 3.300000e-03 3.652760e-01
315 6.308120e-01 3.332000e-03 3.658560e-01
316 6.301800e-01 3.300000e-03 3.665200e-01
317 6.296840e-01 3.216000e-03 3.671000e-01
318 6.291720e-01 3.176000e-03 3.676520e-01
319 6.286040e-01 3.244000e-03 3.681520e-01
320 6.281280e-01 3.176000e-03 3.686960e-01
321 6.277400e-01 3.048000e-03 3.692120e-01
322 6.273280e-01 3.016000e-03 3.696560e-01
323 6.268320e-01 3.000000e-03 3.701680e-01
324 6.263760e-01 2.948000e-03 3.706760e-01
325 6.259720e-01 2.800000e-03 3.712280e-01
326 6.255240e-01 2.736000e-03 3.717400e-01
327 6.250840e-01 2.664000e-03 3.722520e-01
328 6.246480e-01 2.692000e-03 3.726600e-01
329 6.243240e-01 2.580000e-03 3.730960e-01
330 6.239280e-01 2.572000e-03 3.735000e-01
331 6.236320e-01 2.444000e-03 3.739240e-01
332 6.233160e-01 2.252000e-03 3.744320e-01
333 6.229720e-01 2.176000e-03 3.748520e-01
334 6.226800e-01 2.064000e-03 3.752560e-01
335 6.224000e-01 2.024000e-03 3.755760e-01
336 6.221840e-01 1.916000e-03 3.759000e-01
337 6.218680e-01 1.900000e-03 3.762320e-01
338 6.215960e-01 1.896000e-03 3.765080e-01
339 6.213360e-01 1.816000e-03 3.768480e-01
340 6.211440e-01 1.704000e-03 3.771520e-01
341 6.208960e-01 1.676000e-03 3.774280e-01
342 6.206760e-01 1.576000e-03 3.777480e-01
343 6.204440e-01 1.548000e-03 3.780080e-01
344 6.201440e-01 1.584000e-03 3.782720e-01
345 6.198640e-01 1.584000e-03 3.785520e-01
346 6.196000e-01 1.580000e-03 3.788200e-01
347 6.193640e-01 1.524000e-03 3.791120e-01
348 6.191560e-01 1.452000e-03 3.793920e-01
349 6.189440e-01 1.488000e-03 3.795680e-01
350 6.187120e-01 1.452000e-03 3.798360e-01
351 6.184760e-01 1.424000e-03 3.801000e-01
352 6.182560e-01 1.408000e-03 3.803360e-01
353 6.179760e-01 1.432000e-03 3.805920e-01
354 6.176840e-01 1.480000e-03 3.808360e-01
355 6.174160e-01 1.508000e-03 3.810760e-01
356 6.172000e-01 1.424000e-03 3.813760e-01
357 6.169720e-01 1.416000e-03 3.816120e-01
358 6.168120e-01 1.316000e-03 3.818720e-01
359 6.165360e-01 1.308000e-03 3.821560e-01
360 6.163080e-01 1.312000e-03 3.823800e-01
361 6.159720e-01 1.392000e-03 3.826360e-01
362 6.156760e-01 1.488000e-03 3.828360e-01
363 6.153760e-01 1.532000e-03 3.830920e-01
364 6.150920e-01 1.508000e-03 3.834000e-01
365 6.147760e-01 1.560000e-03 3.836640e-01
366 6.144000e-01 1.720000e-03 3.838800e-01
367 6.140600e-01 1.796000e-03 3.841440e-01
368 6.137160e-01 1.816000e-03 3.844680e-01
369 6.135200e-01 1.692000e-03 3.847880e-01
370 6.132280e-01 1.720000e-03 3.850520e-01
371 6.129560e-01 1.724000e-03 3.853200e-01
372 6.125640e-01 1.880000e-03 3.855560e-01
373 6.123360e-01 1.808000e-03 3.858560e-01
374 6.119960e-01 1.844000e-03 3.861600e-01
375 6.116800e-01 1.892000e-03 3.864280e-01
376 6.113720e-01 1.888000e-03 3.867400e-01
377 6.110320e-01 1.916000e-03 3.870520e-01
378 6.106840e-01 1.964000e-03 3.873520e-01
379 6.103880e-01 1.884000e-03 3.877280e-01
380 6.100880e-01 1.876000e-03 3.880360e-01
381 6.097800e-01 1.832000e-03 3.883880e-01
382 6.095440e-01 1.780000e-03 3.886760e-01
383 6.092840e-01 1.704000e-03 3.890120e-01
384 6.089280e-01 1.716000e-03 3.893560e-01
385 6.086320e-01 1.680000e-03 3.896880e-01
386 6.083200e-01 1.708000e-03 3.899720e-01
387 6.081240e-01 1.580000e-03 3.902960e-01
388 6.079240e-01 1.516000e-03 3.905600e-01
389 6.076680e-01 1.488000e-03 3.908440e-01
390 6.074400e-01 1.500000e-03 3.910600e-01
391 6.072000e-01 1.440000e-03 3.913600e-01
392 6.069640e-01 1.404000e-03 3.916320e-01
393 6.067600e-01 1.324000e-03 3.919160e-01
394 6.065480e-01 1.288000e-03 3.921640e-01
395 6.063600e-01 1.224000e-03 3.924160e-01
396 6.062040e-01 1.168000e-03 3.926280e-01
397 6.059880e-01 1.148000e-03 3.928640e-01
398 6.057400e-01 1.248000e-03 3.930120e-01
399 6.055040e-01 1.272000e-03 3.932240e-01
400 6.052960e-01 1.208000e-03 3.934960e-01
401 6.050200e-01 1.280000e-03 3.937000e-01
402 6.048320e-01 1.224000e-03 3.939440e-01
403 6.045920e-01 1.212000e-03 3.941960e-01
404 6.044600e-01 1.096000e-03 3.944440e-01
405 6.043160e-01 1.048000e-03 3.946360e-01
406 6.041280e-01 1.048000e-03 3.948240e-01
407 6.039640e-01 1.052000e-03 3.949840e-01
408 6.037760e-01 1.052000e-03 3.951720e-01
409 6.035520e-01 1.100000e-03 3.953480e-01
410 6.033560e-01 1.068000e-03 3.955760e-01
411 6.031920e-01 1.036000e-03 3.957720e-01
412 6.030120e-01 1.024000e-03 3.959640e-01
413 6.028720e-01 1.000000e-03 3.961280e-01
414 6.027520e-01 9.120000e-04 3.963360e-01
415 6.025880e-01 8.880000e-04 3.965240e-01
416 6.025080e-01 8.120000e-04 3.966800e-01
417 6.023680e-01 8.320000e-04 3.968000e-01
418 6.021960e-01 7.840000e-04 3.970200e-01
419 6.020240e-01 8.320000e-04 3.971440e-01
420 6.018880e-01 7.720000e-04 3.973400e-01
421 6.017160e-01 7.960000e-04 3.974880e-01
422 6.016000e-01 7.560000e-04 3.976440e-01
423 6.015040e-01 7.040000e-04 3.977920e-01
424 6.013680e-01 7.440000e-04 3.978880e-01
425 6.011920e-01 8.040000e-04 3.980040e-01
426 6.010520e-01 8.480000e-04 3.981000e-01
427 6.008720e-01 9.000000e-04 3.982280e-01
428 6.007320e-01 9.040000e-04 3.983640e-01
429 6.005880e-01 8.960000e-04 3.985160e-01
430 6.004600e-01 8.400000e-04 3.987000e-01
431 6.003200e-01 8.160000e-04 3.988640e-01
432 6.001840e-01 8.320000e-04 3.989840e-01
433 6.000640e-01 8.400000e-04 3.990960e-01
434 5.999280e-01 8.680000e-04 3.992040e-01
435 5.998000e-01 8.320000e-04 3.993680e-01
436 5.996400e-01 8.720000e-04 3.994880e-01
437 5.995120e-01 8.200000e-04 3.996680e-01
438 5.993680e-01 7.760000e-04 3.998560e-01
439 5.992560e-01 7.520000e-04 3.999920e-01
440 5.991480e-01 7.240000e-04 4.001280e-01
441 5.989920e-01 7.880000e-04 4.002200e-01
442 5.988320e-01 8.320000e-04 4.003360e-01
443 5.987040e-01 8.240000e-04 4.004720e-01
444 5.985720e-01 8.520000e-04 4.005760e-01
445 5.984520e-01 8.200000e-04 4.007280e-01
446 5.983280e-01 7.760000e-04 4.008960e-01
447 5.982200e-01 7.560000e-04 4.010240e-01
448 5.980680e-01 7.960000e-04 4.011360e-01
449 5.979600e-01 7.760000e-04 4.012640e-01
450 5.978200e-01 7.800000e-04 4.014000e-01
451 5.977080e-01 7.680000e-04 4.015240e-01
452 5.975360e-01 8.280000e-04 4.016360e-01
453 5.973920e-01 8.080000e-04 4.018000e-01
454 5.972160e-01 8.440000e-04 4.019400e-01
455 5.970400e-01 8.960000e-04 4.020640e-01
456 5.968840e-01 9.200000e-04 4.021960e-01
457 5.967400e-01 9.080000e-04 4.023520e-01
458 5.966000e-01 9.400000e-04 4.024600e-01
459 5.964760e-01 9.360000e-04 4.025880e-01
460 5.963240e-01 9.240000e-04 4.027520e-01
461 5.961960e-01 9.040000e-04 4.029000e-01
462 5.960680e-01 8.840000e-04 4.030480e-01
463 5.958680e-01 9.200000e-04 4.032120e-01
464 5.957280e-01 9.000000e-04 4.033720e-01
465 5.955560e-01 9.120000e-04 4.035320e-01
466 5.954320e-01 8.760000e-04 4.036920e-01
467 5.953000e-01 8.680000e-04 4.038320e-01
468 5.951200e-01 9.240000e-04 4.039560e-01
469 5.949760e-01 9.120000e-04 4.041120e-01
470 5.947480e-01 9.680000e-04 4.042840e-01
471 5.945720e-01 9.960000e-04 4.044320e-01
472 5.943880e-01 9.840000e-04 4.046280e-01
473 5.941600e-01 1.032000e-03 4.048080e-01
474 5.939360e-01 1.084000e-03 4.049800e-01
475 5.937520e-01 1.084000e-03 4.051640e-01
476 5.935600e-01 1.108000e-03 4.053320e-01
477 5.933720e-01 1.108000e-03 4.055200e-01
478 5.931920e-01 1.120000e-03 4.056880e-01
479 5.929960e-01 1.124000e-03 4.058800e-01
480 5.928360e-01 1.084000e-03 4.060800e-01
481 5.927080e-01 1.028000e-03 4.062640e-01
482 5.925600e-01 9.840000e-04 4.064560e-01
483 5.923840e-01 9.880000e-04 4.066280e-01
484 5.922800e-01 9.240000e-04 4.067960e-01
485 5.921960e-01 8.240000e-04 4.069800e-01
486 5.920800e-01 7.880000e-04 4.071320e-01
487 5.919800e-01 7.800000e-04 4.072400e-01
488 5.918560e-01 7.400000e-04 4.074040e-01
489 5.917400e-01 7.560000e-04 4.075040e-01
490 5.916120e-01 7.720000e-04 4.076160e-01
491 5.914840e-01 7.920000e-04 4.077240e-01
492 5.913240e-01 7.760000e-04 4.079000e-01
493 5.912160e-01 7.480000e-04 4.080360e-01
494 5.910680e-01 7.960000e-04 4.081360e-01
495 5.909720e-01 7.800000e-04 4.082480e-01
496 5.908280e-01 7.880000e-04 4.083840e-01
497 5.906960e-01 7.760000e-04 4.085280e-01
498 5.905920e-01 7.120000e-04 4.086960e-01
499 5.904840e-01 7.000000e-04 4.088160e-01
500 5.903880e-01 6.760000e-04 4.089360e-01
