1 9.991680e-01 7.240000e-04 1.080000e-04
2 9.985680e-01 1.176000e-03 2.560000e-04
3 9.978320e-01 1.660000e-03 5.080000e-04
4 9.969880e-01 2.180000e-03 8.320000e-04
5 9.961240e-01 2.520000e-03 1.356000e-03
6 9.952560e-01 2.884000e-03 1.860000e-03
7 9.943600e-01 3.216000e-03 2.424000e-03
8 9.933520e-01 3.656000e-03 2.992000e-03
9 9.922800e-01 4.084000e-03 3.636000e-03
10 9.913000e-01 4.360000e-03 4.340000e-03
11 9.901520e-01 4.696000e-03 5.152000e-03
12 9.889960e-01 5.008000e-03 5.996000e-03
13 9.877560e-01 5.344000e-03 6.900000e-03
14 9.866240e-01 5.596000e-03 7.780000e-03
15 9.853040e-01 5.996000e-03 8.700000e-03
16 9.839960e-01 6.212000e-03 9.792000e-03
17 9.825800e-01 6.432000e-03 1.098800e-02
18 9.811320e-01 6.700000e-03 1.216800e-02
19 9.796520e-01 6.848000e-03 1.350000e-02
20 9.780720e-01 7.328000e-03 1.460000e-02
21 9.766640e-01 7.484000e-03 1.585200e-02
22 9.750440e-01 7.736000e-03 1.722000e-02
23 9.736720e-01 7.848000e-03 1.848000e-02
24 9.720520e-01 8.100000e-03 1.984800e-02
25 9.703920e-01 8.460000e-03 2.114800e-02
26 9.687120e-01 8.636000e-03 2.265200e-02
27 9.671480e-01 8.772000e-03 2.408000e-02
28 9.655240e-01 8.860000e-03 2.561600e-02
29 9.638120e-01 8.996000e-03 2.719200e-02
30 9.620680e-01 9.140000e-03 2.879200e-02
31 9.604240e-01 9.144000e-03 3.043200e-02
32 9.587920e-01 9.180000e-03 3.202800e-02
33 9.571000e-01 9.308000e-03 3.359200e-02
34 9.554400e-01 9.272000e-03 3.528800e-02
35 9.537480e-01 9.368000e-03 3.688400e-02
36 9.519880e-01 9.452000e-03 3.856000e-02
37 9.503280e-01 9.456000e-03 4.021600e-02
38 9.486680e-01 9.376000e-03 4.195600e-02
39 9.470280e-01 9.340000e-03 4.363200e-02
40 9.455440e-01 9.236000e-03 4.522000e-02
41 9.439080e-01 9.256000e-03 4.683600e-02
42 9.423920e-01 9.192000e-03 4.841600e-02
43 9.408480e-01 9.088000e-03 5.006400e-02
44 9.392480e-01 9.088000e-03 5.166400e-02
45 9.375800e-01 9.120000e-03 5.330000e-02
46 9.357760e-01 9.336000e-03 5.488800e-02
47 9.341280e-01 9.408000e-03 5.646400e-02
48 9.325480e-01 9.204000e-03 5.824800e-02
49 9.308840e-01 9.324000e-03 5.979200e-02
50 9.292440e-01 9.172000e-03 6.158400e-02
51 9.277760e-01 8.996000e-03 6.322800e-02
52 9.263160e-01 8.960000e-03 6.472400e-02
53 9.248880e-01 8.856000e-03 6.625600e-02
54 9.235240e-01 8.688000e-03 6.778800e-02
55 9.221600e-01 8.660000e-03 6.918000e-02
56 9.206760e-01 8.428000e-03 7.089600e-02
57 9.191920e-01 8.444000e-03 7.236400e-02
58 9.176920e-01 8.464000e-03 7.384400e-02
59 9.160520e-01 8.676000e-03 7.527200e-02
60 9.145400e-01 8.648000e-03 7.681200e-02
61 9.129400e-01 8.640000e-03 7.842000e-02
62 9.114120e-01 8.612000e-03 7.997600e-02
63 9.098040e-01 8.808000e-03 8.138800e-02
64 9.083800e-01 8.920000e-03 8.270000e-02
65 9.068960e-01 8.892000e-03 8.421200e-02
66 9.054280e-01 8.892000e-03 8.568000e-02
67 9.040440e-01 8.748000e-03 8.720800e-02
68 9.024760e-01 8.728000e-03 8.879600e-02
69 9.011760e-01 8.604000e-03 9.022000e-02
70 8.996400e-01 8.640000e-03 9.172000e-02
71 8.980840e-01 8.592000e-03 9.332400e-02
72 8.966720e-01 8.472000e-03 9.485600e-02
73 8.950120e-01 8.688000e-03 9.630000e-02
74 8.932680e-01 9.080000e-03 9.765200e-02
75 8.916160e-01 9.088000e-03 9.929600e-02
76 8.899640e-01 9.064000e-03 1.009720e-01
77 8.883520e-01 9.100000e-03 1.025480e-01
78 8.866960e-01 9.084000e-03 1.042200e-01
79 8.851440e-01 9.052000e-03 1.058040e-01
80 8.835320e-01 9.100000e-03 1.073680e-01
81 8.818240e-01 9.168000e-03 1.090080e-01
82 8.800560e-01 9.492000e-03 1.104520e-01
83 8.783560e-01 9.580000e-03 1.120640e-01
84 8.766680e-01 9.564000e-03 1.137680e-01
85 8.749440e-01 9.572000e-03 1.154840e-01
86 8.732640e-01 9.680000e-03 1.170560e-01
87 8.716120e-01 9.596000e-03 1.187920e-01
88 8.700120e-01 9.580000e-03 1.204080e-01
89 8.684400e-01 9.488000e-03 1.220720e-01
90 8.669760e-01 9.328000e-03 1.236960e-01
91 8.652080e-01 9.540000e-03 1.252520e-01
92 8.635120e-01 9.560000e-03 1.269280e-01
93 8.620480e-01 9.352000e-03 1.286000e-01
94 8.604880e-01 9.296000e-03 1.302160e-01
95 8.588000e-01 9.344000e-03 1.318560e-01
96 8.572480e-01 9.304000e-03 1.334480e-01
97 8.556480e-01 9.220000e-03 1.351320e-01
98 8.541040e-01 9.196000e-03 1.367000e-01
99 8.523000e-01 9.380000e-03 1.383200e-01
100 8.508440e-01 9.408000e-03 1.397480e-01
101 8.491960e-01 9.444000e-03 1.413600e-01
102 8.476160e-01 9.208000e-03 1.431760e-01
103 8.459880e-01 9.208000e-03 1.448040e-01
104 8.445080e-01 9.144000e-03 1.463480e-01
105 8.429440e-01 9.228000e-03 1.478280e-01
106 8.412120e-01 9.416000e-03 1.493720e-01
107 8.395080e-01 9.460000e-03 1.510320e-01
108 8.379680e-01 9.328000e-03 1.527040e-01
109 8.363800e-01 9.340000e-03 1.542800e-01
110 8.346600e-01 9.364000e-03 1.559760e-01
111 8.330240e-01 9.284000e-03 1.576920e-01
112 8.314640e-01 9.224000e-03 1.593120e-01
113 8.298400e-01 9.276000e-03 1.608840e-01
114 8.282160e-01 9.260000e-03 1.625240e-01
115 8.265680e-01 9.292000e-03 1.641400e-01
116 8.249320e-01 9.284000e-03 1.657840e-01
117 8.234120e-01 9.228000e-03 1.673600e-01
118 8.219440e-01 9.160000e-03 1.688960e-01
119 8.202960e-01 9.232000e-03 1.704720e-01
120 8.185760e-01 9.304000e-03 1.721200e-01
121 8.171120e-01 9.152000e-03 1.737360e-01
122 8.154920e-01 9.236000e-03 1.752720e-01
123 8.139120e-01 9.196000e-03 1.768920e-01
124 8.122160e-01 9.416000e-03 1.783680e-01
125 8.104960e-01 9.572000e-03 1.799320e-01
126 8.088280e-01 9.604000e-03 1.815680e-01
127 8.072280e-01 9.500000e-03 1.832720e-01
128 8.055840e-01 9.436000e-03 1.849800e-01
129 8.039480e-01 9.388000e-03 1.866640e-01
130 8.025280e-01 9.264000e-03 1.882080e-01
131 8.009080e-01 9.376000e-03 1.897160e-01
132 7.994560e-01 9.324000e-03 1.912200e-01
133 7.978960e-01 9.228000e-03 1.928760e-01
134 7.964160e-01 9.188000e-03 1.943960e-01
135 7.949800e-01 8.960000e-03 1.960600e-01
136 7.934880e-01 8.948000e-03 1.975640e-01
137 7.919280e-01 8.868000e-03 1.992040e-01
138 7.904160e-01 8.712000e-03 2.008720e-01
139 7.889160e-01 8.724000e-03 2.023600e-01
140 7.875200e-01 8.572000e-03 2.039080e-01
141 7.861360e-01 8.504000e-03 2.053600e-01
142 7.847040e-01 8.420000e-03 2.068760e-01
143 7.832480e-01 8.412000e-03 2.083400e-01
144 7.816960e-01 8.452000e-03 2.098520e-01
145 7.803040e-01 8.364000e-03 2.113320e-01
146 7.787920e-01 8.360000e-03 2.128480e-01
147 7.774280e-01 8.116000e-03 2.144560e-01
148 7.759480e-01 8.248000e-03 2.158040e-01
149 7.746200e-01 8.128000e-03 2.172520e-01
150 7.732400e-01 8.112000e-03 2.186480e-01
151 7.719240e-01 7.952000e-03 2.201240e-01
152 7.705800e-01 7.840000e-03 2.215800e-01
153 7.691520e-01 7.944000e-03 2.229040e-01
154 7.677440e-01 8.020000e-03 2.242360e-01
155 7.662360e-01 8.196000e-03 2.255680e-01
156 7.648840e-01 8.136000e-03 2.269800e-01
157 7.635800e-01 8.048000e-03 2.283720e-01
158 7.623160e-01 7.872000e-03 2.298120e-01
159 7.609280e-01 8.008000e-03 2.310640e-01
160 7.597720e-01 7.744000e-03 2.324840e-01
161 7.583480e-01 7.864000e-03 2.337880e-01
162 7.568880e-01 7.844000e-03 2.352680e-01
163 7.554280e-01 8.008000e-03 2.365640e-01
164 7.539360e-01 8.108000e-03 2.379560e-01
165 7.525880e-01 7.880000e-03 2.395320e-01
166 7.511320e-01 7.976000e-03 2.408920e-01
167 7.497600e-01 7.888000e-03 2.423520e-01
168 7.482760e-01 7.928000e-03 2.437960e-01
169 7.468760e-01 7.864000e-03 2.452600e-01
170 7.456400e-01 7.684000e-03 2.466760e-01
171 7.442800e-01 7.636000e-03 2.480840e-01
172 7.430520e-01 7.536000e-03 2.494120e-01
173 7.417280e-01 7.560000e-03 2.507120e-01
174 7.404920e-01 7.472000e-03 2.520360e-01
175 7.392360e-01 7.420000e-03 2.533440e-01
176 7.379240e-01 7.468000e-03 2.546080e-01
177 7.367000e-01 7.368000e-03 2.559320e-01
178 7.355200e-01 7.228000e-03 2.572520e-01
179 7.344760e-01 7.020000e-03 2.585040e-01
180 7.332800e-01 6.984000e-03 2.597360e-01
181 7.320240e-01 7.028000e-03 2.609480e-01
182 7.308200e-01 6.972000e-03 2.622080e-01
183 7.296480e-01 6.940000e-03 2.634120e-01
184 7.285960e-01 6.736000e-03 2.646680e-01
185 7.275760e-01 6.500000e-03 2.659240e-01
186 7.264600e-01 6.536000e-03 2.670040e-01
187 7.253080e-01 6.600000e-03 2.680920e-01
188 7.240880e-01 6.628000e-03 2.692840e-01
189 7.229240e-01 6.664000e-03 2.704120e-01
190 7.219160e-01 6.500000e-03 2.715840e-01
191 7.208320e-01 6.440000e-03 2.727280e-01
192 7.197960e-01 6.336000e-03 2.738680e-01
193 7.186800e-01 6.368000e-03 2.749520e-01
194 7.176080e-01 6.324000e-03 2.760680e-01
195 7.164480e-01 6.376000e-03 2.771760e-01
196 7.153240e-01 6.468000e-03 2.782080e-01
197 7.141680e-01 6.396000e-03 2.794360e-01
198 7.129920e-01 6.388000e-03 2.806200e-01
199 7.119680e-01 6.324000e-03 2.817080e-01
200 7.109840e-01 6.116000e-03 2.829000e-01
201 7.098120e-01 6.268000e-03 2.839200e-01
202 7.088480e-01 6.108000e-03 2.850440e-01
203 7.079320e-01 5.988000e-03 2.860800e-01
204 7.069720e-01 5.964000e-03 2.870640e-01
205 7.060240e-01 5.880000e-03 2.880960e-01
206 7.051080e-01 5.800000e-03 2.890920e-01
207 7.042200e-01 5.640000e-03 2.901400e-01
208 7.033280e-01 5.516000e-03 2.911560e-01
209 7.024320e-01 5.420000e-03 2.921480e-01
210 7.015320e-01 5.348000e-03 2.931200e-01
211 7.005840e-01 5.252000e-03 2.941640e-01
212 6.997280e-01 5.120000e-03 2.951520e-01
213 6.990080e-01 4.992000e-03 2.960000e-01
214 6.981640e-01 4.900000e-03 2.969360e-01
215 6.974880e-01 4.712000e-03 2.978000e-01
216 6.966920e-01 4.680000e-03 2.986280e-01
217 6.957400e-01 4.824000e-03 2.994360e-01
218 6.948680e-01 4.796000e-03 3.003360e-01
219 6.940000e-01 4.812000e-03 3.011880e-01
220 6.931680e-01 4.804000e-03 3.020280e-01
221 6.923480e-01 4.852000e-03 3.028000e-01
222 6.914240e-01 4.940000e-03 3.036360e-01
223 6.905120e-01 4.936000e-03 3.045520e-01
224 6.897400e-01 4.828000e-03 3.054320e-01
225 6.888920e-01 4.820000e-03 3.062880e-01
226 6.881680e-01 4.780000e-03 3.070520e-01
227 6.873520e-01 4.732000e-03 3.079160e-01
228 6.865760e-01 4.648000e-03 3.087760e-01
229 6.858120e-01 4.516000e-03 3.096720e-01
230 6.849640e-01 4.480000e-03 3.105560e-01
231 6.841840e-01 4.440000e-03 3.113760e-01
232 6.834680e-01 4.404000e-03 3.121280e-01
233 6.827000e-01 4.400000e-03 3.129000e-01
234 6.818000e-01 4.528000e-03 3.136720e-01
235 6.810400e-01 4.516000e-03 3.144440e-01
236 6.803080e-01 4.376000e-03 3.153160e-01
237 6.796000e-01 4.320000e-03 3.160800e-01
238 6.786640e-01 4.528000e-03 3.168080e-01
239 6.778400e-01 4.488000e-03 3.176720e-01
240 6.770480e-01 4.476000e-03 3.184760e-01
241 6.762280e-01 4.476000e-03 3.192960e-01
242 6.755760e-01 4.372000e-03 3.200520e-01
243 6.748720e-01 4.320000e-03 3.208080e-01
244 6.740680e-01 4.404000e-03 3.215280e-01
245 6.734040e-01 4.312000e-03 3.222840e-01
246 6.727200e-01 4.204000e-03 3.230760e-01
247 6.721120e-01 4.124000e-03 3.237640e-01
248 6.715040e-01 3.960000e-03 3.245360e-01
249 6.708440e-01 3.896000e-03 3.252600e-01
250 6.702680e-01 3.824000e-03 3.259080e-01
251 6.696840e-01 3.652000e-03 3.266640e-01
252 6.692200e-01 3.604000e-03 3.271760e-01
253 6.687960e-01 3.448000e-03 3.277560e-01
254 6.682520e-01 3.372000e-03 3.283760e-01
255 6.676880e-01 3.380000e-03 3.289320e-01
256 6.671200e-01 3.308000e-03 3.295720e-01
257 6.666200e-01 3.200000e-03 3.301800e-01
258 6.660240e-01 3.196000e-03 3.307800e-01
259 6.655080e-01 3.144000e-03 3.313480e-01
260 6.649520e-01 3.208000e-03 3.318400e-01
261 6.645000e-01 3.128000e-03 3.323720e-01
262 6.639360e-01 3.212000e-03 3.328520e-01
263 6.633600e-01 3.212000e-03 3.334280e-01
264 6.627920e-01 3.216000e-03 3.339920e-01
265 6.622440e-01 3.232000e-03 3.345240e-01
266 6.617440e-01 3.156000e-03 3.351000e-01
267 6.612400e-01 3.112000e-03 3.356480e-01
268 6.606720e-01 3.188000e-03 3.361400e-01
269 6.601360e-01 3.136000e-03 3.367280e-01
270 6.595480e-01 3.208000e-03 3.372440e-01
271 6.590720e-01 3.092000e-03 3.378360e-01
272 6.585160e-01 3.068000e-03 3.384160e-01
273 6.580200e-01 3.020000e-03 3.389600e-01
274 6.575000e-01 3.032000e-03 3.394680e-01
275 6.569320e-01 3.036000e-03 3.400320e-01
276 6.562920e-01 3.156000e-03 3.405520e-01
277 6.558040e-01 3.088000e-03 3.411080e-01
278 6.553320e-01 3.048000e-03 3.416200e-01
279 6.548160e-01 2.984000e-03 3.422000e-01
280 6.543320e-01 3.044000e-03 3.426240e-01
281 6.538200e-01 3.032000e-03 3.431480e-01
282 6.533000e-01 3.028000e-03 3.436720e-01
283 6.528080e-01 2.980000e-03 3.442120e-01
284 6.522240e-01 3.080000e-03 3.446960e-01
285 6.516320e-01 3.072000e-03 3.452960e-01
286 6.511560e-01 3.064000e-03 3.457800e-01
287 6.505760e-01 3.152000e-03 3.462720e-01
288 6.500160e-01 3.176000e-03 3.468080e-01
289 6.495240e-01 3.048000e-03 3.474280e-01
290 6.489920e-01 3.064000e-03 3.479440e-01
291 6.485040e-01 2.960000e-03 3.485360e-01
292 6.480800e-01 2.920000e-03 3.490000e-01
293 6.476880e-01 2.808000e-03 3.495040e-01
294 6.472720e-01 2.752000e-03 3.499760e-01
295 6.467400e-01 2.844000e-03 3.504160e-01
296 6.463720e-01 2.704000e-03 3.509240e-01
297 6.458120e-01 2.848000e-03 3.513400e-01
298 6.452160e-01 2.868000e-03 3.519160e-01
299 6.448160e-01 2.716000e-03 3.524680e-01
300 6.444600e-01 2.584000e-03 3.529560e-01
301 6.439880e-01 2.580000e-03 3.534320e-01
302 6.435880e-01 2.564000e-03 3.538480e-01
303 6.431760e-01 2.596000e-03 3.542280e-01
304 6.427640e-01 2.596000e-03 3.546400e-01
305 6.423640e-01 2.540000e-03 3.550960e-01
306 6.418800e-01 2.568000e-03 3.555520e-01
307 6.414840e-01 2.516000e-03 3.560000e-01
308 6.410560e-01 2.508000e-03 3.564360e-01
309 6.406840e-01 2.472000e-03 3.568440e-01
310 6.403680e-01 2.328000e-03 3.573040e-01
311 6.399120e-01 2.296000e-03 3.577920e-01
312 6.395600e-01 2.232000e-03 3.582080e-01
313 6.391760e-01 2.212000e-03 3.586120e-01
314 6.387840e-01 2.204000e-03 3.590120e-01
315 6.384480e-01 2.128000e-03 3.594240e-01
316 6.381720e-01 2.060000e-03 3.597680e-01
317 6.378920e-01 2.012000e-03 3.600960e-01
318 6.375120e-01 2.076000e-03 3.604120e-01
319 6.372480e-01 1.968000e-03 3.607840e-01
320 6.369160e-01 1.936000e-03 3.611480e-01
321 6.365200e-01 1.972000e-03 3.615080e-01
322 6.361320e-01 2.040000e-03 3.618280e-01
323 6.358200e-01 1.996000e-03 3.621840e-01
324 6.354080e-01 2.032000e-03 3.625600e-01
325 6.351080e-01 1.968000e-03 3.629240e-01
326 6.347280e-01 1.956000e-03 3.633160e-01
327 6.343000e-01 2.044000e-03 3.636560e-01
328 6.339880e-01 1.992000e-03 3.640200e-01
329 6.336240e-01 2.012000e-03 3.643640e-01
330 6.332080e-01 2.060000e-03 3.647320e-01
331 6.327760e-01 2.132000e-03 3.650920e-01
332 6.323400e-01 2.132000e-03 3.655280e-01
333 6.320200e-01 2.108000e-03 3.658720e-01
334 6.316880e-01 2.100000e-03 3.662120e-01
335 6.312400e-01 2.076000e-03 3.666840e-01
336 6.308000e-01 2.120000e-03 3.670800e-01
337 6.304160e-01 2.172000e-03 3.674120e-01
338 6.299760e-01 2.220000e-03 3.678040e-01
339 6.295160e-01 2.268000e-03 3.682160e-01
340 6.291600e-01 2.204000e-03 3.686360e-01
341 6.287800e-01 2.188000e-03 3.690320e-01
342 6.284640e-01 2.108000e-03 3.694280e-01
343 6.282080e-01 1.984000e-03 3.698080e-01
344 6.279320e-01 1.912000e-03 3.701560e-01
345 6.275920e-01 1.976000e-03 3.704320e-01
346 6.272000e-01 2.012000e-03 3.707880e-01
347 6.268520e-01 2.008000e-03 3.711400e-01
348 6.265520e-01 1.964000e-03 3.714840e-01
349 6.262800e-01 1.936000e-03 3.717840e-01
350 6.258720e-01 1.944000e-03 3.721840e-01
351 6.255000e-01 2.040000e-03 3.724600e-01
352 6.251600e-01 2.064000e-03 3.727760e-01
353 6.247480e-01 2.164000e-03 3.730880e-01
354 6.244000e-01 2.152000e-03 3.734480e-01
355 6.241000e-01 2.068000e-03 3.738320e-01
356 6.237960e-01 2.048000e-03 3.741560e-01
357 6.234960e-01 1.996000e-03 3.745080e-01
358 6.231440e-01 2.024000e-03 3.748320e-01
359 6.227680e-01 2.064000e-03 3.751680e-01
360 6.224040e-01 2.076000e-03 3.755200e-01
361 6.220720e-01 2.052000e-03 3.758760e-01
362 6.217480e-01 1.980000e-03 3.762720e-01
363 6.214520e-01 1.948000e-03 3.766000e-01
364 6.211640e-01 1.896000e-03 3.769400e-01
365 6.208520e-01 1.844000e-03 3.773040e-01
366 6.205240e-01 1.820000e-03 3.776560e-01
367 6.202280e-01 1.816000e-03 3.779560e-01
368 6.198640e-01 1.852000e-03 3.782840e-01
369 6.194840e-01 1.952000e-03 3.785640e-01
370 6.191840e-01 1.928000e-03 3.788880e-01
371 6.188080e-01 1.976000e-03 3.792160e-01
372 6.184960e-01 1.968000e-03 3.795360e-01
373 6.182160e-01 1.872000e-03 3.799120e-01
374 6.178840e-01 1.916000e-03 3.802000e-01
375 6.175560e-01 1.948000e-03 3.804960e-01
376 6.173240e-01 1.880000e-03 3.807960e-01
377 6.170560e-01 1.856000e-03 3.810880e-01
378 6.168560e-01 1.740000e-03 3.814040e-01
379 6.166280e-01 1.648000e-03 3.817240e-01
380 6.164640e-01 1.536000e-03 3.820000e-01
381 6.162600e-01 1.508000e-03 3.822320e-01
382 6.159720e-01 1.564000e-03 3.824640e-01
383 6.157560e-01 1.572000e-03 3.826720e-01
384 6.155400e-01 1.512000e-03 3.829480e-01
385 6.152760e-01 1.560000e-03 3.831640e-01
386 6.150240e-01 1.576000e-03 3.834000e-01
387 6.147760e-01 1.572000e-03 3.836520e-01
388 6.144960e-01 1.584000e-03 3.839200e-01
389 6.142800e-01 1.532000e-03 3.841880e-01
390 6.140800e-01 1.444000e-03 3.844760e-01
391 6.138920e-01 1.344000e-03 3.847640e-01
392 6.136480e-01 1.368000e-03 3.849840e-01
393 6.134520e-01 1.316000e-03 3.852320e-01
394 6.132240e-01 1.332000e-03 3.854440e-01
395 6.129280e-01 1.364000e-03 3.857080e-01
396 6.126960e-01 1.380000e-03 3.859240e-01
397 6.124760e-01 1.372000e-03 3.861520e-01
398 6.121680e-01 1.412000e-03 3.864200e-01
399 6.119320e-01 1.400000e-03 3.866680e-01
400 6.117360e-01 1.348000e-03 3.869160e-01
401 6.115200e-01 1.304000e-03 3.871760e-01
402 6.113000e-01 1.320000e-03 3.873800e-01
403 6.111040e-01 1.240000e-03 3.876560e-01
404 6.108600e-01 1.236000e-03 3.879040e-01
405 6.105680e-01 1.260000e-03 3.881720e-01
406 6.103280e-01 1.312000e-03 3.883600e-01
407 6.101000e-01 1.268000e-03 3.886320e-01
408 6.099000e-01 1.208000e-03 3.888920e-01
409 6.096920e-01 1.200000e-03 3.891080e-01
410 6.094600e-01 1.196000e-03 3.893440e-01
411 6.091680e-01 1.312000e-03 3.895200e-01
412 6.089400e-01 1.284000e-03 3.897760e-01
413 6.087000e-01 1.252000e-03 3.900480e-01
414 6.084720e-01 1.264000e-03 3.902640e-01
415 6.082360e-01 1.260000e-03 3.905040e-01
416 6.080360e-01 1.164000e-03 3.908000e-01
417 6.078360e-01 1.172000e-03 3.909920e-01
418 6.077320e-01 1.068000e-03 3.912000e-01
419 6.075160e-01 1.092000e-03 3.913920e-01
420 6.073400e-01 1.132000e-03 3.915280e-01
421 6.071480e-01 1.116000e-03 3.917360e-01
422 6.069720e-01 1.108000e-03 3.919200e-01
423 6.067840e-01 1.108000e-03 3.921080e-01
424 6.065880e-01 1.112000e-03 3.923000e-01
425 6.063960e-01 1.100000e-03 3.925040e-01
426 6.062400e-01 1.108000e-03 3.926520e-01
427 6.059640e-01 1.192000e-03 3.928440e-01
428 6.057360e-01 1.200000e-03 3.930640e-01
429 6.055160e-01 1.240000e-03 3.932440e-01
430 6.052880e-01 1.292000e-03 3.934200e-01
431 6.050640e-01 1.284000e-03 3.936520e-01
432 6.048400e-01 1.288000e-03 3.938720e-01
433 6.046560e-01 1.276000e-03 3.940680e-01
434 6.044480e-01 1.304000e-03 3.942480e-01
435 6.042480e-01 1.296000e-03 3.944560e-01
436 6.040880e-01 1.232000e-03 3.946800e-01
437 6.038800e-01 1.252000e-03 3.948680e-01
438 6.036960e-01 1.220000e-03 3.950840e-01
439 6.035000e-01 1.188000e-03 3.953120e-01
440 6.033160e-01 1.180000e-03 3.955040e-01
441 6.031000e-01 1.148000e-03 3.957520e-01
442 6.028840e-01 1.192000e-03 3.959240e-01
443 6.027440e-01 1.144000e-03 3.961120e-01
444 6.025880e-01 1.072000e-03 3.963400e-01
445 6.024680e-01 9.840000e-04 3.965480e-01
446 6.022840e-01 1.000000e-03 3.967160e-01
447 6.021320e-01 9.720000e-04 3.968960e-01
448 6.019240e-01 1.004000e-03 3.970720e-01
449 6.017520e-01 9.920000e-04 3.972560e-01
450 6.016080e-01 9.560000e-04 3.974360e-01
451 6.014440e-01 9.600000e-04 3.975960e-01
452 6.012680e-01 9.680000e-04 3.977640e-01
453 6.011120e-01 9.720000e-04 3.979160e-01
454 6.009400e-01 9.560000e-04 3.981040e-01
455 6.007840e-01 9.280000e-04 3.982880e-01
456 6.006280e-01 9.000000e-04 3.984720e-01
457 6.004600e-01 9.360000e-04 3.986040e-01
458 6.003480e-01 9.080000e-04 3.987440e-01
459 6.002400e-01 8.800000e-04 3.988800e-01
460 6.001600e-01 7.600000e-04 3.990800e-01
461 6.000640e-01 7.400000e-04 3.991960e-01
462 5.999320e-01 7.440000e-04 3.993240e-01
463 5.998040e-01 7.240000e-04 3.994720e-01
464 5.997040e-01 6.840000e-04 3.996120e-01
465 5.995880e-01 6.920000e-04 3.997200e-01
466 5.994280e-01 7.200000e-04 3.998520e-01
467 5.992720e-01 7.160000e-04 4.000120e-01
468 5.991880e-01 6.960000e-04 4.001160e-01
469 5.990360e-01 7.440000e-04 4.002200e-01
470 5.989400e-01 6.960000e-04 4.003640e-01
471 5.988000e-01 7.040000e-04 4.004960e-01
472 5.986480e-01 7.440000e-04 4.006080e-01
473 5.984680e-01 8.240000e-04 4.007080e-01
474 5.982920e-01 8.560000e-04 4.008520e-01
475 5.981160e-01 8.960000e-04 4.009880e-01
476 5.980080e-01 8.840000e-04 4.011080e-01
477 5.978160e-01 9.440000e-04 4.012400e-01
478 5.976720e-01 8.920000e-04 4.014360e-01
479 5.974880e-01 9.560000e-04 4.015560e-01
480 5.973720e-01 9.040000e-04 4.017240e-01
481 5.972400e-01 8.840000e-04 4.018760e-01
482 5.971280e-01 8.480000e-04 4.020240e-01
483 5.969520e-01 8.800000e-04 4.021680e-01
484 5.968200e-01 8.920000e-04 4.022880e-01
485 5.966720e-01 8.640000e-04 4.024640e-01
486 5.965040e-01 8.880000e-04 4.026080e-01
487 5.963880e-01 8.480000e-04 4.027640e-01
488 5.962160e-01 8.280000e-04 4.029560e-01
489 5.960480e-01 8.520000e-04 4.031000e-01
490 5.958920e-01 8.600000e-04 4.032480e-01
491 5.957680e-01 8.320000e-04 4.034000e-01
492 5.955760e-01 8.920000e-04 4.035320e-01
493 5.953840e-01 9.480000e-04 4.036680e-01
494 5.952200e-01 9.600000e-04 4.038200e-01
495 5.950800e-01 9.440000e-04 4.039760e-01
496 5.949560e-01 9.160000e-04 4.041280e-01
497 5.948200e-01 9.160000e-04 4.042640e-01
498 5.946760e-01 9.040000e-04 4.044200e-01
499 5.945560e-01 8.760000e-04 4.045680e-01
500 5.944040e-01 8.720000e-04 4.047240e-01
