1 9.991480e-01 7.680000e-04 8.400000e-05
2 9.985920e-01 1.180000e-03 2.280000e-04
3 9.978680e-01 1.628000e-03 5.040000e-04
4 9.971600e-01 2.004000e-03 8.360000e-04
5 9.962920e-01 2.436000e-03 1.272000e-03
6 9.953360e-01 2.972000e-03 1.692000e-03
7 9.943400e-01 3.424000e-03 2.236000e-03
8 9.933160e-01 3.852000e-03 2.832000e-03
9 9.921120e-01 4.396000e-03 3.492000e-03
10 9.911520e-01 4.520000e-03 4.328000e-03
11 9.901200e-01 4.664000e-03 5.216000e-03
12 9.891240e-01 4.812000e-03 6.064000e-03
13 9.880840e-01 4.964000e-03 6.952000e-03
14 9.868440e-01 5.332000e-03 7.824000e-03
15 9.857000e-01 5.572000e-03 8.728000e-03
16 9.844280e-01 5.820000e-03 9.752000e-03
17 9.831000e-01 6.060000e-03 1.084000e-02
18 9.817720e-01 6.348000e-03 1.188000e-02
19 9.803880e-01 6.628000e-03 1.298400e-02
20 9.790920e-01 6.768000e-03 1.414000e-02
21 9.776400e-01 7.048000e-03 1.531200e-02
22 9.761600e-01 7.312000e-03 1.652800e-02
23 9.746160e-01 7.524000e-03 1.786000e-02
24 9.730320e-01 7.776000e-03 1.919200e-02
25 9.715840e-01 7.876000e-03 2.054000e-02
26 9.701320e-01 7.956000e-03 2.191200e-02
27 9.686880e-01 8.064000e-03 2.324800e-02
28 9.671760e-01 8.160000e-03 2.466400e-02
29 9.655120e-01 8.432000e-03 2.605600e-02
30 9.639960e-01 8.548000e-03 2.745600e-02
31 9.624840e-01 8.628000e-03 2.888800e-02
32 9.607720e-01 8.712000e-03 3.051600e-02
33 9.591880e-01 8.768000e-03 3.204400e-02
34 9.574800e-01 9.008000e-03 3.351200e-02
35 9.559440e-01 9.008000e-03 3.504800e-02
36 9.542400e-01 9.188000e-03 3.657200e-02
37 9.523200e-01 9.540000e-03 3.814000e-02
38 9.505400e-01 9.572000e-03 3.988800e-02
39 9.488840e-01 9.508000e-03 4.160800e-02
40 9.469880e-01 9.664000e-03 4.334800e-02
41 9.452200e-01 9.848000e-03 4.493200e-02
42 9.433440e-01 1.020000e-02 4.645600e-02
43 9.414640e-01 1.026800e-02 4.826800e-02
44 9.395360e-01 1.037200e-02 5.009200e-02
45 9.376880e-01 1.041200e-02 5.190000e-02
46 9.356680e-01 1.061600e-02 5.371600e-02
47 9.338480e-01 1.054000e-02 5.561200e-02
48 9.319640e-01 1.055600e-02 5.748000e-02
49 9.300320e-01 1.059600e-02 5.937200e-02
50 9.282080e-01 1.046400e-02 6.132800e-02
51 9.265080e-01 1.029600e-02 6.319600e-02
52 9.247680e-01 1.033200e-02 6.490000e-02
53 9.230120e-01 1.027600e-02 6.671200e-02
54 9.213000e-01 1.018400e-02 6.851600e-02
55 9.195160e-01 1.016400e-02 7.032000e-02
56 9.178240e-01 1.022800e-02 7.194800e-02
57 9.160520e-01 1.026000e-02 7.368800e-02
58 9.141360e-01 1.038400e-02 7.548000e-02
59 9.123280e-01 1.038800e-02 7.728400e-02
60 9.104120e-01 1.044800e-02 7.914000e-02
61 9.088480e-01 1.012400e-02 8.102800e-02
62 9.069200e-01 1.037200e-02 8.270800e-02
63 9.049840e-01 1.062400e-02 8.439200e-02
64 9.031840e-01 1.056000e-02 8.625600e-02
65 9.014280e-01 1.042400e-02 8.814800e-02
66 8.995200e-01 1.048400e-02 8.999600e-02
67 8.975960e-01 1.058000e-02 9.182400e-02
68 8.956400e-01 1.070400e-02 9.365600e-02
69 8.937240e-01 1.068400e-02 9.559200e-02
70 8.917640e-01 1.078800e-02 9.744800e-02
71 8.896800e-01 1.096800e-02 9.935200e-02
72 8.877640e-01 1.094000e-02 1.012960e-01
73 8.856440e-01 1.108000e-02 1.032760e-01
74 8.837760e-01 1.099600e-02 1.052280e-01
75 8.818240e-01 1.118400e-02 1.069920e-01
76 8.799280e-01 1.098000e-02 1.090920e-01
77 8.780040e-01 1.098000e-02 1.110160e-01
78 8.760600e-01 1.102800e-02 1.129120e-01
79 8.739520e-01 1.108800e-02 1.149600e-01
80 8.719720e-01 1.116000e-02 1.168680e-01
81 8.699520e-01 1.131600e-02 1.187320e-01
82 8.680160e-01 1.119600e-02 1.207880e-01
83 8.661440e-01 1.097600e-02 1.228800e-01
84 8.642240e-01 1.103600e-02 1.247400e-01
85 8.624360e-01 1.095200e-02 1.266120e-01
86 8.607200e-01 1.082400e-02 1.284560e-01
87 8.589480e-01 1.064800e-02 1.304040e-01
88 8.571400e-01 1.047200e-02 1.323880e-01
89 8.554880e-01 1.030000e-02 1.342120e-01
90 8.539000e-01 1.005600e-02 1.360440e-01
91 8.523040e-01 1.004400e-02 1.376520e-01
92 8.507040e-01 9.924000e-03 1.393720e-01
93 8.490760e-01 9.816000e-03 1.411080e-01
94 8.474800e-01 9.784000e-03 1.427360e-01
95 8.459120e-01 9.612000e-03 1.444760e-01
96 8.444920e-01 9.404000e-03 1.461040e-01
97 8.429320e-01 9.348000e-03 1.477200e-01
98 8.413160e-01 9.304000e-03 1.493800e-01
99 8.397680e-01 9.216000e-03 1.510160e-01
100 8.382240e-01 9.056000e-03 1.527200e-01
101 8.366040e-01 9.048000e-03 1.543480e-01
102 8.351440e-01 8.892000e-03 1.559640e-01
103 8.335280e-01 8.988000e-03 1.574840e-01
104 8.319200e-01 9.088000e-03 1.589920e-01
105 8.301520e-01 9.096000e-03 1.607520e-01
106 8.285800e-01 8.968000e-03 1.624520e-01
107 8.269400e-01 9.052000e-03 1.640080e-01
108 8.251760e-01 9.136000e-03 1.656880e-01
109 8.234640e-01 9.224000e-03 1.673120e-01
110 8.218440e-01 9.204000e-03 1.689520e-01
111 8.202320e-01 9.324000e-03 1.704440e-01
112 8.186160e-01 9.264000e-03 1.721200e-01
113 8.169640e-01 9.256000e-03 1.737800e-01
114 8.153520e-01 9.312000e-03 1.753360e-01
115 8.137800e-01 9.284000e-03 1.769360e-01
116 8.120840e-01 9.404000e-03 1.785120e-01
117 8.105800e-01 9.420000e-03 1.800000e-01
118 8.089840e-01 9.420000e-03 1.815960e-01
119 8.073880e-01 9.376000e-03 1.832360e-01
120 8.058080e-01 9.276000e-03 1.849160e-01
121 8.042360e-01 9.204000e-03 1.865600e-01
122 8.026840e-01 9.132000e-03 1.881840e-01
123 8.011960e-01 8.828000e-03 1.899760e-01
124 7.998120e-01 8.552000e-03 1.916360e-01
125 7.982840e-01 8.612000e-03 1.931040e-01
126 7.966880e-01 8.704000e-03 1.946080e-01
127 7.952680e-01 8.548000e-03 1.961840e-01
128 7.938200e-01 8.552000e-03 1.976280e-01
129 7.925440e-01 8.232000e-03 1.992240e-01
130 7.911120e-01 8.272000e-03 2.006160e-01
131 7.897240e-01 8.364000e-03 2.019120e-01
132 7.883520e-01 8.200000e-03 2.034480e-01
133 7.869920e-01 8.160000e-03 2.048480e-01
134 7.855760e-01 8.192000e-03 2.062320e-01
135 7.841440e-01 8.276000e-03 2.075800e-01
136 7.826280e-01 8.368000e-03 2.090040e-01
137 7.811120e-01 8.384000e-03 2.105040e-01
138 7.795240e-01 8.536000e-03 2.119400e-01
139 7.780200e-01 8.484000e-03 2.134960e-01
140 7.765360e-01 8.488000e-03 2.149760e-01
141 7.750400e-01 8.388000e-03 2.165720e-01
142 7.733640e-01 8.524000e-03 2.181120e-01
143 7.719400e-01 8.528000e-03 2.195320e-01
144 7.703600e-01 8.596000e-03 2.210440e-01
145 7.688200e-01 8.544000e-03 2.226360e-01
146 7.674000e-01 8.480000e-03 2.241200e-01
147 7.659840e-01 8.484000e-03 2.255320e-01
148 7.645760e-01 8.352000e-03 2.270720e-01
149 7.631720e-01 8.224000e-03 2.286040e-01
150 7.618680e-01 8.172000e-03 2.299600e-01
151 7.604400e-01 8.072000e-03 2.314880e-01
152 7.588920e-01 8.164000e-03 2.329440e-01
153 7.574760e-01 8.084000e-03 2.344400e-01
154 7.560960e-01 8.044000e-03 2.358600e-01
155 7.548240e-01 7.968000e-03 2.372080e-01
156 7.536200e-01 7.796000e-03 2.385840e-01
157 7.524280e-01 7.664000e-03 2.399080e-01
158 7.509840e-01 7.740000e-03 2.412760e-01
159 7.495720e-01 7.820000e-03 2.426080e-01
160 7.483200e-01 7.728000e-03 2.439520e-01
161 7.468760e-01 7.816000e-03 2.453080e-01
162 7.455280e-01 7.772000e-03 2.467000e-01
163 7.441280e-01 7.880000e-03 2.479920e-01
164 7.426000e-01 7.980000e-03 2.494200e-01
165 7.413040e-01 7.952000e-03 2.507440e-01
166 7.399880e-01 7.836000e-03 2.521760e-01
167 7.385160e-01 7.864000e-03 2.536200e-01
168 7.371640e-01 7.884000e-03 2.549520e-01
169 7.358640e-01 7.712000e-03 2.564240e-01
170 7.345080e-01 7.828000e-03 2.576640e-01
171 7.332120e-01 7.684000e-03 2.591040e-01
172 7.320600e-01 7.576000e-03 2.603640e-01
173 7.306680e-01 7.608000e-03 2.617240e-01
174 7.294480e-01 7.564000e-03 2.629880e-01
175 7.281760e-01 7.576000e-03 2.642480e-01
176 7.269960e-01 7.332000e-03 2.656720e-01
177 7.258840e-01 7.096000e-03 2.670200e-01
178 7.246560e-01 7.100000e-03 2.682440e-01
179 7.235200e-01 6.980000e-03 2.695000e-01
180 7.223120e-01 6.884000e-03 2.708040e-01
181 7.210920e-01 6.936000e-03 2.719720e-01
182 7.198920e-01 7.000000e-03 2.731080e-01
183 7.187400e-01 6.864000e-03 2.743960e-01
184 7.175800e-01 6.892000e-03 2.755280e-01
185 7.163400e-01 6.980000e-03 2.766800e-01
186 7.151160e-01 6.860000e-03 2.780240e-01
187 7.140200e-01 6.624000e-03 2.793560e-01
188 7.129760e-01 6.544000e-03 2.804800e-01
189 7.119920e-01 6.396000e-03 2.816120e-01
190 7.109760e-01 6.288000e-03 2.827360e-01
191 7.100200e-01 6.212000e-03 2.837680e-01
192 7.090440e-01 6.080000e-03 2.848760e-01
193 7.081000e-01 5.984000e-03 2.859160e-01
194 7.071640e-01 5.872000e-03 2.869640e-01
195 7.063440e-01 5.672000e-03 2.879840e-01
196 7.054680e-01 5.476000e-03 2.890560e-01
197 7.045600e-01 5.396000e-03 2.900440e-01
198 7.036120e-01 5.440000e-03 2.909480e-01
199 7.027400e-01 5.320000e-03 2.919400e-01
200 7.017960e-01 5.440000e-03 2.927640e-01
201 7.009440e-01 5.240000e-03 2.938160e-01
202 7.000120e-01 5.240000e-03 2.947480e-01
203 6.991280e-01 5.176000e-03 2.956960e-01
204 6.981480e-01 5.264000e-03 2.965880e-01
205 6.972040e-01 5.304000e-03 2.974920e-01
206 6.962960e-01 5.308000e-03 2.983960e-01
207 6.954440e-01 5.324000e-03 2.992320e-01
208 6.945680e-01 5.388000e-03 3.000440e-01
209 6.937560e-01 5.336000e-03 3.009080e-01
210 6.928720e-01 5.288000e-03 3.018400e-01
211 6.920280e-01 5.216000e-03 3.027560e-01
212 6.912480e-01 5.056000e-03 3.036960e-01
213 6.904520e-01 4.988000e-03 3.045600e-01
214 6.895840e-01 4.968000e-03 3.054480e-01
215 6.888040e-01 4.948000e-03 3.062480e-01
216 6.878600e-01 4.936000e-03 3.072040e-01
217 6.869400e-01 4.928000e-03 3.081320e-01
218 6.860600e-01 4.968000e-03 3.089720e-01
219 6.851800e-01 4.992000e-03 3.098280e-01
220 6.843320e-01 5.048000e-03 3.106200e-01
221 6.834960e-01 4.960000e-03 3.115440e-01
222 6.827240e-01 4.860000e-03 3.124160e-01
223 6.818000e-01 4.828000e-03 3.133720e-01
224 6.810040e-01 4.788000e-03 3.142080e-01
225 6.802280e-01 4.772000e-03 3.150000e-01
226 6.793160e-01 4.752000e-03 3.159320e-01
227 6.785840e-01 4.664000e-03 3.167520e-01
228 6.779120e-01 4.528000e-03 3.175600e-01
229 6.771880e-01 4.388000e-03 3.184240e-01
230 6.763200e-01 4.500000e-03 3.191800e-01
231 6.755120e-01 4.464000e-03 3.200240e-01
232 6.746440e-01 4.548000e-03 3.208080e-01
233 6.737960e-01 4.608000e-03 3.215960e-01
234 6.730760e-01 4.496000e-03 3.224280e-01
235 6.724000e-01 4.440000e-03 3.231600e-01
236 6.715520e-01 4.544000e-03 3.239040e-01
237 6.708320e-01 4.500000e-03 3.246680e-01
238 6.700400e-01 4.544000e-03 3.254160e-01
239 6.692920e-01 4.428000e-03 3.262800e-01
240 6.685880e-01 4.300000e-03 3.271120e-01
241 6.679280e-01 4.240000e-03 3.278320e-01
242 6.673160e-01 4.184000e-03 3.285000e-01
243 6.666640e-01 4.200000e-03 3.291360e-01
244 6.658560e-01 4.260000e-03 3.298840e-01
245 6.651080e-01 4.272000e-03 3.306200e-01
246 6.642920e-01 4.344000e-03 3.313640e-01
247 6.636000e-01 4.332000e-03 3.320680e-01
248 6.628400e-01 4.300000e-03 3.328600e-01
249 6.620680e-01 4.316000e-03 3.336160e-01
250 6.613360e-01 4.308000e-03 3.343560e-01
251 6.606720e-01 4.184000e-03 3.351440e-01
252 6.600520e-01 4.052000e-03 3.358960e-01
253 6.592680e-01 4.092000e-03 3.366400e-01
254 6.585760e-01 4.028000e-03 3.373960e-01
255 6.578520e-01 4.004000e-03 3.381440e-01
256 6.572560e-01 3.844000e-03 3.389000e-01
257 6.566240e-01 3.840000e-03 3.395360e-01
258 6.560440e-01 3.804000e-03 3.401520e-01
259 6.554240e-01 3.808000e-03 3.407680e-01
260 6.547040e-01 3.820000e-03 3.414760e-01
261 6.541600e-01 3.696000e-03 3.421440e-01
262 6.534760e-01 3.716000e-03 3.428080e-01
263 6.528000e-01 3.708000e-03 3.434920e-01
264 6.522080e-01 3.688000e-03 3.441040e-01
265 6.515760e-01 3.628000e-03 3.447960e-01
266 6.510240e-01 3.560000e-03 3.454160e-01
267 6.503960e-01 3.556000e-03 3.460480e-01
268 6.497720e-01 3.580000e-03 3.466480e-01
269 6.491960e-01 3.496000e-03 3.473080e-01
270 6.485920e-01 3.528000e-03 3.478800e-01
271 6.480120e-01 3.520000e-03 3.484680e-01
272 6.473480e-01 3.584000e-03 3.490680e-01
273 6.467480e-01 3.536000e-03 3.497160e-01
274 6.459680e-01 3.624000e-03 3.504080e-01
275 6.452240e-01 3.716000e-03 3.510600e-01
276 6.445920e-01 3.640000e-03 3.517680e-01
277 6.439720e-01 3.636000e-03 3.523920e-01
278 6.433320e-01 3.616000e-03 3.530520e-01
279 6.426840e-01 3.708000e-03 3.536080e-01
280 6.420120e-01 3.752000e-03 3.542360e-01
281 6.413800e-01 3.708000e-03 3.549120e-01
282 6.407440e-01 3.748000e-03 3.555080e-01
283 6.400400e-01 3.720000e-03 3.562400e-01
284 6.393080e-01 3.780000e-03 3.569120e-01
285 6.386120e-01 3.796000e-03 3.575920e-01
286 6.379800e-01 3.748000e-03 3.582720e-01
287 6.373680e-01 3.664000e-03 3.589680e-01
288 6.368240e-01 3.560000e-03 3.596160e-01
289 6.361600e-01 3.620000e-03 3.602200e-01
290 6.356200e-01 3.564000e-03 3.608160e-01
291 6.350200e-01 3.608000e-03 3.613720e-01
292 6.344120e-01 3.584000e-03 3.620040e-01
293 6.337160e-01 3.656000e-03 3.626280e-01
294 6.330880e-01 3.716000e-03 3.631960e-01
295 6.325080e-01 3.744000e-03 3.637480e-01
296 6.319600e-01 3.596000e-03 3.644440e-01
297 6.314400e-01 3.480000e-03 3.650800e-01
298 6.308280e-01 3.508000e-03 3.656640e-01
299 6.302240e-01 3.556000e-03 3.662200e-01
300 6.296560e-01 3.484000e-03 3.668600e-01
301 6.290800e-01 3.412000e-03 3.675080e-01
302 6.285360e-01 3.408000e-03 3.680560e-01
303 6.280400e-01 3.260000e-03 3.687000e-01
304 6.275600e-01 3.160000e-03 3.692800e-01
305 6.270400e-01 3.136000e-03 3.698240e-01
306 6.264720e-01 3.140000e-03 3.703880e-01
307 6.259480e-01 3.104000e-03 3.709480e-01
308 6.254800e-01 3.016000e-03 3.715040e-01
309 6.250080e-01 2.940000e-03 3.720520e-01
310 6.245440e-01 2.816000e-03 3.726400e-01
311 6.241360e-01 2.788000e-03 3.730760e-01
312 6.237240e-01 2.664000e-03 3.736120e-01
313 6.233440e-01 2.604000e-03 3.740520e-01
314 6.228320e-01 2.704000e-03 3.744640e-01
315 6.224480e-01 2.644000e-03 3.749080e-01
316 6.220000e-01 2.572000e-03 3.754280e-01
317 6.216320e-01 2.436000e-03 3.759320e-01
318 6.213320e-01 2.264000e-03 3.764040e-01
319 6.210680e-01 2.164000e-03 3.767680e-01
320 6.207240e-01 2.112000e-03 3.771640e-01
321 6.203400e-01 2.128000e-03 3.775320e-01
322 6.199840e-01 2.128000e-03 3.778880e-01
323 6.196880e-01 2.064000e-03 3.782480e-01
324 6.193440e-01 2.072000e-03 3.785840e-01
325 6.190080e-01 2.108000e-03 3.788840e-01
326 6.187040e-01 2.096000e-03 3.792000e-01
327 6.182480e-01 2.164000e-03 3.795880e-01
328 6.179360e-01 2.128000e-03 3.799360e-01
329 6.175680e-01 2.104000e-03 3.803280e-01
330 6.173240e-01 1.940000e-03 3.807360e-01
331 6.170000e-01 1.944000e-03 3.810560e-01
332 6.166880e-01 1.880000e-03 3.814320e-01
333 6.163960e-01 1.820000e-03 3.817840e-01
334 6.161000e-01 1.784000e-03 3.821160e-01
335 6.157480e-01 1.844000e-03 3.824080e-01
336 6.154400e-01 1.876000e-03 3.826840e-01
337 6.151480e-01 1.860000e-03 3.829920e-01
338 6.147920e-01 1.892000e-03 3.833160e-01
339 6.145040e-01 1.876000e-03 3.836200e-01
340 6.141800e-01 1.912000e-03 3.839080e-01
341 6.138560e-01 1.948000e-03 3.841960e-01
342 6.135120e-01 1.932000e-03 3.845560e-01
343 6.131640e-01 1.908000e-03 3.849280e-01
344 6.128480e-01 1.856000e-03 3.852960e-01
345 6.124480e-01 1.896000e-03 3.856560e-01
346 6.121200e-01 1.924000e-03 3.859560e-01
347 6.117880e-01 1.924000e-03 3.862880e-01
348 6.113840e-01 2.020000e-03 3.865960e-01
349 6.110120e-01 2.020000e-03 3.869680e-01
350 6.106600e-01 2.024000e-03 3.873160e-01
351 6.103000e-01 2.028000e-03 3.876720e-01
352 6.100000e-01 2.032000e-03 3.879680e-01
353 6.097480e-01 1.932000e-03 3.883200e-01
354 6.094680e-01 1.888000e-03 3.886440e-01
355 6.091840e-01 1.828000e-03 3.889880e-01
356 6.089640e-01 1.780000e-03 3.892560e-01
357 6.086080e-01 1.776000e-03 3.896160e-01
358 6.083400e-01 1.768000e-03 3.898920e-01
359 6.080720e-01 1.740000e-03 3.901880e-01
360 6.077880e-01 1.752000e-03 3.904600e-01
361 6.074040e-01 1.788000e-03 3.908080e-01
362 6.071000e-01 1.760000e-03 3.911400e-01
363 6.068760e-01 1.696000e-03 3.914280e-01
364 6.066240e-01 1.652000e-03 3.917240e-01
365 6.063800e-01 1.616000e-03 3.920040e-01
366 6.061040e-01 1.600000e-03 3.922960e-01
367 6.058760e-01 1.568000e-03 3.925560e-01
368 6.056240e-01 1.512000e-03 3.928640e-01
369 6.054240e-01 1.500000e-03 3.930760e-01
370 6.051200e-01 1.560000e-03 3.933200e-01
371 6.048400e-01 1.576000e-03 3.935840e-01
372 6.045920e-01 1.568000e-03 3.938400e-01
373 6.043360e-01 1.544000e-03 3.941200e-01
374 6.041040e-01 1.508000e-03 3.943880e-01
375 6.038840e-01 1.444000e-03 3.946720e-01
376 6.037080e-01 1.388000e-03 3.949040e-01
377 6.035160e-01 1.336000e-03 3.951480e-01
378 6.033040e-01 1.308000e-03 3.953880e-01
379 6.031080e-01 1.240000e-03 3.956520e-01
380 6.029320e-01 1.188000e-03 3.958800e-01
381 6.027880e-01 1.068000e-03 3.961440e-01
382 6.025880e-01 1.084000e-03 3.963280e-01
383 6.024280e-01 1.032000e-03 3.965400e-01
384 6.022320e-01 1.036000e-03 3.967320e-01
385 6.020880e-01 1.008000e-03 3.969040e-01
386 6.019440e-01 9.720000e-04 3.970840e-01
387 6.018000e-01 9.520000e-04 3.972480e-01
388 6.016720e-01 9.400000e-04 3.973880e-01
389 6.015360e-01 9.160000e-04 3.975480e-01
390 6.014280e-01 8.720000e-04 3.977000e-01
391 6.012800e-01 8.800000e-04 3.978400e-01
392 6.011240e-01 8.920000e-04 3.979840e-01
393 6.009840e-01 8.960000e-04 3.981200e-01
394 6.008400e-01 8.840000e-04 3.982760e-01
395 6.007120e-01 8.680000e-04 3.984200e-01
396 6.005800e-01 8.120000e-04 3.986080e-01
397 6.004360e-01 8.600000e-04 3.987040e-01
398 6.002480e-01 9.360000e-04 3.988160e-01
399 6.000960e-01 9.280000e-04 3.989760e-01
400 5.999680e-01 9.280000e-04 3.991040e-01
401 5.997880e-01 9.480000e-04 3.992640e-01
402 5.996920e-01 9.080000e-04 3.994000e-01
403 5.996040e-01 8.440000e-04 3.995520e-01
404 5.994800e-01 8.440000e-04 3.996760e-01
405 5.993160e-01 8.840000e-04 3.998000e-01
406 5.991920e-01 8.480000e-04 3.999600e-01
407 5.990480e-01 8.680000e-04 4.000840e-01
408 5.989200e-01 8.640000e-04 4.002160e-01
409 5.987000e-01 9.480000e-04 4.003520e-01
410 5.985360e-01 9.480000e-04 4.005160e-01
411 5.984040e-01 9.120000e-04 4.006840e-01
412 5.982080e-01 8.640000e-04 4.009280e-01
413 5.980840e-01 8.400000e-04 4.010760e-01
414 5.979200e-01 8.800000e-04 4.012000e-01
415 5.977840e-01 8.560000e-04 4.013600e-01
416 5.975880e-01 8.920000e-04 4.015200e-01
417 5.974800e-01 8.520000e-04 4.016680e-01
418 5.974000e-01 8.000000e-04 4.018000e-01
419 5.972400e-01 7.840000e-04 4.019760e-01
420 5.970880e-01 7.600000e-04 4.021520e-01
421 5.970000e-01 7.160000e-04 4.022840e-01
422 5.968520e-01 7.640000e-04 4.023840e-01
423 5.966960e-01 7.800000e-04 4.025240e-01
424 5.966000e-01 7.280000e-04 4.026720e-01
425 5.965120e-01 7.160000e-04 4.027720e-01
426 5.963800e-01 7.600000e-04 4.028600e-01
427 5.962160e-01 8.120000e-04 4.029720e-01
428 5.960400e-01 8.440000e-04 4.031160e-01
429 5.958800e-01 8.360000e-04 4.032840e-01
430 5.957360e-01 8.360000e-04 4.034280e-01
431 5.955840e-01 8.440000e-04 4.035720e-01
432 5.954320e-01 8.400000e-04 4.037280e-01
433 5.953200e-01 8.000000e-04 4.038800e-01
434 5.952160e-01 7.960000e-04 4.039880e-01
435 5.950600e-01 8.080000e-04 4.041320e-01
436 5.949440e-01 8.160000e-04 4.042400e-01
437 5.947760e-01 8.560000e-04 4.043680e-01
438 5.945880e-01 9.240000e-04 4.044880e-01
439 5.944600e-01 8.520000e-04 4.046880e-01
440 5.943560e-01 7.920000e-04 4.048520e-01
441 5.942760e-01 7.320000e-04 4.049920e-01
442 5.941800e-01 7.280000e-04 4.050920e-01
443 5.940680e-01 7.440000e-04 4.051880e-01
444 5.939920e-01 7.040000e-04 4.053040e-01
445 5.938760e-01 6.960000e-04 4.054280e-01
446 5.937960e-01 6.880000e-04 4.055160e-01
447 5.937200e-01 6.400000e-04 4.056400e-01
448 5.936200e-01 6.080000e-04 4.057720e-01
449 5.935160e-01 6.120000e-04 4.058720e-01
450 5.934240e-01 6.040000e-04 4.059720e-01
451 5.933280e-01 5.560000e-04 4.061160e-01
452 5.931560e-01 6.040000e-04 4.062400e-01
453 5.929560e-01 7.000000e-04 4.063440e-01
454 5.928480e-01 6.840000e-04 4.064680e-01
455 5.926760e-01 7.320000e-04 4.065920e-01
456 5.925280e-01 7.440000e-04 4.067280e-01
457 5.923880e-01 7.560000e-04 4.068560e-01
458 5.922360e-01 7.680000e-04 4.069960e-01
459 5.920160e-01 8.720000e-04 4.071120e-01
460 5.918200e-01 9.480000e-04 4.072320e-01
461 5.916560e-01 1.000000e-03 4.073440e-01
462 5.914320e-01 1.024000e-03 4.075440e-01
463 5.912360e-01 1.024000e-03 4.077400e-01
464 5.910080e-01 1.076000e-03 4.079160e-01
465 5.907880e-01 1.128000e-03 4.080840e-01
466 5.905880e-01 1.156000e-03 4.082560e-01
467 5.904320e-01 1.100000e-03 4.084680e-01
468 5.902600e-01 1.076000e-03 4.086640e-01
469 5.901160e-01 1.028000e-03 4.088560e-01
470 5.899960e-01 9.600000e-04 4.090440e-01
471 5.898040e-01 1.000000e-03 4.091960e-01
472 5.896600e-01 9.760000e-04 4.093640e-01
473 5.894440e-01 1.060000e-03 4.094960e-01
474 5.892600e-01 1.084000e-03 4.096560e-01
475 5.890800e-01 1.048000e-03 4.098720e-01
476 5.889080e-01 1.048000e-03 4.100440e-01
477 5.887760e-01 1.036000e-03 4.101880e-01
478 5.885960e-01 1.000000e-03 4.104040e-01
479 5.884760e-01 9.680000e-04 4.105560e-01
480 5.883600e-01 9.000000e-04 4.107400e-01
481 5.882000e-01 9.080000e-04 4.108920e-01
482 5.880080e-01 9.000000e-04 4.110920e-01
483 5.877800e-01 9.800000e-04 4.112400e-01
484 5.876160e-01 9.760000e-04 4.114080e-01
485 5.874320e-01 1.028000e-03 4.115400e-01
486 5.872760e-01 9.720000e-04 4.117520e-01
487 5.870800e-01 1.004000e-03 4.119160e-01
488 5.868360e-01 1.088000e-03 4.120760e-01
489 5.866000e-01 1.144000e-03 4.122560e-01
490 5.864200e-01 1.108000e-03 4.124720e-01
491 5.862760e-01 1.036000e-03 4.126880e-01
492 5.860600e-01 1.116000e-03 4.128240e-01
493 5.858960e-01 1.084000e-03 4.130200e-01
494 5.856760e-01 1.120000e-03 4.132040e-01
495 5.854880e-01 1.096000e-03 4.134160e-01
496 5.853360e-01 1.064000e-03 4.136000e-01
497 5.852160e-01 1.004000e-03 4.137800e-01
498 5.850520e-01 9.600000e-04 4.139880e-01
499 5.848520e-01 1.020000e-03 4.141280e-01
500 5.847000e-01 1.000000e-03 4.143000e-01
