1 9.992480e-01 6.520000e-04 1.000000e-04
2 9.987320e-01 1.016000e-03 2.520000e-04
3 9.980880e-01 1.456000e-03 4.560000e-04
4 9.973280e-01 1.844000e-03 8.280000e-04
5 9.965560e-01 2.288000e-03 1.156000e-03
6 9.957880e-01 2.600000e-03 1.612000e-03
7 9.950960e-01 2.804000e-03 2.100000e-03
8 9.943160e-01 3.012000e-03 2.672000e-03
9 9.934800e-01 3.344000e-03 3.176000e-03
10 9.926400e-01 3.564000e-03 3.796000e-03
11 9.917400e-01 3.768000e-03 4.492000e-03
12 9.907760e-01 4.024000e-03 5.200000e-03
13 9.898640e-01 4.216000e-03 5.920000e-03
14 9.888800e-01 4.440000e-03 6.680000e-03
15 9.879280e-01 4.644000e-03 7.428000e-03
16 9.868560e-01 4.840000e-03 8.304000e-03
17 9.859000e-01 4.888000e-03 9.212000e-03
18 9.848800e-01 5.068000e-03 1.005200e-02
19 9.838040e-01 5.244000e-03 1.095200e-02
20 9.828000e-01 5.172000e-03 1.202800e-02
21 9.818560e-01 5.152000e-03 1.299200e-02
22 9.807280e-01 5.268000e-03 1.400400e-02
23 9.796720e-01 5.496000e-03 1.483200e-02
24 9.785240e-01 5.644000e-03 1.583200e-02
25 9.773920e-01 5.772000e-03 1.683600e-02
26 9.762080e-01 5.996000e-03 1.779600e-02
27 9.749960e-01 6.092000e-03 1.891200e-02
28 9.738400e-01 6.224000e-03 1.993600e-02
29 9.725600e-01 6.560000e-03 2.088000e-02
30 9.713440e-01 6.592000e-03 2.206400e-02
31 9.700720e-01 6.616000e-03 2.331200e-02
32 9.686040e-01 6.932000e-03 2.446400e-02
33 9.672800e-01 7.120000e-03 2.560000e-02
34 9.658200e-01 7.240000e-03 2.694000e-02
35 9.644400e-01 7.480000e-03 2.808000e-02
36 9.630800e-01 7.500000e-03 2.942000e-02
37 9.618440e-01 7.448000e-03 3.070800e-02
38 9.604880e-01 7.472000e-03 3.204000e-02
39 9.590240e-01 7.600000e-03 3.337600e-02
40 9.576120e-01 7.744000e-03 3.464400e-02
41 9.560720e-01 7.912000e-03 3.601600e-02
42 9.546960e-01 8.004000e-03 3.730000e-02
43 9.529520e-01 8.292000e-03 3.875600e-02
44 9.513040e-01 8.632000e-03 4.006400e-02
45 9.495640e-01 8.920000e-03 4.151600e-02
46 9.478320e-01 9.028000e-03 4.314000e-02
47 9.461120e-01 9.220000e-03 4.466800e-02
48 9.441880e-01 9.432000e-03 4.638000e-02
49 9.424800e-01 9.504000e-03 4.801600e-02
50 9.405840e-01 9.740000e-03 4.967600e-02
51 9.388480e-01 9.856000e-03 5.129600e-02
52 9.372280e-01 9.740000e-03 5.303200e-02
53 9.355160e-01 9.752000e-03 5.473200e-02
54 9.337400e-01 9.840000e-03 5.642000e-02
55 9.319640e-01 9.816000e-03 5.822000e-02
56 9.303080e-01 9.756000e-03 5.993600e-02
57 9.288040e-01 9.648000e-03 6.154800e-02
58 9.271360e-01 9.668000e-03 6.319600e-02
59 9.255760e-01 9.524000e-03 6.490000e-02
60 9.239960e-01 9.572000e-03 6.643200e-02
61 9.224520e-01 9.380000e-03 6.816800e-02
62 9.209280e-01 9.288000e-03 6.978400e-02
63 9.193680e-01 9.156000e-03 7.147600e-02
64 9.177800e-01 9.188000e-03 7.303200e-02
65 9.163560e-01 8.908000e-03 7.473600e-02
66 9.150160e-01 8.692000e-03 7.629200e-02
67 9.137320e-01 8.544000e-03 7.772400e-02
68 9.122320e-01 8.472000e-03 7.929600e-02
69 9.108960e-01 8.320000e-03 8.078400e-02
70 9.093560e-01 8.572000e-03 8.207200e-02
71 9.076960e-01 8.720000e-03 8.358400e-02
72 9.061840e-01 8.736000e-03 8.508000e-02
73 9.046120e-01 8.728000e-03 8.666000e-02
74 9.030280e-01 8.820000e-03 8.815200e-02
75 9.014480e-01 8.840000e-03 8.971200e-02
76 8.997960e-01 9.000000e-03 9.120400e-02
77 8.981400e-01 9.088000e-03 9.277200e-02
78 8.964160e-01 9.180000e-03 9.440400e-02
79 8.946720e-01 9.352000e-03 9.597600e-02
80 8.931280e-01 9.232000e-03 9.764000e-02
81 8.914640e-01 9.312000e-03 9.922400e-02
82 8.897200e-01 9.500000e-03 1.007800e-01
83 8.880280e-01 9.440000e-03 1.025320e-01
84 8.862280e-01 9.528000e-03 1.042440e-01
85 8.844480e-01 9.616000e-03 1.059360e-01
86 8.825200e-01 9.848000e-03 1.076320e-01
87 8.807840e-01 9.696000e-03 1.095200e-01
88 8.789320e-01 9.836000e-03 1.112320e-01
89 8.770560e-01 9.984000e-03 1.129600e-01
90 8.751600e-01 1.012400e-02 1.147160e-01
91 8.731520e-01 1.024000e-02 1.166080e-01
92 8.714120e-01 1.014800e-02 1.184400e-01
93 8.695880e-01 1.010800e-02 1.203040e-01
94 8.677040e-01 1.021200e-02 1.220840e-01
95 8.659920e-01 1.012400e-02 1.238840e-01
96 8.641760e-01 1.010800e-02 1.257160e-01
97 8.625360e-01 9.984000e-03 1.274800e-01
98 8.608360e-01 9.984000e-03 1.291800e-01
99 8.589600e-01 1.011200e-02 1.309280e-01
100 8.571160e-01 1.010000e-02 1.327840e-01
101 8.554760e-01 9.900000e-03 1.346240e-01
102 8.535520e-01 1.026400e-02 1.361840e-01
103 8.517960e-01 1.015600e-02 1.380480e-01
104 8.500600e-01 1.025600e-02 1.396840e-01
105 8.482960e-01 1.014400e-02 1.415600e-01
106 8.466520e-01 1.006800e-02 1.432800e-01
107 8.451040e-01 9.872000e-03 1.450240e-01
108 8.434800e-01 9.872000e-03 1.466480e-01
109 8.417360e-01 9.888000e-03 1.483760e-01
110 8.400400e-01 9.804000e-03 1.501560e-01
111 8.384120e-01 9.636000e-03 1.519520e-01
112 8.369000e-01 9.520000e-03 1.535800e-01
113 8.351400e-01 9.656000e-03 1.552040e-01
114 8.333000e-01 9.812000e-03 1.568880e-01
115 8.315640e-01 9.904000e-03 1.585320e-01
116 8.298600e-01 9.948000e-03 1.601920e-01
117 8.283040e-01 9.792000e-03 1.619040e-01
118 8.267080e-01 9.732000e-03 1.635600e-01
119 8.251120e-01 9.616000e-03 1.652720e-01
120 8.235360e-01 9.592000e-03 1.668720e-01
121 8.218120e-01 9.664000e-03 1.685240e-01
122 8.201760e-01 9.656000e-03 1.701680e-01
123 8.185080e-01 9.800000e-03 1.716920e-01
124 8.169120e-01 9.700000e-03 1.733880e-01
125 8.152360e-01 9.712000e-03 1.750520e-01
126 8.137680e-01 9.420000e-03 1.768120e-01
127 8.122320e-01 9.208000e-03 1.785600e-01
128 8.105320e-01 9.212000e-03 1.802560e-01
129 8.090120e-01 9.336000e-03 1.816520e-01
130 8.075280e-01 9.204000e-03 1.832680e-01
131 8.059320e-01 9.220000e-03 1.848480e-01
132 8.043160e-01 9.240000e-03 1.864440e-01
133 8.028880e-01 9.060000e-03 1.880520e-01
134 8.015720e-01 8.732000e-03 1.896960e-01
135 8.002200e-01 8.468000e-03 1.913120e-01
136 7.987920e-01 8.328000e-03 1.928800e-01
137 7.973120e-01 8.292000e-03 1.943960e-01
138 7.959320e-01 8.164000e-03 1.959040e-01
139 7.944800e-01 8.248000e-03 1.972720e-01
140 7.930000e-01 8.260000e-03 1.987400e-01
141 7.916320e-01 8.144000e-03 2.002240e-01
142 7.901960e-01 8.220000e-03 2.015840e-01
143 7.886960e-01 8.268000e-03 2.030360e-01
144 7.874280e-01 7.972000e-03 2.046000e-01
145 7.862480e-01 7.740000e-03 2.060120e-01
146 7.848440e-01 7.784000e-03 2.073720e-01
147 7.834560e-01 7.804000e-03 2.087400e-01
148 7.823040e-01 7.596000e-03 2.101000e-01
149 7.809880e-01 7.560000e-03 2.114520e-01
150 7.797160e-01 7.368000e-03 2.129160e-01
151 7.784560e-01 7.400000e-03 2.141440e-01
152 7.772520e-01 7.260000e-03 2.154880e-01
153 7.760240e-01 7.224000e-03 2.167520e-01
154 7.747960e-01 7.228000e-03 2.179760e-01
155 7.736000e-01 7.100000e-03 2.193000e-01
156 7.722560e-01 7.220000e-03 2.205240e-01
157 7.710080e-01 7.248000e-03 2.217440e-01
158 7.697200e-01 7.264000e-03 2.230160e-01
159 7.686480e-01 6.976000e-03 2.243760e-01
160 7.676160e-01 6.652000e-03 2.257320e-01
161 7.666480e-01 6.512000e-03 2.268400e-01
162 7.655400e-01 6.360000e-03 2.281000e-01
163 7.645720e-01 6.228000e-03 2.292000e-01
164 7.635280e-01 6.188000e-03 2.302840e-01
165 7.624640e-01 6.172000e-03 2.313640e-01
166 7.613800e-01 6.320000e-03 2.323000e-01
167 7.602960e-01 6.160000e-03 2.335440e-01
168 7.593120e-01 6.116000e-03 2.345720e-01
169 7.582120e-01 6.112000e-03 2.356760e-01
170 7.571200e-01 6.124000e-03 2.367560e-01
171 7.559600e-01 6.288000e-03 2.377520e-01
172 7.548640e-01 6.380000e-03 2.387560e-01
173 7.538200e-01 6.280000e-03 2.399000e-01
174 7.528880e-01 6.144000e-03 2.409680e-01
175 7.520360e-01 6.028000e-03 2.419360e-01
176 7.510200e-01 6.080000e-03 2.429000e-01
177 7.500200e-01 5.872000e-03 2.441080e-01
178 7.488520e-01 6.048000e-03 2.451000e-01
179 7.477880e-01 6.020000e-03 2.461920e-01
180 7.466840e-01 6.072000e-03 2.472440e-01
181 7.455480e-01 5.992000e-03 2.484600e-01
182 7.445280e-01 5.984000e-03 2.494880e-01
183 7.433600e-01 6.120000e-03 2.505200e-01
184 7.422680e-01 6.188000e-03 2.515440e-01
185 7.411120e-01 6.288000e-03 2.526000e-01
186 7.400680e-01 6.292000e-03 2.536400e-01
187 7.389760e-01 6.360000e-03 2.546640e-01
188 7.380040e-01 6.220000e-03 2.557760e-01
189 7.370000e-01 6.216000e-03 2.567840e-01
190 7.359960e-01 6.112000e-03 2.578920e-01
191 7.349400e-01 6.200000e-03 2.588600e-01
192 7.340000e-01 6.032000e-03 2.599680e-01
193 7.329840e-01 5.940000e-03 2.610760e-01
194 7.320720e-01 5.736000e-03 2.621920e-01
195 7.311440e-01 5.608000e-03 2.632480e-01
196 7.303400e-01 5.468000e-03 2.641920e-01
197 7.294040e-01 5.448000e-03 2.651480e-01
198 7.286000e-01 5.356000e-03 2.660440e-01
199 7.277400e-01 5.276000e-03 2.669840e-01
200 7.268760e-01 5.172000e-03 2.679520e-01
201 7.260920e-01 5.184000e-03 2.687240e-01
202 7.251320e-01 5.188000e-03 2.696800e-01
203 7.241960e-01 5.224000e-03 2.705800e-01
204 7.231480e-01 5.308000e-03 2.715440e-01
205 7.222680e-01 5.308000e-03 2.724240e-01
206 7.213240e-01 5.476000e-03 2.732000e-01
207 7.203360e-01 5.504000e-03 2.741600e-01
208 7.193640e-01 5.640000e-03 2.749960e-01
209 7.183640e-01 5.704000e-03 2.759320e-01
210 7.174880e-01 5.652000e-03 2.768600e-01
211 7.165920e-01 5.560000e-03 2.778480e-01
212 7.157520e-01 5.444000e-03 2.788040e-01
213 7.149160e-01 5.412000e-03 2.796720e-01
214 7.139520e-01 5.424000e-03 2.806240e-01
215 7.130320e-01 5.316000e-03 2.816520e-01
216 7.121080e-01 5.344000e-03 2.825480e-01
217 7.111880e-01 5.296000e-03 2.835160e-01
218 7.103400e-01 5.116000e-03 2.845440e-01
219 7.094960e-01 5.048000e-03 2.854560e-01
220 7.087800e-01 4.848000e-03 2.863720e-01
221 7.081440e-01 4.632000e-03 2.872240e-01
222 7.074800e-01 4.484000e-03 2.880360e-01
223 7.066440e-01 4.532000e-03 2.888240e-01
224 7.058600e-01 4.604000e-03 2.895360e-01
225 7.051480e-01 4.528000e-03 2.903240e-01
226 7.044000e-01 4.472000e-03 2.911280e-01
227 7.035160e-01 4.460000e-03 2.920240e-01
228 7.027280e-01 4.448000e-03 2.928240e-01
229 7.019040e-01 4.480000e-03 2.936160e-01
230 7.011600e-01 4.372000e-03 2.944680e-01
231 7.004960e-01 4.216000e-03 2.952880e-01
232 6.998360e-01 4.080000e-03 2.960840e-01
233 6.991600e-01 4.144000e-03 2.966960e-01
234 6.984480e-01 4.132000e-03 2.974200e-01
235 6.977400e-01 4.136000e-03 2.981240e-01
236 6.971160e-01 4.020000e-03 2.988640e-01
237 6.964440e-01 4.000000e-03 2.995560e-01
238 6.957440e-01 4.004000e-03 3.002520e-01
239 6.951200e-01 3.964000e-03 3.009160e-01
240 6.946000e-01 3.848000e-03 3.015520e-01
241 6.940240e-01 3.792000e-03 3.021840e-01
242 6.934440e-01 3.716000e-03 3.028400e-01
243 6.927960e-01 3.724000e-03 3.034800e-01
244 6.922440e-01 3.680000e-03 3.040760e-01
245 6.915360e-01 3.740000e-03 3.047240e-01
246 6.907920e-01 3.932000e-03 3.052760e-01
247 6.901640e-01 3.856000e-03 3.059800e-01
248 6.894320e-01 3.924000e-03 3.066440e-01
249 6.887640e-01 3.928000e-03 3.073080e-01
250 6.881480e-01 3.784000e-03 3.080680e-01
251 6.875360e-01 3.752000e-03 3.087120e-01
252 6.869960e-01 3.700000e-03 3.093040e-01
253 6.863600e-01 3.648000e-03 3.099920e-01
254 6.856600e-01 3.776000e-03 3.105640e-01
255 6.850960e-01 3.772000e-03 3.111320e-01
256 6.845080e-01 3.688000e-03 3.118040e-01
257 6.838640e-01 3.616000e-03 3.125200e-01
258 6.832600e-01 3.572000e-03 3.131680e-01
259 6.827000e-01 3.544000e-03 3.137560e-01
260 6.821240e-01 3.464000e-03 3.144120e-01
261 6.815000e-01 3.536000e-03 3.149640e-01
262 6.808840e-01 3.548000e-03 3.155680e-01
263 6.803200e-01 3.564000e-03 3.161160e-01
264 6.798440e-01 3.476000e-03 3.166800e-01
265 6.792760e-01 3.476000e-03 3.172480e-01
266 6.787080e-01 3.400000e-03 3.178920e-01
267 6.781720e-01 3.360000e-03 3.184680e-01
268 6.776560e-01 3.336000e-03 3.190080e-01
269 6.771720e-01 3.224000e-03 3.196040e-01
270 6.766760e-01 3.144000e-03 3.201800e-01
271 6.762280e-01 3.052000e-03 3.207200e-01
272 6.758040e-01 2.832000e-03 3.213640e-01
273 6.754080e-01 2.712000e-03 3.218800e-01
274 6.749680e-01 2.680000e-03 3.223520e-01
275 6.744800e-01 2.676000e-03 3.228440e-01
276 6.739920e-01 2.660000e-03 3.233480e-01
277 6.735200e-01 2.756000e-03 3.237240e-01
278 6.730880e-01 2.780000e-03 3.241320e-01
279 6.726760e-01 2.640000e-03 3.246840e-01
280 6.723120e-01 2.524000e-03 3.251640e-01
281 6.719160e-01 2.496000e-03 3.255880e-01
282 6.715000e-01 2.488000e-03 3.260120e-01
283 6.711320e-01 2.468000e-03 3.264000e-01
284 6.707160e-01 2.408000e-03 3.268760e-01
285 6.702440e-01 2.416000e-03 3.273400e-01
286 6.698600e-01 2.316000e-03 3.278240e-01
287 6.694880e-01 2.208000e-03 3.283040e-01
288 6.691960e-01 2.112000e-03 3.286920e-01
289 6.688600e-01 2.112000e-03 3.290280e-01
290 6.684960e-01 2.076000e-03 3.294280e-01
291 6.681160e-01 2.144000e-03 3.297400e-01
292 6.677760e-01 2.128000e-03 3.300960e-01
293 6.674440e-01 1.992000e-03 3.305640e-01
294 6.670280e-01 1.988000e-03 3.309840e-01
295 6.666760e-01 1.976000e-03 3.313480e-01
296 6.663480e-01 1.936000e-03 3.317160e-01
297 6.659720e-01 1.988000e-03 3.320400e-01
298 6.655760e-01 1.952000e-03 3.324720e-01
299 6.651920e-01 1.960000e-03 3.328480e-01
300 6.648080e-01 2.060000e-03 3.331320e-01
301 6.645080e-01 2.048000e-03 3.334440e-01
302 6.641760e-01 2.052000e-03 3.337720e-01
303 6.637960e-01 2.028000e-03 3.341760e-01
304 6.633880e-01 2.048000e-03 3.345640e-01
305 6.630160e-01 2.104000e-03 3.348800e-01
306 6.626760e-01 2.088000e-03 3.352360e-01
307 6.623600e-01 2.068000e-03 3.355720e-01
308 6.619720e-01 2.136000e-03 3.358920e-01
309 6.615680e-01 2.144000e-03 3.362880e-01
310 6.612120e-01 2.092000e-03 3.366960e-01
311 6.608520e-01 2.084000e-03 3.370640e-01
312 6.604840e-01 2.116000e-03 3.374000e-01
313 6.601760e-01 2.044000e-03 3.377800e-01
314 6.598920e-01 1.976000e-03 3.381320e-01
315 6.595800e-01 1.940000e-03 3.384800e-01
316 6.592800e-01 1.928000e-03 3.387920e-01
317 6.589800e-01 1.844000e-03 3.391760e-01
318 6.586520e-01 1.828000e-03 3.395200e-01
319 6.583240e-01 1.884000e-03 3.397920e-01
320 6.579400e-01 1.900000e-03 3.401600e-01
321 6.576400e-01 1.884000e-03 3.404760e-01
322 6.573320e-01 1.876000e-03 3.407920e-01
323 6.569720e-01 1.916000e-03 3.411120e-01
324 6.567480e-01 1.820000e-03 3.414320e-01
325 6.564200e-01 1.864000e-03 3.417160e-01
326 6.560400e-01 1.896000e-03 3.420640e-01
327 6.556680e-01 1.928000e-03 3.424040e-01
328 6.552800e-01 1.980000e-03 3.427400e-01
329 6.549040e-01 2.032000e-03 3.430640e-01
330 6.545800e-01 1.988000e-03 3.434320e-01
331 6.542160e-01 2.016000e-03 3.437680e-01
332 6.539320e-01 1.960000e-03 3.441080e-01
333 6.536520e-01 1.876000e-03 3.444720e-01
334 6.532960e-01 1.860000e-03 3.448440e-01
335 6.529960e-01 1.836000e-03 3.451680e-01
336 6.526960e-01 1.860000e-03 3.454440e-01
337 6.523960e-01 1.792000e-03 3.458120e-01
338 6.521440e-01 1.680000e-03 3.461760e-01
339 6.518560e-01 1.664000e-03 3.464800e-01
340 6.516000e-01 1.604000e-03 3.467960e-01
341 6.513240e-01 1.592000e-03 3.470840e-01
342 6.510240e-01 1.636000e-03 3.473400e-01
343 6.507920e-01 1.540000e-03 3.476680e-01
344 6.505560e-01 1.432000e-03 3.480120e-01
345 6.503320e-01 1.356000e-03 3.483120e-01
346 6.500320e-01 1.420000e-03 3.485480e-01
347 6.497760e-01 1.380000e-03 3.488440e-01
348 6.495320e-01 1.344000e-03 3.491240e-01
349 6.493680e-01 1.292000e-03 3.493400e-01
350 6.491240e-01 1.332000e-03 3.495440e-01
351 6.489080e-01 1.324000e-03 3.497680e-01
352 6.486720e-01 1.372000e-03 3.499560e-01
353 6.484000e-01 1.404000e-03 3.501960e-01
354 6.481760e-01 1.392000e-03 3.504320e-01
355 6.478880e-01 1.408000e-03 3.507040e-01
356 6.476880e-01 1.336000e-03 3.509760e-01
357 6.474640e-01 1.316000e-03 3.512200e-01
358 6.472600e-01 1.292000e-03 3.514480e-01
359 6.470440e-01 1.280000e-03 3.516760e-01
360 6.468600e-01 1.204000e-03 3.519360e-01
361 6.466320e-01 1.216000e-03 3.521520e-01
362 6.464160e-01 1.228000e-03 3.523560e-01
363 6.462120e-01 1.208000e-03 3.525800e-01
364 6.460840e-01 1.164000e-03 3.527520e-01
365 6.459240e-01 1.140000e-03 3.529360e-01
366 6.456920e-01 1.160000e-03 3.531480e-01
367 6.454560e-01 1.216000e-03 3.533280e-01
368 6.452480e-01 1.188000e-03 3.535640e-01
369 6.450280e-01 1.204000e-03 3.537680e-01
370 6.448760e-01 1.180000e-03 3.539440e-01
371 6.446840e-01 1.204000e-03 3.541120e-01
372 6.445240e-01 1.156000e-03 3.543200e-01
373 6.443160e-01 1.132000e-03 3.545520e-01
374 6.441360e-01 1.128000e-03 3.547360e-01
375 6.438720e-01 1.184000e-03 3.549440e-01
376 6.437120e-01 1.172000e-03 3.551160e-01
377 6.434600e-01 1.220000e-03 3.553200e-01
378 6.432840e-01 1.224000e-03 3.554920e-01
379 6.430600e-01 1.260000e-03 3.556800e-01
380 6.428160e-01 1.324000e-03 3.558600e-01
381 6.425960e-01 1.324000e-03 3.560800e-01
382 6.423800e-01 1.324000e-03 3.562960e-01
383 6.421640e-01 1.312000e-03 3.565240e-01
384 6.419680e-01 1.292000e-03 3.567400e-01
385 6.417760e-01 1.288000e-03 3.569360e-01
386 6.415160e-01 1.328000e-03 3.571560e-01
387 6.413520e-01 1.184000e-03 3.574640e-01
388 6.411680e-01 1.128000e-03 3.577040e-01
389 6.409920e-01 1.060000e-03 3.579480e-01
390 6.408680e-01 1.004000e-03 3.581280e-01
391 6.406400e-01 1.080000e-03 3.582800e-01
392 6.403840e-01 1.140000e-03 3.584760e-01
393 6.401000e-01 1.208000e-03 3.586920e-01
394 6.398920e-01 1.152000e-03 3.589560e-01
395 6.396560e-01 1.112000e-03 3.592320e-01
396 6.394120e-01 1.188000e-03 3.594000e-01
397 6.391680e-01 1.156000e-03 3.596760e-01
398 6.389600e-01 1.172000e-03 3.598680e-01
399 6.387040e-01 1.212000e-03 3.600840e-01
400 6.385080e-01 1.208000e-03 3.602840e-01
401 6.383120e-01 1.212000e-03 3.604760e-01
402 6.380200e-01 1.284000e-03 3.606960e-01
403 6.378480e-01 1.252000e-03 3.609000e-01
404 6.376160e-01 1.232000e-03 3.611520e-01
405 6.373760e-01 1.288000e-03 3.613360e-01
406 6.371680e-01 1.304000e-03 3.615280e-01
407 6.369200e-01 1.288000e-03 3.617920e-01
408 6.366760e-01 1.348000e-03 3.619760e-01
409 6.364920e-01 1.304000e-03 3.622040e-01
410 6.363360e-01 1.268000e-03 3.623960e-01
411 6.361280e-01 1.220000e-03 3.626520e-01
412 6.359440e-01 1.208000e-03 3.628480e-01
413 6.358040e-01 1.188000e-03 3.630080e-01
414 6.356720e-01 1.108000e-03 3.632200e-01
415 6.355280e-01 1.096000e-03 3.633760e-01
416 6.353720e-01 1.068000e-03 3.635600e-01
417 6.352120e-01 1.088000e-03 3.637000e-01
418 6.350880e-01 9.760000e-04 3.639360e-01
419 6.349400e-01 9.400000e-04 3.641200e-01
420 6.347880e-01 9.360000e-04 3.642760e-01
421 6.346520e-01 9.280000e-04 3.644200e-01
422 6.345360e-01 8.800000e-04 3.645840e-01
423 6.344080e-01 8.720000e-04 3.647200e-01
424 6.343120e-01 8.080000e-04 3.648800e-01
425 6.341760e-01 8.240000e-04 3.650000e-01
426 6.340600e-01 7.800000e-04 3.651600e-01
427 6.339560e-01 7.360000e-04 3.653080e-01
428 6.338280e-01 7.280000e-04 3.654440e-01
429 6.336760e-01 7.520000e-04 3.655720e-01
430 6.335120e-01 7.600000e-04 3.657280e-01
431 6.333360e-01 8.040000e-04 3.658600e-01
432 6.331440e-01 8.480000e-04 3.660080e-01
433 6.329520e-01 8.680000e-04 3.661800e-01
434 6.327480e-01 8.840000e-04 3.663680e-01
435 6.325400e-01 9.320000e-04 3.665280e-01
436 6.323760e-01 9.000000e-04 3.667240e-01
437 6.322560e-01 8.920000e-04 3.668520e-01
438 6.320520e-01 9.360000e-04 3.670120e-01
439 6.318640e-01 9.520000e-04 3.671840e-01
440 6.316720e-01 9.440000e-04 3.673840e-01
441 6.314680e-01 9.480000e-04 3.675840e-01
442 6.313320e-01 8.800000e-04 3.677880e-01
443 6.311360e-01 9.640000e-04 3.679000e-01
444 6.309520e-01 9.400000e-04 3.681080e-01
445 6.307480e-01 9.880000e-04 3.682640e-01
446 6.305880e-01 9.520000e-04 3.684600e-01
447 6.304440e-01 9.320000e-04 3.686240e-01
448 6.303000e-01 9.400000e-04 3.687600e-01
449 6.301880e-01 8.520000e-04 3.689600e-01
450 6.301240e-01 7.920000e-04 3.690840e-01
451 6.300000e-01 7.960000e-04 3.692040e-01
452 6.298520e-01 7.640000e-04 3.693840e-01
453 6.296840e-01 7.800000e-04 3.695360e-01
454 6.295440e-01 7.840000e-04 3.696720e-01
455 6.293920e-01 7.960000e-04 3.698120e-01
456 6.292680e-01 7.560000e-04 3.699760e-01
457 6.291560e-01 7.440000e-04 3.701000e-01
458 6.290800e-01 6.840000e-04 3.702360e-01
459 6.288960e-01 7.600000e-04 3.703440e-01
460 6.287280e-01 7.800000e-04 3.704920e-01
461 6.286000e-01 7.640000e-04 3.706360e-01
462 6.284480e-01 7.560000e-04 3.707960e-01
463 6.283240e-01 7.000000e-04 3.709760e-01
464 6.282000e-01 7.040000e-04 3.710960e-01
465 6.280840e-01 6.560000e-04 3.712600e-01
466 6.279720e-01 6.640000e-04 3.713640e-01
467 6.278920e-01 6.480000e-04 3.714600e-01
468 6.277880e-01 6.320000e-04 3.715800e-01
469 6.277000e-01 6.000000e-04 3.717000e-01
470 6.275840e-01 6.160000e-04 3.718000e-01
471 6.274600e-01 6.720000e-04 3.718680e-01
472 6.273280e-01 6.760000e-04 3.719960e-01
473 6.272000e-01 7.080000e-04 3.720920e-01
474 6.270440e-01 7.680000e-04 3.721880e-01
475 6.269000e-01 7.800000e-04 3.723200e-01
476 6.267800e-01 7.680000e-04 3.724520e-01
477 6.266400e-01 7.480000e-04 3.726120e-01
478 6.265600e-01 7.280000e-04 3.727120e-01
479 6.264440e-01 6.840000e-04 3.728720e-01
480 6.263440e-01 6.840000e-04 3.729720e-01
481 6.262800e-01 6.240000e-04 3.730960e-01
482 6.262280e-01 5.520000e-04 3.732200e-01
483 6.261800e-01 5.040000e-04 3.733160e-01
484 6.261200e-01 4.720000e-04 3.734080e-01
485 6.260520e-01 4.720000e-04 3.734760e-01
486 6.259920e-01 4.760000e-04 3.735320e-01
487 6.259280e-01 4.440000e-04 3.736280e-01
488 6.258920e-01 4.320000e-04 3.736760e-01
489 6.258320e-01 4.520000e-04 3.737160e-01
490 6.257920e-01 4.240000e-04 3.737840e-01
491 6.257520e-01 4.040000e-04 3.738440e-01
492 6.256920e-01 3.560000e-04 3.739520e-01
493 6.256160e-01 3.520000e-04 3.740320e-01
494 6.255760e-01 3.360000e-04 3.740880e-01
495 6.255240e-01 3.240000e-04 3.741520e-01
496 6.254560e-01 3.360000e-04 3.742080e-01
497 6.253960e-01 3.360000e-04 3.742680e-01
498 6.253400e-01 3.440000e-04 3.743160e-01
499 6.252840e-01 3.360000e-04 3.743800e-01
500 6.252200e-01 3.600000e-04 3.744200e-01
