1 9.992520e-01 6.320000e-04 1.160000e-04
2 9.987040e-01 1.072000e-03 2.240000e-04
3 9.979520e-01 1.584000e-03 4.640000e-04
4 9.971600e-01 2.080000e-03 7.600000e-04
5 9.963760e-01 2.440000e-03 1.184000e-03
6 9.955120e-01 2.808000e-03 1.680000e-03
7 9.947040e-01 3.108000e-03 2.188000e-03
8 9.938120e-01 3.420000e-03 2.768000e-03
9 9.927280e-01 3.864000e-03 3.408000e-03
10 9.916640e-01 4.264000e-03 4.072000e-03
11 9.905720e-01 4.488000e-03 4.940000e-03
12 9.895960e-01 4.568000e-03 5.836000e-03
13 9.884920e-01 4.764000e-03 6.744000e-03
14 9.874440e-01 4.868000e-03 7.688000e-03
15 9.863080e-01 5.204000e-03 8.488000e-03
16 9.852160e-01 5.288000e-03 9.496000e-03
17 9.841120e-01 5.436000e-03 1.045200e-02
18 9.830320e-01 5.692000e-03 1.127600e-02
19 9.816960e-01 6.044000e-03 1.226000e-02
20 9.804520e-01 6.164000e-03 1.338400e-02
21 9.792240e-01 6.320000e-03 1.445600e-02
22 9.779120e-01 6.516000e-03 1.557200e-02
23 9.765800e-01 6.616000e-03 1.680400e-02
24 9.753120e-01 6.704000e-03 1.798400e-02
25 9.738080e-01 7.056000e-03 1.913600e-02
26 9.725600e-01 7.136000e-03 2.030400e-02
27 9.711640e-01 7.276000e-03 2.156000e-02
28 9.697480e-01 7.356000e-03 2.289600e-02
29 9.682680e-01 7.572000e-03 2.416000e-02
30 9.667480e-01 7.784000e-03 2.546800e-02
31 9.652360e-01 7.920000e-03 2.684400e-02
32 9.637120e-01 8.008000e-03 2.828000e-02
33 9.620640e-01 8.356000e-03 2.958000e-02
34 9.604640e-01 8.492000e-03 3.104400e-02
35 9.588680e-01 8.648000e-03 3.248400e-02
36 9.572720e-01 8.688000e-03 3.404000e-02
37 9.555800e-01 8.832000e-03 3.558800e-02
38 9.537520e-01 9.168000e-03 3.708000e-02
39 9.521080e-01 9.272000e-03 3.862000e-02
40 9.504480e-01 9.240000e-03 4.031200e-02
41 9.488040e-01 9.272000e-03 4.192400e-02
42 9.472080e-01 9.184000e-03 4.360800e-02
43 9.456280e-01 9.272000e-03 4.510000e-02
44 9.439880e-01 9.272000e-03 4.674000e-02
45 9.423760e-01 9.344000e-03 4.828000e-02
46 9.407240e-01 9.492000e-03 4.978400e-02
47 9.390080e-01 9.580000e-03 5.141200e-02
48 9.373320e-01 9.688000e-03 5.298000e-02
49 9.354600e-01 9.876000e-03 5.466400e-02
50 9.336680e-01 9.920000e-03 5.641200e-02
51 9.318760e-01 9.928000e-03 5.819600e-02
52 9.298560e-01 1.020400e-02 5.994000e-02
53 9.279560e-01 1.026000e-02 6.178400e-02
54 9.260640e-01 1.036000e-02 6.357600e-02
55 9.242600e-01 1.042400e-02 6.531600e-02
56 9.223480e-01 1.064800e-02 6.700400e-02
57 9.203680e-01 1.069200e-02 6.894000e-02
58 9.184280e-01 1.079600e-02 7.077600e-02
59 9.165760e-01 1.071200e-02 7.271200e-02
60 9.147080e-01 1.073600e-02 7.455600e-02
61 9.129040e-01 1.067200e-02 7.642400e-02
62 9.111360e-01 1.058000e-02 7.828400e-02
63 9.094040e-01 1.045600e-02 8.014000e-02
64 9.076920e-01 1.033600e-02 8.197200e-02
65 9.058440e-01 1.050000e-02 8.365600e-02
66 9.039720e-01 1.066800e-02 8.536000e-02
67 9.023760e-01 1.026800e-02 8.735600e-02
68 9.006320e-01 1.021200e-02 8.915600e-02
69 8.988640e-01 1.015200e-02 9.098400e-02
70 8.971960e-01 1.007600e-02 9.272800e-02
71 8.954840e-01 1.008400e-02 9.443200e-02
72 8.937640e-01 9.932000e-03 9.630400e-02
73 8.922480e-01 9.668000e-03 9.808400e-02
74 8.904440e-01 9.732000e-03 9.982400e-02
75 8.887000e-01 9.764000e-03 1.015360e-01
76 8.869400e-01 9.940000e-03 1.031200e-01
77 8.854040e-01 9.792000e-03 1.048040e-01
78 8.837440e-01 9.752000e-03 1.065040e-01
79 8.820040e-01 9.808000e-03 1.081880e-01
80 8.805320e-01 9.492000e-03 1.099760e-01
81 8.788480e-01 9.508000e-03 1.116440e-01
82 8.772600e-01 9.420000e-03 1.133200e-01
83 8.756240e-01 9.440000e-03 1.149360e-01
84 8.740520e-01 9.416000e-03 1.165320e-01
85 8.723880e-01 9.384000e-03 1.182280e-01
86 8.708080e-01 9.188000e-03 1.200040e-01
87 8.693080e-01 9.024000e-03 1.216680e-01
88 8.678520e-01 8.992000e-03 1.231560e-01
89 8.663200e-01 9.064000e-03 1.246160e-01
90 8.645440e-01 9.288000e-03 1.261680e-01
91 8.629000e-01 9.340000e-03 1.277600e-01
92 8.613760e-01 9.220000e-03 1.294040e-01
93 8.597040e-01 9.292000e-03 1.310040e-01
94 8.578400e-01 9.432000e-03 1.327280e-01
95 8.562640e-01 9.328000e-03 1.344080e-01
96 8.547160e-01 9.328000e-03 1.359560e-01
97 8.530640e-01 9.336000e-03 1.376000e-01
98 8.515280e-01 9.232000e-03 1.392400e-01
99 8.500760e-01 9.064000e-03 1.408600e-01
100 8.485120e-01 9.164000e-03 1.423240e-01
101 8.469600e-01 9.196000e-03 1.438440e-01
102 8.454480e-01 9.112000e-03 1.454400e-01
103 8.440000e-01 8.932000e-03 1.470680e-01
104 8.424360e-01 8.908000e-03 1.486560e-01
105 8.409960e-01 8.792000e-03 1.502120e-01
106 8.394520e-01 8.792000e-03 1.517560e-01
107 8.381040e-01 8.680000e-03 1.532160e-01
108 8.366320e-01 8.740000e-03 1.546280e-01
109 8.350720e-01 8.800000e-03 1.561280e-01
110 8.335440e-01 8.856000e-03 1.576000e-01
111 8.320080e-01 8.844000e-03 1.591480e-01
112 8.305360e-01 8.704000e-03 1.607600e-01
113 8.291040e-01 8.652000e-03 1.622440e-01
114 8.277240e-01 8.572000e-03 1.637040e-01
115 8.262520e-01 8.552000e-03 1.651960e-01
116 8.249480e-01 8.452000e-03 1.666000e-01
117 8.235880e-01 8.424000e-03 1.679880e-01
118 8.221960e-01 8.240000e-03 1.695640e-01
119 8.209880e-01 8.004000e-03 1.710080e-01
120 8.195600e-01 8.148000e-03 1.722920e-01
121 8.181360e-01 8.028000e-03 1.738360e-01
122 8.167720e-01 8.088000e-03 1.751400e-01
123 8.154680e-01 7.980000e-03 1.765520e-01
124 8.142280e-01 7.708000e-03 1.780640e-01
125 8.131360e-01 7.568000e-03 1.792960e-01
126 8.119960e-01 7.316000e-03 1.806880e-01
127 8.110280e-01 7.016000e-03 1.819560e-01
128 8.099160e-01 6.948000e-03 1.831360e-01
129 8.088000e-01 6.856000e-03 1.843440e-01
130 8.077120e-01 6.772000e-03 1.855160e-01
131 8.065800e-01 6.684000e-03 1.867360e-01
132 8.056000e-01 6.560000e-03 1.878400e-01
133 8.044280e-01 6.632000e-03 1.889400e-01
134 8.032400e-01 6.684000e-03 1.900760e-01
135 8.021400e-01 6.668000e-03 1.911920e-01
136 8.010720e-01 6.680000e-03 1.922480e-01
137 7.999400e-01 6.692000e-03 1.933680e-01
138 7.988040e-01 6.712000e-03 1.944840e-01
139 7.976600e-01 6.668000e-03 1.956720e-01
140 7.967200e-01 6.420000e-03 1.968600e-01
141 7.956320e-01 6.340000e-03 1.980280e-01
142 7.944800e-01 6.280000e-03 1.992400e-01
143 7.934040e-01 6.256000e-03 2.003400e-01
144 7.923840e-01 6.236000e-03 2.013800e-01
145 7.914600e-01 6.020000e-03 2.025200e-01
146 7.905680e-01 5.896000e-03 2.035360e-01
147 7.897480e-01 5.736000e-03 2.045160e-01
148 7.887440e-01 5.724000e-03 2.055320e-01
149 7.879040e-01 5.608000e-03 2.064880e-01
150 7.868840e-01 5.760000e-03 2.073560e-01
151 7.858480e-01 5.808000e-03 2.083440e-01
152 7.848760e-01 5.772000e-03 2.093520e-01
153 7.839720e-01 5.680000e-03 2.103480e-01
154 7.831160e-01 5.596000e-03 2.112880e-01
155 7.822560e-01 5.540000e-03 2.122040e-01
156 7.814120e-01 5.396000e-03 2.131920e-01
157 7.805880e-01 5.276000e-03 2.141360e-01
158 7.797360e-01 5.368000e-03 2.148960e-01
159 7.788640e-01 5.364000e-03 2.157720e-01
160 7.779960e-01 5.348000e-03 2.166560e-01
161 7.770240e-01 5.364000e-03 2.176120e-01
162 7.761840e-01 5.272000e-03 2.185440e-01
163 7.753760e-01 5.224000e-03 2.194000e-01
164 7.744600e-01 5.224000e-03 2.203160e-01
165 7.736080e-01 5.100000e-03 2.212920e-01
166 7.728080e-01 4.980000e-03 2.222120e-01
167 7.719520e-01 5.000000e-03 2.230480e-01
168 7.710720e-01 4.980000e-03 2.239480e-01
169 7.701480e-01 5.012000e-03 2.248400e-01
170 7.692760e-01 5.068000e-03 2.256560e-01
171 7.684760e-01 5.064000e-03 2.264600e-01
172 7.675720e-01 5.112000e-03 2.273160e-01
173 7.667080e-01 5.152000e-03 2.281400e-01
174 7.658720e-01 5.084000e-03 2.290440e-01
175 7.650000e-01 5.032000e-03 2.299680e-01
176 7.642880e-01 4.912000e-03 2.308000e-01
177 7.634320e-01 4.836000e-03 2.317320e-01
178 7.626400e-01 4.852000e-03 2.325080e-01
179 7.617920e-01 4.944000e-03 2.332640e-01
180 7.610600e-01 4.952000e-03 2.339880e-01
181 7.601400e-01 4.952000e-03 2.349080e-01
182 7.593200e-01 4.824000e-03 2.358560e-01
183 7.585440e-01 4.780000e-03 2.366760e-01
184 7.578360e-01 4.584000e-03 2.375800e-01
185 7.571120e-01 4.448000e-03 2.384400e-01
186 7.564200e-01 4.388000e-03 2.391920e-01
187 7.557640e-01 4.280000e-03 2.399560e-01
188 7.550880e-01 4.292000e-03 2.406200e-01
189 7.544720e-01 4.124000e-03 2.414040e-01
190 7.538400e-01 3.992000e-03 2.421680e-01
191 7.531800e-01 4.028000e-03 2.427920e-01
192 7.525680e-01 3.884000e-03 2.435480e-01
193 7.518640e-01 3.892000e-03 2.442440e-01
194 7.511720e-01 3.856000e-03 2.449720e-01
195 7.506320e-01 3.732000e-03 2.456360e-01
196 7.499840e-01 3.776000e-03 2.462400e-01
197 7.492680e-01 3.836000e-03 2.468960e-01
198 7.485000e-01 3.952000e-03 2.475480e-01
199 7.476840e-01 4.088000e-03 2.482280e-01
200 7.468040e-01 4.176000e-03 2.490200e-01
201 7.460160e-01 4.252000e-03 2.497320e-01
202 7.452560e-01 4.264000e-03 2.504800e-01
203 7.445240e-01 4.188000e-03 2.512880e-01
204 7.437320e-01 4.228000e-03 2.520400e-01
205 7.430440e-01 4.200000e-03 2.527560e-01
206 7.423320e-01 4.176000e-03 2.534920e-01
207 7.417320e-01 4.032000e-03 2.542360e-01
208 7.409800e-01 4.072000e-03 2.549480e-01
209 7.403240e-01 4.132000e-03 2.555440e-01
210 7.395680e-01 4.200000e-03 2.562320e-01
211 7.389320e-01 4.152000e-03 2.569160e-01
212 7.382920e-01 4.080000e-03 2.576280e-01
213 7.377000e-01 3.972000e-03 2.583280e-01
214 7.371040e-01 3.900000e-03 2.589960e-01
215 7.365520e-01 3.796000e-03 2.596520e-01
216 7.359720e-01 3.720000e-03 2.603080e-01
217 7.354120e-01 3.624000e-03 2.609640e-01
218 7.349440e-01 3.508000e-03 2.615480e-01
219 7.343480e-01 3.516000e-03 2.621360e-01
220 7.337320e-01 3.460000e-03 2.628080e-01
221 7.331200e-01 3.500000e-03 2.633800e-01
222 7.324360e-01 3.552000e-03 2.640120e-01
223 7.317880e-01 3.664000e-03 2.645480e-01
224 7.310960e-01 3.764000e-03 2.651400e-01
225 7.303800e-01 3.980000e-03 2.656400e-01
226 7.296560e-01 4.044000e-03 2.663000e-01
227 7.289760e-01 3.960000e-03 2.670640e-01
228 7.283320e-01 3.936000e-03 2.677320e-01
229 7.277640e-01 3.856000e-03 2.683800e-01
230 7.271360e-01 3.816000e-03 2.690480e-01
231 7.264720e-01 3.724000e-03 2.698040e-01
232 7.259520e-01 3.640000e-03 2.704080e-01
233 7.252320e-01 3.764000e-03 2.710040e-01
234 7.246760e-01 3.640000e-03 2.716840e-01
235 7.240440e-01 3.660000e-03 2.722960e-01
236 7.233720e-01 3.696000e-03 2.729320e-01
237 7.228400e-01 3.620000e-03 2.735400e-01
238 7.222520e-01 3.604000e-03 2.741440e-01
239 7.217720e-01 3.440000e-03 2.747880e-01
240 7.212240e-01 3.464000e-03 2.753120e-01
241 7.207240e-01 3.360000e-03 2.759160e-01
242 7.201600e-01 3.352000e-03 2.764880e-01
243 7.196440e-01 3.264000e-03 2.770920e-01
244 7.191040e-01 3.240000e-03 2.776560e-01
245 7.185840e-01 3.208000e-03 2.782080e-01
246 7.180440e-01 3.168000e-03 2.787880e-01
247 7.174960e-01 3.108000e-03 2.793960e-01
248 7.169720e-01 3.124000e-03 2.799040e-01
249 7.164240e-01 3.128000e-03 2.804480e-01
250 7.159160e-01 3.040000e-03 2.810440e-01
251 7.154240e-01 3.064000e-03 2.815120e-01
252 7.149720e-01 3.032000e-03 2.819960e-01
253 7.144480e-01 3.000000e-03 2.825520e-01
254 7.139200e-01 3.044000e-03 2.830360e-01
255 7.133520e-01 3.164000e-03 2.834840e-01
256 7.128280e-01 3.112000e-03 2.840600e-01
257 7.123160e-01 3.100000e-03 2.845840e-01
258 7.118000e-01 3.024000e-03 2.851760e-01
259 7.112320e-01 3.068000e-03 2.857000e-01
260 7.107240e-01 3.104000e-03 2.861720e-01
261 7.102160e-01 3.116000e-03 2.866680e-01
262 7.096480e-01 3.112000e-03 2.872400e-01
263 7.091040e-01 3.088000e-03 2.878080e-01
264 7.085440e-01 3.108000e-03 2.883480e-01
265 7.080280e-01 3.144000e-03 2.888280e-01
266 7.074400e-01 3.204000e-03 2.893560e-01
267 7.068840e-01 3.268000e-03 2.898480e-01
268 7.063360e-01 3.196000e-03 2.904680e-01
269 7.057200e-01 3.260000e-03 2.910200e-01
270 7.052160e-01 3.220000e-03 2.915640e-01
271 7.046440e-01 3.304000e-03 2.920520e-01
272 7.041040e-01 3.324000e-03 2.925720e-01
273 7.035480e-01 3.232000e-03 2.932200e-01
274 7.029360e-01 3.248000e-03 2.938160e-01
275 7.024000e-01 3.180000e-03 2.944200e-01
276 7.019240e-01 3.136000e-03 2.949400e-01
277 7.014280e-01 3.096000e-03 2.954760e-01
278 7.008520e-01 3.148000e-03 2.960000e-01
279 7.002800e-01 3.188000e-03 2.965320e-01
280 6.997200e-01 3.228000e-03 2.970520e-01
281 6.991120e-01 3.204000e-03 2.976840e-01
282 6.986080e-01 3.128000e-03 2.982640e-01
283 6.981240e-01 3.076000e-03 2.988000e-01
284 6.976280e-01 3.012000e-03 2.993600e-01
285 6.971680e-01 2.888000e-03 2.999440e-01
286 6.967000e-01 2.884000e-03 3.004160e-01
287 6.961760e-01 2.788000e-03 3.010360e-01
288 6.956800e-01 2.772000e-03 3.015480e-01
289 6.952400e-01 2.708000e-03 3.020520e-01
290 6.947200e-01 2.728000e-03 3.025520e-01
291 6.943320e-01 2.704000e-03 3.029640e-01
292 6.938160e-01 2.776000e-03 3.034080e-01
293 6.932920e-01 2.836000e-03 3.038720e-01
294 6.927760e-01 2.848000e-03 3.043760e-01
295 6.923040e-01 2.788000e-03 3.049080e-01
296 6.918040e-01 2.736000e-03 3.054600e-01
297 6.913920e-01 2.696000e-03 3.059120e-01
298 6.908200e-01 2.800000e-03 3.063800e-01
299 6.903560e-01 2.776000e-03 3.068680e-01
300 6.898920e-01 2.776000e-03 3.073320e-01
301 6.893920e-01 2.832000e-03 3.077760e-01
302 6.888920e-01 2.908000e-03 3.082000e-01
303 6.883920e-01 2.960000e-03 3.086480e-01
304 6.879120e-01 2.936000e-03 3.091520e-01
305 6.873880e-01 2.996000e-03 3.096160e-01
306 6.868480e-01 3.020000e-03 3.101320e-01
307 6.864040e-01 2.944000e-03 3.106520e-01
308 6.858760e-01 2.900000e-03 3.112240e-01
309 6.853360e-01 2.884000e-03 3.117800e-01
310 6.848560e-01 2.836000e-03 3.123080e-01
311 6.843600e-01 2.920000e-03 3.127200e-01
312 6.839320e-01 2.840000e-03 3.132280e-01
313 6.833920e-01 2.876000e-03 3.137320e-01
314 6.829040e-01 2.888000e-03 3.142080e-01
315 6.823600e-01 2.936000e-03 3.147040e-01
316 6.818240e-01 2.960000e-03 3.152160e-01
317 6.813000e-01 2.920000e-03 3.157800e-01
318 6.807720e-01 2.980000e-03 3.162480e-01
319 6.803280e-01 2.920000e-03 3.167520e-01
320 6.798720e-01 2.880000e-03 3.172480e-01
321 6.794360e-01 2.872000e-03 3.176920e-01
322 6.790400e-01 2.820000e-03 3.181400e-01
323 6.786440e-01 2.708000e-03 3.186480e-01
324 6.782080e-01 2.724000e-03 3.190680e-01
325 6.777320e-01 2.752000e-03 3.195160e-01
326 6.772000e-01 2.668000e-03 3.201320e-01
327 6.767280e-01 2.620000e-03 3.206520e-01
328 6.762200e-01 2.696000e-03 3.210840e-01
329 6.758600e-01 2.588000e-03 3.215520e-01
330 6.754040e-01 2.652000e-03 3.219440e-01
331 6.749680e-01 2.660000e-03 3.223720e-01
332 6.745360e-01 2.608000e-03 3.228560e-01
333 6.741720e-01 2.512000e-03 3.233160e-01
334 6.737000e-01 2.500000e-03 3.238000e-01
335 6.733200e-01 2.392000e-03 3.242880e-01
336 6.729520e-01 2.256000e-03 3.247920e-01
337 6.725640e-01 2.208000e-03 3.252280e-01
338 6.721560e-01 2.200000e-03 3.256440e-01
339 6.717920e-01 2.132000e-03 3.260760e-01
340 6.714240e-01 2.088000e-03 3.264880e-01
341 6.710560e-01 2.072000e-03 3.268720e-01
342 6.706320e-01 2.180000e-03 3.271880e-01
343 6.703320e-01 2.140000e-03 3.275280e-01
344 6.699800e-01 2.148000e-03 3.278720e-01
345 6.695640e-01 2.164000e-03 3.282720e-01
346 6.690880e-01 2.260000e-03 3.286520e-01
347 6.687200e-01 2.272000e-03 3.290080e-01
348 6.683360e-01 2.264000e-03 3.294000e-01
349 6.679880e-01 2.232000e-03 3.297800e-01
350 6.676640e-01 2.160000e-03 3.301760e-01
351 6.673240e-01 2.144000e-03 3.305320e-01
352 6.669600e-01 2.188000e-03 3.308520e-01
353 6.666360e-01 2.144000e-03 3.312200e-01
354 6.663000e-01 2.132000e-03 3.315680e-01
355 6.658880e-01 2.212000e-03 3.319000e-01
356 6.656160e-01 2.100000e-03 3.322840e-01
357 6.652800e-01 2.116000e-03 3.326040e-01
358 6.650120e-01 2.052000e-03 3.329360e-01
359 6.646760e-01 2.028000e-03 3.332960e-01
360 6.643880e-01 1.996000e-03 3.336160e-01
361 6.641160e-01 1.920000e-03 3.339640e-01
362 6.638240e-01 1.892000e-03 3.342840e-01
363 6.635040e-01 1.912000e-03 3.345840e-01
364 6.632040e-01 1.956000e-03 3.348400e-01
365 6.628840e-01 1.944000e-03 3.351720e-01
366 6.625280e-01 2.028000e-03 3.354440e-01
367 6.621840e-01 2.008000e-03 3.358080e-01
368 6.618840e-01 1.992000e-03 3.361240e-01
369 6.616040e-01 1.972000e-03 3.364240e-01
370 6.613040e-01 1.912000e-03 3.367840e-01
371 6.610680e-01 1.828000e-03 3.371040e-01
372 6.607720e-01 1.756000e-03 3.374720e-01
373 6.604720e-01 1.748000e-03 3.377800e-01
374 6.601680e-01 1.764000e-03 3.380680e-01
375 6.598440e-01 1.772000e-03 3.383840e-01
376 6.595400e-01 1.764000e-03 3.386960e-01
377 6.592680e-01 1.752000e-03 3.389800e-01
378 6.590240e-01 1.672000e-03 3.393040e-01
379 6.587960e-01 1.696000e-03 3.395080e-01
380 6.585200e-01 1.732000e-03 3.397480e-01
381 6.582440e-01 1.664000e-03 3.400920e-01
382 6.580040e-01 1.636000e-03 3.403600e-01
383 6.577840e-01 1.532000e-03 3.406840e-01
384 6.575240e-01 1.520000e-03 3.409560e-01
385 6.573040e-01 1.496000e-03 3.412000e-01
386 6.570280e-01 1.548000e-03 3.414240e-01
387 6.567680e-01 1.504000e-03 3.417280e-01
388 6.565720e-01 1.440000e-03 3.419880e-01
389 6.563920e-01 1.376000e-03 3.422320e-01
390 6.562600e-01 1.292000e-03 3.424480e-01
391 6.560120e-01 1.348000e-03 3.426400e-01
392 6.558040e-01 1.364000e-03 3.428320e-01
393 6.555560e-01 1.352000e-03 3.430920e-01
394 6.553560e-01 1.280000e-03 3.433640e-01
395 6.551480e-01 1.200000e-03 3.436520e-01
396 6.549240e-01 1.228000e-03 3.438480e-01
397 6.547120e-01 1.216000e-03 3.440720e-01
398 6.544600e-01 1.232000e-03 3.443080e-01
399 6.542480e-01 1.248000e-03 3.445040e-01
400 6.540640e-01 1.196000e-03 3.447400e-01
401 6.538880e-01 1.156000e-03 3.449560e-01
402 6.537520e-01 1.108000e-03 3.451400e-01
403 6.536000e-01 1.036000e-03 3.453640e-01
404 6.534840e-01 9.800000e-04 3.455360e-01
405 6.533520e-01 9.080000e-04 3.457400e-01
406 6.532120e-01 8.920000e-04 3.458960e-01
407 6.530760e-01 8.960000e-04 3.460280e-01
408 6.529400e-01 8.600000e-04 3.462000e-01
409 6.527480e-01 9.080000e-04 3.463440e-01
410 6.526240e-01 9.040000e-04 3.464720e-01
411 6.525320e-01 8.600000e-04 3.466080e-01
412 6.524360e-01 7.840000e-04 3.467800e-01
413 6.522920e-01 8.120000e-04 3.468960e-01
414 6.521600e-01 7.720000e-04 3.470680e-01
415 6.520600e-01 7.600000e-04 3.471800e-01
416 6.519880e-01 6.760000e-04 3.473360e-01
417 6.518680e-01 7.080000e-04 3.474240e-01
418 6.517320e-01 7.160000e-04 3.475520e-01
419 6.516200e-01 6.840000e-04 3.476960e-01
420 6.514880e-01 6.960000e-04 3.478160e-01
421 6.513640e-01 7.280000e-04 3.479080e-01
422 6.512600e-01 7.040000e-04 3.480360e-01
423 6.511200e-01 7.280000e-04 3.481520e-01
424 6.509720e-01 7.640000e-04 3.482640e-01
425 6.508560e-01 7.720000e-04 3.483720e-01
426 6.507320e-01 7.800000e-04 3.484880e-01
427 6.506080e-01 7.760000e-04 3.486160e-01
428 6.504720e-01 7.520000e-04 3.487760e-01
429 6.503840e-01 7.120000e-04 3.489040e-01
430 6.503120e-01 6.880000e-04 3.490000e-01
431 6.501240e-01 7.440000e-04 3.491320e-01
432 6.500160e-01 7.520000e-04 3.492320e-01
433 6.498480e-01 7.720000e-04 3.493800e-01
434 6.497080e-01 8.080000e-04 3.494840e-01
435 6.495920e-01 7.680000e-04 3.496400e-01
436 6.494640e-01 7.720000e-04 3.497640e-01
437 6.493160e-01 7.880000e-04 3.498960e-01
438 6.491960e-01 7.520000e-04 3.500520e-01
439 6.490680e-01 7.600000e-04 3.501720e-01
440 6.489200e-01 7.680000e-04 3.503120e-01
441 6.487400e-01 8.040000e-04 3.504560e-01
442 6.485960e-01 8.320000e-04 3.505720e-01
443 6.484680e-01 8.040000e-04 3.507280e-01
444 6.483680e-01 7.800000e-04 3.508520e-01
445 6.482440e-01 7.640000e-04 3.509920e-01
446 6.481400e-01 7.560000e-04 3.511040e-01
447 6.480240e-01 7.440000e-04 3.512320e-01
448 6.479200e-01 7.040000e-04 3.513760e-01
449 6.478120e-01 7.040000e-04 3.514840e-01
450 6.477200e-01 6.560000e-04 3.516240e-01
451 6.476000e-01 6.960000e-04 3.517040e-01
452 6.475080e-01 7.000000e-04 3.517920e-01
453 6.474280e-01 6.240000e-04 3.519480e-01
454 6.473480e-01 6.000000e-04 3.520520e-01
455 6.472560e-01 5.840000e-04 3.521600e-01
456 6.471680e-01 5.640000e-04 3.522680e-01
457 6.471040e-01 5.240000e-04 3.523720e-01
458 6.470440e-01 4.720000e-04 3.524840e-01
459 6.469520e-01 4.640000e-04 3.525840e-01
460 6.468600e-01 4.720000e-04 3.526680e-01
461 6.467680e-01 4.880000e-04 3.527440e-01
462 6.466240e-01 5.280000e-04 3.528480e-01
463 6.465840e-01 4.880000e-04 3.529280e-01
464 6.464920e-01 4.920000e-04 3.530160e-01
465 6.463640e-01 5.400000e-04 3.530960e-01
466 6.462280e-01 5.800000e-04 3.531920e-01
467 6.460880e-01 6.360000e-04 3.532760e-01
468 6.458920e-01 7.240000e-04 3.533840e-01
469 6.457440e-01 7.080000e-04 3.535480e-01
470 6.456280e-01 6.880000e-04 3.536840e-01
471 6.455200e-01 6.560000e-04 3.538240e-01
472 6.454240e-01 6.360000e-04 3.539400e-01
473 6.452960e-01 6.600000e-04 3.540440e-01
474 6.451800e-01 6.480000e-04 3.541720e-01
475 6.450160e-01 7.080000e-04 3.542760e-01
476 6.449320e-01 6.760000e-04 3.543920e-01
477 6.448360e-01 6.600000e-04 3.545040e-01
478 6.447280e-01 6.440000e-04 3.546280e-01
479 6.445480e-01 7.320000e-04 3.547200e-01
480 6.444480e-01 6.800000e-04 3.548720e-01
481 6.443840e-01 6.320000e-04 3.549840e-01
482 6.442480e-01 6.480000e-04 3.551040e-01
483 6.441600e-01 6.000000e-04 3.552400e-01
484 6.440320e-01 6.120000e-04 3.553560e-01
485 6.439000e-01 6.400000e-04 3.554600e-01
486 6.437920e-01 6.240000e-04 3.555840e-01
487 6.436440e-01 6.520000e-04 3.557040e-01
488 6.435320e-01 6.280000e-04 3.558400e-01
489 6.433840e-01 6.640000e-04 3.559520e-01
490 6.432760e-01 6.440000e-04 3.560800e-01
491 6.431840e-01 6.320000e-04 3.561840e-01
492 6.430840e-01 6.360000e-04 3.562800e-01
493 6.429680e-01 6.520000e-04 3.563800e-01
494 6.428880e-01 6.480000e-04 3.564640e-01
495 6.427960e-01 6.360000e-04 3.565680e-01
496 6.427240e-01 5.760000e-04 3.567000e-01
497 6.426240e-01 5.680000e-04 3.568080e-01
498 6.425720e-01 5.280000e-04 3.569000e-01
499 6.424840e-01 5.360000e-04 3.569800e-01
500 6.424360e-01 5.080000e-04 3.570560e-01
