1 9.991520e-01 7.480000e-04 1.000000e-04
2 9.986560e-01 1.100000e-03 2.440000e-04
3 9.980320e-01 1.472000e-03 4.960000e-04
4 9.973720e-01 1.828000e-03 8.000000e-04
5 9.965360e-01 2.288000e-03 1.176000e-03
6 9.957320e-01 2.668000e-03 1.600000e-03
7 9.947560e-01 3.128000e-03 2.116000e-03
8 9.938600e-01 3.412000e-03 2.728000e-03
9 9.927680e-01 3.852000e-03 3.380000e-03
10 9.917280e-01 4.228000e-03 4.044000e-03
11 9.905720e-01 4.624000e-03 4.804000e-03
12 9.894760e-01 4.892000e-03 5.632000e-03
13 9.881760e-01 5.364000e-03 6.460000e-03
14 9.869640e-01 5.532000e-03 7.504000e-03
15 9.858200e-01 5.660000e-03 8.520000e-03
16 9.845600e-01 5.996000e-03 9.444000e-03
17 9.832080e-01 6.320000e-03 1.047200e-02
18 9.818920e-01 6.476000e-03 1.163200e-02
19 9.806240e-01 6.644000e-03 1.273200e-02
20 9.794680e-01 6.644000e-03 1.388800e-02
21 9.781880e-01 6.864000e-03 1.494800e-02
22 9.768320e-01 6.996000e-03 1.617200e-02
23 9.756080e-01 7.096000e-03 1.729600e-02
24 9.741680e-01 7.328000e-03 1.850400e-02
25 9.726200e-01 7.596000e-03 1.978400e-02
26 9.711720e-01 7.740000e-03 2.108800e-02
27 9.695520e-01 7.948000e-03 2.250000e-02
28 9.679800e-01 8.112000e-03 2.390800e-02
29 9.663680e-01 8.340000e-03 2.529200e-02
30 9.646040e-01 8.496000e-03 2.690000e-02
31 9.629760e-01 8.632000e-03 2.839200e-02
32 9.613960e-01 8.716000e-03 2.988800e-02
33 9.599120e-01 8.632000e-03 3.145600e-02
34 9.584800e-01 8.540000e-03 3.298000e-02
35 9.567640e-01 8.716000e-03 3.452000e-02
36 9.553280e-01 8.716000e-03 3.595600e-02
37 9.538760e-01 8.616000e-03 3.750800e-02
38 9.523640e-01 8.496000e-03 3.914000e-02
39 9.508600e-01 8.440000e-03 4.070000e-02
40 9.494360e-01 8.448000e-03 4.211600e-02
41 9.477560e-01 8.796000e-03 4.344800e-02
42 9.459240e-01 9.184000e-03 4.489200e-02
43 9.442040e-01 9.360000e-03 4.643600e-02
44 9.423280e-01 9.600000e-03 4.807200e-02
45 9.404080e-01 9.804000e-03 4.978800e-02
46 9.386040e-01 9.888000e-03 5.150800e-02
47 9.367040e-01 1.012400e-02 5.317200e-02
48 9.348800e-01 1.020000e-02 5.492000e-02
49 9.330560e-01 1.025200e-02 5.669200e-02
50 9.313360e-01 1.025200e-02 5.841200e-02
51 9.297000e-01 1.020400e-02 6.009600e-02
52 9.281080e-01 9.952000e-03 6.194000e-02
53 9.265920e-01 9.736000e-03 6.367200e-02
54 9.250720e-01 9.496000e-03 6.543200e-02
55 9.234200e-01 9.536000e-03 6.704400e-02
56 9.218840e-01 9.556000e-03 6.856000e-02
57 9.202960e-01 9.340000e-03 7.036400e-02
58 9.187360e-01 9.268000e-03 7.199600e-02
59 9.171160e-01 9.240000e-03 7.364400e-02
60 9.156800e-01 9.176000e-03 7.514400e-02
61 9.140520e-01 9.324000e-03 7.662400e-02
62 9.125160e-01 9.216000e-03 7.826800e-02
63 9.108160e-01 9.304000e-03 7.988000e-02
64 9.091520e-01 9.332000e-03 8.151600e-02
65 9.074880e-01 9.292000e-03 8.322000e-02
66 9.059000e-01 9.184000e-03 8.491600e-02
67 9.042800e-01 9.312000e-03 8.640800e-02
68 9.026560e-01 9.296000e-03 8.804800e-02
69 9.009440e-01 9.228000e-03 8.982800e-02
70 8.992640e-01 9.260000e-03 9.147600e-02
71 8.976240e-01 9.296000e-03 9.308000e-02
72 8.960920e-01 9.108000e-03 9.480000e-02
73 8.943640e-01 9.316000e-03 9.632000e-02
74 8.927680e-01 9.260000e-03 9.797200e-02
75 8.910360e-01 9.332000e-03 9.963200e-02
76 8.893560e-01 9.300000e-03 1.013440e-01
77 8.877400e-01 9.288000e-03 1.029720e-01
78 8.861640e-01 9.172000e-03 1.046640e-01
79 8.845120e-01 9.164000e-03 1.063240e-01
80 8.829800e-01 9.100000e-03 1.079200e-01
81 8.813360e-01 9.108000e-03 1.095560e-01
82 8.797360e-01 9.164000e-03 1.111000e-01
83 8.780880e-01 9.148000e-03 1.127640e-01
84 8.765160e-01 9.228000e-03 1.142560e-01
85 8.750080e-01 9.136000e-03 1.158560e-01
86 8.733120e-01 9.260000e-03 1.174280e-01
87 8.717480e-01 9.296000e-03 1.189560e-01
88 8.702320e-01 9.260000e-03 1.205080e-01
89 8.685640e-01 9.248000e-03 1.221880e-01
90 8.671080e-01 8.992000e-03 1.239000e-01
91 8.656480e-01 8.880000e-03 1.254720e-01
92 8.639800e-01 9.048000e-03 1.269720e-01
93 8.625200e-01 8.908000e-03 1.285720e-01
94 8.610680e-01 8.772000e-03 1.301600e-01
95 8.596880e-01 8.580000e-03 1.317320e-01
96 8.580440e-01 8.600000e-03 1.333560e-01
97 8.564760e-01 8.512000e-03 1.350120e-01
98 8.549480e-01 8.660000e-03 1.363920e-01
99 8.534320e-01 8.564000e-03 1.380040e-01
100 8.520080e-01 8.472000e-03 1.395200e-01
101 8.505680e-01 8.316000e-03 1.411160e-01
102 8.492040e-01 8.264000e-03 1.425320e-01
103 8.478520e-01 8.136000e-03 1.440120e-01
104 8.465360e-01 8.080000e-03 1.453840e-01
105 8.450800e-01 8.168000e-03 1.467520e-01
106 8.436760e-01 8.232000e-03 1.480920e-01
107 8.423160e-01 8.100000e-03 1.495840e-01
108 8.408200e-01 8.168000e-03 1.510120e-01
109 8.394720e-01 8.040000e-03 1.524880e-01
110 8.383440e-01 7.776000e-03 1.538800e-01
111 8.370520e-01 7.772000e-03 1.551760e-01
112 8.357400e-01 7.868000e-03 1.563920e-01
113 8.344520e-01 7.872000e-03 1.576760e-01
114 8.330800e-01 7.964000e-03 1.589560e-01
115 8.318080e-01 7.900000e-03 1.602920e-01
116 8.304760e-01 7.912000e-03 1.616120e-01
117 8.292880e-01 7.692000e-03 1.630200e-01
118 8.280840e-01 7.572000e-03 1.643440e-01
119 8.268200e-01 7.476000e-03 1.657040e-01
120 8.255800e-01 7.508000e-03 1.669120e-01
121 8.243960e-01 7.436000e-03 1.681680e-01
122 8.232240e-01 7.372000e-03 1.694040e-01
123 8.218400e-01 7.556000e-03 1.706040e-01
124 8.203400e-01 7.780000e-03 1.718800e-01
125 8.189800e-01 7.872000e-03 1.731480e-01
126 8.176080e-01 7.900000e-03 1.744920e-01
127 8.164080e-01 7.676000e-03 1.759160e-01
128 8.150960e-01 7.680000e-03 1.772240e-01
129 8.138160e-01 7.612000e-03 1.785720e-01
130 8.124880e-01 7.628000e-03 1.798840e-01
131 8.112960e-01 7.540000e-03 1.811640e-01
132 8.100000e-01 7.472000e-03 1.825280e-01
133 8.089480e-01 7.212000e-03 1.838400e-01
134 8.079760e-01 7.028000e-03 1.849960e-01
135 8.068240e-01 7.060000e-03 1.861160e-01
136 8.056720e-01 6.992000e-03 1.873360e-01
137 8.046360e-01 6.736000e-03 1.886280e-01
138 8.035000e-01 6.688000e-03 1.898120e-01
139 8.025680e-01 6.440000e-03 1.909920e-01
140 8.014520e-01 6.388000e-03 1.921600e-01
141 8.004000e-01 6.408000e-03 1.931920e-01
142 7.993640e-01 6.280000e-03 1.943560e-01
143 7.984520e-01 6.092000e-03 1.954560e-01
144 7.972560e-01 6.308000e-03 1.964360e-01
145 7.961360e-01 6.280000e-03 1.975840e-01
146 7.949880e-01 6.316000e-03 1.986960e-01
147 7.938360e-01 6.472000e-03 1.996920e-01
148 7.926960e-01 6.520000e-03 2.007840e-01
149 7.915800e-01 6.580000e-03 2.018400e-01
150 7.904040e-01 6.536000e-03 2.030600e-01
151 7.893080e-01 6.496000e-03 2.041960e-01
152 7.882440e-01 6.540000e-03 2.052160e-01
153 7.869880e-01 6.628000e-03 2.063840e-01
154 7.858360e-01 6.644000e-03 2.075200e-01
155 7.846880e-01 6.684000e-03 2.086280e-01
156 7.835480e-01 6.632000e-03 2.098200e-01
157 7.825520e-01 6.512000e-03 2.109360e-01
158 7.816320e-01 6.316000e-03 2.120520e-01
159 7.805960e-01 6.300000e-03 2.131040e-01
160 7.793680e-01 6.348000e-03 2.142840e-01
161 7.783480e-01 6.168000e-03 2.154840e-01
162 7.772160e-01 6.316000e-03 2.164680e-01
163 7.761160e-01 6.324000e-03 2.175600e-01
164 7.750920e-01 6.220000e-03 2.186880e-01
165 7.741760e-01 6.096000e-03 2.197280e-01
166 7.731440e-01 5.992000e-03 2.208640e-01
167 7.720920e-01 6.024000e-03 2.218840e-01
168 7.711760e-01 5.892000e-03 2.229320e-01
169 7.702520e-01 5.880000e-03 2.238680e-01
170 7.691480e-01 5.860000e-03 2.249920e-01
171 7.681920e-01 5.776000e-03 2.260320e-01
172 7.672760e-01 5.796000e-03 2.269280e-01
173 7.664240e-01 5.632000e-03 2.279440e-01
174 7.654720e-01 5.548000e-03 2.289800e-01
175 7.646360e-01 5.484000e-03 2.298800e-01
176 7.637520e-01 5.408000e-03 2.308400e-01
177 7.627640e-01 5.528000e-03 2.317080e-01
178 7.617640e-01 5.528000e-03 2.327080e-01
179 7.607880e-01 5.524000e-03 2.336880e-01
180 7.598640e-01 5.496000e-03 2.346400e-01
181 7.589440e-01 5.516000e-03 2.355400e-01
182 7.578400e-01 5.628000e-03 2.365320e-01
183 7.567480e-01 5.724000e-03 2.375280e-01
184 7.556320e-01 5.792000e-03 2.385760e-01
185 7.546960e-01 5.708000e-03 2.395960e-01
186 7.536400e-01 5.676000e-03 2.406840e-01
187 7.526880e-01 5.664000e-03 2.416480e-01
188 7.517800e-01 5.632000e-03 2.425880e-01
189 7.508120e-01 5.592000e-03 2.435960e-01
190 7.499920e-01 5.504000e-03 2.445040e-01
191 7.491600e-01 5.352000e-03 2.454880e-01
192 7.483000e-01 5.284000e-03 2.464160e-01
193 7.472920e-01 5.264000e-03 2.474440e-01
194 7.463800e-01 5.232000e-03 2.483880e-01
195 7.454680e-01 5.220000e-03 2.493120e-01
196 7.445960e-01 5.128000e-03 2.502760e-01
197 7.437680e-01 5.036000e-03 2.511960e-01
198 7.428680e-01 5.076000e-03 2.520560e-01
199 7.419280e-01 5.176000e-03 2.528960e-01
200 7.411080e-01 5.064000e-03 2.538280e-01
201 7.402920e-01 5.000000e-03 2.547080e-01
202 7.394240e-01 5.108000e-03 2.554680e-01
203 7.384960e-01 5.120000e-03 2.563840e-01
204 7.377120e-01 5.076000e-03 2.572120e-01
205 7.369400e-01 4.864000e-03 2.581960e-01
206 7.361040e-01 4.804000e-03 2.590920e-01
207 7.351360e-01 4.892000e-03 2.599720e-01
208 7.342840e-01 4.884000e-03 2.608320e-01
209 7.333840e-01 4.916000e-03 2.617000e-01
210 7.326240e-01 4.856000e-03 2.625200e-01
211 7.318560e-01 4.656000e-03 2.634880e-01
212 7.311200e-01 4.620000e-03 2.642600e-01
213 7.303640e-01 4.560000e-03 2.650760e-01
214 7.295720e-01 4.648000e-03 2.657800e-01
215 7.287680e-01 4.684000e-03 2.665480e-01
216 7.279440e-01 4.696000e-03 2.673600e-01
217 7.270680e-01 4.740000e-03 2.681920e-01
218 7.261320e-01 4.840000e-03 2.690280e-01
219 7.252280e-01 4.904000e-03 2.698680e-01
220 7.244320e-01 4.836000e-03 2.707320e-01
221 7.236240e-01 4.848000e-03 2.715280e-01
222 7.226920e-01 4.964000e-03 2.723440e-01
223 7.217840e-01 5.012000e-03 2.732040e-01
224 7.210200e-01 4.880000e-03 2.741000e-01
225 7.201200e-01 5.036000e-03 2.748440e-01
226 7.193880e-01 4.836000e-03 2.757760e-01
227 7.186200e-01 4.808000e-03 2.765720e-01
228 7.179480e-01 4.540000e-03 2.775120e-01
229 7.172560e-01 4.484000e-03 2.782600e-01
230 7.164920e-01 4.492000e-03 2.790160e-01
231 7.158760e-01 4.340000e-03 2.797840e-01
232 7.152280e-01 4.180000e-03 2.805920e-01
233 7.145320e-01 4.120000e-03 2.813480e-01
234 7.139080e-01 4.036000e-03 2.820560e-01
235 7.131520e-01 4.024000e-03 2.828240e-01
236 7.126040e-01 3.880000e-03 2.835160e-01
237 7.120040e-01 3.816000e-03 2.841800e-01
238 7.114480e-01 3.744000e-03 2.848080e-01
239 7.108280e-01 3.724000e-03 2.854480e-01
240 7.101800e-01 3.784000e-03 2.860360e-01
241 7.096040e-01 3.616000e-03 2.867800e-01
242 7.090520e-01 3.532000e-03 2.874160e-01
243 7.084200e-01 3.532000e-03 2.880480e-01
244 7.079000e-01 3.456000e-03 2.886440e-01
245 7.073280e-01 3.440000e-03 2.892320e-01
246 7.067320e-01 3.456000e-03 2.898120e-01
247 7.061200e-01 3.500000e-03 2.903800e-01
248 7.055800e-01 3.508000e-03 2.909120e-01
249 7.050120e-01 3.500000e-03 2.914880e-01
250 7.043560e-01 3.468000e-03 2.921760e-01
251 7.038440e-01 3.428000e-03 2.927280e-01
252 7.033240e-01 3.328000e-03 2.933480e-01
253 7.027400e-01 3.284000e-03 2.939760e-01
254 7.021600e-01 3.220000e-03 2.946200e-01
255 7.016320e-01 3.256000e-03 2.951120e-01
256 7.011600e-01 3.056000e-03 2.957840e-01
257 7.006560e-01 3.048000e-03 2.962960e-01
258 7.002000e-01 2.980000e-03 2.968200e-01
259 6.996800e-01 3.020000e-03 2.973000e-01
260 6.991160e-01 3.048000e-03 2.978360e-01
261 6.985880e-01 3.016000e-03 2.983960e-01
262 6.981520e-01 3.012000e-03 2.988360e-01
263 6.976520e-01 2.996000e-03 2.993520e-01
264 6.971600e-01 2.920000e-03 2.999200e-01
265 6.967400e-01 2.856000e-03 3.004040e-01
266 6.962640e-01 2.900000e-03 3.008360e-01
267 6.958320e-01 2.860000e-03 3.013080e-01
268 6.954280e-01 2.788000e-03 3.017840e-01
269 6.950360e-01 2.656000e-03 3.023080e-01
270 6.946480e-01 2.556000e-03 3.027960e-01
271 6.941760e-01 2.524000e-03 3.033000e-01
272 6.936640e-01 2.576000e-03 3.037600e-01
273 6.931600e-01 2.616000e-03 3.042240e-01
274 6.925560e-01 2.756000e-03 3.046880e-01
275 6.920120e-01 2.792000e-03 3.051960e-01
276 6.915720e-01 2.768000e-03 3.056600e-01
277 6.911160e-01 2.768000e-03 3.061160e-01
278 6.907000e-01 2.644000e-03 3.066560e-01
279 6.902160e-01 2.712000e-03 3.070720e-01
280 6.898320e-01 2.592000e-03 3.075760e-01
281 6.893080e-01 2.672000e-03 3.080200e-01
282 6.888880e-01 2.624000e-03 3.084880e-01
283 6.883560e-01 2.732000e-03 3.089120e-01
284 6.878720e-01 2.728000e-03 3.094000e-01
285 6.874400e-01 2.696000e-03 3.098640e-01
286 6.870600e-01 2.660000e-03 3.102800e-01
287 6.866400e-01 2.588000e-03 3.107720e-01
288 6.862320e-01 2.540000e-03 3.112280e-01
289 6.858520e-01 2.484000e-03 3.116640e-01
290 6.853960e-01 2.580000e-03 3.120240e-01
291 6.849240e-01 2.588000e-03 3.124880e-01
292 6.844480e-01 2.600000e-03 3.129520e-01
293 6.840800e-01 2.512000e-03 3.134080e-01
294 6.835600e-01 2.576000e-03 3.138640e-01
295 6.830840e-01 2.592000e-03 3.143240e-01
296 6.826960e-01 2.468000e-03 3.148360e-01
297 6.823120e-01 2.460000e-03 3.152280e-01
298 6.819760e-01 2.388000e-03 3.156360e-01
299 6.816200e-01 2.332000e-03 3.160480e-01
300 6.812880e-01 2.296000e-03 3.164160e-01
301 6.809240e-01 2.244000e-03 3.168320e-01
302 6.805640e-01 2.220000e-03 3.172160e-01
303 6.802240e-01 2.148000e-03 3.176280e-01
304 6.799280e-01 2.084000e-03 3.179880e-01
305 6.795240e-01 2.132000e-03 3.183440e-01
306 6.791880e-01 2.044000e-03 3.187680e-01
307 6.788720e-01 1.972000e-03 3.191560e-01
308 6.785880e-01 1.912000e-03 3.195000e-01
309 6.782760e-01 1.876000e-03 3.198480e-01
310 6.780120e-01 1.832000e-03 3.201560e-01
311 6.777200e-01 1.836000e-03 3.204440e-01
312 6.774560e-01 1.788000e-03 3.207560e-01
313 6.771840e-01 1.732000e-03 3.210840e-01
314 6.769480e-01 1.660000e-03 3.213920e-01
315 6.766920e-01 1.588000e-03 3.217200e-01
316 6.764320e-01 1.540000e-03 3.220280e-01
317 6.762040e-01 1.540000e-03 3.222560e-01
318 6.759680e-01 1.500000e-03 3.225320e-01
319 6.756640e-01 1.532000e-03 3.228040e-01
320 6.753800e-01 1.580000e-03 3.230400e-01
321 6.750960e-01 1.580000e-03 3.233240e-01
322 6.748080e-01 1.580000e-03 3.236120e-01
323 6.745360e-01 1.624000e-03 3.238400e-01
324 6.743360e-01 1.504000e-03 3.241600e-01
325 6.741080e-01 1.424000e-03 3.244680e-01
326 6.738200e-01 1.452000e-03 3.247280e-01
327 6.735280e-01 1.468000e-03 3.250040e-01
328 6.732880e-01 1.488000e-03 3.252240e-01
329 6.730320e-01 1.484000e-03 3.254840e-01
330 6.727960e-01 1.436000e-03 3.257680e-01
331 6.725160e-01 1.404000e-03 3.260800e-01
332 6.722880e-01 1.380000e-03 3.263320e-01
333 6.720920e-01 1.364000e-03 3.265440e-01
334 6.718880e-01 1.312000e-03 3.268000e-01
335 6.717080e-01 1.272000e-03 3.270200e-01
336 6.715640e-01 1.200000e-03 3.272360e-01
337 6.713120e-01 1.220000e-03 3.274680e-01
338 6.711280e-01 1.252000e-03 3.276200e-01
339 6.709240e-01 1.176000e-03 3.279000e-01
340 6.707520e-01 1.116000e-03 3.281320e-01
341 6.705600e-01 1.132000e-03 3.283080e-01
342 6.703960e-01 1.080000e-03 3.285240e-01
343 6.701920e-01 1.104000e-03 3.287040e-01
344 6.699720e-01 1.140000e-03 3.288880e-01
345 6.696880e-01 1.196000e-03 3.291160e-01
346 6.694680e-01 1.204000e-03 3.293280e-01
347 6.692520e-01 1.232000e-03 3.295160e-01
348 6.690160e-01 1.240000e-03 3.297440e-01
349 6.688040e-01 1.228000e-03 3.299680e-01
350 6.685760e-01 1.280000e-03 3.301440e-01
351 6.683760e-01 1.264000e-03 3.303600e-01
352 6.682000e-01 1.252000e-03 3.305480e-01
353 6.680600e-01 1.168000e-03 3.307720e-01
354 6.679240e-01 1.120000e-03 3.309560e-01
355 6.677720e-01 1.108000e-03 3.311200e-01
356 6.676200e-01 1.052000e-03 3.313280e-01
357 6.675000e-01 9.880000e-04 3.315120e-01
358 6.673120e-01 9.960000e-04 3.316920e-01
359 6.671000e-01 1.056000e-03 3.318440e-01
360 6.668400e-01 1.108000e-03 3.320520e-01
361 6.666480e-01 1.120000e-03 3.322320e-01
362 6.664040e-01 1.180000e-03 3.324160e-01
363 6.662160e-01 1.204000e-03 3.325800e-01
364 6.660440e-01 1.212000e-03 3.327440e-01
365 6.658280e-01 1.204000e-03 3.329680e-01
366 6.656480e-01 1.176000e-03 3.331760e-01
367 6.654520e-01 1.144000e-03 3.334040e-01
368 6.652240e-01 1.188000e-03 3.335880e-01
369 6.649880e-01 1.192000e-03 3.338200e-01
370 6.647280e-01 1.236000e-03 3.340360e-01
371 6.644760e-01 1.288000e-03 3.342360e-01
372 6.642080e-01 1.300000e-03 3.344920e-01
373 6.639880e-01 1.328000e-03 3.346840e-01
374 6.637440e-01 1.364000e-03 3.348920e-01
375 6.635440e-01 1.308000e-03 3.351480e-01
376 6.632880e-01 1.376000e-03 3.353360e-01
377 6.631080e-01 1.304000e-03 3.355880e-01
378 6.629080e-01 1.256000e-03 3.358360e-01
379 6.626880e-01 1.252000e-03 3.360600e-01
380 6.623920e-01 1.348000e-03 3.362600e-01
381 6.621200e-01 1.396000e-03 3.364840e-01
382 6.618400e-01 1.460000e-03 3.367000e-01
383 6.615920e-01 1.436000e-03 3.369720e-01
384 6.613240e-01 1.476000e-03 3.372000e-01
385 6.610720e-01 1.456000e-03 3.374720e-01
386 6.608600e-01 1.404000e-03 3.377360e-01
387 6.606360e-01 1.336000e-03 3.380280e-01
388 6.604720e-01 1.268000e-03 3.382600e-01
389 6.603120e-01 1.220000e-03 3.384680e-01
390 6.601160e-01 1.204000e-03 3.386800e-01
391 6.599680e-01 1.164000e-03 3.388680e-01
392 6.597920e-01 1.144000e-03 3.390640e-01
393 6.596160e-01 1.100000e-03 3.392840e-01
394 6.594080e-01 1.100000e-03 3.394920e-01
395 6.592000e-01 1.156000e-03 3.396440e-01
396 6.589960e-01 1.164000e-03 3.398400e-01
397 6.587920e-01 1.136000e-03 3.400720e-01
398 6.585960e-01 1.124000e-03 3.402800e-01
399 6.583480e-01 1.184000e-03 3.404680e-01
400 6.581200e-01 1.232000e-03 3.406480e-01
401 6.578320e-01 1.288000e-03 3.408800e-01
402 6.576240e-01 1.284000e-03 3.410920e-01
403 6.574440e-01 1.280000e-03 3.412760e-01
404 6.572200e-01 1.332000e-03 3.414480e-01
405 6.569680e-01 1.336000e-03 3.416960e-01
406 6.567840e-01 1.308000e-03 3.419080e-01
407 6.565720e-01 1.296000e-03 3.421320e-01
408 6.564000e-01 1.240000e-03 3.423600e-01
409 6.562320e-01 1.184000e-03 3.425840e-01
410 6.560680e-01 1.164000e-03 3.427680e-01
411 6.558880e-01 1.092000e-03 3.430200e-01
412 6.556800e-01 1.080000e-03 3.432400e-01
413 6.554760e-01 1.092000e-03 3.434320e-01
414 6.553000e-01 1.100000e-03 3.436000e-01
415 6.551240e-01 1.072000e-03 3.438040e-01
416 6.549120e-01 1.092000e-03 3.439960e-01
417 6.547040e-01 1.160000e-03 3.441360e-01
418 6.544400e-01 1.244000e-03 3.443160e-01
419 6.541680e-01 1.272000e-03 3.445600e-01
420 6.538960e-01 1.268000e-03 3.448360e-01
421 6.536960e-01 1.280000e-03 3.450240e-01
422 6.534360e-01 1.324000e-03 3.452400e-01
423 6.532040e-01 1.296000e-03 3.455000e-01
424 6.530600e-01 1.248000e-03 3.456920e-01
425 6.528400e-01 1.328000e-03 3.458320e-01
426 6.527120e-01 1.212000e-03 3.460760e-01
427 6.525400e-01 1.200000e-03 3.462600e-01
428 6.523400e-01 1.160000e-03 3.465000e-01
429 6.521560e-01 1.148000e-03 3.466960e-01
430 6.519360e-01 1.176000e-03 3.468880e-01
431 6.516880e-01 1.196000e-03 3.471160e-01
432 6.514560e-01 1.204000e-03 3.473400e-01
433 6.512160e-01 1.260000e-03 3.475240e-01
434 6.510040e-01 1.236000e-03 3.477600e-01
435 6.508040e-01 1.160000e-03 3.480360e-01
436 6.506200e-01 1.156000e-03 3.482240e-01
437 6.504520e-01 1.124000e-03 3.484240e-01
438 6.503160e-01 1.040000e-03 3.486440e-01
439 6.501840e-01 1.008000e-03 3.488080e-01
440 6.500360e-01 9.240000e-04 3.490400e-01
441 6.499280e-01 9.320000e-04 3.491400e-01
442 6.497520e-01 9.480000e-04 3.493000e-01
443 6.495480e-01 1.000000e-03 3.494520e-01
444 6.494160e-01 9.480000e-04 3.496360e-01
445 6.492760e-01 9.640000e-04 3.497600e-01
446 6.490800e-01 9.840000e-04 3.499360e-01
447 6.489360e-01 9.720000e-04 3.500920e-01
448 6.487680e-01 1.004000e-03 3.502280e-01
449 6.486240e-01 9.600000e-04 3.504160e-01
450 6.484560e-01 9.520000e-04 3.505920e-01
451 6.483120e-01 8.760000e-04 3.508120e-01
452 6.481920e-01 8.480000e-04 3.509600e-01
453 6.480560e-01 8.560000e-04 3.510880e-01
454 6.479120e-01 8.600000e-04 3.512280e-01
455 6.477560e-01 8.440000e-04 3.514000e-01
456 6.476120e-01 8.000000e-04 3.515880e-01
457 6.474520e-01 8.160000e-04 3.517320e-01
458 6.473480e-01 7.480000e-04 3.519040e-01
459 6.472040e-01 7.560000e-04 3.520400e-01
460 6.470960e-01 7.640000e-04 3.521400e-01
461 6.469680e-01 7.840000e-04 3.522480e-01
462 6.468600e-01 7.800000e-04 3.523600e-01
463 6.467320e-01 7.680000e-04 3.525000e-01
464 6.466080e-01 7.120000e-04 3.526800e-01
465 6.465360e-01 6.760000e-04 3.527880e-01
466 6.464320e-01 6.600000e-04 3.529080e-01
467 6.463240e-01 6.600000e-04 3.530160e-01
468 6.462040e-01 6.800000e-04 3.531160e-01
469 6.460560e-01 6.840000e-04 3.532600e-01
470 6.459800e-01 6.160000e-04 3.534040e-01
471 6.458760e-01 6.160000e-04 3.535080e-01
472 6.457880e-01 6.280000e-04 3.535840e-01
473 6.457000e-01 6.040000e-04 3.536960e-01
474 6.456480e-01 5.080000e-04 3.538440e-01
475 6.455680e-01 4.960000e-04 3.539360e-01
476 6.454920e-01 4.800000e-04 3.540280e-01
477 6.453880e-01 5.120000e-04 3.541000e-01
478 6.453000e-01 5.120000e-04 3.541880e-01
479 6.452160e-01 5.240000e-04 3.542600e-01
480 6.451520e-01 5.200000e-04 3.543280e-01
481 6.450920e-01 4.720000e-04 3.544360e-01
482 6.450000e-01 4.880000e-04 3.545120e-01
483 6.449040e-01 5.240000e-04 3.545720e-01
484 6.447880e-01 5.680000e-04 3.546440e-01
485 6.446320e-01 6.400000e-04 3.547280e-01
486 6.444960e-01 6.480000e-04 3.548560e-01
487 6.443800e-01 6.520000e-04 3.549680e-01
488 6.442960e-01 6.320000e-04 3.550720e-01
489 6.442040e-01 6.040000e-04 3.551920e-01
490 6.441240e-01 5.720000e-04 3.553040e-01
491 6.440640e-01 5.600000e-04 3.553760e-01
492 6.439960e-01 5.240000e-04 3.554800e-01
493 6.439480e-01 4.800000e-04 3.555720e-01
494 6.438680e-01 4.800000e-04 3.556520e-01
495 6.438080e-01 4.320000e-04 3.557600e-01
496 6.437600e-01 4.240000e-04 3.558160e-01
497 6.437000e-01 4.160000e-04 3.558840e-01
498 6.435960e-01 4.440000e-04 3.559600e-01
499 6.435320e-01 4.400000e-04 3.560280e-01
500 6.434840e-01 3.920000e-04 3.561240e-01
