1 9.992320e-01 6.640000e-04 1.040000e-04
2 9.985880e-01 1.176000e-03 2.360000e-04
3 9.979640e-01 1.576000e-03 4.600000e-04
4 9.971600e-01 2.076000e-03 7.640000e-04
5 9.962520e-01 2.580000e-03 1.168000e-03
6 9.952680e-01 3.076000e-03 1.656000e-03
7 9.942080e-01 3.564000e-03 2.228000e-03
8 9.931920e-01 3.864000e-03 2.944000e-03
9 9.921920e-01 4.104000e-03 3.704000e-03
10 9.912280e-01 4.224000e-03 4.548000e-03
11 9.901040e-01 4.644000e-03 5.252000e-03
12 9.889880e-01 4.880000e-03 6.132000e-03
13 9.879200e-01 5.172000e-03 6.908000e-03
14 9.867720e-01 5.380000e-03 7.848000e-03
15 9.855760e-01 5.656000e-03 8.768000e-03
16 9.842920e-01 5.908000e-03 9.800000e-03
17 9.830840e-01 6.116000e-03 1.080000e-02
18 9.816480e-01 6.468000e-03 1.188400e-02
19 9.802760e-01 6.636000e-03 1.308800e-02
20 9.788120e-01 6.904000e-03 1.428400e-02
21 9.774320e-01 7.000000e-03 1.556800e-02
22 9.760000e-01 7.212000e-03 1.678800e-02
23 9.745040e-01 7.408000e-03 1.808800e-02
24 9.728760e-01 7.820000e-03 1.930400e-02
25 9.711040e-01 8.180000e-03 2.071600e-02
26 9.695280e-01 8.292000e-03 2.218000e-02
27 9.677880e-01 8.676000e-03 2.353600e-02
28 9.660240e-01 8.872000e-03 2.510400e-02
29 9.642840e-01 9.120000e-03 2.659600e-02
30 9.626880e-01 9.164000e-03 2.814800e-02
31 9.610200e-01 9.116000e-03 2.986400e-02
32 9.592800e-01 9.208000e-03 3.151200e-02
33 9.574400e-01 9.428000e-03 3.313200e-02
34 9.557760e-01 9.248000e-03 3.497600e-02
35 9.538640e-01 9.576000e-03 3.656000e-02
36 9.521160e-01 9.664000e-03 3.822000e-02
37 9.503520e-01 9.888000e-03 3.976000e-02
38 9.485120e-01 9.968000e-03 4.152000e-02
39 9.466800e-01 9.960000e-03 4.336000e-02
40 9.448720e-01 1.005600e-02 4.507200e-02
41 9.430520e-01 1.004400e-02 4.690400e-02
42 9.411000e-01 1.014000e-02 4.876000e-02
43 9.394080e-01 9.920000e-03 5.067200e-02
44 9.375840e-01 1.002000e-02 5.239600e-02
45 9.358080e-01 1.000400e-02 5.418800e-02
46 9.341360e-01 9.944000e-03 5.592000e-02
47 9.323920e-01 9.916000e-03 5.769200e-02
48 9.303960e-01 1.020000e-02 5.940400e-02
49 9.287960e-01 1.008000e-02 6.112400e-02
50 9.269040e-01 1.014000e-02 6.295600e-02
51 9.251760e-01 1.012800e-02 6.469600e-02
52 9.234760e-01 1.002000e-02 6.650400e-02
53 9.217360e-01 1.004000e-02 6.822400e-02
54 9.199280e-01 1.014400e-02 6.992800e-02
55 9.181560e-01 1.014000e-02 7.170400e-02
56 9.163120e-01 1.014000e-02 7.354800e-02
57 9.145840e-01 9.964000e-03 7.545200e-02
58 9.127000e-01 1.006000e-02 7.724000e-02
59 9.108600e-01 1.030400e-02 7.883600e-02
60 9.091240e-01 1.022400e-02 8.065200e-02
61 9.074880e-01 1.014400e-02 8.236800e-02
62 9.056120e-01 1.030800e-02 8.408000e-02
63 9.037240e-01 1.030800e-02 8.596800e-02
64 9.019560e-01 1.030800e-02 8.773600e-02
65 9.000760e-01 1.028800e-02 8.963600e-02
66 8.982120e-01 1.035200e-02 9.143600e-02
67 8.962280e-01 1.061600e-02 9.315600e-02
68 8.942760e-01 1.066000e-02 9.506400e-02
69 8.923280e-01 1.066800e-02 9.700400e-02
70 8.904600e-01 1.072000e-02 9.882000e-02
71 8.884000e-01 1.084800e-02 1.007520e-01
72 8.863960e-01 1.090400e-02 1.027000e-01
73 8.843520e-01 1.106000e-02 1.045880e-01
74 8.824800e-01 1.092000e-02 1.066000e-01
75 8.805840e-01 1.085200e-02 1.085640e-01
76 8.787280e-01 1.082800e-02 1.104440e-01
77 8.769760e-01 1.075200e-02 1.122720e-01
78 8.751600e-01 1.072400e-02 1.141160e-01
79 8.733240e-01 1.068800e-02 1.159880e-01
80 8.716560e-01 1.041200e-02 1.179320e-01
81 8.697720e-01 1.040400e-02 1.198240e-01
82 8.679600e-01 1.052400e-02 1.215160e-01
83 8.661000e-01 1.060400e-02 1.232960e-01
84 8.640640e-01 1.079600e-02 1.251400e-01
85 8.621880e-01 1.075600e-02 1.270560e-01
86 8.603320e-01 1.083600e-02 1.288320e-01
87 8.582960e-01 1.096000e-02 1.307440e-01
88 8.561320e-01 1.124800e-02 1.326200e-01
89 8.541480e-01 1.124000e-02 1.346120e-01
90 8.520280e-01 1.136400e-02 1.366080e-01
91 8.500080e-01 1.146000e-02 1.385320e-01
92 8.479400e-01 1.144000e-02 1.406200e-01
93 8.458600e-01 1.149600e-02 1.426440e-01
94 8.439280e-01 1.132000e-02 1.447520e-01
95 8.419880e-01 1.124000e-02 1.467720e-01
96 8.401000e-01 1.110800e-02 1.487920e-01
97 8.382680e-01 1.112000e-02 1.506120e-01
98 8.363320e-01 1.114800e-02 1.525200e-01
99 8.342880e-01 1.114400e-02 1.545680e-01
100 8.325000e-01 1.090000e-02 1.566000e-01
101 8.305160e-01 1.084800e-02 1.586360e-01
102 8.286520e-01 1.081200e-02 1.605360e-01
103 8.267360e-01 1.083600e-02 1.624280e-01
104 8.248320e-01 1.073600e-02 1.644320e-01
105 8.228920e-01 1.077200e-02 1.663360e-01
106 8.210120e-01 1.078000e-02 1.682080e-01
107 8.190120e-01 1.080800e-02 1.701800e-01
108 8.170440e-01 1.103600e-02 1.719200e-01
109 8.152000e-01 1.104000e-02 1.737600e-01
110 8.133960e-01 1.099200e-02 1.756120e-01
111 8.115600e-01 1.085200e-02 1.775880e-01
112 8.097800e-01 1.067600e-02 1.795440e-01
113 8.080120e-01 1.050400e-02 1.814840e-01
114 8.062920e-01 1.052400e-02 1.831840e-01
115 8.045560e-01 1.034400e-02 1.851000e-01
116 8.028040e-01 1.035200e-02 1.868440e-01
117 8.012000e-01 1.016000e-02 1.886400e-01
118 7.996400e-01 9.796000e-03 1.905640e-01
119 7.979480e-01 9.860000e-03 1.921920e-01
120 7.964280e-01 9.760000e-03 1.938120e-01
121 7.947800e-01 9.664000e-03 1.955560e-01
122 7.931240e-01 9.604000e-03 1.972720e-01
123 7.915520e-01 9.464000e-03 1.989840e-01
124 7.900160e-01 9.404000e-03 2.005800e-01
125 7.884880e-01 9.416000e-03 2.020960e-01
126 7.869160e-01 9.256000e-03 2.038280e-01
127 7.853760e-01 9.272000e-03 2.053520e-01
128 7.836840e-01 9.276000e-03 2.070400e-01
129 7.820280e-01 9.380000e-03 2.085920e-01
130 7.803920e-01 9.236000e-03 2.103720e-01
131 7.787960e-01 9.144000e-03 2.120600e-01
132 7.773720e-01 9.000000e-03 2.136280e-01
133 7.759280e-01 8.824000e-03 2.152480e-01
134 7.745920e-01 8.524000e-03 2.168840e-01
135 7.731240e-01 8.508000e-03 2.183680e-01
136 7.719120e-01 8.384000e-03 2.197040e-01
137 7.706160e-01 8.216000e-03 2.211680e-01
138 7.691880e-01 8.304000e-03 2.225080e-01
139 7.678080e-01 8.260000e-03 2.239320e-01
140 7.664520e-01 8.104000e-03 2.254440e-01
141 7.651480e-01 8.024000e-03 2.268280e-01
142 7.637360e-01 8.136000e-03 2.281280e-01
143 7.621840e-01 8.208000e-03 2.296080e-01
144 7.609520e-01 8.040000e-03 2.310080e-01
145 7.595960e-01 7.988000e-03 2.324160e-01
146 7.583640e-01 7.888000e-03 2.337480e-01
147 7.570520e-01 7.832000e-03 2.351160e-01
148 7.557280e-01 7.720000e-03 2.365520e-01
149 7.542600e-01 7.936000e-03 2.378040e-01
150 7.529520e-01 7.816000e-03 2.392320e-01
151 7.514880e-01 7.828000e-03 2.406840e-01
152 7.501840e-01 7.696000e-03 2.421200e-01
153 7.488440e-01 7.752000e-03 2.434040e-01
154 7.474640e-01 7.856000e-03 2.446800e-01
155 7.462480e-01 7.700000e-03 2.460520e-01
156 7.449800e-01 7.612000e-03 2.474080e-01
157 7.436560e-01 7.776000e-03 2.485680e-01
158 7.423240e-01 7.756000e-03 2.499200e-01
159 7.408960e-01 7.840000e-03 2.512640e-01
160 7.396520e-01 7.552000e-03 2.527960e-01
161 7.383840e-01 7.412000e-03 2.542040e-01
162 7.370520e-01 7.488000e-03 2.554600e-01
163 7.357600e-01 7.388000e-03 2.568520e-01
164 7.344440e-01 7.392000e-03 2.581640e-01
165 7.331880e-01 7.364000e-03 2.594480e-01
166 7.319040e-01 7.252000e-03 2.608440e-01
167 7.306960e-01 7.236000e-03 2.620680e-01
168 7.295360e-01 7.176000e-03 2.632880e-01
169 7.284320e-01 6.996000e-03 2.645720e-01
170 7.273040e-01 6.868000e-03 2.658280e-01
171 7.261800e-01 6.780000e-03 2.670400e-01
172 7.250640e-01 6.704000e-03 2.682320e-01
173 7.239120e-01 6.592000e-03 2.694960e-01
174 7.227880e-01 6.612000e-03 2.706000e-01
175 7.216680e-01 6.568000e-03 2.717640e-01
176 7.204600e-01 6.644000e-03 2.728960e-01
177 7.191760e-01 6.840000e-03 2.739840e-01
178 7.179640e-01 6.976000e-03 2.750600e-01
179 7.168360e-01 6.772000e-03 2.763920e-01
180 7.156120e-01 6.712000e-03 2.776760e-01
181 7.143360e-01 6.772000e-03 2.788920e-01
182 7.131920e-01 6.772000e-03 2.800360e-01
183 7.122240e-01 6.524000e-03 2.812520e-01
184 7.110840e-01 6.612000e-03 2.823040e-01
185 7.099880e-01 6.624000e-03 2.833880e-01
186 7.089120e-01 6.564000e-03 2.845240e-01
187 7.079000e-01 6.468000e-03 2.856320e-01
188 7.069120e-01 6.336000e-03 2.867520e-01
189 7.059800e-01 6.152000e-03 2.878680e-01
190 7.050320e-01 5.960000e-03 2.890080e-01
191 7.041280e-01 5.692000e-03 2.901800e-01
192 7.032160e-01 5.672000e-03 2.911120e-01
193 7.022760e-01 5.580000e-03 2.921440e-01
194 7.013480e-01 5.512000e-03 2.931400e-01
195 7.004000e-01 5.580000e-03 2.940200e-01
196 6.994520e-01 5.580000e-03 2.949680e-01
197 6.985360e-01 5.528000e-03 2.959360e-01
198 6.975960e-01 5.552000e-03 2.968520e-01
199 6.966520e-01 5.584000e-03 2.977640e-01
200 6.957400e-01 5.572000e-03 2.986880e-01
201 6.946960e-01 5.592000e-03 2.997120e-01
202 6.937280e-01 5.620000e-03 3.006520e-01
203 6.927320e-01 5.580000e-03 3.016880e-01
204 6.917000e-01 5.748000e-03 3.025520e-01
205 6.907600e-01 5.688000e-03 3.035520e-01
206 6.898200e-01 5.680000e-03 3.045000e-01
207 6.888880e-01 5.656000e-03 3.054560e-01
208 6.880000e-01 5.620000e-03 3.063800e-01
209 6.871440e-01 5.544000e-03 3.073120e-01
210 6.862360e-01 5.548000e-03 3.082160e-01
211 6.852440e-01 5.440000e-03 3.093160e-01
212 6.842440e-01 5.468000e-03 3.102880e-01
213 6.833160e-01 5.400000e-03 3.112840e-01
214 6.824720e-01 5.328000e-03 3.122000e-01
215 6.816280e-01 5.212000e-03 3.131600e-01
216 6.807560e-01 5.208000e-03 3.140360e-01
217 6.797600e-01 5.296000e-03 3.149440e-01
218 6.787560e-01 5.356000e-03 3.158880e-01
219 6.777560e-01 5.236000e-03 3.170080e-01
220 6.767520e-01 5.308000e-03 3.179400e-01
221 6.758120e-01 5.324000e-03 3.188640e-01
222 6.747680e-01 5.444000e-03 3.197880e-01
223 6.738320e-01 5.436000e-03 3.207320e-01
224 6.730360e-01 5.264000e-03 3.217000e-01
225 6.722600e-01 5.156000e-03 3.225840e-01
226 6.715040e-01 4.980000e-03 3.235160e-01
227 6.706160e-01 4.948000e-03 3.244360e-01
228 6.697360e-01 4.976000e-03 3.252880e-01
229 6.688840e-01 4.984000e-03 3.261320e-01
230 6.679680e-01 5.032000e-03 3.270000e-01
231 6.669600e-01 5.224000e-03 3.278160e-01
232 6.660240e-01 5.252000e-03 3.287240e-01
233 6.650960e-01 5.340000e-03 3.295640e-01
234 6.642880e-01 5.132000e-03 3.305800e-01
235 6.633000e-01 5.184000e-03 3.315160e-01
236 6.624040e-01 5.200000e-03 3.323960e-01
237 6.615040e-01 5.100000e-03 3.333960e-01
238 6.605440e-01 5.188000e-03 3.342680e-01
239 6.596480e-01 5.176000e-03 3.351760e-01
240 6.587080e-01 5.168000e-03 3.361240e-01
241 6.578600e-01 5.056000e-03 3.370840e-01
242 6.569400e-01 5.108000e-03 3.379520e-01
243 6.561480e-01 5.044000e-03 3.388080e-01
244 6.553000e-01 4.924000e-03 3.397760e-01
245 6.545960e-01 4.776000e-03 3.406280e-01
246 6.538320e-01 4.684000e-03 3.414840e-01
247 6.530640e-01 4.584000e-03 3.423520e-01
248 6.522640e-01 4.584000e-03 3.431520e-01
249 6.513680e-01 4.616000e-03 3.440160e-01
250 6.506080e-01 4.600000e-03 3.447920e-01
251 6.498120e-01 4.512000e-03 3.456760e-01
252 6.490240e-01 4.444000e-03 3.465320e-01
253 6.482560e-01 4.444000e-03 3.473000e-01
254 6.474840e-01 4.488000e-03 3.480280e-01
255 6.466720e-01 4.452000e-03 3.488760e-01
256 6.459080e-01 4.468000e-03 3.496240e-01
257 6.451680e-01 4.352000e-03 3.504800e-01
258 6.444000e-01 4.408000e-03 3.511920e-01
259 6.436440e-01 4.404000e-03 3.519520e-01
260 6.429600e-01 4.372000e-03 3.526680e-01
261 6.420880e-01 4.492000e-03 3.534200e-01
262 6.413000e-01 4.412000e-03 3.542880e-01
263 6.406000e-01 4.404000e-03 3.549960e-01
264 6.398320e-01 4.432000e-03 3.557360e-01
265 6.390920e-01 4.376000e-03 3.565320e-01
266 6.382600e-01 4.496000e-03 3.572440e-01
267 6.376400e-01 4.356000e-03 3.580040e-01
268 6.367920e-01 4.432000e-03 3.587760e-01
269 6.360560e-01 4.380000e-03 3.595640e-01
270 6.353960e-01 4.292000e-03 3.603120e-01
271 6.346640e-01 4.276000e-03 3.610600e-01
272 6.339520e-01 4.192000e-03 3.618560e-01
273 6.332400e-01 4.152000e-03 3.626080e-01
274 6.325560e-01 4.084000e-03 3.633600e-01
275 6.318400e-01 4.016000e-03 3.641440e-01
276 6.311680e-01 3.980000e-03 3.648520e-01
277 6.305720e-01 3.816000e-03 3.656120e-01
278 6.299080e-01 3.824000e-03 3.662680e-01
279 6.292120e-01 3.796000e-03 3.669920e-01
280 6.285640e-01 3.740000e-03 3.676960e-01
281 6.279400e-01 3.744000e-03 3.683160e-01
282 6.273840e-01 3.604000e-03 3.690120e-01
283 6.268520e-01 3.496000e-03 3.696520e-01
284 6.261520e-01 3.636000e-03 3.702120e-01
285 6.255880e-01 3.596000e-03 3.708160e-01
286 6.250640e-01 3.484000e-03 3.714520e-01
287 6.245400e-01 3.388000e-03 3.720720e-01
288 6.240480e-01 3.276000e-03 3.726760e-01
289 6.235840e-01 3.252000e-03 3.731640e-01
290 6.230000e-01 3.296000e-03 3.737040e-01
291 6.222400e-01 3.420000e-03 3.743400e-01
292 6.215600e-01 3.648000e-03 3.747920e-01
293 6.208480e-01 3.680000e-03 3.754720e-01
294 6.201200e-01 3.680000e-03 3.762000e-01
295 6.194600e-01 3.656000e-03 3.768840e-01
296 6.188200e-01 3.596000e-03 3.775840e-01
297 6.181280e-01 3.512000e-03 3.783600e-01
298 6.175600e-01 3.440000e-03 3.790000e-01
299 6.169360e-01 3.452000e-03 3.796120e-01
300 6.164080e-01 3.284000e-03 3.803080e-01
301 6.158040e-01 3.324000e-03 3.808720e-01
302 6.152320e-01 3.288000e-03 3.814800e-01
303 6.146760e-01 3.320000e-03 3.820040e-01
304 6.139840e-01 3.448000e-03 3.825680e-01
305 6.133440e-01 3.500000e-03 3.831560e-01
306 6.127800e-01 3.516000e-03 3.837040e-01
307 6.122520e-01 3.464000e-03 3.842840e-01
308 6.115920e-01 3.444000e-03 3.849640e-01
309 6.109600e-01 3.480000e-03 3.855600e-01
310 6.103480e-01 3.480000e-03 3.861720e-01
311 6.097680e-01 3.452000e-03 3.867800e-01
312 6.092680e-01 3.360000e-03 3.873720e-01
313 6.087360e-01 3.240000e-03 3.880240e-01
314 6.082520e-01 3.184000e-03 3.885640e-01
315 6.077120e-01 3.132000e-03 3.891560e-01
316 6.072200e-01 3.092000e-03 3.896880e-01
317 6.067240e-01 3.056000e-03 3.902200e-01
318 6.062640e-01 3.004000e-03 3.907320e-01
319 6.058320e-01 2.952000e-03 3.912160e-01
320 6.053760e-01 2.852000e-03 3.917720e-01
321 6.049160e-01 2.856000e-03 3.922280e-01
322 6.044800e-01 2.792000e-03 3.927280e-01
323 6.040560e-01 2.816000e-03 3.931280e-01
324 6.035440e-01 2.800000e-03 3.936560e-01
325 6.030920e-01 2.804000e-03 3.941040e-01
326 6.025480e-01 2.900000e-03 3.945520e-01
327 6.020200e-01 2.904000e-03 3.950760e-01
328 6.015360e-01 2.844000e-03 3.956200e-01
329 6.010960e-01 2.756000e-03 3.961480e-01
330 6.006880e-01 2.652000e-03 3.966600e-01
331 6.002480e-01 2.656000e-03 3.970960e-01
332 5.998520e-01 2.504000e-03 3.976440e-01
333 5.995040e-01 2.480000e-03 3.980160e-01
334 5.991120e-01 2.400000e-03 3.984880e-01
335 5.987120e-01 2.404000e-03 3.988840e-01
336 5.983680e-01 2.368000e-03 3.992640e-01
337 5.980000e-01 2.276000e-03 3.997240e-01
338 5.976320e-01 2.264000e-03 4.001040e-01
339 5.972200e-01 2.328000e-03 4.004520e-01
340 5.968000e-01 2.356000e-03 4.008440e-01
341 5.963800e-01 2.364000e-03 4.012560e-01
342 5.959960e-01 2.316000e-03 4.016880e-01
343 5.956360e-01 2.268000e-03 4.020960e-01
344 5.952240e-01 2.256000e-03 4.025200e-01
345 5.948000e-01 2.276000e-03 4.029240e-01
346 5.943720e-01 2.272000e-03 4.033560e-01
347 5.939760e-01 2.312000e-03 4.037120e-01
348 5.935240e-01 2.404000e-03 4.040720e-01
349 5.931440e-01 2.368000e-03 4.044880e-01
350 5.928360e-01 2.248000e-03 4.049160e-01
351 5.925000e-01 2.164000e-03 4.053360e-01
352 5.921920e-01 2.136000e-03 4.056720e-01
353 5.918600e-01 2.040000e-03 4.061000e-01
354 5.915400e-01 1.984000e-03 4.064760e-01
355 5.912400e-01 1.896000e-03 4.068640e-01
356 5.909000e-01 1.928000e-03 4.071720e-01
357 5.905160e-01 1.964000e-03 4.075200e-01
358 5.900840e-01 2.080000e-03 4.078360e-01
359 5.897200e-01 2.032000e-03 4.082480e-01
360 5.893240e-01 2.136000e-03 4.085400e-01
361 5.889600e-01 2.176000e-03 4.088640e-01
362 5.885840e-01 2.172000e-03 4.092440e-01
363 5.881520e-01 2.252000e-03 4.095960e-01
364 5.876440e-01 2.352000e-03 4.100040e-01
365 5.871480e-01 2.428000e-03 4.104240e-01
366 5.866480e-01 2.528000e-03 4.108240e-01
367 5.862520e-01 2.484000e-03 4.112640e-01
368 5.858000e-01 2.504000e-03 4.116960e-01
369 5.853440e-01 2.544000e-03 4.121120e-01
370 5.849000e-01 2.552000e-03 4.125480e-01
371 5.844440e-01 2.548000e-03 4.130080e-01
372 5.840160e-01 2.548000e-03 4.134360e-01
373 5.835560e-01 2.580000e-03 4.138640e-01
374 5.831760e-01 2.524000e-03 4.143000e-01
375 5.826720e-01 2.596000e-03 4.147320e-01
376 5.822080e-01 2.620000e-03 4.151720e-01
377 5.817160e-01 2.672000e-03 4.156120e-01
378 5.811360e-01 2.764000e-03 4.161000e-01
379 5.806560e-01 2.792000e-03 4.165520e-01
380 5.801520e-01 2.852000e-03 4.169960e-01
381 5.797280e-01 2.724000e-03 4.175480e-01
382 5.793720e-01 2.624000e-03 4.180040e-01
383 5.790560e-01 2.476000e-03 4.184680e-01
384 5.787240e-01 2.392000e-03 4.188840e-01
385 5.784480e-01 2.268000e-03 4.192840e-01
386 5.781320e-01 2.256000e-03 4.196120e-01
387 5.778440e-01 2.160000e-03 4.199960e-01
388 5.775920e-01 2.064000e-03 4.203440e-01
389 5.773080e-01 1.956000e-03 4.207360e-01
390 5.769760e-01 1.964000e-03 4.210600e-01
391 5.766960e-01 1.952000e-03 4.213520e-01
392 5.763040e-01 2.012000e-03 4.216840e-01
393 5.759600e-01 1.952000e-03 4.220880e-01
394 5.755880e-01 2.020000e-03 4.223920e-01
395 5.752360e-01 2.020000e-03 4.227440e-01
396 5.749360e-01 1.948000e-03 4.231160e-01
397 5.747080e-01 1.788000e-03 4.235040e-01
398 5.744160e-01 1.772000e-03 4.238120e-01
399 5.741040e-01 1.816000e-03 4.240800e-01
400 5.737560e-01 1.856000e-03 4.243880e-01
401 5.733960e-01 1.864000e-03 4.247400e-01
402 5.730400e-01 1.892000e-03 4.250680e-01
403 5.727400e-01 1.880000e-03 4.253800e-01
404 5.724120e-01 1.908000e-03 4.256800e-01
405 5.720480e-01 1.912000e-03 4.260400e-01
406 5.716880e-01 1.884000e-03 4.264280e-01
407 5.713280e-01 1.896000e-03 4.267760e-01
408 5.709280e-01 1.948000e-03 4.271240e-01
409 5.706160e-01 1.948000e-03 4.274360e-01
410 5.703360e-01 1.888000e-03 4.277760e-01
411 5.700040e-01 1.840000e-03 4.281560e-01
412 5.696960e-01 1.844000e-03 4.284600e-01
413 5.693760e-01 1.900000e-03 4.287240e-01
414 5.690840e-01 1.828000e-03 4.290880e-01
415 5.687320e-01 1.872000e-03 4.293960e-01
416 5.684040e-01 1.848000e-03 4.297480e-01
417 5.680560e-01 1.864000e-03 4.300800e-01
418 5.677400e-01 1.832000e-03 4.304280e-01
419 5.674320e-01 1.812000e-03 4.307560e-01
420 5.671480e-01 1.752000e-03 4.311000e-01
421 5.668040e-01 1.808000e-03 4.313880e-01
422 5.664720e-01 1.856000e-03 4.316720e-01
423 5.661720e-01 1.828000e-03 4.320000e-01
424 5.658600e-01 1.900000e-03 4.322400e-01
425 5.654960e-01 1.924000e-03 4.325800e-01
426 5.651200e-01 1.988000e-03 4.328920e-01
427 5.647520e-01 2.024000e-03 4.332240e-01
428 5.643920e-01 1.996000e-03 4.336120e-01
429 5.640440e-01 2.016000e-03 4.339400e-01
430 5.637320e-01 1.968000e-03 4.343000e-01
431 5.634640e-01 1.888000e-03 4.346480e-01
432 5.631320e-01 1.888000e-03 4.349800e-01
433 5.629080e-01 1.776000e-03 4.353160e-01
434 5.626400e-01 1.780000e-03 4.355800e-01
435 5.623560e-01 1.764000e-03 4.358800e-01
436 5.621000e-01 1.732000e-03 4.361680e-01
437 5.618760e-01 1.648000e-03 4.364760e-01
438 5.615320e-01 1.672000e-03 4.367960e-01
439 5.612360e-01 1.688000e-03 4.370760e-01
440 5.609040e-01 1.704000e-03 4.373920e-01
441 5.605560e-01 1.756000e-03 4.376880e-01
442 5.602160e-01 1.784000e-03 4.380000e-01
443 5.599080e-01 1.740000e-03 4.383520e-01
444 5.596560e-01 1.716000e-03 4.386280e-01
445 5.594040e-01 1.704000e-03 4.388920e-01
446 5.591080e-01 1.676000e-03 4.392160e-01
447 5.588800e-01 1.616000e-03 4.395040e-01
448 5.585480e-01 1.704000e-03 4.397480e-01
449 5.582920e-01 1.688000e-03 4.400200e-01
450 5.579920e-01 1.708000e-03 4.403000e-01
451 5.577560e-01 1.624000e-03 4.406200e-01
452 5.575120e-01 1.540000e-03 4.409480e-01
453 5.573200e-01 1.484000e-03 4.411960e-01
454 5.570680e-01 1.472000e-03 4.414600e-01
455 5.568840e-01 1.432000e-03 4.416840e-01
456 5.566640e-01 1.340000e-03 4.419960e-01
457 5.564760e-01 1.248000e-03 4.422760e-01
458 5.563240e-01 1.184000e-03 4.424920e-01
459 5.561000e-01 1.176000e-03 4.427240e-01
460 5.559720e-01 1.104000e-03 4.429240e-01
461 5.558280e-01 1.060000e-03 4.431120e-01
462 5.556600e-01 1.048000e-03 4.432920e-01
463 5.554320e-01 1.092000e-03 4.434760e-01
464 5.552680e-01 1.112000e-03 4.436200e-01
465 5.550520e-01 1.180000e-03 4.437680e-01
466 5.548080e-01 1.204000e-03 4.439880e-01
467 5.546080e-01 1.156000e-03 4.442360e-01
468 5.544520e-01 1.160000e-03 4.443880e-01
469 5.542160e-01 1.164000e-03 4.446200e-01
470 5.540080e-01 1.132000e-03 4.448600e-01
471 5.538480e-01 1.096000e-03 4.450560e-01
472 5.537200e-01 1.040000e-03 4.452400e-01
473 5.535160e-01 1.024000e-03 4.454600e-01
474 5.533080e-01 1.056000e-03 4.456360e-01
475 5.531520e-01 1.024000e-03 4.458240e-01
476 5.530200e-01 1.004000e-03 4.459760e-01
477 5.528520e-01 1.004000e-03 4.461440e-01
478 5.526920e-01 9.840000e-04 4.463240e-01
479 5.525440e-01 9.240000e-04 4.465320e-01
480 5.523680e-01 9.680000e-04 4.466640e-01
481 5.522440e-01 9.080000e-04 4.468480e-01
482 5.520640e-01 8.880000e-04 4.470480e-01
483 5.519560e-01 8.320000e-04 4.472120e-01
484 5.518000e-01 8.720000e-04 4.473280e-01
485 5.516800e-01 8.280000e-04 4.474920e-01
486 5.515720e-01 7.880000e-04 4.476400e-01
487 5.514480e-01 7.600000e-04 4.477920e-01
488 5.512840e-01 8.000000e-04 4.479160e-01
489 5.511920e-01 7.760000e-04 4.480320e-01
490 5.510960e-01 7.360000e-04 4.481680e-01
491 5.509240e-01 7.920000e-04 4.482840e-01
492 5.507280e-01 8.160000e-04 4.484560e-01
493 5.505520e-01 8.080000e-04 4.486400e-01
494 5.503800e-01 8.160000e-04 4.488040e-01
495 5.502560e-01 8.000000e-04 4.489440e-01
496 5.501240e-01 7.960000e-04 4.490800e-01
497 5.500120e-01 7.840000e-04 4.492040e-01
498 5.499200e-01 7.440000e-04 4.493360e-01
499 5.498120e-01 7.320000e-04 4.494560e-01
500 5.496880e-01 7.440000e-04 4.495680e-01
