1 9.992200e-01 6.720000e-04 1.080000e-04
2 9.987080e-01 1.032000e-03 2.600000e-04
3 9.981520e-01 1.400000e-03 4.480000e-04
4 9.973520e-01 1.876000e-03 7.720000e-04
5 9.964920e-01 2.308000e-03 1.200000e-03
6 9.956320e-01 2.756000e-03 1.612000e-03
7 9.946800e-01 3.192000e-03 2.128000e-03
8 9.937880e-01 3.388000e-03 2.824000e-03
9 9.928760e-01 3.652000e-03 3.472000e-03
10 9.918960e-01 3.868000e-03 4.236000e-03
11 9.908640e-01 4.116000e-03 5.020000e-03
12 9.897600e-01 4.452000e-03 5.788000e-03
13 9.884880e-01 4.968000e-03 6.544000e-03
14 9.871880e-01 5.304000e-03 7.508000e-03
15 9.860360e-01 5.452000e-03 8.512000e-03
16 9.847400e-01 5.812000e-03 9.448000e-03
17 9.835400e-01 6.032000e-03 1.042800e-02
18 9.823320e-01 6.164000e-03 1.150400e-02
19 9.809760e-01 6.376000e-03 1.264800e-02
20 9.797200e-01 6.368000e-03 1.391200e-02
21 9.784440e-01 6.460000e-03 1.509600e-02
22 9.770640e-01 6.688000e-03 1.624800e-02
23 9.757080e-01 6.764000e-03 1.752800e-02
24 9.744200e-01 6.840000e-03 1.874000e-02
25 9.729840e-01 7.208000e-03 1.980800e-02
26 9.715200e-01 7.440000e-03 2.104000e-02
27 9.699880e-01 7.712000e-03 2.230000e-02
28 9.683400e-01 7.888000e-03 2.377200e-02
29 9.669240e-01 8.048000e-03 2.502800e-02
30 9.654240e-01 8.144000e-03 2.643200e-02
31 9.638800e-01 8.372000e-03 2.774800e-02
32 9.622440e-01 8.548000e-03 2.920800e-02
33 9.606240e-01 8.628000e-03 3.074800e-02
34 9.589160e-01 8.848000e-03 3.223600e-02
35 9.571600e-01 8.988000e-03 3.385200e-02
36 9.555520e-01 9.048000e-03 3.540000e-02
37 9.538520e-01 9.124000e-03 3.702400e-02
38 9.523240e-01 9.072000e-03 3.860400e-02
39 9.507320e-01 9.080000e-03 4.018800e-02
40 9.492520e-01 9.088000e-03 4.166000e-02
41 9.476600e-01 9.148000e-03 4.319200e-02
42 9.461000e-01 9.148000e-03 4.475200e-02
43 9.445040e-01 9.116000e-03 4.638000e-02
44 9.429280e-01 9.024000e-03 4.804800e-02
45 9.412360e-01 9.140000e-03 4.962400e-02
46 9.397840e-01 9.028000e-03 5.118800e-02
47 9.382200e-01 9.028000e-03 5.275200e-02
48 9.365440e-01 9.176000e-03 5.428000e-02
49 9.348280e-01 9.212000e-03 5.596000e-02
50 9.332240e-01 9.272000e-03 5.750400e-02
51 9.314280e-01 9.556000e-03 5.901600e-02
52 9.296880e-01 9.832000e-03 6.048000e-02
53 9.279560e-01 9.812000e-03 6.223200e-02
54 9.263200e-01 9.740000e-03 6.394000e-02
55 9.245800e-01 9.616000e-03 6.580400e-02
56 9.228840e-01 9.740000e-03 6.737600e-02
57 9.211080e-01 9.608000e-03 6.928400e-02
58 9.195840e-01 9.428000e-03 7.098800e-02
59 9.179520e-01 9.500000e-03 7.254800e-02
60 9.162720e-01 9.332000e-03 7.439600e-02
61 9.146320e-01 9.264000e-03 7.610400e-02
62 9.129120e-01 9.512000e-03 7.757600e-02
63 9.110920e-01 9.752000e-03 7.915600e-02
64 9.093200e-01 9.760000e-03 8.092000e-02
65 9.075840e-01 9.816000e-03 8.260000e-02
66 9.058000e-01 9.684000e-03 8.451600e-02
67 9.041920e-01 9.584000e-03 8.622400e-02
68 9.024320e-01 9.764000e-03 8.780400e-02
69 9.005920e-01 9.804000e-03 8.960400e-02
70 8.988560e-01 9.748000e-03 9.139600e-02
71 8.969920e-01 9.776000e-03 9.323200e-02
72 8.953040e-01 9.692000e-03 9.500400e-02
73 8.935840e-01 9.752000e-03 9.666400e-02
74 8.917360e-01 9.872000e-03 9.839200e-02
75 8.901360e-01 9.952000e-03 9.991200e-02
76 8.884080e-01 9.912000e-03 1.016800e-01
77 8.869080e-01 9.820000e-03 1.032720e-01
78 8.850320e-01 1.004800e-02 1.049200e-01
79 8.834960e-01 9.752000e-03 1.067520e-01
80 8.818240e-01 9.612000e-03 1.085640e-01
81 8.800720e-01 9.744000e-03 1.101840e-01
82 8.784520e-01 9.660000e-03 1.118880e-01
83 8.767280e-01 9.712000e-03 1.135600e-01
84 8.749840e-01 9.760000e-03 1.152560e-01
85 8.733360e-01 9.668000e-03 1.169960e-01
86 8.716720e-01 9.768000e-03 1.185600e-01
87 8.699600e-01 9.944000e-03 1.200960e-01
88 8.680800e-01 1.010400e-02 1.218160e-01
89 8.662960e-01 1.003600e-02 1.236680e-01
90 8.645880e-01 1.000800e-02 1.254040e-01
91 8.629480e-01 9.924000e-03 1.271280e-01
92 8.613320e-01 9.700000e-03 1.289680e-01
93 8.598400e-01 9.400000e-03 1.307600e-01
94 8.582520e-01 9.376000e-03 1.323720e-01
95 8.566360e-01 9.364000e-03 1.340000e-01
96 8.550440e-01 9.188000e-03 1.357680e-01
97 8.535240e-01 9.196000e-03 1.372800e-01
98 8.521040e-01 9.096000e-03 1.388000e-01
99 8.506960e-01 9.020000e-03 1.402840e-01
100 8.492080e-01 9.036000e-03 1.417560e-01
101 8.476160e-01 9.064000e-03 1.433200e-01
102 8.459840e-01 9.172000e-03 1.448440e-01
103 8.445520e-01 9.004000e-03 1.464440e-01
104 8.430160e-01 8.900000e-03 1.480840e-01
105 8.414680e-01 8.800000e-03 1.497320e-01
106 8.400040e-01 8.812000e-03 1.511840e-01
107 8.382560e-01 8.956000e-03 1.527880e-01
108 8.364560e-01 9.248000e-03 1.542960e-01
109 8.345960e-01 9.528000e-03 1.558760e-01
110 8.327800e-01 9.732000e-03 1.574880e-01
111 8.310040e-01 9.848000e-03 1.591480e-01
112 8.290880e-01 1.016000e-02 1.607520e-01
113 8.271960e-01 1.048800e-02 1.623160e-01
114 8.252200e-01 1.054400e-02 1.642360e-01
115 8.233760e-01 1.075200e-02 1.658720e-01
116 8.215960e-01 1.077600e-02 1.676280e-01
117 8.196680e-01 1.080400e-02 1.695280e-01
118 8.176320e-01 1.090800e-02 1.714600e-01
119 8.158520e-01 1.094800e-02 1.732000e-01
120 8.140760e-01 1.092000e-02 1.750040e-01
121 8.123640e-01 1.082000e-02 1.768160e-01
122 8.106880e-01 1.047200e-02 1.788400e-01
123 8.089080e-01 1.034000e-02 1.807520e-01
124 8.073160e-01 1.012800e-02 1.825560e-01
125 8.055320e-01 1.016800e-02 1.843000e-01
126 8.039640e-01 1.000800e-02 1.860280e-01
127 8.023560e-01 9.928000e-03 1.877160e-01
128 8.008000e-01 9.648000e-03 1.895520e-01
129 7.993320e-01 9.504000e-03 1.911640e-01
130 7.977560e-01 9.484000e-03 1.927600e-01
131 7.961920e-01 9.372000e-03 1.944360e-01
132 7.948640e-01 9.044000e-03 1.960920e-01
133 7.935200e-01 8.868000e-03 1.976120e-01
134 7.921840e-01 8.664000e-03 1.991520e-01
135 7.906160e-01 8.784000e-03 2.006000e-01
136 7.890880e-01 8.724000e-03 2.021880e-01
137 7.875280e-01 8.848000e-03 2.036240e-01
138 7.858960e-01 8.976000e-03 2.051280e-01
139 7.845480e-01 8.784000e-03 2.066680e-01
140 7.831720e-01 8.560000e-03 2.082680e-01
141 7.817280e-01 8.464000e-03 2.098080e-01
142 7.803920e-01 8.200000e-03 2.114080e-01
143 7.790760e-01 8.096000e-03 2.128280e-01
144 7.778400e-01 8.036000e-03 2.141240e-01
145 7.766040e-01 7.776000e-03 2.156200e-01
146 7.751880e-01 7.840000e-03 2.169720e-01
147 7.738200e-01 7.716000e-03 2.184640e-01
148 7.725880e-01 7.624000e-03 2.197880e-01
149 7.711040e-01 7.460000e-03 2.214360e-01
150 7.697320e-01 7.572000e-03 2.226960e-01
151 7.683000e-01 7.600000e-03 2.241000e-01
152 7.669160e-01 7.632000e-03 2.254520e-01
153 7.655480e-01 7.600000e-03 2.268520e-01
154 7.642240e-01 7.612000e-03 2.281640e-01
155 7.628440e-01 7.580000e-03 2.295760e-01
156 7.616320e-01 7.408000e-03 2.309600e-01
157 7.602560e-01 7.408000e-03 2.323360e-01
158 7.590480e-01 7.264000e-03 2.336880e-01
159 7.576840e-01 7.340000e-03 2.349760e-01
160 7.564520e-01 7.328000e-03 2.362200e-01
161 7.551120e-01 7.344000e-03 2.375440e-01
162 7.536920e-01 7.464000e-03 2.388440e-01
163 7.522880e-01 7.608000e-03 2.401040e-01
164 7.509800e-01 7.604000e-03 2.414160e-01
165 7.496680e-01 7.592000e-03 2.427400e-01
166 7.483240e-01 7.532000e-03 2.441440e-01
167 7.470120e-01 7.456000e-03 2.455320e-01
168 7.456880e-01 7.412000e-03 2.469000e-01
169 7.444920e-01 7.312000e-03 2.481960e-01
170 7.431760e-01 7.392000e-03 2.494320e-01
171 7.420280e-01 7.324000e-03 2.506480e-01
172 7.408360e-01 7.188000e-03 2.519760e-01
173 7.396320e-01 7.084000e-03 2.532840e-01
174 7.384560e-01 7.012000e-03 2.545320e-01
175 7.375000e-01 6.816000e-03 2.556840e-01
176 7.363760e-01 6.792000e-03 2.568320e-01
177 7.354400e-01 6.444000e-03 2.581160e-01
178 7.345960e-01 6.184000e-03 2.592200e-01
179 7.336880e-01 6.020000e-03 2.602920e-01
180 7.327160e-01 5.940000e-03 2.613440e-01
181 7.317240e-01 5.932000e-03 2.623440e-01
182 7.306640e-01 5.988000e-03 2.633480e-01
183 7.297080e-01 5.948000e-03 2.643440e-01
184 7.287440e-01 5.904000e-03 2.653520e-01
185 7.277000e-01 6.000000e-03 2.663000e-01
186 7.267280e-01 5.848000e-03 2.674240e-01
187 7.258280e-01 5.712000e-03 2.684600e-01
188 7.249640e-01 5.544000e-03 2.694920e-01
189 7.239640e-01 5.580000e-03 2.704560e-01
190 7.229040e-01 5.740000e-03 2.713560e-01
191 7.221200e-01 5.540000e-03 2.723400e-01
192 7.212240e-01 5.428000e-03 2.733480e-01
193 7.203720e-01 5.340000e-03 2.742880e-01
194 7.195320e-01 5.324000e-03 2.751440e-01
195 7.186560e-01 5.308000e-03 2.760360e-01
196 7.177600e-01 5.228000e-03 2.770120e-01
197 7.168480e-01 5.352000e-03 2.778000e-01
198 7.160320e-01 5.240000e-03 2.787280e-01
199 7.150840e-01 5.288000e-03 2.796280e-01
200 7.142480e-01 5.204000e-03 2.805480e-01
201 7.134080e-01 5.084000e-03 2.815080e-01
202 7.126240e-01 5.008000e-03 2.823680e-01
203 7.118520e-01 4.936000e-03 2.832120e-01
204 7.111400e-01 4.832000e-03 2.840280e-01
205 7.103360e-01 4.748000e-03 2.849160e-01
206 7.096360e-01 4.624000e-03 2.857400e-01
207 7.087920e-01 4.708000e-03 2.865000e-01
208 7.079720e-01 4.632000e-03 2.873960e-01
209 7.070880e-01 4.676000e-03 2.882360e-01
210 7.063360e-01 4.572000e-03 2.890920e-01
211 7.056120e-01 4.524000e-03 2.898640e-01
212 7.048760e-01 4.484000e-03 2.906400e-01
213 7.040840e-01 4.532000e-03 2.913840e-01
214 7.034200e-01 4.468000e-03 2.921120e-01
215 7.027520e-01 4.448000e-03 2.928000e-01
216 7.019320e-01 4.404000e-03 2.936640e-01
217 7.012320e-01 4.376000e-03 2.943920e-01
218 7.005080e-01 4.280000e-03 2.952120e-01
219 6.999320e-01 4.104000e-03 2.959640e-01
220 6.991800e-01 4.128000e-03 2.966920e-01
221 6.984120e-01 4.236000e-03 2.973520e-01
222 6.975800e-01 4.292000e-03 2.981280e-01
223 6.968040e-01 4.260000e-03 2.989360e-01
224 6.960360e-01 4.268000e-03 2.996960e-01
225 6.954120e-01 4.144000e-03 3.004440e-01
226 6.946760e-01 4.200000e-03 3.011240e-01
227 6.938840e-01 4.324000e-03 3.017920e-01
228 6.931960e-01 4.304000e-03 3.025000e-01
229 6.924200e-01 4.376000e-03 3.032040e-01
230 6.917160e-01 4.300000e-03 3.039840e-01
231 6.907920e-01 4.448000e-03 3.047600e-01
232 6.900120e-01 4.436000e-03 3.055520e-01
233 6.891640e-01 4.420000e-03 3.064160e-01
234 6.883560e-01 4.384000e-03 3.072600e-01
235 6.875440e-01 4.416000e-03 3.080400e-01
236 6.867360e-01 4.412000e-03 3.088520e-01
237 6.859920e-01 4.384000e-03 3.096240e-01
238 6.852120e-01 4.384000e-03 3.104040e-01
239 6.844320e-01 4.444000e-03 3.111240e-01
240 6.835640e-01 4.532000e-03 3.119040e-01
241 6.828360e-01 4.488000e-03 3.126760e-01
242 6.820240e-01 4.480000e-03 3.134960e-01
243 6.811280e-01 4.556000e-03 3.143160e-01
244 6.803440e-01 4.600000e-03 3.150560e-01
245 6.794680e-01 4.600000e-03 3.159320e-01
246 6.786520e-01 4.672000e-03 3.166760e-01
247 6.777520e-01 4.832000e-03 3.174160e-01
248 6.769320e-01 4.852000e-03 3.182160e-01
249 6.761400e-01 4.912000e-03 3.189480e-01
250 6.752960e-01 4.920000e-03 3.197840e-01
251 6.746440e-01 4.644000e-03 3.207120e-01
252 6.737880e-01 4.680000e-03 3.215320e-01
253 6.728920e-01 4.692000e-03 3.224160e-01
254 6.721400e-01 4.576000e-03 3.232840e-01
255 6.712080e-01 4.728000e-03 3.240640e-01
256 6.704120e-01 4.736000e-03 3.248520e-01
257 6.696600e-01 4.696000e-03 3.256440e-01
258 6.687880e-01 4.700000e-03 3.265120e-01
259 6.679960e-01 4.624000e-03 3.273800e-01
260 6.671640e-01 4.616000e-03 3.282200e-01
261 6.663920e-01 4.520000e-03 3.290880e-01
262 6.657520e-01 4.364000e-03 3.298840e-01
263 6.650280e-01 4.284000e-03 3.306880e-01
264 6.643400e-01 4.228000e-03 3.314320e-01
265 6.635800e-01 4.244000e-03 3.321760e-01
266 6.628160e-01 4.288000e-03 3.328960e-01
267 6.620520e-01 4.204000e-03 3.337440e-01
268 6.613480e-01 4.216000e-03 3.344360e-01
269 6.606680e-01 4.160000e-03 3.351720e-01
270 6.598520e-01 4.240000e-03 3.359080e-01
271 6.589600e-01 4.400000e-03 3.366400e-01
272 6.580560e-01 4.516000e-03 3.374280e-01
273 6.571600e-01 4.556000e-03 3.382840e-01
274 6.563160e-01 4.532000e-03 3.391520e-01
275 6.554440e-01 4.620000e-03 3.399360e-01
276 6.547160e-01 4.564000e-03 3.407200e-01
277 6.539480e-01 4.524000e-03 3.415280e-01
278 6.531640e-01 4.460000e-03 3.423760e-01
279 6.523880e-01 4.360000e-03 3.432520e-01
280 6.516480e-01 4.348000e-03 3.440040e-01
281 6.509480e-01 4.292000e-03 3.447600e-01
282 6.502520e-01 4.256000e-03 3.454920e-01
283 6.494840e-01 4.208000e-03 3.463080e-01
284 6.487680e-01 4.164000e-03 3.470680e-01
285 6.480800e-01 4.152000e-03 3.477680e-01
286 6.474240e-01 4.076000e-03 3.485000e-01
287 6.466920e-01 4.084000e-03 3.492240e-01
288 6.461240e-01 3.896000e-03 3.499800e-01
289 6.455000e-01 3.776000e-03 3.507240e-01
290 6.449640e-01 3.608000e-03 3.514280e-01
291 6.444680e-01 3.520000e-03 3.520120e-01
292 6.438920e-01 3.504000e-03 3.526040e-01
293 6.433560e-01 3.424000e-03 3.532200e-01
294 6.429040e-01 3.260000e-03 3.538360e-01
295 6.424400e-01 3.136000e-03 3.544240e-01
296 6.420480e-01 2.948000e-03 3.550040e-01
297 6.416360e-01 2.824000e-03 3.555400e-01
298 6.411680e-01 2.808000e-03 3.560240e-01
299 6.407920e-01 2.748000e-03 3.564600e-01
300 6.403440e-01 2.700000e-03 3.569560e-01
301 6.398760e-01 2.616000e-03 3.575080e-01
302 6.394400e-01 2.548000e-03 3.580120e-01
303 6.390680e-01 2.444000e-03 3.584880e-01
304 6.387040e-01 2.400000e-03 3.588960e-01
305 6.382720e-01 2.416000e-03 3.593120e-01
306 6.379480e-01 2.308000e-03 3.597440e-01
307 6.375520e-01 2.316000e-03 3.601320e-01
308 6.373000e-01 2.152000e-03 3.605480e-01
309 6.369400e-01 2.156000e-03 3.609040e-01
310 6.365240e-01 2.208000e-03 3.612680e-01
311 6.360080e-01 2.336000e-03 3.616560e-01
312 6.355560e-01 2.392000e-03 3.620520e-01
313 6.351840e-01 2.400000e-03 3.624160e-01
314 6.348160e-01 2.404000e-03 3.627800e-01
315 6.344440e-01 2.364000e-03 3.631920e-01
316 6.339680e-01 2.460000e-03 3.635720e-01
317 6.335760e-01 2.416000e-03 3.640080e-01
318 6.331160e-01 2.492000e-03 3.643920e-01
319 6.327240e-01 2.484000e-03 3.647920e-01
320 6.322360e-01 2.488000e-03 3.652760e-01
321 6.318240e-01 2.472000e-03 3.657040e-01
322 6.314120e-01 2.504000e-03 3.660840e-01
323 6.309880e-01 2.472000e-03 3.665400e-01
324 6.305680e-01 2.524000e-03 3.669080e-01
325 6.301520e-01 2.560000e-03 3.672880e-01
326 6.297720e-01 2.464000e-03 3.677640e-01
327 6.293760e-01 2.448000e-03 3.681760e-01
328 6.289680e-01 2.444000e-03 3.685880e-01
329 6.285280e-01 2.500000e-03 3.689720e-01
330 6.281480e-01 2.456000e-03 3.693960e-01
331 6.276680e-01 2.464000e-03 3.698680e-01
332 6.272520e-01 2.512000e-03 3.702360e-01
333 6.267680e-01 2.528000e-03 3.707040e-01
334 6.263680e-01 2.460000e-03 3.711720e-01
335 6.258840e-01 2.532000e-03 3.715840e-01
336 6.253400e-01 2.616000e-03 3.720440e-01
337 6.248320e-01 2.572000e-03 3.725960e-01
338 6.243280e-01 2.584000e-03 3.730880e-01
339 6.238840e-01 2.504000e-03 3.736120e-01
340 6.235440e-01 2.500000e-03 3.739560e-01
341 6.231280e-01 2.436000e-03 3.744360e-01
342 6.227400e-01 2.368000e-03 3.748920e-01
343 6.222880e-01 2.428000e-03 3.752840e-01
344 6.218280e-01 2.400000e-03 3.757720e-01
345 6.214040e-01 2.400000e-03 3.761960e-01
346 6.209920e-01 2.460000e-03 3.765480e-01
347 6.205160e-01 2.524000e-03 3.769600e-01
348 6.201040e-01 2.408000e-03 3.774880e-01
349 6.197160e-01 2.436000e-03 3.778480e-01
350 6.193680e-01 2.360000e-03 3.782720e-01
351 6.190400e-01 2.256000e-03 3.787040e-01
352 6.186400e-01 2.296000e-03 3.790640e-01
353 6.181960e-01 2.368000e-03 3.794360e-01
354 6.178200e-01 2.388000e-03 3.797920e-01
355 6.174680e-01 2.272000e-03 3.802600e-01
356 6.171160e-01 2.256000e-03 3.806280e-01
357 6.168240e-01 2.208000e-03 3.809680e-01
358 6.164840e-01 2.152000e-03 3.813640e-01
359 6.161280e-01 2.212000e-03 3.816600e-01
360 6.157040e-01 2.220000e-03 3.820760e-01
361 6.153440e-01 2.172000e-03 3.824840e-01
362 6.149600e-01 2.228000e-03 3.828120e-01
363 6.146680e-01 2.060000e-03 3.832720e-01
364 6.143160e-01 2.048000e-03 3.836360e-01
365 6.139880e-01 2.008000e-03 3.840040e-01
366 6.136280e-01 1.940000e-03 3.844320e-01
367 6.132200e-01 2.032000e-03 3.847480e-01
368 6.127960e-01 2.120000e-03 3.850840e-01
369 6.123440e-01 2.160000e-03 3.854960e-01
370 6.118960e-01 2.224000e-03 3.858800e-01
371 6.115040e-01 2.240000e-03 3.862560e-01
372 6.111080e-01 2.180000e-03 3.867120e-01
373 6.107520e-01 2.156000e-03 3.870920e-01
374 6.103200e-01 2.124000e-03 3.875560e-01
375 6.099720e-01 2.060000e-03 3.879680e-01
376 6.096440e-01 2.032000e-03 3.883240e-01
377 6.092800e-01 2.068000e-03 3.886520e-01
378 6.089040e-01 2.068000e-03 3.890280e-01
379 6.085120e-01 2.160000e-03 3.893280e-01
380 6.081000e-01 2.148000e-03 3.897520e-01
381 6.077320e-01 2.148000e-03 3.901200e-01
382 6.073760e-01 2.132000e-03 3.904920e-01
383 6.070240e-01 2.096000e-03 3.908800e-01
384 6.066120e-01 2.080000e-03 3.913080e-01
385 6.062000e-01 2.044000e-03 3.917560e-01
386 6.058600e-01 2.064000e-03 3.920760e-01
387 6.054480e-01 2.176000e-03 3.923760e-01
388 6.050840e-01 2.144000e-03 3.927720e-01
389 6.047120e-01 2.160000e-03 3.931280e-01
390 6.043360e-01 2.152000e-03 3.935120e-01
391 6.039880e-01 2.156000e-03 3.938560e-01
392 6.036760e-01 2.084000e-03 3.942400e-01
393 6.033240e-01 2.072000e-03 3.946040e-01
394 6.030160e-01 2.052000e-03 3.949320e-01
395 6.026200e-01 2.080000e-03 3.953000e-01
396 6.022600e-01 2.020000e-03 3.957200e-01
397 6.018640e-01 2.064000e-03 3.960720e-01
398 6.014880e-01 2.104000e-03 3.964080e-01
399 6.011320e-01 2.100000e-03 3.967680e-01
400 6.008840e-01 2.004000e-03 3.971120e-01
401 6.005520e-01 1.952000e-03 3.974960e-01
402 6.001480e-01 2.004000e-03 3.978480e-01
403 5.998400e-01 2.004000e-03 3.981560e-01
404 5.995200e-01 1.928000e-03 3.985520e-01
405 5.992400e-01 1.916000e-03 3.988440e-01
406 5.988920e-01 1.948000e-03 3.991600e-01
407 5.986040e-01 1.952000e-03 3.994440e-01
408 5.982840e-01 1.852000e-03 3.998640e-01
409 5.979680e-01 1.840000e-03 4.001920e-01
410 5.976960e-01 1.772000e-03 4.005320e-01
411 5.974080e-01 1.768000e-03 4.008240e-01
412 5.971480e-01 1.760000e-03 4.010920e-01
413 5.969200e-01 1.664000e-03 4.014160e-01
414 5.966520e-01 1.644000e-03 4.017040e-01
415 5.963720e-01 1.684000e-03 4.019440e-01
416 5.961200e-01 1.580000e-03 4.023000e-01
417 5.958840e-01 1.592000e-03 4.025240e-01
418 5.956760e-01 1.492000e-03 4.028320e-01
419 5.954760e-01 1.388000e-03 4.031360e-01
420 5.952800e-01 1.348000e-03 4.033720e-01
421 5.950480e-01 1.296000e-03 4.036560e-01
422 5.948760e-01 1.260000e-03 4.038640e-01
423 5.947160e-01 1.208000e-03 4.040760e-01
424 5.945400e-01 1.172000e-03 4.042880e-01
425 5.943960e-01 1.160000e-03 4.044440e-01
426 5.942920e-01 1.056000e-03 4.046520e-01
427 5.941240e-01 1.048000e-03 4.048280e-01
428 5.939520e-01 1.004000e-03 4.050440e-01
429 5.938280e-01 9.760000e-04 4.051960e-01
430 5.937200e-01 9.000000e-04 4.053800e-01
431 5.936320e-01 8.320000e-04 4.055360e-01
432 5.935640e-01 7.640000e-04 4.056720e-01
433 5.934600e-01 7.400000e-04 4.058000e-01
434 5.933640e-01 7.120000e-04 4.059240e-01
435 5.933040e-01 6.520000e-04 4.060440e-01
436 5.932240e-01 6.240000e-04 4.061520e-01
437 5.931760e-01 5.760000e-04 4.062480e-01
438 5.930640e-01 5.880000e-04 4.063480e-01
439 5.929560e-01 6.360000e-04 4.064080e-01
440 5.929080e-01 5.880000e-04 4.065040e-01
441 5.928400e-01 5.600000e-04 4.066000e-01
442 5.927600e-01 5.680000e-04 4.066720e-01
443 5.926680e-01 5.800000e-04 4.067520e-01
444 5.925520e-01 5.840000e-04 4.068640e-01
445 5.924960e-01 5.080000e-04 4.069960e-01
446 5.924360e-01 4.560000e-04 4.071080e-01
447 5.923760e-01 4.320000e-04 4.071920e-01
448 5.923400e-01 4.080000e-04 4.072520e-01
449 5.922760e-01 4.280000e-04 4.072960e-01
450 5.922400e-01 4.040000e-04 4.073560e-01
451 5.922080e-01 3.600000e-04 4.074320e-01
452 5.921720e-01 3.240000e-04 4.075040e-01
453 5.921200e-01 3.080000e-04 4.075720e-01
454 5.920720e-01 3.120000e-04 4.076160e-01
455 5.920240e-01 3.160000e-04 4.076600e-01
456 5.919800e-01 2.960000e-04 4.077240e-01
457 5.919360e-01 2.760000e-04 4.077880e-01
458 5.919000e-01 2.520000e-04 4.078480e-01
459 5.918840e-01 2.280000e-04 4.078880e-01
460 5.918560e-01 1.880000e-04 4.079560e-01
461 5.918360e-01 1.880000e-04 4.079760e-01
462 5.918080e-01 2.040000e-04 4.079880e-01
463 5.917920e-01 2.000000e-04 4.080080e-01
464 5.917480e-01 2.240000e-04 4.080280e-01
465 5.917120e-01 2.240000e-04 4.080640e-01
466 5.916600e-01 2.360000e-04 4.081040e-01
467 5.915760e-01 2.760000e-04 4.081480e-01
468 5.915240e-01 2.760000e-04 4.082000e-01
469 5.914760e-01 2.720000e-04 4.082520e-01
470 5.914080e-01 3.040000e-04 4.082880e-01
471 5.913920e-01 2.560000e-04 4.083520e-01
472 5.913400e-01 2.680000e-04 4.083920e-01
473 5.912880e-01 2.640000e-04 4.084480e-01
474 5.912120e-01 3.000000e-04 4.084880e-01
475 5.911440e-01 3.200000e-04 4.085360e-01
476 5.910800e-01 3.280000e-04 4.085920e-01
477 5.910520e-01 3.280000e-04 4.086200e-01
478 5.909840e-01 3.200000e-04 4.086960e-01
479 5.909480e-01 3.000000e-04 4.087520e-01
480 5.909280e-01 2.600000e-04 4.088120e-01
481 5.908800e-01 2.640000e-04 4.088560e-01
482 5.908520e-01 2.600000e-04 4.088880e-01
483 5.908280e-01 2.400000e-04 4.089320e-01
484 5.908040e-01 2.240000e-04 4.089720e-01
485 5.907960e-01 2.080000e-04 4.089960e-01
486 5.907680e-01 2.000000e-04 4.090320e-01
487 5.907440e-01 1.800000e-04 4.090760e-01
488 5.907160e-01 1.760000e-04 4.091080e-01
489 5.906960e-01 1.640000e-04 4.091400e-01
490 5.906600e-01 1.920000e-04 4.091480e-01
491 5.906280e-01 1.880000e-04 4.091840e-01
492 5.906200e-01 1.520000e-04 4.092280e-01
493 5.905880e-01 1.720000e-04 4.092400e-01
494 5.905680e-01 1.760000e-04 4.092560e-01
495 5.905440e-01 1.600000e-04 4.092960e-01
496 5.904880e-01 2.000000e-04 4.093120e-01
497 5.904520e-01 2.040000e-04 4.093440e-01
498 5.904280e-01 2.120000e-04 4.093600e-01
499 5.903680e-01 2.080000e-04 4.094240e-01
500 5.903120e-01 2.360000e-04 4.094520e-01
