1 9.990800e-01 8.200000e-04 1.000000e-04
2 9.985320e-01 1.180000e-03 2.880000e-04
3 9.978000e-01 1.660000e-03 5.400000e-04
4 9.969680e-01 2.208000e-03 8.240000e-04
5 9.961760e-01 2.612000e-03 1.212000e-03
6 9.952320e-01 3.028000e-03 1.740000e-03
7 9.942560e-01 3.436000e-03 2.308000e-03
8 9.931920e-01 3.884000e-03 2.924000e-03
9 9.922280e-01 4.148000e-03 3.624000e-03
10 9.911240e-01 4.472000e-03 4.404000e-03
11 9.898800e-01 4.992000e-03 5.128000e-03
12 9.887800e-01 5.216000e-03 6.004000e-03
13 9.875560e-01 5.528000e-03 6.916000e-03
14 9.862040e-01 5.948000e-03 7.848000e-03
15 9.848160e-01 6.272000e-03 8.912000e-03
16 9.832520e-01 6.692000e-03 1.005600e-02
17 9.816880e-01 7.060000e-03 1.125200e-02
18 9.801400e-01 7.392000e-03 1.246800e-02
19 9.786160e-01 7.580000e-03 1.380400e-02
20 9.771040e-01 7.692000e-03 1.520400e-02
21 9.755400e-01 7.852000e-03 1.660800e-02
22 9.739800e-01 8.016000e-03 1.800400e-02
23 9.724040e-01 8.084000e-03 1.951200e-02
24 9.707920e-01 8.272000e-03 2.093600e-02
25 9.691240e-01 8.408000e-03 2.246800e-02
26 9.675960e-01 8.404000e-03 2.400000e-02
27 9.658880e-01 8.684000e-03 2.542800e-02
28 9.642480e-01 8.824000e-03 2.692800e-02
29 9.624920e-01 9.076000e-03 2.843200e-02
30 9.609240e-01 9.044000e-03 3.003200e-02
31 9.593240e-01 9.084000e-03 3.159200e-02
32 9.577280e-01 9.044000e-03 3.322800e-02
33 9.562360e-01 9.044000e-03 3.472000e-02
34 9.545760e-01 9.276000e-03 3.614800e-02
35 9.528560e-01 9.344000e-03 3.780000e-02
36 9.511200e-01 9.368000e-03 3.951200e-02
37 9.494000e-01 9.296000e-03 4.130400e-02
38 9.477560e-01 9.324000e-03 4.292000e-02
39 9.460400e-01 9.272000e-03 4.468800e-02
40 9.444960e-01 9.052000e-03 4.645200e-02
41 9.429040e-01 9.132000e-03 4.796400e-02
42 9.413240e-01 9.004000e-03 4.967200e-02
43 9.397560e-01 8.984000e-03 5.126000e-02
44 9.379600e-01 9.172000e-03 5.286800e-02
45 9.362720e-01 9.212000e-03 5.451600e-02
46 9.343920e-01 9.492000e-03 5.611600e-02
47 9.325080e-01 9.696000e-03 5.779600e-02
48 9.307000e-01 9.728000e-03 5.957200e-02
49 9.288280e-01 9.956000e-03 6.121600e-02
50 9.270360e-01 1.005200e-02 6.291200e-02
51 9.252360e-01 1.023200e-02 6.453200e-02
52 9.233720e-01 1.034800e-02 6.628000e-02
53 9.213880e-01 1.062800e-02 6.798400e-02
54 9.195200e-01 1.062400e-02 6.985600e-02
55 9.177560e-01 1.053600e-02 7.170800e-02
56 9.159040e-01 1.048800e-02 7.360800e-02
57 9.139800e-01 1.052800e-02 7.549200e-02
58 9.120280e-01 1.072400e-02 7.724800e-02
59 9.100360e-01 1.082400e-02 7.914000e-02
60 9.082280e-01 1.071200e-02 8.106000e-02
61 9.062080e-01 1.092800e-02 8.286400e-02
62 9.041560e-01 1.087200e-02 8.497200e-02
63 9.023640e-01 1.072000e-02 8.691600e-02
64 9.005560e-01 1.055600e-02 8.888800e-02
65 8.988000e-01 1.056800e-02 9.063200e-02
66 8.968800e-01 1.056000e-02 9.256000e-02
67 8.949400e-01 1.060400e-02 9.445600e-02
68 8.929240e-01 1.073600e-02 9.634000e-02
69 8.910000e-01 1.063200e-02 9.836800e-02
70 8.892040e-01 1.057600e-02 1.002200e-01
71 8.873720e-01 1.045600e-02 1.021720e-01
72 8.856240e-01 1.036400e-02 1.040120e-01
73 8.838320e-01 1.050800e-02 1.056600e-01
74 8.820600e-01 1.050400e-02 1.074360e-01
75 8.802360e-01 1.060000e-02 1.091640e-01
76 8.783680e-01 1.059600e-02 1.110360e-01
77 8.765320e-01 1.065600e-02 1.128120e-01
78 8.745680e-01 1.073600e-02 1.146960e-01
79 8.726640e-01 1.075600e-02 1.165800e-01
80 8.708720e-01 1.059600e-02 1.185320e-01
81 8.692280e-01 1.040400e-02 1.203680e-01
82 8.674920e-01 1.033200e-02 1.221760e-01
83 8.657080e-01 1.020800e-02 1.240840e-01
84 8.638240e-01 1.026000e-02 1.259160e-01
85 8.621400e-01 1.005200e-02 1.278080e-01
86 8.604280e-01 1.002400e-02 1.295480e-01
87 8.586920e-01 1.001200e-02 1.312960e-01
88 8.570760e-01 9.924000e-03 1.330000e-01
89 8.554600e-01 9.676000e-03 1.348640e-01
90 8.539760e-01 9.528000e-03 1.364960e-01
91 8.522680e-01 9.644000e-03 1.380880e-01
92 8.507320e-01 9.448000e-03 1.398200e-01
93 8.490240e-01 9.524000e-03 1.414520e-01
94 8.474320e-01 9.532000e-03 1.430360e-01
95 8.457640e-01 9.440000e-03 1.447960e-01
96 8.440920e-01 9.540000e-03 1.463680e-01
97 8.423880e-01 9.516000e-03 1.480960e-01
98 8.408120e-01 9.432000e-03 1.497560e-01
99 8.392240e-01 9.420000e-03 1.513560e-01
100 8.374720e-01 9.572000e-03 1.529560e-01
101 8.357960e-01 9.544000e-03 1.546600e-01
102 8.340960e-01 9.532000e-03 1.563720e-01
103 8.324160e-01 9.672000e-03 1.579120e-01
104 8.306040e-01 9.836000e-03 1.595600e-01
105 8.286560e-01 1.007200e-02 1.612720e-01
106 8.268480e-01 1.018800e-02 1.629640e-01
107 8.251160e-01 1.018400e-02 1.647000e-01
108 8.233440e-01 1.009200e-02 1.665640e-01
109 8.215680e-01 1.019200e-02 1.682400e-01
110 8.198400e-01 1.017200e-02 1.699880e-01
111 8.181320e-01 1.022400e-02 1.716440e-01
112 8.164840e-01 1.009600e-02 1.734200e-01
113 8.146440e-01 1.012800e-02 1.752280e-01
114 8.130880e-01 9.888000e-03 1.770240e-01
115 8.115680e-01 9.620000e-03 1.788120e-01
116 8.100280e-01 9.528000e-03 1.804440e-01
117 8.082280e-01 9.696000e-03 1.820760e-01
118 8.066000e-01 9.620000e-03 1.837800e-01
119 8.050080e-01 9.592000e-03 1.854000e-01
120 8.034640e-01 9.248000e-03 1.872880e-01
121 8.019200e-01 9.104000e-03 1.889760e-01
122 8.004880e-01 8.904000e-03 1.906080e-01
123 7.988440e-01 9.140000e-03 1.920160e-01
124 7.972480e-01 9.004000e-03 1.937480e-01
125 7.957280e-01 9.040000e-03 1.952320e-01
126 7.941840e-01 9.016000e-03 1.968000e-01
127 7.926200e-01 9.024000e-03 1.983560e-01
128 7.911200e-01 9.152000e-03 1.997280e-01
129 7.897720e-01 8.996000e-03 2.012320e-01
130 7.885320e-01 8.684000e-03 2.027840e-01
131 7.871080e-01 8.632000e-03 2.042600e-01
132 7.857600e-01 8.516000e-03 2.057240e-01
133 7.843120e-01 8.488000e-03 2.072000e-01
134 7.829640e-01 8.272000e-03 2.087640e-01
135 7.817120e-01 8.108000e-03 2.101800e-01
136 7.804880e-01 8.020000e-03 2.114920e-01
137 7.791840e-01 7.848000e-03 2.129680e-01
138 7.777680e-01 7.924000e-03 2.143080e-01
139 7.764520e-01 7.944000e-03 2.156040e-01
140 7.750320e-01 7.860000e-03 2.171080e-01
141 7.737600e-01 7.796000e-03 2.184440e-01
142 7.724760e-01 7.700000e-03 2.198240e-01
143 7.711800e-01 7.688000e-03 2.211320e-01
144 7.698680e-01 7.724000e-03 2.224080e-01
145 7.684920e-01 7.672000e-03 2.238360e-01
146 7.671320e-01 7.696000e-03 2.251720e-01
147 7.659440e-01 7.732000e-03 2.263240e-01
148 7.646000e-01 7.828000e-03 2.275720e-01
149 7.633720e-01 7.708000e-03 2.289200e-01
150 7.623080e-01 7.564000e-03 2.301280e-01
151 7.610600e-01 7.400000e-03 2.315400e-01
152 7.600240e-01 7.084000e-03 2.328920e-01
153 7.588600e-01 7.000000e-03 2.341400e-01
154 7.578680e-01 6.856000e-03 2.352760e-01
155 7.567680e-01 6.704000e-03 2.365280e-01
156 7.557280e-01 6.664000e-03 2.376080e-01
157 7.544600e-01 6.784000e-03 2.387560e-01
158 7.534040e-01 6.644000e-03 2.399520e-01
159 7.523200e-01 6.576000e-03 2.411040e-01
160 7.511720e-01 6.524000e-03 2.423040e-01
161 7.502560e-01 6.320000e-03 2.434240e-01
162 7.492080e-01 6.316000e-03 2.444760e-01
163 7.480680e-01 6.432000e-03 2.455000e-01
164 7.469040e-01 6.532000e-03 2.465640e-01
165 7.457920e-01 6.356000e-03 2.478520e-01
166 7.447160e-01 6.272000e-03 2.490120e-01
167 7.436560e-01 6.224000e-03 2.501200e-01
168 7.426520e-01 6.052000e-03 2.512960e-01
169 7.417360e-01 6.060000e-03 2.522040e-01
170 7.406680e-01 6.108000e-03 2.532240e-01
171 7.395840e-01 6.088000e-03 2.543280e-01
172 7.386120e-01 6.096000e-03 2.552920e-01
173 7.374880e-01 6.240000e-03 2.562720e-01
174 7.364280e-01 6.256000e-03 2.573160e-01
175 7.352840e-01 6.388000e-03 2.583280e-01
176 7.343000e-01 6.264000e-03 2.594360e-01
177 7.330720e-01 6.416000e-03 2.605120e-01
178 7.318800e-01 6.472000e-03 2.616480e-01
179 7.306960e-01 6.588000e-03 2.627160e-01
180 7.295880e-01 6.528000e-03 2.638840e-01
181 7.284000e-01 6.668000e-03 2.649320e-01
182 7.273120e-01 6.616000e-03 2.660720e-01
183 7.262680e-01 6.532000e-03 2.672000e-01
184 7.251680e-01 6.476000e-03 2.683560e-01
185 7.240080e-01 6.364000e-03 2.696280e-01
186 7.227040e-01 6.588000e-03 2.707080e-01
187 7.215960e-01 6.500000e-03 2.719040e-01
188 7.205160e-01 6.520000e-03 2.729640e-01
189 7.193320e-01 6.416000e-03 2.742520e-01
190 7.181400e-01 6.548000e-03 2.753120e-01
191 7.170520e-01 6.556000e-03 2.763920e-01
192 7.158520e-01 6.636000e-03 2.775120e-01
193 7.146880e-01 6.780000e-03 2.785320e-01
194 7.135640e-01 6.708000e-03 2.797280e-01
195 7.124240e-01 6.652000e-03 2.809240e-01
196 7.112600e-01 6.692000e-03 2.820480e-01
197 7.100560e-01 6.752000e-03 2.831920e-01
198 7.088080e-01 6.812000e-03 2.843800e-01
199 7.076560e-01 6.776000e-03 2.855680e-01
200 7.064840e-01 6.868000e-03 2.866480e-01
201 7.051320e-01 6.884000e-03 2.879840e-01
202 7.039560e-01 6.892000e-03 2.891520e-01
203 7.027760e-01 6.852000e-03 2.903720e-01
204 7.016320e-01 6.708000e-03 2.916600e-01
205 7.005960e-01 6.564000e-03 2.928400e-01
206 6.994800e-01 6.604000e-03 2.939160e-01
207 6.984680e-01 6.504000e-03 2.950280e-01
208 6.973320e-01 6.528000e-03 2.961400e-01
209 6.963960e-01 6.208000e-03 2.973960e-01
210 6.953360e-01 6.232000e-03 2.984320e-01
211 6.942960e-01 6.240000e-03 2.994640e-01
212 6.932480e-01 6.136000e-03 3.006160e-01
213 6.922160e-01 6.192000e-03 3.015920e-01
214 6.911560e-01 6.024000e-03 3.028200e-01
215 6.901200e-01 6.024000e-03 3.038560e-01
216 6.891560e-01 5.956000e-03 3.048880e-01
217 6.882440e-01 5.864000e-03 3.058920e-01
218 6.873400e-01 5.784000e-03 3.068760e-01
219 6.864240e-01 5.676000e-03 3.079000e-01
220 6.855040e-01 5.636000e-03 3.088600e-01
221 6.846560e-01 5.536000e-03 3.098080e-01
222 6.837560e-01 5.416000e-03 3.108280e-01
223 6.828680e-01 5.328000e-03 3.118040e-01
224 6.820560e-01 5.212000e-03 3.127320e-01
225 6.812640e-01 5.144000e-03 3.135920e-01
226 6.802760e-01 5.096000e-03 3.146280e-01
227 6.795840e-01 4.872000e-03 3.155440e-01
228 6.789040e-01 4.700000e-03 3.163960e-01
229 6.780000e-01 4.820000e-03 3.171800e-01
230 6.772400e-01 4.736000e-03 3.180240e-01
231 6.764040e-01 4.672000e-03 3.189240e-01
232 6.755680e-01 4.696000e-03 3.197360e-01
233 6.747960e-01 4.548000e-03 3.206560e-01
234 6.740880e-01 4.404000e-03 3.215080e-01
235 6.733280e-01 4.364000e-03 3.223080e-01
236 6.725040e-01 4.416000e-03 3.230800e-01
237 6.718040e-01 4.436000e-03 3.237600e-01
238 6.711000e-01 4.396000e-03 3.245040e-01
239 6.701200e-01 4.588000e-03 3.252920e-01
240 6.694440e-01 4.492000e-03 3.260640e-01
241 6.686720e-01 4.472000e-03 3.268560e-01
242 6.678680e-01 4.536000e-03 3.275960e-01
243 6.671560e-01 4.528000e-03 3.283160e-01
244 6.663720e-01 4.472000e-03 3.291560e-01
245 6.655920e-01 4.372000e-03 3.300360e-01
246 6.648560e-01 4.404000e-03 3.307400e-01
247 6.641880e-01 4.240000e-03 3.315720e-01
248 6.635240e-01 4.244000e-03 3.322320e-01
249 6.629680e-01 4.084000e-03 3.329480e-01
250 6.623680e-01 3.972000e-03 3.336600e-01
251 6.618360e-01 3.832000e-03 3.343320e-01
252 6.612040e-01 3.808000e-03 3.349880e-01
253 6.606040e-01 3.744000e-03 3.356520e-01
254 6.599120e-01 3.748000e-03 3.363400e-01
255 6.593000e-01 3.752000e-03 3.369480e-01
256 6.586360e-01 3.788000e-03 3.375760e-01
257 6.580200e-01 3.772000e-03 3.382080e-01
258 6.573560e-01 3.804000e-03 3.388400e-01
259 6.566960e-01 3.772000e-03 3.395320e-01
260 6.560160e-01 3.840000e-03 3.401440e-01
261 6.553400e-01 3.884000e-03 3.407760e-01
262 6.546600e-01 3.860000e-03 3.414800e-01
263 6.539520e-01 3.900000e-03 3.421480e-01
264 6.532480e-01 3.948000e-03 3.428040e-01
265 6.525680e-01 3.988000e-03 3.434440e-01
266 6.517680e-01 4.064000e-03 3.441680e-01
267 6.511080e-01 3.900000e-03 3.449920e-01
268 6.505080e-01 3.892000e-03 3.456000e-01
269 6.499400e-01 3.772000e-03 3.462880e-01
270 6.492760e-01 3.764000e-03 3.469600e-01
271 6.487480e-01 3.652000e-03 3.476000e-01
272 6.481560e-01 3.580000e-03 3.482640e-01
273 6.475080e-01 3.572000e-03 3.489200e-01
274 6.468280e-01 3.596000e-03 3.495760e-01
275 6.460920e-01 3.728000e-03 3.501800e-01
276 6.454520e-01 3.724000e-03 3.508240e-01
277 6.448560e-01 3.704000e-03 3.514400e-01
278 6.442600e-01 3.656000e-03 3.520840e-01
279 6.436600e-01 3.692000e-03 3.526480e-01
280 6.430840e-01 3.652000e-03 3.532640e-01
281 6.425000e-01 3.516000e-03 3.539840e-01
282 6.418920e-01 3.504000e-03 3.546040e-01
283 6.413280e-01 3.444000e-03 3.552280e-01
284 6.406400e-01 3.492000e-03 3.558680e-01
285 6.400240e-01 3.480000e-03 3.564960e-01
286 6.393920e-01 3.500000e-03 3.571080e-01
287 6.388040e-01 3.468000e-03 3.577280e-01
288 6.382560e-01 3.408000e-03 3.583360e-01
289 6.377600e-01 3.284000e-03 3.589560e-01
290 6.371760e-01 3.264000e-03 3.595600e-01
291 6.366800e-01 3.140000e-03 3.601800e-01
292 6.361240e-01 3.116000e-03 3.607600e-01
293 6.356040e-01 3.204000e-03 3.611920e-01
294 6.350120e-01 3.252000e-03 3.617360e-01
295 6.345520e-01 3.124000e-03 3.623240e-01
296 6.340000e-01 3.148000e-03 3.628520e-01
297 6.335200e-01 3.156000e-03 3.633240e-01
298 6.330600e-01 3.112000e-03 3.638280e-01
299 6.325640e-01 3.120000e-03 3.643160e-01
300 6.321760e-01 3.032000e-03 3.647920e-01
301 6.317160e-01 3.056000e-03 3.652280e-01
302 6.312120e-01 3.104000e-03 3.656840e-01
303 6.306200e-01 3.124000e-03 3.662560e-01
304 6.300800e-01 3.084000e-03 3.668360e-01
305 6.296160e-01 2.960000e-03 3.674240e-01
306 6.292080e-01 2.892000e-03 3.679000e-01
307 6.288040e-01 2.720000e-03 3.684760e-01
308 6.284600e-01 2.636000e-03 3.689040e-01
309 6.281040e-01 2.552000e-03 3.693440e-01
310 6.277600e-01 2.436000e-03 3.698040e-01
311 6.273200e-01 2.460000e-03 3.702200e-01
312 6.268400e-01 2.476000e-03 3.706840e-01
313 6.264360e-01 2.484000e-03 3.710800e-01
314 6.260520e-01 2.492000e-03 3.714560e-01
315 6.256400e-01 2.460000e-03 3.719000e-01
316 6.253120e-01 2.324000e-03 3.723640e-01
317 6.249400e-01 2.276000e-03 3.727840e-01
318 6.246200e-01 2.144000e-03 3.732360e-01
319 6.242880e-01 2.080000e-03 3.736320e-01
320 6.239800e-01 1.992000e-03 3.740280e-01
321 6.236840e-01 1.952000e-03 3.743640e-01
322 6.233080e-01 1.984000e-03 3.747080e-01
323 6.229240e-01 2.032000e-03 3.750440e-01
324 6.226440e-01 2.020000e-03 3.753360e-01
325 6.222440e-01 2.064000e-03 3.756920e-01
326 6.218720e-01 2.132000e-03 3.759960e-01
327 6.215040e-01 2.168000e-03 3.763280e-01
328 6.211120e-01 2.172000e-03 3.767160e-01
329 6.207320e-01 2.172000e-03 3.770960e-01
330 6.203440e-01 2.228000e-03 3.774280e-01
331 6.199400e-01 2.276000e-03 3.777840e-01
332 6.195880e-01 2.288000e-03 3.781240e-01
333 6.192080e-01 2.252000e-03 3.785400e-01
334 6.189440e-01 2.128000e-03 3.789280e-01
335 6.186040e-01 2.052000e-03 3.793440e-01
336 6.182360e-01 2.040000e-03 3.797240e-01
337 6.179640e-01 1.984000e-03 3.800520e-01
338 6.176800e-01 1.900000e-03 3.804200e-01
339 6.173760e-01 1.884000e-03 3.807400e-01
340 6.171120e-01 1.888000e-03 3.810000e-01
341 6.167400e-01 1.968000e-03 3.812920e-01
342 6.163400e-01 2.048000e-03 3.816120e-01
343 6.159560e-01 2.136000e-03 3.819080e-01
344 6.155400e-01 2.220000e-03 3.822400e-01
345 6.151720e-01 2.172000e-03 3.826560e-01
346 6.147280e-01 2.292000e-03 3.829800e-01
347 6.143200e-01 2.276000e-03 3.834040e-01
348 6.138920e-01 2.260000e-03 3.838480e-01
349 6.135080e-01 2.224000e-03 3.842680e-01
350 6.130960e-01 2.236000e-03 3.846680e-01
351 6.127600e-01 2.180000e-03 3.850600e-01
352 6.123680e-01 2.180000e-03 3.854520e-01
353 6.120000e-01 2.164000e-03 3.858360e-01
354 6.116320e-01 2.188000e-03 3.861800e-01
355 6.113520e-01 2.144000e-03 3.865040e-01
356 6.110080e-01 2.144000e-03 3.868480e-01
357 6.106880e-01 2.064000e-03 3.872480e-01
358 6.103880e-01 2.040000e-03 3.875720e-01
359 6.100480e-01 2.112000e-03 3.878400e-01
360 6.097320e-01 2.100000e-03 3.881680e-01
361 6.094720e-01 2.008000e-03 3.885200e-01
362 6.091880e-01 1.948000e-03 3.888640e-01
363 6.088680e-01 1.912000e-03 3.892200e-01
364 6.085840e-01 1.832000e-03 3.895840e-01
365 6.082440e-01 1.820000e-03 3.899360e-01
366 6.078320e-01 1.912000e-03 3.902560e-01
367 6.074920e-01 1.920000e-03 3.905880e-01
368 6.071000e-01 1.980000e-03 3.909200e-01
369 6.068120e-01 1.932000e-03 3.912560e-01
370 6.065200e-01 1.888000e-03 3.915920e-01
371 6.061080e-01 1.912000e-03 3.919800e-01
372 6.057560e-01 1.948000e-03 3.922960e-01
373 6.054400e-01 1.936000e-03 3.926240e-01
374 6.051480e-01 1.832000e-03 3.930200e-01
375 6.048360e-01 1.840000e-03 3.933240e-01
376 6.045320e-01 1.804000e-03 3.936640e-01
377 6.041680e-01 1.792000e-03 3.940400e-01
378 6.038480e-01 1.768000e-03 3.943840e-01
379 6.035640e-01 1.732000e-03 3.947040e-01
380 6.033360e-01 1.668000e-03 3.949960e-01
381 6.031160e-01 1.556000e-03 3.953280e-01
382 6.028800e-01 1.544000e-03 3.955760e-01
383 6.026960e-01 1.452000e-03 3.958520e-01
384 6.024680e-01 1.444000e-03 3.960880e-01
385 6.022360e-01 1.440000e-03 3.963240e-01
386 6.019960e-01 1.436000e-03 3.965680e-01
387 6.016920e-01 1.476000e-03 3.968320e-01
388 6.013840e-01 1.480000e-03 3.971360e-01
389 6.011680e-01 1.432000e-03 3.974000e-01
390 6.009520e-01 1.416000e-03 3.976320e-01
391 6.007160e-01 1.380000e-03 3.979040e-01
392 6.004840e-01 1.392000e-03 3.981240e-01
393 6.002560e-01 1.372000e-03 3.983720e-01
394 6.000760e-01 1.320000e-03 3.986040e-01
395 5.998400e-01 1.344000e-03 3.988160e-01
396 5.996000e-01 1.368000e-03 3.990320e-01
397 5.994800e-01 1.244000e-03 3.992760e-01
398 5.993200e-01 1.180000e-03 3.995000e-01
399 5.990920e-01 1.200000e-03 3.997080e-01
400 5.988040e-01 1.264000e-03 3.999320e-01
401 5.985920e-01 1.228000e-03 4.001800e-01
402 5.984080e-01 1.156000e-03 4.004360e-01
403 5.981760e-01 1.164000e-03 4.006600e-01
404 5.979560e-01 1.168000e-03 4.008760e-01
405 5.976440e-01 1.228000e-03 4.011280e-01
406 5.973080e-01 1.328000e-03 4.013640e-01
407 5.970360e-01 1.400000e-03 4.015640e-01
408 5.968120e-01 1.368000e-03 4.018200e-01
409 5.965640e-01 1.392000e-03 4.020440e-01
410 5.963120e-01 1.392000e-03 4.022960e-01
411 5.961120e-01 1.352000e-03 4.025360e-01
412 5.958680e-01 1.328000e-03 4.028040e-01
413 5.955640e-01 1.408000e-03 4.030280e-01
414 5.952840e-01 1.444000e-03 4.032720e-01
415 5.950440e-01 1.464000e-03 4.034920e-01
416 5.947920e-01 1.400000e-03 4.038080e-01
417 5.945760e-01 1.400000e-03 4.040240e-01
418 5.943680e-01 1.396000e-03 4.042360e-01
419 5.941360e-01 1.336000e-03 4.045280e-01
420 5.938800e-01 1.376000e-03 4.047440e-01
421 5.937200e-01 1.264000e-03 4.050160e-01
422 5.935080e-01 1.236000e-03 4.052560e-01
423 5.932640e-01 1.216000e-03 4.055200e-01
424 5.930400e-01 1.248000e-03 4.057120e-01
425 5.928240e-01 1.288000e-03 4.058880e-01
426 5.926600e-01 1.236000e-03 4.061040e-01
427 5.924400e-01 1.256000e-03 4.063040e-01
428 5.922880e-01 1.144000e-03 4.065680e-01
429 5.920720e-01 1.164000e-03 4.067640e-01
430 5.918680e-01 1.204000e-03 4.069280e-01
431 5.916520e-01 1.188000e-03 4.071600e-01
432 5.914960e-01 1.140000e-03 4.073640e-01
433 5.912800e-01 1.160000e-03 4.075600e-01
434 5.911120e-01 1.144000e-03 4.077440e-01
435 5.909160e-01 1.140000e-03 4.079440e-01
436 5.907240e-01 1.060000e-03 4.082160e-01
437 5.904920e-01 1.104000e-03 4.084040e-01
438 5.903080e-01 1.140000e-03 4.085520e-01
439 5.901800e-01 1.100000e-03 4.087200e-01
440 5.899720e-01 1.096000e-03 4.089320e-01
441 5.898120e-01 1.048000e-03 4.091400e-01
442 5.896800e-01 9.760000e-04 4.093440e-01
443 5.895240e-01 9.480000e-04 4.095280e-01
444 5.893800e-01 9.360000e-04 4.096840e-01
445 5.892360e-01 9.040000e-04 4.098600e-01
446 5.890920e-01 8.560000e-04 4.100520e-01
447 5.889280e-01 8.880000e-04 4.101840e-01
448 5.887960e-01 8.960000e-04 4.103080e-01
449 5.886320e-01 8.920000e-04 4.104760e-01
450 5.884680e-01 9.080000e-04 4.106240e-01
451 5.883240e-01 8.280000e-04 4.108480e-01
452 5.882200e-01 8.200000e-04 4.109600e-01
453 5.880520e-01 8.240000e-04 4.111240e-01
454 5.879320e-01 8.040000e-04 4.112640e-01
455 5.877760e-01 8.320000e-04 4.113920e-01
456 5.876240e-01 8.120000e-04 4.115640e-01
457 5.874440e-01 8.640000e-04 4.116920e-01
458 5.873120e-01 8.480000e-04 4.118400e-01
459 5.872080e-01 8.080000e-04 4.119840e-01
460 5.870600e-01 8.120000e-04 4.121280e-01
461 5.869440e-01 7.840000e-04 4.122720e-01
462 5.868000e-01 7.560000e-04 4.124440e-01
463 5.866760e-01 7.520000e-04 4.125720e-01
464 5.865280e-01 7.960000e-04 4.126760e-01
465 5.863360e-01 8.480000e-04 4.128160e-01
466 5.862280e-01 8.000000e-04 4.129720e-01
467 5.860720e-01 7.920000e-04 4.131360e-01
468 5.859520e-01 7.400000e-04 4.133080e-01
469 5.858640e-01 6.960000e-04 4.134400e-01
470 5.857320e-01 6.840000e-04 4.135840e-01
471 5.856040e-01 7.240000e-04 4.136720e-01
472 5.854720e-01 7.200000e-04 4.138080e-01
473 5.853200e-01 7.160000e-04 4.139640e-01
474 5.851560e-01 7.720000e-04 4.140720e-01
475 5.849520e-01 8.680000e-04 4.141800e-01
476 5.847880e-01 8.560000e-04 4.143560e-01
477 5.846600e-01 8.800000e-04 4.144600e-01
478 5.845000e-01 8.960000e-04 4.146040e-01
479 5.844040e-01 7.880000e-04 4.148080e-01
480 5.842720e-01 8.000000e-04 4.149280e-01
481 5.840920e-01 7.840000e-04 4.151240e-01
482 5.839920e-01 7.920000e-04 4.152160e-01
483 5.838840e-01 7.600000e-04 4.153560e-01
484 5.837440e-01 7.400000e-04 4.155160e-01
485 5.836640e-01 7.080000e-04 4.156280e-01
486 5.835720e-01 6.640000e-04 4.157640e-01
487 5.834960e-01 6.160000e-04 4.158880e-01
488 5.834200e-01 6.360000e-04 4.159440e-01
489 5.833120e-01 6.560000e-04 4.160320e-01
490 5.832320e-01 6.040000e-04 4.161640e-01
491 5.831120e-01 6.080000e-04 4.162800e-01
492 5.830440e-01 5.720000e-04 4.163840e-01
493 5.829720e-01 5.040000e-04 4.165240e-01
494 5.828600e-01 5.120000e-04 4.166280e-01
495 5.827760e-01 5.160000e-04 4.167080e-01
496 5.827240e-01 4.800000e-04 4.167960e-01
497 5.826480e-01 4.680000e-04 4.168840e-01
498 5.825880e-01 4.360000e-04 4.169760e-01
499 5.825360e-01 4.200000e-04 4.170440e-01
500 5.825000e-01 3.840000e-04 4.171160e-01
