1 9.992000e-01 7.040000e-04 9.600000e-05
2 9.986480e-01 1.048000e-03 3.040000e-04
3 9.980480e-01 1.476000e-03 4.760000e-04
4 9.973800e-01 1.880000e-03 7.400000e-04
5 9.966280e-01 2.264000e-03 1.108000e-03
6 9.957880e-01 2.688000e-03 1.524000e-03
7 9.950280e-01 2.964000e-03 2.008000e-03
8 9.942560e-01 3.124000e-03 2.620000e-03
9 9.934760e-01 3.328000e-03 3.196000e-03
10 9.926560e-01 3.524000e-03 3.820000e-03
11 9.918960e-01 3.644000e-03 4.460000e-03
12 9.910240e-01 3.928000e-03 5.048000e-03
13 9.901040e-01 4.116000e-03 5.780000e-03
14 9.890040e-01 4.480000e-03 6.516000e-03
15 9.879920e-01 4.760000e-03 7.248000e-03
16 9.867880e-01 5.148000e-03 8.064000e-03
17 9.856880e-01 5.356000e-03 8.956000e-03
18 9.844840e-01 5.584000e-03 9.932000e-03
19 9.831040e-01 6.112000e-03 1.078400e-02
20 9.818400e-01 6.280000e-03 1.188000e-02
21 9.805840e-01 6.500000e-03 1.291600e-02
22 9.793120e-01 6.696000e-03 1.399200e-02
23 9.781000e-01 6.884000e-03 1.501600e-02
24 9.766040e-01 7.180000e-03 1.621600e-02
25 9.752880e-01 7.268000e-03 1.744400e-02
26 9.738880e-01 7.384000e-03 1.872800e-02
27 9.725920e-01 7.320000e-03 2.008800e-02
28 9.712280e-01 7.336000e-03 2.143600e-02
29 9.699640e-01 7.348000e-03 2.268800e-02
30 9.685000e-01 7.532000e-03 2.396800e-02
31 9.670040e-01 7.708000e-03 2.528800e-02
32 9.654480e-01 7.848000e-03 2.670400e-02
33 9.638560e-01 8.044000e-03 2.810000e-02
34 9.623440e-01 8.108000e-03 2.954800e-02
35 9.608160e-01 8.216000e-03 3.096800e-02
36 9.591680e-01 8.372000e-03 3.246000e-02
37 9.575480e-01 8.592000e-03 3.386000e-02
38 9.557480e-01 8.980000e-03 3.527200e-02
39 9.538800e-01 9.232000e-03 3.688800e-02
40 9.520480e-01 9.308000e-03 3.864400e-02
41 9.503480e-01 9.424000e-03 4.022800e-02
42 9.487240e-01 9.292000e-03 4.198400e-02
43 9.470280e-01 9.428000e-03 4.354400e-02
44 9.452840e-01 9.512000e-03 4.520400e-02
45 9.435760e-01 9.492000e-03 4.693200e-02
46 9.417920e-01 9.744000e-03 4.846400e-02
47 9.401320e-01 9.648000e-03 5.022000e-02
48 9.382920e-01 9.816000e-03 5.189200e-02
49 9.365520e-01 9.904000e-03 5.354400e-02
50 9.348920e-01 9.908000e-03 5.520000e-02
51 9.331600e-01 9.860000e-03 5.698000e-02
52 9.315880e-01 9.676000e-03 5.873600e-02
53 9.299720e-01 9.704000e-03 6.032400e-02
54 9.283000e-01 9.664000e-03 6.203600e-02
55 9.266240e-01 9.500000e-03 6.387600e-02
56 9.249520e-01 9.484000e-03 6.556400e-02
57 9.234160e-01 9.432000e-03 6.715200e-02
58 9.216720e-01 9.560000e-03 6.876800e-02
59 9.200160e-01 9.540000e-03 7.044400e-02
60 9.183080e-01 9.692000e-03 7.200000e-02
61 9.167040e-01 9.604000e-03 7.369200e-02
62 9.151320e-01 9.556000e-03 7.531200e-02
63 9.135480e-01 9.580000e-03 7.687200e-02
64 9.117880e-01 9.572000e-03 7.864000e-02
65 9.101400e-01 9.608000e-03 8.025200e-02
66 9.085520e-01 9.616000e-03 8.183200e-02
67 9.069120e-01 9.624000e-03 8.346400e-02
68 9.051680e-01 9.676000e-03 8.515600e-02
69 9.034600e-01 9.692000e-03 8.684800e-02
70 9.017480e-01 9.580000e-03 8.867200e-02
71 8.999840e-01 9.588000e-03 9.042800e-02
72 8.981280e-01 9.756000e-03 9.211600e-02
73 8.964360e-01 9.756000e-03 9.380800e-02
74 8.947640e-01 9.692000e-03 9.554400e-02
75 8.929520e-01 9.812000e-03 9.723600e-02
76 8.912760e-01 9.828000e-03 9.889600e-02
77 8.894520e-01 1.004400e-02 1.005040e-01
78 8.876000e-01 1.010800e-02 1.022920e-01
79 8.858160e-01 1.015200e-02 1.040320e-01
80 8.840560e-01 1.003200e-02 1.059120e-01
81 8.822000e-01 1.016000e-02 1.076400e-01
82 8.804560e-01 1.006000e-02 1.094840e-01
83 8.787080e-01 1.008400e-02 1.112080e-01
84 8.769920e-01 9.956000e-03 1.130520e-01
85 8.753280e-01 9.988000e-03 1.146840e-01
86 8.734320e-01 1.005200e-02 1.165160e-01
87 8.716960e-01 1.006000e-02 1.182440e-01
88 8.699640e-01 1.016800e-02 1.198680e-01
89 8.681800e-01 1.009600e-02 1.217240e-01
90 8.663960e-01 1.026800e-02 1.233360e-01
91 8.648120e-01 1.006800e-02 1.251200e-01
92 8.629880e-01 1.034000e-02 1.266720e-01
93 8.611680e-01 1.033600e-02 1.284960e-01
94 8.594520e-01 1.048400e-02 1.300640e-01
95 8.576280e-01 1.058800e-02 1.317840e-01
96 8.559880e-01 1.040800e-02 1.336040e-01
97 8.543800e-01 1.016400e-02 1.354560e-01
98 8.527720e-01 1.004400e-02 1.371840e-01
99 8.510920e-01 1.004800e-02 1.388600e-01
100 8.494840e-01 9.900000e-03 1.406160e-01
101 8.478760e-01 9.736000e-03 1.423880e-01
102 8.461720e-01 9.804000e-03 1.440240e-01
103 8.444040e-01 9.972000e-03 1.456240e-01
104 8.428840e-01 9.600000e-03 1.475160e-01
105 8.413160e-01 9.664000e-03 1.490200e-01
106 8.397640e-01 9.588000e-03 1.506480e-01
107 8.381240e-01 9.652000e-03 1.522240e-01
108 8.366080e-01 9.392000e-03 1.540000e-01
109 8.349200e-01 9.472000e-03 1.556080e-01
110 8.334880e-01 9.308000e-03 1.572040e-01
111 8.318040e-01 9.348000e-03 1.588480e-01
112 8.303280e-01 9.068000e-03 1.606040e-01
113 8.287160e-01 9.136000e-03 1.621480e-01
114 8.270800e-01 9.200000e-03 1.637200e-01
115 8.252760e-01 9.360000e-03 1.653640e-01
116 8.235480e-01 9.476000e-03 1.669760e-01
117 8.218440e-01 9.512000e-03 1.686440e-01
118 8.201120e-01 9.484000e-03 1.704040e-01
119 8.184720e-01 9.476000e-03 1.720520e-01
120 8.169280e-01 9.528000e-03 1.735440e-01
121 8.152800e-01 9.560000e-03 1.751600e-01
122 8.136640e-01 9.548000e-03 1.767880e-01
123 8.121920e-01 9.396000e-03 1.784120e-01
124 8.105320e-01 9.336000e-03 1.801320e-01
125 8.087840e-01 9.480000e-03 1.817360e-01
126 8.071680e-01 9.412000e-03 1.834200e-01
127 8.054840e-01 9.460000e-03 1.850560e-01
128 8.039240e-01 9.268000e-03 1.868080e-01
129 8.024600e-01 9.064000e-03 1.884760e-01
130 8.008600e-01 9.180000e-03 1.899600e-01
131 7.992800e-01 9.136000e-03 1.915840e-01
132 7.978000e-01 9.012000e-03 1.931880e-01
133 7.962440e-01 8.988000e-03 1.947680e-01
134 7.947400e-01 8.976000e-03 1.962840e-01
135 7.931680e-01 8.932000e-03 1.979000e-01
136 7.915880e-01 8.936000e-03 1.994760e-01
137 7.900600e-01 8.872000e-03 2.010680e-01
138 7.884360e-01 8.932000e-03 2.026320e-01
139 7.870560e-01 8.904000e-03 2.040400e-01
140 7.856000e-01 8.672000e-03 2.057280e-01
141 7.841640e-01 8.632000e-03 2.072040e-01
142 7.827240e-01 8.648000e-03 2.086280e-01
143 7.812880e-01 8.596000e-03 2.101160e-01
144 7.797400e-01 8.648000e-03 2.116120e-01
145 7.784760e-01 8.384000e-03 2.131400e-01
146 7.771560e-01 8.240000e-03 2.146040e-01
147 7.757480e-01 8.288000e-03 2.159640e-01
148 7.741640e-01 8.540000e-03 2.172960e-01
149 7.728400e-01 8.344000e-03 2.188160e-01
150 7.714200e-01 8.344000e-03 2.202360e-01
151 7.700080e-01 8.400000e-03 2.215920e-01
152 7.687080e-01 8.276000e-03 2.230160e-01
153 7.673960e-01 8.120000e-03 2.244840e-01
154 7.660920e-01 8.044000e-03 2.258640e-01
155 7.645960e-01 8.112000e-03 2.272920e-01
156 7.632320e-01 8.020000e-03 2.287480e-01
157 7.616800e-01 8.180000e-03 2.301400e-01
158 7.602720e-01 8.156000e-03 2.315720e-01
159 7.587720e-01 8.248000e-03 2.329800e-01
160 7.572880e-01 8.292000e-03 2.344200e-01
161 7.560080e-01 8.148000e-03 2.358440e-01
162 7.546720e-01 8.160000e-03 2.371680e-01
163 7.532840e-01 8.096000e-03 2.386200e-01
164 7.519480e-01 8.076000e-03 2.399760e-01
165 7.504080e-01 8.236000e-03 2.413560e-01
166 7.490280e-01 8.244000e-03 2.427280e-01
167 7.475320e-01 8.340000e-03 2.441280e-01
168 7.462320e-01 8.192000e-03 2.455760e-01
169 7.449720e-01 8.028000e-03 2.470000e-01
170 7.437480e-01 7.844000e-03 2.484080e-01
171 7.425640e-01 7.656000e-03 2.497800e-01
172 7.412440e-01 7.656000e-03 2.511000e-01
173 7.399840e-01 7.700000e-03 2.523160e-01
174 7.387640e-01 7.552000e-03 2.536840e-01
175 7.374240e-01 7.512000e-03 2.550640e-01
176 7.359920e-01 7.616000e-03 2.563920e-01
177 7.346040e-01 7.676000e-03 2.577200e-01
178 7.333080e-01 7.700000e-03 2.589920e-01
179 7.321160e-01 7.540000e-03 2.603440e-01
180 7.308640e-01 7.548000e-03 2.615880e-01
181 7.296840e-01 7.400000e-03 2.629160e-01
182 7.286120e-01 7.256000e-03 2.641320e-01
183 7.273280e-01 7.400000e-03 2.652720e-01
184 7.260880e-01 7.360000e-03 2.665520e-01
185 7.249360e-01 7.088000e-03 2.679760e-01
186 7.238120e-01 7.028000e-03 2.691600e-01
187 7.227040e-01 7.060000e-03 2.702360e-01
188 7.215040e-01 7.144000e-03 2.713520e-01
189 7.203080e-01 7.088000e-03 2.726040e-01
190 7.192800e-01 6.876000e-03 2.738440e-01
191 7.181080e-01 6.880000e-03 2.750120e-01
192 7.169960e-01 6.724000e-03 2.762800e-01
193 7.158040e-01 6.792000e-03 2.774040e-01
194 7.146280e-01 6.684000e-03 2.786880e-01
195 7.135160e-01 6.704000e-03 2.797800e-01
196 7.123960e-01 6.624000e-03 2.809800e-01
197 7.111800e-01 6.752000e-03 2.820680e-01
198 7.101880e-01 6.784000e-03 2.830280e-01
199 7.091280e-01 6.756000e-03 2.841160e-01
200 7.080840e-01 6.636000e-03 2.852800e-01
201 7.069760e-01 6.580000e-03 2.864440e-01
202 7.058840e-01 6.544000e-03 2.875720e-01
203 7.047240e-01 6.564000e-03 2.887120e-01
204 7.037800e-01 6.296000e-03 2.899240e-01
205 7.027280e-01 6.192000e-03 2.910800e-01
206 7.016880e-01 6.160000e-03 2.921520e-01
207 7.006680e-01 6.088000e-03 2.932440e-01
208 6.997320e-01 5.920000e-03 2.943480e-01
209 6.987920e-01 5.912000e-03 2.952960e-01
210 6.977720e-01 5.944000e-03 2.962840e-01
211 6.968400e-01 5.752000e-03 2.974080e-01
212 6.959320e-01 5.628000e-03 2.984400e-01
213 6.950880e-01 5.500000e-03 2.994120e-01
214 6.942360e-01 5.428000e-03 3.003360e-01
215 6.932280e-01 5.552000e-03 3.012200e-01
216 6.922800e-01 5.548000e-03 3.021720e-01
217 6.913280e-01 5.484000e-03 3.031880e-01
218 6.904320e-01 5.492000e-03 3.040760e-01
219 6.895200e-01 5.384000e-03 3.050960e-01
220 6.886080e-01 5.424000e-03 3.059680e-01
221 6.876960e-01 5.388000e-03 3.069160e-01
222 6.867600e-01 5.412000e-03 3.078280e-01
223 6.858480e-01 5.436000e-03 3.087160e-01
224 6.849080e-01 5.412000e-03 3.096800e-01
225 6.840120e-01 5.316000e-03 3.106720e-01
226 6.831280e-01 5.244000e-03 3.116280e-01
227 6.823640e-01 5.140000e-03 3.124960e-01
228 6.815240e-01 5.140000e-03 3.133360e-01
229 6.806360e-01 5.084000e-03 3.142800e-01
230 6.797480e-01 5.124000e-03 3.151280e-01
231 6.790200e-01 4.936000e-03 3.160440e-01
232 6.781240e-01 4.916000e-03 3.169600e-01
233 6.773200e-01 4.916000e-03 3.177640e-01
234 6.764360e-01 4.848000e-03 3.187160e-01
235 6.757480e-01 4.688000e-03 3.195640e-01
236 6.749720e-01 4.628000e-03 3.204000e-01
237 6.741560e-01 4.608000e-03 3.212360e-01
238 6.734000e-01 4.592000e-03 3.220080e-01
239 6.726400e-01 4.584000e-03 3.227760e-01
240 6.718600e-01 4.604000e-03 3.235360e-01
241 6.710240e-01 4.708000e-03 3.242680e-01
242 6.701360e-01 4.760000e-03 3.251040e-01
243 6.692080e-01 4.848000e-03 3.259440e-01
244 6.683760e-01 4.852000e-03 3.267720e-01
245 6.675120e-01 4.868000e-03 3.276200e-01
246 6.667000e-01 4.864000e-03 3.284360e-01
247 6.657400e-01 4.876000e-03 3.293840e-01
248 6.648280e-01 4.888000e-03 3.302840e-01
249 6.638160e-01 5.044000e-03 3.311400e-01
250 6.626960e-01 5.156000e-03 3.321480e-01
251 6.617680e-01 5.160000e-03 3.330720e-01
252 6.608800e-01 5.232000e-03 3.338880e-01
253 6.599280e-01 5.184000e-03 3.348880e-01
254 6.589640e-01 5.312000e-03 3.357240e-01
255 6.579360e-01 5.404000e-03 3.366600e-01
256 6.568120e-01 5.656000e-03 3.375320e-01
257 6.559080e-01 5.640000e-03 3.384520e-01
258 6.551720e-01 5.388000e-03 3.394400e-01
259 6.544840e-01 5.120000e-03 3.403960e-01
260 6.537680e-01 4.924000e-03 3.413080e-01
261 6.530440e-01 4.732000e-03 3.422240e-01
262 6.523160e-01 4.660000e-03 3.430240e-01
263 6.515720e-01 4.548000e-03 3.438800e-01
264 6.509200e-01 4.508000e-03 3.445720e-01
265 6.501400e-01 4.392000e-03 3.454680e-01
266 6.494000e-01 4.372000e-03 3.462280e-01
267 6.486720e-01 4.400000e-03 3.469280e-01
268 6.478800e-01 4.468000e-03 3.476520e-01
269 6.470680e-01 4.488000e-03 3.484440e-01
270 6.462240e-01 4.552000e-03 3.492240e-01
271 6.453360e-01 4.664000e-03 3.500000e-01
272 6.444840e-01 4.744000e-03 3.507720e-01
273 6.436800e-01 4.644000e-03 3.516760e-01
274 6.429480e-01 4.600000e-03 3.524520e-01
275 6.422560e-01 4.596000e-03 3.531480e-01
276 6.415200e-01 4.508000e-03 3.539720e-01
277 6.407720e-01 4.524000e-03 3.547040e-01
278 6.400760e-01 4.448000e-03 3.554760e-01
279 6.393200e-01 4.512000e-03 3.561680e-01
280 6.386000e-01 4.488000e-03 3.569120e-01
281 6.378680e-01 4.480000e-03 3.576520e-01
282 6.371480e-01 4.448000e-03 3.584040e-01
283 6.364200e-01 4.364000e-03 3.592160e-01
284 6.357040e-01 4.260000e-03 3.600360e-01
285 6.349960e-01 4.160000e-03 3.608440e-01
286 6.342720e-01 4.104000e-03 3.616240e-01
287 6.336200e-01 4.008000e-03 3.623720e-01
288 6.328920e-01 3.956000e-03 3.631520e-01
289 6.322840e-01 3.868000e-03 3.638480e-01
290 6.316680e-01 3.844000e-03 3.644880e-01
291 6.310680e-01 3.780000e-03 3.651520e-01
292 6.304240e-01 3.676000e-03 3.659000e-01
293 6.298600e-01 3.524000e-03 3.666160e-01
294 6.293480e-01 3.500000e-03 3.671520e-01
295 6.286600e-01 3.548000e-03 3.677920e-01
296 6.281320e-01 3.432000e-03 3.684360e-01
297 6.276160e-01 3.360000e-03 3.690240e-01
298 6.270560e-01 3.348000e-03 3.695960e-01
299 6.265480e-01 3.320000e-03 3.701320e-01
300 6.260760e-01 3.268000e-03 3.706560e-01
301 6.255560e-01 3.224000e-03 3.712200e-01
302 6.250880e-01 3.148000e-03 3.717640e-01
303 6.246520e-01 3.080000e-03 3.722680e-01
304 6.242400e-01 2.936000e-03 3.728240e-01
305 6.237680e-01 2.884000e-03 3.733480e-01
306 6.233240e-01 2.776000e-03 3.739000e-01
307 6.229800e-01 2.696000e-03 3.743240e-01
308 6.225040e-01 2.764000e-03 3.747320e-01
309 6.220600e-01 2.648000e-03 3.752920e-01
310 6.216560e-01 2.508000e-03 3.758360e-01
311 6.213160e-01 2.364000e-03 3.763200e-01
312 6.209320e-01 2.260000e-03 3.768080e-01
313 6.205480e-01 2.244000e-03 3.772080e-01
314 6.200880e-01 2.268000e-03 3.776440e-01
315 6.197400e-01 2.248000e-03 3.780120e-01
316 6.194040e-01 2.184000e-03 3.784120e-01
317 6.190640e-01 2.080000e-03 3.788560e-01
318 6.185840e-01 2.204000e-03 3.792120e-01
319 6.181520e-01 2.264000e-03 3.795840e-01
320 6.177600e-01 2.296000e-03 3.799440e-01
321 6.173640e-01 2.296000e-03 3.803400e-01
322 6.170120e-01 2.188000e-03 3.808000e-01
323 6.166480e-01 2.172000e-03 3.811800e-01
324 6.163320e-01 2.104000e-03 3.815640e-01
325 6.158840e-01 2.220000e-03 3.818960e-01
326 6.154720e-01 2.224000e-03 3.823040e-01
327 6.151360e-01 2.208000e-03 3.826560e-01
328 6.147400e-01 2.192000e-03 3.830680e-01
329 6.144200e-01 2.220000e-03 3.833600e-01
330 6.140480e-01 2.196000e-03 3.837560e-01
331 6.136520e-01 2.212000e-03 3.841360e-01
332 6.132640e-01 2.208000e-03 3.845280e-01
333 6.128600e-01 2.304000e-03 3.848360e-01
334 6.124840e-01 2.280000e-03 3.852360e-01
335 6.121120e-01 2.224000e-03 3.856640e-01
336 6.117480e-01 2.172000e-03 3.860800e-01
337 6.113080e-01 2.280000e-03 3.864120e-01
338 6.109360e-01 2.244000e-03 3.868200e-01
339 6.105360e-01 2.276000e-03 3.871880e-01
340 6.101280e-01 2.260000e-03 3.876120e-01
341 6.097720e-01 2.256000e-03 3.879720e-01
342 6.094680e-01 2.128000e-03 3.884040e-01
343 6.091120e-01 2.080000e-03 3.888080e-01
344 6.087600e-01 2.080000e-03 3.891600e-01
345 6.083840e-01 2.136000e-03 3.894800e-01
346 6.079920e-01 2.228000e-03 3.897800e-01
347 6.076560e-01 2.120000e-03 3.902240e-01
348 6.073280e-01 2.088000e-03 3.905840e-01
349 6.070640e-01 2.008000e-03 3.909280e-01
350 6.066800e-01 1.984000e-03 3.913360e-01
351 6.062760e-01 2.020000e-03 3.917040e-01
352 6.059120e-01 2.056000e-03 3.920320e-01
353 6.055520e-01 2.060000e-03 3.923880e-01
354 6.051320e-01 2.108000e-03 3.927600e-01
355 6.047680e-01 2.100000e-03 3.931320e-01
356 6.044200e-01 2.084000e-03 3.934960e-01
357 6.041000e-01 2.092000e-03 3.938080e-01
358 6.037080e-01 2.132000e-03 3.941600e-01
359 6.033560e-01 2.132000e-03 3.945120e-01
360 6.030280e-01 2.040000e-03 3.949320e-01
361 6.026760e-01 2.028000e-03 3.952960e-01
362 6.024000e-01 1.964000e-03 3.956360e-01
363 6.020720e-01 1.956000e-03 3.959720e-01
364 6.018040e-01 1.900000e-03 3.962960e-01
365 6.015800e-01 1.820000e-03 3.966000e-01
366 6.012960e-01 1.808000e-03 3.968960e-01
367 6.010320e-01 1.760000e-03 3.972080e-01
368 6.007440e-01 1.712000e-03 3.975440e-01
369 6.005200e-01 1.604000e-03 3.978760e-01
370 6.002360e-01 1.596000e-03 3.981680e-01
371 6.000200e-01 1.552000e-03 3.984280e-01
372 5.998200e-01 1.504000e-03 3.986760e-01
373 5.996760e-01 1.376000e-03 3.989480e-01
374 5.994160e-01 1.388000e-03 3.991960e-01
375 5.992240e-01 1.376000e-03 3.994000e-01
376 5.989960e-01 1.340000e-03 3.996640e-01
377 5.988040e-01 1.328000e-03 3.998680e-01
378 5.986040e-01 1.284000e-03 4.001120e-01
379 5.984480e-01 1.188000e-03 4.003640e-01
380 5.981840e-01 1.276000e-03 4.005400e-01
381 5.979600e-01 1.284000e-03 4.007560e-01
382 5.977320e-01 1.264000e-03 4.010040e-01
383 5.974720e-01 1.308000e-03 4.012200e-01
384 5.972400e-01 1.332000e-03 4.014280e-01
385 5.970360e-01 1.344000e-03 4.016200e-01
386 5.968000e-01 1.324000e-03 4.018760e-01
387 5.966200e-01 1.252000e-03 4.021280e-01
388 5.964520e-01 1.236000e-03 4.023120e-01
389 5.963080e-01 1.188000e-03 4.025040e-01
390 5.961640e-01 1.104000e-03 4.027320e-01
391 5.959640e-01 1.124000e-03 4.029120e-01
392 5.957800e-01 1.148000e-03 4.030720e-01
393 5.955680e-01 1.152000e-03 4.032800e-01
394 5.953360e-01 1.168000e-03 4.034960e-01
395 5.950840e-01 1.188000e-03 4.037280e-01
396 5.949280e-01 1.156000e-03 4.039160e-01
397 5.947200e-01 1.168000e-03 4.041120e-01
398 5.944840e-01 1.228000e-03 4.042880e-01
399 5.943400e-01 1.140000e-03 4.045200e-01
400 5.941560e-01 1.112000e-03 4.047320e-01
401 5.940000e-01 1.116000e-03 4.048840e-01
402 5.938840e-01 1.036000e-03 4.050800e-01
403 5.937320e-01 1.020000e-03 4.052480e-01
404 5.935800e-01 9.600000e-04 4.054600e-01
405 5.934520e-01 9.120000e-04 4.056360e-01
406 5.933520e-01 8.320000e-04 4.058160e-01
407 5.932280e-01 8.120000e-04 4.059600e-01
408 5.930800e-01 8.200000e-04 4.061000e-01
409 5.929360e-01 8.240000e-04 4.062400e-01
410 5.927960e-01 8.120000e-04 4.063920e-01
411 5.926720e-01 8.040000e-04 4.065240e-01
412 5.925400e-01 7.840000e-04 4.066760e-01
413 5.923560e-01 7.760000e-04 4.068680e-01
414 5.922080e-01 8.080000e-04 4.069840e-01
415 5.920400e-01 8.320000e-04 4.071280e-01
416 5.918680e-01 8.520000e-04 4.072800e-01
417 5.917200e-01 8.360000e-04 4.074440e-01
418 5.915560e-01 8.200000e-04 4.076240e-01
419 5.913840e-01 8.400000e-04 4.077760e-01
420 5.911760e-01 9.040000e-04 4.079200e-01
421 5.909720e-01 9.440000e-04 4.080840e-01
422 5.907880e-01 9.480000e-04 4.082640e-01
423 5.906400e-01 9.720000e-04 4.083880e-01
424 5.903920e-01 1.008000e-03 4.086000e-01
425 5.901160e-01 1.128000e-03 4.087560e-01
426 5.899320e-01 1.120000e-03 4.089480e-01
427 5.897160e-01 1.148000e-03 4.091360e-01
428 5.894680e-01 1.212000e-03 4.093200e-01
429 5.892480e-01 1.208000e-03 4.095440e-01
430 5.890040e-01 1.252000e-03 4.097440e-01
431 5.887240e-01 1.296000e-03 4.099800e-01
432 5.885480e-01 1.240000e-03 4.102120e-01
433 5.883800e-01 1.196000e-03 4.104240e-01
434 5.881240e-01 1.236000e-03 4.106400e-01
435 5.879440e-01 1.216000e-03 4.108400e-01
436 5.877560e-01 1.188000e-03 4.110560e-01
437 5.875200e-01 1.228000e-03 4.112520e-01
438 5.873280e-01 1.164000e-03 4.115080e-01
439 5.871520e-01 1.116000e-03 4.117320e-01
440 5.870120e-01 1.044000e-03 4.119440e-01
441 5.867920e-01 1.056000e-03 4.121520e-01
442 5.866360e-01 1.020000e-03 4.123440e-01
443 5.865000e-01 9.720000e-04 4.125280e-01
444 5.863080e-01 9.640000e-04 4.127280e-01
445 5.861840e-01 9.320000e-04 4.128840e-01
446 5.860040e-01 9.160000e-04 4.130800e-01
447 5.858680e-01 9.120000e-04 4.132200e-01
448 5.857480e-01 9.000000e-04 4.133520e-01
449 5.855480e-01 9.560000e-04 4.134960e-01
450 5.853680e-01 9.480000e-04 4.136840e-01
451 5.851960e-01 9.280000e-04 4.138760e-01
452 5.850400e-01 9.240000e-04 4.140360e-01
453 5.848840e-01 9.040000e-04 4.142120e-01
454 5.847160e-01 8.960000e-04 4.143880e-01
455 5.845960e-01 8.600000e-04 4.145440e-01
456 5.844520e-01 8.400000e-04 4.147080e-01
457 5.842880e-01 8.880000e-04 4.148240e-01
458 5.841280e-01 8.880000e-04 4.149840e-01
459 5.840080e-01 8.680000e-04 4.151240e-01
460 5.838280e-01 8.880000e-04 4.152840e-01
461 5.835640e-01 1.012000e-03 4.154240e-01
462 5.833440e-01 1.068000e-03 4.155880e-01
463 5.830920e-01 1.120000e-03 4.157880e-01
464 5.828680e-01 1.160000e-03 4.159720e-01
465 5.826440e-01 1.212000e-03 4.161440e-01
466 5.824240e-01 1.164000e-03 4.164120e-01
467 5.822680e-01 1.136000e-03 4.165960e-01
468 5.821360e-01 1.100000e-03 4.167640e-01
469 5.819840e-01 1.064000e-03 4.169520e-01
470 5.818280e-01 9.960000e-04 4.171760e-01
471 5.816680e-01 9.680000e-04 4.173640e-01
472 5.815400e-01 9.600000e-04 4.175000e-01
473 5.813480e-01 1.012000e-03 4.176400e-01
474 5.811520e-01 9.800000e-04 4.178680e-01
475 5.809920e-01 9.240000e-04 4.180840e-01
476 5.808600e-01 9.280000e-04 4.182120e-01
477 5.807040e-01 9.400000e-04 4.183560e-01
478 5.805520e-01 9.680000e-04 4.184800e-01
479 5.803960e-01 9.840000e-04 4.186200e-01
480 5.802240e-01 1.004000e-03 4.187720e-01
481 5.800720e-01 9.920000e-04 4.189360e-01
482 5.799200e-01 9.440000e-04 4.191360e-01
483 5.797680e-01 9.360000e-04 4.192960e-01
484 5.796160e-01 9.560000e-04 4.194280e-01
485 5.794120e-01 1.032000e-03 4.195560e-01
486 5.792040e-01 1.052000e-03 4.197440e-01
487 5.790320e-01 1.012000e-03 4.199560e-01
488 5.788880e-01 9.920000e-04 4.201200e-01
489 5.787400e-01 9.480000e-04 4.203120e-01
490 5.785640e-01 9.280000e-04 4.205080e-01
491 5.783920e-01 8.840000e-04 4.207240e-01
492 5.782160e-01 9.000000e-04 4.208840e-01
493 5.779960e-01 9.720000e-04 4.210320e-01
494 5.778040e-01 9.880000e-04 4.212080e-01
495 5.776120e-01 9.880000e-04 4.214000e-01
496 5.774400e-01 9.600000e-04 4.216000e-01
497 5.772800e-01 9.560000e-04 4.217640e-01
498 5.771000e-01 9.600000e-04 4.219400e-01
499 5.769760e-01 8.800000e-04 4.221440e-01
500 5.768640e-01 8.360000e-04 4.223000e-01
