1 9.992440e-01 6.000000e-04 1.560000e-04
2 9.987720e-01 9.200000e-04 3.080000e-04
3 9.981760e-01 1.300000e-03 5.240000e-04
4 9.974920e-01 1.684000e-03 8.240000e-04
5 9.969520e-01 1.940000e-03 1.108000e-03
6 9.962120e-01 2.324000e-03 1.464000e-03
7 9.954080e-01 2.716000e-03 1.876000e-03
8 9.945440e-01 3.060000e-03 2.396000e-03
9 9.936080e-01 3.448000e-03 2.944000e-03
10 9.927000e-01 3.712000e-03 3.588000e-03
11 9.917720e-01 3.948000e-03 4.280000e-03
12 9.908360e-01 4.164000e-03 5.000000e-03
13 9.899440e-01 4.348000e-03 5.708000e-03
14 9.889920e-01 4.496000e-03 6.512000e-03
15 9.880160e-01 4.672000e-03 7.312000e-03
16 9.869840e-01 4.968000e-03 8.048000e-03
17 9.859600e-01 5.060000e-03 8.980000e-03
18 9.850120e-01 5.076000e-03 9.912000e-03
19 9.840680e-01 5.208000e-03 1.072400e-02
20 9.830800e-01 5.224000e-03 1.169600e-02
21 9.821440e-01 5.268000e-03 1.258800e-02
22 9.811320e-01 5.352000e-03 1.351600e-02
23 9.800320e-01 5.528000e-03 1.444000e-02
24 9.789160e-01 5.716000e-03 1.536800e-02
25 9.776960e-01 5.920000e-03 1.638400e-02
26 9.764800e-01 6.096000e-03 1.742400e-02
27 9.754000e-01 6.076000e-03 1.852400e-02
28 9.743280e-01 6.136000e-03 1.953600e-02
29 9.732040e-01 6.144000e-03 2.065200e-02
30 9.720880e-01 6.164000e-03 2.174800e-02
31 9.709440e-01 6.260000e-03 2.279600e-02
32 9.699080e-01 6.156000e-03 2.393600e-02
33 9.688000e-01 6.100000e-03 2.510000e-02
34 9.674680e-01 6.288000e-03 2.624400e-02
35 9.661360e-01 6.536000e-03 2.732800e-02
36 9.648960e-01 6.728000e-03 2.837600e-02
37 9.636720e-01 6.768000e-03 2.956000e-02
38 9.624400e-01 6.732000e-03 3.082800e-02
39 9.612480e-01 6.804000e-03 3.194800e-02
40 9.599840e-01 6.840000e-03 3.317600e-02
41 9.589080e-01 6.628000e-03 3.446400e-02
42 9.576240e-01 6.724000e-03 3.565200e-02
43 9.563840e-01 6.776000e-03 3.684000e-02
44 9.552600e-01 6.788000e-03 3.795200e-02
45 9.540080e-01 6.900000e-03 3.909200e-02
46 9.527120e-01 6.976000e-03 4.031200e-02
47 9.514840e-01 7.056000e-03 4.146000e-02
48 9.502200e-01 7.076000e-03 4.270400e-02
49 9.488240e-01 7.252000e-03 4.392400e-02
50 9.475600e-01 7.120000e-03 4.532000e-02
51 9.460400e-01 7.260000e-03 4.670000e-02
52 9.446200e-01 7.360000e-03 4.802000e-02
53 9.432200e-01 7.444000e-03 4.933600e-02
54 9.419240e-01 7.400000e-03 5.067600e-02
55 9.405880e-01 7.492000e-03 5.192000e-02
56 9.391840e-01 7.508000e-03 5.330800e-02
57 9.377160e-01 7.640000e-03 5.464400e-02
58 9.364640e-01 7.524000e-03 5.601200e-02
59 9.352160e-01 7.412000e-03 5.737200e-02
60 9.340080e-01 7.340000e-03 5.865200e-02
61 9.327400e-01 7.216000e-03 6.004400e-02
62 9.315840e-01 7.032000e-03 6.138400e-02
63 9.303840e-01 6.972000e-03 6.264400e-02
64 9.292360e-01 6.976000e-03 6.378800e-02
65 9.280960e-01 6.780000e-03 6.512400e-02
66 9.270040e-01 6.732000e-03 6.626400e-02
67 9.257320e-01 6.704000e-03 6.756400e-02
68 9.245560e-01 6.852000e-03 6.859200e-02
69 9.233280e-01 6.832000e-03 6.984000e-02
70 9.219640e-01 6.964000e-03 7.107200e-02
71 9.206320e-01 6.932000e-03 7.243600e-02
72 9.193760e-01 6.956000e-03 7.366800e-02
73 9.181440e-01 6.972000e-03 7.488400e-02
74 9.167840e-01 7.060000e-03 7.615600e-02
75 9.156800e-01 7.004000e-03 7.731600e-02
76 9.145800e-01 6.876000e-03 7.854400e-02
77 9.134280e-01 6.876000e-03 7.969600e-02
78 9.122200e-01 6.888000e-03 8.089200e-02
79 9.111520e-01 6.736000e-03 8.211200e-02
80 9.098920e-01 6.716000e-03 8.339200e-02
81 9.088080e-01 6.708000e-03 8.448400e-02
82 9.076160e-01 6.740000e-03 8.564400e-02
83 9.064560e-01 6.764000e-03 8.678000e-02
84 9.051760e-01 6.872000e-03 8.795200e-02
85 9.039200e-01 6.988000e-03 8.909200e-02
86 9.026920e-01 6.988000e-03 9.032000e-02
87 9.014840e-01 6.852000e-03 9.166400e-02
88 9.001920e-01 7.008000e-03 9.280000e-02
89 8.988600e-01 7.144000e-03 9.399600e-02
90 8.975520e-01 7.276000e-03 9.517200e-02
91 8.963200e-01 7.296000e-03 9.638400e-02
92 8.949920e-01 7.320000e-03 9.768800e-02
93 8.938360e-01 7.204000e-03 9.896000e-02
94 8.927000e-01 7.040000e-03 1.002600e-01
95 8.914560e-01 6.924000e-03 1.016200e-01
96 8.902720e-01 6.908000e-03 1.028200e-01
97 8.892280e-01 6.684000e-03 1.040880e-01
98 8.881800e-01 6.644000e-03 1.051760e-01
99 8.870720e-01 6.616000e-03 1.063120e-01
100 8.859520e-01 6.500000e-03 1.075480e-01
101 8.848600e-01 6.452000e-03 1.086880e-01
102 8.837160e-01 6.356000e-03 1.099280e-01
103 8.826520e-01 6.392000e-03 1.109560e-01
104 8.815400e-01 6.316000e-03 1.121440e-01
105 8.805600e-01 6.188000e-03 1.132520e-01
106 8.793520e-01 6.320000e-03 1.143280e-01
107 8.783160e-01 6.284000e-03 1.154000e-01
108 8.773320e-01 6.192000e-03 1.164760e-01
109 8.763280e-01 6.212000e-03 1.174600e-01
110 8.752120e-01 6.284000e-03 1.185040e-01
111 8.740160e-01 6.452000e-03 1.195320e-01
112 8.728640e-01 6.440000e-03 1.206960e-01
113 8.717040e-01 6.556000e-03 1.217400e-01
114 8.706360e-01 6.492000e-03 1.228720e-01
115 8.694680e-01 6.564000e-03 1.239680e-01
116 8.683560e-01 6.524000e-03 1.251200e-01
117 8.672200e-01 6.532000e-03 1.262480e-01
118 8.661040e-01 6.488000e-03 1.274080e-01
119 8.650240e-01 6.396000e-03 1.285800e-01
120 8.639000e-01 6.300000e-03 1.298000e-01
121 8.627160e-01 6.268000e-03 1.310160e-01
122 8.615720e-01 6.404000e-03 1.320240e-01
123 8.604440e-01 6.368000e-03 1.331880e-01
124 8.593240e-01 6.380000e-03 1.342960e-01
125 8.581760e-01 6.452000e-03 1.353720e-01
126 8.571000e-01 6.536000e-03 1.363640e-01
127 8.560240e-01 6.520000e-03 1.374560e-01
128 8.547680e-01 6.684000e-03 1.385480e-01
129 8.537440e-01 6.472000e-03 1.397840e-01
130 8.526440e-01 6.432000e-03 1.409240e-01
131 8.515240e-01 6.384000e-03 1.420920e-01
132 8.503880e-01 6.372000e-03 1.432400e-01
133 8.492600e-01 6.332000e-03 1.444080e-01
134 8.481040e-01 6.360000e-03 1.455360e-01
135 8.469120e-01 6.524000e-03 1.465640e-01
136 8.457880e-01 6.440000e-03 1.477720e-01
137 8.447640e-01 6.348000e-03 1.488880e-01
138 8.436840e-01 6.256000e-03 1.500600e-01
139 8.426440e-01 6.176000e-03 1.511800e-01
140 8.414400e-01 6.340000e-03 1.522200e-01
141 8.402160e-01 6.464000e-03 1.533200e-01
142 8.390040e-01 6.556000e-03 1.544400e-01
143 8.379800e-01 6.436000e-03 1.555840e-01
144 8.368240e-01 6.544000e-03 1.566320e-01
145 8.356280e-01 6.592000e-03 1.577800e-01
146 8.344880e-01 6.632000e-03 1.588800e-01
147 8.333120e-01 6.536000e-03 1.601520e-01
148 8.320480e-01 6.640000e-03 1.613120e-01
149 8.308840e-01 6.548000e-03 1.625680e-01
150 8.296880e-01 6.620000e-03 1.636920e-01
151 8.285280e-01 6.572000e-03 1.649000e-01
152 8.272480e-01 6.712000e-03 1.660400e-01
153 8.260080e-01 6.848000e-03 1.671440e-01
154 8.249080e-01 6.696000e-03 1.683960e-01
155 8.236840e-01 6.700000e-03 1.696160e-01
156 8.224760e-01 6.696000e-03 1.708280e-01
157 8.213240e-01 6.800000e-03 1.718760e-01
158 8.201480e-01 6.816000e-03 1.730360e-01
159 8.190080e-01 6.708000e-03 1.742840e-01
160 8.178800e-01 6.636000e-03 1.754840e-01
161 8.166960e-01 6.636000e-03 1.766680e-01
162 8.155840e-01 6.516000e-03 1.779000e-01
163 8.144240e-01 6.588000e-03 1.789880e-01
164 8.132720e-01 6.524000e-03 1.802040e-01
165 8.121880e-01 6.444000e-03 1.813680e-01
166 8.110240e-01 6.440000e-03 1.825360e-01
167 8.098320e-01 6.532000e-03 1.836360e-01
168 8.086400e-01 6.488000e-03 1.848720e-01
169 8.076720e-01 6.376000e-03 1.859520e-01
170 8.066320e-01 6.440000e-03 1.869280e-01
171 8.054480e-01 6.544000e-03 1.880080e-01
172 8.042120e-01 6.692000e-03 1.890960e-01
173 8.029760e-01 6.668000e-03 1.903560e-01
174 8.018640e-01 6.684000e-03 1.914520e-01
175 8.008720e-01 6.416000e-03 1.927120e-01
176 8.000040e-01 6.108000e-03 1.938880e-01
177 7.991600e-01 5.820000e-03 1.950200e-01
178 7.982000e-01 5.748000e-03 1.960520e-01
179 7.972160e-01 5.820000e-03 1.969640e-01
180 7.963280e-01 5.648000e-03 1.980240e-01
181 7.953960e-01 5.560000e-03 1.990440e-01
182 7.944760e-01 5.476000e-03 2.000480e-01
183 7.935760e-01 5.504000e-03 2.009200e-01
184 7.926400e-01 5.508000e-03 2.018520e-01
185 7.916880e-01 5.480000e-03 2.028320e-01
186 7.909560e-01 5.364000e-03 2.036800e-01
187 7.900600e-01 5.340000e-03 2.046000e-01
188 7.892080e-01 5.248000e-03 2.055440e-01
189 7.883280e-01 5.132000e-03 2.065400e-01
190 7.875200e-01 5.052000e-03 2.074280e-01
191 7.866240e-01 5.000000e-03 2.083760e-01
192 7.858240e-01 4.948000e-03 2.092280e-01
193 7.850360e-01 4.808000e-03 2.101560e-01
194 7.842040e-01 4.816000e-03 2.109800e-01
195 7.833600e-01 4.796000e-03 2.118440e-01
196 7.825040e-01 4.792000e-03 2.127040e-01
197 7.816960e-01 4.720000e-03 2.135840e-01
198 7.808880e-01 4.760000e-03 2.143520e-01
199 7.801040e-01 4.704000e-03 2.151920e-01
200 7.793600e-01 4.652000e-03 2.159880e-01
201 7.785280e-01 4.696000e-03 2.167760e-01
202 7.777320e-01 4.636000e-03 2.176320e-01
203 7.768280e-01 4.616000e-03 2.185560e-01
204 7.759840e-01 4.612000e-03 2.194040e-01
205 7.751600e-01 4.628000e-03 2.202120e-01
206 7.744080e-01 4.608000e-03 2.209840e-01
207 7.736840e-01 4.504000e-03 2.218120e-01
208 7.729080e-01 4.520000e-03 2.225720e-01
209 7.722560e-01 4.400000e-03 2.233440e-01
210 7.714520e-01 4.392000e-03 2.241560e-01
211 7.708040e-01 4.292000e-03 2.249040e-01
212 7.702480e-01 4.128000e-03 2.256240e-01
213 7.695240e-01 4.056000e-03 2.264200e-01
214 7.687800e-01 4.116000e-03 2.271040e-01
215 7.680160e-01 4.120000e-03 2.278640e-01
216 7.673000e-01 4.192000e-03 2.285080e-01
217 7.665400e-01 4.200000e-03 2.292600e-01
218 7.657560e-01 4.228000e-03 2.300160e-01
219 7.649480e-01 4.336000e-03 2.307160e-01
220 7.642120e-01 4.332000e-03 2.314560e-01
221 7.634560e-01 4.272000e-03 2.322720e-01
222 7.627680e-01 4.232000e-03 2.330000e-01
223 7.621360e-01 4.060000e-03 2.338040e-01
224 7.615320e-01 4.020000e-03 2.344480e-01
225 7.609480e-01 3.840000e-03 2.352120e-01
226 7.603120e-01 3.732000e-03 2.359560e-01
227 7.596000e-01 3.732000e-03 2.366680e-01
228 7.589480e-01 3.756000e-03 2.372960e-01
229 7.584200e-01 3.648000e-03 2.379320e-01
230 7.578800e-01 3.516000e-03 2.386040e-01
231 7.573520e-01 3.524000e-03 2.391240e-01
232 7.568080e-01 3.432000e-03 2.397600e-01
233 7.561720e-01 3.504000e-03 2.403240e-01
234 7.554960e-01 3.536000e-03 2.409680e-01
235 7.547920e-01 3.600000e-03 2.416080e-01
236 7.541400e-01 3.668000e-03 2.421920e-01
237 7.535000e-01 3.656000e-03 2.428440e-01
238 7.527840e-01 3.740000e-03 2.434760e-01
239 7.519880e-01 3.904000e-03 2.441080e-01
240 7.512440e-01 3.916000e-03 2.448400e-01
241 7.504480e-01 4.068000e-03 2.454840e-01
242 7.497120e-01 4.064000e-03 2.462240e-01
243 7.490320e-01 4.040000e-03 2.469280e-01
244 7.483200e-01 4.012000e-03 2.476680e-01
245 7.476600e-01 4.044000e-03 2.482960e-01
246 7.469640e-01 4.032000e-03 2.490040e-01
247 7.462160e-01 4.092000e-03 2.496920e-01
248 7.455640e-01 3.952000e-03 2.504840e-01
249 7.448960e-01 3.944000e-03 2.511600e-01
250 7.442560e-01 3.944000e-03 2.518000e-01
251 7.436240e-01 3.936000e-03 2.524400e-01
252 7.430400e-01 3.800000e-03 2.531600e-01
253 7.424040e-01 3.792000e-03 2.538040e-01
254 7.417600e-01 3.704000e-03 2.545360e-01
255 7.412840e-01 3.472000e-03 2.552440e-01
256 7.407160e-01 3.380000e-03 2.559040e-01
257 7.401520e-01 3.300000e-03 2.565480e-01
258 7.396680e-01 3.232000e-03 2.571000e-01
259 7.392280e-01 3.048000e-03 2.577240e-01
260 7.387640e-01 3.000000e-03 2.582360e-01
261 7.383360e-01 2.868000e-03 2.587960e-01
262 7.378680e-01 2.812000e-03 2.593200e-01
263 7.375160e-01 2.696000e-03 2.597880e-01
264 7.370960e-01 2.612000e-03 2.602920e-01
265 7.366920e-01 2.504000e-03 2.608040e-01
266 7.362640e-01 2.444000e-03 2.612920e-01
267 7.357880e-01 2.488000e-03 2.617240e-01
268 7.353080e-01 2.584000e-03 2.621080e-01
269 7.348600e-01 2.580000e-03 2.625600e-01
270 7.344120e-01 2.532000e-03 2.630560e-01
271 7.339400e-01 2.496000e-03 2.635640e-01
272 7.334520e-01 2.528000e-03 2.640200e-01
273 7.328840e-01 2.720000e-03 2.643960e-01
274 7.323640e-01 2.808000e-03 2.648280e-01
275 7.318280e-01 2.888000e-03 2.652840e-01
276 7.313160e-01 2.928000e-03 2.657560e-01
277 7.308120e-01 2.944000e-03 2.662440e-01
278 7.303160e-01 2.936000e-03 2.667480e-01
279 7.299360e-01 2.800000e-03 2.672640e-01
280 7.294800e-01 2.744000e-03 2.677760e-01
281 7.290440e-01 2.700000e-03 2.682560e-01
282 7.286720e-01 2.580000e-03 2.687480e-01
283 7.282160e-01 2.588000e-03 2.691960e-01
284 7.277840e-01 2.596000e-03 2.696200e-01
285 7.273840e-01 2.500000e-03 2.701160e-01
286 7.270160e-01 2.424000e-03 2.705600e-01
287 7.266120e-01 2.424000e-03 2.709640e-01
288 7.262280e-01 2.376000e-03 2.713960e-01
289 7.259000e-01 2.340000e-03 2.717600e-01
290 7.254320e-01 2.440000e-03 2.721280e-01
291 7.250080e-01 2.400000e-03 2.725920e-01
292 7.245200e-01 2.488000e-03 2.729920e-01
293 7.240000e-01 2.508000e-03 2.734920e-01
294 7.234360e-01 2.604000e-03 2.739600e-01
295 7.230640e-01 2.624000e-03 2.743120e-01
296 7.225600e-01 2.656000e-03 2.747840e-01
297 7.220080e-01 2.792000e-03 2.752000e-01
298 7.214960e-01 2.860000e-03 2.756440e-01
299 7.209840e-01 2.856000e-03 2.761600e-01
300 7.204760e-01 2.884000e-03 2.766400e-01
301 7.199160e-01 2.916000e-03 2.771680e-01
302 7.194560e-01 2.876000e-03 2.776680e-01
303 7.190400e-01 2.860000e-03 2.781000e-01
304 7.186120e-01 2.740000e-03 2.786480e-01
305 7.181920e-01 2.688000e-03 2.791200e-01
306 7.177480e-01 2.656000e-03 2.795960e-01
307 7.173120e-01 2.660000e-03 2.800280e-01
308 7.167720e-01 2.736000e-03 2.804920e-01
309 7.162840e-01 2.708000e-03 2.810080e-01
310 7.158480e-01 2.688000e-03 2.814640e-01
311 7.153440e-01 2.664000e-03 2.819920e-01
312 7.150120e-01 2.544000e-03 2.824440e-01
313 7.144480e-01 2.688000e-03 2.828640e-01
314 7.139320e-01 2.840000e-03 2.832280e-01
315 7.133960e-01 2.852000e-03 2.837520e-01
316 7.129000e-01 2.776000e-03 2.843240e-01
317 7.123960e-01 2.736000e-03 2.848680e-01
318 7.119960e-01 2.648000e-03 2.853560e-01
319 7.115240e-01 2.680000e-03 2.857960e-01
320 7.109320e-01 2.888000e-03 2.861800e-01
321 7.104160e-01 2.888000e-03 2.866960e-01
322 7.098520e-01 2.836000e-03 2.873120e-01
323 7.093120e-01 2.876000e-03 2.878120e-01
324 7.087480e-01 2.920000e-03 2.883320e-01
325 7.083120e-01 2.872000e-03 2.888160e-01
326 7.078680e-01 2.820000e-03 2.893120e-01
327 7.073520e-01 2.824000e-03 2.898240e-01
328 7.069120e-01 2.804000e-03 2.902840e-01
329 7.064920e-01 2.688000e-03 2.908200e-01
330 7.061120e-01 2.548000e-03 2.913400e-01
331 7.056600e-01 2.600000e-03 2.917400e-01
332 7.052680e-01 2.524000e-03 2.922080e-01
333 7.049000e-01 2.440000e-03 2.926600e-01
334 7.045680e-01 2.260000e-03 2.931720e-01
335 7.042240e-01 2.132000e-03 2.936440e-01
336 7.038400e-01 2.172000e-03 2.939880e-01
337 7.034960e-01 2.164000e-03 2.943400e-01
338 7.031040e-01 2.220000e-03 2.946760e-01
339 7.026960e-01 2.164000e-03 2.951400e-01
340 7.023600e-01 2.124000e-03 2.955160e-01
341 7.019800e-01 2.156000e-03 2.958640e-01
342 7.016760e-01 2.060000e-03 2.962640e-01
343 7.012920e-01 2.112000e-03 2.965960e-01
344 7.009680e-01 2.008000e-03 2.970240e-01
345 7.005320e-01 2.080000e-03 2.973880e-01
346 7.001840e-01 2.096000e-03 2.977200e-01
347 6.998720e-01 2.056000e-03 2.980720e-01
348 6.995520e-01 2.012000e-03 2.984360e-01
349 6.990840e-01 2.128000e-03 2.987880e-01
350 6.987000e-01 2.064000e-03 2.992360e-01
351 6.983680e-01 2.080000e-03 2.995520e-01
352 6.980680e-01 2.080000e-03 2.998520e-01
353 6.977720e-01 1.996000e-03 3.002320e-01
354 6.974160e-01 1.996000e-03 3.005880e-01
355 6.970320e-01 1.996000e-03 3.009720e-01
356 6.966440e-01 2.064000e-03 3.012920e-01
357 6.962560e-01 2.092000e-03 3.016520e-01
358 6.958400e-01 2.168000e-03 3.019920e-01
359 6.954680e-01 2.128000e-03 3.024040e-01
360 6.951000e-01 2.104000e-03 3.027960e-01
361 6.947640e-01 2.100000e-03 3.031360e-01
362 6.943840e-01 2.100000e-03 3.035160e-01
363 6.940560e-01 2.048000e-03 3.038960e-01
364 6.937480e-01 1.956000e-03 3.042960e-01
365 6.934240e-01 1.860000e-03 3.047160e-01
366 6.931120e-01 1.836000e-03 3.050520e-01
367 6.928080e-01 1.828000e-03 3.053640e-01
368 6.925280e-01 1.780000e-03 3.056920e-01
369 6.922080e-01 1.756000e-03 3.060360e-01
370 6.918680e-01 1.700000e-03 3.064320e-01
371 6.914840e-01 1.780000e-03 3.067360e-01
372 6.911240e-01 1.860000e-03 3.070160e-01
373 6.907440e-01 1.948000e-03 3.073080e-01
374 6.903400e-01 2.016000e-03 3.076440e-01
375 6.899320e-01 2.060000e-03 3.080080e-01
376 6.895640e-01 2.092000e-03 3.083440e-01
377 6.892360e-01 2.004000e-03 3.087600e-01
378 6.888120e-01 2.064000e-03 3.091240e-01
379 6.884520e-01 2.056000e-03 3.094920e-01
380 6.881680e-01 1.948000e-03 3.098840e-01
381 6.878520e-01 1.900000e-03 3.102480e-01
382 6.875120e-01 1.916000e-03 3.105720e-01
383 6.872280e-01 1.848000e-03 3.109240e-01
384 6.868920e-01 1.856000e-03 3.112520e-01
385 6.865960e-01 1.844000e-03 3.115600e-01
386 6.863040e-01 1.820000e-03 3.118760e-01
387 6.860200e-01 1.776000e-03 3.122040e-01
388 6.857640e-01 1.704000e-03 3.125320e-01
389 6.854760e-01 1.688000e-03 3.128360e-01
390 6.851720e-01 1.604000e-03 3.132240e-01
391 6.849480e-01 1.548000e-03 3.135040e-01
392 6.846280e-01 1.600000e-03 3.137720e-01
393 6.843400e-01 1.620000e-03 3.140400e-01
394 6.840440e-01 1.648000e-03 3.143080e-01
395 6.837560e-01 1.600000e-03 3.146440e-01
396 6.835080e-01 1.580000e-03 3.149120e-01
397 6.832160e-01 1.536000e-03 3.152480e-01
398 6.829480e-01 1.532000e-03 3.155200e-01
399 6.826760e-01 1.556000e-03 3.157680e-01
400 6.824600e-01 1.528000e-03 3.160120e-01
401 6.822320e-01 1.468000e-03 3.163000e-01
402 6.819400e-01 1.552000e-03 3.165080e-01
403 6.817440e-01 1.460000e-03 3.167960e-01
404 6.815120e-01 1.520000e-03 3.169680e-01
405 6.812920e-01 1.492000e-03 3.172160e-01
406 6.810840e-01 1.444000e-03 3.174720e-01
407 6.808600e-01 1.412000e-03 3.177280e-01
408 6.806560e-01 1.368000e-03 3.179760e-01
409 6.804920e-01 1.240000e-03 3.182680e-01
410 6.802960e-01 1.224000e-03 3.184800e-01
411 6.801600e-01 1.176000e-03 3.186640e-01
412 6.799600e-01 1.216000e-03 3.188240e-01
413 6.797160e-01 1.232000e-03 3.190520e-01
414 6.794880e-01 1.252000e-03 3.192600e-01
415 6.792560e-01 1.236000e-03 3.195080e-01
416 6.790320e-01 1.248000e-03 3.197200e-01
417 6.787960e-01 1.264000e-03 3.199400e-01
418 6.786080e-01 1.256000e-03 3.201360e-01
419 6.784440e-01 1.220000e-03 3.203360e-01
420 6.781880e-01 1.256000e-03 3.205560e-01
421 6.778720e-01 1.340000e-03 3.207880e-01
422 6.775960e-01 1.368000e-03 3.210360e-01
423 6.774040e-01 1.328000e-03 3.212680e-01
424 6.771600e-01 1.364000e-03 3.214760e-01
425 6.769760e-01 1.332000e-03 3.216920e-01
426 6.767120e-01 1.436000e-03 3.218520e-01
427 6.765120e-01 1.368000e-03 3.221200e-01
428 6.762840e-01 1.328000e-03 3.223880e-01
429 6.760440e-01 1.352000e-03 3.226040e-01
430 6.757600e-01 1.392000e-03 3.228480e-01
431 6.755880e-01 1.376000e-03 3.230360e-01
432 6.753960e-01 1.324000e-03 3.232800e-01
433 6.752160e-01 1.244000e-03 3.235400e-01
434 6.749600e-01 1.252000e-03 3.237880e-01
435 6.747040e-01 1.208000e-03 3.240880e-01
436 6.744880e-01 1.200000e-03 3.243120e-01
437 6.743120e-01 1.140000e-03 3.245480e-01
438 6.741120e-01 1.140000e-03 3.247480e-01
439 6.739440e-01 1.092000e-03 3.249640e-01
440 6.737920e-01 1.048000e-03 3.251600e-01
441 6.736680e-01 9.960000e-04 3.253360e-01
442 6.734800e-01 9.400000e-04 3.255800e-01
443 6.733080e-01 9.560000e-04 3.257360e-01
444 6.731000e-01 1.024000e-03 3.258760e-01
445 6.729560e-01 1.004000e-03 3.260400e-01
446 6.727800e-01 1.036000e-03 3.261840e-01
447 6.725960e-01 1.092000e-03 3.263120e-01
448 6.723920e-01 1.132000e-03 3.264760e-01
449 6.722480e-01 1.036000e-03 3.267160e-01
450 6.720680e-01 1.060000e-03 3.268720e-01
451 6.718520e-01 1.016000e-03 3.271320e-01
452 6.716920e-01 1.008000e-03 3.273000e-01
453 6.715360e-01 9.880000e-04 3.274760e-01
454 6.713840e-01 9.400000e-04 3.276760e-01
455 6.711960e-01 9.280000e-04 3.278760e-01
456 6.710600e-01 9.080000e-04 3.280320e-01
457 6.708680e-01 8.960000e-04 3.282360e-01
458 6.706360e-01 9.880000e-04 3.283760e-01
459 6.704960e-01 9.560000e-04 3.285480e-01
460 6.702920e-01 9.880000e-04 3.287200e-01
461 6.701360e-01 9.680000e-04 3.288960e-01
462 6.699680e-01 9.280000e-04 3.291040e-01
463 6.698200e-01 8.880000e-04 3.292920e-01
464 6.697240e-01 8.080000e-04 3.294680e-01
465 6.695960e-01 8.080000e-04 3.295960e-01
466 6.694440e-01 8.160000e-04 3.297400e-01
467 6.693520e-01 7.160000e-04 3.299320e-01
468 6.691640e-01 7.960000e-04 3.300400e-01
469 6.690080e-01 7.960000e-04 3.301960e-01
470 6.688880e-01 7.600000e-04 3.303520e-01
471 6.687360e-01 7.440000e-04 3.305200e-01
472 6.685720e-01 7.440000e-04 3.306840e-01
473 6.684200e-01 7.600000e-04 3.308200e-01
474 6.683280e-01 7.560000e-04 3.309160e-01
475 6.682400e-01 7.160000e-04 3.310440e-01
476 6.681520e-01 6.640000e-04 3.311840e-01
477 6.680800e-01 6.320000e-04 3.312880e-01
478 6.679960e-01 5.920000e-04 3.314120e-01
479 6.679040e-01 5.960000e-04 3.315000e-01
480 6.677920e-01 5.960000e-04 3.316120e-01
481 6.677120e-01 5.960000e-04 3.316920e-01
482 6.676200e-01 5.720000e-04 3.318080e-01
483 6.675560e-01 5.240000e-04 3.319200e-01
484 6.674640e-01 5.120000e-04 3.320240e-01
485 6.674240e-01 4.720000e-04 3.321040e-01
486 6.673440e-01 4.680000e-04 3.321880e-01
487 6.672520e-01 4.920000e-04 3.322560e-01
488 6.671440e-01 5.200000e-04 3.323360e-01
489 6.670440e-01 5.360000e-04 3.324200e-01
490 6.669240e-01 5.320000e-04 3.325440e-01
491 6.668360e-01 5.320000e-04 3.326320e-01
492 6.667520e-01 5.120000e-04 3.327360e-01
493 6.666560e-01 5.400000e-04 3.328040e-01
494 6.665440e-01 5.320000e-04 3.329240e-01
495 6.664520e-01 5.120000e-04 3.330360e-01
496 6.663960e-01 4.920000e-04 3.331120e-01
497 6.663280e-01 4.680000e-04 3.332040e-01
498 6.662840e-01 4.280000e-04 3.332880e-01
499 6.662240e-01 4.240000e-04 3.333520e-01
500 6.661800e-01 3.840000e-04 3.334360e-01
