1 9.992760e-01 6.400000e-04 8.400000e-05
2 9.987400e-01 1.008000e-03 2.520000e-04
3 9.981360e-01 1.396000e-03 4.680000e-04
4 9.973880e-01 1.860000e-03 7.520000e-04
5 9.967320e-01 2.104000e-03 1.164000e-03
6 9.958600e-01 2.560000e-03 1.580000e-03
7 9.948520e-01 3.072000e-03 2.076000e-03
8 9.938880e-01 3.468000e-03 2.644000e-03
9 9.929600e-01 3.760000e-03 3.280000e-03
10 9.920960e-01 3.960000e-03 3.944000e-03
11 9.910920e-01 4.244000e-03 4.664000e-03
12 9.901520e-01 4.408000e-03 5.440000e-03
13 9.890760e-01 4.736000e-03 6.188000e-03
14 9.880520e-01 4.920000e-03 7.028000e-03
15 9.871560e-01 4.940000e-03 7.904000e-03
16 9.860440e-01 5.100000e-03 8.856000e-03
17 9.848960e-01 5.332000e-03 9.772000e-03
18 9.838320e-01 5.360000e-03 1.080800e-02
19 9.827240e-01 5.516000e-03 1.176000e-02
20 9.816240e-01 5.664000e-03 1.271200e-02
21 9.804960e-01 5.764000e-03 1.374000e-02
22 9.792280e-01 5.984000e-03 1.478800e-02
23 9.780200e-01 6.128000e-03 1.585200e-02
24 9.768880e-01 6.164000e-03 1.694800e-02
25 9.757400e-01 6.308000e-03 1.795200e-02
26 9.745080e-01 6.468000e-03 1.902400e-02
27 9.732760e-01 6.660000e-03 2.006400e-02
28 9.720480e-01 6.776000e-03 2.117600e-02
29 9.708760e-01 6.736000e-03 2.238800e-02
30 9.697560e-01 6.724000e-03 2.352000e-02
31 9.686600e-01 6.496000e-03 2.484400e-02
32 9.676680e-01 6.352000e-03 2.598000e-02
33 9.664720e-01 6.520000e-03 2.700800e-02
34 9.652600e-01 6.560000e-03 2.818000e-02
35 9.641520e-01 6.544000e-03 2.930400e-02
36 9.631240e-01 6.348000e-03 3.052800e-02
37 9.619920e-01 6.404000e-03 3.160400e-02
38 9.607800e-01 6.512000e-03 3.270800e-02
39 9.596040e-01 6.456000e-03 3.394000e-02
40 9.584400e-01 6.540000e-03 3.502000e-02
41 9.572320e-01 6.592000e-03 3.617600e-02
42 9.559560e-01 6.692000e-03 3.735200e-02
43 9.548120e-01 6.712000e-03 3.847600e-02
44 9.535240e-01 6.816000e-03 3.966000e-02
45 9.521240e-01 6.988000e-03 4.088800e-02
46 9.508000e-01 7.100000e-03 4.210000e-02
47 9.495200e-01 7.156000e-03 4.332400e-02
48 9.481440e-01 7.372000e-03 4.448400e-02
49 9.467720e-01 7.448000e-03 4.578000e-02
50 9.453760e-01 7.560000e-03 4.706400e-02
51 9.438000e-01 7.852000e-03 4.834800e-02
52 9.424280e-01 7.784000e-03 4.978800e-02
53 9.408400e-01 7.924000e-03 5.123600e-02
54 9.394040e-01 8.056000e-03 5.254000e-02
55 9.377280e-01 8.392000e-03 5.388000e-02
56 9.361560e-01 8.616000e-03 5.522800e-02
57 9.344800e-01 8.760000e-03 5.676000e-02
58 9.329240e-01 8.796000e-03 5.828000e-02
59 9.314320e-01 8.648000e-03 5.992000e-02
60 9.299120e-01 8.760000e-03 6.132800e-02
61 9.285360e-01 8.564000e-03 6.290000e-02
62 9.270480e-01 8.560000e-03 6.439200e-02
63 9.254320e-01 8.608000e-03 6.596000e-02
64 9.239920e-01 8.468000e-03 6.754000e-02
65 9.225360e-01 8.396000e-03 6.906800e-02
66 9.212440e-01 8.116000e-03 7.064000e-02
67 9.198640e-01 8.000000e-03 7.213600e-02
68 9.184680e-01 7.976000e-03 7.355600e-02
69 9.170640e-01 7.940000e-03 7.499600e-02
70 9.156040e-01 7.932000e-03 7.646400e-02
71 9.141040e-01 8.012000e-03 7.788400e-02
72 9.125480e-01 8.144000e-03 7.930800e-02
73 9.112480e-01 8.152000e-03 8.060000e-02
74 9.098240e-01 8.060000e-03 8.211600e-02
75 9.085040e-01 7.844000e-03 8.365200e-02
76 9.073120e-01 7.728000e-03 8.496000e-02
77 9.060120e-01 7.676000e-03 8.631200e-02
78 9.046960e-01 7.612000e-03 8.769200e-02
79 9.034080e-01 7.724000e-03 8.886800e-02
80 9.019480e-01 7.764000e-03 9.028800e-02
81 9.004920e-01 7.840000e-03 9.166800e-02
82 8.991960e-01 7.756000e-03 9.304800e-02
83 8.978840e-01 7.732000e-03 9.438400e-02
84 8.964960e-01 7.844000e-03 9.566000e-02
85 8.950840e-01 7.976000e-03 9.694000e-02
86 8.935000e-01 8.080000e-03 9.842000e-02
87 8.919960e-01 8.040000e-03 9.996400e-02
88 8.903640e-01 8.252000e-03 1.013840e-01
89 8.889680e-01 8.224000e-03 1.028080e-01
90 8.874640e-01 8.324000e-03 1.042120e-01
91 8.860280e-01 8.284000e-03 1.056880e-01
92 8.845320e-01 8.264000e-03 1.072040e-01
93 8.830200e-01 8.288000e-03 1.086920e-01
94 8.815920e-01 8.348000e-03 1.100600e-01
95 8.800360e-01 8.384000e-03 1.115800e-01
96 8.786760e-01 8.228000e-03 1.130960e-01
97 8.771160e-01 8.304000e-03 1.145800e-01
98 8.755720e-01 8.376000e-03 1.160520e-01
99 8.738840e-01 8.612000e-03 1.175040e-01
100 8.722720e-01 8.712000e-03 1.190160e-01
101 8.708560e-01 8.648000e-03 1.204960e-01
102 8.692720e-01 8.900000e-03 1.218280e-01
103 8.677360e-01 8.792000e-03 1.234720e-01
104 8.663280e-01 8.740000e-03 1.249320e-01
105 8.648720e-01 8.736000e-03 1.263920e-01
106 8.634680e-01 8.608000e-03 1.279240e-01
107 8.621920e-01 8.392000e-03 1.294160e-01
108 8.608520e-01 8.296000e-03 1.308520e-01
109 8.596440e-01 8.056000e-03 1.323000e-01
110 8.582960e-01 7.996000e-03 1.337080e-01
111 8.569400e-01 7.880000e-03 1.351800e-01
112 8.555920e-01 7.828000e-03 1.365800e-01
113 8.542600e-01 7.760000e-03 1.379800e-01
114 8.530040e-01 7.668000e-03 1.393280e-01
115 8.515760e-01 7.828000e-03 1.405960e-01
116 8.502480e-01 7.640000e-03 1.421120e-01
117 8.489480e-01 7.512000e-03 1.435400e-01
118 8.476640e-01 7.484000e-03 1.448520e-01
119 8.464040e-01 7.388000e-03 1.462080e-01
120 8.452000e-01 7.348000e-03 1.474520e-01
121 8.440520e-01 7.196000e-03 1.487520e-01
122 8.427320e-01 7.368000e-03 1.499000e-01
123 8.414760e-01 7.396000e-03 1.511280e-01
124 8.401200e-01 7.436000e-03 1.524440e-01
125 8.387280e-01 7.528000e-03 1.537440e-01
126 8.373800e-01 7.692000e-03 1.549280e-01
127 8.361160e-01 7.652000e-03 1.562320e-01
128 8.349120e-01 7.528000e-03 1.575600e-01
129 8.335520e-01 7.584000e-03 1.588640e-01
130 8.322280e-01 7.640000e-03 1.601320e-01
131 8.308360e-01 7.644000e-03 1.615200e-01
132 8.294280e-01 7.752000e-03 1.628200e-01
133 8.281200e-01 7.676000e-03 1.642040e-01
134 8.269160e-01 7.548000e-03 1.655360e-01
135 8.257560e-01 7.272000e-03 1.669720e-01
136 8.246040e-01 7.236000e-03 1.681600e-01
137 8.233600e-01 7.172000e-03 1.694680e-01
138 8.221440e-01 7.152000e-03 1.707040e-01
139 8.210480e-01 7.160000e-03 1.717920e-01
140 8.197080e-01 7.200000e-03 1.730920e-01
141 8.186640e-01 6.896000e-03 1.744400e-01
142 8.176400e-01 6.720000e-03 1.756400e-01
143 8.164440e-01 6.772000e-03 1.767840e-01
144 8.152080e-01 6.848000e-03 1.779440e-01
145 8.140000e-01 6.916000e-03 1.790840e-01
146 8.127840e-01 6.996000e-03 1.802200e-01
147 8.117800e-01 6.800000e-03 1.814200e-01
148 8.107600e-01 6.640000e-03 1.826000e-01
149 8.096040e-01 6.656000e-03 1.837400e-01
150 8.084720e-01 6.644000e-03 1.848840e-01
151 8.072760e-01 6.668000e-03 1.860560e-01
152 8.062440e-01 6.636000e-03 1.871200e-01
153 8.050440e-01 6.704000e-03 1.882520e-01
154 8.039240e-01 6.600000e-03 1.894760e-01
155 8.026560e-01 6.724000e-03 1.906200e-01
156 8.016080e-01 6.656000e-03 1.917360e-01
157 8.002280e-01 6.948000e-03 1.928240e-01
158 7.988320e-01 7.144000e-03 1.940240e-01
159 7.975440e-01 7.144000e-03 1.953120e-01
160 7.963400e-01 7.080000e-03 1.965800e-01
161 7.951480e-01 6.892000e-03 1.979600e-01
162 7.938840e-01 7.068000e-03 1.990480e-01
163 7.927480e-01 7.032000e-03 2.002200e-01
164 7.914640e-01 7.064000e-03 2.014720e-01
165 7.903640e-01 6.972000e-03 2.026640e-01
166 7.890400e-01 7.084000e-03 2.038760e-01
167 7.877520e-01 7.172000e-03 2.050760e-01
168 7.864720e-01 7.164000e-03 2.063640e-01
169 7.852960e-01 7.100000e-03 2.076040e-01
170 7.839480e-01 7.208000e-03 2.088440e-01
171 7.826880e-01 7.232000e-03 2.100800e-01
172 7.813720e-01 7.060000e-03 2.115680e-01
173 7.802080e-01 6.948000e-03 2.128440e-01
174 7.790400e-01 6.924000e-03 2.140360e-01
175 7.779120e-01 6.776000e-03 2.153120e-01
176 7.768120e-01 6.700000e-03 2.164880e-01
177 7.756840e-01 6.648000e-03 2.176680e-01
178 7.746040e-01 6.560000e-03 2.188360e-01
179 7.735080e-01 6.544000e-03 2.199480e-01
180 7.723160e-01 6.540000e-03 2.211440e-01
181 7.709640e-01 6.720000e-03 2.223160e-01
182 7.698520e-01 6.812000e-03 2.233360e-01
183 7.687520e-01 6.720000e-03 2.245280e-01
184 7.676720e-01 6.576000e-03 2.257520e-01
185 7.664160e-01 6.740000e-03 2.268440e-01
186 7.652680e-01 6.704000e-03 2.280280e-01
187 7.641400e-01 6.592000e-03 2.292680e-01
188 7.630240e-01 6.508000e-03 2.304680e-01
189 7.619200e-01 6.460000e-03 2.316200e-01
190 7.606040e-01 6.552000e-03 2.328440e-01
191 7.594480e-01 6.508000e-03 2.340440e-01
192 7.583160e-01 6.504000e-03 2.351800e-01
193 7.572240e-01 6.508000e-03 2.362680e-01
194 7.562800e-01 6.396000e-03 2.373240e-01
195 7.553280e-01 6.204000e-03 2.384680e-01
196 7.544640e-01 5.972000e-03 2.395640e-01
197 7.534800e-01 6.028000e-03 2.404920e-01
198 7.527080e-01 5.776000e-03 2.415160e-01
199 7.519240e-01 5.564000e-03 2.425120e-01
200 7.511240e-01 5.328000e-03 2.435480e-01
201 7.503960e-01 5.168000e-03 2.444360e-01
202 7.496440e-01 4.932000e-03 2.454240e-01
203 7.488640e-01 4.828000e-03 2.463080e-01
204 7.480280e-01 4.784000e-03 2.471880e-01
205 7.473760e-01 4.616000e-03 2.480080e-01
206 7.466600e-01 4.480000e-03 2.488600e-01
207 7.458520e-01 4.532000e-03 2.496160e-01
208 7.451560e-01 4.488000e-03 2.503560e-01
209 7.442840e-01 4.632000e-03 2.510840e-01
210 7.433680e-01 4.720000e-03 2.519120e-01
211 7.426320e-01 4.620000e-03 2.527480e-01
212 7.418760e-01 4.608000e-03 2.535160e-01
213 7.410360e-01 4.704000e-03 2.542600e-01
214 7.402920e-01 4.628000e-03 2.550800e-01
215 7.393440e-01 4.748000e-03 2.559080e-01
216 7.383960e-01 4.900000e-03 2.567040e-01
217 7.376200e-01 4.828000e-03 2.575520e-01
218 7.366560e-01 4.888000e-03 2.584560e-01
219 7.357640e-01 4.936000e-03 2.593000e-01
220 7.348520e-01 4.892000e-03 2.602560e-01
221 7.339560e-01 4.856000e-03 2.611880e-01
222 7.331960e-01 4.804000e-03 2.620000e-01
223 7.324120e-01 4.752000e-03 2.628360e-01
224 7.315840e-01 4.808000e-03 2.636080e-01
225 7.308120e-01 4.656000e-03 2.645320e-01
226 7.300240e-01 4.636000e-03 2.653400e-01
227 7.292960e-01 4.520000e-03 2.661840e-01
228 7.286640e-01 4.392000e-03 2.669440e-01
229 7.280280e-01 4.260000e-03 2.677120e-01
230 7.272440e-01 4.320000e-03 2.684360e-01
231 7.264240e-01 4.368000e-03 2.692080e-01
232 7.256840e-01 4.316000e-03 2.700000e-01
233 7.250800e-01 4.192000e-03 2.707280e-01
234 7.243680e-01 4.176000e-03 2.714560e-01
235 7.237080e-01 4.176000e-03 2.721160e-01
236 7.229480e-01 4.288000e-03 2.727640e-01
237 7.222040e-01 4.160000e-03 2.736360e-01
238 7.215160e-01 4.148000e-03 2.743360e-01
239 7.208000e-01 4.076000e-03 2.751240e-01
240 7.200600e-01 4.104000e-03 2.758360e-01
241 7.194160e-01 4.004000e-03 2.765800e-01
242 7.187480e-01 3.948000e-03 2.773040e-01
243 7.180480e-01 3.888000e-03 2.780640e-01
244 7.173920e-01 3.892000e-03 2.787160e-01
245 7.167360e-01 3.948000e-03 2.793160e-01
246 7.160480e-01 3.976000e-03 2.799760e-01
247 7.154280e-01 3.860000e-03 2.807120e-01
248 7.147720e-01 3.800000e-03 2.814280e-01
249 7.141440e-01 3.804000e-03 2.820520e-01
250 7.135480e-01 3.748000e-03 2.827040e-01
251 7.128320e-01 3.860000e-03 2.833080e-01
252 7.121160e-01 3.868000e-03 2.840160e-01
253 7.114640e-01 3.908000e-03 2.846280e-01
254 7.107200e-01 3.996000e-03 2.852840e-01
255 7.100000e-01 3.948000e-03 2.860520e-01
256 7.092760e-01 3.916000e-03 2.868080e-01
257 7.085080e-01 4.052000e-03 2.874400e-01
258 7.078240e-01 3.980000e-03 2.881960e-01
259 7.071560e-01 3.988000e-03 2.888560e-01
260 7.064480e-01 3.940000e-03 2.896120e-01
261 7.057920e-01 3.856000e-03 2.903520e-01
262 7.050840e-01 3.924000e-03 2.909920e-01
263 7.045200e-01 3.748000e-03 2.917320e-01
264 7.038520e-01 3.752000e-03 2.923960e-01
265 7.031520e-01 3.740000e-03 2.931080e-01
266 7.025320e-01 3.792000e-03 2.936760e-01
267 7.018560e-01 3.876000e-03 2.942680e-01
268 7.011920e-01 3.808000e-03 2.950000e-01
269 7.005320e-01 3.792000e-03 2.956760e-01
270 6.999120e-01 3.776000e-03 2.963120e-01
271 6.992800e-01 3.692000e-03 2.970280e-01
272 6.986280e-01 3.780000e-03 2.975920e-01
273 6.979560e-01 3.780000e-03 2.982640e-01
274 6.973680e-01 3.616000e-03 2.990160e-01
275 6.967880e-01 3.572000e-03 2.996400e-01
276 6.961600e-01 3.568000e-03 3.002720e-01
277 6.956280e-01 3.532000e-03 3.008400e-01
278 6.950360e-01 3.600000e-03 3.013640e-01
279 6.942960e-01 3.732000e-03 3.019720e-01
280 6.936760e-01 3.664000e-03 3.026600e-01
281 6.930320e-01 3.668000e-03 3.033000e-01
282 6.924240e-01 3.660000e-03 3.039160e-01
283 6.918200e-01 3.624000e-03 3.045560e-01
284 6.911320e-01 3.732000e-03 3.051360e-01
285 6.905000e-01 3.632000e-03 3.058680e-01
286 6.898680e-01 3.616000e-03 3.065160e-01
287 6.892120e-01 3.596000e-03 3.071920e-01
288 6.885400e-01 3.644000e-03 3.078160e-01
289 6.878680e-01 3.664000e-03 3.084680e-01
290 6.872560e-01 3.704000e-03 3.090400e-01
291 6.865960e-01 3.720000e-03 3.096840e-01
292 6.858720e-01 3.812000e-03 3.103160e-01
293 6.853400e-01 3.696000e-03 3.109640e-01
294 6.848120e-01 3.572000e-03 3.116160e-01
295 6.842880e-01 3.420000e-03 3.122920e-01
296 6.838760e-01 3.240000e-03 3.128840e-01
297 6.832680e-01 3.268000e-03 3.134640e-01
298 6.827280e-01 3.228000e-03 3.140440e-01
299 6.822560e-01 3.128000e-03 3.146160e-01
300 6.817560e-01 3.076000e-03 3.151680e-01
301 6.812160e-01 3.080000e-03 3.157040e-01
302 6.807360e-01 3.072000e-03 3.161920e-01
303 6.802480e-01 2.948000e-03 3.168040e-01
304 6.798240e-01 2.916000e-03 3.172600e-01
305 6.794160e-01 2.784000e-03 3.178000e-01
306 6.790760e-01 2.612000e-03 3.183120e-01
307 6.786680e-01 2.560000e-03 3.187720e-01
308 6.782400e-01 2.612000e-03 3.191480e-01
309 6.778560e-01 2.584000e-03 3.195600e-01
310 6.774120e-01 2.524000e-03 3.200640e-01
311 6.770200e-01 2.544000e-03 3.204360e-01
312 6.767520e-01 2.372000e-03 3.208760e-01
313 6.763440e-01 2.372000e-03 3.212840e-01
314 6.759920e-01 2.288000e-03 3.217200e-01
315 6.756360e-01 2.296000e-03 3.220680e-01
316 6.753440e-01 2.240000e-03 3.224160e-01
317 6.750560e-01 2.144000e-03 3.228000e-01
318 6.747160e-01 2.136000e-03 3.231480e-01
319 6.743920e-01 2.092000e-03 3.235160e-01
320 6.741400e-01 2.000000e-03 3.238600e-01
321 6.738520e-01 1.928000e-03 3.242200e-01
322 6.735760e-01 1.880000e-03 3.245440e-01
323 6.733160e-01 1.852000e-03 3.248320e-01
324 6.730200e-01 1.824000e-03 3.251560e-01
325 6.727520e-01 1.776000e-03 3.254720e-01
326 6.725640e-01 1.624000e-03 3.258120e-01
327 6.723120e-01 1.596000e-03 3.260920e-01
328 6.720960e-01 1.548000e-03 3.263560e-01
329 6.718520e-01 1.528000e-03 3.266200e-01
330 6.716520e-01 1.456000e-03 3.268920e-01
331 6.714240e-01 1.416000e-03 3.271600e-01
332 6.712200e-01 1.372000e-03 3.274080e-01
333 6.709800e-01 1.352000e-03 3.276680e-01
334 6.707880e-01 1.312000e-03 3.279000e-01
335 6.706120e-01 1.256000e-03 3.281320e-01
336 6.703800e-01 1.240000e-03 3.283800e-01
337 6.702000e-01 1.164000e-03 3.286360e-01
338 6.700320e-01 1.120000e-03 3.288480e-01
339 6.698800e-01 1.100000e-03 3.290200e-01
340 6.697000e-01 1.112000e-03 3.291880e-01
341 6.694720e-01 1.112000e-03 3.294160e-01
342 6.692800e-01 1.080000e-03 3.296400e-01
343 6.690840e-01 1.044000e-03 3.298720e-01
344 6.688320e-01 1.136000e-03 3.300320e-01
345 6.686400e-01 1.100000e-03 3.302600e-01
346 6.684200e-01 1.116000e-03 3.304640e-01
347 6.682680e-01 1.108000e-03 3.306240e-01
348 6.680600e-01 1.080000e-03 3.308600e-01
349 6.678880e-01 1.044000e-03 3.310680e-01
350 6.677080e-01 1.004000e-03 3.312880e-01
351 6.675360e-01 9.760000e-04 3.314880e-01
352 6.674080e-01 9.080000e-04 3.316840e-01
353 6.672520e-01 8.960000e-04 3.318520e-01
354 6.670440e-01 9.560000e-04 3.320000e-01
355 6.668840e-01 9.600000e-04 3.321560e-01
356 6.667280e-01 9.520000e-04 3.323200e-01
357 6.666000e-01 9.280000e-04 3.324720e-01
358 6.664240e-01 9.400000e-04 3.326360e-01
359 6.662760e-01 9.000000e-04 3.328240e-01
360 6.661320e-01 9.080000e-04 3.329600e-01
361 6.660040e-01 9.040000e-04 3.330920e-01
362 6.658200e-01 9.280000e-04 3.332520e-01
363 6.656800e-01 9.040000e-04 3.334160e-01
364 6.655120e-01 9.360000e-04 3.335520e-01
365 6.653480e-01 9.680000e-04 3.336840e-01
366 6.652200e-01 9.400000e-04 3.338400e-01
367 6.650800e-01 9.000000e-04 3.340200e-01
368 6.648920e-01 9.400000e-04 3.341680e-01
369 6.647880e-01 8.880000e-04 3.343240e-01
370 6.646680e-01 8.520000e-04 3.344800e-01
371 6.645120e-01 8.480000e-04 3.346400e-01
372 6.643320e-01 8.920000e-04 3.347760e-01
373 6.642400e-01 7.960000e-04 3.349640e-01
374 6.641640e-01 7.000000e-04 3.351360e-01
375 6.640680e-01 6.640000e-04 3.352680e-01
376 6.639880e-01 6.240000e-04 3.353880e-01
377 6.639160e-01 5.760000e-04 3.355080e-01
378 6.638360e-01 5.440000e-04 3.356200e-01
379 6.637040e-01 5.720000e-04 3.357240e-01
380 6.636480e-01 4.920000e-04 3.358600e-01
381 6.635680e-01 4.520000e-04 3.359800e-01
382 6.634760e-01 4.600000e-04 3.360640e-01
383 6.633720e-01 5.000000e-04 3.361280e-01
384 6.633160e-01 4.720000e-04 3.362120e-01
385 6.632400e-01 4.880000e-04 3.362720e-01
386 6.631880e-01 4.840000e-04 3.363280e-01
387 6.630920e-01 4.760000e-04 3.364320e-01
388 6.630600e-01 4.560000e-04 3.364840e-01
389 6.630120e-01 4.480000e-04 3.365400e-01
390 6.629680e-01 4.080000e-04 3.366240e-01
391 6.629440e-01 3.440000e-04 3.367120e-01
392 6.628960e-01 3.400000e-04 3.367640e-01
393 6.628360e-01 3.360000e-04 3.368280e-01
394 6.627840e-01 3.440000e-04 3.368720e-01
395 6.627320e-01 3.240000e-04 3.369440e-01
396 6.626600e-01 3.320000e-04 3.370080e-01
397 6.626240e-01 3.280000e-04 3.370480e-01
398 6.625960e-01 2.680000e-04 3.371360e-01
399 6.625640e-01 2.720000e-04 3.371640e-01
400 6.625200e-01 2.600000e-04 3.372200e-01
401 6.624800e-01 2.680000e-04 3.372520e-01
402 6.624440e-01 2.480000e-04 3.373080e-01
403 6.624120e-01 2.400000e-04 3.373480e-01
404 6.623880e-01 1.960000e-04 3.374160e-01
405 6.623480e-01 2.120000e-04 3.374400e-01
406 6.622840e-01 2.440000e-04 3.374720e-01
407 6.622320e-01 2.680000e-04 3.375000e-01
408 6.621640e-01 2.880000e-04 3.375480e-01
409 6.621320e-01 2.840000e-04 3.375840e-01
410 6.620640e-01 3.040000e-04 3.376320e-01
411 6.620320e-01 2.720000e-04 3.376960e-01
412 6.620040e-01 2.480000e-04 3.377480e-01
413 6.619600e-01 2.440000e-04 3.377960e-01
414 6.619400e-01 2.240000e-04 3.378360e-01
415 6.619120e-01 2.120000e-04 3.378760e-01
416 6.619000e-01 1.880000e-04 3.379120e-01
417 6.618760e-01 1.840000e-04 3.379400e-01
418 6.618640e-01 1.640000e-04 3.379720e-01
419 6.618360e-01 1.560000e-04 3.380080e-01
420 6.617840e-01 1.800000e-04 3.380360e-01
421 6.617480e-01 1.920000e-04 3.380600e-01
422 6.617280e-01 1.960000e-04 3.380760e-01
423 6.616880e-01 2.040000e-04 3.381080e-01
424 6.616360e-01 2.240000e-04 3.381400e-01
425 6.615880e-01 2.160000e-04 3.381960e-01
426 6.615600e-01 2.160000e-04 3.382240e-01
427 6.615520e-01 1.840000e-04 3.382640e-01
428 6.615320e-01 1.600000e-04 3.383080e-01
429 6.615160e-01 1.400000e-04 3.383440e-01
430 6.615160e-01 1.040000e-04 3.383800e-01
431 6.615120e-01 8.000000e-05 3.384080e-01
432 6.614920e-01 9.200000e-05 3.384160e-01
433 6.614800e-01 8.800000e-05 3.384320e-01
434 6.614600e-01 9.200000e-05 3.384480e-01
435 6.614200e-01 1.000000e-04 3.384800e-01
436 6.614040e-01 1.040000e-04 3.384920e-01
437 6.614000e-01 8.800000e-05 3.385120e-01
438 6.613640e-01 1.080000e-04 3.385280e-01
439 6.613160e-01 1.280000e-04 3.385560e-01
440 6.613080e-01 1.200000e-04 3.385720e-01
441 6.612960e-01 1.080000e-04 3.385960e-01
442 6.612760e-01 1.200000e-04 3.386040e-01
443 6.612560e-01 1.200000e-04 3.386240e-01
444 6.612360e-01 1.240000e-04 3.386400e-01
445 6.612120e-01 1.200000e-04 3.386680e-01
446 6.611880e-01 1.160000e-04 3.386960e-01
447 6.611600e-01 1.080000e-04 3.387320e-01
448 6.611520e-01 9.600000e-05 3.387520e-01
449 6.611400e-01 8.800000e-05 3.387720e-01
450 6.611280e-01 7.600000e-05 3.387960e-01
451 6.611040e-01 8.000000e-05 3.388160e-01
452 6.611040e-01 6.400000e-05 3.388320e-01
453 6.610840e-01 7.600000e-05 3.388400e-01
454 6.610640e-01 9.200000e-05 3.388440e-01
455 6.610440e-01 9.600000e-05 3.388600e-01
456 6.610320e-01 9.600000e-05 3.388720e-01
457 6.610000e-01 1.120000e-04 3.388880e-01
458 6.609760e-01 1.200000e-04 3.389040e-01
459 6.609640e-01 1.080000e-04 3.389280e-01
460 6.609400e-01 1.160000e-04 3.389440e-01
461 6.609320e-01 9.600000e-05 3.389720e-01
462 6.609120e-01 9.600000e-05 3.389920e-01
463 6.608640e-01 1.120000e-04 3.390240e-01
464 6.608520e-01 1.080000e-04 3.390400e-01
465 6.608240e-01 1.160000e-04 3.390600e-01
466 6.608040e-01 1.160000e-04 3.390800e-01
467 6.608040e-01 1.000000e-04 3.390960e-01
468 6.607840e-01 9.600000e-05 3.391200e-01
469 6.607760e-01 9.600000e-05 3.391280e-01
470 6.607720e-01 8.000000e-05 3.391480e-01
471 6.607560e-01 9.200000e-05 3.391520e-01
472 6.607440e-01 9.600000e-05 3.391600e-01
473 6.607240e-01 9.600000e-05 3.391800e-01
474 6.607160e-01 9.200000e-05 3.391920e-01
475 6.607040e-01 8.400000e-05 3.392120e-01
476 6.607040e-01 6.000000e-05 3.392360e-01
477 6.607040e-01 5.200000e-05 3.392440e-01
478 6.607040e-01 4.400000e-05 3.392520e-01
479 6.607040e-01 4.000000e-05 3.392560e-01
480 6.607040e-01 3.600000e-05 3.392600e-01
481 6.607000e-01 3.600000e-05 3.392640e-01
482 6.607000e-01 2.400000e-05 3.392760e-01
483 6.606960e-01 2.800000e-05 3.392760e-01
484 6.606880e-01 3.200000e-05 3.392800e-01
485 6.606880e-01 2.000000e-05 3.392920e-01
486 6.606880e-01 2.000000e-05 3.392920e-01
487 6.606880e-01 2.000000e-05 3.392920e-01
488 6.606880e-01 2.000000e-05 3.392920e-01
489 6.606880e-01 1.600000e-05 3.392960e-01
490 6.606880e-01 1.200000e-05 3.393000e-01
491 6.606880e-01 1.200000e-05 3.393000e-01
492 6.606880e-01 1.200000e-05 3.393000e-01
493 6.606880e-01 8.000000e-06 3.393040e-01
494 6.606880e-01 8.000000e-06 3.393040e-01
495 6.606880e-01 4.000000e-06 3.393080e-01
496 6.606880e-01 4.000000e-06 3.393080e-01
497 6.606880e-01 4.000000e-06 3.393080e-01
498 6.606880e-01 4.000000e-06 3.393080e-01
499 6.606880e-01 4.000000e-06 3.393080e-01
500 6.606880e-01 4.000000e-06 3.393080e-01
