1 9.992320e-01 6.600000e-04 1.080000e-04
2 9.986960e-01 1.020000e-03 2.840000e-04
3 9.980120e-01 1.488000e-03 5.000000e-04
4 9.972840e-01 1.908000e-03 8.080000e-04
5 9.964640e-01 2.376000e-03 1.160000e-03
6 9.955400e-01 2.852000e-03 1.608000e-03
7 9.945720e-01 3.312000e-03 2.116000e-03
8 9.934880e-01 3.740000e-03 2.772000e-03
9 9.925720e-01 4.044000e-03 3.384000e-03
10 9.915400e-01 4.348000e-03 4.112000e-03
11 9.904080e-01 4.692000e-03 4.900000e-03
12 9.892120e-01 5.028000e-03 5.760000e-03
13 9.880600e-01 5.288000e-03 6.652000e-03
14 9.867920e-01 5.488000e-03 7.720000e-03
15 9.858200e-01 5.464000e-03 8.716000e-03
16 9.845320e-01 5.780000e-03 9.688000e-03
17 9.832440e-01 6.024000e-03 1.073200e-02
18 9.819960e-01 6.304000e-03 1.170000e-02
19 9.808160e-01 6.352000e-03 1.283200e-02
20 9.794720e-01 6.480000e-03 1.404800e-02
21 9.782400e-01 6.620000e-03 1.514000e-02
22 9.769880e-01 6.704000e-03 1.630800e-02
23 9.757240e-01 6.804000e-03 1.747200e-02
24 9.741800e-01 7.116000e-03 1.870400e-02
25 9.727960e-01 7.172000e-03 2.003200e-02
26 9.713280e-01 7.304000e-03 2.136800e-02
27 9.700160e-01 7.364000e-03 2.262000e-02
28 9.686840e-01 7.384000e-03 2.393200e-02
29 9.671000e-01 7.672000e-03 2.522800e-02
30 9.656480e-01 7.704000e-03 2.664800e-02
31 9.640480e-01 8.088000e-03 2.786400e-02
32 9.624000e-01 8.292000e-03 2.930800e-02
33 9.608360e-01 8.296000e-03 3.086800e-02
34 9.593560e-01 8.248000e-03 3.239600e-02
35 9.577920e-01 8.440000e-03 3.376800e-02
36 9.562640e-01 8.532000e-03 3.520400e-02
37 9.547080e-01 8.492000e-03 3.680000e-02
38 9.531280e-01 8.648000e-03 3.822400e-02
39 9.516600e-01 8.624000e-03 3.971600e-02
40 9.502520e-01 8.608000e-03 4.114000e-02
41 9.484440e-01 8.916000e-03 4.264000e-02
42 9.468840e-01 8.852000e-03 4.426400e-02
43 9.452720e-01 9.120000e-03 4.560800e-02
44 9.435640e-01 9.316000e-03 4.712000e-02
45 9.417600e-01 9.612000e-03 4.862800e-02
46 9.399920e-01 9.788000e-03 5.022000e-02
47 9.382120e-01 9.912000e-03 5.187600e-02
48 9.362720e-01 1.000400e-02 5.372400e-02
49 9.344480e-01 1.013200e-02 5.542000e-02
50 9.324640e-01 1.024800e-02 5.728800e-02
51 9.305840e-01 1.040000e-02 5.901600e-02
52 9.287400e-01 1.041200e-02 6.084800e-02
53 9.266480e-01 1.057600e-02 6.277600e-02
54 9.247320e-01 1.072800e-02 6.454000e-02
55 9.227200e-01 1.082800e-02 6.645200e-02
56 9.208040e-01 1.094000e-02 6.825600e-02
57 9.187600e-01 1.101600e-02 7.022400e-02
58 9.168320e-01 1.108000e-02 7.208800e-02
59 9.150960e-01 1.094800e-02 7.395600e-02
60 9.129040e-01 1.129200e-02 7.580400e-02
61 9.109640e-01 1.111600e-02 7.792000e-02
62 9.090640e-01 1.123200e-02 7.970400e-02
63 9.071600e-01 1.118400e-02 8.165600e-02
64 9.053080e-01 1.106800e-02 8.362400e-02
65 9.033160e-01 1.127600e-02 8.540800e-02
66 9.013840e-01 1.137600e-02 8.724000e-02
67 8.995600e-01 1.131200e-02 8.912800e-02
68 8.975320e-01 1.144800e-02 9.102000e-02
69 8.952960e-01 1.161200e-02 9.309200e-02
70 8.932320e-01 1.171200e-02 9.505600e-02
71 8.911160e-01 1.172800e-02 9.715600e-02
72 8.889080e-01 1.192000e-02 9.917200e-02
73 8.869480e-01 1.179600e-02 1.012560e-01
74 8.848800e-01 1.174800e-02 1.033720e-01
75 8.828920e-01 1.162400e-02 1.054840e-01
76 8.809200e-01 1.155600e-02 1.075240e-01
77 8.788920e-01 1.165600e-02 1.094520e-01
78 8.769480e-01 1.157600e-02 1.114760e-01
79 8.749080e-01 1.152400e-02 1.135680e-01
80 8.728520e-01 1.150800e-02 1.156400e-01
81 8.707600e-01 1.148800e-02 1.177520e-01
82 8.686640e-01 1.168000e-02 1.196560e-01
83 8.667240e-01 1.160400e-02 1.216720e-01
84 8.647760e-01 1.144800e-02 1.237760e-01
85 8.627320e-01 1.152400e-02 1.257440e-01
86 8.608760e-01 1.143200e-02 1.276920e-01
87 8.589200e-01 1.146000e-02 1.296200e-01
88 8.568760e-01 1.158000e-02 1.315440e-01
89 8.549080e-01 1.158000e-02 1.335120e-01
90 8.529560e-01 1.145200e-02 1.355920e-01
91 8.510480e-01 1.126000e-02 1.376920e-01
92 8.490640e-01 1.139600e-02 1.395400e-01
93 8.471840e-01 1.141200e-02 1.414040e-01
94 8.453880e-01 1.118000e-02 1.434320e-01
95 8.434520e-01 1.118800e-02 1.453600e-01
96 8.415720e-01 1.111200e-02 1.473160e-01
97 8.395200e-01 1.114000e-02 1.493400e-01
98 8.376120e-01 1.111200e-02 1.512760e-01
99 8.357880e-01 1.110400e-02 1.531080e-01
100 8.338560e-01 1.111200e-02 1.550320e-01
101 8.319400e-01 1.114800e-02 1.569120e-01
102 8.301280e-01 1.098400e-02 1.588880e-01
103 8.281680e-01 1.108400e-02 1.607480e-01
104 8.262000e-01 1.121600e-02 1.625840e-01
105 8.243640e-01 1.108800e-02 1.645480e-01
106 8.223960e-01 1.116000e-02 1.664440e-01
107 8.204040e-01 1.126000e-02 1.683360e-01
108 8.184240e-01 1.143200e-02 1.701440e-01
109 8.164040e-01 1.162000e-02 1.719760e-01
110 8.144000e-01 1.148800e-02 1.741120e-01
111 8.122920e-01 1.155200e-02 1.761560e-01
112 8.103000e-01 1.148000e-02 1.782200e-01
113 8.085000e-01 1.122000e-02 1.802800e-01
114 8.065920e-01 1.118800e-02 1.822200e-01
115 8.045920e-01 1.138400e-02 1.840240e-01
116 8.024400e-01 1.156800e-02 1.859920e-01
117 8.004400e-01 1.162000e-02 1.879400e-01
118 7.982320e-01 1.196000e-02 1.898080e-01
119 7.961160e-01 1.198000e-02 1.919040e-01
120 7.940440e-01 1.203200e-02 1.939240e-01
121 7.920400e-01 1.202800e-02 1.959320e-01
122 7.900000e-01 1.192000e-02 1.980800e-01
123 7.880120e-01 1.185600e-02 2.001320e-01
124 7.860160e-01 1.187200e-02 2.021120e-01
125 7.837840e-01 1.195200e-02 2.042640e-01
126 7.818160e-01 1.182000e-02 2.063640e-01
127 7.796120e-01 1.222400e-02 2.081640e-01
128 7.775080e-01 1.224400e-02 2.102480e-01
129 7.754760e-01 1.213200e-02 2.123920e-01
130 7.736360e-01 1.179200e-02 2.145720e-01
131 7.715360e-01 1.181200e-02 2.166520e-01
132 7.696680e-01 1.178400e-02 2.185480e-01
133 7.679360e-01 1.140400e-02 2.206600e-01
134 7.659720e-01 1.144000e-02 2.225880e-01
135 7.640320e-01 1.132000e-02 2.246480e-01
136 7.623320e-01 1.106800e-02 2.266000e-01
137 7.606560e-01 1.087600e-02 2.284680e-01
138 7.588520e-01 1.095200e-02 2.301960e-01
139 7.570720e-01 1.089200e-02 2.320360e-01
140 7.554360e-01 1.056400e-02 2.340000e-01
141 7.537480e-01 1.031600e-02 2.359360e-01
142 7.520760e-01 1.021600e-02 2.377080e-01
143 7.501760e-01 1.057200e-02 2.392520e-01
144 7.486120e-01 1.035200e-02 2.410360e-01
145 7.470040e-01 1.012000e-02 2.428760e-01
146 7.453120e-01 1.015600e-02 2.445320e-01
147 7.438680e-01 9.936000e-03 2.461960e-01
148 7.422720e-01 9.752000e-03 2.479760e-01
149 7.406680e-01 9.576000e-03 2.497560e-01
150 7.389360e-01 9.592000e-03 2.514720e-01
151 7.373680e-01 9.436000e-03 2.531960e-01
152 7.359360e-01 9.204000e-03 2.548600e-01
153 7.344600e-01 9.044000e-03 2.564960e-01
154 7.330600e-01 8.796000e-03 2.581440e-01
155 7.315800e-01 8.572000e-03 2.598480e-01
156 7.301920e-01 8.564000e-03 2.612440e-01
157 7.288920e-01 8.348000e-03 2.627600e-01
158 7.274640e-01 8.432000e-03 2.641040e-01
159 7.259840e-01 8.404000e-03 2.656120e-01
160 7.245040e-01 8.352000e-03 2.671440e-01
161 7.231040e-01 8.316000e-03 2.685800e-01
162 7.216320e-01 8.252000e-03 2.701160e-01
163 7.202000e-01 8.248000e-03 2.715520e-01
164 7.187080e-01 8.360000e-03 2.729320e-01
165 7.171920e-01 8.396000e-03 2.744120e-01
166 7.157200e-01 8.368000e-03 2.759120e-01
167 7.143720e-01 8.244000e-03 2.773840e-01
168 7.130000e-01 8.012000e-03 2.789880e-01
169 7.115760e-01 8.040000e-03 2.803840e-01
170 7.102520e-01 7.912000e-03 2.818360e-01
171 7.090240e-01 7.856000e-03 2.831200e-01
172 7.079280e-01 7.588000e-03 2.844840e-01
173 7.067240e-01 7.540000e-03 2.857360e-01
174 7.055360e-01 7.404000e-03 2.870600e-01
175 7.043120e-01 7.328000e-03 2.883600e-01
176 7.030960e-01 7.312000e-03 2.895920e-01
177 7.019480e-01 7.168000e-03 2.908840e-01
178 7.007760e-01 7.112000e-03 2.921120e-01
179 6.996160e-01 7.124000e-03 2.932600e-01
180 6.985280e-01 6.940000e-03 2.945320e-01
181 6.974360e-01 6.820000e-03 2.957440e-01
182 6.962280e-01 6.840000e-03 2.969320e-01
183 6.950960e-01 6.780000e-03 2.981240e-01
184 6.941240e-01 6.576000e-03 2.993000e-01
185 6.930400e-01 6.524000e-03 3.004360e-01
186 6.921200e-01 6.400000e-03 3.014800e-01
187 6.911040e-01 6.220000e-03 3.026760e-01
188 6.900760e-01 6.112000e-03 3.038120e-01
189 6.889880e-01 6.156000e-03 3.048560e-01
190 6.880480e-01 5.952000e-03 3.060000e-01
191 6.871520e-01 5.752000e-03 3.070960e-01
192 6.861280e-01 5.724000e-03 3.081480e-01
193 6.850880e-01 5.692000e-03 3.092200e-01
194 6.842080e-01 5.616000e-03 3.101760e-01
195 6.832320e-01 5.596000e-03 3.111720e-01
196 6.822760e-01 5.680000e-03 3.120440e-01
197 6.812360e-01 5.752000e-03 3.130120e-01
198 6.803040e-01 5.708000e-03 3.139880e-01
199 6.793200e-01 5.804000e-03 3.148760e-01
200 6.783160e-01 5.888000e-03 3.157960e-01
201 6.771320e-01 5.992000e-03 3.168760e-01
202 6.761040e-01 5.920000e-03 3.179760e-01
203 6.750520e-01 5.964000e-03 3.189840e-01
204 6.740760e-01 5.924000e-03 3.200000e-01
205 6.731480e-01 5.816000e-03 3.210360e-01
206 6.721360e-01 5.868000e-03 3.219960e-01
207 6.711240e-01 5.812000e-03 3.230640e-01
208 6.701880e-01 5.720000e-03 3.240920e-01
209 6.693040e-01 5.676000e-03 3.250200e-01
210 6.683680e-01 5.692000e-03 3.259400e-01
211 6.672720e-01 5.796000e-03 3.269320e-01
212 6.662200e-01 5.804000e-03 3.279760e-01
213 6.651520e-01 5.840000e-03 3.290080e-01
214 6.641320e-01 5.844000e-03 3.300240e-01
215 6.630120e-01 5.924000e-03 3.310640e-01
216 6.620040e-01 5.968000e-03 3.320280e-01
217 6.608840e-01 6.136000e-03 3.329800e-01
218 6.596600e-01 6.296000e-03 3.340440e-01
219 6.585600e-01 6.240000e-03 3.352000e-01
220 6.574680e-01 6.260000e-03 3.362720e-01
221 6.564040e-01 6.248000e-03 3.373480e-01
222 6.554600e-01 6.204000e-03 3.383360e-01
223 6.544320e-01 6.140000e-03 3.394280e-01
224 6.535120e-01 5.944000e-03 3.405440e-01
225 6.523880e-01 6.012000e-03 3.416000e-01
226 6.513400e-01 5.996000e-03 3.426640e-01
227 6.503120e-01 5.996000e-03 3.436920e-01
228 6.493160e-01 5.952000e-03 3.447320e-01
229 6.482360e-01 6.004000e-03 3.457600e-01
230 6.472680e-01 5.948000e-03 3.467840e-01
231 6.463240e-01 5.872000e-03 3.478040e-01
232 6.454160e-01 5.780000e-03 3.488040e-01
233 6.445080e-01 5.712000e-03 3.497800e-01
234 6.435280e-01 5.620000e-03 3.508520e-01
235 6.426480e-01 5.576000e-03 3.517760e-01
236 6.417640e-01 5.584000e-03 3.526520e-01
237 6.408640e-01 5.560000e-03 3.535760e-01
238 6.400120e-01 5.476000e-03 3.545120e-01
239 6.391600e-01 5.440000e-03 3.554000e-01
240 6.384000e-01 5.168000e-03 3.564320e-01
241 6.376120e-01 5.012000e-03 3.573760e-01
242 6.368560e-01 4.948000e-03 3.581960e-01
243 6.360840e-01 4.860000e-03 3.590560e-01
244 6.353720e-01 4.756000e-03 3.598720e-01
245 6.346800e-01 4.676000e-03 3.606440e-01
246 6.338800e-01 4.656000e-03 3.614640e-01
247 6.330360e-01 4.636000e-03 3.623280e-01
248 6.322760e-01 4.640000e-03 3.630840e-01
249 6.314640e-01 4.668000e-03 3.638680e-01
250 6.307160e-01 4.652000e-03 3.646320e-01
251 6.299800e-01 4.616000e-03 3.654040e-01
252 6.291800e-01 4.628000e-03 3.661920e-01
253 6.285000e-01 4.516000e-03 3.669840e-01
254 6.277840e-01 4.388000e-03 3.678280e-01
255 6.271680e-01 4.228000e-03 3.686040e-01
256 6.265840e-01 4.100000e-03 3.693160e-01
257 6.259400e-01 4.016000e-03 3.700440e-01
258 6.252120e-01 4.024000e-03 3.707640e-01
259 6.245560e-01 4.020000e-03 3.714240e-01
260 6.238440e-01 4.052000e-03 3.721040e-01
261 6.231640e-01 4.060000e-03 3.727760e-01
262 6.226320e-01 3.924000e-03 3.734440e-01
263 6.219560e-01 3.888000e-03 3.741560e-01
264 6.214480e-01 3.828000e-03 3.747240e-01
265 6.208400e-01 3.792000e-03 3.753680e-01
266 6.202320e-01 3.752000e-03 3.760160e-01
267 6.196280e-01 3.804000e-03 3.765680e-01
268 6.190440e-01 3.736000e-03 3.772200e-01
269 6.184720e-01 3.728000e-03 3.778000e-01
270 6.178640e-01 3.672000e-03 3.784640e-01
271 6.173320e-01 3.528000e-03 3.791400e-01
272 6.166960e-01 3.520000e-03 3.797840e-01
273 6.160640e-01 3.540000e-03 3.803960e-01
274 6.154720e-01 3.496000e-03 3.810320e-01
275 6.149880e-01 3.420000e-03 3.815920e-01
276 6.144920e-01 3.308000e-03 3.822000e-01
277 6.139840e-01 3.212000e-03 3.828040e-01
278 6.135640e-01 2.996000e-03 3.834400e-01
279 6.130880e-01 2.960000e-03 3.839520e-01
280 6.125600e-01 2.936000e-03 3.845040e-01
281 6.119960e-01 2.968000e-03 3.850360e-01
282 6.114000e-01 3.056000e-03 3.855440e-01
283 6.107160e-01 3.168000e-03 3.861160e-01
284 6.101480e-01 3.108000e-03 3.867440e-01
285 6.096520e-01 3.080000e-03 3.872680e-01
286 6.091360e-01 3.028000e-03 3.878360e-01
287 6.085760e-01 3.072000e-03 3.883520e-01
288 6.079600e-01 3.164000e-03 3.888760e-01
289 6.074560e-01 3.116000e-03 3.894280e-01
290 6.069280e-01 3.156000e-03 3.899160e-01
291 6.063640e-01 3.156000e-03 3.904800e-01
292 6.058120e-01 3.100000e-03 3.910880e-01
293 6.053800e-01 3.016000e-03 3.916040e-01
294 6.049080e-01 2.960000e-03 3.921320e-01
295 6.043160e-01 3.068000e-03 3.926160e-01
296 6.037920e-01 3.036000e-03 3.931720e-01
297 6.033480e-01 2.940000e-03 3.937120e-01
298 6.028240e-01 2.928000e-03 3.942480e-01
299 6.023120e-01 2.900000e-03 3.947880e-01
300 6.018800e-01 2.768000e-03 3.953520e-01
301 6.013960e-01 2.760000e-03 3.958440e-01
302 6.009080e-01 2.752000e-03 3.963400e-01
303 6.004800e-01 2.720000e-03 3.968000e-01
304 5.999960e-01 2.736000e-03 3.972680e-01
305 5.994280e-01 2.780000e-03 3.977920e-01
306 5.989160e-01 2.792000e-03 3.982920e-01
307 5.983400e-01 2.848000e-03 3.988120e-01
308 5.978360e-01 2.800000e-03 3.993640e-01
309 5.972800e-01 2.872000e-03 3.998480e-01
310 5.968320e-01 2.764000e-03 4.004040e-01
311 5.964200e-01 2.628000e-03 4.009520e-01
312 5.959880e-01 2.588000e-03 4.014240e-01
313 5.955080e-01 2.664000e-03 4.018280e-01
314 5.949880e-01 2.764000e-03 4.022480e-01
315 5.944080e-01 2.876000e-03 4.027160e-01
316 5.938920e-01 2.892000e-03 4.032160e-01
317 5.933240e-01 2.944000e-03 4.037320e-01
318 5.927600e-01 2.984000e-03 4.042560e-01
319 5.923120e-01 2.888000e-03 4.048000e-01
320 5.917720e-01 2.876000e-03 4.053520e-01
321 5.912640e-01 2.940000e-03 4.057960e-01
322 5.908200e-01 2.752000e-03 4.064280e-01
323 5.904000e-01 2.644000e-03 4.069560e-01
324 5.899040e-01 2.708000e-03 4.073880e-01
325 5.894880e-01 2.632000e-03 4.078800e-01
326 5.889520e-01 2.688000e-03 4.083600e-01
327 5.885200e-01 2.756000e-03 4.087240e-01
328 5.880400e-01 2.744000e-03 4.092160e-01
329 5.875920e-01 2.692000e-03 4.097160e-01
330 5.871720e-01 2.688000e-03 4.101400e-01
331 5.866800e-01 2.660000e-03 4.106600e-01
332 5.862080e-01 2.636000e-03 4.111560e-01
333 5.856800e-01 2.724000e-03 4.115960e-01
334 5.852120e-01 2.732000e-03 4.120560e-01
335 5.846560e-01 2.792000e-03 4.125520e-01
336 5.841000e-01 2.888000e-03 4.130120e-01
337 5.836200e-01 2.876000e-03 4.135040e-01
338 5.830960e-01 2.924000e-03 4.139800e-01
339 5.826000e-01 2.872000e-03 4.145280e-01
340 5.821840e-01 2.772000e-03 4.150440e-01
341 5.816920e-01 2.792000e-03 4.155160e-01
342 5.812480e-01 2.688000e-03 4.160640e-01
343 5.807200e-01 2.712000e-03 4.165680e-01
344 5.802840e-01 2.636000e-03 4.170800e-01
345 5.798880e-01 2.580000e-03 4.175320e-01
346 5.795000e-01 2.488000e-03 4.180120e-01
347 5.790760e-01 2.472000e-03 4.184520e-01
348 5.787120e-01 2.320000e-03 4.189680e-01
349 5.782920e-01 2.368000e-03 4.193400e-01
350 5.778120e-01 2.476000e-03 4.197120e-01
351 5.774200e-01 2.400000e-03 4.201800e-01
352 5.769320e-01 2.424000e-03 4.206440e-01
353 5.765280e-01 2.456000e-03 4.210160e-01
354 5.760880e-01 2.388000e-03 4.215240e-01
355 5.757440e-01 2.320000e-03 4.219360e-01
356 5.754000e-01 2.256000e-03 4.223440e-01
357 5.749760e-01 2.264000e-03 4.227600e-01
358 5.745560e-01 2.256000e-03 4.231880e-01
359 5.741280e-01 2.264000e-03 4.236080e-01
360 5.737480e-01 2.240000e-03 4.240120e-01
361 5.733560e-01 2.160000e-03 4.244840e-01
362 5.729760e-01 2.156000e-03 4.248680e-01
363 5.726480e-01 2.104000e-03 4.252480e-01
364 5.722640e-01 2.132000e-03 4.256040e-01
365 5.719000e-01 2.156000e-03 4.259440e-01
366 5.715480e-01 2.132000e-03 4.263200e-01
367 5.710600e-01 2.252000e-03 4.266880e-01
368 5.705920e-01 2.316000e-03 4.270920e-01
369 5.701800e-01 2.348000e-03 4.274720e-01
370 5.697640e-01 2.404000e-03 4.278320e-01
371 5.693240e-01 2.416000e-03 4.282600e-01
372 5.689000e-01 2.432000e-03 4.286680e-01
373 5.684840e-01 2.428000e-03 4.290880e-01
374 5.680600e-01 2.468000e-03 4.294720e-01
375 5.676560e-01 2.436000e-03 4.299080e-01
376 5.672480e-01 2.392000e-03 4.303600e-01
377 5.667480e-01 2.424000e-03 4.308280e-01
378 5.663280e-01 2.368000e-03 4.313040e-01
379 5.659160e-01 2.296000e-03 4.317880e-01
380 5.656080e-01 2.240000e-03 4.321520e-01
381 5.652720e-01 2.184000e-03 4.325440e-01
382 5.649200e-01 2.120000e-03 4.329600e-01
383 5.645120e-01 2.164000e-03 4.333240e-01
384 5.642160e-01 2.076000e-03 4.337080e-01
385 5.639240e-01 2.040000e-03 4.340360e-01
386 5.635400e-01 2.104000e-03 4.343560e-01
387 5.631320e-01 2.140000e-03 4.347280e-01
388 5.627360e-01 2.136000e-03 4.351280e-01
389 5.623760e-01 2.096000e-03 4.355280e-01
390 5.620080e-01 2.108000e-03 4.358840e-01
391 5.616360e-01 2.076000e-03 4.362880e-01
392 5.612480e-01 2.088000e-03 4.366640e-01
393 5.608560e-01 2.116000e-03 4.370280e-01
394 5.604760e-01 2.124000e-03 4.374000e-01
395 5.601800e-01 2.092000e-03 4.377280e-01
396 5.598560e-01 2.092000e-03 4.380520e-01
397 5.595040e-01 2.080000e-03 4.384160e-01
398 5.591920e-01 2.056000e-03 4.387520e-01
399 5.588320e-01 2.008000e-03 4.391600e-01
400 5.585080e-01 1.996000e-03 4.394960e-01
401 5.581520e-01 1.940000e-03 4.399080e-01
402 5.577600e-01 1.956000e-03 4.402840e-01
403 5.574760e-01 1.908000e-03 4.406160e-01
404 5.571560e-01 1.936000e-03 4.409080e-01
405 5.568120e-01 1.980000e-03 4.412080e-01
406 5.564520e-01 2.008000e-03 4.415400e-01
407 5.560560e-01 2.100000e-03 4.418440e-01
408 5.557960e-01 1.980000e-03 4.422240e-01
409 5.554480e-01 1.944000e-03 4.426080e-01
410 5.551640e-01 1.928000e-03 4.429080e-01
411 5.548520e-01 1.920000e-03 4.432280e-01
412 5.544720e-01 2.000000e-03 4.435280e-01
413 5.542160e-01 1.900000e-03 4.438840e-01
414 5.539240e-01 1.820000e-03 4.442560e-01
415 5.535840e-01 1.840000e-03 4.445760e-01
416 5.533680e-01 1.780000e-03 4.448520e-01
417 5.531280e-01 1.756000e-03 4.451160e-01
418 5.528520e-01 1.732000e-03 4.454160e-01
419 5.525920e-01 1.704000e-03 4.457040e-01
420 5.522920e-01 1.692000e-03 4.460160e-01
421 5.520080e-01 1.652000e-03 4.463400e-01
422 5.517080e-01 1.672000e-03 4.466200e-01
423 5.514280e-01 1.708000e-03 4.468640e-01
424 5.511200e-01 1.692000e-03 4.471880e-01
425 5.508160e-01 1.672000e-03 4.475120e-01
426 5.506040e-01 1.604000e-03 4.477920e-01
427 5.503560e-01 1.588000e-03 4.480560e-01
428 5.500160e-01 1.692000e-03 4.482920e-01
429 5.498040e-01 1.568000e-03 4.486280e-01
430 5.495480e-01 1.512000e-03 4.489400e-01
431 5.493680e-01 1.412000e-03 4.492200e-01
432 5.491240e-01 1.416000e-03 4.494600e-01
433 5.488960e-01 1.404000e-03 4.497000e-01
434 5.486960e-01 1.376000e-03 4.499280e-01
435 5.484920e-01 1.360000e-03 4.501480e-01
436 5.482880e-01 1.364000e-03 4.503480e-01
437 5.480720e-01 1.356000e-03 4.505720e-01
438 5.478120e-01 1.396000e-03 4.507920e-01
439 5.476320e-01 1.320000e-03 4.510480e-01
440 5.473880e-01 1.392000e-03 4.512200e-01
441 5.471480e-01 1.352000e-03 4.515000e-01
442 5.469520e-01 1.312000e-03 4.517360e-01
443 5.468120e-01 1.248000e-03 4.519400e-01
444 5.466520e-01 1.148000e-03 4.522000e-01
445 5.464720e-01 1.108000e-03 4.524200e-01
446 5.463200e-01 1.076000e-03 4.526040e-01
447 5.462480e-01 9.720000e-04 4.527800e-01
448 5.461200e-01 9.400000e-04 4.529400e-01
449 5.459520e-01 9.240000e-04 4.531240e-01
450 5.458080e-01 9.000000e-04 4.532920e-01
451 5.456440e-01 9.280000e-04 4.534280e-01
452 5.454840e-01 9.120000e-04 4.536040e-01
453 5.453280e-01 8.880000e-04 4.537840e-01
454 5.451720e-01 9.000000e-04 4.539280e-01
455 5.450560e-01 8.480000e-04 4.540960e-01
456 5.449360e-01 7.760000e-04 4.542880e-01
457 5.447680e-01 8.240000e-04 4.544080e-01
458 5.445400e-01 9.240000e-04 4.545360e-01
459 5.443520e-01 9.360000e-04 4.547120e-01
460 5.442000e-01 8.800000e-04 4.549200e-01
461 5.440880e-01 8.000000e-04 4.551120e-01
462 5.439640e-01 8.120000e-04 4.552240e-01
463 5.438560e-01 7.760000e-04 4.553680e-01
464 5.437400e-01 8.040000e-04 4.554560e-01
465 5.436400e-01 7.600000e-04 4.556000e-01
466 5.435480e-01 7.120000e-04 4.557400e-01
467 5.434680e-01 7.120000e-04 4.558200e-01
468 5.433760e-01 6.920000e-04 4.559320e-01
469 5.432520e-01 6.720000e-04 4.560760e-01
470 5.431320e-01 6.760000e-04 4.561920e-01
471 5.429800e-01 7.080000e-04 4.563120e-01
472 5.428800e-01 6.960000e-04 4.564240e-01
473 5.427600e-01 7.120000e-04 4.565280e-01
474 5.426800e-01 6.480000e-04 4.566720e-01
475 5.426000e-01 6.160000e-04 4.567840e-01
476 5.425080e-01 6.320000e-04 4.568600e-01
477 5.424160e-01 6.000000e-04 4.569840e-01
478 5.423000e-01 6.520000e-04 4.570480e-01
479 5.421920e-01 6.560000e-04 4.571520e-01
480 5.420920e-01 6.720000e-04 4.572360e-01
481 5.420000e-01 6.520000e-04 4.573480e-01
482 5.419080e-01 6.200000e-04 4.574720e-01
483 5.418200e-01 6.280000e-04 4.575520e-01
484 5.417200e-01 6.360000e-04 4.576440e-01
485 5.416000e-01 6.680000e-04 4.577320e-01
486 5.415040e-01 6.600000e-04 4.578360e-01
487 5.414280e-01 6.080000e-04 4.579640e-01
488 5.412640e-01 6.520000e-04 4.580840e-01
489 5.411400e-01 6.440000e-04 4.582160e-01
490 5.410560e-01 6.120000e-04 4.583320e-01
491 5.409880e-01 5.680000e-04 4.584440e-01
492 5.409200e-01 5.440000e-04 4.585360e-01
493 5.408480e-01 5.280000e-04 4.586240e-01
494 5.407720e-01 5.360000e-04 4.586920e-01
495 5.407040e-01 4.840000e-04 4.588120e-01
496 5.406160e-01 4.840000e-04 4.589000e-01
497 5.405680e-01 4.520000e-04 4.589800e-01
498 5.405160e-01 4.280000e-04 4.590560e-01
499 5.404520e-01 4.080000e-04 4.591400e-01
500 5.403920e-01 3.800000e-04 4.592280e-01
