1 9.992040e-01 6.600000e-04 1.360000e-04
2 9.987360e-01 9.680000e-04 2.960000e-04
3 9.981480e-01 1.392000e-03 4.600000e-04
4 9.974040e-01 1.904000e-03 6.920000e-04
5 9.966520e-01 2.252000e-03 1.096000e-03
6 9.959320e-01 2.528000e-03 1.540000e-03
7 9.951200e-01 2.824000e-03 2.056000e-03
8 9.942480e-01 3.192000e-03 2.560000e-03
9 9.933160e-01 3.588000e-03 3.096000e-03
10 9.924800e-01 3.760000e-03 3.760000e-03
11 9.915640e-01 3.964000e-03 4.472000e-03
12 9.905840e-01 4.224000e-03 5.192000e-03
13 9.895520e-01 4.508000e-03 5.940000e-03
14 9.884320e-01 4.868000e-03 6.700000e-03
15 9.873680e-01 5.052000e-03 7.580000e-03
16 9.862480e-01 5.272000e-03 8.480000e-03
17 9.850240e-01 5.460000e-03 9.516000e-03
18 9.839000e-01 5.684000e-03 1.041600e-02
19 9.826760e-01 5.848000e-03 1.147600e-02
20 9.814000e-01 6.220000e-03 1.238000e-02
21 9.802520e-01 6.252000e-03 1.349600e-02
22 9.789720e-01 6.436000e-03 1.459200e-02
23 9.776800e-01 6.576000e-03 1.574400e-02
24 9.764200e-01 6.716000e-03 1.686400e-02
25 9.751080e-01 6.812000e-03 1.808000e-02
26 9.738520e-01 6.956000e-03 1.919200e-02
27 9.725840e-01 7.044000e-03 2.037200e-02
28 9.713000e-01 7.040000e-03 2.166000e-02
29 9.700280e-01 7.124000e-03 2.284800e-02
30 9.686360e-01 7.304000e-03 2.406000e-02
31 9.674000e-01 7.292000e-03 2.530800e-02
32 9.659160e-01 7.580000e-03 2.650400e-02
33 9.645400e-01 7.640000e-03 2.782000e-02
34 9.631800e-01 7.740000e-03 2.908000e-02
35 9.617520e-01 7.736000e-03 3.051200e-02
36 9.603680e-01 7.748000e-03 3.188400e-02
37 9.590000e-01 7.660000e-03 3.334000e-02
38 9.577080e-01 7.708000e-03 3.458400e-02
39 9.563560e-01 7.696000e-03 3.594800e-02
40 9.550920e-01 7.596000e-03 3.731200e-02
41 9.536480e-01 7.772000e-03 3.858000e-02
42 9.522920e-01 7.708000e-03 4.000000e-02
43 9.510160e-01 7.508000e-03 4.147600e-02
44 9.494320e-01 7.836000e-03 4.273200e-02
45 9.480360e-01 7.900000e-03 4.406400e-02
46 9.463200e-01 8.168000e-03 4.551200e-02
47 9.448600e-01 8.416000e-03 4.672400e-02
48 9.432240e-01 8.672000e-03 4.810400e-02
49 9.415120e-01 8.744000e-03 4.974400e-02
50 9.396600e-01 9.036000e-03 5.130400e-02
51 9.380400e-01 9.060000e-03 5.290000e-02
52 9.362200e-01 9.260000e-03 5.452000e-02
53 9.343080e-01 9.556000e-03 5.613600e-02
54 9.322320e-01 9.972000e-03 5.779600e-02
55 9.302720e-01 1.017600e-02 5.955200e-02
56 9.285240e-01 1.007600e-02 6.140000e-02
57 9.267720e-01 1.004400e-02 6.318400e-02
58 9.249920e-01 1.007600e-02 6.493200e-02
59 9.231600e-01 1.014400e-02 6.669600e-02
60 9.212920e-01 1.028800e-02 6.842000e-02
61 9.194400e-01 1.026800e-02 7.029200e-02
62 9.177280e-01 1.026000e-02 7.201200e-02
63 9.158800e-01 1.025600e-02 7.386400e-02
64 9.140880e-01 1.033600e-02 7.557600e-02
65 9.123640e-01 1.026400e-02 7.737200e-02
66 9.104840e-01 1.036400e-02 7.915200e-02
67 9.087560e-01 1.025200e-02 8.099200e-02
68 9.070600e-01 1.007200e-02 8.286800e-02
69 9.052720e-01 1.022800e-02 8.450000e-02
70 9.034680e-01 1.022800e-02 8.630400e-02
71 9.019880e-01 9.968000e-03 8.804400e-02
72 9.003040e-01 9.876000e-03 8.982000e-02
73 8.987160e-01 9.672000e-03 9.161200e-02
74 8.970000e-01 9.784000e-03 9.321600e-02
75 8.952280e-01 9.896000e-03 9.487600e-02
76 8.935280e-01 9.888000e-03 9.658400e-02
77 8.918440e-01 9.904000e-03 9.825200e-02
78 8.900160e-01 9.816000e-03 1.001680e-01
79 8.883800e-01 9.664000e-03 1.019560e-01
80 8.865360e-01 9.768000e-03 1.036960e-01
81 8.848920e-01 9.672000e-03 1.054360e-01
82 8.830360e-01 9.840000e-03 1.071240e-01
83 8.814040e-01 9.708000e-03 1.088880e-01
84 8.798600e-01 9.652000e-03 1.104880e-01
85 8.779880e-01 9.740000e-03 1.122720e-01
86 8.762120e-01 9.828000e-03 1.139600e-01
87 8.744280e-01 9.900000e-03 1.156720e-01
88 8.725720e-01 1.001200e-02 1.174160e-01
89 8.707760e-01 1.006800e-02 1.191560e-01
90 8.690080e-01 9.928000e-03 1.210640e-01
91 8.674160e-01 9.896000e-03 1.226880e-01
92 8.655680e-01 1.005600e-02 1.243760e-01
93 8.638120e-01 1.008400e-02 1.261040e-01
94 8.620560e-01 1.015600e-02 1.277880e-01
95 8.601520e-01 1.028400e-02 1.295640e-01
96 8.583920e-01 1.015600e-02 1.314520e-01
97 8.565240e-01 1.037200e-02 1.331040e-01
98 8.547320e-01 1.018800e-02 1.350800e-01
99 8.530640e-01 1.014000e-02 1.367960e-01
100 8.512920e-01 1.013200e-02 1.385760e-01
101 8.494480e-01 1.015600e-02 1.403960e-01
102 8.479000e-01 9.868000e-03 1.422320e-01
103 8.463520e-01 9.804000e-03 1.438440e-01
104 8.446840e-01 9.804000e-03 1.455120e-01
105 8.431240e-01 9.660000e-03 1.472160e-01
106 8.415320e-01 9.568000e-03 1.489000e-01
107 8.397720e-01 9.620000e-03 1.506080e-01
108 8.382440e-01 9.528000e-03 1.522280e-01
109 8.366800e-01 9.392000e-03 1.539280e-01
110 8.351520e-01 9.260000e-03 1.555880e-01
111 8.335840e-01 9.236000e-03 1.571800e-01
112 8.320040e-01 9.124000e-03 1.588720e-01
113 8.302200e-01 9.400000e-03 1.603800e-01
114 8.286600e-01 9.316000e-03 1.620240e-01
115 8.269760e-01 9.256000e-03 1.637680e-01
116 8.254560e-01 9.136000e-03 1.654080e-01
117 8.238840e-01 9.092000e-03 1.670240e-01
118 8.223200e-01 9.008000e-03 1.686720e-01
119 8.207920e-01 9.008000e-03 1.702000e-01
120 8.194440e-01 8.896000e-03 1.716600e-01
121 8.179880e-01 8.724000e-03 1.732880e-01
122 8.164600e-01 8.744000e-03 1.747960e-01
123 8.150680e-01 8.556000e-03 1.763760e-01
124 8.137560e-01 8.384000e-03 1.778600e-01
125 8.124560e-01 8.172000e-03 1.793720e-01
126 8.111120e-01 7.996000e-03 1.808920e-01
127 8.097920e-01 7.912000e-03 1.822960e-01
128 8.084560e-01 7.868000e-03 1.836760e-01
129 8.069480e-01 8.036000e-03 1.850160e-01
130 8.057160e-01 7.888000e-03 1.863960e-01
131 8.043480e-01 7.936000e-03 1.877160e-01
132 8.028880e-01 7.824000e-03 1.892880e-01
133 8.014280e-01 7.812000e-03 1.907600e-01
134 8.000720e-01 7.680000e-03 1.922480e-01
135 7.987120e-01 7.652000e-03 1.936360e-01
136 7.974200e-01 7.516000e-03 1.950640e-01
137 7.959480e-01 7.704000e-03 1.963480e-01
138 7.945320e-01 7.772000e-03 1.976960e-01
139 7.932520e-01 7.692000e-03 1.990560e-01
140 7.918760e-01 7.620000e-03 2.005040e-01
141 7.904520e-01 7.664000e-03 2.018840e-01
142 7.890960e-01 7.636000e-03 2.032680e-01
143 7.877840e-01 7.616000e-03 2.046000e-01
144 7.864120e-01 7.640000e-03 2.059480e-01
145 7.849360e-01 7.884000e-03 2.071800e-01
146 7.837080e-01 7.756000e-03 2.085360e-01
147 7.824640e-01 7.580000e-03 2.099560e-01
148 7.812440e-01 7.472000e-03 2.112840e-01
149 7.800160e-01 7.384000e-03 2.126000e-01
150 7.786800e-01 7.452000e-03 2.138680e-01
151 7.773760e-01 7.444000e-03 2.151800e-01
152 7.762200e-01 7.312000e-03 2.164680e-01
153 7.750080e-01 7.148000e-03 2.178440e-01
154 7.740360e-01 6.808000e-03 2.191560e-01
155 7.729920e-01 6.664000e-03 2.203440e-01
156 7.719000e-01 6.500000e-03 2.216000e-01
157 7.707560e-01 6.532000e-03 2.227120e-01
158 7.696320e-01 6.520000e-03 2.238480e-01
159 7.685960e-01 6.436000e-03 2.249680e-01
160 7.674120e-01 6.492000e-03 2.260960e-01
161 7.663000e-01 6.548000e-03 2.271520e-01
162 7.653840e-01 6.296000e-03 2.283200e-01
163 7.643640e-01 6.244000e-03 2.293920e-01
164 7.633240e-01 6.224000e-03 2.304520e-01
165 7.622920e-01 6.208000e-03 2.315000e-01
166 7.613320e-01 6.008000e-03 2.326600e-01
167 7.602920e-01 5.920000e-03 2.337880e-01
168 7.593480e-01 5.892000e-03 2.347600e-01
169 7.585000e-01 5.800000e-03 2.357000e-01
170 7.575680e-01 5.708000e-03 2.367240e-01
171 7.565160e-01 5.780000e-03 2.377040e-01
172 7.554600e-01 5.700000e-03 2.388400e-01
173 7.545160e-01 5.772000e-03 2.397120e-01
174 7.534920e-01 5.828000e-03 2.406800e-01
175 7.525560e-01 5.644000e-03 2.418000e-01
176 7.517080e-01 5.432000e-03 2.428600e-01
177 7.507520e-01 5.464000e-03 2.437840e-01
178 7.498360e-01 5.380000e-03 2.447840e-01
179 7.489160e-01 5.416000e-03 2.456680e-01
180 7.480840e-01 5.232000e-03 2.466840e-01
181 7.472960e-01 5.028000e-03 2.476760e-01
182 7.464960e-01 5.008000e-03 2.484960e-01
183 7.456360e-01 5.000000e-03 2.493640e-01
184 7.446760e-01 5.152000e-03 2.501720e-01
185 7.437680e-01 5.180000e-03 2.510520e-01
186 7.429120e-01 5.204000e-03 2.518840e-01
187 7.420360e-01 5.092000e-03 2.528720e-01
188 7.412800e-01 4.984000e-03 2.537360e-01
189 7.404960e-01 4.968000e-03 2.545360e-01
190 7.396520e-01 5.008000e-03 2.553400e-01
191 7.388560e-01 4.924000e-03 2.562200e-01
192 7.381520e-01 4.832000e-03 2.570160e-01
193 7.374360e-01 4.800000e-03 2.577640e-01
194 7.366160e-01 4.756000e-03 2.586280e-01
195 7.359640e-01 4.516000e-03 2.595200e-01
196 7.352960e-01 4.396000e-03 2.603080e-01
197 7.346720e-01 4.228000e-03 2.611000e-01
198 7.340360e-01 4.132000e-03 2.618320e-01
199 7.334160e-01 4.020000e-03 2.625640e-01
200 7.327760e-01 4.000000e-03 2.632240e-01
201 7.320920e-01 3.960000e-03 2.639480e-01
202 7.314680e-01 3.892000e-03 2.646400e-01
203 7.309000e-01 3.804000e-03 2.652960e-01
204 7.301520e-01 3.876000e-03 2.659720e-01
205 7.294840e-01 3.928000e-03 2.665880e-01
206 7.287160e-01 4.012000e-03 2.672720e-01
207 7.279400e-01 4.088000e-03 2.679720e-01
208 7.271480e-01 4.132000e-03 2.687200e-01
209 7.264280e-01 4.064000e-03 2.695080e-01
210 7.257240e-01 4.056000e-03 2.702200e-01
211 7.251280e-01 3.968000e-03 2.709040e-01
212 7.244440e-01 4.028000e-03 2.715280e-01
213 7.238920e-01 3.868000e-03 2.722400e-01
214 7.233680e-01 3.628000e-03 2.730040e-01
215 7.227920e-01 3.592000e-03 2.736160e-01
216 7.222360e-01 3.500000e-03 2.742640e-01
217 7.216960e-01 3.468000e-03 2.748360e-01
218 7.211040e-01 3.416000e-03 2.754800e-01
219 7.205400e-01 3.384000e-03 2.760760e-01
220 7.199480e-01 3.424000e-03 2.766280e-01
221 7.193680e-01 3.324000e-03 2.773080e-01
222 7.188200e-01 3.296000e-03 2.778840e-01
223 7.183200e-01 3.260000e-03 2.784200e-01
224 7.177080e-01 3.256000e-03 2.790360e-01
225 7.171000e-01 3.244000e-03 2.796560e-01
226 7.164680e-01 3.336000e-03 2.801960e-01
227 7.158720e-01 3.340000e-03 2.807880e-01
228 7.153120e-01 3.340000e-03 2.813480e-01
229 7.147040e-01 3.396000e-03 2.819000e-01
230 7.141600e-01 3.352000e-03 2.824880e-01
231 7.135120e-01 3.448000e-03 2.830400e-01
232 7.129960e-01 3.356000e-03 2.836480e-01
233 7.125080e-01 3.192000e-03 2.843000e-01
234 7.120040e-01 3.136000e-03 2.848600e-01
235 7.114400e-01 3.144000e-03 2.854160e-01
236 7.108840e-01 3.188000e-03 2.859280e-01
237 7.102440e-01 3.348000e-03 2.864080e-01
238 7.097360e-01 3.312000e-03 2.869520e-01
239 7.092960e-01 3.116000e-03 2.875880e-01
240 7.088120e-01 3.084000e-03 2.881040e-01
241 7.082880e-01 3.064000e-03 2.886480e-01
242 7.078480e-01 2.992000e-03 2.891600e-01
243 7.074240e-01 2.896000e-03 2.896800e-01
244 7.069960e-01 2.796000e-03 2.902080e-01
245 7.064680e-01 2.828000e-03 2.907040e-01
246 7.059480e-01 2.872000e-03 2.911800e-01
247 7.054280e-01 2.884000e-03 2.916880e-01
248 7.049360e-01 2.936000e-03 2.921280e-01
249 7.044280e-01 2.912000e-03 2.926600e-01
250 7.039240e-01 2.996000e-03 2.930800e-01
251 7.034320e-01 2.976000e-03 2.935920e-01
252 7.028480e-01 3.028000e-03 2.941240e-01
253 7.023520e-01 3.024000e-03 2.946240e-01
254 7.018480e-01 3.028000e-03 2.951240e-01
255 7.012720e-01 3.108000e-03 2.956200e-01
256 7.008640e-01 2.964000e-03 2.961720e-01
257 7.004520e-01 2.860000e-03 2.966880e-01
258 6.999360e-01 2.916000e-03 2.971480e-01
259 6.994800e-01 2.868000e-03 2.976520e-01
260 6.990040e-01 2.884000e-03 2.981120e-01
261 6.984680e-01 2.968000e-03 2.985640e-01
262 6.979320e-01 2.972000e-03 2.990960e-01
263 6.973720e-01 2.972000e-03 2.996560e-01
264 6.967320e-01 3.016000e-03 3.002520e-01
265 6.962000e-01 2.984000e-03 3.008160e-01
266 6.957080e-01 3.000000e-03 3.012920e-01
267 6.951240e-01 3.016000e-03 3.018600e-01
268 6.945680e-01 3.080000e-03 3.023520e-01
269 6.940400e-01 3.000000e-03 3.029600e-01
270 6.934400e-01 3.104000e-03 3.034560e-01
271 6.929240e-01 3.044000e-03 3.040320e-01
272 6.924640e-01 3.064000e-03 3.044720e-01
273 6.919440e-01 3.060000e-03 3.049960e-01
274 6.915040e-01 2.940000e-03 3.055560e-01
275 6.911080e-01 2.836000e-03 3.060560e-01
276 6.906160e-01 2.812000e-03 3.065720e-01
277 6.901320e-01 2.764000e-03 3.071040e-01
278 6.897080e-01 2.780000e-03 3.075120e-01
279 6.893440e-01 2.628000e-03 3.080280e-01
280 6.889840e-01 2.496000e-03 3.085200e-01
281 6.885800e-01 2.448000e-03 3.089720e-01
282 6.882360e-01 2.344000e-03 3.094200e-01
283 6.878520e-01 2.316000e-03 3.098320e-01
284 6.874600e-01 2.276000e-03 3.102640e-01
285 6.870440e-01 2.296000e-03 3.106600e-01
286 6.867440e-01 2.204000e-03 3.110520e-01
287 6.864160e-01 2.168000e-03 3.114160e-01
288 6.860120e-01 2.192000e-03 3.117960e-01
289 6.856400e-01 2.212000e-03 3.121480e-01
290 6.853000e-01 2.196000e-03 3.125040e-01
291 6.849320e-01 2.168000e-03 3.129000e-01
292 6.845600e-01 2.092000e-03 3.133480e-01
293 6.842320e-01 2.052000e-03 3.137160e-01
294 6.838680e-01 2.068000e-03 3.140640e-01
295 6.835960e-01 2.008000e-03 3.143960e-01
296 6.832720e-01 1.980000e-03 3.147480e-01
297 6.830520e-01 1.872000e-03 3.150760e-01
298 6.827720e-01 1.864000e-03 3.153640e-01
299 6.825280e-01 1.872000e-03 3.156000e-01
300 6.822840e-01 1.800000e-03 3.159160e-01
301 6.820320e-01 1.780000e-03 3.161880e-01
302 6.817640e-01 1.684000e-03 3.165520e-01
303 6.814680e-01 1.696000e-03 3.168360e-01
304 6.812400e-01 1.620000e-03 3.171400e-01
305 6.809280e-01 1.584000e-03 3.174880e-01
306 6.806360e-01 1.600000e-03 3.177640e-01
307 6.803760e-01 1.604000e-03 3.180200e-01
308 6.801040e-01 1.600000e-03 3.182960e-01
309 6.797960e-01 1.624000e-03 3.185800e-01
310 6.794960e-01 1.664000e-03 3.188400e-01
311 6.792640e-01 1.636000e-03 3.191000e-01
312 6.790480e-01 1.528000e-03 3.194240e-01
313 6.788200e-01 1.488000e-03 3.196920e-01
314 6.785480e-01 1.472000e-03 3.199800e-01
315 6.783120e-01 1.484000e-03 3.202040e-01
316 6.781240e-01 1.440000e-03 3.204360e-01
317 6.778680e-01 1.420000e-03 3.207120e-01
318 6.776400e-01 1.384000e-03 3.209760e-01
319 6.774160e-01 1.352000e-03 3.212320e-01
320 6.771680e-01 1.344000e-03 3.214880e-01
321 6.769080e-01 1.404000e-03 3.216880e-01
322 6.766960e-01 1.352000e-03 3.219520e-01
323 6.764640e-01 1.364000e-03 3.221720e-01
324 6.762840e-01 1.332000e-03 3.223840e-01
325 6.760360e-01 1.376000e-03 3.225880e-01
326 6.758000e-01 1.392000e-03 3.228080e-01
327 6.756080e-01 1.312000e-03 3.230800e-01
328 6.753480e-01 1.368000e-03 3.232840e-01
329 6.750840e-01 1.408000e-03 3.235080e-01
330 6.748040e-01 1.500000e-03 3.236960e-01
331 6.745640e-01 1.524000e-03 3.239120e-01
332 6.743520e-01 1.464000e-03 3.241840e-01
333 6.741360e-01 1.428000e-03 3.244360e-01
334 6.738800e-01 1.388000e-03 3.247320e-01
335 6.736120e-01 1.404000e-03 3.249840e-01
336 6.733400e-01 1.388000e-03 3.252720e-01
337 6.730720e-01 1.408000e-03 3.255200e-01
338 6.727880e-01 1.460000e-03 3.257520e-01
339 6.725240e-01 1.492000e-03 3.259840e-01
340 6.722920e-01 1.448000e-03 3.262600e-01
341 6.720200e-01 1.416000e-03 3.265640e-01
342 6.718240e-01 1.348000e-03 3.268280e-01
343 6.715560e-01 1.380000e-03 3.270640e-01
344 6.712920e-01 1.368000e-03 3.273400e-01
345 6.711120e-01 1.340000e-03 3.275480e-01
346 6.708560e-01 1.380000e-03 3.277640e-01
347 6.705920e-01 1.376000e-03 3.280320e-01
348 6.703600e-01 1.368000e-03 3.282720e-01
349 6.701800e-01 1.348000e-03 3.284720e-01
350 6.699200e-01 1.368000e-03 3.287120e-01
351 6.696360e-01 1.404000e-03 3.289600e-01
352 6.694000e-01 1.392000e-03 3.292080e-01
353 6.691240e-01 1.372000e-03 3.295040e-01
354 6.689080e-01 1.348000e-03 3.297440e-01
355 6.686480e-01 1.332000e-03 3.300200e-01
356 6.683480e-01 1.376000e-03 3.302760e-01
357 6.681040e-01 1.396000e-03 3.305000e-01
358 6.678400e-01 1.432000e-03 3.307280e-01
359 6.675440e-01 1.516000e-03 3.309400e-01
360 6.672280e-01 1.532000e-03 3.312400e-01
361 6.669280e-01 1.520000e-03 3.315520e-01
362 6.665720e-01 1.612000e-03 3.318160e-01
363 6.662440e-01 1.656000e-03 3.321000e-01
364 6.658840e-01 1.736000e-03 3.323800e-01
365 6.655920e-01 1.724000e-03 3.326840e-01
366 6.652880e-01 1.732000e-03 3.329800e-01
367 6.649800e-01 1.688000e-03 3.333320e-01
368 6.646720e-01 1.672000e-03 3.336560e-01
369 6.643640e-01 1.668000e-03 3.339680e-01
370 6.640840e-01 1.656000e-03 3.342600e-01
371 6.638160e-01 1.584000e-03 3.346000e-01
372 6.635480e-01 1.596000e-03 3.348560e-01
373 6.632360e-01 1.660000e-03 3.351040e-01
374 6.629280e-01 1.744000e-03 3.353280e-01
375 6.626360e-01 1.756000e-03 3.356080e-01
376 6.624000e-01 1.652000e-03 3.359480e-01
377 6.621320e-01 1.672000e-03 3.361960e-01
378 6.619040e-01 1.632000e-03 3.364640e-01
379 6.616400e-01 1.596000e-03 3.367640e-01
380 6.613640e-01 1.596000e-03 3.370400e-01
381 6.611040e-01 1.616000e-03 3.372800e-01
382 6.607720e-01 1.628000e-03 3.376000e-01
383 6.605160e-01 1.668000e-03 3.378160e-01
384 6.602920e-01 1.592000e-03 3.381160e-01
385 6.600720e-01 1.436000e-03 3.384920e-01
386 6.598960e-01 1.360000e-03 3.387440e-01
387 6.596840e-01 1.320000e-03 3.389960e-01
388 6.595000e-01 1.276000e-03 3.392240e-01
389 6.592760e-01 1.288000e-03 3.394360e-01
390 6.590800e-01 1.272000e-03 3.396480e-01
391 6.588720e-01 1.284000e-03 3.398440e-01
392 6.586360e-01 1.324000e-03 3.400400e-01
393 6.584000e-01 1.316000e-03 3.402840e-01
394 6.580920e-01 1.400000e-03 3.405080e-01
395 6.578440e-01 1.420000e-03 3.407360e-01
396 6.575840e-01 1.428000e-03 3.409880e-01
397 6.572840e-01 1.472000e-03 3.412440e-01
398 6.570120e-01 1.516000e-03 3.414720e-01
399 6.567400e-01 1.536000e-03 3.417240e-01
400 6.565200e-01 1.492000e-03 3.419880e-01
401 6.563080e-01 1.400000e-03 3.422920e-01
402 6.561040e-01 1.376000e-03 3.425200e-01
403 6.558480e-01 1.380000e-03 3.427720e-01
404 6.556440e-01 1.388000e-03 3.429680e-01
405 6.554800e-01 1.316000e-03 3.432040e-01
406 6.552360e-01 1.304000e-03 3.434600e-01
407 6.549320e-01 1.388000e-03 3.436800e-01
408 6.546960e-01 1.376000e-03 3.439280e-01
409 6.544120e-01 1.444000e-03 3.441440e-01
410 6.540880e-01 1.500000e-03 3.444120e-01
411 6.538440e-01 1.492000e-03 3.446640e-01
412 6.536560e-01 1.408000e-03 3.449360e-01
413 6.534280e-01 1.400000e-03 3.451720e-01
414 6.531960e-01 1.372000e-03 3.454320e-01
415 6.529720e-01 1.324000e-03 3.457040e-01
416 6.528440e-01 1.204000e-03 3.459520e-01
417 6.527120e-01 1.104000e-03 3.461840e-01
418 6.525560e-01 1.056000e-03 3.463880e-01
419 6.524080e-01 1.028000e-03 3.465640e-01
420 6.522640e-01 1.044000e-03 3.466920e-01
421 6.521040e-01 1.024000e-03 3.468720e-01
422 6.519800e-01 9.840000e-04 3.470360e-01
423 6.518600e-01 9.240000e-04 3.472160e-01
424 6.517360e-01 9.080000e-04 3.473560e-01
425 6.515920e-01 9.080000e-04 3.475000e-01
426 6.515080e-01 8.200000e-04 3.476720e-01
427 6.513680e-01 8.000000e-04 3.478320e-01
428 6.512320e-01 7.600000e-04 3.480080e-01
429 6.510560e-01 7.640000e-04 3.481800e-01
430 6.509040e-01 7.680000e-04 3.483280e-01
431 6.507040e-01 8.200000e-04 3.484760e-01
432 6.505480e-01 8.440000e-04 3.486080e-01
433 6.504040e-01 8.760000e-04 3.487200e-01
434 6.502600e-01 8.800000e-04 3.488600e-01
435 6.501160e-01 9.040000e-04 3.489800e-01
436 6.500080e-01 8.920000e-04 3.491000e-01
437 6.498720e-01 8.840000e-04 3.492440e-01
438 6.497680e-01 8.320000e-04 3.494000e-01
439 6.495800e-01 9.080000e-04 3.495120e-01
440 6.494520e-01 9.160000e-04 3.496320e-01
441 6.493120e-01 9.400000e-04 3.497480e-01
442 6.491520e-01 9.680000e-04 3.498800e-01
443 6.489920e-01 9.160000e-04 3.500920e-01
444 6.488880e-01 8.840000e-04 3.502280e-01
445 6.487800e-01 8.720000e-04 3.503480e-01
446 6.486560e-01 8.320000e-04 3.505120e-01
447 6.485440e-01 8.120000e-04 3.506440e-01
448 6.484440e-01 7.680000e-04 3.507880e-01
449 6.483760e-01 7.560000e-04 3.508680e-01
450 6.482560e-01 7.480000e-04 3.509960e-01
451 6.481480e-01 7.600000e-04 3.510920e-01
452 6.480560e-01 7.040000e-04 3.512400e-01
453 6.479080e-01 7.520000e-04 3.513400e-01
454 6.478160e-01 7.280000e-04 3.514560e-01
455 6.477480e-01 6.960000e-04 3.515560e-01
456 6.475960e-01 7.240000e-04 3.516800e-01
457 6.474920e-01 6.920000e-04 3.518160e-01
458 6.473960e-01 6.680000e-04 3.519360e-01
459 6.473080e-01 5.960000e-04 3.520960e-01
460 6.472120e-01 5.800000e-04 3.522080e-01
461 6.470800e-01 5.920000e-04 3.523280e-01
462 6.469200e-01 6.680000e-04 3.524120e-01
463 6.468240e-01 6.440000e-04 3.525320e-01
464 6.467120e-01 6.320000e-04 3.526560e-01
465 6.466120e-01 6.120000e-04 3.527760e-01
466 6.464440e-01 6.840000e-04 3.528720e-01
467 6.463120e-01 7.000000e-04 3.529880e-01
468 6.462160e-01 6.680000e-04 3.531160e-01
469 6.461560e-01 6.200000e-04 3.532240e-01
470 6.461040e-01 5.600000e-04 3.533360e-01
471 6.459920e-01 5.600000e-04 3.534480e-01
472 6.459000e-01 5.960000e-04 3.535040e-01
473 6.458320e-01 5.720000e-04 3.535960e-01
474 6.457640e-01 5.520000e-04 3.536840e-01
475 6.456680e-01 5.680000e-04 3.537640e-01
476 6.455880e-01 5.760000e-04 3.538360e-01
477 6.455200e-01 5.720000e-04 3.539080e-01
478 6.454800e-01 5.440000e-04 3.539760e-01
479 6.453920e-01 5.360000e-04 3.540720e-01
480 6.453240e-01 5.280000e-04 3.541480e-01
481 6.452160e-01 5.440000e-04 3.542400e-01
482 6.451320e-01 5.440000e-04 3.543240e-01
483 6.450520e-01 5.400000e-04 3.544080e-01
484 6.449600e-01 5.640000e-04 3.544760e-01
485 6.448640e-01 5.400000e-04 3.545960e-01
486 6.447840e-01 5.600000e-04 3.546560e-01
487 6.447200e-01 5.160000e-04 3.547640e-01
488 6.446240e-01 5.400000e-04 3.548360e-01
489 6.445280e-01 5.440000e-04 3.549280e-01
490 6.444600e-01 5.040000e-04 3.550360e-01
491 6.443280e-01 5.440000e-04 3.551280e-01
492 6.441880e-01 6.120000e-04 3.552000e-01
493 6.440760e-01 5.880000e-04 3.553360e-01
494 6.439920e-01 5.640000e-04 3.554440e-01
495 6.439400e-01 5.280000e-04 3.555320e-01
496 6.438840e-01 4.800000e-04 3.556360e-01
497 6.438080e-01 4.960000e-04 3.556960e-01
498 6.437040e-01 5.320000e-04 3.557640e-01
499 6.435960e-01 5.400000e-04 3.558640e-01
500 6.434920e-01 5.480000e-04 3.559600e-01
