1 9.991080e-01 7.880000e-04 1.040000e-04
2 9.985280e-01 1.180000e-03 2.920000e-04
3 9.978000e-01 1.632000e-03 5.680000e-04
4 9.969320e-01 2.140000e-03 9.280000e-04
5 9.960520e-01 2.664000e-03 1.284000e-03
6 9.952040e-01 3.064000e-03 1.732000e-03
7 9.942000e-01 3.480000e-03 2.320000e-03
8 9.931440e-01 3.936000e-03 2.920000e-03
9 9.920760e-01 4.356000e-03 3.568000e-03
10 9.909840e-01 4.704000e-03 4.312000e-03
11 9.898200e-01 5.040000e-03 5.140000e-03
12 9.884240e-01 5.508000e-03 6.068000e-03
13 9.872120e-01 5.816000e-03 6.972000e-03
14 9.859040e-01 6.068000e-03 8.028000e-03
15 9.845640e-01 6.400000e-03 9.036000e-03
16 9.831360e-01 6.708000e-03 1.015600e-02
17 9.817120e-01 6.948000e-03 1.134000e-02
18 9.801800e-01 7.220000e-03 1.260000e-02
19 9.787000e-01 7.568000e-03 1.373200e-02
20 9.771840e-01 7.632000e-03 1.518400e-02
21 9.757200e-01 7.788000e-03 1.649200e-02
22 9.739920e-01 8.184000e-03 1.782400e-02
23 9.725760e-01 8.100000e-03 1.932400e-02
24 9.709640e-01 8.280000e-03 2.075600e-02
25 9.694760e-01 8.224000e-03 2.230000e-02
26 9.678120e-01 8.412000e-03 2.377600e-02
27 9.661520e-01 8.568000e-03 2.528000e-02
28 9.645680e-01 8.676000e-03 2.675600e-02
29 9.631600e-01 8.488000e-03 2.835200e-02
30 9.616880e-01 8.524000e-03 2.978800e-02
31 9.600400e-01 8.696000e-03 3.126400e-02
32 9.584320e-01 8.756000e-03 3.281200e-02
33 9.568080e-01 8.896000e-03 3.429600e-02
34 9.551440e-01 9.072000e-03 3.578400e-02
35 9.535560e-01 8.936000e-03 3.750800e-02
36 9.519720e-01 8.968000e-03 3.906000e-02
37 9.501880e-01 9.116000e-03 4.069600e-02
38 9.485960e-01 9.156000e-03 4.224800e-02
39 9.469400e-01 9.184000e-03 4.387600e-02
40 9.451640e-01 9.360000e-03 4.547600e-02
41 9.433360e-01 9.420000e-03 4.724400e-02
42 9.418240e-01 9.392000e-03 4.878400e-02
43 9.401920e-01 9.308000e-03 5.050000e-02
44 9.385920e-01 9.328000e-03 5.208000e-02
45 9.368240e-01 9.488000e-03 5.368800e-02
46 9.351320e-01 9.336000e-03 5.553200e-02
47 9.333360e-01 9.508000e-03 5.715600e-02
48 9.315040e-01 9.452000e-03 5.904400e-02
49 9.298920e-01 9.488000e-03 6.062000e-02
50 9.282960e-01 9.620000e-03 6.208400e-02
51 9.266280e-01 9.624000e-03 6.374800e-02
52 9.249080e-01 9.740000e-03 6.535200e-02
53 9.232080e-01 9.728000e-03 6.706400e-02
54 9.213960e-01 9.744000e-03 6.886000e-02
55 9.196120e-01 9.916000e-03 7.047200e-02
56 9.177040e-01 1.010000e-02 7.219600e-02
57 9.159440e-01 1.011600e-02 7.394000e-02
58 9.141240e-01 1.023200e-02 7.564400e-02
59 9.125320e-01 1.006400e-02 7.740400e-02
60 9.107720e-01 9.976000e-03 7.925200e-02
61 9.091240e-01 9.900000e-03 8.097600e-02
62 9.072600e-01 1.003600e-02 8.270400e-02
63 9.054600e-01 1.006400e-02 8.447600e-02
64 9.037040e-01 1.014400e-02 8.615200e-02
65 9.018800e-01 1.009200e-02 8.802800e-02
66 9.001560e-01 9.928000e-03 8.991600e-02
67 8.985200e-01 9.852000e-03 9.162800e-02
68 8.968640e-01 9.748000e-03 9.338800e-02
69 8.954200e-01 9.512000e-03 9.506800e-02
70 8.938480e-01 9.528000e-03 9.662400e-02
71 8.921240e-01 9.444000e-03 9.843200e-02
72 8.904480e-01 9.576000e-03 9.997600e-02
73 8.885920e-01 9.728000e-03 1.016800e-01
74 8.869200e-01 9.724000e-03 1.033560e-01
75 8.850640e-01 9.844000e-03 1.050920e-01
76 8.832760e-01 9.920000e-03 1.068040e-01
77 8.815040e-01 1.005600e-02 1.084400e-01
78 8.797280e-01 1.016800e-02 1.101040e-01
79 8.779080e-01 1.020000e-02 1.118920e-01
80 8.761440e-01 1.026400e-02 1.135920e-01
81 8.742240e-01 1.053600e-02 1.152400e-01
82 8.722240e-01 1.061600e-02 1.171600e-01
83 8.703720e-01 1.055200e-02 1.190760e-01
84 8.684960e-01 1.056000e-02 1.209440e-01
85 8.666760e-01 1.055600e-02 1.227680e-01
86 8.648640e-01 1.066000e-02 1.244760e-01
87 8.630360e-01 1.062000e-02 1.263440e-01
88 8.613160e-01 1.060800e-02 1.280760e-01
89 8.595040e-01 1.046000e-02 1.300360e-01
90 8.577080e-01 1.026000e-02 1.320320e-01
91 8.559640e-01 1.012000e-02 1.339160e-01
92 8.541160e-01 1.029600e-02 1.355880e-01
93 8.522480e-01 1.036800e-02 1.373840e-01
94 8.504400e-01 1.045200e-02 1.391080e-01
95 8.487320e-01 1.015200e-02 1.411160e-01
96 8.469800e-01 1.007600e-02 1.429440e-01
97 8.454280e-01 9.928000e-03 1.446440e-01
98 8.438360e-01 9.876000e-03 1.462880e-01
99 8.420840e-01 9.868000e-03 1.480480e-01
100 8.403120e-01 9.952000e-03 1.497360e-01
101 8.385560e-01 9.996000e-03 1.514480e-01
102 8.368480e-01 9.880000e-03 1.532720e-01
103 8.351800e-01 9.700000e-03 1.551200e-01
104 8.336880e-01 9.508000e-03 1.568040e-01
105 8.319080e-01 9.588000e-03 1.585040e-01
106 8.303320e-01 9.456000e-03 1.602120e-01
107 8.286720e-01 9.404000e-03 1.619240e-01
108 8.270800e-01 9.372000e-03 1.635480e-01
109 8.254720e-01 9.288000e-03 1.652400e-01
110 8.238720e-01 9.256000e-03 1.668720e-01
111 8.222760e-01 9.268000e-03 1.684560e-01
112 8.206360e-01 9.364000e-03 1.700000e-01
113 8.191280e-01 9.216000e-03 1.716560e-01
114 8.175440e-01 9.272000e-03 1.731840e-01
115 8.158760e-01 9.368000e-03 1.747560e-01
116 8.140320e-01 9.592000e-03 1.763760e-01
117 8.122840e-01 9.700000e-03 1.780160e-01
118 8.105840e-01 9.556000e-03 1.798600e-01
119 8.089680e-01 9.448000e-03 1.815840e-01
120 8.073280e-01 9.420000e-03 1.832520e-01
121 8.056840e-01 9.240000e-03 1.850760e-01
122 8.040800e-01 9.184000e-03 1.867360e-01
123 8.023480e-01 9.400000e-03 1.882520e-01
124 8.006400e-01 9.532000e-03 1.898280e-01
125 7.989960e-01 9.456000e-03 1.915480e-01
126 7.972560e-01 9.560000e-03 1.931840e-01
127 7.956240e-01 9.492000e-03 1.948840e-01
128 7.942280e-01 9.384000e-03 1.963880e-01
129 7.926360e-01 9.360000e-03 1.980040e-01
130 7.910400e-01 9.260000e-03 1.997000e-01
131 7.895960e-01 9.132000e-03 2.012720e-01
132 7.879880e-01 9.280000e-03 2.027320e-01
133 7.864440e-01 9.188000e-03 2.043680e-01
134 7.848680e-01 9.164000e-03 2.059680e-01
135 7.833680e-01 9.088000e-03 2.075440e-01
136 7.817880e-01 8.972000e-03 2.092400e-01
137 7.803920e-01 8.848000e-03 2.107600e-01
138 7.789760e-01 8.644000e-03 2.123800e-01
139 7.775920e-01 8.568000e-03 2.138400e-01
140 7.761640e-01 8.420000e-03 2.154160e-01
141 7.747920e-01 8.400000e-03 2.168080e-01
142 7.733520e-01 8.352000e-03 2.182960e-01
143 7.720560e-01 8.224000e-03 2.197200e-01
144 7.707120e-01 8.184000e-03 2.211040e-01
145 7.693960e-01 7.924000e-03 2.226800e-01
146 7.681080e-01 7.872000e-03 2.240200e-01
147 7.668520e-01 7.820000e-03 2.253280e-01
148 7.655080e-01 7.820000e-03 2.266720e-01
149 7.641840e-01 7.820000e-03 2.279960e-01
150 7.627720e-01 7.904000e-03 2.293240e-01
151 7.614680e-01 7.984000e-03 2.305480e-01
152 7.602400e-01 7.848000e-03 2.319120e-01
153 7.588800e-01 7.700000e-03 2.334200e-01
154 7.577360e-01 7.460000e-03 2.348040e-01
155 7.564760e-01 7.372000e-03 2.361520e-01
156 7.552520e-01 7.444000e-03 2.373040e-01
157 7.539160e-01 7.452000e-03 2.386320e-01
158 7.525840e-01 7.456000e-03 2.399600e-01
159 7.513000e-01 7.452000e-03 2.412480e-01
160 7.501480e-01 7.240000e-03 2.426120e-01
161 7.489120e-01 7.064000e-03 2.440240e-01
162 7.476880e-01 7.128000e-03 2.451840e-01
163 7.465440e-01 7.008000e-03 2.464480e-01
164 7.454280e-01 6.996000e-03 2.475760e-01
165 7.443720e-01 6.872000e-03 2.487560e-01
166 7.431800e-01 6.796000e-03 2.500240e-01
167 7.420040e-01 6.684000e-03 2.513120e-01
168 7.408880e-01 6.556000e-03 2.525560e-01
169 7.397360e-01 6.528000e-03 2.537360e-01
170 7.385800e-01 6.592000e-03 2.548280e-01
171 7.374560e-01 6.556000e-03 2.559880e-01
172 7.362720e-01 6.556000e-03 2.571720e-01
173 7.351520e-01 6.560000e-03 2.582880e-01
174 7.340000e-01 6.564000e-03 2.594360e-01
175 7.329280e-01 6.504000e-03 2.605680e-01
176 7.316960e-01 6.560000e-03 2.617440e-01
177 7.304560e-01 6.572000e-03 2.629720e-01
178 7.292080e-01 6.708000e-03 2.640840e-01
179 7.278800e-01 6.880000e-03 2.652400e-01
180 7.266520e-01 6.968000e-03 2.663800e-01
181 7.254360e-01 6.832000e-03 2.677320e-01
182 7.243520e-01 6.696000e-03 2.689520e-01
183 7.232000e-01 6.520000e-03 2.702800e-01
184 7.220280e-01 6.552000e-03 2.714200e-01
185 7.209200e-01 6.428000e-03 2.726520e-01
186 7.198880e-01 6.300000e-03 2.738120e-01
187 7.189400e-01 6.024000e-03 2.750360e-01
188 7.179720e-01 6.000000e-03 2.760280e-01
189 7.170400e-01 5.924000e-03 2.770360e-01
190 7.160760e-01 5.888000e-03 2.780360e-01
191 7.152680e-01 5.704000e-03 2.790280e-01
192 7.145760e-01 5.404000e-03 2.800200e-01
193 7.137920e-01 5.244000e-03 2.809640e-01
194 7.130280e-01 5.128000e-03 2.818440e-01
195 7.123960e-01 4.888000e-03 2.827160e-01
196 7.116200e-01 4.736000e-03 2.836440e-01
197 7.108120e-01 4.724000e-03 2.844640e-01
198 7.100240e-01 4.736000e-03 2.852400e-01
199 7.090680e-01 4.856000e-03 2.860760e-01
200 7.081400e-01 4.932000e-03 2.869280e-01
201 7.072720e-01 4.976000e-03 2.877520e-01
202 7.065840e-01 4.812000e-03 2.886040e-01
203 7.058240e-01 4.744000e-03 2.894320e-01
204 7.050640e-01 4.740000e-03 2.901960e-01
205 7.043560e-01 4.640000e-03 2.910040e-01
206 7.036320e-01 4.496000e-03 2.918720e-01
207 7.029960e-01 4.372000e-03 2.926320e-01
208 7.023080e-01 4.360000e-03 2.933320e-01
209 7.016520e-01 4.276000e-03 2.940720e-01
210 7.009920e-01 4.200000e-03 2.948080e-01
211 7.003320e-01 4.180000e-03 2.954880e-01
212 6.995720e-01 4.220000e-03 2.962080e-01
213 6.988120e-01 4.196000e-03 2.969920e-01
214 6.980240e-01 4.192000e-03 2.977840e-01
215 6.972560e-01 4.224000e-03 2.985200e-01
216 6.966360e-01 4.068000e-03 2.992960e-01
217 6.958800e-01 4.204000e-03 2.999160e-01
218 6.951280e-01 4.228000e-03 3.006440e-01
219 6.943120e-01 4.260000e-03 3.014280e-01
220 6.935480e-01 4.348000e-03 3.021040e-01
221 6.927000e-01 4.368000e-03 3.029320e-01
222 6.919200e-01 4.344000e-03 3.037360e-01
223 6.909760e-01 4.520000e-03 3.045040e-01
224 6.902000e-01 4.484000e-03 3.053160e-01
225 6.892920e-01 4.564000e-03 3.061440e-01
226 6.884360e-01 4.504000e-03 3.070600e-01
227 6.876800e-01 4.416000e-03 3.079040e-01
228 6.868920e-01 4.496000e-03 3.086120e-01
229 6.860200e-01 4.624000e-03 3.093560e-01
230 6.852240e-01 4.596000e-03 3.101800e-01
231 6.843840e-01 4.516000e-03 3.111000e-01
232 6.836520e-01 4.416000e-03 3.119320e-01
233 6.828720e-01 4.456000e-03 3.126720e-01
234 6.821200e-01 4.436000e-03 3.134440e-01
235 6.814320e-01 4.340000e-03 3.142280e-01
236 6.806200e-01 4.352000e-03 3.150280e-01
237 6.798920e-01 4.348000e-03 3.157600e-01
238 6.791680e-01 4.216000e-03 3.166160e-01
239 6.784440e-01 4.272000e-03 3.172840e-01
240 6.776880e-01 4.264000e-03 3.180480e-01
241 6.768160e-01 4.452000e-03 3.187320e-01
242 6.761080e-01 4.292000e-03 3.196000e-01
243 6.753880e-01 4.212000e-03 3.204000e-01
244 6.746720e-01 4.148000e-03 3.211800e-01
245 6.738920e-01 4.216000e-03 3.218920e-01
246 6.732080e-01 4.180000e-03 3.226120e-01
247 6.725120e-01 4.116000e-03 3.233720e-01
248 6.717600e-01 4.164000e-03 3.240760e-01
249 6.710120e-01 4.172000e-03 3.248160e-01
250 6.703240e-01 4.136000e-03 3.255400e-01
251 6.695800e-01 4.224000e-03 3.261960e-01
252 6.687680e-01 4.292000e-03 3.269400e-01
253 6.679800e-01 4.376000e-03 3.276440e-01
254 6.672760e-01 4.336000e-03 3.283880e-01
255 6.664240e-01 4.328000e-03 3.292480e-01
256 6.657560e-01 4.292000e-03 3.299520e-01
257 6.650120e-01 4.276000e-03 3.307120e-01
258 6.642760e-01 4.280000e-03 3.314440e-01
259 6.635600e-01 4.224000e-03 3.322160e-01
260 6.628480e-01 4.156000e-03 3.329960e-01
261 6.620800e-01 4.176000e-03 3.337440e-01
262 6.611240e-01 4.324000e-03 3.345520e-01
263 6.604400e-01 4.292000e-03 3.352680e-01
264 6.596360e-01 4.312000e-03 3.360520e-01
265 6.589600e-01 4.268000e-03 3.367720e-01
266 6.582080e-01 4.304000e-03 3.374880e-01
267 6.575360e-01 4.336000e-03 3.381280e-01
268 6.568880e-01 4.280000e-03 3.388320e-01
269 6.561960e-01 4.260000e-03 3.395440e-01
270 6.556000e-01 4.132000e-03 3.402680e-01
271 6.549640e-01 4.000000e-03 3.410360e-01
272 6.542360e-01 4.064000e-03 3.417000e-01
273 6.535880e-01 4.000000e-03 3.424120e-01
274 6.530080e-01 3.832000e-03 3.431600e-01
275 6.522560e-01 3.836000e-03 3.439080e-01
276 6.516520e-01 3.736000e-03 3.446120e-01
277 6.509680e-01 3.748000e-03 3.452840e-01
278 6.503240e-01 3.708000e-03 3.459680e-01
279 6.496600e-01 3.708000e-03 3.466320e-01
280 6.490760e-01 3.720000e-03 3.472040e-01
281 6.483760e-01 3.748000e-03 3.478760e-01
282 6.478240e-01 3.688000e-03 3.484880e-01
283 6.471680e-01 3.728000e-03 3.491040e-01
284 6.466160e-01 3.632000e-03 3.497520e-01
285 6.460600e-01 3.544000e-03 3.503960e-01
286 6.455240e-01 3.544000e-03 3.509320e-01
287 6.450160e-01 3.440000e-03 3.515440e-01
288 6.444800e-01 3.404000e-03 3.521160e-01
289 6.438280e-01 3.464000e-03 3.527080e-01
290 6.432000e-01 3.472000e-03 3.533280e-01
291 6.425760e-01 3.520000e-03 3.539040e-01
292 6.419920e-01 3.500000e-03 3.545080e-01
293 6.414040e-01 3.488000e-03 3.551080e-01
294 6.407560e-01 3.584000e-03 3.556600e-01
295 6.401080e-01 3.620000e-03 3.562720e-01
296 6.395320e-01 3.572000e-03 3.568960e-01
297 6.389600e-01 3.484000e-03 3.575560e-01
298 6.383720e-01 3.408000e-03 3.582200e-01
299 6.378080e-01 3.440000e-03 3.587520e-01
300 6.372960e-01 3.404000e-03 3.593000e-01
301 6.367560e-01 3.308000e-03 3.599360e-01
302 6.362960e-01 3.128000e-03 3.605760e-01
303 6.358440e-01 2.980000e-03 3.611760e-01
304 6.354120e-01 2.948000e-03 3.616400e-01
305 6.349520e-01 2.912000e-03 3.621360e-01
306 6.344600e-01 2.904000e-03 3.626360e-01
307 6.338840e-01 2.992000e-03 3.631240e-01
308 6.333200e-01 3.076000e-03 3.636040e-01
309 6.327920e-01 3.092000e-03 3.641160e-01
310 6.322280e-01 3.108000e-03 3.646640e-01
311 6.316840e-01 3.100000e-03 3.652160e-01
312 6.311720e-01 3.072000e-03 3.657560e-01
313 6.308080e-01 2.940000e-03 3.662520e-01
314 6.304320e-01 2.764000e-03 3.668040e-01
315 6.299840e-01 2.732000e-03 3.672840e-01
316 6.296240e-01 2.608000e-03 3.677680e-01
317 6.291720e-01 2.612000e-03 3.682160e-01
318 6.287880e-01 2.552000e-03 3.686600e-01
319 6.283440e-01 2.544000e-03 3.691120e-01
320 6.279800e-01 2.556000e-03 3.694640e-01
321 6.275320e-01 2.568000e-03 3.699000e-01
322 6.270840e-01 2.572000e-03 3.703440e-01
323 6.267200e-01 2.504000e-03 3.707760e-01
324 6.262720e-01 2.496000e-03 3.712320e-01
325 6.258440e-01 2.532000e-03 3.716240e-01
326 6.254360e-01 2.456000e-03 3.721080e-01
327 6.249960e-01 2.476000e-03 3.725280e-01
328 6.244680e-01 2.544000e-03 3.729880e-01
329 6.239840e-01 2.600000e-03 3.734160e-01
330 6.235840e-01 2.552000e-03 3.738640e-01
331 6.231320e-01 2.600000e-03 3.742680e-01
332 6.226240e-01 2.716000e-03 3.746600e-01
333 6.220800e-01 2.748000e-03 3.751720e-01
334 6.215440e-01 2.844000e-03 3.756120e-01
335 6.210400e-01 2.872000e-03 3.760880e-01
336 6.206120e-01 2.824000e-03 3.765640e-01
337 6.201640e-01 2.744000e-03 3.770920e-01
338 6.197720e-01 2.708000e-03 3.775200e-01
339 6.192920e-01 2.684000e-03 3.780240e-01
340 6.189000e-01 2.604000e-03 3.784960e-01
341 6.185080e-01 2.520000e-03 3.789720e-01
342 6.180400e-01 2.488000e-03 3.794720e-01
343 6.176520e-01 2.412000e-03 3.799360e-01
344 6.172400e-01 2.356000e-03 3.804040e-01
345 6.169000e-01 2.280000e-03 3.808200e-01
346 6.165800e-01 2.264000e-03 3.811560e-01
347 6.162400e-01 2.244000e-03 3.815160e-01
348 6.158880e-01 2.196000e-03 3.819160e-01
349 6.155560e-01 2.236000e-03 3.822080e-01
350 6.153000e-01 2.152000e-03 3.825480e-01
351 6.149880e-01 2.084000e-03 3.829280e-01
352 6.145320e-01 2.180000e-03 3.832880e-01
353 6.141680e-01 2.196000e-03 3.836360e-01
354 6.137880e-01 2.188000e-03 3.840240e-01
355 6.134560e-01 2.136000e-03 3.844080e-01
356 6.131920e-01 2.060000e-03 3.847480e-01
357 6.128680e-01 2.040000e-03 3.850920e-01
358 6.125440e-01 2.020000e-03 3.854360e-01
359 6.122080e-01 2.000000e-03 3.857920e-01
360 6.119640e-01 1.880000e-03 3.861560e-01
361 6.117120e-01 1.796000e-03 3.864920e-01
362 6.113800e-01 1.856000e-03 3.867640e-01
363 6.110920e-01 1.776000e-03 3.871320e-01
364 6.108320e-01 1.688000e-03 3.874800e-01
365 6.105800e-01 1.644000e-03 3.877760e-01
366 6.103360e-01 1.604000e-03 3.880600e-01
367 6.100080e-01 1.632000e-03 3.883600e-01
368 6.097000e-01 1.676000e-03 3.886240e-01
369 6.094520e-01 1.660000e-03 3.888880e-01
370 6.091760e-01 1.672000e-03 3.891520e-01
371 6.089240e-01 1.712000e-03 3.893640e-01
372 6.086600e-01 1.620000e-03 3.897200e-01
373 6.084080e-01 1.532000e-03 3.900600e-01
374 6.081600e-01 1.488000e-03 3.903520e-01
375 6.079360e-01 1.428000e-03 3.906360e-01
376 6.076760e-01 1.408000e-03 3.909160e-01
377 6.074840e-01 1.364000e-03 3.911520e-01
378 6.072760e-01 1.344000e-03 3.913800e-01
379 6.070840e-01 1.304000e-03 3.916120e-01
380 6.068920e-01 1.228000e-03 3.918800e-01
381 6.067360e-01 1.164000e-03 3.921000e-01
382 6.065280e-01 1.172000e-03 3.923000e-01
383 6.063520e-01 1.200000e-03 3.924480e-01
384 6.061640e-01 1.236000e-03 3.926000e-01
385 6.059520e-01 1.256000e-03 3.927920e-01
386 6.057720e-01 1.200000e-03 3.930280e-01
387 6.055680e-01 1.192000e-03 3.932400e-01
388 6.053760e-01 1.192000e-03 3.934320e-01
389 6.051640e-01 1.160000e-03 3.936760e-01
390 6.049760e-01 1.136000e-03 3.938880e-01
391 6.047760e-01 1.136000e-03 3.940880e-01
392 6.046120e-01 1.156000e-03 3.942320e-01
393 6.044000e-01 1.160000e-03 3.944400e-01
394 6.041800e-01 1.164000e-03 3.946560e-01
395 6.039560e-01 1.160000e-03 3.948840e-01
396 6.036840e-01 1.252000e-03 3.950640e-01
397 6.034720e-01 1.264000e-03 3.952640e-01
398 6.032800e-01 1.232000e-03 3.954880e-01
399 6.030240e-01 1.272000e-03 3.957040e-01
400 6.028280e-01 1.224000e-03 3.959480e-01
401 6.026200e-01 1.228000e-03 3.961520e-01
402 6.024360e-01 1.192000e-03 3.963720e-01
403 6.022720e-01 1.144000e-03 3.965840e-01
404 6.020880e-01 1.156000e-03 3.967560e-01
405 6.018920e-01 1.096000e-03 3.970120e-01
406 6.017120e-01 1.156000e-03 3.971320e-01
407 6.015320e-01 1.104000e-03 3.973640e-01
408 6.013720e-01 1.060000e-03 3.975680e-01
409 6.012360e-01 1.016000e-03 3.977480e-01
410 6.010880e-01 9.800000e-04 3.979320e-01
411 6.009320e-01 9.800000e-04 3.980880e-01
412 6.007960e-01 9.400000e-04 3.982640e-01
413 6.006320e-01 9.400000e-04 3.984280e-01
414 6.004680e-01 9.520000e-04 3.985800e-01
415 6.003360e-01 9.080000e-04 3.987560e-01
416 6.001360e-01 9.720000e-04 3.988920e-01
417 5.999560e-01 9.960000e-04 3.990480e-01
418 5.997960e-01 9.760000e-04 3.992280e-01
419 5.996440e-01 9.760000e-04 3.993800e-01
420 5.994400e-01 9.560000e-04 3.996040e-01
421 5.993040e-01 9.240000e-04 3.997720e-01
422 5.991640e-01 8.760000e-04 3.999600e-01
423 5.989720e-01 9.320000e-04 4.000960e-01
424 5.987360e-01 9.680000e-04 4.002960e-01
425 5.985000e-01 1.012000e-03 4.004880e-01
426 5.983280e-01 1.036000e-03 4.006360e-01
427 5.981720e-01 1.000000e-03 4.008280e-01
428 5.979720e-01 1.020000e-03 4.010080e-01
429 5.978280e-01 1.004000e-03 4.011680e-01
430 5.977080e-01 9.200000e-04 4.013720e-01
431 5.975920e-01 9.160000e-04 4.014920e-01
432 5.974480e-01 9.200000e-04 4.016320e-01
433 5.972920e-01 9.160000e-04 4.017920e-01
434 5.971560e-01 9.080000e-04 4.019360e-01
435 5.970120e-01 8.920000e-04 4.020960e-01
436 5.968440e-01 8.760000e-04 4.022800e-01
437 5.966800e-01 9.120000e-04 4.024080e-01
438 5.965440e-01 9.200000e-04 4.025360e-01
439 5.963880e-01 9.160000e-04 4.026960e-01
440 5.962480e-01 9.000000e-04 4.028520e-01
441 5.961040e-01 8.760000e-04 4.030200e-01
442 5.959320e-01 8.880000e-04 4.031800e-01
443 5.957800e-01 8.640000e-04 4.033560e-01
444 5.956240e-01 9.080000e-04 4.034680e-01
445 5.955360e-01 8.560000e-04 4.036080e-01
446 5.953880e-01 8.480000e-04 4.037640e-01
447 5.952280e-01 8.200000e-04 4.039520e-01
448 5.950760e-01 8.680000e-04 4.040560e-01
449 5.948400e-01 9.760000e-04 4.041840e-01
450 5.946480e-01 1.020000e-03 4.043320e-01
451 5.945120e-01 1.004000e-03 4.044840e-01
452 5.943400e-01 1.036000e-03 4.046240e-01
453 5.942120e-01 1.004000e-03 4.047840e-01
454 5.940120e-01 1.032000e-03 4.049560e-01
455 5.939080e-01 9.720000e-04 4.051200e-01
456 5.937680e-01 9.200000e-04 4.053120e-01
457 5.936320e-01 8.800000e-04 4.054880e-01
458 5.934800e-01 9.000000e-04 4.056200e-01
459 5.933520e-01 8.800000e-04 4.057680e-01
460 5.931920e-01 8.880000e-04 4.059200e-01
461 5.930480e-01 8.880000e-04 4.060640e-01
462 5.929120e-01 8.800000e-04 4.062080e-01
463 5.926680e-01 9.840000e-04 4.063480e-01
464 5.924520e-01 1.008000e-03 4.065400e-01
465 5.922680e-01 1.004000e-03 4.067280e-01
466 5.921080e-01 9.920000e-04 4.069000e-01
467 5.919040e-01 1.028000e-03 4.070680e-01
468 5.917160e-01 1.060000e-03 4.072240e-01
469 5.915640e-01 1.044000e-03 4.073920e-01
470 5.914320e-01 9.840000e-04 4.075840e-01
471 5.912960e-01 9.320000e-04 4.077720e-01
472 5.911760e-01 9.080000e-04 4.079160e-01
473 5.910240e-01 8.960000e-04 4.080800e-01
474 5.909080e-01 8.440000e-04 4.082480e-01
475 5.907600e-01 8.160000e-04 4.084240e-01
476 5.905880e-01 8.680000e-04 4.085440e-01
477 5.904400e-01 9.040000e-04 4.086560e-01
478 5.902280e-01 9.960000e-04 4.087760e-01
479 5.899880e-01 1.044000e-03 4.089680e-01
480 5.898440e-01 1.004000e-03 4.091520e-01
481 5.896880e-01 9.400000e-04 4.093720e-01
482 5.896000e-01 8.800000e-04 4.095200e-01
483 5.894440e-01 8.720000e-04 4.096840e-01
484 5.893120e-01 8.440000e-04 4.098440e-01
485 5.891920e-01 8.560000e-04 4.099520e-01
486 5.890400e-01 8.440000e-04 4.101160e-01
487 5.889080e-01 8.440000e-04 4.102480e-01
488 5.888040e-01 7.800000e-04 4.104160e-01
489 5.886840e-01 7.600000e-04 4.105560e-01
490 5.885680e-01 7.520000e-04 4.106800e-01
491 5.884080e-01 7.560000e-04 4.108360e-01
492 5.882760e-01 7.920000e-04 4.109320e-01
493 5.881400e-01 7.760000e-04 4.110840e-01
494 5.879760e-01 8.160000e-04 4.112080e-01
495 5.878640e-01 7.840000e-04 4.113520e-01
496 5.877000e-01 8.160000e-04 4.114840e-01
497 5.875160e-01 8.360000e-04 4.116480e-01
498 5.873880e-01 7.880000e-04 4.118240e-01
499 5.871520e-01 8.840000e-04 4.119640e-01
500 5.870120e-01 8.920000e-04 4.120960e-01
