1 9.991840e-01 7.280000e-04 8.800000e-05
2 9.986480e-01 1.100000e-03 2.520000e-04
3 9.979800e-01 1.540000e-03 4.800000e-04
4 9.971760e-01 1.996000e-03 8.280000e-04
5 9.964520e-01 2.356000e-03 1.192000e-03
6 9.955480e-01 2.776000e-03 1.676000e-03
7 9.946360e-01 3.200000e-03 2.164000e-03
8 9.935200e-01 3.756000e-03 2.724000e-03
9 9.924480e-01 4.096000e-03 3.456000e-03
10 9.912840e-01 4.516000e-03 4.200000e-03
11 9.901200e-01 4.956000e-03 4.924000e-03
12 9.888640e-01 5.300000e-03 5.836000e-03
13 9.876560e-01 5.480000e-03 6.864000e-03
14 9.864680e-01 5.704000e-03 7.828000e-03
15 9.852800e-01 5.808000e-03 8.912000e-03
16 9.840720e-01 5.992000e-03 9.936000e-03
17 9.829640e-01 6.168000e-03 1.086800e-02
18 9.816640e-01 6.356000e-03 1.198000e-02
19 9.803080e-01 6.592000e-03 1.310000e-02
20 9.789320e-01 6.732000e-03 1.433600e-02
21 9.776240e-01 6.884000e-03 1.549200e-02
22 9.763400e-01 6.952000e-03 1.670800e-02
23 9.748280e-01 7.240000e-03 1.793200e-02
24 9.733640e-01 7.420000e-03 1.921600e-02
25 9.718600e-01 7.640000e-03 2.050000e-02
26 9.703040e-01 7.796000e-03 2.190000e-02
27 9.686360e-01 8.064000e-03 2.330000e-02
28 9.671400e-01 8.196000e-03 2.466400e-02
29 9.655400e-01 8.292000e-03 2.616800e-02
30 9.640120e-01 8.296000e-03 2.769200e-02
31 9.624960e-01 8.244000e-03 2.926000e-02
32 9.609240e-01 8.488000e-03 3.058800e-02
33 9.593320e-01 8.596000e-03 3.207200e-02
34 9.576760e-01 8.756000e-03 3.356800e-02
35 9.561920e-01 8.668000e-03 3.514000e-02
36 9.545760e-01 8.728000e-03 3.669600e-02
37 9.529480e-01 8.860000e-03 3.819200e-02
38 9.513000e-01 8.976000e-03 3.972400e-02
39 9.496440e-01 8.964000e-03 4.139200e-02
40 9.479880e-01 9.032000e-03 4.298000e-02
41 9.463600e-01 9.024000e-03 4.461600e-02
42 9.448040e-01 9.020000e-03 4.617600e-02
43 9.432880e-01 9.024000e-03 4.768800e-02
44 9.416840e-01 9.092000e-03 4.922400e-02
45 9.401600e-01 8.996000e-03 5.084400e-02
46 9.386200e-01 9.016000e-03 5.236400e-02
47 9.371720e-01 8.976000e-03 5.385200e-02
48 9.355800e-01 8.980000e-03 5.544000e-02
49 9.340800e-01 8.844000e-03 5.707600e-02
50 9.327160e-01 8.636000e-03 5.864800e-02
51 9.311320e-01 8.800000e-03 6.006800e-02
52 9.296400e-01 8.792000e-03 6.156800e-02
53 9.280360e-01 9.036000e-03 6.292800e-02
54 9.264360e-01 9.024000e-03 6.454000e-02
55 9.248200e-01 9.008000e-03 6.617200e-02
56 9.231960e-01 9.076000e-03 6.772800e-02
57 9.216920e-01 8.972000e-03 6.933600e-02
58 9.202560e-01 8.752000e-03 7.099200e-02
59 9.187400e-01 8.748000e-03 7.251200e-02
60 9.172440e-01 8.680000e-03 7.407600e-02
61 9.156960e-01 8.772000e-03 7.553200e-02
62 9.142280e-01 8.620000e-03 7.715200e-02
63 9.127440e-01 8.528000e-03 7.872800e-02
64 9.111160e-01 8.648000e-03 8.023600e-02
65 9.095920e-01 8.648000e-03 8.176000e-02
66 9.080680e-01 8.696000e-03 8.323600e-02
67 9.064920e-01 8.784000e-03 8.472400e-02
68 9.049320e-01 8.776000e-03 8.629200e-02
69 9.032080e-01 8.884000e-03 8.790800e-02
70 9.015880e-01 8.740000e-03 8.967200e-02
71 8.998960e-01 8.872000e-03 9.123200e-02
72 8.982560e-01 8.844000e-03 9.290000e-02
73 8.965840e-01 8.948000e-03 9.446800e-02
74 8.949560e-01 9.084000e-03 9.596000e-02
75 8.934800e-01 8.976000e-03 9.754400e-02
76 8.919120e-01 9.036000e-03 9.905200e-02
77 8.903040e-01 9.128000e-03 1.005680e-01
78 8.888280e-01 9.024000e-03 1.021480e-01
79 8.873040e-01 8.936000e-03 1.037600e-01
80 8.856600e-01 9.020000e-03 1.053200e-01
81 8.840280e-01 9.176000e-03 1.067960e-01
82 8.823440e-01 9.300000e-03 1.083560e-01
83 8.807120e-01 9.316000e-03 1.099720e-01
84 8.790000e-01 9.392000e-03 1.116080e-01
85 8.775280e-01 9.044000e-03 1.134280e-01
86 8.761000e-01 8.864000e-03 1.150360e-01
87 8.745840e-01 8.856000e-03 1.165600e-01
88 8.731160e-01 8.748000e-03 1.181360e-01
89 8.716960e-01 8.612000e-03 1.196920e-01
90 8.702280e-01 8.552000e-03 1.212200e-01
91 8.686440e-01 8.560000e-03 1.227960e-01
92 8.670440e-01 8.628000e-03 1.243280e-01
93 8.654280e-01 8.772000e-03 1.258000e-01
94 8.638320e-01 8.884000e-03 1.272840e-01
95 8.624600e-01 8.776000e-03 1.287640e-01
96 8.608720e-01 8.844000e-03 1.302840e-01
97 8.593280e-01 8.972000e-03 1.317000e-01
98 8.577120e-01 8.916000e-03 1.333720e-01
99 8.561680e-01 8.916000e-03 1.349160e-01
100 8.546360e-01 8.892000e-03 1.364720e-01
101 8.530640e-01 8.860000e-03 1.380760e-01
102 8.516400e-01 8.804000e-03 1.395560e-01
103 8.501920e-01 8.768000e-03 1.410400e-01
104 8.485880e-01 8.828000e-03 1.425840e-01
105 8.469120e-01 9.004000e-03 1.440840e-01
106 8.452840e-01 9.000000e-03 1.457160e-01
107 8.438320e-01 8.864000e-03 1.473040e-01
108 8.422040e-01 9.004000e-03 1.487920e-01
109 8.407280e-01 9.020000e-03 1.502520e-01
110 8.392280e-01 8.944000e-03 1.518280e-01
111 8.377720e-01 8.944000e-03 1.532840e-01
112 8.362280e-01 8.992000e-03 1.547800e-01
113 8.346920e-01 8.920000e-03 1.563880e-01
114 8.332400e-01 8.848000e-03 1.579120e-01
115 8.317040e-01 8.836000e-03 1.594600e-01
116 8.301800e-01 8.792000e-03 1.610280e-01
117 8.287240e-01 8.712000e-03 1.625640e-01
118 8.273360e-01 8.612000e-03 1.640520e-01
119 8.257800e-01 8.680000e-03 1.655400e-01
120 8.243400e-01 8.628000e-03 1.670320e-01
121 8.228840e-01 8.524000e-03 1.685920e-01
122 8.213720e-01 8.564000e-03 1.700640e-01
123 8.197960e-01 8.508000e-03 1.716960e-01
124 8.183800e-01 8.412000e-03 1.732080e-01
125 8.169640e-01 8.352000e-03 1.746840e-01
126 8.155320e-01 8.428000e-03 1.760400e-01
127 8.140080e-01 8.540000e-03 1.774520e-01
128 8.124440e-01 8.692000e-03 1.788640e-01
129 8.110760e-01 8.576000e-03 1.803480e-01
130 8.097760e-01 8.472000e-03 1.817520e-01
131 8.082800e-01 8.544000e-03 1.831760e-01
132 8.069120e-01 8.408000e-03 1.846800e-01
133 8.055040e-01 8.328000e-03 1.861680e-01
134 8.039280e-01 8.484000e-03 1.875880e-01
135 8.024920e-01 8.396000e-03 1.891120e-01
136 8.009520e-01 8.560000e-03 1.904880e-01
137 7.994120e-01 8.608000e-03 1.919800e-01
138 7.980120e-01 8.548000e-03 1.934400e-01
139 7.964920e-01 8.484000e-03 1.950240e-01
140 7.950400e-01 8.468000e-03 1.964920e-01
141 7.936480e-01 8.484000e-03 1.978680e-01
142 7.922400e-01 8.412000e-03 1.993480e-01
143 7.908680e-01 8.380000e-03 2.007520e-01
144 7.895320e-01 8.336000e-03 2.021320e-01
145 7.882120e-01 8.168000e-03 2.036200e-01
146 7.868160e-01 8.056000e-03 2.051280e-01
147 7.854240e-01 8.072000e-03 2.065040e-01
148 7.842240e-01 7.996000e-03 2.077800e-01
149 7.829360e-01 7.980000e-03 2.090840e-01
150 7.816360e-01 7.896000e-03 2.104680e-01
151 7.803720e-01 7.848000e-03 2.117800e-01
152 7.791400e-01 7.640000e-03 2.132200e-01
153 7.780320e-01 7.504000e-03 2.144640e-01
154 7.768320e-01 7.432000e-03 2.157360e-01
155 7.754080e-01 7.552000e-03 2.170400e-01
156 7.741480e-01 7.612000e-03 2.182400e-01
157 7.727720e-01 7.720000e-03 2.195080e-01
158 7.714600e-01 7.660000e-03 2.208800e-01
159 7.701600e-01 7.524000e-03 2.223160e-01
160 7.689440e-01 7.464000e-03 2.235920e-01
161 7.677720e-01 7.396000e-03 2.248320e-01
162 7.665680e-01 7.248000e-03 2.261840e-01
163 7.654240e-01 7.124000e-03 2.274520e-01
164 7.643680e-01 6.932000e-03 2.287000e-01
165 7.632440e-01 6.868000e-03 2.298880e-01
166 7.621680e-01 6.776000e-03 2.310560e-01
167 7.609920e-01 6.764000e-03 2.322440e-01
168 7.597400e-01 6.752000e-03 2.335080e-01
169 7.586320e-01 6.640000e-03 2.347280e-01
170 7.574440e-01 6.532000e-03 2.360240e-01
171 7.564680e-01 6.324000e-03 2.372080e-01
172 7.553960e-01 6.260000e-03 2.383440e-01
173 7.543480e-01 6.116000e-03 2.395360e-01
174 7.533720e-01 6.112000e-03 2.405160e-01
175 7.522720e-01 6.232000e-03 2.414960e-01
176 7.511640e-01 6.292000e-03 2.425440e-01
177 7.500400e-01 6.324000e-03 2.436360e-01
178 7.487240e-01 6.456000e-03 2.448200e-01
179 7.475960e-01 6.352000e-03 2.460520e-01
180 7.464880e-01 6.344000e-03 2.471680e-01
181 7.453760e-01 6.336000e-03 2.482880e-01
182 7.442600e-01 6.408000e-03 2.493320e-01
183 7.431960e-01 6.324000e-03 2.504800e-01
184 7.421000e-01 6.268000e-03 2.516320e-01
185 7.411960e-01 5.984000e-03 2.528200e-01
186 7.402840e-01 5.844000e-03 2.538720e-01
187 7.393640e-01 5.796000e-03 2.548400e-01
188 7.384760e-01 5.696000e-03 2.558280e-01
189 7.375320e-01 5.620000e-03 2.568480e-01
190 7.365720e-01 5.612000e-03 2.578160e-01
191 7.355760e-01 5.608000e-03 2.588160e-01
192 7.346160e-01 5.680000e-03 2.597040e-01
193 7.338120e-01 5.452000e-03 2.607360e-01
194 7.327520e-01 5.592000e-03 2.616560e-01
195 7.317720e-01 5.644000e-03 2.625840e-01
196 7.307600e-01 5.668000e-03 2.635720e-01
197 7.295960e-01 5.824000e-03 2.645800e-01
198 7.286320e-01 5.824000e-03 2.655440e-01
199 7.276640e-01 5.788000e-03 2.665480e-01
200 7.265880e-01 5.772000e-03 2.676400e-01
201 7.256040e-01 5.736000e-03 2.686600e-01
202 7.246480e-01 5.704000e-03 2.696480e-01
203 7.237840e-01 5.560000e-03 2.706560e-01
204 7.228720e-01 5.540000e-03 2.715880e-01
205 7.218440e-01 5.648000e-03 2.725080e-01
206 7.208440e-01 5.668000e-03 2.734880e-01
207 7.199280e-01 5.612000e-03 2.744600e-01
208 7.189480e-01 5.604000e-03 2.754480e-01
209 7.179240e-01 5.656000e-03 2.764200e-01
210 7.168880e-01 5.660000e-03 2.774520e-01
211 7.159480e-01 5.624000e-03 2.784280e-01
212 7.150400e-01 5.552000e-03 2.794080e-01
213 7.140760e-01 5.616000e-03 2.803080e-01
214 7.132240e-01 5.564000e-03 2.812120e-01
215 7.122240e-01 5.548000e-03 2.822280e-01
216 7.113280e-01 5.440000e-03 2.832320e-01
217 7.104440e-01 5.472000e-03 2.840840e-01
218 7.094800e-01 5.500000e-03 2.850200e-01
219 7.085720e-01 5.420000e-03 2.860080e-01
220 7.075960e-01 5.488000e-03 2.869160e-01
221 7.066120e-01 5.620000e-03 2.877680e-01
222 7.056520e-01 5.588000e-03 2.887600e-01
223 7.045720e-01 5.632000e-03 2.897960e-01
224 7.036800e-01 5.488000e-03 2.908320e-01
225 7.028000e-01 5.476000e-03 2.917240e-01
226 7.019520e-01 5.344000e-03 2.927040e-01
227 7.010640e-01 5.328000e-03 2.936080e-01
228 7.002680e-01 5.272000e-03 2.944600e-01
229 6.993920e-01 5.104000e-03 2.955040e-01
230 6.986280e-01 4.952000e-03 2.964200e-01
231 6.978040e-01 4.960000e-03 2.972360e-01
232 6.970600e-01 4.888000e-03 2.980520e-01
233 6.963120e-01 4.788000e-03 2.989000e-01
234 6.956160e-01 4.620000e-03 2.997640e-01
235 6.949120e-01 4.516000e-03 3.005720e-01
236 6.941280e-01 4.548000e-03 3.013240e-01
237 6.932960e-01 4.576000e-03 3.021280e-01
238 6.925840e-01 4.524000e-03 3.028920e-01
239 6.918120e-01 4.456000e-03 3.037320e-01
240 6.910520e-01 4.520000e-03 3.044280e-01
241 6.904560e-01 4.304000e-03 3.052400e-01
242 6.897760e-01 4.232000e-03 3.059920e-01
243 6.892200e-01 4.020000e-03 3.067600e-01
244 6.885440e-01 4.024000e-03 3.074320e-01
245 6.878800e-01 3.980000e-03 3.081400e-01
246 6.872200e-01 3.980000e-03 3.088000e-01
247 6.865720e-01 3.940000e-03 3.094880e-01
248 6.860280e-01 3.752000e-03 3.102200e-01
249 6.854400e-01 3.684000e-03 3.108760e-01
250 6.848800e-01 3.596000e-03 3.115240e-01
251 6.842360e-01 3.628000e-03 3.121360e-01
252 6.835200e-01 3.668000e-03 3.128120e-01
253 6.828840e-01 3.680000e-03 3.134360e-01
254 6.823080e-01 3.612000e-03 3.140800e-01
255 6.816920e-01 3.588000e-03 3.147200e-01
256 6.811640e-01 3.448000e-03 3.153880e-01
257 6.805440e-01 3.512000e-03 3.159440e-01
258 6.798680e-01 3.540000e-03 3.165920e-01
259 6.793080e-01 3.488000e-03 3.172040e-01
260 6.786960e-01 3.624000e-03 3.176800e-01
261 6.780160e-01 3.704000e-03 3.182800e-01
262 6.774160e-01 3.640000e-03 3.189440e-01
263 6.767640e-01 3.692000e-03 3.195440e-01
264 6.760680e-01 3.692000e-03 3.202400e-01
265 6.755240e-01 3.620000e-03 3.208560e-01
266 6.748520e-01 3.716000e-03 3.214320e-01
267 6.741720e-01 3.704000e-03 3.221240e-01
268 6.735600e-01 3.668000e-03 3.227720e-01
269 6.728440e-01 3.708000e-03 3.234480e-01
270 6.721920e-01 3.716000e-03 3.240920e-01
271 6.715400e-01 3.720000e-03 3.247400e-01
272 6.707680e-01 3.876000e-03 3.253560e-01
273 6.700160e-01 4.004000e-03 3.259800e-01
274 6.692040e-01 4.120000e-03 3.266760e-01
275 6.684680e-01 4.124000e-03 3.274080e-01
276 6.676840e-01 4.148000e-03 3.281680e-01
277 6.669760e-01 4.220000e-03 3.288040e-01
278 6.660760e-01 4.344000e-03 3.295800e-01
279 6.652000e-01 4.428000e-03 3.303720e-01
280 6.643720e-01 4.496000e-03 3.311320e-01
281 6.634520e-01 4.620000e-03 3.319280e-01
282 6.626200e-01 4.620000e-03 3.327600e-01
283 6.616760e-01 4.732000e-03 3.335920e-01
284 6.608440e-01 4.700000e-03 3.344560e-01
285 6.599240e-01 4.768000e-03 3.353080e-01
286 6.591400e-01 4.716000e-03 3.361440e-01
287 6.583360e-01 4.736000e-03 3.369280e-01
288 6.574880e-01 4.812000e-03 3.377000e-01
289 6.566960e-01 4.688000e-03 3.386160e-01
290 6.559520e-01 4.608000e-03 3.394400e-01
291 6.552640e-01 4.552000e-03 3.401840e-01
292 6.545600e-01 4.408000e-03 3.410320e-01
293 6.538960e-01 4.292000e-03 3.418120e-01
294 6.532000e-01 4.256000e-03 3.425440e-01
295 6.525200e-01 4.204000e-03 3.432760e-01
296 6.518720e-01 4.144000e-03 3.439840e-01
297 6.511520e-01 4.088000e-03 3.447600e-01
298 6.504440e-01 4.144000e-03 3.454120e-01
299 6.497760e-01 4.124000e-03 3.461000e-01
300 6.490760e-01 4.132000e-03 3.467920e-01
301 6.483720e-01 4.160000e-03 3.474680e-01
302 6.476240e-01 4.156000e-03 3.482200e-01
303 6.469320e-01 4.180000e-03 3.488880e-01
304 6.462920e-01 4.096000e-03 3.496120e-01
305 6.456320e-01 4.020000e-03 3.503480e-01
306 6.450720e-01 3.872000e-03 3.510560e-01
307 6.445120e-01 3.724000e-03 3.517640e-01
308 6.440080e-01 3.572000e-03 3.524200e-01
309 6.434360e-01 3.508000e-03 3.530560e-01
310 6.427880e-01 3.576000e-03 3.536360e-01
311 6.421120e-01 3.648000e-03 3.542400e-01
312 6.415080e-01 3.632000e-03 3.548600e-01
313 6.408280e-01 3.740000e-03 3.554320e-01
314 6.402400e-01 3.624000e-03 3.561360e-01
315 6.396160e-01 3.552000e-03 3.568320e-01
316 6.389600e-01 3.592000e-03 3.574480e-01
317 6.383400e-01 3.568000e-03 3.580920e-01
318 6.375120e-01 3.772000e-03 3.587160e-01
319 6.368600e-01 3.816000e-03 3.593240e-01
320 6.362280e-01 3.792000e-03 3.599800e-01
321 6.355440e-01 3.884000e-03 3.605720e-01
322 6.348560e-01 3.924000e-03 3.612200e-01
323 6.341280e-01 3.984000e-03 3.618880e-01
324 6.334640e-01 3.912000e-03 3.626240e-01
325 6.327480e-01 3.952000e-03 3.633000e-01
326 6.320600e-01 3.936000e-03 3.640040e-01
327 6.313280e-01 3.988000e-03 3.646840e-01
328 6.306280e-01 3.976000e-03 3.653960e-01
329 6.299880e-01 3.844000e-03 3.661680e-01
330 6.291880e-01 3.988000e-03 3.668240e-01
331 6.285720e-01 3.944000e-03 3.674840e-01
332 6.279120e-01 3.964000e-03 3.681240e-01
333 6.273320e-01 3.828000e-03 3.688400e-01
334 6.266880e-01 3.692000e-03 3.696200e-01
335 6.260040e-01 3.772000e-03 3.702240e-01
336 6.253280e-01 3.808000e-03 3.708640e-01
337 6.246400e-01 3.796000e-03 3.715640e-01
338 6.238920e-01 3.824000e-03 3.722840e-01
339 6.231400e-01 3.828000e-03 3.730320e-01
340 6.224800e-01 3.808000e-03 3.737120e-01
341 6.218280e-01 3.672000e-03 3.745000e-01
342 6.211360e-01 3.700000e-03 3.751640e-01
343 6.204800e-01 3.676000e-03 3.758440e-01
344 6.197200e-01 3.696000e-03 3.765840e-01
345 6.191080e-01 3.656000e-03 3.772360e-01
346 6.183600e-01 3.708000e-03 3.779320e-01
347 6.176560e-01 3.808000e-03 3.785360e-01
348 6.169440e-01 3.860000e-03 3.791960e-01
349 6.162960e-01 3.852000e-03 3.798520e-01
350 6.157000e-01 3.780000e-03 3.805200e-01
351 6.150360e-01 3.732000e-03 3.812320e-01
352 6.144600e-01 3.652000e-03 3.818880e-01
353 6.136640e-01 3.844000e-03 3.824920e-01
354 6.130320e-01 3.848000e-03 3.831200e-01
355 6.123600e-01 3.808000e-03 3.838320e-01
356 6.116000e-01 3.924000e-03 3.844760e-01
357 6.109480e-01 3.856000e-03 3.851960e-01
358 6.103400e-01 3.740000e-03 3.859200e-01
359 6.097080e-01 3.680000e-03 3.866120e-01
360 6.091000e-01 3.696000e-03 3.872040e-01
361 6.084600e-01 3.668000e-03 3.878720e-01
362 6.078520e-01 3.580000e-03 3.885680e-01
363 6.072080e-01 3.520000e-03 3.892720e-01
364 6.065880e-01 3.612000e-03 3.898000e-01
365 6.058440e-01 3.664000e-03 3.904920e-01
366 6.051440e-01 3.776000e-03 3.910800e-01
367 6.044160e-01 3.860000e-03 3.917240e-01
368 6.037560e-01 3.816000e-03 3.924280e-01
369 6.029920e-01 3.956000e-03 3.930520e-01
370 6.022800e-01 3.916000e-03 3.938040e-01
371 6.015920e-01 3.944000e-03 3.944640e-01
372 6.009480e-01 3.908000e-03 3.951440e-01
373 6.003240e-01 3.896000e-03 3.957800e-01
374 5.996840e-01 3.864000e-03 3.964520e-01
375 5.990240e-01 3.788000e-03 3.971880e-01
376 5.982560e-01 3.832000e-03 3.979120e-01
377 5.975120e-01 4.004000e-03 3.984840e-01
378 5.968440e-01 3.948000e-03 3.992080e-01
379 5.962160e-01 3.856000e-03 3.999280e-01
380 5.956200e-01 3.748000e-03 4.006320e-01
381 5.950080e-01 3.808000e-03 4.011840e-01
382 5.944680e-01 3.664000e-03 4.018680e-01
383 5.938800e-01 3.684000e-03 4.024360e-01
384 5.933840e-01 3.604000e-03 4.030120e-01
385 5.928520e-01 3.464000e-03 4.036840e-01
386 5.923120e-01 3.356000e-03 4.043320e-01
387 5.918120e-01 3.316000e-03 4.048720e-01
388 5.913120e-01 3.180000e-03 4.055080e-01
389 5.907400e-01 3.132000e-03 4.061280e-01
390 5.902040e-01 3.144000e-03 4.066520e-01
391 5.896280e-01 3.160000e-03 4.072120e-01
392 5.890400e-01 3.196000e-03 4.077640e-01
393 5.883880e-01 3.296000e-03 4.083160e-01
394 5.878360e-01 3.268000e-03 4.088960e-01
395 5.873120e-01 3.200000e-03 4.094880e-01
396 5.868440e-01 3.108000e-03 4.100480e-01
397 5.863440e-01 3.100000e-03 4.105560e-01
398 5.858240e-01 3.016000e-03 4.111600e-01
399 5.853080e-01 2.960000e-03 4.117320e-01
400 5.847640e-01 2.904000e-03 4.123320e-01
401 5.842240e-01 2.888000e-03 4.128880e-01
402 5.837400e-01 2.836000e-03 4.134240e-01
403 5.831760e-01 2.916000e-03 4.139080e-01
404 5.827040e-01 2.868000e-03 4.144280e-01
405 5.822320e-01 2.764000e-03 4.150040e-01
406 5.817320e-01 2.800000e-03 4.154680e-01
407 5.812320e-01 2.840000e-03 4.159280e-01
408 5.806960e-01 2.944000e-03 4.163600e-01
409 5.801240e-01 3.036000e-03 4.168400e-01
410 5.795560e-01 3.120000e-03 4.173240e-01
411 5.789040e-01 3.204000e-03 4.178920e-01
412 5.783360e-01 3.184000e-03 4.184800e-01
413 5.777560e-01 3.196000e-03 4.190480e-01
414 5.772720e-01 3.128000e-03 4.196000e-01
415 5.767760e-01 2.992000e-03 4.202320e-01
416 5.761960e-01 2.976000e-03 4.208280e-01
417 5.756360e-01 2.912000e-03 4.214520e-01
418 5.751000e-01 3.020000e-03 4.218800e-01
419 5.746480e-01 2.844000e-03 4.225080e-01
420 5.740640e-01 2.900000e-03 4.230360e-01
421 5.735760e-01 2.876000e-03 4.235480e-01
422 5.730560e-01 2.872000e-03 4.240720e-01
423 5.725600e-01 2.900000e-03 4.245400e-01
424 5.720280e-01 2.868000e-03 4.251040e-01
425 5.716040e-01 2.788000e-03 4.256080e-01
426 5.711720e-01 2.716000e-03 4.261120e-01
427 5.707640e-01 2.636000e-03 4.266000e-01
428 5.703280e-01 2.576000e-03 4.270960e-01
429 5.699440e-01 2.528000e-03 4.275280e-01
430 5.695600e-01 2.428000e-03 4.280120e-01
431 5.691000e-01 2.544000e-03 4.283560e-01
432 5.686240e-01 2.536000e-03 4.288400e-01
433 5.681840e-01 2.604000e-03 4.292120e-01
434 5.678400e-01 2.508000e-03 4.296520e-01
435 5.673200e-01 2.604000e-03 4.300760e-01
436 5.669080e-01 2.624000e-03 4.304680e-01
437 5.663520e-01 2.656000e-03 4.309920e-01
438 5.658760e-01 2.684000e-03 4.314400e-01
439 5.654200e-01 2.676000e-03 4.319040e-01
440 5.649360e-01 2.740000e-03 4.323240e-01
441 5.644320e-01 2.876000e-03 4.326920e-01
442 5.638800e-01 2.912000e-03 4.332080e-01
443 5.633760e-01 2.940000e-03 4.336840e-01
444 5.628240e-01 3.012000e-03 4.341640e-01
445 5.622680e-01 3.016000e-03 4.347160e-01
446 5.617240e-01 2.964000e-03 4.353120e-01
447 5.612800e-01 2.804000e-03 4.359160e-01
448 5.608040e-01 2.764000e-03 4.364320e-01
449 5.603680e-01 2.740000e-03 4.368920e-01
450 5.598040e-01 2.804000e-03 4.373920e-01
451 5.592800e-01 2.828000e-03 4.378920e-01
452 5.589040e-01 2.692000e-03 4.384040e-01
453 5.584240e-01 2.736000e-03 4.388400e-01
454 5.579960e-01 2.764000e-03 4.392400e-01
455 5.575200e-01 2.748000e-03 4.397320e-01
456 5.570680e-01 2.612000e-03 4.403200e-01
457 5.566160e-01 2.560000e-03 4.408240e-01
458 5.562320e-01 2.520000e-03 4.412480e-01
459 5.557760e-01 2.512000e-03 4.417120e-01
460 5.553040e-01 2.532000e-03 4.421640e-01
461 5.549560e-01 2.476000e-03 4.425680e-01
462 5.545320e-01 2.500000e-03 4.429680e-01
463 5.541240e-01 2.504000e-03 4.433720e-01
464 5.536920e-01 2.528000e-03 4.437800e-01
465 5.533040e-01 2.436000e-03 4.442600e-01
466 5.528680e-01 2.448000e-03 4.446840e-01
467 5.524360e-01 2.496000e-03 4.450680e-01
468 5.520480e-01 2.428000e-03 4.455240e-01
469 5.515920e-01 2.476000e-03 4.459320e-01
470 5.511600e-01 2.456000e-03 4.463840e-01
471 5.507680e-01 2.396000e-03 4.468360e-01
472 5.504160e-01 2.328000e-03 4.472560e-01
473 5.500160e-01 2.340000e-03 4.476440e-01
474 5.496320e-01 2.356000e-03 4.480120e-01
475 5.492400e-01 2.368000e-03 4.483920e-01
476 5.488160e-01 2.368000e-03 4.488160e-01
477 5.483520e-01 2.520000e-03 4.491280e-01
478 5.479640e-01 2.504000e-03 4.495320e-01
479 5.476120e-01 2.456000e-03 4.499320e-01
480 5.472360e-01 2.420000e-03 4.503440e-01
481 5.468960e-01 2.340000e-03 4.507640e-01
482 5.465280e-01 2.180000e-03 4.512920e-01
483 5.461240e-01 2.212000e-03 4.516640e-01
484 5.458200e-01 2.124000e-03 4.520560e-01
485 5.455000e-01 2.100000e-03 4.524000e-01
486 5.451840e-01 2.000000e-03 4.528160e-01
487 5.447720e-01 2.116000e-03 4.531120e-01
488 5.443840e-01 2.092000e-03 4.535240e-01
489 5.440440e-01 2.056000e-03 4.539000e-01
490 5.437280e-01 2.008000e-03 4.542640e-01
491 5.432960e-01 2.088000e-03 4.546160e-01
492 5.429600e-01 2.004000e-03 4.550360e-01
493 5.425800e-01 2.056000e-03 4.553640e-01
494 5.422400e-01 2.068000e-03 4.556920e-01
495 5.419440e-01 2.068000e-03 4.559880e-01
496 5.415720e-01 2.016000e-03 4.564120e-01
497 5.412600e-01 1.984000e-03 4.567560e-01
498 5.408680e-01 2.048000e-03 4.570840e-01
499 5.404880e-01 2.100000e-03 4.574120e-01
500 5.401880e-01 2.008000e-03 4.578040e-01
