1 9.992080e-01 6.720000e-04 1.200000e-04
2 9.986760e-01 1.036000e-03 2.880000e-04
3 9.979320e-01 1.540000e-03 5.280000e-04
4 9.972120e-01 1.972000e-03 8.160000e-04
5 9.964800e-01 2.340000e-03 1.180000e-03
6 9.956840e-01 2.668000e-03 1.648000e-03
7 9.948520e-01 2.960000e-03 2.188000e-03
8 9.939960e-01 3.240000e-03 2.764000e-03
9 9.931320e-01 3.480000e-03 3.388000e-03
10 9.922320e-01 3.720000e-03 4.048000e-03
11 9.911640e-01 4.132000e-03 4.704000e-03
12 9.899960e-01 4.528000e-03 5.476000e-03
13 9.888920e-01 4.772000e-03 6.336000e-03
14 9.877240e-01 4.988000e-03 7.288000e-03
15 9.865000e-01 5.332000e-03 8.168000e-03
16 9.852600e-01 5.596000e-03 9.144000e-03
17 9.840040e-01 5.872000e-03 1.012400e-02
18 9.828880e-01 5.904000e-03 1.120800e-02
19 9.816280e-01 6.052000e-03 1.232000e-02
20 9.803840e-01 6.404000e-03 1.321200e-02
21 9.790480e-01 6.636000e-03 1.431600e-02
22 9.776200e-01 6.824000e-03 1.555600e-02
23 9.762600e-01 6.868000e-03 1.687200e-02
24 9.747560e-01 7.176000e-03 1.806800e-02
25 9.733800e-01 7.404000e-03 1.921600e-02
26 9.718920e-01 7.524000e-03 2.058400e-02
27 9.705640e-01 7.600000e-03 2.183600e-02
28 9.691160e-01 7.560000e-03 2.332400e-02
29 9.677560e-01 7.632000e-03 2.461200e-02
30 9.662840e-01 7.680000e-03 2.603600e-02
31 9.649000e-01 7.656000e-03 2.744400e-02
32 9.635440e-01 7.620000e-03 2.883600e-02
33 9.620760e-01 7.876000e-03 3.004800e-02
34 9.606000e-01 8.124000e-03 3.127600e-02
35 9.591440e-01 8.092000e-03 3.276400e-02
36 9.576880e-01 8.176000e-03 3.413600e-02
37 9.563160e-01 8.116000e-03 3.556800e-02
38 9.545920e-01 8.352000e-03 3.705600e-02
39 9.529000e-01 8.744000e-03 3.835600e-02
40 9.510760e-01 8.984000e-03 3.994000e-02
41 9.493960e-01 9.092000e-03 4.151200e-02
42 9.478400e-01 9.048000e-03 4.311200e-02
43 9.460560e-01 9.112000e-03 4.483200e-02
44 9.444320e-01 8.996000e-03 4.657200e-02
45 9.427520e-01 9.192000e-03 4.805600e-02
46 9.412640e-01 9.088000e-03 4.964800e-02
47 9.395400e-01 9.124000e-03 5.133600e-02
48 9.379160e-01 9.220000e-03 5.286400e-02
49 9.363240e-01 9.216000e-03 5.446000e-02
50 9.347600e-01 9.272000e-03 5.596800e-02
51 9.332320e-01 9.324000e-03 5.744400e-02
52 9.317680e-01 9.292000e-03 5.894000e-02
53 9.301440e-01 9.352000e-03 6.050400e-02
54 9.284840e-01 9.300000e-03 6.221600e-02
55 9.267960e-01 9.332000e-03 6.387200e-02
56 9.249760e-01 9.428000e-03 6.559600e-02
57 9.232920e-01 9.552000e-03 6.715600e-02
58 9.215960e-01 9.552000e-03 6.885200e-02
59 9.199000e-01 9.616000e-03 7.048400e-02
60 9.181760e-01 9.520000e-03 7.230400e-02
61 9.164520e-01 9.516000e-03 7.403200e-02
62 9.150320e-01 9.280000e-03 7.568800e-02
63 9.135000e-01 9.300000e-03 7.720000e-02
64 9.117960e-01 9.404000e-03 7.880000e-02
65 9.100520e-01 9.460000e-03 8.048800e-02
66 9.083600e-01 9.532000e-03 8.210800e-02
67 9.067440e-01 9.460000e-03 8.379600e-02
68 9.050720e-01 9.556000e-03 8.537200e-02
69 9.033680e-01 9.460000e-03 8.717200e-02
70 9.020040e-01 9.224000e-03 8.877200e-02
71 9.004640e-01 9.128000e-03 9.040800e-02
72 8.988960e-01 9.212000e-03 9.189200e-02
73 8.971360e-01 9.448000e-03 9.341600e-02
74 8.955720e-01 9.332000e-03 9.509600e-02
75 8.939320e-01 9.480000e-03 9.658800e-02
76 8.924760e-01 9.328000e-03 9.819600e-02
77 8.907000e-01 9.516000e-03 9.978400e-02
78 8.890520e-01 9.540000e-03 1.014080e-01
79 8.874680e-01 9.524000e-03 1.030080e-01
80 8.859120e-01 9.564000e-03 1.045240e-01
81 8.841120e-01 9.668000e-03 1.062200e-01
82 8.824080e-01 9.616000e-03 1.079760e-01
83 8.807360e-01 9.744000e-03 1.095200e-01
84 8.790800e-01 9.824000e-03 1.110960e-01
85 8.773640e-01 9.736000e-03 1.129000e-01
86 8.755880e-01 9.688000e-03 1.147240e-01
87 8.741160e-01 9.316000e-03 1.165680e-01
88 8.725320e-01 9.256000e-03 1.182120e-01
89 8.709800e-01 9.224000e-03 1.197960e-01
90 8.694800e-01 9.204000e-03 1.213160e-01
91 8.678640e-01 9.280000e-03 1.228560e-01
92 8.663000e-01 9.352000e-03 1.243480e-01
93 8.646040e-01 9.404000e-03 1.259920e-01
94 8.630040e-01 9.408000e-03 1.275880e-01
95 8.615240e-01 9.212000e-03 1.292640e-01
96 8.598480e-01 9.288000e-03 1.308640e-01
97 8.582400e-01 9.284000e-03 1.324760e-01
98 8.566040e-01 9.260000e-03 1.341360e-01
99 8.549440e-01 9.272000e-03 1.357840e-01
100 8.533680e-01 9.276000e-03 1.373560e-01
101 8.517720e-01 9.288000e-03 1.389400e-01
102 8.500560e-01 9.344000e-03 1.406000e-01
103 8.483560e-01 9.360000e-03 1.422840e-01
104 8.465600e-01 9.580000e-03 1.438600e-01
105 8.445880e-01 9.804000e-03 1.456080e-01
106 8.429000e-01 9.740000e-03 1.473600e-01
107 8.411480e-01 9.632000e-03 1.492200e-01
108 8.393360e-01 9.928000e-03 1.507360e-01
109 8.376400e-01 9.744000e-03 1.526160e-01
110 8.360320e-01 9.804000e-03 1.541640e-01
111 8.343120e-01 9.820000e-03 1.558680e-01
112 8.326360e-01 9.900000e-03 1.574640e-01
113 8.310080e-01 9.832000e-03 1.591600e-01
114 8.294240e-01 9.656000e-03 1.609200e-01
115 8.276640e-01 9.756000e-03 1.625800e-01
116 8.259680e-01 9.672000e-03 1.643600e-01
117 8.243760e-01 9.456000e-03 1.661680e-01
118 8.228720e-01 9.336000e-03 1.677920e-01
119 8.212680e-01 9.376000e-03 1.693560e-01
120 8.197720e-01 9.116000e-03 1.711120e-01
121 8.180840e-01 9.320000e-03 1.725960e-01
122 8.164400e-01 9.232000e-03 1.743280e-01
123 8.149680e-01 9.196000e-03 1.758360e-01
124 8.134880e-01 9.108000e-03 1.774040e-01
125 8.118360e-01 9.212000e-03 1.789520e-01
126 8.102400e-01 9.136000e-03 1.806240e-01
127 8.087080e-01 8.916000e-03 1.823760e-01
128 8.072560e-01 8.796000e-03 1.839480e-01
129 8.056520e-01 8.992000e-03 1.853560e-01
130 8.039240e-01 9.144000e-03 1.869320e-01
131 8.023400e-01 9.240000e-03 1.884200e-01
132 8.007880e-01 9.192000e-03 1.900200e-01
133 7.991080e-01 9.292000e-03 1.916000e-01
134 7.975400e-01 9.264000e-03 1.931960e-01
135 7.961240e-01 8.960000e-03 1.949160e-01
136 7.946320e-01 8.780000e-03 1.965880e-01
137 7.931240e-01 8.776000e-03 1.981000e-01
138 7.916800e-01 8.656000e-03 1.996640e-01
139 7.903120e-01 8.636000e-03 2.010520e-01
140 7.887360e-01 8.656000e-03 2.026080e-01
141 7.871560e-01 8.580000e-03 2.042640e-01
142 7.857200e-01 8.452000e-03 2.058280e-01
143 7.843680e-01 8.336000e-03 2.072960e-01
144 7.829040e-01 8.316000e-03 2.087800e-01
145 7.814760e-01 8.352000e-03 2.101720e-01
146 7.800360e-01 8.276000e-03 2.116880e-01
147 7.785800e-01 8.304000e-03 2.131160e-01
148 7.772600e-01 8.120000e-03 2.146200e-01
149 7.758800e-01 8.232000e-03 2.158880e-01
150 7.742680e-01 8.384000e-03 2.173480e-01
151 7.728000e-01 8.384000e-03 2.188160e-01
152 7.713040e-01 8.336000e-03 2.203600e-01
153 7.697920e-01 8.272000e-03 2.219360e-01
154 7.681560e-01 8.452000e-03 2.233920e-01
155 7.666560e-01 8.476000e-03 2.248680e-01
156 7.652080e-01 8.504000e-03 2.262880e-01
157 7.638640e-01 8.284000e-03 2.278520e-01
158 7.624040e-01 8.308000e-03 2.292880e-01
159 7.610720e-01 8.204000e-03 2.307240e-01
160 7.596000e-01 8.188000e-03 2.322120e-01
161 7.581680e-01 8.208000e-03 2.336240e-01
162 7.568200e-01 8.080000e-03 2.351000e-01
163 7.554200e-01 8.056000e-03 2.365240e-01
164 7.540960e-01 7.892000e-03 2.380120e-01
165 7.527240e-01 7.924000e-03 2.393520e-01
166 7.512640e-01 7.932000e-03 2.408040e-01
167 7.498680e-01 7.988000e-03 2.421440e-01
168 7.486280e-01 7.848000e-03 2.435240e-01
169 7.472600e-01 7.820000e-03 2.449200e-01
170 7.459400e-01 7.844000e-03 2.462160e-01
171 7.446080e-01 7.764000e-03 2.476280e-01
172 7.432360e-01 7.872000e-03 2.488920e-01
173 7.419360e-01 7.852000e-03 2.502120e-01
174 7.405760e-01 7.796000e-03 2.516280e-01
175 7.392160e-01 7.744000e-03 2.530400e-01
176 7.380240e-01 7.552000e-03 2.544240e-01
177 7.367560e-01 7.504000e-03 2.557400e-01
178 7.354120e-01 7.504000e-03 2.570840e-01
179 7.341200e-01 7.544000e-03 2.583360e-01
180 7.327600e-01 7.488000e-03 2.597520e-01
181 7.313520e-01 7.604000e-03 2.610440e-01
182 7.299760e-01 7.672000e-03 2.623520e-01
183 7.285960e-01 7.756000e-03 2.636480e-01
184 7.271200e-01 7.812000e-03 2.650680e-01
185 7.257960e-01 7.752000e-03 2.664520e-01
186 7.245280e-01 7.732000e-03 2.677400e-01
187 7.231160e-01 7.764000e-03 2.691200e-01
188 7.218320e-01 7.716000e-03 2.704520e-01
189 7.205840e-01 7.656000e-03 2.717600e-01
190 7.192200e-01 7.620000e-03 2.731600e-01
191 7.179520e-01 7.568000e-03 2.744800e-01
192 7.167240e-01 7.444000e-03 2.758320e-01
193 7.155960e-01 7.220000e-03 2.771840e-01
194 7.141640e-01 7.348000e-03 2.784880e-01
195 7.130000e-01 7.180000e-03 2.798200e-01
196 7.117760e-01 7.040000e-03 2.811840e-01
197 7.104800e-01 7.108000e-03 2.824120e-01
198 7.091280e-01 7.140000e-03 2.837320e-01
199 7.080680e-01 7.000000e-03 2.849320e-01
200 7.069480e-01 6.820000e-03 2.862320e-01
201 7.058920e-01 6.704000e-03 2.874040e-01
202 7.047360e-01 6.788000e-03 2.884760e-01
203 7.035560e-01 6.744000e-03 2.897000e-01
204 7.024520e-01 6.716000e-03 2.908320e-01
205 7.013800e-01 6.560000e-03 2.920600e-01
206 7.003560e-01 6.420000e-03 2.932240e-01
207 6.993800e-01 6.372000e-03 2.942480e-01
208 6.984000e-01 6.240000e-03 2.953600e-01
209 6.973840e-01 6.144000e-03 2.964720e-01
210 6.964760e-01 5.948000e-03 2.975760e-01
211 6.954840e-01 5.948000e-03 2.985680e-01
212 6.945160e-01 5.952000e-03 2.995320e-01
213 6.935400e-01 5.904000e-03 3.005560e-01
214 6.926960e-01 5.780000e-03 3.015240e-01
215 6.916120e-01 5.904000e-03 3.024840e-01
216 6.905520e-01 5.912000e-03 3.035360e-01
217 6.896040e-01 5.852000e-03 3.045440e-01
218 6.885920e-01 5.796000e-03 3.056120e-01
219 6.875640e-01 5.864000e-03 3.065720e-01
220 6.864560e-01 5.980000e-03 3.075640e-01
221 6.852520e-01 6.288000e-03 3.084600e-01
222 6.840720e-01 6.372000e-03 3.095560e-01
223 6.830440e-01 6.216000e-03 3.107400e-01
224 6.818840e-01 6.268000e-03 3.118480e-01
225 6.808560e-01 6.180000e-03 3.129640e-01
226 6.797240e-01 6.236000e-03 3.140400e-01
227 6.785600e-01 6.288000e-03 3.151520e-01
228 6.774880e-01 6.204000e-03 3.163080e-01
229 6.762760e-01 6.352000e-03 3.173720e-01
230 6.750880e-01 6.348000e-03 3.185640e-01
231 6.738760e-01 6.428000e-03 3.196960e-01
232 6.726480e-01 6.588000e-03 3.207640e-01
233 6.715280e-01 6.632000e-03 3.218400e-01
234 6.703640e-01 6.576000e-03 3.230600e-01
235 6.692920e-01 6.548000e-03 3.241600e-01
236 6.682800e-01 6.464000e-03 3.252560e-01
237 6.672720e-01 6.296000e-03 3.264320e-01
238 6.662200e-01 6.240000e-03 3.275400e-01
239 6.651800e-01 6.144000e-03 3.286760e-01
240 6.642480e-01 6.048000e-03 3.297040e-01
241 6.631640e-01 6.076000e-03 3.307600e-01
242 6.622800e-01 5.828000e-03 3.318920e-01
243 6.613280e-01 5.796000e-03 3.328760e-01
244 6.604360e-01 5.600000e-03 3.339640e-01
245 6.596000e-01 5.464000e-03 3.349360e-01
246 6.587320e-01 5.332000e-03 3.359360e-01
247 6.577480e-01 5.376000e-03 3.368760e-01
248 6.567960e-01 5.424000e-03 3.377800e-01
249 6.559400e-01 5.308000e-03 3.387520e-01
250 6.549000e-01 5.352000e-03 3.397480e-01
251 6.538960e-01 5.488000e-03 3.406160e-01
252 6.529560e-01 5.500000e-03 3.415440e-01
253 6.519600e-01 5.572000e-03 3.424680e-01
254 6.511120e-01 5.440000e-03 3.434480e-01
255 6.502240e-01 5.296000e-03 3.444800e-01
256 6.492560e-01 5.308000e-03 3.454360e-01
257 6.483400e-01 5.356000e-03 3.463040e-01
258 6.474080e-01 5.292000e-03 3.473000e-01
259 6.464240e-01 5.392000e-03 3.481840e-01
260 6.454920e-01 5.384000e-03 3.491240e-01
261 6.445760e-01 5.360000e-03 3.500640e-01
262 6.436880e-01 5.244000e-03 3.510680e-01
263 6.427680e-01 5.248000e-03 3.519840e-01
264 6.418000e-01 5.384000e-03 3.528160e-01
265 6.408320e-01 5.392000e-03 3.537760e-01
266 6.398880e-01 5.436000e-03 3.546760e-01
267 6.388840e-01 5.444000e-03 3.556720e-01
268 6.380520e-01 5.304000e-03 3.566440e-01
269 6.371280e-01 5.368000e-03 3.575040e-01
270 6.361480e-01 5.456000e-03 3.583960e-01
271 6.353320e-01 5.304000e-03 3.593640e-01
272 6.343640e-01 5.372000e-03 3.602640e-01
273 6.334480e-01 5.316000e-03 3.612360e-01
274 6.325480e-01 5.324000e-03 3.621280e-01
275 6.317160e-01 5.164000e-03 3.631200e-01
276 6.307760e-01 5.160000e-03 3.640640e-01
277 6.299880e-01 5.136000e-03 3.648760e-01
278 6.291200e-01 5.248000e-03 3.656320e-01
279 6.283000e-01 5.096000e-03 3.666040e-01
280 6.274080e-01 5.056000e-03 3.675360e-01
281 6.265000e-01 5.152000e-03 3.683480e-01
282 6.255480e-01 5.156000e-03 3.692960e-01
283 6.247880e-01 4.992000e-03 3.702200e-01
284 6.241240e-01 4.812000e-03 3.710640e-01
285 6.233600e-01 4.736000e-03 3.719040e-01
286 6.227040e-01 4.544000e-03 3.727520e-01
287 6.219480e-01 4.600000e-03 3.734520e-01
288 6.212240e-01 4.528000e-03 3.742480e-01
289 6.205480e-01 4.392000e-03 3.750600e-01
290 6.196400e-01 4.500000e-03 3.758600e-01
291 6.187120e-01 4.720000e-03 3.765680e-01
292 6.179160e-01 4.660000e-03 3.774240e-01
293 6.170440e-01 4.716000e-03 3.782400e-01
294 6.162520e-01 4.660000e-03 3.790880e-01
295 6.153400e-01 4.736000e-03 3.799240e-01
296 6.145440e-01 4.672000e-03 3.807840e-01
297 6.136520e-01 4.724000e-03 3.816240e-01
298 6.128440e-01 4.800000e-03 3.823560e-01
299 6.119320e-01 4.920000e-03 3.831480e-01
300 6.112200e-01 4.668000e-03 3.841120e-01
301 6.104640e-01 4.568000e-03 3.849680e-01
302 6.096640e-01 4.600000e-03 3.857360e-01
303 6.088600e-01 4.612000e-03 3.865280e-01
304 6.080720e-01 4.628000e-03 3.873000e-01
305 6.072920e-01 4.732000e-03 3.879760e-01
306 6.065760e-01 4.636000e-03 3.887880e-01
307 6.059080e-01 4.496000e-03 3.895960e-01
308 6.051400e-01 4.488000e-03 3.903720e-01
309 6.044920e-01 4.344000e-03 3.911640e-01
310 6.038320e-01 4.288000e-03 3.918800e-01
311 6.032120e-01 4.196000e-03 3.925920e-01
312 6.025480e-01 4.172000e-03 3.932800e-01
313 6.019320e-01 4.084000e-03 3.939840e-01
314 6.013080e-01 3.972000e-03 3.947200e-01
315 6.007280e-01 3.868000e-03 3.954040e-01
316 6.000600e-01 3.812000e-03 3.961280e-01
317 5.994680e-01 3.836000e-03 3.966960e-01
318 5.988960e-01 3.776000e-03 3.973280e-01
319 5.982840e-01 3.664000e-03 3.980520e-01
320 5.976320e-01 3.640000e-03 3.987280e-01
321 5.969840e-01 3.676000e-03 3.993400e-01
322 5.964520e-01 3.568000e-03 3.999800e-01
323 5.959160e-01 3.448000e-03 4.006360e-01
324 5.954040e-01 3.352000e-03 4.012440e-01
325 5.948400e-01 3.384000e-03 4.017760e-01
326 5.942120e-01 3.420000e-03 4.023680e-01
327 5.935840e-01 3.476000e-03 4.029400e-01
328 5.930640e-01 3.392000e-03 4.035440e-01
329 5.924560e-01 3.408000e-03 4.041360e-01
330 5.919200e-01 3.236000e-03 4.048440e-01
331 5.913120e-01 3.232000e-03 4.054560e-01
332 5.907360e-01 3.144000e-03 4.061200e-01
333 5.902520e-01 3.148000e-03 4.066000e-01
334 5.897200e-01 3.164000e-03 4.071160e-01
335 5.891600e-01 3.120000e-03 4.077200e-01
336 5.885600e-01 3.096000e-03 4.083440e-01
337 5.881120e-01 3.028000e-03 4.088600e-01
338 5.876600e-01 2.976000e-03 4.093640e-01
339 5.871080e-01 2.976000e-03 4.099160e-01
340 5.866320e-01 2.848000e-03 4.105200e-01
341 5.861680e-01 2.704000e-03 4.111280e-01
342 5.857360e-01 2.624000e-03 4.116400e-01
343 5.853080e-01 2.608000e-03 4.120840e-01
344 5.849000e-01 2.608000e-03 4.124920e-01
345 5.844640e-01 2.540000e-03 4.129960e-01
346 5.840560e-01 2.504000e-03 4.134400e-01
347 5.836480e-01 2.476000e-03 4.138760e-01
348 5.832720e-01 2.392000e-03 4.143360e-01
349 5.828640e-01 2.432000e-03 4.147040e-01
350 5.823920e-01 2.548000e-03 4.150600e-01
351 5.819560e-01 2.628000e-03 4.154160e-01
352 5.815200e-01 2.580000e-03 4.159000e-01
353 5.810320e-01 2.608000e-03 4.163600e-01
354 5.805040e-01 2.640000e-03 4.168560e-01
355 5.799680e-01 2.708000e-03 4.173240e-01
356 5.794440e-01 2.756000e-03 4.178000e-01
357 5.789040e-01 2.820000e-03 4.182760e-01
358 5.783640e-01 2.940000e-03 4.186960e-01
359 5.778280e-01 2.976000e-03 4.191960e-01
360 5.772640e-01 3.028000e-03 4.197080e-01
361 5.768160e-01 2.948000e-03 4.202360e-01
362 5.763080e-01 2.988000e-03 4.207040e-01
363 5.757520e-01 2.976000e-03 4.212720e-01
364 5.752720e-01 2.940000e-03 4.217880e-01
365 5.748040e-01 2.868000e-03 4.223280e-01
366 5.743240e-01 2.824000e-03 4.228520e-01
367 5.737480e-01 2.872000e-03 4.233800e-01
368 5.732200e-01 2.884000e-03 4.238960e-01
369 5.727440e-01 2.796000e-03 4.244600e-01
370 5.723200e-01 2.680000e-03 4.250000e-01
371 5.719240e-01 2.588000e-03 4.254880e-01
372 5.715280e-01 2.544000e-03 4.259280e-01
373 5.711600e-01 2.456000e-03 4.263840e-01
374 5.708320e-01 2.232000e-03 4.269360e-01
375 5.705400e-01 2.120000e-03 4.273400e-01
376 5.702320e-01 2.116000e-03 4.276520e-01
377 5.699440e-01 2.124000e-03 4.279320e-01
378 5.696200e-01 2.076000e-03 4.283040e-01
379 5.692160e-01 2.112000e-03 4.286720e-01
380 5.688320e-01 2.112000e-03 4.290560e-01
381 5.684880e-01 2.068000e-03 4.294440e-01
382 5.681040e-01 2.104000e-03 4.297920e-01
383 5.677760e-01 2.024000e-03 4.302000e-01
384 5.674080e-01 2.000000e-03 4.305920e-01
385 5.670800e-01 1.952000e-03 4.309680e-01
386 5.666720e-01 1.940000e-03 4.313880e-01
387 5.663320e-01 1.936000e-03 4.317320e-01
388 5.660080e-01 1.952000e-03 4.320400e-01
389 5.656080e-01 1.956000e-03 4.324360e-01
390 5.652720e-01 1.956000e-03 4.327720e-01
391 5.648720e-01 2.040000e-03 4.330880e-01
392 5.644160e-01 2.108000e-03 4.334760e-01
393 5.640840e-01 2.056000e-03 4.338600e-01
394 5.637000e-01 2.048000e-03 4.342520e-01
395 5.633440e-01 2.056000e-03 4.346000e-01
396 5.630360e-01 2.012000e-03 4.349520e-01
397 5.627600e-01 1.936000e-03 4.353040e-01
398 5.624440e-01 1.944000e-03 4.356120e-01
399 5.621640e-01 1.940000e-03 4.358960e-01
400 5.618160e-01 1.952000e-03 4.362320e-01
401 5.615600e-01 1.904000e-03 4.365360e-01
402 5.612760e-01 1.836000e-03 4.368880e-01
403 5.609840e-01 1.872000e-03 4.371440e-01
404 5.607480e-01 1.804000e-03 4.374480e-01
405 5.604960e-01 1.720000e-03 4.377840e-01
406 5.601400e-01 1.808000e-03 4.380520e-01
407 5.598560e-01 1.728000e-03 4.384160e-01
408 5.595480e-01 1.780000e-03 4.386720e-01
409 5.592480e-01 1.784000e-03 4.389680e-01
410 5.589480e-01 1.744000e-03 4.393080e-01
411 5.586240e-01 1.736000e-03 4.396400e-01
412 5.583960e-01 1.680000e-03 4.399240e-01
413 5.580320e-01 1.744000e-03 4.402240e-01
414 5.576840e-01 1.800000e-03 4.405160e-01
415 5.573280e-01 1.840000e-03 4.408320e-01
416 5.570040e-01 1.916000e-03 4.410800e-01
417 5.567040e-01 1.908000e-03 4.413880e-01
418 5.563880e-01 1.860000e-03 4.417520e-01
419 5.560440e-01 1.852000e-03 4.421040e-01
420 5.558160e-01 1.716000e-03 4.424680e-01
421 5.555480e-01 1.660000e-03 4.427920e-01
422 5.552680e-01 1.676000e-03 4.430560e-01
423 5.549800e-01 1.676000e-03 4.433440e-01
424 5.547320e-01 1.592000e-03 4.436760e-01
425 5.545080e-01 1.496000e-03 4.439960e-01
426 5.542440e-01 1.460000e-03 4.442960e-01
427 5.540000e-01 1.468000e-03 4.445320e-01
428 5.536840e-01 1.468000e-03 4.448480e-01
429 5.533160e-01 1.588000e-03 4.450960e-01
430 5.530120e-01 1.628000e-03 4.453600e-01
431 5.527360e-01 1.648000e-03 4.456160e-01
432 5.524800e-01 1.636000e-03 4.458840e-01
433 5.522280e-01 1.620000e-03 4.461520e-01
434 5.519560e-01 1.624000e-03 4.464200e-01
435 5.516680e-01 1.636000e-03 4.466960e-01
436 5.514080e-01 1.596000e-03 4.469960e-01
437 5.511280e-01 1.580000e-03 4.472920e-01
438 5.508320e-01 1.620000e-03 4.475480e-01
439 5.506160e-01 1.564000e-03 4.478200e-01
440 5.503000e-01 1.656000e-03 4.480440e-01
441 5.500040e-01 1.576000e-03 4.484200e-01
442 5.497480e-01 1.548000e-03 4.487040e-01
443 5.494640e-01 1.544000e-03 4.489920e-01
444 5.492440e-01 1.516000e-03 4.492400e-01
445 5.489840e-01 1.504000e-03 4.495120e-01
446 5.487480e-01 1.472000e-03 4.497800e-01
447 5.485040e-01 1.460000e-03 4.500360e-01
448 5.482680e-01 1.440000e-03 4.502920e-01
449 5.480200e-01 1.436000e-03 4.505440e-01
450 5.478360e-01 1.332000e-03 4.508320e-01
451 5.476240e-01 1.352000e-03 4.510240e-01
452 5.473800e-01 1.360000e-03 4.512600e-01
453 5.471240e-01 1.424000e-03 4.514520e-01
454 5.469320e-01 1.300000e-03 4.517680e-01
455 5.466920e-01 1.340000e-03 4.519680e-01
456 5.464800e-01 1.272000e-03 4.522480e-01
457 5.462400e-01 1.296000e-03 4.524640e-01
458 5.459680e-01 1.312000e-03 4.527200e-01
459 5.457440e-01 1.276000e-03 4.529800e-01
460 5.455200e-01 1.308000e-03 4.531720e-01
461 5.453160e-01 1.256000e-03 4.534280e-01
462 5.451400e-01 1.224000e-03 4.536360e-01
463 5.448920e-01 1.240000e-03 4.538680e-01
464 5.447480e-01 1.164000e-03 4.540880e-01
465 5.445640e-01 1.124000e-03 4.543120e-01
466 5.443480e-01 1.164000e-03 4.544880e-01
467 5.442040e-01 1.136000e-03 4.546600e-01
468 5.440160e-01 1.132000e-03 4.548520e-01
469 5.438240e-01 1.140000e-03 4.550360e-01
470 5.436720e-01 1.104000e-03 4.552240e-01
471 5.435000e-01 1.104000e-03 4.553960e-01
472 5.432920e-01 1.148000e-03 4.555600e-01
473 5.431520e-01 1.080000e-03 4.557680e-01
474 5.429520e-01 1.108000e-03 4.559400e-01
475 5.427440e-01 1.112000e-03 4.561440e-01
476 5.425520e-01 1.112000e-03 4.563360e-01
477 5.422720e-01 1.220000e-03 4.565080e-01
478 5.420560e-01 1.236000e-03 4.567080e-01
479 5.418400e-01 1.240000e-03 4.569200e-01
480 5.416400e-01 1.184000e-03 4.571760e-01
481 5.414680e-01 1.128000e-03 4.574040e-01
482 5.412640e-01 1.144000e-03 4.575920e-01
483 5.410600e-01 1.132000e-03 4.578080e-01
484 5.408440e-01 1.100000e-03 4.580560e-01
485 5.406200e-01 1.176000e-03 4.582040e-01
486 5.403200e-01 1.256000e-03 4.584240e-01
487 5.400600e-01 1.316000e-03 4.586240e-01
488 5.398360e-01 1.252000e-03 4.589120e-01
489 5.396000e-01 1.292000e-03 4.591080e-01
490 5.394440e-01 1.228000e-03 4.593280e-01
491 5.391840e-01 1.300000e-03 4.595160e-01
492 5.389360e-01 1.312000e-03 4.597520e-01
493 5.386240e-01 1.368000e-03 4.600080e-01
494 5.383120e-01 1.436000e-03 4.602520e-01
495 5.380680e-01 1.420000e-03 4.605120e-01
496 5.378400e-01 1.376000e-03 4.607840e-01
497 5.376240e-01 1.332000e-03 4.610440e-01
498 5.374200e-01 1.320000e-03 4.612600e-01
499 5.372320e-01 1.264000e-03 4.615040e-01
500 5.370720e-01 1.160000e-03 4.617680e-01
