1 9.992000e-01 7.160000e-04 8.400000e-05
2 9.985680e-01 1.204000e-03 2.280000e-04
3 9.978920e-01 1.624000e-03 4.840000e-04
4 9.970880e-01 2.168000e-03 7.440000e-04
5 9.963320e-01 2.516000e-03 1.152000e-03
6 9.954000e-01 2.972000e-03 1.628000e-03
7 9.944520e-01 3.332000e-03 2.216000e-03
8 9.934120e-01 3.784000e-03 2.804000e-03
9 9.922960e-01 4.172000e-03 3.532000e-03
10 9.912000e-01 4.472000e-03 4.328000e-03
11 9.901760e-01 4.696000e-03 5.128000e-03
12 9.890400e-01 4.904000e-03 6.056000e-03
13 9.880600e-01 5.052000e-03 6.888000e-03
14 9.869320e-01 5.328000e-03 7.740000e-03
15 9.857000e-01 5.620000e-03 8.680000e-03
16 9.845440e-01 5.784000e-03 9.672000e-03
17 9.832520e-01 5.940000e-03 1.080800e-02
18 9.818400e-01 6.296000e-03 1.186400e-02
19 9.807040e-01 6.368000e-03 1.292800e-02
20 9.793480e-01 6.628000e-03 1.402400e-02
21 9.780040e-01 6.836000e-03 1.516000e-02
22 9.766440e-01 6.972000e-03 1.638400e-02
23 9.751320e-01 7.324000e-03 1.754400e-02
24 9.736440e-01 7.428000e-03 1.892800e-02
25 9.719960e-01 7.708000e-03 2.029600e-02
26 9.702000e-01 8.240000e-03 2.156000e-02
27 9.686160e-01 8.436000e-03 2.294800e-02
28 9.670040e-01 8.580000e-03 2.441600e-02
29 9.652520e-01 8.728000e-03 2.602000e-02
30 9.635320e-01 8.968000e-03 2.750000e-02
31 9.618880e-01 9.004000e-03 2.910800e-02
32 9.602440e-01 9.136000e-03 3.062000e-02
33 9.585480e-01 9.132000e-03 3.232000e-02
34 9.568280e-01 9.464000e-03 3.370800e-02
35 9.553040e-01 9.268000e-03 3.542800e-02
36 9.537880e-01 9.092000e-03 3.712000e-02
37 9.521800e-01 9.132000e-03 3.868800e-02
38 9.506080e-01 9.156000e-03 4.023600e-02
39 9.490920e-01 9.076000e-03 4.183200e-02
40 9.474440e-01 9.124000e-03 4.343200e-02
41 9.459080e-01 8.888000e-03 4.520400e-02
42 9.442720e-01 8.868000e-03 4.686000e-02
43 9.425800e-01 8.940000e-03 4.848000e-02
44 9.409880e-01 9.044000e-03 4.996800e-02
45 9.392600e-01 9.124000e-03 5.161600e-02
46 9.375160e-01 9.220000e-03 5.326400e-02
47 9.356840e-01 9.536000e-03 5.478000e-02
48 9.340400e-01 9.428000e-03 5.653200e-02
49 9.321880e-01 9.616000e-03 5.819600e-02
50 9.304040e-01 9.756000e-03 5.984000e-02
51 9.287120e-01 9.784000e-03 6.150400e-02
52 9.268720e-01 9.852000e-03 6.327600e-02
53 9.250640e-01 9.928000e-03 6.500800e-02
54 9.231920e-01 1.004800e-02 6.676000e-02
55 9.215360e-01 1.000800e-02 6.845600e-02
56 9.199240e-01 9.972000e-03 7.010400e-02
57 9.184000e-01 9.716000e-03 7.188400e-02
58 9.168480e-01 9.532000e-03 7.362000e-02
59 9.152120e-01 9.600000e-03 7.518800e-02
60 9.133280e-01 9.912000e-03 7.676000e-02
61 9.115640e-01 9.904000e-03 7.853200e-02
62 9.098560e-01 9.904000e-03 8.024000e-02
63 9.080920e-01 9.916000e-03 8.199200e-02
64 9.064480e-01 9.792000e-03 8.376000e-02
65 9.047120e-01 9.676000e-03 8.561200e-02
66 9.029960e-01 9.688000e-03 8.731600e-02
67 9.011840e-01 9.796000e-03 8.902000e-02
68 8.992880e-01 9.872000e-03 9.084000e-02
69 8.974480e-01 1.003600e-02 9.251600e-02
70 8.957840e-01 9.936000e-03 9.428000e-02
71 8.941000e-01 9.928000e-03 9.597200e-02
72 8.924280e-01 9.924000e-03 9.764800e-02
73 8.906640e-01 9.908000e-03 9.942800e-02
74 8.888600e-01 9.880000e-03 1.012600e-01
75 8.872040e-01 9.828000e-03 1.029680e-01
76 8.855960e-01 9.552000e-03 1.048520e-01
77 8.838800e-01 9.452000e-03 1.066680e-01
78 8.821800e-01 9.560000e-03 1.082600e-01
79 8.804240e-01 9.860000e-03 1.097160e-01
80 8.788200e-01 9.840000e-03 1.113400e-01
81 8.770400e-01 9.956000e-03 1.130040e-01
82 8.751560e-01 1.000800e-02 1.148360e-01
83 8.734160e-01 1.003600e-02 1.165480e-01
84 8.716960e-01 9.936000e-03 1.183680e-01
85 8.699360e-01 9.944000e-03 1.201200e-01
86 8.682560e-01 9.968000e-03 1.217760e-01
87 8.664280e-01 1.002400e-02 1.235480e-01
88 8.648040e-01 9.788000e-03 1.254080e-01
89 8.630800e-01 9.816000e-03 1.271040e-01
90 8.612480e-01 9.932000e-03 1.288200e-01
91 8.595200e-01 9.972000e-03 1.305080e-01
92 8.579360e-01 9.872000e-03 1.321920e-01
93 8.563840e-01 9.660000e-03 1.339560e-01
94 8.548120e-01 9.512000e-03 1.356760e-01
95 8.533560e-01 9.380000e-03 1.372640e-01
96 8.518240e-01 9.328000e-03 1.388480e-01
97 8.501640e-01 9.436000e-03 1.404000e-01
98 8.487160e-01 9.372000e-03 1.419120e-01
99 8.471280e-01 9.320000e-03 1.435520e-01
100 8.454920e-01 9.420000e-03 1.450880e-01
101 8.439360e-01 9.312000e-03 1.467520e-01
102 8.422760e-01 9.452000e-03 1.482720e-01
103 8.405240e-01 9.576000e-03 1.499000e-01
104 8.388760e-01 9.568000e-03 1.515560e-01
105 8.371560e-01 9.436000e-03 1.534080e-01
106 8.354840e-01 9.396000e-03 1.551200e-01
107 8.336480e-01 9.516000e-03 1.568360e-01
108 8.320040e-01 9.468000e-03 1.585280e-01
109 8.305160e-01 9.328000e-03 1.601560e-01
110 8.289240e-01 9.352000e-03 1.617240e-01
111 8.272720e-01 9.420000e-03 1.633080e-01
112 8.256960e-01 9.168000e-03 1.651360e-01
113 8.241440e-01 9.024000e-03 1.668320e-01
114 8.222200e-01 9.404000e-03 1.683760e-01
115 8.205280e-01 9.580000e-03 1.698920e-01
116 8.187160e-01 9.644000e-03 1.716400e-01
117 8.168560e-01 9.828000e-03 1.733160e-01
118 8.150720e-01 9.704000e-03 1.752240e-01
119 8.132000e-01 9.952000e-03 1.768480e-01
120 8.115560e-01 9.884000e-03 1.785600e-01
121 8.098160e-01 9.984000e-03 1.802000e-01
122 8.080560e-01 9.952000e-03 1.819920e-01
123 8.062720e-01 1.006400e-02 1.836640e-01
124 8.045800e-01 1.007200e-02 1.853480e-01
125 8.030000e-01 1.002800e-02 1.869720e-01
126 8.013360e-01 9.924000e-03 1.887400e-01
127 7.998000e-01 9.752000e-03 1.904480e-01
128 7.983240e-01 9.460000e-03 1.922160e-01
129 7.968480e-01 9.216000e-03 1.939360e-01
130 7.952200e-01 9.228000e-03 1.955520e-01
131 7.936000e-01 9.276000e-03 1.971240e-01
132 7.918160e-01 9.436000e-03 1.987480e-01
133 7.903520e-01 9.248000e-03 2.004000e-01
134 7.888640e-01 9.152000e-03 2.019840e-01
135 7.873400e-01 8.968000e-03 2.036920e-01
136 7.857720e-01 8.928000e-03 2.053000e-01
137 7.842760e-01 9.000000e-03 2.067240e-01
138 7.827360e-01 8.980000e-03 2.082840e-01
139 7.810080e-01 9.160000e-03 2.098320e-01
140 7.795240e-01 8.916000e-03 2.115600e-01
141 7.779000e-01 8.996000e-03 2.131040e-01
142 7.763480e-01 8.944000e-03 2.147080e-01
143 7.747840e-01 8.900000e-03 2.163160e-01
144 7.731960e-01 8.924000e-03 2.178800e-01
145 7.717520e-01 8.796000e-03 2.194520e-01
146 7.702920e-01 8.600000e-03 2.211080e-01
147 7.687400e-01 8.608000e-03 2.226520e-01
148 7.674000e-01 8.360000e-03 2.242400e-01
149 7.660280e-01 8.344000e-03 2.256280e-01
150 7.645160e-01 8.400000e-03 2.270840e-01
151 7.629880e-01 8.412000e-03 2.286000e-01
152 7.615280e-01 8.360000e-03 2.301120e-01
153 7.600760e-01 8.340000e-03 2.315840e-01
154 7.586080e-01 8.348000e-03 2.330440e-01
155 7.571440e-01 8.320000e-03 2.345360e-01
156 7.558880e-01 8.288000e-03 2.358240e-01
157 7.545520e-01 8.036000e-03 2.374120e-01
158 7.533600e-01 7.848000e-03 2.387920e-01
159 7.522160e-01 7.696000e-03 2.400880e-01
160 7.510320e-01 7.592000e-03 2.413760e-01
161 7.497280e-01 7.600000e-03 2.426720e-01
162 7.484880e-01 7.492000e-03 2.440200e-01
163 7.472440e-01 7.356000e-03 2.454000e-01
164 7.459000e-01 7.412000e-03 2.466880e-01
165 7.446400e-01 7.456000e-03 2.479040e-01
166 7.433800e-01 7.348000e-03 2.492720e-01
167 7.422880e-01 7.220000e-03 2.504920e-01
168 7.409520e-01 7.324000e-03 2.517240e-01
169 7.395600e-01 7.352000e-03 2.530880e-01
170 7.382440e-01 7.380000e-03 2.543760e-01
171 7.369920e-01 7.324000e-03 2.556840e-01
172 7.358200e-01 7.276000e-03 2.569040e-01
173 7.345680e-01 7.284000e-03 2.581480e-01
174 7.334080e-01 7.068000e-03 2.595240e-01
175 7.322680e-01 6.996000e-03 2.607360e-01
176 7.310440e-01 6.940000e-03 2.620160e-01
177 7.300320e-01 6.808000e-03 2.631600e-01
178 7.291520e-01 6.492000e-03 2.643560e-01
179 7.280120e-01 6.432000e-03 2.655560e-01
180 7.268880e-01 6.368000e-03 2.667440e-01
181 7.259920e-01 6.048000e-03 2.679600e-01
182 7.250360e-01 5.972000e-03 2.689920e-01
183 7.240920e-01 5.832000e-03 2.700760e-01
184 7.230920e-01 5.764000e-03 2.711440e-01
185 7.221680e-01 5.644000e-03 2.721880e-01
186 7.211960e-01 5.608000e-03 2.731960e-01
187 7.201960e-01 5.596000e-03 2.742080e-01
188 7.192960e-01 5.560000e-03 2.751440e-01
189 7.183280e-01 5.520000e-03 2.761520e-01
190 7.172440e-01 5.632000e-03 2.771240e-01
191 7.162960e-01 5.596000e-03 2.781080e-01
192 7.152320e-01 5.724000e-03 2.790440e-01
193 7.143840e-01 5.508000e-03 2.801080e-01
194 7.135880e-01 5.236000e-03 2.811760e-01
195 7.127480e-01 5.176000e-03 2.820760e-01
196 7.118440e-01 5.176000e-03 2.829800e-01
197 7.109480e-01 5.112000e-03 2.839400e-01
198 7.100520e-01 5.092000e-03 2.848560e-01
199 7.091760e-01 5.068000e-03 2.857560e-01
200 7.084120e-01 4.940000e-03 2.866480e-01
201 7.076800e-01 4.672000e-03 2.876480e-01
202 7.069560e-01 4.468000e-03 2.885760e-01
203 7.061760e-01 4.496000e-03 2.893280e-01
204 7.054280e-01 4.468000e-03 2.901040e-01
205 7.047040e-01 4.380000e-03 2.909160e-01
206 7.040400e-01 4.384000e-03 2.915760e-01
207 7.032680e-01 4.284000e-03 2.924480e-01
208 7.025560e-01 4.280000e-03 2.931640e-01
209 7.017840e-01 4.348000e-03 2.938680e-01
210 7.009800e-01 4.372000e-03 2.946480e-01
211 7.002040e-01 4.424000e-03 2.953720e-01
212 6.993200e-01 4.536000e-03 2.961440e-01
213 6.984840e-01 4.580000e-03 2.969360e-01
214 6.976360e-01 4.588000e-03 2.977760e-01
215 6.968320e-01 4.520000e-03 2.986480e-01
216 6.960040e-01 4.628000e-03 2.993680e-01
217 6.951480e-01 4.740000e-03 3.001120e-01
218 6.943560e-01 4.716000e-03 3.009280e-01
219 6.936040e-01 4.644000e-03 3.017520e-01
220 6.928000e-01 4.608000e-03 3.025920e-01
221 6.919760e-01 4.552000e-03 3.034720e-01
222 6.912640e-01 4.520000e-03 3.042160e-01
223 6.904560e-01 4.524000e-03 3.050200e-01
224 6.896600e-01 4.648000e-03 3.056920e-01
225 6.888640e-01 4.724000e-03 3.064120e-01
226 6.881000e-01 4.668000e-03 3.072320e-01
227 6.873560e-01 4.620000e-03 3.080240e-01
228 6.866160e-01 4.616000e-03 3.087680e-01
229 6.859600e-01 4.476000e-03 3.095640e-01
230 6.852000e-01 4.496000e-03 3.103040e-01
231 6.845440e-01 4.392000e-03 3.110640e-01
232 6.838080e-01 4.352000e-03 3.118400e-01
233 6.831560e-01 4.204000e-03 3.126400e-01
234 6.825000e-01 4.128000e-03 3.133720e-01
235 6.818200e-01 4.032000e-03 3.141480e-01
236 6.811960e-01 3.928000e-03 3.148760e-01
237 6.805520e-01 3.804000e-03 3.156440e-01
238 6.798800e-01 3.832000e-03 3.162880e-01
239 6.792000e-01 3.852000e-03 3.169480e-01
240 6.785920e-01 3.732000e-03 3.176760e-01
241 6.779800e-01 3.668000e-03 3.183520e-01
242 6.774000e-01 3.608000e-03 3.189920e-01
243 6.767400e-01 3.668000e-03 3.195920e-01
244 6.761520e-01 3.716000e-03 3.201320e-01
245 6.755960e-01 3.724000e-03 3.206800e-01
246 6.750320e-01 3.676000e-03 3.212920e-01
247 6.744800e-01 3.652000e-03 3.218680e-01
248 6.740160e-01 3.508000e-03 3.224760e-01
249 6.734720e-01 3.368000e-03 3.231600e-01
250 6.730000e-01 3.232000e-03 3.237680e-01
251 6.723960e-01 3.276000e-03 3.243280e-01
252 6.718520e-01 3.264000e-03 3.248840e-01
253 6.712560e-01 3.244000e-03 3.255000e-01
254 6.707400e-01 3.184000e-03 3.260760e-01
255 6.701640e-01 3.148000e-03 3.266880e-01
256 6.695160e-01 3.180000e-03 3.273040e-01
257 6.690400e-01 3.144000e-03 3.278160e-01
258 6.685680e-01 3.044000e-03 3.283880e-01
259 6.680400e-01 3.100000e-03 3.288600e-01
260 6.673960e-01 3.244000e-03 3.293600e-01
261 6.669320e-01 3.092000e-03 3.299760e-01
262 6.663240e-01 3.196000e-03 3.304800e-01
263 6.657760e-01 3.188000e-03 3.310360e-01
264 6.652800e-01 3.024000e-03 3.316960e-01
265 6.648000e-01 2.944000e-03 3.322560e-01
266 6.642480e-01 2.952000e-03 3.328000e-01
267 6.636480e-01 3.060000e-03 3.332920e-01
268 6.630440e-01 3.108000e-03 3.338480e-01
269 6.624480e-01 3.128000e-03 3.344240e-01
270 6.619600e-01 2.996000e-03 3.350440e-01
271 6.615120e-01 2.952000e-03 3.355360e-01
272 6.609840e-01 2.936000e-03 3.360800e-01
273 6.604840e-01 2.912000e-03 3.366040e-01
274 6.600640e-01 2.800000e-03 3.371360e-01
275 6.595680e-01 2.812000e-03 3.376200e-01
276 6.591200e-01 2.800000e-03 3.380800e-01
277 6.586400e-01 2.764000e-03 3.385960e-01
278 6.581800e-01 2.720000e-03 3.391000e-01
279 6.576680e-01 2.740000e-03 3.395920e-01
280 6.572200e-01 2.732000e-03 3.400480e-01
281 6.566520e-01 2.856000e-03 3.404920e-01
282 6.561120e-01 2.848000e-03 3.410400e-01
283 6.556680e-01 2.760000e-03 3.415720e-01
284 6.551880e-01 2.756000e-03 3.420560e-01
285 6.547520e-01 2.708000e-03 3.425400e-01
286 6.543720e-01 2.676000e-03 3.429520e-01
287 6.539880e-01 2.596000e-03 3.434160e-01
288 6.535760e-01 2.636000e-03 3.437880e-01
289 6.531080e-01 2.676000e-03 3.442160e-01
290 6.526760e-01 2.628000e-03 3.446960e-01
291 6.522960e-01 2.536000e-03 3.451680e-01
292 6.518520e-01 2.512000e-03 3.456360e-01
293 6.514520e-01 2.500000e-03 3.460480e-01
294 6.509760e-01 2.536000e-03 3.464880e-01
295 6.505000e-01 2.560000e-03 3.469400e-01
296 6.500640e-01 2.552000e-03 3.473840e-01
297 6.496080e-01 2.580000e-03 3.478120e-01
298 6.491920e-01 2.540000e-03 3.482680e-01
299 6.488040e-01 2.508000e-03 3.486880e-01
300 6.484520e-01 2.448000e-03 3.491000e-01
301 6.480240e-01 2.480000e-03 3.494960e-01
302 6.475320e-01 2.564000e-03 3.499040e-01
303 6.471160e-01 2.556000e-03 3.503280e-01
304 6.466440e-01 2.576000e-03 3.507800e-01
305 6.462680e-01 2.472000e-03 3.512600e-01
306 6.457920e-01 2.532000e-03 3.516760e-01
307 6.454000e-01 2.464000e-03 3.521360e-01
308 6.449680e-01 2.500000e-03 3.525320e-01
309 6.446000e-01 2.392000e-03 3.530080e-01
310 6.442080e-01 2.376000e-03 3.534160e-01
311 6.438560e-01 2.308000e-03 3.538360e-01
312 6.435120e-01 2.236000e-03 3.542520e-01
313 6.431800e-01 2.204000e-03 3.546160e-01
314 6.428280e-01 2.148000e-03 3.550240e-01
315 6.425040e-01 2.088000e-03 3.554080e-01
316 6.420760e-01 2.140000e-03 3.557840e-01
317 6.417640e-01 2.108000e-03 3.561280e-01
318 6.413760e-01 2.108000e-03 3.565160e-01
319 6.410480e-01 2.056000e-03 3.568960e-01
320 6.406800e-01 2.048000e-03 3.572720e-01
321 6.403120e-01 2.072000e-03 3.576160e-01
322 6.399360e-01 2.100000e-03 3.579640e-01
323 6.395640e-01 2.084000e-03 3.583520e-01
324 6.392040e-01 2.060000e-03 3.587360e-01
325 6.387840e-01 2.164000e-03 3.590520e-01
326 6.384200e-01 2.140000e-03 3.594400e-01
327 6.381120e-01 2.052000e-03 3.598360e-01
328 6.378160e-01 2.024000e-03 3.601600e-01
329 6.374520e-01 2.008000e-03 3.605400e-01
330 6.371120e-01 1.992000e-03 3.608960e-01
331 6.367800e-01 1.968000e-03 3.612520e-01
332 6.363920e-01 2.032000e-03 3.615760e-01
333 6.360240e-01 2.060000e-03 3.619160e-01
334 6.356240e-01 2.124000e-03 3.622520e-01
335 6.352440e-01 2.148000e-03 3.626080e-01
336 6.347760e-01 2.248000e-03 3.629760e-01
337 6.343240e-01 2.340000e-03 3.633360e-01
338 6.339800e-01 2.348000e-03 3.636720e-01
339 6.336200e-01 2.328000e-03 3.640520e-01
340 6.332280e-01 2.344000e-03 3.644280e-01
341 6.327880e-01 2.368000e-03 3.648440e-01
342 6.324600e-01 2.340000e-03 3.652000e-01
343 6.320160e-01 2.312000e-03 3.656720e-01
344 6.316520e-01 2.240000e-03 3.661080e-01
345 6.313200e-01 2.152000e-03 3.665280e-01
346 6.310360e-01 2.092000e-03 3.668720e-01
347 6.307480e-01 1.992000e-03 3.672600e-01
348 6.304880e-01 1.888000e-03 3.676240e-01
349 6.301840e-01 1.916000e-03 3.679000e-01
350 6.299280e-01 1.832000e-03 3.682400e-01
351 6.296800e-01 1.800000e-03 3.685200e-01
352 6.293320e-01 1.816000e-03 3.688520e-01
353 6.290680e-01 1.768000e-03 3.691640e-01
354 6.287920e-01 1.748000e-03 3.694600e-01
355 6.285560e-01 1.700000e-03 3.697440e-01
356 6.282720e-01 1.684000e-03 3.700440e-01
357 6.280000e-01 1.660000e-03 3.703400e-01
358 6.278000e-01 1.540000e-03 3.706600e-01
359 6.275640e-01 1.516000e-03 3.709200e-01
360 6.273600e-01 1.500000e-03 3.711400e-01
361 6.270720e-01 1.548000e-03 3.713800e-01
362 6.268920e-01 1.472000e-03 3.716360e-01
363 6.266800e-01 1.416000e-03 3.719040e-01
364 6.264720e-01 1.404000e-03 3.721240e-01
365 6.262440e-01 1.372000e-03 3.723840e-01
366 6.260520e-01 1.380000e-03 3.725680e-01
367 6.258720e-01 1.312000e-03 3.728160e-01
368 6.257160e-01 1.216000e-03 3.730680e-01
369 6.254480e-01 1.284000e-03 3.732680e-01
370 6.252880e-01 1.236000e-03 3.734760e-01
371 6.251080e-01 1.248000e-03 3.736440e-01
372 6.249360e-01 1.208000e-03 3.738560e-01
373 6.247040e-01 1.220000e-03 3.740760e-01
374 6.245600e-01 1.132000e-03 3.743080e-01
375 6.243680e-01 1.100000e-03 3.745320e-01
376 6.241480e-01 1.112000e-03 3.747400e-01
377 6.239720e-01 1.136000e-03 3.748920e-01
378 6.237800e-01 1.136000e-03 3.750840e-01
379 6.235840e-01 1.132000e-03 3.752840e-01
380 6.234480e-01 1.128000e-03 3.754240e-01
381 6.232560e-01 1.140000e-03 3.756040e-01
382 6.230120e-01 1.136000e-03 3.758520e-01
383 6.227920e-01 1.144000e-03 3.760640e-01
384 6.224760e-01 1.244000e-03 3.762800e-01
385 6.222600e-01 1.280000e-03 3.764600e-01
386 6.220840e-01 1.216000e-03 3.767000e-01
387 6.218760e-01 1.240000e-03 3.768840e-01
388 6.216480e-01 1.224000e-03 3.771280e-01
389 6.214640e-01 1.188000e-03 3.773480e-01
390 6.212760e-01 1.148000e-03 3.775760e-01
391 6.211160e-01 1.136000e-03 3.777480e-01
392 6.208840e-01 1.180000e-03 3.779360e-01
393 6.206760e-01 1.196000e-03 3.781280e-01
394 6.205000e-01 1.168000e-03 3.783320e-01
395 6.202880e-01 1.116000e-03 3.785960e-01
396 6.200480e-01 1.160000e-03 3.787920e-01
397 6.198040e-01 1.160000e-03 3.790360e-01
398 6.196080e-01 1.196000e-03 3.791960e-01
399 6.193680e-01 1.208000e-03 3.794240e-01
400 6.191600e-01 1.212000e-03 3.796280e-01
401 6.188600e-01 1.296000e-03 3.798440e-01
402 6.186480e-01 1.256000e-03 3.800960e-01
403 6.184200e-01 1.228000e-03 3.803520e-01
404 6.182440e-01 1.196000e-03 3.805600e-01
405 6.180480e-01 1.164000e-03 3.807880e-01
406 6.178800e-01 1.104000e-03 3.810160e-01
407 6.176840e-01 1.076000e-03 3.812400e-01
408 6.175600e-01 1.008000e-03 3.814320e-01
409 6.173760e-01 1.008000e-03 3.816160e-01
410 6.172200e-01 1.028000e-03 3.817520e-01
411 6.170800e-01 9.680000e-04 3.819520e-01
412 6.169320e-01 9.280000e-04 3.821400e-01
413 6.167680e-01 9.200000e-04 3.823120e-01
414 6.166480e-01 9.000000e-04 3.824520e-01
415 6.165160e-01 8.320000e-04 3.826520e-01
416 6.164280e-01 7.600000e-04 3.828120e-01
417 6.163160e-01 6.960000e-04 3.829880e-01
418 6.161760e-01 6.400000e-04 3.831840e-01
419 6.160880e-01 6.200000e-04 3.832920e-01
420 6.160000e-01 6.040000e-04 3.833960e-01
421 6.159040e-01 6.080000e-04 3.834880e-01
422 6.157960e-01 6.120000e-04 3.835920e-01
423 6.157160e-01 5.600000e-04 3.837240e-01
424 6.156320e-01 5.360000e-04 3.838320e-01
425 6.155160e-01 5.600000e-04 3.839240e-01
426 6.154040e-01 5.480000e-04 3.840480e-01
427 6.152720e-01 5.840000e-04 3.841440e-01
428 6.151520e-01 6.040000e-04 3.842440e-01
429 6.150200e-01 6.320000e-04 3.843480e-01
430 6.149160e-01 6.200000e-04 3.844640e-01
431 6.148200e-01 6.120000e-04 3.845680e-01
432 6.146560e-01 6.360000e-04 3.847080e-01
433 6.145520e-01 6.200000e-04 3.848280e-01
434 6.144320e-01 6.240000e-04 3.849440e-01
435 6.142880e-01 6.960000e-04 3.850160e-01
436 6.141520e-01 7.240000e-04 3.851240e-01
437 6.140160e-01 7.280000e-04 3.852560e-01
438 6.139120e-01 6.920000e-04 3.853960e-01
439 6.138440e-01 6.200000e-04 3.855360e-01
440 6.137880e-01 5.600000e-04 3.856520e-01
441 6.137440e-01 5.240000e-04 3.857320e-01
442 6.136520e-01 5.320000e-04 3.858160e-01
443 6.135880e-01 5.120000e-04 3.859000e-01
444 6.134880e-01 5.240000e-04 3.859880e-01
445 6.133920e-01 5.360000e-04 3.860720e-01
446 6.133240e-01 5.240000e-04 3.861520e-01
447 6.132200e-01 5.240000e-04 3.862560e-01
448 6.131400e-01 5.320000e-04 3.863280e-01
449 6.130520e-01 5.280000e-04 3.864200e-01
450 6.129520e-01 5.560000e-04 3.864920e-01
451 6.128360e-01 5.960000e-04 3.865680e-01
452 6.127200e-01 5.600000e-04 3.867200e-01
453 6.126200e-01 5.760000e-04 3.868040e-01
454 6.125200e-01 5.840000e-04 3.868960e-01
455 6.124480e-01 5.320000e-04 3.870200e-01
456 6.123600e-01 5.040000e-04 3.871360e-01
457 6.123080e-01 4.720000e-04 3.872200e-01
458 6.122480e-01 4.560000e-04 3.872960e-01
459 6.122120e-01 4.240000e-04 3.873640e-01
460 6.121720e-01 3.920000e-04 3.874360e-01
461 6.121240e-01 3.720000e-04 3.875040e-01
462 6.120920e-01 3.640000e-04 3.875440e-01
463 6.120480e-01 3.440000e-04 3.876080e-01
464 6.119800e-01 3.520000e-04 3.876680e-01
465 6.119280e-01 3.400000e-04 3.877320e-01
466 6.118680e-01 3.400000e-04 3.877920e-01
467 6.117920e-01 3.600000e-04 3.878480e-01
468 6.117200e-01 3.520000e-04 3.879280e-01
469 6.116760e-01 3.600000e-04 3.879640e-01
470 6.116280e-01 3.480000e-04 3.880240e-01
471 6.115760e-01 3.160000e-04 3.881080e-01
472 6.115080e-01 3.280000e-04 3.881640e-01
473 6.114240e-01 3.280000e-04 3.882480e-01
474 6.113880e-01 3.200000e-04 3.882920e-01
475 6.113560e-01 3.080000e-04 3.883360e-01
476 6.113360e-01 2.640000e-04 3.884000e-01
477 6.113160e-01 2.480000e-04 3.884360e-01
478 6.112760e-01 2.600000e-04 3.884640e-01
479 6.112480e-01 2.240000e-04 3.885280e-01
480 6.112200e-01 2.120000e-04 3.885680e-01
481 6.111960e-01 1.880000e-04 3.886160e-01
482 6.111640e-01 1.840000e-04 3.886520e-01
483 6.111440e-01 1.800000e-04 3.886760e-01
484 6.111120e-01 1.800000e-04 3.887080e-01
485 6.110960e-01 1.800000e-04 3.887240e-01
486 6.110680e-01 1.800000e-04 3.887520e-01
487 6.110240e-01 2.000000e-04 3.887760e-01
488 6.109920e-01 1.920000e-04 3.888160e-01
489 6.109600e-01 1.880000e-04 3.888520e-01
490 6.109360e-01 2.000000e-04 3.888640e-01
491 6.109160e-01 1.840000e-04 3.889000e-01
492 6.108880e-01 1.840000e-04 3.889280e-01
493 6.108800e-01 1.480000e-04 3.889720e-01
494 6.108720e-01 1.440000e-04 3.889840e-01
495 6.108480e-01 1.480000e-04 3.890040e-01
496 6.108200e-01 1.560000e-04 3.890240e-01
497 6.108120e-01 1.440000e-04 3.890440e-01
498 6.108080e-01 1.120000e-04 3.890800e-01
499 6.107960e-01 9.600000e-05 3.891080e-01
500 6.107920e-01 8.000000e-05 3.891280e-01
