1 9.992600e-01 6.400000e-04 1.000000e-04
2 9.988040e-01 9.640000e-04 2.320000e-04
3 9.982640e-01 1.336000e-03 4.000000e-04
4 9.975000e-01 1.852000e-03 6.480000e-04
5 9.967400e-01 2.300000e-03 9.600000e-04
6 9.958880e-01 2.776000e-03 1.336000e-03
7 9.950080e-01 3.124000e-03 1.868000e-03
8 9.940720e-01 3.468000e-03 2.460000e-03
9 9.932160e-01 3.620000e-03 3.164000e-03
10 9.921560e-01 4.084000e-03 3.760000e-03
11 9.910080e-01 4.504000e-03 4.488000e-03
12 9.899080e-01 4.772000e-03 5.320000e-03
13 9.888360e-01 5.060000e-03 6.104000e-03
14 9.875880e-01 5.396000e-03 7.016000e-03
15 9.863760e-01 5.680000e-03 7.944000e-03
16 9.851400e-01 5.912000e-03 8.948000e-03
17 9.838720e-01 6.132000e-03 9.996000e-03
18 9.826280e-01 6.312000e-03 1.106000e-02
19 9.813200e-01 6.480000e-03 1.220000e-02
20 9.800800e-01 6.640000e-03 1.328000e-02
21 9.786200e-01 6.864000e-03 1.451600e-02
22 9.774200e-01 6.856000e-03 1.572400e-02
23 9.762800e-01 6.780000e-03 1.694000e-02
24 9.751160e-01 6.788000e-03 1.809600e-02
25 9.738240e-01 6.848000e-03 1.932800e-02
26 9.725400e-01 6.840000e-03 2.062000e-02
27 9.712640e-01 6.928000e-03 2.180800e-02
28 9.698080e-01 7.096000e-03 2.309600e-02
29 9.685200e-01 7.248000e-03 2.423200e-02
30 9.673160e-01 7.064000e-03 2.562000e-02
31 9.659360e-01 7.272000e-03 2.679200e-02
32 9.643920e-01 7.416000e-03 2.819200e-02
33 9.628840e-01 7.604000e-03 2.951200e-02
34 9.612960e-01 7.888000e-03 3.081600e-02
35 9.597440e-01 8.016000e-03 3.224000e-02
36 9.581960e-01 8.124000e-03 3.368000e-02
37 9.566800e-01 8.320000e-03 3.500000e-02
38 9.550800e-01 8.540000e-03 3.638000e-02
39 9.535800e-01 8.500000e-03 3.792000e-02
40 9.521600e-01 8.452000e-03 3.938800e-02
41 9.504960e-01 8.640000e-03 4.086400e-02
42 9.488320e-01 8.820000e-03 4.234800e-02
43 9.472440e-01 8.808000e-03 4.394800e-02
44 9.457120e-01 8.980000e-03 4.530800e-02
45 9.441520e-01 8.964000e-03 4.688400e-02
46 9.425400e-01 8.960000e-03 4.850000e-02
47 9.409520e-01 9.040000e-03 5.000800e-02
48 9.393720e-01 8.936000e-03 5.169200e-02
49 9.378960e-01 9.020000e-03 5.308400e-02
50 9.363880e-01 8.868000e-03 5.474400e-02
51 9.349960e-01 8.664000e-03 5.634000e-02
52 9.336320e-01 8.384000e-03 5.798400e-02
53 9.321040e-01 8.448000e-03 5.944800e-02
54 9.306160e-01 8.264000e-03 6.112000e-02
55 9.291720e-01 8.184000e-03 6.264400e-02
56 9.277920e-01 8.112000e-03 6.409600e-02
57 9.262800e-01 8.272000e-03 6.544800e-02
58 9.249760e-01 8.148000e-03 6.687600e-02
59 9.235880e-01 8.104000e-03 6.830800e-02
60 9.221960e-01 7.988000e-03 6.981600e-02
61 9.208160e-01 7.888000e-03 7.129600e-02
62 9.195480e-01 7.748000e-03 7.270400e-02
63 9.183200e-01 7.612000e-03 7.406800e-02
64 9.170200e-01 7.660000e-03 7.532000e-02
65 9.157800e-01 7.604000e-03 7.661600e-02
66 9.144680e-01 7.620000e-03 7.791200e-02
67 9.131880e-01 7.488000e-03 7.932400e-02
68 9.118000e-01 7.612000e-03 8.058800e-02
69 9.104680e-01 7.628000e-03 8.190400e-02
70 9.090640e-01 7.644000e-03 8.329200e-02
71 9.077320e-01 7.708000e-03 8.456000e-02
72 9.062800e-01 7.872000e-03 8.584800e-02
73 9.049320e-01 7.916000e-03 8.715200e-02
74 9.034880e-01 7.940000e-03 8.857200e-02
75 9.021000e-01 7.912000e-03 8.998800e-02
76 9.007960e-01 7.800000e-03 9.140400e-02
77 8.995680e-01 7.752000e-03 9.268000e-02
78 8.983440e-01 7.720000e-03 9.393600e-02
79 8.970880e-01 7.704000e-03 9.520800e-02
80 8.959120e-01 7.492000e-03 9.659600e-02
81 8.945960e-01 7.372000e-03 9.803200e-02
82 8.934400e-01 7.268000e-03 9.929200e-02
83 8.920920e-01 7.180000e-03 1.007280e-01
84 8.907760e-01 7.212000e-03 1.020120e-01
85 8.896320e-01 6.932000e-03 1.034360e-01
86 8.883240e-01 7.000000e-03 1.046760e-01
87 8.870800e-01 6.996000e-03 1.059240e-01
88 8.859960e-01 6.844000e-03 1.071600e-01
89 8.848440e-01 6.804000e-03 1.083520e-01
90 8.837400e-01 6.668000e-03 1.095920e-01
91 8.825960e-01 6.532000e-03 1.108720e-01
92 8.815080e-01 6.320000e-03 1.121720e-01
93 8.804480e-01 6.232000e-03 1.133200e-01
94 8.793720e-01 6.136000e-03 1.144920e-01
95 8.783600e-01 5.976000e-03 1.156640e-01
96 8.772600e-01 5.988000e-03 1.167520e-01
97 8.763480e-01 5.856000e-03 1.177960e-01
98 8.754040e-01 5.840000e-03 1.187560e-01
99 8.744480e-01 5.780000e-03 1.197720e-01
100 8.734200e-01 5.760000e-03 1.208200e-01
101 8.724120e-01 5.684000e-03 1.219040e-01
102 8.713480e-01 5.764000e-03 1.228880e-01
103 8.703280e-01 5.744000e-03 1.239280e-01
104 8.693200e-01 5.736000e-03 1.249440e-01
105 8.684080e-01 5.560000e-03 1.260320e-01
106 8.674320e-01 5.512000e-03 1.270560e-01
107 8.664320e-01 5.504000e-03 1.280640e-01
108 8.654480e-01 5.384000e-03 1.291680e-01
109 8.644840e-01 5.456000e-03 1.300600e-01
110 8.634920e-01 5.408000e-03 1.311000e-01
111 8.624040e-01 5.504000e-03 1.320920e-01
112 8.613960e-01 5.528000e-03 1.330760e-01
113 8.602560e-01 5.768000e-03 1.339760e-01
114 8.590840e-01 5.964000e-03 1.349520e-01
115 8.578760e-01 6.168000e-03 1.359560e-01
116 8.566480e-01 6.296000e-03 1.370560e-01
117 8.553880e-01 6.360000e-03 1.382520e-01
118 8.540880e-01 6.560000e-03 1.393520e-01
119 8.527360e-01 6.804000e-03 1.404600e-01
120 8.514240e-01 6.948000e-03 1.416280e-01
121 8.501440e-01 6.928000e-03 1.429280e-01
122 8.487800e-01 7.180000e-03 1.440400e-01
123 8.474960e-01 7.144000e-03 1.453600e-01
124 8.462000e-01 7.144000e-03 1.466560e-01
125 8.450600e-01 7.072000e-03 1.478680e-01
126 8.436800e-01 7.292000e-03 1.490280e-01
127 8.422920e-01 7.436000e-03 1.502720e-01
128 8.410600e-01 7.424000e-03 1.515160e-01
129 8.398120e-01 7.284000e-03 1.529040e-01
130 8.386720e-01 7.284000e-03 1.540440e-01
131 8.373800e-01 7.272000e-03 1.553480e-01
132 8.362520e-01 7.236000e-03 1.565120e-01
133 8.351320e-01 7.020000e-03 1.578480e-01
134 8.342240e-01 6.652000e-03 1.591240e-01
135 8.331480e-01 6.600000e-03 1.602520e-01
136 8.322000e-01 6.400000e-03 1.614000e-01
137 8.312960e-01 6.244000e-03 1.624600e-01
138 8.302720e-01 6.072000e-03 1.636560e-01
139 8.293080e-01 5.904000e-03 1.647880e-01
140 8.282880e-01 5.856000e-03 1.658560e-01
141 8.273680e-01 5.776000e-03 1.668560e-01
142 8.264520e-01 5.668000e-03 1.678800e-01
143 8.255240e-01 5.568000e-03 1.689080e-01
144 8.245120e-01 5.608000e-03 1.698800e-01
145 8.235920e-01 5.540000e-03 1.708680e-01
146 8.226520e-01 5.496000e-03 1.718520e-01
147 8.217320e-01 5.436000e-03 1.728320e-01
148 8.206960e-01 5.592000e-03 1.737120e-01
149 8.197360e-01 5.572000e-03 1.746920e-01
150 8.188200e-01 5.576000e-03 1.756040e-01
151 8.178400e-01 5.596000e-03 1.765640e-01
152 8.168000e-01 5.684000e-03 1.775160e-01
153 8.157040e-01 5.784000e-03 1.785120e-01
154 8.148040e-01 5.552000e-03 1.796440e-01
155 8.138120e-01 5.572000e-03 1.806160e-01
156 8.128080e-01 5.584000e-03 1.816080e-01
157 8.118520e-01 5.548000e-03 1.826000e-01
158 8.109240e-01 5.412000e-03 1.836640e-01
159 8.099640e-01 5.452000e-03 1.845840e-01
160 8.090400e-01 5.388000e-03 1.855720e-01
161 8.080400e-01 5.500000e-03 1.864600e-01
162 8.069960e-01 5.388000e-03 1.876160e-01
163 8.059720e-01 5.540000e-03 1.884880e-01
164 8.050080e-01 5.468000e-03 1.895240e-01
165 8.039360e-01 5.580000e-03 1.904840e-01
166 8.030240e-01 5.420000e-03 1.915560e-01
167 8.020280e-01 5.292000e-03 1.926800e-01
168 8.012280e-01 5.276000e-03 1.934960e-01
169 8.004360e-01 5.140000e-03 1.944240e-01
170 7.997400e-01 4.888000e-03 1.953720e-01
171 7.988800e-01 5.000000e-03 1.961200e-01
172 7.979760e-01 5.080000e-03 1.969440e-01
173 7.970960e-01 4.984000e-03 1.979200e-01
174 7.963720e-01 4.852000e-03 1.987760e-01
175 7.956520e-01 4.696000e-03 1.996520e-01
176 7.949160e-01 4.624000e-03 2.004600e-01
177 7.942560e-01 4.472000e-03 2.012720e-01
178 7.934640e-01 4.396000e-03 2.021400e-01
179 7.927320e-01 4.320000e-03 2.029480e-01
180 7.919400e-01 4.284000e-03 2.037760e-01
181 7.912440e-01 4.272000e-03 2.044840e-01
182 7.905760e-01 4.192000e-03 2.052320e-01
183 7.897680e-01 4.232000e-03 2.060000e-01
184 7.890800e-01 4.188000e-03 2.067320e-01
185 7.883760e-01 4.196000e-03 2.074280e-01
186 7.877200e-01 4.124000e-03 2.081560e-01
187 7.870600e-01 4.052000e-03 2.088880e-01
188 7.864320e-01 4.044000e-03 2.095240e-01
189 7.856840e-01 4.092000e-03 2.102240e-01
190 7.850280e-01 4.120000e-03 2.108520e-01
191 7.843040e-01 4.172000e-03 2.115240e-01
192 7.835920e-01 4.216000e-03 2.121920e-01
193 7.830000e-01 4.060000e-03 2.129400e-01
194 7.824280e-01 3.964000e-03 2.136080e-01
195 7.817760e-01 3.996000e-03 2.142280e-01
196 7.810160e-01 4.072000e-03 2.149120e-01
197 7.802680e-01 4.076000e-03 2.156560e-01
198 7.795480e-01 4.076000e-03 2.163760e-01
199 7.787960e-01 4.084000e-03 2.171200e-01
200 7.779760e-01 4.096000e-03 2.179280e-01
201 7.772760e-01 4.096000e-03 2.186280e-01
202 7.765320e-01 4.172000e-03 2.192960e-01
203 7.758040e-01 4.144000e-03 2.200520e-01
204 7.749920e-01 4.312000e-03 2.206960e-01
205 7.743040e-01 4.312000e-03 2.213840e-01
206 7.735280e-01 4.260000e-03 2.222120e-01
207 7.728320e-01 4.188000e-03 2.229800e-01
208 7.722680e-01 4.076000e-03 2.236560e-01
209 7.716480e-01 3.880000e-03 2.244720e-01
210 7.710800e-01 3.796000e-03 2.251240e-01
211 7.705240e-01 3.696000e-03 2.257800e-01
212 7.698640e-01 3.756000e-03 2.263800e-01
213 7.692360e-01 3.676000e-03 2.270880e-01
214 7.686320e-01 3.624000e-03 2.277440e-01
215 7.680920e-01 3.516000e-03 2.283920e-01
216 7.674560e-01 3.504000e-03 2.290400e-01
217 7.668800e-01 3.532000e-03 2.295880e-01
218 7.662440e-01 3.580000e-03 2.301760e-01
219 7.656440e-01 3.560000e-03 2.307960e-01
220 7.649720e-01 3.632000e-03 2.313960e-01
221 7.645000e-01 3.456000e-03 2.320440e-01
222 7.639200e-01 3.476000e-03 2.326040e-01
223 7.633760e-01 3.516000e-03 2.331080e-01
224 7.628120e-01 3.492000e-03 2.336960e-01
225 7.623120e-01 3.296000e-03 2.343920e-01
226 7.617120e-01 3.360000e-03 2.349280e-01
227 7.611600e-01 3.264000e-03 2.355760e-01
228 7.605680e-01 3.212000e-03 2.362200e-01
229 7.599760e-01 3.180000e-03 2.368440e-01
230 7.595320e-01 3.120000e-03 2.373480e-01
231 7.589920e-01 3.128000e-03 2.378800e-01
232 7.584600e-01 3.128000e-03 2.384120e-01
233 7.579280e-01 3.184000e-03 2.388880e-01
234 7.573160e-01 3.128000e-03 2.395560e-01
235 7.566040e-01 3.240000e-03 2.401560e-01
236 7.559760e-01 3.200000e-03 2.408240e-01
237 7.553120e-01 3.348000e-03 2.413400e-01
238 7.546600e-01 3.388000e-03 2.419520e-01
239 7.540680e-01 3.312000e-03 2.426200e-01
240 7.535360e-01 3.160000e-03 2.433040e-01
241 7.530560e-01 3.072000e-03 2.438720e-01
242 7.525440e-01 3.052000e-03 2.444040e-01
243 7.520240e-01 3.012000e-03 2.449640e-01
244 7.514880e-01 2.964000e-03 2.455480e-01
245 7.509480e-01 2.976000e-03 2.460760e-01
246 7.505280e-01 2.908000e-03 2.465640e-01
247 7.499280e-01 2.908000e-03 2.471640e-01
248 7.494800e-01 2.844000e-03 2.476760e-01
249 7.490200e-01 2.816000e-03 2.481640e-01
250 7.486200e-01 2.736000e-03 2.486440e-01
251 7.481600e-01 2.724000e-03 2.491160e-01
252 7.476760e-01 2.740000e-03 2.495840e-01
253 7.472760e-01 2.668000e-03 2.500560e-01
254 7.468920e-01 2.624000e-03 2.504840e-01
255 7.464480e-01 2.640000e-03 2.509120e-01
256 7.460600e-01 2.564000e-03 2.513760e-01
257 7.456080e-01 2.596000e-03 2.517960e-01
258 7.451400e-01 2.608000e-03 2.522520e-01
259 7.446840e-01 2.712000e-03 2.526040e-01
260 7.441560e-01 2.752000e-03 2.530920e-01
261 7.436920e-01 2.712000e-03 2.535960e-01
262 7.433080e-01 2.652000e-03 2.540400e-01
263 7.428480e-01 2.676000e-03 2.544760e-01
264 7.423280e-01 2.664000e-03 2.550080e-01
265 7.419080e-01 2.624000e-03 2.554680e-01
266 7.414840e-01 2.560000e-03 2.559560e-01
267 7.410080e-01 2.596000e-03 2.563960e-01
268 7.404920e-01 2.620000e-03 2.568880e-01
269 7.399840e-01 2.656000e-03 2.573600e-01
270 7.395720e-01 2.536000e-03 2.578920e-01
271 7.390800e-01 2.568000e-03 2.583520e-01
272 7.386160e-01 2.544000e-03 2.588400e-01
273 7.382000e-01 2.516000e-03 2.592840e-01
274 7.377520e-01 2.504000e-03 2.597440e-01
275 7.371960e-01 2.592000e-03 2.602120e-01
276 7.367480e-01 2.624000e-03 2.606280e-01
277 7.362360e-01 2.672000e-03 2.610920e-01
278 7.358440e-01 2.580000e-03 2.615760e-01
279 7.354120e-01 2.572000e-03 2.620160e-01
280 7.350480e-01 2.412000e-03 2.625400e-01
281 7.346360e-01 2.312000e-03 2.630520e-01
282 7.342560e-01 2.292000e-03 2.634520e-01
283 7.338520e-01 2.344000e-03 2.638040e-01
284 7.334240e-01 2.388000e-03 2.641880e-01
285 7.330760e-01 2.316000e-03 2.646080e-01
286 7.325720e-01 2.376000e-03 2.650520e-01
287 7.321000e-01 2.448000e-03 2.654520e-01
288 7.318160e-01 2.288000e-03 2.658960e-01
289 7.314040e-01 2.248000e-03 2.663480e-01
290 7.311040e-01 2.088000e-03 2.668080e-01
291 7.307440e-01 2.008000e-03 2.672480e-01
292 7.304720e-01 1.904000e-03 2.676240e-01
293 7.301520e-01 1.824000e-03 2.680240e-01
294 7.298760e-01 1.812000e-03 2.683120e-01
295 7.296040e-01 1.784000e-03 2.686120e-01
296 7.293680e-01 1.692000e-03 2.689400e-01
297 7.291560e-01 1.628000e-03 2.692160e-01
298 7.288920e-01 1.548000e-03 2.695600e-01
299 7.287200e-01 1.520000e-03 2.697600e-01
300 7.284680e-01 1.528000e-03 2.700040e-01
301 7.281680e-01 1.592000e-03 2.702400e-01
302 7.278920e-01 1.592000e-03 2.705160e-01
303 7.275560e-01 1.564000e-03 2.708800e-01
304 7.272840e-01 1.540000e-03 2.711760e-01
305 7.269480e-01 1.596000e-03 2.714560e-01
306 7.266640e-01 1.564000e-03 2.717720e-01
307 7.263960e-01 1.556000e-03 2.720480e-01
308 7.260760e-01 1.580000e-03 2.723440e-01
309 7.257920e-01 1.552000e-03 2.726560e-01
310 7.255320e-01 1.500000e-03 2.729680e-01
311 7.252560e-01 1.504000e-03 2.732400e-01
312 7.250440e-01 1.440000e-03 2.735160e-01
313 7.248000e-01 1.432000e-03 2.737680e-01
314 7.244800e-01 1.492000e-03 2.740280e-01
315 7.242320e-01 1.520000e-03 2.742480e-01
316 7.239600e-01 1.492000e-03 2.745480e-01
317 7.237080e-01 1.468000e-03 2.748240e-01
318 7.234640e-01 1.472000e-03 2.750640e-01
319 7.232240e-01 1.448000e-03 2.753280e-01
320 7.229680e-01 1.432000e-03 2.756000e-01
321 7.227440e-01 1.424000e-03 2.758320e-01
322 7.225160e-01 1.436000e-03 2.760480e-01
323 7.222880e-01 1.464000e-03 2.762480e-01
324 7.220120e-01 1.480000e-03 2.765080e-01
325 7.217800e-01 1.412000e-03 2.768080e-01
326 7.214840e-01 1.436000e-03 2.770800e-01
327 7.212800e-01 1.452000e-03 2.772680e-01
328 7.209600e-01 1.516000e-03 2.775240e-01
329 7.207120e-01 1.508000e-03 2.777800e-01
330 7.204240e-01 1.544000e-03 2.780320e-01
331 7.201680e-01 1.556000e-03 2.782760e-01
332 7.198640e-01 1.640000e-03 2.784960e-01
333 7.196280e-01 1.596000e-03 2.787760e-01
334 7.193680e-01 1.588000e-03 2.790440e-01
335 7.191120e-01 1.512000e-03 2.793760e-01
336 7.188720e-01 1.504000e-03 2.796240e-01
337 7.186680e-01 1.480000e-03 2.798520e-01
338 7.184280e-01 1.436000e-03 2.801360e-01
339 7.181560e-01 1.472000e-03 2.803720e-01
340 7.179040e-01 1.436000e-03 2.806600e-01
341 7.176280e-01 1.476000e-03 2.808960e-01
342 7.174040e-01 1.432000e-03 2.811640e-01
343 7.171360e-01 1.424000e-03 2.814400e-01
344 7.168720e-01 1.400000e-03 2.817280e-01
345 7.165760e-01 1.476000e-03 2.819480e-01
346 7.162680e-01 1.540000e-03 2.821920e-01
347 7.160040e-01 1.552000e-03 2.824440e-01
348 7.158040e-01 1.464000e-03 2.827320e-01
349 7.156280e-01 1.368000e-03 2.830040e-01
350 7.153680e-01 1.376000e-03 2.832560e-01
351 7.151320e-01 1.364000e-03 2.835040e-01
352 7.149280e-01 1.328000e-03 2.837440e-01
353 7.146920e-01 1.372000e-03 2.839360e-01
354 7.144480e-01 1.360000e-03 2.841920e-01
355 7.141800e-01 1.384000e-03 2.844360e-01
356 7.139800e-01 1.332000e-03 2.846880e-01
357 7.138120e-01 1.300000e-03 2.848880e-01
358 7.135680e-01 1.308000e-03 2.851240e-01
359 7.133960e-01 1.236000e-03 2.853680e-01
360 7.131680e-01 1.196000e-03 2.856360e-01
361 7.129520e-01 1.168000e-03 2.858800e-01
362 7.127920e-01 1.156000e-03 2.860520e-01
363 7.126200e-01 1.104000e-03 2.862760e-01
364 7.124280e-01 1.124000e-03 2.864480e-01
365 7.121800e-01 1.152000e-03 2.866680e-01
366 7.118920e-01 1.268000e-03 2.868400e-01
367 7.116600e-01 1.352000e-03 2.869880e-01
368 7.114800e-01 1.316000e-03 2.872040e-01
369 7.112840e-01 1.328000e-03 2.873880e-01
370 7.111080e-01 1.276000e-03 2.876160e-01
371 7.109000e-01 1.256000e-03 2.878440e-01
372 7.106800e-01 1.244000e-03 2.880760e-01
373 7.104760e-01 1.224000e-03 2.883000e-01
374 7.103040e-01 1.188000e-03 2.885080e-01
375 7.101640e-01 1.116000e-03 2.887200e-01
376 7.100280e-01 1.040000e-03 2.889320e-01
377 7.098840e-01 9.720000e-04 2.891440e-01
378 7.097120e-01 9.960000e-04 2.892920e-01
379 7.095600e-01 1.012000e-03 2.894280e-01
380 7.094000e-01 9.880000e-04 2.896120e-01
381 7.092680e-01 9.040000e-04 2.898280e-01
382 7.091320e-01 8.560000e-04 2.900120e-01
383 7.090000e-01 8.440000e-04 2.901560e-01
384 7.088720e-01 8.040000e-04 2.903240e-01
385 7.086960e-01 8.480000e-04 2.904560e-01
386 7.085240e-01 8.560000e-04 2.906200e-01
387 7.083800e-01 8.600000e-04 2.907600e-01
388 7.082320e-01 8.640000e-04 2.909040e-01
389 7.081040e-01 8.320000e-04 2.910640e-01
390 7.079600e-01 8.400000e-04 2.912000e-01
391 7.078160e-01 8.400000e-04 2.913440e-01
392 7.076840e-01 8.200000e-04 2.914960e-01
393 7.075720e-01 8.120000e-04 2.916160e-01
394 7.074600e-01 7.720000e-04 2.917680e-01
395 7.073240e-01 7.840000e-04 2.918920e-01
396 7.072120e-01 7.760000e-04 2.920120e-01
397 7.070720e-01 7.480000e-04 2.921800e-01
398 7.069440e-01 7.520000e-04 2.923040e-01
399 7.068360e-01 7.360000e-04 2.924280e-01
400 7.067000e-01 7.560000e-04 2.925440e-01
401 7.065480e-01 8.040000e-04 2.926480e-01
402 7.063320e-01 8.720000e-04 2.927960e-01
403 7.062000e-01 8.960000e-04 2.929040e-01
404 7.060840e-01 8.520000e-04 2.930640e-01
405 7.059800e-01 8.120000e-04 2.932080e-01
406 7.058400e-01 8.400000e-04 2.933200e-01
407 7.056880e-01 8.560000e-04 2.934560e-01
408 7.055440e-01 8.400000e-04 2.936160e-01
409 7.054240e-01 8.000000e-04 2.937760e-01
410 7.053040e-01 8.080000e-04 2.938880e-01
411 7.052080e-01 7.640000e-04 2.940280e-01
412 7.050760e-01 7.560000e-04 2.941680e-01
413 7.049600e-01 7.440000e-04 2.942960e-01
414 7.048440e-01 7.600000e-04 2.943960e-01
415 7.047160e-01 7.360000e-04 2.945480e-01
416 7.046000e-01 7.040000e-04 2.946960e-01
417 7.044880e-01 6.840000e-04 2.948280e-01
418 7.043600e-01 6.960000e-04 2.949440e-01
419 7.042200e-01 7.000000e-04 2.950800e-01
420 7.040960e-01 6.680000e-04 2.952360e-01
421 7.039960e-01 6.920000e-04 2.953120e-01
422 7.038680e-01 7.240000e-04 2.954080e-01
423 7.037680e-01 7.080000e-04 2.955240e-01
424 7.036680e-01 6.440000e-04 2.956880e-01
425 7.035640e-01 6.640000e-04 2.957720e-01
426 7.034880e-01 6.280000e-04 2.958840e-01
427 7.033960e-01 6.400000e-04 2.959640e-01
428 7.032880e-01 6.200000e-04 2.960920e-01
429 7.032280e-01 5.600000e-04 2.962120e-01
430 7.031840e-01 4.840000e-04 2.963320e-01
431 7.031000e-01 4.640000e-04 2.964360e-01
432 7.030520e-01 4.480000e-04 2.965000e-01
433 7.030160e-01 4.320000e-04 2.965520e-01
434 7.029640e-01 4.240000e-04 2.966120e-01
435 7.028920e-01 4.120000e-04 2.966960e-01
436 7.028360e-01 3.800000e-04 2.967840e-01
437 7.027760e-01 4.080000e-04 2.968160e-01
438 7.026920e-01 4.160000e-04 2.968920e-01
439 7.025800e-01 4.640000e-04 2.969560e-01
440 7.024640e-01 5.120000e-04 2.970240e-01
441 7.023520e-01 5.440000e-04 2.971040e-01
442 7.022720e-01 5.280000e-04 2.972000e-01
443 7.021680e-01 5.400000e-04 2.972920e-01
444 7.021120e-01 4.960000e-04 2.973920e-01
445 7.019920e-01 5.360000e-04 2.974720e-01
446 7.019080e-01 5.320000e-04 2.975600e-01
447 7.018320e-01 5.400000e-04 2.976280e-01
448 7.017240e-01 5.720000e-04 2.977040e-01
449 7.016320e-01 5.800000e-04 2.977880e-01
450 7.015560e-01 5.440000e-04 2.979000e-01
451 7.014840e-01 5.080000e-04 2.980080e-01
452 7.013920e-01 5.160000e-04 2.980920e-01
453 7.013080e-01 5.080000e-04 2.981840e-01
454 7.012640e-01 4.600000e-04 2.982760e-01
455 7.012240e-01 4.280000e-04 2.983480e-01
456 7.011520e-01 4.160000e-04 2.984320e-01
457 7.011240e-01 3.840000e-04 2.984920e-01
458 7.010560e-01 3.800000e-04 2.985640e-01
459 7.009640e-01 3.920000e-04 2.986440e-01
460 7.008560e-01 4.120000e-04 2.987320e-01
461 7.008040e-01 4.080000e-04 2.987880e-01
462 7.007720e-01 3.960000e-04 2.988320e-01
463 7.007080e-01 3.960000e-04 2.988960e-01
464 7.006480e-01 3.840000e-04 2.989680e-01
465 7.005760e-01 4.040000e-04 2.990200e-01
466 7.005000e-01 4.040000e-04 2.990960e-01
467 7.004520e-01 3.920000e-04 2.991560e-01
468 7.003400e-01 4.360000e-04 2.992240e-01
469 7.002520e-01 4.680000e-04 2.992800e-01
470 7.001880e-01 4.440000e-04 2.993680e-01
471 7.001160e-01 4.440000e-04 2.994400e-01
472 7.000040e-01 4.960000e-04 2.995000e-01
473 6.999320e-01 4.920000e-04 2.995760e-01
474 6.998560e-01 5.080000e-04 2.996360e-01
475 6.997560e-01 5.120000e-04 2.997320e-01
476 6.996840e-01 5.320000e-04 2.997840e-01
477 6.996120e-01 4.920000e-04 2.998960e-01
478 6.995280e-01 5.040000e-04 2.999680e-01
479 6.994240e-01 5.440000e-04 3.000320e-01
480 6.993360e-01 5.440000e-04 3.001200e-01
481 6.992280e-01 5.400000e-04 3.002320e-01
482 6.991240e-01 5.400000e-04 3.003360e-01
483 6.990480e-01 5.400000e-04 3.004120e-01
484 6.989560e-01 5.040000e-04 3.005400e-01
485 6.988720e-01 4.440000e-04 3.006840e-01
486 6.988360e-01 4.080000e-04 3.007560e-01
487 6.987560e-01 4.160000e-04 3.008280e-01
488 6.986840e-01 4.440000e-04 3.008720e-01
489 6.986000e-01 4.200000e-04 3.009800e-01
490 6.985160e-01 4.280000e-04 3.010560e-01
491 6.984320e-01 4.320000e-04 3.011360e-01
492 6.983760e-01 4.160000e-04 3.012080e-01
493 6.983280e-01 3.840000e-04 3.012880e-01
494 6.982760e-01 3.560000e-04 3.013680e-01
495 6.982160e-01 3.560000e-04 3.014280e-01
496 6.981680e-01 3.400000e-04 3.014920e-01
497 6.980920e-01 3.760000e-04 3.015320e-01
498 6.980560e-01 3.320000e-04 3.016120e-01
499 6.980040e-01 3.160000e-04 3.016800e-01
500 6.979800e-01 3.040000e-04 3.017160e-01
