1 9.992560e-01 6.480000e-04 9.600000e-05
2 9.988600e-01 9.160000e-04 2.240000e-04
3 9.982720e-01 1.324000e-03 4.040000e-04
4 9.976680e-01 1.676000e-03 6.560000e-04
5 9.970360e-01 1.952000e-03 1.012000e-03
6 9.963000e-01 2.320000e-03 1.380000e-03
7 9.955400e-01 2.680000e-03 1.780000e-03
8 9.945760e-01 3.152000e-03 2.272000e-03
9 9.935760e-01 3.540000e-03 2.884000e-03
10 9.925760e-01 3.828000e-03 3.596000e-03
11 9.914880e-01 4.208000e-03 4.304000e-03
12 9.903240e-01 4.572000e-03 5.104000e-03
13 9.891520e-01 4.928000e-03 5.920000e-03
14 9.879640e-01 5.056000e-03 6.980000e-03
15 9.868160e-01 5.284000e-03 7.900000e-03
16 9.855240e-01 5.624000e-03 8.852000e-03
17 9.842200e-01 6.004000e-03 9.776000e-03
18 9.828960e-01 6.180000e-03 1.092400e-02
19 9.815480e-01 6.376000e-03 1.207600e-02
20 9.801240e-01 6.716000e-03 1.316000e-02
21 9.787320e-01 6.964000e-03 1.430400e-02
22 9.772640e-01 7.284000e-03 1.545200e-02
23 9.757040e-01 7.572000e-03 1.672400e-02
24 9.740840e-01 7.744000e-03 1.817200e-02
25 9.725360e-01 7.864000e-03 1.960000e-02
26 9.709200e-01 8.112000e-03 2.096800e-02
27 9.691360e-01 8.364000e-03 2.250000e-02
28 9.675240e-01 8.560000e-03 2.391600e-02
29 9.659440e-01 8.712000e-03 2.534400e-02
30 9.643400e-01 8.708000e-03 2.695200e-02
31 9.627040e-01 8.808000e-03 2.848800e-02
32 9.611480e-01 8.792000e-03 3.006000e-02
33 9.594040e-01 9.056000e-03 3.154000e-02
34 9.577080e-01 9.268000e-03 3.302400e-02
35 9.558960e-01 9.388000e-03 3.471600e-02
36 9.540560e-01 9.548000e-03 3.639600e-02
37 9.522160e-01 9.632000e-03 3.815200e-02
38 9.505480e-01 9.592000e-03 3.986000e-02
39 9.488400e-01 9.588000e-03 4.157200e-02
40 9.472440e-01 9.580000e-03 4.317600e-02
41 9.455480e-01 9.600000e-03 4.485200e-02
42 9.436640e-01 9.756000e-03 4.658000e-02
43 9.417880e-01 1.002800e-02 4.818400e-02
44 9.398760e-01 1.010800e-02 5.001600e-02
45 9.380600e-01 1.010400e-02 5.183600e-02
46 9.361560e-01 1.005600e-02 5.378800e-02
47 9.342960e-01 1.013600e-02 5.556800e-02
48 9.324720e-01 1.018000e-02 5.734800e-02
49 9.306120e-01 1.022400e-02 5.916400e-02
50 9.287040e-01 1.028800e-02 6.100800e-02
51 9.269280e-01 1.030400e-02 6.276800e-02
52 9.250360e-01 1.040400e-02 6.456000e-02
53 9.231200e-01 1.048000e-02 6.640000e-02
54 9.211960e-01 1.048000e-02 6.832400e-02
55 9.194320e-01 1.046400e-02 7.010400e-02
56 9.177640e-01 1.042400e-02 7.181200e-02
57 9.160680e-01 1.044800e-02 7.348400e-02
58 9.144160e-01 1.036400e-02 7.522000e-02
59 9.125480e-01 1.034400e-02 7.710800e-02
60 9.108600e-01 1.038800e-02 7.875200e-02
61 9.092600e-01 1.016400e-02 8.057600e-02
62 9.076240e-01 1.002400e-02 8.235200e-02
63 9.059880e-01 1.004000e-02 8.397200e-02
64 9.044000e-01 9.844000e-03 8.575600e-02
65 9.027600e-01 9.648000e-03 8.759200e-02
66 9.011040e-01 9.504000e-03 8.939200e-02
67 8.997360e-01 9.200000e-03 9.106400e-02
68 8.982680e-01 9.036000e-03 9.269600e-02
69 8.968200e-01 8.892000e-03 9.428800e-02
70 8.954880e-01 8.696000e-03 9.581600e-02
71 8.939120e-01 8.720000e-03 9.736800e-02
72 8.924640e-01 8.660000e-03 9.887600e-02
73 8.910960e-01 8.636000e-03 1.002680e-01
74 8.896520e-01 8.520000e-03 1.018280e-01
75 8.881720e-01 8.428000e-03 1.034000e-01
76 8.866520e-01 8.496000e-03 1.048520e-01
77 8.852280e-01 8.240000e-03 1.065320e-01
78 8.838080e-01 8.320000e-03 1.078720e-01
79 8.825000e-01 8.200000e-03 1.093000e-01
80 8.809960e-01 8.236000e-03 1.107680e-01
81 8.794680e-01 8.248000e-03 1.122840e-01
82 8.778000e-01 8.488000e-03 1.137120e-01
83 8.762840e-01 8.468000e-03 1.152480e-01
84 8.747480e-01 8.464000e-03 1.167880e-01
85 8.730280e-01 8.664000e-03 1.183080e-01
86 8.715080e-01 8.600000e-03 1.198920e-01
87 8.700440e-01 8.592000e-03 1.213640e-01
88 8.685040e-01 8.724000e-03 1.227720e-01
89 8.669440e-01 8.744000e-03 1.243120e-01
90 8.652760e-01 8.876000e-03 1.258480e-01
91 8.637720e-01 8.848000e-03 1.273800e-01
92 8.624160e-01 8.632000e-03 1.289520e-01
93 8.609320e-01 8.572000e-03 1.304960e-01
94 8.594200e-01 8.616000e-03 1.319640e-01
95 8.579000e-01 8.696000e-03 1.334040e-01
96 8.562440e-01 8.744000e-03 1.350120e-01
97 8.547880e-01 8.740000e-03 1.364720e-01
98 8.532520e-01 8.600000e-03 1.381480e-01
99 8.517240e-01 8.708000e-03 1.395680e-01
100 8.502440e-01 8.644000e-03 1.411120e-01
101 8.486240e-01 8.808000e-03 1.425680e-01
102 8.469600e-01 8.984000e-03 1.440560e-01
103 8.453960e-01 8.924000e-03 1.456800e-01
104 8.438120e-01 8.888000e-03 1.473000e-01
105 8.423240e-01 8.836000e-03 1.488400e-01
106 8.408000e-01 8.724000e-03 1.504760e-01
107 8.393840e-01 8.596000e-03 1.520200e-01
108 8.379520e-01 8.532000e-03 1.535160e-01
109 8.365360e-01 8.396000e-03 1.550680e-01
110 8.351120e-01 8.244000e-03 1.566440e-01
111 8.337040e-01 8.204000e-03 1.580920e-01
112 8.323280e-01 8.080000e-03 1.595920e-01
113 8.309360e-01 8.044000e-03 1.610200e-01
114 8.295040e-01 8.052000e-03 1.624440e-01
115 8.281760e-01 7.980000e-03 1.638440e-01
116 8.268120e-01 8.024000e-03 1.651640e-01
117 8.252280e-01 8.272000e-03 1.665000e-01
118 8.237840e-01 8.308000e-03 1.679080e-01
119 8.223320e-01 8.272000e-03 1.693960e-01
120 8.208600e-01 8.196000e-03 1.709440e-01
121 8.195360e-01 8.088000e-03 1.723760e-01
122 8.181320e-01 7.968000e-03 1.739000e-01
123 8.167840e-01 7.916000e-03 1.753000e-01
124 8.154240e-01 7.812000e-03 1.767640e-01
125 8.142040e-01 7.748000e-03 1.780480e-01
126 8.128640e-01 7.784000e-03 1.793520e-01
127 8.116040e-01 7.672000e-03 1.807240e-01
128 8.104800e-01 7.328000e-03 1.821920e-01
129 8.093960e-01 7.124000e-03 1.834800e-01
130 8.082720e-01 6.996000e-03 1.847320e-01
131 8.071880e-01 6.808000e-03 1.860040e-01
132 8.061240e-01 6.604000e-03 1.872720e-01
133 8.050640e-01 6.448000e-03 1.884880e-01
134 8.039360e-01 6.428000e-03 1.896360e-01
135 8.028320e-01 6.472000e-03 1.906960e-01
136 8.016080e-01 6.504000e-03 1.918880e-01
137 8.004000e-01 6.512000e-03 1.930880e-01
138 7.991200e-01 6.724000e-03 1.941560e-01
139 7.979200e-01 6.732000e-03 1.953480e-01
140 7.967640e-01 6.752000e-03 1.964840e-01
141 7.955960e-01 6.748000e-03 1.976560e-01
142 7.944520e-01 6.720000e-03 1.988280e-01
143 7.932760e-01 6.740000e-03 1.999840e-01
144 7.921040e-01 6.600000e-03 2.012960e-01
145 7.910560e-01 6.612000e-03 2.023320e-01
146 7.899320e-01 6.488000e-03 2.035800e-01
147 7.888560e-01 6.520000e-03 2.046240e-01
148 7.877680e-01 6.432000e-03 2.058000e-01
149 7.866480e-01 6.424000e-03 2.069280e-01
150 7.854080e-01 6.532000e-03 2.080600e-01
151 7.842000e-01 6.676000e-03 2.091240e-01
152 7.832440e-01 6.588000e-03 2.101680e-01
153 7.821440e-01 6.564000e-03 2.112920e-01
154 7.810880e-01 6.516000e-03 2.123960e-01
155 7.799720e-01 6.532000e-03 2.134960e-01
156 7.789640e-01 6.340000e-03 2.146960e-01
157 7.778920e-01 6.280000e-03 2.158280e-01
158 7.768400e-01 6.268000e-03 2.168920e-01
159 7.757120e-01 6.188000e-03 2.181000e-01
160 7.746960e-01 6.028000e-03 2.192760e-01
161 7.736600e-01 6.004000e-03 2.203360e-01
162 7.725960e-01 6.008000e-03 2.213960e-01
163 7.713800e-01 6.172000e-03 2.224480e-01
164 7.703440e-01 6.076000e-03 2.235800e-01
165 7.692480e-01 6.072000e-03 2.246800e-01
166 7.682840e-01 6.036000e-03 2.256800e-01
167 7.673080e-01 5.960000e-03 2.267320e-01
168 7.662440e-01 6.028000e-03 2.277280e-01
169 7.651640e-01 6.040000e-03 2.287960e-01
170 7.641280e-01 6.044000e-03 2.298280e-01
171 7.630720e-01 5.964000e-03 2.309640e-01
172 7.619640e-01 6.056000e-03 2.319800e-01
173 7.609120e-01 6.056000e-03 2.330320e-01
174 7.598200e-01 5.992000e-03 2.341880e-01
175 7.587080e-01 6.140000e-03 2.351520e-01
176 7.576320e-01 6.140000e-03 2.362280e-01
177 7.566520e-01 6.100000e-03 2.372480e-01
178 7.556280e-01 6.024000e-03 2.383480e-01
179 7.546320e-01 5.980000e-03 2.393880e-01
180 7.537720e-01 5.748000e-03 2.404800e-01
181 7.527720e-01 5.700000e-03 2.415280e-01
182 7.517680e-01 5.748000e-03 2.424840e-01
183 7.507600e-01 5.712000e-03 2.435280e-01
184 7.498080e-01 5.572000e-03 2.446200e-01
185 7.488040e-01 5.596000e-03 2.456000e-01
186 7.477720e-01 5.688000e-03 2.465400e-01
187 7.468760e-01 5.532000e-03 2.475920e-01
188 7.458680e-01 5.596000e-03 2.485360e-01
189 7.448800e-01 5.624000e-03 2.494960e-01
190 7.440400e-01 5.488000e-03 2.504720e-01
191 7.431920e-01 5.376000e-03 2.514320e-01
192 7.422040e-01 5.416000e-03 2.523800e-01
193 7.414360e-01 5.280000e-03 2.532840e-01
194 7.403960e-01 5.384000e-03 2.542200e-01
195 7.395040e-01 5.276000e-03 2.552200e-01
196 7.387040e-01 5.164000e-03 2.561320e-01
197 7.378840e-01 5.056000e-03 2.570600e-01
198 7.370800e-01 5.020000e-03 2.579000e-01
199 7.363200e-01 4.868000e-03 2.588120e-01
200 7.355000e-01 4.892000e-03 2.596080e-01
201 7.348480e-01 4.688000e-03 2.604640e-01
202 7.339880e-01 4.704000e-03 2.613080e-01
203 7.331680e-01 4.676000e-03 2.621560e-01
204 7.323880e-01 4.672000e-03 2.629400e-01
205 7.316360e-01 4.636000e-03 2.637280e-01
206 7.307280e-01 4.684000e-03 2.645880e-01
207 7.299040e-01 4.732000e-03 2.653640e-01
208 7.291760e-01 4.676000e-03 2.661480e-01
209 7.282920e-01 4.752000e-03 2.669560e-01
210 7.275360e-01 4.664000e-03 2.678000e-01
211 7.267280e-01 4.684000e-03 2.685880e-01
212 7.257920e-01 4.696000e-03 2.695120e-01
213 7.249480e-01 4.612000e-03 2.704400e-01
214 7.241920e-01 4.568000e-03 2.712400e-01
215 7.235000e-01 4.532000e-03 2.719680e-01
216 7.227000e-01 4.476000e-03 2.728240e-01
217 7.217960e-01 4.592000e-03 2.736120e-01
218 7.209800e-01 4.560000e-03 2.744600e-01
219 7.201960e-01 4.536000e-03 2.752680e-01
220 7.193360e-01 4.620000e-03 2.760440e-01
221 7.186680e-01 4.444000e-03 2.768880e-01
222 7.179000e-01 4.524000e-03 2.775760e-01
223 7.169880e-01 4.600000e-03 2.784120e-01
224 7.160920e-01 4.720000e-03 2.791880e-01
225 7.153200e-01 4.692000e-03 2.799880e-01
226 7.144960e-01 4.724000e-03 2.807800e-01
227 7.135240e-01 4.824000e-03 2.816520e-01
228 7.127880e-01 4.660000e-03 2.825520e-01
229 7.120600e-01 4.532000e-03 2.834080e-01
230 7.113200e-01 4.500000e-03 2.841800e-01
231 7.106160e-01 4.464000e-03 2.849200e-01
232 7.099160e-01 4.284000e-03 2.858000e-01
233 7.091320e-01 4.204000e-03 2.866640e-01
234 7.082920e-01 4.360000e-03 2.873480e-01
235 7.075440e-01 4.332000e-03 2.881240e-01
236 7.067720e-01 4.344000e-03 2.888840e-01
237 7.060440e-01 4.268000e-03 2.896880e-01
238 7.051640e-01 4.388000e-03 2.904480e-01
239 7.043720e-01 4.368000e-03 2.912600e-01
240 7.035840e-01 4.336000e-03 2.920800e-01
241 7.027520e-01 4.396000e-03 2.928520e-01
242 7.020560e-01 4.304000e-03 2.936400e-01
243 7.013520e-01 4.244000e-03 2.944040e-01
244 7.006560e-01 4.192000e-03 2.951520e-01
245 6.999040e-01 4.228000e-03 2.958680e-01
246 6.992000e-01 4.184000e-03 2.966160e-01
247 6.984760e-01 4.112000e-03 2.974120e-01
248 6.977960e-01 4.072000e-03 2.981320e-01
249 6.970840e-01 4.040000e-03 2.988760e-01
250 6.964240e-01 3.960000e-03 2.996160e-01
251 6.957160e-01 4.004000e-03 3.002800e-01
252 6.951080e-01 4.008000e-03 3.008840e-01
253 6.944680e-01 3.932000e-03 3.016000e-01
254 6.937840e-01 3.984000e-03 3.022320e-01
255 6.930440e-01 3.944000e-03 3.030120e-01
256 6.924160e-01 3.920000e-03 3.036640e-01
257 6.918480e-01 3.892000e-03 3.042600e-01
258 6.912360e-01 3.856000e-03 3.049080e-01
259 6.905840e-01 3.812000e-03 3.056040e-01
260 6.899960e-01 3.672000e-03 3.063320e-01
261 6.894080e-01 3.636000e-03 3.069560e-01
262 6.888360e-01 3.548000e-03 3.076160e-01
263 6.882760e-01 3.436000e-03 3.082880e-01
264 6.877520e-01 3.384000e-03 3.088640e-01
265 6.871840e-01 3.296000e-03 3.095200e-01
266 6.865360e-01 3.428000e-03 3.100360e-01
267 6.858360e-01 3.536000e-03 3.106280e-01
268 6.852240e-01 3.500000e-03 3.112760e-01
269 6.846440e-01 3.488000e-03 3.118680e-01
270 6.840200e-01 3.536000e-03 3.124440e-01
271 6.832560e-01 3.588000e-03 3.131560e-01
272 6.826520e-01 3.528000e-03 3.138200e-01
273 6.821080e-01 3.380000e-03 3.145120e-01
274 6.813960e-01 3.500000e-03 3.151040e-01
275 6.808240e-01 3.460000e-03 3.157160e-01
276 6.803000e-01 3.368000e-03 3.163320e-01
277 6.797000e-01 3.404000e-03 3.168960e-01
278 6.790200e-01 3.464000e-03 3.175160e-01
279 6.784320e-01 3.440000e-03 3.181280e-01
280 6.778680e-01 3.448000e-03 3.186840e-01
281 6.773200e-01 3.424000e-03 3.192560e-01
282 6.767360e-01 3.360000e-03 3.199040e-01
283 6.760600e-01 3.464000e-03 3.204760e-01
284 6.754440e-01 3.560000e-03 3.209960e-01
285 6.747920e-01 3.616000e-03 3.215920e-01
286 6.742360e-01 3.604000e-03 3.221600e-01
287 6.737120e-01 3.412000e-03 3.228760e-01
288 6.731880e-01 3.348000e-03 3.234640e-01
289 6.726920e-01 3.256000e-03 3.240520e-01
290 6.721000e-01 3.280000e-03 3.246200e-01
291 6.715160e-01 3.272000e-03 3.252120e-01
292 6.709960e-01 3.232000e-03 3.257720e-01
293 6.704720e-01 3.232000e-03 3.262960e-01
294 6.699040e-01 3.196000e-03 3.269000e-01
295 6.693400e-01 3.180000e-03 3.274800e-01
296 6.687320e-01 3.280000e-03 3.279880e-01
297 6.681240e-01 3.256000e-03 3.286200e-01
298 6.675560e-01 3.252000e-03 3.291920e-01
299 6.670760e-01 3.120000e-03 3.298040e-01
300 6.664600e-01 3.168000e-03 3.303720e-01
301 6.659480e-01 3.160000e-03 3.308920e-01
302 6.654480e-01 3.120000e-03 3.314320e-01
303 6.649360e-01 3.124000e-03 3.319400e-01
304 6.643640e-01 3.100000e-03 3.325360e-01
305 6.638920e-01 3.004000e-03 3.331040e-01
306 6.634200e-01 2.960000e-03 3.336200e-01
307 6.629520e-01 2.868000e-03 3.341800e-01
308 6.624240e-01 2.944000e-03 3.346320e-01
309 6.619560e-01 2.848000e-03 3.351960e-01
310 6.615200e-01 2.856000e-03 3.356240e-01
311 6.610960e-01 2.776000e-03 3.361280e-01
312 6.606000e-01 2.864000e-03 3.365360e-01
313 6.601480e-01 2.808000e-03 3.370440e-01
314 6.596920e-01 2.840000e-03 3.374680e-01
315 6.592720e-01 2.844000e-03 3.378840e-01
316 6.588640e-01 2.776000e-03 3.383600e-01
317 6.583560e-01 2.820000e-03 3.388240e-01
318 6.578560e-01 2.828000e-03 3.393160e-01
319 6.574320e-01 2.704000e-03 3.398640e-01
320 6.570160e-01 2.644000e-03 3.403400e-01
321 6.565720e-01 2.680000e-03 3.407480e-01
322 6.561640e-01 2.556000e-03 3.412800e-01
323 6.558240e-01 2.460000e-03 3.417160e-01
324 6.554840e-01 2.384000e-03 3.421320e-01
325 6.552000e-01 2.188000e-03 3.426120e-01
326 6.548960e-01 2.144000e-03 3.429600e-01
327 6.544840e-01 2.204000e-03 3.433120e-01
328 6.541520e-01 2.116000e-03 3.437320e-01
329 6.538000e-01 2.116000e-03 3.440840e-01
330 6.533720e-01 2.192000e-03 3.444360e-01
331 6.529640e-01 2.188000e-03 3.448480e-01
332 6.525160e-01 2.220000e-03 3.452640e-01
333 6.521080e-01 2.260000e-03 3.456320e-01
334 6.516200e-01 2.404000e-03 3.459760e-01
335 6.510880e-01 2.496000e-03 3.464160e-01
336 6.507000e-01 2.504000e-03 3.467960e-01
337 6.502920e-01 2.436000e-03 3.472720e-01
338 6.498640e-01 2.496000e-03 3.476400e-01
339 6.494280e-01 2.504000e-03 3.480680e-01
340 6.489560e-01 2.524000e-03 3.485200e-01
341 6.485000e-01 2.496000e-03 3.490040e-01
342 6.480240e-01 2.556000e-03 3.494200e-01
343 6.476200e-01 2.576000e-03 3.498040e-01
344 6.472440e-01 2.540000e-03 3.502160e-01
345 6.468240e-01 2.532000e-03 3.506440e-01
346 6.465200e-01 2.392000e-03 3.510880e-01
347 6.462200e-01 2.288000e-03 3.514920e-01
348 6.458920e-01 2.280000e-03 3.518280e-01
349 6.454880e-01 2.316000e-03 3.521960e-01
350 6.451040e-01 2.332000e-03 3.525640e-01
351 6.447400e-01 2.276000e-03 3.529840e-01
352 6.443960e-01 2.220000e-03 3.533840e-01
353 6.440960e-01 2.120000e-03 3.537840e-01
354 6.438720e-01 1.988000e-03 3.541400e-01
355 6.436480e-01 1.900000e-03 3.544520e-01
356 6.433520e-01 1.920000e-03 3.547280e-01
357 6.430400e-01 1.988000e-03 3.549720e-01
358 6.426760e-01 1.960000e-03 3.553640e-01
359 6.424280e-01 1.860000e-03 3.557120e-01
360 6.421920e-01 1.768000e-03 3.560400e-01
361 6.419280e-01 1.768000e-03 3.563040e-01
362 6.417120e-01 1.724000e-03 3.565640e-01
363 6.414480e-01 1.724000e-03 3.568280e-01
364 6.412160e-01 1.588000e-03 3.571960e-01
365 6.410040e-01 1.524000e-03 3.574720e-01
366 6.408000e-01 1.472000e-03 3.577280e-01
367 6.405920e-01 1.416000e-03 3.579920e-01
368 6.403800e-01 1.388000e-03 3.582320e-01
369 6.401960e-01 1.308000e-03 3.584960e-01
370 6.400360e-01 1.244000e-03 3.587200e-01
371 6.398440e-01 1.252000e-03 3.589040e-01
372 6.397000e-01 1.216000e-03 3.590840e-01
373 6.395960e-01 1.092000e-03 3.593120e-01
374 6.394520e-01 9.880000e-04 3.595600e-01
375 6.392760e-01 1.012000e-03 3.597120e-01
376 6.391760e-01 9.320000e-04 3.598920e-01
377 6.390520e-01 9.000000e-04 3.600480e-01
378 6.389320e-01 8.840000e-04 3.601840e-01
379 6.388280e-01 8.440000e-04 3.603280e-01
380 6.387000e-01 8.120000e-04 3.604880e-01
381 6.385800e-01 8.200000e-04 3.606000e-01
382 6.384400e-01 8.600000e-04 3.607000e-01
383 6.383160e-01 8.440000e-04 3.608400e-01
384 6.381640e-01 8.040000e-04 3.610320e-01
385 6.380360e-01 7.800000e-04 3.611840e-01
386 6.379160e-01 7.760000e-04 3.613080e-01
387 6.378040e-01 7.680000e-04 3.614280e-01
388 6.377040e-01 7.520000e-04 3.615440e-01
389 6.376000e-01 6.960000e-04 3.617040e-01
390 6.374960e-01 6.760000e-04 3.618280e-01
391 6.374240e-01 5.880000e-04 3.619880e-01
392 6.373360e-01 5.480000e-04 3.621160e-01
393 6.372560e-01 5.320000e-04 3.622120e-01
394 6.371640e-01 5.440000e-04 3.622920e-01
395 6.371360e-01 4.920000e-04 3.623720e-01
396 6.371000e-01 4.400000e-04 3.624600e-01
397 6.370360e-01 4.160000e-04 3.625480e-01
398 6.369680e-01 4.120000e-04 3.626200e-01
399 6.369080e-01 3.760000e-04 3.627160e-01
400 6.368320e-01 4.080000e-04 3.627600e-01
401 6.367720e-01 4.000000e-04 3.628280e-01
402 6.367120e-01 3.840000e-04 3.629040e-01
403 6.366560e-01 3.760000e-04 3.629680e-01
404 6.365880e-01 3.760000e-04 3.630360e-01
405 6.365280e-01 3.920000e-04 3.630800e-01
406 6.364440e-01 4.280000e-04 3.631280e-01
407 6.363320e-01 4.640000e-04 3.632040e-01
408 6.362640e-01 4.600000e-04 3.632760e-01
409 6.362080e-01 4.600000e-04 3.633320e-01
410 6.361160e-01 4.840000e-04 3.634000e-01
411 6.360440e-01 4.480000e-04 3.635080e-01
412 6.359800e-01 4.120000e-04 3.636080e-01
413 6.359440e-01 3.960000e-04 3.636600e-01
414 6.358760e-01 4.000000e-04 3.637240e-01
415 6.358400e-01 3.720000e-04 3.637880e-01
416 6.357680e-01 4.200000e-04 3.638120e-01
417 6.357280e-01 4.040000e-04 3.638680e-01
418 6.356680e-01 3.800000e-04 3.639520e-01
419 6.356160e-01 3.720000e-04 3.640120e-01
420 6.355800e-01 3.600000e-04 3.640600e-01
421 6.355040e-01 3.520000e-04 3.641440e-01
422 6.354480e-01 3.480000e-04 3.642040e-01
423 6.353840e-01 3.680000e-04 3.642480e-01
424 6.353080e-01 3.640000e-04 3.643280e-01
425 6.352400e-01 3.680000e-04 3.643920e-01
426 6.352040e-01 3.440000e-04 3.644520e-01
427 6.351440e-01 3.560000e-04 3.645000e-01
428 6.350800e-01 3.520000e-04 3.645680e-01
429 6.350280e-01 3.400000e-04 3.646320e-01
430 6.349640e-01 3.200000e-04 3.647160e-01
431 6.349080e-01 3.200000e-04 3.647720e-01
432 6.348440e-01 3.480000e-04 3.648080e-01
433 6.347280e-01 4.200000e-04 3.648520e-01
434 6.346760e-01 4.040000e-04 3.649200e-01
435 6.346280e-01 3.960000e-04 3.649760e-01
436 6.345920e-01 3.680000e-04 3.650400e-01
437 6.345040e-01 4.080000e-04 3.650880e-01
438 6.344520e-01 3.840000e-04 3.651640e-01
439 6.344080e-01 3.720000e-04 3.652200e-01
440 6.343480e-01 3.760000e-04 3.652760e-01
441 6.342840e-01 3.760000e-04 3.653400e-01
442 6.342240e-01 4.000000e-04 3.653760e-01
443 6.341600e-01 3.720000e-04 3.654680e-01
444 6.340680e-01 3.880000e-04 3.655440e-01
445 6.340160e-01 3.680000e-04 3.656160e-01
446 6.339520e-01 3.720000e-04 3.656760e-01
447 6.338680e-01 3.960000e-04 3.657360e-01
448 6.338080e-01 3.680000e-04 3.658240e-01
449 6.337320e-01 3.720000e-04 3.658960e-01
450 6.336960e-01 3.520000e-04 3.659520e-01
451 6.336600e-01 3.360000e-04 3.660040e-01
452 6.336320e-01 2.920000e-04 3.660760e-01
453 6.335920e-01 2.760000e-04 3.661320e-01
454 6.335560e-01 2.560000e-04 3.661880e-01
455 6.335400e-01 2.280000e-04 3.662320e-01
456 6.335160e-01 2.040000e-04 3.662800e-01
457 6.334800e-01 2.000000e-04 3.663200e-01
458 6.334640e-01 1.800000e-04 3.663560e-01
459 6.334400e-01 1.880000e-04 3.663720e-01
460 6.334200e-01 1.840000e-04 3.663960e-01
461 6.333880e-01 1.960000e-04 3.664160e-01
462 6.333600e-01 1.840000e-04 3.664560e-01
463 6.333360e-01 1.840000e-04 3.664800e-01
464 6.333080e-01 1.960000e-04 3.664960e-01
465 6.332960e-01 1.720000e-04 3.665320e-01
466 6.332880e-01 1.360000e-04 3.665760e-01
467 6.332680e-01 1.320000e-04 3.666000e-01
468 6.332440e-01 1.320000e-04 3.666240e-01
469 6.332160e-01 1.440000e-04 3.666400e-01
470 6.332040e-01 1.240000e-04 3.666720e-01
471 6.331880e-01 1.160000e-04 3.666960e-01
472 6.331840e-01 1.000000e-04 3.667160e-01
473 6.331760e-01 9.200000e-05 3.667320e-01
474 6.331720e-01 8.800000e-05 3.667400e-01
475 6.331440e-01 9.600000e-05 3.667600e-01
476 6.331360e-01 7.200000e-05 3.667920e-01
477 6.331280e-01 8.000000e-05 3.667920e-01
478 6.331200e-01 6.800000e-05 3.668120e-01
479 6.331080e-01 5.600000e-05 3.668360e-01
480 6.330920e-01 7.200000e-05 3.668360e-01
481 6.330920e-01 6.800000e-05 3.668400e-01
482 6.330800e-01 7.200000e-05 3.668480e-01
483 6.330640e-01 7.600000e-05 3.668600e-01
484 6.330600e-01 7.200000e-05 3.668680e-01
485 6.330560e-01 6.800000e-05 3.668760e-01
486 6.330280e-01 7.200000e-05 3.669000e-01
487 6.330240e-01 6.000000e-05 3.669160e-01
488 6.330240e-01 5.600000e-05 3.669200e-01
489 6.330120e-01 6.400000e-05 3.669240e-01
490 6.329880e-01 8.400000e-05 3.669280e-01
491 6.329640e-01 1.000000e-04 3.669360e-01
492 6.329400e-01 9.600000e-05 3.669640e-01
493 6.329120e-01 1.120000e-04 3.669760e-01
494 6.329080e-01 9.200000e-05 3.670000e-01
495 6.329000e-01 8.000000e-05 3.670200e-01
496 6.328960e-01 7.600000e-05 3.670280e-01
497 6.328640e-01 1.000000e-04 3.670360e-01
498 6.328480e-01 8.800000e-05 3.670640e-01
499 6.328440e-01 8.000000e-05 3.670760e-01
500 6.328360e-01 8.400000e-05 3.670800e-01
