1 9.991800e-01 7.440000e-04 7.600000e-05
2 9.986440e-01 1.104000e-03 2.520000e-04
3 9.980960e-01 1.404000e-03 5.000000e-04
4 9.973880e-01 1.824000e-03 7.880000e-04
5 9.966800e-01 2.156000e-03 1.164000e-03
6 9.958240e-01 2.616000e-03 1.560000e-03
7 9.949880e-01 3.048000e-03 1.964000e-03
8 9.941240e-01 3.300000e-03 2.576000e-03
9 9.932040e-01 3.564000e-03 3.232000e-03
10 9.922720e-01 3.776000e-03 3.952000e-03
11 9.913640e-01 4.004000e-03 4.632000e-03
12 9.902640e-01 4.384000e-03 5.352000e-03
13 9.891720e-01 4.600000e-03 6.228000e-03
14 9.880320e-01 4.956000e-03 7.012000e-03
15 9.869280e-01 5.204000e-03 7.868000e-03
16 9.858520e-01 5.248000e-03 8.900000e-03
17 9.846160e-01 5.488000e-03 9.896000e-03
18 9.835080e-01 5.572000e-03 1.092000e-02
19 9.822760e-01 5.768000e-03 1.195600e-02
20 9.809440e-01 6.072000e-03 1.298400e-02
21 9.797520e-01 6.228000e-03 1.402000e-02
22 9.784200e-01 6.608000e-03 1.497200e-02
23 9.770080e-01 6.860000e-03 1.613200e-02
24 9.757000e-01 6.968000e-03 1.733200e-02
25 9.743760e-01 7.148000e-03 1.847600e-02
26 9.729320e-01 7.412000e-03 1.965600e-02
27 9.715400e-01 7.512000e-03 2.094800e-02
28 9.702320e-01 7.420000e-03 2.234800e-02
29 9.690320e-01 7.236000e-03 2.373200e-02
30 9.676480e-01 7.344000e-03 2.500800e-02
31 9.662520e-01 7.492000e-03 2.625600e-02
32 9.649920e-01 7.440000e-03 2.756800e-02
33 9.636720e-01 7.500000e-03 2.882800e-02
34 9.621880e-01 7.628000e-03 3.018400e-02
35 9.608680e-01 7.612000e-03 3.152000e-02
36 9.597040e-01 7.476000e-03 3.282000e-02
37 9.584640e-01 7.324000e-03 3.421200e-02
38 9.572360e-01 7.140000e-03 3.562400e-02
39 9.561000e-01 7.068000e-03 3.683200e-02
40 9.548720e-01 7.028000e-03 3.810000e-02
41 9.536760e-01 7.032000e-03 3.929200e-02
42 9.522960e-01 7.128000e-03 4.057600e-02
43 9.510000e-01 7.144000e-03 4.185600e-02
44 9.495840e-01 7.452000e-03 4.296400e-02
45 9.483280e-01 7.368000e-03 4.430400e-02
46 9.469600e-01 7.476000e-03 4.556400e-02
47 9.454920e-01 7.576000e-03 4.693200e-02
48 9.438880e-01 7.912000e-03 4.820000e-02
49 9.423240e-01 8.136000e-03 4.954000e-02
50 9.406720e-01 8.428000e-03 5.090000e-02
51 9.390800e-01 8.504000e-03 5.241600e-02
52 9.373800e-01 8.692000e-03 5.392800e-02
53 9.357160e-01 8.860000e-03 5.542400e-02
54 9.340880e-01 8.888000e-03 5.702400e-02
55 9.325560e-01 8.944000e-03 5.850000e-02
56 9.310160e-01 8.928000e-03 6.005600e-02
57 9.295320e-01 8.876000e-03 6.159200e-02
58 9.280760e-01 8.736000e-03 6.318800e-02
59 9.266960e-01 8.716000e-03 6.458800e-02
60 9.251120e-01 8.764000e-03 6.612400e-02
61 9.236680e-01 8.632000e-03 6.770000e-02
62 9.221240e-01 8.604000e-03 6.927200e-02
63 9.206600e-01 8.588000e-03 7.075200e-02
64 9.190320e-01 8.788000e-03 7.218000e-02
65 9.173760e-01 8.884000e-03 7.374000e-02
66 9.156720e-01 9.060000e-03 7.526800e-02
67 9.140680e-01 9.136000e-03 7.679600e-02
68 9.123960e-01 9.128000e-03 7.847600e-02
69 9.108120e-01 9.120000e-03 8.006800e-02
70 9.094160e-01 8.792000e-03 8.179200e-02
71 9.078240e-01 8.864000e-03 8.331200e-02
72 9.063600e-01 8.672000e-03 8.496800e-02
73 9.050160e-01 8.424000e-03 8.656000e-02
74 9.036200e-01 8.384000e-03 8.799600e-02
75 9.022160e-01 8.316000e-03 8.946800e-02
76 9.008400e-01 8.340000e-03 9.082000e-02
77 8.994320e-01 8.288000e-03 9.228000e-02
78 8.977960e-01 8.468000e-03 9.373600e-02
79 8.962400e-01 8.524000e-03 9.523600e-02
80 8.947480e-01 8.372000e-03 9.688000e-02
81 8.931360e-01 8.460000e-03 9.840400e-02
82 8.917440e-01 8.388000e-03 9.986800e-02
83 8.902840e-01 8.500000e-03 1.012160e-01
84 8.887440e-01 8.504000e-03 1.027520e-01
85 8.871760e-01 8.620000e-03 1.042040e-01
86 8.856400e-01 8.616000e-03 1.057440e-01
87 8.840120e-01 8.836000e-03 1.071520e-01
88 8.823640e-01 8.736000e-03 1.089000e-01
89 8.808240e-01 8.884000e-03 1.102920e-01
90 8.791400e-01 9.080000e-03 1.117800e-01
91 8.774720e-01 9.068000e-03 1.134600e-01
92 8.756800e-01 9.260000e-03 1.150600e-01
93 8.740760e-01 9.292000e-03 1.166320e-01
94 8.723480e-01 9.452000e-03 1.182000e-01
95 8.705560e-01 9.604000e-03 1.198400e-01
96 8.688000e-01 9.604000e-03 1.215960e-01
97 8.670840e-01 9.564000e-03 1.233520e-01
98 8.654160e-01 9.556000e-03 1.250280e-01
99 8.635520e-01 9.644000e-03 1.268040e-01
100 8.617640e-01 9.616000e-03 1.286200e-01
101 8.601680e-01 9.552000e-03 1.302800e-01
102 8.583880e-01 9.516000e-03 1.320960e-01
103 8.568800e-01 9.332000e-03 1.337880e-01
104 8.553400e-01 9.184000e-03 1.354760e-01
105 8.538520e-01 9.104000e-03 1.370440e-01
106 8.524040e-01 8.928000e-03 1.386680e-01
107 8.509360e-01 8.848000e-03 1.402160e-01
108 8.494960e-01 8.772000e-03 1.417320e-01
109 8.482320e-01 8.528000e-03 1.432400e-01
110 8.467080e-01 8.540000e-03 1.447520e-01
111 8.451720e-01 8.728000e-03 1.461000e-01
112 8.437640e-01 8.620000e-03 1.476160e-01
113 8.422280e-01 8.604000e-03 1.491680e-01
114 8.407480e-01 8.496000e-03 1.507560e-01
115 8.392560e-01 8.488000e-03 1.522560e-01
116 8.377720e-01 8.468000e-03 1.537600e-01
117 8.361920e-01 8.700000e-03 1.551080e-01
118 8.344840e-01 8.960000e-03 1.565560e-01
119 8.328520e-01 9.068000e-03 1.580800e-01
120 8.312720e-01 9.148000e-03 1.595800e-01
121 8.296600e-01 9.136000e-03 1.612040e-01
122 8.280440e-01 9.188000e-03 1.627680e-01
123 8.264400e-01 9.172000e-03 1.643880e-01
124 8.249040e-01 8.992000e-03 1.661040e-01
125 8.234440e-01 8.888000e-03 1.676680e-01
126 8.219400e-01 8.900000e-03 1.691600e-01
127 8.205320e-01 8.688000e-03 1.707800e-01
128 8.190280e-01 8.704000e-03 1.722680e-01
129 8.174880e-01 8.836000e-03 1.736760e-01
130 8.158520e-01 8.980000e-03 1.751680e-01
131 8.141640e-01 9.196000e-03 1.766400e-01
132 8.128040e-01 8.780000e-03 1.784160e-01
133 8.113280e-01 8.796000e-03 1.798760e-01
134 8.099560e-01 8.636000e-03 1.814080e-01
135 8.085800e-01 8.596000e-03 1.828240e-01
136 8.071400e-01 8.620000e-03 1.842400e-01
137 8.056960e-01 8.508000e-03 1.857960e-01
138 8.042680e-01 8.464000e-03 1.872680e-01
139 8.028440e-01 8.324000e-03 1.888320e-01
140 8.014240e-01 8.240000e-03 1.903360e-01
141 8.000160e-01 8.204000e-03 1.917800e-01
142 7.986080e-01 8.332000e-03 1.930600e-01
143 7.971840e-01 8.328000e-03 1.944880e-01
144 7.956640e-01 8.296000e-03 1.960400e-01
145 7.941000e-01 8.324000e-03 1.975760e-01
146 7.927200e-01 8.284000e-03 1.989960e-01
147 7.915280e-01 8.020000e-03 2.004520e-01
148 7.901400e-01 8.084000e-03 2.017760e-01
149 7.887080e-01 8.140000e-03 2.031520e-01
150 7.873920e-01 8.044000e-03 2.045640e-01
151 7.860800e-01 8.008000e-03 2.059120e-01
152 7.846520e-01 8.084000e-03 2.072640e-01
153 7.833600e-01 7.904000e-03 2.087360e-01
154 7.818160e-01 8.060000e-03 2.101240e-01
155 7.805080e-01 8.064000e-03 2.114280e-01
156 7.792400e-01 7.904000e-03 2.128560e-01
157 7.780040e-01 7.760000e-03 2.142360e-01
158 7.765840e-01 7.656000e-03 2.157600e-01
159 7.753320e-01 7.628000e-03 2.170400e-01
160 7.741160e-01 7.520000e-03 2.183640e-01
161 7.726120e-01 7.664000e-03 2.197240e-01
162 7.711880e-01 7.596000e-03 2.212160e-01
163 7.699160e-01 7.640000e-03 2.224440e-01
164 7.685520e-01 7.612000e-03 2.238360e-01
165 7.671480e-01 7.692000e-03 2.251600e-01
166 7.659640e-01 7.556000e-03 2.264800e-01
167 7.647080e-01 7.472000e-03 2.278200e-01
168 7.635520e-01 7.332000e-03 2.291160e-01
169 7.623680e-01 7.204000e-03 2.304280e-01
170 7.610760e-01 7.320000e-03 2.316040e-01
171 7.598480e-01 7.296000e-03 2.328560e-01
172 7.585120e-01 7.468000e-03 2.340200e-01
173 7.572560e-01 7.456000e-03 2.352880e-01
174 7.559880e-01 7.436000e-03 2.365760e-01
175 7.547320e-01 7.384000e-03 2.378840e-01
176 7.534520e-01 7.432000e-03 2.391160e-01
177 7.522200e-01 7.412000e-03 2.403680e-01
178 7.510880e-01 7.272000e-03 2.416400e-01
179 7.499560e-01 7.196000e-03 2.428480e-01
180 7.488680e-01 7.016000e-03 2.441160e-01
181 7.476800e-01 6.944000e-03 2.453760e-01
182 7.465080e-01 6.744000e-03 2.467480e-01
183 7.453600e-01 6.792000e-03 2.478480e-01
184 7.442480e-01 6.804000e-03 2.489480e-01
185 7.431920e-01 6.788000e-03 2.500200e-01
186 7.420880e-01 6.752000e-03 2.511600e-01
187 7.410360e-01 6.680000e-03 2.522840e-01
188 7.400640e-01 6.504000e-03 2.534320e-01
189 7.390800e-01 6.300000e-03 2.546200e-01
190 7.379240e-01 6.296000e-03 2.557800e-01
191 7.368280e-01 6.340000e-03 2.568320e-01
192 7.357160e-01 6.272000e-03 2.580120e-01
193 7.346440e-01 6.228000e-03 2.591280e-01
194 7.336320e-01 6.076000e-03 2.602920e-01
195 7.326960e-01 5.888000e-03 2.614160e-01
196 7.316200e-01 5.892000e-03 2.624880e-01
197 7.306560e-01 5.876000e-03 2.634680e-01
198 7.296800e-01 5.784000e-03 2.645360e-01
199 7.286640e-01 5.820000e-03 2.655160e-01
200 7.276200e-01 5.928000e-03 2.664520e-01
201 7.266840e-01 5.860000e-03 2.674560e-01
202 7.256920e-01 6.020000e-03 2.682880e-01
203 7.246320e-01 6.132000e-03 2.692360e-01
204 7.237080e-01 5.896000e-03 2.703960e-01
205 7.226840e-01 5.800000e-03 2.715160e-01
206 7.216080e-01 5.928000e-03 2.724640e-01
207 7.204840e-01 6.040000e-03 2.734760e-01
208 7.195280e-01 6.000000e-03 2.744720e-01
209 7.186760e-01 5.812000e-03 2.755120e-01
210 7.177880e-01 5.636000e-03 2.765760e-01
211 7.169080e-01 5.544000e-03 2.775480e-01
212 7.159280e-01 5.528000e-03 2.785440e-01
213 7.149000e-01 5.576000e-03 2.795240e-01
214 7.139200e-01 5.672000e-03 2.804080e-01
215 7.129080e-01 5.640000e-03 2.814520e-01
216 7.118880e-01 5.584000e-03 2.825280e-01
217 7.108920e-01 5.624000e-03 2.834840e-01
218 7.099720e-01 5.512000e-03 2.845160e-01
219 7.090400e-01 5.468000e-03 2.854920e-01
220 7.081280e-01 5.424000e-03 2.864480e-01
221 7.072080e-01 5.288000e-03 2.875040e-01
222 7.062440e-01 5.312000e-03 2.884440e-01
223 7.054880e-01 5.060000e-03 2.894520e-01
224 7.047200e-01 4.960000e-03 2.903200e-01
225 7.037440e-01 5.084000e-03 2.911720e-01
226 7.027920e-01 5.200000e-03 2.920080e-01
227 7.018280e-01 5.256000e-03 2.929160e-01
228 7.008320e-01 5.360000e-03 2.938080e-01
229 6.997920e-01 5.360000e-03 2.948480e-01
230 6.987720e-01 5.572000e-03 2.956560e-01
231 6.977440e-01 5.604000e-03 2.966520e-01
232 6.967600e-01 5.584000e-03 2.976560e-01
233 6.958000e-01 5.576000e-03 2.986240e-01
234 6.948240e-01 5.604000e-03 2.995720e-01
235 6.938400e-01 5.644000e-03 3.005160e-01
236 6.929680e-01 5.628000e-03 3.014040e-01
237 6.920760e-01 5.480000e-03 3.024440e-01
238 6.911720e-01 5.444000e-03 3.033840e-01
239 6.903320e-01 5.256000e-03 3.044120e-01
240 6.893640e-01 5.316000e-03 3.053200e-01
241 6.884560e-01 5.140000e-03 3.064040e-01
242 6.876720e-01 4.892000e-03 3.074360e-01
243 6.869800e-01 4.696000e-03 3.083240e-01
244 6.862520e-01 4.568000e-03 3.091800e-01
245 6.854600e-01 4.536000e-03 3.100040e-01
246 6.846600e-01 4.476000e-03 3.108640e-01
247 6.838400e-01 4.576000e-03 3.115840e-01
248 6.830720e-01 4.536000e-03 3.123920e-01
249 6.822120e-01 4.620000e-03 3.131680e-01
250 6.813640e-01 4.628000e-03 3.140080e-01
251 6.805640e-01 4.632000e-03 3.148040e-01
252 6.798200e-01 4.560000e-03 3.156200e-01
253 6.790360e-01 4.604000e-03 3.163600e-01
254 6.782000e-01 4.720000e-03 3.170800e-01
255 6.773200e-01 4.788000e-03 3.178920e-01
256 6.765880e-01 4.708000e-03 3.187040e-01
257 6.758400e-01 4.624000e-03 3.195360e-01
258 6.751000e-01 4.660000e-03 3.202400e-01
259 6.744120e-01 4.480000e-03 3.211080e-01
260 6.736360e-01 4.476000e-03 3.218880e-01
261 6.727240e-01 4.660000e-03 3.226160e-01
262 6.719360e-01 4.584000e-03 3.234800e-01
263 6.710800e-01 4.612000e-03 3.243080e-01
264 6.704000e-01 4.584000e-03 3.250160e-01
265 6.695800e-01 4.592000e-03 3.258280e-01
266 6.688680e-01 4.500000e-03 3.266320e-01
267 6.680920e-01 4.408000e-03 3.275000e-01
268 6.673960e-01 4.340000e-03 3.282640e-01
269 6.666800e-01 4.340000e-03 3.289800e-01
270 6.658000e-01 4.472000e-03 3.297280e-01
271 6.650520e-01 4.476000e-03 3.304720e-01
272 6.641920e-01 4.452000e-03 3.313560e-01
273 6.634200e-01 4.428000e-03 3.321520e-01
274 6.626320e-01 4.432000e-03 3.329360e-01
275 6.618640e-01 4.324000e-03 3.338120e-01
276 6.611360e-01 4.316000e-03 3.345480e-01
277 6.604480e-01 4.264000e-03 3.352880e-01
278 6.596320e-01 4.360000e-03 3.360080e-01
279 6.587960e-01 4.484000e-03 3.367200e-01
280 6.580640e-01 4.544000e-03 3.373920e-01
281 6.572400e-01 4.476000e-03 3.382840e-01
282 6.565520e-01 4.420000e-03 3.390280e-01
283 6.559640e-01 4.268000e-03 3.397680e-01
284 6.552840e-01 4.140000e-03 3.405760e-01
285 6.545920e-01 4.156000e-03 3.412520e-01
286 6.539120e-01 4.088000e-03 3.420000e-01
287 6.532360e-01 3.992000e-03 3.427720e-01
288 6.526480e-01 3.900000e-03 3.434520e-01
289 6.520080e-01 3.816000e-03 3.441760e-01
290 6.513640e-01 3.796000e-03 3.448400e-01
291 6.508000e-01 3.744000e-03 3.454560e-01
292 6.502280e-01 3.632000e-03 3.461400e-01
293 6.496840e-01 3.612000e-03 3.467040e-01
294 6.490120e-01 3.564000e-03 3.474240e-01
295 6.484160e-01 3.552000e-03 3.480320e-01
296 6.478120e-01 3.460000e-03 3.487280e-01
297 6.471440e-01 3.592000e-03 3.492640e-01
298 6.465560e-01 3.532000e-03 3.499120e-01
299 6.459520e-01 3.548000e-03 3.505000e-01
300 6.453320e-01 3.500000e-03 3.511680e-01
301 6.447880e-01 3.404000e-03 3.518080e-01
302 6.442560e-01 3.292000e-03 3.524520e-01
303 6.436920e-01 3.252000e-03 3.530560e-01
304 6.431920e-01 3.156000e-03 3.536520e-01
305 6.427600e-01 3.008000e-03 3.542320e-01
306 6.422840e-01 2.892000e-03 3.548240e-01
307 6.418720e-01 2.736000e-03 3.553920e-01
308 6.414360e-01 2.744000e-03 3.558200e-01
309 6.409320e-01 2.724000e-03 3.563440e-01
310 6.404520e-01 2.688000e-03 3.568600e-01
311 6.400240e-01 2.676000e-03 3.573000e-01
312 6.396040e-01 2.644000e-03 3.577520e-01
313 6.391920e-01 2.684000e-03 3.581240e-01
314 6.388240e-01 2.568000e-03 3.586080e-01
315 6.383680e-01 2.600000e-03 3.590320e-01
316 6.379560e-01 2.544000e-03 3.595000e-01
317 6.375800e-01 2.508000e-03 3.599120e-01
318 6.371840e-01 2.472000e-03 3.603440e-01
319 6.368360e-01 2.304000e-03 3.608600e-01
320 6.364800e-01 2.296000e-03 3.612240e-01
321 6.361800e-01 2.192000e-03 3.616280e-01
322 6.357680e-01 2.264000e-03 3.619680e-01
323 6.354520e-01 2.232000e-03 3.623160e-01
324 6.351280e-01 2.180000e-03 3.626920e-01
325 6.348720e-01 2.004000e-03 3.631240e-01
326 6.345120e-01 2.004000e-03 3.634840e-01
327 6.341440e-01 2.028000e-03 3.638280e-01
328 6.338760e-01 1.920000e-03 3.642040e-01
329 6.334720e-01 1.960000e-03 3.645680e-01
330 6.330600e-01 2.032000e-03 3.649080e-01
331 6.326480e-01 2.092000e-03 3.652600e-01
332 6.322920e-01 2.052000e-03 3.656560e-01
333 6.319280e-01 2.036000e-03 3.660360e-01
334 6.315720e-01 2.044000e-03 3.663840e-01
335 6.312200e-01 2.060000e-03 3.667200e-01
336 6.308240e-01 2.128000e-03 3.670480e-01
337 6.305120e-01 2.088000e-03 3.674000e-01
338 6.301360e-01 2.112000e-03 3.677520e-01
339 6.297560e-01 2.140000e-03 3.681040e-01
340 6.294280e-01 2.100000e-03 3.684720e-01
341 6.291120e-01 2.024000e-03 3.688640e-01
342 6.288200e-01 1.992000e-03 3.691880e-01
343 6.285360e-01 1.936000e-03 3.695280e-01
344 6.281760e-01 1.940000e-03 3.698840e-01
345 6.277960e-01 1.932000e-03 3.702720e-01
346 6.274000e-01 2.036000e-03 3.705640e-01
347 6.270320e-01 2.016000e-03 3.709520e-01
348 6.266960e-01 2.004000e-03 3.713000e-01
349 6.263400e-01 2.036000e-03 3.716240e-01
350 6.259640e-01 2.028000e-03 3.720080e-01
351 6.255880e-01 2.104000e-03 3.723080e-01
352 6.251680e-01 2.092000e-03 3.727400e-01
353 6.248120e-01 2.076000e-03 3.731120e-01
354 6.244320e-01 2.116000e-03 3.734520e-01
355 6.239880e-01 2.180000e-03 3.738320e-01
356 6.235800e-01 2.224000e-03 3.741960e-01
357 6.232320e-01 2.228000e-03 3.745400e-01
358 6.228880e-01 2.212000e-03 3.749000e-01
359 6.226160e-01 2.104000e-03 3.752800e-01
360 6.222720e-01 2.092000e-03 3.756360e-01
361 6.220000e-01 2.020000e-03 3.759800e-01
362 6.217080e-01 1.976000e-03 3.763160e-01
363 6.213360e-01 1.968000e-03 3.766960e-01
364 6.210400e-01 1.888000e-03 3.770720e-01
365 6.207160e-01 1.864000e-03 3.774200e-01
366 6.204200e-01 1.848000e-03 3.777320e-01
367 6.201160e-01 1.892000e-03 3.779920e-01
368 6.197560e-01 1.944000e-03 3.783000e-01
369 6.192880e-01 2.128000e-03 3.785840e-01
370 6.189640e-01 2.056000e-03 3.789800e-01
371 6.184520e-01 2.264000e-03 3.792840e-01
372 6.180520e-01 2.264000e-03 3.796840e-01
373 6.176160e-01 2.304000e-03 3.800800e-01
374 6.172880e-01 2.196000e-03 3.805160e-01
375 6.169000e-01 2.204000e-03 3.808960e-01
376 6.165280e-01 2.188000e-03 3.812840e-01
377 6.161040e-01 2.232000e-03 3.816640e-01
378 6.157720e-01 2.224000e-03 3.820040e-01
379 6.154960e-01 2.108000e-03 3.823960e-01
380 6.151960e-01 2.072000e-03 3.827320e-01
381 6.148360e-01 2.072000e-03 3.830920e-01
382 6.145600e-01 1.924000e-03 3.835160e-01
383 6.142480e-01 1.952000e-03 3.838000e-01
384 6.139960e-01 1.848000e-03 3.841560e-01
385 6.136920e-01 1.844000e-03 3.844640e-01
386 6.133960e-01 1.824000e-03 3.847800e-01
387 6.132080e-01 1.700000e-03 3.850920e-01
388 6.129240e-01 1.676000e-03 3.854000e-01
389 6.126480e-01 1.724000e-03 3.856280e-01
390 6.123960e-01 1.672000e-03 3.859320e-01
391 6.121480e-01 1.648000e-03 3.862040e-01
392 6.118440e-01 1.644000e-03 3.865120e-01
393 6.116280e-01 1.616000e-03 3.867560e-01
394 6.113640e-01 1.564000e-03 3.870720e-01
395 6.111280e-01 1.480000e-03 3.873920e-01
396 6.108800e-01 1.464000e-03 3.876560e-01
397 6.106520e-01 1.424000e-03 3.879240e-01
398 6.104360e-01 1.384000e-03 3.881800e-01
399 6.102280e-01 1.372000e-03 3.884000e-01
400 6.099960e-01 1.356000e-03 3.886480e-01
401 6.097600e-01 1.328000e-03 3.889120e-01
402 6.095640e-01 1.288000e-03 3.891480e-01
403 6.094200e-01 1.184000e-03 3.893960e-01
404 6.092520e-01 1.176000e-03 3.895720e-01
405 6.090200e-01 1.204000e-03 3.897760e-01
406 6.087880e-01 1.212000e-03 3.900000e-01
407 6.086000e-01 1.188000e-03 3.902120e-01
408 6.083600e-01 1.196000e-03 3.904440e-01
409 6.080920e-01 1.220000e-03 3.906880e-01
410 6.078640e-01 1.188000e-03 3.909480e-01
411 6.076600e-01 1.164000e-03 3.911760e-01
412 6.075240e-01 1.104000e-03 3.913720e-01
413 6.073280e-01 1.116000e-03 3.915560e-01
414 6.071360e-01 1.080000e-03 3.917840e-01
415 6.069800e-01 1.084000e-03 3.919360e-01
416 6.068360e-01 1.032000e-03 3.921320e-01
417 6.066880e-01 9.520000e-04 3.923600e-01
418 6.065240e-01 9.360000e-04 3.925400e-01
419 6.063680e-01 9.160000e-04 3.927160e-01
420 6.061720e-01 9.040000e-04 3.929240e-01
421 6.060000e-01 9.160000e-04 3.930840e-01
422 6.058480e-01 8.720000e-04 3.932800e-01
423 6.056960e-01 8.680000e-04 3.934360e-01
424 6.055640e-01 8.160000e-04 3.936200e-01
425 6.054520e-01 7.920000e-04 3.937560e-01
426 6.053200e-01 7.960000e-04 3.938840e-01
427 6.051680e-01 8.400000e-04 3.939920e-01
428 6.050240e-01 8.320000e-04 3.941440e-01
429 6.048560e-01 8.320000e-04 3.943120e-01
430 6.047160e-01 7.840000e-04 3.945000e-01
431 6.045520e-01 8.120000e-04 3.946360e-01
432 6.043520e-01 8.880000e-04 3.947600e-01
433 6.041320e-01 9.360000e-04 3.949320e-01
434 6.039320e-01 9.760000e-04 3.950920e-01
435 6.037920e-01 9.280000e-04 3.952800e-01
436 6.036840e-01 8.840000e-04 3.954320e-01
437 6.035320e-01 8.840000e-04 3.955840e-01
438 6.033720e-01 8.920000e-04 3.957360e-01
439 6.032080e-01 8.680000e-04 3.959240e-01
440 6.030240e-01 9.360000e-04 3.960400e-01
441 6.028320e-01 9.640000e-04 3.962040e-01
442 6.026640e-01 9.480000e-04 3.963880e-01
443 6.025480e-01 8.800000e-04 3.965720e-01
444 6.023920e-01 9.000000e-04 3.967080e-01
445 6.022560e-01 9.000000e-04 3.968440e-01
446 6.021000e-01 8.440000e-04 3.970560e-01
447 6.019680e-01 8.400000e-04 3.971920e-01
448 6.018080e-01 7.800000e-04 3.974120e-01
449 6.016520e-01 7.760000e-04 3.975720e-01
450 6.014960e-01 8.040000e-04 3.977000e-01
451 6.013760e-01 8.080000e-04 3.978160e-01
452 6.011800e-01 8.720000e-04 3.979480e-01
453 6.010120e-01 8.960000e-04 3.980920e-01
454 6.008680e-01 8.560000e-04 3.982760e-01
455 6.006960e-01 8.560000e-04 3.984480e-01
456 6.005560e-01 8.440000e-04 3.986000e-01
457 6.004160e-01 8.160000e-04 3.987680e-01
458 6.002960e-01 7.920000e-04 3.989120e-01
459 6.001760e-01 7.960000e-04 3.990280e-01
460 6.000720e-01 7.680000e-04 3.991600e-01
461 5.999200e-01 7.920000e-04 3.992880e-01
462 5.997840e-01 7.640000e-04 3.994520e-01
463 5.996360e-01 7.720000e-04 3.995920e-01
464 5.994480e-01 8.520000e-04 3.997000e-01
465 5.992920e-01 8.720000e-04 3.998360e-01
466 5.991360e-01 8.800000e-04 3.999840e-01
467 5.990200e-01 8.480000e-04 4.001320e-01
468 5.988800e-01 8.480000e-04 4.002720e-01
469 5.987800e-01 7.920000e-04 4.004280e-01
470 5.986440e-01 8.040000e-04 4.005520e-01
471 5.985320e-01 7.840000e-04 4.006840e-01
472 5.984200e-01 7.880000e-04 4.007920e-01
473 5.982440e-01 8.600000e-04 4.008960e-01
474 5.980520e-01 8.760000e-04 4.010720e-01
475 5.979120e-01 9.000000e-04 4.011880e-01
476 5.977520e-01 9.000000e-04 4.013480e-01
477 5.975280e-01 9.760000e-04 4.014960e-01
478 5.973640e-01 9.240000e-04 4.017120e-01
479 5.972320e-01 9.080000e-04 4.018600e-01
480 5.970600e-01 8.800000e-04 4.020600e-01
481 5.969520e-01 8.360000e-04 4.022120e-01
482 5.968320e-01 8.560000e-04 4.023120e-01
483 5.967160e-01 7.920000e-04 4.024920e-01
484 5.965920e-01 7.960000e-04 4.026120e-01
485 5.964880e-01 7.560000e-04 4.027560e-01
486 5.963840e-01 7.240000e-04 4.028920e-01
487 5.962880e-01 7.280000e-04 4.029840e-01
488 5.961840e-01 6.800000e-04 4.031360e-01
489 5.960960e-01 6.480000e-04 4.032560e-01
490 5.960240e-01 6.240000e-04 4.033520e-01
491 5.959440e-01 6.200000e-04 4.034360e-01
492 5.958240e-01 6.000000e-04 4.035760e-01
493 5.956720e-01 6.360000e-04 4.036920e-01
494 5.955280e-01 6.880000e-04 4.037840e-01
495 5.954040e-01 7.040000e-04 4.038920e-01
496 5.952240e-01 7.520000e-04 4.040240e-01
497 5.950320e-01 8.000000e-04 4.041680e-01
498 5.948360e-01 8.400000e-04 4.043240e-01
499 5.946600e-01 8.600000e-04 4.044800e-01
500 5.944640e-01 9.400000e-04 4.045960e-01
