1 9.992000e-01 6.680000e-04 1.320000e-04
2 9.986000e-01 1.136000e-03 2.640000e-04
3 9.978480e-01 1.648000e-03 5.040000e-04
4 9.970880e-01 2.160000e-03 7.520000e-04
5 9.962840e-01 2.588000e-03 1.128000e-03
6 9.953400e-01 3.028000e-03 1.632000e-03
7 9.944040e-01 3.404000e-03 2.192000e-03
8 9.934520e-01 3.816000e-03 2.732000e-03
9 9.924040e-01 4.240000e-03 3.356000e-03
10 9.912600e-01 4.444000e-03 4.296000e-03
11 9.901120e-01 4.708000e-03 5.180000e-03
12 9.890000e-01 5.032000e-03 5.968000e-03
13 9.879160e-01 5.300000e-03 6.784000e-03
14 9.866880e-01 5.560000e-03 7.752000e-03
15 9.854440e-01 5.868000e-03 8.688000e-03
16 9.842720e-01 6.068000e-03 9.660000e-03
17 9.829680e-01 6.284000e-03 1.074800e-02
18 9.815600e-01 6.524000e-03 1.191600e-02
19 9.802920e-01 6.672000e-03 1.303600e-02
20 9.789600e-01 6.776000e-03 1.426400e-02
21 9.775120e-01 7.000000e-03 1.548800e-02
22 9.759720e-01 7.292000e-03 1.673600e-02
23 9.743400e-01 7.700000e-03 1.796000e-02
24 9.727720e-01 7.916000e-03 1.931200e-02
25 9.712400e-01 8.016000e-03 2.074400e-02
26 9.698520e-01 8.008000e-03 2.214000e-02
27 9.684200e-01 8.164000e-03 2.341600e-02
28 9.669920e-01 7.976000e-03 2.503200e-02
29 9.655360e-01 8.012000e-03 2.645200e-02
30 9.641480e-01 7.936000e-03 2.791600e-02
31 9.626960e-01 8.040000e-03 2.926400e-02
32 9.611680e-01 8.212000e-03 3.062000e-02
33 9.594760e-01 8.492000e-03 3.203200e-02
34 9.579760e-01 8.552000e-03 3.347200e-02
35 9.564800e-01 8.596000e-03 3.492400e-02
36 9.549280e-01 8.740000e-03 3.633200e-02
37 9.533600e-01 8.660000e-03 3.798000e-02
38 9.517760e-01 8.732000e-03 3.949200e-02
39 9.501800e-01 8.764000e-03 4.105600e-02
40 9.485600e-01 8.820000e-03 4.262000e-02
41 9.469840e-01 8.832000e-03 4.418400e-02
42 9.455040e-01 8.752000e-03 4.574400e-02
43 9.438680e-01 8.760000e-03 4.737200e-02
44 9.422800e-01 8.840000e-03 4.888000e-02
45 9.407320e-01 8.884000e-03 5.038400e-02
46 9.390840e-01 9.020000e-03 5.189600e-02
47 9.375480e-01 8.872000e-03 5.358000e-02
48 9.360600e-01 8.808000e-03 5.513200e-02
49 9.343720e-01 8.964000e-03 5.666400e-02
50 9.328560e-01 8.876000e-03 5.826800e-02
51 9.311520e-01 8.960000e-03 5.988800e-02
52 9.297560e-01 8.672000e-03 6.157200e-02
53 9.282840e-01 8.584000e-03 6.313200e-02
54 9.267640e-01 8.508000e-03 6.472800e-02
55 9.252880e-01 8.612000e-03 6.610000e-02
56 9.237680e-01 8.608000e-03 6.762400e-02
57 9.221520e-01 8.696000e-03 6.915200e-02
58 9.205000e-01 8.832000e-03 7.066800e-02
59 9.189760e-01 8.844000e-03 7.218000e-02
60 9.173080e-01 8.916000e-03 7.377600e-02
61 9.157320e-01 9.016000e-03 7.525200e-02
62 9.141520e-01 9.108000e-03 7.674000e-02
63 9.126040e-01 9.084000e-03 7.831200e-02
64 9.110240e-01 9.164000e-03 7.981200e-02
65 9.095920e-01 8.968000e-03 8.144000e-02
66 9.080920e-01 8.852000e-03 8.305600e-02
67 9.064560e-01 8.852000e-03 8.469200e-02
68 9.049360e-01 8.748000e-03 8.631600e-02
69 9.032960e-01 8.792000e-03 8.791200e-02
70 9.018960e-01 8.700000e-03 8.940400e-02
71 9.004600e-01 8.564000e-03 9.097600e-02
72 8.989640e-01 8.508000e-03 9.252800e-02
73 8.974520e-01 8.544000e-03 9.400400e-02
74 8.959720e-01 8.476000e-03 9.555200e-02
75 8.944080e-01 8.512000e-03 9.708000e-02
76 8.927320e-01 8.840000e-03 9.842800e-02
77 8.911120e-01 8.976000e-03 9.991200e-02
78 8.895880e-01 8.868000e-03 1.015440e-01
79 8.880200e-01 8.988000e-03 1.029920e-01
80 8.865640e-01 8.936000e-03 1.045000e-01
81 8.849080e-01 8.912000e-03 1.061800e-01
82 8.834080e-01 8.796000e-03 1.077960e-01
83 8.818320e-01 8.856000e-03 1.093120e-01
84 8.802800e-01 8.804000e-03 1.109160e-01
85 8.787000e-01 8.860000e-03 1.124400e-01
86 8.771520e-01 8.948000e-03 1.139000e-01
87 8.756520e-01 8.960000e-03 1.153880e-01
88 8.742880e-01 8.828000e-03 1.168840e-01
89 8.727520e-01 8.840000e-03 1.184080e-01
90 8.713120e-01 8.700000e-03 1.199880e-01
91 8.696240e-01 8.912000e-03 1.214640e-01
92 8.683080e-01 8.616000e-03 1.230760e-01
93 8.669000e-01 8.480000e-03 1.246200e-01
94 8.652800e-01 8.644000e-03 1.260760e-01
95 8.638120e-01 8.612000e-03 1.275760e-01
96 8.623240e-01 8.536000e-03 1.291400e-01
97 8.608400e-01 8.608000e-03 1.305520e-01
98 8.594320e-01 8.464000e-03 1.321040e-01
99 8.578440e-01 8.528000e-03 1.336280e-01
100 8.562680e-01 8.556000e-03 1.351760e-01
101 8.547280e-01 8.572000e-03 1.367000e-01
102 8.532760e-01 8.468000e-03 1.382560e-01
103 8.515880e-01 8.808000e-03 1.396040e-01
104 8.501000e-01 8.648000e-03 1.412520e-01
105 8.486680e-01 8.496000e-03 1.428360e-01
106 8.470840e-01 8.624000e-03 1.442920e-01
107 8.456480e-01 8.464000e-03 1.458880e-01
108 8.441960e-01 8.396000e-03 1.474080e-01
109 8.427800e-01 8.292000e-03 1.489280e-01
110 8.413840e-01 8.268000e-03 1.503480e-01
111 8.398680e-01 8.352000e-03 1.517800e-01
112 8.382880e-01 8.508000e-03 1.532040e-01
113 8.367000e-01 8.480000e-03 1.548200e-01
114 8.352080e-01 8.596000e-03 1.561960e-01
115 8.337360e-01 8.572000e-03 1.576920e-01
116 8.321360e-01 8.700000e-03 1.591640e-01
117 8.305920e-01 8.764000e-03 1.606440e-01
118 8.290040e-01 8.808000e-03 1.621880e-01
119 8.275440e-01 8.764000e-03 1.636920e-01
120 8.259320e-01 8.844000e-03 1.652240e-01
121 8.243320e-01 9.000000e-03 1.666680e-01
122 8.229200e-01 8.992000e-03 1.680880e-01
123 8.214520e-01 8.872000e-03 1.696760e-01
124 8.200080e-01 8.840000e-03 1.711520e-01
125 8.184200e-01 8.928000e-03 1.726520e-01
126 8.170880e-01 8.772000e-03 1.741400e-01
127 8.156600e-01 8.656000e-03 1.756840e-01
128 8.143480e-01 8.600000e-03 1.770520e-01
129 8.129960e-01 8.428000e-03 1.785760e-01
130 8.117440e-01 8.256000e-03 1.800000e-01
131 8.102800e-01 8.180000e-03 1.815400e-01
132 8.089280e-01 8.096000e-03 1.829760e-01
133 8.075680e-01 8.024000e-03 1.844080e-01
134 8.063040e-01 7.832000e-03 1.858640e-01
135 8.050840e-01 7.776000e-03 1.871400e-01
136 8.039280e-01 7.556000e-03 1.885160e-01
137 8.026160e-01 7.612000e-03 1.897720e-01
138 8.014160e-01 7.412000e-03 1.911720e-01
139 8.002440e-01 7.368000e-03 1.923880e-01
140 7.989720e-01 7.320000e-03 1.937080e-01
141 7.976920e-01 7.468000e-03 1.948400e-01
142 7.964560e-01 7.392000e-03 1.961520e-01
143 7.951760e-01 7.496000e-03 1.973280e-01
144 7.940400e-01 7.336000e-03 1.986240e-01
145 7.929320e-01 7.204000e-03 1.998640e-01
146 7.918760e-01 7.040000e-03 2.010840e-01
147 7.906880e-01 7.000000e-03 2.023120e-01
148 7.894800e-01 7.044000e-03 2.034760e-01
149 7.883360e-01 6.944000e-03 2.047200e-01
150 7.872720e-01 6.824000e-03 2.059040e-01
151 7.861640e-01 6.736000e-03 2.071000e-01
152 7.850600e-01 6.612000e-03 2.083280e-01
153 7.839920e-01 6.444000e-03 2.095640e-01
154 7.828600e-01 6.448000e-03 2.106920e-01
155 7.818280e-01 6.340000e-03 2.118320e-01
156 7.808320e-01 6.196000e-03 2.129720e-01
157 7.797400e-01 6.252000e-03 2.140080e-01
158 7.786280e-01 6.256000e-03 2.151160e-01
159 7.776520e-01 6.216000e-03 2.161320e-01
160 7.765680e-01 6.212000e-03 2.172200e-01
161 7.755320e-01 6.192000e-03 2.182760e-01
162 7.744680e-01 6.192000e-03 2.193400e-01
163 7.736360e-01 5.932000e-03 2.204320e-01
164 7.726320e-01 5.824000e-03 2.215440e-01
165 7.715840e-01 5.860000e-03 2.225560e-01
166 7.705120e-01 5.852000e-03 2.236360e-01
167 7.695640e-01 5.828000e-03 2.246080e-01
168 7.686320e-01 5.884000e-03 2.254840e-01
169 7.678000e-01 5.768000e-03 2.264320e-01
170 7.669160e-01 5.676000e-03 2.274080e-01
171 7.660520e-01 5.548000e-03 2.284000e-01
172 7.651360e-01 5.548000e-03 2.293160e-01
173 7.643160e-01 5.324000e-03 2.303600e-01
174 7.633360e-01 5.332000e-03 2.313320e-01
175 7.624960e-01 5.256000e-03 2.322480e-01
176 7.615760e-01 5.112000e-03 2.333120e-01
177 7.606720e-01 5.156000e-03 2.341720e-01
178 7.598920e-01 5.116000e-03 2.349920e-01
179 7.590760e-01 4.988000e-03 2.359360e-01
180 7.582160e-01 4.992000e-03 2.367920e-01
181 7.573040e-01 5.052000e-03 2.376440e-01
182 7.564720e-01 4.952000e-03 2.385760e-01
183 7.555360e-01 5.084000e-03 2.393800e-01
184 7.545480e-01 5.160000e-03 2.402920e-01
185 7.536120e-01 5.168000e-03 2.412200e-01
186 7.526280e-01 5.168000e-03 2.422040e-01
187 7.517120e-01 5.168000e-03 2.431200e-01
188 7.508400e-01 5.232000e-03 2.439280e-01
189 7.499080e-01 5.124000e-03 2.449680e-01
190 7.490960e-01 5.056000e-03 2.458480e-01
191 7.482600e-01 5.064000e-03 2.466760e-01
192 7.473640e-01 5.052000e-03 2.475840e-01
193 7.464720e-01 4.992000e-03 2.485360e-01
194 7.456040e-01 4.996000e-03 2.494000e-01
195 7.448360e-01 4.824000e-03 2.503400e-01
196 7.440480e-01 4.800000e-03 2.511520e-01
197 7.432520e-01 4.656000e-03 2.520920e-01
198 7.424160e-01 4.616000e-03 2.529680e-01
199 7.416320e-01 4.612000e-03 2.537560e-01
200 7.408280e-01 4.632000e-03 2.545400e-01
201 7.399680e-01 4.632000e-03 2.554000e-01
202 7.391760e-01 4.648000e-03 2.561760e-01
203 7.384000e-01 4.572000e-03 2.570280e-01
204 7.375800e-01 4.552000e-03 2.578680e-01
205 7.368000e-01 4.512000e-03 2.586880e-01
206 7.359640e-01 4.628000e-03 2.594080e-01
207 7.350720e-01 4.812000e-03 2.601160e-01
208 7.341480e-01 4.832000e-03 2.610200e-01
209 7.332400e-01 4.884000e-03 2.618760e-01
210 7.321760e-01 5.068000e-03 2.627560e-01
211 7.312800e-01 5.088000e-03 2.636320e-01
212 7.303840e-01 5.168000e-03 2.644480e-01
213 7.294880e-01 5.172000e-03 2.653400e-01
214 7.286080e-01 5.172000e-03 2.662200e-01
215 7.278160e-01 4.960000e-03 2.672240e-01
216 7.269520e-01 4.904000e-03 2.681440e-01
217 7.261240e-01 4.940000e-03 2.689360e-01
218 7.253080e-01 4.940000e-03 2.697520e-01
219 7.245960e-01 4.804000e-03 2.706000e-01
220 7.238160e-01 4.748000e-03 2.714360e-01
221 7.230000e-01 4.736000e-03 2.722640e-01
222 7.222000e-01 4.716000e-03 2.730840e-01
223 7.213840e-01 4.740000e-03 2.738760e-01
224 7.206120e-01 4.716000e-03 2.746720e-01
225 7.198240e-01 4.692000e-03 2.754840e-01
226 7.191920e-01 4.500000e-03 2.763080e-01
227 7.185160e-01 4.432000e-03 2.770520e-01
228 7.178920e-01 4.252000e-03 2.778560e-01
229 7.172800e-01 4.092000e-03 2.786280e-01
230 7.165040e-01 4.084000e-03 2.794120e-01
231 7.158080e-01 4.032000e-03 2.801600e-01
232 7.150880e-01 4.116000e-03 2.807960e-01
233 7.143640e-01 4.120000e-03 2.815160e-01
234 7.135600e-01 4.324000e-03 2.821160e-01
235 7.128400e-01 4.220000e-03 2.829400e-01
236 7.122840e-01 4.068000e-03 2.836480e-01
237 7.116200e-01 4.064000e-03 2.843160e-01
238 7.111000e-01 3.868000e-03 2.850320e-01
239 7.104880e-01 3.848000e-03 2.856640e-01
240 7.098800e-01 3.840000e-03 2.862800e-01
241 7.091680e-01 3.896000e-03 2.869360e-01
242 7.085640e-01 3.904000e-03 2.875320e-01
243 7.078840e-01 3.868000e-03 2.882480e-01
244 7.071960e-01 3.772000e-03 2.890320e-01
245 7.065480e-01 3.744000e-03 2.897080e-01
246 7.059840e-01 3.648000e-03 2.903680e-01
247 7.053200e-01 3.664000e-03 2.910160e-01
248 7.047840e-01 3.580000e-03 2.916360e-01
249 7.041920e-01 3.616000e-03 2.921920e-01
250 7.035280e-01 3.592000e-03 2.928800e-01
251 7.029120e-01 3.648000e-03 2.934400e-01
252 7.024160e-01 3.492000e-03 2.940920e-01
253 7.018160e-01 3.500000e-03 2.946840e-01
254 7.013040e-01 3.492000e-03 2.952040e-01
255 7.007200e-01 3.484000e-03 2.957960e-01
256 7.001000e-01 3.532000e-03 2.963680e-01
257 6.995320e-01 3.380000e-03 2.970880e-01
258 6.989680e-01 3.364000e-03 2.976680e-01
259 6.983240e-01 3.416000e-03 2.982600e-01
260 6.977920e-01 3.368000e-03 2.988400e-01
261 6.972480e-01 3.252000e-03 2.995000e-01
262 6.966520e-01 3.312000e-03 3.000360e-01
263 6.961320e-01 3.204000e-03 3.006640e-01
264 6.956080e-01 3.212000e-03 3.011800e-01
265 6.951640e-01 3.072000e-03 3.017640e-01
266 6.947120e-01 2.972000e-03 3.023160e-01
267 6.943000e-01 2.924000e-03 3.027760e-01
268 6.939400e-01 2.820000e-03 3.032400e-01
269 6.934280e-01 2.940000e-03 3.036320e-01
270 6.929920e-01 2.860000e-03 3.041480e-01
271 6.926120e-01 2.736000e-03 3.046520e-01
272 6.922120e-01 2.624000e-03 3.051640e-01
273 6.917600e-01 2.644000e-03 3.055960e-01
274 6.914280e-01 2.552000e-03 3.060200e-01
275 6.909280e-01 2.604000e-03 3.064680e-01
276 6.905160e-01 2.600000e-03 3.068840e-01
277 6.900880e-01 2.584000e-03 3.073280e-01
278 6.896000e-01 2.660000e-03 3.077400e-01
279 6.890920e-01 2.724000e-03 3.081840e-01
280 6.886160e-01 2.760000e-03 3.086240e-01
281 6.881160e-01 2.752000e-03 3.091320e-01
282 6.876800e-01 2.696000e-03 3.096240e-01
283 6.872520e-01 2.600000e-03 3.101480e-01
284 6.867680e-01 2.636000e-03 3.105960e-01
285 6.863000e-01 2.596000e-03 3.111040e-01
286 6.859160e-01 2.548000e-03 3.115360e-01
287 6.855280e-01 2.576000e-03 3.118960e-01
288 6.850800e-01 2.456000e-03 3.124640e-01
289 6.847280e-01 2.392000e-03 3.128800e-01
290 6.842800e-01 2.508000e-03 3.132120e-01
291 6.838000e-01 2.592000e-03 3.136080e-01
292 6.832760e-01 2.700000e-03 3.140240e-01
293 6.828880e-01 2.636000e-03 3.144760e-01
294 6.824760e-01 2.516000e-03 3.150080e-01
295 6.819760e-01 2.644000e-03 3.153800e-01
296 6.814960e-01 2.636000e-03 3.158680e-01
297 6.810440e-01 2.600000e-03 3.163560e-01
298 6.806280e-01 2.600000e-03 3.167720e-01
299 6.801600e-01 2.652000e-03 3.171880e-01
300 6.796640e-01 2.684000e-03 3.176520e-01
301 6.791760e-01 2.700000e-03 3.181240e-01
302 6.787280e-01 2.620000e-03 3.186520e-01
303 6.783360e-01 2.564000e-03 3.191000e-01
304 6.779080e-01 2.532000e-03 3.195600e-01
305 6.774160e-01 2.624000e-03 3.199600e-01
306 6.770400e-01 2.516000e-03 3.204440e-01
307 6.766200e-01 2.500000e-03 3.208800e-01
308 6.762160e-01 2.516000e-03 3.212680e-01
309 6.757560e-01 2.544000e-03 3.217000e-01
310 6.754120e-01 2.484000e-03 3.221040e-01
311 6.750360e-01 2.408000e-03 3.225560e-01
312 6.746400e-01 2.364000e-03 3.229960e-01
313 6.743160e-01 2.320000e-03 3.233640e-01
314 6.740280e-01 2.236000e-03 3.237360e-01
315 6.736400e-01 2.232000e-03 3.241280e-01
316 6.733440e-01 2.100000e-03 3.245560e-01
317 6.730040e-01 2.116000e-03 3.248800e-01
318 6.727000e-01 2.024000e-03 3.252760e-01
319 6.723520e-01 2.064000e-03 3.255840e-01
320 6.720760e-01 1.952000e-03 3.259720e-01
321 6.717680e-01 1.908000e-03 3.263240e-01
322 6.714800e-01 1.856000e-03 3.266640e-01
323 6.710920e-01 1.920000e-03 3.269880e-01
324 6.708760e-01 1.768000e-03 3.273560e-01
325 6.705760e-01 1.780000e-03 3.276440e-01
326 6.702720e-01 1.764000e-03 3.279640e-01
327 6.699520e-01 1.804000e-03 3.282440e-01
328 6.696520e-01 1.788000e-03 3.285600e-01
329 6.693480e-01 1.804000e-03 3.288480e-01
330 6.690800e-01 1.756000e-03 3.291640e-01
331 6.687800e-01 1.760000e-03 3.294600e-01
332 6.685200e-01 1.660000e-03 3.298200e-01
333 6.682960e-01 1.604000e-03 3.301000e-01
334 6.679400e-01 1.664000e-03 3.303960e-01
335 6.676800e-01 1.688000e-03 3.306320e-01
336 6.674240e-01 1.624000e-03 3.309520e-01
337 6.671520e-01 1.620000e-03 3.312280e-01
338 6.668440e-01 1.696000e-03 3.314600e-01
339 6.665320e-01 1.776000e-03 3.316920e-01
340 6.662480e-01 1.800000e-03 3.319520e-01
341 6.659640e-01 1.748000e-03 3.322880e-01
342 6.655960e-01 1.764000e-03 3.326400e-01
343 6.653640e-01 1.676000e-03 3.329600e-01
344 6.650880e-01 1.652000e-03 3.332600e-01
345 6.648080e-01 1.688000e-03 3.335040e-01
346 6.645800e-01 1.580000e-03 3.338400e-01
347 6.643480e-01 1.528000e-03 3.341240e-01
348 6.640600e-01 1.552000e-03 3.343880e-01
349 6.638480e-01 1.520000e-03 3.346320e-01
350 6.635960e-01 1.460000e-03 3.349440e-01
351 6.633280e-01 1.524000e-03 3.351480e-01
352 6.630840e-01 1.504000e-03 3.354120e-01
353 6.628400e-01 1.444000e-03 3.357160e-01
354 6.626080e-01 1.448000e-03 3.359440e-01
355 6.623600e-01 1.456000e-03 3.361840e-01
356 6.620960e-01 1.476000e-03 3.364280e-01
357 6.618600e-01 1.444000e-03 3.366960e-01
358 6.616280e-01 1.428000e-03 3.369440e-01
359 6.613160e-01 1.504000e-03 3.371800e-01
360 6.610200e-01 1.528000e-03 3.374520e-01
361 6.607640e-01 1.528000e-03 3.377080e-01
362 6.604480e-01 1.548000e-03 3.380040e-01
363 6.601240e-01 1.624000e-03 3.382520e-01
364 6.598280e-01 1.552000e-03 3.386200e-01
365 6.594640e-01 1.660000e-03 3.388760e-01
366 6.591400e-01 1.780000e-03 3.390800e-01
367 6.588160e-01 1.808000e-03 3.393760e-01
368 6.585560e-01 1.816000e-03 3.396280e-01
369 6.582600e-01 1.780000e-03 3.399600e-01
370 6.579960e-01 1.732000e-03 3.402720e-01
371 6.577560e-01 1.700000e-03 3.405440e-01
372 6.574600e-01 1.668000e-03 3.408720e-01
373 6.572160e-01 1.584000e-03 3.412000e-01
374 6.569160e-01 1.584000e-03 3.415000e-01
375 6.566520e-01 1.580000e-03 3.417680e-01
376 6.563720e-01 1.528000e-03 3.421000e-01
377 6.561240e-01 1.544000e-03 3.423320e-01
378 6.558840e-01 1.536000e-03 3.425800e-01
379 6.556320e-01 1.496000e-03 3.428720e-01
380 6.554120e-01 1.440000e-03 3.431480e-01
381 6.552120e-01 1.360000e-03 3.434280e-01
382 6.550280e-01 1.300000e-03 3.436720e-01
383 6.548200e-01 1.300000e-03 3.438800e-01
384 6.546160e-01 1.292000e-03 3.440920e-01
385 6.544320e-01 1.252000e-03 3.443160e-01
386 6.542040e-01 1.276000e-03 3.445200e-01
387 6.539760e-01 1.276000e-03 3.447480e-01
388 6.537320e-01 1.312000e-03 3.449560e-01
389 6.534920e-01 1.332000e-03 3.451760e-01
390 6.532800e-01 1.300000e-03 3.454200e-01
391 6.530520e-01 1.280000e-03 3.456680e-01
392 6.528320e-01 1.336000e-03 3.458320e-01
393 6.526160e-01 1.360000e-03 3.460240e-01
394 6.523880e-01 1.312000e-03 3.463000e-01
395 6.521560e-01 1.360000e-03 3.464840e-01
396 6.518960e-01 1.376000e-03 3.467280e-01
397 6.516640e-01 1.372000e-03 3.469640e-01
398 6.514000e-01 1.396000e-03 3.472040e-01
399 6.511280e-01 1.392000e-03 3.474800e-01
400 6.509320e-01 1.324000e-03 3.477440e-01
401 6.507320e-01 1.332000e-03 3.479360e-01
402 6.505840e-01 1.268000e-03 3.481480e-01
403 6.503680e-01 1.248000e-03 3.483840e-01
404 6.501240e-01 1.280000e-03 3.485960e-01
405 6.498360e-01 1.280000e-03 3.488840e-01
406 6.496040e-01 1.264000e-03 3.491320e-01
407 6.493840e-01 1.224000e-03 3.493920e-01
408 6.492320e-01 1.168000e-03 3.496000e-01
409 6.490760e-01 1.128000e-03 3.497960e-01
410 6.488480e-01 1.168000e-03 3.499840e-01
411 6.486680e-01 1.180000e-03 3.501520e-01
412 6.484680e-01 1.168000e-03 3.503640e-01
413 6.482720e-01 1.176000e-03 3.505520e-01
414 6.481040e-01 1.132000e-03 3.507640e-01
415 6.479280e-01 1.100000e-03 3.509720e-01
416 6.477560e-01 1.084000e-03 3.511600e-01
417 6.475360e-01 1.104000e-03 3.513600e-01
418 6.473280e-01 1.108000e-03 3.515640e-01
419 6.471960e-01 1.060000e-03 3.517440e-01
420 6.470120e-01 1.088000e-03 3.519000e-01
421 6.468120e-01 1.068000e-03 3.521200e-01
422 6.466160e-01 1.040000e-03 3.523440e-01
423 6.464400e-01 1.064000e-03 3.524960e-01
424 6.462840e-01 1.016000e-03 3.527000e-01
425 6.460760e-01 1.080000e-03 3.528440e-01
426 6.458800e-01 1.080000e-03 3.530400e-01
427 6.456720e-01 1.124000e-03 3.532040e-01
428 6.455280e-01 1.084000e-03 3.533880e-01
429 6.453440e-01 1.080000e-03 3.535760e-01
430 6.451800e-01 1.048000e-03 3.537720e-01
431 6.450400e-01 1.028000e-03 3.539320e-01
432 6.448600e-01 1.028000e-03 3.541120e-01
433 6.446920e-01 1.020000e-03 3.542880e-01
434 6.445200e-01 1.012000e-03 3.544680e-01
435 6.443480e-01 1.020000e-03 3.546320e-01
436 6.441880e-01 1.048000e-03 3.547640e-01
437 6.439880e-01 1.024000e-03 3.549880e-01
438 6.438120e-01 1.000000e-03 3.551880e-01
439 6.436680e-01 9.320000e-04 3.554000e-01
440 6.435200e-01 9.080000e-04 3.555720e-01
441 6.433440e-01 9.240000e-04 3.557320e-01
442 6.431800e-01 9.120000e-04 3.559080e-01
443 6.429360e-01 1.012000e-03 3.560520e-01
444 6.427120e-01 1.076000e-03 3.562120e-01
445 6.424920e-01 1.044000e-03 3.564640e-01
446 6.422600e-01 1.108000e-03 3.566320e-01
447 6.420400e-01 1.084000e-03 3.568760e-01
448 6.418520e-01 1.032000e-03 3.571160e-01
449 6.416440e-01 1.072000e-03 3.572840e-01
450 6.414440e-01 1.104000e-03 3.574520e-01
451 6.412520e-01 1.108000e-03 3.576400e-01
452 6.409920e-01 1.160000e-03 3.578480e-01
453 6.407640e-01 1.192000e-03 3.580440e-01
454 6.405880e-01 1.164000e-03 3.582480e-01
455 6.403360e-01 1.184000e-03 3.584800e-01
456 6.401360e-01 1.184000e-03 3.586800e-01
457 6.399000e-01 1.200000e-03 3.589000e-01
458 6.397280e-01 1.160000e-03 3.591120e-01
459 6.395000e-01 1.232000e-03 3.592680e-01
460 6.392400e-01 1.300000e-03 3.594600e-01
461 6.389640e-01 1.400000e-03 3.596360e-01
462 6.387640e-01 1.372000e-03 3.598640e-01
463 6.384800e-01 1.424000e-03 3.600960e-01
464 6.382440e-01 1.396000e-03 3.603600e-01
465 6.379840e-01 1.424000e-03 3.605920e-01
466 6.376760e-01 1.488000e-03 3.608360e-01
467 6.374080e-01 1.480000e-03 3.611120e-01
468 6.371240e-01 1.512000e-03 3.613640e-01
469 6.368640e-01 1.484000e-03 3.616520e-01
470 6.366120e-01 1.392000e-03 3.619960e-01
471 6.363600e-01 1.428000e-03 3.622120e-01
472 6.361240e-01 1.392000e-03 3.624840e-01
473 6.359200e-01 1.320000e-03 3.627600e-01
474 6.356400e-01 1.384000e-03 3.629760e-01
475 6.353600e-01 1.400000e-03 3.632400e-01
476 6.351120e-01 1.376000e-03 3.635120e-01
477 6.349240e-01 1.304000e-03 3.637720e-01
478 6.346920e-01 1.268000e-03 3.640400e-01
479 6.345280e-01 1.172000e-03 3.643000e-01
480 6.343160e-01 1.188000e-03 3.644960e-01
481 6.341640e-01 1.096000e-03 3.647400e-01
482 6.339960e-01 1.024000e-03 3.649800e-01
483 6.338160e-01 1.024000e-03 3.651600e-01
484 6.337080e-01 9.800000e-04 3.653120e-01
485 6.335840e-01 9.600000e-04 3.654560e-01
486 6.334480e-01 9.480000e-04 3.656040e-01
487 6.333160e-01 8.800000e-04 3.658040e-01
488 6.332000e-01 8.400000e-04 3.659600e-01
489 6.331080e-01 8.400000e-04 3.660520e-01
490 6.329920e-01 8.160000e-04 3.661920e-01
491 6.328440e-01 7.960000e-04 3.663600e-01
492 6.327040e-01 7.880000e-04 3.665080e-01
493 6.325160e-01 8.200000e-04 3.666640e-01
494 6.323360e-01 8.800000e-04 3.667840e-01
495 6.321640e-01 8.920000e-04 3.669440e-01
496 6.319280e-01 1.008000e-03 3.670640e-01
497 6.317160e-01 1.044000e-03 3.672400e-01
498 6.314440e-01 1.136000e-03 3.674200e-01
499 6.312200e-01 1.164000e-03 3.676160e-01
500 6.309320e-01 1.232000e-03 3.678360e-01
