1 9.991360e-01 7.600000e-04 1.040000e-04
2 9.985920e-01 1.128000e-03 2.800000e-04
3 9.979480e-01 1.484000e-03 5.680000e-04
4 9.971880e-01 1.936000e-03 8.760000e-04
5 9.965280e-01 2.244000e-03 1.228000e-03
6 9.957840e-01 2.596000e-03 1.620000e-03
7 9.949440e-01 2.956000e-03 2.100000e-03
8 9.940960e-01 3.260000e-03 2.644000e-03
9 9.931360e-01 3.588000e-03 3.276000e-03
10 9.923200e-01 3.820000e-03 3.860000e-03
11 9.912960e-01 4.160000e-03 4.544000e-03
12 9.903520e-01 4.432000e-03 5.216000e-03
13 9.893800e-01 4.612000e-03 6.008000e-03
14 9.884720e-01 4.692000e-03 6.836000e-03
15 9.872800e-01 5.008000e-03 7.712000e-03
16 9.862480e-01 5.160000e-03 8.592000e-03
17 9.852160e-01 5.308000e-03 9.476000e-03
18 9.841920e-01 5.472000e-03 1.033600e-02
19 9.831480e-01 5.540000e-03 1.131200e-02
20 9.819880e-01 5.684000e-03 1.232800e-02
21 9.808400e-01 5.784000e-03 1.337600e-02
22 9.797200e-01 5.856000e-03 1.442400e-02
23 9.785560e-01 5.836000e-03 1.560800e-02
24 9.774840e-01 5.840000e-03 1.667600e-02
25 9.762480e-01 6.004000e-03 1.774800e-02
26 9.749480e-01 6.336000e-03 1.871600e-02
27 9.737800e-01 6.396000e-03 1.982400e-02
28 9.726120e-01 6.396000e-03 2.099200e-02
29 9.713120e-01 6.536000e-03 2.215200e-02
30 9.700560e-01 6.700000e-03 2.324400e-02
31 9.687600e-01 6.820000e-03 2.442000e-02
32 9.673560e-01 6.960000e-03 2.568400e-02
33 9.660000e-01 7.100000e-03 2.690000e-02
34 9.645560e-01 7.264000e-03 2.818000e-02
35 9.631800e-01 7.412000e-03 2.940800e-02
36 9.617480e-01 7.496000e-03 3.075600e-02
37 9.604400e-01 7.456000e-03 3.210400e-02
38 9.590600e-01 7.488000e-03 3.345200e-02
39 9.576680e-01 7.588000e-03 3.474400e-02
40 9.564160e-01 7.508000e-03 3.607600e-02
41 9.551000e-01 7.612000e-03 3.728800e-02
42 9.538160e-01 7.580000e-03 3.860400e-02
43 9.524120e-01 7.684000e-03 3.990400e-02
44 9.509000e-01 7.908000e-03 4.119200e-02
45 9.492560e-01 8.152000e-03 4.259200e-02
46 9.477400e-01 8.212000e-03 4.404800e-02
47 9.463600e-01 8.204000e-03 4.543600e-02
48 9.451120e-01 8.016000e-03 4.687200e-02
49 9.437440e-01 7.908000e-03 4.834800e-02
50 9.425000e-01 7.792000e-03 4.970800e-02
51 9.412200e-01 7.676000e-03 5.110400e-02
52 9.398800e-01 7.584000e-03 5.253600e-02
53 9.385480e-01 7.500000e-03 5.395200e-02
54 9.374080e-01 7.416000e-03 5.517600e-02
55 9.359240e-01 7.620000e-03 5.645600e-02
56 9.345760e-01 7.656000e-03 5.776800e-02
57 9.330320e-01 7.876000e-03 5.909200e-02
58 9.316240e-01 7.888000e-03 6.048800e-02
59 9.302320e-01 7.884000e-03 6.188400e-02
60 9.289000e-01 7.828000e-03 6.327200e-02
61 9.275600e-01 7.824000e-03 6.461600e-02
62 9.262080e-01 7.820000e-03 6.597200e-02
63 9.249120e-01 7.860000e-03 6.722800e-02
64 9.236440e-01 7.744000e-03 6.861200e-02
65 9.223040e-01 7.684000e-03 7.001200e-02
66 9.210440e-01 7.496000e-03 7.146000e-02
67 9.196960e-01 7.588000e-03 7.271600e-02
68 9.184480e-01 7.616000e-03 7.393600e-02
69 9.170960e-01 7.616000e-03 7.528800e-02
70 9.157800e-01 7.540000e-03 7.668000e-02
71 9.144760e-01 7.480000e-03 7.804400e-02
72 9.130800e-01 7.612000e-03 7.930800e-02
73 9.116640e-01 7.864000e-03 8.047200e-02
74 9.102160e-01 8.028000e-03 8.175600e-02
75 9.086960e-01 8.136000e-03 8.316800e-02
76 9.074240e-01 8.060000e-03 8.451600e-02
77 9.059480e-01 8.216000e-03 8.583600e-02
78 9.046080e-01 8.060000e-03 8.733200e-02
79 9.032360e-01 8.064000e-03 8.870000e-02
80 9.018840e-01 7.928000e-03 9.018800e-02
81 9.007200e-01 7.768000e-03 9.151200e-02
82 8.994960e-01 7.592000e-03 9.291200e-02
83 8.983760e-01 7.408000e-03 9.421600e-02
84 8.972440e-01 7.336000e-03 9.542000e-02
85 8.960400e-01 7.276000e-03 9.668400e-02
86 8.948840e-01 7.036000e-03 9.808000e-02
87 8.938840e-01 6.804000e-03 9.931200e-02
88 8.926800e-01 6.808000e-03 1.005120e-01
89 8.916320e-01 6.580000e-03 1.017880e-01
90 8.905440e-01 6.460000e-03 1.029960e-01
91 8.894560e-01 6.444000e-03 1.041000e-01
92 8.884200e-01 6.336000e-03 1.052440e-01
93 8.873360e-01 6.308000e-03 1.063560e-01
94 8.863760e-01 6.100000e-03 1.075240e-01
95 8.852960e-01 6.124000e-03 1.085800e-01
96 8.843120e-01 6.012000e-03 1.096760e-01
97 8.833000e-01 6.000000e-03 1.107000e-01
98 8.823520e-01 5.884000e-03 1.117640e-01
99 8.814640e-01 5.876000e-03 1.126600e-01
100 8.804320e-01 5.888000e-03 1.136800e-01
101 8.794920e-01 5.740000e-03 1.147680e-01
102 8.784520e-01 5.756000e-03 1.157920e-01
103 8.775320e-01 5.644000e-03 1.168240e-01
104 8.766800e-01 5.576000e-03 1.177440e-01
105 8.756640e-01 5.644000e-03 1.186920e-01
106 8.746080e-01 5.740000e-03 1.196520e-01
107 8.735040e-01 5.836000e-03 1.206600e-01
108 8.724560e-01 5.920000e-03 1.216240e-01
109 8.715280e-01 5.904000e-03 1.225680e-01
110 8.705440e-01 5.852000e-03 1.236040e-01
111 8.696640e-01 5.700000e-03 1.246360e-01
112 8.686280e-01 5.672000e-03 1.257000e-01
113 8.676480e-01 5.704000e-03 1.266480e-01
114 8.668320e-01 5.608000e-03 1.275600e-01
115 8.659080e-01 5.584000e-03 1.285080e-01
116 8.649040e-01 5.620000e-03 1.294760e-01
117 8.640320e-01 5.600000e-03 1.303680e-01
118 8.630160e-01 5.620000e-03 1.313640e-01
119 8.620040e-01 5.640000e-03 1.323560e-01
120 8.610720e-01 5.556000e-03 1.333720e-01
121 8.601160e-01 5.568000e-03 1.343160e-01
122 8.590720e-01 5.644000e-03 1.352840e-01
123 8.580520e-01 5.576000e-03 1.363720e-01
124 8.571600e-01 5.500000e-03 1.373400e-01
125 8.563080e-01 5.436000e-03 1.382560e-01
126 8.554800e-01 5.280000e-03 1.392400e-01
127 8.546160e-01 5.148000e-03 1.402360e-01
128 8.536680e-01 5.180000e-03 1.411520e-01
129 8.526520e-01 5.284000e-03 1.420640e-01
130 8.517520e-01 5.248000e-03 1.430000e-01
131 8.506920e-01 5.440000e-03 1.438680e-01
132 8.496480e-01 5.476000e-03 1.448760e-01
133 8.485520e-01 5.676000e-03 1.457720e-01
134 8.471600e-01 6.040000e-03 1.468000e-01
135 8.459160e-01 6.232000e-03 1.478520e-01
136 8.448440e-01 6.224000e-03 1.489320e-01
137 8.436920e-01 6.276000e-03 1.500320e-01
138 8.424200e-01 6.432000e-03 1.511480e-01
139 8.413680e-01 6.464000e-03 1.521680e-01
140 8.402360e-01 6.452000e-03 1.533120e-01
141 8.390000e-01 6.532000e-03 1.544680e-01
142 8.378560e-01 6.612000e-03 1.555320e-01
143 8.368760e-01 6.508000e-03 1.566160e-01
144 8.358760e-01 6.292000e-03 1.578320e-01
145 8.348800e-01 6.240000e-03 1.588800e-01
146 8.338720e-01 6.152000e-03 1.599760e-01
147 8.328560e-01 6.128000e-03 1.610160e-01
148 8.317640e-01 6.172000e-03 1.620640e-01
149 8.308240e-01 6.044000e-03 1.631320e-01
150 8.297480e-01 6.044000e-03 1.642080e-01
151 8.288320e-01 5.884000e-03 1.652840e-01
152 8.276720e-01 5.952000e-03 1.663760e-01
153 8.266720e-01 5.968000e-03 1.673600e-01
154 8.256120e-01 5.968000e-03 1.684200e-01
155 8.246280e-01 5.876000e-03 1.694960e-01
156 8.236320e-01 5.828000e-03 1.705400e-01
157 8.227000e-01 5.788000e-03 1.715120e-01
158 8.216800e-01 5.804000e-03 1.725160e-01
159 8.207200e-01 5.792000e-03 1.734880e-01
160 8.198840e-01 5.632000e-03 1.744840e-01
161 8.189360e-01 5.580000e-03 1.754840e-01
162 8.180480e-01 5.520000e-03 1.764320e-01
163 8.170840e-01 5.476000e-03 1.774400e-01
164 8.161440e-01 5.416000e-03 1.784400e-01
165 8.151200e-01 5.476000e-03 1.794040e-01
166 8.141440e-01 5.436000e-03 1.804200e-01
167 8.133520e-01 5.212000e-03 1.814360e-01
168 8.124760e-01 5.120000e-03 1.824040e-01
169 8.115960e-01 5.080000e-03 1.833240e-01
170 8.107480e-01 5.004000e-03 1.842480e-01
171 8.098360e-01 4.844000e-03 1.853200e-01
172 8.090400e-01 4.860000e-03 1.861000e-01
173 8.081840e-01 4.940000e-03 1.868760e-01
174 8.073520e-01 4.984000e-03 1.876640e-01
175 8.064520e-01 5.096000e-03 1.884520e-01
176 8.054960e-01 5.148000e-03 1.893560e-01
177 8.045920e-01 5.160000e-03 1.902480e-01
178 8.038600e-01 4.888000e-03 1.912520e-01
179 8.030320e-01 4.804000e-03 1.921640e-01
180 8.022160e-01 4.788000e-03 1.929960e-01
181 8.014640e-01 4.804000e-03 1.937320e-01
182 8.007560e-01 4.720000e-03 1.945240e-01
183 8.000400e-01 4.608000e-03 1.953520e-01
184 7.992720e-01 4.608000e-03 1.961200e-01
185 7.984720e-01 4.684000e-03 1.968440e-01
186 7.977520e-01 4.560000e-03 1.976880e-01
187 7.969400e-01 4.548000e-03 1.985120e-01
188 7.962560e-01 4.496000e-03 1.992480e-01
189 7.954640e-01 4.508000e-03 2.000280e-01
190 7.946400e-01 4.440000e-03 2.009200e-01
191 7.939920e-01 4.288000e-03 2.017200e-01
192 7.933800e-01 4.144000e-03 2.024760e-01
193 7.927440e-01 4.032000e-03 2.032240e-01
194 7.920440e-01 4.028000e-03 2.039280e-01
195 7.914400e-01 3.872000e-03 2.046880e-01
196 7.908640e-01 3.728000e-03 2.054080e-01
197 7.902280e-01 3.708000e-03 2.060640e-01
198 7.896120e-01 3.604000e-03 2.067840e-01
199 7.890720e-01 3.476000e-03 2.074520e-01
200 7.884920e-01 3.432000e-03 2.080760e-01
201 7.879200e-01 3.436000e-03 2.086440e-01
202 7.873520e-01 3.408000e-03 2.092400e-01
203 7.867800e-01 3.356000e-03 2.098640e-01
204 7.861720e-01 3.372000e-03 2.104560e-01
205 7.855880e-01 3.316000e-03 2.110960e-01
206 7.850360e-01 3.320000e-03 2.116440e-01
207 7.844240e-01 3.308000e-03 2.122680e-01
208 7.838320e-01 3.284000e-03 2.128840e-01
209 7.832560e-01 3.200000e-03 2.135440e-01
210 7.826560e-01 3.312000e-03 2.140320e-01
211 7.820680e-01 3.364000e-03 2.145680e-01
212 7.814680e-01 3.416000e-03 2.151160e-01
213 7.808600e-01 3.428000e-03 2.157120e-01
214 7.803120e-01 3.444000e-03 2.162440e-01
215 7.796880e-01 3.416000e-03 2.168960e-01
216 7.790760e-01 3.420000e-03 2.175040e-01
217 7.784440e-01 3.480000e-03 2.180760e-01
218 7.778440e-01 3.472000e-03 2.186840e-01
219 7.771920e-01 3.600000e-03 2.192080e-01
220 7.765560e-01 3.596000e-03 2.198480e-01
221 7.759400e-01 3.624000e-03 2.204360e-01
222 7.752840e-01 3.624000e-03 2.210920e-01
223 7.747560e-01 3.488000e-03 2.217560e-01
224 7.742160e-01 3.424000e-03 2.223600e-01
225 7.735760e-01 3.480000e-03 2.229440e-01
226 7.730480e-01 3.452000e-03 2.235000e-01
227 7.724960e-01 3.436000e-03 2.240680e-01
228 7.719120e-01 3.408000e-03 2.246800e-01
229 7.712640e-01 3.448000e-03 2.252880e-01
230 7.707120e-01 3.488000e-03 2.258000e-01
231 7.702160e-01 3.368000e-03 2.264160e-01
232 7.696120e-01 3.380000e-03 2.270080e-01
233 7.690000e-01 3.400000e-03 2.276000e-01
234 7.684760e-01 3.372000e-03 2.281520e-01
235 7.680440e-01 3.232000e-03 2.287240e-01
236 7.675160e-01 3.340000e-03 2.291440e-01
237 7.670360e-01 3.296000e-03 2.296680e-01
238 7.665320e-01 3.256000e-03 2.302120e-01
239 7.661040e-01 3.128000e-03 2.307680e-01
240 7.655560e-01 3.104000e-03 2.313400e-01
241 7.650840e-01 3.076000e-03 2.318400e-01
242 7.646120e-01 3.040000e-03 2.323480e-01
243 7.641640e-01 2.940000e-03 2.328960e-01
244 7.636480e-01 2.884000e-03 2.334680e-01
245 7.632040e-01 2.808000e-03 2.339880e-01
246 7.627400e-01 2.844000e-03 2.344160e-01
247 7.621800e-01 2.848000e-03 2.349720e-01
248 7.617240e-01 2.824000e-03 2.354520e-01
249 7.613640e-01 2.652000e-03 2.359840e-01
250 7.609360e-01 2.632000e-03 2.364320e-01
251 7.605240e-01 2.596000e-03 2.368800e-01
252 7.600360e-01 2.628000e-03 2.373360e-01
253 7.595400e-01 2.724000e-03 2.377360e-01
254 7.589680e-01 2.816000e-03 2.382160e-01
255 7.584640e-01 2.780000e-03 2.387560e-01
256 7.578960e-01 2.868000e-03 2.392360e-01
257 7.574240e-01 2.864000e-03 2.397120e-01
258 7.569400e-01 2.756000e-03 2.403040e-01
259 7.564560e-01 2.764000e-03 2.407800e-01
260 7.560120e-01 2.696000e-03 2.412920e-01
261 7.556160e-01 2.540000e-03 2.418440e-01
262 7.552800e-01 2.456000e-03 2.422640e-01
263 7.549000e-01 2.400000e-03 2.427000e-01
264 7.545120e-01 2.364000e-03 2.431240e-01
265 7.542120e-01 2.224000e-03 2.435640e-01
266 7.538680e-01 2.192000e-03 2.439400e-01
267 7.535240e-01 2.104000e-03 2.443720e-01
268 7.531920e-01 2.056000e-03 2.447520e-01
269 7.528880e-01 1.980000e-03 2.451320e-01
270 7.526160e-01 1.960000e-03 2.454240e-01
271 7.523880e-01 1.884000e-03 2.457280e-01
272 7.521000e-01 1.840000e-03 2.460600e-01
273 7.518760e-01 1.712000e-03 2.464120e-01
274 7.516000e-01 1.680000e-03 2.467200e-01
275 7.513320e-01 1.624000e-03 2.470440e-01
276 7.510840e-01 1.564000e-03 2.473520e-01
277 7.508000e-01 1.576000e-03 2.476240e-01
278 7.505320e-01 1.540000e-03 2.479280e-01
279 7.502160e-01 1.556000e-03 2.482280e-01
280 7.499800e-01 1.504000e-03 2.485160e-01
281 7.497960e-01 1.452000e-03 2.487520e-01
282 7.496040e-01 1.404000e-03 2.489920e-01
283 7.493040e-01 1.476000e-03 2.492200e-01
284 7.490920e-01 1.428000e-03 2.494800e-01
285 7.489160e-01 1.380000e-03 2.497040e-01
286 7.487520e-01 1.332000e-03 2.499160e-01
287 7.485960e-01 1.184000e-03 2.502200e-01
288 7.484920e-01 1.056000e-03 2.504520e-01
289 7.483360e-01 1.016000e-03 2.506480e-01
290 7.482000e-01 9.800000e-04 2.508200e-01
291 7.480640e-01 9.600000e-04 2.509760e-01
292 7.479320e-01 9.280000e-04 2.511400e-01
293 7.478080e-01 9.000000e-04 2.512920e-01
294 7.476760e-01 8.560000e-04 2.514680e-01
295 7.475760e-01 7.600000e-04 2.516640e-01
296 7.474320e-01 7.680000e-04 2.518000e-01
297 7.473120e-01 7.120000e-04 2.519760e-01
298 7.471560e-01 7.520000e-04 2.520920e-01
299 7.469200e-01 8.560000e-04 2.522240e-01
300 7.466800e-01 9.680000e-04 2.523520e-01
301 7.464880e-01 9.960000e-04 2.525160e-01
302 7.462800e-01 1.032000e-03 2.526880e-01
303 7.460680e-01 1.052000e-03 2.528800e-01
304 7.458800e-01 1.064000e-03 2.530560e-01
305 7.456920e-01 1.072000e-03 2.532360e-01
306 7.455160e-01 1.056000e-03 2.534280e-01
307 7.453040e-01 1.080000e-03 2.536160e-01
308 7.450720e-01 1.172000e-03 2.537560e-01
309 7.448680e-01 1.172000e-03 2.539600e-01
310 7.447080e-01 1.172000e-03 2.541200e-01
311 7.445360e-01 1.176000e-03 2.542880e-01
312 7.443560e-01 1.124000e-03 2.545200e-01
313 7.441320e-01 1.212000e-03 2.546560e-01
314 7.439720e-01 1.196000e-03 2.548320e-01
315 7.437960e-01 1.112000e-03 2.550920e-01
316 7.435680e-01 1.152000e-03 2.552800e-01
317 7.434160e-01 1.072000e-03 2.555120e-01
318 7.432280e-01 1.080000e-03 2.556920e-01
319 7.430640e-01 1.056000e-03 2.558800e-01
320 7.429200e-01 1.040000e-03 2.560400e-01
321 7.428080e-01 9.640000e-04 2.562280e-01
322 7.426800e-01 9.680000e-04 2.563520e-01
323 7.425400e-01 9.440000e-04 2.565160e-01
324 7.423720e-01 9.520000e-04 2.566760e-01
325 7.421920e-01 9.800000e-04 2.568280e-01
326 7.420240e-01 9.760000e-04 2.570000e-01
327 7.418440e-01 9.600000e-04 2.571960e-01
328 7.416800e-01 9.280000e-04 2.573920e-01
329 7.414760e-01 9.920000e-04 2.575320e-01
330 7.413160e-01 9.920000e-04 2.576920e-01
331 7.411520e-01 9.680000e-04 2.578800e-01
332 7.409760e-01 9.840000e-04 2.580400e-01
333 7.408000e-01 9.320000e-04 2.582680e-01
334 7.405840e-01 9.720000e-04 2.584440e-01
335 7.404160e-01 9.680000e-04 2.586160e-01
336 7.402320e-01 9.760000e-04 2.587920e-01
337 7.400760e-01 9.760000e-04 2.589480e-01
338 7.399280e-01 9.120000e-04 2.591600e-01
339 7.397080e-01 9.720000e-04 2.593200e-01
340 7.395400e-01 9.880000e-04 2.594720e-01
341 7.393160e-01 1.032000e-03 2.596520e-01
342 7.391120e-01 1.024000e-03 2.598640e-01
343 7.389440e-01 1.036000e-03 2.600200e-01
344 7.387560e-01 1.060000e-03 2.601840e-01
345 7.385960e-01 1.048000e-03 2.603560e-01
346 7.384360e-01 1.012000e-03 2.605520e-01
347 7.382160e-01 1.064000e-03 2.607200e-01
348 7.379760e-01 1.160000e-03 2.608640e-01
349 7.377880e-01 1.144000e-03 2.610680e-01
350 7.376320e-01 1.064000e-03 2.613040e-01
351 7.374200e-01 1.136000e-03 2.614440e-01
352 7.371880e-01 1.188000e-03 2.616240e-01
353 7.370080e-01 1.168000e-03 2.618240e-01
354 7.367600e-01 1.192000e-03 2.620480e-01
355 7.365920e-01 1.172000e-03 2.622360e-01
356 7.364040e-01 1.140000e-03 2.624560e-01
357 7.361640e-01 1.160000e-03 2.626760e-01
358 7.359160e-01 1.220000e-03 2.628640e-01
359 7.356640e-01 1.292000e-03 2.630440e-01
360 7.354400e-01 1.240000e-03 2.633200e-01
361 7.352400e-01 1.212000e-03 2.635480e-01
362 7.350200e-01 1.196000e-03 2.637840e-01
363 7.348080e-01 1.164000e-03 2.640280e-01
364 7.346280e-01 1.168000e-03 2.642040e-01
365 7.344360e-01 1.148000e-03 2.644160e-01
366 7.342720e-01 1.096000e-03 2.646320e-01
367 7.341040e-01 1.040000e-03 2.648560e-01
368 7.339280e-01 1.016000e-03 2.650560e-01
369 7.338040e-01 9.800000e-04 2.652160e-01
370 7.336720e-01 9.040000e-04 2.654240e-01
371 7.334720e-01 9.320000e-04 2.655960e-01
372 7.332880e-01 9.880000e-04 2.657240e-01
373 7.331200e-01 9.880000e-04 2.658920e-01
374 7.329560e-01 1.000000e-03 2.660440e-01
375 7.328000e-01 9.920000e-04 2.662080e-01
376 7.326680e-01 9.240000e-04 2.664080e-01
377 7.324680e-01 9.680000e-04 2.665640e-01
378 7.323160e-01 9.520000e-04 2.667320e-01
379 7.321520e-01 9.840000e-04 2.668640e-01
380 7.319920e-01 9.520000e-04 2.670560e-01
381 7.318200e-01 9.440000e-04 2.672360e-01
382 7.316840e-01 8.760000e-04 2.674400e-01
383 7.315400e-01 9.040000e-04 2.675560e-01
384 7.314040e-01 8.800000e-04 2.677160e-01
385 7.312720e-01 8.720000e-04 2.678560e-01
386 7.311560e-01 8.520000e-04 2.679920e-01
387 7.310320e-01 8.480000e-04 2.681200e-01
388 7.308760e-01 8.640000e-04 2.682600e-01
389 7.306920e-01 9.160000e-04 2.683920e-01
390 7.305800e-01 8.480000e-04 2.685720e-01
391 7.304680e-01 7.720000e-04 2.687600e-01
392 7.303360e-01 7.200000e-04 2.689440e-01
393 7.302240e-01 7.280000e-04 2.690480e-01
394 7.300880e-01 7.280000e-04 2.691840e-01
395 7.299640e-01 7.160000e-04 2.693200e-01
396 7.298320e-01 6.880000e-04 2.694800e-01
397 7.297320e-01 6.720000e-04 2.695960e-01
398 7.296240e-01 6.440000e-04 2.697320e-01
399 7.295400e-01 6.280000e-04 2.698320e-01
400 7.294280e-01 6.560000e-04 2.699160e-01
401 7.293280e-01 6.320000e-04 2.700400e-01
402 7.292000e-01 6.440000e-04 2.701560e-01
403 7.290440e-01 6.800000e-04 2.702760e-01
404 7.289600e-01 6.600000e-04 2.703800e-01
405 7.287880e-01 7.280000e-04 2.704840e-01
406 7.285840e-01 7.960000e-04 2.706200e-01
407 7.284480e-01 7.800000e-04 2.707720e-01
408 7.283000e-01 7.960000e-04 2.709040e-01
409 7.281560e-01 8.000000e-04 2.710440e-01
410 7.280040e-01 7.920000e-04 2.712040e-01
411 7.278320e-01 8.120000e-04 2.713560e-01
412 7.276600e-01 8.440000e-04 2.714960e-01
413 7.274840e-01 9.160000e-04 2.716000e-01
414 7.273280e-01 9.040000e-04 2.717680e-01
415 7.271760e-01 9.120000e-04 2.719120e-01
416 7.270120e-01 8.960000e-04 2.720920e-01
417 7.268760e-01 9.120000e-04 2.722120e-01
418 7.267280e-01 9.040000e-04 2.723680e-01
419 7.265720e-01 8.800000e-04 2.725480e-01
420 7.264680e-01 8.520000e-04 2.726800e-01
421 7.263520e-01 8.400000e-04 2.728080e-01
422 7.261840e-01 8.200000e-04 2.729960e-01
423 7.260080e-01 8.720000e-04 2.731200e-01
424 7.257560e-01 1.008000e-03 2.732360e-01
425 7.255520e-01 1.036000e-03 2.734120e-01
426 7.253600e-01 1.024000e-03 2.736160e-01
427 7.252240e-01 9.320000e-04 2.738440e-01
428 7.250960e-01 8.720000e-04 2.740320e-01
429 7.249520e-01 8.680000e-04 2.741800e-01
430 7.247760e-01 8.640000e-04 2.743600e-01
431 7.245920e-01 9.160000e-04 2.744920e-01
432 7.244080e-01 8.960000e-04 2.746960e-01
433 7.242080e-01 9.080000e-04 2.748840e-01
434 7.240720e-01 9.280000e-04 2.750000e-01
435 7.239560e-01 9.080000e-04 2.751360e-01
436 7.237840e-01 9.040000e-04 2.753120e-01
437 7.236320e-01 9.280000e-04 2.754400e-01
438 7.234120e-01 1.036000e-03 2.755520e-01
439 7.231800e-01 1.100000e-03 2.757200e-01
440 7.229720e-01 1.136000e-03 2.758920e-01
441 7.227880e-01 1.112000e-03 2.761000e-01
442 7.225600e-01 1.160000e-03 2.762800e-01
443 7.224240e-01 1.120000e-03 2.764560e-01
444 7.222440e-01 1.160000e-03 2.765960e-01
445 7.220880e-01 1.124000e-03 2.767880e-01
446 7.219040e-01 1.120000e-03 2.769760e-01
447 7.217240e-01 1.040000e-03 2.772360e-01
448 7.215400e-01 1.052000e-03 2.774080e-01
449 7.213280e-01 1.124000e-03 2.775480e-01
450 7.211120e-01 1.140000e-03 2.777480e-01
451 7.208800e-01 1.152000e-03 2.779680e-01
452 7.206880e-01 1.156000e-03 2.781560e-01
453 7.204440e-01 1.212000e-03 2.783440e-01
454 7.202720e-01 1.196000e-03 2.785320e-01
455 7.200040e-01 1.268000e-03 2.787280e-01
456 7.196760e-01 1.352000e-03 2.789720e-01
457 7.194320e-01 1.384000e-03 2.791840e-01
458 7.192440e-01 1.312000e-03 2.794440e-01
459 7.190160e-01 1.300000e-03 2.796840e-01
460 7.187840e-01 1.300000e-03 2.799160e-01
461 7.186040e-01 1.268000e-03 2.801280e-01
462 7.183760e-01 1.280000e-03 2.803440e-01
463 7.181240e-01 1.364000e-03 2.805120e-01
464 7.178320e-01 1.432000e-03 2.807360e-01
465 7.175520e-01 1.464000e-03 2.809840e-01
466 7.173280e-01 1.456000e-03 2.812160e-01
467 7.171000e-01 1.452000e-03 2.814480e-01
468 7.168440e-01 1.500000e-03 2.816560e-01
469 7.166360e-01 1.472000e-03 2.818920e-01
470 7.164360e-01 1.412000e-03 2.821520e-01
471 7.162320e-01 1.336000e-03 2.824320e-01
472 7.159560e-01 1.380000e-03 2.826640e-01
473 7.157800e-01 1.308000e-03 2.829120e-01
474 7.155840e-01 1.228000e-03 2.831880e-01
475 7.153400e-01 1.284000e-03 2.833760e-01
476 7.151400e-01 1.232000e-03 2.836280e-01
477 7.149080e-01 1.280000e-03 2.838120e-01
478 7.147440e-01 1.248000e-03 2.840080e-01
479 7.145400e-01 1.200000e-03 2.842600e-01
480 7.143560e-01 1.160000e-03 2.844840e-01
481 7.141760e-01 1.124000e-03 2.847000e-01
482 7.139800e-01 1.116000e-03 2.849040e-01
483 7.137840e-01 1.104000e-03 2.851120e-01
484 7.136040e-01 1.076000e-03 2.853200e-01
485 7.134560e-01 1.056000e-03 2.854880e-01
486 7.132920e-01 1.040000e-03 2.856680e-01
487 7.131040e-01 1.032000e-03 2.858640e-01
488 7.129320e-01 1.008000e-03 2.860600e-01
489 7.127960e-01 9.640000e-04 2.862400e-01
490 7.126240e-01 9.520000e-04 2.864240e-01
491 7.125040e-01 8.640000e-04 2.866320e-01
492 7.123640e-01 8.200000e-04 2.868160e-01
493 7.121960e-01 8.840000e-04 2.869200e-01
494 7.120680e-01 8.960000e-04 2.870360e-01
495 7.119360e-01 8.880000e-04 2.871760e-01
496 7.117760e-01 9.160000e-04 2.873080e-01
497 7.116440e-01 8.960000e-04 2.874600e-01
498 7.115040e-01 8.720000e-04 2.876240e-01
499 7.113440e-01 9.200000e-04 2.877360e-01
500 7.112200e-01 8.760000e-04 2.879040e-01
