1 9.992320e-01 6.800000e-04 8.800000e-05
2 9.988080e-01 9.240000e-04 2.680000e-04
3 9.982200e-01 1.308000e-03 4.720000e-04
4 9.974760e-01 1.796000e-03 7.280000e-04
5 9.968240e-01 2.084000e-03 1.092000e-03
6 9.959680e-01 2.564000e-03 1.468000e-03
7 9.951640e-01 2.928000e-03 1.908000e-03
8 9.941680e-01 3.344000e-03 2.488000e-03
9 9.932600e-01 3.580000e-03 3.160000e-03
10 9.922920e-01 3.904000e-03 3.804000e-03
11 9.911720e-01 4.316000e-03 4.512000e-03
12 9.901160e-01 4.612000e-03 5.272000e-03
13 9.889440e-01 4.948000e-03 6.108000e-03
14 9.878600e-01 5.172000e-03 6.968000e-03
15 9.866480e-01 5.380000e-03 7.972000e-03
16 9.854280e-01 5.520000e-03 9.052000e-03
17 9.841560e-01 5.776000e-03 1.006800e-02
18 9.828400e-01 6.088000e-03 1.107200e-02
19 9.814440e-01 6.380000e-03 1.217600e-02
20 9.800920e-01 6.552000e-03 1.335600e-02
21 9.785520e-01 6.904000e-03 1.454400e-02
22 9.770040e-01 7.248000e-03 1.574800e-02
23 9.754960e-01 7.496000e-03 1.700800e-02
24 9.739240e-01 7.764000e-03 1.831200e-02
25 9.721760e-01 8.176000e-03 1.964800e-02
26 9.705280e-01 8.300000e-03 2.117200e-02
27 9.689280e-01 8.420000e-03 2.265200e-02
28 9.673000e-01 8.472000e-03 2.422800e-02
29 9.655200e-01 8.840000e-03 2.564000e-02
30 9.638960e-01 8.856000e-03 2.724800e-02
31 9.622040e-01 9.008000e-03 2.878800e-02
32 9.604560e-01 9.184000e-03 3.036000e-02
33 9.589120e-01 9.000000e-03 3.208800e-02
34 9.572880e-01 9.076000e-03 3.363600e-02
35 9.557400e-01 9.120000e-03 3.514000e-02
36 9.540720e-01 9.260000e-03 3.666800e-02
37 9.525280e-01 9.204000e-03 3.826800e-02
38 9.509480e-01 9.124000e-03 3.992800e-02
39 9.492720e-01 9.360000e-03 4.136800e-02
40 9.474840e-01 9.476000e-03 4.304000e-02
41 9.459960e-01 9.192000e-03 4.481200e-02
42 9.444560e-01 9.112000e-03 4.643200e-02
43 9.427960e-01 9.168000e-03 4.803600e-02
44 9.412920e-01 9.116000e-03 4.959200e-02
45 9.397400e-01 9.192000e-03 5.106800e-02
46 9.382680e-01 9.060000e-03 5.267200e-02
47 9.367120e-01 8.956000e-03 5.433200e-02
48 9.350760e-01 9.068000e-03 5.585600e-02
49 9.335040e-01 8.984000e-03 5.751200e-02
50 9.320120e-01 8.828000e-03 5.916000e-02
51 9.306160e-01 8.696000e-03 6.068800e-02
52 9.292480e-01 8.484000e-03 6.226800e-02
53 9.277960e-01 8.420000e-03 6.378400e-02
54 9.266440e-01 8.024000e-03 6.533200e-02
55 9.251800e-01 8.064000e-03 6.675600e-02
56 9.236840e-01 8.244000e-03 6.807200e-02
57 9.221440e-01 8.348000e-03 6.950800e-02
58 9.205160e-01 8.416000e-03 7.106800e-02
59 9.189840e-01 8.448000e-03 7.256800e-02
60 9.177560e-01 8.196000e-03 7.404800e-02
61 9.162480e-01 8.284000e-03 7.546800e-02
62 9.149560e-01 8.132000e-03 7.691200e-02
63 9.134120e-01 8.280000e-03 7.830800e-02
64 9.121040e-01 8.068000e-03 7.982800e-02
65 9.108480e-01 7.900000e-03 8.125200e-02
66 9.093640e-01 7.964000e-03 8.267200e-02
67 9.079200e-01 7.996000e-03 8.408400e-02
68 9.066200e-01 7.868000e-03 8.551200e-02
69 9.052040e-01 7.852000e-03 8.694400e-02
70 9.037200e-01 7.908000e-03 8.837200e-02
71 9.023760e-01 7.900000e-03 8.972400e-02
72 9.011240e-01 7.820000e-03 9.105600e-02
73 8.998800e-01 7.808000e-03 9.231200e-02
74 8.986120e-01 7.724000e-03 9.366400e-02
75 8.973160e-01 7.588000e-03 9.509600e-02
76 8.959880e-01 7.608000e-03 9.640400e-02
77 8.947760e-01 7.428000e-03 9.779600e-02
78 8.934000e-01 7.468000e-03 9.913200e-02
79 8.920720e-01 7.468000e-03 1.004600e-01
80 8.908120e-01 7.460000e-03 1.017280e-01
81 8.896040e-01 7.340000e-03 1.030560e-01
82 8.882720e-01 7.432000e-03 1.042960e-01
83 8.869560e-01 7.456000e-03 1.055880e-01
84 8.856280e-01 7.556000e-03 1.068160e-01
85 8.842560e-01 7.564000e-03 1.081800e-01
86 8.828000e-01 7.704000e-03 1.094960e-01
87 8.812960e-01 7.900000e-03 1.108040e-01
88 8.800360e-01 7.812000e-03 1.121520e-01
89 8.786760e-01 7.692000e-03 1.136320e-01
90 8.773880e-01 7.568000e-03 1.150440e-01
91 8.762360e-01 7.312000e-03 1.164520e-01
92 8.749840e-01 7.316000e-03 1.177000e-01
93 8.738120e-01 7.244000e-03 1.189440e-01
94 8.724920e-01 7.232000e-03 1.202760e-01
95 8.711680e-01 7.192000e-03 1.216400e-01
96 8.699320e-01 7.200000e-03 1.228680e-01
97 8.688000e-01 7.112000e-03 1.240880e-01
98 8.676160e-01 7.096000e-03 1.252880e-01
99 8.663400e-01 7.156000e-03 1.265040e-01
100 8.650920e-01 7.024000e-03 1.278840e-01
101 8.639920e-01 6.916000e-03 1.290920e-01
102 8.628080e-01 6.960000e-03 1.302320e-01
103 8.614720e-01 6.984000e-03 1.315440e-01
104 8.602280e-01 7.004000e-03 1.327680e-01
105 8.588680e-01 7.224000e-03 1.339080e-01
106 8.576480e-01 7.092000e-03 1.352600e-01
107 8.566160e-01 6.916000e-03 1.364680e-01
108 8.554120e-01 6.972000e-03 1.376160e-01
109 8.542320e-01 6.812000e-03 1.389560e-01
110 8.531040e-01 6.792000e-03 1.401040e-01
111 8.519680e-01 6.764000e-03 1.412680e-01
112 8.507480e-01 6.820000e-03 1.424320e-01
113 8.495120e-01 6.832000e-03 1.436560e-01
114 8.483720e-01 6.752000e-03 1.448760e-01
115 8.473360e-01 6.752000e-03 1.459120e-01
116 8.461640e-01 6.744000e-03 1.470920e-01
117 8.450040e-01 6.776000e-03 1.482200e-01
118 8.439040e-01 6.680000e-03 1.494160e-01
119 8.426800e-01 6.788000e-03 1.505320e-01
120 8.413760e-01 6.940000e-03 1.516840e-01
121 8.401440e-01 6.960000e-03 1.528960e-01
122 8.387720e-01 7.028000e-03 1.542000e-01
123 8.375720e-01 6.940000e-03 1.554880e-01
124 8.362520e-01 7.048000e-03 1.567000e-01
125 8.349680e-01 7.084000e-03 1.579480e-01
126 8.337760e-01 6.980000e-03 1.592440e-01
127 8.326080e-01 6.952000e-03 1.604400e-01
128 8.315760e-01 6.692000e-03 1.617320e-01
129 8.305160e-01 6.524000e-03 1.629600e-01
130 8.295160e-01 6.432000e-03 1.640520e-01
131 8.284600e-01 6.388000e-03 1.651520e-01
132 8.274400e-01 6.268000e-03 1.662920e-01
133 8.263160e-01 6.228000e-03 1.674560e-01
134 8.252600e-01 6.228000e-03 1.685120e-01
135 8.242840e-01 6.092000e-03 1.696240e-01
136 8.232440e-01 6.000000e-03 1.707560e-01
137 8.222400e-01 5.864000e-03 1.718960e-01
138 8.212840e-01 5.868000e-03 1.728480e-01
139 8.203280e-01 5.768000e-03 1.739040e-01
140 8.193680e-01 5.800000e-03 1.748320e-01
141 8.183840e-01 5.680000e-03 1.759360e-01
142 8.174200e-01 5.736000e-03 1.768440e-01
143 8.165240e-01 5.536000e-03 1.779400e-01
144 8.155040e-01 5.524000e-03 1.789720e-01
145 8.145560e-01 5.532000e-03 1.799120e-01
146 8.136840e-01 5.380000e-03 1.809360e-01
147 8.127360e-01 5.436000e-03 1.818280e-01
148 8.116240e-01 5.560000e-03 1.828160e-01
149 8.105600e-01 5.640000e-03 1.838000e-01
150 8.095480e-01 5.680000e-03 1.847720e-01
151 8.085040e-01 5.668000e-03 1.858280e-01
152 8.073960e-01 5.748000e-03 1.868560e-01
153 8.063600e-01 5.812000e-03 1.878280e-01
154 8.054040e-01 5.740000e-03 1.888560e-01
155 8.043520e-01 5.824000e-03 1.898240e-01
156 8.033600e-01 5.808000e-03 1.908320e-01
157 8.022880e-01 5.808000e-03 1.919040e-01
158 8.012320e-01 5.848000e-03 1.929200e-01
159 8.001080e-01 5.996000e-03 1.938960e-01
160 7.991680e-01 5.944000e-03 1.948880e-01
161 7.981280e-01 5.892000e-03 1.959800e-01
162 7.971200e-01 5.780000e-03 1.971000e-01
163 7.962400e-01 5.576000e-03 1.981840e-01
164 7.954240e-01 5.388000e-03 1.991880e-01
165 7.946240e-01 5.132000e-03 2.002440e-01
166 7.938720e-01 5.060000e-03 2.010680e-01
167 7.930040e-01 5.072000e-03 2.019240e-01
168 7.920440e-01 5.208000e-03 2.027480e-01
169 7.909320e-01 5.444000e-03 2.036240e-01
170 7.899560e-01 5.352000e-03 2.046920e-01
171 7.890200e-01 5.316000e-03 2.056640e-01
172 7.879920e-01 5.400000e-03 2.066080e-01
173 7.868760e-01 5.636000e-03 2.074880e-01
174 7.857840e-01 5.740000e-03 2.084760e-01
175 7.847040e-01 5.780000e-03 2.095160e-01
176 7.838040e-01 5.692000e-03 2.105040e-01
177 7.829920e-01 5.580000e-03 2.114280e-01
178 7.820320e-01 5.544000e-03 2.124240e-01
179 7.810520e-01 5.460000e-03 2.134880e-01
180 7.802520e-01 5.308000e-03 2.144400e-01
181 7.794480e-01 5.204000e-03 2.153480e-01
182 7.786760e-01 4.988000e-03 2.163360e-01
183 7.778280e-01 4.908000e-03 2.172640e-01
184 7.768920e-01 5.052000e-03 2.180560e-01
185 7.759760e-01 4.980000e-03 2.190440e-01
186 7.750920e-01 4.900000e-03 2.200080e-01
187 7.741520e-01 4.916000e-03 2.209320e-01
188 7.733520e-01 4.856000e-03 2.217920e-01
189 7.724880e-01 4.880000e-03 2.226320e-01
190 7.715880e-01 4.904000e-03 2.235080e-01
191 7.708640e-01 4.820000e-03 2.243160e-01
192 7.701840e-01 4.636000e-03 2.251800e-01
193 7.695200e-01 4.436000e-03 2.260440e-01
194 7.688200e-01 4.348000e-03 2.268320e-01
195 7.681600e-01 4.328000e-03 2.275120e-01
196 7.675280e-01 4.252000e-03 2.282200e-01
197 7.668080e-01 4.180000e-03 2.290120e-01
198 7.660560e-01 4.216000e-03 2.297280e-01
199 7.654160e-01 4.200000e-03 2.303840e-01
200 7.647320e-01 4.140000e-03 2.311280e-01
201 7.641440e-01 4.012000e-03 2.318440e-01
202 7.634840e-01 4.004000e-03 2.325120e-01
203 7.628840e-01 3.964000e-03 2.331520e-01
204 7.623600e-01 3.836000e-03 2.338040e-01
205 7.618560e-01 3.716000e-03 2.344280e-01
206 7.613560e-01 3.656000e-03 2.349880e-01
207 7.608200e-01 3.652000e-03 2.355280e-01
208 7.602360e-01 3.588000e-03 2.361760e-01
209 7.597120e-01 3.540000e-03 2.367480e-01
210 7.591280e-01 3.472000e-03 2.374000e-01
211 7.585520e-01 3.420000e-03 2.380280e-01
212 7.579360e-01 3.424000e-03 2.386400e-01
213 7.573800e-01 3.400000e-03 2.392200e-01
214 7.567560e-01 3.420000e-03 2.398240e-01
215 7.561680e-01 3.396000e-03 2.404360e-01
216 7.556360e-01 3.324000e-03 2.410400e-01
217 7.550720e-01 3.316000e-03 2.416120e-01
218 7.544720e-01 3.284000e-03 2.422440e-01
219 7.538960e-01 3.248000e-03 2.428560e-01
220 7.534200e-01 3.120000e-03 2.434600e-01
221 7.528680e-01 3.036000e-03 2.440960e-01
222 7.524200e-01 2.900000e-03 2.446800e-01
223 7.519320e-01 2.896000e-03 2.451720e-01
224 7.515480e-01 2.780000e-03 2.456720e-01
225 7.511040e-01 2.688000e-03 2.462080e-01
226 7.506920e-01 2.604000e-03 2.467040e-01
227 7.503560e-01 2.512000e-03 2.471320e-01
228 7.499800e-01 2.460000e-03 2.475600e-01
229 7.495840e-01 2.504000e-03 2.479120e-01
230 7.491200e-01 2.488000e-03 2.483920e-01
231 7.487120e-01 2.492000e-03 2.487960e-01
232 7.482520e-01 2.560000e-03 2.491880e-01
233 7.478080e-01 2.592000e-03 2.496000e-01
234 7.472680e-01 2.692000e-03 2.500400e-01
235 7.468480e-01 2.644000e-03 2.505080e-01
236 7.464360e-01 2.660000e-03 2.509040e-01
237 7.459320e-01 2.676000e-03 2.513920e-01
238 7.455120e-01 2.568000e-03 2.519200e-01
239 7.449680e-01 2.624000e-03 2.524080e-01
240 7.444960e-01 2.576000e-03 2.529280e-01
241 7.440640e-01 2.604000e-03 2.533320e-01
242 7.436040e-01 2.592000e-03 2.538040e-01
243 7.431200e-01 2.684000e-03 2.541960e-01
244 7.425560e-01 2.796000e-03 2.546480e-01
245 7.421560e-01 2.748000e-03 2.550960e-01
246 7.417080e-01 2.764000e-03 2.555280e-01
247 7.412920e-01 2.632000e-03 2.560760e-01
248 7.408840e-01 2.640000e-03 2.564760e-01
249 7.403880e-01 2.660000e-03 2.569520e-01
250 7.399800e-01 2.576000e-03 2.574440e-01
251 7.395280e-01 2.576000e-03 2.578960e-01
252 7.391520e-01 2.520000e-03 2.583280e-01
253 7.388280e-01 2.416000e-03 2.587560e-01
254 7.384840e-01 2.364000e-03 2.591520e-01
255 7.381400e-01 2.328000e-03 2.595320e-01
256 7.377480e-01 2.268000e-03 2.599840e-01
257 7.373720e-01 2.268000e-03 2.603600e-01
258 7.368960e-01 2.308000e-03 2.607960e-01
259 7.364720e-01 2.408000e-03 2.611200e-01
260 7.360280e-01 2.336000e-03 2.616360e-01
261 7.355440e-01 2.428000e-03 2.620280e-01
262 7.351280e-01 2.528000e-03 2.623440e-01
263 7.345960e-01 2.676000e-03 2.627280e-01
264 7.340960e-01 2.728000e-03 2.631760e-01
265 7.335640e-01 2.744000e-03 2.636920e-01
266 7.331280e-01 2.672000e-03 2.642000e-01
267 7.328040e-01 2.564000e-03 2.646320e-01
268 7.324240e-01 2.504000e-03 2.650720e-01
269 7.320840e-01 2.400000e-03 2.655160e-01
270 7.317480e-01 2.340000e-03 2.659120e-01
271 7.314160e-01 2.228000e-03 2.663560e-01
272 7.311440e-01 2.108000e-03 2.667480e-01
273 7.307920e-01 2.108000e-03 2.671000e-01
274 7.304720e-01 2.068000e-03 2.674600e-01
275 7.301920e-01 1.948000e-03 2.678600e-01
276 7.299240e-01 1.844000e-03 2.682320e-01
277 7.296480e-01 1.808000e-03 2.685440e-01
278 7.293560e-01 1.784000e-03 2.688600e-01
279 7.291080e-01 1.724000e-03 2.691680e-01
280 7.289040e-01 1.600000e-03 2.694960e-01
281 7.286800e-01 1.544000e-03 2.697760e-01
282 7.284880e-01 1.440000e-03 2.700720e-01
283 7.282400e-01 1.452000e-03 2.703080e-01
284 7.279760e-01 1.448000e-03 2.705760e-01
285 7.277520e-01 1.448000e-03 2.708000e-01
286 7.274760e-01 1.432000e-03 2.710920e-01
287 7.271720e-01 1.488000e-03 2.713400e-01
288 7.269080e-01 1.472000e-03 2.716200e-01
289 7.265920e-01 1.496000e-03 2.719120e-01
290 7.262440e-01 1.540000e-03 2.722160e-01
291 7.259280e-01 1.572000e-03 2.725000e-01
292 7.256640e-01 1.612000e-03 2.727240e-01
293 7.253280e-01 1.680000e-03 2.729920e-01
294 7.250760e-01 1.612000e-03 2.733120e-01
295 7.247680e-01 1.620000e-03 2.736120e-01
296 7.244800e-01 1.620000e-03 2.739000e-01
297 7.242040e-01 1.580000e-03 2.742160e-01
298 7.239520e-01 1.592000e-03 2.744560e-01
299 7.236640e-01 1.620000e-03 2.747160e-01
300 7.233880e-01 1.600000e-03 2.750120e-01
301 7.231400e-01 1.600000e-03 2.752600e-01
302 7.228960e-01 1.548000e-03 2.755560e-01
303 7.226040e-01 1.600000e-03 2.757960e-01
304 7.223360e-01 1.496000e-03 2.761680e-01
305 7.221480e-01 1.472000e-03 2.763800e-01
306 7.219120e-01 1.504000e-03 2.765840e-01
307 7.217160e-01 1.456000e-03 2.768280e-01
308 7.215360e-01 1.392000e-03 2.770720e-01
309 7.213680e-01 1.272000e-03 2.773600e-01
310 7.211440e-01 1.292000e-03 2.775640e-01
311 7.209320e-01 1.288000e-03 2.777800e-01
312 7.207560e-01 1.276000e-03 2.779680e-01
313 7.205120e-01 1.300000e-03 2.781880e-01
314 7.202840e-01 1.304000e-03 2.784120e-01
315 7.200920e-01 1.264000e-03 2.786440e-01
316 7.199280e-01 1.160000e-03 2.789120e-01
317 7.197040e-01 1.216000e-03 2.790800e-01
318 7.195400e-01 1.152000e-03 2.793080e-01
319 7.193720e-01 1.132000e-03 2.794960e-01
320 7.192200e-01 1.060000e-03 2.797200e-01
321 7.190520e-01 1.068000e-03 2.798800e-01
322 7.188520e-01 1.032000e-03 2.801160e-01
323 7.186800e-01 1.044000e-03 2.802760e-01
324 7.185120e-01 1.060000e-03 2.804280e-01
325 7.183280e-01 1.044000e-03 2.806280e-01
326 7.181320e-01 1.048000e-03 2.808200e-01
327 7.179800e-01 1.036000e-03 2.809840e-01
328 7.178080e-01 9.960000e-04 2.811960e-01
329 7.175800e-01 1.052000e-03 2.813680e-01
330 7.173840e-01 1.052000e-03 2.815640e-01
331 7.171880e-01 1.036000e-03 2.817760e-01
332 7.170200e-01 1.040000e-03 2.819400e-01
333 7.168280e-01 1.060000e-03 2.821120e-01
334 7.166200e-01 1.068000e-03 2.823120e-01
335 7.164440e-01 1.048000e-03 2.825080e-01
336 7.163000e-01 1.016000e-03 2.826840e-01
337 7.161000e-01 1.044000e-03 2.828560e-01
338 7.159760e-01 9.560000e-04 2.830680e-01
339 7.157640e-01 9.600000e-04 2.832760e-01
340 7.156040e-01 9.240000e-04 2.834720e-01
341 7.154600e-01 8.960000e-04 2.836440e-01
342 7.153120e-01 9.160000e-04 2.837720e-01
343 7.151000e-01 9.840000e-04 2.839160e-01
344 7.149280e-01 9.520000e-04 2.841200e-01
345 7.147640e-01 9.400000e-04 2.842960e-01
346 7.145720e-01 9.600000e-04 2.844680e-01
347 7.144000e-01 9.400000e-04 2.846600e-01
348 7.142280e-01 9.600000e-04 2.848120e-01
349 7.140160e-01 1.068000e-03 2.849160e-01
350 7.138280e-01 1.068000e-03 2.851040e-01
351 7.136520e-01 1.100000e-03 2.852480e-01
352 7.135200e-01 1.068000e-03 2.854120e-01
353 7.133600e-01 1.056000e-03 2.855840e-01
354 7.131960e-01 1.052000e-03 2.857520e-01
355 7.130280e-01 1.032000e-03 2.859400e-01
356 7.128800e-01 1.040000e-03 2.860800e-01
357 7.127480e-01 9.880000e-04 2.862640e-01
358 7.126400e-01 9.240000e-04 2.864360e-01
359 7.125320e-01 8.640000e-04 2.866040e-01
360 7.123880e-01 8.480000e-04 2.867640e-01
361 7.122200e-01 8.760000e-04 2.869040e-01
362 7.120000e-01 9.600000e-04 2.870400e-01
363 7.117480e-01 1.048000e-03 2.872040e-01
364 7.115440e-01 1.076000e-03 2.873800e-01
365 7.113880e-01 1.020000e-03 2.875920e-01
366 7.112000e-01 1.016000e-03 2.877840e-01
367 7.110360e-01 9.840000e-04 2.879800e-01
368 7.108720e-01 9.720000e-04 2.881560e-01
369 7.107480e-01 9.400000e-04 2.883120e-01
370 7.106120e-01 9.320000e-04 2.884560e-01
371 7.104480e-01 9.640000e-04 2.885880e-01
372 7.102760e-01 9.440000e-04 2.887800e-01
373 7.101240e-01 9.400000e-04 2.889360e-01
374 7.100200e-01 9.120000e-04 2.890680e-01
375 7.098520e-01 8.840000e-04 2.892640e-01
376 7.097160e-01 8.760000e-04 2.894080e-01
377 7.095240e-01 9.000000e-04 2.895760e-01
378 7.093880e-01 9.040000e-04 2.897080e-01
379 7.092800e-01 8.520000e-04 2.898680e-01
380 7.091720e-01 8.200000e-04 2.900080e-01
381 7.090560e-01 7.920000e-04 2.901520e-01
382 7.089040e-01 7.920000e-04 2.903040e-01
383 7.087560e-01 7.960000e-04 2.904480e-01
384 7.085800e-01 8.560000e-04 2.905640e-01
385 7.084280e-01 9.000000e-04 2.906720e-01
386 7.081960e-01 1.004000e-03 2.908000e-01
387 7.080120e-01 9.960000e-04 2.909920e-01
388 7.078600e-01 9.760000e-04 2.911640e-01
389 7.077000e-01 9.320000e-04 2.913680e-01
390 7.075400e-01 9.240000e-04 2.915360e-01
391 7.073600e-01 9.120000e-04 2.917280e-01
392 7.071920e-01 9.000000e-04 2.919080e-01
393 7.070320e-01 8.520000e-04 2.921160e-01
394 7.069040e-01 8.280000e-04 2.922680e-01
395 7.067920e-01 8.000000e-04 2.924080e-01
396 7.066600e-01 7.720000e-04 2.925680e-01
397 7.065120e-01 7.960000e-04 2.926920e-01
398 7.064040e-01 7.600000e-04 2.928360e-01
399 7.062240e-01 8.120000e-04 2.929640e-01
400 7.061280e-01 7.920000e-04 2.930800e-01
401 7.060360e-01 6.920000e-04 2.932720e-01
402 7.059360e-01 6.880000e-04 2.933760e-01
403 7.058480e-01 6.640000e-04 2.934880e-01
404 7.057000e-01 6.920000e-04 2.936080e-01
405 7.055320e-01 7.520000e-04 2.937160e-01
406 7.054160e-01 7.320000e-04 2.938520e-01
407 7.053000e-01 7.240000e-04 2.939760e-01
408 7.051960e-01 6.760000e-04 2.941280e-01
409 7.051040e-01 6.720000e-04 2.942240e-01
410 7.049760e-01 7.120000e-04 2.943120e-01
411 7.048360e-01 7.160000e-04 2.944480e-01
412 7.046400e-01 8.120000e-04 2.945480e-01
413 7.044720e-01 8.360000e-04 2.946920e-01
414 7.043240e-01 8.280000e-04 2.948480e-01
415 7.041520e-01 8.240000e-04 2.950240e-01
416 7.039880e-01 8.440000e-04 2.951680e-01
417 7.038560e-01 7.880000e-04 2.953560e-01
418 7.037440e-01 7.320000e-04 2.955240e-01
419 7.036200e-01 7.240000e-04 2.956560e-01
420 7.034800e-01 7.440000e-04 2.957760e-01
421 7.033640e-01 7.400000e-04 2.958960e-01
422 7.031920e-01 8.000000e-04 2.960080e-01
423 7.030400e-01 8.000000e-04 2.961600e-01
424 7.028480e-01 8.800000e-04 2.962720e-01
425 7.026120e-01 9.280000e-04 2.964600e-01
426 7.024080e-01 9.880000e-04 2.966040e-01
427 7.022360e-01 9.400000e-04 2.968240e-01
428 7.020400e-01 9.320000e-04 2.970280e-01
429 7.018800e-01 9.360000e-04 2.971840e-01
430 7.017040e-01 9.280000e-04 2.973680e-01
431 7.015760e-01 8.880000e-04 2.975360e-01
432 7.014480e-01 9.120000e-04 2.976400e-01
433 7.012600e-01 9.280000e-04 2.978120e-01
434 7.010880e-01 9.280000e-04 2.979840e-01
435 7.009080e-01 9.160000e-04 2.981760e-01
436 7.007640e-01 8.800000e-04 2.983560e-01
437 7.006400e-01 8.520000e-04 2.985080e-01
438 7.005320e-01 8.280000e-04 2.986400e-01
439 7.004600e-01 7.480000e-04 2.987920e-01
440 7.003640e-01 7.160000e-04 2.989200e-01
441 7.002840e-01 6.600000e-04 2.990560e-01
442 7.001520e-01 6.680000e-04 2.991800e-01
443 7.000360e-01 6.760000e-04 2.992880e-01
444 6.999360e-01 6.680000e-04 2.993960e-01
445 6.998280e-01 6.800000e-04 2.994920e-01
446 6.996920e-01 6.920000e-04 2.996160e-01
447 6.995560e-01 7.120000e-04 2.997320e-01
448 6.994200e-01 7.520000e-04 2.998280e-01
449 6.993440e-01 6.880000e-04 2.999680e-01
450 6.992560e-01 6.600000e-04 3.000840e-01
451 6.991760e-01 6.680000e-04 3.001560e-01
452 6.990840e-01 6.880000e-04 3.002280e-01
453 6.989800e-01 6.920000e-04 3.003280e-01
454 6.988840e-01 6.720000e-04 3.004440e-01
455 6.987320e-01 7.160000e-04 3.005520e-01
456 6.986480e-01 6.960000e-04 3.006560e-01
457 6.985400e-01 6.560000e-04 3.008040e-01
458 6.983760e-01 6.960000e-04 3.009280e-01
459 6.982800e-01 6.640000e-04 3.010560e-01
460 6.981840e-01 6.040000e-04 3.012120e-01
461 6.980920e-01 5.880000e-04 3.013200e-01
462 6.979680e-01 6.000000e-04 3.014320e-01
463 6.978920e-01 5.360000e-04 3.015720e-01
464 6.977960e-01 5.280000e-04 3.016760e-01
465 6.976640e-01 5.920000e-04 3.017440e-01
466 6.975640e-01 5.680000e-04 3.018680e-01
467 6.974840e-01 5.480000e-04 3.019680e-01
468 6.973880e-01 5.360000e-04 3.020760e-01
469 6.972680e-01 5.640000e-04 3.021680e-01
470 6.971680e-01 5.360000e-04 3.022960e-01
471 6.970880e-01 5.120000e-04 3.024000e-01
472 6.969720e-01 5.400000e-04 3.024880e-01
473 6.968280e-01 5.960000e-04 3.025760e-01
474 6.967480e-01 5.640000e-04 3.026880e-01
475 6.966680e-01 5.320000e-04 3.028000e-01
476 6.965560e-01 5.280000e-04 3.029160e-01
477 6.964840e-01 4.920000e-04 3.030240e-01
478 6.963760e-01 4.840000e-04 3.031400e-01
479 6.963200e-01 4.520000e-04 3.032280e-01
480 6.962240e-01 4.800000e-04 3.032960e-01
481 6.961240e-01 4.840000e-04 3.033920e-01
482 6.960320e-01 4.840000e-04 3.034840e-01
483 6.959440e-01 5.120000e-04 3.035440e-01
484 6.958280e-01 5.520000e-04 3.036200e-01
485 6.957520e-01 5.200000e-04 3.037280e-01
486 6.957040e-01 4.760000e-04 3.038200e-01
487 6.956400e-01 4.240000e-04 3.039360e-01
488 6.955960e-01 3.960000e-04 3.040080e-01
489 6.955320e-01 4.000000e-04 3.040680e-01
490 6.954640e-01 3.920000e-04 3.041440e-01
491 6.953760e-01 4.120000e-04 3.042120e-01
492 6.952480e-01 4.800000e-04 3.042720e-01
493 6.951600e-01 5.160000e-04 3.043240e-01
494 6.950760e-01 4.880000e-04 3.044360e-01
495 6.949680e-01 4.880000e-04 3.045440e-01
496 6.948800e-01 4.880000e-04 3.046320e-01
497 6.947600e-01 5.240000e-04 3.047160e-01
498 6.947000e-01 4.960000e-04 3.048040e-01
499 6.946360e-01 4.840000e-04 3.048800e-01
500 6.945520e-01 4.680000e-04 3.049800e-01
