1 9.992600e-01 6.360000e-04 1.040000e-04
2 9.987760e-01 9.720000e-04 2.520000e-04
3 9.982400e-01 1.328000e-03 4.320000e-04
4 9.976360e-01 1.660000e-03 7.040000e-04
5 9.969240e-01 2.128000e-03 9.480000e-04
6 9.960760e-01 2.576000e-03 1.348000e-03
7 9.952920e-01 2.876000e-03 1.832000e-03
8 9.944040e-01 3.224000e-03 2.372000e-03
9 9.935200e-01 3.484000e-03 2.996000e-03
10 9.926040e-01 3.732000e-03 3.664000e-03
11 9.916880e-01 3.952000e-03 4.360000e-03
12 9.908720e-01 4.064000e-03 5.064000e-03
13 9.898520e-01 4.376000e-03 5.772000e-03
14 9.888360e-01 4.584000e-03 6.580000e-03
15 9.877680e-01 4.860000e-03 7.372000e-03
16 9.865680e-01 5.204000e-03 8.228000e-03
17 9.853680e-01 5.496000e-03 9.136000e-03
18 9.842200e-01 5.728000e-03 1.005200e-02
19 9.829800e-01 5.884000e-03 1.113600e-02
20 9.816840e-01 6.100000e-03 1.221600e-02
21 9.805520e-01 6.132000e-03 1.331600e-02
22 9.794280e-01 6.116000e-03 1.445600e-02
23 9.783240e-01 6.120000e-03 1.555600e-02
24 9.772200e-01 6.340000e-03 1.644000e-02
25 9.759880e-01 6.392000e-03 1.762000e-02
26 9.747360e-01 6.492000e-03 1.877200e-02
27 9.735440e-01 6.540000e-03 1.991600e-02
28 9.723480e-01 6.580000e-03 2.107200e-02
29 9.710920e-01 6.760000e-03 2.214800e-02
30 9.698120e-01 6.872000e-03 2.331600e-02
31 9.686320e-01 6.832000e-03 2.453600e-02
32 9.674960e-01 6.660000e-03 2.584400e-02
33 9.662320e-01 6.768000e-03 2.700000e-02
34 9.650360e-01 6.792000e-03 2.817200e-02
35 9.637000e-01 6.988000e-03 2.931200e-02
36 9.623840e-01 7.156000e-03 3.046000e-02
37 9.609400e-01 7.252000e-03 3.180800e-02
38 9.596320e-01 7.296000e-03 3.307200e-02
39 9.581920e-01 7.556000e-03 3.425200e-02
40 9.567000e-01 7.600000e-03 3.570000e-02
41 9.553760e-01 7.480000e-03 3.714400e-02
42 9.539560e-01 7.628000e-03 3.841600e-02
43 9.526880e-01 7.532000e-03 3.978000e-02
44 9.512800e-01 7.748000e-03 4.097200e-02
45 9.496320e-01 8.112000e-03 4.225600e-02
46 9.480680e-01 8.180000e-03 4.375200e-02
47 9.466080e-01 8.160000e-03 4.523200e-02
48 9.450120e-01 8.352000e-03 4.663600e-02
49 9.434280e-01 8.408000e-03 4.816400e-02
50 9.418040e-01 8.536000e-03 4.966000e-02
51 9.401920e-01 8.604000e-03 5.120400e-02
52 9.385320e-01 8.720000e-03 5.274800e-02
53 9.367200e-01 9.032000e-03 5.424800e-02
54 9.349680e-01 9.112000e-03 5.592000e-02
55 9.333240e-01 9.196000e-03 5.748000e-02
56 9.315560e-01 9.280000e-03 5.916400e-02
57 9.299080e-01 9.300000e-03 6.079200e-02
58 9.282920e-01 9.228000e-03 6.248000e-02
59 9.266080e-01 9.300000e-03 6.409200e-02
60 9.250680e-01 9.248000e-03 6.568400e-02
61 9.234920e-01 9.116000e-03 6.739200e-02
62 9.221120e-01 8.772000e-03 6.911600e-02
63 9.206400e-01 8.772000e-03 7.058800e-02
64 9.191520e-01 8.780000e-03 7.206800e-02
65 9.176800e-01 8.708000e-03 7.361200e-02
66 9.162120e-01 8.656000e-03 7.513200e-02
67 9.148360e-01 8.436000e-03 7.672800e-02
68 9.134840e-01 8.388000e-03 7.812800e-02
69 9.120960e-01 8.288000e-03 7.961600e-02
70 9.105320e-01 8.500000e-03 8.096800e-02
71 9.090880e-01 8.476000e-03 8.243600e-02
72 9.076440e-01 8.432000e-03 8.392400e-02
73 9.061280e-01 8.476000e-03 8.539600e-02
74 9.046200e-01 8.436000e-03 8.694400e-02
75 9.031040e-01 8.484000e-03 8.841200e-02
76 9.016600e-01 8.400000e-03 8.994000e-02
77 9.002680e-01 8.408000e-03 9.132400e-02
78 8.987480e-01 8.468000e-03 9.278400e-02
79 8.973320e-01 8.348000e-03 9.432000e-02
80 8.959920e-01 8.240000e-03 9.576800e-02
81 8.946600e-01 8.156000e-03 9.718400e-02
82 8.933480e-01 7.996000e-03 9.865600e-02
83 8.921400e-01 7.736000e-03 1.001240e-01
84 8.908000e-01 7.624000e-03 1.015760e-01
85 8.895080e-01 7.556000e-03 1.029360e-01
86 8.882920e-01 7.444000e-03 1.042640e-01
87 8.871000e-01 7.428000e-03 1.054720e-01
88 8.860080e-01 7.288000e-03 1.067040e-01
89 8.847360e-01 7.244000e-03 1.080200e-01
90 8.833480e-01 7.408000e-03 1.092440e-01
91 8.821880e-01 7.228000e-03 1.105840e-01
92 8.809440e-01 7.232000e-03 1.118240e-01
93 8.797480e-01 7.228000e-03 1.130240e-01
94 8.782800e-01 7.428000e-03 1.142920e-01
95 8.768880e-01 7.500000e-03 1.156120e-01
96 8.756560e-01 7.240000e-03 1.171040e-01
97 8.744520e-01 7.168000e-03 1.183800e-01
98 8.731680e-01 7.188000e-03 1.196440e-01
99 8.720280e-01 7.124000e-03 1.208480e-01
100 8.707200e-01 7.108000e-03 1.221720e-01
101 8.695200e-01 7.084000e-03 1.233960e-01
102 8.683920e-01 6.988000e-03 1.246200e-01
103 8.672240e-01 6.920000e-03 1.258560e-01
104 8.660720e-01 6.820000e-03 1.271080e-01
105 8.647520e-01 6.884000e-03 1.283640e-01
106 8.635720e-01 6.888000e-03 1.295400e-01
107 8.623200e-01 6.892000e-03 1.307880e-01
108 8.611000e-01 6.848000e-03 1.320520e-01
109 8.598880e-01 6.880000e-03 1.332320e-01
110 8.586280e-01 7.004000e-03 1.343680e-01
111 8.573480e-01 7.024000e-03 1.356280e-01
112 8.560400e-01 7.124000e-03 1.368360e-01
113 8.547120e-01 7.260000e-03 1.380280e-01
114 8.535200e-01 7.240000e-03 1.392400e-01
115 8.522280e-01 7.192000e-03 1.405800e-01
116 8.509680e-01 7.268000e-03 1.417640e-01
117 8.497160e-01 7.232000e-03 1.430520e-01
118 8.484120e-01 7.280000e-03 1.443080e-01
119 8.472120e-01 7.200000e-03 1.455880e-01
120 8.460120e-01 7.084000e-03 1.469040e-01
121 8.448120e-01 7.040000e-03 1.481480e-01
122 8.436120e-01 6.956000e-03 1.494320e-01
123 8.423520e-01 7.048000e-03 1.506000e-01
124 8.410840e-01 7.132000e-03 1.517840e-01
125 8.398680e-01 7.252000e-03 1.528800e-01
126 8.385520e-01 7.312000e-03 1.541360e-01
127 8.371560e-01 7.344000e-03 1.555000e-01
128 8.359760e-01 7.404000e-03 1.566200e-01
129 8.345920e-01 7.528000e-03 1.578800e-01
130 8.335320e-01 7.272000e-03 1.591960e-01
131 8.323080e-01 7.340000e-03 1.603520e-01
132 8.310680e-01 7.224000e-03 1.617080e-01
133 8.297520e-01 7.240000e-03 1.630080e-01
134 8.287080e-01 7.016000e-03 1.642760e-01
135 8.275760e-01 6.976000e-03 1.654480e-01
136 8.265600e-01 6.696000e-03 1.667440e-01
137 8.255200e-01 6.484000e-03 1.679960e-01
138 8.245520e-01 6.428000e-03 1.690200e-01
139 8.235040e-01 6.360000e-03 1.701360e-01
140 8.224360e-01 6.312000e-03 1.712520e-01
141 8.213440e-01 6.328000e-03 1.723280e-01
142 8.202920e-01 6.296000e-03 1.734120e-01
143 8.191880e-01 6.364000e-03 1.744480e-01
144 8.181240e-01 6.304000e-03 1.755720e-01
145 8.170800e-01 6.212000e-03 1.767080e-01
146 8.159960e-01 6.200000e-03 1.778040e-01
147 8.150160e-01 6.124000e-03 1.788600e-01
148 8.139440e-01 6.072000e-03 1.799840e-01
149 8.127200e-01 6.184000e-03 1.810960e-01
150 8.115800e-01 6.136000e-03 1.822840e-01
151 8.104200e-01 6.132000e-03 1.834480e-01
152 8.092200e-01 6.260000e-03 1.845200e-01
153 8.080200e-01 6.372000e-03 1.856080e-01
154 8.068480e-01 6.368000e-03 1.867840e-01
155 8.056200e-01 6.428000e-03 1.879520e-01
156 8.044080e-01 6.456000e-03 1.891360e-01
157 8.031920e-01 6.556000e-03 1.902520e-01
158 8.020040e-01 6.472000e-03 1.915240e-01
159 8.008440e-01 6.516000e-03 1.926400e-01
160 7.998080e-01 6.360000e-03 1.938320e-01
161 7.986680e-01 6.452000e-03 1.948800e-01
162 7.975680e-01 6.324000e-03 1.961080e-01
163 7.964880e-01 6.296000e-03 1.972160e-01
164 7.954720e-01 6.080000e-03 1.984480e-01
165 7.944680e-01 6.108000e-03 1.994240e-01
166 7.935560e-01 6.028000e-03 2.004160e-01
167 7.925200e-01 6.092000e-03 2.013880e-01
168 7.915160e-01 6.028000e-03 2.024560e-01
169 7.903960e-01 6.032000e-03 2.035720e-01
170 7.892920e-01 6.096000e-03 2.046120e-01
171 7.882520e-01 6.144000e-03 2.056040e-01
172 7.872160e-01 6.016000e-03 2.067680e-01
173 7.861960e-01 5.916000e-03 2.078880e-01
174 7.852200e-01 5.800000e-03 2.089800e-01
175 7.841600e-01 5.816000e-03 2.100240e-01
176 7.832080e-01 5.800000e-03 2.109920e-01
177 7.823080e-01 5.664000e-03 2.120280e-01
178 7.814280e-01 5.592000e-03 2.129800e-01
179 7.805280e-01 5.488000e-03 2.139840e-01
180 7.796880e-01 5.372000e-03 2.149400e-01
181 7.789440e-01 5.212000e-03 2.158440e-01
182 7.782440e-01 5.024000e-03 2.167320e-01
183 7.774800e-01 4.884000e-03 2.176360e-01
184 7.767800e-01 4.680000e-03 2.185400e-01
185 7.761080e-01 4.484000e-03 2.194080e-01
186 7.753840e-01 4.448000e-03 2.201680e-01
187 7.746680e-01 4.348000e-03 2.209840e-01
188 7.740080e-01 4.252000e-03 2.217400e-01
189 7.733640e-01 4.144000e-03 2.224920e-01
190 7.725720e-01 4.244000e-03 2.231840e-01
191 7.718360e-01 4.144000e-03 2.240200e-01
192 7.711720e-01 4.144000e-03 2.246840e-01
193 7.703520e-01 4.236000e-03 2.254120e-01
194 7.696280e-01 4.180000e-03 2.261920e-01
195 7.687760e-01 4.320000e-03 2.269040e-01
196 7.679960e-01 4.436000e-03 2.275680e-01
197 7.672320e-01 4.436000e-03 2.283320e-01
198 7.664520e-01 4.540000e-03 2.290080e-01
199 7.655400e-01 4.704000e-03 2.297560e-01
200 7.646600e-01 4.860000e-03 2.304800e-01
201 7.638440e-01 4.816000e-03 2.313400e-01
202 7.630480e-01 4.792000e-03 2.321600e-01
203 7.622280e-01 4.824000e-03 2.329480e-01
204 7.613400e-01 4.828000e-03 2.338320e-01
205 7.604000e-01 4.996000e-03 2.346040e-01
206 7.595360e-01 4.972000e-03 2.354920e-01
207 7.586800e-01 4.916000e-03 2.364040e-01
208 7.577320e-01 4.980000e-03 2.372880e-01
209 7.569960e-01 4.868000e-03 2.381360e-01
210 7.562480e-01 4.704000e-03 2.390480e-01
211 7.554960e-01 4.576000e-03 2.399280e-01
212 7.548400e-01 4.404000e-03 2.407560e-01
213 7.542240e-01 4.284000e-03 2.414920e-01
214 7.535720e-01 4.192000e-03 2.422360e-01
215 7.529360e-01 4.080000e-03 2.429840e-01
216 7.522600e-01 3.968000e-03 2.437720e-01
217 7.515800e-01 3.948000e-03 2.444720e-01
218 7.509200e-01 3.820000e-03 2.452600e-01
219 7.502680e-01 3.788000e-03 2.459440e-01
220 7.495720e-01 3.780000e-03 2.466480e-01
221 7.489480e-01 3.736000e-03 2.473160e-01
222 7.483840e-01 3.664000e-03 2.479520e-01
223 7.478800e-01 3.516000e-03 2.486040e-01
224 7.473280e-01 3.412000e-03 2.492600e-01
225 7.467800e-01 3.296000e-03 2.499240e-01
226 7.463240e-01 3.204000e-03 2.504720e-01
227 7.458120e-01 3.168000e-03 2.510200e-01
228 7.453280e-01 3.124000e-03 2.515480e-01
229 7.449040e-01 3.024000e-03 2.520720e-01
230 7.443520e-01 3.068000e-03 2.525800e-01
231 7.438360e-01 3.132000e-03 2.530320e-01
232 7.432000e-01 3.132000e-03 2.536680e-01
233 7.425680e-01 3.224000e-03 2.542080e-01
234 7.420560e-01 3.128000e-03 2.548160e-01
235 7.416000e-01 3.024000e-03 2.553760e-01
236 7.410320e-01 3.076000e-03 2.558920e-01
237 7.405080e-01 3.064000e-03 2.564280e-01
238 7.400160e-01 2.984000e-03 2.570000e-01
239 7.395520e-01 2.912000e-03 2.575360e-01
240 7.390960e-01 2.844000e-03 2.580600e-01
241 7.386840e-01 2.748000e-03 2.585680e-01
242 7.382400e-01 2.724000e-03 2.590360e-01
243 7.378680e-01 2.612000e-03 2.595200e-01
244 7.374600e-01 2.552000e-03 2.599880e-01
245 7.371200e-01 2.444000e-03 2.604360e-01
246 7.368160e-01 2.324000e-03 2.608600e-01
247 7.365000e-01 2.212000e-03 2.612880e-01
248 7.362120e-01 2.152000e-03 2.616360e-01
249 7.358760e-01 2.176000e-03 2.619480e-01
250 7.355720e-01 2.068000e-03 2.623600e-01
251 7.352240e-01 2.108000e-03 2.626680e-01
252 7.349240e-01 2.092000e-03 2.629840e-01
253 7.345640e-01 2.072000e-03 2.633640e-01
254 7.342160e-01 1.952000e-03 2.638320e-01
255 7.338800e-01 1.976000e-03 2.641440e-01
256 7.335800e-01 1.836000e-03 2.645840e-01
257 7.332440e-01 1.844000e-03 2.649120e-01
258 7.329600e-01 1.836000e-03 2.652040e-01
259 7.326240e-01 1.856000e-03 2.655200e-01
260 7.323040e-01 1.828000e-03 2.658680e-01
261 7.319280e-01 1.880000e-03 2.661920e-01
262 7.315680e-01 1.956000e-03 2.664760e-01
263 7.311920e-01 1.984000e-03 2.668240e-01
264 7.308080e-01 1.984000e-03 2.672080e-01
265 7.304000e-01 2.000000e-03 2.676000e-01
266 7.299840e-01 2.044000e-03 2.679720e-01
267 7.296000e-01 2.004000e-03 2.683960e-01
268 7.291880e-01 2.164000e-03 2.686480e-01
269 7.288360e-01 2.208000e-03 2.689560e-01
270 7.284760e-01 2.220000e-03 2.693040e-01
271 7.280560e-01 2.272000e-03 2.696720e-01
272 7.276680e-01 2.196000e-03 2.701360e-01
273 7.273040e-01 2.124000e-03 2.705720e-01
274 7.269960e-01 1.980000e-03 2.710240e-01
275 7.266880e-01 1.928000e-03 2.713840e-01
276 7.263880e-01 1.928000e-03 2.716840e-01
277 7.260240e-01 1.912000e-03 2.720640e-01
278 7.256800e-01 1.952000e-03 2.723680e-01
279 7.253840e-01 1.924000e-03 2.726920e-01
280 7.251040e-01 1.876000e-03 2.730200e-01
281 7.248040e-01 1.820000e-03 2.733760e-01
282 7.244960e-01 1.844000e-03 2.736600e-01
283 7.241800e-01 1.828000e-03 2.739920e-01
284 7.238400e-01 1.860000e-03 2.743000e-01
285 7.235040e-01 1.864000e-03 2.746320e-01
286 7.232240e-01 1.880000e-03 2.748960e-01
287 7.227920e-01 1.960000e-03 2.752480e-01
288 7.224400e-01 1.932000e-03 2.756280e-01
289 7.221800e-01 1.808000e-03 2.760120e-01
290 7.218400e-01 1.824000e-03 2.763360e-01
291 7.214960e-01 1.816000e-03 2.766880e-01
292 7.212240e-01 1.800000e-03 2.769760e-01
293 7.209640e-01 1.768000e-03 2.772680e-01
294 7.206560e-01 1.792000e-03 2.775520e-01
295 7.203360e-01 1.752000e-03 2.779120e-01
296 7.200800e-01 1.680000e-03 2.782400e-01
297 7.197960e-01 1.624000e-03 2.785800e-01
298 7.195680e-01 1.600000e-03 2.788320e-01
299 7.193520e-01 1.564000e-03 2.790840e-01
300 7.190280e-01 1.592000e-03 2.793800e-01
301 7.187720e-01 1.528000e-03 2.797000e-01
302 7.184800e-01 1.536000e-03 2.799840e-01
303 7.181640e-01 1.552000e-03 2.802840e-01
304 7.179560e-01 1.484000e-03 2.805600e-01
305 7.176840e-01 1.528000e-03 2.807880e-01
306 7.174320e-01 1.548000e-03 2.810200e-01
307 7.171920e-01 1.500000e-03 2.813080e-01
308 7.169760e-01 1.432000e-03 2.815920e-01
309 7.167200e-01 1.416000e-03 2.818640e-01
310 7.165240e-01 1.316000e-03 2.821600e-01
311 7.163240e-01 1.264000e-03 2.824120e-01
312 7.160440e-01 1.288000e-03 2.826680e-01
313 7.157800e-01 1.356000e-03 2.828640e-01
314 7.155840e-01 1.324000e-03 2.830920e-01
315 7.153680e-01 1.360000e-03 2.832720e-01
316 7.151200e-01 1.372000e-03 2.835080e-01
317 7.148960e-01 1.388000e-03 2.837160e-01
318 7.146560e-01 1.420000e-03 2.839240e-01
319 7.143800e-01 1.356000e-03 2.842640e-01
320 7.141080e-01 1.356000e-03 2.845360e-01
321 7.138200e-01 1.412000e-03 2.847680e-01
322 7.135240e-01 1.436000e-03 2.850400e-01
323 7.132200e-01 1.488000e-03 2.852920e-01
324 7.129040e-01 1.504000e-03 2.855920e-01
325 7.127040e-01 1.448000e-03 2.858480e-01
326 7.124720e-01 1.412000e-03 2.861160e-01
327 7.122480e-01 1.364000e-03 2.863880e-01
328 7.119560e-01 1.420000e-03 2.866240e-01
329 7.116720e-01 1.440000e-03 2.868880e-01
330 7.114080e-01 1.480000e-03 2.871120e-01
331 7.112240e-01 1.448000e-03 2.873280e-01
332 7.109400e-01 1.492000e-03 2.875680e-01
333 7.107080e-01 1.464000e-03 2.878280e-01
334 7.104360e-01 1.480000e-03 2.880840e-01
335 7.102080e-01 1.492000e-03 2.883000e-01
336 7.099680e-01 1.420000e-03 2.886120e-01
337 7.097560e-01 1.388000e-03 2.888560e-01
338 7.095360e-01 1.348000e-03 2.891160e-01
339 7.093360e-01 1.308000e-03 2.893560e-01
340 7.090880e-01 1.340000e-03 2.895720e-01
341 7.088920e-01 1.304000e-03 2.898040e-01
342 7.086960e-01 1.340000e-03 2.899640e-01
343 7.084720e-01 1.284000e-03 2.902440e-01
344 7.081920e-01 1.344000e-03 2.904640e-01
345 7.079320e-01 1.384000e-03 2.906840e-01
346 7.076680e-01 1.408000e-03 2.909240e-01
347 7.073800e-01 1.416000e-03 2.912040e-01
348 7.071600e-01 1.372000e-03 2.914680e-01
349 7.068760e-01 1.392000e-03 2.917320e-01
350 7.066040e-01 1.476000e-03 2.919200e-01
351 7.062960e-01 1.576000e-03 2.921280e-01
352 7.059560e-01 1.644000e-03 2.924000e-01
353 7.056880e-01 1.656000e-03 2.926560e-01
354 7.053600e-01 1.712000e-03 2.929280e-01
355 7.050760e-01 1.696000e-03 2.932280e-01
356 7.048200e-01 1.668000e-03 2.935120e-01
357 7.045160e-01 1.612000e-03 2.938720e-01
358 7.042560e-01 1.588000e-03 2.941560e-01
359 7.039320e-01 1.668000e-03 2.944000e-01
360 7.036240e-01 1.752000e-03 2.946240e-01
361 7.033160e-01 1.684000e-03 2.950000e-01
362 7.030720e-01 1.648000e-03 2.952800e-01
363 7.028160e-01 1.684000e-03 2.955000e-01
364 7.024440e-01 1.760000e-03 2.957960e-01
365 7.021040e-01 1.760000e-03 2.961360e-01
366 7.018360e-01 1.728000e-03 2.964360e-01
367 7.015080e-01 1.760000e-03 2.967320e-01
368 7.012040e-01 1.764000e-03 2.970320e-01
369 7.008880e-01 1.852000e-03 2.972600e-01
370 7.005720e-01 1.864000e-03 2.975640e-01
371 7.002960e-01 1.768000e-03 2.979360e-01
372 7.000360e-01 1.760000e-03 2.982040e-01
373 6.997680e-01 1.692000e-03 2.985400e-01
374 6.995560e-01 1.656000e-03 2.987880e-01
375 6.992800e-01 1.604000e-03 2.991160e-01
376 6.990280e-01 1.644000e-03 2.993280e-01
377 6.987440e-01 1.624000e-03 2.996320e-01
378 6.984920e-01 1.608000e-03 2.999000e-01
379 6.982000e-01 1.632000e-03 3.001680e-01
380 6.979440e-01 1.608000e-03 3.004480e-01
381 6.976160e-01 1.652000e-03 3.007320e-01
382 6.973800e-01 1.600000e-03 3.010200e-01
383 6.970840e-01 1.624000e-03 3.012920e-01
384 6.968120e-01 1.584000e-03 3.016040e-01
385 6.965760e-01 1.548000e-03 3.018760e-01
386 6.962760e-01 1.584000e-03 3.021400e-01
387 6.959440e-01 1.648000e-03 3.024080e-01
388 6.955800e-01 1.768000e-03 3.026520e-01
389 6.952040e-01 1.788000e-03 3.030080e-01
390 6.948760e-01 1.840000e-03 3.032840e-01
391 6.945000e-01 1.912000e-03 3.035880e-01
392 6.941600e-01 1.924000e-03 3.039160e-01
393 6.938480e-01 1.904000e-03 3.042480e-01
394 6.935680e-01 1.856000e-03 3.045760e-01
395 6.932520e-01 1.784000e-03 3.049640e-01
396 6.929560e-01 1.760000e-03 3.052840e-01
397 6.926840e-01 1.744000e-03 3.055720e-01
398 6.923720e-01 1.760000e-03 3.058680e-01
399 6.921240e-01 1.688000e-03 3.061880e-01
400 6.918640e-01 1.668000e-03 3.064680e-01
401 6.915800e-01 1.672000e-03 3.067480e-01
402 6.914080e-01 1.596000e-03 3.069960e-01
403 6.911120e-01 1.592000e-03 3.072960e-01
404 6.908320e-01 1.580000e-03 3.075880e-01
405 6.906040e-01 1.524000e-03 3.078720e-01
406 6.903480e-01 1.536000e-03 3.081160e-01
407 6.901000e-01 1.528000e-03 3.083720e-01
408 6.898400e-01 1.524000e-03 3.086360e-01
409 6.896200e-01 1.456000e-03 3.089240e-01
410 6.893920e-01 1.432000e-03 3.091760e-01
411 6.890920e-01 1.448000e-03 3.094600e-01
412 6.888080e-01 1.516000e-03 3.096760e-01
413 6.885400e-01 1.476000e-03 3.099840e-01
414 6.882400e-01 1.512000e-03 3.102480e-01
415 6.879440e-01 1.560000e-03 3.104960e-01
416 6.877240e-01 1.496000e-03 3.107800e-01
417 6.875160e-01 1.420000e-03 3.110640e-01
418 6.872800e-01 1.380000e-03 3.113400e-01
419 6.870080e-01 1.404000e-03 3.115880e-01
420 6.867800e-01 1.432000e-03 3.117880e-01
421 6.864800e-01 1.484000e-03 3.120360e-01
422 6.861760e-01 1.560000e-03 3.122640e-01
423 6.858960e-01 1.584000e-03 3.125200e-01
424 6.855800e-01 1.616000e-03 3.128040e-01
425 6.852400e-01 1.696000e-03 3.130640e-01
426 6.849440e-01 1.704000e-03 3.133520e-01
427 6.846560e-01 1.732000e-03 3.136120e-01
428 6.843240e-01 1.796000e-03 3.138800e-01
429 6.839920e-01 1.836000e-03 3.141720e-01
430 6.836520e-01 1.920000e-03 3.144280e-01
431 6.832840e-01 1.908000e-03 3.148080e-01
432 6.829840e-01 1.964000e-03 3.150520e-01
433 6.826600e-01 1.896000e-03 3.154440e-01
434 6.823920e-01 1.804000e-03 3.158040e-01
435 6.820800e-01 1.824000e-03 3.160960e-01
436 6.817560e-01 1.820000e-03 3.164240e-01
437 6.814400e-01 1.892000e-03 3.166680e-01
438 6.811120e-01 1.904000e-03 3.169840e-01
439 6.807800e-01 1.880000e-03 3.173400e-01
440 6.805200e-01 1.832000e-03 3.176480e-01
441 6.802600e-01 1.740000e-03 3.180000e-01
442 6.799600e-01 1.760000e-03 3.182800e-01
443 6.796640e-01 1.760000e-03 3.185760e-01
444 6.792760e-01 1.904000e-03 3.188200e-01
445 6.789640e-01 1.860000e-03 3.191760e-01
446 6.786760e-01 1.856000e-03 3.194680e-01
447 6.783360e-01 1.856000e-03 3.198080e-01
448 6.779920e-01 1.856000e-03 3.201520e-01
449 6.776880e-01 1.852000e-03 3.204600e-01
450 6.773520e-01 1.872000e-03 3.207760e-01
451 6.770320e-01 1.892000e-03 3.210760e-01
452 6.767400e-01 1.852000e-03 3.214080e-01
453 6.763640e-01 1.884000e-03 3.217520e-01
454 6.760800e-01 1.824000e-03 3.220960e-01
455 6.756800e-01 1.932000e-03 3.223880e-01
456 6.753160e-01 1.952000e-03 3.227320e-01
457 6.749640e-01 1.912000e-03 3.231240e-01
458 6.746200e-01 1.944000e-03 3.234360e-01
459 6.742960e-01 1.988000e-03 3.237160e-01
460 6.739760e-01 2.008000e-03 3.240160e-01
461 6.736320e-01 1.968000e-03 3.244000e-01
462 6.733360e-01 1.976000e-03 3.246880e-01
463 6.729640e-01 2.000000e-03 3.250360e-01
464 6.726480e-01 1.956000e-03 3.253960e-01
465 6.723760e-01 1.952000e-03 3.256720e-01
466 6.721400e-01 1.848000e-03 3.260120e-01
467 6.718640e-01 1.788000e-03 3.263480e-01
468 6.716360e-01 1.672000e-03 3.266920e-01
469 6.713520e-01 1.660000e-03 3.269880e-01
470 6.710320e-01 1.668000e-03 3.273000e-01
471 6.706760e-01 1.740000e-03 3.275840e-01
472 6.703800e-01 1.696000e-03 3.279240e-01
473 6.701160e-01 1.680000e-03 3.282040e-01
474 6.698200e-01 1.684000e-03 3.284960e-01
475 6.695360e-01 1.648000e-03 3.288160e-01
476 6.692560e-01 1.608000e-03 3.291360e-01
477 6.690320e-01 1.508000e-03 3.294600e-01
478 6.687480e-01 1.508000e-03 3.297440e-01
479 6.685000e-01 1.484000e-03 3.300160e-01
480 6.682840e-01 1.476000e-03 3.302400e-01
481 6.680040e-01 1.496000e-03 3.305000e-01
482 6.677480e-01 1.436000e-03 3.308160e-01
483 6.675320e-01 1.424000e-03 3.310440e-01
484 6.672680e-01 1.436000e-03 3.312960e-01
485 6.669600e-01 1.484000e-03 3.315560e-01
486 6.667560e-01 1.432000e-03 3.318120e-01
487 6.665840e-01 1.376000e-03 3.320400e-01
488 6.663680e-01 1.384000e-03 3.322480e-01
489 6.662000e-01 1.236000e-03 3.325640e-01
490 6.660200e-01 1.224000e-03 3.327560e-01
491 6.658360e-01 1.208000e-03 3.329560e-01
492 6.655480e-01 1.208000e-03 3.332440e-01
493 6.653680e-01 1.200000e-03 3.334320e-01
494 6.652120e-01 1.160000e-03 3.336280e-01
495 6.649600e-01 1.216000e-03 3.338240e-01
496 6.647720e-01 1.188000e-03 3.340400e-01
497 6.645640e-01 1.224000e-03 3.342120e-01
498 6.644320e-01 1.140000e-03 3.344280e-01
499 6.642160e-01 1.152000e-03 3.346320e-01
500 6.640160e-01 1.164000e-03 3.348200e-01
