1 9.992800e-01 6.200000e-04 1.000000e-04
2 9.988720e-01 8.920000e-04 2.360000e-04
3 9.982840e-01 1.288000e-03 4.280000e-04
4 9.976120e-01 1.740000e-03 6.480000e-04
5 9.969160e-01 2.092000e-03 9.920000e-04
6 9.961320e-01 2.464000e-03 1.404000e-03
7 9.952480e-01 2.948000e-03 1.804000e-03
8 9.942600e-01 3.416000e-03 2.324000e-03
9 9.931560e-01 3.920000e-03 2.924000e-03
10 9.921840e-01 4.144000e-03 3.672000e-03
11 9.911080e-01 4.376000e-03 4.516000e-03
12 9.901000e-01 4.636000e-03 5.264000e-03
13 9.891040e-01 4.868000e-03 6.028000e-03
14 9.880320e-01 4.992000e-03 6.976000e-03
15 9.868360e-01 5.292000e-03 7.872000e-03
16 9.856000e-01 5.600000e-03 8.800000e-03
17 9.845040e-01 5.696000e-03 9.800000e-03
18 9.834040e-01 5.796000e-03 1.080000e-02
19 9.822120e-01 5.976000e-03 1.181200e-02
20 9.809600e-01 6.144000e-03 1.289600e-02
21 9.797800e-01 6.296000e-03 1.392400e-02
22 9.783880e-01 6.596000e-03 1.501600e-02
23 9.771040e-01 6.704000e-03 1.619200e-02
24 9.757800e-01 6.772000e-03 1.744800e-02
25 9.743960e-01 6.960000e-03 1.864400e-02
26 9.728760e-01 7.312000e-03 1.981200e-02
27 9.713040e-01 7.516000e-03 2.118000e-02
28 9.698120e-01 7.600000e-03 2.258800e-02
29 9.684320e-01 7.732000e-03 2.383600e-02
30 9.670080e-01 7.820000e-03 2.517200e-02
31 9.655600e-01 7.856000e-03 2.658400e-02
32 9.639920e-01 7.996000e-03 2.801200e-02
33 9.625320e-01 8.112000e-03 2.935600e-02
34 9.610200e-01 8.260000e-03 3.072000e-02
35 9.595200e-01 8.276000e-03 3.220400e-02
36 9.578840e-01 8.316000e-03 3.380000e-02
37 9.564080e-01 8.376000e-03 3.521600e-02
38 9.548960e-01 8.508000e-03 3.659600e-02
39 9.535240e-01 8.408000e-03 3.806800e-02
40 9.521240e-01 8.292000e-03 3.958400e-02
41 9.505680e-01 8.264000e-03 4.116800e-02
42 9.490440e-01 8.364000e-03 4.259200e-02
43 9.475440e-01 8.260000e-03 4.419600e-02
44 9.462040e-01 8.080000e-03 4.571600e-02
45 9.446800e-01 8.248000e-03 4.707200e-02
46 9.432720e-01 8.140000e-03 4.858800e-02
47 9.420320e-01 7.940000e-03 5.002800e-02
48 9.406600e-01 7.904000e-03 5.143600e-02
49 9.392880e-01 7.944000e-03 5.276800e-02
50 9.379480e-01 7.956000e-03 5.409600e-02
51 9.366520e-01 7.836000e-03 5.551200e-02
52 9.352800e-01 7.872000e-03 5.684800e-02
53 9.340400e-01 7.764000e-03 5.819600e-02
54 9.328200e-01 7.596000e-03 5.958400e-02
55 9.316360e-01 7.428000e-03 6.093600e-02
56 9.304920e-01 7.228000e-03 6.228000e-02
57 9.290320e-01 7.404000e-03 6.356400e-02
58 9.277120e-01 7.412000e-03 6.487600e-02
59 9.263440e-01 7.392000e-03 6.626400e-02
60 9.250480e-01 7.384000e-03 6.756800e-02
61 9.238160e-01 7.300000e-03 6.888400e-02
62 9.225520e-01 7.388000e-03 7.006000e-02
63 9.210960e-01 7.464000e-03 7.144000e-02
64 9.196920e-01 7.556000e-03 7.275200e-02
65 9.182880e-01 7.596000e-03 7.411600e-02
66 9.170480e-01 7.508000e-03 7.544400e-02
67 9.157840e-01 7.440000e-03 7.677600e-02
68 9.143320e-01 7.680000e-03 7.798800e-02
69 9.129000e-01 7.756000e-03 7.934400e-02
70 9.115520e-01 7.716000e-03 8.073200e-02
71 9.102840e-01 7.640000e-03 8.207600e-02
72 9.090080e-01 7.588000e-03 8.340400e-02
73 9.077000e-01 7.564000e-03 8.473600e-02
74 9.062920e-01 7.680000e-03 8.602800e-02
75 9.050200e-01 7.488000e-03 8.749200e-02
76 9.035720e-01 7.668000e-03 8.876000e-02
77 9.022560e-01 7.544000e-03 9.020000e-02
78 9.009040e-01 7.620000e-03 9.147600e-02
79 8.995800e-01 7.556000e-03 9.286400e-02
80 8.982240e-01 7.576000e-03 9.420000e-02
81 8.968720e-01 7.472000e-03 9.565600e-02
82 8.956640e-01 7.308000e-03 9.702800e-02
83 8.945480e-01 7.248000e-03 9.820400e-02
84 8.931920e-01 7.316000e-03 9.949200e-02
85 8.917640e-01 7.576000e-03 1.006600e-01
86 8.904160e-01 7.584000e-03 1.020000e-01
87 8.890320e-01 7.668000e-03 1.033000e-01
88 8.876440e-01 7.768000e-03 1.045880e-01
89 8.862520e-01 7.648000e-03 1.061000e-01
90 8.848560e-01 7.780000e-03 1.073640e-01
91 8.835440e-01 7.752000e-03 1.087040e-01
92 8.822040e-01 7.856000e-03 1.099400e-01
93 8.809800e-01 7.720000e-03 1.113000e-01
94 8.796000e-01 7.816000e-03 1.125840e-01
95 8.783960e-01 7.732000e-03 1.138720e-01
96 8.770160e-01 7.744000e-03 1.152400e-01
97 8.757920e-01 7.616000e-03 1.165920e-01
98 8.745800e-01 7.360000e-03 1.180600e-01
99 8.733320e-01 7.296000e-03 1.193720e-01
100 8.721920e-01 7.184000e-03 1.206240e-01
101 8.709720e-01 7.156000e-03 1.218720e-01
102 8.696760e-01 7.196000e-03 1.231280e-01
103 8.684680e-01 7.192000e-03 1.243400e-01
104 8.673080e-01 6.944000e-03 1.257480e-01
105 8.660400e-01 7.028000e-03 1.269320e-01
106 8.648680e-01 7.124000e-03 1.280080e-01
107 8.637280e-01 7.036000e-03 1.292360e-01
108 8.625400e-01 6.924000e-03 1.305360e-01
109 8.614000e-01 6.944000e-03 1.316560e-01
110 8.603720e-01 6.688000e-03 1.329400e-01
111 8.592760e-01 6.584000e-03 1.341400e-01
112 8.580600e-01 6.632000e-03 1.353080e-01
113 8.568280e-01 6.744000e-03 1.364280e-01
114 8.555880e-01 6.772000e-03 1.376400e-01
115 8.545120e-01 6.656000e-03 1.388320e-01
116 8.534640e-01 6.480000e-03 1.400560e-01
117 8.524520e-01 6.356000e-03 1.411920e-01
118 8.512440e-01 6.500000e-03 1.422560e-01
119 8.501440e-01 6.564000e-03 1.432920e-01
120 8.489240e-01 6.600000e-03 1.444760e-01
121 8.476160e-01 6.772000e-03 1.456120e-01
122 8.463720e-01 6.904000e-03 1.467240e-01
123 8.453200e-01 6.804000e-03 1.478760e-01
124 8.441280e-01 6.848000e-03 1.490240e-01
125 8.428520e-01 6.868000e-03 1.502800e-01
126 8.416480e-01 6.808000e-03 1.515440e-01
127 8.404480e-01 6.728000e-03 1.528240e-01
128 8.390960e-01 6.896000e-03 1.540080e-01
129 8.378880e-01 6.996000e-03 1.551160e-01
130 8.365360e-01 7.156000e-03 1.563080e-01
131 8.352360e-01 7.248000e-03 1.575160e-01
132 8.340760e-01 7.012000e-03 1.589120e-01
133 8.327440e-01 7.164000e-03 1.600920e-01
134 8.314280e-01 7.144000e-03 1.614280e-01
135 8.301680e-01 7.156000e-03 1.626760e-01
136 8.287880e-01 7.364000e-03 1.638480e-01
137 8.274960e-01 7.272000e-03 1.652320e-01
138 8.263080e-01 7.104000e-03 1.665880e-01
139 8.250600e-01 7.088000e-03 1.678520e-01
140 8.238760e-01 6.888000e-03 1.692360e-01
141 8.228360e-01 6.712000e-03 1.704520e-01
142 8.215520e-01 6.780000e-03 1.716680e-01
143 8.203880e-01 6.852000e-03 1.727600e-01
144 8.191720e-01 6.860000e-03 1.739680e-01
145 8.178800e-01 7.004000e-03 1.751160e-01
146 8.166680e-01 7.024000e-03 1.763080e-01
147 8.155920e-01 6.912000e-03 1.774960e-01
148 8.144440e-01 6.864000e-03 1.786920e-01
149 8.133120e-01 6.752000e-03 1.799360e-01
150 8.122240e-01 6.680000e-03 1.810960e-01
151 8.111040e-01 6.532000e-03 1.823640e-01
152 8.100080e-01 6.404000e-03 1.835880e-01
153 8.090040e-01 6.340000e-03 1.846560e-01
154 8.079080e-01 6.284000e-03 1.858080e-01
155 8.068840e-01 6.152000e-03 1.869640e-01
156 8.059680e-01 6.052000e-03 1.879800e-01
157 8.051080e-01 5.876000e-03 1.890160e-01
158 8.040800e-01 5.784000e-03 1.901360e-01
159 8.031560e-01 5.828000e-03 1.910160e-01
160 8.021400e-01 5.836000e-03 1.920240e-01
161 8.011200e-01 5.884000e-03 1.929960e-01
162 8.001480e-01 5.800000e-03 1.940520e-01
163 7.992800e-01 5.628000e-03 1.950920e-01
164 7.984440e-01 5.568000e-03 1.959880e-01
165 7.975600e-01 5.496000e-03 1.969440e-01
166 7.966240e-01 5.448000e-03 1.979280e-01
167 7.957120e-01 5.408000e-03 1.988800e-01
168 7.949440e-01 5.364000e-03 1.996920e-01
169 7.939840e-01 5.460000e-03 2.005560e-01
170 7.930640e-01 5.408000e-03 2.015280e-01
171 7.920680e-01 5.480000e-03 2.024520e-01
172 7.912560e-01 5.384000e-03 2.033600e-01
173 7.903160e-01 5.416000e-03 2.042680e-01
174 7.894520e-01 5.340000e-03 2.052080e-01
175 7.884640e-01 5.384000e-03 2.061520e-01
176 7.875320e-01 5.388000e-03 2.070800e-01
177 7.865760e-01 5.464000e-03 2.079600e-01
178 7.857920e-01 5.332000e-03 2.088760e-01
179 7.849000e-01 5.284000e-03 2.098160e-01
180 7.840680e-01 5.268000e-03 2.106640e-01
181 7.831360e-01 5.272000e-03 2.115920e-01
182 7.823160e-01 5.168000e-03 2.125160e-01
183 7.813960e-01 5.180000e-03 2.134240e-01
184 7.806160e-01 5.056000e-03 2.143280e-01
185 7.798480e-01 4.932000e-03 2.152200e-01
186 7.790720e-01 4.876000e-03 2.160520e-01
187 7.782840e-01 4.748000e-03 2.169680e-01
188 7.775960e-01 4.672000e-03 2.177320e-01
189 7.767960e-01 4.616000e-03 2.185880e-01
190 7.761480e-01 4.412000e-03 2.194400e-01
191 7.754640e-01 4.352000e-03 2.201840e-01
192 7.748200e-01 4.248000e-03 2.209320e-01
193 7.740960e-01 4.236000e-03 2.216680e-01
194 7.734600e-01 4.120000e-03 2.224200e-01
195 7.727720e-01 4.072000e-03 2.231560e-01
196 7.721560e-01 3.988000e-03 2.238560e-01
197 7.714800e-01 3.948000e-03 2.245720e-01
198 7.707880e-01 3.996000e-03 2.252160e-01
199 7.701280e-01 3.920000e-03 2.259520e-01
200 7.693880e-01 3.940000e-03 2.266720e-01
201 7.687680e-01 3.888000e-03 2.273440e-01
202 7.681440e-01 3.832000e-03 2.280240e-01
203 7.676000e-01 3.728000e-03 2.286720e-01
204 7.670320e-01 3.720000e-03 2.292480e-01
205 7.663560e-01 3.760000e-03 2.298840e-01
206 7.657440e-01 3.736000e-03 2.305200e-01
207 7.651320e-01 3.704000e-03 2.311640e-01
208 7.644440e-01 3.712000e-03 2.318440e-01
209 7.638560e-01 3.572000e-03 2.325720e-01
210 7.632520e-01 3.536000e-03 2.332120e-01
211 7.625840e-01 3.672000e-03 2.337440e-01
212 7.619920e-01 3.636000e-03 2.343720e-01
213 7.614240e-01 3.528000e-03 2.350480e-01
214 7.608560e-01 3.432000e-03 2.357120e-01
215 7.602880e-01 3.464000e-03 2.362480e-01
216 7.597040e-01 3.520000e-03 2.367760e-01
217 7.591360e-01 3.468000e-03 2.373960e-01
218 7.585360e-01 3.456000e-03 2.380080e-01
219 7.580040e-01 3.408000e-03 2.385880e-01
220 7.574320e-01 3.384000e-03 2.391840e-01
221 7.568280e-01 3.348000e-03 2.398240e-01
222 7.561960e-01 3.364000e-03 2.404400e-01
223 7.555000e-01 3.384000e-03 2.411160e-01
224 7.549720e-01 3.356000e-03 2.416720e-01
225 7.543960e-01 3.364000e-03 2.422400e-01
226 7.538320e-01 3.352000e-03 2.428160e-01
227 7.532840e-01 3.360000e-03 2.433560e-01
228 7.527440e-01 3.304000e-03 2.439520e-01
229 7.522520e-01 3.280000e-03 2.444680e-01
230 7.516920e-01 3.276000e-03 2.450320e-01
231 7.511160e-01 3.260000e-03 2.456240e-01
232 7.506000e-01 3.172000e-03 2.462280e-01
233 7.499880e-01 3.248000e-03 2.467640e-01
234 7.493840e-01 3.272000e-03 2.473440e-01
235 7.488360e-01 3.240000e-03 2.479240e-01
236 7.482480e-01 3.264000e-03 2.484880e-01
237 7.477000e-01 3.212000e-03 2.490880e-01
238 7.472080e-01 3.132000e-03 2.496600e-01
239 7.466960e-01 3.052000e-03 2.502520e-01
240 7.461440e-01 3.020000e-03 2.508360e-01
241 7.456800e-01 2.960000e-03 2.513600e-01
242 7.451360e-01 3.000000e-03 2.518640e-01
243 7.446360e-01 2.984000e-03 2.523800e-01
244 7.440960e-01 2.956000e-03 2.529480e-01
245 7.436160e-01 2.872000e-03 2.535120e-01
246 7.432320e-01 2.684000e-03 2.540840e-01
247 7.427640e-01 2.740000e-03 2.544960e-01
248 7.423560e-01 2.644000e-03 2.550000e-01
249 7.419640e-01 2.580000e-03 2.554560e-01
250 7.414520e-01 2.600000e-03 2.559480e-01
251 7.409120e-01 2.712000e-03 2.563760e-01
252 7.404320e-01 2.760000e-03 2.568080e-01
253 7.399200e-01 2.828000e-03 2.572520e-01
254 7.394920e-01 2.800000e-03 2.577080e-01
255 7.391040e-01 2.760000e-03 2.581360e-01
256 7.386960e-01 2.696000e-03 2.586080e-01
257 7.382640e-01 2.660000e-03 2.590760e-01
258 7.378080e-01 2.616000e-03 2.595760e-01
259 7.373640e-01 2.620000e-03 2.600160e-01
260 7.368440e-01 2.636000e-03 2.605200e-01
261 7.363880e-01 2.608000e-03 2.610040e-01
262 7.357680e-01 2.804000e-03 2.614280e-01
263 7.352640e-01 2.804000e-03 2.619320e-01
264 7.347320e-01 2.868000e-03 2.624000e-01
265 7.340880e-01 3.036000e-03 2.628760e-01
266 7.335200e-01 3.112000e-03 2.633680e-01
267 7.329600e-01 3.140000e-03 2.639000e-01
268 7.324320e-01 3.080000e-03 2.644880e-01
269 7.318880e-01 3.052000e-03 2.650600e-01
270 7.313160e-01 3.060000e-03 2.656240e-01
271 7.308320e-01 3.004000e-03 2.661640e-01
272 7.303040e-01 2.972000e-03 2.667240e-01
273 7.298520e-01 2.904000e-03 2.672440e-01
274 7.294240e-01 2.852000e-03 2.677240e-01
275 7.290200e-01 2.840000e-03 2.681400e-01
276 7.286080e-01 2.792000e-03 2.686000e-01
277 7.281880e-01 2.736000e-03 2.690760e-01
278 7.277440e-01 2.672000e-03 2.695840e-01
279 7.273480e-01 2.612000e-03 2.700400e-01
280 7.269040e-01 2.608000e-03 2.704880e-01
281 7.264360e-01 2.532000e-03 2.710320e-01
282 7.260160e-01 2.472000e-03 2.715120e-01
283 7.256080e-01 2.524000e-03 2.718680e-01
284 7.252240e-01 2.452000e-03 2.723240e-01
285 7.248120e-01 2.448000e-03 2.727400e-01
286 7.243480e-01 2.472000e-03 2.731800e-01
287 7.239360e-01 2.496000e-03 2.735680e-01
288 7.235240e-01 2.440000e-03 2.740360e-01
289 7.230920e-01 2.504000e-03 2.744040e-01
290 7.226560e-01 2.560000e-03 2.747840e-01
291 7.222360e-01 2.564000e-03 2.752000e-01
292 7.218320e-01 2.508000e-03 2.756600e-01
293 7.214440e-01 2.460000e-03 2.760960e-01
294 7.210840e-01 2.404000e-03 2.765120e-01
295 7.207280e-01 2.352000e-03 2.769200e-01
296 7.204240e-01 2.272000e-03 2.773040e-01
297 7.201600e-01 2.196000e-03 2.776440e-01
298 7.198680e-01 2.160000e-03 2.779720e-01
299 7.195320e-01 2.108000e-03 2.783600e-01
300 7.192600e-01 2.016000e-03 2.787240e-01
301 7.189760e-01 1.972000e-03 2.790520e-01
302 7.186680e-01 1.920000e-03 2.794120e-01
303 7.183600e-01 1.868000e-03 2.797720e-01
304 7.180880e-01 1.800000e-03 2.801120e-01
305 7.177520e-01 1.872000e-03 2.803760e-01
306 7.174240e-01 1.872000e-03 2.807040e-01
307 7.171400e-01 1.840000e-03 2.810200e-01
308 7.168520e-01 1.856000e-03 2.812920e-01
309 7.165920e-01 1.752000e-03 2.816560e-01
310 7.163280e-01 1.688000e-03 2.819840e-01
311 7.160760e-01 1.652000e-03 2.822720e-01
312 7.157880e-01 1.644000e-03 2.825680e-01
313 7.155680e-01 1.612000e-03 2.828200e-01
314 7.153120e-01 1.584000e-03 2.831040e-01
315 7.150880e-01 1.536000e-03 2.833760e-01
316 7.148360e-01 1.496000e-03 2.836680e-01
317 7.146200e-01 1.452000e-03 2.839280e-01
318 7.144120e-01 1.420000e-03 2.841680e-01
319 7.141760e-01 1.468000e-03 2.843560e-01
320 7.140120e-01 1.384000e-03 2.846040e-01
321 7.137640e-01 1.456000e-03 2.847800e-01
322 7.135520e-01 1.412000e-03 2.850360e-01
323 7.133560e-01 1.376000e-03 2.852680e-01
324 7.131000e-01 1.376000e-03 2.855240e-01
325 7.128840e-01 1.292000e-03 2.858240e-01
326 7.126400e-01 1.316000e-03 2.860440e-01
327 7.124480e-01 1.264000e-03 2.862880e-01
328 7.122480e-01 1.272000e-03 2.864800e-01
329 7.120560e-01 1.264000e-03 2.866800e-01
330 7.118840e-01 1.260000e-03 2.868560e-01
331 7.117160e-01 1.204000e-03 2.870800e-01
332 7.115200e-01 1.212000e-03 2.872680e-01
333 7.113840e-01 1.176000e-03 2.874400e-01
334 7.112560e-01 1.088000e-03 2.876560e-01
335 7.110920e-01 1.040000e-03 2.878680e-01
336 7.109400e-01 1.024000e-03 2.880360e-01
337 7.107880e-01 1.020000e-03 2.881920e-01
338 7.105920e-01 1.044000e-03 2.883640e-01
339 7.103720e-01 1.088000e-03 2.885400e-01
340 7.102080e-01 1.100000e-03 2.886920e-01
341 7.100720e-01 1.008000e-03 2.889200e-01
342 7.099080e-01 1.004000e-03 2.890880e-01
343 7.097880e-01 9.680000e-04 2.892440e-01
344 7.096440e-01 9.520000e-04 2.894040e-01
345 7.095280e-01 8.840000e-04 2.895880e-01
346 7.094200e-01 8.240000e-04 2.897560e-01
347 7.092520e-01 8.760000e-04 2.898720e-01
348 7.091160e-01 8.120000e-04 2.900720e-01
349 7.089920e-01 7.880000e-04 2.902200e-01
350 7.088800e-01 7.440000e-04 2.903760e-01
351 7.087800e-01 7.280000e-04 2.904920e-01
352 7.086800e-01 7.080000e-04 2.906120e-01
353 7.085760e-01 6.760000e-04 2.907480e-01
354 7.084440e-01 6.920000e-04 2.908640e-01
355 7.082760e-01 7.120000e-04 2.910120e-01
356 7.080720e-01 7.960000e-04 2.911320e-01
357 7.079960e-01 7.080000e-04 2.912960e-01
358 7.078320e-01 7.320000e-04 2.914360e-01
359 7.077200e-01 7.200000e-04 2.915600e-01
360 7.075800e-01 7.200000e-04 2.917000e-01
361 7.074560e-01 7.200000e-04 2.918240e-01
362 7.073160e-01 7.520000e-04 2.919320e-01
363 7.071800e-01 8.120000e-04 2.920080e-01
364 7.070480e-01 8.000000e-04 2.921520e-01
365 7.069040e-01 8.080000e-04 2.922880e-01
366 7.067560e-01 8.280000e-04 2.924160e-01
367 7.066440e-01 7.800000e-04 2.925760e-01
368 7.065080e-01 8.040000e-04 2.926880e-01
369 7.063240e-01 8.560000e-04 2.928200e-01
370 7.061520e-01 8.520000e-04 2.929960e-01
371 7.060320e-01 8.520000e-04 2.931160e-01
372 7.058760e-01 8.800000e-04 2.932440e-01
373 7.057440e-01 8.640000e-04 2.933920e-01
374 7.055960e-01 8.320000e-04 2.935720e-01
375 7.054280e-01 8.600000e-04 2.937120e-01
376 7.053000e-01 8.120000e-04 2.938880e-01
377 7.051480e-01 8.320000e-04 2.940200e-01
378 7.050040e-01 8.440000e-04 2.941520e-01
379 7.048520e-01 8.280000e-04 2.943200e-01
380 7.046840e-01 8.520000e-04 2.944640e-01
381 7.045600e-01 8.320000e-04 2.946080e-01
382 7.044320e-01 8.200000e-04 2.947480e-01
383 7.042680e-01 8.400000e-04 2.948920e-01
384 7.041400e-01 8.400000e-04 2.950200e-01
385 7.040000e-01 8.480000e-04 2.951520e-01
386 7.038000e-01 8.560000e-04 2.953440e-01
387 7.037000e-01 8.360000e-04 2.954640e-01
388 7.035640e-01 8.120000e-04 2.956240e-01
389 7.034360e-01 8.080000e-04 2.957560e-01
390 7.033520e-01 7.560000e-04 2.958920e-01
391 7.031880e-01 8.120000e-04 2.960000e-01
392 7.030160e-01 9.000000e-04 2.960840e-01
393 7.028400e-01 9.040000e-04 2.962560e-01
394 7.026640e-01 9.280000e-04 2.964080e-01
395 7.025160e-01 9.000000e-04 2.965840e-01
396 7.023480e-01 8.720000e-04 2.967800e-01
397 7.021920e-01 8.680000e-04 2.969400e-01
398 7.020720e-01 8.360000e-04 2.970920e-01
399 7.019840e-01 8.040000e-04 2.972120e-01
400 7.018560e-01 8.480000e-04 2.972960e-01
401 7.016960e-01 9.040000e-04 2.974000e-01
402 7.015400e-01 9.040000e-04 2.975560e-01
403 7.014120e-01 9.000000e-04 2.976880e-01
404 7.013400e-01 8.400000e-04 2.978200e-01
405 7.012160e-01 8.600000e-04 2.979240e-01
406 7.011320e-01 7.880000e-04 2.980800e-01
407 7.010160e-01 7.640000e-04 2.982200e-01
408 7.009040e-01 7.120000e-04 2.983840e-01
409 7.008200e-01 6.680000e-04 2.985120e-01
410 7.007520e-01 6.120000e-04 2.986360e-01
411 7.006840e-01 5.560000e-04 2.987600e-01
412 7.006360e-01 4.880000e-04 2.988760e-01
413 7.005680e-01 4.520000e-04 2.989800e-01
414 7.005440e-01 3.880000e-04 2.990680e-01
415 7.004720e-01 3.800000e-04 2.991480e-01
416 7.004120e-01 3.880000e-04 2.992000e-01
417 7.003360e-01 4.000000e-04 2.992640e-01
418 7.002680e-01 3.960000e-04 2.993360e-01
419 7.002000e-01 3.960000e-04 2.994040e-01
420 7.001160e-01 4.320000e-04 2.994520e-01
421 7.000160e-01 4.720000e-04 2.995120e-01
422 6.999440e-01 4.800000e-04 2.995760e-01
423 6.998480e-01 4.960000e-04 2.996560e-01
424 6.997480e-01 5.160000e-04 2.997360e-01
425 6.996400e-01 5.240000e-04 2.998360e-01
426 6.995120e-01 5.880000e-04 2.999000e-01
427 6.994480e-01 5.400000e-04 3.000120e-01
428 6.993400e-01 5.360000e-04 3.001240e-01
429 6.992040e-01 5.680000e-04 3.002280e-01
430 6.990840e-01 6.240000e-04 3.002920e-01
431 6.989680e-01 6.480000e-04 3.003840e-01
432 6.988200e-01 6.800000e-04 3.005000e-01
433 6.987440e-01 6.400000e-04 3.006160e-01
434 6.986560e-01 6.320000e-04 3.007120e-01
435 6.985640e-01 6.160000e-04 3.008200e-01
436 6.984960e-01 5.640000e-04 3.009400e-01
437 6.984240e-01 5.680000e-04 3.010080e-01
438 6.983240e-01 5.680000e-04 3.011080e-01
439 6.982320e-01 5.680000e-04 3.012000e-01
440 6.981240e-01 5.720000e-04 3.013040e-01
441 6.980400e-01 5.680000e-04 3.013920e-01
442 6.979520e-01 5.480000e-04 3.015000e-01
443 6.978560e-01 5.600000e-04 3.015840e-01
444 6.977840e-01 5.320000e-04 3.016840e-01
445 6.977240e-01 5.120000e-04 3.017640e-01
446 6.976720e-01 4.960000e-04 3.018320e-01
447 6.975600e-01 5.320000e-04 3.019080e-01
448 6.974600e-01 5.240000e-04 3.020160e-01
449 6.973360e-01 5.600000e-04 3.021040e-01
450 6.972240e-01 5.560000e-04 3.022200e-01
451 6.970880e-01 6.040000e-04 3.023080e-01
452 6.970160e-01 5.880000e-04 3.023960e-01
453 6.969040e-01 6.000000e-04 3.024960e-01
454 6.967920e-01 6.080000e-04 3.026000e-01
455 6.967320e-01 5.840000e-04 3.026840e-01
456 6.966720e-01 5.520000e-04 3.027760e-01
457 6.966000e-01 5.560000e-04 3.028440e-01
458 6.965520e-01 5.040000e-04 3.029440e-01
459 6.965000e-01 4.760000e-04 3.030240e-01
460 6.964680e-01 4.440000e-04 3.030880e-01
461 6.964080e-01 4.360000e-04 3.031560e-01
462 6.963360e-01 4.400000e-04 3.032240e-01
463 6.962480e-01 4.360000e-04 3.033160e-01
464 6.962080e-01 4.040000e-04 3.033880e-01
465 6.961520e-01 3.840000e-04 3.034640e-01
466 6.960960e-01 4.000000e-04 3.035040e-01
467 6.960080e-01 4.080000e-04 3.035840e-01
468 6.959200e-01 4.240000e-04 3.036560e-01
469 6.958280e-01 4.320000e-04 3.037400e-01
470 6.957400e-01 4.280000e-04 3.038320e-01
471 6.956800e-01 4.360000e-04 3.038840e-01
472 6.955840e-01 4.160000e-04 3.040000e-01
473 6.954520e-01 5.000000e-04 3.040480e-01
474 6.953600e-01 5.400000e-04 3.041000e-01
475 6.952520e-01 5.680000e-04 3.041800e-01
476 6.951560e-01 5.640000e-04 3.042800e-01
477 6.950520e-01 5.240000e-04 3.044240e-01
478 6.949560e-01 5.280000e-04 3.045160e-01
479 6.948200e-01 5.520000e-04 3.046280e-01
480 6.947080e-01 5.680000e-04 3.047240e-01
481 6.946040e-01 5.520000e-04 3.048440e-01
482 6.945240e-01 5.680000e-04 3.049080e-01
483 6.944120e-01 5.920000e-04 3.049960e-01
484 6.943280e-01 5.680000e-04 3.051040e-01
485 6.942480e-01 5.720000e-04 3.051800e-01
486 6.941200e-01 6.120000e-04 3.052680e-01
487 6.940760e-01 5.560000e-04 3.053680e-01
488 6.939840e-01 5.320000e-04 3.054840e-01
489 6.939200e-01 5.000000e-04 3.055800e-01
490 6.938480e-01 4.920000e-04 3.056600e-01
491 6.937720e-01 4.840000e-04 3.057440e-01
492 6.936800e-01 4.880000e-04 3.058320e-01
493 6.935960e-01 5.080000e-04 3.058960e-01
494 6.934840e-01 5.360000e-04 3.059800e-01
495 6.934000e-01 5.040000e-04 3.060960e-01
496 6.932760e-01 5.680000e-04 3.061560e-01
497 6.931640e-01 5.240000e-04 3.063120e-01
498 6.931120e-01 4.920000e-04 3.063960e-01
499 6.930480e-01 4.880000e-04 3.064640e-01
500 6.929840e-01 4.480000e-04 3.065680e-01
