1 9.991280e-01 7.840000e-04 8.800000e-05
2 9.985400e-01 1.184000e-03 2.760000e-04
3 9.977720e-01 1.732000e-03 4.960000e-04
4 9.970080e-01 2.144000e-03 8.480000e-04
5 9.960800e-01 2.720000e-03 1.200000e-03
6 9.951480e-01 3.204000e-03 1.648000e-03
7 9.940720e-01 3.688000e-03 2.240000e-03
8 9.930560e-01 4.060000e-03 2.884000e-03
9 9.920840e-01 4.276000e-03 3.640000e-03
10 9.910080e-01 4.544000e-03 4.448000e-03
11 9.898960e-01 4.800000e-03 5.304000e-03
12 9.888040e-01 5.020000e-03 6.176000e-03
13 9.877200e-01 5.264000e-03 7.016000e-03
14 9.864520e-01 5.676000e-03 7.872000e-03
15 9.850520e-01 6.020000e-03 8.928000e-03
16 9.837720e-01 6.128000e-03 1.010000e-02
17 9.823840e-01 6.396000e-03 1.122000e-02
18 9.809240e-01 6.724000e-03 1.235200e-02
19 9.795760e-01 6.884000e-03 1.354000e-02
20 9.781560e-01 7.096000e-03 1.474800e-02
21 9.768320e-01 7.032000e-03 1.613600e-02
22 9.757520e-01 6.784000e-03 1.746400e-02
23 9.744480e-01 6.864000e-03 1.868800e-02
24 9.731600e-01 7.000000e-03 1.984000e-02
25 9.716920e-01 7.144000e-03 2.116400e-02
26 9.702360e-01 7.404000e-03 2.236000e-02
27 9.688240e-01 7.520000e-03 2.365600e-02
28 9.672320e-01 7.872000e-03 2.489600e-02
29 9.656880e-01 7.988000e-03 2.632400e-02
30 9.640800e-01 8.180000e-03 2.774000e-02
31 9.626240e-01 8.308000e-03 2.906800e-02
32 9.610600e-01 8.328000e-03 3.061200e-02
33 9.593520e-01 8.700000e-03 3.194800e-02
34 9.578000e-01 8.680000e-03 3.352000e-02
35 9.560720e-01 8.888000e-03 3.504000e-02
36 9.541480e-01 9.276000e-03 3.657600e-02
37 9.523880e-01 9.424000e-03 3.818800e-02
38 9.506400e-01 9.600000e-03 3.976000e-02
39 9.489080e-01 9.584000e-03 4.150800e-02
40 9.470320e-01 9.896000e-03 4.307200e-02
41 9.451760e-01 1.009600e-02 4.472800e-02
42 9.433120e-01 1.021600e-02 4.647200e-02
43 9.415920e-01 1.019200e-02 4.821600e-02
44 9.398400e-01 1.008800e-02 5.007200e-02
45 9.378320e-01 1.021600e-02 5.195200e-02
46 9.359880e-01 1.024400e-02 5.376800e-02
47 9.339200e-01 1.050000e-02 5.558000e-02
48 9.321720e-01 1.051200e-02 5.731600e-02
49 9.303400e-01 1.052400e-02 5.913600e-02
50 9.283280e-01 1.073200e-02 6.094000e-02
51 9.263840e-01 1.074400e-02 6.287200e-02
52 9.245880e-01 1.070400e-02 6.470800e-02
53 9.225960e-01 1.082800e-02 6.657600e-02
54 9.208520e-01 1.076400e-02 6.838400e-02
55 9.190600e-01 1.079600e-02 7.014400e-02
56 9.169680e-01 1.092000e-02 7.211200e-02
57 9.149080e-01 1.079200e-02 7.430000e-02
58 9.129720e-01 1.077200e-02 7.625600e-02
59 9.110320e-01 1.076000e-02 7.820800e-02
60 9.091560e-01 1.072000e-02 8.012400e-02
61 9.072400e-01 1.068400e-02 8.207600e-02
62 9.053640e-01 1.054000e-02 8.409600e-02
63 9.033800e-01 1.075600e-02 8.586400e-02
64 9.014400e-01 1.072000e-02 8.784000e-02
65 8.995280e-01 1.073600e-02 8.973600e-02
66 8.975640e-01 1.078800e-02 9.164800e-02
67 8.956040e-01 1.085200e-02 9.354400e-02
68 8.934800e-01 1.106800e-02 9.545200e-02
69 8.913240e-01 1.123600e-02 9.744000e-02
70 8.895120e-01 1.113600e-02 9.935200e-02
71 8.875280e-01 1.121600e-02 1.012560e-01
72 8.856120e-01 1.115200e-02 1.032360e-01
73 8.836480e-01 1.113200e-02 1.052200e-01
74 8.815680e-01 1.125600e-02 1.071760e-01
75 8.794680e-01 1.155200e-02 1.089800e-01
76 8.775080e-01 1.153200e-02 1.109600e-01
77 8.757440e-01 1.137200e-02 1.128840e-01
78 8.737400e-01 1.154800e-02 1.147120e-01
79 8.718120e-01 1.151200e-02 1.166760e-01
80 8.698040e-01 1.152000e-02 1.186760e-01
81 8.679680e-01 1.130800e-02 1.207240e-01
82 8.661080e-01 1.117600e-02 1.227160e-01
83 8.641520e-01 1.115600e-02 1.246920e-01
84 8.620760e-01 1.122000e-02 1.267040e-01
85 8.598880e-01 1.144000e-02 1.286720e-01
86 8.578000e-01 1.145600e-02 1.307440e-01
87 8.559200e-01 1.126400e-02 1.328160e-01
88 8.539400e-01 1.145200e-02 1.346080e-01
89 8.521360e-01 1.132000e-02 1.365440e-01
90 8.500280e-01 1.133600e-02 1.386360e-01
91 8.480160e-01 1.141200e-02 1.405720e-01
92 8.460080e-01 1.144000e-02 1.425520e-01
93 8.440400e-01 1.148400e-02 1.444760e-01
94 8.421640e-01 1.135200e-02 1.464840e-01
95 8.402840e-01 1.130800e-02 1.484080e-01
96 8.384280e-01 1.113600e-02 1.504360e-01
97 8.365800e-01 1.106400e-02 1.523560e-01
98 8.347880e-01 1.096400e-02 1.542480e-01
99 8.329640e-01 1.098800e-02 1.560480e-01
100 8.312080e-01 1.089600e-02 1.578960e-01
101 8.294120e-01 1.070400e-02 1.598840e-01
102 8.276760e-01 1.040400e-02 1.619200e-01
103 8.259800e-01 1.029600e-02 1.637240e-01
104 8.243440e-01 9.996000e-03 1.656600e-01
105 8.227120e-01 1.005200e-02 1.672360e-01
106 8.208720e-01 1.016400e-02 1.689640e-01
107 8.191080e-01 1.014400e-02 1.707480e-01
108 8.172720e-01 1.010800e-02 1.726200e-01
109 8.154480e-01 1.018400e-02 1.743680e-01
110 8.138240e-01 1.002000e-02 1.761560e-01
111 8.123320e-01 9.684000e-03 1.779840e-01
112 8.107480e-01 9.676000e-03 1.795760e-01
113 8.090840e-01 9.636000e-03 1.812800e-01
114 8.076280e-01 9.360000e-03 1.830120e-01
115 8.059640e-01 9.384000e-03 1.846520e-01
116 8.044000e-01 9.292000e-03 1.863080e-01
117 8.026840e-01 9.280000e-03 1.880360e-01
118 8.012200e-01 9.056000e-03 1.897240e-01
119 7.996360e-01 8.964000e-03 1.914000e-01
120 7.983680e-01 8.600000e-03 1.930320e-01
121 7.967840e-01 8.716000e-03 1.945000e-01
122 7.953240e-01 8.604000e-03 1.960720e-01
123 7.938760e-01 8.552000e-03 1.975720e-01
124 7.924080e-01 8.520000e-03 1.990720e-01
125 7.910240e-01 8.460000e-03 2.005160e-01
126 7.895360e-01 8.560000e-03 2.019040e-01
127 7.881800e-01 8.384000e-03 2.034360e-01
128 7.869200e-01 8.132000e-03 2.049480e-01
129 7.855800e-01 8.060000e-03 2.063600e-01
130 7.842360e-01 7.872000e-03 2.078920e-01
131 7.827520e-01 7.928000e-03 2.093200e-01
132 7.813520e-01 8.068000e-03 2.105800e-01
133 7.799600e-01 7.976000e-03 2.120640e-01
134 7.786160e-01 7.916000e-03 2.134680e-01
135 7.773080e-01 7.696000e-03 2.149960e-01
136 7.760240e-01 7.588000e-03 2.163880e-01
137 7.747280e-01 7.596000e-03 2.176760e-01
138 7.735280e-01 7.388000e-03 2.190840e-01
139 7.721720e-01 7.528000e-03 2.203000e-01
140 7.708280e-01 7.548000e-03 2.216240e-01
141 7.694680e-01 7.564000e-03 2.229680e-01
142 7.680440e-01 7.644000e-03 2.243120e-01
143 7.666080e-01 7.752000e-03 2.256400e-01
144 7.651800e-01 7.972000e-03 2.268480e-01
145 7.638920e-01 7.792000e-03 2.283160e-01
146 7.626400e-01 7.692000e-03 2.296680e-01
147 7.613840e-01 7.548000e-03 2.310680e-01
148 7.599840e-01 7.712000e-03 2.323040e-01
149 7.585920e-01 7.772000e-03 2.336360e-01
150 7.574120e-01 7.532000e-03 2.350560e-01
151 7.560920e-01 7.512000e-03 2.363960e-01
152 7.547360e-01 7.632000e-03 2.376320e-01
153 7.534880e-01 7.532000e-03 2.389800e-01
154 7.521680e-01 7.560000e-03 2.402720e-01
155 7.509760e-01 7.400000e-03 2.416240e-01
156 7.496800e-01 7.372000e-03 2.429480e-01
157 7.484240e-01 7.312000e-03 2.442640e-01
158 7.471000e-01 7.340000e-03 2.455600e-01
159 7.457080e-01 7.376000e-03 2.469160e-01
160 7.445840e-01 7.212000e-03 2.482040e-01
161 7.434040e-01 7.108000e-03 2.494880e-01
162 7.421760e-01 7.032000e-03 2.507920e-01
163 7.410120e-01 6.844000e-03 2.521440e-01
164 7.399360e-01 6.628000e-03 2.534360e-01
165 7.388120e-01 6.636000e-03 2.545520e-01
166 7.379040e-01 6.376000e-03 2.557200e-01
167 7.369640e-01 6.120000e-03 2.569160e-01
168 7.359240e-01 6.168000e-03 2.579080e-01
169 7.349400e-01 6.000000e-03 2.590600e-01
170 7.340480e-01 5.720000e-03 2.602320e-01
171 7.330400e-01 5.720000e-03 2.612400e-01
172 7.320600e-01 5.716000e-03 2.622240e-01
173 7.310880e-01 5.768000e-03 2.631440e-01
174 7.300680e-01 5.756000e-03 2.641760e-01
175 7.289920e-01 5.932000e-03 2.650760e-01
176 7.280480e-01 5.876000e-03 2.660760e-01
177 7.269960e-01 5.888000e-03 2.671160e-01
178 7.259880e-01 5.832000e-03 2.681800e-01
179 7.249000e-01 5.924000e-03 2.691760e-01
180 7.238680e-01 5.976000e-03 2.701560e-01
181 7.229080e-01 5.944000e-03 2.711480e-01
182 7.218000e-01 6.104000e-03 2.720960e-01
183 7.207000e-01 6.156000e-03 2.731440e-01
184 7.195920e-01 6.228000e-03 2.741800e-01
185 7.185920e-01 6.112000e-03 2.752960e-01
186 7.174760e-01 6.204000e-03 2.763200e-01
187 7.162960e-01 6.300000e-03 2.774040e-01
188 7.152120e-01 6.308000e-03 2.784800e-01
189 7.141640e-01 6.140000e-03 2.796960e-01
190 7.130400e-01 6.268000e-03 2.806920e-01
191 7.119560e-01 6.276000e-03 2.817680e-01
192 7.109240e-01 6.212000e-03 2.828640e-01
193 7.098720e-01 6.184000e-03 2.839440e-01
194 7.089760e-01 6.120000e-03 2.849040e-01
195 7.079480e-01 6.224000e-03 2.858280e-01
196 7.069800e-01 6.120000e-03 2.869000e-01
197 7.060080e-01 6.000000e-03 2.879920e-01
198 7.050000e-01 6.008000e-03 2.889920e-01
199 7.039320e-01 5.928000e-03 2.901400e-01
200 7.029960e-01 5.884000e-03 2.911200e-01
201 7.021400e-01 5.728000e-03 2.921320e-01
202 7.012760e-01 5.580000e-03 2.931440e-01
203 7.003960e-01 5.476000e-03 2.941280e-01
204 6.995800e-01 5.348000e-03 2.950720e-01
205 6.986840e-01 5.288000e-03 2.960280e-01
206 6.977640e-01 5.352000e-03 2.968840e-01
207 6.968960e-01 5.304000e-03 2.978000e-01
208 6.962840e-01 5.024000e-03 2.986920e-01
209 6.956160e-01 4.828000e-03 2.995560e-01
210 6.949440e-01 4.632000e-03 3.004240e-01
211 6.942680e-01 4.504000e-03 3.012280e-01
212 6.934680e-01 4.380000e-03 3.021520e-01
213 6.927000e-01 4.476000e-03 3.028240e-01
214 6.918720e-01 4.568000e-03 3.035600e-01
215 6.909840e-01 4.648000e-03 3.043680e-01
216 6.901200e-01 4.696000e-03 3.051840e-01
217 6.893520e-01 4.620000e-03 3.060280e-01
218 6.885400e-01 4.608000e-03 3.068520e-01
219 6.877200e-01 4.632000e-03 3.076480e-01
220 6.869720e-01 4.532000e-03 3.084960e-01
221 6.862440e-01 4.508000e-03 3.092480e-01
222 6.854640e-01 4.500000e-03 3.100360e-01
223 6.846800e-01 4.556000e-03 3.107640e-01
224 6.838680e-01 4.584000e-03 3.115480e-01
225 6.829800e-01 4.656000e-03 3.123640e-01
226 6.820720e-01 4.748000e-03 3.131800e-01
227 6.812160e-01 4.864000e-03 3.139200e-01
228 6.803240e-01 4.944000e-03 3.147320e-01
229 6.793920e-01 5.008000e-03 3.156000e-01
230 6.785160e-01 5.000000e-03 3.164840e-01
231 6.776960e-01 4.864000e-03 3.174400e-01
232 6.768400e-01 4.900000e-03 3.182600e-01
233 6.761480e-01 4.772000e-03 3.190800e-01
234 6.752520e-01 4.796000e-03 3.199520e-01
235 6.744000e-01 4.812000e-03 3.207880e-01
236 6.736160e-01 4.756000e-03 3.216280e-01
237 6.727960e-01 4.792000e-03 3.224120e-01
238 6.719440e-01 4.824000e-03 3.232320e-01
239 6.711040e-01 4.752000e-03 3.241440e-01
240 6.703720e-01 4.732000e-03 3.248960e-01
241 6.694960e-01 4.724000e-03 3.257800e-01
242 6.686360e-01 4.760000e-03 3.266040e-01
243 6.678560e-01 4.756000e-03 3.273880e-01
244 6.670760e-01 4.708000e-03 3.282160e-01
245 6.663120e-01 4.628000e-03 3.290600e-01
246 6.655560e-01 4.632000e-03 3.298120e-01
247 6.648040e-01 4.576000e-03 3.306200e-01
248 6.642320e-01 4.452000e-03 3.313160e-01
249 6.635240e-01 4.444000e-03 3.320320e-01
250 6.628000e-01 4.408000e-03 3.327920e-01
251 6.621680e-01 4.264000e-03 3.335680e-01
252 6.614720e-01 4.176000e-03 3.343520e-01
253 6.608120e-01 4.080000e-03 3.351080e-01
254 6.602920e-01 3.860000e-03 3.358480e-01
255 6.596440e-01 3.736000e-03 3.366200e-01
256 6.590600e-01 3.768000e-03 3.371720e-01
257 6.583680e-01 3.820000e-03 3.378120e-01
258 6.577480e-01 3.788000e-03 3.384640e-01
259 6.571160e-01 3.820000e-03 3.390640e-01
260 6.565400e-01 3.732000e-03 3.397280e-01
261 6.559360e-01 3.720000e-03 3.403440e-01
262 6.553520e-01 3.620000e-03 3.410280e-01
263 6.547320e-01 3.660000e-03 3.416080e-01
264 6.541800e-01 3.532000e-03 3.422880e-01
265 6.536240e-01 3.492000e-03 3.428840e-01
266 6.530040e-01 3.536000e-03 3.434600e-01
267 6.523880e-01 3.544000e-03 3.440680e-01
268 6.517400e-01 3.544000e-03 3.447160e-01
269 6.510360e-01 3.620000e-03 3.453440e-01
270 6.505000e-01 3.488000e-03 3.460120e-01
271 6.498680e-01 3.448000e-03 3.466840e-01
272 6.492320e-01 3.476000e-03 3.472920e-01
273 6.487200e-01 3.364000e-03 3.479160e-01
274 6.481040e-01 3.392000e-03 3.485040e-01
275 6.475760e-01 3.292000e-03 3.491320e-01
276 6.470360e-01 3.272000e-03 3.496920e-01
277 6.464840e-01 3.196000e-03 3.503200e-01
278 6.458760e-01 3.256000e-03 3.508680e-01
279 6.453640e-01 3.100000e-03 3.515360e-01
280 6.447680e-01 3.136000e-03 3.520960e-01
281 6.441920e-01 3.164000e-03 3.526440e-01
282 6.435040e-01 3.300000e-03 3.531960e-01
283 6.428200e-01 3.356000e-03 3.538240e-01
284 6.421640e-01 3.484000e-03 3.543520e-01
285 6.415360e-01 3.512000e-03 3.549520e-01
286 6.409000e-01 3.552000e-03 3.555480e-01
287 6.403160e-01 3.484000e-03 3.562000e-01
288 6.396480e-01 3.564000e-03 3.567880e-01
289 6.389400e-01 3.640000e-03 3.574200e-01
290 6.380960e-01 3.816000e-03 3.580880e-01
291 6.374840e-01 3.728000e-03 3.587880e-01
292 6.367640e-01 3.900000e-03 3.593360e-01
293 6.360600e-01 3.856000e-03 3.600840e-01
294 6.354040e-01 3.812000e-03 3.607840e-01
295 6.347200e-01 3.868000e-03 3.614120e-01
296 6.339120e-01 3.960000e-03 3.621280e-01
297 6.332960e-01 3.808000e-03 3.628960e-01
298 6.325120e-01 3.976000e-03 3.635120e-01
299 6.318720e-01 3.908000e-03 3.642200e-01
300 6.312440e-01 3.832000e-03 3.649240e-01
301 6.305600e-01 3.892000e-03 3.655480e-01
302 6.298440e-01 3.864000e-03 3.662920e-01
303 6.291520e-01 3.808000e-03 3.670400e-01
304 6.283240e-01 3.916000e-03 3.677600e-01
305 6.276600e-01 3.888000e-03 3.684520e-01
306 6.270000e-01 3.880000e-03 3.691200e-01
307 6.263480e-01 3.820000e-03 3.698320e-01
308 6.256800e-01 3.844000e-03 3.704760e-01
309 6.249880e-01 3.856000e-03 3.711560e-01
310 6.244400e-01 3.712000e-03 3.718480e-01
311 6.238360e-01 3.808000e-03 3.723560e-01
312 6.233360e-01 3.616000e-03 3.730480e-01
313 6.228360e-01 3.488000e-03 3.736760e-01
314 6.222720e-01 3.444000e-03 3.742840e-01
315 6.217880e-01 3.304000e-03 3.749080e-01
316 6.212880e-01 3.244000e-03 3.754680e-01
317 6.206600e-01 3.316000e-03 3.760240e-01
318 6.199720e-01 3.464000e-03 3.765640e-01
319 6.194200e-01 3.388000e-03 3.771920e-01
320 6.188960e-01 3.348000e-03 3.777560e-01
321 6.183440e-01 3.280000e-03 3.783760e-01
322 6.178080e-01 3.240000e-03 3.789520e-01
323 6.172720e-01 3.264000e-03 3.794640e-01
324 6.167640e-01 3.252000e-03 3.799840e-01
325 6.162680e-01 3.136000e-03 3.805960e-01
326 6.157080e-01 3.132000e-03 3.811600e-01
327 6.150880e-01 3.172000e-03 3.817400e-01
328 6.145320e-01 3.248000e-03 3.822200e-01
329 6.139560e-01 3.232000e-03 3.828120e-01
330 6.133880e-01 3.224000e-03 3.833880e-01
331 6.128000e-01 3.244000e-03 3.839560e-01
332 6.122440e-01 3.260000e-03 3.844960e-01
333 6.116480e-01 3.276000e-03 3.850760e-01
334 6.110200e-01 3.268000e-03 3.857120e-01
335 6.104480e-01 3.228000e-03 3.863240e-01
336 6.098920e-01 3.284000e-03 3.868240e-01
337 6.092960e-01 3.244000e-03 3.874600e-01
338 6.087640e-01 3.200000e-03 3.880360e-01
339 6.083240e-01 3.052000e-03 3.886240e-01
340 6.079000e-01 2.948000e-03 3.891520e-01
341 6.074400e-01 2.892000e-03 3.896680e-01
342 6.069680e-01 2.892000e-03 3.901400e-01
343 6.064800e-01 2.876000e-03 3.906440e-01
344 6.060200e-01 2.820000e-03 3.911600e-01
345 6.055000e-01 2.836000e-03 3.916640e-01
346 6.049320e-01 2.948000e-03 3.921200e-01
347 6.043760e-01 2.984000e-03 3.926400e-01
348 6.038920e-01 2.984000e-03 3.931240e-01
349 6.032920e-01 3.104000e-03 3.936040e-01
350 6.027720e-01 3.060000e-03 3.941680e-01
351 6.023240e-01 2.884000e-03 3.947920e-01
352 6.019000e-01 2.844000e-03 3.952560e-01
353 6.014120e-01 2.828000e-03 3.957600e-01
354 6.009000e-01 2.948000e-03 3.961520e-01
355 6.003920e-01 2.900000e-03 3.967080e-01
356 5.997880e-01 3.060000e-03 3.971520e-01
357 5.992480e-01 3.064000e-03 3.976880e-01
358 5.986440e-01 3.156000e-03 3.982000e-01
359 5.980880e-01 3.188000e-03 3.987240e-01
360 5.975400e-01 3.180000e-03 3.992800e-01
361 5.969560e-01 3.244000e-03 3.998000e-01
362 5.964040e-01 3.196000e-03 4.004000e-01
363 5.959160e-01 3.160000e-03 4.009240e-01
364 5.954560e-01 3.000000e-03 4.015440e-01
365 5.950320e-01 2.892000e-03 4.020760e-01
366 5.945760e-01 2.824000e-03 4.026000e-01
367 5.941440e-01 2.808000e-03 4.030480e-01
368 5.937040e-01 2.720000e-03 4.035760e-01
369 5.932880e-01 2.608000e-03 4.041040e-01
370 5.928640e-01 2.572000e-03 4.045640e-01
371 5.924400e-01 2.584000e-03 4.049760e-01
372 5.919920e-01 2.628000e-03 4.053800e-01
373 5.915320e-01 2.644000e-03 4.058240e-01
374 5.910640e-01 2.644000e-03 4.062920e-01
375 5.905640e-01 2.668000e-03 4.067680e-01
376 5.901640e-01 2.640000e-03 4.071960e-01
377 5.897040e-01 2.660000e-03 4.076360e-01
378 5.892640e-01 2.664000e-03 4.080720e-01
379 5.888080e-01 2.572000e-03 4.086200e-01
380 5.883880e-01 2.592000e-03 4.090200e-01
381 5.879080e-01 2.656000e-03 4.094360e-01
382 5.874760e-01 2.648000e-03 4.098760e-01
383 5.870080e-01 2.668000e-03 4.103240e-01
384 5.865840e-01 2.616000e-03 4.108000e-01
385 5.861680e-01 2.632000e-03 4.112000e-01
386 5.857200e-01 2.648000e-03 4.116320e-01
387 5.852560e-01 2.636000e-03 4.121080e-01
388 5.848040e-01 2.684000e-03 4.125120e-01
389 5.844240e-01 2.572000e-03 4.130040e-01
390 5.840280e-01 2.472000e-03 4.135000e-01
391 5.836520e-01 2.452000e-03 4.138960e-01
392 5.832680e-01 2.452000e-03 4.142800e-01
393 5.828680e-01 2.440000e-03 4.146920e-01
394 5.825000e-01 2.408000e-03 4.150920e-01
395 5.821680e-01 2.320000e-03 4.155120e-01
396 5.818000e-01 2.268000e-03 4.159320e-01
397 5.814080e-01 2.328000e-03 4.162640e-01
398 5.809680e-01 2.364000e-03 4.166680e-01
399 5.806280e-01 2.348000e-03 4.170240e-01
400 5.803240e-01 2.224000e-03 4.174520e-01
401 5.799520e-01 2.200000e-03 4.178480e-01
402 5.795800e-01 2.236000e-03 4.181840e-01
403 5.792360e-01 2.280000e-03 4.184840e-01
404 5.788520e-01 2.256000e-03 4.188920e-01
405 5.784160e-01 2.284000e-03 4.193000e-01
406 5.780240e-01 2.284000e-03 4.196920e-01
407 5.776680e-01 2.244000e-03 4.200880e-01
408 5.773040e-01 2.220000e-03 4.204760e-01
409 5.769520e-01 2.160000e-03 4.208880e-01
410 5.766440e-01 2.080000e-03 4.212760e-01
411 5.763400e-01 1.984000e-03 4.216760e-01
412 5.760040e-01 1.936000e-03 4.220600e-01
413 5.757160e-01 1.928000e-03 4.223560e-01
414 5.754360e-01 1.860000e-03 4.227040e-01
415 5.752200e-01 1.788000e-03 4.229920e-01
416 5.749400e-01 1.748000e-03 4.233120e-01
417 5.747080e-01 1.732000e-03 4.235600e-01
418 5.744560e-01 1.644000e-03 4.239000e-01
419 5.742280e-01 1.592000e-03 4.241800e-01
420 5.740080e-01 1.532000e-03 4.244600e-01
421 5.736960e-01 1.588000e-03 4.247160e-01
422 5.733680e-01 1.704000e-03 4.249280e-01
423 5.730320e-01 1.708000e-03 4.252600e-01
424 5.727760e-01 1.656000e-03 4.255680e-01
425 5.724840e-01 1.576000e-03 4.259400e-01
426 5.721720e-01 1.592000e-03 4.262360e-01
427 5.719160e-01 1.544000e-03 4.265400e-01
428 5.715960e-01 1.576000e-03 4.268280e-01
429 5.712880e-01 1.624000e-03 4.270880e-01
430 5.709440e-01 1.732000e-03 4.273240e-01
431 5.706280e-01 1.760000e-03 4.276120e-01
432 5.703600e-01 1.704000e-03 4.279360e-01
433 5.700600e-01 1.696000e-03 4.282440e-01
434 5.698080e-01 1.588000e-03 4.286040e-01
435 5.695080e-01 1.608000e-03 4.288840e-01
436 5.692440e-01 1.596000e-03 4.291600e-01
437 5.689680e-01 1.588000e-03 4.294440e-01
438 5.687280e-01 1.572000e-03 4.297000e-01
439 5.686040e-01 1.432000e-03 4.299640e-01
440 5.684080e-01 1.372000e-03 4.302200e-01
441 5.682040e-01 1.356000e-03 4.304400e-01
442 5.680600e-01 1.244000e-03 4.306960e-01
443 5.678720e-01 1.172000e-03 4.309560e-01
444 5.677120e-01 1.136000e-03 4.311520e-01
445 5.675440e-01 1.144000e-03 4.313120e-01
446 5.673880e-01 1.120000e-03 4.314920e-01
447 5.672040e-01 1.108000e-03 4.316880e-01
448 5.670440e-01 9.800000e-04 4.319760e-01
449 5.668800e-01 9.720000e-04 4.321480e-01
450 5.667800e-01 9.360000e-04 4.322840e-01
451 5.666280e-01 9.400000e-04 4.324320e-01
452 5.664880e-01 9.160000e-04 4.325960e-01
453 5.663480e-01 8.520000e-04 4.328000e-01
454 5.661960e-01 8.440000e-04 4.329600e-01
455 5.660520e-01 8.240000e-04 4.331240e-01
456 5.659640e-01 7.680000e-04 4.332680e-01
457 5.658280e-01 7.880000e-04 4.333840e-01
458 5.657400e-01 7.560000e-04 4.335040e-01
459 5.656560e-01 7.000000e-04 4.336440e-01
460 5.655560e-01 7.000000e-04 4.337440e-01
461 5.654720e-01 6.520000e-04 4.338760e-01
462 5.653760e-01 6.400000e-04 4.339840e-01
463 5.652760e-01 6.240000e-04 4.341000e-01
464 5.651760e-01 6.280000e-04 4.341960e-01
465 5.650600e-01 6.280000e-04 4.343120e-01
466 5.649280e-01 6.680000e-04 4.344040e-01
467 5.647960e-01 7.240000e-04 4.344800e-01
468 5.646480e-01 7.440000e-04 4.346080e-01
469 5.644840e-01 7.640000e-04 4.347520e-01
470 5.643720e-01 7.440000e-04 4.348840e-01
471 5.642160e-01 7.800000e-04 4.350040e-01
472 5.640440e-01 8.040000e-04 4.351520e-01
473 5.638880e-01 8.480000e-04 4.352640e-01
474 5.637800e-01 8.320000e-04 4.353880e-01
475 5.636400e-01 8.400000e-04 4.355200e-01
476 5.635440e-01 8.080000e-04 4.356480e-01
477 5.634040e-01 7.960000e-04 4.358000e-01
478 5.632840e-01 7.480000e-04 4.359680e-01
479 5.631320e-01 7.480000e-04 4.361200e-01
480 5.629920e-01 7.520000e-04 4.362560e-01
481 5.628680e-01 7.440000e-04 4.363880e-01
482 5.627360e-01 7.480000e-04 4.365160e-01
483 5.626240e-01 7.000000e-04 4.366760e-01
484 5.625320e-01 6.720000e-04 4.367960e-01
485 5.624520e-01 6.000000e-04 4.369480e-01
486 5.623800e-01 5.640000e-04 4.370560e-01
487 5.623120e-01 5.520000e-04 4.371360e-01
488 5.622720e-01 4.800000e-04 4.372480e-01
489 5.622080e-01 4.560000e-04 4.373360e-01
490 5.621600e-01 4.240000e-04 4.374160e-01
491 5.621200e-01 3.880000e-04 4.374920e-01
492 5.620880e-01 3.560000e-04 4.375560e-01
493 5.620400e-01 3.520000e-04 4.376080e-01
494 5.619880e-01 3.440000e-04 4.376680e-01
495 5.619560e-01 3.200000e-04 4.377240e-01
496 5.619120e-01 3.160000e-04 4.377720e-01
497 5.618640e-01 3.160000e-04 4.378200e-01
498 5.618160e-01 3.000000e-04 4.378840e-01
499 5.617840e-01 2.640000e-04 4.379520e-01
500 5.617440e-01 2.560000e-04 4.380000e-01
