1 9.992480e-01 6.440000e-04 1.080000e-04
2 9.987400e-01 9.880000e-04 2.720000e-04
3 9.981560e-01 1.348000e-03 4.960000e-04
4 9.974240e-01 1.864000e-03 7.120000e-04
5 9.966200e-01 2.324000e-03 1.056000e-03
6 9.957680e-01 2.736000e-03 1.496000e-03
7 9.948400e-01 3.092000e-03 2.068000e-03
8 9.937840e-01 3.588000e-03 2.628000e-03
9 9.927600e-01 3.988000e-03 3.252000e-03
10 9.915680e-01 4.412000e-03 4.020000e-03
11 9.904280e-01 4.840000e-03 4.732000e-03
12 9.892760e-01 5.192000e-03 5.532000e-03
13 9.879440e-01 5.648000e-03 6.408000e-03
14 9.867240e-01 5.776000e-03 7.500000e-03
15 9.854200e-01 6.064000e-03 8.516000e-03
16 9.839080e-01 6.500000e-03 9.592000e-03
17 9.824440e-01 6.776000e-03 1.078000e-02
18 9.809520e-01 7.184000e-03 1.186400e-02
19 9.793560e-01 7.404000e-03 1.324000e-02
20 9.780000e-01 7.440000e-03 1.456000e-02
21 9.766040e-01 7.520000e-03 1.587600e-02
22 9.752960e-01 7.408000e-03 1.729600e-02
23 9.740040e-01 7.380000e-03 1.861600e-02
24 9.726520e-01 7.304000e-03 2.004400e-02
25 9.713680e-01 7.192000e-03 2.144000e-02
26 9.698840e-01 7.304000e-03 2.281200e-02
27 9.684080e-01 7.484000e-03 2.410800e-02
28 9.669480e-01 7.656000e-03 2.539600e-02
29 9.653280e-01 8.008000e-03 2.666400e-02
30 9.638160e-01 8.128000e-03 2.805600e-02
31 9.623560e-01 8.152000e-03 2.949200e-02
32 9.607840e-01 8.376000e-03 3.084000e-02
33 9.593240e-01 8.376000e-03 3.230000e-02
34 9.579080e-01 8.284000e-03 3.380800e-02
35 9.563200e-01 8.580000e-03 3.510000e-02
36 9.548640e-01 8.568000e-03 3.656800e-02
37 9.533160e-01 8.568000e-03 3.811600e-02
38 9.518640e-01 8.512000e-03 3.962400e-02
39 9.502200e-01 8.604000e-03 4.117600e-02
40 9.485000e-01 8.824000e-03 4.267600e-02
41 9.468160e-01 9.156000e-03 4.402800e-02
42 9.449200e-01 9.460000e-03 4.562000e-02
43 9.431040e-01 9.564000e-03 4.733200e-02
44 9.411960e-01 9.688000e-03 4.911600e-02
45 9.394120e-01 9.756000e-03 5.083200e-02
46 9.374080e-01 1.007600e-02 5.251600e-02
47 9.355080e-01 1.016000e-02 5.433200e-02
48 9.337520e-01 1.021600e-02 5.603200e-02
49 9.319240e-01 1.031200e-02 5.776400e-02
50 9.299840e-01 1.036400e-02 5.965200e-02
51 9.281440e-01 1.030000e-02 6.155600e-02
52 9.262600e-01 1.039200e-02 6.334800e-02
53 9.244400e-01 1.025200e-02 6.530800e-02
54 9.226840e-01 1.011600e-02 6.720000e-02
55 9.210120e-01 1.004400e-02 6.894400e-02
56 9.193560e-01 9.948000e-03 7.069600e-02
57 9.176080e-01 1.008400e-02 7.230800e-02
58 9.158360e-01 1.001600e-02 7.414800e-02
59 9.141960e-01 9.872000e-03 7.593200e-02
60 9.123880e-01 9.928000e-03 7.768400e-02
61 9.106000e-01 9.896000e-03 7.950400e-02
62 9.089120e-01 9.888000e-03 8.120000e-02
63 9.071760e-01 9.848000e-03 8.297600e-02
64 9.055320e-01 9.740000e-03 8.472800e-02
65 9.039040e-01 9.680000e-03 8.641600e-02
66 9.021760e-01 9.812000e-03 8.801200e-02
67 9.005240e-01 9.800000e-03 8.967600e-02
68 8.988160e-01 9.904000e-03 9.128000e-02
69 8.972000e-01 9.812000e-03 9.298800e-02
70 8.955120e-01 9.764000e-03 9.472400e-02
71 8.939280e-01 9.716000e-03 9.635600e-02
72 8.923360e-01 9.540000e-03 9.812400e-02
73 8.904600e-01 9.764000e-03 9.977600e-02
74 8.887920e-01 9.600000e-03 1.016080e-01
75 8.871160e-01 9.584000e-03 1.033000e-01
76 8.856120e-01 9.280000e-03 1.051080e-01
77 8.840040e-01 9.264000e-03 1.067320e-01
78 8.823160e-01 9.284000e-03 1.084000e-01
79 8.804840e-01 9.464000e-03 1.100520e-01
80 8.786720e-01 9.684000e-03 1.116440e-01
81 8.768160e-01 9.876000e-03 1.133080e-01
82 8.750920e-01 9.828000e-03 1.150800e-01
83 8.733480e-01 9.912000e-03 1.167400e-01
84 8.716400e-01 9.844000e-03 1.185160e-01
85 8.698640e-01 9.872000e-03 1.202640e-01
86 8.682480e-01 9.808000e-03 1.219440e-01
87 8.664400e-01 9.880000e-03 1.236800e-01
88 8.645840e-01 1.005600e-02 1.253600e-01
89 8.627040e-01 1.023200e-02 1.270640e-01
90 8.609880e-01 1.010800e-02 1.289040e-01
91 8.591080e-01 1.034000e-02 1.305520e-01
92 8.573320e-01 1.029200e-02 1.323760e-01
93 8.556000e-01 1.019200e-02 1.342080e-01
94 8.538400e-01 1.024000e-02 1.359200e-01
95 8.520000e-01 1.031200e-02 1.376880e-01
96 8.504520e-01 1.004000e-02 1.395080e-01
97 8.486760e-01 9.984000e-03 1.413400e-01
98 8.469240e-01 1.010800e-02 1.429680e-01
99 8.452240e-01 9.984000e-03 1.447920e-01
100 8.434080e-01 1.006000e-02 1.465320e-01
101 8.416640e-01 1.012000e-02 1.482160e-01
102 8.398600e-01 1.012400e-02 1.500160e-01
103 8.380560e-01 1.026800e-02 1.516760e-01
104 8.361560e-01 1.029600e-02 1.535480e-01
105 8.343920e-01 1.028000e-02 1.553280e-01
106 8.323600e-01 1.044400e-02 1.571960e-01
107 8.306400e-01 1.026800e-02 1.590920e-01
108 8.288000e-01 1.035600e-02 1.608440e-01
109 8.272120e-01 1.023200e-02 1.625560e-01
110 8.253080e-01 1.036000e-02 1.643320e-01
111 8.236040e-01 1.020000e-02 1.661960e-01
112 8.218720e-01 1.008400e-02 1.680440e-01
113 8.199920e-01 1.024400e-02 1.697640e-01
114 8.181640e-01 1.018800e-02 1.716480e-01
115 8.164320e-01 1.024000e-02 1.733280e-01
116 8.148240e-01 1.024800e-02 1.749280e-01
117 8.130640e-01 1.024800e-02 1.766880e-01
118 8.114600e-01 1.010400e-02 1.784360e-01
119 8.097200e-01 1.019200e-02 1.800880e-01
120 8.080040e-01 1.016400e-02 1.818320e-01
121 8.062200e-01 1.028400e-02 1.834960e-01
122 8.044480e-01 1.012400e-02 1.854280e-01
123 8.026440e-01 1.003200e-02 1.873240e-01
124 8.010040e-01 9.892000e-03 1.891040e-01
125 7.993760e-01 9.848000e-03 1.907760e-01
126 7.976280e-01 9.916000e-03 1.924560e-01
127 7.957280e-01 1.006400e-02 1.942080e-01
128 7.939520e-01 1.010400e-02 1.959440e-01
129 7.920760e-01 1.034000e-02 1.975840e-01
130 7.903320e-01 1.033600e-02 1.993320e-01
131 7.889280e-01 1.007200e-02 2.010000e-01
132 7.873160e-01 9.980000e-03 2.027040e-01
133 7.857440e-01 9.956000e-03 2.043000e-01
134 7.841560e-01 9.760000e-03 2.060840e-01
135 7.823720e-01 9.848000e-03 2.077800e-01
136 7.808280e-01 9.768000e-03 2.094040e-01
137 7.793560e-01 9.504000e-03 2.111400e-01
138 7.779000e-01 9.264000e-03 2.128360e-01
139 7.763600e-01 9.224000e-03 2.144160e-01
140 7.748760e-01 9.184000e-03 2.159400e-01
141 7.734360e-01 8.968000e-03 2.175960e-01
142 7.719360e-01 8.888000e-03 2.191760e-01
143 7.705600e-01 8.752000e-03 2.206880e-01
144 7.690320e-01 8.736000e-03 2.222320e-01
145 7.674920e-01 8.792000e-03 2.237160e-01
146 7.660480e-01 8.712000e-03 2.252400e-01
147 7.647560e-01 8.588000e-03 2.266560e-01
148 7.633080e-01 8.476000e-03 2.282160e-01
149 7.618960e-01 8.464000e-03 2.296400e-01
150 7.604840e-01 8.444000e-03 2.310720e-01
151 7.590400e-01 8.496000e-03 2.324640e-01
152 7.576560e-01 8.300000e-03 2.340440e-01
153 7.563320e-01 8.252000e-03 2.354160e-01
154 7.549760e-01 8.112000e-03 2.369120e-01
155 7.535360e-01 8.104000e-03 2.383600e-01
156 7.521080e-01 8.176000e-03 2.397160e-01
157 7.507000e-01 8.052000e-03 2.412480e-01
158 7.492480e-01 8.092000e-03 2.426600e-01
159 7.478720e-01 8.004000e-03 2.441240e-01
160 7.465440e-01 7.984000e-03 2.454720e-01
161 7.453440e-01 7.780000e-03 2.468760e-01
162 7.440440e-01 7.776000e-03 2.481800e-01
163 7.428600e-01 7.628000e-03 2.495120e-01
164 7.414360e-01 7.660000e-03 2.509040e-01
165 7.400080e-01 7.688000e-03 2.523040e-01
166 7.387120e-01 7.468000e-03 2.538200e-01
167 7.375800e-01 7.160000e-03 2.552600e-01
168 7.362440e-01 7.172000e-03 2.565840e-01
169 7.348840e-01 7.216000e-03 2.579000e-01
170 7.334000e-01 7.468000e-03 2.591320e-01
171 7.318840e-01 7.732000e-03 2.603840e-01
172 7.305360e-01 7.704000e-03 2.617600e-01
173 7.292360e-01 7.660000e-03 2.631040e-01
174 7.281880e-01 7.328000e-03 2.644840e-01
175 7.267920e-01 7.484000e-03 2.657240e-01
176 7.255800e-01 7.320000e-03 2.671000e-01
177 7.243400e-01 7.304000e-03 2.683560e-01
178 7.232080e-01 7.168000e-03 2.696240e-01
179 7.219400e-01 7.240000e-03 2.708200e-01
180 7.207880e-01 7.088000e-03 2.721240e-01
181 7.196760e-01 6.908000e-03 2.734160e-01
182 7.184960e-01 7.020000e-03 2.744840e-01
183 7.172400e-01 7.056000e-03 2.757040e-01
184 7.160360e-01 6.996000e-03 2.769680e-01
185 7.148280e-01 6.936000e-03 2.782360e-01
186 7.136320e-01 6.896000e-03 2.794720e-01
187 7.124600e-01 6.840000e-03 2.807000e-01
188 7.112440e-01 6.836000e-03 2.819200e-01
189 7.102000e-01 6.716000e-03 2.830840e-01
190 7.090600e-01 6.680000e-03 2.842600e-01
191 7.079240e-01 6.648000e-03 2.854280e-01
192 7.068840e-01 6.496000e-03 2.866200e-01
193 7.058680e-01 6.368000e-03 2.877640e-01
194 7.049360e-01 6.132000e-03 2.889320e-01
195 7.039640e-01 6.100000e-03 2.899360e-01
196 7.031480e-01 5.852000e-03 2.910000e-01
197 7.021680e-01 5.928000e-03 2.919040e-01
198 7.012400e-01 5.900000e-03 2.928600e-01
199 7.002160e-01 5.864000e-03 2.939200e-01
200 6.992360e-01 5.720000e-03 2.950440e-01
201 6.982600e-01 5.684000e-03 2.960560e-01
202 6.974040e-01 5.556000e-03 2.970400e-01
203 6.965080e-01 5.444000e-03 2.980480e-01
204 6.957360e-01 5.300000e-03 2.989640e-01
205 6.949360e-01 5.200000e-03 2.998640e-01
206 6.941320e-01 5.204000e-03 3.006640e-01
207 6.933160e-01 5.236000e-03 3.014480e-01
208 6.926360e-01 4.928000e-03 3.024360e-01
209 6.918560e-01 4.932000e-03 3.032120e-01
210 6.911440e-01 4.852000e-03 3.040040e-01
211 6.902560e-01 4.896000e-03 3.048480e-01
212 6.893840e-01 4.832000e-03 3.057840e-01
213 6.884640e-01 4.992000e-03 3.065440e-01
214 6.875360e-01 5.036000e-03 3.074280e-01
215 6.865240e-01 5.236000e-03 3.082400e-01
216 6.855920e-01 5.276000e-03 3.091320e-01
217 6.847000e-01 5.268000e-03 3.100320e-01
218 6.838440e-01 5.212000e-03 3.109440e-01
219 6.830040e-01 5.152000e-03 3.118440e-01
220 6.821080e-01 5.168000e-03 3.127240e-01
221 6.812000e-01 5.076000e-03 3.137240e-01
222 6.802600e-01 5.168000e-03 3.145720e-01
223 6.794120e-01 5.192000e-03 3.153960e-01
224 6.784920e-01 5.192000e-03 3.163160e-01
225 6.775200e-01 5.372000e-03 3.171080e-01
226 6.766960e-01 5.248000e-03 3.180560e-01
227 6.758680e-01 5.188000e-03 3.189440e-01
228 6.750840e-01 5.080000e-03 3.198360e-01
229 6.742800e-01 4.916000e-03 3.208040e-01
230 6.734840e-01 4.768000e-03 3.217480e-01
231 6.727640e-01 4.624000e-03 3.226120e-01
232 6.721160e-01 4.500000e-03 3.233840e-01
233 6.713920e-01 4.448000e-03 3.241600e-01
234 6.706400e-01 4.488000e-03 3.248720e-01
235 6.698400e-01 4.564000e-03 3.255960e-01
236 6.690120e-01 4.580000e-03 3.264080e-01
237 6.683560e-01 4.468000e-03 3.271760e-01
238 6.676560e-01 4.432000e-03 3.279120e-01
239 6.668400e-01 4.512000e-03 3.286480e-01
240 6.660800e-01 4.420000e-03 3.295000e-01
241 6.652600e-01 4.424000e-03 3.303160e-01
242 6.645080e-01 4.420000e-03 3.310720e-01
243 6.638440e-01 4.228000e-03 3.319280e-01
244 6.632560e-01 4.128000e-03 3.326160e-01
245 6.626120e-01 4.156000e-03 3.332320e-01
246 6.620680e-01 3.944000e-03 3.339880e-01
247 6.614720e-01 3.824000e-03 3.347040e-01
248 6.607680e-01 3.852000e-03 3.353800e-01
249 6.601280e-01 3.836000e-03 3.360360e-01
250 6.593080e-01 3.984000e-03 3.367080e-01
251 6.586240e-01 3.984000e-03 3.373920e-01
252 6.579040e-01 4.056000e-03 3.380400e-01
253 6.571720e-01 4.056000e-03 3.387720e-01
254 6.564440e-01 4.052000e-03 3.395040e-01
255 6.557360e-01 4.028000e-03 3.402360e-01
256 6.551080e-01 3.976000e-03 3.409160e-01
257 6.544640e-01 3.848000e-03 3.416880e-01
258 6.539240e-01 3.620000e-03 3.424560e-01
259 6.532720e-01 3.640000e-03 3.430880e-01
260 6.526240e-01 3.644000e-03 3.437320e-01
261 6.519800e-01 3.656000e-03 3.443640e-01
262 6.513960e-01 3.616000e-03 3.449880e-01
263 6.507120e-01 3.724000e-03 3.455640e-01
264 6.499480e-01 3.852000e-03 3.462000e-01
265 6.491880e-01 3.920000e-03 3.468920e-01
266 6.483360e-01 4.204000e-03 3.474600e-01
267 6.475600e-01 4.352000e-03 3.480880e-01
268 6.468000e-01 4.340000e-03 3.488600e-01
269 6.460640e-01 4.296000e-03 3.496400e-01
270 6.453560e-01 4.340000e-03 3.503040e-01
271 6.446120e-01 4.320000e-03 3.510680e-01
272 6.437880e-01 4.272000e-03 3.519400e-01
273 6.431480e-01 4.212000e-03 3.526400e-01
274 6.424200e-01 4.232000e-03 3.533480e-01
275 6.417840e-01 4.212000e-03 3.540040e-01
276 6.410520e-01 4.140000e-03 3.548080e-01
277 6.403960e-01 4.084000e-03 3.555200e-01
278 6.396000e-01 4.116000e-03 3.562840e-01
279 6.389840e-01 4.040000e-03 3.569760e-01
280 6.383160e-01 4.080000e-03 3.576040e-01
281 6.376960e-01 4.004000e-03 3.583000e-01
282 6.368520e-01 4.108000e-03 3.590400e-01
283 6.360960e-01 4.132000e-03 3.597720e-01
284 6.353200e-01 4.152000e-03 3.605280e-01
285 6.345840e-01 4.176000e-03 3.612400e-01
286 6.338520e-01 4.188000e-03 3.619600e-01
287 6.332000e-01 4.072000e-03 3.627280e-01
288 6.325720e-01 4.008000e-03 3.634200e-01
289 6.319920e-01 3.796000e-03 3.642120e-01
290 6.313320e-01 3.780000e-03 3.648880e-01
291 6.307240e-01 3.660000e-03 3.656160e-01
292 6.301920e-01 3.596000e-03 3.662120e-01
293 6.296360e-01 3.564000e-03 3.668000e-01
294 6.290160e-01 3.564000e-03 3.674200e-01
295 6.285360e-01 3.440000e-03 3.680240e-01
296 6.278280e-01 3.600000e-03 3.685720e-01
297 6.272040e-01 3.644000e-03 3.691520e-01
298 6.266520e-01 3.592000e-03 3.697560e-01
299 6.261240e-01 3.548000e-03 3.703280e-01
300 6.255560e-01 3.492000e-03 3.709520e-01
301 6.249680e-01 3.420000e-03 3.716120e-01
302 6.243640e-01 3.456000e-03 3.721800e-01
303 6.238000e-01 3.444000e-03 3.727560e-01
304 6.232600e-01 3.360000e-03 3.733800e-01
305 6.228120e-01 3.280000e-03 3.739080e-01
306 6.222960e-01 3.224000e-03 3.744800e-01
307 6.218480e-01 3.124000e-03 3.750280e-01
308 6.213640e-01 3.152000e-03 3.754840e-01
309 6.209080e-01 3.124000e-03 3.759680e-01
310 6.204320e-01 3.056000e-03 3.765120e-01
311 6.198280e-01 3.136000e-03 3.770360e-01
312 6.193160e-01 3.144000e-03 3.775400e-01
313 6.187840e-01 3.100000e-03 3.781160e-01
314 6.182760e-01 3.152000e-03 3.785720e-01
315 6.177240e-01 3.176000e-03 3.791000e-01
316 6.172040e-01 3.116000e-03 3.796800e-01
317 6.166680e-01 3.164000e-03 3.801680e-01
318 6.162360e-01 3.072000e-03 3.806920e-01
319 6.157840e-01 3.008000e-03 3.812080e-01
320 6.153680e-01 2.864000e-03 3.817680e-01
321 6.149560e-01 2.824000e-03 3.822200e-01
322 6.143800e-01 2.964000e-03 3.826560e-01
323 6.138440e-01 3.012000e-03 3.831440e-01
324 6.133640e-01 3.012000e-03 3.836240e-01
325 6.128680e-01 3.008000e-03 3.841240e-01
326 6.124120e-01 2.908000e-03 3.846800e-01
327 6.120000e-01 2.784000e-03 3.852160e-01
328 6.115520e-01 2.860000e-03 3.855880e-01
329 6.111200e-01 2.764000e-03 3.861160e-01
330 6.106120e-01 2.760000e-03 3.866280e-01
331 6.102320e-01 2.700000e-03 3.870680e-01
332 6.097880e-01 2.680000e-03 3.875320e-01
333 6.093240e-01 2.680000e-03 3.879960e-01
334 6.089600e-01 2.552000e-03 3.884880e-01
335 6.084880e-01 2.588000e-03 3.889240e-01
336 6.080800e-01 2.544000e-03 3.893760e-01
337 6.077080e-01 2.464000e-03 3.898280e-01
338 6.072640e-01 2.444000e-03 3.902920e-01
339 6.068120e-01 2.476000e-03 3.907120e-01
340 6.063640e-01 2.476000e-03 3.911600e-01
341 6.059800e-01 2.472000e-03 3.915480e-01
342 6.054560e-01 2.560000e-03 3.919840e-01
343 6.050080e-01 2.580000e-03 3.924120e-01
344 6.045720e-01 2.600000e-03 3.928280e-01
345 6.041080e-01 2.632000e-03 3.932600e-01
346 6.037040e-01 2.596000e-03 3.937000e-01
347 6.031840e-01 2.652000e-03 3.941640e-01
348 6.028160e-01 2.564000e-03 3.946200e-01
349 6.024400e-01 2.504000e-03 3.950560e-01
350 6.020920e-01 2.420000e-03 3.954880e-01
351 6.018080e-01 2.292000e-03 3.959000e-01
352 6.015000e-01 2.192000e-03 3.963080e-01
353 6.011280e-01 2.124000e-03 3.967480e-01
354 6.007840e-01 2.132000e-03 3.970840e-01
355 6.004320e-01 2.132000e-03 3.974360e-01
356 6.001920e-01 1.948000e-03 3.978600e-01
357 5.998840e-01 1.916000e-03 3.982000e-01
358 5.995640e-01 1.892000e-03 3.985440e-01
359 5.992880e-01 1.840000e-03 3.988720e-01
360 5.989800e-01 1.812000e-03 3.992080e-01
361 5.985960e-01 1.852000e-03 3.995520e-01
362 5.983120e-01 1.796000e-03 3.998920e-01
363 5.980480e-01 1.732000e-03 4.002200e-01
364 5.977120e-01 1.784000e-03 4.005040e-01
365 5.973840e-01 1.780000e-03 4.008360e-01
366 5.970520e-01 1.784000e-03 4.011640e-01
367 5.967360e-01 1.780000e-03 4.014840e-01
368 5.964320e-01 1.764000e-03 4.018040e-01
369 5.961520e-01 1.744000e-03 4.021040e-01
370 5.958600e-01 1.776000e-03 4.023640e-01
371 5.955840e-01 1.728000e-03 4.026880e-01
372 5.953040e-01 1.676000e-03 4.030200e-01
373 5.950640e-01 1.580000e-03 4.033560e-01
374 5.947920e-01 1.596000e-03 4.036120e-01
375 5.944880e-01 1.572000e-03 4.039400e-01
376 5.942120e-01 1.516000e-03 4.042720e-01
377 5.939480e-01 1.544000e-03 4.045080e-01
378 5.937200e-01 1.504000e-03 4.047760e-01
379 5.934640e-01 1.528000e-03 4.050080e-01
380 5.931360e-01 1.604000e-03 4.052600e-01
381 5.928440e-01 1.564000e-03 4.055920e-01
382 5.925480e-01 1.620000e-03 4.058320e-01
383 5.923240e-01 1.572000e-03 4.061040e-01
384 5.920400e-01 1.616000e-03 4.063440e-01
385 5.917720e-01 1.628000e-03 4.066000e-01
386 5.915560e-01 1.572000e-03 4.068720e-01
387 5.912960e-01 1.528000e-03 4.071760e-01
388 5.910560e-01 1.500000e-03 4.074440e-01
389 5.908720e-01 1.372000e-03 4.077560e-01
390 5.906200e-01 1.440000e-03 4.079400e-01
391 5.903880e-01 1.424000e-03 4.081880e-01
392 5.901280e-01 1.452000e-03 4.084200e-01
393 5.898360e-01 1.464000e-03 4.087000e-01
394 5.895360e-01 1.516000e-03 4.089480e-01
395 5.892200e-01 1.500000e-03 4.092800e-01
396 5.889480e-01 1.500000e-03 4.095520e-01
397 5.887320e-01 1.480000e-03 4.097880e-01
398 5.884720e-01 1.456000e-03 4.100720e-01
399 5.882280e-01 1.460000e-03 4.103120e-01
400 5.879360e-01 1.496000e-03 4.105680e-01
401 5.876240e-01 1.540000e-03 4.108360e-01
402 5.873760e-01 1.532000e-03 4.110920e-01
403 5.870720e-01 1.604000e-03 4.113240e-01
404 5.867880e-01 1.652000e-03 4.115600e-01
405 5.864600e-01 1.764000e-03 4.117760e-01
406 5.861400e-01 1.740000e-03 4.121200e-01
407 5.858040e-01 1.780000e-03 4.124160e-01
408 5.854800e-01 1.784000e-03 4.127360e-01
409 5.851160e-01 1.864000e-03 4.130200e-01
410 5.847360e-01 1.996000e-03 4.132680e-01
411 5.844400e-01 1.976000e-03 4.135840e-01
412 5.841240e-01 2.008000e-03 4.138680e-01
413 5.838200e-01 1.992000e-03 4.141880e-01
414 5.835040e-01 1.920000e-03 4.145760e-01
415 5.832360e-01 1.880000e-03 4.148840e-01
416 5.829880e-01 1.768000e-03 4.152440e-01
417 5.828000e-01 1.672000e-03 4.155280e-01
418 5.825520e-01 1.604000e-03 4.158440e-01
419 5.823440e-01 1.584000e-03 4.160720e-01
420 5.821000e-01 1.564000e-03 4.163360e-01
421 5.818760e-01 1.516000e-03 4.166080e-01
422 5.816160e-01 1.508000e-03 4.168760e-01
423 5.813000e-01 1.532000e-03 4.171680e-01
424 5.809720e-01 1.576000e-03 4.174520e-01
425 5.806600e-01 1.640000e-03 4.177000e-01
426 5.803760e-01 1.612000e-03 4.180120e-01
427 5.801560e-01 1.552000e-03 4.182920e-01
428 5.798880e-01 1.544000e-03 4.185680e-01
429 5.796360e-01 1.516000e-03 4.188480e-01
430 5.793840e-01 1.464000e-03 4.191520e-01
431 5.790560e-01 1.556000e-03 4.193880e-01
432 5.788160e-01 1.580000e-03 4.196040e-01
433 5.785400e-01 1.584000e-03 4.198760e-01
434 5.782360e-01 1.548000e-03 4.202160e-01
435 5.779760e-01 1.512000e-03 4.205120e-01
436 5.776960e-01 1.532000e-03 4.207720e-01
437 5.773760e-01 1.584000e-03 4.210400e-01
438 5.770560e-01 1.608000e-03 4.213360e-01
439 5.767960e-01 1.552000e-03 4.216520e-01
440 5.765400e-01 1.524000e-03 4.219360e-01
441 5.762800e-01 1.564000e-03 4.221560e-01
442 5.760280e-01 1.508000e-03 4.224640e-01
443 5.757600e-01 1.532000e-03 4.227080e-01
444 5.754960e-01 1.472000e-03 4.230320e-01
445 5.752960e-01 1.392000e-03 4.233120e-01
446 5.750800e-01 1.396000e-03 4.235240e-01
447 5.748280e-01 1.400000e-03 4.237720e-01
448 5.745640e-01 1.452000e-03 4.239840e-01
449 5.742640e-01 1.504000e-03 4.242320e-01
450 5.739600e-01 1.572000e-03 4.244680e-01
451 5.736160e-01 1.676000e-03 4.247080e-01
452 5.732720e-01 1.656000e-03 4.250720e-01
453 5.729840e-01 1.596000e-03 4.254200e-01
454 5.727440e-01 1.560000e-03 4.256960e-01
455 5.724520e-01 1.544000e-03 4.260040e-01
456 5.722320e-01 1.516000e-03 4.262520e-01
457 5.719640e-01 1.576000e-03 4.264600e-01
458 5.716200e-01 1.612000e-03 4.267680e-01
459 5.713000e-01 1.648000e-03 4.270520e-01
460 5.710200e-01 1.632000e-03 4.273480e-01
461 5.707640e-01 1.648000e-03 4.275880e-01
462 5.704920e-01 1.604000e-03 4.279040e-01
463 5.702160e-01 1.516000e-03 4.282680e-01
464 5.699360e-01 1.528000e-03 4.285360e-01
465 5.696400e-01 1.520000e-03 4.288400e-01
466 5.693080e-01 1.596000e-03 4.290960e-01
467 5.690040e-01 1.632000e-03 4.293640e-01
468 5.686440e-01 1.716000e-03 4.296400e-01
469 5.682720e-01 1.800000e-03 4.299280e-01
470 5.678920e-01 1.872000e-03 4.302360e-01
471 5.675280e-01 1.940000e-03 4.305320e-01
472 5.672040e-01 1.924000e-03 4.308720e-01
473 5.668760e-01 1.964000e-03 4.311600e-01
474 5.665560e-01 1.940000e-03 4.315040e-01
475 5.662320e-01 1.896000e-03 4.318720e-01
476 5.658240e-01 1.940000e-03 4.322360e-01
477 5.655480e-01 1.832000e-03 4.326200e-01
478 5.652240e-01 1.880000e-03 4.328960e-01
479 5.649720e-01 1.776000e-03 4.332520e-01
480 5.647440e-01 1.612000e-03 4.336440e-01
481 5.643760e-01 1.676000e-03 4.339480e-01
482 5.640960e-01 1.632000e-03 4.342720e-01
483 5.638000e-01 1.660000e-03 4.345400e-01
484 5.634800e-01 1.712000e-03 4.348080e-01
485 5.631840e-01 1.788000e-03 4.350280e-01
486 5.628920e-01 1.724000e-03 4.353840e-01
487 5.626440e-01 1.628000e-03 4.357280e-01
488 5.623840e-01 1.588000e-03 4.360280e-01
489 5.621080e-01 1.644000e-03 4.362480e-01
490 5.618480e-01 1.632000e-03 4.365200e-01
491 5.615960e-01 1.588000e-03 4.368160e-01
492 5.613080e-01 1.576000e-03 4.371160e-01
493 5.610120e-01 1.616000e-03 4.373720e-01
494 5.606760e-01 1.696000e-03 4.376280e-01
495 5.604600e-01 1.596000e-03 4.379440e-01
496 5.602120e-01 1.568000e-03 4.382200e-01
497 5.599360e-01 1.608000e-03 4.384560e-01
498 5.596200e-01 1.712000e-03 4.386680e-01
499 5.593880e-01 1.668000e-03 4.389440e-01
500 5.590880e-01 1.684000e-03 4.392280e-01
