1 9.992240e-01 6.880000e-04 8.800000e-05
2 9.985880e-01 1.144000e-03 2.680000e-04
3 9.978560e-01 1.664000e-03 4.800000e-04
4 9.970600e-01 2.136000e-03 8.040000e-04
5 9.962280e-01 2.492000e-03 1.280000e-03
6 9.953080e-01 2.880000e-03 1.812000e-03
7 9.944080e-01 3.280000e-03 2.312000e-03
8 9.934880e-01 3.540000e-03 2.972000e-03
9 9.924440e-01 3.928000e-03 3.628000e-03
10 9.913880e-01 4.240000e-03 4.372000e-03
11 9.903040e-01 4.588000e-03 5.108000e-03
12 9.891160e-01 4.940000e-03 5.944000e-03
13 9.879800e-01 5.240000e-03 6.780000e-03
14 9.868280e-01 5.428000e-03 7.744000e-03
15 9.857760e-01 5.496000e-03 8.728000e-03
16 9.846240e-01 5.740000e-03 9.636000e-03
17 9.834080e-01 5.888000e-03 1.070400e-02
18 9.821160e-01 6.324000e-03 1.156000e-02
19 9.807760e-01 6.504000e-03 1.272000e-02
20 9.794680e-01 6.724000e-03 1.380800e-02
21 9.780160e-01 6.956000e-03 1.502800e-02
22 9.766640e-01 7.072000e-03 1.626400e-02
23 9.752800e-01 7.140000e-03 1.758000e-02
24 9.740160e-01 7.224000e-03 1.876000e-02
25 9.726600e-01 7.344000e-03 1.999600e-02
26 9.711160e-01 7.476000e-03 2.140800e-02
27 9.696280e-01 7.600000e-03 2.277200e-02
28 9.680840e-01 7.728000e-03 2.418800e-02
29 9.665160e-01 7.968000e-03 2.551600e-02
30 9.649400e-01 8.148000e-03 2.691200e-02
31 9.633720e-01 8.236000e-03 2.839200e-02
32 9.617800e-01 8.408000e-03 2.981200e-02
33 9.601520e-01 8.504000e-03 3.134400e-02
34 9.585800e-01 8.552000e-03 3.286800e-02
35 9.568240e-01 8.836000e-03 3.434000e-02
36 9.551560e-01 8.860000e-03 3.598400e-02
37 9.535000e-01 9.056000e-03 3.744400e-02
38 9.518280e-01 8.984000e-03 3.918800e-02
39 9.502960e-01 8.900000e-03 4.080400e-02
40 9.486400e-01 8.984000e-03 4.237600e-02
41 9.470960e-01 8.988000e-03 4.391600e-02
42 9.455200e-01 9.000000e-03 4.548000e-02
43 9.437200e-01 9.200000e-03 4.708000e-02
44 9.419400e-01 9.216000e-03 4.884400e-02
45 9.402120e-01 9.388000e-03 5.040000e-02
46 9.383800e-01 9.592000e-03 5.202800e-02
47 9.366400e-01 9.776000e-03 5.358400e-02
48 9.348400e-01 9.828000e-03 5.533200e-02
49 9.330840e-01 9.716000e-03 5.720000e-02
50 9.314440e-01 9.608000e-03 5.894800e-02
51 9.297080e-01 9.744000e-03 6.054800e-02
52 9.280320e-01 9.776000e-03 6.219200e-02
53 9.261720e-01 9.900000e-03 6.392800e-02
54 9.243520e-01 9.920000e-03 6.572800e-02
55 9.225320e-01 9.884000e-03 6.758400e-02
56 9.207480e-01 9.896000e-03 6.935600e-02
57 9.189240e-01 9.968000e-03 7.110800e-02
58 9.169760e-01 1.023600e-02 7.278800e-02
59 9.151920e-01 1.023200e-02 7.457600e-02
60 9.134000e-01 1.028000e-02 7.632000e-02
61 9.115400e-01 1.049600e-02 7.796400e-02
62 9.097720e-01 1.038800e-02 7.984000e-02
63 9.079160e-01 1.044000e-02 8.164400e-02
64 9.062000e-01 1.040800e-02 8.339200e-02
65 9.044480e-01 1.035200e-02 8.520000e-02
66 9.026080e-01 1.046000e-02 8.693200e-02
67 9.006920e-01 1.053200e-02 8.877600e-02
68 8.988680e-01 1.060000e-02 9.053200e-02
69 8.970160e-01 1.070000e-02 9.228400e-02
70 8.951240e-01 1.060800e-02 9.426800e-02
71 8.932160e-01 1.060800e-02 9.617600e-02
72 8.916600e-01 1.034400e-02 9.799600e-02
73 8.898480e-01 1.022000e-02 9.993200e-02
74 8.881480e-01 1.019200e-02 1.016600e-01
75 8.864560e-01 1.010400e-02 1.034400e-01
76 8.848880e-01 9.972000e-03 1.051400e-01
77 8.830960e-01 1.005200e-02 1.068520e-01
78 8.814960e-01 9.924000e-03 1.085800e-01
79 8.796880e-01 1.001200e-02 1.103000e-01
80 8.779520e-01 1.003200e-02 1.120160e-01
81 8.761600e-01 1.020800e-02 1.136320e-01
82 8.742840e-01 1.018000e-02 1.155360e-01
83 8.723080e-01 1.041200e-02 1.172800e-01
84 8.704440e-01 1.052000e-02 1.190360e-01
85 8.686120e-01 1.049600e-02 1.208920e-01
86 8.669880e-01 1.025200e-02 1.227600e-01
87 8.653160e-01 1.011200e-02 1.245720e-01
88 8.636920e-01 9.848000e-03 1.264600e-01
89 8.621760e-01 9.588000e-03 1.282360e-01
90 8.605840e-01 9.432000e-03 1.299840e-01
91 8.590400e-01 9.416000e-03 1.315440e-01
92 8.575080e-01 9.352000e-03 1.331400e-01
93 8.559760e-01 9.236000e-03 1.347880e-01
94 8.543720e-01 9.224000e-03 1.364040e-01
95 8.528600e-01 9.124000e-03 1.380160e-01
96 8.512320e-01 9.168000e-03 1.396000e-01
97 8.495520e-01 9.316000e-03 1.411320e-01
98 8.478480e-01 9.452000e-03 1.427000e-01
99 8.461880e-01 9.364000e-03 1.444480e-01
100 8.445880e-01 9.360000e-03 1.460520e-01
101 8.430000e-01 9.308000e-03 1.476920e-01
102 8.412840e-01 9.336000e-03 1.493800e-01
103 8.396080e-01 9.500000e-03 1.508920e-01
104 8.380280e-01 9.368000e-03 1.526040e-01
105 8.364680e-01 9.272000e-03 1.542600e-01
106 8.351200e-01 9.024000e-03 1.558560e-01
107 8.337040e-01 8.764000e-03 1.575320e-01
108 8.322520e-01 8.700000e-03 1.590480e-01
109 8.306640e-01 8.780000e-03 1.605560e-01
110 8.291000e-01 8.752000e-03 1.621480e-01
111 8.275360e-01 8.700000e-03 1.637640e-01
112 8.260280e-01 8.684000e-03 1.652880e-01
113 8.244760e-01 8.768000e-03 1.667560e-01
114 8.230800e-01 8.624000e-03 1.682960e-01
115 8.216400e-01 8.448000e-03 1.699120e-01
116 8.201560e-01 8.568000e-03 1.712760e-01
117 8.187520e-01 8.464000e-03 1.727840e-01
118 8.172640e-01 8.500000e-03 1.742360e-01
119 8.158440e-01 8.480000e-03 1.756760e-01
120 8.144160e-01 8.384000e-03 1.772000e-01
121 8.131360e-01 8.188000e-03 1.786760e-01
122 8.119280e-01 7.968000e-03 1.801040e-01
123 8.107000e-01 7.744000e-03 1.815560e-01
124 8.094040e-01 7.620000e-03 1.829760e-01
125 8.081720e-01 7.664000e-03 1.841640e-01
126 8.068000e-01 7.568000e-03 1.856320e-01
127 8.055440e-01 7.604000e-03 1.868520e-01
128 8.041720e-01 7.720000e-03 1.881080e-01
129 8.028080e-01 7.644000e-03 1.895480e-01
130 8.015800e-01 7.636000e-03 1.907840e-01
131 8.002880e-01 7.584000e-03 1.921280e-01
132 7.988880e-01 7.692000e-03 1.934200e-01
133 7.976560e-01 7.576000e-03 1.947680e-01
134 7.964800e-01 7.352000e-03 1.961680e-01
135 7.951920e-01 7.368000e-03 1.974400e-01
136 7.939720e-01 7.240000e-03 1.987880e-01
137 7.927160e-01 7.348000e-03 1.999360e-01
138 7.915360e-01 7.348000e-03 2.011160e-01
139 7.901640e-01 7.428000e-03 2.024080e-01
140 7.888720e-01 7.444000e-03 2.036840e-01
141 7.875920e-01 7.408000e-03 2.050000e-01
142 7.863760e-01 7.440000e-03 2.061840e-01
143 7.848120e-01 7.784000e-03 2.074040e-01
144 7.832600e-01 7.944000e-03 2.087960e-01
145 7.818440e-01 7.948000e-03 2.102080e-01
146 7.803960e-01 8.072000e-03 2.115320e-01
147 7.789760e-01 8.044000e-03 2.129800e-01
148 7.775760e-01 8.016000e-03 2.144080e-01
149 7.762400e-01 7.984000e-03 2.157760e-01
150 7.750920e-01 7.656000e-03 2.172520e-01
151 7.738640e-01 7.476000e-03 2.186600e-01
152 7.725440e-01 7.492000e-03 2.199640e-01
153 7.712240e-01 7.436000e-03 2.213400e-01
154 7.699360e-01 7.368000e-03 2.226960e-01
155 7.687960e-01 7.392000e-03 2.238120e-01
156 7.675840e-01 7.336000e-03 2.250800e-01
157 7.664320e-01 7.276000e-03 2.262920e-01
158 7.652600e-01 7.316000e-03 2.274240e-01
159 7.639200e-01 7.376000e-03 2.287040e-01
160 7.625680e-01 7.432000e-03 2.300000e-01
161 7.612800e-01 7.340000e-03 2.313800e-01
162 7.599440e-01 7.332000e-03 2.327240e-01
163 7.586720e-01 7.344000e-03 2.339840e-01
164 7.574240e-01 7.364000e-03 2.352120e-01
165 7.562280e-01 7.244000e-03 2.365280e-01
166 7.550880e-01 7.104000e-03 2.378080e-01
167 7.539200e-01 7.188000e-03 2.388920e-01
168 7.526840e-01 7.172000e-03 2.401440e-01
169 7.514080e-01 7.284000e-03 2.413080e-01
170 7.501640e-01 7.204000e-03 2.426320e-01
171 7.490840e-01 7.088000e-03 2.438280e-01
172 7.478440e-01 7.132000e-03 2.450240e-01
173 7.467160e-01 6.964000e-03 2.463200e-01
174 7.455240e-01 6.820000e-03 2.476560e-01
175 7.443040e-01 6.884000e-03 2.488120e-01
176 7.431200e-01 6.780000e-03 2.501000e-01
177 7.420000e-01 6.792000e-03 2.512080e-01
178 7.408960e-01 6.804000e-03 2.523000e-01
179 7.398720e-01 6.652000e-03 2.534760e-01
180 7.389520e-01 6.556000e-03 2.544920e-01
181 7.378040e-01 6.544000e-03 2.556520e-01
182 7.367960e-01 6.476000e-03 2.567280e-01
183 7.356920e-01 6.460000e-03 2.578480e-01
184 7.346760e-01 6.328000e-03 2.589960e-01
185 7.337400e-01 6.216000e-03 2.600440e-01
186 7.327440e-01 6.192000e-03 2.610640e-01
187 7.317440e-01 6.200000e-03 2.620560e-01
188 7.307160e-01 6.216000e-03 2.630680e-01
189 7.298440e-01 5.936000e-03 2.642200e-01
190 7.289920e-01 5.840000e-03 2.651680e-01
191 7.280000e-01 5.848000e-03 2.661520e-01
192 7.270000e-01 5.848000e-03 2.671520e-01
193 7.260520e-01 5.856000e-03 2.680920e-01
194 7.250560e-01 5.740000e-03 2.692040e-01
195 7.240000e-01 5.832000e-03 2.701680e-01
196 7.230240e-01 5.816000e-03 2.711600e-01
197 7.220800e-01 5.848000e-03 2.720720e-01
198 7.210400e-01 5.864000e-03 2.730960e-01
199 7.200640e-01 5.844000e-03 2.740920e-01
200 7.191120e-01 5.676000e-03 2.752120e-01
201 7.182000e-01 5.528000e-03 2.762720e-01
202 7.173040e-01 5.464000e-03 2.772320e-01
203 7.165080e-01 5.324000e-03 2.781680e-01
204 7.154240e-01 5.464000e-03 2.791120e-01
205 7.145840e-01 5.324000e-03 2.800920e-01
206 7.137560e-01 5.120000e-03 2.811240e-01
207 7.129000e-01 5.184000e-03 2.819160e-01
208 7.120360e-01 5.236000e-03 2.827280e-01
209 7.111200e-01 5.316000e-03 2.835640e-01
210 7.101640e-01 5.268000e-03 2.845680e-01
211 7.092440e-01 5.336000e-03 2.854200e-01
212 7.084440e-01 5.232000e-03 2.863240e-01
213 7.075560e-01 5.160000e-03 2.872840e-01
214 7.066280e-01 5.184000e-03 2.881880e-01
215 7.056360e-01 5.248000e-03 2.891160e-01
216 7.047440e-01 5.188000e-03 2.900680e-01
217 7.038520e-01 5.200000e-03 2.909480e-01
218 7.028400e-01 5.316000e-03 2.918440e-01
219 7.018080e-01 5.372000e-03 2.928200e-01
220 7.009400e-01 5.304000e-03 2.937560e-01
221 7.001400e-01 5.248000e-03 2.946120e-01
222 6.993560e-01 5.132000e-03 2.955120e-01
223 6.985440e-01 5.020000e-03 2.964360e-01
224 6.976320e-01 5.072000e-03 2.972960e-01
225 6.967360e-01 5.072000e-03 2.981920e-01
226 6.958760e-01 5.120000e-03 2.990040e-01
227 6.950720e-01 5.060000e-03 2.998680e-01
228 6.940680e-01 5.236000e-03 3.006960e-01
229 6.932320e-01 5.104000e-03 3.016640e-01
230 6.923360e-01 5.136000e-03 3.025280e-01
231 6.915080e-01 5.172000e-03 3.033200e-01
232 6.906520e-01 5.128000e-03 3.042200e-01
233 6.897400e-01 5.084000e-03 3.051760e-01
234 6.889360e-01 4.960000e-03 3.061040e-01
235 6.880800e-01 5.012000e-03 3.069080e-01
236 6.873000e-01 4.868000e-03 3.078320e-01
237 6.864920e-01 4.896000e-03 3.086120e-01
238 6.856360e-01 4.996000e-03 3.093680e-01
239 6.848200e-01 4.980000e-03 3.102000e-01
240 6.842000e-01 4.736000e-03 3.110640e-01
241 6.834640e-01 4.708000e-03 3.118280e-01
242 6.826720e-01 4.664000e-03 3.126640e-01
243 6.818960e-01 4.556000e-03 3.135480e-01
244 6.810560e-01 4.608000e-03 3.143360e-01
245 6.802680e-01 4.652000e-03 3.150800e-01
246 6.794520e-01 4.612000e-03 3.159360e-01
247 6.786960e-01 4.540000e-03 3.167640e-01
248 6.779000e-01 4.520000e-03 3.175800e-01
249 6.771040e-01 4.552000e-03 3.183440e-01
250 6.763520e-01 4.520000e-03 3.191280e-01
251 6.756000e-01 4.496000e-03 3.199040e-01
252 6.748760e-01 4.396000e-03 3.207280e-01
253 6.741920e-01 4.264000e-03 3.215440e-01
254 6.735640e-01 4.192000e-03 3.222440e-01
255 6.728240e-01 4.216000e-03 3.229600e-01
256 6.721280e-01 4.160000e-03 3.237120e-01
257 6.714160e-01 4.188000e-03 3.243960e-01
258 6.706800e-01 4.140000e-03 3.251800e-01
259 6.700480e-01 3.988000e-03 3.259640e-01
260 6.694320e-01 3.896000e-03 3.266720e-01
261 6.687920e-01 3.904000e-03 3.273040e-01
262 6.681720e-01 3.796000e-03 3.280320e-01
263 6.674800e-01 3.828000e-03 3.286920e-01
264 6.667080e-01 3.968000e-03 3.293240e-01
265 6.660560e-01 3.916000e-03 3.300280e-01
266 6.654560e-01 3.792000e-03 3.307520e-01
267 6.648680e-01 3.752000e-03 3.313800e-01
268 6.642440e-01 3.720000e-03 3.320360e-01
269 6.636120e-01 3.680000e-03 3.327080e-01
270 6.630040e-01 3.608000e-03 3.333880e-01
271 6.623200e-01 3.648000e-03 3.340320e-01
272 6.616240e-01 3.760000e-03 3.346160e-01
273 6.610360e-01 3.692000e-03 3.352720e-01
274 6.604000e-01 3.708000e-03 3.358920e-01
275 6.597480e-01 3.728000e-03 3.365240e-01
276 6.591880e-01 3.700000e-03 3.371120e-01
277 6.586840e-01 3.536000e-03 3.377800e-01
278 6.581680e-01 3.476000e-03 3.383560e-01
279 6.577440e-01 3.384000e-03 3.388720e-01
280 6.572680e-01 3.316000e-03 3.394160e-01
281 6.567160e-01 3.288000e-03 3.399960e-01
282 6.562680e-01 3.224000e-03 3.405080e-01
283 6.558160e-01 3.120000e-03 3.410640e-01
284 6.553000e-01 3.064000e-03 3.416360e-01
285 6.548960e-01 2.976000e-03 3.421280e-01
286 6.544480e-01 2.856000e-03 3.426960e-01
287 6.539720e-01 2.828000e-03 3.432000e-01
288 6.535040e-01 2.816000e-03 3.436800e-01
289 6.530000e-01 2.828000e-03 3.441720e-01
290 6.525680e-01 2.728000e-03 3.447040e-01
291 6.521080e-01 2.732000e-03 3.451600e-01
292 6.516880e-01 2.716000e-03 3.455960e-01
293 6.512360e-01 2.700000e-03 3.460640e-01
294 6.507640e-01 2.700000e-03 3.465360e-01
295 6.503160e-01 2.668000e-03 3.470160e-01
296 6.498920e-01 2.672000e-03 3.474360e-01
297 6.493960e-01 2.648000e-03 3.479560e-01
298 6.489880e-01 2.588000e-03 3.484240e-01
299 6.485920e-01 2.580000e-03 3.488280e-01
300 6.481480e-01 2.556000e-03 3.492960e-01
301 6.477120e-01 2.456000e-03 3.498320e-01
302 6.473600e-01 2.372000e-03 3.502680e-01
303 6.470560e-01 2.256000e-03 3.506880e-01
304 6.467280e-01 2.204000e-03 3.510680e-01
305 6.464760e-01 2.100000e-03 3.514240e-01
306 6.462480e-01 1.984000e-03 3.517680e-01
307 6.459000e-01 2.040000e-03 3.520600e-01
308 6.456360e-01 1.956000e-03 3.524080e-01
309 6.453880e-01 1.844000e-03 3.527680e-01
310 6.451200e-01 1.780000e-03 3.531000e-01
311 6.448400e-01 1.704000e-03 3.534560e-01
312 6.445800e-01 1.708000e-03 3.537120e-01
313 6.442840e-01 1.696000e-03 3.540200e-01
314 6.439480e-01 1.672000e-03 3.543800e-01
315 6.436880e-01 1.632000e-03 3.546800e-01
316 6.433280e-01 1.704000e-03 3.549680e-01
317 6.430520e-01 1.652000e-03 3.552960e-01
318 6.427840e-01 1.632000e-03 3.555840e-01
319 6.425040e-01 1.588000e-03 3.559080e-01
320 6.422480e-01 1.544000e-03 3.562080e-01
321 6.419480e-01 1.640000e-03 3.564120e-01
322 6.416520e-01 1.684000e-03 3.566640e-01
323 6.412920e-01 1.764000e-03 3.569440e-01
324 6.409920e-01 1.752000e-03 3.572560e-01
325 6.407480e-01 1.736000e-03 3.575160e-01
326 6.405120e-01 1.660000e-03 3.578280e-01
327 6.402880e-01 1.600000e-03 3.581120e-01
328 6.400760e-01 1.540000e-03 3.583840e-01
329 6.398600e-01 1.468000e-03 3.586720e-01
330 6.396360e-01 1.440000e-03 3.589240e-01
331 6.393360e-01 1.484000e-03 3.591800e-01
332 6.390680e-01 1.456000e-03 3.594760e-01
333 6.388000e-01 1.452000e-03 3.597480e-01
334 6.385560e-01 1.416000e-03 3.600280e-01
335 6.383400e-01 1.428000e-03 3.602320e-01
336 6.381160e-01 1.392000e-03 3.604920e-01
337 6.378560e-01 1.432000e-03 3.607120e-01
338 6.376000e-01 1.440000e-03 3.609600e-01
339 6.373240e-01 1.488000e-03 3.611880e-01
340 6.371160e-01 1.368000e-03 3.615160e-01
341 6.368840e-01 1.368000e-03 3.617480e-01
342 6.366600e-01 1.360000e-03 3.619800e-01
343 6.364520e-01 1.372000e-03 3.621760e-01
344 6.362160e-01 1.324000e-03 3.624600e-01
345 6.359480e-01 1.368000e-03 3.626840e-01
346 6.356760e-01 1.356000e-03 3.629680e-01
347 6.354400e-01 1.404000e-03 3.631560e-01
348 6.351440e-01 1.440000e-03 3.634160e-01
349 6.349000e-01 1.432000e-03 3.636680e-01
350 6.346240e-01 1.488000e-03 3.638880e-01
351 6.343720e-01 1.472000e-03 3.641560e-01
352 6.341560e-01 1.452000e-03 3.643920e-01
353 6.339600e-01 1.420000e-03 3.646200e-01
354 6.337560e-01 1.408000e-03 3.648360e-01
355 6.335760e-01 1.368000e-03 3.650560e-01
356 6.333280e-01 1.388000e-03 3.652840e-01
357 6.331800e-01 1.356000e-03 3.654640e-01
358 6.329680e-01 1.316000e-03 3.657160e-01
359 6.328040e-01 1.264000e-03 3.659320e-01
360 6.325760e-01 1.256000e-03 3.661680e-01
361 6.323320e-01 1.284000e-03 3.663840e-01
362 6.321240e-01 1.228000e-03 3.666480e-01
363 6.319320e-01 1.216000e-03 3.668520e-01
364 6.317640e-01 1.188000e-03 3.670480e-01
365 6.315760e-01 1.164000e-03 3.672600e-01
366 6.313800e-01 1.148000e-03 3.674720e-01
367 6.311680e-01 1.156000e-03 3.676760e-01
368 6.310040e-01 1.124000e-03 3.678720e-01
369 6.307760e-01 1.120000e-03 3.681040e-01
370 6.305680e-01 1.104000e-03 3.683280e-01
371 6.304360e-01 1.028000e-03 3.685360e-01
372 6.302680e-01 1.040000e-03 3.686920e-01
373 6.300920e-01 1.076000e-03 3.688320e-01
374 6.298960e-01 1.088000e-03 3.690160e-01
375 6.296640e-01 1.092000e-03 3.692440e-01
376 6.293880e-01 1.196000e-03 3.694160e-01
377 6.291320e-01 1.212000e-03 3.696560e-01
378 6.289200e-01 1.224000e-03 3.698560e-01
379 6.286920e-01 1.244000e-03 3.700640e-01
380 6.285160e-01 1.176000e-03 3.703080e-01
381 6.283360e-01 1.136000e-03 3.705280e-01
382 6.281680e-01 1.128000e-03 3.707040e-01
383 6.279840e-01 1.064000e-03 3.709520e-01
384 6.277760e-01 1.096000e-03 3.711280e-01
385 6.275840e-01 1.116000e-03 3.713000e-01
386 6.274200e-01 1.032000e-03 3.715480e-01
387 6.272520e-01 1.064000e-03 3.716840e-01
388 6.271160e-01 9.960000e-04 3.718880e-01
389 6.269520e-01 1.008000e-03 3.720400e-01
390 6.268160e-01 9.840000e-04 3.722000e-01
391 6.266840e-01 9.440000e-04 3.723720e-01
392 6.265200e-01 9.640000e-04 3.725160e-01
393 6.263960e-01 9.320000e-04 3.726720e-01
394 6.262880e-01 9.320000e-04 3.727800e-01
395 6.261520e-01 8.800000e-04 3.729680e-01
396 6.260160e-01 8.840000e-04 3.731000e-01
397 6.258600e-01 9.040000e-04 3.732360e-01
398 6.256640e-01 9.520000e-04 3.733840e-01
399 6.255080e-01 8.960000e-04 3.735960e-01
400 6.253200e-01 9.080000e-04 3.737720e-01
401 6.251840e-01 8.720000e-04 3.739440e-01
402 6.250200e-01 8.840000e-04 3.740960e-01
403 6.248640e-01 8.520000e-04 3.742840e-01
404 6.246840e-01 9.000000e-04 3.744160e-01
405 6.245760e-01 8.080000e-04 3.746160e-01
406 6.244640e-01 7.480000e-04 3.747880e-01
407 6.243200e-01 7.160000e-04 3.749640e-01
408 6.241960e-01 6.720000e-04 3.751320e-01
409 6.240760e-01 6.720000e-04 3.752520e-01
410 6.239800e-01 6.200000e-04 3.754000e-01
411 6.238960e-01 5.760000e-04 3.755280e-01
412 6.237960e-01 6.000000e-04 3.756040e-01
413 6.236800e-01 5.920000e-04 3.757280e-01
414 6.235840e-01 5.760000e-04 3.758400e-01
415 6.234880e-01 5.400000e-04 3.759720e-01
416 6.233960e-01 5.200000e-04 3.760840e-01
417 6.233280e-01 4.960000e-04 3.761760e-01
418 6.232720e-01 4.800000e-04 3.762480e-01
419 6.231520e-01 5.360000e-04 3.763120e-01
420 6.230440e-01 5.480000e-04 3.764080e-01
421 6.229560e-01 5.000000e-04 3.765440e-01
422 6.228800e-01 4.680000e-04 3.766520e-01
423 6.228000e-01 4.520000e-04 3.767480e-01
424 6.227480e-01 4.040000e-04 3.768480e-01
425 6.227040e-01 3.520000e-04 3.769440e-01
426 6.226600e-01 3.480000e-04 3.769920e-01
427 6.226080e-01 3.200000e-04 3.770720e-01
428 6.225240e-01 3.320000e-04 3.771440e-01
429 6.224680e-01 3.560000e-04 3.771760e-01
430 6.224040e-01 3.800000e-04 3.772160e-01
431 6.223440e-01 3.800000e-04 3.772760e-01
432 6.222680e-01 3.960000e-04 3.773360e-01
433 6.221920e-01 4.320000e-04 3.773760e-01
434 6.220960e-01 4.680000e-04 3.774360e-01
435 6.220000e-01 4.680000e-04 3.775320e-01
436 6.219120e-01 4.600000e-04 3.776280e-01
437 6.218640e-01 4.000000e-04 3.777360e-01
438 6.218040e-01 4.000000e-04 3.777960e-01
439 6.217520e-01 4.040000e-04 3.778440e-01
440 6.216520e-01 4.280000e-04 3.779200e-01
441 6.215840e-01 4.400000e-04 3.779760e-01
442 6.214920e-01 4.760000e-04 3.780320e-01
443 6.214400e-01 4.360000e-04 3.781240e-01
444 6.213680e-01 4.280000e-04 3.782040e-01
445 6.212960e-01 4.400000e-04 3.782640e-01
446 6.211800e-01 4.880000e-04 3.783320e-01
447 6.211040e-01 4.840000e-04 3.784120e-01
448 6.210480e-01 4.400000e-04 3.785120e-01
449 6.210040e-01 3.800000e-04 3.786160e-01
450 6.209560e-01 3.720000e-04 3.786720e-01
451 6.209000e-01 3.840000e-04 3.787160e-01
452 6.208280e-01 3.880000e-04 3.787840e-01
453 6.207600e-01 3.920000e-04 3.788480e-01
454 6.206720e-01 4.280000e-04 3.789000e-01
455 6.205960e-01 4.440000e-04 3.789600e-01
456 6.205320e-01 4.120000e-04 3.790560e-01
457 6.204760e-01 3.880000e-04 3.791360e-01
458 6.204040e-01 3.960000e-04 3.792000e-01
459 6.203520e-01 3.960000e-04 3.792520e-01
460 6.202920e-01 4.000000e-04 3.793080e-01
461 6.202320e-01 4.200000e-04 3.793480e-01
462 6.201760e-01 4.000000e-04 3.794240e-01
463 6.201560e-01 3.320000e-04 3.795120e-01
464 6.201040e-01 3.200000e-04 3.795760e-01
465 6.200480e-01 3.280000e-04 3.796240e-01
466 6.200200e-01 2.920000e-04 3.796880e-01
467 6.199880e-01 2.720000e-04 3.797400e-01
468 6.199640e-01 2.520000e-04 3.797840e-01
469 6.199400e-01 2.280000e-04 3.798320e-01
470 6.199040e-01 2.120000e-04 3.798840e-01
471 6.198720e-01 2.040000e-04 3.799240e-01
472 6.198280e-01 2.280000e-04 3.799440e-01
473 6.197760e-01 2.600000e-04 3.799640e-01
474 6.197240e-01 2.640000e-04 3.800120e-01
475 6.196840e-01 2.360000e-04 3.800800e-01
476 6.196320e-01 2.520000e-04 3.801160e-01
477 6.196040e-01 2.320000e-04 3.801640e-01
478 6.195600e-01 2.480000e-04 3.801920e-01
479 6.195280e-01 2.240000e-04 3.802480e-01
480 6.195040e-01 2.040000e-04 3.802920e-01
481 6.194520e-01 2.040000e-04 3.803440e-01
482 6.194080e-01 2.080000e-04 3.803840e-01
483 6.193440e-01 2.200000e-04 3.804360e-01
484 6.193160e-01 2.040000e-04 3.804800e-01
485 6.192560e-01 2.200000e-04 3.805240e-01
486 6.192400e-01 1.840000e-04 3.805760e-01
487 6.192200e-01 1.800000e-04 3.806000e-01
488 6.191880e-01 1.840000e-04 3.806280e-01
489 6.191480e-01 1.680000e-04 3.806840e-01
490 6.190920e-01 1.760000e-04 3.807320e-01
491 6.190440e-01 1.960000e-04 3.807600e-01
492 6.189920e-01 2.280000e-04 3.807800e-01
493 6.189440e-01 2.200000e-04 3.808360e-01
494 6.188880e-01 2.600000e-04 3.808520e-01
495 6.188280e-01 2.720000e-04 3.809000e-01
496 6.187720e-01 2.960000e-04 3.809320e-01
497 6.186960e-01 3.200000e-04 3.809840e-01
498 6.186360e-01 3.360000e-04 3.810280e-01
499 6.185480e-01 3.520000e-04 3.811000e-01
500 6.184600e-01 3.880000e-04 3.811520e-01
