1 9.991720e-01 7.200000e-04 1.080000e-04
2 9.986360e-01 1.108000e-03 2.560000e-04
3 9.979760e-01 1.532000e-03 4.920000e-04
4 9.972400e-01 1.976000e-03 7.840000e-04
5 9.963840e-01 2.448000e-03 1.168000e-03
6 9.955000e-01 2.848000e-03 1.652000e-03
7 9.945840e-01 3.232000e-03 2.184000e-03
8 9.935320e-01 3.644000e-03 2.824000e-03
9 9.925360e-01 4.008000e-03 3.456000e-03
10 9.915400e-01 4.236000e-03 4.224000e-03
11 9.905200e-01 4.488000e-03 4.992000e-03
12 9.894440e-01 4.716000e-03 5.840000e-03
13 9.882560e-01 5.100000e-03 6.644000e-03
14 9.871080e-01 5.380000e-03 7.512000e-03
15 9.859840e-01 5.496000e-03 8.520000e-03
16 9.847920e-01 5.616000e-03 9.592000e-03
17 9.836240e-01 5.848000e-03 1.052800e-02
18 9.824440e-01 5.920000e-03 1.163600e-02
19 9.812280e-01 6.044000e-03 1.272800e-02
20 9.799280e-01 6.184000e-03 1.388800e-02
21 9.786440e-01 6.448000e-03 1.490800e-02
22 9.773680e-01 6.700000e-03 1.593200e-02
23 9.761320e-01 6.804000e-03 1.706400e-02
24 9.747760e-01 7.032000e-03 1.819200e-02
25 9.735160e-01 7.140000e-03 1.934400e-02
26 9.722000e-01 7.288000e-03 2.051200e-02
27 9.708080e-01 7.368000e-03 2.182400e-02
28 9.692840e-01 7.508000e-03 2.320800e-02
29 9.678200e-01 7.576000e-03 2.460400e-02
30 9.662760e-01 7.780000e-03 2.594400e-02
31 9.648800e-01 7.808000e-03 2.731200e-02
32 9.634600e-01 7.860000e-03 2.868000e-02
33 9.619320e-01 7.844000e-03 3.022400e-02
34 9.605480e-01 7.772000e-03 3.168000e-02
35 9.591160e-01 7.928000e-03 3.295600e-02
36 9.575320e-01 8.004000e-03 3.446400e-02
37 9.560960e-01 8.076000e-03 3.582800e-02
38 9.546000e-01 8.132000e-03 3.726800e-02
39 9.531000e-01 8.188000e-03 3.871200e-02
40 9.514640e-01 8.348000e-03 4.018800e-02
41 9.498960e-01 8.468000e-03 4.163600e-02
42 9.483280e-01 8.488000e-03 4.318400e-02
43 9.467320e-01 8.508000e-03 4.476000e-02
44 9.452240e-01 8.608000e-03 4.616800e-02
45 9.438000e-01 8.532000e-03 4.766800e-02
46 9.422520e-01 8.600000e-03 4.914800e-02
47 9.407960e-01 8.684000e-03 5.052000e-02
48 9.392760e-01 8.740000e-03 5.198400e-02
49 9.378440e-01 8.768000e-03 5.338800e-02
50 9.362640e-01 8.984000e-03 5.475200e-02
51 9.346240e-01 9.108000e-03 5.626800e-02
52 9.330440e-01 9.024000e-03 5.793200e-02
53 9.313800e-01 9.204000e-03 5.941600e-02
54 9.297920e-01 9.196000e-03 6.101200e-02
55 9.283920e-01 9.036000e-03 6.257200e-02
56 9.269120e-01 8.896000e-03 6.419200e-02
57 9.252400e-01 8.920000e-03 6.584000e-02
58 9.237960e-01 8.712000e-03 6.749200e-02
59 9.223440e-01 8.716000e-03 6.894000e-02
60 9.208440e-01 8.664000e-03 7.049200e-02
61 9.192640e-01 8.724000e-03 7.201200e-02
62 9.175360e-01 8.816000e-03 7.364800e-02
63 9.159200e-01 8.980000e-03 7.510000e-02
64 9.143920e-01 8.992000e-03 7.661600e-02
65 9.127520e-01 9.020000e-03 7.822800e-02
66 9.111680e-01 8.992000e-03 7.984000e-02
67 9.095080e-01 9.004000e-03 8.148800e-02
68 9.080000e-01 8.896000e-03 8.310400e-02
69 9.064800e-01 8.824000e-03 8.469600e-02
70 9.049480e-01 8.880000e-03 8.617200e-02
71 9.033320e-01 8.896000e-03 8.777200e-02
72 9.018040e-01 8.868000e-03 8.932800e-02
73 9.003880e-01 8.676000e-03 9.093600e-02
74 8.990640e-01 8.484000e-03 9.245200e-02
75 8.978040e-01 8.264000e-03 9.393200e-02
76 8.964200e-01 8.336000e-03 9.524400e-02
77 8.950800e-01 8.204000e-03 9.671600e-02
78 8.936000e-01 8.108000e-03 9.829200e-02
79 8.921640e-01 8.072000e-03 9.976400e-02
80 8.907400e-01 8.084000e-03 1.011760e-01
81 8.893200e-01 8.140000e-03 1.025400e-01
82 8.879400e-01 8.044000e-03 1.040160e-01
83 8.865240e-01 8.068000e-03 1.054080e-01
84 8.849960e-01 8.228000e-03 1.067760e-01
85 8.835360e-01 8.292000e-03 1.081720e-01
86 8.818880e-01 8.556000e-03 1.095560e-01
87 8.805080e-01 8.344000e-03 1.111480e-01
88 8.790480e-01 8.352000e-03 1.126000e-01
89 8.777360e-01 8.168000e-03 1.140960e-01
90 8.763480e-01 8.192000e-03 1.154600e-01
91 8.748720e-01 8.256000e-03 1.168720e-01
92 8.734760e-01 8.168000e-03 1.183560e-01
93 8.720280e-01 8.232000e-03 1.197400e-01
94 8.706640e-01 8.148000e-03 1.211880e-01
95 8.693320e-01 8.096000e-03 1.225720e-01
96 8.679800e-01 7.988000e-03 1.240320e-01
97 8.667200e-01 7.688000e-03 1.255920e-01
98 8.654200e-01 7.744000e-03 1.268360e-01
99 8.639320e-01 7.796000e-03 1.282720e-01
100 8.625560e-01 7.884000e-03 1.295600e-01
101 8.611800e-01 7.900000e-03 1.309200e-01
102 8.596760e-01 7.972000e-03 1.323520e-01
103 8.582360e-01 8.072000e-03 1.336920e-01
104 8.568320e-01 8.036000e-03 1.351320e-01
105 8.554680e-01 8.036000e-03 1.364960e-01
106 8.541160e-01 8.008000e-03 1.378760e-01
107 8.526360e-01 8.120000e-03 1.392440e-01
108 8.513720e-01 7.940000e-03 1.406880e-01
109 8.500400e-01 7.824000e-03 1.421360e-01
110 8.488960e-01 7.692000e-03 1.434120e-01
111 8.476320e-01 7.600000e-03 1.447680e-01
112 8.463840e-01 7.524000e-03 1.460920e-01
113 8.450960e-01 7.516000e-03 1.473880e-01
114 8.439440e-01 7.352000e-03 1.487040e-01
115 8.427960e-01 7.172000e-03 1.500320e-01
116 8.416280e-01 7.124000e-03 1.512480e-01
117 8.404080e-01 7.096000e-03 1.524960e-01
118 8.392160e-01 7.040000e-03 1.537440e-01
119 8.380800e-01 6.980000e-03 1.549400e-01
120 8.369040e-01 6.932000e-03 1.561640e-01
121 8.356960e-01 6.844000e-03 1.574600e-01
122 8.345360e-01 6.872000e-03 1.585920e-01
123 8.333560e-01 6.820000e-03 1.598240e-01
124 8.320640e-01 6.948000e-03 1.609880e-01
125 8.309320e-01 6.924000e-03 1.621440e-01
126 8.297280e-01 7.008000e-03 1.632640e-01
127 8.286360e-01 6.764000e-03 1.646000e-01
128 8.274240e-01 6.644000e-03 1.659320e-01
129 8.263080e-01 6.656000e-03 1.670360e-01
130 8.251000e-01 6.628000e-03 1.682720e-01
131 8.239800e-01 6.604000e-03 1.694160e-01
132 8.228280e-01 6.584000e-03 1.705880e-01
133 8.217720e-01 6.420000e-03 1.718080e-01
134 8.206360e-01 6.472000e-03 1.728920e-01
135 8.195360e-01 6.552000e-03 1.739120e-01
136 8.183560e-01 6.640000e-03 1.750040e-01
137 8.171960e-01 6.532000e-03 1.762720e-01
138 8.161160e-01 6.408000e-03 1.774760e-01
139 8.150400e-01 6.384000e-03 1.785760e-01
140 8.139200e-01 6.412000e-03 1.796680e-01
141 8.128680e-01 6.360000e-03 1.807720e-01
142 8.117600e-01 6.292000e-03 1.819480e-01
143 8.106960e-01 6.348000e-03 1.829560e-01
144 8.096520e-01 6.332000e-03 1.840160e-01
145 8.086080e-01 6.252000e-03 1.851400e-01
146 8.076040e-01 6.080000e-03 1.863160e-01
147 8.065520e-01 6.048000e-03 1.874000e-01
148 8.055400e-01 5.968000e-03 1.884920e-01
149 8.045600e-01 5.868000e-03 1.895720e-01
150 8.036160e-01 5.812000e-03 1.905720e-01
151 8.026720e-01 5.744000e-03 1.915840e-01
152 8.016640e-01 5.772000e-03 1.925640e-01
153 8.006760e-01 5.672000e-03 1.936520e-01
154 7.997760e-01 5.592000e-03 1.946320e-01
155 7.987240e-01 5.632000e-03 1.956440e-01
156 7.978280e-01 5.484000e-03 1.966880e-01
157 7.969680e-01 5.392000e-03 1.976400e-01
158 7.960200e-01 5.316000e-03 1.986640e-01
159 7.950440e-01 5.384000e-03 1.995720e-01
160 7.940520e-01 5.368000e-03 2.005800e-01
161 7.931960e-01 5.384000e-03 2.014200e-01
162 7.923520e-01 5.336000e-03 2.023120e-01
163 7.913960e-01 5.228000e-03 2.033760e-01
164 7.905400e-01 5.220000e-03 2.042400e-01
165 7.897320e-01 5.112000e-03 2.051560e-01
166 7.886920e-01 5.192000e-03 2.061160e-01
167 7.877680e-01 5.308000e-03 2.069240e-01
168 7.867440e-01 5.432000e-03 2.078240e-01
169 7.858240e-01 5.400000e-03 2.087760e-01
170 7.849520e-01 5.384000e-03 2.096640e-01
171 7.841200e-01 5.336000e-03 2.105440e-01
172 7.832400e-01 5.280000e-03 2.114800e-01
173 7.823600e-01 5.228000e-03 2.124120e-01
174 7.814800e-01 5.244000e-03 2.132760e-01
175 7.806160e-01 5.276000e-03 2.141080e-01
176 7.796840e-01 5.336000e-03 2.149800e-01
177 7.788120e-01 5.252000e-03 2.159360e-01
178 7.780040e-01 5.184000e-03 2.168120e-01
179 7.771560e-01 5.148000e-03 2.176960e-01
180 7.762000e-01 5.168000e-03 2.186320e-01
181 7.753280e-01 5.060000e-03 2.196120e-01
182 7.745120e-01 5.032000e-03 2.204560e-01
183 7.736800e-01 5.004000e-03 2.213160e-01
184 7.727560e-01 5.044000e-03 2.222000e-01
185 7.718200e-01 5.000000e-03 2.231800e-01
186 7.710000e-01 4.884000e-03 2.241160e-01
187 7.702000e-01 4.920000e-03 2.248800e-01
188 7.693960e-01 4.808000e-03 2.257960e-01
189 7.685480e-01 4.800000e-03 2.266520e-01
190 7.678320e-01 4.644000e-03 2.275240e-01
191 7.670800e-01 4.648000e-03 2.282720e-01
192 7.662360e-01 4.716000e-03 2.290480e-01
193 7.653720e-01 4.768000e-03 2.298600e-01
194 7.645400e-01 4.772000e-03 2.306880e-01
195 7.637520e-01 4.728000e-03 2.315200e-01
196 7.628480e-01 4.836000e-03 2.323160e-01
197 7.620800e-01 4.788000e-03 2.331320e-01
198 7.613320e-01 4.720000e-03 2.339480e-01
199 7.605360e-01 4.652000e-03 2.348120e-01
200 7.597680e-01 4.584000e-03 2.356480e-01
201 7.590320e-01 4.480000e-03 2.364880e-01
202 7.581160e-01 4.672000e-03 2.372120e-01
203 7.572280e-01 4.644000e-03 2.381280e-01
204 7.564200e-01 4.680000e-03 2.389000e-01
205 7.556360e-01 4.648000e-03 2.397160e-01
206 7.547600e-01 4.692000e-03 2.405480e-01
207 7.539240e-01 4.684000e-03 2.413920e-01
208 7.530840e-01 4.632000e-03 2.422840e-01
209 7.522720e-01 4.588000e-03 2.431400e-01
210 7.514000e-01 4.680000e-03 2.439200e-01
211 7.505520e-01 4.628000e-03 2.448200e-01
212 7.499080e-01 4.528000e-03 2.455640e-01
213 7.490080e-01 4.684000e-03 2.463080e-01
214 7.481480e-01 4.764000e-03 2.470880e-01
215 7.473680e-01 4.752000e-03 2.478800e-01
216 7.467720e-01 4.488000e-03 2.487400e-01
217 7.460600e-01 4.384000e-03 2.495560e-01
218 7.453080e-01 4.344000e-03 2.503480e-01
219 7.445360e-01 4.352000e-03 2.511120e-01
220 7.438600e-01 4.208000e-03 2.519320e-01
221 7.431640e-01 4.220000e-03 2.526160e-01
222 7.424480e-01 4.168000e-03 2.533840e-01
223 7.417560e-01 4.180000e-03 2.540640e-01
224 7.411160e-01 3.980000e-03 2.549040e-01
225 7.405040e-01 3.976000e-03 2.555200e-01
226 7.397160e-01 3.980000e-03 2.563040e-01
227 7.390360e-01 4.036000e-03 2.569280e-01
228 7.384360e-01 3.896000e-03 2.576680e-01
229 7.377720e-01 3.876000e-03 2.583520e-01
230 7.371680e-01 3.912000e-03 2.589200e-01
231 7.364360e-01 3.952000e-03 2.596120e-01
232 7.358120e-01 3.904000e-03 2.602840e-01
233 7.351920e-01 3.860000e-03 2.609480e-01
234 7.345240e-01 3.872000e-03 2.616040e-01
235 7.337960e-01 3.888000e-03 2.623160e-01
236 7.331720e-01 3.784000e-03 2.630440e-01
237 7.324640e-01 3.812000e-03 2.637240e-01
238 7.318240e-01 3.728000e-03 2.644480e-01
239 7.310840e-01 3.808000e-03 2.651080e-01
240 7.304920e-01 3.772000e-03 2.657360e-01
241 7.300000e-01 3.612000e-03 2.663880e-01
242 7.293600e-01 3.592000e-03 2.670480e-01
243 7.288200e-01 3.488000e-03 2.676920e-01
244 7.282280e-01 3.412000e-03 2.683600e-01
245 7.275800e-01 3.480000e-03 2.689400e-01
246 7.270240e-01 3.468000e-03 2.695080e-01
247 7.265160e-01 3.352000e-03 2.701320e-01
248 7.259200e-01 3.460000e-03 2.706200e-01
249 7.253680e-01 3.332000e-03 2.713000e-01
250 7.248000e-01 3.336000e-03 2.718640e-01
251 7.242440e-01 3.276000e-03 2.724800e-01
252 7.237560e-01 3.212000e-03 2.730320e-01
253 7.232560e-01 3.044000e-03 2.737000e-01
254 7.227600e-01 2.940000e-03 2.743000e-01
255 7.223240e-01 2.812000e-03 2.748640e-01
256 7.218960e-01 2.776000e-03 2.753280e-01
257 7.213080e-01 2.892000e-03 2.758000e-01
258 7.208360e-01 2.844000e-03 2.763200e-01
259 7.202480e-01 2.928000e-03 2.768240e-01
260 7.197280e-01 2.876000e-03 2.773960e-01
261 7.191120e-01 2.876000e-03 2.780120e-01
262 7.185440e-01 2.968000e-03 2.784880e-01
263 7.179800e-01 3.012000e-03 2.790080e-01
264 7.174080e-01 3.136000e-03 2.794560e-01
265 7.168040e-01 3.128000e-03 2.800680e-01
266 7.163400e-01 3.096000e-03 2.805640e-01
267 7.157760e-01 3.136000e-03 2.810880e-01
268 7.151200e-01 3.208000e-03 2.816720e-01
269 7.145760e-01 3.204000e-03 2.822200e-01
270 7.140920e-01 3.124000e-03 2.827840e-01
271 7.135120e-01 3.212000e-03 2.832760e-01
272 7.131120e-01 3.124000e-03 2.837640e-01
273 7.125600e-01 3.016000e-03 2.844240e-01
274 7.120000e-01 2.984000e-03 2.850160e-01
275 7.114600e-01 3.016000e-03 2.855240e-01
276 7.109680e-01 3.016000e-03 2.860160e-01
277 7.105240e-01 2.968000e-03 2.865080e-01
278 7.099600e-01 2.928000e-03 2.871120e-01
279 7.094880e-01 2.872000e-03 2.876400e-01
280 7.090560e-01 2.772000e-03 2.881720e-01
281 7.085480e-01 2.856000e-03 2.885960e-01
282 7.080200e-01 2.836000e-03 2.891440e-01
283 7.075840e-01 2.828000e-03 2.895880e-01
284 7.071520e-01 2.804000e-03 2.900440e-01
285 7.066600e-01 2.808000e-03 2.905320e-01
286 7.062080e-01 2.736000e-03 2.910560e-01
287 7.057920e-01 2.696000e-03 2.915120e-01
288 7.053720e-01 2.616000e-03 2.920120e-01
289 7.048640e-01 2.712000e-03 2.924240e-01
290 7.044240e-01 2.712000e-03 2.928640e-01
291 7.039680e-01 2.684000e-03 2.933480e-01
292 7.034720e-01 2.768000e-03 2.937600e-01
293 7.029480e-01 2.864000e-03 2.941880e-01
294 7.024960e-01 2.748000e-03 2.947560e-01
295 7.021000e-01 2.664000e-03 2.952360e-01
296 7.016760e-01 2.552000e-03 2.957720e-01
297 7.013120e-01 2.552000e-03 2.961360e-01
298 7.008960e-01 2.512000e-03 2.965920e-01
299 7.004680e-01 2.484000e-03 2.970480e-01
300 7.000920e-01 2.480000e-03 2.974280e-01
301 6.997200e-01 2.432000e-03 2.978480e-01
302 6.993960e-01 2.336000e-03 2.982680e-01
303 6.990640e-01 2.248000e-03 2.986880e-01
304 6.987400e-01 2.152000e-03 2.991080e-01
305 6.983480e-01 2.156000e-03 2.994960e-01
306 6.979160e-01 2.196000e-03 2.998880e-01
307 6.975720e-01 2.192000e-03 3.002360e-01
308 6.972120e-01 2.160000e-03 3.006280e-01
309 6.968000e-01 2.236000e-03 3.009640e-01
310 6.963680e-01 2.276000e-03 3.013560e-01
311 6.959680e-01 2.280000e-03 3.017520e-01
312 6.955040e-01 2.388000e-03 3.021080e-01
313 6.951080e-01 2.360000e-03 3.025320e-01
314 6.947040e-01 2.356000e-03 3.029400e-01
315 6.943280e-01 2.320000e-03 3.033520e-01
316 6.939320e-01 2.316000e-03 3.037520e-01
317 6.935120e-01 2.380000e-03 3.041080e-01
318 6.930600e-01 2.448000e-03 3.044920e-01
319 6.926320e-01 2.500000e-03 3.048680e-01
320 6.921680e-01 2.512000e-03 3.053200e-01
321 6.917840e-01 2.468000e-03 3.057480e-01
322 6.914240e-01 2.332000e-03 3.062440e-01
323 6.910400e-01 2.220000e-03 3.067400e-01
324 6.906400e-01 2.276000e-03 3.070840e-01
325 6.901520e-01 2.404000e-03 3.074440e-01
326 6.897200e-01 2.420000e-03 3.078600e-01
327 6.891840e-01 2.528000e-03 3.082880e-01
328 6.887560e-01 2.532000e-03 3.087120e-01
329 6.883080e-01 2.508000e-03 3.091840e-01
330 6.878680e-01 2.548000e-03 3.095840e-01
331 6.874000e-01 2.580000e-03 3.100200e-01
332 6.870240e-01 2.496000e-03 3.104800e-01
333 6.865680e-01 2.536000e-03 3.108960e-01
334 6.860520e-01 2.620000e-03 3.113280e-01
335 6.854680e-01 2.748000e-03 3.117840e-01
336 6.850040e-01 2.760000e-03 3.122360e-01
337 6.845640e-01 2.772000e-03 3.126640e-01
338 6.840080e-01 2.880000e-03 3.131120e-01
339 6.836120e-01 2.808000e-03 3.135800e-01
340 6.832200e-01 2.692000e-03 3.140880e-01
341 6.827800e-01 2.636000e-03 3.145840e-01
342 6.823200e-01 2.620000e-03 3.150600e-01
343 6.818640e-01 2.592000e-03 3.155440e-01
344 6.814240e-01 2.568000e-03 3.160080e-01
345 6.809480e-01 2.584000e-03 3.164680e-01
346 6.804960e-01 2.636000e-03 3.168680e-01
347 6.799680e-01 2.720000e-03 3.173120e-01
348 6.795440e-01 2.556000e-03 3.179000e-01
349 6.790600e-01 2.604000e-03 3.183360e-01
350 6.786800e-01 2.552000e-03 3.187680e-01
351 6.782880e-01 2.456000e-03 3.192560e-01
352 6.778680e-01 2.424000e-03 3.197080e-01
353 6.774800e-01 2.456000e-03 3.200640e-01
354 6.770360e-01 2.476000e-03 3.204880e-01
355 6.766440e-01 2.360000e-03 3.209960e-01
356 6.762200e-01 2.420000e-03 3.213600e-01
357 6.757880e-01 2.408000e-03 3.218040e-01
358 6.753240e-01 2.420000e-03 3.222560e-01
359 6.748320e-01 2.500000e-03 3.226680e-01
360 6.743960e-01 2.500000e-03 3.231040e-01
361 6.739600e-01 2.504000e-03 3.235360e-01
362 6.735920e-01 2.448000e-03 3.239600e-01
363 6.731160e-01 2.504000e-03 3.243800e-01
364 6.727000e-01 2.512000e-03 3.247880e-01
365 6.723280e-01 2.420000e-03 3.252520e-01
366 6.719200e-01 2.404000e-03 3.256760e-01
367 6.715840e-01 2.344000e-03 3.260720e-01
368 6.711920e-01 2.332000e-03 3.264760e-01
369 6.707960e-01 2.312000e-03 3.268920e-01
370 6.704440e-01 2.268000e-03 3.272880e-01
371 6.700520e-01 2.300000e-03 3.276480e-01
372 6.697160e-01 2.184000e-03 3.281000e-01
373 6.693920e-01 2.168000e-03 3.284400e-01
374 6.690320e-01 2.176000e-03 3.287920e-01
375 6.686560e-01 2.256000e-03 3.290880e-01
376 6.683280e-01 2.196000e-03 3.294760e-01
377 6.679720e-01 2.204000e-03 3.298240e-01
378 6.676440e-01 2.112000e-03 3.302440e-01
379 6.673000e-01 2.132000e-03 3.305680e-01
380 6.669520e-01 2.108000e-03 3.309400e-01
381 6.665840e-01 2.080000e-03 3.313360e-01
382 6.662920e-01 2.076000e-03 3.316320e-01
383 6.660360e-01 1.976000e-03 3.319880e-01
384 6.657120e-01 1.992000e-03 3.322960e-01
385 6.654720e-01 1.916000e-03 3.326120e-01
386 6.652320e-01 1.816000e-03 3.329520e-01
387 6.650120e-01 1.704000e-03 3.332840e-01
388 6.647760e-01 1.636000e-03 3.335880e-01
389 6.645840e-01 1.512000e-03 3.339040e-01
390 6.643360e-01 1.484000e-03 3.341800e-01
391 6.641120e-01 1.440000e-03 3.344480e-01
392 6.638320e-01 1.448000e-03 3.347200e-01
393 6.636000e-01 1.452000e-03 3.349480e-01
394 6.634160e-01 1.384000e-03 3.352000e-01
395 6.631720e-01 1.424000e-03 3.354040e-01
396 6.629480e-01 1.396000e-03 3.356560e-01
397 6.627640e-01 1.344000e-03 3.358920e-01
398 6.625080e-01 1.356000e-03 3.361360e-01
399 6.622960e-01 1.332000e-03 3.363720e-01
400 6.620760e-01 1.376000e-03 3.365480e-01
401 6.618760e-01 1.372000e-03 3.367520e-01
402 6.616960e-01 1.296000e-03 3.370080e-01
403 6.614960e-01 1.272000e-03 3.372320e-01
404 6.612280e-01 1.356000e-03 3.374160e-01
405 6.609880e-01 1.364000e-03 3.376480e-01
406 6.607000e-01 1.384000e-03 3.379160e-01
407 6.604160e-01 1.432000e-03 3.381520e-01
408 6.601400e-01 1.472000e-03 3.383880e-01
409 6.598640e-01 1.424000e-03 3.387120e-01
410 6.595680e-01 1.488000e-03 3.389440e-01
411 6.592640e-01 1.556000e-03 3.391800e-01
412 6.589920e-01 1.492000e-03 3.395160e-01
413 6.586680e-01 1.584000e-03 3.397480e-01
414 6.584000e-01 1.572000e-03 3.400280e-01
415 6.581200e-01 1.572000e-03 3.403080e-01
416 6.578640e-01 1.480000e-03 3.406560e-01
417 6.575920e-01 1.504000e-03 3.409040e-01
418 6.573160e-01 1.524000e-03 3.411600e-01
419 6.570760e-01 1.492000e-03 3.414320e-01
420 6.567040e-01 1.616000e-03 3.416800e-01
421 6.563640e-01 1.664000e-03 3.419720e-01
422 6.561080e-01 1.612000e-03 3.422800e-01
423 6.558400e-01 1.564000e-03 3.425960e-01
424 6.556160e-01 1.508000e-03 3.428760e-01
425 6.553440e-01 1.508000e-03 3.431480e-01
426 6.550880e-01 1.484000e-03 3.434280e-01
427 6.548960e-01 1.396000e-03 3.437080e-01
428 6.546760e-01 1.392000e-03 3.439320e-01
429 6.543920e-01 1.432000e-03 3.441760e-01
430 6.542200e-01 1.344000e-03 3.444360e-01
431 6.539800e-01 1.328000e-03 3.446920e-01
432 6.537600e-01 1.356000e-03 3.448840e-01
433 6.535120e-01 1.368000e-03 3.451200e-01
434 6.531920e-01 1.424000e-03 3.453840e-01
435 6.529160e-01 1.464000e-03 3.456200e-01
436 6.527200e-01 1.388000e-03 3.458920e-01
437 6.524640e-01 1.432000e-03 3.461040e-01
438 6.521920e-01 1.464000e-03 3.463440e-01
439 6.519520e-01 1.428000e-03 3.466200e-01
440 6.516760e-01 1.460000e-03 3.468640e-01
441 6.514600e-01 1.432000e-03 3.471080e-01
442 6.512160e-01 1.424000e-03 3.473600e-01
443 6.509720e-01 1.420000e-03 3.476080e-01
444 6.506640e-01 1.484000e-03 3.478520e-01
445 6.503400e-01 1.516000e-03 3.481440e-01
446 6.500760e-01 1.516000e-03 3.484080e-01
447 6.498360e-01 1.496000e-03 3.486680e-01
448 6.495760e-01 1.512000e-03 3.489120e-01
449 6.492760e-01 1.560000e-03 3.491640e-01
450 6.490000e-01 1.624000e-03 3.493760e-01
451 6.487160e-01 1.588000e-03 3.496960e-01
452 6.484360e-01 1.536000e-03 3.500280e-01
453 6.482320e-01 1.484000e-03 3.502840e-01
454 6.479720e-01 1.408000e-03 3.506200e-01
455 6.477280e-01 1.484000e-03 3.507880e-01
456 6.474880e-01 1.416000e-03 3.510960e-01
457 6.472640e-01 1.380000e-03 3.513560e-01
458 6.470520e-01 1.372000e-03 3.515760e-01
459 6.468080e-01 1.396000e-03 3.517960e-01
460 6.465760e-01 1.364000e-03 3.520600e-01
461 6.463320e-01 1.412000e-03 3.522560e-01
462 6.461520e-01 1.328000e-03 3.525200e-01
463 6.459560e-01 1.288000e-03 3.527560e-01
464 6.457120e-01 1.356000e-03 3.529320e-01
465 6.454720e-01 1.352000e-03 3.531760e-01
466 6.452040e-01 1.368000e-03 3.534280e-01
467 6.448880e-01 1.432000e-03 3.536800e-01
468 6.445880e-01 1.472000e-03 3.539400e-01
469 6.443320e-01 1.468000e-03 3.542000e-01
470 6.440640e-01 1.468000e-03 3.544680e-01
471 6.437840e-01 1.500000e-03 3.547160e-01
472 6.435160e-01 1.500000e-03 3.549840e-01
473 6.431640e-01 1.568000e-03 3.552680e-01
474 6.428840e-01 1.600000e-03 3.555160e-01
475 6.425720e-01 1.636000e-03 3.557920e-01
476 6.422920e-01 1.604000e-03 3.561040e-01
477 6.419960e-01 1.588000e-03 3.564160e-01
478 6.417640e-01 1.540000e-03 3.566960e-01
479 6.415520e-01 1.488000e-03 3.569600e-01
480 6.412760e-01 1.500000e-03 3.572240e-01
481 6.410240e-01 1.472000e-03 3.575040e-01
482 6.407960e-01 1.472000e-03 3.577320e-01
483 6.405920e-01 1.396000e-03 3.580120e-01
484 6.403880e-01 1.328000e-03 3.582840e-01
485 6.401600e-01 1.316000e-03 3.585240e-01
486 6.399800e-01 1.272000e-03 3.587480e-01
487 6.396960e-01 1.296000e-03 3.590080e-01
488 6.394680e-01 1.280000e-03 3.592520e-01
489 6.392120e-01 1.272000e-03 3.595160e-01
490 6.390160e-01 1.224000e-03 3.597600e-01
491 6.388000e-01 1.196000e-03 3.600040e-01
492 6.386520e-01 1.172000e-03 3.601760e-01
493 6.384720e-01 1.152000e-03 3.603760e-01
494 6.383200e-01 1.128000e-03 3.605520e-01
495 6.381200e-01 1.132000e-03 3.607480e-01
496 6.378960e-01 1.168000e-03 3.609360e-01
497 6.377320e-01 1.124000e-03 3.611440e-01
498 6.375320e-01 1.168000e-03 3.613000e-01
499 6.373360e-01 1.176000e-03 3.614880e-01
500 6.371440e-01 1.124000e-03 3.617320e-01
