1 9.992560e-01 6.440000e-04 1.000000e-04
2 9.987880e-01 9.760000e-04 2.360000e-04
3 9.981920e-01 1.392000e-03 4.160000e-04
4 9.975040e-01 1.832000e-03 6.640000e-04
5 9.967000e-01 2.236000e-03 1.064000e-03
6 9.957280e-01 2.756000e-03 1.516000e-03
7 9.948280e-01 3.108000e-03 2.064000e-03
8 9.937880e-01 3.628000e-03 2.584000e-03
9 9.927600e-01 4.032000e-03 3.208000e-03
10 9.916320e-01 4.452000e-03 3.916000e-03
11 9.905720e-01 4.712000e-03 4.716000e-03
12 9.893400e-01 5.128000e-03 5.532000e-03
13 9.881640e-01 5.380000e-03 6.456000e-03
14 9.869200e-01 5.596000e-03 7.484000e-03
15 9.857120e-01 5.896000e-03 8.392000e-03
16 9.844960e-01 6.008000e-03 9.496000e-03
17 9.832080e-01 6.308000e-03 1.048400e-02
18 9.818600e-01 6.436000e-03 1.170400e-02
19 9.804960e-01 6.608000e-03 1.289600e-02
20 9.792240e-01 6.676000e-03 1.410000e-02
21 9.778520e-01 6.936000e-03 1.521200e-02
22 9.763000e-01 7.256000e-03 1.644400e-02
23 9.748080e-01 7.452000e-03 1.774000e-02
24 9.733480e-01 7.640000e-03 1.901200e-02
25 9.717600e-01 7.900000e-03 2.034000e-02
26 9.703840e-01 8.008000e-03 2.160800e-02
27 9.687800e-01 8.164000e-03 2.305600e-02
28 9.674160e-01 8.208000e-03 2.437600e-02
29 9.658480e-01 8.408000e-03 2.574400e-02
30 9.642400e-01 8.496000e-03 2.726400e-02
31 9.627680e-01 8.552000e-03 2.868000e-02
32 9.612880e-01 8.552000e-03 3.016000e-02
33 9.598760e-01 8.440000e-03 3.168400e-02
34 9.583720e-01 8.480000e-03 3.314800e-02
35 9.568080e-01 8.472000e-03 3.472000e-02
36 9.551880e-01 8.756000e-03 3.605600e-02
37 9.536960e-01 8.612000e-03 3.769200e-02
38 9.521640e-01 8.652000e-03 3.918400e-02
39 9.503840e-01 8.952000e-03 4.066400e-02
40 9.487320e-01 9.048000e-03 4.222000e-02
41 9.469400e-01 9.164000e-03 4.389600e-02
42 9.453120e-01 9.172000e-03 4.551600e-02
43 9.436000e-01 9.372000e-03 4.702800e-02
44 9.417640e-01 9.568000e-03 4.866800e-02
45 9.401080e-01 9.524000e-03 5.036800e-02
46 9.385240e-01 9.488000e-03 5.198800e-02
47 9.369280e-01 9.496000e-03 5.357600e-02
48 9.351840e-01 9.564000e-03 5.525200e-02
49 9.335440e-01 9.368000e-03 5.708800e-02
50 9.319240e-01 9.292000e-03 5.878400e-02
51 9.302840e-01 9.280000e-03 6.043600e-02
52 9.285040e-01 9.424000e-03 6.207200e-02
53 9.267800e-01 9.440000e-03 6.378000e-02
54 9.250960e-01 9.512000e-03 6.539200e-02
55 9.233320e-01 9.620000e-03 6.704800e-02
56 9.215680e-01 9.660000e-03 6.877200e-02
57 9.199400e-01 9.628000e-03 7.043200e-02
58 9.183600e-01 9.504000e-03 7.213600e-02
59 9.165640e-01 9.456000e-03 7.398000e-02
60 9.150040e-01 9.296000e-03 7.570000e-02
61 9.132880e-01 9.360000e-03 7.735200e-02
62 9.116960e-01 9.448000e-03 7.885600e-02
63 9.099440e-01 9.560000e-03 8.049600e-02
64 9.083480e-01 9.432000e-03 8.222000e-02
65 9.066480e-01 9.368000e-03 8.398400e-02
66 9.049000e-01 9.524000e-03 8.557600e-02
67 9.034960e-01 9.248000e-03 8.725600e-02
68 9.019280e-01 9.132000e-03 8.894000e-02
69 9.002160e-01 9.292000e-03 9.049200e-02
70 8.986240e-01 9.264000e-03 9.211200e-02
71 8.970040e-01 9.272000e-03 9.372400e-02
72 8.952920e-01 9.360000e-03 9.534800e-02
73 8.937800e-01 9.312000e-03 9.690800e-02
74 8.920920e-01 9.336000e-03 9.857200e-02
75 8.904160e-01 9.388000e-03 1.001960e-01
76 8.886320e-01 9.520000e-03 1.018480e-01
77 8.869720e-01 9.388000e-03 1.036400e-01
78 8.854880e-01 9.248000e-03 1.052640e-01
79 8.838760e-01 9.152000e-03 1.069720e-01
80 8.823360e-01 9.088000e-03 1.085760e-01
81 8.806560e-01 9.288000e-03 1.100560e-01
82 8.791520e-01 9.296000e-03 1.115520e-01
83 8.776320e-01 9.268000e-03 1.131000e-01
84 8.758400e-01 9.488000e-03 1.146720e-01
85 8.741520e-01 9.512000e-03 1.163360e-01
86 8.724360e-01 9.596000e-03 1.179680e-01
87 8.707120e-01 9.676000e-03 1.196120e-01
88 8.689560e-01 9.740000e-03 1.213040e-01
89 8.671760e-01 9.932000e-03 1.228920e-01
90 8.653720e-01 9.996000e-03 1.246320e-01
91 8.635320e-01 9.912000e-03 1.265560e-01
92 8.618880e-01 9.892000e-03 1.282200e-01
93 8.600040e-01 9.944000e-03 1.300520e-01
94 8.583160e-01 9.892000e-03 1.317920e-01
95 8.567520e-01 9.820000e-03 1.334280e-01
96 8.550360e-01 9.816000e-03 1.351480e-01
97 8.534760e-01 9.540000e-03 1.369840e-01
98 8.518920e-01 9.368000e-03 1.387400e-01
99 8.502080e-01 9.436000e-03 1.403560e-01
100 8.487080e-01 9.356000e-03 1.419360e-01
101 8.471240e-01 9.208000e-03 1.436680e-01
102 8.455200e-01 9.172000e-03 1.453080e-01
103 8.440120e-01 9.200000e-03 1.467880e-01
104 8.424600e-01 9.188000e-03 1.483520e-01
105 8.408480e-01 9.200000e-03 1.499520e-01
106 8.392280e-01 9.220000e-03 1.515520e-01
107 8.376640e-01 9.228000e-03 1.531080e-01
108 8.360160e-01 9.336000e-03 1.546480e-01
109 8.345560e-01 9.184000e-03 1.562600e-01
110 8.329720e-01 9.148000e-03 1.578800e-01
111 8.314120e-01 9.160000e-03 1.594280e-01
112 8.299640e-01 8.912000e-03 1.611240e-01
113 8.286560e-01 8.648000e-03 1.626960e-01
114 8.272440e-01 8.720000e-03 1.640360e-01
115 8.258720e-01 8.596000e-03 1.655320e-01
116 8.243880e-01 8.596000e-03 1.670160e-01
117 8.228080e-01 8.632000e-03 1.685600e-01
118 8.213000e-01 8.588000e-03 1.701120e-01
119 8.197480e-01 8.676000e-03 1.715760e-01
120 8.180520e-01 8.832000e-03 1.731160e-01
121 8.165360e-01 8.820000e-03 1.746440e-01
122 8.150440e-01 8.752000e-03 1.762040e-01
123 8.136960e-01 8.648000e-03 1.776560e-01
124 8.122520e-01 8.572000e-03 1.791760e-01
125 8.108200e-01 8.564000e-03 1.806160e-01
126 8.092840e-01 8.508000e-03 1.822080e-01
127 8.078640e-01 8.504000e-03 1.836320e-01
128 8.063600e-01 8.520000e-03 1.851200e-01
129 8.047360e-01 8.716000e-03 1.865480e-01
130 8.031680e-01 8.856000e-03 1.879760e-01
131 8.015880e-01 8.900000e-03 1.895120e-01
132 8.001000e-01 8.796000e-03 1.911040e-01
133 7.985360e-01 8.976000e-03 1.924880e-01
134 7.970840e-01 8.756000e-03 1.941600e-01
135 7.954920e-01 8.792000e-03 1.957160e-01
136 7.940840e-01 8.728000e-03 1.971880e-01
137 7.925680e-01 8.724000e-03 1.987080e-01
138 7.909480e-01 8.848000e-03 2.002040e-01
139 7.894520e-01 8.752000e-03 2.017960e-01
140 7.881120e-01 8.644000e-03 2.032440e-01
141 7.867320e-01 8.496000e-03 2.047720e-01
142 7.851920e-01 8.412000e-03 2.063960e-01
143 7.837160e-01 8.436000e-03 2.078480e-01
144 7.822920e-01 8.392000e-03 2.093160e-01
145 7.808720e-01 8.300000e-03 2.108280e-01
146 7.794960e-01 8.228000e-03 2.122760e-01
147 7.781280e-01 8.048000e-03 2.138240e-01
148 7.768480e-01 7.960000e-03 2.151920e-01
149 7.755000e-01 7.884000e-03 2.166160e-01
150 7.742240e-01 7.812000e-03 2.179640e-01
151 7.729640e-01 7.612000e-03 2.194240e-01
152 7.716560e-01 7.588000e-03 2.207560e-01
153 7.703400e-01 7.556000e-03 2.221040e-01
154 7.691960e-01 7.468000e-03 2.233360e-01
155 7.680920e-01 7.240000e-03 2.246680e-01
156 7.670120e-01 7.072000e-03 2.259160e-01
157 7.658800e-01 7.028000e-03 2.270920e-01
158 7.645760e-01 7.228000e-03 2.281960e-01
159 7.631640e-01 7.360000e-03 2.294760e-01
160 7.617240e-01 7.576000e-03 2.307000e-01
161 7.603480e-01 7.668000e-03 2.319840e-01
162 7.590360e-01 7.736000e-03 2.332280e-01
163 7.577160e-01 7.644000e-03 2.346400e-01
164 7.563680e-01 7.620000e-03 2.360120e-01
165 7.550800e-01 7.668000e-03 2.372520e-01
166 7.537920e-01 7.660000e-03 2.385480e-01
167 7.526080e-01 7.504000e-03 2.398880e-01
168 7.513040e-01 7.500000e-03 2.411960e-01
169 7.501480e-01 7.336000e-03 2.425160e-01
170 7.489480e-01 7.172000e-03 2.438800e-01
171 7.476120e-01 7.100000e-03 2.452880e-01
172 7.463960e-01 7.080000e-03 2.465240e-01
173 7.451880e-01 7.028000e-03 2.477840e-01
174 7.439840e-01 7.052000e-03 2.489640e-01
175 7.428600e-01 6.944000e-03 2.501960e-01
176 7.418960e-01 6.672000e-03 2.514320e-01
177 7.408880e-01 6.456000e-03 2.526560e-01
178 7.398640e-01 6.324000e-03 2.538120e-01
179 7.388240e-01 6.140000e-03 2.550360e-01
180 7.377120e-01 6.116000e-03 2.561720e-01
181 7.366960e-01 6.048000e-03 2.572560e-01
182 7.357120e-01 5.928000e-03 2.583600e-01
183 7.346600e-01 5.940000e-03 2.594000e-01
184 7.336440e-01 5.840000e-03 2.605160e-01
185 7.325200e-01 5.900000e-03 2.615800e-01
186 7.313680e-01 6.028000e-03 2.626040e-01
187 7.302320e-01 6.080000e-03 2.636880e-01
188 7.291360e-01 6.120000e-03 2.647440e-01
189 7.280600e-01 6.080000e-03 2.658600e-01
190 7.270880e-01 5.920000e-03 2.669920e-01
191 7.260000e-01 5.964000e-03 2.680360e-01
192 7.250400e-01 5.896000e-03 2.690640e-01
193 7.241840e-01 5.672000e-03 2.701440e-01
194 7.232120e-01 5.668000e-03 2.711200e-01
195 7.221160e-01 5.760000e-03 2.721240e-01
196 7.211040e-01 5.780000e-03 2.731160e-01
197 7.202440e-01 5.520000e-03 2.742360e-01
198 7.193920e-01 5.428000e-03 2.751800e-01
199 7.183920e-01 5.356000e-03 2.762520e-01
200 7.175040e-01 5.296000e-03 2.772000e-01
201 7.166440e-01 5.164000e-03 2.781920e-01
202 7.157320e-01 5.240000e-03 2.790280e-01
203 7.146640e-01 5.308000e-03 2.800280e-01
204 7.136360e-01 5.332000e-03 2.810320e-01
205 7.126880e-01 5.352000e-03 2.819600e-01
206 7.116240e-01 5.468000e-03 2.829080e-01
207 7.106240e-01 5.564000e-03 2.838120e-01
208 7.096680e-01 5.540000e-03 2.847920e-01
209 7.085240e-01 5.588000e-03 2.858880e-01
210 7.074600e-01 5.588000e-03 2.869520e-01
211 7.064800e-01 5.520000e-03 2.880000e-01
212 7.053800e-01 5.664000e-03 2.889560e-01
213 7.042200e-01 5.808000e-03 2.899720e-01
214 7.032920e-01 5.824000e-03 2.908840e-01
215 7.022280e-01 5.900000e-03 2.918720e-01
216 7.011880e-01 5.924000e-03 2.928880e-01
217 7.001760e-01 5.888000e-03 2.939360e-01
218 6.992400e-01 5.880000e-03 2.948800e-01
219 6.983280e-01 5.784000e-03 2.958880e-01
220 6.974200e-01 5.608000e-03 2.969720e-01
221 6.964040e-01 5.560000e-03 2.980360e-01
222 6.954560e-01 5.444000e-03 2.991000e-01
223 6.946720e-01 5.288000e-03 3.000400e-01
224 6.938280e-01 5.216000e-03 3.009560e-01
225 6.929440e-01 5.168000e-03 3.018880e-01
226 6.920360e-01 5.176000e-03 3.027880e-01
227 6.912280e-01 5.192000e-03 3.035800e-01
228 6.902920e-01 5.140000e-03 3.045680e-01
229 6.894200e-01 5.016000e-03 3.055640e-01
230 6.885800e-01 5.076000e-03 3.063440e-01
231 6.876520e-01 5.144000e-03 3.072040e-01
232 6.868360e-01 5.036000e-03 3.081280e-01
233 6.858880e-01 5.120000e-03 3.089920e-01
234 6.851480e-01 5.068000e-03 3.097840e-01
235 6.842520e-01 5.096000e-03 3.106520e-01
236 6.835000e-01 4.944000e-03 3.115560e-01
237 6.825240e-01 5.112000e-03 3.123640e-01
238 6.816360e-01 5.172000e-03 3.131920e-01
239 6.807800e-01 5.048000e-03 3.141720e-01
240 6.798560e-01 5.076000e-03 3.150680e-01
241 6.789040e-01 5.168000e-03 3.159280e-01
242 6.780640e-01 5.180000e-03 3.167560e-01
243 6.770920e-01 5.312000e-03 3.175960e-01
244 6.761280e-01 5.444000e-03 3.184280e-01
245 6.753240e-01 5.392000e-03 3.192840e-01
246 6.744280e-01 5.320000e-03 3.202520e-01
247 6.735640e-01 5.372000e-03 3.210640e-01
248 6.726560e-01 5.320000e-03 3.220240e-01
249 6.717440e-01 5.320000e-03 3.229360e-01
250 6.708840e-01 5.324000e-03 3.237920e-01
251 6.699760e-01 5.292000e-03 3.247320e-01
252 6.691720e-01 5.160000e-03 3.256680e-01
253 6.684000e-01 5.004000e-03 3.265960e-01
254 6.675800e-01 5.044000e-03 3.273760e-01
255 6.666760e-01 5.028000e-03 3.282960e-01
256 6.658560e-01 4.916000e-03 3.292280e-01
257 6.650960e-01 4.904000e-03 3.300000e-01
258 6.643440e-01 4.876000e-03 3.307800e-01
259 6.635200e-01 4.904000e-03 3.315760e-01
260 6.627600e-01 4.688000e-03 3.325520e-01
261 6.620680e-01 4.576000e-03 3.333560e-01
262 6.612720e-01 4.600000e-03 3.341280e-01
263 6.603480e-01 4.656000e-03 3.349960e-01
264 6.595920e-01 4.564000e-03 3.358440e-01
265 6.587720e-01 4.580000e-03 3.366480e-01
266 6.580040e-01 4.540000e-03 3.374560e-01
267 6.571360e-01 4.696000e-03 3.381680e-01
268 6.564000e-01 4.584000e-03 3.390160e-01
269 6.556000e-01 4.620000e-03 3.397800e-01
270 6.547400e-01 4.600000e-03 3.406600e-01
271 6.539760e-01 4.568000e-03 3.414560e-01
272 6.533440e-01 4.444000e-03 3.422120e-01
273 6.526320e-01 4.312000e-03 3.430560e-01
274 6.519360e-01 4.252000e-03 3.438120e-01
275 6.512200e-01 4.216000e-03 3.445640e-01
276 6.505360e-01 4.040000e-03 3.454240e-01
277 6.498720e-01 4.068000e-03 3.460600e-01
278 6.491760e-01 4.020000e-03 3.468040e-01
279 6.484680e-01 3.984000e-03 3.475480e-01
280 6.479160e-01 3.900000e-03 3.481840e-01
281 6.473920e-01 3.684000e-03 3.489240e-01
282 6.468400e-01 3.600000e-03 3.495600e-01
283 6.462040e-01 3.672000e-03 3.501240e-01
284 6.456400e-01 3.680000e-03 3.506800e-01
285 6.450600e-01 3.636000e-03 3.513040e-01
286 6.445560e-01 3.432000e-03 3.520120e-01
287 6.440720e-01 3.344000e-03 3.525840e-01
288 6.435240e-01 3.324000e-03 3.531520e-01
289 6.430760e-01 3.196000e-03 3.537280e-01
290 6.425000e-01 3.192000e-03 3.543080e-01
291 6.419320e-01 3.192000e-03 3.548760e-01
292 6.413840e-01 3.164000e-03 3.554520e-01
293 6.408720e-01 3.088000e-03 3.560400e-01
294 6.403640e-01 3.068000e-03 3.565680e-01
295 6.397720e-01 3.092000e-03 3.571360e-01
296 6.393360e-01 2.988000e-03 3.576760e-01
297 6.388800e-01 2.880000e-03 3.582400e-01
298 6.384480e-01 2.820000e-03 3.587320e-01
299 6.379680e-01 2.784000e-03 3.592480e-01
300 6.374000e-01 2.848000e-03 3.597520e-01
301 6.369000e-01 2.812000e-03 3.602880e-01
302 6.364560e-01 2.696000e-03 3.608480e-01
303 6.359960e-01 2.676000e-03 3.613280e-01
304 6.355760e-01 2.572000e-03 3.618520e-01
305 6.352440e-01 2.440000e-03 3.623160e-01
306 6.348560e-01 2.328000e-03 3.628160e-01
307 6.344800e-01 2.208000e-03 3.633120e-01
308 6.341280e-01 2.224000e-03 3.636480e-01
309 6.337400e-01 2.252000e-03 3.640080e-01
310 6.334280e-01 2.120000e-03 3.644520e-01
311 6.330400e-01 2.108000e-03 3.648520e-01
312 6.327040e-01 2.056000e-03 3.652400e-01
313 6.322720e-01 2.112000e-03 3.656160e-01
314 6.318280e-01 2.224000e-03 3.659480e-01
315 6.313880e-01 2.232000e-03 3.663800e-01
316 6.309640e-01 2.280000e-03 3.667560e-01
317 6.305120e-01 2.324000e-03 3.671640e-01
318 6.301320e-01 2.348000e-03 3.675200e-01
319 6.296960e-01 2.344000e-03 3.679600e-01
320 6.292160e-01 2.452000e-03 3.683320e-01
321 6.288240e-01 2.440000e-03 3.687360e-01
322 6.284040e-01 2.464000e-03 3.691320e-01
323 6.280040e-01 2.408000e-03 3.695880e-01
324 6.275320e-01 2.408000e-03 3.700600e-01
325 6.271480e-01 2.388000e-03 3.704640e-01
326 6.267560e-01 2.416000e-03 3.708280e-01
327 6.263400e-01 2.384000e-03 3.712760e-01
328 6.258400e-01 2.440000e-03 3.717200e-01
329 6.254800e-01 2.412000e-03 3.721080e-01
330 6.251560e-01 2.320000e-03 3.725240e-01
331 6.247680e-01 2.328000e-03 3.729040e-01
332 6.244600e-01 2.268000e-03 3.732720e-01
333 6.241560e-01 2.168000e-03 3.736760e-01
334 6.237640e-01 2.140000e-03 3.740960e-01
335 6.233840e-01 2.148000e-03 3.744680e-01
336 6.229680e-01 2.160000e-03 3.748720e-01
337 6.226760e-01 2.040000e-03 3.752840e-01
338 6.223680e-01 2.036000e-03 3.755960e-01
339 6.220600e-01 1.980000e-03 3.759600e-01
340 6.217480e-01 1.984000e-03 3.762680e-01
341 6.214400e-01 1.964000e-03 3.765960e-01
342 6.211560e-01 1.940000e-03 3.769040e-01
343 6.209240e-01 1.896000e-03 3.771800e-01
344 6.206080e-01 1.880000e-03 3.775120e-01
345 6.203640e-01 1.764000e-03 3.778720e-01
346 6.201160e-01 1.708000e-03 3.781760e-01
347 6.198520e-01 1.724000e-03 3.784240e-01
348 6.196360e-01 1.680000e-03 3.786840e-01
349 6.193480e-01 1.708000e-03 3.789440e-01
350 6.190800e-01 1.720000e-03 3.792000e-01
351 6.187080e-01 1.844000e-03 3.794480e-01
352 6.183480e-01 1.824000e-03 3.798280e-01
353 6.180960e-01 1.776000e-03 3.801280e-01
354 6.177800e-01 1.840000e-03 3.803800e-01
355 6.175040e-01 1.756000e-03 3.807400e-01
356 6.171680e-01 1.804000e-03 3.810280e-01
357 6.168960e-01 1.784000e-03 3.813200e-01
358 6.165800e-01 1.760000e-03 3.816600e-01
359 6.163200e-01 1.696000e-03 3.819840e-01
360 6.159760e-01 1.744000e-03 3.822800e-01
361 6.156680e-01 1.756000e-03 3.825760e-01
362 6.153920e-01 1.728000e-03 3.828800e-01
363 6.151040e-01 1.644000e-03 3.832520e-01
364 6.148320e-01 1.660000e-03 3.835080e-01
365 6.145800e-01 1.628000e-03 3.837920e-01
366 6.143840e-01 1.508000e-03 3.841080e-01
367 6.141560e-01 1.444000e-03 3.844000e-01
368 6.138720e-01 1.468000e-03 3.846600e-01
369 6.135560e-01 1.528000e-03 3.849160e-01
370 6.132320e-01 1.612000e-03 3.851560e-01
371 6.129200e-01 1.688000e-03 3.853920e-01
372 6.126240e-01 1.700000e-03 3.856760e-01
373 6.123080e-01 1.692000e-03 3.860000e-01
374 6.119880e-01 1.728000e-03 3.862840e-01
375 6.117080e-01 1.768000e-03 3.865240e-01
376 6.114280e-01 1.732000e-03 3.868400e-01
377 6.111680e-01 1.704000e-03 3.871280e-01
378 6.109240e-01 1.632000e-03 3.874440e-01
379 6.106560e-01 1.604000e-03 3.877400e-01
380 6.104520e-01 1.532000e-03 3.880160e-01
381 6.102200e-01 1.516000e-03 3.882640e-01
382 6.100280e-01 1.452000e-03 3.885200e-01
383 6.098160e-01 1.444000e-03 3.887400e-01
384 6.095840e-01 1.396000e-03 3.890200e-01
385 6.093520e-01 1.364000e-03 3.892840e-01
386 6.091440e-01 1.336000e-03 3.895200e-01
387 6.089120e-01 1.328000e-03 3.897600e-01
388 6.087320e-01 1.280000e-03 3.899880e-01
389 6.085480e-01 1.260000e-03 3.901920e-01
390 6.083760e-01 1.196000e-03 3.904280e-01
391 6.082120e-01 1.140000e-03 3.906480e-01
392 6.080360e-01 1.116000e-03 3.908480e-01
393 6.078600e-01 1.080000e-03 3.910600e-01
394 6.077160e-01 1.040000e-03 3.912440e-01
395 6.075600e-01 1.000000e-03 3.914400e-01
396 6.073360e-01 1.064000e-03 3.916000e-01
397 6.071080e-01 1.088000e-03 3.918040e-01
398 6.069040e-01 1.108000e-03 3.919880e-01
399 6.067280e-01 1.116000e-03 3.921560e-01
400 6.065400e-01 1.140000e-03 3.923200e-01
401 6.062880e-01 1.224000e-03 3.924880e-01
402 6.060520e-01 1.248000e-03 3.927000e-01
403 6.058280e-01 1.260000e-03 3.929120e-01
404 6.056160e-01 1.268000e-03 3.931160e-01
405 6.054280e-01 1.252000e-03 3.933200e-01
406 6.052600e-01 1.176000e-03 3.935640e-01
407 6.050600e-01 1.188000e-03 3.937520e-01
408 6.048560e-01 1.184000e-03 3.939600e-01
409 6.046320e-01 1.228000e-03 3.941400e-01
410 6.044200e-01 1.188000e-03 3.943920e-01
411 6.041680e-01 1.188000e-03 3.946440e-01
412 6.039520e-01 1.244000e-03 3.948040e-01
413 6.037720e-01 1.196000e-03 3.950320e-01
414 6.035680e-01 1.208000e-03 3.952240e-01
415 6.033480e-01 1.228000e-03 3.954240e-01
416 6.030680e-01 1.292000e-03 3.956400e-01
417 6.027920e-01 1.328000e-03 3.958800e-01
418 6.025120e-01 1.368000e-03 3.961200e-01
419 6.022760e-01 1.352000e-03 3.963720e-01
420 6.019680e-01 1.416000e-03 3.966160e-01
421 6.016960e-01 1.452000e-03 3.968520e-01
422 6.013720e-01 1.504000e-03 3.971240e-01
423 6.010720e-01 1.564000e-03 3.973640e-01
424 6.007960e-01 1.576000e-03 3.976280e-01
425 6.004120e-01 1.668000e-03 3.979200e-01
426 6.001680e-01 1.684000e-03 3.981480e-01
427 5.998720e-01 1.632000e-03 3.984960e-01
428 5.995720e-01 1.636000e-03 3.987920e-01
429 5.993280e-01 1.572000e-03 3.991000e-01
430 5.990480e-01 1.576000e-03 3.993760e-01
431 5.988200e-01 1.544000e-03 3.996360e-01
432 5.985000e-01 1.596000e-03 3.999040e-01
433 5.982920e-01 1.528000e-03 4.001800e-01
434 5.980080e-01 1.520000e-03 4.004720e-01
435 5.977960e-01 1.500000e-03 4.007040e-01
436 5.975360e-01 1.504000e-03 4.009600e-01
437 5.973680e-01 1.392000e-03 4.012400e-01
438 5.971360e-01 1.408000e-03 4.014560e-01
439 5.968840e-01 1.432000e-03 4.016840e-01
440 5.965640e-01 1.496000e-03 4.019400e-01
441 5.963160e-01 1.484000e-03 4.022000e-01
442 5.961160e-01 1.452000e-03 4.024320e-01
443 5.958920e-01 1.416000e-03 4.026920e-01
444 5.957280e-01 1.336000e-03 4.029360e-01
445 5.955880e-01 1.252000e-03 4.031600e-01
446 5.953840e-01 1.236000e-03 4.033800e-01
447 5.951720e-01 1.248000e-03 4.035800e-01
448 5.949720e-01 1.224000e-03 4.038040e-01
449 5.947800e-01 1.252000e-03 4.039680e-01
450 5.945840e-01 1.236000e-03 4.041800e-01
451 5.944200e-01 1.164000e-03 4.044160e-01
452 5.942560e-01 1.156000e-03 4.045880e-01
453 5.941000e-01 1.168000e-03 4.047320e-01
454 5.939440e-01 1.108000e-03 4.049480e-01
455 5.937840e-01 1.068000e-03 4.051480e-01
456 5.936560e-01 1.028000e-03 4.053160e-01
457 5.934040e-01 1.096000e-03 4.055000e-01
458 5.932040e-01 1.056000e-03 4.057400e-01
459 5.930320e-01 1.036000e-03 4.059320e-01
460 5.928800e-01 1.060000e-03 4.060600e-01
461 5.927160e-01 1.016000e-03 4.062680e-01
462 5.925640e-01 1.028000e-03 4.064080e-01
463 5.924320e-01 9.640000e-04 4.066040e-01
464 5.922720e-01 9.680000e-04 4.067600e-01
465 5.921520e-01 9.360000e-04 4.069120e-01
466 5.920200e-01 9.240000e-04 4.070560e-01
467 5.919400e-01 8.240000e-04 4.072360e-01
468 5.918400e-01 8.240000e-04 4.073360e-01
469 5.917400e-01 8.000000e-04 4.074600e-01
470 5.916120e-01 7.840000e-04 4.076040e-01
471 5.914880e-01 7.400000e-04 4.077720e-01
472 5.914120e-01 6.920000e-04 4.078960e-01
473 5.913320e-01 6.400000e-04 4.080280e-01
474 5.912040e-01 6.440000e-04 4.081520e-01
475 5.910760e-01 7.000000e-04 4.082240e-01
476 5.909400e-01 7.160000e-04 4.083440e-01
477 5.908080e-01 7.400000e-04 4.084520e-01
478 5.906720e-01 7.400000e-04 4.085880e-01
479 5.905280e-01 7.280000e-04 4.087440e-01
480 5.903880e-01 7.280000e-04 4.088840e-01
481 5.903040e-01 6.760000e-04 4.090200e-01
482 5.901880e-01 6.640000e-04 4.091480e-01
483 5.901160e-01 5.960000e-04 4.092880e-01
484 5.899920e-01 5.920000e-04 4.094160e-01
485 5.899160e-01 5.560000e-04 4.095280e-01
486 5.898400e-01 5.000000e-04 4.096600e-01
487 5.897840e-01 4.720000e-04 4.097440e-01
488 5.897240e-01 4.280000e-04 4.098480e-01
489 5.896680e-01 4.000000e-04 4.099320e-01
490 5.896280e-01 3.520000e-04 4.100200e-01
491 5.895720e-01 3.280000e-04 4.101000e-01
492 5.895440e-01 3.040000e-04 4.101520e-01
493 5.894760e-01 3.160000e-04 4.102080e-01
494 5.893960e-01 3.280000e-04 4.102760e-01
495 5.893240e-01 3.360000e-04 4.103400e-01
496 5.892840e-01 3.000000e-04 4.104160e-01
497 5.892120e-01 3.120000e-04 4.104760e-01
498 5.891560e-01 3.440000e-04 4.105000e-01
499 5.891000e-01 3.400000e-04 4.105600e-01
500 5.890440e-01 3.120000e-04 4.106440e-01
