1 9.991560e-01 7.320000e-04 1.120000e-04
2 9.984760e-01 1.220000e-03 3.040000e-04
3 9.977000e-01 1.736000e-03 5.640000e-04
4 9.967400e-01 2.344000e-03 9.160000e-04
5 9.957920e-01 2.864000e-03 1.344000e-03
6 9.947520e-01 3.352000e-03 1.896000e-03
7 9.937000e-01 3.736000e-03 2.564000e-03
8 9.925120e-01 4.240000e-03 3.248000e-03
9 9.913800e-01 4.624000e-03 3.996000e-03
10 9.900400e-01 5.124000e-03 4.836000e-03
11 9.888000e-01 5.368000e-03 5.832000e-03
12 9.876680e-01 5.500000e-03 6.832000e-03
13 9.863680e-01 5.708000e-03 7.924000e-03
14 9.850800e-01 6.004000e-03 8.916000e-03
15 9.838800e-01 6.044000e-03 1.007600e-02
16 9.826880e-01 6.124000e-03 1.118800e-02
17 9.813960e-01 6.324000e-03 1.228000e-02
18 9.800800e-01 6.488000e-03 1.343200e-02
19 9.787320e-01 6.752000e-03 1.451600e-02
20 9.773200e-01 6.912000e-03 1.576800e-02
21 9.757680e-01 7.296000e-03 1.693600e-02
22 9.743120e-01 7.464000e-03 1.822400e-02
23 9.728400e-01 7.656000e-03 1.950400e-02
24 9.713080e-01 7.808000e-03 2.088400e-02
25 9.698640e-01 7.932000e-03 2.220400e-02
26 9.683720e-01 7.984000e-03 2.364400e-02
27 9.669120e-01 8.112000e-03 2.497600e-02
28 9.654240e-01 8.208000e-03 2.636800e-02
29 9.640000e-01 8.196000e-03 2.780400e-02
30 9.625520e-01 8.232000e-03 2.921600e-02
31 9.610920e-01 8.328000e-03 3.058000e-02
32 9.594480e-01 8.448000e-03 3.210400e-02
33 9.579080e-01 8.484000e-03 3.360800e-02
34 9.564400e-01 8.484000e-03 3.507600e-02
35 9.549360e-01 8.492000e-03 3.657200e-02
36 9.534640e-01 8.512000e-03 3.802400e-02
37 9.518200e-01 8.672000e-03 3.950800e-02
38 9.502320e-01 8.708000e-03 4.106000e-02
39 9.486000e-01 8.872000e-03 4.252800e-02
40 9.468680e-01 8.940000e-03 4.419200e-02
41 9.452600e-01 9.032000e-03 4.570800e-02
42 9.437640e-01 8.868000e-03 4.736800e-02
43 9.423040e-01 8.688000e-03 4.900800e-02
44 9.407520e-01 8.604000e-03 5.064400e-02
45 9.391840e-01 8.752000e-03 5.206400e-02
46 9.375120e-01 8.940000e-03 5.354800e-02
47 9.357720e-01 9.180000e-03 5.504800e-02
48 9.342840e-01 9.020000e-03 5.669600e-02
49 9.328080e-01 8.876000e-03 5.831600e-02
50 9.312720e-01 8.920000e-03 5.980800e-02
51 9.296000e-01 9.128000e-03 6.127200e-02
52 9.279200e-01 9.156000e-03 6.292400e-02
53 9.262960e-01 9.292000e-03 6.441200e-02
54 9.247400e-01 9.312000e-03 6.594800e-02
55 9.229640e-01 9.436000e-03 6.760000e-02
56 9.210680e-01 9.724000e-03 6.920800e-02
57 9.193000e-01 9.920000e-03 7.078000e-02
58 9.174200e-01 1.004000e-02 7.254000e-02
59 9.156520e-01 1.018800e-02 7.416000e-02
60 9.138760e-01 9.980000e-03 7.614400e-02
61 9.120920e-01 9.956000e-03 7.795200e-02
62 9.103480e-01 9.840000e-03 7.981200e-02
63 9.084960e-01 1.014400e-02 8.136000e-02
64 9.066440e-01 1.016400e-02 8.319200e-02
65 9.048720e-01 1.020400e-02 8.492400e-02
66 9.030000e-01 1.030800e-02 8.669200e-02
67 9.014360e-01 1.012400e-02 8.844000e-02
68 8.999280e-01 9.864000e-03 9.020800e-02
69 8.984840e-01 9.548000e-03 9.196800e-02
70 8.968560e-01 9.460000e-03 9.368400e-02
71 8.953480e-01 9.368000e-03 9.528400e-02
72 8.936800e-01 9.564000e-03 9.675600e-02
73 8.920040e-01 9.536000e-03 9.846000e-02
74 8.902480e-01 9.704000e-03 1.000480e-01
75 8.886880e-01 9.456000e-03 1.018560e-01
76 8.871320e-01 9.308000e-03 1.035600e-01
77 8.856120e-01 9.288000e-03 1.051000e-01
78 8.841000e-01 9.216000e-03 1.066840e-01
79 8.825760e-01 9.200000e-03 1.082240e-01
80 8.811800e-01 9.180000e-03 1.096400e-01
81 8.796640e-01 9.020000e-03 1.113160e-01
82 8.782960e-01 8.912000e-03 1.127920e-01
83 8.767360e-01 8.880000e-03 1.143840e-01
84 8.751200e-01 8.876000e-03 1.160040e-01
85 8.735440e-01 8.956000e-03 1.175000e-01
86 8.719040e-01 8.988000e-03 1.191080e-01
87 8.702880e-01 8.936000e-03 1.207760e-01
88 8.687240e-01 8.960000e-03 1.223160e-01
89 8.672080e-01 8.952000e-03 1.238400e-01
90 8.657200e-01 8.808000e-03 1.254720e-01
91 8.641640e-01 8.796000e-03 1.270400e-01
92 8.627640e-01 8.604000e-03 1.286320e-01
93 8.611240e-01 8.716000e-03 1.301600e-01
94 8.595360e-01 8.736000e-03 1.317280e-01
95 8.578560e-01 8.932000e-03 1.332120e-01
96 8.562920e-01 8.828000e-03 1.348800e-01
97 8.548640e-01 8.624000e-03 1.365120e-01
98 8.534040e-01 8.572000e-03 1.380240e-01
99 8.519200e-01 8.652000e-03 1.394280e-01
100 8.504800e-01 8.464000e-03 1.410560e-01
101 8.491560e-01 8.312000e-03 1.425320e-01
102 8.477280e-01 8.284000e-03 1.439880e-01
103 8.463400e-01 8.152000e-03 1.455080e-01
104 8.447480e-01 8.356000e-03 1.468960e-01
105 8.431520e-01 8.500000e-03 1.483480e-01
106 8.416640e-01 8.616000e-03 1.497200e-01
107 8.401400e-01 8.608000e-03 1.512520e-01
108 8.386560e-01 8.536000e-03 1.528080e-01
109 8.372360e-01 8.392000e-03 1.543720e-01
110 8.359400e-01 8.272000e-03 1.557880e-01
111 8.345120e-01 8.244000e-03 1.572440e-01
112 8.330680e-01 8.336000e-03 1.585960e-01
113 8.315800e-01 8.416000e-03 1.600040e-01
114 8.301800e-01 8.276000e-03 1.615440e-01
115 8.286720e-01 8.360000e-03 1.629680e-01
116 8.273640e-01 8.176000e-03 1.644600e-01
117 8.261120e-01 7.896000e-03 1.659920e-01
118 8.246520e-01 7.984000e-03 1.673640e-01
119 8.232120e-01 8.028000e-03 1.687600e-01
120 8.218880e-01 7.996000e-03 1.701160e-01
121 8.205040e-01 7.964000e-03 1.715320e-01
122 8.190080e-01 8.000000e-03 1.729920e-01
123 8.176560e-01 7.964000e-03 1.743800e-01
124 8.162840e-01 7.824000e-03 1.758920e-01
125 8.148480e-01 7.896000e-03 1.772560e-01
126 8.134760e-01 7.972000e-03 1.785520e-01
127 8.120800e-01 8.104000e-03 1.798160e-01
128 8.105920e-01 8.016000e-03 1.813920e-01
129 8.090800e-01 8.104000e-03 1.828160e-01
130 8.076760e-01 8.064000e-03 1.842600e-01
131 8.062960e-01 8.036000e-03 1.856680e-01
132 8.048520e-01 8.104000e-03 1.870440e-01
133 8.035400e-01 8.116000e-03 1.883440e-01
134 8.022000e-01 8.144000e-03 1.896560e-01
135 8.006680e-01 8.356000e-03 1.909760e-01
136 7.992200e-01 8.444000e-03 1.923360e-01
137 7.976680e-01 8.408000e-03 1.939240e-01
138 7.960720e-01 8.404000e-03 1.955240e-01
139 7.945640e-01 8.432000e-03 1.970040e-01
140 7.930000e-01 8.364000e-03 1.986360e-01
141 7.915840e-01 8.276000e-03 2.001400e-01
142 7.901920e-01 8.244000e-03 2.015640e-01
143 7.887520e-01 8.148000e-03 2.031000e-01
144 7.872320e-01 8.284000e-03 2.044840e-01
145 7.859680e-01 8.060000e-03 2.059720e-01
146 7.846480e-01 7.988000e-03 2.073640e-01
147 7.834320e-01 7.840000e-03 2.087280e-01
148 7.821320e-01 7.672000e-03 2.101960e-01
149 7.809560e-01 7.472000e-03 2.115720e-01
150 7.797480e-01 7.324000e-03 2.129280e-01
151 7.785600e-01 7.212000e-03 2.142280e-01
152 7.772600e-01 7.196000e-03 2.155440e-01
153 7.759800e-01 7.188000e-03 2.168320e-01
154 7.746400e-01 7.288000e-03 2.180720e-01
155 7.732280e-01 7.352000e-03 2.194200e-01
156 7.719240e-01 7.324000e-03 2.207520e-01
157 7.705720e-01 7.476000e-03 2.219520e-01
158 7.692720e-01 7.472000e-03 2.232560e-01
159 7.679400e-01 7.576000e-03 2.244840e-01
160 7.668360e-01 7.340000e-03 2.258240e-01
161 7.655920e-01 7.388000e-03 2.270200e-01
162 7.644080e-01 7.240000e-03 2.283520e-01
163 7.631200e-01 7.296000e-03 2.295840e-01
164 7.618760e-01 7.256000e-03 2.308680e-01
165 7.606960e-01 7.276000e-03 2.320280e-01
166 7.595440e-01 7.216000e-03 2.332400e-01
167 7.583240e-01 7.020000e-03 2.346560e-01
168 7.571240e-01 6.928000e-03 2.359480e-01
169 7.559000e-01 6.852000e-03 2.372480e-01
170 7.547520e-01 6.880000e-03 2.383680e-01
171 7.535720e-01 6.900000e-03 2.395280e-01
172 7.524120e-01 6.880000e-03 2.407080e-01
173 7.511400e-01 6.892000e-03 2.419680e-01
174 7.497800e-01 6.968000e-03 2.432520e-01
175 7.484600e-01 6.928000e-03 2.446120e-01
176 7.471760e-01 6.956000e-03 2.458680e-01
177 7.459120e-01 7.000000e-03 2.470880e-01
178 7.448000e-01 6.924000e-03 2.482760e-01
179 7.434880e-01 7.044000e-03 2.494680e-01
180 7.423040e-01 6.944000e-03 2.507520e-01
181 7.411360e-01 6.948000e-03 2.519160e-01
182 7.399760e-01 6.888000e-03 2.531360e-01
183 7.388440e-01 6.868000e-03 2.542880e-01
184 7.377440e-01 6.768000e-03 2.554880e-01
185 7.365880e-01 6.688000e-03 2.567240e-01
186 7.355840e-01 6.568000e-03 2.578480e-01
187 7.343480e-01 6.772000e-03 2.588800e-01
188 7.332560e-01 6.744000e-03 2.600000e-01
189 7.321200e-01 6.728000e-03 2.611520e-01
190 7.309640e-01 6.724000e-03 2.623120e-01
191 7.299600e-01 6.564000e-03 2.634760e-01
192 7.289080e-01 6.452000e-03 2.646400e-01
193 7.278560e-01 6.348000e-03 2.657960e-01
194 7.267520e-01 6.440000e-03 2.668080e-01
195 7.257240e-01 6.372000e-03 2.679040e-01
196 7.247800e-01 6.220000e-03 2.690000e-01
197 7.237560e-01 6.144000e-03 2.701000e-01
198 7.226840e-01 6.120000e-03 2.711960e-01
199 7.217440e-01 5.972000e-03 2.722840e-01
200 7.207880e-01 5.852000e-03 2.733600e-01
201 7.198960e-01 5.716000e-03 2.743880e-01
202 7.189600e-01 5.520000e-03 2.755200e-01
203 7.181160e-01 5.424000e-03 2.764600e-01
204 7.172200e-01 5.356000e-03 2.774240e-01
205 7.162640e-01 5.440000e-03 2.782960e-01
206 7.154480e-01 5.324000e-03 2.792280e-01
207 7.146120e-01 5.252000e-03 2.801360e-01
208 7.136200e-01 5.260000e-03 2.811200e-01
209 7.129040e-01 5.088000e-03 2.820080e-01
210 7.121360e-01 5.012000e-03 2.828520e-01
211 7.113200e-01 4.924000e-03 2.837560e-01
212 7.105240e-01 4.860000e-03 2.846160e-01
213 7.097320e-01 4.860000e-03 2.854080e-01
214 7.090200e-01 4.708000e-03 2.862720e-01
215 7.083440e-01 4.456000e-03 2.872000e-01
216 7.075360e-01 4.528000e-03 2.879360e-01
217 7.068160e-01 4.484000e-03 2.887000e-01
218 7.060360e-01 4.580000e-03 2.893840e-01
219 7.053000e-01 4.504000e-03 2.901960e-01
220 7.044680e-01 4.548000e-03 2.909840e-01
221 7.037680e-01 4.448000e-03 2.917840e-01
222 7.029840e-01 4.480000e-03 2.925360e-01
223 7.022680e-01 4.468000e-03 2.932640e-01
224 7.014920e-01 4.520000e-03 2.939880e-01
225 7.007840e-01 4.400000e-03 2.948160e-01
226 7.000680e-01 4.352000e-03 2.955800e-01
227 6.993720e-01 4.268000e-03 2.963600e-01
228 6.986640e-01 4.204000e-03 2.971320e-01
229 6.980560e-01 4.012000e-03 2.979320e-01
230 6.973720e-01 3.980000e-03 2.986480e-01
231 6.966280e-01 4.128000e-03 2.992440e-01
232 6.960080e-01 4.012000e-03 2.999800e-01
233 6.952840e-01 4.060000e-03 3.006560e-01
234 6.945480e-01 4.128000e-03 3.013240e-01
235 6.938880e-01 4.120000e-03 3.019920e-01
236 6.933240e-01 4.004000e-03 3.026720e-01
237 6.926120e-01 4.136000e-03 3.032520e-01
238 6.918680e-01 4.136000e-03 3.039960e-01
239 6.911200e-01 4.124000e-03 3.047560e-01
240 6.905640e-01 3.800000e-03 3.056360e-01
241 6.899000e-01 3.796000e-03 3.063040e-01
242 6.892560e-01 3.836000e-03 3.069080e-01
243 6.886200e-01 3.748000e-03 3.076320e-01
244 6.880040e-01 3.700000e-03 3.082960e-01
245 6.874360e-01 3.696000e-03 3.088680e-01
246 6.867560e-01 3.712000e-03 3.095320e-01
247 6.860240e-01 3.792000e-03 3.101840e-01
248 6.854400e-01 3.692000e-03 3.108680e-01
249 6.848560e-01 3.600000e-03 3.115440e-01
250 6.842560e-01 3.540000e-03 3.122040e-01
251 6.836400e-01 3.548000e-03 3.128120e-01
252 6.830360e-01 3.572000e-03 3.133920e-01
253 6.824720e-01 3.572000e-03 3.139560e-01
254 6.818600e-01 3.496000e-03 3.146440e-01
255 6.812720e-01 3.580000e-03 3.151480e-01
256 6.806120e-01 3.668000e-03 3.157200e-01
257 6.800360e-01 3.584000e-03 3.163800e-01
258 6.793800e-01 3.632000e-03 3.169880e-01
259 6.788280e-01 3.584000e-03 3.175880e-01
260 6.782600e-01 3.584000e-03 3.181560e-01
261 6.777040e-01 3.560000e-03 3.187360e-01
262 6.771720e-01 3.516000e-03 3.193120e-01
263 6.764960e-01 3.632000e-03 3.198720e-01
264 6.759560e-01 3.540000e-03 3.205040e-01
265 6.753400e-01 3.596000e-03 3.210640e-01
266 6.747600e-01 3.588000e-03 3.216520e-01
267 6.741240e-01 3.576000e-03 3.223000e-01
268 6.735160e-01 3.608000e-03 3.228760e-01
269 6.729680e-01 3.536000e-03 3.234960e-01
270 6.724280e-01 3.412000e-03 3.241600e-01
271 6.718840e-01 3.340000e-03 3.247760e-01
272 6.714320e-01 3.244000e-03 3.253240e-01
273 6.708360e-01 3.292000e-03 3.258720e-01
274 6.704000e-01 3.144000e-03 3.264560e-01
275 6.699200e-01 2.988000e-03 3.270920e-01
276 6.694280e-01 3.016000e-03 3.275560e-01
277 6.690200e-01 2.892000e-03 3.280880e-01
278 6.684760e-01 2.880000e-03 3.286440e-01
279 6.680440e-01 2.768000e-03 3.291880e-01
280 6.675840e-01 2.696000e-03 3.297200e-01
281 6.671320e-01 2.620000e-03 3.302480e-01
282 6.666440e-01 2.700000e-03 3.306560e-01
283 6.661840e-01 2.676000e-03 3.311400e-01
284 6.656880e-01 2.756000e-03 3.315560e-01
285 6.651640e-01 2.780000e-03 3.320560e-01
286 6.647320e-01 2.768000e-03 3.325000e-01
287 6.642880e-01 2.700000e-03 3.330120e-01
288 6.638400e-01 2.632000e-03 3.335280e-01
289 6.634040e-01 2.612000e-03 3.339840e-01
290 6.629000e-01 2.660000e-03 3.344400e-01
291 6.624080e-01 2.700000e-03 3.348920e-01
292 6.619720e-01 2.588000e-03 3.354400e-01
293 6.615960e-01 2.500000e-03 3.359040e-01
294 6.611040e-01 2.536000e-03 3.363600e-01
295 6.606920e-01 2.580000e-03 3.367280e-01
296 6.602000e-01 2.696000e-03 3.371040e-01
297 6.597960e-01 2.640000e-03 3.375640e-01
298 6.593400e-01 2.648000e-03 3.380120e-01
299 6.589080e-01 2.604000e-03 3.384880e-01
300 6.584640e-01 2.592000e-03 3.389440e-01
301 6.581240e-01 2.436000e-03 3.394400e-01
302 6.578240e-01 2.284000e-03 3.398920e-01
303 6.574880e-01 2.192000e-03 3.403200e-01
304 6.571120e-01 2.204000e-03 3.406840e-01
305 6.567360e-01 2.276000e-03 3.409880e-01
306 6.563080e-01 2.300000e-03 3.413920e-01
307 6.558760e-01 2.324000e-03 3.418000e-01
308 6.554920e-01 2.248000e-03 3.422600e-01
309 6.551200e-01 2.172000e-03 3.427080e-01
310 6.547880e-01 2.116000e-03 3.430960e-01
311 6.543800e-01 2.120000e-03 3.435000e-01
312 6.540480e-01 2.152000e-03 3.438000e-01
313 6.536200e-01 2.212000e-03 3.441680e-01
314 6.532200e-01 2.164000e-03 3.446160e-01
315 6.528320e-01 2.176000e-03 3.449920e-01
316 6.524040e-01 2.224000e-03 3.453720e-01
317 6.520680e-01 2.168000e-03 3.457640e-01
318 6.516160e-01 2.284000e-03 3.461000e-01
319 6.512280e-01 2.264000e-03 3.465080e-01
320 6.508440e-01 2.260000e-03 3.468960e-01
321 6.505040e-01 2.164000e-03 3.473320e-01
322 6.500840e-01 2.204000e-03 3.477120e-01
323 6.497640e-01 2.200000e-03 3.480360e-01
324 6.493480e-01 2.244000e-03 3.484080e-01
325 6.489400e-01 2.316000e-03 3.487440e-01
326 6.485840e-01 2.308000e-03 3.491080e-01
327 6.482640e-01 2.208000e-03 3.495280e-01
328 6.478760e-01 2.248000e-03 3.498760e-01
329 6.474520e-01 2.244000e-03 3.503040e-01
330 6.470080e-01 2.272000e-03 3.507200e-01
331 6.466000e-01 2.276000e-03 3.511240e-01
332 6.462240e-01 2.228000e-03 3.515480e-01
333 6.458520e-01 2.236000e-03 3.519120e-01
334 6.454640e-01 2.216000e-03 3.523200e-01
335 6.451480e-01 2.132000e-03 3.527200e-01
336 6.448160e-01 2.052000e-03 3.531320e-01
337 6.445120e-01 1.996000e-03 3.534920e-01
338 6.441320e-01 2.056000e-03 3.538120e-01
339 6.438280e-01 1.968000e-03 3.542040e-01
340 6.434440e-01 2.008000e-03 3.545480e-01
341 6.431320e-01 1.976000e-03 3.548920e-01
342 6.427800e-01 1.984000e-03 3.552360e-01
343 6.424160e-01 2.024000e-03 3.555600e-01
344 6.421040e-01 1.964000e-03 3.559320e-01
345 6.417640e-01 1.972000e-03 3.562640e-01
346 6.414760e-01 1.948000e-03 3.565760e-01
347 6.411320e-01 1.976000e-03 3.568920e-01
348 6.408280e-01 1.956000e-03 3.572160e-01
349 6.405240e-01 1.932000e-03 3.575440e-01
350 6.402080e-01 1.936000e-03 3.578560e-01
351 6.399240e-01 1.900000e-03 3.581760e-01
352 6.396560e-01 1.892000e-03 3.584520e-01
353 6.393000e-01 1.908000e-03 3.587920e-01
354 6.389560e-01 1.896000e-03 3.591480e-01
355 6.386240e-01 1.932000e-03 3.594440e-01
356 6.382920e-01 1.924000e-03 3.597840e-01
357 6.379200e-01 2.000000e-03 3.600800e-01
358 6.375800e-01 1.908000e-03 3.605120e-01
359 6.371960e-01 1.980000e-03 3.608240e-01
360 6.369280e-01 1.932000e-03 3.611400e-01
361 6.365360e-01 1.948000e-03 3.615160e-01
362 6.362320e-01 1.932000e-03 3.618360e-01
363 6.358200e-01 2.008000e-03 3.621720e-01
364 6.354080e-01 2.060000e-03 3.625320e-01
365 6.350160e-01 2.104000e-03 3.628800e-01
366 6.346360e-01 2.176000e-03 3.631880e-01
367 6.342560e-01 2.168000e-03 3.635760e-01
368 6.338320e-01 2.180000e-03 3.639880e-01
369 6.333880e-01 2.296000e-03 3.643160e-01
370 6.329960e-01 2.296000e-03 3.647080e-01
371 6.326120e-01 2.324000e-03 3.650640e-01
372 6.322080e-01 2.324000e-03 3.654680e-01
373 6.318800e-01 2.268000e-03 3.658520e-01
374 6.314880e-01 2.256000e-03 3.662560e-01
375 6.312240e-01 2.108000e-03 3.666680e-01
376 6.309320e-01 2.088000e-03 3.669800e-01
377 6.306240e-01 2.016000e-03 3.673600e-01
378 6.303120e-01 1.980000e-03 3.677080e-01
379 6.300600e-01 1.856000e-03 3.680840e-01
380 6.297680e-01 1.852000e-03 3.683800e-01
381 6.294720e-01 1.828000e-03 3.687000e-01
382 6.291960e-01 1.844000e-03 3.689600e-01
383 6.288200e-01 1.940000e-03 3.692400e-01
384 6.284160e-01 2.020000e-03 3.695640e-01
385 6.281040e-01 1.940000e-03 3.699560e-01
386 6.277520e-01 1.928000e-03 3.703200e-01
387 6.275040e-01 1.884000e-03 3.706120e-01
388 6.272440e-01 1.812000e-03 3.709440e-01
389 6.269680e-01 1.760000e-03 3.712720e-01
390 6.267280e-01 1.676000e-03 3.715960e-01
391 6.264200e-01 1.660000e-03 3.719200e-01
392 6.261120e-01 1.648000e-03 3.722400e-01
393 6.259120e-01 1.528000e-03 3.725600e-01
394 6.257120e-01 1.460000e-03 3.728280e-01
395 6.255040e-01 1.416000e-03 3.730800e-01
396 6.252720e-01 1.360000e-03 3.733680e-01
397 6.250920e-01 1.304000e-03 3.736040e-01
398 6.248800e-01 1.304000e-03 3.738160e-01
399 6.246240e-01 1.388000e-03 3.739880e-01
400 6.244000e-01 1.404000e-03 3.741960e-01
401 6.241600e-01 1.368000e-03 3.744720e-01
402 6.239160e-01 1.328000e-03 3.747560e-01
403 6.237600e-01 1.244000e-03 3.749960e-01
404 6.234680e-01 1.336000e-03 3.751960e-01
405 6.232720e-01 1.256000e-03 3.754720e-01
406 6.230640e-01 1.232000e-03 3.757040e-01
407 6.228600e-01 1.240000e-03 3.759000e-01
408 6.226320e-01 1.304000e-03 3.760640e-01
409 6.224640e-01 1.272000e-03 3.762640e-01
410 6.222320e-01 1.296000e-03 3.764720e-01
411 6.220080e-01 1.284000e-03 3.767080e-01
412 6.217520e-01 1.340000e-03 3.769080e-01
413 6.215240e-01 1.300000e-03 3.771760e-01
414 6.212960e-01 1.280000e-03 3.774240e-01
415 6.210400e-01 1.248000e-03 3.777120e-01
416 6.208600e-01 1.196000e-03 3.779440e-01
417 6.206360e-01 1.216000e-03 3.781480e-01
418 6.204040e-01 1.228000e-03 3.783680e-01
419 6.201720e-01 1.200000e-03 3.786280e-01
420 6.200160e-01 1.144000e-03 3.788400e-01
421 6.197720e-01 1.184000e-03 3.790440e-01
422 6.195680e-01 1.204000e-03 3.792280e-01
423 6.193680e-01 1.192000e-03 3.794400e-01
424 6.191440e-01 1.196000e-03 3.796600e-01
425 6.189200e-01 1.208000e-03 3.798720e-01
426 6.187320e-01 1.200000e-03 3.800680e-01
427 6.185480e-01 1.120000e-03 3.803320e-01
428 6.183560e-01 1.136000e-03 3.805080e-01
429 6.181640e-01 1.112000e-03 3.807240e-01
430 6.179920e-01 1.080000e-03 3.809280e-01
431 6.178120e-01 1.072000e-03 3.811160e-01
432 6.176840e-01 1.012000e-03 3.813040e-01
433 6.174800e-01 1.052000e-03 3.814680e-01
434 6.172680e-01 1.088000e-03 3.816440e-01
435 6.171280e-01 1.020000e-03 3.818520e-01
436 6.169680e-01 9.760000e-04 3.820560e-01
437 6.167760e-01 1.040000e-03 3.821840e-01
438 6.166480e-01 9.640000e-04 3.823880e-01
439 6.165120e-01 9.200000e-04 3.825680e-01
440 6.163920e-01 9.040000e-04 3.827040e-01
441 6.162520e-01 8.960000e-04 3.828520e-01
442 6.161280e-01 8.440000e-04 3.830280e-01
443 6.159600e-01 8.880000e-04 3.831520e-01
444 6.158440e-01 8.520000e-04 3.833040e-01
445 6.156920e-01 8.480000e-04 3.834600e-01
446 6.155880e-01 7.880000e-04 3.836240e-01
447 6.154920e-01 7.520000e-04 3.837560e-01
448 6.153720e-01 7.280000e-04 3.839000e-01
449 6.152360e-01 7.240000e-04 3.840400e-01
450 6.150840e-01 7.280000e-04 3.841880e-01
451 6.149920e-01 7.040000e-04 3.843040e-01
452 6.149040e-01 7.120000e-04 3.843840e-01
453 6.148280e-01 6.640000e-04 3.845080e-01
454 6.147560e-01 6.280000e-04 3.846160e-01
455 6.146320e-01 6.400000e-04 3.847280e-01
456 6.145640e-01 5.760000e-04 3.848600e-01
457 6.144800e-01 5.480000e-04 3.849720e-01
458 6.144000e-01 5.480000e-04 3.850520e-01
459 6.142720e-01 5.720000e-04 3.851560e-01
460 6.141800e-01 5.440000e-04 3.852760e-01
461 6.140760e-01 5.280000e-04 3.853960e-01
462 6.139760e-01 4.960000e-04 3.855280e-01
463 6.138720e-01 4.960000e-04 3.856320e-01
464 6.137760e-01 5.160000e-04 3.857080e-01
465 6.137120e-01 4.800000e-04 3.858080e-01
466 6.136480e-01 4.800000e-04 3.858720e-01
467 6.135800e-01 4.400000e-04 3.859800e-01
468 6.134840e-01 4.360000e-04 3.860800e-01
469 6.134000e-01 4.400000e-04 3.861600e-01
470 6.132600e-01 5.200000e-04 3.862200e-01
471 6.131320e-01 5.360000e-04 3.863320e-01
472 6.129920e-01 6.160000e-04 3.863920e-01
473 6.128200e-01 6.560000e-04 3.865240e-01
474 6.127360e-01 6.440000e-04 3.866200e-01
475 6.126440e-01 6.120000e-04 3.867440e-01
476 6.125680e-01 5.720000e-04 3.868600e-01
477 6.124800e-01 5.520000e-04 3.869680e-01
478 6.123440e-01 5.800000e-04 3.870760e-01
479 6.122440e-01 5.960000e-04 3.871600e-01
480 6.120920e-01 6.360000e-04 3.872720e-01
481 6.119400e-01 6.960000e-04 3.873640e-01
482 6.118440e-01 6.640000e-04 3.874920e-01
483 6.117360e-01 6.160000e-04 3.876480e-01
484 6.116160e-01 5.960000e-04 3.877880e-01
485 6.115400e-01 5.360000e-04 3.879240e-01
486 6.114280e-01 5.240000e-04 3.880480e-01
487 6.113240e-01 5.640000e-04 3.881120e-01
488 6.111920e-01 6.040000e-04 3.882040e-01
489 6.110800e-01 6.240000e-04 3.882960e-01
490 6.109520e-01 6.280000e-04 3.884200e-01
491 6.108360e-01 6.120000e-04 3.885520e-01
492 6.107160e-01 6.240000e-04 3.886600e-01
493 6.106040e-01 6.320000e-04 3.887640e-01
494 6.105040e-01 6.040000e-04 3.888920e-01
495 6.103880e-01 6.040000e-04 3.890080e-01
496 6.102600e-01 6.360000e-04 3.891040e-01
497 6.101760e-01 5.880000e-04 3.892360e-01
498 6.100800e-01 5.920000e-04 3.893280e-01
499 6.099640e-01 6.320000e-04 3.894040e-01
500 6.098400e-01 6.080000e-04 3.895520e-01
