1 9.991200e-01 7.640000e-04 1.160000e-04
2 9.985360e-01 1.164000e-03 3.000000e-04
3 9.978600e-01 1.596000e-03 5.440000e-04
4 9.971320e-01 2.000000e-03 8.680000e-04
5 9.963800e-01 2.348000e-03 1.272000e-03
6 9.955800e-01 2.680000e-03 1.740000e-03
7 9.948400e-01 2.900000e-03 2.260000e-03
8 9.939360e-01 3.196000e-03 2.868000e-03
9 9.930480e-01 3.448000e-03 3.504000e-03
10 9.921040e-01 3.756000e-03 4.140000e-03
11 9.911760e-01 3.984000e-03 4.840000e-03
12 9.902600e-01 4.144000e-03 5.596000e-03
13 9.892960e-01 4.352000e-03 6.352000e-03
14 9.883720e-01 4.440000e-03 7.188000e-03
15 9.874120e-01 4.704000e-03 7.884000e-03
16 9.863480e-01 4.860000e-03 8.792000e-03
17 9.852200e-01 5.124000e-03 9.656000e-03
18 9.841240e-01 5.356000e-03 1.052000e-02
19 9.829920e-01 5.492000e-03 1.151600e-02
20 9.817920e-01 5.688000e-03 1.252000e-02
21 9.804120e-01 6.120000e-03 1.346800e-02
22 9.790920e-01 6.508000e-03 1.440000e-02
23 9.777920e-01 6.736000e-03 1.547200e-02
24 9.763960e-01 6.912000e-03 1.669200e-02
25 9.748520e-01 7.212000e-03 1.793600e-02
26 9.734480e-01 7.368000e-03 1.918400e-02
27 9.720160e-01 7.540000e-03 2.044400e-02
28 9.706120e-01 7.652000e-03 2.173600e-02
29 9.691000e-01 7.816000e-03 2.308400e-02
30 9.677240e-01 7.832000e-03 2.444400e-02
31 9.663520e-01 7.896000e-03 2.575200e-02
32 9.649680e-01 7.804000e-03 2.722800e-02
33 9.634120e-01 8.068000e-03 2.852000e-02
34 9.620680e-01 8.012000e-03 2.992000e-02
35 9.606880e-01 8.040000e-03 3.127200e-02
36 9.591440e-01 7.980000e-03 3.287600e-02
37 9.577560e-01 7.972000e-03 3.427200e-02
38 9.562680e-01 8.056000e-03 3.567600e-02
39 9.547680e-01 8.052000e-03 3.718000e-02
40 9.532280e-01 8.184000e-03 3.858800e-02
41 9.517040e-01 8.284000e-03 4.001200e-02
42 9.502840e-01 8.308000e-03 4.140800e-02
43 9.487320e-01 8.344000e-03 4.292400e-02
44 9.472240e-01 8.412000e-03 4.436400e-02
45 9.456320e-01 8.448000e-03 4.592000e-02
46 9.441600e-01 8.500000e-03 4.734000e-02
47 9.426160e-01 8.584000e-03 4.880000e-02
48 9.411840e-01 8.564000e-03 5.025200e-02
49 9.395640e-01 8.748000e-03 5.168800e-02
50 9.380240e-01 8.820000e-03 5.315600e-02
51 9.366360e-01 8.572000e-03 5.479200e-02
52 9.352240e-01 8.536000e-03 5.624000e-02
53 9.337440e-01 8.556000e-03 5.770000e-02
54 9.324320e-01 8.360000e-03 5.920800e-02
55 9.310200e-01 8.384000e-03 6.059600e-02
56 9.295200e-01 8.484000e-03 6.199600e-02
57 9.279720e-01 8.632000e-03 6.339600e-02
58 9.264280e-01 8.544000e-03 6.502800e-02
59 9.247120e-01 8.668000e-03 6.662000e-02
60 9.230120e-01 8.760000e-03 6.822800e-02
61 9.215360e-01 8.780000e-03 6.968400e-02
62 9.199400e-01 8.760000e-03 7.130000e-02
63 9.182280e-01 8.984000e-03 7.278800e-02
64 9.166440e-01 9.092000e-03 7.426400e-02
65 9.150600e-01 8.840000e-03 7.610000e-02
66 9.134800e-01 8.860000e-03 7.766000e-02
67 9.119680e-01 8.820000e-03 7.921200e-02
68 9.103840e-01 8.856000e-03 8.076000e-02
69 9.086480e-01 9.008000e-03 8.234400e-02
70 9.068720e-01 9.352000e-03 8.377600e-02
71 9.051160e-01 9.420000e-03 8.546400e-02
72 9.035440e-01 9.296000e-03 8.716000e-02
73 9.019600e-01 9.232000e-03 8.880800e-02
74 9.003280e-01 9.316000e-03 9.035600e-02
75 8.987240e-01 9.104000e-03 9.217200e-02
76 8.973640e-01 8.988000e-03 9.364800e-02
77 8.958480e-01 8.840000e-03 9.531200e-02
78 8.942080e-01 8.952000e-03 9.684000e-02
79 8.927240e-01 8.932000e-03 9.834400e-02
80 8.911560e-01 8.884000e-03 9.996000e-02
81 8.894760e-01 9.052000e-03 1.014720e-01
82 8.879000e-01 9.152000e-03 1.029480e-01
83 8.864160e-01 9.140000e-03 1.044440e-01
84 8.848080e-01 9.208000e-03 1.059840e-01
85 8.831000e-01 9.196000e-03 1.077040e-01
86 8.816160e-01 9.092000e-03 1.092920e-01
87 8.799800e-01 9.068000e-03 1.109520e-01
88 8.782720e-01 9.292000e-03 1.124360e-01
89 8.767880e-01 9.172000e-03 1.140400e-01
90 8.753280e-01 9.084000e-03 1.155880e-01
91 8.738040e-01 8.944000e-03 1.172520e-01
92 8.722320e-01 8.900000e-03 1.188680e-01
93 8.707280e-01 8.896000e-03 1.203760e-01
94 8.690840e-01 8.828000e-03 1.220880e-01
95 8.674320e-01 8.976000e-03 1.235920e-01
96 8.658400e-01 9.052000e-03 1.251080e-01
97 8.642680e-01 9.236000e-03 1.264960e-01
98 8.626440e-01 9.192000e-03 1.281640e-01
99 8.610760e-01 9.116000e-03 1.298080e-01
100 8.594720e-01 9.168000e-03 1.313600e-01
101 8.578440e-01 9.164000e-03 1.329920e-01
102 8.563000e-01 9.216000e-03 1.344840e-01
103 8.546200e-01 9.296000e-03 1.360840e-01
104 8.530960e-01 9.196000e-03 1.377080e-01
105 8.517720e-01 8.916000e-03 1.393120e-01
106 8.504720e-01 8.820000e-03 1.407080e-01
107 8.490760e-01 8.616000e-03 1.423080e-01
108 8.478600e-01 8.372000e-03 1.437680e-01
109 8.465640e-01 8.240000e-03 1.451960e-01
110 8.453360e-01 8.136000e-03 1.465280e-01
111 8.440360e-01 7.992000e-03 1.479720e-01
112 8.426840e-01 7.908000e-03 1.494080e-01
113 8.413720e-01 7.784000e-03 1.508440e-01
114 8.400080e-01 7.840000e-03 1.521520e-01
115 8.386840e-01 7.988000e-03 1.533280e-01
116 8.374560e-01 7.856000e-03 1.546880e-01
117 8.360640e-01 7.904000e-03 1.560320e-01
118 8.346760e-01 7.864000e-03 1.574600e-01
119 8.334320e-01 7.704000e-03 1.588640e-01
120 8.322400e-01 7.512000e-03 1.602480e-01
121 8.310400e-01 7.424000e-03 1.615360e-01
122 8.298120e-01 7.332000e-03 1.628560e-01
123 8.285200e-01 7.316000e-03 1.641640e-01
124 8.273320e-01 7.320000e-03 1.653480e-01
125 8.260840e-01 7.224000e-03 1.666920e-01
126 8.247280e-01 7.336000e-03 1.679360e-01
127 8.234640e-01 7.328000e-03 1.692080e-01
128 8.222440e-01 7.240000e-03 1.705160e-01
129 8.208920e-01 7.436000e-03 1.716720e-01
130 8.196600e-01 7.392000e-03 1.729480e-01
131 8.185400e-01 7.332000e-03 1.741280e-01
132 8.171600e-01 7.456000e-03 1.753840e-01
133 8.159120e-01 7.404000e-03 1.766840e-01
134 8.147000e-01 7.360000e-03 1.779400e-01
135 8.134040e-01 7.340000e-03 1.792560e-01
136 8.122160e-01 7.284000e-03 1.805000e-01
137 8.109600e-01 7.180000e-03 1.818600e-01
138 8.096920e-01 7.112000e-03 1.831960e-01
139 8.083960e-01 7.016000e-03 1.845880e-01
140 8.069600e-01 7.348000e-03 1.856920e-01
141 8.056880e-01 7.360000e-03 1.869520e-01
142 8.042080e-01 7.540000e-03 1.882520e-01
143 8.028600e-01 7.604000e-03 1.895360e-01
144 8.015960e-01 7.672000e-03 1.907320e-01
145 8.004720e-01 7.456000e-03 1.920720e-01
146 7.992400e-01 7.408000e-03 1.933520e-01
147 7.979520e-01 7.368000e-03 1.946800e-01
148 7.967280e-01 7.264000e-03 1.960080e-01
149 7.954560e-01 7.232000e-03 1.973120e-01
150 7.940480e-01 7.400000e-03 1.985520e-01
151 7.926840e-01 7.392000e-03 1.999240e-01
152 7.913240e-01 7.416000e-03 2.012600e-01
153 7.900480e-01 7.400000e-03 2.025520e-01
154 7.887320e-01 7.400000e-03 2.038680e-01
155 7.874440e-01 7.440000e-03 2.051160e-01
156 7.862120e-01 7.264000e-03 2.065240e-01
157 7.849520e-01 7.272000e-03 2.077760e-01
158 7.838040e-01 7.104000e-03 2.090920e-01
159 7.825560e-01 6.948000e-03 2.104960e-01
160 7.813480e-01 6.920000e-03 2.117320e-01
161 7.800000e-01 7.152000e-03 2.128480e-01
162 7.789040e-01 6.888000e-03 2.142080e-01
163 7.775640e-01 7.020000e-03 2.154160e-01
164 7.764120e-01 7.044000e-03 2.165440e-01
165 7.750760e-01 7.164000e-03 2.177600e-01
166 7.738400e-01 7.196000e-03 2.189640e-01
167 7.726840e-01 7.128000e-03 2.201880e-01
168 7.715400e-01 7.084000e-03 2.213760e-01
169 7.703600e-01 7.008000e-03 2.226320e-01
170 7.692440e-01 6.972000e-03 2.237840e-01
171 7.681200e-01 6.944000e-03 2.249360e-01
172 7.668840e-01 6.968000e-03 2.261480e-01
173 7.657320e-01 6.944000e-03 2.273240e-01
174 7.645800e-01 6.804000e-03 2.286160e-01
175 7.634240e-01 6.784000e-03 2.297920e-01
176 7.622640e-01 6.816000e-03 2.309200e-01
177 7.612240e-01 6.608000e-03 2.321680e-01
178 7.599880e-01 6.616000e-03 2.333960e-01
179 7.588600e-01 6.524000e-03 2.346160e-01
180 7.577000e-01 6.580000e-03 2.357200e-01
181 7.564560e-01 6.612000e-03 2.369320e-01
182 7.554040e-01 6.588000e-03 2.380080e-01
183 7.540960e-01 6.700000e-03 2.392040e-01
184 7.530000e-01 6.632000e-03 2.403680e-01
185 7.520720e-01 6.460000e-03 2.414680e-01
186 7.511360e-01 6.292000e-03 2.425720e-01
187 7.501200e-01 6.176000e-03 2.437040e-01
188 7.490760e-01 6.224000e-03 2.447000e-01
189 7.481640e-01 6.060000e-03 2.457760e-01
190 7.471920e-01 5.952000e-03 2.468560e-01
191 7.462120e-01 5.912000e-03 2.478760e-01
192 7.452520e-01 5.888000e-03 2.488600e-01
193 7.442600e-01 5.888000e-03 2.498520e-01
194 7.432640e-01 5.852000e-03 2.508840e-01
195 7.422040e-01 5.832000e-03 2.519640e-01
196 7.412480e-01 5.784000e-03 2.529680e-01
197 7.402200e-01 5.848000e-03 2.539320e-01
198 7.392720e-01 5.752000e-03 2.549760e-01
199 7.382520e-01 5.820000e-03 2.559280e-01
200 7.372000e-01 5.824000e-03 2.569760e-01
201 7.360920e-01 5.904000e-03 2.580040e-01
202 7.350320e-01 6.008000e-03 2.589600e-01
203 7.340000e-01 6.068000e-03 2.599320e-01
204 7.330640e-01 5.996000e-03 2.609400e-01
205 7.321040e-01 5.876000e-03 2.620200e-01
206 7.311240e-01 5.780000e-03 2.630960e-01
207 7.300280e-01 5.808000e-03 2.641640e-01
208 7.289760e-01 5.836000e-03 2.651880e-01
209 7.280120e-01 5.808000e-03 2.661800e-01
210 7.271480e-01 5.580000e-03 2.672720e-01
211 7.262280e-01 5.492000e-03 2.682800e-01
212 7.252400e-01 5.532000e-03 2.692280e-01
213 7.243360e-01 5.552000e-03 2.701120e-01
214 7.233040e-01 5.584000e-03 2.711120e-01
215 7.223720e-01 5.576000e-03 2.720520e-01
216 7.215480e-01 5.424000e-03 2.730280e-01
217 7.204920e-01 5.460000e-03 2.740480e-01
218 7.196360e-01 5.340000e-03 2.750240e-01
219 7.187920e-01 5.208000e-03 2.760000e-01
220 7.178520e-01 5.256000e-03 2.768920e-01
221 7.170720e-01 5.076000e-03 2.778520e-01
222 7.163040e-01 4.900000e-03 2.787960e-01
223 7.155400e-01 4.740000e-03 2.797200e-01
224 7.147760e-01 4.704000e-03 2.805200e-01
225 7.141360e-01 4.552000e-03 2.813120e-01
226 7.133680e-01 4.540000e-03 2.820920e-01
227 7.126920e-01 4.448000e-03 2.828600e-01
228 7.119840e-01 4.452000e-03 2.835640e-01
229 7.113440e-01 4.276000e-03 2.843800e-01
230 7.107000e-01 4.152000e-03 2.851480e-01
231 7.100040e-01 4.280000e-03 2.857160e-01
232 7.093680e-01 4.204000e-03 2.864280e-01
233 7.085960e-01 4.228000e-03 2.871760e-01
234 7.078720e-01 4.152000e-03 2.879760e-01
235 7.072120e-01 4.040000e-03 2.887480e-01
236 7.066480e-01 3.876000e-03 2.894760e-01
237 7.060680e-01 3.724000e-03 2.902080e-01
238 7.054960e-01 3.708000e-03 2.907960e-01
239 7.049360e-01 3.632000e-03 2.914320e-01
240 7.043240e-01 3.608000e-03 2.920680e-01
241 7.036880e-01 3.628000e-03 2.926840e-01
242 7.030360e-01 3.688000e-03 2.932760e-01
243 7.024080e-01 3.728000e-03 2.938640e-01
244 7.017200e-01 3.748000e-03 2.945320e-01
245 7.011080e-01 3.680000e-03 2.952120e-01
246 7.004000e-01 3.812000e-03 2.957880e-01
247 6.998440e-01 3.740000e-03 2.964160e-01
248 6.991840e-01 3.736000e-03 2.970800e-01
249 6.987000e-01 3.508000e-03 2.977920e-01
250 6.982280e-01 3.324000e-03 2.984480e-01
251 6.978200e-01 3.124000e-03 2.990560e-01
252 6.972680e-01 3.084000e-03 2.996480e-01
253 6.967720e-01 2.996000e-03 3.002320e-01
254 6.962480e-01 2.976000e-03 3.007760e-01
255 6.957080e-01 2.984000e-03 3.013080e-01
256 6.952040e-01 2.952000e-03 3.018440e-01
257 6.946680e-01 3.012000e-03 3.023200e-01
258 6.941440e-01 2.976000e-03 3.028800e-01
259 6.937000e-01 2.896000e-03 3.034040e-01
260 6.932080e-01 2.948000e-03 3.038440e-01
261 6.927880e-01 2.800000e-03 3.044120e-01
262 6.922920e-01 2.856000e-03 3.048520e-01
263 6.918320e-01 2.912000e-03 3.052560e-01
264 6.912760e-01 2.932000e-03 3.057920e-01
265 6.908640e-01 2.816000e-03 3.063200e-01
266 6.902800e-01 2.936000e-03 3.067840e-01
267 6.897320e-01 2.912000e-03 3.073560e-01
268 6.892960e-01 2.932000e-03 3.077720e-01
269 6.888360e-01 2.884000e-03 3.082800e-01
270 6.884000e-01 2.796000e-03 3.088040e-01
271 6.878720e-01 2.876000e-03 3.092520e-01
272 6.873280e-01 2.992000e-03 3.096800e-01
273 6.868520e-01 3.036000e-03 3.101120e-01
274 6.863440e-01 2.988000e-03 3.106680e-01
275 6.858960e-01 2.904000e-03 3.112000e-01
276 6.854680e-01 2.800000e-03 3.117320e-01
277 6.848840e-01 2.844000e-03 3.122720e-01
278 6.843160e-01 3.008000e-03 3.126760e-01
279 6.837640e-01 3.044000e-03 3.131920e-01
280 6.832280e-01 3.068000e-03 3.137040e-01
281 6.827120e-01 3.000000e-03 3.142880e-01
282 6.821400e-01 2.964000e-03 3.148960e-01
283 6.815320e-01 3.112000e-03 3.153560e-01
284 6.809040e-01 3.196000e-03 3.159000e-01
285 6.804040e-01 3.040000e-03 3.165560e-01
286 6.798280e-01 3.092000e-03 3.170800e-01
287 6.793520e-01 2.892000e-03 3.177560e-01
288 6.788320e-01 2.924000e-03 3.182440e-01
289 6.783160e-01 2.912000e-03 3.187720e-01
290 6.778440e-01 2.996000e-03 3.191600e-01
291 6.774080e-01 2.828000e-03 3.197640e-01
292 6.768560e-01 2.856000e-03 3.202880e-01
293 6.763200e-01 2.964000e-03 3.207160e-01
294 6.758720e-01 2.876000e-03 3.212520e-01
295 6.754800e-01 2.808000e-03 3.217120e-01
296 6.749480e-01 2.844000e-03 3.222080e-01
297 6.745080e-01 2.792000e-03 3.227000e-01
298 6.740400e-01 2.744000e-03 3.232160e-01
299 6.736320e-01 2.624000e-03 3.237440e-01
300 6.732400e-01 2.512000e-03 3.242480e-01
301 6.728200e-01 2.504000e-03 3.246760e-01
302 6.723760e-01 2.508000e-03 3.251160e-01
303 6.719160e-01 2.492000e-03 3.255920e-01
304 6.715480e-01 2.456000e-03 3.259960e-01
305 6.711520e-01 2.448000e-03 3.264000e-01
306 6.708120e-01 2.388000e-03 3.268000e-01
307 6.703840e-01 2.436000e-03 3.271800e-01
308 6.699800e-01 2.384000e-03 3.276360e-01
309 6.695400e-01 2.524000e-03 3.279360e-01
310 6.691000e-01 2.472000e-03 3.284280e-01
311 6.687000e-01 2.396000e-03 3.289040e-01
312 6.682640e-01 2.436000e-03 3.293000e-01
313 6.677400e-01 2.468000e-03 3.297920e-01
314 6.672640e-01 2.532000e-03 3.302040e-01
315 6.667560e-01 2.612000e-03 3.306320e-01
316 6.663000e-01 2.632000e-03 3.310680e-01
317 6.656800e-01 2.844000e-03 3.314760e-01
318 6.650880e-01 2.904000e-03 3.320080e-01
319 6.645800e-01 2.916000e-03 3.325040e-01
320 6.640840e-01 2.904000e-03 3.330120e-01
321 6.635520e-01 2.936000e-03 3.335120e-01
322 6.630360e-01 2.932000e-03 3.340320e-01
323 6.625680e-01 2.900000e-03 3.345320e-01
324 6.620880e-01 2.872000e-03 3.350400e-01
325 6.616360e-01 2.768000e-03 3.355960e-01
326 6.612480e-01 2.688000e-03 3.360640e-01
327 6.607720e-01 2.696000e-03 3.365320e-01
328 6.603040e-01 2.580000e-03 3.371160e-01
329 6.598280e-01 2.648000e-03 3.375240e-01
330 6.593960e-01 2.644000e-03 3.379600e-01
331 6.589920e-01 2.536000e-03 3.384720e-01
332 6.585520e-01 2.600000e-03 3.388480e-01
333 6.581600e-01 2.536000e-03 3.393040e-01
334 6.577440e-01 2.572000e-03 3.396840e-01
335 6.573800e-01 2.480000e-03 3.401400e-01
336 6.570560e-01 2.364000e-03 3.405800e-01
337 6.567200e-01 2.324000e-03 3.409560e-01
338 6.563760e-01 2.192000e-03 3.414320e-01
339 6.560000e-01 2.244000e-03 3.417560e-01
340 6.556880e-01 2.164000e-03 3.421480e-01
341 6.553880e-01 2.124000e-03 3.424880e-01
342 6.550320e-01 2.100000e-03 3.428680e-01
343 6.547560e-01 2.000000e-03 3.432440e-01
344 6.544080e-01 2.040000e-03 3.435520e-01
345 6.541480e-01 1.948000e-03 3.439040e-01
346 6.538320e-01 1.888000e-03 3.442800e-01
347 6.535640e-01 1.788000e-03 3.446480e-01
348 6.532440e-01 1.852000e-03 3.449040e-01
349 6.529320e-01 1.800000e-03 3.452680e-01
350 6.526360e-01 1.712000e-03 3.456520e-01
351 6.523040e-01 1.692000e-03 3.460040e-01
352 6.520720e-01 1.648000e-03 3.462800e-01
353 6.518400e-01 1.572000e-03 3.465880e-01
354 6.515920e-01 1.504000e-03 3.469040e-01
355 6.513440e-01 1.476000e-03 3.471800e-01
356 6.510920e-01 1.416000e-03 3.474920e-01
357 6.508280e-01 1.452000e-03 3.477200e-01
358 6.505800e-01 1.476000e-03 3.479440e-01
359 6.502920e-01 1.480000e-03 3.482280e-01
360 6.500240e-01 1.432000e-03 3.485440e-01
361 6.498000e-01 1.396000e-03 3.488040e-01
362 6.495840e-01 1.364000e-03 3.490520e-01
363 6.493520e-01 1.344000e-03 3.493040e-01
364 6.491720e-01 1.228000e-03 3.496000e-01
365 6.489840e-01 1.204000e-03 3.498120e-01
366 6.487600e-01 1.228000e-03 3.500120e-01
367 6.485960e-01 1.192000e-03 3.502120e-01
368 6.484160e-01 1.172000e-03 3.504120e-01
369 6.482240e-01 1.140000e-03 3.506360e-01
370 6.480680e-01 1.076000e-03 3.508560e-01
371 6.478320e-01 1.108000e-03 3.510600e-01
372 6.476120e-01 1.128000e-03 3.512600e-01
373 6.473760e-01 1.144000e-03 3.514800e-01
374 6.471920e-01 1.156000e-03 3.516520e-01
375 6.470200e-01 1.132000e-03 3.518480e-01
376 6.467880e-01 1.196000e-03 3.520160e-01
377 6.464720e-01 1.284000e-03 3.522440e-01
378 6.462400e-01 1.268000e-03 3.524920e-01
379 6.459400e-01 1.360000e-03 3.527000e-01
380 6.457400e-01 1.328000e-03 3.529320e-01
381 6.455040e-01 1.312000e-03 3.531840e-01
382 6.452160e-01 1.328000e-03 3.534560e-01
383 6.449320e-01 1.368000e-03 3.537000e-01
384 6.447120e-01 1.300000e-03 3.539880e-01
385 6.444720e-01 1.284000e-03 3.542440e-01
386 6.442360e-01 1.264000e-03 3.545000e-01
387 6.440480e-01 1.240000e-03 3.547120e-01
388 6.438160e-01 1.284000e-03 3.549000e-01
389 6.436400e-01 1.256000e-03 3.551040e-01
390 6.434160e-01 1.192000e-03 3.553920e-01
391 6.431600e-01 1.272000e-03 3.555680e-01
392 6.429640e-01 1.264000e-03 3.557720e-01
393 6.427280e-01 1.316000e-03 3.559560e-01
394 6.425400e-01 1.268000e-03 3.561920e-01
395 6.423800e-01 1.224000e-03 3.563960e-01
396 6.421440e-01 1.264000e-03 3.565920e-01
397 6.419320e-01 1.280000e-03 3.567880e-01
398 6.417080e-01 1.336000e-03 3.569560e-01
399 6.414720e-01 1.352000e-03 3.571760e-01
400 6.412440e-01 1.332000e-03 3.574240e-01
401 6.409880e-01 1.376000e-03 3.576360e-01
402 6.407880e-01 1.364000e-03 3.578480e-01
403 6.405360e-01 1.348000e-03 3.581160e-01
404 6.403240e-01 1.328000e-03 3.583480e-01
405 6.401320e-01 1.268000e-03 3.586000e-01
406 6.398560e-01 1.344000e-03 3.588000e-01
407 6.396600e-01 1.300000e-03 3.590400e-01
408 6.394160e-01 1.348000e-03 3.592360e-01
409 6.391800e-01 1.300000e-03 3.595200e-01
410 6.389680e-01 1.260000e-03 3.597720e-01
411 6.387560e-01 1.240000e-03 3.600040e-01
412 6.385440e-01 1.300000e-03 3.601560e-01
413 6.383480e-01 1.284000e-03 3.603680e-01
414 6.381840e-01 1.200000e-03 3.606160e-01
415 6.379760e-01 1.216000e-03 3.608080e-01
416 6.377720e-01 1.204000e-03 3.610240e-01
417 6.375440e-01 1.220000e-03 3.612360e-01
418 6.373640e-01 1.200000e-03 3.614360e-01
419 6.371760e-01 1.160000e-03 3.616640e-01
420 6.369840e-01 1.180000e-03 3.618360e-01
421 6.368200e-01 1.124000e-03 3.620560e-01
422 6.366920e-01 1.092000e-03 3.622160e-01
423 6.365200e-01 1.072000e-03 3.624080e-01
424 6.363200e-01 1.076000e-03 3.626040e-01
425 6.361240e-01 1.060000e-03 3.628160e-01
426 6.358720e-01 1.092000e-03 3.630360e-01
427 6.357000e-01 1.076000e-03 3.632240e-01
428 6.355000e-01 1.104000e-03 3.633960e-01
429 6.353360e-01 1.060000e-03 3.636040e-01
430 6.351040e-01 1.120000e-03 3.637760e-01
431 6.349320e-01 1.096000e-03 3.639720e-01
432 6.347760e-01 1.064000e-03 3.641600e-01
433 6.346240e-01 1.028000e-03 3.643480e-01
434 6.344480e-01 1.016000e-03 3.645360e-01
435 6.343040e-01 9.560000e-04 3.647400e-01
436 6.341560e-01 9.040000e-04 3.649400e-01
437 6.339840e-01 9.480000e-04 3.650680e-01
438 6.337680e-01 9.880000e-04 3.652440e-01
439 6.335880e-01 9.800000e-04 3.654320e-01
440 6.333880e-01 1.036000e-03 3.655760e-01
441 6.332000e-01 1.020000e-03 3.657800e-01
442 6.330040e-01 1.000000e-03 3.659960e-01
443 6.328400e-01 1.000000e-03 3.661600e-01
444 6.326880e-01 9.760000e-04 3.663360e-01
445 6.325560e-01 9.280000e-04 3.665160e-01
446 6.324480e-01 8.800000e-04 3.666720e-01
447 6.323080e-01 8.640000e-04 3.668280e-01
448 6.322160e-01 7.920000e-04 3.669920e-01
449 6.321040e-01 7.760000e-04 3.671200e-01
450 6.320000e-01 7.320000e-04 3.672680e-01
451 6.318760e-01 7.440000e-04 3.673800e-01
452 6.317360e-01 7.400000e-04 3.675240e-01
453 6.315920e-01 7.400000e-04 3.676680e-01
454 6.314640e-01 7.120000e-04 3.678240e-01
455 6.313960e-01 6.840000e-04 3.679200e-01
456 6.313320e-01 6.520000e-04 3.680160e-01
457 6.312320e-01 6.360000e-04 3.681320e-01
458 6.311320e-01 6.240000e-04 3.682440e-01
459 6.309880e-01 6.320000e-04 3.683800e-01
460 6.308600e-01 6.320000e-04 3.685080e-01
461 6.308000e-01 5.800000e-04 3.686200e-01
462 6.307000e-01 5.680000e-04 3.687320e-01
463 6.305560e-01 5.960000e-04 3.688480e-01
464 6.304480e-01 6.080000e-04 3.689440e-01
465 6.303560e-01 6.040000e-04 3.690400e-01
466 6.302480e-01 6.040000e-04 3.691480e-01
467 6.301520e-01 6.000000e-04 3.692480e-01
468 6.300440e-01 6.040000e-04 3.693520e-01
469 6.299680e-01 5.520000e-04 3.694800e-01
470 6.298720e-01 5.840000e-04 3.695440e-01
471 6.298000e-01 5.560000e-04 3.696440e-01
472 6.297040e-01 5.640000e-04 3.697320e-01
473 6.295680e-01 5.880000e-04 3.698440e-01
474 6.294160e-01 6.200000e-04 3.699640e-01
475 6.292920e-01 6.440000e-04 3.700640e-01
476 6.291400e-01 6.880000e-04 3.701720e-01
477 6.290520e-01 6.760000e-04 3.702720e-01
478 6.289720e-01 6.280000e-04 3.704000e-01
479 6.289120e-01 5.760000e-04 3.705120e-01
480 6.287960e-01 5.880000e-04 3.706160e-01
481 6.287000e-01 5.840000e-04 3.707160e-01
482 6.285960e-01 5.640000e-04 3.708400e-01
483 6.285160e-01 5.400000e-04 3.709440e-01
484 6.284120e-01 5.480000e-04 3.710400e-01
485 6.283200e-01 5.400000e-04 3.711400e-01
486 6.282280e-01 5.360000e-04 3.712360e-01
487 6.281360e-01 5.360000e-04 3.713280e-01
488 6.280600e-01 5.040000e-04 3.714360e-01
489 6.279160e-01 5.200000e-04 3.715640e-01
490 6.277640e-01 5.880000e-04 3.716480e-01
491 6.276120e-01 6.440000e-04 3.717440e-01
492 6.274960e-01 6.480000e-04 3.718560e-01
493 6.273080e-01 7.600000e-04 3.719320e-01
494 6.271240e-01 8.040000e-04 3.720720e-01
495 6.270000e-01 7.520000e-04 3.722480e-01
496 6.268360e-01 8.080000e-04 3.723560e-01
497 6.267000e-01 8.200000e-04 3.724800e-01
498 6.265840e-01 7.720000e-04 3.726440e-01
499 6.264040e-01 7.960000e-04 3.728000e-01
500 6.262880e-01 7.640000e-04 3.729480e-01
