1 9.992440e-01 6.760000e-04 8.000000e-05
2 9.987320e-01 1.072000e-03 1.960000e-04
3 9.981880e-01 1.392000e-03 4.200000e-04
4 9.974720e-01 1.860000e-03 6.680000e-04
5 9.967720e-01 2.172000e-03 1.056000e-03
6 9.959800e-01 2.508000e-03 1.512000e-03
7 9.951520e-01 2.936000e-03 1.912000e-03
8 9.942960e-01 3.288000e-03 2.416000e-03
9 9.933920e-01 3.612000e-03 2.996000e-03
10 9.924840e-01 3.876000e-03 3.640000e-03
11 9.914040e-01 4.244000e-03 4.352000e-03
12 9.902840e-01 4.516000e-03 5.200000e-03
13 9.891040e-01 4.908000e-03 5.988000e-03
14 9.880720e-01 4.968000e-03 6.960000e-03
15 9.869840e-01 5.156000e-03 7.860000e-03
16 9.858280e-01 5.404000e-03 8.768000e-03
17 9.848360e-01 5.548000e-03 9.616000e-03
18 9.836080e-01 5.796000e-03 1.059600e-02
19 9.824520e-01 5.856000e-03 1.169200e-02
20 9.814440e-01 5.752000e-03 1.280400e-02
21 9.802640e-01 5.844000e-03 1.389200e-02
22 9.791440e-01 5.892000e-03 1.496400e-02
23 9.780000e-01 5.992000e-03 1.600800e-02
24 9.769240e-01 6.020000e-03 1.705600e-02
25 9.758360e-01 6.092000e-03 1.807200e-02
26 9.748040e-01 6.040000e-03 1.915600e-02
27 9.736200e-01 6.092000e-03 2.028800e-02
28 9.725360e-01 6.084000e-03 2.138000e-02
29 9.714640e-01 6.096000e-03 2.244000e-02
30 9.704760e-01 6.064000e-03 2.346000e-02
31 9.692360e-01 6.132000e-03 2.463200e-02
32 9.678880e-01 6.408000e-03 2.570400e-02
33 9.667480e-01 6.456000e-03 2.679600e-02
34 9.654680e-01 6.564000e-03 2.796800e-02
35 9.643000e-01 6.472000e-03 2.922800e-02
36 9.631080e-01 6.444000e-03 3.044800e-02
37 9.619800e-01 6.392000e-03 3.162800e-02
38 9.606480e-01 6.652000e-03 3.270000e-02
39 9.593520e-01 6.632000e-03 3.401600e-02
40 9.580200e-01 6.988000e-03 3.499200e-02
41 9.567080e-01 6.960000e-03 3.633200e-02
42 9.554680e-01 6.924000e-03 3.760800e-02
43 9.540880e-01 7.056000e-03 3.885600e-02
44 9.528320e-01 7.072000e-03 4.009600e-02
45 9.514480e-01 7.184000e-03 4.136800e-02
46 9.500360e-01 7.348000e-03 4.261600e-02
47 9.487840e-01 7.156000e-03 4.406000e-02
48 9.474280e-01 7.164000e-03 4.540800e-02
49 9.462040e-01 7.052000e-03 4.674400e-02
50 9.447960e-01 7.240000e-03 4.796400e-02
51 9.436320e-01 7.128000e-03 4.924000e-02
52 9.423480e-01 7.136000e-03 5.051600e-02
53 9.410800e-01 7.176000e-03 5.174400e-02
54 9.398680e-01 7.152000e-03 5.298000e-02
55 9.386400e-01 7.140000e-03 5.422000e-02
56 9.373600e-01 7.084000e-03 5.555600e-02
57 9.359480e-01 7.264000e-03 5.678800e-02
58 9.346920e-01 7.196000e-03 5.811200e-02
59 9.333160e-01 7.280000e-03 5.940400e-02
60 9.318880e-01 7.344000e-03 6.076800e-02
61 9.306160e-01 7.360000e-03 6.202400e-02
62 9.292520e-01 7.584000e-03 6.316400e-02
63 9.279560e-01 7.620000e-03 6.442400e-02
64 9.267720e-01 7.504000e-03 6.572400e-02
65 9.254520e-01 7.504000e-03 6.704400e-02
66 9.242120e-01 7.440000e-03 6.834800e-02
67 9.229800e-01 7.288000e-03 6.973200e-02
68 9.217480e-01 7.256000e-03 7.099600e-02
69 9.205800e-01 7.140000e-03 7.228000e-02
70 9.193680e-01 7.200000e-03 7.343200e-02
71 9.181360e-01 7.192000e-03 7.467200e-02
72 9.170320e-01 7.072000e-03 7.589600e-02
73 9.159960e-01 6.884000e-03 7.712000e-02
74 9.148880e-01 6.712000e-03 7.840000e-02
75 9.137520e-01 6.548000e-03 7.970000e-02
76 9.126760e-01 6.528000e-03 8.079600e-02
77 9.115400e-01 6.584000e-03 8.187600e-02
78 9.103360e-01 6.672000e-03 8.299200e-02
79 9.091200e-01 6.660000e-03 8.422000e-02
80 9.079360e-01 6.776000e-03 8.528800e-02
81 9.067520e-01 6.804000e-03 8.644400e-02
82 9.054560e-01 6.908000e-03 8.763600e-02
83 9.043880e-01 6.680000e-03 8.893200e-02
84 9.032160e-01 6.668000e-03 9.011600e-02
85 9.020280e-01 6.712000e-03 9.126000e-02
86 9.005920e-01 6.988000e-03 9.242000e-02
87 8.994040e-01 6.932000e-03 9.366400e-02
88 8.980920e-01 6.948000e-03 9.496000e-02
89 8.968400e-01 7.044000e-03 9.611600e-02
90 8.956720e-01 6.876000e-03 9.745200e-02
91 8.943920e-01 6.980000e-03 9.862800e-02
92 8.932080e-01 6.940000e-03 9.985200e-02
93 8.920920e-01 6.940000e-03 1.009680e-01
94 8.909200e-01 6.816000e-03 1.022640e-01
95 8.897520e-01 6.824000e-03 1.034240e-01
96 8.886440e-01 6.764000e-03 1.045920e-01
97 8.875520e-01 6.584000e-03 1.058640e-01
98 8.863480e-01 6.600000e-03 1.070520e-01
99 8.851840e-01 6.656000e-03 1.081600e-01
100 8.841960e-01 6.556000e-03 1.092480e-01
101 8.831160e-01 6.424000e-03 1.104600e-01
102 8.819560e-01 6.524000e-03 1.115200e-01
103 8.807920e-01 6.636000e-03 1.125720e-01
104 8.796640e-01 6.540000e-03 1.137960e-01
105 8.784840e-01 6.612000e-03 1.149040e-01
106 8.774000e-01 6.608000e-03 1.159920e-01
107 8.762400e-01 6.716000e-03 1.170440e-01
108 8.751800e-01 6.528000e-03 1.182920e-01
109 8.743400e-01 6.224000e-03 1.194360e-01
110 8.732680e-01 6.240000e-03 1.204920e-01
111 8.720960e-01 6.328000e-03 1.215760e-01
112 8.708440e-01 6.448000e-03 1.227080e-01
113 8.695600e-01 6.648000e-03 1.237920e-01
114 8.682920e-01 6.792000e-03 1.249160e-01
115 8.670600e-01 6.748000e-03 1.261920e-01
116 8.658200e-01 6.800000e-03 1.273800e-01
117 8.646760e-01 6.704000e-03 1.286200e-01
118 8.633520e-01 6.888000e-03 1.297600e-01
119 8.621040e-01 6.944000e-03 1.309520e-01
120 8.608920e-01 6.976000e-03 1.321320e-01
121 8.597600e-01 6.944000e-03 1.332960e-01
122 8.584040e-01 7.108000e-03 1.344880e-01
123 8.574080e-01 6.928000e-03 1.356640e-01
124 8.562440e-01 6.940000e-03 1.368160e-01
125 8.550800e-01 6.932000e-03 1.379880e-01
126 8.537120e-01 7.080000e-03 1.392080e-01
127 8.525760e-01 6.948000e-03 1.404760e-01
128 8.515360e-01 6.768000e-03 1.416960e-01
129 8.503840e-01 6.848000e-03 1.427680e-01
130 8.492280e-01 6.868000e-03 1.439040e-01
131 8.481280e-01 6.700000e-03 1.451720e-01
132 8.469680e-01 6.676000e-03 1.463560e-01
133 8.459160e-01 6.556000e-03 1.475280e-01
134 8.449400e-01 6.344000e-03 1.487160e-01
135 8.440440e-01 6.140000e-03 1.498160e-01
136 8.429360e-01 6.240000e-03 1.508240e-01
137 8.419680e-01 6.012000e-03 1.520200e-01
138 8.409360e-01 5.980000e-03 1.530840e-01
139 8.399400e-01 5.924000e-03 1.541360e-01
140 8.388280e-01 5.948000e-03 1.552240e-01
141 8.378200e-01 5.944000e-03 1.562360e-01
142 8.367880e-01 6.008000e-03 1.572040e-01
143 8.355760e-01 6.104000e-03 1.583200e-01
144 8.345960e-01 5.868000e-03 1.595360e-01
145 8.335360e-01 5.840000e-03 1.606240e-01
146 8.325800e-01 5.716000e-03 1.617040e-01
147 8.317200e-01 5.556000e-03 1.627240e-01
148 8.307440e-01 5.616000e-03 1.636400e-01
149 8.296440e-01 5.656000e-03 1.647000e-01
150 8.285000e-01 5.812000e-03 1.656880e-01
151 8.275200e-01 5.684000e-03 1.667960e-01
152 8.266000e-01 5.748000e-03 1.676520e-01
153 8.256640e-01 5.640000e-03 1.686960e-01
154 8.247240e-01 5.608000e-03 1.696680e-01
155 8.238800e-01 5.492000e-03 1.706280e-01
156 8.228680e-01 5.456000e-03 1.716760e-01
157 8.219000e-01 5.432000e-03 1.726680e-01
158 8.211360e-01 5.272000e-03 1.735920e-01
159 8.202560e-01 5.224000e-03 1.745200e-01
160 8.193400e-01 5.132000e-03 1.755280e-01
161 8.183920e-01 5.196000e-03 1.764120e-01
162 8.174360e-01 5.312000e-03 1.772520e-01
163 8.166920e-01 5.060000e-03 1.782480e-01
164 8.158680e-01 4.996000e-03 1.791360e-01
165 8.149800e-01 4.916000e-03 1.801040e-01
166 8.141920e-01 4.772000e-03 1.810360e-01
167 8.133320e-01 4.804000e-03 1.818640e-01
168 8.124920e-01 4.768000e-03 1.827400e-01
169 8.116560e-01 4.760000e-03 1.835840e-01
170 8.109360e-01 4.648000e-03 1.844160e-01
171 8.101040e-01 4.652000e-03 1.852440e-01
172 8.092880e-01 4.632000e-03 1.860800e-01
173 8.084960e-01 4.580000e-03 1.869240e-01
174 8.078440e-01 4.424000e-03 1.877320e-01
175 8.070040e-01 4.412000e-03 1.885840e-01
176 8.061800e-01 4.428000e-03 1.893920e-01
177 8.053520e-01 4.360000e-03 1.902880e-01
178 8.045240e-01 4.468000e-03 1.910080e-01
179 8.038000e-01 4.392000e-03 1.918080e-01
180 8.029000e-01 4.548000e-03 1.925520e-01
181 8.018920e-01 4.804000e-03 1.933040e-01
182 8.009840e-01 4.928000e-03 1.940880e-01
183 8.001320e-01 4.916000e-03 1.949520e-01
184 7.992840e-01 4.892000e-03 1.958240e-01
185 7.984240e-01 4.848000e-03 1.967280e-01
186 7.976160e-01 4.788000e-03 1.975960e-01
187 7.968440e-01 4.736000e-03 1.984200e-01
188 7.960320e-01 4.704000e-03 1.992640e-01
189 7.951720e-01 4.676000e-03 2.001520e-01
190 7.942960e-01 4.748000e-03 2.009560e-01
191 7.934120e-01 4.768000e-03 2.018200e-01
192 7.925760e-01 4.852000e-03 2.025720e-01
193 7.918760e-01 4.692000e-03 2.034320e-01
194 7.910960e-01 4.700000e-03 2.042040e-01
195 7.903320e-01 4.568000e-03 2.051000e-01
196 7.894480e-01 4.652000e-03 2.059000e-01
197 7.886120e-01 4.696000e-03 2.066920e-01
198 7.877760e-01 4.812000e-03 2.074120e-01
199 7.869680e-01 4.696000e-03 2.083360e-01
200 7.859960e-01 4.772000e-03 2.092320e-01
201 7.852240e-01 4.680000e-03 2.100960e-01
202 7.844360e-01 4.776000e-03 2.107880e-01
203 7.835880e-01 4.660000e-03 2.117520e-01
204 7.827640e-01 4.720000e-03 2.125160e-01
205 7.820680e-01 4.656000e-03 2.132760e-01
206 7.812600e-01 4.712000e-03 2.140280e-01
207 7.805240e-01 4.604000e-03 2.148720e-01
208 7.797440e-01 4.572000e-03 2.156840e-01
209 7.790080e-01 4.512000e-03 2.164800e-01
210 7.782000e-01 4.540000e-03 2.172600e-01
211 7.773280e-01 4.664000e-03 2.180080e-01
212 7.764920e-01 4.692000e-03 2.188160e-01
213 7.757640e-01 4.592000e-03 2.196440e-01
214 7.749880e-01 4.652000e-03 2.203600e-01
215 7.742320e-01 4.644000e-03 2.211240e-01
216 7.734120e-01 4.604000e-03 2.219840e-01
217 7.725040e-01 4.812000e-03 2.226840e-01
218 7.715840e-01 4.880000e-03 2.235360e-01
219 7.708200e-01 4.752000e-03 2.244280e-01
220 7.699720e-01 4.808000e-03 2.252200e-01
221 7.692480e-01 4.668000e-03 2.260840e-01
222 7.684600e-01 4.628000e-03 2.269120e-01
223 7.676480e-01 4.628000e-03 2.277240e-01
224 7.668960e-01 4.596000e-03 2.285080e-01
225 7.661600e-01 4.532000e-03 2.293080e-01
226 7.653520e-01 4.480000e-03 2.301680e-01
227 7.644240e-01 4.684000e-03 2.308920e-01
228 7.635600e-01 4.752000e-03 2.316880e-01
229 7.627800e-01 4.840000e-03 2.323800e-01
230 7.619680e-01 4.876000e-03 2.331560e-01
231 7.610960e-01 4.888000e-03 2.340160e-01
232 7.602200e-01 4.820000e-03 2.349600e-01
233 7.593320e-01 4.872000e-03 2.357960e-01
234 7.585920e-01 4.652000e-03 2.367560e-01
235 7.578160e-01 4.644000e-03 2.375400e-01
236 7.570640e-01 4.596000e-03 2.383400e-01
237 7.562720e-01 4.544000e-03 2.391840e-01
238 7.554880e-01 4.528000e-03 2.399840e-01
239 7.546080e-01 4.664000e-03 2.407280e-01
240 7.538120e-01 4.652000e-03 2.415360e-01
241 7.530960e-01 4.608000e-03 2.422960e-01
242 7.522280e-01 4.600000e-03 2.431720e-01
243 7.516360e-01 4.428000e-03 2.439360e-01
244 7.509880e-01 4.220000e-03 2.447920e-01
245 7.503440e-01 4.108000e-03 2.455480e-01
246 7.497800e-01 4.052000e-03 2.461680e-01
247 7.491720e-01 3.976000e-03 2.468520e-01
248 7.485320e-01 4.000000e-03 2.474680e-01
249 7.479320e-01 3.880000e-03 2.481880e-01
250 7.473240e-01 3.736000e-03 2.489400e-01
251 7.466640e-01 3.776000e-03 2.495600e-01
252 7.460000e-01 3.700000e-03 2.503000e-01
253 7.454040e-01 3.612000e-03 2.509840e-01
254 7.448440e-01 3.624000e-03 2.515320e-01
255 7.440760e-01 3.672000e-03 2.522520e-01
256 7.434200e-01 3.760000e-03 2.528200e-01
257 7.427280e-01 3.700000e-03 2.535720e-01
258 7.421120e-01 3.584000e-03 2.543040e-01
259 7.414400e-01 3.588000e-03 2.549720e-01
260 7.408440e-01 3.576000e-03 2.555800e-01
261 7.401840e-01 3.624000e-03 2.561920e-01
262 7.396600e-01 3.556000e-03 2.567840e-01
263 7.390400e-01 3.676000e-03 2.572840e-01
264 7.383680e-01 3.744000e-03 2.578880e-01
265 7.377880e-01 3.716000e-03 2.584960e-01
266 7.371680e-01 3.712000e-03 2.591200e-01
267 7.366080e-01 3.632000e-03 2.597600e-01
268 7.359720e-01 3.616000e-03 2.604120e-01
269 7.353720e-01 3.528000e-03 2.611000e-01
270 7.346440e-01 3.572000e-03 2.617840e-01
271 7.340280e-01 3.564000e-03 2.624080e-01
272 7.334600e-01 3.480000e-03 2.630600e-01
273 7.328640e-01 3.484000e-03 2.636520e-01
274 7.323120e-01 3.424000e-03 2.642640e-01
275 7.317200e-01 3.432000e-03 2.648480e-01
276 7.311280e-01 3.412000e-03 2.654600e-01
277 7.305160e-01 3.500000e-03 2.659840e-01
278 7.298320e-01 3.540000e-03 2.666280e-01
279 7.290880e-01 3.700000e-03 2.672120e-01
280 7.283920e-01 3.796000e-03 2.678120e-01
281 7.276720e-01 3.960000e-03 2.683680e-01
282 7.269960e-01 3.996000e-03 2.690080e-01
283 7.263520e-01 3.928000e-03 2.697200e-01
284 7.256920e-01 3.876000e-03 2.704320e-01
285 7.250040e-01 3.832000e-03 2.711640e-01
286 7.242720e-01 3.948000e-03 2.717800e-01
287 7.236360e-01 3.972000e-03 2.723920e-01
288 7.229440e-01 4.008000e-03 2.730480e-01
289 7.223200e-01 3.988000e-03 2.736920e-01
290 7.217000e-01 3.924000e-03 2.743760e-01
291 7.210840e-01 3.816000e-03 2.751000e-01
292 7.203760e-01 3.848000e-03 2.757760e-01
293 7.196760e-01 3.840000e-03 2.764840e-01
294 7.189840e-01 3.780000e-03 2.772360e-01
295 7.182880e-01 3.880000e-03 2.778320e-01
296 7.176640e-01 3.772000e-03 2.785640e-01
297 7.169960e-01 3.756000e-03 2.792480e-01
298 7.164600e-01 3.620000e-03 2.799200e-01
299 7.157880e-01 3.688000e-03 2.805240e-01
300 7.151800e-01 3.660000e-03 2.811600e-01
301 7.145840e-01 3.624000e-03 2.817920e-01
302 7.140960e-01 3.484000e-03 2.824200e-01
303 7.135320e-01 3.452000e-03 2.830160e-01
304 7.129720e-01 3.428000e-03 2.836000e-01
305 7.124760e-01 3.336000e-03 2.841880e-01
306 7.119840e-01 3.320000e-03 2.846960e-01
307 7.114880e-01 3.236000e-03 2.852760e-01
308 7.109280e-01 3.316000e-03 2.857560e-01
309 7.104320e-01 3.260000e-03 2.863080e-01
310 7.098920e-01 3.236000e-03 2.868720e-01
311 7.093160e-01 3.216000e-03 2.874680e-01
312 7.088280e-01 3.156000e-03 2.880160e-01
313 7.083080e-01 3.168000e-03 2.885240e-01
314 7.077400e-01 3.164000e-03 2.890960e-01
315 7.072200e-01 3.156000e-03 2.896240e-01
316 7.066440e-01 3.148000e-03 2.902080e-01
317 7.061440e-01 3.116000e-03 2.907400e-01
318 7.057160e-01 2.960000e-03 2.913240e-01
319 7.052200e-01 2.864000e-03 2.919160e-01
320 7.047760e-01 2.816000e-03 2.924080e-01
321 7.042400e-01 2.904000e-03 2.928560e-01
322 7.036680e-01 2.980000e-03 2.933520e-01
323 7.031320e-01 3.012000e-03 2.938560e-01
324 7.024840e-01 3.104000e-03 2.944120e-01
325 7.019000e-01 3.148000e-03 2.949520e-01
326 7.013360e-01 3.152000e-03 2.955120e-01
327 7.007680e-01 3.132000e-03 2.961000e-01
328 7.001480e-01 3.200000e-03 2.966520e-01
329 6.995360e-01 3.228000e-03 2.972360e-01
330 6.989480e-01 3.288000e-03 2.977640e-01
331 6.983600e-01 3.312000e-03 2.983280e-01
332 6.977800e-01 3.392000e-03 2.988280e-01
333 6.972720e-01 3.276000e-03 2.994520e-01
334 6.967080e-01 3.316000e-03 2.999760e-01
335 6.961440e-01 3.324000e-03 3.005320e-01
336 6.956400e-01 3.256000e-03 3.011040e-01
337 6.951640e-01 3.212000e-03 3.016240e-01
338 6.946560e-01 3.164000e-03 3.021800e-01
339 6.941520e-01 3.160000e-03 3.026880e-01
340 6.936720e-01 3.024000e-03 3.033040e-01
341 6.930880e-01 3.060000e-03 3.038520e-01
342 6.925880e-01 3.032000e-03 3.043800e-01
343 6.921280e-01 2.932000e-03 3.049400e-01
344 6.917080e-01 2.860000e-03 3.054320e-01
345 6.912160e-01 2.916000e-03 3.058680e-01
346 6.908080e-01 2.832000e-03 3.063600e-01
347 6.904520e-01 2.672000e-03 3.068760e-01
348 6.900400e-01 2.592000e-03 3.073680e-01
349 6.896200e-01 2.604000e-03 3.077760e-01
350 6.892360e-01 2.580000e-03 3.081840e-01
351 6.888840e-01 2.520000e-03 3.085960e-01
352 6.885800e-01 2.352000e-03 3.090680e-01
353 6.881760e-01 2.340000e-03 3.094840e-01
354 6.877560e-01 2.300000e-03 3.099440e-01
355 6.874360e-01 2.200000e-03 3.103640e-01
356 6.870600e-01 2.192000e-03 3.107480e-01
357 6.866880e-01 2.168000e-03 3.111440e-01
358 6.862280e-01 2.280000e-03 3.114920e-01
359 6.858800e-01 2.196000e-03 3.119240e-01
360 6.854920e-01 2.196000e-03 3.123120e-01
361 6.851120e-01 2.168000e-03 3.127200e-01
362 6.847720e-01 2.096000e-03 3.131320e-01
363 6.843400e-01 2.168000e-03 3.134920e-01
364 6.840080e-01 2.052000e-03 3.139400e-01
365 6.836320e-01 2.100000e-03 3.142680e-01
366 6.832400e-01 2.120000e-03 3.146400e-01
367 6.828760e-01 2.136000e-03 3.149880e-01
368 6.825560e-01 2.060000e-03 3.153840e-01
369 6.822480e-01 2.024000e-03 3.157280e-01
370 6.819600e-01 1.952000e-03 3.160880e-01
371 6.817040e-01 1.868000e-03 3.164280e-01
372 6.814720e-01 1.736000e-03 3.167920e-01
373 6.812080e-01 1.744000e-03 3.170480e-01
374 6.809280e-01 1.740000e-03 3.173320e-01
375 6.806800e-01 1.656000e-03 3.176640e-01
376 6.804840e-01 1.564000e-03 3.179520e-01
377 6.801960e-01 1.572000e-03 3.182320e-01
378 6.799640e-01 1.536000e-03 3.185000e-01
379 6.796520e-01 1.572000e-03 3.187760e-01
380 6.793280e-01 1.616000e-03 3.190560e-01
381 6.790160e-01 1.584000e-03 3.194000e-01
382 6.787760e-01 1.548000e-03 3.196760e-01
383 6.785280e-01 1.504000e-03 3.199680e-01
384 6.782960e-01 1.500000e-03 3.202040e-01
385 6.780400e-01 1.480000e-03 3.204800e-01
386 6.778320e-01 1.480000e-03 3.206880e-01
387 6.775880e-01 1.476000e-03 3.209360e-01
388 6.773520e-01 1.456000e-03 3.211920e-01
389 6.771000e-01 1.456000e-03 3.214440e-01
390 6.768120e-01 1.440000e-03 3.217480e-01
391 6.765680e-01 1.464000e-03 3.219680e-01
392 6.763280e-01 1.444000e-03 3.222280e-01
393 6.760480e-01 1.504000e-03 3.224480e-01
394 6.757120e-01 1.612000e-03 3.226760e-01
395 6.753800e-01 1.716000e-03 3.229040e-01
396 6.750520e-01 1.732000e-03 3.232160e-01
397 6.746840e-01 1.796000e-03 3.235200e-01
398 6.743320e-01 1.772000e-03 3.238960e-01
399 6.739760e-01 1.832000e-03 3.241920e-01
400 6.736280e-01 1.832000e-03 3.245400e-01
401 6.732920e-01 1.848000e-03 3.248600e-01
402 6.728920e-01 1.936000e-03 3.251720e-01
403 6.725320e-01 1.932000e-03 3.255360e-01
404 6.721400e-01 2.036000e-03 3.258240e-01
405 6.717920e-01 2.056000e-03 3.261520e-01
406 6.714800e-01 2.032000e-03 3.264880e-01
407 6.711880e-01 1.956000e-03 3.268560e-01
408 6.709080e-01 1.896000e-03 3.271960e-01
409 6.706200e-01 1.824000e-03 3.275560e-01
410 6.703760e-01 1.764000e-03 3.278600e-01
411 6.700640e-01 1.792000e-03 3.281440e-01
412 6.697400e-01 1.840000e-03 3.284200e-01
413 6.694560e-01 1.840000e-03 3.287040e-01
414 6.691160e-01 1.816000e-03 3.290680e-01
415 6.688840e-01 1.760000e-03 3.293560e-01
416 6.686440e-01 1.664000e-03 3.296920e-01
417 6.683280e-01 1.704000e-03 3.299680e-01
418 6.680160e-01 1.660000e-03 3.303240e-01
419 6.677000e-01 1.720000e-03 3.305800e-01
420 6.673840e-01 1.716000e-03 3.309000e-01
421 6.670880e-01 1.692000e-03 3.312200e-01
422 6.667480e-01 1.752000e-03 3.315000e-01
423 6.664840e-01 1.680000e-03 3.318360e-01
424 6.662520e-01 1.580000e-03 3.321680e-01
425 6.659880e-01 1.568000e-03 3.324440e-01
426 6.657840e-01 1.532000e-03 3.326840e-01
427 6.655440e-01 1.536000e-03 3.329200e-01
428 6.653400e-01 1.472000e-03 3.331880e-01
429 6.650960e-01 1.512000e-03 3.333920e-01
430 6.647960e-01 1.512000e-03 3.336920e-01
431 6.645480e-01 1.532000e-03 3.339200e-01
432 6.643560e-01 1.440000e-03 3.342040e-01
433 6.641120e-01 1.500000e-03 3.343880e-01
434 6.638880e-01 1.432000e-03 3.346800e-01
435 6.636880e-01 1.428000e-03 3.348840e-01
436 6.634800e-01 1.352000e-03 3.351680e-01
437 6.632320e-01 1.360000e-03 3.354080e-01
438 6.630640e-01 1.260000e-03 3.356760e-01
439 6.627800e-01 1.300000e-03 3.359200e-01
440 6.626080e-01 1.228000e-03 3.361640e-01
441 6.624320e-01 1.196000e-03 3.363720e-01
442 6.622920e-01 1.128000e-03 3.365800e-01
443 6.621480e-01 1.116000e-03 3.367360e-01
444 6.619760e-01 1.084000e-03 3.369400e-01
445 6.618040e-01 1.048000e-03 3.371480e-01
446 6.615840e-01 1.104000e-03 3.373120e-01
447 6.613880e-01 1.084000e-03 3.375280e-01
448 6.612280e-01 1.076000e-03 3.376960e-01
449 6.610640e-01 1.068000e-03 3.378680e-01
450 6.608920e-01 9.880000e-04 3.381200e-01
451 6.607080e-01 9.840000e-04 3.383080e-01
452 6.605240e-01 1.028000e-03 3.384480e-01
453 6.603480e-01 1.052000e-03 3.386000e-01
454 6.601720e-01 1.068000e-03 3.387600e-01
455 6.600000e-01 1.092000e-03 3.389080e-01
456 6.598640e-01 1.008000e-03 3.391280e-01
457 6.596800e-01 1.064000e-03 3.392560e-01
458 6.595000e-01 1.080000e-03 3.394200e-01
459 6.593160e-01 1.076000e-03 3.396080e-01
460 6.591600e-01 1.048000e-03 3.397920e-01
461 6.589920e-01 1.044000e-03 3.399640e-01
462 6.587800e-01 1.076000e-03 3.401440e-01
463 6.585000e-01 1.196000e-03 3.403040e-01
464 6.582840e-01 1.204000e-03 3.405120e-01
465 6.580800e-01 1.136000e-03 3.407840e-01
466 6.579320e-01 1.112000e-03 3.409560e-01
467 6.577560e-01 1.096000e-03 3.411480e-01
468 6.575760e-01 1.100000e-03 3.413240e-01
469 6.574000e-01 1.124000e-03 3.414760e-01
470 6.572480e-01 1.088000e-03 3.416640e-01
471 6.570480e-01 1.048000e-03 3.419040e-01
472 6.569080e-01 1.008000e-03 3.420840e-01
473 6.567200e-01 1.032000e-03 3.422480e-01
474 6.565920e-01 1.016000e-03 3.423920e-01
475 6.564120e-01 1.036000e-03 3.425520e-01
476 6.562360e-01 1.000000e-03 3.427640e-01
477 6.559880e-01 1.064000e-03 3.429480e-01
478 6.558520e-01 9.960000e-04 3.431520e-01
479 6.556680e-01 9.960000e-04 3.433360e-01
480 6.555840e-01 9.080000e-04 3.435080e-01
481 6.554320e-01 9.000000e-04 3.436680e-01
482 6.553000e-01 9.000000e-04 3.438000e-01
483 6.551320e-01 9.360000e-04 3.439320e-01
484 6.549320e-01 9.400000e-04 3.441280e-01
485 6.547640e-01 9.520000e-04 3.442840e-01
486 6.546560e-01 8.960000e-04 3.444480e-01
487 6.545240e-01 8.920000e-04 3.445840e-01
488 6.543920e-01 8.720000e-04 3.447360e-01
489 6.541920e-01 9.320000e-04 3.448760e-01
490 6.540200e-01 9.760000e-04 3.450040e-01
491 6.538560e-01 1.000000e-03 3.451440e-01
492 6.537160e-01 9.040000e-04 3.453800e-01
493 6.535920e-01 9.320000e-04 3.454760e-01
494 6.534680e-01 9.160000e-04 3.456160e-01
495 6.533040e-01 9.680000e-04 3.457280e-01
496 6.531240e-01 1.004000e-03 3.458720e-01
497 6.529040e-01 1.056000e-03 3.460400e-01
498 6.527080e-01 1.080000e-03 3.462120e-01
499 6.525000e-01 1.108000e-03 3.463920e-01
500 6.522360e-01 1.184000e-03 3.465800e-01
