1 9.992480e-01 6.480000e-04 1.040000e-04
2 9.987680e-01 9.720000e-04 2.600000e-04
3 9.981840e-01 1.384000e-03 4.320000e-04
4 9.974240e-01 1.876000e-03 7.000000e-04
5 9.966160e-01 2.356000e-03 1.028000e-03
6 9.957640e-01 2.744000e-03 1.492000e-03
7 9.948720e-01 3.144000e-03 1.984000e-03
8 9.940160e-01 3.420000e-03 2.564000e-03
9 9.929760e-01 3.868000e-03 3.156000e-03
10 9.919760e-01 4.104000e-03 3.920000e-03
11 9.908720e-01 4.416000e-03 4.712000e-03
12 9.897280e-01 4.784000e-03 5.488000e-03
13 9.886280e-01 4.948000e-03 6.424000e-03
14 9.873200e-01 5.380000e-03 7.300000e-03
15 9.859320e-01 5.800000e-03 8.268000e-03
16 9.846040e-01 5.980000e-03 9.416000e-03
17 9.833080e-01 6.288000e-03 1.040400e-02
18 9.819040e-01 6.508000e-03 1.158800e-02
19 9.807800e-01 6.380000e-03 1.284000e-02
20 9.795640e-01 6.648000e-03 1.378800e-02
21 9.783200e-01 6.684000e-03 1.499600e-02
22 9.769280e-01 6.900000e-03 1.617200e-02
23 9.755000e-01 7.196000e-03 1.730400e-02
24 9.742040e-01 7.280000e-03 1.851600e-02
25 9.729040e-01 7.236000e-03 1.986000e-02
26 9.714880e-01 7.304000e-03 2.120800e-02
27 9.700640e-01 7.524000e-03 2.241200e-02
28 9.687280e-01 7.568000e-03 2.370400e-02
29 9.674120e-01 7.572000e-03 2.501600e-02
30 9.661600e-01 7.428000e-03 2.641200e-02
31 9.647720e-01 7.652000e-03 2.757600e-02
32 9.634960e-01 7.644000e-03 2.886000e-02
33 9.620880e-01 7.628000e-03 3.028400e-02
34 9.607480e-01 7.608000e-03 3.164400e-02
35 9.594880e-01 7.528000e-03 3.298400e-02
36 9.581240e-01 7.620000e-03 3.425600e-02
37 9.567880e-01 7.672000e-03 3.554000e-02
38 9.554960e-01 7.640000e-03 3.686400e-02
39 9.541360e-01 7.780000e-03 3.808400e-02
40 9.528240e-01 7.624000e-03 3.955200e-02
41 9.514520e-01 7.660000e-03 4.088800e-02
42 9.499200e-01 7.860000e-03 4.222000e-02
43 9.484960e-01 7.916000e-03 4.358800e-02
44 9.470080e-01 8.052000e-03 4.494000e-02
45 9.457040e-01 7.960000e-03 4.633600e-02
46 9.444360e-01 7.924000e-03 4.764000e-02
47 9.429560e-01 8.084000e-03 4.896000e-02
48 9.415400e-01 8.104000e-03 5.035600e-02
49 9.402360e-01 7.988000e-03 5.177600e-02
50 9.388960e-01 7.960000e-03 5.314400e-02
51 9.375360e-01 7.900000e-03 5.456400e-02
52 9.361360e-01 7.896000e-03 5.596800e-02
53 9.347400e-01 7.932000e-03 5.732800e-02
54 9.334000e-01 7.956000e-03 5.864400e-02
55 9.320400e-01 7.960000e-03 6.000000e-02
56 9.305960e-01 7.952000e-03 6.145200e-02
57 9.291960e-01 7.948000e-03 6.285600e-02
58 9.277160e-01 8.148000e-03 6.413600e-02
59 9.262440e-01 8.300000e-03 6.545600e-02
60 9.245680e-01 8.456000e-03 6.697600e-02
61 9.229640e-01 8.552000e-03 6.848400e-02
62 9.213560e-01 8.656000e-03 6.998800e-02
63 9.197800e-01 8.788000e-03 7.143200e-02
64 9.181880e-01 8.800000e-03 7.301200e-02
65 9.166360e-01 8.764000e-03 7.460000e-02
66 9.150000e-01 8.860000e-03 7.614000e-02
67 9.134280e-01 8.724000e-03 7.784800e-02
68 9.120120e-01 8.640000e-03 7.934800e-02
69 9.104800e-01 8.656000e-03 8.086400e-02
70 9.090160e-01 8.644000e-03 8.234000e-02
71 9.075560e-01 8.512000e-03 8.393200e-02
72 9.060680e-01 8.424000e-03 8.550800e-02
73 9.045080e-01 8.504000e-03 8.698800e-02
74 9.029520e-01 8.544000e-03 8.850400e-02
75 9.013640e-01 8.668000e-03 8.996800e-02
76 8.999480e-01 8.440000e-03 9.161200e-02
77 8.986280e-01 8.384000e-03 9.298800e-02
78 8.971160e-01 8.396000e-03 9.448800e-02
79 8.956040e-01 8.384000e-03 9.601200e-02
80 8.941520e-01 8.384000e-03 9.746400e-02
81 8.929280e-01 8.188000e-03 9.888400e-02
82 8.915160e-01 8.196000e-03 1.002880e-01
83 8.900000e-01 8.252000e-03 1.017480e-01
84 8.888080e-01 7.952000e-03 1.032400e-01
85 8.873520e-01 7.944000e-03 1.047040e-01
86 8.857160e-01 8.172000e-03 1.061120e-01
87 8.839240e-01 8.536000e-03 1.075400e-01
88 8.825760e-01 8.476000e-03 1.089480e-01
89 8.810920e-01 8.416000e-03 1.104920e-01
90 8.795920e-01 8.504000e-03 1.119040e-01
91 8.781240e-01 8.440000e-03 1.134360e-01
92 8.769200e-01 8.116000e-03 1.149640e-01
93 8.757240e-01 7.884000e-03 1.163920e-01
94 8.744680e-01 7.756000e-03 1.177760e-01
95 8.731720e-01 7.744000e-03 1.190840e-01
96 8.719800e-01 7.532000e-03 1.204880e-01
97 8.707200e-01 7.480000e-03 1.218000e-01
98 8.693840e-01 7.448000e-03 1.231680e-01
99 8.679120e-01 7.560000e-03 1.245280e-01
100 8.663920e-01 7.848000e-03 1.257600e-01
101 8.648760e-01 8.028000e-03 1.270960e-01
102 8.635400e-01 8.096000e-03 1.283640e-01
103 8.621080e-01 8.164000e-03 1.297280e-01
104 8.605920e-01 8.296000e-03 1.311120e-01
105 8.591640e-01 8.136000e-03 1.327000e-01
106 8.576840e-01 8.212000e-03 1.341040e-01
107 8.562600e-01 8.212000e-03 1.355280e-01
108 8.548960e-01 8.272000e-03 1.368320e-01
109 8.533160e-01 8.428000e-03 1.382560e-01
110 8.519960e-01 8.304000e-03 1.397000e-01
111 8.507040e-01 7.988000e-03 1.413080e-01
112 8.494200e-01 7.888000e-03 1.426920e-01
113 8.480680e-01 7.704000e-03 1.442280e-01
114 8.466760e-01 7.680000e-03 1.456440e-01
115 8.455600e-01 7.400000e-03 1.470400e-01
116 8.442160e-01 7.376000e-03 1.484080e-01
117 8.428800e-01 7.468000e-03 1.496520e-01
118 8.416200e-01 7.468000e-03 1.509120e-01
119 8.403160e-01 7.508000e-03 1.521760e-01
120 8.390400e-01 7.372000e-03 1.535880e-01
121 8.377840e-01 7.328000e-03 1.548880e-01
122 8.364920e-01 7.300000e-03 1.562080e-01
123 8.351480e-01 7.320000e-03 1.575320e-01
124 8.339120e-01 7.228000e-03 1.588600e-01
125 8.327680e-01 7.052000e-03 1.601800e-01
126 8.314440e-01 7.148000e-03 1.614080e-01
127 8.302840e-01 7.080000e-03 1.626360e-01
128 8.288520e-01 7.268000e-03 1.638800e-01
129 8.275840e-01 7.148000e-03 1.652680e-01
130 8.264440e-01 7.096000e-03 1.664600e-01
131 8.251840e-01 7.124000e-03 1.676920e-01
132 8.239480e-01 7.212000e-03 1.688400e-01
133 8.226640e-01 7.164000e-03 1.701720e-01
134 8.212600e-01 7.256000e-03 1.714840e-01
135 8.200440e-01 7.208000e-03 1.727480e-01
136 8.187120e-01 7.152000e-03 1.741360e-01
137 8.174680e-01 7.092000e-03 1.754400e-01
138 8.160840e-01 7.176000e-03 1.767400e-01
139 8.148000e-01 7.172000e-03 1.780280e-01
140 8.134200e-01 7.372000e-03 1.792080e-01
141 8.121440e-01 7.436000e-03 1.804200e-01
142 8.108760e-01 7.384000e-03 1.817400e-01
143 8.093760e-01 7.636000e-03 1.829880e-01
144 8.080320e-01 7.492000e-03 1.844760e-01
145 8.067360e-01 7.448000e-03 1.858160e-01
146 8.055000e-01 7.468000e-03 1.870320e-01
147 8.043280e-01 7.284000e-03 1.883880e-01
148 8.030720e-01 7.212000e-03 1.897160e-01
149 8.017760e-01 7.248000e-03 1.909760e-01
150 8.004800e-01 7.248000e-03 1.922720e-01
151 7.994320e-01 7.012000e-03 1.935560e-01
152 7.984160e-01 6.844000e-03 1.947400e-01
153 7.972160e-01 6.864000e-03 1.959200e-01
154 7.959240e-01 6.992000e-03 1.970840e-01
155 7.947760e-01 6.868000e-03 1.983560e-01
156 7.937280e-01 6.728000e-03 1.995440e-01
157 7.927680e-01 6.572000e-03 2.006600e-01
158 7.917800e-01 6.476000e-03 2.017440e-01
159 7.907840e-01 6.252000e-03 2.029640e-01
160 7.897800e-01 6.156000e-03 2.040640e-01
161 7.888880e-01 5.884000e-03 2.052280e-01
162 7.879960e-01 5.688000e-03 2.063160e-01
163 7.870480e-01 5.720000e-03 2.072320e-01
164 7.861200e-01 5.748000e-03 2.081320e-01
165 7.851800e-01 5.780000e-03 2.090400e-01
166 7.842600e-01 5.668000e-03 2.100720e-01
167 7.833720e-01 5.588000e-03 2.110400e-01
168 7.825760e-01 5.336000e-03 2.120880e-01
169 7.817200e-01 5.152000e-03 2.131280e-01
170 7.808080e-01 5.128000e-03 2.140640e-01
171 7.799840e-01 5.020000e-03 2.149960e-01
172 7.792240e-01 4.916000e-03 2.158600e-01
173 7.783440e-01 4.884000e-03 2.167720e-01
174 7.774880e-01 4.948000e-03 2.175640e-01
175 7.765600e-01 5.064000e-03 2.183760e-01
176 7.757000e-01 5.016000e-03 2.192840e-01
177 7.749360e-01 4.920000e-03 2.201440e-01
178 7.741000e-01 4.900000e-03 2.210000e-01
179 7.731800e-01 4.920000e-03 2.219000e-01
180 7.722840e-01 4.968000e-03 2.227480e-01
181 7.714520e-01 4.948000e-03 2.236000e-01
182 7.706360e-01 4.820000e-03 2.245440e-01
183 7.698160e-01 4.864000e-03 2.253200e-01
184 7.690320e-01 4.824000e-03 2.261440e-01
185 7.682200e-01 4.828000e-03 2.269520e-01
186 7.674120e-01 4.864000e-03 2.277240e-01
187 7.666920e-01 4.792000e-03 2.285160e-01
188 7.659760e-01 4.640000e-03 2.293840e-01
189 7.652320e-01 4.608000e-03 2.301600e-01
190 7.645080e-01 4.532000e-03 2.309600e-01
191 7.637440e-01 4.508000e-03 2.317480e-01
192 7.630480e-01 4.432000e-03 2.325200e-01
193 7.621920e-01 4.484000e-03 2.333240e-01
194 7.614200e-01 4.408000e-03 2.341720e-01
195 7.606360e-01 4.464000e-03 2.349000e-01
196 7.598120e-01 4.536000e-03 2.356520e-01
197 7.590160e-01 4.488000e-03 2.364960e-01
198 7.581400e-01 4.536000e-03 2.373240e-01
199 7.574880e-01 4.372000e-03 2.381400e-01
200 7.566480e-01 4.424000e-03 2.389280e-01
201 7.558840e-01 4.476000e-03 2.396400e-01
202 7.550400e-01 4.504000e-03 2.404560e-01
203 7.542600e-01 4.556000e-03 2.411840e-01
204 7.533720e-01 4.688000e-03 2.419400e-01
205 7.525440e-01 4.768000e-03 2.426880e-01
206 7.516680e-01 4.812000e-03 2.435200e-01
207 7.510120e-01 4.484000e-03 2.445040e-01
208 7.501880e-01 4.632000e-03 2.451800e-01
209 7.494920e-01 4.600000e-03 2.459080e-01
210 7.486800e-01 4.636000e-03 2.466840e-01
211 7.478600e-01 4.672000e-03 2.474680e-01
212 7.470320e-01 4.680000e-03 2.482880e-01
213 7.463280e-01 4.572000e-03 2.491000e-01
214 7.456040e-01 4.552000e-03 2.498440e-01
215 7.448440e-01 4.588000e-03 2.505680e-01
216 7.440400e-01 4.608000e-03 2.513520e-01
217 7.431120e-01 4.712000e-03 2.521760e-01
218 7.424600e-01 4.624000e-03 2.529160e-01
219 7.418160e-01 4.528000e-03 2.536560e-01
220 7.411400e-01 4.404000e-03 2.544560e-01
221 7.404120e-01 4.380000e-03 2.552080e-01
222 7.396800e-01 4.360000e-03 2.559600e-01
223 7.389800e-01 4.324000e-03 2.566960e-01
224 7.381880e-01 4.308000e-03 2.575040e-01
225 7.374560e-01 4.212000e-03 2.583320e-01
226 7.366160e-01 4.284000e-03 2.591000e-01
227 7.358440e-01 4.312000e-03 2.598440e-01
228 7.349960e-01 4.412000e-03 2.605920e-01
229 7.342640e-01 4.408000e-03 2.613280e-01
230 7.335160e-01 4.304000e-03 2.621800e-01
231 7.328680e-01 4.260000e-03 2.628720e-01
232 7.321920e-01 4.264000e-03 2.635440e-01
233 7.315320e-01 4.108000e-03 2.643600e-01
234 7.308200e-01 4.096000e-03 2.650840e-01
235 7.300520e-01 4.124000e-03 2.658240e-01
236 7.293000e-01 4.180000e-03 2.665200e-01
237 7.284760e-01 4.272000e-03 2.672520e-01
238 7.277480e-01 4.244000e-03 2.680080e-01
239 7.270160e-01 4.144000e-03 2.688400e-01
240 7.262560e-01 4.200000e-03 2.695440e-01
241 7.255160e-01 4.212000e-03 2.702720e-01
242 7.247560e-01 4.232000e-03 2.710120e-01
243 7.240960e-01 4.124000e-03 2.717800e-01
244 7.233960e-01 4.112000e-03 2.724920e-01
245 7.226760e-01 4.096000e-03 2.732280e-01
246 7.220800e-01 4.024000e-03 2.738960e-01
247 7.214320e-01 4.096000e-03 2.744720e-01
248 7.207320e-01 4.084000e-03 2.751840e-01
249 7.200320e-01 4.092000e-03 2.758760e-01
250 7.193280e-01 4.072000e-03 2.766000e-01
251 7.186000e-01 4.160000e-03 2.772400e-01
252 7.180000e-01 4.048000e-03 2.779520e-01
253 7.173000e-01 4.124000e-03 2.785760e-01
254 7.165920e-01 4.028000e-03 2.793800e-01
255 7.159480e-01 4.032000e-03 2.800200e-01
256 7.151880e-01 4.020000e-03 2.807920e-01
257 7.144480e-01 4.064000e-03 2.814880e-01
258 7.137320e-01 3.932000e-03 2.823360e-01
259 7.129840e-01 3.972000e-03 2.830440e-01
260 7.123960e-01 3.796000e-03 2.838080e-01
261 7.117400e-01 3.792000e-03 2.844680e-01
262 7.111400e-01 3.740000e-03 2.851200e-01
263 7.104360e-01 3.828000e-03 2.857360e-01
264 7.097560e-01 3.776000e-03 2.864680e-01
265 7.092000e-01 3.692000e-03 2.871080e-01
266 7.086080e-01 3.712000e-03 2.876800e-01
267 7.081280e-01 3.560000e-03 2.883120e-01
268 7.075400e-01 3.464000e-03 2.889960e-01
269 7.069600e-01 3.500000e-03 2.895400e-01
270 7.062680e-01 3.560000e-03 2.901720e-01
271 7.057200e-01 3.484000e-03 2.907960e-01
272 7.051080e-01 3.508000e-03 2.913840e-01
273 7.043760e-01 3.608000e-03 2.920160e-01
274 7.037440e-01 3.512000e-03 2.927440e-01
275 7.030960e-01 3.496000e-03 2.934080e-01
276 7.024680e-01 3.540000e-03 2.939920e-01
277 7.017200e-01 3.680000e-03 2.946000e-01
278 7.009920e-01 3.692000e-03 2.953160e-01
279 7.004440e-01 3.636000e-03 2.959200e-01
280 6.998960e-01 3.520000e-03 2.965840e-01
281 6.993080e-01 3.608000e-03 2.970840e-01
282 6.986920e-01 3.576000e-03 2.977320e-01
283 6.980880e-01 3.528000e-03 2.983840e-01
284 6.974680e-01 3.480000e-03 2.990520e-01
285 6.968560e-01 3.488000e-03 2.996560e-01
286 6.962360e-01 3.532000e-03 3.002320e-01
287 6.956200e-01 3.556000e-03 3.008240e-01
288 6.949680e-01 3.668000e-03 3.013640e-01
289 6.943720e-01 3.548000e-03 3.020800e-01
290 6.938000e-01 3.428000e-03 3.027720e-01
291 6.932080e-01 3.452000e-03 3.033400e-01
292 6.926240e-01 3.424000e-03 3.039520e-01
293 6.921120e-01 3.332000e-03 3.045560e-01
294 6.916040e-01 3.248000e-03 3.051480e-01
295 6.911280e-01 3.156000e-03 3.057160e-01
296 6.905600e-01 3.168000e-03 3.062720e-01
297 6.900760e-01 3.072000e-03 3.068520e-01
298 6.895680e-01 3.052000e-03 3.073800e-01
299 6.891160e-01 3.008000e-03 3.078760e-01
300 6.885720e-01 3.040000e-03 3.083880e-01
301 6.881360e-01 3.000000e-03 3.088640e-01
302 6.876320e-01 3.052000e-03 3.093160e-01
303 6.871520e-01 3.012000e-03 3.098360e-01
304 6.865920e-01 3.108000e-03 3.103000e-01
305 6.860280e-01 3.144000e-03 3.108280e-01
306 6.855440e-01 3.020000e-03 3.114360e-01
307 6.850080e-01 3.000000e-03 3.119920e-01
308 6.845880e-01 2.884000e-03 3.125280e-01
309 6.841640e-01 2.804000e-03 3.130320e-01
310 6.836760e-01 2.804000e-03 3.135200e-01
311 6.832560e-01 2.736000e-03 3.140080e-01
312 6.828160e-01 2.748000e-03 3.144360e-01
313 6.823800e-01 2.680000e-03 3.149400e-01
314 6.819800e-01 2.524000e-03 3.154960e-01
315 6.816440e-01 2.372000e-03 3.159840e-01
316 6.813560e-01 2.216000e-03 3.164280e-01
317 6.810120e-01 2.152000e-03 3.168360e-01
318 6.806920e-01 2.088000e-03 3.172200e-01
319 6.803400e-01 2.044000e-03 3.176160e-01
320 6.800360e-01 2.020000e-03 3.179440e-01
321 6.797200e-01 2.028000e-03 3.182520e-01
322 6.793880e-01 1.980000e-03 3.186320e-01
323 6.790400e-01 1.964000e-03 3.189960e-01
324 6.787040e-01 1.956000e-03 3.193400e-01
325 6.783360e-01 2.056000e-03 3.196080e-01
326 6.780160e-01 2.004000e-03 3.199800e-01
327 6.775280e-01 2.148000e-03 3.203240e-01
328 6.771040e-01 2.224000e-03 3.206720e-01
329 6.767560e-01 2.164000e-03 3.210800e-01
330 6.763360e-01 2.204000e-03 3.214600e-01
331 6.759280e-01 2.292000e-03 3.217800e-01
332 6.756000e-01 2.248000e-03 3.221520e-01
333 6.752160e-01 2.228000e-03 3.225560e-01
334 6.747880e-01 2.196000e-03 3.230160e-01
335 6.744280e-01 2.204000e-03 3.233680e-01
336 6.741520e-01 2.036000e-03 3.238120e-01
337 6.738080e-01 2.004000e-03 3.241880e-01
338 6.734160e-01 2.024000e-03 3.245600e-01
339 6.730320e-01 2.072000e-03 3.248960e-01
340 6.727160e-01 2.004000e-03 3.252800e-01
341 6.724440e-01 1.884000e-03 3.256720e-01
342 6.721320e-01 1.872000e-03 3.259960e-01
343 6.717880e-01 1.896000e-03 3.263160e-01
344 6.714560e-01 1.868000e-03 3.266760e-01
345 6.711480e-01 1.840000e-03 3.270120e-01
346 6.707960e-01 1.916000e-03 3.272880e-01
347 6.704840e-01 1.880000e-03 3.276360e-01
348 6.701480e-01 1.952000e-03 3.279000e-01
349 6.698280e-01 1.968000e-03 3.282040e-01
350 6.694160e-01 2.032000e-03 3.285520e-01
351 6.691360e-01 1.976000e-03 3.288880e-01
352 6.687640e-01 1.988000e-03 3.292480e-01
353 6.684920e-01 1.912000e-03 3.295960e-01
354 6.682320e-01 1.892000e-03 3.298760e-01
355 6.679240e-01 1.848000e-03 3.302280e-01
356 6.675920e-01 1.900000e-03 3.305080e-01
357 6.672800e-01 1.916000e-03 3.308040e-01
358 6.669280e-01 1.928000e-03 3.311440e-01
359 6.665440e-01 2.020000e-03 3.314360e-01
360 6.661720e-01 2.020000e-03 3.318080e-01
361 6.657640e-01 2.100000e-03 3.321360e-01
362 6.654440e-01 2.032000e-03 3.325240e-01
363 6.651280e-01 2.012000e-03 3.328600e-01
364 6.647520e-01 1.968000e-03 3.332800e-01
365 6.644160e-01 1.956000e-03 3.336280e-01
366 6.642080e-01 1.828000e-03 3.339640e-01
367 6.639320e-01 1.772000e-03 3.342960e-01
368 6.636600e-01 1.716000e-03 3.346240e-01
369 6.634000e-01 1.684000e-03 3.349160e-01
370 6.631040e-01 1.728000e-03 3.351680e-01
371 6.627800e-01 1.792000e-03 3.354280e-01
372 6.624960e-01 1.836000e-03 3.356680e-01
373 6.622440e-01 1.800000e-03 3.359560e-01
374 6.619360e-01 1.816000e-03 3.362480e-01
375 6.616560e-01 1.728000e-03 3.366160e-01
376 6.613280e-01 1.756000e-03 3.369160e-01
377 6.610240e-01 1.744000e-03 3.372320e-01
378 6.607360e-01 1.684000e-03 3.375800e-01
379 6.602560e-01 1.848000e-03 3.378960e-01
380 6.598440e-01 1.952000e-03 3.382040e-01
381 6.594720e-01 1.984000e-03 3.385440e-01
382 6.591400e-01 1.956000e-03 3.389040e-01
383 6.587400e-01 1.944000e-03 3.393160e-01
384 6.583600e-01 1.940000e-03 3.397000e-01
385 6.580000e-01 1.960000e-03 3.400400e-01
386 6.576400e-01 2.040000e-03 3.403200e-01
387 6.572680e-01 2.020000e-03 3.407120e-01
388 6.569680e-01 2.028000e-03 3.410040e-01
389 6.565720e-01 2.112000e-03 3.413160e-01
390 6.562440e-01 2.056000e-03 3.417000e-01
391 6.559360e-01 2.024000e-03 3.420400e-01
392 6.555720e-01 2.036000e-03 3.423920e-01
393 6.552440e-01 2.044000e-03 3.427120e-01
394 6.549040e-01 1.980000e-03 3.431160e-01
395 6.546200e-01 1.904000e-03 3.434760e-01
396 6.543200e-01 1.824000e-03 3.438560e-01
397 6.540480e-01 1.776000e-03 3.441760e-01
398 6.537560e-01 1.688000e-03 3.445560e-01
399 6.534440e-01 1.700000e-03 3.448560e-01
400 6.530840e-01 1.724000e-03 3.451920e-01
401 6.527800e-01 1.700000e-03 3.455200e-01
402 6.524240e-01 1.740000e-03 3.458360e-01
403 6.521520e-01 1.780000e-03 3.460680e-01
404 6.518480e-01 1.776000e-03 3.463760e-01
405 6.515200e-01 1.872000e-03 3.466080e-01
406 6.512480e-01 1.832000e-03 3.469200e-01
407 6.510040e-01 1.768000e-03 3.472280e-01
408 6.507240e-01 1.756000e-03 3.475200e-01
409 6.504720e-01 1.740000e-03 3.477880e-01
410 6.502680e-01 1.612000e-03 3.481200e-01
411 6.500400e-01 1.556000e-03 3.484040e-01
412 6.497800e-01 1.528000e-03 3.486920e-01
413 6.495840e-01 1.484000e-03 3.489320e-01
414 6.494080e-01 1.432000e-03 3.491600e-01
415 6.492160e-01 1.368000e-03 3.494160e-01
416 6.489680e-01 1.396000e-03 3.496360e-01
417 6.487520e-01 1.356000e-03 3.498920e-01
418 6.484880e-01 1.408000e-03 3.501040e-01
419 6.482480e-01 1.436000e-03 3.503160e-01
420 6.480440e-01 1.436000e-03 3.505200e-01
421 6.478640e-01 1.436000e-03 3.507000e-01
422 6.476240e-01 1.416000e-03 3.509600e-01
423 6.473840e-01 1.428000e-03 3.511880e-01
424 6.471240e-01 1.472000e-03 3.514040e-01
425 6.468760e-01 1.496000e-03 3.516280e-01
426 6.466400e-01 1.472000e-03 3.518880e-01
427 6.464240e-01 1.416000e-03 3.521600e-01
428 6.461760e-01 1.464000e-03 3.523600e-01
429 6.459160e-01 1.508000e-03 3.525760e-01
430 6.457320e-01 1.436000e-03 3.528320e-01
431 6.454720e-01 1.424000e-03 3.531040e-01
432 6.452120e-01 1.460000e-03 3.533280e-01
433 6.449520e-01 1.468000e-03 3.535800e-01
434 6.447080e-01 1.416000e-03 3.538760e-01
435 6.444960e-01 1.368000e-03 3.541360e-01
436 6.442760e-01 1.308000e-03 3.544160e-01
437 6.440240e-01 1.364000e-03 3.546120e-01
438 6.437880e-01 1.420000e-03 3.547920e-01
439 6.435160e-01 1.440000e-03 3.550440e-01
440 6.432440e-01 1.424000e-03 3.553320e-01
441 6.429400e-01 1.516000e-03 3.555440e-01
442 6.427080e-01 1.512000e-03 3.557800e-01
443 6.424080e-01 1.580000e-03 3.560120e-01
444 6.421160e-01 1.612000e-03 3.562720e-01
445 6.418520e-01 1.588000e-03 3.565600e-01
446 6.415760e-01 1.604000e-03 3.568200e-01
447 6.413000e-01 1.572000e-03 3.571280e-01
448 6.410080e-01 1.608000e-03 3.573840e-01
449 6.407360e-01 1.588000e-03 3.576760e-01
450 6.404520e-01 1.592000e-03 3.579560e-01
451 6.401240e-01 1.640000e-03 3.582360e-01
452 6.399080e-01 1.584000e-03 3.585080e-01
453 6.397000e-01 1.480000e-03 3.588200e-01
454 6.394520e-01 1.460000e-03 3.590880e-01
455 6.391720e-01 1.500000e-03 3.593280e-01
456 6.389360e-01 1.452000e-03 3.596120e-01
457 6.387000e-01 1.448000e-03 3.598520e-01
458 6.384960e-01 1.364000e-03 3.601400e-01
459 6.382560e-01 1.388000e-03 3.603560e-01
460 6.380360e-01 1.384000e-03 3.605800e-01
461 6.378120e-01 1.380000e-03 3.608080e-01
462 6.375640e-01 1.420000e-03 3.610160e-01
463 6.373360e-01 1.408000e-03 3.612560e-01
464 6.371200e-01 1.376000e-03 3.615040e-01
465 6.369120e-01 1.264000e-03 3.618240e-01
466 6.367160e-01 1.232000e-03 3.620520e-01
467 6.364760e-01 1.216000e-03 3.623080e-01
468 6.362080e-01 1.284000e-03 3.625080e-01
469 6.360080e-01 1.272000e-03 3.627200e-01
470 6.358560e-01 1.144000e-03 3.630000e-01
471 6.356800e-01 1.120000e-03 3.632000e-01
472 6.353840e-01 1.212000e-03 3.634040e-01
473 6.351560e-01 1.224000e-03 3.636200e-01
474 6.348800e-01 1.288000e-03 3.638320e-01
475 6.346600e-01 1.296000e-03 3.640440e-01
476 6.344200e-01 1.328000e-03 3.642520e-01
477 6.342160e-01 1.276000e-03 3.645080e-01
478 6.339920e-01 1.300000e-03 3.647080e-01
479 6.338280e-01 1.280000e-03 3.648920e-01
480 6.335720e-01 1.304000e-03 3.651240e-01
481 6.333520e-01 1.296000e-03 3.653520e-01
482 6.331760e-01 1.232000e-03 3.655920e-01
483 6.329680e-01 1.232000e-03 3.658000e-01
484 6.327280e-01 1.260000e-03 3.660120e-01
485 6.325200e-01 1.244000e-03 3.662360e-01
486 6.322840e-01 1.276000e-03 3.664400e-01
487 6.320080e-01 1.344000e-03 3.666480e-01
488 6.317640e-01 1.312000e-03 3.669240e-01
489 6.315800e-01 1.264000e-03 3.671560e-01
490 6.313760e-01 1.228000e-03 3.673960e-01
491 6.311720e-01 1.240000e-03 3.675880e-01
492 6.310040e-01 1.200000e-03 3.677960e-01
493 6.308080e-01 1.168000e-03 3.680240e-01
494 6.305600e-01 1.180000e-03 3.682600e-01
495 6.303640e-01 1.176000e-03 3.684600e-01
496 6.302040e-01 1.100000e-03 3.686960e-01
497 6.300560e-01 1.040000e-03 3.689040e-01
498 6.298760e-01 1.024000e-03 3.691000e-01
499 6.296400e-01 1.080000e-03 3.692800e-01
500 6.293720e-01 1.176000e-03 3.694520e-01
