1 9.992760e-01 6.000000e-04 1.240000e-04
2 9.987320e-01 1.008000e-03 2.600000e-04
3 9.981600e-01 1.376000e-03 4.640000e-04
4 9.973440e-01 1.924000e-03 7.320000e-04
5 9.965160e-01 2.444000e-03 1.040000e-03
6 9.956960e-01 2.864000e-03 1.440000e-03
7 9.948240e-01 3.232000e-03 1.944000e-03
8 9.938560e-01 3.612000e-03 2.532000e-03
9 9.928360e-01 3.952000e-03 3.212000e-03
10 9.918960e-01 4.224000e-03 3.880000e-03
11 9.908040e-01 4.660000e-03 4.536000e-03
12 9.896400e-01 5.056000e-03 5.304000e-03
13 9.884520e-01 5.344000e-03 6.204000e-03
14 9.873880e-01 5.392000e-03 7.220000e-03
15 9.861520e-01 5.724000e-03 8.124000e-03
16 9.849200e-01 5.888000e-03 9.192000e-03
17 9.836760e-01 6.168000e-03 1.015600e-02
18 9.824440e-01 6.320000e-03 1.123600e-02
19 9.811680e-01 6.548000e-03 1.228400e-02
20 9.799000e-01 6.656000e-03 1.344400e-02
21 9.784520e-01 7.016000e-03 1.453200e-02
22 9.769360e-01 7.332000e-03 1.573200e-02
23 9.753840e-01 7.592000e-03 1.702400e-02
24 9.739320e-01 7.572000e-03 1.849600e-02
25 9.724920e-01 7.608000e-03 1.990000e-02
26 9.712320e-01 7.676000e-03 2.109200e-02
27 9.696840e-01 7.860000e-03 2.245600e-02
28 9.681400e-01 8.072000e-03 2.378800e-02
29 9.665600e-01 8.216000e-03 2.522400e-02
30 9.649120e-01 8.284000e-03 2.680400e-02
31 9.635040e-01 8.240000e-03 2.825600e-02
32 9.620800e-01 8.264000e-03 2.965600e-02
33 9.606120e-01 8.200000e-03 3.118800e-02
34 9.591640e-01 8.304000e-03 3.253200e-02
35 9.577240e-01 8.208000e-03 3.406800e-02
36 9.563600e-01 8.032000e-03 3.560800e-02
37 9.550320e-01 7.904000e-03 3.706400e-02
38 9.536120e-01 7.892000e-03 3.849600e-02
39 9.523440e-01 7.820000e-03 3.983600e-02
40 9.508640e-01 7.940000e-03 4.119600e-02
41 9.493920e-01 7.912000e-03 4.269600e-02
42 9.479560e-01 7.900000e-03 4.414400e-02
43 9.464320e-01 8.148000e-03 4.542000e-02
44 9.448520e-01 8.384000e-03 4.676400e-02
45 9.433040e-01 8.380000e-03 4.831600e-02
46 9.417440e-01 8.568000e-03 4.968800e-02
47 9.401160e-01 8.556000e-03 5.132800e-02
48 9.384760e-01 8.756000e-03 5.276800e-02
49 9.366800e-01 9.028000e-03 5.429200e-02
50 9.350760e-01 8.984000e-03 5.594000e-02
51 9.337000e-01 8.836000e-03 5.746400e-02
52 9.320520e-01 8.800000e-03 5.914800e-02
53 9.305680e-01 8.616000e-03 6.081600e-02
54 9.290360e-01 8.728000e-03 6.223600e-02
55 9.275320e-01 8.588000e-03 6.388000e-02
56 9.260160e-01 8.564000e-03 6.542000e-02
57 9.244360e-01 8.756000e-03 6.680800e-02
58 9.227680e-01 8.880000e-03 6.835200e-02
59 9.210440e-01 8.972000e-03 6.998400e-02
60 9.193800e-01 9.004000e-03 7.161600e-02
61 9.177720e-01 8.932000e-03 7.329600e-02
62 9.161120e-01 8.956000e-03 7.493200e-02
63 9.144840e-01 9.024000e-03 7.649200e-02
64 9.130160e-01 8.956000e-03 7.802800e-02
65 9.113920e-01 8.968000e-03 7.964000e-02
66 9.098360e-01 9.008000e-03 8.115600e-02
67 9.083760e-01 8.896000e-03 8.272800e-02
68 9.066360e-01 9.020000e-03 8.434400e-02
69 9.049880e-01 9.176000e-03 8.583600e-02
70 9.034840e-01 9.208000e-03 8.730800e-02
71 9.019920e-01 9.152000e-03 8.885600e-02
72 9.001720e-01 9.332000e-03 9.049600e-02
73 8.985520e-01 9.236000e-03 9.221200e-02
74 8.968520e-01 9.156000e-03 9.399200e-02
75 8.951080e-01 9.276000e-03 9.561600e-02
76 8.933920e-01 9.196000e-03 9.741200e-02
77 8.917360e-01 9.212000e-03 9.905200e-02
78 8.902120e-01 9.180000e-03 1.006080e-01
79 8.884000e-01 9.424000e-03 1.021760e-01
80 8.866000e-01 9.612000e-03 1.037880e-01
81 8.848880e-01 9.656000e-03 1.054560e-01
82 8.833520e-01 9.504000e-03 1.071440e-01
83 8.815840e-01 9.484000e-03 1.089320e-01
84 8.799160e-01 9.476000e-03 1.106080e-01
85 8.780120e-01 9.588000e-03 1.124000e-01
86 8.765560e-01 9.392000e-03 1.140520e-01
87 8.747960e-01 9.560000e-03 1.156440e-01
88 8.731120e-01 9.660000e-03 1.172280e-01
89 8.713680e-01 9.744000e-03 1.188880e-01
90 8.698120e-01 9.464000e-03 1.207240e-01
91 8.683000e-01 9.384000e-03 1.223160e-01
92 8.667800e-01 9.324000e-03 1.238960e-01
93 8.652320e-01 9.148000e-03 1.256200e-01
94 8.636600e-01 9.164000e-03 1.271760e-01
95 8.622800e-01 8.988000e-03 1.287320e-01
96 8.607640e-01 8.912000e-03 1.303240e-01
97 8.591960e-01 9.000000e-03 1.318040e-01
98 8.575320e-01 9.064000e-03 1.334040e-01
99 8.559080e-01 9.088000e-03 1.350040e-01
100 8.542320e-01 9.100000e-03 1.366680e-01
101 8.525080e-01 9.208000e-03 1.382840e-01
102 8.507240e-01 9.492000e-03 1.397840e-01
103 8.491080e-01 9.468000e-03 1.414240e-01
104 8.474600e-01 9.364000e-03 1.431760e-01
105 8.455520e-01 9.664000e-03 1.447840e-01
106 8.440000e-01 9.456000e-03 1.465440e-01
107 8.424200e-01 9.380000e-03 1.482000e-01
108 8.407280e-01 9.356000e-03 1.499160e-01
109 8.391880e-01 9.268000e-03 1.515440e-01
110 8.376520e-01 9.136000e-03 1.532120e-01
111 8.362120e-01 8.904000e-03 1.548840e-01
112 8.346880e-01 8.752000e-03 1.565600e-01
113 8.332000e-01 8.724000e-03 1.580760e-01
114 8.317920e-01 8.612000e-03 1.595960e-01
115 8.305400e-01 8.360000e-03 1.611000e-01
116 8.291080e-01 8.428000e-03 1.624640e-01
117 8.276840e-01 8.336000e-03 1.639800e-01
118 8.264320e-01 8.044000e-03 1.655240e-01
119 8.250680e-01 8.024000e-03 1.669080e-01
120 8.236720e-01 8.060000e-03 1.682680e-01
121 8.221880e-01 8.132000e-03 1.696800e-01
122 8.208240e-01 8.048000e-03 1.711280e-01
123 8.193480e-01 8.100000e-03 1.725520e-01
124 8.179960e-01 8.112000e-03 1.738920e-01
125 8.165560e-01 8.080000e-03 1.753640e-01
126 8.151880e-01 8.036000e-03 1.767760e-01
127 8.139440e-01 7.968000e-03 1.780880e-01
128 8.124480e-01 8.048000e-03 1.795040e-01
129 8.109960e-01 8.064000e-03 1.809400e-01
130 8.096480e-01 7.956000e-03 1.823960e-01
131 8.081520e-01 8.080000e-03 1.837680e-01
132 8.067080e-01 8.104000e-03 1.851880e-01
133 8.052880e-01 8.204000e-03 1.865080e-01
134 8.038920e-01 8.304000e-03 1.878040e-01
135 8.026000e-01 8.228000e-03 1.891720e-01
136 8.011200e-01 8.340000e-03 1.905400e-01
137 7.998080e-01 8.104000e-03 1.920880e-01
138 7.984560e-01 8.152000e-03 1.933920e-01
139 7.970720e-01 8.092000e-03 1.948360e-01
140 7.955720e-01 8.132000e-03 1.962960e-01
141 7.941560e-01 8.080000e-03 1.977640e-01
142 7.926920e-01 8.260000e-03 1.990480e-01
143 7.912240e-01 8.192000e-03 2.005840e-01
144 7.897480e-01 8.120000e-03 2.021320e-01
145 7.883720e-01 8.100000e-03 2.035280e-01
146 7.869480e-01 8.080000e-03 2.049720e-01
147 7.856200e-01 8.004000e-03 2.063760e-01
148 7.842400e-01 8.076000e-03 2.076840e-01
149 7.829280e-01 7.860000e-03 2.092120e-01
150 7.816280e-01 7.752000e-03 2.106200e-01
151 7.803800e-01 7.684000e-03 2.119360e-01
152 7.790640e-01 7.616000e-03 2.133200e-01
153 7.776960e-01 7.692000e-03 2.146120e-01
154 7.764680e-01 7.624000e-03 2.159080e-01
155 7.753440e-01 7.472000e-03 2.171840e-01
156 7.741800e-01 7.356000e-03 2.184640e-01
157 7.729960e-01 7.384000e-03 2.196200e-01
158 7.716800e-01 7.288000e-03 2.210320e-01
159 7.705600e-01 7.188000e-03 2.222520e-01
160 7.695240e-01 6.968000e-03 2.235080e-01
161 7.684120e-01 6.856000e-03 2.247320e-01
162 7.673480e-01 6.600000e-03 2.260520e-01
163 7.662680e-01 6.492000e-03 2.272400e-01
164 7.651440e-01 6.508000e-03 2.283480e-01
165 7.640560e-01 6.448000e-03 2.294960e-01
166 7.630320e-01 6.380000e-03 2.305880e-01
167 7.620760e-01 6.088000e-03 2.318360e-01
168 7.610680e-01 6.024000e-03 2.329080e-01
169 7.600880e-01 6.028000e-03 2.338840e-01
170 7.591280e-01 5.980000e-03 2.348920e-01
171 7.580880e-01 5.964000e-03 2.359480e-01
172 7.569240e-01 6.144000e-03 2.369320e-01
173 7.558920e-01 6.128000e-03 2.379800e-01
174 7.548600e-01 6.016000e-03 2.391240e-01
175 7.538600e-01 5.968000e-03 2.401720e-01
176 7.529680e-01 5.876000e-03 2.411560e-01
177 7.520480e-01 5.756000e-03 2.421960e-01
178 7.512040e-01 5.584000e-03 2.432120e-01
179 7.502880e-01 5.616000e-03 2.440960e-01
180 7.494480e-01 5.428000e-03 2.451240e-01
181 7.485400e-01 5.468000e-03 2.459920e-01
182 7.477040e-01 5.236000e-03 2.470600e-01
183 7.469000e-01 5.240000e-03 2.478600e-01
184 7.461120e-01 5.084000e-03 2.488040e-01
185 7.453120e-01 5.060000e-03 2.496280e-01
186 7.445640e-01 5.016000e-03 2.504200e-01
187 7.437240e-01 5.064000e-03 2.512120e-01
188 7.429480e-01 4.968000e-03 2.520840e-01
189 7.422720e-01 4.872000e-03 2.528560e-01
190 7.414360e-01 4.904000e-03 2.536600e-01
191 7.406360e-01 4.908000e-03 2.544560e-01
192 7.397720e-01 5.088000e-03 2.551400e-01
193 7.389600e-01 4.980000e-03 2.560600e-01
194 7.381040e-01 5.008000e-03 2.568880e-01
195 7.372600e-01 4.964000e-03 2.577760e-01
196 7.364680e-01 4.916000e-03 2.586160e-01
197 7.356600e-01 4.824000e-03 2.595160e-01
198 7.349520e-01 4.748000e-03 2.603000e-01
199 7.341800e-01 4.804000e-03 2.610160e-01
200 7.334920e-01 4.600000e-03 2.619080e-01
201 7.326720e-01 4.624000e-03 2.627040e-01
202 7.319120e-01 4.576000e-03 2.635120e-01
203 7.310640e-01 4.596000e-03 2.643400e-01
204 7.303160e-01 4.528000e-03 2.651560e-01
205 7.295360e-01 4.532000e-03 2.659320e-01
206 7.287240e-01 4.528000e-03 2.667480e-01
207 7.279240e-01 4.584000e-03 2.674920e-01
208 7.272520e-01 4.444000e-03 2.683040e-01
209 7.265000e-01 4.472000e-03 2.690280e-01
210 7.257280e-01 4.444000e-03 2.698280e-01
211 7.248920e-01 4.500000e-03 2.706080e-01
212 7.241560e-01 4.456000e-03 2.713880e-01
213 7.233720e-01 4.496000e-03 2.721320e-01
214 7.225520e-01 4.516000e-03 2.729320e-01
215 7.219800e-01 4.288000e-03 2.737320e-01
216 7.212960e-01 4.288000e-03 2.744160e-01
217 7.204760e-01 4.304000e-03 2.752200e-01
218 7.197760e-01 4.100000e-03 2.761240e-01
219 7.191560e-01 3.944000e-03 2.769000e-01
220 7.185360e-01 3.888000e-03 2.775760e-01
221 7.178560e-01 3.976000e-03 2.781680e-01
222 7.171720e-01 3.916000e-03 2.789120e-01
223 7.165720e-01 3.772000e-03 2.796560e-01
224 7.158440e-01 3.856000e-03 2.803000e-01
225 7.152480e-01 3.776000e-03 2.809760e-01
226 7.145760e-01 3.828000e-03 2.815960e-01
227 7.139880e-01 3.704000e-03 2.823080e-01
228 7.133480e-01 3.712000e-03 2.829400e-01
229 7.127040e-01 3.660000e-03 2.836360e-01
230 7.120720e-01 3.624000e-03 2.843040e-01
231 7.113920e-01 3.608000e-03 2.850000e-01
232 7.107640e-01 3.712000e-03 2.855240e-01
233 7.101000e-01 3.748000e-03 2.861520e-01
234 7.094960e-01 3.680000e-03 2.868240e-01
235 7.089600e-01 3.604000e-03 2.874360e-01
236 7.084240e-01 3.520000e-03 2.880560e-01
237 7.078600e-01 3.440000e-03 2.887000e-01
238 7.072760e-01 3.440000e-03 2.892840e-01
239 7.067200e-01 3.424000e-03 2.898560e-01
240 7.061000e-01 3.456000e-03 2.904440e-01
241 7.055360e-01 3.456000e-03 2.910080e-01
242 7.049480e-01 3.428000e-03 2.916240e-01
243 7.043160e-01 3.436000e-03 2.922480e-01
244 7.038680e-01 3.328000e-03 2.928040e-01
245 7.032600e-01 3.356000e-03 2.933840e-01
246 7.027320e-01 3.304000e-03 2.939640e-01
247 7.021360e-01 3.320000e-03 2.945440e-01
248 7.015880e-01 3.300000e-03 2.951120e-01
249 7.009840e-01 3.380000e-03 2.956360e-01
250 7.003920e-01 3.312000e-03 2.962960e-01
251 6.997240e-01 3.400000e-03 2.968760e-01
252 6.991720e-01 3.416000e-03 2.974120e-01
253 6.986040e-01 3.368000e-03 2.980280e-01
254 6.981160e-01 3.284000e-03 2.986000e-01
255 6.976160e-01 3.200000e-03 2.991840e-01
256 6.970680e-01 3.248000e-03 2.996840e-01
257 6.966240e-01 3.216000e-03 3.001600e-01
258 6.960400e-01 3.208000e-03 3.007520e-01
259 6.955280e-01 3.172000e-03 3.013000e-01
260 6.950280e-01 3.136000e-03 3.018360e-01
261 6.946240e-01 3.020000e-03 3.023560e-01
262 6.942400e-01 2.836000e-03 3.029240e-01
263 6.937360e-01 2.776000e-03 3.034880e-01
264 6.933280e-01 2.736000e-03 3.039360e-01
265 6.928440e-01 2.792000e-03 3.043640e-01
266 6.923880e-01 2.796000e-03 3.048160e-01
267 6.918960e-01 2.832000e-03 3.052720e-01
268 6.914040e-01 2.848000e-03 3.057480e-01
269 6.909320e-01 2.808000e-03 3.062600e-01
270 6.905200e-01 2.764000e-03 3.067160e-01
271 6.901440e-01 2.708000e-03 3.071480e-01
272 6.897040e-01 2.752000e-03 3.075440e-01
273 6.892040e-01 2.788000e-03 3.080080e-01
274 6.887360e-01 2.788000e-03 3.084760e-01
275 6.882360e-01 2.832000e-03 3.089320e-01
276 6.877120e-01 2.888000e-03 3.094000e-01
277 6.871920e-01 2.876000e-03 3.099320e-01
278 6.867400e-01 2.824000e-03 3.104360e-01
279 6.862000e-01 2.916000e-03 3.108840e-01
280 6.857360e-01 2.788000e-03 3.114760e-01
281 6.853520e-01 2.732000e-03 3.119160e-01
282 6.849600e-01 2.624000e-03 3.124160e-01
283 6.845440e-01 2.568000e-03 3.128880e-01
284 6.842000e-01 2.472000e-03 3.133280e-01
285 6.838600e-01 2.344000e-03 3.137960e-01
286 6.835520e-01 2.192000e-03 3.142560e-01
287 6.832080e-01 2.124000e-03 3.146680e-01
288 6.828520e-01 2.092000e-03 3.150560e-01
289 6.825040e-01 2.048000e-03 3.154480e-01
290 6.821640e-01 2.048000e-03 3.157880e-01
291 6.818520e-01 2.012000e-03 3.161360e-01
292 6.815240e-01 2.044000e-03 3.164320e-01
293 6.811920e-01 1.984000e-03 3.168240e-01
294 6.808680e-01 1.940000e-03 3.171920e-01
295 6.805880e-01 1.860000e-03 3.175520e-01
296 6.802560e-01 1.920000e-03 3.178240e-01
297 6.799120e-01 1.964000e-03 3.181240e-01
298 6.796040e-01 1.964000e-03 3.184320e-01
299 6.792400e-01 1.944000e-03 3.188160e-01
300 6.789000e-01 1.904000e-03 3.191960e-01
301 6.786160e-01 1.792000e-03 3.195920e-01
302 6.782800e-01 1.816000e-03 3.199040e-01
303 6.779440e-01 1.824000e-03 3.202320e-01
304 6.775840e-01 1.872000e-03 3.205440e-01
305 6.772440e-01 1.948000e-03 3.208080e-01
306 6.769200e-01 1.888000e-03 3.211920e-01
307 6.766000e-01 1.884000e-03 3.215160e-01
308 6.762600e-01 1.876000e-03 3.218640e-01
309 6.759880e-01 1.840000e-03 3.221720e-01
310 6.757520e-01 1.768000e-03 3.224800e-01
311 6.755040e-01 1.728000e-03 3.227680e-01
312 6.751360e-01 1.868000e-03 3.229960e-01
313 6.747960e-01 1.888000e-03 3.233160e-01
314 6.744360e-01 1.932000e-03 3.236320e-01
315 6.741120e-01 1.956000e-03 3.239320e-01
316 6.737640e-01 2.008000e-03 3.242280e-01
317 6.734520e-01 1.936000e-03 3.246120e-01
318 6.730560e-01 1.972000e-03 3.249720e-01
319 6.726680e-01 1.996000e-03 3.253360e-01
320 6.723360e-01 1.968000e-03 3.256960e-01
321 6.719480e-01 2.040000e-03 3.260120e-01
322 6.715760e-01 2.120000e-03 3.263040e-01
323 6.713480e-01 1.948000e-03 3.267040e-01
324 6.710560e-01 1.876000e-03 3.270680e-01
325 6.707640e-01 1.864000e-03 3.273720e-01
326 6.704280e-01 1.836000e-03 3.277360e-01
327 6.701400e-01 1.784000e-03 3.280760e-01
328 6.698600e-01 1.692000e-03 3.284480e-01
329 6.696240e-01 1.628000e-03 3.287480e-01
330 6.692560e-01 1.752000e-03 3.289920e-01
331 6.689120e-01 1.768000e-03 3.293200e-01
332 6.686560e-01 1.708000e-03 3.296360e-01
333 6.683760e-01 1.772000e-03 3.298520e-01
334 6.679880e-01 1.888000e-03 3.301240e-01
335 6.676920e-01 1.828000e-03 3.304800e-01
336 6.674440e-01 1.756000e-03 3.308000e-01
337 6.672000e-01 1.668000e-03 3.311320e-01
338 6.668600e-01 1.720000e-03 3.314200e-01
339 6.666200e-01 1.676000e-03 3.317040e-01
340 6.664040e-01 1.620000e-03 3.319760e-01
341 6.661280e-01 1.548000e-03 3.323240e-01
342 6.658680e-01 1.572000e-03 3.325600e-01
343 6.656400e-01 1.512000e-03 3.328480e-01
344 6.654800e-01 1.432000e-03 3.330880e-01
345 6.652120e-01 1.452000e-03 3.333360e-01
346 6.649920e-01 1.440000e-03 3.335680e-01
347 6.647760e-01 1.420000e-03 3.338040e-01
348 6.645720e-01 1.376000e-03 3.340520e-01
349 6.643360e-01 1.412000e-03 3.342520e-01
350 6.641400e-01 1.360000e-03 3.345000e-01
351 6.639440e-01 1.292000e-03 3.347640e-01
352 6.637920e-01 1.208000e-03 3.350000e-01
353 6.636440e-01 1.128000e-03 3.352280e-01
354 6.633520e-01 1.208000e-03 3.354400e-01
355 6.630920e-01 1.244000e-03 3.356640e-01
356 6.627600e-01 1.384000e-03 3.358560e-01
357 6.625000e-01 1.384000e-03 3.361160e-01
358 6.622480e-01 1.356000e-03 3.363960e-01
359 6.621000e-01 1.296000e-03 3.366040e-01
360 6.618720e-01 1.324000e-03 3.368040e-01
361 6.616720e-01 1.300000e-03 3.370280e-01
362 6.613960e-01 1.332000e-03 3.372720e-01
363 6.612080e-01 1.272000e-03 3.375200e-01
364 6.609560e-01 1.296000e-03 3.377480e-01
365 6.606640e-01 1.360000e-03 3.379760e-01
366 6.604200e-01 1.372000e-03 3.382080e-01
367 6.601480e-01 1.404000e-03 3.384480e-01
368 6.598920e-01 1.424000e-03 3.386840e-01
369 6.596960e-01 1.344000e-03 3.389600e-01
370 6.594440e-01 1.396000e-03 3.391600e-01
371 6.591480e-01 1.436000e-03 3.394160e-01
372 6.589600e-01 1.380000e-03 3.396600e-01
373 6.587120e-01 1.424000e-03 3.398640e-01
374 6.584440e-01 1.432000e-03 3.401240e-01
375 6.582680e-01 1.340000e-03 3.403920e-01
376 6.580760e-01 1.232000e-03 3.406920e-01
377 6.578760e-01 1.264000e-03 3.408600e-01
378 6.577640e-01 1.136000e-03 3.411000e-01
379 6.575960e-01 1.092000e-03 3.413120e-01
380 6.573760e-01 1.156000e-03 3.414680e-01
381 6.572440e-01 1.072000e-03 3.416840e-01
382 6.571160e-01 1.004000e-03 3.418800e-01
383 6.569680e-01 1.012000e-03 3.420200e-01
384 6.568000e-01 9.640000e-04 3.422360e-01
385 6.566960e-01 9.120000e-04 3.423920e-01
386 6.565480e-01 9.040000e-04 3.425480e-01
387 6.563720e-01 9.320000e-04 3.426960e-01
388 6.561800e-01 9.480000e-04 3.428720e-01
389 6.560520e-01 9.560000e-04 3.429920e-01
390 6.558560e-01 9.760000e-04 3.431680e-01
391 6.556920e-01 9.920000e-04 3.433160e-01
392 6.555800e-01 9.120000e-04 3.435080e-01
393 6.554240e-01 8.960000e-04 3.436800e-01
394 6.552880e-01 8.920000e-04 3.438200e-01
395 6.551360e-01 9.040000e-04 3.439600e-01
396 6.549760e-01 9.400000e-04 3.440840e-01
397 6.547960e-01 9.480000e-04 3.442560e-01
398 6.545960e-01 9.960000e-04 3.444080e-01
399 6.543760e-01 1.056000e-03 3.445680e-01
400 6.541760e-01 1.072000e-03 3.447520e-01
401 6.539760e-01 1.100000e-03 3.449240e-01
402 6.537760e-01 1.120000e-03 3.451040e-01
403 6.535640e-01 1.100000e-03 3.453360e-01
404 6.534080e-01 1.048000e-03 3.455440e-01
405 6.532360e-01 1.056000e-03 3.457080e-01
406 6.530480e-01 1.064000e-03 3.458880e-01
407 6.528760e-01 1.028000e-03 3.460960e-01
408 6.527480e-01 1.008000e-03 3.462440e-01
409 6.525480e-01 1.052000e-03 3.464000e-01
410 6.523720e-01 1.056000e-03 3.465720e-01
411 6.522080e-01 1.036000e-03 3.467560e-01
412 6.520600e-01 9.760000e-04 3.469640e-01
413 6.519080e-01 9.440000e-04 3.471480e-01
414 6.517520e-01 9.640000e-04 3.472840e-01
415 6.515600e-01 9.840000e-04 3.474560e-01
416 6.514120e-01 1.004000e-03 3.475840e-01
417 6.512520e-01 9.800000e-04 3.477680e-01
418 6.511080e-01 9.560000e-04 3.479360e-01
419 6.509600e-01 9.000000e-04 3.481400e-01
420 6.508000e-01 9.520000e-04 3.482480e-01
421 6.506400e-01 9.120000e-04 3.484480e-01
422 6.505080e-01 8.720000e-04 3.486200e-01
423 6.503640e-01 9.000000e-04 3.487360e-01
424 6.501960e-01 9.120000e-04 3.488920e-01
425 6.500840e-01 8.200000e-04 3.490960e-01
426 6.499440e-01 7.880000e-04 3.492680e-01
427 6.498120e-01 7.600000e-04 3.494280e-01
428 6.497440e-01 7.000000e-04 3.495560e-01
429 6.496400e-01 6.640000e-04 3.496960e-01
430 6.495760e-01 6.240000e-04 3.498000e-01
431 6.494800e-01 6.240000e-04 3.498960e-01
432 6.493680e-01 6.400000e-04 3.499920e-01
433 6.493040e-01 5.800000e-04 3.501160e-01
434 6.491960e-01 6.120000e-04 3.501920e-01
435 6.491080e-01 5.840000e-04 3.503080e-01
436 6.489760e-01 6.120000e-04 3.504120e-01
437 6.488360e-01 6.480000e-04 3.505160e-01
438 6.486680e-01 6.960000e-04 3.506360e-01
439 6.485280e-01 7.320000e-04 3.507400e-01
440 6.484480e-01 6.920000e-04 3.508600e-01
441 6.483160e-01 6.640000e-04 3.510200e-01
442 6.482280e-01 6.600000e-04 3.511120e-01
443 6.481240e-01 6.560000e-04 3.512200e-01
444 6.480000e-01 6.800000e-04 3.513200e-01
445 6.479000e-01 6.680000e-04 3.514320e-01
446 6.477840e-01 6.720000e-04 3.515440e-01
447 6.476800e-01 6.640000e-04 3.516560e-01
448 6.475760e-01 6.720000e-04 3.517520e-01
449 6.474680e-01 6.680000e-04 3.518640e-01
450 6.473640e-01 6.400000e-04 3.519960e-01
451 6.472640e-01 6.320000e-04 3.521040e-01
452 6.471120e-01 6.840000e-04 3.522040e-01
453 6.469600e-01 7.360000e-04 3.523040e-01
454 6.468360e-01 7.040000e-04 3.524600e-01
455 6.466640e-01 7.760000e-04 3.525600e-01
456 6.465760e-01 7.840000e-04 3.526400e-01
457 6.464560e-01 7.240000e-04 3.528200e-01
458 6.462960e-01 7.520000e-04 3.529520e-01
459 6.461640e-01 7.400000e-04 3.530960e-01
460 6.460600e-01 7.160000e-04 3.532240e-01
461 6.458840e-01 7.640000e-04 3.533520e-01
462 6.457560e-01 7.560000e-04 3.534880e-01
463 6.455720e-01 8.240000e-04 3.536040e-01
464 6.454600e-01 7.920000e-04 3.537480e-01
465 6.453160e-01 8.000000e-04 3.538840e-01
466 6.452080e-01 7.480000e-04 3.540440e-01
467 6.451080e-01 7.240000e-04 3.541680e-01
468 6.450080e-01 7.440000e-04 3.542480e-01
469 6.449000e-01 7.320000e-04 3.543680e-01
470 6.447720e-01 7.360000e-04 3.544920e-01
471 6.446320e-01 7.200000e-04 3.546480e-01
472 6.445440e-01 6.920000e-04 3.547640e-01
473 6.444000e-01 6.480000e-04 3.549520e-01
474 6.443160e-01 6.040000e-04 3.550800e-01
475 6.441520e-01 6.880000e-04 3.551600e-01
476 6.440440e-01 6.760000e-04 3.552800e-01
477 6.438920e-01 7.320000e-04 3.553760e-01
478 6.437480e-01 7.200000e-04 3.555320e-01
479 6.436600e-01 6.880000e-04 3.556520e-01
480 6.435160e-01 7.040000e-04 3.557800e-01
481 6.433600e-01 7.520000e-04 3.558880e-01
482 6.432080e-01 7.800000e-04 3.560120e-01
483 6.430800e-01 7.880000e-04 3.561320e-01
484 6.429240e-01 8.080000e-04 3.562680e-01
485 6.427880e-01 8.360000e-04 3.563760e-01
486 6.426320e-01 8.040000e-04 3.565640e-01
487 6.425000e-01 7.760000e-04 3.567240e-01
488 6.423360e-01 8.080000e-04 3.568560e-01
489 6.422160e-01 7.840000e-04 3.570000e-01
490 6.420680e-01 8.200000e-04 3.571120e-01
491 6.419240e-01 8.640000e-04 3.572120e-01
492 6.418240e-01 8.280000e-04 3.573480e-01
493 6.416920e-01 7.920000e-04 3.575160e-01
494 6.415000e-01 8.200000e-04 3.576800e-01
495 6.413960e-01 7.840000e-04 3.578200e-01
496 6.412800e-01 7.560000e-04 3.579640e-01
497 6.411560e-01 7.480000e-04 3.580960e-01
498 6.410680e-01 7.000000e-04 3.582320e-01
499 6.409520e-01 6.960000e-04 3.583520e-01
500 6.408640e-01 6.800000e-04 3.584560e-01
