1 9.991800e-01 7.400000e-04 8.000000e-05
2 9.985440e-01 1.212000e-03 2.440000e-04
3 9.978640e-01 1.676000e-03 4.600000e-04
4 9.969840e-01 2.232000e-03 7.840000e-04
5 9.960840e-01 2.656000e-03 1.260000e-03
6 9.951560e-01 3.040000e-03 1.804000e-03
7 9.940360e-01 3.616000e-03 2.348000e-03
8 9.929800e-01 3.956000e-03 3.064000e-03
9 9.918480e-01 4.380000e-03 3.772000e-03
10 9.906480e-01 4.820000e-03 4.532000e-03
11 9.893960e-01 5.224000e-03 5.380000e-03
12 9.882920e-01 5.404000e-03 6.304000e-03
13 9.870440e-01 5.696000e-03 7.260000e-03
14 9.857280e-01 5.956000e-03 8.316000e-03
15 9.843600e-01 6.360000e-03 9.280000e-03
16 9.828280e-01 6.696000e-03 1.047600e-02
17 9.813000e-01 6.948000e-03 1.175200e-02
18 9.798280e-01 7.128000e-03 1.304400e-02
19 9.783200e-01 7.424000e-03 1.425600e-02
20 9.767240e-01 7.808000e-03 1.546800e-02
21 9.752280e-01 7.972000e-03 1.680000e-02
22 9.737280e-01 8.092000e-03 1.818000e-02
23 9.720680e-01 8.356000e-03 1.957600e-02
24 9.704240e-01 8.572000e-03 2.100400e-02
25 9.686320e-01 8.936000e-03 2.243200e-02
26 9.668920e-01 9.120000e-03 2.398800e-02
27 9.650800e-01 9.276000e-03 2.564400e-02
28 9.633040e-01 9.348000e-03 2.734800e-02
29 9.614120e-01 9.672000e-03 2.891600e-02
30 9.594720e-01 9.888000e-03 3.064000e-02
31 9.578040e-01 9.836000e-03 3.236000e-02
32 9.560240e-01 9.936000e-03 3.404000e-02
33 9.541320e-01 1.007200e-02 3.579600e-02
34 9.521680e-01 1.021200e-02 3.762000e-02
35 9.502920e-01 1.041600e-02 3.929200e-02
36 9.482880e-01 1.053600e-02 4.117600e-02
37 9.462120e-01 1.074400e-02 4.304400e-02
38 9.441960e-01 1.078000e-02 4.502400e-02
39 9.422280e-01 1.072800e-02 4.704400e-02
40 9.401200e-01 1.089600e-02 4.898400e-02
41 9.382040e-01 1.086400e-02 5.093200e-02
42 9.364080e-01 1.080000e-02 5.279200e-02
43 9.346200e-01 1.057600e-02 5.480400e-02
44 9.326000e-01 1.079600e-02 5.660400e-02
45 9.306800e-01 1.101600e-02 5.830400e-02
46 9.288240e-01 1.110800e-02 6.006800e-02
47 9.268400e-01 1.115600e-02 6.200400e-02
48 9.247440e-01 1.120400e-02 6.405200e-02
49 9.226400e-01 1.137600e-02 6.598400e-02
50 9.204480e-01 1.158000e-02 6.797200e-02
51 9.183440e-01 1.158000e-02 7.007600e-02
52 9.160920e-01 1.182000e-02 7.208800e-02
53 9.140640e-01 1.170400e-02 7.423200e-02
54 9.118040e-01 1.178800e-02 7.640800e-02
55 9.096760e-01 1.183200e-02 7.849200e-02
56 9.073480e-01 1.210400e-02 8.054800e-02
57 9.051520e-01 1.227600e-02 8.257200e-02
58 9.028840e-01 1.248800e-02 8.462800e-02
59 9.004760e-01 1.268800e-02 8.683600e-02
60 8.981440e-01 1.268000e-02 8.917600e-02
61 8.958000e-01 1.273600e-02 9.146400e-02
62 8.935600e-01 1.266800e-02 9.377200e-02
63 8.913920e-01 1.267200e-02 9.593600e-02
64 8.892640e-01 1.266400e-02 9.807200e-02
65 8.872880e-01 1.238800e-02 1.003240e-01
66 8.850840e-01 1.238800e-02 1.025280e-01
67 8.831320e-01 1.220400e-02 1.046640e-01
68 8.811240e-01 1.207200e-02 1.068040e-01
69 8.793240e-01 1.179200e-02 1.088840e-01
70 8.772680e-01 1.183200e-02 1.109000e-01
71 8.752880e-01 1.188400e-02 1.128280e-01
72 8.731440e-01 1.196000e-02 1.148960e-01
73 8.712160e-01 1.184000e-02 1.169440e-01
74 8.693960e-01 1.150400e-02 1.191000e-01
75 8.673040e-01 1.159200e-02 1.211040e-01
76 8.652200e-01 1.166400e-02 1.231160e-01
77 8.634360e-01 1.128400e-02 1.252800e-01
78 8.616040e-01 1.108000e-02 1.273160e-01
79 8.598600e-01 1.082800e-02 1.293120e-01
80 8.581720e-01 1.066000e-02 1.311680e-01
81 8.565040e-01 1.060000e-02 1.328960e-01
82 8.546960e-01 1.061200e-02 1.346920e-01
83 8.529720e-01 1.054000e-02 1.364880e-01
84 8.512280e-01 1.048400e-02 1.382880e-01
85 8.495720e-01 1.036400e-02 1.400640e-01
86 8.478480e-01 1.014000e-02 1.420120e-01
87 8.460680e-01 1.020400e-02 1.437280e-01
88 8.443320e-01 1.021200e-02 1.454560e-01
89 8.426920e-01 1.010800e-02 1.472000e-01
90 8.409400e-01 1.016400e-02 1.488960e-01
91 8.390560e-01 1.029200e-02 1.506520e-01
92 8.373640e-01 1.016000e-02 1.524760e-01
93 8.356600e-01 1.006800e-02 1.542720e-01
94 8.339040e-01 1.010400e-02 1.559920e-01
95 8.321200e-01 1.001600e-02 1.578640e-01
96 8.303600e-01 1.011200e-02 1.595280e-01
97 8.285880e-01 1.004400e-02 1.613680e-01
98 8.269640e-01 9.968000e-03 1.630680e-01
99 8.254800e-01 9.696000e-03 1.648240e-01
100 8.237280e-01 9.736000e-03 1.665360e-01
101 8.219760e-01 9.792000e-03 1.682320e-01
102 8.202960e-01 9.716000e-03 1.699880e-01
103 8.188040e-01 9.512000e-03 1.716840e-01
104 8.170720e-01 9.464000e-03 1.734640e-01
105 8.154360e-01 9.404000e-03 1.751600e-01
106 8.137400e-01 9.400000e-03 1.768600e-01
107 8.120440e-01 9.480000e-03 1.784760e-01
108 8.104280e-01 9.484000e-03 1.800880e-01
109 8.087880e-01 9.456000e-03 1.817560e-01
110 8.071920e-01 9.408000e-03 1.834000e-01
111 8.055760e-01 9.460000e-03 1.849640e-01
112 8.039760e-01 9.380000e-03 1.866440e-01
113 8.024800e-01 9.180000e-03 1.883400e-01
114 8.009880e-01 9.028000e-03 1.899840e-01
115 7.994320e-01 9.096000e-03 1.914720e-01
116 7.980440e-01 8.776000e-03 1.931800e-01
117 7.965800e-01 8.588000e-03 1.948320e-01
118 7.950400e-01 8.564000e-03 1.963960e-01
119 7.934880e-01 8.568000e-03 1.979440e-01
120 7.919920e-01 8.676000e-03 1.993320e-01
121 7.906840e-01 8.452000e-03 2.008640e-01
122 7.893480e-01 8.300000e-03 2.023520e-01
123 7.879640e-01 8.324000e-03 2.037120e-01
124 7.864600e-01 8.412000e-03 2.051280e-01
125 7.849520e-01 8.412000e-03 2.066360e-01
126 7.834280e-01 8.484000e-03 2.080880e-01
127 7.818520e-01 8.676000e-03 2.094720e-01
128 7.804560e-01 8.556000e-03 2.109880e-01
129 7.789760e-01 8.564000e-03 2.124600e-01
130 7.775480e-01 8.488000e-03 2.139640e-01
131 7.761720e-01 8.416000e-03 2.154120e-01
132 7.748560e-01 8.280000e-03 2.168640e-01
133 7.735320e-01 8.320000e-03 2.181480e-01
134 7.721600e-01 8.300000e-03 2.195400e-01
135 7.708760e-01 8.128000e-03 2.209960e-01
136 7.695400e-01 7.912000e-03 2.225480e-01
137 7.682480e-01 7.776000e-03 2.239760e-01
138 7.670640e-01 7.560000e-03 2.253760e-01
139 7.659160e-01 7.416000e-03 2.266680e-01
140 7.646160e-01 7.368000e-03 2.280160e-01
141 7.632680e-01 7.460000e-03 2.292720e-01
142 7.619600e-01 7.564000e-03 2.304760e-01
143 7.607120e-01 7.448000e-03 2.318400e-01
144 7.595880e-01 7.276000e-03 2.331360e-01
145 7.584000e-01 7.156000e-03 2.344440e-01
146 7.572480e-01 6.976000e-03 2.357760e-01
147 7.561880e-01 6.912000e-03 2.369000e-01
148 7.550520e-01 6.900000e-03 2.380480e-01
149 7.538640e-01 6.796000e-03 2.393400e-01
150 7.527240e-01 6.732000e-03 2.405440e-01
151 7.515080e-01 6.728000e-03 2.417640e-01
152 7.504040e-01 6.692000e-03 2.429040e-01
153 7.492160e-01 6.688000e-03 2.440960e-01
154 7.480920e-01 6.696000e-03 2.452120e-01
155 7.468840e-01 6.652000e-03 2.464640e-01
156 7.456520e-01 6.660000e-03 2.476880e-01
157 7.443800e-01 6.744000e-03 2.488760e-01
158 7.431920e-01 6.720000e-03 2.500880e-01
159 7.418800e-01 6.876000e-03 2.512440e-01
160 7.406960e-01 6.800000e-03 2.525040e-01
161 7.395400e-01 6.740000e-03 2.537200e-01
162 7.383080e-01 6.756000e-03 2.549360e-01
163 7.371680e-01 6.728000e-03 2.561040e-01
164 7.359000e-01 6.964000e-03 2.571360e-01
165 7.347200e-01 6.992000e-03 2.582880e-01
166 7.334240e-01 7.040000e-03 2.595360e-01
167 7.322240e-01 7.008000e-03 2.607680e-01
168 7.309600e-01 7.128000e-03 2.619120e-01
169 7.298160e-01 7.124000e-03 2.630600e-01
170 7.286040e-01 7.140000e-03 2.642560e-01
171 7.274080e-01 6.984000e-03 2.656080e-01
172 7.261720e-01 6.876000e-03 2.669520e-01
173 7.249200e-01 6.812000e-03 2.682680e-01
174 7.238240e-01 6.716000e-03 2.694600e-01
175 7.226320e-01 6.732000e-03 2.706360e-01
176 7.213680e-01 6.876000e-03 2.717560e-01
177 7.202000e-01 6.772000e-03 2.730280e-01
178 7.190920e-01 6.772000e-03 2.741360e-01
179 7.179000e-01 6.720000e-03 2.753800e-01
180 7.167400e-01 6.696000e-03 2.765640e-01
181 7.158840e-01 6.296000e-03 2.778200e-01
182 7.147680e-01 6.388000e-03 2.788440e-01
183 7.136600e-01 6.380000e-03 2.799600e-01
184 7.125440e-01 6.400000e-03 2.810560e-01
185 7.116240e-01 6.300000e-03 2.820760e-01
186 7.105680e-01 6.252000e-03 2.831800e-01
187 7.094520e-01 6.268000e-03 2.842800e-01
188 7.084160e-01 6.168000e-03 2.854160e-01
189 7.072640e-01 6.236000e-03 2.865000e-01
190 7.061520e-01 6.244000e-03 2.876040e-01
191 7.052640e-01 6.012000e-03 2.887240e-01
192 7.042480e-01 6.012000e-03 2.897400e-01
193 7.033360e-01 5.932000e-03 2.907320e-01
194 7.023120e-01 6.040000e-03 2.916480e-01
195 7.012760e-01 6.052000e-03 2.926720e-01
196 7.003200e-01 5.888000e-03 2.937920e-01
197 6.994600e-01 5.748000e-03 2.947920e-01
198 6.985400e-01 5.728000e-03 2.957320e-01
199 6.976400e-01 5.520000e-03 2.968400e-01
200 6.965880e-01 5.564000e-03 2.978480e-01
201 6.957480e-01 5.312000e-03 2.989400e-01
202 6.949480e-01 5.216000e-03 2.998360e-01
203 6.940240e-01 5.312000e-03 3.006640e-01
204 6.932120e-01 5.248000e-03 3.015400e-01
205 6.924120e-01 5.180000e-03 3.024080e-01
206 6.916280e-01 5.052000e-03 3.033200e-01
207 6.908120e-01 4.964000e-03 3.042240e-01
208 6.899240e-01 5.056000e-03 3.050200e-01
209 6.892240e-01 4.900000e-03 3.058760e-01
210 6.884240e-01 4.808000e-03 3.067680e-01
211 6.877040e-01 4.704000e-03 3.075920e-01
212 6.870600e-01 4.612000e-03 3.083280e-01
213 6.861560e-01 4.668000e-03 3.091760e-01
214 6.853280e-01 4.604000e-03 3.100680e-01
215 6.845520e-01 4.584000e-03 3.108640e-01
216 6.838000e-01 4.444000e-03 3.117560e-01
217 6.830400e-01 4.424000e-03 3.125360e-01
218 6.823640e-01 4.316000e-03 3.133200e-01
219 6.816280e-01 4.268000e-03 3.141040e-01
220 6.809680e-01 4.188000e-03 3.148440e-01
221 6.803560e-01 4.008000e-03 3.156360e-01
222 6.796920e-01 4.028000e-03 3.162800e-01
223 6.790800e-01 3.960000e-03 3.169600e-01
224 6.784240e-01 3.972000e-03 3.176040e-01
225 6.777480e-01 4.060000e-03 3.181920e-01
226 6.771080e-01 4.000000e-03 3.188920e-01
227 6.763600e-01 4.040000e-03 3.196000e-01
228 6.756240e-01 4.008000e-03 3.203680e-01
229 6.748640e-01 4.092000e-03 3.210440e-01
230 6.740360e-01 4.244000e-03 3.217200e-01
231 6.732560e-01 4.356000e-03 3.223880e-01
232 6.725440e-01 4.284000e-03 3.231720e-01
233 6.717080e-01 4.268000e-03 3.240240e-01
234 6.710000e-01 4.192000e-03 3.248080e-01
235 6.702120e-01 4.212000e-03 3.255760e-01
236 6.693560e-01 4.356000e-03 3.262880e-01
237 6.685440e-01 4.300000e-03 3.271560e-01
238 6.677880e-01 4.224000e-03 3.279880e-01
239 6.670280e-01 4.236000e-03 3.287360e-01
240 6.663280e-01 4.172000e-03 3.295000e-01
241 6.655880e-01 4.260000e-03 3.301520e-01
242 6.649320e-01 4.104000e-03 3.309640e-01
243 6.643040e-01 3.960000e-03 3.317360e-01
244 6.637200e-01 3.908000e-03 3.323720e-01
245 6.631480e-01 3.804000e-03 3.330480e-01
246 6.625920e-01 3.692000e-03 3.337160e-01
247 6.620920e-01 3.532000e-03 3.343760e-01
248 6.615240e-01 3.448000e-03 3.350280e-01
249 6.609080e-01 3.432000e-03 3.356600e-01
250 6.604160e-01 3.396000e-03 3.361880e-01
251 6.598280e-01 3.356000e-03 3.368160e-01
252 6.592640e-01 3.328000e-03 3.374080e-01
253 6.586480e-01 3.388000e-03 3.379640e-01
254 6.580200e-01 3.412000e-03 3.385680e-01
255 6.574040e-01 3.464000e-03 3.391320e-01
256 6.567680e-01 3.476000e-03 3.397560e-01
257 6.562960e-01 3.292000e-03 3.404120e-01
258 6.557440e-01 3.208000e-03 3.410480e-01
259 6.551200e-01 3.312000e-03 3.415680e-01
260 6.545080e-01 3.316000e-03 3.421760e-01
261 6.539040e-01 3.396000e-03 3.427000e-01
262 6.533800e-01 3.288000e-03 3.433320e-01
263 6.528440e-01 3.316000e-03 3.438400e-01
264 6.522760e-01 3.300000e-03 3.444240e-01
265 6.517680e-01 3.092000e-03 3.451400e-01
266 6.512960e-01 3.048000e-03 3.456560e-01
267 6.508640e-01 2.852000e-03 3.462840e-01
268 6.502800e-01 2.964000e-03 3.467560e-01
269 6.498000e-01 2.984000e-03 3.472160e-01
270 6.492920e-01 2.924000e-03 3.477840e-01
271 6.487960e-01 2.956000e-03 3.482480e-01
272 6.482480e-01 2.948000e-03 3.488040e-01
273 6.477560e-01 2.940000e-03 3.493040e-01
274 6.472120e-01 2.924000e-03 3.498640e-01
275 6.467320e-01 2.832000e-03 3.504360e-01
276 6.461720e-01 2.880000e-03 3.509480e-01
277 6.455760e-01 2.988000e-03 3.514360e-01
278 6.450880e-01 2.972000e-03 3.519400e-01
279 6.445040e-01 3.080000e-03 3.524160e-01
280 6.439440e-01 3.088000e-03 3.529680e-01
281 6.434080e-01 3.092000e-03 3.535000e-01
282 6.429600e-01 2.972000e-03 3.540680e-01
283 6.424560e-01 2.956000e-03 3.545880e-01
284 6.419200e-01 2.948000e-03 3.551320e-01
285 6.413400e-01 3.052000e-03 3.556080e-01
286 6.408360e-01 3.112000e-03 3.560520e-01
287 6.403680e-01 3.188000e-03 3.564440e-01
288 6.397560e-01 3.196000e-03 3.570480e-01
289 6.392400e-01 3.208000e-03 3.575520e-01
290 6.387040e-01 3.200000e-03 3.580960e-01
291 6.382680e-01 3.048000e-03 3.586840e-01
292 6.377360e-01 3.036000e-03 3.592280e-01
293 6.372480e-01 2.944000e-03 3.598080e-01
294 6.366240e-01 3.020000e-03 3.603560e-01
295 6.361240e-01 2.968000e-03 3.609080e-01
296 6.355200e-01 2.964000e-03 3.615160e-01
297 6.351000e-01 2.812000e-03 3.620880e-01
298 6.346400e-01 2.808000e-03 3.625520e-01
299 6.342240e-01 2.764000e-03 3.630120e-01
300 6.337360e-01 2.804000e-03 3.634600e-01
301 6.333080e-01 2.712000e-03 3.639800e-01
302 6.328200e-01 2.724000e-03 3.644560e-01
303 6.323200e-01 2.712000e-03 3.649680e-01
304 6.318320e-01 2.688000e-03 3.654800e-01
305 6.313560e-01 2.764000e-03 3.658800e-01
306 6.307360e-01 2.948000e-03 3.663160e-01
307 6.302160e-01 2.952000e-03 3.668320e-01
308 6.297240e-01 2.896000e-03 3.673800e-01
309 6.291040e-01 3.064000e-03 3.678320e-01
310 6.285880e-01 3.024000e-03 3.683880e-01
311 6.280680e-01 3.020000e-03 3.689120e-01
312 6.275240e-01 3.032000e-03 3.694440e-01
313 6.269240e-01 3.104000e-03 3.699720e-01
314 6.264280e-01 2.968000e-03 3.706040e-01
315 6.259240e-01 3.004000e-03 3.710720e-01
316 6.253920e-01 3.020000e-03 3.715880e-01
317 6.249320e-01 2.996000e-03 3.720720e-01
318 6.244200e-01 2.952000e-03 3.726280e-01
319 6.239160e-01 2.952000e-03 3.731320e-01
320 6.234800e-01 2.844000e-03 3.736760e-01
321 6.229080e-01 2.948000e-03 3.741440e-01
322 6.223440e-01 2.976000e-03 3.746800e-01
323 6.218840e-01 2.924000e-03 3.751920e-01
324 6.214120e-01 2.812000e-03 3.757760e-01
325 6.209240e-01 2.792000e-03 3.762840e-01
326 6.204720e-01 2.744000e-03 3.767840e-01
327 6.199920e-01 2.804000e-03 3.772040e-01
328 6.195040e-01 2.808000e-03 3.776880e-01
329 6.189560e-01 2.952000e-03 3.780920e-01
330 6.184880e-01 2.896000e-03 3.786160e-01
331 6.179640e-01 2.832000e-03 3.792040e-01
332 6.175320e-01 2.796000e-03 3.796720e-01
333 6.170160e-01 2.836000e-03 3.801480e-01
334 6.165280e-01 2.828000e-03 3.806440e-01
335 6.159800e-01 2.912000e-03 3.811080e-01
336 6.154080e-01 2.976000e-03 3.816160e-01
337 6.148960e-01 2.948000e-03 3.821560e-01
338 6.143480e-01 3.036000e-03 3.826160e-01
339 6.137560e-01 3.108000e-03 3.831360e-01
340 6.132680e-01 3.092000e-03 3.836400e-01
341 6.126840e-01 3.160000e-03 3.841560e-01
342 6.120080e-01 3.188000e-03 3.848040e-01
343 6.114960e-01 3.196000e-03 3.853080e-01
344 6.109800e-01 3.096000e-03 3.859240e-01
345 6.104560e-01 3.164000e-03 3.863800e-01
346 6.099240e-01 3.068000e-03 3.870080e-01
347 6.094000e-01 3.076000e-03 3.875240e-01
348 6.087800e-01 3.184000e-03 3.880360e-01
349 6.082600e-01 3.116000e-03 3.886240e-01
350 6.077520e-01 3.056000e-03 3.891920e-01
351 6.072720e-01 3.028000e-03 3.897000e-01
352 6.067560e-01 2.980000e-03 3.902640e-01
353 6.061720e-01 3.064000e-03 3.907640e-01
354 6.057040e-01 3.128000e-03 3.911680e-01
355 6.052000e-01 3.104000e-03 3.916960e-01
356 6.046840e-01 3.012000e-03 3.923040e-01
357 6.041800e-01 2.944000e-03 3.928760e-01
358 6.036320e-01 2.908000e-03 3.934600e-01
359 6.031800e-01 2.864000e-03 3.939560e-01
360 6.026880e-01 2.892000e-03 3.944200e-01
361 6.021880e-01 2.872000e-03 3.949400e-01
362 6.017280e-01 2.824000e-03 3.954480e-01
363 6.013320e-01 2.668000e-03 3.960000e-01
364 6.008680e-01 2.664000e-03 3.964680e-01
365 6.003920e-01 2.632000e-03 3.969760e-01
366 5.998840e-01 2.708000e-03 3.974080e-01
367 5.994160e-01 2.732000e-03 3.978520e-01
368 5.989280e-01 2.724000e-03 3.983480e-01
369 5.985240e-01 2.568000e-03 3.989080e-01
370 5.980680e-01 2.600000e-03 3.993320e-01
371 5.976680e-01 2.548000e-03 3.997840e-01
372 5.973200e-01 2.464000e-03 4.002160e-01
373 5.969200e-01 2.408000e-03 4.006720e-01
374 5.965600e-01 2.352000e-03 4.010880e-01
375 5.961760e-01 2.332000e-03 4.014920e-01
376 5.957880e-01 2.276000e-03 4.019360e-01
377 5.954200e-01 2.264000e-03 4.023160e-01
378 5.950480e-01 2.240000e-03 4.027120e-01
379 5.946600e-01 2.208000e-03 4.031320e-01
380 5.943640e-01 2.080000e-03 4.035560e-01
381 5.940200e-01 2.096000e-03 4.038840e-01
382 5.936920e-01 2.080000e-03 4.042280e-01
383 5.933520e-01 2.048000e-03 4.046000e-01
384 5.930440e-01 1.980000e-03 4.049760e-01
385 5.927120e-01 1.992000e-03 4.052960e-01
386 5.923760e-01 1.980000e-03 4.056440e-01
387 5.920360e-01 2.004000e-03 4.059600e-01
388 5.915800e-01 2.032000e-03 4.063880e-01
389 5.912200e-01 2.092000e-03 4.066880e-01
390 5.908720e-01 2.052000e-03 4.070760e-01
391 5.905560e-01 2.056000e-03 4.073880e-01
392 5.902440e-01 2.068000e-03 4.076880e-01
393 5.899360e-01 2.044000e-03 4.080200e-01
394 5.896160e-01 2.008000e-03 4.083760e-01
395 5.892880e-01 1.908000e-03 4.088040e-01
396 5.890040e-01 1.880000e-03 4.091160e-01
397 5.887560e-01 1.756000e-03 4.094880e-01
398 5.884840e-01 1.708000e-03 4.098080e-01
399 5.881800e-01 1.748000e-03 4.100720e-01
400 5.878920e-01 1.684000e-03 4.104240e-01
401 5.876560e-01 1.624000e-03 4.107200e-01
402 5.874560e-01 1.536000e-03 4.110080e-01
403 5.872880e-01 1.460000e-03 4.112520e-01
404 5.870800e-01 1.400000e-03 4.115200e-01
405 5.869080e-01 1.316000e-03 4.117760e-01
406 5.867080e-01 1.284000e-03 4.120080e-01
407 5.865560e-01 1.232000e-03 4.122120e-01
408 5.863160e-01 1.284000e-03 4.124000e-01
409 5.860880e-01 1.276000e-03 4.126360e-01
410 5.859360e-01 1.228000e-03 4.128360e-01
411 5.856800e-01 1.284000e-03 4.130360e-01
412 5.854400e-01 1.284000e-03 4.132760e-01
413 5.852000e-01 1.312000e-03 4.134880e-01
414 5.849560e-01 1.328000e-03 4.137160e-01
415 5.847560e-01 1.336000e-03 4.139080e-01
416 5.845560e-01 1.288000e-03 4.141560e-01
417 5.843400e-01 1.272000e-03 4.143880e-01
418 5.841680e-01 1.232000e-03 4.146000e-01
419 5.839920e-01 1.176000e-03 4.148320e-01
420 5.837920e-01 1.176000e-03 4.150320e-01
421 5.836160e-01 1.140000e-03 4.152440e-01
422 5.834720e-01 1.124000e-03 4.154040e-01
423 5.832280e-01 1.220000e-03 4.155520e-01
424 5.830280e-01 1.212000e-03 4.157600e-01
425 5.827840e-01 1.228000e-03 4.159880e-01
426 5.825720e-01 1.264000e-03 4.161640e-01
427 5.823840e-01 1.268000e-03 4.163480e-01
428 5.821360e-01 1.256000e-03 4.166080e-01
429 5.819400e-01 1.236000e-03 4.168240e-01
430 5.817760e-01 1.200000e-03 4.170240e-01
431 5.815640e-01 1.200000e-03 4.172360e-01
432 5.813280e-01 1.200000e-03 4.174720e-01
433 5.811520e-01 1.128000e-03 4.177200e-01
434 5.809680e-01 1.096000e-03 4.179360e-01
435 5.807320e-01 1.116000e-03 4.181520e-01
436 5.805720e-01 1.080000e-03 4.183480e-01
437 5.803960e-01 1.112000e-03 4.184920e-01
438 5.801120e-01 1.196000e-03 4.186920e-01
439 5.798280e-01 1.240000e-03 4.189320e-01
440 5.796080e-01 1.268000e-03 4.191240e-01
441 5.794240e-01 1.192000e-03 4.193840e-01
442 5.791120e-01 1.304000e-03 4.195840e-01
443 5.788920e-01 1.324000e-03 4.197840e-01
444 5.785920e-01 1.396000e-03 4.200120e-01
445 5.782880e-01 1.468000e-03 4.202440e-01
446 5.780760e-01 1.396000e-03 4.205280e-01
447 5.778160e-01 1.384000e-03 4.208000e-01
448 5.776120e-01 1.376000e-03 4.210120e-01
449 5.774560e-01 1.292000e-03 4.212520e-01
450 5.772160e-01 1.312000e-03 4.214720e-01
451 5.770120e-01 1.240000e-03 4.217480e-01
452 5.768320e-01 1.220000e-03 4.219480e-01
453 5.765880e-01 1.276000e-03 4.221360e-01
454 5.764120e-01 1.252000e-03 4.223360e-01
455 5.761800e-01 1.272000e-03 4.225480e-01
456 5.759240e-01 1.332000e-03 4.227440e-01
457 5.757360e-01 1.292000e-03 4.229720e-01
458 5.755240e-01 1.276000e-03 4.232000e-01
459 5.753840e-01 1.192000e-03 4.234240e-01
460 5.751280e-01 1.244000e-03 4.236280e-01
461 5.749280e-01 1.216000e-03 4.238560e-01
462 5.747000e-01 1.256000e-03 4.240440e-01
463 5.744880e-01 1.252000e-03 4.242600e-01
464 5.742680e-01 1.272000e-03 4.244600e-01
465 5.740360e-01 1.216000e-03 4.247480e-01
466 5.739000e-01 1.144000e-03 4.249560e-01
467 5.737600e-01 1.064000e-03 4.251760e-01
468 5.735640e-01 1.040000e-03 4.253960e-01
469 5.733760e-01 1.032000e-03 4.255920e-01
470 5.732040e-01 1.044000e-03 4.257520e-01
471 5.730600e-01 1.028000e-03 4.259120e-01
472 5.728680e-01 1.032000e-03 4.261000e-01
473 5.726880e-01 1.028000e-03 4.262840e-01
474 5.724720e-01 1.116000e-03 4.264120e-01
475 5.723000e-01 1.088000e-03 4.266120e-01
476 5.720680e-01 1.144000e-03 4.267880e-01
477 5.718960e-01 1.172000e-03 4.269320e-01
478 5.716400e-01 1.244000e-03 4.271160e-01
479 5.714880e-01 1.188000e-03 4.273240e-01
480 5.713400e-01 1.124000e-03 4.275360e-01
481 5.712120e-01 1.036000e-03 4.277520e-01
482 5.711040e-01 9.480000e-04 4.279480e-01
483 5.709400e-01 9.280000e-04 4.281320e-01
484 5.708160e-01 9.040000e-04 4.282800e-01
485 5.706840e-01 8.400000e-04 4.284760e-01
486 5.705400e-01 8.280000e-04 4.286320e-01
487 5.704440e-01 8.160000e-04 4.287400e-01
488 5.703240e-01 8.080000e-04 4.288680e-01
489 5.701760e-01 8.280000e-04 4.289960e-01
490 5.700600e-01 8.000000e-04 4.291400e-01
491 5.699480e-01 7.480000e-04 4.293040e-01
492 5.697760e-01 8.200000e-04 4.294040e-01
493 5.696640e-01 7.840000e-04 4.295520e-01
494 5.695320e-01 7.320000e-04 4.297360e-01
495 5.694120e-01 7.120000e-04 4.298760e-01
496 5.693000e-01 7.120000e-04 4.299880e-01
497 5.692000e-01 6.800000e-04 4.301200e-01
498 5.690800e-01 6.760000e-04 4.302440e-01
499 5.689760e-01 6.640000e-04 4.303600e-01
500 5.688440e-01 7.120000e-04 4.304440e-01
