1 9.992320e-01 6.760000e-04 9.200000e-05
2 9.987680e-01 9.960000e-04 2.360000e-04
3 9.981800e-01 1.396000e-03 4.240000e-04
4 9.973960e-01 1.860000e-03 7.440000e-04
5 9.966440e-01 2.316000e-03 1.040000e-03
6 9.959320e-01 2.552000e-03 1.516000e-03
7 9.951200e-01 2.880000e-03 2.000000e-03
8 9.942760e-01 3.168000e-03 2.556000e-03
9 9.934160e-01 3.528000e-03 3.056000e-03
10 9.923480e-01 3.960000e-03 3.692000e-03
11 9.912720e-01 4.300000e-03 4.428000e-03
12 9.902400e-01 4.548000e-03 5.212000e-03
13 9.891440e-01 4.800000e-03 6.056000e-03
14 9.879480e-01 5.124000e-03 6.928000e-03
15 9.868320e-01 5.304000e-03 7.864000e-03
16 9.856160e-01 5.540000e-03 8.844000e-03
17 9.843360e-01 5.772000e-03 9.892000e-03
18 9.830920e-01 5.992000e-03 1.091600e-02
19 9.816080e-01 6.500000e-03 1.189200e-02
20 9.802400e-01 6.708000e-03 1.305200e-02
21 9.788240e-01 7.032000e-03 1.414400e-02
22 9.774200e-01 7.164000e-03 1.541600e-02
23 9.759880e-01 7.320000e-03 1.669200e-02
24 9.745080e-01 7.536000e-03 1.795600e-02
25 9.728320e-01 7.872000e-03 1.929600e-02
26 9.713560e-01 7.936000e-03 2.070800e-02
27 9.698440e-01 8.020000e-03 2.213600e-02
28 9.683960e-01 7.940000e-03 2.366400e-02
29 9.670160e-01 7.936000e-03 2.504800e-02
30 9.655400e-01 8.044000e-03 2.641600e-02
31 9.641080e-01 8.028000e-03 2.786400e-02
32 9.627440e-01 7.924000e-03 2.933200e-02
33 9.613520e-01 7.884000e-03 3.076400e-02
34 9.599480e-01 7.864000e-03 3.218800e-02
35 9.584440e-01 8.068000e-03 3.348800e-02
36 9.569760e-01 8.152000e-03 3.487200e-02
37 9.555680e-01 8.260000e-03 3.617200e-02
38 9.539240e-01 8.424000e-03 3.765200e-02
39 9.523440e-01 8.424000e-03 3.923200e-02
40 9.507680e-01 8.512000e-03 4.072000e-02
41 9.492520e-01 8.572000e-03 4.217600e-02
42 9.477560e-01 8.648000e-03 4.359600e-02
43 9.462520e-01 8.612000e-03 4.513600e-02
44 9.445320e-01 8.860000e-03 4.660800e-02
45 9.431200e-01 8.764000e-03 4.811600e-02
46 9.416520e-01 8.684000e-03 4.966400e-02
47 9.401280e-01 8.752000e-03 5.112000e-02
48 9.385440e-01 8.852000e-03 5.260400e-02
49 9.367600e-01 9.096000e-03 5.414400e-02
50 9.350360e-01 9.236000e-03 5.572800e-02
51 9.332480e-01 9.300000e-03 5.745200e-02
52 9.316680e-01 9.140000e-03 5.919200e-02
53 9.299560e-01 9.092000e-03 6.095200e-02
54 9.284160e-01 9.040000e-03 6.254400e-02
55 9.268320e-01 9.152000e-03 6.401600e-02
56 9.253360e-01 8.964000e-03 6.570000e-02
57 9.237200e-01 9.076000e-03 6.720400e-02
58 9.221240e-01 9.120000e-03 6.875600e-02
59 9.205080e-01 9.188000e-03 7.030400e-02
60 9.191720e-01 8.824000e-03 7.200400e-02
61 9.177720e-01 8.720000e-03 7.350800e-02
62 9.163560e-01 8.660000e-03 7.498400e-02
63 9.147520e-01 8.800000e-03 7.644800e-02
64 9.130160e-01 8.928000e-03 7.805600e-02
65 9.114040e-01 9.024000e-03 7.957200e-02
66 9.098080e-01 9.072000e-03 8.112000e-02
67 9.083000e-01 9.144000e-03 8.255600e-02
68 9.066320e-01 9.192000e-03 8.417600e-02
69 9.049960e-01 9.096000e-03 8.590800e-02
70 9.032560e-01 9.288000e-03 8.745600e-02
71 9.016800e-01 9.324000e-03 8.899600e-02
72 9.001200e-01 9.180000e-03 9.070000e-02
73 8.986520e-01 9.196000e-03 9.215200e-02
74 8.969800e-01 9.356000e-03 9.366400e-02
75 8.952240e-01 9.496000e-03 9.528000e-02
76 8.936280e-01 9.448000e-03 9.692400e-02
77 8.919440e-01 9.552000e-03 9.850400e-02
78 8.900480e-01 9.812000e-03 1.001400e-01
79 8.883880e-01 9.592000e-03 1.020200e-01
80 8.867560e-01 9.580000e-03 1.036640e-01
81 8.851760e-01 9.620000e-03 1.052040e-01
82 8.834720e-01 9.564000e-03 1.069640e-01
83 8.818760e-01 9.452000e-03 1.086720e-01
84 8.804000e-01 9.368000e-03 1.102320e-01
85 8.787880e-01 9.376000e-03 1.118360e-01
86 8.773880e-01 9.060000e-03 1.135520e-01
87 8.757400e-01 9.184000e-03 1.150760e-01
88 8.741080e-01 9.244000e-03 1.166480e-01
89 8.724960e-01 9.232000e-03 1.182720e-01
90 8.708960e-01 9.344000e-03 1.197600e-01
91 8.692440e-01 9.336000e-03 1.214200e-01
92 8.675160e-01 9.408000e-03 1.230760e-01
93 8.659600e-01 9.472000e-03 1.245680e-01
94 8.644440e-01 9.456000e-03 1.261000e-01
95 8.627320e-01 9.728000e-03 1.275400e-01
96 8.609960e-01 9.872000e-03 1.291320e-01
97 8.592040e-01 9.996000e-03 1.308000e-01
98 8.575360e-01 9.920000e-03 1.325440e-01
99 8.558520e-01 9.976000e-03 1.341720e-01
100 8.542520e-01 9.828000e-03 1.359200e-01
101 8.526480e-01 9.672000e-03 1.376800e-01
102 8.508920e-01 9.704000e-03 1.394040e-01
103 8.492640e-01 9.676000e-03 1.410600e-01
104 8.474520e-01 9.976000e-03 1.425720e-01
105 8.458080e-01 9.876000e-03 1.443160e-01
106 8.441120e-01 9.916000e-03 1.459720e-01
107 8.425440e-01 9.732000e-03 1.477240e-01
108 8.409800e-01 9.600000e-03 1.494200e-01
109 8.392760e-01 9.600000e-03 1.511240e-01
110 8.378440e-01 9.336000e-03 1.528200e-01
111 8.363600e-01 9.124000e-03 1.545160e-01
112 8.349000e-01 9.060000e-03 1.560400e-01
113 8.332880e-01 9.080000e-03 1.576320e-01
114 8.316080e-01 9.228000e-03 1.591640e-01
115 8.300960e-01 9.032000e-03 1.608720e-01
116 8.285640e-01 8.936000e-03 1.625000e-01
117 8.271040e-01 9.020000e-03 1.638760e-01
118 8.256360e-01 8.948000e-03 1.654160e-01
119 8.240520e-01 8.992000e-03 1.669560e-01
120 8.226080e-01 8.952000e-03 1.684400e-01
121 8.210520e-01 8.948000e-03 1.700000e-01
122 8.196720e-01 8.808000e-03 1.715200e-01
123 8.182560e-01 8.532000e-03 1.732120e-01
124 8.168880e-01 8.260000e-03 1.748520e-01
125 8.152680e-01 8.396000e-03 1.763360e-01
126 8.138800e-01 8.364000e-03 1.777560e-01
127 8.125160e-01 8.348000e-03 1.791360e-01
128 8.113000e-01 8.200000e-03 1.805000e-01
129 8.099520e-01 8.064000e-03 1.819840e-01
130 8.087160e-01 7.888000e-03 1.833960e-01
131 8.073640e-01 8.000000e-03 1.846360e-01
132 8.060240e-01 7.916000e-03 1.860600e-01
133 8.047640e-01 7.744000e-03 1.874920e-01
134 8.035200e-01 7.672000e-03 1.888080e-01
135 8.023160e-01 7.468000e-03 1.902160e-01
136 8.009760e-01 7.376000e-03 1.916480e-01
137 7.997360e-01 7.232000e-03 1.930320e-01
138 7.985120e-01 7.148000e-03 1.943400e-01
139 7.972400e-01 7.232000e-03 1.955280e-01
140 7.959840e-01 7.244000e-03 1.967720e-01
141 7.948120e-01 7.128000e-03 1.980600e-01
142 7.936040e-01 7.100000e-03 1.992960e-01
143 7.923040e-01 7.156000e-03 2.005400e-01
144 7.911080e-01 7.108000e-03 2.017840e-01
145 7.897840e-01 7.076000e-03 2.031400e-01
146 7.886000e-01 7.084000e-03 2.043160e-01
147 7.873440e-01 7.056000e-03 2.056000e-01
148 7.861080e-01 7.072000e-03 2.068200e-01
149 7.849480e-01 7.020000e-03 2.080320e-01
150 7.837720e-01 6.928000e-03 2.093000e-01
151 7.825560e-01 6.996000e-03 2.104480e-01
152 7.812800e-01 6.956000e-03 2.117640e-01
153 7.800200e-01 6.984000e-03 2.129960e-01
154 7.788200e-01 6.984000e-03 2.141960e-01
155 7.775600e-01 6.968000e-03 2.154720e-01
156 7.763960e-01 6.960000e-03 2.166440e-01
157 7.752360e-01 6.868000e-03 2.178960e-01
158 7.742160e-01 6.704000e-03 2.190800e-01
159 7.730720e-01 6.616000e-03 2.203120e-01
160 7.719720e-01 6.600000e-03 2.214280e-01
161 7.708400e-01 6.440000e-03 2.227200e-01
162 7.696480e-01 6.552000e-03 2.238000e-01
163 7.683880e-01 6.620000e-03 2.249920e-01
164 7.672000e-01 6.716000e-03 2.260840e-01
165 7.661080e-01 6.672000e-03 2.272200e-01
166 7.649160e-01 6.680000e-03 2.284040e-01
167 7.638520e-01 6.632000e-03 2.295160e-01
168 7.627240e-01 6.620000e-03 2.306560e-01
169 7.616200e-01 6.572000e-03 2.318080e-01
170 7.605800e-01 6.428000e-03 2.329920e-01
171 7.595440e-01 6.324000e-03 2.341320e-01
172 7.584640e-01 6.352000e-03 2.351840e-01
173 7.575000e-01 6.092000e-03 2.364080e-01
174 7.563760e-01 6.116000e-03 2.375080e-01
175 7.553080e-01 6.092000e-03 2.386000e-01
176 7.542520e-01 6.008000e-03 2.397400e-01
177 7.531680e-01 6.096000e-03 2.407360e-01
178 7.522320e-01 5.988000e-03 2.417800e-01
179 7.511680e-01 6.092000e-03 2.427400e-01
180 7.500720e-01 6.088000e-03 2.438400e-01
181 7.490160e-01 6.152000e-03 2.448320e-01
182 7.479440e-01 6.124000e-03 2.459320e-01
183 7.469360e-01 6.064000e-03 2.470000e-01
184 7.458560e-01 6.100000e-03 2.480440e-01
185 7.448840e-01 6.088000e-03 2.490280e-01
186 7.439440e-01 5.936000e-03 2.501200e-01
187 7.430360e-01 5.876000e-03 2.510880e-01
188 7.422080e-01 5.664000e-03 2.521280e-01
189 7.413720e-01 5.452000e-03 2.531760e-01
190 7.405920e-01 5.264000e-03 2.541440e-01
191 7.398360e-01 5.116000e-03 2.550480e-01
192 7.390760e-01 4.932000e-03 2.559920e-01
193 7.382960e-01 4.888000e-03 2.568160e-01
194 7.375600e-01 4.844000e-03 2.575960e-01
195 7.366280e-01 4.916000e-03 2.584560e-01
196 7.356720e-01 4.960000e-03 2.593680e-01
197 7.349160e-01 4.904000e-03 2.601800e-01
198 7.341080e-01 4.784000e-03 2.611080e-01
199 7.333880e-01 4.700000e-03 2.619120e-01
200 7.326360e-01 4.652000e-03 2.627120e-01
201 7.318640e-01 4.616000e-03 2.635200e-01
202 7.311280e-01 4.536000e-03 2.643360e-01
203 7.303480e-01 4.468000e-03 2.651840e-01
204 7.294920e-01 4.452000e-03 2.660560e-01
205 7.287560e-01 4.512000e-03 2.667320e-01
206 7.279720e-01 4.436000e-03 2.675920e-01
207 7.271800e-01 4.312000e-03 2.685080e-01
208 7.263600e-01 4.368000e-03 2.692720e-01
209 7.253720e-01 4.508000e-03 2.701200e-01
210 7.245000e-01 4.616000e-03 2.708840e-01
211 7.236240e-01 4.680000e-03 2.716960e-01
212 7.226720e-01 4.880000e-03 2.724480e-01
213 7.218640e-01 4.720000e-03 2.734160e-01
214 7.210600e-01 4.740000e-03 2.742000e-01
215 7.202720e-01 4.800000e-03 2.749280e-01
216 7.193760e-01 4.820000e-03 2.758040e-01
217 7.184520e-01 4.780000e-03 2.767680e-01
218 7.174400e-01 5.088000e-03 2.774720e-01
219 7.165960e-01 5.020000e-03 2.783840e-01
220 7.157320e-01 5.096000e-03 2.791720e-01
221 7.147480e-01 5.148000e-03 2.801040e-01
222 7.139040e-01 5.052000e-03 2.810440e-01
223 7.130200e-01 5.004000e-03 2.819760e-01
224 7.121280e-01 4.960000e-03 2.829120e-01
225 7.111360e-01 5.112000e-03 2.837520e-01
226 7.101480e-01 5.212000e-03 2.846400e-01
227 7.092800e-01 5.232000e-03 2.854880e-01
228 7.083520e-01 5.244000e-03 2.864040e-01
229 7.075560e-01 5.056000e-03 2.873880e-01
230 7.067120e-01 5.016000e-03 2.882720e-01
231 7.058560e-01 4.900000e-03 2.892440e-01
232 7.050520e-01 4.880000e-03 2.900680e-01
233 7.042720e-01 4.756000e-03 2.909720e-01
234 7.034720e-01 4.720000e-03 2.918080e-01
235 7.028000e-01 4.540000e-03 2.926600e-01
236 7.021080e-01 4.436000e-03 2.934560e-01
237 7.014360e-01 4.296000e-03 2.942680e-01
238 7.006320e-01 4.448000e-03 2.949200e-01
239 6.999120e-01 4.488000e-03 2.956000e-01
240 6.990520e-01 4.536000e-03 2.964120e-01
241 6.982960e-01 4.548000e-03 2.971560e-01
242 6.976160e-01 4.504000e-03 2.978800e-01
243 6.968160e-01 4.504000e-03 2.986800e-01
244 6.960920e-01 4.400000e-03 2.995080e-01
245 6.954640e-01 4.312000e-03 3.002240e-01
246 6.948120e-01 4.104000e-03 3.010840e-01
247 6.941520e-01 4.052000e-03 3.017960e-01
248 6.934560e-01 4.040000e-03 3.025040e-01
249 6.928680e-01 3.940000e-03 3.031920e-01
250 6.922920e-01 3.776000e-03 3.039320e-01
251 6.916920e-01 3.732000e-03 3.045760e-01
252 6.909880e-01 3.768000e-03 3.052440e-01
253 6.903560e-01 3.828000e-03 3.058160e-01
254 6.896600e-01 3.880000e-03 3.064600e-01
255 6.890120e-01 3.852000e-03 3.071360e-01
256 6.883440e-01 3.932000e-03 3.077240e-01
257 6.876520e-01 3.952000e-03 3.083960e-01
258 6.870360e-01 3.768000e-03 3.091960e-01
259 6.863400e-01 3.736000e-03 3.099240e-01
260 6.857600e-01 3.596000e-03 3.106440e-01
261 6.851840e-01 3.608000e-03 3.112080e-01
262 6.845640e-01 3.496000e-03 3.119400e-01
263 6.839480e-01 3.536000e-03 3.125160e-01
264 6.834480e-01 3.452000e-03 3.131000e-01
265 6.828880e-01 3.508000e-03 3.136040e-01
266 6.823480e-01 3.428000e-03 3.142240e-01
267 6.818400e-01 3.340000e-03 3.148200e-01
268 6.813760e-01 3.232000e-03 3.153920e-01
269 6.808440e-01 3.132000e-03 3.160240e-01
270 6.803480e-01 3.104000e-03 3.165480e-01
271 6.797760e-01 3.220000e-03 3.170040e-01
272 6.792360e-01 3.164000e-03 3.176000e-01
273 6.787760e-01 3.116000e-03 3.181080e-01
274 6.782280e-01 3.160000e-03 3.186120e-01
275 6.777360e-01 3.084000e-03 3.191800e-01
276 6.772480e-01 3.092000e-03 3.196600e-01
277 6.768000e-01 2.956000e-03 3.202440e-01
278 6.762760e-01 2.976000e-03 3.207480e-01
279 6.759000e-01 2.908000e-03 3.211920e-01
280 6.755160e-01 2.792000e-03 3.216920e-01
281 6.750680e-01 2.768000e-03 3.221640e-01
282 6.746800e-01 2.616000e-03 3.227040e-01
283 6.740840e-01 2.836000e-03 3.230800e-01
284 6.735480e-01 2.880000e-03 3.235720e-01
285 6.730440e-01 2.828000e-03 3.241280e-01
286 6.725520e-01 2.812000e-03 3.246360e-01
287 6.721080e-01 2.832000e-03 3.250600e-01
288 6.717000e-01 2.752000e-03 3.255480e-01
289 6.712680e-01 2.696000e-03 3.260360e-01
290 6.708560e-01 2.560000e-03 3.265840e-01
291 6.704800e-01 2.504000e-03 3.270160e-01
292 6.700720e-01 2.512000e-03 3.274160e-01
293 6.697120e-01 2.524000e-03 3.277640e-01
294 6.693600e-01 2.420000e-03 3.282200e-01
295 6.689600e-01 2.408000e-03 3.286320e-01
296 6.686480e-01 2.292000e-03 3.290600e-01
297 6.683720e-01 2.172000e-03 3.294560e-01
298 6.680520e-01 2.128000e-03 3.298200e-01
299 6.677160e-01 2.144000e-03 3.301400e-01
300 6.672720e-01 2.196000e-03 3.305320e-01
301 6.669960e-01 2.108000e-03 3.308960e-01
302 6.666560e-01 2.096000e-03 3.312480e-01
303 6.663240e-01 2.048000e-03 3.316280e-01
304 6.659960e-01 2.044000e-03 3.319600e-01
305 6.656720e-01 1.992000e-03 3.323360e-01
306 6.653440e-01 1.996000e-03 3.326600e-01
307 6.650800e-01 1.964000e-03 3.329560e-01
308 6.649120e-01 1.796000e-03 3.332920e-01
309 6.646640e-01 1.800000e-03 3.335360e-01
310 6.644040e-01 1.784000e-03 3.338120e-01
311 6.640920e-01 1.812000e-03 3.340960e-01
312 6.638320e-01 1.788000e-03 3.343800e-01
313 6.635360e-01 1.768000e-03 3.346960e-01
314 6.632920e-01 1.696000e-03 3.350120e-01
315 6.630120e-01 1.684000e-03 3.353040e-01
316 6.627680e-01 1.620000e-03 3.356120e-01
317 6.624440e-01 1.680000e-03 3.358760e-01
318 6.621760e-01 1.620000e-03 3.362040e-01
319 6.618120e-01 1.716000e-03 3.364720e-01
320 6.615240e-01 1.696000e-03 3.367800e-01
321 6.612520e-01 1.708000e-03 3.370400e-01
322 6.609640e-01 1.708000e-03 3.373280e-01
323 6.606480e-01 1.700000e-03 3.376520e-01
324 6.603760e-01 1.696000e-03 3.379280e-01
325 6.600680e-01 1.656000e-03 3.382760e-01
326 6.597640e-01 1.680000e-03 3.385560e-01
327 6.595000e-01 1.636000e-03 3.388640e-01
328 6.592400e-01 1.608000e-03 3.391520e-01
329 6.589960e-01 1.516000e-03 3.394880e-01
330 6.587560e-01 1.496000e-03 3.397480e-01
331 6.585880e-01 1.368000e-03 3.400440e-01
332 6.583440e-01 1.372000e-03 3.402840e-01
333 6.581720e-01 1.276000e-03 3.405520e-01
334 6.579920e-01 1.312000e-03 3.406960e-01
335 6.578160e-01 1.272000e-03 3.409120e-01
336 6.576160e-01 1.252000e-03 3.411320e-01
337 6.574040e-01 1.252000e-03 3.413440e-01
338 6.572520e-01 1.152000e-03 3.415960e-01
339 6.570360e-01 1.200000e-03 3.417640e-01
340 6.567880e-01 1.252000e-03 3.419600e-01
341 6.565600e-01 1.244000e-03 3.421960e-01
342 6.563880e-01 1.144000e-03 3.424680e-01
343 6.562280e-01 1.132000e-03 3.426400e-01
344 6.560360e-01 1.192000e-03 3.427720e-01
345 6.558080e-01 1.168000e-03 3.430240e-01
346 6.556200e-01 1.184000e-03 3.431960e-01
347 6.553880e-01 1.208000e-03 3.434040e-01
348 6.551600e-01 1.248000e-03 3.435920e-01
349 6.549720e-01 1.188000e-03 3.438400e-01
350 6.547600e-01 1.168000e-03 3.440720e-01
351 6.545960e-01 1.088000e-03 3.443160e-01
352 6.543280e-01 1.148000e-03 3.445240e-01
353 6.541720e-01 1.100000e-03 3.447280e-01
354 6.539920e-01 1.036000e-03 3.449720e-01
355 6.538120e-01 1.040000e-03 3.451480e-01
356 6.536000e-01 1.120000e-03 3.452800e-01
357 6.533680e-01 1.116000e-03 3.455160e-01
358 6.531480e-01 1.148000e-03 3.457040e-01
359 6.529440e-01 1.156000e-03 3.459000e-01
360 6.527240e-01 1.168000e-03 3.461080e-01
361 6.525080e-01 1.188000e-03 3.463040e-01
362 6.523720e-01 1.088000e-03 3.465400e-01
363 6.522080e-01 1.068000e-03 3.467240e-01
364 6.520840e-01 1.020000e-03 3.468960e-01
365 6.519000e-01 1.012000e-03 3.470880e-01
366 6.517400e-01 1.004000e-03 3.472560e-01
367 6.515640e-01 1.040000e-03 3.473960e-01
368 6.513960e-01 1.008000e-03 3.475960e-01
369 6.512080e-01 9.960000e-04 3.477960e-01
370 6.510120e-01 1.024000e-03 3.479640e-01
371 6.508520e-01 1.056000e-03 3.480920e-01
372 6.506800e-01 1.036000e-03 3.482840e-01
373 6.504840e-01 1.044000e-03 3.484720e-01
374 6.503160e-01 1.056000e-03 3.486280e-01
375 6.501400e-01 1.072000e-03 3.487880e-01
376 6.499600e-01 1.056000e-03 3.489840e-01
377 6.497360e-01 1.116000e-03 3.491480e-01
378 6.495280e-01 1.172000e-03 3.493000e-01
379 6.493240e-01 1.188000e-03 3.494880e-01
380 6.490240e-01 1.264000e-03 3.497120e-01
381 6.488240e-01 1.200000e-03 3.499760e-01
382 6.485760e-01 1.188000e-03 3.502360e-01
383 6.483400e-01 1.200000e-03 3.504600e-01
384 6.481080e-01 1.192000e-03 3.507000e-01
385 6.479280e-01 1.144000e-03 3.509280e-01
386 6.477600e-01 1.128000e-03 3.511120e-01
387 6.475560e-01 1.120000e-03 3.513240e-01
388 6.473480e-01 1.124000e-03 3.515280e-01
389 6.471160e-01 1.168000e-03 3.517160e-01
390 6.468920e-01 1.188000e-03 3.519200e-01
391 6.467280e-01 1.124000e-03 3.521480e-01
392 6.465560e-01 1.144000e-03 3.523000e-01
393 6.463240e-01 1.168000e-03 3.525080e-01
394 6.461320e-01 1.172000e-03 3.526960e-01
395 6.459000e-01 1.168000e-03 3.529320e-01
396 6.457080e-01 1.204000e-03 3.530880e-01
397 6.455360e-01 1.160000e-03 3.533040e-01
398 6.453560e-01 1.160000e-03 3.534840e-01
399 6.451560e-01 1.196000e-03 3.536480e-01
400 6.449280e-01 1.240000e-03 3.538320e-01
401 6.446720e-01 1.328000e-03 3.540000e-01
402 6.444640e-01 1.308000e-03 3.542280e-01
403 6.442080e-01 1.380000e-03 3.544120e-01
404 6.439800e-01 1.392000e-03 3.546280e-01
405 6.437640e-01 1.272000e-03 3.549640e-01
406 6.435080e-01 1.316000e-03 3.551760e-01
407 6.432920e-01 1.304000e-03 3.554040e-01
408 6.431280e-01 1.264000e-03 3.556080e-01
409 6.429960e-01 1.216000e-03 3.557880e-01
410 6.428080e-01 1.160000e-03 3.560320e-01
411 6.427040e-01 1.056000e-03 3.562400e-01
412 6.425360e-01 1.048000e-03 3.564160e-01
413 6.423200e-01 1.120000e-03 3.565600e-01
414 6.421760e-01 1.064000e-03 3.567600e-01
415 6.420040e-01 1.020000e-03 3.569760e-01
416 6.417800e-01 1.072000e-03 3.571480e-01
417 6.415240e-01 1.108000e-03 3.573680e-01
418 6.412760e-01 1.152000e-03 3.575720e-01
419 6.410520e-01 1.160000e-03 3.577880e-01
420 6.407320e-01 1.272000e-03 3.579960e-01
421 6.404280e-01 1.352000e-03 3.582200e-01
422 6.401280e-01 1.384000e-03 3.584880e-01
423 6.398160e-01 1.456000e-03 3.587280e-01
424 6.394960e-01 1.568000e-03 3.589360e-01
425 6.392120e-01 1.636000e-03 3.591520e-01
426 6.389200e-01 1.636000e-03 3.594440e-01
427 6.385760e-01 1.660000e-03 3.597640e-01
428 6.383000e-01 1.692000e-03 3.600080e-01
429 6.379640e-01 1.704000e-03 3.603320e-01
430 6.376600e-01 1.688000e-03 3.606520e-01
431 6.373640e-01 1.708000e-03 3.609280e-01
432 6.370640e-01 1.700000e-03 3.612360e-01
433 6.367520e-01 1.724000e-03 3.615240e-01
434 6.364400e-01 1.692000e-03 3.618680e-01
435 6.362160e-01 1.640000e-03 3.621440e-01
436 6.359760e-01 1.600000e-03 3.624240e-01
437 6.357200e-01 1.556000e-03 3.627240e-01
438 6.355160e-01 1.496000e-03 3.629880e-01
439 6.352160e-01 1.492000e-03 3.632920e-01
440 6.349840e-01 1.412000e-03 3.636040e-01
441 6.347720e-01 1.388000e-03 3.638400e-01
442 6.345480e-01 1.368000e-03 3.640840e-01
443 6.343080e-01 1.372000e-03 3.643200e-01
444 6.341120e-01 1.348000e-03 3.645400e-01
445 6.338920e-01 1.316000e-03 3.647920e-01
446 6.336560e-01 1.252000e-03 3.650920e-01
447 6.334800e-01 1.220000e-03 3.653000e-01
448 6.332640e-01 1.188000e-03 3.655480e-01
449 6.330720e-01 1.232000e-03 3.656960e-01
450 6.328560e-01 1.212000e-03 3.659320e-01
451 6.327040e-01 1.164000e-03 3.661320e-01
452 6.325760e-01 1.040000e-03 3.663840e-01
453 6.324000e-01 1.084000e-03 3.665160e-01
454 6.322160e-01 1.020000e-03 3.667640e-01
455 6.320320e-01 1.040000e-03 3.669280e-01
456 6.318240e-01 1.060000e-03 3.671160e-01
457 6.316960e-01 1.004000e-03 3.673000e-01
458 6.315520e-01 9.800000e-04 3.674680e-01
459 6.314480e-01 9.000000e-04 3.676520e-01
460 6.313600e-01 7.600000e-04 3.678800e-01
461 6.312800e-01 6.920000e-04 3.680280e-01
462 6.311760e-01 6.800000e-04 3.681440e-01
463 6.311240e-01 5.880000e-04 3.682880e-01
464 6.310320e-01 5.680000e-04 3.684000e-01
465 6.309840e-01 5.080000e-04 3.685080e-01
466 6.309000e-01 4.760000e-04 3.686240e-01
467 6.308040e-01 5.000000e-04 3.686960e-01
468 6.307440e-01 4.680000e-04 3.687880e-01
469 6.306680e-01 4.560000e-04 3.688760e-01
470 6.305880e-01 4.760000e-04 3.689360e-01
471 6.305320e-01 4.520000e-04 3.690160e-01
472 6.304040e-01 4.840000e-04 3.691120e-01
473 6.302920e-01 5.040000e-04 3.692040e-01
474 6.301760e-01 5.240000e-04 3.693000e-01
475 6.300200e-01 5.880000e-04 3.693920e-01
476 6.299040e-01 5.920000e-04 3.695040e-01
477 6.297600e-01 6.240000e-04 3.696160e-01
478 6.296240e-01 6.040000e-04 3.697720e-01
479 6.295680e-01 5.600000e-04 3.698720e-01
480 6.294440e-01 5.760000e-04 3.699800e-01
481 6.293360e-01 6.160000e-04 3.700480e-01
482 6.292160e-01 6.040000e-04 3.701800e-01
483 6.291120e-01 5.800000e-04 3.703080e-01
484 6.289680e-01 6.360000e-04 3.703960e-01
485 6.288400e-01 6.440000e-04 3.705160e-01
486 6.287080e-01 6.600000e-04 3.706320e-01
487 6.286320e-01 6.320000e-04 3.707360e-01
488 6.285000e-01 6.640000e-04 3.708360e-01
489 6.283560e-01 7.200000e-04 3.709240e-01
490 6.282040e-01 6.960000e-04 3.711000e-01
491 6.280200e-01 7.640000e-04 3.712160e-01
492 6.278440e-01 8.080000e-04 3.713480e-01
493 6.277080e-01 8.080000e-04 3.714840e-01
494 6.275240e-01 8.360000e-04 3.716400e-01
495 6.273800e-01 8.320000e-04 3.717880e-01
496 6.272000e-01 8.600000e-04 3.719400e-01
497 6.270720e-01 8.120000e-04 3.721160e-01
498 6.269520e-01 7.600000e-04 3.722880e-01
499 6.268040e-01 8.000000e-04 3.723960e-01
500 6.266600e-01 8.320000e-04 3.725080e-01
