1 9.992320e-01 6.520000e-04 1.160000e-04
2 9.987920e-01 9.320000e-04 2.760000e-04
3 9.981880e-01 1.328000e-03 4.840000e-04
4 9.975160e-01 1.720000e-03 7.640000e-04
5 9.967640e-01 2.180000e-03 1.056000e-03
6 9.959520e-01 2.584000e-03 1.464000e-03
7 9.949920e-01 3.064000e-03 1.944000e-03
8 9.939560e-01 3.500000e-03 2.544000e-03
9 9.929040e-01 3.936000e-03 3.160000e-03
10 9.919680e-01 4.132000e-03 3.900000e-03
11 9.908480e-01 4.512000e-03 4.640000e-03
12 9.897440e-01 4.812000e-03 5.444000e-03
13 9.886520e-01 5.028000e-03 6.320000e-03
14 9.874440e-01 5.296000e-03 7.260000e-03
15 9.862720e-01 5.608000e-03 8.120000e-03
16 9.850920e-01 5.784000e-03 9.124000e-03
17 9.839160e-01 5.996000e-03 1.008800e-02
18 9.825640e-01 6.196000e-03 1.124000e-02
19 9.812560e-01 6.388000e-03 1.235600e-02
20 9.800480e-01 6.464000e-03 1.348800e-02
21 9.788360e-01 6.620000e-03 1.454400e-02
22 9.776320e-01 6.768000e-03 1.560000e-02
23 9.763920e-01 6.848000e-03 1.676000e-02
24 9.751400e-01 6.956000e-03 1.790400e-02
25 9.738400e-01 7.008000e-03 1.915200e-02
26 9.725960e-01 7.020000e-03 2.038400e-02
27 9.712160e-01 7.216000e-03 2.156800e-02
28 9.699200e-01 7.260000e-03 2.282000e-02
29 9.686600e-01 7.280000e-03 2.406000e-02
30 9.672640e-01 7.404000e-03 2.533200e-02
31 9.658320e-01 7.500000e-03 2.666800e-02
32 9.644320e-01 7.576000e-03 2.799200e-02
33 9.630880e-01 7.580000e-03 2.933200e-02
34 9.618280e-01 7.500000e-03 3.067200e-02
35 9.605720e-01 7.496000e-03 3.193200e-02
36 9.592560e-01 7.480000e-03 3.326400e-02
37 9.579440e-01 7.392000e-03 3.466400e-02
38 9.566840e-01 7.376000e-03 3.594000e-02
39 9.552480e-01 7.544000e-03 3.720800e-02
40 9.536840e-01 7.764000e-03 3.855200e-02
41 9.521160e-01 7.968000e-03 3.991600e-02
42 9.505800e-01 8.160000e-03 4.126000e-02
43 9.491320e-01 8.184000e-03 4.268400e-02
44 9.476920e-01 8.156000e-03 4.415200e-02
45 9.462240e-01 8.136000e-03 4.564000e-02
46 9.446320e-01 8.288000e-03 4.708000e-02
47 9.431480e-01 8.180000e-03 4.867200e-02
48 9.416000e-01 8.292000e-03 5.010800e-02
49 9.400520e-01 8.372000e-03 5.157600e-02
50 9.386680e-01 8.204000e-03 5.312800e-02
51 9.372520e-01 8.244000e-03 5.450400e-02
52 9.357680e-01 8.280000e-03 5.595200e-02
53 9.344640e-01 8.144000e-03 5.739200e-02
54 9.329520e-01 8.268000e-03 5.878000e-02
55 9.315400e-01 8.244000e-03 6.021600e-02
56 9.298880e-01 8.556000e-03 6.155600e-02
57 9.283360e-01 8.440000e-03 6.322400e-02
58 9.267320e-01 8.492000e-03 6.477600e-02
59 9.253320e-01 8.320000e-03 6.634800e-02
60 9.239920e-01 8.184000e-03 6.782400e-02
61 9.225440e-01 8.132000e-03 6.932400e-02
62 9.210800e-01 8.212000e-03 7.070800e-02
63 9.197360e-01 8.116000e-03 7.214800e-02
64 9.182600e-01 8.204000e-03 7.353600e-02
65 9.168720e-01 8.208000e-03 7.492000e-02
66 9.152720e-01 8.456000e-03 7.627200e-02
67 9.136400e-01 8.600000e-03 7.776000e-02
68 9.122760e-01 8.580000e-03 7.914400e-02
69 9.107920e-01 8.564000e-03 8.064400e-02
70 9.093760e-01 8.456000e-03 8.216800e-02
71 9.079880e-01 8.444000e-03 8.356800e-02
72 9.066440e-01 8.368000e-03 8.498800e-02
73 9.052240e-01 8.336000e-03 8.644000e-02
74 9.038760e-01 8.320000e-03 8.780400e-02
75 9.024920e-01 8.152000e-03 8.935600e-02
76 9.012120e-01 7.996000e-03 9.079200e-02
77 8.999240e-01 8.016000e-03 9.206000e-02
78 8.984120e-01 7.960000e-03 9.362800e-02
79 8.970120e-01 7.808000e-03 9.518000e-02
80 8.958320e-01 7.652000e-03 9.651600e-02
81 8.945400e-01 7.660000e-03 9.780000e-02
82 8.930040e-01 7.812000e-03 9.918400e-02
83 8.915840e-01 7.776000e-03 1.006400e-01
84 8.902400e-01 7.764000e-03 1.019960e-01
85 8.889680e-01 7.684000e-03 1.033480e-01
86 8.875800e-01 7.764000e-03 1.046560e-01
87 8.860840e-01 8.016000e-03 1.059000e-01
88 8.845840e-01 8.080000e-03 1.073360e-01
89 8.831200e-01 8.212000e-03 1.086680e-01
90 8.815160e-01 8.436000e-03 1.100480e-01
91 8.800000e-01 8.424000e-03 1.115760e-01
92 8.784520e-01 8.416000e-03 1.131320e-01
93 8.770200e-01 8.392000e-03 1.145880e-01
94 8.755400e-01 8.416000e-03 1.160440e-01
95 8.739960e-01 8.480000e-03 1.175240e-01
96 8.725360e-01 8.272000e-03 1.191920e-01
97 8.710200e-01 8.300000e-03 1.206800e-01
98 8.695440e-01 8.284000e-03 1.221720e-01
99 8.680160e-01 8.316000e-03 1.236680e-01
100 8.664320e-01 8.380000e-03 1.251880e-01
101 8.649600e-01 8.368000e-03 1.266720e-01
102 8.635120e-01 8.316000e-03 1.281720e-01
103 8.619440e-01 8.532000e-03 1.295240e-01
104 8.603840e-01 8.560000e-03 1.310560e-01
105 8.589440e-01 8.492000e-03 1.325640e-01
106 8.575880e-01 8.408000e-03 1.340040e-01
107 8.561480e-01 8.308000e-03 1.355440e-01
108 8.548600e-01 8.084000e-03 1.370560e-01
109 8.536000e-01 7.976000e-03 1.384240e-01
110 8.522840e-01 7.928000e-03 1.397880e-01
111 8.509320e-01 7.980000e-03 1.410880e-01
112 8.497560e-01 7.876000e-03 1.423680e-01
113 8.485640e-01 7.668000e-03 1.437680e-01
114 8.475400e-01 7.408000e-03 1.450520e-01
115 8.463360e-01 7.284000e-03 1.463800e-01
116 8.451480e-01 7.128000e-03 1.477240e-01
117 8.439560e-01 7.080000e-03 1.489640e-01
118 8.429040e-01 6.896000e-03 1.502000e-01
119 8.417920e-01 6.792000e-03 1.514160e-01
120 8.407160e-01 6.716000e-03 1.525680e-01
121 8.396200e-01 6.640000e-03 1.537400e-01
122 8.384600e-01 6.760000e-03 1.547800e-01
123 8.374640e-01 6.604000e-03 1.559320e-01
124 8.362680e-01 6.592000e-03 1.571400e-01
125 8.351640e-01 6.504000e-03 1.583320e-01
126 8.341200e-01 6.364000e-03 1.595160e-01
127 8.329360e-01 6.388000e-03 1.606760e-01
128 8.318160e-01 6.320000e-03 1.618640e-01
129 8.307840e-01 6.244000e-03 1.629720e-01
130 8.298720e-01 6.112000e-03 1.640160e-01
131 8.289240e-01 5.960000e-03 1.651160e-01
132 8.280600e-01 5.708000e-03 1.662320e-01
133 8.271360e-01 5.708000e-03 1.671560e-01
134 8.262800e-01 5.576000e-03 1.681440e-01
135 8.254280e-01 5.508000e-03 1.690640e-01
136 8.245200e-01 5.524000e-03 1.699560e-01
137 8.236280e-01 5.544000e-03 1.708280e-01
138 8.227920e-01 5.472000e-03 1.717360e-01
139 8.217800e-01 5.456000e-03 1.727640e-01
140 8.207600e-01 5.500000e-03 1.737400e-01
141 8.197720e-01 5.564000e-03 1.746640e-01
142 8.188640e-01 5.500000e-03 1.756360e-01
143 8.179520e-01 5.496000e-03 1.765520e-01
144 8.168480e-01 5.600000e-03 1.775520e-01
145 8.159120e-01 5.508000e-03 1.785800e-01
146 8.150360e-01 5.512000e-03 1.794520e-01
147 8.141000e-01 5.500000e-03 1.804000e-01
148 8.132400e-01 5.472000e-03 1.812880e-01
149 8.123920e-01 5.492000e-03 1.821160e-01
150 8.115320e-01 5.484000e-03 1.829840e-01
151 8.106000e-01 5.400000e-03 1.840000e-01
152 8.096200e-01 5.424000e-03 1.849560e-01
153 8.087840e-01 5.336000e-03 1.858800e-01
154 8.079200e-01 5.304000e-03 1.867760e-01
155 8.070680e-01 5.264000e-03 1.876680e-01
156 8.061800e-01 5.204000e-03 1.886160e-01
157 8.053280e-01 5.192000e-03 1.894800e-01
158 8.044800e-01 5.156000e-03 1.903640e-01
159 8.035960e-01 5.172000e-03 1.912320e-01
160 8.027480e-01 5.084000e-03 1.921680e-01
161 8.018880e-01 5.016000e-03 1.930960e-01
162 8.009960e-01 5.032000e-03 1.939720e-01
163 8.001520e-01 4.988000e-03 1.948600e-01
164 7.993280e-01 4.920000e-03 1.957520e-01
165 7.982800e-01 5.172000e-03 1.965480e-01
166 7.972840e-01 5.200000e-03 1.975160e-01
167 7.964680e-01 5.132000e-03 1.984000e-01
168 7.957560e-01 4.900000e-03 1.993440e-01
169 7.950440e-01 4.828000e-03 2.001280e-01
170 7.942800e-01 4.732000e-03 2.009880e-01
171 7.935520e-01 4.676000e-03 2.017720e-01
172 7.929080e-01 4.488000e-03 2.026040e-01
173 7.921440e-01 4.488000e-03 2.033680e-01
174 7.914000e-01 4.436000e-03 2.041640e-01
175 7.905880e-01 4.500000e-03 2.049120e-01
176 7.898720e-01 4.464000e-03 2.056640e-01
177 7.891320e-01 4.432000e-03 2.064360e-01
178 7.884400e-01 4.340000e-03 2.072200e-01
179 7.877680e-01 4.252000e-03 2.079800e-01
180 7.868760e-01 4.376000e-03 2.087480e-01
181 7.861120e-01 4.428000e-03 2.094600e-01
182 7.853440e-01 4.436000e-03 2.102200e-01
183 7.845440e-01 4.476000e-03 2.109800e-01
184 7.837200e-01 4.532000e-03 2.117480e-01
185 7.828600e-01 4.604000e-03 2.125360e-01
186 7.821200e-01 4.488000e-03 2.133920e-01
187 7.813600e-01 4.480000e-03 2.141600e-01
188 7.804920e-01 4.552000e-03 2.149560e-01
189 7.797000e-01 4.476000e-03 2.158240e-01
190 7.789200e-01 4.444000e-03 2.166360e-01
191 7.782000e-01 4.200000e-03 2.176000e-01
192 7.775880e-01 4.128000e-03 2.182840e-01
193 7.767880e-01 4.208000e-03 2.190040e-01
194 7.760920e-01 4.152000e-03 2.197560e-01
195 7.754280e-01 4.060000e-03 2.205120e-01
196 7.747240e-01 4.072000e-03 2.212040e-01
197 7.740880e-01 4.080000e-03 2.218320e-01
198 7.733200e-01 4.104000e-03 2.225760e-01
199 7.726600e-01 4.076000e-03 2.232640e-01
200 7.719280e-01 4.096000e-03 2.239760e-01
201 7.712320e-01 4.040000e-03 2.247280e-01
202 7.706240e-01 3.952000e-03 2.254240e-01
203 7.699400e-01 3.984000e-03 2.260760e-01
204 7.692560e-01 3.988000e-03 2.267560e-01
205 7.685280e-01 3.972000e-03 2.275000e-01
206 7.678760e-01 3.900000e-03 2.282240e-01
207 7.671920e-01 3.880000e-03 2.289280e-01
208 7.664840e-01 3.848000e-03 2.296680e-01
209 7.656960e-01 4.052000e-03 2.302520e-01
210 7.648760e-01 4.208000e-03 2.309160e-01
211 7.640320e-01 4.344000e-03 2.316240e-01
212 7.633400e-01 4.256000e-03 2.324040e-01
213 7.625920e-01 4.280000e-03 2.331280e-01
214 7.617840e-01 4.304000e-03 2.339120e-01
215 7.612200e-01 4.176000e-03 2.346040e-01
216 7.605560e-01 4.144000e-03 2.353000e-01
217 7.599840e-01 4.076000e-03 2.359400e-01
218 7.594200e-01 3.852000e-03 2.367280e-01
219 7.587800e-01 3.840000e-03 2.373800e-01
220 7.581160e-01 3.752000e-03 2.381320e-01
221 7.575840e-01 3.652000e-03 2.387640e-01
222 7.570320e-01 3.516000e-03 2.394520e-01
223 7.564760e-01 3.468000e-03 2.400560e-01
224 7.558360e-01 3.468000e-03 2.406960e-01
225 7.552880e-01 3.380000e-03 2.413320e-01
226 7.546600e-01 3.488000e-03 2.418520e-01
227 7.540600e-01 3.516000e-03 2.424240e-01
228 7.533480e-01 3.588000e-03 2.430640e-01
229 7.527600e-01 3.500000e-03 2.437400e-01
230 7.521880e-01 3.504000e-03 2.443080e-01
231 7.515960e-01 3.504000e-03 2.449000e-01
232 7.509880e-01 3.588000e-03 2.454240e-01
233 7.504400e-01 3.500000e-03 2.460600e-01
234 7.497600e-01 3.524000e-03 2.467160e-01
235 7.492160e-01 3.468000e-03 2.473160e-01
236 7.486840e-01 3.468000e-03 2.478480e-01
237 7.480120e-01 3.516000e-03 2.484720e-01
238 7.474680e-01 3.408000e-03 2.491240e-01
239 7.469400e-01 3.368000e-03 2.496920e-01
240 7.463400e-01 3.340000e-03 2.503200e-01
241 7.456920e-01 3.468000e-03 2.508400e-01
242 7.451000e-01 3.484000e-03 2.514160e-01
243 7.445720e-01 3.404000e-03 2.520240e-01
244 7.439640e-01 3.432000e-03 2.526040e-01
245 7.433200e-01 3.484000e-03 2.531960e-01
246 7.428240e-01 3.416000e-03 2.537600e-01
247 7.423800e-01 3.332000e-03 2.542880e-01
248 7.418760e-01 3.284000e-03 2.548400e-01
249 7.413280e-01 3.212000e-03 2.554600e-01
250 7.407840e-01 3.152000e-03 2.560640e-01
251 7.403080e-01 3.100000e-03 2.565920e-01
252 7.399160e-01 2.888000e-03 2.571960e-01
253 7.393000e-01 3.032000e-03 2.576680e-01
254 7.388320e-01 2.984000e-03 2.581840e-01
255 7.383640e-01 2.860000e-03 2.587760e-01
256 7.377920e-01 2.884000e-03 2.593240e-01
257 7.373080e-01 2.772000e-03 2.599200e-01
258 7.368320e-01 2.680000e-03 2.604880e-01
259 7.363680e-01 2.700000e-03 2.609320e-01
260 7.359160e-01 2.676000e-03 2.614080e-01
261 7.354200e-01 2.720000e-03 2.618600e-01
262 7.349560e-01 2.664000e-03 2.623800e-01
263 7.344080e-01 2.780000e-03 2.628120e-01
264 7.338560e-01 2.836000e-03 2.633080e-01
265 7.333240e-01 2.884000e-03 2.637920e-01
266 7.328160e-01 2.820000e-03 2.643640e-01
267 7.323320e-01 2.808000e-03 2.648600e-01
268 7.318600e-01 2.816000e-03 2.653240e-01
269 7.312840e-01 2.920000e-03 2.657960e-01
270 7.307080e-01 2.976000e-03 2.663160e-01
271 7.301520e-01 3.028000e-03 2.668200e-01
272 7.296240e-01 2.996000e-03 2.673800e-01
273 7.291280e-01 2.940000e-03 2.679320e-01
274 7.285120e-01 3.052000e-03 2.684360e-01
275 7.279160e-01 3.148000e-03 2.689360e-01
276 7.273560e-01 3.140000e-03 2.695040e-01
277 7.267560e-01 3.220000e-03 2.700240e-01
278 7.262480e-01 3.268000e-03 2.704840e-01
279 7.256440e-01 3.268000e-03 2.710880e-01
280 7.251080e-01 3.208000e-03 2.716840e-01
281 7.246080e-01 3.112000e-03 2.722800e-01
282 7.241120e-01 2.984000e-03 2.729040e-01
283 7.236480e-01 2.968000e-03 2.733840e-01
284 7.232320e-01 2.860000e-03 2.739080e-01
285 7.226800e-01 2.928000e-03 2.743920e-01
286 7.222480e-01 2.792000e-03 2.749600e-01
287 7.217560e-01 2.860000e-03 2.753840e-01
288 7.212840e-01 2.896000e-03 2.758200e-01
289 7.207280e-01 2.956000e-03 2.763160e-01
290 7.202360e-01 2.940000e-03 2.768240e-01
291 7.196760e-01 2.984000e-03 2.773400e-01
292 7.191320e-01 2.984000e-03 2.778840e-01
293 7.185480e-01 2.996000e-03 2.784560e-01
294 7.179480e-01 3.060000e-03 2.789920e-01
295 7.174440e-01 3.052000e-03 2.795040e-01
296 7.169440e-01 3.052000e-03 2.800040e-01
297 7.164280e-01 3.004000e-03 2.805680e-01
298 7.160200e-01 2.900000e-03 2.810800e-01
299 7.155760e-01 2.808000e-03 2.816160e-01
300 7.151480e-01 2.680000e-03 2.821720e-01
301 7.147240e-01 2.676000e-03 2.826000e-01
302 7.142880e-01 2.620000e-03 2.830920e-01
303 7.138760e-01 2.596000e-03 2.835280e-01
304 7.135520e-01 2.444000e-03 2.840040e-01
305 7.131240e-01 2.460000e-03 2.844160e-01
306 7.127800e-01 2.376000e-03 2.848440e-01
307 7.123880e-01 2.312000e-03 2.853000e-01
308 7.120560e-01 2.208000e-03 2.857360e-01
309 7.118040e-01 2.052000e-03 2.861440e-01
310 7.115040e-01 2.036000e-03 2.864600e-01
311 7.111120e-01 2.080000e-03 2.868080e-01
312 7.108120e-01 2.056000e-03 2.871320e-01
313 7.104920e-01 1.980000e-03 2.875280e-01
314 7.100880e-01 2.040000e-03 2.878720e-01
315 7.096240e-01 2.140000e-03 2.882360e-01
316 7.092400e-01 2.164000e-03 2.885960e-01
317 7.088680e-01 2.140000e-03 2.889920e-01
318 7.085080e-01 2.160000e-03 2.893320e-01
319 7.080920e-01 2.164000e-03 2.897440e-01
320 7.077720e-01 2.036000e-03 2.901920e-01
321 7.073840e-01 2.112000e-03 2.905040e-01
322 7.069560e-01 2.124000e-03 2.909200e-01
323 7.065760e-01 2.152000e-03 2.912720e-01
324 7.062120e-01 2.156000e-03 2.916320e-01
325 7.057800e-01 2.248000e-03 2.919720e-01
326 7.053840e-01 2.224000e-03 2.923920e-01
327 7.050320e-01 2.144000e-03 2.928240e-01
328 7.046480e-01 2.208000e-03 2.931440e-01
329 7.043160e-01 2.184000e-03 2.935000e-01
330 7.039440e-01 2.228000e-03 2.938280e-01
331 7.034920e-01 2.268000e-03 2.942400e-01
332 7.030560e-01 2.276000e-03 2.946680e-01
333 7.026000e-01 2.280000e-03 2.951200e-01
334 7.021040e-01 2.396000e-03 2.955000e-01
335 7.016320e-01 2.344000e-03 2.960240e-01
336 7.011960e-01 2.396000e-03 2.964080e-01
337 7.007520e-01 2.448000e-03 2.968000e-01
338 7.002920e-01 2.456000e-03 2.972520e-01
339 6.999240e-01 2.456000e-03 2.976200e-01
340 6.996240e-01 2.280000e-03 2.980960e-01
341 6.992520e-01 2.264000e-03 2.984840e-01
342 6.988960e-01 2.236000e-03 2.988680e-01
343 6.984480e-01 2.308000e-03 2.992440e-01
344 6.981520e-01 2.220000e-03 2.996280e-01
345 6.978720e-01 2.028000e-03 3.001000e-01
346 6.975440e-01 1.992000e-03 3.004640e-01
347 6.972240e-01 1.984000e-03 3.007920e-01
348 6.969120e-01 1.944000e-03 3.011440e-01
349 6.966280e-01 1.928000e-03 3.014440e-01
350 6.963480e-01 1.836000e-03 3.018160e-01
351 6.961160e-01 1.724000e-03 3.021600e-01
352 6.958720e-01 1.668000e-03 3.024600e-01
353 6.955480e-01 1.760000e-03 3.026920e-01
354 6.952560e-01 1.748000e-03 3.029960e-01
355 6.949240e-01 1.780000e-03 3.032960e-01
356 6.946320e-01 1.724000e-03 3.036440e-01
357 6.944280e-01 1.676000e-03 3.038960e-01
358 6.941760e-01 1.620000e-03 3.042040e-01
359 6.938880e-01 1.640000e-03 3.044720e-01
360 6.935840e-01 1.696000e-03 3.047200e-01
361 6.932720e-01 1.676000e-03 3.050520e-01
362 6.929280e-01 1.716000e-03 3.053560e-01
363 6.926040e-01 1.724000e-03 3.056720e-01
364 6.922600e-01 1.776000e-03 3.059640e-01
365 6.919360e-01 1.816000e-03 3.062480e-01
366 6.915760e-01 1.856000e-03 3.065680e-01
367 6.912040e-01 1.952000e-03 3.068440e-01
368 6.908640e-01 1.936000e-03 3.072000e-01
369 6.904840e-01 1.988000e-03 3.075280e-01
370 6.901520e-01 2.000000e-03 3.078480e-01
371 6.896640e-01 2.156000e-03 3.081800e-01
372 6.891520e-01 2.260000e-03 3.085880e-01
373 6.887040e-01 2.384000e-03 3.089120e-01
374 6.883200e-01 2.364000e-03 3.093160e-01
375 6.878560e-01 2.420000e-03 3.097240e-01
376 6.874320e-01 2.360000e-03 3.102080e-01
377 6.870080e-01 2.328000e-03 3.106640e-01
378 6.866200e-01 2.388000e-03 3.109920e-01
379 6.862160e-01 2.352000e-03 3.114320e-01
380 6.858680e-01 2.348000e-03 3.117840e-01
381 6.854840e-01 2.316000e-03 3.122000e-01
382 6.851760e-01 2.232000e-03 3.125920e-01
383 6.848160e-01 2.236000e-03 3.129480e-01
384 6.843400e-01 2.336000e-03 3.133240e-01
385 6.839240e-01 2.380000e-03 3.136960e-01
386 6.835720e-01 2.308000e-03 3.141200e-01
387 6.831600e-01 2.300000e-03 3.145400e-01
388 6.827160e-01 2.368000e-03 3.149160e-01
389 6.823120e-01 2.352000e-03 3.153360e-01
390 6.818360e-01 2.404000e-03 3.157600e-01
391 6.812720e-01 2.516000e-03 3.162120e-01
392 6.808200e-01 2.492000e-03 3.166880e-01
393 6.803880e-01 2.552000e-03 3.170600e-01
394 6.800560e-01 2.392000e-03 3.175520e-01
395 6.796800e-01 2.340000e-03 3.179800e-01
396 6.793240e-01 2.308000e-03 3.183680e-01
397 6.789440e-01 2.280000e-03 3.187760e-01
398 6.785360e-01 2.240000e-03 3.192240e-01
399 6.782400e-01 2.076000e-03 3.196840e-01
400 6.779360e-01 2.032000e-03 3.200320e-01
401 6.776560e-01 1.988000e-03 3.203560e-01
402 6.773560e-01 1.888000e-03 3.207560e-01
403 6.770800e-01 1.860000e-03 3.210600e-01
404 6.766840e-01 1.920000e-03 3.213960e-01
405 6.763800e-01 1.948000e-03 3.216720e-01
406 6.761040e-01 1.888000e-03 3.220080e-01
407 6.757720e-01 1.916000e-03 3.223120e-01
408 6.754400e-01 1.916000e-03 3.226440e-01
409 6.751760e-01 1.780000e-03 3.230440e-01
410 6.748720e-01 1.808000e-03 3.233200e-01
411 6.745640e-01 1.764000e-03 3.236720e-01
412 6.743160e-01 1.660000e-03 3.240240e-01
413 6.740640e-01 1.648000e-03 3.242880e-01
414 6.737040e-01 1.692000e-03 3.246040e-01
415 6.733800e-01 1.692000e-03 3.249280e-01
416 6.731240e-01 1.636000e-03 3.252400e-01
417 6.729040e-01 1.560000e-03 3.255360e-01
418 6.726920e-01 1.508000e-03 3.258000e-01
419 6.723920e-01 1.548000e-03 3.260600e-01
420 6.721760e-01 1.444000e-03 3.263800e-01
421 6.719480e-01 1.444000e-03 3.266080e-01
422 6.716880e-01 1.472000e-03 3.268400e-01
423 6.714440e-01 1.480000e-03 3.270760e-01
424 6.711680e-01 1.476000e-03 3.273560e-01
425 6.709640e-01 1.412000e-03 3.276240e-01
426 6.707280e-01 1.332000e-03 3.279400e-01
427 6.704960e-01 1.356000e-03 3.281480e-01
428 6.702640e-01 1.364000e-03 3.283720e-01
429 6.700480e-01 1.316000e-03 3.286360e-01
430 6.699080e-01 1.256000e-03 3.288360e-01
431 6.697240e-01 1.232000e-03 3.290440e-01
432 6.695760e-01 1.180000e-03 3.292440e-01
433 6.694520e-01 1.092000e-03 3.294560e-01
434 6.692560e-01 1.100000e-03 3.296440e-01
435 6.690360e-01 1.144000e-03 3.298200e-01
436 6.688400e-01 1.100000e-03 3.300600e-01
437 6.686000e-01 1.120000e-03 3.302800e-01
438 6.684000e-01 1.132000e-03 3.304680e-01
439 6.682760e-01 1.048000e-03 3.306760e-01
440 6.680560e-01 1.080000e-03 3.308640e-01
441 6.678600e-01 1.124000e-03 3.310160e-01
442 6.676480e-01 1.136000e-03 3.312160e-01
443 6.674920e-01 1.136000e-03 3.313720e-01
444 6.672880e-01 1.160000e-03 3.315520e-01
445 6.671120e-01 1.128000e-03 3.317600e-01
446 6.669520e-01 1.072000e-03 3.319760e-01
447 6.667880e-01 1.072000e-03 3.321400e-01
448 6.665080e-01 1.156000e-03 3.323360e-01
449 6.663400e-01 1.152000e-03 3.325080e-01
450 6.661200e-01 1.164000e-03 3.327160e-01
451 6.659560e-01 1.152000e-03 3.328920e-01
452 6.657720e-01 1.132000e-03 3.330960e-01
453 6.656200e-01 1.072000e-03 3.333080e-01
454 6.654360e-01 1.044000e-03 3.335200e-01
455 6.652960e-01 9.960000e-04 3.337080e-01
456 6.651680e-01 9.400000e-04 3.338920e-01
457 6.650120e-01 9.600000e-04 3.340280e-01
458 6.648440e-01 9.680000e-04 3.341880e-01
459 6.646600e-01 9.800000e-04 3.343600e-01
460 6.644960e-01 9.440000e-04 3.345600e-01
461 6.643160e-01 9.520000e-04 3.347320e-01
462 6.641360e-01 9.440000e-04 3.349200e-01
463 6.639960e-01 9.520000e-04 3.350520e-01
464 6.638000e-01 9.880000e-04 3.352120e-01
465 6.636320e-01 1.020000e-03 3.353480e-01
466 6.634160e-01 1.080000e-03 3.355040e-01
467 6.632600e-01 1.056000e-03 3.356840e-01
468 6.630800e-01 1.068000e-03 3.358520e-01
469 6.629320e-01 1.040000e-03 3.360280e-01
470 6.627520e-01 1.056000e-03 3.361920e-01
471 6.626120e-01 1.000000e-03 3.363880e-01
472 6.624760e-01 9.880000e-04 3.365360e-01
473 6.623600e-01 9.400000e-04 3.367000e-01
474 6.622560e-01 9.000000e-04 3.368440e-01
475 6.621360e-01 8.520000e-04 3.370120e-01
476 6.620320e-01 8.080000e-04 3.371600e-01
477 6.619160e-01 7.280000e-04 3.373560e-01
478 6.617840e-01 7.240000e-04 3.374920e-01
479 6.616720e-01 7.000000e-04 3.376280e-01
480 6.615160e-01 7.560000e-04 3.377280e-01
481 6.613840e-01 7.480000e-04 3.378680e-01
482 6.612520e-01 7.520000e-04 3.379960e-01
483 6.611320e-01 7.600000e-04 3.381080e-01
484 6.610200e-01 7.480000e-04 3.382320e-01
485 6.608800e-01 7.520000e-04 3.383680e-01
486 6.607720e-01 7.320000e-04 3.384960e-01
487 6.607000e-01 6.680000e-04 3.386320e-01
488 6.606120e-01 6.320000e-04 3.387560e-01
489 6.605080e-01 6.240000e-04 3.388680e-01
490 6.603920e-01 6.360000e-04 3.389720e-01
491 6.602680e-01 6.600000e-04 3.390720e-01
492 6.601480e-01 6.800000e-04 3.391720e-01
493 6.600520e-01 6.400000e-04 3.393080e-01
494 6.599840e-01 6.080000e-04 3.394080e-01
495 6.598560e-01 6.320000e-04 3.395120e-01
496 6.597600e-01 6.280000e-04 3.396120e-01
497 6.596720e-01 6.120000e-04 3.397160e-01
498 6.595920e-01 5.960000e-04 3.398120e-01
499 6.594960e-01 5.920000e-04 3.399120e-01
500 6.594000e-01 5.840000e-04 3.400160e-01
