1 9.992240e-01 6.720000e-04 1.040000e-04
2 9.987760e-01 9.360000e-04 2.880000e-04
3 9.982320e-01 1.276000e-03 4.920000e-04
4 9.976000e-01 1.704000e-03 6.960000e-04
5 9.967000e-01 2.260000e-03 1.040000e-03
6 9.959040e-01 2.564000e-03 1.532000e-03
7 9.951400e-01 2.840000e-03 2.020000e-03
8 9.943320e-01 3.168000e-03 2.500000e-03
9 9.934880e-01 3.416000e-03 3.096000e-03
10 9.925400e-01 3.856000e-03 3.604000e-03
11 9.916640e-01 3.976000e-03 4.360000e-03
12 9.906680e-01 4.252000e-03 5.080000e-03
13 9.897720e-01 4.368000e-03 5.860000e-03
14 9.887400e-01 4.676000e-03 6.584000e-03
15 9.876320e-01 4.932000e-03 7.436000e-03
16 9.863960e-01 5.272000e-03 8.332000e-03
17 9.850440e-01 5.636000e-03 9.320000e-03
18 9.837360e-01 5.848000e-03 1.041600e-02
19 9.824200e-01 6.104000e-03 1.147600e-02
20 9.812000e-01 6.328000e-03 1.247200e-02
21 9.799400e-01 6.504000e-03 1.355600e-02
22 9.786760e-01 6.676000e-03 1.464800e-02
23 9.774600e-01 6.756000e-03 1.578400e-02
24 9.763160e-01 6.716000e-03 1.696800e-02
25 9.751560e-01 6.672000e-03 1.817200e-02
26 9.740200e-01 6.600000e-03 1.938000e-02
27 9.728480e-01 6.664000e-03 2.048800e-02
28 9.715960e-01 6.752000e-03 2.165200e-02
29 9.704200e-01 6.696000e-03 2.288400e-02
30 9.691720e-01 6.724000e-03 2.410400e-02
31 9.677240e-01 6.996000e-03 2.528000e-02
32 9.664960e-01 7.040000e-03 2.646400e-02
33 9.650520e-01 7.140000e-03 2.780800e-02
34 9.637400e-01 7.176000e-03 2.908400e-02
35 9.624160e-01 7.296000e-03 3.028800e-02
36 9.608800e-01 7.552000e-03 3.156800e-02
37 9.593120e-01 7.784000e-03 3.290400e-02
38 9.577960e-01 8.004000e-03 3.420000e-02
39 9.562720e-01 8.052000e-03 3.567600e-02
40 9.547280e-01 8.128000e-03 3.714400e-02
41 9.532440e-01 8.140000e-03 3.861600e-02
42 9.517760e-01 8.132000e-03 4.009200e-02
43 9.505240e-01 7.852000e-03 4.162400e-02
44 9.492680e-01 7.716000e-03 4.301600e-02
45 9.479400e-01 7.544000e-03 4.451600e-02
46 9.464800e-01 7.720000e-03 4.580000e-02
47 9.451240e-01 7.764000e-03 4.711200e-02
48 9.438080e-01 7.840000e-03 4.835200e-02
49 9.425360e-01 7.744000e-03 4.972000e-02
50 9.411360e-01 7.816000e-03 5.104800e-02
51 9.397480e-01 7.828000e-03 5.242400e-02
52 9.384240e-01 7.864000e-03 5.371200e-02
53 9.371880e-01 7.716000e-03 5.509600e-02
54 9.358720e-01 7.796000e-03 5.633200e-02
55 9.344240e-01 7.764000e-03 5.781200e-02
56 9.329600e-01 7.784000e-03 5.925600e-02
57 9.317200e-01 7.636000e-03 6.064400e-02
58 9.302800e-01 7.780000e-03 6.194000e-02
59 9.288400e-01 7.800000e-03 6.336000e-02
60 9.273520e-01 7.728000e-03 6.492000e-02
61 9.260040e-01 7.772000e-03 6.622400e-02
62 9.245840e-01 7.840000e-03 6.757600e-02
63 9.232920e-01 7.736000e-03 6.897200e-02
64 9.219960e-01 7.692000e-03 7.031200e-02
65 9.205200e-01 7.800000e-03 7.168000e-02
66 9.190440e-01 8.072000e-03 7.288400e-02
67 9.175360e-01 8.124000e-03 7.434000e-02
68 9.161800e-01 8.148000e-03 7.567200e-02
69 9.147160e-01 8.252000e-03 7.703200e-02
70 9.134200e-01 7.996000e-03 7.858400e-02
71 9.120320e-01 8.092000e-03 7.987600e-02
72 9.106680e-01 8.064000e-03 8.126800e-02
73 9.093840e-01 7.952000e-03 8.266400e-02
74 9.078960e-01 8.036000e-03 8.406800e-02
75 9.064240e-01 8.132000e-03 8.544400e-02
76 9.049440e-01 8.204000e-03 8.685200e-02
77 9.034200e-01 8.304000e-03 8.827600e-02
78 9.020720e-01 8.236000e-03 8.969200e-02
79 9.007080e-01 8.136000e-03 9.115600e-02
80 8.992360e-01 8.076000e-03 9.268800e-02
81 8.978880e-01 8.068000e-03 9.404400e-02
82 8.965560e-01 7.936000e-03 9.550800e-02
83 8.950200e-01 8.116000e-03 9.686400e-02
84 8.936800e-01 7.976000e-03 9.834400e-02
85 8.923080e-01 7.940000e-03 9.975200e-02
86 8.909880e-01 7.936000e-03 1.010760e-01
87 8.897640e-01 7.904000e-03 1.023320e-01
88 8.884640e-01 7.812000e-03 1.037240e-01
89 8.871160e-01 7.736000e-03 1.051480e-01
90 8.857760e-01 7.824000e-03 1.064000e-01
91 8.843800e-01 7.832000e-03 1.077880e-01
92 8.830600e-01 7.792000e-03 1.091480e-01
93 8.816960e-01 7.824000e-03 1.104800e-01
94 8.802400e-01 7.872000e-03 1.118880e-01
95 8.789680e-01 7.844000e-03 1.131880e-01
96 8.775400e-01 7.908000e-03 1.145520e-01
97 8.761640e-01 7.940000e-03 1.158960e-01
98 8.748480e-01 7.892000e-03 1.172600e-01
99 8.735120e-01 7.860000e-03 1.186280e-01
100 8.722720e-01 7.768000e-03 1.199600e-01
101 8.708400e-01 7.832000e-03 1.213280e-01
102 8.693880e-01 7.912000e-03 1.227000e-01
103 8.679880e-01 8.040000e-03 1.239720e-01
104 8.665040e-01 8.208000e-03 1.252880e-01
105 8.651080e-01 8.212000e-03 1.266800e-01
106 8.637040e-01 8.068000e-03 1.282280e-01
107 8.623560e-01 8.084000e-03 1.295600e-01
108 8.608120e-01 8.284000e-03 1.309040e-01
109 8.591480e-01 8.444000e-03 1.324080e-01
110 8.575960e-01 8.548000e-03 1.338560e-01
111 8.561480e-01 8.564000e-03 1.352880e-01
112 8.546600e-01 8.600000e-03 1.367400e-01
113 8.531320e-01 8.624000e-03 1.382440e-01
114 8.516760e-01 8.532000e-03 1.397920e-01
115 8.500840e-01 8.704000e-03 1.412120e-01
116 8.485120e-01 8.740000e-03 1.427480e-01
117 8.470480e-01 8.792000e-03 1.441600e-01
118 8.455400e-01 8.740000e-03 1.457200e-01
119 8.439320e-01 8.872000e-03 1.471960e-01
120 8.424080e-01 8.872000e-03 1.487200e-01
121 8.408840e-01 8.684000e-03 1.504320e-01
122 8.394200e-01 8.776000e-03 1.518040e-01
123 8.378440e-01 8.876000e-03 1.532800e-01
124 8.364200e-01 8.784000e-03 1.547960e-01
125 8.350520e-01 8.688000e-03 1.562600e-01
126 8.336080e-01 8.632000e-03 1.577600e-01
127 8.322080e-01 8.452000e-03 1.593400e-01
128 8.307560e-01 8.420000e-03 1.608240e-01
129 8.294120e-01 8.104000e-03 1.624840e-01
130 8.280640e-01 8.144000e-03 1.637920e-01
131 8.266000e-01 8.244000e-03 1.651560e-01
132 8.251560e-01 8.248000e-03 1.665960e-01
133 8.237240e-01 8.244000e-03 1.680320e-01
134 8.224240e-01 8.108000e-03 1.694680e-01
135 8.210920e-01 7.912000e-03 1.709960e-01
136 8.198360e-01 7.624000e-03 1.725400e-01
137 8.184520e-01 7.676000e-03 1.738720e-01
138 8.172120e-01 7.564000e-03 1.752240e-01
139 8.158600e-01 7.572000e-03 1.765680e-01
140 8.145640e-01 7.700000e-03 1.777360e-01
141 8.132520e-01 7.668000e-03 1.790800e-01
142 8.120000e-01 7.608000e-03 1.803920e-01
143 8.107080e-01 7.520000e-03 1.817720e-01
144 8.094160e-01 7.580000e-03 1.830040e-01
145 8.081360e-01 7.476000e-03 1.843880e-01
146 8.066280e-01 7.668000e-03 1.857040e-01
147 8.052880e-01 7.572000e-03 1.871400e-01
148 8.039680e-01 7.632000e-03 1.884000e-01
149 8.027400e-01 7.548000e-03 1.897120e-01
150 8.014960e-01 7.412000e-03 1.910920e-01
151 8.004040e-01 7.280000e-03 1.923160e-01
152 7.992280e-01 7.124000e-03 1.936480e-01
153 7.980160e-01 7.104000e-03 1.948800e-01
154 7.969480e-01 6.880000e-03 1.961720e-01
155 7.957680e-01 6.940000e-03 1.972920e-01
156 7.946280e-01 6.868000e-03 1.985040e-01
157 7.933240e-01 6.952000e-03 1.997240e-01
158 7.921280e-01 6.880000e-03 2.009920e-01
159 7.909600e-01 6.960000e-03 2.020800e-01
160 7.897040e-01 6.892000e-03 2.034040e-01
161 7.883880e-01 7.064000e-03 2.045480e-01
162 7.870240e-01 7.268000e-03 2.057080e-01
163 7.857840e-01 7.220000e-03 2.069960e-01
164 7.845400e-01 7.204000e-03 2.082560e-01
165 7.833920e-01 7.076000e-03 2.095320e-01
166 7.821280e-01 7.236000e-03 2.106360e-01
167 7.808800e-01 7.212000e-03 2.119080e-01
168 7.794920e-01 7.204000e-03 2.133040e-01
169 7.782080e-01 7.140000e-03 2.146520e-01
170 7.769640e-01 7.124000e-03 2.159120e-01
171 7.757120e-01 7.004000e-03 2.172840e-01
172 7.744680e-01 7.168000e-03 2.183640e-01
173 7.732320e-01 7.212000e-03 2.195560e-01
174 7.721160e-01 7.140000e-03 2.207440e-01
175 7.710200e-01 6.916000e-03 2.220640e-01
176 7.697640e-01 7.068000e-03 2.231680e-01
177 7.684880e-01 7.052000e-03 2.244600e-01
178 7.671080e-01 7.188000e-03 2.257040e-01
179 7.658480e-01 7.136000e-03 2.270160e-01
180 7.645160e-01 7.160000e-03 2.283240e-01
181 7.632360e-01 7.136000e-03 2.296280e-01
182 7.621080e-01 6.996000e-03 2.308960e-01
183 7.609720e-01 6.888000e-03 2.321400e-01
184 7.599000e-01 6.832000e-03 2.332680e-01
185 7.585880e-01 6.940000e-03 2.344720e-01
186 7.573840e-01 7.160000e-03 2.354560e-01
187 7.561840e-01 7.120000e-03 2.366960e-01
188 7.550280e-01 7.068000e-03 2.379040e-01
189 7.539520e-01 6.980000e-03 2.390680e-01
190 7.528440e-01 6.888000e-03 2.402680e-01
191 7.516440e-01 6.884000e-03 2.414720e-01
192 7.505120e-01 6.732000e-03 2.427560e-01
193 7.494520e-01 6.652000e-03 2.438960e-01
194 7.484760e-01 6.460000e-03 2.450640e-01
195 7.474280e-01 6.348000e-03 2.462240e-01
196 7.464040e-01 6.320000e-03 2.472760e-01
197 7.453120e-01 6.232000e-03 2.484560e-01
198 7.443040e-01 6.160000e-03 2.495360e-01
199 7.433400e-01 6.104000e-03 2.505560e-01
200 7.424600e-01 6.016000e-03 2.515240e-01
201 7.414920e-01 5.976000e-03 2.525320e-01
202 7.404360e-01 5.880000e-03 2.536840e-01
203 7.393760e-01 5.956000e-03 2.546680e-01
204 7.382800e-01 6.104000e-03 2.556160e-01
205 7.372040e-01 6.240000e-03 2.565560e-01
206 7.361640e-01 6.264000e-03 2.575720e-01
207 7.350480e-01 6.360000e-03 2.585920e-01
208 7.341360e-01 6.196000e-03 2.596680e-01
209 7.331920e-01 6.092000e-03 2.607160e-01
210 7.322480e-01 6.040000e-03 2.617120e-01
211 7.312960e-01 5.996000e-03 2.627080e-01
212 7.303240e-01 5.908000e-03 2.637680e-01
213 7.291320e-01 6.124000e-03 2.647440e-01
214 7.280320e-01 6.076000e-03 2.658920e-01
215 7.269680e-01 6.108000e-03 2.669240e-01
216 7.258920e-01 6.048000e-03 2.680600e-01
217 7.249520e-01 5.884000e-03 2.691640e-01
218 7.240760e-01 5.744000e-03 2.701800e-01
219 7.231040e-01 5.652000e-03 2.712440e-01
220 7.220800e-01 5.648000e-03 2.722720e-01
221 7.210440e-01 5.720000e-03 2.732360e-01
222 7.200760e-01 5.756000e-03 2.741680e-01
223 7.189560e-01 5.708000e-03 2.753360e-01
224 7.179520e-01 5.720000e-03 2.763280e-01
225 7.169400e-01 5.644000e-03 2.774160e-01
226 7.159920e-01 5.624000e-03 2.783840e-01
227 7.152040e-01 5.456000e-03 2.793400e-01
228 7.144680e-01 5.296000e-03 2.802360e-01
229 7.137200e-01 5.144000e-03 2.811360e-01
230 7.129240e-01 5.048000e-03 2.820280e-01
231 7.121840e-01 4.904000e-03 2.829120e-01
232 7.113240e-01 4.872000e-03 2.838040e-01
233 7.105400e-01 4.808000e-03 2.846520e-01
234 7.096720e-01 4.780000e-03 2.855480e-01
235 7.088280e-01 4.752000e-03 2.864200e-01
236 7.079200e-01 4.828000e-03 2.872520e-01
237 7.070000e-01 4.884000e-03 2.881160e-01
238 7.061320e-01 4.940000e-03 2.889280e-01
239 7.050800e-01 5.168000e-03 2.897520e-01
240 7.041240e-01 5.088000e-03 2.907880e-01
241 7.031360e-01 5.200000e-03 2.916640e-01
242 7.021800e-01 5.260000e-03 2.925600e-01
243 7.011520e-01 5.320000e-03 2.935280e-01
244 7.003280e-01 5.256000e-03 2.944160e-01
245 6.995960e-01 5.068000e-03 2.953360e-01
246 6.987560e-01 5.044000e-03 2.962000e-01
247 6.979240e-01 5.040000e-03 2.970360e-01
248 6.970640e-01 5.052000e-03 2.978840e-01
249 6.963240e-01 4.892000e-03 2.987840e-01
250 6.954840e-01 4.844000e-03 2.996720e-01
251 6.948480e-01 4.660000e-03 3.004920e-01
252 6.940960e-01 4.632000e-03 3.012720e-01
253 6.933000e-01 4.716000e-03 3.019840e-01
254 6.924840e-01 4.592000e-03 3.029240e-01
255 6.916120e-01 4.680000e-03 3.037080e-01
256 6.907320e-01 4.700000e-03 3.045680e-01
257 6.899280e-01 4.560000e-03 3.055120e-01
258 6.892080e-01 4.460000e-03 3.063320e-01
259 6.884480e-01 4.408000e-03 3.071440e-01
260 6.876400e-01 4.524000e-03 3.078360e-01
261 6.868960e-01 4.496000e-03 3.086080e-01
262 6.861880e-01 4.408000e-03 3.094040e-01
263 6.855360e-01 4.296000e-03 3.101680e-01
264 6.847720e-01 4.280000e-03 3.109480e-01
265 6.840800e-01 4.320000e-03 3.116000e-01
266 6.834160e-01 4.216000e-03 3.123680e-01
267 6.827720e-01 4.084000e-03 3.131440e-01
268 6.820560e-01 4.120000e-03 3.138240e-01
269 6.814200e-01 4.048000e-03 3.145320e-01
270 6.807240e-01 4.060000e-03 3.152160e-01
271 6.801280e-01 3.960000e-03 3.159120e-01
272 6.794600e-01 3.988000e-03 3.165520e-01
273 6.787480e-01 3.968000e-03 3.172840e-01
274 6.781120e-01 3.908000e-03 3.179800e-01
275 6.774560e-01 3.928000e-03 3.186160e-01
276 6.768160e-01 3.960000e-03 3.192240e-01
277 6.761160e-01 4.004000e-03 3.198800e-01
278 6.754360e-01 3.996000e-03 3.205680e-01
279 6.748320e-01 3.976000e-03 3.211920e-01
280 6.742360e-01 3.932000e-03 3.218320e-01
281 6.735280e-01 3.888000e-03 3.225840e-01
282 6.728040e-01 3.960000e-03 3.232360e-01
283 6.720920e-01 3.952000e-03 3.239560e-01
284 6.714160e-01 3.968000e-03 3.246160e-01
285 6.707200e-01 4.040000e-03 3.252400e-01
286 6.700640e-01 3.956000e-03 3.259800e-01
287 6.693720e-01 3.968000e-03 3.266600e-01
288 6.686680e-01 3.976000e-03 3.273560e-01
289 6.679520e-01 3.968000e-03 3.280800e-01
290 6.673360e-01 3.992000e-03 3.286720e-01
291 6.667320e-01 3.900000e-03 3.293680e-01
292 6.660440e-01 3.876000e-03 3.300800e-01
293 6.654280e-01 3.808000e-03 3.307640e-01
294 6.648240e-01 3.700000e-03 3.314760e-01
295 6.641280e-01 3.724000e-03 3.321480e-01
296 6.634240e-01 3.780000e-03 3.327960e-01
297 6.627000e-01 3.844000e-03 3.334560e-01
298 6.621200e-01 3.840000e-03 3.340400e-01
299 6.615480e-01 3.820000e-03 3.346320e-01
300 6.609840e-01 3.636000e-03 3.353800e-01
301 6.604200e-01 3.664000e-03 3.359160e-01
302 6.599080e-01 3.512000e-03 3.365800e-01
303 6.594000e-01 3.376000e-03 3.372240e-01
304 6.588040e-01 3.312000e-03 3.378840e-01
305 6.582600e-01 3.284000e-03 3.384560e-01
306 6.576800e-01 3.268000e-03 3.390520e-01
307 6.570520e-01 3.392000e-03 3.395560e-01
308 6.565080e-01 3.288000e-03 3.402040e-01
309 6.558880e-01 3.336000e-03 3.407760e-01
310 6.553200e-01 3.332000e-03 3.413480e-01
311 6.547160e-01 3.324000e-03 3.419600e-01
312 6.541920e-01 3.268000e-03 3.425400e-01
313 6.536480e-01 3.252000e-03 3.431000e-01
314 6.531200e-01 3.200000e-03 3.436800e-01
315 6.524880e-01 3.224000e-03 3.442880e-01
316 6.518480e-01 3.336000e-03 3.448160e-01
317 6.512520e-01 3.432000e-03 3.453160e-01
318 6.505800e-01 3.516000e-03 3.459040e-01
319 6.500240e-01 3.468000e-03 3.465080e-01
320 6.493800e-01 3.464000e-03 3.471560e-01
321 6.488800e-01 3.336000e-03 3.477840e-01
322 6.483560e-01 3.352000e-03 3.482920e-01
323 6.478040e-01 3.380000e-03 3.488160e-01
324 6.473680e-01 3.240000e-03 3.493920e-01
325 6.467960e-01 3.256000e-03 3.499480e-01
326 6.463840e-01 3.080000e-03 3.505360e-01
327 6.459480e-01 3.008000e-03 3.510440e-01
328 6.455080e-01 2.924000e-03 3.515680e-01
329 6.450360e-01 2.924000e-03 3.520400e-01
330 6.446520e-01 2.800000e-03 3.525480e-01
331 6.442240e-01 2.712000e-03 3.530640e-01
332 6.438800e-01 2.612000e-03 3.535080e-01
333 6.435280e-01 2.444000e-03 3.540280e-01
334 6.432120e-01 2.328000e-03 3.544600e-01
335 6.426920e-01 2.456000e-03 3.548520e-01
336 6.422840e-01 2.420000e-03 3.552960e-01
337 6.418880e-01 2.376000e-03 3.557360e-01
338 6.414520e-01 2.432000e-03 3.561160e-01
339 6.410520e-01 2.444000e-03 3.565040e-01
340 6.407080e-01 2.416000e-03 3.568760e-01
341 6.403360e-01 2.372000e-03 3.572920e-01
342 6.400240e-01 2.260000e-03 3.577160e-01
343 6.396840e-01 2.152000e-03 3.581640e-01
344 6.393080e-01 2.168000e-03 3.585240e-01
345 6.389480e-01 2.164000e-03 3.588880e-01
346 6.385680e-01 2.056000e-03 3.593760e-01
347 6.382440e-01 2.048000e-03 3.597080e-01
348 6.379360e-01 1.996000e-03 3.600680e-01
349 6.375360e-01 2.000000e-03 3.604640e-01
350 6.371960e-01 1.968000e-03 3.608360e-01
351 6.368720e-01 1.908000e-03 3.612200e-01
352 6.364920e-01 1.948000e-03 3.615600e-01
353 6.361560e-01 1.992000e-03 3.618520e-01
354 6.358200e-01 2.016000e-03 3.621640e-01
355 6.354480e-01 1.992000e-03 3.625600e-01
356 6.351320e-01 2.012000e-03 3.628560e-01
357 6.347320e-01 2.068000e-03 3.632000e-01
358 6.343040e-01 2.084000e-03 3.636120e-01
359 6.338640e-01 2.152000e-03 3.639840e-01
360 6.334600e-01 2.176000e-03 3.643640e-01
361 6.330640e-01 2.212000e-03 3.647240e-01
362 6.327320e-01 2.200000e-03 3.650680e-01
363 6.323520e-01 2.144000e-03 3.655040e-01
364 6.320040e-01 2.144000e-03 3.658520e-01
365 6.316440e-01 2.120000e-03 3.662360e-01
366 6.312320e-01 2.180000e-03 3.665880e-01
367 6.308240e-01 2.236000e-03 3.669400e-01
368 6.304320e-01 2.228000e-03 3.673400e-01
369 6.300480e-01 2.192000e-03 3.677600e-01
370 6.295960e-01 2.200000e-03 3.682040e-01
371 6.292400e-01 2.148000e-03 3.686120e-01
372 6.289120e-01 2.120000e-03 3.689680e-01
373 6.285680e-01 2.092000e-03 3.693400e-01
374 6.282440e-01 2.088000e-03 3.696680e-01
375 6.279520e-01 2.052000e-03 3.699960e-01
376 6.276720e-01 2.020000e-03 3.703080e-01
377 6.274200e-01 1.968000e-03 3.706120e-01
378 6.271240e-01 1.904000e-03 3.709720e-01
379 6.268760e-01 1.864000e-03 3.712600e-01
380 6.266600e-01 1.696000e-03 3.716440e-01
381 6.264160e-01 1.676000e-03 3.719080e-01
382 6.261760e-01 1.652000e-03 3.721720e-01
383 6.259520e-01 1.588000e-03 3.724600e-01
384 6.257120e-01 1.544000e-03 3.727440e-01
385 6.254760e-01 1.504000e-03 3.730200e-01
386 6.253040e-01 1.432000e-03 3.732640e-01
387 6.250520e-01 1.480000e-03 3.734680e-01
388 6.247840e-01 1.508000e-03 3.737080e-01
389 6.245680e-01 1.476000e-03 3.739560e-01
390 6.242960e-01 1.484000e-03 3.742200e-01
391 6.240320e-01 1.488000e-03 3.744800e-01
392 6.238080e-01 1.428000e-03 3.747640e-01
393 6.235360e-01 1.432000e-03 3.750320e-01
394 6.232920e-01 1.436000e-03 3.752720e-01
395 6.231200e-01 1.368000e-03 3.755120e-01
396 6.228800e-01 1.368000e-03 3.757520e-01
397 6.226560e-01 1.308000e-03 3.760360e-01
398 6.223600e-01 1.340000e-03 3.763000e-01
399 6.220760e-01 1.404000e-03 3.765200e-01
400 6.218360e-01 1.324000e-03 3.768400e-01
401 6.215320e-01 1.404000e-03 3.770640e-01
402 6.212480e-01 1.432000e-03 3.773200e-01
403 6.210240e-01 1.436000e-03 3.775400e-01
404 6.207160e-01 1.472000e-03 3.778120e-01
405 6.204840e-01 1.448000e-03 3.780680e-01
406 6.202320e-01 1.432000e-03 3.783360e-01
407 6.200120e-01 1.408000e-03 3.785800e-01
408 6.197680e-01 1.416000e-03 3.788160e-01
409 6.195120e-01 1.388000e-03 3.791000e-01
410 6.192440e-01 1.372000e-03 3.793840e-01
411 6.189880e-01 1.444000e-03 3.795680e-01
412 6.187040e-01 1.464000e-03 3.798320e-01
413 6.184400e-01 1.472000e-03 3.800880e-01
414 6.181680e-01 1.464000e-03 3.803680e-01
415 6.179000e-01 1.488000e-03 3.806120e-01
416 6.176200e-01 1.492000e-03 3.808880e-01
417 6.173800e-01 1.460000e-03 3.811600e-01
418 6.170520e-01 1.560000e-03 3.813880e-01
419 6.167400e-01 1.600000e-03 3.816600e-01
420 6.164840e-01 1.572000e-03 3.819440e-01
421 6.162600e-01 1.520000e-03 3.822200e-01
422 6.160720e-01 1.488000e-03 3.824400e-01
423 6.158600e-01 1.472000e-03 3.826680e-01
424 6.156480e-01 1.452000e-03 3.829000e-01
425 6.154440e-01 1.396000e-03 3.831600e-01
426 6.152960e-01 1.304000e-03 3.834000e-01
427 6.151040e-01 1.256000e-03 3.836400e-01
428 6.149560e-01 1.208000e-03 3.838360e-01
429 6.147440e-01 1.212000e-03 3.840440e-01
430 6.145880e-01 1.172000e-03 3.842400e-01
431 6.143680e-01 1.168000e-03 3.844640e-01
432 6.141680e-01 1.144000e-03 3.846880e-01
433 6.139680e-01 1.140000e-03 3.848920e-01
434 6.137920e-01 1.068000e-03 3.851400e-01
435 6.136200e-01 1.056000e-03 3.853240e-01
436 6.134920e-01 1.020000e-03 3.854880e-01
437 6.133840e-01 9.000000e-04 3.857160e-01
438 6.133000e-01 8.240000e-04 3.858760e-01
439 6.131800e-01 8.360000e-04 3.859840e-01
440 6.130400e-01 8.600000e-04 3.861000e-01
441 6.128600e-01 8.920000e-04 3.862480e-01
442 6.126880e-01 8.920000e-04 3.864200e-01
443 6.125120e-01 9.520000e-04 3.865360e-01
444 6.123480e-01 9.280000e-04 3.867240e-01
445 6.121520e-01 9.760000e-04 3.868720e-01
446 6.119560e-01 9.840000e-04 3.870600e-01
447 6.117840e-01 9.720000e-04 3.872440e-01
448 6.116120e-01 1.000000e-03 3.873880e-01
449 6.114320e-01 9.920000e-04 3.875760e-01
450 6.112640e-01 9.840000e-04 3.877520e-01
451 6.110880e-01 9.400000e-04 3.879720e-01
452 6.109160e-01 9.640000e-04 3.881200e-01
453 6.107960e-01 9.280000e-04 3.882760e-01
454 6.106280e-01 9.000000e-04 3.884720e-01
455 6.104720e-01 8.800000e-04 3.886480e-01
456 6.103440e-01 8.320000e-04 3.888240e-01
457 6.101960e-01 8.200000e-04 3.889840e-01
458 6.101120e-01 7.400000e-04 3.891480e-01
459 6.099600e-01 7.440000e-04 3.892960e-01
460 6.098880e-01 6.960000e-04 3.894160e-01
461 6.098040e-01 6.640000e-04 3.895320e-01
462 6.096520e-01 7.120000e-04 3.896360e-01
463 6.095680e-01 7.000000e-04 3.897320e-01
464 6.094720e-01 6.720000e-04 3.898560e-01
465 6.093480e-01 6.920000e-04 3.899600e-01
466 6.092080e-01 7.400000e-04 3.900520e-01
467 6.091040e-01 7.280000e-04 3.901680e-01
468 6.089920e-01 7.280000e-04 3.902800e-01
469 6.088640e-01 6.880000e-04 3.904480e-01
470 6.087520e-01 6.600000e-04 3.905880e-01
471 6.086560e-01 6.280000e-04 3.907160e-01
472 6.085880e-01 5.760000e-04 3.908360e-01
473 6.084880e-01 5.720000e-04 3.909400e-01
474 6.084160e-01 5.240000e-04 3.910600e-01
475 6.082680e-01 5.800000e-04 3.911520e-01
476 6.081440e-01 6.040000e-04 3.912520e-01
477 6.080280e-01 6.200000e-04 3.913520e-01
478 6.079440e-01 5.880000e-04 3.914680e-01
479 6.078640e-01 5.360000e-04 3.916000e-01
480 6.077840e-01 5.560000e-04 3.916600e-01
481 6.077160e-01 5.280000e-04 3.917560e-01
482 6.076440e-01 5.040000e-04 3.918520e-01
483 6.075920e-01 4.440000e-04 3.919640e-01
484 6.075560e-01 4.000000e-04 3.920440e-01
485 6.075120e-01 3.640000e-04 3.921240e-01
486 6.074640e-01 3.440000e-04 3.921920e-01
487 6.074080e-01 3.360000e-04 3.922560e-01
488 6.073640e-01 3.120000e-04 3.923240e-01
489 6.072800e-01 3.360000e-04 3.923840e-01
490 6.071960e-01 3.480000e-04 3.924560e-01
491 6.071400e-01 3.440000e-04 3.925160e-01
492 6.070600e-01 3.240000e-04 3.926160e-01
493 6.069880e-01 3.480000e-04 3.926640e-01
494 6.069240e-01 3.280000e-04 3.927480e-01
495 6.068520e-01 3.600000e-04 3.927880e-01
496 6.068040e-01 3.480000e-04 3.928480e-01
497 6.067440e-01 3.200000e-04 3.929360e-01
498 6.067080e-01 2.720000e-04 3.930200e-01
499 6.066800e-01 2.600000e-04 3.930600e-01
500 6.065920e-01 2.960000e-04 3.931120e-01
