1 9.992040e-01 6.840000e-04 1.120000e-04
2 9.988080e-01 9.480000e-04 2.440000e-04
3 9.981200e-01 1.464000e-03 4.160000e-04
4 9.974760e-01 1.856000e-03 6.680000e-04
5 9.967160e-01 2.296000e-03 9.880000e-04
6 9.958600e-01 2.656000e-03 1.484000e-03
7 9.949960e-01 2.984000e-03 2.020000e-03
8 9.941120e-01 3.324000e-03 2.564000e-03
9 9.930480e-01 3.832000e-03 3.120000e-03
10 9.920640e-01 4.204000e-03 3.732000e-03
11 9.910880e-01 4.380000e-03 4.532000e-03
12 9.901200e-01 4.500000e-03 5.380000e-03
13 9.890240e-01 4.816000e-03 6.160000e-03
14 9.878200e-01 5.144000e-03 7.036000e-03
15 9.865680e-01 5.456000e-03 7.976000e-03
16 9.854040e-01 5.680000e-03 8.916000e-03
17 9.841920e-01 5.804000e-03 1.000400e-02
18 9.830120e-01 5.944000e-03 1.104400e-02
19 9.817440e-01 6.152000e-03 1.210400e-02
20 9.804680e-01 6.344000e-03 1.318800e-02
21 9.792120e-01 6.592000e-03 1.419600e-02
22 9.778920e-01 6.592000e-03 1.551600e-02
23 9.766800e-01 6.528000e-03 1.679200e-02
24 9.752800e-01 6.696000e-03 1.802400e-02
25 9.738880e-01 7.008000e-03 1.910400e-02
26 9.722960e-01 7.220000e-03 2.048400e-02
27 9.708040e-01 7.344000e-03 2.185200e-02
28 9.693360e-01 7.640000e-03 2.302400e-02
29 9.678680e-01 7.736000e-03 2.439600e-02
30 9.663760e-01 7.848000e-03 2.577600e-02
31 9.648280e-01 7.976000e-03 2.719600e-02
32 9.634120e-01 7.988000e-03 2.860000e-02
33 9.616880e-01 8.196000e-03 3.011600e-02
34 9.600480e-01 8.348000e-03 3.160400e-02
35 9.584400e-01 8.512000e-03 3.304800e-02
36 9.569400e-01 8.392000e-03 3.466800e-02
37 9.552400e-01 8.720000e-03 3.604000e-02
38 9.535000e-01 8.968000e-03 3.753200e-02
39 9.518240e-01 9.044000e-03 3.913200e-02
40 9.502040e-01 9.148000e-03 4.064800e-02
41 9.483560e-01 9.372000e-03 4.227200e-02
42 9.464680e-01 9.528000e-03 4.400400e-02
43 9.447680e-01 9.548000e-03 4.568400e-02
44 9.428880e-01 9.632000e-03 4.748000e-02
45 9.410000e-01 9.856000e-03 4.914400e-02
46 9.391320e-01 1.005200e-02 5.081600e-02
47 9.374240e-01 9.900000e-03 5.267600e-02
48 9.356320e-01 9.992000e-03 5.437600e-02
49 9.337920e-01 9.924000e-03 5.628400e-02
50 9.319280e-01 1.000400e-02 5.806800e-02
51 9.302080e-01 9.912000e-03 5.988000e-02
52 9.283600e-01 1.013200e-02 6.150800e-02
53 9.265880e-01 9.956000e-03 6.345600e-02
54 9.246720e-01 1.011200e-02 6.521600e-02
55 9.230320e-01 1.000400e-02 6.696400e-02
56 9.212480e-01 1.001200e-02 6.874000e-02
57 9.193560e-01 1.019600e-02 7.044800e-02
58 9.175040e-01 1.021600e-02 7.228000e-02
59 9.157000e-01 1.026000e-02 7.404000e-02
60 9.139280e-01 1.026800e-02 7.580400e-02
61 9.119880e-01 1.034400e-02 7.766800e-02
62 9.101800e-01 1.032000e-02 7.950000e-02
63 9.085520e-01 1.018000e-02 8.126800e-02
64 9.067600e-01 1.007600e-02 8.316400e-02
65 9.048360e-01 1.036400e-02 8.480000e-02
66 9.029840e-01 1.044800e-02 8.656800e-02
67 9.010760e-01 1.047600e-02 8.844800e-02
68 8.993840e-01 1.030800e-02 9.030800e-02
69 8.975800e-01 1.032000e-02 9.210000e-02
70 8.956760e-01 1.047600e-02 9.384800e-02
71 8.938960e-01 1.033200e-02 9.577200e-02
72 8.921520e-01 1.031200e-02 9.753600e-02
73 8.903440e-01 1.024800e-02 9.940800e-02
74 8.886280e-01 1.018800e-02 1.011840e-01
75 8.868080e-01 1.025600e-02 1.029360e-01
76 8.850400e-01 1.028400e-02 1.046760e-01
77 8.835080e-01 1.002800e-02 1.064640e-01
78 8.818160e-01 1.014800e-02 1.080360e-01
79 8.802360e-01 9.920000e-03 1.098440e-01
80 8.785600e-01 9.900000e-03 1.115400e-01
81 8.769760e-01 9.892000e-03 1.131320e-01
82 8.753600e-01 9.628000e-03 1.150120e-01
83 8.737560e-01 9.536000e-03 1.167080e-01
84 8.720960e-01 9.620000e-03 1.182840e-01
85 8.704240e-01 9.576000e-03 1.200000e-01
86 8.689440e-01 9.312000e-03 1.217440e-01
87 8.674560e-01 9.240000e-03 1.233040e-01
88 8.660520e-01 8.976000e-03 1.249720e-01
89 8.645720e-01 9.052000e-03 1.263760e-01
90 8.629280e-01 9.136000e-03 1.279360e-01
91 8.613680e-01 9.076000e-03 1.295560e-01
92 8.597240e-01 9.192000e-03 1.310840e-01
93 8.583000e-01 9.208000e-03 1.324920e-01
94 8.568440e-01 9.104000e-03 1.340520e-01
95 8.552600e-01 9.108000e-03 1.356320e-01
96 8.537960e-01 8.968000e-03 1.372360e-01
97 8.521400e-01 9.092000e-03 1.387680e-01
98 8.506760e-01 8.844000e-03 1.404800e-01
99 8.491720e-01 8.680000e-03 1.421480e-01
100 8.476720e-01 8.688000e-03 1.436400e-01
101 8.462760e-01 8.556000e-03 1.451680e-01
102 8.447920e-01 8.572000e-03 1.466360e-01
103 8.432520e-01 8.472000e-03 1.482760e-01
104 8.417320e-01 8.432000e-03 1.498360e-01
105 8.403160e-01 8.372000e-03 1.513120e-01
106 8.389120e-01 8.160000e-03 1.529280e-01
107 8.376360e-01 8.000000e-03 1.543640e-01
108 8.362400e-01 7.964000e-03 1.557960e-01
109 8.348400e-01 7.936000e-03 1.572240e-01
110 8.335000e-01 7.916000e-03 1.585840e-01
111 8.321000e-01 8.004000e-03 1.598960e-01
112 8.306720e-01 8.084000e-03 1.612440e-01
113 8.293200e-01 8.016000e-03 1.626640e-01
114 8.277680e-01 8.168000e-03 1.640640e-01
115 8.262320e-01 8.168000e-03 1.656000e-01
116 8.248440e-01 8.108000e-03 1.670480e-01
117 8.234400e-01 8.196000e-03 1.683640e-01
118 8.220960e-01 8.040000e-03 1.698640e-01
119 8.207560e-01 8.052000e-03 1.711920e-01
120 8.192880e-01 8.088000e-03 1.726240e-01
121 8.179960e-01 8.072000e-03 1.739320e-01
122 8.164360e-01 8.188000e-03 1.753760e-01
123 8.149680e-01 8.292000e-03 1.767400e-01
124 8.135800e-01 8.220000e-03 1.782000e-01
125 8.120960e-01 8.280000e-03 1.796240e-01
126 8.106560e-01 8.184000e-03 1.811600e-01
127 8.091400e-01 8.260000e-03 1.826000e-01
128 8.078040e-01 8.172000e-03 1.840240e-01
129 8.063520e-01 8.252000e-03 1.853960e-01
130 8.048080e-01 8.312000e-03 1.868800e-01
131 8.035200e-01 8.136000e-03 1.883440e-01
132 8.022040e-01 8.160000e-03 1.896360e-01
133 8.006720e-01 8.316000e-03 1.910120e-01
134 7.992760e-01 8.216000e-03 1.925080e-01
135 7.979360e-01 7.992000e-03 1.940720e-01
136 7.966920e-01 7.680000e-03 1.956280e-01
137 7.952360e-01 7.744000e-03 1.970200e-01
138 7.939640e-01 7.588000e-03 1.984480e-01
139 7.925360e-01 7.684000e-03 1.997800e-01
140 7.912680e-01 7.572000e-03 2.011600e-01
141 7.897280e-01 7.620000e-03 2.026520e-01
142 7.883480e-01 7.708000e-03 2.039440e-01
143 7.869800e-01 7.688000e-03 2.053320e-01
144 7.854680e-01 7.788000e-03 2.067440e-01
145 7.839960e-01 7.888000e-03 2.081160e-01
146 7.826440e-01 7.876000e-03 2.094800e-01
147 7.811200e-01 8.008000e-03 2.108720e-01
148 7.797320e-01 7.908000e-03 2.123600e-01
149 7.785000e-01 7.580000e-03 2.139200e-01
150 7.771200e-01 7.680000e-03 2.152000e-01
151 7.757600e-01 7.696000e-03 2.165440e-01
152 7.742960e-01 7.820000e-03 2.178840e-01
153 7.729440e-01 7.736000e-03 2.193200e-01
154 7.715960e-01 7.732000e-03 2.206720e-01
155 7.703680e-01 7.656000e-03 2.219760e-01
156 7.690560e-01 7.680000e-03 2.232640e-01
157 7.678280e-01 7.544000e-03 2.246280e-01
158 7.664000e-01 7.680000e-03 2.259200e-01
159 7.649560e-01 7.868000e-03 2.271760e-01
160 7.635480e-01 8.000000e-03 2.284520e-01
161 7.620720e-01 8.024000e-03 2.299040e-01
162 7.608040e-01 7.964000e-03 2.312320e-01
163 7.595560e-01 7.776000e-03 2.326680e-01
164 7.583160e-01 7.656000e-03 2.340280e-01
165 7.571640e-01 7.408000e-03 2.354280e-01
166 7.560120e-01 7.316000e-03 2.366720e-01
167 7.548080e-01 7.336000e-03 2.378560e-01
168 7.535440e-01 7.280000e-03 2.391760e-01
169 7.524200e-01 7.044000e-03 2.405360e-01
170 7.513000e-01 6.940000e-03 2.417600e-01
171 7.502080e-01 6.928000e-03 2.428640e-01
172 7.491120e-01 6.752000e-03 2.441360e-01
173 7.478280e-01 6.852000e-03 2.453200e-01
174 7.465480e-01 6.972000e-03 2.464800e-01
175 7.452040e-01 7.116000e-03 2.476800e-01
176 7.439800e-01 7.124000e-03 2.488960e-01
177 7.427360e-01 7.116000e-03 2.501480e-01
178 7.414320e-01 7.164000e-03 2.514040e-01
179 7.402320e-01 7.048000e-03 2.527200e-01
180 7.390520e-01 6.908000e-03 2.540400e-01
181 7.379000e-01 6.856000e-03 2.552440e-01
182 7.366920e-01 6.920000e-03 2.563880e-01
183 7.353480e-01 7.164000e-03 2.574880e-01
184 7.341680e-01 7.116000e-03 2.587160e-01
185 7.328800e-01 7.088000e-03 2.600320e-01
186 7.316120e-01 7.068000e-03 2.613200e-01
187 7.304520e-01 7.012000e-03 2.625360e-01
188 7.292680e-01 6.928000e-03 2.638040e-01
189 7.281640e-01 6.732000e-03 2.651040e-01
190 7.270240e-01 6.760000e-03 2.662160e-01
191 7.259920e-01 6.700000e-03 2.673080e-01
192 7.249120e-01 6.588000e-03 2.685000e-01
193 7.238000e-01 6.452000e-03 2.697480e-01
194 7.227560e-01 6.340000e-03 2.709040e-01
195 7.217680e-01 6.264000e-03 2.719680e-01
196 7.206600e-01 6.276000e-03 2.730640e-01
197 7.196960e-01 6.224000e-03 2.740800e-01
198 7.186520e-01 6.264000e-03 2.750840e-01
199 7.175960e-01 6.264000e-03 2.761400e-01
200 7.165280e-01 6.412000e-03 2.770600e-01
201 7.154240e-01 6.364000e-03 2.782120e-01
202 7.142160e-01 6.540000e-03 2.792440e-01
203 7.130000e-01 6.652000e-03 2.803480e-01
204 7.118200e-01 6.532000e-03 2.816480e-01
205 7.105840e-01 6.672000e-03 2.827440e-01
206 7.093200e-01 6.820000e-03 2.838600e-01
207 7.080200e-01 6.952000e-03 2.850280e-01
208 7.067320e-01 7.156000e-03 2.861120e-01
209 7.053840e-01 7.336000e-03 2.872800e-01
210 7.040680e-01 7.400000e-03 2.885320e-01
211 7.028440e-01 7.364000e-03 2.897920e-01
212 7.017080e-01 7.056000e-03 2.912360e-01
213 7.005680e-01 7.028000e-03 2.924040e-01
214 6.992800e-01 7.080000e-03 2.936400e-01
215 6.980320e-01 7.036000e-03 2.949320e-01
216 6.968680e-01 6.992000e-03 2.961400e-01
217 6.957440e-01 6.960000e-03 2.972960e-01
218 6.945840e-01 6.932000e-03 2.984840e-01
219 6.934080e-01 6.752000e-03 2.998400e-01
220 6.922240e-01 6.804000e-03 3.009720e-01
221 6.910560e-01 6.768000e-03 3.021760e-01
222 6.897000e-01 6.896000e-03 3.034040e-01
223 6.884480e-01 6.844000e-03 3.047080e-01
224 6.872480e-01 6.900000e-03 3.058520e-01
225 6.860400e-01 6.928000e-03 3.070320e-01
226 6.849040e-01 6.784000e-03 3.083120e-01
227 6.836800e-01 6.740000e-03 3.095800e-01
228 6.824680e-01 6.816000e-03 3.107160e-01
229 6.813320e-01 6.796000e-03 3.118720e-01
230 6.800080e-01 6.984000e-03 3.130080e-01
231 6.788320e-01 6.888000e-03 3.142800e-01
232 6.775000e-01 7.132000e-03 3.153680e-01
233 6.762720e-01 7.212000e-03 3.165160e-01
234 6.751920e-01 7.016000e-03 3.177920e-01
235 6.741280e-01 6.916000e-03 3.189560e-01
236 6.730120e-01 6.824000e-03 3.201640e-01
237 6.718560e-01 6.720000e-03 3.214240e-01
238 6.707800e-01 6.708000e-03 3.225120e-01
239 6.697160e-01 6.616000e-03 3.236680e-01
240 6.688160e-01 6.384000e-03 3.248000e-01
241 6.678720e-01 6.332000e-03 3.257960e-01
242 6.670960e-01 6.012000e-03 3.268920e-01
243 6.661920e-01 5.964000e-03 3.278440e-01
244 6.653320e-01 5.816000e-03 3.288520e-01
245 6.645160e-01 5.660000e-03 3.298240e-01
246 6.636000e-01 5.668000e-03 3.307320e-01
247 6.625280e-01 5.712000e-03 3.317600e-01
248 6.615200e-01 5.696000e-03 3.327840e-01
249 6.605760e-01 5.716000e-03 3.337080e-01
250 6.596560e-01 5.684000e-03 3.346600e-01
251 6.587600e-01 5.620000e-03 3.356200e-01
252 6.578920e-01 5.552000e-03 3.365560e-01
253 6.570600e-01 5.452000e-03 3.374880e-01
254 6.562080e-01 5.272000e-03 3.385200e-01
255 6.551840e-01 5.368000e-03 3.394480e-01
256 6.543640e-01 5.152000e-03 3.404840e-01
257 6.534680e-01 5.192000e-03 3.413400e-01
258 6.526680e-01 4.996000e-03 3.423360e-01
259 6.517960e-01 4.940000e-03 3.432640e-01
260 6.509480e-01 4.980000e-03 3.440720e-01
261 6.500440e-01 5.000000e-03 3.449560e-01
262 6.491640e-01 5.084000e-03 3.457520e-01
263 6.484280e-01 5.000000e-03 3.465720e-01
264 6.475880e-01 4.976000e-03 3.474360e-01
265 6.467040e-01 5.004000e-03 3.482920e-01
266 6.459040e-01 4.924000e-03 3.491720e-01
267 6.449920e-01 4.960000e-03 3.500480e-01
268 6.441880e-01 4.976000e-03 3.508360e-01
269 6.433520e-01 4.940000e-03 3.517080e-01
270 6.425040e-01 4.888000e-03 3.526080e-01
271 6.417720e-01 4.772000e-03 3.534560e-01
272 6.410320e-01 4.672000e-03 3.542960e-01
273 6.402480e-01 4.704000e-03 3.550480e-01
274 6.393360e-01 4.864000e-03 3.558000e-01
275 6.385360e-01 4.816000e-03 3.566480e-01
276 6.377040e-01 4.788000e-03 3.575080e-01
277 6.370000e-01 4.664000e-03 3.583360e-01
278 6.362880e-01 4.676000e-03 3.590360e-01
279 6.355360e-01 4.632000e-03 3.598320e-01
280 6.349160e-01 4.432000e-03 3.606520e-01
281 6.341920e-01 4.388000e-03 3.614200e-01
282 6.335200e-01 4.408000e-03 3.620720e-01
283 6.328400e-01 4.376000e-03 3.627840e-01
284 6.321520e-01 4.344000e-03 3.635040e-01
285 6.314800e-01 4.252000e-03 3.642680e-01
286 6.308560e-01 4.220000e-03 3.649240e-01
287 6.303560e-01 3.992000e-03 3.656520e-01
288 6.297160e-01 3.920000e-03 3.663640e-01
289 6.291200e-01 3.760000e-03 3.671200e-01
290 6.284600e-01 3.752000e-03 3.677880e-01
291 6.278520e-01 3.792000e-03 3.683560e-01
292 6.272280e-01 3.756000e-03 3.690160e-01
293 6.266160e-01 3.756000e-03 3.696280e-01
294 6.260160e-01 3.672000e-03 3.703120e-01
295 6.254520e-01 3.588000e-03 3.709600e-01
296 6.249600e-01 3.444000e-03 3.715960e-01
297 6.243400e-01 3.496000e-03 3.721640e-01
298 6.237640e-01 3.500000e-03 3.727360e-01
299 6.232240e-01 3.540000e-03 3.732360e-01
300 6.226560e-01 3.544000e-03 3.738000e-01
301 6.221240e-01 3.540000e-03 3.743360e-01
302 6.215240e-01 3.600000e-03 3.748760e-01
303 6.209440e-01 3.548000e-03 3.755080e-01
304 6.204200e-01 3.476000e-03 3.761040e-01
305 6.199440e-01 3.392000e-03 3.766640e-01
306 6.194440e-01 3.296000e-03 3.772600e-01
307 6.189520e-01 3.192000e-03 3.778560e-01
308 6.184280e-01 3.128000e-03 3.784440e-01
309 6.178720e-01 3.108000e-03 3.790200e-01
310 6.173400e-01 3.136000e-03 3.795240e-01
311 6.167680e-01 3.180000e-03 3.800520e-01
312 6.162080e-01 3.188000e-03 3.806040e-01
313 6.155800e-01 3.252000e-03 3.811680e-01
314 6.150400e-01 3.200000e-03 3.817600e-01
315 6.144960e-01 3.160000e-03 3.823440e-01
316 6.140240e-01 3.040000e-03 3.829360e-01
317 6.134280e-01 3.112000e-03 3.834600e-01
318 6.128680e-01 3.092000e-03 3.840400e-01
319 6.123000e-01 3.100000e-03 3.846000e-01
320 6.118360e-01 3.056000e-03 3.851080e-01
321 6.113680e-01 3.004000e-03 3.856280e-01
322 6.108600e-01 2.996000e-03 3.861440e-01
323 6.102760e-01 3.024000e-03 3.867000e-01
324 6.098080e-01 3.036000e-03 3.871560e-01
325 6.092320e-01 3.088000e-03 3.876800e-01
326 6.086440e-01 3.112000e-03 3.882440e-01
327 6.081840e-01 2.928000e-03 3.888880e-01
328 6.076880e-01 2.900000e-03 3.894120e-01
329 6.071760e-01 2.944000e-03 3.898800e-01
330 6.066800e-01 2.996000e-03 3.903240e-01
331 6.062000e-01 3.008000e-03 3.907920e-01
332 6.057200e-01 2.956000e-03 3.913240e-01
333 6.052400e-01 2.964000e-03 3.917960e-01
334 6.047920e-01 2.808000e-03 3.924000e-01
335 6.043680e-01 2.760000e-03 3.928720e-01
336 6.039000e-01 2.800000e-03 3.933000e-01
337 6.034320e-01 2.788000e-03 3.937800e-01
338 6.029840e-01 2.716000e-03 3.943000e-01
339 6.025840e-01 2.624000e-03 3.947920e-01
340 6.021000e-01 2.628000e-03 3.952720e-01
341 6.015600e-01 2.688000e-03 3.957520e-01
342 6.009680e-01 2.796000e-03 3.962360e-01
343 6.003920e-01 2.824000e-03 3.967840e-01
344 5.998000e-01 3.024000e-03 3.971760e-01
345 5.992600e-01 3.044000e-03 3.976960e-01
346 5.986520e-01 3.132000e-03 3.982160e-01
347 5.980960e-01 3.120000e-03 3.987840e-01
348 5.975720e-01 3.164000e-03 3.992640e-01
349 5.970040e-01 3.176000e-03 3.998200e-01
350 5.964440e-01 3.156000e-03 4.004000e-01
351 5.959280e-01 3.152000e-03 4.009200e-01
352 5.954040e-01 3.068000e-03 4.015280e-01
353 5.948960e-01 3.100000e-03 4.020040e-01
354 5.943680e-01 3.104000e-03 4.025280e-01
355 5.938200e-01 3.064000e-03 4.031160e-01
356 5.931960e-01 3.188000e-03 4.036160e-01
357 5.925240e-01 3.284000e-03 4.041920e-01
358 5.919680e-01 3.308000e-03 4.047240e-01
359 5.914680e-01 3.228000e-03 4.053040e-01
360 5.909840e-01 3.068000e-03 4.059480e-01
361 5.904600e-01 3.052000e-03 4.064880e-01
362 5.899960e-01 2.956000e-03 4.070480e-01
363 5.894360e-01 2.968000e-03 4.075960e-01
364 5.889880e-01 2.924000e-03 4.080880e-01
365 5.884840e-01 2.876000e-03 4.086400e-01
366 5.880160e-01 2.912000e-03 4.090720e-01
367 5.875560e-01 2.828000e-03 4.096160e-01
368 5.870640e-01 2.848000e-03 4.100880e-01
369 5.865120e-01 2.880000e-03 4.106080e-01
370 5.861720e-01 2.768000e-03 4.110600e-01
371 5.857200e-01 2.712000e-03 4.115680e-01
372 5.852400e-01 2.676000e-03 4.120840e-01
373 5.847840e-01 2.656000e-03 4.125600e-01
374 5.843760e-01 2.572000e-03 4.130520e-01
375 5.840400e-01 2.456000e-03 4.135040e-01
376 5.837400e-01 2.284000e-03 4.139760e-01
377 5.834280e-01 2.152000e-03 4.144200e-01
378 5.830800e-01 2.116000e-03 4.148040e-01
379 5.827720e-01 2.084000e-03 4.151440e-01
380 5.824640e-01 1.988000e-03 4.155480e-01
381 5.821000e-01 2.060000e-03 4.158400e-01
382 5.817560e-01 2.096000e-03 4.161480e-01
383 5.813600e-01 2.040000e-03 4.166000e-01
384 5.809480e-01 2.064000e-03 4.169880e-01
385 5.806400e-01 2.024000e-03 4.173360e-01
386 5.802800e-01 2.084000e-03 4.176360e-01
387 5.799360e-01 2.120000e-03 4.179440e-01
388 5.796040e-01 2.104000e-03 4.182920e-01
389 5.793240e-01 2.024000e-03 4.186520e-01
390 5.790640e-01 1.984000e-03 4.189520e-01
391 5.787560e-01 2.008000e-03 4.192360e-01
392 5.784080e-01 1.956000e-03 4.196360e-01
393 5.781440e-01 1.884000e-03 4.199720e-01
394 5.778400e-01 1.908000e-03 4.202520e-01
395 5.775760e-01 1.848000e-03 4.205760e-01
396 5.773040e-01 1.804000e-03 4.208920e-01
397 5.769760e-01 1.844000e-03 4.211800e-01
398 5.767200e-01 1.784000e-03 4.214960e-01
399 5.764000e-01 1.752000e-03 4.218480e-01
400 5.761040e-01 1.740000e-03 4.221560e-01
401 5.758600e-01 1.640000e-03 4.225000e-01
402 5.755480e-01 1.736000e-03 4.227160e-01
403 5.751920e-01 1.776000e-03 4.230320e-01
404 5.748800e-01 1.772000e-03 4.233480e-01
405 5.746200e-01 1.708000e-03 4.236720e-01
406 5.743480e-01 1.732000e-03 4.239200e-01
407 5.740560e-01 1.744000e-03 4.242000e-01
408 5.737920e-01 1.744000e-03 4.244640e-01
409 5.735320e-01 1.752000e-03 4.247160e-01
410 5.732400e-01 1.732000e-03 4.250280e-01
411 5.730280e-01 1.660000e-03 4.253120e-01
412 5.728080e-01 1.628000e-03 4.255640e-01
413 5.725240e-01 1.572000e-03 4.259040e-01
414 5.722480e-01 1.560000e-03 4.261920e-01
415 5.719720e-01 1.580000e-03 4.264480e-01
416 5.716560e-01 1.596000e-03 4.267480e-01
417 5.713440e-01 1.652000e-03 4.270040e-01
418 5.711040e-01 1.600000e-03 4.272960e-01
419 5.708720e-01 1.568000e-03 4.275600e-01
420 5.706120e-01 1.580000e-03 4.278080e-01
421 5.704400e-01 1.440000e-03 4.281200e-01
422 5.702720e-01 1.360000e-03 4.283680e-01
423 5.701520e-01 1.316000e-03 4.285320e-01
424 5.699480e-01 1.284000e-03 4.287680e-01
425 5.697760e-01 1.216000e-03 4.290080e-01
426 5.695800e-01 1.220000e-03 4.292000e-01
427 5.693760e-01 1.236000e-03 4.293880e-01
428 5.691760e-01 1.212000e-03 4.296120e-01
429 5.689800e-01 1.200000e-03 4.298200e-01
430 5.687880e-01 1.204000e-03 4.300080e-01
431 5.686840e-01 1.132000e-03 4.301840e-01
432 5.685080e-01 1.128000e-03 4.303640e-01
433 5.683840e-01 1.084000e-03 4.305320e-01
434 5.682800e-01 9.600000e-04 4.307600e-01
435 5.681840e-01 8.880000e-04 4.309280e-01
436 5.680440e-01 8.800000e-04 4.310760e-01
437 5.678800e-01 8.560000e-04 4.312640e-01
438 5.677320e-01 8.480000e-04 4.314200e-01
439 5.675960e-01 8.200000e-04 4.315840e-01
440 5.674800e-01 7.680000e-04 4.317520e-01
441 5.673800e-01 7.200000e-04 4.319000e-01
442 5.672440e-01 7.200000e-04 4.320360e-01
443 5.671080e-01 7.080000e-04 4.321840e-01
444 5.670040e-01 6.800000e-04 4.323160e-01
445 5.668920e-01 6.680000e-04 4.324400e-01
446 5.667960e-01 6.680000e-04 4.325360e-01
447 5.666920e-01 6.480000e-04 4.326600e-01
448 5.665720e-01 6.440000e-04 4.327840e-01
449 5.665200e-01 6.040000e-04 4.328760e-01
450 5.664280e-01 6.120000e-04 4.329600e-01
451 5.663320e-01 5.960000e-04 4.330720e-01
452 5.662480e-01 5.720000e-04 4.331800e-01
453 5.661520e-01 5.520000e-04 4.332960e-01
454 5.660840e-01 5.200000e-04 4.333960e-01
455 5.659920e-01 5.120000e-04 4.334960e-01
456 5.659320e-01 4.720000e-04 4.335960e-01
457 5.658680e-01 4.400000e-04 4.336920e-01
458 5.658040e-01 4.000000e-04 4.337960e-01
459 5.657600e-01 3.760000e-04 4.338640e-01
460 5.656920e-01 3.760000e-04 4.339320e-01
461 5.656240e-01 3.640000e-04 4.340120e-01
462 5.655600e-01 3.720000e-04 4.340680e-01
463 5.654840e-01 3.640000e-04 4.341520e-01
464 5.653960e-01 3.840000e-04 4.342200e-01
465 5.653080e-01 4.080000e-04 4.342840e-01
466 5.652360e-01 4.120000e-04 4.343520e-01
467 5.651920e-01 3.840000e-04 4.344240e-01
468 5.651560e-01 3.640000e-04 4.344800e-01
469 5.650880e-01 3.880000e-04 4.345240e-01
470 5.650200e-01 4.040000e-04 4.345760e-01
471 5.649720e-01 3.840000e-04 4.346440e-01
472 5.649440e-01 3.560000e-04 4.347000e-01
473 5.649200e-01 3.400000e-04 4.347400e-01
474 5.648640e-01 3.080000e-04 4.348280e-01
475 5.648360e-01 2.840000e-04 4.348800e-01
476 5.647920e-01 2.920000e-04 4.349160e-01
477 5.647640e-01 2.800000e-04 4.349560e-01
478 5.647200e-01 2.720000e-04 4.350080e-01
479 5.647040e-01 2.480000e-04 4.350480e-01
480 5.646720e-01 2.480000e-04 4.350800e-01
481 5.646360e-01 2.520000e-04 4.351120e-01
482 5.645760e-01 2.560000e-04 4.351680e-01
483 5.645560e-01 2.440000e-04 4.352000e-01
484 5.645040e-01 2.720000e-04 4.352240e-01
485 5.644760e-01 2.480000e-04 4.352760e-01
486 5.644560e-01 2.040000e-04 4.353400e-01
487 5.644160e-01 2.160000e-04 4.353680e-01
488 5.643880e-01 2.040000e-04 4.354080e-01
489 5.643560e-01 2.160000e-04 4.354280e-01
490 5.643200e-01 2.200000e-04 4.354600e-01
491 5.642920e-01 1.920000e-04 4.355160e-01
492 5.642480e-01 2.120000e-04 4.355400e-01
493 5.641680e-01 2.560000e-04 4.355760e-01
494 5.641320e-01 2.280000e-04 4.356400e-01
495 5.641000e-01 2.080000e-04 4.356920e-01
496 5.640400e-01 2.480000e-04 4.357120e-01
497 5.640040e-01 2.600000e-04 4.357360e-01
498 5.639720e-01 2.440000e-04 4.357840e-01
499 5.639360e-01 2.560000e-04 4.358080e-01
500 5.638520e-01 2.960000e-04 4.358520e-01
