1 9.992440e-01 6.680000e-04 8.800000e-05
2 9.987480e-01 1.044000e-03 2.080000e-04
3 9.980240e-01 1.560000e-03 4.160000e-04
4 9.972520e-01 2.028000e-03 7.200000e-04
5 9.964800e-01 2.472000e-03 1.048000e-03
6 9.956960e-01 2.768000e-03 1.536000e-03
7 9.947080e-01 3.208000e-03 2.084000e-03
8 9.937160e-01 3.604000e-03 2.680000e-03
9 9.927120e-01 3.900000e-03 3.388000e-03
10 9.916000e-01 4.328000e-03 4.072000e-03
11 9.904840e-01 4.652000e-03 4.864000e-03
12 9.891480e-01 5.176000e-03 5.676000e-03
13 9.879680e-01 5.384000e-03 6.648000e-03
14 9.868000e-01 5.656000e-03 7.544000e-03
15 9.854320e-01 6.004000e-03 8.564000e-03
16 9.841160e-01 6.252000e-03 9.632000e-03
17 9.826160e-01 6.668000e-03 1.071600e-02
18 9.811000e-01 6.872000e-03 1.202800e-02
19 9.794960e-01 7.196000e-03 1.330800e-02
20 9.778920e-01 7.356000e-03 1.475200e-02
21 9.763640e-01 7.564000e-03 1.607200e-02
22 9.747320e-01 7.904000e-03 1.736400e-02
23 9.731200e-01 8.244000e-03 1.863600e-02
24 9.714320e-01 8.460000e-03 2.010800e-02
25 9.698320e-01 8.536000e-03 2.163200e-02
26 9.682720e-01 8.564000e-03 2.316400e-02
27 9.666680e-01 8.724000e-03 2.460800e-02
28 9.649880e-01 9.012000e-03 2.600000e-02
29 9.632200e-01 9.248000e-03 2.753200e-02
30 9.614040e-01 9.340000e-03 2.925600e-02
31 9.596080e-01 9.496000e-03 3.089600e-02
32 9.579080e-01 9.580000e-03 3.251200e-02
33 9.560600e-01 9.764000e-03 3.417600e-02
34 9.543960e-01 9.740000e-03 3.586400e-02
35 9.527720e-01 9.576000e-03 3.765200e-02
36 9.511560e-01 9.348000e-03 3.949600e-02
37 9.494600e-01 9.392000e-03 4.114800e-02
38 9.478720e-01 9.396000e-03 4.273200e-02
39 9.461600e-01 9.516000e-03 4.432400e-02
40 9.445640e-01 9.420000e-03 4.601600e-02
41 9.427920e-01 9.504000e-03 4.770400e-02
42 9.410320e-01 9.612000e-03 4.935600e-02
43 9.394360e-01 9.580000e-03 5.098400e-02
44 9.377160e-01 9.568000e-03 5.271600e-02
45 9.358320e-01 9.764000e-03 5.440400e-02
46 9.340640e-01 9.876000e-03 5.606000e-02
47 9.323840e-01 9.788000e-03 5.782800e-02
48 9.306200e-01 9.612000e-03 5.976800e-02
49 9.290240e-01 9.552000e-03 6.142400e-02
50 9.274640e-01 9.308000e-03 6.322800e-02
51 9.257520e-01 9.372000e-03 6.487600e-02
52 9.242280e-01 9.400000e-03 6.637200e-02
53 9.226000e-01 9.420000e-03 6.798000e-02
54 9.208880e-01 9.428000e-03 6.968400e-02
55 9.192040e-01 9.548000e-03 7.124800e-02
56 9.175320e-01 9.460000e-03 7.300800e-02
57 9.159840e-01 9.300000e-03 7.471600e-02
58 9.143800e-01 9.252000e-03 7.636800e-02
59 9.128400e-01 9.116000e-03 7.804400e-02
60 9.109760e-01 9.208000e-03 7.981600e-02
61 9.092680e-01 9.476000e-03 8.125600e-02
62 9.075600e-01 9.404000e-03 8.303600e-02
63 9.058600e-01 9.580000e-03 8.456000e-02
64 9.041920e-01 9.532000e-03 8.627600e-02
65 9.025080e-01 9.484000e-03 8.800800e-02
66 9.009120e-01 9.392000e-03 8.969600e-02
67 8.991360e-01 9.444000e-03 9.142000e-02
68 8.976440e-01 9.224000e-03 9.313200e-02
69 8.959880e-01 9.268000e-03 9.474400e-02
70 8.945160e-01 9.048000e-03 9.643600e-02
71 8.928320e-01 9.160000e-03 9.800800e-02
72 8.913200e-01 9.024000e-03 9.965600e-02
73 8.897680e-01 9.072000e-03 1.011600e-01
74 8.882000e-01 9.124000e-03 1.026760e-01
75 8.866400e-01 9.208000e-03 1.041520e-01
76 8.850960e-01 9.336000e-03 1.055680e-01
77 8.835200e-01 9.152000e-03 1.073280e-01
78 8.819720e-01 9.084000e-03 1.089440e-01
79 8.804160e-01 9.080000e-03 1.105040e-01
80 8.787840e-01 9.124000e-03 1.120920e-01
81 8.771240e-01 9.176000e-03 1.137000e-01
82 8.755360e-01 9.184000e-03 1.152800e-01
83 8.738640e-01 9.376000e-03 1.167600e-01
84 8.722600e-01 9.312000e-03 1.184280e-01
85 8.703480e-01 9.572000e-03 1.200800e-01
86 8.687400e-01 9.496000e-03 1.217640e-01
87 8.669960e-01 9.664000e-03 1.233400e-01
88 8.651880e-01 9.888000e-03 1.249240e-01
89 8.634480e-01 9.900000e-03 1.266520e-01
90 8.616760e-01 9.964000e-03 1.283600e-01
91 8.599880e-01 9.996000e-03 1.300160e-01
92 8.583120e-01 9.972000e-03 1.317160e-01
93 8.566720e-01 9.796000e-03 1.335320e-01
94 8.549760e-01 9.904000e-03 1.351200e-01
95 8.533320e-01 9.792000e-03 1.368760e-01
96 8.516640e-01 9.856000e-03 1.384800e-01
97 8.500000e-01 9.828000e-03 1.401720e-01
98 8.483920e-01 9.724000e-03 1.418840e-01
99 8.467120e-01 9.816000e-03 1.434720e-01
100 8.450640e-01 9.608000e-03 1.453280e-01
101 8.434720e-01 9.620000e-03 1.469080e-01
102 8.420200e-01 9.344000e-03 1.486360e-01
103 8.405680e-01 9.272000e-03 1.501600e-01
104 8.389560e-01 9.188000e-03 1.518560e-01
105 8.375920e-01 8.944000e-03 1.534640e-01
106 8.362280e-01 8.708000e-03 1.550640e-01
107 8.349040e-01 8.604000e-03 1.564920e-01
108 8.333880e-01 8.720000e-03 1.578920e-01
109 8.318640e-01 8.740000e-03 1.593960e-01
110 8.303560e-01 8.640000e-03 1.610040e-01
111 8.288200e-01 8.588000e-03 1.625920e-01
112 8.271760e-01 8.764000e-03 1.640600e-01
113 8.257000e-01 8.736000e-03 1.655640e-01
114 8.242360e-01 8.584000e-03 1.671800e-01
115 8.226680e-01 8.552000e-03 1.687800e-01
116 8.211040e-01 8.724000e-03 1.701720e-01
117 8.196080e-01 8.748000e-03 1.716440e-01
118 8.181520e-01 8.704000e-03 1.731440e-01
119 8.166000e-01 8.860000e-03 1.745400e-01
120 8.150080e-01 8.860000e-03 1.761320e-01
121 8.135840e-01 8.760000e-03 1.776560e-01
122 8.120920e-01 8.700000e-03 1.792080e-01
123 8.105760e-01 8.828000e-03 1.805960e-01
124 8.090200e-01 8.768000e-03 1.822120e-01
125 8.076760e-01 8.432000e-03 1.838920e-01
126 8.063920e-01 8.268000e-03 1.853400e-01
127 8.050520e-01 8.180000e-03 1.867680e-01
128 8.037720e-01 8.144000e-03 1.880840e-01
129 8.025280e-01 7.916000e-03 1.895560e-01
130 8.011040e-01 7.920000e-03 1.909760e-01
131 7.997400e-01 7.872000e-03 1.923880e-01
132 7.984560e-01 7.840000e-03 1.937040e-01
133 7.971960e-01 7.684000e-03 1.951200e-01
134 7.959280e-01 7.628000e-03 1.964440e-01
135 7.946120e-01 7.648000e-03 1.977400e-01
136 7.935000e-01 7.308000e-03 1.991920e-01
137 7.923720e-01 7.240000e-03 2.003880e-01
138 7.913680e-01 6.948000e-03 2.016840e-01
139 7.902360e-01 6.852000e-03 2.029120e-01
140 7.893480e-01 6.540000e-03 2.041120e-01
141 7.882680e-01 6.496000e-03 2.052360e-01
142 7.872080e-01 6.412000e-03 2.063800e-01
143 7.859680e-01 6.532000e-03 2.075000e-01
144 7.849800e-01 6.424000e-03 2.085960e-01
145 7.839200e-01 6.416000e-03 2.096640e-01
146 7.829240e-01 6.332000e-03 2.107440e-01
147 7.819960e-01 6.136000e-03 2.118680e-01
148 7.808840e-01 5.992000e-03 2.131240e-01
149 7.798520e-01 6.056000e-03 2.140920e-01
150 7.788320e-01 5.968000e-03 2.152000e-01
151 7.778680e-01 5.864000e-03 2.162680e-01
152 7.768920e-01 5.828000e-03 2.172800e-01
153 7.759120e-01 5.848000e-03 2.182400e-01
154 7.748560e-01 5.840000e-03 2.193040e-01
155 7.737000e-01 5.940000e-03 2.203600e-01
156 7.725680e-01 6.048000e-03 2.213840e-01
157 7.716200e-01 5.900000e-03 2.224800e-01
158 7.704760e-01 5.936000e-03 2.235880e-01
159 7.693520e-01 6.024000e-03 2.246240e-01
160 7.682280e-01 6.088000e-03 2.256840e-01
161 7.672120e-01 6.056000e-03 2.267320e-01
162 7.663000e-01 5.892000e-03 2.278080e-01
163 7.653120e-01 5.848000e-03 2.288400e-01
164 7.642840e-01 5.772000e-03 2.299440e-01
165 7.633680e-01 5.740000e-03 2.308920e-01
166 7.623960e-01 5.748000e-03 2.318560e-01
167 7.614200e-01 5.596000e-03 2.329840e-01
168 7.604960e-01 5.576000e-03 2.339280e-01
169 7.595280e-01 5.568000e-03 2.349040e-01
170 7.586520e-01 5.532000e-03 2.358160e-01
171 7.577280e-01 5.504000e-03 2.367680e-01
172 7.568920e-01 5.332000e-03 2.377760e-01
173 7.559280e-01 5.332000e-03 2.387400e-01
174 7.551480e-01 5.228000e-03 2.396240e-01
175 7.543960e-01 5.112000e-03 2.404920e-01
176 7.534520e-01 5.216000e-03 2.413320e-01
177 7.526720e-01 5.100000e-03 2.422280e-01
178 7.517920e-01 5.116000e-03 2.430920e-01
179 7.508680e-01 5.264000e-03 2.438680e-01
180 7.499880e-01 5.388000e-03 2.446240e-01
181 7.491240e-01 5.324000e-03 2.455520e-01
182 7.482320e-01 5.240000e-03 2.465280e-01
183 7.473560e-01 5.216000e-03 2.474280e-01
184 7.464680e-01 5.188000e-03 2.483440e-01
185 7.457080e-01 5.068000e-03 2.492240e-01
186 7.446760e-01 5.200000e-03 2.501240e-01
187 7.437680e-01 5.212000e-03 2.510200e-01
188 7.427200e-01 5.264000e-03 2.520160e-01
189 7.417680e-01 5.356000e-03 2.528760e-01
190 7.406520e-01 5.476000e-03 2.538720e-01
191 7.396880e-01 5.452000e-03 2.548600e-01
192 7.386840e-01 5.488000e-03 2.558280e-01
193 7.374480e-01 5.812000e-03 2.567400e-01
194 7.363120e-01 5.928000e-03 2.577600e-01
195 7.351920e-01 6.044000e-03 2.587640e-01
196 7.342200e-01 6.028000e-03 2.597520e-01
197 7.331880e-01 5.996000e-03 2.608160e-01
198 7.321880e-01 5.972000e-03 2.618400e-01
199 7.310480e-01 5.996000e-03 2.629560e-01
200 7.301120e-01 5.916000e-03 2.639720e-01
201 7.291960e-01 5.804000e-03 2.650000e-01
202 7.283040e-01 5.644000e-03 2.660520e-01
203 7.273840e-01 5.544000e-03 2.670720e-01
204 7.265680e-01 5.384000e-03 2.680480e-01
205 7.258480e-01 5.120000e-03 2.690320e-01
206 7.250080e-01 5.052000e-03 2.699400e-01
207 7.242960e-01 4.892000e-03 2.708120e-01
208 7.234760e-01 4.856000e-03 2.716680e-01
209 7.226840e-01 4.840000e-03 2.724760e-01
210 7.219400e-01 4.704000e-03 2.733560e-01
211 7.210600e-01 4.764000e-03 2.741760e-01
212 7.203280e-01 4.688000e-03 2.749840e-01
213 7.194240e-01 4.776000e-03 2.758000e-01
214 7.186600e-01 4.716000e-03 2.766240e-01
215 7.177440e-01 4.864000e-03 2.773920e-01
216 7.167760e-01 4.972000e-03 2.782520e-01
217 7.158640e-01 5.020000e-03 2.791160e-01
218 7.149480e-01 5.144000e-03 2.799080e-01
219 7.142120e-01 5.016000e-03 2.807720e-01
220 7.134640e-01 4.848000e-03 2.816880e-01
221 7.125760e-01 4.892000e-03 2.825320e-01
222 7.117440e-01 4.816000e-03 2.834400e-01
223 7.109560e-01 4.764000e-03 2.842800e-01
224 7.100680e-01 4.772000e-03 2.851600e-01
225 7.093240e-01 4.712000e-03 2.859640e-01
226 7.083680e-01 4.844000e-03 2.867880e-01
227 7.076000e-01 4.764000e-03 2.876360e-01
228 7.066920e-01 4.872000e-03 2.884360e-01
229 7.057600e-01 5.020000e-03 2.892200e-01
230 7.049440e-01 4.920000e-03 2.901360e-01
231 7.042160e-01 4.748000e-03 2.910360e-01
232 7.034160e-01 4.736000e-03 2.918480e-01
233 7.025280e-01 4.824000e-03 2.926480e-01
234 7.018480e-01 4.708000e-03 2.934440e-01
235 7.010240e-01 4.664000e-03 2.943120e-01
236 7.003200e-01 4.576000e-03 2.951040e-01
237 6.995280e-01 4.644000e-03 2.958280e-01
238 6.987960e-01 4.560000e-03 2.966440e-01
239 6.979520e-01 4.596000e-03 2.974520e-01
240 6.972600e-01 4.580000e-03 2.981600e-01
241 6.965600e-01 4.376000e-03 2.990640e-01
242 6.957520e-01 4.432000e-03 2.998160e-01
243 6.950440e-01 4.360000e-03 3.005960e-01
244 6.943960e-01 4.156000e-03 3.014480e-01
245 6.936840e-01 4.076000e-03 3.022400e-01
246 6.929360e-01 4.136000e-03 3.029280e-01
247 6.921800e-01 4.244000e-03 3.035760e-01
248 6.914880e-01 4.244000e-03 3.042680e-01
249 6.907920e-01 4.208000e-03 3.050000e-01
250 6.900400e-01 4.240000e-03 3.057200e-01
251 6.893120e-01 4.164000e-03 3.065240e-01
252 6.885760e-01 4.176000e-03 3.072480e-01
253 6.879240e-01 4.080000e-03 3.079960e-01
254 6.871840e-01 4.180000e-03 3.086360e-01
255 6.863200e-01 4.308000e-03 3.093720e-01
256 6.855080e-01 4.364000e-03 3.101280e-01
257 6.848560e-01 4.224000e-03 3.109200e-01
258 6.842360e-01 4.100000e-03 3.116640e-01
259 6.835080e-01 4.124000e-03 3.123680e-01
260 6.828600e-01 3.980000e-03 3.131600e-01
261 6.822520e-01 3.860000e-03 3.138880e-01
262 6.815160e-01 3.876000e-03 3.146080e-01
263 6.807440e-01 3.924000e-03 3.153320e-01
264 6.799680e-01 3.980000e-03 3.160520e-01
265 6.793320e-01 3.964000e-03 3.167040e-01
266 6.788080e-01 3.856000e-03 3.173360e-01
267 6.782280e-01 3.816000e-03 3.179560e-01
268 6.777280e-01 3.676000e-03 3.185960e-01
269 6.771200e-01 3.632000e-03 3.192480e-01
270 6.764360e-01 3.644000e-03 3.199200e-01
271 6.759440e-01 3.400000e-03 3.206560e-01
272 6.753240e-01 3.464000e-03 3.212120e-01
273 6.748640e-01 3.244000e-03 3.218920e-01
274 6.743720e-01 3.096000e-03 3.225320e-01
275 6.738680e-01 3.080000e-03 3.230520e-01
276 6.734600e-01 3.000000e-03 3.235400e-01
277 6.730480e-01 2.936000e-03 3.240160e-01
278 6.725920e-01 2.904000e-03 3.245040e-01
279 6.721280e-01 2.868000e-03 3.250040e-01
280 6.716200e-01 2.888000e-03 3.254920e-01
281 6.711400e-01 2.880000e-03 3.259800e-01
282 6.705840e-01 3.008000e-03 3.264080e-01
283 6.700280e-01 3.096000e-03 3.268760e-01
284 6.694000e-01 3.108000e-03 3.274920e-01
285 6.689000e-01 3.104000e-03 3.279960e-01
286 6.684160e-01 3.004000e-03 3.285800e-01
287 6.679600e-01 2.904000e-03 3.291360e-01
288 6.675160e-01 2.864000e-03 3.296200e-01
289 6.670440e-01 2.832000e-03 3.301240e-01
290 6.665400e-01 2.880000e-03 3.305800e-01
291 6.660480e-01 2.876000e-03 3.310760e-01
292 6.655760e-01 2.848000e-03 3.315760e-01
293 6.651040e-01 2.808000e-03 3.320880e-01
294 6.644840e-01 2.928000e-03 3.325880e-01
295 6.640160e-01 2.936000e-03 3.330480e-01
296 6.636080e-01 2.896000e-03 3.334960e-01
297 6.631480e-01 2.888000e-03 3.339640e-01
298 6.627160e-01 2.848000e-03 3.344360e-01
299 6.623080e-01 2.704000e-03 3.349880e-01
300 6.618440e-01 2.648000e-03 3.355080e-01
301 6.614320e-01 2.608000e-03 3.359600e-01
302 6.609880e-01 2.612000e-03 3.364000e-01
303 6.606160e-01 2.584000e-03 3.368000e-01
304 6.602280e-01 2.484000e-03 3.372880e-01
305 6.597720e-01 2.444000e-03 3.377840e-01
306 6.593560e-01 2.396000e-03 3.382480e-01
307 6.589720e-01 2.312000e-03 3.387160e-01
308 6.585280e-01 2.316000e-03 3.391560e-01
309 6.580160e-01 2.440000e-03 3.395440e-01
310 6.576440e-01 2.400000e-03 3.399560e-01
311 6.572080e-01 2.384000e-03 3.404080e-01
312 6.567200e-01 2.448000e-03 3.408320e-01
313 6.562800e-01 2.460000e-03 3.412600e-01
314 6.557160e-01 2.624000e-03 3.416600e-01
315 6.552080e-01 2.704000e-03 3.420880e-01
316 6.547320e-01 2.696000e-03 3.425720e-01
317 6.542760e-01 2.740000e-03 3.429840e-01
318 6.537800e-01 2.676000e-03 3.435440e-01
319 6.533800e-01 2.628000e-03 3.439920e-01
320 6.529920e-01 2.564000e-03 3.444440e-01
321 6.525600e-01 2.528000e-03 3.449120e-01
322 6.521400e-01 2.516000e-03 3.453440e-01
323 6.515440e-01 2.676000e-03 3.457800e-01
324 6.510600e-01 2.680000e-03 3.462600e-01
325 6.505040e-01 2.700000e-03 3.467960e-01
326 6.500520e-01 2.656000e-03 3.472920e-01
327 6.495720e-01 2.656000e-03 3.477720e-01
328 6.491160e-01 2.712000e-03 3.481720e-01
329 6.487080e-01 2.664000e-03 3.486280e-01
330 6.482600e-01 2.672000e-03 3.490680e-01
331 6.477680e-01 2.680000e-03 3.495520e-01
332 6.473040e-01 2.680000e-03 3.500160e-01
333 6.468800e-01 2.700000e-03 3.504200e-01
334 6.464320e-01 2.700000e-03 3.508680e-01
335 6.459960e-01 2.656000e-03 3.513480e-01
336 6.455600e-01 2.632000e-03 3.518080e-01
337 6.450920e-01 2.636000e-03 3.522720e-01
338 6.446680e-01 2.564000e-03 3.527680e-01
339 6.443120e-01 2.424000e-03 3.532640e-01
340 6.439640e-01 2.356000e-03 3.536800e-01
341 6.436520e-01 2.280000e-03 3.540680e-01
342 6.432960e-01 2.252000e-03 3.544520e-01
343 6.429280e-01 2.196000e-03 3.548760e-01
344 6.425920e-01 2.172000e-03 3.552360e-01
345 6.421000e-01 2.240000e-03 3.556600e-01
346 6.418200e-01 2.180000e-03 3.560000e-01
347 6.414000e-01 2.216000e-03 3.563840e-01
348 6.410000e-01 2.196000e-03 3.568040e-01
349 6.406480e-01 2.180000e-03 3.571720e-01
350 6.403120e-01 2.128000e-03 3.575600e-01
351 6.399840e-01 2.088000e-03 3.579280e-01
352 6.397080e-01 1.980000e-03 3.583120e-01
353 6.394600e-01 1.840000e-03 3.587000e-01
354 6.391360e-01 1.908000e-03 3.589560e-01
355 6.389160e-01 1.796000e-03 3.592880e-01
356 6.385840e-01 1.804000e-03 3.596120e-01
357 6.382280e-01 1.876000e-03 3.598960e-01
358 6.379160e-01 1.876000e-03 3.602080e-01
359 6.376320e-01 1.828000e-03 3.605400e-01
360 6.373080e-01 1.832000e-03 3.608600e-01
361 6.370200e-01 1.848000e-03 3.611320e-01
362 6.366680e-01 1.860000e-03 3.614720e-01
363 6.362840e-01 1.908000e-03 3.618080e-01
364 6.359320e-01 1.960000e-03 3.621080e-01
365 6.355400e-01 1.980000e-03 3.624800e-01
366 6.352360e-01 1.932000e-03 3.628320e-01
367 6.348960e-01 1.872000e-03 3.632320e-01
368 6.345880e-01 1.804000e-03 3.636080e-01
369 6.343000e-01 1.764000e-03 3.639360e-01
370 6.339840e-01 1.796000e-03 3.642200e-01
371 6.337120e-01 1.768000e-03 3.645200e-01
372 6.334200e-01 1.760000e-03 3.648200e-01
373 6.331920e-01 1.672000e-03 3.651360e-01
374 6.328760e-01 1.724000e-03 3.654000e-01
375 6.325680e-01 1.708000e-03 3.657240e-01
376 6.322040e-01 1.808000e-03 3.659880e-01
377 6.318800e-01 1.856000e-03 3.662640e-01
378 6.315840e-01 1.804000e-03 3.666120e-01
379 6.312920e-01 1.828000e-03 3.668800e-01
380 6.309760e-01 1.816000e-03 3.672080e-01
381 6.307080e-01 1.768000e-03 3.675240e-01
382 6.304160e-01 1.760000e-03 3.678240e-01
383 6.301200e-01 1.716000e-03 3.681640e-01
384 6.298520e-01 1.676000e-03 3.684720e-01
385 6.295520e-01 1.660000e-03 3.687880e-01
386 6.293320e-01 1.560000e-03 3.691080e-01
387 6.290520e-01 1.580000e-03 3.693680e-01
388 6.287720e-01 1.620000e-03 3.696080e-01
389 6.285800e-01 1.532000e-03 3.698880e-01
390 6.283360e-01 1.516000e-03 3.701480e-01
391 6.280240e-01 1.544000e-03 3.704320e-01
392 6.277760e-01 1.472000e-03 3.707520e-01
393 6.275280e-01 1.464000e-03 3.710080e-01
394 6.272440e-01 1.496000e-03 3.712600e-01
395 6.269960e-01 1.468000e-03 3.715360e-01
396 6.267040e-01 1.420000e-03 3.718760e-01
397 6.264480e-01 1.440000e-03 3.721120e-01
398 6.261800e-01 1.452000e-03 3.723680e-01
399 6.258240e-01 1.536000e-03 3.726400e-01
400 6.255920e-01 1.516000e-03 3.728920e-01
401 6.253160e-01 1.568000e-03 3.731160e-01
402 6.250160e-01 1.568000e-03 3.734160e-01
403 6.247920e-01 1.424000e-03 3.737840e-01
404 6.245440e-01 1.404000e-03 3.740520e-01
405 6.242840e-01 1.468000e-03 3.742480e-01
406 6.240520e-01 1.428000e-03 3.745200e-01
407 6.238000e-01 1.416000e-03 3.747840e-01
408 6.236120e-01 1.340000e-03 3.750480e-01
409 6.233360e-01 1.384000e-03 3.752800e-01
410 6.230640e-01 1.388000e-03 3.755480e-01
411 6.228840e-01 1.356000e-03 3.757600e-01
412 6.226800e-01 1.364000e-03 3.759560e-01
413 6.225120e-01 1.276000e-03 3.762120e-01
414 6.222480e-01 1.264000e-03 3.764880e-01
415 6.220680e-01 1.232000e-03 3.767000e-01
416 6.219200e-01 1.164000e-03 3.769160e-01
417 6.217680e-01 1.196000e-03 3.770360e-01
418 6.215480e-01 1.188000e-03 3.772640e-01
419 6.213720e-01 1.176000e-03 3.774520e-01
420 6.212720e-01 1.068000e-03 3.776600e-01
421 6.211120e-01 1.048000e-03 3.778400e-01
422 6.209400e-01 1.060000e-03 3.780000e-01
423 6.207240e-01 1.084000e-03 3.781920e-01
424 6.205560e-01 1.080000e-03 3.783640e-01
425 6.204160e-01 1.072000e-03 3.785120e-01
426 6.202000e-01 1.144000e-03 3.786560e-01
427 6.199880e-01 1.156000e-03 3.788560e-01
428 6.197560e-01 1.176000e-03 3.790680e-01
429 6.195840e-01 1.168000e-03 3.792480e-01
430 6.193400e-01 1.212000e-03 3.794480e-01
431 6.191360e-01 1.184000e-03 3.796800e-01
432 6.189600e-01 1.164000e-03 3.798760e-01
433 6.187880e-01 1.152000e-03 3.800600e-01
434 6.186640e-01 1.084000e-03 3.802520e-01
435 6.184880e-01 1.064000e-03 3.804480e-01
436 6.183440e-01 9.960000e-04 3.806600e-01
437 6.181720e-01 1.004000e-03 3.808240e-01
438 6.180080e-01 9.920000e-04 3.810000e-01
439 6.178600e-01 9.600000e-04 3.811800e-01
440 6.176680e-01 9.600000e-04 3.813720e-01
441 6.175360e-01 9.480000e-04 3.815160e-01
442 6.173600e-01 9.640000e-04 3.816760e-01
443 6.172040e-01 9.160000e-04 3.818800e-01
444 6.170520e-01 9.040000e-04 3.820440e-01
445 6.169240e-01 8.720000e-04 3.822040e-01
446 6.168080e-01 8.760000e-04 3.823160e-01
447 6.166920e-01 8.520000e-04 3.824560e-01
448 6.165720e-01 8.320000e-04 3.825960e-01
449 6.164400e-01 8.440000e-04 3.827160e-01
450 6.162720e-01 8.480000e-04 3.828800e-01
451 6.161600e-01 8.120000e-04 3.830280e-01
452 6.160000e-01 8.320000e-04 3.831680e-01
453 6.158640e-01 8.440000e-04 3.832920e-01
454 6.157280e-01 8.560000e-04 3.834160e-01
455 6.155560e-01 8.840000e-04 3.835600e-01
456 6.153960e-01 9.080000e-04 3.836960e-01
457 6.152800e-01 8.760000e-04 3.838440e-01
458 6.150840e-01 9.040000e-04 3.840120e-01
459 6.149320e-01 9.200000e-04 3.841480e-01
460 6.148080e-01 8.680000e-04 3.843240e-01
461 6.146080e-01 9.160000e-04 3.844760e-01
462 6.144520e-01 9.280000e-04 3.846200e-01
463 6.142920e-01 8.840000e-04 3.848240e-01
464 6.141040e-01 9.080000e-04 3.849880e-01
465 6.139040e-01 9.560000e-04 3.851400e-01
466 6.136800e-01 1.020000e-03 3.853000e-01
467 6.134600e-01 1.056000e-03 3.854840e-01
468 6.132760e-01 1.052000e-03 3.856720e-01
469 6.130920e-01 1.028000e-03 3.858800e-01
470 6.129360e-01 1.028000e-03 3.860360e-01
471 6.127960e-01 9.840000e-04 3.862200e-01
472 6.126360e-01 9.560000e-04 3.864080e-01
473 6.124920e-01 9.480000e-04 3.865600e-01
474 6.123280e-01 9.600000e-04 3.867120e-01
475 6.121920e-01 9.480000e-04 3.868600e-01
476 6.120440e-01 9.160000e-04 3.870400e-01
477 6.119360e-01 8.240000e-04 3.872400e-01
478 6.118200e-01 8.280000e-04 3.873520e-01
479 6.117320e-01 8.080000e-04 3.874600e-01
480 6.116160e-01 8.040000e-04 3.875800e-01
481 6.115360e-01 7.480000e-04 3.877160e-01
482 6.114400e-01 6.920000e-04 3.878680e-01
483 6.113600e-01 6.440000e-04 3.879960e-01
484 6.112760e-01 6.080000e-04 3.881160e-01
485 6.111360e-01 6.240000e-04 3.882400e-01
486 6.110080e-01 6.320000e-04 3.883600e-01
487 6.109320e-01 6.280000e-04 3.884400e-01
488 6.108240e-01 6.320000e-04 3.885440e-01
489 6.107200e-01 6.200000e-04 3.886600e-01
490 6.106360e-01 6.040000e-04 3.887600e-01
491 6.105280e-01 6.200000e-04 3.888520e-01
492 6.104320e-01 6.000000e-04 3.889680e-01
493 6.103520e-01 6.040000e-04 3.890440e-01
494 6.102480e-01 6.240000e-04 3.891280e-01
495 6.101640e-01 5.960000e-04 3.892400e-01
496 6.100920e-01 6.200000e-04 3.892880e-01
497 6.100080e-01 6.120000e-04 3.893800e-01
498 6.099280e-01 5.880000e-04 3.894840e-01
499 6.098560e-01 5.640000e-04 3.895800e-01
500 6.097880e-01 5.400000e-04 3.896720e-01
