1 9.991880e-01 7.400000e-04 7.200000e-05
2 9.986520e-01 1.120000e-03 2.280000e-04
3 9.978760e-01 1.664000e-03 4.600000e-04
4 9.970240e-01 2.228000e-03 7.480000e-04
5 9.961400e-01 2.696000e-03 1.164000e-03
6 9.951640e-01 3.144000e-03 1.692000e-03
7 9.941720e-01 3.572000e-03 2.256000e-03
8 9.932080e-01 3.824000e-03 2.968000e-03
9 9.920160e-01 4.360000e-03 3.624000e-03
10 9.909240e-01 4.800000e-03 4.276000e-03
11 9.897480e-01 5.096000e-03 5.156000e-03
12 9.885480e-01 5.396000e-03 6.056000e-03
13 9.874240e-01 5.448000e-03 7.128000e-03
14 9.861480e-01 5.724000e-03 8.128000e-03
15 9.849080e-01 6.016000e-03 9.076000e-03
16 9.837560e-01 6.072000e-03 1.017200e-02
17 9.825360e-01 6.116000e-03 1.134800e-02
18 9.813240e-01 6.268000e-03 1.240800e-02
19 9.800400e-01 6.476000e-03 1.348400e-02
20 9.788760e-01 6.424000e-03 1.470000e-02
21 9.773000e-01 6.856000e-03 1.584400e-02
22 9.759760e-01 6.968000e-03 1.705600e-02
23 9.745760e-01 7.128000e-03 1.829600e-02
24 9.731560e-01 7.340000e-03 1.950400e-02
25 9.717600e-01 7.408000e-03 2.083200e-02
26 9.702280e-01 7.560000e-03 2.221200e-02
27 9.686680e-01 7.836000e-03 2.349600e-02
28 9.669960e-01 8.116000e-03 2.488800e-02
29 9.653720e-01 8.216000e-03 2.641200e-02
30 9.636800e-01 8.336000e-03 2.798400e-02
31 9.620800e-01 8.432000e-03 2.948800e-02
32 9.605240e-01 8.616000e-03 3.086000e-02
33 9.588720e-01 8.656000e-03 3.247200e-02
34 9.571320e-01 8.956000e-03 3.391200e-02
35 9.554880e-01 9.012000e-03 3.550000e-02
36 9.537360e-01 9.100000e-03 3.716400e-02
37 9.522520e-01 9.044000e-03 3.870400e-02
38 9.503880e-01 9.412000e-03 4.020000e-02
39 9.487360e-01 9.404000e-03 4.186000e-02
40 9.469720e-01 9.476000e-03 4.355200e-02
41 9.453560e-01 9.372000e-03 4.527200e-02
42 9.435760e-01 9.444000e-03 4.698000e-02
43 9.418400e-01 9.568000e-03 4.859200e-02
44 9.400600e-01 9.732000e-03 5.020800e-02
45 9.383920e-01 9.760000e-03 5.184800e-02
46 9.365240e-01 1.000000e-02 5.347600e-02
47 9.348320e-01 1.000800e-02 5.516000e-02
48 9.330440e-01 1.007200e-02 5.688400e-02
49 9.311000e-01 1.030400e-02 5.859600e-02
50 9.292800e-01 1.034000e-02 6.038000e-02
51 9.275160e-01 1.043600e-02 6.204800e-02
52 9.258040e-01 1.047600e-02 6.372000e-02
53 9.240680e-01 1.030800e-02 6.562400e-02
54 9.223160e-01 1.033600e-02 6.734800e-02
55 9.205120e-01 1.034800e-02 6.914000e-02
56 9.187280e-01 1.028800e-02 7.098400e-02
57 9.168560e-01 1.025600e-02 7.288800e-02
58 9.149800e-01 1.040000e-02 7.462000e-02
59 9.130680e-01 1.050000e-02 7.643200e-02
60 9.112080e-01 1.049600e-02 7.829600e-02
61 9.094360e-01 1.038400e-02 8.018000e-02
62 9.075960e-01 1.038000e-02 8.202400e-02
63 9.059560e-01 1.019200e-02 8.385200e-02
64 9.043120e-01 1.004000e-02 8.564800e-02
65 9.026400e-01 1.004800e-02 8.731200e-02
66 9.006960e-01 1.028000e-02 8.902400e-02
67 8.989160e-01 1.020800e-02 9.087600e-02
68 8.969200e-01 1.034400e-02 9.273600e-02
69 8.950040e-01 1.050800e-02 9.448800e-02
70 8.932480e-01 1.048800e-02 9.626400e-02
71 8.915320e-01 1.042800e-02 9.804000e-02
72 8.896960e-01 1.035600e-02 9.994800e-02
73 8.879760e-01 1.025600e-02 1.017680e-01
74 8.863120e-01 1.017200e-02 1.035160e-01
75 8.845400e-01 1.021200e-02 1.052480e-01
76 8.827160e-01 1.024800e-02 1.070360e-01
77 8.811880e-01 9.920000e-03 1.088920e-01
78 8.795040e-01 9.856000e-03 1.106400e-01
79 8.777560e-01 9.804000e-03 1.124400e-01
80 8.761160e-01 9.656000e-03 1.142280e-01
81 8.744880e-01 9.652000e-03 1.158600e-01
82 8.727400e-01 9.720000e-03 1.175400e-01
83 8.709680e-01 9.864000e-03 1.191680e-01
84 8.691120e-01 9.960000e-03 1.209280e-01
85 8.674000e-01 9.956000e-03 1.226440e-01
86 8.656240e-01 9.976000e-03 1.244000e-01
87 8.638480e-01 9.956000e-03 1.261960e-01
88 8.619600e-01 1.016400e-02 1.278760e-01
89 8.598400e-01 1.054800e-02 1.296120e-01
90 8.580120e-01 1.060800e-02 1.313800e-01
91 8.558760e-01 1.081600e-02 1.333080e-01
92 8.541760e-01 1.055200e-02 1.352720e-01
93 8.523120e-01 1.047600e-02 1.372120e-01
94 8.505280e-01 1.035200e-02 1.391200e-01
95 8.487680e-01 1.031600e-02 1.409160e-01
96 8.470440e-01 1.024000e-02 1.427160e-01
97 8.453600e-01 1.025200e-02 1.443880e-01
98 8.435880e-01 1.019600e-02 1.462160e-01
99 8.416040e-01 1.028000e-02 1.481160e-01
100 8.398240e-01 1.034400e-02 1.498320e-01
101 8.381360e-01 1.030000e-02 1.515640e-01
102 8.363320e-01 1.024000e-02 1.534280e-01
103 8.346080e-01 1.012400e-02 1.552680e-01
104 8.329240e-01 1.012800e-02 1.569480e-01
105 8.311760e-01 1.020000e-02 1.586240e-01
106 8.295680e-01 9.864000e-03 1.605680e-01
107 8.278400e-01 9.808000e-03 1.623520e-01
108 8.260040e-01 9.956000e-03 1.640400e-01
109 8.241400e-01 1.014800e-02 1.657120e-01
110 8.224000e-01 1.026400e-02 1.673360e-01
111 8.205240e-01 1.045200e-02 1.690240e-01
112 8.188400e-01 1.042800e-02 1.707320e-01
113 8.171440e-01 1.024400e-02 1.726120e-01
114 8.155120e-01 1.006400e-02 1.744240e-01
115 8.139200e-01 9.896000e-03 1.761840e-01
116 8.123480e-01 9.752000e-03 1.779000e-01
117 8.107680e-01 9.528000e-03 1.797040e-01
118 8.091480e-01 9.508000e-03 1.813440e-01
119 8.076640e-01 9.368000e-03 1.829680e-01
120 8.059680e-01 9.400000e-03 1.846320e-01
121 8.042240e-01 9.572000e-03 1.862040e-01
122 8.027000e-01 9.476000e-03 1.878240e-01
123 8.012280e-01 9.372000e-03 1.894000e-01
124 7.995160e-01 9.452000e-03 1.910320e-01
125 7.977640e-01 9.552000e-03 1.926840e-01
126 7.963240e-01 9.320000e-03 1.943560e-01
127 7.948080e-01 9.212000e-03 1.959800e-01
128 7.933800e-01 9.076000e-03 1.975440e-01
129 7.919280e-01 8.908000e-03 1.991640e-01
130 7.905400e-01 8.632000e-03 2.008280e-01
131 7.891640e-01 8.516000e-03 2.023200e-01
132 7.877120e-01 8.308000e-03 2.039800e-01
133 7.864600e-01 8.156000e-03 2.053840e-01
134 7.850640e-01 8.036000e-03 2.069000e-01
135 7.838000e-01 7.792000e-03 2.084080e-01
136 7.823040e-01 8.000000e-03 2.096960e-01
137 7.808320e-01 8.072000e-03 2.110960e-01
138 7.795040e-01 8.084000e-03 2.124120e-01
139 7.780240e-01 8.128000e-03 2.138480e-01
140 7.766520e-01 8.084000e-03 2.152640e-01
141 7.753160e-01 8.028000e-03 2.166560e-01
142 7.737840e-01 8.140000e-03 2.180760e-01
143 7.724880e-01 8.108000e-03 2.194040e-01
144 7.709280e-01 8.272000e-03 2.208000e-01
145 7.696360e-01 8.196000e-03 2.221680e-01
146 7.682360e-01 8.244000e-03 2.235200e-01
147 7.668440e-01 8.148000e-03 2.250080e-01
148 7.655560e-01 8.084000e-03 2.263600e-01
149 7.643920e-01 7.920000e-03 2.276880e-01
150 7.630960e-01 7.896000e-03 2.290080e-01
151 7.618520e-01 7.688000e-03 2.304600e-01
152 7.605320e-01 7.624000e-03 2.318440e-01
153 7.592440e-01 7.708000e-03 2.330480e-01
154 7.580800e-01 7.500000e-03 2.344200e-01
155 7.568440e-01 7.580000e-03 2.355760e-01
156 7.556560e-01 7.428000e-03 2.369160e-01
157 7.545240e-01 7.292000e-03 2.381840e-01
158 7.533560e-01 7.208000e-03 2.394360e-01
159 7.522680e-01 7.052000e-03 2.406800e-01
160 7.511120e-01 6.944000e-03 2.419440e-01
161 7.500040e-01 6.824000e-03 2.431720e-01
162 7.488360e-01 6.820000e-03 2.443440e-01
163 7.477760e-01 6.508000e-03 2.457160e-01
164 7.467400e-01 6.404000e-03 2.468560e-01
165 7.457000e-01 6.396000e-03 2.479040e-01
166 7.447440e-01 6.244000e-03 2.490120e-01
167 7.437160e-01 6.124000e-03 2.501600e-01
168 7.428080e-01 5.932000e-03 2.512600e-01
169 7.417880e-01 5.876000e-03 2.523360e-01
170 7.408400e-01 5.928000e-03 2.532320e-01
171 7.399720e-01 5.736000e-03 2.542920e-01
172 7.389480e-01 5.700000e-03 2.553520e-01
173 7.380440e-01 5.556000e-03 2.564000e-01
174 7.370600e-01 5.720000e-03 2.572200e-01
175 7.360680e-01 5.692000e-03 2.582400e-01
176 7.350880e-01 5.660000e-03 2.592520e-01
177 7.341320e-01 5.632000e-03 2.602360e-01
178 7.332360e-01 5.540000e-03 2.612240e-01
179 7.322680e-01 5.552000e-03 2.621800e-01
180 7.313720e-01 5.380000e-03 2.632480e-01
181 7.304480e-01 5.248000e-03 2.643040e-01
182 7.295800e-01 5.284000e-03 2.651360e-01
183 7.286640e-01 5.156000e-03 2.661800e-01
184 7.278080e-01 5.160000e-03 2.670320e-01
185 7.270160e-01 5.044000e-03 2.679400e-01
186 7.261880e-01 5.052000e-03 2.687600e-01
187 7.252320e-01 5.172000e-03 2.695960e-01
188 7.242960e-01 5.156000e-03 2.705480e-01
189 7.234960e-01 5.080000e-03 2.714240e-01
190 7.225960e-01 5.104000e-03 2.723000e-01
191 7.216600e-01 5.132000e-03 2.732080e-01
192 7.207720e-01 5.060000e-03 2.741680e-01
193 7.197560e-01 5.084000e-03 2.751600e-01
194 7.189200e-01 5.076000e-03 2.760040e-01
195 7.179680e-01 5.156000e-03 2.768760e-01
196 7.171160e-01 5.136000e-03 2.777480e-01
197 7.162360e-01 5.044000e-03 2.787200e-01
198 7.154160e-01 5.052000e-03 2.795320e-01
199 7.145600e-01 5.012000e-03 2.804280e-01
200 7.137040e-01 4.972000e-03 2.813240e-01
201 7.128760e-01 4.908000e-03 2.822160e-01
202 7.120880e-01 4.796000e-03 2.831160e-01
203 7.112160e-01 4.948000e-03 2.838360e-01
204 7.104280e-01 4.944000e-03 2.846280e-01
205 7.096280e-01 4.868000e-03 2.855040e-01
206 7.088560e-01 4.760000e-03 2.863840e-01
207 7.080040e-01 4.776000e-03 2.872200e-01
208 7.072360e-01 4.820000e-03 2.879440e-01
209 7.063600e-01 4.896000e-03 2.887440e-01
210 7.054560e-01 4.960000e-03 2.895840e-01
211 7.046040e-01 4.928000e-03 2.904680e-01
212 7.038840e-01 4.748000e-03 2.913680e-01
213 7.032000e-01 4.456000e-03 2.923440e-01
214 7.024640e-01 4.376000e-03 2.931600e-01
215 7.016480e-01 4.508000e-03 2.938440e-01
216 7.009400e-01 4.416000e-03 2.946440e-01
217 7.001720e-01 4.408000e-03 2.954200e-01
218 6.994000e-01 4.492000e-03 2.961080e-01
219 6.987040e-01 4.408000e-03 2.968880e-01
220 6.979680e-01 4.392000e-03 2.976400e-01
221 6.973400e-01 4.136000e-03 2.985240e-01
222 6.966520e-01 4.012000e-03 2.993360e-01
223 6.959200e-01 4.008000e-03 3.000720e-01
224 6.951320e-01 4.024000e-03 3.008440e-01
225 6.944440e-01 3.920000e-03 3.016360e-01
226 6.937920e-01 3.892000e-03 3.023160e-01
227 6.931400e-01 3.884000e-03 3.029760e-01
228 6.924680e-01 3.832000e-03 3.037000e-01
229 6.918040e-01 3.772000e-03 3.044240e-01
230 6.911160e-01 3.828000e-03 3.050560e-01
231 6.905160e-01 3.788000e-03 3.056960e-01
232 6.898720e-01 3.744000e-03 3.063840e-01
233 6.892000e-01 3.704000e-03 3.070960e-01
234 6.885800e-01 3.728000e-03 3.076920e-01
235 6.879280e-01 3.764000e-03 3.083080e-01
236 6.873360e-01 3.740000e-03 3.089240e-01
237 6.867440e-01 3.724000e-03 3.095320e-01
238 6.861480e-01 3.624000e-03 3.102280e-01
239 6.855760e-01 3.552000e-03 3.108720e-01
240 6.850800e-01 3.464000e-03 3.114560e-01
241 6.846120e-01 3.340000e-03 3.120480e-01
242 6.840160e-01 3.392000e-03 3.125920e-01
243 6.834080e-01 3.396000e-03 3.131960e-01
244 6.828560e-01 3.348000e-03 3.137960e-01
245 6.822920e-01 3.348000e-03 3.143600e-01
246 6.816840e-01 3.368000e-03 3.149480e-01
247 6.810520e-01 3.372000e-03 3.155760e-01
248 6.805600e-01 3.224000e-03 3.162160e-01
249 6.800440e-01 3.148000e-03 3.168080e-01
250 6.795240e-01 3.168000e-03 3.173080e-01
251 6.790480e-01 3.088000e-03 3.178640e-01
252 6.786160e-01 2.948000e-03 3.184360e-01
253 6.782200e-01 2.832000e-03 3.189480e-01
254 6.778080e-01 2.824000e-03 3.193680e-01
255 6.773440e-01 2.864000e-03 3.197920e-01
256 6.769480e-01 2.756000e-03 3.202960e-01
257 6.765240e-01 2.760000e-03 3.207160e-01
258 6.761200e-01 2.672000e-03 3.212080e-01
259 6.756480e-01 2.668000e-03 3.216840e-01
260 6.751480e-01 2.724000e-03 3.221280e-01
261 6.746960e-01 2.712000e-03 3.225920e-01
262 6.741800e-01 2.696000e-03 3.231240e-01
263 6.736920e-01 2.712000e-03 3.235960e-01
264 6.733000e-01 2.608000e-03 3.240920e-01
265 6.728840e-01 2.560000e-03 3.245560e-01
266 6.725120e-01 2.512000e-03 3.249760e-01
267 6.721320e-01 2.476000e-03 3.253920e-01
268 6.717640e-01 2.428000e-03 3.258080e-01
269 6.713920e-01 2.388000e-03 3.262200e-01
270 6.710240e-01 2.284000e-03 3.266920e-01
271 6.706920e-01 2.156000e-03 3.271520e-01
272 6.702440e-01 2.216000e-03 3.275400e-01
273 6.699320e-01 2.148000e-03 3.279200e-01
274 6.695440e-01 2.192000e-03 3.282640e-01
275 6.691960e-01 2.160000e-03 3.286440e-01
276 6.687960e-01 2.208000e-03 3.289960e-01
277 6.684680e-01 2.180000e-03 3.293520e-01
278 6.681720e-01 2.080000e-03 3.297480e-01
279 6.677920e-01 2.088000e-03 3.301200e-01
280 6.674320e-01 2.120000e-03 3.304480e-01
281 6.670160e-01 2.188000e-03 3.307960e-01
282 6.667000e-01 2.088000e-03 3.312120e-01
283 6.663760e-01 2.044000e-03 3.315800e-01
284 6.659840e-01 2.036000e-03 3.319800e-01
285 6.656440e-01 2.012000e-03 3.323440e-01
286 6.653320e-01 1.968000e-03 3.327000e-01
287 6.649960e-01 1.976000e-03 3.330280e-01
288 6.646640e-01 1.924000e-03 3.334120e-01
289 6.643680e-01 1.868000e-03 3.337640e-01
290 6.639960e-01 1.872000e-03 3.341320e-01
291 6.636120e-01 1.976000e-03 3.344120e-01
292 6.632560e-01 1.936000e-03 3.348080e-01
293 6.629680e-01 1.900000e-03 3.351320e-01
294 6.626080e-01 1.904000e-03 3.354880e-01
295 6.622880e-01 1.892000e-03 3.358200e-01
296 6.620480e-01 1.796000e-03 3.361560e-01
297 6.617720e-01 1.804000e-03 3.364240e-01
298 6.614720e-01 1.784000e-03 3.367440e-01
299 6.611800e-01 1.764000e-03 3.370560e-01
300 6.608800e-01 1.796000e-03 3.373240e-01
301 6.606160e-01 1.712000e-03 3.376720e-01
302 6.603600e-01 1.712000e-03 3.379280e-01
303 6.601360e-01 1.668000e-03 3.381960e-01
304 6.598920e-01 1.636000e-03 3.384720e-01
305 6.596240e-01 1.592000e-03 3.387840e-01
306 6.593360e-01 1.588000e-03 3.390760e-01
307 6.590840e-01 1.588000e-03 3.393280e-01
308 6.588120e-01 1.588000e-03 3.396000e-01
309 6.584880e-01 1.644000e-03 3.398680e-01
310 6.580960e-01 1.772000e-03 3.401320e-01
311 6.578520e-01 1.676000e-03 3.404720e-01
312 6.576480e-01 1.564000e-03 3.407880e-01
313 6.574320e-01 1.476000e-03 3.410920e-01
314 6.572200e-01 1.460000e-03 3.413200e-01
315 6.570200e-01 1.404000e-03 3.415760e-01
316 6.568080e-01 1.388000e-03 3.418040e-01
317 6.565840e-01 1.388000e-03 3.420280e-01
318 6.564000e-01 1.352000e-03 3.422480e-01
319 6.561920e-01 1.332000e-03 3.424760e-01
320 6.559800e-01 1.292000e-03 3.427280e-01
321 6.558040e-01 1.252000e-03 3.429440e-01
322 6.556480e-01 1.232000e-03 3.431200e-01
323 6.555040e-01 1.148000e-03 3.433480e-01
324 6.553440e-01 1.116000e-03 3.435400e-01
325 6.552160e-01 1.048000e-03 3.437360e-01
326 6.551080e-01 9.400000e-04 3.439520e-01
327 6.549480e-01 9.240000e-04 3.441280e-01
328 6.548160e-01 8.560000e-04 3.443280e-01
329 6.546880e-01 8.440000e-04 3.444680e-01
330 6.546000e-01 8.120000e-04 3.445880e-01
331 6.544920e-01 7.760000e-04 3.447320e-01
332 6.544000e-01 7.400000e-04 3.448600e-01
333 6.543120e-01 6.920000e-04 3.449960e-01
334 6.542040e-01 6.760000e-04 3.451200e-01
335 6.541040e-01 6.680000e-04 3.452280e-01
336 6.539960e-01 6.680000e-04 3.453360e-01
337 6.538920e-01 6.480000e-04 3.454600e-01
338 6.537800e-01 6.440000e-04 3.455760e-01
339 6.536520e-01 6.640000e-04 3.456840e-01
340 6.535720e-01 6.360000e-04 3.457920e-01
341 6.534680e-01 6.640000e-04 3.458680e-01
342 6.533240e-01 6.920000e-04 3.459840e-01
343 6.532040e-01 6.760000e-04 3.461200e-01
344 6.530880e-01 7.120000e-04 3.462000e-01
345 6.529800e-01 6.880000e-04 3.463320e-01
346 6.528360e-01 6.920000e-04 3.464720e-01
347 6.527200e-01 6.680000e-04 3.466120e-01
348 6.526080e-01 6.360000e-04 3.467560e-01
349 6.524720e-01 6.720000e-04 3.468560e-01
350 6.523560e-01 6.760000e-04 3.469680e-01
351 6.522320e-01 7.160000e-04 3.470520e-01
352 6.521280e-01 6.880000e-04 3.471840e-01
353 6.519920e-01 7.360000e-04 3.472720e-01
354 6.518360e-01 7.840000e-04 3.473800e-01
355 6.517120e-01 7.960000e-04 3.474920e-01
356 6.515800e-01 8.040000e-04 3.476160e-01
357 6.514560e-01 7.880000e-04 3.477560e-01
358 6.513600e-01 7.200000e-04 3.479200e-01
359 6.512120e-01 7.560000e-04 3.480320e-01
360 6.510640e-01 7.480000e-04 3.481880e-01
361 6.509080e-01 7.560000e-04 3.483360e-01
362 6.508000e-01 7.680000e-04 3.484320e-01
363 6.506280e-01 7.840000e-04 3.485880e-01
364 6.505080e-01 7.840000e-04 3.487080e-01
365 6.504120e-01 7.400000e-04 3.488480e-01
366 6.503040e-01 7.080000e-04 3.489880e-01
367 6.501840e-01 7.080000e-04 3.491080e-01
368 6.500360e-01 7.040000e-04 3.492600e-01
369 6.498040e-01 7.920000e-04 3.494040e-01
370 6.496200e-01 8.520000e-04 3.495280e-01
371 6.494720e-01 8.400000e-04 3.496880e-01
372 6.493080e-01 8.480000e-04 3.498440e-01
373 6.491560e-01 8.800000e-04 3.499640e-01
374 6.489760e-01 9.160000e-04 3.501080e-01
375 6.487880e-01 9.600000e-04 3.502520e-01
376 6.485920e-01 1.020000e-03 3.503880e-01
377 6.484040e-01 1.056000e-03 3.505400e-01
378 6.482040e-01 1.044000e-03 3.507520e-01
379 6.480000e-01 1.060000e-03 3.509400e-01
380 6.478120e-01 1.048000e-03 3.511400e-01
381 6.476480e-01 9.960000e-04 3.513560e-01
382 6.474760e-01 1.008000e-03 3.515160e-01
383 6.473000e-01 1.016000e-03 3.516840e-01
384 6.471520e-01 1.000000e-03 3.518480e-01
385 6.469480e-01 1.060000e-03 3.519920e-01
386 6.467160e-01 1.112000e-03 3.521720e-01
387 6.464920e-01 1.132000e-03 3.523760e-01
388 6.462840e-01 1.144000e-03 3.525720e-01
389 6.460600e-01 1.112000e-03 3.528280e-01
390 6.458240e-01 1.152000e-03 3.530240e-01
391 6.456280e-01 1.156000e-03 3.532160e-01
392 6.454720e-01 1.144000e-03 3.533840e-01
393 6.452480e-01 1.156000e-03 3.535960e-01
394 6.450840e-01 1.132000e-03 3.537840e-01
395 6.449520e-01 1.060000e-03 3.539880e-01
396 6.448200e-01 9.960000e-04 3.541840e-01
397 6.447200e-01 9.080000e-04 3.543720e-01
398 6.446440e-01 8.320000e-04 3.545240e-01
399 6.445320e-01 8.120000e-04 3.546560e-01
400 6.444000e-01 7.840000e-04 3.548160e-01
401 6.441880e-01 8.720000e-04 3.549400e-01
402 6.440320e-01 8.800000e-04 3.550880e-01
403 6.438640e-01 9.000000e-04 3.552360e-01
404 6.437000e-01 9.160000e-04 3.553840e-01
405 6.435200e-01 9.360000e-04 3.555440e-01
406 6.433360e-01 9.800000e-04 3.556840e-01
407 6.431720e-01 9.640000e-04 3.558640e-01
408 6.429800e-01 9.880000e-04 3.560320e-01
409 6.427320e-01 1.108000e-03 3.561600e-01
410 6.424840e-01 1.128000e-03 3.563880e-01
411 6.423200e-01 1.100000e-03 3.565800e-01
412 6.421760e-01 1.080000e-03 3.567440e-01
413 6.420560e-01 1.040000e-03 3.569040e-01
414 6.418360e-01 1.060000e-03 3.571040e-01
415 6.416920e-01 1.040000e-03 3.572680e-01
416 6.414880e-01 1.060000e-03 3.574520e-01
417 6.413560e-01 1.024000e-03 3.576200e-01
418 6.412360e-01 9.560000e-04 3.578080e-01
419 6.410400e-01 1.028000e-03 3.579320e-01
420 6.409440e-01 9.680000e-04 3.580880e-01
421 6.407880e-01 9.680000e-04 3.582440e-01
422 6.406600e-01 9.400000e-04 3.584000e-01
423 6.405720e-01 8.640000e-04 3.585640e-01
424 6.404720e-01 8.320000e-04 3.586960e-01
425 6.403440e-01 7.920000e-04 3.588640e-01
426 6.401840e-01 8.160000e-04 3.590000e-01
427 6.400920e-01 7.840000e-04 3.591240e-01
428 6.399440e-01 8.280000e-04 3.592280e-01
429 6.398360e-01 7.760000e-04 3.593880e-01
430 6.397560e-01 7.360000e-04 3.595080e-01
431 6.396160e-01 7.400000e-04 3.596440e-01
432 6.395000e-01 7.200000e-04 3.597800e-01
433 6.394040e-01 7.320000e-04 3.598640e-01
434 6.393280e-01 7.360000e-04 3.599360e-01
435 6.392600e-01 6.760000e-04 3.600640e-01
436 6.391400e-01 6.520000e-04 3.602080e-01
437 6.390080e-01 6.600000e-04 3.603320e-01
438 6.389000e-01 6.400000e-04 3.604600e-01
439 6.387400e-01 6.760000e-04 3.605840e-01
440 6.386200e-01 6.960000e-04 3.606840e-01
441 6.384960e-01 7.000000e-04 3.608040e-01
442 6.383760e-01 7.200000e-04 3.609040e-01
443 6.382200e-01 7.440000e-04 3.610360e-01
444 6.381440e-01 7.160000e-04 3.611400e-01
445 6.380680e-01 6.400000e-04 3.612920e-01
446 6.379560e-01 6.520000e-04 3.613920e-01
447 6.378560e-01 6.760000e-04 3.614680e-01
448 6.377240e-01 6.880000e-04 3.615880e-01
449 6.376280e-01 6.280000e-04 3.617440e-01
450 6.374920e-01 6.280000e-04 3.618800e-01
451 6.373760e-01 6.600000e-04 3.619640e-01
452 6.372280e-01 7.200000e-04 3.620520e-01
453 6.370760e-01 7.360000e-04 3.621880e-01
454 6.369040e-01 7.800000e-04 3.623160e-01
455 6.367520e-01 7.640000e-04 3.624840e-01
456 6.365760e-01 8.040000e-04 3.626200e-01
457 6.364480e-01 7.520000e-04 3.628000e-01
458 6.363360e-01 7.240000e-04 3.629400e-01
459 6.362440e-01 6.920000e-04 3.630640e-01
460 6.361040e-01 7.280000e-04 3.631680e-01
461 6.359680e-01 7.320000e-04 3.633000e-01
462 6.358280e-01 7.360000e-04 3.634360e-01
463 6.357320e-01 6.960000e-04 3.635720e-01
464 6.356240e-01 7.040000e-04 3.636720e-01
465 6.355320e-01 6.720000e-04 3.637960e-01
466 6.354240e-01 6.480000e-04 3.639280e-01
467 6.352920e-01 6.600000e-04 3.640480e-01
468 6.351560e-01 7.040000e-04 3.641400e-01
469 6.350520e-01 6.440000e-04 3.643040e-01
470 6.349880e-01 6.080000e-04 3.644040e-01
471 6.348680e-01 5.920000e-04 3.645400e-01
472 6.347360e-01 6.320000e-04 3.646320e-01
473 6.345960e-01 6.640000e-04 3.647400e-01
474 6.344440e-01 6.720000e-04 3.648840e-01
475 6.343080e-01 6.760000e-04 3.650160e-01
476 6.342040e-01 6.560000e-04 3.651400e-01
477 6.340720e-01 6.640000e-04 3.652640e-01
478 6.339440e-01 7.080000e-04 3.653480e-01
479 6.337920e-01 7.320000e-04 3.654760e-01
480 6.336160e-01 7.880000e-04 3.655960e-01
481 6.334280e-01 8.720000e-04 3.657000e-01
482 6.332400e-01 8.920000e-04 3.658680e-01
483 6.330640e-01 9.160000e-04 3.660200e-01
484 6.329280e-01 8.840000e-04 3.661880e-01
485 6.327520e-01 9.320000e-04 3.663160e-01
486 6.326000e-01 9.120000e-04 3.664880e-01
487 6.323960e-01 9.840000e-04 3.666200e-01
488 6.322040e-01 1.016000e-03 3.667800e-01
489 6.320080e-01 1.028000e-03 3.669640e-01
490 6.318000e-01 1.100000e-03 3.671000e-01
491 6.316280e-01 1.064000e-03 3.673080e-01
492 6.314520e-01 1.044000e-03 3.675040e-01
493 6.312680e-01 1.044000e-03 3.676880e-01
494 6.311200e-01 1.008000e-03 3.678720e-01
495 6.309560e-01 9.920000e-04 3.680520e-01
496 6.307440e-01 1.048000e-03 3.682080e-01
497 6.305640e-01 1.036000e-03 3.684000e-01
498 6.304360e-01 9.560000e-04 3.686080e-01
499 6.302800e-01 9.360000e-04 3.687840e-01
500 6.301800e-01 8.880000e-04 3.689320e-01
