1 9.992160e-01 6.760000e-04 1.080000e-04
2 9.988120e-01 9.080000e-04 2.800000e-04
3 9.982600e-01 1.272000e-03 4.680000e-04
4 9.977440e-01 1.528000e-03 7.280000e-04
5 9.971000e-01 1.896000e-03 1.004000e-03
6 9.962560e-01 2.408000e-03 1.336000e-03
7 9.953960e-01 2.772000e-03 1.832000e-03
8 9.944960e-01 3.092000e-03 2.412000e-03
9 9.936720e-01 3.356000e-03 2.972000e-03
10 9.927000e-01 3.756000e-03 3.544000e-03
11 9.918040e-01 3.984000e-03 4.212000e-03
12 9.907920e-01 4.276000e-03 4.932000e-03
13 9.900120e-01 4.284000e-03 5.704000e-03
14 9.891440e-01 4.364000e-03 6.492000e-03
15 9.879960e-01 4.748000e-03 7.256000e-03
16 9.870480e-01 4.916000e-03 8.036000e-03
17 9.860240e-01 5.132000e-03 8.844000e-03
18 9.849600e-01 5.292000e-03 9.748000e-03
19 9.839160e-01 5.348000e-03 1.073600e-02
20 9.828280e-01 5.456000e-03 1.171600e-02
21 9.817800e-01 5.616000e-03 1.260400e-02
22 9.808120e-01 5.440000e-03 1.374800e-02
23 9.797720e-01 5.472000e-03 1.475600e-02
24 9.787520e-01 5.588000e-03 1.566000e-02
25 9.776600e-01 5.704000e-03 1.663600e-02
26 9.764440e-01 5.888000e-03 1.766800e-02
27 9.752320e-01 6.124000e-03 1.864400e-02
28 9.739920e-01 6.404000e-03 1.960400e-02
29 9.727160e-01 6.624000e-03 2.066000e-02
30 9.714480e-01 6.684000e-03 2.186800e-02
31 9.702360e-01 6.748000e-03 2.301600e-02
32 9.690400e-01 6.736000e-03 2.422400e-02
33 9.678440e-01 6.740000e-03 2.541600e-02
34 9.666440e-01 6.884000e-03 2.647200e-02
35 9.653120e-01 6.920000e-03 2.776800e-02
36 9.640000e-01 7.160000e-03 2.884000e-02
37 9.625520e-01 7.244000e-03 3.020400e-02
38 9.610680e-01 7.444000e-03 3.148800e-02
39 9.595840e-01 7.648000e-03 3.276800e-02
40 9.579640e-01 7.916000e-03 3.412000e-02
41 9.563160e-01 8.172000e-03 3.551200e-02
42 9.547880e-01 8.296000e-03 3.691600e-02
43 9.531960e-01 8.460000e-03 3.834400e-02
44 9.514640e-01 8.664000e-03 3.987200e-02
45 9.498280e-01 8.680000e-03 4.149200e-02
46 9.481440e-01 8.856000e-03 4.300000e-02
47 9.464840e-01 9.088000e-03 4.442800e-02
48 9.448800e-01 9.076000e-03 4.604400e-02
49 9.431160e-01 9.164000e-03 4.772000e-02
50 9.412600e-01 9.400000e-03 4.934000e-02
51 9.396440e-01 9.296000e-03 5.106000e-02
52 9.380440e-01 9.384000e-03 5.257200e-02
53 9.364360e-01 9.472000e-03 5.409200e-02
54 9.348120e-01 9.472000e-03 5.571600e-02
55 9.329720e-01 9.620000e-03 5.740800e-02
56 9.310720e-01 9.924000e-03 5.900400e-02
57 9.292000e-01 1.008000e-02 6.072000e-02
58 9.274360e-01 1.010800e-02 6.245600e-02
59 9.257040e-01 1.023600e-02 6.406000e-02
60 9.238240e-01 1.006000e-02 6.611600e-02
61 9.221160e-01 1.011600e-02 6.776800e-02
62 9.204720e-01 1.001600e-02 6.951200e-02
63 9.187000e-01 1.014400e-02 7.115600e-02
64 9.168440e-01 1.006800e-02 7.308800e-02
65 9.150920e-01 9.960000e-03 7.494800e-02
66 9.136120e-01 9.564000e-03 7.682400e-02
67 9.119560e-01 9.452000e-03 7.859200e-02
68 9.104160e-01 9.360000e-03 8.022400e-02
69 9.088440e-01 9.256000e-03 8.190000e-02
70 9.073120e-01 9.124000e-03 8.356400e-02
71 9.059400e-01 8.920000e-03 8.514000e-02
72 9.043200e-01 8.948000e-03 8.673200e-02
73 9.028800e-01 8.772000e-03 8.834800e-02
74 9.015640e-01 8.640000e-03 8.979600e-02
75 9.000520e-01 8.656000e-03 9.129200e-02
76 8.985400e-01 8.740000e-03 9.272000e-02
77 8.969080e-01 8.824000e-03 9.426800e-02
78 8.953840e-01 8.824000e-03 9.579200e-02
79 8.937840e-01 8.876000e-03 9.734000e-02
80 8.921600e-01 8.884000e-03 9.895600e-02
81 8.905280e-01 8.936000e-03 1.005360e-01
82 8.889520e-01 9.096000e-03 1.019520e-01
83 8.874360e-01 8.956000e-03 1.036080e-01
84 8.857760e-01 9.084000e-03 1.051400e-01
85 8.841960e-01 9.168000e-03 1.066360e-01
86 8.826040e-01 9.060000e-03 1.083360e-01
87 8.810280e-01 9.112000e-03 1.098600e-01
88 8.795240e-01 9.112000e-03 1.113640e-01
89 8.779920e-01 9.076000e-03 1.129320e-01
90 8.762880e-01 9.236000e-03 1.144760e-01
91 8.746960e-01 9.116000e-03 1.161880e-01
92 8.730960e-01 9.184000e-03 1.177200e-01
93 8.716960e-01 8.976000e-03 1.193280e-01
94 8.702360e-01 8.900000e-03 1.208640e-01
95 8.688360e-01 8.816000e-03 1.223480e-01
96 8.673800e-01 8.756000e-03 1.238640e-01
97 8.660120e-01 8.584000e-03 1.254040e-01
98 8.644680e-01 8.688000e-03 1.268440e-01
99 8.630560e-01 8.576000e-03 1.283680e-01
100 8.617640e-01 8.436000e-03 1.298000e-01
101 8.603360e-01 8.388000e-03 1.312760e-01
102 8.590120e-01 8.292000e-03 1.326960e-01
103 8.575680e-01 8.352000e-03 1.340800e-01
104 8.562520e-01 8.180000e-03 1.355680e-01
105 8.547280e-01 8.316000e-03 1.369560e-01
106 8.533040e-01 8.312000e-03 1.383840e-01
107 8.517400e-01 8.376000e-03 1.398840e-01
108 8.502960e-01 8.436000e-03 1.412680e-01
109 8.486600e-01 8.624000e-03 1.427160e-01
110 8.470680e-01 8.736000e-03 1.441960e-01
111 8.455880e-01 8.632000e-03 1.457800e-01
112 8.440520e-01 8.656000e-03 1.472920e-01
113 8.425320e-01 8.596000e-03 1.488720e-01
114 8.411200e-01 8.520000e-03 1.503600e-01
115 8.396480e-01 8.428000e-03 1.519240e-01
116 8.382280e-01 8.356000e-03 1.534160e-01
117 8.368600e-01 8.248000e-03 1.548920e-01
118 8.355320e-01 8.160000e-03 1.563080e-01
119 8.340160e-01 8.244000e-03 1.577400e-01
120 8.325040e-01 8.276000e-03 1.592200e-01
121 8.310560e-01 8.256000e-03 1.606880e-01
122 8.295160e-01 8.260000e-03 1.622240e-01
123 8.279960e-01 8.384000e-03 1.636200e-01
124 8.266360e-01 8.232000e-03 1.651320e-01
125 8.252680e-01 8.188000e-03 1.665440e-01
126 8.238280e-01 8.136000e-03 1.680360e-01
127 8.225000e-01 8.008000e-03 1.694920e-01
128 8.210560e-01 8.060000e-03 1.708840e-01
129 8.196760e-01 8.052000e-03 1.722720e-01
130 8.183120e-01 7.948000e-03 1.737400e-01
131 8.169840e-01 7.784000e-03 1.752320e-01
132 8.157400e-01 7.672000e-03 1.765880e-01
133 8.144760e-01 7.576000e-03 1.779480e-01
134 8.133200e-01 7.424000e-03 1.792560e-01
135 8.120600e-01 7.356000e-03 1.805840e-01
136 8.109320e-01 7.180000e-03 1.818880e-01
137 8.096600e-01 7.256000e-03 1.830840e-01
138 8.083960e-01 7.236000e-03 1.843680e-01
139 8.071880e-01 7.160000e-03 1.856520e-01
140 8.059480e-01 7.216000e-03 1.868360e-01
141 8.048280e-01 7.120000e-03 1.880520e-01
142 8.035240e-01 7.088000e-03 1.893880e-01
143 8.020440e-01 7.312000e-03 1.906440e-01
144 8.008000e-01 7.364000e-03 1.918360e-01
145 7.994280e-01 7.412000e-03 1.931600e-01
146 7.981120e-01 7.356000e-03 1.945320e-01
147 7.968800e-01 7.332000e-03 1.957880e-01
148 7.956360e-01 7.256000e-03 1.971080e-01
149 7.943040e-01 7.408000e-03 1.982880e-01
150 7.930760e-01 7.264000e-03 1.996600e-01
151 7.918800e-01 7.156000e-03 2.009640e-01
152 7.906560e-01 7.092000e-03 2.022520e-01
153 7.893560e-01 7.148000e-03 2.034960e-01
154 7.881120e-01 7.020000e-03 2.048680e-01
155 7.869640e-01 6.936000e-03 2.061000e-01
156 7.858480e-01 6.816000e-03 2.073360e-01
157 7.846640e-01 6.748000e-03 2.085880e-01
158 7.833520e-01 6.900000e-03 2.097480e-01
159 7.822040e-01 6.784000e-03 2.110120e-01
160 7.810240e-01 6.752000e-03 2.122240e-01
161 7.799160e-01 6.600000e-03 2.134840e-01
162 7.787440e-01 6.608000e-03 2.146480e-01
163 7.777120e-01 6.468000e-03 2.158200e-01
164 7.765520e-01 6.396000e-03 2.170520e-01
165 7.754160e-01 6.420000e-03 2.181640e-01
166 7.744720e-01 6.132000e-03 2.193960e-01
167 7.734880e-01 6.044000e-03 2.204680e-01
168 7.724800e-01 5.968000e-03 2.215520e-01
169 7.714960e-01 5.856000e-03 2.226480e-01
170 7.705200e-01 5.820000e-03 2.236600e-01
171 7.694440e-01 5.904000e-03 2.246520e-01
172 7.684840e-01 5.732000e-03 2.257840e-01
173 7.676080e-01 5.532000e-03 2.268600e-01
174 7.666160e-01 5.492000e-03 2.278920e-01
175 7.656160e-01 5.592000e-03 2.287920e-01
176 7.647440e-01 5.340000e-03 2.299160e-01
177 7.639040e-01 5.224000e-03 2.308720e-01
178 7.630480e-01 5.160000e-03 2.317920e-01
179 7.622880e-01 5.032000e-03 2.326800e-01
180 7.614760e-01 4.996000e-03 2.335280e-01
181 7.606560e-01 4.984000e-03 2.343600e-01
182 7.597880e-01 4.972000e-03 2.352400e-01
183 7.588680e-01 4.936000e-03 2.361960e-01
184 7.580640e-01 4.884000e-03 2.370520e-01
185 7.572480e-01 4.900000e-03 2.378520e-01
186 7.564080e-01 4.908000e-03 2.386840e-01
187 7.554960e-01 4.992000e-03 2.395120e-01
188 7.546360e-01 4.924000e-03 2.404400e-01
189 7.537800e-01 4.984000e-03 2.412360e-01
190 7.531040e-01 4.804000e-03 2.420920e-01
191 7.523840e-01 4.736000e-03 2.428800e-01
192 7.516040e-01 4.688000e-03 2.437080e-01
193 7.507520e-01 4.684000e-03 2.445640e-01
194 7.499520e-01 4.608000e-03 2.454400e-01
195 7.491480e-01 4.688000e-03 2.461640e-01
196 7.482880e-01 4.780000e-03 2.469320e-01
197 7.474280e-01 4.772000e-03 2.478000e-01
198 7.466840e-01 4.656000e-03 2.486600e-01
199 7.459360e-01 4.556000e-03 2.495080e-01
200 7.452600e-01 4.392000e-03 2.503480e-01
201 7.444440e-01 4.416000e-03 2.511400e-01
202 7.437000e-01 4.364000e-03 2.519360e-01
203 7.429840e-01 4.300000e-03 2.527160e-01
204 7.423040e-01 4.248000e-03 2.534480e-01
205 7.415120e-01 4.300000e-03 2.541880e-01
206 7.408640e-01 4.288000e-03 2.548480e-01
207 7.400480e-01 4.372000e-03 2.555800e-01
208 7.392760e-01 4.392000e-03 2.563320e-01
209 7.385200e-01 4.464000e-03 2.570160e-01
210 7.379000e-01 4.356000e-03 2.577440e-01
211 7.372280e-01 4.300000e-03 2.584720e-01
212 7.366440e-01 4.112000e-03 2.592440e-01
213 7.359400e-01 4.108000e-03 2.599520e-01
214 7.353760e-01 4.032000e-03 2.605920e-01
215 7.347320e-01 3.960000e-03 2.613080e-01
216 7.339600e-01 4.052000e-03 2.619880e-01
217 7.331960e-01 4.004000e-03 2.628000e-01
218 7.324440e-01 4.072000e-03 2.634840e-01
219 7.317400e-01 4.044000e-03 2.642160e-01
220 7.310960e-01 3.992000e-03 2.649120e-01
221 7.303920e-01 3.992000e-03 2.656160e-01
222 7.297200e-01 3.980000e-03 2.663000e-01
223 7.290640e-01 3.976000e-03 2.669600e-01
224 7.283840e-01 4.028000e-03 2.675880e-01
225 7.276960e-01 3.968000e-03 2.683360e-01
226 7.270400e-01 3.880000e-03 2.690800e-01
227 7.264080e-01 3.936000e-03 2.696560e-01
228 7.256440e-01 4.080000e-03 2.702760e-01
229 7.250520e-01 3.940000e-03 2.710080e-01
230 7.243920e-01 3.964000e-03 2.716440e-01
231 7.237640e-01 3.896000e-03 2.723400e-01
232 7.231320e-01 3.848000e-03 2.730200e-01
233 7.224040e-01 3.920000e-03 2.736760e-01
234 7.217280e-01 3.920000e-03 2.743520e-01
235 7.210680e-01 3.868000e-03 2.750640e-01
236 7.204280e-01 3.816000e-03 2.757560e-01
237 7.197440e-01 3.824000e-03 2.764320e-01
238 7.189560e-01 3.924000e-03 2.771200e-01
239 7.182160e-01 3.960000e-03 2.778240e-01
240 7.175400e-01 3.880000e-03 2.785800e-01
241 7.169320e-01 3.840000e-03 2.792280e-01
242 7.162680e-01 3.812000e-03 2.799200e-01
243 7.156800e-01 3.748000e-03 2.805720e-01
244 7.150360e-01 3.680000e-03 2.812840e-01
245 7.144040e-01 3.712000e-03 2.818840e-01
246 7.138360e-01 3.552000e-03 2.826120e-01
247 7.132280e-01 3.524000e-03 2.832480e-01
248 7.126520e-01 3.468000e-03 2.838800e-01
249 7.119440e-01 3.524000e-03 2.845320e-01
250 7.114000e-01 3.520000e-03 2.850800e-01
251 7.107880e-01 3.552000e-03 2.856600e-01
252 7.101840e-01 3.504000e-03 2.863120e-01
253 7.095640e-01 3.520000e-03 2.869160e-01
254 7.089560e-01 3.532000e-03 2.875120e-01
255 7.083080e-01 3.580000e-03 2.881120e-01
256 7.077480e-01 3.504000e-03 2.887480e-01
257 7.072320e-01 3.412000e-03 2.893560e-01
258 7.067840e-01 3.248000e-03 2.899680e-01
259 7.061960e-01 3.192000e-03 2.906120e-01
260 7.056320e-01 3.276000e-03 2.910920e-01
261 7.050720e-01 3.232000e-03 2.916960e-01
262 7.046240e-01 3.104000e-03 2.922720e-01
263 7.041720e-01 3.080000e-03 2.927480e-01
264 7.037160e-01 3.012000e-03 2.932720e-01
265 7.032400e-01 3.000000e-03 2.937600e-01
266 7.028120e-01 2.896000e-03 2.942920e-01
267 7.022880e-01 3.004000e-03 2.947080e-01
268 7.018880e-01 2.892000e-03 2.952200e-01
269 7.014400e-01 2.788000e-03 2.957720e-01
270 7.009560e-01 2.796000e-03 2.962480e-01
271 7.004280e-01 2.888000e-03 2.966840e-01
272 6.998720e-01 2.924000e-03 2.972040e-01
273 6.993560e-01 2.912000e-03 2.977320e-01
274 6.989000e-01 2.772000e-03 2.983280e-01
275 6.983600e-01 2.852000e-03 2.987880e-01
276 6.979840e-01 2.756000e-03 2.992600e-01
277 6.975320e-01 2.728000e-03 2.997400e-01
278 6.970960e-01 2.692000e-03 3.002120e-01
279 6.967040e-01 2.588000e-03 3.007080e-01
280 6.962800e-01 2.500000e-03 3.012200e-01
281 6.958600e-01 2.468000e-03 3.016720e-01
282 6.953640e-01 2.476000e-03 3.021600e-01
283 6.949240e-01 2.376000e-03 3.027000e-01
284 6.945600e-01 2.292000e-03 3.031480e-01
285 6.941320e-01 2.360000e-03 3.035080e-01
286 6.937360e-01 2.304000e-03 3.039600e-01
287 6.933320e-01 2.312000e-03 3.043560e-01
288 6.928640e-01 2.360000e-03 3.047760e-01
289 6.923880e-01 2.432000e-03 3.051800e-01
290 6.919520e-01 2.460000e-03 3.055880e-01
291 6.915360e-01 2.468000e-03 3.059960e-01
292 6.910760e-01 2.408000e-03 3.065160e-01
293 6.906920e-01 2.372000e-03 3.069360e-01
294 6.902440e-01 2.432000e-03 3.073240e-01
295 6.898400e-01 2.388000e-03 3.077720e-01
296 6.894160e-01 2.348000e-03 3.082360e-01
297 6.889760e-01 2.444000e-03 3.085800e-01
298 6.885680e-01 2.448000e-03 3.089840e-01
299 6.881120e-01 2.508000e-03 3.093800e-01
300 6.876720e-01 2.504000e-03 3.098240e-01
301 6.872120e-01 2.528000e-03 3.102600e-01
302 6.867680e-01 2.588000e-03 3.106440e-01
303 6.863160e-01 2.572000e-03 3.111120e-01
304 6.857880e-01 2.628000e-03 3.115840e-01
305 6.852840e-01 2.624000e-03 3.120920e-01
306 6.848160e-01 2.672000e-03 3.125120e-01
307 6.843440e-01 2.724000e-03 3.129320e-01
308 6.839000e-01 2.604000e-03 3.134960e-01
309 6.834480e-01 2.596000e-03 3.139560e-01
310 6.830640e-01 2.464000e-03 3.144720e-01
311 6.825880e-01 2.548000e-03 3.148640e-01
312 6.821200e-01 2.528000e-03 3.153520e-01
313 6.817440e-01 2.464000e-03 3.157920e-01
314 6.813520e-01 2.360000e-03 3.162880e-01
315 6.809040e-01 2.320000e-03 3.167760e-01
316 6.804480e-01 2.384000e-03 3.171680e-01
317 6.800760e-01 2.300000e-03 3.176240e-01
318 6.796760e-01 2.284000e-03 3.180400e-01
319 6.793400e-01 2.216000e-03 3.184440e-01
320 6.790280e-01 2.140000e-03 3.188320e-01
321 6.787000e-01 2.068000e-03 3.192320e-01
322 6.783240e-01 2.060000e-03 3.196160e-01
323 6.779400e-01 2.072000e-03 3.199880e-01
324 6.775920e-01 2.076000e-03 3.203320e-01
325 6.771880e-01 2.096000e-03 3.207160e-01
326 6.768560e-01 2.052000e-03 3.210920e-01
327 6.764360e-01 2.140000e-03 3.214240e-01
328 6.759400e-01 2.312000e-03 3.217480e-01
329 6.755520e-01 2.288000e-03 3.221600e-01
330 6.750680e-01 2.336000e-03 3.225960e-01
331 6.746280e-01 2.364000e-03 3.230080e-01
332 6.742640e-01 2.364000e-03 3.233720e-01
333 6.739240e-01 2.228000e-03 3.238480e-01
334 6.735200e-01 2.228000e-03 3.242520e-01
335 6.731840e-01 2.088000e-03 3.247280e-01
336 6.729040e-01 1.932000e-03 3.251640e-01
337 6.725960e-01 1.956000e-03 3.254480e-01
338 6.722840e-01 1.996000e-03 3.257200e-01
339 6.719120e-01 2.048000e-03 3.260400e-01
340 6.716000e-01 1.972000e-03 3.264280e-01
341 6.712480e-01 1.996000e-03 3.267560e-01
342 6.709360e-01 1.972000e-03 3.270920e-01
343 6.705600e-01 1.984000e-03 3.274560e-01
344 6.703120e-01 1.836000e-03 3.278520e-01
345 6.700440e-01 1.800000e-03 3.281560e-01
346 6.697760e-01 1.700000e-03 3.285240e-01
347 6.695440e-01 1.612000e-03 3.288440e-01
348 6.693240e-01 1.588000e-03 3.290880e-01
349 6.690720e-01 1.568000e-03 3.293600e-01
350 6.688840e-01 1.476000e-03 3.296400e-01
351 6.686640e-01 1.456000e-03 3.298800e-01
352 6.684600e-01 1.416000e-03 3.301240e-01
353 6.682520e-01 1.396000e-03 3.303520e-01
354 6.680320e-01 1.376000e-03 3.305920e-01
355 6.678280e-01 1.364000e-03 3.308080e-01
356 6.675880e-01 1.328000e-03 3.310840e-01
357 6.673720e-01 1.336000e-03 3.312920e-01
358 6.671880e-01 1.284000e-03 3.315280e-01
359 6.670120e-01 1.260000e-03 3.317280e-01
360 6.668000e-01 1.264000e-03 3.319360e-01
361 6.665960e-01 1.220000e-03 3.321840e-01
362 6.664440e-01 1.172000e-03 3.323840e-01
363 6.662640e-01 1.152000e-03 3.325840e-01
364 6.661120e-01 1.108000e-03 3.327800e-01
365 6.658680e-01 1.196000e-03 3.329360e-01
366 6.656360e-01 1.228000e-03 3.331360e-01
367 6.654520e-01 1.208000e-03 3.333400e-01
368 6.652200e-01 1.240000e-03 3.335400e-01
369 6.650360e-01 1.232000e-03 3.337320e-01
370 6.648520e-01 1.184000e-03 3.339640e-01
371 6.646560e-01 1.212000e-03 3.341320e-01
372 6.644440e-01 1.228000e-03 3.343280e-01
373 6.642160e-01 1.208000e-03 3.345760e-01
374 6.640400e-01 1.140000e-03 3.348200e-01
375 6.638640e-01 1.136000e-03 3.350000e-01
376 6.636880e-01 1.148000e-03 3.351640e-01
377 6.634280e-01 1.204000e-03 3.353680e-01
378 6.632720e-01 1.120000e-03 3.356080e-01
379 6.631200e-01 1.036000e-03 3.358440e-01
380 6.629440e-01 1.044000e-03 3.360120e-01
381 6.627600e-01 1.056000e-03 3.361840e-01
382 6.624600e-01 1.180000e-03 3.363600e-01
383 6.622120e-01 1.256000e-03 3.365320e-01
384 6.620320e-01 1.196000e-03 3.367720e-01
385 6.618040e-01 1.216000e-03 3.369800e-01
386 6.615560e-01 1.204000e-03 3.372400e-01
387 6.613640e-01 1.204000e-03 3.374320e-01
388 6.612320e-01 1.108000e-03 3.376600e-01
389 6.610280e-01 1.128000e-03 3.378440e-01
390 6.608360e-01 1.144000e-03 3.380200e-01
391 6.606360e-01 1.136000e-03 3.382280e-01
392 6.604840e-01 1.088000e-03 3.384280e-01
393 6.603040e-01 1.056000e-03 3.386400e-01
394 6.601560e-01 1.028000e-03 3.388160e-01
395 6.600280e-01 1.004000e-03 3.389680e-01
396 6.598000e-01 1.060000e-03 3.391400e-01
397 6.595880e-01 1.116000e-03 3.392960e-01
398 6.594080e-01 1.076000e-03 3.395160e-01
399 6.592480e-01 1.000000e-03 3.397520e-01
400 6.590560e-01 1.064000e-03 3.398800e-01
401 6.589200e-01 1.016000e-03 3.400640e-01
402 6.587720e-01 1.000000e-03 3.402280e-01
403 6.585920e-01 1.000000e-03 3.404080e-01
404 6.584000e-01 1.028000e-03 3.405720e-01
405 6.582440e-01 1.048000e-03 3.407080e-01
406 6.580880e-01 9.880000e-04 3.409240e-01
407 6.579280e-01 9.640000e-04 3.411080e-01
408 6.578120e-01 9.160000e-04 3.412720e-01
409 6.576680e-01 8.960000e-04 3.414360e-01
410 6.575200e-01 8.760000e-04 3.416040e-01
411 6.574000e-01 8.360000e-04 3.417640e-01
412 6.572320e-01 8.320000e-04 3.419360e-01
413 6.571000e-01 8.040000e-04 3.420960e-01
414 6.569040e-01 8.600000e-04 3.422360e-01
415 6.567920e-01 8.440000e-04 3.423640e-01
416 6.566520e-01 8.120000e-04 3.425360e-01
417 6.565640e-01 7.400000e-04 3.426960e-01
418 6.564480e-01 7.560000e-04 3.427960e-01
419 6.563200e-01 7.960000e-04 3.428840e-01
420 6.562440e-01 7.520000e-04 3.430040e-01
421 6.561080e-01 7.680000e-04 3.431240e-01
422 6.560200e-01 7.440000e-04 3.432360e-01
423 6.558840e-01 7.600000e-04 3.433560e-01
424 6.557320e-01 7.840000e-04 3.434840e-01
425 6.555840e-01 7.880000e-04 3.436280e-01
426 6.554680e-01 7.800000e-04 3.437520e-01
427 6.553760e-01 7.120000e-04 3.439120e-01
428 6.552240e-01 7.280000e-04 3.440480e-01
429 6.551080e-01 7.040000e-04 3.441880e-01
430 6.550320e-01 6.520000e-04 3.443160e-01
431 6.549640e-01 5.800000e-04 3.444560e-01
432 6.548920e-01 5.720000e-04 3.445360e-01
433 6.547920e-01 5.960000e-04 3.446120e-01
434 6.547000e-01 5.840000e-04 3.447160e-01
435 6.545760e-01 5.880000e-04 3.448360e-01
436 6.544960e-01 5.600000e-04 3.449440e-01
437 6.543800e-01 5.720000e-04 3.450480e-01
438 6.542680e-01 5.720000e-04 3.451600e-01
439 6.541760e-01 5.560000e-04 3.452680e-01
440 6.540560e-01 5.760000e-04 3.453680e-01
441 6.538920e-01 6.160000e-04 3.454920e-01
442 6.538080e-01 5.640000e-04 3.456280e-01
443 6.537440e-01 5.200000e-04 3.457360e-01
444 6.536640e-01 4.880000e-04 3.458480e-01
445 6.535520e-01 5.160000e-04 3.459320e-01
446 6.534560e-01 5.240000e-04 3.460200e-01
447 6.533880e-01 5.120000e-04 3.461000e-01
448 6.532800e-01 5.560000e-04 3.461640e-01
449 6.532320e-01 4.960000e-04 3.462720e-01
450 6.531280e-01 5.160000e-04 3.463560e-01
451 6.530240e-01 5.080000e-04 3.464680e-01
452 6.529720e-01 4.720000e-04 3.465560e-01
453 6.529160e-01 4.600000e-04 3.466240e-01
454 6.528560e-01 4.560000e-04 3.466880e-01
455 6.528120e-01 4.280000e-04 3.467600e-01
456 6.527640e-01 3.840000e-04 3.468520e-01
457 6.527200e-01 3.680000e-04 3.469120e-01
458 6.526400e-01 3.840000e-04 3.469760e-01
459 6.525800e-01 3.600000e-04 3.470600e-01
460 6.525160e-01 3.560000e-04 3.471280e-01
461 6.524640e-01 3.320000e-04 3.472040e-01
462 6.524160e-01 3.280000e-04 3.472560e-01
463 6.523040e-01 3.920000e-04 3.473040e-01
464 6.521960e-01 4.200000e-04 3.473840e-01
465 6.521280e-01 4.360000e-04 3.474360e-01
466 6.520520e-01 4.320000e-04 3.475160e-01
467 6.519640e-01 4.400000e-04 3.475960e-01
468 6.518920e-01 4.520000e-04 3.476560e-01
469 6.518040e-01 4.600000e-04 3.477360e-01
470 6.517160e-01 4.600000e-04 3.478240e-01
471 6.516280e-01 4.840000e-04 3.478880e-01
472 6.515600e-01 4.720000e-04 3.479680e-01
473 6.514360e-01 5.160000e-04 3.480480e-01
474 6.513480e-01 4.760000e-04 3.481760e-01
475 6.512800e-01 4.720000e-04 3.482480e-01
476 6.512160e-01 4.560000e-04 3.483280e-01
477 6.511280e-01 4.840000e-04 3.483880e-01
478 6.510640e-01 4.880000e-04 3.484480e-01
479 6.509840e-01 4.680000e-04 3.485480e-01
480 6.508640e-01 5.080000e-04 3.486280e-01
481 6.507680e-01 5.320000e-04 3.487000e-01
482 6.506360e-01 5.720000e-04 3.487920e-01
483 6.505400e-01 5.520000e-04 3.489080e-01
484 6.504280e-01 5.440000e-04 3.490280e-01
485 6.502920e-01 6.000000e-04 3.491080e-01
486 6.501480e-01 6.160000e-04 3.492360e-01
487 6.500320e-01 6.240000e-04 3.493440e-01
488 6.499320e-01 6.200000e-04 3.494480e-01
489 6.498520e-01 5.840000e-04 3.495640e-01
490 6.497720e-01 5.800000e-04 3.496480e-01
491 6.496720e-01 5.240000e-04 3.498040e-01
492 6.495640e-01 5.720000e-04 3.498640e-01
493 6.494760e-01 5.600000e-04 3.499640e-01
494 6.494240e-01 5.120000e-04 3.500640e-01
495 6.493440e-01 5.200000e-04 3.501360e-01
496 6.492400e-01 5.720000e-04 3.501880e-01
497 6.491600e-01 5.440000e-04 3.502960e-01
498 6.491080e-01 4.840000e-04 3.504080e-01
499 6.490120e-01 4.960000e-04 3.504920e-01
500 6.489560e-01 4.840000e-04 3.505600e-01
