1 9.992480e-01 6.880000e-04 6.400000e-05
2 9.987000e-01 1.092000e-03 2.080000e-04
3 9.980040e-01 1.568000e-03 4.280000e-04
4 9.971960e-01 2.128000e-03 6.760000e-04
5 9.961760e-01 2.664000e-03 1.160000e-03
6 9.952080e-01 3.164000e-03 1.628000e-03
7 9.942160e-01 3.552000e-03 2.232000e-03
8 9.932200e-01 3.904000e-03 2.876000e-03
9 9.920920e-01 4.332000e-03 3.576000e-03
10 9.910040e-01 4.632000e-03 4.364000e-03
11 9.900840e-01 4.712000e-03 5.204000e-03
12 9.888400e-01 5.012000e-03 6.148000e-03
13 9.876920e-01 5.256000e-03 7.052000e-03
14 9.865720e-01 5.376000e-03 8.052000e-03
15 9.856080e-01 5.432000e-03 8.960000e-03
16 9.843840e-01 5.576000e-03 1.004000e-02
17 9.830240e-01 5.924000e-03 1.105200e-02
18 9.816960e-01 6.184000e-03 1.212000e-02
19 9.803640e-01 6.432000e-03 1.320400e-02
20 9.790720e-01 6.612000e-03 1.431600e-02
21 9.776040e-01 6.944000e-03 1.545200e-02
22 9.763160e-01 7.008000e-03 1.667600e-02
23 9.749680e-01 7.072000e-03 1.796000e-02
24 9.735880e-01 7.152000e-03 1.926000e-02
25 9.721800e-01 7.304000e-03 2.051600e-02
26 9.708720e-01 7.412000e-03 2.171600e-02
27 9.694160e-01 7.548000e-03 2.303600e-02
28 9.680120e-01 7.564000e-03 2.442400e-02
29 9.665320e-01 7.736000e-03 2.573200e-02
30 9.651880e-01 7.796000e-03 2.701600e-02
31 9.635480e-01 8.116000e-03 2.833600e-02
32 9.619720e-01 8.200000e-03 2.982800e-02
33 9.604120e-01 8.228000e-03 3.136000e-02
34 9.589400e-01 8.256000e-03 3.280400e-02
35 9.573600e-01 8.312000e-03 3.432800e-02
36 9.557480e-01 8.468000e-03 3.578400e-02
37 9.541160e-01 8.700000e-03 3.718400e-02
38 9.526960e-01 8.556000e-03 3.874800e-02
39 9.509960e-01 8.820000e-03 4.018400e-02
40 9.492720e-01 9.112000e-03 4.161600e-02
41 9.475240e-01 9.268000e-03 4.320800e-02
42 9.460040e-01 9.180000e-03 4.481600e-02
43 9.443480e-01 9.176000e-03 4.647600e-02
44 9.427520e-01 9.004000e-03 4.824400e-02
45 9.409520e-01 9.216000e-03 4.983200e-02
46 9.392360e-01 9.440000e-03 5.132400e-02
47 9.377920e-01 9.236000e-03 5.297200e-02
48 9.363320e-01 9.068000e-03 5.460000e-02
49 9.348280e-01 8.972000e-03 5.620000e-02
50 9.332840e-01 8.928000e-03 5.778800e-02
51 9.318400e-01 8.844000e-03 5.931600e-02
52 9.303800e-01 8.768000e-03 6.085200e-02
53 9.288360e-01 8.812000e-03 6.235200e-02
54 9.273680e-01 8.696000e-03 6.393600e-02
55 9.258080e-01 8.812000e-03 6.538000e-02
56 9.240960e-01 9.028000e-03 6.687600e-02
57 9.224240e-01 9.040000e-03 6.853600e-02
58 9.206960e-01 9.088000e-03 7.021600e-02
59 9.190840e-01 9.260000e-03 7.165600e-02
60 9.173560e-01 9.472000e-03 7.317200e-02
61 9.157080e-01 9.448000e-03 7.484400e-02
62 9.140160e-01 9.388000e-03 7.659600e-02
63 9.124600e-01 9.264000e-03 7.827600e-02
64 9.108840e-01 9.208000e-03 7.990800e-02
65 9.093440e-01 9.212000e-03 8.144400e-02
66 9.077960e-01 9.116000e-03 8.308800e-02
67 9.061480e-01 9.272000e-03 8.458000e-02
68 9.045760e-01 9.360000e-03 8.606400e-02
69 9.028640e-01 9.448000e-03 8.768800e-02
70 9.013040e-01 9.352000e-03 8.934400e-02
71 8.995640e-01 9.536000e-03 9.090000e-02
72 8.977640e-01 9.592000e-03 9.264400e-02
73 8.959000e-01 9.856000e-03 9.424400e-02
74 8.940720e-01 9.944000e-03 9.598400e-02
75 8.921840e-01 1.023200e-02 9.758400e-02
76 8.904600e-01 1.022400e-02 9.931600e-02
77 8.886680e-01 1.036400e-02 1.009680e-01
78 8.869600e-01 1.020400e-02 1.028360e-01
79 8.850600e-01 1.036000e-02 1.045800e-01
80 8.834320e-01 1.024000e-02 1.063280e-01
81 8.816920e-01 1.020400e-02 1.081040e-01
82 8.799840e-01 1.016000e-02 1.098560e-01
83 8.782280e-01 1.019600e-02 1.115760e-01
84 8.764480e-01 1.020000e-02 1.133520e-01
85 8.747640e-01 1.011200e-02 1.151240e-01
86 8.728800e-01 1.027600e-02 1.168440e-01
87 8.710760e-01 1.016800e-02 1.187560e-01
88 8.694480e-01 1.008000e-02 1.204720e-01
89 8.676280e-01 1.013200e-02 1.222400e-01
90 8.659720e-01 9.932000e-03 1.240960e-01
91 8.644520e-01 9.668000e-03 1.258800e-01
92 8.627960e-01 9.624000e-03 1.275800e-01
93 8.612120e-01 9.520000e-03 1.292680e-01
94 8.594960e-01 9.504000e-03 1.310000e-01
95 8.578920e-01 9.344000e-03 1.327640e-01
96 8.564360e-01 9.180000e-03 1.343840e-01
97 8.550720e-01 8.856000e-03 1.360720e-01
98 8.538360e-01 8.620000e-03 1.375440e-01
99 8.525840e-01 8.428000e-03 1.389880e-01
100 8.511040e-01 8.404000e-03 1.404920e-01
101 8.499320e-01 8.216000e-03 1.418520e-01
102 8.485760e-01 8.092000e-03 1.433320e-01
103 8.472600e-01 8.040000e-03 1.447000e-01
104 8.459320e-01 8.016000e-03 1.460520e-01
105 8.446160e-01 7.972000e-03 1.474120e-01
106 8.432480e-01 8.032000e-03 1.487200e-01
107 8.417760e-01 8.160000e-03 1.500640e-01
108 8.402200e-01 8.212000e-03 1.515680e-01
109 8.388800e-01 8.032000e-03 1.530880e-01
110 8.375920e-01 7.972000e-03 1.544360e-01
111 8.363480e-01 7.796000e-03 1.558560e-01
112 8.350920e-01 7.572000e-03 1.573360e-01
113 8.338360e-01 7.452000e-03 1.587120e-01
114 8.325240e-01 7.480000e-03 1.599960e-01
115 8.314080e-01 7.332000e-03 1.612600e-01
116 8.300320e-01 7.436000e-03 1.625320e-01
117 8.288880e-01 7.180000e-03 1.639320e-01
118 8.275440e-01 7.208000e-03 1.652480e-01
119 8.263320e-01 7.248000e-03 1.664200e-01
120 8.250240e-01 7.428000e-03 1.675480e-01
121 8.236680e-01 7.608000e-03 1.687240e-01
122 8.224480e-01 7.488000e-03 1.700640e-01
123 8.210280e-01 7.564000e-03 1.714080e-01
124 8.198120e-01 7.388000e-03 1.728000e-01
125 8.185160e-01 7.360000e-03 1.741240e-01
126 8.172640e-01 7.356000e-03 1.753800e-01
127 8.159840e-01 7.428000e-03 1.765880e-01
128 8.147360e-01 7.476000e-03 1.777880e-01
129 8.133840e-01 7.568000e-03 1.790480e-01
130 8.121200e-01 7.500000e-03 1.803800e-01
131 8.109200e-01 7.348000e-03 1.817320e-01
132 8.098560e-01 7.044000e-03 1.831000e-01
133 8.086760e-01 7.016000e-03 1.843080e-01
134 8.077040e-01 6.804000e-03 1.854920e-01
135 8.064440e-01 6.820000e-03 1.867360e-01
136 8.051040e-01 7.012000e-03 1.878840e-01
137 8.038600e-01 7.080000e-03 1.890600e-01
138 8.026080e-01 7.036000e-03 1.903560e-01
139 8.013680e-01 7.000000e-03 1.916320e-01
140 8.000320e-01 7.092000e-03 1.928760e-01
141 7.985240e-01 7.392000e-03 1.940840e-01
142 7.972360e-01 7.328000e-03 1.954360e-01
143 7.957760e-01 7.684000e-03 1.965400e-01
144 7.943720e-01 7.696000e-03 1.979320e-01
145 7.929480e-01 7.744000e-03 1.993080e-01
146 7.918640e-01 7.584000e-03 2.005520e-01
147 7.907360e-01 7.356000e-03 2.019080e-01
148 7.894960e-01 7.348000e-03 2.031560e-01
149 7.882800e-01 7.352000e-03 2.043680e-01
150 7.871320e-01 7.236000e-03 2.056320e-01
151 7.859200e-01 7.316000e-03 2.067640e-01
152 7.845800e-01 7.328000e-03 2.080920e-01
153 7.833000e-01 7.332000e-03 2.093680e-01
154 7.820240e-01 7.244000e-03 2.107320e-01
155 7.807360e-01 7.312000e-03 2.119520e-01
156 7.794800e-01 7.300000e-03 2.132200e-01
157 7.782640e-01 7.192000e-03 2.145440e-01
158 7.771880e-01 7.052000e-03 2.157600e-01
159 7.760240e-01 6.940000e-03 2.170360e-01
160 7.747880e-01 6.936000e-03 2.182760e-01
161 7.736800e-01 6.872000e-03 2.194480e-01
162 7.726880e-01 6.744000e-03 2.205680e-01
163 7.716520e-01 6.592000e-03 2.217560e-01
164 7.707240e-01 6.328000e-03 2.229480e-01
165 7.697480e-01 6.236000e-03 2.240160e-01
166 7.688120e-01 6.040000e-03 2.251480e-01
167 7.678240e-01 5.916000e-03 2.262600e-01
168 7.669080e-01 5.648000e-03 2.274440e-01
169 7.660240e-01 5.580000e-03 2.283960e-01
170 7.651760e-01 5.484000e-03 2.293400e-01
171 7.643960e-01 5.360000e-03 2.302440e-01
172 7.635520e-01 5.208000e-03 2.312400e-01
173 7.626360e-01 5.196000e-03 2.321680e-01
174 7.618240e-01 5.096000e-03 2.330800e-01
175 7.609360e-01 5.052000e-03 2.340120e-01
176 7.600480e-01 5.000000e-03 2.349520e-01
177 7.593040e-01 4.816000e-03 2.358800e-01
178 7.584080e-01 4.848000e-03 2.367440e-01
179 7.576440e-01 4.668000e-03 2.376880e-01
180 7.567680e-01 4.640000e-03 2.385920e-01
181 7.560800e-01 4.508000e-03 2.394120e-01
182 7.553520e-01 4.460000e-03 2.401880e-01
183 7.545840e-01 4.448000e-03 2.409680e-01
184 7.537680e-01 4.408000e-03 2.418240e-01
185 7.530800e-01 4.328000e-03 2.425920e-01
186 7.522560e-01 4.384000e-03 2.433600e-01
187 7.514040e-01 4.444000e-03 2.441520e-01
188 7.505400e-01 4.544000e-03 2.449160e-01
189 7.498240e-01 4.432000e-03 2.457440e-01
190 7.490440e-01 4.420000e-03 2.465360e-01
191 7.483600e-01 4.348000e-03 2.472920e-01
192 7.476520e-01 4.376000e-03 2.479720e-01
193 7.469080e-01 4.384000e-03 2.487080e-01
194 7.461400e-01 4.372000e-03 2.494880e-01
195 7.454200e-01 4.300000e-03 2.502800e-01
196 7.448240e-01 4.192000e-03 2.509840e-01
197 7.440920e-01 4.056000e-03 2.518520e-01
198 7.433160e-01 4.040000e-03 2.526440e-01
199 7.425920e-01 4.080000e-03 2.533280e-01
200 7.419560e-01 4.040000e-03 2.540040e-01
201 7.412560e-01 4.080000e-03 2.546640e-01
202 7.404440e-01 4.112000e-03 2.554440e-01
203 7.397880e-01 3.972000e-03 2.562400e-01
204 7.390120e-01 3.952000e-03 2.570360e-01
205 7.382680e-01 3.952000e-03 2.577800e-01
206 7.374760e-01 3.968000e-03 2.585560e-01
207 7.366800e-01 4.040000e-03 2.592800e-01
208 7.359640e-01 4.032000e-03 2.600040e-01
209 7.352920e-01 4.012000e-03 2.606960e-01
210 7.344040e-01 4.144000e-03 2.614520e-01
211 7.336000e-01 4.200000e-03 2.622000e-01
212 7.328560e-01 4.164000e-03 2.629800e-01
213 7.321200e-01 4.192000e-03 2.636880e-01
214 7.313600e-01 4.188000e-03 2.644520e-01
215 7.306800e-01 4.128000e-03 2.651920e-01
216 7.299280e-01 4.204000e-03 2.658680e-01
217 7.291520e-01 4.204000e-03 2.666440e-01
218 7.285040e-01 4.152000e-03 2.673440e-01
219 7.278320e-01 4.204000e-03 2.679640e-01
220 7.271640e-01 4.180000e-03 2.686560e-01
221 7.264880e-01 4.108000e-03 2.694040e-01
222 7.257640e-01 4.164000e-03 2.700720e-01
223 7.251200e-01 4.088000e-03 2.707920e-01
224 7.245160e-01 3.948000e-03 2.715360e-01
225 7.237960e-01 3.948000e-03 2.722560e-01
226 7.231280e-01 3.932000e-03 2.729400e-01
227 7.223960e-01 4.060000e-03 2.735440e-01
228 7.218080e-01 4.028000e-03 2.741640e-01
229 7.210560e-01 4.052000e-03 2.748920e-01
230 7.203880e-01 4.056000e-03 2.755560e-01
231 7.197440e-01 3.996000e-03 2.762600e-01
232 7.190840e-01 3.948000e-03 2.769680e-01
233 7.184480e-01 3.904000e-03 2.776480e-01
234 7.178960e-01 3.788000e-03 2.783160e-01
235 7.171960e-01 3.936000e-03 2.788680e-01
236 7.164880e-01 3.872000e-03 2.796400e-01
237 7.157720e-01 3.972000e-03 2.802560e-01
238 7.150960e-01 3.936000e-03 2.809680e-01
239 7.144800e-01 3.896000e-03 2.816240e-01
240 7.137680e-01 3.904000e-03 2.823280e-01
241 7.130920e-01 3.916000e-03 2.829920e-01
242 7.122920e-01 4.104000e-03 2.836040e-01
243 7.115560e-01 4.144000e-03 2.843000e-01
244 7.108360e-01 4.080000e-03 2.850840e-01
245 7.101000e-01 4.040000e-03 2.858600e-01
246 7.092800e-01 4.132000e-03 2.865880e-01
247 7.086080e-01 4.080000e-03 2.873120e-01
248 7.079840e-01 3.976000e-03 2.880400e-01
249 7.072880e-01 4.048000e-03 2.886640e-01
250 7.065600e-01 3.856000e-03 2.895840e-01
251 7.059160e-01 3.840000e-03 2.902440e-01
252 7.052720e-01 3.816000e-03 2.909120e-01
253 7.046280e-01 3.844000e-03 2.915280e-01
254 7.040480e-01 3.816000e-03 2.921360e-01
255 7.034880e-01 3.688000e-03 2.928240e-01
256 7.029080e-01 3.592000e-03 2.935000e-01
257 7.024400e-01 3.432000e-03 2.941280e-01
258 7.019680e-01 3.324000e-03 2.947080e-01
259 7.013840e-01 3.316000e-03 2.953000e-01
260 7.007280e-01 3.408000e-03 2.958640e-01
261 7.000800e-01 3.484000e-03 2.964360e-01
262 6.994800e-01 3.512000e-03 2.970080e-01
263 6.988440e-01 3.508000e-03 2.976480e-01
264 6.983520e-01 3.372000e-03 2.982760e-01
265 6.978640e-01 3.236000e-03 2.989000e-01
266 6.973160e-01 3.232000e-03 2.994520e-01
267 6.967640e-01 3.240000e-03 2.999960e-01
268 6.962080e-01 3.260000e-03 3.005320e-01
269 6.957040e-01 3.220000e-03 3.010760e-01
270 6.952240e-01 3.160000e-03 3.016160e-01
271 6.946560e-01 3.196000e-03 3.021480e-01
272 6.940440e-01 3.260000e-03 3.026960e-01
273 6.936240e-01 3.060000e-03 3.033160e-01
274 6.931440e-01 3.116000e-03 3.037400e-01
275 6.926160e-01 3.020000e-03 3.043640e-01
276 6.921280e-01 2.912000e-03 3.049600e-01
277 6.916800e-01 2.820000e-03 3.055000e-01
278 6.912320e-01 2.792000e-03 3.059760e-01
279 6.907320e-01 2.812000e-03 3.064560e-01
280 6.902200e-01 2.804000e-03 3.069760e-01
281 6.897200e-01 2.828000e-03 3.074520e-01
282 6.893160e-01 2.772000e-03 3.079120e-01
283 6.889400e-01 2.616000e-03 3.084440e-01
284 6.884760e-01 2.692000e-03 3.088320e-01
285 6.880320e-01 2.596000e-03 3.093720e-01
286 6.876840e-01 2.360000e-03 3.099560e-01
287 6.873040e-01 2.376000e-03 3.103200e-01
288 6.869320e-01 2.332000e-03 3.107360e-01
289 6.865800e-01 2.252000e-03 3.111680e-01
290 6.862320e-01 2.220000e-03 3.115480e-01
291 6.858080e-01 2.264000e-03 3.119280e-01
292 6.854200e-01 2.236000e-03 3.123440e-01
293 6.850800e-01 2.208000e-03 3.127120e-01
294 6.847520e-01 2.076000e-03 3.131720e-01
295 6.843960e-01 2.076000e-03 3.135280e-01
296 6.840720e-01 2.024000e-03 3.139040e-01
297 6.837080e-01 2.024000e-03 3.142680e-01
298 6.832800e-01 2.092000e-03 3.146280e-01
299 6.829600e-01 2.028000e-03 3.150120e-01
300 6.826040e-01 2.044000e-03 3.153520e-01
301 6.823160e-01 2.044000e-03 3.156400e-01
302 6.819680e-01 2.036000e-03 3.159960e-01
303 6.816680e-01 2.012000e-03 3.163200e-01
304 6.813840e-01 1.936000e-03 3.166800e-01
305 6.811000e-01 1.848000e-03 3.170520e-01
306 6.808440e-01 1.772000e-03 3.173840e-01
307 6.805440e-01 1.792000e-03 3.176640e-01
308 6.801920e-01 1.856000e-03 3.179520e-01
309 6.799320e-01 1.784000e-03 3.182840e-01
310 6.796680e-01 1.736000e-03 3.185960e-01
311 6.794520e-01 1.552000e-03 3.189960e-01
312 6.791960e-01 1.548000e-03 3.192560e-01
313 6.788720e-01 1.588000e-03 3.195400e-01
314 6.786360e-01 1.564000e-03 3.198000e-01
315 6.783640e-01 1.584000e-03 3.200520e-01
316 6.781560e-01 1.552000e-03 3.202920e-01
317 6.778800e-01 1.528000e-03 3.205920e-01
318 6.775600e-01 1.572000e-03 3.208680e-01
319 6.772760e-01 1.560000e-03 3.211640e-01
320 6.770200e-01 1.500000e-03 3.214800e-01
321 6.767680e-01 1.468000e-03 3.217640e-01
322 6.765120e-01 1.436000e-03 3.220520e-01
323 6.762400e-01 1.488000e-03 3.222720e-01
324 6.759560e-01 1.536000e-03 3.225080e-01
325 6.757360e-01 1.508000e-03 3.227560e-01
326 6.755400e-01 1.452000e-03 3.230080e-01
327 6.753120e-01 1.456000e-03 3.232320e-01
328 6.751320e-01 1.396000e-03 3.234720e-01
329 6.749520e-01 1.328000e-03 3.237200e-01
330 6.748000e-01 1.308000e-03 3.238920e-01
331 6.746080e-01 1.280000e-03 3.241120e-01
332 6.743880e-01 1.288000e-03 3.243240e-01
333 6.742120e-01 1.236000e-03 3.245520e-01
334 6.739960e-01 1.204000e-03 3.248000e-01
335 6.738080e-01 1.152000e-03 3.250400e-01
336 6.736200e-01 1.164000e-03 3.252160e-01
337 6.734760e-01 1.128000e-03 3.253960e-01
338 6.733360e-01 1.036000e-03 3.256280e-01
339 6.731600e-01 1.008000e-03 3.258320e-01
340 6.729560e-01 1.020000e-03 3.260240e-01
341 6.728000e-01 9.800000e-04 3.262200e-01
342 6.726040e-01 1.008000e-03 3.263880e-01
343 6.724560e-01 9.920000e-04 3.265520e-01
344 6.722680e-01 1.000000e-03 3.267320e-01
345 6.721000e-01 9.880000e-04 3.269120e-01
346 6.719240e-01 1.008000e-03 3.270680e-01
347 6.717160e-01 1.024000e-03 3.272600e-01
348 6.715080e-01 1.036000e-03 3.274560e-01
349 6.713080e-01 1.088000e-03 3.276040e-01
350 6.710920e-01 1.116000e-03 3.277920e-01
351 6.709000e-01 1.112000e-03 3.279880e-01
352 6.707080e-01 1.152000e-03 3.281400e-01
353 6.705280e-01 1.112000e-03 3.283600e-01
354 6.703240e-01 1.112000e-03 3.285640e-01
355 6.700760e-01 1.216000e-03 3.287080e-01
356 6.698480e-01 1.244000e-03 3.289080e-01
357 6.696440e-01 1.232000e-03 3.291240e-01
358 6.694360e-01 1.208000e-03 3.293560e-01
359 6.692560e-01 1.152000e-03 3.295920e-01
360 6.690840e-01 1.120000e-03 3.297960e-01
361 6.688960e-01 1.112000e-03 3.299920e-01
362 6.686920e-01 1.140000e-03 3.301680e-01
363 6.684680e-01 1.184000e-03 3.303480e-01
364 6.682840e-01 1.184000e-03 3.305320e-01
365 6.681120e-01 1.108000e-03 3.307800e-01
366 6.679160e-01 1.104000e-03 3.309800e-01
367 6.677720e-01 1.072000e-03 3.311560e-01
368 6.676040e-01 1.084000e-03 3.313120e-01
369 6.674040e-01 1.108000e-03 3.314880e-01
370 6.671520e-01 1.144000e-03 3.317040e-01
371 6.669760e-01 1.108000e-03 3.319160e-01
372 6.668240e-01 1.052000e-03 3.321240e-01
373 6.666000e-01 1.116000e-03 3.322840e-01
374 6.663880e-01 1.112000e-03 3.325000e-01
375 6.662480e-01 1.080000e-03 3.326720e-01
376 6.660680e-01 1.116000e-03 3.328160e-01
377 6.658880e-01 1.088000e-03 3.330240e-01
378 6.657440e-01 1.040000e-03 3.332160e-01
379 6.655840e-01 1.048000e-03 3.333680e-01
380 6.654360e-01 1.008000e-03 3.335560e-01
381 6.652560e-01 1.020000e-03 3.337240e-01
382 6.651000e-01 1.040000e-03 3.338600e-01
383 6.649160e-01 1.044000e-03 3.340400e-01
384 6.647080e-01 1.060000e-03 3.342320e-01
385 6.645000e-01 1.128000e-03 3.343720e-01
386 6.643480e-01 1.096000e-03 3.345560e-01
387 6.642320e-01 1.040000e-03 3.347280e-01
388 6.640720e-01 1.048000e-03 3.348800e-01
389 6.639360e-01 1.008000e-03 3.350560e-01
390 6.637960e-01 1.012000e-03 3.351920e-01
391 6.636440e-01 9.920000e-04 3.353640e-01
392 6.635480e-01 9.640000e-04 3.354880e-01
393 6.634320e-01 8.720000e-04 3.356960e-01
394 6.633360e-01 8.040000e-04 3.358600e-01
395 6.631840e-01 8.280000e-04 3.359880e-01
396 6.630840e-01 7.680000e-04 3.361480e-01
397 6.629840e-01 6.960000e-04 3.363200e-01
398 6.628720e-01 7.200000e-04 3.364080e-01
399 6.627800e-01 6.880000e-04 3.365320e-01
400 6.627080e-01 6.720000e-04 3.366200e-01
401 6.626280e-01 6.440000e-04 3.367280e-01
402 6.625600e-01 5.760000e-04 3.368640e-01
403 6.625040e-01 5.640000e-04 3.369320e-01
404 6.623960e-01 5.760000e-04 3.370280e-01
405 6.623000e-01 5.600000e-04 3.371400e-01
406 6.622160e-01 5.480000e-04 3.372360e-01
407 6.621480e-01 5.240000e-04 3.373280e-01
408 6.620840e-01 4.920000e-04 3.374240e-01
409 6.620160e-01 4.960000e-04 3.374880e-01
410 6.619120e-01 5.080000e-04 3.375800e-01
411 6.618480e-01 4.520000e-04 3.377000e-01
412 6.617880e-01 4.320000e-04 3.377800e-01
413 6.616880e-01 4.560000e-04 3.378560e-01
414 6.616160e-01 4.760000e-04 3.379080e-01
415 6.615280e-01 4.640000e-04 3.380080e-01
416 6.614320e-01 4.960000e-04 3.380720e-01
417 6.613240e-01 5.080000e-04 3.381680e-01
418 6.612120e-01 5.320000e-04 3.382560e-01
419 6.611120e-01 5.360000e-04 3.383520e-01
420 6.610200e-01 5.480000e-04 3.384320e-01
421 6.609480e-01 5.560000e-04 3.384960e-01
422 6.608600e-01 5.040000e-04 3.386360e-01
423 6.607360e-01 5.360000e-04 3.387280e-01
424 6.606800e-01 4.760000e-04 3.388440e-01
425 6.606160e-01 4.400000e-04 3.389440e-01
426 6.605360e-01 4.520000e-04 3.390120e-01
427 6.604680e-01 4.320000e-04 3.391000e-01
428 6.604120e-01 4.160000e-04 3.391720e-01
429 6.603280e-01 4.440000e-04 3.392280e-01
430 6.602320e-01 4.560000e-04 3.393120e-01
431 6.601800e-01 4.320000e-04 3.393880e-01
432 6.601080e-01 4.200000e-04 3.394720e-01
433 6.600640e-01 3.840000e-04 3.395520e-01
434 6.599840e-01 3.840000e-04 3.396320e-01
435 6.599240e-01 4.000000e-04 3.396760e-01
436 6.598440e-01 4.120000e-04 3.397440e-01
437 6.598120e-01 3.760000e-04 3.398120e-01
438 6.597160e-01 4.280000e-04 3.398560e-01
439 6.596040e-01 4.400000e-04 3.399560e-01
440 6.595200e-01 4.160000e-04 3.400640e-01
441 6.594280e-01 4.320000e-04 3.401400e-01
442 6.593680e-01 4.280000e-04 3.402040e-01
443 6.592720e-01 4.520000e-04 3.402760e-01
444 6.591800e-01 4.560000e-04 3.403640e-01
445 6.590720e-01 4.840000e-04 3.404440e-01
446 6.589840e-01 5.040000e-04 3.405120e-01
447 6.588920e-01 4.640000e-04 3.406440e-01
448 6.588040e-01 4.960000e-04 3.407000e-01
449 6.587200e-01 4.520000e-04 3.408280e-01
450 6.586320e-01 4.640000e-04 3.409040e-01
451 6.585240e-01 5.080000e-04 3.409680e-01
452 6.584320e-01 5.040000e-04 3.410640e-01
453 6.583400e-01 4.960000e-04 3.411640e-01
454 6.582720e-01 4.600000e-04 3.412680e-01
455 6.582000e-01 4.320000e-04 3.413680e-01
456 6.581320e-01 4.280000e-04 3.414400e-01
457 6.580440e-01 4.440000e-04 3.415120e-01
458 6.579280e-01 4.840000e-04 3.415880e-01
459 6.578520e-01 5.000000e-04 3.416480e-01
460 6.577400e-01 5.240000e-04 3.417360e-01
461 6.576080e-01 5.480000e-04 3.418440e-01
462 6.574760e-01 5.680000e-04 3.419560e-01
463 6.572960e-01 6.480000e-04 3.420560e-01
464 6.571720e-01 6.440000e-04 3.421840e-01
465 6.570360e-01 6.400000e-04 3.423240e-01
466 6.569320e-01 6.200000e-04 3.424480e-01
467 6.568520e-01 5.560000e-04 3.425920e-01
468 6.567920e-01 5.000000e-04 3.427080e-01
469 6.567000e-01 4.960000e-04 3.428040e-01
470 6.566040e-01 4.880000e-04 3.429080e-01
471 6.565560e-01 4.480000e-04 3.429960e-01
472 6.564720e-01 4.400000e-04 3.430880e-01
473 6.563960e-01 4.560000e-04 3.431480e-01
474 6.563040e-01 4.920000e-04 3.432040e-01
475 6.562000e-01 5.120000e-04 3.432880e-01
476 6.561000e-01 5.240000e-04 3.433760e-01
477 6.560000e-01 5.640000e-04 3.434360e-01
478 6.559000e-01 5.480000e-04 3.435520e-01
479 6.557400e-01 6.240000e-04 3.436360e-01
480 6.555840e-01 6.720000e-04 3.437440e-01
481 6.554240e-01 7.200000e-04 3.438560e-01
482 6.553040e-01 7.040000e-04 3.439920e-01
483 6.551800e-01 7.080000e-04 3.441120e-01
484 6.550400e-01 7.000000e-04 3.442600e-01
485 6.548960e-01 7.360000e-04 3.443680e-01
486 6.547320e-01 7.520000e-04 3.445160e-01
487 6.545880e-01 8.000000e-04 3.446120e-01
488 6.544120e-01 8.720000e-04 3.447160e-01
489 6.542160e-01 9.280000e-04 3.448560e-01
490 6.540400e-01 9.520000e-04 3.450080e-01
491 6.538400e-01 9.680000e-04 3.451920e-01
492 6.537240e-01 9.120000e-04 3.453640e-01
493 6.536080e-01 8.880000e-04 3.455040e-01
494 6.534320e-01 8.840000e-04 3.456840e-01
495 6.532680e-01 8.960000e-04 3.458360e-01
496 6.531240e-01 9.200000e-04 3.459560e-01
497 6.530040e-01 8.880000e-04 3.461080e-01
498 6.528800e-01 9.040000e-04 3.462160e-01
499 6.527080e-01 8.680000e-04 3.464240e-01
500 6.525880e-01 8.360000e-04 3.465760e-01
