1 9.992080e-01 7.040000e-04 8.800000e-05
2 9.987200e-01 1.020000e-03 2.600000e-04
3 9.982040e-01 1.308000e-03 4.880000e-04
4 9.975720e-01 1.656000e-03 7.720000e-04
5 9.968680e-01 2.064000e-03 1.068000e-03
6 9.960160e-01 2.512000e-03 1.472000e-03
7 9.952640e-01 2.772000e-03 1.964000e-03
8 9.944320e-01 3.084000e-03 2.484000e-03
9 9.937480e-01 3.176000e-03 3.076000e-03
10 9.928800e-01 3.496000e-03 3.624000e-03
11 9.920320e-01 3.636000e-03 4.332000e-03
12 9.911160e-01 3.860000e-03 5.024000e-03
13 9.901200e-01 4.056000e-03 5.824000e-03
14 9.890280e-01 4.392000e-03 6.580000e-03
15 9.879960e-01 4.624000e-03 7.380000e-03
16 9.870280e-01 4.804000e-03 8.168000e-03
17 9.860400e-01 4.912000e-03 9.048000e-03
18 9.849440e-01 5.132000e-03 9.924000e-03
19 9.837960e-01 5.352000e-03 1.085200e-02
20 9.827000e-01 5.456000e-03 1.184400e-02
21 9.815160e-01 5.692000e-03 1.279200e-02
22 9.804720e-01 5.744000e-03 1.378400e-02
23 9.791440e-01 6.108000e-03 1.474800e-02
24 9.779880e-01 6.112000e-03 1.590000e-02
25 9.766040e-01 6.460000e-03 1.693600e-02
26 9.753280e-01 6.588000e-03 1.808400e-02
27 9.741040e-01 6.752000e-03 1.914400e-02
28 9.726880e-01 6.956000e-03 2.035600e-02
29 9.712280e-01 7.220000e-03 2.155200e-02
30 9.698520e-01 7.264000e-03 2.288400e-02
31 9.683200e-01 7.456000e-03 2.422400e-02
32 9.666920e-01 7.696000e-03 2.561200e-02
33 9.653800e-01 7.720000e-03 2.690000e-02
34 9.639800e-01 7.800000e-03 2.822000e-02
35 9.623880e-01 7.872000e-03 2.974000e-02
36 9.608400e-01 8.112000e-03 3.104800e-02
37 9.592840e-01 8.340000e-03 3.237600e-02
38 9.577440e-01 8.456000e-03 3.380000e-02
39 9.561360e-01 8.500000e-03 3.536400e-02
40 9.546560e-01 8.596000e-03 3.674800e-02
41 9.530720e-01 8.656000e-03 3.827200e-02
42 9.515920e-01 8.632000e-03 3.977600e-02
43 9.500560e-01 8.596000e-03 4.134800e-02
44 9.486040e-01 8.460000e-03 4.293600e-02
45 9.471000e-01 8.512000e-03 4.438800e-02
46 9.455520e-01 8.536000e-03 4.591200e-02
47 9.441920e-01 8.420000e-03 4.738800e-02
48 9.426640e-01 8.368000e-03 4.896800e-02
49 9.412240e-01 8.408000e-03 5.036800e-02
50 9.399680e-01 8.200000e-03 5.183200e-02
51 9.385960e-01 8.300000e-03 5.310400e-02
52 9.372400e-01 8.108000e-03 5.465200e-02
53 9.358480e-01 8.016000e-03 5.613600e-02
54 9.345240e-01 7.936000e-03 5.754000e-02
55 9.331840e-01 7.972000e-03 5.884400e-02
56 9.318960e-01 7.832000e-03 6.027200e-02
57 9.306600e-01 7.760000e-03 6.158000e-02
58 9.291480e-01 8.004000e-03 6.284800e-02
59 9.278320e-01 7.952000e-03 6.421600e-02
60 9.263760e-01 7.968000e-03 6.565600e-02
61 9.248440e-01 8.084000e-03 6.707200e-02
62 9.235040e-01 8.064000e-03 6.843200e-02
63 9.219680e-01 8.028000e-03 7.000400e-02
64 9.204320e-01 8.168000e-03 7.140000e-02
65 9.188920e-01 8.244000e-03 7.286400e-02
66 9.172040e-01 8.452000e-03 7.434400e-02
67 9.155400e-01 8.556000e-03 7.590400e-02
68 9.140760e-01 8.516000e-03 7.740800e-02
69 9.126440e-01 8.320000e-03 7.903600e-02
70 9.111280e-01 8.384000e-03 8.048800e-02
71 9.095160e-01 8.584000e-03 8.190000e-02
72 9.080640e-01 8.692000e-03 8.324400e-02
73 9.065200e-01 8.740000e-03 8.474000e-02
74 9.050760e-01 8.628000e-03 8.629600e-02
75 9.036200e-01 8.544000e-03 8.783600e-02
76 9.021040e-01 8.612000e-03 8.928400e-02
77 9.005560e-01 8.668000e-03 9.077600e-02
78 8.991480e-01 8.532000e-03 9.232000e-02
79 8.976120e-01 8.648000e-03 9.374000e-02
80 8.959600e-01 8.724000e-03 9.531600e-02
81 8.943960e-01 8.904000e-03 9.670000e-02
82 8.928600e-01 8.932000e-03 9.820800e-02
83 8.912200e-01 8.968000e-03 9.981200e-02
84 8.896440e-01 9.048000e-03 1.013080e-01
85 8.880920e-01 8.812000e-03 1.030960e-01
86 8.866760e-01 8.740000e-03 1.045840e-01
87 8.851240e-01 8.796000e-03 1.060800e-01
88 8.836880e-01 8.708000e-03 1.076040e-01
89 8.823360e-01 8.496000e-03 1.091680e-01
90 8.809480e-01 8.368000e-03 1.106840e-01
91 8.794760e-01 8.464000e-03 1.120600e-01
92 8.779600e-01 8.428000e-03 1.136120e-01
93 8.763680e-01 8.616000e-03 1.150160e-01
94 8.747960e-01 8.800000e-03 1.164040e-01
95 8.731040e-01 9.040000e-03 1.178560e-01
96 8.715640e-01 8.996000e-03 1.194400e-01
97 8.698800e-01 9.068000e-03 1.210520e-01
98 8.683600e-01 9.016000e-03 1.226240e-01
99 8.669080e-01 8.920000e-03 1.241720e-01
100 8.653240e-01 8.916000e-03 1.257600e-01
101 8.638160e-01 8.976000e-03 1.272080e-01
102 8.624600e-01 8.784000e-03 1.287560e-01
103 8.609520e-01 8.760000e-03 1.302880e-01
104 8.594280e-01 8.752000e-03 1.318200e-01
105 8.578880e-01 8.592000e-03 1.335200e-01
106 8.564480e-01 8.632000e-03 1.349200e-01
107 8.550560e-01 8.516000e-03 1.364280e-01
108 8.537000e-01 8.440000e-03 1.378600e-01
109 8.522440e-01 8.456000e-03 1.393000e-01
110 8.509200e-01 8.284000e-03 1.407960e-01
111 8.493440e-01 8.464000e-03 1.421920e-01
112 8.480280e-01 8.248000e-03 1.437240e-01
113 8.466560e-01 8.164000e-03 1.451800e-01
114 8.453800e-01 8.080000e-03 1.465400e-01
115 8.441160e-01 7.952000e-03 1.479320e-01
116 8.430120e-01 7.608000e-03 1.493800e-01
117 8.417680e-01 7.592000e-03 1.506400e-01
118 8.405760e-01 7.468000e-03 1.519560e-01
119 8.393720e-01 7.376000e-03 1.532520e-01
120 8.381880e-01 7.284000e-03 1.545280e-01
121 8.370240e-01 7.152000e-03 1.558240e-01
122 8.358920e-01 6.932000e-03 1.571760e-01
123 8.347400e-01 6.892000e-03 1.583680e-01
124 8.335760e-01 6.924000e-03 1.595000e-01
125 8.324560e-01 6.856000e-03 1.606880e-01
126 8.312800e-01 6.820000e-03 1.619000e-01
127 8.300800e-01 6.824000e-03 1.630960e-01
128 8.290520e-01 6.628000e-03 1.643200e-01
129 8.279560e-01 6.592000e-03 1.654520e-01
130 8.268640e-01 6.532000e-03 1.666040e-01
131 8.257040e-01 6.520000e-03 1.677760e-01
132 8.245280e-01 6.500000e-03 1.689720e-01
133 8.234000e-01 6.420000e-03 1.701800e-01
134 8.222560e-01 6.480000e-03 1.712640e-01
135 8.212360e-01 6.392000e-03 1.723720e-01
136 8.202080e-01 6.368000e-03 1.734240e-01
137 8.192560e-01 6.288000e-03 1.744560e-01
138 8.183040e-01 6.148000e-03 1.755480e-01
139 8.172880e-01 6.048000e-03 1.766640e-01
140 8.163600e-01 5.960000e-03 1.776800e-01
141 8.154000e-01 6.044000e-03 1.785560e-01
142 8.144480e-01 6.052000e-03 1.795000e-01
143 8.135760e-01 5.824000e-03 1.806000e-01
144 8.125840e-01 5.816000e-03 1.816000e-01
145 8.116280e-01 5.844000e-03 1.825280e-01
146 8.106040e-01 5.832000e-03 1.835640e-01
147 8.096360e-01 5.752000e-03 1.846120e-01
148 8.085520e-01 5.804000e-03 1.856440e-01
149 8.075560e-01 5.816000e-03 1.866280e-01
150 8.064880e-01 5.876000e-03 1.876360e-01
151 8.054760e-01 5.784000e-03 1.887400e-01
152 8.044880e-01 5.776000e-03 1.897360e-01
153 8.035080e-01 5.712000e-03 1.907800e-01
154 8.025880e-01 5.636000e-03 1.917760e-01
155 8.016360e-01 5.520000e-03 1.928440e-01
156 8.007000e-01 5.364000e-03 1.939360e-01
157 7.998240e-01 5.312000e-03 1.948640e-01
158 7.988720e-01 5.340000e-03 1.957880e-01
159 7.978240e-01 5.372000e-03 1.968040e-01
160 7.968600e-01 5.396000e-03 1.977440e-01
161 7.959520e-01 5.216000e-03 1.988320e-01
162 7.949640e-01 5.272000e-03 1.997640e-01
163 7.939960e-01 5.184000e-03 2.008200e-01
164 7.931000e-01 5.128000e-03 2.017720e-01
165 7.922160e-01 5.112000e-03 2.026720e-01
166 7.913560e-01 5.060000e-03 2.035840e-01
167 7.905080e-01 5.036000e-03 2.044560e-01
168 7.895560e-01 5.112000e-03 2.053320e-01
169 7.884760e-01 5.384000e-03 2.061400e-01
170 7.874440e-01 5.500000e-03 2.070560e-01
171 7.863600e-01 5.628000e-03 2.080120e-01
172 7.853240e-01 5.716000e-03 2.089600e-01
173 7.844000e-01 5.632000e-03 2.099680e-01
174 7.834640e-01 5.592000e-03 2.109440e-01
175 7.825240e-01 5.460000e-03 2.120160e-01
176 7.816000e-01 5.308000e-03 2.130920e-01
177 7.805920e-01 5.364000e-03 2.140440e-01
178 7.797000e-01 5.268000e-03 2.150320e-01
179 7.788200e-01 5.160000e-03 2.160200e-01
180 7.777800e-01 5.240000e-03 2.169800e-01
181 7.768960e-01 5.236000e-03 2.178680e-01
182 7.759400e-01 5.232000e-03 2.188280e-01
183 7.749400e-01 5.332000e-03 2.197280e-01
184 7.741080e-01 5.300000e-03 2.205920e-01
185 7.732320e-01 5.280000e-03 2.214880e-01
186 7.723080e-01 5.264000e-03 2.224280e-01
187 7.713800e-01 5.348000e-03 2.232720e-01
188 7.704160e-01 5.272000e-03 2.243120e-01
189 7.695520e-01 5.172000e-03 2.252760e-01
190 7.686640e-01 5.084000e-03 2.262520e-01
191 7.678480e-01 4.996000e-03 2.271560e-01
192 7.669800e-01 4.948000e-03 2.280720e-01
193 7.660400e-01 5.028000e-03 2.289320e-01
194 7.652080e-01 4.976000e-03 2.298160e-01
195 7.642640e-01 5.088000e-03 2.306480e-01
196 7.633920e-01 5.024000e-03 2.315840e-01
197 7.624880e-01 5.068000e-03 2.324440e-01
198 7.617000e-01 5.016000e-03 2.332840e-01
199 7.609240e-01 4.920000e-03 2.341560e-01
200 7.601280e-01 4.964000e-03 2.349080e-01
201 7.592920e-01 4.888000e-03 2.358200e-01
202 7.584440e-01 4.944000e-03 2.366120e-01
203 7.576040e-01 4.848000e-03 2.375480e-01
204 7.568320e-01 4.712000e-03 2.384560e-01
205 7.560280e-01 4.752000e-03 2.392200e-01
206 7.553320e-01 4.644000e-03 2.400240e-01
207 7.545320e-01 4.608000e-03 2.408600e-01
208 7.538240e-01 4.504000e-03 2.416720e-01
209 7.530400e-01 4.516000e-03 2.424440e-01
210 7.521880e-01 4.628000e-03 2.431840e-01
211 7.513000e-01 4.688000e-03 2.440120e-01
212 7.505120e-01 4.624000e-03 2.448640e-01
213 7.498240e-01 4.496000e-03 2.456800e-01
214 7.490000e-01 4.540000e-03 2.464600e-01
215 7.481080e-01 4.764000e-03 2.471280e-01
216 7.474280e-01 4.728000e-03 2.478440e-01
217 7.467960e-01 4.472000e-03 2.487320e-01
218 7.461240e-01 4.296000e-03 2.495800e-01
219 7.455560e-01 4.096000e-03 2.503480e-01
220 7.449520e-01 4.000000e-03 2.510480e-01
221 7.442040e-01 4.064000e-03 2.517320e-01
222 7.436160e-01 3.944000e-03 2.524400e-01
223 7.430080e-01 3.956000e-03 2.530360e-01
224 7.422840e-01 3.976000e-03 2.537400e-01
225 7.415720e-01 3.912000e-03 2.545160e-01
226 7.407440e-01 4.096000e-03 2.551600e-01
227 7.399240e-01 4.132000e-03 2.559440e-01
228 7.391360e-01 4.104000e-03 2.567600e-01
229 7.384560e-01 4.072000e-03 2.574720e-01
230 7.378840e-01 3.872000e-03 2.582440e-01
231 7.373120e-01 3.812000e-03 2.588760e-01
232 7.367000e-01 3.784000e-03 2.595160e-01
233 7.361480e-01 3.656000e-03 2.601960e-01
234 7.355360e-01 3.608000e-03 2.608560e-01
235 7.348880e-01 3.544000e-03 2.615680e-01
236 7.341520e-01 3.688000e-03 2.621600e-01
237 7.334720e-01 3.720000e-03 2.628080e-01
238 7.328720e-01 3.720000e-03 2.634080e-01
239 7.322040e-01 3.704000e-03 2.640920e-01
240 7.315680e-01 3.688000e-03 2.647440e-01
241 7.309840e-01 3.636000e-03 2.653800e-01
242 7.304680e-01 3.548000e-03 2.659840e-01
243 7.299440e-01 3.452000e-03 2.666040e-01
244 7.294120e-01 3.380000e-03 2.672080e-01
245 7.288600e-01 3.332000e-03 2.678080e-01
246 7.283080e-01 3.228000e-03 2.684640e-01
247 7.278040e-01 3.180000e-03 2.690160e-01
248 7.273800e-01 3.088000e-03 2.695320e-01
249 7.269200e-01 3.020000e-03 2.700600e-01
250 7.264560e-01 2.960000e-03 2.705840e-01
251 7.259840e-01 2.860000e-03 2.711560e-01
252 7.254720e-01 2.852000e-03 2.716760e-01
253 7.249360e-01 2.828000e-03 2.722360e-01
254 7.244760e-01 2.788000e-03 2.727360e-01
255 7.240280e-01 2.760000e-03 2.732120e-01
256 7.235840e-01 2.760000e-03 2.736560e-01
257 7.230640e-01 2.776000e-03 2.741600e-01
258 7.226920e-01 2.644000e-03 2.746640e-01
259 7.222320e-01 2.640000e-03 2.751280e-01
260 7.218160e-01 2.572000e-03 2.756120e-01
261 7.213440e-01 2.560000e-03 2.760960e-01
262 7.207760e-01 2.752000e-03 2.764720e-01
263 7.202680e-01 2.780000e-03 2.769520e-01
264 7.198800e-01 2.640000e-03 2.774800e-01
265 7.195160e-01 2.520000e-03 2.779640e-01
266 7.190440e-01 2.528000e-03 2.784280e-01
267 7.186320e-01 2.480000e-03 2.788880e-01
268 7.182360e-01 2.436000e-03 2.793280e-01
269 7.177800e-01 2.432000e-03 2.797880e-01
270 7.174160e-01 2.392000e-03 2.801920e-01
271 7.170120e-01 2.412000e-03 2.805760e-01
272 7.166760e-01 2.372000e-03 2.809520e-01
273 7.162960e-01 2.320000e-03 2.813840e-01
274 7.159600e-01 2.212000e-03 2.818280e-01
275 7.156680e-01 2.152000e-03 2.821800e-01
276 7.153440e-01 2.056000e-03 2.826000e-01
277 7.150880e-01 1.964000e-03 2.829480e-01
278 7.147680e-01 1.936000e-03 2.832960e-01
279 7.144120e-01 1.972000e-03 2.836160e-01
280 7.140920e-01 1.936000e-03 2.839720e-01
281 7.136000e-01 2.124000e-03 2.842760e-01
282 7.131560e-01 2.192000e-03 2.846520e-01
283 7.128000e-01 2.144000e-03 2.850560e-01
284 7.124000e-01 2.140000e-03 2.854600e-01
285 7.119480e-01 2.180000e-03 2.858720e-01
286 7.116280e-01 2.092000e-03 2.862800e-01
287 7.112560e-01 2.104000e-03 2.866400e-01
288 7.109560e-01 2.020000e-03 2.870240e-01
289 7.106040e-01 1.992000e-03 2.874040e-01
290 7.103080e-01 1.952000e-03 2.877400e-01
291 7.099880e-01 1.968000e-03 2.880440e-01
292 7.096680e-01 1.928000e-03 2.884040e-01
293 7.094120e-01 1.840000e-03 2.887480e-01
294 7.091400e-01 1.808000e-03 2.890520e-01
295 7.088800e-01 1.760000e-03 2.893600e-01
296 7.085520e-01 1.792000e-03 2.896560e-01
297 7.082360e-01 1.860000e-03 2.899040e-01
298 7.079400e-01 1.812000e-03 2.902480e-01
299 7.076000e-01 1.856000e-03 2.905440e-01
300 7.073760e-01 1.748000e-03 2.908760e-01
301 7.070600e-01 1.764000e-03 2.911760e-01
302 7.067040e-01 1.812000e-03 2.914840e-01
303 7.063440e-01 1.896000e-03 2.917600e-01
304 7.059760e-01 1.908000e-03 2.921160e-01
305 7.056240e-01 1.980000e-03 2.923960e-01
306 7.052640e-01 1.924000e-03 2.928120e-01
307 7.049920e-01 1.864000e-03 2.931440e-01
308 7.047200e-01 1.768000e-03 2.935120e-01
309 7.044160e-01 1.744000e-03 2.938400e-01
310 7.040920e-01 1.724000e-03 2.941840e-01
311 7.038240e-01 1.648000e-03 2.945280e-01
312 7.035600e-01 1.620000e-03 2.948200e-01
313 7.032680e-01 1.652000e-03 2.950800e-01
314 7.029960e-01 1.608000e-03 2.953960e-01
315 7.027240e-01 1.616000e-03 2.956600e-01
316 7.024040e-01 1.656000e-03 2.959400e-01
317 7.020920e-01 1.680000e-03 2.962280e-01
318 7.018040e-01 1.680000e-03 2.965160e-01
319 7.015480e-01 1.604000e-03 2.968480e-01
320 7.012680e-01 1.584000e-03 2.971480e-01
321 7.009280e-01 1.624000e-03 2.974480e-01
322 7.006040e-01 1.608000e-03 2.977880e-01
323 7.003400e-01 1.572000e-03 2.980880e-01
324 7.000040e-01 1.640000e-03 2.983560e-01
325 6.996920e-01 1.704000e-03 2.986040e-01
326 6.993960e-01 1.708000e-03 2.988960e-01
327 6.990400e-01 1.692000e-03 2.992680e-01
328 6.986080e-01 1.824000e-03 2.995680e-01
329 6.982840e-01 1.812000e-03 2.999040e-01
330 6.979680e-01 1.772000e-03 3.002600e-01
331 6.976080e-01 1.820000e-03 3.005720e-01
332 6.972440e-01 1.876000e-03 3.008800e-01
333 6.969640e-01 1.840000e-03 3.011960e-01
334 6.965840e-01 1.844000e-03 3.015720e-01
335 6.962800e-01 1.816000e-03 3.019040e-01
336 6.959400e-01 1.840000e-03 3.022200e-01
337 6.956640e-01 1.780000e-03 3.025560e-01
338 6.952760e-01 1.840000e-03 3.028840e-01
339 6.949560e-01 1.780000e-03 3.032640e-01
340 6.946240e-01 1.800000e-03 3.035760e-01
341 6.942760e-01 1.808000e-03 3.039160e-01
342 6.938200e-01 1.940000e-03 3.042400e-01
343 6.934920e-01 1.952000e-03 3.045560e-01
344 6.930920e-01 2.012000e-03 3.048960e-01
345 6.927200e-01 2.072000e-03 3.052080e-01
346 6.923160e-01 2.144000e-03 3.055400e-01
347 6.918960e-01 2.196000e-03 3.059080e-01
348 6.915720e-01 2.144000e-03 3.062840e-01
349 6.912440e-01 2.088000e-03 3.066680e-01
350 6.908960e-01 2.056000e-03 3.070480e-01
351 6.906120e-01 1.944000e-03 3.074440e-01
352 6.903200e-01 1.864000e-03 3.078160e-01
353 6.900520e-01 1.768000e-03 3.081800e-01
354 6.898000e-01 1.700000e-03 3.085000e-01
355 6.894840e-01 1.716000e-03 3.088000e-01
356 6.892360e-01 1.644000e-03 3.091200e-01
357 6.889280e-01 1.668000e-03 3.094040e-01
358 6.886560e-01 1.648000e-03 3.096960e-01
359 6.884000e-01 1.604000e-03 3.099960e-01
360 6.881080e-01 1.632000e-03 3.102600e-01
361 6.877640e-01 1.716000e-03 3.105200e-01
362 6.874360e-01 1.732000e-03 3.108320e-01
363 6.871480e-01 1.716000e-03 3.111360e-01
364 6.867840e-01 1.772000e-03 3.114440e-01
365 6.864720e-01 1.732000e-03 3.117960e-01
366 6.861320e-01 1.804000e-03 3.120640e-01
367 6.857360e-01 1.860000e-03 3.124040e-01
368 6.854240e-01 1.852000e-03 3.127240e-01
369 6.851040e-01 1.868000e-03 3.130280e-01
370 6.847440e-01 1.944000e-03 3.133120e-01
371 6.844400e-01 1.916000e-03 3.136440e-01
372 6.841440e-01 1.944000e-03 3.139120e-01
373 6.838320e-01 1.904000e-03 3.142640e-01
374 6.835280e-01 1.848000e-03 3.146240e-01
375 6.832800e-01 1.728000e-03 3.149920e-01
376 6.830320e-01 1.708000e-03 3.152600e-01
377 6.827760e-01 1.708000e-03 3.155160e-01
378 6.825360e-01 1.632000e-03 3.158320e-01
379 6.822760e-01 1.524000e-03 3.162000e-01
380 6.820480e-01 1.452000e-03 3.165000e-01
381 6.817960e-01 1.508000e-03 3.166960e-01
382 6.815600e-01 1.484000e-03 3.169560e-01
383 6.812880e-01 1.532000e-03 3.171800e-01
384 6.810560e-01 1.504000e-03 3.174400e-01
385 6.807920e-01 1.488000e-03 3.177200e-01
386 6.805760e-01 1.464000e-03 3.179600e-01
387 6.802880e-01 1.528000e-03 3.181840e-01
388 6.800400e-01 1.564000e-03 3.183960e-01
389 6.798680e-01 1.432000e-03 3.187000e-01
390 6.796480e-01 1.404000e-03 3.189480e-01
391 6.794320e-01 1.340000e-03 3.192280e-01
392 6.792320e-01 1.280000e-03 3.194880e-01
393 6.790280e-01 1.260000e-03 3.197120e-01
394 6.788680e-01 1.196000e-03 3.199360e-01
395 6.787080e-01 1.148000e-03 3.201440e-01
396 6.784960e-01 1.120000e-03 3.203840e-01
397 6.782280e-01 1.188000e-03 3.205840e-01
398 6.779960e-01 1.192000e-03 3.208120e-01
399 6.777880e-01 1.188000e-03 3.210240e-01
400 6.775840e-01 1.188000e-03 3.212280e-01
401 6.773920e-01 1.172000e-03 3.214360e-01
402 6.772080e-01 1.160000e-03 3.216320e-01
403 6.769920e-01 1.192000e-03 3.218160e-01
404 6.768280e-01 1.128000e-03 3.220440e-01
405 6.766520e-01 1.144000e-03 3.222040e-01
406 6.764720e-01 1.148000e-03 3.223800e-01
407 6.762520e-01 1.148000e-03 3.226000e-01
408 6.761080e-01 1.108000e-03 3.227840e-01
409 6.759080e-01 1.100000e-03 3.229920e-01
410 6.756920e-01 1.128000e-03 3.231800e-01
411 6.754840e-01 1.156000e-03 3.233600e-01
412 6.752840e-01 1.180000e-03 3.235360e-01
413 6.750400e-01 1.184000e-03 3.237760e-01
414 6.748120e-01 1.224000e-03 3.239640e-01
415 6.745600e-01 1.280000e-03 3.241600e-01
416 6.742720e-01 1.312000e-03 3.244160e-01
417 6.740520e-01 1.292000e-03 3.246560e-01
418 6.738360e-01 1.304000e-03 3.248600e-01
419 6.736000e-01 1.296000e-03 3.251040e-01
420 6.733400e-01 1.312000e-03 3.253480e-01
421 6.731640e-01 1.292000e-03 3.255440e-01
422 6.728960e-01 1.352000e-03 3.257520e-01
423 6.726640e-01 1.384000e-03 3.259520e-01
424 6.723920e-01 1.364000e-03 3.262440e-01
425 6.721320e-01 1.392000e-03 3.264760e-01
426 6.718440e-01 1.412000e-03 3.267440e-01
427 6.716240e-01 1.384000e-03 3.269920e-01
428 6.713400e-01 1.396000e-03 3.272640e-01
429 6.711440e-01 1.360000e-03 3.274960e-01
430 6.709520e-01 1.320000e-03 3.277280e-01
431 6.707200e-01 1.280000e-03 3.280000e-01
432 6.705520e-01 1.152000e-03 3.282960e-01
433 6.704240e-01 1.056000e-03 3.285200e-01
434 6.701720e-01 1.160000e-03 3.286680e-01
435 6.699280e-01 1.176000e-03 3.288960e-01
436 6.696920e-01 1.200000e-03 3.291080e-01
437 6.694800e-01 1.188000e-03 3.293320e-01
438 6.692680e-01 1.152000e-03 3.295800e-01
439 6.690680e-01 1.148000e-03 3.297840e-01
440 6.688240e-01 1.168000e-03 3.300080e-01
441 6.686080e-01 1.148000e-03 3.302440e-01
442 6.683320e-01 1.220000e-03 3.304480e-01
443 6.679920e-01 1.348000e-03 3.306600e-01
444 6.677080e-01 1.360000e-03 3.309320e-01
445 6.674320e-01 1.428000e-03 3.311400e-01
446 6.671840e-01 1.468000e-03 3.313480e-01
447 6.669160e-01 1.488000e-03 3.315960e-01
448 6.665880e-01 1.596000e-03 3.318160e-01
449 6.663160e-01 1.560000e-03 3.321240e-01
450 6.660600e-01 1.556000e-03 3.323840e-01
451 6.657040e-01 1.644000e-03 3.326520e-01
452 6.654520e-01 1.648000e-03 3.329000e-01
453 6.651080e-01 1.688000e-03 3.332040e-01
454 6.647720e-01 1.704000e-03 3.335240e-01
455 6.644840e-01 1.704000e-03 3.338120e-01
456 6.641560e-01 1.756000e-03 3.340880e-01
457 6.638160e-01 1.764000e-03 3.344200e-01
458 6.634560e-01 1.804000e-03 3.347400e-01
459 6.631560e-01 1.772000e-03 3.350720e-01
460 6.628640e-01 1.820000e-03 3.353160e-01
461 6.625480e-01 1.836000e-03 3.356160e-01
462 6.622400e-01 1.852000e-03 3.359080e-01
463 6.619480e-01 1.784000e-03 3.362680e-01
464 6.616520e-01 1.744000e-03 3.366040e-01
465 6.613480e-01 1.700000e-03 3.369520e-01
466 6.610160e-01 1.748000e-03 3.372360e-01
467 6.606800e-01 1.796000e-03 3.375240e-01
468 6.603120e-01 1.840000e-03 3.378480e-01
469 6.600080e-01 1.896000e-03 3.380960e-01
470 6.596040e-01 1.956000e-03 3.384400e-01
471 6.592640e-01 1.896000e-03 3.388400e-01
472 6.589240e-01 1.908000e-03 3.391680e-01
473 6.585880e-01 1.904000e-03 3.395080e-01
474 6.582640e-01 1.872000e-03 3.398640e-01
475 6.579640e-01 1.880000e-03 3.401560e-01
476 6.576520e-01 1.824000e-03 3.405240e-01
477 6.573920e-01 1.732000e-03 3.408760e-01
478 6.571560e-01 1.664000e-03 3.411800e-01
479 6.569120e-01 1.620000e-03 3.414680e-01
480 6.566520e-01 1.548000e-03 3.418000e-01
481 6.563640e-01 1.588000e-03 3.420480e-01
482 6.561360e-01 1.548000e-03 3.423160e-01
483 6.559600e-01 1.488000e-03 3.425520e-01
484 6.558160e-01 1.372000e-03 3.428120e-01
485 6.556360e-01 1.272000e-03 3.430920e-01
486 6.554400e-01 1.236000e-03 3.433240e-01
487 6.552560e-01 1.216000e-03 3.435280e-01
488 6.550720e-01 1.164000e-03 3.437640e-01
489 6.549480e-01 1.044000e-03 3.440080e-01
490 6.547800e-01 1.028000e-03 3.441920e-01
491 6.545560e-01 1.056000e-03 3.443880e-01
492 6.544000e-01 1.020000e-03 3.445800e-01
493 6.542400e-01 9.800000e-04 3.447800e-01
494 6.540960e-01 9.480000e-04 3.449560e-01
495 6.539240e-01 9.080000e-04 3.451680e-01
496 6.537200e-01 9.480000e-04 3.453320e-01
497 6.535160e-01 1.016000e-03 3.454680e-01
498 6.533160e-01 1.040000e-03 3.456440e-01
499 6.531440e-01 1.068000e-03 3.457880e-01
500 6.529880e-01 9.560000e-04 3.460560e-01
