1 9.991680e-01 7.160000e-04 1.160000e-04
2 9.986800e-01 1.012000e-03 3.080000e-04
3 9.981280e-01 1.384000e-03 4.880000e-04
4 9.975440e-01 1.676000e-03 7.800000e-04
5 9.968760e-01 2.024000e-03 1.100000e-03
6 9.961200e-01 2.400000e-03 1.480000e-03
7 9.954440e-01 2.612000e-03 1.944000e-03
8 9.946240e-01 2.948000e-03 2.428000e-03
9 9.938720e-01 3.096000e-03 3.032000e-03
10 9.930640e-01 3.332000e-03 3.604000e-03
11 9.921800e-01 3.588000e-03 4.232000e-03
12 9.912560e-01 3.848000e-03 4.896000e-03
13 9.903200e-01 4.092000e-03 5.588000e-03
14 9.892880e-01 4.320000e-03 6.392000e-03
15 9.883160e-01 4.540000e-03 7.144000e-03
16 9.872200e-01 4.768000e-03 8.012000e-03
17 9.862440e-01 4.924000e-03 8.832000e-03
18 9.851120e-01 5.144000e-03 9.744000e-03
19 9.839840e-01 5.324000e-03 1.069200e-02
20 9.829440e-01 5.452000e-03 1.160400e-02
21 9.817960e-01 5.724000e-03 1.248000e-02
22 9.806080e-01 5.976000e-03 1.341600e-02
23 9.794000e-01 6.208000e-03 1.439200e-02
24 9.781280e-01 6.376000e-03 1.549600e-02
25 9.768360e-01 6.452000e-03 1.671200e-02
26 9.755640e-01 6.568000e-03 1.786800e-02
27 9.742120e-01 6.680000e-03 1.910800e-02
28 9.730040e-01 6.768000e-03 2.022800e-02
29 9.717720e-01 6.748000e-03 2.148000e-02
30 9.703960e-01 6.936000e-03 2.266800e-02
31 9.691000e-01 7.072000e-03 2.382800e-02
32 9.677520e-01 7.100000e-03 2.514800e-02
33 9.664760e-01 7.212000e-03 2.631200e-02
34 9.650560e-01 7.232000e-03 2.771200e-02
35 9.637360e-01 7.416000e-03 2.884800e-02
36 9.623920e-01 7.484000e-03 3.012400e-02
37 9.610440e-01 7.556000e-03 3.140000e-02
38 9.598000e-01 7.452000e-03 3.274800e-02
39 9.584640e-01 7.516000e-03 3.402000e-02
40 9.571240e-01 7.480000e-03 3.539600e-02
41 9.557720e-01 7.604000e-03 3.662400e-02
42 9.543680e-01 7.744000e-03 3.788800e-02
43 9.528200e-01 8.060000e-03 3.912000e-02
44 9.511960e-01 8.232000e-03 4.057200e-02
45 9.497080e-01 8.284000e-03 4.200800e-02
46 9.481880e-01 8.296000e-03 4.351600e-02
47 9.464280e-01 8.576000e-03 4.499600e-02
48 9.447600e-01 8.784000e-03 4.645600e-02
49 9.431480e-01 8.856000e-03 4.799600e-02
50 9.416000e-01 8.844000e-03 4.955600e-02
51 9.398880e-01 8.912000e-03 5.120000e-02
52 9.383240e-01 9.004000e-03 5.267200e-02
53 9.367360e-01 9.072000e-03 5.419200e-02
54 9.350080e-01 9.112000e-03 5.588000e-02
55 9.333520e-01 9.328000e-03 5.732000e-02
56 9.316880e-01 9.408000e-03 5.890400e-02
57 9.299840e-01 9.524000e-03 6.049200e-02
58 9.281880e-01 9.704000e-03 6.210800e-02
59 9.264000e-01 9.796000e-03 6.380400e-02
60 9.245320e-01 9.924000e-03 6.554400e-02
61 9.226720e-01 9.976000e-03 6.735200e-02
62 9.209400e-01 1.004800e-02 6.901200e-02
63 9.192960e-01 1.000000e-02 7.070400e-02
64 9.176120e-01 9.864000e-03 7.252400e-02
65 9.161000e-01 9.592000e-03 7.430800e-02
66 9.145720e-01 9.444000e-03 7.598400e-02
67 9.131080e-01 9.192000e-03 7.770000e-02
68 9.115320e-01 9.120000e-03 7.934800e-02
69 9.100880e-01 8.948000e-03 8.096400e-02
70 9.086400e-01 8.752000e-03 8.260800e-02
71 9.070120e-01 8.896000e-03 8.409200e-02
72 9.056120e-01 8.676000e-03 8.571200e-02
73 9.041600e-01 8.592000e-03 8.724800e-02
74 9.027320e-01 8.572000e-03 8.869600e-02
75 9.012240e-01 8.592000e-03 9.018400e-02
76 8.996720e-01 8.740000e-03 9.158800e-02
77 8.981400e-01 8.676000e-03 9.318400e-02
78 8.966760e-01 8.632000e-03 9.469200e-02
79 8.951360e-01 8.816000e-03 9.604800e-02
80 8.935960e-01 8.756000e-03 9.764800e-02
81 8.921280e-01 8.720000e-03 9.915200e-02
82 8.906720e-01 8.648000e-03 1.006800e-01
83 8.891480e-01 8.704000e-03 1.021480e-01
84 8.878040e-01 8.404000e-03 1.037920e-01
85 8.864320e-01 8.256000e-03 1.053120e-01
86 8.850480e-01 8.140000e-03 1.068120e-01
87 8.834160e-01 8.232000e-03 1.083520e-01
88 8.818200e-01 8.412000e-03 1.097680e-01
89 8.802600e-01 8.500000e-03 1.112400e-01
90 8.787480e-01 8.608000e-03 1.126440e-01
91 8.772160e-01 8.628000e-03 1.141560e-01
92 8.757360e-01 8.656000e-03 1.156080e-01
93 8.742400e-01 8.600000e-03 1.171600e-01
94 8.726720e-01 8.512000e-03 1.188160e-01
95 8.711480e-01 8.492000e-03 1.203600e-01
96 8.695720e-01 8.500000e-03 1.219280e-01
97 8.681760e-01 8.424000e-03 1.234000e-01
98 8.667520e-01 8.268000e-03 1.249800e-01
99 8.653520e-01 8.232000e-03 1.264160e-01
100 8.636600e-01 8.432000e-03 1.279080e-01
101 8.618960e-01 8.720000e-03 1.293840e-01
102 8.601360e-01 8.884000e-03 1.309800e-01
103 8.586240e-01 8.860000e-03 1.325160e-01
104 8.570600e-01 8.888000e-03 1.340520e-01
105 8.555520e-01 8.932000e-03 1.355160e-01
106 8.539800e-01 8.856000e-03 1.371640e-01
107 8.524800e-01 8.876000e-03 1.386440e-01
108 8.509200e-01 8.928000e-03 1.401520e-01
109 8.494840e-01 8.776000e-03 1.417400e-01
110 8.482120e-01 8.500000e-03 1.432880e-01
111 8.469360e-01 8.204000e-03 1.448600e-01
112 8.456520e-01 8.020000e-03 1.463280e-01
113 8.442160e-01 7.968000e-03 1.478160e-01
114 8.428160e-01 7.972000e-03 1.492120e-01
115 8.415560e-01 7.920000e-03 1.505240e-01
116 8.401320e-01 7.980000e-03 1.518880e-01
117 8.387720e-01 8.016000e-03 1.532120e-01
118 8.373720e-01 8.076000e-03 1.545520e-01
119 8.360400e-01 7.924000e-03 1.560360e-01
120 8.346120e-01 7.964000e-03 1.574240e-01
121 8.330560e-01 8.148000e-03 1.587960e-01
122 8.313960e-01 8.464000e-03 1.601400e-01
123 8.300080e-01 8.416000e-03 1.615760e-01
124 8.284600e-01 8.504000e-03 1.630360e-01
125 8.269040e-01 8.616000e-03 1.644800e-01
126 8.252760e-01 8.724000e-03 1.660000e-01
127 8.236040e-01 8.896000e-03 1.675000e-01
128 8.221000e-01 8.868000e-03 1.690320e-01
129 8.205720e-01 8.844000e-03 1.705840e-01
130 8.190160e-01 8.832000e-03 1.721520e-01
131 8.174880e-01 8.884000e-03 1.736280e-01
132 8.160640e-01 8.904000e-03 1.750320e-01
133 8.145760e-01 8.856000e-03 1.765680e-01
134 8.129600e-01 8.900000e-03 1.781400e-01
135 8.114000e-01 9.000000e-03 1.796000e-01
136 8.098680e-01 8.964000e-03 1.811680e-01
137 8.084200e-01 8.844000e-03 1.827360e-01
138 8.069520e-01 8.712000e-03 1.843360e-01
139 8.055000e-01 8.680000e-03 1.858200e-01
140 8.041720e-01 8.440000e-03 1.873880e-01
141 8.029240e-01 8.272000e-03 1.888040e-01
142 8.016160e-01 8.096000e-03 1.902880e-01
143 8.004520e-01 7.868000e-03 1.916800e-01
144 7.992360e-01 7.652000e-03 1.931120e-01
145 7.979800e-01 7.724000e-03 1.942960e-01
146 7.968240e-01 7.468000e-03 1.957080e-01
147 7.955680e-01 7.492000e-03 1.969400e-01
148 7.942720e-01 7.576000e-03 1.981520e-01
149 7.928360e-01 7.704000e-03 1.994600e-01
150 7.915240e-01 7.640000e-03 2.008360e-01
151 7.900320e-01 7.764000e-03 2.022040e-01
152 7.887880e-01 7.664000e-03 2.035480e-01
153 7.875200e-01 7.676000e-03 2.048040e-01
154 7.863200e-01 7.412000e-03 2.062680e-01
155 7.851000e-01 7.344000e-03 2.075560e-01
156 7.839080e-01 7.264000e-03 2.088280e-01
157 7.826680e-01 7.124000e-03 2.102080e-01
158 7.815520e-01 6.936000e-03 2.115120e-01
159 7.802440e-01 6.932000e-03 2.128240e-01
160 7.790840e-01 6.848000e-03 2.140680e-01
161 7.778640e-01 6.892000e-03 2.152440e-01
162 7.765960e-01 6.928000e-03 2.164760e-01
163 7.753240e-01 7.084000e-03 2.175920e-01
164 7.741120e-01 6.904000e-03 2.189840e-01
165 7.729640e-01 6.916000e-03 2.201200e-01
166 7.717600e-01 6.900000e-03 2.213400e-01
167 7.706280e-01 6.804000e-03 2.225680e-01
168 7.695000e-01 6.796000e-03 2.237040e-01
169 7.683240e-01 6.676000e-03 2.250000e-01
170 7.670480e-01 6.860000e-03 2.260920e-01
171 7.659200e-01 6.816000e-03 2.272640e-01
172 7.647400e-01 6.688000e-03 2.285720e-01
173 7.634800e-01 6.796000e-03 2.297240e-01
174 7.623560e-01 6.576000e-03 2.310680e-01
175 7.612480e-01 6.536000e-03 2.322160e-01
176 7.600440e-01 6.600000e-03 2.333560e-01
177 7.588400e-01 6.656000e-03 2.345040e-01
178 7.577160e-01 6.604000e-03 2.356800e-01
179 7.567400e-01 6.436000e-03 2.368240e-01
180 7.557720e-01 6.308000e-03 2.379200e-01
181 7.546800e-01 6.272000e-03 2.390480e-01
182 7.536640e-01 6.224000e-03 2.401120e-01
183 7.525080e-01 6.308000e-03 2.411840e-01
184 7.514080e-01 6.392000e-03 2.422000e-01
185 7.503040e-01 6.308000e-03 2.433880e-01
186 7.492320e-01 6.284000e-03 2.444840e-01
187 7.482040e-01 6.216000e-03 2.455800e-01
188 7.471120e-01 6.200000e-03 2.466880e-01
189 7.460080e-01 6.252000e-03 2.477400e-01
190 7.450560e-01 6.124000e-03 2.488200e-01
191 7.440160e-01 6.104000e-03 2.498800e-01
192 7.430640e-01 5.892000e-03 2.510440e-01
193 7.421120e-01 5.780000e-03 2.521080e-01
194 7.411400e-01 5.696000e-03 2.531640e-01
195 7.402080e-01 5.580000e-03 2.542120e-01
196 7.393000e-01 5.456000e-03 2.552440e-01
197 7.384960e-01 5.300000e-03 2.562040e-01
198 7.376560e-01 5.164000e-03 2.571800e-01
199 7.368040e-01 5.052000e-03 2.581440e-01
200 7.359800e-01 4.984000e-03 2.590360e-01
201 7.350760e-01 5.084000e-03 2.598400e-01
202 7.342160e-01 5.044000e-03 2.607400e-01
203 7.333960e-01 4.948000e-03 2.616560e-01
204 7.326640e-01 4.824000e-03 2.625120e-01
205 7.318480e-01 4.712000e-03 2.634400e-01
206 7.309840e-01 4.728000e-03 2.642880e-01
207 7.302280e-01 4.688000e-03 2.650840e-01
208 7.293280e-01 4.840000e-03 2.658320e-01
209 7.285280e-01 4.684000e-03 2.667880e-01
210 7.278000e-01 4.512000e-03 2.676880e-01
211 7.270280e-01 4.508000e-03 2.684640e-01
212 7.263280e-01 4.444000e-03 2.692280e-01
213 7.255840e-01 4.480000e-03 2.699360e-01
214 7.248040e-01 4.636000e-03 2.705600e-01
215 7.240920e-01 4.600000e-03 2.713080e-01
216 7.233560e-01 4.576000e-03 2.720680e-01
217 7.226520e-01 4.420000e-03 2.729280e-01
218 7.219800e-01 4.288000e-03 2.737320e-01
219 7.213280e-01 4.248000e-03 2.744240e-01
220 7.206040e-01 4.256000e-03 2.751400e-01
221 7.200160e-01 4.084000e-03 2.759000e-01
222 7.194000e-01 4.004000e-03 2.765960e-01
223 7.187600e-01 3.928000e-03 2.773120e-01
224 7.181600e-01 3.864000e-03 2.779760e-01
225 7.174640e-01 3.928000e-03 2.786080e-01
226 7.168480e-01 3.852000e-03 2.793000e-01
227 7.163040e-01 3.768000e-03 2.799280e-01
228 7.156800e-01 3.708000e-03 2.806120e-01
229 7.151160e-01 3.572000e-03 2.813120e-01
230 7.144800e-01 3.592000e-03 2.819280e-01
231 7.138120e-01 3.628000e-03 2.825600e-01
232 7.132600e-01 3.524000e-03 2.832160e-01
233 7.127680e-01 3.420000e-03 2.838120e-01
234 7.122280e-01 3.396000e-03 2.843760e-01
235 7.116480e-01 3.436000e-03 2.849160e-01
236 7.111720e-01 3.320000e-03 2.855080e-01
237 7.107120e-01 3.184000e-03 2.861040e-01
238 7.100520e-01 3.308000e-03 2.866400e-01
239 7.095520e-01 3.232000e-03 2.872160e-01
240 7.089760e-01 3.268000e-03 2.877560e-01
241 7.083360e-01 3.304000e-03 2.883600e-01
242 7.078480e-01 3.208000e-03 2.889440e-01
243 7.073720e-01 3.128000e-03 2.895000e-01
244 7.068160e-01 3.128000e-03 2.900560e-01
245 7.063360e-01 3.072000e-03 2.905920e-01
246 7.058120e-01 3.048000e-03 2.911400e-01
247 7.052920e-01 3.052000e-03 2.916560e-01
248 7.047840e-01 3.068000e-03 2.921480e-01
249 7.041960e-01 3.068000e-03 2.927360e-01
250 7.036240e-01 3.104000e-03 2.932720e-01
251 7.030560e-01 3.100000e-03 2.938440e-01
252 7.026080e-01 3.056000e-03 2.943360e-01
253 7.021080e-01 3.020000e-03 2.948720e-01
254 7.016040e-01 2.984000e-03 2.954120e-01
255 7.010600e-01 3.012000e-03 2.959280e-01
256 7.005800e-01 2.940000e-03 2.964800e-01
257 7.001080e-01 2.884000e-03 2.970080e-01
258 6.996600e-01 2.852000e-03 2.974880e-01
259 6.992000e-01 2.804000e-03 2.979960e-01
260 6.987320e-01 2.764000e-03 2.985040e-01
261 6.982800e-01 2.744000e-03 2.989760e-01
262 6.978480e-01 2.744000e-03 2.994080e-01
263 6.974200e-01 2.652000e-03 2.999280e-01
264 6.969920e-01 2.604000e-03 3.004040e-01
265 6.965800e-01 2.548000e-03 3.008720e-01
266 6.961240e-01 2.560000e-03 3.013160e-01
267 6.956680e-01 2.616000e-03 3.017160e-01
268 6.952960e-01 2.524000e-03 3.021800e-01
269 6.948800e-01 2.516000e-03 3.026040e-01
270 6.945520e-01 2.416000e-03 3.030320e-01
271 6.940720e-01 2.544000e-03 3.033840e-01
272 6.937320e-01 2.436000e-03 3.038320e-01
273 6.933520e-01 2.432000e-03 3.042160e-01
274 6.929880e-01 2.376000e-03 3.046360e-01
275 6.925960e-01 2.412000e-03 3.049920e-01
276 6.922440e-01 2.312000e-03 3.054440e-01
277 6.918840e-01 2.236000e-03 3.058800e-01
278 6.915040e-01 2.228000e-03 3.062680e-01
279 6.911040e-01 2.272000e-03 3.066240e-01
280 6.906680e-01 2.384000e-03 3.069480e-01
281 6.902400e-01 2.376000e-03 3.073840e-01
282 6.898720e-01 2.328000e-03 3.078000e-01
283 6.895080e-01 2.244000e-03 3.082480e-01
284 6.891800e-01 2.212000e-03 3.086080e-01
285 6.888320e-01 2.176000e-03 3.089920e-01
286 6.884880e-01 2.132000e-03 3.093800e-01
287 6.881280e-01 2.108000e-03 3.097640e-01
288 6.877880e-01 2.060000e-03 3.101520e-01
289 6.873880e-01 2.044000e-03 3.105680e-01
290 6.869880e-01 2.124000e-03 3.108880e-01
291 6.865440e-01 2.184000e-03 3.112720e-01
292 6.861560e-01 2.144000e-03 3.117000e-01
293 6.857560e-01 2.168000e-03 3.120760e-01
294 6.854480e-01 2.084000e-03 3.124680e-01
295 6.850200e-01 2.160000e-03 3.128200e-01
296 6.846320e-01 2.132000e-03 3.132360e-01
297 6.843200e-01 2.088000e-03 3.135920e-01
298 6.839000e-01 2.140000e-03 3.139600e-01
299 6.835640e-01 2.136000e-03 3.143000e-01
300 6.831960e-01 2.144000e-03 3.146600e-01
301 6.829200e-01 2.024000e-03 3.150560e-01
302 6.825960e-01 1.996000e-03 3.154080e-01
303 6.822640e-01 1.996000e-03 3.157400e-01
304 6.819280e-01 1.968000e-03 3.161040e-01
305 6.816160e-01 2.012000e-03 3.163720e-01
306 6.813160e-01 1.884000e-03 3.168000e-01
307 6.809840e-01 1.900000e-03 3.171160e-01
308 6.806880e-01 1.912000e-03 3.174000e-01
309 6.804040e-01 1.856000e-03 3.177400e-01
310 6.800880e-01 1.876000e-03 3.180360e-01
311 6.796960e-01 1.936000e-03 3.183680e-01
312 6.793400e-01 1.904000e-03 3.187560e-01
313 6.789520e-01 1.956000e-03 3.190920e-01
314 6.786600e-01 1.944000e-03 3.193960e-01
315 6.783720e-01 1.960000e-03 3.196680e-01
316 6.780360e-01 1.952000e-03 3.200120e-01
317 6.777440e-01 1.872000e-03 3.203840e-01
318 6.774120e-01 1.876000e-03 3.207120e-01
319 6.771240e-01 1.864000e-03 3.210120e-01
320 6.768760e-01 1.820000e-03 3.213040e-01
321 6.765360e-01 1.832000e-03 3.216320e-01
322 6.762480e-01 1.820000e-03 3.219320e-01
323 6.759040e-01 1.872000e-03 3.222240e-01
324 6.756080e-01 1.860000e-03 3.225320e-01
325 6.752400e-01 1.868000e-03 3.228920e-01
326 6.748960e-01 1.912000e-03 3.231920e-01
327 6.746480e-01 1.876000e-03 3.234760e-01
328 6.743360e-01 1.868000e-03 3.237960e-01
329 6.739360e-01 1.948000e-03 3.241160e-01
330 6.734640e-01 2.096000e-03 3.244400e-01
331 6.731360e-01 2.076000e-03 3.247880e-01
332 6.727680e-01 2.080000e-03 3.251520e-01
333 6.723600e-01 2.044000e-03 3.255960e-01
334 6.720720e-01 1.992000e-03 3.259360e-01
335 6.717360e-01 1.988000e-03 3.262760e-01
336 6.714160e-01 1.972000e-03 3.266120e-01
337 6.711160e-01 1.904000e-03 3.269800e-01
338 6.707920e-01 1.836000e-03 3.273720e-01
339 6.704520e-01 1.848000e-03 3.277000e-01
340 6.701240e-01 1.856000e-03 3.280200e-01
341 6.698560e-01 1.820000e-03 3.283240e-01
342 6.695440e-01 1.788000e-03 3.286680e-01
343 6.692360e-01 1.804000e-03 3.289600e-01
344 6.689320e-01 1.760000e-03 3.293080e-01
345 6.686280e-01 1.708000e-03 3.296640e-01
346 6.682800e-01 1.712000e-03 3.300080e-01
347 6.679000e-01 1.848000e-03 3.302520e-01
348 6.675560e-01 1.892000e-03 3.305520e-01
349 6.672440e-01 1.888000e-03 3.308680e-01
350 6.669120e-01 1.864000e-03 3.312240e-01
351 6.666040e-01 1.800000e-03 3.315960e-01
352 6.662680e-01 1.792000e-03 3.319400e-01
353 6.659120e-01 1.792000e-03 3.322960e-01
354 6.655680e-01 1.748000e-03 3.326840e-01
355 6.652360e-01 1.792000e-03 3.329720e-01
356 6.648960e-01 1.792000e-03 3.333120e-01
357 6.645600e-01 1.780000e-03 3.336600e-01
358 6.642200e-01 1.828000e-03 3.339520e-01
359 6.638600e-01 1.848000e-03 3.342920e-01
360 6.634960e-01 1.904000e-03 3.346000e-01
361 6.631600e-01 1.816000e-03 3.350240e-01
362 6.628800e-01 1.804000e-03 3.353160e-01
363 6.626280e-01 1.772000e-03 3.356000e-01
364 6.623080e-01 1.776000e-03 3.359160e-01
365 6.619720e-01 1.844000e-03 3.361840e-01
366 6.615760e-01 1.876000e-03 3.365480e-01
367 6.612600e-01 1.920000e-03 3.368200e-01
368 6.608920e-01 1.972000e-03 3.371360e-01
369 6.605520e-01 1.996000e-03 3.374520e-01
370 6.602280e-01 1.920000e-03 3.378520e-01
371 6.598800e-01 1.960000e-03 3.381600e-01
372 6.595120e-01 2.016000e-03 3.384720e-01
373 6.591560e-01 1.996000e-03 3.388480e-01
374 6.588120e-01 2.000000e-03 3.391880e-01
375 6.585280e-01 1.952000e-03 3.395200e-01
376 6.581680e-01 1.956000e-03 3.398760e-01
377 6.579280e-01 1.844000e-03 3.402280e-01
378 6.576480e-01 1.824000e-03 3.405280e-01
379 6.573880e-01 1.752000e-03 3.408600e-01
380 6.571680e-01 1.688000e-03 3.411440e-01
381 6.568080e-01 1.744000e-03 3.414480e-01
382 6.565200e-01 1.688000e-03 3.417920e-01
383 6.562920e-01 1.684000e-03 3.420240e-01
384 6.560440e-01 1.644000e-03 3.423120e-01
385 6.557880e-01 1.612000e-03 3.426000e-01
386 6.555080e-01 1.580000e-03 3.429120e-01
387 6.552480e-01 1.552000e-03 3.432000e-01
388 6.549760e-01 1.580000e-03 3.434440e-01
389 6.547320e-01 1.580000e-03 3.436880e-01
390 6.544760e-01 1.524000e-03 3.440000e-01
391 6.542120e-01 1.520000e-03 3.442680e-01
392 6.539360e-01 1.520000e-03 3.445440e-01
393 6.537480e-01 1.444000e-03 3.448080e-01
394 6.535240e-01 1.476000e-03 3.450000e-01
395 6.533000e-01 1.488000e-03 3.452120e-01
396 6.530640e-01 1.460000e-03 3.454760e-01
397 6.528800e-01 1.376000e-03 3.457440e-01
398 6.526800e-01 1.376000e-03 3.459440e-01
399 6.524800e-01 1.320000e-03 3.462000e-01
400 6.522480e-01 1.284000e-03 3.464680e-01
401 6.519480e-01 1.360000e-03 3.466920e-01
402 6.516400e-01 1.468000e-03 3.468920e-01
403 6.513200e-01 1.576000e-03 3.471040e-01
404 6.510600e-01 1.544000e-03 3.473960e-01
405 6.507440e-01 1.556000e-03 3.477000e-01
406 6.504760e-01 1.544000e-03 3.479800e-01
407 6.501760e-01 1.596000e-03 3.482280e-01
408 6.499160e-01 1.500000e-03 3.485840e-01
409 6.496720e-01 1.476000e-03 3.488520e-01
410 6.494440e-01 1.460000e-03 3.490960e-01
411 6.492200e-01 1.424000e-03 3.493560e-01
412 6.489320e-01 1.436000e-03 3.496320e-01
413 6.487200e-01 1.436000e-03 3.498440e-01
414 6.485560e-01 1.340000e-03 3.501040e-01
415 6.483920e-01 1.276000e-03 3.503320e-01
416 6.481760e-01 1.256000e-03 3.505680e-01
417 6.479840e-01 1.252000e-03 3.507640e-01
418 6.478080e-01 1.244000e-03 3.509480e-01
419 6.475480e-01 1.320000e-03 3.511320e-01
420 6.473120e-01 1.324000e-03 3.513640e-01
421 6.470920e-01 1.340000e-03 3.515680e-01
422 6.468880e-01 1.228000e-03 3.518840e-01
423 6.466960e-01 1.196000e-03 3.521080e-01
424 6.465440e-01 1.156000e-03 3.523000e-01
425 6.464120e-01 1.052000e-03 3.525360e-01
426 6.462800e-01 1.028000e-03 3.526920e-01
427 6.460680e-01 1.036000e-03 3.528960e-01
428 6.458720e-01 1.076000e-03 3.530520e-01
429 6.457080e-01 1.004000e-03 3.532880e-01
430 6.455400e-01 1.000000e-03 3.534600e-01
431 6.453760e-01 1.024000e-03 3.536000e-01
432 6.452280e-01 9.800000e-04 3.537920e-01
433 6.450240e-01 9.880000e-04 3.539880e-01
434 6.448240e-01 1.016000e-03 3.541600e-01
435 6.446080e-01 1.076000e-03 3.543160e-01
436 6.444120e-01 1.076000e-03 3.545120e-01
437 6.442000e-01 1.064000e-03 3.547360e-01
438 6.440200e-01 1.064000e-03 3.549160e-01
439 6.438000e-01 1.092000e-03 3.551080e-01
440 6.436560e-01 1.016000e-03 3.553280e-01
441 6.435320e-01 9.560000e-04 3.555120e-01
442 6.433840e-01 9.120000e-04 3.557040e-01
443 6.431840e-01 9.520000e-04 3.558640e-01
444 6.430280e-01 9.360000e-04 3.560360e-01
445 6.428560e-01 9.720000e-04 3.561720e-01
446 6.426920e-01 9.840000e-04 3.563240e-01
447 6.425080e-01 1.004000e-03 3.564880e-01
448 6.422760e-01 1.056000e-03 3.566680e-01
449 6.420200e-01 1.080000e-03 3.569000e-01
450 6.417840e-01 1.088000e-03 3.571280e-01
451 6.415680e-01 1.076000e-03 3.573560e-01
452 6.413280e-01 1.056000e-03 3.576160e-01
453 6.410800e-01 1.112000e-03 3.578080e-01
454 6.408480e-01 1.144000e-03 3.580080e-01
455 6.406320e-01 1.136000e-03 3.582320e-01
456 6.404000e-01 1.156000e-03 3.584440e-01
457 6.401760e-01 1.176000e-03 3.586480e-01
458 6.398400e-01 1.300000e-03 3.588600e-01
459 6.396400e-01 1.296000e-03 3.590640e-01
460 6.393680e-01 1.300000e-03 3.593320e-01
461 6.391200e-01 1.312000e-03 3.595680e-01
462 6.389040e-01 1.316000e-03 3.597800e-01
463 6.386760e-01 1.320000e-03 3.600040e-01
464 6.384320e-01 1.312000e-03 3.602560e-01
465 6.381760e-01 1.356000e-03 3.604680e-01
466 6.378640e-01 1.420000e-03 3.607160e-01
467 6.376000e-01 1.372000e-03 3.610280e-01
468 6.373640e-01 1.316000e-03 3.613200e-01
469 6.371640e-01 1.312000e-03 3.615240e-01
470 6.369400e-01 1.244000e-03 3.618160e-01
471 6.367600e-01 1.220000e-03 3.620200e-01
472 6.365560e-01 1.160000e-03 3.622840e-01
473 6.363200e-01 1.216000e-03 3.624640e-01
474 6.361160e-01 1.196000e-03 3.626880e-01
475 6.359040e-01 1.196000e-03 3.629000e-01
476 6.357240e-01 1.192000e-03 3.630840e-01
477 6.355520e-01 1.144000e-03 3.633040e-01
478 6.354000e-01 1.096000e-03 3.635040e-01
479 6.352160e-01 1.088000e-03 3.636960e-01
480 6.350120e-01 1.088000e-03 3.639000e-01
481 6.347960e-01 1.088000e-03 3.641160e-01
482 6.346120e-01 1.092000e-03 3.642960e-01
483 6.343880e-01 1.120000e-03 3.644920e-01
484 6.341400e-01 1.172000e-03 3.646880e-01
485 6.339320e-01 1.220000e-03 3.648480e-01
486 6.336640e-01 1.256000e-03 3.650800e-01
487 6.334000e-01 1.284000e-03 3.653160e-01
488 6.332040e-01 1.212000e-03 3.655840e-01
489 6.329600e-01 1.232000e-03 3.658080e-01
490 6.326640e-01 1.332000e-03 3.660040e-01
491 6.323600e-01 1.440000e-03 3.662000e-01
492 6.320880e-01 1.480000e-03 3.664320e-01
493 6.318360e-01 1.468000e-03 3.666960e-01
494 6.316280e-01 1.412000e-03 3.669600e-01
495 6.314200e-01 1.388000e-03 3.671920e-01
496 6.311720e-01 1.352000e-03 3.674760e-01
497 6.309200e-01 1.396000e-03 3.676840e-01
498 6.307440e-01 1.352000e-03 3.679040e-01
499 6.305120e-01 1.364000e-03 3.681240e-01
500 6.302920e-01 1.352000e-03 3.683560e-01
