1 9.992080e-01 7.320000e-04 6.000000e-05
2 9.986800e-01 1.140000e-03 1.800000e-04
3 9.979280e-01 1.604000e-03 4.680000e-04
4 9.970640e-01 2.132000e-03 8.040000e-04
5 9.960360e-01 2.728000e-03 1.236000e-03
6 9.950160e-01 3.252000e-03 1.732000e-03
7 9.938800e-01 3.784000e-03 2.336000e-03
8 9.926640e-01 4.268000e-03 3.068000e-03
9 9.914920e-01 4.624000e-03 3.884000e-03
10 9.902040e-01 5.076000e-03 4.720000e-03
11 9.889400e-01 5.436000e-03 5.624000e-03
12 9.877240e-01 5.664000e-03 6.612000e-03
13 9.862120e-01 6.076000e-03 7.712000e-03
14 9.847880e-01 6.468000e-03 8.744000e-03
15 9.831880e-01 6.848000e-03 9.964000e-03
16 9.815920e-01 7.200000e-03 1.120800e-02
17 9.800240e-01 7.536000e-03 1.244000e-02
18 9.782880e-01 7.972000e-03 1.374000e-02
19 9.767200e-01 7.996000e-03 1.528400e-02
20 9.750560e-01 8.212000e-03 1.673200e-02
21 9.734280e-01 8.404000e-03 1.816800e-02
22 9.719760e-01 8.392000e-03 1.963200e-02
23 9.702240e-01 8.700000e-03 2.107600e-02
24 9.684520e-01 8.988000e-03 2.256000e-02
25 9.667320e-01 9.212000e-03 2.405600e-02
26 9.649720e-01 9.304000e-03 2.572400e-02
27 9.632280e-01 9.276000e-03 2.749600e-02
28 9.615160e-01 9.380000e-03 2.910400e-02
29 9.597760e-01 9.472000e-03 3.075200e-02
30 9.579960e-01 9.708000e-03 3.229600e-02
31 9.559920e-01 1.002400e-02 3.398400e-02
32 9.540680e-01 1.015200e-02 3.578000e-02
33 9.523600e-01 1.005200e-02 3.758800e-02
34 9.505080e-01 1.010400e-02 3.938800e-02
35 9.487400e-01 9.996000e-03 4.126400e-02
36 9.468320e-01 1.032400e-02 4.284400e-02
37 9.448600e-01 1.040000e-02 4.474000e-02
38 9.426800e-01 1.067600e-02 4.664400e-02
39 9.407400e-01 1.078800e-02 4.847200e-02
40 9.388440e-01 1.059600e-02 5.056000e-02
41 9.369960e-01 1.060800e-02 5.239600e-02
42 9.350760e-01 1.066000e-02 5.426400e-02
43 9.330480e-01 1.078000e-02 5.617200e-02
44 9.310720e-01 1.090400e-02 5.802400e-02
45 9.288840e-01 1.103600e-02 6.008000e-02
46 9.267440e-01 1.118400e-02 6.207200e-02
47 9.247120e-01 1.127600e-02 6.401200e-02
48 9.227760e-01 1.138800e-02 6.583600e-02
49 9.209120e-01 1.134400e-02 6.774400e-02
50 9.190800e-01 1.130400e-02 6.961600e-02
51 9.170960e-01 1.133200e-02 7.157200e-02
52 9.151680e-01 1.116800e-02 7.366400e-02
53 9.131600e-01 1.119600e-02 7.564400e-02
54 9.113840e-01 1.097200e-02 7.764400e-02
55 9.095120e-01 1.095200e-02 7.953600e-02
56 9.074240e-01 1.113200e-02 8.144400e-02
57 9.053440e-01 1.112400e-02 8.353200e-02
58 9.033520e-01 1.126000e-02 8.538800e-02
59 9.012920e-01 1.141600e-02 8.729200e-02
60 8.992440e-01 1.150800e-02 8.924800e-02
61 8.971160e-01 1.168000e-02 9.120400e-02
62 8.950160e-01 1.169600e-02 9.328800e-02
63 8.929960e-01 1.173200e-02 9.527200e-02
64 8.910280e-01 1.174400e-02 9.722800e-02
65 8.891360e-01 1.147200e-02 9.939200e-02
66 8.873240e-01 1.118400e-02 1.014920e-01
67 8.854160e-01 1.123600e-02 1.033480e-01
68 8.833040e-01 1.140400e-02 1.052920e-01
69 8.814120e-01 1.133600e-02 1.072520e-01
70 8.794080e-01 1.129200e-02 1.093000e-01
71 8.774920e-01 1.120000e-02 1.113080e-01
72 8.756560e-01 1.123600e-02 1.131080e-01
73 8.737000e-01 1.115200e-02 1.151480e-01
74 8.717000e-01 1.122400e-02 1.170760e-01
75 8.699400e-01 1.118000e-02 1.188800e-01
76 8.680040e-01 1.115200e-02 1.208440e-01
77 8.660080e-01 1.122400e-02 1.227680e-01
78 8.641240e-01 1.121600e-02 1.246600e-01
79 8.622600e-01 1.120400e-02 1.265360e-01
80 8.602160e-01 1.121600e-02 1.285680e-01
81 8.581200e-01 1.132000e-02 1.305600e-01
82 8.562040e-01 1.124000e-02 1.325560e-01
83 8.543760e-01 1.100800e-02 1.346160e-01
84 8.526080e-01 1.081200e-02 1.365800e-01
85 8.507480e-01 1.067200e-02 1.385800e-01
86 8.487880e-01 1.089600e-02 1.403160e-01
87 8.465560e-01 1.113200e-02 1.423120e-01
88 8.445680e-01 1.109600e-02 1.443360e-01
89 8.426680e-01 1.105600e-02 1.462760e-01
90 8.407800e-01 1.103200e-02 1.481880e-01
91 8.390280e-01 1.082400e-02 1.501480e-01
92 8.370480e-01 1.077600e-02 1.521760e-01
93 8.352600e-01 1.061600e-02 1.541240e-01
94 8.333640e-01 1.057600e-02 1.560600e-01
95 8.315440e-01 1.038800e-02 1.580680e-01
96 8.298360e-01 1.043200e-02 1.597320e-01
97 8.280400e-01 1.043600e-02 1.615240e-01
98 8.262680e-01 1.038400e-02 1.633480e-01
99 8.245840e-01 1.021600e-02 1.652000e-01
100 8.229400e-01 1.011200e-02 1.669480e-01
101 8.214000e-01 9.980000e-03 1.686200e-01
102 8.197080e-01 1.003600e-02 1.702560e-01
103 8.179800e-01 9.956000e-03 1.720640e-01
104 8.164280e-01 9.804000e-03 1.737680e-01
105 8.147600e-01 9.768000e-03 1.754720e-01
106 8.130760e-01 9.676000e-03 1.772480e-01
107 8.112600e-01 9.700000e-03 1.790400e-01
108 8.097680e-01 9.576000e-03 1.806560e-01
109 8.082400e-01 9.472000e-03 1.822880e-01
110 8.067360e-01 9.404000e-03 1.838600e-01
111 8.052040e-01 9.328000e-03 1.854680e-01
112 8.036760e-01 9.340000e-03 1.869840e-01
113 8.020160e-01 9.308000e-03 1.886760e-01
114 8.003840e-01 9.144000e-03 1.904720e-01
115 7.988960e-01 9.036000e-03 1.920680e-01
116 7.975600e-01 8.780000e-03 1.936600e-01
117 7.963320e-01 8.436000e-03 1.952320e-01
118 7.951320e-01 8.248000e-03 1.966200e-01
119 7.938760e-01 8.092000e-03 1.980320e-01
120 7.925720e-01 7.844000e-03 1.995840e-01
121 7.914280e-01 7.584000e-03 2.009880e-01
122 7.902120e-01 7.480000e-03 2.023080e-01
123 7.888440e-01 7.464000e-03 2.036920e-01
124 7.875360e-01 7.320000e-03 2.051440e-01
125 7.861240e-01 7.512000e-03 2.063640e-01
126 7.847320e-01 7.452000e-03 2.078160e-01
127 7.833440e-01 7.516000e-03 2.091400e-01
128 7.819880e-01 7.548000e-03 2.104640e-01
129 7.805920e-01 7.628000e-03 2.117800e-01
130 7.791960e-01 7.736000e-03 2.130680e-01
131 7.778080e-01 7.752000e-03 2.144400e-01
132 7.764560e-01 7.756000e-03 2.157880e-01
133 7.751120e-01 7.684000e-03 2.172040e-01
134 7.735920e-01 7.892000e-03 2.185160e-01
135 7.722920e-01 7.852000e-03 2.198560e-01
136 7.707160e-01 8.032000e-03 2.212520e-01
137 7.693760e-01 7.888000e-03 2.227360e-01
138 7.679640e-01 7.928000e-03 2.241080e-01
139 7.666240e-01 7.836000e-03 2.255400e-01
140 7.652400e-01 7.936000e-03 2.268240e-01
141 7.638000e-01 7.852000e-03 2.283480e-01
142 7.623920e-01 7.948000e-03 2.296600e-01
143 7.609520e-01 8.036000e-03 2.310120e-01
144 7.596120e-01 8.116000e-03 2.322720e-01
145 7.581320e-01 8.252000e-03 2.336160e-01
146 7.565840e-01 8.440000e-03 2.349760e-01
147 7.551120e-01 8.408000e-03 2.364800e-01
148 7.536400e-01 8.480000e-03 2.378800e-01
149 7.523640e-01 8.176000e-03 2.394600e-01
150 7.511200e-01 8.004000e-03 2.408760e-01
151 7.497800e-01 7.748000e-03 2.424720e-01
152 7.483720e-01 7.844000e-03 2.437840e-01
153 7.472400e-01 7.580000e-03 2.451800e-01
154 7.458600e-01 7.668000e-03 2.464720e-01
155 7.445560e-01 7.492000e-03 2.479520e-01
156 7.434480e-01 7.292000e-03 2.492600e-01
157 7.421360e-01 7.340000e-03 2.505240e-01
158 7.409400e-01 7.404000e-03 2.516560e-01
159 7.397400e-01 7.268000e-03 2.529920e-01
160 7.384520e-01 7.276000e-03 2.542720e-01
161 7.372640e-01 7.196000e-03 2.555400e-01
162 7.361040e-01 7.092000e-03 2.568040e-01
163 7.349440e-01 7.032000e-03 2.580240e-01
164 7.336000e-01 7.088000e-03 2.593120e-01
165 7.323800e-01 6.976000e-03 2.606440e-01
166 7.313760e-01 6.676000e-03 2.619480e-01
167 7.301640e-01 6.640000e-03 2.631960e-01
168 7.290280e-01 6.488000e-03 2.644840e-01
169 7.278560e-01 6.560000e-03 2.655840e-01
170 7.267280e-01 6.536000e-03 2.667360e-01
171 7.254560e-01 6.672000e-03 2.678720e-01
172 7.241000e-01 6.804000e-03 2.690960e-01
173 7.228720e-01 6.808000e-03 2.703200e-01
174 7.216320e-01 6.760000e-03 2.716080e-01
175 7.203480e-01 6.884000e-03 2.727680e-01
176 7.191320e-01 7.064000e-03 2.738040e-01
177 7.178200e-01 7.152000e-03 2.750280e-01
178 7.164240e-01 7.360000e-03 2.762160e-01
179 7.151920e-01 7.364000e-03 2.774440e-01
180 7.139120e-01 7.288000e-03 2.788000e-01
181 7.127720e-01 7.016000e-03 2.802120e-01
182 7.117280e-01 6.884000e-03 2.813880e-01
183 7.106440e-01 6.828000e-03 2.825280e-01
184 7.094200e-01 6.868000e-03 2.837120e-01
185 7.083200e-01 6.840000e-03 2.848400e-01
186 7.071400e-01 6.788000e-03 2.860720e-01
187 7.060640e-01 6.652000e-03 2.872840e-01
188 7.048640e-01 6.700000e-03 2.884360e-01
189 7.037160e-01 6.632000e-03 2.896520e-01
190 7.023840e-01 6.708000e-03 2.909080e-01
191 7.012440e-01 6.732000e-03 2.920240e-01
192 7.000400e-01 6.792000e-03 2.931680e-01
193 6.987840e-01 6.820000e-03 2.943960e-01
194 6.976760e-01 6.580000e-03 2.957440e-01
195 6.966520e-01 6.520000e-03 2.968280e-01
196 6.955000e-01 6.492000e-03 2.980080e-01
197 6.945480e-01 6.376000e-03 2.990760e-01
198 6.934760e-01 6.448000e-03 3.000760e-01
199 6.924080e-01 6.344000e-03 3.012480e-01
200 6.913720e-01 6.296000e-03 3.023320e-01
201 6.903480e-01 6.172000e-03 3.034800e-01
202 6.891840e-01 6.216000e-03 3.046000e-01
203 6.881880e-01 6.120000e-03 3.056920e-01
204 6.872960e-01 6.056000e-03 3.066480e-01
205 6.863240e-01 5.972000e-03 3.077040e-01
206 6.855160e-01 5.700000e-03 3.087840e-01
207 6.846800e-01 5.584000e-03 3.097360e-01
208 6.837320e-01 5.520000e-03 3.107480e-01
209 6.828280e-01 5.472000e-03 3.117000e-01
210 6.819480e-01 5.372000e-03 3.126800e-01
211 6.809360e-01 5.404000e-03 3.136600e-01
212 6.801000e-01 5.260000e-03 3.146400e-01
213 6.792760e-01 5.168000e-03 3.155560e-01
214 6.783680e-01 5.156000e-03 3.164760e-01
215 6.775280e-01 5.084000e-03 3.173880e-01
216 6.767480e-01 4.980000e-03 3.182720e-01
217 6.759640e-01 4.892000e-03 3.191440e-01
218 6.753120e-01 4.752000e-03 3.199360e-01
219 6.746080e-01 4.672000e-03 3.207200e-01
220 6.737840e-01 4.624000e-03 3.215920e-01
221 6.729200e-01 4.648000e-03 3.224320e-01
222 6.721000e-01 4.648000e-03 3.232520e-01
223 6.713040e-01 4.652000e-03 3.240440e-01
224 6.705760e-01 4.548000e-03 3.248760e-01
225 6.697320e-01 4.540000e-03 3.257280e-01
226 6.690400e-01 4.416000e-03 3.265440e-01
227 6.682760e-01 4.396000e-03 3.273280e-01
228 6.675640e-01 4.280000e-03 3.281560e-01
229 6.669000e-01 4.328000e-03 3.287720e-01
230 6.660880e-01 4.524000e-03 3.293880e-01
231 6.652440e-01 4.600000e-03 3.301560e-01
232 6.643920e-01 4.612000e-03 3.309960e-01
233 6.635160e-01 4.688000e-03 3.317960e-01
234 6.628200e-01 4.524000e-03 3.326560e-01
235 6.620360e-01 4.480000e-03 3.334840e-01
236 6.613240e-01 4.436000e-03 3.342400e-01
237 6.606040e-01 4.428000e-03 3.349680e-01
238 6.599240e-01 4.388000e-03 3.356880e-01
239 6.590800e-01 4.540000e-03 3.363800e-01
240 6.582640e-01 4.600000e-03 3.371360e-01
241 6.573400e-01 4.764000e-03 3.378960e-01
242 6.565200e-01 4.808000e-03 3.386720e-01
243 6.556160e-01 4.900000e-03 3.394840e-01
244 6.547840e-01 4.844000e-03 3.403720e-01
245 6.539880e-01 4.860000e-03 3.411520e-01
246 6.531920e-01 4.724000e-03 3.420840e-01
247 6.522640e-01 4.840000e-03 3.428960e-01
248 6.513800e-01 4.804000e-03 3.438160e-01
249 6.505160e-01 4.856000e-03 3.446280e-01
250 6.497840e-01 4.856000e-03 3.453600e-01
251 6.489560e-01 4.848000e-03 3.461960e-01
252 6.481920e-01 4.828000e-03 3.469800e-01
253 6.475040e-01 4.676000e-03 3.478200e-01
254 6.467840e-01 4.596000e-03 3.486200e-01
255 6.460880e-01 4.540000e-03 3.493720e-01
256 6.455440e-01 4.228000e-03 3.502280e-01
257 6.449080e-01 4.220000e-03 3.508720e-01
258 6.441240e-01 4.276000e-03 3.516000e-01
259 6.434280e-01 4.256000e-03 3.523160e-01
260 6.426520e-01 4.236000e-03 3.531120e-01
261 6.417680e-01 4.380000e-03 3.538520e-01
262 6.409840e-01 4.376000e-03 3.546400e-01
263 6.401400e-01 4.452000e-03 3.554080e-01
264 6.392480e-01 4.620000e-03 3.561320e-01
265 6.384200e-01 4.612000e-03 3.569680e-01
266 6.376600e-01 4.624000e-03 3.577160e-01
267 6.369240e-01 4.540000e-03 3.585360e-01
268 6.362960e-01 4.420000e-03 3.592840e-01
269 6.354400e-01 4.508000e-03 3.600520e-01
270 6.346840e-01 4.428000e-03 3.608880e-01
271 6.338960e-01 4.520000e-03 3.615840e-01
272 6.330360e-01 4.664000e-03 3.623000e-01
273 6.322920e-01 4.700000e-03 3.630080e-01
274 6.315200e-01 4.648000e-03 3.638320e-01
275 6.307720e-01 4.636000e-03 3.645920e-01
276 6.299080e-01 4.736000e-03 3.653560e-01
277 6.291760e-01 4.656000e-03 3.661680e-01
278 6.284600e-01 4.592000e-03 3.669480e-01
279 6.277920e-01 4.328000e-03 3.678800e-01
280 6.271760e-01 4.132000e-03 3.686920e-01
281 6.266160e-01 4.020000e-03 3.693640e-01
282 6.260280e-01 4.072000e-03 3.699000e-01
283 6.254440e-01 3.984000e-03 3.705720e-01
284 6.248640e-01 3.940000e-03 3.711960e-01
285 6.241520e-01 3.976000e-03 3.718720e-01
286 6.235760e-01 3.888000e-03 3.725360e-01
287 6.229320e-01 3.912000e-03 3.731560e-01
288 6.223600e-01 3.880000e-03 3.737600e-01
289 6.217560e-01 3.912000e-03 3.743320e-01
290 6.213240e-01 3.624000e-03 3.750520e-01
291 6.208200e-01 3.464000e-03 3.757160e-01
292 6.202400e-01 3.484000e-03 3.762760e-01
293 6.198400e-01 3.244000e-03 3.769160e-01
294 6.194040e-01 3.108000e-03 3.774880e-01
295 6.189480e-01 3.004000e-03 3.780480e-01
296 6.184560e-01 3.000000e-03 3.785440e-01
297 6.179640e-01 2.960000e-03 3.790760e-01
298 6.174680e-01 2.864000e-03 3.796680e-01
299 6.169840e-01 2.852000e-03 3.801640e-01
300 6.164840e-01 2.844000e-03 3.806720e-01
301 6.160680e-01 2.728000e-03 3.812040e-01
302 6.156520e-01 2.660000e-03 3.816880e-01
303 6.152240e-01 2.676000e-03 3.821000e-01
304 6.147960e-01 2.688000e-03 3.825160e-01
305 6.143880e-01 2.696000e-03 3.829160e-01
306 6.139160e-01 2.680000e-03 3.834040e-01
307 6.133840e-01 2.720000e-03 3.838960e-01
308 6.130040e-01 2.588000e-03 3.844080e-01
309 6.126400e-01 2.544000e-03 3.848160e-01
310 6.122400e-01 2.544000e-03 3.852160e-01
311 6.118120e-01 2.496000e-03 3.856920e-01
312 6.113160e-01 2.572000e-03 3.861120e-01
313 6.108680e-01 2.592000e-03 3.865400e-01
314 6.104640e-01 2.488000e-03 3.870480e-01
315 6.100400e-01 2.448000e-03 3.875120e-01
316 6.096080e-01 2.484000e-03 3.879080e-01
317 6.092040e-01 2.436000e-03 3.883600e-01
318 6.087640e-01 2.536000e-03 3.887000e-01
319 6.083800e-01 2.440000e-03 3.891800e-01
320 6.080200e-01 2.400000e-03 3.895800e-01
321 6.076240e-01 2.356000e-03 3.900200e-01
322 6.073160e-01 2.252000e-03 3.904320e-01
323 6.068840e-01 2.304000e-03 3.908120e-01
324 6.065040e-01 2.280000e-03 3.912160e-01
325 6.061360e-01 2.268000e-03 3.915960e-01
326 6.058200e-01 2.188000e-03 3.919920e-01
327 6.054280e-01 2.228000e-03 3.923440e-01
328 6.050880e-01 2.204000e-03 3.927080e-01
329 6.047280e-01 2.200000e-03 3.930720e-01
330 6.044240e-01 2.096000e-03 3.934800e-01
331 6.041560e-01 2.044000e-03 3.938000e-01
332 6.038600e-01 1.944000e-03 3.941960e-01
333 6.035880e-01 1.896000e-03 3.945160e-01
334 6.033200e-01 1.844000e-03 3.948360e-01
335 6.030520e-01 1.788000e-03 3.951600e-01
336 6.027760e-01 1.720000e-03 3.955040e-01
337 6.025240e-01 1.688000e-03 3.957880e-01
338 6.022640e-01 1.632000e-03 3.961040e-01
339 6.019800e-01 1.608000e-03 3.964120e-01
340 6.017120e-01 1.612000e-03 3.966760e-01
341 6.014960e-01 1.584000e-03 3.969200e-01
342 6.012960e-01 1.492000e-03 3.972120e-01
343 6.010400e-01 1.492000e-03 3.974680e-01
344 6.007880e-01 1.480000e-03 3.977320e-01
345 6.005160e-01 1.528000e-03 3.979560e-01
346 6.002040e-01 1.560000e-03 3.982360e-01
347 5.999360e-01 1.564000e-03 3.985000e-01
348 5.996320e-01 1.572000e-03 3.987960e-01
349 5.993520e-01 1.584000e-03 3.990640e-01
350 5.990880e-01 1.584000e-03 3.993280e-01
351 5.988320e-01 1.572000e-03 3.995960e-01
352 5.986040e-01 1.608000e-03 3.997880e-01
353 5.983240e-01 1.652000e-03 4.000240e-01
354 5.979800e-01 1.724000e-03 4.002960e-01
355 5.976760e-01 1.748000e-03 4.005760e-01
356 5.973400e-01 1.748000e-03 4.009120e-01
357 5.970200e-01 1.764000e-03 4.012160e-01
358 5.967600e-01 1.696000e-03 4.015440e-01
359 5.964120e-01 1.740000e-03 4.018480e-01
360 5.961040e-01 1.756000e-03 4.021400e-01
361 5.958360e-01 1.680000e-03 4.024840e-01
362 5.955960e-01 1.628000e-03 4.027760e-01
363 5.952920e-01 1.628000e-03 4.030800e-01
364 5.949960e-01 1.680000e-03 4.033240e-01
365 5.945880e-01 1.788000e-03 4.036240e-01
366 5.943000e-01 1.740000e-03 4.039600e-01
367 5.939520e-01 1.752000e-03 4.042960e-01
368 5.936760e-01 1.712000e-03 4.046120e-01
369 5.934000e-01 1.724000e-03 4.048760e-01
370 5.931160e-01 1.716000e-03 4.051680e-01
371 5.929160e-01 1.608000e-03 4.054760e-01
372 5.926280e-01 1.624000e-03 4.057480e-01
373 5.923720e-01 1.612000e-03 4.060160e-01
374 5.921640e-01 1.512000e-03 4.063240e-01
375 5.918760e-01 1.544000e-03 4.065800e-01
376 5.916560e-01 1.468000e-03 4.068760e-01
377 5.913960e-01 1.496000e-03 4.071080e-01
378 5.911000e-01 1.540000e-03 4.073600e-01
379 5.908560e-01 1.540000e-03 4.076040e-01
380 5.905800e-01 1.552000e-03 4.078680e-01
381 5.902160e-01 1.612000e-03 4.081720e-01
382 5.899400e-01 1.580000e-03 4.084800e-01
383 5.896560e-01 1.596000e-03 4.087480e-01
384 5.893400e-01 1.624000e-03 4.090360e-01
385 5.890800e-01 1.652000e-03 4.092680e-01
386 5.888640e-01 1.620000e-03 4.095160e-01
387 5.886280e-01 1.564000e-03 4.098080e-01
388 5.883000e-01 1.576000e-03 4.101240e-01
389 5.880200e-01 1.528000e-03 4.104520e-01
390 5.877320e-01 1.544000e-03 4.107240e-01
391 5.874440e-01 1.620000e-03 4.109360e-01
392 5.871720e-01 1.596000e-03 4.112320e-01
393 5.868920e-01 1.612000e-03 4.114960e-01
394 5.866360e-01 1.540000e-03 4.118240e-01
395 5.863440e-01 1.532000e-03 4.121240e-01
396 5.860320e-01 1.532000e-03 4.124360e-01
397 5.858360e-01 1.448000e-03 4.127160e-01
398 5.856000e-01 1.436000e-03 4.129640e-01
399 5.853760e-01 1.404000e-03 4.132200e-01
400 5.851440e-01 1.328000e-03 4.135280e-01
401 5.849040e-01 1.348000e-03 4.137480e-01
402 5.846320e-01 1.396000e-03 4.139720e-01
403 5.844280e-01 1.440000e-03 4.141320e-01
404 5.842280e-01 1.408000e-03 4.143640e-01
405 5.839600e-01 1.444000e-03 4.145960e-01
406 5.836800e-01 1.444000e-03 4.148760e-01
407 5.834440e-01 1.412000e-03 4.151440e-01
408 5.832640e-01 1.336000e-03 4.154000e-01
409 5.830400e-01 1.312000e-03 4.156480e-01
410 5.828360e-01 1.272000e-03 4.158920e-01
411 5.826440e-01 1.184000e-03 4.161720e-01
412 5.824680e-01 1.152000e-03 4.163800e-01
413 5.822600e-01 1.116000e-03 4.166240e-01
414 5.820840e-01 1.116000e-03 4.168000e-01
415 5.819040e-01 1.056000e-03 4.170400e-01
416 5.817040e-01 1.036000e-03 4.172600e-01
417 5.815000e-01 1.080000e-03 4.174200e-01
418 5.812520e-01 1.156000e-03 4.175920e-01
419 5.810200e-01 1.168000e-03 4.178120e-01
420 5.807840e-01 1.208000e-03 4.180080e-01
421 5.804960e-01 1.264000e-03 4.182400e-01
422 5.802560e-01 1.348000e-03 4.183960e-01
423 5.800400e-01 1.356000e-03 4.186040e-01
424 5.797160e-01 1.444000e-03 4.188400e-01
425 5.794600e-01 1.460000e-03 4.190800e-01
426 5.791720e-01 1.548000e-03 4.192800e-01
427 5.788600e-01 1.608000e-03 4.195320e-01
428 5.786120e-01 1.580000e-03 4.198080e-01
429 5.783800e-01 1.556000e-03 4.200640e-01
430 5.781480e-01 1.540000e-03 4.203120e-01
431 5.778880e-01 1.508000e-03 4.206040e-01
432 5.775760e-01 1.524000e-03 4.209000e-01
433 5.773640e-01 1.428000e-03 4.212080e-01
434 5.770760e-01 1.428000e-03 4.214960e-01
435 5.768880e-01 1.348000e-03 4.217640e-01
436 5.766840e-01 1.324000e-03 4.219920e-01
437 5.765200e-01 1.240000e-03 4.222400e-01
438 5.762840e-01 1.220000e-03 4.224960e-01
439 5.761240e-01 1.208000e-03 4.226680e-01
440 5.759360e-01 1.220000e-03 4.228440e-01
441 5.757280e-01 1.228000e-03 4.230440e-01
442 5.755440e-01 1.212000e-03 4.232440e-01
443 5.753520e-01 1.172000e-03 4.234760e-01
444 5.751640e-01 1.152000e-03 4.236840e-01
445 5.749680e-01 1.136000e-03 4.238960e-01
446 5.747800e-01 1.128000e-03 4.240920e-01
447 5.745600e-01 1.192000e-03 4.242480e-01
448 5.743520e-01 1.160000e-03 4.244880e-01
449 5.741960e-01 1.116000e-03 4.246880e-01
450 5.740080e-01 1.108000e-03 4.248840e-01
451 5.737600e-01 1.148000e-03 4.250920e-01
452 5.735720e-01 1.092000e-03 4.253360e-01
453 5.734120e-01 1.132000e-03 4.254560e-01
454 5.732480e-01 1.144000e-03 4.256080e-01
455 5.730640e-01 1.104000e-03 4.258320e-01
456 5.728960e-01 1.100000e-03 4.260040e-01
457 5.727040e-01 1.100000e-03 4.261960e-01
458 5.725200e-01 1.088000e-03 4.263920e-01
459 5.721720e-01 1.216000e-03 4.266120e-01
460 5.719560e-01 1.192000e-03 4.268520e-01
461 5.716640e-01 1.280000e-03 4.270560e-01
462 5.713960e-01 1.316000e-03 4.272880e-01
463 5.711640e-01 1.280000e-03 4.275560e-01
464 5.709840e-01 1.252000e-03 4.277640e-01
465 5.708080e-01 1.212000e-03 4.279800e-01
466 5.706280e-01 1.208000e-03 4.281640e-01
467 5.704720e-01 1.156000e-03 4.283720e-01
468 5.702760e-01 1.144000e-03 4.285800e-01
469 5.701160e-01 1.136000e-03 4.287480e-01
470 5.699800e-01 1.084000e-03 4.289360e-01
471 5.698640e-01 9.880000e-04 4.291480e-01
472 5.696960e-01 9.520000e-04 4.293520e-01
473 5.694960e-01 9.760000e-04 4.295280e-01
474 5.693160e-01 9.800000e-04 4.297040e-01
475 5.691800e-01 9.360000e-04 4.298840e-01
476 5.690360e-01 9.160000e-04 4.300480e-01
477 5.688720e-01 9.320000e-04 4.301960e-01
478 5.687240e-01 9.480000e-04 4.303280e-01
479 5.685960e-01 9.200000e-04 4.304840e-01
480 5.684560e-01 9.160000e-04 4.306280e-01
481 5.682840e-01 9.160000e-04 4.308000e-01
482 5.681320e-01 8.960000e-04 4.309720e-01
483 5.678840e-01 9.640000e-04 4.311520e-01
484 5.676720e-01 1.020000e-03 4.313080e-01
485 5.674000e-01 1.084000e-03 4.315160e-01
486 5.672080e-01 1.096000e-03 4.316960e-01
487 5.669960e-01 1.132000e-03 4.318720e-01
488 5.667600e-01 1.160000e-03 4.320800e-01
489 5.665800e-01 1.152000e-03 4.322680e-01
490 5.663560e-01 1.208000e-03 4.324360e-01
491 5.660920e-01 1.304000e-03 4.326040e-01
492 5.658800e-01 1.236000e-03 4.328840e-01
493 5.656360e-01 1.296000e-03 4.330680e-01
494 5.654320e-01 1.256000e-03 4.333120e-01
495 5.652800e-01 1.148000e-03 4.335720e-01
496 5.650880e-01 1.148000e-03 4.337640e-01
497 5.649040e-01 1.148000e-03 4.339480e-01
498 5.647480e-01 1.152000e-03 4.341000e-01
499 5.645600e-01 1.124000e-03 4.343160e-01
500 5.644440e-01 1.056000e-03 4.345000e-01
