1 9.991400e-01 7.520000e-04 1.080000e-04
2 9.986040e-01 1.060000e-03 3.360000e-04
3 9.980240e-01 1.416000e-03 5.600000e-04
4 9.974560e-01 1.696000e-03 8.480000e-04
5 9.967040e-01 2.132000e-03 1.164000e-03
6 9.958680e-01 2.572000e-03 1.560000e-03
7 9.949680e-01 3.052000e-03 1.980000e-03
8 9.940280e-01 3.404000e-03 2.568000e-03
9 9.930760e-01 3.740000e-03 3.184000e-03
10 9.921120e-01 4.076000e-03 3.812000e-03
11 9.910880e-01 4.288000e-03 4.624000e-03
12 9.901400e-01 4.472000e-03 5.388000e-03
13 9.891880e-01 4.636000e-03 6.176000e-03
14 9.881760e-01 4.764000e-03 7.060000e-03
15 9.872360e-01 4.936000e-03 7.828000e-03
16 9.860680e-01 5.244000e-03 8.688000e-03
17 9.850120e-01 5.344000e-03 9.644000e-03
18 9.838280e-01 5.596000e-03 1.057600e-02
19 9.826880e-01 5.660000e-03 1.165200e-02
20 9.814120e-01 5.976000e-03 1.261200e-02
21 9.801400e-01 6.160000e-03 1.370000e-02
22 9.789200e-01 6.240000e-03 1.484000e-02
23 9.776920e-01 6.356000e-03 1.595200e-02
24 9.764120e-01 6.556000e-03 1.703200e-02
25 9.751160e-01 6.728000e-03 1.815600e-02
26 9.739640e-01 6.640000e-03 1.939600e-02
27 9.726680e-01 6.752000e-03 2.058000e-02
28 9.713800e-01 6.824000e-03 2.179600e-02
29 9.701240e-01 7.000000e-03 2.287600e-02
30 9.687200e-01 7.180000e-03 2.410000e-02
31 9.674640e-01 7.164000e-03 2.537200e-02
32 9.662080e-01 7.076000e-03 2.671600e-02
33 9.650040e-01 7.072000e-03 2.792400e-02
34 9.637600e-01 7.144000e-03 2.909600e-02
35 9.623800e-01 7.292000e-03 3.032800e-02
36 9.610480e-01 7.292000e-03 3.166000e-02
37 9.597200e-01 7.368000e-03 3.291200e-02
38 9.583800e-01 7.352000e-03 3.426800e-02
39 9.569080e-01 7.488000e-03 3.560400e-02
40 9.554280e-01 7.732000e-03 3.684000e-02
41 9.540920e-01 7.664000e-03 3.824400e-02
42 9.527280e-01 7.852000e-03 3.942000e-02
43 9.511680e-01 7.948000e-03 4.088400e-02
44 9.495600e-01 8.148000e-03 4.229200e-02
45 9.480240e-01 8.228000e-03 4.374800e-02
46 9.466240e-01 8.208000e-03 4.516800e-02
47 9.452760e-01 8.088000e-03 4.663600e-02
48 9.437720e-01 8.288000e-03 4.794000e-02
49 9.422280e-01 8.376000e-03 4.939600e-02
50 9.407840e-01 8.380000e-03 5.083600e-02
51 9.392960e-01 8.392000e-03 5.231200e-02
52 9.376960e-01 8.432000e-03 5.387200e-02
53 9.361600e-01 8.516000e-03 5.532400e-02
54 9.346360e-01 8.648000e-03 5.671600e-02
55 9.329920e-01 8.820000e-03 5.818800e-02
56 9.314160e-01 8.684000e-03 5.990000e-02
57 9.298200e-01 8.748000e-03 6.143200e-02
58 9.282120e-01 8.880000e-03 6.290800e-02
59 9.267480e-01 8.772000e-03 6.448000e-02
60 9.252800e-01 8.684000e-03 6.603600e-02
61 9.236480e-01 8.792000e-03 6.756000e-02
62 9.221720e-01 8.724000e-03 6.910400e-02
63 9.206160e-01 8.748000e-03 7.063600e-02
64 9.190760e-01 8.796000e-03 7.212800e-02
65 9.176400e-01 8.708000e-03 7.365200e-02
66 9.161000e-01 8.768000e-03 7.513200e-02
67 9.144640e-01 8.816000e-03 7.672000e-02
68 9.129600e-01 8.756000e-03 7.828400e-02
69 9.113440e-01 8.708000e-03 7.994800e-02
70 9.097960e-01 8.760000e-03 8.144400e-02
71 9.083600e-01 8.652000e-03 8.298800e-02
72 9.068200e-01 8.716000e-03 8.446400e-02
73 9.053840e-01 8.648000e-03 8.596800e-02
74 9.039760e-01 8.368000e-03 8.765600e-02
75 9.025160e-01 8.376000e-03 8.910800e-02
76 9.010200e-01 8.448000e-03 9.053200e-02
77 8.994920e-01 8.444000e-03 9.206400e-02
78 8.980040e-01 8.540000e-03 9.345600e-02
79 8.966600e-01 8.456000e-03 9.488400e-02
80 8.951040e-01 8.624000e-03 9.627200e-02
81 8.934760e-01 8.692000e-03 9.783200e-02
82 8.918240e-01 8.792000e-03 9.938400e-02
83 8.901720e-01 8.788000e-03 1.010400e-01
84 8.886760e-01 8.732000e-03 1.025920e-01
85 8.871800e-01 8.712000e-03 1.041080e-01
86 8.857440e-01 8.628000e-03 1.056280e-01
87 8.843360e-01 8.424000e-03 1.072400e-01
88 8.829200e-01 8.272000e-03 1.088080e-01
89 8.815080e-01 8.184000e-03 1.103080e-01
90 8.802880e-01 8.040000e-03 1.116720e-01
91 8.790680e-01 7.940000e-03 1.129920e-01
92 8.776840e-01 7.996000e-03 1.143200e-01
93 8.763280e-01 7.904000e-03 1.157680e-01
94 8.751000e-01 7.708000e-03 1.171920e-01
95 8.736840e-01 7.728000e-03 1.185880e-01
96 8.725840e-01 7.544000e-03 1.198720e-01
97 8.713760e-01 7.560000e-03 1.210640e-01
98 8.702000e-01 7.484000e-03 1.223160e-01
99 8.689840e-01 7.400000e-03 1.236160e-01
100 8.678560e-01 7.308000e-03 1.248360e-01
101 8.666360e-01 7.368000e-03 1.259960e-01
102 8.652440e-01 7.368000e-03 1.273880e-01
103 8.639880e-01 7.292000e-03 1.287200e-01
104 8.628400e-01 7.164000e-03 1.299960e-01
105 8.616840e-01 7.068000e-03 1.312480e-01
106 8.604880e-01 7.012000e-03 1.325000e-01
107 8.594000e-01 6.844000e-03 1.337560e-01
108 8.583080e-01 6.724000e-03 1.349680e-01
109 8.570920e-01 6.764000e-03 1.361440e-01
110 8.559920e-01 6.728000e-03 1.372800e-01
111 8.547720e-01 6.744000e-03 1.384840e-01
112 8.536360e-01 6.652000e-03 1.397120e-01
113 8.525320e-01 6.608000e-03 1.408600e-01
114 8.513320e-01 6.612000e-03 1.420560e-01
115 8.503280e-01 6.388000e-03 1.432840e-01
116 8.492840e-01 6.316000e-03 1.444000e-01
117 8.482280e-01 6.248000e-03 1.455240e-01
118 8.470600e-01 6.256000e-03 1.466840e-01
119 8.460320e-01 6.096000e-03 1.478720e-01
120 8.450040e-01 5.988000e-03 1.490080e-01
121 8.440600e-01 5.808000e-03 1.501320e-01
122 8.430480e-01 5.704000e-03 1.512480e-01
123 8.421600e-01 5.648000e-03 1.521920e-01
124 8.410640e-01 5.708000e-03 1.532280e-01
125 8.400400e-01 5.716000e-03 1.542440e-01
126 8.390000e-01 5.756000e-03 1.552440e-01
127 8.380400e-01 5.672000e-03 1.562880e-01
128 8.369880e-01 5.692000e-03 1.573200e-01
129 8.359280e-01 5.724000e-03 1.583480e-01
130 8.349120e-01 5.676000e-03 1.594120e-01
131 8.338400e-01 5.668000e-03 1.604920e-01
132 8.328520e-01 5.624000e-03 1.615240e-01
133 8.318200e-01 5.720000e-03 1.624600e-01
134 8.308840e-01 5.580000e-03 1.635360e-01
135 8.298120e-01 5.636000e-03 1.645520e-01
136 8.287640e-01 5.708000e-03 1.655280e-01
137 8.278240e-01 5.668000e-03 1.665080e-01
138 8.267840e-01 5.644000e-03 1.675720e-01
139 8.257280e-01 5.736000e-03 1.685360e-01
140 8.246000e-01 5.856000e-03 1.695440e-01
141 8.235320e-01 5.816000e-03 1.706520e-01
142 8.225720e-01 5.812000e-03 1.716160e-01
143 8.214040e-01 5.884000e-03 1.727120e-01
144 8.203000e-01 5.952000e-03 1.737480e-01
145 8.192480e-01 6.040000e-03 1.747120e-01
146 8.181000e-01 6.088000e-03 1.758120e-01
147 8.170840e-01 5.948000e-03 1.769680e-01
148 8.160960e-01 5.844000e-03 1.780600e-01
149 8.149520e-01 5.944000e-03 1.791040e-01
150 8.139240e-01 5.932000e-03 1.801440e-01
151 8.128800e-01 5.980000e-03 1.811400e-01
152 8.118520e-01 6.036000e-03 1.821120e-01
153 8.107160e-01 6.148000e-03 1.831360e-01
154 8.096200e-01 6.168000e-03 1.842120e-01
155 8.086760e-01 6.064000e-03 1.852600e-01
156 8.077080e-01 5.912000e-03 1.863800e-01
157 8.066360e-01 5.984000e-03 1.873800e-01
158 8.055480e-01 6.000000e-03 1.884520e-01
159 8.044560e-01 6.068000e-03 1.894760e-01
160 8.033240e-01 6.112000e-03 1.905640e-01
161 8.022800e-01 6.032000e-03 1.916880e-01
162 8.010920e-01 6.212000e-03 1.926960e-01
163 8.000000e-01 6.120000e-03 1.938800e-01
164 7.989160e-01 6.160000e-03 1.949240e-01
165 7.977480e-01 6.208000e-03 1.960440e-01
166 7.967000e-01 6.120000e-03 1.971800e-01
167 7.955720e-01 6.204000e-03 1.982240e-01
168 7.944320e-01 6.240000e-03 1.993280e-01
169 7.932840e-01 6.352000e-03 2.003640e-01
170 7.920760e-01 6.424000e-03 2.015000e-01
171 7.908560e-01 6.452000e-03 2.026920e-01
172 7.898480e-01 6.384000e-03 2.037680e-01
173 7.885680e-01 6.556000e-03 2.048760e-01
174 7.875200e-01 6.348000e-03 2.061320e-01
175 7.865680e-01 6.304000e-03 2.071280e-01
176 7.855560e-01 6.320000e-03 2.081240e-01
177 7.844800e-01 6.292000e-03 2.092280e-01
178 7.834600e-01 6.192000e-03 2.103480e-01
179 7.824200e-01 6.044000e-03 2.115360e-01
180 7.814600e-01 6.020000e-03 2.125200e-01
181 7.805000e-01 5.856000e-03 2.136440e-01
182 7.794320e-01 5.972000e-03 2.145960e-01
183 7.783160e-01 6.044000e-03 2.156400e-01
184 7.772360e-01 6.092000e-03 2.166720e-01
185 7.761520e-01 6.040000e-03 2.178080e-01
186 7.751040e-01 5.976000e-03 2.189200e-01
187 7.741080e-01 5.968000e-03 2.199240e-01
188 7.729320e-01 6.148000e-03 2.209200e-01
189 7.719680e-01 6.064000e-03 2.219680e-01
190 7.710200e-01 5.940000e-03 2.230400e-01
191 7.701080e-01 5.816000e-03 2.240760e-01
192 7.690040e-01 5.940000e-03 2.250560e-01
193 7.679760e-01 5.904000e-03 2.261200e-01
194 7.670200e-01 5.828000e-03 2.271520e-01
195 7.661160e-01 5.636000e-03 2.282480e-01
196 7.652280e-01 5.536000e-03 2.292360e-01
197 7.642680e-01 5.544000e-03 2.301880e-01
198 7.633720e-01 5.568000e-03 2.310600e-01
199 7.624600e-01 5.460000e-03 2.320800e-01
200 7.615160e-01 5.460000e-03 2.330240e-01
201 7.605240e-01 5.584000e-03 2.338920e-01
202 7.595040e-01 5.628000e-03 2.348680e-01
203 7.585680e-01 5.572000e-03 2.358600e-01
204 7.576360e-01 5.544000e-03 2.368200e-01
205 7.566920e-01 5.612000e-03 2.376960e-01
206 7.557880e-01 5.592000e-03 2.386200e-01
207 7.547800e-01 5.588000e-03 2.396320e-01
208 7.538800e-01 5.552000e-03 2.405680e-01
209 7.530080e-01 5.480000e-03 2.415120e-01
210 7.520400e-01 5.540000e-03 2.424200e-01
211 7.510120e-01 5.524000e-03 2.434640e-01
212 7.499520e-01 5.680000e-03 2.443680e-01
213 7.489400e-01 5.724000e-03 2.453360e-01
214 7.478800e-01 5.728000e-03 2.463920e-01
215 7.468040e-01 5.756000e-03 2.474400e-01
216 7.457880e-01 5.664000e-03 2.485480e-01
217 7.446560e-01 5.860000e-03 2.494840e-01
218 7.435920e-01 5.944000e-03 2.504640e-01
219 7.425400e-01 5.912000e-03 2.515480e-01
220 7.414640e-01 5.960000e-03 2.525760e-01
221 7.406200e-01 5.712000e-03 2.536680e-01
222 7.397520e-01 5.648000e-03 2.546000e-01
223 7.387800e-01 5.636000e-03 2.555840e-01
224 7.378960e-01 5.456000e-03 2.566480e-01
225 7.371040e-01 5.328000e-03 2.575680e-01
226 7.362800e-01 5.188000e-03 2.585320e-01
227 7.356200e-01 4.952000e-03 2.594280e-01
228 7.347720e-01 4.976000e-03 2.602520e-01
229 7.339920e-01 4.936000e-03 2.610720e-01
230 7.332160e-01 4.908000e-03 2.618760e-01
231 7.322000e-01 5.032000e-03 2.627680e-01
232 7.312160e-01 5.108000e-03 2.636760e-01
233 7.303640e-01 5.128000e-03 2.645080e-01
234 7.293280e-01 5.276000e-03 2.653960e-01
235 7.283480e-01 5.320000e-03 2.663320e-01
236 7.276000e-01 5.224000e-03 2.671760e-01
237 7.267080e-01 5.168000e-03 2.681240e-01
238 7.257960e-01 5.200000e-03 2.690040e-01
239 7.249320e-01 5.124000e-03 2.699440e-01
240 7.241120e-01 5.012000e-03 2.708760e-01
241 7.232560e-01 4.932000e-03 2.718120e-01
242 7.224720e-01 4.876000e-03 2.726520e-01
243 7.216400e-01 4.884000e-03 2.734760e-01
244 7.209280e-01 4.676000e-03 2.743960e-01
245 7.202560e-01 4.564000e-03 2.751800e-01
246 7.195800e-01 4.492000e-03 2.759280e-01
247 7.188680e-01 4.392000e-03 2.767400e-01
248 7.181840e-01 4.248000e-03 2.775680e-01
249 7.174600e-01 4.316000e-03 2.782240e-01
250 7.167560e-01 4.264000e-03 2.789800e-01
251 7.160560e-01 4.244000e-03 2.797000e-01
252 7.153680e-01 4.156000e-03 2.804760e-01
253 7.147800e-01 4.020000e-03 2.812000e-01
254 7.141360e-01 4.012000e-03 2.818520e-01
255 7.135000e-01 3.964000e-03 2.825360e-01
256 7.127920e-01 3.912000e-03 2.832960e-01
257 7.121760e-01 3.884000e-03 2.839400e-01
258 7.115400e-01 3.868000e-03 2.845920e-01
259 7.108400e-01 3.876000e-03 2.852840e-01
260 7.102280e-01 3.820000e-03 2.859520e-01
261 7.094960e-01 3.888000e-03 2.866160e-01
262 7.087440e-01 3.960000e-03 2.872960e-01
263 7.080080e-01 4.080000e-03 2.879120e-01
264 7.072840e-01 4.040000e-03 2.886760e-01
265 7.065280e-01 4.076000e-03 2.893960e-01
266 7.057760e-01 4.152000e-03 2.900720e-01
267 7.049600e-01 4.228000e-03 2.908120e-01
268 7.041720e-01 4.252000e-03 2.915760e-01
269 7.034520e-01 4.356000e-03 2.921920e-01
270 7.027520e-01 4.352000e-03 2.928960e-01
271 7.020200e-01 4.312000e-03 2.936680e-01
272 7.013640e-01 4.324000e-03 2.943120e-01
273 7.006840e-01 4.316000e-03 2.950000e-01
274 6.999960e-01 4.296000e-03 2.957080e-01
275 6.992840e-01 4.264000e-03 2.964520e-01
276 6.985800e-01 4.248000e-03 2.971720e-01
277 6.979040e-01 4.192000e-03 2.979040e-01
278 6.970800e-01 4.272000e-03 2.986480e-01
279 6.963560e-01 4.292000e-03 2.993520e-01
280 6.956920e-01 4.200000e-03 3.001080e-01
281 6.949680e-01 4.160000e-03 3.008720e-01
282 6.943600e-01 4.028000e-03 3.016120e-01
283 6.937480e-01 3.944000e-03 3.023080e-01
284 6.931680e-01 3.876000e-03 3.029560e-01
285 6.925440e-01 3.752000e-03 3.037040e-01
286 6.919480e-01 3.688000e-03 3.043640e-01
287 6.913320e-01 3.676000e-03 3.049920e-01
288 6.908920e-01 3.460000e-03 3.056480e-01
289 6.903640e-01 3.376000e-03 3.062600e-01
290 6.898320e-01 3.344000e-03 3.068240e-01
291 6.893680e-01 3.196000e-03 3.074360e-01
292 6.888480e-01 3.144000e-03 3.080080e-01
293 6.883160e-01 3.136000e-03 3.085480e-01
294 6.878040e-01 3.092000e-03 3.091040e-01
295 6.872640e-01 3.100000e-03 3.096360e-01
296 6.867480e-01 3.116000e-03 3.101360e-01
297 6.862640e-01 3.072000e-03 3.106640e-01
298 6.857840e-01 3.036000e-03 3.111800e-01
299 6.853160e-01 2.888000e-03 3.117960e-01
300 6.847960e-01 2.908000e-03 3.122960e-01
301 6.844120e-01 2.816000e-03 3.127720e-01
302 6.840040e-01 2.700000e-03 3.132960e-01
303 6.835280e-01 2.756000e-03 3.137160e-01
304 6.829920e-01 2.848000e-03 3.141600e-01
305 6.825280e-01 2.820000e-03 3.146520e-01
306 6.820920e-01 2.808000e-03 3.151000e-01
307 6.816600e-01 2.744000e-03 3.155960e-01
308 6.811960e-01 2.740000e-03 3.160640e-01
309 6.807480e-01 2.732000e-03 3.165200e-01
310 6.803520e-01 2.660000e-03 3.169880e-01
311 6.798520e-01 2.632000e-03 3.175160e-01
312 6.794120e-01 2.592000e-03 3.179960e-01
313 6.789160e-01 2.604000e-03 3.184800e-01
314 6.785120e-01 2.568000e-03 3.189200e-01
315 6.781000e-01 2.520000e-03 3.193800e-01
316 6.776320e-01 2.576000e-03 3.197920e-01
317 6.771840e-01 2.624000e-03 3.201920e-01
318 6.767960e-01 2.564000e-03 3.206400e-01
319 6.763400e-01 2.564000e-03 3.210960e-01
320 6.759520e-01 2.524000e-03 3.215240e-01
321 6.754880e-01 2.512000e-03 3.220000e-01
322 6.750800e-01 2.504000e-03 3.224160e-01
323 6.746360e-01 2.424000e-03 3.229400e-01
324 6.742120e-01 2.444000e-03 3.233440e-01
325 6.737840e-01 2.448000e-03 3.237680e-01
326 6.733800e-01 2.404000e-03 3.242160e-01
327 6.730000e-01 2.336000e-03 3.246640e-01
328 6.726280e-01 2.304000e-03 3.250680e-01
329 6.721760e-01 2.424000e-03 3.254000e-01
330 6.717480e-01 2.416000e-03 3.258360e-01
331 6.712360e-01 2.476000e-03 3.262880e-01
332 6.707520e-01 2.540000e-03 3.267080e-01
333 6.702760e-01 2.496000e-03 3.272280e-01
334 6.698760e-01 2.512000e-03 3.276120e-01
335 6.695280e-01 2.408000e-03 3.280640e-01
336 6.691320e-01 2.376000e-03 3.284920e-01
337 6.687720e-01 2.284000e-03 3.289440e-01
338 6.683600e-01 2.284000e-03 3.293560e-01
339 6.680360e-01 2.256000e-03 3.297080e-01
340 6.676200e-01 2.292000e-03 3.300880e-01
341 6.672400e-01 2.280000e-03 3.304800e-01
342 6.668400e-01 2.260000e-03 3.309000e-01
343 6.663800e-01 2.340000e-03 3.312800e-01
344 6.658520e-01 2.472000e-03 3.316760e-01
345 6.654200e-01 2.500000e-03 3.320800e-01
346 6.650600e-01 2.484000e-03 3.324560e-01
347 6.646200e-01 2.516000e-03 3.328640e-01
348 6.641360e-01 2.468000e-03 3.333960e-01
349 6.636960e-01 2.448000e-03 3.338560e-01
350 6.632840e-01 2.456000e-03 3.342600e-01
351 6.629800e-01 2.264000e-03 3.347560e-01
352 6.626320e-01 2.248000e-03 3.351200e-01
353 6.622360e-01 2.176000e-03 3.355880e-01
354 6.618480e-01 2.200000e-03 3.359520e-01
355 6.614880e-01 2.160000e-03 3.363520e-01
356 6.611880e-01 2.132000e-03 3.366800e-01
357 6.608400e-01 2.116000e-03 3.370440e-01
358 6.604880e-01 2.092000e-03 3.374200e-01
359 6.601640e-01 2.048000e-03 3.377880e-01
360 6.598040e-01 2.016000e-03 3.381800e-01
361 6.595280e-01 1.940000e-03 3.385320e-01
362 6.592440e-01 1.912000e-03 3.388440e-01
363 6.588800e-01 1.908000e-03 3.392120e-01
364 6.585320e-01 1.876000e-03 3.395920e-01
365 6.582520e-01 1.796000e-03 3.399520e-01
366 6.579840e-01 1.744000e-03 3.402720e-01
367 6.576960e-01 1.752000e-03 3.405520e-01
368 6.573680e-01 1.756000e-03 3.408760e-01
369 6.571000e-01 1.772000e-03 3.411280e-01
370 6.567720e-01 1.820000e-03 3.414080e-01
371 6.563440e-01 1.932000e-03 3.417240e-01
372 6.560000e-01 1.980000e-03 3.420200e-01
373 6.557000e-01 1.896000e-03 3.424040e-01
374 6.553360e-01 1.904000e-03 3.427600e-01
375 6.550360e-01 1.816000e-03 3.431480e-01
376 6.547240e-01 1.828000e-03 3.434480e-01
377 6.544200e-01 1.868000e-03 3.437120e-01
378 6.541080e-01 1.840000e-03 3.440520e-01
379 6.537280e-01 1.892000e-03 3.443800e-01
380 6.533200e-01 2.040000e-03 3.446400e-01
381 6.529920e-01 2.044000e-03 3.449640e-01
382 6.526560e-01 2.024000e-03 3.453200e-01
383 6.523600e-01 1.984000e-03 3.456560e-01
384 6.520800e-01 1.868000e-03 3.460520e-01
385 6.517560e-01 1.868000e-03 3.463760e-01
386 6.514320e-01 1.892000e-03 3.466760e-01
387 6.511640e-01 1.840000e-03 3.469960e-01
388 6.508760e-01 1.820000e-03 3.473040e-01
389 6.505760e-01 1.780000e-03 3.476440e-01
390 6.502920e-01 1.776000e-03 3.479320e-01
391 6.500080e-01 1.768000e-03 3.482240e-01
392 6.497480e-01 1.696000e-03 3.485560e-01
393 6.495320e-01 1.632000e-03 3.488360e-01
394 6.492040e-01 1.636000e-03 3.491600e-01
395 6.489040e-01 1.696000e-03 3.494000e-01
396 6.486320e-01 1.672000e-03 3.496960e-01
397 6.483560e-01 1.672000e-03 3.499720e-01
398 6.481120e-01 1.656000e-03 3.502320e-01
399 6.477480e-01 1.780000e-03 3.504720e-01
400 6.473800e-01 1.784000e-03 3.508360e-01
401 6.469800e-01 1.880000e-03 3.511400e-01
402 6.465240e-01 2.012000e-03 3.514640e-01
403 6.461360e-01 2.100000e-03 3.517640e-01
404 6.457840e-01 2.040000e-03 3.521760e-01
405 6.455040e-01 1.936000e-03 3.525600e-01
406 6.452480e-01 1.832000e-03 3.529200e-01
407 6.450000e-01 1.804000e-03 3.531960e-01
408 6.447200e-01 1.740000e-03 3.535400e-01
409 6.444800e-01 1.684000e-03 3.538360e-01
410 6.442400e-01 1.660000e-03 3.541000e-01
411 6.439600e-01 1.712000e-03 3.543280e-01
412 6.436880e-01 1.712000e-03 3.546000e-01
413 6.433800e-01 1.748000e-03 3.548720e-01
414 6.430640e-01 1.760000e-03 3.551760e-01
415 6.428480e-01 1.660000e-03 3.554920e-01
416 6.425680e-01 1.656000e-03 3.557760e-01
417 6.423280e-01 1.564000e-03 3.561080e-01
418 6.420600e-01 1.532000e-03 3.564080e-01
419 6.417960e-01 1.504000e-03 3.567000e-01
420 6.414840e-01 1.616000e-03 3.569000e-01
421 6.412200e-01 1.600000e-03 3.571800e-01
422 6.410400e-01 1.540000e-03 3.574200e-01
423 6.408000e-01 1.492000e-03 3.577080e-01
424 6.405120e-01 1.536000e-03 3.579520e-01
425 6.402800e-01 1.524000e-03 3.581960e-01
426 6.400240e-01 1.492000e-03 3.584840e-01
427 6.397880e-01 1.500000e-03 3.587120e-01
428 6.395080e-01 1.548000e-03 3.589440e-01
429 6.392000e-01 1.664000e-03 3.591360e-01
430 6.389920e-01 1.568000e-03 3.594400e-01
431 6.387720e-01 1.476000e-03 3.597520e-01
432 6.386160e-01 1.388000e-03 3.599960e-01
433 6.384360e-01 1.368000e-03 3.601960e-01
434 6.382320e-01 1.368000e-03 3.604000e-01
435 6.380360e-01 1.348000e-03 3.606160e-01
436 6.378840e-01 1.220000e-03 3.608960e-01
437 6.377240e-01 1.152000e-03 3.611240e-01
438 6.375640e-01 1.136000e-03 3.613000e-01
439 6.373600e-01 1.088000e-03 3.615520e-01
440 6.372160e-01 1.076000e-03 3.617080e-01
441 6.370320e-01 1.040000e-03 3.619280e-01
442 6.368440e-01 1.044000e-03 3.621120e-01
443 6.366680e-01 1.000000e-03 3.623320e-01
444 6.364920e-01 9.800000e-04 3.625280e-01
445 6.363080e-01 9.680000e-04 3.627240e-01
446 6.361160e-01 1.040000e-03 3.628440e-01
447 6.359240e-01 1.036000e-03 3.630400e-01
448 6.357280e-01 1.052000e-03 3.632200e-01
449 6.355440e-01 1.020000e-03 3.634360e-01
450 6.354120e-01 9.440000e-04 3.636440e-01
451 6.352800e-01 8.920000e-04 3.638280e-01
452 6.351760e-01 8.400000e-04 3.639840e-01
453 6.350000e-01 8.720000e-04 3.641280e-01
454 6.348400e-01 8.240000e-04 3.643360e-01
455 6.347120e-01 8.040000e-04 3.644840e-01
456 6.345600e-01 8.160000e-04 3.646240e-01
457 6.344200e-01 8.480000e-04 3.647320e-01
458 6.342240e-01 9.120000e-04 3.648640e-01
459 6.340720e-01 9.360000e-04 3.649920e-01
460 6.338480e-01 1.004000e-03 3.651480e-01
461 6.336720e-01 1.028000e-03 3.653000e-01
462 6.335000e-01 1.048000e-03 3.654520e-01
463 6.333640e-01 1.044000e-03 3.655920e-01
464 6.332080e-01 1.016000e-03 3.657760e-01
465 6.330640e-01 9.680000e-04 3.659680e-01
466 6.329320e-01 9.520000e-04 3.661160e-01
467 6.327840e-01 9.080000e-04 3.663080e-01
468 6.326400e-01 9.160000e-04 3.664440e-01
469 6.325080e-01 8.720000e-04 3.666200e-01
470 6.323760e-01 8.520000e-04 3.667720e-01
471 6.322800e-01 8.360000e-04 3.668840e-01
472 6.321960e-01 7.840000e-04 3.670200e-01
473 6.321120e-01 6.920000e-04 3.671960e-01
474 6.320520e-01 6.600000e-04 3.672880e-01
475 6.320200e-01 5.520000e-04 3.674280e-01
476 6.319560e-01 5.120000e-04 3.675320e-01
477 6.318520e-01 5.320000e-04 3.676160e-01
478 6.317760e-01 5.360000e-04 3.676880e-01
479 6.317000e-01 4.880000e-04 3.678120e-01
480 6.316280e-01 4.680000e-04 3.679040e-01
481 6.315840e-01 4.440000e-04 3.679720e-01
482 6.315240e-01 4.080000e-04 3.680680e-01
483 6.314760e-01 3.920000e-04 3.681320e-01
484 6.314360e-01 3.600000e-04 3.682040e-01
485 6.313720e-01 3.840000e-04 3.682440e-01
486 6.313120e-01 3.760000e-04 3.683120e-01
487 6.312160e-01 3.880000e-04 3.683960e-01
488 6.311360e-01 4.280000e-04 3.684360e-01
489 6.310720e-01 4.080000e-04 3.685200e-01
490 6.309680e-01 4.440000e-04 3.685880e-01
491 6.309040e-01 4.160000e-04 3.686800e-01
492 6.308320e-01 3.960000e-04 3.687720e-01
493 6.307320e-01 4.200000e-04 3.688480e-01
494 6.306920e-01 3.720000e-04 3.689360e-01
495 6.306360e-01 3.600000e-04 3.690040e-01
496 6.305960e-01 3.560000e-04 3.690480e-01
497 6.305560e-01 3.400000e-04 3.691040e-01
498 6.304760e-01 3.640000e-04 3.691600e-01
499 6.304000e-01 3.720000e-04 3.692280e-01
500 6.302880e-01 4.080000e-04 3.693040e-01
