1 9.991440e-01 7.720000e-04 8.400000e-05
2 9.986080e-01 1.156000e-03 2.360000e-04
3 9.980160e-01 1.500000e-03 4.840000e-04
4 9.972680e-01 1.900000e-03 8.320000e-04
5 9.965280e-01 2.280000e-03 1.192000e-03
6 9.957000e-01 2.696000e-03 1.604000e-03
7 9.948800e-01 3.040000e-03 2.080000e-03
8 9.939320e-01 3.444000e-03 2.624000e-03
9 9.929880e-01 3.768000e-03 3.244000e-03
10 9.919120e-01 4.332000e-03 3.756000e-03
11 9.907680e-01 4.648000e-03 4.584000e-03
12 9.896880e-01 4.968000e-03 5.344000e-03
13 9.885800e-01 5.152000e-03 6.268000e-03
14 9.873360e-01 5.488000e-03 7.176000e-03
15 9.861720e-01 5.616000e-03 8.212000e-03
16 9.849040e-01 5.968000e-03 9.128000e-03
17 9.835720e-01 6.312000e-03 1.011600e-02
18 9.820640e-01 6.648000e-03 1.128800e-02
19 9.807560e-01 6.892000e-03 1.235200e-02
20 9.793800e-01 7.068000e-03 1.355200e-02
21 9.781160e-01 6.964000e-03 1.492000e-02
22 9.768520e-01 6.976000e-03 1.617200e-02
23 9.755080e-01 7.028000e-03 1.746400e-02
24 9.741520e-01 7.128000e-03 1.872000e-02
25 9.726120e-01 7.324000e-03 2.006400e-02
26 9.711840e-01 7.460000e-03 2.135600e-02
27 9.698240e-01 7.440000e-03 2.273600e-02
28 9.684280e-01 7.520000e-03 2.405200e-02
29 9.670160e-01 7.624000e-03 2.536000e-02
30 9.655720e-01 7.920000e-03 2.650800e-02
31 9.641720e-01 7.832000e-03 2.799600e-02
32 9.627800e-01 7.988000e-03 2.923200e-02
33 9.613440e-01 8.100000e-03 3.055600e-02
34 9.598920e-01 8.088000e-03 3.202000e-02
35 9.582680e-01 8.284000e-03 3.344800e-02
36 9.568160e-01 8.168000e-03 3.501600e-02
37 9.553440e-01 8.260000e-03 3.639600e-02
38 9.537440e-01 8.536000e-03 3.772000e-02
39 9.522160e-01 8.476000e-03 3.930800e-02
40 9.507480e-01 8.484000e-03 4.076800e-02
41 9.492000e-01 8.568000e-03 4.223200e-02
42 9.476920e-01 8.580000e-03 4.372800e-02
43 9.462400e-01 8.488000e-03 4.527200e-02
44 9.448160e-01 8.548000e-03 4.663600e-02
45 9.435640e-01 8.368000e-03 4.806800e-02
46 9.420640e-01 8.440000e-03 4.949600e-02
47 9.405200e-01 8.500000e-03 5.098000e-02
48 9.390920e-01 8.456000e-03 5.245200e-02
49 9.374600e-01 8.692000e-03 5.384800e-02
50 9.360480e-01 8.592000e-03 5.536000e-02
51 9.346040e-01 8.600000e-03 5.679600e-02
52 9.331360e-01 8.568000e-03 5.829600e-02
53 9.318040e-01 8.376000e-03 5.982000e-02
54 9.303600e-01 8.332000e-03 6.130800e-02
55 9.290560e-01 8.208000e-03 6.273600e-02
56 9.276080e-01 8.180000e-03 6.421200e-02
57 9.261360e-01 8.140000e-03 6.572400e-02
58 9.247920e-01 7.968000e-03 6.724000e-02
59 9.235400e-01 7.808000e-03 6.865200e-02
60 9.222240e-01 7.720000e-03 7.005600e-02
61 9.210520e-01 7.600000e-03 7.134800e-02
62 9.196240e-01 7.624000e-03 7.275200e-02
63 9.183240e-01 7.604000e-03 7.407200e-02
64 9.170000e-01 7.560000e-03 7.544000e-02
65 9.157000e-01 7.512000e-03 7.678800e-02
66 9.143200e-01 7.688000e-03 7.799200e-02
67 9.128480e-01 7.860000e-03 7.929200e-02
68 9.112760e-01 7.948000e-03 8.077600e-02
69 9.096960e-01 8.156000e-03 8.214800e-02
70 9.081160e-01 8.252000e-03 8.363200e-02
71 9.065640e-01 8.356000e-03 8.508000e-02
72 9.049360e-01 8.544000e-03 8.652000e-02
73 9.034080e-01 8.640000e-03 8.795200e-02
74 9.019040e-01 8.844000e-03 8.925200e-02
75 9.002320e-01 8.956000e-03 9.081200e-02
76 8.985520e-01 9.076000e-03 9.237200e-02
77 8.969640e-01 9.088000e-03 9.394800e-02
78 8.954320e-01 8.908000e-03 9.566000e-02
79 8.936480e-01 9.000000e-03 9.735200e-02
80 8.919080e-01 9.164000e-03 9.892800e-02
81 8.902800e-01 9.144000e-03 1.005760e-01
82 8.887160e-01 9.172000e-03 1.021120e-01
83 8.872800e-01 8.980000e-03 1.037400e-01
84 8.857520e-01 8.980000e-03 1.052680e-01
85 8.844320e-01 8.688000e-03 1.068800e-01
86 8.829720e-01 8.564000e-03 1.084640e-01
87 8.816040e-01 8.408000e-03 1.099880e-01
88 8.800920e-01 8.544000e-03 1.113640e-01
89 8.786360e-01 8.404000e-03 1.129600e-01
90 8.771360e-01 8.324000e-03 1.145400e-01
91 8.757320e-01 8.312000e-03 1.159560e-01
92 8.742840e-01 8.252000e-03 1.174640e-01
93 8.731000e-01 8.036000e-03 1.188640e-01
94 8.715440e-01 8.112000e-03 1.203440e-01
95 8.699000e-01 8.252000e-03 1.218480e-01
96 8.684560e-01 8.312000e-03 1.232320e-01
97 8.669960e-01 8.284000e-03 1.247200e-01
98 8.655000e-01 8.356000e-03 1.261440e-01
99 8.641720e-01 8.268000e-03 1.275600e-01
100 8.626200e-01 8.364000e-03 1.290160e-01
101 8.609800e-01 8.644000e-03 1.303760e-01
102 8.594120e-01 8.760000e-03 1.318280e-01
103 8.578280e-01 8.884000e-03 1.332880e-01
104 8.561400e-01 9.088000e-03 1.347720e-01
105 8.545280e-01 9.060000e-03 1.364120e-01
106 8.530000e-01 8.960000e-03 1.380400e-01
107 8.513800e-01 9.004000e-03 1.396160e-01
108 8.498160e-01 8.944000e-03 1.412400e-01
109 8.484360e-01 8.740000e-03 1.428240e-01
110 8.470240e-01 8.640000e-03 1.443360e-01
111 8.454920e-01 8.648000e-03 1.458600e-01
112 8.439440e-01 8.580000e-03 1.474760e-01
113 8.423880e-01 8.576000e-03 1.490360e-01
114 8.408560e-01 8.648000e-03 1.504960e-01
115 8.393080e-01 8.628000e-03 1.520640e-01
116 8.377280e-01 8.676000e-03 1.535960e-01
117 8.361520e-01 8.788000e-03 1.550600e-01
118 8.345000e-01 8.992000e-03 1.565080e-01
119 8.328920e-01 8.940000e-03 1.581680e-01
120 8.310800e-01 9.176000e-03 1.597440e-01
121 8.294320e-01 9.200000e-03 1.613680e-01
122 8.278520e-01 9.164000e-03 1.629840e-01
123 8.261600e-01 9.136000e-03 1.647040e-01
124 8.244640e-01 9.264000e-03 1.662720e-01
125 8.229000e-01 9.180000e-03 1.679200e-01
126 8.213680e-01 9.152000e-03 1.694800e-01
127 8.196720e-01 9.176000e-03 1.711520e-01
128 8.181240e-01 8.988000e-03 1.728880e-01
129 8.165040e-01 8.976000e-03 1.745200e-01
130 8.150520e-01 8.980000e-03 1.759680e-01
131 8.135560e-01 8.892000e-03 1.775520e-01
132 8.121000e-01 8.772000e-03 1.791280e-01
133 8.104720e-01 8.972000e-03 1.805560e-01
134 8.089400e-01 8.896000e-03 1.821640e-01
135 8.074680e-01 8.884000e-03 1.836480e-01
136 8.057360e-01 9.144000e-03 1.851200e-01
137 8.042000e-01 9.156000e-03 1.866440e-01
138 8.026480e-01 9.036000e-03 1.883160e-01
139 8.011720e-01 8.924000e-03 1.899040e-01
140 7.997320e-01 8.784000e-03 1.914840e-01
141 7.982560e-01 8.760000e-03 1.929840e-01
142 7.967440e-01 8.644000e-03 1.946120e-01
143 7.953640e-01 8.596000e-03 1.960400e-01
144 7.937720e-01 8.704000e-03 1.975240e-01
145 7.920560e-01 8.876000e-03 1.990680e-01
146 7.905080e-01 8.896000e-03 2.005960e-01
147 7.890520e-01 8.876000e-03 2.020720e-01
148 7.875840e-01 8.748000e-03 2.036680e-01
149 7.861720e-01 8.724000e-03 2.051040e-01
150 7.846680e-01 8.636000e-03 2.066960e-01
151 7.833440e-01 8.468000e-03 2.081880e-01
152 7.818320e-01 8.544000e-03 2.096240e-01
153 7.802600e-01 8.612000e-03 2.111280e-01
154 7.787520e-01 8.592000e-03 2.126560e-01
155 7.771840e-01 8.616000e-03 2.142000e-01
156 7.755920e-01 8.788000e-03 2.156200e-01
157 7.739800e-01 8.792000e-03 2.172280e-01
158 7.725920e-01 8.524000e-03 2.188840e-01
159 7.710240e-01 8.584000e-03 2.203920e-01
160 7.695120e-01 8.536000e-03 2.219520e-01
161 7.681520e-01 8.420000e-03 2.234280e-01
162 7.665480e-01 8.652000e-03 2.248000e-01
163 7.650920e-01 8.716000e-03 2.261920e-01
164 7.636920e-01 8.700000e-03 2.276080e-01
165 7.623000e-01 8.516000e-03 2.291840e-01
166 7.609880e-01 8.304000e-03 2.307080e-01
167 7.597760e-01 8.128000e-03 2.320960e-01
168 7.583880e-01 8.100000e-03 2.335120e-01
169 7.570720e-01 8.040000e-03 2.348880e-01
170 7.557080e-01 8.048000e-03 2.362440e-01
171 7.544600e-01 7.820000e-03 2.377200e-01
172 7.533080e-01 7.612000e-03 2.390800e-01
173 7.520280e-01 7.564000e-03 2.404080e-01
174 7.508120e-01 7.396000e-03 2.417920e-01
175 7.495840e-01 7.400000e-03 2.430160e-01
176 7.483720e-01 7.300000e-03 2.443280e-01
177 7.470280e-01 7.460000e-03 2.455120e-01
178 7.457880e-01 7.412000e-03 2.468000e-01
179 7.446960e-01 7.344000e-03 2.479600e-01
180 7.435160e-01 7.192000e-03 2.492920e-01
181 7.424840e-01 6.916000e-03 2.506000e-01
182 7.414440e-01 6.684000e-03 2.518720e-01
183 7.404640e-01 6.568000e-03 2.529680e-01
184 7.394320e-01 6.456000e-03 2.541120e-01
185 7.383080e-01 6.528000e-03 2.551640e-01
186 7.373560e-01 6.456000e-03 2.561880e-01
187 7.364560e-01 6.268000e-03 2.572760e-01
188 7.354160e-01 6.228000e-03 2.583560e-01
189 7.344000e-01 6.160000e-03 2.594400e-01
190 7.334480e-01 6.076000e-03 2.604760e-01
191 7.324400e-01 6.008000e-03 2.615520e-01
192 7.315040e-01 5.852000e-03 2.626440e-01
193 7.306080e-01 5.704000e-03 2.636880e-01
194 7.296400e-01 5.728000e-03 2.646320e-01
195 7.286360e-01 5.768000e-03 2.655960e-01
196 7.277440e-01 5.680000e-03 2.665760e-01
197 7.269440e-01 5.428000e-03 2.676280e-01
198 7.260200e-01 5.468000e-03 2.685120e-01
199 7.252200e-01 5.280000e-03 2.695000e-01
200 7.243920e-01 5.120000e-03 2.704880e-01
201 7.235160e-01 5.072000e-03 2.714120e-01
202 7.226200e-01 5.088000e-03 2.722920e-01
203 7.218240e-01 5.088000e-03 2.730880e-01
204 7.210080e-01 5.048000e-03 2.739440e-01
205 7.202040e-01 5.028000e-03 2.747680e-01
206 7.192160e-01 5.228000e-03 2.755560e-01
207 7.183800e-01 5.128000e-03 2.764920e-01
208 7.175680e-01 5.064000e-03 2.773680e-01
209 7.166640e-01 5.156000e-03 2.781800e-01
210 7.158000e-01 5.216000e-03 2.789840e-01
211 7.149200e-01 5.192000e-03 2.798880e-01
212 7.141560e-01 5.088000e-03 2.807560e-01
213 7.131520e-01 5.320000e-03 2.815280e-01
214 7.122760e-01 5.288000e-03 2.824360e-01
215 7.114160e-01 5.160000e-03 2.834240e-01
216 7.105840e-01 5.008000e-03 2.844080e-01
217 7.098040e-01 4.868000e-03 2.853280e-01
218 7.090720e-01 4.756000e-03 2.861720e-01
219 7.081280e-01 4.816000e-03 2.870560e-01
220 7.072600e-01 4.812000e-03 2.879280e-01
221 7.062200e-01 4.968000e-03 2.888120e-01
222 7.052400e-01 5.152000e-03 2.896080e-01
223 7.043400e-01 5.208000e-03 2.904520e-01
224 7.034240e-01 5.144000e-03 2.914320e-01
225 7.025800e-01 5.068000e-03 2.923520e-01
226 7.016080e-01 5.136000e-03 2.932560e-01
227 7.006920e-01 5.160000e-03 2.941480e-01
228 6.997600e-01 5.200000e-03 2.950400e-01
229 6.988880e-01 5.132000e-03 2.959800e-01
230 6.980800e-01 5.108000e-03 2.968120e-01
231 6.971280e-01 5.156000e-03 2.977160e-01
232 6.963040e-01 5.164000e-03 2.985320e-01
233 6.953760e-01 5.280000e-03 2.993440e-01
234 6.945320e-01 5.216000e-03 3.002520e-01
235 6.936840e-01 5.068000e-03 3.012480e-01
236 6.929240e-01 4.904000e-03 3.021720e-01
237 6.921880e-01 4.828000e-03 3.029840e-01
238 6.913920e-01 4.664000e-03 3.039440e-01
239 6.905960e-01 4.740000e-03 3.046640e-01
240 6.899120e-01 4.688000e-03 3.054000e-01
241 6.892800e-01 4.560000e-03 3.061600e-01
242 6.885960e-01 4.480000e-03 3.069240e-01
243 6.879800e-01 4.336000e-03 3.076840e-01
244 6.874040e-01 4.204000e-03 3.083920e-01
245 6.868440e-01 4.060000e-03 3.090960e-01
246 6.861760e-01 4.012000e-03 3.098120e-01
247 6.854160e-01 4.024000e-03 3.105600e-01
248 6.847600e-01 4.004000e-03 3.112360e-01
249 6.840320e-01 4.056000e-03 3.119120e-01
250 6.833960e-01 3.976000e-03 3.126280e-01
251 6.828040e-01 3.764000e-03 3.134320e-01
252 6.822240e-01 3.644000e-03 3.141320e-01
253 6.817240e-01 3.440000e-03 3.148360e-01
254 6.811800e-01 3.396000e-03 3.154240e-01
255 6.804920e-01 3.480000e-03 3.160280e-01
256 6.799600e-01 3.368000e-03 3.166720e-01
257 6.794040e-01 3.332000e-03 3.172640e-01
258 6.787680e-01 3.376000e-03 3.178560e-01
259 6.782440e-01 3.312000e-03 3.184440e-01
260 6.775600e-01 3.360000e-03 3.190800e-01
261 6.769720e-01 3.300000e-03 3.197280e-01
262 6.764360e-01 3.272000e-03 3.202920e-01
263 6.758720e-01 3.300000e-03 3.208280e-01
264 6.753680e-01 3.244000e-03 3.213880e-01
265 6.746920e-01 3.432000e-03 3.218760e-01
266 6.740480e-01 3.516000e-03 3.224360e-01
267 6.733520e-01 3.564000e-03 3.230840e-01
268 6.727680e-01 3.576000e-03 3.236560e-01
269 6.721400e-01 3.664000e-03 3.241960e-01
270 6.715320e-01 3.696000e-03 3.247720e-01
271 6.708440e-01 3.784000e-03 3.253720e-01
272 6.702320e-01 3.808000e-03 3.259600e-01
273 6.695680e-01 3.724000e-03 3.267080e-01
274 6.689280e-01 3.740000e-03 3.273320e-01
275 6.683000e-01 3.760000e-03 3.279400e-01
276 6.677080e-01 3.712000e-03 3.285800e-01
277 6.669560e-01 3.808000e-03 3.292360e-01
278 6.663200e-01 3.732000e-03 3.299480e-01
279 6.656680e-01 3.748000e-03 3.305840e-01
280 6.651200e-01 3.640000e-03 3.312400e-01
281 6.645200e-01 3.592000e-03 3.318880e-01
282 6.639160e-01 3.592000e-03 3.324920e-01
283 6.632200e-01 3.696000e-03 3.330840e-01
284 6.626240e-01 3.688000e-03 3.336880e-01
285 6.620840e-01 3.596000e-03 3.343200e-01
286 6.615560e-01 3.444000e-03 3.350000e-01
287 6.610480e-01 3.400000e-03 3.355520e-01
288 6.605840e-01 3.304000e-03 3.361120e-01
289 6.600080e-01 3.352000e-03 3.366400e-01
290 6.594560e-01 3.372000e-03 3.371720e-01
291 6.588760e-01 3.364000e-03 3.377600e-01
292 6.584000e-01 3.308000e-03 3.382920e-01
293 6.579080e-01 3.124000e-03 3.389680e-01
294 6.573760e-01 3.060000e-03 3.395640e-01
295 6.568080e-01 3.176000e-03 3.400160e-01
296 6.563280e-01 3.096000e-03 3.405760e-01
297 6.557840e-01 3.088000e-03 3.411280e-01
298 6.552840e-01 3.096000e-03 3.416200e-01
299 6.548440e-01 3.052000e-03 3.421040e-01
300 6.543240e-01 2.996000e-03 3.426800e-01
301 6.539320e-01 2.848000e-03 3.432200e-01
302 6.535440e-01 2.700000e-03 3.437560e-01
303 6.530280e-01 2.824000e-03 3.441480e-01
304 6.526600e-01 2.668000e-03 3.446720e-01
305 6.522360e-01 2.584000e-03 3.451800e-01
306 6.519000e-01 2.400000e-03 3.457000e-01
307 6.515680e-01 2.336000e-03 3.460960e-01
308 6.512400e-01 2.276000e-03 3.464840e-01
309 6.509120e-01 2.216000e-03 3.468720e-01
310 6.506000e-01 2.184000e-03 3.472160e-01
311 6.502160e-01 2.160000e-03 3.476240e-01
312 6.498680e-01 2.168000e-03 3.479640e-01
313 6.495160e-01 2.104000e-03 3.483800e-01
314 6.492080e-01 2.044000e-03 3.487480e-01
315 6.489040e-01 1.936000e-03 3.491600e-01
316 6.486280e-01 1.892000e-03 3.494800e-01
317 6.483760e-01 1.820000e-03 3.498040e-01
318 6.481080e-01 1.740000e-03 3.501520e-01
319 6.479080e-01 1.608000e-03 3.504840e-01
320 6.476600e-01 1.580000e-03 3.507600e-01
321 6.474400e-01 1.492000e-03 3.510680e-01
322 6.472360e-01 1.500000e-03 3.512640e-01
323 6.470280e-01 1.460000e-03 3.515120e-01
324 6.467840e-01 1.416000e-03 3.518000e-01
325 6.465520e-01 1.396000e-03 3.520520e-01
326 6.462880e-01 1.420000e-03 3.522920e-01
327 6.460760e-01 1.400000e-03 3.525240e-01
328 6.458800e-01 1.340000e-03 3.527800e-01
329 6.456120e-01 1.364000e-03 3.530240e-01
330 6.453280e-01 1.412000e-03 3.532600e-01
331 6.450640e-01 1.380000e-03 3.535560e-01
332 6.448320e-01 1.324000e-03 3.538440e-01
333 6.445920e-01 1.284000e-03 3.541240e-01
334 6.442960e-01 1.356000e-03 3.543480e-01
335 6.440040e-01 1.412000e-03 3.545840e-01
336 6.436520e-01 1.520000e-03 3.548280e-01
337 6.432840e-01 1.660000e-03 3.550560e-01
338 6.429040e-01 1.768000e-03 3.553280e-01
339 6.426000e-01 1.728000e-03 3.556720e-01
340 6.423000e-01 1.708000e-03 3.559920e-01
341 6.419880e-01 1.756000e-03 3.562560e-01
342 6.417280e-01 1.708000e-03 3.565640e-01
343 6.414120e-01 1.704000e-03 3.568840e-01
344 6.410320e-01 1.816000e-03 3.571520e-01
345 6.406840e-01 1.796000e-03 3.575200e-01
346 6.403480e-01 1.820000e-03 3.578320e-01
347 6.399160e-01 1.892000e-03 3.581920e-01
348 6.395360e-01 2.008000e-03 3.584560e-01
349 6.392000e-01 1.956000e-03 3.588440e-01
350 6.388680e-01 1.944000e-03 3.591880e-01
351 6.385560e-01 1.928000e-03 3.595160e-01
352 6.382480e-01 1.848000e-03 3.599040e-01
353 6.379200e-01 1.800000e-03 3.602800e-01
354 6.376120e-01 1.800000e-03 3.605880e-01
355 6.372480e-01 1.772000e-03 3.609800e-01
356 6.369040e-01 1.740000e-03 3.613560e-01
357 6.365720e-01 1.772000e-03 3.616560e-01
358 6.362240e-01 1.784000e-03 3.619920e-01
359 6.359000e-01 1.752000e-03 3.623480e-01
360 6.355840e-01 1.760000e-03 3.626560e-01
361 6.351520e-01 1.860000e-03 3.629880e-01
362 6.348360e-01 1.848000e-03 3.633160e-01
363 6.345240e-01 1.744000e-03 3.637320e-01
364 6.342800e-01 1.680000e-03 3.640400e-01
365 6.339800e-01 1.676000e-03 3.643440e-01
366 6.336720e-01 1.652000e-03 3.646760e-01
367 6.334000e-01 1.652000e-03 3.649480e-01
368 6.330880e-01 1.692000e-03 3.652200e-01
369 6.326680e-01 1.784000e-03 3.655480e-01
370 6.323400e-01 1.760000e-03 3.659000e-01
371 6.319880e-01 1.776000e-03 3.662360e-01
372 6.316480e-01 1.804000e-03 3.665480e-01
373 6.313400e-01 1.740000e-03 3.669200e-01
374 6.310840e-01 1.760000e-03 3.671560e-01
375 6.308040e-01 1.720000e-03 3.674760e-01
376 6.305080e-01 1.760000e-03 3.677320e-01
377 6.301640e-01 1.804000e-03 3.680320e-01
378 6.299280e-01 1.720000e-03 3.683520e-01
379 6.296600e-01 1.648000e-03 3.686920e-01
380 6.294120e-01 1.592000e-03 3.689960e-01
381 6.291920e-01 1.508000e-03 3.693000e-01
382 6.288840e-01 1.568000e-03 3.695480e-01
383 6.286320e-01 1.584000e-03 3.697840e-01
384 6.283840e-01 1.592000e-03 3.700240e-01
385 6.280880e-01 1.636000e-03 3.702760e-01
386 6.278520e-01 1.572000e-03 3.705760e-01
387 6.275440e-01 1.656000e-03 3.708000e-01
388 6.272120e-01 1.708000e-03 3.710800e-01
389 6.268760e-01 1.784000e-03 3.713400e-01
390 6.265520e-01 1.764000e-03 3.716840e-01
391 6.262720e-01 1.732000e-03 3.719960e-01
392 6.259920e-01 1.716000e-03 3.722920e-01
393 6.256480e-01 1.744000e-03 3.726080e-01
394 6.253000e-01 1.760000e-03 3.729400e-01
395 6.249880e-01 1.776000e-03 3.732360e-01
396 6.247160e-01 1.740000e-03 3.735440e-01
397 6.243880e-01 1.740000e-03 3.738720e-01
398 6.240760e-01 1.804000e-03 3.741200e-01
399 6.238160e-01 1.716000e-03 3.744680e-01
400 6.235160e-01 1.716000e-03 3.747680e-01
401 6.231800e-01 1.796000e-03 3.750240e-01
402 6.229120e-01 1.788000e-03 3.753000e-01
403 6.226240e-01 1.720000e-03 3.756560e-01
404 6.223600e-01 1.712000e-03 3.759280e-01
405 6.221640e-01 1.620000e-03 3.762160e-01
406 6.219640e-01 1.552000e-03 3.764840e-01
407 6.217400e-01 1.532000e-03 3.767280e-01
408 6.215440e-01 1.476000e-03 3.769800e-01
409 6.213400e-01 1.412000e-03 3.772480e-01
410 6.211200e-01 1.336000e-03 3.775440e-01
411 6.209320e-01 1.344000e-03 3.777240e-01
412 6.207280e-01 1.260000e-03 3.780120e-01
413 6.205360e-01 1.240000e-03 3.782240e-01
414 6.203480e-01 1.272000e-03 3.783800e-01
415 6.201680e-01 1.228000e-03 3.786040e-01
416 6.199680e-01 1.208000e-03 3.788240e-01
417 6.198160e-01 1.208000e-03 3.789760e-01
418 6.196120e-01 1.196000e-03 3.791920e-01
419 6.193880e-01 1.204000e-03 3.794080e-01
420 6.191920e-01 1.228000e-03 3.795800e-01
421 6.189800e-01 1.228000e-03 3.797920e-01
422 6.187320e-01 1.316000e-03 3.799520e-01
423 6.184560e-01 1.344000e-03 3.802000e-01
424 6.181680e-01 1.360000e-03 3.804720e-01
425 6.178880e-01 1.396000e-03 3.807160e-01
426 6.175600e-01 1.500000e-03 3.809400e-01
427 6.173560e-01 1.484000e-03 3.811600e-01
428 6.171080e-01 1.464000e-03 3.814280e-01
429 6.168880e-01 1.444000e-03 3.816680e-01
430 6.166600e-01 1.404000e-03 3.819360e-01
431 6.164520e-01 1.368000e-03 3.821800e-01
432 6.162120e-01 1.396000e-03 3.823920e-01
433 6.159320e-01 1.480000e-03 3.825880e-01
434 6.157160e-01 1.492000e-03 3.827920e-01
435 6.154920e-01 1.440000e-03 3.830680e-01
436 6.152560e-01 1.432000e-03 3.833120e-01
437 6.150240e-01 1.364000e-03 3.836120e-01
438 6.148360e-01 1.348000e-03 3.838160e-01
439 6.146320e-01 1.352000e-03 3.840160e-01
440 6.144440e-01 1.352000e-03 3.842040e-01
441 6.142840e-01 1.276000e-03 3.844400e-01
442 6.140400e-01 1.268000e-03 3.846920e-01
443 6.138520e-01 1.272000e-03 3.848760e-01
444 6.137160e-01 1.196000e-03 3.850880e-01
445 6.135480e-01 1.148000e-03 3.853040e-01
446 6.134040e-01 1.096000e-03 3.855000e-01
447 6.132880e-01 1.040000e-03 3.856720e-01
448 6.130400e-01 1.112000e-03 3.858480e-01
449 6.128760e-01 1.084000e-03 3.860400e-01
450 6.127240e-01 1.064000e-03 3.862120e-01
451 6.126280e-01 1.000000e-03 3.863720e-01
452 6.125080e-01 9.480000e-04 3.865440e-01
453 6.123800e-01 9.200000e-04 3.867000e-01
454 6.122480e-01 8.760000e-04 3.868760e-01
455 6.121400e-01 8.360000e-04 3.870240e-01
456 6.120080e-01 8.360000e-04 3.871560e-01
457 6.118320e-01 8.600000e-04 3.873080e-01
458 6.117440e-01 7.560000e-04 3.875000e-01
459 6.116880e-01 6.760000e-04 3.876360e-01
460 6.116200e-01 6.160000e-04 3.877640e-01
461 6.115400e-01 5.680000e-04 3.878920e-01
462 6.114640e-01 5.400000e-04 3.879960e-01
463 6.113960e-01 5.040000e-04 3.881000e-01
464 6.113520e-01 4.720000e-04 3.881760e-01
465 6.113200e-01 4.240000e-04 3.882560e-01
466 6.112680e-01 4.040000e-04 3.883280e-01
467 6.112040e-01 4.160000e-04 3.883800e-01
468 6.111680e-01 3.920000e-04 3.884400e-01
469 6.111400e-01 3.560000e-04 3.885040e-01
470 6.110720e-01 3.520000e-04 3.885760e-01
471 6.110120e-01 3.680000e-04 3.886200e-01
472 6.109480e-01 3.560000e-04 3.886960e-01
473 6.108960e-01 3.440000e-04 3.887600e-01
474 6.108440e-01 3.320000e-04 3.888240e-01
475 6.108080e-01 3.200000e-04 3.888720e-01
476 6.107640e-01 3.280000e-04 3.889080e-01
477 6.107280e-01 3.040000e-04 3.889680e-01
478 6.107040e-01 2.640000e-04 3.890320e-01
479 6.106680e-01 2.600000e-04 3.890720e-01
480 6.106280e-01 2.480000e-04 3.891240e-01
481 6.105760e-01 2.560000e-04 3.891680e-01
482 6.105080e-01 2.880000e-04 3.892040e-01
483 6.104640e-01 2.760000e-04 3.892600e-01
484 6.104400e-01 2.320000e-04 3.893280e-01
485 6.103920e-01 2.320000e-04 3.893760e-01
486 6.103680e-01 2.120000e-04 3.894200e-01
487 6.103520e-01 1.800000e-04 3.894680e-01
488 6.103200e-01 1.800000e-04 3.895000e-01
489 6.102680e-01 2.040000e-04 3.895280e-01
490 6.102440e-01 1.840000e-04 3.895720e-01
491 6.102320e-01 1.760000e-04 3.895920e-01
492 6.102080e-01 1.600000e-04 3.896320e-01
493 6.101920e-01 1.400000e-04 3.896680e-01
494 6.101840e-01 1.280000e-04 3.896880e-01
495 6.101680e-01 1.120000e-04 3.897200e-01
496 6.101600e-01 9.600000e-05 3.897440e-01
497 6.101600e-01 8.000000e-05 3.897600e-01
498 6.101560e-01 7.200000e-05 3.897720e-01
499 6.101520e-01 7.200000e-05 3.897760e-01
500 6.101480e-01 6.000000e-05 3.897920e-01
