1 9.991840e-01 7.120000e-04 1.040000e-04
2 9.986480e-01 1.076000e-03 2.760000e-04
3 9.979560e-01 1.544000e-03 5.000000e-04
4 9.973880e-01 1.828000e-03 7.840000e-04
5 9.965640e-01 2.292000e-03 1.144000e-03
6 9.957000e-01 2.712000e-03 1.588000e-03
7 9.947560e-01 3.192000e-03 2.052000e-03
8 9.937480e-01 3.592000e-03 2.660000e-03
9 9.926360e-01 4.020000e-03 3.344000e-03
10 9.915920e-01 4.424000e-03 3.984000e-03
11 9.904840e-01 4.748000e-03 4.768000e-03
12 9.892960e-01 5.084000e-03 5.620000e-03
13 9.881960e-01 5.216000e-03 6.588000e-03
14 9.870080e-01 5.384000e-03 7.608000e-03
15 9.859160e-01 5.508000e-03 8.576000e-03
16 9.846840e-01 5.724000e-03 9.592000e-03
17 9.834600e-01 5.936000e-03 1.060400e-02
18 9.821760e-01 6.148000e-03 1.167600e-02
19 9.810680e-01 6.096000e-03 1.283600e-02
20 9.798520e-01 6.268000e-03 1.388000e-02
21 9.788200e-01 6.256000e-03 1.492400e-02
22 9.776480e-01 6.268000e-03 1.608400e-02
23 9.766240e-01 6.040000e-03 1.733600e-02
24 9.755160e-01 6.108000e-03 1.837600e-02
25 9.742440e-01 6.288000e-03 1.946800e-02
26 9.731560e-01 6.300000e-03 2.054400e-02
27 9.720400e-01 6.368000e-03 2.159200e-02
28 9.708680e-01 6.460000e-03 2.267200e-02
29 9.696160e-01 6.612000e-03 2.377200e-02
30 9.683680e-01 6.672000e-03 2.496000e-02
31 9.670880e-01 6.828000e-03 2.608400e-02
32 9.657760e-01 6.984000e-03 2.724000e-02
33 9.644560e-01 7.028000e-03 2.851600e-02
34 9.631080e-01 7.052000e-03 2.984000e-02
35 9.618120e-01 7.164000e-03 3.102400e-02
36 9.605920e-01 7.112000e-03 3.229600e-02
37 9.594000e-01 6.924000e-03 3.367600e-02
38 9.578640e-01 7.296000e-03 3.484000e-02
39 9.566120e-01 7.188000e-03 3.620000e-02
40 9.551040e-01 7.272000e-03 3.762400e-02
41 9.535840e-01 7.488000e-03 3.892800e-02
42 9.522280e-01 7.500000e-03 4.027200e-02
43 9.508200e-01 7.612000e-03 4.156800e-02
44 9.493840e-01 7.636000e-03 4.298000e-02
45 9.481080e-01 7.484000e-03 4.440800e-02
46 9.467280e-01 7.540000e-03 4.573200e-02
47 9.455160e-01 7.356000e-03 4.712800e-02
48 9.440880e-01 7.420000e-03 4.849200e-02
49 9.427880e-01 7.432000e-03 4.978000e-02
50 9.414320e-01 7.508000e-03 5.106000e-02
51 9.402200e-01 7.388000e-03 5.239200e-02
52 9.390760e-01 7.120000e-03 5.380400e-02
53 9.378800e-01 7.024000e-03 5.509600e-02
54 9.365600e-01 7.216000e-03 5.622400e-02
55 9.353360e-01 7.328000e-03 5.733600e-02
56 9.337960e-01 7.552000e-03 5.865200e-02
57 9.324840e-01 7.600000e-03 5.991600e-02
58 9.310960e-01 7.600000e-03 6.130400e-02
59 9.297400e-01 7.644000e-03 6.261600e-02
60 9.283120e-01 7.672000e-03 6.401600e-02
61 9.269560e-01 7.644000e-03 6.540000e-02
62 9.255080e-01 7.756000e-03 6.673600e-02
63 9.239080e-01 7.884000e-03 6.820800e-02
64 9.222920e-01 8.192000e-03 6.951600e-02
65 9.207400e-01 8.440000e-03 7.082000e-02
66 9.189520e-01 8.900000e-03 7.214800e-02
67 9.173040e-01 8.976000e-03 7.372000e-02
68 9.155400e-01 9.164000e-03 7.529600e-02
69 9.138360e-01 9.372000e-03 7.679200e-02
70 9.121400e-01 9.540000e-03 7.832000e-02
71 9.104760e-01 9.596000e-03 7.992800e-02
72 9.085960e-01 9.804000e-03 8.160000e-02
73 9.069440e-01 9.676000e-03 8.338000e-02
74 9.053960e-01 9.600000e-03 8.500400e-02
75 9.037320e-01 9.644000e-03 8.662400e-02
76 9.020160e-01 9.788000e-03 8.819600e-02
77 9.002800e-01 9.756000e-03 8.996400e-02
78 8.986160e-01 9.840000e-03 9.154400e-02
79 8.968160e-01 9.888000e-03 9.329600e-02
80 8.951400e-01 9.868000e-03 9.499200e-02
81 8.934640e-01 9.876000e-03 9.666000e-02
82 8.918680e-01 9.704000e-03 9.842800e-02
83 8.902920e-01 9.364000e-03 1.003440e-01
84 8.887800e-01 9.300000e-03 1.019200e-01
85 8.873240e-01 9.168000e-03 1.035080e-01
86 8.858920e-01 9.092000e-03 1.050160e-01
87 8.842520e-01 9.300000e-03 1.064480e-01
88 8.828240e-01 9.144000e-03 1.080320e-01
89 8.812440e-01 9.172000e-03 1.095840e-01
90 8.795720e-01 9.180000e-03 1.112480e-01
91 8.778960e-01 9.340000e-03 1.127640e-01
92 8.762840e-01 9.232000e-03 1.144840e-01
93 8.748440e-01 8.900000e-03 1.162560e-01
94 8.733480e-01 8.876000e-03 1.177760e-01
95 8.719320e-01 8.816000e-03 1.192520e-01
96 8.706800e-01 8.488000e-03 1.208320e-01
97 8.693240e-01 8.328000e-03 1.223480e-01
98 8.677120e-01 8.536000e-03 1.237520e-01
99 8.663720e-01 8.392000e-03 1.252360e-01
100 8.651160e-01 8.140000e-03 1.267440e-01
101 8.639200e-01 7.932000e-03 1.281480e-01
102 8.626040e-01 7.828000e-03 1.295680e-01
103 8.614200e-01 7.732000e-03 1.308480e-01
104 8.602760e-01 7.512000e-03 1.322120e-01
105 8.590280e-01 7.408000e-03 1.335640e-01
106 8.577680e-01 7.372000e-03 1.348600e-01
107 8.565400e-01 7.420000e-03 1.360400e-01
108 8.552800e-01 7.368000e-03 1.373520e-01
109 8.539840e-01 7.392000e-03 1.386240e-01
110 8.527560e-01 7.228000e-03 1.400160e-01
111 8.514120e-01 7.232000e-03 1.413560e-01
112 8.502080e-01 7.312000e-03 1.424800e-01
113 8.491000e-01 7.184000e-03 1.437160e-01
114 8.478160e-01 7.244000e-03 1.449400e-01
115 8.465840e-01 7.168000e-03 1.462480e-01
116 8.453880e-01 7.028000e-03 1.475840e-01
117 8.443320e-01 6.788000e-03 1.488800e-01
118 8.432480e-01 6.660000e-03 1.500920e-01
119 8.422080e-01 6.520000e-03 1.512720e-01
120 8.411520e-01 6.316000e-03 1.525320e-01
121 8.401160e-01 6.212000e-03 1.536720e-01
122 8.389400e-01 6.328000e-03 1.547320e-01
123 8.379200e-01 6.256000e-03 1.558240e-01
124 8.368400e-01 6.240000e-03 1.569200e-01
125 8.357840e-01 6.192000e-03 1.580240e-01
126 8.348800e-01 6.120000e-03 1.590000e-01
127 8.340040e-01 5.972000e-03 1.600240e-01
128 8.330480e-01 5.848000e-03 1.611040e-01
129 8.320080e-01 5.844000e-03 1.621480e-01
130 8.310440e-01 5.796000e-03 1.631600e-01
131 8.299760e-01 5.808000e-03 1.642160e-01
132 8.288640e-01 5.832000e-03 1.653040e-01
133 8.278120e-01 5.784000e-03 1.664040e-01
134 8.267920e-01 5.812000e-03 1.673960e-01
135 8.257280e-01 5.924000e-03 1.683480e-01
136 8.247520e-01 5.892000e-03 1.693560e-01
137 8.236920e-01 5.896000e-03 1.704120e-01
138 8.228440e-01 5.804000e-03 1.713520e-01
139 8.218760e-01 5.800000e-03 1.723240e-01
140 8.209000e-01 5.760000e-03 1.733400e-01
141 8.199440e-01 5.632000e-03 1.744240e-01
142 8.190080e-01 5.560000e-03 1.754320e-01
143 8.180440e-01 5.496000e-03 1.764600e-01
144 8.171040e-01 5.460000e-03 1.774360e-01
145 8.161680e-01 5.440000e-03 1.783920e-01
146 8.152120e-01 5.476000e-03 1.793120e-01
147 8.141920e-01 5.568000e-03 1.802400e-01
148 8.133280e-01 5.388000e-03 1.812840e-01
149 8.124200e-01 5.340000e-03 1.822400e-01
150 8.115240e-01 5.260000e-03 1.832160e-01
151 8.106160e-01 5.180000e-03 1.842040e-01
152 8.097320e-01 5.120000e-03 1.851480e-01
153 8.090200e-01 4.964000e-03 1.860160e-01
154 8.083480e-01 4.760000e-03 1.868920e-01
155 8.076000e-01 4.608000e-03 1.877920e-01
156 8.069000e-01 4.520000e-03 1.885800e-01
157 8.062040e-01 4.408000e-03 1.893880e-01
158 8.055560e-01 4.292000e-03 1.901520e-01
159 8.049480e-01 4.084000e-03 1.909680e-01
160 8.042160e-01 4.120000e-03 1.916640e-01
161 8.034840e-01 4.136000e-03 1.923800e-01
162 8.028120e-01 4.116000e-03 1.930720e-01
163 8.021160e-01 4.116000e-03 1.937680e-01
164 8.013920e-01 4.208000e-03 1.944000e-01
165 8.006280e-01 4.332000e-03 1.950400e-01
166 7.998680e-01 4.412000e-03 1.957200e-01
167 7.992120e-01 4.320000e-03 1.964680e-01
168 7.985120e-01 4.268000e-03 1.972200e-01
169 7.978480e-01 4.196000e-03 1.979560e-01
170 7.972160e-01 4.088000e-03 1.986960e-01
171 7.965880e-01 4.032000e-03 1.993800e-01
172 7.958640e-01 4.044000e-03 2.000920e-01
173 7.951400e-01 4.036000e-03 2.008240e-01
174 7.944160e-01 4.072000e-03 2.015120e-01
175 7.938120e-01 3.960000e-03 2.022280e-01
176 7.931720e-01 3.948000e-03 2.028800e-01
177 7.925200e-01 3.916000e-03 2.035640e-01
178 7.918480e-01 3.892000e-03 2.042600e-01
179 7.911840e-01 3.876000e-03 2.049400e-01
180 7.905920e-01 3.680000e-03 2.057280e-01
181 7.899680e-01 3.768000e-03 2.062640e-01
182 7.894160e-01 3.736000e-03 2.068480e-01
183 7.888560e-01 3.664000e-03 2.074800e-01
184 7.883120e-01 3.688000e-03 2.080000e-01
185 7.877120e-01 3.668000e-03 2.086200e-01
186 7.871400e-01 3.572000e-03 2.092880e-01
187 7.866040e-01 3.456000e-03 2.099400e-01
188 7.861480e-01 3.344000e-03 2.105080e-01
189 7.856600e-01 3.240000e-03 2.111000e-01
190 7.852240e-01 3.096000e-03 2.116800e-01
191 7.847960e-01 2.976000e-03 2.122280e-01
192 7.843760e-01 2.860000e-03 2.127640e-01
193 7.840720e-01 2.632000e-03 2.132960e-01
194 7.837400e-01 2.536000e-03 2.137240e-01
195 7.834000e-01 2.464000e-03 2.141360e-01
196 7.830280e-01 2.488000e-03 2.144840e-01
197 7.826120e-01 2.444000e-03 2.149440e-01
198 7.821680e-01 2.440000e-03 2.153920e-01
199 7.817200e-01 2.412000e-03 2.158680e-01
200 7.813520e-01 2.372000e-03 2.162760e-01
201 7.808400e-01 2.444000e-03 2.167160e-01
202 7.804400e-01 2.376000e-03 2.171840e-01
203 7.798920e-01 2.576000e-03 2.175320e-01
204 7.794680e-01 2.624000e-03 2.179080e-01
205 7.790920e-01 2.556000e-03 2.183520e-01
206 7.786440e-01 2.524000e-03 2.188320e-01
207 7.781480e-01 2.500000e-03 2.193520e-01
208 7.776480e-01 2.640000e-03 2.197120e-01
209 7.772320e-01 2.620000e-03 2.201480e-01
210 7.767120e-01 2.644000e-03 2.206440e-01
211 7.761600e-01 2.800000e-03 2.210400e-01
212 7.756640e-01 2.780000e-03 2.215560e-01
213 7.751200e-01 2.744000e-03 2.221360e-01
214 7.746520e-01 2.716000e-03 2.226320e-01
215 7.742000e-01 2.704000e-03 2.230960e-01
216 7.736400e-01 2.728000e-03 2.236320e-01
217 7.731440e-01 2.804000e-03 2.240520e-01
218 7.726240e-01 2.780000e-03 2.245960e-01
219 7.721600e-01 2.748000e-03 2.250920e-01
220 7.717360e-01 2.660000e-03 2.256040e-01
221 7.713400e-01 2.564000e-03 2.260960e-01
222 7.709600e-01 2.520000e-03 2.265200e-01
223 7.703520e-01 2.724000e-03 2.269240e-01
224 7.699280e-01 2.708000e-03 2.273640e-01
225 7.695120e-01 2.676000e-03 2.278120e-01
226 7.690400e-01 2.712000e-03 2.282480e-01
227 7.685320e-01 2.704000e-03 2.287640e-01
228 7.681640e-01 2.648000e-03 2.291880e-01
229 7.677240e-01 2.628000e-03 2.296480e-01
230 7.672640e-01 2.580000e-03 2.301560e-01
231 7.668720e-01 2.584000e-03 2.305440e-01
232 7.664760e-01 2.588000e-03 2.309360e-01
233 7.659720e-01 2.596000e-03 2.314320e-01
234 7.655800e-01 2.512000e-03 2.319080e-01
235 7.651560e-01 2.460000e-03 2.323840e-01
236 7.647240e-01 2.480000e-03 2.327960e-01
237 7.642920e-01 2.500000e-03 2.332080e-01
238 7.638640e-01 2.528000e-03 2.336080e-01
239 7.633840e-01 2.628000e-03 2.339880e-01
240 7.628880e-01 2.660000e-03 2.344520e-01
241 7.623240e-01 2.784000e-03 2.348920e-01
242 7.618520e-01 2.744000e-03 2.354040e-01
243 7.613080e-01 2.772000e-03 2.359200e-01
244 7.606680e-01 2.864000e-03 2.364680e-01
245 7.601440e-01 2.852000e-03 2.370040e-01
246 7.596360e-01 2.852000e-03 2.375120e-01
247 7.591280e-01 2.880000e-03 2.379920e-01
248 7.585720e-01 2.880000e-03 2.385480e-01
249 7.580280e-01 2.916000e-03 2.390560e-01
250 7.574240e-01 3.024000e-03 2.395520e-01
251 7.568760e-01 3.024000e-03 2.401000e-01
252 7.563880e-01 3.044000e-03 2.405680e-01
253 7.558280e-01 3.116000e-03 2.410560e-01
254 7.553760e-01 3.032000e-03 2.415920e-01
255 7.548800e-01 3.072000e-03 2.420480e-01
256 7.543240e-01 3.152000e-03 2.425240e-01
257 7.537160e-01 3.232000e-03 2.430520e-01
258 7.531720e-01 3.180000e-03 2.436480e-01
259 7.526360e-01 3.140000e-03 2.442240e-01
260 7.521520e-01 3.120000e-03 2.447280e-01
261 7.517480e-01 2.992000e-03 2.452600e-01
262 7.513160e-01 2.948000e-03 2.457360e-01
263 7.509120e-01 2.832000e-03 2.462560e-01
264 7.504880e-01 2.736000e-03 2.467760e-01
265 7.500320e-01 2.656000e-03 2.473120e-01
266 7.496080e-01 2.564000e-03 2.478280e-01
267 7.492680e-01 2.440000e-03 2.482920e-01
268 7.488800e-01 2.464000e-03 2.486560e-01
269 7.485600e-01 2.376000e-03 2.490640e-01
270 7.481720e-01 2.404000e-03 2.494240e-01
271 7.477200e-01 2.396000e-03 2.498840e-01
272 7.472000e-01 2.452000e-03 2.503480e-01
273 7.467400e-01 2.424000e-03 2.508360e-01
274 7.463080e-01 2.488000e-03 2.512040e-01
275 7.458440e-01 2.460000e-03 2.516960e-01
276 7.453960e-01 2.488000e-03 2.521160e-01
277 7.449360e-01 2.596000e-03 2.524680e-01
278 7.443040e-01 2.788000e-03 2.529080e-01
279 7.437280e-01 2.832000e-03 2.534400e-01
280 7.432480e-01 2.852000e-03 2.539000e-01
281 7.427480e-01 2.856000e-03 2.543960e-01
282 7.423400e-01 2.800000e-03 2.548600e-01
283 7.419040e-01 2.728000e-03 2.553680e-01
284 7.413920e-01 2.816000e-03 2.557920e-01
285 7.409680e-01 2.700000e-03 2.563320e-01
286 7.405200e-01 2.708000e-03 2.567720e-01
287 7.401120e-01 2.588000e-03 2.573000e-01
288 7.396480e-01 2.540000e-03 2.578120e-01
289 7.391120e-01 2.624000e-03 2.582640e-01
290 7.387320e-01 2.512000e-03 2.587560e-01
291 7.383240e-01 2.416000e-03 2.592600e-01
292 7.378760e-01 2.492000e-03 2.596320e-01
293 7.374160e-01 2.512000e-03 2.600720e-01
294 7.369320e-01 2.528000e-03 2.605400e-01
295 7.365240e-01 2.424000e-03 2.610520e-01
296 7.360680e-01 2.428000e-03 2.615040e-01
297 7.355480e-01 2.440000e-03 2.620120e-01
298 7.351000e-01 2.476000e-03 2.624240e-01
299 7.346600e-01 2.460000e-03 2.628800e-01
300 7.342520e-01 2.420000e-03 2.633280e-01
301 7.338200e-01 2.448000e-03 2.637320e-01
302 7.333320e-01 2.440000e-03 2.642280e-01
303 7.329080e-01 2.436000e-03 2.646560e-01
304 7.324600e-01 2.388000e-03 2.651520e-01
305 7.319640e-01 2.368000e-03 2.656680e-01
306 7.314080e-01 2.500000e-03 2.660920e-01
307 7.309880e-01 2.504000e-03 2.665080e-01
308 7.306120e-01 2.408000e-03 2.669800e-01
309 7.301680e-01 2.364000e-03 2.674680e-01
310 7.298600e-01 2.308000e-03 2.678320e-01
311 7.295080e-01 2.284000e-03 2.682080e-01
312 7.291040e-01 2.308000e-03 2.685880e-01
313 7.286080e-01 2.456000e-03 2.689360e-01
314 7.282120e-01 2.384000e-03 2.694040e-01
315 7.277960e-01 2.424000e-03 2.697800e-01
316 7.274160e-01 2.320000e-03 2.702640e-01
317 7.270760e-01 2.256000e-03 2.706680e-01
318 7.267000e-01 2.212000e-03 2.710880e-01
319 7.263360e-01 2.220000e-03 2.714440e-01
320 7.259680e-01 2.188000e-03 2.718440e-01
321 7.255400e-01 2.204000e-03 2.722560e-01
322 7.251280e-01 2.260000e-03 2.726120e-01
323 7.247040e-01 2.276000e-03 2.730200e-01
324 7.243520e-01 2.200000e-03 2.734480e-01
325 7.239880e-01 2.156000e-03 2.738560e-01
326 7.235920e-01 2.212000e-03 2.741960e-01
327 7.231720e-01 2.244000e-03 2.745840e-01
328 7.228480e-01 2.204000e-03 2.749480e-01
329 7.224840e-01 2.256000e-03 2.752600e-01
330 7.220920e-01 2.288000e-03 2.756200e-01
331 7.217880e-01 2.148000e-03 2.760640e-01
332 7.213640e-01 2.264000e-03 2.763720e-01
333 7.210600e-01 2.180000e-03 2.767600e-01
334 7.207920e-01 2.044000e-03 2.771640e-01
335 7.204400e-01 2.048000e-03 2.775120e-01
336 7.201640e-01 1.988000e-03 2.778480e-01
337 7.198600e-01 1.900000e-03 2.782400e-01
338 7.195840e-01 1.872000e-03 2.785440e-01
339 7.193040e-01 1.788000e-03 2.789080e-01
340 7.190560e-01 1.732000e-03 2.792120e-01
341 7.188480e-01 1.688000e-03 2.794640e-01
342 7.186040e-01 1.624000e-03 2.797720e-01
343 7.182720e-01 1.700000e-03 2.800280e-01
344 7.180080e-01 1.700000e-03 2.802920e-01
345 7.177600e-01 1.624000e-03 2.806160e-01
346 7.175280e-01 1.524000e-03 2.809480e-01
347 7.172560e-01 1.504000e-03 2.812400e-01
348 7.170080e-01 1.472000e-03 2.815200e-01
349 7.167200e-01 1.484000e-03 2.817960e-01
350 7.164760e-01 1.428000e-03 2.820960e-01
351 7.162320e-01 1.432000e-03 2.823360e-01
352 7.160000e-01 1.424000e-03 2.825760e-01
353 7.157720e-01 1.412000e-03 2.828160e-01
354 7.155200e-01 1.416000e-03 2.830640e-01
355 7.152760e-01 1.372000e-03 2.833520e-01
356 7.150200e-01 1.376000e-03 2.836040e-01
357 7.148240e-01 1.316000e-03 2.838600e-01
358 7.145280e-01 1.412000e-03 2.840600e-01
359 7.142560e-01 1.440000e-03 2.843040e-01
360 7.140520e-01 1.424000e-03 2.845240e-01
361 7.138560e-01 1.400000e-03 2.847440e-01
362 7.135920e-01 1.460000e-03 2.849480e-01
363 7.133280e-01 1.440000e-03 2.852320e-01
364 7.131000e-01 1.428000e-03 2.854720e-01
365 7.128800e-01 1.360000e-03 2.857600e-01
366 7.126080e-01 1.448000e-03 2.859440e-01
367 7.123920e-01 1.444000e-03 2.861640e-01
368 7.121920e-01 1.380000e-03 2.864280e-01
369 7.120120e-01 1.312000e-03 2.866760e-01
370 7.118640e-01 1.204000e-03 2.869320e-01
371 7.117320e-01 1.092000e-03 2.871760e-01
372 7.115440e-01 1.076000e-03 2.873800e-01
373 7.113240e-01 1.136000e-03 2.875400e-01
374 7.111000e-01 1.164000e-03 2.877360e-01
375 7.108600e-01 1.216000e-03 2.879240e-01
376 7.106440e-01 1.220000e-03 2.881360e-01
377 7.104720e-01 1.208000e-03 2.883200e-01
378 7.102800e-01 1.172000e-03 2.885480e-01
379 7.100720e-01 1.196000e-03 2.887320e-01
380 7.098400e-01 1.256000e-03 2.889040e-01
381 7.095880e-01 1.308000e-03 2.891040e-01
382 7.093360e-01 1.360000e-03 2.893040e-01
383 7.090760e-01 1.380000e-03 2.895440e-01
384 7.088640e-01 1.352000e-03 2.897840e-01
385 7.086400e-01 1.348000e-03 2.900120e-01
386 7.084280e-01 1.368000e-03 2.902040e-01
387 7.082160e-01 1.292000e-03 2.904920e-01
388 7.081040e-01 1.208000e-03 2.906880e-01
389 7.078680e-01 1.216000e-03 2.909160e-01
390 7.076480e-01 1.220000e-03 2.911320e-01
391 7.074400e-01 1.184000e-03 2.913760e-01
392 7.072400e-01 1.208000e-03 2.915520e-01
393 7.070520e-01 1.188000e-03 2.917600e-01
394 7.068680e-01 1.124000e-03 2.920080e-01
395 7.066560e-01 1.140000e-03 2.922040e-01
396 7.064160e-01 1.196000e-03 2.923880e-01
397 7.062120e-01 1.176000e-03 2.926120e-01
398 7.060440e-01 1.132000e-03 2.928240e-01
399 7.058560e-01 1.148000e-03 2.929960e-01
400 7.057120e-01 1.096000e-03 2.931920e-01
401 7.055360e-01 1.060000e-03 2.934040e-01
402 7.053680e-01 1.024000e-03 2.936080e-01
403 7.051640e-01 1.032000e-03 2.938040e-01
404 7.049640e-01 1.052000e-03 2.939840e-01
405 7.047840e-01 1.056000e-03 2.941600e-01
406 7.045800e-01 1.036000e-03 2.943840e-01
407 7.043280e-01 1.076000e-03 2.945960e-01
408 7.041840e-01 1.044000e-03 2.947720e-01
409 7.039440e-01 1.080000e-03 2.949760e-01
410 7.036680e-01 1.192000e-03 2.951400e-01
411 7.034760e-01 1.224000e-03 2.953000e-01
412 7.032160e-01 1.264000e-03 2.955200e-01
413 7.030240e-01 1.204000e-03 2.957720e-01
414 7.028480e-01 1.176000e-03 2.959760e-01
415 7.026840e-01 1.148000e-03 2.961680e-01
416 7.025320e-01 1.112000e-03 2.963560e-01
417 7.023800e-01 1.088000e-03 2.965320e-01
418 7.022040e-01 1.044000e-03 2.967520e-01
419 7.020480e-01 1.040000e-03 2.969120e-01
420 7.018560e-01 1.044000e-03 2.971000e-01
421 7.016920e-01 1.040000e-03 2.972680e-01
422 7.014480e-01 1.128000e-03 2.974240e-01
423 7.012720e-01 1.104000e-03 2.976240e-01
424 7.010480e-01 1.136000e-03 2.978160e-01
425 7.008720e-01 1.136000e-03 2.979920e-01
426 7.006440e-01 1.176000e-03 2.981800e-01
427 7.004280e-01 1.204000e-03 2.983680e-01
428 7.001960e-01 1.224000e-03 2.985800e-01
429 7.000000e-01 1.228000e-03 2.987720e-01
430 6.997600e-01 1.284000e-03 2.989560e-01
431 6.995640e-01 1.304000e-03 2.991320e-01
432 6.993680e-01 1.252000e-03 2.993800e-01
433 6.991920e-01 1.252000e-03 2.995560e-01
434 6.990080e-01 1.200000e-03 2.997920e-01
435 6.988360e-01 1.192000e-03 2.999720e-01
436 6.986280e-01 1.164000e-03 3.002080e-01
437 6.984040e-01 1.176000e-03 3.004200e-01
438 6.981960e-01 1.104000e-03 3.007000e-01
439 6.980800e-01 1.048000e-03 3.008720e-01
440 6.978760e-01 1.052000e-03 3.010720e-01
441 6.977240e-01 1.012000e-03 3.012640e-01
442 6.975560e-01 9.720000e-04 3.014720e-01
443 6.973440e-01 1.048000e-03 3.016080e-01
444 6.972040e-01 1.044000e-03 3.017520e-01
445 6.970600e-01 1.020000e-03 3.019200e-01
446 6.968760e-01 1.012000e-03 3.021120e-01
447 6.966800e-01 1.016000e-03 3.023040e-01
448 6.965200e-01 9.640000e-04 3.025160e-01
449 6.963240e-01 9.920000e-04 3.026840e-01
450 6.961600e-01 1.004000e-03 3.028360e-01
451 6.960040e-01 9.200000e-04 3.030760e-01
452 6.958320e-01 9.080000e-04 3.032600e-01
453 6.956320e-01 9.600000e-04 3.034080e-01
454 6.953920e-01 1.032000e-03 3.035760e-01
455 6.951800e-01 1.044000e-03 3.037760e-01
456 6.949840e-01 1.028000e-03 3.039880e-01
457 6.947960e-01 1.064000e-03 3.041400e-01
458 6.945720e-01 1.164000e-03 3.042640e-01
459 6.943360e-01 1.168000e-03 3.044960e-01
460 6.941320e-01 1.152000e-03 3.047160e-01
461 6.939040e-01 1.184000e-03 3.049120e-01
462 6.936920e-01 1.192000e-03 3.051160e-01
463 6.935040e-01 1.224000e-03 3.052720e-01
464 6.932920e-01 1.216000e-03 3.054920e-01
465 6.931000e-01 1.244000e-03 3.056560e-01
466 6.929440e-01 1.192000e-03 3.058640e-01
467 6.928320e-01 1.092000e-03 3.060760e-01
468 6.927280e-01 1.024000e-03 3.062480e-01
469 6.925840e-01 1.008000e-03 3.064080e-01
470 6.924120e-01 1.028000e-03 3.065600e-01
471 6.922600e-01 1.028000e-03 3.067120e-01
472 6.921200e-01 1.004000e-03 3.068760e-01
473 6.919200e-01 1.012000e-03 3.070680e-01
474 6.917640e-01 1.012000e-03 3.072240e-01
475 6.915960e-01 1.012000e-03 3.073920e-01
476 6.914120e-01 1.024000e-03 3.075640e-01
477 6.912400e-01 1.020000e-03 3.077400e-01
478 6.910920e-01 1.028000e-03 3.078800e-01
479 6.909200e-01 9.680000e-04 3.081120e-01
480 6.908040e-01 9.080000e-04 3.082880e-01
481 6.906480e-01 8.800000e-04 3.084720e-01
482 6.905440e-01 8.480000e-04 3.086080e-01
483 6.903600e-01 8.960000e-04 3.087440e-01
484 6.901720e-01 9.080000e-04 3.089200e-01
485 6.900120e-01 8.920000e-04 3.090960e-01
486 6.898760e-01 8.520000e-04 3.092720e-01
487 6.897520e-01 8.280000e-04 3.094200e-01
488 6.896000e-01 8.680000e-04 3.095320e-01
489 6.894800e-01 8.120000e-04 3.097080e-01
490 6.893760e-01 7.960000e-04 3.098280e-01
491 6.892480e-01 7.840000e-04 3.099680e-01
492 6.890960e-01 7.720000e-04 3.101320e-01
493 6.889480e-01 7.880000e-04 3.102640e-01
494 6.888040e-01 8.000000e-04 3.103960e-01
495 6.886880e-01 7.680000e-04 3.105440e-01
496 6.885160e-01 8.120000e-04 3.106720e-01
497 6.883520e-01 8.200000e-04 3.108280e-01
498 6.881840e-01 8.240000e-04 3.109920e-01
499 6.880000e-01 8.760000e-04 3.111240e-01
500 6.878560e-01 9.040000e-04 3.112400e-01
