1 9.991720e-01 7.400000e-04 8.800000e-05
2 9.986600e-01 1.092000e-03 2.480000e-04
3 9.980160e-01 1.516000e-03 4.680000e-04
4 9.972680e-01 1.920000e-03 8.120000e-04
5 9.963760e-01 2.412000e-03 1.212000e-03
6 9.955400e-01 2.788000e-03 1.672000e-03
7 9.946680e-01 3.128000e-03 2.204000e-03
8 9.936680e-01 3.580000e-03 2.752000e-03
9 9.926280e-01 3.952000e-03 3.420000e-03
10 9.916040e-01 4.212000e-03 4.184000e-03
11 9.906160e-01 4.412000e-03 4.972000e-03
12 9.894480e-01 4.784000e-03 5.768000e-03
13 9.883040e-01 5.064000e-03 6.632000e-03
14 9.872960e-01 5.120000e-03 7.584000e-03
15 9.861240e-01 5.372000e-03 8.504000e-03
16 9.851440e-01 5.384000e-03 9.472000e-03
17 9.839960e-01 5.576000e-03 1.042800e-02
18 9.827320e-01 5.824000e-03 1.144400e-02
19 9.814720e-01 6.016000e-03 1.251200e-02
20 9.801240e-01 6.372000e-03 1.350400e-02
21 9.787040e-01 6.660000e-03 1.463600e-02
22 9.774440e-01 6.768000e-03 1.578800e-02
23 9.762840e-01 6.796000e-03 1.692000e-02
24 9.749080e-01 6.996000e-03 1.809600e-02
25 9.735400e-01 7.100000e-03 1.936000e-02
26 9.721680e-01 7.344000e-03 2.048800e-02
27 9.706040e-01 7.628000e-03 2.176800e-02
28 9.691600e-01 7.676000e-03 2.316400e-02
29 9.678280e-01 7.584000e-03 2.458800e-02
30 9.664400e-01 7.700000e-03 2.586000e-02
31 9.650200e-01 7.764000e-03 2.721600e-02
32 9.636240e-01 7.700000e-03 2.867600e-02
33 9.622160e-01 7.916000e-03 2.986800e-02
34 9.606880e-01 8.056000e-03 3.125600e-02
35 9.589480e-01 8.304000e-03 3.274800e-02
36 9.572640e-01 8.520000e-03 3.421600e-02
37 9.555760e-01 8.804000e-03 3.562000e-02
38 9.539760e-01 8.848000e-03 3.717600e-02
39 9.520600e-01 9.100000e-03 3.884000e-02
40 9.505120e-01 9.048000e-03 4.044000e-02
41 9.488600e-01 9.116000e-03 4.202400e-02
42 9.472120e-01 9.188000e-03 4.360000e-02
43 9.456520e-01 9.160000e-03 4.518800e-02
44 9.441800e-01 9.024000e-03 4.679600e-02
45 9.426200e-01 8.880000e-03 4.850000e-02
46 9.409000e-01 9.028000e-03 5.007200e-02
47 9.394320e-01 8.976000e-03 5.159200e-02
48 9.377360e-01 9.144000e-03 5.312000e-02
49 9.360360e-01 9.264000e-03 5.470000e-02
50 9.342000e-01 9.520000e-03 5.628000e-02
51 9.325000e-01 9.352000e-03 5.814800e-02
52 9.308400e-01 9.436000e-03 5.972400e-02
53 9.290560e-01 9.544000e-03 6.140000e-02
54 9.274880e-01 9.464000e-03 6.304800e-02
55 9.258400e-01 9.436000e-03 6.472400e-02
56 9.242720e-01 9.324000e-03 6.640400e-02
57 9.227080e-01 9.140000e-03 6.815200e-02
58 9.211960e-01 9.000000e-03 6.980400e-02
59 9.195320e-01 9.112000e-03 7.135600e-02
60 9.180320e-01 9.128000e-03 7.284000e-02
61 9.164800e-01 8.908000e-03 7.461200e-02
62 9.147560e-01 9.108000e-03 7.613600e-02
63 9.130520e-01 9.236000e-03 7.771200e-02
64 9.114680e-01 9.204000e-03 7.932800e-02
65 9.099600e-01 9.176000e-03 8.086400e-02
66 9.082720e-01 9.132000e-03 8.259600e-02
67 9.065320e-01 9.200000e-03 8.426800e-02
68 9.049680e-01 9.220000e-03 8.581200e-02
69 9.034720e-01 9.200000e-03 8.732800e-02
70 9.019360e-01 9.164000e-03 8.890000e-02
71 9.004120e-01 9.148000e-03 9.044000e-02
72 8.987400e-01 9.204000e-03 9.205600e-02
73 8.973040e-01 9.008000e-03 9.368800e-02
74 8.958360e-01 8.904000e-03 9.526000e-02
75 8.944040e-01 8.772000e-03 9.682400e-02
76 8.930360e-01 8.488000e-03 9.847600e-02
77 8.917760e-01 8.296000e-03 9.992800e-02
78 8.903120e-01 8.332000e-03 1.013560e-01
79 8.889400e-01 8.264000e-03 1.027960e-01
80 8.874720e-01 8.296000e-03 1.042320e-01
81 8.860360e-01 8.232000e-03 1.057320e-01
82 8.844160e-01 8.340000e-03 1.072440e-01
83 8.830560e-01 8.368000e-03 1.085760e-01
84 8.814640e-01 8.428000e-03 1.101080e-01
85 8.801160e-01 8.224000e-03 1.116600e-01
86 8.786520e-01 8.244000e-03 1.131040e-01
87 8.771920e-01 8.264000e-03 1.145440e-01
88 8.757120e-01 8.288000e-03 1.160000e-01
89 8.741360e-01 8.356000e-03 1.175080e-01
90 8.726120e-01 8.432000e-03 1.189560e-01
91 8.711160e-01 8.468000e-03 1.204160e-01
92 8.697720e-01 8.316000e-03 1.219120e-01
93 8.683680e-01 8.260000e-03 1.233720e-01
94 8.668560e-01 8.412000e-03 1.247320e-01
95 8.652400e-01 8.540000e-03 1.262200e-01
96 8.637920e-01 8.548000e-03 1.276600e-01
97 8.623080e-01 8.484000e-03 1.292080e-01
98 8.608920e-01 8.396000e-03 1.307120e-01
99 8.594600e-01 8.332000e-03 1.322080e-01
100 8.579360e-01 8.372000e-03 1.336920e-01
101 8.565280e-01 8.332000e-03 1.351400e-01
102 8.549640e-01 8.448000e-03 1.365880e-01
103 8.535600e-01 8.308000e-03 1.381320e-01
104 8.520880e-01 8.328000e-03 1.395840e-01
105 8.506600e-01 8.312000e-03 1.410280e-01
106 8.493600e-01 8.036000e-03 1.426040e-01
107 8.478720e-01 8.144000e-03 1.439840e-01
108 8.464280e-01 8.200000e-03 1.453720e-01
109 8.450920e-01 8.076000e-03 1.468320e-01
110 8.436680e-01 8.180000e-03 1.481520e-01
111 8.421800e-01 8.120000e-03 1.497000e-01
112 8.406000e-01 8.284000e-03 1.511160e-01
113 8.391840e-01 8.256000e-03 1.525600e-01
114 8.375680e-01 8.372000e-03 1.540600e-01
115 8.360600e-01 8.432000e-03 1.555080e-01
116 8.345440e-01 8.416000e-03 1.570400e-01
117 8.332280e-01 8.088000e-03 1.586840e-01
118 8.317520e-01 8.220000e-03 1.600280e-01
119 8.302200e-01 8.204000e-03 1.615760e-01
120 8.287200e-01 8.220000e-03 1.630600e-01
121 8.271560e-01 8.188000e-03 1.646560e-01
122 8.255640e-01 8.476000e-03 1.659600e-01
123 8.241120e-01 8.476000e-03 1.674120e-01
124 8.224640e-01 8.688000e-03 1.688480e-01
125 8.208440e-01 8.672000e-03 1.704840e-01
126 8.194440e-01 8.484000e-03 1.720720e-01
127 8.181880e-01 8.380000e-03 1.734320e-01
128 8.166400e-01 8.468000e-03 1.748920e-01
129 8.151720e-01 8.476000e-03 1.763520e-01
130 8.136120e-01 8.512000e-03 1.778760e-01
131 8.123600e-01 8.224000e-03 1.794160e-01
132 8.107440e-01 8.432000e-03 1.808240e-01
133 8.092960e-01 8.316000e-03 1.823880e-01
134 8.077280e-01 8.424000e-03 1.838480e-01
135 8.061520e-01 8.560000e-03 1.852880e-01
136 8.046440e-01 8.492000e-03 1.868640e-01
137 8.030120e-01 8.612000e-03 1.883760e-01
138 8.014840e-01 8.548000e-03 1.899680e-01
139 8.000200e-01 8.632000e-03 1.913480e-01
140 7.985200e-01 8.648000e-03 1.928320e-01
141 7.970000e-01 8.724000e-03 1.942760e-01
142 7.955400e-01 8.672000e-03 1.957880e-01
143 7.940920e-01 8.464000e-03 1.974440e-01
144 7.926280e-01 8.332000e-03 1.990400e-01
145 7.910360e-01 8.456000e-03 2.005080e-01
146 7.895560e-01 8.536000e-03 2.019080e-01
147 7.880840e-01 8.464000e-03 2.034520e-01
148 7.867240e-01 8.348000e-03 2.049280e-01
149 7.854040e-01 8.172000e-03 2.064240e-01
150 7.841000e-01 8.120000e-03 2.077800e-01
151 7.827760e-01 7.904000e-03 2.093200e-01
152 7.812440e-01 7.924000e-03 2.108320e-01
153 7.799160e-01 7.812000e-03 2.122720e-01
154 7.786680e-01 7.692000e-03 2.136400e-01
155 7.772920e-01 7.764000e-03 2.149440e-01
156 7.759000e-01 7.772000e-03 2.163280e-01
157 7.747560e-01 7.668000e-03 2.175760e-01
158 7.734680e-01 7.568000e-03 2.189640e-01
159 7.720680e-01 7.548000e-03 2.203840e-01
160 7.709240e-01 7.280000e-03 2.217960e-01
161 7.696520e-01 7.332000e-03 2.230160e-01
162 7.684880e-01 7.244000e-03 2.242680e-01
163 7.671920e-01 7.248000e-03 2.255600e-01
164 7.658760e-01 7.248000e-03 2.268760e-01
165 7.645240e-01 7.252000e-03 2.282240e-01
166 7.631520e-01 7.340000e-03 2.295080e-01
167 7.619680e-01 7.360000e-03 2.306720e-01
168 7.606760e-01 7.524000e-03 2.318000e-01
169 7.594480e-01 7.460000e-03 2.330920e-01
170 7.583720e-01 7.364000e-03 2.342640e-01
171 7.570960e-01 7.440000e-03 2.354640e-01
172 7.557880e-01 7.468000e-03 2.367440e-01
173 7.545880e-01 7.340000e-03 2.380720e-01
174 7.534280e-01 7.260000e-03 2.393120e-01
175 7.522280e-01 7.236000e-03 2.405360e-01
176 7.510640e-01 7.076000e-03 2.418600e-01
177 7.501240e-01 6.860000e-03 2.430160e-01
178 7.489800e-01 6.860000e-03 2.441600e-01
179 7.477920e-01 6.820000e-03 2.453880e-01
180 7.465920e-01 6.816000e-03 2.465920e-01
181 7.454600e-01 6.760000e-03 2.477800e-01
182 7.442880e-01 6.700000e-03 2.490120e-01
183 7.431680e-01 6.644000e-03 2.501880e-01
184 7.419000e-01 6.720000e-03 2.513800e-01
185 7.407560e-01 6.668000e-03 2.525760e-01
186 7.397720e-01 6.508000e-03 2.537200e-01
187 7.386000e-01 6.536000e-03 2.548640e-01
188 7.374840e-01 6.488000e-03 2.560280e-01
189 7.365000e-01 6.356000e-03 2.571440e-01
190 7.355600e-01 6.132000e-03 2.583080e-01
191 7.345760e-01 6.124000e-03 2.593000e-01
192 7.336840e-01 6.020000e-03 2.602960e-01
193 7.326160e-01 6.052000e-03 2.613320e-01
194 7.316440e-01 6.048000e-03 2.623080e-01
195 7.307120e-01 5.992000e-03 2.632960e-01
196 7.298200e-01 5.848000e-03 2.643320e-01
197 7.289160e-01 5.696000e-03 2.653880e-01
198 7.279400e-01 5.636000e-03 2.664240e-01
199 7.270800e-01 5.524000e-03 2.673960e-01
200 7.260840e-01 5.496000e-03 2.684200e-01
201 7.252720e-01 5.320000e-03 2.694080e-01
202 7.245440e-01 5.092000e-03 2.703640e-01
203 7.236160e-01 5.240000e-03 2.711440e-01
204 7.227720e-01 5.272000e-03 2.719560e-01
205 7.218520e-01 5.248000e-03 2.729000e-01
206 7.209720e-01 5.252000e-03 2.737760e-01
207 7.201600e-01 5.080000e-03 2.747600e-01
208 7.192600e-01 5.080000e-03 2.756600e-01
209 7.183480e-01 5.172000e-03 2.764800e-01
210 7.174320e-01 5.132000e-03 2.774360e-01
211 7.166360e-01 5.000000e-03 2.783640e-01
212 7.158000e-01 5.004000e-03 2.791960e-01
213 7.150320e-01 4.880000e-03 2.800880e-01
214 7.142080e-01 4.948000e-03 2.808440e-01
215 7.133560e-01 4.916000e-03 2.817280e-01
216 7.124640e-01 4.944000e-03 2.825920e-01
217 7.116600e-01 4.952000e-03 2.833880e-01
218 7.108480e-01 4.948000e-03 2.842040e-01
219 7.099840e-01 4.960000e-03 2.850560e-01
220 7.091160e-01 4.984000e-03 2.859000e-01
221 7.083280e-01 4.848000e-03 2.868240e-01
222 7.076160e-01 4.684000e-03 2.877000e-01
223 7.069480e-01 4.552000e-03 2.885000e-01
224 7.063320e-01 4.340000e-03 2.893280e-01
225 7.056560e-01 4.236000e-03 2.901080e-01
226 7.048600e-01 4.220000e-03 2.909200e-01
227 7.041120e-01 4.136000e-03 2.917520e-01
228 7.034520e-01 4.124000e-03 2.924240e-01
229 7.026320e-01 4.164000e-03 2.932040e-01
230 7.019080e-01 4.184000e-03 2.939080e-01
231 7.012120e-01 4.152000e-03 2.946360e-01
232 7.005040e-01 4.088000e-03 2.954080e-01
233 6.997920e-01 4.028000e-03 2.961800e-01
234 6.990480e-01 4.084000e-03 2.968680e-01
235 6.983200e-01 4.120000e-03 2.975600e-01
236 6.975640e-01 4.132000e-03 2.983040e-01
237 6.968520e-01 4.144000e-03 2.990040e-01
238 6.961160e-01 4.064000e-03 2.998200e-01
239 6.954640e-01 3.964000e-03 3.005720e-01
240 6.948960e-01 3.812000e-03 3.012920e-01
241 6.942360e-01 3.880000e-03 3.018840e-01
242 6.936840e-01 3.816000e-03 3.025000e-01
243 6.930680e-01 3.776000e-03 3.031560e-01
244 6.924760e-01 3.660000e-03 3.038640e-01
245 6.917880e-01 3.704000e-03 3.045080e-01
246 6.911760e-01 3.680000e-03 3.051440e-01
247 6.906080e-01 3.624000e-03 3.057680e-01
248 6.900560e-01 3.552000e-03 3.063920e-01
249 6.895360e-01 3.528000e-03 3.069360e-01
250 6.889880e-01 3.520000e-03 3.074920e-01
251 6.884160e-01 3.448000e-03 3.081360e-01
252 6.879280e-01 3.340000e-03 3.087320e-01
253 6.874120e-01 3.236000e-03 3.093520e-01
254 6.868240e-01 3.316000e-03 3.098600e-01
255 6.861600e-01 3.412000e-03 3.104280e-01
256 6.855360e-01 3.344000e-03 3.111200e-01
257 6.849720e-01 3.248000e-03 3.117800e-01
258 6.844280e-01 3.232000e-03 3.123400e-01
259 6.838400e-01 3.256000e-03 3.129040e-01
260 6.833000e-01 3.244000e-03 3.134560e-01
261 6.828000e-01 3.232000e-03 3.139680e-01
262 6.822600e-01 3.232000e-03 3.145080e-01
263 6.816440e-01 3.296000e-03 3.150600e-01
264 6.811440e-01 3.144000e-03 3.157120e-01
265 6.805400e-01 3.220000e-03 3.162400e-01
266 6.800240e-01 3.116000e-03 3.168600e-01
267 6.795680e-01 3.028000e-03 3.174040e-01
268 6.789880e-01 3.076000e-03 3.179360e-01
269 6.784720e-01 3.120000e-03 3.184080e-01
270 6.780040e-01 2.972000e-03 3.190240e-01
271 6.775240e-01 2.900000e-03 3.195760e-01
272 6.770520e-01 2.908000e-03 3.200400e-01
273 6.765400e-01 2.912000e-03 3.205480e-01
274 6.760600e-01 2.904000e-03 3.210360e-01
275 6.755200e-01 2.896000e-03 3.215840e-01
276 6.750720e-01 2.840000e-03 3.220880e-01
277 6.745520e-01 2.832000e-03 3.226160e-01
278 6.740640e-01 2.860000e-03 3.230760e-01
279 6.734800e-01 2.924000e-03 3.235960e-01
280 6.729120e-01 2.968000e-03 3.241200e-01
281 6.724080e-01 2.868000e-03 3.247240e-01
282 6.719480e-01 2.916000e-03 3.251360e-01
283 6.714360e-01 2.900000e-03 3.256640e-01
284 6.708360e-01 2.972000e-03 3.261920e-01
285 6.703480e-01 2.916000e-03 3.267360e-01
286 6.698760e-01 2.876000e-03 3.272480e-01
287 6.694600e-01 2.840000e-03 3.277000e-01
288 6.689480e-01 2.848000e-03 3.282040e-01
289 6.684360e-01 2.884000e-03 3.286800e-01
290 6.678240e-01 2.996000e-03 3.291800e-01
291 6.672800e-01 3.012000e-03 3.297080e-01
292 6.667880e-01 2.988000e-03 3.302240e-01
293 6.662800e-01 2.920000e-03 3.308000e-01
294 6.658040e-01 2.848000e-03 3.313480e-01
295 6.653040e-01 2.844000e-03 3.318520e-01
296 6.647640e-01 2.888000e-03 3.323480e-01
297 6.642080e-01 2.968000e-03 3.328240e-01
298 6.636920e-01 2.976000e-03 3.333320e-01
299 6.632480e-01 2.888000e-03 3.338640e-01
300 6.628240e-01 2.764000e-03 3.344120e-01
301 6.623600e-01 2.740000e-03 3.349000e-01
302 6.618600e-01 2.776000e-03 3.353640e-01
303 6.614000e-01 2.764000e-03 3.358360e-01
304 6.608920e-01 2.820000e-03 3.362880e-01
305 6.603840e-01 2.788000e-03 3.368280e-01
306 6.599200e-01 2.788000e-03 3.372920e-01
307 6.594200e-01 2.896000e-03 3.376840e-01
308 6.589960e-01 2.788000e-03 3.382160e-01
309 6.585360e-01 2.764000e-03 3.387000e-01
310 6.580440e-01 2.752000e-03 3.392040e-01
311 6.576120e-01 2.696000e-03 3.396920e-01
312 6.572320e-01 2.632000e-03 3.401360e-01
313 6.568160e-01 2.644000e-03 3.405400e-01
314 6.563480e-01 2.668000e-03 3.409840e-01
315 6.558480e-01 2.732000e-03 3.414200e-01
316 6.553720e-01 2.700000e-03 3.419280e-01
317 6.549600e-01 2.580000e-03 3.424600e-01
318 6.545880e-01 2.484000e-03 3.429280e-01
319 6.542440e-01 2.492000e-03 3.432640e-01
320 6.539320e-01 2.332000e-03 3.437360e-01
321 6.535520e-01 2.364000e-03 3.440840e-01
322 6.531280e-01 2.388000e-03 3.444840e-01
323 6.527360e-01 2.352000e-03 3.449120e-01
324 6.523360e-01 2.336000e-03 3.453280e-01
325 6.518920e-01 2.368000e-03 3.457400e-01
326 6.515080e-01 2.340000e-03 3.461520e-01
327 6.511120e-01 2.336000e-03 3.465520e-01
328 6.506640e-01 2.392000e-03 3.469440e-01
329 6.503080e-01 2.336000e-03 3.473560e-01
330 6.498720e-01 2.404000e-03 3.477240e-01
331 6.495640e-01 2.248000e-03 3.481880e-01
332 6.492400e-01 2.136000e-03 3.486240e-01
333 6.488960e-01 2.052000e-03 3.490520e-01
334 6.485640e-01 1.936000e-03 3.495000e-01
335 6.481840e-01 2.016000e-03 3.498000e-01
336 6.478600e-01 1.960000e-03 3.501800e-01
337 6.475200e-01 2.000000e-03 3.504800e-01
338 6.472200e-01 1.996000e-03 3.507840e-01
339 6.468280e-01 2.028000e-03 3.511440e-01
340 6.464320e-01 2.120000e-03 3.514480e-01
341 6.460880e-01 2.076000e-03 3.518360e-01
342 6.457760e-01 2.032000e-03 3.521920e-01
343 6.454360e-01 2.028000e-03 3.525360e-01
344 6.451320e-01 2.020000e-03 3.528480e-01
345 6.448000e-01 2.016000e-03 3.531840e-01
346 6.445640e-01 1.932000e-03 3.535040e-01
347 6.443080e-01 1.816000e-03 3.538760e-01
348 6.440520e-01 1.748000e-03 3.542000e-01
349 6.438040e-01 1.736000e-03 3.544600e-01
350 6.435360e-01 1.740000e-03 3.547240e-01
351 6.432640e-01 1.728000e-03 3.550080e-01
352 6.429200e-01 1.800000e-03 3.552800e-01
353 6.425600e-01 1.848000e-03 3.555920e-01
354 6.421800e-01 1.960000e-03 3.558600e-01
355 6.418320e-01 1.968000e-03 3.562000e-01
356 6.414520e-01 1.988000e-03 3.565600e-01
357 6.411480e-01 1.928000e-03 3.569240e-01
358 6.408800e-01 1.892000e-03 3.572280e-01
359 6.406720e-01 1.768000e-03 3.575600e-01
360 6.404440e-01 1.712000e-03 3.578440e-01
361 6.402640e-01 1.628000e-03 3.581080e-01
362 6.400640e-01 1.552000e-03 3.583840e-01
363 6.398400e-01 1.544000e-03 3.586160e-01
364 6.396000e-01 1.496000e-03 3.589040e-01
365 6.393240e-01 1.488000e-03 3.591880e-01
366 6.390640e-01 1.524000e-03 3.594120e-01
367 6.388400e-01 1.488000e-03 3.596720e-01
368 6.386280e-01 1.464000e-03 3.599080e-01
369 6.383680e-01 1.448000e-03 3.601840e-01
370 6.381440e-01 1.388000e-03 3.604680e-01
371 6.379680e-01 1.308000e-03 3.607240e-01
372 6.377400e-01 1.324000e-03 3.609360e-01
373 6.375440e-01 1.252000e-03 3.612040e-01
374 6.373120e-01 1.288000e-03 3.614000e-01
375 6.370760e-01 1.312000e-03 3.616120e-01
376 6.369280e-01 1.244000e-03 3.618280e-01
377 6.367120e-01 1.256000e-03 3.620320e-01
378 6.365200e-01 1.196000e-03 3.622840e-01
379 6.362960e-01 1.212000e-03 3.624920e-01
380 6.360360e-01 1.240000e-03 3.627240e-01
381 6.358440e-01 1.216000e-03 3.629400e-01
382 6.356040e-01 1.248000e-03 3.631480e-01
383 6.353800e-01 1.292000e-03 3.633280e-01
384 6.351560e-01 1.344000e-03 3.635000e-01
385 6.349120e-01 1.320000e-03 3.637680e-01
386 6.347240e-01 1.304000e-03 3.639720e-01
387 6.344960e-01 1.328000e-03 3.641760e-01
388 6.342920e-01 1.340000e-03 3.643680e-01
389 6.340040e-01 1.352000e-03 3.646440e-01
390 6.337320e-01 1.436000e-03 3.648320e-01
391 6.335200e-01 1.308000e-03 3.651720e-01
392 6.332600e-01 1.340000e-03 3.654000e-01
393 6.329880e-01 1.316000e-03 3.656960e-01
394 6.327400e-01 1.300000e-03 3.659600e-01
395 6.324800e-01 1.352000e-03 3.661680e-01
396 6.322320e-01 1.388000e-03 3.663800e-01
397 6.319480e-01 1.416000e-03 3.666360e-01
398 6.316440e-01 1.436000e-03 3.669200e-01
399 6.313720e-01 1.492000e-03 3.671360e-01
400 6.312240e-01 1.340000e-03 3.674360e-01
401 6.310000e-01 1.292000e-03 3.677080e-01
402 6.308280e-01 1.240000e-03 3.679320e-01
403 6.306040e-01 1.316000e-03 3.680800e-01
404 6.304520e-01 1.216000e-03 3.683320e-01
405 6.302720e-01 1.172000e-03 3.685560e-01
406 6.300720e-01 1.148000e-03 3.687800e-01
407 6.298680e-01 1.152000e-03 3.689800e-01
408 6.296200e-01 1.176000e-03 3.692040e-01
409 6.294520e-01 1.124000e-03 3.694240e-01
410 6.292480e-01 1.136000e-03 3.696160e-01
411 6.291080e-01 1.084000e-03 3.698080e-01
412 6.289360e-01 1.012000e-03 3.700520e-01
413 6.287560e-01 9.800000e-04 3.702640e-01
414 6.285840e-01 9.560000e-04 3.704600e-01
415 6.283760e-01 9.920000e-04 3.706320e-01
416 6.281960e-01 9.920000e-04 3.708120e-01
417 6.280000e-01 9.840000e-04 3.710160e-01
418 6.278360e-01 9.800000e-04 3.711840e-01
419 6.275800e-01 1.068000e-03 3.713520e-01
420 6.274240e-01 1.072000e-03 3.715040e-01
421 6.271760e-01 1.148000e-03 3.716760e-01
422 6.269960e-01 1.128000e-03 3.718760e-01
423 6.267800e-01 1.156000e-03 3.720640e-01
424 6.265960e-01 1.184000e-03 3.722200e-01
425 6.264240e-01 1.208000e-03 3.723680e-01
426 6.262760e-01 1.168000e-03 3.725560e-01
427 6.260600e-01 1.152000e-03 3.727880e-01
428 6.258320e-01 1.172000e-03 3.729960e-01
429 6.255880e-01 1.208000e-03 3.732040e-01
430 6.253560e-01 1.216000e-03 3.734280e-01
431 6.251360e-01 1.200000e-03 3.736640e-01
432 6.248880e-01 1.212000e-03 3.739000e-01
433 6.246920e-01 1.236000e-03 3.740720e-01
434 6.245000e-01 1.188000e-03 3.743120e-01
435 6.243480e-01 1.124000e-03 3.745280e-01
436 6.241640e-01 1.100000e-03 3.747360e-01
437 6.239960e-01 1.080000e-03 3.749240e-01
438 6.238520e-01 1.060000e-03 3.750880e-01
439 6.237320e-01 9.680000e-04 3.753000e-01
440 6.235880e-01 8.840000e-04 3.755280e-01
441 6.234520e-01 8.480000e-04 3.757000e-01
442 6.233080e-01 8.320000e-04 3.758600e-01
443 6.231960e-01 7.920000e-04 3.760120e-01
444 6.230480e-01 8.040000e-04 3.761480e-01
445 6.229240e-01 8.080000e-04 3.762680e-01
446 6.227520e-01 8.160000e-04 3.764320e-01
447 6.226280e-01 7.760000e-04 3.765960e-01
448 6.225280e-01 7.440000e-04 3.767280e-01
449 6.224120e-01 7.360000e-04 3.768520e-01
450 6.222680e-01 8.000000e-04 3.769320e-01
451 6.221200e-01 8.240000e-04 3.770560e-01
452 6.219480e-01 8.720000e-04 3.771800e-01
453 6.218160e-01 8.680000e-04 3.773160e-01
454 6.216440e-01 9.080000e-04 3.774480e-01
455 6.214320e-01 9.360000e-04 3.776320e-01
456 6.212680e-01 9.600000e-04 3.777720e-01
457 6.211000e-01 9.680000e-04 3.779320e-01
458 6.209200e-01 1.000000e-03 3.780800e-01
459 6.207480e-01 9.720000e-04 3.782800e-01
460 6.205840e-01 9.600000e-04 3.784560e-01
461 6.203600e-01 1.000000e-03 3.786400e-01
462 6.201640e-01 9.960000e-04 3.788400e-01
463 6.199800e-01 1.032000e-03 3.789880e-01
464 6.198000e-01 1.028000e-03 3.791720e-01
465 6.195800e-01 1.048000e-03 3.793720e-01
466 6.193760e-01 1.048000e-03 3.795760e-01
467 6.191680e-01 1.040000e-03 3.797920e-01
468 6.190200e-01 1.016000e-03 3.799640e-01
469 6.188800e-01 1.004000e-03 3.801160e-01
470 6.186760e-01 1.052000e-03 3.802720e-01
471 6.184880e-01 1.076000e-03 3.804360e-01
472 6.183520e-01 1.036000e-03 3.806120e-01
473 6.182280e-01 1.024000e-03 3.807480e-01
474 6.180440e-01 9.680000e-04 3.809880e-01
475 6.178360e-01 9.920000e-04 3.811720e-01
476 6.176880e-01 9.840000e-04 3.813280e-01
477 6.175520e-01 9.400000e-04 3.815080e-01
478 6.174200e-01 9.520000e-04 3.816280e-01
479 6.173080e-01 8.840000e-04 3.818080e-01
480 6.172160e-01 8.360000e-04 3.819480e-01
481 6.170320e-01 8.640000e-04 3.821040e-01
482 6.168840e-01 8.920000e-04 3.822240e-01
483 6.167520e-01 8.720000e-04 3.823760e-01
484 6.166360e-01 7.880000e-04 3.825760e-01
485 6.164800e-01 7.800000e-04 3.827400e-01
486 6.163640e-01 7.480000e-04 3.828880e-01
487 6.162400e-01 7.400000e-04 3.830200e-01
488 6.161160e-01 7.000000e-04 3.831840e-01
489 6.160120e-01 6.480000e-04 3.833400e-01
490 6.159320e-01 5.960000e-04 3.834720e-01
491 6.158320e-01 5.680000e-04 3.836000e-01
492 6.157640e-01 5.360000e-04 3.837000e-01
493 6.157040e-01 5.160000e-04 3.837800e-01
494 6.156040e-01 5.680000e-04 3.838280e-01
495 6.154680e-01 5.600000e-04 3.839720e-01
496 6.153520e-01 5.960000e-04 3.840520e-01
497 6.152360e-01 6.080000e-04 3.841560e-01
498 6.151400e-01 5.960000e-04 3.842640e-01
499 6.150280e-01 5.960000e-04 3.843760e-01
500 6.149280e-01 5.840000e-04 3.844880e-01
