1 9.991640e-01 7.400000e-04 9.600000e-05
2 9.986200e-01 1.132000e-03 2.480000e-04
3 9.978960e-01 1.660000e-03 4.440000e-04
4 9.971400e-01 2.152000e-03 7.080000e-04
5 9.961760e-01 2.712000e-03 1.112000e-03
6 9.951680e-01 3.156000e-03 1.676000e-03
7 9.940280e-01 3.728000e-03 2.244000e-03
8 9.928800e-01 4.224000e-03 2.896000e-03
9 9.917240e-01 4.696000e-03 3.580000e-03
10 9.903960e-01 5.228000e-03 4.376000e-03
11 9.889440e-01 5.756000e-03 5.300000e-03
12 9.874800e-01 6.160000e-03 6.360000e-03
13 9.859560e-01 6.572000e-03 7.472000e-03
14 9.844800e-01 6.704000e-03 8.816000e-03
15 9.828880e-01 7.076000e-03 1.003600e-02
16 9.810840e-01 7.600000e-03 1.131600e-02
17 9.793720e-01 7.856000e-03 1.277200e-02
18 9.775240e-01 8.344000e-03 1.413200e-02
19 9.756960e-01 8.692000e-03 1.561200e-02
20 9.738760e-01 9.060000e-03 1.706400e-02
21 9.720880e-01 9.100000e-03 1.881200e-02
22 9.702160e-01 9.332000e-03 2.045200e-02
23 9.683240e-01 9.644000e-03 2.203200e-02
24 9.663480e-01 1.007200e-02 2.358000e-02
25 9.644080e-01 1.037200e-02 2.522000e-02
26 9.625960e-01 1.047600e-02 2.692800e-02
27 9.606560e-01 1.074000e-02 2.860400e-02
28 9.587640e-01 1.068000e-02 3.055600e-02
29 9.567000e-01 1.087200e-02 3.242800e-02
30 9.545800e-01 1.104800e-02 3.437200e-02
31 9.527360e-01 1.098800e-02 3.627600e-02
32 9.509640e-01 1.094800e-02 3.808800e-02
33 9.489000e-01 1.095200e-02 4.014800e-02
34 9.468840e-01 1.110800e-02 4.200800e-02
35 9.447720e-01 1.138000e-02 4.384800e-02
36 9.425920e-01 1.146000e-02 4.594800e-02
37 9.404120e-01 1.152800e-02 4.806000e-02
38 9.382040e-01 1.172400e-02 5.007200e-02
39 9.362320e-01 1.162000e-02 5.214800e-02
40 9.342040e-01 1.168000e-02 5.411600e-02
41 9.320920e-01 1.172000e-02 5.618800e-02
42 9.301640e-01 1.158800e-02 5.824800e-02
43 9.281480e-01 1.164400e-02 6.020800e-02
44 9.261160e-01 1.167200e-02 6.221200e-02
45 9.240280e-01 1.172400e-02 6.424800e-02
46 9.218840e-01 1.193200e-02 6.618400e-02
47 9.196760e-01 1.202400e-02 6.830000e-02
48 9.173760e-01 1.230400e-02 7.032000e-02
49 9.151960e-01 1.241600e-02 7.238800e-02
50 9.130840e-01 1.225600e-02 7.466000e-02
51 9.107600e-01 1.238800e-02 7.685200e-02
52 9.087160e-01 1.226800e-02 7.901600e-02
53 9.067760e-01 1.207200e-02 8.115200e-02
54 9.046400e-01 1.226800e-02 8.309200e-02
55 9.025240e-01 1.224400e-02 8.523200e-02
56 9.003080e-01 1.238400e-02 8.730800e-02
57 8.981000e-01 1.246800e-02 8.943200e-02
58 8.959280e-01 1.246000e-02 9.161200e-02
59 8.937240e-01 1.250000e-02 9.377600e-02
60 8.914960e-01 1.241600e-02 9.608800e-02
61 8.893160e-01 1.247200e-02 9.821200e-02
62 8.871440e-01 1.254400e-02 1.003120e-01
63 8.848800e-01 1.263200e-02 1.024880e-01
64 8.826720e-01 1.265600e-02 1.046720e-01
65 8.805480e-01 1.257200e-02 1.068800e-01
66 8.781840e-01 1.265600e-02 1.091600e-01
67 8.758760e-01 1.270400e-02 1.114200e-01
68 8.735120e-01 1.284400e-02 1.136440e-01
69 8.711800e-01 1.292800e-02 1.158920e-01
70 8.687320e-01 1.318800e-02 1.180800e-01
71 8.665600e-01 1.323200e-02 1.202080e-01
72 8.641440e-01 1.341600e-02 1.224400e-01
73 8.618120e-01 1.342000e-02 1.247680e-01
74 8.597680e-01 1.298800e-02 1.272440e-01
75 8.576480e-01 1.298400e-02 1.293680e-01
76 8.557560e-01 1.245200e-02 1.317920e-01
77 8.535480e-01 1.261600e-02 1.338360e-01
78 8.514000e-01 1.258800e-02 1.360120e-01
79 8.492880e-01 1.250000e-02 1.382120e-01
80 8.472600e-01 1.245600e-02 1.402840e-01
81 8.453200e-01 1.221200e-02 1.424680e-01
82 8.434640e-01 1.185200e-02 1.446840e-01
83 8.415600e-01 1.160000e-02 1.468400e-01
84 8.398240e-01 1.132000e-02 1.488560e-01
85 8.378040e-01 1.142800e-02 1.507680e-01
86 8.359160e-01 1.136000e-02 1.527240e-01
87 8.339080e-01 1.139600e-02 1.546960e-01
88 8.318320e-01 1.141600e-02 1.567520e-01
89 8.298440e-01 1.152800e-02 1.586280e-01
90 8.278600e-01 1.156000e-02 1.605800e-01
91 8.259440e-01 1.130000e-02 1.627560e-01
92 8.241720e-01 1.108000e-02 1.647480e-01
93 8.224920e-01 1.097200e-02 1.665360e-01
94 8.206720e-01 1.094800e-02 1.683800e-01
95 8.189040e-01 1.086800e-02 1.702280e-01
96 8.171400e-01 1.078800e-02 1.720720e-01
97 8.153640e-01 1.068000e-02 1.739560e-01
98 8.136160e-01 1.049200e-02 1.758920e-01
99 8.119680e-01 1.018000e-02 1.778520e-01
100 8.103240e-01 1.008800e-02 1.795880e-01
101 8.085800e-01 1.012800e-02 1.812920e-01
102 8.068720e-01 1.001200e-02 1.831160e-01
103 8.048960e-01 1.025200e-02 1.848520e-01
104 8.032840e-01 1.013600e-02 1.865800e-01
105 8.015480e-01 1.002400e-02 1.884280e-01
106 7.997400e-01 1.008800e-02 1.901720e-01
107 7.980040e-01 1.006400e-02 1.919320e-01
108 7.961280e-01 1.025600e-02 1.936160e-01
109 7.942920e-01 1.026400e-02 1.954440e-01
110 7.926200e-01 1.022000e-02 1.971600e-01
111 7.908560e-01 1.018800e-02 1.989560e-01
112 7.892600e-01 9.836000e-03 2.009040e-01
113 7.876240e-01 9.720000e-03 2.026560e-01
114 7.858920e-01 9.732000e-03 2.043760e-01
115 7.840520e-01 9.800000e-03 2.061480e-01
116 7.823320e-01 9.924000e-03 2.077440e-01
117 7.805840e-01 9.836000e-03 2.095800e-01
118 7.788280e-01 9.840000e-03 2.113320e-01
119 7.770640e-01 9.712000e-03 2.132240e-01
120 7.751960e-01 9.776000e-03 2.150280e-01
121 7.735640e-01 9.680000e-03 2.167560e-01
122 7.718400e-01 9.772000e-03 2.183880e-01
123 7.700960e-01 9.764000e-03 2.201400e-01
124 7.683320e-01 9.908000e-03 2.217600e-01
125 7.666040e-01 9.840000e-03 2.235560e-01
126 7.650040e-01 9.740000e-03 2.252560e-01
127 7.634200e-01 9.648000e-03 2.269320e-01
128 7.618840e-01 9.344000e-03 2.287720e-01
129 7.601880e-01 9.336000e-03 2.304760e-01
130 7.584760e-01 9.372000e-03 2.321520e-01
131 7.568200e-01 9.392000e-03 2.337880e-01
132 7.552000e-01 9.336000e-03 2.354640e-01
133 7.538400e-01 9.100000e-03 2.370600e-01
134 7.521160e-01 9.296000e-03 2.385880e-01
135 7.506480e-01 9.156000e-03 2.401960e-01
136 7.491360e-01 9.048000e-03 2.418160e-01
137 7.476160e-01 8.936000e-03 2.434480e-01
138 7.461240e-01 8.808000e-03 2.450680e-01
139 7.444880e-01 9.076000e-03 2.464360e-01
140 7.428320e-01 9.144000e-03 2.480240e-01
141 7.413680e-01 9.068000e-03 2.495640e-01
142 7.399200e-01 8.888000e-03 2.511920e-01
143 7.384640e-01 8.836000e-03 2.527000e-01
144 7.370480e-01 8.812000e-03 2.541400e-01
145 7.354520e-01 8.820000e-03 2.557280e-01
146 7.340200e-01 8.612000e-03 2.573680e-01
147 7.326160e-01 8.580000e-03 2.588040e-01
148 7.311680e-01 8.464000e-03 2.603680e-01
149 7.298720e-01 8.316000e-03 2.618120e-01
150 7.284560e-01 8.372000e-03 2.631720e-01
151 7.272360e-01 8.176000e-03 2.645880e-01
152 7.259680e-01 8.028000e-03 2.660040e-01
153 7.245800e-01 8.028000e-03 2.673920e-01
154 7.233360e-01 7.836000e-03 2.688280e-01
155 7.221480e-01 7.668000e-03 2.701840e-01
156 7.210200e-01 7.512000e-03 2.714680e-01
157 7.197560e-01 7.500000e-03 2.727440e-01
158 7.184240e-01 7.548000e-03 2.740280e-01
159 7.171440e-01 7.448000e-03 2.754080e-01
160 7.158160e-01 7.368000e-03 2.768160e-01
161 7.145480e-01 7.204000e-03 2.782480e-01
162 7.133920e-01 7.004000e-03 2.796040e-01
163 7.121640e-01 6.940000e-03 2.808960e-01
164 7.109400e-01 6.816000e-03 2.822440e-01
165 7.098960e-01 6.692000e-03 2.834120e-01
166 7.088440e-01 6.564000e-03 2.845920e-01
167 7.076520e-01 6.588000e-03 2.857600e-01
168 7.064880e-01 6.612000e-03 2.869000e-01
169 7.053080e-01 6.728000e-03 2.879640e-01
170 7.040960e-01 6.812000e-03 2.890920e-01
171 7.029080e-01 6.752000e-03 2.903400e-01
172 7.017280e-01 6.684000e-03 2.915880e-01
173 7.006600e-01 6.652000e-03 2.926880e-01
174 6.994240e-01 6.648000e-03 2.939280e-01
175 6.983400e-01 6.464000e-03 2.951960e-01
176 6.971880e-01 6.416000e-03 2.963960e-01
177 6.961520e-01 6.428000e-03 2.974200e-01
178 6.948720e-01 6.616000e-03 2.985120e-01
179 6.936080e-01 6.560000e-03 2.998320e-01
180 6.924320e-01 6.744000e-03 3.008240e-01
181 6.912240e-01 6.892000e-03 3.018840e-01
182 6.898920e-01 7.048000e-03 3.030600e-01
183 6.886960e-01 6.972000e-03 3.043320e-01
184 6.875120e-01 6.976000e-03 3.055120e-01
185 6.863920e-01 7.012000e-03 3.065960e-01
186 6.853240e-01 6.948000e-03 3.077280e-01
187 6.842480e-01 6.768000e-03 3.089840e-01
188 6.832400e-01 6.560000e-03 3.102000e-01
189 6.821960e-01 6.500000e-03 3.113040e-01
190 6.811120e-01 6.544000e-03 3.123440e-01
191 6.800480e-01 6.436000e-03 3.135160e-01
192 6.789240e-01 6.452000e-03 3.146240e-01
193 6.777880e-01 6.332000e-03 3.158800e-01
194 6.766640e-01 6.360000e-03 3.169760e-01
195 6.755720e-01 6.316000e-03 3.181120e-01
196 6.746120e-01 6.156000e-03 3.192320e-01
197 6.736600e-01 6.036000e-03 3.203040e-01
198 6.725280e-01 6.060000e-03 3.214120e-01
199 6.715120e-01 6.072000e-03 3.224160e-01
200 6.706560e-01 5.784000e-03 3.235600e-01
201 6.698200e-01 5.552000e-03 3.246280e-01
202 6.688480e-01 5.560000e-03 3.255920e-01
203 6.677880e-01 5.692000e-03 3.265200e-01
204 6.667520e-01 5.864000e-03 3.273840e-01
205 6.657080e-01 5.932000e-03 3.283600e-01
206 6.645560e-01 6.032000e-03 3.294120e-01
207 6.636200e-01 5.920000e-03 3.304600e-01
208 6.624960e-01 5.924000e-03 3.315800e-01
209 6.615200e-01 5.944000e-03 3.325360e-01
210 6.605880e-01 5.852000e-03 3.335600e-01
211 6.594160e-01 5.980000e-03 3.346040e-01
212 6.582920e-01 5.928000e-03 3.357800e-01
213 6.572640e-01 5.908000e-03 3.368280e-01
214 6.562160e-01 5.884000e-03 3.379000e-01
215 6.552400e-01 5.860000e-03 3.389000e-01
216 6.541400e-01 5.960000e-03 3.399000e-01
217 6.531120e-01 5.980000e-03 3.409080e-01
218 6.521200e-01 5.912000e-03 3.419680e-01
219 6.511520e-01 5.824000e-03 3.430240e-01
220 6.502000e-01 5.756000e-03 3.440440e-01
221 6.492320e-01 5.864000e-03 3.449040e-01
222 6.483080e-01 5.732000e-03 3.459600e-01
223 6.473120e-01 5.792000e-03 3.468960e-01
224 6.464040e-01 5.660000e-03 3.479360e-01
225 6.454800e-01 5.608000e-03 3.489120e-01
226 6.445760e-01 5.504000e-03 3.499200e-01
227 6.437120e-01 5.416000e-03 3.508720e-01
228 6.428040e-01 5.292000e-03 3.519040e-01
229 6.419160e-01 5.292000e-03 3.527920e-01
230 6.410360e-01 5.224000e-03 3.537400e-01
231 6.401680e-01 5.092000e-03 3.547400e-01
232 6.391840e-01 5.120000e-03 3.556960e-01
233 6.383920e-01 5.032000e-03 3.565760e-01
234 6.375000e-01 5.012000e-03 3.574880e-01
235 6.367160e-01 4.984000e-03 3.583000e-01
236 6.359160e-01 4.944000e-03 3.591400e-01
237 6.351160e-01 4.928000e-03 3.599560e-01
238 6.342120e-01 4.980000e-03 3.608080e-01
239 6.333520e-01 4.920000e-03 3.617280e-01
240 6.326400e-01 4.728000e-03 3.626320e-01
241 6.319800e-01 4.592000e-03 3.634280e-01
242 6.312920e-01 4.412000e-03 3.642960e-01
243 6.305400e-01 4.480000e-03 3.649800e-01
244 6.298280e-01 4.404000e-03 3.657680e-01
245 6.290520e-01 4.480000e-03 3.664680e-01
246 6.282840e-01 4.492000e-03 3.672240e-01
247 6.275320e-01 4.528000e-03 3.679400e-01
248 6.268840e-01 4.348000e-03 3.687680e-01
249 6.262080e-01 4.280000e-03 3.695120e-01
250 6.254520e-01 4.312000e-03 3.702360e-01
251 6.247040e-01 4.304000e-03 3.709920e-01
252 6.239920e-01 4.344000e-03 3.716640e-01
253 6.232760e-01 4.336000e-03 3.723880e-01
254 6.225840e-01 4.220000e-03 3.731960e-01
255 6.218880e-01 4.208000e-03 3.739040e-01
256 6.212120e-01 4.160000e-03 3.746280e-01
257 6.205000e-01 4.080000e-03 3.754200e-01
258 6.198600e-01 4.128000e-03 3.760120e-01
259 6.191520e-01 4.196000e-03 3.766520e-01
260 6.185360e-01 4.036000e-03 3.774280e-01
261 6.178480e-01 4.044000e-03 3.781080e-01
262 6.172280e-01 3.908000e-03 3.788640e-01
263 6.165960e-01 3.772000e-03 3.796320e-01
264 6.160120e-01 3.660000e-03 3.803280e-01
265 6.155080e-01 3.448000e-03 3.810440e-01
266 6.149280e-01 3.516000e-03 3.815560e-01
267 6.142720e-01 3.464000e-03 3.822640e-01
268 6.136440e-01 3.540000e-03 3.828160e-01
269 6.130760e-01 3.404000e-03 3.835200e-01
270 6.125520e-01 3.368000e-03 3.840800e-01
271 6.119800e-01 3.388000e-03 3.846320e-01
272 6.113400e-01 3.396000e-03 3.852640e-01
273 6.108080e-01 3.380000e-03 3.858120e-01
274 6.103000e-01 3.240000e-03 3.864600e-01
275 6.097640e-01 3.224000e-03 3.870120e-01
276 6.093080e-01 3.116000e-03 3.875760e-01
277 6.087640e-01 3.136000e-03 3.881000e-01
278 6.081960e-01 3.140000e-03 3.886640e-01
279 6.076960e-01 3.028000e-03 3.892760e-01
280 6.070760e-01 3.156000e-03 3.897680e-01
281 6.065240e-01 3.116000e-03 3.903600e-01
282 6.060480e-01 2.996000e-03 3.909560e-01
283 6.056240e-01 2.892000e-03 3.914840e-01
284 6.051680e-01 2.852000e-03 3.919800e-01
285 6.047000e-01 2.844000e-03 3.924560e-01
286 6.042560e-01 2.780000e-03 3.929640e-01
287 6.038360e-01 2.748000e-03 3.934160e-01
288 6.033720e-01 2.752000e-03 3.938760e-01
289 6.028520e-01 2.808000e-03 3.943400e-01
290 6.024400e-01 2.728000e-03 3.948320e-01
291 6.020200e-01 2.688000e-03 3.952920e-01
292 6.013840e-01 2.764000e-03 3.958520e-01
293 6.007880e-01 2.796000e-03 3.964160e-01
294 6.002960e-01 2.764000e-03 3.969400e-01
295 5.998320e-01 2.740000e-03 3.974280e-01
296 5.993080e-01 2.768000e-03 3.979240e-01
297 5.988840e-01 2.592000e-03 3.985240e-01
298 5.984800e-01 2.500000e-03 3.990200e-01
299 5.980200e-01 2.548000e-03 3.994320e-01
300 5.976760e-01 2.428000e-03 3.998960e-01
301 5.972800e-01 2.368000e-03 4.003520e-01
302 5.968560e-01 2.356000e-03 4.007880e-01
303 5.964880e-01 2.360000e-03 4.011520e-01
304 5.960760e-01 2.380000e-03 4.015440e-01
305 5.955840e-01 2.468000e-03 4.019480e-01
306 5.952200e-01 2.372000e-03 4.024080e-01
307 5.948720e-01 2.300000e-03 4.028280e-01
308 5.944800e-01 2.360000e-03 4.031600e-01
309 5.940880e-01 2.272000e-03 4.036400e-01
310 5.936720e-01 2.308000e-03 4.040200e-01
311 5.932600e-01 2.336000e-03 4.044040e-01
312 5.928760e-01 2.372000e-03 4.047520e-01
313 5.923000e-01 2.472000e-03 4.052280e-01
314 5.919240e-01 2.404000e-03 4.056720e-01
315 5.916120e-01 2.332000e-03 4.060560e-01
316 5.912040e-01 2.336000e-03 4.064600e-01
317 5.907800e-01 2.316000e-03 4.069040e-01
318 5.903120e-01 2.400000e-03 4.072880e-01
319 5.899920e-01 2.296000e-03 4.077120e-01
320 5.896480e-01 2.268000e-03 4.080840e-01
321 5.893600e-01 2.192000e-03 4.084480e-01
322 5.890120e-01 2.156000e-03 4.088320e-01
323 5.886640e-01 2.180000e-03 4.091560e-01
324 5.883840e-01 2.148000e-03 4.094680e-01
325 5.881240e-01 2.068000e-03 4.098080e-01
326 5.877240e-01 2.084000e-03 4.101920e-01
327 5.873680e-01 2.108000e-03 4.105240e-01
328 5.870480e-01 2.080000e-03 4.108720e-01
329 5.866720e-01 2.100000e-03 4.112280e-01
330 5.863520e-01 2.072000e-03 4.115760e-01
331 5.861040e-01 1.952000e-03 4.119440e-01
332 5.858320e-01 1.960000e-03 4.122080e-01
333 5.854880e-01 1.980000e-03 4.125320e-01
334 5.851440e-01 1.992000e-03 4.128640e-01
335 5.848240e-01 1.932000e-03 4.132440e-01
336 5.845240e-01 1.916000e-03 4.135600e-01
337 5.842640e-01 1.832000e-03 4.139040e-01
338 5.839080e-01 1.880000e-03 4.142120e-01
339 5.836280e-01 1.824000e-03 4.145480e-01
340 5.833760e-01 1.744000e-03 4.148800e-01
341 5.831480e-01 1.644000e-03 4.152080e-01
342 5.828520e-01 1.660000e-03 4.154880e-01
343 5.825720e-01 1.596000e-03 4.158320e-01
344 5.823120e-01 1.604000e-03 4.160840e-01
345 5.820720e-01 1.480000e-03 4.164480e-01
346 5.818400e-01 1.456000e-03 4.167040e-01
347 5.816640e-01 1.396000e-03 4.169400e-01
348 5.814800e-01 1.376000e-03 4.171440e-01
349 5.812600e-01 1.368000e-03 4.173720e-01
350 5.810560e-01 1.336000e-03 4.176080e-01
351 5.808000e-01 1.332000e-03 4.178680e-01
352 5.805480e-01 1.324000e-03 4.181280e-01
353 5.803360e-01 1.320000e-03 4.183440e-01
354 5.800920e-01 1.332000e-03 4.185760e-01
355 5.798640e-01 1.336000e-03 4.188000e-01
356 5.796680e-01 1.356000e-03 4.189760e-01
357 5.795160e-01 1.236000e-03 4.192480e-01
358 5.793080e-01 1.232000e-03 4.194600e-01
359 5.791080e-01 1.204000e-03 4.196880e-01
360 5.789120e-01 1.188000e-03 4.199000e-01
361 5.786760e-01 1.216000e-03 4.201080e-01
362 5.785080e-01 1.184000e-03 4.203080e-01
363 5.783320e-01 1.172000e-03 4.204960e-01
364 5.781360e-01 1.212000e-03 4.206520e-01
365 5.778960e-01 1.276000e-03 4.208280e-01
366 5.776680e-01 1.276000e-03 4.210560e-01
367 5.774360e-01 1.328000e-03 4.212360e-01
368 5.771800e-01 1.392000e-03 4.214280e-01
369 5.769040e-01 1.440000e-03 4.216560e-01
370 5.766360e-01 1.416000e-03 4.219480e-01
371 5.763760e-01 1.396000e-03 4.222280e-01
372 5.761000e-01 1.448000e-03 4.224520e-01
373 5.757880e-01 1.564000e-03 4.226480e-01
374 5.755400e-01 1.504000e-03 4.229560e-01
375 5.752640e-01 1.492000e-03 4.232440e-01
376 5.750040e-01 1.492000e-03 4.235040e-01
377 5.747800e-01 1.436000e-03 4.237840e-01
378 5.745640e-01 1.376000e-03 4.240600e-01
379 5.743320e-01 1.340000e-03 4.243280e-01
380 5.741200e-01 1.292000e-03 4.245880e-01
381 5.739480e-01 1.264000e-03 4.247880e-01
382 5.738160e-01 1.124000e-03 4.250600e-01
383 5.737160e-01 1.060000e-03 4.252240e-01
384 5.735160e-01 1.044000e-03 4.254400e-01
385 5.733680e-01 9.840000e-04 4.256480e-01
386 5.731840e-01 1.052000e-03 4.257640e-01
387 5.730160e-01 1.004000e-03 4.259800e-01
388 5.728320e-01 1.028000e-03 4.261400e-01
389 5.726920e-01 9.640000e-04 4.263440e-01
390 5.725760e-01 8.800000e-04 4.265440e-01
391 5.724560e-01 8.400000e-04 4.267040e-01
392 5.723360e-01 8.160000e-04 4.268480e-01
393 5.722120e-01 8.240000e-04 4.269640e-01
394 5.720840e-01 8.000000e-04 4.271160e-01
395 5.719680e-01 7.720000e-04 4.272600e-01
396 5.718680e-01 7.080000e-04 4.274240e-01
397 5.717440e-01 7.560000e-04 4.275000e-01
398 5.716320e-01 7.320000e-04 4.276360e-01
399 5.715480e-01 6.920000e-04 4.277600e-01
400 5.714720e-01 6.800000e-04 4.278480e-01
401 5.713440e-01 6.760000e-04 4.279800e-01
402 5.712400e-01 6.720000e-04 4.280880e-01
403 5.711040e-01 7.040000e-04 4.281920e-01
404 5.710280e-01 6.560000e-04 4.283160e-01
405 5.709200e-01 6.160000e-04 4.284640e-01
406 5.708360e-01 5.960000e-04 4.285680e-01
407 5.707440e-01 5.400000e-04 4.287160e-01
408 5.706680e-01 5.120000e-04 4.288200e-01
409 5.706160e-01 4.720000e-04 4.289120e-01
410 5.705280e-01 4.840000e-04 4.289880e-01
411 5.704560e-01 4.840000e-04 4.290600e-01
412 5.703760e-01 4.720000e-04 4.291520e-01
413 5.702880e-01 4.680000e-04 4.292440e-01
414 5.702040e-01 4.480000e-04 4.293480e-01
415 5.701280e-01 4.480000e-04 4.294240e-01
416 5.700560e-01 4.400000e-04 4.295040e-01
417 5.700040e-01 4.040000e-04 4.295920e-01
418 5.699360e-01 3.720000e-04 4.296920e-01
419 5.698800e-01 3.640000e-04 4.297560e-01
420 5.698240e-01 3.560000e-04 4.298200e-01
421 5.697800e-01 3.360000e-04 4.298840e-01
422 5.697560e-01 2.880000e-04 4.299560e-01
423 5.697360e-01 2.800000e-04 4.299840e-01
424 5.696760e-01 2.840000e-04 4.300400e-01
425 5.696240e-01 2.840000e-04 4.300920e-01
426 5.695680e-01 2.920000e-04 4.301400e-01
427 5.694640e-01 3.320000e-04 4.302040e-01
428 5.693800e-01 3.520000e-04 4.302680e-01
429 5.693200e-01 3.360000e-04 4.303440e-01
430 5.692880e-01 2.800000e-04 4.304320e-01
431 5.692360e-01 2.880000e-04 4.304760e-01
432 5.692040e-01 2.640000e-04 4.305320e-01
433 5.691560e-01 2.480000e-04 4.305960e-01
434 5.691440e-01 2.160000e-04 4.306400e-01
435 5.691120e-01 2.160000e-04 4.306720e-01
436 5.690920e-01 2.120000e-04 4.306960e-01
437 5.690720e-01 1.840000e-04 4.307440e-01
438 5.690560e-01 1.840000e-04 4.307600e-01
439 5.690280e-01 1.880000e-04 4.307840e-01
440 5.690040e-01 1.520000e-04 4.308440e-01
441 5.689920e-01 1.560000e-04 4.308520e-01
442 5.689680e-01 1.600000e-04 4.308720e-01
443 5.689280e-01 1.680000e-04 4.309040e-01
444 5.689160e-01 1.400000e-04 4.309440e-01
445 5.688840e-01 1.440000e-04 4.309720e-01
446 5.688520e-01 1.320000e-04 4.310160e-01
447 5.688240e-01 1.280000e-04 4.310480e-01
448 5.687960e-01 1.280000e-04 4.310760e-01
449 5.687800e-01 1.320000e-04 4.310880e-01
450 5.687760e-01 1.160000e-04 4.311080e-01
451 5.687600e-01 1.080000e-04 4.311320e-01
452 5.687400e-01 1.000000e-04 4.311600e-01
453 5.687120e-01 1.040000e-04 4.311840e-01
454 5.686880e-01 1.080000e-04 4.312040e-01
455 5.686800e-01 8.000000e-05 4.312400e-01
456 5.686520e-01 8.800000e-05 4.312600e-01
457 5.686440e-01 8.800000e-05 4.312680e-01
458 5.686320e-01 9.200000e-05 4.312760e-01
459 5.686200e-01 7.200000e-05 4.313080e-01
460 5.686000e-01 7.600000e-05 4.313240e-01
461 5.685840e-01 7.600000e-05 4.313400e-01
462 5.685800e-01 6.400000e-05 4.313560e-01
463 5.685800e-01 4.800000e-05 4.313720e-01
464 5.685800e-01 3.600000e-05 4.313840e-01
465 5.685800e-01 3.600000e-05 4.313840e-01
466 5.685800e-01 3.200000e-05 4.313880e-01
467 5.685800e-01 2.800000e-05 4.313920e-01
468 5.685800e-01 2.400000e-05 4.313960e-01
469 5.685800e-01 2.000000e-05 4.314000e-01
470 5.685800e-01 1.600000e-05 4.314040e-01
471 5.685800e-01 1.600000e-05 4.314040e-01
472 5.685800e-01 8.000000e-06 4.314120e-01
473 5.685800e-01 8.000000e-06 4.314120e-01
474 5.685800e-01 8.000000e-06 4.314120e-01
475 5.685800e-01 8.000000e-06 4.314120e-01
476 5.685760e-01 1.200000e-05 4.314120e-01
477 5.685680e-01 2.000000e-05 4.314120e-01
478 5.685600e-01 2.800000e-05 4.314120e-01
479 5.685480e-01 4.000000e-05 4.314120e-01
480 5.685400e-01 4.400000e-05 4.314160e-01
481 5.685400e-01 3.600000e-05 4.314240e-01
482 5.685360e-01 3.200000e-05 4.314320e-01
483 5.685280e-01 2.800000e-05 4.314440e-01
484 5.685280e-01 2.000000e-05 4.314520e-01
485 5.685200e-01 2.800000e-05 4.314520e-01
486 5.685120e-01 2.800000e-05 4.314600e-01
487 5.685080e-01 3.200000e-05 4.314600e-01
488 5.685080e-01 2.800000e-05 4.314640e-01
489 5.685080e-01 2.000000e-05 4.314720e-01
490 5.685080e-01 1.600000e-05 4.314760e-01
491 5.685080e-01 1.600000e-05 4.314760e-01
492 5.685080e-01 1.200000e-05 4.314800e-01
493 5.685080e-01 1.200000e-05 4.314800e-01
494 5.685080e-01 4.000000e-06 4.314880e-01
495 5.685080e-01 4.000000e-06 4.314880e-01
496 5.685080e-01 4.000000e-06 4.314880e-01
497 5.685080e-01 4.000000e-06 4.314880e-01
498 5.685080e-01 0.000000e+00 4.314920e-01
499 5.685080e-01 0.000000e+00 4.314920e-01
500 5.685080e-01 0.000000e+00 4.314920e-01
