1 9.991920e-01 6.840000e-04 1.240000e-04
2 9.987000e-01 9.920000e-04 3.080000e-04
3 9.981480e-01 1.356000e-03 4.960000e-04
4 9.975040e-01 1.744000e-03 7.520000e-04
5 9.967440e-01 2.164000e-03 1.092000e-03
6 9.959000e-01 2.540000e-03 1.560000e-03
7 9.950720e-01 2.964000e-03 1.964000e-03
8 9.942720e-01 3.228000e-03 2.500000e-03
9 9.932920e-01 3.644000e-03 3.064000e-03
10 9.923640e-01 3.944000e-03 3.692000e-03
11 9.914000e-01 4.160000e-03 4.440000e-03
12 9.904160e-01 4.332000e-03 5.252000e-03
13 9.894920e-01 4.548000e-03 5.960000e-03
14 9.883480e-01 4.896000e-03 6.756000e-03
15 9.872520e-01 5.216000e-03 7.532000e-03
16 9.860880e-01 5.464000e-03 8.448000e-03
17 9.848440e-01 5.728000e-03 9.428000e-03
18 9.836040e-01 5.888000e-03 1.050800e-02
19 9.825200e-01 5.924000e-03 1.155600e-02
20 9.814760e-01 5.928000e-03 1.259600e-02
21 9.804440e-01 5.928000e-03 1.362800e-02
22 9.793840e-01 5.980000e-03 1.463600e-02
23 9.782720e-01 6.004000e-03 1.572400e-02
24 9.772840e-01 5.904000e-03 1.681200e-02
25 9.761240e-01 6.152000e-03 1.772400e-02
26 9.750800e-01 6.080000e-03 1.884000e-02
27 9.737440e-01 6.380000e-03 1.987600e-02
28 9.725320e-01 6.488000e-03 2.098000e-02
29 9.712720e-01 6.556000e-03 2.217200e-02
30 9.698080e-01 6.740000e-03 2.345200e-02
31 9.685720e-01 6.716000e-03 2.471200e-02
32 9.674000e-01 6.716000e-03 2.588400e-02
33 9.663440e-01 6.652000e-03 2.700400e-02
34 9.651720e-01 6.776000e-03 2.805200e-02
35 9.639320e-01 6.744000e-03 2.932400e-02
36 9.626800e-01 6.844000e-03 3.047600e-02
37 9.613320e-01 7.024000e-03 3.164400e-02
38 9.601200e-01 6.956000e-03 3.292400e-02
39 9.587280e-01 7.192000e-03 3.408000e-02
40 9.573640e-01 7.380000e-03 3.525600e-02
41 9.560360e-01 7.452000e-03 3.651200e-02
42 9.547880e-01 7.400000e-03 3.781200e-02
43 9.534720e-01 7.500000e-03 3.902800e-02
44 9.520480e-01 7.540000e-03 4.041200e-02
45 9.506000e-01 7.552000e-03 4.184800e-02
46 9.491440e-01 7.676000e-03 4.318000e-02
47 9.477160e-01 7.808000e-03 4.447600e-02
48 9.462640e-01 7.880000e-03 4.585600e-02
49 9.447840e-01 7.932000e-03 4.728400e-02
50 9.432600e-01 8.068000e-03 4.867200e-02
51 9.417200e-01 8.212000e-03 5.006800e-02
52 9.401920e-01 8.224000e-03 5.158400e-02
53 9.388000e-01 8.168000e-03 5.303200e-02
54 9.373000e-01 8.196000e-03 5.450400e-02
55 9.357400e-01 8.372000e-03 5.588800e-02
56 9.343760e-01 8.308000e-03 5.731600e-02
57 9.328680e-01 8.356000e-03 5.877600e-02
58 9.313920e-01 8.344000e-03 6.026400e-02
59 9.300240e-01 8.304000e-03 6.167200e-02
60 9.284040e-01 8.512000e-03 6.308400e-02
61 9.270680e-01 8.280000e-03 6.465200e-02
62 9.255720e-01 8.224000e-03 6.620400e-02
63 9.243320e-01 7.896000e-03 6.777200e-02
64 9.230320e-01 7.836000e-03 6.913200e-02
65 9.218080e-01 7.616000e-03 7.057600e-02
66 9.204880e-01 7.680000e-03 7.183200e-02
67 9.191680e-01 7.748000e-03 7.308400e-02
68 9.178280e-01 7.672000e-03 7.450000e-02
69 9.164600e-01 7.684000e-03 7.585600e-02
70 9.151680e-01 7.604000e-03 7.722800e-02
71 9.138320e-01 7.628000e-03 7.854000e-02
72 9.126240e-01 7.472000e-03 7.990400e-02
73 9.115000e-01 7.348000e-03 8.115200e-02
74 9.101800e-01 7.464000e-03 8.235600e-02
75 9.088160e-01 7.608000e-03 8.357600e-02
76 9.074400e-01 7.592000e-03 8.496800e-02
77 9.059600e-01 7.748000e-03 8.629200e-02
78 9.044960e-01 7.904000e-03 8.760000e-02
79 9.032600e-01 7.824000e-03 8.891600e-02
80 9.018160e-01 7.868000e-03 9.031600e-02
81 9.003440e-01 7.900000e-03 9.175600e-02
82 8.990640e-01 7.824000e-03 9.311200e-02
83 8.977680e-01 7.744000e-03 9.448800e-02
84 8.964400e-01 7.784000e-03 9.577600e-02
85 8.951520e-01 7.676000e-03 9.717200e-02
86 8.938560e-01 7.544000e-03 9.860000e-02
87 8.925360e-01 7.604000e-03 9.986000e-02
88 8.912880e-01 7.608000e-03 1.011040e-01
89 8.898000e-01 7.936000e-03 1.022640e-01
90 8.883600e-01 7.972000e-03 1.036680e-01
91 8.869920e-01 7.856000e-03 1.051520e-01
92 8.856640e-01 7.820000e-03 1.065160e-01
93 8.843600e-01 7.788000e-03 1.078520e-01
94 8.831560e-01 7.656000e-03 1.091880e-01
95 8.819000e-01 7.664000e-03 1.104360e-01
96 8.805560e-01 7.688000e-03 1.117560e-01
97 8.792520e-01 7.620000e-03 1.131280e-01
98 8.778920e-01 7.744000e-03 1.143640e-01
99 8.764200e-01 7.900000e-03 1.156800e-01
100 8.750920e-01 7.868000e-03 1.170400e-01
101 8.737120e-01 7.848000e-03 1.184400e-01
102 8.725440e-01 7.740000e-03 1.197160e-01
103 8.713960e-01 7.556000e-03 1.210480e-01
104 8.701840e-01 7.476000e-03 1.223400e-01
105 8.687640e-01 7.576000e-03 1.236600e-01
106 8.675160e-01 7.536000e-03 1.249480e-01
107 8.663800e-01 7.344000e-03 1.262760e-01
108 8.652000e-01 7.256000e-03 1.275440e-01
109 8.639720e-01 7.168000e-03 1.288600e-01
110 8.628240e-01 7.108000e-03 1.300680e-01
111 8.616840e-01 7.092000e-03 1.312240e-01
112 8.606480e-01 6.896000e-03 1.324560e-01
113 8.595720e-01 6.840000e-03 1.335880e-01
114 8.584240e-01 6.748000e-03 1.348280e-01
115 8.573000e-01 6.628000e-03 1.360720e-01
116 8.561560e-01 6.636000e-03 1.372080e-01
117 8.550800e-01 6.628000e-03 1.382920e-01
118 8.539200e-01 6.620000e-03 1.394600e-01
119 8.528400e-01 6.480000e-03 1.406800e-01
120 8.515800e-01 6.552000e-03 1.418680e-01
121 8.504680e-01 6.504000e-03 1.430280e-01
122 8.493040e-01 6.556000e-03 1.441400e-01
123 8.482360e-01 6.540000e-03 1.452240e-01
124 8.470600e-01 6.540000e-03 1.464000e-01
125 8.458920e-01 6.516000e-03 1.475920e-01
126 8.449680e-01 6.312000e-03 1.487200e-01
127 8.438080e-01 6.288000e-03 1.499040e-01
128 8.426200e-01 6.428000e-03 1.509520e-01
129 8.412760e-01 6.672000e-03 1.520520e-01
130 8.401680e-01 6.660000e-03 1.531720e-01
131 8.391240e-01 6.620000e-03 1.542560e-01
132 8.380720e-01 6.508000e-03 1.554200e-01
133 8.369560e-01 6.472000e-03 1.565720e-01
134 8.359960e-01 6.380000e-03 1.576240e-01
135 8.349600e-01 6.396000e-03 1.586440e-01
136 8.338160e-01 6.332000e-03 1.598520e-01
137 8.327400e-01 6.276000e-03 1.609840e-01
138 8.315760e-01 6.444000e-03 1.619800e-01
139 8.304120e-01 6.556000e-03 1.630320e-01
140 8.292680e-01 6.560000e-03 1.641720e-01
141 8.282080e-01 6.500000e-03 1.652920e-01
142 8.271680e-01 6.404000e-03 1.664280e-01
143 8.260960e-01 6.352000e-03 1.675520e-01
144 8.250760e-01 6.248000e-03 1.686760e-01
145 8.241240e-01 6.036000e-03 1.698400e-01
146 8.232000e-01 5.944000e-03 1.708560e-01
147 8.221320e-01 5.820000e-03 1.720480e-01
148 8.211520e-01 5.728000e-03 1.731200e-01
149 8.201680e-01 5.644000e-03 1.741880e-01
150 8.191920e-01 5.668000e-03 1.751400e-01
151 8.182760e-01 5.568000e-03 1.761560e-01
152 8.173280e-01 5.536000e-03 1.771360e-01
153 8.164120e-01 5.400000e-03 1.781880e-01
154 8.154800e-01 5.388000e-03 1.791320e-01
155 8.146240e-01 5.368000e-03 1.800080e-01
156 8.136400e-01 5.436000e-03 1.809240e-01
157 8.126200e-01 5.560000e-03 1.818200e-01
158 8.116400e-01 5.552000e-03 1.828080e-01
159 8.107320e-01 5.624000e-03 1.836440e-01
160 8.096080e-01 5.812000e-03 1.845800e-01
161 8.084320e-01 5.932000e-03 1.856360e-01
162 8.072960e-01 6.084000e-03 1.866200e-01
163 8.061480e-01 6.060000e-03 1.877920e-01
164 8.051280e-01 5.952000e-03 1.889200e-01
165 8.040760e-01 5.960000e-03 1.899640e-01
166 8.029040e-01 6.084000e-03 1.910120e-01
167 8.019360e-01 6.076000e-03 1.919880e-01
168 8.008080e-01 6.100000e-03 1.930920e-01
169 7.998120e-01 5.988000e-03 1.942000e-01
170 7.988840e-01 5.892000e-03 1.952240e-01
171 7.979280e-01 5.832000e-03 1.962400e-01
172 7.970640e-01 5.692000e-03 1.972440e-01
173 7.960440e-01 5.684000e-03 1.982720e-01
174 7.950760e-01 5.716000e-03 1.992080e-01
175 7.943040e-01 5.500000e-03 2.001960e-01
176 7.934800e-01 5.364000e-03 2.011560e-01
177 7.926200e-01 5.320000e-03 2.020600e-01
178 7.917200e-01 5.308000e-03 2.029720e-01
179 7.909000e-01 5.188000e-03 2.039120e-01
180 7.900400e-01 5.272000e-03 2.046880e-01
181 7.891040e-01 5.264000e-03 2.056320e-01
182 7.881640e-01 5.268000e-03 2.065680e-01
183 7.873480e-01 5.128000e-03 2.075240e-01
184 7.864320e-01 5.192000e-03 2.083760e-01
185 7.855560e-01 5.204000e-03 2.092400e-01
186 7.846720e-01 5.172000e-03 2.101560e-01
187 7.837920e-01 5.212000e-03 2.109960e-01
188 7.829800e-01 5.136000e-03 2.118840e-01
189 7.821000e-01 5.028000e-03 2.128720e-01
190 7.812720e-01 4.852000e-03 2.138760e-01
191 7.804080e-01 4.884000e-03 2.147080e-01
192 7.794880e-01 5.028000e-03 2.154840e-01
193 7.786000e-01 5.124000e-03 2.162760e-01
194 7.777680e-01 5.100000e-03 2.171320e-01
195 7.769400e-01 5.036000e-03 2.180240e-01
196 7.761600e-01 4.960000e-03 2.188800e-01
197 7.754520e-01 4.840000e-03 2.197080e-01
198 7.747560e-01 4.716000e-03 2.205280e-01
199 7.738920e-01 4.768000e-03 2.213400e-01
200 7.732920e-01 4.472000e-03 2.222360e-01
201 7.725480e-01 4.344000e-03 2.231080e-01
202 7.718480e-01 4.396000e-03 2.237560e-01
203 7.711600e-01 4.320000e-03 2.245200e-01
204 7.703480e-01 4.364000e-03 2.252880e-01
205 7.695760e-01 4.292000e-03 2.261320e-01
206 7.688240e-01 4.312000e-03 2.268640e-01
207 7.681840e-01 4.200000e-03 2.276160e-01
208 7.674240e-01 4.180000e-03 2.283960e-01
209 7.666960e-01 4.196000e-03 2.291080e-01
210 7.660080e-01 4.176000e-03 2.298160e-01
211 7.653440e-01 4.164000e-03 2.304920e-01
212 7.646920e-01 4.124000e-03 2.311840e-01
213 7.638960e-01 4.112000e-03 2.319920e-01
214 7.632280e-01 4.048000e-03 2.327240e-01
215 7.625320e-01 4.144000e-03 2.333240e-01
216 7.618160e-01 4.188000e-03 2.339960e-01
217 7.610440e-01 4.280000e-03 2.346760e-01
218 7.602720e-01 4.352000e-03 2.353760e-01
219 7.595360e-01 4.420000e-03 2.360440e-01
220 7.589240e-01 4.308000e-03 2.367680e-01
221 7.582840e-01 4.172000e-03 2.375440e-01
222 7.576680e-01 4.140000e-03 2.381920e-01
223 7.569440e-01 4.112000e-03 2.389440e-01
224 7.562680e-01 4.172000e-03 2.395600e-01
225 7.555240e-01 4.128000e-03 2.403480e-01
226 7.547280e-01 4.136000e-03 2.411360e-01
227 7.541280e-01 3.992000e-03 2.418800e-01
228 7.534520e-01 4.008000e-03 2.425400e-01
229 7.528320e-01 3.952000e-03 2.432160e-01
230 7.521200e-01 3.984000e-03 2.438960e-01
231 7.514440e-01 3.948000e-03 2.446080e-01
232 7.507160e-01 3.936000e-03 2.453480e-01
233 7.500240e-01 3.952000e-03 2.460240e-01
234 7.492920e-01 3.960000e-03 2.467480e-01
235 7.486280e-01 3.884000e-03 2.474880e-01
236 7.479800e-01 3.832000e-03 2.481880e-01
237 7.473680e-01 3.820000e-03 2.488120e-01
238 7.467920e-01 3.784000e-03 2.494240e-01
239 7.461240e-01 3.856000e-03 2.500200e-01
240 7.454440e-01 3.936000e-03 2.506200e-01
241 7.449600e-01 3.728000e-03 2.513120e-01
242 7.443400e-01 3.748000e-03 2.519120e-01
243 7.436120e-01 3.888000e-03 2.525000e-01
244 7.430800e-01 3.760000e-03 2.531600e-01
245 7.424960e-01 3.648000e-03 2.538560e-01
246 7.418360e-01 3.616000e-03 2.545480e-01
247 7.412760e-01 3.488000e-03 2.552360e-01
248 7.406960e-01 3.468000e-03 2.558360e-01
249 7.401640e-01 3.396000e-03 2.564400e-01
250 7.395760e-01 3.432000e-03 2.569920e-01
251 7.389360e-01 3.452000e-03 2.576120e-01
252 7.383600e-01 3.348000e-03 2.582920e-01
253 7.378200e-01 3.304000e-03 2.588760e-01
254 7.373040e-01 3.280000e-03 2.594160e-01
255 7.368080e-01 3.280000e-03 2.599120e-01
256 7.362840e-01 3.168000e-03 2.605480e-01
257 7.357680e-01 3.068000e-03 2.611640e-01
258 7.351800e-01 3.088000e-03 2.617320e-01
259 7.347200e-01 3.044000e-03 2.622360e-01
260 7.341160e-01 3.112000e-03 2.627720e-01
261 7.335480e-01 3.064000e-03 2.633880e-01
262 7.329040e-01 3.208000e-03 2.638880e-01
263 7.323840e-01 3.216000e-03 2.644000e-01
264 7.318320e-01 3.200000e-03 2.649680e-01
265 7.313040e-01 3.072000e-03 2.656240e-01
266 7.307920e-01 3.060000e-03 2.661480e-01
267 7.301960e-01 3.108000e-03 2.666960e-01
268 7.296040e-01 3.088000e-03 2.673080e-01
269 7.289720e-01 3.208000e-03 2.678200e-01
270 7.285360e-01 3.096000e-03 2.683680e-01
271 7.280360e-01 3.000000e-03 2.689640e-01
272 7.274960e-01 2.960000e-03 2.695440e-01
273 7.270240e-01 2.892000e-03 2.700840e-01
274 7.265280e-01 2.868000e-03 2.706040e-01
275 7.260800e-01 2.828000e-03 2.710920e-01
276 7.255560e-01 2.892000e-03 2.715520e-01
277 7.250960e-01 2.836000e-03 2.720680e-01
278 7.246600e-01 2.756000e-03 2.725840e-01
279 7.241760e-01 2.792000e-03 2.730320e-01
280 7.237760e-01 2.684000e-03 2.735400e-01
281 7.233000e-01 2.728000e-03 2.739720e-01
282 7.228440e-01 2.752000e-03 2.744040e-01
283 7.224680e-01 2.692000e-03 2.748400e-01
284 7.221000e-01 2.612000e-03 2.752880e-01
285 7.217080e-01 2.560000e-03 2.757320e-01
286 7.212600e-01 2.552000e-03 2.761880e-01
287 7.208480e-01 2.544000e-03 2.766080e-01
288 7.203480e-01 2.540000e-03 2.771120e-01
289 7.199320e-01 2.528000e-03 2.775400e-01
290 7.194440e-01 2.576000e-03 2.779800e-01
291 7.189920e-01 2.524000e-03 2.784840e-01
292 7.185080e-01 2.628000e-03 2.788640e-01
293 7.181080e-01 2.576000e-03 2.793160e-01
294 7.176880e-01 2.568000e-03 2.797440e-01
295 7.172080e-01 2.620000e-03 2.801720e-01
296 7.167080e-01 2.640000e-03 2.806520e-01
297 7.161760e-01 2.692000e-03 2.811320e-01
298 7.157320e-01 2.676000e-03 2.815920e-01
299 7.151720e-01 2.812000e-03 2.820160e-01
300 7.145640e-01 2.984000e-03 2.824520e-01
301 7.140560e-01 2.916000e-03 2.830280e-01
302 7.135480e-01 2.888000e-03 2.835640e-01
303 7.130160e-01 2.864000e-03 2.841200e-01
304 7.124240e-01 2.936000e-03 2.846400e-01
305 7.118720e-01 2.896000e-03 2.852320e-01
306 7.114200e-01 2.816000e-03 2.857640e-01
307 7.109320e-01 2.848000e-03 2.862200e-01
308 7.103360e-01 2.888000e-03 2.867760e-01
309 7.098160e-01 2.960000e-03 2.872240e-01
310 7.092640e-01 3.040000e-03 2.876960e-01
311 7.087200e-01 3.060000e-03 2.882200e-01
312 7.082800e-01 2.928000e-03 2.887920e-01
313 7.077120e-01 2.960000e-03 2.893280e-01
314 7.072280e-01 2.844000e-03 2.899280e-01
315 7.067000e-01 2.872000e-03 2.904280e-01
316 7.062760e-01 2.768000e-03 2.909560e-01
317 7.058920e-01 2.612000e-03 2.914960e-01
318 7.055160e-01 2.508000e-03 2.919760e-01
319 7.050840e-01 2.528000e-03 2.923880e-01
320 7.047040e-01 2.444000e-03 2.928520e-01
321 7.044040e-01 2.240000e-03 2.933560e-01
322 7.040480e-01 2.228000e-03 2.937240e-01
323 7.036880e-01 2.116000e-03 2.941960e-01
324 7.033520e-01 2.032000e-03 2.946160e-01
325 7.030360e-01 1.928000e-03 2.950360e-01
326 7.027120e-01 1.896000e-03 2.953920e-01
327 7.024280e-01 1.776000e-03 2.957960e-01
328 7.021720e-01 1.724000e-03 2.961040e-01
329 7.019040e-01 1.688000e-03 2.964080e-01
330 7.016080e-01 1.712000e-03 2.966800e-01
331 7.013440e-01 1.688000e-03 2.969680e-01
332 7.010040e-01 1.732000e-03 2.972640e-01
333 7.006760e-01 1.724000e-03 2.976000e-01
334 7.004280e-01 1.660000e-03 2.979120e-01
335 7.001840e-01 1.676000e-03 2.981400e-01
336 6.999280e-01 1.612000e-03 2.984600e-01
337 6.996160e-01 1.608000e-03 2.987760e-01
338 6.994160e-01 1.512000e-03 2.990720e-01
339 6.991960e-01 1.452000e-03 2.993520e-01
340 6.989640e-01 1.428000e-03 2.996080e-01
341 6.987800e-01 1.352000e-03 2.998680e-01
342 6.986320e-01 1.264000e-03 3.001040e-01
343 6.984720e-01 1.192000e-03 3.003360e-01
344 6.983120e-01 1.156000e-03 3.005320e-01
345 6.981360e-01 1.132000e-03 3.007320e-01
346 6.979200e-01 1.148000e-03 3.009320e-01
347 6.976560e-01 1.196000e-03 3.011480e-01
348 6.974760e-01 1.184000e-03 3.013400e-01
349 6.972640e-01 1.156000e-03 3.015800e-01
350 6.970760e-01 1.132000e-03 3.017920e-01
351 6.968920e-01 1.124000e-03 3.019840e-01
352 6.967120e-01 1.048000e-03 3.022400e-01
353 6.965560e-01 1.024000e-03 3.024200e-01
354 6.964280e-01 9.520000e-04 3.026200e-01
355 6.962200e-01 1.036000e-03 3.027440e-01
356 6.959600e-01 1.156000e-03 3.028840e-01
357 6.957360e-01 1.196000e-03 3.030680e-01
358 6.955240e-01 1.184000e-03 3.032920e-01
359 6.952880e-01 1.252000e-03 3.034600e-01
360 6.950600e-01 1.220000e-03 3.037200e-01
361 6.947880e-01 1.256000e-03 3.039560e-01
362 6.945080e-01 1.336000e-03 3.041560e-01
363 6.943120e-01 1.324000e-03 3.043640e-01
364 6.941160e-01 1.236000e-03 3.046480e-01
365 6.939160e-01 1.220000e-03 3.048640e-01
366 6.937080e-01 1.260000e-03 3.050320e-01
367 6.935240e-01 1.248000e-03 3.052280e-01
368 6.933160e-01 1.260000e-03 3.054240e-01
369 6.930880e-01 1.380000e-03 3.055320e-01
370 6.927760e-01 1.456000e-03 3.057680e-01
371 6.926080e-01 1.388000e-03 3.060040e-01
372 6.922960e-01 1.452000e-03 3.062520e-01
373 6.919800e-01 1.556000e-03 3.064640e-01
374 6.917000e-01 1.524000e-03 3.067760e-01
375 6.914360e-01 1.508000e-03 3.070560e-01
376 6.911480e-01 1.520000e-03 3.073320e-01
377 6.909120e-01 1.532000e-03 3.075560e-01
378 6.906760e-01 1.504000e-03 3.078200e-01
379 6.904720e-01 1.488000e-03 3.080400e-01
380 6.902920e-01 1.416000e-03 3.082920e-01
381 6.901360e-01 1.292000e-03 3.085720e-01
382 6.899400e-01 1.264000e-03 3.087960e-01
383 6.897560e-01 1.220000e-03 3.090240e-01
384 6.895480e-01 1.184000e-03 3.092680e-01
385 6.893760e-01 1.140000e-03 3.094840e-01
386 6.891160e-01 1.212000e-03 3.096720e-01
387 6.889400e-01 1.144000e-03 3.099160e-01
388 6.887400e-01 1.132000e-03 3.101280e-01
389 6.884520e-01 1.228000e-03 3.103200e-01
390 6.882320e-01 1.224000e-03 3.105440e-01
391 6.879800e-01 1.232000e-03 3.107880e-01
392 6.877480e-01 1.240000e-03 3.110120e-01
393 6.875040e-01 1.276000e-03 3.112200e-01
394 6.872760e-01 1.280000e-03 3.114440e-01
395 6.870960e-01 1.236000e-03 3.116680e-01
396 6.868960e-01 1.264000e-03 3.118400e-01
397 6.866680e-01 1.252000e-03 3.120800e-01
398 6.865040e-01 1.192000e-03 3.123040e-01
399 6.862560e-01 1.276000e-03 3.124680e-01
400 6.860640e-01 1.240000e-03 3.126960e-01
401 6.859000e-01 1.148000e-03 3.129520e-01
402 6.856880e-01 1.192000e-03 3.131200e-01
403 6.855000e-01 1.224000e-03 3.132760e-01
404 6.853200e-01 1.180000e-03 3.135000e-01
405 6.851160e-01 1.164000e-03 3.137200e-01
406 6.849400e-01 1.172000e-03 3.138880e-01
407 6.847440e-01 1.188000e-03 3.140680e-01
408 6.845720e-01 1.160000e-03 3.142680e-01
409 6.844080e-01 1.140000e-03 3.144520e-01
410 6.842600e-01 1.072000e-03 3.146680e-01
411 6.841080e-01 1.044000e-03 3.148480e-01
412 6.839520e-01 1.048000e-03 3.150000e-01
413 6.837000e-01 1.084000e-03 3.152160e-01
414 6.834520e-01 1.156000e-03 3.153920e-01
415 6.832720e-01 1.128000e-03 3.156000e-01
416 6.830800e-01 1.168000e-03 3.157520e-01
417 6.828800e-01 1.184000e-03 3.159360e-01
418 6.826560e-01 1.212000e-03 3.161320e-01
419 6.824720e-01 1.176000e-03 3.163520e-01
420 6.822720e-01 1.148000e-03 3.165800e-01
421 6.820200e-01 1.152000e-03 3.168280e-01
422 6.817840e-01 1.212000e-03 3.170040e-01
423 6.816400e-01 1.148000e-03 3.172120e-01
424 6.814680e-01 1.044000e-03 3.174880e-01
425 6.812640e-01 1.052000e-03 3.176840e-01
426 6.810680e-01 1.072000e-03 3.178600e-01
427 6.809240e-01 1.036000e-03 3.180400e-01
428 6.808120e-01 1.016000e-03 3.181720e-01
429 6.806320e-01 1.012000e-03 3.183560e-01
430 6.804280e-01 1.020000e-03 3.185520e-01
431 6.802280e-01 9.800000e-04 3.187920e-01
432 6.800040e-01 1.004000e-03 3.189920e-01
433 6.797600e-01 1.092000e-03 3.191480e-01
434 6.795720e-01 1.124000e-03 3.193040e-01
435 6.793440e-01 1.176000e-03 3.194800e-01
436 6.791760e-01 1.112000e-03 3.197120e-01
437 6.789040e-01 1.156000e-03 3.199400e-01
438 6.787320e-01 1.104000e-03 3.201640e-01
439 6.785520e-01 1.096000e-03 3.203520e-01
440 6.783080e-01 1.160000e-03 3.205320e-01
441 6.781120e-01 1.128000e-03 3.207600e-01
442 6.778920e-01 1.184000e-03 3.209240e-01
443 6.777000e-01 1.188000e-03 3.211120e-01
444 6.775120e-01 1.120000e-03 3.213680e-01
445 6.772880e-01 1.180000e-03 3.215320e-01
446 6.771200e-01 1.124000e-03 3.217560e-01
447 6.769000e-01 1.172000e-03 3.219280e-01
448 6.767520e-01 1.144000e-03 3.221040e-01
449 6.765320e-01 1.212000e-03 3.222560e-01
450 6.763480e-01 1.184000e-03 3.224680e-01
451 6.761760e-01 1.196000e-03 3.226280e-01
452 6.759920e-01 1.176000e-03 3.228320e-01
453 6.758680e-01 1.072000e-03 3.230600e-01
454 6.756560e-01 1.080000e-03 3.232640e-01
455 6.755000e-01 1.028000e-03 3.234720e-01
456 6.753760e-01 1.000000e-03 3.236240e-01
457 6.751960e-01 1.024000e-03 3.237800e-01
458 6.750200e-01 1.000000e-03 3.239800e-01
459 6.748880e-01 9.560000e-04 3.241560e-01
460 6.747640e-01 9.360000e-04 3.243000e-01
461 6.745800e-01 9.880000e-04 3.244320e-01
462 6.743760e-01 1.024000e-03 3.246000e-01
463 6.741640e-01 1.028000e-03 3.248080e-01
464 6.739640e-01 1.064000e-03 3.249720e-01
465 6.737120e-01 1.044000e-03 3.252440e-01
466 6.735600e-01 9.800000e-04 3.254600e-01
467 6.733560e-01 1.008000e-03 3.256360e-01
468 6.731560e-01 1.012000e-03 3.258320e-01
469 6.729400e-01 1.036000e-03 3.260240e-01
470 6.727760e-01 1.000000e-03 3.262240e-01
471 6.725720e-01 1.044000e-03 3.263840e-01
472 6.723760e-01 1.044000e-03 3.265800e-01
473 6.721400e-01 1.100000e-03 3.267600e-01
474 6.719040e-01 1.176000e-03 3.269200e-01
475 6.717200e-01 1.172000e-03 3.271080e-01
476 6.715240e-01 1.152000e-03 3.273240e-01
477 6.713720e-01 1.064000e-03 3.275640e-01
478 6.712440e-01 9.880000e-04 3.277680e-01
479 6.711160e-01 9.400000e-04 3.279440e-01
480 6.708880e-01 1.004000e-03 3.281080e-01
481 6.706440e-01 1.076000e-03 3.282800e-01
482 6.704520e-01 1.076000e-03 3.284720e-01
483 6.702560e-01 1.096000e-03 3.286480e-01
484 6.700800e-01 1.100000e-03 3.288200e-01
485 6.699040e-01 1.044000e-03 3.290520e-01
486 6.697280e-01 1.060000e-03 3.292120e-01
487 6.695440e-01 1.072000e-03 3.293840e-01
488 6.693280e-01 1.084000e-03 3.295880e-01
489 6.691440e-01 1.084000e-03 3.297720e-01
490 6.690160e-01 1.068000e-03 3.299160e-01
491 6.688240e-01 1.092000e-03 3.300840e-01
492 6.686040e-01 1.112000e-03 3.302840e-01
493 6.684520e-01 1.044000e-03 3.305040e-01
494 6.682760e-01 1.044000e-03 3.306800e-01
495 6.680720e-01 1.060000e-03 3.308680e-01
496 6.679200e-01 9.960000e-04 3.310840e-01
497 6.677080e-01 1.028000e-03 3.312640e-01
498 6.675160e-01 1.052000e-03 3.314320e-01
499 6.673400e-01 1.004000e-03 3.316560e-01
500 6.671720e-01 9.680000e-04 3.318600e-01
