1 9.992160e-01 6.640000e-04 1.200000e-04
2 9.986720e-01 1.036000e-03 2.920000e-04
3 9.980800e-01 1.448000e-03 4.720000e-04
4 9.973320e-01 1.920000e-03 7.480000e-04
5 9.965480e-01 2.296000e-03 1.156000e-03
6 9.956960e-01 2.652000e-03 1.652000e-03
7 9.948080e-01 3.048000e-03 2.144000e-03
8 9.939960e-01 3.364000e-03 2.640000e-03
9 9.930280e-01 3.736000e-03 3.236000e-03
10 9.920680e-01 4.056000e-03 3.876000e-03
11 9.911160e-01 4.288000e-03 4.596000e-03
12 9.900160e-01 4.560000e-03 5.424000e-03
13 9.889280e-01 4.824000e-03 6.248000e-03
14 9.877680e-01 5.144000e-03 7.088000e-03
15 9.864280e-01 5.628000e-03 7.944000e-03
16 9.850960e-01 5.916000e-03 8.988000e-03
17 9.837520e-01 6.212000e-03 1.003600e-02
18 9.824400e-01 6.460000e-03 1.110000e-02
19 9.810600e-01 6.832000e-03 1.210800e-02
20 9.796160e-01 7.044000e-03 1.334000e-02
21 9.782760e-01 7.128000e-03 1.459600e-02
22 9.767880e-01 7.424000e-03 1.578800e-02
23 9.754000e-01 7.420000e-03 1.718000e-02
24 9.739320e-01 7.612000e-03 1.845600e-02
25 9.724120e-01 7.724000e-03 1.986400e-02
26 9.708720e-01 7.872000e-03 2.125600e-02
27 9.694240e-01 7.968000e-03 2.260800e-02
28 9.679800e-01 8.040000e-03 2.398000e-02
29 9.663800e-01 8.248000e-03 2.537200e-02
30 9.648080e-01 8.268000e-03 2.692400e-02
31 9.632240e-01 8.316000e-03 2.846000e-02
32 9.615800e-01 8.352000e-03 3.006800e-02
33 9.600040e-01 8.428000e-03 3.156800e-02
34 9.583960e-01 8.544000e-03 3.306000e-02
35 9.568600e-01 8.624000e-03 3.451600e-02
36 9.554320e-01 8.396000e-03 3.617200e-02
37 9.539480e-01 8.408000e-03 3.764400e-02
38 9.524640e-01 8.540000e-03 3.899600e-02
39 9.508560e-01 8.652000e-03 4.049200e-02
40 9.493000e-01 8.620000e-03 4.208000e-02
41 9.477800e-01 8.612000e-03 4.360800e-02
42 9.462720e-01 8.520000e-03 4.520800e-02
43 9.448440e-01 8.464000e-03 4.669200e-02
44 9.434960e-01 8.344000e-03 4.816000e-02
45 9.420040e-01 8.412000e-03 4.958400e-02
46 9.404840e-01 8.464000e-03 5.105200e-02
47 9.388880e-01 8.636000e-03 5.247600e-02
48 9.372760e-01 8.840000e-03 5.388400e-02
49 9.355880e-01 8.992000e-03 5.542000e-02
50 9.340600e-01 8.884000e-03 5.705600e-02
51 9.324360e-01 8.880000e-03 5.868400e-02
52 9.308960e-01 8.904000e-03 6.020000e-02
53 9.292920e-01 9.040000e-03 6.166800e-02
54 9.276600e-01 9.124000e-03 6.321600e-02
55 9.259840e-01 9.160000e-03 6.485600e-02
56 9.244320e-01 8.964000e-03 6.660400e-02
57 9.229720e-01 8.976000e-03 6.805200e-02
58 9.214480e-01 8.964000e-03 6.958800e-02
59 9.200480e-01 8.800000e-03 7.115200e-02
60 9.186040e-01 8.868000e-03 7.252800e-02
61 9.168640e-01 9.004000e-03 7.413200e-02
62 9.154280e-01 8.800000e-03 7.577200e-02
63 9.139080e-01 8.804000e-03 7.728800e-02
64 9.123160e-01 8.752000e-03 7.893200e-02
65 9.108440e-01 8.672000e-03 8.048400e-02
66 9.094640e-01 8.640000e-03 8.189600e-02
67 9.080400e-01 8.504000e-03 8.345600e-02
68 9.064960e-01 8.548000e-03 8.495600e-02
69 9.047880e-01 8.736000e-03 8.647600e-02
70 9.031720e-01 8.756000e-03 8.807200e-02
71 9.016360e-01 8.828000e-03 8.953600e-02
72 8.997840e-01 9.112000e-03 9.110400e-02
73 8.982040e-01 9.048000e-03 9.274800e-02
74 8.965080e-01 9.240000e-03 9.425200e-02
75 8.950520e-01 9.164000e-03 9.578400e-02
76 8.935680e-01 9.156000e-03 9.727600e-02
77 8.920960e-01 9.080000e-03 9.882400e-02
78 8.906440e-01 8.960000e-03 1.003960e-01
79 8.892000e-01 8.804000e-03 1.019960e-01
80 8.878320e-01 8.676000e-03 1.034920e-01
81 8.863400e-01 8.788000e-03 1.048720e-01
82 8.847600e-01 8.896000e-03 1.063440e-01
83 8.831240e-01 8.888000e-03 1.079880e-01
84 8.816400e-01 8.904000e-03 1.094560e-01
85 8.800960e-01 8.832000e-03 1.110720e-01
86 8.785760e-01 8.752000e-03 1.126720e-01
87 8.770200e-01 8.776000e-03 1.142040e-01
88 8.754760e-01 8.736000e-03 1.157880e-01
89 8.737960e-01 8.992000e-03 1.172120e-01
90 8.720520e-01 9.124000e-03 1.188240e-01
91 8.704280e-01 9.184000e-03 1.203880e-01
92 8.688840e-01 9.148000e-03 1.219680e-01
93 8.673160e-01 9.212000e-03 1.234720e-01
94 8.656720e-01 9.320000e-03 1.250080e-01
95 8.640000e-01 9.308000e-03 1.266920e-01
96 8.623600e-01 9.348000e-03 1.282920e-01
97 8.606640e-01 9.456000e-03 1.298800e-01
98 8.591680e-01 9.280000e-03 1.315520e-01
99 8.574960e-01 9.340000e-03 1.331640e-01
100 8.558560e-01 9.444000e-03 1.347000e-01
101 8.542480e-01 9.608000e-03 1.361440e-01
102 8.526680e-01 9.472000e-03 1.378600e-01
103 8.511280e-01 9.292000e-03 1.395800e-01
104 8.497040e-01 9.064000e-03 1.412320e-01
105 8.482280e-01 9.100000e-03 1.426720e-01
106 8.467400e-01 8.980000e-03 1.442800e-01
107 8.454400e-01 8.636000e-03 1.459240e-01
108 8.438800e-01 8.624000e-03 1.474960e-01
109 8.424160e-01 8.580000e-03 1.490040e-01
110 8.409440e-01 8.500000e-03 1.505560e-01
111 8.394840e-01 8.480000e-03 1.520360e-01
112 8.380760e-01 8.428000e-03 1.534960e-01
113 8.366320e-01 8.428000e-03 1.549400e-01
114 8.353880e-01 8.108000e-03 1.565040e-01
115 8.339080e-01 8.248000e-03 1.578440e-01
116 8.325680e-01 8.192000e-03 1.592400e-01
117 8.312680e-01 8.044000e-03 1.606880e-01
118 8.298560e-01 8.036000e-03 1.621080e-01
119 8.284280e-01 8.056000e-03 1.635160e-01
120 8.270720e-01 8.112000e-03 1.648160e-01
121 8.257800e-01 8.056000e-03 1.661640e-01
122 8.247040e-01 7.796000e-03 1.675000e-01
123 8.233080e-01 7.772000e-03 1.689200e-01
124 8.220040e-01 7.648000e-03 1.703480e-01
125 8.207240e-01 7.660000e-03 1.716160e-01
126 8.193200e-01 7.700000e-03 1.729800e-01
127 8.180520e-01 7.572000e-03 1.743760e-01
128 8.167680e-01 7.500000e-03 1.757320e-01
129 8.154240e-01 7.572000e-03 1.770040e-01
130 8.141440e-01 7.532000e-03 1.783240e-01
131 8.128080e-01 7.576000e-03 1.796160e-01
132 8.115480e-01 7.508000e-03 1.809440e-01
133 8.103400e-01 7.328000e-03 1.823320e-01
134 8.090640e-01 7.204000e-03 1.837320e-01
135 8.077240e-01 7.320000e-03 1.849560e-01
136 8.065840e-01 7.300000e-03 1.861160e-01
137 8.052880e-01 7.332000e-03 1.873800e-01
138 8.038680e-01 7.388000e-03 1.887440e-01
139 8.025480e-01 7.456000e-03 1.899960e-01
140 8.014320e-01 7.200000e-03 1.913680e-01
141 8.003280e-01 7.148000e-03 1.925240e-01
142 7.991640e-01 7.080000e-03 1.937560e-01
143 7.978920e-01 7.136000e-03 1.949720e-01
144 7.967040e-01 7.016000e-03 1.962800e-01
145 7.955840e-01 6.924000e-03 1.974920e-01
146 7.943720e-01 6.944000e-03 1.986840e-01
147 7.932320e-01 6.912000e-03 1.998560e-01
148 7.920160e-01 7.024000e-03 2.009600e-01
149 7.908640e-01 7.008000e-03 2.021280e-01
150 7.896480e-01 6.988000e-03 2.033640e-01
151 7.885240e-01 7.024000e-03 2.044520e-01
152 7.872760e-01 6.996000e-03 2.057280e-01
153 7.861440e-01 6.956000e-03 2.069000e-01
154 7.848120e-01 6.952000e-03 2.082360e-01
155 7.836040e-01 7.004000e-03 2.093920e-01
156 7.824440e-01 6.904000e-03 2.106520e-01
157 7.812240e-01 6.864000e-03 2.119120e-01
158 7.800680e-01 6.736000e-03 2.131960e-01
159 7.787920e-01 6.740000e-03 2.144680e-01
160 7.775800e-01 6.800000e-03 2.156200e-01
161 7.761920e-01 7.024000e-03 2.167840e-01
162 7.749520e-01 7.000000e-03 2.180480e-01
163 7.736840e-01 7.020000e-03 2.192960e-01
164 7.723640e-01 7.028000e-03 2.206080e-01
165 7.711240e-01 6.912000e-03 2.219640e-01
166 7.699000e-01 6.952000e-03 2.231480e-01
167 7.686720e-01 6.944000e-03 2.243840e-01
168 7.674120e-01 7.024000e-03 2.255640e-01
169 7.664000e-01 6.784000e-03 2.268160e-01
170 7.652280e-01 6.924000e-03 2.278480e-01
171 7.641880e-01 6.676000e-03 2.291360e-01
172 7.629320e-01 6.744000e-03 2.303240e-01
173 7.617760e-01 6.716000e-03 2.315080e-01
174 7.605080e-01 6.816000e-03 2.326760e-01
175 7.593320e-01 6.716000e-03 2.339520e-01
176 7.581560e-01 6.760000e-03 2.350840e-01
177 7.570640e-01 6.632000e-03 2.363040e-01
178 7.559160e-01 6.616000e-03 2.374680e-01
179 7.548040e-01 6.528000e-03 2.386680e-01
180 7.537360e-01 6.496000e-03 2.397680e-01
181 7.525280e-01 6.620000e-03 2.408520e-01
182 7.515680e-01 6.428000e-03 2.420040e-01
183 7.505400e-01 6.272000e-03 2.431880e-01
184 7.495840e-01 6.036000e-03 2.443800e-01
185 7.485360e-01 6.032000e-03 2.454320e-01
186 7.476600e-01 5.884000e-03 2.464560e-01
187 7.467680e-01 5.732000e-03 2.475000e-01
188 7.457560e-01 5.720000e-03 2.485240e-01
189 7.448240e-01 5.632000e-03 2.495440e-01
190 7.437240e-01 5.768000e-03 2.505080e-01
191 7.426840e-01 5.776000e-03 2.515400e-01
192 7.417360e-01 5.756000e-03 2.525080e-01
193 7.406720e-01 5.760000e-03 2.535680e-01
194 7.395840e-01 5.876000e-03 2.545400e-01
195 7.385320e-01 5.908000e-03 2.555600e-01
196 7.373880e-01 6.000000e-03 2.566120e-01
197 7.362600e-01 6.016000e-03 2.577240e-01
198 7.351360e-01 6.080000e-03 2.587840e-01
199 7.339840e-01 6.184000e-03 2.598320e-01
200 7.327920e-01 6.280000e-03 2.609280e-01
201 7.316160e-01 6.400000e-03 2.619840e-01
202 7.304640e-01 6.424000e-03 2.631120e-01
203 7.292040e-01 6.580000e-03 2.642160e-01
204 7.280320e-01 6.660000e-03 2.653080e-01
205 7.268520e-01 6.732000e-03 2.664160e-01
206 7.254600e-01 6.984000e-03 2.675560e-01
207 7.240520e-01 7.080000e-03 2.688680e-01
208 7.227520e-01 7.148000e-03 2.701000e-01
209 7.216280e-01 6.984000e-03 2.713880e-01
210 7.202640e-01 7.112000e-03 2.726240e-01
211 7.189600e-01 7.164000e-03 2.738760e-01
212 7.178640e-01 7.136000e-03 2.750000e-01
213 7.165880e-01 7.124000e-03 2.762880e-01
214 7.153440e-01 7.204000e-03 2.774520e-01
215 7.141880e-01 7.128000e-03 2.786840e-01
216 7.130160e-01 7.068000e-03 2.799160e-01
217 7.119280e-01 6.972000e-03 2.811000e-01
218 7.107280e-01 7.004000e-03 2.822680e-01
219 7.096760e-01 6.796000e-03 2.835280e-01
220 7.085480e-01 6.788000e-03 2.846640e-01
221 7.074960e-01 6.604000e-03 2.859000e-01
222 7.064200e-01 6.648000e-03 2.869320e-01
223 7.054200e-01 6.420000e-03 2.881600e-01
224 7.043560e-01 6.304000e-03 2.893400e-01
225 7.033120e-01 6.268000e-03 2.904200e-01
226 7.021640e-01 6.280000e-03 2.915560e-01
227 7.010320e-01 6.272000e-03 2.926960e-01
228 6.999520e-01 6.236000e-03 2.938120e-01
229 6.989640e-01 6.172000e-03 2.948640e-01
230 6.979320e-01 6.108000e-03 2.959600e-01
231 6.970280e-01 5.940000e-03 2.970320e-01
232 6.960840e-01 5.924000e-03 2.979920e-01
233 6.950920e-01 5.860000e-03 2.990480e-01
234 6.940640e-01 5.920000e-03 3.000160e-01
235 6.931840e-01 5.732000e-03 3.010840e-01
236 6.922440e-01 5.724000e-03 3.020320e-01
237 6.913200e-01 5.684000e-03 3.029960e-01
238 6.904280e-01 5.580000e-03 3.039920e-01
239 6.896960e-01 5.376000e-03 3.049280e-01
240 6.890080e-01 5.084000e-03 3.059080e-01
241 6.883360e-01 4.864000e-03 3.068000e-01
242 6.874520e-01 4.912000e-03 3.076360e-01
243 6.867120e-01 4.844000e-03 3.084440e-01
244 6.859560e-01 4.820000e-03 3.092240e-01
245 6.852880e-01 4.704000e-03 3.100080e-01
246 6.844680e-01 4.748000e-03 3.107840e-01
247 6.837080e-01 4.696000e-03 3.115960e-01
248 6.829320e-01 4.652000e-03 3.124160e-01
249 6.821440e-01 4.520000e-03 3.133360e-01
250 6.814720e-01 4.352000e-03 3.141760e-01
251 6.807280e-01 4.360000e-03 3.149120e-01
252 6.800640e-01 4.148000e-03 3.157880e-01
253 6.794080e-01 4.032000e-03 3.165600e-01
254 6.788360e-01 3.884000e-03 3.172800e-01
255 6.782520e-01 3.812000e-03 3.179360e-01
256 6.776760e-01 3.680000e-03 3.186440e-01
257 6.771160e-01 3.596000e-03 3.192880e-01
258 6.765360e-01 3.528000e-03 3.199360e-01
259 6.759640e-01 3.404000e-03 3.206320e-01
260 6.754800e-01 3.312000e-03 3.212080e-01
261 6.750000e-01 3.292000e-03 3.217080e-01
262 6.744000e-01 3.316000e-03 3.222840e-01
263 6.738120e-01 3.344000e-03 3.228440e-01
264 6.732120e-01 3.360000e-03 3.234280e-01
265 6.724840e-01 3.492000e-03 3.240240e-01
266 6.717680e-01 3.664000e-03 3.245680e-01
267 6.712320e-01 3.592000e-03 3.251760e-01
268 6.706640e-01 3.548000e-03 3.257880e-01
269 6.700760e-01 3.524000e-03 3.264000e-01
270 6.694400e-01 3.560000e-03 3.270000e-01
271 6.688440e-01 3.516000e-03 3.276400e-01
272 6.682360e-01 3.528000e-03 3.282360e-01
273 6.675920e-01 3.460000e-03 3.289480e-01
274 6.670760e-01 3.336000e-03 3.295880e-01
275 6.664800e-01 3.388000e-03 3.301320e-01
276 6.658640e-01 3.492000e-03 3.306440e-01
277 6.651520e-01 3.628000e-03 3.312200e-01
278 6.644760e-01 3.652000e-03 3.318720e-01
279 6.636680e-01 3.764000e-03 3.325680e-01
280 6.630560e-01 3.720000e-03 3.332240e-01
281 6.623280e-01 3.796000e-03 3.338760e-01
282 6.616360e-01 3.840000e-03 3.345240e-01
283 6.609440e-01 3.828000e-03 3.352280e-01
284 6.602880e-01 3.744000e-03 3.359680e-01
285 6.596560e-01 3.716000e-03 3.366280e-01
286 6.590840e-01 3.564000e-03 3.373520e-01
287 6.585360e-01 3.456000e-03 3.380080e-01
288 6.579480e-01 3.392000e-03 3.386600e-01
289 6.574160e-01 3.312000e-03 3.392720e-01
290 6.568880e-01 3.272000e-03 3.398400e-01
291 6.563520e-01 3.248000e-03 3.404000e-01
292 6.558920e-01 3.096000e-03 3.410120e-01
293 6.554080e-01 2.916000e-03 3.416760e-01
294 6.549320e-01 2.924000e-03 3.421440e-01
295 6.544960e-01 2.888000e-03 3.426160e-01
296 6.539960e-01 2.928000e-03 3.430760e-01
297 6.534680e-01 3.004000e-03 3.435280e-01
298 6.529320e-01 2.924000e-03 3.441440e-01
299 6.524000e-01 2.976000e-03 3.446240e-01
300 6.518360e-01 3.036000e-03 3.451280e-01
301 6.512480e-01 3.096000e-03 3.456560e-01
302 6.506560e-01 3.132000e-03 3.462120e-01
303 6.501240e-01 3.164000e-03 3.467120e-01
304 6.495760e-01 3.144000e-03 3.472800e-01
305 6.491280e-01 3.068000e-03 3.478040e-01
306 6.486080e-01 3.136000e-03 3.482560e-01
307 6.480600e-01 3.164000e-03 3.487760e-01
308 6.475200e-01 3.124000e-03 3.493560e-01
309 6.469760e-01 3.160000e-03 3.498640e-01
310 6.464920e-01 3.180000e-03 3.503280e-01
311 6.459720e-01 3.184000e-03 3.508440e-01
312 6.454400e-01 3.144000e-03 3.514160e-01
313 6.448800e-01 3.168000e-03 3.519520e-01
314 6.443920e-01 3.188000e-03 3.524200e-01
315 6.438280e-01 3.128000e-03 3.530440e-01
316 6.433400e-01 3.048000e-03 3.536120e-01
317 6.428240e-01 3.104000e-03 3.540720e-01
318 6.422960e-01 3.112000e-03 3.545920e-01
319 6.419440e-01 2.920000e-03 3.551360e-01
320 6.414640e-01 2.896000e-03 3.556400e-01
321 6.410120e-01 2.916000e-03 3.560720e-01
322 6.405760e-01 2.908000e-03 3.565160e-01
323 6.401560e-01 2.872000e-03 3.569720e-01
324 6.396720e-01 2.832000e-03 3.574960e-01
325 6.393040e-01 2.608000e-03 3.580880e-01
326 6.388720e-01 2.628000e-03 3.585000e-01
327 6.384880e-01 2.544000e-03 3.589680e-01
328 6.380160e-01 2.608000e-03 3.593760e-01
329 6.376080e-01 2.512000e-03 3.598800e-01
330 6.372000e-01 2.460000e-03 3.603400e-01
331 6.367720e-01 2.404000e-03 3.608240e-01
332 6.364560e-01 2.352000e-03 3.611920e-01
333 6.360120e-01 2.356000e-03 3.616320e-01
334 6.356520e-01 2.292000e-03 3.620560e-01
335 6.352560e-01 2.284000e-03 3.624600e-01
336 6.348680e-01 2.220000e-03 3.629120e-01
337 6.345240e-01 2.152000e-03 3.633240e-01
338 6.341960e-01 2.084000e-03 3.637200e-01
339 6.338360e-01 2.088000e-03 3.640760e-01
340 6.335160e-01 2.036000e-03 3.644480e-01
341 6.331680e-01 2.068000e-03 3.647640e-01
342 6.327760e-01 2.040000e-03 3.651840e-01
343 6.324080e-01 2.060000e-03 3.655320e-01
344 6.320800e-01 2.072000e-03 3.658480e-01
345 6.317200e-01 2.068000e-03 3.662120e-01
346 6.313360e-01 2.044000e-03 3.666200e-01
347 6.309840e-01 2.056000e-03 3.669600e-01
348 6.305720e-01 2.132000e-03 3.672960e-01
349 6.301960e-01 2.192000e-03 3.676120e-01
350 6.298360e-01 2.128000e-03 3.680360e-01
351 6.295280e-01 2.056000e-03 3.684160e-01
352 6.291400e-01 2.072000e-03 3.687880e-01
353 6.287760e-01 2.056000e-03 3.691680e-01
354 6.284760e-01 1.996000e-03 3.695280e-01
355 6.281560e-01 1.996000e-03 3.698480e-01
356 6.277800e-01 2.004000e-03 3.702160e-01
357 6.275000e-01 1.928000e-03 3.705720e-01
358 6.272560e-01 1.812000e-03 3.709320e-01
359 6.269000e-01 1.868000e-03 3.712320e-01
360 6.266440e-01 1.780000e-03 3.715760e-01
361 6.263480e-01 1.720000e-03 3.719320e-01
362 6.260640e-01 1.700000e-03 3.722360e-01
363 6.258440e-01 1.632000e-03 3.725240e-01
364 6.255240e-01 1.672000e-03 3.728040e-01
365 6.252320e-01 1.708000e-03 3.730600e-01
366 6.249800e-01 1.636000e-03 3.733840e-01
367 6.247120e-01 1.568000e-03 3.737200e-01
368 6.244880e-01 1.536000e-03 3.739760e-01
369 6.242760e-01 1.460000e-03 3.742640e-01
370 6.240240e-01 1.388000e-03 3.745880e-01
371 6.237920e-01 1.416000e-03 3.747920e-01
372 6.236000e-01 1.368000e-03 3.750320e-01
373 6.233640e-01 1.384000e-03 3.752520e-01
374 6.231720e-01 1.328000e-03 3.755000e-01
375 6.229000e-01 1.360000e-03 3.757400e-01
376 6.226280e-01 1.380000e-03 3.759920e-01
377 6.223080e-01 1.448000e-03 3.762440e-01
378 6.220400e-01 1.456000e-03 3.765040e-01
379 6.218240e-01 1.484000e-03 3.766920e-01
380 6.216040e-01 1.472000e-03 3.769240e-01
381 6.213520e-01 1.480000e-03 3.771680e-01
382 6.210920e-01 1.456000e-03 3.774520e-01
383 6.208800e-01 1.420000e-03 3.777000e-01
384 6.206840e-01 1.420000e-03 3.778960e-01
385 6.205000e-01 1.364000e-03 3.781360e-01
386 6.202600e-01 1.312000e-03 3.784280e-01
387 6.200520e-01 1.292000e-03 3.786560e-01
388 6.198760e-01 1.252000e-03 3.788720e-01
389 6.197240e-01 1.208000e-03 3.790680e-01
390 6.195600e-01 1.164000e-03 3.792760e-01
391 6.193680e-01 1.132000e-03 3.795000e-01
392 6.191720e-01 1.168000e-03 3.796600e-01
393 6.189360e-01 1.180000e-03 3.798840e-01
394 6.187200e-01 1.168000e-03 3.801120e-01
395 6.185120e-01 1.152000e-03 3.803360e-01
396 6.182760e-01 1.188000e-03 3.805360e-01
397 6.181160e-01 1.148000e-03 3.807360e-01
398 6.178400e-01 1.192000e-03 3.809680e-01
399 6.175520e-01 1.284000e-03 3.811640e-01
400 6.173480e-01 1.244000e-03 3.814080e-01
401 6.171040e-01 1.288000e-03 3.816080e-01
402 6.167880e-01 1.412000e-03 3.818000e-01
403 6.165480e-01 1.440000e-03 3.820120e-01
404 6.163080e-01 1.428000e-03 3.822640e-01
405 6.160000e-01 1.472000e-03 3.825280e-01
406 6.157080e-01 1.548000e-03 3.827440e-01
407 6.154400e-01 1.536000e-03 3.830240e-01
408 6.151840e-01 1.484000e-03 3.833320e-01
409 6.149120e-01 1.504000e-03 3.835840e-01
410 6.146760e-01 1.496000e-03 3.838280e-01
411 6.144360e-01 1.500000e-03 3.840640e-01
412 6.141680e-01 1.476000e-03 3.843560e-01
413 6.139200e-01 1.460000e-03 3.846200e-01
414 6.137200e-01 1.408000e-03 3.848720e-01
415 6.134360e-01 1.416000e-03 3.851480e-01
416 6.132160e-01 1.348000e-03 3.854360e-01
417 6.129880e-01 1.340000e-03 3.856720e-01
418 6.127560e-01 1.340000e-03 3.859040e-01
419 6.126000e-01 1.300000e-03 3.861000e-01
420 6.124360e-01 1.180000e-03 3.863840e-01
421 6.122160e-01 1.176000e-03 3.866080e-01
422 6.120280e-01 1.144000e-03 3.868280e-01
423 6.118640e-01 1.096000e-03 3.870400e-01
424 6.116760e-01 1.084000e-03 3.872400e-01
425 6.114920e-01 1.088000e-03 3.874200e-01
426 6.112440e-01 1.192000e-03 3.875640e-01
427 6.110240e-01 1.220000e-03 3.877560e-01
428 6.108080e-01 1.236000e-03 3.879560e-01
429 6.105560e-01 1.268000e-03 3.881760e-01
430 6.103240e-01 1.280000e-03 3.883960e-01
431 6.100760e-01 1.320000e-03 3.886040e-01
432 6.098680e-01 1.264000e-03 3.888680e-01
433 6.096600e-01 1.272000e-03 3.890680e-01
434 6.094120e-01 1.316000e-03 3.892720e-01
435 6.092560e-01 1.240000e-03 3.895040e-01
436 6.091160e-01 1.172000e-03 3.897120e-01
437 6.089640e-01 1.112000e-03 3.899240e-01
438 6.087120e-01 1.160000e-03 3.901280e-01
439 6.086080e-01 1.040000e-03 3.903520e-01
440 6.084320e-01 1.036000e-03 3.905320e-01
441 6.082480e-01 1.016000e-03 3.907360e-01
442 6.080640e-01 9.720000e-04 3.909640e-01
443 6.078880e-01 9.680000e-04 3.911440e-01
444 6.077400e-01 9.240000e-04 3.913360e-01
445 6.075560e-01 9.560000e-04 3.914880e-01
446 6.073880e-01 9.200000e-04 3.916920e-01
447 6.072280e-01 8.840000e-04 3.918880e-01
448 6.071040e-01 8.240000e-04 3.920720e-01
449 6.070080e-01 8.040000e-04 3.921880e-01
450 6.068440e-01 8.280000e-04 3.923280e-01
451 6.066920e-01 8.480000e-04 3.924600e-01
452 6.065600e-01 8.320000e-04 3.926080e-01
453 6.064640e-01 8.040000e-04 3.927320e-01
454 6.063520e-01 7.440000e-04 3.929040e-01
455 6.061920e-01 7.400000e-04 3.930680e-01
456 6.060320e-01 7.720000e-04 3.931960e-01
457 6.059560e-01 7.160000e-04 3.933280e-01
458 6.058280e-01 6.920000e-04 3.934800e-01
459 6.057120e-01 6.640000e-04 3.936240e-01
460 6.055560e-01 7.160000e-04 3.937280e-01
461 6.053840e-01 7.440000e-04 3.938720e-01
462 6.052840e-01 7.320000e-04 3.939840e-01
463 6.051880e-01 7.120000e-04 3.941000e-01
464 6.050200e-01 7.560000e-04 3.942240e-01
465 6.049000e-01 7.240000e-04 3.943760e-01
466 6.047640e-01 6.960000e-04 3.945400e-01
467 6.046320e-01 7.040000e-04 3.946640e-01
468 6.045080e-01 7.000000e-04 3.947920e-01
469 6.043360e-01 7.640000e-04 3.949000e-01
470 6.041920e-01 7.880000e-04 3.950200e-01
471 6.040800e-01 7.720000e-04 3.951480e-01
472 6.039520e-01 7.840000e-04 3.952640e-01
473 6.038000e-01 8.120000e-04 3.953880e-01
474 6.037040e-01 7.640000e-04 3.955320e-01
475 6.035880e-01 7.520000e-04 3.956600e-01
476 6.035120e-01 6.720000e-04 3.958160e-01
477 6.034040e-01 6.400000e-04 3.959560e-01
478 6.033040e-01 6.040000e-04 3.960920e-01
479 6.032000e-01 5.920000e-04 3.962080e-01
480 6.030800e-01 6.160000e-04 3.963040e-01
481 6.030280e-01 5.840000e-04 3.963880e-01
482 6.029840e-01 5.040000e-04 3.965120e-01
483 6.029320e-01 4.520000e-04 3.966160e-01
484 6.029040e-01 4.000000e-04 3.966960e-01
485 6.028600e-01 3.840000e-04 3.967560e-01
486 6.028080e-01 3.880000e-04 3.968040e-01
487 6.027880e-01 3.360000e-04 3.968760e-01
488 6.027600e-01 2.960000e-04 3.969440e-01
489 6.027200e-01 2.840000e-04 3.969960e-01
490 6.026680e-01 2.840000e-04 3.970480e-01
491 6.026320e-01 2.760000e-04 3.970920e-01
492 6.025760e-01 2.880000e-04 3.971360e-01
493 6.025240e-01 2.720000e-04 3.972040e-01
494 6.024920e-01 2.600000e-04 3.972480e-01
495 6.024360e-01 2.640000e-04 3.973000e-01
496 6.023880e-01 2.680000e-04 3.973440e-01
497 6.023080e-01 2.960000e-04 3.973960e-01
498 6.022640e-01 3.040000e-04 3.974320e-01
499 6.022200e-01 2.960000e-04 3.974840e-01
500 6.021560e-01 3.120000e-04 3.975320e-01
