1 9.991920e-01 7.200000e-04 8.800000e-05
2 9.985880e-01 1.184000e-03 2.280000e-04
3 9.977920e-01 1.708000e-03 5.000000e-04
4 9.968400e-01 2.352000e-03 8.080000e-04
5 9.959680e-01 2.724000e-03 1.308000e-03
6 9.949880e-01 3.196000e-03 1.816000e-03
7 9.941240e-01 3.492000e-03 2.384000e-03
8 9.932480e-01 3.748000e-03 3.004000e-03
9 9.922280e-01 4.088000e-03 3.684000e-03
10 9.911440e-01 4.336000e-03 4.520000e-03
11 9.900600e-01 4.616000e-03 5.324000e-03
12 9.889760e-01 4.868000e-03 6.156000e-03
13 9.878240e-01 5.160000e-03 7.016000e-03
14 9.867160e-01 5.320000e-03 7.964000e-03
15 9.853760e-01 5.712000e-03 8.912000e-03
16 9.839720e-01 6.080000e-03 9.948000e-03
17 9.827760e-01 6.120000e-03 1.110400e-02
18 9.816080e-01 6.308000e-03 1.208400e-02
19 9.802440e-01 6.592000e-03 1.316400e-02
20 9.790640e-01 6.568000e-03 1.436800e-02
21 9.778640e-01 6.640000e-03 1.549600e-02
22 9.765720e-01 6.792000e-03 1.663600e-02
23 9.751360e-01 6.956000e-03 1.790800e-02
24 9.737600e-01 7.112000e-03 1.912800e-02
25 9.723600e-01 7.208000e-03 2.043200e-02
26 9.709000e-01 7.476000e-03 2.162400e-02
27 9.693560e-01 7.684000e-03 2.296000e-02
28 9.679000e-01 7.816000e-03 2.428400e-02
29 9.664640e-01 7.820000e-03 2.571600e-02
30 9.652000e-01 7.760000e-03 2.704000e-02
31 9.637480e-01 7.848000e-03 2.840400e-02
32 9.622800e-01 7.996000e-03 2.972400e-02
33 9.608360e-01 7.924000e-03 3.124000e-02
34 9.593800e-01 8.108000e-03 3.251200e-02
35 9.578600e-01 8.172000e-03 3.396800e-02
36 9.564240e-01 8.144000e-03 3.543200e-02
37 9.548280e-01 8.212000e-03 3.696000e-02
38 9.532040e-01 8.348000e-03 3.844800e-02
39 9.515000e-01 8.600000e-03 3.990000e-02
40 9.499520e-01 8.612000e-03 4.143600e-02
41 9.483640e-01 8.812000e-03 4.282400e-02
42 9.467680e-01 8.924000e-03 4.430800e-02
43 9.451360e-01 8.988000e-03 4.587600e-02
44 9.435320e-01 9.048000e-03 4.742000e-02
45 9.418160e-01 9.144000e-03 4.904000e-02
46 9.401360e-01 9.256000e-03 5.060800e-02
47 9.384640e-01 9.280000e-03 5.225600e-02
48 9.369720e-01 9.172000e-03 5.385600e-02
49 9.354200e-01 9.076000e-03 5.550400e-02
50 9.338520e-01 8.912000e-03 5.723600e-02
51 9.323920e-01 8.892000e-03 5.871600e-02
52 9.307760e-01 8.904000e-03 6.032000e-02
53 9.292840e-01 8.800000e-03 6.191600e-02
54 9.278120e-01 8.752000e-03 6.343600e-02
55 9.263400e-01 8.764000e-03 6.489600e-02
56 9.250480e-01 8.420000e-03 6.653200e-02
57 9.236040e-01 8.596000e-03 6.780000e-02
58 9.220960e-01 8.628000e-03 6.927600e-02
59 9.205000e-01 8.772000e-03 7.072800e-02
60 9.189840e-01 8.668000e-03 7.234800e-02
61 9.174600e-01 8.764000e-03 7.377600e-02
62 9.159400e-01 8.672000e-03 7.538800e-02
63 9.144000e-01 8.672000e-03 7.692800e-02
64 9.129240e-01 8.700000e-03 7.837600e-02
65 9.114800e-01 8.608000e-03 7.991200e-02
66 9.101320e-01 8.540000e-03 8.132800e-02
67 9.088560e-01 8.292000e-03 8.285200e-02
68 9.073440e-01 8.260000e-03 8.439600e-02
69 9.058880e-01 8.228000e-03 8.588400e-02
70 9.045520e-01 8.144000e-03 8.730400e-02
71 9.031960e-01 8.144000e-03 8.866000e-02
72 9.020080e-01 7.892000e-03 9.010000e-02
73 9.007160e-01 7.860000e-03 9.142400e-02
74 8.992560e-01 7.884000e-03 9.286000e-02
75 8.979480e-01 7.900000e-03 9.415200e-02
76 8.965920e-01 7.908000e-03 9.550000e-02
77 8.951080e-01 7.976000e-03 9.691600e-02
78 8.936600e-01 7.980000e-03 9.836000e-02
79 8.922320e-01 8.036000e-03 9.973200e-02
80 8.908000e-01 7.956000e-03 1.012440e-01
81 8.892640e-01 8.144000e-03 1.025920e-01
82 8.877200e-01 8.472000e-03 1.038080e-01
83 8.861360e-01 8.616000e-03 1.052480e-01
84 8.847280e-01 8.480000e-03 1.067920e-01
85 8.832240e-01 8.536000e-03 1.082400e-01
86 8.816960e-01 8.536000e-03 1.097680e-01
87 8.802840e-01 8.432000e-03 1.112840e-01
88 8.788960e-01 8.392000e-03 1.127120e-01
89 8.774040e-01 8.572000e-03 1.140240e-01
90 8.759120e-01 8.488000e-03 1.156000e-01
91 8.745640e-01 8.368000e-03 1.170680e-01
92 8.732200e-01 8.292000e-03 1.184880e-01
93 8.719400e-01 8.160000e-03 1.199000e-01
94 8.705720e-01 8.088000e-03 1.213400e-01
95 8.692000e-01 8.084000e-03 1.227160e-01
96 8.676720e-01 8.272000e-03 1.240560e-01
97 8.662080e-01 8.360000e-03 1.254320e-01
98 8.647720e-01 8.328000e-03 1.269000e-01
99 8.633800e-01 8.340000e-03 1.282800e-01
100 8.620960e-01 8.248000e-03 1.296560e-01
101 8.607400e-01 8.196000e-03 1.310640e-01
102 8.593720e-01 8.084000e-03 1.325440e-01
103 8.580120e-01 8.020000e-03 1.339680e-01
104 8.565520e-01 8.088000e-03 1.353600e-01
105 8.551720e-01 7.996000e-03 1.368320e-01
106 8.536000e-01 8.308000e-03 1.380920e-01
107 8.523480e-01 8.116000e-03 1.395360e-01
108 8.509080e-01 8.104000e-03 1.409880e-01
109 8.494880e-01 8.172000e-03 1.423400e-01
110 8.479720e-01 8.304000e-03 1.437240e-01
111 8.466480e-01 8.092000e-03 1.452600e-01
112 8.453080e-01 7.984000e-03 1.467080e-01
113 8.440160e-01 7.936000e-03 1.480480e-01
114 8.426920e-01 7.844000e-03 1.494640e-01
115 8.414000e-01 7.656000e-03 1.509440e-01
116 8.400480e-01 7.608000e-03 1.523440e-01
117 8.388520e-01 7.544000e-03 1.536040e-01
118 8.375480e-01 7.520000e-03 1.549320e-01
119 8.362400e-01 7.532000e-03 1.562280e-01
120 8.350280e-01 7.540000e-03 1.574320e-01
121 8.338080e-01 7.388000e-03 1.588040e-01
122 8.326720e-01 7.180000e-03 1.601480e-01
123 8.315960e-01 6.960000e-03 1.614440e-01
124 8.303320e-01 7.068000e-03 1.626000e-01
125 8.293360e-01 6.916000e-03 1.637480e-01
126 8.282840e-01 6.736000e-03 1.649800e-01
127 8.272600e-01 6.616000e-03 1.661240e-01
128 8.261240e-01 6.592000e-03 1.672840e-01
129 8.250240e-01 6.612000e-03 1.683640e-01
130 8.238120e-01 6.700000e-03 1.694880e-01
131 8.225680e-01 6.652000e-03 1.707800e-01
132 8.216040e-01 6.444000e-03 1.719520e-01
133 8.203880e-01 6.492000e-03 1.731200e-01
134 8.192480e-01 6.528000e-03 1.742240e-01
135 8.182440e-01 6.424000e-03 1.753320e-01
136 8.173320e-01 6.276000e-03 1.763920e-01
137 8.161600e-01 6.320000e-03 1.775200e-01
138 8.151320e-01 6.284000e-03 1.785840e-01
139 8.139640e-01 6.376000e-03 1.796600e-01
140 8.128640e-01 6.360000e-03 1.807760e-01
141 8.117280e-01 6.380000e-03 1.818920e-01
142 8.106760e-01 6.264000e-03 1.830600e-01
143 8.095720e-01 6.284000e-03 1.841440e-01
144 8.084040e-01 6.400000e-03 1.851960e-01
145 8.074000e-01 6.272000e-03 1.863280e-01
146 8.061840e-01 6.364000e-03 1.874520e-01
147 8.049600e-01 6.524000e-03 1.885160e-01
148 8.037320e-01 6.720000e-03 1.895480e-01
149 8.026120e-01 6.588000e-03 1.908000e-01
150 8.015520e-01 6.528000e-03 1.919200e-01
151 8.005560e-01 6.372000e-03 1.930720e-01
152 7.996560e-01 6.156000e-03 1.941880e-01
153 7.987200e-01 6.000000e-03 1.952800e-01
154 7.977640e-01 5.884000e-03 1.963520e-01
155 7.968720e-01 5.724000e-03 1.974040e-01
156 7.958520e-01 5.704000e-03 1.984440e-01
157 7.949040e-01 5.708000e-03 1.993880e-01
158 7.940200e-01 5.540000e-03 2.004400e-01
159 7.931720e-01 5.376000e-03 2.014520e-01
160 7.922360e-01 5.432000e-03 2.023320e-01
161 7.913480e-01 5.388000e-03 2.032640e-01
162 7.903880e-01 5.440000e-03 2.041720e-01
163 7.894560e-01 5.516000e-03 2.050280e-01
164 7.886200e-01 5.360000e-03 2.060200e-01
165 7.875960e-01 5.484000e-03 2.069200e-01
166 7.867000e-01 5.496000e-03 2.078040e-01
167 7.858400e-01 5.472000e-03 2.086880e-01
168 7.848680e-01 5.468000e-03 2.096640e-01
169 7.838280e-01 5.468000e-03 2.107040e-01
170 7.828240e-01 5.444000e-03 2.117320e-01
171 7.819000e-01 5.432000e-03 2.126680e-01
172 7.809440e-01 5.412000e-03 2.136440e-01
173 7.801160e-01 5.332000e-03 2.145520e-01
174 7.791720e-01 5.440000e-03 2.153880e-01
175 7.782400e-01 5.416000e-03 2.163440e-01
176 7.773480e-01 5.368000e-03 2.172840e-01
177 7.764640e-01 5.208000e-03 2.183280e-01
178 7.756080e-01 5.196000e-03 2.191960e-01
179 7.747680e-01 5.196000e-03 2.200360e-01
180 7.738800e-01 5.112000e-03 2.210080e-01
181 7.730520e-01 5.104000e-03 2.218440e-01
182 7.723400e-01 4.916000e-03 2.227440e-01
183 7.715600e-01 4.852000e-03 2.235880e-01
184 7.708080e-01 4.800000e-03 2.243920e-01
185 7.701400e-01 4.680000e-03 2.251800e-01
186 7.695000e-01 4.620000e-03 2.258800e-01
187 7.688040e-01 4.440000e-03 2.267560e-01
188 7.682400e-01 4.216000e-03 2.275440e-01
189 7.674800e-01 4.268000e-03 2.282520e-01
190 7.668080e-01 4.192000e-03 2.290000e-01
191 7.661840e-01 4.060000e-03 2.297560e-01
192 7.656880e-01 3.784000e-03 2.305280e-01
193 7.652000e-01 3.580000e-03 2.312200e-01
194 7.645600e-01 3.520000e-03 2.319200e-01
195 7.639760e-01 3.480000e-03 2.325440e-01
196 7.633600e-01 3.548000e-03 2.330920e-01
197 7.629120e-01 3.360000e-03 2.337280e-01
198 7.623520e-01 3.308000e-03 2.343400e-01
199 7.618200e-01 3.244000e-03 2.349360e-01
200 7.613880e-01 3.040000e-03 2.355720e-01
201 7.608480e-01 3.048000e-03 2.361040e-01
202 7.603320e-01 3.048000e-03 2.366200e-01
203 7.598560e-01 2.972000e-03 2.371720e-01
204 7.593520e-01 2.984000e-03 2.376640e-01
205 7.588520e-01 2.912000e-03 2.382360e-01
206 7.583840e-01 2.884000e-03 2.387320e-01
207 7.579200e-01 2.812000e-03 2.392680e-01
208 7.575280e-01 2.680000e-03 2.397920e-01
209 7.570120e-01 2.716000e-03 2.402720e-01
210 7.565120e-01 2.732000e-03 2.407560e-01
211 7.560400e-01 2.708000e-03 2.412520e-01
212 7.554200e-01 2.792000e-03 2.417880e-01
213 7.548960e-01 2.812000e-03 2.422920e-01
214 7.543560e-01 2.796000e-03 2.428480e-01
215 7.537400e-01 2.912000e-03 2.433480e-01
216 7.530760e-01 2.992000e-03 2.439320e-01
217 7.524800e-01 3.056000e-03 2.444640e-01
218 7.517720e-01 3.232000e-03 2.449960e-01
219 7.511680e-01 3.272000e-03 2.455600e-01
220 7.505480e-01 3.272000e-03 2.461800e-01
221 7.498840e-01 3.328000e-03 2.467880e-01
222 7.492560e-01 3.432000e-03 2.473120e-01
223 7.485280e-01 3.600000e-03 2.478720e-01
224 7.479520e-01 3.536000e-03 2.485120e-01
225 7.473840e-01 3.488000e-03 2.491280e-01
226 7.468400e-01 3.372000e-03 2.497880e-01
227 7.462680e-01 3.304000e-03 2.504280e-01
228 7.457240e-01 3.244000e-03 2.510320e-01
229 7.451040e-01 3.232000e-03 2.516640e-01
230 7.445480e-01 3.152000e-03 2.523000e-01
231 7.440520e-01 3.080000e-03 2.528680e-01
232 7.434800e-01 3.120000e-03 2.534000e-01
233 7.430160e-01 3.056000e-03 2.539280e-01
234 7.425000e-01 3.048000e-03 2.544520e-01
235 7.420720e-01 2.960000e-03 2.549680e-01
236 7.415840e-01 3.008000e-03 2.554080e-01
237 7.411120e-01 2.988000e-03 2.559000e-01
238 7.405760e-01 3.004000e-03 2.564200e-01
239 7.400280e-01 3.028000e-03 2.569440e-01
240 7.396080e-01 3.012000e-03 2.573800e-01
241 7.391840e-01 2.988000e-03 2.578280e-01
242 7.386560e-01 3.004000e-03 2.583400e-01
243 7.381080e-01 3.076000e-03 2.588160e-01
244 7.376800e-01 2.996000e-03 2.593240e-01
245 7.372960e-01 2.912000e-03 2.597920e-01
246 7.368560e-01 2.896000e-03 2.602480e-01
247 7.363960e-01 2.900000e-03 2.607040e-01
248 7.359760e-01 2.868000e-03 2.611560e-01
249 7.356400e-01 2.688000e-03 2.616720e-01
250 7.352400e-01 2.644000e-03 2.621160e-01
251 7.348760e-01 2.548000e-03 2.625760e-01
252 7.345760e-01 2.376000e-03 2.630480e-01
253 7.341920e-01 2.384000e-03 2.634240e-01
254 7.339120e-01 2.260000e-03 2.638280e-01
255 7.335920e-01 2.264000e-03 2.641440e-01
256 7.332200e-01 2.244000e-03 2.645360e-01
257 7.328840e-01 2.232000e-03 2.648840e-01
258 7.325120e-01 2.204000e-03 2.652840e-01
259 7.322000e-01 2.120000e-03 2.656800e-01
260 7.318800e-01 2.048000e-03 2.660720e-01
261 7.316360e-01 1.996000e-03 2.663680e-01
262 7.313120e-01 1.988000e-03 2.667000e-01
263 7.309960e-01 1.940000e-03 2.670640e-01
264 7.306560e-01 1.884000e-03 2.674600e-01
265 7.304040e-01 1.728000e-03 2.678680e-01
266 7.301120e-01 1.780000e-03 2.681080e-01
267 7.298720e-01 1.724000e-03 2.684040e-01
268 7.296040e-01 1.696000e-03 2.687000e-01
269 7.292920e-01 1.716000e-03 2.689920e-01
270 7.290200e-01 1.692000e-03 2.692880e-01
271 7.287720e-01 1.640000e-03 2.695880e-01
272 7.284320e-01 1.748000e-03 2.698200e-01
273 7.281440e-01 1.704000e-03 2.701520e-01
274 7.278400e-01 1.660000e-03 2.705000e-01
275 7.275560e-01 1.648000e-03 2.707960e-01
276 7.273120e-01 1.660000e-03 2.710280e-01
277 7.270440e-01 1.628000e-03 2.713280e-01
278 7.267680e-01 1.628000e-03 2.716040e-01
279 7.264560e-01 1.668000e-03 2.718760e-01
280 7.260920e-01 1.708000e-03 2.722000e-01
281 7.258360e-01 1.608000e-03 2.725560e-01
282 7.255160e-01 1.668000e-03 2.728160e-01
283 7.252280e-01 1.692000e-03 2.730800e-01
284 7.249040e-01 1.708000e-03 2.733880e-01
285 7.246080e-01 1.684000e-03 2.737080e-01
286 7.243160e-01 1.708000e-03 2.739760e-01
287 7.240640e-01 1.632000e-03 2.743040e-01
288 7.238960e-01 1.540000e-03 2.745640e-01
289 7.237240e-01 1.432000e-03 2.748440e-01
290 7.235360e-01 1.376000e-03 2.750880e-01
291 7.233360e-01 1.364000e-03 2.753000e-01
292 7.231680e-01 1.288000e-03 2.755440e-01
293 7.229240e-01 1.316000e-03 2.757600e-01
294 7.226840e-01 1.328000e-03 2.759880e-01
295 7.225120e-01 1.304000e-03 2.761840e-01
296 7.223160e-01 1.316000e-03 2.763680e-01
297 7.221360e-01 1.248000e-03 2.766160e-01
298 7.219720e-01 1.104000e-03 2.769240e-01
299 7.218200e-01 1.088000e-03 2.770920e-01
300 7.216880e-01 1.052000e-03 2.772600e-01
301 7.215240e-01 1.032000e-03 2.774440e-01
302 7.214040e-01 9.000000e-04 2.776960e-01
303 7.212560e-01 8.880000e-04 2.778560e-01
304 7.210960e-01 8.480000e-04 2.780560e-01
305 7.209440e-01 8.600000e-04 2.781960e-01
306 7.208320e-01 7.960000e-04 2.783720e-01
307 7.206880e-01 7.880000e-04 2.785240e-01
308 7.205400e-01 7.880000e-04 2.786720e-01
309 7.204160e-01 7.760000e-04 2.788080e-01
310 7.202760e-01 7.880000e-04 2.789360e-01
311 7.201280e-01 7.880000e-04 2.790840e-01
312 7.199640e-01 8.040000e-04 2.792320e-01
313 7.198160e-01 7.960000e-04 2.793880e-01
314 7.196400e-01 8.520000e-04 2.795080e-01
315 7.194760e-01 8.560000e-04 2.796680e-01
316 7.192960e-01 8.200000e-04 2.798840e-01
317 7.191240e-01 8.080000e-04 2.800680e-01
318 7.190120e-01 7.840000e-04 2.802040e-01
319 7.188720e-01 8.120000e-04 2.803160e-01
320 7.187840e-01 7.840000e-04 2.804320e-01
321 7.186440e-01 7.960000e-04 2.805600e-01
322 7.184880e-01 8.040000e-04 2.807080e-01
323 7.183520e-01 8.080000e-04 2.808400e-01
324 7.182280e-01 7.640000e-04 2.810080e-01
325 7.181200e-01 7.360000e-04 2.811440e-01
326 7.180200e-01 6.960000e-04 2.812840e-01
327 7.179080e-01 6.560000e-04 2.814360e-01
328 7.178120e-01 6.240000e-04 2.815640e-01
329 7.177280e-01 6.360000e-04 2.816360e-01
330 7.176440e-01 6.200000e-04 2.817360e-01
331 7.175080e-01 6.520000e-04 2.818400e-01
332 7.174040e-01 6.840000e-04 2.819120e-01
333 7.172520e-01 7.400000e-04 2.820080e-01
334 7.170520e-01 8.120000e-04 2.821360e-01
335 7.169080e-01 8.400000e-04 2.822520e-01
336 7.167520e-01 8.880000e-04 2.823600e-01
337 7.166080e-01 8.400000e-04 2.825520e-01
338 7.164360e-01 8.640000e-04 2.827000e-01
339 7.162720e-01 8.960000e-04 2.828320e-01
340 7.161280e-01 9.000000e-04 2.829720e-01
341 7.160360e-01 8.600000e-04 2.831040e-01
342 7.159080e-01 8.120000e-04 2.832800e-01
343 7.157960e-01 8.280000e-04 2.833760e-01
344 7.156440e-01 8.680000e-04 2.834880e-01
345 7.154440e-01 9.200000e-04 2.836360e-01
346 7.153040e-01 8.920000e-04 2.838040e-01
347 7.151280e-01 9.360000e-04 2.839360e-01
348 7.149960e-01 8.600000e-04 2.841440e-01
349 7.148520e-01 8.720000e-04 2.842760e-01
350 7.147240e-01 8.720000e-04 2.844040e-01
351 7.146040e-01 8.160000e-04 2.845800e-01
352 7.144320e-01 8.560000e-04 2.847120e-01
353 7.142200e-01 9.400000e-04 2.848400e-01
354 7.140360e-01 9.480000e-04 2.850160e-01
355 7.138880e-01 9.080000e-04 2.852040e-01
356 7.137360e-01 9.160000e-04 2.853480e-01
357 7.135560e-01 8.840000e-04 2.855600e-01
358 7.134080e-01 8.560000e-04 2.857360e-01
359 7.132280e-01 8.800000e-04 2.858920e-01
360 7.130040e-01 9.320000e-04 2.860640e-01
361 7.127720e-01 9.920000e-04 2.862360e-01
362 7.125120e-01 1.092000e-03 2.863960e-01
363 7.122960e-01 1.108000e-03 2.865960e-01
364 7.120880e-01 1.080000e-03 2.868320e-01
365 7.118920e-01 1.128000e-03 2.869800e-01
366 7.117080e-01 1.056000e-03 2.872360e-01
367 7.115240e-01 1.044000e-03 2.874320e-01
368 7.113440e-01 1.060000e-03 2.875960e-01
369 7.112080e-01 1.024000e-03 2.877680e-01
370 7.110800e-01 9.800000e-04 2.879400e-01
371 7.109360e-01 9.960000e-04 2.880680e-01
372 7.107840e-01 9.880000e-04 2.882280e-01
373 7.105600e-01 1.036000e-03 2.884040e-01
374 7.104120e-01 1.008000e-03 2.885800e-01
375 7.102760e-01 9.520000e-04 2.887720e-01
376 7.101560e-01 9.160000e-04 2.889280e-01
377 7.100200e-01 8.560000e-04 2.891240e-01
378 7.099480e-01 7.320000e-04 2.893200e-01
379 7.098360e-01 7.480000e-04 2.894160e-01
380 7.097520e-01 7.160000e-04 2.895320e-01
381 7.096800e-01 6.600000e-04 2.896600e-01
382 7.095800e-01 6.800000e-04 2.897400e-01
383 7.094720e-01 6.560000e-04 2.898720e-01
384 7.093320e-01 6.880000e-04 2.899800e-01
385 7.092200e-01 6.800000e-04 2.901000e-01
386 7.091040e-01 6.680000e-04 2.902280e-01
387 7.089840e-01 6.720000e-04 2.903440e-01
388 7.088520e-01 6.840000e-04 2.904640e-01
389 7.087520e-01 6.760000e-04 2.905720e-01
390 7.086240e-01 6.680000e-04 2.907080e-01
391 7.085360e-01 6.280000e-04 2.908360e-01
392 7.083960e-01 6.400000e-04 2.909640e-01
393 7.082960e-01 6.400000e-04 2.910640e-01
394 7.081560e-01 6.760000e-04 2.911680e-01
395 7.080680e-01 6.200000e-04 2.913120e-01
396 7.079400e-01 6.280000e-04 2.914320e-01
397 7.078200e-01 6.800000e-04 2.915000e-01
398 7.077240e-01 6.760000e-04 2.916000e-01
399 7.076240e-01 6.200000e-04 2.917560e-01
400 7.075560e-01 6.160000e-04 2.918280e-01
401 7.074840e-01 5.720000e-04 2.919440e-01
402 7.074040e-01 5.800000e-04 2.920160e-01
403 7.073440e-01 5.240000e-04 2.921320e-01
404 7.073040e-01 4.640000e-04 2.922320e-01
405 7.072240e-01 4.480000e-04 2.923280e-01
406 7.071560e-01 4.280000e-04 2.924160e-01
407 7.071120e-01 4.160000e-04 2.924720e-01
408 7.070360e-01 4.520000e-04 2.925120e-01
409 7.069600e-01 4.440000e-04 2.925960e-01
410 7.069080e-01 4.280000e-04 2.926640e-01
411 7.068440e-01 4.320000e-04 2.927240e-01
412 7.067960e-01 4.080000e-04 2.927960e-01
413 7.067160e-01 4.040000e-04 2.928800e-01
414 7.066600e-01 4.000000e-04 2.929400e-01
415 7.065720e-01 4.120000e-04 2.930160e-01
416 7.064960e-01 4.360000e-04 2.930680e-01
417 7.064120e-01 4.520000e-04 2.931360e-01
418 7.063680e-01 4.120000e-04 2.932200e-01
419 7.063200e-01 3.840000e-04 2.932960e-01
420 7.062760e-01 3.720000e-04 2.933520e-01
421 7.062200e-01 3.600000e-04 2.934200e-01
422 7.061520e-01 3.760000e-04 2.934720e-01
423 7.060800e-01 3.880000e-04 2.935320e-01
424 7.059960e-01 4.120000e-04 2.935920e-01
425 7.059360e-01 3.920000e-04 2.936720e-01
426 7.058400e-01 4.120000e-04 2.937480e-01
427 7.057560e-01 4.480000e-04 2.937960e-01
428 7.056680e-01 4.600000e-04 2.938720e-01
429 7.055800e-01 4.680000e-04 2.939520e-01
430 7.054920e-01 4.800000e-04 2.940280e-01
431 7.053520e-01 5.600000e-04 2.940880e-01
432 7.052680e-01 5.600000e-04 2.941720e-01
433 7.051960e-01 5.360000e-04 2.942680e-01
434 7.050840e-01 5.520000e-04 2.943640e-01
435 7.050080e-01 5.400000e-04 2.944520e-01
436 7.049320e-01 5.360000e-04 2.945320e-01
437 7.048360e-01 5.280000e-04 2.946360e-01
438 7.047040e-01 5.680000e-04 2.947280e-01
439 7.046040e-01 5.720000e-04 2.948240e-01
440 7.044840e-01 6.160000e-04 2.949000e-01
441 7.043520e-01 6.600000e-04 2.949880e-01
442 7.041920e-01 6.960000e-04 2.951120e-01
443 7.040520e-01 6.880000e-04 2.952600e-01
444 7.039280e-01 7.040000e-04 2.953680e-01
445 7.038320e-01 6.480000e-04 2.955200e-01
446 7.036880e-01 6.680000e-04 2.956440e-01
447 7.035880e-01 6.680000e-04 2.957440e-01
448 7.034320e-01 6.920000e-04 2.958760e-01
449 7.033040e-01 7.240000e-04 2.959720e-01
450 7.031600e-01 7.600000e-04 2.960800e-01
451 7.030400e-01 7.600000e-04 2.962000e-01
452 7.028880e-01 7.840000e-04 2.963280e-01
453 7.027160e-01 8.160000e-04 2.964680e-01
454 7.025600e-01 8.280000e-04 2.966120e-01
455 7.024160e-01 8.400000e-04 2.967440e-01
456 7.022960e-01 7.800000e-04 2.969240e-01
457 7.021520e-01 7.560000e-04 2.970920e-01
458 7.020280e-01 7.560000e-04 2.972160e-01
459 7.018920e-01 7.520000e-04 2.973560e-01
460 7.017560e-01 7.320000e-04 2.975120e-01
461 7.016280e-01 7.240000e-04 2.976480e-01
462 7.014920e-01 7.280000e-04 2.977800e-01
463 7.013720e-01 6.960000e-04 2.979320e-01
464 7.012720e-01 6.760000e-04 2.980520e-01
465 7.011760e-01 6.120000e-04 2.982120e-01
466 7.010680e-01 6.200000e-04 2.983120e-01
467 7.009480e-01 6.240000e-04 2.984280e-01
468 7.008320e-01 6.240000e-04 2.985440e-01
469 7.007280e-01 5.800000e-04 2.986920e-01
470 7.006360e-01 5.400000e-04 2.988240e-01
471 7.005720e-01 4.920000e-04 2.989360e-01
472 7.005360e-01 4.320000e-04 2.990320e-01
473 7.005000e-01 3.840000e-04 2.991160e-01
474 7.004800e-01 3.520000e-04 2.991680e-01
475 7.003960e-01 3.640000e-04 2.992400e-01
476 7.003520e-01 3.360000e-04 2.993120e-01
477 7.002880e-01 3.120000e-04 2.994000e-01
478 7.002560e-01 2.880000e-04 2.994560e-01
479 7.002160e-01 2.840000e-04 2.995000e-01
480 7.001720e-01 2.760000e-04 2.995520e-01
481 7.001480e-01 2.440000e-04 2.996080e-01
482 7.001400e-01 2.080000e-04 2.996520e-01
483 7.001160e-01 1.920000e-04 2.996920e-01
484 7.000880e-01 1.840000e-04 2.997280e-01
485 7.000600e-01 1.840000e-04 2.997560e-01
486 7.000200e-01 1.880000e-04 2.997920e-01
487 6.999840e-01 1.760000e-04 2.998400e-01
488 6.999600e-01 1.680000e-04 2.998720e-01
489 6.999480e-01 1.360000e-04 2.999160e-01
490 6.999320e-01 1.320000e-04 2.999360e-01
491 6.999200e-01 1.360000e-04 2.999440e-01
492 6.998840e-01 1.320000e-04 2.999840e-01
493 6.998680e-01 1.160000e-04 3.000160e-01
494 6.998240e-01 1.280000e-04 3.000480e-01
495 6.998080e-01 1.280000e-04 3.000640e-01
496 6.997920e-01 1.080000e-04 3.001000e-01
497 6.997760e-01 1.200000e-04 3.001040e-01
498 6.997520e-01 1.280000e-04 3.001200e-01
499 6.997320e-01 1.200000e-04 3.001480e-01
500 6.997080e-01 1.320000e-04 3.001600e-01
