1 9.991960e-01 7.000000e-04 1.040000e-04
2 9.986280e-01 1.148000e-03 2.240000e-04
3 9.978800e-01 1.660000e-03 4.600000e-04
4 9.970800e-01 2.144000e-03 7.760000e-04
5 9.961480e-01 2.652000e-03 1.200000e-03
6 9.952000e-01 3.128000e-03 1.672000e-03
7 9.942440e-01 3.508000e-03 2.248000e-03
8 9.932280e-01 3.788000e-03 2.984000e-03
9 9.923240e-01 4.076000e-03 3.600000e-03
10 9.912120e-01 4.392000e-03 4.396000e-03
11 9.900480e-01 4.820000e-03 5.132000e-03
12 9.887800e-01 5.160000e-03 6.060000e-03
13 9.876040e-01 5.416000e-03 6.980000e-03
14 9.862680e-01 5.816000e-03 7.916000e-03
15 9.849720e-01 6.004000e-03 9.024000e-03
16 9.837160e-01 6.196000e-03 1.008800e-02
17 9.824800e-01 6.296000e-03 1.122400e-02
18 9.811600e-01 6.492000e-03 1.234800e-02
19 9.798640e-01 6.592000e-03 1.354400e-02
20 9.785120e-01 6.732000e-03 1.475600e-02
21 9.772320e-01 6.892000e-03 1.587600e-02
22 9.757360e-01 7.236000e-03 1.702800e-02
23 9.744400e-01 7.272000e-03 1.828800e-02
24 9.729640e-01 7.544000e-03 1.949200e-02
25 9.715960e-01 7.592000e-03 2.081200e-02
26 9.700680e-01 7.760000e-03 2.217200e-02
27 9.685640e-01 7.948000e-03 2.348800e-02
28 9.670400e-01 8.104000e-03 2.485600e-02
29 9.654960e-01 8.352000e-03 2.615200e-02
30 9.639240e-01 8.388000e-03 2.768800e-02
31 9.625480e-01 8.324000e-03 2.912800e-02
32 9.609840e-01 8.460000e-03 3.055600e-02
33 9.596120e-01 8.372000e-03 3.201600e-02
34 9.582560e-01 8.192000e-03 3.355200e-02
35 9.567280e-01 8.204000e-03 3.506800e-02
36 9.550920e-01 8.392000e-03 3.651600e-02
37 9.535720e-01 8.400000e-03 3.802800e-02
38 9.520360e-01 8.464000e-03 3.950000e-02
39 9.505920e-01 8.448000e-03 4.096000e-02
40 9.491240e-01 8.376000e-03 4.250000e-02
41 9.477760e-01 8.196000e-03 4.402800e-02
42 9.463480e-01 8.308000e-03 4.534400e-02
43 9.449400e-01 8.324000e-03 4.673600e-02
44 9.436040e-01 8.224000e-03 4.817200e-02
45 9.422880e-01 8.120000e-03 4.959200e-02
46 9.407680e-01 8.152000e-03 5.108000e-02
47 9.392520e-01 8.228000e-03 5.252000e-02
48 9.377480e-01 8.296000e-03 5.395600e-02
49 9.361120e-01 8.452000e-03 5.543600e-02
50 9.345560e-01 8.492000e-03 5.695200e-02
51 9.330360e-01 8.520000e-03 5.844400e-02
52 9.316080e-01 8.432000e-03 5.996000e-02
53 9.302240e-01 8.352000e-03 6.142400e-02
54 9.287640e-01 8.408000e-03 6.282800e-02
55 9.273560e-01 8.368000e-03 6.427600e-02
56 9.260080e-01 8.292000e-03 6.570000e-02
57 9.245960e-01 8.272000e-03 6.713200e-02
58 9.231000e-01 8.360000e-03 6.854000e-02
59 9.215840e-01 8.344000e-03 7.007200e-02
60 9.201840e-01 8.300000e-03 7.151600e-02
61 9.187760e-01 8.316000e-03 7.290800e-02
62 9.173080e-01 8.416000e-03 7.427600e-02
63 9.155840e-01 8.616000e-03 7.580000e-02
64 9.139400e-01 8.672000e-03 7.738800e-02
65 9.124440e-01 8.640000e-03 7.891600e-02
66 9.109600e-01 8.532000e-03 8.050800e-02
67 9.094640e-01 8.568000e-03 8.196800e-02
68 9.081040e-01 8.440000e-03 8.345600e-02
69 9.066520e-01 8.352000e-03 8.499600e-02
70 9.051480e-01 8.428000e-03 8.642400e-02
71 9.037800e-01 8.308000e-03 8.791200e-02
72 9.022440e-01 8.424000e-03 8.933200e-02
73 9.008520e-01 8.236000e-03 9.091200e-02
74 8.993600e-01 8.316000e-03 9.232400e-02
75 8.979240e-01 8.236000e-03 9.384000e-02
76 8.964000e-01 8.360000e-03 9.524000e-02
77 8.950280e-01 8.308000e-03 9.666400e-02
78 8.934040e-01 8.480000e-03 9.811600e-02
79 8.918280e-01 8.556000e-03 9.961600e-02
80 8.904120e-01 8.444000e-03 1.011440e-01
81 8.889480e-01 8.300000e-03 1.027520e-01
82 8.876840e-01 8.028000e-03 1.042880e-01
83 8.862680e-01 8.068000e-03 1.056640e-01
84 8.849160e-01 8.248000e-03 1.068360e-01
85 8.836040e-01 8.264000e-03 1.081320e-01
86 8.821480e-01 8.360000e-03 1.094920e-01
87 8.806680e-01 8.348000e-03 1.109840e-01
88 8.791200e-01 8.456000e-03 1.124240e-01
89 8.776840e-01 8.456000e-03 1.138600e-01
90 8.761840e-01 8.564000e-03 1.152520e-01
91 8.747760e-01 8.476000e-03 1.167480e-01
92 8.732920e-01 8.488000e-03 1.182200e-01
93 8.717760e-01 8.616000e-03 1.196080e-01
94 8.703440e-01 8.468000e-03 1.211880e-01
95 8.687120e-01 8.604000e-03 1.226840e-01
96 8.671640e-01 8.644000e-03 1.241920e-01
97 8.656840e-01 8.524000e-03 1.257920e-01
98 8.639800e-01 8.748000e-03 1.272720e-01
99 8.623720e-01 9.056000e-03 1.285720e-01
100 8.607000e-01 9.168000e-03 1.301320e-01
101 8.591560e-01 9.256000e-03 1.315880e-01
102 8.575400e-01 9.352000e-03 1.331080e-01
103 8.560720e-01 9.080000e-03 1.348480e-01
104 8.546400e-01 8.956000e-03 1.364040e-01
105 8.531320e-01 9.016000e-03 1.378520e-01
106 8.515360e-01 9.004000e-03 1.394600e-01
107 8.499760e-01 8.984000e-03 1.410400e-01
108 8.482960e-01 9.196000e-03 1.425080e-01
109 8.467320e-01 9.228000e-03 1.440400e-01
110 8.449680e-01 9.200000e-03 1.458320e-01
111 8.434280e-01 9.288000e-03 1.472840e-01
112 8.419560e-01 9.040000e-03 1.490040e-01
113 8.403800e-01 9.024000e-03 1.505960e-01
114 8.388920e-01 8.784000e-03 1.523240e-01
115 8.373280e-01 8.820000e-03 1.538520e-01
116 8.357960e-01 8.820000e-03 1.553840e-01
117 8.342280e-01 8.920000e-03 1.568520e-01
118 8.328760e-01 8.628000e-03 1.584960e-01
119 8.314240e-01 8.508000e-03 1.600680e-01
120 8.300480e-01 8.520000e-03 1.614320e-01
121 8.286040e-01 8.596000e-03 1.628000e-01
122 8.273720e-01 8.412000e-03 1.642160e-01
123 8.258640e-01 8.336000e-03 1.658000e-01
124 8.245920e-01 8.292000e-03 1.671160e-01
125 8.232640e-01 8.120000e-03 1.686160e-01
126 8.219600e-01 7.956000e-03 1.700840e-01
127 8.206040e-01 7.948000e-03 1.714480e-01
128 8.194760e-01 7.784000e-03 1.727400e-01
129 8.182760e-01 7.748000e-03 1.739760e-01
130 8.171000e-01 7.448000e-03 1.754520e-01
131 8.159760e-01 7.280000e-03 1.767440e-01
132 8.147480e-01 7.248000e-03 1.780040e-01
133 8.134680e-01 7.280000e-03 1.792520e-01
134 8.122200e-01 7.272000e-03 1.805080e-01
135 8.109840e-01 7.152000e-03 1.818640e-01
136 8.096800e-01 7.304000e-03 1.830160e-01
137 8.085280e-01 7.112000e-03 1.843600e-01
138 8.074200e-01 6.904000e-03 1.856760e-01
139 8.062520e-01 6.784000e-03 1.869640e-01
140 8.051480e-01 6.708000e-03 1.881440e-01
141 8.039200e-01 6.688000e-03 1.893920e-01
142 8.028080e-01 6.560000e-03 1.906320e-01
143 8.017280e-01 6.532000e-03 1.917400e-01
144 8.006480e-01 6.432000e-03 1.929200e-01
145 7.997040e-01 6.196000e-03 1.941000e-01
146 7.986600e-01 6.096000e-03 1.952440e-01
147 7.976800e-01 5.976000e-03 1.963440e-01
148 7.966560e-01 5.928000e-03 1.974160e-01
149 7.955800e-01 5.964000e-03 1.984560e-01
150 7.944800e-01 6.064000e-03 1.994560e-01
151 7.932840e-01 6.168000e-03 2.005480e-01
152 7.921360e-01 6.100000e-03 2.017640e-01
153 7.908880e-01 6.344000e-03 2.027680e-01
154 7.897320e-01 6.264000e-03 2.040040e-01
155 7.887640e-01 6.096000e-03 2.051400e-01
156 7.877160e-01 6.096000e-03 2.061880e-01
157 7.866760e-01 6.088000e-03 2.072360e-01
158 7.856200e-01 6.076000e-03 2.083040e-01
159 7.845760e-01 6.092000e-03 2.093320e-01
160 7.835560e-01 6.084000e-03 2.103600e-01
161 7.825120e-01 6.072000e-03 2.114160e-01
162 7.815200e-01 6.040000e-03 2.124400e-01
163 7.804760e-01 6.032000e-03 2.134920e-01
164 7.794200e-01 5.944000e-03 2.146360e-01
165 7.784760e-01 5.828000e-03 2.156960e-01
166 7.775400e-01 5.780000e-03 2.166800e-01
167 7.765640e-01 5.672000e-03 2.177640e-01
168 7.755880e-01 5.704000e-03 2.187080e-01
169 7.747240e-01 5.580000e-03 2.196960e-01
170 7.738520e-01 5.500000e-03 2.206480e-01
171 7.729480e-01 5.420000e-03 2.216320e-01
172 7.720320e-01 5.436000e-03 2.225320e-01
173 7.711640e-01 5.384000e-03 2.234520e-01
174 7.701840e-01 5.432000e-03 2.243840e-01
175 7.691800e-01 5.436000e-03 2.253840e-01
176 7.682320e-01 5.468000e-03 2.263000e-01
177 7.671680e-01 5.564000e-03 2.272680e-01
178 7.660600e-01 5.612000e-03 2.283280e-01
179 7.649000e-01 5.756000e-03 2.293440e-01
180 7.639240e-01 5.644000e-03 2.304320e-01
181 7.628480e-01 5.688000e-03 2.314640e-01
182 7.618000e-01 5.660000e-03 2.325400e-01
183 7.607880e-01 5.700000e-03 2.335120e-01
184 7.596600e-01 5.740000e-03 2.346000e-01
185 7.586640e-01 5.712000e-03 2.356240e-01
186 7.574560e-01 5.912000e-03 2.366320e-01
187 7.563840e-01 5.888000e-03 2.377280e-01
188 7.554120e-01 5.756000e-03 2.388320e-01
189 7.544080e-01 5.696000e-03 2.398960e-01
190 7.534520e-01 5.668000e-03 2.408800e-01
191 7.524920e-01 5.684000e-03 2.418240e-01
192 7.515440e-01 5.696000e-03 2.427600e-01
193 7.506360e-01 5.652000e-03 2.437120e-01
194 7.497440e-01 5.656000e-03 2.446000e-01
195 7.489040e-01 5.548000e-03 2.455480e-01
196 7.480560e-01 5.412000e-03 2.465320e-01
197 7.471040e-01 5.468000e-03 2.474280e-01
198 7.461080e-01 5.544000e-03 2.483480e-01
199 7.451760e-01 5.440000e-03 2.493840e-01
200 7.442240e-01 5.384000e-03 2.503920e-01
201 7.431360e-01 5.472000e-03 2.513920e-01
202 7.421040e-01 5.568000e-03 2.523280e-01
203 7.411120e-01 5.536000e-03 2.533520e-01
204 7.401160e-01 5.512000e-03 2.543720e-01
205 7.391840e-01 5.480000e-03 2.553360e-01
206 7.380880e-01 5.708000e-03 2.562040e-01
207 7.372200e-01 5.668000e-03 2.571120e-01
208 7.362360e-01 5.728000e-03 2.580360e-01
209 7.351760e-01 5.740000e-03 2.590840e-01
210 7.342840e-01 5.588000e-03 2.601280e-01
211 7.333760e-01 5.552000e-03 2.610720e-01
212 7.325360e-01 5.408000e-03 2.620560e-01
213 7.316120e-01 5.452000e-03 2.629360e-01
214 7.306240e-01 5.368000e-03 2.640080e-01
215 7.298360e-01 5.152000e-03 2.650120e-01
216 7.291560e-01 4.908000e-03 2.659360e-01
217 7.283200e-01 4.844000e-03 2.668360e-01
218 7.275200e-01 4.784000e-03 2.676960e-01
219 7.267720e-01 4.744000e-03 2.684840e-01
220 7.259600e-01 4.648000e-03 2.693920e-01
221 7.251840e-01 4.604000e-03 2.702120e-01
222 7.244120e-01 4.564000e-03 2.710240e-01
223 7.236040e-01 4.548000e-03 2.718480e-01
224 7.228160e-01 4.616000e-03 2.725680e-01
225 7.220760e-01 4.556000e-03 2.733680e-01
226 7.212080e-01 4.704000e-03 2.740880e-01
227 7.203600e-01 4.760000e-03 2.748800e-01
228 7.195400e-01 4.792000e-03 2.756680e-01
229 7.186560e-01 4.948000e-03 2.763960e-01
230 7.177680e-01 4.928000e-03 2.773040e-01
231 7.169600e-01 4.884000e-03 2.781560e-01
232 7.162040e-01 4.732000e-03 2.790640e-01
233 7.154640e-01 4.664000e-03 2.798720e-01
234 7.146560e-01 4.588000e-03 2.807560e-01
235 7.138440e-01 4.544000e-03 2.816120e-01
236 7.131480e-01 4.520000e-03 2.823320e-01
237 7.124280e-01 4.472000e-03 2.831000e-01
238 7.116480e-01 4.400000e-03 2.839520e-01
239 7.108080e-01 4.428000e-03 2.847640e-01
240 7.099840e-01 4.504000e-03 2.855120e-01
241 7.091840e-01 4.476000e-03 2.863400e-01
242 7.085200e-01 4.368000e-03 2.871120e-01
243 7.077840e-01 4.368000e-03 2.878480e-01
244 7.070440e-01 4.304000e-03 2.886520e-01
245 7.063360e-01 4.192000e-03 2.894720e-01
246 7.055640e-01 4.160000e-03 2.902760e-01
247 7.049080e-01 4.016000e-03 2.910760e-01
248 7.042600e-01 4.060000e-03 2.916800e-01
249 7.035280e-01 4.088000e-03 2.923840e-01
250 7.029120e-01 3.940000e-03 2.931480e-01
251 7.022640e-01 3.872000e-03 2.938640e-01
252 7.015040e-01 3.996000e-03 2.945000e-01
253 7.008040e-01 4.008000e-03 2.951880e-01
254 7.001160e-01 4.084000e-03 2.958000e-01
255 6.994280e-01 4.096000e-03 2.964760e-01
256 6.987000e-01 4.108000e-03 2.971920e-01
257 6.979480e-01 4.160000e-03 2.978920e-01
258 6.973200e-01 4.112000e-03 2.985680e-01
259 6.965480e-01 4.160000e-03 2.992920e-01
260 6.959200e-01 4.020000e-03 3.000600e-01
261 6.953520e-01 3.852000e-03 3.007960e-01
262 6.947760e-01 3.764000e-03 3.014600e-01
263 6.941320e-01 3.680000e-03 3.021880e-01
264 6.936280e-01 3.608000e-03 3.027640e-01
265 6.930560e-01 3.568000e-03 3.033760e-01
266 6.924480e-01 3.520000e-03 3.040320e-01
267 6.918240e-01 3.596000e-03 3.045800e-01
268 6.912600e-01 3.616000e-03 3.051240e-01
269 6.907320e-01 3.488000e-03 3.057800e-01
270 6.902560e-01 3.356000e-03 3.063880e-01
271 6.897480e-01 3.236000e-03 3.070160e-01
272 6.892360e-01 3.216000e-03 3.075480e-01
273 6.886920e-01 3.220000e-03 3.080880e-01
274 6.880960e-01 3.232000e-03 3.086720e-01
275 6.875360e-01 3.228000e-03 3.092360e-01
276 6.869280e-01 3.280000e-03 3.097920e-01
277 6.864040e-01 3.256000e-03 3.103400e-01
278 6.859040e-01 3.280000e-03 3.108160e-01
279 6.853480e-01 3.288000e-03 3.113640e-01
280 6.848120e-01 3.224000e-03 3.119640e-01
281 6.844120e-01 2.992000e-03 3.125960e-01
282 6.839880e-01 2.896000e-03 3.131160e-01
283 6.836160e-01 2.776000e-03 3.136080e-01
284 6.831960e-01 2.656000e-03 3.141480e-01
285 6.827080e-01 2.632000e-03 3.146600e-01
286 6.823360e-01 2.476000e-03 3.151880e-01
287 6.819200e-01 2.516000e-03 3.155640e-01
288 6.815680e-01 2.420000e-03 3.160120e-01
289 6.811240e-01 2.448000e-03 3.164280e-01
290 6.807040e-01 2.456000e-03 3.168400e-01
291 6.802880e-01 2.464000e-03 3.172480e-01
292 6.799320e-01 2.384000e-03 3.176840e-01
293 6.795480e-01 2.416000e-03 3.180360e-01
294 6.791360e-01 2.360000e-03 3.185040e-01
295 6.786760e-01 2.428000e-03 3.188960e-01
296 6.781520e-01 2.508000e-03 3.193400e-01
297 6.776600e-01 2.580000e-03 3.197600e-01
298 6.771440e-01 2.568000e-03 3.202880e-01
299 6.766760e-01 2.596000e-03 3.207280e-01
300 6.762640e-01 2.556000e-03 3.211800e-01
301 6.757400e-01 2.644000e-03 3.216160e-01
302 6.752000e-01 2.712000e-03 3.220880e-01
303 6.746720e-01 2.688000e-03 3.226400e-01
304 6.741200e-01 2.744000e-03 3.231360e-01
305 6.736000e-01 2.756000e-03 3.236440e-01
306 6.730840e-01 2.788000e-03 3.241280e-01
307 6.726240e-01 2.756000e-03 3.246200e-01
308 6.721120e-01 2.716000e-03 3.251720e-01
309 6.716920e-01 2.668000e-03 3.256400e-01
310 6.711840e-01 2.752000e-03 3.260640e-01
311 6.707200e-01 2.716000e-03 3.265640e-01
312 6.703160e-01 2.656000e-03 3.270280e-01
313 6.698400e-01 2.676000e-03 3.274840e-01
314 6.695040e-01 2.544000e-03 3.279520e-01
315 6.690880e-01 2.548000e-03 3.283640e-01
316 6.686280e-01 2.580000e-03 3.287920e-01
317 6.682880e-01 2.456000e-03 3.292560e-01
318 6.679360e-01 2.400000e-03 3.296640e-01
319 6.675960e-01 2.296000e-03 3.301080e-01
320 6.672120e-01 2.264000e-03 3.305240e-01
321 6.668080e-01 2.244000e-03 3.309480e-01
322 6.663960e-01 2.260000e-03 3.313440e-01
323 6.659520e-01 2.260000e-03 3.317880e-01
324 6.654960e-01 2.316000e-03 3.321880e-01
325 6.650520e-01 2.328000e-03 3.326200e-01
326 6.645920e-01 2.360000e-03 3.330480e-01
327 6.641880e-01 2.408000e-03 3.334040e-01
328 6.637920e-01 2.316000e-03 3.338920e-01
329 6.633760e-01 2.320000e-03 3.343040e-01
330 6.630120e-01 2.224000e-03 3.347640e-01
331 6.626320e-01 2.268000e-03 3.351000e-01
332 6.623320e-01 2.188000e-03 3.354800e-01
333 6.619600e-01 2.148000e-03 3.358920e-01
334 6.614960e-01 2.212000e-03 3.362920e-01
335 6.611480e-01 2.148000e-03 3.367040e-01
336 6.608160e-01 2.076000e-03 3.371080e-01
337 6.605200e-01 2.044000e-03 3.374360e-01
338 6.602400e-01 1.912000e-03 3.378480e-01
339 6.599080e-01 1.928000e-03 3.381640e-01
340 6.596280e-01 1.904000e-03 3.384680e-01
341 6.592880e-01 1.904000e-03 3.388080e-01
342 6.590520e-01 1.800000e-03 3.391480e-01
343 6.587720e-01 1.772000e-03 3.394560e-01
344 6.585160e-01 1.764000e-03 3.397200e-01
345 6.582080e-01 1.732000e-03 3.400600e-01
346 6.579200e-01 1.772000e-03 3.403080e-01
347 6.575840e-01 1.840000e-03 3.405760e-01
348 6.572920e-01 1.836000e-03 3.408720e-01
349 6.569840e-01 1.860000e-03 3.411560e-01
350 6.566960e-01 1.820000e-03 3.414840e-01
351 6.564200e-01 1.752000e-03 3.418280e-01
352 6.560560e-01 1.792000e-03 3.421520e-01
353 6.556840e-01 1.840000e-03 3.424760e-01
354 6.553440e-01 1.896000e-03 3.427600e-01
355 6.549880e-01 1.920000e-03 3.430920e-01
356 6.546680e-01 1.848000e-03 3.434840e-01
357 6.543720e-01 1.820000e-03 3.438080e-01
358 6.541120e-01 1.752000e-03 3.441360e-01
359 6.538160e-01 1.760000e-03 3.444240e-01
360 6.535160e-01 1.744000e-03 3.447400e-01
361 6.532120e-01 1.768000e-03 3.450200e-01
362 6.529080e-01 1.744000e-03 3.453480e-01
363 6.527000e-01 1.644000e-03 3.456560e-01
364 6.525080e-01 1.612000e-03 3.458800e-01
365 6.522960e-01 1.544000e-03 3.461600e-01
366 6.520640e-01 1.528000e-03 3.464080e-01
367 6.518000e-01 1.564000e-03 3.466360e-01
368 6.514840e-01 1.536000e-03 3.469800e-01
369 6.511840e-01 1.532000e-03 3.472840e-01
370 6.509200e-01 1.576000e-03 3.475040e-01
371 6.505160e-01 1.700000e-03 3.477840e-01
372 6.501800e-01 1.752000e-03 3.480680e-01
373 6.498320e-01 1.848000e-03 3.483200e-01
374 6.495000e-01 1.872000e-03 3.486280e-01
375 6.490920e-01 1.876000e-03 3.490320e-01
376 6.487320e-01 1.860000e-03 3.494080e-01
377 6.483320e-01 1.928000e-03 3.497400e-01
378 6.479880e-01 1.916000e-03 3.500960e-01
379 6.475600e-01 1.992000e-03 3.504480e-01
380 6.471680e-01 2.024000e-03 3.508080e-01
381 6.468640e-01 1.972000e-03 3.511640e-01
382 6.465360e-01 1.896000e-03 3.515680e-01
383 6.461720e-01 1.916000e-03 3.519120e-01
384 6.457120e-01 1.996000e-03 3.522920e-01
385 6.453320e-01 2.020000e-03 3.526480e-01
386 6.449920e-01 2.028000e-03 3.529800e-01
387 6.446640e-01 2.012000e-03 3.533240e-01
388 6.443120e-01 1.996000e-03 3.536920e-01
389 6.440480e-01 1.864000e-03 3.540880e-01
390 6.437400e-01 1.936000e-03 3.543240e-01
391 6.433840e-01 1.948000e-03 3.546680e-01
392 6.430640e-01 1.996000e-03 3.549400e-01
393 6.427760e-01 1.956000e-03 3.552680e-01
394 6.423680e-01 2.008000e-03 3.556240e-01
395 6.419920e-01 2.092000e-03 3.559160e-01
396 6.416600e-01 2.076000e-03 3.562640e-01
397 6.412760e-01 2.080000e-03 3.566440e-01
398 6.408800e-01 2.168000e-03 3.569520e-01
399 6.405320e-01 2.108000e-03 3.573600e-01
400 6.401360e-01 2.156000e-03 3.577080e-01
401 6.396480e-01 2.212000e-03 3.581400e-01
402 6.392800e-01 2.140000e-03 3.585800e-01
403 6.389000e-01 2.156000e-03 3.589440e-01
404 6.385840e-01 2.180000e-03 3.592360e-01
405 6.382200e-01 2.124000e-03 3.596560e-01
406 6.378960e-01 2.092000e-03 3.600120e-01
407 6.375200e-01 2.072000e-03 3.604080e-01
408 6.372080e-01 2.044000e-03 3.607480e-01
409 6.368320e-01 2.108000e-03 3.610600e-01
410 6.365080e-01 2.052000e-03 3.614400e-01
411 6.361320e-01 2.108000e-03 3.617600e-01
412 6.357320e-01 2.092000e-03 3.621760e-01
413 6.353760e-01 2.112000e-03 3.625120e-01
414 6.350360e-01 2.064000e-03 3.629000e-01
415 6.346240e-01 2.048000e-03 3.633280e-01
416 6.342760e-01 2.028000e-03 3.636960e-01
417 6.339720e-01 1.964000e-03 3.640640e-01
418 6.336360e-01 2.004000e-03 3.643600e-01
419 6.332520e-01 2.068000e-03 3.646800e-01
420 6.328960e-01 1.992000e-03 3.651120e-01
421 6.325760e-01 1.904000e-03 3.655200e-01
422 6.322720e-01 1.876000e-03 3.658520e-01
423 6.319360e-01 1.928000e-03 3.661360e-01
424 6.315880e-01 1.940000e-03 3.664720e-01
425 6.312600e-01 1.920000e-03 3.668200e-01
426 6.309600e-01 1.884000e-03 3.671560e-01
427 6.307000e-01 1.872000e-03 3.674280e-01
428 6.303200e-01 1.940000e-03 3.677400e-01
429 6.300320e-01 1.952000e-03 3.680160e-01
430 6.297200e-01 1.920000e-03 3.683600e-01
431 6.293320e-01 1.992000e-03 3.686760e-01
432 6.290000e-01 1.976000e-03 3.690240e-01
433 6.286040e-01 2.028000e-03 3.693680e-01
434 6.282200e-01 2.068000e-03 3.697120e-01
435 6.278800e-01 2.064000e-03 3.700560e-01
436 6.276440e-01 1.944000e-03 3.704120e-01
437 6.273480e-01 1.880000e-03 3.707720e-01
438 6.271120e-01 1.776000e-03 3.711120e-01
439 6.268040e-01 1.788000e-03 3.714080e-01
440 6.265720e-01 1.688000e-03 3.717400e-01
441 6.263640e-01 1.628000e-03 3.720080e-01
442 6.260680e-01 1.596000e-03 3.723360e-01
443 6.258960e-01 1.516000e-03 3.725880e-01
444 6.257000e-01 1.464000e-03 3.728360e-01
445 6.254760e-01 1.456000e-03 3.730680e-01
446 6.252600e-01 1.440000e-03 3.733000e-01
447 6.250320e-01 1.432000e-03 3.735360e-01
448 6.248400e-01 1.344000e-03 3.738160e-01
449 6.246800e-01 1.284000e-03 3.740360e-01
450 6.244960e-01 1.236000e-03 3.742680e-01
451 6.242920e-01 1.204000e-03 3.745040e-01
452 6.240720e-01 1.264000e-03 3.746640e-01
453 6.239320e-01 1.136000e-03 3.749320e-01
454 6.238000e-01 1.100000e-03 3.751000e-01
455 6.235720e-01 1.124000e-03 3.753040e-01
456 6.234080e-01 1.088000e-03 3.755040e-01
457 6.232680e-01 1.012000e-03 3.757200e-01
458 6.231440e-01 9.760000e-04 3.758800e-01
459 6.230040e-01 9.480000e-04 3.760480e-01
460 6.228760e-01 9.400000e-04 3.761840e-01
461 6.226880e-01 9.400000e-04 3.763720e-01
462 6.225120e-01 9.280000e-04 3.765600e-01
463 6.223360e-01 9.080000e-04 3.767560e-01
464 6.221960e-01 8.960000e-04 3.769080e-01
465 6.220720e-01 8.800000e-04 3.770480e-01
466 6.219600e-01 8.680000e-04 3.771720e-01
467 6.217240e-01 9.800000e-04 3.772960e-01
468 6.215960e-01 9.480000e-04 3.774560e-01
469 6.213440e-01 1.036000e-03 3.776200e-01
470 6.211720e-01 1.056000e-03 3.777720e-01
471 6.209560e-01 1.060000e-03 3.779840e-01
472 6.207640e-01 1.048000e-03 3.781880e-01
473 6.205680e-01 1.024000e-03 3.784080e-01
474 6.204320e-01 9.760000e-04 3.785920e-01
475 6.203000e-01 9.440000e-04 3.787560e-01
476 6.202040e-01 8.880000e-04 3.789080e-01
477 6.200800e-01 8.840000e-04 3.790360e-01
478 6.199280e-01 8.920000e-04 3.791800e-01
479 6.197880e-01 8.960000e-04 3.793160e-01
480 6.196720e-01 8.640000e-04 3.794640e-01
481 6.195440e-01 8.760000e-04 3.795800e-01
482 6.194120e-01 8.800000e-04 3.797080e-01
483 6.192320e-01 9.320000e-04 3.798360e-01
484 6.190800e-01 8.760000e-04 3.800440e-01
485 6.189240e-01 8.480000e-04 3.802280e-01
486 6.187680e-01 8.840000e-04 3.803480e-01
487 6.186320e-01 8.560000e-04 3.805120e-01
488 6.184840e-01 8.560000e-04 3.806600e-01
489 6.183480e-01 8.480000e-04 3.808040e-01
490 6.181880e-01 8.680000e-04 3.809440e-01
491 6.180240e-01 9.000000e-04 3.810760e-01
492 6.178800e-01 8.400000e-04 3.812800e-01
493 6.177720e-01 8.160000e-04 3.814120e-01
494 6.176600e-01 7.600000e-04 3.815800e-01
495 6.175280e-01 7.480000e-04 3.817240e-01
496 6.173400e-01 7.720000e-04 3.818880e-01
497 6.172040e-01 7.800000e-04 3.820160e-01
498 6.170520e-01 8.320000e-04 3.821160e-01
499 6.169480e-01 7.880000e-04 3.822640e-01
500 6.168240e-01 7.880000e-04 3.823880e-01
