1 9.992560e-01 6.560000e-04 8.800000e-05
2 9.988480e-01 9.160000e-04 2.360000e-04
3 9.982360e-01 1.316000e-03 4.480000e-04
4 9.975400e-01 1.816000e-03 6.440000e-04
5 9.966920e-01 2.276000e-03 1.032000e-03
6 9.958760e-01 2.708000e-03 1.416000e-03
7 9.949280e-01 3.180000e-03 1.892000e-03
8 9.939640e-01 3.524000e-03 2.512000e-03
9 9.929680e-01 3.824000e-03 3.208000e-03
10 9.919160e-01 4.180000e-03 3.904000e-03
11 9.908360e-01 4.444000e-03 4.720000e-03
12 9.898160e-01 4.724000e-03 5.460000e-03
13 9.887480e-01 5.024000e-03 6.228000e-03
14 9.876080e-01 5.144000e-03 7.248000e-03
15 9.865200e-01 5.288000e-03 8.192000e-03
16 9.853200e-01 5.492000e-03 9.188000e-03
17 9.841640e-01 5.628000e-03 1.020800e-02
18 9.829720e-01 5.888000e-03 1.114000e-02
19 9.817160e-01 6.100000e-03 1.218400e-02
20 9.805960e-01 6.156000e-03 1.324800e-02
21 9.794640e-01 6.304000e-03 1.423200e-02
22 9.782320e-01 6.456000e-03 1.531200e-02
23 9.770480e-01 6.504000e-03 1.644800e-02
24 9.758240e-01 6.576000e-03 1.760000e-02
25 9.746000e-01 6.592000e-03 1.880800e-02
26 9.733680e-01 6.752000e-03 1.988000e-02
27 9.722520e-01 6.712000e-03 2.103600e-02
28 9.709280e-01 6.832000e-03 2.224000e-02
29 9.695400e-01 6.920000e-03 2.354000e-02
30 9.680280e-01 7.080000e-03 2.489200e-02
31 9.666120e-01 7.312000e-03 2.607600e-02
32 9.651160e-01 7.516000e-03 2.736800e-02
33 9.636160e-01 7.656000e-03 2.872800e-02
34 9.620800e-01 7.848000e-03 3.007200e-02
35 9.607240e-01 7.944000e-03 3.133200e-02
36 9.594000e-01 7.872000e-03 3.272800e-02
37 9.579080e-01 7.988000e-03 3.410400e-02
38 9.564840e-01 8.052000e-03 3.546400e-02
39 9.549760e-01 8.184000e-03 3.684000e-02
40 9.535000e-01 8.192000e-03 3.830800e-02
41 9.519480e-01 8.372000e-03 3.968000e-02
42 9.504560e-01 8.348000e-03 4.119600e-02
43 9.489200e-01 8.380000e-03 4.270000e-02
44 9.471080e-01 8.704000e-03 4.418800e-02
45 9.455520e-01 8.716000e-03 4.573200e-02
46 9.438640e-01 8.988000e-03 4.714800e-02
47 9.421920e-01 9.092000e-03 4.871600e-02
48 9.404720e-01 9.256000e-03 5.027200e-02
49 9.388840e-01 9.312000e-03 5.180400e-02
50 9.371040e-01 9.480000e-03 5.341600e-02
51 9.352600e-01 9.704000e-03 5.503600e-02
52 9.334440e-01 9.876000e-03 5.668000e-02
53 9.315920e-01 9.952000e-03 5.845600e-02
54 9.295880e-01 1.018800e-02 6.022400e-02
55 9.276680e-01 1.027200e-02 6.206000e-02
56 9.258040e-01 1.029600e-02 6.390000e-02
57 9.238120e-01 1.034800e-02 6.584000e-02
58 9.220000e-01 1.027600e-02 6.772400e-02
59 9.203160e-01 1.013200e-02 6.955200e-02
60 9.184480e-01 1.024800e-02 7.130400e-02
61 9.166480e-01 1.035600e-02 7.299600e-02
62 9.149680e-01 1.024800e-02 7.478400e-02
63 9.132800e-01 1.010000e-02 7.662000e-02
64 9.117120e-01 9.964000e-03 7.832400e-02
65 9.100960e-01 1.004000e-02 7.986400e-02
66 9.085480e-01 9.820000e-03 8.163200e-02
67 9.069040e-01 9.776000e-03 8.332000e-02
68 9.052280e-01 9.788000e-03 8.498400e-02
69 9.035760e-01 9.652000e-03 8.677200e-02
70 9.020640e-01 9.612000e-03 8.832400e-02
71 9.003800e-01 9.512000e-03 9.010800e-02
72 8.988520e-01 9.300000e-03 9.184800e-02
73 8.973440e-01 9.132000e-03 9.352400e-02
74 8.959040e-01 9.052000e-03 9.504400e-02
75 8.943240e-01 8.984000e-03 9.669200e-02
76 8.927440e-01 9.000000e-03 9.825600e-02
77 8.911080e-01 9.160000e-03 9.973200e-02
78 8.896440e-01 8.932000e-03 1.014240e-01
79 8.882040e-01 8.820000e-03 1.029760e-01
80 8.867240e-01 8.776000e-03 1.045000e-01
81 8.851560e-01 8.988000e-03 1.058560e-01
82 8.835640e-01 9.052000e-03 1.073840e-01
83 8.820360e-01 9.016000e-03 1.089480e-01
84 8.805120e-01 8.868000e-03 1.106200e-01
85 8.788720e-01 8.936000e-03 1.121920e-01
86 8.773120e-01 8.860000e-03 1.138280e-01
87 8.759440e-01 8.708000e-03 1.153480e-01
88 8.745200e-01 8.548000e-03 1.169320e-01
89 8.731000e-01 8.540000e-03 1.183600e-01
90 8.716360e-01 8.516000e-03 1.198480e-01
91 8.700400e-01 8.616000e-03 1.213440e-01
92 8.684680e-01 8.604000e-03 1.229280e-01
93 8.670120e-01 8.596000e-03 1.243920e-01
94 8.657400e-01 8.324000e-03 1.259360e-01
95 8.642160e-01 8.404000e-03 1.273800e-01
96 8.627520e-01 8.376000e-03 1.288720e-01
97 8.614040e-01 8.300000e-03 1.302960e-01
98 8.598560e-01 8.380000e-03 1.317640e-01
99 8.584320e-01 8.316000e-03 1.332520e-01
100 8.567080e-01 8.468000e-03 1.348240e-01
101 8.549760e-01 8.816000e-03 1.362080e-01
102 8.534800e-01 8.800000e-03 1.377200e-01
103 8.518000e-01 9.004000e-03 1.391960e-01
104 8.502840e-01 8.912000e-03 1.408040e-01
105 8.488160e-01 8.920000e-03 1.422640e-01
106 8.473960e-01 8.752000e-03 1.438520e-01
107 8.460080e-01 8.592000e-03 1.454000e-01
108 8.443560e-01 8.760000e-03 1.468840e-01
109 8.427480e-01 8.832000e-03 1.484200e-01
110 8.412840e-01 8.884000e-03 1.498320e-01
111 8.398240e-01 8.772000e-03 1.514040e-01
112 8.383160e-01 8.748000e-03 1.529360e-01
113 8.368800e-01 8.664000e-03 1.544560e-01
114 8.353200e-01 8.668000e-03 1.560120e-01
115 8.338480e-01 8.680000e-03 1.574720e-01
116 8.325080e-01 8.552000e-03 1.589400e-01
117 8.311120e-01 8.456000e-03 1.604320e-01
118 8.295960e-01 8.460000e-03 1.619440e-01
119 8.281240e-01 8.520000e-03 1.633560e-01
120 8.267400e-01 8.440000e-03 1.648200e-01
121 8.253720e-01 8.440000e-03 1.661880e-01
122 8.240960e-01 8.224000e-03 1.676800e-01
123 8.226560e-01 8.180000e-03 1.691640e-01
124 8.212840e-01 8.080000e-03 1.706360e-01
125 8.200280e-01 7.852000e-03 1.721200e-01
126 8.187600e-01 7.808000e-03 1.734320e-01
127 8.176640e-01 7.628000e-03 1.747080e-01
128 8.164280e-01 7.584000e-03 1.759880e-01
129 8.150960e-01 7.456000e-03 1.774480e-01
130 8.138920e-01 7.316000e-03 1.787920e-01
131 8.127120e-01 7.196000e-03 1.800920e-01
132 8.114080e-01 7.356000e-03 1.812360e-01
133 8.101240e-01 7.428000e-03 1.824480e-01
134 8.086960e-01 7.528000e-03 1.837760e-01
135 8.073160e-01 7.668000e-03 1.850160e-01
136 8.060520e-01 7.592000e-03 1.863560e-01
137 8.045880e-01 7.668000e-03 1.877440e-01
138 8.033680e-01 7.544000e-03 1.890880e-01
139 8.020280e-01 7.568000e-03 1.904040e-01
140 8.008280e-01 7.456000e-03 1.917160e-01
141 7.994240e-01 7.568000e-03 1.930080e-01
142 7.980600e-01 7.704000e-03 1.942360e-01
143 7.967760e-01 7.568000e-03 1.956560e-01
144 7.955640e-01 7.416000e-03 1.970200e-01
145 7.943280e-01 7.396000e-03 1.982760e-01
146 7.930840e-01 7.456000e-03 1.994600e-01
147 7.918800e-01 7.460000e-03 2.006600e-01
148 7.907040e-01 7.244000e-03 2.020520e-01
149 7.895400e-01 7.172000e-03 2.032880e-01
150 7.882640e-01 7.220000e-03 2.045160e-01
151 7.870040e-01 7.176000e-03 2.058200e-01
152 7.857520e-01 7.204000e-03 2.070440e-01
153 7.845480e-01 7.004000e-03 2.084480e-01
154 7.833760e-01 6.904000e-03 2.097200e-01
155 7.820440e-01 7.132000e-03 2.108240e-01
156 7.806760e-01 7.336000e-03 2.119880e-01
157 7.793960e-01 7.392000e-03 2.132120e-01
158 7.779680e-01 7.432000e-03 2.146000e-01
159 7.765440e-01 7.520000e-03 2.159360e-01
160 7.751520e-01 7.600000e-03 2.172480e-01
161 7.738680e-01 7.580000e-03 2.185520e-01
162 7.725080e-01 7.704000e-03 2.197880e-01
163 7.712040e-01 7.632000e-03 2.211640e-01
164 7.698800e-01 7.620000e-03 2.225000e-01
165 7.685160e-01 7.780000e-03 2.237040e-01
166 7.671280e-01 7.740000e-03 2.251320e-01
167 7.659080e-01 7.496000e-03 2.265960e-01
168 7.647280e-01 7.360000e-03 2.279120e-01
169 7.635040e-01 7.316000e-03 2.291800e-01
170 7.623720e-01 7.208000e-03 2.304200e-01
171 7.611720e-01 7.148000e-03 2.316800e-01
172 7.600080e-01 7.148000e-03 2.328440e-01
173 7.587760e-01 7.072000e-03 2.341520e-01
174 7.573800e-01 7.084000e-03 2.355360e-01
175 7.561640e-01 6.984000e-03 2.368520e-01
176 7.548640e-01 7.044000e-03 2.380920e-01
177 7.536560e-01 7.132000e-03 2.392120e-01
178 7.525000e-01 7.072000e-03 2.404280e-01
179 7.512600e-01 7.136000e-03 2.416040e-01
180 7.500680e-01 7.040000e-03 2.428920e-01
181 7.488200e-01 7.052000e-03 2.441280e-01
182 7.476360e-01 7.108000e-03 2.452560e-01
183 7.462960e-01 7.140000e-03 2.465640e-01
184 7.449960e-01 7.192000e-03 2.478120e-01
185 7.436840e-01 7.272000e-03 2.490440e-01
186 7.425680e-01 7.120000e-03 2.503120e-01
187 7.413600e-01 7.084000e-03 2.515560e-01
188 7.402360e-01 7.028000e-03 2.527360e-01
189 7.390880e-01 6.880000e-03 2.540320e-01
190 7.379080e-01 6.840000e-03 2.552520e-01
191 7.366840e-01 6.788000e-03 2.565280e-01
192 7.355160e-01 6.864000e-03 2.576200e-01
193 7.343920e-01 6.952000e-03 2.586560e-01
194 7.332240e-01 7.040000e-03 2.597360e-01
195 7.319840e-01 7.096000e-03 2.609200e-01
196 7.308120e-01 7.068000e-03 2.621200e-01
197 7.295320e-01 7.048000e-03 2.634200e-01
198 7.284280e-01 6.852000e-03 2.647200e-01
199 7.271200e-01 6.956000e-03 2.659240e-01
200 7.259680e-01 7.000000e-03 2.670320e-01
201 7.249600e-01 6.680000e-03 2.683600e-01
202 7.239280e-01 6.544000e-03 2.695280e-01
203 7.229600e-01 6.328000e-03 2.707120e-01
204 7.219080e-01 6.284000e-03 2.718080e-01
205 7.209400e-01 6.156000e-03 2.729040e-01
206 7.199240e-01 6.140000e-03 2.739360e-01
207 7.188200e-01 6.260000e-03 2.749200e-01
208 7.178040e-01 6.244000e-03 2.759520e-01
209 7.168760e-01 6.120000e-03 2.770040e-01
210 7.158840e-01 5.996000e-03 2.781200e-01
211 7.148360e-01 5.992000e-03 2.791720e-01
212 7.139680e-01 5.948000e-03 2.800840e-01
213 7.129480e-01 5.836000e-03 2.812160e-01
214 7.119840e-01 5.736000e-03 2.822800e-01
215 7.110720e-01 5.624000e-03 2.833040e-01
216 7.102040e-01 5.536000e-03 2.842600e-01
217 7.092480e-01 5.488000e-03 2.852640e-01
218 7.082480e-01 5.472000e-03 2.862800e-01
219 7.072040e-01 5.636000e-03 2.871600e-01
220 7.062280e-01 5.576000e-03 2.881960e-01
221 7.052600e-01 5.536000e-03 2.892040e-01
222 7.043720e-01 5.400000e-03 2.902280e-01
223 7.034160e-01 5.316000e-03 2.912680e-01
224 7.025120e-01 5.304000e-03 2.921840e-01
225 7.014840e-01 5.368000e-03 2.931480e-01
226 7.005160e-01 5.420000e-03 2.940640e-01
227 6.994520e-01 5.568000e-03 2.949800e-01
228 6.984400e-01 5.632000e-03 2.959280e-01
229 6.974920e-01 5.604000e-03 2.969040e-01
230 6.965320e-01 5.664000e-03 2.978040e-01
231 6.954920e-01 5.752000e-03 2.987560e-01
232 6.946760e-01 5.616000e-03 2.997080e-01
233 6.937480e-01 5.636000e-03 3.006160e-01
234 6.928800e-01 5.432000e-03 3.016880e-01
235 6.920600e-01 5.224000e-03 3.027160e-01
236 6.911440e-01 5.308000e-03 3.035480e-01
237 6.901480e-01 5.400000e-03 3.044520e-01
238 6.892480e-01 5.348000e-03 3.054040e-01
239 6.882800e-01 5.436000e-03 3.062840e-01
240 6.874120e-01 5.440000e-03 3.071480e-01
241 6.864280e-01 5.460000e-03 3.081120e-01
242 6.855360e-01 5.316000e-03 3.091480e-01
243 6.846200e-01 5.384000e-03 3.099960e-01
244 6.837800e-01 5.188000e-03 3.110320e-01
245 6.829520e-01 5.080000e-03 3.119680e-01
246 6.821280e-01 5.136000e-03 3.127360e-01
247 6.812040e-01 5.168000e-03 3.136280e-01
248 6.802920e-01 5.152000e-03 3.145560e-01
249 6.794520e-01 5.040000e-03 3.155080e-01
250 6.786320e-01 5.000000e-03 3.163680e-01
251 6.778080e-01 4.944000e-03 3.172480e-01
252 6.767800e-01 5.024000e-03 3.181960e-01
253 6.758280e-01 5.076000e-03 3.190960e-01
254 6.748880e-01 5.024000e-03 3.200880e-01
255 6.739800e-01 5.088000e-03 3.209320e-01
256 6.731200e-01 5.040000e-03 3.218400e-01
257 6.721800e-01 5.104000e-03 3.227160e-01
258 6.714040e-01 5.012000e-03 3.235840e-01
259 6.705720e-01 4.972000e-03 3.244560e-01
260 6.698480e-01 4.816000e-03 3.253360e-01
261 6.691320e-01 4.688000e-03 3.261800e-01
262 6.685240e-01 4.508000e-03 3.269680e-01
263 6.678440e-01 4.452000e-03 3.277040e-01
264 6.669520e-01 4.452000e-03 3.285960e-01
265 6.662120e-01 4.320000e-03 3.294680e-01
266 6.655320e-01 4.196000e-03 3.302720e-01
267 6.648120e-01 4.192000e-03 3.309960e-01
268 6.640680e-01 4.172000e-03 3.317600e-01
269 6.632800e-01 4.196000e-03 3.325240e-01
270 6.625760e-01 4.276000e-03 3.331480e-01
271 6.618680e-01 4.200000e-03 3.339320e-01
272 6.611520e-01 4.212000e-03 3.346360e-01
273 6.603720e-01 4.228000e-03 3.354000e-01
274 6.595440e-01 4.388000e-03 3.360680e-01
275 6.588000e-01 4.392000e-03 3.368080e-01
276 6.581160e-01 4.208000e-03 3.376760e-01
277 6.573840e-01 4.268000e-03 3.383480e-01
278 6.566280e-01 4.228000e-03 3.391440e-01
279 6.559240e-01 4.200000e-03 3.398760e-01
280 6.552320e-01 4.108000e-03 3.406600e-01
281 6.545560e-01 4.028000e-03 3.414160e-01
282 6.539200e-01 3.920000e-03 3.421600e-01
283 6.532720e-01 3.896000e-03 3.428320e-01
284 6.526080e-01 3.924000e-03 3.434680e-01
285 6.518440e-01 4.008000e-03 3.441480e-01
286 6.512080e-01 3.976000e-03 3.448160e-01
287 6.506360e-01 3.888000e-03 3.454760e-01
288 6.500720e-01 3.824000e-03 3.461040e-01
289 6.495080e-01 3.704000e-03 3.467880e-01
290 6.489880e-01 3.568000e-03 3.474440e-01
291 6.483960e-01 3.548000e-03 3.480560e-01
292 6.478680e-01 3.492000e-03 3.486400e-01
293 6.473120e-01 3.400000e-03 3.492880e-01
294 6.467440e-01 3.344000e-03 3.499120e-01
295 6.461960e-01 3.348000e-03 3.504560e-01
296 6.455360e-01 3.396000e-03 3.510680e-01
297 6.450440e-01 3.300000e-03 3.516560e-01
298 6.445080e-01 3.280000e-03 3.522120e-01
299 6.439880e-01 3.196000e-03 3.528160e-01
300 6.434760e-01 3.116000e-03 3.534080e-01
301 6.429400e-01 3.088000e-03 3.539720e-01
302 6.424080e-01 3.068000e-03 3.545240e-01
303 6.419040e-01 2.972000e-03 3.551240e-01
304 6.414120e-01 2.900000e-03 3.556880e-01
305 6.408320e-01 2.880000e-03 3.562880e-01
306 6.403720e-01 2.816000e-03 3.568120e-01
307 6.398040e-01 2.936000e-03 3.572600e-01
308 6.392680e-01 3.008000e-03 3.577240e-01
309 6.388320e-01 2.964000e-03 3.582040e-01
310 6.383440e-01 2.972000e-03 3.586840e-01
311 6.377320e-01 3.112000e-03 3.591560e-01
312 6.371040e-01 3.236000e-03 3.596600e-01
313 6.363760e-01 3.348000e-03 3.602760e-01
314 6.356920e-01 3.468000e-03 3.608400e-01
315 6.349760e-01 3.624000e-03 3.614000e-01
316 6.342840e-01 3.660000e-03 3.620560e-01
317 6.337320e-01 3.580000e-03 3.626880e-01
318 6.331560e-01 3.524000e-03 3.633200e-01
319 6.325280e-01 3.512000e-03 3.639600e-01
320 6.319720e-01 3.452000e-03 3.645760e-01
321 6.314800e-01 3.292000e-03 3.652280e-01
322 6.307440e-01 3.460000e-03 3.657960e-01
323 6.301840e-01 3.432000e-03 3.663840e-01
324 6.296440e-01 3.364000e-03 3.669920e-01
325 6.291600e-01 3.240000e-03 3.676000e-01
326 6.286240e-01 3.120000e-03 3.682560e-01
327 6.281920e-01 3.088000e-03 3.687200e-01
328 6.276880e-01 3.008000e-03 3.693040e-01
329 6.272440e-01 2.916000e-03 3.698400e-01
330 6.268000e-01 2.816000e-03 3.703840e-01
331 6.263360e-01 2.788000e-03 3.708760e-01
332 6.259200e-01 2.688000e-03 3.713920e-01
333 6.254800e-01 2.652000e-03 3.718680e-01
334 6.250280e-01 2.636000e-03 3.723360e-01
335 6.245560e-01 2.668000e-03 3.727760e-01
336 6.241040e-01 2.588000e-03 3.733080e-01
337 6.236720e-01 2.592000e-03 3.737360e-01
338 6.232280e-01 2.568000e-03 3.742040e-01
339 6.228400e-01 2.572000e-03 3.745880e-01
340 6.224800e-01 2.504000e-03 3.750160e-01
341 6.221480e-01 2.424000e-03 3.754280e-01
342 6.217880e-01 2.380000e-03 3.758320e-01
343 6.214040e-01 2.320000e-03 3.762760e-01
344 6.210280e-01 2.280000e-03 3.766920e-01
345 6.206360e-01 2.284000e-03 3.770800e-01
346 6.202320e-01 2.320000e-03 3.774480e-01
347 6.198200e-01 2.292000e-03 3.778880e-01
348 6.193760e-01 2.312000e-03 3.783120e-01
349 6.189640e-01 2.384000e-03 3.786520e-01
350 6.185480e-01 2.316000e-03 3.791360e-01
351 6.181440e-01 2.360000e-03 3.794960e-01
352 6.177920e-01 2.288000e-03 3.799200e-01
353 6.173640e-01 2.280000e-03 3.803560e-01
354 6.169560e-01 2.288000e-03 3.807560e-01
355 6.165720e-01 2.228000e-03 3.812000e-01
356 6.161200e-01 2.324000e-03 3.815560e-01
357 6.156640e-01 2.460000e-03 3.818760e-01
358 6.153400e-01 2.380000e-03 3.822800e-01
359 6.149120e-01 2.448000e-03 3.826400e-01
360 6.144960e-01 2.352000e-03 3.831520e-01
361 6.141400e-01 2.284000e-03 3.835760e-01
362 6.137600e-01 2.272000e-03 3.839680e-01
363 6.133560e-01 2.252000e-03 3.843920e-01
364 6.130160e-01 2.144000e-03 3.848400e-01
365 6.126760e-01 2.132000e-03 3.851920e-01
366 6.121480e-01 2.288000e-03 3.855640e-01
367 6.118000e-01 2.240000e-03 3.859600e-01
368 6.114120e-01 2.240000e-03 3.863480e-01
369 6.110400e-01 2.228000e-03 3.867320e-01
370 6.107280e-01 2.244000e-03 3.870280e-01
371 6.104160e-01 2.148000e-03 3.874360e-01
372 6.100520e-01 2.064000e-03 3.878840e-01
373 6.097200e-01 2.000000e-03 3.882800e-01
374 6.092840e-01 2.056000e-03 3.886600e-01
375 6.089600e-01 1.980000e-03 3.890600e-01
376 6.087200e-01 1.896000e-03 3.893840e-01
377 6.083880e-01 1.940000e-03 3.896720e-01
378 6.080440e-01 1.976000e-03 3.899800e-01
379 6.077400e-01 1.880000e-03 3.903800e-01
380 6.073600e-01 1.924000e-03 3.907160e-01
381 6.069800e-01 2.000000e-03 3.910200e-01
382 6.066560e-01 1.976000e-03 3.913680e-01
383 6.063600e-01 1.932000e-03 3.917080e-01
384 6.060240e-01 1.912000e-03 3.920640e-01
385 6.057640e-01 1.828000e-03 3.924080e-01
386 6.054280e-01 1.836000e-03 3.927360e-01
387 6.050480e-01 1.876000e-03 3.930760e-01
388 6.047520e-01 1.832000e-03 3.934160e-01
389 6.044680e-01 1.816000e-03 3.937160e-01
390 6.041840e-01 1.788000e-03 3.940280e-01
391 6.038360e-01 1.828000e-03 3.943360e-01
392 6.034960e-01 1.880000e-03 3.946240e-01
393 6.031080e-01 1.936000e-03 3.949560e-01
394 6.028360e-01 1.896000e-03 3.952680e-01
395 6.025000e-01 1.864000e-03 3.956360e-01
396 6.020920e-01 1.916000e-03 3.959920e-01
397 6.017800e-01 1.920000e-03 3.963000e-01
398 6.013680e-01 1.976000e-03 3.966560e-01
399 6.010680e-01 1.924000e-03 3.970080e-01
400 6.006480e-01 1.996000e-03 3.973560e-01
401 6.002600e-01 2.028000e-03 3.977120e-01
402 5.999400e-01 2.020000e-03 3.980400e-01
403 5.996280e-01 1.992000e-03 3.983800e-01
404 5.993440e-01 1.868000e-03 3.987880e-01
405 5.990320e-01 1.916000e-03 3.990520e-01
406 5.987040e-01 1.872000e-03 3.994240e-01
407 5.984160e-01 1.840000e-03 3.997440e-01
408 5.980320e-01 1.924000e-03 4.000440e-01
409 5.976720e-01 1.952000e-03 4.003760e-01
410 5.973240e-01 1.936000e-03 4.007400e-01
411 5.969520e-01 1.988000e-03 4.010600e-01
412 5.966080e-01 1.984000e-03 4.014080e-01
413 5.962760e-01 1.940000e-03 4.017840e-01
414 5.959160e-01 1.888000e-03 4.021960e-01
415 5.955800e-01 1.892000e-03 4.025280e-01
416 5.952480e-01 1.908000e-03 4.028440e-01
417 5.948960e-01 1.896000e-03 4.032080e-01
418 5.946640e-01 1.868000e-03 4.034680e-01
419 5.944520e-01 1.712000e-03 4.038360e-01
420 5.942280e-01 1.632000e-03 4.041400e-01
421 5.939160e-01 1.656000e-03 4.044280e-01
422 5.936520e-01 1.656000e-03 4.046920e-01
423 5.933800e-01 1.660000e-03 4.049600e-01
424 5.929880e-01 1.820000e-03 4.051920e-01
425 5.925440e-01 1.944000e-03 4.055120e-01
426 5.922000e-01 1.868000e-03 4.059320e-01
427 5.918720e-01 1.888000e-03 4.062400e-01
428 5.914800e-01 1.980000e-03 4.065400e-01
429 5.911200e-01 2.016000e-03 4.068640e-01
430 5.908200e-01 1.912000e-03 4.072680e-01
431 5.905160e-01 1.892000e-03 4.075920e-01
432 5.902440e-01 1.856000e-03 4.079000e-01
433 5.900200e-01 1.792000e-03 4.081880e-01
434 5.897280e-01 1.836000e-03 4.084360e-01
435 5.894400e-01 1.832000e-03 4.087280e-01
436 5.892680e-01 1.680000e-03 4.090520e-01
437 5.889960e-01 1.632000e-03 4.093720e-01
438 5.886760e-01 1.652000e-03 4.096720e-01
439 5.883720e-01 1.620000e-03 4.100080e-01
440 5.881080e-01 1.548000e-03 4.103440e-01
441 5.878040e-01 1.608000e-03 4.105880e-01
442 5.876120e-01 1.556000e-03 4.108320e-01
443 5.873880e-01 1.556000e-03 4.110560e-01
444 5.871640e-01 1.540000e-03 4.112960e-01
445 5.869240e-01 1.536000e-03 4.115400e-01
446 5.867040e-01 1.476000e-03 4.118200e-01
447 5.864920e-01 1.432000e-03 4.120760e-01
448 5.861920e-01 1.472000e-03 4.123360e-01
449 5.859800e-01 1.456000e-03 4.125640e-01
450 5.858000e-01 1.384000e-03 4.128160e-01
451 5.855560e-01 1.372000e-03 4.130720e-01
452 5.853440e-01 1.332000e-03 4.133240e-01
453 5.851120e-01 1.348000e-03 4.135400e-01
454 5.848720e-01 1.392000e-03 4.137360e-01
455 5.846880e-01 1.304000e-03 4.140080e-01
456 5.844840e-01 1.288000e-03 4.142280e-01
457 5.842880e-01 1.320000e-03 4.143920e-01
458 5.840760e-01 1.296000e-03 4.146280e-01
459 5.838880e-01 1.216000e-03 4.148960e-01
460 5.837200e-01 1.212000e-03 4.150680e-01
461 5.835400e-01 1.244000e-03 4.152160e-01
462 5.833280e-01 1.240000e-03 4.154320e-01
463 5.831160e-01 1.260000e-03 4.156240e-01
464 5.830040e-01 1.172000e-03 4.158240e-01
465 5.828600e-01 1.112000e-03 4.160280e-01
466 5.826960e-01 1.060000e-03 4.162440e-01
467 5.825400e-01 1.004000e-03 4.164560e-01
468 5.823880e-01 9.920000e-04 4.166200e-01
469 5.822680e-01 9.160000e-04 4.168160e-01
470 5.821800e-01 8.400000e-04 4.169800e-01
471 5.820600e-01 8.320000e-04 4.171080e-01
472 5.819240e-01 8.280000e-04 4.172480e-01
473 5.818000e-01 8.320000e-04 4.173680e-01
474 5.816600e-01 7.960000e-04 4.175440e-01
475 5.815680e-01 7.800000e-04 4.176520e-01
476 5.814120e-01 8.080000e-04 4.177800e-01
477 5.813280e-01 7.520000e-04 4.179200e-01
478 5.812440e-01 6.920000e-04 4.180640e-01
479 5.811240e-01 6.640000e-04 4.182120e-01
480 5.810720e-01 6.040000e-04 4.183240e-01
481 5.810160e-01 5.680000e-04 4.184160e-01
482 5.809720e-01 5.280000e-04 4.185000e-01
483 5.809320e-01 4.640000e-04 4.186040e-01
484 5.808720e-01 4.480000e-04 4.186800e-01
485 5.808280e-01 3.920000e-04 4.187800e-01
486 5.807600e-01 4.160000e-04 4.188240e-01
487 5.807240e-01 3.920000e-04 4.188840e-01
488 5.806880e-01 3.600000e-04 4.189520e-01
489 5.806280e-01 3.600000e-04 4.190120e-01
490 5.805680e-01 3.480000e-04 4.190840e-01
491 5.805120e-01 3.480000e-04 4.191400e-01
492 5.804880e-01 3.240000e-04 4.191880e-01
493 5.804320e-01 3.000000e-04 4.192680e-01
494 5.803840e-01 2.840000e-04 4.193320e-01
495 5.803280e-01 2.800000e-04 4.193920e-01
496 5.803040e-01 2.760000e-04 4.194200e-01
497 5.802840e-01 2.360000e-04 4.194800e-01
498 5.802560e-01 2.360000e-04 4.195080e-01
499 5.802240e-01 2.120000e-04 4.195640e-01
500 5.802000e-01 1.960000e-04 4.196040e-01
