1 9.992280e-01 6.720000e-04 1.000000e-04
2 9.987080e-01 1.096000e-03 1.960000e-04
3 9.981120e-01 1.484000e-03 4.040000e-04
4 9.973480e-01 1.924000e-03 7.280000e-04
5 9.966120e-01 2.208000e-03 1.180000e-03
6 9.958640e-01 2.572000e-03 1.564000e-03
7 9.949920e-01 3.020000e-03 1.988000e-03
8 9.940440e-01 3.456000e-03 2.500000e-03
9 9.930640e-01 3.836000e-03 3.100000e-03
10 9.920160e-01 4.224000e-03 3.760000e-03
11 9.908760e-01 4.644000e-03 4.480000e-03
12 9.897400e-01 4.996000e-03 5.264000e-03
13 9.886160e-01 5.276000e-03 6.108000e-03
14 9.875360e-01 5.376000e-03 7.088000e-03
15 9.865440e-01 5.336000e-03 8.120000e-03
16 9.854240e-01 5.512000e-03 9.064000e-03
17 9.842560e-01 5.716000e-03 1.002800e-02
18 9.831240e-01 5.840000e-03 1.103600e-02
19 9.819520e-01 5.988000e-03 1.206000e-02
20 9.807720e-01 6.172000e-03 1.305600e-02
21 9.794760e-01 6.308000e-03 1.421600e-02
22 9.784360e-01 6.224000e-03 1.534000e-02
23 9.772440e-01 6.304000e-03 1.645200e-02
24 9.761080e-01 6.260000e-03 1.763200e-02
25 9.748600e-01 6.412000e-03 1.872800e-02
26 9.735920e-01 6.596000e-03 1.981200e-02
27 9.722880e-01 6.804000e-03 2.090800e-02
28 9.710720e-01 6.792000e-03 2.213600e-02
29 9.696640e-01 6.936000e-03 2.340000e-02
30 9.682720e-01 7.136000e-03 2.459200e-02
31 9.669880e-01 7.188000e-03 2.582400e-02
32 9.655800e-01 7.360000e-03 2.706000e-02
33 9.640640e-01 7.652000e-03 2.828400e-02
34 9.625040e-01 7.908000e-03 2.958800e-02
35 9.608880e-01 8.136000e-03 3.097600e-02
36 9.594480e-01 8.168000e-03 3.238400e-02
37 9.578880e-01 8.296000e-03 3.381600e-02
38 9.563160e-01 8.516000e-03 3.516800e-02
39 9.547360e-01 8.516000e-03 3.674800e-02
40 9.532240e-01 8.448000e-03 3.832800e-02
41 9.518840e-01 8.308000e-03 3.980800e-02
42 9.504720e-01 8.448000e-03 4.108000e-02
43 9.490360e-01 8.332000e-03 4.263200e-02
44 9.475280e-01 8.440000e-03 4.403200e-02
45 9.462440e-01 8.300000e-03 4.545600e-02
46 9.450280e-01 8.024000e-03 4.694800e-02
47 9.436800e-01 7.964000e-03 4.835600e-02
48 9.423440e-01 7.976000e-03 4.968000e-02
49 9.409320e-01 7.936000e-03 5.113200e-02
50 9.394760e-01 7.984000e-03 5.254000e-02
51 9.382160e-01 7.920000e-03 5.386400e-02
52 9.368760e-01 7.772000e-03 5.535200e-02
53 9.356200e-01 7.796000e-03 5.658400e-02
54 9.342600e-01 7.768000e-03 5.797200e-02
55 9.329520e-01 7.744000e-03 5.930400e-02
56 9.315720e-01 7.716000e-03 6.071200e-02
57 9.302720e-01 7.692000e-03 6.203600e-02
58 9.288200e-01 7.820000e-03 6.336000e-02
59 9.272680e-01 7.948000e-03 6.478400e-02
60 9.258080e-01 8.032000e-03 6.616000e-02
61 9.243840e-01 8.012000e-03 6.760400e-02
62 9.228560e-01 8.112000e-03 6.903200e-02
63 9.213640e-01 8.276000e-03 7.036000e-02
64 9.197000e-01 8.456000e-03 7.184400e-02
65 9.180840e-01 8.632000e-03 7.328400e-02
66 9.167440e-01 8.456000e-03 7.480000e-02
67 9.152480e-01 8.472000e-03 7.628000e-02
68 9.138600e-01 8.292000e-03 7.784800e-02
69 9.125280e-01 8.008000e-03 7.946400e-02
70 9.111200e-01 8.032000e-03 8.084800e-02
71 9.095760e-01 8.228000e-03 8.219600e-02
72 9.079920e-01 8.316000e-03 8.369200e-02
73 9.065040e-01 8.268000e-03 8.522800e-02
74 9.049360e-01 8.308000e-03 8.675600e-02
75 9.034240e-01 8.256000e-03 8.832000e-02
76 9.019800e-01 8.240000e-03 8.978000e-02
77 9.007280e-01 8.052000e-03 9.122000e-02
78 8.993560e-01 8.112000e-03 9.253200e-02
79 8.979400e-01 8.000000e-03 9.406000e-02
80 8.965800e-01 7.992000e-03 9.542800e-02
81 8.952360e-01 8.000000e-03 9.676400e-02
82 8.940360e-01 7.780000e-03 9.818400e-02
83 8.927960e-01 7.620000e-03 9.958400e-02
84 8.914280e-01 7.752000e-03 1.008200e-01
85 8.902400e-01 7.484000e-03 1.022760e-01
86 8.890520e-01 7.388000e-03 1.035600e-01
87 8.876720e-01 7.420000e-03 1.049080e-01
88 8.864720e-01 7.444000e-03 1.060840e-01
89 8.852040e-01 7.496000e-03 1.073000e-01
90 8.838680e-01 7.472000e-03 1.086600e-01
91 8.825120e-01 7.264000e-03 1.102240e-01
92 8.811800e-01 7.308000e-03 1.115120e-01
93 8.799120e-01 7.296000e-03 1.127920e-01
94 8.787360e-01 7.272000e-03 1.139920e-01
95 8.776040e-01 7.068000e-03 1.153280e-01
96 8.763520e-01 7.096000e-03 1.165520e-01
97 8.751360e-01 7.152000e-03 1.177120e-01
98 8.739360e-01 7.120000e-03 1.189440e-01
99 8.725840e-01 7.236000e-03 1.201800e-01
100 8.713160e-01 7.292000e-03 1.213920e-01
101 8.700600e-01 7.284000e-03 1.226560e-01
102 8.687680e-01 7.368000e-03 1.238640e-01
103 8.676840e-01 7.136000e-03 1.251800e-01
104 8.665120e-01 6.928000e-03 1.265600e-01
105 8.653960e-01 6.836000e-03 1.277680e-01
106 8.641400e-01 6.872000e-03 1.289880e-01
107 8.630560e-01 6.748000e-03 1.301960e-01
108 8.618880e-01 6.676000e-03 1.314360e-01
109 8.608160e-01 6.612000e-03 1.325720e-01
110 8.597320e-01 6.444000e-03 1.338240e-01
111 8.587960e-01 6.328000e-03 1.348760e-01
112 8.575600e-01 6.464000e-03 1.359760e-01
113 8.563920e-01 6.448000e-03 1.371600e-01
114 8.552040e-01 6.508000e-03 1.382880e-01
115 8.539600e-01 6.648000e-03 1.393920e-01
116 8.527240e-01 6.612000e-03 1.406640e-01
117 8.514240e-01 6.876000e-03 1.417000e-01
118 8.502360e-01 6.800000e-03 1.429640e-01
119 8.491560e-01 6.576000e-03 1.442680e-01
120 8.480040e-01 6.456000e-03 1.455400e-01
121 8.469200e-01 6.344000e-03 1.467360e-01
122 8.458320e-01 6.208000e-03 1.479600e-01
123 8.449800e-01 6.028000e-03 1.489920e-01
124 8.440120e-01 5.940000e-03 1.500480e-01
125 8.430360e-01 5.872000e-03 1.510920e-01
126 8.420680e-01 5.776000e-03 1.521560e-01
127 8.409920e-01 5.856000e-03 1.531520e-01
128 8.400720e-01 5.768000e-03 1.541600e-01
129 8.390840e-01 5.676000e-03 1.552400e-01
130 8.382360e-01 5.556000e-03 1.562080e-01
131 8.372440e-01 5.608000e-03 1.571480e-01
132 8.363520e-01 5.532000e-03 1.581160e-01
133 8.354840e-01 5.564000e-03 1.589520e-01
134 8.344680e-01 5.656000e-03 1.598760e-01
135 8.334960e-01 5.692000e-03 1.608120e-01
136 8.325080e-01 5.768000e-03 1.617240e-01
137 8.316160e-01 5.696000e-03 1.626880e-01
138 8.306560e-01 5.672000e-03 1.636720e-01
139 8.295760e-01 5.724000e-03 1.647000e-01
140 8.285880e-01 5.768000e-03 1.656440e-01
141 8.276920e-01 5.596000e-03 1.667120e-01
142 8.267240e-01 5.552000e-03 1.677240e-01
143 8.257840e-01 5.496000e-03 1.687200e-01
144 8.248440e-01 5.520000e-03 1.696360e-01
145 8.240320e-01 5.288000e-03 1.706800e-01
146 8.231640e-01 5.212000e-03 1.716240e-01
147 8.223200e-01 5.180000e-03 1.725000e-01
148 8.214080e-01 5.204000e-03 1.733880e-01
149 8.206000e-01 5.132000e-03 1.742680e-01
150 8.197240e-01 5.132000e-03 1.751440e-01
151 8.187480e-01 5.212000e-03 1.760400e-01
152 8.177600e-01 5.324000e-03 1.769160e-01
153 8.168440e-01 5.288000e-03 1.778680e-01
154 8.159640e-01 5.164000e-03 1.788720e-01
155 8.151800e-01 5.116000e-03 1.797040e-01
156 8.143520e-01 5.084000e-03 1.805640e-01
157 8.134760e-01 4.972000e-03 1.815520e-01
158 8.125920e-01 5.008000e-03 1.824000e-01
159 8.118000e-01 4.888000e-03 1.833120e-01
160 8.109440e-01 4.980000e-03 1.840760e-01
161 8.100680e-01 4.840000e-03 1.850920e-01
162 8.092560e-01 4.864000e-03 1.858800e-01
163 8.083520e-01 4.884000e-03 1.867640e-01
164 8.075160e-01 4.928000e-03 1.875560e-01
165 8.066720e-01 4.820000e-03 1.885080e-01
166 8.058600e-01 4.836000e-03 1.893040e-01
167 8.051200e-01 4.800000e-03 1.900800e-01
168 8.042400e-01 4.748000e-03 1.910120e-01
169 8.035080e-01 4.680000e-03 1.918120e-01
170 8.027520e-01 4.644000e-03 1.926040e-01
171 8.020720e-01 4.496000e-03 1.934320e-01
172 8.012520e-01 4.528000e-03 1.942200e-01
173 8.004920e-01 4.544000e-03 1.949640e-01
174 7.996640e-01 4.568000e-03 1.957680e-01
175 7.989000e-01 4.564000e-03 1.965360e-01
176 7.980520e-01 4.524000e-03 1.974240e-01
177 7.973160e-01 4.536000e-03 1.981480e-01
178 7.965520e-01 4.560000e-03 1.988880e-01
179 7.957760e-01 4.540000e-03 1.996840e-01
180 7.950520e-01 4.596000e-03 2.003520e-01
181 7.943080e-01 4.608000e-03 2.010840e-01
182 7.935120e-01 4.624000e-03 2.018640e-01
183 7.928160e-01 4.532000e-03 2.026520e-01
184 7.921200e-01 4.396000e-03 2.034840e-01
185 7.914040e-01 4.452000e-03 2.041440e-01
186 7.907000e-01 4.360000e-03 2.049400e-01
187 7.900080e-01 4.320000e-03 2.056720e-01
188 7.891840e-01 4.396000e-03 2.064200e-01
189 7.885120e-01 4.344000e-03 2.071440e-01
190 7.878280e-01 4.232000e-03 2.079400e-01
191 7.872320e-01 4.112000e-03 2.086560e-01
192 7.864640e-01 4.228000e-03 2.093080e-01
193 7.856720e-01 4.236000e-03 2.100920e-01
194 7.849360e-01 4.200000e-03 2.108640e-01
195 7.842080e-01 4.104000e-03 2.116880e-01
196 7.835800e-01 4.044000e-03 2.123760e-01
197 7.829400e-01 3.952000e-03 2.131080e-01
198 7.823920e-01 3.836000e-03 2.137720e-01
199 7.817160e-01 3.844000e-03 2.144400e-01
200 7.811960e-01 3.656000e-03 2.151480e-01
201 7.806280e-01 3.544000e-03 2.158280e-01
202 7.799760e-01 3.528000e-03 2.164960e-01
203 7.793360e-01 3.584000e-03 2.170800e-01
204 7.787320e-01 3.420000e-03 2.178480e-01
205 7.781800e-01 3.428000e-03 2.183920e-01
206 7.776200e-01 3.388000e-03 2.189920e-01
207 7.770480e-01 3.280000e-03 2.196720e-01
208 7.764120e-01 3.244000e-03 2.203440e-01
209 7.758640e-01 3.240000e-03 2.208960e-01
210 7.752880e-01 3.256000e-03 2.214560e-01
211 7.746360e-01 3.376000e-03 2.219880e-01
212 7.740920e-01 3.256000e-03 2.226520e-01
213 7.735240e-01 3.280000e-03 2.231960e-01
214 7.729080e-01 3.252000e-03 2.238400e-01
215 7.722360e-01 3.356000e-03 2.244080e-01
216 7.716320e-01 3.384000e-03 2.249840e-01
217 7.710960e-01 3.380000e-03 2.255240e-01
218 7.704760e-01 3.412000e-03 2.261120e-01
219 7.699040e-01 3.352000e-03 2.267440e-01
220 7.692960e-01 3.428000e-03 2.272760e-01
221 7.687080e-01 3.384000e-03 2.279080e-01
222 7.681720e-01 3.360000e-03 2.284680e-01
223 7.675560e-01 3.432000e-03 2.290120e-01
224 7.670000e-01 3.336000e-03 2.296640e-01
225 7.665320e-01 3.184000e-03 2.302840e-01
226 7.661200e-01 3.076000e-03 2.308040e-01
227 7.655440e-01 3.112000e-03 2.313440e-01
228 7.650480e-01 3.028000e-03 2.319240e-01
229 7.645120e-01 2.996000e-03 2.324920e-01
230 7.639760e-01 3.072000e-03 2.329520e-01
231 7.634520e-01 3.072000e-03 2.334760e-01
232 7.629320e-01 2.964000e-03 2.341040e-01
233 7.623480e-01 2.976000e-03 2.346760e-01
234 7.618320e-01 2.952000e-03 2.352160e-01
235 7.612560e-01 2.988000e-03 2.357560e-01
236 7.607280e-01 2.964000e-03 2.363080e-01
237 7.602880e-01 2.852000e-03 2.368600e-01
238 7.597040e-01 2.912000e-03 2.373840e-01
239 7.592280e-01 2.884000e-03 2.378880e-01
240 7.587240e-01 2.844000e-03 2.384320e-01
241 7.582040e-01 2.852000e-03 2.389440e-01
242 7.577240e-01 2.824000e-03 2.394520e-01
243 7.571760e-01 2.948000e-03 2.398760e-01
244 7.567880e-01 2.780000e-03 2.404320e-01
245 7.563800e-01 2.648000e-03 2.409720e-01
246 7.559880e-01 2.604000e-03 2.414080e-01
247 7.555680e-01 2.604000e-03 2.418280e-01
248 7.551080e-01 2.616000e-03 2.422760e-01
249 7.546120e-01 2.648000e-03 2.427400e-01
250 7.540200e-01 2.788000e-03 2.431920e-01
251 7.534920e-01 2.824000e-03 2.436840e-01
252 7.529560e-01 2.892000e-03 2.441520e-01
253 7.524960e-01 2.900000e-03 2.446040e-01
254 7.519880e-01 2.872000e-03 2.451400e-01
255 7.514720e-01 2.844000e-03 2.456840e-01
256 7.510200e-01 2.824000e-03 2.461560e-01
257 7.505800e-01 2.788000e-03 2.466320e-01
258 7.500640e-01 2.764000e-03 2.471720e-01
259 7.495480e-01 2.828000e-03 2.476240e-01
260 7.491440e-01 2.780000e-03 2.480760e-01
261 7.486560e-01 2.880000e-03 2.484640e-01
262 7.481240e-01 2.884000e-03 2.489920e-01
263 7.476600e-01 2.776000e-03 2.495640e-01
264 7.472840e-01 2.696000e-03 2.500200e-01
265 7.468520e-01 2.644000e-03 2.505040e-01
266 7.463720e-01 2.688000e-03 2.509400e-01
267 7.460000e-01 2.644000e-03 2.513560e-01
268 7.456120e-01 2.564000e-03 2.518240e-01
269 7.451760e-01 2.600000e-03 2.522240e-01
270 7.447360e-01 2.576000e-03 2.526880e-01
271 7.442240e-01 2.632000e-03 2.531440e-01
272 7.437440e-01 2.588000e-03 2.536680e-01
273 7.433560e-01 2.484000e-03 2.541600e-01
274 7.428640e-01 2.540000e-03 2.545960e-01
275 7.424040e-01 2.528000e-03 2.550680e-01
276 7.419520e-01 2.600000e-03 2.554480e-01
277 7.415000e-01 2.576000e-03 2.559240e-01
278 7.410640e-01 2.572000e-03 2.563640e-01
279 7.406880e-01 2.496000e-03 2.568160e-01
280 7.402800e-01 2.444000e-03 2.572760e-01
281 7.398680e-01 2.380000e-03 2.577520e-01
282 7.394520e-01 2.388000e-03 2.581600e-01
283 7.390160e-01 2.408000e-03 2.585760e-01
284 7.386440e-01 2.376000e-03 2.589800e-01
285 7.382280e-01 2.388000e-03 2.593840e-01
286 7.378120e-01 2.440000e-03 2.597480e-01
287 7.374680e-01 2.348000e-03 2.601840e-01
288 7.370280e-01 2.388000e-03 2.605840e-01
289 7.366000e-01 2.436000e-03 2.609640e-01
290 7.361960e-01 2.412000e-03 2.613920e-01
291 7.356960e-01 2.476000e-03 2.618280e-01
292 7.352480e-01 2.444000e-03 2.623080e-01
293 7.348640e-01 2.444000e-03 2.626920e-01
294 7.344240e-01 2.448000e-03 2.631280e-01
295 7.340040e-01 2.440000e-03 2.635560e-01
296 7.335520e-01 2.480000e-03 2.639680e-01
297 7.330560e-01 2.548000e-03 2.643960e-01
298 7.325840e-01 2.612000e-03 2.648040e-01
299 7.320320e-01 2.744000e-03 2.652240e-01
300 7.315280e-01 2.724000e-03 2.657480e-01
301 7.309600e-01 2.864000e-03 2.661760e-01
302 7.305200e-01 2.832000e-03 2.666480e-01
303 7.301000e-01 2.756000e-03 2.671440e-01
304 7.296440e-01 2.776000e-03 2.675800e-01
305 7.292320e-01 2.768000e-03 2.680000e-01
306 7.288360e-01 2.672000e-03 2.684920e-01
307 7.284680e-01 2.536000e-03 2.689960e-01
308 7.279960e-01 2.564000e-03 2.694400e-01
309 7.275400e-01 2.508000e-03 2.699520e-01
310 7.271160e-01 2.428000e-03 2.704560e-01
311 7.266760e-01 2.508000e-03 2.708160e-01
312 7.262160e-01 2.544000e-03 2.712400e-01
313 7.257920e-01 2.496000e-03 2.717120e-01
314 7.254120e-01 2.476000e-03 2.721120e-01
315 7.250280e-01 2.420000e-03 2.725520e-01
316 7.247680e-01 2.248000e-03 2.729840e-01
317 7.244640e-01 2.188000e-03 2.733480e-01
318 7.241360e-01 2.104000e-03 2.737600e-01
319 7.238160e-01 2.072000e-03 2.741120e-01
320 7.234560e-01 2.040000e-03 2.745040e-01
321 7.231640e-01 1.924000e-03 2.749120e-01
322 7.228520e-01 1.904000e-03 2.752440e-01
323 7.225480e-01 1.916000e-03 2.755360e-01
324 7.221840e-01 1.976000e-03 2.758400e-01
325 7.218280e-01 2.048000e-03 2.761240e-01
326 7.214920e-01 2.024000e-03 2.764840e-01
327 7.212160e-01 1.912000e-03 2.768720e-01
328 7.208480e-01 1.980000e-03 2.771720e-01
329 7.204920e-01 2.028000e-03 2.774800e-01
330 7.202120e-01 1.940000e-03 2.778480e-01
331 7.198880e-01 1.904000e-03 2.782080e-01
332 7.196160e-01 1.836000e-03 2.785480e-01
333 7.193280e-01 1.832000e-03 2.788400e-01
334 7.189680e-01 1.780000e-03 2.792520e-01
335 7.186560e-01 1.796000e-03 2.795480e-01
336 7.183360e-01 1.772000e-03 2.798920e-01
337 7.179960e-01 1.812000e-03 2.801920e-01
338 7.176520e-01 1.864000e-03 2.804840e-01
339 7.173600e-01 1.832000e-03 2.808080e-01
340 7.170840e-01 1.772000e-03 2.811440e-01
341 7.167360e-01 1.836000e-03 2.814280e-01
342 7.164600e-01 1.756000e-03 2.817840e-01
343 7.161960e-01 1.676000e-03 2.821280e-01
344 7.159520e-01 1.676000e-03 2.823720e-01
345 7.156440e-01 1.664000e-03 2.826920e-01
346 7.154000e-01 1.608000e-03 2.829920e-01
347 7.151800e-01 1.556000e-03 2.832640e-01
348 7.149120e-01 1.516000e-03 2.835720e-01
349 7.146440e-01 1.536000e-03 2.838200e-01
350 7.144200e-01 1.536000e-03 2.840440e-01
351 7.141400e-01 1.540000e-03 2.843200e-01
352 7.139400e-01 1.500000e-03 2.845600e-01
353 7.136640e-01 1.548000e-03 2.847880e-01
354 7.133720e-01 1.540000e-03 2.850880e-01
355 7.130640e-01 1.548000e-03 2.853880e-01
356 7.128080e-01 1.512000e-03 2.856800e-01
357 7.125280e-01 1.508000e-03 2.859640e-01
358 7.122600e-01 1.480000e-03 2.862600e-01
359 7.120560e-01 1.412000e-03 2.865320e-01
360 7.118600e-01 1.408000e-03 2.867320e-01
361 7.116320e-01 1.424000e-03 2.869440e-01
362 7.114200e-01 1.404000e-03 2.871760e-01
363 7.111440e-01 1.460000e-03 2.873960e-01
364 7.108880e-01 1.496000e-03 2.876160e-01
365 7.106160e-01 1.496000e-03 2.878880e-01
366 7.103920e-01 1.468000e-03 2.881400e-01
367 7.101280e-01 1.500000e-03 2.883720e-01
368 7.098640e-01 1.508000e-03 2.886280e-01
369 7.095520e-01 1.560000e-03 2.888880e-01
370 7.093520e-01 1.532000e-03 2.891160e-01
371 7.090800e-01 1.488000e-03 2.894320e-01
372 7.089000e-01 1.392000e-03 2.897080e-01
373 7.087000e-01 1.340000e-03 2.899600e-01
374 7.085480e-01 1.284000e-03 2.901680e-01
375 7.082920e-01 1.312000e-03 2.903960e-01
376 7.080600e-01 1.312000e-03 2.906280e-01
377 7.078280e-01 1.296000e-03 2.908760e-01
378 7.076320e-01 1.296000e-03 2.910720e-01
379 7.073800e-01 1.364000e-03 2.912560e-01
380 7.071160e-01 1.396000e-03 2.914880e-01
381 7.069240e-01 1.372000e-03 2.917040e-01
382 7.067240e-01 1.400000e-03 2.918760e-01
383 7.065600e-01 1.304000e-03 2.921360e-01
384 7.063360e-01 1.328000e-03 2.923360e-01
385 7.060840e-01 1.340000e-03 2.925760e-01
386 7.058840e-01 1.280000e-03 2.928360e-01
387 7.056680e-01 1.272000e-03 2.930600e-01
388 7.053840e-01 1.336000e-03 2.932800e-01
389 7.051680e-01 1.280000e-03 2.935520e-01
390 7.049800e-01 1.244000e-03 2.937760e-01
391 7.047800e-01 1.200000e-03 2.940200e-01
392 7.046000e-01 1.160000e-03 2.942400e-01
393 7.044040e-01 1.124000e-03 2.944720e-01
394 7.042440e-01 1.092000e-03 2.946640e-01
395 7.040680e-01 1.072000e-03 2.948600e-01
396 7.039160e-01 1.016000e-03 2.950680e-01
397 7.037280e-01 1.016000e-03 2.952560e-01
398 7.035480e-01 1.072000e-03 2.953800e-01
399 7.033640e-01 1.100000e-03 2.955360e-01
400 7.031880e-01 1.072000e-03 2.957400e-01
401 7.029520e-01 1.136000e-03 2.959120e-01
402 7.027480e-01 1.108000e-03 2.961440e-01
403 7.025240e-01 1.152000e-03 2.963240e-01
404 7.023840e-01 1.060000e-03 2.965560e-01
405 7.021720e-01 1.084000e-03 2.967440e-01
406 7.019840e-01 1.100000e-03 2.969160e-01
407 7.017440e-01 1.160000e-03 2.970960e-01
408 7.015560e-01 1.116000e-03 2.973280e-01
409 7.013680e-01 1.048000e-03 2.975840e-01
410 7.011920e-01 1.044000e-03 2.977640e-01
411 7.010240e-01 1.052000e-03 2.979240e-01
412 7.008240e-01 1.076000e-03 2.981000e-01
413 7.005600e-01 1.176000e-03 2.982640e-01
414 7.003680e-01 1.132000e-03 2.985000e-01
415 7.001560e-01 1.144000e-03 2.987000e-01
416 6.999560e-01 1.136000e-03 2.989080e-01
417 6.997080e-01 1.204000e-03 2.990880e-01
418 6.994800e-01 1.220000e-03 2.993000e-01
419 6.992520e-01 1.220000e-03 2.995280e-01
420 6.990480e-01 1.232000e-03 2.997200e-01
421 6.988000e-01 1.264000e-03 2.999360e-01
422 6.985320e-01 1.308000e-03 3.001600e-01
423 6.983560e-01 1.228000e-03 3.004160e-01
424 6.981840e-01 1.188000e-03 3.006280e-01
425 6.980160e-01 1.192000e-03 3.007920e-01
426 6.978560e-01 1.132000e-03 3.010120e-01
427 6.976680e-01 1.088000e-03 3.012440e-01
428 6.974960e-01 1.076000e-03 3.014280e-01
429 6.973080e-01 1.072000e-03 3.016200e-01
430 6.970440e-01 1.164000e-03 3.017920e-01
431 6.968560e-01 1.160000e-03 3.019840e-01
432 6.966320e-01 1.260000e-03 3.021080e-01
433 6.964080e-01 1.208000e-03 3.023840e-01
434 6.962160e-01 1.200000e-03 3.025840e-01
435 6.960000e-01 1.216000e-03 3.027840e-01
436 6.957560e-01 1.232000e-03 3.030120e-01
437 6.955480e-01 1.236000e-03 3.032160e-01
438 6.953680e-01 1.196000e-03 3.034360e-01
439 6.951680e-01 1.220000e-03 3.036120e-01
440 6.949880e-01 1.176000e-03 3.038360e-01
441 6.948200e-01 1.152000e-03 3.040280e-01
442 6.946600e-01 1.144000e-03 3.041960e-01
443 6.944600e-01 1.100000e-03 3.044400e-01
444 6.942720e-01 1.132000e-03 3.045960e-01
445 6.941240e-01 1.132000e-03 3.047440e-01
446 6.940040e-01 1.036000e-03 3.049600e-01
447 6.938480e-01 9.840000e-04 3.051680e-01
448 6.936720e-01 9.880000e-04 3.053400e-01
449 6.935000e-01 1.008000e-03 3.054920e-01
450 6.933360e-01 1.032000e-03 3.056320e-01
451 6.931600e-01 1.020000e-03 3.058200e-01
452 6.930600e-01 9.400000e-04 3.060000e-01
453 6.929760e-01 8.560000e-04 3.061680e-01
454 6.928560e-01 8.040000e-04 3.063400e-01
455 6.927120e-01 7.960000e-04 3.064920e-01
456 6.926200e-01 7.360000e-04 3.066440e-01
457 6.925080e-01 7.560000e-04 3.067360e-01
458 6.923840e-01 7.720000e-04 3.068440e-01
459 6.922760e-01 7.480000e-04 3.069760e-01
460 6.921400e-01 7.280000e-04 3.071320e-01
461 6.920200e-01 7.280000e-04 3.072520e-01
462 6.918720e-01 7.720000e-04 3.073560e-01
463 6.917480e-01 7.600000e-04 3.074920e-01
464 6.916560e-01 7.040000e-04 3.076400e-01
465 6.915520e-01 6.920000e-04 3.077560e-01
466 6.914160e-01 7.280000e-04 3.078560e-01
467 6.912960e-01 7.120000e-04 3.079920e-01
468 6.911880e-01 7.160000e-04 3.080960e-01
469 6.910520e-01 7.040000e-04 3.082440e-01
470 6.909800e-01 6.720000e-04 3.083480e-01
471 6.909000e-01 6.160000e-04 3.084840e-01
472 6.908080e-01 6.040000e-04 3.085880e-01
473 6.907200e-01 5.880000e-04 3.086920e-01
474 6.906280e-01 5.920000e-04 3.087800e-01
475 6.905360e-01 5.520000e-04 3.089120e-01
476 6.904040e-01 5.960000e-04 3.090000e-01
477 6.902920e-01 5.920000e-04 3.091160e-01
478 6.902160e-01 5.600000e-04 3.092240e-01
479 6.900720e-01 6.440000e-04 3.092840e-01
480 6.899560e-01 6.560000e-04 3.093880e-01
481 6.898400e-01 6.640000e-04 3.094960e-01
482 6.897400e-01 6.400000e-04 3.096200e-01
483 6.896600e-01 5.840000e-04 3.097560e-01
484 6.895200e-01 6.000000e-04 3.098800e-01
485 6.894400e-01 5.760000e-04 3.099840e-01
486 6.893200e-01 5.560000e-04 3.101240e-01
487 6.891960e-01 5.760000e-04 3.102280e-01
488 6.890840e-01 6.080000e-04 3.103080e-01
489 6.889840e-01 6.120000e-04 3.104040e-01
490 6.888760e-01 5.880000e-04 3.105360e-01
491 6.888040e-01 5.760000e-04 3.106200e-01
492 6.887120e-01 5.880000e-04 3.107000e-01
493 6.886440e-01 6.000000e-04 3.107560e-01
494 6.885320e-01 6.280000e-04 3.108400e-01
495 6.884200e-01 6.240000e-04 3.109560e-01
496 6.882040e-01 7.360000e-04 3.110600e-01
497 6.880640e-01 7.520000e-04 3.111840e-01
498 6.878560e-01 8.400000e-04 3.113040e-01
499 6.877120e-01 8.720000e-04 3.114160e-01
500 6.875600e-01 8.960000e-04 3.115440e-01
