1 9.991760e-01 7.360000e-04 8.800000e-05
2 9.986640e-01 1.088000e-03 2.480000e-04
3 9.980360e-01 1.424000e-03 5.400000e-04
4 9.974080e-01 1.756000e-03 8.360000e-04
5 9.965640e-01 2.276000e-03 1.160000e-03
6 9.956440e-01 2.756000e-03 1.600000e-03
7 9.947920e-01 3.120000e-03 2.088000e-03
8 9.938080e-01 3.464000e-03 2.728000e-03
9 9.928200e-01 3.792000e-03 3.388000e-03
10 9.918920e-01 4.064000e-03 4.044000e-03
11 9.909200e-01 4.320000e-03 4.760000e-03
12 9.899560e-01 4.444000e-03 5.600000e-03
13 9.889720e-01 4.584000e-03 6.444000e-03
14 9.880160e-01 4.724000e-03 7.260000e-03
15 9.869560e-01 4.880000e-03 8.164000e-03
16 9.858480e-01 5.080000e-03 9.072000e-03
17 9.847400e-01 5.256000e-03 1.000400e-02
18 9.835520e-01 5.476000e-03 1.097200e-02
19 9.824400e-01 5.672000e-03 1.188800e-02
20 9.812040e-01 5.932000e-03 1.286400e-02
21 9.799720e-01 6.080000e-03 1.394800e-02
22 9.787880e-01 6.168000e-03 1.504400e-02
23 9.775880e-01 6.356000e-03 1.605600e-02
24 9.763200e-01 6.356000e-03 1.732400e-02
25 9.751040e-01 6.496000e-03 1.840000e-02
26 9.737520e-01 6.680000e-03 1.956800e-02
27 9.725120e-01 6.720000e-03 2.076800e-02
28 9.712640e-01 6.796000e-03 2.194000e-02
29 9.700240e-01 6.820000e-03 2.315600e-02
30 9.688040e-01 6.872000e-03 2.432400e-02
31 9.675000e-01 6.996000e-03 2.550400e-02
32 9.662200e-01 7.012000e-03 2.676800e-02
33 9.649320e-01 7.020000e-03 2.804800e-02
34 9.635800e-01 7.164000e-03 2.925600e-02
35 9.623520e-01 7.104000e-03 3.054400e-02
36 9.610920e-01 7.032000e-03 3.187600e-02
37 9.598400e-01 7.180000e-03 3.298000e-02
38 9.586080e-01 7.048000e-03 3.434400e-02
39 9.573880e-01 7.052000e-03 3.556000e-02
40 9.560600e-01 7.148000e-03 3.679200e-02
41 9.548400e-01 7.088000e-03 3.807200e-02
42 9.535080e-01 7.064000e-03 3.942800e-02
43 9.521920e-01 7.108000e-03 4.070000e-02
44 9.508760e-01 7.192000e-03 4.193200e-02
45 9.493640e-01 7.388000e-03 4.324800e-02
46 9.479680e-01 7.372000e-03 4.466000e-02
47 9.466520e-01 7.372000e-03 4.597600e-02
48 9.452560e-01 7.576000e-03 4.716800e-02
49 9.439560e-01 7.568000e-03 4.847600e-02
50 9.424680e-01 7.748000e-03 4.978400e-02
51 9.409720e-01 7.888000e-03 5.114000e-02
52 9.395960e-01 7.860000e-03 5.254400e-02
53 9.381400e-01 7.908000e-03 5.395200e-02
54 9.368000e-01 7.820000e-03 5.538000e-02
55 9.353440e-01 7.888000e-03 5.676800e-02
56 9.338520e-01 7.992000e-03 5.815600e-02
57 9.324760e-01 7.860000e-03 5.966400e-02
58 9.309720e-01 8.104000e-03 6.092400e-02
59 9.293600e-01 8.240000e-03 6.240000e-02
60 9.277320e-01 8.384000e-03 6.388400e-02
61 9.262960e-01 8.356000e-03 6.534800e-02
62 9.247200e-01 8.468000e-03 6.681200e-02
63 9.232640e-01 8.464000e-03 6.827200e-02
64 9.216720e-01 8.532000e-03 6.979600e-02
65 9.200680e-01 8.644000e-03 7.128800e-02
66 9.184560e-01 8.688000e-03 7.285600e-02
67 9.167760e-01 8.680000e-03 7.454400e-02
68 9.149480e-01 9.040000e-03 7.601200e-02
69 9.132200e-01 9.260000e-03 7.752000e-02
70 9.113680e-01 9.624000e-03 7.900800e-02
71 9.096600e-01 9.776000e-03 8.056400e-02
72 9.079880e-01 9.720000e-03 8.229200e-02
73 9.062160e-01 9.776000e-03 8.400800e-02
74 9.044880e-01 9.824000e-03 8.568800e-02
75 9.028040e-01 9.856000e-03 8.734000e-02
76 9.011280e-01 9.788000e-03 8.908400e-02
77 8.995280e-01 9.620000e-03 9.085200e-02
78 8.978440e-01 9.604000e-03 9.255200e-02
79 8.961480e-01 9.720000e-03 9.413200e-02
80 8.945200e-01 9.608000e-03 9.587200e-02
81 8.929960e-01 9.348000e-03 9.765600e-02
82 8.914640e-01 9.192000e-03 9.934400e-02
83 8.897600e-01 9.328000e-03 1.009120e-01
84 8.880440e-01 9.480000e-03 1.024760e-01
85 8.864640e-01 9.416000e-03 1.041200e-01
86 8.848560e-01 9.284000e-03 1.058600e-01
87 8.832520e-01 9.412000e-03 1.073360e-01
88 8.817200e-01 9.204000e-03 1.090760e-01
89 8.801600e-01 9.152000e-03 1.106880e-01
90 8.785320e-01 9.036000e-03 1.124320e-01
91 8.767680e-01 9.272000e-03 1.139600e-01
92 8.750840e-01 9.212000e-03 1.157040e-01
93 8.732280e-01 9.416000e-03 1.173560e-01
94 8.714200e-01 9.532000e-03 1.190480e-01
95 8.697880e-01 9.432000e-03 1.207800e-01
96 8.679840e-01 9.616000e-03 1.224000e-01
97 8.663280e-01 9.452000e-03 1.242200e-01
98 8.645880e-01 9.476000e-03 1.259360e-01
99 8.630920e-01 9.396000e-03 1.275120e-01
100 8.615560e-01 9.260000e-03 1.291840e-01
101 8.600640e-01 9.108000e-03 1.308280e-01
102 8.585680e-01 8.964000e-03 1.324680e-01
103 8.570440e-01 8.984000e-03 1.339720e-01
104 8.555760e-01 8.860000e-03 1.355640e-01
105 8.539320e-01 8.980000e-03 1.370880e-01
106 8.522760e-01 9.116000e-03 1.386080e-01
107 8.506560e-01 9.068000e-03 1.402760e-01
108 8.490600e-01 9.016000e-03 1.419240e-01
109 8.475720e-01 8.848000e-03 1.435800e-01
110 8.460880e-01 8.760000e-03 1.451520e-01
111 8.446120e-01 8.692000e-03 1.466960e-01
112 8.431120e-01 8.664000e-03 1.482240e-01
113 8.415680e-01 8.640000e-03 1.497920e-01
114 8.399600e-01 8.644000e-03 1.513960e-01
115 8.383240e-01 8.768000e-03 1.529080e-01
116 8.366880e-01 8.900000e-03 1.544120e-01
117 8.351240e-01 9.012000e-03 1.558640e-01
118 8.335160e-01 9.076000e-03 1.574080e-01
119 8.318960e-01 9.080000e-03 1.590240e-01
120 8.301960e-01 9.264000e-03 1.605400e-01
121 8.285840e-01 9.188000e-03 1.622280e-01
122 8.270080e-01 9.100000e-03 1.638920e-01
123 8.254000e-01 9.128000e-03 1.654720e-01
124 8.239600e-01 8.924000e-03 1.671160e-01
125 8.222520e-01 9.128000e-03 1.686200e-01
126 8.208240e-01 8.908000e-03 1.702680e-01
127 8.192680e-01 8.960000e-03 1.717720e-01
128 8.178200e-01 8.828000e-03 1.733520e-01
129 8.165320e-01 8.480000e-03 1.749880e-01
130 8.149360e-01 8.576000e-03 1.764880e-01
131 8.135200e-01 8.484000e-03 1.779960e-01
132 8.120840e-01 8.296000e-03 1.796200e-01
133 8.105440e-01 8.404000e-03 1.810520e-01
134 8.092120e-01 8.348000e-03 1.824400e-01
135 8.078200e-01 8.304000e-03 1.838760e-01
136 8.063440e-01 8.304000e-03 1.853520e-01
137 8.050200e-01 8.220000e-03 1.867600e-01
138 8.035320e-01 8.328000e-03 1.881400e-01
139 8.020840e-01 8.376000e-03 1.895400e-01
140 8.004320e-01 8.544000e-03 1.910240e-01
141 7.988240e-01 8.524000e-03 1.926520e-01
142 7.973240e-01 8.496000e-03 1.941800e-01
143 7.957360e-01 8.404000e-03 1.958600e-01
144 7.941960e-01 8.488000e-03 1.973160e-01
145 7.927560e-01 8.388000e-03 1.988560e-01
146 7.913040e-01 8.340000e-03 2.003560e-01
147 7.898240e-01 8.388000e-03 2.017880e-01
148 7.885880e-01 8.232000e-03 2.031800e-01
149 7.871760e-01 8.188000e-03 2.046360e-01
150 7.859000e-01 8.148000e-03 2.059520e-01
151 7.846760e-01 7.892000e-03 2.074320e-01
152 7.835560e-01 7.620000e-03 2.088240e-01
153 7.825280e-01 7.260000e-03 2.102120e-01
154 7.813560e-01 7.244000e-03 2.114000e-01
155 7.802400e-01 7.100000e-03 2.126600e-01
156 7.789880e-01 7.028000e-03 2.139840e-01
157 7.777680e-01 6.952000e-03 2.152800e-01
158 7.766160e-01 6.928000e-03 2.164560e-01
159 7.755160e-01 6.832000e-03 2.176520e-01
160 7.743880e-01 6.784000e-03 2.188280e-01
161 7.731880e-01 6.736000e-03 2.200760e-01
162 7.719880e-01 6.680000e-03 2.213320e-01
163 7.708680e-01 6.596000e-03 2.225360e-01
164 7.697880e-01 6.628000e-03 2.235840e-01
165 7.686840e-01 6.460000e-03 2.248560e-01
166 7.673640e-01 6.672000e-03 2.259640e-01
167 7.662680e-01 6.636000e-03 2.270960e-01
168 7.651480e-01 6.588000e-03 2.282640e-01
169 7.640040e-01 6.644000e-03 2.293520e-01
170 7.629000e-01 6.596000e-03 2.305040e-01
171 7.617680e-01 6.616000e-03 2.316160e-01
172 7.606960e-01 6.596000e-03 2.327080e-01
173 7.597840e-01 6.412000e-03 2.338040e-01
174 7.587320e-01 6.456000e-03 2.348120e-01
175 7.576680e-01 6.420000e-03 2.359120e-01
176 7.565800e-01 6.320000e-03 2.371000e-01
177 7.556600e-01 6.144000e-03 2.381960e-01
178 7.544840e-01 6.240000e-03 2.392760e-01
179 7.534120e-01 6.316000e-03 2.402720e-01
180 7.522960e-01 6.324000e-03 2.413800e-01
181 7.510840e-01 6.384000e-03 2.425320e-01
182 7.500120e-01 6.412000e-03 2.435760e-01
183 7.488160e-01 6.512000e-03 2.446720e-01
184 7.477280e-01 6.376000e-03 2.458960e-01
185 7.466160e-01 6.380000e-03 2.470040e-01
186 7.453400e-01 6.552000e-03 2.481080e-01
187 7.440680e-01 6.672000e-03 2.492600e-01
188 7.428680e-01 6.492000e-03 2.506400e-01
189 7.415880e-01 6.652000e-03 2.517600e-01
190 7.404080e-01 6.624000e-03 2.529680e-01
191 7.393080e-01 6.592000e-03 2.541000e-01
192 7.382320e-01 6.484000e-03 2.552840e-01
193 7.372520e-01 6.216000e-03 2.565320e-01
194 7.362160e-01 6.212000e-03 2.575720e-01
195 7.352680e-01 5.996000e-03 2.587360e-01
196 7.342680e-01 5.980000e-03 2.597520e-01
197 7.332360e-01 5.928000e-03 2.608360e-01
198 7.322000e-01 5.952000e-03 2.618480e-01
199 7.312600e-01 5.832000e-03 2.629080e-01
200 7.302320e-01 5.828000e-03 2.639400e-01
201 7.292320e-01 5.768000e-03 2.650000e-01
202 7.282440e-01 5.736000e-03 2.660200e-01
203 7.273440e-01 5.512000e-03 2.671440e-01
204 7.264000e-01 5.508000e-03 2.680920e-01
205 7.254520e-01 5.516000e-03 2.690320e-01
206 7.244760e-01 5.416000e-03 2.701080e-01
207 7.235760e-01 5.340000e-03 2.710840e-01
208 7.225200e-01 5.392000e-03 2.720880e-01
209 7.214280e-01 5.516000e-03 2.730560e-01
210 7.205240e-01 5.440000e-03 2.740360e-01
211 7.194080e-01 5.544000e-03 2.750480e-01
212 7.183640e-01 5.644000e-03 2.759920e-01
213 7.174280e-01 5.624000e-03 2.769480e-01
214 7.165720e-01 5.448000e-03 2.779800e-01
215 7.156960e-01 5.396000e-03 2.789080e-01
216 7.147920e-01 5.280000e-03 2.799280e-01
217 7.139280e-01 5.228000e-03 2.808440e-01
218 7.129400e-01 5.312000e-03 2.817480e-01
219 7.120040e-01 5.396000e-03 2.826000e-01
220 7.110640e-01 5.420000e-03 2.835160e-01
221 7.101440e-01 5.336000e-03 2.845200e-01
222 7.091760e-01 5.372000e-03 2.854520e-01
223 7.082160e-01 5.436000e-03 2.863480e-01
224 7.073720e-01 5.296000e-03 2.873320e-01
225 7.064440e-01 5.192000e-03 2.883640e-01
226 7.055440e-01 5.228000e-03 2.892280e-01
227 7.044360e-01 5.472000e-03 2.900920e-01
228 7.034520e-01 5.516000e-03 2.910320e-01
229 7.026360e-01 5.356000e-03 2.920080e-01
230 7.017600e-01 5.288000e-03 2.929520e-01
231 7.009360e-01 5.128000e-03 2.939360e-01
232 7.001360e-01 5.068000e-03 2.947960e-01
233 6.993640e-01 5.036000e-03 2.956000e-01
234 6.986080e-01 4.944000e-03 2.964480e-01
235 6.977800e-01 4.856000e-03 2.973640e-01
236 6.969560e-01 4.736000e-03 2.983080e-01
237 6.960720e-01 4.816000e-03 2.991120e-01
238 6.951800e-01 4.896000e-03 2.999240e-01
239 6.942120e-01 5.124000e-03 3.006640e-01
240 6.932440e-01 5.152000e-03 3.016040e-01
241 6.922600e-01 5.136000e-03 3.026040e-01
242 6.914720e-01 5.004000e-03 3.035240e-01
243 6.905920e-01 5.032000e-03 3.043760e-01
244 6.897880e-01 4.908000e-03 3.053040e-01
245 6.890040e-01 4.856000e-03 3.061400e-01
246 6.882160e-01 4.728000e-03 3.070560e-01
247 6.874360e-01 4.688000e-03 3.078760e-01
248 6.867120e-01 4.572000e-03 3.087160e-01
249 6.858600e-01 4.640000e-03 3.095000e-01
250 6.851080e-01 4.560000e-03 3.103320e-01
251 6.843040e-01 4.548000e-03 3.111480e-01
252 6.835200e-01 4.480000e-03 3.120000e-01
253 6.828360e-01 4.392000e-03 3.127720e-01
254 6.820760e-01 4.420000e-03 3.135040e-01
255 6.813520e-01 4.304000e-03 3.143440e-01
256 6.806560e-01 4.308000e-03 3.150360e-01
257 6.799760e-01 4.236000e-03 3.157880e-01
258 6.791200e-01 4.372000e-03 3.165080e-01
259 6.783840e-01 4.364000e-03 3.172520e-01
260 6.775840e-01 4.320000e-03 3.180960e-01
261 6.768400e-01 4.240000e-03 3.189200e-01
262 6.761320e-01 4.264000e-03 3.196040e-01
263 6.754120e-01 4.232000e-03 3.203560e-01
264 6.748400e-01 4.116000e-03 3.210440e-01
265 6.741800e-01 4.040000e-03 3.217800e-01
266 6.734400e-01 4.144000e-03 3.224160e-01
267 6.726800e-01 4.176000e-03 3.231440e-01
268 6.719280e-01 4.236000e-03 3.238360e-01
269 6.711960e-01 4.236000e-03 3.245680e-01
270 6.704520e-01 4.328000e-03 3.252200e-01
271 6.697160e-01 4.352000e-03 3.259320e-01
272 6.690320e-01 4.244000e-03 3.267240e-01
273 6.682680e-01 4.268000e-03 3.274640e-01
274 6.675240e-01 4.256000e-03 3.282200e-01
275 6.668240e-01 4.212000e-03 3.289640e-01
276 6.660040e-01 4.264000e-03 3.297320e-01
277 6.652960e-01 4.252000e-03 3.304520e-01
278 6.645960e-01 4.312000e-03 3.310920e-01
279 6.639080e-01 4.344000e-03 3.317480e-01
280 6.632640e-01 4.252000e-03 3.324840e-01
281 6.624720e-01 4.300000e-03 3.332280e-01
282 6.616920e-01 4.396000e-03 3.339120e-01
283 6.609840e-01 4.268000e-03 3.347480e-01
284 6.601680e-01 4.428000e-03 3.354040e-01
285 6.594160e-01 4.420000e-03 3.361640e-01
286 6.587520e-01 4.352000e-03 3.368960e-01
287 6.579760e-01 4.444000e-03 3.375800e-01
288 6.571320e-01 4.520000e-03 3.383480e-01
289 6.562360e-01 4.500000e-03 3.392640e-01
290 6.554920e-01 4.532000e-03 3.399760e-01
291 6.547600e-01 4.464000e-03 3.407760e-01
292 6.540600e-01 4.372000e-03 3.415680e-01
293 6.533960e-01 4.264000e-03 3.423400e-01
294 6.527560e-01 4.288000e-03 3.429560e-01
295 6.520400e-01 4.368000e-03 3.435920e-01
296 6.512960e-01 4.452000e-03 3.442520e-01
297 6.505440e-01 4.512000e-03 3.449440e-01
298 6.497720e-01 4.520000e-03 3.457080e-01
299 6.490560e-01 4.448000e-03 3.464960e-01
300 6.482760e-01 4.516000e-03 3.472080e-01
301 6.475880e-01 4.452000e-03 3.479600e-01
302 6.468840e-01 4.412000e-03 3.487040e-01
303 6.461600e-01 4.432000e-03 3.494080e-01
304 6.454000e-01 4.320000e-03 3.502800e-01
305 6.446760e-01 4.240000e-03 3.510840e-01
306 6.439560e-01 4.200000e-03 3.518440e-01
307 6.431840e-01 4.224000e-03 3.525920e-01
308 6.424040e-01 4.356000e-03 3.532400e-01
309 6.417040e-01 4.392000e-03 3.539040e-01
310 6.410320e-01 4.328000e-03 3.546400e-01
311 6.404040e-01 4.268000e-03 3.553280e-01
312 6.396680e-01 4.300000e-03 3.560320e-01
313 6.391160e-01 4.060000e-03 3.568240e-01
314 6.386440e-01 3.844000e-03 3.575120e-01
315 6.379840e-01 3.880000e-03 3.581360e-01
316 6.374160e-01 3.692000e-03 3.588920e-01
317 6.368840e-01 3.504000e-03 3.596120e-01
318 6.364280e-01 3.392000e-03 3.601800e-01
319 6.359280e-01 3.340000e-03 3.607320e-01
320 6.353760e-01 3.332000e-03 3.612920e-01
321 6.349040e-01 3.168000e-03 3.619280e-01
322 6.345440e-01 3.008000e-03 3.624480e-01
323 6.340760e-01 2.992000e-03 3.629320e-01
324 6.336920e-01 2.844000e-03 3.634640e-01
325 6.332960e-01 2.680000e-03 3.640240e-01
326 6.328840e-01 2.660000e-03 3.644560e-01
327 6.324520e-01 2.516000e-03 3.650320e-01
328 6.321040e-01 2.416000e-03 3.654800e-01
329 6.318080e-01 2.280000e-03 3.659120e-01
330 6.314240e-01 2.232000e-03 3.663440e-01
331 6.310360e-01 2.244000e-03 3.667200e-01
332 6.306800e-01 2.148000e-03 3.671720e-01
333 6.302840e-01 2.236000e-03 3.674800e-01
334 6.298360e-01 2.268000e-03 3.678960e-01
335 6.294880e-01 2.192000e-03 3.683200e-01
336 6.291520e-01 2.100000e-03 3.687480e-01
337 6.287600e-01 2.184000e-03 3.690560e-01
338 6.283840e-01 2.152000e-03 3.694640e-01
339 6.280200e-01 2.148000e-03 3.698320e-01
340 6.276680e-01 2.076000e-03 3.702560e-01
341 6.273120e-01 2.076000e-03 3.706120e-01
342 6.269320e-01 2.112000e-03 3.709560e-01
343 6.264760e-01 2.212000e-03 3.713120e-01
344 6.261280e-01 2.180000e-03 3.716920e-01
345 6.257480e-01 2.144000e-03 3.721080e-01
346 6.254920e-01 1.996000e-03 3.725120e-01
347 6.251480e-01 2.012000e-03 3.728400e-01
348 6.248760e-01 1.960000e-03 3.731640e-01
349 6.246000e-01 1.912000e-03 3.734880e-01
350 6.242880e-01 1.860000e-03 3.738520e-01
351 6.239920e-01 1.808000e-03 3.742000e-01
352 6.236280e-01 1.904000e-03 3.744680e-01
353 6.232560e-01 1.936000e-03 3.748080e-01
354 6.229120e-01 1.984000e-03 3.751040e-01
355 6.225000e-01 2.020000e-03 3.754800e-01
356 6.221400e-01 2.020000e-03 3.758400e-01
357 6.217440e-01 2.084000e-03 3.761720e-01
358 6.214120e-01 2.056000e-03 3.765320e-01
359 6.210520e-01 2.052000e-03 3.768960e-01
360 6.207840e-01 2.012000e-03 3.772040e-01
361 6.204800e-01 1.972000e-03 3.775480e-01
362 6.202040e-01 1.848000e-03 3.779480e-01
363 6.198720e-01 1.796000e-03 3.783320e-01
364 6.195360e-01 1.852000e-03 3.786120e-01
365 6.192760e-01 1.728000e-03 3.789960e-01
366 6.190120e-01 1.656000e-03 3.793320e-01
367 6.187120e-01 1.640000e-03 3.796480e-01
368 6.184280e-01 1.600000e-03 3.799720e-01
369 6.181160e-01 1.656000e-03 3.802280e-01
370 6.178040e-01 1.644000e-03 3.805520e-01
371 6.174880e-01 1.640000e-03 3.808720e-01
372 6.171760e-01 1.652000e-03 3.811720e-01
373 6.168840e-01 1.696000e-03 3.814200e-01
374 6.166320e-01 1.640000e-03 3.817280e-01
375 6.163200e-01 1.660000e-03 3.820200e-01
376 6.160480e-01 1.648000e-03 3.823040e-01
377 6.157360e-01 1.648000e-03 3.826160e-01
378 6.154560e-01 1.636000e-03 3.829080e-01
379 6.151720e-01 1.636000e-03 3.831920e-01
380 6.149000e-01 1.640000e-03 3.834600e-01
381 6.146640e-01 1.628000e-03 3.837080e-01
382 6.143600e-01 1.700000e-03 3.839400e-01
383 6.141240e-01 1.664000e-03 3.842120e-01
384 6.137880e-01 1.760000e-03 3.844520e-01
385 6.134800e-01 1.748000e-03 3.847720e-01
386 6.132120e-01 1.728000e-03 3.850600e-01
387 6.129320e-01 1.676000e-03 3.853920e-01
388 6.126920e-01 1.600000e-03 3.857080e-01
389 6.124480e-01 1.576000e-03 3.859760e-01
390 6.122080e-01 1.520000e-03 3.862720e-01
391 6.120080e-01 1.428000e-03 3.865640e-01
392 6.117280e-01 1.456000e-03 3.868160e-01
393 6.114960e-01 1.400000e-03 3.871040e-01
394 6.112600e-01 1.444000e-03 3.872960e-01
395 6.110120e-01 1.468000e-03 3.875200e-01
396 6.107360e-01 1.464000e-03 3.878000e-01
397 6.104880e-01 1.428000e-03 3.880840e-01
398 6.102480e-01 1.424000e-03 3.883280e-01
399 6.100480e-01 1.384000e-03 3.885680e-01
400 6.097440e-01 1.480000e-03 3.887760e-01
401 6.094880e-01 1.452000e-03 3.890600e-01
402 6.092240e-01 1.480000e-03 3.892960e-01
403 6.089480e-01 1.468000e-03 3.895840e-01
404 6.087080e-01 1.472000e-03 3.898200e-01
405 6.084440e-01 1.424000e-03 3.901320e-01
406 6.082320e-01 1.376000e-03 3.903920e-01
407 6.079480e-01 1.428000e-03 3.906240e-01
408 6.077440e-01 1.376000e-03 3.908800e-01
409 6.075520e-01 1.364000e-03 3.910840e-01
410 6.072400e-01 1.424000e-03 3.913360e-01
411 6.069440e-01 1.436000e-03 3.916200e-01
412 6.066600e-01 1.456000e-03 3.918840e-01
413 6.064280e-01 1.396000e-03 3.921760e-01
414 6.061760e-01 1.448000e-03 3.923760e-01
415 6.058960e-01 1.420000e-03 3.926840e-01
416 6.056160e-01 1.476000e-03 3.929080e-01
417 6.053120e-01 1.536000e-03 3.931520e-01
418 6.050120e-01 1.588000e-03 3.934000e-01
419 6.047560e-01 1.628000e-03 3.936160e-01
420 6.044520e-01 1.664000e-03 3.938840e-01
421 6.041720e-01 1.676000e-03 3.941520e-01
422 6.038760e-01 1.668000e-03 3.944560e-01
423 6.035760e-01 1.660000e-03 3.947640e-01
424 6.033400e-01 1.620000e-03 3.950400e-01
425 6.030360e-01 1.664000e-03 3.953000e-01
426 6.026280e-01 1.764000e-03 3.956080e-01
427 6.023600e-01 1.776000e-03 3.958640e-01
428 6.019920e-01 1.844000e-03 3.961640e-01
429 6.015320e-01 1.964000e-03 3.965040e-01
430 6.011320e-01 2.060000e-03 3.968080e-01
431 6.007320e-01 2.148000e-03 3.971200e-01
432 6.004360e-01 2.084000e-03 3.974800e-01
433 6.001200e-01 2.036000e-03 3.978440e-01
434 5.997960e-01 2.028000e-03 3.981760e-01
435 5.995520e-01 1.924000e-03 3.985240e-01
436 5.992920e-01 1.896000e-03 3.988120e-01
437 5.989680e-01 1.948000e-03 3.990840e-01
438 5.985880e-01 1.944000e-03 3.994680e-01
439 5.982520e-01 1.924000e-03 3.998240e-01
440 5.979760e-01 1.908000e-03 4.001160e-01
441 5.976320e-01 1.916000e-03 4.004520e-01
442 5.973880e-01 1.836000e-03 4.007760e-01
443 5.971080e-01 1.804000e-03 4.010880e-01
444 5.968640e-01 1.704000e-03 4.014320e-01
445 5.966760e-01 1.596000e-03 4.017280e-01
446 5.964720e-01 1.488000e-03 4.020400e-01
447 5.962960e-01 1.432000e-03 4.022720e-01
448 5.961160e-01 1.344000e-03 4.025400e-01
449 5.959280e-01 1.340000e-03 4.027320e-01
450 5.957360e-01 1.352000e-03 4.029120e-01
451 5.954840e-01 1.384000e-03 4.031320e-01
452 5.952640e-01 1.388000e-03 4.033480e-01
453 5.950400e-01 1.388000e-03 4.035720e-01
454 5.948200e-01 1.352000e-03 4.038280e-01
455 5.946080e-01 1.264000e-03 4.041280e-01
456 5.944160e-01 1.232000e-03 4.043520e-01
457 5.942440e-01 1.204000e-03 4.045520e-01
458 5.940720e-01 1.128000e-03 4.048000e-01
459 5.938960e-01 1.132000e-03 4.049720e-01
460 5.937120e-01 1.156000e-03 4.051320e-01
461 5.934760e-01 1.192000e-03 4.053320e-01
462 5.932840e-01 1.224000e-03 4.054920e-01
463 5.930680e-01 1.244000e-03 4.056880e-01
464 5.929080e-01 1.164000e-03 4.059280e-01
465 5.926760e-01 1.192000e-03 4.061320e-01
466 5.924520e-01 1.192000e-03 4.063560e-01
467 5.922480e-01 1.192000e-03 4.065600e-01
468 5.919840e-01 1.272000e-03 4.067440e-01
469 5.917560e-01 1.264000e-03 4.069800e-01
470 5.915520e-01 1.256000e-03 4.071920e-01
471 5.913560e-01 1.240000e-03 4.074040e-01
472 5.911800e-01 1.216000e-03 4.076040e-01
473 5.910240e-01 1.160000e-03 4.078160e-01
474 5.909000e-01 1.108000e-03 4.079920e-01
475 5.907560e-01 1.080000e-03 4.081640e-01
476 5.906600e-01 1.016000e-03 4.083240e-01
477 5.905640e-01 9.000000e-04 4.085360e-01
478 5.904520e-01 8.160000e-04 4.087320e-01
479 5.903000e-01 8.080000e-04 4.088920e-01
480 5.901960e-01 8.080000e-04 4.089960e-01
481 5.900760e-01 7.760000e-04 4.091480e-01
482 5.899280e-01 8.200000e-04 4.092520e-01
483 5.897920e-01 7.720000e-04 4.094360e-01
484 5.896640e-01 7.560000e-04 4.095800e-01
485 5.895440e-01 7.320000e-04 4.097240e-01
486 5.893880e-01 7.480000e-04 4.098640e-01
487 5.892600e-01 7.280000e-04 4.100120e-01
488 5.891480e-01 7.360000e-04 4.101160e-01
489 5.890280e-01 7.520000e-04 4.102200e-01
490 5.888800e-01 7.720000e-04 4.103480e-01
491 5.887360e-01 8.000000e-04 4.104640e-01
492 5.886120e-01 7.160000e-04 4.106720e-01
493 5.885120e-01 6.840000e-04 4.108040e-01
494 5.883920e-01 6.640000e-04 4.109440e-01
495 5.882320e-01 6.800000e-04 4.110880e-01
496 5.881600e-01 6.360000e-04 4.112040e-01
497 5.880680e-01 6.120000e-04 4.113200e-01
498 5.879400e-01 6.600000e-04 4.114000e-01
499 5.878680e-01 6.480000e-04 4.114840e-01
500 5.877720e-01 6.280000e-04 4.116000e-01
