1 9.991640e-01 7.360000e-04 1.000000e-04
2 9.985680e-01 1.100000e-03 3.320000e-04
3 9.979360e-01 1.484000e-03 5.800000e-04
4 9.970800e-01 2.084000e-03 8.360000e-04
5 9.962040e-01 2.568000e-03 1.228000e-03
6 9.952520e-01 3.056000e-03 1.692000e-03
7 9.943760e-01 3.308000e-03 2.316000e-03
8 9.934760e-01 3.624000e-03 2.900000e-03
9 9.925040e-01 3.936000e-03 3.560000e-03
10 9.914600e-01 4.388000e-03 4.152000e-03
11 9.903760e-01 4.704000e-03 4.920000e-03
12 9.894280e-01 4.708000e-03 5.864000e-03
13 9.883880e-01 4.952000e-03 6.660000e-03
14 9.874280e-01 5.124000e-03 7.448000e-03
15 9.862880e-01 5.268000e-03 8.444000e-03
16 9.850560e-01 5.512000e-03 9.432000e-03
17 9.837680e-01 5.872000e-03 1.036000e-02
18 9.825160e-01 6.032000e-03 1.145200e-02
19 9.810720e-01 6.260000e-03 1.266800e-02
20 9.797600e-01 6.600000e-03 1.364000e-02
21 9.782000e-01 6.940000e-03 1.486000e-02
22 9.767440e-01 7.132000e-03 1.612400e-02
23 9.752480e-01 7.296000e-03 1.745600e-02
24 9.735920e-01 7.588000e-03 1.882000e-02
25 9.721040e-01 7.852000e-03 2.004400e-02
26 9.706000e-01 8.032000e-03 2.136800e-02
27 9.690120e-01 8.248000e-03 2.274000e-02
28 9.673320e-01 8.548000e-03 2.412000e-02
29 9.655160e-01 8.768000e-03 2.571600e-02
30 9.638000e-01 9.136000e-03 2.706400e-02
31 9.619400e-01 9.404000e-03 2.865600e-02
32 9.602680e-01 9.376000e-03 3.035600e-02
33 9.586080e-01 9.404000e-03 3.198800e-02
34 9.568080e-01 9.716000e-03 3.347600e-02
35 9.549200e-01 9.788000e-03 3.529200e-02
36 9.533520e-01 9.608000e-03 3.704000e-02
37 9.515640e-01 9.580000e-03 3.885600e-02
38 9.499280e-01 9.556000e-03 4.051600e-02
39 9.482800e-01 9.624000e-03 4.209600e-02
40 9.465840e-01 9.608000e-03 4.380800e-02
41 9.448560e-01 9.628000e-03 4.551600e-02
42 9.431760e-01 9.604000e-03 4.722000e-02
43 9.413680e-01 9.752000e-03 4.888000e-02
44 9.395920e-01 9.788000e-03 5.062000e-02
45 9.377440e-01 9.924000e-03 5.233200e-02
46 9.360000e-01 9.860000e-03 5.414000e-02
47 9.341480e-01 1.012400e-02 5.572800e-02
48 9.323960e-01 9.988000e-03 5.761600e-02
49 9.306000e-01 9.972000e-03 5.942800e-02
50 9.290960e-01 9.624000e-03 6.128000e-02
51 9.274760e-01 9.528000e-03 6.299600e-02
52 9.258600e-01 9.552000e-03 6.458800e-02
53 9.241360e-01 9.608000e-03 6.625600e-02
54 9.224720e-01 9.592000e-03 6.793600e-02
55 9.206920e-01 9.736000e-03 6.957200e-02
56 9.188280e-01 9.860000e-03 7.131200e-02
57 9.170600e-01 9.908000e-03 7.303200e-02
58 9.151200e-01 1.004400e-02 7.483600e-02
59 9.131920e-01 1.030400e-02 7.650400e-02
60 9.112480e-01 1.042800e-02 7.832400e-02
61 9.090960e-01 1.066800e-02 8.023600e-02
62 9.071920e-01 1.057600e-02 8.223200e-02
63 9.049920e-01 1.097600e-02 8.403200e-02
64 9.030240e-01 1.098000e-02 8.599600e-02
65 9.009920e-01 1.114000e-02 8.786800e-02
66 8.989720e-01 1.129600e-02 8.973200e-02
67 8.970800e-01 1.122000e-02 9.170000e-02
68 8.951840e-01 1.114800e-02 9.366800e-02
69 8.933440e-01 1.114400e-02 9.551200e-02
70 8.914600e-01 1.110000e-02 9.744000e-02
71 8.896280e-01 1.102400e-02 9.934800e-02
72 8.877200e-01 1.095200e-02 1.013280e-01
73 8.856520e-01 1.101600e-02 1.033320e-01
74 8.837080e-01 1.107200e-02 1.052200e-01
75 8.816360e-01 1.120800e-02 1.071560e-01
76 8.796320e-01 1.112400e-02 1.092440e-01
77 8.775960e-01 1.125600e-02 1.111480e-01
78 8.756120e-01 1.121600e-02 1.131720e-01
79 8.736800e-01 1.098400e-02 1.153360e-01
80 8.716880e-01 1.109200e-02 1.172200e-01
81 8.697560e-01 1.110000e-02 1.191440e-01
82 8.677360e-01 1.118400e-02 1.210800e-01
83 8.659520e-01 1.097200e-02 1.230760e-01
84 8.641760e-01 1.071200e-02 1.251120e-01
85 8.625000e-01 1.044000e-02 1.270600e-01
86 8.609160e-01 1.030000e-02 1.287840e-01
87 8.591000e-01 1.049600e-02 1.304040e-01
88 8.574520e-01 1.024400e-02 1.323040e-01
89 8.557720e-01 1.009600e-02 1.341320e-01
90 8.541080e-01 1.004000e-02 1.358520e-01
91 8.523520e-01 1.000400e-02 1.376440e-01
92 8.506800e-01 1.001600e-02 1.393040e-01
93 8.489320e-01 9.924000e-03 1.411440e-01
94 8.472560e-01 9.952000e-03 1.427920e-01
95 8.456320e-01 9.788000e-03 1.445800e-01
96 8.438360e-01 9.852000e-03 1.463120e-01
97 8.420880e-01 9.876000e-03 1.480360e-01
98 8.404320e-01 9.660000e-03 1.499080e-01
99 8.386760e-01 9.776000e-03 1.515480e-01
100 8.366960e-01 1.008800e-02 1.532160e-01
101 8.348880e-01 1.019600e-02 1.549160e-01
102 8.330560e-01 1.018000e-02 1.567640e-01
103 8.311800e-01 1.030800e-02 1.585120e-01
104 8.293360e-01 1.050000e-02 1.601640e-01
105 8.274200e-01 1.053600e-02 1.620440e-01
106 8.256320e-01 1.048400e-02 1.638840e-01
107 8.238720e-01 1.035600e-02 1.657720e-01
108 8.221040e-01 1.028400e-02 1.676120e-01
109 8.201720e-01 1.048800e-02 1.693400e-01
110 8.183160e-01 1.048400e-02 1.712000e-01
111 8.165440e-01 1.038800e-02 1.730680e-01
112 8.145720e-01 1.049600e-02 1.749320e-01
113 8.128520e-01 1.033200e-02 1.768160e-01
114 8.110640e-01 1.031600e-02 1.786200e-01
115 8.091400e-01 1.040800e-02 1.804520e-01
116 8.073680e-01 1.032000e-02 1.823120e-01
117 8.056120e-01 1.024400e-02 1.841440e-01
118 8.039600e-01 1.000000e-02 1.860400e-01
119 8.022280e-01 1.002400e-02 1.877480e-01
120 8.004880e-01 9.996000e-03 1.895160e-01
121 7.987960e-01 9.888000e-03 1.913160e-01
122 7.971320e-01 9.944000e-03 1.929240e-01
123 7.952960e-01 9.988000e-03 1.947160e-01
124 7.935160e-01 1.005200e-02 1.964320e-01
125 7.918120e-01 1.001200e-02 1.981760e-01
126 7.902480e-01 9.756000e-03 1.999960e-01
127 7.887000e-01 9.424000e-03 2.018760e-01
128 7.872760e-01 9.172000e-03 2.035520e-01
129 7.858200e-01 9.160000e-03 2.050200e-01
130 7.842600e-01 9.168000e-03 2.065720e-01
131 7.826000e-01 9.280000e-03 2.081200e-01
132 7.810920e-01 9.100000e-03 2.098080e-01
133 7.794200e-01 9.204000e-03 2.113760e-01
134 7.778440e-01 9.140000e-03 2.130160e-01
135 7.762640e-01 9.084000e-03 2.146520e-01
136 7.745960e-01 9.132000e-03 2.162720e-01
137 7.730000e-01 9.024000e-03 2.179760e-01
138 7.714560e-01 9.028000e-03 2.195160e-01
139 7.698680e-01 9.076000e-03 2.210560e-01
140 7.682600e-01 9.060000e-03 2.226800e-01
141 7.666160e-01 9.244000e-03 2.241400e-01
142 7.649440e-01 9.356000e-03 2.257000e-01
143 7.634120e-01 9.240000e-03 2.273480e-01
144 7.618880e-01 9.228000e-03 2.288840e-01
145 7.604240e-01 9.136000e-03 2.304400e-01
146 7.589240e-01 8.912000e-03 2.321640e-01
147 7.574280e-01 8.884000e-03 2.336880e-01
148 7.559640e-01 8.768000e-03 2.352680e-01
149 7.543360e-01 8.856000e-03 2.368080e-01
150 7.528920e-01 8.816000e-03 2.382920e-01
151 7.513640e-01 8.868000e-03 2.397680e-01
152 7.498400e-01 8.820000e-03 2.413400e-01
153 7.482920e-01 8.916000e-03 2.427920e-01
154 7.466840e-01 9.004000e-03 2.443120e-01
155 7.451000e-01 9.092000e-03 2.458080e-01
156 7.435400e-01 9.088000e-03 2.473720e-01
157 7.421240e-01 8.852000e-03 2.490240e-01
158 7.407520e-01 8.704000e-03 2.505440e-01
159 7.393760e-01 8.520000e-03 2.521040e-01
160 7.380040e-01 8.396000e-03 2.536000e-01
161 7.365760e-01 8.360000e-03 2.550640e-01
162 7.351400e-01 8.380000e-03 2.564800e-01
163 7.335240e-01 8.444000e-03 2.580320e-01
164 7.321000e-01 8.408000e-03 2.594920e-01
165 7.307800e-01 8.328000e-03 2.608920e-01
166 7.294160e-01 8.304000e-03 2.622800e-01
167 7.281040e-01 8.140000e-03 2.637560e-01
168 7.268080e-01 7.988000e-03 2.652040e-01
169 7.255280e-01 7.852000e-03 2.666200e-01
170 7.241080e-01 8.032000e-03 2.678600e-01
171 7.227160e-01 7.948000e-03 2.693360e-01
172 7.212080e-01 8.080000e-03 2.707120e-01
173 7.196880e-01 8.336000e-03 2.719760e-01
174 7.183560e-01 8.104000e-03 2.735400e-01
175 7.168280e-01 8.204000e-03 2.749680e-01
176 7.154040e-01 8.164000e-03 2.764320e-01
177 7.141720e-01 8.048000e-03 2.777800e-01
178 7.128240e-01 8.036000e-03 2.791400e-01
179 7.113520e-01 8.128000e-03 2.805200e-01
180 7.097640e-01 8.412000e-03 2.818240e-01
181 7.083080e-01 8.532000e-03 2.831600e-01
182 7.067640e-01 8.520000e-03 2.847160e-01
183 7.052080e-01 8.680000e-03 2.861120e-01
184 7.038960e-01 8.532000e-03 2.875720e-01
185 7.026160e-01 8.460000e-03 2.889240e-01
186 7.012320e-01 8.316000e-03 2.904520e-01
187 6.998440e-01 8.180000e-03 2.919760e-01
188 6.985440e-01 8.152000e-03 2.933040e-01
189 6.971600e-01 8.040000e-03 2.948000e-01
190 6.959000e-01 7.884000e-03 2.962160e-01
191 6.946120e-01 7.804000e-03 2.975840e-01
192 6.931160e-01 7.936000e-03 2.989480e-01
193 6.915640e-01 8.060000e-03 3.003760e-01
194 6.900320e-01 8.172000e-03 3.017960e-01
195 6.885440e-01 8.088000e-03 3.033680e-01
196 6.871920e-01 8.020000e-03 3.047880e-01
197 6.857880e-01 8.072000e-03 3.061400e-01
198 6.842800e-01 8.236000e-03 3.074840e-01
199 6.828520e-01 8.180000e-03 3.089680e-01
200 6.815600e-01 7.920000e-03 3.105200e-01
201 6.800560e-01 7.952000e-03 3.119920e-01
202 6.786120e-01 8.032000e-03 3.133560e-01
203 6.772960e-01 8.020000e-03 3.146840e-01
204 6.759200e-01 7.888000e-03 3.161920e-01
205 6.746440e-01 7.904000e-03 3.174520e-01
206 6.734120e-01 7.604000e-03 3.189840e-01
207 6.721720e-01 7.400000e-03 3.204280e-01
208 6.709240e-01 7.372000e-03 3.217040e-01
209 6.696920e-01 7.360000e-03 3.229480e-01
210 6.686280e-01 7.200000e-03 3.241720e-01
211 6.674760e-01 7.104000e-03 3.254200e-01
212 6.663720e-01 7.032000e-03 3.265960e-01
213 6.653200e-01 6.980000e-03 3.277000e-01
214 6.642800e-01 6.776000e-03 3.289440e-01
215 6.632080e-01 6.692000e-03 3.301000e-01
216 6.622920e-01 6.500000e-03 3.312080e-01
217 6.613360e-01 6.332000e-03 3.323320e-01
218 6.603320e-01 6.228000e-03 3.334400e-01
219 6.593160e-01 6.180000e-03 3.345040e-01
220 6.584120e-01 5.964000e-03 3.356240e-01
221 6.573840e-01 5.904000e-03 3.367120e-01
222 6.563920e-01 5.924000e-03 3.376840e-01
223 6.553440e-01 6.048000e-03 3.386080e-01
224 6.543240e-01 6.100000e-03 3.395760e-01
225 6.532480e-01 6.072000e-03 3.406800e-01
226 6.522960e-01 5.872000e-03 3.418320e-01
227 6.512640e-01 5.852000e-03 3.428840e-01
228 6.503360e-01 5.728000e-03 3.439360e-01
229 6.494160e-01 5.580000e-03 3.450040e-01
230 6.484320e-01 5.596000e-03 3.459720e-01
231 6.474720e-01 5.488000e-03 3.470400e-01
232 6.465360e-01 5.440000e-03 3.480240e-01
233 6.456920e-01 5.324000e-03 3.489840e-01
234 6.447720e-01 5.280000e-03 3.499480e-01
235 6.438760e-01 5.296000e-03 3.508280e-01
236 6.429760e-01 5.248000e-03 3.517760e-01
237 6.420640e-01 5.248000e-03 3.526880e-01
238 6.411600e-01 5.204000e-03 3.536360e-01
239 6.403480e-01 5.104000e-03 3.545480e-01
240 6.397320e-01 4.800000e-03 3.554680e-01
241 6.389640e-01 4.748000e-03 3.562880e-01
242 6.382800e-01 4.672000e-03 3.570480e-01
243 6.375920e-01 4.624000e-03 3.577840e-01
244 6.368600e-01 4.448000e-03 3.586920e-01
245 6.361320e-01 4.388000e-03 3.594800e-01
246 6.354200e-01 4.388000e-03 3.601920e-01
247 6.346400e-01 4.376000e-03 3.609840e-01
248 6.339440e-01 4.312000e-03 3.617440e-01
249 6.332160e-01 4.296000e-03 3.624880e-01
250 6.325800e-01 4.232000e-03 3.631880e-01
251 6.319240e-01 4.072000e-03 3.640040e-01
252 6.313720e-01 3.896000e-03 3.647320e-01
253 6.308840e-01 3.660000e-03 3.654560e-01
254 6.303120e-01 3.588000e-03 3.661000e-01
255 6.297640e-01 3.492000e-03 3.667440e-01
256 6.291160e-01 3.548000e-03 3.673360e-01
257 6.284000e-01 3.656000e-03 3.679440e-01
258 6.277560e-01 3.608000e-03 3.686360e-01
259 6.271520e-01 3.552000e-03 3.692960e-01
260 6.265200e-01 3.512000e-03 3.699680e-01
261 6.259960e-01 3.388000e-03 3.706160e-01
262 6.253920e-01 3.376000e-03 3.712320e-01
263 6.249080e-01 3.244000e-03 3.718480e-01
264 6.243120e-01 3.276000e-03 3.724120e-01
265 6.237880e-01 3.184000e-03 3.730280e-01
266 6.232640e-01 3.180000e-03 3.735560e-01
267 6.227440e-01 3.188000e-03 3.740680e-01
268 6.221960e-01 3.216000e-03 3.745880e-01
269 6.217560e-01 3.140000e-03 3.751040e-01
270 6.212320e-01 3.152000e-03 3.756160e-01
271 6.207960e-01 3.032000e-03 3.761720e-01
272 6.202960e-01 3.024000e-03 3.766800e-01
273 6.198000e-01 2.956000e-03 3.772440e-01
274 6.192080e-01 2.968000e-03 3.778240e-01
275 6.187000e-01 3.032000e-03 3.782680e-01
276 6.182280e-01 3.004000e-03 3.787680e-01
277 6.177720e-01 2.924000e-03 3.793040e-01
278 6.173360e-01 2.880000e-03 3.797840e-01
279 6.168800e-01 2.828000e-03 3.802920e-01
280 6.164080e-01 2.736000e-03 3.808560e-01
281 6.159320e-01 2.684000e-03 3.813840e-01
282 6.154840e-01 2.660000e-03 3.818560e-01
283 6.149560e-01 2.708000e-03 3.823360e-01
284 6.143720e-01 2.812000e-03 3.828160e-01
285 6.137720e-01 2.904000e-03 3.833240e-01
286 6.132440e-01 2.936000e-03 3.838200e-01
287 6.126720e-01 2.976000e-03 3.843520e-01
288 6.121880e-01 2.972000e-03 3.848400e-01
289 6.116680e-01 2.976000e-03 3.853560e-01
290 6.111160e-01 3.028000e-03 3.858560e-01
291 6.105520e-01 3.092000e-03 3.863560e-01
292 6.099680e-01 3.148000e-03 3.868840e-01
293 6.094520e-01 3.184000e-03 3.873640e-01
294 6.089480e-01 3.100000e-03 3.879520e-01
295 6.084080e-01 3.092000e-03 3.885000e-01
296 6.079200e-01 3.060000e-03 3.890200e-01
297 6.074040e-01 2.976000e-03 3.896200e-01
298 6.068160e-01 2.956000e-03 3.902280e-01
299 6.062840e-01 3.000000e-03 3.907160e-01
300 6.057720e-01 3.056000e-03 3.911720e-01
301 6.052840e-01 2.956000e-03 3.917600e-01
302 6.047840e-01 3.028000e-03 3.921880e-01
303 6.042960e-01 2.992000e-03 3.927120e-01
304 6.037680e-01 2.980000e-03 3.932520e-01
305 6.030680e-01 3.152000e-03 3.937800e-01
306 6.025480e-01 3.108000e-03 3.943440e-01
307 6.020240e-01 3.100000e-03 3.948760e-01
308 6.014000e-01 3.132000e-03 3.954680e-01
309 6.009000e-01 3.040000e-03 3.960600e-01
310 6.004600e-01 2.984000e-03 3.965560e-01
311 5.999640e-01 2.936000e-03 3.971000e-01
312 5.993760e-01 3.028000e-03 3.975960e-01
313 5.989080e-01 2.980000e-03 3.981120e-01
314 5.983560e-01 3.044000e-03 3.986000e-01
315 5.978240e-01 3.124000e-03 3.990520e-01
316 5.973200e-01 3.072000e-03 3.996080e-01
317 5.969120e-01 2.972000e-03 4.001160e-01
318 5.964680e-01 2.956000e-03 4.005760e-01
319 5.959920e-01 2.848000e-03 4.011600e-01
320 5.956080e-01 2.780000e-03 4.016120e-01
321 5.952160e-01 2.692000e-03 4.020920e-01
322 5.947840e-01 2.660000e-03 4.025560e-01
323 5.943200e-01 2.644000e-03 4.030360e-01
324 5.939320e-01 2.660000e-03 4.034080e-01
325 5.935400e-01 2.644000e-03 4.038160e-01
326 5.931120e-01 2.604000e-03 4.042840e-01
327 5.927600e-01 2.580000e-03 4.046600e-01
328 5.923880e-01 2.504000e-03 4.051080e-01
329 5.921040e-01 2.324000e-03 4.055720e-01
330 5.917960e-01 2.192000e-03 4.060120e-01
331 5.915240e-01 2.084000e-03 4.063920e-01
332 5.911960e-01 2.020000e-03 4.067840e-01
333 5.909320e-01 1.892000e-03 4.071760e-01
334 5.906800e-01 1.816000e-03 4.075040e-01
335 5.903960e-01 1.768000e-03 4.078360e-01
336 5.900480e-01 1.800000e-03 4.081520e-01
337 5.897000e-01 1.832000e-03 4.084680e-01
338 5.894240e-01 1.744000e-03 4.088320e-01
339 5.890920e-01 1.780000e-03 4.091280e-01
340 5.888120e-01 1.744000e-03 4.094440e-01
341 5.885120e-01 1.752000e-03 4.097360e-01
342 5.881880e-01 1.712000e-03 4.101000e-01
343 5.878960e-01 1.664000e-03 4.104400e-01
344 5.876120e-01 1.616000e-03 4.107720e-01
345 5.873160e-01 1.596000e-03 4.110880e-01
346 5.870480e-01 1.588000e-03 4.113640e-01
347 5.867640e-01 1.632000e-03 4.116040e-01
348 5.864520e-01 1.648000e-03 4.119000e-01
349 5.861480e-01 1.660000e-03 4.121920e-01
350 5.858800e-01 1.572000e-03 4.125480e-01
351 5.855400e-01 1.612000e-03 4.128480e-01
352 5.852200e-01 1.656000e-03 4.131240e-01
353 5.849160e-01 1.680000e-03 4.134040e-01
354 5.846400e-01 1.700000e-03 4.136600e-01
355 5.843640e-01 1.676000e-03 4.139600e-01
356 5.840880e-01 1.660000e-03 4.142520e-01
357 5.838040e-01 1.648000e-03 4.145480e-01
358 5.834960e-01 1.656000e-03 4.148480e-01
359 5.831640e-01 1.744000e-03 4.150920e-01
360 5.828080e-01 1.716000e-03 4.154760e-01
361 5.824240e-01 1.844000e-03 4.157320e-01
362 5.820840e-01 1.848000e-03 4.160680e-01
363 5.818280e-01 1.824000e-03 4.163480e-01
364 5.814840e-01 1.880000e-03 4.166360e-01
365 5.811720e-01 1.876000e-03 4.169520e-01
366 5.807560e-01 1.960000e-03 4.172840e-01
367 5.804280e-01 1.912000e-03 4.176600e-01
368 5.801800e-01 1.796000e-03 4.180240e-01
369 5.798320e-01 1.860000e-03 4.183080e-01
370 5.795120e-01 1.828000e-03 4.186600e-01
371 5.792560e-01 1.764000e-03 4.189800e-01
372 5.789560e-01 1.736000e-03 4.193080e-01
373 5.786680e-01 1.724000e-03 4.196080e-01
374 5.784480e-01 1.656000e-03 4.198960e-01
375 5.781040e-01 1.728000e-03 4.201680e-01
376 5.778280e-01 1.724000e-03 4.204480e-01
377 5.775400e-01 1.720000e-03 4.207400e-01
378 5.772360e-01 1.748000e-03 4.210160e-01
379 5.769080e-01 1.760000e-03 4.213320e-01
380 5.766400e-01 1.680000e-03 4.216800e-01
381 5.763440e-01 1.660000e-03 4.219960e-01
382 5.760600e-01 1.712000e-03 4.222280e-01
383 5.758480e-01 1.632000e-03 4.225200e-01
384 5.755840e-01 1.612000e-03 4.228040e-01
385 5.753720e-01 1.532000e-03 4.230960e-01
386 5.751400e-01 1.568000e-03 4.232920e-01
387 5.749200e-01 1.572000e-03 4.235080e-01
388 5.746120e-01 1.576000e-03 4.238120e-01
389 5.743920e-01 1.472000e-03 4.241360e-01
390 5.741360e-01 1.484000e-03 4.243800e-01
391 5.738840e-01 1.460000e-03 4.246560e-01
392 5.735920e-01 1.520000e-03 4.248880e-01
393 5.733320e-01 1.532000e-03 4.251360e-01
394 5.731320e-01 1.436000e-03 4.254320e-01
395 5.728680e-01 1.488000e-03 4.256440e-01
396 5.726040e-01 1.524000e-03 4.258720e-01
397 5.723760e-01 1.500000e-03 4.261240e-01
398 5.721240e-01 1.480000e-03 4.263960e-01
399 5.718880e-01 1.496000e-03 4.266160e-01
400 5.716400e-01 1.548000e-03 4.268120e-01
401 5.713040e-01 1.672000e-03 4.270240e-01
402 5.709800e-01 1.732000e-03 4.272880e-01
403 5.707520e-01 1.652000e-03 4.275960e-01
404 5.704880e-01 1.588000e-03 4.279240e-01
405 5.702360e-01 1.540000e-03 4.282240e-01
406 5.699920e-01 1.524000e-03 4.284840e-01
407 5.697040e-01 1.524000e-03 4.287720e-01
408 5.693840e-01 1.556000e-03 4.290600e-01
409 5.691160e-01 1.560000e-03 4.293240e-01
410 5.688960e-01 1.536000e-03 4.295680e-01
411 5.686200e-01 1.544000e-03 4.298360e-01
412 5.683240e-01 1.588000e-03 4.300880e-01
413 5.680240e-01 1.652000e-03 4.303240e-01
414 5.677160e-01 1.668000e-03 4.306160e-01
415 5.673600e-01 1.752000e-03 4.308880e-01
416 5.670920e-01 1.724000e-03 4.311840e-01
417 5.668720e-01 1.676000e-03 4.314520e-01
418 5.666040e-01 1.620000e-03 4.317760e-01
419 5.662920e-01 1.648000e-03 4.320600e-01
420 5.660080e-01 1.636000e-03 4.323560e-01
421 5.656920e-01 1.704000e-03 4.326040e-01
422 5.654160e-01 1.680000e-03 4.329040e-01
423 5.651360e-01 1.656000e-03 4.332080e-01
424 5.648720e-01 1.628000e-03 4.335000e-01
425 5.646200e-01 1.604000e-03 4.337760e-01
426 5.643720e-01 1.560000e-03 4.340680e-01
427 5.641120e-01 1.536000e-03 4.343520e-01
428 5.638800e-01 1.480000e-03 4.346400e-01
429 5.636320e-01 1.496000e-03 4.348720e-01
430 5.634320e-01 1.424000e-03 4.351440e-01
431 5.632000e-01 1.416000e-03 4.353840e-01
432 5.629840e-01 1.360000e-03 4.356560e-01
433 5.627360e-01 1.384000e-03 4.358800e-01
434 5.624440e-01 1.344000e-03 4.362120e-01
435 5.621720e-01 1.408000e-03 4.364200e-01
436 5.619680e-01 1.396000e-03 4.366360e-01
437 5.617640e-01 1.308000e-03 4.369280e-01
438 5.615600e-01 1.316000e-03 4.371240e-01
439 5.613440e-01 1.308000e-03 4.373480e-01
440 5.611560e-01 1.268000e-03 4.375760e-01
441 5.610160e-01 1.208000e-03 4.377760e-01
442 5.608200e-01 1.172000e-03 4.380080e-01
443 5.606320e-01 1.156000e-03 4.382120e-01
444 5.604040e-01 1.160000e-03 4.384360e-01
445 5.602240e-01 1.124000e-03 4.386520e-01
446 5.600120e-01 1.128000e-03 4.388600e-01
447 5.598080e-01 1.104000e-03 4.390880e-01
448 5.596080e-01 1.096000e-03 4.392960e-01
449 5.593560e-01 1.144000e-03 4.395000e-01
450 5.591520e-01 1.140000e-03 4.397080e-01
451 5.589720e-01 1.108000e-03 4.399200e-01
452 5.587920e-01 1.120000e-03 4.400880e-01
453 5.586320e-01 1.092000e-03 4.402760e-01
454 5.584120e-01 1.128000e-03 4.404600e-01
455 5.582480e-01 1.088000e-03 4.406640e-01
456 5.580880e-01 1.036000e-03 4.408760e-01
457 5.578680e-01 1.076000e-03 4.410560e-01
458 5.577120e-01 1.020000e-03 4.412680e-01
459 5.575400e-01 1.004000e-03 4.414560e-01
460 5.573840e-01 9.960000e-04 4.416200e-01
461 5.571960e-01 9.960000e-04 4.418080e-01
462 5.569960e-01 1.028000e-03 4.419760e-01
463 5.568280e-01 1.040000e-03 4.421320e-01
464 5.566680e-01 9.920000e-04 4.423400e-01
465 5.565520e-01 9.400000e-04 4.425080e-01
466 5.564200e-01 9.520000e-04 4.426280e-01
467 5.562920e-01 9.080000e-04 4.428000e-01
468 5.561480e-01 8.440000e-04 4.430080e-01
469 5.560040e-01 8.400000e-04 4.431560e-01
470 5.558400e-01 8.920000e-04 4.432680e-01
471 5.556880e-01 9.360000e-04 4.433760e-01
472 5.555040e-01 9.480000e-04 4.435480e-01
473 5.553360e-01 9.640000e-04 4.437000e-01
474 5.551840e-01 9.600000e-04 4.438560e-01
475 5.550280e-01 9.240000e-04 4.440480e-01
476 5.548320e-01 9.520000e-04 4.442160e-01
477 5.546320e-01 9.800000e-04 4.443880e-01
478 5.544560e-01 9.880000e-04 4.445560e-01
479 5.543080e-01 9.920000e-04 4.447000e-01
480 5.541440e-01 9.560000e-04 4.449000e-01
481 5.540040e-01 8.720000e-04 4.451240e-01
482 5.538440e-01 9.040000e-04 4.452520e-01
483 5.537040e-01 9.440000e-04 4.453520e-01
484 5.535680e-01 8.960000e-04 4.455360e-01
485 5.534240e-01 8.800000e-04 4.456960e-01
486 5.532680e-01 8.640000e-04 4.458680e-01
487 5.531160e-01 9.000000e-04 4.459840e-01
488 5.529640e-01 8.480000e-04 4.461880e-01
489 5.528840e-01 7.560000e-04 4.463600e-01
490 5.527680e-01 7.400000e-04 4.464920e-01
491 5.526200e-01 7.520000e-04 4.466280e-01
492 5.525080e-01 7.040000e-04 4.467880e-01
493 5.523760e-01 7.000000e-04 4.469240e-01
494 5.522680e-01 6.880000e-04 4.470440e-01
495 5.521520e-01 6.800000e-04 4.471680e-01
496 5.520120e-01 7.280000e-04 4.472600e-01
497 5.519040e-01 6.880000e-04 4.474080e-01
498 5.517840e-01 6.880000e-04 4.475280e-01
499 5.516600e-01 6.640000e-04 4.476760e-01
500 5.515360e-01 6.880000e-04 4.477760e-01
