1 9.992320e-01 6.880000e-04 8.000000e-05
2 9.987600e-01 1.008000e-03 2.320000e-04
3 9.982280e-01 1.320000e-03 4.520000e-04
4 9.975040e-01 1.820000e-03 6.760000e-04
5 9.966440e-01 2.300000e-03 1.056000e-03
6 9.957920e-01 2.692000e-03 1.516000e-03
7 9.948080e-01 3.124000e-03 2.068000e-03
8 9.938200e-01 3.516000e-03 2.664000e-03
9 9.928480e-01 3.912000e-03 3.240000e-03
10 9.918640e-01 4.292000e-03 3.844000e-03
11 9.907640e-01 4.596000e-03 4.640000e-03
12 9.894920e-01 5.092000e-03 5.416000e-03
13 9.882640e-01 5.484000e-03 6.252000e-03
14 9.870480e-01 5.736000e-03 7.216000e-03
15 9.857520e-01 6.072000e-03 8.176000e-03
16 9.844040e-01 6.392000e-03 9.204000e-03
17 9.830040e-01 6.704000e-03 1.029200e-02
18 9.815760e-01 6.944000e-03 1.148000e-02
19 9.800600e-01 7.256000e-03 1.268400e-02
20 9.785480e-01 7.536000e-03 1.391600e-02
21 9.772600e-01 7.420000e-03 1.532000e-02
22 9.756720e-01 7.636000e-03 1.669200e-02
23 9.741000e-01 7.712000e-03 1.818800e-02
24 9.725840e-01 7.900000e-03 1.951600e-02
25 9.711520e-01 7.824000e-03 2.102400e-02
26 9.696640e-01 7.912000e-03 2.242400e-02
27 9.681880e-01 7.952000e-03 2.386000e-02
28 9.666680e-01 8.008000e-03 2.532400e-02
29 9.652280e-01 8.152000e-03 2.662000e-02
30 9.637480e-01 8.232000e-03 2.802000e-02
31 9.620560e-01 8.468000e-03 2.947600e-02
32 9.604040e-01 8.760000e-03 3.083600e-02
33 9.587480e-01 8.908000e-03 3.234400e-02
34 9.572160e-01 8.912000e-03 3.387200e-02
35 9.556560e-01 8.880000e-03 3.546400e-02
36 9.540920e-01 8.952000e-03 3.695600e-02
37 9.523640e-01 9.092000e-03 3.854400e-02
38 9.508200e-01 9.064000e-03 4.011600e-02
39 9.490840e-01 9.264000e-03 4.165200e-02
40 9.473840e-01 9.296000e-03 4.332000e-02
41 9.457320e-01 9.456000e-03 4.481200e-02
42 9.440320e-01 9.500000e-03 4.646800e-02
43 9.422480e-01 9.628000e-03 4.812400e-02
44 9.406240e-01 9.572000e-03 4.980400e-02
45 9.387960e-01 9.776000e-03 5.142800e-02
46 9.369640e-01 9.976000e-03 5.306000e-02
47 9.349920e-01 1.012400e-02 5.488400e-02
48 9.331840e-01 1.016800e-02 5.664800e-02
49 9.313200e-01 1.031600e-02 5.836400e-02
50 9.294160e-01 1.046400e-02 6.012000e-02
51 9.276200e-01 1.047600e-02 6.190400e-02
52 9.257200e-01 1.040000e-02 6.388000e-02
53 9.239920e-01 1.034400e-02 6.566400e-02
54 9.221880e-01 1.041200e-02 6.740000e-02
55 9.202960e-01 1.036800e-02 6.933600e-02
56 9.185360e-01 1.037200e-02 7.109200e-02
57 9.165440e-01 1.060400e-02 7.285200e-02
58 9.147680e-01 1.062000e-02 7.461200e-02
59 9.130480e-01 1.046800e-02 7.648400e-02
60 9.111880e-01 1.056000e-02 7.825200e-02
61 9.093440e-01 1.062000e-02 8.003600e-02
62 9.077120e-01 1.046000e-02 8.182800e-02
63 9.058440e-01 1.051200e-02 8.364400e-02
64 9.040240e-01 1.040000e-02 8.557600e-02
65 9.022200e-01 1.054400e-02 8.723600e-02
66 9.003600e-01 1.052000e-02 8.912000e-02
67 8.984840e-01 1.053200e-02 9.098400e-02
68 8.966920e-01 1.048000e-02 9.282800e-02
69 8.948320e-01 1.051200e-02 9.465600e-02
70 8.931840e-01 1.034800e-02 9.646800e-02
71 8.913600e-01 1.044400e-02 9.819600e-02
72 8.895000e-01 1.062800e-02 9.987200e-02
73 8.878080e-01 1.062800e-02 1.015640e-01
74 8.858200e-01 1.072000e-02 1.034600e-01
75 8.840600e-01 1.068400e-02 1.052560e-01
76 8.820920e-01 1.079200e-02 1.071160e-01
77 8.801400e-01 1.094800e-02 1.089120e-01
78 8.782640e-01 1.093200e-02 1.108040e-01
79 8.765720e-01 1.073200e-02 1.126960e-01
80 8.748560e-01 1.049200e-02 1.146520e-01
81 8.730640e-01 1.058400e-02 1.163520e-01
82 8.711880e-01 1.060000e-02 1.182120e-01
83 8.693280e-01 1.080400e-02 1.198680e-01
84 8.674280e-01 1.079600e-02 1.217760e-01
85 8.654480e-01 1.073600e-02 1.238160e-01
86 8.636360e-01 1.058000e-02 1.257840e-01
87 8.617400e-01 1.054800e-02 1.277120e-01
88 8.598400e-01 1.054000e-02 1.296200e-01
89 8.580520e-01 1.044800e-02 1.315000e-01
90 8.564280e-01 1.025600e-02 1.333160e-01
91 8.544880e-01 1.041600e-02 1.350960e-01
92 8.525880e-01 1.033600e-02 1.370760e-01
93 8.508160e-01 1.017600e-02 1.390080e-01
94 8.489000e-01 1.033200e-02 1.407680e-01
95 8.469880e-01 1.052000e-02 1.424920e-01
96 8.452880e-01 1.046800e-02 1.442440e-01
97 8.435600e-01 1.026000e-02 1.461800e-01
98 8.419080e-01 1.015200e-02 1.479400e-01
99 8.402880e-01 1.004400e-02 1.496680e-01
100 8.385920e-01 9.940000e-03 1.514680e-01
101 8.369240e-01 9.784000e-03 1.532920e-01
102 8.351400e-01 9.928000e-03 1.549320e-01
103 8.334800e-01 9.784000e-03 1.567360e-01
104 8.318840e-01 9.552000e-03 1.585640e-01
105 8.303680e-01 9.248000e-03 1.603840e-01
106 8.287560e-01 9.224000e-03 1.620200e-01
107 8.271800e-01 9.076000e-03 1.637440e-01
108 8.253400e-01 9.264000e-03 1.653960e-01
109 8.236160e-01 9.276000e-03 1.671080e-01
110 8.221800e-01 9.144000e-03 1.686760e-01
111 8.206760e-01 9.072000e-03 1.702520e-01
112 8.189600e-01 9.408000e-03 1.716320e-01
113 8.172080e-01 9.476000e-03 1.733160e-01
114 8.155040e-01 9.548000e-03 1.749480e-01
115 8.139320e-01 9.532000e-03 1.765360e-01
116 8.121240e-01 9.560000e-03 1.783160e-01
117 8.105160e-01 9.456000e-03 1.800280e-01
118 8.089920e-01 9.436000e-03 1.815720e-01
119 8.074760e-01 9.308000e-03 1.832160e-01
120 8.059280e-01 9.364000e-03 1.847080e-01
121 8.043960e-01 9.240000e-03 1.863640e-01
122 8.028280e-01 9.168000e-03 1.880040e-01
123 8.013960e-01 9.040000e-03 1.895640e-01
124 7.997520e-01 9.176000e-03 1.910720e-01
125 7.982280e-01 9.232000e-03 1.925400e-01
126 7.967280e-01 9.116000e-03 1.941560e-01
127 7.951680e-01 9.192000e-03 1.956400e-01
128 7.936560e-01 9.100000e-03 1.972440e-01
129 7.921200e-01 9.052000e-03 1.988280e-01
130 7.905080e-01 9.044000e-03 2.004480e-01
131 7.889800e-01 8.936000e-03 2.020840e-01
132 7.875240e-01 8.868000e-03 2.036080e-01
133 7.860000e-01 8.796000e-03 2.052040e-01
134 7.845000e-01 8.752000e-03 2.067480e-01
135 7.830200e-01 8.628000e-03 2.083520e-01
136 7.815160e-01 8.632000e-03 2.098520e-01
137 7.799960e-01 8.632000e-03 2.113720e-01
138 7.785720e-01 8.588000e-03 2.128400e-01
139 7.770520e-01 8.644000e-03 2.143040e-01
140 7.757080e-01 8.544000e-03 2.157480e-01
141 7.743360e-01 8.440000e-03 2.172240e-01
142 7.729800e-01 8.316000e-03 2.187040e-01
143 7.715640e-01 8.216000e-03 2.202200e-01
144 7.703000e-01 8.076000e-03 2.216240e-01
145 7.690280e-01 7.872000e-03 2.231000e-01
146 7.677320e-01 7.812000e-03 2.244560e-01
147 7.664200e-01 7.716000e-03 2.258640e-01
148 7.650200e-01 7.836000e-03 2.271440e-01
149 7.636680e-01 7.752000e-03 2.285800e-01
150 7.623120e-01 7.788000e-03 2.299000e-01
151 7.609160e-01 7.784000e-03 2.313000e-01
152 7.596480e-01 7.736000e-03 2.326160e-01
153 7.581480e-01 7.848000e-03 2.340040e-01
154 7.566000e-01 8.064000e-03 2.353360e-01
155 7.552480e-01 8.092000e-03 2.366600e-01
156 7.537040e-01 8.100000e-03 2.381960e-01
157 7.522440e-01 8.044000e-03 2.397120e-01
158 7.509080e-01 7.948000e-03 2.411440e-01
159 7.495720e-01 7.864000e-03 2.425640e-01
160 7.481560e-01 7.756000e-03 2.440880e-01
161 7.468040e-01 7.776000e-03 2.454200e-01
162 7.455720e-01 7.708000e-03 2.467200e-01
163 7.441200e-01 7.784000e-03 2.480960e-01
164 7.428440e-01 7.740000e-03 2.494160e-01
165 7.415160e-01 7.736000e-03 2.507480e-01
166 7.401800e-01 7.728000e-03 2.520920e-01
167 7.388600e-01 7.716000e-03 2.534240e-01
168 7.375560e-01 7.800000e-03 2.546440e-01
169 7.363520e-01 7.612000e-03 2.560360e-01
170 7.350560e-01 7.668000e-03 2.572760e-01
171 7.336240e-01 7.756000e-03 2.586200e-01
172 7.322640e-01 7.688000e-03 2.600480e-01
173 7.310200e-01 7.708000e-03 2.612720e-01
174 7.297440e-01 7.560000e-03 2.626960e-01
175 7.283800e-01 7.636000e-03 2.639840e-01
176 7.268200e-01 7.724000e-03 2.654560e-01
177 7.254440e-01 7.692000e-03 2.668640e-01
178 7.242040e-01 7.632000e-03 2.681640e-01
179 7.229240e-01 7.600000e-03 2.694760e-01
180 7.214400e-01 7.808000e-03 2.707520e-01
181 7.201280e-01 7.744000e-03 2.721280e-01
182 7.189080e-01 7.596000e-03 2.734960e-01
183 7.176160e-01 7.524000e-03 2.748600e-01
184 7.163400e-01 7.480000e-03 2.761800e-01
185 7.149400e-01 7.508000e-03 2.775520e-01
186 7.135840e-01 7.540000e-03 2.788760e-01
187 7.123440e-01 7.468000e-03 2.801880e-01
188 7.110760e-01 7.448000e-03 2.814760e-01
189 7.097120e-01 7.388000e-03 2.829000e-01
190 7.082520e-01 7.604000e-03 2.841440e-01
191 7.068480e-01 7.568000e-03 2.855840e-01
192 7.055720e-01 7.576000e-03 2.868520e-01
193 7.043640e-01 7.420000e-03 2.882160e-01
194 7.030480e-01 7.456000e-03 2.894960e-01
195 7.018000e-01 7.336000e-03 2.908640e-01
196 7.005400e-01 7.316000e-03 2.921440e-01
197 6.993080e-01 7.252000e-03 2.934400e-01
198 6.980960e-01 7.200000e-03 2.947040e-01
199 6.967080e-01 7.408000e-03 2.958840e-01
200 6.956680e-01 7.168000e-03 2.971640e-01
201 6.943680e-01 7.200000e-03 2.984320e-01
202 6.931760e-01 7.136000e-03 2.996880e-01
203 6.920520e-01 6.964000e-03 3.009840e-01
204 6.906920e-01 7.116000e-03 3.021920e-01
205 6.892840e-01 7.284000e-03 3.034320e-01
206 6.881400e-01 7.080000e-03 3.047800e-01
207 6.870080e-01 6.960000e-03 3.060320e-01
208 6.858880e-01 6.960000e-03 3.071520e-01
209 6.846040e-01 7.036000e-03 3.083600e-01
210 6.833200e-01 7.076000e-03 3.096040e-01
211 6.819640e-01 7.144000e-03 3.108920e-01
212 6.805840e-01 7.220000e-03 3.121960e-01
213 6.794160e-01 7.172000e-03 3.134120e-01
214 6.781840e-01 7.120000e-03 3.146960e-01
215 6.769400e-01 7.096000e-03 3.159640e-01
216 6.758440e-01 6.920000e-03 3.172360e-01
217 6.746560e-01 6.892000e-03 3.184520e-01
218 6.735120e-01 6.796000e-03 3.196920e-01
219 6.723000e-01 6.772000e-03 3.209280e-01
220 6.711440e-01 6.644000e-03 3.222120e-01
221 6.701120e-01 6.596000e-03 3.232920e-01
222 6.689320e-01 6.688000e-03 3.243800e-01
223 6.678080e-01 6.588000e-03 3.256040e-01
224 6.667120e-01 6.504000e-03 3.267840e-01
225 6.656280e-01 6.404000e-03 3.279680e-01
226 6.645880e-01 6.324000e-03 3.290880e-01
227 6.634080e-01 6.304000e-03 3.302880e-01
228 6.621520e-01 6.360000e-03 3.314880e-01
229 6.610480e-01 6.336000e-03 3.326160e-01
230 6.600120e-01 6.256000e-03 3.337320e-01
231 6.587520e-01 6.340000e-03 3.349080e-01
232 6.576520e-01 6.392000e-03 3.359560e-01
233 6.565680e-01 6.432000e-03 3.370000e-01
234 6.555160e-01 6.364000e-03 3.381200e-01
235 6.545240e-01 6.260000e-03 3.392160e-01
236 6.534800e-01 6.320000e-03 3.402000e-01
237 6.523560e-01 6.328000e-03 3.413160e-01
238 6.513560e-01 6.316000e-03 3.423280e-01
239 6.502200e-01 6.384000e-03 3.433960e-01
240 6.490240e-01 6.468000e-03 3.445080e-01
241 6.480400e-01 6.416000e-03 3.455440e-01
242 6.469600e-01 6.364000e-03 3.466760e-01
243 6.459120e-01 6.420000e-03 3.476680e-01
244 6.447520e-01 6.428000e-03 3.488200e-01
245 6.436320e-01 6.476000e-03 3.498920e-01
246 6.426480e-01 6.340000e-03 3.510120e-01
247 6.416160e-01 6.216000e-03 3.521680e-01
248 6.405840e-01 6.164000e-03 3.532520e-01
249 6.395200e-01 6.184000e-03 3.542960e-01
250 6.383760e-01 6.244000e-03 3.553800e-01
251 6.373280e-01 6.180000e-03 3.564920e-01
252 6.363000e-01 6.096000e-03 3.576040e-01
253 6.352480e-01 6.112000e-03 3.586400e-01
254 6.340800e-01 6.196000e-03 3.597240e-01
255 6.330760e-01 6.136000e-03 3.607880e-01
256 6.320680e-01 6.164000e-03 3.617680e-01
257 6.311400e-01 6.124000e-03 3.627360e-01
258 6.302280e-01 6.016000e-03 3.637560e-01
259 6.291920e-01 6.060000e-03 3.647480e-01
260 6.281800e-01 6.036000e-03 3.657840e-01
261 6.272960e-01 5.888000e-03 3.668160e-01
262 6.263440e-01 5.924000e-03 3.677320e-01
263 6.253120e-01 5.964000e-03 3.687240e-01
264 6.242880e-01 5.920000e-03 3.697920e-01
265 6.233160e-01 5.812000e-03 3.708720e-01
266 6.223520e-01 5.740000e-03 3.719080e-01
267 6.213040e-01 5.692000e-03 3.730040e-01
268 6.204440e-01 5.596000e-03 3.739600e-01
269 6.195240e-01 5.556000e-03 3.749200e-01
270 6.185520e-01 5.592000e-03 3.758560e-01
271 6.175960e-01 5.556000e-03 3.768480e-01
272 6.166680e-01 5.476000e-03 3.778560e-01
273 6.158480e-01 5.392000e-03 3.787600e-01
274 6.149280e-01 5.284000e-03 3.797880e-01
275 6.140560e-01 5.288000e-03 3.806560e-01
276 6.130960e-01 5.332000e-03 3.815720e-01
277 6.122120e-01 5.260000e-03 3.825280e-01
278 6.113200e-01 5.180000e-03 3.835000e-01
279 6.104160e-01 5.168000e-03 3.844160e-01
280 6.095760e-01 5.136000e-03 3.852880e-01
281 6.088640e-01 4.880000e-03 3.862560e-01
282 6.080560e-01 4.872000e-03 3.870720e-01
283 6.071800e-01 4.868000e-03 3.879520e-01
284 6.064040e-01 4.724000e-03 3.888720e-01
285 6.056080e-01 4.684000e-03 3.897080e-01
286 6.048280e-01 4.688000e-03 3.904840e-01
287 6.039880e-01 4.660000e-03 3.913520e-01
288 6.032040e-01 4.688000e-03 3.921080e-01
289 6.024240e-01 4.740000e-03 3.928360e-01
290 6.016440e-01 4.760000e-03 3.935960e-01
291 6.008280e-01 4.684000e-03 3.944880e-01
292 6.000920e-01 4.604000e-03 3.953040e-01
293 5.992040e-01 4.700000e-03 3.960960e-01
294 5.984600e-01 4.696000e-03 3.968440e-01
295 5.977720e-01 4.520000e-03 3.977080e-01
296 5.969640e-01 4.492000e-03 3.985440e-01
297 5.961960e-01 4.432000e-03 3.993720e-01
298 5.953040e-01 4.560000e-03 4.001360e-01
299 5.945920e-01 4.440000e-03 4.009680e-01
300 5.937680e-01 4.500000e-03 4.017320e-01
301 5.930560e-01 4.464000e-03 4.024800e-01
302 5.922600e-01 4.552000e-03 4.031880e-01
303 5.914480e-01 4.580000e-03 4.039720e-01
304 5.906240e-01 4.620000e-03 4.047560e-01
305 5.899400e-01 4.548000e-03 4.055120e-01
306 5.892480e-01 4.428000e-03 4.063240e-01
307 5.885600e-01 4.372000e-03 4.070680e-01
308 5.877760e-01 4.300000e-03 4.079240e-01
309 5.870840e-01 4.280000e-03 4.086360e-01
310 5.863760e-01 4.256000e-03 4.093680e-01
311 5.855760e-01 4.308000e-03 4.101160e-01
312 5.848960e-01 4.184000e-03 4.109200e-01
313 5.841320e-01 4.296000e-03 4.115720e-01
314 5.834080e-01 4.236000e-03 4.123560e-01
315 5.827560e-01 4.168000e-03 4.130760e-01
316 5.820320e-01 4.168000e-03 4.138000e-01
317 5.814120e-01 4.156000e-03 4.144320e-01
318 5.807960e-01 4.116000e-03 4.150880e-01
319 5.801480e-01 3.944000e-03 4.159080e-01
320 5.796160e-01 3.808000e-03 4.165760e-01
321 5.789640e-01 3.860000e-03 4.171760e-01
322 5.783960e-01 3.728000e-03 4.178760e-01
323 5.778840e-01 3.556000e-03 4.185600e-01
324 5.773480e-01 3.488000e-03 4.191640e-01
325 5.767840e-01 3.412000e-03 4.198040e-01
326 5.762920e-01 3.304000e-03 4.204040e-01
327 5.758120e-01 3.184000e-03 4.210040e-01
328 5.753840e-01 3.112000e-03 4.215040e-01
329 5.748920e-01 3.036000e-03 4.220720e-01
330 5.745280e-01 2.836000e-03 4.226360e-01
331 5.741200e-01 2.740000e-03 4.231400e-01
332 5.736440e-01 2.772000e-03 4.235840e-01
333 5.731160e-01 2.796000e-03 4.240880e-01
334 5.726920e-01 2.744000e-03 4.245640e-01
335 5.722320e-01 2.692000e-03 4.250760e-01
336 5.716720e-01 2.768000e-03 4.255600e-01
337 5.711800e-01 2.832000e-03 4.259880e-01
338 5.706680e-01 2.884000e-03 4.264480e-01
339 5.702240e-01 2.804000e-03 4.269720e-01
340 5.697080e-01 2.776000e-03 4.275160e-01
341 5.692680e-01 2.788000e-03 4.279440e-01
342 5.688600e-01 2.732000e-03 4.284080e-01
343 5.684120e-01 2.660000e-03 4.289280e-01
344 5.679520e-01 2.700000e-03 4.293480e-01
345 5.674800e-01 2.632000e-03 4.298880e-01
346 5.669800e-01 2.616000e-03 4.304040e-01
347 5.665080e-01 2.592000e-03 4.309000e-01
348 5.661160e-01 2.460000e-03 4.314240e-01
349 5.657280e-01 2.444000e-03 4.318280e-01
350 5.652560e-01 2.564000e-03 4.321800e-01
351 5.647600e-01 2.596000e-03 4.326440e-01
352 5.643360e-01 2.532000e-03 4.331320e-01
353 5.638560e-01 2.524000e-03 4.336200e-01
354 5.633680e-01 2.620000e-03 4.340120e-01
355 5.627880e-01 2.744000e-03 4.344680e-01
356 5.622480e-01 2.872000e-03 4.348800e-01
357 5.616880e-01 2.904000e-03 4.354080e-01
358 5.611960e-01 2.932000e-03 4.358720e-01
359 5.606600e-01 2.932000e-03 4.364080e-01
360 5.601640e-01 2.924000e-03 4.369120e-01
361 5.596800e-01 2.876000e-03 4.374440e-01
362 5.592160e-01 2.864000e-03 4.379200e-01
363 5.588000e-01 2.740000e-03 4.384600e-01
364 5.583800e-01 2.656000e-03 4.389640e-01
365 5.579440e-01 2.620000e-03 4.394360e-01
366 5.575840e-01 2.460000e-03 4.399560e-01
367 5.571520e-01 2.420000e-03 4.404280e-01
368 5.567880e-01 2.340000e-03 4.408720e-01
369 5.563000e-01 2.364000e-03 4.413360e-01
370 5.560080e-01 2.268000e-03 4.417240e-01
371 5.557120e-01 2.180000e-03 4.421080e-01
372 5.553680e-01 2.128000e-03 4.425040e-01
373 5.550480e-01 2.092000e-03 4.428600e-01
374 5.546680e-01 2.096000e-03 4.432360e-01
375 5.543240e-01 2.080000e-03 4.435960e-01
376 5.539800e-01 2.044000e-03 4.439760e-01
377 5.536600e-01 2.008000e-03 4.443320e-01
378 5.533120e-01 2.028000e-03 4.446600e-01
379 5.529160e-01 2.116000e-03 4.449680e-01
380 5.525840e-01 2.024000e-03 4.453920e-01
381 5.521480e-01 2.072000e-03 4.457800e-01
382 5.517360e-01 2.116000e-03 4.461480e-01
383 5.513680e-01 2.116000e-03 4.465160e-01
384 5.509880e-01 2.104000e-03 4.469080e-01
385 5.506040e-01 2.184000e-03 4.472120e-01
386 5.502640e-01 2.120000e-03 4.476160e-01
387 5.499720e-01 2.084000e-03 4.479440e-01
388 5.496440e-01 2.064000e-03 4.482920e-01
389 5.494080e-01 1.952000e-03 4.486400e-01
390 5.490520e-01 1.932000e-03 4.490160e-01
391 5.486960e-01 1.968000e-03 4.493360e-01
392 5.483760e-01 1.988000e-03 4.496360e-01
393 5.480720e-01 1.960000e-03 4.499680e-01
394 5.477600e-01 1.900000e-03 4.503400e-01
395 5.474840e-01 1.880000e-03 4.506360e-01
396 5.471960e-01 1.844000e-03 4.509600e-01
397 5.469000e-01 1.832000e-03 4.512680e-01
398 5.465880e-01 1.840000e-03 4.515720e-01
399 5.463160e-01 1.788000e-03 4.518960e-01
400 5.460360e-01 1.788000e-03 4.521760e-01
401 5.457200e-01 1.784000e-03 4.524960e-01
402 5.454320e-01 1.688000e-03 4.528800e-01
403 5.451320e-01 1.620000e-03 4.532480e-01
404 5.448800e-01 1.620000e-03 4.535000e-01
405 5.446000e-01 1.604000e-03 4.537960e-01
406 5.443080e-01 1.672000e-03 4.540200e-01
407 5.440080e-01 1.684000e-03 4.543080e-01
408 5.437400e-01 1.608000e-03 4.546520e-01
409 5.435040e-01 1.532000e-03 4.549640e-01
410 5.432360e-01 1.544000e-03 4.552200e-01
411 5.429400e-01 1.608000e-03 4.554520e-01
412 5.426800e-01 1.580000e-03 4.557400e-01
413 5.423560e-01 1.680000e-03 4.559640e-01
414 5.420600e-01 1.660000e-03 4.562800e-01
415 5.417640e-01 1.676000e-03 4.565600e-01
416 5.414480e-01 1.612000e-03 4.569400e-01
417 5.411840e-01 1.652000e-03 4.571640e-01
418 5.408800e-01 1.660000e-03 4.574600e-01
419 5.405800e-01 1.648000e-03 4.577720e-01
420 5.403320e-01 1.636000e-03 4.580320e-01
421 5.400640e-01 1.708000e-03 4.582280e-01
422 5.397360e-01 1.784000e-03 4.584800e-01
423 5.393840e-01 1.792000e-03 4.588240e-01
424 5.391200e-01 1.736000e-03 4.591440e-01
425 5.387920e-01 1.780000e-03 4.594280e-01
426 5.385080e-01 1.744000e-03 4.597480e-01
427 5.382480e-01 1.692000e-03 4.600600e-01
428 5.379880e-01 1.656000e-03 4.603560e-01
429 5.377240e-01 1.632000e-03 4.606440e-01
430 5.374680e-01 1.568000e-03 4.609640e-01
431 5.371960e-01 1.540000e-03 4.612640e-01
432 5.368920e-01 1.544000e-03 4.615640e-01
433 5.366400e-01 1.496000e-03 4.618640e-01
434 5.364280e-01 1.488000e-03 4.620840e-01
435 5.361760e-01 1.480000e-03 4.623440e-01
436 5.359640e-01 1.464000e-03 4.625720e-01
437 5.357120e-01 1.500000e-03 4.627880e-01
438 5.354160e-01 1.496000e-03 4.630880e-01
439 5.351200e-01 1.584000e-03 4.632960e-01
440 5.348840e-01 1.520000e-03 4.635960e-01
441 5.346240e-01 1.516000e-03 4.638600e-01
442 5.344120e-01 1.476000e-03 4.641120e-01
443 5.341640e-01 1.428000e-03 4.644080e-01
444 5.338960e-01 1.412000e-03 4.646920e-01
445 5.336680e-01 1.360000e-03 4.649720e-01
446 5.334640e-01 1.344000e-03 4.651920e-01
447 5.332440e-01 1.328000e-03 4.654280e-01
448 5.330880e-01 1.248000e-03 4.656640e-01
449 5.329520e-01 1.144000e-03 4.659040e-01
450 5.328160e-01 1.080000e-03 4.661040e-01
451 5.326560e-01 1.060000e-03 4.662840e-01
452 5.324800e-01 1.080000e-03 4.664400e-01
453 5.323000e-01 1.104000e-03 4.665960e-01
454 5.321000e-01 1.108000e-03 4.667920e-01
455 5.319640e-01 1.112000e-03 4.669240e-01
456 5.318120e-01 1.036000e-03 4.671520e-01
457 5.316640e-01 9.960000e-04 4.673400e-01
458 5.314440e-01 1.072000e-03 4.674840e-01
459 5.312680e-01 1.096000e-03 4.676360e-01
460 5.310880e-01 1.052000e-03 4.678600e-01
461 5.308960e-01 1.088000e-03 4.680160e-01
462 5.307400e-01 1.128000e-03 4.681320e-01
463 5.304760e-01 1.248000e-03 4.682760e-01
464 5.302920e-01 1.204000e-03 4.685040e-01
465 5.301400e-01 1.160000e-03 4.687000e-01
466 5.299400e-01 1.128000e-03 4.689320e-01
467 5.297680e-01 1.116000e-03 4.691160e-01
468 5.296080e-01 1.092000e-03 4.693000e-01
469 5.294720e-01 1.048000e-03 4.694800e-01
470 5.293680e-01 9.760000e-04 4.696560e-01
471 5.292080e-01 9.600000e-04 4.698320e-01
472 5.290600e-01 9.720000e-04 4.699680e-01
473 5.289400e-01 9.280000e-04 4.701320e-01
474 5.288120e-01 8.920000e-04 4.702960e-01
475 5.286280e-01 9.000000e-04 4.704720e-01
476 5.284720e-01 9.120000e-04 4.706160e-01
477 5.283000e-01 9.600000e-04 4.707400e-01
478 5.281720e-01 9.360000e-04 4.708920e-01
479 5.280320e-01 9.000000e-04 4.710680e-01
480 5.278880e-01 8.960000e-04 4.712160e-01
481 5.277720e-01 8.240000e-04 4.714040e-01
482 5.277080e-01 7.760000e-04 4.715160e-01
483 5.276240e-01 7.440000e-04 4.716320e-01
484 5.275080e-01 7.560000e-04 4.717360e-01
485 5.273800e-01 7.600000e-04 4.718600e-01
486 5.272120e-01 8.040000e-04 4.719840e-01
487 5.271040e-01 7.840000e-04 4.721120e-01
488 5.269960e-01 7.280000e-04 4.722760e-01
489 5.268800e-01 6.920000e-04 4.724280e-01
490 5.267960e-01 6.600000e-04 4.725440e-01
491 5.266760e-01 6.360000e-04 4.726880e-01
492 5.265440e-01 6.600000e-04 4.727960e-01
493 5.263960e-01 7.000000e-04 4.729040e-01
494 5.262880e-01 6.880000e-04 4.730240e-01
495 5.261880e-01 6.720000e-04 4.731400e-01
496 5.261000e-01 6.440000e-04 4.732560e-01
497 5.260280e-01 6.080000e-04 4.733640e-01
498 5.259440e-01 5.920000e-04 4.734640e-01
499 5.258720e-01 5.520000e-04 4.735760e-01
500 5.257960e-01 5.440000e-04 4.736600e-01
