1 9.991680e-01 7.400000e-04 9.200000e-05
2 9.986640e-01 1.104000e-03 2.320000e-04
3 9.980280e-01 1.516000e-03 4.560000e-04
4 9.973240e-01 1.928000e-03 7.480000e-04
5 9.965680e-01 2.376000e-03 1.056000e-03
6 9.956640e-01 2.832000e-03 1.504000e-03
7 9.947800e-01 3.260000e-03 1.960000e-03
8 9.938320e-01 3.552000e-03 2.616000e-03
9 9.928320e-01 3.924000e-03 3.244000e-03
10 9.916520e-01 4.428000e-03 3.920000e-03
11 9.906000e-01 4.676000e-03 4.724000e-03
12 9.893480e-01 5.108000e-03 5.544000e-03
13 9.880520e-01 5.532000e-03 6.416000e-03
14 9.867680e-01 5.876000e-03 7.356000e-03
15 9.854120e-01 6.144000e-03 8.444000e-03
16 9.841360e-01 6.284000e-03 9.580000e-03
17 9.826960e-01 6.636000e-03 1.066800e-02
18 9.814320e-01 6.648000e-03 1.192000e-02
19 9.800440e-01 6.948000e-03 1.300800e-02
20 9.786240e-01 7.196000e-03 1.418000e-02
21 9.770120e-01 7.616000e-03 1.537200e-02
22 9.753640e-01 7.864000e-03 1.677200e-02
23 9.736520e-01 8.144000e-03 1.820400e-02
24 9.720320e-01 8.372000e-03 1.959600e-02
25 9.703640e-01 8.652000e-03 2.098400e-02
26 9.685600e-01 8.992000e-03 2.244800e-02
27 9.667560e-01 9.072000e-03 2.417200e-02
28 9.649920e-01 9.200000e-03 2.580800e-02
29 9.634920e-01 8.980000e-03 2.752800e-02
30 9.618240e-01 9.140000e-03 2.903600e-02
31 9.601240e-01 9.212000e-03 3.066400e-02
32 9.583480e-01 9.432000e-03 3.222000e-02
33 9.565080e-01 9.556000e-03 3.393600e-02
34 9.548680e-01 9.360000e-03 3.577200e-02
35 9.529560e-01 9.592000e-03 3.745200e-02
36 9.511920e-01 9.748000e-03 3.906000e-02
37 9.493960e-01 9.832000e-03 4.077200e-02
38 9.474800e-01 9.984000e-03 4.253600e-02
39 9.457440e-01 9.796000e-03 4.446000e-02
40 9.439760e-01 9.712000e-03 4.631200e-02
41 9.423120e-01 9.872000e-03 4.781600e-02
42 9.406200e-01 9.792000e-03 4.958800e-02
43 9.388560e-01 9.852000e-03 5.129200e-02
44 9.372560e-01 9.792000e-03 5.295200e-02
45 9.356000e-01 9.764000e-03 5.463600e-02
46 9.339440e-01 9.744000e-03 5.631200e-02
47 9.323320e-01 9.812000e-03 5.785600e-02
48 9.304680e-01 9.852000e-03 5.968000e-02
49 9.286800e-01 9.840000e-03 6.148000e-02
50 9.269440e-01 9.876000e-03 6.318000e-02
51 9.252640e-01 9.836000e-03 6.490000e-02
52 9.234600e-01 9.952000e-03 6.658800e-02
53 9.216240e-01 1.005600e-02 6.832000e-02
54 9.198400e-01 1.014800e-02 7.001200e-02
55 9.181000e-01 1.000400e-02 7.189600e-02
56 9.164240e-01 9.952000e-03 7.362400e-02
57 9.146760e-01 9.900000e-03 7.542400e-02
58 9.129440e-01 9.880000e-03 7.717600e-02
59 9.113520e-01 9.740000e-03 7.890800e-02
60 9.097800e-01 9.496000e-03 8.072400e-02
61 9.081120e-01 9.280000e-03 8.260800e-02
62 9.065120e-01 9.152000e-03 8.433600e-02
63 9.049160e-01 9.148000e-03 8.593600e-02
64 9.032560e-01 9.180000e-03 8.756400e-02
65 9.017160e-01 9.152000e-03 8.913200e-02
66 9.001920e-01 9.168000e-03 9.064000e-02
67 8.986080e-01 9.132000e-03 9.226000e-02
68 8.970120e-01 9.088000e-03 9.390000e-02
69 8.953160e-01 9.184000e-03 9.550000e-02
70 8.938120e-01 8.980000e-03 9.720800e-02
71 8.923800e-01 8.904000e-03 9.871600e-02
72 8.906800e-01 8.944000e-03 1.003760e-01
73 8.889960e-01 9.056000e-03 1.019480e-01
74 8.873480e-01 9.120000e-03 1.035320e-01
75 8.855880e-01 9.276000e-03 1.051360e-01
76 8.841640e-01 9.020000e-03 1.068160e-01
77 8.825160e-01 9.044000e-03 1.084400e-01
78 8.808280e-01 9.228000e-03 1.099440e-01
79 8.791120e-01 9.300000e-03 1.115880e-01
80 8.774360e-01 9.220000e-03 1.133440e-01
81 8.759080e-01 9.036000e-03 1.150560e-01
82 8.741240e-01 9.108000e-03 1.167680e-01
83 8.725520e-01 9.020000e-03 1.184280e-01
84 8.708520e-01 9.052000e-03 1.200960e-01
85 8.691600e-01 9.204000e-03 1.216360e-01
86 8.675280e-01 9.320000e-03 1.231520e-01
87 8.658720e-01 9.416000e-03 1.247120e-01
88 8.642200e-01 9.492000e-03 1.262880e-01
89 8.625480e-01 9.336000e-03 1.281160e-01
90 8.609520e-01 9.360000e-03 1.296880e-01
91 8.592720e-01 9.456000e-03 1.312720e-01
92 8.576280e-01 9.300000e-03 1.330720e-01
93 8.562160e-01 9.208000e-03 1.345760e-01
94 8.547840e-01 9.064000e-03 1.361520e-01
95 8.532800e-01 9.040000e-03 1.376800e-01
96 8.517600e-01 8.976000e-03 1.392640e-01
97 8.502960e-01 8.920000e-03 1.407840e-01
98 8.488240e-01 8.808000e-03 1.423680e-01
99 8.475120e-01 8.516000e-03 1.439720e-01
100 8.461520e-01 8.332000e-03 1.455160e-01
101 8.448040e-01 8.156000e-03 1.470400e-01
102 8.432360e-01 8.236000e-03 1.485280e-01
103 8.417760e-01 8.248000e-03 1.499760e-01
104 8.402240e-01 8.332000e-03 1.514440e-01
105 8.390040e-01 8.048000e-03 1.529480e-01
106 8.375920e-01 8.080000e-03 1.543280e-01
107 8.364160e-01 7.740000e-03 1.558440e-01
108 8.351240e-01 7.604000e-03 1.572720e-01
109 8.338960e-01 7.600000e-03 1.585040e-01
110 8.326720e-01 7.440000e-03 1.598880e-01
111 8.314520e-01 7.488000e-03 1.610600e-01
112 8.303000e-01 7.396000e-03 1.623040e-01
113 8.290800e-01 7.384000e-03 1.635360e-01
114 8.278480e-01 7.248000e-03 1.649040e-01
115 8.267240e-01 7.000000e-03 1.662760e-01
116 8.254280e-01 7.064000e-03 1.675080e-01
117 8.242120e-01 7.020000e-03 1.687680e-01
118 8.229440e-01 7.028000e-03 1.700280e-01
119 8.216720e-01 7.076000e-03 1.712520e-01
120 8.204040e-01 7.104000e-03 1.724920e-01
121 8.191680e-01 7.020000e-03 1.738120e-01
122 8.180520e-01 6.836000e-03 1.751120e-01
123 8.167520e-01 6.996000e-03 1.762520e-01
124 8.154080e-01 7.104000e-03 1.774880e-01
125 8.141400e-01 7.020000e-03 1.788400e-01
126 8.130040e-01 6.952000e-03 1.800440e-01
127 8.117400e-01 6.972000e-03 1.812880e-01
128 8.105640e-01 6.980000e-03 1.824560e-01
129 8.092040e-01 7.052000e-03 1.837440e-01
130 8.079080e-01 7.052000e-03 1.850400e-01
131 8.067240e-01 7.120000e-03 1.861560e-01
132 8.055800e-01 7.076000e-03 1.873440e-01
133 8.044080e-01 7.040000e-03 1.885520e-01
134 8.032240e-01 6.916000e-03 1.898600e-01
135 8.020080e-01 7.036000e-03 1.909560e-01
136 8.007040e-01 7.140000e-03 1.921560e-01
137 7.996680e-01 6.980000e-03 1.933520e-01
138 7.985360e-01 6.864000e-03 1.946000e-01
139 7.973320e-01 6.808000e-03 1.958600e-01
140 7.961600e-01 6.808000e-03 1.970320e-01
141 7.950240e-01 6.760000e-03 1.982160e-01
142 7.939560e-01 6.716000e-03 1.993280e-01
143 7.929120e-01 6.420000e-03 2.006680e-01
144 7.917840e-01 6.436000e-03 2.017800e-01
145 7.905720e-01 6.472000e-03 2.029560e-01
146 7.894080e-01 6.520000e-03 2.040720e-01
147 7.882800e-01 6.496000e-03 2.052240e-01
148 7.871720e-01 6.524000e-03 2.063040e-01
149 7.859320e-01 6.572000e-03 2.074960e-01
150 7.848240e-01 6.496000e-03 2.086800e-01
151 7.835760e-01 6.812000e-03 2.096120e-01
152 7.822920e-01 6.856000e-03 2.108520e-01
153 7.811840e-01 6.808000e-03 2.120080e-01
154 7.800560e-01 6.796000e-03 2.131480e-01
155 7.787600e-01 6.900000e-03 2.143400e-01
156 7.775200e-01 6.884000e-03 2.155960e-01
157 7.762600e-01 7.008000e-03 2.167320e-01
158 7.750160e-01 7.052000e-03 2.179320e-01
159 7.738680e-01 6.952000e-03 2.191800e-01
160 7.724720e-01 7.024000e-03 2.205040e-01
161 7.712920e-01 7.016000e-03 2.216920e-01
162 7.701920e-01 6.804000e-03 2.230040e-01
163 7.689880e-01 6.828000e-03 2.241840e-01
164 7.678440e-01 6.744000e-03 2.254120e-01
165 7.667320e-01 6.672000e-03 2.265960e-01
166 7.655040e-01 6.792000e-03 2.277040e-01
167 7.644560e-01 6.588000e-03 2.289560e-01
168 7.633040e-01 6.628000e-03 2.300680e-01
169 7.620600e-01 6.808000e-03 2.311320e-01
170 7.609960e-01 6.676000e-03 2.323280e-01
171 7.598720e-01 6.628000e-03 2.335000e-01
172 7.589120e-01 6.452000e-03 2.346360e-01
173 7.579480e-01 6.312000e-03 2.357400e-01
174 7.568760e-01 6.224000e-03 2.369000e-01
175 7.558440e-01 6.152000e-03 2.380040e-01
176 7.546920e-01 6.200000e-03 2.391080e-01
177 7.535120e-01 6.288000e-03 2.402000e-01
178 7.524360e-01 6.204000e-03 2.413600e-01
179 7.513120e-01 6.200000e-03 2.424880e-01
180 7.503360e-01 6.080000e-03 2.435840e-01
181 7.492400e-01 6.212000e-03 2.445480e-01
182 7.480960e-01 6.220000e-03 2.456840e-01
183 7.469680e-01 6.228000e-03 2.468040e-01
184 7.459800e-01 6.116000e-03 2.479040e-01
185 7.449080e-01 6.124000e-03 2.489680e-01
186 7.439320e-01 5.972000e-03 2.500960e-01
187 7.428720e-01 5.912000e-03 2.512160e-01
188 7.418280e-01 5.968000e-03 2.522040e-01
189 7.408040e-01 5.984000e-03 2.532120e-01
190 7.399720e-01 5.764000e-03 2.542640e-01
191 7.391400e-01 5.516000e-03 2.553440e-01
192 7.382320e-01 5.448000e-03 2.563200e-01
193 7.373400e-01 5.380000e-03 2.572800e-01
194 7.364600e-01 5.408000e-03 2.581320e-01
195 7.356520e-01 5.224000e-03 2.591240e-01
196 7.349000e-01 5.032000e-03 2.600680e-01
197 7.341720e-01 4.884000e-03 2.609440e-01
198 7.333720e-01 4.720000e-03 2.619080e-01
199 7.325800e-01 4.752000e-03 2.626680e-01
200 7.318160e-01 4.632000e-03 2.635520e-01
201 7.310800e-01 4.532000e-03 2.643880e-01
202 7.303560e-01 4.452000e-03 2.651920e-01
203 7.295040e-01 4.504000e-03 2.659920e-01
204 7.287920e-01 4.520000e-03 2.666880e-01
205 7.280720e-01 4.420000e-03 2.675080e-01
206 7.274920e-01 4.244000e-03 2.682640e-01
207 7.267560e-01 4.232000e-03 2.690120e-01
208 7.259200e-01 4.360000e-03 2.697200e-01
209 7.250640e-01 4.408000e-03 2.705280e-01
210 7.242760e-01 4.456000e-03 2.712680e-01
211 7.235520e-01 4.416000e-03 2.720320e-01
212 7.228200e-01 4.320000e-03 2.728600e-01
213 7.219920e-01 4.396000e-03 2.736120e-01
214 7.211440e-01 4.404000e-03 2.744520e-01
215 7.202720e-01 4.456000e-03 2.752720e-01
216 7.192680e-01 4.656000e-03 2.760760e-01
217 7.184320e-01 4.564000e-03 2.770040e-01
218 7.175440e-01 4.636000e-03 2.778200e-01
219 7.167600e-01 4.620000e-03 2.786200e-01
220 7.159600e-01 4.628000e-03 2.794120e-01
221 7.151560e-01 4.632000e-03 2.802120e-01
222 7.143040e-01 4.684000e-03 2.810120e-01
223 7.133680e-01 4.844000e-03 2.817880e-01
224 7.125040e-01 4.876000e-03 2.826200e-01
225 7.116840e-01 4.852000e-03 2.834640e-01
226 7.108960e-01 4.696000e-03 2.844080e-01
227 7.100680e-01 4.716000e-03 2.852160e-01
228 7.091920e-01 4.740000e-03 2.860680e-01
229 7.083800e-01 4.732000e-03 2.868880e-01
230 7.076120e-01 4.668000e-03 2.877200e-01
231 7.068560e-01 4.612000e-03 2.885320e-01
232 7.062440e-01 4.336000e-03 2.894200e-01
233 7.054960e-01 4.264000e-03 2.902400e-01
234 7.047080e-01 4.352000e-03 2.909400e-01
235 7.040480e-01 4.324000e-03 2.916280e-01
236 7.033600e-01 4.292000e-03 2.923480e-01
237 7.026240e-01 4.312000e-03 2.930640e-01
238 7.018480e-01 4.248000e-03 2.939040e-01
239 7.011200e-01 4.136000e-03 2.947440e-01
240 7.003880e-01 4.184000e-03 2.954280e-01
241 6.996840e-01 4.068000e-03 2.962480e-01
242 6.990640e-01 3.900000e-03 2.970360e-01
243 6.984800e-01 3.828000e-03 2.976920e-01
244 6.978520e-01 3.776000e-03 2.983720e-01
245 6.972480e-01 3.748000e-03 2.990040e-01
246 6.966600e-01 3.664000e-03 2.996760e-01
247 6.960920e-01 3.600000e-03 3.003080e-01
248 6.954240e-01 3.632000e-03 3.009440e-01
249 6.948760e-01 3.540000e-03 3.015840e-01
250 6.941680e-01 3.588000e-03 3.022440e-01
251 6.935000e-01 3.636000e-03 3.028640e-01
252 6.929040e-01 3.576000e-03 3.035200e-01
253 6.923440e-01 3.528000e-03 3.041280e-01
254 6.916800e-01 3.520000e-03 3.048000e-01
255 6.910320e-01 3.544000e-03 3.054240e-01
256 6.902400e-01 3.712000e-03 3.060480e-01
257 6.894800e-01 3.892000e-03 3.066280e-01
258 6.887520e-01 3.912000e-03 3.073360e-01
259 6.880960e-01 3.840000e-03 3.080640e-01
260 6.873880e-01 3.900000e-03 3.087120e-01
261 6.867640e-01 3.816000e-03 3.094200e-01
262 6.861080e-01 3.812000e-03 3.100800e-01
263 6.855560e-01 3.744000e-03 3.107000e-01
264 6.849560e-01 3.640000e-03 3.114040e-01
265 6.843960e-01 3.480000e-03 3.121240e-01
266 6.838480e-01 3.452000e-03 3.127000e-01
267 6.833040e-01 3.432000e-03 3.132640e-01
268 6.826760e-01 3.412000e-03 3.139120e-01
269 6.821120e-01 3.344000e-03 3.145440e-01
270 6.815040e-01 3.360000e-03 3.151360e-01
271 6.809960e-01 3.344000e-03 3.156600e-01
272 6.804480e-01 3.304000e-03 3.162480e-01
273 6.799360e-01 3.164000e-03 3.169000e-01
274 6.793960e-01 3.128000e-03 3.174760e-01
275 6.789400e-01 3.020000e-03 3.180400e-01
276 6.784560e-01 2.968000e-03 3.185760e-01
277 6.779680e-01 3.000000e-03 3.190320e-01
278 6.774240e-01 2.944000e-03 3.196320e-01
279 6.770240e-01 2.836000e-03 3.201400e-01
280 6.765640e-01 2.848000e-03 3.205880e-01
281 6.761480e-01 2.780000e-03 3.210720e-01
282 6.756800e-01 2.812000e-03 3.215080e-01
283 6.753280e-01 2.708000e-03 3.219640e-01
284 6.748560e-01 2.764000e-03 3.223800e-01
285 6.743560e-01 2.804000e-03 3.228400e-01
286 6.739960e-01 2.576000e-03 3.234280e-01
287 6.735960e-01 2.488000e-03 3.239160e-01
288 6.732320e-01 2.400000e-03 3.243680e-01
289 6.727760e-01 2.472000e-03 3.247520e-01
290 6.723960e-01 2.384000e-03 3.252200e-01
291 6.720680e-01 2.276000e-03 3.256560e-01
292 6.717640e-01 2.208000e-03 3.260280e-01
293 6.714840e-01 2.120000e-03 3.263960e-01
294 6.711720e-01 2.124000e-03 3.267040e-01
295 6.708880e-01 2.036000e-03 3.270760e-01
296 6.705920e-01 1.988000e-03 3.274200e-01
297 6.703280e-01 1.872000e-03 3.278000e-01
298 6.700240e-01 1.856000e-03 3.281200e-01
299 6.697720e-01 1.740000e-03 3.284880e-01
300 6.695120e-01 1.736000e-03 3.287520e-01
301 6.692480e-01 1.692000e-03 3.290600e-01
302 6.689640e-01 1.676000e-03 3.293600e-01
303 6.686840e-01 1.624000e-03 3.296920e-01
304 6.684120e-01 1.572000e-03 3.300160e-01
305 6.681080e-01 1.608000e-03 3.302840e-01
306 6.678600e-01 1.508000e-03 3.306320e-01
307 6.675680e-01 1.496000e-03 3.309360e-01
308 6.673240e-01 1.472000e-03 3.312040e-01
309 6.670240e-01 1.544000e-03 3.314320e-01
310 6.667680e-01 1.524000e-03 3.317080e-01
311 6.665880e-01 1.480000e-03 3.319320e-01
312 6.663280e-01 1.500000e-03 3.321720e-01
313 6.660360e-01 1.476000e-03 3.324880e-01
314 6.657560e-01 1.516000e-03 3.327280e-01
315 6.653880e-01 1.576000e-03 3.330360e-01
316 6.650960e-01 1.532000e-03 3.333720e-01
317 6.647840e-01 1.544000e-03 3.336720e-01
318 6.644760e-01 1.540000e-03 3.339840e-01
319 6.642560e-01 1.516000e-03 3.342280e-01
320 6.640640e-01 1.460000e-03 3.344760e-01
321 6.638080e-01 1.456000e-03 3.347360e-01
322 6.635160e-01 1.460000e-03 3.350240e-01
323 6.632680e-01 1.412000e-03 3.353200e-01
324 6.630120e-01 1.384000e-03 3.356040e-01
325 6.627600e-01 1.436000e-03 3.358040e-01
326 6.625160e-01 1.464000e-03 3.360200e-01
327 6.622880e-01 1.452000e-03 3.362600e-01
328 6.620920e-01 1.412000e-03 3.364960e-01
329 6.618160e-01 1.456000e-03 3.367280e-01
330 6.616040e-01 1.380000e-03 3.370160e-01
331 6.613600e-01 1.416000e-03 3.372240e-01
332 6.610880e-01 1.396000e-03 3.375160e-01
333 6.608640e-01 1.408000e-03 3.377280e-01
334 6.606480e-01 1.448000e-03 3.379040e-01
335 6.604080e-01 1.436000e-03 3.381560e-01
336 6.601400e-01 1.460000e-03 3.384000e-01
337 6.599360e-01 1.380000e-03 3.386840e-01
338 6.597280e-01 1.364000e-03 3.389080e-01
339 6.595600e-01 1.248000e-03 3.391920e-01
340 6.594280e-01 1.208000e-03 3.393640e-01
341 6.592800e-01 1.144000e-03 3.395760e-01
342 6.591320e-01 1.140000e-03 3.397280e-01
343 6.589360e-01 1.164000e-03 3.399000e-01
344 6.587480e-01 1.140000e-03 3.401120e-01
345 6.586280e-01 1.060000e-03 3.403120e-01
346 6.584720e-01 1.060000e-03 3.404680e-01
347 6.583600e-01 1.000000e-03 3.406400e-01
348 6.582320e-01 9.800000e-04 3.407880e-01
349 6.581200e-01 9.480000e-04 3.409320e-01
350 6.580200e-01 8.880000e-04 3.410920e-01
351 6.579120e-01 8.640000e-04 3.412240e-01
352 6.577800e-01 8.480000e-04 3.413720e-01
353 6.576920e-01 7.800000e-04 3.415280e-01
354 6.575400e-01 7.880000e-04 3.416720e-01
355 6.574560e-01 7.080000e-04 3.418360e-01
356 6.573520e-01 6.840000e-04 3.419640e-01
357 6.572520e-01 6.920000e-04 3.420560e-01
358 6.571400e-01 6.800000e-04 3.421800e-01
359 6.570120e-01 6.920000e-04 3.422960e-01
360 6.569000e-01 7.040000e-04 3.423960e-01
361 6.567680e-01 7.240000e-04 3.425080e-01
362 6.566280e-01 7.640000e-04 3.426080e-01
363 6.564480e-01 8.200000e-04 3.427320e-01
364 6.563200e-01 8.200000e-04 3.428600e-01
365 6.561400e-01 8.800000e-04 3.429800e-01
366 6.559480e-01 9.520000e-04 3.431000e-01
367 6.557680e-01 9.480000e-04 3.432840e-01
368 6.556480e-01 9.240000e-04 3.434280e-01
369 6.554960e-01 9.320000e-04 3.435720e-01
370 6.553000e-01 9.520000e-04 3.437480e-01
371 6.552040e-01 8.680000e-04 3.439280e-01
372 6.550880e-01 8.160000e-04 3.440960e-01
373 6.549960e-01 7.720000e-04 3.442320e-01
374 6.548720e-01 7.640000e-04 3.443640e-01
375 6.547840e-01 7.520000e-04 3.444640e-01
376 6.546280e-01 7.560000e-04 3.446160e-01
377 6.544680e-01 7.800000e-04 3.447520e-01
378 6.543600e-01 7.560000e-04 3.448840e-01
379 6.542480e-01 7.240000e-04 3.450280e-01
380 6.541440e-01 7.040000e-04 3.451520e-01
381 6.540600e-01 6.880000e-04 3.452520e-01
382 6.539320e-01 7.200000e-04 3.453480e-01
383 6.538200e-01 7.000000e-04 3.454800e-01
384 6.536880e-01 7.400000e-04 3.455720e-01
385 6.535800e-01 6.960000e-04 3.457240e-01
386 6.534960e-01 6.480000e-04 3.458560e-01
387 6.533600e-01 6.720000e-04 3.459680e-01
388 6.531960e-01 7.120000e-04 3.460920e-01
389 6.530960e-01 7.360000e-04 3.461680e-01
390 6.530280e-01 7.000000e-04 3.462720e-01
391 6.529400e-01 6.440000e-04 3.464160e-01
392 6.528520e-01 6.240000e-04 3.465240e-01
393 6.527680e-01 6.360000e-04 3.465960e-01
394 6.526880e-01 5.960000e-04 3.467160e-01
395 6.526200e-01 5.920000e-04 3.467880e-01
396 6.525280e-01 5.760000e-04 3.468960e-01
397 6.524720e-01 5.080000e-04 3.470200e-01
398 6.524320e-01 4.840000e-04 3.470840e-01
399 6.523680e-01 4.680000e-04 3.471640e-01
400 6.522920e-01 4.600000e-04 3.472480e-01
401 6.522240e-01 4.520000e-04 3.473240e-01
402 6.521760e-01 4.120000e-04 3.474120e-01
403 6.520800e-01 4.240000e-04 3.474960e-01
404 6.519680e-01 4.320000e-04 3.476000e-01
405 6.518720e-01 4.600000e-04 3.476680e-01
406 6.517280e-01 4.880000e-04 3.477840e-01
407 6.516320e-01 5.080000e-04 3.478600e-01
408 6.514960e-01 5.520000e-04 3.479520e-01
409 6.513720e-01 5.720000e-04 3.480560e-01
410 6.512000e-01 6.400000e-04 3.481600e-01
411 6.511000e-01 6.320000e-04 3.482680e-01
412 6.510080e-01 6.320000e-04 3.483600e-01
413 6.508360e-01 7.200000e-04 3.484440e-01
414 6.507160e-01 7.400000e-04 3.485440e-01
415 6.505680e-01 7.640000e-04 3.486680e-01
416 6.504080e-01 7.880000e-04 3.488040e-01
417 6.502080e-01 8.480000e-04 3.489440e-01
418 6.500360e-01 8.880000e-04 3.490760e-01
419 6.499120e-01 8.360000e-04 3.492520e-01
420 6.498200e-01 8.200000e-04 3.493600e-01
421 6.496960e-01 7.880000e-04 3.495160e-01
422 6.495760e-01 7.760000e-04 3.496480e-01
423 6.494480e-01 7.800000e-04 3.497720e-01
424 6.493520e-01 7.680000e-04 3.498800e-01
425 6.492360e-01 7.680000e-04 3.499960e-01
426 6.491240e-01 7.760000e-04 3.501000e-01
427 6.489720e-01 8.000000e-04 3.502280e-01
428 6.488440e-01 8.000000e-04 3.503560e-01
429 6.486840e-01 8.280000e-04 3.504880e-01
430 6.485600e-01 8.120000e-04 3.506280e-01
431 6.484560e-01 7.920000e-04 3.507520e-01
432 6.483600e-01 7.440000e-04 3.508960e-01
433 6.482880e-01 7.040000e-04 3.510080e-01
434 6.481800e-01 6.800000e-04 3.511400e-01
435 6.480480e-01 6.480000e-04 3.513040e-01
436 6.479720e-01 5.880000e-04 3.514400e-01
437 6.478720e-01 5.720000e-04 3.515560e-01
438 6.477600e-01 5.600000e-04 3.516800e-01
439 6.476840e-01 5.440000e-04 3.517720e-01
440 6.475520e-01 5.760000e-04 3.518720e-01
441 6.474480e-01 5.920000e-04 3.519600e-01
442 6.473680e-01 5.680000e-04 3.520640e-01
443 6.472880e-01 5.560000e-04 3.521560e-01
444 6.471800e-01 5.600000e-04 3.522600e-01
445 6.470800e-01 5.800000e-04 3.523400e-01
446 6.469720e-01 5.960000e-04 3.524320e-01
447 6.468680e-01 5.800000e-04 3.525520e-01
448 6.467680e-01 5.560000e-04 3.526760e-01
449 6.466640e-01 5.640000e-04 3.527720e-01
450 6.465840e-01 5.440000e-04 3.528720e-01
451 6.464800e-01 5.360000e-04 3.529840e-01
452 6.464240e-01 5.040000e-04 3.530720e-01
453 6.463560e-01 4.800000e-04 3.531640e-01
454 6.463040e-01 4.480000e-04 3.532480e-01
455 6.462680e-01 4.240000e-04 3.533080e-01
456 6.462040e-01 4.240000e-04 3.533720e-01
457 6.461480e-01 4.120000e-04 3.534400e-01
458 6.460280e-01 4.640000e-04 3.535080e-01
459 6.459680e-01 4.600000e-04 3.535720e-01
460 6.459000e-01 4.640000e-04 3.536360e-01
461 6.458320e-01 4.240000e-04 3.537440e-01
462 6.457600e-01 3.840000e-04 3.538560e-01
463 6.457160e-01 3.840000e-04 3.539000e-01
464 6.456800e-01 3.440000e-04 3.539760e-01
465 6.456400e-01 3.360000e-04 3.540240e-01
466 6.455840e-01 3.520000e-04 3.540640e-01
467 6.455280e-01 3.600000e-04 3.541120e-01
468 6.454600e-01 3.560000e-04 3.541840e-01
469 6.454080e-01 3.440000e-04 3.542480e-01
470 6.453200e-01 3.720000e-04 3.543080e-01
471 6.452760e-01 3.360000e-04 3.543880e-01
472 6.452320e-01 2.920000e-04 3.544760e-01
473 6.451520e-01 3.240000e-04 3.545240e-01
474 6.450920e-01 3.440000e-04 3.545640e-01
475 6.450320e-01 3.320000e-04 3.546360e-01
476 6.449560e-01 3.480000e-04 3.546960e-01
477 6.448720e-01 3.800000e-04 3.547480e-01
478 6.447880e-01 4.080000e-04 3.548040e-01
479 6.447000e-01 4.000000e-04 3.549000e-01
480 6.446360e-01 3.960000e-04 3.549680e-01
481 6.445640e-01 4.200000e-04 3.550160e-01
482 6.444600e-01 4.240000e-04 3.551160e-01
483 6.443720e-01 4.520000e-04 3.551760e-01
484 6.442720e-01 4.560000e-04 3.552720e-01
485 6.442120e-01 4.680000e-04 3.553200e-01
486 6.441440e-01 4.600000e-04 3.553960e-01
487 6.440840e-01 4.480000e-04 3.554680e-01
488 6.440440e-01 3.920000e-04 3.555640e-01
489 6.439960e-01 3.560000e-04 3.556480e-01
490 6.439440e-01 3.400000e-04 3.557160e-01
491 6.438640e-01 3.200000e-04 3.558160e-01
492 6.438160e-01 3.120000e-04 3.558720e-01
493 6.437520e-01 3.160000e-04 3.559320e-01
494 6.436920e-01 3.240000e-04 3.559840e-01
495 6.436440e-01 3.280000e-04 3.560280e-01
496 6.436000e-01 3.160000e-04 3.560840e-01
497 6.435240e-01 3.480000e-04 3.561280e-01
498 6.434800e-01 3.400000e-04 3.561800e-01
499 6.434240e-01 3.040000e-04 3.562720e-01
500 6.433720e-01 3.120000e-04 3.563160e-01
