1 9.991960e-01 6.760000e-04 1.280000e-04
2 9.987640e-01 9.680000e-04 2.680000e-04
3 9.981960e-01 1.328000e-03 4.760000e-04
4 9.975960e-01 1.692000e-03 7.120000e-04
5 9.968680e-01 2.068000e-03 1.064000e-03
6 9.961560e-01 2.404000e-03 1.440000e-03
7 9.953040e-01 2.780000e-03 1.916000e-03
8 9.943760e-01 3.136000e-03 2.488000e-03
9 9.935080e-01 3.380000e-03 3.112000e-03
10 9.924960e-01 3.764000e-03 3.740000e-03
11 9.914560e-01 4.036000e-03 4.508000e-03
12 9.904480e-01 4.324000e-03 5.228000e-03
13 9.893480e-01 4.640000e-03 6.012000e-03
14 9.883640e-01 4.732000e-03 6.904000e-03
15 9.873840e-01 4.928000e-03 7.688000e-03
16 9.861680e-01 5.272000e-03 8.560000e-03
17 9.850640e-01 5.404000e-03 9.532000e-03
18 9.839080e-01 5.592000e-03 1.050000e-02
19 9.827400e-01 5.784000e-03 1.147600e-02
20 9.815120e-01 6.156000e-03 1.233200e-02
21 9.803840e-01 6.148000e-03 1.346800e-02
22 9.790800e-01 6.424000e-03 1.449600e-02
23 9.778400e-01 6.548000e-03 1.561200e-02
24 9.765480e-01 6.636000e-03 1.681600e-02
25 9.752840e-01 6.712000e-03 1.800400e-02
26 9.739800e-01 6.824000e-03 1.919600e-02
27 9.726200e-01 7.008000e-03 2.037200e-02
28 9.714120e-01 7.000000e-03 2.158800e-02
29 9.700920e-01 7.168000e-03 2.274000e-02
30 9.686800e-01 7.264000e-03 2.405600e-02
31 9.672600e-01 7.324000e-03 2.541600e-02
32 9.657440e-01 7.548000e-03 2.670800e-02
33 9.643440e-01 7.608000e-03 2.804800e-02
34 9.629760e-01 7.692000e-03 2.933200e-02
35 9.616160e-01 7.676000e-03 3.070800e-02
36 9.602320e-01 7.644000e-03 3.212400e-02
37 9.587760e-01 7.716000e-03 3.350800e-02
38 9.572400e-01 7.940000e-03 3.482000e-02
39 9.557400e-01 8.108000e-03 3.615200e-02
40 9.541320e-01 8.384000e-03 3.748400e-02
41 9.526000e-01 8.532000e-03 3.886800e-02
42 9.510640e-01 8.548000e-03 4.038800e-02
43 9.494120e-01 8.628000e-03 4.196000e-02
44 9.479560e-01 8.528000e-03 4.351600e-02
45 9.463800e-01 8.576000e-03 4.504400e-02
46 9.447200e-01 8.768000e-03 4.651200e-02
47 9.429920e-01 8.844000e-03 4.816400e-02
48 9.414000e-01 8.852000e-03 4.974800e-02
49 9.398440e-01 8.808000e-03 5.134800e-02
50 9.381520e-01 9.044000e-03 5.280400e-02
51 9.364120e-01 9.276000e-03 5.431200e-02
52 9.345760e-01 9.480000e-03 5.594400e-02
53 9.328160e-01 9.636000e-03 5.754800e-02
54 9.310600e-01 9.616000e-03 5.932400e-02
55 9.293840e-01 9.444000e-03 6.117200e-02
56 9.275600e-01 9.600000e-03 6.284000e-02
57 9.259480e-01 9.496000e-03 6.455600e-02
58 9.241960e-01 9.540000e-03 6.626400e-02
59 9.225040e-01 9.696000e-03 6.780000e-02
60 9.206680e-01 9.888000e-03 6.944400e-02
61 9.190360e-01 9.880000e-03 7.108400e-02
62 9.172240e-01 9.924000e-03 7.285200e-02
63 9.154320e-01 1.006800e-02 7.450000e-02
64 9.136400e-01 1.022800e-02 7.613200e-02
65 9.118800e-01 1.018400e-02 7.793600e-02
66 9.099760e-01 1.034000e-02 7.968400e-02
67 9.082600e-01 1.037600e-02 8.136400e-02
68 9.063440e-01 1.046400e-02 8.319200e-02
69 9.045160e-01 1.036000e-02 8.512400e-02
70 9.027240e-01 1.035600e-02 8.692000e-02
71 9.008600e-01 1.042400e-02 8.871600e-02
72 8.992800e-01 1.018800e-02 9.053200e-02
73 8.976360e-01 1.017200e-02 9.219200e-02
74 8.959160e-01 1.013600e-02 9.394800e-02
75 8.942480e-01 1.010800e-02 9.564400e-02
76 8.926200e-01 9.920000e-03 9.746000e-02
77 8.908760e-01 1.005200e-02 9.907200e-02
78 8.891720e-01 1.009200e-02 1.007360e-01
79 8.874720e-01 1.002800e-02 1.025000e-01
80 8.857120e-01 1.014000e-02 1.041480e-01
81 8.840360e-01 1.005600e-02 1.059080e-01
82 8.822640e-01 1.003600e-02 1.077000e-01
83 8.804280e-01 1.016000e-02 1.094120e-01
84 8.785280e-01 1.036800e-02 1.111040e-01
85 8.767400e-01 1.036000e-02 1.129000e-01
86 8.748600e-01 1.043600e-02 1.147040e-01
87 8.730280e-01 1.052400e-02 1.164480e-01
88 8.711120e-01 1.064400e-02 1.182440e-01
89 8.693080e-01 1.062800e-02 1.200640e-01
90 8.675480e-01 1.060000e-02 1.218520e-01
91 8.656960e-01 1.052800e-02 1.237760e-01
92 8.639080e-01 1.040000e-02 1.256920e-01
93 8.621240e-01 1.048800e-02 1.273880e-01
94 8.603640e-01 1.038400e-02 1.292520e-01
95 8.586560e-01 1.032800e-02 1.310160e-01
96 8.569200e-01 1.021600e-02 1.328640e-01
97 8.552960e-01 9.948000e-03 1.347560e-01
98 8.536680e-01 9.868000e-03 1.364640e-01
99 8.519000e-01 9.812000e-03 1.382880e-01
100 8.501040e-01 9.864000e-03 1.400320e-01
101 8.481960e-01 9.964000e-03 1.418400e-01
102 8.466000e-01 9.752000e-03 1.436480e-01
103 8.448560e-01 9.716000e-03 1.454280e-01
104 8.432040e-01 9.740000e-03 1.470560e-01
105 8.412880e-01 1.002800e-02 1.486840e-01
106 8.396600e-01 9.856000e-03 1.504840e-01
107 8.378480e-01 1.010400e-02 1.520480e-01
108 8.360240e-01 1.009600e-02 1.538800e-01
109 8.342640e-01 1.021200e-02 1.555240e-01
110 8.324840e-01 1.010800e-02 1.574080e-01
111 8.308040e-01 1.006000e-02 1.591360e-01
112 8.292080e-01 9.984000e-03 1.608080e-01
113 8.274480e-01 1.003200e-02 1.625200e-01
114 8.257960e-01 1.010800e-02 1.640960e-01
115 8.241760e-01 1.010800e-02 1.657160e-01
116 8.224480e-01 1.012400e-02 1.674280e-01
117 8.206120e-01 1.012800e-02 1.692600e-01
118 8.188560e-01 1.008400e-02 1.710600e-01
119 8.171520e-01 1.007200e-02 1.727760e-01
120 8.154680e-01 9.868000e-03 1.746640e-01
121 8.137560e-01 9.976000e-03 1.762680e-01
122 8.121960e-01 9.680000e-03 1.781240e-01
123 8.104920e-01 9.692000e-03 1.798160e-01
124 8.088760e-01 9.660000e-03 1.814640e-01
125 8.072840e-01 9.436000e-03 1.832800e-01
126 8.057880e-01 9.184000e-03 1.850280e-01
127 8.043360e-01 9.132000e-03 1.865320e-01
128 8.028280e-01 8.956000e-03 1.882160e-01
129 8.013880e-01 8.856000e-03 1.897560e-01
130 7.998040e-01 8.956000e-03 1.912400e-01
131 7.983000e-01 8.976000e-03 1.927240e-01
132 7.967120e-01 9.080000e-03 1.942080e-01
133 7.949640e-01 9.132000e-03 1.959040e-01
134 7.934280e-01 9.208000e-03 1.973640e-01
135 7.916920e-01 9.252000e-03 1.990560e-01
136 7.900920e-01 9.204000e-03 2.007040e-01
137 7.885880e-01 9.044000e-03 2.023680e-01
138 7.870520e-01 9.060000e-03 2.038880e-01
139 7.856160e-01 8.968000e-03 2.054160e-01
140 7.842880e-01 8.636000e-03 2.070760e-01
141 7.827160e-01 8.576000e-03 2.087080e-01
142 7.812520e-01 8.464000e-03 2.102840e-01
143 7.798320e-01 8.328000e-03 2.118400e-01
144 7.785040e-01 8.228000e-03 2.132680e-01
145 7.770160e-01 8.212000e-03 2.147720e-01
146 7.754320e-01 8.460000e-03 2.161080e-01
147 7.740160e-01 8.460000e-03 2.175240e-01
148 7.725840e-01 8.436000e-03 2.189800e-01
149 7.712120e-01 8.304000e-03 2.204840e-01
150 7.699440e-01 8.052000e-03 2.220040e-01
151 7.686720e-01 8.036000e-03 2.232920e-01
152 7.674240e-01 7.924000e-03 2.246520e-01
153 7.661440e-01 7.788000e-03 2.260680e-01
154 7.649400e-01 7.540000e-03 2.275200e-01
155 7.638560e-01 7.356000e-03 2.287880e-01
156 7.626000e-01 7.204000e-03 2.301960e-01
157 7.614160e-01 7.120000e-03 2.314640e-01
158 7.603120e-01 7.044000e-03 2.326440e-01
159 7.591800e-01 7.024000e-03 2.337960e-01
160 7.580200e-01 6.896000e-03 2.350840e-01
161 7.567800e-01 6.924000e-03 2.362960e-01
162 7.557560e-01 6.824000e-03 2.374200e-01
163 7.548120e-01 6.576000e-03 2.386120e-01
164 7.537280e-01 6.584000e-03 2.396880e-01
165 7.527600e-01 6.392000e-03 2.408480e-01
166 7.517200e-01 6.268000e-03 2.420120e-01
167 7.506600e-01 6.228000e-03 2.431120e-01
168 7.496360e-01 6.200000e-03 2.441640e-01
169 7.486960e-01 6.064000e-03 2.452400e-01
170 7.477400e-01 6.112000e-03 2.461480e-01
171 7.467680e-01 5.920000e-03 2.473120e-01
172 7.458680e-01 5.816000e-03 2.483160e-01
173 7.448520e-01 5.816000e-03 2.493320e-01
174 7.439160e-01 5.752000e-03 2.503320e-01
175 7.429640e-01 5.700000e-03 2.513360e-01
176 7.421280e-01 5.588000e-03 2.522840e-01
177 7.412160e-01 5.508000e-03 2.532760e-01
178 7.404000e-01 5.244000e-03 2.543560e-01
179 7.395280e-01 5.276000e-03 2.551960e-01
180 7.385320e-01 5.332000e-03 2.561360e-01
181 7.377040e-01 5.276000e-03 2.570200e-01
182 7.368640e-01 5.248000e-03 2.578880e-01
183 7.360040e-01 5.112000e-03 2.588840e-01
184 7.350800e-01 5.208000e-03 2.597120e-01
185 7.342000e-01 5.180000e-03 2.606200e-01
186 7.333480e-01 5.152000e-03 2.615000e-01
187 7.324200e-01 5.112000e-03 2.624680e-01
188 7.316160e-01 5.008000e-03 2.633760e-01
189 7.307800e-01 4.968000e-03 2.642520e-01
190 7.298320e-01 4.996000e-03 2.651720e-01
191 7.290720e-01 4.808000e-03 2.661200e-01
192 7.283760e-01 4.648000e-03 2.669760e-01
193 7.276080e-01 4.576000e-03 2.678160e-01
194 7.269800e-01 4.328000e-03 2.686920e-01
195 7.263200e-01 4.116000e-03 2.695640e-01
196 7.256800e-01 4.060000e-03 2.702600e-01
197 7.250600e-01 4.012000e-03 2.709280e-01
198 7.244240e-01 3.984000e-03 2.715920e-01
199 7.237640e-01 3.912000e-03 2.723240e-01
200 7.231200e-01 3.844000e-03 2.730360e-01
201 7.223880e-01 3.844000e-03 2.737680e-01
202 7.217760e-01 3.796000e-03 2.744280e-01
203 7.212000e-01 3.744000e-03 2.750560e-01
204 7.204880e-01 3.788000e-03 2.757240e-01
205 7.198560e-01 3.828000e-03 2.763160e-01
206 7.192240e-01 3.816000e-03 2.769600e-01
207 7.185400e-01 3.828000e-03 2.776320e-01
208 7.178720e-01 3.760000e-03 2.783680e-01
209 7.172040e-01 3.768000e-03 2.790280e-01
210 7.165800e-01 3.732000e-03 2.796880e-01
211 7.159920e-01 3.732000e-03 2.802760e-01
212 7.153680e-01 3.700000e-03 2.809320e-01
213 7.148120e-01 3.652000e-03 2.815360e-01
214 7.142280e-01 3.648000e-03 2.821240e-01
215 7.135920e-01 3.644000e-03 2.827640e-01
216 7.130200e-01 3.560000e-03 2.834200e-01
217 7.124080e-01 3.608000e-03 2.839840e-01
218 7.117920e-01 3.552000e-03 2.846560e-01
219 7.112920e-01 3.420000e-03 2.852880e-01
220 7.108240e-01 3.260000e-03 2.859160e-01
221 7.103280e-01 3.180000e-03 2.864920e-01
222 7.099240e-01 3.068000e-03 2.870080e-01
223 7.095440e-01 2.908000e-03 2.875480e-01
224 7.091040e-01 2.936000e-03 2.879600e-01
225 7.087160e-01 2.716000e-03 2.885680e-01
226 7.082960e-01 2.620000e-03 2.890840e-01
227 7.078760e-01 2.556000e-03 2.895680e-01
228 7.074840e-01 2.484000e-03 2.900320e-01
229 7.071160e-01 2.428000e-03 2.904560e-01
230 7.066840e-01 2.408000e-03 2.909080e-01
231 7.062000e-01 2.456000e-03 2.913440e-01
232 7.058960e-01 2.272000e-03 2.918320e-01
233 7.055120e-01 2.284000e-03 2.922040e-01
234 7.051240e-01 2.240000e-03 2.926360e-01
235 7.047440e-01 2.228000e-03 2.930280e-01
236 7.044680e-01 2.088000e-03 2.934440e-01
237 7.041440e-01 2.036000e-03 2.938200e-01
238 7.038440e-01 2.000000e-03 2.941560e-01
239 7.035120e-01 2.000000e-03 2.944880e-01
240 7.031960e-01 2.004000e-03 2.948000e-01
241 7.028520e-01 2.052000e-03 2.950960e-01
242 7.025760e-01 2.024000e-03 2.954000e-01
243 7.022360e-01 1.988000e-03 2.957760e-01
244 7.019000e-01 2.036000e-03 2.960640e-01
245 7.015320e-01 1.984000e-03 2.964840e-01
246 7.012400e-01 1.900000e-03 2.968600e-01
247 7.008840e-01 1.948000e-03 2.971680e-01
248 7.006240e-01 1.864000e-03 2.975120e-01
249 7.003320e-01 1.820000e-03 2.978480e-01
250 7.000400e-01 1.824000e-03 2.981360e-01
251 6.997440e-01 1.748000e-03 2.985080e-01
252 6.993720e-01 1.792000e-03 2.988360e-01
253 6.989720e-01 1.876000e-03 2.991520e-01
254 6.985280e-01 1.992000e-03 2.994800e-01
255 6.980680e-01 2.076000e-03 2.998560e-01
256 6.977720e-01 2.028000e-03 3.002000e-01
257 6.973680e-01 2.008000e-03 3.006240e-01
258 6.969440e-01 2.088000e-03 3.009680e-01
259 6.965320e-01 2.132000e-03 3.013360e-01
260 6.961440e-01 2.124000e-03 3.017320e-01
261 6.957920e-01 2.116000e-03 3.020920e-01
262 6.955160e-01 2.024000e-03 3.024600e-01
263 6.951240e-01 2.044000e-03 3.028320e-01
264 6.947120e-01 2.076000e-03 3.032120e-01
265 6.943600e-01 2.076000e-03 3.035640e-01
266 6.939720e-01 2.084000e-03 3.039440e-01
267 6.936360e-01 2.064000e-03 3.043000e-01
268 6.933280e-01 1.984000e-03 3.046880e-01
269 6.929440e-01 2.044000e-03 3.050120e-01
270 6.927000e-01 1.972000e-03 3.053280e-01
271 6.923960e-01 1.940000e-03 3.056640e-01
272 6.921160e-01 1.832000e-03 3.060520e-01
273 6.918760e-01 1.700000e-03 3.064240e-01
274 6.915640e-01 1.788000e-03 3.066480e-01
275 6.912920e-01 1.768000e-03 3.069400e-01
276 6.909920e-01 1.700000e-03 3.073080e-01
277 6.906320e-01 1.764000e-03 3.076040e-01
278 6.902840e-01 1.816000e-03 3.079000e-01
279 6.898720e-01 1.936000e-03 3.081920e-01
280 6.894960e-01 1.976000e-03 3.085280e-01
281 6.890760e-01 2.044000e-03 3.088800e-01
282 6.886280e-01 2.112000e-03 3.092600e-01
283 6.881720e-01 2.188000e-03 3.096400e-01
284 6.877880e-01 2.148000e-03 3.100640e-01
285 6.874200e-01 2.132000e-03 3.104480e-01
286 6.870000e-01 2.204000e-03 3.107960e-01
287 6.865960e-01 2.216000e-03 3.111880e-01
288 6.862040e-01 2.248000e-03 3.115480e-01
289 6.858120e-01 2.216000e-03 3.119720e-01
290 6.854120e-01 2.240000e-03 3.123480e-01
291 6.850760e-01 2.212000e-03 3.127120e-01
292 6.847360e-01 2.108000e-03 3.131560e-01
293 6.843480e-01 2.124000e-03 3.135280e-01
294 6.838920e-01 2.228000e-03 3.138800e-01
295 6.834000e-01 2.296000e-03 3.143040e-01
296 6.829920e-01 2.364000e-03 3.146440e-01
297 6.826040e-01 2.312000e-03 3.150840e-01
298 6.821920e-01 2.380000e-03 3.154280e-01
299 6.818000e-01 2.404000e-03 3.157960e-01
300 6.814400e-01 2.352000e-03 3.162080e-01
301 6.810840e-01 2.300000e-03 3.166160e-01
302 6.806880e-01 2.236000e-03 3.170760e-01
303 6.802520e-01 2.252000e-03 3.174960e-01
304 6.797760e-01 2.320000e-03 3.179040e-01
305 6.793760e-01 2.308000e-03 3.183160e-01
306 6.789000e-01 2.292000e-03 3.188080e-01
307 6.784920e-01 2.276000e-03 3.192320e-01
308 6.781040e-01 2.304000e-03 3.195920e-01
309 6.776800e-01 2.340000e-03 3.199800e-01
310 6.772960e-01 2.320000e-03 3.203840e-01
311 6.769200e-01 2.328000e-03 3.207520e-01
312 6.765800e-01 2.240000e-03 3.211800e-01
313 6.762680e-01 2.168000e-03 3.215640e-01
314 6.759000e-01 2.176000e-03 3.219240e-01
315 6.755920e-01 2.040000e-03 3.223680e-01
316 6.752560e-01 1.944000e-03 3.228000e-01
317 6.749680e-01 1.928000e-03 3.231040e-01
318 6.746760e-01 1.872000e-03 3.234520e-01
319 6.744120e-01 1.788000e-03 3.238000e-01
320 6.741400e-01 1.708000e-03 3.241520e-01
321 6.738880e-01 1.644000e-03 3.244680e-01
322 6.736600e-01 1.580000e-03 3.247600e-01
323 6.733920e-01 1.652000e-03 3.249560e-01
324 6.731800e-01 1.552000e-03 3.252680e-01
325 6.729400e-01 1.500000e-03 3.255600e-01
326 6.727640e-01 1.424000e-03 3.258120e-01
327 6.725560e-01 1.392000e-03 3.260520e-01
328 6.722680e-01 1.448000e-03 3.262840e-01
329 6.720120e-01 1.476000e-03 3.265120e-01
330 6.718040e-01 1.484000e-03 3.267120e-01
331 6.715240e-01 1.516000e-03 3.269600e-01
332 6.711960e-01 1.564000e-03 3.272400e-01
333 6.709080e-01 1.592000e-03 3.275000e-01
334 6.705320e-01 1.692000e-03 3.277760e-01
335 6.702040e-01 1.712000e-03 3.280840e-01
336 6.698520e-01 1.776000e-03 3.283720e-01
337 6.695600e-01 1.724000e-03 3.287160e-01
338 6.692320e-01 1.760000e-03 3.290080e-01
339 6.688920e-01 1.800000e-03 3.293080e-01
340 6.686560e-01 1.728000e-03 3.296160e-01
341 6.683600e-01 1.784000e-03 3.298560e-01
342 6.680560e-01 1.808000e-03 3.301360e-01
343 6.677000e-01 1.852000e-03 3.304480e-01
344 6.673440e-01 1.924000e-03 3.307320e-01
345 6.670200e-01 1.940000e-03 3.310400e-01
346 6.667080e-01 1.896000e-03 3.313960e-01
347 6.664040e-01 1.828000e-03 3.317680e-01
348 6.661120e-01 1.744000e-03 3.321440e-01
349 6.658440e-01 1.708000e-03 3.324480e-01
350 6.655960e-01 1.712000e-03 3.326920e-01
351 6.653560e-01 1.628000e-03 3.330160e-01
352 6.651000e-01 1.600000e-03 3.333000e-01
353 6.648200e-01 1.612000e-03 3.335680e-01
354 6.646280e-01 1.488000e-03 3.338840e-01
355 6.644120e-01 1.464000e-03 3.341240e-01
356 6.642280e-01 1.428000e-03 3.343440e-01
357 6.640280e-01 1.408000e-03 3.345640e-01
358 6.638240e-01 1.376000e-03 3.348000e-01
359 6.635920e-01 1.384000e-03 3.350240e-01
360 6.633480e-01 1.376000e-03 3.352760e-01
361 6.631000e-01 1.348000e-03 3.355520e-01
362 6.629040e-01 1.336000e-03 3.357600e-01
363 6.626840e-01 1.324000e-03 3.359920e-01
364 6.624920e-01 1.280000e-03 3.362280e-01
365 6.622760e-01 1.280000e-03 3.364440e-01
366 6.620800e-01 1.248000e-03 3.366720e-01
367 6.619080e-01 1.204000e-03 3.368880e-01
368 6.617840e-01 1.096000e-03 3.371200e-01
369 6.616280e-01 1.068000e-03 3.373040e-01
370 6.614800e-01 1.048000e-03 3.374720e-01
371 6.613280e-01 9.920000e-04 3.376800e-01
372 6.611760e-01 9.360000e-04 3.378880e-01
373 6.609800e-01 9.720000e-04 3.380480e-01
374 6.608200e-01 9.520000e-04 3.382280e-01
375 6.606320e-01 9.520000e-04 3.384160e-01
376 6.605160e-01 8.960000e-04 3.385880e-01
377 6.603920e-01 8.680000e-04 3.387400e-01
378 6.602320e-01 8.960000e-04 3.388720e-01
379 6.600920e-01 8.840000e-04 3.390240e-01
380 6.599120e-01 8.880000e-04 3.392000e-01
381 6.597600e-01 8.800000e-04 3.393600e-01
382 6.595520e-01 9.240000e-04 3.395240e-01
383 6.594120e-01 9.160000e-04 3.396720e-01
384 6.592080e-01 9.600000e-04 3.398320e-01
385 6.590360e-01 9.680000e-04 3.399960e-01
386 6.588480e-01 9.920000e-04 3.401600e-01
387 6.586520e-01 9.960000e-04 3.403520e-01
388 6.584880e-01 9.720000e-04 3.405400e-01
389 6.582800e-01 9.760000e-04 3.407440e-01
390 6.581040e-01 9.640000e-04 3.409320e-01
391 6.579680e-01 9.440000e-04 3.410880e-01
392 6.577920e-01 9.600000e-04 3.412480e-01
393 6.575400e-01 1.052000e-03 3.414080e-01
394 6.573440e-01 1.060000e-03 3.415960e-01
395 6.571520e-01 1.072000e-03 3.417760e-01
396 6.569240e-01 1.112000e-03 3.419640e-01
397 6.567920e-01 1.064000e-03 3.421440e-01
398 6.566160e-01 1.072000e-03 3.423120e-01
399 6.564160e-01 1.088000e-03 3.424960e-01
400 6.562200e-01 1.144000e-03 3.426360e-01
401 6.560320e-01 1.128000e-03 3.428400e-01
402 6.558960e-01 1.056000e-03 3.430480e-01
403 6.556880e-01 1.032000e-03 3.432800e-01
404 6.555160e-01 1.052000e-03 3.434320e-01
405 6.553360e-01 1.064000e-03 3.436000e-01
406 6.551640e-01 1.060000e-03 3.437760e-01
407 6.550000e-01 1.024000e-03 3.439760e-01
408 6.548800e-01 1.004000e-03 3.441160e-01
409 6.547080e-01 1.020000e-03 3.442720e-01
410 6.545640e-01 1.088000e-03 3.443480e-01
411 6.543720e-01 1.100000e-03 3.445280e-01
412 6.541920e-01 1.112000e-03 3.446960e-01
413 6.540320e-01 1.024000e-03 3.449440e-01
414 6.538480e-01 9.880000e-04 3.451640e-01
415 6.537120e-01 9.560000e-04 3.453320e-01
416 6.535680e-01 9.240000e-04 3.455080e-01
417 6.534600e-01 8.720000e-04 3.456680e-01
418 6.533480e-01 8.320000e-04 3.458200e-01
419 6.532480e-01 7.520000e-04 3.460000e-01
420 6.531680e-01 7.080000e-04 3.461240e-01
421 6.530680e-01 7.080000e-04 3.462240e-01
422 6.529560e-01 7.040000e-04 3.463400e-01
423 6.528400e-01 7.120000e-04 3.464480e-01
424 6.527320e-01 7.000000e-04 3.465680e-01
425 6.526400e-01 6.720000e-04 3.466880e-01
426 6.525720e-01 6.080000e-04 3.468200e-01
427 6.524880e-01 5.760000e-04 3.469360e-01
428 6.523760e-01 5.840000e-04 3.470400e-01
429 6.522760e-01 5.720000e-04 3.471520e-01
430 6.521440e-01 6.160000e-04 3.472400e-01
431 6.520040e-01 6.480000e-04 3.473480e-01
432 6.519080e-01 6.360000e-04 3.474560e-01
433 6.517880e-01 6.360000e-04 3.475760e-01
434 6.516280e-01 6.760000e-04 3.476960e-01
435 6.515160e-01 6.520000e-04 3.478320e-01
436 6.513960e-01 6.480000e-04 3.479560e-01
437 6.513040e-01 6.200000e-04 3.480760e-01
438 6.512480e-01 5.560000e-04 3.481960e-01
439 6.511960e-01 5.240000e-04 3.482800e-01
440 6.511480e-01 4.960000e-04 3.483560e-01
441 6.511040e-01 4.360000e-04 3.484600e-01
442 6.510680e-01 4.200000e-04 3.485120e-01
443 6.510120e-01 4.240000e-04 3.485640e-01
444 6.509840e-01 3.840000e-04 3.486320e-01
445 6.509560e-01 3.640000e-04 3.486800e-01
446 6.509160e-01 3.520000e-04 3.487320e-01
447 6.508840e-01 3.320000e-04 3.487840e-01
448 6.508560e-01 2.920000e-04 3.488520e-01
449 6.508360e-01 2.520000e-04 3.489120e-01
450 6.508000e-01 2.440000e-04 3.489560e-01
451 6.507680e-01 2.240000e-04 3.490080e-01
452 6.507320e-01 2.240000e-04 3.490440e-01
453 6.506800e-01 2.280000e-04 3.490920e-01
454 6.506440e-01 2.360000e-04 3.491200e-01
455 6.505840e-01 2.440000e-04 3.491720e-01
456 6.505280e-01 2.480000e-04 3.492240e-01
457 6.504600e-01 2.840000e-04 3.492560e-01
458 6.504360e-01 2.640000e-04 3.493000e-01
459 6.503880e-01 2.360000e-04 3.493760e-01
460 6.503160e-01 2.320000e-04 3.494520e-01
461 6.502560e-01 2.520000e-04 3.494920e-01
462 6.501840e-01 2.760000e-04 3.495400e-01
463 6.501120e-01 2.960000e-04 3.495920e-01
464 6.500520e-01 3.040000e-04 3.496440e-01
465 6.499840e-01 3.120000e-04 3.497040e-01
466 6.499440e-01 2.840000e-04 3.497720e-01
467 6.498960e-01 2.880000e-04 3.498160e-01
468 6.498480e-01 2.960000e-04 3.498560e-01
469 6.498120e-01 2.920000e-04 3.498960e-01
470 6.497440e-01 3.120000e-04 3.499440e-01
471 6.496920e-01 3.040000e-04 3.500040e-01
472 6.496240e-01 3.120000e-04 3.500640e-01
473 6.495760e-01 3.080000e-04 3.501160e-01
474 6.495400e-01 3.200000e-04 3.501400e-01
475 6.495080e-01 3.160000e-04 3.501760e-01
476 6.494320e-01 3.400000e-04 3.502280e-01
477 6.493880e-01 3.040000e-04 3.503080e-01
478 6.493320e-01 3.160000e-04 3.503520e-01
479 6.492800e-01 3.240000e-04 3.503960e-01
480 6.492360e-01 3.360000e-04 3.504280e-01
481 6.491680e-01 3.600000e-04 3.504720e-01
482 6.491280e-01 3.320000e-04 3.505400e-01
483 6.490960e-01 2.960000e-04 3.506080e-01
484 6.490520e-01 3.000000e-04 3.506480e-01
485 6.490120e-01 2.880000e-04 3.507000e-01
486 6.489640e-01 2.800000e-04 3.507560e-01
487 6.489320e-01 2.560000e-04 3.508120e-01
488 6.488960e-01 2.560000e-04 3.508480e-01
489 6.488600e-01 2.400000e-04 3.509000e-01
490 6.488320e-01 2.280000e-04 3.509400e-01
491 6.488080e-01 2.160000e-04 3.509760e-01
492 6.487800e-01 2.160000e-04 3.510040e-01
493 6.487120e-01 2.440000e-04 3.510440e-01
494 6.486560e-01 2.680000e-04 3.510760e-01
495 6.485800e-01 2.680000e-04 3.511520e-01
496 6.485200e-01 2.880000e-04 3.511920e-01
497 6.484480e-01 2.880000e-04 3.512640e-01
498 6.484000e-01 2.920000e-04 3.513080e-01
499 6.483080e-01 3.400000e-04 3.513520e-01
500 6.482000e-01 3.880000e-04 3.514120e-01
