1 9.992160e-01 7.120000e-04 7.200000e-05
2 9.986720e-01 1.144000e-03 1.840000e-04
3 9.981040e-01 1.480000e-03 4.160000e-04
4 9.972760e-01 2.004000e-03 7.200000e-04
5 9.965240e-01 2.368000e-03 1.108000e-03
6 9.956240e-01 2.804000e-03 1.572000e-03
7 9.947440e-01 3.104000e-03 2.152000e-03
8 9.937720e-01 3.516000e-03 2.712000e-03
9 9.928520e-01 3.772000e-03 3.376000e-03
10 9.918120e-01 4.140000e-03 4.048000e-03
11 9.906440e-01 4.532000e-03 4.824000e-03
12 9.895160e-01 4.800000e-03 5.684000e-03
13 9.883360e-01 5.128000e-03 6.536000e-03
14 9.872760e-01 5.328000e-03 7.396000e-03
15 9.860960e-01 5.536000e-03 8.368000e-03
16 9.849800e-01 5.668000e-03 9.352000e-03
17 9.837760e-01 5.956000e-03 1.026800e-02
18 9.824560e-01 6.112000e-03 1.143200e-02
19 9.812400e-01 6.200000e-03 1.256000e-02
20 9.800240e-01 6.308000e-03 1.366800e-02
21 9.787040e-01 6.520000e-03 1.477600e-02
22 9.773760e-01 6.692000e-03 1.593200e-02
23 9.759120e-01 7.012000e-03 1.707600e-02
24 9.744480e-01 7.140000e-03 1.841200e-02
25 9.729840e-01 7.320000e-03 1.969600e-02
26 9.715600e-01 7.460000e-03 2.098000e-02
27 9.700240e-01 7.668000e-03 2.230800e-02
28 9.686040e-01 7.756000e-03 2.364000e-02
29 9.672040e-01 7.696000e-03 2.510000e-02
30 9.657040e-01 7.796000e-03 2.650000e-02
31 9.642480e-01 7.876000e-03 2.787600e-02
32 9.628000e-01 7.944000e-03 2.925600e-02
33 9.613080e-01 8.092000e-03 3.060000e-02
34 9.598400e-01 8.176000e-03 3.198400e-02
35 9.583160e-01 8.228000e-03 3.345600e-02
36 9.568200e-01 8.220000e-03 3.496000e-02
37 9.553760e-01 8.104000e-03 3.652000e-02
38 9.539760e-01 8.168000e-03 3.785600e-02
39 9.524760e-01 8.188000e-03 3.933600e-02
40 9.511360e-01 8.096000e-03 4.076800e-02
41 9.498120e-01 8.136000e-03 4.205200e-02
42 9.484760e-01 8.024000e-03 4.350000e-02
43 9.469120e-01 8.156000e-03 4.493200e-02
44 9.454120e-01 8.300000e-03 4.628800e-02
45 9.437920e-01 8.532000e-03 4.767600e-02
46 9.422120e-01 8.624000e-03 4.916400e-02
47 9.404880e-01 8.800000e-03 5.071200e-02
48 9.388560e-01 8.828000e-03 5.231600e-02
49 9.371200e-01 8.996000e-03 5.388400e-02
50 9.354480e-01 9.132000e-03 5.542000e-02
51 9.337680e-01 9.316000e-03 5.691600e-02
52 9.319480e-01 9.512000e-03 5.854000e-02
53 9.301600e-01 9.712000e-03 6.012800e-02
54 9.282080e-01 9.856000e-03 6.193600e-02
55 9.261840e-01 1.019200e-02 6.362400e-02
56 9.243440e-01 1.004400e-02 6.561200e-02
57 9.226240e-01 9.932000e-03 6.744400e-02
58 9.209440e-01 9.844000e-03 6.921200e-02
59 9.191400e-01 9.924000e-03 7.093600e-02
60 9.174560e-01 9.884000e-03 7.266000e-02
61 9.156840e-01 9.984000e-03 7.433200e-02
62 9.140320e-01 9.832000e-03 7.613600e-02
63 9.123000e-01 9.832000e-03 7.786800e-02
64 9.104840e-01 9.932000e-03 7.958400e-02
65 9.085960e-01 1.005200e-02 8.135200e-02
66 9.067800e-01 1.021600e-02 8.300400e-02
67 9.050400e-01 1.001600e-02 8.494400e-02
68 9.032720e-01 1.006000e-02 8.666800e-02
69 9.016480e-01 9.828000e-03 8.852400e-02
70 8.999720e-01 9.732000e-03 9.029600e-02
71 8.983080e-01 9.664000e-03 9.202800e-02
72 8.965720e-01 9.644000e-03 9.378400e-02
73 8.947280e-01 9.840000e-03 9.543200e-02
74 8.929880e-01 9.864000e-03 9.714800e-02
75 8.913240e-01 9.656000e-03 9.902000e-02
76 8.896800e-01 9.596000e-03 1.007240e-01
77 8.879520e-01 9.724000e-03 1.023240e-01
78 8.862520e-01 9.884000e-03 1.038640e-01
79 8.846520e-01 9.748000e-03 1.056000e-01
80 8.829120e-01 9.840000e-03 1.072480e-01
81 8.813960e-01 9.680000e-03 1.089240e-01
82 8.796840e-01 9.824000e-03 1.104920e-01
83 8.779720e-01 9.840000e-03 1.121880e-01
84 8.762200e-01 9.952000e-03 1.138280e-01
85 8.744120e-01 1.003200e-02 1.155560e-01
86 8.727600e-01 9.852000e-03 1.173880e-01
87 8.709960e-01 9.916000e-03 1.190880e-01
88 8.693240e-01 9.912000e-03 1.207640e-01
89 8.673680e-01 1.018000e-02 1.224520e-01
90 8.655800e-01 1.010800e-02 1.243120e-01
91 8.638240e-01 1.009600e-02 1.260800e-01
92 8.619800e-01 1.017600e-02 1.278440e-01
93 8.602040e-01 1.012800e-02 1.296680e-01
94 8.584520e-01 1.009600e-02 1.314520e-01
95 8.566320e-01 1.004800e-02 1.333200e-01
96 8.548040e-01 1.009600e-02 1.351000e-01
97 8.530520e-01 9.904000e-03 1.370440e-01
98 8.512600e-01 1.010400e-02 1.386360e-01
99 8.495440e-01 1.010000e-02 1.403560e-01
100 8.479120e-01 9.884000e-03 1.422040e-01
101 8.460920e-01 1.006400e-02 1.438440e-01
102 8.442600e-01 1.022000e-02 1.455200e-01
103 8.424440e-01 1.030800e-02 1.472480e-01
104 8.405400e-01 1.036400e-02 1.490960e-01
105 8.387840e-01 1.036400e-02 1.508520e-01
106 8.367640e-01 1.043200e-02 1.528040e-01
107 8.350560e-01 1.024400e-02 1.547000e-01
108 8.334200e-01 1.005200e-02 1.565280e-01
109 8.319800e-01 9.828000e-03 1.581920e-01
110 8.303920e-01 9.824000e-03 1.597840e-01
111 8.285840e-01 1.003200e-02 1.613840e-01
112 8.269040e-01 1.000000e-02 1.630960e-01
113 8.253200e-01 9.836000e-03 1.648440e-01
114 8.239000e-01 9.628000e-03 1.664720e-01
115 8.225160e-01 9.456000e-03 1.680280e-01
116 8.210800e-01 9.224000e-03 1.696960e-01
117 8.196160e-01 9.064000e-03 1.713200e-01
118 8.179880e-01 9.200000e-03 1.728120e-01
119 8.164960e-01 9.096000e-03 1.744080e-01
120 8.149600e-01 9.072000e-03 1.759680e-01
121 8.135120e-01 8.860000e-03 1.776280e-01
122 8.120720e-01 8.720000e-03 1.792080e-01
123 8.106400e-01 8.564000e-03 1.807960e-01
124 8.093640e-01 8.272000e-03 1.823640e-01
125 8.080040e-01 8.112000e-03 1.838840e-01
126 8.067600e-01 7.936000e-03 1.853040e-01
127 8.055280e-01 7.868000e-03 1.866040e-01
128 8.041480e-01 7.844000e-03 1.880080e-01
129 8.031040e-01 7.528000e-03 1.893680e-01
130 8.017680e-01 7.452000e-03 1.907800e-01
131 8.005440e-01 7.272000e-03 1.921840e-01
132 7.992880e-01 7.168000e-03 1.935440e-01
133 7.981400e-01 7.092000e-03 1.947680e-01
134 7.969360e-01 7.040000e-03 1.960240e-01
135 7.956800e-01 7.124000e-03 1.971960e-01
136 7.945960e-01 6.956000e-03 1.984480e-01
137 7.934360e-01 6.880000e-03 1.996840e-01
138 7.922920e-01 6.876000e-03 2.008320e-01
139 7.910760e-01 6.908000e-03 2.020160e-01
140 7.898400e-01 6.824000e-03 2.033360e-01
141 7.887400e-01 6.688000e-03 2.045720e-01
142 7.876360e-01 6.608000e-03 2.057560e-01
143 7.865320e-01 6.576000e-03 2.068920e-01
144 7.854560e-01 6.548000e-03 2.079960e-01
145 7.842720e-01 6.564000e-03 2.091640e-01
146 7.831440e-01 6.372000e-03 2.104840e-01
147 7.820760e-01 6.332000e-03 2.115920e-01
148 7.809320e-01 6.392000e-03 2.126760e-01
149 7.798760e-01 6.316000e-03 2.138080e-01
150 7.787680e-01 6.416000e-03 2.148160e-01
151 7.777680e-01 6.264000e-03 2.159680e-01
152 7.765440e-01 6.280000e-03 2.171760e-01
153 7.753920e-01 6.304000e-03 2.183040e-01
154 7.743400e-01 6.284000e-03 2.193760e-01
155 7.732960e-01 6.320000e-03 2.203840e-01
156 7.721560e-01 6.252000e-03 2.215920e-01
157 7.710240e-01 6.232000e-03 2.227440e-01
158 7.698760e-01 6.416000e-03 2.237080e-01
159 7.687320e-01 6.416000e-03 2.248520e-01
160 7.675360e-01 6.428000e-03 2.260360e-01
161 7.664880e-01 6.348000e-03 2.271640e-01
162 7.653560e-01 6.324000e-03 2.283200e-01
163 7.643160e-01 6.252000e-03 2.294320e-01
164 7.632480e-01 6.200000e-03 2.305520e-01
165 7.622280e-01 6.256000e-03 2.315160e-01
166 7.610440e-01 6.368000e-03 2.325880e-01
167 7.599760e-01 6.364000e-03 2.336600e-01
168 7.588080e-01 6.316000e-03 2.348760e-01
169 7.576800e-01 6.428000e-03 2.358920e-01
170 7.566680e-01 6.280000e-03 2.370520e-01
171 7.556480e-01 6.180000e-03 2.381720e-01
172 7.546000e-01 6.316000e-03 2.390840e-01
173 7.535000e-01 6.300000e-03 2.402000e-01
174 7.524960e-01 6.264000e-03 2.412400e-01
175 7.515280e-01 6.148000e-03 2.423240e-01
176 7.506040e-01 5.888000e-03 2.435080e-01
177 7.495360e-01 5.896000e-03 2.445680e-01
178 7.486200e-01 5.704000e-03 2.456760e-01
179 7.476600e-01 5.688000e-03 2.466520e-01
180 7.467400e-01 5.712000e-03 2.475480e-01
181 7.458600e-01 5.596000e-03 2.485440e-01
182 7.449600e-01 5.556000e-03 2.494840e-01
183 7.439800e-01 5.620000e-03 2.504000e-01
184 7.431120e-01 5.428000e-03 2.514600e-01
185 7.421960e-01 5.424000e-03 2.523800e-01
186 7.413240e-01 5.332000e-03 2.533440e-01
187 7.404520e-01 5.276000e-03 2.542720e-01
188 7.394600e-01 5.300000e-03 2.552400e-01
189 7.386280e-01 5.212000e-03 2.561600e-01
190 7.377960e-01 5.092000e-03 2.571120e-01
191 7.369080e-01 5.080000e-03 2.580120e-01
192 7.361200e-01 4.920000e-03 2.589600e-01
193 7.352200e-01 5.000000e-03 2.597800e-01
194 7.344040e-01 4.932000e-03 2.606640e-01
195 7.336880e-01 4.788000e-03 2.615240e-01
196 7.330000e-01 4.648000e-03 2.623520e-01
197 7.322360e-01 4.752000e-03 2.630120e-01
198 7.314560e-01 4.692000e-03 2.638520e-01
199 7.305560e-01 4.792000e-03 2.646520e-01
200 7.297240e-01 4.768000e-03 2.655080e-01
201 7.289520e-01 4.684000e-03 2.663640e-01
202 7.280920e-01 4.680000e-03 2.672280e-01
203 7.272760e-01 4.668000e-03 2.680560e-01
204 7.263960e-01 4.764000e-03 2.688400e-01
205 7.256640e-01 4.604000e-03 2.697320e-01
206 7.250320e-01 4.440000e-03 2.705280e-01
207 7.243080e-01 4.352000e-03 2.713400e-01
208 7.234320e-01 4.524000e-03 2.720440e-01
209 7.226360e-01 4.484000e-03 2.728800e-01
210 7.219320e-01 4.316000e-03 2.737520e-01
211 7.210680e-01 4.528000e-03 2.744040e-01
212 7.203000e-01 4.568000e-03 2.751320e-01
213 7.195640e-01 4.440000e-03 2.759960e-01
214 7.188080e-01 4.396000e-03 2.767960e-01
215 7.180600e-01 4.384000e-03 2.775560e-01
216 7.172440e-01 4.448000e-03 2.783080e-01
217 7.165160e-01 4.456000e-03 2.790280e-01
218 7.158320e-01 4.440000e-03 2.797280e-01
219 7.150720e-01 4.392000e-03 2.805360e-01
220 7.143320e-01 4.372000e-03 2.812960e-01
221 7.136720e-01 4.300000e-03 2.820280e-01
222 7.130360e-01 4.192000e-03 2.827720e-01
223 7.123920e-01 4.184000e-03 2.834240e-01
224 7.117280e-01 4.032000e-03 2.842400e-01
225 7.108720e-01 4.184000e-03 2.849440e-01
226 7.101600e-01 4.192000e-03 2.856480e-01
227 7.094600e-01 4.160000e-03 2.863800e-01
228 7.088040e-01 4.048000e-03 2.871480e-01
229 7.080960e-01 3.988000e-03 2.879160e-01
230 7.074640e-01 3.860000e-03 2.886760e-01
231 7.067920e-01 3.876000e-03 2.893320e-01
232 7.061920e-01 3.780000e-03 2.900280e-01
233 7.055000e-01 3.740000e-03 2.907600e-01
234 7.047560e-01 3.788000e-03 2.914560e-01
235 7.040400e-01 3.924000e-03 2.920360e-01
236 7.033760e-01 4.020000e-03 2.926040e-01
237 7.027720e-01 3.944000e-03 2.932840e-01
238 7.021280e-01 3.884000e-03 2.939880e-01
239 7.015800e-01 3.840000e-03 2.945800e-01
240 7.009320e-01 3.728000e-03 2.953400e-01
241 7.004120e-01 3.576000e-03 2.960120e-01
242 6.997720e-01 3.624000e-03 2.966040e-01
243 6.992520e-01 3.520000e-03 2.972280e-01
244 6.986680e-01 3.500000e-03 2.978320e-01
245 6.980920e-01 3.452000e-03 2.984560e-01
246 6.974720e-01 3.544000e-03 2.989840e-01
247 6.969200e-01 3.508000e-03 2.995720e-01
248 6.964320e-01 3.476000e-03 3.000920e-01
249 6.959440e-01 3.316000e-03 3.007400e-01
250 6.954040e-01 3.328000e-03 3.012680e-01
251 6.948800e-01 3.224000e-03 3.018960e-01
252 6.942520e-01 3.340000e-03 3.024080e-01
253 6.936360e-01 3.452000e-03 3.029120e-01
254 6.929680e-01 3.488000e-03 3.035440e-01
255 6.922440e-01 3.584000e-03 3.041720e-01
256 6.916160e-01 3.592000e-03 3.047920e-01
257 6.909760e-01 3.636000e-03 3.053880e-01
258 6.902000e-01 3.816000e-03 3.059840e-01
259 6.894840e-01 3.908000e-03 3.066080e-01
260 6.887760e-01 3.904000e-03 3.073200e-01
261 6.880640e-01 3.820000e-03 3.081160e-01
262 6.873160e-01 3.892000e-03 3.087920e-01
263 6.865560e-01 3.932000e-03 3.095120e-01
264 6.857240e-01 4.004000e-03 3.102720e-01
265 6.849840e-01 4.084000e-03 3.109320e-01
266 6.841400e-01 4.292000e-03 3.115680e-01
267 6.831640e-01 4.560000e-03 3.122760e-01
268 6.824320e-01 4.496000e-03 3.130720e-01
269 6.816520e-01 4.520000e-03 3.138280e-01
270 6.809640e-01 4.504000e-03 3.145320e-01
271 6.802840e-01 4.384000e-03 3.153320e-01
272 6.796160e-01 4.228000e-03 3.161560e-01
273 6.789240e-01 4.232000e-03 3.168440e-01
274 6.782800e-01 4.148000e-03 3.175720e-01
275 6.776880e-01 4.084000e-03 3.182280e-01
276 6.770960e-01 3.996000e-03 3.189080e-01
277 6.764520e-01 3.976000e-03 3.195720e-01
278 6.759560e-01 3.716000e-03 3.203280e-01
279 6.754160e-01 3.648000e-03 3.209360e-01
280 6.749360e-01 3.504000e-03 3.215600e-01
281 6.744080e-01 3.472000e-03 3.221200e-01
282 6.738480e-01 3.492000e-03 3.226600e-01
283 6.732720e-01 3.492000e-03 3.232360e-01
284 6.726080e-01 3.568000e-03 3.238240e-01
285 6.720120e-01 3.516000e-03 3.244720e-01
286 6.713480e-01 3.496000e-03 3.251560e-01
287 6.707240e-01 3.420000e-03 3.258560e-01
288 6.700800e-01 3.444000e-03 3.264760e-01
289 6.695440e-01 3.400000e-03 3.270560e-01
290 6.690320e-01 3.336000e-03 3.276320e-01
291 6.684320e-01 3.392000e-03 3.281760e-01
292 6.678960e-01 3.340000e-03 3.287640e-01
293 6.674200e-01 3.236000e-03 3.293440e-01
294 6.669120e-01 3.160000e-03 3.299280e-01
295 6.663360e-01 3.184000e-03 3.304800e-01
296 6.657440e-01 3.120000e-03 3.311360e-01
297 6.652000e-01 3.088000e-03 3.317120e-01
298 6.647040e-01 2.984000e-03 3.323120e-01
299 6.640880e-01 3.108000e-03 3.328040e-01
300 6.634720e-01 3.224000e-03 3.333040e-01
301 6.628200e-01 3.260000e-03 3.339200e-01
302 6.622200e-01 3.296000e-03 3.344840e-01
303 6.616320e-01 3.244000e-03 3.351240e-01
304 6.611240e-01 3.200000e-03 3.356760e-01
305 6.606280e-01 3.160000e-03 3.362120e-01
306 6.601720e-01 3.048000e-03 3.367800e-01
307 6.595520e-01 3.088000e-03 3.373600e-01
308 6.589640e-01 3.052000e-03 3.379840e-01
309 6.585520e-01 2.976000e-03 3.384720e-01
310 6.580480e-01 2.932000e-03 3.390200e-01
311 6.574840e-01 2.948000e-03 3.395680e-01
312 6.569040e-01 2.972000e-03 3.401240e-01
313 6.563400e-01 2.980000e-03 3.406800e-01
314 6.557800e-01 2.988000e-03 3.412320e-01
315 6.552600e-01 2.996000e-03 3.417440e-01
316 6.547920e-01 2.972000e-03 3.422360e-01
317 6.542880e-01 2.932000e-03 3.427800e-01
318 6.538120e-01 2.888000e-03 3.433000e-01
319 6.533640e-01 2.864000e-03 3.437720e-01
320 6.529240e-01 2.836000e-03 3.442400e-01
321 6.524440e-01 2.776000e-03 3.447800e-01
322 6.519760e-01 2.724000e-03 3.453000e-01
323 6.515040e-01 2.644000e-03 3.458520e-01
324 6.509760e-01 2.672000e-03 3.463520e-01
325 6.505040e-01 2.756000e-03 3.467400e-01
326 6.499880e-01 2.712000e-03 3.473000e-01
327 6.495280e-01 2.660000e-03 3.478120e-01
328 6.491360e-01 2.612000e-03 3.482520e-01
329 6.487840e-01 2.496000e-03 3.487200e-01
330 6.483960e-01 2.512000e-03 3.490920e-01
331 6.479760e-01 2.520000e-03 3.495040e-01
332 6.475440e-01 2.488000e-03 3.499680e-01
333 6.470360e-01 2.532000e-03 3.504320e-01
334 6.465400e-01 2.568000e-03 3.508920e-01
335 6.460560e-01 2.636000e-03 3.513080e-01
336 6.456080e-01 2.624000e-03 3.517680e-01
337 6.452360e-01 2.536000e-03 3.522280e-01
338 6.448760e-01 2.460000e-03 3.526640e-01
339 6.445160e-01 2.400000e-03 3.530840e-01
340 6.442080e-01 2.376000e-03 3.534160e-01
341 6.438680e-01 2.276000e-03 3.538560e-01
342 6.435640e-01 2.100000e-03 3.543360e-01
343 6.432440e-01 2.056000e-03 3.547000e-01
344 6.429600e-01 2.004000e-03 3.550360e-01
345 6.426480e-01 2.020000e-03 3.553320e-01
346 6.423400e-01 1.992000e-03 3.556680e-01
347 6.420240e-01 1.968000e-03 3.560080e-01
348 6.416440e-01 2.016000e-03 3.563400e-01
349 6.413640e-01 1.952000e-03 3.566840e-01
350 6.410240e-01 1.980000e-03 3.569960e-01
351 6.406760e-01 1.976000e-03 3.573480e-01
352 6.403360e-01 1.964000e-03 3.577000e-01
353 6.400040e-01 2.020000e-03 3.579760e-01
354 6.396040e-01 2.036000e-03 3.583600e-01
355 6.392480e-01 2.016000e-03 3.587360e-01
356 6.389440e-01 1.968000e-03 3.590880e-01
357 6.385720e-01 1.976000e-03 3.594520e-01
358 6.381600e-01 2.048000e-03 3.597920e-01
359 6.378280e-01 2.000000e-03 3.601720e-01
360 6.375560e-01 1.940000e-03 3.605040e-01
361 6.372320e-01 1.972000e-03 3.607960e-01
362 6.369120e-01 1.936000e-03 3.611520e-01
363 6.365400e-01 1.992000e-03 3.614680e-01
364 6.362160e-01 1.952000e-03 3.618320e-01
365 6.359000e-01 1.968000e-03 3.621320e-01
366 6.356040e-01 1.932000e-03 3.624640e-01
367 6.352560e-01 1.936000e-03 3.628080e-01
368 6.349480e-01 1.928000e-03 3.631240e-01
369 6.345840e-01 1.980000e-03 3.634360e-01
370 6.342440e-01 1.940000e-03 3.638160e-01
371 6.339440e-01 1.836000e-03 3.642200e-01
372 6.336240e-01 1.804000e-03 3.645720e-01
373 6.333440e-01 1.776000e-03 3.648800e-01
374 6.330440e-01 1.776000e-03 3.651800e-01
375 6.326840e-01 1.788000e-03 3.655280e-01
376 6.324360e-01 1.696000e-03 3.658680e-01
377 6.321760e-01 1.644000e-03 3.661800e-01
378 6.318960e-01 1.600000e-03 3.665040e-01
379 6.316280e-01 1.560000e-03 3.668120e-01
380 6.313040e-01 1.596000e-03 3.671000e-01
381 6.310400e-01 1.620000e-03 3.673400e-01
382 6.307960e-01 1.592000e-03 3.676120e-01
383 6.305240e-01 1.584000e-03 3.678920e-01
384 6.302720e-01 1.584000e-03 3.681440e-01
385 6.299920e-01 1.620000e-03 3.683880e-01
386 6.297160e-01 1.648000e-03 3.686360e-01
387 6.293840e-01 1.656000e-03 3.689600e-01
388 6.290720e-01 1.708000e-03 3.692200e-01
389 6.287640e-01 1.688000e-03 3.695480e-01
390 6.284800e-01 1.704000e-03 3.698160e-01
391 6.281960e-01 1.688000e-03 3.701160e-01
392 6.279360e-01 1.664000e-03 3.704000e-01
393 6.276880e-01 1.632000e-03 3.706800e-01
394 6.274240e-01 1.632000e-03 3.709440e-01
395 6.272480e-01 1.532000e-03 3.712200e-01
396 6.270120e-01 1.472000e-03 3.715160e-01
397 6.267960e-01 1.456000e-03 3.717480e-01
398 6.265400e-01 1.412000e-03 3.720480e-01
399 6.261840e-01 1.508000e-03 3.723080e-01
400 6.259240e-01 1.516000e-03 3.725600e-01
401 6.257160e-01 1.484000e-03 3.728000e-01
402 6.254800e-01 1.404000e-03 3.731160e-01
403 6.252840e-01 1.352000e-03 3.733640e-01
404 6.250640e-01 1.324000e-03 3.736120e-01
405 6.248040e-01 1.388000e-03 3.738080e-01
406 6.245800e-01 1.324000e-03 3.740960e-01
407 6.243640e-01 1.332000e-03 3.743040e-01
408 6.241520e-01 1.340000e-03 3.745080e-01
409 6.239480e-01 1.324000e-03 3.747280e-01
410 6.237040e-01 1.292000e-03 3.750040e-01
411 6.235120e-01 1.272000e-03 3.752160e-01
412 6.233440e-01 1.228000e-03 3.754280e-01
413 6.231280e-01 1.236000e-03 3.756360e-01
414 6.229080e-01 1.288000e-03 3.758040e-01
415 6.226720e-01 1.352000e-03 3.759760e-01
416 6.224280e-01 1.328000e-03 3.762440e-01
417 6.222320e-01 1.300000e-03 3.764680e-01
418 6.219840e-01 1.308000e-03 3.767080e-01
419 6.217760e-01 1.240000e-03 3.769840e-01
420 6.215800e-01 1.216000e-03 3.772040e-01
421 6.213240e-01 1.228000e-03 3.774480e-01
422 6.210480e-01 1.272000e-03 3.776800e-01
423 6.208200e-01 1.260000e-03 3.779200e-01
424 6.205440e-01 1.344000e-03 3.781120e-01
425 6.203960e-01 1.308000e-03 3.782960e-01
426 6.201200e-01 1.392000e-03 3.784880e-01
427 6.198560e-01 1.416000e-03 3.787280e-01
428 6.196120e-01 1.388000e-03 3.790000e-01
429 6.193600e-01 1.396000e-03 3.792440e-01
430 6.190720e-01 1.428000e-03 3.795000e-01
431 6.188120e-01 1.420000e-03 3.797680e-01
432 6.185320e-01 1.444000e-03 3.800240e-01
433 6.182360e-01 1.508000e-03 3.802560e-01
434 6.179520e-01 1.580000e-03 3.804680e-01
435 6.176760e-01 1.572000e-03 3.807520e-01
436 6.173720e-01 1.568000e-03 3.810600e-01
437 6.171280e-01 1.536000e-03 3.813360e-01
438 6.168240e-01 1.516000e-03 3.816600e-01
439 6.165800e-01 1.548000e-03 3.818720e-01
440 6.162800e-01 1.588000e-03 3.821320e-01
441 6.159920e-01 1.592000e-03 3.824160e-01
442 6.156720e-01 1.612000e-03 3.827160e-01
443 6.154000e-01 1.632000e-03 3.829680e-01
444 6.151640e-01 1.600000e-03 3.832360e-01
445 6.149200e-01 1.564000e-03 3.835160e-01
446 6.146480e-01 1.568000e-03 3.837840e-01
447 6.143840e-01 1.532000e-03 3.840840e-01
448 6.141040e-01 1.540000e-03 3.843560e-01
449 6.138160e-01 1.568000e-03 3.846160e-01
450 6.135440e-01 1.536000e-03 3.849200e-01
451 6.133080e-01 1.488000e-03 3.852040e-01
452 6.130800e-01 1.436000e-03 3.854840e-01
453 6.128240e-01 1.412000e-03 3.857640e-01
454 6.125760e-01 1.408000e-03 3.860160e-01
455 6.123800e-01 1.308000e-03 3.863120e-01
456 6.121560e-01 1.276000e-03 3.865680e-01
457 6.119360e-01 1.280000e-03 3.867840e-01
458 6.117480e-01 1.252000e-03 3.870000e-01
459 6.115640e-01 1.160000e-03 3.872760e-01
460 6.114200e-01 1.128000e-03 3.874520e-01
461 6.111880e-01 1.136000e-03 3.876760e-01
462 6.110360e-01 1.072000e-03 3.878920e-01
463 6.108800e-01 1.048000e-03 3.880720e-01
464 6.106920e-01 1.068000e-03 3.882400e-01
465 6.104880e-01 1.044000e-03 3.884680e-01
466 6.103360e-01 9.960000e-04 3.886680e-01
467 6.101920e-01 9.800000e-04 3.888280e-01
468 6.100440e-01 9.960000e-04 3.889600e-01
469 6.099000e-01 9.960000e-04 3.891040e-01
470 6.097240e-01 9.840000e-04 3.892920e-01
471 6.095600e-01 9.640000e-04 3.894760e-01
472 6.094280e-01 9.520000e-04 3.896200e-01
473 6.092240e-01 9.520000e-04 3.898240e-01
474 6.090840e-01 9.160000e-04 3.900000e-01
475 6.088960e-01 9.440000e-04 3.901600e-01
476 6.086960e-01 1.012000e-03 3.902920e-01
477 6.084800e-01 1.024000e-03 3.904960e-01
478 6.083040e-01 1.016000e-03 3.906800e-01
479 6.081240e-01 1.040000e-03 3.908360e-01
480 6.079200e-01 1.044000e-03 3.910360e-01
481 6.077560e-01 9.880000e-04 3.912560e-01
482 6.076400e-01 9.360000e-04 3.914240e-01
483 6.074520e-01 9.880000e-04 3.915600e-01
484 6.072720e-01 9.440000e-04 3.917840e-01
485 6.070880e-01 9.800000e-04 3.919320e-01
486 6.068920e-01 1.028000e-03 3.920800e-01
487 6.067120e-01 1.020000e-03 3.922680e-01
488 6.065440e-01 1.028000e-03 3.924280e-01
489 6.063280e-01 1.072000e-03 3.926000e-01
490 6.061400e-01 1.092000e-03 3.927680e-01
491 6.059960e-01 1.056000e-03 3.929480e-01
492 6.057640e-01 1.080000e-03 3.931560e-01
493 6.055640e-01 1.084000e-03 3.933520e-01
494 6.053160e-01 1.160000e-03 3.935240e-01
495 6.051400e-01 1.136000e-03 3.937240e-01
496 6.049240e-01 1.148000e-03 3.939280e-01
497 6.047760e-01 1.084000e-03 3.941400e-01
498 6.046160e-01 1.008000e-03 3.943760e-01
499 6.043640e-01 1.104000e-03 3.945320e-01
500 6.040840e-01 1.188000e-03 3.947280e-01
