1 9.990960e-01 8.240000e-04 8.000000e-05
2 9.983920e-01 1.344000e-03 2.640000e-04
3 9.976200e-01 1.844000e-03 5.360000e-04
4 9.969840e-01 2.128000e-03 8.880000e-04
5 9.960640e-01 2.636000e-03 1.300000e-03
6 9.951400e-01 2.992000e-03 1.868000e-03
7 9.941240e-01 3.436000e-03 2.440000e-03
8 9.930560e-01 3.836000e-03 3.108000e-03
9 9.919800e-01 4.212000e-03 3.808000e-03
10 9.907480e-01 4.672000e-03 4.580000e-03
11 9.895240e-01 5.040000e-03 5.436000e-03
12 9.881480e-01 5.580000e-03 6.272000e-03
13 9.867520e-01 5.980000e-03 7.268000e-03
14 9.852760e-01 6.516000e-03 8.208000e-03
15 9.837480e-01 6.944000e-03 9.308000e-03
16 9.823080e-01 7.188000e-03 1.050400e-02
17 9.806720e-01 7.524000e-03 1.180400e-02
18 9.790400e-01 7.848000e-03 1.311200e-02
19 9.771720e-01 8.272000e-03 1.455600e-02
20 9.754360e-01 8.544000e-03 1.602000e-02
21 9.736840e-01 8.832000e-03 1.748400e-02
22 9.717200e-01 9.192000e-03 1.908800e-02
23 9.699040e-01 9.440000e-03 2.065600e-02
24 9.680680e-01 9.684000e-03 2.224800e-02
25 9.663680e-01 9.664000e-03 2.396800e-02
26 9.646760e-01 9.736000e-03 2.558800e-02
27 9.626840e-01 9.984000e-03 2.733200e-02
28 9.608440e-01 1.000800e-02 2.914800e-02
29 9.590480e-01 1.000800e-02 3.094400e-02
30 9.570400e-01 1.024000e-02 3.272000e-02
31 9.551240e-01 1.039600e-02 3.448000e-02
32 9.532280e-01 1.045600e-02 3.631600e-02
33 9.513840e-01 1.042000e-02 3.819600e-02
34 9.493840e-01 1.044800e-02 4.016800e-02
35 9.475400e-01 1.048800e-02 4.197200e-02
36 9.454600e-01 1.060000e-02 4.394000e-02
37 9.434320e-01 1.082800e-02 4.574000e-02
38 9.413000e-01 1.107200e-02 4.762800e-02
39 9.391720e-01 1.115200e-02 4.967600e-02
40 9.371040e-01 1.108800e-02 5.180800e-02
41 9.350760e-01 1.113200e-02 5.379200e-02
42 9.330520e-01 1.135200e-02 5.559600e-02
43 9.309880e-01 1.142000e-02 5.759200e-02
44 9.290480e-01 1.141200e-02 5.954000e-02
45 9.271960e-01 1.132400e-02 6.148000e-02
46 9.251440e-01 1.136400e-02 6.349200e-02
47 9.233520e-01 1.122000e-02 6.542800e-02
48 9.214280e-01 1.127200e-02 6.730000e-02
49 9.195400e-01 1.129200e-02 6.916800e-02
50 9.174160e-01 1.139200e-02 7.119200e-02
51 9.154800e-01 1.128400e-02 7.323600e-02
52 9.135160e-01 1.127600e-02 7.520800e-02
53 9.115280e-01 1.133200e-02 7.714000e-02
54 9.095760e-01 1.131200e-02 7.911200e-02
55 9.076000e-01 1.126800e-02 8.113200e-02
56 9.057680e-01 1.109600e-02 8.313600e-02
57 9.040240e-01 1.079200e-02 8.518400e-02
58 9.022880e-01 1.062400e-02 8.708800e-02
59 9.003600e-01 1.078800e-02 8.885200e-02
60 8.984360e-01 1.074400e-02 9.082000e-02
61 8.967960e-01 1.044000e-02 9.276400e-02
62 8.950520e-01 1.032400e-02 9.462400e-02
63 8.933160e-01 1.027200e-02 9.641200e-02
64 8.915360e-01 1.038400e-02 9.808000e-02
65 8.897600e-01 1.032000e-02 9.992000e-02
66 8.881960e-01 9.980000e-03 1.018240e-01
67 8.864560e-01 1.006400e-02 1.034800e-01
68 8.847720e-01 1.004400e-02 1.051840e-01
69 8.831640e-01 9.960000e-03 1.068760e-01
70 8.814280e-01 9.880000e-03 1.086920e-01
71 8.796800e-01 9.916000e-03 1.104040e-01
72 8.781120e-01 9.772000e-03 1.121160e-01
73 8.764480e-01 9.676000e-03 1.138760e-01
74 8.746760e-01 9.704000e-03 1.156200e-01
75 8.729400e-01 9.596000e-03 1.174640e-01
76 8.709800e-01 9.792000e-03 1.192280e-01
77 8.688800e-01 1.017200e-02 1.209480e-01
78 8.667840e-01 1.051600e-02 1.227000e-01
79 8.648600e-01 1.056000e-02 1.245800e-01
80 8.629880e-01 1.064000e-02 1.263720e-01
81 8.609000e-01 1.079600e-02 1.283040e-01
82 8.588880e-01 1.099600e-02 1.301160e-01
83 8.566960e-01 1.116400e-02 1.321400e-01
84 8.548200e-01 1.124000e-02 1.339400e-01
85 8.526560e-01 1.145200e-02 1.358920e-01
86 8.507400e-01 1.137200e-02 1.378880e-01
87 8.488680e-01 1.130800e-02 1.398240e-01
88 8.468680e-01 1.141600e-02 1.417160e-01
89 8.447240e-01 1.176400e-02 1.435120e-01
90 8.427400e-01 1.168800e-02 1.455720e-01
91 8.407200e-01 1.175200e-02 1.475280e-01
92 8.386000e-01 1.184000e-02 1.495600e-01
93 8.364600e-01 1.194400e-02 1.515960e-01
94 8.343800e-01 1.195600e-02 1.536640e-01
95 8.322360e-01 1.206000e-02 1.557040e-01
96 8.303520e-01 1.178400e-02 1.578640e-01
97 8.284360e-01 1.156800e-02 1.599960e-01
98 8.265720e-01 1.152800e-02 1.619000e-01
99 8.246240e-01 1.139200e-02 1.639840e-01
100 8.226400e-01 1.150000e-02 1.658600e-01
101 8.207880e-01 1.136400e-02 1.678480e-01
102 8.189520e-01 1.134000e-02 1.697080e-01
103 8.171000e-01 1.128000e-02 1.716200e-01
104 8.149640e-01 1.138400e-02 1.736520e-01
105 8.131000e-01 1.124400e-02 1.756560e-01
106 8.113520e-01 1.105600e-02 1.775920e-01
107 8.093920e-01 1.108800e-02 1.795200e-01
108 8.077320e-01 1.084800e-02 1.814200e-01
109 8.059880e-01 1.073600e-02 1.832760e-01
110 8.042440e-01 1.059200e-02 1.851640e-01
111 8.026520e-01 1.029600e-02 1.870520e-01
112 8.010800e-01 9.984000e-03 1.889360e-01
113 7.995240e-01 9.852000e-03 1.906240e-01
114 7.978520e-01 9.852000e-03 1.922960e-01
115 7.961400e-01 9.904000e-03 1.939560e-01
116 7.944600e-01 9.824000e-03 1.957160e-01
117 7.928200e-01 9.736000e-03 1.974440e-01
118 7.912480e-01 9.624000e-03 1.991280e-01
119 7.895480e-01 9.664000e-03 2.007880e-01
120 7.879600e-01 9.576000e-03 2.024640e-01
121 7.862800e-01 9.628000e-03 2.040920e-01
122 7.845720e-01 9.652000e-03 2.057760e-01
123 7.828600e-01 9.540000e-03 2.076000e-01
124 7.812520e-01 9.504000e-03 2.092440e-01
125 7.796520e-01 9.508000e-03 2.108400e-01
126 7.779560e-01 9.376000e-03 2.126680e-01
127 7.764360e-01 9.208000e-03 2.143560e-01
128 7.748680e-01 9.160000e-03 2.159720e-01
129 7.731400e-01 9.212000e-03 2.176480e-01
130 7.713680e-01 9.468000e-03 2.191640e-01
131 7.696520e-01 9.428000e-03 2.209200e-01
132 7.680120e-01 9.440000e-03 2.225480e-01
133 7.663320e-01 9.480000e-03 2.241880e-01
134 7.645160e-01 9.580000e-03 2.259040e-01
135 7.627000e-01 9.736000e-03 2.275640e-01
136 7.610200e-01 9.720000e-03 2.292600e-01
137 7.592960e-01 9.716000e-03 2.309880e-01
138 7.574640e-01 9.852000e-03 2.326840e-01
139 7.557560e-01 9.816000e-03 2.344280e-01
140 7.540320e-01 9.868000e-03 2.361000e-01
141 7.523040e-01 9.828000e-03 2.378680e-01
142 7.505320e-01 9.832000e-03 2.396360e-01
143 7.488200e-01 9.868000e-03 2.413120e-01
144 7.471000e-01 9.796000e-03 2.431040e-01
145 7.455120e-01 9.752000e-03 2.447360e-01
146 7.437840e-01 9.764000e-03 2.464520e-01
147 7.421280e-01 9.796000e-03 2.480760e-01
148 7.403040e-01 9.808000e-03 2.498880e-01
149 7.386360e-01 9.720000e-03 2.516440e-01
150 7.370600e-01 9.676000e-03 2.532640e-01
151 7.353880e-01 9.732000e-03 2.548800e-01
152 7.338920e-01 9.564000e-03 2.565440e-01
153 7.323000e-01 9.572000e-03 2.581280e-01
154 7.307920e-01 9.468000e-03 2.597400e-01
155 7.293400e-01 9.240000e-03 2.614200e-01
156 7.279040e-01 8.996000e-03 2.631000e-01
157 7.264640e-01 8.840000e-03 2.646960e-01
158 7.250480e-01 8.708000e-03 2.662440e-01
159 7.234480e-01 8.588000e-03 2.679640e-01
160 7.218720e-01 8.608000e-03 2.695200e-01
161 7.203240e-01 8.720000e-03 2.709560e-01
162 7.188680e-01 8.800000e-03 2.723320e-01
163 7.175200e-01 8.608000e-03 2.738720e-01
164 7.163120e-01 8.416000e-03 2.752720e-01
165 7.149600e-01 8.428000e-03 2.766120e-01
166 7.133520e-01 8.512000e-03 2.781360e-01
167 7.119040e-01 8.444000e-03 2.796520e-01
168 7.105920e-01 8.356000e-03 2.810520e-01
169 7.092320e-01 8.320000e-03 2.824480e-01
170 7.077720e-01 8.408000e-03 2.838200e-01
171 7.062600e-01 8.480000e-03 2.852600e-01
172 7.047720e-01 8.488000e-03 2.867400e-01
173 7.033320e-01 8.516000e-03 2.881520e-01
174 7.018480e-01 8.540000e-03 2.896120e-01
175 7.004880e-01 8.468000e-03 2.910440e-01
176 6.991000e-01 8.468000e-03 2.924320e-01
177 6.976320e-01 8.360000e-03 2.940080e-01
178 6.961680e-01 8.248000e-03 2.955840e-01
179 6.948160e-01 8.128000e-03 2.970560e-01
180 6.934440e-01 8.192000e-03 2.983640e-01
181 6.920120e-01 8.196000e-03 2.997920e-01
182 6.908000e-01 8.096000e-03 3.011040e-01
183 6.893800e-01 8.064000e-03 3.025560e-01
184 6.880920e-01 8.008000e-03 3.039000e-01
185 6.869400e-01 7.820000e-03 3.052400e-01
186 6.855720e-01 7.796000e-03 3.066320e-01
187 6.843640e-01 7.680000e-03 3.079560e-01
188 6.830920e-01 7.708000e-03 3.092000e-01
189 6.817360e-01 7.756000e-03 3.105080e-01
190 6.804800e-01 7.616000e-03 3.119040e-01
191 6.791960e-01 7.472000e-03 3.133320e-01
192 6.780120e-01 7.356000e-03 3.146320e-01
193 6.767520e-01 7.376000e-03 3.158720e-01
194 6.755960e-01 7.252000e-03 3.171520e-01
195 6.745960e-01 7.024000e-03 3.183800e-01
196 6.735000e-01 6.880000e-03 3.196200e-01
197 6.722440e-01 6.844000e-03 3.209120e-01
198 6.711760e-01 6.724000e-03 3.221000e-01
199 6.700440e-01 6.556000e-03 3.234000e-01
200 6.690160e-01 6.448000e-03 3.245360e-01
201 6.679280e-01 6.492000e-03 3.255800e-01
202 6.670280e-01 6.160000e-03 3.268120e-01
203 6.659200e-01 6.216000e-03 3.278640e-01
204 6.648640e-01 6.148000e-03 3.289880e-01
205 6.638400e-01 6.008000e-03 3.301520e-01
206 6.628000e-01 6.008000e-03 3.311920e-01
207 6.618320e-01 6.056000e-03 3.321120e-01
208 6.605640e-01 6.292000e-03 3.331440e-01
209 6.594360e-01 6.272000e-03 3.342920e-01
210 6.583560e-01 6.172000e-03 3.354720e-01
211 6.573600e-01 6.092000e-03 3.365480e-01
212 6.562440e-01 6.128000e-03 3.376280e-01
213 6.552080e-01 6.104000e-03 3.386880e-01
214 6.540600e-01 6.160000e-03 3.397800e-01
215 6.530680e-01 6.044000e-03 3.408880e-01
216 6.519680e-01 6.132000e-03 3.419000e-01
217 6.507720e-01 6.224000e-03 3.430040e-01
218 6.496600e-01 6.176000e-03 3.441640e-01
219 6.484920e-01 6.300000e-03 3.452080e-01
220 6.473400e-01 6.344000e-03 3.463160e-01
221 6.462760e-01 6.276000e-03 3.474480e-01
222 6.452240e-01 6.152000e-03 3.486240e-01
223 6.441400e-01 6.196000e-03 3.496640e-01
224 6.431520e-01 6.120000e-03 3.507280e-01
225 6.421960e-01 5.924000e-03 3.518800e-01
226 6.412240e-01 5.792000e-03 3.529840e-01
227 6.402080e-01 5.800000e-03 3.539920e-01
228 6.392400e-01 5.776000e-03 3.549840e-01
229 6.383120e-01 5.684000e-03 3.560040e-01
230 6.373600e-01 5.612000e-03 3.570280e-01
231 6.364440e-01 5.556000e-03 3.580000e-01
232 6.356360e-01 5.420000e-03 3.589440e-01
233 6.347840e-01 5.412000e-03 3.598040e-01
234 6.339960e-01 5.364000e-03 3.606400e-01
235 6.331960e-01 5.212000e-03 3.615920e-01
236 6.324120e-01 5.148000e-03 3.624400e-01
237 6.316880e-01 5.060000e-03 3.632520e-01
238 6.309120e-01 4.932000e-03 3.641560e-01
239 6.301240e-01 4.988000e-03 3.648880e-01
240 6.293160e-01 4.992000e-03 3.656920e-01
241 6.285040e-01 4.992000e-03 3.665040e-01
242 6.277400e-01 4.924000e-03 3.673360e-01
243 6.269640e-01 4.884000e-03 3.681520e-01
244 6.261240e-01 4.848000e-03 3.690280e-01
245 6.254080e-01 4.708000e-03 3.698840e-01
246 6.246080e-01 4.576000e-03 3.708160e-01
247 6.238560e-01 4.432000e-03 3.717120e-01
248 6.230600e-01 4.428000e-03 3.725120e-01
249 6.223840e-01 4.340000e-03 3.732760e-01
250 6.217520e-01 4.328000e-03 3.739200e-01
251 6.212080e-01 4.124000e-03 3.746680e-01
252 6.205000e-01 4.056000e-03 3.754440e-01
253 6.199200e-01 3.792000e-03 3.762880e-01
254 6.192760e-01 3.752000e-03 3.769720e-01
255 6.187400e-01 3.628000e-03 3.776320e-01
256 6.181920e-01 3.612000e-03 3.781960e-01
257 6.176560e-01 3.404000e-03 3.789400e-01
258 6.171360e-01 3.376000e-03 3.794880e-01
259 6.166440e-01 3.292000e-03 3.800640e-01
260 6.160600e-01 3.276000e-03 3.806640e-01
261 6.155160e-01 3.252000e-03 3.812320e-01
262 6.149960e-01 3.172000e-03 3.818320e-01
263 6.144760e-01 3.156000e-03 3.823680e-01
264 6.139080e-01 3.164000e-03 3.829280e-01
265 6.134040e-01 3.128000e-03 3.834680e-01
266 6.129120e-01 3.044000e-03 3.840440e-01
267 6.125400e-01 2.832000e-03 3.846280e-01
268 6.120600e-01 2.804000e-03 3.851360e-01
269 6.115440e-01 2.852000e-03 3.856040e-01
270 6.109960e-01 2.932000e-03 3.860720e-01
271 6.104320e-01 2.980000e-03 3.865880e-01
272 6.099400e-01 2.976000e-03 3.870840e-01
273 6.094680e-01 2.872000e-03 3.876600e-01
274 6.089840e-01 2.848000e-03 3.881680e-01
275 6.084520e-01 2.816000e-03 3.887320e-01
276 6.079560e-01 2.856000e-03 3.891880e-01
277 6.074160e-01 2.884000e-03 3.897000e-01
278 6.068960e-01 2.880000e-03 3.902240e-01
279 6.063440e-01 2.932000e-03 3.907240e-01
280 6.058080e-01 3.040000e-03 3.911520e-01
281 6.052160e-01 3.168000e-03 3.916160e-01
282 6.046560e-01 3.132000e-03 3.922120e-01
283 6.041640e-01 3.100000e-03 3.927360e-01
284 6.036640e-01 3.124000e-03 3.932120e-01
285 6.031280e-01 3.132000e-03 3.937400e-01
286 6.025960e-01 3.100000e-03 3.943040e-01
287 6.019880e-01 3.168000e-03 3.948440e-01
288 6.016000e-01 2.940000e-03 3.954600e-01
289 6.010440e-01 2.980000e-03 3.959760e-01
290 6.005600e-01 2.944000e-03 3.964960e-01
291 6.001600e-01 2.852000e-03 3.969880e-01
292 5.996720e-01 2.872000e-03 3.974560e-01
293 5.991800e-01 2.888000e-03 3.979320e-01
294 5.987400e-01 2.892000e-03 3.983680e-01
295 5.982600e-01 2.876000e-03 3.988640e-01
296 5.977960e-01 2.796000e-03 3.994080e-01
297 5.972960e-01 2.836000e-03 3.998680e-01
298 5.968920e-01 2.628000e-03 4.004800e-01
299 5.964160e-01 2.616000e-03 4.009680e-01
300 5.960280e-01 2.488000e-03 4.014840e-01
301 5.956160e-01 2.484000e-03 4.019000e-01
302 5.952400e-01 2.436000e-03 4.023240e-01
303 5.948560e-01 2.392000e-03 4.027520e-01
304 5.945440e-01 2.284000e-03 4.031720e-01
305 5.941520e-01 2.260000e-03 4.035880e-01
306 5.937360e-01 2.276000e-03 4.039880e-01
307 5.933840e-01 2.232000e-03 4.043840e-01
308 5.930240e-01 2.196000e-03 4.047800e-01
309 5.926240e-01 2.212000e-03 4.051640e-01
310 5.922120e-01 2.260000e-03 4.055280e-01
311 5.918200e-01 2.244000e-03 4.059360e-01
312 5.914400e-01 2.220000e-03 4.063400e-01
313 5.909240e-01 2.312000e-03 4.067640e-01
314 5.904840e-01 2.320000e-03 4.071960e-01
315 5.900880e-01 2.372000e-03 4.075400e-01
316 5.896360e-01 2.412000e-03 4.079520e-01
317 5.892640e-01 2.340000e-03 4.083960e-01
318 5.889360e-01 2.292000e-03 4.087720e-01
319 5.886040e-01 2.268000e-03 4.091280e-01
320 5.882760e-01 2.224000e-03 4.095000e-01
321 5.878880e-01 2.204000e-03 4.099080e-01
322 5.875080e-01 2.136000e-03 4.103560e-01
323 5.871600e-01 2.080000e-03 4.107600e-01
324 5.868880e-01 1.980000e-03 4.111320e-01
325 5.865720e-01 1.968000e-03 4.114600e-01
326 5.862800e-01 1.928000e-03 4.117920e-01
327 5.859880e-01 1.860000e-03 4.121520e-01
328 5.856400e-01 1.856000e-03 4.125040e-01
329 5.852800e-01 1.800000e-03 4.129200e-01
330 5.849480e-01 1.820000e-03 4.132320e-01
331 5.846200e-01 1.840000e-03 4.135400e-01
332 5.843320e-01 1.828000e-03 4.138400e-01
333 5.839960e-01 1.876000e-03 4.141280e-01
334 5.836560e-01 1.928000e-03 4.144160e-01
335 5.832520e-01 1.972000e-03 4.147760e-01
336 5.828760e-01 2.016000e-03 4.151080e-01
337 5.825800e-01 1.944000e-03 4.154760e-01
338 5.822800e-01 1.944000e-03 4.157760e-01
339 5.818760e-01 2.008000e-03 4.161160e-01
340 5.815920e-01 1.952000e-03 4.164560e-01
341 5.812840e-01 1.880000e-03 4.168360e-01
342 5.810080e-01 1.852000e-03 4.171400e-01
343 5.807600e-01 1.796000e-03 4.174440e-01
344 5.804320e-01 1.824000e-03 4.177440e-01
345 5.801600e-01 1.792000e-03 4.180480e-01
346 5.797920e-01 1.832000e-03 4.183760e-01
347 5.794760e-01 1.896000e-03 4.186280e-01
348 5.791400e-01 1.856000e-03 4.190040e-01
349 5.788120e-01 1.844000e-03 4.193440e-01
350 5.785280e-01 1.864000e-03 4.196080e-01
351 5.781960e-01 1.844000e-03 4.199600e-01
352 5.778400e-01 1.888000e-03 4.202720e-01
353 5.775960e-01 1.808000e-03 4.205960e-01
354 5.773640e-01 1.772000e-03 4.208640e-01
355 5.771400e-01 1.680000e-03 4.211800e-01
356 5.769080e-01 1.604000e-03 4.214880e-01
357 5.767160e-01 1.504000e-03 4.217800e-01
358 5.764960e-01 1.444000e-03 4.220600e-01
359 5.762600e-01 1.480000e-03 4.222600e-01
360 5.759800e-01 1.460000e-03 4.225600e-01
361 5.757400e-01 1.428000e-03 4.228320e-01
362 5.755200e-01 1.420000e-03 4.230600e-01
363 5.751960e-01 1.476000e-03 4.233280e-01
364 5.750280e-01 1.412000e-03 4.235600e-01
365 5.748000e-01 1.440000e-03 4.237600e-01
366 5.745160e-01 1.468000e-03 4.240160e-01
367 5.742920e-01 1.400000e-03 4.243080e-01
368 5.740840e-01 1.372000e-03 4.245440e-01
369 5.738760e-01 1.324000e-03 4.248000e-01
370 5.736760e-01 1.224000e-03 4.251000e-01
371 5.734760e-01 1.264000e-03 4.252600e-01
372 5.732920e-01 1.272000e-03 4.254360e-01
373 5.731200e-01 1.224000e-03 4.256560e-01
374 5.728720e-01 1.260000e-03 4.258680e-01
375 5.726360e-01 1.264000e-03 4.261000e-01
376 5.723600e-01 1.336000e-03 4.263040e-01
377 5.721120e-01 1.340000e-03 4.265480e-01
378 5.718440e-01 1.388000e-03 4.267680e-01
379 5.715960e-01 1.348000e-03 4.270560e-01
380 5.712960e-01 1.440000e-03 4.272640e-01
381 5.710040e-01 1.448000e-03 4.275480e-01
382 5.707600e-01 1.400000e-03 4.278400e-01
383 5.705000e-01 1.444000e-03 4.280560e-01
384 5.702400e-01 1.436000e-03 4.283240e-01
385 5.699520e-01 1.452000e-03 4.285960e-01
386 5.697160e-01 1.484000e-03 4.288000e-01
387 5.695080e-01 1.444000e-03 4.290480e-01
388 5.693000e-01 1.372000e-03 4.293280e-01
389 5.691400e-01 1.292000e-03 4.295680e-01
390 5.690000e-01 1.176000e-03 4.298240e-01
391 5.688400e-01 1.140000e-03 4.300200e-01
392 5.686800e-01 1.076000e-03 4.302440e-01
393 5.685160e-01 1.040000e-03 4.304440e-01
394 5.683000e-01 1.060000e-03 4.306400e-01
395 5.681160e-01 1.072000e-03 4.308120e-01
396 5.678920e-01 1.108000e-03 4.310000e-01
397 5.676760e-01 1.124000e-03 4.312000e-01
398 5.675120e-01 1.100000e-03 4.313880e-01
399 5.673040e-01 1.108000e-03 4.315880e-01
400 5.671040e-01 1.124000e-03 4.317720e-01
401 5.669200e-01 1.116000e-03 4.319640e-01
402 5.667760e-01 1.088000e-03 4.321360e-01
403 5.666120e-01 1.052000e-03 4.323360e-01
404 5.664560e-01 1.032000e-03 4.325120e-01
405 5.663360e-01 9.480000e-04 4.327160e-01
406 5.662040e-01 8.720000e-04 4.329240e-01
407 5.660600e-01 9.000000e-04 4.330400e-01
408 5.659200e-01 9.040000e-04 4.331760e-01
409 5.657760e-01 8.920000e-04 4.333320e-01
410 5.655680e-01 9.680000e-04 4.334640e-01
411 5.653840e-01 1.008000e-03 4.336080e-01
412 5.652400e-01 9.800000e-04 4.337800e-01
413 5.650360e-01 1.000000e-03 4.339640e-01
414 5.648680e-01 9.880000e-04 4.341440e-01
415 5.646320e-01 1.064000e-03 4.343040e-01
416 5.644040e-01 1.064000e-03 4.345320e-01
417 5.641400e-01 1.116000e-03 4.347440e-01
418 5.639600e-01 1.132000e-03 4.349080e-01
419 5.637720e-01 1.112000e-03 4.351160e-01
420 5.635720e-01 1.156000e-03 4.352720e-01
421 5.634040e-01 1.104000e-03 4.354920e-01
422 5.632080e-01 1.128000e-03 4.356640e-01
423 5.630720e-01 1.028000e-03 4.359000e-01
424 5.628760e-01 1.076000e-03 4.360480e-01
425 5.626960e-01 1.072000e-03 4.362320e-01
426 5.625120e-01 1.076000e-03 4.364120e-01
427 5.624000e-01 1.012000e-03 4.365880e-01
428 5.622320e-01 1.028000e-03 4.367400e-01
429 5.620920e-01 9.600000e-04 4.369480e-01
430 5.618960e-01 9.760000e-04 4.371280e-01
431 5.617280e-01 9.760000e-04 4.372960e-01
432 5.615920e-01 9.440000e-04 4.374640e-01
433 5.614160e-01 9.400000e-04 4.376440e-01
434 5.612880e-01 9.040000e-04 4.378080e-01
435 5.611400e-01 8.760000e-04 4.379840e-01
436 5.609720e-01 8.960000e-04 4.381320e-01
437 5.608640e-01 9.040000e-04 4.382320e-01
438 5.607400e-01 8.920000e-04 4.383680e-01
439 5.605280e-01 9.400000e-04 4.385320e-01
440 5.603560e-01 9.680000e-04 4.386760e-01
441 5.602000e-01 9.560000e-04 4.388440e-01
442 5.600440e-01 9.160000e-04 4.390400e-01
443 5.599000e-01 8.760000e-04 4.392240e-01
444 5.597400e-01 9.080000e-04 4.393520e-01
445 5.596000e-01 9.200000e-04 4.394800e-01
446 5.594240e-01 9.440000e-04 4.396320e-01
447 5.592680e-01 9.640000e-04 4.397680e-01
448 5.590760e-01 1.008000e-03 4.399160e-01
449 5.589000e-01 1.004000e-03 4.400960e-01
450 5.587360e-01 1.008000e-03 4.402560e-01
451 5.585560e-01 1.000000e-03 4.404440e-01
452 5.583880e-01 1.032000e-03 4.405800e-01
453 5.581800e-01 1.076000e-03 4.407440e-01
454 5.580160e-01 1.024000e-03 4.409600e-01
455 5.579000e-01 9.960000e-04 4.411040e-01
456 5.577160e-01 9.800000e-04 4.413040e-01
457 5.575160e-01 1.040000e-03 4.414440e-01
458 5.573480e-01 1.008000e-03 4.416440e-01
459 5.571800e-01 9.840000e-04 4.418360e-01
460 5.569680e-01 9.920000e-04 4.420400e-01
461 5.567640e-01 1.048000e-03 4.421880e-01
462 5.565960e-01 1.044000e-03 4.423600e-01
463 5.564280e-01 1.012000e-03 4.425600e-01
464 5.562480e-01 1.072000e-03 4.426800e-01
465 5.560680e-01 1.040000e-03 4.428920e-01
466 5.559080e-01 1.056000e-03 4.430360e-01
467 5.557440e-01 1.052000e-03 4.432040e-01
468 5.555640e-01 1.060000e-03 4.433760e-01
469 5.554040e-01 1.048000e-03 4.435480e-01
470 5.552200e-01 1.040000e-03 4.437400e-01
471 5.550400e-01 1.052000e-03 4.439080e-01
472 5.549040e-01 1.020000e-03 4.440760e-01
473 5.547360e-01 1.044000e-03 4.442200e-01
474 5.545840e-01 1.040000e-03 4.443760e-01
475 5.544680e-01 9.880000e-04 4.445440e-01
476 5.543560e-01 9.360000e-04 4.447080e-01
477 5.541880e-01 9.480000e-04 4.448640e-01
478 5.540720e-01 9.400000e-04 4.449880e-01
479 5.539400e-01 9.360000e-04 4.451240e-01
480 5.538120e-01 9.480000e-04 4.452400e-01
481 5.536960e-01 9.280000e-04 4.453760e-01
482 5.535280e-01 9.600000e-04 4.455120e-01
483 5.534040e-01 9.480000e-04 4.456480e-01
484 5.532520e-01 9.760000e-04 4.457720e-01
485 5.530720e-01 9.760000e-04 4.459520e-01
486 5.528840e-01 1.024000e-03 4.460920e-01
487 5.526560e-01 1.128000e-03 4.462160e-01
488 5.524480e-01 1.136000e-03 4.464160e-01
489 5.522520e-01 1.120000e-03 4.466280e-01
490 5.521160e-01 1.060000e-03 4.468240e-01
491 5.519960e-01 1.000000e-03 4.470040e-01
492 5.518560e-01 9.760000e-04 4.471680e-01
493 5.517400e-01 9.520000e-04 4.473080e-01
494 5.515880e-01 9.640000e-04 4.474480e-01
495 5.514480e-01 9.600000e-04 4.475920e-01
496 5.512920e-01 9.120000e-04 4.477960e-01
497 5.511600e-01 8.880000e-04 4.479520e-01
498 5.510560e-01 8.520000e-04 4.480920e-01
499 5.509280e-01 8.080000e-04 4.482640e-01
500 5.508360e-01 7.360000e-04 4.484280e-01
