1 9.992080e-01 7.080000e-04 8.400000e-05
2 9.988120e-01 9.400000e-04 2.480000e-04
3 9.982440e-01 1.260000e-03 4.960000e-04
4 9.976600e-01 1.608000e-03 7.320000e-04
5 9.969480e-01 2.016000e-03 1.036000e-03
6 9.962080e-01 2.356000e-03 1.436000e-03
7 9.954320e-01 2.628000e-03 1.940000e-03
8 9.946920e-01 2.920000e-03 2.388000e-03
9 9.938680e-01 3.144000e-03 2.988000e-03
10 9.929760e-01 3.436000e-03 3.588000e-03
11 9.920600e-01 3.804000e-03 4.136000e-03
12 9.910560e-01 4.064000e-03 4.880000e-03
13 9.900040e-01 4.388000e-03 5.608000e-03
14 9.890120e-01 4.624000e-03 6.364000e-03
15 9.880080e-01 4.764000e-03 7.228000e-03
16 9.869120e-01 4.980000e-03 8.108000e-03
17 9.857480e-01 5.308000e-03 8.944000e-03
18 9.847280e-01 5.416000e-03 9.856000e-03
19 9.837720e-01 5.444000e-03 1.078400e-02
20 9.827680e-01 5.524000e-03 1.170800e-02
21 9.818120e-01 5.468000e-03 1.272000e-02
22 9.806920e-01 5.588000e-03 1.372000e-02
23 9.796720e-01 5.580000e-03 1.474800e-02
24 9.787720e-01 5.544000e-03 1.568400e-02
25 9.777160e-01 5.620000e-03 1.666400e-02
26 9.766640e-01 5.736000e-03 1.760000e-02
27 9.755920e-01 5.728000e-03 1.868000e-02
28 9.744040e-01 5.848000e-03 1.974800e-02
29 9.732760e-01 6.032000e-03 2.069200e-02
30 9.719760e-01 6.288000e-03 2.173600e-02
31 9.706440e-01 6.524000e-03 2.283200e-02
32 9.694320e-01 6.500000e-03 2.406800e-02
33 9.682040e-01 6.648000e-03 2.514800e-02
34 9.668360e-01 6.940000e-03 2.622400e-02
35 9.655120e-01 7.048000e-03 2.744000e-02
36 9.642240e-01 7.116000e-03 2.866000e-02
37 9.628680e-01 7.140000e-03 2.999200e-02
38 9.616960e-01 7.148000e-03 3.115600e-02
39 9.604480e-01 7.136000e-03 3.241600e-02
40 9.590520e-01 7.276000e-03 3.367200e-02
41 9.576800e-01 7.384000e-03 3.493600e-02
42 9.562880e-01 7.440000e-03 3.627200e-02
43 9.549040e-01 7.400000e-03 3.769600e-02
44 9.533560e-01 7.684000e-03 3.896000e-02
45 9.519120e-01 7.808000e-03 4.028000e-02
46 9.503840e-01 8.044000e-03 4.157200e-02
47 9.489160e-01 8.192000e-03 4.289200e-02
48 9.474400e-01 8.184000e-03 4.437600e-02
49 9.459760e-01 8.244000e-03 4.578000e-02
50 9.444040e-01 8.284000e-03 4.731200e-02
51 9.427960e-01 8.276000e-03 4.892800e-02
52 9.415120e-01 8.092000e-03 5.039600e-02
53 9.400120e-01 8.220000e-03 5.176800e-02
54 9.385000e-01 8.300000e-03 5.320000e-02
55 9.369960e-01 8.336000e-03 5.466800e-02
56 9.352840e-01 8.696000e-03 5.602000e-02
57 9.334760e-01 9.008000e-03 5.751600e-02
58 9.316600e-01 9.368000e-03 5.897200e-02
59 9.297160e-01 9.716000e-03 6.056800e-02
60 9.279520e-01 9.828000e-03 6.222000e-02
61 9.261440e-01 9.804000e-03 6.405200e-02
62 9.243400e-01 9.856000e-03 6.580400e-02
63 9.227480e-01 9.812000e-03 6.744000e-02
64 9.213200e-01 9.528000e-03 6.915200e-02
65 9.198520e-01 9.364000e-03 7.078400e-02
66 9.183840e-01 9.256000e-03 7.236000e-02
67 9.169160e-01 9.116000e-03 7.396800e-02
68 9.154600e-01 9.032000e-03 7.550800e-02
69 9.140600e-01 8.940000e-03 7.700000e-02
70 9.125320e-01 8.756000e-03 7.871200e-02
71 9.111200e-01 8.752000e-03 8.012800e-02
72 9.097720e-01 8.556000e-03 8.167200e-02
73 9.084880e-01 8.380000e-03 8.313200e-02
74 9.070600e-01 8.352000e-03 8.458800e-02
75 9.057560e-01 8.176000e-03 8.606800e-02
76 9.044160e-01 7.992000e-03 8.759200e-02
77 9.029720e-01 8.000000e-03 8.902800e-02
78 9.015960e-01 7.856000e-03 9.054800e-02
79 9.001760e-01 7.904000e-03 9.192000e-02
80 8.987080e-01 8.068000e-03 9.322400e-02
81 8.974400e-01 7.888000e-03 9.467200e-02
82 8.960600e-01 7.880000e-03 9.606000e-02
83 8.946000e-01 8.056000e-03 9.734400e-02
84 8.932400e-01 7.936000e-03 9.882400e-02
85 8.917680e-01 8.008000e-03 1.002240e-01
86 8.903560e-01 7.996000e-03 1.016480e-01
87 8.888040e-01 8.152000e-03 1.030440e-01
88 8.874280e-01 8.128000e-03 1.044440e-01
89 8.862120e-01 8.028000e-03 1.057600e-01
90 8.848920e-01 8.032000e-03 1.070760e-01
91 8.834960e-01 8.088000e-03 1.084160e-01
92 8.820720e-01 8.148000e-03 1.097800e-01
93 8.807080e-01 8.028000e-03 1.112640e-01
94 8.793480e-01 7.904000e-03 1.127480e-01
95 8.779000e-01 7.972000e-03 1.141280e-01
96 8.766960e-01 7.668000e-03 1.156360e-01
97 8.754000e-01 7.612000e-03 1.169880e-01
98 8.741680e-01 7.596000e-03 1.182360e-01
99 8.730880e-01 7.456000e-03 1.194560e-01
100 8.719440e-01 7.344000e-03 1.207120e-01
101 8.708400e-01 7.104000e-03 1.220560e-01
102 8.698000e-01 6.956000e-03 1.232440e-01
103 8.686320e-01 6.872000e-03 1.244960e-01
104 8.673920e-01 6.888000e-03 1.257200e-01
105 8.663720e-01 6.632000e-03 1.269960e-01
106 8.651600e-01 6.632000e-03 1.282080e-01
107 8.639440e-01 6.680000e-03 1.293760e-01
108 8.629160e-01 6.432000e-03 1.306520e-01
109 8.616120e-01 6.696000e-03 1.316920e-01
110 8.605560e-01 6.632000e-03 1.328120e-01
111 8.592560e-01 6.736000e-03 1.340080e-01
112 8.580040e-01 6.784000e-03 1.352120e-01
113 8.566360e-01 6.984000e-03 1.363800e-01
114 8.554680e-01 7.000000e-03 1.375320e-01
115 8.541560e-01 7.048000e-03 1.387960e-01
116 8.529640e-01 6.932000e-03 1.401040e-01
117 8.517680e-01 6.980000e-03 1.412520e-01
118 8.505840e-01 7.068000e-03 1.423480e-01
119 8.493200e-01 6.972000e-03 1.437080e-01
120 8.480920e-01 6.964000e-03 1.449440e-01
121 8.468800e-01 6.908000e-03 1.462120e-01
122 8.457000e-01 6.872000e-03 1.474280e-01
123 8.445560e-01 6.748000e-03 1.486960e-01
124 8.434800e-01 6.664000e-03 1.498560e-01
125 8.422720e-01 6.636000e-03 1.510920e-01
126 8.412440e-01 6.440000e-03 1.523160e-01
127 8.401040e-01 6.532000e-03 1.533640e-01
128 8.389880e-01 6.312000e-03 1.547000e-01
129 8.379960e-01 6.172000e-03 1.558320e-01
130 8.369880e-01 6.180000e-03 1.568320e-01
131 8.358640e-01 6.272000e-03 1.578640e-01
132 8.347000e-01 6.420000e-03 1.588800e-01
133 8.337000e-01 6.384000e-03 1.599160e-01
134 8.327320e-01 6.176000e-03 1.610920e-01
135 8.316640e-01 6.164000e-03 1.621720e-01
136 8.304520e-01 6.224000e-03 1.633240e-01
137 8.294360e-01 6.220000e-03 1.643440e-01
138 8.282840e-01 6.260000e-03 1.654560e-01
139 8.272640e-01 6.112000e-03 1.666240e-01
140 8.261680e-01 6.156000e-03 1.676760e-01
141 8.251800e-01 5.972000e-03 1.688480e-01
142 8.240560e-01 6.016000e-03 1.699280e-01
143 8.228240e-01 6.156000e-03 1.710200e-01
144 8.217600e-01 6.188000e-03 1.720520e-01
145 8.206760e-01 6.096000e-03 1.732280e-01
146 8.195920e-01 6.032000e-03 1.743760e-01
147 8.184400e-01 6.136000e-03 1.754240e-01
148 8.173440e-01 6.112000e-03 1.765440e-01
149 8.162520e-01 6.144000e-03 1.776040e-01
150 8.150200e-01 6.328000e-03 1.786520e-01
151 8.139560e-01 6.248000e-03 1.797960e-01
152 8.129520e-01 6.160000e-03 1.808880e-01
153 8.118640e-01 6.128000e-03 1.820080e-01
154 8.107680e-01 6.272000e-03 1.829600e-01
155 8.096760e-01 6.216000e-03 1.841080e-01
156 8.086520e-01 6.264000e-03 1.850840e-01
157 8.077480e-01 6.120000e-03 1.861320e-01
158 8.066520e-01 6.192000e-03 1.871560e-01
159 8.056720e-01 6.108000e-03 1.882200e-01
160 8.047480e-01 6.064000e-03 1.891880e-01
161 8.038240e-01 5.960000e-03 1.902160e-01
162 8.029360e-01 5.796000e-03 1.912680e-01
163 8.020800e-01 5.532000e-03 1.923880e-01
164 8.011640e-01 5.492000e-03 1.933440e-01
165 8.002440e-01 5.564000e-03 1.941920e-01
166 7.993760e-01 5.348000e-03 1.952760e-01
167 7.985720e-01 5.268000e-03 1.961600e-01
168 7.976920e-01 5.316000e-03 1.969920e-01
169 7.967840e-01 5.320000e-03 1.978960e-01
170 7.958320e-01 5.292000e-03 1.988760e-01
171 7.948360e-01 5.408000e-03 1.997560e-01
172 7.940200e-01 5.328000e-03 2.006520e-01
173 7.931200e-01 5.244000e-03 2.016360e-01
174 7.921880e-01 5.248000e-03 2.025640e-01
175 7.913200e-01 5.156000e-03 2.035240e-01
176 7.903960e-01 5.256000e-03 2.043480e-01
177 7.894680e-01 5.280000e-03 2.052520e-01
178 7.885720e-01 5.312000e-03 2.061160e-01
179 7.877680e-01 5.144000e-03 2.070880e-01
180 7.869120e-01 5.080000e-03 2.080080e-01
181 7.860000e-01 5.016000e-03 2.089840e-01
182 7.852840e-01 4.828000e-03 2.098880e-01
183 7.844560e-01 4.724000e-03 2.108200e-01
184 7.836920e-01 4.656000e-03 2.116520e-01
185 7.828800e-01 4.700000e-03 2.124200e-01
186 7.820400e-01 4.780000e-03 2.131800e-01
187 7.812640e-01 4.688000e-03 2.140480e-01
188 7.804800e-01 4.660000e-03 2.148600e-01
189 7.796160e-01 4.712000e-03 2.156720e-01
190 7.788000e-01 4.712000e-03 2.164880e-01
191 7.779280e-01 4.720000e-03 2.173520e-01
192 7.771240e-01 4.672000e-03 2.182040e-01
193 7.763880e-01 4.660000e-03 2.189520e-01
194 7.755880e-01 4.648000e-03 2.197640e-01
195 7.747880e-01 4.636000e-03 2.205760e-01
196 7.740640e-01 4.580000e-03 2.213560e-01
197 7.732120e-01 4.676000e-03 2.221120e-01
198 7.723480e-01 4.784000e-03 2.228680e-01
199 7.715720e-01 4.724000e-03 2.237040e-01
200 7.707680e-01 4.820000e-03 2.244120e-01
201 7.699600e-01 4.860000e-03 2.251800e-01
202 7.691480e-01 4.884000e-03 2.259680e-01
203 7.684080e-01 4.812000e-03 2.267800e-01
204 7.676240e-01 4.732000e-03 2.276440e-01
205 7.668800e-01 4.756000e-03 2.283640e-01
206 7.660760e-01 4.736000e-03 2.291880e-01
207 7.652920e-01 4.692000e-03 2.300160e-01
208 7.645600e-01 4.692000e-03 2.307480e-01
209 7.638440e-01 4.592000e-03 2.315640e-01
210 7.630080e-01 4.592000e-03 2.324000e-01
211 7.620280e-01 4.732000e-03 2.332400e-01
212 7.611600e-01 4.828000e-03 2.340120e-01
213 7.603240e-01 4.888000e-03 2.347880e-01
214 7.594880e-01 4.960000e-03 2.355520e-01
215 7.586320e-01 4.872000e-03 2.364960e-01
216 7.578040e-01 4.788000e-03 2.374080e-01
217 7.569880e-01 4.632000e-03 2.383800e-01
218 7.562560e-01 4.608000e-03 2.391360e-01
219 7.554320e-01 4.592000e-03 2.399760e-01
220 7.546400e-01 4.588000e-03 2.407720e-01
221 7.538080e-01 4.588000e-03 2.416040e-01
222 7.529760e-01 4.600000e-03 2.424240e-01
223 7.520880e-01 4.660000e-03 2.432520e-01
224 7.513480e-01 4.600000e-03 2.440520e-01
225 7.505160e-01 4.640000e-03 2.448440e-01
226 7.498120e-01 4.568000e-03 2.456200e-01
227 7.490440e-01 4.512000e-03 2.464440e-01
228 7.482200e-01 4.600000e-03 2.471800e-01
229 7.474120e-01 4.604000e-03 2.479840e-01
230 7.465720e-01 4.544000e-03 2.488840e-01
231 7.458120e-01 4.496000e-03 2.496920e-01
232 7.451360e-01 4.444000e-03 2.504200e-01
233 7.443040e-01 4.468000e-03 2.512280e-01
234 7.436120e-01 4.416000e-03 2.519720e-01
235 7.429720e-01 4.284000e-03 2.527440e-01
236 7.422520e-01 4.304000e-03 2.534440e-01
237 7.415800e-01 4.212000e-03 2.542080e-01
238 7.408480e-01 4.248000e-03 2.549040e-01
239 7.402000e-01 4.188000e-03 2.556120e-01
240 7.395920e-01 4.024000e-03 2.563840e-01
241 7.389000e-01 4.064000e-03 2.570360e-01
242 7.381720e-01 4.156000e-03 2.576720e-01
243 7.374640e-01 4.136000e-03 2.584000e-01
244 7.367640e-01 4.128000e-03 2.591080e-01
245 7.361080e-01 4.104000e-03 2.597880e-01
246 7.354280e-01 4.172000e-03 2.604000e-01
247 7.347200e-01 4.188000e-03 2.610920e-01
248 7.339920e-01 4.208000e-03 2.618000e-01
249 7.333200e-01 4.168000e-03 2.625120e-01
250 7.327080e-01 4.084000e-03 2.632080e-01
251 7.321320e-01 3.956000e-03 2.639120e-01
252 7.313720e-01 4.088000e-03 2.645400e-01
253 7.307320e-01 4.016000e-03 2.652520e-01
254 7.300960e-01 3.992000e-03 2.659120e-01
255 7.294440e-01 3.892000e-03 2.666640e-01
256 7.288480e-01 3.784000e-03 2.673680e-01
257 7.283160e-01 3.628000e-03 2.680560e-01
258 7.277200e-01 3.672000e-03 2.686080e-01
259 7.271680e-01 3.604000e-03 2.692280e-01
260 7.265960e-01 3.524000e-03 2.698800e-01
261 7.260320e-01 3.496000e-03 2.704720e-01
262 7.255880e-01 3.368000e-03 2.710440e-01
263 7.250600e-01 3.332000e-03 2.716080e-01
264 7.244080e-01 3.372000e-03 2.722200e-01
265 7.239080e-01 3.312000e-03 2.727800e-01
266 7.232920e-01 3.320000e-03 2.733880e-01
267 7.227160e-01 3.288000e-03 2.739960e-01
268 7.221680e-01 3.196000e-03 2.746360e-01
269 7.216440e-01 3.088000e-03 2.752680e-01
270 7.210920e-01 3.040000e-03 2.758680e-01
271 7.205360e-01 3.080000e-03 2.763840e-01
272 7.201040e-01 2.976000e-03 2.769200e-01
273 7.196120e-01 2.952000e-03 2.774360e-01
274 7.191560e-01 2.920000e-03 2.779240e-01
275 7.186520e-01 2.920000e-03 2.784280e-01
276 7.181920e-01 2.896000e-03 2.789120e-01
277 7.176960e-01 2.916000e-03 2.793880e-01
278 7.172360e-01 2.896000e-03 2.798680e-01
279 7.167200e-01 2.836000e-03 2.804440e-01
280 7.162920e-01 2.776000e-03 2.809320e-01
281 7.157800e-01 2.772000e-03 2.814480e-01
282 7.152800e-01 2.768000e-03 2.819520e-01
283 7.148520e-01 2.684000e-03 2.824640e-01
284 7.144120e-01 2.724000e-03 2.828640e-01
285 7.139080e-01 2.728000e-03 2.833640e-01
286 7.134680e-01 2.724000e-03 2.838080e-01
287 7.129600e-01 2.828000e-03 2.842120e-01
288 7.124800e-01 2.836000e-03 2.846840e-01
289 7.120520e-01 2.768000e-03 2.851800e-01
290 7.115880e-01 2.720000e-03 2.856920e-01
291 7.111560e-01 2.664000e-03 2.861800e-01
292 7.107040e-01 2.556000e-03 2.867400e-01
293 7.101480e-01 2.684000e-03 2.871680e-01
294 7.097120e-01 2.624000e-03 2.876640e-01
295 7.092720e-01 2.624000e-03 2.881040e-01
296 7.088320e-01 2.632000e-03 2.885360e-01
297 7.083800e-01 2.624000e-03 2.889960e-01
298 7.078520e-01 2.636000e-03 2.895120e-01
299 7.073880e-01 2.620000e-03 2.899920e-01
300 7.070160e-01 2.488000e-03 2.904960e-01
301 7.065920e-01 2.548000e-03 2.908600e-01
302 7.062320e-01 2.460000e-03 2.913080e-01
303 7.058400e-01 2.432000e-03 2.917280e-01
304 7.054440e-01 2.416000e-03 2.921400e-01
305 7.049760e-01 2.540000e-03 2.924840e-01
306 7.046680e-01 2.456000e-03 2.928760e-01
307 7.043520e-01 2.400000e-03 2.932480e-01
308 7.039400e-01 2.444000e-03 2.936160e-01
309 7.035960e-01 2.352000e-03 2.940520e-01
310 7.031960e-01 2.384000e-03 2.944200e-01
311 7.028440e-01 2.252000e-03 2.949040e-01
312 7.025040e-01 2.196000e-03 2.953000e-01
313 7.021680e-01 2.136000e-03 2.956960e-01
314 7.018160e-01 2.088000e-03 2.960960e-01
315 7.014200e-01 2.012000e-03 2.965680e-01
316 7.010720e-01 1.996000e-03 2.969320e-01
317 7.007640e-01 1.916000e-03 2.973200e-01
318 7.004360e-01 1.932000e-03 2.976320e-01
319 7.000720e-01 1.960000e-03 2.979680e-01
320 6.997600e-01 1.972000e-03 2.982680e-01
321 6.994160e-01 2.032000e-03 2.985520e-01
322 6.991000e-01 1.964000e-03 2.989360e-01
323 6.987760e-01 1.948000e-03 2.992760e-01
324 6.983800e-01 1.992000e-03 2.996280e-01
325 6.980200e-01 1.968000e-03 3.000120e-01
326 6.977240e-01 1.968000e-03 3.003080e-01
327 6.973760e-01 1.972000e-03 3.006520e-01
328 6.971000e-01 1.916000e-03 3.009840e-01
329 6.967520e-01 1.956000e-03 3.012920e-01
330 6.964600e-01 1.984000e-03 3.015560e-01
331 6.961200e-01 1.920000e-03 3.019600e-01
332 6.958360e-01 1.816000e-03 3.023480e-01
333 6.955880e-01 1.700000e-03 3.027120e-01
334 6.953000e-01 1.704000e-03 3.029960e-01
335 6.950120e-01 1.704000e-03 3.032840e-01
336 6.946360e-01 1.752000e-03 3.036120e-01
337 6.942360e-01 1.856000e-03 3.039080e-01
338 6.938560e-01 1.940000e-03 3.042040e-01
339 6.935360e-01 1.896000e-03 3.045680e-01
340 6.932520e-01 1.856000e-03 3.048920e-01
341 6.929800e-01 1.812000e-03 3.052080e-01
342 6.926400e-01 1.852000e-03 3.055080e-01
343 6.923920e-01 1.780000e-03 3.058280e-01
344 6.921320e-01 1.776000e-03 3.060920e-01
345 6.919240e-01 1.656000e-03 3.064200e-01
346 6.916760e-01 1.572000e-03 3.067520e-01
347 6.914360e-01 1.528000e-03 3.070360e-01
348 6.911200e-01 1.584000e-03 3.072960e-01
349 6.908000e-01 1.688000e-03 3.075120e-01
350 6.904640e-01 1.732000e-03 3.078040e-01
351 6.901760e-01 1.692000e-03 3.081320e-01
352 6.899600e-01 1.656000e-03 3.083840e-01
353 6.896960e-01 1.584000e-03 3.087200e-01
354 6.893400e-01 1.632000e-03 3.090280e-01
355 6.891360e-01 1.564000e-03 3.093000e-01
356 6.889280e-01 1.540000e-03 3.095320e-01
357 6.887080e-01 1.500000e-03 3.097920e-01
358 6.884600e-01 1.492000e-03 3.100480e-01
359 6.882960e-01 1.420000e-03 3.102840e-01
360 6.880960e-01 1.336000e-03 3.105680e-01
361 6.878200e-01 1.396000e-03 3.107840e-01
362 6.875800e-01 1.396000e-03 3.110240e-01
363 6.872920e-01 1.416000e-03 3.112920e-01
364 6.870240e-01 1.472000e-03 3.115040e-01
365 6.867360e-01 1.528000e-03 3.117360e-01
366 6.865280e-01 1.460000e-03 3.120120e-01
367 6.862640e-01 1.436000e-03 3.123000e-01
368 6.860480e-01 1.384000e-03 3.125680e-01
369 6.858680e-01 1.232000e-03 3.129000e-01
370 6.856240e-01 1.248000e-03 3.131280e-01
371 6.854080e-01 1.204000e-03 3.133880e-01
372 6.851960e-01 1.208000e-03 3.135960e-01
373 6.849640e-01 1.244000e-03 3.137920e-01
374 6.847040e-01 1.288000e-03 3.140080e-01
375 6.843920e-01 1.396000e-03 3.142120e-01
376 6.840520e-01 1.528000e-03 3.144200e-01
377 6.838160e-01 1.472000e-03 3.147120e-01
378 6.835600e-01 1.480000e-03 3.149600e-01
379 6.833120e-01 1.452000e-03 3.152360e-01
380 6.830840e-01 1.456000e-03 3.154600e-01
381 6.828560e-01 1.460000e-03 3.156840e-01
382 6.826320e-01 1.412000e-03 3.159560e-01
383 6.823680e-01 1.428000e-03 3.162040e-01
384 6.821520e-01 1.404000e-03 3.164440e-01
385 6.819160e-01 1.440000e-03 3.166440e-01
386 6.816600e-01 1.440000e-03 3.169000e-01
387 6.814000e-01 1.444000e-03 3.171560e-01
388 6.811400e-01 1.472000e-03 3.173880e-01
389 6.809400e-01 1.420000e-03 3.176400e-01
390 6.807120e-01 1.408000e-03 3.178800e-01
391 6.804640e-01 1.440000e-03 3.180960e-01
392 6.802800e-01 1.344000e-03 3.183760e-01
393 6.800160e-01 1.408000e-03 3.185760e-01
394 6.798080e-01 1.344000e-03 3.188480e-01
395 6.795120e-01 1.404000e-03 3.190840e-01
396 6.792760e-01 1.428000e-03 3.192960e-01
397 6.790360e-01 1.352000e-03 3.196120e-01
398 6.788280e-01 1.376000e-03 3.197960e-01
399 6.785920e-01 1.364000e-03 3.200440e-01
400 6.783800e-01 1.316000e-03 3.203040e-01
401 6.781960e-01 1.232000e-03 3.205720e-01
402 6.780640e-01 1.164000e-03 3.207720e-01
403 6.779240e-01 1.120000e-03 3.209560e-01
404 6.777920e-01 1.020000e-03 3.211880e-01
405 6.776200e-01 9.720000e-04 3.214080e-01
406 6.774600e-01 9.880000e-04 3.215520e-01
407 6.773000e-01 9.920000e-04 3.217080e-01
408 6.771480e-01 9.760000e-04 3.218760e-01
409 6.769840e-01 9.600000e-04 3.220560e-01
410 6.767520e-01 1.028000e-03 3.222200e-01
411 6.765800e-01 1.044000e-03 3.223760e-01
412 6.763800e-01 1.088000e-03 3.225320e-01
413 6.761480e-01 1.160000e-03 3.226920e-01
414 6.760000e-01 1.120000e-03 3.228800e-01
415 6.758280e-01 1.120000e-03 3.230520e-01
416 6.756000e-01 1.164000e-03 3.232360e-01
417 6.754120e-01 1.168000e-03 3.234200e-01
418 6.751640e-01 1.176000e-03 3.236600e-01
419 6.750120e-01 1.092000e-03 3.238960e-01
420 6.748280e-01 1.056000e-03 3.241160e-01
421 6.746920e-01 1.028000e-03 3.242800e-01
422 6.745080e-01 1.080000e-03 3.244120e-01
423 6.743920e-01 9.760000e-04 3.246320e-01
424 6.742280e-01 9.960000e-04 3.247760e-01
425 6.740120e-01 1.060000e-03 3.249280e-01
426 6.738280e-01 1.028000e-03 3.251440e-01
427 6.737320e-01 9.160000e-04 3.253520e-01
428 6.735640e-01 9.360000e-04 3.255000e-01
429 6.734000e-01 9.160000e-04 3.256840e-01
430 6.732400e-01 9.040000e-04 3.258560e-01
431 6.730120e-01 9.720000e-04 3.260160e-01
432 6.727920e-01 1.008000e-03 3.262000e-01
433 6.725720e-01 1.048000e-03 3.263800e-01
434 6.724280e-01 1.016000e-03 3.265560e-01
435 6.722280e-01 1.052000e-03 3.267200e-01
436 6.719600e-01 1.164000e-03 3.268760e-01
437 6.717880e-01 1.108000e-03 3.271040e-01
438 6.715360e-01 1.180000e-03 3.272840e-01
439 6.712960e-01 1.228000e-03 3.274760e-01
440 6.710840e-01 1.236000e-03 3.276800e-01
441 6.709080e-01 1.148000e-03 3.279440e-01
442 6.706320e-01 1.176000e-03 3.281920e-01
443 6.703600e-01 1.256000e-03 3.283840e-01
444 6.700360e-01 1.380000e-03 3.285840e-01
445 6.697200e-01 1.480000e-03 3.288000e-01
446 6.694160e-01 1.540000e-03 3.290440e-01
447 6.691240e-01 1.604000e-03 3.292720e-01
448 6.688600e-01 1.568000e-03 3.295720e-01
449 6.686360e-01 1.424000e-03 3.299400e-01
450 6.684040e-01 1.400000e-03 3.301960e-01
451 6.681400e-01 1.440000e-03 3.304200e-01
452 6.678560e-01 1.384000e-03 3.307600e-01
453 6.675880e-01 1.432000e-03 3.309800e-01
454 6.672680e-01 1.496000e-03 3.312360e-01
455 6.670280e-01 1.544000e-03 3.314280e-01
456 6.667120e-01 1.580000e-03 3.317080e-01
457 6.664360e-01 1.588000e-03 3.319760e-01
458 6.661640e-01 1.588000e-03 3.322480e-01
459 6.658560e-01 1.620000e-03 3.325240e-01
460 6.656080e-01 1.580000e-03 3.328120e-01
461 6.653520e-01 1.572000e-03 3.330760e-01
462 6.650560e-01 1.572000e-03 3.333720e-01
463 6.648240e-01 1.516000e-03 3.336600e-01
464 6.645400e-01 1.540000e-03 3.339200e-01
465 6.642920e-01 1.496000e-03 3.342120e-01
466 6.640120e-01 1.444000e-03 3.345440e-01
467 6.637760e-01 1.424000e-03 3.348000e-01
468 6.635040e-01 1.452000e-03 3.350440e-01
469 6.632320e-01 1.496000e-03 3.352720e-01
470 6.629760e-01 1.480000e-03 3.355440e-01
471 6.627320e-01 1.496000e-03 3.357720e-01
472 6.624720e-01 1.472000e-03 3.360560e-01
473 6.622400e-01 1.452000e-03 3.363080e-01
474 6.620120e-01 1.440000e-03 3.365480e-01
475 6.618280e-01 1.348000e-03 3.368240e-01
476 6.615600e-01 1.376000e-03 3.370640e-01
477 6.613360e-01 1.392000e-03 3.372720e-01
478 6.611000e-01 1.416000e-03 3.374840e-01
479 6.609000e-01 1.404000e-03 3.376960e-01
480 6.606840e-01 1.376000e-03 3.379400e-01
481 6.604920e-01 1.324000e-03 3.381840e-01
482 6.602920e-01 1.276000e-03 3.384320e-01
483 6.601240e-01 1.216000e-03 3.386600e-01
484 6.598840e-01 1.264000e-03 3.388520e-01
485 6.596920e-01 1.256000e-03 3.390520e-01
486 6.594480e-01 1.284000e-03 3.392680e-01
487 6.592040e-01 1.296000e-03 3.395000e-01
488 6.589840e-01 1.252000e-03 3.397640e-01
489 6.587520e-01 1.276000e-03 3.399720e-01
490 6.585200e-01 1.268000e-03 3.402120e-01
491 6.583120e-01 1.260000e-03 3.404280e-01
492 6.581080e-01 1.260000e-03 3.406320e-01
493 6.578800e-01 1.264000e-03 3.408560e-01
494 6.576640e-01 1.272000e-03 3.410640e-01
495 6.574760e-01 1.252000e-03 3.412720e-01
496 6.572920e-01 1.216000e-03 3.414920e-01
497 6.570880e-01 1.172000e-03 3.417400e-01
498 6.568880e-01 1.204000e-03 3.419080e-01
499 6.566360e-01 1.216000e-03 3.421480e-01
500 6.563960e-01 1.208000e-03 3.423960e-01
