1 9.992520e-01 6.560000e-04 9.200000e-05
2 9.986880e-01 1.096000e-03 2.160000e-04
3 9.980440e-01 1.528000e-03 4.280000e-04
4 9.972880e-01 1.924000e-03 7.880000e-04
5 9.965480e-01 2.248000e-03 1.204000e-03
6 9.958680e-01 2.472000e-03 1.660000e-03
7 9.951520e-01 2.712000e-03 2.136000e-03
8 9.943720e-01 2.956000e-03 2.672000e-03
9 9.934840e-01 3.276000e-03 3.240000e-03
10 9.926520e-01 3.516000e-03 3.832000e-03
11 9.916000e-01 4.028000e-03 4.372000e-03
12 9.905600e-01 4.272000e-03 5.168000e-03
13 9.896120e-01 4.476000e-03 5.912000e-03
14 9.886280e-01 4.724000e-03 6.648000e-03
15 9.872880e-01 5.200000e-03 7.512000e-03
16 9.861160e-01 5.444000e-03 8.440000e-03
17 9.849120e-01 5.676000e-03 9.412000e-03
18 9.835720e-01 5.984000e-03 1.044400e-02
19 9.822560e-01 6.192000e-03 1.155200e-02
20 9.809760e-01 6.336000e-03 1.268800e-02
21 9.795120e-01 6.784000e-03 1.370400e-02
22 9.779800e-01 7.148000e-03 1.487200e-02
23 9.765080e-01 7.464000e-03 1.602800e-02
24 9.749840e-01 7.632000e-03 1.738400e-02
25 9.733240e-01 8.008000e-03 1.866800e-02
26 9.717520e-01 8.144000e-03 2.010400e-02
27 9.701720e-01 8.308000e-03 2.152000e-02
28 9.685640e-01 8.304000e-03 2.313200e-02
29 9.669240e-01 8.420000e-03 2.465600e-02
30 9.652800e-01 8.556000e-03 2.616400e-02
31 9.636000e-01 8.712000e-03 2.768800e-02
32 9.619320e-01 8.856000e-03 2.921200e-02
33 9.601280e-01 9.088000e-03 3.078400e-02
34 9.584360e-01 9.020000e-03 3.254400e-02
35 9.567800e-01 9.096000e-03 3.412400e-02
36 9.550240e-01 9.316000e-03 3.566000e-02
37 9.531240e-01 9.640000e-03 3.723600e-02
38 9.513840e-01 9.644000e-03 3.897200e-02
39 9.495080e-01 9.820000e-03 4.067200e-02
40 9.475040e-01 1.001200e-02 4.248400e-02
41 9.455960e-01 1.016000e-02 4.424400e-02
42 9.435560e-01 1.049600e-02 4.594800e-02
43 9.415720e-01 1.053200e-02 4.789600e-02
44 9.396320e-01 1.082000e-02 4.954800e-02
45 9.376280e-01 1.096400e-02 5.140800e-02
46 9.356560e-01 1.099200e-02 5.335200e-02
47 9.336720e-01 1.116800e-02 5.516000e-02
48 9.316720e-01 1.114800e-02 5.718000e-02
49 9.296360e-01 1.120000e-02 5.916400e-02
50 9.275840e-01 1.143200e-02 6.098400e-02
51 9.257000e-01 1.136800e-02 6.293200e-02
52 9.237240e-01 1.138800e-02 6.488800e-02
53 9.215840e-01 1.156400e-02 6.685200e-02
54 9.195240e-01 1.146800e-02 6.900800e-02
55 9.176240e-01 1.136400e-02 7.101200e-02
56 9.156680e-01 1.130400e-02 7.302800e-02
57 9.137480e-01 1.142400e-02 7.482800e-02
58 9.117200e-01 1.147600e-02 7.680400e-02
59 9.098440e-01 1.144000e-02 7.871600e-02
60 9.077920e-01 1.145600e-02 8.075200e-02
61 9.057280e-01 1.146400e-02 8.280800e-02
62 9.035640e-01 1.152000e-02 8.491600e-02
63 9.016520e-01 1.166400e-02 8.668400e-02
64 8.995720e-01 1.172800e-02 8.870000e-02
65 8.975360e-01 1.170400e-02 9.076000e-02
66 8.954480e-01 1.162400e-02 9.292800e-02
67 8.936960e-01 1.130400e-02 9.500000e-02
68 8.916560e-01 1.123200e-02 9.711200e-02
69 8.898600e-01 1.110400e-02 9.903600e-02
70 8.879400e-01 1.099600e-02 1.010640e-01
71 8.861160e-01 1.090400e-02 1.029800e-01
72 8.843480e-01 1.086400e-02 1.047880e-01
73 8.825920e-01 1.061200e-02 1.067960e-01
74 8.808080e-01 1.055600e-02 1.086360e-01
75 8.789480e-01 1.061200e-02 1.104400e-01
76 8.769040e-01 1.089600e-02 1.122000e-01
77 8.751200e-01 1.082400e-02 1.140560e-01
78 8.732800e-01 1.067200e-02 1.160480e-01
79 8.715760e-01 1.050800e-02 1.179160e-01
80 8.700000e-01 1.031600e-02 1.196840e-01
81 8.683720e-01 1.016400e-02 1.214640e-01
82 8.667040e-01 1.004000e-02 1.232560e-01
83 8.650920e-01 9.872000e-03 1.250360e-01
84 8.634600e-01 9.744000e-03 1.267960e-01
85 8.619520e-01 9.532000e-03 1.285160e-01
86 8.602920e-01 9.444000e-03 1.302640e-01
87 8.584600e-01 9.576000e-03 1.319640e-01
88 8.566000e-01 9.756000e-03 1.336440e-01
89 8.547520e-01 9.748000e-03 1.355000e-01
90 8.530000e-01 9.716000e-03 1.372840e-01
91 8.511280e-01 9.788000e-03 1.390840e-01
92 8.492280e-01 9.960000e-03 1.408120e-01
93 8.473120e-01 1.012400e-02 1.425640e-01
94 8.453600e-01 1.022400e-02 1.444160e-01
95 8.434840e-01 1.026800e-02 1.462480e-01
96 8.416600e-01 1.032800e-02 1.480120e-01
97 8.399160e-01 1.017200e-02 1.499120e-01
98 8.380080e-01 1.033200e-02 1.516600e-01
99 8.362200e-01 1.045600e-02 1.533240e-01
100 8.342280e-01 1.059200e-02 1.551800e-01
101 8.323160e-01 1.060800e-02 1.570760e-01
102 8.303560e-01 1.062800e-02 1.590160e-01
103 8.285640e-01 1.056400e-02 1.608720e-01
104 8.267200e-01 1.054400e-02 1.627360e-01
105 8.248320e-01 1.055600e-02 1.646120e-01
106 8.229080e-01 1.068800e-02 1.664040e-01
107 8.211080e-01 1.070000e-02 1.681920e-01
108 8.190120e-01 1.088000e-02 1.701080e-01
109 8.171520e-01 1.098000e-02 1.718680e-01
110 8.152600e-01 1.108000e-02 1.736600e-01
111 8.134200e-01 1.108800e-02 1.754920e-01
112 8.114440e-01 1.119200e-02 1.773640e-01
113 8.096400e-01 1.106800e-02 1.792920e-01
114 8.077800e-01 1.099200e-02 1.812280e-01
115 8.060040e-01 1.084000e-02 1.831560e-01
116 8.043560e-01 1.069600e-02 1.849480e-01
117 8.027440e-01 1.036400e-02 1.868920e-01
118 8.011400e-01 1.024800e-02 1.886120e-01
119 7.993680e-01 1.029200e-02 1.903400e-01
120 7.979160e-01 9.908000e-03 1.921760e-01
121 7.962440e-01 9.732000e-03 1.940240e-01
122 7.945120e-01 9.692000e-03 1.957960e-01
123 7.928040e-01 9.744000e-03 1.974520e-01
124 7.909280e-01 9.936000e-03 1.991360e-01
125 7.891560e-01 9.848000e-03 2.009960e-01
126 7.874160e-01 9.880000e-03 2.027040e-01
127 7.859080e-01 9.692000e-03 2.044000e-01
128 7.842240e-01 9.832000e-03 2.059440e-01
129 7.825680e-01 9.632000e-03 2.078000e-01
130 7.810960e-01 9.504000e-03 2.094000e-01
131 7.796000e-01 9.360000e-03 2.110400e-01
132 7.778680e-01 9.416000e-03 2.127160e-01
133 7.763600e-01 9.332000e-03 2.143080e-01
134 7.747680e-01 9.368000e-03 2.158640e-01
135 7.732200e-01 9.356000e-03 2.174240e-01
136 7.716800e-01 9.256000e-03 2.190640e-01
137 7.701200e-01 9.200000e-03 2.206800e-01
138 7.686560e-01 9.004000e-03 2.223400e-01
139 7.671800e-01 9.000000e-03 2.238200e-01
140 7.655960e-01 9.052000e-03 2.253520e-01
141 7.639520e-01 8.992000e-03 2.270560e-01
142 7.624200e-01 9.012000e-03 2.285680e-01
143 7.606600e-01 9.240000e-03 2.301000e-01
144 7.590560e-01 9.328000e-03 2.316160e-01
145 7.576080e-01 9.132000e-03 2.332600e-01
146 7.560360e-01 9.052000e-03 2.349120e-01
147 7.546240e-01 8.800000e-03 2.365760e-01
148 7.532560e-01 8.680000e-03 2.380640e-01
149 7.517760e-01 8.680000e-03 2.395440e-01
150 7.503480e-01 8.700000e-03 2.409520e-01
151 7.490560e-01 8.408000e-03 2.425360e-01
152 7.477200e-01 8.344000e-03 2.439360e-01
153 7.464200e-01 8.056000e-03 2.455240e-01
154 7.450960e-01 8.044000e-03 2.468600e-01
155 7.436040e-01 8.048000e-03 2.483480e-01
156 7.422400e-01 7.976000e-03 2.497840e-01
157 7.407640e-01 8.100000e-03 2.511360e-01
158 7.393760e-01 8.056000e-03 2.525680e-01
159 7.379960e-01 7.976000e-03 2.540280e-01
160 7.367240e-01 7.856000e-03 2.554200e-01
161 7.354040e-01 7.804000e-03 2.567920e-01
162 7.339120e-01 7.952000e-03 2.581360e-01
163 7.324440e-01 8.032000e-03 2.595240e-01
164 7.310000e-01 8.084000e-03 2.609160e-01
165 7.296760e-01 8.016000e-03 2.623080e-01
166 7.284440e-01 7.816000e-03 2.637400e-01
167 7.271520e-01 7.752000e-03 2.650960e-01
168 7.258640e-01 7.684000e-03 2.664520e-01
169 7.245800e-01 7.652000e-03 2.677680e-01
170 7.234240e-01 7.440000e-03 2.691360e-01
171 7.221200e-01 7.388000e-03 2.704920e-01
172 7.208680e-01 7.292000e-03 2.718400e-01
173 7.196680e-01 7.296000e-03 2.730360e-01
174 7.184480e-01 7.132000e-03 2.744200e-01
175 7.172800e-01 7.104000e-03 2.756160e-01
176 7.160400e-01 7.108000e-03 2.768520e-01
177 7.149160e-01 7.060000e-03 2.780240e-01
178 7.136480e-01 7.064000e-03 2.792880e-01
179 7.123640e-01 7.124000e-03 2.805120e-01
180 7.112320e-01 6.864000e-03 2.819040e-01
181 7.101080e-01 6.800000e-03 2.830920e-01
182 7.090520e-01 6.688000e-03 2.842600e-01
183 7.079600e-01 6.512000e-03 2.855280e-01
184 7.068520e-01 6.508000e-03 2.866400e-01
185 7.057320e-01 6.496000e-03 2.877720e-01
186 7.045640e-01 6.468000e-03 2.889680e-01
187 7.035440e-01 6.372000e-03 2.900840e-01
188 7.026000e-01 6.184000e-03 2.912160e-01
189 7.017440e-01 6.072000e-03 2.921840e-01
190 7.008240e-01 5.924000e-03 2.932520e-01
191 7.000280e-01 5.620000e-03 2.943520e-01
192 6.989920e-01 5.700000e-03 2.953080e-01
193 6.980880e-01 5.572000e-03 2.963400e-01
194 6.971840e-01 5.600000e-03 2.972160e-01
195 6.962520e-01 5.608000e-03 2.981400e-01
196 6.952200e-01 5.624000e-03 2.991560e-01
197 6.942040e-01 5.556000e-03 3.002400e-01
198 6.932480e-01 5.412000e-03 3.013400e-01
199 6.923880e-01 5.348000e-03 3.022640e-01
200 6.915520e-01 5.276000e-03 3.031720e-01
201 6.908120e-01 5.032000e-03 3.041560e-01
202 6.900000e-01 4.960000e-03 3.050400e-01
203 6.891840e-01 4.940000e-03 3.058760e-01
204 6.883480e-01 4.820000e-03 3.068320e-01
205 6.875560e-01 4.816000e-03 3.076280e-01
206 6.868000e-01 4.784000e-03 3.084160e-01
207 6.861080e-01 4.624000e-03 3.092680e-01
208 6.854400e-01 4.464000e-03 3.100960e-01
209 6.847120e-01 4.416000e-03 3.108720e-01
210 6.841120e-01 4.260000e-03 3.116280e-01
211 6.834880e-01 4.112000e-03 3.124000e-01
212 6.828880e-01 3.968000e-03 3.131440e-01
213 6.822000e-01 3.940000e-03 3.138600e-01
214 6.815880e-01 3.844000e-03 3.145680e-01
215 6.809600e-01 3.828000e-03 3.152120e-01
216 6.802920e-01 3.788000e-03 3.159200e-01
217 6.797680e-01 3.688000e-03 3.165440e-01
218 6.791160e-01 3.672000e-03 3.172120e-01
219 6.784040e-01 3.804000e-03 3.177920e-01
220 6.777480e-01 3.784000e-03 3.184680e-01
221 6.770560e-01 3.772000e-03 3.191720e-01
222 6.763960e-01 3.812000e-03 3.197920e-01
223 6.758120e-01 3.716000e-03 3.204720e-01
224 6.751960e-01 3.668000e-03 3.211360e-01
225 6.744920e-01 3.764000e-03 3.217440e-01
226 6.739040e-01 3.736000e-03 3.223600e-01
227 6.732240e-01 3.788000e-03 3.229880e-01
228 6.724880e-01 3.848000e-03 3.236640e-01
229 6.718200e-01 3.808000e-03 3.243720e-01
230 6.712120e-01 3.764000e-03 3.250240e-01
231 6.705640e-01 3.764000e-03 3.256720e-01
232 6.699800e-01 3.668000e-03 3.263520e-01
233 6.694000e-01 3.632000e-03 3.269680e-01
234 6.689200e-01 3.544000e-03 3.275360e-01
235 6.683040e-01 3.500000e-03 3.281960e-01
236 6.677600e-01 3.448000e-03 3.287920e-01
237 6.671520e-01 3.332000e-03 3.295160e-01
238 6.665880e-01 3.260000e-03 3.301520e-01
239 6.660200e-01 3.228000e-03 3.307520e-01
240 6.654200e-01 3.276000e-03 3.313040e-01
241 6.648240e-01 3.312000e-03 3.318640e-01
242 6.642800e-01 3.316000e-03 3.324040e-01
243 6.636840e-01 3.376000e-03 3.329400e-01
244 6.631200e-01 3.376000e-03 3.335040e-01
245 6.626480e-01 3.284000e-03 3.340680e-01
246 6.622080e-01 3.112000e-03 3.346800e-01
247 6.617680e-01 3.032000e-03 3.352000e-01
248 6.613240e-01 2.888000e-03 3.357880e-01
249 6.608680e-01 2.848000e-03 3.362840e-01
250 6.604440e-01 2.856000e-03 3.367000e-01
251 6.599160e-01 2.876000e-03 3.372080e-01
252 6.594080e-01 2.932000e-03 3.376600e-01
253 6.588840e-01 2.884000e-03 3.382320e-01
254 6.583360e-01 2.952000e-03 3.387120e-01
255 6.578000e-01 2.980000e-03 3.392200e-01
256 6.572960e-01 2.884000e-03 3.398200e-01
257 6.567640e-01 2.936000e-03 3.403000e-01
258 6.561840e-01 2.960000e-03 3.408560e-01
259 6.556520e-01 2.940000e-03 3.414080e-01
260 6.551680e-01 2.896000e-03 3.419360e-01
261 6.546600e-01 2.840000e-03 3.425000e-01
262 6.541280e-01 2.872000e-03 3.430000e-01
263 6.536960e-01 2.852000e-03 3.434520e-01
264 6.532240e-01 2.864000e-03 3.439120e-01
265 6.527680e-01 2.792000e-03 3.444400e-01
266 6.521760e-01 2.816000e-03 3.450080e-01
267 6.517600e-01 2.712000e-03 3.455280e-01
268 6.513640e-01 2.600000e-03 3.460360e-01
269 6.509160e-01 2.596000e-03 3.464880e-01
270 6.505000e-01 2.552000e-03 3.469480e-01
271 6.500360e-01 2.604000e-03 3.473600e-01
272 6.495600e-01 2.600000e-03 3.478400e-01
273 6.490760e-01 2.632000e-03 3.482920e-01
274 6.485000e-01 2.748000e-03 3.487520e-01
275 6.480400e-01 2.736000e-03 3.492240e-01
276 6.475600e-01 2.688000e-03 3.497520e-01
277 6.470760e-01 2.584000e-03 3.503400e-01
278 6.466640e-01 2.616000e-03 3.507200e-01
279 6.462120e-01 2.600000e-03 3.511880e-01
280 6.458480e-01 2.464000e-03 3.516880e-01
281 6.454080e-01 2.472000e-03 3.521200e-01
282 6.449760e-01 2.440000e-03 3.525840e-01
283 6.446480e-01 2.328000e-03 3.530240e-01
284 6.442640e-01 2.280000e-03 3.534560e-01
285 6.438760e-01 2.228000e-03 3.538960e-01
286 6.435240e-01 2.200000e-03 3.542760e-01
287 6.430920e-01 2.240000e-03 3.546680e-01
288 6.427280e-01 2.284000e-03 3.549880e-01
289 6.422240e-01 2.400000e-03 3.553760e-01
290 6.418960e-01 2.280000e-03 3.558240e-01
291 6.414760e-01 2.308000e-03 3.562160e-01
292 6.411520e-01 2.252000e-03 3.565960e-01
293 6.408400e-01 2.088000e-03 3.570720e-01
294 6.405520e-01 2.020000e-03 3.574280e-01
295 6.402000e-01 2.068000e-03 3.577320e-01
296 6.399080e-01 2.032000e-03 3.580600e-01
297 6.396120e-01 2.016000e-03 3.583720e-01
298 6.392760e-01 2.056000e-03 3.586680e-01
299 6.389880e-01 1.956000e-03 3.590560e-01
300 6.386600e-01 1.944000e-03 3.593960e-01
301 6.382400e-01 1.984000e-03 3.597760e-01
302 6.379520e-01 1.944000e-03 3.601040e-01
303 6.376720e-01 1.968000e-03 3.603600e-01
304 6.373880e-01 1.900000e-03 3.607120e-01
305 6.371200e-01 1.840000e-03 3.610400e-01
306 6.368560e-01 1.792000e-03 3.613520e-01
307 6.365720e-01 1.772000e-03 3.616560e-01
308 6.362800e-01 1.776000e-03 3.619440e-01
309 6.359440e-01 1.776000e-03 3.622800e-01
310 6.356520e-01 1.756000e-03 3.625920e-01
311 6.353240e-01 1.756000e-03 3.629200e-01
312 6.350160e-01 1.748000e-03 3.632360e-01
313 6.347480e-01 1.684000e-03 3.635680e-01
314 6.344560e-01 1.612000e-03 3.639320e-01
315 6.341360e-01 1.656000e-03 3.642080e-01
316 6.338600e-01 1.652000e-03 3.644880e-01
317 6.335720e-01 1.728000e-03 3.647000e-01
318 6.332480e-01 1.784000e-03 3.649680e-01
319 6.328600e-01 1.828000e-03 3.653120e-01
320 6.325360e-01 1.844000e-03 3.656200e-01
321 6.322560e-01 1.780000e-03 3.659640e-01
322 6.319200e-01 1.832000e-03 3.662480e-01
323 6.316400e-01 1.780000e-03 3.665800e-01
324 6.313680e-01 1.784000e-03 3.668480e-01
325 6.310760e-01 1.744000e-03 3.671800e-01
326 6.307600e-01 1.788000e-03 3.674520e-01
327 6.304600e-01 1.796000e-03 3.677440e-01
328 6.301520e-01 1.788000e-03 3.680600e-01
329 6.298560e-01 1.784000e-03 3.683600e-01
330 6.295640e-01 1.780000e-03 3.686560e-01
331 6.293280e-01 1.764000e-03 3.689080e-01
332 6.290600e-01 1.728000e-03 3.692120e-01
333 6.287960e-01 1.656000e-03 3.695480e-01
334 6.285560e-01 1.604000e-03 3.698400e-01
335 6.283440e-01 1.512000e-03 3.701440e-01
336 6.281480e-01 1.464000e-03 3.703880e-01
337 6.278640e-01 1.528000e-03 3.706080e-01
338 6.276160e-01 1.488000e-03 3.708960e-01
339 6.273640e-01 1.452000e-03 3.711840e-01
340 6.270920e-01 1.468000e-03 3.714400e-01
341 6.267920e-01 1.512000e-03 3.716960e-01
342 6.265200e-01 1.568000e-03 3.719120e-01
343 6.263160e-01 1.492000e-03 3.721920e-01
344 6.260920e-01 1.508000e-03 3.724000e-01
345 6.258600e-01 1.472000e-03 3.726680e-01
346 6.256200e-01 1.504000e-03 3.728760e-01
347 6.253800e-01 1.460000e-03 3.731600e-01
348 6.251320e-01 1.428000e-03 3.734400e-01
349 6.249120e-01 1.388000e-03 3.737000e-01
350 6.246760e-01 1.404000e-03 3.739200e-01
351 6.244960e-01 1.360000e-03 3.741440e-01
352 6.242440e-01 1.352000e-03 3.744040e-01
353 6.240320e-01 1.320000e-03 3.746480e-01
354 6.238320e-01 1.316000e-03 3.748520e-01
355 6.235840e-01 1.320000e-03 3.750960e-01
356 6.234040e-01 1.328000e-03 3.752680e-01
357 6.231800e-01 1.316000e-03 3.755040e-01
358 6.229680e-01 1.256000e-03 3.757760e-01
359 6.228040e-01 1.172000e-03 3.760240e-01
360 6.226040e-01 1.156000e-03 3.762400e-01
361 6.224280e-01 1.140000e-03 3.764320e-01
362 6.222480e-01 1.116000e-03 3.766360e-01
363 6.220840e-01 1.076000e-03 3.768400e-01
364 6.219480e-01 1.052000e-03 3.770000e-01
365 6.218160e-01 9.960000e-04 3.771880e-01
366 6.216960e-01 9.160000e-04 3.773880e-01
367 6.216080e-01 8.560000e-04 3.775360e-01
368 6.214920e-01 8.320000e-04 3.776760e-01
369 6.213640e-01 7.680000e-04 3.778680e-01
370 6.212880e-01 7.000000e-04 3.780120e-01
371 6.212240e-01 6.200000e-04 3.781560e-01
372 6.211560e-01 5.640000e-04 3.782800e-01
373 6.210880e-01 4.880000e-04 3.784240e-01
374 6.210480e-01 5.040000e-04 3.784480e-01
375 6.209760e-01 4.840000e-04 3.785400e-01
376 6.209440e-01 4.400000e-04 3.786160e-01
377 6.209160e-01 3.960000e-04 3.786880e-01
378 6.208480e-01 4.040000e-04 3.787480e-01
379 6.207520e-01 4.400000e-04 3.788080e-01
380 6.206840e-01 4.160000e-04 3.789000e-01
381 6.206400e-01 3.720000e-04 3.789880e-01
382 6.205720e-01 3.680000e-04 3.790600e-01
383 6.205000e-01 3.960000e-04 3.791040e-01
384 6.204320e-01 3.920000e-04 3.791760e-01
385 6.203240e-01 4.120000e-04 3.792640e-01
386 6.202520e-01 4.320000e-04 3.793160e-01
387 6.201440e-01 4.840000e-04 3.793720e-01
388 6.200360e-01 4.800000e-04 3.794840e-01
389 6.199560e-01 4.920000e-04 3.795520e-01
390 6.198520e-01 4.880000e-04 3.796600e-01
391 6.197960e-01 4.840000e-04 3.797200e-01
392 6.197200e-01 4.840000e-04 3.797960e-01
393 6.196200e-01 4.840000e-04 3.798960e-01
394 6.194880e-01 5.360000e-04 3.799760e-01
395 6.193800e-01 5.440000e-04 3.800760e-01
396 6.192880e-01 5.440000e-04 3.801680e-01
397 6.191560e-01 5.960000e-04 3.802480e-01
398 6.190600e-01 6.200000e-04 3.803200e-01
399 6.189520e-01 6.080000e-04 3.804400e-01
400 6.188240e-01 6.360000e-04 3.805400e-01
401 6.187360e-01 6.200000e-04 3.806440e-01
402 6.186520e-01 5.880000e-04 3.807600e-01
403 6.185600e-01 5.640000e-04 3.808760e-01
404 6.184480e-01 5.720000e-04 3.809800e-01
405 6.182960e-01 6.280000e-04 3.810760e-01
406 6.181720e-01 6.400000e-04 3.811880e-01
407 6.180840e-01 6.280000e-04 3.812880e-01
408 6.179680e-01 6.400000e-04 3.813920e-01
409 6.178680e-01 6.200000e-04 3.815120e-01
410 6.177880e-01 6.120000e-04 3.816000e-01
411 6.176680e-01 6.160000e-04 3.817160e-01
412 6.175800e-01 6.200000e-04 3.818000e-01
413 6.175240e-01 5.640000e-04 3.819120e-01
414 6.174520e-01 5.440000e-04 3.820040e-01
415 6.174000e-01 5.200000e-04 3.820800e-01
416 6.173600e-01 4.480000e-04 3.821920e-01
417 6.173160e-01 4.360000e-04 3.822480e-01
418 6.172760e-01 3.840000e-04 3.823400e-01
419 6.172320e-01 3.480000e-04 3.824200e-01
420 6.171920e-01 3.400000e-04 3.824680e-01
421 6.171400e-01 3.360000e-04 3.825240e-01
422 6.171200e-01 3.200000e-04 3.825600e-01
423 6.170640e-01 3.160000e-04 3.826200e-01
424 6.170280e-01 3.000000e-04 3.826720e-01
425 6.169880e-01 3.040000e-04 3.827080e-01
426 6.169320e-01 2.920000e-04 3.827760e-01
427 6.169000e-01 2.640000e-04 3.828360e-01
428 6.168680e-01 2.440000e-04 3.828880e-01
429 6.168440e-01 2.440000e-04 3.829120e-01
430 6.168160e-01 2.440000e-04 3.829400e-01
431 6.167840e-01 2.280000e-04 3.829880e-01
432 6.167440e-01 2.200000e-04 3.830360e-01
433 6.167200e-01 2.120000e-04 3.830680e-01
434 6.166840e-01 2.120000e-04 3.831040e-01
435 6.166480e-01 1.880000e-04 3.831640e-01
436 6.166200e-01 1.800000e-04 3.832000e-01
437 6.166000e-01 1.480000e-04 3.832520e-01
438 6.165840e-01 1.280000e-04 3.832880e-01
439 6.165560e-01 1.400000e-04 3.833040e-01
440 6.165400e-01 1.400000e-04 3.833200e-01
441 6.165120e-01 1.480000e-04 3.833400e-01
442 6.164760e-01 1.640000e-04 3.833600e-01
443 6.164560e-01 1.600000e-04 3.833840e-01
444 6.164440e-01 1.360000e-04 3.834200e-01
445 6.164240e-01 1.240000e-04 3.834520e-01
446 6.164040e-01 1.120000e-04 3.834840e-01
447 6.163640e-01 1.280000e-04 3.835080e-01
448 6.163560e-01 1.120000e-04 3.835320e-01
449 6.163360e-01 1.200000e-04 3.835440e-01
450 6.163280e-01 1.160000e-04 3.835560e-01
451 6.163200e-01 1.160000e-04 3.835640e-01
452 6.163120e-01 9.200000e-05 3.835960e-01
453 6.162920e-01 9.200000e-05 3.836160e-01
454 6.162840e-01 8.800000e-05 3.836280e-01
455 6.162560e-01 1.000000e-04 3.836440e-01
456 6.162440e-01 9.600000e-05 3.836600e-01
457 6.162240e-01 1.000000e-04 3.836760e-01
458 6.161960e-01 1.080000e-04 3.836960e-01
459 6.161680e-01 1.200000e-04 3.837120e-01
460 6.161520e-01 1.160000e-04 3.837320e-01
461 6.161400e-01 1.080000e-04 3.837520e-01
462 6.161320e-01 1.000000e-04 3.837680e-01
463 6.161280e-01 8.800000e-05 3.837840e-01
464 6.161200e-01 8.400000e-05 3.837960e-01
465 6.161200e-01 6.400000e-05 3.838160e-01
466 6.161120e-01 5.600000e-05 3.838320e-01
467 6.161080e-01 5.600000e-05 3.838360e-01
468 6.161080e-01 3.200000e-05 3.838600e-01
469 6.160960e-01 3.200000e-05 3.838720e-01
470 6.160880e-01 3.600000e-05 3.838760e-01
471 6.160800e-01 4.400000e-05 3.838760e-01
472 6.160760e-01 3.600000e-05 3.838880e-01
473 6.160720e-01 3.200000e-05 3.838960e-01
474 6.160680e-01 3.600000e-05 3.838960e-01
475 6.160680e-01 2.000000e-05 3.839120e-01
476 6.160680e-01 1.200000e-05 3.839200e-01
477 6.160680e-01 8.000000e-06 3.839240e-01
478 6.160640e-01 1.200000e-05 3.839240e-01
479 6.160640e-01 1.200000e-05 3.839240e-01
480 6.160640e-01 8.000000e-06 3.839280e-01
481 6.160640e-01 8.000000e-06 3.839280e-01
482 6.160640e-01 8.000000e-06 3.839280e-01
483 6.160640e-01 8.000000e-06 3.839280e-01
484 6.160640e-01 8.000000e-06 3.839280e-01
485 6.160640e-01 8.000000e-06 3.839280e-01
486 6.160640e-01 4.000000e-06 3.839320e-01
487 6.160640e-01 4.000000e-06 3.839320e-01
488 6.160640e-01 4.000000e-06 3.839320e-01
489 6.160640e-01 4.000000e-06 3.839320e-01
490 6.160640e-01 0.000000e+00 3.839360e-01
491 6.160640e-01 0.000000e+00 3.839360e-01
492 6.160640e-01 0.000000e+00 3.839360e-01
493 6.160640e-01 0.000000e+00 3.839360e-01
494 6.160640e-01 0.000000e+00 3.839360e-01
495 6.160640e-01 0.000000e+00 3.839360e-01
496 6.160640e-01 0.000000e+00 3.839360e-01
497 6.160640e-01 0.000000e+00 3.839360e-01
498 6.160640e-01 0.000000e+00 3.839360e-01
499 6.160640e-01 0.000000e+00 3.839360e-01
500 6.160640e-01 0.000000e+00 3.839360e-01
