1 9.992480e-01 6.600000e-04 9.200000e-05
2 9.987200e-01 1.016000e-03 2.640000e-04
3 9.981480e-01 1.400000e-03 4.520000e-04
4 9.975680e-01 1.688000e-03 7.440000e-04
5 9.969240e-01 1.972000e-03 1.104000e-03
6 9.962480e-01 2.328000e-03 1.424000e-03
7 9.954120e-01 2.748000e-03 1.840000e-03
8 9.946840e-01 2.984000e-03 2.332000e-03
9 9.937400e-01 3.436000e-03 2.824000e-03
10 9.928000e-01 3.648000e-03 3.552000e-03
11 9.918840e-01 3.968000e-03 4.148000e-03
12 9.909440e-01 4.156000e-03 4.900000e-03
13 9.900160e-01 4.184000e-03 5.800000e-03
14 9.890520e-01 4.416000e-03 6.532000e-03
15 9.879640e-01 4.696000e-03 7.340000e-03
16 9.869320e-01 4.876000e-03 8.192000e-03
17 9.858920e-01 5.008000e-03 9.100000e-03
18 9.847800e-01 5.248000e-03 9.972000e-03
19 9.837800e-01 5.404000e-03 1.081600e-02
20 9.827200e-01 5.436000e-03 1.184400e-02
21 9.814400e-01 5.732000e-03 1.282800e-02
22 9.803360e-01 5.732000e-03 1.393200e-02
23 9.792600e-01 5.736000e-03 1.500400e-02
24 9.780000e-01 5.908000e-03 1.609200e-02
25 9.768040e-01 6.180000e-03 1.701600e-02
26 9.756160e-01 6.288000e-03 1.809600e-02
27 9.744480e-01 6.376000e-03 1.917600e-02
28 9.733800e-01 6.284000e-03 2.033600e-02
29 9.720480e-01 6.516000e-03 2.143600e-02
30 9.708480e-01 6.516000e-03 2.263600e-02
31 9.695960e-01 6.608000e-03 2.379600e-02
32 9.684520e-01 6.676000e-03 2.487200e-02
33 9.673640e-01 6.548000e-03 2.608800e-02
34 9.661960e-01 6.516000e-03 2.728800e-02
35 9.650240e-01 6.568000e-03 2.840800e-02
36 9.638080e-01 6.516000e-03 2.967600e-02
37 9.627000e-01 6.512000e-03 3.078800e-02
38 9.615920e-01 6.444000e-03 3.196400e-02
39 9.603760e-01 6.596000e-03 3.302800e-02
40 9.591600e-01 6.664000e-03 3.417600e-02
41 9.579480e-01 6.692000e-03 3.536000e-02
42 9.567240e-01 6.748000e-03 3.652800e-02
43 9.554160e-01 6.888000e-03 3.769600e-02
44 9.542440e-01 6.860000e-03 3.889600e-02
45 9.530440e-01 6.852000e-03 4.010400e-02
46 9.517480e-01 6.988000e-03 4.126400e-02
47 9.502840e-01 7.132000e-03 4.258400e-02
48 9.490160e-01 7.128000e-03 4.385600e-02
49 9.475480e-01 7.296000e-03 4.515600e-02
50 9.462000e-01 7.364000e-03 4.643600e-02
51 9.449520e-01 7.232000e-03 4.781600e-02
52 9.437120e-01 7.120000e-03 4.916800e-02
53 9.423120e-01 7.280000e-03 5.040800e-02
54 9.410920e-01 7.252000e-03 5.165600e-02
55 9.398680e-01 7.184000e-03 5.294800e-02
56 9.386800e-01 7.020000e-03 5.430000e-02
57 9.373960e-01 7.008000e-03 5.559600e-02
58 9.362240e-01 6.920000e-03 5.685600e-02
59 9.349720e-01 6.880000e-03 5.814800e-02
60 9.337040e-01 6.960000e-03 5.933600e-02
61 9.323280e-01 7.140000e-03 6.053200e-02
62 9.309560e-01 7.096000e-03 6.194800e-02
63 9.297800e-01 7.068000e-03 6.315200e-02
64 9.283600e-01 7.128000e-03 6.451200e-02
65 9.270840e-01 7.224000e-03 6.569200e-02
66 9.259280e-01 7.176000e-03 6.689600e-02
67 9.246760e-01 7.256000e-03 6.806800e-02
68 9.235120e-01 7.264000e-03 6.922400e-02
69 9.222720e-01 7.264000e-03 7.046400e-02
70 9.211720e-01 7.196000e-03 7.163200e-02
71 9.198320e-01 7.312000e-03 7.285600e-02
72 9.185320e-01 7.204000e-03 7.426400e-02
73 9.171960e-01 7.364000e-03 7.544000e-02
74 9.159160e-01 7.340000e-03 7.674400e-02
75 9.145680e-01 7.352000e-03 7.808000e-02
76 9.130760e-01 7.592000e-03 7.933200e-02
77 9.116600e-01 7.644000e-03 8.069600e-02
78 9.102440e-01 7.764000e-03 8.199200e-02
79 9.089920e-01 7.652000e-03 8.335600e-02
80 9.075240e-01 7.720000e-03 8.475600e-02
81 9.062240e-01 7.732000e-03 8.604400e-02
82 9.047080e-01 7.916000e-03 8.737600e-02
83 9.032200e-01 7.972000e-03 8.880800e-02
84 9.018960e-01 7.908000e-03 9.019600e-02
85 9.006040e-01 7.852000e-03 9.154400e-02
86 8.991440e-01 7.820000e-03 9.303600e-02
87 8.978120e-01 7.916000e-03 9.427200e-02
88 8.964560e-01 7.808000e-03 9.573600e-02
89 8.951440e-01 7.692000e-03 9.716400e-02
90 8.938800e-01 7.564000e-03 9.855600e-02
91 8.927200e-01 7.328000e-03 9.995200e-02
92 8.914160e-01 7.452000e-03 1.011320e-01
93 8.901440e-01 7.404000e-03 1.024520e-01
94 8.888280e-01 7.488000e-03 1.036840e-01
95 8.875640e-01 7.488000e-03 1.049480e-01
96 8.862320e-01 7.436000e-03 1.063320e-01
97 8.848640e-01 7.508000e-03 1.076280e-01
98 8.834200e-01 7.552000e-03 1.090280e-01
99 8.821440e-01 7.484000e-03 1.103720e-01
100 8.808720e-01 7.388000e-03 1.117400e-01
101 8.796240e-01 7.404000e-03 1.129720e-01
102 8.783720e-01 7.452000e-03 1.141760e-01
103 8.770520e-01 7.516000e-03 1.154320e-01
104 8.758640e-01 7.312000e-03 1.168240e-01
105 8.748360e-01 7.004000e-03 1.181600e-01
106 8.738600e-01 6.808000e-03 1.193320e-01
107 8.727800e-01 6.696000e-03 1.205240e-01
108 8.714280e-01 6.848000e-03 1.217240e-01
109 8.703280e-01 6.776000e-03 1.228960e-01
110 8.692360e-01 6.704000e-03 1.240600e-01
111 8.680680e-01 6.752000e-03 1.251800e-01
112 8.669680e-01 6.700000e-03 1.263320e-01
113 8.658080e-01 6.608000e-03 1.275840e-01
114 8.646200e-01 6.656000e-03 1.287240e-01
115 8.634080e-01 6.640000e-03 1.299520e-01
116 8.621160e-01 6.820000e-03 1.310640e-01
117 8.609400e-01 6.760000e-03 1.323000e-01
118 8.597960e-01 6.712000e-03 1.334920e-01
119 8.586840e-01 6.584000e-03 1.347320e-01
120 8.575160e-01 6.644000e-03 1.358400e-01
121 8.564040e-01 6.636000e-03 1.369600e-01
122 8.554040e-01 6.336000e-03 1.382600e-01
123 8.544840e-01 6.104000e-03 1.394120e-01
124 8.534360e-01 6.016000e-03 1.405480e-01
125 8.525040e-01 5.912000e-03 1.415840e-01
126 8.516440e-01 5.696000e-03 1.426600e-01
127 8.507680e-01 5.616000e-03 1.436160e-01
128 8.497880e-01 5.652000e-03 1.445600e-01
129 8.486800e-01 5.792000e-03 1.455280e-01
130 8.476920e-01 5.856000e-03 1.464520e-01
131 8.466560e-01 5.812000e-03 1.475320e-01
132 8.457360e-01 5.676000e-03 1.485880e-01
133 8.447600e-01 5.664000e-03 1.495760e-01
134 8.439520e-01 5.608000e-03 1.504400e-01
135 8.429600e-01 5.676000e-03 1.513640e-01
136 8.421360e-01 5.564000e-03 1.523000e-01
137 8.412640e-01 5.488000e-03 1.532480e-01
138 8.402400e-01 5.496000e-03 1.542640e-01
139 8.392920e-01 5.440000e-03 1.552680e-01
140 8.385480e-01 5.192000e-03 1.562600e-01
141 8.376480e-01 5.112000e-03 1.572400e-01
142 8.368440e-01 5.016000e-03 1.581400e-01
143 8.359640e-01 5.000000e-03 1.590360e-01
144 8.351640e-01 4.864000e-03 1.599720e-01
145 8.342720e-01 4.888000e-03 1.608400e-01
146 8.335080e-01 4.816000e-03 1.616760e-01
147 8.326440e-01 4.796000e-03 1.625600e-01
148 8.318040e-01 4.780000e-03 1.634160e-01
149 8.309560e-01 4.768000e-03 1.642760e-01
150 8.300960e-01 4.932000e-03 1.649720e-01
151 8.291400e-01 5.032000e-03 1.658280e-01
152 8.282640e-01 5.088000e-03 1.666480e-01
153 8.274160e-01 5.060000e-03 1.675240e-01
154 8.264200e-01 5.120000e-03 1.684600e-01
155 8.255280e-01 5.056000e-03 1.694160e-01
156 8.245560e-01 5.072000e-03 1.703720e-01
157 8.236880e-01 4.920000e-03 1.713920e-01
158 8.229080e-01 4.864000e-03 1.722280e-01
159 8.220080e-01 4.988000e-03 1.730040e-01
160 8.212280e-01 4.900000e-03 1.738720e-01
161 8.203920e-01 4.884000e-03 1.747240e-01
162 8.195560e-01 4.928000e-03 1.755160e-01
163 8.186000e-01 5.004000e-03 1.763960e-01
164 8.178000e-01 4.984000e-03 1.772160e-01
165 8.168480e-01 5.032000e-03 1.781200e-01
166 8.160080e-01 4.988000e-03 1.790040e-01
167 8.151360e-01 5.020000e-03 1.798440e-01
168 8.142000e-01 5.144000e-03 1.806560e-01
169 8.132800e-01 5.156000e-03 1.815640e-01
170 8.123440e-01 5.156000e-03 1.825000e-01
171 8.114360e-01 5.212000e-03 1.833520e-01
172 8.105400e-01 5.340000e-03 1.841200e-01
173 8.096600e-01 5.360000e-03 1.849800e-01
174 8.088120e-01 5.256000e-03 1.859320e-01
175 8.079760e-01 5.096000e-03 1.869280e-01
176 8.071120e-01 4.960000e-03 1.879280e-01
177 8.061760e-01 5.040000e-03 1.887840e-01
178 8.052520e-01 5.028000e-03 1.897200e-01
179 8.043120e-01 5.104000e-03 1.905840e-01
180 8.033040e-01 5.196000e-03 1.915000e-01
181 8.024400e-01 5.112000e-03 1.924480e-01
182 8.014920e-01 5.204000e-03 1.933040e-01
183 8.006080e-01 5.172000e-03 1.942200e-01
184 7.996920e-01 5.180000e-03 1.951280e-01
185 7.988080e-01 5.192000e-03 1.960000e-01
186 7.978920e-01 5.108000e-03 1.970000e-01
187 7.969960e-01 5.132000e-03 1.978720e-01
188 7.961160e-01 5.080000e-03 1.988040e-01
189 7.951520e-01 5.152000e-03 1.996960e-01
190 7.942360e-01 5.168000e-03 2.005960e-01
191 7.934560e-01 4.976000e-03 2.015680e-01
192 7.926760e-01 4.868000e-03 2.024560e-01
193 7.918840e-01 4.780000e-03 2.033360e-01
194 7.910960e-01 4.680000e-03 2.042240e-01
195 7.902720e-01 4.692000e-03 2.050360e-01
196 7.893880e-01 4.812000e-03 2.058000e-01
197 7.885680e-01 4.880000e-03 2.065520e-01
198 7.877240e-01 4.936000e-03 2.073400e-01
199 7.869000e-01 4.844000e-03 2.082560e-01
200 7.860440e-01 4.884000e-03 2.090720e-01
201 7.852520e-01 4.816000e-03 2.099320e-01
202 7.844120e-01 4.732000e-03 2.108560e-01
203 7.835760e-01 4.768000e-03 2.116560e-01
204 7.828080e-01 4.684000e-03 2.125080e-01
205 7.819880e-01 4.716000e-03 2.132960e-01
206 7.811800e-01 4.720000e-03 2.141000e-01
207 7.804400e-01 4.628000e-03 2.149320e-01
208 7.797080e-01 4.528000e-03 2.157640e-01
209 7.789320e-01 4.484000e-03 2.165840e-01
210 7.781640e-01 4.528000e-03 2.173080e-01
211 7.773240e-01 4.580000e-03 2.180960e-01
212 7.764320e-01 4.600000e-03 2.189680e-01
213 7.756000e-01 4.524000e-03 2.198760e-01
214 7.747560e-01 4.488000e-03 2.207560e-01
215 7.739680e-01 4.576000e-03 2.214560e-01
216 7.732440e-01 4.368000e-03 2.223880e-01
217 7.725040e-01 4.368000e-03 2.231280e-01
218 7.717400e-01 4.292000e-03 2.239680e-01
219 7.710520e-01 4.332000e-03 2.246160e-01
220 7.704480e-01 4.208000e-03 2.253440e-01
221 7.697360e-01 4.236000e-03 2.260280e-01
222 7.690480e-01 4.120000e-03 2.268320e-01
223 7.683560e-01 4.136000e-03 2.275080e-01
224 7.677160e-01 4.140000e-03 2.281440e-01
225 7.669880e-01 4.200000e-03 2.288120e-01
226 7.661800e-01 4.300000e-03 2.295200e-01
227 7.653880e-01 4.340000e-03 2.302720e-01
228 7.645440e-01 4.464000e-03 2.309920e-01
229 7.636960e-01 4.492000e-03 2.318120e-01
230 7.629680e-01 4.460000e-03 2.325720e-01
231 7.621280e-01 4.528000e-03 2.333440e-01
232 7.612920e-01 4.536000e-03 2.341720e-01
233 7.604720e-01 4.572000e-03 2.349560e-01
234 7.596960e-01 4.576000e-03 2.357280e-01
235 7.587440e-01 4.664000e-03 2.365920e-01
236 7.578640e-01 4.668000e-03 2.374680e-01
237 7.569280e-01 4.788000e-03 2.382840e-01
238 7.559840e-01 4.896000e-03 2.391200e-01
239 7.551400e-01 4.892000e-03 2.399680e-01
240 7.542640e-01 4.828000e-03 2.409080e-01
241 7.534280e-01 4.892000e-03 2.416800e-01
242 7.526640e-01 4.852000e-03 2.424840e-01
243 7.517200e-01 5.044000e-03 2.432360e-01
244 7.508520e-01 4.904000e-03 2.442440e-01
245 7.501080e-01 4.748000e-03 2.451440e-01
246 7.493480e-01 4.660000e-03 2.459920e-01
247 7.485760e-01 4.644000e-03 2.467800e-01
248 7.477840e-01 4.584000e-03 2.476320e-01
249 7.469360e-01 4.660000e-03 2.484040e-01
250 7.461440e-01 4.672000e-03 2.491840e-01
251 7.453600e-01 4.656000e-03 2.499840e-01
252 7.445640e-01 4.668000e-03 2.507680e-01
253 7.438920e-01 4.584000e-03 2.515240e-01
254 7.431040e-01 4.580000e-03 2.523160e-01
255 7.423800e-01 4.444000e-03 2.531760e-01
256 7.417680e-01 4.220000e-03 2.540120e-01
257 7.410800e-01 4.236000e-03 2.546840e-01
258 7.404760e-01 4.028000e-03 2.554960e-01
259 7.397760e-01 4.052000e-03 2.561720e-01
260 7.391520e-01 4.040000e-03 2.568080e-01
261 7.384840e-01 3.892000e-03 2.576240e-01
262 7.379400e-01 3.708000e-03 2.583520e-01
263 7.373240e-01 3.760000e-03 2.589160e-01
264 7.365880e-01 3.872000e-03 2.595400e-01
265 7.358280e-01 3.904000e-03 2.602680e-01
266 7.352320e-01 3.728000e-03 2.610400e-01
267 7.345920e-01 3.736000e-03 2.616720e-01
268 7.338600e-01 3.796000e-03 2.623440e-01
269 7.332120e-01 3.768000e-03 2.630200e-01
270 7.326080e-01 3.716000e-03 2.636760e-01
271 7.320400e-01 3.704000e-03 2.642560e-01
272 7.314640e-01 3.676000e-03 2.648600e-01
273 7.308400e-01 3.644000e-03 2.655160e-01
274 7.302720e-01 3.516000e-03 2.662120e-01
275 7.296120e-01 3.552000e-03 2.668360e-01
276 7.291080e-01 3.368000e-03 2.675240e-01
277 7.284840e-01 3.388000e-03 2.681280e-01
278 7.279560e-01 3.380000e-03 2.686640e-01
279 7.274600e-01 3.288000e-03 2.692520e-01
280 7.269240e-01 3.248000e-03 2.698280e-01
281 7.264520e-01 3.216000e-03 2.703320e-01
282 7.259520e-01 3.188000e-03 2.708600e-01
283 7.254760e-01 3.080000e-03 2.714440e-01
284 7.250080e-01 2.936000e-03 2.720560e-01
285 7.245120e-01 2.928000e-03 2.725600e-01
286 7.240360e-01 2.892000e-03 2.730720e-01
287 7.235080e-01 2.900000e-03 2.735920e-01
288 7.229920e-01 2.908000e-03 2.741000e-01
289 7.225280e-01 2.912000e-03 2.745600e-01
290 7.221040e-01 2.792000e-03 2.751040e-01
291 7.216080e-01 2.836000e-03 2.755560e-01
292 7.211560e-01 2.776000e-03 2.760680e-01
293 7.206440e-01 2.804000e-03 2.765520e-01
294 7.201360e-01 2.784000e-03 2.770800e-01
295 7.196400e-01 2.736000e-03 2.776240e-01
296 7.192160e-01 2.728000e-03 2.780560e-01
297 7.187600e-01 2.764000e-03 2.784760e-01
298 7.183960e-01 2.672000e-03 2.789320e-01
299 7.179160e-01 2.608000e-03 2.794760e-01
300 7.175000e-01 2.588000e-03 2.799120e-01
301 7.170880e-01 2.568000e-03 2.803440e-01
302 7.166320e-01 2.552000e-03 2.808160e-01
303 7.161960e-01 2.524000e-03 2.812800e-01
304 7.156880e-01 2.652000e-03 2.816600e-01
305 7.152240e-01 2.632000e-03 2.821440e-01
306 7.148040e-01 2.560000e-03 2.826360e-01
307 7.144040e-01 2.484000e-03 2.831120e-01
308 7.140000e-01 2.484000e-03 2.835160e-01
309 7.135800e-01 2.476000e-03 2.839440e-01
310 7.132080e-01 2.460000e-03 2.843320e-01
311 7.127920e-01 2.444000e-03 2.847640e-01
312 7.123600e-01 2.488000e-03 2.851520e-01
313 7.118800e-01 2.444000e-03 2.856760e-01
314 7.113160e-01 2.568000e-03 2.861160e-01
315 7.107800e-01 2.604000e-03 2.866160e-01
316 7.102640e-01 2.572000e-03 2.871640e-01
317 7.096920e-01 2.748000e-03 2.875600e-01
318 7.092440e-01 2.716000e-03 2.880400e-01
319 7.087200e-01 2.752000e-03 2.885280e-01
320 7.083320e-01 2.692000e-03 2.889760e-01
321 7.079120e-01 2.608000e-03 2.894800e-01
322 7.074960e-01 2.588000e-03 2.899160e-01
323 7.071280e-01 2.564000e-03 2.903080e-01
324 7.066880e-01 2.576000e-03 2.907360e-01
325 7.063000e-01 2.536000e-03 2.911640e-01
326 7.059280e-01 2.512000e-03 2.915600e-01
327 7.054520e-01 2.600000e-03 2.919480e-01
328 7.049880e-01 2.568000e-03 2.924440e-01
329 7.045480e-01 2.512000e-03 2.929400e-01
330 7.042200e-01 2.424000e-03 2.933560e-01
331 7.038240e-01 2.440000e-03 2.937360e-01
332 7.034840e-01 2.348000e-03 2.941680e-01
333 7.030920e-01 2.280000e-03 2.946280e-01
334 7.028080e-01 2.172000e-03 2.950200e-01
335 7.024840e-01 2.100000e-03 2.954160e-01
336 7.021400e-01 2.056000e-03 2.958040e-01
337 7.017880e-01 2.004000e-03 2.962080e-01
338 7.014120e-01 1.996000e-03 2.965920e-01
339 7.010960e-01 1.964000e-03 2.969400e-01
340 7.007880e-01 1.908000e-03 2.973040e-01
341 7.004400e-01 1.876000e-03 2.976840e-01
342 7.001200e-01 1.924000e-03 2.979560e-01
343 6.998200e-01 1.900000e-03 2.982800e-01
344 6.994640e-01 1.952000e-03 2.985840e-01
345 6.991040e-01 2.008000e-03 2.988880e-01
346 6.987720e-01 1.972000e-03 2.992560e-01
347 6.983280e-01 2.040000e-03 2.996320e-01
348 6.980200e-01 2.016000e-03 2.999640e-01
349 6.976600e-01 2.100000e-03 3.002400e-01
350 6.972880e-01 2.104000e-03 3.006080e-01
351 6.969240e-01 2.160000e-03 3.009160e-01
352 6.965320e-01 2.192000e-03 3.012760e-01
353 6.961600e-01 2.164000e-03 3.016760e-01
354 6.957880e-01 2.148000e-03 3.020640e-01
355 6.954280e-01 2.120000e-03 3.024520e-01
356 6.950760e-01 2.124000e-03 3.028000e-01
357 6.947640e-01 2.020000e-03 3.032160e-01
358 6.943760e-01 2.008000e-03 3.036160e-01
359 6.939840e-01 1.988000e-03 3.040280e-01
360 6.937040e-01 2.000000e-03 3.042960e-01
361 6.933400e-01 2.012000e-03 3.046480e-01
362 6.930960e-01 1.836000e-03 3.050680e-01
363 6.928080e-01 1.816000e-03 3.053760e-01
364 6.925560e-01 1.792000e-03 3.056520e-01
365 6.923600e-01 1.664000e-03 3.059760e-01
366 6.921560e-01 1.624000e-03 3.062200e-01
367 6.919640e-01 1.524000e-03 3.065120e-01
368 6.917480e-01 1.460000e-03 3.067920e-01
369 6.915920e-01 1.412000e-03 3.069960e-01
370 6.913680e-01 1.436000e-03 3.071960e-01
371 6.910560e-01 1.508000e-03 3.074360e-01
372 6.908280e-01 1.468000e-03 3.077040e-01
373 6.905600e-01 1.504000e-03 3.079360e-01
374 6.902280e-01 1.536000e-03 3.082360e-01
375 6.899800e-01 1.484000e-03 3.085360e-01
376 6.898120e-01 1.424000e-03 3.087640e-01
377 6.895880e-01 1.368000e-03 3.090440e-01
378 6.893560e-01 1.356000e-03 3.092880e-01
379 6.891360e-01 1.324000e-03 3.095400e-01
380 6.888560e-01 1.408000e-03 3.097360e-01
381 6.886360e-01 1.400000e-03 3.099640e-01
382 6.884000e-01 1.412000e-03 3.101880e-01
383 6.881200e-01 1.416000e-03 3.104640e-01
384 6.879200e-01 1.416000e-03 3.106640e-01
385 6.876320e-01 1.392000e-03 3.109760e-01
386 6.874800e-01 1.332000e-03 3.111880e-01
387 6.872560e-01 1.344000e-03 3.114000e-01
388 6.870600e-01 1.296000e-03 3.116440e-01
389 6.868280e-01 1.312000e-03 3.118600e-01
390 6.865680e-01 1.348000e-03 3.120840e-01
391 6.863360e-01 1.388000e-03 3.122760e-01
392 6.861280e-01 1.328000e-03 3.125440e-01
393 6.859560e-01 1.260000e-03 3.127840e-01
394 6.857680e-01 1.200000e-03 3.130320e-01
395 6.856120e-01 1.144000e-03 3.132440e-01
396 6.853880e-01 1.216000e-03 3.133960e-01
397 6.852200e-01 1.212000e-03 3.135680e-01
398 6.850280e-01 1.256000e-03 3.137160e-01
399 6.848040e-01 1.280000e-03 3.139160e-01
400 6.846080e-01 1.284000e-03 3.141080e-01
401 6.844120e-01 1.220000e-03 3.143680e-01
402 6.841880e-01 1.228000e-03 3.145840e-01
403 6.839360e-01 1.220000e-03 3.148440e-01
404 6.837280e-01 1.260000e-03 3.150120e-01
405 6.835400e-01 1.260000e-03 3.152000e-01
406 6.833600e-01 1.244000e-03 3.153960e-01
407 6.831640e-01 1.180000e-03 3.156560e-01
408 6.829680e-01 1.168000e-03 3.158640e-01
409 6.827960e-01 1.120000e-03 3.160840e-01
410 6.826520e-01 1.084000e-03 3.162640e-01
411 6.824320e-01 1.132000e-03 3.164360e-01
412 6.822920e-01 1.084000e-03 3.166240e-01
413 6.820800e-01 1.128000e-03 3.167920e-01
414 6.818840e-01 1.172000e-03 3.169440e-01
415 6.817360e-01 1.124000e-03 3.171400e-01
416 6.815600e-01 1.136000e-03 3.173040e-01
417 6.814000e-01 1.088000e-03 3.175120e-01
418 6.811840e-01 1.056000e-03 3.177600e-01
419 6.810280e-01 1.052000e-03 3.179200e-01
420 6.809040e-01 9.800000e-04 3.181160e-01
421 6.807000e-01 1.032000e-03 3.182680e-01
422 6.804800e-01 1.064000e-03 3.184560e-01
423 6.803200e-01 1.008000e-03 3.186720e-01
424 6.800960e-01 1.084000e-03 3.188200e-01
425 6.798880e-01 1.140000e-03 3.189720e-01
426 6.797240e-01 1.084000e-03 3.191920e-01
427 6.795040e-01 1.084000e-03 3.194120e-01
428 6.793200e-01 1.100000e-03 3.195800e-01
429 6.791240e-01 1.084000e-03 3.197920e-01
430 6.789160e-01 1.064000e-03 3.200200e-01
431 6.787320e-01 1.032000e-03 3.202360e-01
432 6.785400e-01 1.040000e-03 3.204200e-01
433 6.783720e-01 1.008000e-03 3.206200e-01
434 6.782040e-01 1.000000e-03 3.207960e-01
435 6.780440e-01 9.400000e-04 3.210160e-01
436 6.778720e-01 9.960000e-04 3.211320e-01
437 6.776920e-01 1.004000e-03 3.213040e-01
438 6.775560e-01 9.840000e-04 3.214600e-01
439 6.773880e-01 1.004000e-03 3.216080e-01
440 6.772120e-01 9.640000e-04 3.218240e-01
441 6.770320e-01 9.440000e-04 3.220240e-01
442 6.769280e-01 8.800000e-04 3.221920e-01
443 6.767880e-01 8.920000e-04 3.223200e-01
444 6.766520e-01 9.080000e-04 3.224400e-01
445 6.765280e-01 8.680000e-04 3.226040e-01
446 6.763520e-01 8.920000e-04 3.227560e-01
447 6.762080e-01 9.080000e-04 3.228840e-01
448 6.760240e-01 9.080000e-04 3.230680e-01
449 6.758600e-01 9.160000e-04 3.232240e-01
450 6.756880e-01 8.920000e-04 3.234200e-01
451 6.755320e-01 8.600000e-04 3.236080e-01
452 6.753400e-01 9.160000e-04 3.237440e-01
453 6.751080e-01 1.016000e-03 3.238760e-01
454 6.749360e-01 1.024000e-03 3.240400e-01
455 6.748200e-01 9.440000e-04 3.242360e-01
456 6.746840e-01 8.840000e-04 3.244320e-01
457 6.745560e-01 8.520000e-04 3.245920e-01
458 6.744200e-01 8.520000e-04 3.247280e-01
459 6.742760e-01 8.400000e-04 3.248840e-01
460 6.741000e-01 8.720000e-04 3.250280e-01
461 6.739240e-01 8.680000e-04 3.252080e-01
462 6.737600e-01 8.960000e-04 3.253440e-01
463 6.736280e-01 8.920000e-04 3.254800e-01
464 6.734480e-01 9.400000e-04 3.256120e-01
465 6.733360e-01 8.400000e-04 3.258240e-01
466 6.732040e-01 8.480000e-04 3.259480e-01
467 6.729960e-01 8.800000e-04 3.261240e-01
468 6.728240e-01 9.040000e-04 3.262720e-01
469 6.726240e-01 9.760000e-04 3.264000e-01
470 6.724720e-01 9.560000e-04 3.265720e-01
471 6.722840e-01 9.320000e-04 3.267840e-01
472 6.721640e-01 8.840000e-04 3.269520e-01
473 6.720480e-01 8.360000e-04 3.271160e-01
474 6.719360e-01 8.320000e-04 3.272320e-01
475 6.717960e-01 8.480000e-04 3.273560e-01
476 6.716720e-01 8.080000e-04 3.275200e-01
477 6.715160e-01 8.280000e-04 3.276560e-01
478 6.713640e-01 8.120000e-04 3.278240e-01
479 6.712600e-01 7.920000e-04 3.279480e-01
480 6.711320e-01 8.080000e-04 3.280600e-01
481 6.709840e-01 8.080000e-04 3.282080e-01
482 6.708680e-01 7.720000e-04 3.283600e-01
483 6.707520e-01 7.920000e-04 3.284560e-01
484 6.706320e-01 7.400000e-04 3.286280e-01
485 6.705200e-01 7.640000e-04 3.287160e-01
486 6.704400e-01 6.920000e-04 3.288680e-01
487 6.703160e-01 6.920000e-04 3.289920e-01
488 6.701360e-01 7.520000e-04 3.291120e-01
489 6.700240e-01 7.160000e-04 3.292600e-01
490 6.699120e-01 6.600000e-04 3.294280e-01
491 6.698200e-01 6.520000e-04 3.295280e-01
492 6.697000e-01 6.560000e-04 3.296440e-01
493 6.696080e-01 5.920000e-04 3.298000e-01
494 6.694920e-01 6.360000e-04 3.298720e-01
495 6.693880e-01 6.000000e-04 3.300120e-01
496 6.692520e-01 6.160000e-04 3.301320e-01
497 6.691720e-01 5.920000e-04 3.302360e-01
498 6.690440e-01 6.200000e-04 3.303360e-01
499 6.688640e-01 7.280000e-04 3.304080e-01
500 6.687000e-01 7.720000e-04 3.305280e-01
