1 9.992480e-01 6.600000e-04 9.200000e-05
2 9.988160e-01 9.520000e-04 2.320000e-04
3 9.982800e-01 1.292000e-03 4.280000e-04
4 9.976160e-01 1.680000e-03 7.040000e-04
5 9.968640e-01 2.160000e-03 9.760000e-04
6 9.961080e-01 2.524000e-03 1.368000e-03
7 9.951960e-01 2.928000e-03 1.876000e-03
8 9.942640e-01 3.284000e-03 2.452000e-03
9 9.933560e-01 3.568000e-03 3.076000e-03
10 9.925080e-01 3.800000e-03 3.692000e-03
11 9.916280e-01 3.960000e-03 4.412000e-03
12 9.908080e-01 4.008000e-03 5.184000e-03
13 9.899080e-01 4.192000e-03 5.900000e-03
14 9.890400e-01 4.312000e-03 6.648000e-03
15 9.880720e-01 4.580000e-03 7.348000e-03
16 9.872400e-01 4.540000e-03 8.220000e-03
17 9.862840e-01 4.676000e-03 9.040000e-03
18 9.853240e-01 4.784000e-03 9.892000e-03
19 9.842280e-01 5.032000e-03 1.074000e-02
20 9.830800e-01 5.272000e-03 1.164800e-02
21 9.818120e-01 5.556000e-03 1.263200e-02
22 9.805720e-01 5.776000e-03 1.365200e-02
23 9.794120e-01 5.904000e-03 1.468400e-02
24 9.783320e-01 5.892000e-03 1.577600e-02
25 9.772400e-01 5.968000e-03 1.679200e-02
26 9.761560e-01 6.048000e-03 1.779600e-02
27 9.749600e-01 6.112000e-03 1.892800e-02
28 9.737640e-01 6.172000e-03 2.006400e-02
29 9.725840e-01 6.292000e-03 2.112400e-02
30 9.714680e-01 6.320000e-03 2.221200e-02
31 9.703680e-01 6.304000e-03 2.332800e-02
32 9.692600e-01 6.284000e-03 2.445600e-02
33 9.680680e-01 6.464000e-03 2.546800e-02
34 9.668520e-01 6.500000e-03 2.664800e-02
35 9.657680e-01 6.552000e-03 2.768000e-02
36 9.646520e-01 6.520000e-03 2.882800e-02
37 9.634760e-01 6.576000e-03 2.994800e-02
38 9.623280e-01 6.484000e-03 3.118800e-02
39 9.611600e-01 6.476000e-03 3.236400e-02
40 9.598520e-01 6.680000e-03 3.346800e-02
41 9.584560e-01 6.856000e-03 3.468800e-02
42 9.571200e-01 7.048000e-03 3.583200e-02
43 9.557440e-01 7.232000e-03 3.702400e-02
44 9.544000e-01 7.316000e-03 3.828400e-02
45 9.530600e-01 7.384000e-03 3.955600e-02
46 9.516000e-01 7.568000e-03 4.083200e-02
47 9.501760e-01 7.640000e-03 4.218400e-02
48 9.488200e-01 7.692000e-03 4.348800e-02
49 9.474160e-01 7.792000e-03 4.479200e-02
50 9.459240e-01 7.848000e-03 4.622800e-02
51 9.443720e-01 7.988000e-03 4.764000e-02
52 9.429080e-01 8.048000e-03 4.904400e-02
53 9.414560e-01 8.052000e-03 5.049200e-02
54 9.400800e-01 7.972000e-03 5.194800e-02
55 9.387520e-01 7.880000e-03 5.336800e-02
56 9.375520e-01 7.652000e-03 5.479600e-02
57 9.364640e-01 7.436000e-03 5.610000e-02
58 9.351760e-01 7.324000e-03 5.750000e-02
59 9.339560e-01 7.240000e-03 5.880400e-02
60 9.326640e-01 7.232000e-03 6.010400e-02
61 9.314240e-01 7.172000e-03 6.140400e-02
62 9.302840e-01 7.068000e-03 6.264800e-02
63 9.289760e-01 7.160000e-03 6.386400e-02
64 9.277800e-01 7.140000e-03 6.508000e-02
65 9.264960e-01 7.252000e-03 6.625200e-02
66 9.252000e-01 7.408000e-03 6.739200e-02
67 9.238920e-01 7.332000e-03 6.877600e-02
68 9.227880e-01 7.164000e-03 7.004800e-02
69 9.216120e-01 7.160000e-03 7.122800e-02
70 9.203880e-01 7.172000e-03 7.244000e-02
71 9.191280e-01 7.000000e-03 7.387200e-02
72 9.179880e-01 6.852000e-03 7.516000e-02
73 9.167360e-01 6.880000e-03 7.638400e-02
74 9.154520e-01 6.940000e-03 7.760800e-02
75 9.142160e-01 7.092000e-03 7.869200e-02
76 9.131000e-01 6.984000e-03 7.991600e-02
77 9.118200e-01 7.016000e-03 8.116400e-02
78 9.106160e-01 6.844000e-03 8.254000e-02
79 9.094880e-01 6.764000e-03 8.374800e-02
80 9.084560e-01 6.652000e-03 8.489200e-02
81 9.074120e-01 6.568000e-03 8.602000e-02
82 9.063040e-01 6.448000e-03 8.724800e-02
83 9.051120e-01 6.548000e-03 8.834000e-02
84 9.038880e-01 6.652000e-03 8.946000e-02
85 9.026600e-01 6.620000e-03 9.072000e-02
86 9.014360e-01 6.796000e-03 9.176800e-02
87 9.002280e-01 6.800000e-03 9.297200e-02
88 8.989720e-01 7.012000e-03 9.401600e-02
89 8.977320e-01 6.968000e-03 9.530000e-02
90 8.965760e-01 6.924000e-03 9.650000e-02
91 8.954120e-01 6.944000e-03 9.764400e-02
92 8.941040e-01 6.972000e-03 9.892400e-02
93 8.928400e-01 7.052000e-03 1.001080e-01
94 8.916960e-01 6.980000e-03 1.013240e-01
95 8.905040e-01 6.896000e-03 1.026000e-01
96 8.892800e-01 6.920000e-03 1.038000e-01
97 8.882200e-01 6.856000e-03 1.049240e-01
98 8.870480e-01 6.720000e-03 1.062320e-01
99 8.859640e-01 6.540000e-03 1.074960e-01
100 8.849080e-01 6.448000e-03 1.086440e-01
101 8.836720e-01 6.536000e-03 1.097920e-01
102 8.825480e-01 6.548000e-03 1.109040e-01
103 8.812440e-01 6.752000e-03 1.120040e-01
104 8.800960e-01 6.800000e-03 1.131040e-01
105 8.789280e-01 6.896000e-03 1.141760e-01
106 8.777120e-01 6.884000e-03 1.154040e-01
107 8.764840e-01 6.952000e-03 1.165640e-01
108 8.753760e-01 6.828000e-03 1.177960e-01
109 8.743080e-01 6.676000e-03 1.190160e-01
110 8.733400e-01 6.672000e-03 1.199880e-01
111 8.721320e-01 6.732000e-03 1.211360e-01
112 8.708760e-01 6.860000e-03 1.222640e-01
113 8.696320e-01 6.920000e-03 1.234480e-01
114 8.684600e-01 6.880000e-03 1.246600e-01
115 8.672440e-01 6.972000e-03 1.257840e-01
116 8.659880e-01 7.016000e-03 1.269960e-01
117 8.647400e-01 7.052000e-03 1.282080e-01
118 8.634200e-01 7.124000e-03 1.294560e-01
119 8.621040e-01 7.200000e-03 1.306960e-01
120 8.610720e-01 7.048000e-03 1.318800e-01
121 8.597760e-01 7.124000e-03 1.331000e-01
122 8.586920e-01 6.888000e-03 1.344200e-01
123 8.575360e-01 6.844000e-03 1.356200e-01
124 8.562520e-01 6.976000e-03 1.367720e-01
125 8.548280e-01 7.240000e-03 1.379320e-01
126 8.535560e-01 7.208000e-03 1.392360e-01
127 8.523680e-01 7.076000e-03 1.405560e-01
128 8.511840e-01 7.008000e-03 1.418080e-01
129 8.499760e-01 6.968000e-03 1.430560e-01
130 8.488520e-01 6.764000e-03 1.443840e-01
131 8.478200e-01 6.572000e-03 1.456080e-01
132 8.468960e-01 6.296000e-03 1.468080e-01
133 8.458400e-01 6.224000e-03 1.479360e-01
134 8.447880e-01 6.156000e-03 1.490560e-01
135 8.437400e-01 6.132000e-03 1.501280e-01
136 8.427440e-01 6.092000e-03 1.511640e-01
137 8.417880e-01 6.052000e-03 1.521600e-01
138 8.408120e-01 5.908000e-03 1.532800e-01
139 8.399480e-01 5.844000e-03 1.542080e-01
140 8.388360e-01 5.964000e-03 1.552000e-01
141 8.379000e-01 5.884000e-03 1.562160e-01
142 8.369280e-01 5.868000e-03 1.572040e-01
143 8.358880e-01 5.952000e-03 1.581600e-01
144 8.348760e-01 5.848000e-03 1.592760e-01
145 8.338200e-01 5.856000e-03 1.603240e-01
146 8.326720e-01 6.036000e-03 1.612920e-01
147 8.316920e-01 6.008000e-03 1.623000e-01
148 8.304920e-01 6.124000e-03 1.633840e-01
149 8.294120e-01 6.156000e-03 1.644320e-01
150 8.282400e-01 6.264000e-03 1.654960e-01
151 8.271720e-01 6.240000e-03 1.665880e-01
152 8.260040e-01 6.388000e-03 1.676080e-01
153 8.249200e-01 6.160000e-03 1.689200e-01
154 8.237840e-01 6.260000e-03 1.699560e-01
155 8.225560e-01 6.288000e-03 1.711560e-01
156 8.214840e-01 6.324000e-03 1.721920e-01
157 8.202800e-01 6.356000e-03 1.733640e-01
158 8.193240e-01 6.112000e-03 1.745640e-01
159 8.183760e-01 5.960000e-03 1.756640e-01
160 8.174320e-01 5.840000e-03 1.767280e-01
161 8.163680e-01 5.820000e-03 1.778120e-01
162 8.153400e-01 5.756000e-03 1.789040e-01
163 8.143120e-01 5.824000e-03 1.798640e-01
164 8.133560e-01 5.792000e-03 1.808520e-01
165 8.122360e-01 5.932000e-03 1.818320e-01
166 8.110800e-01 6.160000e-03 1.827600e-01
167 8.100160e-01 6.100000e-03 1.838840e-01
168 8.088840e-01 6.132000e-03 1.849840e-01
169 8.077560e-01 6.196000e-03 1.860480e-01
170 8.065880e-01 6.228000e-03 1.871840e-01
171 8.055840e-01 6.248000e-03 1.881680e-01
172 8.045680e-01 6.180000e-03 1.892520e-01
173 8.035760e-01 6.140000e-03 1.902840e-01
174 8.025800e-01 6.040000e-03 1.913800e-01
175 8.015480e-01 6.072000e-03 1.923800e-01
176 8.005120e-01 6.008000e-03 1.934800e-01
177 7.994960e-01 6.040000e-03 1.944640e-01
178 7.985760e-01 5.944000e-03 1.954800e-01
179 7.975480e-01 5.948000e-03 1.965040e-01
180 7.966080e-01 5.928000e-03 1.974640e-01
181 7.956600e-01 5.816000e-03 1.985240e-01
182 7.947760e-01 5.768000e-03 1.994560e-01
183 7.937240e-01 5.900000e-03 2.003760e-01
184 7.926800e-01 5.912000e-03 2.014080e-01
185 7.917000e-01 5.860000e-03 2.024400e-01
186 7.907440e-01 5.812000e-03 2.034440e-01
187 7.899120e-01 5.576000e-03 2.045120e-01
188 7.889000e-01 5.560000e-03 2.055400e-01
189 7.879600e-01 5.532000e-03 2.065080e-01
190 7.869880e-01 5.588000e-03 2.074240e-01
191 7.860960e-01 5.500000e-03 2.084040e-01
192 7.851640e-01 5.520000e-03 2.093160e-01
193 7.843040e-01 5.396000e-03 2.103000e-01
194 7.834800e-01 5.292000e-03 2.112280e-01
195 7.827000e-01 5.104000e-03 2.121960e-01
196 7.818400e-01 5.136000e-03 2.130240e-01
197 7.809680e-01 5.120000e-03 2.139120e-01
198 7.800520e-01 5.088000e-03 2.148600e-01
199 7.792600e-01 5.024000e-03 2.157160e-01
200 7.784480e-01 4.932000e-03 2.166200e-01
201 7.776400e-01 4.880000e-03 2.174800e-01
202 7.767160e-01 4.984000e-03 2.183000e-01
203 7.758440e-01 4.992000e-03 2.191640e-01
204 7.750120e-01 5.000000e-03 2.199880e-01
205 7.740760e-01 5.104000e-03 2.208200e-01
206 7.730600e-01 5.184000e-03 2.217560e-01
207 7.721040e-01 5.304000e-03 2.225920e-01
208 7.710840e-01 5.444000e-03 2.234720e-01
209 7.701840e-01 5.368000e-03 2.244480e-01
210 7.692320e-01 5.456000e-03 2.253120e-01
211 7.684800e-01 5.288000e-03 2.262320e-01
212 7.677120e-01 5.024000e-03 2.272640e-01
213 7.668400e-01 5.044000e-03 2.281160e-01
214 7.659800e-01 4.968000e-03 2.290520e-01
215 7.651480e-01 4.928000e-03 2.299240e-01
216 7.642480e-01 5.060000e-03 2.306920e-01
217 7.634680e-01 4.996000e-03 2.315360e-01
218 7.626040e-01 4.996000e-03 2.324000e-01
219 7.618320e-01 4.980000e-03 2.331880e-01
220 7.610960e-01 4.864000e-03 2.340400e-01
221 7.604120e-01 4.588000e-03 2.350000e-01
222 7.596880e-01 4.476000e-03 2.358360e-01
223 7.590480e-01 4.296000e-03 2.366560e-01
224 7.584560e-01 4.212000e-03 2.373320e-01
225 7.578480e-01 4.140000e-03 2.380120e-01
226 7.572720e-01 3.996000e-03 2.387320e-01
227 7.566520e-01 3.956000e-03 2.393920e-01
228 7.560880e-01 3.860000e-03 2.400520e-01
229 7.555240e-01 3.748000e-03 2.407280e-01
230 7.549800e-01 3.652000e-03 2.413680e-01
231 7.544240e-01 3.580000e-03 2.419960e-01
232 7.539280e-01 3.536000e-03 2.425360e-01
233 7.534680e-01 3.392000e-03 2.431400e-01
234 7.529120e-01 3.384000e-03 2.437040e-01
235 7.523920e-01 3.312000e-03 2.442960e-01
236 7.518960e-01 3.272000e-03 2.448320e-01
237 7.513760e-01 3.184000e-03 2.454400e-01
238 7.508000e-01 3.196000e-03 2.460040e-01
239 7.502360e-01 3.236000e-03 2.465280e-01
240 7.497240e-01 3.160000e-03 2.471160e-01
241 7.491480e-01 3.208000e-03 2.476440e-01
242 7.484880e-01 3.292000e-03 2.482200e-01
243 7.479480e-01 3.260000e-03 2.487920e-01
244 7.473800e-01 3.288000e-03 2.493320e-01
245 7.467920e-01 3.296000e-03 2.499120e-01
246 7.462560e-01 3.272000e-03 2.504720e-01
247 7.456840e-01 3.268000e-03 2.510480e-01
248 7.451080e-01 3.240000e-03 2.516520e-01
249 7.445520e-01 3.196000e-03 2.522520e-01
250 7.440680e-01 3.148000e-03 2.527840e-01
251 7.435240e-01 3.152000e-03 2.533240e-01
252 7.429800e-01 3.172000e-03 2.538480e-01
253 7.424280e-01 3.088000e-03 2.544840e-01
254 7.418640e-01 3.164000e-03 2.549720e-01
255 7.414000e-01 3.124000e-03 2.554760e-01
256 7.407320e-01 3.220000e-03 2.560480e-01
257 7.401840e-01 3.204000e-03 2.566120e-01
258 7.395200e-01 3.260000e-03 2.572200e-01
259 7.390320e-01 3.200000e-03 2.577680e-01
260 7.384320e-01 3.208000e-03 2.583600e-01
261 7.378920e-01 3.232000e-03 2.588760e-01
262 7.374680e-01 3.132000e-03 2.594000e-01
263 7.369440e-01 3.076000e-03 2.599800e-01
264 7.364680e-01 3.096000e-03 2.604360e-01
265 7.359400e-01 3.108000e-03 2.609520e-01
266 7.354920e-01 3.036000e-03 2.614720e-01
267 7.350600e-01 2.896000e-03 2.620440e-01
268 7.346360e-01 2.836000e-03 2.625280e-01
269 7.340880e-01 2.932000e-03 2.629800e-01
270 7.335360e-01 2.936000e-03 2.635280e-01
271 7.330240e-01 2.908000e-03 2.640680e-01
272 7.324240e-01 2.928000e-03 2.646480e-01
273 7.318960e-01 2.912000e-03 2.651920e-01
274 7.313480e-01 2.856000e-03 2.657960e-01
275 7.308040e-01 2.892000e-03 2.663040e-01
276 7.302800e-01 2.880000e-03 2.668400e-01
277 7.297560e-01 2.884000e-03 2.673600e-01
278 7.292280e-01 2.884000e-03 2.678880e-01
279 7.286280e-01 3.008000e-03 2.683640e-01
280 7.281200e-01 2.968000e-03 2.689120e-01
281 7.275840e-01 3.008000e-03 2.694080e-01
282 7.270720e-01 2.912000e-03 2.700160e-01
283 7.265680e-01 2.924000e-03 2.705080e-01
284 7.259760e-01 3.064000e-03 2.709600e-01
285 7.255160e-01 2.956000e-03 2.715280e-01
286 7.250320e-01 2.920000e-03 2.720480e-01
287 7.245400e-01 2.920000e-03 2.725400e-01
288 7.240320e-01 2.928000e-03 2.730400e-01
289 7.235600e-01 2.920000e-03 2.735200e-01
290 7.230920e-01 2.796000e-03 2.741120e-01
291 7.226360e-01 2.756000e-03 2.746080e-01
292 7.222080e-01 2.680000e-03 2.751120e-01
293 7.218440e-01 2.568000e-03 2.755880e-01
294 7.214600e-01 2.516000e-03 2.760240e-01
295 7.210320e-01 2.484000e-03 2.764840e-01
296 7.206920e-01 2.308000e-03 2.770000e-01
297 7.203360e-01 2.280000e-03 2.773840e-01
298 7.199440e-01 2.280000e-03 2.777760e-01
299 7.195480e-01 2.204000e-03 2.782480e-01
300 7.191720e-01 2.148000e-03 2.786800e-01
301 7.188200e-01 2.136000e-03 2.790440e-01
302 7.183240e-01 2.268000e-03 2.794080e-01
303 7.179960e-01 2.140000e-03 2.798640e-01
304 7.176480e-01 2.080000e-03 2.802720e-01
305 7.172920e-01 2.000000e-03 2.807080e-01
306 7.169280e-01 1.928000e-03 2.811440e-01
307 7.166880e-01 1.816000e-03 2.814960e-01
308 7.164280e-01 1.808000e-03 2.817640e-01
309 7.161840e-01 1.684000e-03 2.821320e-01
310 7.158240e-01 1.792000e-03 2.823840e-01
311 7.155240e-01 1.828000e-03 2.826480e-01
312 7.152160e-01 1.832000e-03 2.829520e-01
313 7.148440e-01 1.904000e-03 2.832520e-01
314 7.144760e-01 1.956000e-03 2.835680e-01
315 7.141920e-01 1.916000e-03 2.838920e-01
316 7.138640e-01 1.936000e-03 2.842000e-01
317 7.135680e-01 1.860000e-03 2.845720e-01
318 7.132080e-01 1.900000e-03 2.848920e-01
319 7.128640e-01 1.860000e-03 2.852760e-01
320 7.125640e-01 1.832000e-03 2.856040e-01
321 7.122160e-01 1.864000e-03 2.859200e-01
322 7.118800e-01 1.800000e-03 2.863200e-01
323 7.115800e-01 1.828000e-03 2.865920e-01
324 7.113600e-01 1.744000e-03 2.868960e-01
325 7.110640e-01 1.720000e-03 2.872160e-01
326 7.107720e-01 1.728000e-03 2.875000e-01
327 7.103800e-01 1.852000e-03 2.877680e-01
328 7.100320e-01 1.916000e-03 2.880520e-01
329 7.096840e-01 1.912000e-03 2.884040e-01
330 7.093120e-01 1.980000e-03 2.887080e-01
331 7.089520e-01 1.964000e-03 2.890840e-01
332 7.085520e-01 1.984000e-03 2.894640e-01
333 7.082200e-01 1.996000e-03 2.897840e-01
334 7.079000e-01 1.976000e-03 2.901240e-01
335 7.075440e-01 2.040000e-03 2.904160e-01
336 7.071680e-01 2.128000e-03 2.907040e-01
337 7.068520e-01 2.140000e-03 2.910080e-01
338 7.065320e-01 2.008000e-03 2.914600e-01
339 7.061600e-01 2.040000e-03 2.918000e-01
340 7.058480e-01 1.996000e-03 2.921560e-01
341 7.054680e-01 1.992000e-03 2.925400e-01
342 7.051480e-01 2.016000e-03 2.928360e-01
343 7.047440e-01 2.084000e-03 2.931720e-01
344 7.043400e-01 2.140000e-03 2.935200e-01
345 7.040080e-01 2.104000e-03 2.938880e-01
346 7.035640e-01 2.176000e-03 2.942600e-01
347 7.032520e-01 2.148000e-03 2.946000e-01
348 7.028640e-01 2.092000e-03 2.950440e-01
349 7.025280e-01 2.072000e-03 2.954000e-01
350 7.022240e-01 2.020000e-03 2.957560e-01
351 7.019200e-01 1.992000e-03 2.960880e-01
352 7.016680e-01 1.952000e-03 2.963800e-01
353 7.013760e-01 1.888000e-03 2.967360e-01
354 7.011040e-01 1.904000e-03 2.969920e-01
355 7.007680e-01 1.964000e-03 2.972680e-01
356 7.004480e-01 1.976000e-03 2.975760e-01
357 7.001680e-01 1.936000e-03 2.978960e-01
358 6.999160e-01 1.836000e-03 2.982480e-01
359 6.996160e-01 1.768000e-03 2.986160e-01
360 6.993720e-01 1.684000e-03 2.989440e-01
361 6.991400e-01 1.628000e-03 2.992320e-01
362 6.989120e-01 1.616000e-03 2.994720e-01
363 6.986600e-01 1.564000e-03 2.997760e-01
364 6.984840e-01 1.464000e-03 3.000520e-01
365 6.982520e-01 1.448000e-03 3.003000e-01
366 6.980000e-01 1.420000e-03 3.005800e-01
367 6.978200e-01 1.344000e-03 3.008360e-01
368 6.976120e-01 1.316000e-03 3.010720e-01
369 6.974040e-01 1.220000e-03 3.013760e-01
370 6.972120e-01 1.200000e-03 3.015880e-01
371 6.970040e-01 1.240000e-03 3.017560e-01
372 6.967520e-01 1.264000e-03 3.019840e-01
373 6.965640e-01 1.212000e-03 3.022240e-01
374 6.963840e-01 1.188000e-03 3.024280e-01
375 6.962080e-01 1.140000e-03 3.026520e-01
376 6.960440e-01 1.168000e-03 3.027880e-01
377 6.958240e-01 1.168000e-03 3.030080e-01
378 6.956280e-01 1.136000e-03 3.032360e-01
379 6.954200e-01 1.164000e-03 3.034160e-01
380 6.952160e-01 1.152000e-03 3.036320e-01
381 6.949800e-01 1.180000e-03 3.038400e-01
382 6.947120e-01 1.220000e-03 3.040680e-01
383 6.944680e-01 1.216000e-03 3.043160e-01
384 6.942600e-01 1.204000e-03 3.045360e-01
385 6.940800e-01 1.184000e-03 3.047360e-01
386 6.938720e-01 1.196000e-03 3.049320e-01
387 6.937280e-01 1.108000e-03 3.051640e-01
388 6.935680e-01 1.056000e-03 3.053760e-01
389 6.933880e-01 1.036000e-03 3.055760e-01
390 6.932640e-01 9.760000e-04 3.057600e-01
391 6.931200e-01 9.600000e-04 3.059200e-01
392 6.929560e-01 9.720000e-04 3.060720e-01
393 6.928560e-01 8.840000e-04 3.062600e-01
394 6.927200e-01 8.760000e-04 3.064040e-01
395 6.925800e-01 8.760000e-04 3.065440e-01
396 6.924520e-01 8.560000e-04 3.066920e-01
397 6.923200e-01 8.360000e-04 3.068440e-01
398 6.922040e-01 8.200000e-04 3.069760e-01
399 6.921080e-01 7.960000e-04 3.070960e-01
400 6.919920e-01 8.240000e-04 3.071840e-01
401 6.918600e-01 7.920000e-04 3.073480e-01
402 6.917480e-01 7.480000e-04 3.075040e-01
403 6.916400e-01 7.160000e-04 3.076440e-01
404 6.915360e-01 7.000000e-04 3.077640e-01
405 6.914520e-01 6.760000e-04 3.078720e-01
406 6.913440e-01 6.640000e-04 3.079920e-01
407 6.912320e-01 6.760000e-04 3.080920e-01
408 6.911320e-01 6.320000e-04 3.082360e-01
409 6.909880e-01 6.760000e-04 3.083360e-01
410 6.908800e-01 6.400000e-04 3.084800e-01
411 6.907760e-01 6.320000e-04 3.085920e-01
412 6.906600e-01 6.400000e-04 3.087000e-01
413 6.905360e-01 6.440000e-04 3.088200e-01
414 6.904120e-01 6.480000e-04 3.089400e-01
415 6.902840e-01 6.200000e-04 3.090960e-01
416 6.901800e-01 6.080000e-04 3.092120e-01
417 6.900760e-01 6.080000e-04 3.093160e-01
418 6.899360e-01 6.080000e-04 3.094560e-01
419 6.898640e-01 5.840000e-04 3.095520e-01
420 6.897480e-01 5.800000e-04 3.096720e-01
421 6.896520e-01 5.520000e-04 3.097960e-01
422 6.895760e-01 5.160000e-04 3.099080e-01
423 6.895160e-01 4.600000e-04 3.100240e-01
424 6.894080e-01 4.760000e-04 3.101160e-01
425 6.892320e-01 5.840000e-04 3.101840e-01
426 6.890960e-01 6.320000e-04 3.102720e-01
427 6.889840e-01 6.720000e-04 3.103440e-01
428 6.888760e-01 6.800000e-04 3.104440e-01
429 6.887880e-01 6.560000e-04 3.105560e-01
430 6.886480e-01 6.840000e-04 3.106680e-01
431 6.885480e-01 6.680000e-04 3.107840e-01
432 6.884440e-01 6.560000e-04 3.109000e-01
433 6.883440e-01 6.560000e-04 3.110000e-01
434 6.881960e-01 6.880000e-04 3.111160e-01
435 6.880720e-01 7.160000e-04 3.112120e-01
436 6.879800e-01 6.760000e-04 3.113440e-01
437 6.878800e-01 6.640000e-04 3.114560e-01
438 6.877480e-01 6.480000e-04 3.116040e-01
439 6.876520e-01 6.400000e-04 3.117080e-01
440 6.875480e-01 6.080000e-04 3.118440e-01
441 6.874600e-01 5.760000e-04 3.119640e-01
442 6.873960e-01 5.400000e-04 3.120640e-01
443 6.872800e-01 5.800000e-04 3.121400e-01
444 6.871920e-01 5.560000e-04 3.122520e-01
445 6.871120e-01 5.360000e-04 3.123520e-01
446 6.870160e-01 5.560000e-04 3.124280e-01
447 6.869080e-01 5.720000e-04 3.125200e-01
448 6.867880e-01 6.120000e-04 3.126000e-01
449 6.866680e-01 6.000000e-04 3.127320e-01
450 6.865400e-01 5.640000e-04 3.128960e-01
451 6.864720e-01 4.960000e-04 3.130320e-01
452 6.864200e-01 4.280000e-04 3.131520e-01
453 6.863520e-01 4.120000e-04 3.132360e-01
454 6.863160e-01 3.840000e-04 3.133000e-01
455 6.861960e-01 4.360000e-04 3.133680e-01
456 6.861400e-01 4.160000e-04 3.134440e-01
457 6.860600e-01 4.280000e-04 3.135120e-01
458 6.859960e-01 4.080000e-04 3.135960e-01
459 6.858840e-01 4.560000e-04 3.136600e-01
460 6.858080e-01 4.440000e-04 3.137480e-01
461 6.857240e-01 4.640000e-04 3.138120e-01
462 6.856400e-01 4.800000e-04 3.138800e-01
463 6.855280e-01 5.120000e-04 3.139600e-01
464 6.854320e-01 5.240000e-04 3.140440e-01
465 6.853560e-01 5.240000e-04 3.141200e-01
466 6.852160e-01 5.960000e-04 3.141880e-01
467 6.851080e-01 5.800000e-04 3.143120e-01
468 6.849720e-01 6.240000e-04 3.144040e-01
469 6.848680e-01 6.440000e-04 3.144880e-01
470 6.847440e-01 6.320000e-04 3.146240e-01
471 6.846480e-01 6.200000e-04 3.147320e-01
472 6.845360e-01 6.200000e-04 3.148440e-01
473 6.843880e-01 6.320000e-04 3.149800e-01
474 6.842560e-01 6.600000e-04 3.150840e-01
475 6.841360e-01 6.800000e-04 3.151840e-01
476 6.840000e-01 6.880000e-04 3.153120e-01
477 6.838320e-01 7.200000e-04 3.154480e-01
478 6.836840e-01 7.200000e-04 3.155960e-01
479 6.835520e-01 7.200000e-04 3.157280e-01
480 6.834040e-01 7.440000e-04 3.158520e-01
481 6.832520e-01 7.520000e-04 3.159960e-01
482 6.830640e-01 8.040000e-04 3.161320e-01
483 6.829000e-01 8.320000e-04 3.162680e-01
484 6.827600e-01 8.120000e-04 3.164280e-01
485 6.826280e-01 7.880000e-04 3.165840e-01
486 6.825080e-01 7.880000e-04 3.167040e-01
487 6.823680e-01 8.040000e-04 3.168280e-01
488 6.822440e-01 7.840000e-04 3.169720e-01
489 6.820560e-01 7.920000e-04 3.171520e-01
490 6.819200e-01 8.040000e-04 3.172760e-01
491 6.817640e-01 7.920000e-04 3.174440e-01
492 6.816080e-01 8.000000e-04 3.175920e-01
493 6.814480e-01 8.440000e-04 3.177080e-01
494 6.813120e-01 8.440000e-04 3.178440e-01
495 6.811440e-01 8.520000e-04 3.180040e-01
496 6.809960e-01 8.480000e-04 3.181560e-01
497 6.808560e-01 8.040000e-04 3.183400e-01
498 6.807000e-01 8.400000e-04 3.184600e-01
499 6.805440e-01 8.400000e-04 3.186160e-01
500 6.803880e-01 8.560000e-04 3.187560e-01
