1 9.992440e-01 6.640000e-04 9.200000e-05
2 9.987280e-01 1.032000e-03 2.400000e-04
3 9.980160e-01 1.524000e-03 4.600000e-04
4 9.971600e-01 2.056000e-03 7.840000e-04
5 9.963320e-01 2.488000e-03 1.180000e-03
6 9.954480e-01 2.916000e-03 1.636000e-03
7 9.944120e-01 3.360000e-03 2.228000e-03
8 9.934320e-01 3.680000e-03 2.888000e-03
9 9.924640e-01 3.936000e-03 3.600000e-03
10 9.914640e-01 4.184000e-03 4.352000e-03
11 9.904280e-01 4.456000e-03 5.116000e-03
12 9.893440e-01 4.716000e-03 5.940000e-03
13 9.880600e-01 5.092000e-03 6.848000e-03
14 9.868600e-01 5.400000e-03 7.740000e-03
15 9.857040e-01 5.580000e-03 8.716000e-03
16 9.844560e-01 5.868000e-03 9.676000e-03
17 9.832640e-01 6.112000e-03 1.062400e-02
18 9.819080e-01 6.384000e-03 1.170800e-02
19 9.806080e-01 6.480000e-03 1.291200e-02
20 9.791480e-01 6.764000e-03 1.408800e-02
21 9.777240e-01 7.056000e-03 1.522000e-02
22 9.761680e-01 7.364000e-03 1.646800e-02
23 9.747280e-01 7.460000e-03 1.781200e-02
24 9.732480e-01 7.584000e-03 1.916800e-02
25 9.717920e-01 7.708000e-03 2.050000e-02
26 9.703400e-01 7.820000e-03 2.184000e-02
27 9.689480e-01 7.908000e-03 2.314400e-02
28 9.673720e-01 7.980000e-03 2.464800e-02
29 9.658240e-01 8.276000e-03 2.590000e-02
30 9.642800e-01 8.432000e-03 2.728800e-02
31 9.627280e-01 8.364000e-03 2.890800e-02
32 9.612640e-01 8.328000e-03 3.040800e-02
33 9.596560e-01 8.508000e-03 3.183600e-02
34 9.580720e-01 8.652000e-03 3.327600e-02
35 9.564320e-01 8.736000e-03 3.483200e-02
36 9.548440e-01 8.816000e-03 3.634000e-02
37 9.532320e-01 8.988000e-03 3.778000e-02
38 9.515480e-01 9.116000e-03 3.933600e-02
39 9.499720e-01 9.148000e-03 4.088000e-02
40 9.483680e-01 9.076000e-03 4.255600e-02
41 9.468280e-01 8.992000e-03 4.418000e-02
42 9.451520e-01 9.108000e-03 4.574000e-02
43 9.437840e-01 8.968000e-03 4.724800e-02
44 9.421120e-01 9.044000e-03 4.884400e-02
45 9.404560e-01 9.168000e-03 5.037600e-02
46 9.388000e-01 9.284000e-03 5.191600e-02
47 9.370480e-01 9.424000e-03 5.352800e-02
48 9.353760e-01 9.368000e-03 5.525600e-02
49 9.336600e-01 9.516000e-03 5.682400e-02
50 9.321000e-01 9.456000e-03 5.844400e-02
51 9.305360e-01 9.332000e-03 6.013200e-02
52 9.291640e-01 9.056000e-03 6.178000e-02
53 9.273800e-01 9.192000e-03 6.342800e-02
54 9.255200e-01 9.380000e-03 6.510000e-02
55 9.238280e-01 9.652000e-03 6.652000e-02
56 9.220520e-01 9.648000e-03 6.830000e-02
57 9.204320e-01 9.660000e-03 6.990800e-02
58 9.186920e-01 9.716000e-03 7.159200e-02
59 9.168880e-01 9.848000e-03 7.326400e-02
60 9.150600e-01 9.932000e-03 7.500800e-02
61 9.131480e-01 1.014800e-02 7.670400e-02
62 9.113440e-01 1.003600e-02 7.862000e-02
63 9.096320e-01 9.960000e-03 8.040800e-02
64 9.078360e-01 1.002800e-02 8.213600e-02
65 9.060040e-01 1.014000e-02 8.385600e-02
66 9.042360e-01 9.988000e-03 8.577600e-02
67 9.022640e-01 1.018000e-02 8.755600e-02
68 9.003880e-01 1.023600e-02 8.937600e-02
69 8.984920e-01 1.036800e-02 9.114000e-02
70 8.965960e-01 1.038400e-02 9.302000e-02
71 8.947800e-01 1.033600e-02 9.488400e-02
72 8.927120e-01 1.058000e-02 9.670800e-02
73 8.906840e-01 1.082800e-02 9.848800e-02
74 8.886760e-01 1.085200e-02 1.004720e-01
75 8.868960e-01 1.088400e-02 1.022200e-01
76 8.848720e-01 1.112000e-02 1.040080e-01
77 8.829800e-01 1.110800e-02 1.059120e-01
78 8.808240e-01 1.132000e-02 1.078560e-01
79 8.789360e-01 1.115600e-02 1.099080e-01
80 8.772680e-01 1.082400e-02 1.119080e-01
81 8.753840e-01 1.105600e-02 1.135600e-01
82 8.734520e-01 1.104000e-02 1.155080e-01
83 8.715520e-01 1.096400e-02 1.174840e-01
84 8.697080e-01 1.100800e-02 1.192840e-01
85 8.678280e-01 1.101600e-02 1.211560e-01
86 8.659760e-01 1.090400e-02 1.231200e-01
87 8.641800e-01 1.080000e-02 1.250200e-01
88 8.623640e-01 1.065600e-02 1.269800e-01
89 8.604400e-01 1.077200e-02 1.287880e-01
90 8.585640e-01 1.088400e-02 1.305520e-01
91 8.564320e-01 1.116000e-02 1.324080e-01
92 8.543840e-01 1.122800e-02 1.343880e-01
93 8.524120e-01 1.128400e-02 1.363040e-01
94 8.502920e-01 1.138400e-02 1.383240e-01
95 8.482040e-01 1.134800e-02 1.404480e-01
96 8.461040e-01 1.140400e-02 1.424920e-01
97 8.441920e-01 1.131200e-02 1.444960e-01
98 8.422200e-01 1.122400e-02 1.465560e-01
99 8.404320e-01 1.105200e-02 1.485160e-01
100 8.386520e-01 1.084000e-02 1.505080e-01
101 8.368760e-01 1.070800e-02 1.524160e-01
102 8.351680e-01 1.046400e-02 1.543680e-01
103 8.333840e-01 1.030000e-02 1.563160e-01
104 8.315000e-01 1.045600e-02 1.580440e-01
105 8.297560e-01 1.036800e-02 1.598760e-01
106 8.280440e-01 1.034800e-02 1.616080e-01
107 8.262600e-01 1.018400e-02 1.635560e-01
108 8.247360e-01 9.856000e-03 1.654080e-01
109 8.231400e-01 9.732000e-03 1.671280e-01
110 8.217360e-01 9.552000e-03 1.687120e-01
111 8.200480e-01 9.444000e-03 1.705080e-01
112 8.183760e-01 9.548000e-03 1.720760e-01
113 8.167360e-01 9.528000e-03 1.737360e-01
114 8.149200e-01 9.716000e-03 1.753640e-01
115 8.131680e-01 9.824000e-03 1.770080e-01
116 8.113120e-01 9.912000e-03 1.787760e-01
117 8.096680e-01 9.784000e-03 1.805480e-01
118 8.079440e-01 9.864000e-03 1.821920e-01
119 8.062320e-01 9.908000e-03 1.838600e-01
120 8.044960e-01 9.896000e-03 1.856080e-01
121 8.026520e-01 1.000000e-02 1.873480e-01
122 8.008960e-01 9.948000e-03 1.891560e-01
123 7.991800e-01 9.836000e-03 1.909840e-01
124 7.976040e-01 9.716000e-03 1.926800e-01
125 7.958840e-01 9.756000e-03 1.943600e-01
126 7.943320e-01 9.764000e-03 1.959040e-01
127 7.926840e-01 9.736000e-03 1.975800e-01
128 7.911000e-01 9.632000e-03 1.992680e-01
129 7.896320e-01 9.504000e-03 2.008640e-01
130 7.880760e-01 9.560000e-03 2.023640e-01
131 7.863800e-01 9.644000e-03 2.039760e-01
132 7.847800e-01 9.668000e-03 2.055520e-01
133 7.831000e-01 9.524000e-03 2.073760e-01
134 7.816320e-01 9.228000e-03 2.091400e-01
135 7.800760e-01 9.240000e-03 2.106840e-01
136 7.785240e-01 9.220000e-03 2.122560e-01
137 7.769840e-01 9.180000e-03 2.138360e-01
138 7.753320e-01 9.220000e-03 2.154480e-01
139 7.738280e-01 9.140000e-03 2.170320e-01
140 7.723160e-01 8.864000e-03 2.188200e-01
141 7.707760e-01 8.828000e-03 2.203960e-01
142 7.695360e-01 8.536000e-03 2.219280e-01
143 7.681080e-01 8.512000e-03 2.233800e-01
144 7.666640e-01 8.344000e-03 2.249920e-01
145 7.653320e-01 8.256000e-03 2.264120e-01
146 7.638800e-01 8.296000e-03 2.278240e-01
147 7.625120e-01 8.332000e-03 2.291560e-01
148 7.611080e-01 8.292000e-03 2.306000e-01
149 7.596720e-01 8.268000e-03 2.320600e-01
150 7.583960e-01 8.088000e-03 2.335160e-01
151 7.571240e-01 7.872000e-03 2.350040e-01
152 7.559040e-01 7.536000e-03 2.365600e-01
153 7.546760e-01 7.464000e-03 2.378600e-01
154 7.534280e-01 7.380000e-03 2.391920e-01
155 7.521400e-01 7.380000e-03 2.404800e-01
156 7.508560e-01 7.428000e-03 2.417160e-01
157 7.495840e-01 7.572000e-03 2.428440e-01
158 7.483280e-01 7.524000e-03 2.441480e-01
159 7.472360e-01 7.200000e-03 2.455640e-01
160 7.459720e-01 7.208000e-03 2.468200e-01
161 7.448720e-01 7.108000e-03 2.480200e-01
162 7.435640e-01 7.116000e-03 2.493200e-01
163 7.423640e-01 7.052000e-03 2.505840e-01
164 7.411160e-01 7.008000e-03 2.518760e-01
165 7.398560e-01 7.092000e-03 2.530520e-01
166 7.385720e-01 7.144000e-03 2.542840e-01
167 7.373800e-01 6.984000e-03 2.556360e-01
168 7.361600e-01 7.024000e-03 2.568160e-01
169 7.349400e-01 6.868000e-03 2.581920e-01
170 7.338760e-01 6.736000e-03 2.593880e-01
171 7.327560e-01 6.608000e-03 2.606360e-01
172 7.317680e-01 6.416000e-03 2.618160e-01
173 7.307120e-01 6.336000e-03 2.629520e-01
174 7.298080e-01 6.116000e-03 2.640760e-01
175 7.288000e-01 6.124000e-03 2.650760e-01
176 7.277560e-01 6.112000e-03 2.661320e-01
177 7.267760e-01 6.084000e-03 2.671400e-01
178 7.257840e-01 5.972000e-03 2.682440e-01
179 7.247040e-01 6.020000e-03 2.692760e-01
180 7.236560e-01 6.012000e-03 2.703320e-01
181 7.225400e-01 5.948000e-03 2.715120e-01
182 7.214320e-01 6.020000e-03 2.725480e-01
183 7.203840e-01 5.948000e-03 2.736680e-01
184 7.192680e-01 6.008000e-03 2.747240e-01
185 7.181720e-01 6.124000e-03 2.757040e-01
186 7.171280e-01 6.056000e-03 2.768160e-01
187 7.160880e-01 5.920000e-03 2.779920e-01
188 7.149400e-01 6.088000e-03 2.789720e-01
189 7.137520e-01 6.164000e-03 2.800840e-01
190 7.126880e-01 6.200000e-03 2.811120e-01
191 7.115920e-01 6.204000e-03 2.822040e-01
192 7.104120e-01 6.324000e-03 2.832640e-01
193 7.094000e-01 6.188000e-03 2.844120e-01
194 7.083160e-01 6.164000e-03 2.855200e-01
195 7.072520e-01 6.192000e-03 2.865560e-01
196 7.062440e-01 5.996000e-03 2.877600e-01
197 7.051320e-01 6.076000e-03 2.887920e-01
198 7.040600e-01 6.088000e-03 2.898520e-01
199 7.031040e-01 6.048000e-03 2.908480e-01
200 7.021360e-01 5.952000e-03 2.919120e-01
201 7.011280e-01 5.992000e-03 2.928800e-01
202 7.001720e-01 5.824000e-03 2.940040e-01
203 6.991880e-01 5.708000e-03 2.951040e-01
204 6.983040e-01 5.668000e-03 2.960280e-01
205 6.973240e-01 5.652000e-03 2.970240e-01
206 6.964600e-01 5.580000e-03 2.979600e-01
207 6.955680e-01 5.472000e-03 2.989600e-01
208 6.946840e-01 5.412000e-03 2.999040e-01
209 6.937440e-01 5.448000e-03 3.008080e-01
210 6.928640e-01 5.308000e-03 3.018280e-01
211 6.919920e-01 5.220000e-03 3.027880e-01
212 6.911840e-01 5.176000e-03 3.036400e-01
213 6.903600e-01 5.108000e-03 3.045320e-01
214 6.895000e-01 5.048000e-03 3.054520e-01
215 6.885520e-01 5.148000e-03 3.063000e-01
216 6.876520e-01 5.152000e-03 3.071960e-01
217 6.868400e-01 5.052000e-03 3.081080e-01
218 6.858680e-01 5.188000e-03 3.089440e-01
219 6.849360e-01 5.188000e-03 3.098760e-01
220 6.841120e-01 5.120000e-03 3.107680e-01
221 6.831920e-01 5.116000e-03 3.116920e-01
222 6.823200e-01 5.156000e-03 3.125240e-01
223 6.813720e-01 5.172000e-03 3.134560e-01
224 6.805600e-01 5.132000e-03 3.143080e-01
225 6.796640e-01 5.232000e-03 3.151040e-01
226 6.787440e-01 5.156000e-03 3.161000e-01
227 6.778400e-01 5.112000e-03 3.170480e-01
228 6.768960e-01 5.112000e-03 3.179920e-01
229 6.760600e-01 4.984000e-03 3.189560e-01
230 6.753000e-01 4.880000e-03 3.198200e-01
231 6.745920e-01 4.728000e-03 3.206800e-01
232 6.738120e-01 4.724000e-03 3.214640e-01
233 6.730280e-01 4.728000e-03 3.222440e-01
234 6.722560e-01 4.756000e-03 3.229880e-01
235 6.714600e-01 4.716000e-03 3.238240e-01
236 6.706760e-01 4.680000e-03 3.246440e-01
237 6.699200e-01 4.564000e-03 3.255160e-01
238 6.691800e-01 4.460000e-03 3.263600e-01
239 6.683480e-01 4.592000e-03 3.270600e-01
240 6.675560e-01 4.616000e-03 3.278280e-01
241 6.667440e-01 4.632000e-03 3.286240e-01
242 6.660400e-01 4.444000e-03 3.295160e-01
243 6.653720e-01 4.288000e-03 3.303400e-01
244 6.646000e-01 4.284000e-03 3.311160e-01
245 6.639120e-01 4.280000e-03 3.318080e-01
246 6.632040e-01 4.288000e-03 3.325080e-01
247 6.625720e-01 4.172000e-03 3.332560e-01
248 6.618520e-01 4.120000e-03 3.340280e-01
249 6.612040e-01 4.084000e-03 3.347120e-01
250 6.605080e-01 4.140000e-03 3.353520e-01
251 6.598840e-01 4.048000e-03 3.360680e-01
252 6.593040e-01 3.972000e-03 3.367240e-01
253 6.585600e-01 3.960000e-03 3.374800e-01
254 6.578720e-01 3.956000e-03 3.381720e-01
255 6.571280e-01 4.052000e-03 3.388200e-01
256 6.564600e-01 3.972000e-03 3.395680e-01
257 6.556960e-01 4.076000e-03 3.402280e-01
258 6.548880e-01 4.148000e-03 3.409640e-01
259 6.541720e-01 4.152000e-03 3.416760e-01
260 6.534320e-01 4.228000e-03 3.423400e-01
261 6.526440e-01 4.336000e-03 3.430200e-01
262 6.520040e-01 4.224000e-03 3.437720e-01
263 6.511880e-01 4.404000e-03 3.444080e-01
264 6.504400e-01 4.360000e-03 3.452000e-01
265 6.497480e-01 4.348000e-03 3.459040e-01
266 6.490840e-01 4.280000e-03 3.466360e-01
267 6.483560e-01 4.172000e-03 3.474720e-01
268 6.476520e-01 4.156000e-03 3.481920e-01
269 6.469640e-01 4.032000e-03 3.490040e-01
270 6.462280e-01 4.064000e-03 3.497080e-01
271 6.454600e-01 4.108000e-03 3.504320e-01
272 6.447640e-01 4.060000e-03 3.511760e-01
273 6.439320e-01 4.160000e-03 3.519080e-01
274 6.431240e-01 4.364000e-03 3.525120e-01
275 6.422720e-01 4.476000e-03 3.532520e-01
276 6.414120e-01 4.536000e-03 3.540520e-01
277 6.405720e-01 4.648000e-03 3.547800e-01
278 6.397560e-01 4.604000e-03 3.556400e-01
279 6.390000e-01 4.568000e-03 3.564320e-01
280 6.382800e-01 4.616000e-03 3.571040e-01
281 6.375320e-01 4.524000e-03 3.579440e-01
282 6.368360e-01 4.300000e-03 3.588640e-01
283 6.361480e-01 4.232000e-03 3.596200e-01
284 6.354640e-01 4.128000e-03 3.604080e-01
285 6.348920e-01 3.928000e-03 3.611800e-01
286 6.343120e-01 3.856000e-03 3.618320e-01
287 6.337440e-01 3.780000e-03 3.624760e-01
288 6.332000e-01 3.676000e-03 3.631240e-01
289 6.326440e-01 3.632000e-03 3.637240e-01
290 6.320680e-01 3.492000e-03 3.644400e-01
291 6.315000e-01 3.540000e-03 3.649600e-01
292 6.308960e-01 3.596000e-03 3.655080e-01
293 6.302280e-01 3.648000e-03 3.661240e-01
294 6.296720e-01 3.572000e-03 3.667560e-01
295 6.290920e-01 3.488000e-03 3.674200e-01
296 6.284440e-01 3.536000e-03 3.680200e-01
297 6.278320e-01 3.492000e-03 3.686760e-01
298 6.271520e-01 3.588000e-03 3.692600e-01
299 6.265000e-01 3.640000e-03 3.698600e-01
300 6.258560e-01 3.692000e-03 3.704520e-01
301 6.252200e-01 3.736000e-03 3.710440e-01
302 6.246240e-01 3.672000e-03 3.717040e-01
303 6.240320e-01 3.640000e-03 3.723280e-01
304 6.235080e-01 3.544000e-03 3.729480e-01
305 6.229160e-01 3.504000e-03 3.735800e-01
306 6.223760e-01 3.316000e-03 3.743080e-01
307 6.217280e-01 3.364000e-03 3.749080e-01
308 6.212280e-01 3.184000e-03 3.755880e-01
309 6.208000e-01 3.076000e-03 3.761240e-01
310 6.203480e-01 3.052000e-03 3.766000e-01
311 6.198640e-01 2.972000e-03 3.771640e-01
312 6.193400e-01 3.020000e-03 3.776400e-01
313 6.188560e-01 2.972000e-03 3.781720e-01
314 6.184280e-01 2.844000e-03 3.787280e-01
315 6.178640e-01 2.884000e-03 3.792520e-01
316 6.173600e-01 2.864000e-03 3.797760e-01
317 6.168560e-01 2.860000e-03 3.802840e-01
318 6.163920e-01 2.856000e-03 3.807520e-01
319 6.159120e-01 2.784000e-03 3.813040e-01
320 6.155040e-01 2.656000e-03 3.818400e-01
321 6.151320e-01 2.604000e-03 3.822640e-01
322 6.146680e-01 2.628000e-03 3.827040e-01
323 6.142360e-01 2.596000e-03 3.831680e-01
324 6.138760e-01 2.532000e-03 3.835920e-01
325 6.134960e-01 2.468000e-03 3.840360e-01
326 6.131160e-01 2.452000e-03 3.844320e-01
327 6.127920e-01 2.380000e-03 3.848280e-01
328 6.124320e-01 2.344000e-03 3.852240e-01
329 6.121160e-01 2.360000e-03 3.855240e-01
330 6.117080e-01 2.372000e-03 3.859200e-01
331 6.112720e-01 2.412000e-03 3.863160e-01
332 6.108760e-01 2.396000e-03 3.867280e-01
333 6.105480e-01 2.368000e-03 3.870840e-01
334 6.102320e-01 2.320000e-03 3.874480e-01
335 6.098640e-01 2.284000e-03 3.878520e-01
336 6.095720e-01 2.216000e-03 3.882120e-01
337 6.092120e-01 2.172000e-03 3.886160e-01
338 6.088240e-01 2.192000e-03 3.889840e-01
339 6.085240e-01 2.132000e-03 3.893440e-01
340 6.081320e-01 2.216000e-03 3.896520e-01
341 6.077960e-01 2.176000e-03 3.900280e-01
342 6.074360e-01 2.176000e-03 3.903880e-01
343 6.071240e-01 2.048000e-03 3.908280e-01
344 6.067880e-01 2.056000e-03 3.911560e-01
345 6.064760e-01 1.992000e-03 3.915320e-01
346 6.061320e-01 2.036000e-03 3.918320e-01
347 6.057720e-01 2.016000e-03 3.922120e-01
348 6.054960e-01 1.936000e-03 3.925680e-01
349 6.051120e-01 1.996000e-03 3.928920e-01
350 6.047400e-01 2.084000e-03 3.931760e-01
351 6.044240e-01 1.996000e-03 3.935800e-01
352 6.041520e-01 1.936000e-03 3.939120e-01
353 6.038280e-01 1.980000e-03 3.941920e-01
354 6.034520e-01 1.992000e-03 3.945560e-01
355 6.031200e-01 1.984000e-03 3.948960e-01
356 6.028560e-01 1.916000e-03 3.952280e-01
357 6.025720e-01 1.884000e-03 3.955440e-01
358 6.022040e-01 1.872000e-03 3.959240e-01
359 6.019200e-01 1.824000e-03 3.962560e-01
360 6.015920e-01 1.864000e-03 3.965440e-01
361 6.013080e-01 1.848000e-03 3.968440e-01
362 6.009520e-01 1.912000e-03 3.971360e-01
363 6.006640e-01 1.864000e-03 3.974720e-01
364 6.003920e-01 1.800000e-03 3.978080e-01
365 6.001320e-01 1.784000e-03 3.980840e-01
366 5.998680e-01 1.740000e-03 3.983920e-01
367 5.996000e-01 1.684000e-03 3.987160e-01
368 5.993480e-01 1.672000e-03 3.989800e-01
369 5.990160e-01 1.700000e-03 3.992840e-01
370 5.986920e-01 1.728000e-03 3.995800e-01
371 5.983960e-01 1.768000e-03 3.998360e-01
372 5.980080e-01 1.856000e-03 4.001360e-01
373 5.976160e-01 1.868000e-03 4.005160e-01
374 5.972040e-01 2.004000e-03 4.007920e-01
375 5.968320e-01 1.996000e-03 4.011720e-01
376 5.963880e-01 2.108000e-03 4.015040e-01
377 5.960800e-01 2.080000e-03 4.018400e-01
378 5.956640e-01 2.144000e-03 4.021920e-01
379 5.953120e-01 2.056000e-03 4.026320e-01
380 5.949440e-01 2.080000e-03 4.029760e-01
381 5.945560e-01 2.148000e-03 4.032960e-01
382 5.942280e-01 2.096000e-03 4.036760e-01
383 5.939040e-01 2.072000e-03 4.040240e-01
384 5.935960e-01 2.040000e-03 4.043640e-01
385 5.931680e-01 2.096000e-03 4.047360e-01
386 5.928960e-01 1.968000e-03 4.051360e-01
387 5.926120e-01 1.908000e-03 4.054800e-01
388 5.923040e-01 1.868000e-03 4.058280e-01
389 5.921000e-01 1.704000e-03 4.061960e-01
390 5.918840e-01 1.632000e-03 4.064840e-01
391 5.915600e-01 1.696000e-03 4.067440e-01
392 5.913160e-01 1.684000e-03 4.070000e-01
393 5.911040e-01 1.608000e-03 4.072880e-01
394 5.908960e-01 1.596000e-03 4.075080e-01
395 5.906680e-01 1.520000e-03 4.078120e-01
396 5.903920e-01 1.552000e-03 4.080560e-01
397 5.901960e-01 1.492000e-03 4.083120e-01
398 5.899640e-01 1.412000e-03 4.086240e-01
399 5.897440e-01 1.380000e-03 4.088760e-01
400 5.894680e-01 1.388000e-03 4.091440e-01
401 5.893040e-01 1.296000e-03 4.094000e-01
402 5.890400e-01 1.316000e-03 4.096440e-01
403 5.887800e-01 1.360000e-03 4.098600e-01
404 5.885400e-01 1.348000e-03 4.101120e-01
405 5.883080e-01 1.332000e-03 4.103600e-01
406 5.880600e-01 1.308000e-03 4.106320e-01
407 5.878480e-01 1.288000e-03 4.108640e-01
408 5.876960e-01 1.220000e-03 4.110840e-01
409 5.874920e-01 1.272000e-03 4.112360e-01
410 5.873080e-01 1.256000e-03 4.114360e-01
411 5.870600e-01 1.296000e-03 4.116440e-01
412 5.868520e-01 1.244000e-03 4.119040e-01
413 5.867080e-01 1.168000e-03 4.121240e-01
414 5.865480e-01 1.124000e-03 4.123280e-01
415 5.863840e-01 1.080000e-03 4.125360e-01
416 5.861240e-01 1.160000e-03 4.127160e-01
417 5.858880e-01 1.180000e-03 4.129320e-01
418 5.856560e-01 1.184000e-03 4.131600e-01
419 5.854400e-01 1.168000e-03 4.133920e-01
420 5.852600e-01 1.188000e-03 4.135520e-01
421 5.850680e-01 1.192000e-03 4.137400e-01
422 5.848600e-01 1.220000e-03 4.139200e-01
423 5.846440e-01 1.260000e-03 4.140960e-01
424 5.844840e-01 1.184000e-03 4.143320e-01
425 5.842520e-01 1.232000e-03 4.145160e-01
426 5.840440e-01 1.232000e-03 4.147240e-01
427 5.838440e-01 1.224000e-03 4.149320e-01
428 5.836720e-01 1.164000e-03 4.151640e-01
429 5.834640e-01 1.160000e-03 4.153760e-01
430 5.833120e-01 1.136000e-03 4.155520e-01
431 5.831600e-01 1.060000e-03 4.157800e-01
432 5.829960e-01 1.052000e-03 4.159520e-01
433 5.827880e-01 1.088000e-03 4.161240e-01
434 5.825680e-01 1.080000e-03 4.163520e-01
435 5.824160e-01 1.044000e-03 4.165400e-01
436 5.821640e-01 1.120000e-03 4.167160e-01
437 5.819480e-01 1.136000e-03 4.169160e-01
438 5.817200e-01 1.140000e-03 4.171400e-01
439 5.815360e-01 1.128000e-03 4.173360e-01
440 5.813760e-01 1.096000e-03 4.175280e-01
441 5.812120e-01 1.064000e-03 4.177240e-01
442 5.810920e-01 9.560000e-04 4.179520e-01
443 5.809360e-01 9.480000e-04 4.181160e-01
444 5.807920e-01 9.360000e-04 4.182720e-01
445 5.806320e-01 9.080000e-04 4.184600e-01
446 5.805320e-01 8.480000e-04 4.186200e-01
447 5.804040e-01 8.360000e-04 4.187600e-01
448 5.802920e-01 8.160000e-04 4.188920e-01
449 5.802000e-01 7.240000e-04 4.190760e-01
450 5.800760e-01 6.960000e-04 4.192280e-01
451 5.799720e-01 6.680000e-04 4.193600e-01
452 5.798960e-01 6.320000e-04 4.194720e-01
453 5.797920e-01 6.160000e-04 4.195920e-01
454 5.796720e-01 6.120000e-04 4.197160e-01
455 5.795640e-01 6.200000e-04 4.198160e-01
456 5.794720e-01 5.600000e-04 4.199680e-01
457 5.793920e-01 5.440000e-04 4.200640e-01
458 5.793000e-01 5.640000e-04 4.201360e-01
459 5.791960e-01 5.640000e-04 4.202400e-01
460 5.790520e-01 6.160000e-04 4.203320e-01
461 5.789480e-01 6.360000e-04 4.204160e-01
462 5.788240e-01 6.200000e-04 4.205560e-01
463 5.787080e-01 6.240000e-04 4.206680e-01
464 5.786480e-01 5.800000e-04 4.207720e-01
465 5.785520e-01 5.520000e-04 4.208960e-01
466 5.784800e-01 5.520000e-04 4.209680e-01
467 5.784280e-01 5.040000e-04 4.210680e-01
468 5.783080e-01 5.360000e-04 4.211560e-01
469 5.781720e-01 5.920000e-04 4.212360e-01
470 5.780680e-01 6.080000e-04 4.213240e-01
471 5.779600e-01 5.800000e-04 4.214600e-01
472 5.778640e-01 5.800000e-04 4.215560e-01
473 5.777480e-01 6.040000e-04 4.216480e-01
474 5.776080e-01 6.480000e-04 4.217440e-01
475 5.774880e-01 6.520000e-04 4.218600e-01
476 5.773640e-01 6.520000e-04 4.219840e-01
477 5.772480e-01 6.480000e-04 4.221040e-01
478 5.771360e-01 6.440000e-04 4.222200e-01
479 5.770760e-01 6.000000e-04 4.223240e-01
480 5.769840e-01 5.760000e-04 4.224400e-01
481 5.769200e-01 5.480000e-04 4.225320e-01
482 5.768160e-01 5.480000e-04 4.226360e-01
483 5.766920e-01 5.840000e-04 4.227240e-01
484 5.765880e-01 6.040000e-04 4.228080e-01
485 5.765000e-01 5.680000e-04 4.229320e-01
486 5.763840e-01 5.760000e-04 4.230400e-01
487 5.763200e-01 5.360000e-04 4.231440e-01
488 5.762160e-01 5.160000e-04 4.232680e-01
489 5.761600e-01 4.760000e-04 4.233640e-01
490 5.760800e-01 4.880000e-04 4.234320e-01
491 5.760360e-01 4.760000e-04 4.234880e-01
492 5.760000e-01 4.120000e-04 4.235880e-01
493 5.759400e-01 4.000000e-04 4.236600e-01
494 5.758840e-01 4.080000e-04 4.237080e-01
495 5.758120e-01 3.760000e-04 4.238120e-01
496 5.757440e-01 3.800000e-04 4.238760e-01
497 5.756480e-01 4.000000e-04 4.239520e-01
498 5.755840e-01 3.760000e-04 4.240400e-01
499 5.755240e-01 3.560000e-04 4.241200e-01
500 5.754640e-01 3.680000e-04 4.241680e-01
