1 9.991680e-01 7.720000e-04 6.000000e-05
2 9.987000e-01 1.056000e-03 2.440000e-04
3 9.980600e-01 1.492000e-03 4.480000e-04
4 9.972000e-01 2.028000e-03 7.720000e-04
5 9.963200e-01 2.456000e-03 1.224000e-03
6 9.955040e-01 2.828000e-03 1.668000e-03
7 9.945240e-01 3.256000e-03 2.220000e-03
8 9.935040e-01 3.772000e-03 2.724000e-03
9 9.924280e-01 4.128000e-03 3.444000e-03
10 9.913680e-01 4.548000e-03 4.084000e-03
11 9.901000e-01 4.968000e-03 4.932000e-03
12 9.888160e-01 5.344000e-03 5.840000e-03
13 9.875120e-01 5.716000e-03 6.772000e-03
14 9.862120e-01 5.976000e-03 7.812000e-03
15 9.849080e-01 6.328000e-03 8.764000e-03
16 9.835600e-01 6.624000e-03 9.816000e-03
17 9.821200e-01 6.812000e-03 1.106800e-02
18 9.806600e-01 7.104000e-03 1.223600e-02
19 9.791200e-01 7.284000e-03 1.359600e-02
20 9.775200e-01 7.572000e-03 1.490800e-02
21 9.758920e-01 7.820000e-03 1.628800e-02
22 9.740920e-01 8.120000e-03 1.778800e-02
23 9.724280e-01 8.296000e-03 1.927600e-02
24 9.708560e-01 8.448000e-03 2.069600e-02
25 9.689440e-01 8.788000e-03 2.226800e-02
26 9.670880e-01 9.088000e-03 2.382400e-02
27 9.652600e-01 9.344000e-03 2.539600e-02
28 9.632560e-01 9.704000e-03 2.704000e-02
29 9.613880e-01 9.692000e-03 2.892000e-02
30 9.596040e-01 9.712000e-03 3.068400e-02
31 9.577480e-01 9.948000e-03 3.230400e-02
32 9.557560e-01 1.016800e-02 3.407600e-02
33 9.538000e-01 1.038800e-02 3.581200e-02
34 9.520040e-01 1.037200e-02 3.762400e-02
35 9.501240e-01 1.046800e-02 3.940800e-02
36 9.482200e-01 1.054000e-02 4.124000e-02
37 9.464840e-01 1.046800e-02 4.304800e-02
38 9.446520e-01 1.054000e-02 4.480800e-02
39 9.427800e-01 1.062000e-02 4.660000e-02
40 9.408880e-01 1.063600e-02 4.847600e-02
41 9.390040e-01 1.065200e-02 5.034400e-02
42 9.372160e-01 1.062400e-02 5.216000e-02
43 9.354440e-01 1.058800e-02 5.396800e-02
44 9.335440e-01 1.070000e-02 5.575600e-02
45 9.318200e-01 1.063600e-02 5.754400e-02
46 9.302280e-01 1.050000e-02 5.927200e-02
47 9.283840e-01 1.065600e-02 6.096000e-02
48 9.264480e-01 1.071200e-02 6.284000e-02
49 9.246840e-01 1.059600e-02 6.472000e-02
50 9.228760e-01 1.055200e-02 6.657200e-02
51 9.211720e-01 1.029200e-02 6.853600e-02
52 9.193680e-01 1.029200e-02 7.034000e-02
53 9.174600e-01 1.043600e-02 7.210400e-02
54 9.155000e-01 1.049200e-02 7.400800e-02
55 9.135440e-01 1.053200e-02 7.592400e-02
56 9.116000e-01 1.066000e-02 7.774000e-02
57 9.098160e-01 1.053200e-02 7.965200e-02
58 9.079480e-01 1.062400e-02 8.142800e-02
59 9.059000e-01 1.083200e-02 8.326800e-02
60 9.040040e-01 1.079200e-02 8.520400e-02
61 9.020840e-01 1.068400e-02 8.723200e-02
62 9.002200e-01 1.070000e-02 8.908000e-02
63 8.983520e-01 1.072400e-02 9.092400e-02
64 8.964800e-01 1.065600e-02 9.286400e-02
65 8.946800e-01 1.063600e-02 9.468400e-02
66 8.928280e-01 1.067200e-02 9.650000e-02
67 8.909480e-01 1.069200e-02 9.836000e-02
68 8.891240e-01 1.072000e-02 1.001560e-01
69 8.872600e-01 1.060800e-02 1.021320e-01
70 8.855480e-01 1.030800e-02 1.041440e-01
71 8.838240e-01 1.018400e-02 1.059920e-01
72 8.823320e-01 9.960000e-03 1.077080e-01
73 8.808160e-01 9.828000e-03 1.093560e-01
74 8.793400e-01 9.572000e-03 1.110880e-01
75 8.776880e-01 9.688000e-03 1.126240e-01
76 8.761040e-01 9.508000e-03 1.143880e-01
77 8.743360e-01 9.648000e-03 1.160160e-01
78 8.727360e-01 9.656000e-03 1.176080e-01
79 8.710160e-01 9.664000e-03 1.193200e-01
80 8.692560e-01 9.728000e-03 1.210160e-01
81 8.675880e-01 9.620000e-03 1.227920e-01
82 8.659840e-01 9.604000e-03 1.244120e-01
83 8.642800e-01 9.560000e-03 1.261600e-01
84 8.626760e-01 9.484000e-03 1.278400e-01
85 8.610880e-01 9.448000e-03 1.294640e-01
86 8.595960e-01 9.076000e-03 1.313280e-01
87 8.579720e-01 9.072000e-03 1.329560e-01
88 8.564840e-01 9.044000e-03 1.344720e-01
89 8.549560e-01 9.012000e-03 1.360320e-01
90 8.534240e-01 8.968000e-03 1.376080e-01
91 8.518920e-01 9.096000e-03 1.390120e-01
92 8.503560e-01 9.100000e-03 1.405440e-01
93 8.489160e-01 8.916000e-03 1.421680e-01
94 8.474360e-01 8.776000e-03 1.437880e-01
95 8.459400e-01 8.660000e-03 1.454000e-01
96 8.443520e-01 8.760000e-03 1.468880e-01
97 8.427280e-01 8.832000e-03 1.484400e-01
98 8.412960e-01 8.800000e-03 1.499040e-01
99 8.397680e-01 8.840000e-03 1.513920e-01
100 8.381960e-01 8.728000e-03 1.530760e-01
101 8.367440e-01 8.424000e-03 1.548320e-01
102 8.352480e-01 8.476000e-03 1.562760e-01
103 8.339360e-01 8.304000e-03 1.577600e-01
104 8.324320e-01 8.284000e-03 1.592840e-01
105 8.309240e-01 8.380000e-03 1.606960e-01
106 8.292680e-01 8.708000e-03 1.620240e-01
107 8.276360e-01 8.776000e-03 1.635880e-01
108 8.259200e-01 8.944000e-03 1.651360e-01
109 8.243280e-01 9.040000e-03 1.666320e-01
110 8.227280e-01 9.020000e-03 1.682520e-01
111 8.211480e-01 9.024000e-03 1.698280e-01
112 8.195720e-01 9.136000e-03 1.712920e-01
113 8.180200e-01 9.164000e-03 1.728160e-01
114 8.163440e-01 9.264000e-03 1.743920e-01
115 8.146560e-01 9.284000e-03 1.760600e-01
116 8.130000e-01 9.272000e-03 1.777280e-01
117 8.113440e-01 9.348000e-03 1.793080e-01
118 8.098720e-01 9.092000e-03 1.810360e-01
119 8.084600e-01 8.796000e-03 1.827440e-01
120 8.069920e-01 8.756000e-03 1.842520e-01
121 8.055000e-01 8.708000e-03 1.857920e-01
122 8.041600e-01 8.424000e-03 1.874160e-01
123 8.028520e-01 8.400000e-03 1.887480e-01
124 8.013680e-01 8.524000e-03 1.901080e-01
125 8.001000e-01 8.312000e-03 1.915880e-01
126 7.987240e-01 8.180000e-03 1.930960e-01
127 7.973680e-01 8.192000e-03 1.944400e-01
128 7.959720e-01 8.172000e-03 1.958560e-01
129 7.945920e-01 8.168000e-03 1.972400e-01
130 7.933440e-01 8.008000e-03 1.986480e-01
131 7.918960e-01 8.136000e-03 1.999680e-01
132 7.906200e-01 8.108000e-03 2.012720e-01
133 7.892480e-01 8.168000e-03 2.025840e-01
134 7.877800e-01 8.144000e-03 2.040760e-01
135 7.863560e-01 8.168000e-03 2.054760e-01
136 7.848480e-01 8.384000e-03 2.067680e-01
137 7.835200e-01 8.192000e-03 2.082880e-01
138 7.821280e-01 8.176000e-03 2.096960e-01
139 7.808040e-01 8.080000e-03 2.111160e-01
140 7.794040e-01 8.108000e-03 2.124880e-01
141 7.782560e-01 7.844000e-03 2.139000e-01
142 7.769880e-01 7.708000e-03 2.153040e-01
143 7.757000e-01 7.600000e-03 2.167000e-01
144 7.743520e-01 7.632000e-03 2.180160e-01
145 7.729760e-01 7.624000e-03 2.194000e-01
146 7.716280e-01 7.520000e-03 2.208520e-01
147 7.703520e-01 7.516000e-03 2.221320e-01
148 7.690360e-01 7.668000e-03 2.232960e-01
149 7.677240e-01 7.648000e-03 2.246280e-01
150 7.665600e-01 7.364000e-03 2.260760e-01
151 7.653040e-01 7.236000e-03 2.274600e-01
152 7.639920e-01 7.288000e-03 2.287200e-01
153 7.629280e-01 7.132000e-03 2.299400e-01
154 7.616440e-01 7.204000e-03 2.311520e-01
155 7.604760e-01 7.024000e-03 2.325000e-01
156 7.593440e-01 6.820000e-03 2.338360e-01
157 7.581120e-01 6.856000e-03 2.350320e-01
158 7.570160e-01 6.676000e-03 2.363080e-01
159 7.558720e-01 6.696000e-03 2.374320e-01
160 7.546480e-01 6.832000e-03 2.385200e-01
161 7.534320e-01 6.860000e-03 2.397080e-01
162 7.523200e-01 6.764000e-03 2.409160e-01
163 7.512920e-01 6.720000e-03 2.419880e-01
164 7.502320e-01 6.640000e-03 2.431280e-01
165 7.492160e-01 6.396000e-03 2.443880e-01
166 7.482120e-01 6.312000e-03 2.454760e-01
167 7.473080e-01 6.184000e-03 2.465080e-01
168 7.462480e-01 6.164000e-03 2.475880e-01
169 7.453760e-01 6.064000e-03 2.485600e-01
170 7.442840e-01 6.072000e-03 2.496440e-01
171 7.434160e-01 5.816000e-03 2.507680e-01
172 7.424080e-01 5.892000e-03 2.517000e-01
173 7.413400e-01 5.992000e-03 2.526680e-01
174 7.403000e-01 5.984000e-03 2.537160e-01
175 7.392520e-01 5.888000e-03 2.548600e-01
176 7.381600e-01 5.956000e-03 2.558840e-01
177 7.371600e-01 5.992000e-03 2.568480e-01
178 7.360560e-01 6.100000e-03 2.578440e-01
179 7.349920e-01 6.132000e-03 2.588760e-01
180 7.339040e-01 6.104000e-03 2.599920e-01
181 7.327640e-01 6.244000e-03 2.609920e-01
182 7.317160e-01 6.288000e-03 2.619960e-01
183 7.305960e-01 6.276000e-03 2.631280e-01
184 7.294680e-01 6.284000e-03 2.642480e-01
185 7.281920e-01 6.448000e-03 2.653600e-01
186 7.271400e-01 6.364000e-03 2.664960e-01
187 7.262000e-01 6.200000e-03 2.676000e-01
188 7.251280e-01 6.208000e-03 2.686640e-01
189 7.241720e-01 6.060000e-03 2.697680e-01
190 7.231360e-01 5.976000e-03 2.708880e-01
191 7.220680e-01 6.024000e-03 2.719080e-01
192 7.210000e-01 6.080000e-03 2.729200e-01
193 7.197760e-01 6.112000e-03 2.741120e-01
194 7.186000e-01 6.272000e-03 2.751280e-01
195 7.175480e-01 6.240000e-03 2.762120e-01
196 7.163800e-01 6.312000e-03 2.773080e-01
197 7.155080e-01 6.096000e-03 2.783960e-01
198 7.145040e-01 6.020000e-03 2.794760e-01
199 7.135240e-01 5.944000e-03 2.805320e-01
200 7.125760e-01 5.792000e-03 2.816320e-01
201 7.116840e-01 5.596000e-03 2.827200e-01
202 7.108160e-01 5.440000e-03 2.837440e-01
203 7.098680e-01 5.396000e-03 2.847360e-01
204 7.088480e-01 5.372000e-03 2.857800e-01
205 7.078440e-01 5.488000e-03 2.866680e-01
206 7.068680e-01 5.608000e-03 2.875240e-01
207 7.058880e-01 5.608000e-03 2.885040e-01
208 7.049680e-01 5.508000e-03 2.895240e-01
209 7.041240e-01 5.456000e-03 2.904200e-01
210 7.032560e-01 5.328000e-03 2.914160e-01
211 7.024520e-01 5.228000e-03 2.923200e-01
212 7.017800e-01 4.912000e-03 2.933080e-01
213 7.010520e-01 4.792000e-03 2.941560e-01
214 7.002680e-01 4.864000e-03 2.948680e-01
215 6.994440e-01 4.832000e-03 2.957240e-01
216 6.987120e-01 4.660000e-03 2.966280e-01
217 6.980280e-01 4.612000e-03 2.973600e-01
218 6.972880e-01 4.512000e-03 2.982000e-01
219 6.965240e-01 4.476000e-03 2.990000e-01
220 6.957440e-01 4.552000e-03 2.997040e-01
221 6.949960e-01 4.508000e-03 3.004960e-01
222 6.941920e-01 4.484000e-03 3.013240e-01
223 6.933640e-01 4.628000e-03 3.020080e-01
224 6.925720e-01 4.620000e-03 3.028080e-01
225 6.916960e-01 4.684000e-03 3.036200e-01
226 6.908680e-01 4.708000e-03 3.044240e-01
227 6.899120e-01 4.964000e-03 3.051240e-01
228 6.889600e-01 5.080000e-03 3.059600e-01
229 6.879480e-01 5.228000e-03 3.068240e-01
230 6.869280e-01 5.368000e-03 3.077040e-01
231 6.860720e-01 5.084000e-03 3.088440e-01
232 6.852320e-01 5.040000e-03 3.097280e-01
233 6.843440e-01 4.952000e-03 3.107040e-01
234 6.834360e-01 4.940000e-03 3.116240e-01
235 6.825200e-01 5.036000e-03 3.124440e-01
236 6.815880e-01 5.060000e-03 3.133520e-01
237 6.808000e-01 4.920000e-03 3.142800e-01
238 6.800880e-01 4.760000e-03 3.151520e-01
239 6.792600e-01 4.784000e-03 3.159560e-01
240 6.784960e-01 4.752000e-03 3.167520e-01
241 6.777200e-01 4.696000e-03 3.175840e-01
242 6.771280e-01 4.456000e-03 3.184160e-01
243 6.764720e-01 4.336000e-03 3.191920e-01
244 6.757840e-01 4.276000e-03 3.199400e-01
245 6.751120e-01 4.240000e-03 3.206480e-01
246 6.744200e-01 4.136000e-03 3.214440e-01
247 6.737880e-01 4.092000e-03 3.221200e-01
248 6.732160e-01 3.924000e-03 3.228600e-01
249 6.726440e-01 3.896000e-03 3.234600e-01
250 6.720520e-01 3.780000e-03 3.241680e-01
251 6.714160e-01 3.816000e-03 3.247680e-01
252 6.707920e-01 3.868000e-03 3.253400e-01
253 6.701520e-01 3.836000e-03 3.260120e-01
254 6.696080e-01 3.732000e-03 3.266600e-01
255 6.690320e-01 3.628000e-03 3.273400e-01
256 6.684560e-01 3.600000e-03 3.279440e-01
257 6.678960e-01 3.520000e-03 3.285840e-01
258 6.672920e-01 3.540000e-03 3.291680e-01
259 6.666360e-01 3.608000e-03 3.297560e-01
260 6.660680e-01 3.496000e-03 3.304360e-01
261 6.654640e-01 3.596000e-03 3.309400e-01
262 6.648400e-01 3.608000e-03 3.315520e-01
263 6.642960e-01 3.480000e-03 3.322240e-01
264 6.637520e-01 3.440000e-03 3.328080e-01
265 6.631760e-01 3.436000e-03 3.333880e-01
266 6.625600e-01 3.488000e-03 3.339520e-01
267 6.619160e-01 3.476000e-03 3.346080e-01
268 6.612600e-01 3.596000e-03 3.351440e-01
269 6.606600e-01 3.572000e-03 3.357680e-01
270 6.599640e-01 3.684000e-03 3.363520e-01
271 6.593720e-01 3.644000e-03 3.369840e-01
272 6.586720e-01 3.648000e-03 3.376800e-01
273 6.579800e-01 3.756000e-03 3.382640e-01
274 6.573560e-01 3.768000e-03 3.388760e-01
275 6.568120e-01 3.712000e-03 3.394760e-01
276 6.561680e-01 3.724000e-03 3.401080e-01
277 6.556160e-01 3.712000e-03 3.406720e-01
278 6.550360e-01 3.640000e-03 3.413240e-01
279 6.544600e-01 3.516000e-03 3.420240e-01
280 6.538720e-01 3.468000e-03 3.426600e-01
281 6.532520e-01 3.540000e-03 3.432080e-01
282 6.527560e-01 3.352000e-03 3.438920e-01
283 6.520800e-01 3.484000e-03 3.444360e-01
284 6.514560e-01 3.548000e-03 3.449960e-01
285 6.507520e-01 3.600000e-03 3.456480e-01
286 6.501480e-01 3.560000e-03 3.462920e-01
287 6.494960e-01 3.664000e-03 3.468400e-01
288 6.488920e-01 3.688000e-03 3.474200e-01
289 6.482560e-01 3.688000e-03 3.480560e-01
290 6.476640e-01 3.688000e-03 3.486480e-01
291 6.471680e-01 3.604000e-03 3.492280e-01
292 6.466720e-01 3.452000e-03 3.498760e-01
293 6.461640e-01 3.412000e-03 3.504240e-01
294 6.457080e-01 3.244000e-03 3.510480e-01
295 6.453520e-01 3.008000e-03 3.516400e-01
296 6.448760e-01 3.000000e-03 3.521240e-01
297 6.444720e-01 2.864000e-03 3.526640e-01
298 6.440000e-01 2.832000e-03 3.531680e-01
299 6.435160e-01 2.840000e-03 3.536440e-01
300 6.431200e-01 2.728000e-03 3.541520e-01
301 6.427080e-01 2.648000e-03 3.546440e-01
302 6.422880e-01 2.556000e-03 3.551560e-01
303 6.419360e-01 2.500000e-03 3.555640e-01
304 6.416240e-01 2.404000e-03 3.559720e-01
305 6.412520e-01 2.316000e-03 3.564320e-01
306 6.408280e-01 2.380000e-03 3.567920e-01
307 6.404480e-01 2.324000e-03 3.572280e-01
308 6.401080e-01 2.256000e-03 3.576360e-01
309 6.397680e-01 2.168000e-03 3.580640e-01
310 6.393480e-01 2.204000e-03 3.584480e-01
311 6.390040e-01 2.184000e-03 3.588120e-01
312 6.387040e-01 2.080000e-03 3.592160e-01
313 6.383440e-01 2.112000e-03 3.595440e-01
314 6.379880e-01 2.080000e-03 3.599320e-01
315 6.376080e-01 2.076000e-03 3.603160e-01
316 6.372560e-01 2.048000e-03 3.606960e-01
317 6.370040e-01 1.924000e-03 3.610720e-01
318 6.366400e-01 1.872000e-03 3.614880e-01
319 6.362840e-01 1.940000e-03 3.617760e-01
320 6.359160e-01 1.924000e-03 3.621600e-01
321 6.354880e-01 1.960000e-03 3.625520e-01
322 6.351200e-01 2.004000e-03 3.628760e-01
323 6.347760e-01 1.980000e-03 3.632440e-01
324 6.343720e-01 2.092000e-03 3.635360e-01
325 6.340360e-01 2.132000e-03 3.638320e-01
326 6.336920e-01 2.084000e-03 3.642240e-01
327 6.333360e-01 2.080000e-03 3.645840e-01
328 6.329720e-01 2.024000e-03 3.650040e-01
329 6.326240e-01 2.056000e-03 3.653200e-01
330 6.323120e-01 2.036000e-03 3.656520e-01
331 6.319640e-01 2.044000e-03 3.659920e-01
332 6.316480e-01 2.068000e-03 3.662840e-01
333 6.313000e-01 2.088000e-03 3.666120e-01
334 6.309440e-01 2.060000e-03 3.669960e-01
335 6.306440e-01 2.028000e-03 3.673280e-01
336 6.303440e-01 1.972000e-03 3.676840e-01
337 6.299960e-01 1.976000e-03 3.680280e-01
338 6.297000e-01 1.932000e-03 3.683680e-01
339 6.293720e-01 1.952000e-03 3.686760e-01
340 6.290080e-01 1.976000e-03 3.690160e-01
341 6.286560e-01 2.008000e-03 3.693360e-01
342 6.283640e-01 1.972000e-03 3.696640e-01
343 6.279640e-01 2.048000e-03 3.699880e-01
344 6.275920e-01 2.068000e-03 3.703400e-01
345 6.272920e-01 2.016000e-03 3.706920e-01
346 6.269200e-01 2.064000e-03 3.710160e-01
347 6.266520e-01 1.968000e-03 3.713800e-01
348 6.263680e-01 1.880000e-03 3.717520e-01
349 6.260920e-01 1.844000e-03 3.720640e-01
350 6.258440e-01 1.832000e-03 3.723240e-01
351 6.255680e-01 1.760000e-03 3.726720e-01
352 6.253080e-01 1.716000e-03 3.729760e-01
353 6.250000e-01 1.724000e-03 3.732760e-01
354 6.247000e-01 1.712000e-03 3.735880e-01
355 6.244560e-01 1.632000e-03 3.739120e-01
356 6.242280e-01 1.584000e-03 3.741880e-01
357 6.239960e-01 1.528000e-03 3.744760e-01
358 6.236480e-01 1.584000e-03 3.747680e-01
359 6.233400e-01 1.652000e-03 3.750080e-01
360 6.230640e-01 1.620000e-03 3.753160e-01
361 6.227440e-01 1.668000e-03 3.755880e-01
362 6.223640e-01 1.756000e-03 3.758800e-01
363 6.220360e-01 1.752000e-03 3.762120e-01
364 6.216480e-01 1.808000e-03 3.765440e-01
365 6.213120e-01 1.840000e-03 3.768480e-01
366 6.209360e-01 1.876000e-03 3.771880e-01
367 6.205600e-01 1.912000e-03 3.775280e-01
368 6.201680e-01 1.980000e-03 3.778520e-01
369 6.198400e-01 1.952000e-03 3.782080e-01
370 6.195480e-01 1.928000e-03 3.785240e-01
371 6.192400e-01 1.924000e-03 3.788360e-01
372 6.189360e-01 1.924000e-03 3.791400e-01
373 6.186400e-01 1.944000e-03 3.794160e-01
374 6.183120e-01 1.952000e-03 3.797360e-01
375 6.180080e-01 1.900000e-03 3.800920e-01
376 6.177920e-01 1.796000e-03 3.804120e-01
377 6.175200e-01 1.780000e-03 3.807000e-01
378 6.172480e-01 1.788000e-03 3.809640e-01
379 6.169800e-01 1.752000e-03 3.812680e-01
380 6.166480e-01 1.728000e-03 3.816240e-01
381 6.163200e-01 1.748000e-03 3.819320e-01
382 6.159760e-01 1.800000e-03 3.822240e-01
383 6.156960e-01 1.752000e-03 3.825520e-01
384 6.153320e-01 1.788000e-03 3.828800e-01
385 6.150480e-01 1.752000e-03 3.832000e-01
386 6.148200e-01 1.696000e-03 3.834840e-01
387 6.145680e-01 1.672000e-03 3.837600e-01
388 6.142960e-01 1.656000e-03 3.840480e-01
389 6.139680e-01 1.684000e-03 3.843480e-01
390 6.135880e-01 1.772000e-03 3.846400e-01
391 6.131760e-01 1.900000e-03 3.849240e-01
392 6.128400e-01 1.892000e-03 3.852680e-01
393 6.125280e-01 1.848000e-03 3.856240e-01
394 6.121440e-01 1.848000e-03 3.860080e-01
395 6.117960e-01 1.896000e-03 3.863080e-01
396 6.114280e-01 1.956000e-03 3.866160e-01
397 6.111600e-01 1.888000e-03 3.869520e-01
398 6.108640e-01 1.876000e-03 3.872600e-01
399 6.105800e-01 1.840000e-03 3.875800e-01
400 6.102320e-01 1.904000e-03 3.878640e-01
401 6.099760e-01 1.776000e-03 3.882480e-01
402 6.097720e-01 1.664000e-03 3.885640e-01
403 6.094400e-01 1.708000e-03 3.888520e-01
404 6.091600e-01 1.720000e-03 3.891200e-01
405 6.089360e-01 1.664000e-03 3.894000e-01
406 6.086800e-01 1.676000e-03 3.896440e-01
407 6.084280e-01 1.584000e-03 3.899880e-01
408 6.081720e-01 1.600000e-03 3.902280e-01
409 6.078920e-01 1.576000e-03 3.905320e-01
410 6.076520e-01 1.496000e-03 3.908520e-01
411 6.074280e-01 1.460000e-03 3.911120e-01
412 6.072480e-01 1.344000e-03 3.914080e-01
413 6.070760e-01 1.292000e-03 3.916320e-01
414 6.068040e-01 1.340000e-03 3.918560e-01
415 6.065680e-01 1.364000e-03 3.920680e-01
416 6.063960e-01 1.296000e-03 3.923080e-01
417 6.061960e-01 1.284000e-03 3.925200e-01
418 6.060120e-01 1.212000e-03 3.927760e-01
419 6.058600e-01 1.152000e-03 3.929880e-01
420 6.056600e-01 1.208000e-03 3.931320e-01
421 6.054400e-01 1.208000e-03 3.933520e-01
422 6.052200e-01 1.204000e-03 3.935760e-01
423 6.050320e-01 1.164000e-03 3.938040e-01
424 6.048000e-01 1.204000e-03 3.939960e-01
425 6.045640e-01 1.228000e-03 3.942080e-01
426 6.043480e-01 1.248000e-03 3.944040e-01
427 6.041360e-01 1.244000e-03 3.946200e-01
428 6.039280e-01 1.240000e-03 3.948320e-01
429 6.037520e-01 1.204000e-03 3.950440e-01
430 6.035280e-01 1.220000e-03 3.952520e-01
431 6.033200e-01 1.212000e-03 3.954680e-01
432 6.031280e-01 1.200000e-03 3.956720e-01
433 6.029440e-01 1.184000e-03 3.958720e-01
434 6.027520e-01 1.236000e-03 3.960120e-01
435 6.025520e-01 1.192000e-03 3.962560e-01
436 6.023760e-01 1.148000e-03 3.964760e-01
437 6.021880e-01 1.172000e-03 3.966400e-01
438 6.019600e-01 1.212000e-03 3.968280e-01
439 6.017600e-01 1.244000e-03 3.969960e-01
440 6.015200e-01 1.280000e-03 3.972000e-01
441 6.012640e-01 1.316000e-03 3.974200e-01
442 6.010760e-01 1.276000e-03 3.976480e-01
443 6.008320e-01 1.296000e-03 3.978720e-01
444 6.006480e-01 1.236000e-03 3.981160e-01
445 6.004720e-01 1.196000e-03 3.983320e-01
446 6.002920e-01 1.184000e-03 3.985240e-01
447 6.000640e-01 1.228000e-03 3.987080e-01
448 5.998800e-01 1.232000e-03 3.988880e-01
449 5.996720e-01 1.212000e-03 3.991160e-01
450 5.994520e-01 1.192000e-03 3.993560e-01
451 5.993160e-01 1.124000e-03 3.995600e-01
452 5.991560e-01 1.056000e-03 3.997880e-01
453 5.990040e-01 1.036000e-03 3.999600e-01
454 5.988840e-01 9.720000e-04 4.001440e-01
455 5.987040e-01 9.760000e-04 4.003200e-01
456 5.985680e-01 9.080000e-04 4.005240e-01
457 5.984400e-01 8.560000e-04 4.007040e-01
458 5.982800e-01 8.480000e-04 4.008720e-01
459 5.981160e-01 8.840000e-04 4.010000e-01
460 5.979600e-01 8.640000e-04 4.011760e-01
461 5.977920e-01 8.720000e-04 4.013360e-01
462 5.976240e-01 8.840000e-04 4.014920e-01
463 5.974160e-01 9.320000e-04 4.016520e-01
464 5.972600e-01 9.600000e-04 4.017800e-01
465 5.970200e-01 1.048000e-03 4.019320e-01
466 5.968160e-01 1.020000e-03 4.021640e-01
467 5.966080e-01 1.072000e-03 4.023200e-01
468 5.964400e-01 1.072000e-03 4.024880e-01
469 5.962280e-01 1.096000e-03 4.026760e-01
470 5.960480e-01 1.068000e-03 4.028840e-01
471 5.959080e-01 1.032000e-03 4.030600e-01
472 5.957600e-01 9.880000e-04 4.032520e-01
473 5.956080e-01 1.012000e-03 4.033800e-01
474 5.954720e-01 9.600000e-04 4.035680e-01
475 5.953600e-01 9.280000e-04 4.037120e-01
476 5.952360e-01 8.640000e-04 4.039000e-01
477 5.950880e-01 8.320000e-04 4.040800e-01
478 5.949760e-01 7.880000e-04 4.042360e-01
479 5.948400e-01 7.720000e-04 4.043880e-01
480 5.946960e-01 7.760000e-04 4.045280e-01
481 5.944920e-01 8.520000e-04 4.046560e-01
482 5.943360e-01 8.760000e-04 4.047880e-01
483 5.941760e-01 8.760000e-04 4.049480e-01
484 5.940160e-01 8.680000e-04 4.051160e-01
485 5.938680e-01 8.920000e-04 4.052400e-01
486 5.937440e-01 8.240000e-04 4.054320e-01
487 5.935800e-01 8.560000e-04 4.055640e-01
488 5.934080e-01 8.760000e-04 4.057160e-01
489 5.932960e-01 8.320000e-04 4.058720e-01
490 5.931600e-01 7.960000e-04 4.060440e-01
491 5.930400e-01 8.080000e-04 4.061520e-01
492 5.929000e-01 8.600000e-04 4.062400e-01
493 5.927360e-01 9.000000e-04 4.063640e-01
494 5.925640e-01 9.240000e-04 4.065120e-01
495 5.924120e-01 9.320000e-04 4.066560e-01
496 5.922800e-01 8.880000e-04 4.068320e-01
497 5.921600e-01 8.920000e-04 4.069480e-01
498 5.920320e-01 8.680000e-04 4.071000e-01
499 5.919080e-01 8.680000e-04 4.072240e-01
500 5.917640e-01 9.000000e-04 4.073360e-01
