1 9.991800e-01 6.920000e-04 1.280000e-04
2 9.986680e-01 1.056000e-03 2.760000e-04
3 9.980560e-01 1.432000e-03 5.120000e-04
4 9.972600e-01 1.964000e-03 7.760000e-04
5 9.964600e-01 2.380000e-03 1.160000e-03
6 9.955840e-01 2.792000e-03 1.624000e-03
7 9.946640e-01 3.256000e-03 2.080000e-03
8 9.936920e-01 3.684000e-03 2.624000e-03
9 9.927040e-01 4.100000e-03 3.196000e-03
10 9.917160e-01 4.176000e-03 4.108000e-03
11 9.906080e-01 4.568000e-03 4.824000e-03
12 9.895680e-01 4.788000e-03 5.644000e-03
13 9.884880e-01 4.948000e-03 6.564000e-03
14 9.873880e-01 5.184000e-03 7.428000e-03
15 9.862560e-01 5.512000e-03 8.232000e-03
16 9.850680e-01 5.804000e-03 9.128000e-03
17 9.837760e-01 6.068000e-03 1.015600e-02
18 9.823880e-01 6.456000e-03 1.115600e-02
19 9.811000e-01 6.628000e-03 1.227200e-02
20 9.796640e-01 6.780000e-03 1.355600e-02
21 9.783640e-01 6.908000e-03 1.472800e-02
22 9.770280e-01 6.984000e-03 1.598800e-02
23 9.756120e-01 7.164000e-03 1.722400e-02
24 9.741440e-01 7.300000e-03 1.855600e-02
25 9.727840e-01 7.328000e-03 1.988800e-02
26 9.714560e-01 7.416000e-03 2.112800e-02
27 9.701040e-01 7.548000e-03 2.234800e-02
28 9.686560e-01 7.564000e-03 2.378000e-02
29 9.673040e-01 7.632000e-03 2.506400e-02
30 9.659640e-01 7.584000e-03 2.645200e-02
31 9.646360e-01 7.532000e-03 2.783200e-02
32 9.630800e-01 7.656000e-03 2.926400e-02
33 9.615600e-01 7.848000e-03 3.059200e-02
34 9.598800e-01 8.176000e-03 3.194400e-02
35 9.581000e-01 8.536000e-03 3.336400e-02
36 9.561920e-01 8.960000e-03 3.484800e-02
37 9.545200e-01 9.092000e-03 3.638800e-02
38 9.527960e-01 9.128000e-03 3.807600e-02
39 9.511040e-01 9.280000e-03 3.961600e-02
40 9.495680e-01 9.092000e-03 4.134000e-02
41 9.479200e-01 9.260000e-03 4.282000e-02
42 9.462520e-01 9.344000e-03 4.440400e-02
43 9.445680e-01 9.300000e-03 4.613200e-02
44 9.428640e-01 9.328000e-03 4.780800e-02
45 9.412280e-01 9.376000e-03 4.939600e-02
46 9.395920e-01 9.360000e-03 5.104800e-02
47 9.379640e-01 9.408000e-03 5.262800e-02
48 9.362360e-01 9.508000e-03 5.425600e-02
49 9.344880e-01 9.516000e-03 5.599600e-02
50 9.329000e-01 9.536000e-03 5.756400e-02
51 9.312440e-01 9.508000e-03 5.924800e-02
52 9.297080e-01 9.400000e-03 6.089200e-02
53 9.282120e-01 9.348000e-03 6.244000e-02
54 9.266720e-01 9.240000e-03 6.408800e-02
55 9.252120e-01 9.160000e-03 6.562800e-02
56 9.236560e-01 9.156000e-03 6.718800e-02
57 9.219840e-01 9.112000e-03 6.890400e-02
58 9.203640e-01 9.284000e-03 7.035200e-02
59 9.188720e-01 9.016000e-03 7.211200e-02
60 9.172040e-01 9.000000e-03 7.379600e-02
61 9.155760e-01 9.012000e-03 7.541200e-02
62 9.140600e-01 8.960000e-03 7.698000e-02
63 9.122640e-01 9.188000e-03 7.854800e-02
64 9.106560e-01 9.228000e-03 8.011600e-02
65 9.091520e-01 9.064000e-03 8.178400e-02
66 9.077080e-01 8.948000e-03 8.334400e-02
67 9.061600e-01 9.016000e-03 8.482400e-02
68 9.044760e-01 9.216000e-03 8.630800e-02
69 9.028680e-01 9.224000e-03 8.790800e-02
70 9.013120e-01 9.156000e-03 8.953200e-02
71 8.997520e-01 9.036000e-03 9.121200e-02
72 8.980640e-01 9.096000e-03 9.284000e-02
73 8.964000e-01 9.064000e-03 9.453600e-02
74 8.946840e-01 9.228000e-03 9.608800e-02
75 8.930080e-01 9.384000e-03 9.760800e-02
76 8.911240e-01 9.504000e-03 9.937200e-02
77 8.891760e-01 9.844000e-03 1.009800e-01
78 8.874960e-01 9.828000e-03 1.026760e-01
79 8.854480e-01 1.004800e-02 1.045040e-01
80 8.836680e-01 1.010400e-02 1.062280e-01
81 8.818240e-01 1.018000e-02 1.079960e-01
82 8.799200e-01 1.020000e-02 1.098800e-01
83 8.782360e-01 9.992000e-03 1.117720e-01
84 8.766480e-01 9.752000e-03 1.136000e-01
85 8.749360e-01 9.756000e-03 1.153080e-01
86 8.731840e-01 9.796000e-03 1.170200e-01
87 8.715160e-01 9.704000e-03 1.187800e-01
88 8.697640e-01 9.688000e-03 1.205480e-01
89 8.680960e-01 9.452000e-03 1.224520e-01
90 8.664760e-01 9.300000e-03 1.242240e-01
91 8.646520e-01 9.564000e-03 1.257840e-01
92 8.629440e-01 9.600000e-03 1.274560e-01
93 8.613280e-01 9.432000e-03 1.292400e-01
94 8.596080e-01 9.572000e-03 1.308200e-01
95 8.579680e-01 9.548000e-03 1.324840e-01
96 8.562200e-01 9.652000e-03 1.341280e-01
97 8.547320e-01 9.544000e-03 1.357240e-01
98 8.532920e-01 9.460000e-03 1.372480e-01
99 8.518520e-01 9.308000e-03 1.388400e-01
100 8.504480e-01 9.088000e-03 1.404640e-01
101 8.489160e-01 9.100000e-03 1.419840e-01
102 8.473480e-01 9.008000e-03 1.436440e-01
103 8.458560e-01 8.816000e-03 1.453280e-01
104 8.443400e-01 8.756000e-03 1.469040e-01
105 8.428320e-01 8.668000e-03 1.485000e-01
106 8.411320e-01 8.948000e-03 1.499200e-01
107 8.395800e-01 8.836000e-03 1.515840e-01
108 8.380320e-01 8.840000e-03 1.531280e-01
109 8.365680e-01 8.800000e-03 1.546320e-01
110 8.349440e-01 8.916000e-03 1.561400e-01
111 8.333000e-01 9.008000e-03 1.576920e-01
112 8.316040e-01 9.168000e-03 1.592280e-01
113 8.300160e-01 9.128000e-03 1.608560e-01
114 8.282480e-01 9.316000e-03 1.624360e-01
115 8.266560e-01 9.172000e-03 1.641720e-01
116 8.250560e-01 9.092000e-03 1.658520e-01
117 8.233960e-01 9.176000e-03 1.674280e-01
118 8.217320e-01 9.232000e-03 1.690360e-01
119 8.201480e-01 9.204000e-03 1.706480e-01
120 8.184960e-01 9.240000e-03 1.722640e-01
121 8.169240e-01 9.272000e-03 1.738040e-01
122 8.154800e-01 9.184000e-03 1.753360e-01
123 8.138560e-01 9.224000e-03 1.769200e-01
124 8.122640e-01 9.280000e-03 1.784560e-01
125 8.105000e-01 9.512000e-03 1.799880e-01
126 8.087600e-01 9.508000e-03 1.817320e-01
127 8.071920e-01 9.456000e-03 1.833520e-01
128 8.055880e-01 9.464000e-03 1.849480e-01
129 8.038960e-01 9.572000e-03 1.865320e-01
130 8.022920e-01 9.540000e-03 1.881680e-01
131 8.005320e-01 9.508000e-03 1.899600e-01
132 7.988760e-01 9.508000e-03 1.916160e-01
133 7.972400e-01 9.380000e-03 1.933800e-01
134 7.956040e-01 9.412000e-03 1.949840e-01
135 7.940400e-01 9.332000e-03 1.966280e-01
136 7.925960e-01 9.024000e-03 1.983800e-01
137 7.910000e-01 9.060000e-03 1.999400e-01
138 7.893800e-01 9.148000e-03 2.014720e-01
139 7.878160e-01 9.104000e-03 2.030800e-01
140 7.863840e-01 9.048000e-03 2.045680e-01
141 7.847320e-01 9.168000e-03 2.061000e-01
142 7.831840e-01 9.140000e-03 2.076760e-01
143 7.817400e-01 9.036000e-03 2.092240e-01
144 7.802200e-01 9.048000e-03 2.107320e-01
145 7.787720e-01 8.884000e-03 2.123440e-01
146 7.774040e-01 8.724000e-03 2.138720e-01
147 7.761600e-01 8.600000e-03 2.152400e-01
148 7.748000e-01 8.424000e-03 2.167760e-01
149 7.735440e-01 8.192000e-03 2.182640e-01
150 7.721200e-01 8.128000e-03 2.197520e-01
151 7.706160e-01 8.244000e-03 2.211400e-01
152 7.693560e-01 8.048000e-03 2.225960e-01
153 7.678680e-01 8.180000e-03 2.239520e-01
154 7.663880e-01 8.204000e-03 2.254080e-01
155 7.647880e-01 8.400000e-03 2.268120e-01
156 7.630720e-01 8.676000e-03 2.282520e-01
157 7.613680e-01 8.776000e-03 2.298560e-01
158 7.596480e-01 8.928000e-03 2.314240e-01
159 7.580840e-01 9.000000e-03 2.329160e-01
160 7.564200e-01 8.964000e-03 2.346160e-01
161 7.547200e-01 8.964000e-03 2.363160e-01
162 7.531240e-01 9.004000e-03 2.378720e-01
163 7.516800e-01 8.844000e-03 2.394760e-01
164 7.499800e-01 8.964000e-03 2.410560e-01
165 7.484000e-01 9.032000e-03 2.425680e-01
166 7.467560e-01 9.056000e-03 2.441880e-01
167 7.451880e-01 9.148000e-03 2.456640e-01
168 7.436480e-01 9.104000e-03 2.472480e-01
169 7.421720e-01 9.024000e-03 2.488040e-01
170 7.406560e-01 9.052000e-03 2.502920e-01
171 7.390920e-01 9.068000e-03 2.518400e-01
172 7.375920e-01 8.948000e-03 2.534600e-01
173 7.360840e-01 8.800000e-03 2.551160e-01
174 7.345880e-01 8.764000e-03 2.566480e-01
175 7.330400e-01 8.820000e-03 2.581400e-01
176 7.315680e-01 8.852000e-03 2.595800e-01
177 7.300920e-01 8.792000e-03 2.611160e-01
178 7.285760e-01 8.812000e-03 2.626120e-01
179 7.269360e-01 8.920000e-03 2.641440e-01
180 7.254120e-01 8.848000e-03 2.657400e-01
181 7.239840e-01 8.656000e-03 2.673600e-01
182 7.225360e-01 8.504000e-03 2.689600e-01
183 7.211680e-01 8.404000e-03 2.704280e-01
184 7.199000e-01 8.228000e-03 2.718720e-01
185 7.186400e-01 8.160000e-03 2.732000e-01
186 7.173800e-01 7.912000e-03 2.747080e-01
187 7.161040e-01 8.000000e-03 2.758960e-01
188 7.147880e-01 8.008000e-03 2.772040e-01
189 7.134680e-01 7.904000e-03 2.786280e-01
190 7.121880e-01 7.840000e-03 2.799720e-01
191 7.107920e-01 7.840000e-03 2.813680e-01
192 7.095400e-01 7.712000e-03 2.827480e-01
193 7.083880e-01 7.512000e-03 2.841000e-01
194 7.072560e-01 7.408000e-03 2.853360e-01
195 7.060160e-01 7.356000e-03 2.866280e-01
196 7.049240e-01 7.092000e-03 2.879840e-01
197 7.037320e-01 7.036000e-03 2.892320e-01
198 7.026200e-01 7.048000e-03 2.903320e-01
199 7.015040e-01 6.876000e-03 2.916200e-01
200 7.003160e-01 6.884000e-03 2.928000e-01
201 6.991840e-01 6.720000e-03 2.940960e-01
202 6.979000e-01 6.816000e-03 2.952840e-01
203 6.966800e-01 6.844000e-03 2.964760e-01
204 6.955720e-01 6.836000e-03 2.975920e-01
205 6.944240e-01 6.788000e-03 2.987880e-01
206 6.933080e-01 6.632000e-03 3.000600e-01
207 6.922560e-01 6.540000e-03 3.012040e-01
208 6.912080e-01 6.468000e-03 3.023240e-01
209 6.902440e-01 6.256000e-03 3.035000e-01
210 6.893480e-01 6.036000e-03 3.046160e-01
211 6.884080e-01 5.904000e-03 3.056880e-01
212 6.875120e-01 5.840000e-03 3.066480e-01
213 6.865680e-01 5.764000e-03 3.076680e-01
214 6.856440e-01 5.668000e-03 3.086880e-01
215 6.847120e-01 5.688000e-03 3.096000e-01
216 6.837000e-01 5.652000e-03 3.106480e-01
217 6.826760e-01 5.620000e-03 3.117040e-01
218 6.818440e-01 5.468000e-03 3.126880e-01
219 6.808320e-01 5.528000e-03 3.136400e-01
220 6.798640e-01 5.568000e-03 3.145680e-01
221 6.788840e-01 5.664000e-03 3.154520e-01
222 6.778520e-01 5.748000e-03 3.164000e-01
223 6.767360e-01 5.844000e-03 3.174200e-01
224 6.756320e-01 5.896000e-03 3.184720e-01
225 6.746400e-01 5.920000e-03 3.194400e-01
226 6.737120e-01 5.872000e-03 3.204160e-01
227 6.727400e-01 5.848000e-03 3.214120e-01
228 6.718120e-01 5.768000e-03 3.224200e-01
229 6.708520e-01 5.660000e-03 3.234880e-01
230 6.700080e-01 5.496000e-03 3.244960e-01
231 6.690440e-01 5.568000e-03 3.253880e-01
232 6.680520e-01 5.624000e-03 3.263240e-01
233 6.670440e-01 5.580000e-03 3.273760e-01
234 6.660080e-01 5.576000e-03 3.284160e-01
235 6.649760e-01 5.468000e-03 3.295560e-01
236 6.640640e-01 5.444000e-03 3.304920e-01
237 6.632160e-01 5.272000e-03 3.315120e-01
238 6.622040e-01 5.452000e-03 3.323440e-01
239 6.613840e-01 5.308000e-03 3.333080e-01
240 6.604000e-01 5.372000e-03 3.342280e-01
241 6.594360e-01 5.320000e-03 3.352440e-01
242 6.585360e-01 5.328000e-03 3.361360e-01
243 6.577200e-01 5.200000e-03 3.370800e-01
244 6.568680e-01 5.108000e-03 3.380240e-01
245 6.559080e-01 5.172000e-03 3.389200e-01
246 6.550520e-01 5.064000e-03 3.398840e-01
247 6.542720e-01 4.920000e-03 3.408080e-01
248 6.535000e-01 4.892000e-03 3.416080e-01
249 6.527800e-01 4.836000e-03 3.423840e-01
250 6.519840e-01 4.808000e-03 3.432080e-01
251 6.512640e-01 4.680000e-03 3.440560e-01
252 6.505200e-01 4.560000e-03 3.449200e-01
253 6.497560e-01 4.604000e-03 3.456400e-01
254 6.490040e-01 4.612000e-03 3.463840e-01
255 6.481600e-01 4.600000e-03 3.472400e-01
256 6.474440e-01 4.468000e-03 3.480880e-01
257 6.468200e-01 4.280000e-03 3.489000e-01
258 6.460800e-01 4.320000e-03 3.496000e-01
259 6.454760e-01 4.292000e-03 3.502320e-01
260 6.447680e-01 4.184000e-03 3.510480e-01
261 6.440200e-01 4.252000e-03 3.517280e-01
262 6.432720e-01 4.320000e-03 3.524080e-01
263 6.426200e-01 4.224000e-03 3.531560e-01
264 6.419440e-01 4.144000e-03 3.539120e-01
265 6.412240e-01 4.136000e-03 3.546400e-01
266 6.407080e-01 3.884000e-03 3.554080e-01
267 6.402200e-01 3.660000e-03 3.561200e-01
268 6.396600e-01 3.528000e-03 3.568120e-01
269 6.391640e-01 3.496000e-03 3.573400e-01
270 6.386000e-01 3.380000e-03 3.580200e-01
271 6.381400e-01 3.284000e-03 3.585760e-01
272 6.375640e-01 3.188000e-03 3.592480e-01
273 6.369560e-01 3.268000e-03 3.597760e-01
274 6.365280e-01 3.108000e-03 3.603640e-01
275 6.359560e-01 3.128000e-03 3.609160e-01
276 6.353720e-01 3.172000e-03 3.614560e-01
277 6.348040e-01 3.192000e-03 3.620040e-01
278 6.342560e-01 3.220000e-03 3.625240e-01
279 6.336880e-01 3.176000e-03 3.631360e-01
280 6.330960e-01 3.188000e-03 3.637160e-01
281 6.325880e-01 3.116000e-03 3.642960e-01
282 6.320600e-01 3.092000e-03 3.648480e-01
283 6.315040e-01 3.092000e-03 3.654040e-01
284 6.309600e-01 3.052000e-03 3.659880e-01
285 6.303360e-01 3.164000e-03 3.665000e-01
286 6.297320e-01 3.232000e-03 3.670360e-01
287 6.291760e-01 3.276000e-03 3.675480e-01
288 6.286120e-01 3.204000e-03 3.681840e-01
289 6.281600e-01 3.052000e-03 3.687880e-01
290 6.276680e-01 3.008000e-03 3.693240e-01
291 6.271640e-01 2.948000e-03 3.698880e-01
292 6.266120e-01 2.940000e-03 3.704480e-01
293 6.261520e-01 2.924000e-03 3.709240e-01
294 6.257520e-01 2.824000e-03 3.714240e-01
295 6.253000e-01 2.824000e-03 3.718760e-01
296 6.248520e-01 2.812000e-03 3.723360e-01
297 6.244080e-01 2.776000e-03 3.728160e-01
298 6.239760e-01 2.708000e-03 3.733160e-01
299 6.234600e-01 2.792000e-03 3.737480e-01
300 6.230640e-01 2.736000e-03 3.742000e-01
301 6.226200e-01 2.676000e-03 3.747040e-01
302 6.221600e-01 2.684000e-03 3.751560e-01
303 6.217120e-01 2.672000e-03 3.756160e-01
304 6.213360e-01 2.540000e-03 3.761240e-01
305 6.209000e-01 2.544000e-03 3.765560e-01
306 6.203600e-01 2.664000e-03 3.769760e-01
307 6.199640e-01 2.580000e-03 3.774560e-01
308 6.195120e-01 2.568000e-03 3.779200e-01
309 6.190880e-01 2.568000e-03 3.783440e-01
310 6.186600e-01 2.544000e-03 3.787960e-01
311 6.182440e-01 2.508000e-03 3.792480e-01
312 6.177880e-01 2.552000e-03 3.796600e-01
313 6.173480e-01 2.548000e-03 3.801040e-01
314 6.169960e-01 2.464000e-03 3.805400e-01
315 6.166360e-01 2.432000e-03 3.809320e-01
316 6.162360e-01 2.452000e-03 3.813120e-01
317 6.158800e-01 2.384000e-03 3.817360e-01
318 6.155760e-01 2.272000e-03 3.821520e-01
319 6.151800e-01 2.276000e-03 3.825440e-01
320 6.148400e-01 2.232000e-03 3.829280e-01
321 6.145680e-01 2.064000e-03 3.833680e-01
322 6.142280e-01 2.048000e-03 3.837240e-01
323 6.138880e-01 1.988000e-03 3.841240e-01
324 6.135680e-01 2.012000e-03 3.844200e-01
325 6.132400e-01 1.972000e-03 3.847880e-01
326 6.129120e-01 1.928000e-03 3.851600e-01
327 6.125520e-01 1.912000e-03 3.855360e-01
328 6.122040e-01 1.924000e-03 3.858720e-01
329 6.118560e-01 1.948000e-03 3.861960e-01
330 6.115360e-01 1.944000e-03 3.865200e-01
331 6.112280e-01 1.916000e-03 3.868560e-01
332 6.108960e-01 1.928000e-03 3.871760e-01
333 6.105000e-01 1.948000e-03 3.875520e-01
334 6.102280e-01 1.880000e-03 3.878920e-01
335 6.099240e-01 1.876000e-03 3.882000e-01
336 6.096120e-01 1.876000e-03 3.885120e-01
337 6.093800e-01 1.784000e-03 3.888360e-01
338 6.091120e-01 1.752000e-03 3.891360e-01
339 6.088600e-01 1.644000e-03 3.894960e-01
340 6.086040e-01 1.588000e-03 3.898080e-01
341 6.083440e-01 1.552000e-03 3.901040e-01
342 6.080840e-01 1.552000e-03 3.903640e-01
343 6.077960e-01 1.536000e-03 3.906680e-01
344 6.075200e-01 1.548000e-03 3.909320e-01
345 6.071960e-01 1.596000e-03 3.912080e-01
346 6.069480e-01 1.552000e-03 3.915000e-01
347 6.067040e-01 1.544000e-03 3.917520e-01
348 6.064600e-01 1.500000e-03 3.920400e-01
349 6.062080e-01 1.528000e-03 3.922640e-01
350 6.059200e-01 1.552000e-03 3.925280e-01
351 6.057440e-01 1.500000e-03 3.927560e-01
352 6.055200e-01 1.416000e-03 3.930640e-01
353 6.053560e-01 1.248000e-03 3.933960e-01
354 6.051920e-01 1.216000e-03 3.935920e-01
355 6.049960e-01 1.164000e-03 3.938400e-01
356 6.048040e-01 1.144000e-03 3.940520e-01
357 6.046240e-01 1.144000e-03 3.942320e-01
358 6.044160e-01 1.192000e-03 3.943920e-01
359 6.042040e-01 1.132000e-03 3.946640e-01
360 6.040600e-01 1.104000e-03 3.948360e-01
361 6.038800e-01 1.060000e-03 3.950600e-01
362 6.037680e-01 1.008000e-03 3.952240e-01
363 6.036160e-01 9.560000e-04 3.954280e-01
364 6.034200e-01 9.840000e-04 3.955960e-01
365 6.033400e-01 8.520000e-04 3.958080e-01
366 6.032120e-01 8.480000e-04 3.959400e-01
367 6.030280e-01 8.920000e-04 3.960800e-01
368 6.029120e-01 8.520000e-04 3.962360e-01
369 6.027880e-01 8.400000e-04 3.963720e-01
370 6.025880e-01 9.160000e-04 3.964960e-01
371 6.024240e-01 9.400000e-04 3.966360e-01
372 6.021960e-01 9.720000e-04 3.968320e-01
373 6.020280e-01 9.760000e-04 3.969960e-01
374 6.018000e-01 1.052000e-03 3.971480e-01
375 6.015640e-01 1.076000e-03 3.973600e-01
376 6.013480e-01 1.124000e-03 3.975280e-01
377 6.011360e-01 1.108000e-03 3.977560e-01
378 6.009080e-01 1.160000e-03 3.979320e-01
379 6.007080e-01 1.164000e-03 3.981280e-01
380 6.005160e-01 1.180000e-03 3.983040e-01
381 6.003520e-01 1.124000e-03 3.985240e-01
382 6.001320e-01 1.148000e-03 3.987200e-01
383 5.999160e-01 1.140000e-03 3.989440e-01
384 5.996960e-01 1.160000e-03 3.991440e-01
385 5.995000e-01 1.168000e-03 3.993320e-01
386 5.993040e-01 1.164000e-03 3.995320e-01
387 5.991000e-01 1.156000e-03 3.997440e-01
388 5.988920e-01 1.204000e-03 3.999040e-01
389 5.987200e-01 1.152000e-03 4.001280e-01
390 5.985680e-01 1.092000e-03 4.003400e-01
391 5.984400e-01 1.048000e-03 4.005120e-01
392 5.983280e-01 1.000000e-03 4.006720e-01
393 5.981520e-01 1.020000e-03 4.008280e-01
394 5.980120e-01 9.560000e-04 4.010320e-01
395 5.978160e-01 1.016000e-03 4.011680e-01
396 5.976200e-01 1.020000e-03 4.013600e-01
397 5.973960e-01 1.076000e-03 4.015280e-01
398 5.972600e-01 1.076000e-03 4.016640e-01
399 5.970480e-01 1.052000e-03 4.019000e-01
400 5.968520e-01 1.060000e-03 4.020880e-01
401 5.966400e-01 1.144000e-03 4.022160e-01
402 5.964960e-01 1.112000e-03 4.023920e-01
403 5.963040e-01 1.116000e-03 4.025800e-01
404 5.960920e-01 1.168000e-03 4.027400e-01
405 5.959040e-01 1.152000e-03 4.029440e-01
406 5.957320e-01 1.100000e-03 4.031680e-01
407 5.955920e-01 1.008000e-03 4.034000e-01
408 5.954160e-01 1.008000e-03 4.035760e-01
409 5.952760e-01 9.720000e-04 4.037520e-01
410 5.951600e-01 8.800000e-04 4.039600e-01
411 5.950560e-01 7.920000e-04 4.041520e-01
412 5.949440e-01 7.960000e-04 4.042600e-01
413 5.948160e-01 7.920000e-04 4.043920e-01
414 5.946840e-01 8.240000e-04 4.044920e-01
415 5.945360e-01 8.360000e-04 4.046280e-01
416 5.943400e-01 9.040000e-04 4.047560e-01
417 5.941600e-01 9.600000e-04 4.048800e-01
418 5.940520e-01 9.000000e-04 4.050480e-01
419 5.938960e-01 8.720000e-04 4.052320e-01
420 5.937440e-01 8.640000e-04 4.053920e-01
421 5.936160e-01 8.080000e-04 4.055760e-01
422 5.934280e-01 8.480000e-04 4.057240e-01
423 5.933040e-01 8.640000e-04 4.058320e-01
424 5.932000e-01 8.200000e-04 4.059800e-01
425 5.930960e-01 7.720000e-04 4.061320e-01
426 5.930040e-01 7.040000e-04 4.062920e-01
427 5.929080e-01 7.000000e-04 4.063920e-01
428 5.928080e-01 6.840000e-04 4.065080e-01
429 5.927280e-01 6.560000e-04 4.066160e-01
430 5.926320e-01 6.480000e-04 4.067200e-01
431 5.925160e-01 6.120000e-04 4.068720e-01
432 5.924320e-01 5.800000e-04 4.069880e-01
433 5.923440e-01 5.440000e-04 4.071120e-01
434 5.922240e-01 5.600000e-04 4.072160e-01
435 5.921240e-01 5.720000e-04 4.073040e-01
436 5.920120e-01 5.640000e-04 4.074240e-01
437 5.919000e-01 5.720000e-04 4.075280e-01
438 5.918200e-01 5.320000e-04 4.076480e-01
439 5.917360e-01 5.040000e-04 4.077600e-01
440 5.916760e-01 4.840000e-04 4.078400e-01
441 5.915520e-01 5.280000e-04 4.079200e-01
442 5.914800e-01 5.120000e-04 4.080080e-01
443 5.913720e-01 5.240000e-04 4.081040e-01
444 5.912320e-01 5.520000e-04 4.082160e-01
445 5.911280e-01 5.640000e-04 4.083080e-01
446 5.910320e-01 5.600000e-04 4.084080e-01
447 5.909400e-01 5.680000e-04 4.084920e-01
448 5.908520e-01 5.760000e-04 4.085720e-01
449 5.907480e-01 5.880000e-04 4.086640e-01
450 5.906600e-01 5.640000e-04 4.087760e-01
451 5.905680e-01 5.680000e-04 4.088640e-01
452 5.904880e-01 5.600000e-04 4.089520e-01
453 5.904160e-01 5.560000e-04 4.090280e-01
454 5.903160e-01 5.440000e-04 4.091400e-01
455 5.902240e-01 5.320000e-04 4.092440e-01
456 5.901160e-01 5.560000e-04 4.093280e-01
457 5.900200e-01 5.640000e-04 4.094160e-01
458 5.899000e-01 5.680000e-04 4.095320e-01
459 5.898160e-01 5.960000e-04 4.095880e-01
460 5.896960e-01 6.040000e-04 4.097000e-01
461 5.895600e-01 6.200000e-04 4.098200e-01
462 5.894480e-01 6.360000e-04 4.099160e-01
463 5.893120e-01 6.080000e-04 4.100800e-01
464 5.891880e-01 6.040000e-04 4.102080e-01
465 5.890760e-01 6.120000e-04 4.103120e-01
466 5.889480e-01 6.360000e-04 4.104160e-01
467 5.888160e-01 6.200000e-04 4.105640e-01
468 5.887320e-01 5.880000e-04 4.106800e-01
469 5.885800e-01 6.680000e-04 4.107520e-01
470 5.884080e-01 7.160000e-04 4.108760e-01
471 5.883000e-01 6.880000e-04 4.110120e-01
472 5.882480e-01 6.080000e-04 4.111440e-01
473 5.881760e-01 5.480000e-04 4.112760e-01
474 5.880920e-01 5.200000e-04 4.113880e-01
475 5.880480e-01 4.760000e-04 4.114760e-01
476 5.879600e-01 4.720000e-04 4.115680e-01
477 5.878720e-01 5.000000e-04 4.116280e-01
478 5.878000e-01 5.040000e-04 4.116960e-01
479 5.876960e-01 5.240000e-04 4.117800e-01
480 5.876040e-01 5.560000e-04 4.118400e-01
481 5.875280e-01 5.040000e-04 4.119680e-01
482 5.874440e-01 4.680000e-04 4.120880e-01
483 5.873440e-01 4.880000e-04 4.121680e-01
484 5.872360e-01 5.000000e-04 4.122640e-01
485 5.870960e-01 5.520000e-04 4.123520e-01
486 5.869840e-01 5.560000e-04 4.124600e-01
487 5.868480e-01 5.760000e-04 4.125760e-01
488 5.867320e-01 6.200000e-04 4.126480e-01
489 5.865640e-01 6.920000e-04 4.127440e-01
490 5.864760e-01 6.720000e-04 4.128520e-01
491 5.863560e-01 6.400000e-04 4.130040e-01
492 5.862400e-01 6.400000e-04 4.131200e-01
493 5.861320e-01 6.000000e-04 4.132680e-01
494 5.860000e-01 6.320000e-04 4.133680e-01
495 5.858680e-01 6.560000e-04 4.134760e-01
496 5.857280e-01 6.960000e-04 4.135760e-01
497 5.855960e-01 7.320000e-04 4.136720e-01
498 5.854600e-01 7.360000e-04 4.138040e-01
499 5.853040e-01 8.080000e-04 4.138880e-01
500 5.851640e-01 8.040000e-04 4.140320e-01
