1 9.992200e-01 6.880000e-04 9.200000e-05
2 9.986640e-01 1.068000e-03 2.680000e-04
3 9.980560e-01 1.444000e-03 5.000000e-04
4 9.975160e-01 1.704000e-03 7.800000e-04
5 9.968360e-01 2.092000e-03 1.072000e-03
6 9.960880e-01 2.364000e-03 1.548000e-03
7 9.953600e-01 2.628000e-03 2.012000e-03
8 9.944800e-01 3.096000e-03 2.424000e-03
9 9.936120e-01 3.404000e-03 2.984000e-03
10 9.925800e-01 3.796000e-03 3.624000e-03
11 9.914400e-01 4.244000e-03 4.316000e-03
12 9.902960e-01 4.492000e-03 5.212000e-03
13 9.891880e-01 4.792000e-03 6.020000e-03
14 9.882080e-01 4.900000e-03 6.892000e-03
15 9.872000e-01 5.008000e-03 7.792000e-03
16 9.859400e-01 5.300000e-03 8.760000e-03
17 9.848320e-01 5.556000e-03 9.612000e-03
18 9.837120e-01 5.724000e-03 1.056400e-02
19 9.825680e-01 5.820000e-03 1.161200e-02
20 9.814640e-01 5.964000e-03 1.257200e-02
21 9.802240e-01 6.064000e-03 1.371200e-02
22 9.792160e-01 5.936000e-03 1.484800e-02
23 9.780960e-01 5.936000e-03 1.596800e-02
24 9.769480e-01 6.028000e-03 1.702400e-02
25 9.758720e-01 6.128000e-03 1.800000e-02
26 9.746280e-01 6.244000e-03 1.912800e-02
27 9.733160e-01 6.520000e-03 2.016400e-02
28 9.720560e-01 6.676000e-03 2.126800e-02
29 9.708840e-01 6.720000e-03 2.239600e-02
30 9.696600e-01 6.848000e-03 2.349200e-02
31 9.684760e-01 6.824000e-03 2.470000e-02
32 9.671640e-01 7.000000e-03 2.583600e-02
33 9.659320e-01 7.148000e-03 2.692000e-02
34 9.647040e-01 7.020000e-03 2.827600e-02
35 9.634600e-01 7.072000e-03 2.946800e-02
36 9.620600e-01 7.128000e-03 3.081200e-02
37 9.607400e-01 7.312000e-03 3.194800e-02
38 9.592040e-01 7.524000e-03 3.327200e-02
39 9.576400e-01 7.856000e-03 3.450400e-02
40 9.562360e-01 7.892000e-03 3.587200e-02
41 9.546720e-01 8.068000e-03 3.726000e-02
42 9.530320e-01 8.316000e-03 3.865200e-02
43 9.513200e-01 8.544000e-03 4.013600e-02
44 9.497160e-01 8.712000e-03 4.157200e-02
45 9.482320e-01 8.628000e-03 4.314000e-02
46 9.465440e-01 8.784000e-03 4.467200e-02
47 9.449080e-01 8.964000e-03 4.612800e-02
48 9.432440e-01 9.024000e-03 4.773200e-02
49 9.417160e-01 9.044000e-03 4.924000e-02
50 9.399720e-01 9.188000e-03 5.084000e-02
51 9.384800e-01 9.120000e-03 5.240000e-02
52 9.369000e-01 9.056000e-03 5.404400e-02
53 9.353760e-01 9.040000e-03 5.558400e-02
54 9.337080e-01 9.148000e-03 5.714400e-02
55 9.321280e-01 9.052000e-03 5.882000e-02
56 9.305560e-01 8.892000e-03 6.055200e-02
57 9.289600e-01 9.068000e-03 6.197200e-02
58 9.272880e-01 9.092000e-03 6.362000e-02
59 9.257200e-01 9.024000e-03 6.525600e-02
60 9.242080e-01 9.000000e-03 6.679200e-02
61 9.226840e-01 8.976000e-03 6.834000e-02
62 9.211760e-01 8.972000e-03 6.985200e-02
63 9.196680e-01 8.844000e-03 7.148800e-02
64 9.183920e-01 8.532000e-03 7.307600e-02
65 9.169960e-01 8.404000e-03 7.460000e-02
66 9.155600e-01 8.448000e-03 7.599200e-02
67 9.141560e-01 8.232000e-03 7.761200e-02
68 9.126160e-01 8.308000e-03 7.907600e-02
69 9.112240e-01 8.332000e-03 8.044400e-02
70 9.096960e-01 8.544000e-03 8.176000e-02
71 9.082440e-01 8.532000e-03 8.322400e-02
72 9.068320e-01 8.296000e-03 8.487200e-02
73 9.052880e-01 8.476000e-03 8.623600e-02
74 9.037640e-01 8.556000e-03 8.768000e-02
75 9.021560e-01 8.652000e-03 8.919200e-02
76 9.004840e-01 8.756000e-03 9.076000e-02
77 8.989000e-01 8.684000e-03 9.241600e-02
78 8.973960e-01 8.716000e-03 9.388800e-02
79 8.958480e-01 8.728000e-03 9.542400e-02
80 8.941800e-01 8.880000e-03 9.694000e-02
81 8.925680e-01 9.016000e-03 9.841600e-02
82 8.910920e-01 8.940000e-03 9.996800e-02
83 8.896040e-01 8.788000e-03 1.016080e-01
84 8.881840e-01 8.636000e-03 1.031800e-01
85 8.869080e-01 8.432000e-03 1.046600e-01
86 8.856640e-01 8.332000e-03 1.060040e-01
87 8.843080e-01 8.284000e-03 1.074080e-01
88 8.830160e-01 8.124000e-03 1.088600e-01
89 8.818640e-01 7.816000e-03 1.103200e-01
90 8.805120e-01 7.892000e-03 1.115960e-01
91 8.793240e-01 7.696000e-03 1.129800e-01
92 8.782520e-01 7.396000e-03 1.143520e-01
93 8.772120e-01 7.136000e-03 1.156520e-01
94 8.761440e-01 6.876000e-03 1.169800e-01
95 8.751000e-01 6.680000e-03 1.182200e-01
96 8.739520e-01 6.652000e-03 1.193960e-01
97 8.727080e-01 6.676000e-03 1.206160e-01
98 8.715400e-01 6.608000e-03 1.218520e-01
99 8.703400e-01 6.568000e-03 1.230920e-01
100 8.692120e-01 6.568000e-03 1.242200e-01
101 8.680160e-01 6.620000e-03 1.253640e-01
102 8.668000e-01 6.680000e-03 1.265200e-01
103 8.654800e-01 6.872000e-03 1.276480e-01
104 8.640280e-01 7.208000e-03 1.287640e-01
105 8.625840e-01 7.320000e-03 1.300960e-01
106 8.614000e-01 7.232000e-03 1.313680e-01
107 8.602600e-01 7.236000e-03 1.325040e-01
108 8.590720e-01 7.036000e-03 1.338920e-01
109 8.578960e-01 7.000000e-03 1.351040e-01
110 8.566960e-01 6.904000e-03 1.364000e-01
111 8.554080e-01 6.980000e-03 1.376120e-01
112 8.541840e-01 6.880000e-03 1.389360e-01
113 8.530480e-01 6.740000e-03 1.402120e-01
114 8.518240e-01 6.752000e-03 1.414240e-01
115 8.506400e-01 6.720000e-03 1.426400e-01
116 8.494200e-01 6.680000e-03 1.439000e-01
117 8.483480e-01 6.604000e-03 1.450480e-01
118 8.472880e-01 6.516000e-03 1.461960e-01
119 8.462880e-01 6.392000e-03 1.473200e-01
120 8.452640e-01 6.356000e-03 1.483800e-01
121 8.442200e-01 6.420000e-03 1.493600e-01
122 8.431200e-01 6.340000e-03 1.505400e-01
123 8.420320e-01 6.216000e-03 1.517520e-01
124 8.410880e-01 6.020000e-03 1.528920e-01
125 8.400240e-01 6.032000e-03 1.539440e-01
126 8.390520e-01 5.896000e-03 1.550520e-01
127 8.379840e-01 6.064000e-03 1.559520e-01
128 8.369960e-01 6.000000e-03 1.570040e-01
129 8.359280e-01 6.128000e-03 1.579440e-01
130 8.348560e-01 6.204000e-03 1.589400e-01
131 8.338120e-01 6.192000e-03 1.599960e-01
132 8.327960e-01 6.084000e-03 1.611200e-01
133 8.319160e-01 5.976000e-03 1.621080e-01
134 8.310440e-01 5.760000e-03 1.631960e-01
135 8.301240e-01 5.808000e-03 1.640680e-01
136 8.291600e-01 5.800000e-03 1.650400e-01
137 8.282240e-01 5.800000e-03 1.659760e-01
138 8.273560e-01 5.636000e-03 1.670080e-01
139 8.264160e-01 5.492000e-03 1.680920e-01
140 8.254560e-01 5.436000e-03 1.691080e-01
141 8.246120e-01 5.356000e-03 1.700320e-01
142 8.237520e-01 5.296000e-03 1.709520e-01
143 8.227720e-01 5.408000e-03 1.718200e-01
144 8.217520e-01 5.448000e-03 1.728000e-01
145 8.207880e-01 5.480000e-03 1.737320e-01
146 8.198840e-01 5.460000e-03 1.746560e-01
147 8.190240e-01 5.356000e-03 1.756200e-01
148 8.180680e-01 5.392000e-03 1.765400e-01
149 8.171360e-01 5.376000e-03 1.774880e-01
150 8.162000e-01 5.348000e-03 1.784520e-01
151 8.152280e-01 5.372000e-03 1.794000e-01
152 8.142400e-01 5.412000e-03 1.803480e-01
153 8.134160e-01 5.260000e-03 1.813240e-01
154 8.125880e-01 5.192000e-03 1.822200e-01
155 8.116240e-01 5.312000e-03 1.830640e-01
156 8.106560e-01 5.312000e-03 1.840320e-01
157 8.096640e-01 5.400000e-03 1.849360e-01
158 8.087480e-01 5.368000e-03 1.858840e-01
159 8.078360e-01 5.380000e-03 1.867840e-01
160 8.068520e-01 5.416000e-03 1.877320e-01
161 8.059120e-01 5.388000e-03 1.887000e-01
162 8.048440e-01 5.500000e-03 1.896560e-01
163 8.039760e-01 5.292000e-03 1.907320e-01
164 8.031480e-01 5.280000e-03 1.915720e-01
165 8.023440e-01 5.160000e-03 1.924960e-01
166 8.014320e-01 5.184000e-03 1.933840e-01
167 8.006400e-01 5.056000e-03 1.943040e-01
168 7.997560e-01 5.020000e-03 1.952240e-01
169 7.990560e-01 4.852000e-03 1.960920e-01
170 7.982880e-01 4.716000e-03 1.969960e-01
171 7.975920e-01 4.592000e-03 1.978160e-01
172 7.968680e-01 4.564000e-03 1.985680e-01
173 7.961600e-01 4.484000e-03 1.993560e-01
174 7.954120e-01 4.400000e-03 2.001880e-01
175 7.945720e-01 4.496000e-03 2.009320e-01
176 7.937640e-01 4.580000e-03 2.016560e-01
177 7.929320e-01 4.636000e-03 2.024320e-01
178 7.920560e-01 4.656000e-03 2.032880e-01
179 7.912360e-01 4.632000e-03 2.041320e-01
180 7.904360e-01 4.584000e-03 2.049800e-01
181 7.897280e-01 4.432000e-03 2.058400e-01
182 7.889400e-01 4.500000e-03 2.065600e-01
183 7.882680e-01 4.376000e-03 2.073560e-01
184 7.873080e-01 4.564000e-03 2.081280e-01
185 7.864120e-01 4.636000e-03 2.089520e-01
186 7.855280e-01 4.708000e-03 2.097640e-01
187 7.846120e-01 4.920000e-03 2.104680e-01
188 7.838040e-01 4.812000e-03 2.113840e-01
189 7.828640e-01 4.908000e-03 2.122280e-01
190 7.819520e-01 4.984000e-03 2.130640e-01
191 7.811240e-01 4.960000e-03 2.139160e-01
192 7.801480e-01 5.060000e-03 2.147920e-01
193 7.791440e-01 5.192000e-03 2.156640e-01
194 7.781720e-01 5.224000e-03 2.166040e-01
195 7.772680e-01 5.120000e-03 2.176120e-01
196 7.764440e-01 5.036000e-03 2.185200e-01
197 7.754880e-01 5.164000e-03 2.193480e-01
198 7.745320e-01 5.216000e-03 2.202520e-01
199 7.735440e-01 5.336000e-03 2.211200e-01
200 7.724880e-01 5.368000e-03 2.221440e-01
201 7.714520e-01 5.476000e-03 2.230720e-01
202 7.704960e-01 5.452000e-03 2.240520e-01
203 7.696680e-01 5.332000e-03 2.250000e-01
204 7.687280e-01 5.308000e-03 2.259640e-01
205 7.678080e-01 5.284000e-03 2.269080e-01
206 7.669040e-01 5.260000e-03 2.278360e-01
207 7.659280e-01 5.228000e-03 2.288440e-01
208 7.651360e-01 5.008000e-03 2.298560e-01
209 7.643640e-01 4.832000e-03 2.308040e-01
210 7.636960e-01 4.716000e-03 2.315880e-01
211 7.629160e-01 4.784000e-03 2.323000e-01
212 7.621920e-01 4.632000e-03 2.331760e-01
213 7.614120e-01 4.660000e-03 2.339280e-01
214 7.606080e-01 4.588000e-03 2.348040e-01
215 7.597520e-01 4.612000e-03 2.356360e-01
216 7.589000e-01 4.684000e-03 2.364160e-01
217 7.581280e-01 4.480000e-03 2.373920e-01
218 7.573680e-01 4.428000e-03 2.382040e-01
219 7.565840e-01 4.424000e-03 2.389920e-01
220 7.557720e-01 4.408000e-03 2.398200e-01
221 7.549320e-01 4.532000e-03 2.405360e-01
222 7.540400e-01 4.528000e-03 2.414320e-01
223 7.531560e-01 4.628000e-03 2.422160e-01
224 7.523520e-01 4.684000e-03 2.429640e-01
225 7.515440e-01 4.668000e-03 2.437880e-01
226 7.506640e-01 4.756000e-03 2.445800e-01
227 7.498800e-01 4.692000e-03 2.454280e-01
228 7.490960e-01 4.668000e-03 2.462360e-01
229 7.482800e-01 4.672000e-03 2.470480e-01
230 7.474240e-01 4.680000e-03 2.478960e-01
231 7.466040e-01 4.652000e-03 2.487440e-01
232 7.457520e-01 4.728000e-03 2.495200e-01
233 7.447760e-01 4.932000e-03 2.502920e-01
234 7.438920e-01 4.972000e-03 2.511360e-01
235 7.431640e-01 4.844000e-03 2.519920e-01
236 7.422480e-01 4.944000e-03 2.528080e-01
237 7.413840e-01 4.988000e-03 2.536280e-01
238 7.405880e-01 4.936000e-03 2.544760e-01
239 7.398400e-01 4.852000e-03 2.553080e-01
240 7.390480e-01 4.728000e-03 2.562240e-01
241 7.383320e-01 4.620000e-03 2.570480e-01
242 7.375720e-01 4.548000e-03 2.578800e-01
243 7.367120e-01 4.568000e-03 2.587200e-01
244 7.359920e-01 4.460000e-03 2.595480e-01
245 7.353920e-01 4.284000e-03 2.603240e-01
246 7.347040e-01 4.248000e-03 2.610480e-01
247 7.340000e-01 4.284000e-03 2.617160e-01
248 7.332400e-01 4.352000e-03 2.624080e-01
249 7.325760e-01 4.328000e-03 2.630960e-01
250 7.318680e-01 4.304000e-03 2.638280e-01
251 7.311080e-01 4.280000e-03 2.646120e-01
252 7.303880e-01 4.112000e-03 2.655000e-01
253 7.297480e-01 4.060000e-03 2.661920e-01
254 7.290840e-01 4.020000e-03 2.668960e-01
255 7.283440e-01 4.148000e-03 2.675080e-01
256 7.276040e-01 4.212000e-03 2.681840e-01
257 7.268640e-01 4.224000e-03 2.689120e-01
258 7.261680e-01 4.160000e-03 2.696720e-01
259 7.254840e-01 4.204000e-03 2.703120e-01
260 7.247800e-01 4.256000e-03 2.709640e-01
261 7.241840e-01 4.148000e-03 2.716680e-01
262 7.235800e-01 3.996000e-03 2.724240e-01
263 7.229600e-01 3.836000e-03 2.732040e-01
264 7.224520e-01 3.704000e-03 2.738440e-01
265 7.219800e-01 3.512000e-03 2.745080e-01
266 7.214640e-01 3.476000e-03 2.750600e-01
267 7.209320e-01 3.448000e-03 2.756200e-01
268 7.203560e-01 3.384000e-03 2.762600e-01
269 7.197360e-01 3.480000e-03 2.767840e-01
270 7.191440e-01 3.460000e-03 2.773960e-01
271 7.186000e-01 3.348000e-03 2.780520e-01
272 7.180720e-01 3.288000e-03 2.786400e-01
273 7.175560e-01 3.284000e-03 2.791600e-01
274 7.170280e-01 3.204000e-03 2.797680e-01
275 7.163920e-01 3.244000e-03 2.803640e-01
276 7.158240e-01 3.208000e-03 2.809680e-01
277 7.153320e-01 3.136000e-03 2.815320e-01
278 7.149080e-01 2.952000e-03 2.821400e-01
279 7.144600e-01 2.848000e-03 2.826920e-01
280 7.140120e-01 2.868000e-03 2.831200e-01
281 7.135040e-01 2.868000e-03 2.836280e-01
282 7.130040e-01 2.852000e-03 2.841440e-01
283 7.126120e-01 2.744000e-03 2.846440e-01
284 7.121960e-01 2.640000e-03 2.851640e-01
285 7.117360e-01 2.660000e-03 2.856040e-01
286 7.112800e-01 2.700000e-03 2.860200e-01
287 7.108080e-01 2.700000e-03 2.864920e-01
288 7.103040e-01 2.720000e-03 2.869760e-01
289 7.097880e-01 2.696000e-03 2.875160e-01
290 7.093080e-01 2.704000e-03 2.879880e-01
291 7.088160e-01 2.796000e-03 2.883880e-01
292 7.084200e-01 2.608000e-03 2.889720e-01
293 7.080640e-01 2.532000e-03 2.894040e-01
294 7.076840e-01 2.480000e-03 2.898360e-01
295 7.072600e-01 2.452000e-03 2.902880e-01
296 7.068800e-01 2.444000e-03 2.906760e-01
297 7.065600e-01 2.344000e-03 2.910960e-01
298 7.062080e-01 2.324000e-03 2.914680e-01
299 7.057800e-01 2.368000e-03 2.918520e-01
300 7.053880e-01 2.336000e-03 2.922760e-01
301 7.049960e-01 2.292000e-03 2.927120e-01
302 7.045400e-01 2.300000e-03 2.931600e-01
303 7.041160e-01 2.236000e-03 2.936480e-01
304 7.037720e-01 2.188000e-03 2.940400e-01
305 7.034520e-01 2.204000e-03 2.943440e-01
306 7.031400e-01 2.096000e-03 2.947640e-01
307 7.027760e-01 2.096000e-03 2.951280e-01
308 7.024880e-01 2.028000e-03 2.954840e-01
309 7.022000e-01 2.020000e-03 2.957800e-01
310 7.018880e-01 2.016000e-03 2.960960e-01
311 7.015840e-01 1.964000e-03 2.964520e-01
312 7.012960e-01 1.924000e-03 2.967800e-01
313 7.010400e-01 1.856000e-03 2.971040e-01
314 7.007680e-01 1.808000e-03 2.974240e-01
315 7.004320e-01 1.756000e-03 2.978120e-01
316 7.001480e-01 1.704000e-03 2.981480e-01
317 6.998680e-01 1.684000e-03 2.984480e-01
318 6.996360e-01 1.628000e-03 2.987360e-01
319 6.992960e-01 1.652000e-03 2.990520e-01
320 6.990560e-01 1.616000e-03 2.993280e-01
321 6.987280e-01 1.676000e-03 2.995960e-01
322 6.984480e-01 1.636000e-03 2.999160e-01
323 6.981600e-01 1.616000e-03 3.002240e-01
324 6.978720e-01 1.636000e-03 3.004920e-01
325 6.976000e-01 1.644000e-03 3.007560e-01
326 6.973320e-01 1.632000e-03 3.010360e-01
327 6.970480e-01 1.580000e-03 3.013720e-01
328 6.968360e-01 1.532000e-03 3.016320e-01
329 6.965520e-01 1.536000e-03 3.019120e-01
330 6.963520e-01 1.448000e-03 3.022000e-01
331 6.960400e-01 1.464000e-03 3.024960e-01
332 6.958120e-01 1.460000e-03 3.027280e-01
333 6.955520e-01 1.496000e-03 3.029520e-01
334 6.952560e-01 1.532000e-03 3.032120e-01
335 6.950440e-01 1.500000e-03 3.034560e-01
336 6.948000e-01 1.504000e-03 3.036960e-01
337 6.945160e-01 1.488000e-03 3.039960e-01
338 6.942960e-01 1.496000e-03 3.042080e-01
339 6.940520e-01 1.508000e-03 3.044400e-01
340 6.938240e-01 1.420000e-03 3.047560e-01
341 6.936200e-01 1.372000e-03 3.050080e-01
342 6.933360e-01 1.420000e-03 3.052440e-01
343 6.930560e-01 1.428000e-03 3.055160e-01
344 6.928000e-01 1.408000e-03 3.057920e-01
345 6.925320e-01 1.408000e-03 3.060600e-01
346 6.923160e-01 1.408000e-03 3.062760e-01
347 6.920200e-01 1.416000e-03 3.065640e-01
348 6.917600e-01 1.428000e-03 3.068120e-01
349 6.915240e-01 1.380000e-03 3.070960e-01
350 6.913080e-01 1.376000e-03 3.073160e-01
351 6.910720e-01 1.372000e-03 3.075560e-01
352 6.908040e-01 1.380000e-03 3.078160e-01
353 6.905880e-01 1.320000e-03 3.080920e-01
354 6.903480e-01 1.348000e-03 3.083040e-01
355 6.901560e-01 1.368000e-03 3.084760e-01
356 6.899520e-01 1.336000e-03 3.087120e-01
357 6.897240e-01 1.304000e-03 3.089720e-01
358 6.895480e-01 1.268000e-03 3.091840e-01
359 6.893360e-01 1.316000e-03 3.093480e-01
360 6.890800e-01 1.336000e-03 3.095840e-01
361 6.888200e-01 1.352000e-03 3.098280e-01
362 6.885520e-01 1.388000e-03 3.100600e-01
363 6.882960e-01 1.388000e-03 3.103160e-01
364 6.880400e-01 1.368000e-03 3.105920e-01
365 6.878440e-01 1.324000e-03 3.108320e-01
366 6.876000e-01 1.356000e-03 3.110440e-01
367 6.874120e-01 1.352000e-03 3.112360e-01
368 6.871680e-01 1.376000e-03 3.114560e-01
369 6.869640e-01 1.328000e-03 3.117080e-01
370 6.867200e-01 1.316000e-03 3.119640e-01
371 6.865080e-01 1.292000e-03 3.122000e-01
372 6.863280e-01 1.248000e-03 3.124240e-01
373 6.860680e-01 1.296000e-03 3.126360e-01
374 6.858840e-01 1.244000e-03 3.128720e-01
375 6.856680e-01 1.276000e-03 3.130560e-01
376 6.855040e-01 1.220000e-03 3.132760e-01
377 6.853520e-01 1.192000e-03 3.134560e-01
378 6.851600e-01 1.204000e-03 3.136360e-01
379 6.850000e-01 1.184000e-03 3.138160e-01
380 6.848120e-01 1.152000e-03 3.140360e-01
381 6.846720e-01 1.056000e-03 3.142720e-01
382 6.844960e-01 1.064000e-03 3.144400e-01
383 6.843360e-01 1.040000e-03 3.146240e-01
384 6.842080e-01 9.880000e-04 3.148040e-01
385 6.839360e-01 1.080000e-03 3.149840e-01
386 6.837160e-01 1.092000e-03 3.151920e-01
387 6.835520e-01 1.068000e-03 3.153800e-01
388 6.833480e-01 1.092000e-03 3.155600e-01
389 6.831720e-01 1.084000e-03 3.157440e-01
390 6.830280e-01 1.020000e-03 3.159520e-01
391 6.828240e-01 1.064000e-03 3.161120e-01
392 6.826440e-01 1.028000e-03 3.163280e-01
393 6.824960e-01 9.720000e-04 3.165320e-01
394 6.823720e-01 9.280000e-04 3.167000e-01
395 6.821640e-01 9.440000e-04 3.168920e-01
396 6.819920e-01 9.400000e-04 3.170680e-01
397 6.818480e-01 9.400000e-04 3.172120e-01
398 6.817040e-01 9.160000e-04 3.173800e-01
399 6.815520e-01 9.360000e-04 3.175120e-01
400 6.814160e-01 8.880000e-04 3.176960e-01
401 6.812520e-01 8.880000e-04 3.178600e-01
402 6.810920e-01 9.120000e-04 3.179960e-01
403 6.809080e-01 9.080000e-04 3.181840e-01
404 6.807160e-01 9.120000e-04 3.183720e-01
405 6.805040e-01 9.720000e-04 3.185240e-01
406 6.803120e-01 9.920000e-04 3.186960e-01
407 6.801120e-01 1.024000e-03 3.188640e-01
408 6.798800e-01 1.048000e-03 3.190720e-01
409 6.796840e-01 1.064000e-03 3.192520e-01
410 6.795680e-01 1.012000e-03 3.194200e-01
411 6.793960e-01 1.040000e-03 3.195640e-01
412 6.792200e-01 1.052000e-03 3.197280e-01
413 6.790400e-01 1.056000e-03 3.199040e-01
414 6.788720e-01 1.092000e-03 3.200360e-01
415 6.787240e-01 9.960000e-04 3.202800e-01
416 6.786160e-01 9.600000e-04 3.204240e-01
417 6.784640e-01 9.120000e-04 3.206240e-01
418 6.783400e-01 8.600000e-04 3.208000e-01
419 6.781800e-01 8.920000e-04 3.209280e-01
420 6.780120e-01 9.280000e-04 3.210600e-01
421 6.778920e-01 9.000000e-04 3.212080e-01
422 6.777280e-01 9.200000e-04 3.213520e-01
423 6.775960e-01 8.760000e-04 3.215280e-01
424 6.774640e-01 8.840000e-04 3.216520e-01
425 6.773200e-01 8.920000e-04 3.217880e-01
426 6.771680e-01 8.760000e-04 3.219560e-01
427 6.770480e-01 8.880000e-04 3.220640e-01
428 6.769200e-01 8.680000e-04 3.222120e-01
429 6.766920e-01 9.800000e-04 3.223280e-01
430 6.765280e-01 9.880000e-04 3.224840e-01
431 6.763800e-01 9.880000e-04 3.226320e-01
432 6.762480e-01 9.720000e-04 3.227800e-01
433 6.761040e-01 9.200000e-04 3.229760e-01
434 6.760000e-01 8.320000e-04 3.231680e-01
435 6.758760e-01 7.720000e-04 3.233520e-01
436 6.757800e-01 7.360000e-04 3.234840e-01
437 6.756680e-01 7.400000e-04 3.235920e-01
438 6.755560e-01 7.040000e-04 3.237400e-01
439 6.754480e-01 6.720000e-04 3.238800e-01
440 6.753640e-01 6.760000e-04 3.239600e-01
441 6.752360e-01 6.600000e-04 3.241040e-01
442 6.751200e-01 6.360000e-04 3.242440e-01
443 6.749920e-01 6.680000e-04 3.243400e-01
444 6.748440e-01 6.600000e-04 3.244960e-01
445 6.747040e-01 6.720000e-04 3.246240e-01
446 6.746000e-01 6.640000e-04 3.247360e-01
447 6.745000e-01 6.360000e-04 3.248640e-01
448 6.744280e-01 6.360000e-04 3.249360e-01
449 6.743280e-01 6.240000e-04 3.250480e-01
450 6.742440e-01 5.720000e-04 3.251840e-01
451 6.741760e-01 5.000000e-04 3.253240e-01
452 6.741040e-01 4.760000e-04 3.254200e-01
453 6.740280e-01 4.800000e-04 3.254920e-01
454 6.739200e-01 5.040000e-04 3.255760e-01
455 6.738360e-01 4.800000e-04 3.256840e-01
456 6.737920e-01 4.320000e-04 3.257760e-01
457 6.737560e-01 4.080000e-04 3.258360e-01
458 6.737040e-01 3.880000e-04 3.259080e-01
459 6.736360e-01 4.000000e-04 3.259640e-01
460 6.735720e-01 4.040000e-04 3.260240e-01
461 6.734920e-01 4.240000e-04 3.260840e-01
462 6.734200e-01 4.240000e-04 3.261560e-01
463 6.733600e-01 4.040000e-04 3.262360e-01
464 6.732720e-01 4.160000e-04 3.263120e-01
465 6.731920e-01 4.320000e-04 3.263760e-01
466 6.730800e-01 4.680000e-04 3.264520e-01
467 6.729840e-01 4.720000e-04 3.265440e-01
468 6.728760e-01 4.880000e-04 3.266360e-01
469 6.728080e-01 4.800000e-04 3.267120e-01
470 6.727440e-01 4.680000e-04 3.267880e-01
471 6.726920e-01 4.000000e-04 3.269080e-01
472 6.726400e-01 4.120000e-04 3.269480e-01
473 6.725720e-01 4.280000e-04 3.270000e-01
474 6.725040e-01 4.200000e-04 3.270760e-01
475 6.724360e-01 4.400000e-04 3.271240e-01
476 6.723240e-01 4.920000e-04 3.271840e-01
477 6.722280e-01 5.000000e-04 3.272720e-01
478 6.721720e-01 4.680000e-04 3.273600e-01
479 6.720400e-01 5.200000e-04 3.274400e-01
480 6.719560e-01 5.120000e-04 3.275320e-01
481 6.718520e-01 5.360000e-04 3.276120e-01
482 6.718040e-01 4.840000e-04 3.277120e-01
483 6.717360e-01 4.840000e-04 3.277800e-01
484 6.716640e-01 4.760000e-04 3.278600e-01
485 6.715840e-01 4.640000e-04 3.279520e-01
486 6.714960e-01 4.840000e-04 3.280200e-01
487 6.714240e-01 5.040000e-04 3.280720e-01
488 6.713360e-01 4.960000e-04 3.281680e-01
489 6.712400e-01 4.920000e-04 3.282680e-01
490 6.711360e-01 5.160000e-04 3.283480e-01
491 6.710400e-01 5.120000e-04 3.284480e-01
492 6.709520e-01 5.400000e-04 3.285080e-01
493 6.708440e-01 5.480000e-04 3.286080e-01
494 6.707880e-01 5.240000e-04 3.286880e-01
495 6.707080e-01 5.160000e-04 3.287760e-01
496 6.706440e-01 5.000000e-04 3.288560e-01
497 6.705720e-01 4.840000e-04 3.289440e-01
498 6.705240e-01 4.520000e-04 3.290240e-01
499 6.704600e-01 4.200000e-04 3.291200e-01
500 6.704000e-01 3.960000e-04 3.292040e-01
