1 9.991360e-01 7.640000e-04 1.000000e-04
2 9.986480e-01 1.088000e-03 2.640000e-04
3 9.980680e-01 1.428000e-03 5.040000e-04
4 9.974440e-01 1.816000e-03 7.400000e-04
5 9.965560e-01 2.364000e-03 1.080000e-03
6 9.957400e-01 2.768000e-03 1.492000e-03
7 9.947440e-01 3.204000e-03 2.052000e-03
8 9.937680e-01 3.516000e-03 2.716000e-03
9 9.928800e-01 3.740000e-03 3.380000e-03
10 9.920040e-01 3.896000e-03 4.100000e-03
11 9.909440e-01 4.340000e-03 4.716000e-03
12 9.898320e-01 4.676000e-03 5.492000e-03
13 9.887160e-01 5.012000e-03 6.272000e-03
14 9.876040e-01 5.200000e-03 7.196000e-03
15 9.865160e-01 5.428000e-03 8.056000e-03
16 9.854080e-01 5.612000e-03 8.980000e-03
17 9.842240e-01 5.768000e-03 1.000800e-02
18 9.830520e-01 5.864000e-03 1.108400e-02
19 9.818320e-01 6.064000e-03 1.210400e-02
20 9.807400e-01 5.968000e-03 1.329200e-02
21 9.795560e-01 6.052000e-03 1.439200e-02
22 9.783000e-01 6.280000e-03 1.542000e-02
23 9.771040e-01 6.328000e-03 1.656800e-02
24 9.758880e-01 6.372000e-03 1.774000e-02
25 9.747240e-01 6.416000e-03 1.886000e-02
26 9.734080e-01 6.564000e-03 2.002800e-02
27 9.720640e-01 6.724000e-03 2.121200e-02
28 9.706560e-01 6.948000e-03 2.239600e-02
29 9.692440e-01 7.228000e-03 2.352800e-02
30 9.678600e-01 7.292000e-03 2.484800e-02
31 9.663480e-01 7.532000e-03 2.612000e-02
32 9.648200e-01 7.756000e-03 2.742400e-02
33 9.633320e-01 7.772000e-03 2.889600e-02
34 9.617040e-01 7.956000e-03 3.034000e-02
35 9.601640e-01 8.096000e-03 3.174000e-02
36 9.586080e-01 8.172000e-03 3.322000e-02
37 9.569200e-01 8.444000e-03 3.463600e-02
38 9.553000e-01 8.712000e-03 3.598800e-02
39 9.536040e-01 8.832000e-03 3.756400e-02
40 9.519080e-01 8.928000e-03 3.916400e-02
41 9.500920e-01 9.304000e-03 4.060400e-02
42 9.482200e-01 9.436000e-03 4.234400e-02
43 9.461720e-01 9.868000e-03 4.396000e-02
44 9.443200e-01 1.008000e-02 4.560000e-02
45 9.423840e-01 1.029600e-02 4.732000e-02
46 9.405400e-01 1.036800e-02 4.909200e-02
47 9.386000e-01 1.033200e-02 5.106800e-02
48 9.365600e-01 1.046800e-02 5.297200e-02
49 9.345960e-01 1.051200e-02 5.489200e-02
50 9.327280e-01 1.058400e-02 5.668800e-02
51 9.308320e-01 1.042400e-02 5.874400e-02
52 9.290160e-01 1.048000e-02 6.050400e-02
53 9.272520e-01 1.045200e-02 6.229600e-02
54 9.254240e-01 1.037600e-02 6.420000e-02
55 9.235400e-01 1.061200e-02 6.584800e-02
56 9.218240e-01 1.046400e-02 6.771200e-02
57 9.197360e-01 1.073200e-02 6.953200e-02
58 9.178680e-01 1.071200e-02 7.142000e-02
59 9.158440e-01 1.082800e-02 7.332800e-02
60 9.138840e-01 1.082000e-02 7.529600e-02
61 9.119360e-01 1.091600e-02 7.714800e-02
62 9.099800e-01 1.092000e-02 7.910000e-02
63 9.080280e-01 1.105200e-02 8.092000e-02
64 9.059240e-01 1.112800e-02 8.294800e-02
65 9.037480e-01 1.150000e-02 8.475200e-02
66 9.016920e-01 1.157600e-02 8.673200e-02
67 8.995400e-01 1.170400e-02 8.875600e-02
68 8.974200e-01 1.175600e-02 9.082400e-02
69 8.952640e-01 1.179600e-02 9.294000e-02
70 8.932200e-01 1.180000e-02 9.498000e-02
71 8.912000e-01 1.192000e-02 9.688000e-02
72 8.891800e-01 1.186400e-02 9.895600e-02
73 8.872760e-01 1.165600e-02 1.010680e-01
74 8.853640e-01 1.146800e-02 1.031680e-01
75 8.834240e-01 1.133200e-02 1.052440e-01
76 8.814760e-01 1.130000e-02 1.072240e-01
77 8.795760e-01 1.122800e-02 1.091960e-01
78 8.777920e-01 1.089600e-02 1.113120e-01
79 8.758920e-01 1.080400e-02 1.133040e-01
80 8.740600e-01 1.070800e-02 1.152320e-01
81 8.721880e-01 1.074400e-02 1.170680e-01
82 8.701440e-01 1.078800e-02 1.190680e-01
83 8.682680e-01 1.077600e-02 1.209560e-01
84 8.666360e-01 1.060000e-02 1.227640e-01
85 8.646400e-01 1.082800e-02 1.245320e-01
86 8.628400e-01 1.071600e-02 1.264440e-01
87 8.609400e-01 1.082000e-02 1.282400e-01
88 8.591880e-01 1.080000e-02 1.300120e-01
89 8.573240e-01 1.071200e-02 1.319640e-01
90 8.555880e-01 1.063600e-02 1.337760e-01
91 8.538040e-01 1.042800e-02 1.357680e-01
92 8.519760e-01 1.042400e-02 1.376000e-01
93 8.502040e-01 1.048000e-02 1.393160e-01
94 8.485800e-01 1.028000e-02 1.411400e-01
95 8.467240e-01 1.018800e-02 1.430880e-01
96 8.449840e-01 1.018000e-02 1.448360e-01
97 8.431840e-01 1.017600e-02 1.466400e-01
98 8.413960e-01 1.019200e-02 1.484120e-01
99 8.397080e-01 1.008400e-02 1.502080e-01
100 8.379320e-01 1.024800e-02 1.518200e-01
101 8.363280e-01 9.924000e-03 1.537480e-01
102 8.345440e-01 1.001600e-02 1.554400e-01
103 8.327040e-01 1.007600e-02 1.572200e-01
104 8.310040e-01 1.006000e-02 1.589360e-01
105 8.291200e-01 1.016800e-02 1.607120e-01
106 8.273760e-01 1.008800e-02 1.625360e-01
107 8.256200e-01 1.006800e-02 1.643120e-01
108 8.238040e-01 1.019200e-02 1.660040e-01
109 8.220400e-01 1.016800e-02 1.677920e-01
110 8.202480e-01 1.008000e-02 1.696720e-01
111 8.184000e-01 1.021200e-02 1.713880e-01
112 8.166440e-01 1.016400e-02 1.731920e-01
113 8.148800e-01 1.020000e-02 1.749200e-01
114 8.131200e-01 1.016800e-02 1.767120e-01
115 8.110680e-01 1.042400e-02 1.785080e-01
116 8.092040e-01 1.048400e-02 1.803120e-01
117 8.074080e-01 1.050800e-02 1.820840e-01
118 8.056880e-01 1.052400e-02 1.837880e-01
119 8.039240e-01 1.056400e-02 1.855120e-01
120 8.024080e-01 1.022800e-02 1.873640e-01
121 8.008440e-01 1.011600e-02 1.890400e-01
122 7.992240e-01 9.996000e-03 1.907800e-01
123 7.976640e-01 9.676000e-03 1.926600e-01
124 7.960920e-01 9.556000e-03 1.943520e-01
125 7.945360e-01 9.488000e-03 1.959760e-01
126 7.930440e-01 9.384000e-03 1.975720e-01
127 7.915880e-01 9.224000e-03 1.991880e-01
128 7.902160e-01 9.140000e-03 2.006440e-01
129 7.888200e-01 8.840000e-03 2.023400e-01
130 7.872920e-01 8.708000e-03 2.040000e-01
131 7.859000e-01 8.616000e-03 2.054840e-01
132 7.843000e-01 8.628000e-03 2.070720e-01
133 7.828760e-01 8.588000e-03 2.085360e-01
134 7.812560e-01 8.724000e-03 2.100200e-01
135 7.796360e-01 8.880000e-03 2.114840e-01
136 7.780360e-01 8.864000e-03 2.131000e-01
137 7.766000e-01 8.804000e-03 2.145960e-01
138 7.751280e-01 8.808000e-03 2.160640e-01
139 7.735360e-01 8.740000e-03 2.177240e-01
140 7.721040e-01 8.612000e-03 2.192840e-01
141 7.706400e-01 8.560000e-03 2.208000e-01
142 7.690600e-01 8.588000e-03 2.223520e-01
143 7.674960e-01 8.644000e-03 2.238600e-01
144 7.660600e-01 8.600000e-03 2.253400e-01
145 7.646920e-01 8.372000e-03 2.269360e-01
146 7.634280e-01 8.320000e-03 2.282520e-01
147 7.621040e-01 8.312000e-03 2.295840e-01
148 7.609200e-01 7.992000e-03 2.310880e-01
149 7.596600e-01 7.908000e-03 2.324320e-01
150 7.583600e-01 7.840000e-03 2.338000e-01
151 7.571040e-01 7.600000e-03 2.352960e-01
152 7.559320e-01 7.544000e-03 2.365240e-01
153 7.547800e-01 7.336000e-03 2.378840e-01
154 7.535640e-01 7.336000e-03 2.391000e-01
155 7.523760e-01 7.240000e-03 2.403840e-01
156 7.511600e-01 7.220000e-03 2.416200e-01
157 7.498840e-01 7.232000e-03 2.428840e-01
158 7.485520e-01 7.148000e-03 2.443000e-01
159 7.473160e-01 7.196000e-03 2.454880e-01
160 7.461720e-01 7.036000e-03 2.467920e-01
161 7.450400e-01 6.940000e-03 2.480200e-01
162 7.437920e-01 7.048000e-03 2.491600e-01
163 7.427640e-01 6.804000e-03 2.504320e-01
164 7.417480e-01 6.648000e-03 2.516040e-01
165 7.407880e-01 6.532000e-03 2.526800e-01
166 7.398040e-01 6.404000e-03 2.537920e-01
167 7.387520e-01 6.256000e-03 2.549920e-01
168 7.376640e-01 6.160000e-03 2.561760e-01
169 7.365400e-01 6.200000e-03 2.572600e-01
170 7.354640e-01 6.208000e-03 2.583280e-01
171 7.343000e-01 6.272000e-03 2.594280e-01
172 7.331520e-01 6.344000e-03 2.605040e-01
173 7.320640e-01 6.312000e-03 2.616240e-01
174 7.311160e-01 6.116000e-03 2.627680e-01
175 7.301480e-01 6.000000e-03 2.638520e-01
176 7.291760e-01 5.920000e-03 2.649040e-01
177 7.282720e-01 5.836000e-03 2.658920e-01
178 7.273160e-01 5.792000e-03 2.668920e-01
179 7.262880e-01 5.720000e-03 2.679920e-01
180 7.254840e-01 5.492000e-03 2.690240e-01
181 7.245480e-01 5.516000e-03 2.699360e-01
182 7.237080e-01 5.388000e-03 2.709040e-01
183 7.229320e-01 5.344000e-03 2.717240e-01
184 7.220360e-01 5.344000e-03 2.726200e-01
185 7.211360e-01 5.352000e-03 2.735120e-01
186 7.201600e-01 5.468000e-03 2.743720e-01
187 7.190920e-01 5.548000e-03 2.753600e-01
188 7.180360e-01 5.616000e-03 2.763480e-01
189 7.171000e-01 5.672000e-03 2.772280e-01
190 7.162760e-01 5.524000e-03 2.782000e-01
191 7.153040e-01 5.452000e-03 2.792440e-01
192 7.144440e-01 5.428000e-03 2.801280e-01
193 7.135480e-01 5.400000e-03 2.810520e-01
194 7.127280e-01 5.256000e-03 2.820160e-01
195 7.119840e-01 5.128000e-03 2.828880e-01
196 7.110920e-01 5.072000e-03 2.838360e-01
197 7.102600e-01 5.100000e-03 2.846400e-01
198 7.094320e-01 5.044000e-03 2.855240e-01
199 7.086680e-01 4.908000e-03 2.864240e-01
200 7.079360e-01 4.768000e-03 2.872960e-01
201 7.072840e-01 4.600000e-03 2.881160e-01
202 7.066000e-01 4.472000e-03 2.889280e-01
203 7.059240e-01 4.416000e-03 2.896600e-01
204 7.052120e-01 4.304000e-03 2.904840e-01
205 7.044720e-01 4.332000e-03 2.911960e-01
206 7.037640e-01 4.332000e-03 2.919040e-01
207 7.030640e-01 4.328000e-03 2.926080e-01
208 7.023960e-01 4.248000e-03 2.933560e-01
209 7.015880e-01 4.360000e-03 2.940520e-01
210 7.007320e-01 4.424000e-03 2.948440e-01
211 7.000080e-01 4.364000e-03 2.956280e-01
212 6.991640e-01 4.436000e-03 2.964000e-01
213 6.984440e-01 4.484000e-03 2.970720e-01
214 6.976920e-01 4.476000e-03 2.978320e-01
215 6.968320e-01 4.552000e-03 2.986160e-01
216 6.960720e-01 4.540000e-03 2.993880e-01
217 6.952920e-01 4.460000e-03 3.002480e-01
218 6.943920e-01 4.508000e-03 3.011000e-01
219 6.936400e-01 4.500000e-03 3.018600e-01
220 6.927680e-01 4.604000e-03 3.026280e-01
221 6.919840e-01 4.596000e-03 3.034200e-01
222 6.912440e-01 4.564000e-03 3.041920e-01
223 6.904200e-01 4.548000e-03 3.050320e-01
224 6.896680e-01 4.484000e-03 3.058480e-01
225 6.888320e-01 4.520000e-03 3.066480e-01
226 6.880400e-01 4.488000e-03 3.074720e-01
227 6.872120e-01 4.576000e-03 3.082120e-01
228 6.864160e-01 4.492000e-03 3.090920e-01
229 6.855280e-01 4.516000e-03 3.099560e-01
230 6.847640e-01 4.432000e-03 3.108040e-01
231 6.839240e-01 4.448000e-03 3.116280e-01
232 6.830680e-01 4.544000e-03 3.123880e-01
233 6.822480e-01 4.588000e-03 3.131640e-01
234 6.814280e-01 4.616000e-03 3.139560e-01
235 6.805800e-01 4.648000e-03 3.147720e-01
236 6.796520e-01 4.768000e-03 3.155800e-01
237 6.788240e-01 4.876000e-03 3.163000e-01
238 6.780240e-01 4.792000e-03 3.171840e-01
239 6.771640e-01 4.736000e-03 3.181000e-01
240 6.762680e-01 4.816000e-03 3.189160e-01
241 6.753960e-01 4.824000e-03 3.197800e-01
242 6.745880e-01 4.816000e-03 3.205960e-01
243 6.737440e-01 4.860000e-03 3.213960e-01
244 6.729680e-01 4.796000e-03 3.222360e-01
245 6.720480e-01 4.880000e-03 3.230720e-01
246 6.712960e-01 4.920000e-03 3.237840e-01
247 6.706120e-01 4.700000e-03 3.246880e-01
248 6.699120e-01 4.568000e-03 3.255200e-01
249 6.691600e-01 4.516000e-03 3.263240e-01
250 6.684240e-01 4.428000e-03 3.271480e-01
251 6.675880e-01 4.452000e-03 3.279600e-01
252 6.668080e-01 4.452000e-03 3.287400e-01
253 6.659360e-01 4.568000e-03 3.294960e-01
254 6.650680e-01 4.608000e-03 3.303240e-01
255 6.643960e-01 4.464000e-03 3.311400e-01
256 6.636520e-01 4.496000e-03 3.318520e-01
257 6.628160e-01 4.520000e-03 3.326640e-01
258 6.620960e-01 4.440000e-03 3.334640e-01
259 6.614320e-01 4.412000e-03 3.341560e-01
260 6.607240e-01 4.288000e-03 3.349880e-01
261 6.600840e-01 4.112000e-03 3.358040e-01
262 6.593720e-01 4.092000e-03 3.365360e-01
263 6.587720e-01 4.080000e-03 3.371480e-01
264 6.581840e-01 3.976000e-03 3.378400e-01
265 6.575160e-01 3.928000e-03 3.385560e-01
266 6.568880e-01 3.780000e-03 3.393320e-01
267 6.562840e-01 3.796000e-03 3.399200e-01
268 6.557480e-01 3.632000e-03 3.406200e-01
269 6.552040e-01 3.612000e-03 3.411840e-01
270 6.546040e-01 3.624000e-03 3.417720e-01
271 6.539160e-01 3.604000e-03 3.424800e-01
272 6.532400e-01 3.580000e-03 3.431800e-01
273 6.525640e-01 3.584000e-03 3.438520e-01
274 6.519200e-01 3.612000e-03 3.444680e-01
275 6.513400e-01 3.584000e-03 3.450760e-01
276 6.505920e-01 3.644000e-03 3.457640e-01
277 6.499800e-01 3.624000e-03 3.463960e-01
278 6.493840e-01 3.544000e-03 3.470720e-01
279 6.489080e-01 3.476000e-03 3.476160e-01
280 6.483400e-01 3.480000e-03 3.481800e-01
281 6.477920e-01 3.428000e-03 3.487800e-01
282 6.472480e-01 3.348000e-03 3.494040e-01
283 6.467240e-01 3.304000e-03 3.499720e-01
284 6.462000e-01 3.252000e-03 3.505480e-01
285 6.457240e-01 3.172000e-03 3.511040e-01
286 6.452000e-01 3.068000e-03 3.517320e-01
287 6.447360e-01 2.896000e-03 3.523680e-01
288 6.442080e-01 2.988000e-03 3.528040e-01
289 6.436400e-01 2.960000e-03 3.534000e-01
290 6.431440e-01 2.952000e-03 3.539040e-01
291 6.426200e-01 2.956000e-03 3.544240e-01
292 6.420720e-01 3.000000e-03 3.549280e-01
293 6.414880e-01 3.076000e-03 3.554360e-01
294 6.409440e-01 3.092000e-03 3.559640e-01
295 6.404240e-01 3.012000e-03 3.565640e-01
296 6.399400e-01 2.948000e-03 3.571120e-01
297 6.393960e-01 3.012000e-03 3.575920e-01
298 6.387840e-01 3.024000e-03 3.581920e-01
299 6.382400e-01 3.000000e-03 3.587600e-01
300 6.377080e-01 3.036000e-03 3.592560e-01
301 6.371640e-01 3.004000e-03 3.598320e-01
302 6.365000e-01 3.104000e-03 3.603960e-01
303 6.359880e-01 3.104000e-03 3.609080e-01
304 6.354240e-01 3.096000e-03 3.614800e-01
305 6.349160e-01 3.056000e-03 3.620280e-01
306 6.343000e-01 3.152000e-03 3.625480e-01
307 6.337840e-01 3.132000e-03 3.630840e-01
308 6.332960e-01 3.080000e-03 3.636240e-01
309 6.328960e-01 2.960000e-03 3.641440e-01
310 6.323400e-01 3.016000e-03 3.646440e-01
311 6.318120e-01 3.016000e-03 3.651720e-01
312 6.312720e-01 2.964000e-03 3.657640e-01
313 6.308520e-01 2.868000e-03 3.662800e-01
314 6.304240e-01 2.812000e-03 3.667640e-01
315 6.300160e-01 2.716000e-03 3.672680e-01
316 6.296400e-01 2.656000e-03 3.677040e-01
317 6.292000e-01 2.620000e-03 3.681800e-01
318 6.287360e-01 2.636000e-03 3.686280e-01
319 6.283520e-01 2.552000e-03 3.690960e-01
320 6.278600e-01 2.640000e-03 3.695000e-01
321 6.274560e-01 2.616000e-03 3.699280e-01
322 6.270000e-01 2.660000e-03 3.703400e-01
323 6.265640e-01 2.608000e-03 3.708280e-01
324 6.260960e-01 2.656000e-03 3.712480e-01
325 6.256280e-01 2.664000e-03 3.717080e-01
326 6.251520e-01 2.720000e-03 3.721280e-01
327 6.246960e-01 2.684000e-03 3.726200e-01
328 6.242800e-01 2.608000e-03 3.731120e-01
329 6.237640e-01 2.696000e-03 3.735400e-01
330 6.233840e-01 2.556000e-03 3.740600e-01
331 6.229840e-01 2.444000e-03 3.745720e-01
332 6.225600e-01 2.484000e-03 3.749560e-01
333 6.222200e-01 2.336000e-03 3.754440e-01
334 6.218160e-01 2.368000e-03 3.758160e-01
335 6.214520e-01 2.328000e-03 3.762200e-01
336 6.211120e-01 2.260000e-03 3.766280e-01
337 6.207200e-01 2.268000e-03 3.770120e-01
338 6.203440e-01 2.244000e-03 3.774120e-01
339 6.199360e-01 2.248000e-03 3.778160e-01
340 6.196080e-01 2.200000e-03 3.781920e-01
341 6.192360e-01 2.248000e-03 3.785160e-01
342 6.188960e-01 2.264000e-03 3.788400e-01
343 6.184720e-01 2.268000e-03 3.792600e-01
344 6.180400e-01 2.312000e-03 3.796480e-01
345 6.176320e-01 2.308000e-03 3.800600e-01
346 6.173040e-01 2.316000e-03 3.803800e-01
347 6.169640e-01 2.268000e-03 3.807680e-01
348 6.166040e-01 2.288000e-03 3.811080e-01
349 6.162320e-01 2.264000e-03 3.815040e-01
350 6.157800e-01 2.308000e-03 3.819120e-01
351 6.153640e-01 2.356000e-03 3.822800e-01
352 6.149200e-01 2.436000e-03 3.826440e-01
353 6.144320e-01 2.504000e-03 3.830640e-01
354 6.140040e-01 2.464000e-03 3.835320e-01
355 6.135600e-01 2.440000e-03 3.840000e-01
356 6.132000e-01 2.364000e-03 3.844360e-01
357 6.127720e-01 2.392000e-03 3.848360e-01
358 6.123560e-01 2.344000e-03 3.853000e-01
359 6.119600e-01 2.280000e-03 3.857600e-01
360 6.116120e-01 2.236000e-03 3.861520e-01
361 6.112560e-01 2.148000e-03 3.865960e-01
362 6.109960e-01 2.064000e-03 3.869400e-01
363 6.107280e-01 1.940000e-03 3.873320e-01
364 6.104640e-01 1.884000e-03 3.876520e-01
365 6.101960e-01 1.832000e-03 3.879720e-01
366 6.098520e-01 1.812000e-03 3.883360e-01
367 6.095400e-01 1.796000e-03 3.886640e-01
368 6.091880e-01 1.784000e-03 3.890280e-01
369 6.088720e-01 1.804000e-03 3.893240e-01
370 6.084200e-01 1.936000e-03 3.896440e-01
371 6.081240e-01 1.896000e-03 3.899800e-01
372 6.078120e-01 1.888000e-03 3.903000e-01
373 6.074480e-01 1.948000e-03 3.906040e-01
374 6.071360e-01 1.876000e-03 3.909880e-01
375 6.067880e-01 1.856000e-03 3.913560e-01
376 6.064800e-01 1.900000e-03 3.916200e-01
377 6.061080e-01 1.948000e-03 3.919440e-01
378 6.057880e-01 1.956000e-03 3.922560e-01
379 6.054600e-01 1.976000e-03 3.925640e-01
380 6.050760e-01 2.072000e-03 3.928520e-01
381 6.047080e-01 2.004000e-03 3.932880e-01
382 6.043360e-01 1.984000e-03 3.936800e-01
383 6.040240e-01 1.976000e-03 3.940000e-01
384 6.037280e-01 1.952000e-03 3.943200e-01
385 6.033480e-01 2.020000e-03 3.946320e-01
386 6.030080e-01 2.012000e-03 3.949800e-01
387 6.027080e-01 1.932000e-03 3.953600e-01
388 6.024680e-01 1.840000e-03 3.956920e-01
389 6.021520e-01 1.872000e-03 3.959760e-01
390 6.018880e-01 1.836000e-03 3.962760e-01
391 6.015960e-01 1.856000e-03 3.965480e-01
392 6.013240e-01 1.852000e-03 3.968240e-01
393 6.010240e-01 1.792000e-03 3.971840e-01
394 6.006840e-01 1.824000e-03 3.974920e-01
395 6.003400e-01 1.900000e-03 3.977600e-01
396 6.000280e-01 1.880000e-03 3.980920e-01
397 5.997400e-01 1.868000e-03 3.983920e-01
398 5.994200e-01 1.840000e-03 3.987400e-01
399 5.991120e-01 1.764000e-03 3.991240e-01
400 5.987360e-01 1.860000e-03 3.994040e-01
401 5.984440e-01 1.824000e-03 3.997320e-01
402 5.982160e-01 1.764000e-03 4.000200e-01
403 5.979800e-01 1.728000e-03 4.002920e-01
404 5.976560e-01 1.712000e-03 4.006320e-01
405 5.973400e-01 1.740000e-03 4.009200e-01
406 5.970280e-01 1.716000e-03 4.012560e-01
407 5.967000e-01 1.704000e-03 4.015960e-01
408 5.964880e-01 1.568000e-03 4.019440e-01
409 5.962360e-01 1.568000e-03 4.021960e-01
410 5.960200e-01 1.520000e-03 4.024600e-01
411 5.957720e-01 1.532000e-03 4.026960e-01
412 5.954720e-01 1.572000e-03 4.029560e-01
413 5.951800e-01 1.540000e-03 4.032800e-01
414 5.949520e-01 1.540000e-03 4.035080e-01
415 5.946600e-01 1.556000e-03 4.037840e-01
416 5.943720e-01 1.584000e-03 4.040440e-01
417 5.939920e-01 1.736000e-03 4.042720e-01
418 5.936720e-01 1.760000e-03 4.045680e-01
419 5.933200e-01 1.812000e-03 4.048680e-01
420 5.930120e-01 1.812000e-03 4.051760e-01
421 5.926640e-01 1.832000e-03 4.055040e-01
422 5.923880e-01 1.784000e-03 4.058280e-01
423 5.920560e-01 1.792000e-03 4.061520e-01
424 5.917360e-01 1.844000e-03 4.064200e-01
425 5.914240e-01 1.856000e-03 4.067200e-01
426 5.911120e-01 1.844000e-03 4.070440e-01
427 5.907360e-01 1.892000e-03 4.073720e-01
428 5.904480e-01 1.832000e-03 4.077200e-01
429 5.901920e-01 1.752000e-03 4.080560e-01
430 5.898560e-01 1.752000e-03 4.083920e-01
431 5.895320e-01 1.744000e-03 4.087240e-01
432 5.892160e-01 1.772000e-03 4.090120e-01
433 5.889040e-01 1.764000e-03 4.093320e-01
434 5.885600e-01 1.832000e-03 4.096080e-01
435 5.882280e-01 1.772000e-03 4.100000e-01
436 5.879040e-01 1.800000e-03 4.102960e-01
437 5.875720e-01 1.836000e-03 4.105920e-01
438 5.872880e-01 1.832000e-03 4.108800e-01
439 5.870320e-01 1.760000e-03 4.112080e-01
440 5.866800e-01 1.784000e-03 4.115360e-01
441 5.864240e-01 1.708000e-03 4.118680e-01
442 5.861840e-01 1.592000e-03 4.122240e-01
443 5.859040e-01 1.604000e-03 4.124920e-01
444 5.857000e-01 1.552000e-03 4.127480e-01
445 5.854240e-01 1.528000e-03 4.130480e-01
446 5.851640e-01 1.540000e-03 4.132960e-01
447 5.849400e-01 1.496000e-03 4.135640e-01
448 5.847240e-01 1.388000e-03 4.138880e-01
449 5.844800e-01 1.404000e-03 4.141160e-01
450 5.842800e-01 1.336000e-03 4.143840e-01
451 5.840640e-01 1.316000e-03 4.146200e-01
452 5.838920e-01 1.260000e-03 4.148480e-01
453 5.836840e-01 1.280000e-03 4.150360e-01
454 5.835200e-01 1.252000e-03 4.152280e-01
455 5.833400e-01 1.220000e-03 4.154400e-01
456 5.831640e-01 1.156000e-03 4.156800e-01
457 5.829680e-01 1.132000e-03 4.159000e-01
458 5.828000e-01 1.076000e-03 4.161240e-01
459 5.826040e-01 1.052000e-03 4.163440e-01
460 5.824480e-01 1.020000e-03 4.165320e-01
461 5.822800e-01 1.028000e-03 4.166920e-01
462 5.820400e-01 1.088000e-03 4.168720e-01
463 5.817960e-01 1.104000e-03 4.171000e-01
464 5.815560e-01 1.160000e-03 4.172840e-01
465 5.813160e-01 1.276000e-03 4.174080e-01
466 5.811400e-01 1.264000e-03 4.175960e-01
467 5.809520e-01 1.228000e-03 4.178200e-01
468 5.807440e-01 1.240000e-03 4.180160e-01
469 5.805480e-01 1.212000e-03 4.182400e-01
470 5.803760e-01 1.144000e-03 4.184800e-01
471 5.801880e-01 1.072000e-03 4.187400e-01
472 5.799800e-01 1.112000e-03 4.189080e-01
473 5.797920e-01 1.096000e-03 4.191120e-01
474 5.796080e-01 1.044000e-03 4.193480e-01
475 5.794440e-01 1.036000e-03 4.195200e-01
476 5.793320e-01 9.600000e-04 4.197080e-01
477 5.792320e-01 8.520000e-04 4.199160e-01
478 5.791400e-01 7.880000e-04 4.200720e-01
479 5.790000e-01 7.960000e-04 4.202040e-01
480 5.788720e-01 7.480000e-04 4.203800e-01
481 5.787240e-01 7.560000e-04 4.205200e-01
482 5.786240e-01 7.120000e-04 4.206640e-01
483 5.784600e-01 7.720000e-04 4.207680e-01
484 5.783360e-01 7.960000e-04 4.208680e-01
485 5.782320e-01 7.680000e-04 4.210000e-01
486 5.781480e-01 7.000000e-04 4.211520e-01
487 5.780920e-01 6.320000e-04 4.212760e-01
488 5.780080e-01 5.880000e-04 4.214040e-01
489 5.779320e-01 5.440000e-04 4.215240e-01
490 5.778360e-01 5.080000e-04 4.216560e-01
491 5.777640e-01 4.800000e-04 4.217560e-01
492 5.776840e-01 4.760000e-04 4.218400e-01
493 5.776120e-01 4.720000e-04 4.219160e-01
494 5.775040e-01 4.680000e-04 4.220280e-01
495 5.774280e-01 4.680000e-04 4.221040e-01
496 5.773200e-01 5.040000e-04 4.221760e-01
497 5.772120e-01 5.040000e-04 4.222840e-01
498 5.771280e-01 4.840000e-04 4.223880e-01
499 5.770240e-01 5.120000e-04 4.224640e-01
500 5.769240e-01 5.040000e-04 4.225720e-01
