1 9.991840e-01 7.080000e-04 1.080000e-04
2 9.986000e-01 1.128000e-03 2.720000e-04
3 9.979240e-01 1.592000e-03 4.840000e-04
4 9.971480e-01 2.060000e-03 7.920000e-04
5 9.963560e-01 2.472000e-03 1.172000e-03
6 9.954280e-01 2.956000e-03 1.616000e-03
7 9.945560e-01 3.264000e-03 2.180000e-03
8 9.934960e-01 3.660000e-03 2.844000e-03
9 9.924040e-01 4.076000e-03 3.520000e-03
10 9.912120e-01 4.480000e-03 4.308000e-03
11 9.900640e-01 4.824000e-03 5.112000e-03
12 9.889280e-01 5.132000e-03 5.940000e-03
13 9.878640e-01 5.272000e-03 6.864000e-03
14 9.868040e-01 5.492000e-03 7.704000e-03
15 9.856560e-01 5.640000e-03 8.704000e-03
16 9.845080e-01 5.784000e-03 9.708000e-03
17 9.833480e-01 5.912000e-03 1.074000e-02
18 9.821080e-01 6.092000e-03 1.180000e-02
19 9.809320e-01 6.168000e-03 1.290000e-02
20 9.797440e-01 6.192000e-03 1.406400e-02
21 9.785240e-01 6.348000e-03 1.512800e-02
22 9.771640e-01 6.608000e-03 1.622800e-02
23 9.759240e-01 6.748000e-03 1.732800e-02
24 9.746960e-01 6.684000e-03 1.862000e-02
25 9.734560e-01 6.832000e-03 1.971200e-02
26 9.720360e-01 7.132000e-03 2.083200e-02
27 9.706800e-01 7.164000e-03 2.215600e-02
28 9.693920e-01 7.264000e-03 2.334400e-02
29 9.681520e-01 7.248000e-03 2.460000e-02
30 9.668120e-01 7.388000e-03 2.580000e-02
31 9.654760e-01 7.444000e-03 2.708000e-02
32 9.640200e-01 7.676000e-03 2.830400e-02
33 9.625680e-01 7.724000e-03 2.970800e-02
34 9.610800e-01 7.900000e-03 3.102000e-02
35 9.594960e-01 8.072000e-03 3.243200e-02
36 9.580320e-01 8.144000e-03 3.382400e-02
37 9.566120e-01 8.072000e-03 3.531600e-02
38 9.550880e-01 8.312000e-03 3.660000e-02
39 9.535080e-01 8.448000e-03 3.804400e-02
40 9.517080e-01 8.712000e-03 3.958000e-02
41 9.501560e-01 8.652000e-03 4.119200e-02
42 9.485560e-01 8.848000e-03 4.259600e-02
43 9.468160e-01 9.068000e-03 4.411600e-02
44 9.451120e-01 9.084000e-03 4.580400e-02
45 9.435720e-01 9.044000e-03 4.738400e-02
46 9.420320e-01 9.052000e-03 4.891600e-02
47 9.404520e-01 8.936000e-03 5.061200e-02
48 9.388160e-01 9.004000e-03 5.218000e-02
49 9.371800e-01 9.016000e-03 5.380400e-02
50 9.355840e-01 9.028000e-03 5.538800e-02
51 9.340920e-01 9.068000e-03 5.684000e-02
52 9.326240e-01 8.792000e-03 5.858400e-02
53 9.311160e-01 8.864000e-03 6.002000e-02
54 9.297600e-01 8.676000e-03 6.156400e-02
55 9.283000e-01 8.628000e-03 6.307200e-02
56 9.267360e-01 8.672000e-03 6.459200e-02
57 9.252520e-01 8.688000e-03 6.606000e-02
58 9.237920e-01 8.560000e-03 6.764800e-02
59 9.222680e-01 8.532000e-03 6.920000e-02
60 9.207040e-01 8.608000e-03 7.068800e-02
61 9.192280e-01 8.560000e-03 7.221200e-02
62 9.178400e-01 8.424000e-03 7.373600e-02
63 9.162880e-01 8.432000e-03 7.528000e-02
64 9.147600e-01 8.408000e-03 7.683200e-02
65 9.133040e-01 8.348000e-03 7.834800e-02
66 9.118160e-01 8.344000e-03 7.984000e-02
67 9.103080e-01 8.428000e-03 8.126400e-02
68 9.088040e-01 8.620000e-03 8.257600e-02
69 9.075760e-01 8.440000e-03 8.398400e-02
70 9.062040e-01 8.312000e-03 8.548400e-02
71 9.048800e-01 8.140000e-03 8.698000e-02
72 9.036440e-01 7.924000e-03 8.843200e-02
73 9.021640e-01 8.064000e-03 8.977200e-02
74 9.007000e-01 8.116000e-03 9.118400e-02
75 8.993000e-01 8.032000e-03 9.266800e-02
76 8.978560e-01 8.144000e-03 9.400000e-02
77 8.964360e-01 8.200000e-03 9.536400e-02
78 8.949600e-01 8.284000e-03 9.675600e-02
79 8.934320e-01 8.324000e-03 9.824400e-02
80 8.919400e-01 8.284000e-03 9.977600e-02
81 8.904880e-01 8.288000e-03 1.012240e-01
82 8.889440e-01 8.348000e-03 1.027080e-01
83 8.875360e-01 8.172000e-03 1.042920e-01
84 8.860320e-01 8.212000e-03 1.057560e-01
85 8.845160e-01 8.356000e-03 1.071280e-01
86 8.829520e-01 8.516000e-03 1.085320e-01
87 8.814880e-01 8.328000e-03 1.101840e-01
88 8.800920e-01 8.260000e-03 1.116480e-01
89 8.788520e-01 8.084000e-03 1.130640e-01
90 8.775880e-01 8.028000e-03 1.143840e-01
91 8.761880e-01 8.068000e-03 1.157440e-01
92 8.747960e-01 8.024000e-03 1.171800e-01
93 8.732880e-01 8.160000e-03 1.185520e-01
94 8.718800e-01 8.148000e-03 1.199720e-01
95 8.705520e-01 7.992000e-03 1.214560e-01
96 8.692920e-01 7.876000e-03 1.228320e-01
97 8.680520e-01 7.804000e-03 1.241440e-01
98 8.667920e-01 7.724000e-03 1.254840e-01
99 8.655320e-01 7.644000e-03 1.268240e-01
100 8.643000e-01 7.520000e-03 1.281800e-01
101 8.630880e-01 7.420000e-03 1.294920e-01
102 8.619080e-01 7.304000e-03 1.307880e-01
103 8.608360e-01 7.100000e-03 1.320640e-01
104 8.597440e-01 6.944000e-03 1.333120e-01
105 8.586400e-01 6.760000e-03 1.346000e-01
106 8.575760e-01 6.724000e-03 1.357000e-01
107 8.565880e-01 6.564000e-03 1.368480e-01
108 8.554160e-01 6.572000e-03 1.380120e-01
109 8.543080e-01 6.488000e-03 1.392040e-01
110 8.531560e-01 6.504000e-03 1.403400e-01
111 8.520480e-01 6.460000e-03 1.414920e-01
112 8.510040e-01 6.424000e-03 1.425720e-01
113 8.498240e-01 6.496000e-03 1.436800e-01
114 8.486240e-01 6.584000e-03 1.447920e-01
115 8.475200e-01 6.552000e-03 1.459280e-01
116 8.463520e-01 6.500000e-03 1.471480e-01
117 8.452960e-01 6.444000e-03 1.482600e-01
118 8.442800e-01 6.412000e-03 1.493080e-01
119 8.432480e-01 6.420000e-03 1.503320e-01
120 8.423240e-01 6.232000e-03 1.514440e-01
121 8.414120e-01 6.068000e-03 1.525200e-01
122 8.403520e-01 5.940000e-03 1.537080e-01
123 8.394520e-01 5.788000e-03 1.547600e-01
124 8.384840e-01 5.740000e-03 1.557760e-01
125 8.375440e-01 5.716000e-03 1.567400e-01
126 8.366840e-01 5.672000e-03 1.576440e-01
127 8.355920e-01 5.780000e-03 1.586280e-01
128 8.345480e-01 5.856000e-03 1.595960e-01
129 8.333720e-01 6.104000e-03 1.605240e-01
130 8.322560e-01 6.220000e-03 1.615240e-01
131 8.313080e-01 6.084000e-03 1.626080e-01
132 8.303880e-01 5.964000e-03 1.636480e-01
133 8.294680e-01 5.844000e-03 1.646880e-01
134 8.283480e-01 5.952000e-03 1.657000e-01
135 8.273440e-01 5.888000e-03 1.667680e-01
136 8.264200e-01 5.764000e-03 1.678160e-01
137 8.255200e-01 5.668000e-03 1.688120e-01
138 8.246840e-01 5.584000e-03 1.697320e-01
139 8.237720e-01 5.576000e-03 1.706520e-01
140 8.227920e-01 5.624000e-03 1.715840e-01
141 8.218120e-01 5.596000e-03 1.725920e-01
142 8.208200e-01 5.708000e-03 1.734720e-01
143 8.197680e-01 5.720000e-03 1.745120e-01
144 8.186800e-01 5.856000e-03 1.754640e-01
145 8.176640e-01 5.956000e-03 1.763800e-01
146 8.164480e-01 6.060000e-03 1.774920e-01
147 8.154320e-01 6.044000e-03 1.785240e-01
148 8.145240e-01 5.924000e-03 1.795520e-01
149 8.136040e-01 5.820000e-03 1.805760e-01
150 8.126480e-01 5.728000e-03 1.816240e-01
151 8.117240e-01 5.700000e-03 1.825760e-01
152 8.109440e-01 5.452000e-03 1.836040e-01
153 8.101880e-01 5.204000e-03 1.846080e-01
154 8.093160e-01 5.204000e-03 1.854800e-01
155 8.085720e-01 5.144000e-03 1.862840e-01
156 8.078400e-01 4.992000e-03 1.871680e-01
157 8.069640e-01 4.968000e-03 1.880680e-01
158 8.060560e-01 4.980000e-03 1.889640e-01
159 8.052040e-01 4.896000e-03 1.899000e-01
160 8.045800e-01 4.712000e-03 1.907080e-01
161 8.037680e-01 4.688000e-03 1.915440e-01
162 8.029840e-01 4.712000e-03 1.923040e-01
163 8.021400e-01 4.676000e-03 1.931840e-01
164 8.013160e-01 4.712000e-03 1.939720e-01
165 8.004880e-01 4.720000e-03 1.947920e-01
166 7.998000e-01 4.508000e-03 1.956920e-01
167 7.989520e-01 4.684000e-03 1.963640e-01
168 7.980400e-01 4.772000e-03 1.971880e-01
169 7.972160e-01 4.748000e-03 1.980360e-01
170 7.964280e-01 4.716000e-03 1.988560e-01
171 7.955960e-01 4.708000e-03 1.996960e-01
172 7.947040e-01 4.792000e-03 2.005040e-01
173 7.938440e-01 4.764000e-03 2.013920e-01
174 7.928960e-01 4.808000e-03 2.022960e-01
175 7.919960e-01 4.828000e-03 2.031760e-01
176 7.910680e-01 4.856000e-03 2.040760e-01
177 7.903280e-01 4.764000e-03 2.049080e-01
178 7.895640e-01 4.632000e-03 2.058040e-01
179 7.888680e-01 4.508000e-03 2.066240e-01
180 7.880200e-01 4.516000e-03 2.074640e-01
181 7.872360e-01 4.468000e-03 2.082960e-01
182 7.864120e-01 4.544000e-03 2.090440e-01
183 7.855360e-01 4.676000e-03 2.097880e-01
184 7.847880e-01 4.576000e-03 2.106360e-01
185 7.840000e-01 4.660000e-03 2.113400e-01
186 7.832680e-01 4.568000e-03 2.121640e-01
187 7.825000e-01 4.548000e-03 2.129520e-01
188 7.816880e-01 4.572000e-03 2.137400e-01
189 7.809400e-01 4.556000e-03 2.145040e-01
190 7.800600e-01 4.660000e-03 2.152800e-01
191 7.792880e-01 4.552000e-03 2.161600e-01
192 7.785360e-01 4.556000e-03 2.169080e-01
193 7.777960e-01 4.580000e-03 2.176240e-01
194 7.770280e-01 4.568000e-03 2.184040e-01
195 7.762840e-01 4.492000e-03 2.192240e-01
196 7.755680e-01 4.460000e-03 2.199720e-01
197 7.748160e-01 4.384000e-03 2.208000e-01
198 7.740800e-01 4.304000e-03 2.216160e-01
199 7.734600e-01 4.268000e-03 2.222720e-01
200 7.728120e-01 4.220000e-03 2.229680e-01
201 7.721400e-01 4.188000e-03 2.236720e-01
202 7.714800e-01 4.160000e-03 2.243600e-01
203 7.708040e-01 4.180000e-03 2.250160e-01
204 7.701680e-01 4.124000e-03 2.257080e-01
205 7.695040e-01 4.076000e-03 2.264200e-01
206 7.688920e-01 4.004000e-03 2.271040e-01
207 7.681960e-01 3.988000e-03 2.278160e-01
208 7.676280e-01 3.860000e-03 2.285120e-01
209 7.669160e-01 3.896000e-03 2.291880e-01
210 7.662600e-01 3.840000e-03 2.299000e-01
211 7.657080e-01 3.708000e-03 2.305840e-01
212 7.650400e-01 3.752000e-03 2.312080e-01
213 7.644360e-01 3.656000e-03 2.319080e-01
214 7.638560e-01 3.540000e-03 2.326040e-01
215 7.632720e-01 3.576000e-03 2.331520e-01
216 7.627080e-01 3.536000e-03 2.337560e-01
217 7.621120e-01 3.460000e-03 2.344280e-01
218 7.615360e-01 3.528000e-03 2.349360e-01
219 7.609760e-01 3.452000e-03 2.355720e-01
220 7.604000e-01 3.352000e-03 2.362480e-01
221 7.598560e-01 3.384000e-03 2.367600e-01
222 7.593160e-01 3.240000e-03 2.374440e-01
223 7.587760e-01 3.196000e-03 2.380280e-01
224 7.583360e-01 3.056000e-03 2.386080e-01
225 7.579160e-01 2.964000e-03 2.391200e-01
226 7.575280e-01 2.788000e-03 2.396840e-01
227 7.571000e-01 2.740000e-03 2.401600e-01
228 7.566600e-01 2.696000e-03 2.406440e-01
229 7.561760e-01 2.732000e-03 2.410920e-01
230 7.557240e-01 2.744000e-03 2.415320e-01
231 7.552320e-01 2.704000e-03 2.420640e-01
232 7.548680e-01 2.612000e-03 2.425200e-01
233 7.545000e-01 2.540000e-03 2.429600e-01
234 7.541920e-01 2.428000e-03 2.433800e-01
235 7.538600e-01 2.320000e-03 2.438200e-01
236 7.535480e-01 2.228000e-03 2.442240e-01
237 7.531080e-01 2.240000e-03 2.446520e-01
238 7.527120e-01 2.268000e-03 2.450200e-01
239 7.523240e-01 2.200000e-03 2.454760e-01
240 7.519520e-01 2.212000e-03 2.458360e-01
241 7.514960e-01 2.244000e-03 2.462600e-01
242 7.511160e-01 2.228000e-03 2.466560e-01
243 7.508000e-01 2.140000e-03 2.470600e-01
244 7.503480e-01 2.236000e-03 2.474160e-01
245 7.499680e-01 2.228000e-03 2.478040e-01
246 7.495200e-01 2.228000e-03 2.482520e-01
247 7.491200e-01 2.244000e-03 2.486360e-01
248 7.487880e-01 2.224000e-03 2.489880e-01
249 7.484520e-01 2.212000e-03 2.493360e-01
250 7.480160e-01 2.248000e-03 2.497360e-01
251 7.476720e-01 2.172000e-03 2.501560e-01
252 7.473280e-01 2.120000e-03 2.505520e-01
253 7.470200e-01 2.112000e-03 2.508680e-01
254 7.466640e-01 2.116000e-03 2.512200e-01
255 7.462560e-01 2.132000e-03 2.516120e-01
256 7.459160e-01 2.164000e-03 2.519200e-01
257 7.454760e-01 2.248000e-03 2.522760e-01
258 7.450720e-01 2.224000e-03 2.527040e-01
259 7.446560e-01 2.248000e-03 2.530960e-01
260 7.442320e-01 2.320000e-03 2.534480e-01
261 7.438120e-01 2.296000e-03 2.538920e-01
262 7.433360e-01 2.408000e-03 2.542560e-01
263 7.429000e-01 2.440000e-03 2.546600e-01
264 7.424640e-01 2.452000e-03 2.550840e-01
265 7.419560e-01 2.540000e-03 2.555040e-01
266 7.415120e-01 2.568000e-03 2.559200e-01
267 7.410520e-01 2.592000e-03 2.563560e-01
268 7.406160e-01 2.568000e-03 2.568160e-01
269 7.402320e-01 2.552000e-03 2.572160e-01
270 7.398160e-01 2.500000e-03 2.576840e-01
271 7.393920e-01 2.476000e-03 2.581320e-01
272 7.390240e-01 2.404000e-03 2.585720e-01
273 7.385520e-01 2.436000e-03 2.590120e-01
274 7.381560e-01 2.372000e-03 2.594720e-01
275 7.378280e-01 2.364000e-03 2.598080e-01
276 7.374640e-01 2.304000e-03 2.602320e-01
277 7.371160e-01 2.268000e-03 2.606160e-01
278 7.367280e-01 2.204000e-03 2.610680e-01
279 7.363800e-01 2.196000e-03 2.614240e-01
280 7.361240e-01 2.076000e-03 2.618000e-01
281 7.358040e-01 2.056000e-03 2.621400e-01
282 7.354560e-01 2.052000e-03 2.624920e-01
283 7.351280e-01 2.024000e-03 2.628480e-01
284 7.348440e-01 2.032000e-03 2.631240e-01
285 7.345520e-01 2.020000e-03 2.634280e-01
286 7.342920e-01 1.916000e-03 2.637920e-01
287 7.339760e-01 1.940000e-03 2.640840e-01
288 7.336920e-01 1.832000e-03 2.644760e-01
289 7.334160e-01 1.768000e-03 2.648160e-01
290 7.330920e-01 1.788000e-03 2.651200e-01
291 7.327560e-01 1.864000e-03 2.653800e-01
292 7.324720e-01 1.804000e-03 2.657240e-01
293 7.321360e-01 1.760000e-03 2.661040e-01
294 7.318840e-01 1.672000e-03 2.664440e-01
295 7.316200e-01 1.660000e-03 2.667200e-01
296 7.314080e-01 1.608000e-03 2.669840e-01
297 7.311880e-01 1.560000e-03 2.672520e-01
298 7.309480e-01 1.580000e-03 2.674720e-01
299 7.306480e-01 1.584000e-03 2.677680e-01
300 7.304360e-01 1.564000e-03 2.680000e-01
301 7.302120e-01 1.456000e-03 2.683320e-01
302 7.299800e-01 1.460000e-03 2.685600e-01
303 7.296880e-01 1.468000e-03 2.688440e-01
304 7.294400e-01 1.484000e-03 2.690760e-01
305 7.292720e-01 1.388000e-03 2.693400e-01
306 7.290720e-01 1.344000e-03 2.695840e-01
307 7.288240e-01 1.336000e-03 2.698400e-01
308 7.285920e-01 1.352000e-03 2.700560e-01
309 7.283840e-01 1.344000e-03 2.702720e-01
310 7.281160e-01 1.336000e-03 2.705480e-01
311 7.279280e-01 1.288000e-03 2.707840e-01
312 7.276680e-01 1.312000e-03 2.710200e-01
313 7.274240e-01 1.332000e-03 2.712440e-01
314 7.271400e-01 1.384000e-03 2.714760e-01
315 7.268240e-01 1.436000e-03 2.717400e-01
316 7.266120e-01 1.360000e-03 2.720280e-01
317 7.263640e-01 1.368000e-03 2.722680e-01
318 7.260920e-01 1.404000e-03 2.725040e-01
319 7.258040e-01 1.476000e-03 2.727200e-01
320 7.255240e-01 1.484000e-03 2.729920e-01
321 7.251920e-01 1.584000e-03 2.732240e-01
322 7.249160e-01 1.532000e-03 2.735520e-01
323 7.246800e-01 1.520000e-03 2.738000e-01
324 7.244080e-01 1.492000e-03 2.741000e-01
325 7.241200e-01 1.540000e-03 2.743400e-01
326 7.238120e-01 1.608000e-03 2.745800e-01
327 7.235520e-01 1.564000e-03 2.748840e-01
328 7.232960e-01 1.564000e-03 2.751400e-01
329 7.231080e-01 1.516000e-03 2.753760e-01
330 7.228680e-01 1.540000e-03 2.755920e-01
331 7.226080e-01 1.536000e-03 2.758560e-01
332 7.224120e-01 1.484000e-03 2.761040e-01
333 7.221480e-01 1.468000e-03 2.763840e-01
334 7.220040e-01 1.348000e-03 2.766480e-01
335 7.217600e-01 1.364000e-03 2.768760e-01
336 7.215200e-01 1.336000e-03 2.771440e-01
337 7.213360e-01 1.268000e-03 2.773960e-01
338 7.211280e-01 1.284000e-03 2.775880e-01
339 7.209920e-01 1.196000e-03 2.778120e-01
340 7.208400e-01 1.160000e-03 2.780000e-01
341 7.206600e-01 1.144000e-03 2.781960e-01
342 7.205280e-01 1.044000e-03 2.784280e-01
343 7.203760e-01 1.072000e-03 2.785520e-01
344 7.202440e-01 1.028000e-03 2.787280e-01
345 7.200680e-01 1.068000e-03 2.788640e-01
346 7.199120e-01 1.020000e-03 2.790680e-01
347 7.197640e-01 1.012000e-03 2.792240e-01
348 7.195960e-01 1.020000e-03 2.793840e-01
349 7.194400e-01 1.008000e-03 2.795520e-01
350 7.192880e-01 9.920000e-04 2.797200e-01
351 7.191440e-01 9.160000e-04 2.799400e-01
352 7.190080e-01 9.200000e-04 2.800720e-01
353 7.188680e-01 8.920000e-04 2.802400e-01
354 7.187240e-01 8.320000e-04 2.804440e-01
355 7.185840e-01 8.360000e-04 2.805800e-01
356 7.184160e-01 8.640000e-04 2.807200e-01
357 7.182440e-01 8.560000e-04 2.809000e-01
358 7.181240e-01 8.440000e-04 2.810320e-01
359 7.179920e-01 8.480000e-04 2.811600e-01
360 7.178920e-01 7.880000e-04 2.813200e-01
361 7.177760e-01 7.520000e-04 2.814720e-01
362 7.177000e-01 7.120000e-04 2.815880e-01
363 7.176080e-01 7.080000e-04 2.816840e-01
364 7.174800e-01 7.040000e-04 2.818160e-01
365 7.173440e-01 7.400000e-04 2.819160e-01
366 7.172600e-01 7.280000e-04 2.820120e-01
367 7.172120e-01 6.320000e-04 2.821560e-01
368 7.171040e-01 6.400000e-04 2.822560e-01
369 7.170040e-01 6.520000e-04 2.823440e-01
370 7.168760e-01 7.040000e-04 2.824200e-01
371 7.167200e-01 7.280000e-04 2.825520e-01
372 7.165440e-01 7.720000e-04 2.826840e-01
373 7.164080e-01 7.640000e-04 2.828280e-01
374 7.162840e-01 7.440000e-04 2.829720e-01
375 7.161720e-01 7.080000e-04 2.831200e-01
376 7.160640e-01 6.960000e-04 2.832400e-01
377 7.159480e-01 7.040000e-04 2.833480e-01
378 7.158080e-01 7.240000e-04 2.834680e-01
379 7.156880e-01 7.200000e-04 2.835920e-01
380 7.155560e-01 7.480000e-04 2.836960e-01
381 7.154520e-01 7.400000e-04 2.838080e-01
382 7.153160e-01 7.440000e-04 2.839400e-01
383 7.152720e-01 6.640000e-04 2.840640e-01
384 7.151760e-01 6.560000e-04 2.841680e-01
385 7.150960e-01 6.320000e-04 2.842720e-01
386 7.150160e-01 5.760000e-04 2.844080e-01
387 7.148880e-01 6.000000e-04 2.845120e-01
388 7.147960e-01 5.960000e-04 2.846080e-01
389 7.147120e-01 5.880000e-04 2.847000e-01
390 7.146600e-01 5.600000e-04 2.847800e-01
391 7.145640e-01 5.480000e-04 2.848880e-01
392 7.144960e-01 5.360000e-04 2.849680e-01
393 7.144440e-01 5.200000e-04 2.850360e-01
394 7.143880e-01 4.960000e-04 2.851160e-01
395 7.143080e-01 4.960000e-04 2.851960e-01
396 7.142160e-01 5.000000e-04 2.852840e-01
397 7.141240e-01 5.000000e-04 2.853760e-01
398 7.140440e-01 4.920000e-04 2.854640e-01
399 7.139600e-01 4.720000e-04 2.855680e-01
400 7.138640e-01 4.880000e-04 2.856480e-01
401 7.137720e-01 5.120000e-04 2.857160e-01
402 7.136840e-01 5.000000e-04 2.858160e-01
403 7.136160e-01 4.720000e-04 2.859120e-01
404 7.135600e-01 4.680000e-04 2.859720e-01
405 7.135080e-01 4.200000e-04 2.860720e-01
406 7.134840e-01 3.800000e-04 2.861360e-01
407 7.134280e-01 4.000000e-04 2.861720e-01
408 7.133640e-01 3.640000e-04 2.862720e-01
409 7.133120e-01 3.560000e-04 2.863320e-01
410 7.132640e-01 3.400000e-04 2.863960e-01
411 7.132200e-01 3.080000e-04 2.864720e-01
412 7.131880e-01 2.680000e-04 2.865440e-01
413 7.131440e-01 2.800000e-04 2.865760e-01
414 7.130960e-01 2.800000e-04 2.866240e-01
415 7.130320e-01 2.760000e-04 2.866920e-01
416 7.129720e-01 3.040000e-04 2.867240e-01
417 7.129320e-01 2.960000e-04 2.867720e-01
418 7.128760e-01 2.840000e-04 2.868400e-01
419 7.128240e-01 2.840000e-04 2.868920e-01
420 7.127560e-01 2.880000e-04 2.869560e-01
421 7.126960e-01 2.880000e-04 2.870160e-01
422 7.126520e-01 2.920000e-04 2.870560e-01
423 7.126160e-01 2.560000e-04 2.871280e-01
424 7.125800e-01 2.520000e-04 2.871680e-01
425 7.125320e-01 2.560000e-04 2.872120e-01
426 7.125120e-01 2.400000e-04 2.872480e-01
427 7.124600e-01 2.520000e-04 2.872880e-01
428 7.124000e-01 2.920000e-04 2.873080e-01
429 7.123520e-01 2.720000e-04 2.873760e-01
430 7.123240e-01 2.680000e-04 2.874080e-01
431 7.122920e-01 2.600000e-04 2.874480e-01
432 7.122760e-01 2.480000e-04 2.874760e-01
433 7.122360e-01 2.360000e-04 2.875280e-01
434 7.121960e-01 2.360000e-04 2.875680e-01
435 7.121440e-01 2.400000e-04 2.876160e-01
436 7.121200e-01 2.320000e-04 2.876480e-01
437 7.120800e-01 2.480000e-04 2.876720e-01
438 7.120400e-01 2.320000e-04 2.877280e-01
439 7.120280e-01 1.960000e-04 2.877760e-01
440 7.119960e-01 1.920000e-04 2.878120e-01
441 7.119880e-01 1.600000e-04 2.878520e-01
442 7.119520e-01 1.760000e-04 2.878720e-01
443 7.119480e-01 1.440000e-04 2.879080e-01
444 7.119360e-01 1.400000e-04 2.879240e-01
445 7.119280e-01 1.040000e-04 2.879680e-01
446 7.118840e-01 1.200000e-04 2.879960e-01
447 7.118600e-01 1.160000e-04 2.880240e-01
448 7.118160e-01 1.360000e-04 2.880480e-01
449 7.117720e-01 1.560000e-04 2.880720e-01
450 7.117400e-01 1.760000e-04 2.880840e-01
451 7.117280e-01 1.640000e-04 2.881080e-01
452 7.116920e-01 1.680000e-04 2.881400e-01
453 7.116720e-01 1.480000e-04 2.881800e-01
454 7.116320e-01 1.640000e-04 2.882040e-01
455 7.116120e-01 1.560000e-04 2.882320e-01
456 7.115800e-01 1.520000e-04 2.882680e-01
457 7.115720e-01 1.320000e-04 2.882960e-01
458 7.115440e-01 1.360000e-04 2.883200e-01
459 7.115360e-01 1.240000e-04 2.883400e-01
460 7.115120e-01 1.240000e-04 2.883640e-01
461 7.114960e-01 1.200000e-04 2.883840e-01
462 7.114560e-01 1.360000e-04 2.884080e-01
463 7.114400e-01 1.200000e-04 2.884400e-01
464 7.114240e-01 1.200000e-04 2.884560e-01
465 7.113960e-01 1.240000e-04 2.884800e-01
466 7.113760e-01 1.200000e-04 2.885040e-01
467 7.113320e-01 1.240000e-04 2.885440e-01
468 7.113040e-01 1.280000e-04 2.885680e-01
469 7.112640e-01 1.560000e-04 2.885800e-01
470 7.112240e-01 1.720000e-04 2.886040e-01
471 7.111800e-01 1.720000e-04 2.886480e-01
472 7.111520e-01 1.720000e-04 2.886760e-01
473 7.110920e-01 1.880000e-04 2.887200e-01
474 7.110520e-01 1.960000e-04 2.887520e-01
475 7.110320e-01 1.800000e-04 2.887880e-01
476 7.110000e-01 1.880000e-04 2.888120e-01
477 7.109520e-01 2.080000e-04 2.888400e-01
478 7.109200e-01 1.960000e-04 2.888840e-01
479 7.108680e-01 2.160000e-04 2.889160e-01
480 7.108320e-01 2.280000e-04 2.889400e-01
481 7.107680e-01 2.640000e-04 2.889680e-01
482 7.107520e-01 2.360000e-04 2.890120e-01
483 7.107360e-01 2.240000e-04 2.890400e-01
484 7.107040e-01 2.280000e-04 2.890680e-01
485 7.106800e-01 2.120000e-04 2.891080e-01
486 7.106400e-01 2.040000e-04 2.891560e-01
487 7.106160e-01 1.760000e-04 2.892080e-01
488 7.105920e-01 1.680000e-04 2.892400e-01
489 7.105520e-01 1.760000e-04 2.892720e-01
490 7.105320e-01 1.800000e-04 2.892880e-01
491 7.105200e-01 1.680000e-04 2.893120e-01
492 7.105160e-01 1.400000e-04 2.893440e-01
493 7.105000e-01 1.400000e-04 2.893600e-01
494 7.104800e-01 1.400000e-04 2.893800e-01
495 7.104560e-01 1.320000e-04 2.894120e-01
496 7.104440e-01 1.280000e-04 2.894280e-01
497 7.104440e-01 1.160000e-04 2.894400e-01
498 7.104400e-01 1.000000e-04 2.894600e-01
499 7.104360e-01 8.800000e-05 2.894760e-01
500 7.104320e-01 6.400000e-05 2.895040e-01
