1 9.992120e-01 6.800000e-04 1.080000e-04
2 9.987080e-01 1.036000e-03 2.560000e-04
3 9.980840e-01 1.452000e-03 4.640000e-04
4 9.973680e-01 1.924000e-03 7.080000e-04
5 9.964280e-01 2.496000e-03 1.076000e-03
6 9.956120e-01 2.832000e-03 1.556000e-03
7 9.946400e-01 3.344000e-03 2.016000e-03
8 9.935760e-01 3.792000e-03 2.632000e-03
9 9.924200e-01 4.256000e-03 3.324000e-03
10 9.914080e-01 4.552000e-03 4.040000e-03
11 9.902440e-01 4.920000e-03 4.836000e-03
12 9.889040e-01 5.416000e-03 5.680000e-03
13 9.875240e-01 5.868000e-03 6.608000e-03
14 9.862840e-01 6.068000e-03 7.648000e-03
15 9.848880e-01 6.272000e-03 8.840000e-03
16 9.836280e-01 6.360000e-03 1.001200e-02
17 9.821920e-01 6.612000e-03 1.119600e-02
18 9.809120e-01 6.660000e-03 1.242800e-02
19 9.795520e-01 6.868000e-03 1.358000e-02
20 9.781480e-01 7.024000e-03 1.482800e-02
21 9.767800e-01 7.168000e-03 1.605200e-02
22 9.753560e-01 7.392000e-03 1.725200e-02
23 9.738960e-01 7.580000e-03 1.852400e-02
24 9.724840e-01 7.676000e-03 1.984000e-02
25 9.708720e-01 7.972000e-03 2.115600e-02
26 9.693360e-01 8.136000e-03 2.252800e-02
27 9.677400e-01 8.268000e-03 2.399200e-02
28 9.661320e-01 8.452000e-03 2.541600e-02
29 9.646040e-01 8.492000e-03 2.690400e-02
30 9.628480e-01 8.764000e-03 2.838800e-02
31 9.611520e-01 8.872000e-03 2.997600e-02
32 9.594120e-01 9.112000e-03 3.147600e-02
33 9.578120e-01 9.032000e-03 3.315600e-02
34 9.560600e-01 9.196000e-03 3.474400e-02
35 9.542600e-01 9.420000e-03 3.632000e-02
36 9.524320e-01 9.600000e-03 3.796800e-02
37 9.506520e-01 9.764000e-03 3.958400e-02
38 9.488040e-01 1.002000e-02 4.117600e-02
39 9.469000e-01 1.017200e-02 4.292800e-02
40 9.450280e-01 1.027200e-02 4.470000e-02
41 9.430600e-01 1.042000e-02 4.652000e-02
42 9.413080e-01 1.016000e-02 4.853200e-02
43 9.396000e-01 9.944000e-03 5.045600e-02
44 9.379880e-01 9.716000e-03 5.229600e-02
45 9.364880e-01 9.384000e-03 5.412800e-02
46 9.349080e-01 9.396000e-03 5.569600e-02
47 9.332120e-01 9.424000e-03 5.736400e-02
48 9.315720e-01 9.328000e-03 5.910000e-02
49 9.298280e-01 9.472000e-03 6.070000e-02
50 9.282520e-01 9.324000e-03 6.242400e-02
51 9.265760e-01 9.268000e-03 6.415600e-02
52 9.249680e-01 9.252000e-03 6.578000e-02
53 9.232160e-01 9.312000e-03 6.747200e-02
54 9.216920e-01 9.224000e-03 6.908400e-02
55 9.199840e-01 9.192000e-03 7.082400e-02
56 9.183000e-01 9.236000e-03 7.246400e-02
57 9.167520e-01 9.052000e-03 7.419600e-02
58 9.152440e-01 9.076000e-03 7.568000e-02
59 9.137080e-01 9.024000e-03 7.726800e-02
60 9.121240e-01 8.964000e-03 7.891200e-02
61 9.106640e-01 8.920000e-03 8.041600e-02
62 9.090640e-01 8.956000e-03 8.198000e-02
63 9.075240e-01 9.000000e-03 8.347600e-02
64 9.059400e-01 8.876000e-03 8.518400e-02
65 9.044000e-01 8.976000e-03 8.662400e-02
66 9.027680e-01 8.948000e-03 8.828400e-02
67 9.011240e-01 9.032000e-03 8.984400e-02
68 8.994480e-01 9.120000e-03 9.143200e-02
69 8.978800e-01 9.068000e-03 9.305200e-02
70 8.961760e-01 9.224000e-03 9.460000e-02
71 8.945200e-01 9.292000e-03 9.618800e-02
72 8.927600e-01 9.340000e-03 9.790000e-02
73 8.908640e-01 9.532000e-03 9.960400e-02
74 8.891720e-01 9.452000e-03 1.013760e-01
75 8.872920e-01 9.688000e-03 1.030200e-01
76 8.854080e-01 9.740000e-03 1.048520e-01
77 8.834760e-01 1.001200e-02 1.065120e-01
78 8.818000e-01 9.948000e-03 1.082520e-01
79 8.798000e-01 1.022000e-02 1.099800e-01
80 8.779000e-01 1.038800e-02 1.117120e-01
81 8.760360e-01 1.042400e-02 1.135400e-01
82 8.741520e-01 1.035200e-02 1.154960e-01
83 8.724080e-01 1.025600e-02 1.173360e-01
84 8.706680e-01 1.006400e-02 1.192680e-01
85 8.687920e-01 1.018400e-02 1.210240e-01
86 8.669280e-01 1.026800e-02 1.228040e-01
87 8.650480e-01 1.032000e-02 1.246320e-01
88 8.632240e-01 1.050000e-02 1.262760e-01
89 8.612680e-01 1.069600e-02 1.280360e-01
90 8.594520e-01 1.058400e-02 1.299640e-01
91 8.576440e-01 1.060800e-02 1.317480e-01
92 8.556880e-01 1.072000e-02 1.335920e-01
93 8.539960e-01 1.058400e-02 1.354200e-01
94 8.522680e-01 1.046000e-02 1.372720e-01
95 8.507360e-01 1.018800e-02 1.390760e-01
96 8.490000e-01 1.016800e-02 1.408320e-01
97 8.471600e-01 1.018800e-02 1.426520e-01
98 8.454880e-01 1.010000e-02 1.444120e-01
99 8.439800e-01 9.848000e-03 1.461720e-01
100 8.424640e-01 9.704000e-03 1.478320e-01
101 8.409120e-01 9.636000e-03 1.494520e-01
102 8.393480e-01 9.544000e-03 1.511080e-01
103 8.378000e-01 9.524000e-03 1.526760e-01
104 8.361800e-01 9.404000e-03 1.544160e-01
105 8.346800e-01 9.252000e-03 1.560680e-01
106 8.332120e-01 9.232000e-03 1.575560e-01
107 8.316360e-01 9.236000e-03 1.591280e-01
108 8.301280e-01 9.060000e-03 1.608120e-01
109 8.285880e-01 9.048000e-03 1.623640e-01
110 8.270760e-01 8.980000e-03 1.639440e-01
111 8.254480e-01 9.036000e-03 1.655160e-01
112 8.237640e-01 9.040000e-03 1.671960e-01
113 8.219200e-01 9.256000e-03 1.688240e-01
114 8.202120e-01 9.528000e-03 1.702600e-01
115 8.184880e-01 9.560000e-03 1.719520e-01
116 8.167240e-01 9.744000e-03 1.735320e-01
117 8.150120e-01 9.828000e-03 1.751600e-01
118 8.131520e-01 9.996000e-03 1.768520e-01
119 8.113960e-01 9.972000e-03 1.786320e-01
120 8.098040e-01 9.844000e-03 1.803520e-01
121 8.081320e-01 9.860000e-03 1.820080e-01
122 8.065280e-01 9.696000e-03 1.837760e-01
123 8.050120e-01 9.488000e-03 1.855000e-01
124 8.033480e-01 9.544000e-03 1.871080e-01
125 8.016520e-01 9.692000e-03 1.886560e-01
126 8.002520e-01 9.396000e-03 1.903520e-01
127 7.986760e-01 9.312000e-03 1.920120e-01
128 7.969400e-01 9.288000e-03 1.937720e-01
129 7.954320e-01 9.164000e-03 1.954040e-01
130 7.939880e-01 9.016000e-03 1.969960e-01
131 7.925480e-01 8.804000e-03 1.986480e-01
132 7.912440e-01 8.496000e-03 2.002600e-01
133 7.898440e-01 8.364000e-03 2.017920e-01
134 7.885240e-01 8.192000e-03 2.032840e-01
135 7.871680e-01 8.200000e-03 2.046320e-01
136 7.858040e-01 8.140000e-03 2.060560e-01
137 7.845760e-01 7.920000e-03 2.075040e-01
138 7.834000e-01 7.700000e-03 2.089000e-01
139 7.821040e-01 7.688000e-03 2.102080e-01
140 7.808600e-01 7.596000e-03 2.115440e-01
141 7.795840e-01 7.632000e-03 2.127840e-01
142 7.782960e-01 7.720000e-03 2.139840e-01
143 7.769520e-01 7.732000e-03 2.153160e-01
144 7.756680e-01 7.716000e-03 2.166160e-01
145 7.743840e-01 7.636000e-03 2.179800e-01
146 7.729120e-01 7.840000e-03 2.192480e-01
147 7.714720e-01 7.928000e-03 2.206000e-01
148 7.700120e-01 8.120000e-03 2.218680e-01
149 7.687160e-01 7.996000e-03 2.232880e-01
150 7.671920e-01 8.020000e-03 2.247880e-01
151 7.658520e-01 7.884000e-03 2.262640e-01
152 7.645240e-01 7.736000e-03 2.277400e-01
153 7.633560e-01 7.580000e-03 2.290640e-01
154 7.620840e-01 7.420000e-03 2.304960e-01
155 7.608960e-01 7.376000e-03 2.317280e-01
156 7.595200e-01 7.568000e-03 2.329120e-01
157 7.583160e-01 7.484000e-03 2.342000e-01
158 7.570120e-01 7.336000e-03 2.356520e-01
159 7.557400e-01 7.220000e-03 2.370400e-01
160 7.546160e-01 6.876000e-03 2.385080e-01
161 7.533720e-01 6.860000e-03 2.397680e-01
162 7.522120e-01 6.800000e-03 2.409880e-01
163 7.510160e-01 6.804000e-03 2.421800e-01
164 7.497920e-01 6.832000e-03 2.433760e-01
165 7.485840e-01 6.936000e-03 2.444800e-01
166 7.474640e-01 6.876000e-03 2.456600e-01
167 7.463240e-01 6.824000e-03 2.468520e-01
168 7.452560e-01 6.680000e-03 2.480640e-01
169 7.440400e-01 6.704000e-03 2.492560e-01
170 7.429240e-01 6.616000e-03 2.504600e-01
171 7.419080e-01 6.512000e-03 2.515800e-01
172 7.406920e-01 6.624000e-03 2.526840e-01
173 7.395680e-01 6.612000e-03 2.538200e-01
174 7.385280e-01 6.496000e-03 2.549760e-01
175 7.375640e-01 6.400000e-03 2.560360e-01
176 7.365600e-01 6.384000e-03 2.570560e-01
177 7.354880e-01 6.352000e-03 2.581600e-01
178 7.343440e-01 6.324000e-03 2.593320e-01
179 7.332800e-01 6.284000e-03 2.604360e-01
180 7.322320e-01 6.304000e-03 2.614640e-01
181 7.311240e-01 6.288000e-03 2.625880e-01
182 7.300400e-01 6.344000e-03 2.636160e-01
183 7.288960e-01 6.400000e-03 2.647040e-01
184 7.279000e-01 6.336000e-03 2.657640e-01
185 7.268600e-01 6.288000e-03 2.668520e-01
186 7.258960e-01 6.188000e-03 2.679160e-01
187 7.248120e-01 6.172000e-03 2.690160e-01
188 7.237560e-01 6.024000e-03 2.702200e-01
189 7.227520e-01 6.016000e-03 2.712320e-01
190 7.216960e-01 6.020000e-03 2.722840e-01
191 7.207120e-01 5.824000e-03 2.734640e-01
192 7.197080e-01 5.864000e-03 2.744280e-01
193 7.185040e-01 5.876000e-03 2.756200e-01
194 7.175320e-01 5.776000e-03 2.766920e-01
195 7.164600e-01 5.872000e-03 2.776680e-01
196 7.154960e-01 5.784000e-03 2.787200e-01
197 7.145680e-01 5.704000e-03 2.797280e-01
198 7.136320e-01 5.656000e-03 2.807120e-01
199 7.126760e-01 5.764000e-03 2.815600e-01
200 7.117160e-01 5.800000e-03 2.824840e-01
201 7.107320e-01 5.748000e-03 2.835200e-01
202 7.097880e-01 5.612000e-03 2.846000e-01
203 7.088120e-01 5.656000e-03 2.855320e-01
204 7.078920e-01 5.496000e-03 2.866120e-01
205 7.068320e-01 5.608000e-03 2.875600e-01
206 7.058920e-01 5.532000e-03 2.885760e-01
207 7.050160e-01 5.492000e-03 2.894920e-01
208 7.038760e-01 5.660000e-03 2.904640e-01
209 7.030120e-01 5.584000e-03 2.914040e-01
210 7.020640e-01 5.700000e-03 2.922360e-01
211 7.010880e-01 5.648000e-03 2.932640e-01
212 7.001760e-01 5.636000e-03 2.941880e-01
213 6.992560e-01 5.616000e-03 2.951280e-01
214 6.984480e-01 5.392000e-03 2.961600e-01
215 6.975320e-01 5.420000e-03 2.970480e-01
216 6.966720e-01 5.308000e-03 2.980200e-01
217 6.956960e-01 5.400000e-03 2.989040e-01
218 6.947360e-01 5.320000e-03 2.999440e-01
219 6.939440e-01 5.240000e-03 3.008160e-01
220 6.931120e-01 5.244000e-03 3.016440e-01
221 6.922880e-01 5.180000e-03 3.025320e-01
222 6.914120e-01 5.032000e-03 3.035560e-01
223 6.905240e-01 5.052000e-03 3.044240e-01
224 6.896120e-01 5.164000e-03 3.052240e-01
225 6.887600e-01 5.080000e-03 3.061600e-01
226 6.878800e-01 5.052000e-03 3.070680e-01
227 6.870680e-01 5.008000e-03 3.079240e-01
228 6.861480e-01 5.060000e-03 3.087920e-01
229 6.852800e-01 4.984000e-03 3.097360e-01
230 6.845360e-01 4.908000e-03 3.105560e-01
231 6.836160e-01 4.928000e-03 3.114560e-01
232 6.828680e-01 4.844000e-03 3.122880e-01
233 6.820320e-01 4.784000e-03 3.131840e-01
234 6.812600e-01 4.712000e-03 3.140280e-01
235 6.805080e-01 4.600000e-03 3.148920e-01
236 6.797280e-01 4.548000e-03 3.157240e-01
237 6.790640e-01 4.424000e-03 3.165120e-01
238 6.783000e-01 4.348000e-03 3.173520e-01
239 6.776160e-01 4.228000e-03 3.181560e-01
240 6.769000e-01 4.280000e-03 3.188200e-01
241 6.762080e-01 4.284000e-03 3.195080e-01
242 6.755560e-01 4.152000e-03 3.202920e-01
243 6.749240e-01 4.088000e-03 3.209880e-01
244 6.742640e-01 3.972000e-03 3.217640e-01
245 6.735960e-01 3.976000e-03 3.224280e-01
246 6.728760e-01 4.008000e-03 3.231160e-01
247 6.723560e-01 3.860000e-03 3.237840e-01
248 6.718000e-01 3.660000e-03 3.245400e-01
249 6.712360e-01 3.512000e-03 3.252520e-01
250 6.706520e-01 3.512000e-03 3.258360e-01
251 6.700280e-01 3.500000e-03 3.264720e-01
252 6.694040e-01 3.572000e-03 3.270240e-01
253 6.687400e-01 3.584000e-03 3.276760e-01
254 6.680720e-01 3.664000e-03 3.282640e-01
255 6.674080e-01 3.712000e-03 3.288800e-01
256 6.668640e-01 3.640000e-03 3.294960e-01
257 6.663960e-01 3.516000e-03 3.300880e-01
258 6.658280e-01 3.508000e-03 3.306640e-01
259 6.652680e-01 3.412000e-03 3.313200e-01
260 6.647200e-01 3.404000e-03 3.318760e-01
261 6.641760e-01 3.400000e-03 3.324240e-01
262 6.637200e-01 3.248000e-03 3.330320e-01
263 6.631840e-01 3.192000e-03 3.336240e-01
264 6.626320e-01 3.172000e-03 3.341960e-01
265 6.621000e-01 3.048000e-03 3.348520e-01
266 6.614960e-01 3.144000e-03 3.353600e-01
267 6.607880e-01 3.260000e-03 3.359520e-01
268 6.602680e-01 3.192000e-03 3.365400e-01
269 6.597640e-01 3.168000e-03 3.370680e-01
270 6.591880e-01 3.152000e-03 3.376600e-01
271 6.585360e-01 3.236000e-03 3.382280e-01
272 6.579520e-01 3.228000e-03 3.388200e-01
273 6.573560e-01 3.244000e-03 3.394000e-01
274 6.567680e-01 3.248000e-03 3.399840e-01
275 6.562000e-01 3.236000e-03 3.405640e-01
276 6.556680e-01 3.248000e-03 3.410840e-01
277 6.552040e-01 3.136000e-03 3.416600e-01
278 6.547080e-01 3.120000e-03 3.421720e-01
279 6.542600e-01 2.972000e-03 3.427680e-01
280 6.537600e-01 3.012000e-03 3.432280e-01
281 6.531680e-01 3.140000e-03 3.436920e-01
282 6.526280e-01 3.160000e-03 3.442120e-01
283 6.521280e-01 3.100000e-03 3.447720e-01
284 6.516240e-01 3.088000e-03 3.452880e-01
285 6.511000e-01 3.064000e-03 3.458360e-01
286 6.506840e-01 2.976000e-03 3.463400e-01
287 6.501200e-01 3.048000e-03 3.468320e-01
288 6.496440e-01 3.064000e-03 3.472920e-01
289 6.491240e-01 3.036000e-03 3.478400e-01
290 6.486720e-01 2.916000e-03 3.484120e-01
291 6.480920e-01 2.928000e-03 3.489800e-01
292 6.476600e-01 2.860000e-03 3.494800e-01
293 6.471840e-01 2.860000e-03 3.499560e-01
294 6.468120e-01 2.772000e-03 3.504160e-01
295 6.463880e-01 2.712000e-03 3.509000e-01
296 6.460360e-01 2.548000e-03 3.514160e-01
297 6.456360e-01 2.488000e-03 3.518760e-01
298 6.453120e-01 2.356000e-03 3.523320e-01
299 6.449320e-01 2.316000e-03 3.527520e-01
300 6.446440e-01 2.168000e-03 3.531880e-01
301 6.442840e-01 2.192000e-03 3.535240e-01
302 6.440040e-01 2.092000e-03 3.539040e-01
303 6.436320e-01 2.000000e-03 3.543680e-01
304 6.433880e-01 1.836000e-03 3.547760e-01
305 6.431080e-01 1.816000e-03 3.550760e-01
306 6.428680e-01 1.708000e-03 3.554240e-01
307 6.426200e-01 1.636000e-03 3.557440e-01
308 6.423880e-01 1.628000e-03 3.559840e-01
309 6.421560e-01 1.532000e-03 3.563120e-01
310 6.418640e-01 1.620000e-03 3.565160e-01
311 6.415560e-01 1.620000e-03 3.568240e-01
312 6.413200e-01 1.604000e-03 3.570760e-01
313 6.410480e-01 1.564000e-03 3.573880e-01
314 6.407680e-01 1.552000e-03 3.576800e-01
315 6.405240e-01 1.540000e-03 3.579360e-01
316 6.402760e-01 1.564000e-03 3.581600e-01
317 6.399800e-01 1.612000e-03 3.584080e-01
318 6.396840e-01 1.632000e-03 3.586840e-01
319 6.393720e-01 1.656000e-03 3.589720e-01
320 6.391080e-01 1.620000e-03 3.592720e-01
321 6.388560e-01 1.612000e-03 3.595320e-01
322 6.385680e-01 1.628000e-03 3.598040e-01
323 6.382600e-01 1.692000e-03 3.600480e-01
324 6.379680e-01 1.684000e-03 3.603480e-01
325 6.375800e-01 1.832000e-03 3.605880e-01
326 6.371880e-01 1.928000e-03 3.608840e-01
327 6.367760e-01 1.960000e-03 3.612640e-01
328 6.363960e-01 2.020000e-03 3.615840e-01
329 6.361040e-01 1.944000e-03 3.619520e-01
330 6.357840e-01 1.936000e-03 3.622800e-01
331 6.354080e-01 1.940000e-03 3.626520e-01
332 6.350640e-01 1.888000e-03 3.630480e-01
333 6.348080e-01 1.812000e-03 3.633800e-01
334 6.345160e-01 1.832000e-03 3.636520e-01
335 6.342200e-01 1.796000e-03 3.639840e-01
336 6.339240e-01 1.696000e-03 3.643800e-01
337 6.337040e-01 1.560000e-03 3.647360e-01
338 6.334680e-01 1.520000e-03 3.650120e-01
339 6.332320e-01 1.504000e-03 3.652640e-01
340 6.329840e-01 1.488000e-03 3.655280e-01
341 6.327200e-01 1.524000e-03 3.657560e-01
342 6.324880e-01 1.496000e-03 3.660160e-01
343 6.321840e-01 1.572000e-03 3.662440e-01
344 6.319080e-01 1.588000e-03 3.665040e-01
345 6.316040e-01 1.640000e-03 3.667560e-01
346 6.312680e-01 1.704000e-03 3.670280e-01
347 6.310280e-01 1.640000e-03 3.673320e-01
348 6.307600e-01 1.632000e-03 3.676080e-01
349 6.305520e-01 1.580000e-03 3.678680e-01
350 6.303160e-01 1.544000e-03 3.681400e-01
351 6.300800e-01 1.476000e-03 3.684440e-01
352 6.298600e-01 1.480000e-03 3.686600e-01
353 6.295600e-01 1.480000e-03 3.689600e-01
354 6.293800e-01 1.420000e-03 3.692000e-01
355 6.292000e-01 1.364000e-03 3.694360e-01
356 6.290080e-01 1.324000e-03 3.696680e-01
357 6.288040e-01 1.304000e-03 3.698920e-01
358 6.286080e-01 1.292000e-03 3.701000e-01
359 6.284560e-01 1.200000e-03 3.703440e-01
360 6.282880e-01 1.184000e-03 3.705280e-01
361 6.280440e-01 1.224000e-03 3.707320e-01
362 6.277720e-01 1.300000e-03 3.709280e-01
363 6.275480e-01 1.296000e-03 3.711560e-01
364 6.273400e-01 1.304000e-03 3.713560e-01
365 6.271080e-01 1.328000e-03 3.715640e-01
366 6.268960e-01 1.260000e-03 3.718440e-01
367 6.266480e-01 1.296000e-03 3.720560e-01
368 6.264680e-01 1.212000e-03 3.723200e-01
369 6.262360e-01 1.232000e-03 3.725320e-01
370 6.259920e-01 1.264000e-03 3.727440e-01
371 6.257960e-01 1.268000e-03 3.729360e-01
372 6.256000e-01 1.220000e-03 3.731800e-01
373 6.254080e-01 1.208000e-03 3.733840e-01
374 6.251800e-01 1.232000e-03 3.735880e-01
375 6.249960e-01 1.244000e-03 3.737600e-01
376 6.247840e-01 1.204000e-03 3.740120e-01
377 6.245520e-01 1.224000e-03 3.742240e-01
378 6.243520e-01 1.184000e-03 3.744640e-01
379 6.241920e-01 1.132000e-03 3.746760e-01
380 6.240400e-01 1.092000e-03 3.748680e-01
381 6.238320e-01 1.096000e-03 3.750720e-01
382 6.236240e-01 1.100000e-03 3.752760e-01
383 6.234080e-01 1.132000e-03 3.754600e-01
384 6.232400e-01 1.092000e-03 3.756680e-01
385 6.230680e-01 1.028000e-03 3.759040e-01
386 6.228840e-01 1.024000e-03 3.760920e-01
387 6.227200e-01 1.020000e-03 3.762600e-01
388 6.225560e-01 1.028000e-03 3.764160e-01
389 6.223040e-01 1.092000e-03 3.766040e-01
390 6.221120e-01 1.096000e-03 3.767920e-01
391 6.219520e-01 1.072000e-03 3.769760e-01
392 6.218120e-01 1.044000e-03 3.771440e-01
393 6.216800e-01 9.520000e-04 3.773680e-01
394 6.215480e-01 9.040000e-04 3.775480e-01
395 6.213640e-01 9.480000e-04 3.776880e-01
396 6.212120e-01 9.600000e-04 3.778280e-01
397 6.210960e-01 9.120000e-04 3.779920e-01
398 6.209480e-01 9.000000e-04 3.781520e-01
399 6.207840e-01 8.760000e-04 3.783400e-01
400 6.206600e-01 8.200000e-04 3.785200e-01
401 6.205400e-01 8.240000e-04 3.786360e-01
402 6.204200e-01 8.360000e-04 3.787440e-01
403 6.203240e-01 7.520000e-04 3.789240e-01
404 6.201680e-01 7.400000e-04 3.790920e-01
405 6.200360e-01 7.720000e-04 3.791920e-01
406 6.199000e-01 7.520000e-04 3.793480e-01
407 6.197720e-01 7.480000e-04 3.794800e-01
408 6.196760e-01 7.520000e-04 3.795720e-01
409 6.195680e-01 7.480000e-04 3.796840e-01
410 6.194480e-01 7.400000e-04 3.798120e-01
411 6.193240e-01 7.280000e-04 3.799480e-01
412 6.191560e-01 7.440000e-04 3.801000e-01
413 6.190360e-01 7.440000e-04 3.802200e-01
414 6.189080e-01 7.400000e-04 3.803520e-01
415 6.187920e-01 7.560000e-04 3.804520e-01
416 6.186560e-01 7.360000e-04 3.806080e-01
417 6.185040e-01 7.520000e-04 3.807440e-01
418 6.183640e-01 7.840000e-04 3.808520e-01
419 6.181760e-01 8.040000e-04 3.810200e-01
420 6.180120e-01 8.080000e-04 3.811800e-01
421 6.178640e-01 7.920000e-04 3.813440e-01
422 6.177200e-01 7.880000e-04 3.814920e-01
423 6.175640e-01 8.120000e-04 3.816240e-01
424 6.174080e-01 8.360000e-04 3.817560e-01
425 6.172440e-01 8.600000e-04 3.818960e-01
426 6.170720e-01 8.600000e-04 3.820680e-01
427 6.168920e-01 8.720000e-04 3.822360e-01
428 6.167200e-01 9.120000e-04 3.823680e-01
429 6.165760e-01 8.680000e-04 3.825560e-01
430 6.164280e-01 8.160000e-04 3.827560e-01
431 6.163000e-01 7.760000e-04 3.829240e-01
432 6.162240e-01 6.880000e-04 3.830880e-01
433 6.160640e-01 7.200000e-04 3.832160e-01
434 6.159040e-01 7.520000e-04 3.833440e-01
435 6.157560e-01 7.560000e-04 3.834880e-01
436 6.156800e-01 6.680000e-04 3.836520e-01
437 6.155880e-01 6.280000e-04 3.837840e-01
438 6.154800e-01 6.000000e-04 3.839200e-01
439 6.153640e-01 6.200000e-04 3.840160e-01
440 6.152440e-01 6.360000e-04 3.841200e-01
441 6.151320e-01 6.200000e-04 3.842480e-01
442 6.150640e-01 5.600000e-04 3.843760e-01
443 6.149960e-01 5.560000e-04 3.844480e-01
444 6.149120e-01 5.440000e-04 3.845440e-01
445 6.148400e-01 5.120000e-04 3.846480e-01
446 6.147680e-01 4.760000e-04 3.847560e-01
447 6.147000e-01 4.560000e-04 3.848440e-01
448 6.146640e-01 4.160000e-04 3.849200e-01
449 6.145840e-01 4.120000e-04 3.850040e-01
450 6.145120e-01 4.040000e-04 3.850840e-01
451 6.144160e-01 4.280000e-04 3.851560e-01
452 6.142960e-01 4.680000e-04 3.852360e-01
453 6.142080e-01 4.600000e-04 3.853320e-01
454 6.141040e-01 4.880000e-04 3.854080e-01
455 6.140240e-01 4.720000e-04 3.855040e-01
456 6.139280e-01 4.880000e-04 3.855840e-01
457 6.138440e-01 4.760000e-04 3.856800e-01
458 6.137880e-01 4.640000e-04 3.857480e-01
459 6.137280e-01 4.400000e-04 3.858320e-01
460 6.136480e-01 4.760000e-04 3.858760e-01
461 6.135560e-01 4.840000e-04 3.859600e-01
462 6.135120e-01 4.680000e-04 3.860200e-01
463 6.134680e-01 4.120000e-04 3.861200e-01
464 6.134160e-01 4.120000e-04 3.861720e-01
465 6.133440e-01 4.240000e-04 3.862320e-01
466 6.132720e-01 4.480000e-04 3.862800e-01
467 6.131880e-01 4.080000e-04 3.864040e-01
468 6.131040e-01 4.160000e-04 3.864800e-01
469 6.129920e-01 4.400000e-04 3.865680e-01
470 6.129160e-01 4.360000e-04 3.866480e-01
471 6.128480e-01 4.320000e-04 3.867200e-01
472 6.127880e-01 4.120000e-04 3.868000e-01
473 6.127280e-01 4.040000e-04 3.868680e-01
474 6.125920e-01 4.440000e-04 3.869640e-01
475 6.124760e-01 4.760000e-04 3.870480e-01
476 6.123840e-01 4.880000e-04 3.871280e-01
477 6.122520e-01 5.320000e-04 3.872160e-01
478 6.121080e-01 5.920000e-04 3.873000e-01
479 6.119880e-01 5.680000e-04 3.874440e-01
480 6.118840e-01 5.800000e-04 3.875360e-01
481 6.117760e-01 5.800000e-04 3.876440e-01
482 6.116640e-01 5.840000e-04 3.877520e-01
483 6.115080e-01 6.360000e-04 3.878560e-01
484 6.113680e-01 6.640000e-04 3.879680e-01
485 6.112440e-01 6.640000e-04 3.880920e-01
486 6.111520e-01 6.400000e-04 3.882080e-01
487 6.110360e-01 6.280000e-04 3.883360e-01
488 6.109440e-01 6.240000e-04 3.884320e-01
489 6.108120e-01 6.320000e-04 3.885560e-01
490 6.107040e-01 6.040000e-04 3.886920e-01
491 6.106160e-01 5.880000e-04 3.887960e-01
492 6.105160e-01 5.960000e-04 3.888880e-01
493 6.103840e-01 6.240000e-04 3.889920e-01
494 6.102800e-01 6.520000e-04 3.890680e-01
495 6.101600e-01 6.360000e-04 3.892040e-01
496 6.100720e-01 6.120000e-04 3.893160e-01
497 6.099560e-01 6.400000e-04 3.894040e-01
498 6.098440e-01 6.200000e-04 3.895360e-01
499 6.096880e-01 6.920000e-04 3.896200e-01
500 6.095680e-01 7.160000e-04 3.897160e-01
