1 9.992120e-01 7.000000e-04 8.800000e-05
2 9.987400e-01 1.008000e-03 2.520000e-04
3 9.980840e-01 1.424000e-03 4.920000e-04
4 9.973640e-01 1.880000e-03 7.560000e-04
5 9.965560e-01 2.336000e-03 1.108000e-03
6 9.957520e-01 2.672000e-03 1.576000e-03
7 9.948800e-01 3.036000e-03 2.084000e-03
8 9.938840e-01 3.492000e-03 2.624000e-03
9 9.929840e-01 3.804000e-03 3.212000e-03
10 9.919040e-01 4.108000e-03 3.988000e-03
11 9.908560e-01 4.460000e-03 4.684000e-03
12 9.897400e-01 4.804000e-03 5.456000e-03
13 9.885680e-01 5.120000e-03 6.312000e-03
14 9.875080e-01 5.216000e-03 7.276000e-03
15 9.864200e-01 5.352000e-03 8.228000e-03
16 9.852160e-01 5.592000e-03 9.192000e-03
17 9.840360e-01 5.876000e-03 1.008800e-02
18 9.828800e-01 6.020000e-03 1.110000e-02
19 9.814600e-01 6.384000e-03 1.215600e-02
20 9.802160e-01 6.512000e-03 1.327200e-02
21 9.788280e-01 6.772000e-03 1.440000e-02
22 9.774160e-01 6.932000e-03 1.565200e-02
23 9.760720e-01 6.988000e-03 1.694000e-02
24 9.747680e-01 7.076000e-03 1.815600e-02
25 9.733040e-01 7.240000e-03 1.945600e-02
26 9.720160e-01 7.288000e-03 2.069600e-02
27 9.705840e-01 7.512000e-03 2.190400e-02
28 9.692280e-01 7.540000e-03 2.323200e-02
29 9.677480e-01 7.692000e-03 2.456000e-02
30 9.663600e-01 7.680000e-03 2.596000e-02
31 9.650120e-01 7.628000e-03 2.736000e-02
32 9.635360e-01 7.804000e-03 2.866000e-02
33 9.619600e-01 7.976000e-03 3.006400e-02
34 9.602320e-01 8.376000e-03 3.139200e-02
35 9.587560e-01 8.176000e-03 3.306800e-02
36 9.571840e-01 8.444000e-03 3.437200e-02
37 9.556280e-01 8.548000e-03 3.582400e-02
38 9.539080e-01 8.748000e-03 3.734400e-02
39 9.522160e-01 8.972000e-03 3.881200e-02
40 9.504800e-01 9.196000e-03 4.032400e-02
41 9.487320e-01 9.384000e-03 4.188400e-02
42 9.470560e-01 9.336000e-03 4.360800e-02
43 9.453120e-01 9.580000e-03 4.510800e-02
44 9.435440e-01 9.668000e-03 4.678800e-02
45 9.415920e-01 9.980000e-03 4.842800e-02
46 9.397600e-01 1.008000e-02 5.016000e-02
47 9.380400e-01 1.016000e-02 5.180000e-02
48 9.362960e-01 1.009600e-02 5.360800e-02
49 9.343760e-01 1.022400e-02 5.540000e-02
50 9.327960e-01 1.008400e-02 5.712000e-02
51 9.311280e-01 1.001600e-02 5.885600e-02
52 9.292080e-01 1.014000e-02 6.065200e-02
53 9.272280e-01 1.028400e-02 6.248800e-02
54 9.252760e-01 1.038800e-02 6.433600e-02
55 9.235840e-01 1.051600e-02 6.590000e-02
56 9.215920e-01 1.061200e-02 6.779600e-02
57 9.197040e-01 1.065600e-02 6.964000e-02
58 9.177680e-01 1.076400e-02 7.146800e-02
59 9.156920e-01 1.074000e-02 7.356800e-02
60 9.137480e-01 1.084000e-02 7.541200e-02
61 9.119040e-01 1.071600e-02 7.738000e-02
62 9.100720e-01 1.065200e-02 7.927600e-02
63 9.081440e-01 1.059600e-02 8.126000e-02
64 9.064560e-01 1.033600e-02 8.320800e-02
65 9.048560e-01 1.008000e-02 8.506400e-02
66 9.031520e-01 1.008000e-02 8.676800e-02
67 9.016120e-01 1.000000e-02 8.838800e-02
68 8.998760e-01 9.996000e-03 9.012800e-02
69 8.981560e-01 9.812000e-03 9.203200e-02
70 8.964400e-01 9.848000e-03 9.371200e-02
71 8.947480e-01 9.820000e-03 9.543200e-02
72 8.929320e-01 9.936000e-03 9.713200e-02
73 8.911600e-01 9.808000e-03 9.903200e-02
74 8.895320e-01 9.700000e-03 1.007680e-01
75 8.879000e-01 9.692000e-03 1.024080e-01
76 8.862680e-01 9.588000e-03 1.041440e-01
77 8.845360e-01 9.640000e-03 1.058240e-01
78 8.827960e-01 9.736000e-03 1.074680e-01
79 8.812000e-01 9.556000e-03 1.092440e-01
80 8.795720e-01 9.456000e-03 1.109720e-01
81 8.778920e-01 9.544000e-03 1.125640e-01
82 8.764000e-01 9.456000e-03 1.141440e-01
83 8.749200e-01 9.384000e-03 1.156960e-01
84 8.733880e-01 9.300000e-03 1.173120e-01
85 8.716120e-01 9.408000e-03 1.189800e-01
86 8.698920e-01 9.624000e-03 1.204840e-01
87 8.682640e-01 9.444000e-03 1.222920e-01
88 8.665160e-01 9.560000e-03 1.239240e-01
89 8.647400e-01 9.716000e-03 1.255440e-01
90 8.629800e-01 9.936000e-03 1.270840e-01
91 8.611600e-01 9.928000e-03 1.289120e-01
92 8.593960e-01 1.004400e-02 1.305600e-01
93 8.576280e-01 1.004400e-02 1.323280e-01
94 8.559960e-01 1.000000e-02 1.340040e-01
95 8.542240e-01 1.007200e-02 1.357040e-01
96 8.526120e-01 9.900000e-03 1.374880e-01
97 8.509080e-01 9.852000e-03 1.392400e-01
98 8.493400e-01 9.616000e-03 1.410440e-01
99 8.476840e-01 9.584000e-03 1.427320e-01
100 8.460600e-01 9.492000e-03 1.444480e-01
101 8.445600e-01 9.424000e-03 1.460160e-01
102 8.429280e-01 9.448000e-03 1.476240e-01
103 8.414160e-01 9.284000e-03 1.493000e-01
104 8.397960e-01 9.264000e-03 1.509400e-01
105 8.381680e-01 9.292000e-03 1.525400e-01
106 8.365520e-01 9.332000e-03 1.541160e-01
107 8.347880e-01 9.412000e-03 1.558000e-01
108 8.332080e-01 9.488000e-03 1.573040e-01
109 8.316800e-01 9.380000e-03 1.589400e-01
110 8.301720e-01 9.240000e-03 1.605880e-01
111 8.285800e-01 9.056000e-03 1.623640e-01
112 8.270120e-01 9.064000e-03 1.639240e-01
113 8.254600e-01 8.928000e-03 1.656120e-01
114 8.238600e-01 9.004000e-03 1.671360e-01
115 8.223440e-01 9.036000e-03 1.686200e-01
116 8.208720e-01 8.928000e-03 1.702000e-01
117 8.194200e-01 8.852000e-03 1.717280e-01
118 8.179200e-01 8.896000e-03 1.731840e-01
119 8.164960e-01 8.748000e-03 1.747560e-01
120 8.151440e-01 8.648000e-03 1.762080e-01
121 8.136120e-01 8.628000e-03 1.777600e-01
122 8.122200e-01 8.416000e-03 1.793640e-01
123 8.105600e-01 8.532000e-03 1.809080e-01
124 8.090920e-01 8.596000e-03 1.823120e-01
125 8.077160e-01 8.468000e-03 1.838160e-01
126 8.064480e-01 8.268000e-03 1.852840e-01
127 8.051520e-01 8.168000e-03 1.866800e-01
128 8.037920e-01 8.048000e-03 1.881600e-01
129 8.024840e-01 7.812000e-03 1.897040e-01
130 8.011160e-01 7.868000e-03 1.910160e-01
131 7.995600e-01 8.080000e-03 1.923600e-01
132 7.981120e-01 8.136000e-03 1.937520e-01
133 7.967880e-01 8.036000e-03 1.951760e-01
134 7.954560e-01 7.848000e-03 1.966960e-01
135 7.942200e-01 7.672000e-03 1.981080e-01
136 7.929600e-01 7.632000e-03 1.994080e-01
137 7.917760e-01 7.464000e-03 2.007600e-01
138 7.906720e-01 7.204000e-03 2.021240e-01
139 7.895520e-01 6.932000e-03 2.035160e-01
140 7.883200e-01 7.056000e-03 2.046240e-01
141 7.872080e-01 6.988000e-03 2.058040e-01
142 7.860840e-01 6.920000e-03 2.069960e-01
143 7.850480e-01 6.820000e-03 2.081320e-01
144 7.838520e-01 6.780000e-03 2.093680e-01
145 7.827680e-01 6.584000e-03 2.106480e-01
146 7.815640e-01 6.532000e-03 2.119040e-01
147 7.805720e-01 6.408000e-03 2.130200e-01
148 7.794480e-01 6.448000e-03 2.141040e-01
149 7.783640e-01 6.384000e-03 2.152520e-01
150 7.772480e-01 6.328000e-03 2.164240e-01
151 7.762600e-01 6.188000e-03 2.175520e-01
152 7.752080e-01 6.104000e-03 2.186880e-01
153 7.742720e-01 6.032000e-03 2.196960e-01
154 7.732960e-01 6.052000e-03 2.206520e-01
155 7.723960e-01 5.884000e-03 2.217200e-01
156 7.712880e-01 5.920000e-03 2.227920e-01
157 7.703240e-01 5.916000e-03 2.237600e-01
158 7.694160e-01 5.780000e-03 2.248040e-01
159 7.683560e-01 5.792000e-03 2.258520e-01
160 7.673320e-01 5.832000e-03 2.268360e-01
161 7.663000e-01 5.860000e-03 2.278400e-01
162 7.653320e-01 5.780000e-03 2.288880e-01
163 7.641760e-01 6.004000e-03 2.298200e-01
164 7.630680e-01 6.116000e-03 2.308160e-01
165 7.621760e-01 5.900000e-03 2.319240e-01
166 7.612240e-01 5.856000e-03 2.329200e-01
167 7.602080e-01 5.916000e-03 2.338760e-01
168 7.591080e-01 6.024000e-03 2.348680e-01
169 7.579280e-01 6.204000e-03 2.358680e-01
170 7.568400e-01 6.132000e-03 2.370280e-01
171 7.557840e-01 6.064000e-03 2.381520e-01
172 7.545920e-01 6.144000e-03 2.392640e-01
173 7.534680e-01 6.200000e-03 2.403320e-01
174 7.524160e-01 6.212000e-03 2.413720e-01
175 7.515080e-01 5.976000e-03 2.425160e-01
176 7.505000e-01 5.868000e-03 2.436320e-01
177 7.495200e-01 5.828000e-03 2.446520e-01
178 7.486560e-01 5.748000e-03 2.455960e-01
179 7.479080e-01 5.436000e-03 2.466560e-01
180 7.469800e-01 5.340000e-03 2.476800e-01
181 7.461240e-01 5.232000e-03 2.486440e-01
182 7.451720e-01 5.248000e-03 2.495800e-01
183 7.441640e-01 5.284000e-03 2.505520e-01
184 7.432760e-01 5.280000e-03 2.514440e-01
185 7.422880e-01 5.356000e-03 2.523560e-01
186 7.412520e-01 5.568000e-03 2.531800e-01
187 7.404600e-01 5.356000e-03 2.541840e-01
188 7.396080e-01 5.284000e-03 2.551080e-01
189 7.386800e-01 5.336000e-03 2.559840e-01
190 7.378200e-01 5.216000e-03 2.569640e-01
191 7.370400e-01 4.964000e-03 2.579960e-01
192 7.363280e-01 4.784000e-03 2.588880e-01
193 7.355640e-01 4.684000e-03 2.597520e-01
194 7.348360e-01 4.488000e-03 2.606760e-01
195 7.340360e-01 4.508000e-03 2.614560e-01
196 7.331360e-01 4.640000e-03 2.622240e-01
197 7.322000e-01 4.748000e-03 2.630520e-01
198 7.313720e-01 4.652000e-03 2.639760e-01
199 7.303800e-01 4.808000e-03 2.648120e-01
200 7.295040e-01 4.804000e-03 2.656920e-01
201 7.286360e-01 4.796000e-03 2.665680e-01
202 7.279040e-01 4.692000e-03 2.674040e-01
203 7.271680e-01 4.600000e-03 2.682320e-01
204 7.263200e-01 4.700000e-03 2.689800e-01
205 7.255680e-01 4.672000e-03 2.697600e-01
206 7.247960e-01 4.572000e-03 2.706320e-01
207 7.240160e-01 4.584000e-03 2.714000e-01
208 7.231760e-01 4.688000e-03 2.721360e-01
209 7.224080e-01 4.688000e-03 2.729040e-01
210 7.216280e-01 4.660000e-03 2.737120e-01
211 7.209320e-01 4.500000e-03 2.745680e-01
212 7.200680e-01 4.664000e-03 2.752680e-01
213 7.192320e-01 4.656000e-03 2.761120e-01
214 7.184720e-01 4.608000e-03 2.769200e-01
215 7.177840e-01 4.504000e-03 2.777120e-01
216 7.170040e-01 4.524000e-03 2.784720e-01
217 7.162160e-01 4.488000e-03 2.792960e-01
218 7.154560e-01 4.460000e-03 2.800840e-01
219 7.146160e-01 4.500000e-03 2.808840e-01
220 7.139440e-01 4.404000e-03 2.816520e-01
221 7.132240e-01 4.388000e-03 2.823880e-01
222 7.125480e-01 4.348000e-03 2.831040e-01
223 7.118600e-01 4.272000e-03 2.838680e-01
224 7.111640e-01 4.208000e-03 2.846280e-01
225 7.105000e-01 4.100000e-03 2.854000e-01
226 7.098880e-01 4.008000e-03 2.861040e-01
227 7.092440e-01 3.936000e-03 2.868200e-01
228 7.085800e-01 3.932000e-03 2.874880e-01
229 7.079160e-01 3.944000e-03 2.881400e-01
230 7.073120e-01 3.856000e-03 2.888320e-01
231 7.067240e-01 3.832000e-03 2.894440e-01
232 7.059600e-01 3.980000e-03 2.900600e-01
233 7.051560e-01 4.072000e-03 2.907720e-01
234 7.044360e-01 4.172000e-03 2.913920e-01
235 7.036800e-01 4.272000e-03 2.920480e-01
236 7.029880e-01 4.244000e-03 2.927680e-01
237 7.023680e-01 4.120000e-03 2.935120e-01
238 7.016760e-01 4.092000e-03 2.942320e-01
239 7.009320e-01 4.112000e-03 2.949560e-01
240 7.001760e-01 4.152000e-03 2.956720e-01
241 6.995880e-01 4.044000e-03 2.963680e-01
242 6.988960e-01 3.996000e-03 2.971080e-01
243 6.982320e-01 3.980000e-03 2.977880e-01
244 6.974840e-01 4.000000e-03 2.985160e-01
245 6.968080e-01 3.948000e-03 2.992440e-01
246 6.961120e-01 4.028000e-03 2.998600e-01
247 6.954120e-01 4.028000e-03 3.005600e-01
248 6.947560e-01 4.012000e-03 3.012320e-01
249 6.940960e-01 4.052000e-03 3.018520e-01
250 6.934920e-01 3.928000e-03 3.025800e-01
251 6.929800e-01 3.764000e-03 3.032560e-01
252 6.924080e-01 3.676000e-03 3.039160e-01
253 6.918480e-01 3.644000e-03 3.045080e-01
254 6.912360e-01 3.580000e-03 3.051840e-01
255 6.906560e-01 3.508000e-03 3.058360e-01
256 6.901520e-01 3.432000e-03 3.064160e-01
257 6.897200e-01 3.216000e-03 3.070640e-01
258 6.891840e-01 3.212000e-03 3.076040e-01
259 6.886640e-01 3.208000e-03 3.081280e-01
260 6.882040e-01 3.096000e-03 3.087000e-01
261 6.876640e-01 3.080000e-03 3.092560e-01
262 6.871160e-01 3.152000e-03 3.097320e-01
263 6.865520e-01 3.072000e-03 3.103760e-01
264 6.859880e-01 3.092000e-03 3.109200e-01
265 6.852960e-01 3.304000e-03 3.114000e-01
266 6.848400e-01 3.212000e-03 3.119480e-01
267 6.842800e-01 3.180000e-03 3.125400e-01
268 6.836960e-01 3.124000e-03 3.131800e-01
269 6.831560e-01 3.092000e-03 3.137520e-01
270 6.825640e-01 3.144000e-03 3.142920e-01
271 6.819800e-01 3.152000e-03 3.148680e-01
272 6.813000e-01 3.276000e-03 3.154240e-01
273 6.807640e-01 3.224000e-03 3.160120e-01
274 6.801400e-01 3.276000e-03 3.165840e-01
275 6.796160e-01 3.272000e-03 3.171120e-01
276 6.791080e-01 3.204000e-03 3.176880e-01
277 6.785080e-01 3.292000e-03 3.182000e-01
278 6.779400e-01 3.280000e-03 3.187800e-01
279 6.774720e-01 3.164000e-03 3.193640e-01
280 6.769600e-01 3.064000e-03 3.199760e-01
281 6.764720e-01 2.972000e-03 3.205560e-01
282 6.759200e-01 3.064000e-03 3.210160e-01
283 6.752520e-01 3.172000e-03 3.215760e-01
284 6.746000e-01 3.240000e-03 3.221600e-01
285 6.739920e-01 3.328000e-03 3.226800e-01
286 6.734560e-01 3.324000e-03 3.232200e-01
287 6.728320e-01 3.384000e-03 3.237840e-01
288 6.722760e-01 3.348000e-03 3.243760e-01
289 6.717120e-01 3.420000e-03 3.248680e-01
290 6.712480e-01 3.308000e-03 3.254440e-01
291 6.706960e-01 3.308000e-03 3.259960e-01
292 6.701240e-01 3.260000e-03 3.266160e-01
293 6.696200e-01 3.172000e-03 3.272080e-01
294 6.690960e-01 3.116000e-03 3.277880e-01
295 6.685520e-01 3.092000e-03 3.283560e-01
296 6.680000e-01 3.032000e-03 3.289680e-01
297 6.674360e-01 3.064000e-03 3.295000e-01
298 6.669160e-01 3.036000e-03 3.300480e-01
299 6.665160e-01 2.900000e-03 3.305840e-01
300 6.660920e-01 2.832000e-03 3.310760e-01
301 6.655760e-01 2.852000e-03 3.315720e-01
302 6.651560e-01 2.752000e-03 3.320920e-01
303 6.647520e-01 2.712000e-03 3.325360e-01
304 6.642960e-01 2.768000e-03 3.329360e-01
305 6.639040e-01 2.688000e-03 3.334080e-01
306 6.634760e-01 2.688000e-03 3.338360e-01
307 6.630320e-01 2.616000e-03 3.343520e-01
308 6.625520e-01 2.580000e-03 3.348680e-01
309 6.621200e-01 2.652000e-03 3.352280e-01
310 6.616320e-01 2.640000e-03 3.357280e-01
311 6.612000e-01 2.512000e-03 3.362880e-01
312 6.608240e-01 2.372000e-03 3.368040e-01
313 6.603920e-01 2.444000e-03 3.371640e-01
314 6.599800e-01 2.404000e-03 3.376160e-01
315 6.596040e-01 2.368000e-03 3.380280e-01
316 6.591920e-01 2.340000e-03 3.384680e-01
317 6.587880e-01 2.236000e-03 3.389760e-01
318 6.584320e-01 2.224000e-03 3.393440e-01
319 6.580640e-01 2.168000e-03 3.397680e-01
320 6.576640e-01 2.176000e-03 3.401600e-01
321 6.572600e-01 2.212000e-03 3.405280e-01
322 6.568760e-01 2.196000e-03 3.409280e-01
323 6.565240e-01 2.124000e-03 3.413520e-01
324 6.561320e-01 2.116000e-03 3.417520e-01
325 6.557400e-01 2.028000e-03 3.422320e-01
326 6.553600e-01 2.120000e-03 3.425200e-01
327 6.549560e-01 2.180000e-03 3.428640e-01
328 6.545840e-01 2.144000e-03 3.432720e-01
329 6.541680e-01 2.176000e-03 3.436560e-01
330 6.537680e-01 2.192000e-03 3.440400e-01
331 6.533760e-01 2.228000e-03 3.443960e-01
332 6.529240e-01 2.212000e-03 3.448640e-01
333 6.524240e-01 2.340000e-03 3.452360e-01
334 6.519960e-01 2.304000e-03 3.457000e-01
335 6.515840e-01 2.332000e-03 3.460840e-01
336 6.512400e-01 2.308000e-03 3.464520e-01
337 6.507920e-01 2.352000e-03 3.468560e-01
338 6.504160e-01 2.340000e-03 3.472440e-01
339 6.500560e-01 2.272000e-03 3.476720e-01
340 6.496680e-01 2.256000e-03 3.480760e-01
341 6.492080e-01 2.328000e-03 3.484640e-01
342 6.487840e-01 2.376000e-03 3.488400e-01
343 6.484040e-01 2.244000e-03 3.493520e-01
344 6.479480e-01 2.256000e-03 3.497960e-01
345 6.475840e-01 2.228000e-03 3.501880e-01
346 6.471440e-01 2.232000e-03 3.506240e-01
347 6.467600e-01 2.240000e-03 3.510000e-01
348 6.463080e-01 2.320000e-03 3.513720e-01
349 6.458200e-01 2.408000e-03 3.517720e-01
350 6.453000e-01 2.548000e-03 3.521520e-01
351 6.447800e-01 2.624000e-03 3.525960e-01
352 6.442560e-01 2.732000e-03 3.530120e-01
353 6.438120e-01 2.684000e-03 3.535040e-01
354 6.432760e-01 2.776000e-03 3.539480e-01
355 6.427520e-01 2.796000e-03 3.544520e-01
356 6.423080e-01 2.780000e-03 3.549120e-01
357 6.418080e-01 2.808000e-03 3.553840e-01
358 6.413880e-01 2.700000e-03 3.559120e-01
359 6.409160e-01 2.660000e-03 3.564240e-01
360 6.405680e-01 2.544000e-03 3.568880e-01
361 6.401240e-01 2.560000e-03 3.573160e-01
362 6.397520e-01 2.444000e-03 3.578040e-01
363 6.393040e-01 2.496000e-03 3.582000e-01
364 6.389440e-01 2.464000e-03 3.585920e-01
365 6.386480e-01 2.356000e-03 3.589960e-01
366 6.382040e-01 2.420000e-03 3.593760e-01
367 6.377520e-01 2.440000e-03 3.598080e-01
368 6.372880e-01 2.420000e-03 3.602920e-01
369 6.368760e-01 2.364000e-03 3.607600e-01
370 6.364320e-01 2.252000e-03 3.613160e-01
371 6.360480e-01 2.240000e-03 3.617120e-01
372 6.356560e-01 2.220000e-03 3.621240e-01
373 6.352600e-01 2.188000e-03 3.625520e-01
374 6.349160e-01 2.116000e-03 3.629680e-01
375 6.345600e-01 2.112000e-03 3.633280e-01
376 6.341400e-01 2.128000e-03 3.637320e-01
377 6.338040e-01 2.100000e-03 3.640960e-01
378 6.335000e-01 2.112000e-03 3.643880e-01
379 6.329920e-01 2.288000e-03 3.647200e-01
380 6.325600e-01 2.260000e-03 3.651800e-01
381 6.321840e-01 2.228000e-03 3.655880e-01
382 6.317520e-01 2.236000e-03 3.660120e-01
383 6.314120e-01 2.232000e-03 3.663560e-01
384 6.309200e-01 2.288000e-03 3.667920e-01
385 6.305480e-01 2.256000e-03 3.671960e-01
386 6.302040e-01 2.180000e-03 3.676160e-01
387 6.299360e-01 2.044000e-03 3.680200e-01
388 6.296280e-01 2.028000e-03 3.683440e-01
389 6.294040e-01 1.908000e-03 3.686880e-01
390 6.291080e-01 1.852000e-03 3.690400e-01
391 6.288000e-01 1.860000e-03 3.693400e-01
392 6.285920e-01 1.768000e-03 3.696400e-01
393 6.283120e-01 1.748000e-03 3.699400e-01
394 6.280480e-01 1.692000e-03 3.702600e-01
395 6.277800e-01 1.676000e-03 3.705440e-01
396 6.274480e-01 1.704000e-03 3.708480e-01
397 6.271480e-01 1.732000e-03 3.711200e-01
398 6.269000e-01 1.684000e-03 3.714160e-01
399 6.265960e-01 1.652000e-03 3.717520e-01
400 6.263640e-01 1.596000e-03 3.720400e-01
401 6.261680e-01 1.480000e-03 3.723520e-01
402 6.259640e-01 1.420000e-03 3.726160e-01
403 6.257880e-01 1.312000e-03 3.729000e-01
404 6.256200e-01 1.236000e-03 3.731440e-01
405 6.254520e-01 1.188000e-03 3.733600e-01
406 6.253240e-01 1.148000e-03 3.735280e-01
407 6.251720e-01 1.144000e-03 3.736840e-01
408 6.250280e-01 1.064000e-03 3.739080e-01
409 6.248880e-01 1.048000e-03 3.740640e-01
410 6.247640e-01 1.000000e-03 3.742360e-01
411 6.246520e-01 8.840000e-04 3.744640e-01
412 6.245160e-01 8.600000e-04 3.746240e-01
413 6.243440e-01 8.920000e-04 3.747640e-01
414 6.242080e-01 8.520000e-04 3.749400e-01
415 6.240880e-01 8.160000e-04 3.750960e-01
416 6.239760e-01 7.680000e-04 3.752560e-01
417 6.238640e-01 7.200000e-04 3.754160e-01
418 6.237720e-01 7.000000e-04 3.755280e-01
419 6.236520e-01 6.840000e-04 3.756640e-01
420 6.235280e-01 6.680000e-04 3.758040e-01
421 6.234200e-01 6.320000e-04 3.759480e-01
422 6.233360e-01 6.240000e-04 3.760400e-01
423 6.232280e-01 6.440000e-04 3.761280e-01
424 6.231160e-01 6.360000e-04 3.762480e-01
425 6.229600e-01 6.960000e-04 3.763440e-01
426 6.228320e-01 6.840000e-04 3.764840e-01
427 6.227240e-01 6.880000e-04 3.765880e-01
428 6.225920e-01 7.240000e-04 3.766840e-01
429 6.224360e-01 7.840000e-04 3.767800e-01
430 6.223040e-01 7.880000e-04 3.769080e-01
431 6.221680e-01 7.800000e-04 3.770520e-01
432 6.220320e-01 8.280000e-04 3.771400e-01
433 6.218800e-01 8.280000e-04 3.772920e-01
434 6.217200e-01 8.400000e-04 3.774400e-01
435 6.215640e-01 8.400000e-04 3.775960e-01
436 6.214120e-01 8.640000e-04 3.777240e-01
437 6.212120e-01 9.240000e-04 3.778640e-01
438 6.210600e-01 8.640000e-04 3.780760e-01
439 6.208800e-01 9.320000e-04 3.781880e-01
440 6.207080e-01 9.360000e-04 3.783560e-01
441 6.205520e-01 8.960000e-04 3.785520e-01
442 6.203880e-01 9.120000e-04 3.787000e-01
443 6.201800e-01 1.008000e-03 3.788120e-01
444 6.200360e-01 9.920000e-04 3.789720e-01
445 6.199240e-01 9.160000e-04 3.791600e-01
446 6.198080e-01 8.560000e-04 3.793360e-01
447 6.196720e-01 8.720000e-04 3.794560e-01
448 6.195600e-01 7.960000e-04 3.796440e-01
449 6.193920e-01 8.120000e-04 3.797960e-01
450 6.192680e-01 8.080000e-04 3.799240e-01
451 6.191680e-01 8.000000e-04 3.800320e-01
452 6.190680e-01 7.560000e-04 3.801760e-01
453 6.189840e-01 6.920000e-04 3.803240e-01
454 6.188840e-01 6.960000e-04 3.804200e-01
455 6.188040e-01 6.320000e-04 3.805640e-01
456 6.187480e-01 5.800000e-04 3.806720e-01
457 6.186760e-01 5.600000e-04 3.807640e-01
458 6.186080e-01 5.680000e-04 3.808240e-01
459 6.185560e-01 5.400000e-04 3.809040e-01
460 6.184840e-01 5.320000e-04 3.809840e-01
461 6.183840e-01 5.320000e-04 3.810840e-01
462 6.183080e-01 5.440000e-04 3.811480e-01
463 6.181920e-01 5.720000e-04 3.812360e-01
464 6.180840e-01 5.760000e-04 3.813400e-01
465 6.179880e-01 5.960000e-04 3.814160e-01
466 6.178400e-01 6.520000e-04 3.815080e-01
467 6.177200e-01 6.560000e-04 3.816240e-01
468 6.176200e-01 6.400000e-04 3.817400e-01
469 6.175160e-01 6.360000e-04 3.818480e-01
470 6.173480e-01 7.120000e-04 3.819400e-01
471 6.171880e-01 7.320000e-04 3.820800e-01
472 6.170640e-01 7.240000e-04 3.822120e-01
473 6.169280e-01 7.400000e-04 3.823320e-01
474 6.168120e-01 7.200000e-04 3.824680e-01
475 6.166720e-01 7.680000e-04 3.825600e-01
476 6.165320e-01 7.560000e-04 3.827120e-01
477 6.163600e-01 8.000000e-04 3.828400e-01
478 6.162240e-01 7.920000e-04 3.829840e-01
479 6.160600e-01 8.040000e-04 3.831360e-01
480 6.158600e-01 8.440000e-04 3.832960e-01
481 6.157400e-01 7.840000e-04 3.834760e-01
482 6.156000e-01 7.960000e-04 3.836040e-01
483 6.154800e-01 7.800000e-04 3.837400e-01
484 6.153800e-01 7.600000e-04 3.838600e-01
485 6.152000e-01 7.440000e-04 3.840560e-01
486 6.150400e-01 7.440000e-04 3.842160e-01
487 6.148520e-01 7.640000e-04 3.843840e-01
488 6.146640e-01 8.000000e-04 3.845360e-01
489 6.145120e-01 7.960000e-04 3.846920e-01
490 6.143960e-01 7.480000e-04 3.848560e-01
491 6.143120e-01 7.160000e-04 3.849720e-01
492 6.142320e-01 6.000000e-04 3.851680e-01
493 6.141560e-01 5.760000e-04 3.852680e-01
494 6.140720e-01 5.800000e-04 3.853480e-01
495 6.140040e-01 5.520000e-04 3.854440e-01
496 6.139320e-01 5.200000e-04 3.855480e-01
497 6.138240e-01 5.400000e-04 3.856360e-01
498 6.137160e-01 5.480000e-04 3.857360e-01
499 6.136440e-01 5.320000e-04 3.858240e-01
500 6.135400e-01 5.640000e-04 3.858960e-01
