1 9.992840e-01 6.160000e-04 1.000000e-04
2 9.987600e-01 9.640000e-04 2.760000e-04
3 9.981760e-01 1.348000e-03 4.760000e-04
4 9.974160e-01 1.900000e-03 6.840000e-04
5 9.966200e-01 2.288000e-03 1.092000e-03
6 9.957960e-01 2.740000e-03 1.464000e-03
7 9.948720e-01 3.168000e-03 1.960000e-03
8 9.938600e-01 3.540000e-03 2.600000e-03
9 9.927720e-01 4.052000e-03 3.176000e-03
10 9.916080e-01 4.552000e-03 3.840000e-03
11 9.901760e-01 5.116000e-03 4.708000e-03
12 9.888840e-01 5.564000e-03 5.552000e-03
13 9.874400e-01 6.108000e-03 6.452000e-03
14 9.859600e-01 6.520000e-03 7.520000e-03
15 9.844800e-01 6.756000e-03 8.764000e-03
16 9.830760e-01 6.928000e-03 9.996000e-03
17 9.817000e-01 7.056000e-03 1.124400e-02
18 9.803760e-01 7.172000e-03 1.245200e-02
19 9.789080e-01 7.372000e-03 1.372000e-02
20 9.776080e-01 7.352000e-03 1.504000e-02
21 9.762120e-01 7.408000e-03 1.638000e-02
22 9.748000e-01 7.576000e-03 1.762400e-02
23 9.733480e-01 7.708000e-03 1.894400e-02
24 9.719280e-01 7.896000e-03 2.017600e-02
25 9.703920e-01 8.004000e-03 2.160400e-02
26 9.687280e-01 8.320000e-03 2.295200e-02
27 9.671720e-01 8.508000e-03 2.432000e-02
28 9.655040e-01 8.536000e-03 2.596000e-02
29 9.639400e-01 8.556000e-03 2.750400e-02
30 9.621000e-01 8.956000e-03 2.894400e-02
31 9.602680e-01 9.288000e-03 3.044400e-02
32 9.585480e-01 9.376000e-03 3.207600e-02
33 9.567320e-01 9.400000e-03 3.386800e-02
34 9.549240e-01 9.540000e-03 3.553600e-02
35 9.529320e-01 9.740000e-03 3.732800e-02
36 9.512360e-01 9.668000e-03 3.909600e-02
37 9.492000e-01 9.984000e-03 4.081600e-02
38 9.473200e-01 1.011600e-02 4.256400e-02
39 9.454200e-01 1.028000e-02 4.430000e-02
40 9.434920e-01 1.034800e-02 4.616000e-02
41 9.415920e-01 1.046400e-02 4.794400e-02
42 9.395840e-01 1.067600e-02 4.974000e-02
43 9.376640e-01 1.051200e-02 5.182400e-02
44 9.360200e-01 1.031200e-02 5.366800e-02
45 9.342480e-01 1.034800e-02 5.540400e-02
46 9.326120e-01 1.018000e-02 5.720800e-02
47 9.307720e-01 1.011600e-02 5.911200e-02
48 9.288560e-01 1.040800e-02 6.073600e-02
49 9.270720e-01 1.036400e-02 6.256400e-02
50 9.254880e-01 1.018000e-02 6.433200e-02
51 9.236880e-01 1.026400e-02 6.604800e-02
52 9.221160e-01 9.988000e-03 6.789600e-02
53 9.204680e-01 9.936000e-03 6.959600e-02
54 9.188960e-01 9.800000e-03 7.130400e-02
55 9.172440e-01 9.852000e-03 7.290400e-02
56 9.156400e-01 9.592000e-03 7.476800e-02
57 9.137440e-01 9.732000e-03 7.652400e-02
58 9.119880e-01 9.824000e-03 7.818800e-02
59 9.102880e-01 9.780000e-03 7.993200e-02
60 9.086720e-01 9.724000e-03 8.160400e-02
61 9.070520e-01 9.692000e-03 8.325600e-02
62 9.052680e-01 9.684000e-03 8.504800e-02
63 9.036200e-01 9.644000e-03 8.673600e-02
64 9.017120e-01 9.920000e-03 8.836800e-02
65 8.999720e-01 9.892000e-03 9.013600e-02
66 8.983040e-01 9.876000e-03 9.182000e-02
67 8.965680e-01 9.936000e-03 9.349600e-02
68 8.949400e-01 9.824000e-03 9.523600e-02
69 8.932800e-01 9.652000e-03 9.706800e-02
70 8.916600e-01 9.464000e-03 9.887600e-02
71 8.898520e-01 9.680000e-03 1.004680e-01
72 8.882120e-01 9.592000e-03 1.021960e-01
73 8.864880e-01 9.640000e-03 1.038720e-01
74 8.849600e-01 9.604000e-03 1.054360e-01
75 8.832920e-01 9.532000e-03 1.071760e-01
76 8.817560e-01 9.348000e-03 1.088960e-01
77 8.800280e-01 9.340000e-03 1.106320e-01
78 8.783400e-01 9.408000e-03 1.122520e-01
79 8.765160e-01 9.584000e-03 1.139000e-01
80 8.746240e-01 9.932000e-03 1.154440e-01
81 8.729000e-01 9.884000e-03 1.172160e-01
82 8.712040e-01 9.668000e-03 1.191280e-01
83 8.695800e-01 9.672000e-03 1.207480e-01
84 8.678080e-01 9.868000e-03 1.223240e-01
85 8.660560e-01 9.844000e-03 1.241000e-01
86 8.643440e-01 9.836000e-03 1.258200e-01
87 8.625840e-01 9.932000e-03 1.274840e-01
88 8.606120e-01 1.012800e-02 1.292600e-01
89 8.588120e-01 1.010000e-02 1.310880e-01
90 8.570840e-01 1.004400e-02 1.328720e-01
91 8.552960e-01 1.012800e-02 1.345760e-01
92 8.536280e-01 9.956000e-03 1.364160e-01
93 8.518040e-01 1.008400e-02 1.381120e-01
94 8.501200e-01 1.008000e-02 1.398000e-01
95 8.485200e-01 9.948000e-03 1.415320e-01
96 8.467440e-01 1.009600e-02 1.431600e-01
97 8.450120e-01 1.003200e-02 1.449560e-01
98 8.434360e-01 9.900000e-03 1.466640e-01
99 8.418000e-01 9.772000e-03 1.484280e-01
100 8.400440e-01 1.003200e-02 1.499240e-01
101 8.383760e-01 9.956000e-03 1.516680e-01
102 8.365880e-01 9.992000e-03 1.534200e-01
103 8.347680e-01 1.017600e-02 1.550560e-01
104 8.330200e-01 9.976000e-03 1.570040e-01
105 8.313400e-01 9.844000e-03 1.588160e-01
106 8.294200e-01 1.008400e-02 1.604960e-01
107 8.277880e-01 9.996000e-03 1.622160e-01
108 8.258400e-01 1.031600e-02 1.638440e-01
109 8.240520e-01 1.027200e-02 1.656760e-01
110 8.221920e-01 1.037600e-02 1.674320e-01
111 8.204840e-01 1.036400e-02 1.691520e-01
112 8.187480e-01 1.028800e-02 1.709640e-01
113 8.171760e-01 1.008400e-02 1.727400e-01
114 8.156520e-01 9.856000e-03 1.744920e-01
115 8.140160e-01 9.824000e-03 1.761600e-01
116 8.123840e-01 9.800000e-03 1.778160e-01
117 8.107720e-01 9.632000e-03 1.795960e-01
118 8.091120e-01 9.540000e-03 1.813480e-01
119 8.075760e-01 9.328000e-03 1.830960e-01
120 8.061120e-01 9.228000e-03 1.846600e-01
121 8.044800e-01 9.280000e-03 1.862400e-01
122 8.029320e-01 9.208000e-03 1.878600e-01
123 8.012840e-01 9.368000e-03 1.893480e-01
124 7.995920e-01 9.516000e-03 1.908920e-01
125 7.979640e-01 9.576000e-03 1.924600e-01
126 7.963360e-01 9.540000e-03 1.941240e-01
127 7.946720e-01 9.464000e-03 1.958640e-01
128 7.929720e-01 9.588000e-03 1.974400e-01
129 7.910120e-01 9.896000e-03 1.990920e-01
130 7.890760e-01 1.017200e-02 2.007520e-01
131 7.873880e-01 1.020000e-02 2.024120e-01
132 7.855000e-01 1.040800e-02 2.040920e-01
133 7.837920e-01 1.026000e-02 2.059480e-01
134 7.820720e-01 1.018400e-02 2.077440e-01
135 7.805040e-01 9.972000e-03 2.095240e-01
136 7.787640e-01 1.002400e-02 2.112120e-01
137 7.770600e-01 9.932000e-03 2.130080e-01
138 7.753600e-01 9.916000e-03 2.147240e-01
139 7.737720e-01 9.756000e-03 2.164720e-01
140 7.722040e-01 9.708000e-03 2.180880e-01
141 7.705240e-01 9.824000e-03 2.196520e-01
142 7.687800e-01 9.868000e-03 2.213520e-01
143 7.670680e-01 9.888000e-03 2.230440e-01
144 7.653760e-01 9.792000e-03 2.248320e-01
145 7.635600e-01 9.804000e-03 2.266360e-01
146 7.619960e-01 9.540000e-03 2.284640e-01
147 7.604120e-01 9.420000e-03 2.301680e-01
148 7.587480e-01 9.392000e-03 2.318600e-01
149 7.570520e-01 9.368000e-03 2.335800e-01
150 7.554840e-01 9.264000e-03 2.352520e-01
151 7.537080e-01 9.468000e-03 2.368240e-01
152 7.520560e-01 9.424000e-03 2.385200e-01
153 7.504800e-01 9.320000e-03 2.402000e-01
154 7.489160e-01 9.180000e-03 2.419040e-01
155 7.471800e-01 9.336000e-03 2.434840e-01
156 7.457400e-01 9.148000e-03 2.451120e-01
157 7.443520e-01 8.824000e-03 2.468240e-01
158 7.428520e-01 8.780000e-03 2.483680e-01
159 7.414560e-01 8.516000e-03 2.500280e-01
160 7.401120e-01 8.356000e-03 2.515320e-01
161 7.385600e-01 8.376000e-03 2.530640e-01
162 7.373000e-01 8.272000e-03 2.544280e-01
163 7.359360e-01 8.184000e-03 2.558800e-01
164 7.346040e-01 8.048000e-03 2.573480e-01
165 7.333640e-01 7.844000e-03 2.587920e-01
166 7.320160e-01 7.828000e-03 2.601560e-01
167 7.306960e-01 7.768000e-03 2.615360e-01
168 7.294400e-01 7.692000e-03 2.628680e-01
169 7.280920e-01 7.812000e-03 2.640960e-01
170 7.267200e-01 7.796000e-03 2.654840e-01
171 7.253920e-01 7.872000e-03 2.667360e-01
172 7.240720e-01 7.908000e-03 2.680200e-01
173 7.227680e-01 7.740000e-03 2.694920e-01
174 7.215200e-01 7.652000e-03 2.708280e-01
175 7.203280e-01 7.504000e-03 2.721680e-01
176 7.190720e-01 7.524000e-03 2.734040e-01
177 7.177840e-01 7.460000e-03 2.747560e-01
178 7.164760e-01 7.568000e-03 2.759560e-01
179 7.152080e-01 7.684000e-03 2.771080e-01
180 7.138280e-01 7.640000e-03 2.785320e-01
181 7.125200e-01 7.568000e-03 2.799120e-01
182 7.113000e-01 7.528000e-03 2.811720e-01
183 7.100320e-01 7.424000e-03 2.825440e-01
184 7.087640e-01 7.368000e-03 2.838680e-01
185 7.074800e-01 7.356000e-03 2.851640e-01
186 7.062640e-01 7.388000e-03 2.863480e-01
187 7.048000e-01 7.660000e-03 2.875400e-01
188 7.034400e-01 7.500000e-03 2.890600e-01
189 7.020560e-01 7.504000e-03 2.904400e-01
190 7.005880e-01 7.600000e-03 2.918120e-01
191 6.993920e-01 7.540000e-03 2.930680e-01
192 6.982440e-01 7.360000e-03 2.943960e-01
193 6.968120e-01 7.392000e-03 2.957960e-01
194 6.954600e-01 7.452000e-03 2.970880e-01
195 6.942440e-01 7.276000e-03 2.984800e-01
196 6.929320e-01 7.256000e-03 2.998120e-01
197 6.916720e-01 7.244000e-03 3.010840e-01
198 6.902960e-01 7.296000e-03 3.024080e-01
199 6.891200e-01 7.188000e-03 3.036920e-01
200 6.879960e-01 7.000000e-03 3.050040e-01
201 6.868400e-01 6.864000e-03 3.062960e-01
202 6.857880e-01 6.760000e-03 3.074520e-01
203 6.847600e-01 6.624000e-03 3.086160e-01
204 6.837240e-01 6.556000e-03 3.097200e-01
205 6.828240e-01 6.332000e-03 3.108440e-01
206 6.816800e-01 6.416000e-03 3.119040e-01
207 6.805360e-01 6.472000e-03 3.129920e-01
208 6.794760e-01 6.456000e-03 3.140680e-01
209 6.784680e-01 6.336000e-03 3.151960e-01
210 6.774720e-01 6.284000e-03 3.162440e-01
211 6.765600e-01 6.296000e-03 3.171440e-01
212 6.754280e-01 6.312000e-03 3.182600e-01
213 6.745120e-01 6.204000e-03 3.192840e-01
214 6.735080e-01 6.092000e-03 3.204000e-01
215 6.724400e-01 6.048000e-03 3.215120e-01
216 6.714920e-01 6.052000e-03 3.224560e-01
217 6.704720e-01 6.072000e-03 3.234560e-01
218 6.695320e-01 5.896000e-03 3.245720e-01
219 6.686640e-01 5.628000e-03 3.257080e-01
220 6.678320e-01 5.456000e-03 3.267120e-01
221 6.669080e-01 5.452000e-03 3.276400e-01
222 6.661440e-01 5.340000e-03 3.285160e-01
223 6.651960e-01 5.352000e-03 3.294520e-01
224 6.644080e-01 5.260000e-03 3.303320e-01
225 6.635600e-01 5.200000e-03 3.312400e-01
226 6.625600e-01 5.100000e-03 3.323400e-01
227 6.616440e-01 5.156000e-03 3.332000e-01
228 6.608560e-01 4.980000e-03 3.341640e-01
229 6.600120e-01 4.936000e-03 3.350520e-01
230 6.591400e-01 4.948000e-03 3.359120e-01
231 6.583240e-01 4.932000e-03 3.367440e-01
232 6.573760e-01 5.056000e-03 3.375680e-01
233 6.564200e-01 5.140000e-03 3.384400e-01
234 6.555320e-01 5.156000e-03 3.393120e-01
235 6.546600e-01 5.056000e-03 3.402840e-01
236 6.537760e-01 5.096000e-03 3.411280e-01
237 6.529640e-01 5.052000e-03 3.419840e-01
238 6.520760e-01 5.060000e-03 3.428640e-01
239 6.513040e-01 4.884000e-03 3.438120e-01
240 6.504640e-01 4.860000e-03 3.446760e-01
241 6.496400e-01 4.880000e-03 3.454800e-01
242 6.489760e-01 4.636000e-03 3.463880e-01
243 6.481480e-01 4.696000e-03 3.471560e-01
244 6.473400e-01 4.636000e-03 3.480240e-01
245 6.465640e-01 4.588000e-03 3.488480e-01
246 6.459360e-01 4.396000e-03 3.496680e-01
247 6.451280e-01 4.432000e-03 3.504400e-01
248 6.443520e-01 4.436000e-03 3.512120e-01
249 6.435800e-01 4.448000e-03 3.519720e-01
250 6.428080e-01 4.440000e-03 3.527520e-01
251 6.420400e-01 4.464000e-03 3.534960e-01
252 6.412600e-01 4.488000e-03 3.542520e-01
253 6.406040e-01 4.376000e-03 3.550200e-01
254 6.398200e-01 4.468000e-03 3.557120e-01
255 6.389440e-01 4.532000e-03 3.565240e-01
256 6.381800e-01 4.452000e-03 3.573680e-01
257 6.374040e-01 4.400000e-03 3.581960e-01
258 6.365240e-01 4.508000e-03 3.589680e-01
259 6.356480e-01 4.604000e-03 3.597480e-01
260 6.348920e-01 4.552000e-03 3.605560e-01
261 6.340720e-01 4.588000e-03 3.613400e-01
262 6.332760e-01 4.500000e-03 3.622240e-01
263 6.325240e-01 4.384000e-03 3.630920e-01
264 6.317360e-01 4.352000e-03 3.639120e-01
265 6.310640e-01 4.324000e-03 3.646120e-01
266 6.304360e-01 4.216000e-03 3.653480e-01
267 6.297560e-01 4.172000e-03 3.660720e-01
268 6.291320e-01 4.124000e-03 3.667440e-01
269 6.284960e-01 3.980000e-03 3.675240e-01
270 6.277920e-01 3.992000e-03 3.682160e-01
271 6.271240e-01 3.944000e-03 3.689320e-01
272 6.264720e-01 3.924000e-03 3.696040e-01
273 6.258280e-01 3.920000e-03 3.702520e-01
274 6.251280e-01 4.044000e-03 3.708280e-01
275 6.244240e-01 4.096000e-03 3.714800e-01
276 6.237120e-01 4.044000e-03 3.722440e-01
277 6.230400e-01 3.964000e-03 3.729960e-01
278 6.224360e-01 3.888000e-03 3.736760e-01
279 6.217880e-01 3.936000e-03 3.742760e-01
280 6.211840e-01 3.912000e-03 3.749040e-01
281 6.204960e-01 4.016000e-03 3.754880e-01
282 6.198560e-01 3.968000e-03 3.761760e-01
283 6.192600e-01 3.896000e-03 3.768440e-01
284 6.186960e-01 3.812000e-03 3.774920e-01
285 6.180800e-01 3.684000e-03 3.782360e-01
286 6.175160e-01 3.564000e-03 3.789200e-01
287 6.168720e-01 3.560000e-03 3.795680e-01
288 6.161920e-01 3.576000e-03 3.802320e-01
289 6.154840e-01 3.652000e-03 3.808640e-01
290 6.148640e-01 3.552000e-03 3.815840e-01
291 6.141600e-01 3.488000e-03 3.823520e-01
292 6.134880e-01 3.584000e-03 3.829280e-01
293 6.128880e-01 3.536000e-03 3.835760e-01
294 6.123480e-01 3.412000e-03 3.842400e-01
295 6.118000e-01 3.384000e-03 3.848160e-01
296 6.112680e-01 3.380000e-03 3.853520e-01
297 6.107560e-01 3.312000e-03 3.859320e-01
298 6.101400e-01 3.260000e-03 3.866000e-01
299 6.097360e-01 3.168000e-03 3.870960e-01
300 6.092320e-01 3.060000e-03 3.877080e-01
301 6.087600e-01 2.968000e-03 3.882720e-01
302 6.083800e-01 2.852000e-03 3.887680e-01
303 6.079120e-01 2.888000e-03 3.892000e-01
304 6.073920e-01 2.916000e-03 3.896920e-01
305 6.068880e-01 2.924000e-03 3.901880e-01
306 6.064440e-01 2.812000e-03 3.907440e-01
307 6.060160e-01 2.744000e-03 3.912400e-01
308 6.055720e-01 2.816000e-03 3.916120e-01
309 6.052160e-01 2.672000e-03 3.921120e-01
310 6.048160e-01 2.644000e-03 3.925400e-01
311 6.044320e-01 2.520000e-03 3.930480e-01
312 6.040560e-01 2.432000e-03 3.935120e-01
313 6.035760e-01 2.488000e-03 3.939360e-01
314 6.031160e-01 2.452000e-03 3.944320e-01
315 6.027240e-01 2.468000e-03 3.948080e-01
316 6.022800e-01 2.520000e-03 3.952000e-01
317 6.018920e-01 2.540000e-03 3.955680e-01
318 6.014760e-01 2.468000e-03 3.960560e-01
319 6.010560e-01 2.476000e-03 3.964680e-01
320 6.007120e-01 2.436000e-03 3.968520e-01
321 6.003640e-01 2.408000e-03 3.972280e-01
322 5.999560e-01 2.448000e-03 3.975960e-01
323 5.996000e-01 2.380000e-03 3.980200e-01
324 5.992200e-01 2.320000e-03 3.984600e-01
325 5.988960e-01 2.192000e-03 3.989120e-01
326 5.986040e-01 2.092000e-03 3.993040e-01
327 5.983040e-01 2.040000e-03 3.996560e-01
328 5.979960e-01 2.008000e-03 3.999960e-01
329 5.976960e-01 1.956000e-03 4.003480e-01
330 5.973680e-01 1.960000e-03 4.006720e-01
331 5.969720e-01 2.012000e-03 4.010160e-01
332 5.966520e-01 1.968000e-03 4.013800e-01
333 5.962800e-01 1.992000e-03 4.017280e-01
334 5.959480e-01 1.944000e-03 4.021080e-01
335 5.956560e-01 1.932000e-03 4.024120e-01
336 5.953720e-01 1.884000e-03 4.027440e-01
337 5.951400e-01 1.804000e-03 4.030560e-01
338 5.949080e-01 1.748000e-03 4.033440e-01
339 5.946280e-01 1.712000e-03 4.036600e-01
340 5.943240e-01 1.696000e-03 4.039800e-01
341 5.939720e-01 1.752000e-03 4.042760e-01
342 5.936120e-01 1.784000e-03 4.046040e-01
343 5.932920e-01 1.796000e-03 4.049120e-01
344 5.929480e-01 1.800000e-03 4.052520e-01
345 5.926960e-01 1.796000e-03 4.055080e-01
346 5.924320e-01 1.768000e-03 4.058000e-01
347 5.921840e-01 1.708000e-03 4.061080e-01
348 5.919360e-01 1.652000e-03 4.064120e-01
349 5.917120e-01 1.532000e-03 4.067560e-01
350 5.914800e-01 1.536000e-03 4.069840e-01
351 5.913160e-01 1.368000e-03 4.073160e-01
352 5.911360e-01 1.276000e-03 4.075880e-01
353 5.909240e-01 1.288000e-03 4.077880e-01
354 5.907440e-01 1.228000e-03 4.080280e-01
355 5.905080e-01 1.192000e-03 4.083000e-01
356 5.902560e-01 1.248000e-03 4.084960e-01
357 5.900920e-01 1.188000e-03 4.087200e-01
358 5.898640e-01 1.224000e-03 4.089120e-01
359 5.896800e-01 1.220000e-03 4.091000e-01
360 5.895160e-01 1.144000e-03 4.093400e-01
361 5.893520e-01 1.100000e-03 4.095480e-01
362 5.891840e-01 1.036000e-03 4.097800e-01
363 5.890200e-01 1.048000e-03 4.099320e-01
364 5.888240e-01 1.088000e-03 4.100880e-01
365 5.886240e-01 1.060000e-03 4.103160e-01
366 5.884560e-01 1.092000e-03 4.104520e-01
367 5.882600e-01 1.104000e-03 4.106360e-01
368 5.880800e-01 1.076000e-03 4.108440e-01
369 5.878720e-01 1.080000e-03 4.110480e-01
370 5.876880e-01 1.072000e-03 4.112400e-01
371 5.874840e-01 1.088000e-03 4.114280e-01
372 5.873040e-01 1.084000e-03 4.116120e-01
373 5.871240e-01 1.052000e-03 4.118240e-01
374 5.869720e-01 1.028000e-03 4.120000e-01
375 5.867960e-01 1.040000e-03 4.121640e-01
376 5.866440e-01 1.020000e-03 4.123360e-01
377 5.864880e-01 9.680000e-04 4.125440e-01
378 5.863720e-01 8.880000e-04 4.127400e-01
379 5.861960e-01 8.840000e-04 4.129200e-01
380 5.860320e-01 8.720000e-04 4.130960e-01
381 5.858720e-01 8.600000e-04 4.132680e-01
382 5.857240e-01 8.600000e-04 4.134160e-01
383 5.856120e-01 7.960000e-04 4.135920e-01
384 5.855000e-01 7.680000e-04 4.137320e-01
385 5.853800e-01 7.400000e-04 4.138800e-01
386 5.852520e-01 7.360000e-04 4.140120e-01
387 5.851360e-01 7.560000e-04 4.141080e-01
388 5.849640e-01 8.120000e-04 4.142240e-01
389 5.848280e-01 7.680000e-04 4.144040e-01
390 5.846680e-01 8.040000e-04 4.145280e-01
391 5.845720e-01 7.240000e-04 4.147040e-01
392 5.844400e-01 7.360000e-04 4.148240e-01
393 5.843280e-01 7.280000e-04 4.149440e-01
394 5.842120e-01 6.800000e-04 4.151080e-01
395 5.840920e-01 7.000000e-04 4.152080e-01
396 5.839560e-01 7.080000e-04 4.153360e-01
397 5.837960e-01 7.160000e-04 4.154880e-01
398 5.836480e-01 7.560000e-04 4.155960e-01
399 5.834920e-01 7.960000e-04 4.157120e-01
400 5.833440e-01 7.920000e-04 4.158640e-01
401 5.832200e-01 7.920000e-04 4.159880e-01
402 5.830920e-01 7.720000e-04 4.161360e-01
403 5.829760e-01 7.560000e-04 4.162680e-01
404 5.828200e-01 7.480000e-04 4.164320e-01
405 5.826720e-01 7.800000e-04 4.165480e-01
406 5.825320e-01 7.920000e-04 4.166760e-01
407 5.823400e-01 8.720000e-04 4.167880e-01
408 5.822080e-01 8.600000e-04 4.169320e-01
409 5.820400e-01 8.800000e-04 4.170800e-01
410 5.818800e-01 8.480000e-04 4.172720e-01
411 5.817240e-01 8.560000e-04 4.174200e-01
412 5.815960e-01 8.080000e-04 4.175960e-01
413 5.814440e-01 7.760000e-04 4.177800e-01
414 5.813160e-01 7.400000e-04 4.179440e-01
415 5.812160e-01 7.120000e-04 4.180720e-01
416 5.810880e-01 7.200000e-04 4.181920e-01
417 5.809680e-01 7.320000e-04 4.183000e-01
418 5.808160e-01 7.520000e-04 4.184320e-01
419 5.806680e-01 7.800000e-04 4.185520e-01
420 5.805280e-01 8.120000e-04 4.186600e-01
421 5.804280e-01 7.760000e-04 4.187960e-01
422 5.802640e-01 8.160000e-04 4.189200e-01
423 5.800880e-01 8.600000e-04 4.190520e-01
424 5.799680e-01 8.640000e-04 4.191680e-01
425 5.798360e-01 8.480000e-04 4.193160e-01
426 5.796960e-01 8.520000e-04 4.194520e-01
427 5.795760e-01 8.360000e-04 4.195880e-01
428 5.795080e-01 7.480000e-04 4.197440e-01
429 5.794000e-01 7.240000e-04 4.198760e-01
430 5.792880e-01 7.640000e-04 4.199480e-01
431 5.791560e-01 7.560000e-04 4.200880e-01
432 5.790400e-01 7.600000e-04 4.202000e-01
433 5.789200e-01 7.560000e-04 4.203240e-01
434 5.788080e-01 7.480000e-04 4.204440e-01
435 5.786560e-01 7.440000e-04 4.206000e-01
436 5.785160e-01 7.800000e-04 4.207040e-01
437 5.783000e-01 8.640000e-04 4.208360e-01
438 5.781200e-01 8.760000e-04 4.210040e-01
439 5.779720e-01 8.680000e-04 4.211600e-01
440 5.777720e-01 9.160000e-04 4.213120e-01
441 5.776520e-01 8.520000e-04 4.214960e-01
442 5.774840e-01 8.760000e-04 4.216400e-01
443 5.773000e-01 9.280000e-04 4.217720e-01
444 5.771200e-01 9.600000e-04 4.219200e-01
445 5.769800e-01 9.880000e-04 4.220320e-01
446 5.767520e-01 1.024000e-03 4.222240e-01
447 5.765880e-01 9.880000e-04 4.224240e-01
448 5.764520e-01 9.560000e-04 4.225920e-01
449 5.763440e-01 9.240000e-04 4.227320e-01
450 5.762360e-01 8.640000e-04 4.229000e-01
451 5.761560e-01 7.920000e-04 4.230520e-01
452 5.760960e-01 7.120000e-04 4.231920e-01
453 5.759840e-01 7.000000e-04 4.233160e-01
454 5.758720e-01 6.920000e-04 4.234360e-01
455 5.757560e-01 6.920000e-04 4.235520e-01
456 5.756520e-01 6.720000e-04 4.236760e-01
457 5.755400e-01 6.520000e-04 4.238080e-01
458 5.754560e-01 6.440000e-04 4.239000e-01
459 5.753720e-01 5.880000e-04 4.240400e-01
460 5.752760e-01 5.520000e-04 4.241720e-01
461 5.752040e-01 5.200000e-04 4.242760e-01
462 5.751280e-01 4.760000e-04 4.243960e-01
463 5.750440e-01 4.800000e-04 4.244760e-01
464 5.749640e-01 5.000000e-04 4.245360e-01
465 5.748880e-01 5.040000e-04 4.246080e-01
466 5.748000e-01 5.080000e-04 4.246920e-01
467 5.747040e-01 5.320000e-04 4.247640e-01
468 5.746000e-01 5.400000e-04 4.248600e-01
469 5.745320e-01 4.920000e-04 4.249760e-01
470 5.744400e-01 4.880000e-04 4.250720e-01
471 5.743640e-01 5.160000e-04 4.251200e-01
472 5.742320e-01 5.600000e-04 4.252080e-01
473 5.740960e-01 6.080000e-04 4.252960e-01
474 5.739880e-01 6.040000e-04 4.254080e-01
475 5.738400e-01 6.480000e-04 4.255120e-01
476 5.736920e-01 6.880000e-04 4.256200e-01
477 5.735960e-01 6.680000e-04 4.257360e-01
478 5.735120e-01 6.040000e-04 4.258840e-01
479 5.734480e-01 5.640000e-04 4.259880e-01
480 5.733680e-01 5.240000e-04 4.261080e-01
481 5.732840e-01 5.320000e-04 4.261840e-01
482 5.732160e-01 5.240000e-04 4.262600e-01
483 5.731320e-01 5.280000e-04 4.263400e-01
484 5.730840e-01 4.760000e-04 4.264400e-01
485 5.730160e-01 4.240000e-04 4.265600e-01
486 5.729240e-01 4.560000e-04 4.266200e-01
487 5.728360e-01 4.440000e-04 4.267200e-01
488 5.727600e-01 4.480000e-04 4.267920e-01
489 5.727160e-01 3.960000e-04 4.268880e-01
490 5.726800e-01 3.720000e-04 4.269480e-01
491 5.726160e-01 3.680000e-04 4.270160e-01
492 5.725640e-01 3.560000e-04 4.270800e-01
493 5.725160e-01 3.320000e-04 4.271520e-01
494 5.724520e-01 3.640000e-04 4.271840e-01
495 5.724080e-01 3.480000e-04 4.272440e-01
496 5.723520e-01 3.320000e-04 4.273160e-01
497 5.722840e-01 3.480000e-04 4.273680e-01
498 5.722640e-01 2.960000e-04 4.274400e-01
499 5.722080e-01 3.040000e-04 4.274880e-01
500 5.721480e-01 3.160000e-04 4.275360e-01
