1 9.991720e-01 6.960000e-04 1.320000e-04
2 9.985960e-01 1.136000e-03 2.680000e-04
3 9.978400e-01 1.660000e-03 5.000000e-04
4 9.971400e-01 2.048000e-03 8.120000e-04
5 9.962440e-01 2.548000e-03 1.208000e-03
6 9.953520e-01 2.936000e-03 1.712000e-03
7 9.944360e-01 3.344000e-03 2.220000e-03
8 9.933840e-01 3.788000e-03 2.828000e-03
9 9.923280e-01 4.128000e-03 3.544000e-03
10 9.911480e-01 4.564000e-03 4.288000e-03
11 9.899760e-01 4.888000e-03 5.136000e-03
12 9.886600e-01 5.332000e-03 6.008000e-03
13 9.873240e-01 5.648000e-03 7.028000e-03
14 9.860480e-01 5.872000e-03 8.080000e-03
15 9.848360e-01 6.116000e-03 9.048000e-03
16 9.836280e-01 6.320000e-03 1.005200e-02
17 9.823720e-01 6.420000e-03 1.120800e-02
18 9.811920e-01 6.448000e-03 1.236000e-02
19 9.799280e-01 6.644000e-03 1.342800e-02
20 9.787840e-01 6.684000e-03 1.453200e-02
21 9.774400e-01 6.968000e-03 1.559200e-02
22 9.761120e-01 7.192000e-03 1.669600e-02
23 9.747120e-01 7.368000e-03 1.792000e-02
24 9.733360e-01 7.564000e-03 1.910000e-02
25 9.719120e-01 7.732000e-03 2.035600e-02
26 9.704160e-01 7.904000e-03 2.168000e-02
27 9.689160e-01 8.016000e-03 2.306800e-02
28 9.672160e-01 8.252000e-03 2.453200e-02
29 9.656440e-01 8.444000e-03 2.591200e-02
30 9.641680e-01 8.516000e-03 2.731600e-02
31 9.626320e-01 8.628000e-03 2.874000e-02
32 9.610600e-01 8.704000e-03 3.023600e-02
33 9.596200e-01 8.596000e-03 3.178400e-02
34 9.580200e-01 8.792000e-03 3.318800e-02
35 9.563280e-01 8.812000e-03 3.486000e-02
36 9.547760e-01 8.888000e-03 3.633600e-02
37 9.532520e-01 8.740000e-03 3.800800e-02
38 9.516920e-01 8.704000e-03 3.960400e-02
39 9.501200e-01 8.820000e-03 4.106000e-02
40 9.486720e-01 8.904000e-03 4.242400e-02
41 9.470000e-01 8.908000e-03 4.409200e-02
42 9.453440e-01 8.936000e-03 4.572000e-02
43 9.437720e-01 8.908000e-03 4.732000e-02
44 9.422680e-01 8.888000e-03 4.884400e-02
45 9.407520e-01 8.840000e-03 5.040800e-02
46 9.391440e-01 8.932000e-03 5.192400e-02
47 9.376040e-01 8.916000e-03 5.348000e-02
48 9.360640e-01 8.892000e-03 5.504400e-02
49 9.344680e-01 9.084000e-03 5.644800e-02
50 9.328760e-01 9.144000e-03 5.798000e-02
51 9.312000e-01 9.268000e-03 5.953200e-02
52 9.295480e-01 9.260000e-03 6.119200e-02
53 9.280320e-01 9.176000e-03 6.279200e-02
54 9.264080e-01 9.240000e-03 6.435200e-02
55 9.246320e-01 9.416000e-03 6.595200e-02
56 9.227800e-01 9.632000e-03 6.758800e-02
57 9.210040e-01 9.712000e-03 6.928400e-02
58 9.191800e-01 9.860000e-03 7.096000e-02
59 9.172600e-01 1.009600e-02 7.264400e-02
60 9.151920e-01 1.037200e-02 7.443600e-02
61 9.133040e-01 1.052000e-02 7.617600e-02
62 9.114160e-01 1.067200e-02 7.791200e-02
63 9.096400e-01 1.053600e-02 7.982400e-02
64 9.078680e-01 1.055200e-02 8.158000e-02
65 9.061160e-01 1.042400e-02 8.346000e-02
66 9.043160e-01 1.030800e-02 8.537600e-02
67 9.025600e-01 1.035200e-02 8.708800e-02
68 9.007480e-01 1.035200e-02 8.890000e-02
69 8.989480e-01 1.013600e-02 9.091600e-02
70 8.972880e-01 1.009600e-02 9.261600e-02
71 8.955080e-01 1.018800e-02 9.430400e-02
72 8.937480e-01 1.005200e-02 9.620000e-02
73 8.920320e-01 1.000800e-02 9.796000e-02
74 8.901720e-01 1.006000e-02 9.976800e-02
75 8.883600e-01 1.003600e-02 1.016040e-01
76 8.865480e-01 1.022400e-02 1.032280e-01
77 8.847760e-01 1.030000e-02 1.049240e-01
78 8.830120e-01 1.016000e-02 1.068280e-01
79 8.813160e-01 1.005600e-02 1.086280e-01
80 8.795000e-01 1.022400e-02 1.102760e-01
81 8.776360e-01 1.024000e-02 1.121240e-01
82 8.759560e-01 1.011600e-02 1.139280e-01
83 8.742040e-01 1.009200e-02 1.157040e-01
84 8.723800e-01 1.011600e-02 1.175040e-01
85 8.707400e-01 1.002000e-02 1.192400e-01
86 8.689640e-01 9.936000e-03 1.211000e-01
87 8.672960e-01 1.001600e-02 1.226880e-01
88 8.654840e-01 1.004000e-02 1.244760e-01
89 8.636520e-01 1.016400e-02 1.261840e-01
90 8.621560e-01 9.960000e-03 1.278840e-01
91 8.604000e-01 9.892000e-03 1.297080e-01
92 8.586480e-01 1.005200e-02 1.313000e-01
93 8.569840e-01 9.968000e-03 1.330480e-01
94 8.552120e-01 9.940000e-03 1.348480e-01
95 8.536520e-01 9.812000e-03 1.365360e-01
96 8.519640e-01 9.868000e-03 1.381680e-01
97 8.502440e-01 9.832000e-03 1.399240e-01
98 8.485480e-01 9.876000e-03 1.415760e-01
99 8.467880e-01 9.908000e-03 1.433040e-01
100 8.453120e-01 9.632000e-03 1.450560e-01
101 8.437440e-01 9.416000e-03 1.468400e-01
102 8.422800e-01 9.408000e-03 1.483120e-01
103 8.407280e-01 9.180000e-03 1.500920e-01
104 8.392640e-01 8.980000e-03 1.517560e-01
105 8.378840e-01 8.692000e-03 1.534240e-01
106 8.363360e-01 8.628000e-03 1.550360e-01
107 8.349240e-01 8.596000e-03 1.564800e-01
108 8.333720e-01 8.616000e-03 1.580120e-01
109 8.317760e-01 8.720000e-03 1.595040e-01
110 8.300960e-01 8.884000e-03 1.610200e-01
111 8.284480e-01 9.028000e-03 1.625240e-01
112 8.268400e-01 9.092000e-03 1.640680e-01
113 8.254080e-01 8.856000e-03 1.657360e-01
114 8.237680e-01 8.856000e-03 1.673760e-01
115 8.221480e-01 9.032000e-03 1.688200e-01
116 8.204800e-01 9.104000e-03 1.704160e-01
117 8.188840e-01 9.008000e-03 1.721080e-01
118 8.170640e-01 9.076000e-03 1.738600e-01
119 8.156200e-01 8.760000e-03 1.756200e-01
120 8.140000e-01 8.856000e-03 1.771440e-01
121 8.123760e-01 8.896000e-03 1.787280e-01
122 8.107760e-01 8.972000e-03 1.802520e-01
123 8.092480e-01 8.904000e-03 1.818480e-01
124 8.078440e-01 8.800000e-03 1.833560e-01
125 8.063480e-01 8.736000e-03 1.849160e-01
126 8.049120e-01 8.720000e-03 1.863680e-01
127 8.033560e-01 8.664000e-03 1.879800e-01
128 8.019000e-01 8.684000e-03 1.894160e-01
129 8.003400e-01 8.624000e-03 1.910360e-01
130 7.988640e-01 8.620000e-03 1.925160e-01
131 7.974080e-01 8.648000e-03 1.939440e-01
132 7.960440e-01 8.468000e-03 1.954880e-01
133 7.944760e-01 8.528000e-03 1.969960e-01
134 7.929840e-01 8.456000e-03 1.985600e-01
135 7.914760e-01 8.388000e-03 2.001360e-01
136 7.898280e-01 8.548000e-03 2.016240e-01
137 7.884920e-01 8.200000e-03 2.033080e-01
138 7.868440e-01 8.440000e-03 2.047160e-01
139 7.855200e-01 8.316000e-03 2.061640e-01
140 7.842120e-01 8.096000e-03 2.076920e-01
141 7.826720e-01 8.188000e-03 2.091400e-01
142 7.813600e-01 8.008000e-03 2.106320e-01
143 7.799800e-01 7.992000e-03 2.120280e-01
144 7.785200e-01 8.056000e-03 2.134240e-01
145 7.771120e-01 8.108000e-03 2.147800e-01
146 7.759160e-01 7.836000e-03 2.162480e-01
147 7.746160e-01 7.744000e-03 2.176400e-01
148 7.733280e-01 7.628000e-03 2.190440e-01
149 7.719880e-01 7.604000e-03 2.204080e-01
150 7.705280e-01 7.792000e-03 2.216800e-01
151 7.694360e-01 7.392000e-03 2.231720e-01
152 7.679960e-01 7.608000e-03 2.243960e-01
153 7.664760e-01 7.792000e-03 2.257320e-01
154 7.653000e-01 7.644000e-03 2.270560e-01
155 7.639800e-01 7.736000e-03 2.282840e-01
156 7.626560e-01 7.776000e-03 2.295680e-01
157 7.613480e-01 7.764000e-03 2.308880e-01
158 7.601440e-01 7.832000e-03 2.320240e-01
159 7.588160e-01 7.868000e-03 2.333160e-01
160 7.574280e-01 7.800000e-03 2.347720e-01
161 7.560680e-01 7.860000e-03 2.360720e-01
162 7.546880e-01 7.896000e-03 2.374160e-01
163 7.534200e-01 7.956000e-03 2.386240e-01
164 7.520640e-01 7.928000e-03 2.400080e-01
165 7.507480e-01 7.892000e-03 2.413600e-01
166 7.495360e-01 7.716000e-03 2.427480e-01
167 7.482640e-01 7.596000e-03 2.441400e-01
168 7.469040e-01 7.644000e-03 2.454520e-01
169 7.456520e-01 7.500000e-03 2.468480e-01
170 7.444800e-01 7.356000e-03 2.481640e-01
171 7.432600e-01 7.320000e-03 2.494200e-01
172 7.422600e-01 7.108000e-03 2.506320e-01
173 7.411480e-01 6.940000e-03 2.519120e-01
174 7.400960e-01 6.920000e-03 2.529840e-01
175 7.390400e-01 6.792000e-03 2.541680e-01
176 7.379760e-01 6.660000e-03 2.553640e-01
177 7.369240e-01 6.556000e-03 2.565200e-01
178 7.358440e-01 6.512000e-03 2.576440e-01
179 7.347080e-01 6.404000e-03 2.588880e-01
180 7.336160e-01 6.380000e-03 2.600040e-01
181 7.326480e-01 6.168000e-03 2.611840e-01
182 7.316600e-01 6.048000e-03 2.622920e-01
183 7.307160e-01 5.880000e-03 2.634040e-01
184 7.298600e-01 5.776000e-03 2.643640e-01
185 7.287760e-01 5.752000e-03 2.654720e-01
186 7.277600e-01 5.744000e-03 2.664960e-01
187 7.268800e-01 5.704000e-03 2.674160e-01
188 7.257760e-01 5.672000e-03 2.685520e-01
189 7.248480e-01 5.612000e-03 2.695400e-01
190 7.238960e-01 5.528000e-03 2.705760e-01
191 7.230480e-01 5.468000e-03 2.714840e-01
192 7.221200e-01 5.384000e-03 2.724960e-01
193 7.212600e-01 5.324000e-03 2.734160e-01
194 7.204160e-01 5.312000e-03 2.742720e-01
195 7.195200e-01 5.256000e-03 2.752240e-01
196 7.187320e-01 5.156000e-03 2.761120e-01
197 7.178240e-01 5.116000e-03 2.770600e-01
198 7.169440e-01 5.044000e-03 2.780120e-01
199 7.160080e-01 5.156000e-03 2.788360e-01
200 7.151680e-01 5.084000e-03 2.797480e-01
201 7.142960e-01 4.952000e-03 2.807520e-01
202 7.134280e-01 4.848000e-03 2.817240e-01
203 7.127240e-01 4.696000e-03 2.825800e-01
204 7.119880e-01 4.584000e-03 2.834280e-01
205 7.111520e-01 4.496000e-03 2.843520e-01
206 7.103840e-01 4.500000e-03 2.851160e-01
207 7.096880e-01 4.492000e-03 2.858200e-01
208 7.088960e-01 4.524000e-03 2.865800e-01
209 7.081600e-01 4.480000e-03 2.873600e-01
210 7.075280e-01 4.364000e-03 2.881080e-01
211 7.069400e-01 4.220000e-03 2.888400e-01
212 7.062240e-01 4.104000e-03 2.896720e-01
213 7.056200e-01 4.004000e-03 2.903760e-01
214 7.048800e-01 4.072000e-03 2.910480e-01
215 7.042400e-01 3.944000e-03 2.918160e-01
216 7.034960e-01 3.972000e-03 2.925320e-01
217 7.028120e-01 3.980000e-03 2.932080e-01
218 7.021120e-01 3.996000e-03 2.938920e-01
219 7.015200e-01 3.920000e-03 2.945600e-01
220 7.009160e-01 3.812000e-03 2.952720e-01
221 7.003240e-01 3.708000e-03 2.959680e-01
222 6.997960e-01 3.672000e-03 2.965320e-01
223 6.991760e-01 3.676000e-03 2.971480e-01
224 6.985520e-01 3.644000e-03 2.978040e-01
225 6.979320e-01 3.612000e-03 2.984560e-01
226 6.971960e-01 3.648000e-03 2.991560e-01
227 6.964760e-01 3.760000e-03 2.997640e-01
228 6.959040e-01 3.664000e-03 3.004320e-01
229 6.954000e-01 3.480000e-03 3.011200e-01
230 6.947960e-01 3.508000e-03 3.016960e-01
231 6.942120e-01 3.400000e-03 3.023880e-01
232 6.935840e-01 3.428000e-03 3.029880e-01
233 6.928680e-01 3.536000e-03 3.035960e-01
234 6.921440e-01 3.636000e-03 3.042200e-01
235 6.914520e-01 3.740000e-03 3.048080e-01
236 6.908120e-01 3.804000e-03 3.053840e-01
237 6.901080e-01 3.904000e-03 3.059880e-01
238 6.894080e-01 3.920000e-03 3.066720e-01
239 6.886560e-01 4.044000e-03 3.073000e-01
240 6.879680e-01 4.112000e-03 3.079200e-01
241 6.873360e-01 3.956000e-03 3.087080e-01
242 6.867440e-01 3.876000e-03 3.093800e-01
243 6.860200e-01 4.036000e-03 3.099440e-01
244 6.852600e-01 4.112000e-03 3.106280e-01
245 6.845400e-01 4.200000e-03 3.112600e-01
246 6.837880e-01 4.172000e-03 3.120400e-01
247 6.831280e-01 4.108000e-03 3.127640e-01
248 6.824240e-01 4.284000e-03 3.132920e-01
249 6.816520e-01 4.368000e-03 3.139800e-01
250 6.809520e-01 4.304000e-03 3.147440e-01
251 6.801840e-01 4.332000e-03 3.154840e-01
252 6.795280e-01 4.196000e-03 3.162760e-01
253 6.788400e-01 4.200000e-03 3.169600e-01
254 6.781480e-01 4.160000e-03 3.176920e-01
255 6.775040e-01 4.148000e-03 3.183480e-01
256 6.768960e-01 4.048000e-03 3.190560e-01
257 6.763440e-01 3.916000e-03 3.197400e-01
258 6.756760e-01 3.908000e-03 3.204160e-01
259 6.749320e-01 3.940000e-03 3.211280e-01
260 6.742920e-01 3.892000e-03 3.218160e-01
261 6.736000e-01 3.848000e-03 3.225520e-01
262 6.729200e-01 3.908000e-03 3.231720e-01
263 6.724000e-01 3.652000e-03 3.239480e-01
264 6.718440e-01 3.544000e-03 3.246120e-01
265 6.714160e-01 3.344000e-03 3.252400e-01
266 6.709120e-01 3.260000e-03 3.258280e-01
267 6.703960e-01 3.204000e-03 3.264000e-01
268 6.698680e-01 3.140000e-03 3.269920e-01
269 6.694000e-01 2.960000e-03 3.276400e-01
270 6.689240e-01 2.956000e-03 3.281200e-01
271 6.684640e-01 2.944000e-03 3.285920e-01
272 6.679880e-01 2.924000e-03 3.290880e-01
273 6.674840e-01 2.884000e-03 3.296320e-01
274 6.670280e-01 2.808000e-03 3.301640e-01
275 6.665640e-01 2.820000e-03 3.306160e-01
276 6.661600e-01 2.740000e-03 3.311000e-01
277 6.657240e-01 2.696000e-03 3.315800e-01
278 6.652560e-01 2.744000e-03 3.320000e-01
279 6.647840e-01 2.708000e-03 3.325080e-01
280 6.642960e-01 2.736000e-03 3.329680e-01
281 6.638920e-01 2.724000e-03 3.333840e-01
282 6.634720e-01 2.676000e-03 3.338520e-01
283 6.630280e-01 2.616000e-03 3.343560e-01
284 6.626080e-01 2.592000e-03 3.348000e-01
285 6.621720e-01 2.576000e-03 3.352520e-01
286 6.617800e-01 2.564000e-03 3.356560e-01
287 6.613240e-01 2.512000e-03 3.361640e-01
288 6.608240e-01 2.576000e-03 3.366000e-01
289 6.603080e-01 2.616000e-03 3.370760e-01
290 6.598480e-01 2.644000e-03 3.375080e-01
291 6.594120e-01 2.572000e-03 3.380160e-01
292 6.589400e-01 2.616000e-03 3.384440e-01
293 6.583320e-01 2.732000e-03 3.389360e-01
294 6.577720e-01 2.800000e-03 3.394280e-01
295 6.571360e-01 2.972000e-03 3.398920e-01
296 6.566240e-01 2.908000e-03 3.404680e-01
297 6.560360e-01 2.996000e-03 3.409680e-01
298 6.555200e-01 2.976000e-03 3.415040e-01
299 6.549720e-01 2.992000e-03 3.420360e-01
300 6.543840e-01 2.996000e-03 3.426200e-01
301 6.538040e-01 3.024000e-03 3.431720e-01
302 6.533320e-01 3.000000e-03 3.436680e-01
303 6.528280e-01 2.956000e-03 3.442160e-01
304 6.523480e-01 2.960000e-03 3.446920e-01
305 6.518240e-01 2.972000e-03 3.452040e-01
306 6.512720e-01 3.016000e-03 3.457120e-01
307 6.506560e-01 3.136000e-03 3.462080e-01
308 6.500720e-01 3.228000e-03 3.467000e-01
309 6.494800e-01 3.300000e-03 3.472200e-01
310 6.489640e-01 3.284000e-03 3.477520e-01
311 6.484680e-01 3.240000e-03 3.482920e-01
312 6.478080e-01 3.356000e-03 3.488360e-01
313 6.472200e-01 3.300000e-03 3.494800e-01
314 6.465800e-01 3.384000e-03 3.500360e-01
315 6.458840e-01 3.504000e-03 3.506120e-01
316 6.452560e-01 3.540000e-03 3.512040e-01
317 6.446200e-01 3.500000e-03 3.518800e-01
318 6.441560e-01 3.372000e-03 3.524720e-01
319 6.436960e-01 3.200000e-03 3.531040e-01
320 6.432080e-01 3.084000e-03 3.537080e-01
321 6.427280e-01 2.968000e-03 3.543040e-01
322 6.422480e-01 2.892000e-03 3.548600e-01
323 6.417600e-01 2.928000e-03 3.553120e-01
324 6.413040e-01 2.908000e-03 3.557880e-01
325 6.408480e-01 2.836000e-03 3.563160e-01
326 6.403160e-01 2.868000e-03 3.568160e-01
327 6.398400e-01 2.840000e-03 3.573200e-01
328 6.394560e-01 2.736000e-03 3.578080e-01
329 6.389600e-01 2.772000e-03 3.582680e-01
330 6.385320e-01 2.704000e-03 3.587640e-01
331 6.380720e-01 2.680000e-03 3.592480e-01
332 6.376840e-01 2.584000e-03 3.597320e-01
333 6.372000e-01 2.616000e-03 3.601840e-01
334 6.367440e-01 2.672000e-03 3.605840e-01
335 6.362600e-01 2.704000e-03 3.610360e-01
336 6.358200e-01 2.644000e-03 3.615360e-01
337 6.353920e-01 2.668000e-03 3.619400e-01
338 6.350040e-01 2.560000e-03 3.624360e-01
339 6.345760e-01 2.516000e-03 3.629080e-01
340 6.340920e-01 2.552000e-03 3.633560e-01
341 6.336160e-01 2.608000e-03 3.637760e-01
342 6.330880e-01 2.700000e-03 3.642120e-01
343 6.325760e-01 2.696000e-03 3.647280e-01
344 6.321760e-01 2.616000e-03 3.652080e-01
345 6.317360e-01 2.544000e-03 3.657200e-01
346 6.313280e-01 2.532000e-03 3.661400e-01
347 6.309520e-01 2.448000e-03 3.666000e-01
348 6.305480e-01 2.432000e-03 3.670200e-01
349 6.301120e-01 2.432000e-03 3.674560e-01
350 6.296640e-01 2.436000e-03 3.679000e-01
351 6.292280e-01 2.412000e-03 3.683600e-01
352 6.288480e-01 2.388000e-03 3.687640e-01
353 6.284400e-01 2.376000e-03 3.691840e-01
354 6.279880e-01 2.396000e-03 3.696160e-01
355 6.274920e-01 2.488000e-03 3.700200e-01
356 6.270800e-01 2.432000e-03 3.704880e-01
357 6.266240e-01 2.448000e-03 3.709280e-01
358 6.261280e-01 2.444000e-03 3.714280e-01
359 6.257240e-01 2.404000e-03 3.718720e-01
360 6.253160e-01 2.440000e-03 3.722440e-01
361 6.248720e-01 2.416000e-03 3.727120e-01
362 6.244720e-01 2.396000e-03 3.731320e-01
363 6.240320e-01 2.356000e-03 3.736120e-01
364 6.235760e-01 2.360000e-03 3.740640e-01
365 6.231280e-01 2.428000e-03 3.744440e-01
366 6.227720e-01 2.396000e-03 3.748320e-01
367 6.223880e-01 2.348000e-03 3.752640e-01
368 6.220360e-01 2.300000e-03 3.756640e-01
369 6.217120e-01 2.240000e-03 3.760480e-01
370 6.213800e-01 2.172000e-03 3.764480e-01
371 6.210360e-01 2.112000e-03 3.768520e-01
372 6.206800e-01 2.156000e-03 3.771640e-01
373 6.203000e-01 2.124000e-03 3.775760e-01
374 6.199200e-01 2.152000e-03 3.779280e-01
375 6.195440e-01 2.144000e-03 3.783120e-01
376 6.191520e-01 2.196000e-03 3.786520e-01
377 6.187640e-01 2.240000e-03 3.789960e-01
378 6.183400e-01 2.264000e-03 3.793960e-01
379 6.178560e-01 2.344000e-03 3.798000e-01
380 6.174320e-01 2.356000e-03 3.802120e-01
381 6.170240e-01 2.324000e-03 3.806520e-01
382 6.166680e-01 2.264000e-03 3.810680e-01
383 6.162480e-01 2.292000e-03 3.814600e-01
384 6.158560e-01 2.312000e-03 3.818320e-01
385 6.154800e-01 2.264000e-03 3.822560e-01
386 6.150720e-01 2.288000e-03 3.826400e-01
387 6.146600e-01 2.308000e-03 3.830320e-01
388 6.142240e-01 2.332000e-03 3.834440e-01
389 6.138200e-01 2.312000e-03 3.838680e-01
390 6.133720e-01 2.344000e-03 3.842840e-01
391 6.129880e-01 2.260000e-03 3.847520e-01
392 6.127120e-01 2.216000e-03 3.850720e-01
393 6.123960e-01 2.180000e-03 3.854240e-01
394 6.120760e-01 2.148000e-03 3.857760e-01
395 6.117440e-01 2.148000e-03 3.861080e-01
396 6.113480e-01 2.148000e-03 3.865040e-01
397 6.110320e-01 2.096000e-03 3.868720e-01
398 6.107360e-01 2.076000e-03 3.871880e-01
399 6.103240e-01 2.100000e-03 3.875760e-01
400 6.100200e-01 2.044000e-03 3.879360e-01
401 6.096600e-01 2.004000e-03 3.883360e-01
402 6.093320e-01 1.976000e-03 3.886920e-01
403 6.090080e-01 1.956000e-03 3.890360e-01
404 6.087160e-01 1.900000e-03 3.893840e-01
405 6.084280e-01 1.840000e-03 3.897320e-01
406 6.080720e-01 1.832000e-03 3.900960e-01
407 6.077880e-01 1.796000e-03 3.904160e-01
408 6.075560e-01 1.720000e-03 3.907240e-01
409 6.072240e-01 1.744000e-03 3.910320e-01
410 6.069200e-01 1.728000e-03 3.913520e-01
411 6.066640e-01 1.684000e-03 3.916520e-01
412 6.063480e-01 1.704000e-03 3.919480e-01
413 6.060840e-01 1.684000e-03 3.922320e-01
414 6.057520e-01 1.756000e-03 3.924920e-01
415 6.054320e-01 1.792000e-03 3.927760e-01
416 6.051560e-01 1.776000e-03 3.930680e-01
417 6.047520e-01 1.860000e-03 3.933880e-01
418 6.044240e-01 1.880000e-03 3.936960e-01
419 6.040840e-01 1.884000e-03 3.940320e-01
420 6.037040e-01 1.956000e-03 3.943400e-01
421 6.033920e-01 1.924000e-03 3.946840e-01
422 6.030720e-01 1.900000e-03 3.950280e-01
423 6.027120e-01 1.952000e-03 3.953360e-01
424 6.023520e-01 1.944000e-03 3.957040e-01
425 6.020000e-01 2.024000e-03 3.959760e-01
426 6.016360e-01 2.024000e-03 3.963400e-01
427 6.012880e-01 2.024000e-03 3.966880e-01
428 6.009720e-01 2.028000e-03 3.970000e-01
429 6.006400e-01 2.040000e-03 3.973200e-01
430 6.003320e-01 1.984000e-03 3.976840e-01
431 6.000320e-01 1.940000e-03 3.980280e-01
432 5.997840e-01 1.820000e-03 3.983960e-01
433 5.995200e-01 1.764000e-03 3.987160e-01
434 5.992160e-01 1.768000e-03 3.990160e-01
435 5.989080e-01 1.804000e-03 3.992880e-01
436 5.986600e-01 1.732000e-03 3.996080e-01
437 5.983720e-01 1.760000e-03 3.998680e-01
438 5.981680e-01 1.648000e-03 4.001840e-01
439 5.979200e-01 1.620000e-03 4.004600e-01
440 5.976520e-01 1.580000e-03 4.007680e-01
441 5.974000e-01 1.520000e-03 4.010800e-01
442 5.971600e-01 1.496000e-03 4.013440e-01
443 5.969360e-01 1.436000e-03 4.016280e-01
444 5.966880e-01 1.440000e-03 4.018720e-01
445 5.964200e-01 1.496000e-03 4.020840e-01
446 5.961960e-01 1.440000e-03 4.023640e-01
447 5.959600e-01 1.416000e-03 4.026240e-01
448 5.957120e-01 1.416000e-03 4.028720e-01
449 5.954960e-01 1.340000e-03 4.031640e-01
450 5.952920e-01 1.328000e-03 4.033800e-01
451 5.950960e-01 1.260000e-03 4.036440e-01
452 5.949360e-01 1.224000e-03 4.038400e-01
453 5.947680e-01 1.220000e-03 4.040120e-01
454 5.945960e-01 1.176000e-03 4.042280e-01
455 5.944240e-01 1.140000e-03 4.044360e-01
456 5.942640e-01 1.112000e-03 4.046240e-01
457 5.941080e-01 1.108000e-03 4.047840e-01
458 5.939440e-01 1.112000e-03 4.049440e-01
459 5.937320e-01 1.120000e-03 4.051480e-01
460 5.935680e-01 1.104000e-03 4.053280e-01
461 5.933640e-01 1.136000e-03 4.055000e-01
462 5.931920e-01 1.120000e-03 4.056880e-01
463 5.929400e-01 1.176000e-03 4.058840e-01
464 5.926520e-01 1.256000e-03 4.060920e-01
465 5.925040e-01 1.188000e-03 4.063080e-01
466 5.923200e-01 1.164000e-03 4.065160e-01
467 5.921720e-01 1.124000e-03 4.067040e-01
468 5.919120e-01 1.204000e-03 4.068840e-01
469 5.917080e-01 1.136000e-03 4.071560e-01
470 5.915960e-01 1.084000e-03 4.073200e-01
471 5.914280e-01 1.064000e-03 4.075080e-01
472 5.912600e-01 1.072000e-03 4.076680e-01
473 5.911240e-01 1.064000e-03 4.078120e-01
474 5.909480e-01 1.048000e-03 4.080040e-01
475 5.907160e-01 1.052000e-03 4.082320e-01
476 5.905480e-01 1.060000e-03 4.083920e-01
477 5.903800e-01 1.016000e-03 4.086040e-01
478 5.902080e-01 9.960000e-04 4.087960e-01
479 5.900800e-01 9.600000e-04 4.089600e-01
480 5.899280e-01 9.400000e-04 4.091320e-01
481 5.898040e-01 9.080000e-04 4.092880e-01
482 5.896520e-01 8.680000e-04 4.094800e-01
483 5.895360e-01 8.440000e-04 4.096200e-01
484 5.894280e-01 8.240000e-04 4.097480e-01
485 5.893440e-01 7.680000e-04 4.098880e-01
486 5.892480e-01 7.320000e-04 4.100200e-01
487 5.891400e-01 7.040000e-04 4.101560e-01
488 5.890520e-01 6.200000e-04 4.103280e-01
489 5.889800e-01 6.080000e-04 4.104120e-01
490 5.889120e-01 5.720000e-04 4.105160e-01
491 5.888400e-01 5.640000e-04 4.105960e-01
492 5.887200e-01 5.520000e-04 4.107280e-01
493 5.886080e-01 5.760000e-04 4.108160e-01
494 5.885120e-01 5.520000e-04 4.109360e-01
495 5.883760e-01 6.040000e-04 4.110200e-01
496 5.882720e-01 5.920000e-04 4.111360e-01
497 5.882160e-01 5.440000e-04 4.112400e-01
498 5.881280e-01 5.400000e-04 4.113320e-01
499 5.880600e-01 5.120000e-04 4.114280e-01
500 5.879880e-01 5.080000e-04 4.115040e-01
