1 9.991560e-01 7.400000e-04 1.040000e-04
2 9.986240e-01 1.120000e-03 2.560000e-04
3 9.978120e-01 1.720000e-03 4.680000e-04
4 9.971400e-01 2.064000e-03 7.960000e-04
5 9.962200e-01 2.580000e-03 1.200000e-03
6 9.953080e-01 2.968000e-03 1.724000e-03
7 9.943760e-01 3.368000e-03 2.256000e-03
8 9.935160e-01 3.656000e-03 2.828000e-03
9 9.924320e-01 4.032000e-03 3.536000e-03
10 9.914640e-01 4.208000e-03 4.328000e-03
11 9.903920e-01 4.640000e-03 4.968000e-03
12 9.892640e-01 4.908000e-03 5.828000e-03
13 9.881920e-01 5.112000e-03 6.696000e-03
14 9.870720e-01 5.348000e-03 7.580000e-03
15 9.857720e-01 5.692000e-03 8.536000e-03
16 9.844400e-01 5.968000e-03 9.592000e-03
17 9.829560e-01 6.288000e-03 1.075600e-02
18 9.815320e-01 6.556000e-03 1.191200e-02
19 9.800640e-01 6.876000e-03 1.306000e-02
20 9.785560e-01 7.260000e-03 1.418400e-02
21 9.772080e-01 7.404000e-03 1.538800e-02
22 9.757480e-01 7.540000e-03 1.671200e-02
23 9.742400e-01 7.692000e-03 1.806800e-02
24 9.729280e-01 7.568000e-03 1.950400e-02
25 9.714840e-01 7.640000e-03 2.087600e-02
26 9.700480e-01 7.768000e-03 2.218400e-02
27 9.687320e-01 7.736000e-03 2.353200e-02
28 9.672560e-01 7.808000e-03 2.493600e-02
29 9.658520e-01 7.832000e-03 2.631600e-02
30 9.644800e-01 7.876000e-03 2.764400e-02
31 9.629440e-01 7.948000e-03 2.910800e-02
32 9.614080e-01 7.984000e-03 3.060800e-02
33 9.599200e-01 8.076000e-03 3.200400e-02
34 9.585320e-01 8.076000e-03 3.339200e-02
35 9.568880e-01 8.280000e-03 3.483200e-02
36 9.552680e-01 8.456000e-03 3.627600e-02
37 9.535160e-01 8.600000e-03 3.788400e-02
38 9.517760e-01 8.784000e-03 3.944000e-02
39 9.502000e-01 8.740000e-03 4.106000e-02
40 9.486360e-01 8.696000e-03 4.266800e-02
41 9.471200e-01 8.652000e-03 4.422800e-02
42 9.456400e-01 8.744000e-03 4.561600e-02
43 9.441400e-01 8.776000e-03 4.708400e-02
44 9.427480e-01 8.644000e-03 4.860800e-02
45 9.412720e-01 8.732000e-03 4.999600e-02
46 9.395400e-01 8.912000e-03 5.154800e-02
47 9.378440e-01 9.032000e-03 5.312400e-02
48 9.362200e-01 9.080000e-03 5.470000e-02
49 9.345200e-01 9.208000e-03 5.627200e-02
50 9.328000e-01 9.276000e-03 5.792400e-02
51 9.311840e-01 9.292000e-03 5.952400e-02
52 9.294920e-01 9.160000e-03 6.134800e-02
53 9.276600e-01 9.416000e-03 6.292400e-02
54 9.258840e-01 9.488000e-03 6.462800e-02
55 9.241760e-01 9.724000e-03 6.610000e-02
56 9.223600e-01 9.704000e-03 6.793600e-02
57 9.205000e-01 9.756000e-03 6.974400e-02
58 9.186920e-01 9.952000e-03 7.135600e-02
59 9.169400e-01 9.872000e-03 7.318800e-02
60 9.152280e-01 9.828000e-03 7.494400e-02
61 9.135760e-01 9.736000e-03 7.668800e-02
62 9.119800e-01 9.652000e-03 7.836800e-02
63 9.104200e-01 9.512000e-03 8.006800e-02
64 9.088680e-01 9.412000e-03 8.172000e-02
65 9.072680e-01 9.436000e-03 8.329600e-02
66 9.058320e-01 9.268000e-03 8.490000e-02
67 9.042560e-01 9.316000e-03 8.642800e-02
68 9.025920e-01 9.308000e-03 8.810000e-02
69 9.009400e-01 9.300000e-03 8.976000e-02
70 8.992480e-01 9.456000e-03 9.129600e-02
71 8.976080e-01 9.436000e-03 9.295600e-02
72 8.959280e-01 9.428000e-03 9.464400e-02
73 8.943040e-01 9.444000e-03 9.625200e-02
74 8.926200e-01 9.460000e-03 9.792000e-02
75 8.910400e-01 9.340000e-03 9.962000e-02
76 8.892000e-01 9.456000e-03 1.013440e-01
77 8.873280e-01 9.616000e-03 1.030560e-01
78 8.856000e-01 9.632000e-03 1.047680e-01
79 8.839800e-01 9.532000e-03 1.064880e-01
80 8.823440e-01 9.608000e-03 1.080480e-01
81 8.806280e-01 9.572000e-03 1.098000e-01
82 8.789520e-01 9.636000e-03 1.114120e-01
83 8.772920e-01 9.640000e-03 1.130680e-01
84 8.755520e-01 9.688000e-03 1.147600e-01
85 8.737120e-01 9.916000e-03 1.163720e-01
86 8.719880e-01 9.992000e-03 1.180200e-01
87 8.703240e-01 9.900000e-03 1.197760e-01
88 8.685960e-01 9.848000e-03 1.215560e-01
89 8.668840e-01 9.772000e-03 1.233440e-01
90 8.650840e-01 9.956000e-03 1.249600e-01
91 8.633400e-01 9.988000e-03 1.266720e-01
92 8.614440e-01 1.018000e-02 1.283760e-01
93 8.597320e-01 1.002000e-02 1.302480e-01
94 8.580360e-01 1.006400e-02 1.319000e-01
95 8.563320e-01 9.984000e-03 1.336840e-01
96 8.546720e-01 9.860000e-03 1.354680e-01
97 8.528880e-01 9.888000e-03 1.372240e-01
98 8.514560e-01 9.632000e-03 1.389120e-01
99 8.498800e-01 9.580000e-03 1.405400e-01
100 8.483440e-01 9.468000e-03 1.421880e-01
101 8.467080e-01 9.548000e-03 1.437440e-01
102 8.450600e-01 9.492000e-03 1.454480e-01
103 8.435040e-01 9.340000e-03 1.471560e-01
104 8.419720e-01 9.260000e-03 1.487680e-01
105 8.402480e-01 9.348000e-03 1.504040e-01
106 8.386520e-01 9.352000e-03 1.519960e-01
107 8.369000e-01 9.424000e-03 1.536760e-01
108 8.354440e-01 9.272000e-03 1.552840e-01
109 8.338000e-01 9.224000e-03 1.569760e-01
110 8.322080e-01 9.248000e-03 1.585440e-01
111 8.307280e-01 9.072000e-03 1.602000e-01
112 8.292760e-01 8.972000e-03 1.617520e-01
113 8.277680e-01 8.936000e-03 1.632960e-01
114 8.263600e-01 8.832000e-03 1.648080e-01
115 8.248960e-01 8.788000e-03 1.663160e-01
116 8.235200e-01 8.528000e-03 1.679520e-01
117 8.221240e-01 8.480000e-03 1.693960e-01
118 8.207440e-01 8.384000e-03 1.708720e-01
119 8.194320e-01 8.116000e-03 1.724520e-01
120 8.180440e-01 8.024000e-03 1.739320e-01
121 8.167440e-01 8.032000e-03 1.752240e-01
122 8.152240e-01 8.128000e-03 1.766480e-01
123 8.138080e-01 8.136000e-03 1.780560e-01
124 8.123720e-01 8.112000e-03 1.795160e-01
125 8.108800e-01 8.140000e-03 1.809800e-01
126 8.094360e-01 8.148000e-03 1.824160e-01
127 8.081360e-01 8.064000e-03 1.838000e-01
128 8.067840e-01 8.128000e-03 1.850880e-01
129 8.054760e-01 8.072000e-03 1.864520e-01
130 8.039840e-01 8.300000e-03 1.877160e-01
131 8.025120e-01 8.308000e-03 1.891800e-01
132 8.012160e-01 8.164000e-03 1.906200e-01
133 7.997680e-01 8.224000e-03 1.920080e-01
134 7.983280e-01 8.248000e-03 1.934240e-01
135 7.969080e-01 8.268000e-03 1.948240e-01
136 7.955240e-01 8.264000e-03 1.962120e-01
137 7.942000e-01 8.164000e-03 1.976360e-01
138 7.929520e-01 8.144000e-03 1.989040e-01
139 7.916400e-01 8.028000e-03 2.003320e-01
140 7.904800e-01 7.800000e-03 2.017200e-01
141 7.892880e-01 7.692000e-03 2.030200e-01
142 7.881360e-01 7.504000e-03 2.043600e-01
143 7.868600e-01 7.488000e-03 2.056520e-01
144 7.856080e-01 7.552000e-03 2.068400e-01
145 7.844240e-01 7.280000e-03 2.082960e-01
146 7.833600e-01 7.072000e-03 2.095680e-01
147 7.822800e-01 7.004000e-03 2.107160e-01
148 7.811400e-01 6.904000e-03 2.119560e-01
149 7.799120e-01 6.976000e-03 2.131120e-01
150 7.786840e-01 7.024000e-03 2.142920e-01
151 7.775560e-01 6.980000e-03 2.154640e-01
152 7.763480e-01 6.916000e-03 2.167360e-01
153 7.751880e-01 6.988000e-03 2.178240e-01
154 7.739960e-01 6.900000e-03 2.191040e-01
155 7.728280e-01 6.888000e-03 2.202840e-01
156 7.716240e-01 6.832000e-03 2.215440e-01
157 7.704120e-01 6.876000e-03 2.227120e-01
158 7.692400e-01 6.832000e-03 2.239280e-01
159 7.679760e-01 6.912000e-03 2.251120e-01
160 7.668560e-01 6.860000e-03 2.262840e-01
161 7.656760e-01 6.888000e-03 2.274360e-01
162 7.643840e-01 7.032000e-03 2.285840e-01
163 7.632240e-01 6.936000e-03 2.298400e-01
164 7.620320e-01 6.896000e-03 2.310720e-01
165 7.609440e-01 6.888000e-03 2.321680e-01
166 7.596160e-01 7.112000e-03 2.332720e-01
167 7.584720e-01 6.924000e-03 2.346040e-01
168 7.574480e-01 6.732000e-03 2.358200e-01
169 7.564640e-01 6.504000e-03 2.370320e-01
170 7.554320e-01 6.404000e-03 2.381640e-01
171 7.544000e-01 6.284000e-03 2.393160e-01
172 7.533640e-01 6.172000e-03 2.404640e-01
173 7.523240e-01 6.100000e-03 2.415760e-01
174 7.512120e-01 6.224000e-03 2.425640e-01
175 7.500160e-01 6.432000e-03 2.435520e-01
176 7.488880e-01 6.432000e-03 2.446800e-01
177 7.477960e-01 6.360000e-03 2.458440e-01
178 7.466960e-01 6.364000e-03 2.469400e-01
179 7.455800e-01 6.348000e-03 2.480720e-01
180 7.445560e-01 6.272000e-03 2.491720e-01
181 7.434720e-01 6.216000e-03 2.503120e-01
182 7.425360e-01 6.104000e-03 2.513600e-01
183 7.415120e-01 5.996000e-03 2.524920e-01
184 7.406640e-01 5.824000e-03 2.535120e-01
185 7.396840e-01 5.860000e-03 2.544560e-01
186 7.387920e-01 5.780000e-03 2.554280e-01
187 7.379000e-01 5.664000e-03 2.564360e-01
188 7.369840e-01 5.624000e-03 2.573920e-01
189 7.361240e-01 5.504000e-03 2.583720e-01
190 7.353000e-01 5.296000e-03 2.594040e-01
191 7.343320e-01 5.388000e-03 2.602800e-01
192 7.334280e-01 5.420000e-03 2.611520e-01
193 7.324640e-01 5.400000e-03 2.621360e-01
194 7.313640e-01 5.440000e-03 2.631960e-01
195 7.303320e-01 5.604000e-03 2.640640e-01
196 7.293760e-01 5.544000e-03 2.650800e-01
197 7.284200e-01 5.532000e-03 2.660480e-01
198 7.274840e-01 5.496000e-03 2.670200e-01
199 7.264960e-01 5.480000e-03 2.680240e-01
200 7.254360e-01 5.556000e-03 2.690080e-01
201 7.245280e-01 5.564000e-03 2.699080e-01
202 7.235600e-01 5.540000e-03 2.709000e-01
203 7.225960e-01 5.440000e-03 2.719640e-01
204 7.217720e-01 5.264000e-03 2.729640e-01
205 7.208800e-01 5.168000e-03 2.739520e-01
206 7.199480e-01 5.252000e-03 2.748000e-01
207 7.191560e-01 5.156000e-03 2.756880e-01
208 7.182360e-01 5.136000e-03 2.766280e-01
209 7.174280e-01 5.024000e-03 2.775480e-01
210 7.165560e-01 5.092000e-03 2.783520e-01
211 7.157600e-01 5.020000e-03 2.792200e-01
212 7.148520e-01 5.004000e-03 2.801440e-01
213 7.141000e-01 4.924000e-03 2.809760e-01
214 7.134520e-01 4.748000e-03 2.818000e-01
215 7.127240e-01 4.700000e-03 2.825760e-01
216 7.119920e-01 4.556000e-03 2.834520e-01
217 7.112480e-01 4.492000e-03 2.842600e-01
218 7.105120e-01 4.424000e-03 2.850640e-01
219 7.096600e-01 4.492000e-03 2.858480e-01
220 7.088680e-01 4.508000e-03 2.866240e-01
221 7.080640e-01 4.408000e-03 2.875280e-01
222 7.073640e-01 4.432000e-03 2.882040e-01
223 7.066240e-01 4.384000e-03 2.889920e-01
224 7.058800e-01 4.368000e-03 2.897520e-01
225 7.052240e-01 4.316000e-03 2.904600e-01
226 7.044760e-01 4.312000e-03 2.912120e-01
227 7.038760e-01 4.060000e-03 2.920640e-01
228 7.032240e-01 4.028000e-03 2.927480e-01
229 7.025240e-01 4.128000e-03 2.933480e-01
230 7.019160e-01 3.992000e-03 2.940920e-01
231 7.012280e-01 4.028000e-03 2.947440e-01
232 7.005720e-01 4.008000e-03 2.954200e-01
233 6.998680e-01 4.036000e-03 2.960960e-01
234 6.991640e-01 4.036000e-03 2.968000e-01
235 6.985560e-01 3.912000e-03 2.975320e-01
236 6.979720e-01 3.716000e-03 2.983120e-01
237 6.972920e-01 3.800000e-03 2.989080e-01
238 6.968120e-01 3.536000e-03 2.996520e-01
239 6.962640e-01 3.436000e-03 3.003000e-01
240 6.957760e-01 3.244000e-03 3.009800e-01
241 6.952000e-01 3.252000e-03 3.015480e-01
242 6.946040e-01 3.272000e-03 3.021240e-01
243 6.940000e-01 3.380000e-03 3.026200e-01
244 6.933560e-01 3.372000e-03 3.032720e-01
245 6.927160e-01 3.400000e-03 3.038840e-01
246 6.922120e-01 3.364000e-03 3.044240e-01
247 6.915960e-01 3.408000e-03 3.049960e-01
248 6.910720e-01 3.336000e-03 3.055920e-01
249 6.905360e-01 3.248000e-03 3.062160e-01
250 6.899840e-01 3.292000e-03 3.067240e-01
251 6.894520e-01 3.284000e-03 3.072640e-01
252 6.890120e-01 3.132000e-03 3.078560e-01
253 6.883720e-01 3.284000e-03 3.083440e-01
254 6.877680e-01 3.308000e-03 3.089240e-01
255 6.871720e-01 3.352000e-03 3.094760e-01
256 6.866200e-01 3.332000e-03 3.100480e-01
257 6.860000e-01 3.300000e-03 3.107000e-01
258 6.853680e-01 3.276000e-03 3.113560e-01
259 6.847760e-01 3.216000e-03 3.120080e-01
260 6.840520e-01 3.320000e-03 3.126280e-01
261 6.834080e-01 3.320000e-03 3.132720e-01
262 6.828400e-01 3.316000e-03 3.138440e-01
263 6.823680e-01 3.196000e-03 3.144360e-01
264 6.819520e-01 3.052000e-03 3.149960e-01
265 6.815560e-01 2.940000e-03 3.155040e-01
266 6.810760e-01 2.956000e-03 3.159680e-01
267 6.805480e-01 2.952000e-03 3.165000e-01
268 6.800720e-01 2.940000e-03 3.169880e-01
269 6.795600e-01 2.868000e-03 3.175720e-01
270 6.791480e-01 2.892000e-03 3.179600e-01
271 6.787520e-01 2.752000e-03 3.184960e-01
272 6.783240e-01 2.748000e-03 3.189280e-01
273 6.779040e-01 2.648000e-03 3.194480e-01
274 6.774560e-01 2.712000e-03 3.198320e-01
275 6.769080e-01 2.764000e-03 3.203280e-01
276 6.764440e-01 2.768000e-03 3.207880e-01
277 6.758760e-01 2.792000e-03 3.213320e-01
278 6.754160e-01 2.752000e-03 3.218320e-01
279 6.749840e-01 2.660000e-03 3.223560e-01
280 6.745640e-01 2.668000e-03 3.227680e-01
281 6.741160e-01 2.644000e-03 3.232400e-01
282 6.737000e-01 2.568000e-03 3.237320e-01
283 6.732880e-01 2.488000e-03 3.242240e-01
284 6.728160e-01 2.536000e-03 3.246480e-01
285 6.724120e-01 2.488000e-03 3.251000e-01
286 6.719600e-01 2.444000e-03 3.255960e-01
287 6.715800e-01 2.440000e-03 3.259800e-01
288 6.710680e-01 2.548000e-03 3.263840e-01
289 6.706520e-01 2.572000e-03 3.267760e-01
290 6.702520e-01 2.600000e-03 3.271480e-01
291 6.697960e-01 2.660000e-03 3.275440e-01
292 6.693000e-01 2.704000e-03 3.279960e-01
293 6.688480e-01 2.720000e-03 3.284320e-01
294 6.684440e-01 2.612000e-03 3.289440e-01
295 6.679680e-01 2.592000e-03 3.294400e-01
296 6.675120e-01 2.624000e-03 3.298640e-01
297 6.671040e-01 2.632000e-03 3.302640e-01
298 6.666240e-01 2.684000e-03 3.306920e-01
299 6.662360e-01 2.576000e-03 3.311880e-01
300 6.658120e-01 2.556000e-03 3.316320e-01
301 6.654680e-01 2.480000e-03 3.320520e-01
302 6.650080e-01 2.444000e-03 3.325480e-01
303 6.646360e-01 2.424000e-03 3.329400e-01
304 6.642800e-01 2.308000e-03 3.334120e-01
305 6.639280e-01 2.208000e-03 3.338640e-01
306 6.635320e-01 2.128000e-03 3.343400e-01
307 6.631760e-01 2.072000e-03 3.347520e-01
308 6.628680e-01 2.008000e-03 3.351240e-01
309 6.625920e-01 1.956000e-03 3.354520e-01
310 6.622240e-01 2.012000e-03 3.357640e-01
311 6.618600e-01 2.028000e-03 3.361120e-01
312 6.615080e-01 1.980000e-03 3.365120e-01
313 6.612240e-01 1.884000e-03 3.368920e-01
314 6.608640e-01 1.868000e-03 3.372680e-01
315 6.605600e-01 1.844000e-03 3.375960e-01
316 6.601800e-01 1.936000e-03 3.378840e-01
317 6.598200e-01 1.932000e-03 3.382480e-01
318 6.594520e-01 1.992000e-03 3.385560e-01
319 6.591000e-01 2.028000e-03 3.388720e-01
320 6.587800e-01 2.008000e-03 3.392120e-01
321 6.583640e-01 2.056000e-03 3.395800e-01
322 6.579480e-01 2.140000e-03 3.399120e-01
323 6.576280e-01 2.096000e-03 3.402760e-01
324 6.572760e-01 2.080000e-03 3.406440e-01
325 6.569320e-01 2.068000e-03 3.410000e-01
326 6.565840e-01 1.972000e-03 3.414440e-01
327 6.562560e-01 1.992000e-03 3.417520e-01
328 6.560200e-01 1.872000e-03 3.421080e-01
329 6.557520e-01 1.764000e-03 3.424840e-01
330 6.554320e-01 1.812000e-03 3.427560e-01
331 6.550880e-01 1.864000e-03 3.430480e-01
332 6.547880e-01 1.804000e-03 3.434080e-01
333 6.544560e-01 1.812000e-03 3.437320e-01
334 6.541920e-01 1.812000e-03 3.439960e-01
335 6.539080e-01 1.840000e-03 3.442520e-01
336 6.536520e-01 1.704000e-03 3.446440e-01
337 6.533320e-01 1.768000e-03 3.449000e-01
338 6.529520e-01 1.848000e-03 3.452000e-01
339 6.526160e-01 1.832000e-03 3.455520e-01
340 6.523280e-01 1.880000e-03 3.457920e-01
341 6.519520e-01 1.920000e-03 3.461280e-01
342 6.514960e-01 2.088000e-03 3.464160e-01
343 6.512320e-01 1.984000e-03 3.467840e-01
344 6.509320e-01 1.968000e-03 3.471000e-01
345 6.505040e-01 2.048000e-03 3.474480e-01
346 6.500800e-01 2.192000e-03 3.477280e-01
347 6.496840e-01 2.176000e-03 3.481400e-01
348 6.492640e-01 2.260000e-03 3.484760e-01
349 6.488800e-01 2.252000e-03 3.488680e-01
350 6.484520e-01 2.328000e-03 3.492200e-01
351 6.480120e-01 2.424000e-03 3.495640e-01
352 6.475560e-01 2.476000e-03 3.499680e-01
353 6.470680e-01 2.480000e-03 3.504520e-01
354 6.466200e-01 2.464000e-03 3.509160e-01
355 6.462360e-01 2.384000e-03 3.513800e-01
356 6.458960e-01 2.356000e-03 3.517480e-01
357 6.454800e-01 2.308000e-03 3.522120e-01
358 6.450960e-01 2.340000e-03 3.525640e-01
359 6.446920e-01 2.296000e-03 3.530120e-01
360 6.442920e-01 2.268000e-03 3.534400e-01
361 6.439480e-01 2.272000e-03 3.537800e-01
362 6.436040e-01 2.184000e-03 3.542120e-01
363 6.432280e-01 2.128000e-03 3.546440e-01
364 6.428520e-01 2.124000e-03 3.550240e-01
365 6.424760e-01 2.104000e-03 3.554200e-01
366 6.421120e-01 2.096000e-03 3.557920e-01
367 6.417280e-01 2.084000e-03 3.561880e-01
368 6.413640e-01 2.136000e-03 3.565000e-01
369 6.410120e-01 2.140000e-03 3.568480e-01
370 6.405680e-01 2.208000e-03 3.572240e-01
371 6.402040e-01 2.180000e-03 3.576160e-01
372 6.398040e-01 2.252000e-03 3.579440e-01
373 6.394080e-01 2.288000e-03 3.583040e-01
374 6.390240e-01 2.276000e-03 3.587000e-01
375 6.387080e-01 2.176000e-03 3.591160e-01
376 6.382640e-01 2.252000e-03 3.594840e-01
377 6.378560e-01 2.260000e-03 3.598840e-01
378 6.374240e-01 2.296000e-03 3.602800e-01
379 6.370680e-01 2.276000e-03 3.606560e-01
380 6.366800e-01 2.252000e-03 3.610680e-01
381 6.363560e-01 2.200000e-03 3.614440e-01
382 6.359840e-01 2.188000e-03 3.618280e-01
383 6.356000e-01 2.224000e-03 3.621760e-01
384 6.352520e-01 2.188000e-03 3.625600e-01
385 6.349240e-01 2.160000e-03 3.629160e-01
386 6.346200e-01 2.036000e-03 3.633440e-01
387 6.343560e-01 1.916000e-03 3.637280e-01
388 6.340880e-01 1.716000e-03 3.641960e-01
389 6.338080e-01 1.676000e-03 3.645160e-01
390 6.336120e-01 1.600000e-03 3.647880e-01
391 6.333640e-01 1.588000e-03 3.650480e-01
392 6.330880e-01 1.524000e-03 3.653880e-01
393 6.327600e-01 1.620000e-03 3.656200e-01
394 6.324840e-01 1.636000e-03 3.658800e-01
395 6.321600e-01 1.716000e-03 3.661240e-01
396 6.319120e-01 1.640000e-03 3.664480e-01
397 6.316240e-01 1.624000e-03 3.667520e-01
398 6.313600e-01 1.568000e-03 3.670720e-01
399 6.310280e-01 1.604000e-03 3.673680e-01
400 6.307840e-01 1.556000e-03 3.676600e-01
401 6.305880e-01 1.496000e-03 3.679160e-01
402 6.303600e-01 1.408000e-03 3.682320e-01
403 6.301360e-01 1.408000e-03 3.684560e-01
404 6.299240e-01 1.364000e-03 3.687120e-01
405 6.297280e-01 1.368000e-03 3.689040e-01
406 6.295280e-01 1.332000e-03 3.691400e-01
407 6.293200e-01 1.316000e-03 3.693640e-01
408 6.290800e-01 1.316000e-03 3.696040e-01
409 6.288280e-01 1.408000e-03 3.697640e-01
410 6.285840e-01 1.396000e-03 3.700200e-01
411 6.283560e-01 1.380000e-03 3.702640e-01
412 6.281320e-01 1.340000e-03 3.705280e-01
413 6.279520e-01 1.296000e-03 3.707520e-01
414 6.277480e-01 1.248000e-03 3.710040e-01
415 6.275080e-01 1.268000e-03 3.712240e-01
416 6.273280e-01 1.172000e-03 3.715000e-01
417 6.271080e-01 1.224000e-03 3.716680e-01
418 6.268920e-01 1.244000e-03 3.718640e-01
419 6.266400e-01 1.304000e-03 3.720560e-01
420 6.263600e-01 1.348000e-03 3.722920e-01
421 6.261320e-01 1.316000e-03 3.725520e-01
422 6.259360e-01 1.296000e-03 3.727680e-01
423 6.257520e-01 1.256000e-03 3.729920e-01
424 6.255360e-01 1.232000e-03 3.732320e-01
425 6.253280e-01 1.200000e-03 3.734720e-01
426 6.251440e-01 1.156000e-03 3.737000e-01
427 6.249880e-01 1.128000e-03 3.738840e-01
428 6.248120e-01 1.080000e-03 3.741080e-01
429 6.246440e-01 1.052000e-03 3.743040e-01
430 6.244960e-01 1.020000e-03 3.744840e-01
431 6.243560e-01 1.008000e-03 3.746360e-01
432 6.242080e-01 9.720000e-04 3.748200e-01
433 6.240920e-01 9.240000e-04 3.749840e-01
434 6.239200e-01 9.240000e-04 3.751560e-01
435 6.237640e-01 9.160000e-04 3.753200e-01
436 6.236200e-01 9.120000e-04 3.754680e-01
437 6.235320e-01 8.240000e-04 3.756440e-01
438 6.233960e-01 8.040000e-04 3.758000e-01
439 6.233000e-01 7.560000e-04 3.759440e-01
440 6.231480e-01 7.760000e-04 3.760760e-01
441 6.230200e-01 7.920000e-04 3.761880e-01
442 6.228920e-01 7.920000e-04 3.763160e-01
443 6.227760e-01 7.360000e-04 3.764880e-01
444 6.226440e-01 7.400000e-04 3.766160e-01
445 6.225600e-01 6.960000e-04 3.767440e-01
446 6.224920e-01 6.440000e-04 3.768640e-01
447 6.224040e-01 6.200000e-04 3.769760e-01
448 6.222600e-01 6.400000e-04 3.771000e-01
449 6.221360e-01 6.120000e-04 3.772520e-01
450 6.220440e-01 6.040000e-04 3.773520e-01
451 6.219360e-01 6.320000e-04 3.774320e-01
452 6.218400e-01 6.080000e-04 3.775520e-01
453 6.217400e-01 5.760000e-04 3.776840e-01
454 6.216120e-01 6.040000e-04 3.777840e-01
455 6.215160e-01 5.880000e-04 3.778960e-01
456 6.214360e-01 5.680000e-04 3.779960e-01
457 6.213040e-01 5.880000e-04 3.781080e-01
458 6.211520e-01 6.320000e-04 3.782160e-01
459 6.210160e-01 6.640000e-04 3.783200e-01
460 6.208880e-01 6.560000e-04 3.784560e-01
461 6.207920e-01 6.600000e-04 3.785480e-01
462 6.206880e-01 6.000000e-04 3.787120e-01
463 6.205840e-01 6.040000e-04 3.788120e-01
464 6.204880e-01 6.000000e-04 3.789120e-01
465 6.203960e-01 5.840000e-04 3.790200e-01
466 6.203080e-01 5.600000e-04 3.791320e-01
467 6.201800e-01 6.160000e-04 3.792040e-01
468 6.200480e-01 6.120000e-04 3.793400e-01
469 6.199240e-01 6.200000e-04 3.794560e-01
470 6.197000e-01 7.280000e-04 3.795720e-01
471 6.195160e-01 7.640000e-04 3.797200e-01
472 6.193520e-01 7.960000e-04 3.798520e-01
473 6.192200e-01 7.920000e-04 3.799880e-01
474 6.191120e-01 7.480000e-04 3.801400e-01
475 6.189760e-01 7.600000e-04 3.802640e-01
476 6.188160e-01 7.800000e-04 3.804040e-01
477 6.186200e-01 8.640000e-04 3.805160e-01
478 6.184080e-01 8.960000e-04 3.806960e-01
479 6.182360e-01 9.160000e-04 3.808480e-01
480 6.180400e-01 9.800000e-04 3.809800e-01
481 6.178760e-01 9.960000e-04 3.811280e-01
482 6.177880e-01 8.960000e-04 3.813160e-01
483 6.176560e-01 8.680000e-04 3.814760e-01
484 6.175360e-01 8.240000e-04 3.816400e-01
485 6.173920e-01 8.120000e-04 3.817960e-01
486 6.172360e-01 8.320000e-04 3.819320e-01
487 6.170560e-01 8.400000e-04 3.821040e-01
488 6.169120e-01 8.480000e-04 3.822400e-01
489 6.167240e-01 8.880000e-04 3.823880e-01
490 6.165360e-01 9.360000e-04 3.825280e-01
491 6.164040e-01 8.640000e-04 3.827320e-01
492 6.161920e-01 9.080000e-04 3.829000e-01
493 6.160320e-01 9.280000e-04 3.830400e-01
494 6.158680e-01 9.400000e-04 3.831920e-01
495 6.156600e-01 9.760000e-04 3.833640e-01
496 6.155400e-01 8.920000e-04 3.835680e-01
497 6.154040e-01 8.560000e-04 3.837400e-01
498 6.152760e-01 8.400000e-04 3.838840e-01
499 6.151680e-01 8.320000e-04 3.840000e-01
500 6.150080e-01 8.760000e-04 3.841160e-01
