1 9.992600e-01 6.200000e-04 1.200000e-04
2 9.988080e-01 9.480000e-04 2.440000e-04
3 9.982760e-01 1.312000e-03 4.120000e-04
4 9.975000e-01 1.824000e-03 6.760000e-04
5 9.966840e-01 2.292000e-03 1.024000e-03
6 9.959040e-01 2.608000e-03 1.488000e-03
7 9.951680e-01 2.844000e-03 1.988000e-03
8 9.943240e-01 3.184000e-03 2.492000e-03
9 9.933960e-01 3.500000e-03 3.104000e-03
10 9.925520e-01 3.752000e-03 3.696000e-03
11 9.917920e-01 3.772000e-03 4.436000e-03
12 9.909600e-01 3.892000e-03 5.148000e-03
13 9.899280e-01 4.236000e-03 5.836000e-03
14 9.889480e-01 4.480000e-03 6.572000e-03
15 9.879640e-01 4.656000e-03 7.380000e-03
16 9.868520e-01 4.944000e-03 8.204000e-03
17 9.859400e-01 5.008000e-03 9.052000e-03
18 9.847880e-01 5.312000e-03 9.900000e-03
19 9.836800e-01 5.504000e-03 1.081600e-02
20 9.823120e-01 5.908000e-03 1.178000e-02
21 9.812000e-01 6.008000e-03 1.279200e-02
22 9.799920e-01 6.204000e-03 1.380400e-02
23 9.786960e-01 6.424000e-03 1.488000e-02
24 9.774320e-01 6.516000e-03 1.605200e-02
25 9.760760e-01 6.628000e-03 1.729600e-02
26 9.746880e-01 6.944000e-03 1.836800e-02
27 9.732200e-01 7.244000e-03 1.953600e-02
28 9.718080e-01 7.368000e-03 2.082400e-02
29 9.704400e-01 7.328000e-03 2.223200e-02
30 9.691240e-01 7.316000e-03 2.356000e-02
31 9.678600e-01 7.328000e-03 2.481200e-02
32 9.663880e-01 7.424000e-03 2.618800e-02
33 9.649600e-01 7.472000e-03 2.756800e-02
34 9.633320e-01 7.768000e-03 2.890000e-02
35 9.616960e-01 8.036000e-03 3.026800e-02
36 9.600720e-01 8.140000e-03 3.178800e-02
37 9.584000e-01 8.352000e-03 3.324800e-02
38 9.567480e-01 8.596000e-03 3.465600e-02
39 9.551040e-01 8.724000e-03 3.617200e-02
40 9.536040e-01 8.600000e-03 3.779600e-02
41 9.519880e-01 8.788000e-03 3.922400e-02
42 9.505200e-01 8.672000e-03 4.080800e-02
43 9.491600e-01 8.516000e-03 4.232400e-02
44 9.478760e-01 8.212000e-03 4.391200e-02
45 9.464040e-01 8.128000e-03 4.546800e-02
46 9.449120e-01 8.336000e-03 4.675200e-02
47 9.433520e-01 8.356000e-03 4.829200e-02
48 9.417680e-01 8.516000e-03 4.971600e-02
49 9.401640e-01 8.616000e-03 5.122000e-02
50 9.385680e-01 8.724000e-03 5.270800e-02
51 9.368880e-01 8.936000e-03 5.417600e-02
52 9.353440e-01 8.796000e-03 5.586000e-02
53 9.337560e-01 8.740000e-03 5.750400e-02
54 9.321360e-01 8.844000e-03 5.902000e-02
55 9.305480e-01 8.948000e-03 6.050400e-02
56 9.289120e-01 9.044000e-03 6.204400e-02
57 9.271360e-01 9.324000e-03 6.354000e-02
58 9.254120e-01 9.444000e-03 6.514400e-02
59 9.237080e-01 9.400000e-03 6.689200e-02
60 9.219080e-01 9.660000e-03 6.843200e-02
61 9.202160e-01 9.628000e-03 7.015600e-02
62 9.183280e-01 9.904000e-03 7.176800e-02
63 9.163800e-01 1.009200e-02 7.352800e-02
64 9.145920e-01 1.010400e-02 7.530400e-02
65 9.130360e-01 9.880000e-03 7.708400e-02
66 9.114800e-01 9.644000e-03 7.887600e-02
67 9.100560e-01 9.428000e-03 8.051600e-02
68 9.085200e-01 9.336000e-03 8.214400e-02
69 9.070160e-01 9.192000e-03 8.379200e-02
70 9.054320e-01 9.212000e-03 8.535600e-02
71 9.038520e-01 9.344000e-03 8.680400e-02
72 9.024800e-01 9.060000e-03 8.846000e-02
73 9.009400e-01 9.000000e-03 9.006000e-02
74 8.993200e-01 9.060000e-03 9.162000e-02
75 8.979160e-01 8.764000e-03 9.332000e-02
76 8.963520e-01 8.772000e-03 9.487600e-02
77 8.947160e-01 8.968000e-03 9.631600e-02
78 8.934080e-01 8.808000e-03 9.778400e-02
79 8.920960e-01 8.600000e-03 9.930400e-02
80 8.906080e-01 8.524000e-03 1.008680e-01
81 8.892440e-01 8.360000e-03 1.023960e-01
82 8.879760e-01 8.240000e-03 1.037840e-01
83 8.866400e-01 8.164000e-03 1.051960e-01
84 8.853200e-01 7.932000e-03 1.067480e-01
85 8.840600e-01 7.888000e-03 1.080520e-01
86 8.826760e-01 7.944000e-03 1.093800e-01
87 8.814360e-01 7.760000e-03 1.108040e-01
88 8.801520e-01 7.728000e-03 1.121200e-01
89 8.789160e-01 7.708000e-03 1.133760e-01
90 8.776440e-01 7.644000e-03 1.147120e-01
91 8.764040e-01 7.628000e-03 1.159680e-01
92 8.751080e-01 7.564000e-03 1.173280e-01
93 8.738240e-01 7.572000e-03 1.186040e-01
94 8.725480e-01 7.456000e-03 1.199960e-01
95 8.712760e-01 7.456000e-03 1.212680e-01
96 8.700120e-01 7.344000e-03 1.226440e-01
97 8.688040e-01 7.404000e-03 1.237920e-01
98 8.675760e-01 7.280000e-03 1.251440e-01
99 8.664560e-01 7.152000e-03 1.263920e-01
100 8.651240e-01 7.148000e-03 1.277280e-01
101 8.637120e-01 7.300000e-03 1.289880e-01
102 8.624400e-01 7.224000e-03 1.303360e-01
103 8.612040e-01 7.272000e-03 1.315240e-01
104 8.599960e-01 7.196000e-03 1.328080e-01
105 8.588160e-01 6.964000e-03 1.342200e-01
106 8.576000e-01 7.004000e-03 1.353960e-01
107 8.563600e-01 6.876000e-03 1.367640e-01
108 8.551240e-01 6.904000e-03 1.379720e-01
109 8.538320e-01 6.984000e-03 1.391840e-01
110 8.526920e-01 6.876000e-03 1.404320e-01
111 8.514920e-01 7.004000e-03 1.415040e-01
112 8.502160e-01 6.976000e-03 1.428080e-01
113 8.488240e-01 7.160000e-03 1.440160e-01
114 8.473680e-01 7.416000e-03 1.452160e-01
115 8.459280e-01 7.628000e-03 1.464440e-01
116 8.445920e-01 7.684000e-03 1.477240e-01
117 8.432560e-01 7.708000e-03 1.490360e-01
118 8.417280e-01 7.840000e-03 1.504320e-01
119 8.403480e-01 7.988000e-03 1.516640e-01
120 8.390560e-01 7.924000e-03 1.530200e-01
121 8.375760e-01 7.956000e-03 1.544680e-01
122 8.362680e-01 7.876000e-03 1.558560e-01
123 8.348760e-01 7.860000e-03 1.572640e-01
124 8.336640e-01 7.708000e-03 1.586280e-01
125 8.324120e-01 7.524000e-03 1.600640e-01
126 8.309600e-01 7.604000e-03 1.614360e-01
127 8.296600e-01 7.748000e-03 1.625920e-01
128 8.282240e-01 7.812000e-03 1.639640e-01
129 8.268280e-01 7.840000e-03 1.653320e-01
130 8.254920e-01 7.824000e-03 1.666840e-01
131 8.241960e-01 7.792000e-03 1.680120e-01
132 8.229520e-01 7.644000e-03 1.694040e-01
133 8.216920e-01 7.600000e-03 1.707080e-01
134 8.204640e-01 7.528000e-03 1.720080e-01
135 8.192240e-01 7.440000e-03 1.733360e-01
136 8.180960e-01 7.276000e-03 1.746280e-01
137 8.168760e-01 7.236000e-03 1.758880e-01
138 8.156120e-01 7.308000e-03 1.770800e-01
139 8.145480e-01 6.980000e-03 1.784720e-01
140 8.133640e-01 7.144000e-03 1.794920e-01
141 8.122640e-01 6.964000e-03 1.807720e-01
142 8.110640e-01 6.896000e-03 1.820400e-01
143 8.099960e-01 6.740000e-03 1.832640e-01
144 8.088360e-01 6.840000e-03 1.843240e-01
145 8.077400e-01 6.712000e-03 1.855480e-01
146 8.067400e-01 6.584000e-03 1.866760e-01
147 8.056680e-01 6.512000e-03 1.878200e-01
148 8.046200e-01 6.364000e-03 1.890160e-01
149 8.034560e-01 6.412000e-03 1.901320e-01
150 8.023680e-01 6.356000e-03 1.912760e-01
151 8.012920e-01 6.176000e-03 1.925320e-01
152 8.000800e-01 6.228000e-03 1.936920e-01
153 7.988400e-01 6.412000e-03 1.947480e-01
154 7.976240e-01 6.500000e-03 1.958760e-01
155 7.965640e-01 6.364000e-03 1.970720e-01
156 7.954760e-01 6.408000e-03 1.981160e-01
157 7.943840e-01 6.340000e-03 1.992760e-01
158 7.932840e-01 6.200000e-03 2.005160e-01
159 7.922680e-01 6.120000e-03 2.016120e-01
160 7.912360e-01 6.084000e-03 2.026800e-01
161 7.901560e-01 6.156000e-03 2.036880e-01
162 7.890840e-01 6.212000e-03 2.047040e-01
163 7.880840e-01 6.124000e-03 2.057920e-01
164 7.871920e-01 6.064000e-03 2.067440e-01
165 7.862440e-01 6.008000e-03 2.077480e-01
166 7.852920e-01 5.872000e-03 2.088360e-01
167 7.842680e-01 5.860000e-03 2.098720e-01
168 7.833320e-01 5.688000e-03 2.109800e-01
169 7.824320e-01 5.656000e-03 2.119120e-01
170 7.815600e-01 5.564000e-03 2.128760e-01
171 7.807320e-01 5.392000e-03 2.138760e-01
172 7.798600e-01 5.280000e-03 2.148600e-01
173 7.789920e-01 5.312000e-03 2.156960e-01
174 7.778600e-01 5.564000e-03 2.165760e-01
175 7.768320e-01 5.648000e-03 2.175200e-01
176 7.758520e-01 5.680000e-03 2.184680e-01
177 7.748320e-01 5.688000e-03 2.194800e-01
178 7.738120e-01 5.740000e-03 2.204480e-01
179 7.727000e-01 5.892000e-03 2.214080e-01
180 7.717600e-01 5.852000e-03 2.223880e-01
181 7.708040e-01 5.760000e-03 2.234360e-01
182 7.697920e-01 5.764000e-03 2.244440e-01
183 7.688640e-01 5.736000e-03 2.254000e-01
184 7.679400e-01 5.632000e-03 2.264280e-01
185 7.670720e-01 5.648000e-03 2.272800e-01
186 7.660680e-01 5.700000e-03 2.282320e-01
187 7.650600e-01 5.728000e-03 2.292120e-01
188 7.641360e-01 5.636000e-03 2.302280e-01
189 7.631600e-01 5.572000e-03 2.312680e-01
190 7.623160e-01 5.412000e-03 2.322720e-01
191 7.614200e-01 5.372000e-03 2.332080e-01
192 7.605640e-01 5.276000e-03 2.341600e-01
193 7.597960e-01 4.984000e-03 2.352200e-01
194 7.590160e-01 4.900000e-03 2.360840e-01
195 7.582600e-01 4.828000e-03 2.369120e-01
196 7.575840e-01 4.628000e-03 2.377880e-01
197 7.569720e-01 4.468000e-03 2.385600e-01
198 7.562760e-01 4.436000e-03 2.392880e-01
199 7.555760e-01 4.376000e-03 2.400480e-01
200 7.548200e-01 4.312000e-03 2.408680e-01
201 7.541000e-01 4.328000e-03 2.415720e-01
202 7.533760e-01 4.276000e-03 2.423480e-01
203 7.524960e-01 4.316000e-03 2.431880e-01
204 7.516400e-01 4.408000e-03 2.439520e-01
205 7.508560e-01 4.376000e-03 2.447680e-01
206 7.501680e-01 4.332000e-03 2.455000e-01
207 7.493560e-01 4.480000e-03 2.461640e-01
208 7.485360e-01 4.524000e-03 2.469400e-01
209 7.476480e-01 4.564000e-03 2.477880e-01
210 7.469040e-01 4.520000e-03 2.485760e-01
211 7.460560e-01 4.612000e-03 2.493320e-01
212 7.452120e-01 4.640000e-03 2.501480e-01
213 7.444880e-01 4.512000e-03 2.510000e-01
214 7.438280e-01 4.432000e-03 2.517400e-01
215 7.431040e-01 4.396000e-03 2.525000e-01
216 7.424040e-01 4.324000e-03 2.532720e-01
217 7.418360e-01 4.280000e-03 2.538840e-01
218 7.411680e-01 4.092000e-03 2.547400e-01
219 7.404560e-01 4.076000e-03 2.554680e-01
220 7.397080e-01 4.156000e-03 2.561360e-01
221 7.389920e-01 4.084000e-03 2.569240e-01
222 7.382960e-01 4.120000e-03 2.575840e-01
223 7.376120e-01 4.040000e-03 2.583480e-01
224 7.368960e-01 4.024000e-03 2.590800e-01
225 7.361600e-01 4.020000e-03 2.598200e-01
226 7.354800e-01 3.876000e-03 2.606440e-01
227 7.348240e-01 3.856000e-03 2.613200e-01
228 7.341440e-01 3.820000e-03 2.620360e-01
229 7.334120e-01 3.820000e-03 2.627680e-01
230 7.328240e-01 3.672000e-03 2.635040e-01
231 7.321440e-01 3.808000e-03 2.640480e-01
232 7.315200e-01 3.756000e-03 2.647240e-01
233 7.307120e-01 3.892000e-03 2.653960e-01
234 7.301400e-01 3.804000e-03 2.660560e-01
235 7.294280e-01 3.840000e-03 2.667320e-01
236 7.286760e-01 4.024000e-03 2.673000e-01
237 7.279320e-01 4.036000e-03 2.680320e-01
238 7.273040e-01 3.936000e-03 2.687600e-01
239 7.266560e-01 3.832000e-03 2.695120e-01
240 7.260520e-01 3.776000e-03 2.701720e-01
241 7.254800e-01 3.700000e-03 2.708200e-01
242 7.248760e-01 3.692000e-03 2.714320e-01
243 7.241760e-01 3.680000e-03 2.721440e-01
244 7.235800e-01 3.664000e-03 2.727560e-01
245 7.229720e-01 3.708000e-03 2.733200e-01
246 7.223440e-01 3.660000e-03 2.739960e-01
247 7.218240e-01 3.520000e-03 2.746560e-01
248 7.212600e-01 3.468000e-03 2.752720e-01
249 7.206040e-01 3.536000e-03 2.758600e-01
250 7.200880e-01 3.504000e-03 2.764080e-01
251 7.194880e-01 3.520000e-03 2.769920e-01
252 7.188720e-01 3.556000e-03 2.775720e-01
253 7.182920e-01 3.528000e-03 2.781800e-01
254 7.176920e-01 3.536000e-03 2.787720e-01
255 7.170760e-01 3.524000e-03 2.794000e-01
256 7.164720e-01 3.524000e-03 2.800040e-01
257 7.158200e-01 3.520000e-03 2.806600e-01
258 7.152520e-01 3.540000e-03 2.812080e-01
259 7.146120e-01 3.588000e-03 2.818000e-01
260 7.140000e-01 3.604000e-03 2.823960e-01
261 7.133640e-01 3.652000e-03 2.829840e-01
262 7.128680e-01 3.504000e-03 2.836280e-01
263 7.123680e-01 3.480000e-03 2.841520e-01
264 7.119200e-01 3.360000e-03 2.847200e-01
265 7.113920e-01 3.240000e-03 2.853680e-01
266 7.108920e-01 3.156000e-03 2.859520e-01
267 7.103200e-01 3.152000e-03 2.865280e-01
268 7.097760e-01 3.168000e-03 2.870560e-01
269 7.092000e-01 3.144000e-03 2.876560e-01
270 7.087080e-01 3.052000e-03 2.882400e-01
271 7.081760e-01 3.128000e-03 2.886960e-01
272 7.076800e-01 3.084000e-03 2.892360e-01
273 7.071640e-01 3.084000e-03 2.897520e-01
274 7.066760e-01 3.012000e-03 2.903120e-01
275 7.061320e-01 3.000000e-03 2.908680e-01
276 7.056200e-01 2.980000e-03 2.914000e-01
277 7.051720e-01 2.908000e-03 2.919200e-01
278 7.046280e-01 2.964000e-03 2.924080e-01
279 7.041200e-01 2.964000e-03 2.929160e-01
280 7.036080e-01 3.048000e-03 2.933440e-01
281 7.030680e-01 3.108000e-03 2.938240e-01
282 7.025880e-01 3.056000e-03 2.943560e-01
283 7.020160e-01 3.064000e-03 2.949200e-01
284 7.014080e-01 3.136000e-03 2.954560e-01
285 7.007960e-01 3.204000e-03 2.960000e-01
286 7.002720e-01 3.208000e-03 2.965200e-01
287 6.997400e-01 3.144000e-03 2.971160e-01
288 6.993280e-01 3.012000e-03 2.976600e-01
289 6.988480e-01 2.944000e-03 2.982080e-01
290 6.983600e-01 2.888000e-03 2.987520e-01
291 6.978720e-01 2.852000e-03 2.992760e-01
292 6.974240e-01 2.800000e-03 2.997760e-01
293 6.969760e-01 2.844000e-03 3.001800e-01
294 6.965360e-01 2.768000e-03 3.006960e-01
295 6.960480e-01 2.824000e-03 3.011280e-01
296 6.955280e-01 2.828000e-03 3.016440e-01
297 6.950560e-01 2.796000e-03 3.021480e-01
298 6.945640e-01 2.772000e-03 3.026640e-01
299 6.940760e-01 2.836000e-03 3.030880e-01
300 6.936040e-01 2.868000e-03 3.035280e-01
301 6.930920e-01 2.816000e-03 3.040920e-01
302 6.927360e-01 2.724000e-03 3.045400e-01
303 6.922200e-01 2.808000e-03 3.049720e-01
304 6.917240e-01 2.808000e-03 3.054680e-01
305 6.913120e-01 2.732000e-03 3.059560e-01
306 6.908800e-01 2.724000e-03 3.063960e-01
307 6.904760e-01 2.672000e-03 3.068520e-01
308 6.899800e-01 2.692000e-03 3.073280e-01
309 6.895080e-01 2.648000e-03 3.078440e-01
310 6.890400e-01 2.624000e-03 3.083360e-01
311 6.886560e-01 2.600000e-03 3.087440e-01
312 6.882080e-01 2.544000e-03 3.092480e-01
313 6.878000e-01 2.500000e-03 3.097000e-01
314 6.874280e-01 2.448000e-03 3.101240e-01
315 6.870640e-01 2.308000e-03 3.106280e-01
316 6.866160e-01 2.332000e-03 3.110520e-01
317 6.862040e-01 2.328000e-03 3.114680e-01
318 6.857720e-01 2.356000e-03 3.118720e-01
319 6.853040e-01 2.416000e-03 3.122800e-01
320 6.848720e-01 2.364000e-03 3.127640e-01
321 6.845160e-01 2.232000e-03 3.132520e-01
322 6.841080e-01 2.224000e-03 3.136680e-01
323 6.837000e-01 2.280000e-03 3.140200e-01
324 6.833120e-01 2.324000e-03 3.143640e-01
325 6.828960e-01 2.352000e-03 3.147520e-01
326 6.824240e-01 2.408000e-03 3.151680e-01
327 6.820640e-01 2.264000e-03 3.156720e-01
328 6.817560e-01 2.212000e-03 3.160320e-01
329 6.813680e-01 2.244000e-03 3.163880e-01
330 6.809840e-01 2.320000e-03 3.166960e-01
331 6.806520e-01 2.308000e-03 3.170400e-01
332 6.802520e-01 2.328000e-03 3.174200e-01
333 6.798240e-01 2.320000e-03 3.178560e-01
334 6.793680e-01 2.360000e-03 3.182720e-01
335 6.790200e-01 2.308000e-03 3.186720e-01
336 6.785920e-01 2.296000e-03 3.191120e-01
337 6.782920e-01 2.168000e-03 3.195400e-01
338 6.778320e-01 2.224000e-03 3.199440e-01
339 6.773680e-01 2.328000e-03 3.203040e-01
340 6.769800e-01 2.252000e-03 3.207680e-01
341 6.766600e-01 2.228000e-03 3.211120e-01
342 6.762640e-01 2.220000e-03 3.215160e-01
343 6.759000e-01 2.156000e-03 3.219440e-01
344 6.755120e-01 2.140000e-03 3.223480e-01
345 6.751080e-01 2.156000e-03 3.227360e-01
346 6.747920e-01 2.052000e-03 3.231560e-01
347 6.744800e-01 2.028000e-03 3.234920e-01
348 6.741720e-01 2.008000e-03 3.238200e-01
349 6.737440e-01 2.040000e-03 3.242160e-01
350 6.734120e-01 1.952000e-03 3.246360e-01
351 6.730960e-01 1.912000e-03 3.249920e-01
352 6.728680e-01 1.792000e-03 3.253400e-01
353 6.725880e-01 1.732000e-03 3.256800e-01
354 6.724000e-01 1.608000e-03 3.259920e-01
355 6.721120e-01 1.608000e-03 3.262800e-01
356 6.717520e-01 1.688000e-03 3.265600e-01
357 6.714440e-01 1.752000e-03 3.268040e-01
358 6.711280e-01 1.744000e-03 3.271280e-01
359 6.708280e-01 1.752000e-03 3.274200e-01
360 6.705480e-01 1.820000e-03 3.276320e-01
361 6.702480e-01 1.808000e-03 3.279440e-01
362 6.700200e-01 1.744000e-03 3.282360e-01
363 6.697120e-01 1.708000e-03 3.285800e-01
364 6.693800e-01 1.732000e-03 3.288880e-01
365 6.690560e-01 1.768000e-03 3.291760e-01
366 6.687320e-01 1.796000e-03 3.294720e-01
367 6.684640e-01 1.712000e-03 3.298240e-01
368 6.681520e-01 1.732000e-03 3.301160e-01
369 6.678440e-01 1.688000e-03 3.304680e-01
370 6.676320e-01 1.552000e-03 3.308160e-01
371 6.673760e-01 1.528000e-03 3.310960e-01
372 6.671200e-01 1.516000e-03 3.313640e-01
373 6.668640e-01 1.476000e-03 3.316600e-01
374 6.666080e-01 1.448000e-03 3.319440e-01
375 6.663840e-01 1.420000e-03 3.321960e-01
376 6.661920e-01 1.392000e-03 3.324160e-01
377 6.659680e-01 1.364000e-03 3.326680e-01
378 6.657240e-01 1.368000e-03 3.329080e-01
379 6.654800e-01 1.360000e-03 3.331600e-01
380 6.652800e-01 1.320000e-03 3.334000e-01
381 6.650640e-01 1.292000e-03 3.336440e-01
382 6.648240e-01 1.272000e-03 3.339040e-01
383 6.645280e-01 1.352000e-03 3.341200e-01
384 6.643040e-01 1.348000e-03 3.343480e-01
385 6.640640e-01 1.380000e-03 3.345560e-01
386 6.638040e-01 1.432000e-03 3.347640e-01
387 6.636160e-01 1.352000e-03 3.350320e-01
388 6.634160e-01 1.336000e-03 3.352480e-01
389 6.632000e-01 1.276000e-03 3.355240e-01
390 6.629680e-01 1.292000e-03 3.357400e-01
391 6.628080e-01 1.244000e-03 3.359480e-01
392 6.625600e-01 1.276000e-03 3.361640e-01
393 6.623240e-01 1.264000e-03 3.364120e-01
394 6.621560e-01 1.244000e-03 3.366000e-01
395 6.619000e-01 1.272000e-03 3.368280e-01
396 6.616760e-01 1.264000e-03 3.370600e-01
397 6.614160e-01 1.320000e-03 3.372640e-01
398 6.611040e-01 1.412000e-03 3.374840e-01
399 6.608360e-01 1.424000e-03 3.377400e-01
400 6.605800e-01 1.412000e-03 3.380080e-01
401 6.603400e-01 1.436000e-03 3.382240e-01
402 6.600800e-01 1.472000e-03 3.384480e-01
403 6.597560e-01 1.480000e-03 3.387640e-01
404 6.594520e-01 1.500000e-03 3.390480e-01
405 6.591880e-01 1.448000e-03 3.393640e-01
406 6.589800e-01 1.416000e-03 3.396040e-01
407 6.587240e-01 1.376000e-03 3.399000e-01
408 6.584440e-01 1.420000e-03 3.401360e-01
409 6.581760e-01 1.404000e-03 3.404200e-01
410 6.579160e-01 1.404000e-03 3.406800e-01
411 6.576760e-01 1.404000e-03 3.409200e-01
412 6.573880e-01 1.412000e-03 3.412000e-01
413 6.571800e-01 1.408000e-03 3.414120e-01
414 6.568880e-01 1.416000e-03 3.416960e-01
415 6.566240e-01 1.448000e-03 3.419280e-01
416 6.563320e-01 1.496000e-03 3.421720e-01
417 6.560880e-01 1.504000e-03 3.424080e-01
418 6.558040e-01 1.488000e-03 3.427080e-01
419 6.554960e-01 1.532000e-03 3.429720e-01
420 6.551880e-01 1.588000e-03 3.432240e-01
421 6.550200e-01 1.440000e-03 3.435400e-01
422 6.547840e-01 1.372000e-03 3.438440e-01
423 6.545480e-01 1.380000e-03 3.440720e-01
424 6.542680e-01 1.380000e-03 3.443520e-01
425 6.540680e-01 1.308000e-03 3.446240e-01
426 6.538200e-01 1.308000e-03 3.448720e-01
427 6.536400e-01 1.300000e-03 3.450600e-01
428 6.534400e-01 1.272000e-03 3.452880e-01
429 6.532480e-01 1.248000e-03 3.455040e-01
430 6.530120e-01 1.252000e-03 3.457360e-01
431 6.527880e-01 1.264000e-03 3.459480e-01
432 6.526320e-01 1.188000e-03 3.461800e-01
433 6.524240e-01 1.196000e-03 3.463800e-01
434 6.522040e-01 1.228000e-03 3.465680e-01
435 6.520160e-01 1.180000e-03 3.468040e-01
436 6.518720e-01 1.128000e-03 3.470000e-01
437 6.517320e-01 1.072000e-03 3.471960e-01
438 6.515960e-01 1.008000e-03 3.473960e-01
439 6.514440e-01 9.880000e-04 3.475680e-01
440 6.513480e-01 9.240000e-04 3.477280e-01
441 6.511720e-01 9.000000e-04 3.479280e-01
442 6.510400e-01 9.040000e-04 3.480560e-01
443 6.508800e-01 8.920000e-04 3.482280e-01
444 6.507480e-01 8.920000e-04 3.483600e-01
445 6.506200e-01 8.640000e-04 3.485160e-01
446 6.505080e-01 7.880000e-04 3.487040e-01
447 6.503960e-01 7.640000e-04 3.488400e-01
448 6.503080e-01 7.440000e-04 3.489480e-01
449 6.502080e-01 7.280000e-04 3.490640e-01
450 6.501120e-01 6.920000e-04 3.491960e-01
451 6.500160e-01 6.640000e-04 3.493200e-01
452 6.499360e-01 6.240000e-04 3.494400e-01
453 6.498400e-01 6.200000e-04 3.495400e-01
454 6.497440e-01 6.080000e-04 3.496480e-01
455 6.496600e-01 5.920000e-04 3.497480e-01
456 6.495120e-01 6.400000e-04 3.498480e-01
457 6.494200e-01 6.080000e-04 3.499720e-01
458 6.493120e-01 5.840000e-04 3.501040e-01
459 6.492120e-01 5.560000e-04 3.502320e-01
460 6.491280e-01 5.520000e-04 3.503200e-01
461 6.490560e-01 5.160000e-04 3.504280e-01
462 6.489400e-01 5.480000e-04 3.505120e-01
463 6.488400e-01 5.240000e-04 3.506360e-01
464 6.487400e-01 5.400000e-04 3.507200e-01
465 6.486520e-01 5.160000e-04 3.508320e-01
466 6.484960e-01 5.960000e-04 3.509080e-01
467 6.483640e-01 6.320000e-04 3.510040e-01
468 6.482440e-01 6.280000e-04 3.511280e-01
469 6.481400e-01 6.200000e-04 3.512400e-01
470 6.479880e-01 7.200000e-04 3.512920e-01
471 6.478720e-01 6.840000e-04 3.514440e-01
472 6.477960e-01 6.440000e-04 3.515600e-01
473 6.476760e-01 6.320000e-04 3.516920e-01
474 6.475720e-01 6.040000e-04 3.518240e-01
475 6.474680e-01 5.920000e-04 3.519400e-01
476 6.473880e-01 5.680000e-04 3.520440e-01
477 6.473560e-01 4.960000e-04 3.521480e-01
478 6.472480e-01 5.000000e-04 3.522520e-01
479 6.471960e-01 4.600000e-04 3.523440e-01
480 6.471360e-01 4.640000e-04 3.524000e-01
481 6.470680e-01 4.600000e-04 3.524720e-01
482 6.470240e-01 4.240000e-04 3.525520e-01
483 6.469640e-01 4.280000e-04 3.526080e-01
484 6.468880e-01 4.480000e-04 3.526640e-01
485 6.468240e-01 4.440000e-04 3.527320e-01
486 6.467720e-01 4.160000e-04 3.528120e-01
487 6.467360e-01 3.880000e-04 3.528760e-01
488 6.467000e-01 3.520000e-04 3.529480e-01
489 6.466480e-01 3.400000e-04 3.530120e-01
490 6.465960e-01 3.320000e-04 3.530720e-01
491 6.465640e-01 3.000000e-04 3.531360e-01
492 6.465040e-01 3.120000e-04 3.531840e-01
493 6.464480e-01 2.960000e-04 3.532560e-01
494 6.463760e-01 2.680000e-04 3.533560e-01
495 6.463200e-01 2.680000e-04 3.534120e-01
496 6.462680e-01 2.800000e-04 3.534520e-01
497 6.462000e-01 2.800000e-04 3.535200e-01
498 6.461160e-01 3.200000e-04 3.535640e-01
499 6.460680e-01 3.120000e-04 3.536200e-01
500 6.459920e-01 3.520000e-04 3.536560e-01
