1 9.992040e-01 6.680000e-04 1.280000e-04
2 9.987400e-01 9.520000e-04 3.080000e-04
3 9.982440e-01 1.240000e-03 5.160000e-04
4 9.975320e-01 1.744000e-03 7.240000e-04
5 9.968760e-01 2.004000e-03 1.120000e-03
6 9.960120e-01 2.472000e-03 1.516000e-03
7 9.952160e-01 2.884000e-03 1.900000e-03
8 9.942720e-01 3.236000e-03 2.492000e-03
9 9.933440e-01 3.596000e-03 3.060000e-03
10 9.924000e-01 3.892000e-03 3.708000e-03
11 9.914440e-01 4.148000e-03 4.408000e-03
12 9.904880e-01 4.356000e-03 5.156000e-03
13 9.894960e-01 4.528000e-03 5.976000e-03
14 9.883440e-01 4.948000e-03 6.708000e-03
15 9.872960e-01 5.144000e-03 7.560000e-03
16 9.862240e-01 5.252000e-03 8.524000e-03
17 9.851920e-01 5.436000e-03 9.372000e-03
18 9.841080e-01 5.508000e-03 1.038400e-02
19 9.831000e-01 5.572000e-03 1.132800e-02
20 9.818880e-01 5.756000e-03 1.235600e-02
21 9.805960e-01 6.072000e-03 1.333200e-02
22 9.794640e-01 6.068000e-03 1.446800e-02
23 9.780920e-01 6.424000e-03 1.548400e-02
24 9.767360e-01 6.808000e-03 1.645600e-02
25 9.753800e-01 7.032000e-03 1.758800e-02
26 9.740000e-01 7.108000e-03 1.889200e-02
27 9.726360e-01 7.184000e-03 2.018000e-02
28 9.711720e-01 7.356000e-03 2.147200e-02
29 9.698760e-01 7.452000e-03 2.267200e-02
30 9.684000e-01 7.588000e-03 2.401200e-02
31 9.668720e-01 7.848000e-03 2.528000e-02
32 9.656080e-01 7.664000e-03 2.672800e-02
33 9.642320e-01 7.580000e-03 2.818800e-02
34 9.628000e-01 7.720000e-03 2.948000e-02
35 9.613320e-01 7.872000e-03 3.079600e-02
36 9.598880e-01 7.872000e-03 3.224000e-02
37 9.584400e-01 7.836000e-03 3.372400e-02
38 9.571360e-01 7.836000e-03 3.502800e-02
39 9.557160e-01 7.888000e-03 3.639600e-02
40 9.543360e-01 7.800000e-03 3.786400e-02
41 9.530280e-01 7.736000e-03 3.923600e-02
42 9.515480e-01 7.848000e-03 4.060400e-02
43 9.501000e-01 7.808000e-03 4.209200e-02
44 9.487240e-01 7.876000e-03 4.340000e-02
45 9.473320e-01 7.880000e-03 4.478800e-02
46 9.459400e-01 7.904000e-03 4.615600e-02
47 9.444240e-01 8.028000e-03 4.754800e-02
48 9.428200e-01 8.292000e-03 4.888800e-02
49 9.413520e-01 8.400000e-03 5.024800e-02
50 9.398720e-01 8.372000e-03 5.175600e-02
51 9.384800e-01 8.284000e-03 5.323600e-02
52 9.369200e-01 8.344000e-03 5.473600e-02
53 9.355120e-01 8.256000e-03 5.623200e-02
54 9.341240e-01 8.232000e-03 5.764400e-02
55 9.326120e-01 8.268000e-03 5.912000e-02
56 9.312360e-01 8.352000e-03 6.041200e-02
57 9.297080e-01 8.456000e-03 6.183600e-02
58 9.280320e-01 8.664000e-03 6.330400e-02
59 9.264880e-01 8.820000e-03 6.469200e-02
60 9.248600e-01 8.860000e-03 6.628000e-02
61 9.232640e-01 8.904000e-03 6.783200e-02
62 9.216200e-01 8.968000e-03 6.941200e-02
63 9.199120e-01 9.200000e-03 7.088800e-02
64 9.183600e-01 9.244000e-03 7.239600e-02
65 9.167560e-01 9.172000e-03 7.407200e-02
66 9.151880e-01 9.120000e-03 7.569200e-02
67 9.134920e-01 9.176000e-03 7.733200e-02
68 9.119080e-01 9.216000e-03 7.887600e-02
69 9.102920e-01 9.168000e-03 8.054000e-02
70 9.089240e-01 9.040000e-03 8.203600e-02
71 9.074680e-01 8.980000e-03 8.355200e-02
72 9.062000e-01 8.628000e-03 8.517200e-02
73 9.048840e-01 8.420000e-03 8.669600e-02
74 9.034760e-01 8.400000e-03 8.812400e-02
75 9.019840e-01 8.380000e-03 8.963600e-02
76 9.004840e-01 8.384000e-03 9.113200e-02
77 8.991000e-01 8.244000e-03 9.265600e-02
78 8.977040e-01 8.244000e-03 9.405200e-02
79 8.963120e-01 8.164000e-03 9.552400e-02
80 8.949680e-01 8.060000e-03 9.697200e-02
81 8.935680e-01 7.892000e-03 9.854000e-02
82 8.921880e-01 7.920000e-03 9.989200e-02
83 8.907800e-01 7.872000e-03 1.013480e-01
84 8.892880e-01 7.884000e-03 1.028280e-01
85 8.879640e-01 7.844000e-03 1.041920e-01
86 8.866800e-01 7.752000e-03 1.055680e-01
87 8.853840e-01 7.580000e-03 1.070360e-01
88 8.841440e-01 7.568000e-03 1.082880e-01
89 8.828760e-01 7.504000e-03 1.096200e-01
90 8.815800e-01 7.460000e-03 1.109600e-01
91 8.803280e-01 7.384000e-03 1.122880e-01
92 8.791680e-01 7.304000e-03 1.135280e-01
93 8.779680e-01 7.336000e-03 1.146960e-01
94 8.768880e-01 7.184000e-03 1.159280e-01
95 8.757240e-01 7.020000e-03 1.172560e-01
96 8.745120e-01 7.096000e-03 1.183920e-01
97 8.731800e-01 7.128000e-03 1.196920e-01
98 8.719600e-01 7.088000e-03 1.209520e-01
99 8.707600e-01 7.140000e-03 1.221000e-01
100 8.695720e-01 7.012000e-03 1.234160e-01
101 8.683000e-01 7.008000e-03 1.246920e-01
102 8.670120e-01 7.076000e-03 1.259120e-01
103 8.657240e-01 7.100000e-03 1.271760e-01
104 8.644360e-01 7.184000e-03 1.283800e-01
105 8.632840e-01 6.920000e-03 1.297960e-01
106 8.620600e-01 6.884000e-03 1.310560e-01
107 8.608280e-01 6.932000e-03 1.322400e-01
108 8.594920e-01 7.036000e-03 1.334720e-01
109 8.582080e-01 7.064000e-03 1.347280e-01
110 8.570640e-01 6.944000e-03 1.359920e-01
111 8.558240e-01 6.904000e-03 1.372720e-01
112 8.546960e-01 6.884000e-03 1.384200e-01
113 8.534920e-01 6.900000e-03 1.396080e-01
114 8.522080e-01 7.004000e-03 1.407880e-01
115 8.509520e-01 7.064000e-03 1.419840e-01
116 8.496440e-01 7.168000e-03 1.431880e-01
117 8.483640e-01 7.260000e-03 1.443760e-01
118 8.471920e-01 7.228000e-03 1.455800e-01
119 8.457640e-01 7.388000e-03 1.468480e-01
120 8.443040e-01 7.504000e-03 1.481920e-01
121 8.429280e-01 7.560000e-03 1.495120e-01
122 8.415120e-01 7.636000e-03 1.508520e-01
123 8.402320e-01 7.616000e-03 1.521520e-01
124 8.389920e-01 7.572000e-03 1.534360e-01
125 8.377240e-01 7.472000e-03 1.548040e-01
126 8.365360e-01 7.392000e-03 1.560720e-01
127 8.351680e-01 7.380000e-03 1.574520e-01
128 8.338480e-01 7.536000e-03 1.586160e-01
129 8.325480e-01 7.520000e-03 1.599320e-01
130 8.312640e-01 7.528000e-03 1.612080e-01
131 8.300640e-01 7.436000e-03 1.625000e-01
132 8.288320e-01 7.412000e-03 1.637560e-01
133 8.274160e-01 7.520000e-03 1.650640e-01
134 8.261640e-01 7.452000e-03 1.663840e-01
135 8.248600e-01 7.388000e-03 1.677520e-01
136 8.236360e-01 7.408000e-03 1.689560e-01
137 8.222920e-01 7.564000e-03 1.701440e-01
138 8.210320e-01 7.548000e-03 1.714200e-01
139 8.197640e-01 7.504000e-03 1.727320e-01
140 8.182840e-01 7.648000e-03 1.740680e-01
141 8.169880e-01 7.684000e-03 1.753280e-01
142 8.156560e-01 7.688000e-03 1.766560e-01
143 8.144800e-01 7.536000e-03 1.779840e-01
144 8.132640e-01 7.448000e-03 1.792880e-01
145 8.119520e-01 7.532000e-03 1.805160e-01
146 8.107680e-01 7.504000e-03 1.817280e-01
147 8.095560e-01 7.348000e-03 1.830960e-01
148 8.083160e-01 7.268000e-03 1.844160e-01
149 8.071840e-01 7.320000e-03 1.854960e-01
150 8.059560e-01 7.264000e-03 1.867800e-01
151 8.047400e-01 7.280000e-03 1.879800e-01
152 8.036600e-01 7.112000e-03 1.892280e-01
153 8.024600e-01 7.116000e-03 1.904240e-01
154 8.012920e-01 7.092000e-03 1.916160e-01
155 8.001360e-01 7.000000e-03 1.928640e-01
156 7.988240e-01 7.120000e-03 1.940560e-01
157 7.975960e-01 7.072000e-03 1.953320e-01
158 7.964720e-01 6.948000e-03 1.965800e-01
159 7.954280e-01 6.840000e-03 1.977320e-01
160 7.943480e-01 6.580000e-03 1.990720e-01
161 7.932520e-01 6.436000e-03 2.003120e-01
162 7.922840e-01 6.360000e-03 2.013560e-01
163 7.911960e-01 6.292000e-03 2.025120e-01
164 7.898640e-01 6.596000e-03 2.035400e-01
165 7.887400e-01 6.532000e-03 2.047280e-01
166 7.876000e-01 6.512000e-03 2.058880e-01
167 7.864520e-01 6.492000e-03 2.070560e-01
168 7.853400e-01 6.484000e-03 2.081760e-01
169 7.841040e-01 6.568000e-03 2.093280e-01
170 7.829760e-01 6.480000e-03 2.105440e-01
171 7.817640e-01 6.664000e-03 2.115720e-01
172 7.806400e-01 6.692000e-03 2.126680e-01
173 7.793720e-01 6.780000e-03 2.138480e-01
174 7.782880e-01 6.716000e-03 2.149960e-01
175 7.771000e-01 6.720000e-03 2.161800e-01
176 7.759400e-01 6.664000e-03 2.173960e-01
177 7.747240e-01 6.696000e-03 2.185800e-01
178 7.736480e-01 6.556000e-03 2.197960e-01
179 7.725720e-01 6.532000e-03 2.208960e-01
180 7.715160e-01 6.556000e-03 2.219280e-01
181 7.706480e-01 6.176000e-03 2.231760e-01
182 7.696760e-01 5.936000e-03 2.243880e-01
183 7.688160e-01 5.708000e-03 2.254760e-01
184 7.678600e-01 5.684000e-03 2.264560e-01
185 7.669760e-01 5.520000e-03 2.275040e-01
186 7.660520e-01 5.504000e-03 2.284440e-01
187 7.651320e-01 5.536000e-03 2.293320e-01
188 7.641920e-01 5.508000e-03 2.303000e-01
189 7.632480e-01 5.484000e-03 2.312680e-01
190 7.623880e-01 5.364000e-03 2.322480e-01
191 7.615000e-01 5.356000e-03 2.331440e-01
192 7.607080e-01 5.284000e-03 2.340080e-01
193 7.598400e-01 5.176000e-03 2.349840e-01
194 7.589600e-01 5.144000e-03 2.358960e-01
195 7.581040e-01 5.168000e-03 2.367280e-01
196 7.570680e-01 5.304000e-03 2.376280e-01
197 7.560760e-01 5.372000e-03 2.385520e-01
198 7.551840e-01 5.220000e-03 2.395960e-01
199 7.543520e-01 5.184000e-03 2.404640e-01
200 7.535760e-01 5.148000e-03 2.412760e-01
201 7.526280e-01 5.208000e-03 2.421640e-01
202 7.517800e-01 5.196000e-03 2.430240e-01
203 7.508240e-01 5.272000e-03 2.439040e-01
204 7.500080e-01 5.148000e-03 2.448440e-01
205 7.491400e-01 5.120000e-03 2.457400e-01
206 7.483320e-01 5.164000e-03 2.465040e-01
207 7.474920e-01 5.076000e-03 2.474320e-01
208 7.468080e-01 4.864000e-03 2.483280e-01
209 7.460920e-01 4.736000e-03 2.491720e-01
210 7.453640e-01 4.688000e-03 2.499480e-01
211 7.446440e-01 4.676000e-03 2.506800e-01
212 7.437800e-01 4.712000e-03 2.515080e-01
213 7.430720e-01 4.612000e-03 2.523160e-01
214 7.423800e-01 4.508000e-03 2.531120e-01
215 7.416360e-01 4.488000e-03 2.538760e-01
216 7.409240e-01 4.376000e-03 2.547000e-01
217 7.401440e-01 4.568000e-03 2.552880e-01
218 7.394840e-01 4.496000e-03 2.560200e-01
219 7.386840e-01 4.440000e-03 2.568760e-01
220 7.379080e-01 4.484000e-03 2.576080e-01
221 7.371800e-01 4.416000e-03 2.584040e-01
222 7.364120e-01 4.488000e-03 2.591000e-01
223 7.356840e-01 4.460000e-03 2.598560e-01
224 7.349000e-01 4.468000e-03 2.606320e-01
225 7.342320e-01 4.360000e-03 2.614080e-01
226 7.335000e-01 4.416000e-03 2.620840e-01
227 7.328720e-01 4.288000e-03 2.628400e-01
228 7.320920e-01 4.260000e-03 2.636480e-01
229 7.314160e-01 4.208000e-03 2.643760e-01
230 7.307440e-01 4.188000e-03 2.650680e-01
231 7.300360e-01 4.100000e-03 2.658640e-01
232 7.293640e-01 4.108000e-03 2.665280e-01
233 7.287080e-01 4.032000e-03 2.672600e-01
234 7.278800e-01 4.104000e-03 2.680160e-01
235 7.271760e-01 4.096000e-03 2.687280e-01
236 7.263840e-01 4.220000e-03 2.693960e-01
237 7.256880e-01 4.204000e-03 2.701080e-01
238 7.249320e-01 4.284000e-03 2.707840e-01
239 7.242880e-01 4.252000e-03 2.714600e-01
240 7.235200e-01 4.364000e-03 2.721160e-01
241 7.228200e-01 4.324000e-03 2.728560e-01
242 7.221200e-01 4.204000e-03 2.736760e-01
243 7.214840e-01 4.164000e-03 2.743520e-01
244 7.206920e-01 4.280000e-03 2.750280e-01
245 7.199360e-01 4.204000e-03 2.758600e-01
246 7.192280e-01 4.188000e-03 2.765840e-01
247 7.185600e-01 4.132000e-03 2.773080e-01
248 7.178680e-01 4.028000e-03 2.781040e-01
249 7.171920e-01 3.976000e-03 2.788320e-01
250 7.165440e-01 3.880000e-03 2.795760e-01
251 7.158360e-01 4.004000e-03 2.801600e-01
252 7.150760e-01 4.080000e-03 2.808440e-01
253 7.144280e-01 4.004000e-03 2.815680e-01
254 7.137440e-01 4.040000e-03 2.822160e-01
255 7.130680e-01 3.972000e-03 2.829600e-01
256 7.124800e-01 3.856000e-03 2.836640e-01
257 7.118360e-01 3.824000e-03 2.843400e-01
258 7.112920e-01 3.680000e-03 2.850280e-01
259 7.106760e-01 3.656000e-03 2.856680e-01
260 7.100200e-01 3.668000e-03 2.863120e-01
261 7.093480e-01 3.652000e-03 2.870000e-01
262 7.087760e-01 3.508000e-03 2.877160e-01
263 7.082480e-01 3.456000e-03 2.882960e-01
264 7.076480e-01 3.456000e-03 2.888960e-01
265 7.070560e-01 3.408000e-03 2.895360e-01
266 7.064080e-01 3.400000e-03 2.901920e-01
267 7.056720e-01 3.472000e-03 2.908560e-01
268 7.051000e-01 3.448000e-03 2.914520e-01
269 7.044160e-01 3.500000e-03 2.920840e-01
270 7.038760e-01 3.420000e-03 2.927040e-01
271 7.033720e-01 3.440000e-03 2.931880e-01
272 7.028480e-01 3.392000e-03 2.937600e-01
273 7.022160e-01 3.468000e-03 2.943160e-01
274 7.016080e-01 3.416000e-03 2.949760e-01
275 7.011240e-01 3.312000e-03 2.955640e-01
276 7.005960e-01 3.212000e-03 2.961920e-01
277 7.000760e-01 3.244000e-03 2.966800e-01
278 6.996120e-01 3.152000e-03 2.972360e-01
279 6.991080e-01 3.108000e-03 2.977840e-01
280 6.986440e-01 3.016000e-03 2.983400e-01
281 6.981920e-01 2.988000e-03 2.988200e-01
282 6.976640e-01 3.004000e-03 2.993320e-01
283 6.972040e-01 2.924000e-03 2.998720e-01
284 6.966680e-01 2.920000e-03 3.004120e-01
285 6.962560e-01 2.884000e-03 3.008600e-01
286 6.956680e-01 2.952000e-03 3.013800e-01
287 6.951240e-01 2.916000e-03 3.019600e-01
288 6.945880e-01 2.924000e-03 3.024880e-01
289 6.941280e-01 2.940000e-03 3.029320e-01
290 6.936240e-01 2.912000e-03 3.034640e-01
291 6.931520e-01 2.868000e-03 3.039800e-01
292 6.926920e-01 2.884000e-03 3.044240e-01
293 6.921560e-01 2.948000e-03 3.048960e-01
294 6.916920e-01 2.892000e-03 3.054160e-01
295 6.912120e-01 2.868000e-03 3.059200e-01
296 6.906440e-01 2.924000e-03 3.064320e-01
297 6.900920e-01 2.884000e-03 3.070240e-01
298 6.896240e-01 2.816000e-03 3.075600e-01
299 6.892040e-01 2.696000e-03 3.081000e-01
300 6.887640e-01 2.636000e-03 3.086000e-01
301 6.883640e-01 2.556000e-03 3.090800e-01
302 6.879240e-01 2.604000e-03 3.094720e-01
303 6.874920e-01 2.612000e-03 3.098960e-01
304 6.870080e-01 2.644000e-03 3.103480e-01
305 6.865000e-01 2.668000e-03 3.108320e-01
306 6.859880e-01 2.736000e-03 3.112760e-01
307 6.854640e-01 2.748000e-03 3.117880e-01
308 6.849640e-01 2.792000e-03 3.122440e-01
309 6.845240e-01 2.736000e-03 3.127400e-01
310 6.840560e-01 2.700000e-03 3.132440e-01
311 6.835520e-01 2.712000e-03 3.137360e-01
312 6.832080e-01 2.564000e-03 3.142280e-01
313 6.828160e-01 2.488000e-03 3.146960e-01
314 6.823680e-01 2.480000e-03 3.151520e-01
315 6.819840e-01 2.420000e-03 3.155960e-01
316 6.815840e-01 2.408000e-03 3.160080e-01
317 6.811600e-01 2.384000e-03 3.164560e-01
318 6.807280e-01 2.388000e-03 3.168840e-01
319 6.803320e-01 2.376000e-03 3.172920e-01
320 6.799400e-01 2.308000e-03 3.177520e-01
321 6.795080e-01 2.356000e-03 3.181360e-01
322 6.791040e-01 2.348000e-03 3.185480e-01
323 6.787360e-01 2.316000e-03 3.189480e-01
324 6.783360e-01 2.268000e-03 3.193960e-01
325 6.778800e-01 2.320000e-03 3.198000e-01
326 6.775720e-01 2.120000e-03 3.203080e-01
327 6.772240e-01 2.100000e-03 3.206760e-01
328 6.768200e-01 2.112000e-03 3.210680e-01
329 6.764560e-01 2.044000e-03 3.215000e-01
330 6.761000e-01 2.024000e-03 3.218760e-01
331 6.757400e-01 2.024000e-03 3.222360e-01
332 6.754280e-01 1.988000e-03 3.225840e-01
333 6.750880e-01 2.004000e-03 3.229080e-01
334 6.747560e-01 1.932000e-03 3.233120e-01
335 6.744600e-01 1.888000e-03 3.236520e-01
336 6.741320e-01 1.904000e-03 3.239640e-01
337 6.738160e-01 1.876000e-03 3.243080e-01
338 6.734040e-01 2.028000e-03 3.245680e-01
339 6.730320e-01 2.048000e-03 3.249200e-01
340 6.727440e-01 1.924000e-03 3.253320e-01
341 6.723720e-01 1.992000e-03 3.256360e-01
342 6.719880e-01 1.980000e-03 3.260320e-01
343 6.716080e-01 1.956000e-03 3.264360e-01
344 6.712720e-01 1.968000e-03 3.267600e-01
345 6.709680e-01 1.932000e-03 3.271000e-01
346 6.706440e-01 1.912000e-03 3.274440e-01
347 6.702920e-01 1.908000e-03 3.278000e-01
348 6.699680e-01 1.908000e-03 3.281240e-01
349 6.695600e-01 2.000000e-03 3.284400e-01
350 6.692560e-01 1.988000e-03 3.287560e-01
351 6.688400e-01 2.116000e-03 3.290440e-01
352 6.685040e-01 2.108000e-03 3.293880e-01
353 6.681560e-01 2.116000e-03 3.297280e-01
354 6.678240e-01 2.104000e-03 3.300720e-01
355 6.674840e-01 2.060000e-03 3.304560e-01
356 6.671520e-01 2.048000e-03 3.308000e-01
357 6.667760e-01 1.996000e-03 3.312280e-01
358 6.664320e-01 1.988000e-03 3.315800e-01
359 6.660760e-01 2.020000e-03 3.319040e-01
360 6.657600e-01 2.024000e-03 3.322160e-01
361 6.654640e-01 1.996000e-03 3.325400e-01
362 6.651040e-01 1.988000e-03 3.329080e-01
363 6.648320e-01 1.876000e-03 3.332920e-01
364 6.645200e-01 1.876000e-03 3.336040e-01
365 6.642600e-01 1.728000e-03 3.340120e-01
366 6.639200e-01 1.712000e-03 3.343680e-01
367 6.636160e-01 1.688000e-03 3.346960e-01
368 6.633400e-01 1.668000e-03 3.349920e-01
369 6.631000e-01 1.660000e-03 3.352400e-01
370 6.627840e-01 1.676000e-03 3.355400e-01
371 6.624880e-01 1.704000e-03 3.358080e-01
372 6.621640e-01 1.764000e-03 3.360720e-01
373 6.618520e-01 1.748000e-03 3.364000e-01
374 6.615360e-01 1.796000e-03 3.366680e-01
375 6.612760e-01 1.776000e-03 3.369480e-01
376 6.610040e-01 1.720000e-03 3.372760e-01
377 6.606440e-01 1.776000e-03 3.375800e-01
378 6.603440e-01 1.752000e-03 3.379040e-01
379 6.600000e-01 1.744000e-03 3.382560e-01
380 6.597320e-01 1.752000e-03 3.385160e-01
381 6.594120e-01 1.724000e-03 3.388640e-01
382 6.590600e-01 1.768000e-03 3.391720e-01
383 6.587320e-01 1.824000e-03 3.394440e-01
384 6.584240e-01 1.768000e-03 3.398080e-01
385 6.580680e-01 1.760000e-03 3.401720e-01
386 6.577320e-01 1.760000e-03 3.405080e-01
387 6.574320e-01 1.756000e-03 3.408120e-01
388 6.571000e-01 1.788000e-03 3.411120e-01
389 6.567160e-01 1.836000e-03 3.414480e-01
390 6.564120e-01 1.820000e-03 3.417680e-01
391 6.561200e-01 1.824000e-03 3.420560e-01
392 6.558000e-01 1.840000e-03 3.423600e-01
393 6.554760e-01 1.888000e-03 3.426360e-01
394 6.551640e-01 1.896000e-03 3.429400e-01
395 6.547680e-01 1.996000e-03 3.432360e-01
396 6.543880e-01 1.968000e-03 3.436440e-01
397 6.540000e-01 1.992000e-03 3.440080e-01
398 6.536360e-01 2.048000e-03 3.443160e-01
399 6.531560e-01 2.164000e-03 3.446800e-01
400 6.528160e-01 2.128000e-03 3.450560e-01
401 6.524680e-01 2.084000e-03 3.454480e-01
402 6.521120e-01 2.048000e-03 3.458400e-01
403 6.518480e-01 1.948000e-03 3.462040e-01
404 6.515920e-01 1.896000e-03 3.465120e-01
405 6.512360e-01 1.908000e-03 3.468560e-01
406 6.509560e-01 1.852000e-03 3.471920e-01
407 6.506960e-01 1.764000e-03 3.475400e-01
408 6.503960e-01 1.740000e-03 3.478640e-01
409 6.500920e-01 1.744000e-03 3.481640e-01
410 6.497600e-01 1.756000e-03 3.484840e-01
411 6.494720e-01 1.696000e-03 3.488320e-01
412 6.492480e-01 1.580000e-03 3.491720e-01
413 6.489560e-01 1.560000e-03 3.494840e-01
414 6.486480e-01 1.580000e-03 3.497720e-01
415 6.483080e-01 1.640000e-03 3.500520e-01
416 6.480000e-01 1.668000e-03 3.503320e-01
417 6.477160e-01 1.664000e-03 3.506200e-01
418 6.474080e-01 1.640000e-03 3.509520e-01
419 6.470840e-01 1.680000e-03 3.512360e-01
420 6.467600e-01 1.756000e-03 3.514840e-01
421 6.464200e-01 1.824000e-03 3.517560e-01
422 6.460720e-01 1.856000e-03 3.520720e-01
423 6.457040e-01 1.852000e-03 3.524440e-01
424 6.453680e-01 1.916000e-03 3.527160e-01
425 6.451080e-01 1.840000e-03 3.530520e-01
426 6.448320e-01 1.800000e-03 3.533680e-01
427 6.445600e-01 1.736000e-03 3.537040e-01
428 6.442760e-01 1.724000e-03 3.540000e-01
429 6.440400e-01 1.632000e-03 3.543280e-01
430 6.438040e-01 1.552000e-03 3.546440e-01
431 6.435400e-01 1.536000e-03 3.549240e-01
432 6.432440e-01 1.588000e-03 3.551680e-01
433 6.429400e-01 1.608000e-03 3.554520e-01
434 6.426720e-01 1.560000e-03 3.557680e-01
435 6.424000e-01 1.596000e-03 3.560040e-01
436 6.421240e-01 1.592000e-03 3.562840e-01
437 6.418400e-01 1.564000e-03 3.565960e-01
438 6.415760e-01 1.556000e-03 3.568680e-01
439 6.412800e-01 1.552000e-03 3.571680e-01
440 6.409560e-01 1.632000e-03 3.574120e-01
441 6.406320e-01 1.672000e-03 3.576960e-01
442 6.403040e-01 1.776000e-03 3.579200e-01
443 6.399360e-01 1.844000e-03 3.582200e-01
444 6.396240e-01 1.824000e-03 3.585520e-01
445 6.393800e-01 1.708000e-03 3.589120e-01
446 6.390800e-01 1.712000e-03 3.592080e-01
447 6.388040e-01 1.724000e-03 3.594720e-01
448 6.385280e-01 1.716000e-03 3.597560e-01
449 6.382280e-01 1.768000e-03 3.600040e-01
450 6.379440e-01 1.760000e-03 3.602960e-01
451 6.377520e-01 1.672000e-03 3.605760e-01
452 6.375160e-01 1.640000e-03 3.608440e-01
453 6.373120e-01 1.640000e-03 3.610480e-01
454 6.370520e-01 1.608000e-03 3.613400e-01
455 6.367840e-01 1.640000e-03 3.615760e-01
456 6.365080e-01 1.664000e-03 3.618280e-01
457 6.362880e-01 1.636000e-03 3.620760e-01
458 6.360200e-01 1.616000e-03 3.623640e-01
459 6.357600e-01 1.616000e-03 3.626240e-01
460 6.355920e-01 1.516000e-03 3.628920e-01
461 6.353280e-01 1.524000e-03 3.631480e-01
462 6.351600e-01 1.420000e-03 3.634200e-01
463 6.349800e-01 1.388000e-03 3.636320e-01
464 6.347920e-01 1.344000e-03 3.638640e-01
465 6.345200e-01 1.336000e-03 3.641440e-01
466 6.342960e-01 1.356000e-03 3.643480e-01
467 6.341000e-01 1.268000e-03 3.646320e-01
468 6.339520e-01 1.204000e-03 3.648440e-01
469 6.337200e-01 1.276000e-03 3.650040e-01
470 6.335080e-01 1.264000e-03 3.652280e-01
471 6.332800e-01 1.240000e-03 3.654800e-01
472 6.331040e-01 1.192000e-03 3.657040e-01
473 6.329040e-01 1.124000e-03 3.659720e-01
474 6.327320e-01 1.064000e-03 3.662040e-01
475 6.325440e-01 1.096000e-03 3.663600e-01
476 6.323440e-01 1.108000e-03 3.665480e-01
477 6.321760e-01 1.100000e-03 3.667240e-01
478 6.320040e-01 1.044000e-03 3.669520e-01
479 6.318120e-01 1.016000e-03 3.671720e-01
480 6.316280e-01 1.032000e-03 3.673400e-01
481 6.313960e-01 1.080000e-03 3.675240e-01
482 6.312040e-01 1.104000e-03 3.676920e-01
483 6.309480e-01 1.172000e-03 3.678800e-01
484 6.307760e-01 1.136000e-03 3.680880e-01
485 6.306000e-01 1.132000e-03 3.682680e-01
486 6.304120e-01 1.120000e-03 3.684680e-01
487 6.301680e-01 1.144000e-03 3.686880e-01
488 6.299880e-01 1.100000e-03 3.689120e-01
489 6.298640e-01 1.084000e-03 3.690520e-01
490 6.297320e-01 9.920000e-04 3.692760e-01
491 6.295520e-01 1.016000e-03 3.694320e-01
492 6.293960e-01 1.004000e-03 3.696000e-01
493 6.292320e-01 9.560000e-04 3.698120e-01
494 6.290360e-01 9.680000e-04 3.699960e-01
495 6.288520e-01 9.920000e-04 3.701560e-01
496 6.286920e-01 9.760000e-04 3.703320e-01
497 6.285320e-01 9.600000e-04 3.705080e-01
498 6.283640e-01 9.160000e-04 3.707200e-01
499 6.282040e-01 9.440000e-04 3.708520e-01
500 6.280000e-01 1.008000e-03 3.709920e-01
