1 9.992200e-01 6.560000e-04 1.240000e-04
2 9.988080e-01 9.240000e-04 2.680000e-04
3 9.982080e-01 1.364000e-03 4.280000e-04
4 9.974960e-01 1.772000e-03 7.320000e-04
5 9.966600e-01 2.260000e-03 1.080000e-03
6 9.958280e-01 2.656000e-03 1.516000e-03
7 9.949720e-01 2.964000e-03 2.064000e-03
8 9.940280e-01 3.364000e-03 2.608000e-03
9 9.931440e-01 3.576000e-03 3.280000e-03
10 9.922640e-01 3.840000e-03 3.896000e-03
11 9.912760e-01 4.112000e-03 4.612000e-03
12 9.901520e-01 4.444000e-03 5.404000e-03
13 9.892120e-01 4.516000e-03 6.272000e-03
14 9.882080e-01 4.752000e-03 7.040000e-03
15 9.870720e-01 5.076000e-03 7.852000e-03
16 9.859480e-01 5.396000e-03 8.656000e-03
17 9.847000e-01 5.720000e-03 9.580000e-03
18 9.833840e-01 5.988000e-03 1.062800e-02
19 9.821680e-01 6.228000e-03 1.160400e-02
20 9.808680e-01 6.412000e-03 1.272000e-02
21 9.795600e-01 6.556000e-03 1.388400e-02
22 9.783600e-01 6.600000e-03 1.504000e-02
23 9.771280e-01 6.644000e-03 1.622800e-02
24 9.758920e-01 6.796000e-03 1.731200e-02
25 9.744920e-01 6.932000e-03 1.857600e-02
26 9.730600e-01 7.128000e-03 1.981200e-02
27 9.714520e-01 7.572000e-03 2.097600e-02
28 9.698040e-01 7.916000e-03 2.228000e-02
29 9.681720e-01 8.200000e-03 2.362800e-02
30 9.665000e-01 8.396000e-03 2.510400e-02
31 9.648320e-01 8.576000e-03 2.659200e-02
32 9.632360e-01 8.600000e-03 2.816400e-02
33 9.617480e-01 8.504000e-03 2.974800e-02
34 9.600880e-01 8.752000e-03 3.116000e-02
35 9.582400e-01 9.108000e-03 3.265200e-02
36 9.565360e-01 9.192000e-03 3.427200e-02
37 9.547840e-01 9.488000e-03 3.572800e-02
38 9.529400e-01 9.652000e-03 3.740800e-02
39 9.512360e-01 9.660000e-03 3.910400e-02
40 9.492800e-01 9.992000e-03 4.072800e-02
41 9.473560e-01 1.025200e-02 4.239200e-02
42 9.453480e-01 1.040400e-02 4.424800e-02
43 9.436040e-01 1.044400e-02 4.595200e-02
44 9.417160e-01 1.052000e-02 4.776400e-02
45 9.400240e-01 1.044800e-02 4.952800e-02
46 9.382720e-01 1.040000e-02 5.132800e-02
47 9.362400e-01 1.061600e-02 5.314400e-02
48 9.341880e-01 1.068800e-02 5.512400e-02
49 9.321360e-01 1.088400e-02 5.698000e-02
50 9.302480e-01 1.094800e-02 5.880400e-02
51 9.284320e-01 1.074000e-02 6.082800e-02
52 9.265160e-01 1.072000e-02 6.276400e-02
53 9.246600e-01 1.070000e-02 6.464000e-02
54 9.229880e-01 1.063200e-02 6.638000e-02
55 9.212240e-01 1.043600e-02 6.834000e-02
56 9.194040e-01 1.040400e-02 7.019200e-02
57 9.176040e-01 1.034400e-02 7.205200e-02
58 9.156200e-01 1.055600e-02 7.382400e-02
59 9.137120e-01 1.066400e-02 7.562400e-02
60 9.120240e-01 1.058000e-02 7.739600e-02
61 9.103720e-01 1.056800e-02 7.906000e-02
62 9.085720e-01 1.055200e-02 8.087600e-02
63 9.068440e-01 1.028800e-02 8.286800e-02
64 9.050960e-01 1.022800e-02 8.467600e-02
65 9.034440e-01 1.000400e-02 8.655200e-02
66 9.017840e-01 9.980000e-03 8.823600e-02
67 9.000920e-01 1.006000e-02 8.984800e-02
68 8.983080e-01 9.956000e-03 9.173600e-02
69 8.966560e-01 9.860000e-03 9.348400e-02
70 8.948880e-01 9.696000e-03 9.541600e-02
71 8.932520e-01 9.700000e-03 9.704800e-02
72 8.915720e-01 9.728000e-03 9.870000e-02
73 8.899000e-01 9.772000e-03 1.003280e-01
74 8.881640e-01 9.912000e-03 1.019240e-01
75 8.862800e-01 9.988000e-03 1.037320e-01
76 8.845080e-01 1.005600e-02 1.054360e-01
77 8.827840e-01 1.009200e-02 1.071240e-01
78 8.811160e-01 9.956000e-03 1.089280e-01
79 8.792040e-01 1.013200e-02 1.106640e-01
80 8.775200e-01 1.007600e-02 1.124040e-01
81 8.756480e-01 1.027600e-02 1.140760e-01
82 8.737640e-01 1.025600e-02 1.159800e-01
83 8.718480e-01 1.024400e-02 1.179080e-01
84 8.698720e-01 1.046000e-02 1.196680e-01
85 8.679760e-01 1.037600e-02 1.216480e-01
86 8.660000e-01 1.043200e-02 1.235680e-01
87 8.642040e-01 1.050000e-02 1.252960e-01
88 8.621560e-01 1.064000e-02 1.272040e-01
89 8.605160e-01 1.027200e-02 1.292120e-01
90 8.587480e-01 1.019200e-02 1.310600e-01
91 8.569760e-01 1.020400e-02 1.328200e-01
92 8.552440e-01 1.022400e-02 1.345320e-01
93 8.535600e-01 1.002800e-02 1.364120e-01
94 8.520240e-01 9.752000e-03 1.382240e-01
95 8.504080e-01 9.696000e-03 1.398960e-01
96 8.487680e-01 9.688000e-03 1.415440e-01
97 8.471280e-01 9.676000e-03 1.431960e-01
98 8.455440e-01 9.656000e-03 1.448000e-01
99 8.438160e-01 9.660000e-03 1.465240e-01
100 8.421080e-01 9.820000e-03 1.480720e-01
101 8.403600e-01 9.792000e-03 1.498480e-01
102 8.386120e-01 9.748000e-03 1.516400e-01
103 8.367200e-01 9.800000e-03 1.534800e-01
104 8.348080e-01 9.944000e-03 1.552480e-01
105 8.330000e-01 1.000800e-02 1.569920e-01
106 8.311920e-01 9.972000e-03 1.588360e-01
107 8.293360e-01 1.001600e-02 1.606480e-01
108 8.274920e-01 1.022400e-02 1.622840e-01
109 8.257520e-01 1.026400e-02 1.639840e-01
110 8.239640e-01 1.025200e-02 1.657840e-01
111 8.221360e-01 1.033600e-02 1.675280e-01
112 8.205360e-01 1.014800e-02 1.693160e-01
113 8.188440e-01 1.007600e-02 1.710800e-01
114 8.171360e-01 1.001600e-02 1.728480e-01
115 8.154320e-01 9.980000e-03 1.745880e-01
116 8.136920e-01 1.012000e-02 1.761880e-01
117 8.120200e-01 1.003600e-02 1.779440e-01
118 8.102840e-01 1.004800e-02 1.796680e-01
119 8.086520e-01 1.003200e-02 1.813160e-01
120 8.068960e-01 1.006400e-02 1.830400e-01
121 8.053360e-01 9.840000e-03 1.848240e-01
122 8.037320e-01 9.888000e-03 1.863800e-01
123 8.021480e-01 9.716000e-03 1.881360e-01
124 8.003880e-01 9.880000e-03 1.897320e-01
125 7.986080e-01 1.001200e-02 1.913800e-01
126 7.967280e-01 1.003600e-02 1.932360e-01
127 7.950040e-01 1.004400e-02 1.949520e-01
128 7.932200e-01 1.003200e-02 1.967480e-01
129 7.915720e-01 9.844000e-03 1.985840e-01
130 7.898960e-01 9.876000e-03 2.002280e-01
131 7.881720e-01 9.892000e-03 2.019360e-01
132 7.866320e-01 9.768000e-03 2.036000e-01
133 7.849720e-01 9.672000e-03 2.053560e-01
134 7.833040e-01 9.652000e-03 2.070440e-01
135 7.817240e-01 9.576000e-03 2.087000e-01
136 7.801480e-01 9.504000e-03 2.103480e-01
137 7.784400e-01 9.620000e-03 2.119400e-01
138 7.768800e-01 9.476000e-03 2.136440e-01
139 7.753480e-01 9.272000e-03 2.153800e-01
140 7.738320e-01 9.092000e-03 2.170760e-01
141 7.721840e-01 9.144000e-03 2.186720e-01
142 7.707480e-01 9.020000e-03 2.202320e-01
143 7.693800e-01 8.876000e-03 2.217440e-01
144 7.679520e-01 8.696000e-03 2.233520e-01
145 7.665120e-01 8.536000e-03 2.249520e-01
146 7.651400e-01 8.456000e-03 2.264040e-01
147 7.637560e-01 8.336000e-03 2.279080e-01
148 7.623680e-01 8.428000e-03 2.292040e-01
149 7.610000e-01 8.332000e-03 2.306680e-01
150 7.595760e-01 8.200000e-03 2.322240e-01
151 7.582640e-01 8.208000e-03 2.335280e-01
152 7.568960e-01 8.272000e-03 2.348320e-01
153 7.555440e-01 8.184000e-03 2.362720e-01
154 7.542080e-01 8.252000e-03 2.375400e-01
155 7.528400e-01 8.284000e-03 2.388760e-01
156 7.514640e-01 8.284000e-03 2.402520e-01
157 7.501480e-01 8.084000e-03 2.417680e-01
158 7.488800e-01 7.908000e-03 2.432120e-01
159 7.476520e-01 7.828000e-03 2.445200e-01
160 7.465000e-01 7.544000e-03 2.459560e-01
161 7.453520e-01 7.468000e-03 2.471800e-01
162 7.442240e-01 7.300000e-03 2.484760e-01
163 7.430280e-01 7.192000e-03 2.497800e-01
164 7.418720e-01 7.116000e-03 2.510120e-01
165 7.407280e-01 7.096000e-03 2.521760e-01
166 7.395200e-01 7.176000e-03 2.533040e-01
167 7.381720e-01 7.228000e-03 2.546000e-01
168 7.371160e-01 7.080000e-03 2.558040e-01
169 7.358240e-01 7.152000e-03 2.570240e-01
170 7.346520e-01 7.004000e-03 2.583440e-01
171 7.334000e-01 7.004000e-03 2.595960e-01
172 7.319560e-01 7.168000e-03 2.608760e-01
173 7.305280e-01 7.280000e-03 2.621920e-01
174 7.291640e-01 7.432000e-03 2.634040e-01
175 7.276160e-01 7.428000e-03 2.649560e-01
176 7.262200e-01 7.508000e-03 2.662720e-01
177 7.247520e-01 7.684000e-03 2.675640e-01
178 7.232560e-01 7.776000e-03 2.689680e-01
179 7.218680e-01 7.680000e-03 2.704520e-01
180 7.205880e-01 7.648000e-03 2.717640e-01
181 7.193000e-01 7.568000e-03 2.731320e-01
182 7.180320e-01 7.372000e-03 2.745960e-01
183 7.167080e-01 7.488000e-03 2.758040e-01
184 7.156120e-01 7.260000e-03 2.771280e-01
185 7.144120e-01 7.208000e-03 2.783800e-01
186 7.131680e-01 7.188000e-03 2.796440e-01
187 7.120240e-01 7.088000e-03 2.808880e-01
188 7.110320e-01 6.804000e-03 2.821640e-01
189 7.099480e-01 6.632000e-03 2.834200e-01
190 7.089000e-01 6.560000e-03 2.845400e-01
191 7.077680e-01 6.532000e-03 2.857000e-01
192 7.067480e-01 6.324000e-03 2.869280e-01
193 7.057160e-01 6.272000e-03 2.880120e-01
194 7.047200e-01 6.304000e-03 2.889760e-01
195 7.036120e-01 6.436000e-03 2.899520e-01
196 7.027280e-01 6.120000e-03 2.911520e-01
197 7.016720e-01 6.088000e-03 2.922400e-01
198 7.006160e-01 6.004000e-03 2.933800e-01
199 6.995800e-01 6.076000e-03 2.943440e-01
200 6.985760e-01 6.192000e-03 2.952320e-01
201 6.976120e-01 6.136000e-03 2.962520e-01
202 6.965160e-01 6.128000e-03 2.973560e-01
203 6.954160e-01 6.100000e-03 2.984840e-01
204 6.944720e-01 6.060000e-03 2.994680e-01
205 6.933480e-01 6.148000e-03 3.005040e-01
206 6.923800e-01 5.916000e-03 3.017040e-01
207 6.914640e-01 5.752000e-03 3.027840e-01
208 6.906560e-01 5.628000e-03 3.037160e-01
209 6.898360e-01 5.428000e-03 3.047360e-01
210 6.889960e-01 5.320000e-03 3.056840e-01
211 6.882040e-01 5.172000e-03 3.066240e-01
212 6.873600e-01 5.180000e-03 3.074600e-01
213 6.865560e-01 5.008000e-03 3.084360e-01
214 6.857880e-01 4.868000e-03 3.093440e-01
215 6.849640e-01 4.808000e-03 3.102280e-01
216 6.842160e-01 4.788000e-03 3.109960e-01
217 6.833280e-01 4.832000e-03 3.118400e-01
218 6.824680e-01 4.896000e-03 3.126360e-01
219 6.815640e-01 4.796000e-03 3.136400e-01
220 6.806320e-01 4.884000e-03 3.144840e-01
221 6.797840e-01 4.800000e-03 3.154160e-01
222 6.790240e-01 4.708000e-03 3.162680e-01
223 6.781480e-01 4.772000e-03 3.170800e-01
224 6.772840e-01 4.840000e-03 3.178760e-01
225 6.763760e-01 4.832000e-03 3.187920e-01
226 6.754880e-01 4.836000e-03 3.196760e-01
227 6.746840e-01 4.824000e-03 3.204920e-01
228 6.738240e-01 4.900000e-03 3.212760e-01
229 6.730280e-01 4.828000e-03 3.221440e-01
230 6.722200e-01 4.748000e-03 3.230320e-01
231 6.713920e-01 4.820000e-03 3.237880e-01
232 6.706400e-01 4.768000e-03 3.245920e-01
233 6.698680e-01 4.744000e-03 3.253880e-01
234 6.690040e-01 4.796000e-03 3.262000e-01
235 6.683440e-01 4.640000e-03 3.270160e-01
236 6.675680e-01 4.644000e-03 3.277880e-01
237 6.668240e-01 4.588000e-03 3.285880e-01
238 6.661760e-01 4.456000e-03 3.293680e-01
239 6.653120e-01 4.548000e-03 3.301400e-01
240 6.645800e-01 4.516000e-03 3.309040e-01
241 6.638560e-01 4.456000e-03 3.316880e-01
242 6.630640e-01 4.536000e-03 3.324000e-01
243 6.621480e-01 4.672000e-03 3.331800e-01
244 6.613240e-01 4.692000e-03 3.339840e-01
245 6.605840e-01 4.568000e-03 3.348480e-01
246 6.598840e-01 4.568000e-03 3.355480e-01
247 6.591160e-01 4.480000e-03 3.364040e-01
248 6.584280e-01 4.464000e-03 3.371080e-01
249 6.578000e-01 4.420000e-03 3.377800e-01
250 6.570440e-01 4.388000e-03 3.385680e-01
251 6.564400e-01 4.276000e-03 3.392840e-01
252 6.558120e-01 4.188000e-03 3.400000e-01
253 6.551400e-01 4.056000e-03 3.408040e-01
254 6.545680e-01 3.872000e-03 3.415600e-01
255 6.539320e-01 3.824000e-03 3.422440e-01
256 6.533160e-01 3.792000e-03 3.428920e-01
257 6.527840e-01 3.704000e-03 3.435120e-01
258 6.521320e-01 3.796000e-03 3.440720e-01
259 6.515040e-01 3.700000e-03 3.447960e-01
260 6.508840e-01 3.548000e-03 3.455680e-01
261 6.502720e-01 3.500000e-03 3.462280e-01
262 6.496240e-01 3.604000e-03 3.467720e-01
263 6.489800e-01 3.680000e-03 3.473400e-01
264 6.483640e-01 3.716000e-03 3.479200e-01
265 6.478800e-01 3.620000e-03 3.485000e-01
266 6.472960e-01 3.560000e-03 3.491440e-01
267 6.466280e-01 3.484000e-03 3.498880e-01
268 6.461320e-01 3.388000e-03 3.504800e-01
269 6.455800e-01 3.420000e-03 3.510000e-01
270 6.450280e-01 3.324000e-03 3.516480e-01
271 6.444560e-01 3.320000e-03 3.522240e-01
272 6.438080e-01 3.404000e-03 3.527880e-01
273 6.432360e-01 3.400000e-03 3.533640e-01
274 6.425240e-01 3.468000e-03 3.540080e-01
275 6.419560e-01 3.396000e-03 3.546480e-01
276 6.412920e-01 3.504000e-03 3.552040e-01
277 6.407560e-01 3.384000e-03 3.558600e-01
278 6.402400e-01 3.304000e-03 3.564560e-01
279 6.396240e-01 3.400000e-03 3.569760e-01
280 6.390400e-01 3.352000e-03 3.576080e-01
281 6.384600e-01 3.280000e-03 3.582600e-01
282 6.379040e-01 3.240000e-03 3.588560e-01
283 6.373840e-01 3.236000e-03 3.593800e-01
284 6.368240e-01 3.228000e-03 3.599480e-01
285 6.361920e-01 3.320000e-03 3.604880e-01
286 6.356320e-01 3.280000e-03 3.610880e-01
287 6.349400e-01 3.416000e-03 3.616440e-01
288 6.342600e-01 3.496000e-03 3.622440e-01
289 6.337480e-01 3.360000e-03 3.628920e-01
290 6.331960e-01 3.368000e-03 3.634360e-01
291 6.326560e-01 3.276000e-03 3.640680e-01
292 6.321080e-01 3.344000e-03 3.645480e-01
293 6.315760e-01 3.308000e-03 3.651160e-01
294 6.310240e-01 3.384000e-03 3.655920e-01
295 6.304160e-01 3.452000e-03 3.661320e-01
296 6.297680e-01 3.456000e-03 3.667760e-01
297 6.291240e-01 3.476000e-03 3.674000e-01
298 6.285480e-01 3.464000e-03 3.679880e-01
299 6.279360e-01 3.472000e-03 3.685920e-01
300 6.273440e-01 3.416000e-03 3.692400e-01
301 6.266360e-01 3.496000e-03 3.698680e-01
302 6.260040e-01 3.520000e-03 3.704760e-01
303 6.254560e-01 3.544000e-03 3.710000e-01
304 6.248960e-01 3.432000e-03 3.716720e-01
305 6.243840e-01 3.296000e-03 3.723200e-01
306 6.238920e-01 3.228000e-03 3.728800e-01
307 6.234440e-01 3.176000e-03 3.733800e-01
308 6.229720e-01 3.124000e-03 3.739040e-01
309 6.224120e-01 3.116000e-03 3.744720e-01
310 6.218800e-01 3.084000e-03 3.750360e-01
311 6.214680e-01 3.000000e-03 3.755320e-01
312 6.209880e-01 2.900000e-03 3.761120e-01
313 6.205640e-01 2.860000e-03 3.765760e-01
314 6.201160e-01 2.816000e-03 3.770680e-01
315 6.197200e-01 2.680000e-03 3.776000e-01
316 6.193160e-01 2.680000e-03 3.780040e-01
317 6.188360e-01 2.696000e-03 3.784680e-01
318 6.183360e-01 2.788000e-03 3.788760e-01
319 6.178200e-01 2.824000e-03 3.793560e-01
320 6.173320e-01 2.868000e-03 3.798000e-01
321 6.168880e-01 2.876000e-03 3.802360e-01
322 6.164480e-01 2.784000e-03 3.807680e-01
323 6.159840e-01 2.820000e-03 3.811960e-01
324 6.155640e-01 2.804000e-03 3.816320e-01
325 6.151000e-01 2.752000e-03 3.821480e-01
326 6.147160e-01 2.644000e-03 3.826400e-01
327 6.143120e-01 2.616000e-03 3.830720e-01
328 6.138440e-01 2.576000e-03 3.835800e-01
329 6.134200e-01 2.532000e-03 3.840480e-01
330 6.130160e-01 2.512000e-03 3.844720e-01
331 6.126000e-01 2.508000e-03 3.848920e-01
332 6.122240e-01 2.436000e-03 3.853400e-01
333 6.118360e-01 2.416000e-03 3.857480e-01
334 6.114360e-01 2.384000e-03 3.861800e-01
335 6.110440e-01 2.336000e-03 3.866200e-01
336 6.106440e-01 2.324000e-03 3.870320e-01
337 6.102080e-01 2.364000e-03 3.874280e-01
338 6.097680e-01 2.412000e-03 3.878200e-01
339 6.093680e-01 2.400000e-03 3.882320e-01
340 6.089680e-01 2.352000e-03 3.886800e-01
341 6.086400e-01 2.244000e-03 3.891160e-01
342 6.082840e-01 2.248000e-03 3.894680e-01
343 6.078920e-01 2.184000e-03 3.899240e-01
344 6.075880e-01 2.096000e-03 3.903160e-01
345 6.072480e-01 2.116000e-03 3.906360e-01
346 6.068640e-01 2.080000e-03 3.910560e-01
347 6.065040e-01 2.092000e-03 3.914040e-01
348 6.060640e-01 2.172000e-03 3.917640e-01
349 6.057360e-01 2.128000e-03 3.921360e-01
350 6.053240e-01 2.148000e-03 3.925280e-01
351 6.049160e-01 2.192000e-03 3.928920e-01
352 6.044720e-01 2.252000e-03 3.932760e-01
353 6.041080e-01 2.216000e-03 3.936760e-01
354 6.036280e-01 2.264000e-03 3.941080e-01
355 6.032280e-01 2.308000e-03 3.944640e-01
356 6.028120e-01 2.276000e-03 3.949120e-01
357 6.023800e-01 2.320000e-03 3.953000e-01
358 6.019080e-01 2.340000e-03 3.957520e-01
359 6.014400e-01 2.332000e-03 3.962280e-01
360 6.009560e-01 2.360000e-03 3.966840e-01
361 6.005200e-01 2.352000e-03 3.971280e-01
362 6.000800e-01 2.292000e-03 3.976280e-01
363 5.997200e-01 2.280000e-03 3.980000e-01
364 5.992600e-01 2.352000e-03 3.983880e-01
365 5.988800e-01 2.352000e-03 3.987680e-01
366 5.984600e-01 2.344000e-03 3.991960e-01
367 5.979640e-01 2.444000e-03 3.995920e-01
368 5.974240e-01 2.524000e-03 4.000520e-01
369 5.970640e-01 2.476000e-03 4.004600e-01
370 5.966080e-01 2.480000e-03 4.009120e-01
371 5.962120e-01 2.388000e-03 4.014000e-01
372 5.957240e-01 2.440000e-03 4.018360e-01
373 5.953480e-01 2.412000e-03 4.022400e-01
374 5.950040e-01 2.336000e-03 4.026600e-01
375 5.946960e-01 2.212000e-03 4.030920e-01
376 5.943920e-01 2.088000e-03 4.035200e-01
377 5.941680e-01 1.972000e-03 4.038600e-01
378 5.939280e-01 1.916000e-03 4.041560e-01
379 5.936720e-01 1.844000e-03 4.044840e-01
380 5.934080e-01 1.792000e-03 4.048000e-01
381 5.930960e-01 1.780000e-03 4.051240e-01
382 5.928680e-01 1.724000e-03 4.054080e-01
383 5.925680e-01 1.696000e-03 4.057360e-01
384 5.923080e-01 1.656000e-03 4.060360e-01
385 5.920320e-01 1.628000e-03 4.063400e-01
386 5.917800e-01 1.604000e-03 4.066160e-01
387 5.915440e-01 1.528000e-03 4.069280e-01
388 5.913240e-01 1.488000e-03 4.071880e-01
389 5.910640e-01 1.532000e-03 4.074040e-01
390 5.908040e-01 1.540000e-03 4.076560e-01
391 5.905480e-01 1.500000e-03 4.079520e-01
392 5.902560e-01 1.520000e-03 4.082240e-01
393 5.899920e-01 1.480000e-03 4.085280e-01
394 5.897720e-01 1.428000e-03 4.088000e-01
395 5.895440e-01 1.424000e-03 4.090320e-01
396 5.893240e-01 1.412000e-03 4.092640e-01
397 5.890560e-01 1.424000e-03 4.095200e-01
398 5.887400e-01 1.444000e-03 4.098160e-01
399 5.885360e-01 1.360000e-03 4.101040e-01
400 5.882680e-01 1.404000e-03 4.103280e-01
401 5.880240e-01 1.388000e-03 4.105880e-01
402 5.877720e-01 1.380000e-03 4.108480e-01
403 5.875200e-01 1.340000e-03 4.111400e-01
404 5.872120e-01 1.416000e-03 4.113720e-01
405 5.870040e-01 1.380000e-03 4.116160e-01
406 5.867800e-01 1.372000e-03 4.118480e-01
407 5.865200e-01 1.364000e-03 4.121160e-01
408 5.862800e-01 1.368000e-03 4.123520e-01
409 5.860440e-01 1.384000e-03 4.125720e-01
410 5.857360e-01 1.456000e-03 4.128080e-01
411 5.855120e-01 1.432000e-03 4.130560e-01
412 5.852600e-01 1.452000e-03 4.132880e-01
413 5.849400e-01 1.488000e-03 4.135720e-01
414 5.846000e-01 1.576000e-03 4.138240e-01
415 5.842880e-01 1.612000e-03 4.141000e-01
416 5.840360e-01 1.640000e-03 4.143240e-01
417 5.837240e-01 1.628000e-03 4.146480e-01
418 5.834040e-01 1.640000e-03 4.149560e-01
419 5.831280e-01 1.604000e-03 4.152680e-01
420 5.828520e-01 1.564000e-03 4.155840e-01
421 5.825440e-01 1.524000e-03 4.159320e-01
422 5.822440e-01 1.572000e-03 4.161840e-01
423 5.820080e-01 1.512000e-03 4.164800e-01
424 5.817200e-01 1.548000e-03 4.167320e-01
425 5.814600e-01 1.536000e-03 4.170040e-01
426 5.812120e-01 1.496000e-03 4.172920e-01
427 5.809840e-01 1.480000e-03 4.175360e-01
428 5.807520e-01 1.448000e-03 4.178000e-01
429 5.805280e-01 1.460000e-03 4.180120e-01
430 5.802680e-01 1.436000e-03 4.182960e-01
431 5.799680e-01 1.504000e-03 4.185280e-01
432 5.797280e-01 1.484000e-03 4.187880e-01
433 5.794480e-01 1.536000e-03 4.190160e-01
434 5.792240e-01 1.464000e-03 4.193120e-01
435 5.790200e-01 1.416000e-03 4.195640e-01
436 5.787960e-01 1.348000e-03 4.198560e-01
437 5.785240e-01 1.360000e-03 4.201160e-01
438 5.782720e-01 1.392000e-03 4.203360e-01
439 5.780720e-01 1.356000e-03 4.205720e-01
440 5.778760e-01 1.320000e-03 4.208040e-01
441 5.776560e-01 1.272000e-03 4.210720e-01
442 5.774520e-01 1.280000e-03 4.212680e-01
443 5.772440e-01 1.236000e-03 4.215200e-01
444 5.770240e-01 1.240000e-03 4.217360e-01
445 5.767840e-01 1.220000e-03 4.219960e-01
446 5.764880e-01 1.280000e-03 4.222320e-01
447 5.762600e-01 1.288000e-03 4.224520e-01
448 5.760240e-01 1.320000e-03 4.226560e-01
449 5.757360e-01 1.376000e-03 4.228880e-01
450 5.755680e-01 1.252000e-03 4.231800e-01
451 5.753720e-01 1.232000e-03 4.233960e-01
452 5.751720e-01 1.176000e-03 4.236520e-01
453 5.749480e-01 1.180000e-03 4.238720e-01
454 5.747440e-01 1.204000e-03 4.240520e-01
455 5.744920e-01 1.188000e-03 4.243200e-01
456 5.742720e-01 1.208000e-03 4.245200e-01
457 5.740600e-01 1.236000e-03 4.247040e-01
458 5.738560e-01 1.172000e-03 4.249720e-01
459 5.736320e-01 1.208000e-03 4.251600e-01
460 5.734440e-01 1.184000e-03 4.253720e-01
461 5.732640e-01 1.136000e-03 4.256000e-01
462 5.730000e-01 1.232000e-03 4.257680e-01
463 5.728040e-01 1.164000e-03 4.260320e-01
464 5.726000e-01 1.168000e-03 4.262320e-01
465 5.724240e-01 1.120000e-03 4.264560e-01
466 5.722240e-01 1.140000e-03 4.266360e-01
467 5.720280e-01 1.112000e-03 4.268600e-01
468 5.718400e-01 1.144000e-03 4.270160e-01
469 5.716680e-01 1.076000e-03 4.272560e-01
470 5.714960e-01 1.044000e-03 4.274600e-01
471 5.713000e-01 1.072000e-03 4.276280e-01
472 5.710680e-01 1.108000e-03 4.278240e-01
473 5.708760e-01 1.044000e-03 4.280800e-01
474 5.707000e-01 1.052000e-03 4.282480e-01
475 5.705400e-01 9.840000e-04 4.284760e-01
476 5.702960e-01 1.112000e-03 4.285920e-01
477 5.701320e-01 1.124000e-03 4.287440e-01
478 5.699280e-01 1.144000e-03 4.289280e-01
479 5.697360e-01 1.184000e-03 4.290800e-01
480 5.695160e-01 1.180000e-03 4.293040e-01
481 5.693400e-01 1.160000e-03 4.295000e-01
482 5.691600e-01 1.144000e-03 4.296960e-01
483 5.689840e-01 1.132000e-03 4.298840e-01
484 5.688200e-01 1.128000e-03 4.300520e-01
485 5.686440e-01 1.136000e-03 4.302200e-01
486 5.684080e-01 1.176000e-03 4.304160e-01
487 5.682280e-01 1.160000e-03 4.306120e-01
488 5.679520e-01 1.236000e-03 4.308120e-01
489 5.677800e-01 1.184000e-03 4.310360e-01
490 5.676200e-01 1.152000e-03 4.312280e-01
491 5.674600e-01 1.140000e-03 4.314000e-01
492 5.672640e-01 1.188000e-03 4.315480e-01
493 5.671000e-01 1.120000e-03 4.317800e-01
494 5.668800e-01 1.148000e-03 4.319720e-01
495 5.666720e-01 1.120000e-03 4.322080e-01
496 5.664760e-01 1.132000e-03 4.323920e-01
497 5.662680e-01 1.128000e-03 4.326040e-01
498 5.661200e-01 1.084000e-03 4.327960e-01
499 5.659520e-01 1.080000e-03 4.329680e-01
500 5.657320e-01 1.052000e-03 4.332160e-01
