1 9.991560e-01 7.360000e-04 1.080000e-04
2 9.985760e-01 1.144000e-03 2.800000e-04
3 9.978240e-01 1.608000e-03 5.680000e-04
4 9.969800e-01 2.136000e-03 8.840000e-04
5 9.959760e-01 2.780000e-03 1.244000e-03
6 9.950360e-01 3.144000e-03 1.820000e-03
7 9.940280e-01 3.584000e-03 2.388000e-03
8 9.929880e-01 4.016000e-03 2.996000e-03
9 9.918560e-01 4.544000e-03 3.600000e-03
10 9.906800e-01 4.928000e-03 4.392000e-03
11 9.895400e-01 5.144000e-03 5.316000e-03
12 9.883520e-01 5.452000e-03 6.196000e-03
13 9.871920e-01 5.656000e-03 7.152000e-03
14 9.859480e-01 5.920000e-03 8.132000e-03
15 9.847400e-01 6.084000e-03 9.176000e-03
16 9.834160e-01 6.288000e-03 1.029600e-02
17 9.820760e-01 6.532000e-03 1.139200e-02
18 9.805760e-01 6.968000e-03 1.245600e-02
19 9.791040e-01 7.112000e-03 1.378400e-02
20 9.775040e-01 7.440000e-03 1.505600e-02
21 9.760040e-01 7.528000e-03 1.646800e-02
22 9.745800e-01 7.628000e-03 1.779200e-02
23 9.730800e-01 7.812000e-03 1.910800e-02
24 9.715640e-01 7.944000e-03 2.049200e-02
25 9.699840e-01 8.156000e-03 2.186000e-02
26 9.685120e-01 8.188000e-03 2.330000e-02
27 9.670200e-01 8.344000e-03 2.463600e-02
28 9.654840e-01 8.352000e-03 2.616400e-02
29 9.638960e-01 8.516000e-03 2.758800e-02
30 9.620560e-01 8.748000e-03 2.919600e-02
31 9.604840e-01 8.732000e-03 3.078400e-02
32 9.588480e-01 8.732000e-03 3.242000e-02
33 9.572680e-01 8.708000e-03 3.402400e-02
34 9.557280e-01 8.688000e-03 3.558400e-02
35 9.541880e-01 8.716000e-03 3.709600e-02
36 9.525320e-01 8.740000e-03 3.872800e-02
37 9.510520e-01 8.672000e-03 4.027600e-02
38 9.494000e-01 8.864000e-03 4.173600e-02
39 9.478040e-01 8.824000e-03 4.337200e-02
40 9.461880e-01 8.896000e-03 4.491600e-02
41 9.445400e-01 8.980000e-03 4.648000e-02
42 9.426720e-01 9.256000e-03 4.807200e-02
43 9.409840e-01 9.392000e-03 4.962400e-02
44 9.392520e-01 9.472000e-03 5.127600e-02
45 9.376320e-01 9.312000e-03 5.305600e-02
46 9.359280e-01 9.292000e-03 5.478000e-02
47 9.341760e-01 9.492000e-03 5.633200e-02
48 9.324800e-01 9.368000e-03 5.815200e-02
49 9.309080e-01 9.288000e-03 5.980400e-02
50 9.293040e-01 9.128000e-03 6.156800e-02
51 9.276560e-01 9.100000e-03 6.324400e-02
52 9.260760e-01 9.032000e-03 6.489200e-02
53 9.242800e-01 9.272000e-03 6.644800e-02
54 9.224920e-01 9.460000e-03 6.804800e-02
55 9.206920e-01 9.560000e-03 6.974800e-02
56 9.189120e-01 9.700000e-03 7.138800e-02
57 9.172640e-01 9.596000e-03 7.314000e-02
58 9.155040e-01 9.628000e-03 7.486800e-02
59 9.139040e-01 9.612000e-03 7.648400e-02
60 9.120160e-01 9.880000e-03 7.810400e-02
61 9.102960e-01 9.924000e-03 7.978000e-02
62 9.086200e-01 9.880000e-03 8.150000e-02
63 9.068280e-01 9.984000e-03 8.318800e-02
64 9.049840e-01 1.006400e-02 8.495200e-02
65 9.030760e-01 1.023600e-02 8.668800e-02
66 9.012000e-01 1.038400e-02 8.841600e-02
67 8.996080e-01 1.006800e-02 9.032400e-02
68 8.978520e-01 1.014400e-02 9.200400e-02
69 8.960840e-01 1.010400e-02 9.381200e-02
70 8.943400e-01 1.002000e-02 9.564000e-02
71 8.926600e-01 1.008800e-02 9.725200e-02
72 8.908000e-01 1.005200e-02 9.914800e-02
73 8.890320e-01 1.021200e-02 1.007560e-01
74 8.871760e-01 1.036400e-02 1.024600e-01
75 8.854040e-01 1.030800e-02 1.042880e-01
76 8.838800e-01 1.004000e-02 1.060800e-01
77 8.821960e-01 1.011200e-02 1.076920e-01
78 8.805280e-01 9.976000e-03 1.094960e-01
79 8.786480e-01 1.005200e-02 1.113000e-01
80 8.768240e-01 1.018800e-02 1.129880e-01
81 8.751120e-01 1.010800e-02 1.147800e-01
82 8.733640e-01 1.009600e-02 1.165400e-01
83 8.717200e-01 9.920000e-03 1.183600e-01
84 8.699160e-01 9.964000e-03 1.201200e-01
85 8.682440e-01 9.800000e-03 1.219560e-01
86 8.665000e-01 9.700000e-03 1.238000e-01
87 8.648440e-01 9.564000e-03 1.255920e-01
88 8.633000e-01 9.400000e-03 1.273000e-01
89 8.616720e-01 9.240000e-03 1.290880e-01
90 8.600760e-01 9.112000e-03 1.308120e-01
91 8.584640e-01 9.140000e-03 1.323960e-01
92 8.569960e-01 9.108000e-03 1.338960e-01
93 8.555840e-01 9.084000e-03 1.353320e-01
94 8.538960e-01 9.156000e-03 1.369480e-01
95 8.522840e-01 9.180000e-03 1.385360e-01
96 8.507240e-01 9.192000e-03 1.400840e-01
97 8.491680e-01 9.104000e-03 1.417280e-01
98 8.473160e-01 9.348000e-03 1.433360e-01
99 8.457200e-01 9.260000e-03 1.450200e-01
100 8.438240e-01 9.536000e-03 1.466400e-01
101 8.420240e-01 9.608000e-03 1.483680e-01
102 8.404880e-01 9.480000e-03 1.500320e-01
103 8.388040e-01 9.568000e-03 1.516280e-01
104 8.370400e-01 9.724000e-03 1.532360e-01
105 8.351840e-01 1.000400e-02 1.548120e-01
106 8.333720e-01 1.000800e-02 1.566200e-01
107 8.316560e-01 9.996000e-03 1.583480e-01
108 8.299400e-01 9.904000e-03 1.601560e-01
109 8.281920e-01 9.772000e-03 1.620360e-01
110 8.265360e-01 9.728000e-03 1.637360e-01
111 8.248480e-01 9.788000e-03 1.653640e-01
112 8.232400e-01 9.672000e-03 1.670880e-01
113 8.217960e-01 9.456000e-03 1.687480e-01
114 8.202840e-01 9.336000e-03 1.703800e-01
115 8.187240e-01 9.396000e-03 1.718800e-01
116 8.170520e-01 9.444000e-03 1.735040e-01
117 8.154240e-01 9.376000e-03 1.752000e-01
118 8.138880e-01 9.344000e-03 1.767680e-01
119 8.123440e-01 9.140000e-03 1.785160e-01
120 8.109400e-01 8.960000e-03 1.801000e-01
121 8.094880e-01 8.796000e-03 1.817160e-01
122 8.079920e-01 8.752000e-03 1.832560e-01
123 8.065800e-01 8.612000e-03 1.848080e-01
124 8.051320e-01 8.584000e-03 1.862840e-01
125 8.036040e-01 8.684000e-03 1.877120e-01
126 8.021000e-01 8.676000e-03 1.892240e-01
127 8.007040e-01 8.372000e-03 1.909240e-01
128 7.993160e-01 8.364000e-03 1.923200e-01
129 7.979440e-01 8.332000e-03 1.937240e-01
130 7.965360e-01 8.360000e-03 1.951040e-01
131 7.950480e-01 8.484000e-03 1.964680e-01
132 7.933720e-01 8.624000e-03 1.980040e-01
133 7.919840e-01 8.540000e-03 1.994760e-01
134 7.905920e-01 8.420000e-03 2.009880e-01
135 7.890440e-01 8.572000e-03 2.023840e-01
136 7.876600e-01 8.388000e-03 2.039520e-01
137 7.862000e-01 8.472000e-03 2.053280e-01
138 7.846840e-01 8.476000e-03 2.068400e-01
139 7.831960e-01 8.428000e-03 2.083760e-01
140 7.816800e-01 8.456000e-03 2.098640e-01
141 7.801360e-01 8.540000e-03 2.113240e-01
142 7.787480e-01 8.456000e-03 2.127960e-01
143 7.772200e-01 8.504000e-03 2.142760e-01
144 7.757360e-01 8.652000e-03 2.156120e-01
145 7.743840e-01 8.532000e-03 2.170840e-01
146 7.730560e-01 8.452000e-03 2.184920e-01
147 7.716640e-01 8.296000e-03 2.200400e-01
148 7.703120e-01 8.256000e-03 2.214320e-01
149 7.690280e-01 8.040000e-03 2.229320e-01
150 7.675720e-01 8.092000e-03 2.243360e-01
151 7.662960e-01 8.032000e-03 2.256720e-01
152 7.649040e-01 8.068000e-03 2.270280e-01
153 7.634280e-01 8.044000e-03 2.285280e-01
154 7.620160e-01 7.992000e-03 2.299920e-01
155 7.606960e-01 7.996000e-03 2.313080e-01
156 7.593320e-01 7.936000e-03 2.327320e-01
157 7.579480e-01 7.936000e-03 2.341160e-01
158 7.565400e-01 8.048000e-03 2.354120e-01
159 7.552440e-01 7.904000e-03 2.368520e-01
160 7.539320e-01 7.864000e-03 2.382040e-01
161 7.525960e-01 7.812000e-03 2.395920e-01
162 7.511480e-01 8.012000e-03 2.408400e-01
163 7.497360e-01 8.040000e-03 2.422240e-01
164 7.481760e-01 8.312000e-03 2.435120e-01
165 7.469120e-01 8.080000e-03 2.450080e-01
166 7.457280e-01 7.808000e-03 2.464640e-01
167 7.444480e-01 7.760000e-03 2.477920e-01
168 7.432240e-01 7.672000e-03 2.491040e-01
169 7.420520e-01 7.568000e-03 2.503800e-01
170 7.409480e-01 7.348000e-03 2.517040e-01
171 7.398680e-01 7.072000e-03 2.530600e-01
172 7.387240e-01 6.916000e-03 2.543600e-01
173 7.374760e-01 7.020000e-03 2.555040e-01
174 7.364520e-01 6.816000e-03 2.567320e-01
175 7.354000e-01 6.704000e-03 2.578960e-01
176 7.342440e-01 6.636000e-03 2.591200e-01
177 7.332280e-01 6.540000e-03 2.602320e-01
178 7.322720e-01 6.460000e-03 2.612680e-01
179 7.312560e-01 6.316000e-03 2.624280e-01
180 7.303760e-01 6.112000e-03 2.635120e-01
181 7.292640e-01 6.176000e-03 2.645600e-01
182 7.281480e-01 6.240000e-03 2.656120e-01
183 7.271720e-01 6.060000e-03 2.667680e-01
184 7.262040e-01 5.932000e-03 2.678640e-01
185 7.251880e-01 5.932000e-03 2.688800e-01
186 7.241360e-01 5.940000e-03 2.699240e-01
187 7.231560e-01 5.948000e-03 2.708960e-01
188 7.221400e-01 5.868000e-03 2.719920e-01
189 7.211080e-01 5.948000e-03 2.729440e-01
190 7.200960e-01 5.820000e-03 2.740840e-01
191 7.191520e-01 5.792000e-03 2.750560e-01
192 7.180920e-01 5.944000e-03 2.759640e-01
193 7.170960e-01 6.004000e-03 2.769000e-01
194 7.160600e-01 6.068000e-03 2.778720e-01
195 7.150440e-01 5.908000e-03 2.790480e-01
196 7.141120e-01 5.816000e-03 2.800720e-01
197 7.130960e-01 5.920000e-03 2.809840e-01
198 7.121560e-01 5.872000e-03 2.819720e-01
199 7.113280e-01 5.704000e-03 2.829680e-01
200 7.105560e-01 5.484000e-03 2.839600e-01
201 7.097920e-01 5.260000e-03 2.849480e-01
202 7.090080e-01 5.116000e-03 2.858760e-01
203 7.082360e-01 5.100000e-03 2.866640e-01
204 7.073920e-01 5.208000e-03 2.874000e-01
205 7.066280e-01 5.124000e-03 2.882480e-01
206 7.058160e-01 5.068000e-03 2.891160e-01
207 7.050120e-01 5.024000e-03 2.899640e-01
208 7.043080e-01 4.748000e-03 2.909440e-01
209 7.036160e-01 4.644000e-03 2.917400e-01
210 7.028560e-01 4.668000e-03 2.924760e-01
211 7.021600e-01 4.656000e-03 2.931840e-01
212 7.013720e-01 4.568000e-03 2.940600e-01
213 7.005880e-01 4.608000e-03 2.948040e-01
214 6.999200e-01 4.588000e-03 2.954920e-01
215 6.991880e-01 4.556000e-03 2.962560e-01
216 6.985360e-01 4.400000e-03 2.970640e-01
217 6.977680e-01 4.412000e-03 2.978200e-01
218 6.970840e-01 4.292000e-03 2.986240e-01
219 6.964520e-01 4.212000e-03 2.993360e-01
220 6.956960e-01 4.224000e-03 3.000800e-01
221 6.950200e-01 4.148000e-03 3.008320e-01
222 6.942600e-01 4.124000e-03 3.016160e-01
223 6.936280e-01 4.072000e-03 3.023000e-01
224 6.929560e-01 4.016000e-03 3.030280e-01
225 6.922880e-01 3.972000e-03 3.037400e-01
226 6.916400e-01 3.864000e-03 3.044960e-01
227 6.909040e-01 3.920000e-03 3.051760e-01
228 6.902360e-01 3.928000e-03 3.058360e-01
229 6.894760e-01 3.928000e-03 3.065960e-01
230 6.887680e-01 3.960000e-03 3.072720e-01
231 6.881680e-01 3.816000e-03 3.080160e-01
232 6.875560e-01 3.824000e-03 3.086200e-01
233 6.869360e-01 3.868000e-03 3.091960e-01
234 6.863080e-01 3.776000e-03 3.099160e-01
235 6.856240e-01 3.812000e-03 3.105640e-01
236 6.849080e-01 3.804000e-03 3.112880e-01
237 6.843400e-01 3.628000e-03 3.120320e-01
238 6.837400e-01 3.512000e-03 3.127480e-01
239 6.830520e-01 3.692000e-03 3.132560e-01
240 6.823880e-01 3.856000e-03 3.137560e-01
241 6.817440e-01 3.804000e-03 3.144520e-01
242 6.811320e-01 3.736000e-03 3.151320e-01
243 6.804320e-01 3.824000e-03 3.157440e-01
244 6.797360e-01 3.820000e-03 3.164440e-01
245 6.790360e-01 3.844000e-03 3.171200e-01
246 6.783320e-01 3.816000e-03 3.178520e-01
247 6.776640e-01 3.820000e-03 3.185160e-01
248 6.770080e-01 3.772000e-03 3.192200e-01
249 6.764320e-01 3.724000e-03 3.198440e-01
250 6.757440e-01 3.584000e-03 3.206720e-01
251 6.750080e-01 3.680000e-03 3.213120e-01
252 6.743480e-01 3.708000e-03 3.219440e-01
253 6.737480e-01 3.676000e-03 3.225760e-01
254 6.731200e-01 3.720000e-03 3.231600e-01
255 6.726600e-01 3.532000e-03 3.238080e-01
256 6.720600e-01 3.440000e-03 3.245000e-01
257 6.715400e-01 3.416000e-03 3.250440e-01
258 6.710160e-01 3.372000e-03 3.256120e-01
259 6.705280e-01 3.248000e-03 3.262240e-01
260 6.700120e-01 3.232000e-03 3.267560e-01
261 6.695440e-01 3.156000e-03 3.273000e-01
262 6.689840e-01 3.180000e-03 3.278360e-01
263 6.685040e-01 3.068000e-03 3.284280e-01
264 6.679440e-01 3.124000e-03 3.289320e-01
265 6.673640e-01 3.180000e-03 3.294560e-01
266 6.668240e-01 3.172000e-03 3.300040e-01
267 6.662080e-01 3.164000e-03 3.306280e-01
268 6.655640e-01 3.284000e-03 3.311520e-01
269 6.650040e-01 3.184000e-03 3.318120e-01
270 6.643760e-01 3.216000e-03 3.324080e-01
271 6.638120e-01 3.180000e-03 3.330080e-01
272 6.630600e-01 3.384000e-03 3.335560e-01
273 6.625720e-01 3.248000e-03 3.341800e-01
274 6.620280e-01 3.268000e-03 3.347040e-01
275 6.614240e-01 3.332000e-03 3.352440e-01
276 6.608280e-01 3.348000e-03 3.358240e-01
277 6.601960e-01 3.440000e-03 3.363640e-01
278 6.596560e-01 3.392000e-03 3.369520e-01
279 6.591240e-01 3.304000e-03 3.375720e-01
280 6.585400e-01 3.384000e-03 3.380760e-01
281 6.579280e-01 3.392000e-03 3.386800e-01
282 6.573600e-01 3.340000e-03 3.393000e-01
283 6.567360e-01 3.388000e-03 3.398760e-01
284 6.561680e-01 3.392000e-03 3.404400e-01
285 6.556920e-01 3.276000e-03 3.410320e-01
286 6.551720e-01 3.156000e-03 3.416720e-01
287 6.546640e-01 3.116000e-03 3.422200e-01
288 6.541520e-01 2.972000e-03 3.428760e-01
289 6.536240e-01 2.992000e-03 3.433840e-01
290 6.531120e-01 3.064000e-03 3.438240e-01
291 6.525760e-01 3.040000e-03 3.443840e-01
292 6.520920e-01 3.016000e-03 3.448920e-01
293 6.515400e-01 3.004000e-03 3.454560e-01
294 6.510880e-01 2.964000e-03 3.459480e-01
295 6.506480e-01 2.872000e-03 3.464800e-01
296 6.501480e-01 2.912000e-03 3.469400e-01
297 6.496800e-01 2.828000e-03 3.474920e-01
298 6.491320e-01 2.876000e-03 3.479920e-01
299 6.486080e-01 2.908000e-03 3.484840e-01
300 6.481600e-01 2.844000e-03 3.489960e-01
301 6.476600e-01 2.908000e-03 3.494320e-01
302 6.471360e-01 2.872000e-03 3.499920e-01
303 6.466040e-01 2.936000e-03 3.504600e-01
304 6.461080e-01 2.908000e-03 3.509840e-01
305 6.456000e-01 2.980000e-03 3.514200e-01
306 6.451200e-01 2.928000e-03 3.519520e-01
307 6.446120e-01 2.980000e-03 3.524080e-01
308 6.440400e-01 3.080000e-03 3.528800e-01
309 6.435280e-01 3.140000e-03 3.533320e-01
310 6.430200e-01 3.112000e-03 3.538680e-01
311 6.424640e-01 3.176000e-03 3.543600e-01
312 6.420040e-01 3.104000e-03 3.548920e-01
313 6.415720e-01 3.012000e-03 3.554160e-01
314 6.411760e-01 2.972000e-03 3.558520e-01
315 6.407320e-01 2.852000e-03 3.564160e-01
316 6.403280e-01 2.804000e-03 3.568680e-01
317 6.398760e-01 2.832000e-03 3.572920e-01
318 6.394200e-01 2.804000e-03 3.577760e-01
319 6.389760e-01 2.756000e-03 3.582680e-01
320 6.385600e-01 2.744000e-03 3.586960e-01
321 6.381160e-01 2.764000e-03 3.591200e-01
322 6.377400e-01 2.696000e-03 3.595640e-01
323 6.374000e-01 2.568000e-03 3.600320e-01
324 6.370880e-01 2.420000e-03 3.604920e-01
325 6.367800e-01 2.360000e-03 3.608600e-01
326 6.364520e-01 2.300000e-03 3.612480e-01
327 6.361000e-01 2.300000e-03 3.616000e-01
328 6.357920e-01 2.184000e-03 3.620240e-01
329 6.353680e-01 2.224000e-03 3.624080e-01
330 6.350520e-01 2.120000e-03 3.628280e-01
331 6.347480e-01 2.016000e-03 3.632360e-01
332 6.343960e-01 2.028000e-03 3.635760e-01
333 6.340280e-01 2.052000e-03 3.639200e-01
334 6.336240e-01 2.120000e-03 3.642560e-01
335 6.332640e-01 2.096000e-03 3.646400e-01
336 6.329440e-01 2.096000e-03 3.649600e-01
337 6.325880e-01 1.996000e-03 3.654160e-01
338 6.321840e-01 1.952000e-03 3.658640e-01
339 6.318480e-01 1.960000e-03 3.661920e-01
340 6.315760e-01 1.852000e-03 3.665720e-01
341 6.312960e-01 1.800000e-03 3.669040e-01
342 6.308960e-01 1.872000e-03 3.672320e-01
343 6.305200e-01 1.920000e-03 3.675600e-01
344 6.300880e-01 2.044000e-03 3.678680e-01
345 6.297080e-01 2.032000e-03 3.682600e-01
346 6.293240e-01 2.032000e-03 3.686440e-01
347 6.289040e-01 2.088000e-03 3.690080e-01
348 6.285600e-01 2.096000e-03 3.693440e-01
349 6.281840e-01 2.092000e-03 3.697240e-01
350 6.278320e-01 2.084000e-03 3.700840e-01
351 6.274680e-01 2.088000e-03 3.704440e-01
352 6.271120e-01 2.084000e-03 3.708040e-01
353 6.266280e-01 2.136000e-03 3.712360e-01
354 6.262080e-01 2.184000e-03 3.716080e-01
355 6.257360e-01 2.320000e-03 3.719440e-01
356 6.253320e-01 2.296000e-03 3.723720e-01
357 6.249240e-01 2.304000e-03 3.727720e-01
358 6.245560e-01 2.332000e-03 3.731120e-01
359 6.242800e-01 2.176000e-03 3.735440e-01
360 6.239600e-01 2.128000e-03 3.739120e-01
361 6.236320e-01 2.088000e-03 3.742800e-01
362 6.231600e-01 2.172000e-03 3.746680e-01
363 6.227800e-01 2.164000e-03 3.750560e-01
364 6.223920e-01 2.168000e-03 3.754400e-01
365 6.220240e-01 2.156000e-03 3.758200e-01
366 6.216480e-01 2.156000e-03 3.761960e-01
367 6.212680e-01 2.212000e-03 3.765200e-01
368 6.208560e-01 2.224000e-03 3.769200e-01
369 6.204600e-01 2.220000e-03 3.773200e-01
370 6.200480e-01 2.208000e-03 3.777440e-01
371 6.197240e-01 2.148000e-03 3.781280e-01
372 6.193560e-01 2.108000e-03 3.785360e-01
373 6.190000e-01 2.048000e-03 3.789520e-01
374 6.185760e-01 2.128000e-03 3.792960e-01
375 6.181840e-01 2.152000e-03 3.796640e-01
376 6.178280e-01 2.120000e-03 3.800520e-01
377 6.174960e-01 2.064000e-03 3.804400e-01
378 6.171920e-01 2.052000e-03 3.807560e-01
379 6.168200e-01 2.060000e-03 3.811200e-01
380 6.164360e-01 2.072000e-03 3.814920e-01
381 6.161240e-01 2.000000e-03 3.818760e-01
382 6.157280e-01 2.092000e-03 3.821800e-01
383 6.154360e-01 2.008000e-03 3.825560e-01
384 6.151400e-01 1.988000e-03 3.828720e-01
385 6.147520e-01 2.056000e-03 3.831920e-01
386 6.144960e-01 1.924000e-03 3.835800e-01
387 6.141280e-01 1.948000e-03 3.839240e-01
388 6.138440e-01 1.932000e-03 3.842240e-01
389 6.134520e-01 1.984000e-03 3.845640e-01
390 6.131040e-01 1.968000e-03 3.849280e-01
391 6.127640e-01 1.944000e-03 3.852920e-01
392 6.125200e-01 1.860000e-03 3.856200e-01
393 6.122360e-01 1.884000e-03 3.858800e-01
394 6.118920e-01 1.908000e-03 3.862000e-01
395 6.115880e-01 1.880000e-03 3.865320e-01
396 6.112280e-01 1.932000e-03 3.868400e-01
397 6.108920e-01 1.964000e-03 3.871440e-01
398 6.104880e-01 1.988000e-03 3.875240e-01
399 6.102280e-01 1.900000e-03 3.878720e-01
400 6.098920e-01 1.892000e-03 3.882160e-01
401 6.095640e-01 1.864000e-03 3.885720e-01
402 6.092120e-01 1.932000e-03 3.888560e-01
403 6.088360e-01 1.988000e-03 3.891760e-01
404 6.084280e-01 2.104000e-03 3.894680e-01
405 6.081040e-01 2.048000e-03 3.898480e-01
406 6.077960e-01 2.004000e-03 3.902000e-01
407 6.074960e-01 1.940000e-03 3.905640e-01
408 6.071400e-01 2.008000e-03 3.908520e-01
409 6.068040e-01 1.960000e-03 3.912360e-01
410 6.064400e-01 2.028000e-03 3.915320e-01
411 6.060600e-01 2.044000e-03 3.918960e-01
412 6.057440e-01 2.032000e-03 3.922240e-01
413 6.053720e-01 1.948000e-03 3.926800e-01
414 6.049800e-01 2.028000e-03 3.929920e-01
415 6.046000e-01 2.068000e-03 3.933320e-01
416 6.042120e-01 2.044000e-03 3.937440e-01
417 6.038920e-01 2.024000e-03 3.940840e-01
418 6.034760e-01 2.080000e-03 3.944440e-01
419 6.030080e-01 2.236000e-03 3.947560e-01
420 6.025120e-01 2.316000e-03 3.951720e-01
421 6.020240e-01 2.440000e-03 3.955360e-01
422 6.015920e-01 2.404000e-03 3.960040e-01
423 6.012280e-01 2.320000e-03 3.964520e-01
424 6.008400e-01 2.256000e-03 3.969040e-01
425 6.004920e-01 2.196000e-03 3.973120e-01
426 6.000800e-01 2.172000e-03 3.977480e-01
427 5.997080e-01 2.148000e-03 3.981440e-01
428 5.993520e-01 2.176000e-03 3.984720e-01
429 5.990360e-01 2.028000e-03 3.989360e-01
430 5.987640e-01 1.988000e-03 3.992480e-01
431 5.984720e-01 1.892000e-03 3.996360e-01
432 5.981000e-01 1.904000e-03 3.999960e-01
433 5.978840e-01 1.780000e-03 4.003360e-01
434 5.975760e-01 1.776000e-03 4.006480e-01
435 5.972480e-01 1.764000e-03 4.009880e-01
436 5.969120e-01 1.776000e-03 4.013120e-01
437 5.966480e-01 1.716000e-03 4.016360e-01
438 5.963600e-01 1.700000e-03 4.019400e-01
439 5.960000e-01 1.752000e-03 4.022480e-01
440 5.956840e-01 1.784000e-03 4.025320e-01
441 5.954240e-01 1.720000e-03 4.028560e-01
442 5.951200e-01 1.744000e-03 4.031360e-01
443 5.948160e-01 1.700000e-03 4.034840e-01
444 5.945720e-01 1.628000e-03 4.038000e-01
445 5.943000e-01 1.608000e-03 4.040920e-01
446 5.940600e-01 1.632000e-03 4.043080e-01
447 5.937520e-01 1.636000e-03 4.046120e-01
448 5.935040e-01 1.596000e-03 4.049000e-01
449 5.932920e-01 1.560000e-03 4.051480e-01
450 5.930040e-01 1.544000e-03 4.054520e-01
451 5.927800e-01 1.544000e-03 4.056760e-01
452 5.925000e-01 1.552000e-03 4.059480e-01
453 5.922360e-01 1.548000e-03 4.062160e-01
454 5.920520e-01 1.432000e-03 4.065160e-01
455 5.919120e-01 1.304000e-03 4.067840e-01
456 5.917920e-01 1.200000e-03 4.070080e-01
457 5.915840e-01 1.172000e-03 4.072440e-01
458 5.913680e-01 1.180000e-03 4.074520e-01
459 5.911880e-01 1.100000e-03 4.077120e-01
460 5.910360e-01 1.048000e-03 4.079160e-01
461 5.908840e-01 9.960000e-04 4.081200e-01
462 5.907040e-01 1.024000e-03 4.082720e-01
463 5.905640e-01 9.720000e-04 4.084640e-01
464 5.904200e-01 9.440000e-04 4.086360e-01
465 5.902840e-01 9.000000e-04 4.088160e-01
466 5.901880e-01 8.200000e-04 4.089920e-01
467 5.900600e-01 8.080000e-04 4.091320e-01
468 5.899720e-01 7.640000e-04 4.092640e-01
469 5.899040e-01 6.560000e-04 4.094400e-01
470 5.898000e-01 6.440000e-04 4.095560e-01
471 5.897080e-01 6.240000e-04 4.096680e-01
472 5.895960e-01 6.080000e-04 4.097960e-01
473 5.895040e-01 5.920000e-04 4.099040e-01
474 5.894080e-01 6.080000e-04 4.099840e-01
475 5.892720e-01 6.160000e-04 4.101120e-01
476 5.891720e-01 5.720000e-04 4.102560e-01
477 5.890440e-01 6.120000e-04 4.103440e-01
478 5.889200e-01 6.440000e-04 4.104360e-01
479 5.888240e-01 6.080000e-04 4.105680e-01
480 5.887200e-01 6.080000e-04 4.106720e-01
481 5.885200e-01 6.960000e-04 4.107840e-01
482 5.883640e-01 6.920000e-04 4.109440e-01
483 5.882440e-01 6.520000e-04 4.111040e-01
484 5.880360e-01 7.600000e-04 4.112040e-01
485 5.878720e-01 7.840000e-04 4.113440e-01
486 5.877720e-01 7.520000e-04 4.114760e-01
487 5.876160e-01 7.680000e-04 4.116160e-01
488 5.874720e-01 7.760000e-04 4.117520e-01
489 5.873280e-01 7.880000e-04 4.118840e-01
490 5.871800e-01 8.200000e-04 4.120000e-01
491 5.871080e-01 6.800000e-04 4.122120e-01
492 5.869960e-01 6.760000e-04 4.123280e-01
493 5.868520e-01 7.160000e-04 4.124320e-01
494 5.867400e-01 6.960000e-04 4.125640e-01
495 5.866160e-01 6.920000e-04 4.126920e-01
496 5.864760e-01 6.880000e-04 4.128360e-01
497 5.863240e-01 6.800000e-04 4.129960e-01
498 5.862160e-01 6.880000e-04 4.130960e-01
499 5.860560e-01 7.280000e-04 4.132160e-01
500 5.859160e-01 7.800000e-04 4.133040e-01
