1 9.992200e-01 6.760000e-04 1.040000e-04
2 9.986600e-01 1.124000e-03 2.160000e-04
3 9.980440e-01 1.544000e-03 4.120000e-04
4 9.972400e-01 2.080000e-03 6.800000e-04
5 9.964800e-01 2.432000e-03 1.088000e-03
6 9.956200e-01 2.924000e-03 1.456000e-03
7 9.947360e-01 3.240000e-03 2.024000e-03
8 9.938000e-01 3.564000e-03 2.636000e-03
9 9.927440e-01 4.008000e-03 3.248000e-03
10 9.917560e-01 4.244000e-03 4.000000e-03
11 9.906320e-01 4.480000e-03 4.888000e-03
12 9.895000e-01 4.800000e-03 5.700000e-03
13 9.882680e-01 5.200000e-03 6.532000e-03
14 9.871120e-01 5.428000e-03 7.460000e-03
15 9.858120e-01 5.744000e-03 8.444000e-03
16 9.843640e-01 6.108000e-03 9.528000e-03
17 9.832000e-01 6.124000e-03 1.067600e-02
18 9.819200e-01 6.380000e-03 1.170000e-02
19 9.806040e-01 6.512000e-03 1.288400e-02
20 9.791960e-01 6.796000e-03 1.400800e-02
21 9.777240e-01 6.980000e-03 1.529600e-02
22 9.764160e-01 7.016000e-03 1.656800e-02
23 9.751400e-01 7.040000e-03 1.782000e-02
24 9.738400e-01 7.136000e-03 1.902400e-02
25 9.723920e-01 7.392000e-03 2.021600e-02
26 9.710560e-01 7.432000e-03 2.151200e-02
27 9.695960e-01 7.512000e-03 2.289200e-02
28 9.680600e-01 7.684000e-03 2.425600e-02
29 9.665960e-01 7.680000e-03 2.572400e-02
30 9.650360e-01 7.844000e-03 2.712000e-02
31 9.634640e-01 7.992000e-03 2.854400e-02
32 9.620440e-01 8.036000e-03 2.992000e-02
33 9.605600e-01 8.072000e-03 3.136800e-02
34 9.592720e-01 7.948000e-03 3.278000e-02
35 9.577720e-01 8.052000e-03 3.417600e-02
36 9.564640e-01 8.000000e-03 3.553600e-02
37 9.550800e-01 7.980000e-03 3.694000e-02
38 9.535480e-01 8.112000e-03 3.834000e-02
39 9.521880e-01 8.020000e-03 3.979200e-02
40 9.506360e-01 8.104000e-03 4.126000e-02
41 9.492240e-01 8.152000e-03 4.262400e-02
42 9.478920e-01 8.140000e-03 4.396800e-02
43 9.463880e-01 8.224000e-03 4.538800e-02
44 9.449480e-01 8.164000e-03 4.688800e-02
45 9.433560e-01 8.408000e-03 4.823600e-02
46 9.418000e-01 8.428000e-03 4.977200e-02
47 9.402160e-01 8.504000e-03 5.128000e-02
48 9.386320e-01 8.536000e-03 5.283200e-02
49 9.369560e-01 8.604000e-03 5.444000e-02
50 9.352520e-01 8.912000e-03 5.583600e-02
51 9.334920e-01 9.096000e-03 5.741200e-02
52 9.320520e-01 9.032000e-03 5.891600e-02
53 9.304080e-01 9.048000e-03 6.054400e-02
54 9.287880e-01 9.160000e-03 6.205200e-02
55 9.271760e-01 9.064000e-03 6.376000e-02
56 9.255640e-01 9.100000e-03 6.533600e-02
57 9.240440e-01 8.944000e-03 6.701200e-02
58 9.225840e-01 8.772000e-03 6.864400e-02
59 9.211760e-01 8.716000e-03 7.010800e-02
60 9.196040e-01 8.704000e-03 7.169200e-02
61 9.181760e-01 8.744000e-03 7.308000e-02
62 9.166360e-01 8.716000e-03 7.464800e-02
63 9.152360e-01 8.640000e-03 7.612400e-02
64 9.137080e-01 8.588000e-03 7.770400e-02
65 9.121080e-01 8.688000e-03 7.920400e-02
66 9.106840e-01 8.580000e-03 8.073600e-02
67 9.092360e-01 8.576000e-03 8.218800e-02
68 9.076680e-01 8.628000e-03 8.370400e-02
69 9.061440e-01 8.588000e-03 8.526800e-02
70 9.045480e-01 8.632000e-03 8.682000e-02
71 9.031920e-01 8.448000e-03 8.836000e-02
72 9.018600e-01 8.256000e-03 8.988400e-02
73 9.003840e-01 8.324000e-03 9.129200e-02
74 8.988920e-01 8.324000e-03 9.278400e-02
75 8.975760e-01 8.184000e-03 9.424000e-02
76 8.963520e-01 7.940000e-03 9.570800e-02
77 8.950320e-01 7.856000e-03 9.711200e-02
78 8.937480e-01 7.788000e-03 9.846400e-02
79 8.923800e-01 7.820000e-03 9.980000e-02
80 8.911440e-01 7.672000e-03 1.011840e-01
81 8.898040e-01 7.656000e-03 1.025400e-01
82 8.885440e-01 7.612000e-03 1.038440e-01
83 8.872600e-01 7.452000e-03 1.052880e-01
84 8.858520e-01 7.544000e-03 1.066040e-01
85 8.846640e-01 7.380000e-03 1.079560e-01
86 8.834560e-01 7.236000e-03 1.093080e-01
87 8.821800e-01 7.328000e-03 1.104920e-01
88 8.809960e-01 7.264000e-03 1.117400e-01
89 8.798800e-01 7.196000e-03 1.129240e-01
90 8.786480e-01 7.356000e-03 1.139960e-01
91 8.774000e-01 7.248000e-03 1.153520e-01
92 8.762800e-01 7.100000e-03 1.166200e-01
93 8.751600e-01 6.952000e-03 1.178880e-01
94 8.740000e-01 6.920000e-03 1.190800e-01
95 8.728200e-01 6.832000e-03 1.203480e-01
96 8.715840e-01 6.848000e-03 1.215680e-01
97 8.703120e-01 6.848000e-03 1.228400e-01
98 8.692320e-01 6.828000e-03 1.239400e-01
99 8.680240e-01 6.824000e-03 1.251520e-01
100 8.668960e-01 6.652000e-03 1.264520e-01
101 8.658120e-01 6.456000e-03 1.277320e-01
102 8.647160e-01 6.416000e-03 1.288680e-01
103 8.636080e-01 6.448000e-03 1.299440e-01
104 8.624280e-01 6.532000e-03 1.310400e-01
105 8.611240e-01 6.800000e-03 1.320760e-01
106 8.600320e-01 6.812000e-03 1.331560e-01
107 8.587760e-01 6.892000e-03 1.343320e-01
108 8.574160e-01 7.040000e-03 1.355440e-01
109 8.559880e-01 7.152000e-03 1.368600e-01
110 8.548360e-01 7.052000e-03 1.381120e-01
111 8.533800e-01 7.232000e-03 1.393880e-01
112 8.520800e-01 7.256000e-03 1.406640e-01
113 8.507320e-01 7.232000e-03 1.420360e-01
114 8.496160e-01 7.060000e-03 1.433240e-01
115 8.483000e-01 7.096000e-03 1.446040e-01
116 8.470240e-01 7.064000e-03 1.459120e-01
117 8.457160e-01 7.040000e-03 1.472440e-01
118 8.445640e-01 7.028000e-03 1.484080e-01
119 8.432800e-01 7.020000e-03 1.497000e-01
120 8.420920e-01 7.020000e-03 1.508880e-01
121 8.408360e-01 7.028000e-03 1.521360e-01
122 8.396160e-01 7.108000e-03 1.532760e-01
123 8.384760e-01 7.076000e-03 1.544480e-01
124 8.373160e-01 7.044000e-03 1.556400e-01
125 8.359680e-01 7.196000e-03 1.568360e-01
126 8.346040e-01 7.276000e-03 1.581200e-01
127 8.332000e-01 7.452000e-03 1.593480e-01
128 8.319960e-01 7.412000e-03 1.605920e-01
129 8.306640e-01 7.468000e-03 1.618680e-01
130 8.293880e-01 7.464000e-03 1.631480e-01
131 8.281600e-01 7.476000e-03 1.643640e-01
132 8.270120e-01 7.344000e-03 1.656440e-01
133 8.257320e-01 7.284000e-03 1.669840e-01
134 8.245680e-01 7.132000e-03 1.683000e-01
135 8.234160e-01 7.008000e-03 1.695760e-01
136 8.223480e-01 6.780000e-03 1.708720e-01
137 8.212760e-01 6.640000e-03 1.720840e-01
138 8.201240e-01 6.592000e-03 1.732840e-01
139 8.190080e-01 6.484000e-03 1.745080e-01
140 8.178720e-01 6.420000e-03 1.757080e-01
141 8.168480e-01 6.328000e-03 1.768240e-01
142 8.157920e-01 6.384000e-03 1.778240e-01
143 8.147160e-01 6.244000e-03 1.790400e-01
144 8.137320e-01 6.096000e-03 1.801720e-01
145 8.126800e-01 6.108000e-03 1.812120e-01
146 8.117000e-01 5.884000e-03 1.824160e-01
147 8.106200e-01 5.920000e-03 1.834600e-01
148 8.095400e-01 5.888000e-03 1.845720e-01
149 8.086920e-01 5.792000e-03 1.855160e-01
150 8.077640e-01 5.740000e-03 1.864960e-01
151 8.069680e-01 5.656000e-03 1.873760e-01
152 8.059880e-01 5.768000e-03 1.882440e-01
153 8.050360e-01 5.704000e-03 1.892600e-01
154 8.040720e-01 5.696000e-03 1.902320e-01
155 8.031440e-01 5.520000e-03 1.913360e-01
156 8.020360e-01 5.720000e-03 1.922440e-01
157 8.010720e-01 5.704000e-03 1.932240e-01
158 8.000720e-01 5.700000e-03 1.942280e-01
159 7.991040e-01 5.784000e-03 1.951120e-01
160 7.981640e-01 5.808000e-03 1.960280e-01
161 7.971320e-01 5.880000e-03 1.969880e-01
162 7.961240e-01 5.844000e-03 1.980320e-01
163 7.953200e-01 5.636000e-03 1.990440e-01
164 7.943080e-01 5.612000e-03 2.000800e-01
165 7.933720e-01 5.576000e-03 2.010520e-01
166 7.925680e-01 5.496000e-03 2.019360e-01
167 7.917160e-01 5.416000e-03 2.028680e-01
168 7.908280e-01 5.312000e-03 2.038600e-01
169 7.900400e-01 5.144000e-03 2.048160e-01
170 7.892080e-01 5.052000e-03 2.057400e-01
171 7.883760e-01 5.056000e-03 2.065680e-01
172 7.876040e-01 4.892000e-03 2.075040e-01
173 7.868520e-01 4.740000e-03 2.084080e-01
174 7.860200e-01 4.796000e-03 2.091840e-01
175 7.853000e-01 4.696000e-03 2.100040e-01
176 7.845400e-01 4.584000e-03 2.108760e-01
177 7.838360e-01 4.428000e-03 2.117360e-01
178 7.831640e-01 4.184000e-03 2.126520e-01
179 7.826040e-01 4.072000e-03 2.133240e-01
180 7.819360e-01 4.092000e-03 2.139720e-01
181 7.812040e-01 4.080000e-03 2.147160e-01
182 7.804800e-01 4.136000e-03 2.153840e-01
183 7.798200e-01 4.204000e-03 2.159760e-01
184 7.791000e-01 4.168000e-03 2.167320e-01
185 7.784080e-01 4.276000e-03 2.173160e-01
186 7.775840e-01 4.336000e-03 2.180800e-01
187 7.768360e-01 4.296000e-03 2.188680e-01
188 7.759520e-01 4.416000e-03 2.196320e-01
189 7.750600e-01 4.472000e-03 2.204680e-01
190 7.742080e-01 4.552000e-03 2.212400e-01
191 7.734200e-01 4.576000e-03 2.220040e-01
192 7.726080e-01 4.616000e-03 2.227760e-01
193 7.716920e-01 4.796000e-03 2.235120e-01
194 7.708800e-01 4.680000e-03 2.244400e-01
195 7.700960e-01 4.544000e-03 2.253600e-01
196 7.693920e-01 4.516000e-03 2.260920e-01
197 7.685720e-01 4.604000e-03 2.268240e-01
198 7.677360e-01 4.660000e-03 2.276040e-01
199 7.668520e-01 4.704000e-03 2.284440e-01
200 7.660160e-01 4.684000e-03 2.293000e-01
201 7.652120e-01 4.596000e-03 2.301920e-01
202 7.645640e-01 4.336000e-03 2.311000e-01
203 7.639440e-01 4.188000e-03 2.318680e-01
204 7.632000e-01 4.264000e-03 2.325360e-01
205 7.625320e-01 4.100000e-03 2.333680e-01
206 7.618000e-01 4.128000e-03 2.340720e-01
207 7.611160e-01 4.048000e-03 2.348360e-01
208 7.604560e-01 4.016000e-03 2.355280e-01
209 7.596640e-01 4.108000e-03 2.362280e-01
210 7.588880e-01 4.160000e-03 2.369520e-01
211 7.581600e-01 4.112000e-03 2.377280e-01
212 7.574120e-01 4.120000e-03 2.384680e-01
213 7.566880e-01 4.064000e-03 2.392480e-01
214 7.560000e-01 3.984000e-03 2.400160e-01
215 7.553360e-01 3.996000e-03 2.406680e-01
216 7.546520e-01 3.964000e-03 2.413840e-01
217 7.540520e-01 3.876000e-03 2.420720e-01
218 7.532400e-01 4.032000e-03 2.427280e-01
219 7.525560e-01 3.996000e-03 2.434480e-01
220 7.518840e-01 3.960000e-03 2.441560e-01
221 7.511800e-01 4.044000e-03 2.447760e-01
222 7.504800e-01 4.008000e-03 2.455120e-01
223 7.498360e-01 3.948000e-03 2.462160e-01
224 7.491480e-01 3.996000e-03 2.468560e-01
225 7.484680e-01 3.972000e-03 2.475600e-01
226 7.476240e-01 4.040000e-03 2.483360e-01
227 7.468080e-01 4.128000e-03 2.490640e-01
228 7.460320e-01 4.044000e-03 2.499240e-01
229 7.453360e-01 3.992000e-03 2.506720e-01
230 7.446720e-01 3.932000e-03 2.513960e-01
231 7.439320e-01 3.984000e-03 2.520840e-01
232 7.431880e-01 3.952000e-03 2.528600e-01
233 7.426200e-01 3.796000e-03 2.535840e-01
234 7.419040e-01 3.844000e-03 2.542520e-01
235 7.412840e-01 3.796000e-03 2.549200e-01
236 7.406040e-01 3.792000e-03 2.556040e-01
237 7.399280e-01 3.720000e-03 2.563520e-01
238 7.392640e-01 3.760000e-03 2.569760e-01
239 7.386320e-01 3.780000e-03 2.575880e-01
240 7.380440e-01 3.720000e-03 2.582360e-01
241 7.374600e-01 3.632000e-03 2.589080e-01
242 7.368600e-01 3.600000e-03 2.595400e-01
243 7.362520e-01 3.572000e-03 2.601760e-01
244 7.357080e-01 3.504000e-03 2.607880e-01
245 7.351840e-01 3.440000e-03 2.613760e-01
246 7.346520e-01 3.340000e-03 2.620080e-01
247 7.340800e-01 3.304000e-03 2.626160e-01
248 7.335440e-01 3.276000e-03 2.631800e-01
249 7.329480e-01 3.264000e-03 2.637880e-01
250 7.324520e-01 3.232000e-03 2.643160e-01
251 7.318240e-01 3.412000e-03 2.647640e-01
252 7.311800e-01 3.420000e-03 2.654000e-01
253 7.305280e-01 3.416000e-03 2.660560e-01
254 7.300160e-01 3.288000e-03 2.666960e-01
255 7.294240e-01 3.284000e-03 2.672920e-01
256 7.288000e-01 3.356000e-03 2.678440e-01
257 7.282400e-01 3.264000e-03 2.684960e-01
258 7.276280e-01 3.252000e-03 2.691200e-01
259 7.270080e-01 3.380000e-03 2.696120e-01
260 7.264160e-01 3.368000e-03 2.702160e-01
261 7.257920e-01 3.364000e-03 2.708440e-01
262 7.251680e-01 3.456000e-03 2.713760e-01
263 7.244320e-01 3.604000e-03 2.719640e-01
264 7.237240e-01 3.668000e-03 2.726080e-01
265 7.229840e-01 3.756000e-03 2.732600e-01
266 7.223960e-01 3.776000e-03 2.738280e-01
267 7.217560e-01 3.788000e-03 2.744560e-01
268 7.210920e-01 3.764000e-03 2.751440e-01
269 7.204280e-01 3.780000e-03 2.757920e-01
270 7.197440e-01 3.832000e-03 2.764240e-01
271 7.189720e-01 3.872000e-03 2.771560e-01
272 7.183120e-01 3.880000e-03 2.778080e-01
273 7.176120e-01 3.876000e-03 2.785120e-01
274 7.170200e-01 3.732000e-03 2.792480e-01
275 7.163160e-01 3.832000e-03 2.798520e-01
276 7.156600e-01 3.808000e-03 2.805320e-01
277 7.151160e-01 3.672000e-03 2.812120e-01
278 7.145120e-01 3.616000e-03 2.818720e-01
279 7.139800e-01 3.536000e-03 2.824840e-01
280 7.133600e-01 3.488000e-03 2.831520e-01
281 7.128360e-01 3.356000e-03 2.838080e-01
282 7.122320e-01 3.304000e-03 2.844640e-01
283 7.117280e-01 3.188000e-03 2.850840e-01
284 7.111240e-01 3.244000e-03 2.856320e-01
285 7.105000e-01 3.336000e-03 2.861640e-01
286 7.098880e-01 3.400000e-03 2.867120e-01
287 7.092960e-01 3.432000e-03 2.872720e-01
288 7.086560e-01 3.464000e-03 2.878800e-01
289 7.080280e-01 3.408000e-03 2.885640e-01
290 7.075000e-01 3.412000e-03 2.890880e-01
291 7.069200e-01 3.436000e-03 2.896440e-01
292 7.064280e-01 3.288000e-03 2.902840e-01
293 7.059160e-01 3.216000e-03 2.908680e-01
294 7.054680e-01 3.072000e-03 2.914600e-01
295 7.049920e-01 3.092000e-03 2.919160e-01
296 7.045400e-01 2.992000e-03 2.924680e-01
297 7.038880e-01 3.148000e-03 2.929640e-01
298 7.032920e-01 3.128000e-03 2.935800e-01
299 7.027600e-01 3.148000e-03 2.940920e-01
300 7.022480e-01 3.124000e-03 2.946280e-01
301 7.016600e-01 3.168000e-03 2.951720e-01
302 7.010320e-01 3.328000e-03 2.956400e-01
303 7.004760e-01 3.208000e-03 2.963160e-01
304 6.999000e-01 3.288000e-03 2.968120e-01
305 6.994240e-01 3.264000e-03 2.973120e-01
306 6.989840e-01 3.184000e-03 2.978320e-01
307 6.984360e-01 3.088000e-03 2.984760e-01
308 6.978920e-01 3.184000e-03 2.989240e-01
309 6.972520e-01 3.128000e-03 2.996200e-01
310 6.967640e-01 3.108000e-03 3.001280e-01
311 6.961680e-01 3.180000e-03 3.006520e-01
312 6.956000e-01 3.184000e-03 3.012160e-01
313 6.949320e-01 3.348000e-03 3.017200e-01
314 6.942800e-01 3.356000e-03 3.023640e-01
315 6.936880e-01 3.460000e-03 3.028520e-01
316 6.930760e-01 3.516000e-03 3.034080e-01
317 6.925160e-01 3.396000e-03 3.040880e-01
318 6.919480e-01 3.300000e-03 3.047520e-01
319 6.914160e-01 3.244000e-03 3.053400e-01
320 6.909040e-01 3.200000e-03 3.058960e-01
321 6.904280e-01 3.080000e-03 3.064920e-01
322 6.898840e-01 3.116000e-03 3.070000e-01
323 6.892880e-01 3.120000e-03 3.075920e-01
324 6.888240e-01 3.052000e-03 3.081240e-01
325 6.883840e-01 2.964000e-03 3.086520e-01
326 6.878280e-01 2.940000e-03 3.092320e-01
327 6.872680e-01 2.968000e-03 3.097640e-01
328 6.867760e-01 2.916000e-03 3.103080e-01
329 6.862520e-01 2.940000e-03 3.108080e-01
330 6.857600e-01 2.912000e-03 3.113280e-01
331 6.852440e-01 2.916000e-03 3.118400e-01
332 6.847360e-01 2.916000e-03 3.123480e-01
333 6.842760e-01 2.896000e-03 3.128280e-01
334 6.838000e-01 2.924000e-03 3.132760e-01
335 6.833800e-01 2.760000e-03 3.138600e-01
336 6.828440e-01 2.764000e-03 3.143920e-01
337 6.824200e-01 2.724000e-03 3.148560e-01
338 6.819280e-01 2.624000e-03 3.154480e-01
339 6.815520e-01 2.528000e-03 3.159200e-01
340 6.811560e-01 2.484000e-03 3.163600e-01
341 6.808240e-01 2.392000e-03 3.167840e-01
342 6.805280e-01 2.232000e-03 3.172400e-01
343 6.801080e-01 2.268000e-03 3.176240e-01
344 6.796400e-01 2.312000e-03 3.180480e-01
345 6.792120e-01 2.308000e-03 3.184800e-01
346 6.786720e-01 2.452000e-03 3.188760e-01
347 6.781880e-01 2.500000e-03 3.193120e-01
348 6.777960e-01 2.448000e-03 3.197560e-01
349 6.772920e-01 2.524000e-03 3.201840e-01
350 6.768080e-01 2.512000e-03 3.206800e-01
351 6.765000e-01 2.420000e-03 3.210800e-01
352 6.759200e-01 2.600000e-03 3.214800e-01
353 6.754560e-01 2.612000e-03 3.219320e-01
354 6.750280e-01 2.632000e-03 3.223400e-01
355 6.745280e-01 2.716000e-03 3.227560e-01
356 6.740120e-01 2.684000e-03 3.233040e-01
357 6.735720e-01 2.644000e-03 3.237840e-01
358 6.731000e-01 2.644000e-03 3.242560e-01
359 6.726280e-01 2.636000e-03 3.247360e-01
360 6.722480e-01 2.592000e-03 3.251600e-01
361 6.718160e-01 2.548000e-03 3.256360e-01
362 6.713560e-01 2.596000e-03 3.260480e-01
363 6.709200e-01 2.636000e-03 3.264440e-01
364 6.704440e-01 2.640000e-03 3.269160e-01
365 6.699840e-01 2.592000e-03 3.274240e-01
366 6.695080e-01 2.616000e-03 3.278760e-01
367 6.690680e-01 2.584000e-03 3.283480e-01
368 6.686840e-01 2.464000e-03 3.288520e-01
369 6.682720e-01 2.436000e-03 3.292920e-01
370 6.678760e-01 2.392000e-03 3.297320e-01
371 6.674920e-01 2.412000e-03 3.300960e-01
372 6.671280e-01 2.404000e-03 3.304680e-01
373 6.666480e-01 2.460000e-03 3.308920e-01
374 6.662400e-01 2.424000e-03 3.313360e-01
375 6.657680e-01 2.500000e-03 3.317320e-01
376 6.652960e-01 2.544000e-03 3.321600e-01
377 6.648520e-01 2.592000e-03 3.325560e-01
378 6.645200e-01 2.464000e-03 3.330160e-01
379 6.641840e-01 2.420000e-03 3.333960e-01
380 6.638200e-01 2.356000e-03 3.338240e-01
381 6.634720e-01 2.332000e-03 3.341960e-01
382 6.631920e-01 2.184000e-03 3.346240e-01
383 6.628320e-01 2.192000e-03 3.349760e-01
384 6.625480e-01 2.068000e-03 3.353840e-01
385 6.621120e-01 2.108000e-03 3.357800e-01
386 6.618120e-01 2.036000e-03 3.361520e-01
387 6.615480e-01 1.944000e-03 3.365080e-01
388 6.612720e-01 1.824000e-03 3.369040e-01
389 6.610160e-01 1.756000e-03 3.372280e-01
390 6.607480e-01 1.764000e-03 3.374880e-01
391 6.604240e-01 1.840000e-03 3.377360e-01
392 6.601360e-01 1.824000e-03 3.380400e-01
393 6.598160e-01 1.840000e-03 3.383440e-01
394 6.595560e-01 1.760000e-03 3.386840e-01
395 6.592920e-01 1.668000e-03 3.390400e-01
396 6.589400e-01 1.784000e-03 3.392760e-01
397 6.587120e-01 1.760000e-03 3.395280e-01
398 6.584520e-01 1.732000e-03 3.398160e-01
399 6.581560e-01 1.772000e-03 3.400720e-01
400 6.579280e-01 1.736000e-03 3.403360e-01
401 6.576680e-01 1.676000e-03 3.406560e-01
402 6.573360e-01 1.724000e-03 3.409400e-01
403 6.571160e-01 1.688000e-03 3.411960e-01
404 6.568600e-01 1.652000e-03 3.414880e-01
405 6.566640e-01 1.536000e-03 3.418000e-01
406 6.564080e-01 1.560000e-03 3.420320e-01
407 6.562000e-01 1.512000e-03 3.422880e-01
408 6.560360e-01 1.428000e-03 3.425360e-01
409 6.557720e-01 1.400000e-03 3.428280e-01
410 6.555000e-01 1.412000e-03 3.430880e-01
411 6.552640e-01 1.464000e-03 3.432720e-01
412 6.549960e-01 1.472000e-03 3.435320e-01
413 6.547640e-01 1.428000e-03 3.438080e-01
414 6.545200e-01 1.440000e-03 3.440400e-01
415 6.542440e-01 1.448000e-03 3.443080e-01
416 6.540040e-01 1.376000e-03 3.446200e-01
417 6.537680e-01 1.420000e-03 3.448120e-01
418 6.535560e-01 1.420000e-03 3.450240e-01
419 6.533280e-01 1.400000e-03 3.452720e-01
420 6.531000e-01 1.404000e-03 3.454960e-01
421 6.528680e-01 1.356000e-03 3.457760e-01
422 6.526360e-01 1.356000e-03 3.460080e-01
423 6.523960e-01 1.304000e-03 3.463000e-01
424 6.521640e-01 1.292000e-03 3.465440e-01
425 6.519840e-01 1.244000e-03 3.467720e-01
426 6.518000e-01 1.200000e-03 3.470000e-01
427 6.516200e-01 1.220000e-03 3.471600e-01
428 6.513800e-01 1.240000e-03 3.473800e-01
429 6.511640e-01 1.256000e-03 3.475800e-01
430 6.509040e-01 1.264000e-03 3.478320e-01
431 6.506680e-01 1.292000e-03 3.480400e-01
432 6.504080e-01 1.300000e-03 3.482920e-01
433 6.501560e-01 1.356000e-03 3.484880e-01
434 6.499520e-01 1.356000e-03 3.486920e-01
435 6.497240e-01 1.312000e-03 3.489640e-01
436 6.494640e-01 1.336000e-03 3.492000e-01
437 6.492800e-01 1.312000e-03 3.494080e-01
438 6.490600e-01 1.320000e-03 3.496200e-01
439 6.488120e-01 1.364000e-03 3.498240e-01
440 6.485560e-01 1.352000e-03 3.500920e-01
441 6.483760e-01 1.276000e-03 3.503480e-01
442 6.482000e-01 1.268000e-03 3.505320e-01
443 6.480200e-01 1.292000e-03 3.506880e-01
444 6.478040e-01 1.260000e-03 3.509360e-01
445 6.475160e-01 1.272000e-03 3.512120e-01
446 6.472480e-01 1.392000e-03 3.513600e-01
447 6.470400e-01 1.356000e-03 3.516040e-01
448 6.467720e-01 1.416000e-03 3.518120e-01
449 6.465440e-01 1.444000e-03 3.520120e-01
450 6.462600e-01 1.504000e-03 3.522360e-01
451 6.459320e-01 1.556000e-03 3.525120e-01
452 6.456440e-01 1.560000e-03 3.527960e-01
453 6.453680e-01 1.556000e-03 3.530760e-01
454 6.451200e-01 1.476000e-03 3.534040e-01
455 6.448360e-01 1.544000e-03 3.536200e-01
456 6.445480e-01 1.532000e-03 3.539200e-01
457 6.442680e-01 1.544000e-03 3.541880e-01
458 6.440120e-01 1.532000e-03 3.544560e-01
459 6.437640e-01 1.444000e-03 3.547920e-01
460 6.435720e-01 1.372000e-03 3.550560e-01
461 6.433720e-01 1.376000e-03 3.552520e-01
462 6.431440e-01 1.380000e-03 3.554760e-01
463 6.429200e-01 1.324000e-03 3.557560e-01
464 6.427360e-01 1.248000e-03 3.560160e-01
465 6.425200e-01 1.228000e-03 3.562520e-01
466 6.422600e-01 1.300000e-03 3.564400e-01
467 6.420320e-01 1.260000e-03 3.567080e-01
468 6.418400e-01 1.240000e-03 3.569200e-01
469 6.416000e-01 1.264000e-03 3.571360e-01
470 6.413440e-01 1.296000e-03 3.573600e-01
471 6.410560e-01 1.360000e-03 3.575840e-01
472 6.408080e-01 1.320000e-03 3.578720e-01
473 6.405880e-01 1.296000e-03 3.581160e-01
474 6.403320e-01 1.360000e-03 3.583080e-01
475 6.401120e-01 1.320000e-03 3.585680e-01
476 6.398600e-01 1.380000e-03 3.587600e-01
477 6.396040e-01 1.388000e-03 3.590080e-01
478 6.392720e-01 1.440000e-03 3.592880e-01
479 6.389920e-01 1.460000e-03 3.595480e-01
480 6.387280e-01 1.452000e-03 3.598200e-01
481 6.385000e-01 1.456000e-03 3.600440e-01
482 6.383240e-01 1.404000e-03 3.602720e-01
483 6.380800e-01 1.440000e-03 3.604800e-01
484 6.379000e-01 1.384000e-03 3.607160e-01
485 6.377320e-01 1.308000e-03 3.609600e-01
486 6.375320e-01 1.288000e-03 3.611800e-01
487 6.373720e-01 1.220000e-03 3.614080e-01
488 6.371400e-01 1.256000e-03 3.616040e-01
489 6.369400e-01 1.224000e-03 3.618360e-01
490 6.367160e-01 1.240000e-03 3.620440e-01
491 6.365160e-01 1.220000e-03 3.622640e-01
492 6.362760e-01 1.280000e-03 3.624440e-01
493 6.361200e-01 1.216000e-03 3.626640e-01
494 6.359480e-01 1.168000e-03 3.628840e-01
495 6.357680e-01 1.124000e-03 3.631080e-01
496 6.356080e-01 1.084000e-03 3.633080e-01
497 6.353760e-01 1.120000e-03 3.635040e-01
498 6.352520e-01 1.056000e-03 3.636920e-01
499 6.351480e-01 9.680000e-04 3.638840e-01
500 6.350000e-01 9.400000e-04 3.640600e-01
