1 9.991440e-01 7.840000e-04 7.200000e-05
2 9.986360e-01 1.096000e-03 2.680000e-04
3 9.979800e-01 1.528000e-03 4.920000e-04
4 9.973440e-01 1.808000e-03 8.480000e-04
5 9.966360e-01 2.188000e-03 1.176000e-03
6 9.958880e-01 2.512000e-03 1.600000e-03
7 9.949960e-01 2.848000e-03 2.156000e-03
8 9.940920e-01 3.260000e-03 2.648000e-03
9 9.931160e-01 3.632000e-03 3.252000e-03
10 9.920920e-01 3.952000e-03 3.956000e-03
11 9.910360e-01 4.248000e-03 4.716000e-03
12 9.899480e-01 4.620000e-03 5.432000e-03
13 9.887840e-01 4.936000e-03 6.280000e-03
14 9.876360e-01 5.320000e-03 7.044000e-03
15 9.863320e-01 5.616000e-03 8.052000e-03
16 9.849760e-01 5.928000e-03 9.096000e-03
17 9.836320e-01 6.252000e-03 1.011600e-02
18 9.822840e-01 6.488000e-03 1.122800e-02
19 9.808480e-01 6.804000e-03 1.234800e-02
20 9.793360e-01 7.108000e-03 1.355600e-02
21 9.777000e-01 7.476000e-03 1.482400e-02
22 9.760280e-01 7.856000e-03 1.611600e-02
23 9.744160e-01 8.080000e-03 1.750400e-02
24 9.728520e-01 8.152000e-03 1.899600e-02
25 9.713280e-01 8.204000e-03 2.046800e-02
26 9.696160e-01 8.460000e-03 2.192400e-02
27 9.680120e-01 8.668000e-03 2.332000e-02
28 9.664080e-01 8.888000e-03 2.470400e-02
29 9.647280e-01 9.112000e-03 2.616000e-02
30 9.629640e-01 9.256000e-03 2.778000e-02
31 9.612000e-01 9.420000e-03 2.938000e-02
32 9.592960e-01 9.692000e-03 3.101200e-02
33 9.573640e-01 9.904000e-03 3.273200e-02
34 9.556000e-01 9.832000e-03 3.456800e-02
35 9.538760e-01 9.764000e-03 3.636000e-02
36 9.519880e-01 1.010000e-02 3.791200e-02
37 9.501400e-01 1.023600e-02 3.962400e-02
38 9.481440e-01 1.048000e-02 4.137600e-02
39 9.462680e-01 1.038000e-02 4.335200e-02
40 9.442760e-01 1.054000e-02 4.518400e-02
41 9.422520e-01 1.066800e-02 4.708000e-02
42 9.404040e-01 1.060400e-02 4.899200e-02
43 9.386160e-01 1.057200e-02 5.081200e-02
44 9.367880e-01 1.071600e-02 5.249600e-02
45 9.348560e-01 1.078000e-02 5.436400e-02
46 9.331400e-01 1.054400e-02 5.631600e-02
47 9.313520e-01 1.053600e-02 5.811200e-02
48 9.293000e-01 1.063600e-02 6.006400e-02
49 9.274520e-01 1.054800e-02 6.200000e-02
50 9.256240e-01 1.050000e-02 6.387600e-02
51 9.238400e-01 1.056000e-02 6.560000e-02
52 9.219720e-01 1.065200e-02 6.737600e-02
53 9.200360e-01 1.072800e-02 6.923600e-02
54 9.180560e-01 1.080800e-02 7.113600e-02
55 9.159680e-01 1.091200e-02 7.312000e-02
56 9.140360e-01 1.089200e-02 7.507200e-02
57 9.119920e-01 1.098000e-02 7.702800e-02
58 9.099760e-01 1.098000e-02 7.904400e-02
59 9.080000e-01 1.108800e-02 8.091200e-02
60 9.057840e-01 1.128000e-02 8.293600e-02
61 9.038320e-01 1.115200e-02 8.501600e-02
62 9.015440e-01 1.156400e-02 8.689200e-02
63 8.994480e-01 1.162000e-02 8.893200e-02
64 8.972760e-01 1.175200e-02 9.097200e-02
65 8.953560e-01 1.157200e-02 9.307200e-02
66 8.932720e-01 1.164000e-02 9.508800e-02
67 8.911520e-01 1.173200e-02 9.711600e-02
68 8.891680e-01 1.179200e-02 9.904000e-02
69 8.871480e-01 1.179600e-02 1.010560e-01
70 8.850080e-01 1.191600e-02 1.030760e-01
71 8.828640e-01 1.198000e-02 1.051560e-01
72 8.808240e-01 1.184000e-02 1.073360e-01
73 8.787320e-01 1.196400e-02 1.093040e-01
74 8.768400e-01 1.182800e-02 1.113320e-01
75 8.749840e-01 1.172000e-02 1.132960e-01
76 8.731000e-01 1.164800e-02 1.152520e-01
77 8.712080e-01 1.158000e-02 1.172120e-01
78 8.693360e-01 1.133200e-02 1.193320e-01
79 8.674240e-01 1.127600e-02 1.213000e-01
80 8.655680e-01 1.110800e-02 1.233240e-01
81 8.635760e-01 1.124400e-02 1.251800e-01
82 8.616120e-01 1.124400e-02 1.271440e-01
83 8.597880e-01 1.090000e-02 1.293120e-01
84 8.577040e-01 1.122800e-02 1.310680e-01
85 8.557240e-01 1.123600e-02 1.330400e-01
86 8.536160e-01 1.134400e-02 1.350400e-01
87 8.514880e-01 1.140000e-02 1.371120e-01
88 8.494400e-01 1.142000e-02 1.391400e-01
89 8.471600e-01 1.174400e-02 1.410960e-01
90 8.448800e-01 1.210400e-02 1.430160e-01
91 8.428320e-01 1.198400e-02 1.451840e-01
92 8.408600e-01 1.183600e-02 1.473040e-01
93 8.387400e-01 1.205200e-02 1.492080e-01
94 8.368440e-01 1.176000e-02 1.513960e-01
95 8.349160e-01 1.173600e-02 1.533480e-01
96 8.329120e-01 1.175600e-02 1.553320e-01
97 8.309960e-01 1.144400e-02 1.575600e-01
98 8.292160e-01 1.130800e-02 1.594760e-01
99 8.274360e-01 1.104000e-02 1.615240e-01
100 8.256160e-01 1.094800e-02 1.634360e-01
101 8.238240e-01 1.078400e-02 1.653920e-01
102 8.220440e-01 1.074000e-02 1.672160e-01
103 8.200960e-01 1.081200e-02 1.690920e-01
104 8.183560e-01 1.052000e-02 1.711240e-01
105 8.165880e-01 1.044000e-02 1.729720e-01
106 8.146880e-01 1.057600e-02 1.747360e-01
107 8.128200e-01 1.051600e-02 1.766640e-01
108 8.109000e-01 1.055600e-02 1.785440e-01
109 8.089800e-01 1.054800e-02 1.804720e-01
110 8.071640e-01 1.056400e-02 1.822720e-01
111 8.053560e-01 1.049600e-02 1.841480e-01
112 8.035280e-01 1.049600e-02 1.859760e-01
113 8.016640e-01 1.052400e-02 1.878120e-01
114 7.998040e-01 1.064800e-02 1.895480e-01
115 7.981120e-01 1.044400e-02 1.914440e-01
116 7.961600e-01 1.065600e-02 1.931840e-01
117 7.941760e-01 1.080800e-02 1.950160e-01
118 7.922120e-01 1.092400e-02 1.968640e-01
119 7.903240e-01 1.094000e-02 1.987360e-01
120 7.884080e-01 1.092000e-02 2.006720e-01
121 7.862240e-01 1.116800e-02 2.026080e-01
122 7.842280e-01 1.116400e-02 2.046080e-01
123 7.823040e-01 1.124400e-02 2.064520e-01
124 7.802040e-01 1.146000e-02 2.083360e-01
125 7.784360e-01 1.113600e-02 2.104280e-01
126 7.765200e-01 1.125600e-02 2.122240e-01
127 7.747160e-01 1.102400e-02 2.142600e-01
128 7.729080e-01 1.098000e-02 2.161120e-01
129 7.711920e-01 1.091600e-02 2.178920e-01
130 7.693480e-01 1.088400e-02 2.197680e-01
131 7.676560e-01 1.066800e-02 2.216760e-01
132 7.659280e-01 1.061600e-02 2.234560e-01
133 7.641400e-01 1.055200e-02 2.253080e-01
134 7.625000e-01 1.038400e-02 2.271160e-01
135 7.607800e-01 1.036000e-02 2.288600e-01
136 7.591080e-01 1.031600e-02 2.305760e-01
137 7.573640e-01 1.041200e-02 2.322240e-01
138 7.556960e-01 1.026400e-02 2.340400e-01
139 7.540440e-01 1.024400e-02 2.357120e-01
140 7.523120e-01 1.022400e-02 2.374640e-01
141 7.505800e-01 1.016800e-02 2.392520e-01
142 7.488920e-01 1.002000e-02 2.410880e-01
143 7.471800e-01 9.932000e-03 2.428880e-01
144 7.456760e-01 9.708000e-03 2.446160e-01
145 7.443000e-01 9.416000e-03 2.462840e-01
146 7.427160e-01 9.308000e-03 2.479760e-01
147 7.412360e-01 9.176000e-03 2.495880e-01
148 7.397760e-01 8.936000e-03 2.512880e-01
149 7.383200e-01 8.952000e-03 2.527280e-01
150 7.368680e-01 8.824000e-03 2.543080e-01
151 7.353760e-01 8.776000e-03 2.558480e-01
152 7.339400e-01 8.736000e-03 2.573240e-01
153 7.325120e-01 8.656000e-03 2.588320e-01
154 7.310680e-01 8.624000e-03 2.603080e-01
155 7.296760e-01 8.624000e-03 2.617000e-01
156 7.281800e-01 8.532000e-03 2.632880e-01
157 7.266800e-01 8.516000e-03 2.648040e-01
158 7.253800e-01 8.156000e-03 2.664640e-01
159 7.239200e-01 8.224000e-03 2.678560e-01
160 7.224760e-01 8.228000e-03 2.692960e-01
161 7.209520e-01 8.300000e-03 2.707480e-01
162 7.194880e-01 8.292000e-03 2.722200e-01
163 7.181000e-01 8.192000e-03 2.737080e-01
164 7.166280e-01 8.164000e-03 2.752080e-01
165 7.151600e-01 8.236000e-03 2.766040e-01
166 7.138200e-01 8.088000e-03 2.780920e-01
167 7.125840e-01 7.988000e-03 2.794280e-01
168 7.110600e-01 8.036000e-03 2.809040e-01
169 7.095720e-01 8.072000e-03 2.823560e-01
170 7.082160e-01 8.092000e-03 2.836920e-01
171 7.067800e-01 8.216000e-03 2.850040e-01
172 7.052240e-01 8.408000e-03 2.863680e-01
173 7.039560e-01 8.196000e-03 2.878480e-01
174 7.027440e-01 7.880000e-03 2.893760e-01
175 7.015760e-01 7.608000e-03 2.908160e-01
176 7.004960e-01 7.488000e-03 2.920160e-01
177 6.993880e-01 7.340000e-03 2.932720e-01
178 6.982840e-01 7.268000e-03 2.944480e-01
179 6.970080e-01 7.356000e-03 2.956360e-01
180 6.958760e-01 7.276000e-03 2.968480e-01
181 6.947240e-01 7.200000e-03 2.980760e-01
182 6.935960e-01 7.160000e-03 2.992440e-01
183 6.924440e-01 7.036000e-03 3.005200e-01
184 6.913560e-01 6.872000e-03 3.017720e-01
185 6.900960e-01 6.904000e-03 3.030000e-01
186 6.888800e-01 6.900000e-03 3.042200e-01
187 6.878080e-01 6.780000e-03 3.054120e-01
188 6.866720e-01 6.772000e-03 3.065560e-01
189 6.855800e-01 6.640000e-03 3.077800e-01
190 6.843680e-01 6.720000e-03 3.089120e-01
191 6.832920e-01 6.648000e-03 3.100600e-01
192 6.821360e-01 6.604000e-03 3.112600e-01
193 6.810120e-01 6.560000e-03 3.124280e-01
194 6.797960e-01 6.648000e-03 3.135560e-01
195 6.785280e-01 6.756000e-03 3.147160e-01
196 6.773240e-01 6.716000e-03 3.159600e-01
197 6.761440e-01 6.692000e-03 3.171640e-01
198 6.750960e-01 6.656000e-03 3.182480e-01
199 6.740080e-01 6.616000e-03 3.193760e-01
200 6.729240e-01 6.568000e-03 3.205080e-01
201 6.718440e-01 6.372000e-03 3.217840e-01
202 6.707520e-01 6.428000e-03 3.228200e-01
203 6.695520e-01 6.412000e-03 3.240360e-01
204 6.683640e-01 6.448000e-03 3.251880e-01
205 6.673560e-01 6.324000e-03 3.263200e-01
206 6.663280e-01 6.312000e-03 3.273600e-01
207 6.652640e-01 6.336000e-03 3.284000e-01
208 6.642760e-01 6.264000e-03 3.294600e-01
209 6.633880e-01 6.056000e-03 3.305560e-01
210 6.624280e-01 5.968000e-03 3.316040e-01
211 6.613760e-01 6.004000e-03 3.326200e-01
212 6.603480e-01 5.988000e-03 3.336640e-01
213 6.594520e-01 5.860000e-03 3.346880e-01
214 6.584920e-01 5.772000e-03 3.357360e-01
215 6.574760e-01 5.744000e-03 3.367800e-01
216 6.565160e-01 5.812000e-03 3.376720e-01
217 6.555720e-01 5.792000e-03 3.386360e-01
218 6.547040e-01 5.608000e-03 3.396880e-01
219 6.538840e-01 5.508000e-03 3.406080e-01
220 6.529600e-01 5.420000e-03 3.416200e-01
221 6.519760e-01 5.436000e-03 3.425880e-01
222 6.510240e-01 5.472000e-03 3.435040e-01
223 6.501240e-01 5.524000e-03 3.443520e-01
224 6.491240e-01 5.560000e-03 3.453160e-01
225 6.480560e-01 5.640000e-03 3.463040e-01
226 6.471480e-01 5.524000e-03 3.473280e-01
227 6.462000e-01 5.600000e-03 3.482000e-01
228 6.452600e-01 5.476000e-03 3.492640e-01
229 6.442240e-01 5.560000e-03 3.502160e-01
230 6.432960e-01 5.540000e-03 3.511640e-01
231 6.423840e-01 5.420000e-03 3.521960e-01
232 6.415400e-01 5.300000e-03 3.531600e-01
233 6.406920e-01 5.260000e-03 3.540480e-01
234 6.398160e-01 5.260000e-03 3.549240e-01
235 6.388600e-01 5.124000e-03 3.560160e-01
236 6.380800e-01 4.836000e-03 3.570840e-01
237 6.372880e-01 4.680000e-03 3.580320e-01
238 6.365720e-01 4.584000e-03 3.588440e-01
239 6.357840e-01 4.652000e-03 3.595640e-01
240 6.349760e-01 4.692000e-03 3.603320e-01
241 6.342600e-01 4.536000e-03 3.612040e-01
242 6.334520e-01 4.452000e-03 3.620960e-01
243 6.327200e-01 4.408000e-03 3.628720e-01
244 6.318360e-01 4.532000e-03 3.636320e-01
245 6.310840e-01 4.440000e-03 3.644760e-01
246 6.303760e-01 4.492000e-03 3.651320e-01
247 6.295920e-01 4.528000e-03 3.658800e-01
248 6.289000e-01 4.500000e-03 3.666000e-01
249 6.281800e-01 4.400000e-03 3.674200e-01
250 6.274280e-01 4.464000e-03 3.681080e-01
251 6.266640e-01 4.364000e-03 3.689720e-01
252 6.258840e-01 4.384000e-03 3.697320e-01
253 6.251400e-01 4.392000e-03 3.704680e-01
254 6.244480e-01 4.388000e-03 3.711640e-01
255 6.236840e-01 4.368000e-03 3.719480e-01
256 6.229840e-01 4.192000e-03 3.728240e-01
257 6.222280e-01 4.140000e-03 3.736320e-01
258 6.214600e-01 4.196000e-03 3.743440e-01
259 6.208080e-01 4.080000e-03 3.751120e-01
260 6.201400e-01 4.068000e-03 3.757920e-01
261 6.195440e-01 3.940000e-03 3.765160e-01
262 6.189120e-01 3.968000e-03 3.771200e-01
263 6.181760e-01 4.040000e-03 3.777840e-01
264 6.175280e-01 3.800000e-03 3.786720e-01
265 6.169000e-01 3.756000e-03 3.793440e-01
266 6.162520e-01 3.776000e-03 3.799720e-01
267 6.157040e-01 3.736000e-03 3.805600e-01
268 6.151160e-01 3.716000e-03 3.811680e-01
269 6.145640e-01 3.588000e-03 3.818480e-01
270 6.140040e-01 3.484000e-03 3.825120e-01
271 6.135000e-01 3.344000e-03 3.831560e-01
272 6.129400e-01 3.336000e-03 3.837240e-01
273 6.123920e-01 3.264000e-03 3.843440e-01
274 6.118440e-01 3.256000e-03 3.849000e-01
275 6.112920e-01 3.216000e-03 3.854920e-01
276 6.108600e-01 3.096000e-03 3.860440e-01
277 6.104440e-01 3.076000e-03 3.864800e-01
278 6.099720e-01 3.044000e-03 3.869840e-01
279 6.095840e-01 2.900000e-03 3.875160e-01
280 6.091000e-01 2.904000e-03 3.879960e-01
281 6.086720e-01 2.800000e-03 3.885280e-01
282 6.082080e-01 2.760000e-03 3.890320e-01
283 6.077240e-01 2.772000e-03 3.895040e-01
284 6.072920e-01 2.716000e-03 3.899920e-01
285 6.068680e-01 2.656000e-03 3.904760e-01
286 6.064120e-01 2.632000e-03 3.909560e-01
287 6.059480e-01 2.652000e-03 3.914000e-01
288 6.055360e-01 2.596000e-03 3.918680e-01
289 6.050560e-01 2.584000e-03 3.923600e-01
290 6.045840e-01 2.528000e-03 3.928880e-01
291 6.042160e-01 2.404000e-03 3.933800e-01
292 6.037640e-01 2.472000e-03 3.937640e-01
293 6.032680e-01 2.568000e-03 3.941640e-01
294 6.028080e-01 2.548000e-03 3.946440e-01
295 6.023840e-01 2.556000e-03 3.950600e-01
296 6.020160e-01 2.488000e-03 3.954960e-01
297 6.015360e-01 2.536000e-03 3.959280e-01
298 6.011360e-01 2.456000e-03 3.964080e-01
299 6.007520e-01 2.436000e-03 3.968120e-01
300 6.003080e-01 2.552000e-03 3.971400e-01
301 5.999080e-01 2.516000e-03 3.975760e-01
302 5.995200e-01 2.440000e-03 3.980400e-01
303 5.990680e-01 2.512000e-03 3.984200e-01
304 5.986600e-01 2.452000e-03 3.988880e-01
305 5.982960e-01 2.408000e-03 3.992960e-01
306 5.979640e-01 2.328000e-03 3.997080e-01
307 5.976400e-01 2.196000e-03 4.001640e-01
308 5.972680e-01 2.220000e-03 4.005120e-01
309 5.968720e-01 2.248000e-03 4.008800e-01
310 5.964680e-01 2.312000e-03 4.012200e-01
311 5.960800e-01 2.300000e-03 4.016200e-01
312 5.956920e-01 2.248000e-03 4.020600e-01
313 5.952960e-01 2.304000e-03 4.024000e-01
314 5.949480e-01 2.252000e-03 4.028000e-01
315 5.945920e-01 2.252000e-03 4.031560e-01
316 5.941640e-01 2.300000e-03 4.035360e-01
317 5.937120e-01 2.336000e-03 4.039520e-01
318 5.933440e-01 2.296000e-03 4.043600e-01
319 5.929200e-01 2.320000e-03 4.047600e-01
320 5.924960e-01 2.360000e-03 4.051440e-01
321 5.921400e-01 2.348000e-03 4.055120e-01
322 5.917040e-01 2.336000e-03 4.059600e-01
323 5.914320e-01 2.204000e-03 4.063640e-01
324 5.910240e-01 2.220000e-03 4.067560e-01
325 5.906240e-01 2.212000e-03 4.071640e-01
326 5.902840e-01 2.140000e-03 4.075760e-01
327 5.899640e-01 2.084000e-03 4.079520e-01
328 5.896240e-01 2.004000e-03 4.083720e-01
329 5.892760e-01 1.960000e-03 4.087640e-01
330 5.889880e-01 1.920000e-03 4.090920e-01
331 5.886920e-01 1.824000e-03 4.094840e-01
332 5.883280e-01 1.904000e-03 4.097680e-01
333 5.880000e-01 1.852000e-03 4.101480e-01
334 5.877680e-01 1.772000e-03 4.104600e-01
335 5.874280e-01 1.780000e-03 4.107920e-01
336 5.871920e-01 1.628000e-03 4.111800e-01
337 5.868800e-01 1.664000e-03 4.114560e-01
338 5.866640e-01 1.552000e-03 4.117840e-01
339 5.864240e-01 1.520000e-03 4.120560e-01
340 5.861800e-01 1.476000e-03 4.123440e-01
341 5.858880e-01 1.492000e-03 4.126200e-01
342 5.856240e-01 1.460000e-03 4.129160e-01
343 5.853240e-01 1.524000e-03 4.131520e-01
344 5.851040e-01 1.504000e-03 4.133920e-01
345 5.848320e-01 1.524000e-03 4.136440e-01
346 5.845840e-01 1.476000e-03 4.139400e-01
347 5.844000e-01 1.420000e-03 4.141800e-01
348 5.841640e-01 1.444000e-03 4.143920e-01
349 5.839640e-01 1.404000e-03 4.146320e-01
350 5.837360e-01 1.392000e-03 4.148720e-01
351 5.835600e-01 1.388000e-03 4.150520e-01
352 5.833760e-01 1.312000e-03 4.153120e-01
353 5.831960e-01 1.240000e-03 4.155640e-01
354 5.830400e-01 1.200000e-03 4.157600e-01
355 5.828840e-01 1.124000e-03 4.159920e-01
356 5.826960e-01 1.120000e-03 4.161840e-01
357 5.825240e-01 1.080000e-03 4.163960e-01
358 5.823440e-01 1.088000e-03 4.165680e-01
359 5.821480e-01 1.076000e-03 4.167760e-01
360 5.819560e-01 1.060000e-03 4.169840e-01
361 5.817320e-01 1.088000e-03 4.171800e-01
362 5.814880e-01 1.176000e-03 4.173360e-01
363 5.811480e-01 1.300000e-03 4.175520e-01
364 5.808840e-01 1.316000e-03 4.178000e-01
365 5.806080e-01 1.388000e-03 4.180040e-01
366 5.803760e-01 1.428000e-03 4.181960e-01
367 5.800520e-01 1.508000e-03 4.184400e-01
368 5.797920e-01 1.508000e-03 4.187000e-01
369 5.795200e-01 1.524000e-03 4.189560e-01
370 5.793040e-01 1.504000e-03 4.191920e-01
371 5.790680e-01 1.452000e-03 4.194800e-01
372 5.788240e-01 1.428000e-03 4.197480e-01
373 5.785480e-01 1.400000e-03 4.200520e-01
374 5.782840e-01 1.388000e-03 4.203280e-01
375 5.780680e-01 1.388000e-03 4.205440e-01
376 5.778320e-01 1.396000e-03 4.207720e-01
377 5.776480e-01 1.356000e-03 4.209960e-01
378 5.773640e-01 1.356000e-03 4.212800e-01
379 5.770920e-01 1.404000e-03 4.215040e-01
380 5.768440e-01 1.436000e-03 4.217200e-01
381 5.766480e-01 1.380000e-03 4.219720e-01
382 5.764320e-01 1.340000e-03 4.222280e-01
383 5.762080e-01 1.360000e-03 4.224320e-01
384 5.759560e-01 1.340000e-03 4.227040e-01
385 5.757760e-01 1.288000e-03 4.229360e-01
386 5.755440e-01 1.224000e-03 4.232320e-01
387 5.753240e-01 1.240000e-03 4.234360e-01
388 5.751200e-01 1.228000e-03 4.236520e-01
389 5.749360e-01 1.196000e-03 4.238680e-01
390 5.747920e-01 1.176000e-03 4.240320e-01
391 5.745920e-01 1.136000e-03 4.242720e-01
392 5.744120e-01 1.108000e-03 4.244800e-01
393 5.742440e-01 1.132000e-03 4.246240e-01
394 5.740720e-01 1.076000e-03 4.248520e-01
395 5.738760e-01 1.072000e-03 4.250520e-01
396 5.736560e-01 1.100000e-03 4.252440e-01
397 5.734880e-01 1.072000e-03 4.254400e-01
398 5.733000e-01 1.040000e-03 4.256600e-01
399 5.730640e-01 1.120000e-03 4.258160e-01
400 5.728440e-01 1.156000e-03 4.260000e-01
401 5.726240e-01 1.168000e-03 4.262080e-01
402 5.723800e-01 1.216000e-03 4.264040e-01
403 5.721160e-01 1.260000e-03 4.266240e-01
404 5.719360e-01 1.244000e-03 4.268200e-01
405 5.717200e-01 1.252000e-03 4.270280e-01
406 5.715040e-01 1.224000e-03 4.272720e-01
407 5.712360e-01 1.236000e-03 4.275280e-01
408 5.709920e-01 1.272000e-03 4.277360e-01
409 5.707760e-01 1.256000e-03 4.279680e-01
410 5.705720e-01 1.232000e-03 4.281960e-01
411 5.703840e-01 1.184000e-03 4.284320e-01
412 5.701440e-01 1.252000e-03 4.286040e-01
413 5.699360e-01 1.236000e-03 4.288280e-01
414 5.696800e-01 1.264000e-03 4.290560e-01
415 5.695680e-01 1.172000e-03 4.292600e-01
416 5.694160e-01 1.108000e-03 4.294760e-01
417 5.693040e-01 1.040000e-03 4.296560e-01
418 5.692000e-01 9.880000e-04 4.298120e-01
419 5.691160e-01 9.040000e-04 4.299800e-01
420 5.690120e-01 8.440000e-04 4.301440e-01
421 5.688800e-01 8.440000e-04 4.302760e-01
422 5.687720e-01 7.920000e-04 4.304360e-01
423 5.686200e-01 8.480000e-04 4.305320e-01
424 5.684920e-01 7.960000e-04 4.307120e-01
425 5.684160e-01 7.560000e-04 4.308280e-01
426 5.682920e-01 7.520000e-04 4.309560e-01
427 5.681320e-01 7.720000e-04 4.310960e-01
428 5.679800e-01 8.040000e-04 4.312160e-01
429 5.678720e-01 7.400000e-04 4.313880e-01
430 5.677280e-01 7.640000e-04 4.315080e-01
431 5.675480e-01 7.960000e-04 4.316560e-01
432 5.673960e-01 8.120000e-04 4.317920e-01
433 5.672200e-01 8.320000e-04 4.319480e-01
434 5.671080e-01 7.720000e-04 4.321200e-01
435 5.669760e-01 7.560000e-04 4.322680e-01
436 5.668160e-01 7.840000e-04 4.324000e-01
437 5.666800e-01 7.840000e-04 4.325360e-01
438 5.665240e-01 8.160000e-04 4.326600e-01
439 5.663480e-01 8.680000e-04 4.327840e-01
440 5.662000e-01 8.920000e-04 4.329080e-01
441 5.660040e-01 9.440000e-04 4.330520e-01
442 5.658120e-01 9.440000e-04 4.332440e-01
443 5.656720e-01 9.360000e-04 4.333920e-01
444 5.655400e-01 9.120000e-04 4.335480e-01
445 5.654000e-01 8.760000e-04 4.337240e-01
446 5.652760e-01 8.600000e-04 4.338640e-01
447 5.651040e-01 8.760000e-04 4.340200e-01
448 5.649600e-01 8.720000e-04 4.341680e-01
449 5.648440e-01 8.400000e-04 4.343160e-01
450 5.647120e-01 8.240000e-04 4.344640e-01
451 5.645720e-01 8.400000e-04 4.345880e-01
452 5.644600e-01 8.400000e-04 4.347000e-01
453 5.643280e-01 8.240000e-04 4.348480e-01
454 5.642200e-01 7.760000e-04 4.350040e-01
455 5.640920e-01 7.840000e-04 4.351240e-01
456 5.639880e-01 7.600000e-04 4.352520e-01
457 5.638600e-01 7.280000e-04 4.354120e-01
458 5.637040e-01 7.360000e-04 4.355600e-01
459 5.635880e-01 7.360000e-04 4.356760e-01
460 5.634320e-01 7.840000e-04 4.357840e-01
461 5.633040e-01 8.280000e-04 4.358680e-01
462 5.631440e-01 8.680000e-04 4.359880e-01
463 5.629960e-01 8.880000e-04 4.361160e-01
464 5.628680e-01 8.680000e-04 4.362640e-01
465 5.627320e-01 8.400000e-04 4.364280e-01
466 5.625880e-01 8.720000e-04 4.365400e-01
467 5.624440e-01 8.960000e-04 4.366600e-01
468 5.623360e-01 8.040000e-04 4.368600e-01
469 5.622160e-01 7.560000e-04 4.370280e-01
470 5.620920e-01 7.240000e-04 4.371840e-01
471 5.620080e-01 6.760000e-04 4.373160e-01
472 5.618720e-01 7.080000e-04 4.374200e-01
473 5.617400e-01 7.240000e-04 4.375360e-01
474 5.616560e-01 6.760000e-04 4.376680e-01
475 5.615400e-01 6.760000e-04 4.377840e-01
476 5.614480e-01 6.320000e-04 4.379200e-01
477 5.613400e-01 6.680000e-04 4.379920e-01
478 5.612400e-01 6.680000e-04 4.380920e-01
479 5.610800e-01 7.040000e-04 4.382160e-01
480 5.609520e-01 6.800000e-04 4.383680e-01
481 5.608680e-01 6.160000e-04 4.385160e-01
482 5.606960e-01 6.680000e-04 4.386360e-01
483 5.606120e-01 6.560000e-04 4.387320e-01
484 5.605040e-01 6.480000e-04 4.388480e-01
485 5.604080e-01 6.720000e-04 4.389200e-01
486 5.603120e-01 6.720000e-04 4.390160e-01
487 5.602280e-01 6.440000e-04 4.391280e-01
488 5.601400e-01 6.480000e-04 4.392120e-01
489 5.600520e-01 6.440000e-04 4.393040e-01
490 5.599600e-01 6.240000e-04 4.394160e-01
491 5.598360e-01 6.520000e-04 4.395120e-01
492 5.597480e-01 6.320000e-04 4.396200e-01
493 5.596480e-01 6.200000e-04 4.397320e-01
494 5.595560e-01 5.880000e-04 4.398560e-01
495 5.594480e-01 6.000000e-04 4.399520e-01
496 5.593400e-01 5.720000e-04 4.400880e-01
497 5.592400e-01 6.080000e-04 4.401520e-01
498 5.590840e-01 6.400000e-04 4.402760e-01
499 5.589720e-01 6.080000e-04 4.404200e-01
500 5.588280e-01 6.800000e-04 4.404920e-01
