1 9.992200e-01 7.120000e-04 6.800000e-05
2 9.986920e-01 1.100000e-03 2.080000e-04
3 9.980120e-01 1.568000e-03 4.200000e-04
4 9.972920e-01 1.980000e-03 7.280000e-04
5 9.964480e-01 2.396000e-03 1.156000e-03
6 9.956560e-01 2.700000e-03 1.644000e-03
7 9.948040e-01 2.992000e-03 2.204000e-03
8 9.937960e-01 3.460000e-03 2.744000e-03
9 9.927040e-01 3.944000e-03 3.352000e-03
10 9.916560e-01 4.296000e-03 4.048000e-03
11 9.906560e-01 4.500000e-03 4.844000e-03
12 9.895880e-01 4.736000e-03 5.676000e-03
13 9.884400e-01 4.972000e-03 6.588000e-03
14 9.871680e-01 5.360000e-03 7.472000e-03
15 9.859640e-01 5.628000e-03 8.408000e-03
16 9.848680e-01 5.748000e-03 9.384000e-03
17 9.836400e-01 6.004000e-03 1.035600e-02
18 9.823480e-01 6.176000e-03 1.147600e-02
19 9.810440e-01 6.444000e-03 1.251200e-02
20 9.797880e-01 6.632000e-03 1.358000e-02
21 9.785440e-01 6.776000e-03 1.468000e-02
22 9.770520e-01 7.012000e-03 1.593600e-02
23 9.756720e-01 7.128000e-03 1.720000e-02
24 9.742560e-01 7.264000e-03 1.848000e-02
25 9.726880e-01 7.512000e-03 1.980000e-02
26 9.713240e-01 7.500000e-03 2.117600e-02
27 9.698840e-01 7.628000e-03 2.248800e-02
28 9.684400e-01 7.696000e-03 2.386400e-02
29 9.669040e-01 7.932000e-03 2.516400e-02
30 9.653120e-01 8.148000e-03 2.654000e-02
31 9.637840e-01 8.312000e-03 2.790400e-02
32 9.621440e-01 8.484000e-03 2.937200e-02
33 9.604560e-01 8.724000e-03 3.082000e-02
34 9.589280e-01 8.796000e-03 3.227600e-02
35 9.573160e-01 8.972000e-03 3.371200e-02
36 9.555360e-01 9.148000e-03 3.531600e-02
37 9.538080e-01 9.252000e-03 3.694000e-02
38 9.521080e-01 9.352000e-03 3.854000e-02
39 9.505720e-01 9.200000e-03 4.022800e-02
40 9.490040e-01 9.116000e-03 4.188000e-02
41 9.474720e-01 9.124000e-03 4.340400e-02
42 9.459520e-01 9.032000e-03 4.501600e-02
43 9.443840e-01 8.912000e-03 4.670400e-02
44 9.427640e-01 8.928000e-03 4.830800e-02
45 9.413000e-01 8.804000e-03 4.989600e-02
46 9.396920e-01 8.860000e-03 5.144800e-02
47 9.381240e-01 8.976000e-03 5.290000e-02
48 9.364800e-01 9.080000e-03 5.444000e-02
49 9.346920e-01 9.236000e-03 5.607200e-02
50 9.329680e-01 9.256000e-03 5.777600e-02
51 9.312760e-01 9.304000e-03 5.942000e-02
52 9.295760e-01 9.424000e-03 6.100000e-02
53 9.278560e-01 9.688000e-03 6.245600e-02
54 9.262280e-01 9.672000e-03 6.410000e-02
55 9.246760e-01 9.692000e-03 6.563200e-02
56 9.229800e-01 9.804000e-03 6.721600e-02
57 9.212400e-01 9.836000e-03 6.892400e-02
58 9.194760e-01 9.740000e-03 7.078400e-02
59 9.175680e-01 9.944000e-03 7.248800e-02
60 9.157520e-01 1.004000e-02 7.420800e-02
61 9.139560e-01 1.015200e-02 7.589200e-02
62 9.119240e-01 1.032800e-02 7.774800e-02
63 9.100400e-01 1.042000e-02 7.954000e-02
64 9.080800e-01 1.047600e-02 8.144400e-02
65 9.063000e-01 1.050000e-02 8.320000e-02
66 9.044200e-01 1.054000e-02 8.504000e-02
67 9.023560e-01 1.055200e-02 8.709200e-02
68 9.005600e-01 1.053600e-02 8.890400e-02
69 8.985880e-01 1.059600e-02 9.081600e-02
70 8.967320e-01 1.060400e-02 9.266400e-02
71 8.948120e-01 1.053600e-02 9.465200e-02
72 8.929440e-01 1.058400e-02 9.647200e-02
73 8.910480e-01 1.074400e-02 9.820800e-02
74 8.890840e-01 1.083200e-02 1.000840e-01
75 8.873640e-01 1.070400e-02 1.019320e-01
76 8.855160e-01 1.075200e-02 1.037320e-01
77 8.837640e-01 1.048800e-02 1.057480e-01
78 8.819680e-01 1.047600e-02 1.075560e-01
79 8.801000e-01 1.044400e-02 1.094560e-01
80 8.781920e-01 1.066000e-02 1.111480e-01
81 8.762240e-01 1.075600e-02 1.130200e-01
82 8.745000e-01 1.072400e-02 1.147760e-01
83 8.728640e-01 1.041200e-02 1.167240e-01
84 8.713400e-01 1.009200e-02 1.185680e-01
85 8.696880e-01 9.912000e-03 1.204000e-01
86 8.681320e-01 9.852000e-03 1.220160e-01
87 8.665360e-01 9.856000e-03 1.236080e-01
88 8.649920e-01 9.672000e-03 1.253360e-01
89 8.633600e-01 9.664000e-03 1.269760e-01
90 8.617480e-01 9.500000e-03 1.287520e-01
91 8.600880e-01 9.532000e-03 1.303800e-01
92 8.583960e-01 9.784000e-03 1.318200e-01
93 8.568400e-01 9.620000e-03 1.335400e-01
94 8.553040e-01 9.360000e-03 1.353360e-01
95 8.539960e-01 8.956000e-03 1.370480e-01
96 8.526720e-01 8.724000e-03 1.386040e-01
97 8.512320e-01 8.668000e-03 1.401000e-01
98 8.497480e-01 8.628000e-03 1.416240e-01
99 8.481640e-01 8.740000e-03 1.430960e-01
100 8.466440e-01 8.844000e-03 1.445120e-01
101 8.449240e-01 9.096000e-03 1.459800e-01
102 8.432640e-01 9.312000e-03 1.474240e-01
103 8.416160e-01 9.308000e-03 1.490760e-01
104 8.400760e-01 9.152000e-03 1.507720e-01
105 8.385160e-01 9.164000e-03 1.523200e-01
106 8.370200e-01 8.840000e-03 1.541400e-01
107 8.353640e-01 8.972000e-03 1.556640e-01
108 8.338480e-01 8.936000e-03 1.572160e-01
109 8.322920e-01 9.020000e-03 1.586880e-01
110 8.308840e-01 8.924000e-03 1.601920e-01
111 8.294360e-01 8.936000e-03 1.616280e-01
112 8.280240e-01 8.676000e-03 1.633000e-01
113 8.267560e-01 8.396000e-03 1.648480e-01
114 8.252920e-01 8.464000e-03 1.662440e-01
115 8.238160e-01 8.436000e-03 1.677480e-01
116 8.224400e-01 8.288000e-03 1.692720e-01
117 8.209320e-01 8.288000e-03 1.707800e-01
118 8.195240e-01 8.244000e-03 1.722320e-01
119 8.180280e-01 8.268000e-03 1.737040e-01
120 8.166720e-01 8.208000e-03 1.751200e-01
121 8.154360e-01 8.072000e-03 1.764920e-01
122 8.141840e-01 7.744000e-03 1.780720e-01
123 8.129160e-01 7.692000e-03 1.793920e-01
124 8.117200e-01 7.508000e-03 1.807720e-01
125 8.104800e-01 7.508000e-03 1.820120e-01
126 8.093520e-01 7.196000e-03 1.834520e-01
127 8.081880e-01 7.104000e-03 1.847080e-01
128 8.070840e-01 7.088000e-03 1.858280e-01
129 8.058560e-01 7.120000e-03 1.870240e-01
130 8.046920e-01 7.024000e-03 1.882840e-01
131 8.033440e-01 7.104000e-03 1.895520e-01
132 8.020160e-01 7.268000e-03 1.907160e-01
133 8.007600e-01 7.192000e-03 1.920480e-01
134 7.995120e-01 7.068000e-03 1.934200e-01
135 7.983360e-01 6.912000e-03 1.947520e-01
136 7.969400e-01 7.036000e-03 1.960240e-01
137 7.957720e-01 6.928000e-03 1.973000e-01
138 7.945840e-01 6.968000e-03 1.984480e-01
139 7.934400e-01 6.948000e-03 1.996120e-01
140 7.922920e-01 6.876000e-03 2.008320e-01
141 7.912280e-01 6.700000e-03 2.020720e-01
142 7.900600e-01 6.712000e-03 2.032280e-01
143 7.888600e-01 6.740000e-03 2.044000e-01
144 7.877120e-01 6.588000e-03 2.057000e-01
145 7.865240e-01 6.496000e-03 2.069800e-01
146 7.854040e-01 6.536000e-03 2.080600e-01
147 7.842360e-01 6.588000e-03 2.091760e-01
148 7.831840e-01 6.524000e-03 2.102920e-01
149 7.819880e-01 6.552000e-03 2.114600e-01
150 7.808920e-01 6.416000e-03 2.126920e-01
151 7.798280e-01 6.372000e-03 2.138000e-01
152 7.786840e-01 6.436000e-03 2.148800e-01
153 7.775120e-01 6.580000e-03 2.159080e-01
154 7.762720e-01 6.700000e-03 2.170280e-01
155 7.750520e-01 6.744000e-03 2.182040e-01
156 7.738640e-01 6.816000e-03 2.193200e-01
157 7.727640e-01 6.676000e-03 2.205600e-01
158 7.716800e-01 6.640000e-03 2.216800e-01
159 7.705440e-01 6.680000e-03 2.227760e-01
160 7.693440e-01 6.736000e-03 2.239200e-01
161 7.682400e-01 6.732000e-03 2.250280e-01
162 7.670480e-01 6.780000e-03 2.261720e-01
163 7.658280e-01 6.816000e-03 2.273560e-01
164 7.645640e-01 6.900000e-03 2.285360e-01
165 7.633920e-01 6.940000e-03 2.296680e-01
166 7.622560e-01 6.928000e-03 2.308160e-01
167 7.611320e-01 6.840000e-03 2.320280e-01
168 7.597960e-01 6.952000e-03 2.332520e-01
169 7.585520e-01 6.944000e-03 2.345040e-01
170 7.573200e-01 6.960000e-03 2.357200e-01
171 7.561880e-01 6.956000e-03 2.368560e-01
172 7.550360e-01 6.932000e-03 2.380320e-01
173 7.539120e-01 6.912000e-03 2.391760e-01
174 7.527760e-01 6.808000e-03 2.404160e-01
175 7.516520e-01 6.796000e-03 2.415520e-01
176 7.504080e-01 6.772000e-03 2.428200e-01
177 7.492760e-01 6.768000e-03 2.439560e-01
178 7.481880e-01 6.776000e-03 2.450360e-01
179 7.467760e-01 6.948000e-03 2.462760e-01
180 7.454440e-01 7.008000e-03 2.475480e-01
181 7.441800e-01 7.164000e-03 2.486560e-01
182 7.429520e-01 7.164000e-03 2.498840e-01
183 7.417320e-01 7.212000e-03 2.510560e-01
184 7.405480e-01 7.108000e-03 2.523440e-01
185 7.394960e-01 6.928000e-03 2.535760e-01
186 7.384840e-01 6.720000e-03 2.547960e-01
187 7.374200e-01 6.524000e-03 2.560560e-01
188 7.363360e-01 6.616000e-03 2.570480e-01
189 7.354360e-01 6.312000e-03 2.582520e-01
190 7.344560e-01 6.204000e-03 2.593400e-01
191 7.334720e-01 6.084000e-03 2.604440e-01
192 7.324600e-01 5.980000e-03 2.615600e-01
193 7.315880e-01 5.792000e-03 2.626200e-01
194 7.307240e-01 5.552000e-03 2.637240e-01
195 7.298040e-01 5.516000e-03 2.646800e-01
196 7.287600e-01 5.604000e-03 2.656360e-01
197 7.278040e-01 5.624000e-03 2.665720e-01
198 7.269880e-01 5.372000e-03 2.676400e-01
199 7.260240e-01 5.400000e-03 2.685760e-01
200 7.251800e-01 5.284000e-03 2.695360e-01
201 7.241320e-01 5.332000e-03 2.705360e-01
202 7.230400e-01 5.476000e-03 2.714840e-01
203 7.219200e-01 5.736000e-03 2.723440e-01
204 7.209160e-01 5.660000e-03 2.734240e-01
205 7.198200e-01 5.732000e-03 2.744480e-01
206 7.188360e-01 5.688000e-03 2.754760e-01
207 7.179760e-01 5.560000e-03 2.764640e-01
208 7.169880e-01 5.644000e-03 2.773680e-01
209 7.161360e-01 5.452000e-03 2.784120e-01
210 7.151840e-01 5.512000e-03 2.793040e-01
211 7.142560e-01 5.548000e-03 2.801960e-01
212 7.133320e-01 5.536000e-03 2.811320e-01
213 7.123720e-01 5.472000e-03 2.821560e-01
214 7.114640e-01 5.288000e-03 2.832480e-01
215 7.107560e-01 5.144000e-03 2.841000e-01
216 7.099960e-01 5.020000e-03 2.849840e-01
217 7.092240e-01 4.820000e-03 2.859560e-01
218 7.085280e-01 4.620000e-03 2.868520e-01
219 7.078040e-01 4.588000e-03 2.876080e-01
220 7.070800e-01 4.468000e-03 2.884520e-01
221 7.063680e-01 4.444000e-03 2.891880e-01
222 7.056320e-01 4.432000e-03 2.899360e-01
223 7.049800e-01 4.364000e-03 2.906560e-01
224 7.043400e-01 4.288000e-03 2.913720e-01
225 7.036200e-01 4.220000e-03 2.921600e-01
226 7.028200e-01 4.212000e-03 2.929680e-01
227 7.020280e-01 4.212000e-03 2.937600e-01
228 7.013080e-01 4.192000e-03 2.945000e-01
229 7.005680e-01 4.268000e-03 2.951640e-01
230 6.998000e-01 4.408000e-03 2.957920e-01
231 6.991200e-01 4.256000e-03 2.966240e-01
232 6.984960e-01 4.168000e-03 2.973360e-01
233 6.979040e-01 4.068000e-03 2.980280e-01
234 6.972680e-01 3.984000e-03 2.987480e-01
235 6.965520e-01 4.056000e-03 2.993920e-01
236 6.958880e-01 3.984000e-03 3.001280e-01
237 6.951480e-01 4.000000e-03 3.008520e-01
238 6.943840e-01 4.104000e-03 3.015120e-01
239 6.936560e-01 4.136000e-03 3.022080e-01
240 6.928520e-01 4.308000e-03 3.028400e-01
241 6.920800e-01 4.180000e-03 3.037400e-01
242 6.914240e-01 4.100000e-03 3.044760e-01
243 6.908080e-01 4.008000e-03 3.051840e-01
244 6.901040e-01 4.056000e-03 3.058400e-01
245 6.894680e-01 3.992000e-03 3.065400e-01
246 6.887360e-01 4.032000e-03 3.072320e-01
247 6.880160e-01 4.036000e-03 3.079480e-01
248 6.873080e-01 4.056000e-03 3.086360e-01
249 6.866240e-01 4.092000e-03 3.092840e-01
250 6.857960e-01 4.192000e-03 3.100120e-01
251 6.850520e-01 4.316000e-03 3.106320e-01
252 6.843400e-01 4.248000e-03 3.114120e-01
253 6.836880e-01 4.120000e-03 3.121920e-01
254 6.830080e-01 4.092000e-03 3.129000e-01
255 6.823240e-01 4.124000e-03 3.135520e-01
256 6.816480e-01 4.132000e-03 3.142200e-01
257 6.810040e-01 4.136000e-03 3.148600e-01
258 6.802960e-01 4.104000e-03 3.156000e-01
259 6.796440e-01 4.016000e-03 3.163400e-01
260 6.791000e-01 3.868000e-03 3.170320e-01
261 6.785000e-01 3.748000e-03 3.177520e-01
262 6.779280e-01 3.688000e-03 3.183840e-01
263 6.773920e-01 3.616000e-03 3.189920e-01
264 6.767880e-01 3.612000e-03 3.196000e-01
265 6.761480e-01 3.648000e-03 3.202040e-01
266 6.755560e-01 3.608000e-03 3.208360e-01
267 6.748920e-01 3.600000e-03 3.215080e-01
268 6.742240e-01 3.636000e-03 3.221400e-01
269 6.736640e-01 3.560000e-03 3.227760e-01
270 6.730920e-01 3.496000e-03 3.234120e-01
271 6.725800e-01 3.424000e-03 3.239960e-01
272 6.720760e-01 3.340000e-03 3.245840e-01
273 6.715520e-01 3.340000e-03 3.251080e-01
274 6.710000e-01 3.260000e-03 3.257400e-01
275 6.705080e-01 3.136000e-03 3.263560e-01
276 6.699360e-01 3.188000e-03 3.268760e-01
277 6.695120e-01 2.948000e-03 3.275400e-01
278 6.690560e-01 3.012000e-03 3.279320e-01
279 6.686640e-01 2.904000e-03 3.284320e-01
280 6.681360e-01 2.888000e-03 3.289760e-01
281 6.677000e-01 2.816000e-03 3.294840e-01
282 6.672320e-01 2.836000e-03 3.299320e-01
283 6.668360e-01 2.728000e-03 3.304360e-01
284 6.663520e-01 2.692000e-03 3.309560e-01
285 6.659640e-01 2.588000e-03 3.314480e-01
286 6.656120e-01 2.516000e-03 3.318720e-01
287 6.653040e-01 2.372000e-03 3.323240e-01
288 6.649200e-01 2.296000e-03 3.327840e-01
289 6.645280e-01 2.280000e-03 3.331920e-01
290 6.641080e-01 2.320000e-03 3.335720e-01
291 6.637640e-01 2.264000e-03 3.339720e-01
292 6.633440e-01 2.320000e-03 3.343360e-01
293 6.629880e-01 2.320000e-03 3.346920e-01
294 6.626400e-01 2.328000e-03 3.350320e-01
295 6.621880e-01 2.392000e-03 3.354200e-01
296 6.618840e-01 2.332000e-03 3.357840e-01
297 6.614880e-01 2.284000e-03 3.362280e-01
298 6.611720e-01 2.156000e-03 3.366720e-01
299 6.608520e-01 2.048000e-03 3.371000e-01
300 6.604880e-01 2.052000e-03 3.374600e-01
301 6.601800e-01 1.988000e-03 3.378320e-01
302 6.598520e-01 1.952000e-03 3.381960e-01
303 6.594480e-01 2.020000e-03 3.385320e-01
304 6.590760e-01 2.044000e-03 3.388800e-01
305 6.587840e-01 1.972000e-03 3.392440e-01
306 6.584600e-01 1.996000e-03 3.395440e-01
307 6.580800e-01 1.976000e-03 3.399440e-01
308 6.577560e-01 1.980000e-03 3.402640e-01
309 6.574200e-01 1.956000e-03 3.406240e-01
310 6.571080e-01 1.916000e-03 3.409760e-01
311 6.568160e-01 1.912000e-03 3.412720e-01
312 6.566120e-01 1.832000e-03 3.415560e-01
313 6.563320e-01 1.800000e-03 3.418680e-01
314 6.561200e-01 1.736000e-03 3.421440e-01
315 6.558440e-01 1.688000e-03 3.424680e-01
316 6.555720e-01 1.668000e-03 3.427600e-01
317 6.552120e-01 1.764000e-03 3.430240e-01
318 6.548680e-01 1.780000e-03 3.433520e-01
319 6.545280e-01 1.760000e-03 3.437120e-01
320 6.541720e-01 1.800000e-03 3.440280e-01
321 6.538760e-01 1.788000e-03 3.443360e-01
322 6.536280e-01 1.712000e-03 3.446600e-01
323 6.534560e-01 1.636000e-03 3.449080e-01
324 6.532520e-01 1.552000e-03 3.451960e-01
325 6.529840e-01 1.552000e-03 3.454640e-01
326 6.527480e-01 1.508000e-03 3.457440e-01
327 6.524800e-01 1.532000e-03 3.459880e-01
328 6.521400e-01 1.588000e-03 3.462720e-01
329 6.518840e-01 1.536000e-03 3.465800e-01
330 6.515960e-01 1.572000e-03 3.468320e-01
331 6.513480e-01 1.564000e-03 3.470880e-01
332 6.510840e-01 1.564000e-03 3.473520e-01
333 6.507880e-01 1.508000e-03 3.477040e-01
334 6.504440e-01 1.556000e-03 3.480000e-01
335 6.501600e-01 1.532000e-03 3.483080e-01
336 6.498600e-01 1.568000e-03 3.485720e-01
337 6.495200e-01 1.580000e-03 3.489000e-01
338 6.492200e-01 1.604000e-03 3.491760e-01
339 6.489600e-01 1.564000e-03 3.494760e-01
340 6.486680e-01 1.556000e-03 3.497760e-01
341 6.483880e-01 1.564000e-03 3.500480e-01
342 6.481480e-01 1.548000e-03 3.503040e-01
343 6.478240e-01 1.600000e-03 3.505760e-01
344 6.475600e-01 1.604000e-03 3.508360e-01
345 6.473280e-01 1.544000e-03 3.511280e-01
346 6.471160e-01 1.504000e-03 3.513800e-01
347 6.469280e-01 1.428000e-03 3.516440e-01
348 6.467800e-01 1.312000e-03 3.519080e-01
349 6.466200e-01 1.268000e-03 3.521120e-01
350 6.464760e-01 1.152000e-03 3.523720e-01
351 6.463400e-01 1.088000e-03 3.525720e-01
352 6.461760e-01 1.076000e-03 3.527480e-01
353 6.459720e-01 1.092000e-03 3.529360e-01
354 6.458200e-01 1.056000e-03 3.531240e-01
355 6.455960e-01 1.064000e-03 3.533400e-01
356 6.454120e-01 1.092000e-03 3.534960e-01
357 6.452200e-01 1.080000e-03 3.537000e-01
358 6.449960e-01 1.116000e-03 3.538880e-01
359 6.447280e-01 1.192000e-03 3.540800e-01
360 6.444800e-01 1.228000e-03 3.542920e-01
361 6.442160e-01 1.316000e-03 3.544680e-01
362 6.439960e-01 1.280000e-03 3.547240e-01
363 6.437600e-01 1.272000e-03 3.549680e-01
364 6.435360e-01 1.280000e-03 3.551840e-01
365 6.432320e-01 1.352000e-03 3.554160e-01
366 6.429520e-01 1.376000e-03 3.556720e-01
367 6.427160e-01 1.384000e-03 3.559000e-01
368 6.425120e-01 1.340000e-03 3.561480e-01
369 6.422800e-01 1.356000e-03 3.563640e-01
370 6.420240e-01 1.328000e-03 3.566480e-01
371 6.417960e-01 1.308000e-03 3.568960e-01
372 6.415520e-01 1.352000e-03 3.570960e-01
373 6.413160e-01 1.328000e-03 3.573560e-01
374 6.410920e-01 1.356000e-03 3.575520e-01
375 6.408440e-01 1.340000e-03 3.578160e-01
376 6.406440e-01 1.296000e-03 3.580600e-01
377 6.404720e-01 1.264000e-03 3.582640e-01
378 6.403320e-01 1.248000e-03 3.584200e-01
379 6.401080e-01 1.272000e-03 3.586200e-01
380 6.399360e-01 1.232000e-03 3.588320e-01
381 6.397560e-01 1.192000e-03 3.590520e-01
382 6.395760e-01 1.228000e-03 3.591960e-01
383 6.393760e-01 1.204000e-03 3.594200e-01
384 6.392240e-01 1.140000e-03 3.596360e-01
385 6.391160e-01 1.068000e-03 3.598160e-01
386 6.389840e-01 1.028000e-03 3.599880e-01
387 6.388400e-01 1.060000e-03 3.601000e-01
388 6.387600e-01 1.016000e-03 3.602240e-01
389 6.386920e-01 9.320000e-04 3.603760e-01
390 6.385840e-01 9.120000e-04 3.605040e-01
391 6.384520e-01 8.720000e-04 3.606760e-01
392 6.383400e-01 8.400000e-04 3.608200e-01
393 6.381920e-01 8.560000e-04 3.609520e-01
394 6.381080e-01 7.760000e-04 3.611160e-01
395 6.379840e-01 7.440000e-04 3.612720e-01
396 6.378720e-01 7.320000e-04 3.613960e-01
397 6.377280e-01 7.400000e-04 3.615320e-01
398 6.376160e-01 7.160000e-04 3.616680e-01
399 6.374880e-01 7.360000e-04 3.617760e-01
400 6.373720e-01 7.640000e-04 3.618640e-01
401 6.372400e-01 7.640000e-04 3.619960e-01
402 6.370760e-01 7.720000e-04 3.621520e-01
403 6.369080e-01 7.840000e-04 3.623080e-01
404 6.367800e-01 8.160000e-04 3.624040e-01
405 6.366680e-01 7.480000e-04 3.625840e-01
406 6.365280e-01 7.600000e-04 3.627120e-01
407 6.363840e-01 7.600000e-04 3.628560e-01
408 6.361880e-01 8.560000e-04 3.629560e-01
409 6.359920e-01 9.040000e-04 3.631040e-01
410 6.358480e-01 9.040000e-04 3.632480e-01
411 6.356560e-01 8.960000e-04 3.634480e-01
412 6.354760e-01 9.240000e-04 3.636000e-01
413 6.353240e-01 9.000000e-04 3.637760e-01
414 6.351440e-01 8.920000e-04 3.639640e-01
415 6.349800e-01 8.600000e-04 3.641600e-01
416 6.348160e-01 8.760000e-04 3.643080e-01
417 6.345920e-01 9.920000e-04 3.644160e-01
418 6.343800e-01 1.016000e-03 3.646040e-01
419 6.342280e-01 9.960000e-04 3.647760e-01
420 6.340120e-01 1.068000e-03 3.649200e-01
421 6.338640e-01 1.072000e-03 3.650640e-01
422 6.337600e-01 1.000000e-03 3.652400e-01
423 6.336440e-01 9.800000e-04 3.653760e-01
424 6.334920e-01 9.600000e-04 3.655480e-01
425 6.334040e-01 8.800000e-04 3.657160e-01
426 6.332640e-01 8.800000e-04 3.658560e-01
427 6.331480e-01 8.480000e-04 3.660040e-01
428 6.330240e-01 8.280000e-04 3.661480e-01
429 6.328880e-01 8.000000e-04 3.663120e-01
430 6.327000e-01 8.400000e-04 3.664600e-01
431 6.326040e-01 7.920000e-04 3.666040e-01
432 6.324880e-01 7.800000e-04 3.667320e-01
433 6.323600e-01 7.960000e-04 3.668440e-01
434 6.322400e-01 7.720000e-04 3.669880e-01
435 6.321520e-01 7.000000e-04 3.671480e-01
436 6.320720e-01 6.440000e-04 3.672840e-01
437 6.319800e-01 6.240000e-04 3.673960e-01
438 6.319160e-01 5.680000e-04 3.675160e-01
439 6.318480e-01 5.600000e-04 3.675920e-01
440 6.317520e-01 5.680000e-04 3.676800e-01
441 6.316720e-01 5.200000e-04 3.678080e-01
442 6.315480e-01 5.480000e-04 3.679040e-01
443 6.314080e-01 5.760000e-04 3.680160e-01
444 6.313040e-01 5.840000e-04 3.681120e-01
445 6.312160e-01 5.800000e-04 3.682040e-01
446 6.311320e-01 5.760000e-04 3.682920e-01
447 6.310320e-01 5.760000e-04 3.683920e-01
448 6.309400e-01 5.720000e-04 3.684880e-01
449 6.308240e-01 5.640000e-04 3.686120e-01
450 6.307240e-01 5.720000e-04 3.687040e-01
451 6.306240e-01 5.880000e-04 3.687880e-01
452 6.305320e-01 6.160000e-04 3.688520e-01
453 6.304480e-01 6.160000e-04 3.689360e-01
454 6.303560e-01 6.400000e-04 3.690040e-01
455 6.302320e-01 6.440000e-04 3.691240e-01
456 6.301160e-01 6.600000e-04 3.692240e-01
457 6.300120e-01 6.360000e-04 3.693520e-01
458 6.299200e-01 6.040000e-04 3.694760e-01
459 6.298360e-01 5.640000e-04 3.696000e-01
460 6.296880e-01 6.240000e-04 3.696880e-01
461 6.295480e-01 6.600000e-04 3.697920e-01
462 6.294480e-01 6.480000e-04 3.699040e-01
463 6.293560e-01 6.080000e-04 3.700360e-01
464 6.292560e-01 6.280000e-04 3.701160e-01
465 6.291600e-01 6.200000e-04 3.702200e-01
466 6.290360e-01 6.240000e-04 3.703400e-01
467 6.289640e-01 6.040000e-04 3.704320e-01
468 6.288720e-01 5.840000e-04 3.705440e-01
469 6.288080e-01 5.240000e-04 3.706680e-01
470 6.286800e-01 5.520000e-04 3.707680e-01
471 6.285920e-01 5.680000e-04 3.708400e-01
472 6.284880e-01 5.560000e-04 3.709560e-01
473 6.284040e-01 5.400000e-04 3.710560e-01
474 6.283240e-01 5.560000e-04 3.711200e-01
475 6.282680e-01 5.240000e-04 3.712080e-01
476 6.281760e-01 5.200000e-04 3.713040e-01
477 6.280760e-01 5.160000e-04 3.714080e-01
478 6.279880e-01 5.080000e-04 3.715040e-01
479 6.279160e-01 4.920000e-04 3.715920e-01
480 6.278200e-01 5.120000e-04 3.716680e-01
481 6.277040e-01 5.400000e-04 3.717560e-01
482 6.276240e-01 5.120000e-04 3.718640e-01
483 6.275680e-01 4.920000e-04 3.719400e-01
484 6.275240e-01 4.680000e-04 3.720080e-01
485 6.274560e-01 4.440000e-04 3.721000e-01
486 6.273640e-01 4.720000e-04 3.721640e-01
487 6.273040e-01 4.240000e-04 3.722720e-01
488 6.272520e-01 3.880000e-04 3.723600e-01
489 6.271640e-01 4.400000e-04 3.723960e-01
490 6.270880e-01 4.200000e-04 3.724920e-01
491 6.270280e-01 4.040000e-04 3.725680e-01
492 6.269680e-01 3.840000e-04 3.726480e-01
493 6.269280e-01 3.680000e-04 3.727040e-01
494 6.268760e-01 3.600000e-04 3.727640e-01
495 6.268040e-01 3.760000e-04 3.728200e-01
496 6.267360e-01 3.920000e-04 3.728720e-01
497 6.266560e-01 3.880000e-04 3.729560e-01
498 6.266080e-01 3.800000e-04 3.730120e-01
499 6.265680e-01 3.400000e-04 3.730920e-01
500 6.265440e-01 2.960000e-04 3.731600e-01
