1 9.991880e-01 7.120000e-04 1.000000e-04
2 9.986600e-01 1.100000e-03 2.400000e-04
3 9.980600e-01 1.508000e-03 4.320000e-04
4 9.974320e-01 1.840000e-03 7.280000e-04
5 9.967200e-01 2.168000e-03 1.112000e-03
6 9.959320e-01 2.500000e-03 1.568000e-03
7 9.951160e-01 2.804000e-03 2.080000e-03
8 9.942360e-01 3.220000e-03 2.544000e-03
9 9.931400e-01 3.704000e-03 3.156000e-03
10 9.920440e-01 4.112000e-03 3.844000e-03
11 9.908800e-01 4.416000e-03 4.704000e-03
12 9.898320e-01 4.624000e-03 5.544000e-03
13 9.886720e-01 5.040000e-03 6.288000e-03
14 9.875280e-01 5.256000e-03 7.216000e-03
15 9.863360e-01 5.496000e-03 8.168000e-03
16 9.851280e-01 5.748000e-03 9.124000e-03
17 9.839840e-01 5.884000e-03 1.013200e-02
18 9.828800e-01 5.752000e-03 1.136800e-02
19 9.815760e-01 6.012000e-03 1.241200e-02
20 9.803520e-01 6.160000e-03 1.348800e-02
21 9.790040e-01 6.432000e-03 1.456400e-02
22 9.775520e-01 6.708000e-03 1.574000e-02
23 9.764360e-01 6.624000e-03 1.694000e-02
24 9.751800e-01 6.684000e-03 1.813600e-02
25 9.738040e-01 6.880000e-03 1.931600e-02
26 9.722600e-01 7.136000e-03 2.060400e-02
27 9.710320e-01 7.252000e-03 2.171600e-02
28 9.696720e-01 7.292000e-03 2.303600e-02
29 9.681960e-01 7.520000e-03 2.428400e-02
30 9.668640e-01 7.572000e-03 2.556400e-02
31 9.653600e-01 7.736000e-03 2.690400e-02
32 9.639760e-01 7.764000e-03 2.826000e-02
33 9.624840e-01 7.980000e-03 2.953600e-02
34 9.611280e-01 7.932000e-03 3.094000e-02
35 9.595560e-01 8.088000e-03 3.235600e-02
36 9.580040e-01 8.212000e-03 3.378400e-02
37 9.563360e-01 8.512000e-03 3.515200e-02
38 9.547600e-01 8.628000e-03 3.661200e-02
39 9.531400e-01 8.784000e-03 3.807600e-02
40 9.515640e-01 8.808000e-03 3.962800e-02
41 9.499600e-01 8.848000e-03 4.119200e-02
42 9.484000e-01 8.864000e-03 4.273600e-02
43 9.468200e-01 8.828000e-03 4.435200e-02
44 9.452480e-01 8.952000e-03 4.580000e-02
45 9.437520e-01 9.040000e-03 4.720800e-02
46 9.423120e-01 9.036000e-03 4.865200e-02
47 9.407520e-01 9.116000e-03 5.013200e-02
48 9.392200e-01 9.132000e-03 5.164800e-02
49 9.375080e-01 9.368000e-03 5.312400e-02
50 9.358040e-01 9.388000e-03 5.480800e-02
51 9.341480e-01 9.408000e-03 5.644400e-02
52 9.324240e-01 9.352000e-03 5.822400e-02
53 9.307880e-01 9.256000e-03 5.995600e-02
54 9.289960e-01 9.464000e-03 6.154000e-02
55 9.272480e-01 9.604000e-03 6.314800e-02
56 9.254360e-01 9.832000e-03 6.473200e-02
57 9.237320e-01 9.812000e-03 6.645600e-02
58 9.221160e-01 9.768000e-03 6.811600e-02
59 9.203560e-01 9.896000e-03 6.974800e-02
60 9.186560e-01 9.916000e-03 7.142800e-02
61 9.168640e-01 9.864000e-03 7.327200e-02
62 9.151400e-01 9.796000e-03 7.506400e-02
63 9.133240e-01 9.960000e-03 7.671600e-02
64 9.116080e-01 1.003200e-02 7.836000e-02
65 9.097560e-01 1.007200e-02 8.017200e-02
66 9.080320e-01 1.012000e-02 8.184800e-02
67 9.063280e-01 9.940000e-03 8.373200e-02
68 9.048000e-01 9.700000e-03 8.550000e-02
69 9.031320e-01 9.540000e-03 8.732800e-02
70 9.014240e-01 9.608000e-03 8.896800e-02
71 8.997560e-01 9.608000e-03 9.063600e-02
72 8.982200e-01 9.476000e-03 9.230400e-02
73 8.966720e-01 9.464000e-03 9.386400e-02
74 8.949920e-01 9.396000e-03 9.561200e-02
75 8.933720e-01 9.404000e-03 9.722400e-02
76 8.918360e-01 9.336000e-03 9.882800e-02
77 8.903040e-01 9.216000e-03 1.004800e-01
78 8.887920e-01 9.216000e-03 1.019920e-01
79 8.872320e-01 9.184000e-03 1.035840e-01
80 8.857360e-01 8.996000e-03 1.052680e-01
81 8.843920e-01 8.740000e-03 1.068680e-01
82 8.828800e-01 8.716000e-03 1.084040e-01
83 8.813280e-01 8.600000e-03 1.100720e-01
84 8.797400e-01 8.568000e-03 1.116920e-01
85 8.783080e-01 8.532000e-03 1.131600e-01
86 8.768800e-01 8.376000e-03 1.147440e-01
87 8.753960e-01 8.424000e-03 1.161800e-01
88 8.740880e-01 8.236000e-03 1.176760e-01
89 8.725240e-01 8.360000e-03 1.191160e-01
90 8.709640e-01 8.344000e-03 1.206920e-01
91 8.696160e-01 8.216000e-03 1.221680e-01
92 8.681600e-01 8.248000e-03 1.235920e-01
93 8.667240e-01 8.244000e-03 1.250320e-01
94 8.654760e-01 8.028000e-03 1.264960e-01
95 8.640320e-01 7.964000e-03 1.280040e-01
96 8.625520e-01 8.116000e-03 1.293320e-01
97 8.610040e-01 8.268000e-03 1.307280e-01
98 8.595720e-01 8.120000e-03 1.323080e-01
99 8.581360e-01 8.124000e-03 1.337400e-01
100 8.565880e-01 8.188000e-03 1.352240e-01
101 8.551200e-01 8.216000e-03 1.366640e-01
102 8.536080e-01 8.336000e-03 1.380560e-01
103 8.521760e-01 8.260000e-03 1.395640e-01
104 8.507680e-01 8.172000e-03 1.410600e-01
105 8.491760e-01 8.300000e-03 1.425240e-01
106 8.478160e-01 8.212000e-03 1.439720e-01
107 8.462960e-01 8.268000e-03 1.454360e-01
108 8.447640e-01 8.268000e-03 1.469680e-01
109 8.433360e-01 8.316000e-03 1.483480e-01
110 8.419120e-01 8.396000e-03 1.496920e-01
111 8.403560e-01 8.484000e-03 1.511600e-01
112 8.388440e-01 8.592000e-03 1.525640e-01
113 8.373400e-01 8.580000e-03 1.540800e-01
114 8.359120e-01 8.592000e-03 1.554960e-01
115 8.344520e-01 8.516000e-03 1.570320e-01
116 8.331200e-01 8.456000e-03 1.584240e-01
117 8.316600e-01 8.556000e-03 1.597840e-01
118 8.301920e-01 8.524000e-03 1.612840e-01
119 8.287160e-01 8.452000e-03 1.628320e-01
120 8.271720e-01 8.604000e-03 1.642240e-01
121 8.257120e-01 8.564000e-03 1.657240e-01
122 8.242880e-01 8.540000e-03 1.671720e-01
123 8.227880e-01 8.616000e-03 1.685960e-01
124 8.212920e-01 8.676000e-03 1.700320e-01
125 8.199160e-01 8.620000e-03 1.714640e-01
126 8.184520e-01 8.712000e-03 1.728360e-01
127 8.170160e-01 8.620000e-03 1.743640e-01
128 8.156240e-01 8.484000e-03 1.758920e-01
129 8.141200e-01 8.516000e-03 1.773640e-01
130 8.127120e-01 8.372000e-03 1.789160e-01
131 8.112080e-01 8.344000e-03 1.804480e-01
132 8.098000e-01 8.220000e-03 1.819800e-01
133 8.085160e-01 8.048000e-03 1.834360e-01
134 8.072200e-01 7.904000e-03 1.848760e-01
135 8.059760e-01 7.788000e-03 1.862360e-01
136 8.044720e-01 7.924000e-03 1.876040e-01
137 8.032720e-01 7.784000e-03 1.889440e-01
138 8.021120e-01 7.624000e-03 1.902640e-01
139 8.007000e-01 7.628000e-03 1.916720e-01
140 7.995880e-01 7.420000e-03 1.929920e-01
141 7.984280e-01 7.192000e-03 1.943800e-01
142 7.973680e-01 7.000000e-03 1.956320e-01
143 7.962520e-01 6.932000e-03 1.968160e-01
144 7.950440e-01 6.916000e-03 1.980400e-01
145 7.937360e-01 6.956000e-03 1.993080e-01
146 7.925240e-01 6.912000e-03 2.005640e-01
147 7.913240e-01 6.860000e-03 2.018160e-01
148 7.900720e-01 6.880000e-03 2.030480e-01
149 7.889480e-01 6.728000e-03 2.043240e-01
150 7.877640e-01 6.800000e-03 2.054360e-01
151 7.865080e-01 6.844000e-03 2.066480e-01
152 7.853160e-01 6.900000e-03 2.077840e-01
153 7.841040e-01 7.000000e-03 2.088960e-01
154 7.828760e-01 7.040000e-03 2.100840e-01
155 7.816120e-01 7.060000e-03 2.113280e-01
156 7.802200e-01 7.260000e-03 2.125200e-01
157 7.788880e-01 7.228000e-03 2.138840e-01
158 7.775360e-01 7.332000e-03 2.151320e-01
159 7.763320e-01 7.312000e-03 2.163560e-01
160 7.749920e-01 7.400000e-03 2.176080e-01
161 7.736400e-01 7.452000e-03 2.189080e-01
162 7.725160e-01 7.280000e-03 2.202040e-01
163 7.713280e-01 7.220000e-03 2.214520e-01
164 7.701520e-01 7.128000e-03 2.227200e-01
165 7.690520e-01 7.036000e-03 2.239120e-01
166 7.679800e-01 6.972000e-03 2.250480e-01
167 7.667040e-01 7.076000e-03 2.262200e-01
168 7.655240e-01 6.940000e-03 2.275360e-01
169 7.643520e-01 6.928000e-03 2.287200e-01
170 7.631360e-01 6.888000e-03 2.299760e-01
171 7.618240e-01 6.904000e-03 2.312720e-01
172 7.606440e-01 6.964000e-03 2.323920e-01
173 7.595600e-01 6.988000e-03 2.334520e-01
174 7.583800e-01 6.900000e-03 2.347200e-01
175 7.571840e-01 6.920000e-03 2.358960e-01
176 7.560520e-01 6.780000e-03 2.371680e-01
177 7.548040e-01 6.852000e-03 2.383440e-01
178 7.536680e-01 6.848000e-03 2.394840e-01
179 7.525760e-01 6.744000e-03 2.406800e-01
180 7.514840e-01 6.688000e-03 2.418280e-01
181 7.501640e-01 6.780000e-03 2.430560e-01
182 7.489680e-01 6.732000e-03 2.443000e-01
183 7.478400e-01 6.516000e-03 2.456440e-01
184 7.466080e-01 6.628000e-03 2.467640e-01
185 7.455280e-01 6.448000e-03 2.480240e-01
186 7.444840e-01 6.404000e-03 2.491120e-01
187 7.433920e-01 6.440000e-03 2.501680e-01
188 7.424560e-01 6.256000e-03 2.512880e-01
189 7.415240e-01 6.116000e-03 2.523600e-01
190 7.407360e-01 5.852000e-03 2.534120e-01
191 7.397640e-01 5.768000e-03 2.544680e-01
192 7.389040e-01 5.640000e-03 2.554560e-01
193 7.380880e-01 5.480000e-03 2.564320e-01
194 7.370680e-01 5.580000e-03 2.573520e-01
195 7.362480e-01 5.392000e-03 2.583600e-01
196 7.354200e-01 5.240000e-03 2.593400e-01
197 7.344520e-01 5.336000e-03 2.602120e-01
198 7.334400e-01 5.400000e-03 2.611600e-01
199 7.324680e-01 5.376000e-03 2.621560e-01
200 7.315960e-01 5.432000e-03 2.629720e-01
201 7.306760e-01 5.384000e-03 2.639400e-01
202 7.297080e-01 5.504000e-03 2.647880e-01
203 7.287560e-01 5.436000e-03 2.658080e-01
204 7.278560e-01 5.416000e-03 2.667280e-01
205 7.269440e-01 5.392000e-03 2.676640e-01
206 7.260720e-01 5.332000e-03 2.685960e-01
207 7.252640e-01 5.268000e-03 2.694680e-01
208 7.243720e-01 5.272000e-03 2.703560e-01
209 7.234920e-01 5.192000e-03 2.713160e-01
210 7.226720e-01 5.048000e-03 2.722800e-01
211 7.219120e-01 5.016000e-03 2.730720e-01
212 7.212360e-01 4.768000e-03 2.739960e-01
213 7.204120e-01 4.712000e-03 2.748760e-01
214 7.196760e-01 4.568000e-03 2.757560e-01
215 7.188840e-01 4.572000e-03 2.765440e-01
216 7.180360e-01 4.628000e-03 2.773360e-01
217 7.171240e-01 4.764000e-03 2.781120e-01
218 7.162040e-01 4.876000e-03 2.789200e-01
219 7.153520e-01 4.840000e-03 2.798080e-01
220 7.143920e-01 4.960000e-03 2.806480e-01
221 7.135240e-01 4.936000e-03 2.815400e-01
222 7.127520e-01 4.792000e-03 2.824560e-01
223 7.120280e-01 4.620000e-03 2.833520e-01
224 7.112720e-01 4.520000e-03 2.842080e-01
225 7.104440e-01 4.492000e-03 2.850640e-01
226 7.096760e-01 4.444000e-03 2.858800e-01
227 7.088600e-01 4.520000e-03 2.866200e-01
228 7.080480e-01 4.472000e-03 2.874800e-01
229 7.072200e-01 4.572000e-03 2.882080e-01
230 7.063400e-01 4.640000e-03 2.890200e-01
231 7.055880e-01 4.612000e-03 2.898000e-01
232 7.048200e-01 4.580000e-03 2.906000e-01
233 7.041480e-01 4.468000e-03 2.913840e-01
234 7.033520e-01 4.544000e-03 2.921040e-01
235 7.025800e-01 4.588000e-03 2.928320e-01
236 7.019040e-01 4.484000e-03 2.936120e-01
237 7.012040e-01 4.432000e-03 2.943640e-01
238 7.005680e-01 4.340000e-03 2.950920e-01
239 6.998040e-01 4.336000e-03 2.958600e-01
240 6.990760e-01 4.316000e-03 2.966080e-01
241 6.983520e-01 4.244000e-03 2.974040e-01
242 6.975400e-01 4.272000e-03 2.981880e-01
243 6.968040e-01 4.320000e-03 2.988760e-01
244 6.960200e-01 4.344000e-03 2.996360e-01
245 6.953200e-01 4.276000e-03 3.004040e-01
246 6.945040e-01 4.276000e-03 3.012200e-01
247 6.937160e-01 4.272000e-03 3.020120e-01
248 6.931240e-01 4.192000e-03 3.026840e-01
249 6.924200e-01 4.188000e-03 3.033920e-01
250 6.917240e-01 4.164000e-03 3.041120e-01
251 6.911440e-01 4.032000e-03 3.048240e-01
252 6.905440e-01 3.948000e-03 3.055080e-01
253 6.900200e-01 3.804000e-03 3.061760e-01
254 6.893840e-01 3.784000e-03 3.068320e-01
255 6.888760e-01 3.576000e-03 3.075480e-01
256 6.883400e-01 3.572000e-03 3.080880e-01
257 6.877200e-01 3.648000e-03 3.086320e-01
258 6.869760e-01 3.664000e-03 3.093600e-01
259 6.862680e-01 3.720000e-03 3.100120e-01
260 6.856120e-01 3.784000e-03 3.106040e-01
261 6.849800e-01 3.728000e-03 3.112920e-01
262 6.842440e-01 3.820000e-03 3.119360e-01
263 6.835920e-01 3.816000e-03 3.125920e-01
264 6.829520e-01 3.872000e-03 3.131760e-01
265 6.823720e-01 3.864000e-03 3.137640e-01
266 6.819040e-01 3.636000e-03 3.144600e-01
267 6.814120e-01 3.476000e-03 3.151120e-01
268 6.808920e-01 3.460000e-03 3.156480e-01
269 6.802560e-01 3.480000e-03 3.162640e-01
270 6.797400e-01 3.448000e-03 3.168120e-01
271 6.791720e-01 3.364000e-03 3.174640e-01
272 6.786480e-01 3.320000e-03 3.180320e-01
273 6.781400e-01 3.108000e-03 3.187520e-01
274 6.775400e-01 3.200000e-03 3.192600e-01
275 6.770840e-01 3.116000e-03 3.198000e-01
276 6.766280e-01 3.016000e-03 3.203560e-01
277 6.761320e-01 2.944000e-03 3.209240e-01
278 6.756360e-01 2.932000e-03 3.214320e-01
279 6.751480e-01 2.956000e-03 3.218960e-01
280 6.746680e-01 2.916000e-03 3.224160e-01
281 6.741280e-01 2.920000e-03 3.229520e-01
282 6.736600e-01 2.924000e-03 3.234160e-01
283 6.732120e-01 2.924000e-03 3.238640e-01
284 6.727200e-01 2.860000e-03 3.244200e-01
285 6.722080e-01 2.912000e-03 3.248800e-01
286 6.717680e-01 2.860000e-03 3.253720e-01
287 6.712920e-01 2.828000e-03 3.258800e-01
288 6.708480e-01 2.796000e-03 3.263560e-01
289 6.703760e-01 2.768000e-03 3.268560e-01
290 6.699080e-01 2.816000e-03 3.272760e-01
291 6.693360e-01 2.900000e-03 3.277640e-01
292 6.687520e-01 3.000000e-03 3.282480e-01
293 6.681080e-01 3.108000e-03 3.287840e-01
294 6.675520e-01 3.036000e-03 3.294120e-01
295 6.669640e-01 3.032000e-03 3.300040e-01
296 6.665840e-01 2.956000e-03 3.304600e-01
297 6.660400e-01 3.000000e-03 3.309600e-01
298 6.654960e-01 2.984000e-03 3.315200e-01
299 6.650320e-01 2.916000e-03 3.320520e-01
300 6.646120e-01 2.852000e-03 3.325360e-01
301 6.642000e-01 2.756000e-03 3.330440e-01
302 6.637640e-01 2.680000e-03 3.335560e-01
303 6.632640e-01 2.684000e-03 3.340520e-01
304 6.628040e-01 2.640000e-03 3.345560e-01
305 6.623440e-01 2.688000e-03 3.349680e-01
306 6.618280e-01 2.740000e-03 3.354320e-01
307 6.612600e-01 2.904000e-03 3.358360e-01
308 6.607640e-01 2.876000e-03 3.363600e-01
309 6.602040e-01 2.932000e-03 3.368640e-01
310 6.597000e-01 2.840000e-03 3.374600e-01
311 6.591800e-01 2.908000e-03 3.379120e-01
312 6.587440e-01 2.812000e-03 3.384440e-01
313 6.583320e-01 2.744000e-03 3.389240e-01
314 6.578720e-01 2.752000e-03 3.393760e-01
315 6.574760e-01 2.652000e-03 3.398720e-01
316 6.570800e-01 2.632000e-03 3.402880e-01
317 6.567400e-01 2.496000e-03 3.407640e-01
318 6.562680e-01 2.520000e-03 3.412120e-01
319 6.558520e-01 2.532000e-03 3.416160e-01
320 6.554680e-01 2.524000e-03 3.420080e-01
321 6.550480e-01 2.544000e-03 3.424080e-01
322 6.546600e-01 2.556000e-03 3.427840e-01
323 6.541840e-01 2.576000e-03 3.432400e-01
324 6.536640e-01 2.612000e-03 3.437240e-01
325 6.532120e-01 2.600000e-03 3.441880e-01
326 6.527520e-01 2.556000e-03 3.446920e-01
327 6.522000e-01 2.696000e-03 3.451040e-01
328 6.517520e-01 2.736000e-03 3.455120e-01
329 6.512680e-01 2.768000e-03 3.459640e-01
330 6.508120e-01 2.748000e-03 3.464400e-01
331 6.504080e-01 2.624000e-03 3.469680e-01
332 6.499680e-01 2.564000e-03 3.474680e-01
333 6.495120e-01 2.600000e-03 3.478880e-01
334 6.490760e-01 2.556000e-03 3.483680e-01
335 6.486720e-01 2.420000e-03 3.489080e-01
336 6.482520e-01 2.496000e-03 3.492520e-01
337 6.478720e-01 2.452000e-03 3.496760e-01
338 6.474080e-01 2.488000e-03 3.501040e-01
339 6.470200e-01 2.504000e-03 3.504760e-01
340 6.466240e-01 2.440000e-03 3.509360e-01
341 6.463040e-01 2.308000e-03 3.513880e-01
342 6.458200e-01 2.388000e-03 3.517920e-01
343 6.454040e-01 2.392000e-03 3.522040e-01
344 6.450400e-01 2.336000e-03 3.526240e-01
345 6.446080e-01 2.356000e-03 3.530360e-01
346 6.442560e-01 2.268000e-03 3.534760e-01
347 6.439440e-01 2.220000e-03 3.538360e-01
348 6.436000e-01 2.176000e-03 3.542240e-01
349 6.432360e-01 2.096000e-03 3.546680e-01
350 6.428280e-01 2.136000e-03 3.550360e-01
351 6.425040e-01 2.092000e-03 3.554040e-01
352 6.422240e-01 2.016000e-03 3.557600e-01
353 6.419120e-01 2.004000e-03 3.560840e-01
354 6.415680e-01 2.008000e-03 3.564240e-01
355 6.411880e-01 2.080000e-03 3.567320e-01
356 6.408520e-01 2.108000e-03 3.570400e-01
357 6.404560e-01 2.092000e-03 3.574520e-01
358 6.401040e-01 2.052000e-03 3.578440e-01
359 6.397320e-01 2.068000e-03 3.582000e-01
360 6.393800e-01 2.040000e-03 3.585800e-01
361 6.390800e-01 2.008000e-03 3.589120e-01
362 6.388200e-01 1.912000e-03 3.592680e-01
363 6.385240e-01 1.832000e-03 3.596440e-01
364 6.382320e-01 1.812000e-03 3.599560e-01
365 6.378760e-01 1.836000e-03 3.602880e-01
366 6.375760e-01 1.832000e-03 3.605920e-01
367 6.371800e-01 1.928000e-03 3.608920e-01
368 6.368400e-01 1.960000e-03 3.612000e-01
369 6.365680e-01 1.868000e-03 3.615640e-01
370 6.362000e-01 1.880000e-03 3.619200e-01
371 6.359080e-01 1.872000e-03 3.622200e-01
372 6.356000e-01 1.916000e-03 3.624840e-01
373 6.352400e-01 1.896000e-03 3.628640e-01
374 6.349880e-01 1.740000e-03 3.632720e-01
375 6.347280e-01 1.700000e-03 3.635720e-01
376 6.345360e-01 1.580000e-03 3.638840e-01
377 6.343720e-01 1.460000e-03 3.641680e-01
378 6.341680e-01 1.416000e-03 3.644160e-01
379 6.339360e-01 1.360000e-03 3.647040e-01
380 6.337200e-01 1.308000e-03 3.649720e-01
381 6.335200e-01 1.288000e-03 3.651920e-01
382 6.332040e-01 1.348000e-03 3.654480e-01
383 6.329840e-01 1.332000e-03 3.656840e-01
384 6.328120e-01 1.316000e-03 3.658720e-01
385 6.325920e-01 1.316000e-03 3.660920e-01
386 6.324240e-01 1.276000e-03 3.663000e-01
387 6.322400e-01 1.200000e-03 3.665600e-01
388 6.320840e-01 1.180000e-03 3.667360e-01
389 6.319320e-01 1.096000e-03 3.669720e-01
390 6.317640e-01 1.040000e-03 3.671960e-01
391 6.315880e-01 1.056000e-03 3.673560e-01
392 6.314160e-01 1.044000e-03 3.675400e-01
393 6.312880e-01 9.320000e-04 3.677800e-01
394 6.311480e-01 8.680000e-04 3.679840e-01
395 6.310000e-01 8.720000e-04 3.681280e-01
396 6.308880e-01 8.360000e-04 3.682760e-01
397 6.307080e-01 8.360000e-04 3.684560e-01
398 6.305680e-01 8.400000e-04 3.685920e-01
399 6.304120e-01 8.360000e-04 3.687520e-01
400 6.302920e-01 8.480000e-04 3.688600e-01
401 6.302080e-01 7.840000e-04 3.690080e-01
402 6.300800e-01 7.800000e-04 3.691400e-01
403 6.299160e-01 8.040000e-04 3.692800e-01
404 6.298000e-01 7.680000e-04 3.694320e-01
405 6.296560e-01 7.840000e-04 3.695600e-01
406 6.295000e-01 7.880000e-04 3.697120e-01
407 6.293600e-01 7.600000e-04 3.698800e-01
408 6.291800e-01 8.280000e-04 3.699920e-01
409 6.290680e-01 8.120000e-04 3.701200e-01
410 6.289400e-01 8.160000e-04 3.702440e-01
411 6.288240e-01 7.880000e-04 3.703880e-01
412 6.287760e-01 6.840000e-04 3.705400e-01
413 6.286800e-01 6.800000e-04 3.706400e-01
414 6.285520e-01 6.920000e-04 3.707560e-01
415 6.284360e-01 6.520000e-04 3.709120e-01
416 6.283440e-01 6.400000e-04 3.710160e-01
417 6.281960e-01 6.600000e-04 3.711440e-01
418 6.280720e-01 6.760000e-04 3.712520e-01
419 6.279360e-01 6.800000e-04 3.713840e-01
420 6.277760e-01 6.840000e-04 3.715400e-01
421 6.276360e-01 7.560000e-04 3.716080e-01
422 6.274640e-01 8.120000e-04 3.717240e-01
423 6.273760e-01 7.640000e-04 3.718600e-01
424 6.272440e-01 7.640000e-04 3.719920e-01
425 6.271120e-01 7.720000e-04 3.721160e-01
426 6.270280e-01 7.040000e-04 3.722680e-01
427 6.269040e-01 7.200000e-04 3.723760e-01
428 6.267400e-01 7.720000e-04 3.724880e-01
429 6.265960e-01 7.840000e-04 3.726200e-01
430 6.264400e-01 8.280000e-04 3.727320e-01
431 6.263120e-01 7.720000e-04 3.729160e-01
432 6.261840e-01 7.600000e-04 3.730560e-01
433 6.260600e-01 7.480000e-04 3.731920e-01
434 6.258800e-01 8.280000e-04 3.732920e-01
435 6.257000e-01 8.600000e-04 3.734400e-01
436 6.255600e-01 7.920000e-04 3.736480e-01
437 6.253600e-01 8.680000e-04 3.737720e-01
438 6.251520e-01 9.000000e-04 3.739480e-01
439 6.249600e-01 9.200000e-04 3.741200e-01
440 6.248040e-01 8.560000e-04 3.743400e-01
441 6.246120e-01 8.920000e-04 3.744960e-01
442 6.244160e-01 9.280000e-04 3.746560e-01
443 6.242760e-01 8.880000e-04 3.748360e-01
444 6.241840e-01 8.160000e-04 3.750000e-01
445 6.240600e-01 7.920000e-04 3.751480e-01
446 6.239520e-01 7.520000e-04 3.752960e-01
447 6.238920e-01 6.800000e-04 3.754280e-01
448 6.238000e-01 6.400000e-04 3.755600e-01
449 6.237280e-01 5.960000e-04 3.756760e-01
450 6.236520e-01 5.720000e-04 3.757760e-01
451 6.234960e-01 6.520000e-04 3.758520e-01
452 6.233800e-01 6.480000e-04 3.759720e-01
453 6.232400e-01 6.720000e-04 3.760880e-01
454 6.230920e-01 6.880000e-04 3.762200e-01
455 6.229400e-01 7.320000e-04 3.763280e-01
456 6.228040e-01 7.320000e-04 3.764640e-01
457 6.226240e-01 7.720000e-04 3.766040e-01
458 6.224640e-01 7.760000e-04 3.767600e-01
459 6.222640e-01 8.280000e-04 3.769080e-01
460 6.220840e-01 9.200000e-04 3.769960e-01
461 6.218640e-01 1.012000e-03 3.771240e-01
462 6.216760e-01 1.016000e-03 3.773080e-01
463 6.215320e-01 1.004000e-03 3.774640e-01
464 6.213760e-01 9.960000e-04 3.776280e-01
465 6.212280e-01 9.600000e-04 3.778120e-01
466 6.210680e-01 9.560000e-04 3.779760e-01
467 6.209000e-01 9.800000e-04 3.781200e-01
468 6.207560e-01 9.680000e-04 3.782760e-01
469 6.206360e-01 9.200000e-04 3.784440e-01
470 6.204680e-01 9.400000e-04 3.785920e-01
471 6.203400e-01 9.080000e-04 3.787520e-01
472 6.201800e-01 9.080000e-04 3.789120e-01
473 6.200320e-01 8.800000e-04 3.790880e-01
474 6.199080e-01 8.600000e-04 3.792320e-01
475 6.197640e-01 8.520000e-04 3.793840e-01
476 6.195760e-01 9.000000e-04 3.795240e-01
477 6.194040e-01 9.440000e-04 3.796520e-01
478 6.192640e-01 9.160000e-04 3.798200e-01
479 6.190480e-01 1.036000e-03 3.799160e-01
480 6.189200e-01 9.680000e-04 3.801120e-01
481 6.187360e-01 9.760000e-04 3.802880e-01
482 6.185680e-01 1.008000e-03 3.804240e-01
483 6.184280e-01 9.440000e-04 3.806280e-01
484 6.182680e-01 9.120000e-04 3.808200e-01
485 6.180960e-01 9.280000e-04 3.809760e-01
486 6.178240e-01 1.028000e-03 3.811480e-01
487 6.176160e-01 1.072000e-03 3.813120e-01
488 6.174280e-01 1.072000e-03 3.815000e-01
489 6.172040e-01 1.076000e-03 3.817200e-01
490 6.170080e-01 1.060000e-03 3.819320e-01
491 6.168760e-01 1.028000e-03 3.820960e-01
492 6.167080e-01 1.056000e-03 3.822360e-01
493 6.166000e-01 9.880000e-04 3.824120e-01
494 6.164400e-01 9.640000e-04 3.825960e-01
495 6.163160e-01 9.160000e-04 3.827680e-01
496 6.161800e-01 9.040000e-04 3.829160e-01
497 6.160240e-01 9.280000e-04 3.830480e-01
498 6.158360e-01 9.640000e-04 3.832000e-01
499 6.156680e-01 9.600000e-04 3.833720e-01
500 6.155040e-01 9.360000e-04 3.835600e-01
