1 9.991360e-01 7.480000e-04 1.160000e-04
2 9.985600e-01 1.152000e-03 2.880000e-04
3 9.978760e-01 1.548000e-03 5.760000e-04
4 9.971160e-01 2.040000e-03 8.440000e-04
5 9.961800e-01 2.588000e-03 1.232000e-03
6 9.952600e-01 3.084000e-03 1.656000e-03
7 9.943760e-01 3.340000e-03 2.284000e-03
8 9.933760e-01 3.692000e-03 2.932000e-03
9 9.924760e-01 3.816000e-03 3.708000e-03
10 9.914800e-01 4.132000e-03 4.388000e-03
11 9.903040e-01 4.516000e-03 5.180000e-03
12 9.891360e-01 4.876000e-03 5.988000e-03
13 9.880560e-01 5.112000e-03 6.832000e-03
14 9.869080e-01 5.396000e-03 7.696000e-03
15 9.857600e-01 5.568000e-03 8.672000e-03
16 9.843920e-01 5.944000e-03 9.664000e-03
17 9.830040e-01 6.352000e-03 1.064400e-02
18 9.815720e-01 6.620000e-03 1.180800e-02
19 9.801200e-01 6.936000e-03 1.294400e-02
20 9.786440e-01 7.172000e-03 1.418400e-02
21 9.771360e-01 7.492000e-03 1.537200e-02
22 9.757120e-01 7.544000e-03 1.674400e-02
23 9.741040e-01 7.824000e-03 1.807200e-02
24 9.727560e-01 7.736000e-03 1.950800e-02
25 9.712280e-01 7.912000e-03 2.086000e-02
26 9.695560e-01 8.288000e-03 2.215600e-02
27 9.679520e-01 8.356000e-03 2.369200e-02
28 9.663440e-01 8.476000e-03 2.518000e-02
29 9.645720e-01 8.676000e-03 2.675200e-02
30 9.629000e-01 8.888000e-03 2.821200e-02
31 9.612280e-01 9.076000e-03 2.969600e-02
32 9.594640e-01 9.440000e-03 3.109600e-02
33 9.577200e-01 9.476000e-03 3.280400e-02
34 9.560320e-01 9.420000e-03 3.454800e-02
35 9.543160e-01 9.380000e-03 3.630400e-02
36 9.526760e-01 9.436000e-03 3.788800e-02
37 9.510720e-01 9.396000e-03 3.953200e-02
38 9.493000e-01 9.408000e-03 4.129200e-02
39 9.476240e-01 9.512000e-03 4.286400e-02
40 9.459840e-01 9.312000e-03 4.470400e-02
41 9.443040e-01 9.432000e-03 4.626400e-02
42 9.425760e-01 9.404000e-03 4.802000e-02
43 9.408840e-01 9.632000e-03 4.948400e-02
44 9.390960e-01 9.704000e-03 5.120000e-02
45 9.371720e-01 9.912000e-03 5.291600e-02
46 9.352560e-01 1.015200e-02 5.459200e-02
47 9.334440e-01 1.031600e-02 5.624000e-02
48 9.316880e-01 1.020800e-02 5.810400e-02
49 9.299320e-01 1.029600e-02 5.977200e-02
50 9.281880e-01 1.028000e-02 6.153200e-02
51 9.262160e-01 1.025200e-02 6.353200e-02
52 9.244960e-01 1.024000e-02 6.526400e-02
53 9.227560e-01 1.024400e-02 6.700000e-02
54 9.207840e-01 1.038000e-02 6.883600e-02
55 9.190360e-01 1.026800e-02 7.069600e-02
56 9.173600e-01 1.000400e-02 7.263600e-02
57 9.155800e-01 1.008800e-02 7.433200e-02
58 9.138560e-01 1.002400e-02 7.612000e-02
59 9.121520e-01 9.992000e-03 7.785600e-02
60 9.105320e-01 9.888000e-03 7.958000e-02
61 9.087640e-01 9.960000e-03 8.127600e-02
62 9.070840e-01 1.000800e-02 8.290800e-02
63 9.055440e-01 9.724000e-03 8.473200e-02
64 9.038320e-01 9.764000e-03 8.640400e-02
65 9.021960e-01 9.716000e-03 8.808800e-02
66 9.004960e-01 9.656000e-03 8.984800e-02
67 8.986880e-01 9.952000e-03 9.136000e-02
68 8.970160e-01 9.804000e-03 9.318000e-02
69 8.953000e-01 9.772000e-03 9.492800e-02
70 8.935920e-01 9.716000e-03 9.669200e-02
71 8.918920e-01 9.636000e-03 9.847200e-02
72 8.902240e-01 9.636000e-03 1.001400e-01
73 8.885360e-01 9.732000e-03 1.017320e-01
74 8.867400e-01 9.780000e-03 1.034800e-01
75 8.852400e-01 9.628000e-03 1.051320e-01
76 8.834880e-01 9.816000e-03 1.066960e-01
77 8.817240e-01 9.856000e-03 1.084200e-01
78 8.800480e-01 9.772000e-03 1.101800e-01
79 8.783640e-01 9.716000e-03 1.119200e-01
80 8.768120e-01 9.604000e-03 1.135840e-01
81 8.753600e-01 9.520000e-03 1.151200e-01
82 8.738400e-01 9.364000e-03 1.167960e-01
83 8.722600e-01 9.408000e-03 1.183320e-01
84 8.707240e-01 9.236000e-03 1.200400e-01
85 8.691840e-01 9.140000e-03 1.216760e-01
86 8.676200e-01 9.224000e-03 1.231560e-01
87 8.660960e-01 9.052000e-03 1.248520e-01
88 8.644880e-01 9.028000e-03 1.264840e-01
89 8.629880e-01 8.984000e-03 1.280280e-01
90 8.615040e-01 8.940000e-03 1.295560e-01
91 8.600160e-01 8.892000e-03 1.310920e-01
92 8.586560e-01 8.684000e-03 1.326600e-01
93 8.571920e-01 8.660000e-03 1.341480e-01
94 8.557560e-01 8.596000e-03 1.356480e-01
95 8.542760e-01 8.552000e-03 1.371720e-01
96 8.528360e-01 8.592000e-03 1.385720e-01
97 8.514280e-01 8.568000e-03 1.400040e-01
98 8.499360e-01 8.480000e-03 1.415840e-01
99 8.484640e-01 8.496000e-03 1.430400e-01
100 8.469720e-01 8.440000e-03 1.445880e-01
101 8.455000e-01 8.324000e-03 1.461760e-01
102 8.440880e-01 8.344000e-03 1.475680e-01
103 8.426960e-01 8.276000e-03 1.490280e-01
104 8.414160e-01 8.020000e-03 1.505640e-01
105 8.399280e-01 8.048000e-03 1.520240e-01
106 8.383480e-01 8.144000e-03 1.535080e-01
107 8.367080e-01 8.328000e-03 1.549640e-01
108 8.350680e-01 8.416000e-03 1.565160e-01
109 8.335600e-01 8.540000e-03 1.579000e-01
110 8.321280e-01 8.528000e-03 1.593440e-01
111 8.306920e-01 8.492000e-03 1.608160e-01
112 8.293880e-01 8.352000e-03 1.622600e-01
113 8.280240e-01 8.132000e-03 1.638440e-01
114 8.266400e-01 8.032000e-03 1.653280e-01
115 8.252760e-01 8.096000e-03 1.666280e-01
116 8.241520e-01 7.808000e-03 1.680400e-01
117 8.229800e-01 7.652000e-03 1.693680e-01
118 8.217360e-01 7.588000e-03 1.706760e-01
119 8.205000e-01 7.452000e-03 1.720480e-01
120 8.192440e-01 7.476000e-03 1.732800e-01
121 8.181080e-01 7.252000e-03 1.746400e-01
122 8.170480e-01 7.036000e-03 1.759160e-01
123 8.158920e-01 7.008000e-03 1.771000e-01
124 8.148120e-01 6.972000e-03 1.782160e-01
125 8.137080e-01 6.860000e-03 1.794320e-01
126 8.125280e-01 6.824000e-03 1.806480e-01
127 8.113840e-01 6.728000e-03 1.818880e-01
128 8.103640e-01 6.464000e-03 1.831720e-01
129 8.093400e-01 6.300000e-03 1.843600e-01
130 8.082760e-01 6.228000e-03 1.854960e-01
131 8.072040e-01 6.192000e-03 1.866040e-01
132 8.061760e-01 6.104000e-03 1.877200e-01
133 8.051440e-01 6.092000e-03 1.887640e-01
134 8.040440e-01 6.056000e-03 1.899000e-01
135 8.031120e-01 5.756000e-03 1.911320e-01
136 8.021840e-01 5.712000e-03 1.921040e-01
137 8.011360e-01 5.780000e-03 1.930840e-01
138 8.002840e-01 5.708000e-03 1.940080e-01
139 7.993840e-01 5.520000e-03 1.950960e-01
140 7.984560e-01 5.512000e-03 1.960320e-01
141 7.975120e-01 5.488000e-03 1.970000e-01
142 7.964280e-01 5.628000e-03 1.979440e-01
143 7.952760e-01 5.812000e-03 1.989120e-01
144 7.942800e-01 5.836000e-03 1.998840e-01
145 7.931480e-01 5.876000e-03 2.009760e-01
146 7.920800e-01 5.844000e-03 2.020760e-01
147 7.911720e-01 5.704000e-03 2.031240e-01
148 7.902760e-01 5.464000e-03 2.042600e-01
149 7.893920e-01 5.440000e-03 2.051680e-01
150 7.884400e-01 5.500000e-03 2.060600e-01
151 7.874320e-01 5.580000e-03 2.069880e-01
152 7.865480e-01 5.500000e-03 2.079520e-01
153 7.856080e-01 5.444000e-03 2.089480e-01
154 7.848840e-01 5.300000e-03 2.098160e-01
155 7.839320e-01 5.388000e-03 2.106800e-01
156 7.831360e-01 5.240000e-03 2.116240e-01
157 7.821920e-01 5.280000e-03 2.125280e-01
158 7.812800e-01 5.264000e-03 2.134560e-01
159 7.804160e-01 5.244000e-03 2.143400e-01
160 7.796520e-01 5.160000e-03 2.151880e-01
161 7.789000e-01 4.888000e-03 2.162120e-01
162 7.781280e-01 4.768000e-03 2.171040e-01
163 7.773760e-01 4.684000e-03 2.179400e-01
164 7.765120e-01 4.776000e-03 2.187120e-01
165 7.756080e-01 4.840000e-03 2.195520e-01
166 7.745560e-01 5.016000e-03 2.204280e-01
167 7.736440e-01 5.080000e-03 2.212760e-01
168 7.726840e-01 5.164000e-03 2.221520e-01
169 7.717360e-01 5.188000e-03 2.230760e-01
170 7.708760e-01 5.020000e-03 2.241040e-01
171 7.700040e-01 4.988000e-03 2.250080e-01
172 7.692400e-01 4.900000e-03 2.258600e-01
173 7.683360e-01 4.848000e-03 2.268160e-01
174 7.673840e-01 4.956000e-03 2.276600e-01
175 7.665760e-01 4.908000e-03 2.285160e-01
176 7.658120e-01 4.796000e-03 2.293920e-01
177 7.649720e-01 4.832000e-03 2.301960e-01
178 7.641560e-01 4.872000e-03 2.309720e-01
179 7.633240e-01 4.844000e-03 2.318320e-01
180 7.624960e-01 4.844000e-03 2.326600e-01
181 7.616480e-01 4.792000e-03 2.335600e-01
182 7.608440e-01 4.656000e-03 2.345000e-01
183 7.600760e-01 4.624000e-03 2.353000e-01
184 7.593280e-01 4.484000e-03 2.361880e-01
185 7.586200e-01 4.404000e-03 2.369760e-01
186 7.577880e-01 4.456000e-03 2.377560e-01
187 7.569600e-01 4.540000e-03 2.385000e-01
188 7.562440e-01 4.432000e-03 2.393240e-01
189 7.554640e-01 4.460000e-03 2.400760e-01
190 7.546040e-01 4.564000e-03 2.408320e-01
191 7.538480e-01 4.536000e-03 2.416160e-01
192 7.531240e-01 4.512000e-03 2.423640e-01
193 7.523880e-01 4.400000e-03 2.432120e-01
194 7.515280e-01 4.480000e-03 2.439920e-01
195 7.508080e-01 4.376000e-03 2.448160e-01
196 7.501320e-01 4.340000e-03 2.455280e-01
197 7.493480e-01 4.356000e-03 2.462960e-01
198 7.485840e-01 4.364000e-03 2.470520e-01
199 7.478120e-01 4.364000e-03 2.478240e-01
200 7.471160e-01 4.256000e-03 2.486280e-01
201 7.463640e-01 4.248000e-03 2.493880e-01
202 7.457600e-01 4.076000e-03 2.501640e-01
203 7.450280e-01 4.148000e-03 2.508240e-01
204 7.442240e-01 4.196000e-03 2.515800e-01
205 7.436200e-01 4.092000e-03 2.522880e-01
206 7.429080e-01 4.048000e-03 2.530440e-01
207 7.421840e-01 4.076000e-03 2.537400e-01
208 7.413880e-01 4.200000e-03 2.544120e-01
209 7.406000e-01 4.200000e-03 2.552000e-01
210 7.398640e-01 4.256000e-03 2.558800e-01
211 7.390960e-01 4.244000e-03 2.566600e-01
212 7.382880e-01 4.348000e-03 2.573640e-01
213 7.375040e-01 4.400000e-03 2.580960e-01
214 7.367320e-01 4.464000e-03 2.588040e-01
215 7.358440e-01 4.492000e-03 2.596640e-01
216 7.350440e-01 4.596000e-03 2.603600e-01
217 7.343160e-01 4.524000e-03 2.611600e-01
218 7.336800e-01 4.412000e-03 2.619080e-01
219 7.330360e-01 4.404000e-03 2.625600e-01
220 7.323040e-01 4.324000e-03 2.633720e-01
221 7.315600e-01 4.272000e-03 2.641680e-01
222 7.308600e-01 4.116000e-03 2.650240e-01
223 7.301600e-01 4.112000e-03 2.657280e-01
224 7.294760e-01 4.116000e-03 2.664080e-01
225 7.288720e-01 3.916000e-03 2.672120e-01
226 7.283840e-01 3.684000e-03 2.679320e-01
227 7.278600e-01 3.580000e-03 2.685600e-01
228 7.272880e-01 3.524000e-03 2.691880e-01
229 7.267640e-01 3.460000e-03 2.697760e-01
230 7.261240e-01 3.540000e-03 2.703360e-01
231 7.256200e-01 3.480000e-03 2.709000e-01
232 7.250200e-01 3.496000e-03 2.714840e-01
233 7.244440e-01 3.448000e-03 2.721080e-01
234 7.238680e-01 3.360000e-03 2.727720e-01
235 7.232960e-01 3.360000e-03 2.733440e-01
236 7.227000e-01 3.388000e-03 2.739120e-01
237 7.221840e-01 3.292000e-03 2.745240e-01
238 7.216120e-01 3.316000e-03 2.750720e-01
239 7.210280e-01 3.356000e-03 2.756160e-01
240 7.205600e-01 3.308000e-03 2.761320e-01
241 7.199840e-01 3.276000e-03 2.767400e-01
242 7.195200e-01 3.116000e-03 2.773640e-01
243 7.190400e-01 3.076000e-03 2.778840e-01
244 7.185760e-01 2.984000e-03 2.784400e-01
245 7.180920e-01 2.952000e-03 2.789560e-01
246 7.176040e-01 2.984000e-03 2.794120e-01
247 7.170640e-01 3.016000e-03 2.799200e-01
248 7.165600e-01 2.976000e-03 2.804640e-01
249 7.161360e-01 2.868000e-03 2.809960e-01
250 7.156760e-01 2.864000e-03 2.814600e-01
251 7.151960e-01 2.888000e-03 2.819160e-01
252 7.147440e-01 2.760000e-03 2.824960e-01
253 7.142920e-01 2.760000e-03 2.829480e-01
254 7.138560e-01 2.792000e-03 2.833520e-01
255 7.134760e-01 2.708000e-03 2.838160e-01
256 7.130360e-01 2.656000e-03 2.843080e-01
257 7.126400e-01 2.608000e-03 2.847520e-01
258 7.121880e-01 2.664000e-03 2.851480e-01
259 7.117960e-01 2.692000e-03 2.855120e-01
260 7.114000e-01 2.580000e-03 2.860200e-01
261 7.109320e-01 2.632000e-03 2.864360e-01
262 7.105280e-01 2.516000e-03 2.869560e-01
263 7.101200e-01 2.424000e-03 2.874560e-01
264 7.096600e-01 2.432000e-03 2.879080e-01
265 7.091760e-01 2.404000e-03 2.884200e-01
266 7.086680e-01 2.456000e-03 2.888760e-01
267 7.081800e-01 2.476000e-03 2.893440e-01
268 7.076600e-01 2.576000e-03 2.897640e-01
269 7.071960e-01 2.584000e-03 2.902200e-01
270 7.067080e-01 2.636000e-03 2.906560e-01
271 7.062320e-01 2.656000e-03 2.911120e-01
272 7.058280e-01 2.572000e-03 2.916000e-01
273 7.054320e-01 2.504000e-03 2.920640e-01
274 7.049800e-01 2.496000e-03 2.925240e-01
275 7.045560e-01 2.468000e-03 2.929760e-01
276 7.040280e-01 2.556000e-03 2.934160e-01
277 7.036160e-01 2.568000e-03 2.938160e-01
278 7.031520e-01 2.592000e-03 2.942560e-01
279 7.028200e-01 2.524000e-03 2.946560e-01
280 7.024880e-01 2.408000e-03 2.951040e-01
281 7.021280e-01 2.316000e-03 2.955560e-01
282 7.017960e-01 2.188000e-03 2.960160e-01
283 7.014880e-01 2.184000e-03 2.963280e-01
284 7.011560e-01 2.212000e-03 2.966320e-01
285 7.008400e-01 2.144000e-03 2.970160e-01
286 7.004880e-01 2.072000e-03 2.974400e-01
287 7.001440e-01 2.092000e-03 2.977640e-01
288 6.997160e-01 2.188000e-03 2.980960e-01
289 6.993160e-01 2.200000e-03 2.984840e-01
290 6.988280e-01 2.324000e-03 2.988480e-01
291 6.984760e-01 2.280000e-03 2.992440e-01
292 6.980480e-01 2.324000e-03 2.996280e-01
293 6.977520e-01 2.228000e-03 3.000200e-01
294 6.973120e-01 2.252000e-03 3.004360e-01
295 6.969200e-01 2.248000e-03 3.008320e-01
296 6.965400e-01 2.232000e-03 3.012280e-01
297 6.962160e-01 2.188000e-03 3.015960e-01
298 6.958280e-01 2.164000e-03 3.020080e-01
299 6.954280e-01 2.172000e-03 3.024000e-01
300 6.950960e-01 2.136000e-03 3.027680e-01
301 6.947840e-01 2.084000e-03 3.031320e-01
302 6.943800e-01 2.116000e-03 3.035040e-01
303 6.940440e-01 2.024000e-03 3.039320e-01
304 6.936080e-01 2.052000e-03 3.043400e-01
305 6.932520e-01 2.088000e-03 3.046600e-01
306 6.928320e-01 2.120000e-03 3.050480e-01
307 6.924720e-01 2.112000e-03 3.054160e-01
308 6.920840e-01 2.148000e-03 3.057680e-01
309 6.917200e-01 2.140000e-03 3.061400e-01
310 6.913520e-01 2.132000e-03 3.065160e-01
311 6.910160e-01 2.140000e-03 3.068440e-01
312 6.906720e-01 1.988000e-03 3.073400e-01
313 6.902800e-01 2.032000e-03 3.076880e-01
314 6.899800e-01 2.020000e-03 3.080000e-01
315 6.896440e-01 1.992000e-03 3.083640e-01
316 6.893240e-01 1.944000e-03 3.087320e-01
317 6.890040e-01 1.908000e-03 3.090880e-01
318 6.887200e-01 1.856000e-03 3.094240e-01
319 6.884360e-01 1.800000e-03 3.097640e-01
320 6.880960e-01 1.852000e-03 3.100520e-01
321 6.878320e-01 1.772000e-03 3.103960e-01
322 6.875920e-01 1.732000e-03 3.106760e-01
323 6.872920e-01 1.692000e-03 3.110160e-01
324 6.870120e-01 1.668000e-03 3.113200e-01
325 6.867320e-01 1.636000e-03 3.116320e-01
326 6.864440e-01 1.656000e-03 3.119000e-01
327 6.862200e-01 1.624000e-03 3.121560e-01
328 6.859360e-01 1.628000e-03 3.124360e-01
329 6.856600e-01 1.616000e-03 3.127240e-01
330 6.853840e-01 1.588000e-03 3.130280e-01
331 6.851160e-01 1.604000e-03 3.132800e-01
332 6.849160e-01 1.588000e-03 3.134960e-01
333 6.846640e-01 1.476000e-03 3.138600e-01
334 6.844080e-01 1.496000e-03 3.140960e-01
335 6.841160e-01 1.536000e-03 3.143480e-01
336 6.839160e-01 1.480000e-03 3.146040e-01
337 6.836680e-01 1.480000e-03 3.148520e-01
338 6.833880e-01 1.476000e-03 3.151360e-01
339 6.831400e-01 1.464000e-03 3.153960e-01
340 6.829560e-01 1.396000e-03 3.156480e-01
341 6.827200e-01 1.356000e-03 3.159240e-01
342 6.824920e-01 1.344000e-03 3.161640e-01
343 6.821840e-01 1.400000e-03 3.164160e-01
344 6.819320e-01 1.416000e-03 3.166520e-01
345 6.816440e-01 1.480000e-03 3.168760e-01
346 6.814240e-01 1.428000e-03 3.171480e-01
347 6.812240e-01 1.412000e-03 3.173640e-01
348 6.809840e-01 1.388000e-03 3.176280e-01
349 6.808480e-01 1.256000e-03 3.178960e-01
350 6.806920e-01 1.216000e-03 3.180920e-01
351 6.805480e-01 1.144000e-03 3.183080e-01
352 6.803360e-01 1.152000e-03 3.185120e-01
353 6.801320e-01 1.224000e-03 3.186440e-01
354 6.799440e-01 1.184000e-03 3.188720e-01
355 6.797080e-01 1.148000e-03 3.191440e-01
356 6.794920e-01 1.212000e-03 3.192960e-01
357 6.793080e-01 1.200000e-03 3.194920e-01
358 6.791040e-01 1.168000e-03 3.197280e-01
359 6.789440e-01 1.156000e-03 3.199000e-01
360 6.787360e-01 1.188000e-03 3.200760e-01
361 6.785080e-01 1.176000e-03 3.203160e-01
362 6.783200e-01 1.120000e-03 3.205600e-01
363 6.781200e-01 1.120000e-03 3.207600e-01
364 6.778880e-01 1.172000e-03 3.209400e-01
365 6.776600e-01 1.236000e-03 3.211040e-01
366 6.775120e-01 1.160000e-03 3.213280e-01
367 6.773320e-01 1.176000e-03 3.214920e-01
368 6.771800e-01 1.128000e-03 3.216920e-01
369 6.770280e-01 1.080000e-03 3.218920e-01
370 6.768640e-01 1.076000e-03 3.220600e-01
371 6.767360e-01 1.012000e-03 3.222520e-01
372 6.766080e-01 9.560000e-04 3.224360e-01
373 6.764800e-01 9.240000e-04 3.225960e-01
374 6.763280e-01 9.000000e-04 3.227720e-01
375 6.761960e-01 9.000000e-04 3.229040e-01
376 6.760760e-01 8.680000e-04 3.230560e-01
377 6.759400e-01 8.560000e-04 3.232040e-01
378 6.758400e-01 8.680000e-04 3.232920e-01
379 6.757120e-01 8.680000e-04 3.234200e-01
380 6.755920e-01 8.320000e-04 3.235760e-01
381 6.754400e-01 8.680000e-04 3.236920e-01
382 6.752960e-01 8.480000e-04 3.238560e-01
383 6.751040e-01 9.000000e-04 3.239960e-01
384 6.749160e-01 9.120000e-04 3.241720e-01
385 6.747600e-01 9.280000e-04 3.243120e-01
386 6.746440e-01 9.120000e-04 3.244440e-01
387 6.745040e-01 8.680000e-04 3.246280e-01
388 6.743880e-01 8.000000e-04 3.248120e-01
389 6.742880e-01 7.640000e-04 3.249480e-01
390 6.741640e-01 7.760000e-04 3.250600e-01
391 6.740720e-01 7.400000e-04 3.251880e-01
392 6.739960e-01 7.160000e-04 3.252880e-01
393 6.738840e-01 7.120000e-04 3.254040e-01
394 6.737680e-01 7.360000e-04 3.254960e-01
395 6.736640e-01 7.240000e-04 3.256120e-01
396 6.735880e-01 7.080000e-04 3.257040e-01
397 6.734200e-01 7.520000e-04 3.258280e-01
398 6.732960e-01 7.320000e-04 3.259720e-01
399 6.731960e-01 7.200000e-04 3.260840e-01
400 6.731000e-01 6.880000e-04 3.262120e-01
401 6.729840e-01 7.040000e-04 3.263120e-01
402 6.728840e-01 7.160000e-04 3.264000e-01
403 6.726840e-01 8.080000e-04 3.265080e-01
404 6.725400e-01 8.240000e-04 3.266360e-01
405 6.723760e-01 8.360000e-04 3.267880e-01
406 6.722720e-01 8.000000e-04 3.269280e-01
407 6.721520e-01 8.080000e-04 3.270400e-01
408 6.720040e-01 8.160000e-04 3.271800e-01
409 6.718400e-01 8.160000e-04 3.273440e-01
410 6.717040e-01 8.200000e-04 3.274760e-01
411 6.715720e-01 8.000000e-04 3.276280e-01
412 6.714560e-01 7.600000e-04 3.277840e-01
413 6.713400e-01 7.440000e-04 3.279160e-01
414 6.712000e-01 7.360000e-04 3.280640e-01
415 6.710480e-01 7.280000e-04 3.282240e-01
416 6.709400e-01 7.160000e-04 3.283440e-01
417 6.708480e-01 7.160000e-04 3.284360e-01
418 6.707480e-01 6.960000e-04 3.285560e-01
419 6.706440e-01 7.080000e-04 3.286480e-01
420 6.705320e-01 6.880000e-04 3.287800e-01
421 6.704120e-01 6.680000e-04 3.289200e-01
422 6.703200e-01 6.360000e-04 3.290440e-01
423 6.701720e-01 6.640000e-04 3.291640e-01
424 6.700800e-01 6.760000e-04 3.292440e-01
425 6.699760e-01 6.920000e-04 3.293320e-01
426 6.698640e-01 6.720000e-04 3.294640e-01
427 6.697360e-01 6.880000e-04 3.295760e-01
428 6.696240e-01 6.720000e-04 3.297040e-01
429 6.695000e-01 6.800000e-04 3.298200e-01
430 6.694080e-01 6.640000e-04 3.299280e-01
431 6.693360e-01 6.240000e-04 3.300400e-01
432 6.692200e-01 6.280000e-04 3.301520e-01
433 6.691440e-01 6.040000e-04 3.302520e-01
434 6.690600e-01 5.680000e-04 3.303720e-01
435 6.689920e-01 5.520000e-04 3.304560e-01
436 6.689240e-01 5.320000e-04 3.305440e-01
437 6.688280e-01 5.520000e-04 3.306200e-01
438 6.687120e-01 5.600000e-04 3.307280e-01
439 6.685840e-01 6.000000e-04 3.308160e-01
440 6.684800e-01 6.160000e-04 3.309040e-01
441 6.683760e-01 6.600000e-04 3.309640e-01
442 6.682880e-01 6.520000e-04 3.310600e-01
443 6.681560e-01 6.960000e-04 3.311480e-01
444 6.680800e-01 6.160000e-04 3.313040e-01
445 6.679800e-01 6.000000e-04 3.314200e-01
446 6.678760e-01 6.280000e-04 3.314960e-01
447 6.677520e-01 6.360000e-04 3.316120e-01
448 6.676440e-01 6.000000e-04 3.317560e-01
449 6.675240e-01 6.520000e-04 3.318240e-01
450 6.673880e-01 7.120000e-04 3.319000e-01
451 6.672200e-01 7.760000e-04 3.320040e-01
452 6.670720e-01 7.680000e-04 3.321600e-01
453 6.669160e-01 8.000000e-04 3.322840e-01
454 6.667440e-01 8.400000e-04 3.324160e-01
455 6.665480e-01 8.960000e-04 3.325560e-01
456 6.663560e-01 9.160000e-04 3.327280e-01
457 6.662280e-01 8.960000e-04 3.328760e-01
458 6.661560e-01 8.000000e-04 3.330440e-01
459 6.660080e-01 7.560000e-04 3.332360e-01
460 6.658880e-01 7.520000e-04 3.333600e-01
461 6.657640e-01 7.440000e-04 3.334920e-01
462 6.656560e-01 7.080000e-04 3.336360e-01
463 6.655200e-01 7.160000e-04 3.337640e-01
464 6.653480e-01 7.920000e-04 3.338600e-01
465 6.652040e-01 7.520000e-04 3.340440e-01
466 6.650840e-01 7.040000e-04 3.342120e-01
467 6.649080e-01 7.680000e-04 3.343240e-01
468 6.647080e-01 8.160000e-04 3.344760e-01
469 6.645200e-01 8.680000e-04 3.346120e-01
470 6.643520e-01 8.920000e-04 3.347560e-01
471 6.642120e-01 8.800000e-04 3.349080e-01
472 6.640280e-01 9.200000e-04 3.350520e-01
473 6.638720e-01 9.360000e-04 3.351920e-01
474 6.636160e-01 1.032000e-03 3.353520e-01
475 6.634360e-01 1.004000e-03 3.355600e-01
476 6.632960e-01 9.760000e-04 3.357280e-01
477 6.631560e-01 9.680000e-04 3.358760e-01
478 6.629800e-01 9.360000e-04 3.360840e-01
479 6.628200e-01 9.240000e-04 3.362560e-01
480 6.626640e-01 9.320000e-04 3.364040e-01
481 6.624840e-01 9.480000e-04 3.365680e-01
482 6.622680e-01 1.004000e-03 3.367280e-01
483 6.621520e-01 9.240000e-04 3.369240e-01
484 6.619760e-01 9.360000e-04 3.370880e-01
485 6.617960e-01 9.800000e-04 3.372240e-01
486 6.616480e-01 9.960000e-04 3.373560e-01
487 6.614880e-01 1.000000e-03 3.375120e-01
488 6.613680e-01 9.400000e-04 3.376920e-01
489 6.612160e-01 9.080000e-04 3.378760e-01
490 6.610320e-01 9.600000e-04 3.380080e-01
491 6.608400e-01 9.640000e-04 3.381960e-01
492 6.607160e-01 9.520000e-04 3.383320e-01
493 6.605960e-01 9.280000e-04 3.384760e-01
494 6.604720e-01 8.760000e-04 3.386520e-01
495 6.603320e-01 8.360000e-04 3.388320e-01
496 6.602240e-01 8.320000e-04 3.389440e-01
497 6.601080e-01 8.640000e-04 3.390280e-01
498 6.599720e-01 8.640000e-04 3.391640e-01
499 6.599000e-01 8.160000e-04 3.392840e-01
500 6.598000e-01 8.040000e-04 3.393960e-01
