1 9.991640e-01 7.400000e-04 9.600000e-05
2 9.986120e-01 1.164000e-03 2.240000e-04
3 9.979600e-01 1.548000e-03 4.920000e-04
4 9.971520e-01 2.044000e-03 8.040000e-04
5 9.964400e-01 2.344000e-03 1.216000e-03
6 9.954360e-01 2.928000e-03 1.636000e-03
7 9.945120e-01 3.364000e-03 2.124000e-03
8 9.933800e-01 3.900000e-03 2.720000e-03
9 9.923200e-01 4.316000e-03 3.364000e-03
10 9.912800e-01 4.644000e-03 4.076000e-03
11 9.901520e-01 4.872000e-03 4.976000e-03
12 9.890320e-01 5.132000e-03 5.836000e-03
13 9.878240e-01 5.476000e-03 6.700000e-03
14 9.865760e-01 5.788000e-03 7.636000e-03
15 9.853840e-01 5.952000e-03 8.664000e-03
16 9.841360e-01 6.164000e-03 9.700000e-03
17 9.829320e-01 6.252000e-03 1.081600e-02
18 9.815120e-01 6.688000e-03 1.180000e-02
19 9.802280e-01 6.848000e-03 1.292400e-02
20 9.789080e-01 6.880000e-03 1.421200e-02
21 9.775120e-01 7.108000e-03 1.538000e-02
22 9.761040e-01 7.188000e-03 1.670800e-02
23 9.746640e-01 7.292000e-03 1.804400e-02
24 9.732560e-01 7.444000e-03 1.930000e-02
25 9.718800e-01 7.524000e-03 2.059600e-02
26 9.705320e-01 7.500000e-03 2.196800e-02
27 9.691120e-01 7.664000e-03 2.322400e-02
28 9.678440e-01 7.612000e-03 2.454400e-02
29 9.664960e-01 7.468000e-03 2.603600e-02
30 9.653320e-01 7.360000e-03 2.730800e-02
31 9.639680e-01 7.404000e-03 2.862800e-02
32 9.627360e-01 7.344000e-03 2.992000e-02
33 9.614600e-01 7.396000e-03 3.114400e-02
34 9.602560e-01 7.292000e-03 3.245200e-02
35 9.590600e-01 7.248000e-03 3.369200e-02
36 9.577920e-01 7.320000e-03 3.488800e-02
37 9.562960e-01 7.504000e-03 3.620000e-02
38 9.549680e-01 7.512000e-03 3.752000e-02
39 9.535480e-01 7.680000e-03 3.877200e-02
40 9.521040e-01 7.716000e-03 4.018000e-02
41 9.507240e-01 7.724000e-03 4.155200e-02
42 9.493840e-01 7.796000e-03 4.282000e-02
43 9.480440e-01 7.820000e-03 4.413600e-02
44 9.468160e-01 7.732000e-03 4.545200e-02
45 9.455440e-01 7.544000e-03 4.691200e-02
46 9.442000e-01 7.664000e-03 4.813600e-02
47 9.429400e-01 7.592000e-03 4.946800e-02
48 9.415800e-01 7.584000e-03 5.083600e-02
49 9.401360e-01 7.692000e-03 5.217200e-02
50 9.386560e-01 7.724000e-03 5.362000e-02
51 9.373360e-01 7.772000e-03 5.489200e-02
52 9.359080e-01 7.696000e-03 5.639600e-02
53 9.345560e-01 7.652000e-03 5.779200e-02
54 9.331200e-01 7.688000e-03 5.919200e-02
55 9.318640e-01 7.660000e-03 6.047600e-02
56 9.305640e-01 7.652000e-03 6.178400e-02
57 9.291600e-01 7.804000e-03 6.303600e-02
58 9.278480e-01 7.788000e-03 6.436400e-02
59 9.265560e-01 7.704000e-03 6.574000e-02
60 9.251000e-01 7.872000e-03 6.702800e-02
61 9.236520e-01 8.004000e-03 6.834400e-02
62 9.221960e-01 8.088000e-03 6.971600e-02
63 9.206520e-01 8.036000e-03 7.131200e-02
64 9.189800e-01 8.396000e-03 7.262400e-02
65 9.172760e-01 8.528000e-03 7.419600e-02
66 9.155120e-01 8.820000e-03 7.566800e-02
67 9.138600e-01 8.976000e-03 7.716400e-02
68 9.123240e-01 8.920000e-03 7.875600e-02
69 9.107320e-01 8.880000e-03 8.038800e-02
70 9.091480e-01 8.900000e-03 8.195200e-02
71 9.075200e-01 8.880000e-03 8.360000e-02
72 9.058040e-01 9.160000e-03 8.503600e-02
73 9.041440e-01 9.316000e-03 8.654000e-02
74 9.025840e-01 9.228000e-03 8.818800e-02
75 9.009080e-01 9.428000e-03 8.966400e-02
76 8.992080e-01 9.588000e-03 9.120400e-02
77 8.974560e-01 9.528000e-03 9.301600e-02
78 8.957440e-01 9.532000e-03 9.472400e-02
79 8.942240e-01 9.400000e-03 9.637600e-02
80 8.926360e-01 9.368000e-03 9.799600e-02
81 8.909920e-01 9.356000e-03 9.965200e-02
82 8.893200e-01 9.320000e-03 1.013600e-01
83 8.876600e-01 9.292000e-03 1.030480e-01
84 8.860240e-01 9.232000e-03 1.047440e-01
85 8.844160e-01 9.352000e-03 1.062320e-01
86 8.827280e-01 9.344000e-03 1.079280e-01
87 8.809360e-01 9.540000e-03 1.095240e-01
88 8.792760e-01 9.604000e-03 1.111200e-01
89 8.775400e-01 9.624000e-03 1.128360e-01
90 8.759320e-01 9.572000e-03 1.144960e-01
91 8.742800e-01 9.488000e-03 1.162320e-01
92 8.725000e-01 9.596000e-03 1.179040e-01
93 8.707040e-01 9.632000e-03 1.196640e-01
94 8.689120e-01 9.628000e-03 1.214600e-01
95 8.673560e-01 9.476000e-03 1.231680e-01
96 8.656720e-01 9.444000e-03 1.248840e-01
97 8.639920e-01 9.464000e-03 1.265440e-01
98 8.623560e-01 9.392000e-03 1.282520e-01
99 8.605320e-01 9.488000e-03 1.299800e-01
100 8.588880e-01 9.512000e-03 1.316000e-01
101 8.572080e-01 9.564000e-03 1.332280e-01
102 8.553880e-01 9.700000e-03 1.349120e-01
103 8.534920e-01 9.816000e-03 1.366920e-01
104 8.518720e-01 9.716000e-03 1.384120e-01
105 8.502120e-01 9.720000e-03 1.400680e-01
106 8.484600e-01 9.796000e-03 1.417440e-01
107 8.466840e-01 9.812000e-03 1.435040e-01
108 8.451120e-01 9.620000e-03 1.452680e-01
109 8.435400e-01 9.512000e-03 1.469480e-01
110 8.417800e-01 9.608000e-03 1.486120e-01
111 8.399200e-01 9.852000e-03 1.502280e-01
112 8.382080e-01 1.006800e-02 1.517240e-01
113 8.364520e-01 9.960000e-03 1.535880e-01
114 8.349280e-01 9.616000e-03 1.554560e-01
115 8.331840e-01 9.700000e-03 1.571160e-01
116 8.315000e-01 9.756000e-03 1.587440e-01
117 8.297880e-01 9.744000e-03 1.604680e-01
118 8.280040e-01 9.804000e-03 1.621920e-01
119 8.263360e-01 9.888000e-03 1.637760e-01
120 8.245960e-01 9.976000e-03 1.654280e-01
121 8.229200e-01 1.005200e-02 1.670280e-01
122 8.209880e-01 1.024800e-02 1.687640e-01
123 8.190880e-01 1.040800e-02 1.705040e-01
124 8.173320e-01 1.026800e-02 1.724000e-01
125 8.156240e-01 1.011600e-02 1.742600e-01
126 8.140040e-01 9.856000e-03 1.761400e-01
127 8.124160e-01 9.724000e-03 1.778600e-01
128 8.106880e-01 9.752000e-03 1.795600e-01
129 8.089480e-01 9.776000e-03 1.812760e-01
130 8.071240e-01 9.924000e-03 1.829520e-01
131 8.053480e-01 1.002000e-02 1.846320e-01
132 8.035200e-01 1.012000e-02 1.863600e-01
133 8.017280e-01 1.007600e-02 1.881960e-01
134 7.999400e-01 1.005200e-02 1.900080e-01
135 7.982400e-01 9.904000e-03 1.918560e-01
136 7.964080e-01 9.948000e-03 1.936440e-01
137 7.946280e-01 9.968000e-03 1.954040e-01
138 7.928840e-01 9.836000e-03 1.972800e-01
139 7.912720e-01 9.760000e-03 1.989680e-01
140 7.897920e-01 9.552000e-03 2.006560e-01
141 7.881120e-01 9.380000e-03 2.025080e-01
142 7.865440e-01 9.260000e-03 2.041960e-01
143 7.851400e-01 8.992000e-03 2.058680e-01
144 7.835560e-01 8.948000e-03 2.074960e-01
145 7.819480e-01 8.976000e-03 2.090760e-01
146 7.805440e-01 8.876000e-03 2.105800e-01
147 7.790720e-01 8.840000e-03 2.120880e-01
148 7.775720e-01 8.752000e-03 2.136760e-01
149 7.761840e-01 8.588000e-03 2.152280e-01
150 7.748560e-01 8.452000e-03 2.166920e-01
151 7.734080e-01 8.512000e-03 2.180800e-01
152 7.720800e-01 8.196000e-03 2.197240e-01
153 7.706520e-01 8.248000e-03 2.211000e-01
154 7.692520e-01 8.116000e-03 2.226320e-01
155 7.677800e-01 8.208000e-03 2.240120e-01
156 7.664120e-01 8.024000e-03 2.255640e-01
157 7.650480e-01 7.916000e-03 2.270360e-01
158 7.637760e-01 7.828000e-03 2.283960e-01
159 7.624600e-01 7.696000e-03 2.298440e-01
160 7.611000e-01 7.688000e-03 2.312120e-01
161 7.597120e-01 7.604000e-03 2.326840e-01
162 7.583560e-01 7.552000e-03 2.340920e-01
163 7.569560e-01 7.612000e-03 2.354320e-01
164 7.555640e-01 7.572000e-03 2.368640e-01
165 7.542560e-01 7.552000e-03 2.381920e-01
166 7.529480e-01 7.568000e-03 2.394840e-01
167 7.516760e-01 7.596000e-03 2.407280e-01
168 7.503560e-01 7.456000e-03 2.421880e-01
169 7.488920e-01 7.644000e-03 2.434640e-01
170 7.474080e-01 7.904000e-03 2.446880e-01
171 7.460320e-01 7.868000e-03 2.461000e-01
172 7.447440e-01 7.972000e-03 2.472840e-01
173 7.434760e-01 7.788000e-03 2.487360e-01
174 7.423360e-01 7.584000e-03 2.500800e-01
175 7.411440e-01 7.492000e-03 2.513640e-01
176 7.398440e-01 7.356000e-03 2.528000e-01
177 7.386640e-01 7.316000e-03 2.540200e-01
178 7.373880e-01 7.324000e-03 2.552880e-01
179 7.363360e-01 7.128000e-03 2.565360e-01
180 7.352320e-01 6.992000e-03 2.577760e-01
181 7.339640e-01 7.056000e-03 2.589800e-01
182 7.327720e-01 7.012000e-03 2.602160e-01
183 7.315200e-01 6.952000e-03 2.615280e-01
184 7.302720e-01 6.808000e-03 2.629200e-01
185 7.291360e-01 6.836000e-03 2.640280e-01
186 7.280320e-01 6.768000e-03 2.652000e-01
187 7.268080e-01 6.784000e-03 2.664080e-01
188 7.257760e-01 6.756000e-03 2.674680e-01
189 7.246160e-01 6.696000e-03 2.686880e-01
190 7.234280e-01 6.780000e-03 2.697920e-01
191 7.222360e-01 6.772000e-03 2.709920e-01
192 7.211880e-01 6.604000e-03 2.722080e-01
193 7.201560e-01 6.452000e-03 2.733920e-01
194 7.189680e-01 6.576000e-03 2.744560e-01
195 7.179640e-01 6.328000e-03 2.757080e-01
196 7.170600e-01 6.196000e-03 2.767440e-01
197 7.159800e-01 6.200000e-03 2.778200e-01
198 7.150640e-01 6.060000e-03 2.788760e-01
199 7.140440e-01 6.036000e-03 2.799200e-01
200 7.129800e-01 6.140000e-03 2.808800e-01
201 7.120160e-01 5.908000e-03 2.820760e-01
202 7.110360e-01 5.888000e-03 2.830760e-01
203 7.099840e-01 5.920000e-03 2.840960e-01
204 7.088840e-01 5.960000e-03 2.851560e-01
205 7.079200e-01 5.796000e-03 2.862840e-01
206 7.069200e-01 5.852000e-03 2.872280e-01
207 7.059360e-01 5.824000e-03 2.882400e-01
208 7.049720e-01 5.848000e-03 2.891800e-01
209 7.039920e-01 5.848000e-03 2.901600e-01
210 7.030120e-01 5.872000e-03 2.911160e-01
211 7.019840e-01 5.864000e-03 2.921520e-01
212 7.010800e-01 5.788000e-03 2.931320e-01
213 7.002200e-01 5.588000e-03 2.941920e-01
214 6.993200e-01 5.488000e-03 2.951920e-01
215 6.983600e-01 5.444000e-03 2.961960e-01
216 6.975160e-01 5.340000e-03 2.971440e-01
217 6.966360e-01 5.216000e-03 2.981480e-01
218 6.959360e-01 5.088000e-03 2.989760e-01
219 6.951280e-01 5.036000e-03 2.998360e-01
220 6.943560e-01 4.952000e-03 3.006920e-01
221 6.935400e-01 4.932000e-03 3.015280e-01
222 6.926840e-01 4.904000e-03 3.024120e-01
223 6.918560e-01 4.940000e-03 3.032040e-01
224 6.910760e-01 4.800000e-03 3.041240e-01
225 6.903200e-01 4.800000e-03 3.048800e-01
226 6.895040e-01 4.724000e-03 3.057720e-01
227 6.886440e-01 4.700000e-03 3.066560e-01
228 6.878160e-01 4.792000e-03 3.073920e-01
229 6.869080e-01 4.884000e-03 3.082080e-01
230 6.860080e-01 4.920000e-03 3.090720e-01
231 6.852560e-01 4.864000e-03 3.098800e-01
232 6.843960e-01 4.848000e-03 3.107560e-01
233 6.836000e-01 4.748000e-03 3.116520e-01
234 6.829400e-01 4.540000e-03 3.125200e-01
235 6.821400e-01 4.528000e-03 3.133320e-01
236 6.814400e-01 4.384000e-03 3.141760e-01
237 6.805760e-01 4.520000e-03 3.149040e-01
238 6.797920e-01 4.520000e-03 3.156880e-01
239 6.790280e-01 4.508000e-03 3.164640e-01
240 6.782680e-01 4.500000e-03 3.172320e-01
241 6.774640e-01 4.556000e-03 3.179800e-01
242 6.766160e-01 4.660000e-03 3.187240e-01
243 6.757520e-01 4.700000e-03 3.195480e-01
244 6.749000e-01 4.668000e-03 3.204320e-01
245 6.741520e-01 4.632000e-03 3.212160e-01
246 6.733120e-01 4.628000e-03 3.220600e-01
247 6.724040e-01 4.740000e-03 3.228560e-01
248 6.715880e-01 4.748000e-03 3.236640e-01
249 6.707840e-01 4.752000e-03 3.244640e-01
250 6.700160e-01 4.736000e-03 3.252480e-01
251 6.692840e-01 4.668000e-03 3.260480e-01
252 6.685400e-01 4.652000e-03 3.268080e-01
253 6.678880e-01 4.468000e-03 3.276440e-01
254 6.671280e-01 4.364000e-03 3.285080e-01
255 6.664680e-01 4.324000e-03 3.292080e-01
256 6.656720e-01 4.360000e-03 3.299680e-01
257 6.651040e-01 4.128000e-03 3.307680e-01
258 6.645320e-01 4.008000e-03 3.314600e-01
259 6.639320e-01 3.920000e-03 3.321480e-01
260 6.632840e-01 3.892000e-03 3.328240e-01
261 6.626040e-01 3.940000e-03 3.334560e-01
262 6.619280e-01 3.992000e-03 3.340800e-01
263 6.613360e-01 3.980000e-03 3.346840e-01
264 6.606560e-01 4.008000e-03 3.353360e-01
265 6.599920e-01 4.028000e-03 3.359800e-01
266 6.594000e-01 4.004000e-03 3.365960e-01
267 6.587800e-01 3.928000e-03 3.372920e-01
268 6.581880e-01 3.872000e-03 3.379400e-01
269 6.574880e-01 3.876000e-03 3.386360e-01
270 6.568840e-01 3.728000e-03 3.393880e-01
271 6.563640e-01 3.656000e-03 3.399800e-01
272 6.558720e-01 3.536000e-03 3.405920e-01
273 6.552720e-01 3.500000e-03 3.412280e-01
274 6.546960e-01 3.476000e-03 3.418280e-01
275 6.541440e-01 3.344000e-03 3.425120e-01
276 6.536280e-01 3.320000e-03 3.430520e-01
277 6.530080e-01 3.316000e-03 3.436760e-01
278 6.524920e-01 3.324000e-03 3.441840e-01
279 6.519120e-01 3.312000e-03 3.447760e-01
280 6.512920e-01 3.320000e-03 3.453880e-01
281 6.507520e-01 3.284000e-03 3.459640e-01
282 6.502240e-01 3.216000e-03 3.465600e-01
283 6.496040e-01 3.256000e-03 3.471400e-01
284 6.490120e-01 3.344000e-03 3.476440e-01
285 6.483320e-01 3.488000e-03 3.481800e-01
286 6.477320e-01 3.472000e-03 3.487960e-01
287 6.471800e-01 3.420000e-03 3.494000e-01
288 6.465920e-01 3.444000e-03 3.499640e-01
289 6.459880e-01 3.444000e-03 3.505680e-01
290 6.453920e-01 3.492000e-03 3.511160e-01
291 6.448720e-01 3.464000e-03 3.516640e-01
292 6.443280e-01 3.356000e-03 3.523160e-01
293 6.437800e-01 3.340000e-03 3.528800e-01
294 6.431680e-01 3.316000e-03 3.535160e-01
295 6.426080e-01 3.240000e-03 3.541520e-01
296 6.421000e-01 3.192000e-03 3.547080e-01
297 6.416360e-01 3.040000e-03 3.553240e-01
298 6.410560e-01 3.024000e-03 3.559200e-01
299 6.405120e-01 3.056000e-03 3.564320e-01
300 6.400280e-01 3.012000e-03 3.569600e-01
301 6.396120e-01 2.920000e-03 3.574680e-01
302 6.392040e-01 2.820000e-03 3.579760e-01
303 6.387280e-01 2.772000e-03 3.585000e-01
304 6.382720e-01 2.680000e-03 3.590480e-01
305 6.377280e-01 2.736000e-03 3.595360e-01
306 6.372240e-01 2.728000e-03 3.600480e-01
307 6.367640e-01 2.664000e-03 3.605720e-01
308 6.362200e-01 2.712000e-03 3.610680e-01
309 6.357960e-01 2.672000e-03 3.615320e-01
310 6.353080e-01 2.696000e-03 3.619960e-01
311 6.347400e-01 2.744000e-03 3.625160e-01
312 6.342800e-01 2.760000e-03 3.629600e-01
313 6.337400e-01 2.860000e-03 3.634000e-01
314 6.332320e-01 2.900000e-03 3.638680e-01
315 6.327600e-01 2.936000e-03 3.643040e-01
316 6.321960e-01 2.996000e-03 3.648080e-01
317 6.316200e-01 3.040000e-03 3.653400e-01
318 6.310880e-01 2.952000e-03 3.659600e-01
319 6.305120e-01 3.136000e-03 3.663520e-01
320 6.299280e-01 3.180000e-03 3.668920e-01
321 6.293080e-01 3.248000e-03 3.674440e-01
322 6.286800e-01 3.324000e-03 3.679960e-01
323 6.280920e-01 3.312000e-03 3.685960e-01
324 6.276160e-01 3.244000e-03 3.691400e-01
325 6.270800e-01 3.248000e-03 3.696720e-01
326 6.266120e-01 3.064000e-03 3.703240e-01
327 6.261400e-01 3.008000e-03 3.708520e-01
328 6.256560e-01 3.012000e-03 3.713320e-01
329 6.251800e-01 2.920000e-03 3.719000e-01
330 6.246120e-01 2.988000e-03 3.724000e-01
331 6.241280e-01 2.944000e-03 3.729280e-01
332 6.236080e-01 3.004000e-03 3.733880e-01
333 6.231960e-01 2.848000e-03 3.739560e-01
334 6.227480e-01 2.772000e-03 3.744800e-01
335 6.222440e-01 2.828000e-03 3.749280e-01
336 6.217320e-01 2.848000e-03 3.754200e-01
337 6.213600e-01 2.716000e-03 3.759240e-01
338 6.209360e-01 2.632000e-03 3.764320e-01
339 6.206160e-01 2.500000e-03 3.768840e-01
340 6.202600e-01 2.452000e-03 3.772880e-01
341 6.199000e-01 2.324000e-03 3.777760e-01
342 6.194520e-01 2.376000e-03 3.781720e-01
343 6.190960e-01 2.352000e-03 3.785520e-01
344 6.186720e-01 2.312000e-03 3.790160e-01
345 6.182720e-01 2.284000e-03 3.794440e-01
346 6.178440e-01 2.308000e-03 3.798480e-01
347 6.174480e-01 2.236000e-03 3.803160e-01
348 6.170600e-01 2.244000e-03 3.806960e-01
349 6.166920e-01 2.196000e-03 3.811120e-01
350 6.163640e-01 2.140000e-03 3.814960e-01
351 6.159600e-01 2.160000e-03 3.818800e-01
352 6.155480e-01 2.216000e-03 3.822360e-01
353 6.151440e-01 2.224000e-03 3.826320e-01
354 6.148080e-01 2.120000e-03 3.830720e-01
355 6.145560e-01 2.052000e-03 3.833920e-01
356 6.142880e-01 1.948000e-03 3.837640e-01
357 6.139520e-01 1.976000e-03 3.840720e-01
358 6.137160e-01 1.876000e-03 3.844080e-01
359 6.135000e-01 1.768000e-03 3.847320e-01
360 6.132560e-01 1.704000e-03 3.850400e-01
361 6.130120e-01 1.664000e-03 3.853240e-01
362 6.127720e-01 1.636000e-03 3.855920e-01
363 6.125480e-01 1.528000e-03 3.859240e-01
364 6.123680e-01 1.432000e-03 3.862000e-01
365 6.121360e-01 1.348000e-03 3.865160e-01
366 6.119280e-01 1.352000e-03 3.867200e-01
367 6.117280e-01 1.288000e-03 3.869840e-01
368 6.115400e-01 1.276000e-03 3.871840e-01
369 6.113720e-01 1.196000e-03 3.874320e-01
370 6.111920e-01 1.164000e-03 3.876440e-01
371 6.110000e-01 1.148000e-03 3.878520e-01
372 6.108840e-01 1.108000e-03 3.880080e-01
373 6.107160e-01 1.092000e-03 3.881920e-01
374 6.105160e-01 1.076000e-03 3.884080e-01
375 6.103720e-01 1.016000e-03 3.886120e-01
376 6.102200e-01 9.320000e-04 3.888480e-01
377 6.100360e-01 9.440000e-04 3.890200e-01
378 6.097720e-01 1.040000e-03 3.891880e-01
379 6.095720e-01 1.056000e-03 3.893720e-01
380 6.093760e-01 9.880000e-04 3.896360e-01
381 6.092000e-01 9.840000e-04 3.898160e-01
382 6.090640e-01 9.760000e-04 3.899600e-01
383 6.089000e-01 9.400000e-04 3.901600e-01
384 6.088000e-01 8.600000e-04 3.903400e-01
385 6.086760e-01 8.240000e-04 3.905000e-01
386 6.085680e-01 8.120000e-04 3.906200e-01
387 6.084320e-01 7.960000e-04 3.907720e-01
388 6.083440e-01 7.120000e-04 3.909440e-01
389 6.082200e-01 7.000000e-04 3.910800e-01
390 6.081160e-01 6.920000e-04 3.911920e-01
391 6.080200e-01 6.840000e-04 3.912960e-01
392 6.078960e-01 6.560000e-04 3.914480e-01
393 6.077760e-01 6.480000e-04 3.915760e-01
394 6.076640e-01 6.080000e-04 3.917280e-01
395 6.075920e-01 5.280000e-04 3.918800e-01
396 6.075200e-01 5.040000e-04 3.919760e-01
397 6.074640e-01 4.600000e-04 3.920760e-01
398 6.073960e-01 4.560000e-04 3.921480e-01
399 6.073480e-01 4.280000e-04 3.922240e-01
400 6.072960e-01 3.920000e-04 3.923120e-01
401 6.072280e-01 3.960000e-04 3.923760e-01
402 6.071520e-01 4.280000e-04 3.924200e-01
403 6.070840e-01 4.560000e-04 3.924600e-01
404 6.070080e-01 4.480000e-04 3.925440e-01
405 6.069080e-01 4.600000e-04 3.926320e-01
406 6.068400e-01 4.320000e-04 3.927280e-01
407 6.067680e-01 4.000000e-04 3.928320e-01
408 6.066840e-01 4.120000e-04 3.929040e-01
409 6.066280e-01 3.800000e-04 3.929920e-01
410 6.065760e-01 4.000000e-04 3.930240e-01
411 6.064920e-01 4.280000e-04 3.930800e-01
412 6.064000e-01 4.480000e-04 3.931520e-01
413 6.063560e-01 3.920000e-04 3.932520e-01
414 6.062720e-01 4.320000e-04 3.932960e-01
415 6.061960e-01 4.320000e-04 3.933720e-01
416 6.061400e-01 4.280000e-04 3.934320e-01
417 6.060720e-01 4.320000e-04 3.934960e-01
418 6.059760e-01 4.520000e-04 3.935720e-01
419 6.058680e-01 4.920000e-04 3.936400e-01
420 6.057560e-01 4.920000e-04 3.937520e-01
421 6.056080e-01 5.640000e-04 3.938280e-01
422 6.054640e-01 5.840000e-04 3.939520e-01
423 6.053320e-01 6.120000e-04 3.940560e-01
424 6.052200e-01 5.800000e-04 3.942000e-01
425 6.051360e-01 5.720000e-04 3.942920e-01
426 6.050080e-01 5.960000e-04 3.943960e-01
427 6.048840e-01 5.880000e-04 3.945280e-01
428 6.048120e-01 5.680000e-04 3.946200e-01
429 6.047440e-01 5.080000e-04 3.947480e-01
430 6.046160e-01 5.800000e-04 3.948040e-01
431 6.044680e-01 6.280000e-04 3.949040e-01
432 6.043320e-01 6.480000e-04 3.950200e-01
433 6.042160e-01 6.240000e-04 3.951600e-01
434 6.041080e-01 6.000000e-04 3.952920e-01
435 6.040200e-01 6.040000e-04 3.953760e-01
436 6.039280e-01 5.520000e-04 3.955200e-01
437 6.038480e-01 5.200000e-04 3.956320e-01
438 6.037360e-01 5.640000e-04 3.957000e-01
439 6.036280e-01 5.680000e-04 3.958040e-01
440 6.035240e-01 5.960000e-04 3.958800e-01
441 6.034400e-01 5.920000e-04 3.959680e-01
442 6.033200e-01 6.000000e-04 3.960800e-01
443 6.032280e-01 6.120000e-04 3.961600e-01
444 6.031040e-01 6.080000e-04 3.962880e-01
445 6.030040e-01 6.080000e-04 3.963880e-01
446 6.028720e-01 6.280000e-04 3.965000e-01
447 6.027560e-01 6.280000e-04 3.966160e-01
448 6.026840e-01 5.840000e-04 3.967320e-01
449 6.025960e-01 5.680000e-04 3.968360e-01
450 6.025440e-01 5.040000e-04 3.969520e-01
451 6.024880e-01 4.600000e-04 3.970520e-01
452 6.023920e-01 4.520000e-04 3.971560e-01
453 6.023280e-01 4.640000e-04 3.972080e-01
454 6.022520e-01 4.840000e-04 3.972640e-01
455 6.021840e-01 4.680000e-04 3.973480e-01
456 6.021160e-01 4.480000e-04 3.974360e-01
457 6.020280e-01 4.200000e-04 3.975520e-01
458 6.019480e-01 4.200000e-04 3.976320e-01
459 6.018440e-01 4.760000e-04 3.976800e-01
460 6.017520e-01 4.800000e-04 3.977680e-01
461 6.016720e-01 4.480000e-04 3.978800e-01
462 6.016040e-01 4.600000e-04 3.979360e-01
463 6.015520e-01 4.000000e-04 3.980480e-01
464 6.014960e-01 3.760000e-04 3.981280e-01
465 6.014440e-01 3.800000e-04 3.981760e-01
466 6.013760e-01 3.680000e-04 3.982560e-01
467 6.013120e-01 3.520000e-04 3.983360e-01
468 6.012440e-01 3.560000e-04 3.984000e-01
469 6.011920e-01 3.320000e-04 3.984760e-01
470 6.011240e-01 3.560000e-04 3.985200e-01
471 6.010640e-01 3.360000e-04 3.986000e-01
472 6.010120e-01 3.120000e-04 3.986760e-01
473 6.009400e-01 3.240000e-04 3.987360e-01
474 6.009000e-01 3.240000e-04 3.987760e-01
475 6.008680e-01 2.840000e-04 3.988480e-01
476 6.008080e-01 2.800000e-04 3.989120e-01
477 6.008000e-01 2.320000e-04 3.989680e-01
478 6.007800e-01 2.320000e-04 3.989880e-01
479 6.007680e-01 2.080000e-04 3.990240e-01
480 6.007600e-01 1.840000e-04 3.990560e-01
481 6.007400e-01 1.800000e-04 3.990800e-01
482 6.007360e-01 1.480000e-04 3.991160e-01
483 6.007160e-01 1.480000e-04 3.991360e-01
484 6.006880e-01 1.480000e-04 3.991640e-01
485 6.006760e-01 1.520000e-04 3.991720e-01
486 6.006680e-01 1.360000e-04 3.991960e-01
487 6.006600e-01 1.240000e-04 3.992160e-01
488 6.006480e-01 1.080000e-04 3.992440e-01
489 6.006320e-01 1.160000e-04 3.992520e-01
490 6.006160e-01 1.040000e-04 3.992800e-01
491 6.006000e-01 9.200000e-05 3.993080e-01
492 6.005960e-01 6.800000e-05 3.993360e-01
493 6.005960e-01 5.200000e-05 3.993520e-01
494 6.005920e-01 5.200000e-05 3.993560e-01
495 6.005920e-01 4.800000e-05 3.993600e-01
496 6.005920e-01 4.400000e-05 3.993640e-01
497 6.005880e-01 4.000000e-05 3.993720e-01
498 6.005880e-01 4.000000e-05 3.993720e-01
499 6.005840e-01 4.400000e-05 3.993720e-01
500 6.005840e-01 4.400000e-05 3.993720e-01
