1 9.990680e-01 8.440000e-04 8.800000e-05
2 9.984520e-01 1.260000e-03 2.880000e-04
3 9.977000e-01 1.740000e-03 5.600000e-04
4 9.968520e-01 2.148000e-03 1.000000e-03
5 9.960280e-01 2.524000e-03 1.448000e-03
6 9.951800e-01 2.856000e-03 1.964000e-03
7 9.942880e-01 3.228000e-03 2.484000e-03
8 9.934040e-01 3.488000e-03 3.108000e-03
9 9.924120e-01 3.856000e-03 3.732000e-03
10 9.914440e-01 4.100000e-03 4.456000e-03
11 9.903760e-01 4.460000e-03 5.164000e-03
12 9.892880e-01 4.648000e-03 6.064000e-03
13 9.881320e-01 4.956000e-03 6.912000e-03
14 9.869760e-01 5.300000e-03 7.724000e-03
15 9.857640e-01 5.560000e-03 8.676000e-03
16 9.845240e-01 5.768000e-03 9.708000e-03
17 9.833080e-01 5.956000e-03 1.073600e-02
18 9.820600e-01 6.156000e-03 1.178400e-02
19 9.808080e-01 6.300000e-03 1.289200e-02
20 9.795600e-01 6.296000e-03 1.414400e-02
21 9.784480e-01 6.196000e-03 1.535600e-02
22 9.771960e-01 6.308000e-03 1.649600e-02
23 9.759880e-01 6.368000e-03 1.764400e-02
24 9.749240e-01 6.284000e-03 1.879200e-02
25 9.736680e-01 6.256000e-03 2.007600e-02
26 9.724120e-01 6.408000e-03 2.118000e-02
27 9.711880e-01 6.524000e-03 2.228800e-02
28 9.698640e-01 6.584000e-03 2.355200e-02
29 9.685600e-01 6.748000e-03 2.469200e-02
30 9.672440e-01 6.868000e-03 2.588800e-02
31 9.658160e-01 7.000000e-03 2.718400e-02
32 9.642560e-01 7.320000e-03 2.842400e-02
33 9.628120e-01 7.444000e-03 2.974400e-02
34 9.614800e-01 7.536000e-03 3.098400e-02
35 9.602480e-01 7.440000e-03 3.231200e-02
36 9.588120e-01 7.584000e-03 3.360400e-02
37 9.574480e-01 7.736000e-03 3.481600e-02
38 9.561240e-01 7.668000e-03 3.620800e-02
39 9.548080e-01 7.660000e-03 3.753200e-02
40 9.532760e-01 7.836000e-03 3.888800e-02
41 9.516720e-01 8.072000e-03 4.025600e-02
42 9.502880e-01 8.008000e-03 4.170400e-02
43 9.487680e-01 8.140000e-03 4.309200e-02
44 9.472640e-01 8.184000e-03 4.455200e-02
45 9.458640e-01 8.140000e-03 4.599600e-02
46 9.444760e-01 8.300000e-03 4.722400e-02
47 9.428320e-01 8.496000e-03 4.867200e-02
48 9.412440e-01 8.484000e-03 5.027200e-02
49 9.397080e-01 8.400000e-03 5.189200e-02
50 9.383320e-01 8.396000e-03 5.327200e-02
51 9.368360e-01 8.352000e-03 5.481200e-02
52 9.353480e-01 8.316000e-03 5.633600e-02
53 9.340560e-01 8.064000e-03 5.788000e-02
54 9.326800e-01 8.040000e-03 5.928000e-02
55 9.310640e-01 8.308000e-03 6.062800e-02
56 9.297840e-01 8.164000e-03 6.205200e-02
57 9.284040e-01 8.044000e-03 6.355200e-02
58 9.271000e-01 7.884000e-03 6.501600e-02
59 9.257280e-01 7.936000e-03 6.633600e-02
60 9.243320e-01 7.932000e-03 6.773600e-02
61 9.229680e-01 7.976000e-03 6.905600e-02
62 9.216640e-01 7.900000e-03 7.043600e-02
63 9.204000e-01 7.796000e-03 7.180400e-02
64 9.191280e-01 7.752000e-03 7.312000e-02
65 9.176680e-01 7.884000e-03 7.444800e-02
66 9.161800e-01 8.072000e-03 7.574800e-02
67 9.148200e-01 8.056000e-03 7.712400e-02
68 9.134960e-01 8.012000e-03 7.849200e-02
69 9.122600e-01 7.848000e-03 7.989200e-02
70 9.109640e-01 7.904000e-03 8.113200e-02
71 9.096560e-01 7.864000e-03 8.248000e-02
72 9.083400e-01 7.872000e-03 8.378800e-02
73 9.068320e-01 8.036000e-03 8.513200e-02
74 9.054760e-01 7.928000e-03 8.659600e-02
75 9.040520e-01 7.932000e-03 8.801600e-02
76 9.027800e-01 7.764000e-03 8.945600e-02
77 9.014720e-01 7.892000e-03 9.063600e-02
78 9.002440e-01 7.700000e-03 9.205600e-02
79 8.988840e-01 7.652000e-03 9.346400e-02
80 8.975800e-01 7.576000e-03 9.484400e-02
81 8.962800e-01 7.408000e-03 9.631200e-02
82 8.950480e-01 7.372000e-03 9.758000e-02
83 8.937880e-01 7.236000e-03 9.897600e-02
84 8.925040e-01 7.152000e-03 1.003440e-01
85 8.910680e-01 7.420000e-03 1.015120e-01
86 8.896760e-01 7.580000e-03 1.027440e-01
87 8.882240e-01 7.672000e-03 1.041040e-01
88 8.867560e-01 7.772000e-03 1.054720e-01
89 8.852480e-01 8.028000e-03 1.067240e-01
90 8.837040e-01 8.196000e-03 1.081000e-01
91 8.821320e-01 8.252000e-03 1.096160e-01
92 8.805360e-01 8.268000e-03 1.111960e-01
93 8.791200e-01 8.196000e-03 1.126840e-01
94 8.777360e-01 8.108000e-03 1.141560e-01
95 8.764000e-01 8.112000e-03 1.154880e-01
96 8.750120e-01 8.160000e-03 1.168280e-01
97 8.736200e-01 8.044000e-03 1.183360e-01
98 8.721360e-01 8.112000e-03 1.197520e-01
99 8.707160e-01 8.176000e-03 1.211080e-01
100 8.693880e-01 8.028000e-03 1.225840e-01
101 8.679160e-01 7.920000e-03 1.241640e-01
102 8.665280e-01 7.812000e-03 1.256600e-01
103 8.653080e-01 7.756000e-03 1.269360e-01
104 8.638800e-01 7.980000e-03 1.281400e-01
105 8.625040e-01 8.080000e-03 1.294160e-01
106 8.610840e-01 8.116000e-03 1.308000e-01
107 8.598120e-01 8.000000e-03 1.321880e-01
108 8.583040e-01 8.140000e-03 1.335560e-01
109 8.569120e-01 8.048000e-03 1.350400e-01
110 8.556280e-01 7.872000e-03 1.365000e-01
111 8.543040e-01 7.800000e-03 1.378960e-01
112 8.530840e-01 7.668000e-03 1.392480e-01
113 8.517240e-01 7.632000e-03 1.406440e-01
114 8.504560e-01 7.620000e-03 1.419240e-01
115 8.492600e-01 7.476000e-03 1.432640e-01
116 8.480040e-01 7.260000e-03 1.447360e-01
117 8.468680e-01 7.288000e-03 1.458440e-01
118 8.454600e-01 7.452000e-03 1.470880e-01
119 8.440800e-01 7.480000e-03 1.484400e-01
120 8.426600e-01 7.620000e-03 1.497200e-01
121 8.414520e-01 7.596000e-03 1.509520e-01
122 8.401720e-01 7.540000e-03 1.522880e-01
123 8.390280e-01 7.376000e-03 1.535960e-01
124 8.378400e-01 7.296000e-03 1.548640e-01
125 8.365880e-01 7.300000e-03 1.561120e-01
126 8.354640e-01 7.208000e-03 1.573280e-01
127 8.344320e-01 6.956000e-03 1.586120e-01
128 8.332520e-01 6.928000e-03 1.598200e-01
129 8.322880e-01 6.664000e-03 1.610480e-01
130 8.312520e-01 6.544000e-03 1.622040e-01
131 8.301880e-01 6.436000e-03 1.633760e-01
132 8.290920e-01 6.324000e-03 1.645840e-01
133 8.279240e-01 6.348000e-03 1.657280e-01
134 8.268120e-01 6.356000e-03 1.668320e-01
135 8.256080e-01 6.336000e-03 1.680560e-01
136 8.245120e-01 6.412000e-03 1.690760e-01
137 8.233720e-01 6.324000e-03 1.703040e-01
138 8.221160e-01 6.480000e-03 1.714040e-01
139 8.210400e-01 6.500000e-03 1.724600e-01
140 8.198680e-01 6.596000e-03 1.735360e-01
141 8.188120e-01 6.492000e-03 1.746960e-01
142 8.178400e-01 6.356000e-03 1.758040e-01
143 8.168040e-01 6.212000e-03 1.769840e-01
144 8.158280e-01 6.084000e-03 1.780880e-01
145 8.148200e-01 6.004000e-03 1.791760e-01
146 8.138440e-01 5.876000e-03 1.802800e-01
147 8.127360e-01 5.932000e-03 1.813320e-01
148 8.117160e-01 5.876000e-03 1.824080e-01
149 8.106920e-01 5.864000e-03 1.834440e-01
150 8.097480e-01 5.796000e-03 1.844560e-01
151 8.089120e-01 5.704000e-03 1.853840e-01
152 8.080800e-01 5.476000e-03 1.864440e-01
153 8.071240e-01 5.448000e-03 1.874280e-01
154 8.062560e-01 5.316000e-03 1.884280e-01
155 8.053640e-01 5.232000e-03 1.894040e-01
156 8.045040e-01 5.140000e-03 1.903560e-01
157 8.036080e-01 5.096000e-03 1.912960e-01
158 8.027040e-01 5.048000e-03 1.922480e-01
159 8.018080e-01 5.116000e-03 1.930760e-01
160 8.009520e-01 5.100000e-03 1.939480e-01
161 8.001480e-01 5.084000e-03 1.947680e-01
162 7.992920e-01 5.020000e-03 1.956880e-01
163 7.984720e-01 4.844000e-03 1.966840e-01
164 7.976160e-01 4.860000e-03 1.975240e-01
165 7.966080e-01 4.992000e-03 1.984000e-01
166 7.957760e-01 5.036000e-03 1.991880e-01
167 7.947720e-01 5.148000e-03 2.000800e-01
168 7.939120e-01 5.072000e-03 2.010160e-01
169 7.930120e-01 5.188000e-03 2.018000e-01
170 7.919960e-01 5.344000e-03 2.026600e-01
171 7.910040e-01 5.444000e-03 2.035520e-01
172 7.902000e-01 5.252000e-03 2.045480e-01
173 7.893280e-01 5.328000e-03 2.053440e-01
174 7.884160e-01 5.384000e-03 2.062000e-01
175 7.876720e-01 5.216000e-03 2.071120e-01
176 7.867040e-01 5.248000e-03 2.080480e-01
177 7.858960e-01 5.188000e-03 2.089160e-01
178 7.850440e-01 5.108000e-03 2.098480e-01
179 7.841920e-01 5.060000e-03 2.107480e-01
180 7.832160e-01 5.228000e-03 2.115560e-01
181 7.822520e-01 5.276000e-03 2.124720e-01
182 7.814360e-01 5.208000e-03 2.133560e-01
183 7.805040e-01 5.272000e-03 2.142240e-01
184 7.795560e-01 5.304000e-03 2.151400e-01
185 7.785280e-01 5.464000e-03 2.160080e-01
186 7.776320e-01 5.356000e-03 2.170120e-01
187 7.766960e-01 5.352000e-03 2.179520e-01
188 7.757640e-01 5.352000e-03 2.188840e-01
189 7.750400e-01 5.232000e-03 2.197280e-01
190 7.741840e-01 5.180000e-03 2.206360e-01
191 7.733520e-01 5.076000e-03 2.215720e-01
192 7.724400e-01 5.208000e-03 2.223520e-01
193 7.716320e-01 5.140000e-03 2.232280e-01
194 7.708040e-01 5.156000e-03 2.240400e-01
195 7.699360e-01 5.012000e-03 2.250520e-01
196 7.690880e-01 5.136000e-03 2.257760e-01
197 7.681680e-01 5.172000e-03 2.266600e-01
198 7.672800e-01 5.172000e-03 2.275480e-01
199 7.665760e-01 4.980000e-03 2.284440e-01
200 7.658560e-01 4.804000e-03 2.293400e-01
201 7.651840e-01 4.648000e-03 2.301680e-01
202 7.645360e-01 4.544000e-03 2.309200e-01
203 7.638000e-01 4.432000e-03 2.317680e-01
204 7.630880e-01 4.352000e-03 2.325600e-01
205 7.623680e-01 4.348000e-03 2.332840e-01
206 7.615280e-01 4.460000e-03 2.340120e-01
207 7.606920e-01 4.584000e-03 2.347240e-01
208 7.598920e-01 4.548000e-03 2.355600e-01
209 7.590280e-01 4.528000e-03 2.364440e-01
210 7.582560e-01 4.460000e-03 2.372840e-01
211 7.574480e-01 4.388000e-03 2.381640e-01
212 7.566680e-01 4.456000e-03 2.388760e-01
213 7.558240e-01 4.448000e-03 2.397280e-01
214 7.550160e-01 4.444000e-03 2.405400e-01
215 7.542320e-01 4.424000e-03 2.413440e-01
216 7.535360e-01 4.304000e-03 2.421600e-01
217 7.528920e-01 4.304000e-03 2.428040e-01
218 7.520960e-01 4.352000e-03 2.435520e-01
219 7.514840e-01 4.220000e-03 2.442960e-01
220 7.508120e-01 4.120000e-03 2.450680e-01
221 7.501400e-01 4.032000e-03 2.458280e-01
222 7.495200e-01 3.940000e-03 2.465400e-01
223 7.489360e-01 3.776000e-03 2.472880e-01
224 7.483200e-01 3.720000e-03 2.479600e-01
225 7.475880e-01 3.860000e-03 2.485520e-01
226 7.468200e-01 3.948000e-03 2.492320e-01
227 7.462000e-01 3.876000e-03 2.499240e-01
228 7.456000e-01 3.824000e-03 2.505760e-01
229 7.449640e-01 3.820000e-03 2.512160e-01
230 7.443360e-01 3.744000e-03 2.519200e-01
231 7.436920e-01 3.732000e-03 2.525760e-01
232 7.430280e-01 3.684000e-03 2.532880e-01
233 7.424360e-01 3.656000e-03 2.539080e-01
234 7.418920e-01 3.532000e-03 2.545760e-01
235 7.412680e-01 3.616000e-03 2.551160e-01
236 7.406480e-01 3.520000e-03 2.558320e-01
237 7.401360e-01 3.464000e-03 2.564000e-01
238 7.395320e-01 3.436000e-03 2.570320e-01
239 7.389880e-01 3.432000e-03 2.575800e-01
240 7.383960e-01 3.436000e-03 2.581680e-01
241 7.378400e-01 3.420000e-03 2.587400e-01
242 7.372920e-01 3.420000e-03 2.592880e-01
243 7.368120e-01 3.336000e-03 2.598520e-01
244 7.363080e-01 3.176000e-03 2.605160e-01
245 7.359000e-01 3.036000e-03 2.610640e-01
246 7.354800e-01 2.924000e-03 2.615960e-01
247 7.350920e-01 2.832000e-03 2.620760e-01
248 7.346080e-01 2.836000e-03 2.625560e-01
249 7.341840e-01 2.740000e-03 2.630760e-01
250 7.337480e-01 2.704000e-03 2.635480e-01
251 7.332480e-01 2.724000e-03 2.640280e-01
252 7.327600e-01 2.704000e-03 2.645360e-01
253 7.323000e-01 2.644000e-03 2.650560e-01
254 7.317720e-01 2.708000e-03 2.655200e-01
255 7.312800e-01 2.700000e-03 2.660200e-01
256 7.307920e-01 2.744000e-03 2.664640e-01
257 7.302120e-01 2.804000e-03 2.669840e-01
258 7.297080e-01 2.840000e-03 2.674520e-01
259 7.292280e-01 2.896000e-03 2.678760e-01
260 7.286360e-01 2.960000e-03 2.684040e-01
261 7.281880e-01 3.004000e-03 2.688080e-01
262 7.277240e-01 2.948000e-03 2.693280e-01
263 7.272720e-01 2.868000e-03 2.698600e-01
264 7.268520e-01 2.852000e-03 2.702960e-01
265 7.264400e-01 2.776000e-03 2.707840e-01
266 7.259280e-01 2.816000e-03 2.712560e-01
267 7.255240e-01 2.692000e-03 2.717840e-01
268 7.250640e-01 2.704000e-03 2.722320e-01
269 7.246440e-01 2.684000e-03 2.726720e-01
270 7.241720e-01 2.772000e-03 2.730560e-01
271 7.236640e-01 2.860000e-03 2.734760e-01
272 7.231800e-01 2.856000e-03 2.739640e-01
273 7.226640e-01 2.860000e-03 2.744760e-01
274 7.222120e-01 2.788000e-03 2.750000e-01
275 7.216840e-01 2.792000e-03 2.755240e-01
276 7.212840e-01 2.696000e-03 2.760200e-01
277 7.208120e-01 2.704000e-03 2.764840e-01
278 7.204360e-01 2.560000e-03 2.770040e-01
279 7.200320e-01 2.464000e-03 2.775040e-01
280 7.196840e-01 2.360000e-03 2.779560e-01
281 7.192360e-01 2.336000e-03 2.784280e-01
282 7.188600e-01 2.388000e-03 2.787520e-01
283 7.184200e-01 2.416000e-03 2.791640e-01
284 7.180240e-01 2.400000e-03 2.795760e-01
285 7.176080e-01 2.356000e-03 2.800360e-01
286 7.171880e-01 2.356000e-03 2.804560e-01
287 7.168760e-01 2.264000e-03 2.808600e-01
288 7.165600e-01 2.176000e-03 2.812640e-01
289 7.162720e-01 2.028000e-03 2.817000e-01
290 7.160240e-01 1.956000e-03 2.820200e-01
291 7.156720e-01 1.992000e-03 2.823360e-01
292 7.152680e-01 2.104000e-03 2.826280e-01
293 7.148480e-01 2.168000e-03 2.829840e-01
294 7.144080e-01 2.224000e-03 2.833680e-01
295 7.140480e-01 2.200000e-03 2.837520e-01
296 7.136560e-01 2.152000e-03 2.841920e-01
297 7.132520e-01 2.172000e-03 2.845760e-01
298 7.129120e-01 2.144000e-03 2.849440e-01
299 7.124920e-01 2.140000e-03 2.853680e-01
300 7.121160e-01 2.180000e-03 2.857040e-01
301 7.117760e-01 2.128000e-03 2.860960e-01
302 7.114560e-01 2.068000e-03 2.864760e-01
303 7.111680e-01 1.968000e-03 2.868640e-01
304 7.108000e-01 2.056000e-03 2.871440e-01
305 7.104480e-01 2.036000e-03 2.875160e-01
306 7.100880e-01 2.032000e-03 2.878800e-01
307 7.098200e-01 1.968000e-03 2.882120e-01
308 7.094960e-01 1.992000e-03 2.885120e-01
309 7.092240e-01 1.880000e-03 2.888960e-01
310 7.089200e-01 1.908000e-03 2.891720e-01
311 7.086200e-01 1.776000e-03 2.896040e-01
312 7.083160e-01 1.712000e-03 2.899720e-01
313 7.080240e-01 1.708000e-03 2.902680e-01
314 7.077760e-01 1.684000e-03 2.905400e-01
315 7.074600e-01 1.760000e-03 2.907800e-01
316 7.072480e-01 1.584000e-03 2.911680e-01
317 7.069760e-01 1.612000e-03 2.914120e-01
318 7.067200e-01 1.568000e-03 2.917120e-01
319 7.064680e-01 1.556000e-03 2.919760e-01
320 7.062120e-01 1.580000e-03 2.922080e-01
321 7.059320e-01 1.596000e-03 2.924720e-01
322 7.056080e-01 1.608000e-03 2.927840e-01
323 7.053120e-01 1.588000e-03 2.931000e-01
324 7.050000e-01 1.664000e-03 2.933360e-01
325 7.047320e-01 1.644000e-03 2.936240e-01
326 7.044360e-01 1.644000e-03 2.939200e-01
327 7.042120e-01 1.548000e-03 2.942400e-01
328 7.039680e-01 1.564000e-03 2.944680e-01
329 7.037600e-01 1.504000e-03 2.947360e-01
330 7.035440e-01 1.464000e-03 2.949920e-01
331 7.033240e-01 1.488000e-03 2.951880e-01
332 7.031440e-01 1.412000e-03 2.954440e-01
333 7.029680e-01 1.368000e-03 2.956640e-01
334 7.027240e-01 1.420000e-03 2.958560e-01
335 7.025360e-01 1.344000e-03 2.961200e-01
336 7.023680e-01 1.276000e-03 2.963560e-01
337 7.021640e-01 1.300000e-03 2.965360e-01
338 7.019800e-01 1.276000e-03 2.967440e-01
339 7.017400e-01 1.332000e-03 2.969280e-01
340 7.014880e-01 1.304000e-03 2.972080e-01
341 7.012680e-01 1.316000e-03 2.974160e-01
342 7.010320e-01 1.320000e-03 2.976480e-01
343 7.008360e-01 1.248000e-03 2.979160e-01
344 7.006240e-01 1.184000e-03 2.981920e-01
345 7.004320e-01 1.144000e-03 2.984240e-01
346 7.002760e-01 1.096000e-03 2.986280e-01
347 7.001360e-01 1.016000e-03 2.988480e-01
348 6.999520e-01 1.000000e-03 2.990480e-01
349 6.998040e-01 9.920000e-04 2.992040e-01
350 6.996520e-01 9.400000e-04 2.994080e-01
351 6.994840e-01 8.880000e-04 2.996280e-01
352 6.993280e-01 8.800000e-04 2.997920e-01
353 6.992000e-01 8.560000e-04 2.999440e-01
354 6.991040e-01 8.160000e-04 3.000800e-01
355 6.989960e-01 7.600000e-04 3.002440e-01
356 6.988800e-01 7.880000e-04 3.003320e-01
357 6.987640e-01 7.680000e-04 3.004680e-01
358 6.986280e-01 7.640000e-04 3.006080e-01
359 6.985240e-01 6.960000e-04 3.007800e-01
360 6.983960e-01 7.040000e-04 3.009000e-01
361 6.982280e-01 7.720000e-04 3.010000e-01
362 6.981440e-01 6.720000e-04 3.011840e-01
363 6.980520e-01 6.280000e-04 3.013200e-01
364 6.979680e-01 6.120000e-04 3.014200e-01
365 6.978920e-01 5.880000e-04 3.015200e-01
366 6.978120e-01 5.960000e-04 3.015920e-01
367 6.977160e-01 5.880000e-04 3.016960e-01
368 6.976000e-01 6.120000e-04 3.017880e-01
369 6.975160e-01 5.880000e-04 3.018960e-01
370 6.973920e-01 6.360000e-04 3.019720e-01
371 6.972440e-01 6.480000e-04 3.021080e-01
372 6.970840e-01 6.720000e-04 3.022440e-01
373 6.969240e-01 7.120000e-04 3.023640e-01
374 6.967880e-01 7.160000e-04 3.024960e-01
375 6.966600e-01 6.920000e-04 3.026480e-01
376 6.965640e-01 6.640000e-04 3.027720e-01
377 6.964360e-01 6.840000e-04 3.028800e-01
378 6.963040e-01 7.040000e-04 3.029920e-01
379 6.961720e-01 7.000000e-04 3.031280e-01
380 6.960240e-01 7.160000e-04 3.032600e-01
381 6.958600e-01 7.520000e-04 3.033880e-01
382 6.957080e-01 8.040000e-04 3.034880e-01
383 6.955840e-01 7.680000e-04 3.036480e-01
384 6.954280e-01 7.840000e-04 3.037880e-01
385 6.953040e-01 7.800000e-04 3.039160e-01
386 6.951800e-01 7.680000e-04 3.040520e-01
387 6.950840e-01 7.080000e-04 3.042080e-01
388 6.949280e-01 7.480000e-04 3.043240e-01
389 6.948520e-01 6.600000e-04 3.044880e-01
390 6.947800e-01 6.320000e-04 3.045880e-01
391 6.947160e-01 5.720000e-04 3.047120e-01
392 6.946200e-01 5.640000e-04 3.048160e-01
393 6.945640e-01 5.440000e-04 3.048920e-01
394 6.944880e-01 5.200000e-04 3.049920e-01
395 6.944280e-01 4.960000e-04 3.050760e-01
396 6.943840e-01 4.640000e-04 3.051520e-01
397 6.942920e-01 4.600000e-04 3.052480e-01
398 6.941680e-01 5.120000e-04 3.053200e-01
399 6.941080e-01 4.720000e-04 3.054200e-01
400 6.940320e-01 4.880000e-04 3.054800e-01
401 6.939320e-01 5.280000e-04 3.055400e-01
402 6.938280e-01 5.280000e-04 3.056440e-01
403 6.936840e-01 6.000000e-04 3.057160e-01
404 6.935840e-01 6.200000e-04 3.057960e-01
405 6.934480e-01 6.400000e-04 3.059120e-01
406 6.933160e-01 6.600000e-04 3.060240e-01
407 6.932240e-01 6.080000e-04 3.061680e-01
408 6.931040e-01 6.200000e-04 3.062760e-01
409 6.930040e-01 6.160000e-04 3.063800e-01
410 6.928480e-01 6.720000e-04 3.064800e-01
411 6.927080e-01 7.240000e-04 3.065680e-01
412 6.925920e-01 7.080000e-04 3.067000e-01
413 6.924800e-01 7.040000e-04 3.068160e-01
414 6.923200e-01 7.560000e-04 3.069240e-01
415 6.921840e-01 7.800000e-04 3.070360e-01
416 6.920280e-01 8.040000e-04 3.071680e-01
417 6.918920e-01 8.080000e-04 3.073000e-01
418 6.917040e-01 8.200000e-04 3.074760e-01
419 6.915440e-01 8.560000e-04 3.076000e-01
420 6.914280e-01 8.120000e-04 3.077600e-01
421 6.912880e-01 8.320000e-04 3.078800e-01
422 6.911600e-01 7.880000e-04 3.080520e-01
423 6.910040e-01 7.920000e-04 3.082040e-01
424 6.908520e-01 8.120000e-04 3.083360e-01
425 6.906800e-01 8.600000e-04 3.084600e-01
426 6.905280e-01 8.360000e-04 3.086360e-01
427 6.904680e-01 7.480000e-04 3.087840e-01
428 6.903840e-01 7.480000e-04 3.088680e-01
429 6.903160e-01 6.840000e-04 3.090000e-01
430 6.902520e-01 6.240000e-04 3.091240e-01
431 6.901520e-01 6.040000e-04 3.092440e-01
432 6.900920e-01 5.440000e-04 3.093640e-01
433 6.900320e-01 4.960000e-04 3.094720e-01
434 6.899840e-01 4.520000e-04 3.095640e-01
435 6.899240e-01 4.200000e-04 3.096560e-01
436 6.898840e-01 3.960000e-04 3.097200e-01
437 6.898000e-01 4.160000e-04 3.097840e-01
438 6.897320e-01 4.320000e-04 3.098360e-01
439 6.896800e-01 4.040000e-04 3.099160e-01
440 6.896040e-01 3.920000e-04 3.100040e-01
441 6.895200e-01 3.760000e-04 3.101040e-01
442 6.894280e-01 3.920000e-04 3.101800e-01
443 6.893680e-01 3.960000e-04 3.102360e-01
444 6.893240e-01 3.760000e-04 3.103000e-01
445 6.892560e-01 3.760000e-04 3.103680e-01
446 6.891880e-01 3.880000e-04 3.104240e-01
447 6.891040e-01 4.040000e-04 3.104920e-01
448 6.890160e-01 4.160000e-04 3.105680e-01
449 6.889320e-01 4.360000e-04 3.106320e-01
450 6.888800e-01 4.080000e-04 3.107120e-01
451 6.888120e-01 4.160000e-04 3.107720e-01
452 6.887520e-01 4.240000e-04 3.108240e-01
453 6.886560e-01 4.640000e-04 3.108800e-01
454 6.886080e-01 4.240000e-04 3.109680e-01
455 6.885240e-01 4.280000e-04 3.110480e-01
456 6.884600e-01 4.200000e-04 3.111200e-01
457 6.884160e-01 3.960000e-04 3.111880e-01
458 6.883600e-01 3.800000e-04 3.112600e-01
459 6.883080e-01 3.360000e-04 3.113560e-01
460 6.882640e-01 3.240000e-04 3.114120e-01
461 6.882360e-01 2.960000e-04 3.114680e-01
462 6.881880e-01 3.000000e-04 3.115120e-01
463 6.881160e-01 3.120000e-04 3.115720e-01
464 6.880360e-01 3.280000e-04 3.116360e-01
465 6.879640e-01 3.400000e-04 3.116960e-01
466 6.878880e-01 3.320000e-04 3.117800e-01
467 6.878480e-01 3.200000e-04 3.118320e-01
468 6.877880e-01 3.320000e-04 3.118800e-01
469 6.877560e-01 3.240000e-04 3.119200e-01
470 6.877320e-01 3.000000e-04 3.119680e-01
471 6.876960e-01 2.800000e-04 3.120240e-01
472 6.876440e-01 2.640000e-04 3.120920e-01
473 6.875800e-01 2.840000e-04 3.121360e-01
474 6.875080e-01 3.240000e-04 3.121680e-01
475 6.874480e-01 3.160000e-04 3.122360e-01
476 6.873720e-01 3.200000e-04 3.123080e-01
477 6.873280e-01 3.000000e-04 3.123720e-01
478 6.873000e-01 2.720000e-04 3.124280e-01
479 6.872680e-01 2.560000e-04 3.124760e-01
480 6.872360e-01 2.560000e-04 3.125080e-01
481 6.871960e-01 2.600000e-04 3.125440e-01
482 6.871560e-01 2.560000e-04 3.125880e-01
483 6.871320e-01 2.040000e-04 3.126640e-01
484 6.871080e-01 1.760000e-04 3.127160e-01
485 6.870760e-01 1.640000e-04 3.127600e-01
486 6.870560e-01 1.400000e-04 3.128040e-01
487 6.870560e-01 1.160000e-04 3.128280e-01
488 6.870520e-01 1.040000e-04 3.128440e-01
489 6.870400e-01 1.040000e-04 3.128560e-01
490 6.870400e-01 8.800000e-05 3.128720e-01
491 6.870320e-01 8.400000e-05 3.128840e-01
492 6.870280e-01 7.600000e-05 3.128960e-01
493 6.870200e-01 7.600000e-05 3.129040e-01
494 6.870120e-01 8.000000e-05 3.129080e-01
495 6.870040e-01 8.000000e-05 3.129160e-01
496 6.870040e-01 5.600000e-05 3.129400e-01
497 6.869960e-01 6.000000e-05 3.129440e-01
498 6.869880e-01 6.400000e-05 3.129480e-01
499 6.869840e-01 6.000000e-05 3.129560e-01
500 6.869720e-01 6.000000e-05 3.129680e-01
