1 9.992400e-01 6.960000e-04 6.400000e-05
2 9.987360e-01 1.036000e-03 2.280000e-04
3 9.980480e-01 1.560000e-03 3.920000e-04
4 9.973320e-01 1.960000e-03 7.080000e-04
5 9.965960e-01 2.300000e-03 1.104000e-03
6 9.956840e-01 2.760000e-03 1.556000e-03
7 9.946880e-01 3.176000e-03 2.136000e-03
8 9.936200e-01 3.664000e-03 2.716000e-03
9 9.924400e-01 4.132000e-03 3.428000e-03
10 9.913760e-01 4.376000e-03 4.248000e-03
11 9.903480e-01 4.732000e-03 4.920000e-03
12 9.891920e-01 4.920000e-03 5.888000e-03
13 9.879280e-01 5.276000e-03 6.796000e-03
14 9.866720e-01 5.608000e-03 7.720000e-03
15 9.853520e-01 5.916000e-03 8.732000e-03
16 9.841120e-01 6.016000e-03 9.872000e-03
17 9.827000e-01 6.456000e-03 1.084400e-02
18 9.812480e-01 6.788000e-03 1.196400e-02
19 9.797440e-01 6.944000e-03 1.331200e-02
20 9.783720e-01 7.268000e-03 1.436000e-02
21 9.769640e-01 7.428000e-03 1.560800e-02
22 9.755000e-01 7.556000e-03 1.694400e-02
23 9.740440e-01 7.704000e-03 1.825200e-02
24 9.725080e-01 7.892000e-03 1.960000e-02
25 9.709400e-01 8.052000e-03 2.100800e-02
26 9.692720e-01 8.284000e-03 2.244400e-02
27 9.676120e-01 8.488000e-03 2.390000e-02
28 9.659640e-01 8.540000e-03 2.549600e-02
29 9.642840e-01 8.720000e-03 2.699600e-02
30 9.625880e-01 8.884000e-03 2.852800e-02
31 9.609960e-01 8.964000e-03 3.004000e-02
32 9.592920e-01 9.052000e-03 3.165600e-02
33 9.574920e-01 9.288000e-03 3.322000e-02
34 9.558960e-01 9.188000e-03 3.491600e-02
35 9.543120e-01 9.160000e-03 3.652800e-02
36 9.527360e-01 9.124000e-03 3.814000e-02
37 9.513120e-01 8.948000e-03 3.974000e-02
38 9.497920e-01 9.024000e-03 4.118400e-02
39 9.481960e-01 9.044000e-03 4.276000e-02
40 9.465760e-01 9.060000e-03 4.436400e-02
41 9.449400e-01 9.176000e-03 4.588400e-02
42 9.434640e-01 9.076000e-03 4.746000e-02
43 9.419080e-01 9.004000e-03 4.908800e-02
44 9.404200e-01 8.940000e-03 5.064000e-02
45 9.388560e-01 8.924000e-03 5.222000e-02
46 9.371840e-01 9.044000e-03 5.377200e-02
47 9.355560e-01 9.120000e-03 5.532400e-02
48 9.339000e-01 9.056000e-03 5.704400e-02
49 9.323040e-01 9.172000e-03 5.852400e-02
50 9.306680e-01 9.260000e-03 6.007200e-02
51 9.293120e-01 8.904000e-03 6.178400e-02
52 9.276920e-01 8.852000e-03 6.345600e-02
53 9.263640e-01 8.548000e-03 6.508800e-02
54 9.247400e-01 8.720000e-03 6.654000e-02
55 9.232960e-01 8.556000e-03 6.814800e-02
56 9.217720e-01 8.680000e-03 6.954800e-02
57 9.201240e-01 8.544000e-03 7.133200e-02
58 9.185760e-01 8.592000e-03 7.283200e-02
59 9.171360e-01 8.544000e-03 7.432000e-02
60 9.157200e-01 8.432000e-03 7.584800e-02
61 9.141040e-01 8.492000e-03 7.740400e-02
62 9.125600e-01 8.608000e-03 7.883200e-02
63 9.109720e-01 8.640000e-03 8.038800e-02
64 9.094680e-01 8.704000e-03 8.182800e-02
65 9.080280e-01 8.584000e-03 8.338800e-02
66 9.064400e-01 8.668000e-03 8.489200e-02
67 9.047640e-01 8.692000e-03 8.654400e-02
68 9.032960e-01 8.616000e-03 8.808800e-02
69 9.018160e-01 8.608000e-03 8.957600e-02
70 9.004440e-01 8.556000e-03 9.100000e-02
71 8.987440e-01 8.812000e-03 9.244400e-02
72 8.972160e-01 8.780000e-03 9.400400e-02
73 8.956680e-01 8.820000e-03 9.551200e-02
74 8.940720e-01 8.956000e-03 9.697200e-02
75 8.924200e-01 9.056000e-03 9.852400e-02
76 8.908720e-01 9.036000e-03 1.000920e-01
77 8.892520e-01 9.028000e-03 1.017200e-01
78 8.876440e-01 8.984000e-03 1.033720e-01
79 8.861160e-01 9.072000e-03 1.048120e-01
80 8.844680e-01 9.248000e-03 1.062840e-01
81 8.826600e-01 9.528000e-03 1.078120e-01
82 8.809160e-01 9.592000e-03 1.094920e-01
83 8.791280e-01 9.588000e-03 1.112840e-01
84 8.775440e-01 9.408000e-03 1.130480e-01
85 8.758360e-01 9.592000e-03 1.145720e-01
86 8.740680e-01 9.712000e-03 1.162200e-01
87 8.724560e-01 9.608000e-03 1.179360e-01
88 8.707720e-01 9.600000e-03 1.196280e-01
89 8.692000e-01 9.504000e-03 1.212960e-01
90 8.675360e-01 9.512000e-03 1.229520e-01
91 8.658400e-01 9.512000e-03 1.246480e-01
92 8.642240e-01 9.424000e-03 1.263520e-01
93 8.625360e-01 9.540000e-03 1.279240e-01
94 8.608680e-01 9.492000e-03 1.296400e-01
95 8.591000e-01 9.692000e-03 1.312080e-01
96 8.574480e-01 9.644000e-03 1.329080e-01
97 8.555880e-01 9.772000e-03 1.346400e-01
98 8.540720e-01 9.508000e-03 1.364200e-01
99 8.524240e-01 9.512000e-03 1.380640e-01
100 8.506920e-01 9.512000e-03 1.397960e-01
101 8.490120e-01 9.524000e-03 1.414640e-01
102 8.473760e-01 9.564000e-03 1.430600e-01
103 8.455680e-01 9.792000e-03 1.446400e-01
104 8.438520e-01 9.852000e-03 1.462960e-01
105 8.420600e-01 9.812000e-03 1.481280e-01
106 8.403640e-01 9.712000e-03 1.499240e-01
107 8.385480e-01 9.720000e-03 1.517320e-01
108 8.367600e-01 9.680000e-03 1.535600e-01
109 8.350960e-01 9.668000e-03 1.552360e-01
110 8.334680e-01 9.608000e-03 1.569240e-01
111 8.316960e-01 9.780000e-03 1.585240e-01
112 8.299360e-01 9.924000e-03 1.601400e-01
113 8.282280e-01 9.892000e-03 1.618800e-01
114 8.266800e-01 9.836000e-03 1.634840e-01
115 8.251600e-01 9.552000e-03 1.652880e-01
116 8.235840e-01 9.488000e-03 1.669280e-01
117 8.219840e-01 9.412000e-03 1.686040e-01
118 8.204560e-01 9.368000e-03 1.701760e-01
119 8.189600e-01 9.308000e-03 1.717320e-01
120 8.174360e-01 9.276000e-03 1.732880e-01
121 8.159160e-01 9.188000e-03 1.748960e-01
122 8.143440e-01 9.248000e-03 1.764080e-01
123 8.126760e-01 9.296000e-03 1.780280e-01
124 8.111560e-01 9.060000e-03 1.797840e-01
125 8.096080e-01 8.904000e-03 1.814880e-01
126 8.080440e-01 8.924000e-03 1.830320e-01
127 8.064640e-01 8.848000e-03 1.846880e-01
128 8.050560e-01 8.720000e-03 1.862240e-01
129 8.036000e-01 8.708000e-03 1.876920e-01
130 8.020720e-01 8.664000e-03 1.892640e-01
131 8.007320e-01 8.344000e-03 1.909240e-01
132 7.995040e-01 8.100000e-03 1.923960e-01
133 7.981480e-01 8.144000e-03 1.937080e-01
134 7.966280e-01 8.240000e-03 1.951320e-01
135 7.953080e-01 8.088000e-03 1.966040e-01
136 7.938840e-01 8.144000e-03 1.979720e-01
137 7.925520e-01 8.104000e-03 1.993440e-01
138 7.913160e-01 7.912000e-03 2.007720e-01
139 7.901040e-01 7.772000e-03 2.021240e-01
140 7.888080e-01 7.660000e-03 2.035320e-01
141 7.875320e-01 7.556000e-03 2.049120e-01
142 7.863400e-01 7.356000e-03 2.063040e-01
143 7.850960e-01 7.288000e-03 2.076160e-01
144 7.838240e-01 7.304000e-03 2.088720e-01
145 7.824520e-01 7.372000e-03 2.101760e-01
146 7.811120e-01 7.516000e-03 2.113720e-01
147 7.799160e-01 7.300000e-03 2.127840e-01
148 7.784800e-01 7.436000e-03 2.140840e-01
149 7.772000e-01 7.324000e-03 2.154760e-01
150 7.758560e-01 7.276000e-03 2.168680e-01
151 7.743280e-01 7.552000e-03 2.181200e-01
152 7.730320e-01 7.616000e-03 2.193520e-01
153 7.717160e-01 7.620000e-03 2.206640e-01
154 7.704720e-01 7.728000e-03 2.218000e-01
155 7.689000e-01 7.956000e-03 2.231440e-01
156 7.674680e-01 7.860000e-03 2.246720e-01
157 7.659720e-01 7.896000e-03 2.261320e-01
158 7.646360e-01 7.820000e-03 2.275440e-01
159 7.633000e-01 7.720000e-03 2.289800e-01
160 7.621120e-01 7.424000e-03 2.304640e-01
161 7.608600e-01 7.320000e-03 2.318200e-01
162 7.595560e-01 7.300000e-03 2.331440e-01
163 7.582080e-01 7.360000e-03 2.344320e-01
164 7.569920e-01 7.244000e-03 2.357640e-01
165 7.557080e-01 7.288000e-03 2.370040e-01
166 7.545000e-01 7.260000e-03 2.382400e-01
167 7.532960e-01 7.240000e-03 2.394640e-01
168 7.521040e-01 7.084000e-03 2.408120e-01
169 7.508720e-01 7.076000e-03 2.420520e-01
170 7.496360e-01 7.104000e-03 2.432600e-01
171 7.484280e-01 7.136000e-03 2.444360e-01
172 7.472720e-01 7.064000e-03 2.456640e-01
173 7.460760e-01 6.984000e-03 2.469400e-01
174 7.448760e-01 6.956000e-03 2.481680e-01
175 7.437360e-01 6.872000e-03 2.493920e-01
176 7.425920e-01 6.852000e-03 2.505560e-01
177 7.413520e-01 6.904000e-03 2.517440e-01
178 7.401960e-01 6.892000e-03 2.529120e-01
179 7.389800e-01 6.840000e-03 2.541800e-01
180 7.378960e-01 6.748000e-03 2.553560e-01
181 7.368840e-01 6.620000e-03 2.564960e-01
182 7.356400e-01 6.688000e-03 2.576720e-01
183 7.344720e-01 6.628000e-03 2.589000e-01
184 7.333360e-01 6.664000e-03 2.600000e-01
185 7.321360e-01 6.588000e-03 2.612760e-01
186 7.311320e-01 6.520000e-03 2.623480e-01
187 7.301160e-01 6.464000e-03 2.634200e-01
188 7.290160e-01 6.460000e-03 2.645240e-01
189 7.280120e-01 6.248000e-03 2.657400e-01
190 7.271120e-01 5.996000e-03 2.668920e-01
191 7.261160e-01 6.028000e-03 2.678560e-01
192 7.251280e-01 6.056000e-03 2.688160e-01
193 7.241560e-01 6.000000e-03 2.698440e-01
194 7.233200e-01 5.744000e-03 2.709360e-01
195 7.223760e-01 5.676000e-03 2.719480e-01
196 7.214160e-01 5.704000e-03 2.728800e-01
197 7.203080e-01 5.820000e-03 2.738720e-01
198 7.193360e-01 5.872000e-03 2.747920e-01
199 7.185080e-01 5.648000e-03 2.758440e-01
200 7.175200e-01 5.668000e-03 2.768120e-01
201 7.166040e-01 5.576000e-03 2.778200e-01
202 7.156000e-01 5.608000e-03 2.787920e-01
203 7.146600e-01 5.504000e-03 2.798360e-01
204 7.137120e-01 5.500000e-03 2.807880e-01
205 7.126440e-01 5.640000e-03 2.817160e-01
206 7.115560e-01 5.592000e-03 2.828520e-01
207 7.107720e-01 5.372000e-03 2.838560e-01
208 7.098240e-01 5.240000e-03 2.849360e-01
209 7.089600e-01 5.236000e-03 2.858040e-01
210 7.079720e-01 5.272000e-03 2.867560e-01
211 7.069760e-01 5.364000e-03 2.876600e-01
212 7.059440e-01 5.512000e-03 2.885440e-01
213 7.050200e-01 5.432000e-03 2.895480e-01
214 7.041400e-01 5.292000e-03 2.905680e-01
215 7.032600e-01 5.308000e-03 2.914320e-01
216 7.023000e-01 5.248000e-03 2.924520e-01
217 7.015120e-01 5.064000e-03 2.934240e-01
218 7.006720e-01 5.036000e-03 2.942920e-01
219 6.998240e-01 4.984000e-03 2.951920e-01
220 6.989360e-01 4.916000e-03 2.961480e-01
221 6.980000e-01 5.048000e-03 2.969520e-01
222 6.970800e-01 4.984000e-03 2.979360e-01
223 6.960720e-01 5.036000e-03 2.988920e-01
224 6.950760e-01 5.168000e-03 2.997560e-01
225 6.942280e-01 5.176000e-03 3.005960e-01
226 6.933760e-01 5.076000e-03 3.015480e-01
227 6.925480e-01 4.880000e-03 3.025720e-01
228 6.915920e-01 4.956000e-03 3.034520e-01
229 6.907760e-01 4.836000e-03 3.043880e-01
230 6.899400e-01 4.816000e-03 3.052440e-01
231 6.891800e-01 4.812000e-03 3.060080e-01
232 6.883720e-01 4.744000e-03 3.068840e-01
233 6.874880e-01 4.796000e-03 3.077160e-01
234 6.866640e-01 4.712000e-03 3.086240e-01
235 6.858440e-01 4.752000e-03 3.094040e-01
236 6.850360e-01 4.740000e-03 3.102240e-01
237 6.842120e-01 4.756000e-03 3.110320e-01
238 6.833440e-01 4.752000e-03 3.119040e-01
239 6.825480e-01 4.756000e-03 3.126960e-01
240 6.816280e-01 4.888000e-03 3.134840e-01
241 6.806880e-01 5.012000e-03 3.143000e-01
242 6.797480e-01 5.168000e-03 3.150840e-01
243 6.788320e-01 5.092000e-03 3.160760e-01
244 6.779400e-01 5.056000e-03 3.170040e-01
245 6.771320e-01 4.996000e-03 3.178720e-01
246 6.764640e-01 4.816000e-03 3.187200e-01
247 6.757560e-01 4.768000e-03 3.194760e-01
248 6.750600e-01 4.688000e-03 3.202520e-01
249 6.742960e-01 4.668000e-03 3.210360e-01
250 6.735880e-01 4.520000e-03 3.218920e-01
251 6.728840e-01 4.456000e-03 3.226600e-01
252 6.722080e-01 4.276000e-03 3.235160e-01
253 6.715240e-01 4.204000e-03 3.242720e-01
254 6.708760e-01 4.100000e-03 3.250240e-01
255 6.703080e-01 4.036000e-03 3.256560e-01
256 6.696720e-01 3.988000e-03 3.263400e-01
257 6.690520e-01 3.880000e-03 3.270680e-01
258 6.684120e-01 3.860000e-03 3.277280e-01
259 6.677760e-01 3.852000e-03 3.283720e-01
260 6.669840e-01 3.968000e-03 3.290480e-01
261 6.662880e-01 4.008000e-03 3.297040e-01
262 6.656720e-01 3.920000e-03 3.304080e-01
263 6.650840e-01 3.852000e-03 3.310640e-01
264 6.644120e-01 3.852000e-03 3.317360e-01
265 6.638240e-01 3.800000e-03 3.323760e-01
266 6.631560e-01 3.700000e-03 3.331440e-01
267 6.625000e-01 3.712000e-03 3.337880e-01
268 6.617640e-01 3.772000e-03 3.344640e-01
269 6.611600e-01 3.752000e-03 3.350880e-01
270 6.605280e-01 3.696000e-03 3.357760e-01
271 6.598880e-01 3.624000e-03 3.364880e-01
272 6.592120e-01 3.736000e-03 3.370520e-01
273 6.586040e-01 3.676000e-03 3.377200e-01
274 6.578560e-01 3.756000e-03 3.383880e-01
275 6.572560e-01 3.624000e-03 3.391200e-01
276 6.566920e-01 3.628000e-03 3.396800e-01
277 6.561240e-01 3.536000e-03 3.403400e-01
278 6.555640e-01 3.568000e-03 3.408680e-01
279 6.549320e-01 3.640000e-03 3.414280e-01
280 6.543680e-01 3.528000e-03 3.421040e-01
281 6.538080e-01 3.524000e-03 3.426680e-01
282 6.532120e-01 3.564000e-03 3.432240e-01
283 6.526200e-01 3.488000e-03 3.438920e-01
284 6.520120e-01 3.516000e-03 3.444720e-01
285 6.514640e-01 3.420000e-03 3.451160e-01
286 6.508880e-01 3.368000e-03 3.457440e-01
287 6.503560e-01 3.264000e-03 3.463800e-01
288 6.498560e-01 3.208000e-03 3.469360e-01
289 6.493080e-01 3.152000e-03 3.475400e-01
290 6.488320e-01 3.072000e-03 3.480960e-01
291 6.483360e-01 3.016000e-03 3.486480e-01
292 6.478920e-01 2.952000e-03 3.491560e-01
293 6.474360e-01 2.888000e-03 3.496760e-01
294 6.468920e-01 2.964000e-03 3.501440e-01
295 6.465520e-01 2.756000e-03 3.506920e-01
296 6.461720e-01 2.732000e-03 3.510960e-01
297 6.457680e-01 2.680000e-03 3.515520e-01
298 6.453960e-01 2.572000e-03 3.520320e-01
299 6.449960e-01 2.552000e-03 3.524520e-01
300 6.446760e-01 2.456000e-03 3.528680e-01
301 6.443240e-01 2.416000e-03 3.532600e-01
302 6.439480e-01 2.400000e-03 3.536520e-01
303 6.435960e-01 2.368000e-03 3.540360e-01
304 6.433080e-01 2.236000e-03 3.544560e-01
305 6.430160e-01 2.160000e-03 3.548240e-01
306 6.427320e-01 2.088000e-03 3.551800e-01
307 6.424680e-01 2.004000e-03 3.555280e-01
308 6.421880e-01 1.944000e-03 3.558680e-01
309 6.417720e-01 2.052000e-03 3.561760e-01
310 6.414880e-01 2.000000e-03 3.565120e-01
311 6.412080e-01 1.896000e-03 3.568960e-01
312 6.409480e-01 1.856000e-03 3.571960e-01
313 6.406800e-01 1.764000e-03 3.575560e-01
314 6.403840e-01 1.808000e-03 3.578080e-01
315 6.400680e-01 1.792000e-03 3.581400e-01
316 6.397160e-01 1.780000e-03 3.585040e-01
317 6.393920e-01 1.780000e-03 3.588280e-01
318 6.390480e-01 1.864000e-03 3.590880e-01
319 6.386840e-01 1.868000e-03 3.594480e-01
320 6.384120e-01 1.784000e-03 3.598040e-01
321 6.381120e-01 1.772000e-03 3.601160e-01
322 6.377880e-01 1.708000e-03 3.605040e-01
323 6.373960e-01 1.864000e-03 3.607400e-01
324 6.369720e-01 1.936000e-03 3.610920e-01
325 6.365560e-01 1.984000e-03 3.614600e-01
326 6.361440e-01 2.040000e-03 3.618160e-01
327 6.357480e-01 1.976000e-03 3.622760e-01
328 6.353720e-01 2.016000e-03 3.626120e-01
329 6.350480e-01 1.988000e-03 3.629640e-01
330 6.347120e-01 1.880000e-03 3.634080e-01
331 6.343360e-01 1.968000e-03 3.636960e-01
332 6.339440e-01 2.048000e-03 3.640080e-01
333 6.336080e-01 1.988000e-03 3.644040e-01
334 6.332680e-01 1.960000e-03 3.647720e-01
335 6.329640e-01 1.940000e-03 3.650960e-01
336 6.326360e-01 1.948000e-03 3.654160e-01
337 6.323640e-01 1.960000e-03 3.656760e-01
338 6.320840e-01 1.900000e-03 3.660160e-01
339 6.317760e-01 1.864000e-03 3.663600e-01
340 6.314600e-01 1.836000e-03 3.667040e-01
341 6.311320e-01 1.832000e-03 3.670360e-01
342 6.307560e-01 1.928000e-03 3.673160e-01
343 6.303480e-01 1.980000e-03 3.676720e-01
344 6.299120e-01 2.132000e-03 3.679560e-01
345 6.295160e-01 2.108000e-03 3.683760e-01
346 6.291600e-01 2.120000e-03 3.687200e-01
347 6.288760e-01 2.000000e-03 3.691240e-01
348 6.285320e-01 2.012000e-03 3.694560e-01
349 6.281840e-01 1.996000e-03 3.698200e-01
350 6.279120e-01 1.944000e-03 3.701440e-01
351 6.276160e-01 1.912000e-03 3.704720e-01
352 6.273640e-01 1.888000e-03 3.707480e-01
353 6.271280e-01 1.780000e-03 3.710920e-01
354 6.268080e-01 1.796000e-03 3.713960e-01
355 6.264840e-01 1.768000e-03 3.717480e-01
356 6.261280e-01 1.792000e-03 3.720800e-01
357 6.258240e-01 1.728000e-03 3.724480e-01
358 6.254800e-01 1.796000e-03 3.727240e-01
359 6.251480e-01 1.804000e-03 3.730480e-01
360 6.248520e-01 1.796000e-03 3.733520e-01
361 6.245920e-01 1.784000e-03 3.736240e-01
362 6.242680e-01 1.788000e-03 3.739440e-01
363 6.240080e-01 1.672000e-03 3.743200e-01
364 6.237200e-01 1.656000e-03 3.746240e-01
365 6.234080e-01 1.700000e-03 3.748920e-01
366 6.231640e-01 1.680000e-03 3.751560e-01
367 6.227320e-01 1.792000e-03 3.754760e-01
368 6.224520e-01 1.732000e-03 3.758160e-01
369 6.221840e-01 1.664000e-03 3.761520e-01
370 6.219400e-01 1.664000e-03 3.763960e-01
371 6.217200e-01 1.640000e-03 3.766400e-01
372 6.214800e-01 1.636000e-03 3.768840e-01
373 6.212600e-01 1.584000e-03 3.771560e-01
374 6.210480e-01 1.512000e-03 3.774400e-01
375 6.208080e-01 1.504000e-03 3.776880e-01
376 6.205920e-01 1.444000e-03 3.779640e-01
377 6.203800e-01 1.348000e-03 3.782720e-01
378 6.201480e-01 1.396000e-03 3.784560e-01
379 6.199120e-01 1.400000e-03 3.786880e-01
380 6.196640e-01 1.388000e-03 3.789480e-01
381 6.194080e-01 1.328000e-03 3.792640e-01
382 6.192040e-01 1.300000e-03 3.794960e-01
383 6.189920e-01 1.260000e-03 3.797480e-01
384 6.188080e-01 1.212000e-03 3.799800e-01
385 6.186040e-01 1.212000e-03 3.801840e-01
386 6.184000e-01 1.204000e-03 3.803960e-01
387 6.182160e-01 1.164000e-03 3.806200e-01
388 6.180360e-01 1.156000e-03 3.808080e-01
389 6.177880e-01 1.232000e-03 3.809800e-01
390 6.175800e-01 1.248000e-03 3.811720e-01
391 6.173120e-01 1.308000e-03 3.813800e-01
392 6.171080e-01 1.312000e-03 3.815800e-01
393 6.169240e-01 1.264000e-03 3.818120e-01
394 6.167600e-01 1.192000e-03 3.820480e-01
395 6.165880e-01 1.140000e-03 3.822720e-01
396 6.165080e-01 1.008000e-03 3.824840e-01
397 6.163520e-01 1.036000e-03 3.826120e-01
398 6.162000e-01 1.048000e-03 3.827520e-01
399 6.160320e-01 1.032000e-03 3.829360e-01
400 6.159200e-01 9.600000e-04 3.831200e-01
401 6.157400e-01 9.600000e-04 3.833000e-01
402 6.155840e-01 9.520000e-04 3.834640e-01
403 6.154240e-01 9.560000e-04 3.836200e-01
404 6.152600e-01 9.360000e-04 3.838040e-01
405 6.151120e-01 9.360000e-04 3.839520e-01
406 6.149680e-01 9.320000e-04 3.841000e-01
407 6.148400e-01 9.320000e-04 3.842280e-01
408 6.147040e-01 8.920000e-04 3.844040e-01
409 6.146000e-01 8.400000e-04 3.845600e-01
410 6.144400e-01 8.400000e-04 3.847200e-01
411 6.143320e-01 7.720000e-04 3.848960e-01
412 6.142280e-01 7.360000e-04 3.850360e-01
413 6.141400e-01 7.160000e-04 3.851440e-01
414 6.140120e-01 7.480000e-04 3.852400e-01
415 6.138560e-01 7.920000e-04 3.853520e-01
416 6.137000e-01 8.240000e-04 3.854760e-01
417 6.135120e-01 8.720000e-04 3.856160e-01
418 6.133640e-01 8.520000e-04 3.857840e-01
419 6.131680e-01 8.920000e-04 3.859400e-01
420 6.130280e-01 8.560000e-04 3.861160e-01
421 6.128480e-01 8.520000e-04 3.863000e-01
422 6.126520e-01 9.080000e-04 3.864400e-01
423 6.125120e-01 9.120000e-04 3.865760e-01
424 6.123760e-01 8.800000e-04 3.867440e-01
425 6.122360e-01 8.880000e-04 3.868760e-01
426 6.120320e-01 9.240000e-04 3.870440e-01
427 6.118760e-01 9.200000e-04 3.872040e-01
428 6.116680e-01 9.760000e-04 3.873560e-01
429 6.115040e-01 9.800000e-04 3.875160e-01
430 6.113440e-01 9.320000e-04 3.877240e-01
431 6.111640e-01 9.120000e-04 3.879240e-01
432 6.110560e-01 8.520000e-04 3.880920e-01
433 6.109240e-01 7.920000e-04 3.882840e-01
434 6.107760e-01 8.000000e-04 3.884240e-01
435 6.106720e-01 7.400000e-04 3.885880e-01
436 6.105880e-01 7.280000e-04 3.886840e-01
437 6.104600e-01 7.280000e-04 3.888120e-01
438 6.103440e-01 7.040000e-04 3.889520e-01
439 6.101720e-01 7.560000e-04 3.890720e-01
440 6.100880e-01 6.800000e-04 3.892320e-01
441 6.099720e-01 6.640000e-04 3.893640e-01
442 6.098400e-01 6.720000e-04 3.894880e-01
443 6.096960e-01 7.160000e-04 3.895880e-01
444 6.095680e-01 7.120000e-04 3.897200e-01
445 6.094240e-01 7.040000e-04 3.898720e-01
446 6.093080e-01 6.600000e-04 3.900320e-01
447 6.091800e-01 6.680000e-04 3.901520e-01
448 6.090440e-01 6.440000e-04 3.903120e-01
449 6.089320e-01 6.640000e-04 3.904040e-01
450 6.087960e-01 6.840000e-04 3.905200e-01
451 6.087200e-01 6.320000e-04 3.906480e-01
452 6.086320e-01 6.040000e-04 3.907640e-01
453 6.085160e-01 6.160000e-04 3.908680e-01
454 6.084080e-01 6.360000e-04 3.909560e-01
455 6.083000e-01 6.160000e-04 3.910840e-01
456 6.081800e-01 6.480000e-04 3.911720e-01
457 6.080360e-01 6.920000e-04 3.912720e-01
458 6.079160e-01 6.960000e-04 3.913880e-01
459 6.077760e-01 7.280000e-04 3.914960e-01
460 6.076120e-01 7.520000e-04 3.916360e-01
461 6.074760e-01 7.400000e-04 3.917840e-01
462 6.073520e-01 7.160000e-04 3.919320e-01
463 6.072200e-01 6.960000e-04 3.920840e-01
464 6.071400e-01 6.760000e-04 3.921840e-01
465 6.070480e-01 6.440000e-04 3.923080e-01
466 6.069800e-01 6.120000e-04 3.924080e-01
467 6.068680e-01 6.560000e-04 3.924760e-01
468 6.067120e-01 7.160000e-04 3.925720e-01
469 6.065920e-01 7.120000e-04 3.926960e-01
470 6.064680e-01 7.280000e-04 3.928040e-01
471 6.063040e-01 7.760000e-04 3.929200e-01
472 6.060880e-01 8.280000e-04 3.930840e-01
473 6.058720e-01 9.000000e-04 3.932280e-01
474 6.056680e-01 9.240000e-04 3.934080e-01
475 6.055360e-01 8.960000e-04 3.935680e-01
476 6.054200e-01 8.840000e-04 3.936960e-01
477 6.052640e-01 8.960000e-04 3.938400e-01
478 6.051080e-01 8.520000e-04 3.940400e-01
479 6.049680e-01 8.520000e-04 3.941800e-01
480 6.048720e-01 8.200000e-04 3.943080e-01
481 6.046800e-01 8.640000e-04 3.944560e-01
482 6.044800e-01 9.160000e-04 3.946040e-01
483 6.043240e-01 9.040000e-04 3.947720e-01
484 6.041400e-01 9.120000e-04 3.949480e-01
485 6.039320e-01 8.960000e-04 3.951720e-01
486 6.037680e-01 8.920000e-04 3.953400e-01
487 6.036000e-01 8.960000e-04 3.955040e-01
488 6.034320e-01 9.440000e-04 3.956240e-01
489 6.033040e-01 8.920000e-04 3.958040e-01
490 6.030920e-01 9.400000e-04 3.959680e-01
491 6.029080e-01 1.008000e-03 3.960840e-01
492 6.027080e-01 1.008000e-03 3.962840e-01
493 6.025280e-01 1.008000e-03 3.964640e-01
494 6.023200e-01 1.028000e-03 3.966520e-01
495 6.021720e-01 1.016000e-03 3.968120e-01
496 6.020400e-01 9.920000e-04 3.969680e-01
497 6.018760e-01 9.200000e-04 3.972040e-01
498 6.017280e-01 8.960000e-04 3.973760e-01
499 6.015160e-01 9.080000e-04 3.975760e-01
500 6.013360e-01 9.440000e-04 3.977200e-01
