1 9.991600e-01 7.160000e-04 1.240000e-04
2 9.986360e-01 1.096000e-03 2.680000e-04
3 9.979840e-01 1.544000e-03 4.720000e-04
4 9.973120e-01 1.896000e-03 7.920000e-04
5 9.965640e-01 2.296000e-03 1.140000e-03
6 9.957880e-01 2.592000e-03 1.620000e-03
7 9.949640e-01 2.920000e-03 2.116000e-03
8 9.940800e-01 3.280000e-03 2.640000e-03
9 9.931480e-01 3.652000e-03 3.200000e-03
10 9.922360e-01 3.928000e-03 3.836000e-03
11 9.912280e-01 4.172000e-03 4.600000e-03
12 9.901160e-01 4.580000e-03 5.304000e-03
13 9.889320e-01 4.900000e-03 6.168000e-03
14 9.877720e-01 4.996000e-03 7.232000e-03
15 9.865680e-01 5.316000e-03 8.116000e-03
16 9.853120e-01 5.644000e-03 9.044000e-03
17 9.840600e-01 5.844000e-03 1.009600e-02
18 9.827480e-01 6.124000e-03 1.112800e-02
19 9.814960e-01 6.236000e-03 1.226800e-02
20 9.803280e-01 6.256000e-03 1.341600e-02
21 9.790840e-01 6.356000e-03 1.456000e-02
22 9.778160e-01 6.472000e-03 1.571200e-02
23 9.766200e-01 6.512000e-03 1.686800e-02
24 9.752600e-01 6.816000e-03 1.792400e-02
25 9.738280e-01 7.056000e-03 1.911600e-02
26 9.724000e-01 7.256000e-03 2.034400e-02
27 9.709760e-01 7.408000e-03 2.161600e-02
28 9.696200e-01 7.404000e-03 2.297600e-02
29 9.683040e-01 7.480000e-03 2.421600e-02
30 9.670240e-01 7.444000e-03 2.553200e-02
31 9.655000e-01 7.580000e-03 2.692000e-02
32 9.640400e-01 7.588000e-03 2.837200e-02
33 9.622480e-01 8.000000e-03 2.975200e-02
34 9.606080e-01 8.168000e-03 3.122400e-02
35 9.589720e-01 8.384000e-03 3.264400e-02
36 9.573080e-01 8.532000e-03 3.416000e-02
37 9.557920e-01 8.412000e-03 3.579600e-02
38 9.543240e-01 8.264000e-03 3.741200e-02
39 9.527680e-01 8.292000e-03 3.894000e-02
40 9.513000e-01 8.328000e-03 4.037200e-02
41 9.497880e-01 8.332000e-03 4.188000e-02
42 9.483800e-01 8.272000e-03 4.334800e-02
43 9.469520e-01 8.300000e-03 4.474800e-02
44 9.453760e-01 8.372000e-03 4.625200e-02
45 9.438720e-01 8.376000e-03 4.775200e-02
46 9.423200e-01 8.352000e-03 4.932800e-02
47 9.408480e-01 8.276000e-03 5.087600e-02
48 9.393600e-01 8.212000e-03 5.242800e-02
49 9.377440e-01 8.492000e-03 5.376400e-02
50 9.361000e-01 8.520000e-03 5.538000e-02
51 9.345320e-01 8.628000e-03 5.684000e-02
52 9.330440e-01 8.644000e-03 5.831200e-02
53 9.313880e-01 8.700000e-03 5.991200e-02
54 9.300240e-01 8.560000e-03 6.141600e-02
55 9.285720e-01 8.412000e-03 6.301600e-02
56 9.270360e-01 8.536000e-03 6.442800e-02
57 9.256440e-01 8.384000e-03 6.597200e-02
58 9.243680e-01 8.292000e-03 6.734000e-02
59 9.229280e-01 8.228000e-03 6.884400e-02
60 9.216960e-01 8.052000e-03 7.025200e-02
61 9.203120e-01 8.076000e-03 7.161200e-02
62 9.188040e-01 8.200000e-03 7.299600e-02
63 9.174200e-01 8.204000e-03 7.437600e-02
64 9.158640e-01 8.344000e-03 7.579200e-02
65 9.144000e-01 8.380000e-03 7.722000e-02
66 9.128160e-01 8.484000e-03 7.870000e-02
67 9.112520e-01 8.584000e-03 8.016400e-02
68 9.096520e-01 8.664000e-03 8.168400e-02
69 9.082920e-01 8.496000e-03 8.321200e-02
70 9.068880e-01 8.516000e-03 8.459600e-02
71 9.053920e-01 8.548000e-03 8.606000e-02
72 9.040960e-01 8.328000e-03 8.757600e-02
73 9.027080e-01 8.240000e-03 8.905200e-02
74 9.013120e-01 8.196000e-03 9.049200e-02
75 8.999600e-01 8.264000e-03 9.177600e-02
76 8.986720e-01 8.088000e-03 9.324000e-02
77 8.973800e-01 8.012000e-03 9.460800e-02
78 8.960720e-01 7.872000e-03 9.605600e-02
79 8.948720e-01 7.724000e-03 9.740400e-02
80 8.935600e-01 7.708000e-03 9.873200e-02
81 8.923120e-01 7.724000e-03 9.996400e-02
82 8.910000e-01 7.524000e-03 1.014760e-01
83 8.896800e-01 7.420000e-03 1.029000e-01
84 8.883760e-01 7.368000e-03 1.042560e-01
85 8.869760e-01 7.484000e-03 1.055400e-01
86 8.856800e-01 7.388000e-03 1.069320e-01
87 8.844040e-01 7.472000e-03 1.081240e-01
88 8.831680e-01 7.396000e-03 1.094360e-01
89 8.819360e-01 7.424000e-03 1.106400e-01
90 8.805920e-01 7.436000e-03 1.119720e-01
91 8.792840e-01 7.380000e-03 1.133360e-01
92 8.779920e-01 7.244000e-03 1.147640e-01
93 8.767960e-01 7.140000e-03 1.160640e-01
94 8.756480e-01 7.008000e-03 1.173440e-01
95 8.744600e-01 7.064000e-03 1.184760e-01
96 8.732120e-01 7.196000e-03 1.195920e-01
97 8.719840e-01 7.032000e-03 1.209840e-01
98 8.706520e-01 7.160000e-03 1.221880e-01
99 8.694040e-01 7.124000e-03 1.234720e-01
100 8.679800e-01 7.312000e-03 1.247080e-01
101 8.663640e-01 7.596000e-03 1.260400e-01
102 8.649920e-01 7.608000e-03 1.274000e-01
103 8.637400e-01 7.624000e-03 1.286360e-01
104 8.622960e-01 7.728000e-03 1.299760e-01
105 8.609560e-01 7.744000e-03 1.313000e-01
106 8.593360e-01 7.984000e-03 1.326800e-01
107 8.580760e-01 7.744000e-03 1.341800e-01
108 8.566880e-01 7.736000e-03 1.355760e-01
109 8.553120e-01 7.760000e-03 1.369280e-01
110 8.539760e-01 7.736000e-03 1.382880e-01
111 8.525480e-01 7.832000e-03 1.396200e-01
112 8.511440e-01 7.792000e-03 1.410640e-01
113 8.497480e-01 7.748000e-03 1.425040e-01
114 8.484600e-01 7.704000e-03 1.438360e-01
115 8.471080e-01 7.580000e-03 1.453120e-01
116 8.456800e-01 7.668000e-03 1.466520e-01
117 8.442840e-01 7.688000e-03 1.480280e-01
118 8.430920e-01 7.600000e-03 1.493080e-01
119 8.416920e-01 7.712000e-03 1.505960e-01
120 8.404120e-01 7.672000e-03 1.519160e-01
121 8.391160e-01 7.632000e-03 1.532520e-01
122 8.377600e-01 7.680000e-03 1.545600e-01
123 8.363600e-01 7.772000e-03 1.558680e-01
124 8.348960e-01 7.932000e-03 1.571720e-01
125 8.333920e-01 7.976000e-03 1.586320e-01
126 8.320480e-01 7.896000e-03 1.600560e-01
127 8.308240e-01 7.676000e-03 1.615000e-01
128 8.296760e-01 7.364000e-03 1.629600e-01
129 8.285000e-01 7.212000e-03 1.642880e-01
130 8.272720e-01 7.084000e-03 1.656440e-01
131 8.260720e-01 7.016000e-03 1.669120e-01
132 8.247480e-01 7.140000e-03 1.681120e-01
133 8.235240e-01 7.120000e-03 1.693560e-01
134 8.223440e-01 7.000000e-03 1.706560e-01
135 8.211800e-01 6.956000e-03 1.718640e-01
136 8.200600e-01 6.844000e-03 1.730960e-01
137 8.189040e-01 6.708000e-03 1.743880e-01
138 8.176120e-01 6.724000e-03 1.756640e-01
139 8.164080e-01 6.792000e-03 1.768000e-01
140 8.151800e-01 6.884000e-03 1.779360e-01
141 8.139840e-01 6.896000e-03 1.791200e-01
142 8.127440e-01 7.068000e-03 1.801880e-01
143 8.114960e-01 7.044000e-03 1.814600e-01
144 8.103120e-01 6.936000e-03 1.827520e-01
145 8.090640e-01 7.028000e-03 1.839080e-01
146 8.077520e-01 7.088000e-03 1.851600e-01
147 8.065880e-01 7.032000e-03 1.863800e-01
148 8.054480e-01 7.032000e-03 1.875200e-01
149 8.043160e-01 6.908000e-03 1.887760e-01
150 8.031720e-01 6.844000e-03 1.899840e-01
151 8.019320e-01 6.960000e-03 1.911080e-01
152 8.006520e-01 7.048000e-03 1.923000e-01
153 7.993760e-01 6.984000e-03 1.936400e-01
154 7.981360e-01 6.964000e-03 1.949000e-01
155 7.969920e-01 6.864000e-03 1.961440e-01
156 7.957600e-01 6.840000e-03 1.974000e-01
157 7.945960e-01 6.780000e-03 1.986240e-01
158 7.934840e-01 6.736000e-03 1.997800e-01
159 7.922040e-01 6.884000e-03 2.009120e-01
160 7.911840e-01 6.720000e-03 2.020960e-01
161 7.902000e-01 6.508000e-03 2.032920e-01
162 7.890880e-01 6.408000e-03 2.045040e-01
163 7.879760e-01 6.380000e-03 2.056440e-01
164 7.867680e-01 6.456000e-03 2.067760e-01
165 7.857760e-01 6.352000e-03 2.078720e-01
166 7.848240e-01 6.220000e-03 2.089560e-01
167 7.836680e-01 6.340000e-03 2.099920e-01
168 7.824720e-01 6.396000e-03 2.111320e-01
169 7.813200e-01 6.540000e-03 2.121400e-01
170 7.802280e-01 6.512000e-03 2.132600e-01
171 7.790560e-01 6.468000e-03 2.144760e-01
172 7.780200e-01 6.360000e-03 2.156200e-01
173 7.769720e-01 6.316000e-03 2.167120e-01
174 7.759320e-01 6.140000e-03 2.179280e-01
175 7.748480e-01 6.196000e-03 2.189560e-01
176 7.737400e-01 6.236000e-03 2.200240e-01
177 7.726360e-01 6.184000e-03 2.211800e-01
178 7.713560e-01 6.284000e-03 2.223600e-01
179 7.702360e-01 6.368000e-03 2.233960e-01
180 7.691760e-01 6.352000e-03 2.244720e-01
181 7.681160e-01 6.380000e-03 2.255040e-01
182 7.668600e-01 6.656000e-03 2.264840e-01
183 7.657920e-01 6.580000e-03 2.276280e-01
184 7.646600e-01 6.436000e-03 2.289040e-01
185 7.634160e-01 6.448000e-03 2.301360e-01
186 7.623160e-01 6.520000e-03 2.311640e-01
187 7.612160e-01 6.552000e-03 2.322320e-01
188 7.600920e-01 6.408000e-03 2.335000e-01
189 7.589600e-01 6.396000e-03 2.346440e-01
190 7.577760e-01 6.468000e-03 2.357560e-01
191 7.567320e-01 6.416000e-03 2.368520e-01
192 7.555480e-01 6.504000e-03 2.379480e-01
193 7.543760e-01 6.528000e-03 2.390960e-01
194 7.532400e-01 6.584000e-03 2.401760e-01
195 7.521560e-01 6.508000e-03 2.413360e-01
196 7.509800e-01 6.560000e-03 2.424600e-01
197 7.499600e-01 6.388000e-03 2.436520e-01
198 7.487920e-01 6.492000e-03 2.447160e-01
199 7.475800e-01 6.620000e-03 2.458000e-01
200 7.466720e-01 6.376000e-03 2.469520e-01
201 7.456960e-01 6.252000e-03 2.480520e-01
202 7.446440e-01 6.192000e-03 2.491640e-01
203 7.436600e-01 6.140000e-03 2.502000e-01
204 7.428120e-01 5.904000e-03 2.512840e-01
205 7.418880e-01 5.764000e-03 2.523480e-01
206 7.408480e-01 5.704000e-03 2.534480e-01
207 7.399120e-01 5.640000e-03 2.544480e-01
208 7.392000e-01 5.308000e-03 2.554920e-01
209 7.382440e-01 5.408000e-03 2.563480e-01
210 7.373360e-01 5.344000e-03 2.573200e-01
211 7.363640e-01 5.332000e-03 2.583040e-01
212 7.355120e-01 5.232000e-03 2.592560e-01
213 7.346440e-01 5.204000e-03 2.601520e-01
214 7.336600e-01 5.320000e-03 2.610200e-01
215 7.327800e-01 5.152000e-03 2.620680e-01
216 7.318520e-01 5.192000e-03 2.629560e-01
217 7.310720e-01 5.068000e-03 2.638600e-01
218 7.301680e-01 5.096000e-03 2.647360e-01
219 7.294240e-01 4.908000e-03 2.656680e-01
220 7.286720e-01 4.868000e-03 2.664600e-01
221 7.278680e-01 4.936000e-03 2.671960e-01
222 7.270160e-01 4.952000e-03 2.680320e-01
223 7.263200e-01 4.768000e-03 2.689120e-01
224 7.255800e-01 4.704000e-03 2.697160e-01
225 7.249200e-01 4.604000e-03 2.704760e-01
226 7.242640e-01 4.476000e-03 2.712600e-01
227 7.234600e-01 4.568000e-03 2.719720e-01
228 7.226760e-01 4.512000e-03 2.728120e-01
229 7.217320e-01 4.628000e-03 2.736400e-01
230 7.209120e-01 4.584000e-03 2.745040e-01
231 7.199400e-01 4.764000e-03 2.752960e-01
232 7.190760e-01 4.828000e-03 2.760960e-01
233 7.181680e-01 4.800000e-03 2.770320e-01
234 7.173280e-01 4.856000e-03 2.778160e-01
235 7.164440e-01 4.888000e-03 2.786680e-01
236 7.156400e-01 4.712000e-03 2.796480e-01
237 7.148120e-01 4.736000e-03 2.804520e-01
238 7.140320e-01 4.712000e-03 2.812560e-01
239 7.131800e-01 4.732000e-03 2.820880e-01
240 7.123760e-01 4.788000e-03 2.828360e-01
241 7.115760e-01 4.632000e-03 2.837920e-01
242 7.108480e-01 4.596000e-03 2.845560e-01
243 7.100960e-01 4.568000e-03 2.853360e-01
244 7.093280e-01 4.512000e-03 2.861600e-01
245 7.086160e-01 4.376000e-03 2.870080e-01
246 7.079080e-01 4.376000e-03 2.877160e-01
247 7.072000e-01 4.336000e-03 2.884640e-01
248 7.064720e-01 4.236000e-03 2.892920e-01
249 7.058400e-01 4.108000e-03 2.900520e-01
250 7.052560e-01 3.924000e-03 2.908200e-01
251 7.045560e-01 3.988000e-03 2.914560e-01
252 7.038640e-01 3.964000e-03 2.921720e-01
253 7.031360e-01 3.980000e-03 2.928840e-01
254 7.023560e-01 4.008000e-03 2.936360e-01
255 7.017360e-01 3.844000e-03 2.944200e-01
256 7.009480e-01 3.908000e-03 2.951440e-01
257 7.002880e-01 3.832000e-03 2.958800e-01
258 6.996640e-01 3.792000e-03 2.965440e-01
259 6.989400e-01 3.828000e-03 2.972320e-01
260 6.983800e-01 3.776000e-03 2.978440e-01
261 6.977320e-01 3.772000e-03 2.984960e-01
262 6.971640e-01 3.716000e-03 2.991200e-01
263 6.965600e-01 3.684000e-03 2.997560e-01
264 6.960200e-01 3.608000e-03 3.003720e-01
265 6.953160e-01 3.692000e-03 3.009920e-01
266 6.947640e-01 3.648000e-03 3.015880e-01
267 6.941160e-01 3.564000e-03 3.023200e-01
268 6.935240e-01 3.544000e-03 3.029320e-01
269 6.929200e-01 3.516000e-03 3.035640e-01
270 6.922880e-01 3.560000e-03 3.041520e-01
271 6.916480e-01 3.520000e-03 3.048320e-01
272 6.910680e-01 3.524000e-03 3.054080e-01
273 6.904720e-01 3.512000e-03 3.060160e-01
274 6.899360e-01 3.464000e-03 3.066000e-01
275 6.894200e-01 3.340000e-03 3.072400e-01
276 6.887240e-01 3.392000e-03 3.078840e-01
277 6.881000e-01 3.416000e-03 3.084840e-01
278 6.875120e-01 3.396000e-03 3.090920e-01
279 6.869680e-01 3.304000e-03 3.097280e-01
280 6.864080e-01 3.280000e-03 3.103120e-01
281 6.858880e-01 3.192000e-03 3.109200e-01
282 6.853680e-01 3.172000e-03 3.114600e-01
283 6.849320e-01 3.104000e-03 3.119640e-01
284 6.844400e-01 3.096000e-03 3.124640e-01
285 6.839560e-01 2.988000e-03 3.130560e-01
286 6.834000e-01 3.048000e-03 3.135520e-01
287 6.828880e-01 3.048000e-03 3.140640e-01
288 6.824160e-01 2.944000e-03 3.146400e-01
289 6.819080e-01 2.960000e-03 3.151320e-01
290 6.813840e-01 3.016000e-03 3.156000e-01
291 6.808200e-01 3.016000e-03 3.161640e-01
292 6.803080e-01 2.960000e-03 3.167320e-01
293 6.798120e-01 2.848000e-03 3.173400e-01
294 6.792840e-01 2.896000e-03 3.178200e-01
295 6.788440e-01 2.840000e-03 3.183160e-01
296 6.783800e-01 2.768000e-03 3.188520e-01
297 6.779360e-01 2.680000e-03 3.193840e-01
298 6.774480e-01 2.688000e-03 3.198640e-01
299 6.770960e-01 2.532000e-03 3.203720e-01
300 6.765800e-01 2.600000e-03 3.208200e-01
301 6.761320e-01 2.624000e-03 3.212440e-01
302 6.756560e-01 2.688000e-03 3.216560e-01
303 6.751560e-01 2.692000e-03 3.221520e-01
304 6.747440e-01 2.696000e-03 3.225600e-01
305 6.742080e-01 2.740000e-03 3.230520e-01
306 6.737560e-01 2.696000e-03 3.235480e-01
307 6.733200e-01 2.564000e-03 3.241160e-01
308 6.729480e-01 2.520000e-03 3.245320e-01
309 6.724440e-01 2.584000e-03 3.249720e-01
310 6.720080e-01 2.640000e-03 3.253520e-01
311 6.716040e-01 2.600000e-03 3.257960e-01
312 6.711840e-01 2.576000e-03 3.262400e-01
313 6.707320e-01 2.580000e-03 3.266880e-01
314 6.701200e-01 2.680000e-03 3.272000e-01
315 6.695640e-01 2.696000e-03 3.277400e-01
316 6.690360e-01 2.792000e-03 3.281720e-01
317 6.685320e-01 2.784000e-03 3.286840e-01
318 6.681200e-01 2.688000e-03 3.291920e-01
319 6.677000e-01 2.668000e-03 3.296320e-01
320 6.672640e-01 2.612000e-03 3.301240e-01
321 6.668320e-01 2.568000e-03 3.306000e-01
322 6.664080e-01 2.528000e-03 3.310640e-01
323 6.660560e-01 2.468000e-03 3.314760e-01
324 6.656680e-01 2.400000e-03 3.319320e-01
325 6.653400e-01 2.296000e-03 3.323640e-01
326 6.648800e-01 2.356000e-03 3.327640e-01
327 6.645640e-01 2.248000e-03 3.331880e-01
328 6.641120e-01 2.264000e-03 3.336240e-01
329 6.636880e-01 2.272000e-03 3.340400e-01
330 6.632960e-01 2.232000e-03 3.344720e-01
331 6.629000e-01 2.236000e-03 3.348640e-01
332 6.625360e-01 2.212000e-03 3.352520e-01
333 6.621400e-01 2.160000e-03 3.357000e-01
334 6.617200e-01 2.176000e-03 3.361040e-01
335 6.612720e-01 2.244000e-03 3.364840e-01
336 6.608680e-01 2.248000e-03 3.368840e-01
337 6.604440e-01 2.252000e-03 3.373040e-01
338 6.599520e-01 2.336000e-03 3.377120e-01
339 6.594760e-01 2.420000e-03 3.381040e-01
340 6.590480e-01 2.412000e-03 3.385400e-01
341 6.586200e-01 2.392000e-03 3.389880e-01
342 6.582760e-01 2.324000e-03 3.394000e-01
343 6.578640e-01 2.308000e-03 3.398280e-01
344 6.574600e-01 2.280000e-03 3.402600e-01
345 6.571680e-01 2.240000e-03 3.405920e-01
346 6.567080e-01 2.268000e-03 3.410240e-01
347 6.564200e-01 2.212000e-03 3.413680e-01
348 6.560200e-01 2.236000e-03 3.417440e-01
349 6.557240e-01 2.064000e-03 3.422120e-01
350 6.553520e-01 2.080000e-03 3.425680e-01
351 6.549120e-01 2.188000e-03 3.429000e-01
352 6.544880e-01 2.228000e-03 3.432840e-01
353 6.541080e-01 2.208000e-03 3.436840e-01
354 6.536400e-01 2.256000e-03 3.441040e-01
355 6.532520e-01 2.252000e-03 3.444960e-01
356 6.528720e-01 2.268000e-03 3.448600e-01
357 6.524440e-01 2.228000e-03 3.453280e-01
358 6.520160e-01 2.256000e-03 3.457280e-01
359 6.516440e-01 2.248000e-03 3.461080e-01
360 6.513240e-01 2.124000e-03 3.465520e-01
361 6.509240e-01 2.200000e-03 3.468760e-01
362 6.505440e-01 2.196000e-03 3.472600e-01
363 6.501040e-01 2.280000e-03 3.476160e-01
364 6.497240e-01 2.188000e-03 3.480880e-01
365 6.493760e-01 2.160000e-03 3.484640e-01
366 6.489280e-01 2.208000e-03 3.488640e-01
367 6.485960e-01 2.132000e-03 3.492720e-01
368 6.481760e-01 2.152000e-03 3.496720e-01
369 6.476600e-01 2.292000e-03 3.500480e-01
370 6.473240e-01 2.176000e-03 3.505000e-01
371 6.469560e-01 2.144000e-03 3.509000e-01
372 6.465240e-01 2.176000e-03 3.513000e-01
373 6.461560e-01 2.144000e-03 3.517000e-01
374 6.458080e-01 2.100000e-03 3.520920e-01
375 6.454640e-01 2.060000e-03 3.524760e-01
376 6.451640e-01 2.048000e-03 3.527880e-01
377 6.449040e-01 1.936000e-03 3.531600e-01
378 6.446240e-01 1.956000e-03 3.534200e-01
379 6.442840e-01 1.964000e-03 3.537520e-01
380 6.439600e-01 1.944000e-03 3.540960e-01
381 6.436320e-01 1.988000e-03 3.543800e-01
382 6.432760e-01 2.040000e-03 3.546840e-01
383 6.429880e-01 1.992000e-03 3.550200e-01
384 6.426720e-01 1.964000e-03 3.553640e-01
385 6.423720e-01 1.888000e-03 3.557400e-01
386 6.420400e-01 1.896000e-03 3.560640e-01
387 6.418400e-01 1.760000e-03 3.564000e-01
388 6.415880e-01 1.680000e-03 3.567320e-01
389 6.413440e-01 1.616000e-03 3.570400e-01
390 6.411200e-01 1.552000e-03 3.573280e-01
391 6.409160e-01 1.464000e-03 3.576200e-01
392 6.407040e-01 1.416000e-03 3.578800e-01
393 6.405000e-01 1.392000e-03 3.581080e-01
394 6.402720e-01 1.372000e-03 3.583560e-01
395 6.400400e-01 1.360000e-03 3.586000e-01
396 6.398200e-01 1.372000e-03 3.588080e-01
397 6.395800e-01 1.332000e-03 3.590880e-01
398 6.393200e-01 1.380000e-03 3.593000e-01
399 6.390640e-01 1.320000e-03 3.596160e-01
400 6.388080e-01 1.372000e-03 3.598200e-01
401 6.385760e-01 1.360000e-03 3.600640e-01
402 6.383080e-01 1.400000e-03 3.602920e-01
403 6.380760e-01 1.356000e-03 3.605680e-01
404 6.378280e-01 1.380000e-03 3.607920e-01
405 6.375240e-01 1.440000e-03 3.610360e-01
406 6.372600e-01 1.492000e-03 3.612480e-01
407 6.370040e-01 1.468000e-03 3.615280e-01
408 6.367360e-01 1.420000e-03 3.618440e-01
409 6.364520e-01 1.456000e-03 3.620920e-01
410 6.362120e-01 1.440000e-03 3.623480e-01
411 6.359440e-01 1.500000e-03 3.625560e-01
412 6.356880e-01 1.464000e-03 3.628480e-01
413 6.354800e-01 1.352000e-03 3.631680e-01
414 6.352600e-01 1.316000e-03 3.634240e-01
415 6.350320e-01 1.324000e-03 3.636440e-01
416 6.347920e-01 1.304000e-03 3.639040e-01
417 6.345840e-01 1.284000e-03 3.641320e-01
418 6.343720e-01 1.304000e-03 3.643240e-01
419 6.341560e-01 1.296000e-03 3.645480e-01
420 6.339480e-01 1.248000e-03 3.648040e-01
421 6.337400e-01 1.256000e-03 3.650040e-01
422 6.335000e-01 1.284000e-03 3.652160e-01
423 6.332600e-01 1.320000e-03 3.654200e-01
424 6.330240e-01 1.304000e-03 3.656720e-01
425 6.328280e-01 1.232000e-03 3.659400e-01
426 6.326480e-01 1.184000e-03 3.661680e-01
427 6.324680e-01 1.184000e-03 3.663480e-01
428 6.322600e-01 1.136000e-03 3.666040e-01
429 6.320320e-01 1.164000e-03 3.668040e-01
430 6.318280e-01 1.164000e-03 3.670080e-01
431 6.315880e-01 1.232000e-03 3.671800e-01
432 6.313520e-01 1.252000e-03 3.673960e-01
433 6.310840e-01 1.304000e-03 3.676120e-01
434 6.309080e-01 1.264000e-03 3.678280e-01
435 6.306600e-01 1.280000e-03 3.680600e-01
436 6.304680e-01 1.244000e-03 3.682880e-01
437 6.302840e-01 1.168000e-03 3.685480e-01
438 6.300480e-01 1.244000e-03 3.687080e-01
439 6.298280e-01 1.224000e-03 3.689480e-01
440 6.296320e-01 1.220000e-03 3.691480e-01
441 6.294440e-01 1.180000e-03 3.693760e-01
442 6.292400e-01 1.184000e-03 3.695760e-01
443 6.290080e-01 1.196000e-03 3.697960e-01
444 6.287600e-01 1.280000e-03 3.699600e-01
445 6.285400e-01 1.228000e-03 3.702320e-01
446 6.283200e-01 1.272000e-03 3.704080e-01
447 6.281080e-01 1.264000e-03 3.706280e-01
448 6.279000e-01 1.244000e-03 3.708560e-01
449 6.277080e-01 1.216000e-03 3.710760e-01
450 6.275040e-01 1.212000e-03 3.712840e-01
451 6.272400e-01 1.268000e-03 3.714920e-01
452 6.270400e-01 1.240000e-03 3.717200e-01
453 6.268320e-01 1.276000e-03 3.718920e-01
454 6.266120e-01 1.268000e-03 3.721200e-01
455 6.263920e-01 1.272000e-03 3.723360e-01
456 6.262040e-01 1.232000e-03 3.725640e-01
457 6.260920e-01 1.104000e-03 3.728040e-01
458 6.258680e-01 1.144000e-03 3.729880e-01
459 6.256960e-01 1.140000e-03 3.731640e-01
460 6.255400e-01 1.064000e-03 3.733960e-01
461 6.253920e-01 1.032000e-03 3.735760e-01
462 6.251760e-01 1.076000e-03 3.737480e-01
463 6.249960e-01 1.100000e-03 3.739040e-01
464 6.248680e-01 1.036000e-03 3.740960e-01
465 6.246960e-01 1.056000e-03 3.742480e-01
466 6.245160e-01 1.096000e-03 3.743880e-01
467 6.243520e-01 1.040000e-03 3.746080e-01
468 6.242120e-01 9.600000e-04 3.748280e-01
469 6.240440e-01 9.160000e-04 3.750400e-01
470 6.239120e-01 9.080000e-04 3.751800e-01
471 6.238000e-01 8.960000e-04 3.753040e-01
472 6.236560e-01 8.680000e-04 3.754760e-01
473 6.235320e-01 8.200000e-04 3.756480e-01
474 6.233720e-01 8.160000e-04 3.758120e-01
475 6.232120e-01 8.160000e-04 3.759720e-01
476 6.230840e-01 7.760000e-04 3.761400e-01
477 6.229360e-01 7.520000e-04 3.763120e-01
478 6.228080e-01 7.600000e-04 3.764320e-01
479 6.227040e-01 7.600000e-04 3.765360e-01
480 6.225960e-01 7.200000e-04 3.766840e-01
481 6.225480e-01 6.480000e-04 3.768040e-01
482 6.224640e-01 6.000000e-04 3.769360e-01
483 6.224120e-01 5.640000e-04 3.770240e-01
484 6.223160e-01 5.760000e-04 3.771080e-01
485 6.222040e-01 5.760000e-04 3.772200e-01
486 6.221280e-01 5.760000e-04 3.772960e-01
487 6.220560e-01 5.480000e-04 3.773960e-01
488 6.219680e-01 5.640000e-04 3.774680e-01
489 6.219320e-01 5.000000e-04 3.775680e-01
490 6.218280e-01 5.040000e-04 3.776680e-01
491 6.217040e-01 5.280000e-04 3.777680e-01
492 6.216240e-01 4.880000e-04 3.778880e-01
493 6.215560e-01 4.760000e-04 3.779680e-01
494 6.214360e-01 5.080000e-04 3.780560e-01
495 6.213640e-01 5.160000e-04 3.781200e-01
496 6.212920e-01 4.920000e-04 3.782160e-01
497 6.212120e-01 4.720000e-04 3.783160e-01
498 6.211280e-01 4.720000e-04 3.784000e-01
499 6.210600e-01 4.880000e-04 3.784520e-01
500 6.209880e-01 4.720000e-04 3.785400e-01
