1 9.992360e-01 6.920000e-04 7.200000e-05
2 9.987640e-01 1.016000e-03 2.200000e-04
3 9.981200e-01 1.404000e-03 4.760000e-04
4 9.973080e-01 1.924000e-03 7.680000e-04
5 9.965520e-01 2.352000e-03 1.096000e-03
6 9.956160e-01 2.828000e-03 1.556000e-03
7 9.947560e-01 3.112000e-03 2.132000e-03
8 9.937600e-01 3.520000e-03 2.720000e-03
9 9.929360e-01 3.700000e-03 3.364000e-03
10 9.920280e-01 3.892000e-03 4.080000e-03
11 9.911560e-01 4.104000e-03 4.740000e-03
12 9.902080e-01 4.304000e-03 5.488000e-03
13 9.892280e-01 4.532000e-03 6.240000e-03
14 9.882600e-01 4.660000e-03 7.080000e-03
15 9.872840e-01 4.844000e-03 7.872000e-03
16 9.862480e-01 4.956000e-03 8.796000e-03
17 9.851440e-01 5.176000e-03 9.680000e-03
18 9.841080e-01 5.324000e-03 1.056800e-02
19 9.830080e-01 5.396000e-03 1.159600e-02
20 9.819400e-01 5.524000e-03 1.253600e-02
21 9.807760e-01 5.700000e-03 1.352400e-02
22 9.794840e-01 5.884000e-03 1.463200e-02
23 9.781040e-01 6.176000e-03 1.572000e-02
24 9.768640e-01 6.212000e-03 1.692400e-02
25 9.755440e-01 6.436000e-03 1.802000e-02
26 9.740960e-01 6.820000e-03 1.908400e-02
27 9.726520e-01 7.032000e-03 2.031600e-02
28 9.710640e-01 7.372000e-03 2.156400e-02
29 9.695960e-01 7.540000e-03 2.286400e-02
30 9.680280e-01 7.696000e-03 2.427600e-02
31 9.666000e-01 7.760000e-03 2.564000e-02
32 9.651240e-01 7.884000e-03 2.699200e-02
33 9.635920e-01 7.928000e-03 2.848000e-02
34 9.620440e-01 7.956000e-03 3.000000e-02
35 9.605520e-01 8.148000e-03 3.130000e-02
36 9.589320e-01 8.360000e-03 3.270800e-02
37 9.574040e-01 8.408000e-03 3.418800e-02
38 9.557640e-01 8.636000e-03 3.560000e-02
39 9.541280e-01 8.844000e-03 3.702800e-02
40 9.525240e-01 8.988000e-03 3.848800e-02
41 9.509880e-01 8.960000e-03 4.005200e-02
42 9.492840e-01 9.096000e-03 4.162000e-02
43 9.477720e-01 8.960000e-03 4.326800e-02
44 9.462200e-01 8.868000e-03 4.491200e-02
45 9.445640e-01 8.956000e-03 4.648000e-02
46 9.429800e-01 8.904000e-03 4.811600e-02
47 9.413560e-01 8.896000e-03 4.974800e-02
48 9.397120e-01 8.840000e-03 5.144800e-02
49 9.381400e-01 8.820000e-03 5.304000e-02
50 9.365720e-01 8.884000e-03 5.454400e-02
51 9.349880e-01 9.048000e-03 5.596400e-02
52 9.334280e-01 8.968000e-03 5.760400e-02
53 9.317880e-01 8.912000e-03 5.930000e-02
54 9.301680e-01 8.912000e-03 6.092000e-02
55 9.286080e-01 8.912000e-03 6.248000e-02
56 9.271360e-01 8.676000e-03 6.418800e-02
57 9.255840e-01 8.708000e-03 6.570800e-02
58 9.239080e-01 9.020000e-03 6.707200e-02
59 9.222160e-01 9.108000e-03 6.867600e-02
60 9.204640e-01 9.196000e-03 7.034000e-02
61 9.186400e-01 9.280000e-03 7.208000e-02
62 9.170000e-01 9.320000e-03 7.368000e-02
63 9.153680e-01 9.452000e-03 7.518000e-02
64 9.136080e-01 9.668000e-03 7.672400e-02
65 9.118280e-01 9.780000e-03 7.839200e-02
66 9.100600e-01 9.824000e-03 8.011600e-02
67 9.083720e-01 9.900000e-03 8.172800e-02
68 9.067120e-01 9.796000e-03 8.349200e-02
69 9.050080e-01 9.836000e-03 8.515600e-02
70 9.032720e-01 9.856000e-03 8.687200e-02
71 9.017040e-01 9.744000e-03 8.855200e-02
72 8.999960e-01 9.684000e-03 9.032000e-02
73 8.983440e-01 9.784000e-03 9.187200e-02
74 8.967480e-01 9.616000e-03 9.363600e-02
75 8.951320e-01 9.668000e-03 9.520000e-02
76 8.934880e-01 9.612000e-03 9.690000e-02
77 8.918520e-01 9.620000e-03 9.852800e-02
78 8.901720e-01 9.640000e-03 1.001880e-01
79 8.885240e-01 9.560000e-03 1.019160e-01
80 8.870160e-01 9.396000e-03 1.035880e-01
81 8.853680e-01 9.420000e-03 1.052120e-01
82 8.837040e-01 9.388000e-03 1.069080e-01
83 8.820680e-01 9.372000e-03 1.085600e-01
84 8.803360e-01 9.428000e-03 1.102360e-01
85 8.786400e-01 9.312000e-03 1.120480e-01
86 8.769960e-01 9.276000e-03 1.137280e-01
87 8.754400e-01 9.104000e-03 1.154560e-01
88 8.738080e-01 9.104000e-03 1.170880e-01
89 8.723400e-01 9.040000e-03 1.186200e-01
90 8.708240e-01 8.788000e-03 1.203880e-01
91 8.692160e-01 8.780000e-03 1.220040e-01
92 8.676160e-01 8.888000e-03 1.234960e-01
93 8.660080e-01 8.884000e-03 1.251080e-01
94 8.644520e-01 8.980000e-03 1.265680e-01
95 8.628000e-01 9.048000e-03 1.281520e-01
96 8.611040e-01 9.032000e-03 1.298640e-01
97 8.594800e-01 9.152000e-03 1.313680e-01
98 8.579440e-01 9.144000e-03 1.329120e-01
99 8.564040e-01 9.104000e-03 1.344920e-01
100 8.548560e-01 9.068000e-03 1.360760e-01
101 8.532680e-01 9.024000e-03 1.377080e-01
102 8.517280e-01 9.048000e-03 1.392240e-01
103 8.501120e-01 9.012000e-03 1.408760e-01
104 8.485040e-01 8.880000e-03 1.426160e-01
105 8.469360e-01 8.736000e-03 1.443280e-01
106 8.454480e-01 8.684000e-03 1.458680e-01
107 8.440360e-01 8.600000e-03 1.473640e-01
108 8.426920e-01 8.544000e-03 1.487640e-01
109 8.412200e-01 8.560000e-03 1.502200e-01
110 8.395840e-01 8.608000e-03 1.518080e-01
111 8.382280e-01 8.476000e-03 1.532960e-01
112 8.367200e-01 8.372000e-03 1.549080e-01
113 8.351720e-01 8.504000e-03 1.563240e-01
114 8.337360e-01 8.404000e-03 1.578600e-01
115 8.321880e-01 8.440000e-03 1.593720e-01
116 8.307480e-01 8.420000e-03 1.608320e-01
117 8.293640e-01 8.300000e-03 1.623360e-01
118 8.279120e-01 8.320000e-03 1.637680e-01
119 8.265640e-01 8.252000e-03 1.651840e-01
120 8.252520e-01 8.048000e-03 1.667000e-01
121 8.238440e-01 8.072000e-03 1.680840e-01
122 8.226680e-01 7.848000e-03 1.694840e-01
123 8.214880e-01 7.572000e-03 1.709400e-01
124 8.202080e-01 7.464000e-03 1.723280e-01
125 8.190320e-01 7.376000e-03 1.735920e-01
126 8.177560e-01 7.372000e-03 1.748720e-01
127 8.166160e-01 7.156000e-03 1.762280e-01
128 8.154240e-01 7.204000e-03 1.773720e-01
129 8.142200e-01 7.208000e-03 1.785720e-01
130 8.131240e-01 6.992000e-03 1.798840e-01
131 8.119480e-01 7.024000e-03 1.810280e-01
132 8.108280e-01 6.928000e-03 1.822440e-01
133 8.096840e-01 6.764000e-03 1.835520e-01
134 8.085600e-01 6.732000e-03 1.847080e-01
135 8.075440e-01 6.492000e-03 1.859640e-01
136 8.064520e-01 6.468000e-03 1.870800e-01
137 8.052400e-01 6.580000e-03 1.881800e-01
138 8.041360e-01 6.460000e-03 1.894040e-01
139 8.031120e-01 6.376000e-03 1.905120e-01
140 8.020800e-01 6.424000e-03 1.914960e-01
141 8.009600e-01 6.340000e-03 1.927000e-01
142 7.998320e-01 6.316000e-03 1.938520e-01
143 7.987320e-01 6.332000e-03 1.949360e-01
144 7.977000e-01 6.296000e-03 1.960040e-01
145 7.966680e-01 6.224000e-03 1.971080e-01
146 7.957080e-01 6.164000e-03 1.981280e-01
147 7.948560e-01 5.976000e-03 1.991680e-01
148 7.938760e-01 5.908000e-03 2.002160e-01
149 7.929840e-01 5.784000e-03 2.012320e-01
150 7.920560e-01 5.620000e-03 2.023240e-01
151 7.910720e-01 5.576000e-03 2.033520e-01
152 7.900040e-01 5.680000e-03 2.043160e-01
153 7.891240e-01 5.556000e-03 2.053200e-01
154 7.881600e-01 5.480000e-03 2.063600e-01
155 7.872320e-01 5.424000e-03 2.073440e-01
156 7.862600e-01 5.492000e-03 2.082480e-01
157 7.854000e-01 5.428000e-03 2.091720e-01
158 7.844760e-01 5.352000e-03 2.101720e-01
159 7.834640e-01 5.432000e-03 2.111040e-01
160 7.824440e-01 5.460000e-03 2.120960e-01
161 7.815320e-01 5.448000e-03 2.130200e-01
162 7.805640e-01 5.416000e-03 2.140200e-01
163 7.796000e-01 5.348000e-03 2.150520e-01
164 7.786320e-01 5.348000e-03 2.160200e-01
165 7.776120e-01 5.356000e-03 2.170320e-01
166 7.765800e-01 5.432000e-03 2.179880e-01
167 7.757000e-01 5.500000e-03 2.188000e-01
168 7.747840e-01 5.384000e-03 2.198320e-01
169 7.739160e-01 5.284000e-03 2.208000e-01
170 7.731200e-01 5.204000e-03 2.216760e-01
171 7.721040e-01 5.368000e-03 2.225280e-01
172 7.711840e-01 5.424000e-03 2.233920e-01
173 7.703080e-01 5.320000e-03 2.243720e-01
174 7.695400e-01 5.164000e-03 2.252960e-01
175 7.686320e-01 5.092000e-03 2.262760e-01
176 7.677920e-01 5.108000e-03 2.271000e-01
177 7.668320e-01 5.180000e-03 2.279880e-01
178 7.659080e-01 5.212000e-03 2.288800e-01
179 7.649160e-01 5.272000e-03 2.298120e-01
180 7.639760e-01 5.300000e-03 2.307240e-01
181 7.630600e-01 5.272000e-03 2.316680e-01
182 7.621720e-01 5.224000e-03 2.326040e-01
183 7.612480e-01 5.220000e-03 2.335320e-01
184 7.603520e-01 5.276000e-03 2.343720e-01
185 7.593280e-01 5.340000e-03 2.353320e-01
186 7.583560e-01 5.340000e-03 2.363040e-01
187 7.573720e-01 5.396000e-03 2.372320e-01
188 7.565000e-01 5.312000e-03 2.381880e-01
189 7.556920e-01 5.188000e-03 2.391200e-01
190 7.548280e-01 5.108000e-03 2.400640e-01
191 7.538960e-01 5.104000e-03 2.410000e-01
192 7.530200e-01 5.072000e-03 2.419080e-01
193 7.521640e-01 5.084000e-03 2.427520e-01
194 7.512520e-01 5.148000e-03 2.436000e-01
195 7.504240e-01 5.044000e-03 2.445320e-01
196 7.495960e-01 4.972000e-03 2.454320e-01
197 7.488400e-01 4.804000e-03 2.463560e-01
198 7.480120e-01 4.772000e-03 2.472160e-01
199 7.471400e-01 4.800000e-03 2.480600e-01
200 7.462160e-01 4.916000e-03 2.488680e-01
201 7.453280e-01 4.948000e-03 2.497240e-01
202 7.445040e-01 4.924000e-03 2.505720e-01
203 7.436240e-01 4.996000e-03 2.513800e-01
204 7.427920e-01 4.996000e-03 2.522120e-01
205 7.420280e-01 4.900000e-03 2.530720e-01
206 7.411800e-01 4.808000e-03 2.540120e-01
207 7.404000e-01 4.732000e-03 2.548680e-01
208 7.394760e-01 4.840000e-03 2.556840e-01
209 7.386880e-01 4.744000e-03 2.565680e-01
210 7.378800e-01 4.704000e-03 2.574160e-01
211 7.370560e-01 4.696000e-03 2.582480e-01
212 7.362000e-01 4.652000e-03 2.591480e-01
213 7.353600e-01 4.640000e-03 2.600000e-01
214 7.346200e-01 4.492000e-03 2.608880e-01
215 7.338800e-01 4.360000e-03 2.617600e-01
216 7.331680e-01 4.316000e-03 2.625160e-01
217 7.325960e-01 4.212000e-03 2.631920e-01
218 7.319400e-01 4.228000e-03 2.638320e-01
219 7.312200e-01 4.252000e-03 2.645280e-01
220 7.305160e-01 4.236000e-03 2.652480e-01
221 7.298840e-01 4.180000e-03 2.659360e-01
222 7.291120e-01 4.248000e-03 2.666400e-01
223 7.282840e-01 4.344000e-03 2.673720e-01
224 7.274920e-01 4.340000e-03 2.681680e-01
225 7.267320e-01 4.320000e-03 2.689480e-01
226 7.259920e-01 4.456000e-03 2.695520e-01
227 7.251480e-01 4.552000e-03 2.703000e-01
228 7.244400e-01 4.448000e-03 2.711120e-01
229 7.237680e-01 4.404000e-03 2.718280e-01
230 7.229480e-01 4.564000e-03 2.724880e-01
231 7.221400e-01 4.552000e-03 2.733080e-01
232 7.213720e-01 4.528000e-03 2.741000e-01
233 7.206600e-01 4.508000e-03 2.748320e-01
234 7.199360e-01 4.452000e-03 2.756120e-01
235 7.192680e-01 4.284000e-03 2.764480e-01
236 7.185720e-01 4.248000e-03 2.771800e-01
237 7.177360e-01 4.320000e-03 2.779440e-01
238 7.169320e-01 4.332000e-03 2.787360e-01
239 7.159720e-01 4.548000e-03 2.794800e-01
240 7.151000e-01 4.604000e-03 2.802960e-01
241 7.142800e-01 4.656000e-03 2.810640e-01
242 7.134520e-01 4.648000e-03 2.819000e-01
243 7.127720e-01 4.532000e-03 2.826960e-01
244 7.120760e-01 4.424000e-03 2.835000e-01
245 7.113200e-01 4.468000e-03 2.842120e-01
246 7.106400e-01 4.352000e-03 2.850080e-01
247 7.099240e-01 4.272000e-03 2.858040e-01
248 7.093320e-01 4.076000e-03 2.865920e-01
249 7.087240e-01 4.020000e-03 2.872560e-01
250 7.081960e-01 3.852000e-03 2.879520e-01
251 7.075200e-01 3.816000e-03 2.886640e-01
252 7.068440e-01 3.820000e-03 2.893360e-01
253 7.062520e-01 3.712000e-03 2.900360e-01
254 7.056440e-01 3.688000e-03 2.906680e-01
255 7.051240e-01 3.656000e-03 2.912200e-01
256 7.044800e-01 3.688000e-03 2.918320e-01
257 7.037480e-01 3.872000e-03 2.923800e-01
258 7.030560e-01 3.844000e-03 2.931000e-01
259 7.024600e-01 3.860000e-03 2.936800e-01
260 7.018280e-01 3.760000e-03 2.944120e-01
261 7.011560e-01 3.808000e-03 2.950360e-01
262 7.005800e-01 3.748000e-03 2.956720e-01
263 6.999800e-01 3.648000e-03 2.963720e-01
264 6.994480e-01 3.532000e-03 2.970200e-01
265 6.987960e-01 3.584000e-03 2.976200e-01
266 6.981760e-01 3.572000e-03 2.982520e-01
267 6.975760e-01 3.564000e-03 2.988600e-01
268 6.969720e-01 3.612000e-03 2.994160e-01
269 6.963040e-01 3.704000e-03 2.999920e-01
270 6.956400e-01 3.676000e-03 3.006840e-01
271 6.950920e-01 3.552000e-03 3.013560e-01
272 6.944480e-01 3.632000e-03 3.019200e-01
273 6.938080e-01 3.652000e-03 3.025400e-01
274 6.931840e-01 3.628000e-03 3.031880e-01
275 6.925520e-01 3.692000e-03 3.037560e-01
276 6.918360e-01 3.748000e-03 3.044160e-01
277 6.912280e-01 3.708000e-03 3.050640e-01
278 6.905320e-01 3.704000e-03 3.057640e-01
279 6.899560e-01 3.684000e-03 3.063600e-01
280 6.894440e-01 3.496000e-03 3.070600e-01
281 6.889040e-01 3.424000e-03 3.076720e-01
282 6.883400e-01 3.412000e-03 3.082480e-01
283 6.878840e-01 3.372000e-03 3.087440e-01
284 6.873840e-01 3.296000e-03 3.093200e-01
285 6.868320e-01 3.316000e-03 3.098520e-01
286 6.863160e-01 3.292000e-03 3.103920e-01
287 6.859760e-01 3.156000e-03 3.108680e-01
288 6.854760e-01 3.036000e-03 3.114880e-01
289 6.850040e-01 3.000000e-03 3.119960e-01
290 6.845640e-01 2.924000e-03 3.125120e-01
291 6.839960e-01 2.916000e-03 3.130880e-01
292 6.835360e-01 2.928000e-03 3.135360e-01
293 6.829960e-01 3.012000e-03 3.139920e-01
294 6.824920e-01 3.024000e-03 3.144840e-01
295 6.819560e-01 3.032000e-03 3.150120e-01
296 6.814680e-01 2.960000e-03 3.155720e-01
297 6.809120e-01 3.000000e-03 3.160880e-01
298 6.803440e-01 3.040000e-03 3.166160e-01
299 6.798240e-01 3.040000e-03 3.171360e-01
300 6.792520e-01 3.024000e-03 3.177240e-01
301 6.786160e-01 3.088000e-03 3.182960e-01
302 6.780240e-01 3.080000e-03 3.188960e-01
303 6.775120e-01 3.036000e-03 3.194520e-01
304 6.770640e-01 2.884000e-03 3.200520e-01
305 6.766040e-01 2.916000e-03 3.204800e-01
306 6.762080e-01 2.848000e-03 3.209440e-01
307 6.757160e-01 2.856000e-03 3.214280e-01
308 6.752960e-01 2.876000e-03 3.218280e-01
309 6.748480e-01 2.868000e-03 3.222840e-01
310 6.744240e-01 2.792000e-03 3.227840e-01
311 6.739200e-01 2.852000e-03 3.232280e-01
312 6.734480e-01 2.848000e-03 3.237040e-01
313 6.730320e-01 2.776000e-03 3.241920e-01
314 6.725320e-01 2.816000e-03 3.246520e-01
315 6.720800e-01 2.708000e-03 3.252120e-01
316 6.715360e-01 2.800000e-03 3.256640e-01
317 6.710360e-01 2.840000e-03 3.261240e-01
318 6.705600e-01 2.804000e-03 3.266360e-01
319 6.701320e-01 2.704000e-03 3.271640e-01
320 6.697480e-01 2.536000e-03 3.277160e-01
321 6.693520e-01 2.544000e-03 3.281040e-01
322 6.689640e-01 2.456000e-03 3.285800e-01
323 6.685520e-01 2.436000e-03 3.290120e-01
324 6.681040e-01 2.440000e-03 3.294560e-01
325 6.676840e-01 2.448000e-03 3.298680e-01
326 6.672040e-01 2.500000e-03 3.302960e-01
327 6.666960e-01 2.548000e-03 3.307560e-01
328 6.663120e-01 2.508000e-03 3.311800e-01
329 6.659720e-01 2.396000e-03 3.316320e-01
330 6.656280e-01 2.284000e-03 3.320880e-01
331 6.652440e-01 2.208000e-03 3.325480e-01
332 6.648720e-01 2.240000e-03 3.328880e-01
333 6.645280e-01 2.104000e-03 3.333680e-01
334 6.641960e-01 2.020000e-03 3.337840e-01
335 6.638840e-01 1.928000e-03 3.341880e-01
336 6.636040e-01 1.820000e-03 3.345760e-01
337 6.632240e-01 1.884000e-03 3.348920e-01
338 6.629160e-01 1.852000e-03 3.352320e-01
339 6.625600e-01 1.864000e-03 3.355760e-01
340 6.622120e-01 1.908000e-03 3.358800e-01
341 6.619160e-01 1.880000e-03 3.362040e-01
342 6.615160e-01 1.944000e-03 3.365400e-01
343 6.611720e-01 1.952000e-03 3.368760e-01
344 6.607600e-01 2.096000e-03 3.371440e-01
345 6.604880e-01 2.028000e-03 3.374840e-01
346 6.600680e-01 2.100000e-03 3.378320e-01
347 6.597040e-01 2.104000e-03 3.381920e-01
348 6.592520e-01 2.252000e-03 3.384960e-01
349 6.588480e-01 2.236000e-03 3.389160e-01
350 6.585800e-01 2.092000e-03 3.393280e-01
351 6.582360e-01 2.148000e-03 3.396160e-01
352 6.578040e-01 2.192000e-03 3.400040e-01
353 6.574160e-01 2.212000e-03 3.403720e-01
354 6.570520e-01 2.180000e-03 3.407680e-01
355 6.566520e-01 2.164000e-03 3.411840e-01
356 6.561680e-01 2.288000e-03 3.415440e-01
357 6.556400e-01 2.428000e-03 3.419320e-01
358 6.551320e-01 2.492000e-03 3.423760e-01
359 6.547440e-01 2.512000e-03 3.427440e-01
360 6.543840e-01 2.400000e-03 3.432160e-01
361 6.540280e-01 2.328000e-03 3.436440e-01
362 6.537360e-01 2.204000e-03 3.440600e-01
363 6.533920e-01 2.200000e-03 3.444080e-01
364 6.530320e-01 2.228000e-03 3.447400e-01
365 6.526680e-01 2.212000e-03 3.451200e-01
366 6.522360e-01 2.256000e-03 3.455080e-01
367 6.518800e-01 2.180000e-03 3.459400e-01
368 6.515640e-01 2.048000e-03 3.463880e-01
369 6.512920e-01 2.008000e-03 3.467000e-01
370 6.509440e-01 2.004000e-03 3.470520e-01
371 6.505920e-01 2.044000e-03 3.473640e-01
372 6.502440e-01 2.000000e-03 3.477560e-01
373 6.499160e-01 1.972000e-03 3.481120e-01
374 6.496680e-01 1.888000e-03 3.484440e-01
375 6.494200e-01 1.828000e-03 3.487520e-01
376 6.491240e-01 1.784000e-03 3.490920e-01
377 6.488600e-01 1.752000e-03 3.493880e-01
378 6.485960e-01 1.752000e-03 3.496520e-01
379 6.483520e-01 1.664000e-03 3.499840e-01
380 6.480480e-01 1.708000e-03 3.502440e-01
381 6.477480e-01 1.672000e-03 3.505800e-01
382 6.475040e-01 1.608000e-03 3.508880e-01
383 6.473360e-01 1.464000e-03 3.512000e-01
384 6.471120e-01 1.436000e-03 3.514520e-01
385 6.468520e-01 1.444000e-03 3.517040e-01
386 6.465920e-01 1.432000e-03 3.519760e-01
387 6.463400e-01 1.388000e-03 3.522720e-01
388 6.461200e-01 1.384000e-03 3.524960e-01
389 6.458200e-01 1.444000e-03 3.527360e-01
390 6.455840e-01 1.412000e-03 3.530040e-01
391 6.453520e-01 1.360000e-03 3.532880e-01
392 6.451000e-01 1.372000e-03 3.535280e-01
393 6.448600e-01 1.292000e-03 3.538480e-01
394 6.446560e-01 1.296000e-03 3.540480e-01
395 6.444800e-01 1.256000e-03 3.542640e-01
396 6.442160e-01 1.284000e-03 3.545000e-01
397 6.440040e-01 1.276000e-03 3.547200e-01
398 6.437600e-01 1.312000e-03 3.549280e-01
399 6.435320e-01 1.332000e-03 3.551360e-01
400 6.432760e-01 1.360000e-03 3.553640e-01
401 6.430480e-01 1.340000e-03 3.556120e-01
402 6.427840e-01 1.396000e-03 3.558200e-01
403 6.424760e-01 1.472000e-03 3.560520e-01
404 6.422720e-01 1.464000e-03 3.562640e-01
405 6.419520e-01 1.520000e-03 3.565280e-01
406 6.416000e-01 1.620000e-03 3.567800e-01
407 6.412240e-01 1.676000e-03 3.571000e-01
408 6.410080e-01 1.632000e-03 3.573600e-01
409 6.407800e-01 1.608000e-03 3.576120e-01
410 6.405520e-01 1.524000e-03 3.579240e-01
411 6.403360e-01 1.464000e-03 3.582000e-01
412 6.401280e-01 1.404000e-03 3.584680e-01
413 6.399440e-01 1.376000e-03 3.586800e-01
414 6.397280e-01 1.380000e-03 3.588920e-01
415 6.395200e-01 1.352000e-03 3.591280e-01
416 6.392960e-01 1.340000e-03 3.593640e-01
417 6.390920e-01 1.352000e-03 3.595560e-01
418 6.388320e-01 1.280000e-03 3.598880e-01
419 6.386240e-01 1.260000e-03 3.601160e-01
420 6.384240e-01 1.276000e-03 3.603000e-01
421 6.382200e-01 1.184000e-03 3.605960e-01
422 6.380800e-01 1.140000e-03 3.607800e-01
423 6.378760e-01 1.108000e-03 3.610160e-01
424 6.376680e-01 1.128000e-03 3.612040e-01
425 6.374320e-01 1.192000e-03 3.613760e-01
426 6.372000e-01 1.232000e-03 3.615680e-01
427 6.370000e-01 1.228000e-03 3.617720e-01
428 6.368040e-01 1.180000e-03 3.620160e-01
429 6.365760e-01 1.200000e-03 3.622240e-01
430 6.363920e-01 1.172000e-03 3.624360e-01
431 6.361760e-01 1.184000e-03 3.626400e-01
432 6.359600e-01 1.220000e-03 3.628200e-01
433 6.357520e-01 1.220000e-03 3.630280e-01
434 6.355680e-01 1.192000e-03 3.632400e-01
435 6.353760e-01 1.152000e-03 3.634720e-01
436 6.352040e-01 1.152000e-03 3.636440e-01
437 6.350040e-01 1.112000e-03 3.638840e-01
438 6.348920e-01 1.044000e-03 3.640640e-01
439 6.347480e-01 9.680000e-04 3.642840e-01
440 6.345960e-01 9.680000e-04 3.644360e-01
441 6.344120e-01 9.520000e-04 3.646360e-01
442 6.342560e-01 9.480000e-04 3.647960e-01
443 6.341120e-01 8.960000e-04 3.649920e-01
444 6.339560e-01 9.280000e-04 3.651160e-01
445 6.337960e-01 9.560000e-04 3.652480e-01
446 6.336280e-01 9.320000e-04 3.654400e-01
447 6.334000e-01 9.760000e-04 3.656240e-01
448 6.332400e-01 9.560000e-04 3.658040e-01
449 6.330360e-01 1.024000e-03 3.659400e-01
450 6.328280e-01 1.060000e-03 3.661120e-01
451 6.326360e-01 1.036000e-03 3.663280e-01
452 6.324560e-01 1.028000e-03 3.665160e-01
453 6.322920e-01 1.028000e-03 3.666800e-01
454 6.321080e-01 1.052000e-03 3.668400e-01
455 6.319640e-01 1.056000e-03 3.669800e-01
456 6.318200e-01 9.920000e-04 3.671880e-01
457 6.316680e-01 9.760000e-04 3.673560e-01
458 6.315200e-01 9.720000e-04 3.675080e-01
459 6.313480e-01 1.008000e-03 3.676440e-01
460 6.311760e-01 9.840000e-04 3.678400e-01
461 6.310240e-01 9.280000e-04 3.680480e-01
462 6.309400e-01 8.720000e-04 3.681880e-01
463 6.308000e-01 8.680000e-04 3.683320e-01
464 6.306880e-01 8.280000e-04 3.684840e-01
465 6.305480e-01 8.520000e-04 3.686000e-01
466 6.303760e-01 9.000000e-04 3.687240e-01
467 6.301840e-01 9.240000e-04 3.688920e-01
468 6.300560e-01 8.920000e-04 3.690520e-01
469 6.299160e-01 8.600000e-04 3.692240e-01
470 6.297200e-01 8.920000e-04 3.693880e-01
471 6.295960e-01 8.480000e-04 3.695560e-01
472 6.294040e-01 9.040000e-04 3.696920e-01
473 6.292640e-01 8.920000e-04 3.698440e-01
474 6.291080e-01 9.040000e-04 3.699880e-01
475 6.289920e-01 8.840000e-04 3.701240e-01
476 6.288720e-01 8.280000e-04 3.703000e-01
477 6.287400e-01 8.160000e-04 3.704440e-01
478 6.286360e-01 7.640000e-04 3.706000e-01
479 6.285440e-01 7.120000e-04 3.707440e-01
480 6.284400e-01 6.760000e-04 3.708840e-01
481 6.283200e-01 6.920000e-04 3.709880e-01
482 6.281640e-01 7.480000e-04 3.710880e-01
483 6.280080e-01 7.720000e-04 3.712200e-01
484 6.278720e-01 7.680000e-04 3.713600e-01
485 6.277600e-01 7.480000e-04 3.714920e-01
486 6.276640e-01 7.200000e-04 3.716160e-01
487 6.275360e-01 7.400000e-04 3.717240e-01
488 6.274480e-01 6.560000e-04 3.718960e-01
489 6.273240e-01 6.840000e-04 3.719920e-01
490 6.272160e-01 6.800000e-04 3.721040e-01
491 6.271520e-01 6.280000e-04 3.722200e-01
492 6.270440e-01 6.280000e-04 3.723280e-01
493 6.269120e-01 6.040000e-04 3.724840e-01
494 6.268160e-01 6.000000e-04 3.725840e-01
495 6.267640e-01 5.240000e-04 3.727120e-01
496 6.267160e-01 4.560000e-04 3.728280e-01
497 6.266480e-01 4.280000e-04 3.729240e-01
498 6.265520e-01 4.560000e-04 3.729920e-01
499 6.264800e-01 4.360000e-04 3.730840e-01
500 6.263640e-01 4.720000e-04 3.731640e-01
