1 9.991760e-01 7.320000e-04 9.200000e-05
2 9.985560e-01 1.168000e-03 2.760000e-04
3 9.977920e-01 1.704000e-03 5.040000e-04
4 9.971280e-01 2.008000e-03 8.640000e-04
5 9.964720e-01 2.264000e-03 1.264000e-03
6 9.956760e-01 2.648000e-03 1.676000e-03
7 9.947400e-01 3.140000e-03 2.120000e-03
8 9.938440e-01 3.412000e-03 2.744000e-03
9 9.928360e-01 3.868000e-03 3.296000e-03
10 9.917680e-01 4.204000e-03 4.028000e-03
11 9.907320e-01 4.464000e-03 4.804000e-03
12 9.895920e-01 4.804000e-03 5.604000e-03
13 9.884640e-01 5.080000e-03 6.456000e-03
14 9.872880e-01 5.344000e-03 7.368000e-03
15 9.860440e-01 5.776000e-03 8.180000e-03
16 9.847120e-01 6.108000e-03 9.180000e-03
17 9.834280e-01 6.344000e-03 1.022800e-02
18 9.821640e-01 6.472000e-03 1.136400e-02
19 9.807840e-01 6.716000e-03 1.250000e-02
20 9.793240e-01 6.976000e-03 1.370000e-02
21 9.778160e-01 7.304000e-03 1.488000e-02
22 9.761760e-01 7.724000e-03 1.610000e-02
23 9.747240e-01 7.780000e-03 1.749600e-02
24 9.732240e-01 7.904000e-03 1.887200e-02
25 9.717320e-01 7.916000e-03 2.035200e-02
26 9.703000e-01 7.916000e-03 2.178400e-02
27 9.688760e-01 8.000000e-03 2.312400e-02
28 9.672280e-01 8.264000e-03 2.450800e-02
29 9.657400e-01 8.276000e-03 2.598400e-02
30 9.642440e-01 8.312000e-03 2.744400e-02
31 9.627920e-01 8.192000e-03 2.901600e-02
32 9.613240e-01 8.180000e-03 3.049600e-02
33 9.598640e-01 8.160000e-03 3.197600e-02
34 9.583640e-01 8.332000e-03 3.330400e-02
35 9.567960e-01 8.348000e-03 3.485600e-02
36 9.554480e-01 8.156000e-03 3.639600e-02
37 9.537480e-01 8.564000e-03 3.768800e-02
38 9.521320e-01 8.728000e-03 3.914000e-02
39 9.504760e-01 8.892000e-03 4.063200e-02
40 9.489200e-01 8.932000e-03 4.214800e-02
41 9.473840e-01 8.772000e-03 4.384400e-02
42 9.458280e-01 8.924000e-03 4.524800e-02
43 9.440280e-01 9.224000e-03 4.674800e-02
44 9.422840e-01 9.340000e-03 4.837600e-02
45 9.405800e-01 9.516000e-03 4.990400e-02
46 9.387520e-01 9.708000e-03 5.154000e-02
47 9.368600e-01 9.872000e-03 5.326800e-02
48 9.351280e-01 9.888000e-03 5.498400e-02
49 9.333440e-01 9.980000e-03 5.667600e-02
50 9.315480e-01 9.856000e-03 5.859600e-02
51 9.299760e-01 9.860000e-03 6.016400e-02
52 9.283120e-01 9.724000e-03 6.196400e-02
53 9.267160e-01 9.500000e-03 6.378400e-02
54 9.251040e-01 9.512000e-03 6.538400e-02
55 9.236960e-01 9.196000e-03 6.710800e-02
56 9.222160e-01 9.064000e-03 6.872000e-02
57 9.207920e-01 8.816000e-03 7.039200e-02
58 9.192640e-01 8.848000e-03 7.188800e-02
59 9.178400e-01 8.688000e-03 7.347200e-02
60 9.163960e-01 8.696000e-03 7.490800e-02
61 9.149240e-01 8.740000e-03 7.633600e-02
62 9.135040e-01 8.716000e-03 7.778000e-02
63 9.118640e-01 8.952000e-03 7.918400e-02
64 9.102560e-01 8.908000e-03 8.083600e-02
65 9.086040e-01 9.068000e-03 8.232800e-02
66 9.070680e-01 9.124000e-03 8.380800e-02
67 9.053840e-01 9.184000e-03 8.543200e-02
68 9.037840e-01 9.120000e-03 8.709600e-02
69 9.019920e-01 9.156000e-03 8.885200e-02
70 9.002240e-01 9.324000e-03 9.045200e-02
71 8.985440e-01 9.388000e-03 9.206800e-02
72 8.968120e-01 9.364000e-03 9.382400e-02
73 8.951480e-01 9.452000e-03 9.540000e-02
74 8.935200e-01 9.352000e-03 9.712800e-02
75 8.917240e-01 9.472000e-03 9.880400e-02
76 8.899240e-01 9.676000e-03 1.004000e-01
77 8.881520e-01 9.860000e-03 1.019880e-01
78 8.864640e-01 9.804000e-03 1.037320e-01
79 8.848480e-01 9.732000e-03 1.054200e-01
80 8.831200e-01 9.668000e-03 1.072120e-01
81 8.813120e-01 9.788000e-03 1.089000e-01
82 8.797000e-01 9.684000e-03 1.106160e-01
83 8.781600e-01 9.716000e-03 1.121240e-01
84 8.764000e-01 9.800000e-03 1.138000e-01
85 8.747160e-01 9.652000e-03 1.156320e-01
86 8.731560e-01 9.440000e-03 1.174040e-01
87 8.715760e-01 9.384000e-03 1.190400e-01
88 8.700760e-01 9.128000e-03 1.207960e-01
89 8.685920e-01 9.124000e-03 1.222840e-01
90 8.670920e-01 9.204000e-03 1.237040e-01
91 8.655360e-01 9.188000e-03 1.252760e-01
92 8.640160e-01 9.184000e-03 1.268000e-01
93 8.626200e-01 8.832000e-03 1.285480e-01
94 8.611880e-01 8.652000e-03 1.301600e-01
95 8.597640e-01 8.608000e-03 1.316280e-01
96 8.584640e-01 8.408000e-03 1.331280e-01
97 8.572160e-01 8.360000e-03 1.344240e-01
98 8.559440e-01 8.068000e-03 1.359880e-01
99 8.545840e-01 8.048000e-03 1.373680e-01
100 8.534080e-01 7.744000e-03 1.388480e-01
101 8.520920e-01 7.740000e-03 1.401680e-01
102 8.508680e-01 7.624000e-03 1.415080e-01
103 8.493600e-01 7.836000e-03 1.428040e-01
104 8.479720e-01 7.776000e-03 1.442520e-01
105 8.467320e-01 7.680000e-03 1.455880e-01
106 8.454960e-01 7.556000e-03 1.469480e-01
107 8.443080e-01 7.432000e-03 1.482600e-01
108 8.429560e-01 7.488000e-03 1.495560e-01
109 8.416400e-01 7.532000e-03 1.508280e-01
110 8.403440e-01 7.532000e-03 1.521240e-01
111 8.391000e-01 7.408000e-03 1.534920e-01
112 8.379800e-01 7.236000e-03 1.547840e-01
113 8.368320e-01 7.164000e-03 1.560040e-01
114 8.356960e-01 7.112000e-03 1.571920e-01
115 8.346160e-01 6.840000e-03 1.585440e-01
116 8.334720e-01 6.888000e-03 1.596400e-01
117 8.322320e-01 6.872000e-03 1.608960e-01
118 8.309800e-01 6.872000e-03 1.621480e-01
119 8.298120e-01 6.872000e-03 1.633160e-01
120 8.286600e-01 6.944000e-03 1.643960e-01
121 8.273880e-01 6.984000e-03 1.656280e-01
122 8.260360e-01 7.040000e-03 1.669240e-01
123 8.245920e-01 7.232000e-03 1.681760e-01
124 8.232560e-01 7.324000e-03 1.694200e-01
125 8.220120e-01 7.332000e-03 1.706560e-01
126 8.208200e-01 7.172000e-03 1.720080e-01
127 8.195160e-01 7.212000e-03 1.732720e-01
128 8.183280e-01 7.016000e-03 1.746560e-01
129 8.171560e-01 6.912000e-03 1.759320e-01
130 8.159880e-01 6.812000e-03 1.772000e-01
131 8.148240e-01 6.760000e-03 1.784160e-01
132 8.136080e-01 6.808000e-03 1.795840e-01
133 8.123920e-01 6.792000e-03 1.808160e-01
134 8.111640e-01 6.876000e-03 1.819600e-01
135 8.099840e-01 6.788000e-03 1.832280e-01
136 8.088000e-01 6.780000e-03 1.844200e-01
137 8.076000e-01 6.824000e-03 1.855760e-01
138 8.064000e-01 6.828000e-03 1.867720e-01
139 8.053720e-01 6.648000e-03 1.879800e-01
140 8.042560e-01 6.632000e-03 1.891120e-01
141 8.030800e-01 6.688000e-03 1.902320e-01
142 8.019360e-01 6.616000e-03 1.914480e-01
143 8.009000e-01 6.576000e-03 1.925240e-01
144 7.998800e-01 6.484000e-03 1.936360e-01
145 7.988080e-01 6.320000e-03 1.948720e-01
146 7.977800e-01 6.296000e-03 1.959240e-01
147 7.967880e-01 6.244000e-03 1.969680e-01
148 7.957400e-01 6.184000e-03 1.980760e-01
149 7.946840e-01 6.132000e-03 1.991840e-01
150 7.938240e-01 6.020000e-03 2.001560e-01
151 7.929480e-01 5.784000e-03 2.012680e-01
152 7.921040e-01 5.656000e-03 2.022400e-01
153 7.911880e-01 5.652000e-03 2.031600e-01
154 7.904240e-01 5.488000e-03 2.040880e-01
155 7.895120e-01 5.488000e-03 2.050000e-01
156 7.885960e-01 5.368000e-03 2.060360e-01
157 7.877480e-01 5.304000e-03 2.069480e-01
158 7.869360e-01 5.248000e-03 2.078160e-01
159 7.861040e-01 5.140000e-03 2.087560e-01
160 7.852680e-01 5.036000e-03 2.096960e-01
161 7.842800e-01 5.220000e-03 2.105000e-01
162 7.833400e-01 5.236000e-03 2.114240e-01
163 7.826560e-01 5.060000e-03 2.122840e-01
164 7.818600e-01 4.976000e-03 2.131640e-01
165 7.810080e-01 4.896000e-03 2.140960e-01
166 7.802480e-01 4.828000e-03 2.149240e-01
167 7.794680e-01 4.716000e-03 2.158160e-01
168 7.787160e-01 4.624000e-03 2.166600e-01
169 7.780440e-01 4.584000e-03 2.173720e-01
170 7.772360e-01 4.600000e-03 2.181640e-01
171 7.764760e-01 4.556000e-03 2.189680e-01
172 7.757480e-01 4.440000e-03 2.198120e-01
173 7.749840e-01 4.496000e-03 2.205200e-01
174 7.742600e-01 4.528000e-03 2.212120e-01
175 7.734720e-01 4.508000e-03 2.220200e-01
176 7.727960e-01 4.444000e-03 2.227600e-01
177 7.721240e-01 4.280000e-03 2.235960e-01
178 7.714560e-01 4.256000e-03 2.242880e-01
179 7.708120e-01 4.168000e-03 2.250200e-01
180 7.702400e-01 3.996000e-03 2.257640e-01
181 7.697000e-01 3.872000e-03 2.264280e-01
182 7.692360e-01 3.600000e-03 2.271640e-01
183 7.686640e-01 3.496000e-03 2.278400e-01
184 7.679880e-01 3.560000e-03 2.284520e-01
185 7.673480e-01 3.552000e-03 2.291000e-01
186 7.667280e-01 3.612000e-03 2.296600e-01
187 7.661040e-01 3.592000e-03 2.303040e-01
188 7.654000e-01 3.688000e-03 2.309120e-01
189 7.647960e-01 3.632000e-03 2.315720e-01
190 7.641960e-01 3.600000e-03 2.322040e-01
191 7.635880e-01 3.524000e-03 2.328880e-01
192 7.630000e-01 3.588000e-03 2.334120e-01
193 7.624400e-01 3.512000e-03 2.340480e-01
194 7.619480e-01 3.456000e-03 2.345960e-01
195 7.614760e-01 3.380000e-03 2.351440e-01
196 7.608000e-01 3.436000e-03 2.357640e-01
197 7.602400e-01 3.376000e-03 2.363840e-01
198 7.595960e-01 3.448000e-03 2.369560e-01
199 7.590480e-01 3.424000e-03 2.375280e-01
200 7.584920e-01 3.384000e-03 2.381240e-01
201 7.579160e-01 3.320000e-03 2.387640e-01
202 7.572640e-01 3.412000e-03 2.393240e-01
203 7.566960e-01 3.376000e-03 2.399280e-01
204 7.560560e-01 3.348000e-03 2.405960e-01
205 7.554080e-01 3.388000e-03 2.412040e-01
206 7.548440e-01 3.400000e-03 2.417560e-01
207 7.542600e-01 3.388000e-03 2.423520e-01
208 7.537600e-01 3.328000e-03 2.429120e-01
209 7.532360e-01 3.292000e-03 2.434720e-01
210 7.526240e-01 3.376000e-03 2.440000e-01
211 7.520800e-01 3.296000e-03 2.446240e-01
212 7.515280e-01 3.228000e-03 2.452440e-01
213 7.509720e-01 3.200000e-03 2.458280e-01
214 7.504240e-01 3.228000e-03 2.463480e-01
215 7.497880e-01 3.288000e-03 2.469240e-01
216 7.492520e-01 3.220000e-03 2.475280e-01
217 7.486720e-01 3.232000e-03 2.480960e-01
218 7.481200e-01 3.244000e-03 2.486360e-01
219 7.475520e-01 3.288000e-03 2.491600e-01
220 7.470360e-01 3.248000e-03 2.497160e-01
221 7.465240e-01 3.212000e-03 2.502640e-01
222 7.460240e-01 3.108000e-03 2.508680e-01
223 7.456520e-01 3.016000e-03 2.513320e-01
224 7.451680e-01 2.992000e-03 2.518400e-01
225 7.446720e-01 3.016000e-03 2.523120e-01
226 7.441040e-01 3.004000e-03 2.528920e-01
227 7.436160e-01 2.924000e-03 2.534600e-01
228 7.432080e-01 2.852000e-03 2.539400e-01
229 7.427400e-01 2.836000e-03 2.544240e-01
230 7.422000e-01 2.780000e-03 2.550200e-01
231 7.417520e-01 2.736000e-03 2.555120e-01
232 7.412440e-01 2.832000e-03 2.559240e-01
233 7.406760e-01 2.864000e-03 2.564600e-01
234 7.402960e-01 2.780000e-03 2.569240e-01
235 7.399320e-01 2.660000e-03 2.574080e-01
236 7.395160e-01 2.664000e-03 2.578200e-01
237 7.391040e-01 2.564000e-03 2.583320e-01
238 7.386320e-01 2.612000e-03 2.587560e-01
239 7.381400e-01 2.624000e-03 2.592360e-01
240 7.377200e-01 2.600000e-03 2.596800e-01
241 7.372480e-01 2.592000e-03 2.601600e-01
242 7.368400e-01 2.544000e-03 2.606160e-01
243 7.364480e-01 2.468000e-03 2.610840e-01
244 7.360320e-01 2.492000e-03 2.614760e-01
245 7.356240e-01 2.492000e-03 2.618840e-01
246 7.352480e-01 2.392000e-03 2.623600e-01
247 7.348560e-01 2.380000e-03 2.627640e-01
248 7.344320e-01 2.396000e-03 2.631720e-01
249 7.340640e-01 2.320000e-03 2.636160e-01
250 7.335840e-01 2.408000e-03 2.640080e-01
251 7.332560e-01 2.292000e-03 2.644520e-01
252 7.328040e-01 2.316000e-03 2.648800e-01
253 7.323840e-01 2.332000e-03 2.652840e-01
254 7.319720e-01 2.320000e-03 2.657080e-01
255 7.316680e-01 2.184000e-03 2.661480e-01
256 7.312880e-01 2.108000e-03 2.666040e-01
257 7.308760e-01 2.152000e-03 2.669720e-01
258 7.305440e-01 2.144000e-03 2.673120e-01
259 7.301960e-01 2.072000e-03 2.677320e-01
260 7.298000e-01 2.036000e-03 2.681640e-01
261 7.294440e-01 2.028000e-03 2.685280e-01
262 7.290760e-01 2.076000e-03 2.688480e-01
263 7.287000e-01 2.092000e-03 2.692080e-01
264 7.284400e-01 1.980000e-03 2.695800e-01
265 7.281000e-01 1.980000e-03 2.699200e-01
266 7.277240e-01 2.000000e-03 2.702760e-01
267 7.274640e-01 1.900000e-03 2.706360e-01
268 7.271600e-01 1.892000e-03 2.709480e-01
269 7.268120e-01 1.860000e-03 2.713280e-01
270 7.265080e-01 1.856000e-03 2.716360e-01
271 7.261520e-01 1.896000e-03 2.719520e-01
272 7.258960e-01 1.848000e-03 2.722560e-01
273 7.255200e-01 1.860000e-03 2.726200e-01
274 7.252520e-01 1.756000e-03 2.729920e-01
275 7.249520e-01 1.736000e-03 2.733120e-01
276 7.246400e-01 1.716000e-03 2.736440e-01
277 7.243600e-01 1.692000e-03 2.739480e-01
278 7.240200e-01 1.744000e-03 2.742360e-01
279 7.236240e-01 1.808000e-03 2.745680e-01
280 7.233440e-01 1.744000e-03 2.749120e-01
281 7.230840e-01 1.652000e-03 2.752640e-01
282 7.228280e-01 1.576000e-03 2.755960e-01
283 7.225800e-01 1.596000e-03 2.758240e-01
284 7.223440e-01 1.516000e-03 2.761400e-01
285 7.220840e-01 1.516000e-03 2.764000e-01
286 7.218240e-01 1.564000e-03 2.766120e-01
287 7.215480e-01 1.580000e-03 2.768720e-01
288 7.212520e-01 1.600000e-03 2.771480e-01
289 7.209640e-01 1.640000e-03 2.773960e-01
290 7.207200e-01 1.608000e-03 2.776720e-01
291 7.205640e-01 1.464000e-03 2.779720e-01
292 7.202920e-01 1.460000e-03 2.782480e-01
293 7.200520e-01 1.444000e-03 2.785040e-01
294 7.198400e-01 1.392000e-03 2.787680e-01
295 7.196120e-01 1.384000e-03 2.790040e-01
296 7.194200e-01 1.304000e-03 2.792760e-01
297 7.192160e-01 1.284000e-03 2.795000e-01
298 7.189800e-01 1.296000e-03 2.797240e-01
299 7.187000e-01 1.368000e-03 2.799320e-01
300 7.184680e-01 1.352000e-03 2.801800e-01
301 7.181440e-01 1.448000e-03 2.804080e-01
302 7.178840e-01 1.452000e-03 2.806640e-01
303 7.175920e-01 1.428000e-03 2.809800e-01
304 7.172680e-01 1.488000e-03 2.812440e-01
305 7.170040e-01 1.496000e-03 2.815000e-01
306 7.166600e-01 1.548000e-03 2.817920e-01
307 7.163480e-01 1.588000e-03 2.820640e-01
308 7.161080e-01 1.588000e-03 2.823040e-01
309 7.158320e-01 1.624000e-03 2.825440e-01
310 7.155440e-01 1.668000e-03 2.827880e-01
311 7.153200e-01 1.572000e-03 2.831080e-01
312 7.150720e-01 1.572000e-03 2.833560e-01
313 7.148800e-01 1.472000e-03 2.836480e-01
314 7.146520e-01 1.428000e-03 2.839200e-01
315 7.143600e-01 1.468000e-03 2.841720e-01
316 7.140640e-01 1.500000e-03 2.844360e-01
317 7.138400e-01 1.448000e-03 2.847120e-01
318 7.135680e-01 1.496000e-03 2.849360e-01
319 7.133160e-01 1.480000e-03 2.852040e-01
320 7.130960e-01 1.416000e-03 2.854880e-01
321 7.128600e-01 1.428000e-03 2.857120e-01
322 7.126000e-01 1.404000e-03 2.859960e-01
323 7.123640e-01 1.380000e-03 2.862560e-01
324 7.120760e-01 1.416000e-03 2.865080e-01
325 7.118280e-01 1.412000e-03 2.867600e-01
326 7.115560e-01 1.480000e-03 2.869640e-01
327 7.112360e-01 1.544000e-03 2.872200e-01
328 7.108760e-01 1.628000e-03 2.874960e-01
329 7.105800e-01 1.644000e-03 2.877760e-01
330 7.103200e-01 1.592000e-03 2.880880e-01
331 7.100920e-01 1.580000e-03 2.883280e-01
332 7.097520e-01 1.628000e-03 2.886200e-01
333 7.094440e-01 1.656000e-03 2.889000e-01
334 7.091520e-01 1.720000e-03 2.891280e-01
335 7.089120e-01 1.676000e-03 2.894120e-01
336 7.086360e-01 1.616000e-03 2.897480e-01
337 7.083160e-01 1.664000e-03 2.900200e-01
338 7.080400e-01 1.656000e-03 2.903040e-01
339 7.077360e-01 1.668000e-03 2.905960e-01
340 7.074720e-01 1.660000e-03 2.908680e-01
341 7.071040e-01 1.784000e-03 2.911120e-01
342 7.068520e-01 1.716000e-03 2.914320e-01
343 7.065040e-01 1.792000e-03 2.917040e-01
344 7.061880e-01 1.780000e-03 2.920320e-01
345 7.058800e-01 1.776000e-03 2.923440e-01
346 7.055960e-01 1.752000e-03 2.926520e-01
347 7.052800e-01 1.748000e-03 2.929720e-01
348 7.049920e-01 1.728000e-03 2.932800e-01
349 7.047480e-01 1.668000e-03 2.935840e-01
350 7.044880e-01 1.600000e-03 2.939120e-01
351 7.042720e-01 1.492000e-03 2.942360e-01
352 7.040920e-01 1.396000e-03 2.945120e-01
353 7.039000e-01 1.360000e-03 2.947400e-01
354 7.037160e-01 1.280000e-03 2.950040e-01
355 7.034560e-01 1.332000e-03 2.952120e-01
356 7.032000e-01 1.352000e-03 2.954480e-01
357 7.029320e-01 1.388000e-03 2.956800e-01
358 7.026920e-01 1.384000e-03 2.959240e-01
359 7.025120e-01 1.320000e-03 2.961680e-01
360 7.022600e-01 1.368000e-03 2.963720e-01
361 7.020680e-01 1.336000e-03 2.965960e-01
362 7.018640e-01 1.300000e-03 2.968360e-01
363 7.016560e-01 1.308000e-03 2.970360e-01
364 7.014360e-01 1.292000e-03 2.972720e-01
365 7.011640e-01 1.324000e-03 2.975120e-01
366 7.008560e-01 1.360000e-03 2.977840e-01
367 7.005840e-01 1.348000e-03 2.980680e-01
368 7.003400e-01 1.372000e-03 2.982880e-01
369 7.000760e-01 1.416000e-03 2.985080e-01
370 6.998000e-01 1.436000e-03 2.987640e-01
371 6.995760e-01 1.388000e-03 2.990360e-01
372 6.992960e-01 1.448000e-03 2.992560e-01
373 6.990440e-01 1.416000e-03 2.995400e-01
374 6.988760e-01 1.320000e-03 2.998040e-01
375 6.986120e-01 1.340000e-03 3.000480e-01
376 6.984120e-01 1.324000e-03 3.002640e-01
377 6.982560e-01 1.268000e-03 3.004760e-01
378 6.980800e-01 1.224000e-03 3.006960e-01
379 6.978440e-01 1.268000e-03 3.008880e-01
380 6.976360e-01 1.300000e-03 3.010640e-01
381 6.974400e-01 1.284000e-03 3.012760e-01
382 6.972600e-01 1.224000e-03 3.015160e-01
383 6.970600e-01 1.232000e-03 3.017080e-01
384 6.968800e-01 1.188000e-03 3.019320e-01
385 6.967320e-01 1.148000e-03 3.021200e-01
386 6.965600e-01 1.132000e-03 3.023080e-01
387 6.963920e-01 1.108000e-03 3.025000e-01
388 6.962600e-01 1.068000e-03 3.026720e-01
389 6.960920e-01 1.036000e-03 3.028720e-01
390 6.958520e-01 1.076000e-03 3.030720e-01
391 6.956600e-01 1.088000e-03 3.032520e-01
392 6.954440e-01 1.116000e-03 3.034400e-01
393 6.951360e-01 1.240000e-03 3.036240e-01
394 6.949320e-01 1.240000e-03 3.038280e-01
395 6.947400e-01 1.236000e-03 3.040240e-01
396 6.945600e-01 1.212000e-03 3.042280e-01
397 6.943800e-01 1.204000e-03 3.044160e-01
398 6.942280e-01 1.164000e-03 3.046080e-01
399 6.941200e-01 1.064000e-03 3.048160e-01
400 6.940080e-01 9.840000e-04 3.050080e-01
401 6.938880e-01 9.600000e-04 3.051520e-01
402 6.937920e-01 8.640000e-04 3.053440e-01
403 6.937080e-01 8.080000e-04 3.054840e-01
404 6.935840e-01 7.640000e-04 3.056520e-01
405 6.934040e-01 8.120000e-04 3.057840e-01
406 6.932880e-01 7.920000e-04 3.059200e-01
407 6.931920e-01 7.080000e-04 3.061000e-01
408 6.930840e-01 7.200000e-04 3.061960e-01
409 6.929640e-01 7.000000e-04 3.063360e-01
410 6.928360e-01 7.480000e-04 3.064160e-01
411 6.927200e-01 7.200000e-04 3.065600e-01
412 6.926480e-01 6.720000e-04 3.066800e-01
413 6.925520e-01 6.320000e-04 3.068160e-01
414 6.924280e-01 6.560000e-04 3.069160e-01
415 6.922880e-01 6.880000e-04 3.070240e-01
416 6.921760e-01 6.760000e-04 3.071480e-01
417 6.920880e-01 6.360000e-04 3.072760e-01
418 6.919640e-01 6.560000e-04 3.073800e-01
419 6.918840e-01 6.280000e-04 3.074880e-01
420 6.918120e-01 5.960000e-04 3.075920e-01
421 6.917480e-01 5.520000e-04 3.077000e-01
422 6.917040e-01 5.000000e-04 3.077960e-01
423 6.916200e-01 5.080000e-04 3.078720e-01
424 6.915080e-01 5.040000e-04 3.079880e-01
425 6.914000e-01 5.240000e-04 3.080760e-01
426 6.912920e-01 5.320000e-04 3.081760e-01
427 6.912440e-01 5.040000e-04 3.082520e-01
428 6.911640e-01 5.040000e-04 3.083320e-01
429 6.910800e-01 4.720000e-04 3.084480e-01
430 6.910240e-01 4.600000e-04 3.085160e-01
431 6.909120e-01 4.880000e-04 3.086000e-01
432 6.907800e-01 5.360000e-04 3.086840e-01
433 6.906120e-01 6.080000e-04 3.087800e-01
434 6.905400e-01 5.320000e-04 3.089280e-01
435 6.904560e-01 5.320000e-04 3.090120e-01
436 6.903680e-01 5.200000e-04 3.091120e-01
437 6.902240e-01 5.600000e-04 3.092160e-01
438 6.901280e-01 5.600000e-04 3.093120e-01
439 6.900360e-01 5.600000e-04 3.094040e-01
440 6.899040e-01 5.920000e-04 3.095040e-01
441 6.897600e-01 6.440000e-04 3.095960e-01
442 6.896560e-01 6.400000e-04 3.097040e-01
443 6.895680e-01 6.200000e-04 3.098120e-01
444 6.894440e-01 6.240000e-04 3.099320e-01
445 6.893280e-01 6.240000e-04 3.100480e-01
446 6.892520e-01 6.080000e-04 3.101400e-01
447 6.891520e-01 6.120000e-04 3.102360e-01
448 6.890880e-01 5.800000e-04 3.103320e-01
449 6.890160e-01 5.640000e-04 3.104200e-01
450 6.889400e-01 5.600000e-04 3.105000e-01
451 6.889120e-01 4.880000e-04 3.106000e-01
452 6.888560e-01 4.720000e-04 3.106720e-01
453 6.888000e-01 4.200000e-04 3.107800e-01
454 6.887640e-01 4.040000e-04 3.108320e-01
455 6.887040e-01 4.040000e-04 3.108920e-01
456 6.886280e-01 4.000000e-04 3.109720e-01
457 6.885240e-01 4.320000e-04 3.110440e-01
458 6.884480e-01 4.360000e-04 3.111160e-01
459 6.883680e-01 4.560000e-04 3.111760e-01
460 6.882960e-01 4.360000e-04 3.112680e-01
461 6.882400e-01 4.200000e-04 3.113400e-01
462 6.881640e-01 4.080000e-04 3.114280e-01
463 6.881120e-01 4.000000e-04 3.114880e-01
464 6.880680e-01 3.680000e-04 3.115640e-01
465 6.880200e-01 3.440000e-04 3.116360e-01
466 6.879600e-01 3.440000e-04 3.116960e-01
467 6.879200e-01 3.280000e-04 3.117520e-01
468 6.878640e-01 3.600000e-04 3.117760e-01
469 6.878080e-01 3.520000e-04 3.118400e-01
470 6.877560e-01 3.440000e-04 3.119000e-01
471 6.877080e-01 3.320000e-04 3.119600e-01
472 6.876680e-01 3.000000e-04 3.120320e-01
473 6.875800e-01 3.240000e-04 3.120960e-01
474 6.875200e-01 3.040000e-04 3.121760e-01
475 6.874160e-01 3.840000e-04 3.122000e-01
476 6.873200e-01 4.480000e-04 3.122320e-01
477 6.872280e-01 4.720000e-04 3.123000e-01
478 6.871640e-01 4.440000e-04 3.123920e-01
479 6.870760e-01 4.760000e-04 3.124480e-01
480 6.869800e-01 5.200000e-04 3.125000e-01
481 6.868760e-01 5.240000e-04 3.126000e-01
482 6.868040e-01 4.960000e-04 3.127000e-01
483 6.867120e-01 5.000000e-04 3.127880e-01
484 6.866200e-01 5.120000e-04 3.128680e-01
485 6.865520e-01 4.800000e-04 3.129680e-01
486 6.864640e-01 4.840000e-04 3.130520e-01
487 6.864120e-01 4.760000e-04 3.131120e-01
488 6.863040e-01 5.240000e-04 3.131720e-01
489 6.862560e-01 4.800000e-04 3.132640e-01
490 6.861960e-01 4.600000e-04 3.133440e-01
491 6.861400e-01 4.640000e-04 3.133960e-01
492 6.860680e-01 4.640000e-04 3.134680e-01
493 6.860200e-01 4.560000e-04 3.135240e-01
494 6.859640e-01 4.200000e-04 3.136160e-01
495 6.859040e-01 4.000000e-04 3.136960e-01
496 6.858360e-01 4.040000e-04 3.137600e-01
497 6.857800e-01 3.960000e-04 3.138240e-01
498 6.857120e-01 4.000000e-04 3.138880e-01
499 6.856560e-01 3.800000e-04 3.139640e-01
500 6.855960e-01 3.640000e-04 3.140400e-01
