1 9.991920e-01 6.960000e-04 1.120000e-04
2 9.986120e-01 1.132000e-03 2.560000e-04
3 9.979920e-01 1.496000e-03 5.120000e-04
4 9.971520e-01 2.012000e-03 8.360000e-04
5 9.964440e-01 2.304000e-03 1.252000e-03
6 9.956160e-01 2.640000e-03 1.744000e-03
7 9.947200e-01 3.040000e-03 2.240000e-03
8 9.938200e-01 3.368000e-03 2.812000e-03
9 9.929040e-01 3.600000e-03 3.496000e-03
10 9.920080e-01 3.900000e-03 4.092000e-03
11 9.908640e-01 4.320000e-03 4.816000e-03
12 9.897440e-01 4.652000e-03 5.604000e-03
13 9.886920e-01 4.896000e-03 6.412000e-03
14 9.875880e-01 5.212000e-03 7.200000e-03
15 9.863480e-01 5.452000e-03 8.200000e-03
16 9.851600e-01 5.760000e-03 9.080000e-03
17 9.839600e-01 5.908000e-03 1.013200e-02
18 9.826480e-01 6.068000e-03 1.128400e-02
19 9.812480e-01 6.356000e-03 1.239600e-02
20 9.798800e-01 6.624000e-03 1.349600e-02
21 9.785320e-01 6.748000e-03 1.472000e-02
22 9.770800e-01 7.016000e-03 1.590400e-02
23 9.756320e-01 7.252000e-03 1.711600e-02
24 9.740480e-01 7.484000e-03 1.846800e-02
25 9.725120e-01 7.684000e-03 1.980400e-02
26 9.709960e-01 7.776000e-03 2.122800e-02
27 9.693840e-01 8.036000e-03 2.258000e-02
28 9.677280e-01 8.128000e-03 2.414400e-02
29 9.661960e-01 8.256000e-03 2.554800e-02
30 9.646960e-01 8.296000e-03 2.700800e-02
31 9.631080e-01 8.516000e-03 2.837600e-02
32 9.613040e-01 8.812000e-03 2.988400e-02
33 9.595840e-01 9.068000e-03 3.134800e-02
34 9.579040e-01 9.148000e-03 3.294800e-02
35 9.562680e-01 9.384000e-03 3.434800e-02
36 9.545920e-01 9.520000e-03 3.588800e-02
37 9.527920e-01 9.640000e-03 3.756800e-02
38 9.510240e-01 9.784000e-03 3.919200e-02
39 9.494760e-01 9.536000e-03 4.098800e-02
40 9.477240e-01 9.568000e-03 4.270800e-02
41 9.461280e-01 9.424000e-03 4.444800e-02
42 9.444280e-01 9.516000e-03 4.605600e-02
43 9.428240e-01 9.400000e-03 4.777600e-02
44 9.409800e-01 9.576000e-03 4.944400e-02
45 9.393600e-01 9.540000e-03 5.110000e-02
46 9.377200e-01 9.548000e-03 5.273200e-02
47 9.361880e-01 9.456000e-03 5.435600e-02
48 9.346720e-01 9.324000e-03 5.600400e-02
49 9.330880e-01 9.240000e-03 5.767200e-02
50 9.316480e-01 9.044000e-03 5.930800e-02
51 9.301400e-01 8.988000e-03 6.087200e-02
52 9.285920e-01 8.976000e-03 6.243200e-02
53 9.270920e-01 8.884000e-03 6.402400e-02
54 9.256440e-01 8.772000e-03 6.558400e-02
55 9.242760e-01 8.496000e-03 6.722800e-02
56 9.228040e-01 8.552000e-03 6.864400e-02
57 9.213240e-01 8.388000e-03 7.028800e-02
58 9.197360e-01 8.492000e-03 7.177200e-02
59 9.182360e-01 8.512000e-03 7.325200e-02
60 9.167840e-01 8.440000e-03 7.477600e-02
61 9.154800e-01 8.388000e-03 7.613200e-02
62 9.140000e-01 8.420000e-03 7.758000e-02
63 9.127520e-01 8.128000e-03 7.912000e-02
64 9.114800e-01 7.948000e-03 8.057200e-02
65 9.101400e-01 7.784000e-03 8.207600e-02
66 9.086240e-01 7.868000e-03 8.350800e-02
67 9.074920e-01 7.592000e-03 8.491600e-02
68 9.061600e-01 7.620000e-03 8.622000e-02
69 9.048040e-01 7.572000e-03 8.762400e-02
70 9.035280e-01 7.488000e-03 8.898400e-02
71 9.024040e-01 7.244000e-03 9.035200e-02
72 9.012040e-01 7.196000e-03 9.160000e-02
73 8.999320e-01 7.188000e-03 9.288000e-02
74 8.987160e-01 7.144000e-03 9.414000e-02
75 8.972680e-01 7.392000e-03 9.534000e-02
76 8.958800e-01 7.504000e-03 9.661600e-02
77 8.945720e-01 7.368000e-03 9.806000e-02
78 8.932960e-01 7.396000e-03 9.930800e-02
79 8.920800e-01 7.320000e-03 1.006000e-01
80 8.907720e-01 7.264000e-03 1.019640e-01
81 8.895360e-01 7.240000e-03 1.032240e-01
82 8.882520e-01 7.256000e-03 1.044920e-01
83 8.869840e-01 7.280000e-03 1.057360e-01
84 8.858080e-01 7.084000e-03 1.071080e-01
85 8.846440e-01 6.852000e-03 1.085040e-01
86 8.834760e-01 6.716000e-03 1.098080e-01
87 8.823400e-01 6.636000e-03 1.110240e-01
88 8.812360e-01 6.668000e-03 1.120960e-01
89 8.800880e-01 6.660000e-03 1.132520e-01
90 8.790200e-01 6.608000e-03 1.143720e-01
91 8.779240e-01 6.552000e-03 1.155240e-01
92 8.768720e-01 6.320000e-03 1.168080e-01
93 8.758040e-01 6.316000e-03 1.178800e-01
94 8.748240e-01 6.208000e-03 1.189680e-01
95 8.737040e-01 6.256000e-03 1.200400e-01
96 8.724600e-01 6.440000e-03 1.211000e-01
97 8.714920e-01 6.348000e-03 1.221600e-01
98 8.702840e-01 6.504000e-03 1.232120e-01
99 8.692680e-01 6.416000e-03 1.243160e-01
100 8.682760e-01 6.348000e-03 1.253760e-01
101 8.671920e-01 6.280000e-03 1.265280e-01
102 8.661280e-01 6.212000e-03 1.276600e-01
103 8.650760e-01 6.100000e-03 1.288240e-01
104 8.640840e-01 5.980000e-03 1.299360e-01
105 8.631160e-01 5.896000e-03 1.309880e-01
106 8.622280e-01 5.832000e-03 1.319400e-01
107 8.613320e-01 5.732000e-03 1.329360e-01
108 8.602640e-01 5.832000e-03 1.339040e-01
109 8.592800e-01 5.820000e-03 1.349000e-01
110 8.582560e-01 5.848000e-03 1.358960e-01
111 8.571560e-01 5.896000e-03 1.369480e-01
112 8.561840e-01 5.936000e-03 1.378800e-01
113 8.551920e-01 5.968000e-03 1.388400e-01
114 8.540800e-01 5.952000e-03 1.399680e-01
115 8.530680e-01 5.912000e-03 1.410200e-01
116 8.520600e-01 5.824000e-03 1.421160e-01
117 8.510200e-01 5.772000e-03 1.432080e-01
118 8.499280e-01 5.848000e-03 1.442240e-01
119 8.489200e-01 5.852000e-03 1.452280e-01
120 8.478560e-01 5.940000e-03 1.462040e-01
121 8.467920e-01 5.980000e-03 1.472280e-01
122 8.457200e-01 6.156000e-03 1.481240e-01
123 8.445800e-01 6.224000e-03 1.491960e-01
124 8.432600e-01 6.480000e-03 1.502600e-01
125 8.419320e-01 6.504000e-03 1.515640e-01
126 8.407200e-01 6.544000e-03 1.527360e-01
127 8.395280e-01 6.660000e-03 1.538120e-01
128 8.383640e-01 6.568000e-03 1.550680e-01
129 8.373000e-01 6.540000e-03 1.561600e-01
130 8.362440e-01 6.384000e-03 1.573720e-01
131 8.352120e-01 6.240000e-03 1.585480e-01
132 8.341000e-01 6.316000e-03 1.595840e-01
133 8.330600e-01 6.276000e-03 1.606640e-01
134 8.320840e-01 6.112000e-03 1.618040e-01
135 8.311520e-01 5.940000e-03 1.629080e-01
136 8.301800e-01 5.860000e-03 1.639600e-01
137 8.291360e-01 5.780000e-03 1.650840e-01
138 8.280520e-01 5.952000e-03 1.659960e-01
139 8.270960e-01 5.852000e-03 1.670520e-01
140 8.259480e-01 6.020000e-03 1.680320e-01
141 8.248640e-01 6.056000e-03 1.690800e-01
142 8.237720e-01 6.032000e-03 1.701960e-01
143 8.227080e-01 5.992000e-03 1.713000e-01
144 8.217640e-01 5.928000e-03 1.723080e-01
145 8.208320e-01 5.896000e-03 1.732720e-01
146 8.199120e-01 5.752000e-03 1.743360e-01
147 8.189560e-01 5.740000e-03 1.753040e-01
148 8.179880e-01 5.696000e-03 1.763160e-01
149 8.170760e-01 5.656000e-03 1.772680e-01
150 8.162360e-01 5.408000e-03 1.783560e-01
151 8.152800e-01 5.472000e-03 1.792480e-01
152 8.143240e-01 5.596000e-03 1.800800e-01
153 8.133240e-01 5.552000e-03 1.811240e-01
154 8.124760e-01 5.536000e-03 1.819880e-01
155 8.115600e-01 5.480000e-03 1.829600e-01
156 8.106600e-01 5.344000e-03 1.839960e-01
157 8.098240e-01 5.264000e-03 1.849120e-01
158 8.088160e-01 5.272000e-03 1.859120e-01
159 8.079920e-01 5.192000e-03 1.868160e-01
160 8.071400e-01 5.116000e-03 1.877440e-01
161 8.062840e-01 5.080000e-03 1.886360e-01
162 8.053680e-01 5.044000e-03 1.895880e-01
163 8.045360e-01 4.932000e-03 1.905320e-01
164 8.037520e-01 4.864000e-03 1.913840e-01
165 8.029440e-01 4.904000e-03 1.921520e-01
166 8.020640e-01 4.944000e-03 1.929920e-01
167 8.012720e-01 4.916000e-03 1.938120e-01
168 8.003720e-01 4.876000e-03 1.947520e-01
169 7.994760e-01 4.824000e-03 1.957000e-01
170 7.985760e-01 4.888000e-03 1.965360e-01
171 7.977760e-01 4.804000e-03 1.974200e-01
172 7.968600e-01 4.892000e-03 1.982480e-01
173 7.959560e-01 4.972000e-03 1.990720e-01
174 7.950800e-01 4.892000e-03 2.000280e-01
175 7.942640e-01 4.832000e-03 2.009040e-01
176 7.935680e-01 4.708000e-03 2.017240e-01
177 7.927480e-01 4.676000e-03 2.025760e-01
178 7.919880e-01 4.608000e-03 2.034040e-01
179 7.911680e-01 4.680000e-03 2.041520e-01
180 7.903120e-01 4.748000e-03 2.049400e-01
181 7.895000e-01 4.736000e-03 2.057640e-01
182 7.887880e-01 4.644000e-03 2.065680e-01
183 7.880520e-01 4.592000e-03 2.073560e-01
184 7.872480e-01 4.576000e-03 2.081760e-01
185 7.864560e-01 4.612000e-03 2.089320e-01
186 7.855560e-01 4.740000e-03 2.097040e-01
187 7.847240e-01 4.784000e-03 2.104920e-01
188 7.838400e-01 4.788000e-03 2.113720e-01
189 7.829440e-01 4.808000e-03 2.122480e-01
190 7.821000e-01 4.788000e-03 2.131120e-01
191 7.811720e-01 4.884000e-03 2.139440e-01
192 7.803640e-01 4.944000e-03 2.146920e-01
193 7.795520e-01 4.844000e-03 2.156040e-01
194 7.786920e-01 4.876000e-03 2.164320e-01
195 7.779480e-01 4.804000e-03 2.172480e-01
196 7.771320e-01 4.816000e-03 2.180520e-01
197 7.763240e-01 4.780000e-03 2.188960e-01
198 7.754560e-01 4.884000e-03 2.196600e-01
199 7.746680e-01 4.800000e-03 2.205320e-01
200 7.740200e-01 4.600000e-03 2.213800e-01
201 7.733680e-01 4.452000e-03 2.221800e-01
202 7.725960e-01 4.472000e-03 2.229320e-01
203 7.717800e-01 4.536000e-03 2.236840e-01
204 7.709280e-01 4.684000e-03 2.243880e-01
205 7.700480e-01 4.780000e-03 2.251720e-01
206 7.692440e-01 4.720000e-03 2.260360e-01
207 7.683520e-01 4.848000e-03 2.268000e-01
208 7.675240e-01 4.836000e-03 2.276400e-01
209 7.667080e-01 4.752000e-03 2.285400e-01
210 7.658240e-01 4.816000e-03 2.293600e-01
211 7.650000e-01 4.704000e-03 2.302960e-01
212 7.643040e-01 4.528000e-03 2.311680e-01
213 7.635320e-01 4.476000e-03 2.319920e-01
214 7.628440e-01 4.320000e-03 2.328360e-01
215 7.621000e-01 4.268000e-03 2.336320e-01
216 7.613760e-01 4.328000e-03 2.342960e-01
217 7.605880e-01 4.336000e-03 2.350760e-01
218 7.598760e-01 4.260000e-03 2.358640e-01
219 7.591160e-01 4.348000e-03 2.365360e-01
220 7.583400e-01 4.408000e-03 2.372520e-01
221 7.574320e-01 4.428000e-03 2.381400e-01
222 7.565760e-01 4.460000e-03 2.389640e-01
223 7.557520e-01 4.388000e-03 2.398600e-01
224 7.548800e-01 4.452000e-03 2.406680e-01
225 7.541320e-01 4.444000e-03 2.414240e-01
226 7.534360e-01 4.408000e-03 2.421560e-01
227 7.526640e-01 4.376000e-03 2.429600e-01
228 7.519840e-01 4.268000e-03 2.437480e-01
229 7.513680e-01 4.136000e-03 2.444960e-01
230 7.506760e-01 4.096000e-03 2.452280e-01
231 7.499200e-01 4.108000e-03 2.459720e-01
232 7.492000e-01 4.036000e-03 2.467640e-01
233 7.484240e-01 4.100000e-03 2.474760e-01
234 7.476200e-01 4.208000e-03 2.481720e-01
235 7.469760e-01 4.168000e-03 2.488560e-01
236 7.462560e-01 4.124000e-03 2.496200e-01
237 7.456520e-01 3.944000e-03 2.504040e-01
238 7.451080e-01 3.784000e-03 2.511080e-01
239 7.445320e-01 3.676000e-03 2.517920e-01
240 7.439480e-01 3.612000e-03 2.524400e-01
241 7.433440e-01 3.552000e-03 2.531040e-01
242 7.426960e-01 3.576000e-03 2.537280e-01
243 7.421640e-01 3.476000e-03 2.543600e-01
244 7.415360e-01 3.440000e-03 2.550240e-01
245 7.409800e-01 3.372000e-03 2.556480e-01
246 7.404240e-01 3.240000e-03 2.563360e-01
247 7.397880e-01 3.288000e-03 2.569240e-01
248 7.391520e-01 3.360000e-03 2.574880e-01
249 7.385040e-01 3.376000e-03 2.581200e-01
250 7.378960e-01 3.396000e-03 2.587080e-01
251 7.372640e-01 3.376000e-03 2.593600e-01
252 7.366920e-01 3.436000e-03 2.598720e-01
253 7.360200e-01 3.528000e-03 2.604520e-01
254 7.354240e-01 3.516000e-03 2.610600e-01
255 7.347680e-01 3.620000e-03 2.616120e-01
256 7.341320e-01 3.644000e-03 2.622240e-01
257 7.335280e-01 3.632000e-03 2.628400e-01
258 7.329600e-01 3.636000e-03 2.634040e-01
259 7.324160e-01 3.556000e-03 2.640280e-01
260 7.319320e-01 3.444000e-03 2.646240e-01
261 7.314280e-01 3.368000e-03 2.652040e-01
262 7.308720e-01 3.252000e-03 2.658760e-01
263 7.303280e-01 3.212000e-03 2.664600e-01
264 7.297560e-01 3.172000e-03 2.670720e-01
265 7.291960e-01 3.172000e-03 2.676320e-01
266 7.285240e-01 3.288000e-03 2.681880e-01
267 7.280040e-01 3.184000e-03 2.688120e-01
268 7.273920e-01 3.260000e-03 2.693480e-01
269 7.268720e-01 3.092000e-03 2.700360e-01
270 7.262800e-01 3.056000e-03 2.706640e-01
271 7.257160e-01 3.076000e-03 2.712080e-01
272 7.252000e-01 3.048000e-03 2.717520e-01
273 7.246320e-01 3.108000e-03 2.722600e-01
274 7.240960e-01 3.076000e-03 2.728280e-01
275 7.234920e-01 3.120000e-03 2.733880e-01
276 7.229520e-01 3.044000e-03 2.740040e-01
277 7.223120e-01 3.116000e-03 2.745720e-01
278 7.218520e-01 3.036000e-03 2.751120e-01
279 7.212680e-01 2.996000e-03 2.757360e-01
280 7.207640e-01 2.952000e-03 2.762840e-01
281 7.202440e-01 2.952000e-03 2.768040e-01
282 7.196680e-01 2.956000e-03 2.773760e-01
283 7.191240e-01 3.012000e-03 2.778640e-01
284 7.186200e-01 2.932000e-03 2.784480e-01
285 7.181360e-01 2.932000e-03 2.789320e-01
286 7.175600e-01 3.048000e-03 2.793920e-01
287 7.171000e-01 3.032000e-03 2.798680e-01
288 7.166320e-01 2.976000e-03 2.803920e-01
289 7.160880e-01 3.044000e-03 2.808680e-01
290 7.155000e-01 3.076000e-03 2.814240e-01
291 7.150280e-01 2.960000e-03 2.820120e-01
292 7.145320e-01 2.884000e-03 2.825840e-01
293 7.140400e-01 2.900000e-03 2.830600e-01
294 7.136080e-01 2.788000e-03 2.836040e-01
295 7.131360e-01 2.704000e-03 2.841600e-01
296 7.126080e-01 2.752000e-03 2.846400e-01
297 7.121080e-01 2.816000e-03 2.850760e-01
298 7.115600e-01 2.796000e-03 2.856440e-01
299 7.109920e-01 2.868000e-03 2.861400e-01
300 7.104880e-01 2.828000e-03 2.866840e-01
301 7.100000e-01 2.804000e-03 2.871960e-01
302 7.095000e-01 2.864000e-03 2.876360e-01
303 7.090400e-01 2.844000e-03 2.881160e-01
304 7.086760e-01 2.784000e-03 2.885400e-01
305 7.082400e-01 2.728000e-03 2.890320e-01
306 7.078040e-01 2.692000e-03 2.895040e-01
307 7.073560e-01 2.640000e-03 2.900040e-01
308 7.069880e-01 2.512000e-03 2.905000e-01
309 7.065240e-01 2.580000e-03 2.908960e-01
310 7.060840e-01 2.548000e-03 2.913680e-01
311 7.056960e-01 2.532000e-03 2.917720e-01
312 7.053240e-01 2.480000e-03 2.921960e-01
313 7.049440e-01 2.428000e-03 2.926280e-01
314 7.045120e-01 2.512000e-03 2.929760e-01
315 7.040840e-01 2.548000e-03 2.933680e-01
316 7.036200e-01 2.524000e-03 2.938560e-01
317 7.031600e-01 2.560000e-03 2.942800e-01
318 7.027240e-01 2.516000e-03 2.947600e-01
319 7.022600e-01 2.532000e-03 2.952080e-01
320 7.018200e-01 2.584000e-03 2.955960e-01
321 7.012720e-01 2.640000e-03 2.960880e-01
322 7.007520e-01 2.732000e-03 2.965160e-01
323 7.002120e-01 2.732000e-03 2.970560e-01
324 6.997360e-01 2.752000e-03 2.975120e-01
325 6.993120e-01 2.656000e-03 2.980320e-01
326 6.988560e-01 2.712000e-03 2.984320e-01
327 6.983400e-01 2.752000e-03 2.989080e-01
328 6.978120e-01 2.868000e-03 2.993200e-01
329 6.973560e-01 2.764000e-03 2.998800e-01
330 6.968520e-01 2.692000e-03 3.004560e-01
331 6.964600e-01 2.640000e-03 3.009000e-01
332 6.960680e-01 2.580000e-03 3.013520e-01
333 6.956440e-01 2.544000e-03 3.018120e-01
334 6.952680e-01 2.444000e-03 3.022880e-01
335 6.949200e-01 2.364000e-03 3.027160e-01
336 6.945840e-01 2.232000e-03 3.031840e-01
337 6.942320e-01 2.224000e-03 3.035440e-01
338 6.938760e-01 2.184000e-03 3.039400e-01
339 6.934920e-01 2.152000e-03 3.043560e-01
340 6.931480e-01 2.108000e-03 3.047440e-01
341 6.927400e-01 2.128000e-03 3.051320e-01
342 6.923120e-01 2.172000e-03 3.055160e-01
343 6.919080e-01 2.204000e-03 3.058880e-01
344 6.915080e-01 2.248000e-03 3.062440e-01
345 6.911080e-01 2.244000e-03 3.066480e-01
346 6.906680e-01 2.256000e-03 3.070760e-01
347 6.903480e-01 2.180000e-03 3.074720e-01
348 6.900080e-01 2.096000e-03 3.078960e-01
349 6.896360e-01 2.108000e-03 3.082560e-01
350 6.892480e-01 2.096000e-03 3.086560e-01
351 6.888440e-01 2.052000e-03 3.091040e-01
352 6.884840e-01 2.068000e-03 3.094480e-01
353 6.880880e-01 2.040000e-03 3.098720e-01
354 6.877680e-01 2.008000e-03 3.102240e-01
355 6.874520e-01 1.992000e-03 3.105560e-01
356 6.871240e-01 2.028000e-03 3.108480e-01
357 6.867120e-01 2.008000e-03 3.112800e-01
358 6.863760e-01 2.000000e-03 3.116240e-01
359 6.860480e-01 2.020000e-03 3.119320e-01
360 6.857680e-01 1.888000e-03 3.123440e-01
361 6.854480e-01 1.884000e-03 3.126680e-01
362 6.851280e-01 1.968000e-03 3.129040e-01
363 6.847000e-01 1.996000e-03 3.133040e-01
364 6.843400e-01 2.020000e-03 3.136400e-01
365 6.839280e-01 2.064000e-03 3.140080e-01
366 6.835880e-01 1.996000e-03 3.144160e-01
367 6.831680e-01 2.072000e-03 3.147600e-01
368 6.827720e-01 2.108000e-03 3.151200e-01
369 6.824080e-01 2.072000e-03 3.155200e-01
370 6.821160e-01 1.988000e-03 3.158960e-01
371 6.817640e-01 1.980000e-03 3.162560e-01
372 6.813720e-01 1.992000e-03 3.166360e-01
373 6.810280e-01 2.020000e-03 3.169520e-01
374 6.807080e-01 2.012000e-03 3.172800e-01
375 6.803360e-01 1.960000e-03 3.177040e-01
376 6.799960e-01 1.960000e-03 3.180440e-01
377 6.796320e-01 1.912000e-03 3.184560e-01
378 6.792200e-01 1.988000e-03 3.187920e-01
379 6.788400e-01 2.028000e-03 3.191320e-01
380 6.785480e-01 1.984000e-03 3.194680e-01
381 6.781880e-01 1.936000e-03 3.198760e-01
382 6.778120e-01 1.964000e-03 3.202240e-01
383 6.774560e-01 1.948000e-03 3.205960e-01
384 6.771080e-01 1.976000e-03 3.209160e-01
385 6.767320e-01 2.012000e-03 3.212560e-01
386 6.764040e-01 1.964000e-03 3.216320e-01
387 6.760480e-01 1.988000e-03 3.219640e-01
388 6.756440e-01 2.068000e-03 3.222880e-01
389 6.752840e-01 2.040000e-03 3.226760e-01
390 6.749400e-01 2.028000e-03 3.230320e-01
391 6.746320e-01 1.992000e-03 3.233760e-01
392 6.743200e-01 1.988000e-03 3.236920e-01
393 6.740400e-01 1.920000e-03 3.240400e-01
394 6.737280e-01 1.876000e-03 3.243960e-01
395 6.733960e-01 1.864000e-03 3.247400e-01
396 6.731160e-01 1.832000e-03 3.250520e-01
397 6.728960e-01 1.788000e-03 3.253160e-01
398 6.725760e-01 1.752000e-03 3.256720e-01
399 6.722480e-01 1.748000e-03 3.260040e-01
400 6.719840e-01 1.708000e-03 3.263080e-01
401 6.716880e-01 1.744000e-03 3.265680e-01
402 6.713760e-01 1.776000e-03 3.268480e-01
403 6.710760e-01 1.804000e-03 3.271200e-01
404 6.707520e-01 1.808000e-03 3.274400e-01
405 6.704160e-01 1.824000e-03 3.277600e-01
406 6.700960e-01 1.804000e-03 3.281000e-01
407 6.698120e-01 1.792000e-03 3.283960e-01
408 6.695240e-01 1.812000e-03 3.286640e-01
409 6.691920e-01 1.780000e-03 3.290280e-01
410 6.688560e-01 1.768000e-03 3.293760e-01
411 6.685680e-01 1.728000e-03 3.297040e-01
412 6.683240e-01 1.648000e-03 3.300280e-01
413 6.680440e-01 1.632000e-03 3.303240e-01
414 6.678040e-01 1.608000e-03 3.305880e-01
415 6.675680e-01 1.532000e-03 3.309000e-01
416 6.673520e-01 1.464000e-03 3.311840e-01
417 6.671320e-01 1.424000e-03 3.314440e-01
418 6.668920e-01 1.408000e-03 3.317000e-01
419 6.666480e-01 1.460000e-03 3.318920e-01
420 6.663760e-01 1.460000e-03 3.321640e-01
421 6.661880e-01 1.380000e-03 3.324320e-01
422 6.659040e-01 1.436000e-03 3.326600e-01
423 6.657000e-01 1.344000e-03 3.329560e-01
424 6.655040e-01 1.288000e-03 3.332080e-01
425 6.652800e-01 1.312000e-03 3.334080e-01
426 6.651160e-01 1.244000e-03 3.336400e-01
427 6.649400e-01 1.208000e-03 3.338520e-01
428 6.647440e-01 1.196000e-03 3.340600e-01
429 6.645400e-01 1.192000e-03 3.342680e-01
430 6.643160e-01 1.236000e-03 3.344480e-01
431 6.640840e-01 1.224000e-03 3.346920e-01
432 6.639120e-01 1.192000e-03 3.348960e-01
433 6.637280e-01 1.148000e-03 3.351240e-01
434 6.635280e-01 1.096000e-03 3.353760e-01
435 6.633960e-01 1.024000e-03 3.355800e-01
436 6.632440e-01 9.720000e-04 3.357840e-01
437 6.630600e-01 9.960000e-04 3.359440e-01
438 6.629040e-01 9.680000e-04 3.361280e-01
439 6.627040e-01 1.004000e-03 3.362920e-01
440 6.624480e-01 1.068000e-03 3.364840e-01
441 6.621800e-01 1.152000e-03 3.366680e-01
442 6.619760e-01 1.176000e-03 3.368480e-01
443 6.618000e-01 1.148000e-03 3.370520e-01
444 6.616200e-01 1.144000e-03 3.372360e-01
445 6.614680e-01 1.104000e-03 3.374280e-01
446 6.612840e-01 1.072000e-03 3.376440e-01
447 6.610640e-01 1.120000e-03 3.378160e-01
448 6.608400e-01 1.144000e-03 3.380160e-01
449 6.606120e-01 1.172000e-03 3.382160e-01
450 6.604160e-01 1.108000e-03 3.384760e-01
451 6.602720e-01 1.012000e-03 3.387160e-01
452 6.601080e-01 1.060000e-03 3.388320e-01
453 6.599400e-01 1.100000e-03 3.389600e-01
454 6.597760e-01 1.072000e-03 3.391520e-01
455 6.596480e-01 1.048000e-03 3.393040e-01
456 6.595120e-01 9.800000e-04 3.395080e-01
457 6.593560e-01 9.960000e-04 3.396480e-01
458 6.591880e-01 1.012000e-03 3.398000e-01
459 6.590720e-01 9.240000e-04 3.400040e-01
460 6.588840e-01 9.640000e-04 3.401520e-01
461 6.587160e-01 9.600000e-04 3.403240e-01
462 6.585240e-01 9.720000e-04 3.405040e-01
463 6.583280e-01 1.000000e-03 3.406720e-01
464 6.581720e-01 9.600000e-04 3.408680e-01
465 6.580200e-01 9.280000e-04 3.410520e-01
466 6.578720e-01 9.360000e-04 3.411920e-01
467 6.577160e-01 9.200000e-04 3.413640e-01
468 6.575400e-01 9.360000e-04 3.415240e-01
469 6.572680e-01 1.048000e-03 3.416840e-01
470 6.570760e-01 1.048000e-03 3.418760e-01
471 6.568240e-01 1.172000e-03 3.420040e-01
472 6.565520e-01 1.244000e-03 3.422040e-01
473 6.563160e-01 1.300000e-03 3.423840e-01
474 6.561360e-01 1.260000e-03 3.426040e-01
475 6.558840e-01 1.304000e-03 3.428120e-01
476 6.556520e-01 1.304000e-03 3.430440e-01
477 6.554600e-01 1.304000e-03 3.432360e-01
478 6.552720e-01 1.220000e-03 3.435080e-01
479 6.550840e-01 1.168000e-03 3.437480e-01
480 6.548760e-01 1.192000e-03 3.439320e-01
481 6.547160e-01 1.132000e-03 3.441520e-01
482 6.545440e-01 1.120000e-03 3.443360e-01
483 6.543760e-01 1.084000e-03 3.445400e-01
484 6.542440e-01 1.012000e-03 3.447440e-01
485 6.541120e-01 9.680000e-04 3.449200e-01
486 6.539480e-01 9.000000e-04 3.451520e-01
487 6.537960e-01 9.040000e-04 3.453000e-01
488 6.536360e-01 9.280000e-04 3.454360e-01
489 6.534440e-01 1.000000e-03 3.455560e-01
490 6.532520e-01 1.032000e-03 3.457160e-01
491 6.531120e-01 9.680000e-04 3.459200e-01
492 6.529480e-01 9.680000e-04 3.460840e-01
493 6.527840e-01 9.480000e-04 3.462680e-01
494 6.526440e-01 9.400000e-04 3.464160e-01
495 6.524880e-01 9.000000e-04 3.466120e-01
496 6.523560e-01 8.720000e-04 3.467720e-01
497 6.522440e-01 8.480000e-04 3.469080e-01
498 6.520400e-01 8.400000e-04 3.471200e-01
499 6.518920e-01 8.240000e-04 3.472840e-01
500 6.517560e-01 7.760000e-04 3.474680e-01
