1 9.992640e-01 6.680000e-04 6.800000e-05
2 9.987160e-01 1.048000e-03 2.360000e-04
3 9.980840e-01 1.444000e-03 4.720000e-04
4 9.973600e-01 1.940000e-03 7.000000e-04
5 9.965000e-01 2.400000e-03 1.100000e-03
6 9.956040e-01 2.844000e-03 1.552000e-03
7 9.946840e-01 3.268000e-03 2.048000e-03
8 9.936360e-01 3.592000e-03 2.772000e-03
9 9.925560e-01 4.032000e-03 3.412000e-03
10 9.914480e-01 4.376000e-03 4.176000e-03
11 9.903960e-01 4.600000e-03 5.004000e-03
12 9.891120e-01 5.092000e-03 5.796000e-03
13 9.878160e-01 5.464000e-03 6.720000e-03
14 9.864920e-01 5.724000e-03 7.784000e-03
15 9.849840e-01 6.268000e-03 8.748000e-03
16 9.835360e-01 6.536000e-03 9.928000e-03
17 9.820600e-01 6.796000e-03 1.114400e-02
18 9.805760e-01 7.056000e-03 1.236800e-02
19 9.790400e-01 7.392000e-03 1.356800e-02
20 9.775520e-01 7.452000e-03 1.499600e-02
21 9.761600e-01 7.536000e-03 1.630400e-02
22 9.745400e-01 7.764000e-03 1.769600e-02
23 9.729800e-01 8.044000e-03 1.897600e-02
24 9.713000e-01 8.328000e-03 2.037200e-02
25 9.694840e-01 8.556000e-03 2.196000e-02
26 9.679160e-01 8.548000e-03 2.353600e-02
27 9.662800e-01 8.688000e-03 2.503200e-02
28 9.644400e-01 9.088000e-03 2.647200e-02
29 9.626880e-01 9.320000e-03 2.799200e-02
30 9.610440e-01 9.172000e-03 2.978400e-02
31 9.593640e-01 9.040000e-03 3.159600e-02
32 9.575760e-01 9.196000e-03 3.322800e-02
33 9.560920e-01 9.160000e-03 3.474800e-02
34 9.544720e-01 9.296000e-03 3.623200e-02
35 9.528680e-01 9.296000e-03 3.783600e-02
36 9.510760e-01 9.428000e-03 3.949600e-02
37 9.493960e-01 9.560000e-03 4.104400e-02
38 9.476760e-01 9.528000e-03 4.279600e-02
39 9.458880e-01 9.648000e-03 4.446400e-02
40 9.440600e-01 9.868000e-03 4.607200e-02
41 9.422280e-01 9.924000e-03 4.784800e-02
42 9.404880e-01 1.016000e-02 4.935200e-02
43 9.386240e-01 1.027200e-02 5.110400e-02
44 9.368360e-01 1.034800e-02 5.281600e-02
45 9.349320e-01 1.040000e-02 5.466800e-02
46 9.329520e-01 1.053600e-02 5.651200e-02
47 9.310680e-01 1.073600e-02 5.819600e-02
48 9.290440e-01 1.082000e-02 6.013600e-02
49 9.271240e-01 1.096000e-02 6.191600e-02
50 9.251480e-01 1.113600e-02 6.371600e-02
51 9.230600e-01 1.130000e-02 6.564000e-02
52 9.210360e-01 1.122000e-02 6.774400e-02
53 9.189960e-01 1.130000e-02 6.970400e-02
54 9.171560e-01 1.118400e-02 7.166000e-02
55 9.152960e-01 1.093600e-02 7.376800e-02
56 9.133160e-01 1.087200e-02 7.581200e-02
57 9.113520e-01 1.104000e-02 7.760800e-02
58 9.094320e-01 1.113600e-02 7.943200e-02
59 9.075200e-01 1.110400e-02 8.137600e-02
60 9.056520e-01 1.108000e-02 8.326800e-02
61 9.038760e-01 1.096400e-02 8.516000e-02
62 9.020360e-01 1.095200e-02 8.701200e-02
63 8.999560e-01 1.108400e-02 8.896000e-02
64 8.980520e-01 1.108400e-02 9.086400e-02
65 8.960840e-01 1.106400e-02 9.285200e-02
66 8.941680e-01 1.110400e-02 9.472800e-02
67 8.924120e-01 1.101600e-02 9.657200e-02
68 8.905520e-01 1.092400e-02 9.852400e-02
69 8.888160e-01 1.096800e-02 1.002160e-01
70 8.868400e-01 1.093600e-02 1.022240e-01
71 8.848200e-01 1.116000e-02 1.040200e-01
72 8.830040e-01 1.089600e-02 1.061000e-01
73 8.809840e-01 1.101600e-02 1.080000e-01
74 8.790160e-01 1.099200e-02 1.099920e-01
75 8.769680e-01 1.112800e-02 1.119040e-01
76 8.750480e-01 1.111200e-02 1.138400e-01
77 8.731600e-01 1.092000e-02 1.159200e-01
78 8.711760e-01 1.096400e-02 1.178600e-01
79 8.694440e-01 1.068800e-02 1.198680e-01
80 8.676400e-01 1.064000e-02 1.217200e-01
81 8.658600e-01 1.055600e-02 1.235840e-01
82 8.640640e-01 1.065200e-02 1.252840e-01
83 8.621800e-01 1.072400e-02 1.270960e-01
84 8.602480e-01 1.080000e-02 1.289520e-01
85 8.583760e-01 1.078400e-02 1.308400e-01
86 8.565920e-01 1.065200e-02 1.327560e-01
87 8.547560e-01 1.070000e-02 1.345440e-01
88 8.528240e-01 1.072800e-02 1.364480e-01
89 8.508440e-01 1.089200e-02 1.382640e-01
90 8.488520e-01 1.100800e-02 1.401400e-01
91 8.469640e-01 1.096000e-02 1.420760e-01
92 8.451160e-01 1.095200e-02 1.439320e-01
93 8.432760e-01 1.094000e-02 1.457840e-01
94 8.414000e-01 1.084400e-02 1.477560e-01
95 8.393800e-01 1.087600e-02 1.497440e-01
96 8.375520e-01 1.078000e-02 1.516680e-01
97 8.357120e-01 1.066400e-02 1.536240e-01
98 8.337480e-01 1.083200e-02 1.554200e-01
99 8.318760e-01 1.090800e-02 1.572160e-01
100 8.299680e-01 1.081600e-02 1.592160e-01
101 8.280200e-01 1.097200e-02 1.610080e-01
102 8.260480e-01 1.084000e-02 1.631120e-01
103 8.241320e-01 1.096800e-02 1.649000e-01
104 8.222120e-01 1.105600e-02 1.667320e-01
105 8.202880e-01 1.092800e-02 1.687840e-01
106 8.183640e-01 1.084400e-02 1.707920e-01
107 8.164200e-01 1.096800e-02 1.726120e-01
108 8.146320e-01 1.093200e-02 1.744360e-01
109 8.126920e-01 1.096800e-02 1.763400e-01
110 8.108600e-01 1.074800e-02 1.783920e-01
111 8.089680e-01 1.080800e-02 1.802240e-01
112 8.067920e-01 1.116800e-02 1.820400e-01
113 8.049600e-01 1.113600e-02 1.839040e-01
114 8.031120e-01 1.096000e-02 1.859280e-01
115 8.013560e-01 1.080800e-02 1.878360e-01
116 7.994680e-01 1.082000e-02 1.897120e-01
117 7.974600e-01 1.089200e-02 1.916480e-01
118 7.957240e-01 1.072000e-02 1.935560e-01
119 7.938960e-01 1.066400e-02 1.954400e-01
120 7.919560e-01 1.080000e-02 1.972440e-01
121 7.902880e-01 1.057600e-02 1.991360e-01
122 7.884600e-01 1.053600e-02 2.010040e-01
123 7.868240e-01 1.038400e-02 2.027920e-01
124 7.850760e-01 1.026000e-02 2.046640e-01
125 7.832960e-01 1.046400e-02 2.062400e-01
126 7.816000e-01 1.034400e-02 2.080560e-01
127 7.799800e-01 1.024000e-02 2.097800e-01
128 7.781600e-01 1.030400e-02 2.115360e-01
129 7.763680e-01 1.027600e-02 2.133560e-01
130 7.744960e-01 1.035200e-02 2.151520e-01
131 7.728240e-01 1.010800e-02 2.170680e-01
132 7.712360e-01 9.952000e-03 2.188120e-01
133 7.696560e-01 9.740000e-03 2.206040e-01
134 7.681800e-01 9.616000e-03 2.222040e-01
135 7.667360e-01 9.512000e-03 2.237520e-01
136 7.650960e-01 9.564000e-03 2.253400e-01
137 7.634760e-01 9.408000e-03 2.271160e-01
138 7.619120e-01 9.396000e-03 2.286920e-01
139 7.603520e-01 9.380000e-03 2.302680e-01
140 7.588040e-01 9.404000e-03 2.317920e-01
141 7.573640e-01 9.184000e-03 2.334520e-01
142 7.558360e-01 9.116000e-03 2.350480e-01
143 7.543600e-01 8.924000e-03 2.367160e-01
144 7.528600e-01 8.840000e-03 2.383000e-01
145 7.513880e-01 8.844000e-03 2.397680e-01
146 7.500600e-01 8.596000e-03 2.413440e-01
147 7.488840e-01 8.344000e-03 2.427720e-01
148 7.475240e-01 8.300000e-03 2.441760e-01
149 7.462360e-01 8.156000e-03 2.456080e-01
150 7.450360e-01 7.956000e-03 2.470080e-01
151 7.436880e-01 7.980000e-03 2.483320e-01
152 7.424240e-01 7.796000e-03 2.497800e-01
153 7.414120e-01 7.432000e-03 2.511560e-01
154 7.402640e-01 7.164000e-03 2.525720e-01
155 7.391720e-01 7.044000e-03 2.537840e-01
156 7.379960e-01 7.040000e-03 2.549640e-01
157 7.369120e-01 6.960000e-03 2.561280e-01
158 7.357280e-01 6.860000e-03 2.574120e-01
159 7.346360e-01 6.900000e-03 2.584640e-01
160 7.333400e-01 7.040000e-03 2.596200e-01
161 7.320920e-01 7.112000e-03 2.607960e-01
162 7.309440e-01 7.032000e-03 2.620240e-01
163 7.298800e-01 6.840000e-03 2.632800e-01
164 7.286960e-01 6.760000e-03 2.645440e-01
165 7.275040e-01 6.808000e-03 2.656880e-01
166 7.262360e-01 7.004000e-03 2.667600e-01
167 7.248960e-01 7.136000e-03 2.679680e-01
168 7.235720e-01 7.228000e-03 2.692000e-01
169 7.224000e-01 7.320000e-03 2.702800e-01
170 7.210480e-01 7.348000e-03 2.716040e-01
171 7.198080e-01 7.340000e-03 2.728520e-01
172 7.185880e-01 7.212000e-03 2.742000e-01
173 7.174160e-01 7.064000e-03 2.755200e-01
174 7.163200e-01 6.944000e-03 2.767360e-01
175 7.151720e-01 6.944000e-03 2.778840e-01
176 7.138960e-01 6.992000e-03 2.791120e-01
177 7.126240e-01 7.032000e-03 2.803440e-01
178 7.114800e-01 6.884000e-03 2.816360e-01
179 7.103440e-01 6.812000e-03 2.828440e-01
180 7.092360e-01 6.760000e-03 2.840040e-01
181 7.080840e-01 6.740000e-03 2.851760e-01
182 7.068000e-01 6.788000e-03 2.864120e-01
183 7.056160e-01 6.752000e-03 2.876320e-01
184 7.044960e-01 6.632000e-03 2.888720e-01
185 7.033800e-01 6.580000e-03 2.900400e-01
186 7.023880e-01 6.548000e-03 2.910640e-01
187 7.013520e-01 6.472000e-03 2.921760e-01
188 7.003720e-01 6.288000e-03 2.933400e-01
189 6.993760e-01 6.236000e-03 2.943880e-01
190 6.982680e-01 6.296000e-03 2.954360e-01
191 6.971920e-01 6.296000e-03 2.965120e-01
192 6.961120e-01 6.340000e-03 2.975480e-01
193 6.951840e-01 6.116000e-03 2.987000e-01
194 6.941680e-01 6.020000e-03 2.998120e-01
195 6.931720e-01 6.108000e-03 3.007200e-01
196 6.921480e-01 6.104000e-03 3.017480e-01
197 6.911160e-01 6.048000e-03 3.028360e-01
198 6.899840e-01 6.172000e-03 3.038440e-01
199 6.888720e-01 6.236000e-03 3.048920e-01
200 6.877720e-01 6.156000e-03 3.060720e-01
201 6.866040e-01 6.148000e-03 3.072480e-01
202 6.855320e-01 6.108000e-03 3.083600e-01
203 6.845040e-01 6.064000e-03 3.094320e-01
204 6.835640e-01 5.996000e-03 3.104400e-01
205 6.824560e-01 6.040000e-03 3.115040e-01
206 6.813760e-01 6.036000e-03 3.125880e-01
207 6.802240e-01 6.104000e-03 3.136720e-01
208 6.790560e-01 6.220000e-03 3.147240e-01
209 6.779560e-01 6.196000e-03 3.158480e-01
210 6.768280e-01 6.128000e-03 3.170440e-01
211 6.757040e-01 6.176000e-03 3.181200e-01
212 6.746560e-01 6.108000e-03 3.192360e-01
213 6.735120e-01 6.052000e-03 3.204360e-01
214 6.723640e-01 6.156000e-03 3.214800e-01
215 6.712480e-01 6.292000e-03 3.224600e-01
216 6.703080e-01 6.160000e-03 3.235320e-01
217 6.694400e-01 5.992000e-03 3.245680e-01
218 6.685640e-01 5.888000e-03 3.255480e-01
219 6.674240e-01 5.992000e-03 3.265840e-01
220 6.664480e-01 5.948000e-03 3.276040e-01
221 6.654200e-01 5.960000e-03 3.286200e-01
222 6.644760e-01 5.792000e-03 3.297320e-01
223 6.634680e-01 5.832000e-03 3.307000e-01
224 6.624120e-01 5.896000e-03 3.316920e-01
225 6.614920e-01 5.768000e-03 3.327400e-01
226 6.606880e-01 5.516000e-03 3.337960e-01
227 6.599160e-01 5.340000e-03 3.347440e-01
228 6.590640e-01 5.208000e-03 3.357280e-01
229 6.581600e-01 5.128000e-03 3.367120e-01
230 6.573640e-01 4.996000e-03 3.376400e-01
231 6.565320e-01 4.940000e-03 3.385280e-01
232 6.556080e-01 5.028000e-03 3.393640e-01
233 6.547800e-01 4.872000e-03 3.403480e-01
234 6.540320e-01 4.824000e-03 3.411440e-01
235 6.532440e-01 4.832000e-03 3.419240e-01
236 6.523720e-01 4.868000e-03 3.427600e-01
237 6.516000e-01 4.760000e-03 3.436400e-01
238 6.507560e-01 4.716000e-03 3.445280e-01
239 6.500400e-01 4.588000e-03 3.453720e-01
240 6.493600e-01 4.472000e-03 3.461680e-01
241 6.486440e-01 4.336000e-03 3.470200e-01
242 6.479840e-01 4.216000e-03 3.478000e-01
243 6.473280e-01 4.068000e-03 3.486040e-01
244 6.467560e-01 4.008000e-03 3.492360e-01
245 6.461160e-01 3.912000e-03 3.499720e-01
246 6.455360e-01 3.812000e-03 3.506520e-01
247 6.450240e-01 3.716000e-03 3.512600e-01
248 6.443920e-01 3.716000e-03 3.518920e-01
249 6.436240e-01 3.824000e-03 3.525520e-01
250 6.430000e-01 3.796000e-03 3.532040e-01
251 6.425040e-01 3.572000e-03 3.539240e-01
252 6.418560e-01 3.620000e-03 3.545240e-01
253 6.413160e-01 3.536000e-03 3.551480e-01
254 6.408480e-01 3.312000e-03 3.558400e-01
255 6.403160e-01 3.268000e-03 3.564160e-01
256 6.396960e-01 3.360000e-03 3.569440e-01
257 6.391400e-01 3.320000e-03 3.575400e-01
258 6.385440e-01 3.316000e-03 3.581400e-01
259 6.378880e-01 3.444000e-03 3.586680e-01
260 6.372680e-01 3.480000e-03 3.592520e-01
261 6.365720e-01 3.560000e-03 3.598680e-01
262 6.359920e-01 3.532000e-03 3.604760e-01
263 6.353480e-01 3.528000e-03 3.611240e-01
264 6.347280e-01 3.596000e-03 3.616760e-01
265 6.340320e-01 3.596000e-03 3.623720e-01
266 6.334520e-01 3.536000e-03 3.630120e-01
267 6.328520e-01 3.604000e-03 3.635440e-01
268 6.323600e-01 3.496000e-03 3.641440e-01
269 6.316880e-01 3.600000e-03 3.647120e-01
270 6.309880e-01 3.668000e-03 3.653440e-01
271 6.303520e-01 3.708000e-03 3.659400e-01
272 6.297320e-01 3.676000e-03 3.665920e-01
273 6.291000e-01 3.720000e-03 3.671800e-01
274 6.285160e-01 3.676000e-03 3.678080e-01
275 6.279000e-01 3.664000e-03 3.684360e-01
276 6.273480e-01 3.556000e-03 3.690960e-01
277 6.268840e-01 3.420000e-03 3.696960e-01
278 6.263320e-01 3.344000e-03 3.703240e-01
279 6.258040e-01 3.296000e-03 3.709000e-01
280 6.253120e-01 3.284000e-03 3.714040e-01
281 6.247480e-01 3.348000e-03 3.719040e-01
282 6.242000e-01 3.332000e-03 3.724680e-01
283 6.237520e-01 3.204000e-03 3.730440e-01
284 6.232200e-01 3.084000e-03 3.736960e-01
285 6.226760e-01 3.104000e-03 3.742200e-01
286 6.220480e-01 3.208000e-03 3.747440e-01
287 6.215280e-01 3.176000e-03 3.752960e-01
288 6.209520e-01 3.116000e-03 3.759320e-01
289 6.204960e-01 3.032000e-03 3.764720e-01
290 6.200320e-01 2.972000e-03 3.769960e-01
291 6.195800e-01 2.944000e-03 3.774760e-01
292 6.191720e-01 2.800000e-03 3.780280e-01
293 6.186640e-01 2.812000e-03 3.785240e-01
294 6.182360e-01 2.752000e-03 3.790120e-01
295 6.177560e-01 2.748000e-03 3.794960e-01
296 6.172600e-01 2.756000e-03 3.799840e-01
297 6.168400e-01 2.728000e-03 3.804320e-01
298 6.163320e-01 2.712000e-03 3.809560e-01
299 6.157880e-01 2.792000e-03 3.814200e-01
300 6.152200e-01 2.824000e-03 3.819560e-01
301 6.145880e-01 2.980000e-03 3.824320e-01
302 6.140920e-01 2.960000e-03 3.829480e-01
303 6.135480e-01 3.004000e-03 3.834480e-01
304 6.130760e-01 2.948000e-03 3.839760e-01
305 6.125400e-01 2.980000e-03 3.844800e-01
306 6.120040e-01 3.000000e-03 3.849960e-01
307 6.114200e-01 3.112000e-03 3.854680e-01
308 6.109880e-01 2.984000e-03 3.860280e-01
309 6.105440e-01 2.904000e-03 3.865520e-01
310 6.100560e-01 2.940000e-03 3.870040e-01
311 6.095920e-01 2.896000e-03 3.875120e-01
312 6.091960e-01 2.752000e-03 3.880520e-01
313 6.087400e-01 2.788000e-03 3.884720e-01
314 6.082240e-01 2.780000e-03 3.889960e-01
315 6.078040e-01 2.724000e-03 3.894720e-01
316 6.073960e-01 2.632000e-03 3.899720e-01
317 6.070040e-01 2.524000e-03 3.904720e-01
318 6.065560e-01 2.544000e-03 3.909000e-01
319 6.061400e-01 2.532000e-03 3.913280e-01
320 6.057160e-01 2.452000e-03 3.918320e-01
321 6.053120e-01 2.460000e-03 3.922280e-01
322 6.049600e-01 2.364000e-03 3.926760e-01
323 6.046240e-01 2.312000e-03 3.930640e-01
324 6.042280e-01 2.312000e-03 3.934600e-01
325 6.038520e-01 2.264000e-03 3.938840e-01
326 6.034440e-01 2.256000e-03 3.943000e-01
327 6.030760e-01 2.232000e-03 3.946920e-01
328 6.026600e-01 2.256000e-03 3.950840e-01
329 6.022640e-01 2.252000e-03 3.954840e-01
330 6.018080e-01 2.336000e-03 3.958560e-01
331 6.014600e-01 2.348000e-03 3.961920e-01
332 6.011240e-01 2.312000e-03 3.965640e-01
333 6.007640e-01 2.168000e-03 3.970680e-01
334 6.003840e-01 2.188000e-03 3.974280e-01
335 6.000720e-01 2.152000e-03 3.977760e-01
336 5.997040e-01 2.132000e-03 3.981640e-01
337 5.993680e-01 2.072000e-03 3.985600e-01
338 5.990840e-01 1.948000e-03 3.989680e-01
339 5.987480e-01 1.972000e-03 3.992800e-01
340 5.984160e-01 1.988000e-03 3.995960e-01
341 5.980760e-01 2.040000e-03 3.998840e-01
342 5.977760e-01 1.992000e-03 4.002320e-01
343 5.973760e-01 2.072000e-03 4.005520e-01
344 5.970280e-01 2.052000e-03 4.009200e-01
345 5.966880e-01 2.092000e-03 4.012200e-01
346 5.963440e-01 2.012000e-03 4.016440e-01
347 5.959960e-01 1.980000e-03 4.020240e-01
348 5.956760e-01 1.940000e-03 4.023840e-01
349 5.953400e-01 1.928000e-03 4.027320e-01
350 5.949760e-01 1.936000e-03 4.030880e-01
351 5.945960e-01 1.984000e-03 4.034200e-01
352 5.942200e-01 2.052000e-03 4.037280e-01
353 5.938440e-01 2.020000e-03 4.041360e-01
354 5.935080e-01 1.988000e-03 4.045040e-01
355 5.931800e-01 1.980000e-03 4.048400e-01
356 5.928360e-01 1.968000e-03 4.051960e-01
357 5.924440e-01 2.012000e-03 4.055440e-01
358 5.921240e-01 1.932000e-03 4.059440e-01
359 5.917760e-01 1.940000e-03 4.062840e-01
360 5.913680e-01 2.020000e-03 4.066120e-01
361 5.909320e-01 2.112000e-03 4.069560e-01
362 5.906040e-01 2.020000e-03 4.073760e-01
363 5.902680e-01 1.972000e-03 4.077600e-01
364 5.899040e-01 1.984000e-03 4.081120e-01
365 5.895360e-01 2.004000e-03 4.084600e-01
366 5.891600e-01 1.968000e-03 4.088720e-01
367 5.887520e-01 2.052000e-03 4.091960e-01
368 5.883840e-01 2.072000e-03 4.095440e-01
369 5.880200e-01 2.076000e-03 4.099040e-01
370 5.876800e-01 2.044000e-03 4.102760e-01
371 5.873160e-01 2.052000e-03 4.106320e-01
372 5.869120e-01 2.052000e-03 4.110360e-01
373 5.865360e-01 2.056000e-03 4.114080e-01
374 5.861000e-01 2.112000e-03 4.117880e-01
375 5.857960e-01 2.036000e-03 4.121680e-01
376 5.854160e-01 2.056000e-03 4.125280e-01
377 5.850680e-01 2.016000e-03 4.129160e-01
378 5.847120e-01 2.040000e-03 4.132480e-01
379 5.843800e-01 1.988000e-03 4.136320e-01
380 5.840120e-01 2.052000e-03 4.139360e-01
381 5.836920e-01 2.024000e-03 4.142840e-01
382 5.834240e-01 1.948000e-03 4.146280e-01
383 5.831400e-01 1.916000e-03 4.149440e-01
384 5.828440e-01 1.856000e-03 4.153000e-01
385 5.825000e-01 1.952000e-03 4.155480e-01
386 5.821480e-01 2.028000e-03 4.158240e-01
387 5.817520e-01 2.092000e-03 4.161560e-01
388 5.814280e-01 2.036000e-03 4.165360e-01
389 5.810960e-01 2.048000e-03 4.168560e-01
390 5.807880e-01 1.972000e-03 4.172400e-01
391 5.804640e-01 1.992000e-03 4.175440e-01
392 5.801760e-01 1.976000e-03 4.178480e-01
393 5.798400e-01 1.968000e-03 4.181920e-01
394 5.794920e-01 2.012000e-03 4.184960e-01
395 5.792480e-01 1.876000e-03 4.188760e-01
396 5.789160e-01 1.892000e-03 4.191920e-01
397 5.786160e-01 1.824000e-03 4.195600e-01
398 5.782400e-01 1.864000e-03 4.198960e-01
399 5.780040e-01 1.844000e-03 4.201520e-01
400 5.776760e-01 1.764000e-03 4.205600e-01
401 5.773760e-01 1.736000e-03 4.208880e-01
402 5.770560e-01 1.776000e-03 4.211680e-01
403 5.767160e-01 1.828000e-03 4.214560e-01
404 5.763960e-01 1.868000e-03 4.217360e-01
405 5.760960e-01 1.844000e-03 4.220600e-01
406 5.757480e-01 1.876000e-03 4.223760e-01
407 5.753560e-01 1.964000e-03 4.226800e-01
408 5.749840e-01 1.976000e-03 4.230400e-01
409 5.745920e-01 1.920000e-03 4.234880e-01
410 5.741800e-01 2.028000e-03 4.237920e-01
411 5.738680e-01 1.968000e-03 4.241640e-01
412 5.735360e-01 2.032000e-03 4.244320e-01
413 5.732240e-01 1.992000e-03 4.247840e-01
414 5.728560e-01 2.024000e-03 4.251200e-01
415 5.724920e-01 2.048000e-03 4.254600e-01
416 5.720040e-01 2.172000e-03 4.258240e-01
417 5.716520e-01 2.124000e-03 4.262240e-01
418 5.712760e-01 2.132000e-03 4.265920e-01
419 5.708880e-01 2.128000e-03 4.269840e-01
420 5.705200e-01 2.064000e-03 4.274160e-01
421 5.702040e-01 2.076000e-03 4.277200e-01
422 5.699480e-01 1.960000e-03 4.280920e-01
423 5.695840e-01 1.904000e-03 4.285120e-01
424 5.693000e-01 1.908000e-03 4.287920e-01
425 5.689880e-01 1.888000e-03 4.291240e-01
426 5.686680e-01 1.912000e-03 4.294200e-01
427 5.683600e-01 1.868000e-03 4.297720e-01
428 5.679960e-01 1.904000e-03 4.301000e-01
429 5.677200e-01 1.836000e-03 4.304440e-01
430 5.674200e-01 1.860000e-03 4.307200e-01
431 5.671280e-01 1.912000e-03 4.309600e-01
432 5.667880e-01 1.860000e-03 4.313520e-01
433 5.664160e-01 1.920000e-03 4.316640e-01
434 5.661320e-01 1.844000e-03 4.320240e-01
435 5.657120e-01 1.908000e-03 4.323800e-01
436 5.653560e-01 1.904000e-03 4.327400e-01
437 5.650360e-01 1.920000e-03 4.330440e-01
438 5.647000e-01 1.876000e-03 4.334240e-01
439 5.643480e-01 1.872000e-03 4.337800e-01
440 5.639880e-01 1.936000e-03 4.340760e-01
441 5.636600e-01 1.932000e-03 4.344080e-01
442 5.632960e-01 2.000000e-03 4.347040e-01
443 5.629200e-01 2.084000e-03 4.349960e-01
444 5.625560e-01 2.060000e-03 4.353840e-01
445 5.622040e-01 2.032000e-03 4.357640e-01
446 5.618960e-01 1.968000e-03 4.361360e-01
447 5.616560e-01 1.844000e-03 4.365000e-01
448 5.613200e-01 1.892000e-03 4.367880e-01
449 5.609400e-01 1.944000e-03 4.371160e-01
450 5.605680e-01 2.008000e-03 4.374240e-01
451 5.601840e-01 2.020000e-03 4.377960e-01
452 5.598520e-01 1.984000e-03 4.381640e-01
453 5.594680e-01 2.108000e-03 4.384240e-01
454 5.591200e-01 2.104000e-03 4.387760e-01
455 5.587720e-01 2.128000e-03 4.391000e-01
456 5.583880e-01 2.152000e-03 4.394600e-01
457 5.580520e-01 2.100000e-03 4.398480e-01
458 5.577400e-01 2.028000e-03 4.402320e-01
459 5.574000e-01 2.024000e-03 4.405760e-01
460 5.570840e-01 1.988000e-03 4.409280e-01
461 5.568200e-01 1.936000e-03 4.412440e-01
462 5.565280e-01 1.832000e-03 4.416400e-01
463 5.562040e-01 1.884000e-03 4.419120e-01
464 5.559280e-01 1.876000e-03 4.421960e-01
465 5.556600e-01 1.816000e-03 4.425240e-01
466 5.552800e-01 1.852000e-03 4.428680e-01
467 5.549880e-01 1.808000e-03 4.432040e-01
468 5.546960e-01 1.748000e-03 4.435560e-01
469 5.544360e-01 1.708000e-03 4.438560e-01
470 5.541720e-01 1.660000e-03 4.441680e-01
471 5.539520e-01 1.612000e-03 4.444360e-01
472 5.537680e-01 1.508000e-03 4.447240e-01
473 5.535240e-01 1.492000e-03 4.449840e-01
474 5.533800e-01 1.348000e-03 4.452720e-01
475 5.531920e-01 1.344000e-03 4.454640e-01
476 5.530040e-01 1.312000e-03 4.456840e-01
477 5.528440e-01 1.240000e-03 4.459160e-01
478 5.526080e-01 1.292000e-03 4.461000e-01
479 5.524520e-01 1.200000e-03 4.463480e-01
480 5.522280e-01 1.252000e-03 4.465200e-01
481 5.520680e-01 1.212000e-03 4.467200e-01
482 5.518520e-01 1.248000e-03 4.469000e-01
483 5.516480e-01 1.216000e-03 4.471360e-01
484 5.514360e-01 1.208000e-03 4.473560e-01
485 5.512000e-01 1.224000e-03 4.475760e-01
486 5.510080e-01 1.264000e-03 4.477280e-01
487 5.507680e-01 1.288000e-03 4.479440e-01
488 5.505240e-01 1.308000e-03 4.481680e-01
489 5.502720e-01 1.308000e-03 4.484200e-01
490 5.500040e-01 1.332000e-03 4.486640e-01
491 5.497680e-01 1.332000e-03 4.489000e-01
492 5.495400e-01 1.372000e-03 4.490880e-01
493 5.492880e-01 1.416000e-03 4.492960e-01
494 5.489880e-01 1.476000e-03 4.495360e-01
495 5.487440e-01 1.444000e-03 4.498120e-01
496 5.484920e-01 1.416000e-03 4.500920e-01
497 5.483120e-01 1.360000e-03 4.503280e-01
498 5.480880e-01 1.328000e-03 4.505840e-01
499 5.477800e-01 1.432000e-03 4.507880e-01
500 5.475840e-01 1.364000e-03 4.510520e-01
