1 9.992080e-01 6.840000e-04 1.080000e-04
2 9.988080e-01 9.200000e-04 2.720000e-04
3 9.982000e-01 1.332000e-03 4.680000e-04
4 9.976000e-01 1.660000e-03 7.400000e-04
5 9.969360e-01 2.012000e-03 1.052000e-03
6 9.961040e-01 2.492000e-03 1.404000e-03
7 9.953080e-01 2.844000e-03 1.848000e-03
8 9.943800e-01 3.208000e-03 2.412000e-03
9 9.934200e-01 3.612000e-03 2.968000e-03
10 9.923560e-01 3.964000e-03 3.680000e-03
11 9.912560e-01 4.252000e-03 4.492000e-03
12 9.901800e-01 4.492000e-03 5.328000e-03
13 9.891240e-01 4.696000e-03 6.180000e-03
14 9.881080e-01 4.768000e-03 7.124000e-03
15 9.871680e-01 4.924000e-03 7.908000e-03
16 9.860040e-01 5.168000e-03 8.828000e-03
17 9.847800e-01 5.524000e-03 9.696000e-03
18 9.835560e-01 5.772000e-03 1.067200e-02
19 9.824760e-01 5.860000e-03 1.166400e-02
20 9.813120e-01 5.928000e-03 1.276000e-02
21 9.802000e-01 6.028000e-03 1.377200e-02
22 9.789880e-01 6.180000e-03 1.483200e-02
23 9.777080e-01 6.532000e-03 1.576000e-02
24 9.763240e-01 6.800000e-03 1.687600e-02
25 9.750200e-01 6.848000e-03 1.813200e-02
26 9.735320e-01 7.212000e-03 1.925600e-02
27 9.720920e-01 7.364000e-03 2.054400e-02
28 9.706960e-01 7.460000e-03 2.184400e-02
29 9.693200e-01 7.420000e-03 2.326000e-02
30 9.678640e-01 7.540000e-03 2.459600e-02
31 9.663760e-01 7.760000e-03 2.586400e-02
32 9.649400e-01 7.852000e-03 2.720800e-02
33 9.633440e-01 8.112000e-03 2.854400e-02
34 9.617680e-01 8.180000e-03 3.005200e-02
35 9.602880e-01 8.288000e-03 3.142400e-02
36 9.588520e-01 8.236000e-03 3.291200e-02
37 9.573360e-01 8.364000e-03 3.430000e-02
38 9.558840e-01 8.348000e-03 3.576800e-02
39 9.542320e-01 8.484000e-03 3.728400e-02
40 9.528080e-01 8.392000e-03 3.880000e-02
41 9.513040e-01 8.492000e-03 4.020400e-02
42 9.497120e-01 8.660000e-03 4.162800e-02
43 9.480920e-01 8.820000e-03 4.308800e-02
44 9.464520e-01 8.924000e-03 4.462400e-02
45 9.449480e-01 8.956000e-03 4.609600e-02
46 9.433560e-01 8.976000e-03 4.766800e-02
47 9.416920e-01 9.132000e-03 4.917600e-02
48 9.399360e-01 9.272000e-03 5.079200e-02
49 9.383200e-01 9.336000e-03 5.234400e-02
50 9.366120e-01 9.496000e-03 5.389200e-02
51 9.347640e-01 9.640000e-03 5.559600e-02
52 9.329160e-01 9.764000e-03 5.732000e-02
53 9.309520e-01 1.012800e-02 5.892000e-02
54 9.291760e-01 1.026400e-02 6.056000e-02
55 9.273160e-01 1.046000e-02 6.222400e-02
56 9.254120e-01 1.061200e-02 6.397600e-02
57 9.235920e-01 1.044400e-02 6.596400e-02
58 9.216640e-01 1.048000e-02 6.785600e-02
59 9.197960e-01 1.054400e-02 6.966000e-02
60 9.181560e-01 1.036800e-02 7.147600e-02
61 9.162880e-01 1.038800e-02 7.332400e-02
62 9.143680e-01 1.059200e-02 7.504000e-02
63 9.125480e-01 1.046400e-02 7.698800e-02
64 9.107840e-01 1.044400e-02 7.877200e-02
65 9.090440e-01 1.048400e-02 8.047200e-02
66 9.071920e-01 1.060400e-02 8.220400e-02
67 9.054120e-01 1.053200e-02 8.405600e-02
68 9.036800e-01 1.048000e-02 8.584000e-02
69 9.018640e-01 1.055600e-02 8.758000e-02
70 9.000800e-01 1.055200e-02 8.936800e-02
71 8.984400e-01 1.042000e-02 9.114000e-02
72 8.967040e-01 1.033200e-02 9.296400e-02
73 8.950400e-01 1.015600e-02 9.480400e-02
74 8.933400e-01 1.008800e-02 9.657200e-02
75 8.917120e-01 9.940000e-03 9.834800e-02
76 8.900080e-01 9.924000e-03 1.000680e-01
77 8.883640e-01 9.788000e-03 1.018480e-01
78 8.868760e-01 9.644000e-03 1.034800e-01
79 8.853720e-01 9.312000e-03 1.053160e-01
80 8.838600e-01 9.316000e-03 1.068240e-01
81 8.823800e-01 9.092000e-03 1.085280e-01
82 8.806640e-01 9.256000e-03 1.100800e-01
83 8.790320e-01 9.380000e-03 1.115880e-01
84 8.775040e-01 9.296000e-03 1.132000e-01
85 8.757600e-01 9.372000e-03 1.148680e-01
86 8.742000e-01 9.244000e-03 1.165560e-01
87 8.725920e-01 9.248000e-03 1.181600e-01
88 8.710560e-01 9.248000e-03 1.196960e-01
89 8.694760e-01 9.184000e-03 1.213400e-01
90 8.678640e-01 9.092000e-03 1.230440e-01
91 8.662760e-01 9.076000e-03 1.246480e-01
92 8.647440e-01 8.992000e-03 1.262640e-01
93 8.631720e-01 9.164000e-03 1.276640e-01
94 8.616600e-01 9.048000e-03 1.292920e-01
95 8.600520e-01 9.128000e-03 1.308200e-01
96 8.585640e-01 9.064000e-03 1.323720e-01
97 8.570080e-01 9.008000e-03 1.339840e-01
98 8.554120e-01 9.096000e-03 1.354920e-01
99 8.539000e-01 9.060000e-03 1.370400e-01
100 8.525240e-01 8.892000e-03 1.385840e-01
101 8.510960e-01 8.736000e-03 1.401680e-01
102 8.496400e-01 8.740000e-03 1.416200e-01
103 8.481640e-01 8.648000e-03 1.431880e-01
104 8.468800e-01 8.536000e-03 1.445840e-01
105 8.454000e-01 8.544000e-03 1.460560e-01
106 8.438320e-01 8.504000e-03 1.476640e-01
107 8.424320e-01 8.364000e-03 1.492040e-01
108 8.411840e-01 8.020000e-03 1.507960e-01
109 8.398880e-01 7.852000e-03 1.522600e-01
110 8.384120e-01 7.984000e-03 1.536040e-01
111 8.370160e-01 7.956000e-03 1.550280e-01
112 8.355200e-01 8.028000e-03 1.564520e-01
113 8.339880e-01 8.124000e-03 1.578880e-01
114 8.323960e-01 8.232000e-03 1.593720e-01
115 8.309280e-01 8.228000e-03 1.608440e-01
116 8.293320e-01 8.312000e-03 1.623560e-01
117 8.278480e-01 8.280000e-03 1.638720e-01
118 8.264360e-01 8.252000e-03 1.653120e-01
119 8.250120e-01 8.192000e-03 1.667960e-01
120 8.236320e-01 8.144000e-03 1.682240e-01
121 8.221760e-01 8.296000e-03 1.695280e-01
122 8.208200e-01 8.204000e-03 1.709760e-01
123 8.194400e-01 8.180000e-03 1.723800e-01
124 8.181240e-01 8.176000e-03 1.737000e-01
125 8.166160e-01 8.156000e-03 1.752280e-01
126 8.151800e-01 8.232000e-03 1.765880e-01
127 8.139280e-01 7.924000e-03 1.781480e-01
128 8.125480e-01 7.828000e-03 1.796240e-01
129 8.112240e-01 7.760000e-03 1.810160e-01
130 8.099040e-01 7.736000e-03 1.823600e-01
131 8.085760e-01 7.640000e-03 1.837840e-01
132 8.072680e-01 7.624000e-03 1.851080e-01
133 8.059480e-01 7.628000e-03 1.864240e-01
134 8.047280e-01 7.436000e-03 1.878360e-01
135 8.035520e-01 7.224000e-03 1.892240e-01
136 8.023280e-01 7.212000e-03 1.904600e-01
137 8.010000e-01 7.268000e-03 1.917320e-01
138 7.998120e-01 7.024000e-03 1.931640e-01
139 7.987120e-01 6.924000e-03 1.943640e-01
140 7.975160e-01 6.776000e-03 1.957080e-01
141 7.961640e-01 6.904000e-03 1.969320e-01
142 7.948320e-01 7.076000e-03 1.980920e-01
143 7.936640e-01 7.064000e-03 1.992720e-01
144 7.923800e-01 7.124000e-03 2.004960e-01
145 7.911320e-01 7.208000e-03 2.016600e-01
146 7.899880e-01 6.968000e-03 2.030440e-01
147 7.888120e-01 7.060000e-03 2.041280e-01
148 7.876680e-01 6.944000e-03 2.053880e-01
149 7.863440e-01 7.040000e-03 2.066160e-01
150 7.850720e-01 7.120000e-03 2.078080e-01
151 7.838640e-01 7.092000e-03 2.090440e-01
152 7.825520e-01 7.132000e-03 2.103160e-01
153 7.813520e-01 7.048000e-03 2.116000e-01
154 7.799440e-01 7.176000e-03 2.128800e-01
155 7.787600e-01 7.188000e-03 2.140520e-01
156 7.775000e-01 7.308000e-03 2.151920e-01
157 7.763800e-01 7.144000e-03 2.164760e-01
158 7.749200e-01 7.324000e-03 2.177560e-01
159 7.735440e-01 7.372000e-03 2.190840e-01
160 7.722440e-01 7.284000e-03 2.204720e-01
161 7.710160e-01 7.212000e-03 2.217720e-01
162 7.697200e-01 7.148000e-03 2.231320e-01
163 7.685560e-01 7.020000e-03 2.244240e-01
164 7.673400e-01 7.004000e-03 2.256560e-01
165 7.662360e-01 6.928000e-03 2.268360e-01
166 7.650720e-01 6.840000e-03 2.280880e-01
167 7.638240e-01 6.864000e-03 2.293120e-01
168 7.627480e-01 6.724000e-03 2.305280e-01
169 7.614360e-01 6.912000e-03 2.316520e-01
170 7.600960e-01 7.064000e-03 2.328400e-01
171 7.587480e-01 7.088000e-03 2.341640e-01
172 7.575360e-01 7.092000e-03 2.353720e-01
173 7.562680e-01 7.120000e-03 2.366120e-01
174 7.551960e-01 6.968000e-03 2.378360e-01
175 7.539640e-01 7.000000e-03 2.390360e-01
176 7.528720e-01 6.872000e-03 2.402560e-01
177 7.515480e-01 7.028000e-03 2.414240e-01
178 7.503120e-01 6.996000e-03 2.426920e-01
179 7.490080e-01 7.108000e-03 2.438840e-01
180 7.477680e-01 7.072000e-03 2.451600e-01
181 7.465640e-01 7.036000e-03 2.464000e-01
182 7.453280e-01 7.020000e-03 2.476520e-01
183 7.442280e-01 6.944000e-03 2.488280e-01
184 7.429200e-01 6.908000e-03 2.501720e-01
185 7.416600e-01 6.888000e-03 2.514520e-01
186 7.404560e-01 6.800000e-03 2.527440e-01
187 7.391720e-01 6.928000e-03 2.539000e-01
188 7.380080e-01 6.872000e-03 2.551200e-01
189 7.367080e-01 6.948000e-03 2.563440e-01
190 7.353120e-01 7.100000e-03 2.575880e-01
191 7.342520e-01 6.928000e-03 2.588200e-01
192 7.330480e-01 6.932000e-03 2.600200e-01
193 7.317400e-01 6.980000e-03 2.612800e-01
194 7.304640e-01 7.096000e-03 2.624400e-01
195 7.292440e-01 7.072000e-03 2.636840e-01
196 7.280720e-01 7.092000e-03 2.648360e-01
197 7.267880e-01 7.132000e-03 2.660800e-01
198 7.256040e-01 7.176000e-03 2.672200e-01
199 7.245080e-01 7.048000e-03 2.684440e-01
200 7.232760e-01 6.904000e-03 2.698200e-01
201 7.220560e-01 6.892000e-03 2.710520e-01
202 7.210120e-01 6.612000e-03 2.723760e-01
203 7.199800e-01 6.476000e-03 2.735440e-01
204 7.189040e-01 6.412000e-03 2.746840e-01
205 7.178880e-01 6.348000e-03 2.757640e-01
206 7.168640e-01 6.208000e-03 2.769280e-01
207 7.158280e-01 6.116000e-03 2.780560e-01
208 7.149480e-01 5.976000e-03 2.790760e-01
209 7.140360e-01 5.920000e-03 2.800440e-01
210 7.131000e-01 5.940000e-03 2.809600e-01
211 7.120000e-01 5.964000e-03 2.820360e-01
212 7.111360e-01 5.728000e-03 2.831360e-01
213 7.101880e-01 5.816000e-03 2.839960e-01
214 7.091960e-01 5.828000e-03 2.849760e-01
215 7.083280e-01 5.596000e-03 2.860760e-01
216 7.072400e-01 5.640000e-03 2.871200e-01
217 7.064000e-01 5.460000e-03 2.881400e-01
218 7.054960e-01 5.416000e-03 2.890880e-01
219 7.046200e-01 5.436000e-03 2.899440e-01
220 7.039120e-01 5.276000e-03 2.908120e-01
221 7.030880e-01 5.160000e-03 2.917520e-01
222 7.021600e-01 5.156000e-03 2.926840e-01
223 7.012640e-01 5.096000e-03 2.936400e-01
224 7.003760e-01 5.136000e-03 2.944880e-01
225 6.995080e-01 5.172000e-03 2.953200e-01
226 6.986520e-01 5.112000e-03 2.962360e-01
227 6.978080e-01 5.084000e-03 2.971080e-01
228 6.968720e-01 5.188000e-03 2.979400e-01
229 6.960000e-01 5.132000e-03 2.988680e-01
230 6.951960e-01 5.084000e-03 2.997200e-01
231 6.942640e-01 5.208000e-03 3.005280e-01
232 6.933600e-01 5.136000e-03 3.015040e-01
233 6.925560e-01 5.036000e-03 3.024080e-01
234 6.916400e-01 5.028000e-03 3.033320e-01
235 6.908240e-01 4.976000e-03 3.042000e-01
236 6.900560e-01 4.996000e-03 3.049480e-01
237 6.893360e-01 4.860000e-03 3.058040e-01
238 6.886440e-01 4.700000e-03 3.066560e-01
239 6.878920e-01 4.640000e-03 3.074680e-01
240 6.870960e-01 4.648000e-03 3.082560e-01
241 6.863360e-01 4.488000e-03 3.091760e-01
242 6.856480e-01 4.388000e-03 3.099640e-01
243 6.848320e-01 4.380000e-03 3.107880e-01
244 6.840640e-01 4.440000e-03 3.114960e-01
245 6.832480e-01 4.376000e-03 3.123760e-01
246 6.825560e-01 4.352000e-03 3.130920e-01
247 6.818840e-01 4.328000e-03 3.137880e-01
248 6.812600e-01 4.196000e-03 3.145440e-01
249 6.805720e-01 4.040000e-03 3.153880e-01
250 6.798280e-01 4.100000e-03 3.160720e-01
251 6.789440e-01 4.244000e-03 3.168120e-01
252 6.782080e-01 4.292000e-03 3.175000e-01
253 6.774160e-01 4.304000e-03 3.182800e-01
254 6.766200e-01 4.372000e-03 3.190080e-01
255 6.758240e-01 4.392000e-03 3.197840e-01
256 6.751960e-01 4.252000e-03 3.205520e-01
257 6.745320e-01 4.244000e-03 3.212240e-01
258 6.738440e-01 4.168000e-03 3.219880e-01
259 6.730280e-01 4.224000e-03 3.227480e-01
260 6.723280e-01 4.196000e-03 3.234760e-01
261 6.717160e-01 4.072000e-03 3.242120e-01
262 6.710840e-01 3.940000e-03 3.249760e-01
263 6.703720e-01 3.912000e-03 3.257160e-01
264 6.697360e-01 3.872000e-03 3.263920e-01
265 6.689880e-01 3.956000e-03 3.270560e-01
266 6.682840e-01 3.956000e-03 3.277600e-01
267 6.676880e-01 3.852000e-03 3.284600e-01
268 6.671200e-01 3.700000e-03 3.291800e-01
269 6.664720e-01 3.728000e-03 3.298000e-01
270 6.657400e-01 3.788000e-03 3.304720e-01
271 6.650520e-01 3.804000e-03 3.311440e-01
272 6.642040e-01 3.936000e-03 3.318600e-01
273 6.633640e-01 4.028000e-03 3.326080e-01
274 6.626120e-01 4.064000e-03 3.333240e-01
275 6.619480e-01 4.028000e-03 3.340240e-01
276 6.613280e-01 3.896000e-03 3.347760e-01
277 6.606920e-01 3.836000e-03 3.354720e-01
278 6.600280e-01 3.788000e-03 3.361840e-01
279 6.594120e-01 3.792000e-03 3.367960e-01
280 6.587040e-01 3.888000e-03 3.374080e-01
281 6.580520e-01 3.904000e-03 3.380440e-01
282 6.573880e-01 3.896000e-03 3.387160e-01
283 6.566960e-01 3.896000e-03 3.394080e-01
284 6.558760e-01 4.040000e-03 3.400840e-01
285 6.552160e-01 4.020000e-03 3.407640e-01
286 6.544840e-01 4.012000e-03 3.415040e-01
287 6.538320e-01 3.968000e-03 3.422000e-01
288 6.532000e-01 3.884000e-03 3.429160e-01
289 6.525600e-01 3.812000e-03 3.436280e-01
290 6.519360e-01 3.716000e-03 3.443480e-01
291 6.512520e-01 3.720000e-03 3.450280e-01
292 6.505840e-01 3.684000e-03 3.457320e-01
293 6.499320e-01 3.672000e-03 3.463960e-01
294 6.492440e-01 3.764000e-03 3.469920e-01
295 6.485240e-01 3.724000e-03 3.477520e-01
296 6.480160e-01 3.608000e-03 3.483760e-01
297 6.474360e-01 3.544000e-03 3.490200e-01
298 6.468040e-01 3.564000e-03 3.496320e-01
299 6.462120e-01 3.580000e-03 3.502080e-01
300 6.456480e-01 3.524000e-03 3.508280e-01
301 6.449880e-01 3.640000e-03 3.513720e-01
302 6.442920e-01 3.724000e-03 3.519840e-01
303 6.437000e-01 3.680000e-03 3.526200e-01
304 6.430680e-01 3.636000e-03 3.532960e-01
305 6.424080e-01 3.580000e-03 3.540120e-01
306 6.417840e-01 3.552000e-03 3.546640e-01
307 6.411640e-01 3.488000e-03 3.553480e-01
308 6.406120e-01 3.428000e-03 3.559600e-01
309 6.399720e-01 3.444000e-03 3.565840e-01
310 6.394440e-01 3.344000e-03 3.572120e-01
311 6.388880e-01 3.312000e-03 3.578000e-01
312 6.382560e-01 3.372000e-03 3.583720e-01
313 6.376760e-01 3.464000e-03 3.588600e-01
314 6.371080e-01 3.404000e-03 3.594880e-01
315 6.365320e-01 3.388000e-03 3.600800e-01
316 6.360040e-01 3.432000e-03 3.605640e-01
317 6.354480e-01 3.344000e-03 3.612080e-01
318 6.349880e-01 3.200000e-03 3.618120e-01
319 6.343760e-01 3.312000e-03 3.623120e-01
320 6.337960e-01 3.296000e-03 3.629080e-01
321 6.331600e-01 3.364000e-03 3.634760e-01
322 6.325200e-01 3.392000e-03 3.640880e-01
323 6.318560e-01 3.536000e-03 3.646080e-01
324 6.312280e-01 3.532000e-03 3.652400e-01
325 6.306440e-01 3.544000e-03 3.658120e-01
326 6.300640e-01 3.512000e-03 3.664240e-01
327 6.294880e-01 3.488000e-03 3.670240e-01
328 6.288400e-01 3.484000e-03 3.676760e-01
329 6.281760e-01 3.540000e-03 3.682840e-01
330 6.276160e-01 3.468000e-03 3.689160e-01
331 6.269760e-01 3.440000e-03 3.695840e-01
332 6.263120e-01 3.512000e-03 3.701760e-01
333 6.257520e-01 3.480000e-03 3.707680e-01
334 6.251760e-01 3.508000e-03 3.713160e-01
335 6.245560e-01 3.584000e-03 3.718600e-01
336 6.239000e-01 3.600000e-03 3.725000e-01
337 6.232440e-01 3.664000e-03 3.730920e-01
338 6.225960e-01 3.688000e-03 3.737160e-01
339 6.220080e-01 3.576000e-03 3.744160e-01
340 6.214640e-01 3.484000e-03 3.750520e-01
341 6.208240e-01 3.520000e-03 3.756560e-01
342 6.201440e-01 3.692000e-03 3.761640e-01
343 6.194880e-01 3.760000e-03 3.767520e-01
344 6.188920e-01 3.720000e-03 3.773880e-01
345 6.183680e-01 3.556000e-03 3.780760e-01
346 6.177960e-01 3.528000e-03 3.786760e-01
347 6.171400e-01 3.600000e-03 3.792600e-01
348 6.165360e-01 3.596000e-03 3.798680e-01
349 6.159200e-01 3.548000e-03 3.805320e-01
350 6.152320e-01 3.556000e-03 3.812120e-01
351 6.146160e-01 3.500000e-03 3.818840e-01
352 6.140400e-01 3.484000e-03 3.824760e-01
353 6.134600e-01 3.500000e-03 3.830400e-01
354 6.128880e-01 3.472000e-03 3.836400e-01
355 6.122560e-01 3.460000e-03 3.842840e-01
356 6.116440e-01 3.472000e-03 3.848840e-01
357 6.110400e-01 3.440000e-03 3.855200e-01
358 6.105080e-01 3.304000e-03 3.861880e-01
359 6.100040e-01 3.252000e-03 3.867440e-01
360 6.095400e-01 3.140000e-03 3.873200e-01
361 6.090520e-01 3.136000e-03 3.878120e-01
362 6.084840e-01 3.220000e-03 3.882960e-01
363 6.079160e-01 3.260000e-03 3.888240e-01
364 6.074280e-01 3.164000e-03 3.894080e-01
365 6.068840e-01 3.148000e-03 3.899680e-01
366 6.063360e-01 3.176000e-03 3.904880e-01
367 6.058000e-01 3.124000e-03 3.910760e-01
368 6.053840e-01 2.988000e-03 3.916280e-01
369 6.049800e-01 2.920000e-03 3.921000e-01
370 6.044880e-01 2.984000e-03 3.925280e-01
371 6.040000e-01 2.916000e-03 3.930840e-01
372 6.035520e-01 2.800000e-03 3.936480e-01
373 6.031080e-01 2.724000e-03 3.941680e-01
374 6.026760e-01 2.736000e-03 3.945880e-01
375 6.022040e-01 2.764000e-03 3.950320e-01
376 6.016800e-01 2.788000e-03 3.955320e-01
377 6.011920e-01 2.816000e-03 3.959920e-01
378 6.007840e-01 2.720000e-03 3.964960e-01
379 6.002880e-01 2.752000e-03 3.969600e-01
380 5.997400e-01 2.820000e-03 3.974400e-01
381 5.992360e-01 2.796000e-03 3.979680e-01
382 5.987360e-01 2.836000e-03 3.984280e-01
383 5.982640e-01 2.832000e-03 3.989040e-01
384 5.977240e-01 2.904000e-03 3.993720e-01
385 5.972160e-01 2.864000e-03 3.999200e-01
386 5.967120e-01 2.888000e-03 4.004000e-01
387 5.962400e-01 2.888000e-03 4.008720e-01
388 5.957520e-01 2.928000e-03 4.013200e-01
389 5.952560e-01 2.848000e-03 4.018960e-01
390 5.948440e-01 2.704000e-03 4.024520e-01
391 5.944160e-01 2.580000e-03 4.030040e-01
392 5.941080e-01 2.452000e-03 4.034400e-01
393 5.937160e-01 2.380000e-03 4.039040e-01
394 5.933560e-01 2.300000e-03 4.043440e-01
395 5.929760e-01 2.272000e-03 4.047520e-01
396 5.925680e-01 2.308000e-03 4.051240e-01
397 5.921320e-01 2.364000e-03 4.055040e-01
398 5.917840e-01 2.320000e-03 4.058960e-01
399 5.913680e-01 2.356000e-03 4.062760e-01
400 5.910200e-01 2.340000e-03 4.066400e-01
401 5.906640e-01 2.328000e-03 4.070080e-01
402 5.903160e-01 2.244000e-03 4.074400e-01
403 5.899680e-01 2.196000e-03 4.078360e-01
404 5.896400e-01 2.208000e-03 4.081520e-01
405 5.893440e-01 2.180000e-03 4.084760e-01
406 5.890080e-01 2.176000e-03 4.088160e-01
407 5.886240e-01 2.212000e-03 4.091640e-01
408 5.882960e-01 2.192000e-03 4.095120e-01
409 5.880360e-01 2.068000e-03 4.098960e-01
410 5.876640e-01 2.100000e-03 4.102360e-01
411 5.873400e-01 2.000000e-03 4.106600e-01
412 5.870040e-01 1.976000e-03 4.110200e-01
413 5.867040e-01 1.908000e-03 4.113880e-01
414 5.864440e-01 1.824000e-03 4.117320e-01
415 5.861600e-01 1.808000e-03 4.120320e-01
416 5.858920e-01 1.764000e-03 4.123440e-01
417 5.855400e-01 1.816000e-03 4.126440e-01
418 5.851760e-01 1.912000e-03 4.129120e-01
419 5.849080e-01 1.816000e-03 4.132760e-01
420 5.845960e-01 1.832000e-03 4.135720e-01
421 5.843200e-01 1.824000e-03 4.138560e-01
422 5.840040e-01 1.808000e-03 4.141880e-01
423 5.836760e-01 1.784000e-03 4.145400e-01
424 5.834560e-01 1.688000e-03 4.148560e-01
425 5.831960e-01 1.700000e-03 4.151040e-01
426 5.829320e-01 1.664000e-03 4.154040e-01
427 5.827120e-01 1.592000e-03 4.156960e-01
428 5.824720e-01 1.560000e-03 4.159680e-01
429 5.821800e-01 1.580000e-03 4.162400e-01
430 5.818880e-01 1.596000e-03 4.165160e-01
431 5.815840e-01 1.628000e-03 4.167880e-01
432 5.812920e-01 1.604000e-03 4.171040e-01
433 5.810480e-01 1.560000e-03 4.173920e-01
434 5.807480e-01 1.568000e-03 4.176840e-01
435 5.804760e-01 1.536000e-03 4.179880e-01
436 5.801400e-01 1.564000e-03 4.182960e-01
437 5.798040e-01 1.636000e-03 4.185600e-01
438 5.794320e-01 1.724000e-03 4.188440e-01
439 5.790800e-01 1.788000e-03 4.191320e-01
440 5.788240e-01 1.716000e-03 4.194600e-01
441 5.785600e-01 1.688000e-03 4.197520e-01
442 5.782720e-01 1.628000e-03 4.201000e-01
443 5.779640e-01 1.664000e-03 4.203720e-01
444 5.776520e-01 1.628000e-03 4.207200e-01
445 5.774000e-01 1.616000e-03 4.209840e-01
446 5.771320e-01 1.636000e-03 4.212320e-01
447 5.769120e-01 1.568000e-03 4.215200e-01
448 5.765760e-01 1.600000e-03 4.218240e-01
449 5.762560e-01 1.648000e-03 4.220960e-01
450 5.760080e-01 1.600000e-03 4.223920e-01
451 5.757440e-01 1.548000e-03 4.227080e-01
452 5.755080e-01 1.524000e-03 4.229680e-01
453 5.752360e-01 1.512000e-03 4.232520e-01
454 5.749920e-01 1.496000e-03 4.235120e-01
455 5.748040e-01 1.444000e-03 4.237520e-01
456 5.745440e-01 1.396000e-03 4.240600e-01
457 5.743160e-01 1.372000e-03 4.243120e-01
458 5.741640e-01 1.312000e-03 4.245240e-01
459 5.739320e-01 1.324000e-03 4.247440e-01
460 5.736880e-01 1.380000e-03 4.249320e-01
461 5.734640e-01 1.340000e-03 4.251960e-01
462 5.731720e-01 1.416000e-03 4.254120e-01
463 5.729440e-01 1.376000e-03 4.256800e-01
464 5.726960e-01 1.352000e-03 4.259520e-01
465 5.724120e-01 1.364000e-03 4.262240e-01
466 5.721080e-01 1.400000e-03 4.264920e-01
467 5.718360e-01 1.412000e-03 4.267520e-01
468 5.715880e-01 1.460000e-03 4.269520e-01
469 5.713360e-01 1.460000e-03 4.272040e-01
470 5.711320e-01 1.404000e-03 4.274640e-01
471 5.709000e-01 1.412000e-03 4.276880e-01
472 5.706960e-01 1.392000e-03 4.279120e-01
473 5.705760e-01 1.280000e-03 4.281440e-01
474 5.703320e-01 1.352000e-03 4.283160e-01
475 5.701320e-01 1.308000e-03 4.285600e-01
476 5.699640e-01 1.256000e-03 4.287800e-01
477 5.697560e-01 1.180000e-03 4.290640e-01
478 5.695800e-01 1.180000e-03 4.292400e-01
479 5.693560e-01 1.148000e-03 4.294960e-01
480 5.691840e-01 1.064000e-03 4.297520e-01
481 5.689720e-01 1.076000e-03 4.299520e-01
482 5.688600e-01 1.000000e-03 4.301400e-01
483 5.687320e-01 9.640000e-04 4.303040e-01
484 5.685640e-01 9.840000e-04 4.304520e-01
485 5.683880e-01 9.920000e-04 4.306200e-01
486 5.683000e-01 8.920000e-04 4.308080e-01
487 5.681840e-01 8.640000e-04 4.309520e-01
488 5.679800e-01 9.440000e-04 4.310760e-01
489 5.678560e-01 9.120000e-04 4.312320e-01
490 5.676920e-01 9.160000e-04 4.313920e-01
491 5.675840e-01 8.840000e-04 4.315320e-01
492 5.673800e-01 9.480000e-04 4.316720e-01
493 5.672400e-01 9.120000e-04 4.318480e-01
494 5.671200e-01 8.760000e-04 4.320040e-01
495 5.670080e-01 7.880000e-04 4.322040e-01
496 5.668640e-01 8.120000e-04 4.323240e-01
497 5.667520e-01 7.880000e-04 4.324600e-01
498 5.665920e-01 7.920000e-04 4.326160e-01
499 5.664560e-01 7.840000e-04 4.327600e-01
500 5.663120e-01 8.160000e-04 4.328720e-01
