1 9.992760e-01 6.400000e-04 8.400000e-05
2 9.987120e-01 1.076000e-03 2.120000e-04
3 9.981080e-01 1.448000e-03 4.440000e-04
4 9.972720e-01 1.932000e-03 7.960000e-04
5 9.963840e-01 2.484000e-03 1.132000e-03
6 9.955280e-01 2.816000e-03 1.656000e-03
7 9.946680e-01 3.108000e-03 2.224000e-03
8 9.937760e-01 3.476000e-03 2.748000e-03
9 9.928320e-01 3.828000e-03 3.340000e-03
10 9.917760e-01 4.172000e-03 4.052000e-03
11 9.906280e-01 4.624000e-03 4.748000e-03
12 9.895880e-01 4.816000e-03 5.596000e-03
13 9.886280e-01 4.988000e-03 6.384000e-03
14 9.875120e-01 5.304000e-03 7.184000e-03
15 9.862080e-01 5.688000e-03 8.104000e-03
16 9.848720e-01 5.964000e-03 9.164000e-03
17 9.836520e-01 6.124000e-03 1.022400e-02
18 9.823640e-01 6.384000e-03 1.125200e-02
19 9.810800e-01 6.480000e-03 1.244000e-02
20 9.797240e-01 6.676000e-03 1.360000e-02
21 9.784520e-01 6.896000e-03 1.465200e-02
22 9.770360e-01 7.024000e-03 1.594000e-02
23 9.756320e-01 7.092000e-03 1.727600e-02
24 9.742040e-01 7.116000e-03 1.868000e-02
25 9.726800e-01 7.420000e-03 1.990000e-02
26 9.713120e-01 7.548000e-03 2.114000e-02
27 9.697400e-01 7.884000e-03 2.237600e-02
28 9.682880e-01 7.900000e-03 2.381200e-02
29 9.667360e-01 8.092000e-03 2.517200e-02
30 9.653240e-01 8.052000e-03 2.662400e-02
31 9.638920e-01 8.160000e-03 2.794800e-02
32 9.624560e-01 8.228000e-03 2.931600e-02
33 9.611600e-01 8.128000e-03 3.071200e-02
34 9.597360e-01 7.992000e-03 3.227200e-02
35 9.583800e-01 8.040000e-03 3.358000e-02
36 9.569880e-01 7.944000e-03 3.506800e-02
37 9.555840e-01 7.944000e-03 3.647200e-02
38 9.541560e-01 8.040000e-03 3.780400e-02
39 9.526680e-01 8.068000e-03 3.926400e-02
40 9.512680e-01 8.112000e-03 4.062000e-02
41 9.497800e-01 8.296000e-03 4.192400e-02
42 9.481440e-01 8.508000e-03 4.334800e-02
43 9.466760e-01 8.444000e-03 4.488000e-02
44 9.450720e-01 8.604000e-03 4.632400e-02
45 9.437160e-01 8.408000e-03 4.787600e-02
46 9.422960e-01 8.376000e-03 4.932800e-02
47 9.406960e-01 8.532000e-03 5.077200e-02
48 9.390960e-01 8.740000e-03 5.216400e-02
49 9.374840e-01 8.844000e-03 5.367200e-02
50 9.358360e-01 8.888000e-03 5.527600e-02
51 9.340080e-01 9.080000e-03 5.691200e-02
52 9.322800e-01 9.156000e-03 5.856400e-02
53 9.305360e-01 9.308000e-03 6.015600e-02
54 9.287480e-01 9.428000e-03 6.182400e-02
55 9.271840e-01 9.324000e-03 6.349200e-02
56 9.255280e-01 9.348000e-03 6.512400e-02
57 9.238960e-01 9.412000e-03 6.669200e-02
58 9.222840e-01 9.320000e-03 6.839600e-02
59 9.206520e-01 9.240000e-03 7.010800e-02
60 9.190640e-01 9.404000e-03 7.153200e-02
61 9.173760e-01 9.408000e-03 7.321600e-02
62 9.158120e-01 9.344000e-03 7.484400e-02
63 9.141200e-01 9.364000e-03 7.651600e-02
64 9.124320e-01 9.392000e-03 7.817600e-02
65 9.107280e-01 9.372000e-03 7.990000e-02
66 9.091240e-01 9.340000e-03 8.153600e-02
67 9.074880e-01 9.292000e-03 8.322000e-02
68 9.057840e-01 9.392000e-03 8.482400e-02
69 9.040240e-01 9.576000e-03 8.640000e-02
70 9.023440e-01 9.664000e-03 8.799200e-02
71 9.005560e-01 9.708000e-03 8.973600e-02
72 8.986720e-01 9.916000e-03 9.141200e-02
73 8.969240e-01 9.816000e-03 9.326000e-02
74 8.950240e-01 9.996000e-03 9.498000e-02
75 8.933000e-01 9.944000e-03 9.675600e-02
76 8.916480e-01 9.892000e-03 9.846000e-02
77 8.898600e-01 9.868000e-03 1.002720e-01
78 8.881240e-01 9.844000e-03 1.020320e-01
79 8.863720e-01 9.820000e-03 1.038080e-01
80 8.847320e-01 9.764000e-03 1.055040e-01
81 8.832040e-01 9.564000e-03 1.072320e-01
82 8.813920e-01 9.736000e-03 1.088720e-01
83 8.797720e-01 9.652000e-03 1.105760e-01
84 8.780360e-01 9.748000e-03 1.122160e-01
85 8.764040e-01 9.576000e-03 1.140200e-01
86 8.748960e-01 9.340000e-03 1.157640e-01
87 8.731720e-01 9.388000e-03 1.174400e-01
88 8.713960e-01 9.532000e-03 1.190720e-01
89 8.697480e-01 9.528000e-03 1.207240e-01
90 8.680120e-01 9.620000e-03 1.223680e-01
91 8.663840e-01 9.448000e-03 1.241680e-01
92 8.649080e-01 9.340000e-03 1.257520e-01
93 8.634560e-01 9.164000e-03 1.273800e-01
94 8.620280e-01 8.960000e-03 1.290120e-01
95 8.606520e-01 8.732000e-03 1.306160e-01
96 8.592920e-01 8.580000e-03 1.321280e-01
97 8.580000e-01 8.432000e-03 1.335680e-01
98 8.566760e-01 8.264000e-03 1.350600e-01
99 8.555200e-01 7.992000e-03 1.364880e-01
100 8.540960e-01 7.912000e-03 1.379920e-01
101 8.528760e-01 7.908000e-03 1.392160e-01
102 8.516120e-01 7.668000e-03 1.407200e-01
103 8.504960e-01 7.492000e-03 1.420120e-01
104 8.492760e-01 7.384000e-03 1.433400e-01
105 8.480680e-01 7.284000e-03 1.446480e-01
106 8.469280e-01 7.052000e-03 1.460200e-01
107 8.457240e-01 6.976000e-03 1.473000e-01
108 8.444120e-01 7.080000e-03 1.485080e-01
109 8.432560e-01 6.844000e-03 1.499000e-01
110 8.421400e-01 6.892000e-03 1.509680e-01
111 8.409600e-01 6.976000e-03 1.520640e-01
112 8.399280e-01 6.740000e-03 1.533320e-01
113 8.388680e-01 6.680000e-03 1.544520e-01
114 8.377160e-01 6.624000e-03 1.556600e-01
115 8.365360e-01 6.672000e-03 1.567920e-01
116 8.354720e-01 6.572000e-03 1.579560e-01
117 8.342360e-01 6.612000e-03 1.591520e-01
118 8.329480e-01 6.660000e-03 1.603920e-01
119 8.318160e-01 6.552000e-03 1.616320e-01
120 8.307080e-01 6.480000e-03 1.628120e-01
121 8.297000e-01 6.420000e-03 1.638800e-01
122 8.286000e-01 6.448000e-03 1.649520e-01
123 8.275280e-01 6.400000e-03 1.660720e-01
124 8.263760e-01 6.328000e-03 1.672960e-01
125 8.252760e-01 6.396000e-03 1.683280e-01
126 8.242400e-01 6.240000e-03 1.695200e-01
127 8.231560e-01 6.288000e-03 1.705560e-01
128 8.218760e-01 6.332000e-03 1.717920e-01
129 8.207560e-01 6.296000e-03 1.729480e-01
130 8.195880e-01 6.252000e-03 1.741600e-01
131 8.183760e-01 6.412000e-03 1.752120e-01
132 8.171960e-01 6.460000e-03 1.763440e-01
133 8.160440e-01 6.496000e-03 1.774600e-01
134 8.146640e-01 6.692000e-03 1.786440e-01
135 8.134760e-01 6.684000e-03 1.798400e-01
136 8.122600e-01 6.840000e-03 1.809000e-01
137 8.110920e-01 6.804000e-03 1.821040e-01
138 8.100480e-01 6.772000e-03 1.831800e-01
139 8.088600e-01 6.792000e-03 1.843480e-01
140 8.076600e-01 6.924000e-03 1.854160e-01
141 8.065200e-01 6.772000e-03 1.867080e-01
142 8.054080e-01 6.672000e-03 1.879200e-01
143 8.040200e-01 6.820000e-03 1.891600e-01
144 8.027160e-01 6.916000e-03 1.903680e-01
145 8.015960e-01 6.852000e-03 1.915520e-01
146 8.003320e-01 6.952000e-03 1.927160e-01
147 7.991120e-01 6.952000e-03 1.939360e-01
148 7.980400e-01 6.760000e-03 1.952000e-01
149 7.969640e-01 6.684000e-03 1.963520e-01
150 7.959520e-01 6.560000e-03 1.974880e-01
151 7.948640e-01 6.524000e-03 1.986120e-01
152 7.938480e-01 6.408000e-03 1.997440e-01
153 7.927320e-01 6.376000e-03 2.008920e-01
154 7.915280e-01 6.604000e-03 2.018680e-01
155 7.902360e-01 6.704000e-03 2.030600e-01
156 7.889880e-01 6.904000e-03 2.041080e-01
157 7.877400e-01 6.908000e-03 2.053520e-01
158 7.865760e-01 7.024000e-03 2.064000e-01
159 7.854080e-01 6.812000e-03 2.077800e-01
160 7.843280e-01 6.664000e-03 2.090080e-01
161 7.832280e-01 6.488000e-03 2.102840e-01
162 7.821880e-01 6.396000e-03 2.114160e-01
163 7.811080e-01 6.368000e-03 2.125240e-01
164 7.800360e-01 6.304000e-03 2.136600e-01
165 7.788840e-01 6.348000e-03 2.147680e-01
166 7.778640e-01 6.172000e-03 2.159640e-01
167 7.767400e-01 6.220000e-03 2.170400e-01
168 7.755960e-01 6.328000e-03 2.180760e-01
169 7.745800e-01 6.256000e-03 2.191640e-01
170 7.736120e-01 6.204000e-03 2.201840e-01
171 7.725280e-01 6.312000e-03 2.211600e-01
172 7.714200e-01 6.316000e-03 2.222640e-01
173 7.703280e-01 6.260000e-03 2.234120e-01
174 7.692640e-01 6.160000e-03 2.245760e-01
175 7.683040e-01 6.012000e-03 2.256840e-01
176 7.672240e-01 6.084000e-03 2.266920e-01
177 7.662600e-01 5.972000e-03 2.277680e-01
178 7.651840e-01 6.024000e-03 2.287920e-01
179 7.642800e-01 5.960000e-03 2.297600e-01
180 7.632480e-01 6.080000e-03 2.306720e-01
181 7.622200e-01 5.976000e-03 2.318040e-01
182 7.612720e-01 6.032000e-03 2.326960e-01
183 7.603320e-01 5.828000e-03 2.338400e-01
184 7.593960e-01 5.736000e-03 2.348680e-01
185 7.584360e-01 5.740000e-03 2.358240e-01
186 7.574680e-01 5.688000e-03 2.368440e-01
187 7.566040e-01 5.528000e-03 2.378680e-01
188 7.557920e-01 5.440000e-03 2.387680e-01
189 7.548680e-01 5.364000e-03 2.397680e-01
190 7.539360e-01 5.392000e-03 2.406720e-01
191 7.530800e-01 5.260000e-03 2.416600e-01
192 7.524280e-01 4.964000e-03 2.426080e-01
193 7.517200e-01 4.852000e-03 2.434280e-01
194 7.509920e-01 4.672000e-03 2.443360e-01
195 7.502600e-01 4.528000e-03 2.452120e-01
196 7.495200e-01 4.440000e-03 2.460400e-01
197 7.487600e-01 4.452000e-03 2.467880e-01
198 7.480880e-01 4.392000e-03 2.475200e-01
199 7.473000e-01 4.444000e-03 2.482560e-01
200 7.464440e-01 4.516000e-03 2.490400e-01
201 7.457560e-01 4.488000e-03 2.497560e-01
202 7.449360e-01 4.504000e-03 2.505600e-01
203 7.441200e-01 4.504000e-03 2.513760e-01
204 7.432840e-01 4.556000e-03 2.521600e-01
205 7.424600e-01 4.572000e-03 2.529680e-01
206 7.416920e-01 4.544000e-03 2.537640e-01
207 7.410040e-01 4.464000e-03 2.545320e-01
208 7.401240e-01 4.568000e-03 2.553080e-01
209 7.393640e-01 4.580000e-03 2.560560e-01
210 7.385320e-01 4.464000e-03 2.570040e-01
211 7.378040e-01 4.440000e-03 2.577560e-01
212 7.370960e-01 4.428000e-03 2.584760e-01
213 7.363360e-01 4.428000e-03 2.592360e-01
214 7.356000e-01 4.340000e-03 2.600600e-01
215 7.347880e-01 4.320000e-03 2.608920e-01
216 7.340600e-01 4.364000e-03 2.615760e-01
217 7.333080e-01 4.220000e-03 2.624720e-01
218 7.325560e-01 4.188000e-03 2.632560e-01
219 7.318680e-01 4.104000e-03 2.640280e-01
220 7.311360e-01 4.148000e-03 2.647160e-01
221 7.305040e-01 4.072000e-03 2.654240e-01
222 7.297520e-01 4.176000e-03 2.660720e-01
223 7.290400e-01 4.208000e-03 2.667520e-01
224 7.283120e-01 4.160000e-03 2.675280e-01
225 7.274160e-01 4.328000e-03 2.682560e-01
226 7.267280e-01 4.312000e-03 2.689600e-01
227 7.260120e-01 4.164000e-03 2.698240e-01
228 7.252560e-01 4.176000e-03 2.705680e-01
229 7.245480e-01 4.212000e-03 2.712400e-01
230 7.237440e-01 4.264000e-03 2.719920e-01
231 7.229480e-01 4.308000e-03 2.727440e-01
232 7.221760e-01 4.336000e-03 2.734880e-01
233 7.212440e-01 4.508000e-03 2.742480e-01
234 7.204200e-01 4.440000e-03 2.751400e-01
235 7.195840e-01 4.432000e-03 2.759840e-01
236 7.188480e-01 4.400000e-03 2.767520e-01
237 7.180440e-01 4.412000e-03 2.775440e-01
238 7.172040e-01 4.492000e-03 2.783040e-01
239 7.163400e-01 4.580000e-03 2.790800e-01
240 7.155760e-01 4.564000e-03 2.798600e-01
241 7.148040e-01 4.492000e-03 2.807040e-01
242 7.140480e-01 4.444000e-03 2.815080e-01
243 7.132760e-01 4.420000e-03 2.823040e-01
244 7.124720e-01 4.480000e-03 2.830480e-01
245 7.116400e-01 4.564000e-03 2.837960e-01
246 7.107760e-01 4.644000e-03 2.845800e-01
247 7.100120e-01 4.584000e-03 2.854040e-01
248 7.093000e-01 4.448000e-03 2.862520e-01
249 7.085440e-01 4.356000e-03 2.871000e-01
250 7.078320e-01 4.348000e-03 2.878200e-01
251 7.070240e-01 4.352000e-03 2.886240e-01
252 7.063080e-01 4.380000e-03 2.893120e-01
253 7.056480e-01 4.268000e-03 2.900840e-01
254 7.048720e-01 4.248000e-03 2.908800e-01
255 7.041520e-01 4.264000e-03 2.915840e-01
256 7.033080e-01 4.368000e-03 2.923240e-01
257 7.025200e-01 4.436000e-03 2.930440e-01
258 7.018520e-01 4.316000e-03 2.938320e-01
259 7.011640e-01 4.296000e-03 2.945400e-01
260 7.004440e-01 4.236000e-03 2.953200e-01
261 6.997560e-01 4.084000e-03 2.961600e-01
262 6.990760e-01 4.012000e-03 2.969120e-01
263 6.983080e-01 4.096000e-03 2.975960e-01
264 6.975720e-01 4.112000e-03 2.983160e-01
265 6.969040e-01 4.012000e-03 2.990840e-01
266 6.961160e-01 4.104000e-03 2.997800e-01
267 6.954680e-01 3.940000e-03 3.005920e-01
268 6.948440e-01 3.904000e-03 3.012520e-01
269 6.941200e-01 3.896000e-03 3.019840e-01
270 6.935080e-01 3.836000e-03 3.026560e-01
271 6.928160e-01 3.880000e-03 3.033040e-01
272 6.922400e-01 3.752000e-03 3.040080e-01
273 6.916680e-01 3.624000e-03 3.047080e-01
274 6.911360e-01 3.560000e-03 3.053040e-01
275 6.905760e-01 3.444000e-03 3.059800e-01
276 6.899920e-01 3.384000e-03 3.066240e-01
277 6.895800e-01 3.228000e-03 3.071920e-01
278 6.890440e-01 3.248000e-03 3.077080e-01
279 6.884960e-01 3.268000e-03 3.082360e-01
280 6.880160e-01 3.244000e-03 3.087400e-01
281 6.874920e-01 3.260000e-03 3.092480e-01
282 6.869960e-01 3.224000e-03 3.097800e-01
283 6.865160e-01 3.204000e-03 3.102800e-01
284 6.860600e-01 3.080000e-03 3.108600e-01
285 6.855520e-01 3.036000e-03 3.114120e-01
286 6.850480e-01 3.060000e-03 3.118920e-01
287 6.845800e-01 2.952000e-03 3.124680e-01
288 6.841760e-01 2.832000e-03 3.129920e-01
289 6.836960e-01 2.860000e-03 3.134440e-01
290 6.832720e-01 2.804000e-03 3.139240e-01
291 6.828280e-01 2.804000e-03 3.143680e-01
292 6.823600e-01 2.840000e-03 3.148000e-01
293 6.818880e-01 2.736000e-03 3.153760e-01
294 6.814200e-01 2.732000e-03 3.158480e-01
295 6.809520e-01 2.688000e-03 3.163600e-01
296 6.804520e-01 2.728000e-03 3.168200e-01
297 6.800240e-01 2.668000e-03 3.173080e-01
298 6.795760e-01 2.612000e-03 3.178120e-01
299 6.790440e-01 2.636000e-03 3.183200e-01
300 6.785840e-01 2.708000e-03 3.187080e-01
301 6.781480e-01 2.688000e-03 3.191640e-01
302 6.776200e-01 2.756000e-03 3.196240e-01
303 6.770160e-01 2.876000e-03 3.201080e-01
304 6.765400e-01 2.868000e-03 3.205920e-01
305 6.759360e-01 2.984000e-03 3.210800e-01
306 6.753280e-01 3.144000e-03 3.215280e-01
307 6.746840e-01 3.160000e-03 3.221560e-01
308 6.742280e-01 3.060000e-03 3.227120e-01
309 6.736560e-01 3.088000e-03 3.232560e-01
310 6.730960e-01 3.080000e-03 3.238240e-01
311 6.725640e-01 3.108000e-03 3.243280e-01
312 6.719520e-01 3.160000e-03 3.248880e-01
313 6.714040e-01 3.156000e-03 3.254400e-01
314 6.708880e-01 3.100000e-03 3.260120e-01
315 6.704000e-01 3.072000e-03 3.265280e-01
316 6.699120e-01 3.076000e-03 3.270120e-01
317 6.693800e-01 3.044000e-03 3.275760e-01
318 6.688120e-01 3.140000e-03 3.280480e-01
319 6.682640e-01 3.152000e-03 3.285840e-01
320 6.677040e-01 3.168000e-03 3.291280e-01
321 6.671960e-01 3.096000e-03 3.297080e-01
322 6.666840e-01 2.992000e-03 3.303240e-01
323 6.661000e-01 3.052000e-03 3.308480e-01
324 6.655640e-01 3.008000e-03 3.314280e-01
325 6.649720e-01 3.132000e-03 3.318960e-01
326 6.644040e-01 3.192000e-03 3.324040e-01
327 6.638280e-01 3.168000e-03 3.330040e-01
328 6.632920e-01 3.224000e-03 3.334840e-01
329 6.627760e-01 3.236000e-03 3.339880e-01
330 6.621520e-01 3.296000e-03 3.345520e-01
331 6.616280e-01 3.248000e-03 3.351240e-01
332 6.611120e-01 3.208000e-03 3.356800e-01
333 6.606720e-01 3.072000e-03 3.362560e-01
334 6.601920e-01 2.952000e-03 3.368560e-01
335 6.597800e-01 2.948000e-03 3.372720e-01
336 6.593520e-01 2.892000e-03 3.377560e-01
337 6.589120e-01 2.832000e-03 3.382560e-01
338 6.584240e-01 2.856000e-03 3.387200e-01
339 6.579480e-01 2.816000e-03 3.392360e-01
340 6.575000e-01 2.816000e-03 3.396840e-01
341 6.569120e-01 2.880000e-03 3.402080e-01
342 6.565160e-01 2.788000e-03 3.406960e-01
343 6.560480e-01 2.732000e-03 3.412200e-01
344 6.556440e-01 2.720000e-03 3.416360e-01
345 6.552000e-01 2.716000e-03 3.420840e-01
346 6.547880e-01 2.716000e-03 3.424960e-01
347 6.542960e-01 2.720000e-03 3.429840e-01
348 6.538440e-01 2.676000e-03 3.434800e-01
349 6.533800e-01 2.688000e-03 3.439320e-01
350 6.529640e-01 2.680000e-03 3.443560e-01
351 6.526520e-01 2.492000e-03 3.448560e-01
352 6.522560e-01 2.448000e-03 3.452960e-01
353 6.518040e-01 2.420000e-03 3.457760e-01
354 6.514520e-01 2.296000e-03 3.462520e-01
355 6.511000e-01 2.224000e-03 3.466760e-01
356 6.507800e-01 2.156000e-03 3.470640e-01
357 6.504840e-01 2.076000e-03 3.474400e-01
358 6.501520e-01 2.036000e-03 3.478120e-01
359 6.498120e-01 1.976000e-03 3.482120e-01
360 6.494360e-01 2.012000e-03 3.485520e-01
361 6.491040e-01 1.996000e-03 3.489000e-01
362 6.486560e-01 2.012000e-03 3.493320e-01
363 6.483280e-01 2.020000e-03 3.496520e-01
364 6.479720e-01 2.040000e-03 3.499880e-01
365 6.476160e-01 2.032000e-03 3.503520e-01
366 6.472120e-01 2.084000e-03 3.507040e-01
367 6.468120e-01 2.148000e-03 3.510400e-01
368 6.463480e-01 2.260000e-03 3.513920e-01
369 6.458920e-01 2.388000e-03 3.517200e-01
370 6.454320e-01 2.412000e-03 3.521560e-01
371 6.449640e-01 2.452000e-03 3.525840e-01
372 6.444920e-01 2.480000e-03 3.530280e-01
373 6.440920e-01 2.444000e-03 3.534640e-01
374 6.436640e-01 2.496000e-03 3.538400e-01
375 6.432400e-01 2.400000e-03 3.543600e-01
376 6.428000e-01 2.412000e-03 3.547880e-01
377 6.423840e-01 2.380000e-03 3.552360e-01
378 6.419680e-01 2.372000e-03 3.556600e-01
379 6.415800e-01 2.304000e-03 3.561160e-01
380 6.411760e-01 2.312000e-03 3.565120e-01
381 6.408520e-01 2.232000e-03 3.569160e-01
382 6.404040e-01 2.280000e-03 3.573160e-01
383 6.401160e-01 2.172000e-03 3.577120e-01
384 6.397800e-01 2.184000e-03 3.580360e-01
385 6.393920e-01 2.192000e-03 3.584160e-01
386 6.390960e-01 2.076000e-03 3.588280e-01
387 6.387240e-01 2.056000e-03 3.592200e-01
388 6.383840e-01 2.032000e-03 3.595840e-01
389 6.380440e-01 2.024000e-03 3.599320e-01
390 6.377120e-01 1.972000e-03 3.603160e-01
391 6.372440e-01 2.100000e-03 3.606560e-01
392 6.369280e-01 2.076000e-03 3.609960e-01
393 6.365480e-01 2.140000e-03 3.613120e-01
394 6.362160e-01 2.156000e-03 3.616280e-01
395 6.359440e-01 2.016000e-03 3.620400e-01
396 6.356360e-01 2.020000e-03 3.623440e-01
397 6.353520e-01 1.964000e-03 3.626840e-01
398 6.351000e-01 1.808000e-03 3.630920e-01
399 6.348480e-01 1.700000e-03 3.634520e-01
400 6.345920e-01 1.680000e-03 3.637280e-01
401 6.343360e-01 1.624000e-03 3.640400e-01
402 6.340920e-01 1.604000e-03 3.643040e-01
403 6.338960e-01 1.548000e-03 3.645560e-01
404 6.336200e-01 1.584000e-03 3.647960e-01
405 6.333960e-01 1.564000e-03 3.650400e-01
406 6.332080e-01 1.476000e-03 3.653160e-01
407 6.329680e-01 1.504000e-03 3.655280e-01
408 6.327520e-01 1.472000e-03 3.657760e-01
409 6.325800e-01 1.408000e-03 3.660120e-01
410 6.323840e-01 1.376000e-03 3.662400e-01
411 6.320760e-01 1.444000e-03 3.664800e-01
412 6.318640e-01 1.384000e-03 3.667520e-01
413 6.315720e-01 1.416000e-03 3.670120e-01
414 6.312720e-01 1.456000e-03 3.672720e-01
415 6.310320e-01 1.440000e-03 3.675280e-01
416 6.307960e-01 1.444000e-03 3.677600e-01
417 6.304960e-01 1.504000e-03 3.680000e-01
418 6.302040e-01 1.512000e-03 3.682840e-01
419 6.299920e-01 1.424000e-03 3.685840e-01
420 6.297360e-01 1.436000e-03 3.688280e-01
421 6.294920e-01 1.452000e-03 3.690560e-01
422 6.292240e-01 1.480000e-03 3.692960e-01
423 6.289960e-01 1.412000e-03 3.695920e-01
424 6.287360e-01 1.432000e-03 3.698320e-01
425 6.284440e-01 1.548000e-03 3.700080e-01
426 6.281880e-01 1.540000e-03 3.702720e-01
427 6.278600e-01 1.548000e-03 3.705920e-01
428 6.275920e-01 1.524000e-03 3.708840e-01
429 6.273400e-01 1.484000e-03 3.711760e-01
430 6.270320e-01 1.524000e-03 3.714440e-01
431 6.267720e-01 1.524000e-03 3.717040e-01
432 6.264720e-01 1.540000e-03 3.719880e-01
433 6.262080e-01 1.492000e-03 3.723000e-01
434 6.259680e-01 1.488000e-03 3.725440e-01
435 6.257000e-01 1.476000e-03 3.728240e-01
436 6.255200e-01 1.376000e-03 3.731040e-01
437 6.252920e-01 1.364000e-03 3.733440e-01
438 6.250640e-01 1.388000e-03 3.735480e-01
439 6.247960e-01 1.420000e-03 3.737840e-01
440 6.245000e-01 1.432000e-03 3.740680e-01
441 6.242960e-01 1.432000e-03 3.742720e-01
442 6.241160e-01 1.416000e-03 3.744680e-01
443 6.238040e-01 1.500000e-03 3.746960e-01
444 6.235280e-01 1.512000e-03 3.749600e-01
445 6.232600e-01 1.480000e-03 3.752600e-01
446 6.230200e-01 1.436000e-03 3.755440e-01
447 6.227680e-01 1.464000e-03 3.757680e-01
448 6.225720e-01 1.432000e-03 3.759960e-01
449 6.223640e-01 1.412000e-03 3.762240e-01
450 6.221320e-01 1.408000e-03 3.764600e-01
451 6.219480e-01 1.356000e-03 3.766960e-01
452 6.217200e-01 1.332000e-03 3.769480e-01
453 6.214960e-01 1.292000e-03 3.772120e-01
454 6.212840e-01 1.256000e-03 3.774600e-01
455 6.211080e-01 1.228000e-03 3.776640e-01
456 6.207880e-01 1.324000e-03 3.778880e-01
457 6.205800e-01 1.292000e-03 3.781280e-01
458 6.203440e-01 1.312000e-03 3.783440e-01
459 6.201360e-01 1.260000e-03 3.786040e-01
460 6.200000e-01 1.152000e-03 3.788480e-01
461 6.198320e-01 1.144000e-03 3.790240e-01
462 6.196640e-01 1.112000e-03 3.792240e-01
463 6.194680e-01 1.104000e-03 3.794280e-01
464 6.192560e-01 1.092000e-03 3.796520e-01
465 6.190760e-01 1.064000e-03 3.798600e-01
466 6.188720e-01 1.072000e-03 3.800560e-01
467 6.186760e-01 1.088000e-03 3.802360e-01
468 6.184000e-01 1.208000e-03 3.803920e-01
469 6.181800e-01 1.208000e-03 3.806120e-01
470 6.180440e-01 1.168000e-03 3.807880e-01
471 6.178360e-01 1.204000e-03 3.809600e-01
472 6.176680e-01 1.184000e-03 3.811480e-01
473 6.174640e-01 1.160000e-03 3.813760e-01
474 6.172080e-01 1.204000e-03 3.815880e-01
475 6.170240e-01 1.176000e-03 3.818000e-01
476 6.167880e-01 1.236000e-03 3.819760e-01
477 6.164880e-01 1.332000e-03 3.821800e-01
478 6.162280e-01 1.404000e-03 3.823680e-01
479 6.159560e-01 1.416000e-03 3.826280e-01
480 6.156920e-01 1.404000e-03 3.829040e-01
481 6.155280e-01 1.312000e-03 3.831600e-01
482 6.153440e-01 1.284000e-03 3.833720e-01
483 6.151400e-01 1.280000e-03 3.835800e-01
484 6.149440e-01 1.252000e-03 3.838040e-01
485 6.147280e-01 1.256000e-03 3.840160e-01
486 6.145520e-01 1.208000e-03 3.842400e-01
487 6.143640e-01 1.204000e-03 3.844320e-01
488 6.141640e-01 1.184000e-03 3.846520e-01
489 6.139880e-01 1.160000e-03 3.848520e-01
490 6.138200e-01 1.100000e-03 3.850800e-01
491 6.136520e-01 1.064000e-03 3.852840e-01
492 6.134640e-01 1.080000e-03 3.854560e-01
493 6.132640e-01 1.132000e-03 3.856040e-01
494 6.130720e-01 1.124000e-03 3.858040e-01
495 6.128680e-01 1.088000e-03 3.860440e-01
496 6.126320e-01 1.112000e-03 3.862560e-01
497 6.124120e-01 1.140000e-03 3.864480e-01
498 6.122160e-01 1.152000e-03 3.866320e-01
499 6.120240e-01 1.132000e-03 3.868440e-01
500 6.118360e-01 1.084000e-03 3.870800e-01
