1 9.992320e-01 6.680000e-04 1.000000e-04
2 9.988040e-01 9.680000e-04 2.280000e-04
3 9.981920e-01 1.384000e-03 4.240000e-04
4 9.974200e-01 1.912000e-03 6.680000e-04
5 9.965000e-01 2.452000e-03 1.048000e-03
6 9.956520e-01 2.804000e-03 1.544000e-03
7 9.948360e-01 3.152000e-03 2.012000e-03
8 9.938960e-01 3.504000e-03 2.600000e-03
9 9.929280e-01 3.828000e-03 3.244000e-03
10 9.917720e-01 4.256000e-03 3.972000e-03
11 9.906440e-01 4.508000e-03 4.848000e-03
12 9.895560e-01 4.772000e-03 5.672000e-03
13 9.885600e-01 4.976000e-03 6.464000e-03
14 9.873920e-01 5.220000e-03 7.388000e-03
15 9.861720e-01 5.492000e-03 8.336000e-03
16 9.849960e-01 5.676000e-03 9.328000e-03
17 9.838600e-01 5.856000e-03 1.028400e-02
18 9.827080e-01 5.936000e-03 1.135600e-02
19 9.816400e-01 6.072000e-03 1.228800e-02
20 9.804840e-01 6.184000e-03 1.333200e-02
21 9.794080e-01 6.276000e-03 1.431600e-02
22 9.782520e-01 6.272000e-03 1.547600e-02
23 9.770520e-01 6.404000e-03 1.654400e-02
24 9.757400e-01 6.544000e-03 1.771600e-02
25 9.743360e-01 6.756000e-03 1.890800e-02
26 9.731440e-01 6.800000e-03 2.005600e-02
27 9.718080e-01 6.812000e-03 2.138000e-02
28 9.706000e-01 6.876000e-03 2.252400e-02
29 9.693520e-01 6.900000e-03 2.374800e-02
30 9.679680e-01 7.140000e-03 2.489200e-02
31 9.665200e-01 7.256000e-03 2.622400e-02
32 9.651920e-01 7.268000e-03 2.754000e-02
33 9.639040e-01 7.332000e-03 2.876400e-02
34 9.626520e-01 7.276000e-03 3.007200e-02
35 9.613880e-01 7.156000e-03 3.145600e-02
36 9.603240e-01 7.000000e-03 3.267600e-02
37 9.590880e-01 7.072000e-03 3.384000e-02
38 9.579960e-01 6.816000e-03 3.518800e-02
39 9.567800e-01 6.912000e-03 3.630800e-02
40 9.556160e-01 6.876000e-03 3.750800e-02
41 9.542560e-01 6.980000e-03 3.876400e-02
42 9.529400e-01 6.972000e-03 4.008800e-02
43 9.516440e-01 6.920000e-03 4.143600e-02
44 9.503960e-01 7.076000e-03 4.252800e-02
45 9.490640e-01 7.260000e-03 4.367600e-02
46 9.477360e-01 7.388000e-03 4.487600e-02
47 9.464040e-01 7.412000e-03 4.618400e-02
48 9.449280e-01 7.592000e-03 4.748000e-02
49 9.436200e-01 7.568000e-03 4.881200e-02
50 9.423200e-01 7.640000e-03 5.004000e-02
51 9.411360e-01 7.428000e-03 5.143600e-02
52 9.398880e-01 7.412000e-03 5.270000e-02
53 9.384520e-01 7.480000e-03 5.406800e-02
54 9.371400e-01 7.352000e-03 5.550800e-02
55 9.359520e-01 7.244000e-03 5.680400e-02
56 9.346000e-01 7.336000e-03 5.806400e-02
57 9.331440e-01 7.548000e-03 5.930800e-02
58 9.316480e-01 7.768000e-03 6.058400e-02
59 9.301040e-01 7.896000e-03 6.200000e-02
60 9.286320e-01 7.792000e-03 6.357600e-02
61 9.273520e-01 7.784000e-03 6.486400e-02
62 9.259240e-01 7.776000e-03 6.630000e-02
63 9.244040e-01 7.856000e-03 6.774000e-02
64 9.227760e-01 8.000000e-03 6.922400e-02
65 9.212920e-01 8.080000e-03 7.062800e-02
66 9.197360e-01 8.244000e-03 7.202000e-02
67 9.181360e-01 8.452000e-03 7.341200e-02
68 9.165560e-01 8.420000e-03 7.502400e-02
69 9.149600e-01 8.440000e-03 7.660000e-02
70 9.133720e-01 8.588000e-03 7.804000e-02
71 9.117920e-01 8.576000e-03 7.963200e-02
72 9.102120e-01 8.732000e-03 8.105600e-02
73 9.086480e-01 8.896000e-03 8.245600e-02
74 9.068840e-01 9.144000e-03 8.397200e-02
75 9.051600e-01 9.312000e-03 8.552800e-02
76 9.033360e-01 9.516000e-03 8.714800e-02
77 9.016360e-01 9.684000e-03 8.868000e-02
78 9.000040e-01 9.580000e-03 9.041600e-02
79 8.983880e-01 9.576000e-03 9.203600e-02
80 8.967280e-01 9.540000e-03 9.373200e-02
81 8.950760e-01 9.328000e-03 9.559600e-02
82 8.934520e-01 9.312000e-03 9.723600e-02
83 8.918800e-01 9.160000e-03 9.896000e-02
84 8.902040e-01 9.180000e-03 1.006160e-01
85 8.887160e-01 9.136000e-03 1.021480e-01
86 8.871160e-01 9.208000e-03 1.036760e-01
87 8.856880e-01 9.004000e-03 1.053080e-01
88 8.841400e-01 8.960000e-03 1.069000e-01
89 8.825120e-01 9.108000e-03 1.083800e-01
90 8.809200e-01 9.040000e-03 1.100400e-01
91 8.794720e-01 9.028000e-03 1.115000e-01
92 8.777880e-01 9.036000e-03 1.131760e-01
93 8.761280e-01 9.104000e-03 1.147680e-01
94 8.745360e-01 9.092000e-03 1.163720e-01
95 8.730640e-01 8.876000e-03 1.180600e-01
96 8.713120e-01 8.940000e-03 1.197480e-01
97 8.697120e-01 8.908000e-03 1.213800e-01
98 8.680120e-01 8.988000e-03 1.230000e-01
99 8.663640e-01 9.092000e-03 1.245440e-01
100 8.646360e-01 9.160000e-03 1.262040e-01
101 8.629880e-01 9.316000e-03 1.276960e-01
102 8.612840e-01 9.384000e-03 1.293320e-01
103 8.595200e-01 9.444000e-03 1.310360e-01
104 8.578520e-01 9.300000e-03 1.328480e-01
105 8.563480e-01 9.360000e-03 1.342920e-01
106 8.548360e-01 9.288000e-03 1.358760e-01
107 8.532240e-01 9.260000e-03 1.375160e-01
108 8.517600e-01 9.128000e-03 1.391120e-01
109 8.502720e-01 9.020000e-03 1.407080e-01
110 8.487480e-01 9.028000e-03 1.422240e-01
111 8.471320e-01 8.988000e-03 1.438800e-01
112 8.455480e-01 8.972000e-03 1.454800e-01
113 8.440160e-01 8.992000e-03 1.469920e-01
114 8.424320e-01 8.972000e-03 1.485960e-01
115 8.409640e-01 8.912000e-03 1.501240e-01
116 8.393920e-01 8.964000e-03 1.516440e-01
117 8.377600e-01 8.992000e-03 1.532480e-01
118 8.362200e-01 9.052000e-03 1.547280e-01
119 8.345960e-01 9.124000e-03 1.562800e-01
120 8.329720e-01 9.128000e-03 1.579000e-01
121 8.313400e-01 9.232000e-03 1.594280e-01
122 8.298400e-01 9.248000e-03 1.609120e-01
123 8.282520e-01 9.200000e-03 1.625480e-01
124 8.266960e-01 9.152000e-03 1.641520e-01
125 8.251160e-01 9.100000e-03 1.657840e-01
126 8.235200e-01 9.184000e-03 1.672960e-01
127 8.220800e-01 8.988000e-03 1.689320e-01
128 8.205520e-01 8.968000e-03 1.704800e-01
129 8.190640e-01 8.932000e-03 1.720040e-01
130 8.174440e-01 8.964000e-03 1.735920e-01
131 8.158440e-01 9.036000e-03 1.751200e-01
132 8.143440e-01 9.100000e-03 1.765560e-01
133 8.128120e-01 9.140000e-03 1.780480e-01
134 8.113840e-01 8.916000e-03 1.797000e-01
135 8.097760e-01 9.000000e-03 1.812240e-01
136 8.083600e-01 8.724000e-03 1.829160e-01
137 8.070240e-01 8.748000e-03 1.842280e-01
138 8.055600e-01 8.616000e-03 1.858240e-01
139 8.042400e-01 8.344000e-03 1.874160e-01
140 8.028280e-01 8.328000e-03 1.888440e-01
141 8.014200e-01 8.204000e-03 1.903760e-01
142 8.002800e-01 7.956000e-03 1.917640e-01
143 7.991160e-01 7.716000e-03 1.931680e-01
144 7.979360e-01 7.484000e-03 1.945800e-01
145 7.967000e-01 7.392000e-03 1.959080e-01
146 7.954320e-01 7.488000e-03 1.970800e-01
147 7.943360e-01 7.300000e-03 1.983640e-01
148 7.929000e-01 7.600000e-03 1.995000e-01
149 7.916120e-01 7.548000e-03 2.008400e-01
150 7.903200e-01 7.480000e-03 2.022000e-01
151 7.890440e-01 7.484000e-03 2.034720e-01
152 7.878360e-01 7.368000e-03 2.047960e-01
153 7.866320e-01 7.368000e-03 2.060000e-01
154 7.853720e-01 7.332000e-03 2.072960e-01
155 7.840120e-01 7.244000e-03 2.087440e-01
156 7.827160e-01 7.220000e-03 2.100640e-01
157 7.815440e-01 7.224000e-03 2.112320e-01
158 7.803080e-01 7.244000e-03 2.124480e-01
159 7.790360e-01 7.252000e-03 2.137120e-01
160 7.776760e-01 7.412000e-03 2.149120e-01
161 7.763400e-01 7.464000e-03 2.161960e-01
162 7.749080e-01 7.496000e-03 2.175960e-01
163 7.734960e-01 7.504000e-03 2.190000e-01
164 7.721040e-01 7.468000e-03 2.204280e-01
165 7.707040e-01 7.604000e-03 2.216920e-01
166 7.693120e-01 7.684000e-03 2.230040e-01
167 7.680600e-01 7.692000e-03 2.242480e-01
168 7.666520e-01 7.728000e-03 2.256200e-01
169 7.654640e-01 7.600000e-03 2.269360e-01
170 7.642360e-01 7.436000e-03 2.283280e-01
171 7.630200e-01 7.284000e-03 2.296960e-01
172 7.616800e-01 7.412000e-03 2.309080e-01
173 7.602520e-01 7.556000e-03 2.321920e-01
174 7.589480e-01 7.504000e-03 2.335480e-01
175 7.576600e-01 7.508000e-03 2.348320e-01
176 7.564280e-01 7.428000e-03 2.361440e-01
177 7.550560e-01 7.516000e-03 2.374280e-01
178 7.537200e-01 7.500000e-03 2.387800e-01
179 7.523520e-01 7.488000e-03 2.401600e-01
180 7.511760e-01 7.312000e-03 2.415120e-01
181 7.500400e-01 7.148000e-03 2.428120e-01
182 7.489960e-01 6.920000e-03 2.440840e-01
183 7.478360e-01 6.748000e-03 2.454160e-01
184 7.467920e-01 6.624000e-03 2.465840e-01
185 7.458360e-01 6.432000e-03 2.477320e-01
186 7.447000e-01 6.464000e-03 2.488360e-01
187 7.437480e-01 6.240000e-03 2.500120e-01
188 7.425800e-01 6.332000e-03 2.510880e-01
189 7.414680e-01 6.364000e-03 2.521680e-01
190 7.403440e-01 6.392000e-03 2.532640e-01
191 7.393120e-01 6.268000e-03 2.544200e-01
192 7.380960e-01 6.488000e-03 2.554160e-01
193 7.370000e-01 6.500000e-03 2.565000e-01
194 7.358480e-01 6.496000e-03 2.576560e-01
195 7.347720e-01 6.408000e-03 2.588200e-01
196 7.337720e-01 6.256000e-03 2.599720e-01
197 7.328080e-01 6.076000e-03 2.611160e-01
198 7.317960e-01 6.068000e-03 2.621360e-01
199 7.308200e-01 6.004000e-03 2.631760e-01
200 7.299680e-01 5.768000e-03 2.642640e-01
201 7.289720e-01 5.780000e-03 2.652480e-01
202 7.279480e-01 5.900000e-03 2.661520e-01
203 7.268000e-01 6.040000e-03 2.671600e-01
204 7.257440e-01 6.004000e-03 2.682520e-01
205 7.245040e-01 6.140000e-03 2.693560e-01
206 7.235360e-01 6.116000e-03 2.703480e-01
207 7.225560e-01 6.028000e-03 2.714160e-01
208 7.215640e-01 5.900000e-03 2.725360e-01
209 7.206240e-01 5.804000e-03 2.735720e-01
210 7.196240e-01 5.812000e-03 2.745640e-01
211 7.185280e-01 5.888000e-03 2.755840e-01
212 7.173000e-01 6.092000e-03 2.766080e-01
213 7.163360e-01 6.056000e-03 2.776080e-01
214 7.153000e-01 5.912000e-03 2.787880e-01
215 7.142240e-01 5.920000e-03 2.798560e-01
216 7.132120e-01 5.856000e-03 2.809320e-01
217 7.121760e-01 5.832000e-03 2.819920e-01
218 7.111240e-01 5.904000e-03 2.829720e-01
219 7.100240e-01 6.052000e-03 2.839240e-01
220 7.089600e-01 6.012000e-03 2.850280e-01
221 7.079320e-01 5.980000e-03 2.860880e-01
222 7.070120e-01 5.832000e-03 2.871560e-01
223 7.059480e-01 5.832000e-03 2.882200e-01
224 7.050360e-01 5.708000e-03 2.892560e-01
225 7.041880e-01 5.536000e-03 2.902760e-01
226 7.032760e-01 5.496000e-03 2.912280e-01
227 7.024960e-01 5.280000e-03 2.922240e-01
228 7.016160e-01 5.236000e-03 2.931480e-01
229 7.007640e-01 5.108000e-03 2.941280e-01
230 6.999760e-01 5.112000e-03 2.949120e-01
231 6.991200e-01 4.948000e-03 2.959320e-01
232 6.982840e-01 4.980000e-03 2.967360e-01
233 6.974320e-01 4.908000e-03 2.976600e-01
234 6.966200e-01 4.800000e-03 2.985800e-01
235 6.957600e-01 4.940000e-03 2.993000e-01
236 6.947920e-01 5.048000e-03 3.001600e-01
237 6.940440e-01 4.884000e-03 3.010720e-01
238 6.931200e-01 5.000000e-03 3.018800e-01
239 6.922760e-01 4.988000e-03 3.027360e-01
240 6.914200e-01 4.960000e-03 3.036200e-01
241 6.904960e-01 4.948000e-03 3.045560e-01
242 6.897640e-01 4.796000e-03 3.054400e-01
243 6.889960e-01 4.776000e-03 3.062280e-01
244 6.881200e-01 4.904000e-03 3.069760e-01
245 6.872760e-01 4.932000e-03 3.077920e-01
246 6.864520e-01 4.884000e-03 3.086640e-01
247 6.856480e-01 4.784000e-03 3.095680e-01
248 6.847600e-01 4.876000e-03 3.103640e-01
249 6.839200e-01 4.884000e-03 3.111960e-01
250 6.831440e-01 4.860000e-03 3.119960e-01
251 6.823720e-01 4.780000e-03 3.128480e-01
252 6.816400e-01 4.744000e-03 3.136160e-01
253 6.809040e-01 4.608000e-03 3.144880e-01
254 6.801760e-01 4.528000e-03 3.152960e-01
255 6.795200e-01 4.340000e-03 3.161400e-01
256 6.787560e-01 4.240000e-03 3.170040e-01
257 6.780920e-01 4.228000e-03 3.176800e-01
258 6.774520e-01 4.132000e-03 3.184160e-01
259 6.766720e-01 4.064000e-03 3.192640e-01
260 6.759080e-01 4.128000e-03 3.199640e-01
261 6.752320e-01 4.212000e-03 3.205560e-01
262 6.744880e-01 4.268000e-03 3.212440e-01
263 6.738720e-01 4.172000e-03 3.219560e-01
264 6.731640e-01 4.152000e-03 3.226840e-01
265 6.724840e-01 4.152000e-03 3.233640e-01
266 6.716760e-01 4.256000e-03 3.240680e-01
267 6.709520e-01 4.216000e-03 3.248320e-01
268 6.702040e-01 4.220000e-03 3.255760e-01
269 6.694320e-01 4.256000e-03 3.263120e-01
270 6.687920e-01 4.108000e-03 3.271000e-01
271 6.680920e-01 4.120000e-03 3.277880e-01
272 6.672720e-01 4.236000e-03 3.284920e-01
273 6.665800e-01 4.176000e-03 3.292440e-01
274 6.657640e-01 4.264000e-03 3.299720e-01
275 6.650640e-01 4.128000e-03 3.308080e-01
276 6.643080e-01 4.224000e-03 3.314680e-01
277 6.635800e-01 4.224000e-03 3.321960e-01
278 6.627240e-01 4.444000e-03 3.328320e-01
279 6.620160e-01 4.368000e-03 3.336160e-01
280 6.613640e-01 4.268000e-03 3.343680e-01
281 6.605920e-01 4.168000e-03 3.352400e-01
282 6.599480e-01 4.128000e-03 3.359240e-01
283 6.591600e-01 4.228000e-03 3.366120e-01
284 6.584320e-01 4.244000e-03 3.373240e-01
285 6.577680e-01 4.200000e-03 3.380320e-01
286 6.570840e-01 4.180000e-03 3.387360e-01
287 6.565040e-01 4.048000e-03 3.394480e-01
288 6.558840e-01 3.992000e-03 3.401240e-01
289 6.552200e-01 3.956000e-03 3.408240e-01
290 6.546440e-01 3.876000e-03 3.414800e-01
291 6.539400e-01 3.900000e-03 3.421600e-01
292 6.533000e-01 3.948000e-03 3.427520e-01
293 6.526280e-01 3.992000e-03 3.433800e-01
294 6.519680e-01 3.916000e-03 3.441160e-01
295 6.512600e-01 4.008000e-03 3.447320e-01
296 6.505040e-01 3.892000e-03 3.456040e-01
297 6.498960e-01 3.800000e-03 3.463040e-01
298 6.492520e-01 3.764000e-03 3.469840e-01
299 6.485200e-01 3.876000e-03 3.476040e-01
300 6.477520e-01 3.944000e-03 3.483040e-01
301 6.470960e-01 3.944000e-03 3.489600e-01
302 6.463760e-01 3.952000e-03 3.496720e-01
303 6.457440e-01 3.824000e-03 3.504320e-01
304 6.450760e-01 3.836000e-03 3.510880e-01
305 6.444200e-01 3.692000e-03 3.518880e-01
306 6.438600e-01 3.648000e-03 3.524920e-01
307 6.433040e-01 3.560000e-03 3.531360e-01
308 6.427600e-01 3.480000e-03 3.537600e-01
309 6.422360e-01 3.324000e-03 3.544400e-01
310 6.416520e-01 3.288000e-03 3.550600e-01
311 6.411360e-01 3.284000e-03 3.555800e-01
312 6.405800e-01 3.232000e-03 3.561880e-01
313 6.400520e-01 3.236000e-03 3.567120e-01
314 6.395720e-01 3.148000e-03 3.572800e-01
315 6.390720e-01 3.200000e-03 3.577280e-01
316 6.385000e-01 3.180000e-03 3.583200e-01
317 6.379560e-01 3.168000e-03 3.588760e-01
318 6.374680e-01 3.080000e-03 3.594520e-01
319 6.369600e-01 3.128000e-03 3.599120e-01
320 6.364000e-01 3.204000e-03 3.603960e-01
321 6.358800e-01 3.112000e-03 3.610080e-01
322 6.354320e-01 3.092000e-03 3.614760e-01
323 6.349800e-01 2.968000e-03 3.620520e-01
324 6.344280e-01 3.032000e-03 3.625400e-01
325 6.339800e-01 2.936000e-03 3.630840e-01
326 6.334560e-01 3.000000e-03 3.635440e-01
327 6.329960e-01 2.944000e-03 3.640600e-01
328 6.325640e-01 2.852000e-03 3.645840e-01
329 6.320840e-01 2.844000e-03 3.650720e-01
330 6.316400e-01 2.756000e-03 3.656040e-01
331 6.312200e-01 2.660000e-03 3.661200e-01
332 6.307440e-01 2.656000e-03 3.666000e-01
333 6.302760e-01 2.672000e-03 3.670520e-01
334 6.297920e-01 2.572000e-03 3.676360e-01
335 6.292880e-01 2.600000e-03 3.681120e-01
336 6.288840e-01 2.492000e-03 3.686240e-01
337 6.284200e-01 2.456000e-03 3.691240e-01
338 6.279640e-01 2.508000e-03 3.695280e-01
339 6.274960e-01 2.532000e-03 3.699720e-01
340 6.270280e-01 2.516000e-03 3.704560e-01
341 6.265880e-01 2.512000e-03 3.709000e-01
342 6.261200e-01 2.484000e-03 3.713960e-01
343 6.257240e-01 2.528000e-03 3.717480e-01
344 6.252800e-01 2.528000e-03 3.721920e-01
345 6.247960e-01 2.548000e-03 3.726560e-01
346 6.243680e-01 2.564000e-03 3.730680e-01
347 6.239200e-01 2.568000e-03 3.735120e-01
348 6.235440e-01 2.524000e-03 3.739320e-01
349 6.231120e-01 2.540000e-03 3.743480e-01
350 6.226920e-01 2.540000e-03 3.747680e-01
351 6.222320e-01 2.512000e-03 3.752560e-01
352 6.217960e-01 2.464000e-03 3.757400e-01
353 6.213480e-01 2.428000e-03 3.762240e-01
354 6.209280e-01 2.432000e-03 3.766400e-01
355 6.205480e-01 2.420000e-03 3.770320e-01
356 6.201080e-01 2.436000e-03 3.774560e-01
357 6.197120e-01 2.428000e-03 3.778600e-01
358 6.193840e-01 2.316000e-03 3.783000e-01
359 6.189880e-01 2.368000e-03 3.786440e-01
360 6.185560e-01 2.420000e-03 3.790240e-01
361 6.181040e-01 2.432000e-03 3.794640e-01
362 6.176160e-01 2.480000e-03 3.799040e-01
363 6.172040e-01 2.516000e-03 3.802800e-01
364 6.167520e-01 2.540000e-03 3.807080e-01
365 6.162800e-01 2.568000e-03 3.811520e-01
366 6.159320e-01 2.460000e-03 3.816080e-01
367 6.154440e-01 2.504000e-03 3.820520e-01
368 6.150360e-01 2.528000e-03 3.824360e-01
369 6.146320e-01 2.444000e-03 3.829240e-01
370 6.142680e-01 2.380000e-03 3.833520e-01
371 6.139200e-01 2.312000e-03 3.837680e-01
372 6.135440e-01 2.336000e-03 3.841200e-01
373 6.132280e-01 2.236000e-03 3.845360e-01
374 6.128920e-01 2.180000e-03 3.849280e-01
375 6.125600e-01 2.180000e-03 3.852600e-01
376 6.122240e-01 2.144000e-03 3.856320e-01
377 6.118880e-01 2.108000e-03 3.860040e-01
378 6.116120e-01 2.056000e-03 3.863320e-01
379 6.113400e-01 1.960000e-03 3.867000e-01
380 6.110000e-01 1.960000e-03 3.870400e-01
381 6.107480e-01 1.888000e-03 3.873640e-01
382 6.103960e-01 1.948000e-03 3.876560e-01
383 6.100680e-01 1.928000e-03 3.880040e-01
384 6.096600e-01 2.004000e-03 3.883360e-01
385 6.093360e-01 1.972000e-03 3.886920e-01
386 6.090480e-01 1.924000e-03 3.890280e-01
387 6.087200e-01 1.916000e-03 3.893640e-01
388 6.084560e-01 1.820000e-03 3.897240e-01
389 6.082360e-01 1.732000e-03 3.900320e-01
390 6.080280e-01 1.636000e-03 3.903360e-01
391 6.078160e-01 1.540000e-03 3.906440e-01
392 6.075840e-01 1.488000e-03 3.909280e-01
393 6.073040e-01 1.544000e-03 3.911520e-01
394 6.070440e-01 1.560000e-03 3.913960e-01
395 6.067880e-01 1.532000e-03 3.916800e-01
396 6.065440e-01 1.508000e-03 3.919480e-01
397 6.062960e-01 1.504000e-03 3.922000e-01
398 6.060160e-01 1.496000e-03 3.924880e-01
399 6.057640e-01 1.464000e-03 3.927720e-01
400 6.055200e-01 1.408000e-03 3.930720e-01
401 6.052440e-01 1.400000e-03 3.933560e-01
402 6.050480e-01 1.404000e-03 3.935480e-01
403 6.048080e-01 1.388000e-03 3.938040e-01
404 6.045920e-01 1.320000e-03 3.940880e-01
405 6.043680e-01 1.320000e-03 3.943120e-01
406 6.041120e-01 1.368000e-03 3.945200e-01
407 6.039200e-01 1.340000e-03 3.947400e-01
408 6.036800e-01 1.364000e-03 3.949560e-01
409 6.034320e-01 1.344000e-03 3.952240e-01
410 6.031280e-01 1.400000e-03 3.954720e-01
411 6.029440e-01 1.336000e-03 3.957200e-01
412 6.026720e-01 1.424000e-03 3.959040e-01
413 6.024080e-01 1.436000e-03 3.961560e-01
414 6.021960e-01 1.400000e-03 3.964040e-01
415 6.019440e-01 1.424000e-03 3.966320e-01
416 6.017640e-01 1.356000e-03 3.968800e-01
417 6.016080e-01 1.280000e-03 3.971120e-01
418 6.014400e-01 1.192000e-03 3.973680e-01
419 6.012240e-01 1.204000e-03 3.975720e-01
420 6.010320e-01 1.164000e-03 3.978040e-01
421 6.008400e-01 1.132000e-03 3.980280e-01
422 6.005920e-01 1.208000e-03 3.982000e-01
423 6.003800e-01 1.196000e-03 3.984240e-01
424 6.002040e-01 1.196000e-03 3.986000e-01
425 5.999920e-01 1.188000e-03 3.988200e-01
426 5.998320e-01 1.184000e-03 3.989840e-01
427 5.996760e-01 1.116000e-03 3.992080e-01
428 5.994920e-01 1.136000e-03 3.993720e-01
429 5.993440e-01 1.048000e-03 3.996080e-01
430 5.991640e-01 1.044000e-03 3.997920e-01
431 5.989520e-01 1.052000e-03 3.999960e-01
432 5.988000e-01 1.000000e-03 4.002000e-01
433 5.986200e-01 1.008000e-03 4.003720e-01
434 5.984000e-01 1.036000e-03 4.005640e-01
435 5.982360e-01 1.024000e-03 4.007400e-01
436 5.980960e-01 9.760000e-04 4.009280e-01
437 5.979560e-01 9.840000e-04 4.010600e-01
438 5.978200e-01 9.440000e-04 4.012360e-01
439 5.977120e-01 8.840000e-04 4.014040e-01
440 5.975680e-01 9.080000e-04 4.015240e-01
441 5.974800e-01 8.680000e-04 4.016520e-01
442 5.973640e-01 8.160000e-04 4.018200e-01
443 5.972240e-01 8.080000e-04 4.019680e-01
444 5.970760e-01 8.000000e-04 4.021240e-01
445 5.969120e-01 7.840000e-04 4.023040e-01
446 5.967320e-01 8.160000e-04 4.024520e-01
447 5.965680e-01 8.280000e-04 4.026040e-01
448 5.963680e-01 8.680000e-04 4.027640e-01
449 5.962520e-01 8.400000e-04 4.029080e-01
450 5.961040e-01 8.200000e-04 4.030760e-01
451 5.959440e-01 8.080000e-04 4.032480e-01
452 5.958240e-01 8.160000e-04 4.033600e-01
453 5.956600e-01 8.000000e-04 4.035400e-01
454 5.955680e-01 7.560000e-04 4.036760e-01
455 5.954760e-01 7.120000e-04 4.038120e-01
456 5.953880e-01 6.760000e-04 4.039360e-01
457 5.953240e-01 6.320000e-04 4.040440e-01
458 5.952120e-01 6.040000e-04 4.041840e-01
459 5.950880e-01 6.000000e-04 4.043120e-01
460 5.949960e-01 5.960000e-04 4.044080e-01
461 5.948880e-01 5.680000e-04 4.045440e-01
462 5.948120e-01 5.360000e-04 4.046520e-01
463 5.947320e-01 5.360000e-04 4.047320e-01
464 5.946320e-01 5.280000e-04 4.048400e-01
465 5.945360e-01 5.320000e-04 4.049320e-01
466 5.944360e-01 5.320000e-04 4.050320e-01
467 5.943640e-01 5.000000e-04 4.051360e-01
468 5.943000e-01 4.800000e-04 4.052200e-01
469 5.942240e-01 4.920000e-04 4.052840e-01
470 5.941600e-01 4.680000e-04 4.053720e-01
471 5.940560e-01 4.720000e-04 4.054720e-01
472 5.939600e-01 5.160000e-04 4.055240e-01
473 5.938360e-01 5.560000e-04 4.056080e-01
474 5.937320e-01 5.440000e-04 4.057240e-01
475 5.936400e-01 5.320000e-04 4.058280e-01
476 5.935320e-01 5.160000e-04 4.059520e-01
477 5.934360e-01 5.040000e-04 4.060600e-01
478 5.933240e-01 5.160000e-04 4.061600e-01
479 5.932160e-01 5.760000e-04 4.062080e-01
480 5.930920e-01 6.040000e-04 4.063040e-01
481 5.930080e-01 5.640000e-04 4.064280e-01
482 5.929480e-01 5.240000e-04 4.065280e-01
483 5.928720e-01 5.080000e-04 4.066200e-01
484 5.928040e-01 4.880000e-04 4.067080e-01
485 5.926640e-01 5.240000e-04 4.068120e-01
486 5.926080e-01 5.040000e-04 4.068880e-01
487 5.925560e-01 4.840000e-04 4.069600e-01
488 5.924720e-01 4.760000e-04 4.070520e-01
489 5.924200e-01 4.400000e-04 4.071400e-01
490 5.923520e-01 4.120000e-04 4.072360e-01
491 5.923200e-01 3.720000e-04 4.073080e-01
492 5.922800e-01 3.760000e-04 4.073440e-01
493 5.922080e-01 3.840000e-04 4.074080e-01
494 5.921520e-01 3.880000e-04 4.074600e-01
495 5.920920e-01 3.920000e-04 4.075160e-01
496 5.920400e-01 3.640000e-04 4.075960e-01
497 5.919960e-01 3.360000e-04 4.076680e-01
498 5.919720e-01 3.080000e-04 4.077200e-01
499 5.919040e-01 3.120000e-04 4.077840e-01
500 5.918880e-01 2.520000e-04 4.078600e-01
