1 9.991360e-01 7.760000e-04 8.800000e-05
2 9.985760e-01 1.192000e-03 2.320000e-04
3 9.978520e-01 1.684000e-03 4.640000e-04
4 9.969880e-01 2.208000e-03 8.040000e-04
5 9.962160e-01 2.576000e-03 1.208000e-03
6 9.954000e-01 2.908000e-03 1.692000e-03
7 9.944800e-01 3.324000e-03 2.196000e-03
8 9.934720e-01 3.684000e-03 2.844000e-03
9 9.924760e-01 3.964000e-03 3.560000e-03
10 9.914080e-01 4.344000e-03 4.248000e-03
11 9.903000e-01 4.648000e-03 5.052000e-03
12 9.890200e-01 5.076000e-03 5.904000e-03
13 9.878640e-01 5.244000e-03 6.892000e-03
14 9.863840e-01 5.852000e-03 7.764000e-03
15 9.849440e-01 6.272000e-03 8.784000e-03
16 9.835680e-01 6.532000e-03 9.900000e-03
17 9.820880e-01 6.908000e-03 1.100400e-02
18 9.805640e-01 7.140000e-03 1.229600e-02
19 9.790520e-01 7.316000e-03 1.363200e-02
20 9.775560e-01 7.608000e-03 1.483600e-02
21 9.761160e-01 7.752000e-03 1.613200e-02
22 9.746520e-01 7.776000e-03 1.757200e-02
23 9.732080e-01 7.824000e-03 1.896800e-02
24 9.719320e-01 7.696000e-03 2.037200e-02
25 9.705200e-01 7.784000e-03 2.169600e-02
26 9.691920e-01 7.708000e-03 2.310000e-02
27 9.676320e-01 7.920000e-03 2.444800e-02
28 9.661120e-01 8.020000e-03 2.586800e-02
29 9.645000e-01 8.128000e-03 2.737200e-02
30 9.629520e-01 8.144000e-03 2.890400e-02
31 9.614400e-01 8.168000e-03 3.039200e-02
32 9.599280e-01 8.204000e-03 3.186800e-02
33 9.582800e-01 8.392000e-03 3.332800e-02
34 9.566720e-01 8.568000e-03 3.476000e-02
35 9.548920e-01 8.908000e-03 3.620000e-02
36 9.531200e-01 9.128000e-03 3.775200e-02
37 9.513200e-01 9.316000e-03 3.936400e-02
38 9.497600e-01 9.316000e-03 4.092400e-02
39 9.480320e-01 9.392000e-03 4.257600e-02
40 9.464280e-01 9.384000e-03 4.418800e-02
41 9.447720e-01 9.296000e-03 4.593200e-02
42 9.430320e-01 9.232000e-03 4.773600e-02
43 9.412760e-01 9.440000e-03 4.928400e-02
44 9.397480e-01 9.196000e-03 5.105600e-02
45 9.381120e-01 9.236000e-03 5.265200e-02
46 9.365720e-01 9.192000e-03 5.423600e-02
47 9.349120e-01 9.188000e-03 5.590000e-02
48 9.333080e-01 9.220000e-03 5.747200e-02
49 9.316480e-01 9.272000e-03 5.908000e-02
50 9.301280e-01 9.044000e-03 6.082800e-02
51 9.285120e-01 8.988000e-03 6.250000e-02
52 9.268400e-01 9.156000e-03 6.400400e-02
53 9.253080e-01 8.936000e-03 6.575600e-02
54 9.236960e-01 9.024000e-03 6.728000e-02
55 9.221760e-01 8.976000e-03 6.884800e-02
56 9.204600e-01 9.124000e-03 7.041600e-02
57 9.187120e-01 9.308000e-03 7.198000e-02
58 9.171280e-01 9.392000e-03 7.348000e-02
59 9.154360e-01 9.424000e-03 7.514000e-02
60 9.137160e-01 9.360000e-03 7.692400e-02
61 9.121600e-01 9.248000e-03 7.859200e-02
62 9.104480e-01 9.288000e-03 8.026400e-02
63 9.087200e-01 9.460000e-03 8.182000e-02
64 9.069880e-01 9.520000e-03 8.349200e-02
65 9.053000e-01 9.592000e-03 8.510800e-02
66 9.037640e-01 9.332000e-03 8.690400e-02
67 9.021840e-01 9.236000e-03 8.858000e-02
68 9.005920e-01 9.196000e-03 9.021200e-02
69 8.990360e-01 9.052000e-03 9.191200e-02
70 8.975880e-01 8.912000e-03 9.350000e-02
71 8.961760e-01 8.812000e-03 9.501200e-02
72 8.946640e-01 8.700000e-03 9.663600e-02
73 8.932400e-01 8.580000e-03 9.818000e-02
74 8.917000e-01 8.740000e-03 9.956000e-02
75 8.902680e-01 8.748000e-03 1.009840e-01
76 8.888000e-01 8.740000e-03 1.024600e-01
77 8.873880e-01 8.676000e-03 1.039360e-01
78 8.858600e-01 8.592000e-03 1.055480e-01
79 8.843760e-01 8.752000e-03 1.068720e-01
80 8.827800e-01 8.688000e-03 1.085320e-01
81 8.811600e-01 8.760000e-03 1.100800e-01
82 8.795080e-01 8.752000e-03 1.117400e-01
83 8.779040e-01 8.800000e-03 1.132960e-01
84 8.762160e-01 8.912000e-03 1.148720e-01
85 8.745480e-01 9.008000e-03 1.164440e-01
86 8.729840e-01 9.004000e-03 1.180120e-01
87 8.714800e-01 8.992000e-03 1.195280e-01
88 8.699280e-01 8.952000e-03 1.211200e-01
89 8.684520e-01 8.844000e-03 1.227040e-01
90 8.667000e-01 9.024000e-03 1.242760e-01
91 8.649200e-01 9.172000e-03 1.259080e-01
92 8.630320e-01 9.440000e-03 1.275280e-01
93 8.612440e-01 9.688000e-03 1.290680e-01
94 8.596920e-01 9.372000e-03 1.309360e-01
95 8.581720e-01 9.176000e-03 1.326520e-01
96 8.567240e-01 9.064000e-03 1.342120e-01
97 8.551360e-01 9.020000e-03 1.358440e-01
98 8.535440e-01 8.980000e-03 1.374760e-01
99 8.520320e-01 8.984000e-03 1.389840e-01
100 8.504400e-01 9.160000e-03 1.404000e-01
101 8.488800e-01 9.224000e-03 1.418960e-01
102 8.472600e-01 9.228000e-03 1.435120e-01
103 8.456360e-01 9.268000e-03 1.450960e-01
104 8.440120e-01 9.172000e-03 1.468160e-01
105 8.425000e-01 9.076000e-03 1.484240e-01
106 8.408920e-01 9.052000e-03 1.500560e-01
107 8.394320e-01 8.892000e-03 1.516760e-01
108 8.379640e-01 8.684000e-03 1.533520e-01
109 8.364000e-01 8.604000e-03 1.549960e-01
110 8.347360e-01 8.912000e-03 1.563520e-01
111 8.329360e-01 8.984000e-03 1.580800e-01
112 8.313760e-01 8.912000e-03 1.597120e-01
113 8.296960e-01 8.912000e-03 1.613920e-01
114 8.280920e-01 8.908000e-03 1.630000e-01
115 8.266200e-01 8.924000e-03 1.644560e-01
116 8.253160e-01 8.608000e-03 1.660760e-01
117 8.239520e-01 8.444000e-03 1.676040e-01
118 8.225800e-01 8.412000e-03 1.690080e-01
119 8.212360e-01 8.292000e-03 1.704720e-01
120 8.198760e-01 8.208000e-03 1.719160e-01
121 8.185280e-01 8.060000e-03 1.734120e-01
122 8.172560e-01 7.976000e-03 1.747680e-01
123 8.160640e-01 7.748000e-03 1.761880e-01
124 8.145600e-01 7.900000e-03 1.775400e-01
125 8.129920e-01 8.248000e-03 1.787600e-01
126 8.115960e-01 8.264000e-03 1.801400e-01
127 8.100960e-01 8.256000e-03 1.816480e-01
128 8.086400e-01 8.264000e-03 1.830960e-01
129 8.072200e-01 8.156000e-03 1.846240e-01
130 8.058960e-01 8.080000e-03 1.860240e-01
131 8.043320e-01 8.200000e-03 1.874680e-01
132 8.028600e-01 8.296000e-03 1.888440e-01
133 8.014080e-01 8.316000e-03 1.902760e-01
134 7.999680e-01 8.256000e-03 1.917760e-01
135 7.986960e-01 8.144000e-03 1.931600e-01
136 7.974560e-01 7.988000e-03 1.945560e-01
137 7.961520e-01 7.824000e-03 1.960240e-01
138 7.949880e-01 7.592000e-03 1.974200e-01
139 7.936400e-01 7.704000e-03 1.986560e-01
140 7.922920e-01 7.804000e-03 1.999040e-01
141 7.911360e-01 7.508000e-03 2.013560e-01
142 7.898320e-01 7.540000e-03 2.026280e-01
143 7.885400e-01 7.492000e-03 2.039680e-01
144 7.873200e-01 7.500000e-03 2.051800e-01
145 7.859640e-01 7.624000e-03 2.064120e-01
146 7.846520e-01 7.548000e-03 2.078000e-01
147 7.832120e-01 7.612000e-03 2.091760e-01
148 7.821360e-01 7.408000e-03 2.104560e-01
149 7.808880e-01 7.272000e-03 2.118400e-01
150 7.796320e-01 7.348000e-03 2.130200e-01
151 7.783800e-01 7.392000e-03 2.142280e-01
152 7.770040e-01 7.452000e-03 2.155440e-01
153 7.756840e-01 7.528000e-03 2.167880e-01
154 7.743480e-01 7.548000e-03 2.181040e-01
155 7.730440e-01 7.528000e-03 2.194280e-01
156 7.717920e-01 7.488000e-03 2.207200e-01
157 7.706360e-01 7.364000e-03 2.220000e-01
158 7.694240e-01 7.176000e-03 2.234000e-01
159 7.683480e-01 6.956000e-03 2.246960e-01
160 7.672400e-01 6.936000e-03 2.258240e-01
161 7.660760e-01 7.040000e-03 2.268840e-01
162 7.648680e-01 7.012000e-03 2.281200e-01
163 7.636360e-01 7.088000e-03 2.292760e-01
164 7.625840e-01 6.956000e-03 2.304600e-01
165 7.614600e-01 6.904000e-03 2.316360e-01
166 7.603840e-01 6.700000e-03 2.329160e-01
167 7.593360e-01 6.528000e-03 2.341360e-01
168 7.582760e-01 6.396000e-03 2.353280e-01
169 7.573440e-01 6.208000e-03 2.364480e-01
170 7.563600e-01 6.132000e-03 2.375080e-01
171 7.554200e-01 6.084000e-03 2.384960e-01
172 7.545560e-01 5.892000e-03 2.395520e-01
173 7.535640e-01 5.860000e-03 2.405760e-01
174 7.525400e-01 5.924000e-03 2.415360e-01
175 7.514840e-01 5.932000e-03 2.425840e-01
176 7.505720e-01 5.776000e-03 2.436520e-01
177 7.495960e-01 5.812000e-03 2.445920e-01
178 7.485040e-01 5.876000e-03 2.456200e-01
179 7.475640e-01 5.864000e-03 2.465720e-01
180 7.465440e-01 6.000000e-03 2.474560e-01
181 7.454760e-01 5.996000e-03 2.485280e-01
182 7.444040e-01 5.932000e-03 2.496640e-01
183 7.433600e-01 5.920000e-03 2.507200e-01
184 7.422320e-01 5.948000e-03 2.518200e-01
185 7.411800e-01 6.048000e-03 2.527720e-01
186 7.401000e-01 6.084000e-03 2.538160e-01
187 7.390120e-01 6.200000e-03 2.547880e-01
188 7.380080e-01 6.060000e-03 2.559320e-01
189 7.370120e-01 6.012000e-03 2.569760e-01
190 7.361600e-01 5.816000e-03 2.580240e-01
191 7.351840e-01 5.768000e-03 2.590480e-01
192 7.341000e-01 5.812000e-03 2.600880e-01
193 7.332240e-01 5.664000e-03 2.611120e-01
194 7.323400e-01 5.480000e-03 2.621800e-01
195 7.314720e-01 5.464000e-03 2.630640e-01
196 7.305680e-01 5.492000e-03 2.639400e-01
197 7.296400e-01 5.464000e-03 2.648960e-01
198 7.286800e-01 5.492000e-03 2.658280e-01
199 7.277920e-01 5.492000e-03 2.667160e-01
200 7.268560e-01 5.484000e-03 2.676600e-01
201 7.259720e-01 5.352000e-03 2.686760e-01
202 7.250880e-01 5.212000e-03 2.697000e-01
203 7.243000e-01 4.984000e-03 2.707160e-01
204 7.235680e-01 4.668000e-03 2.717640e-01
205 7.227480e-01 4.712000e-03 2.725400e-01
206 7.219680e-01 4.656000e-03 2.733760e-01
207 7.212120e-01 4.596000e-03 2.741920e-01
208 7.204960e-01 4.536000e-03 2.749680e-01
209 7.196720e-01 4.484000e-03 2.758440e-01
210 7.189120e-01 4.428000e-03 2.766600e-01
211 7.181360e-01 4.488000e-03 2.773760e-01
212 7.172440e-01 4.560000e-03 2.781960e-01
213 7.164280e-01 4.620000e-03 2.789520e-01
214 7.155160e-01 4.700000e-03 2.797840e-01
215 7.146880e-01 4.752000e-03 2.805600e-01
216 7.138800e-01 4.696000e-03 2.814240e-01
217 7.132600e-01 4.444000e-03 2.822960e-01
218 7.124680e-01 4.460000e-03 2.830720e-01
219 7.117880e-01 4.372000e-03 2.838400e-01
220 7.111200e-01 4.260000e-03 2.846200e-01
221 7.104120e-01 4.244000e-03 2.853440e-01
222 7.096080e-01 4.316000e-03 2.860760e-01
223 7.087800e-01 4.332000e-03 2.868880e-01
224 7.078040e-01 4.620000e-03 2.875760e-01
225 7.069520e-01 4.736000e-03 2.883120e-01
226 7.061080e-01 4.692000e-03 2.892000e-01
227 7.052520e-01 4.676000e-03 2.900720e-01
228 7.044840e-01 4.656000e-03 2.908600e-01
229 7.036800e-01 4.640000e-03 2.916800e-01
230 7.028800e-01 4.536000e-03 2.925840e-01
231 7.019840e-01 4.656000e-03 2.933600e-01
232 7.010040e-01 4.736000e-03 2.942600e-01
233 7.001640e-01 4.784000e-03 2.950520e-01
234 6.992800e-01 4.804000e-03 2.959160e-01
235 6.984680e-01 4.732000e-03 2.968000e-01
236 6.976280e-01 4.756000e-03 2.976160e-01
237 6.967440e-01 4.800000e-03 2.984560e-01
238 6.959960e-01 4.716000e-03 2.992880e-01
239 6.951960e-01 4.716000e-03 3.000880e-01
240 6.943240e-01 4.808000e-03 3.008680e-01
241 6.935040e-01 4.744000e-03 3.017520e-01
242 6.926640e-01 4.768000e-03 3.025680e-01
243 6.917680e-01 4.972000e-03 3.032600e-01
244 6.908520e-01 5.008000e-03 3.041400e-01
245 6.899200e-01 5.096000e-03 3.049840e-01
246 6.891360e-01 4.920000e-03 3.059440e-01
247 6.884320e-01 4.844000e-03 3.067240e-01
248 6.876840e-01 4.808000e-03 3.075080e-01
249 6.868080e-01 4.872000e-03 3.083200e-01
250 6.861240e-01 4.668000e-03 3.092080e-01
251 6.854760e-01 4.564000e-03 3.099600e-01
252 6.847440e-01 4.472000e-03 3.107840e-01
253 6.840280e-01 4.400000e-03 3.115720e-01
254 6.832960e-01 4.464000e-03 3.122400e-01
255 6.825200e-01 4.524000e-03 3.129560e-01
256 6.817800e-01 4.512000e-03 3.137080e-01
257 6.811280e-01 4.388000e-03 3.144840e-01
258 6.804160e-01 4.400000e-03 3.151840e-01
259 6.797120e-01 4.208000e-03 3.160800e-01
260 6.791320e-01 4.112000e-03 3.167560e-01
261 6.784080e-01 4.112000e-03 3.174800e-01
262 6.778440e-01 3.968000e-03 3.181880e-01
263 6.772360e-01 3.884000e-03 3.188800e-01
264 6.766160e-01 3.908000e-03 3.194760e-01
265 6.760040e-01 3.776000e-03 3.202200e-01
266 6.754040e-01 3.748000e-03 3.208480e-01
267 6.748400e-01 3.572000e-03 3.215880e-01
268 6.742280e-01 3.508000e-03 3.222640e-01
269 6.736480e-01 3.464000e-03 3.228880e-01
270 6.731000e-01 3.388000e-03 3.235120e-01
271 6.725280e-01 3.232000e-03 3.242400e-01
272 6.719000e-01 3.280000e-03 3.248200e-01
273 6.713240e-01 3.296000e-03 3.253800e-01
274 6.707160e-01 3.400000e-03 3.258840e-01
275 6.701040e-01 3.424000e-03 3.264720e-01
276 6.695600e-01 3.448000e-03 3.269920e-01
277 6.689160e-01 3.520000e-03 3.275640e-01
278 6.683240e-01 3.444000e-03 3.282320e-01
279 6.676800e-01 3.436000e-03 3.288840e-01
280 6.670000e-01 3.500000e-03 3.295000e-01
281 6.663680e-01 3.532000e-03 3.301000e-01
282 6.657360e-01 3.532000e-03 3.307320e-01
283 6.650960e-01 3.516000e-03 3.313880e-01
284 6.644800e-01 3.472000e-03 3.320480e-01
285 6.639320e-01 3.348000e-03 3.327200e-01
286 6.634320e-01 3.244000e-03 3.333240e-01
287 6.629480e-01 3.172000e-03 3.338800e-01
288 6.624520e-01 3.108000e-03 3.344400e-01
289 6.619680e-01 3.092000e-03 3.349400e-01
290 6.615200e-01 2.932000e-03 3.355480e-01
291 6.611160e-01 2.800000e-03 3.360840e-01
292 6.606160e-01 2.788000e-03 3.365960e-01
293 6.602760e-01 2.652000e-03 3.370720e-01
294 6.597880e-01 2.724000e-03 3.374880e-01
295 6.593840e-01 2.696000e-03 3.379200e-01
296 6.589880e-01 2.580000e-03 3.384320e-01
297 6.584520e-01 2.740000e-03 3.388080e-01
298 6.579080e-01 2.840000e-03 3.392520e-01
299 6.574640e-01 2.760000e-03 3.397760e-01
300 6.569560e-01 2.760000e-03 3.402840e-01
301 6.563640e-01 2.920000e-03 3.407160e-01
302 6.558720e-01 2.968000e-03 3.411600e-01
303 6.553480e-01 2.880000e-03 3.417720e-01
304 6.548280e-01 2.888000e-03 3.422840e-01
305 6.543160e-01 2.912000e-03 3.427720e-01
306 6.537000e-01 3.036000e-03 3.432640e-01
307 6.531760e-01 3.020000e-03 3.438040e-01
308 6.526160e-01 3.012000e-03 3.443720e-01
309 6.521080e-01 2.996000e-03 3.448960e-01
310 6.516600e-01 2.932000e-03 3.454080e-01
311 6.511680e-01 2.948000e-03 3.458840e-01
312 6.506720e-01 2.924000e-03 3.464040e-01
313 6.502320e-01 2.840000e-03 3.469280e-01
314 6.497240e-01 2.832000e-03 3.474440e-01
315 6.492240e-01 2.768000e-03 3.480080e-01
316 6.487680e-01 2.824000e-03 3.484080e-01
317 6.483720e-01 2.732000e-03 3.488960e-01
318 6.479720e-01 2.636000e-03 3.493920e-01
319 6.475560e-01 2.656000e-03 3.497880e-01
320 6.470920e-01 2.684000e-03 3.502240e-01
321 6.466720e-01 2.660000e-03 3.506680e-01
322 6.463600e-01 2.580000e-03 3.510600e-01
323 6.458960e-01 2.640000e-03 3.514640e-01
324 6.454320e-01 2.616000e-03 3.519520e-01
325 6.450600e-01 2.552000e-03 3.523880e-01
326 6.446800e-01 2.468000e-03 3.528520e-01
327 6.442720e-01 2.492000e-03 3.532360e-01
328 6.438560e-01 2.524000e-03 3.536200e-01
329 6.434840e-01 2.460000e-03 3.540560e-01
330 6.430840e-01 2.380000e-03 3.545360e-01
331 6.427680e-01 2.260000e-03 3.549720e-01
332 6.424040e-01 2.156000e-03 3.554400e-01
333 6.420840e-01 2.180000e-03 3.557360e-01
334 6.418040e-01 2.100000e-03 3.560960e-01
335 6.414320e-01 2.136000e-03 3.564320e-01
336 6.411640e-01 2.040000e-03 3.567960e-01
337 6.407840e-01 2.080000e-03 3.571360e-01
338 6.404160e-01 2.108000e-03 3.574760e-01
339 6.400040e-01 2.140000e-03 3.578560e-01
340 6.397000e-01 2.040000e-03 3.582600e-01
341 6.393960e-01 1.984000e-03 3.586200e-01
342 6.390320e-01 2.024000e-03 3.589440e-01
343 6.386680e-01 2.100000e-03 3.592320e-01
344 6.383480e-01 1.968000e-03 3.596840e-01
345 6.379840e-01 1.956000e-03 3.600600e-01
346 6.376600e-01 1.896000e-03 3.604440e-01
347 6.372960e-01 1.936000e-03 3.607680e-01
348 6.369360e-01 1.968000e-03 3.610960e-01
349 6.366320e-01 1.932000e-03 3.614360e-01
350 6.363040e-01 1.960000e-03 3.617360e-01
351 6.359880e-01 1.956000e-03 3.620560e-01
352 6.357200e-01 1.964000e-03 3.623160e-01
353 6.353880e-01 1.916000e-03 3.626960e-01
354 6.350840e-01 1.884000e-03 3.630320e-01
355 6.348000e-01 1.816000e-03 3.633840e-01
356 6.344600e-01 1.840000e-03 3.637000e-01
357 6.341920e-01 1.768000e-03 3.640400e-01
358 6.338680e-01 1.764000e-03 3.643680e-01
359 6.335240e-01 1.816000e-03 3.646600e-01
360 6.332160e-01 1.828000e-03 3.649560e-01
361 6.329120e-01 1.808000e-03 3.652800e-01
362 6.325880e-01 1.848000e-03 3.655640e-01
363 6.322480e-01 1.872000e-03 3.658800e-01
364 6.319040e-01 1.832000e-03 3.662640e-01
365 6.315360e-01 1.828000e-03 3.666360e-01
366 6.312120e-01 1.836000e-03 3.669520e-01
367 6.309240e-01 1.836000e-03 3.672400e-01
368 6.305520e-01 1.884000e-03 3.675640e-01
369 6.301320e-01 1.944000e-03 3.679240e-01
370 6.297040e-01 2.004000e-03 3.682920e-01
371 6.293280e-01 2.036000e-03 3.686360e-01
372 6.289640e-01 2.036000e-03 3.690000e-01
373 6.286720e-01 1.956000e-03 3.693720e-01
374 6.283640e-01 1.964000e-03 3.696720e-01
375 6.280520e-01 1.944000e-03 3.700040e-01
376 6.277200e-01 1.952000e-03 3.703280e-01
377 6.274440e-01 1.844000e-03 3.707120e-01
378 6.271480e-01 1.912000e-03 3.709400e-01
379 6.269160e-01 1.812000e-03 3.712720e-01
380 6.266480e-01 1.784000e-03 3.715680e-01
381 6.263120e-01 1.800000e-03 3.718880e-01
382 6.259920e-01 1.840000e-03 3.721680e-01
383 6.257360e-01 1.752000e-03 3.725120e-01
384 6.253400e-01 1.864000e-03 3.727960e-01
385 6.250000e-01 1.900000e-03 3.731000e-01
386 6.246520e-01 1.880000e-03 3.734680e-01
387 6.243120e-01 1.888000e-03 3.738000e-01
388 6.239280e-01 1.884000e-03 3.741880e-01
389 6.235840e-01 1.904000e-03 3.745120e-01
390 6.232440e-01 1.948000e-03 3.748080e-01
391 6.228520e-01 1.944000e-03 3.752040e-01
392 6.225400e-01 1.928000e-03 3.755320e-01
393 6.221840e-01 1.988000e-03 3.758280e-01
394 6.217560e-01 2.080000e-03 3.761640e-01
395 6.213760e-01 2.128000e-03 3.764960e-01
396 6.210400e-01 2.064000e-03 3.768960e-01
397 6.206720e-01 2.096000e-03 3.772320e-01
398 6.203280e-01 2.044000e-03 3.776280e-01
399 6.200040e-01 2.004000e-03 3.779920e-01
400 6.197320e-01 1.932000e-03 3.783360e-01
401 6.193480e-01 1.984000e-03 3.786680e-01
402 6.190200e-01 1.948000e-03 3.790320e-01
403 6.186240e-01 2.064000e-03 3.793120e-01
404 6.182720e-01 2.116000e-03 3.796120e-01
405 6.179840e-01 1.984000e-03 3.800320e-01
406 6.176800e-01 1.916000e-03 3.804040e-01
407 6.173400e-01 1.952000e-03 3.807080e-01
408 6.169800e-01 1.976000e-03 3.810440e-01
409 6.166000e-01 2.020000e-03 3.813800e-01
410 6.162840e-01 1.976000e-03 3.817400e-01
411 6.158880e-01 2.048000e-03 3.820640e-01
412 6.155400e-01 2.064000e-03 3.823960e-01
413 6.152200e-01 1.960000e-03 3.828200e-01
414 6.150200e-01 1.816000e-03 3.831640e-01
415 6.147840e-01 1.728000e-03 3.834880e-01
416 6.145520e-01 1.680000e-03 3.837680e-01
417 6.142520e-01 1.728000e-03 3.840200e-01
418 6.139720e-01 1.748000e-03 3.842800e-01
419 6.137480e-01 1.688000e-03 3.845640e-01
420 6.134600e-01 1.664000e-03 3.848760e-01
421 6.131320e-01 1.680000e-03 3.851880e-01
422 6.128480e-01 1.612000e-03 3.855400e-01
423 6.125920e-01 1.572000e-03 3.858360e-01
424 6.123080e-01 1.556000e-03 3.861360e-01
425 6.120120e-01 1.572000e-03 3.864160e-01
426 6.117000e-01 1.660000e-03 3.866400e-01
427 6.114040e-01 1.628000e-03 3.869680e-01
428 6.111680e-01 1.568000e-03 3.872640e-01
429 6.108800e-01 1.596000e-03 3.875240e-01
430 6.106400e-01 1.580000e-03 3.877800e-01
431 6.104160e-01 1.528000e-03 3.880560e-01
432 6.101760e-01 1.436000e-03 3.883880e-01
433 6.099480e-01 1.408000e-03 3.886440e-01
434 6.097400e-01 1.352000e-03 3.889080e-01
435 6.095160e-01 1.324000e-03 3.891600e-01
436 6.092280e-01 1.388000e-03 3.893840e-01
437 6.089840e-01 1.432000e-03 3.895840e-01
438 6.086600e-01 1.536000e-03 3.898040e-01
439 6.084080e-01 1.512000e-03 3.900800e-01
440 6.081040e-01 1.560000e-03 3.903360e-01
441 6.078320e-01 1.580000e-03 3.905880e-01
442 6.076080e-01 1.564000e-03 3.908280e-01
443 6.073360e-01 1.588000e-03 3.910760e-01
444 6.069800e-01 1.728000e-03 3.912920e-01
445 6.067000e-01 1.708000e-03 3.915920e-01
446 6.063600e-01 1.756000e-03 3.918840e-01
447 6.061280e-01 1.668000e-03 3.922040e-01
448 6.058240e-01 1.688000e-03 3.924880e-01
449 6.055600e-01 1.668000e-03 3.927720e-01
450 6.051680e-01 1.752000e-03 3.930800e-01
451 6.049200e-01 1.696000e-03 3.933840e-01
452 6.046720e-01 1.604000e-03 3.937240e-01
453 6.043720e-01 1.636000e-03 3.939920e-01
454 6.041120e-01 1.644000e-03 3.942440e-01
455 6.038680e-01 1.568000e-03 3.945640e-01
456 6.036280e-01 1.532000e-03 3.948400e-01
457 6.034000e-01 1.500000e-03 3.951000e-01
458 6.031480e-01 1.460000e-03 3.953920e-01
459 6.028800e-01 1.508000e-03 3.956120e-01
460 6.026080e-01 1.500000e-03 3.958920e-01
461 6.023880e-01 1.460000e-03 3.961520e-01
462 6.021280e-01 1.396000e-03 3.964760e-01
463 6.018720e-01 1.396000e-03 3.967320e-01
464 6.016400e-01 1.392000e-03 3.969680e-01
465 6.014560e-01 1.348000e-03 3.971960e-01
466 6.012160e-01 1.380000e-03 3.974040e-01
467 6.009160e-01 1.448000e-03 3.976360e-01
468 6.007280e-01 1.368000e-03 3.979040e-01
469 6.005520e-01 1.296000e-03 3.981520e-01
470 6.003840e-01 1.252000e-03 3.983640e-01
471 6.001840e-01 1.256000e-03 3.985600e-01
472 6.000000e-01 1.236000e-03 3.987640e-01
473 5.998040e-01 1.244000e-03 3.989520e-01
474 5.995680e-01 1.288000e-03 3.991440e-01
475 5.993720e-01 1.244000e-03 3.993840e-01
476 5.991680e-01 1.224000e-03 3.996080e-01
477 5.990080e-01 1.192000e-03 3.998000e-01
478 5.988320e-01 1.160000e-03 4.000080e-01
479 5.986600e-01 1.152000e-03 4.001880e-01
480 5.985040e-01 1.112000e-03 4.003840e-01
481 5.983520e-01 1.104000e-03 4.005440e-01
482 5.982320e-01 1.012000e-03 4.007560e-01
483 5.980440e-01 1.064000e-03 4.008920e-01
484 5.978560e-01 1.064000e-03 4.010800e-01
485 5.976240e-01 1.116000e-03 4.012600e-01
486 5.973640e-01 1.228000e-03 4.014080e-01
487 5.971160e-01 1.260000e-03 4.016240e-01
488 5.968880e-01 1.244000e-03 4.018680e-01
489 5.966840e-01 1.204000e-03 4.021120e-01
490 5.965080e-01 1.176000e-03 4.023160e-01
491 5.962720e-01 1.228000e-03 4.025000e-01
492 5.960640e-01 1.180000e-03 4.027560e-01
493 5.958520e-01 1.168000e-03 4.029800e-01
494 5.956720e-01 1.168000e-03 4.031600e-01
495 5.954760e-01 1.128000e-03 4.033960e-01
496 5.952880e-01 1.156000e-03 4.035560e-01
497 5.951200e-01 1.140000e-03 4.037400e-01
498 5.949200e-01 1.144000e-03 4.039360e-01
499 5.947120e-01 1.164000e-03 4.041240e-01
500 5.944560e-01 1.212000e-03 4.043320e-01
