1 9.991920e-01 7.280000e-04 8.000000e-05
2 9.986560e-01 1.104000e-03 2.400000e-04
3 9.979240e-01 1.604000e-03 4.720000e-04
4 9.970560e-01 2.132000e-03 8.120000e-04
5 9.961840e-01 2.560000e-03 1.256000e-03
6 9.950920e-01 3.144000e-03 1.764000e-03
7 9.940960e-01 3.532000e-03 2.372000e-03
8 9.930280e-01 3.924000e-03 3.048000e-03
9 9.918880e-01 4.376000e-03 3.736000e-03
10 9.906680e-01 4.796000e-03 4.536000e-03
11 9.894000e-01 5.236000e-03 5.364000e-03
12 9.881800e-01 5.416000e-03 6.404000e-03
13 9.870320e-01 5.668000e-03 7.300000e-03
14 9.857880e-01 5.932000e-03 8.280000e-03
15 9.844640e-01 6.288000e-03 9.248000e-03
16 9.830520e-01 6.668000e-03 1.028000e-02
17 9.817040e-01 6.904000e-03 1.139200e-02
18 9.801520e-01 7.184000e-03 1.266400e-02
19 9.786160e-01 7.548000e-03 1.383600e-02
20 9.770920e-01 7.620000e-03 1.528800e-02
21 9.755040e-01 7.808000e-03 1.668800e-02
22 9.741160e-01 7.660000e-03 1.822400e-02
23 9.726920e-01 7.828000e-03 1.948000e-02
24 9.710960e-01 8.112000e-03 2.079200e-02
25 9.695080e-01 8.328000e-03 2.216400e-02
26 9.679240e-01 8.452000e-03 2.362400e-02
27 9.662400e-01 8.680000e-03 2.508000e-02
28 9.646360e-01 8.676000e-03 2.668800e-02
29 9.631440e-01 8.716000e-03 2.814000e-02
30 9.615760e-01 8.596000e-03 2.982800e-02
31 9.599320e-01 8.704000e-03 3.136400e-02
32 9.581400e-01 8.988000e-03 3.287200e-02
33 9.566000e-01 8.948000e-03 3.445200e-02
34 9.549240e-01 9.092000e-03 3.598400e-02
35 9.532400e-01 9.048000e-03 3.771200e-02
36 9.515200e-01 9.116000e-03 3.936400e-02
37 9.498520e-01 9.164000e-03 4.098400e-02
38 9.481240e-01 9.328000e-03 4.254800e-02
39 9.464600e-01 9.352000e-03 4.418800e-02
40 9.448800e-01 9.364000e-03 4.575600e-02
41 9.433080e-01 9.320000e-03 4.737200e-02
42 9.415720e-01 9.352000e-03 4.907600e-02
43 9.399600e-01 9.264000e-03 5.077600e-02
44 9.382640e-01 9.216000e-03 5.252000e-02
45 9.366800e-01 9.100000e-03 5.422000e-02
46 9.350720e-01 9.044000e-03 5.588400e-02
47 9.335080e-01 9.088000e-03 5.740400e-02
48 9.321240e-01 8.944000e-03 5.893200e-02
49 9.308240e-01 8.744000e-03 6.043200e-02
50 9.294320e-01 8.596000e-03 6.197200e-02
51 9.281200e-01 8.504000e-03 6.337600e-02
52 9.267360e-01 8.356000e-03 6.490800e-02
53 9.254760e-01 8.084000e-03 6.644000e-02
54 9.240920e-01 7.992000e-03 6.791600e-02
55 9.226880e-01 8.072000e-03 6.924000e-02
56 9.213280e-01 8.048000e-03 7.062400e-02
57 9.198880e-01 8.028000e-03 7.208400e-02
58 9.185360e-01 7.968000e-03 7.349600e-02
59 9.172080e-01 7.908000e-03 7.488400e-02
60 9.160600e-01 7.676000e-03 7.626400e-02
61 9.148120e-01 7.648000e-03 7.754000e-02
62 9.135280e-01 7.600000e-03 7.887200e-02
63 9.120680e-01 7.644000e-03 8.028800e-02
64 9.108080e-01 7.620000e-03 8.157200e-02
65 9.094280e-01 7.728000e-03 8.284400e-02
66 9.080920e-01 7.728000e-03 8.418000e-02
67 9.069600e-01 7.612000e-03 8.542800e-02
68 9.057560e-01 7.544000e-03 8.670000e-02
69 9.044520e-01 7.476000e-03 8.807200e-02
70 9.030080e-01 7.568000e-03 8.942400e-02
71 9.015840e-01 7.616000e-03 9.080000e-02
72 9.002680e-01 7.684000e-03 9.204800e-02
73 8.990080e-01 7.632000e-03 9.336000e-02
74 8.976960e-01 7.548000e-03 9.475600e-02
75 8.963280e-01 7.548000e-03 9.612400e-02
76 8.949440e-01 7.660000e-03 9.739600e-02
77 8.934720e-01 7.828000e-03 9.870000e-02
78 8.921000e-01 7.800000e-03 1.001000e-01
79 8.906240e-01 7.916000e-03 1.014600e-01
80 8.891200e-01 8.088000e-03 1.027920e-01
81 8.876400e-01 8.248000e-03 1.041120e-01
82 8.862600e-01 8.216000e-03 1.055240e-01
83 8.846720e-01 8.344000e-03 1.069840e-01
84 8.831200e-01 8.428000e-03 1.084520e-01
85 8.816120e-01 8.472000e-03 1.099160e-01
86 8.800760e-01 8.376000e-03 1.115480e-01
87 8.788080e-01 8.156000e-03 1.130360e-01
88 8.774520e-01 8.132000e-03 1.144160e-01
89 8.759480e-01 8.236000e-03 1.158160e-01
90 8.745920e-01 8.168000e-03 1.172400e-01
91 8.731800e-01 8.216000e-03 1.186040e-01
92 8.716760e-01 8.300000e-03 1.200240e-01
93 8.703960e-01 8.148000e-03 1.214560e-01
94 8.690440e-01 8.004000e-03 1.229520e-01
95 8.675160e-01 8.228000e-03 1.242560e-01
96 8.660480e-01 8.268000e-03 1.256840e-01
97 8.645160e-01 8.328000e-03 1.271560e-01
98 8.631240e-01 8.260000e-03 1.286160e-01
99 8.617360e-01 8.136000e-03 1.301280e-01
100 8.603680e-01 7.960000e-03 1.316720e-01
101 8.590520e-01 7.792000e-03 1.331560e-01
102 8.578400e-01 7.668000e-03 1.344920e-01
103 8.566200e-01 7.592000e-03 1.357880e-01
104 8.555120e-01 7.320000e-03 1.371680e-01
105 8.542680e-01 7.112000e-03 1.386200e-01
106 8.530480e-01 7.068000e-03 1.398840e-01
107 8.520240e-01 6.816000e-03 1.411600e-01
108 8.509080e-01 6.716000e-03 1.423760e-01
109 8.497200e-01 6.692000e-03 1.435880e-01
110 8.486480e-01 6.668000e-03 1.446840e-01
111 8.475720e-01 6.464000e-03 1.459640e-01
112 8.464560e-01 6.408000e-03 1.471360e-01
113 8.453760e-01 6.388000e-03 1.482360e-01
114 8.443120e-01 6.388000e-03 1.493000e-01
115 8.430640e-01 6.456000e-03 1.504800e-01
116 8.420080e-01 6.440000e-03 1.515520e-01
117 8.408240e-01 6.392000e-03 1.527840e-01
118 8.396560e-01 6.460000e-03 1.538840e-01
119 8.385760e-01 6.408000e-03 1.550160e-01
120 8.374720e-01 6.336000e-03 1.561920e-01
121 8.364240e-01 6.372000e-03 1.572040e-01
122 8.353880e-01 6.312000e-03 1.583000e-01
123 8.342840e-01 6.304000e-03 1.594120e-01
124 8.332040e-01 6.280000e-03 1.605160e-01
125 8.320240e-01 6.360000e-03 1.616160e-01
126 8.308080e-01 6.444000e-03 1.627480e-01
127 8.297320e-01 6.372000e-03 1.638960e-01
128 8.286000e-01 6.488000e-03 1.649120e-01
129 8.274560e-01 6.484000e-03 1.660600e-01
130 8.262800e-01 6.592000e-03 1.671280e-01
131 8.251480e-01 6.384000e-03 1.684680e-01
132 8.239920e-01 6.504000e-03 1.695040e-01
133 8.229400e-01 6.536000e-03 1.705240e-01
134 8.217720e-01 6.548000e-03 1.716800e-01
135 8.206280e-01 6.492000e-03 1.728800e-01
136 8.195920e-01 6.368000e-03 1.740400e-01
137 8.184880e-01 6.384000e-03 1.751280e-01
138 8.174880e-01 6.372000e-03 1.761400e-01
139 8.163240e-01 6.404000e-03 1.772720e-01
140 8.151800e-01 6.492000e-03 1.783280e-01
141 8.138960e-01 6.576000e-03 1.795280e-01
142 8.125920e-01 6.724000e-03 1.806840e-01
143 8.114320e-01 6.648000e-03 1.819200e-01
144 8.102880e-01 6.624000e-03 1.830880e-01
145 8.090200e-01 6.628000e-03 1.843520e-01
146 8.078920e-01 6.516000e-03 1.855920e-01
147 8.067160e-01 6.576000e-03 1.867080e-01
148 8.056040e-01 6.592000e-03 1.878040e-01
149 8.045280e-01 6.396000e-03 1.890760e-01
150 8.034760e-01 6.240000e-03 1.902840e-01
151 8.025720e-01 6.068000e-03 1.913600e-01
152 8.015120e-01 6.112000e-03 1.923760e-01
153 8.003800e-01 6.196000e-03 1.934240e-01
154 7.992720e-01 6.308000e-03 1.944200e-01
155 7.982720e-01 6.188000e-03 1.955400e-01
156 7.971640e-01 6.232000e-03 1.966040e-01
157 7.961240e-01 6.236000e-03 1.976400e-01
158 7.951000e-01 6.132000e-03 1.987680e-01
159 7.939560e-01 6.112000e-03 1.999320e-01
160 7.929480e-01 6.120000e-03 2.009320e-01
161 7.919000e-01 6.092000e-03 2.020080e-01
162 7.909680e-01 5.924000e-03 2.031080e-01
163 7.900000e-01 5.932000e-03 2.040680e-01
164 7.889680e-01 5.948000e-03 2.050840e-01
165 7.879280e-01 6.040000e-03 2.060320e-01
166 7.867080e-01 6.116000e-03 2.071760e-01
167 7.855920e-01 6.196000e-03 2.082120e-01
168 7.845200e-01 6.200000e-03 2.092800e-01
169 7.834520e-01 6.180000e-03 2.103680e-01
170 7.823440e-01 6.040000e-03 2.116160e-01
171 7.812920e-01 6.108000e-03 2.126000e-01
172 7.803040e-01 5.972000e-03 2.137240e-01
173 7.792600e-01 5.924000e-03 2.148160e-01
174 7.783200e-01 5.852000e-03 2.158280e-01
175 7.772680e-01 5.856000e-03 2.168760e-01
176 7.762880e-01 5.876000e-03 2.178360e-01
177 7.752760e-01 5.884000e-03 2.188400e-01
178 7.740800e-01 6.020000e-03 2.199000e-01
179 7.729440e-01 6.128000e-03 2.209280e-01
180 7.718320e-01 6.188000e-03 2.219800e-01
181 7.708520e-01 6.112000e-03 2.230360e-01
182 7.698560e-01 6.020000e-03 2.241240e-01
183 7.689280e-01 5.952000e-03 2.251200e-01
184 7.678520e-01 6.100000e-03 2.260480e-01
185 7.667360e-01 6.200000e-03 2.270640e-01
186 7.656000e-01 6.140000e-03 2.282600e-01
187 7.644160e-01 6.316000e-03 2.292680e-01
188 7.632480e-01 6.412000e-03 2.303400e-01
189 7.621480e-01 6.344000e-03 2.315080e-01
190 7.611680e-01 6.192000e-03 2.326400e-01
191 7.601600e-01 6.108000e-03 2.337320e-01
192 7.590800e-01 6.228000e-03 2.346920e-01
193 7.578880e-01 6.216000e-03 2.358960e-01
194 7.568320e-01 6.156000e-03 2.370120e-01
195 7.557560e-01 6.208000e-03 2.380360e-01
196 7.547160e-01 6.184000e-03 2.391000e-01
197 7.535560e-01 6.264000e-03 2.401800e-01
198 7.524360e-01 6.304000e-03 2.412600e-01
199 7.514240e-01 6.228000e-03 2.423480e-01
200 7.504440e-01 6.052000e-03 2.435040e-01
201 7.493760e-01 6.104000e-03 2.445200e-01
202 7.484200e-01 5.968000e-03 2.456120e-01
203 7.475480e-01 5.732000e-03 2.467200e-01
204 7.465560e-01 5.768000e-03 2.476760e-01
205 7.457120e-01 5.616000e-03 2.486720e-01
206 7.447320e-01 5.600000e-03 2.496680e-01
207 7.438480e-01 5.548000e-03 2.506040e-01
208 7.429000e-01 5.524000e-03 2.515760e-01
209 7.419160e-01 5.536000e-03 2.525480e-01
210 7.409320e-01 5.628000e-03 2.534400e-01
211 7.400840e-01 5.492000e-03 2.544240e-01
212 7.392080e-01 5.420000e-03 2.553720e-01
213 7.383400e-01 5.456000e-03 2.562040e-01
214 7.374160e-01 5.356000e-03 2.572280e-01
215 7.363800e-01 5.464000e-03 2.581560e-01
216 7.353640e-01 5.484000e-03 2.591520e-01
217 7.344960e-01 5.528000e-03 2.599760e-01
218 7.334880e-01 5.476000e-03 2.610360e-01
219 7.325480e-01 5.532000e-03 2.619200e-01
220 7.315560e-01 5.552000e-03 2.628920e-01
221 7.306280e-01 5.436000e-03 2.639360e-01
222 7.296560e-01 5.464000e-03 2.648800e-01
223 7.287120e-01 5.332000e-03 2.659560e-01
224 7.278240e-01 5.292000e-03 2.668840e-01
225 7.268200e-01 5.348000e-03 2.678320e-01
226 7.259080e-01 5.268000e-03 2.688240e-01
227 7.250280e-01 5.264000e-03 2.697080e-01
228 7.240880e-01 5.344000e-03 2.705680e-01
229 7.231720e-01 5.348000e-03 2.714800e-01
230 7.223160e-01 5.336000e-03 2.723480e-01
231 7.214760e-01 5.176000e-03 2.733480e-01
232 7.204600e-01 5.168000e-03 2.743720e-01
233 7.196320e-01 5.096000e-03 2.752720e-01
234 7.189040e-01 5.036000e-03 2.760600e-01
235 7.181920e-01 4.820000e-03 2.769880e-01
236 7.173520e-01 4.872000e-03 2.777760e-01
237 7.166200e-01 4.748000e-03 2.786320e-01
238 7.158160e-01 4.784000e-03 2.794000e-01
239 7.150680e-01 4.700000e-03 2.802320e-01
240 7.143040e-01 4.604000e-03 2.810920e-01
241 7.134480e-01 4.692000e-03 2.818600e-01
242 7.125040e-01 4.832000e-03 2.826640e-01
243 7.116360e-01 4.860000e-03 2.835040e-01
244 7.107520e-01 4.896000e-03 2.843520e-01
245 7.097960e-01 5.116000e-03 2.850880e-01
246 7.088920e-01 5.076000e-03 2.860320e-01
247 7.079880e-01 4.996000e-03 2.870160e-01
248 7.070520e-01 5.180000e-03 2.877680e-01
249 7.062560e-01 5.032000e-03 2.887120e-01
250 7.054160e-01 4.992000e-03 2.895920e-01
251 7.045120e-01 5.020000e-03 2.904680e-01
252 7.035800e-01 5.108000e-03 2.913120e-01
253 7.026280e-01 5.216000e-03 2.921560e-01
254 7.017960e-01 5.220000e-03 2.929840e-01
255 7.009440e-01 5.228000e-03 2.938280e-01
256 7.001120e-01 5.144000e-03 2.947440e-01
257 6.992640e-01 5.148000e-03 2.955880e-01
258 6.984120e-01 5.168000e-03 2.964200e-01
259 6.975960e-01 5.144000e-03 2.972600e-01
260 6.967000e-01 5.232000e-03 2.980680e-01
261 6.958520e-01 5.128000e-03 2.990200e-01
262 6.949840e-01 4.980000e-03 3.000360e-01
263 6.941600e-01 4.852000e-03 3.009880e-01
264 6.934800e-01 4.680000e-03 3.018400e-01
265 6.926480e-01 4.636000e-03 3.027160e-01
266 6.918040e-01 4.676000e-03 3.035200e-01
267 6.910000e-01 4.676000e-03 3.043240e-01
268 6.902360e-01 4.700000e-03 3.050640e-01
269 6.894880e-01 4.556000e-03 3.059560e-01
270 6.887760e-01 4.520000e-03 3.067040e-01
271 6.881080e-01 4.408000e-03 3.074840e-01
272 6.874720e-01 4.264000e-03 3.082640e-01
273 6.867320e-01 4.228000e-03 3.090400e-01
274 6.859760e-01 4.176000e-03 3.098480e-01
275 6.852480e-01 4.056000e-03 3.106960e-01
276 6.846200e-01 3.900000e-03 3.114800e-01
277 6.839080e-01 3.952000e-03 3.121400e-01
278 6.832280e-01 3.952000e-03 3.128200e-01
279 6.825600e-01 3.884000e-03 3.135560e-01
280 6.819440e-01 3.804000e-03 3.142520e-01
281 6.813040e-01 3.772000e-03 3.149240e-01
282 6.806240e-01 3.776000e-03 3.156000e-01
283 6.800160e-01 3.688000e-03 3.162960e-01
284 6.794520e-01 3.544000e-03 3.170040e-01
285 6.789040e-01 3.340000e-03 3.177560e-01
286 6.783040e-01 3.304000e-03 3.183920e-01
287 6.778560e-01 3.200000e-03 3.189440e-01
288 6.773600e-01 3.152000e-03 3.194880e-01
289 6.768520e-01 3.160000e-03 3.199880e-01
290 6.763760e-01 3.056000e-03 3.205680e-01
291 6.758720e-01 2.972000e-03 3.211560e-01
292 6.754440e-01 2.908000e-03 3.216480e-01
293 6.749360e-01 2.872000e-03 3.221920e-01
294 6.744680e-01 2.856000e-03 3.226760e-01
295 6.740080e-01 2.812000e-03 3.231800e-01
296 6.735080e-01 2.820000e-03 3.236720e-01
297 6.729800e-01 2.912000e-03 3.241080e-01
298 6.724320e-01 2.888000e-03 3.246800e-01
299 6.719840e-01 2.772000e-03 3.252440e-01
300 6.715160e-01 2.740000e-03 3.257440e-01
301 6.710600e-01 2.728000e-03 3.262120e-01
302 6.706840e-01 2.692000e-03 3.266240e-01
303 6.701560e-01 2.732000e-03 3.271120e-01
304 6.696160e-01 2.820000e-03 3.275640e-01
305 6.690440e-01 2.860000e-03 3.280960e-01
306 6.685200e-01 2.904000e-03 3.285760e-01
307 6.680360e-01 2.916000e-03 3.290480e-01
308 6.674320e-01 2.956000e-03 3.296120e-01
309 6.667600e-01 3.064000e-03 3.301760e-01
310 6.661480e-01 3.100000e-03 3.307520e-01
311 6.655800e-01 3.104000e-03 3.313160e-01
312 6.651240e-01 2.976000e-03 3.319000e-01
313 6.646720e-01 2.880000e-03 3.324480e-01
314 6.641160e-01 2.920000e-03 3.329640e-01
315 6.637040e-01 2.760000e-03 3.335360e-01
316 6.632720e-01 2.656000e-03 3.340720e-01
317 6.627880e-01 2.692000e-03 3.345200e-01
318 6.623040e-01 2.688000e-03 3.350080e-01
319 6.618600e-01 2.652000e-03 3.354880e-01
320 6.613800e-01 2.700000e-03 3.359200e-01
321 6.609240e-01 2.648000e-03 3.364280e-01
322 6.604640e-01 2.724000e-03 3.368120e-01
323 6.600720e-01 2.680000e-03 3.372480e-01
324 6.596360e-01 2.664000e-03 3.377000e-01
325 6.592920e-01 2.536000e-03 3.381720e-01
326 6.589400e-01 2.472000e-03 3.385880e-01
327 6.586040e-01 2.324000e-03 3.390720e-01
328 6.583200e-01 2.204000e-03 3.394760e-01
329 6.580080e-01 2.108000e-03 3.398840e-01
330 6.576680e-01 2.144000e-03 3.401880e-01
331 6.573640e-01 2.108000e-03 3.405280e-01
332 6.570760e-01 1.984000e-03 3.409400e-01
333 6.567120e-01 2.064000e-03 3.412240e-01
334 6.564080e-01 2.000000e-03 3.415920e-01
335 6.560760e-01 1.984000e-03 3.419400e-01
336 6.558160e-01 1.900000e-03 3.422840e-01
337 6.554360e-01 1.916000e-03 3.426480e-01
338 6.551760e-01 1.884000e-03 3.429400e-01
339 6.548960e-01 1.808000e-03 3.432960e-01
340 6.546400e-01 1.740000e-03 3.436200e-01
341 6.543520e-01 1.732000e-03 3.439160e-01
342 6.540880e-01 1.668000e-03 3.442440e-01
343 6.538240e-01 1.612000e-03 3.445640e-01
344 6.535720e-01 1.564000e-03 3.448640e-01
345 6.533160e-01 1.528000e-03 3.451560e-01
346 6.530560e-01 1.532000e-03 3.454120e-01
347 6.528880e-01 1.456000e-03 3.456560e-01
348 6.526400e-01 1.428000e-03 3.459320e-01
349 6.524560e-01 1.384000e-03 3.461600e-01
350 6.522320e-01 1.348000e-03 3.464200e-01
351 6.520560e-01 1.272000e-03 3.466720e-01
352 6.518560e-01 1.220000e-03 3.469240e-01
353 6.516240e-01 1.208000e-03 3.471680e-01
354 6.514640e-01 1.140000e-03 3.473960e-01
355 6.512760e-01 1.160000e-03 3.475640e-01
356 6.511280e-01 1.052000e-03 3.478200e-01
357 6.509720e-01 1.016000e-03 3.480120e-01
358 6.508680e-01 9.920000e-04 3.481400e-01
359 6.507480e-01 9.440000e-04 3.483080e-01
360 6.506160e-01 9.040000e-04 3.484800e-01
361 6.505000e-01 8.640000e-04 3.486360e-01
362 6.503880e-01 7.800000e-04 3.488320e-01
363 6.502480e-01 7.840000e-04 3.489680e-01
364 6.501080e-01 7.920000e-04 3.491000e-01
365 6.499400e-01 8.040000e-04 3.492560e-01
366 6.497640e-01 8.360000e-04 3.494000e-01
367 6.496240e-01 8.080000e-04 3.495680e-01
368 6.494720e-01 7.760000e-04 3.497520e-01
369 6.493400e-01 7.840000e-04 3.498760e-01
370 6.492240e-01 7.360000e-04 3.500400e-01
371 6.491200e-01 7.160000e-04 3.501640e-01
372 6.489760e-01 7.680000e-04 3.502560e-01
373 6.488480e-01 7.480000e-04 3.504040e-01
374 6.487080e-01 7.600000e-04 3.505320e-01
375 6.485720e-01 7.840000e-04 3.506440e-01
376 6.484040e-01 8.280000e-04 3.507680e-01
377 6.482640e-01 8.320000e-04 3.509040e-01
378 6.481680e-01 8.320000e-04 3.510000e-01
379 6.480720e-01 7.680000e-04 3.511600e-01
380 6.479680e-01 7.480000e-04 3.512840e-01
381 6.478400e-01 7.360000e-04 3.514240e-01
382 6.477200e-01 7.400000e-04 3.515400e-01
383 6.475840e-01 7.320000e-04 3.516840e-01
384 6.474360e-01 7.440000e-04 3.518200e-01
385 6.472920e-01 7.320000e-04 3.519760e-01
386 6.471920e-01 6.760000e-04 3.521320e-01
387 6.470560e-01 6.920000e-04 3.522520e-01
388 6.469040e-01 7.640000e-04 3.523320e-01
389 6.467800e-01 7.480000e-04 3.524720e-01
390 6.466600e-01 7.320000e-04 3.526080e-01
391 6.465560e-01 6.960000e-04 3.527480e-01
392 6.464000e-01 7.080000e-04 3.528920e-01
393 6.462960e-01 7.000000e-04 3.530040e-01
394 6.462360e-01 6.360000e-04 3.531280e-01
395 6.461640e-01 6.080000e-04 3.532280e-01
396 6.460960e-01 5.680000e-04 3.533360e-01
397 6.460120e-01 5.560000e-04 3.534320e-01
398 6.459360e-01 5.200000e-04 3.535440e-01
399 6.458520e-01 4.920000e-04 3.536560e-01
400 6.457720e-01 4.760000e-04 3.537520e-01
401 6.456560e-01 5.080000e-04 3.538360e-01
402 6.455720e-01 4.960000e-04 3.539320e-01
403 6.455080e-01 4.720000e-04 3.540200e-01
404 6.453400e-01 5.680000e-04 3.540920e-01
405 6.452600e-01 5.440000e-04 3.541960e-01
406 6.451400e-01 5.440000e-04 3.543160e-01
407 6.450600e-01 5.400000e-04 3.544000e-01
408 6.449360e-01 5.880000e-04 3.544760e-01
409 6.448000e-01 6.240000e-04 3.545760e-01
410 6.446560e-01 6.480000e-04 3.546960e-01
411 6.445000e-01 7.120000e-04 3.547880e-01
412 6.443760e-01 7.240000e-04 3.549000e-01
413 6.442640e-01 7.200000e-04 3.550160e-01
414 6.441680e-01 7.080000e-04 3.551240e-01
415 6.440480e-01 7.160000e-04 3.552360e-01
416 6.439400e-01 6.920000e-04 3.553680e-01
417 6.437520e-01 7.600000e-04 3.554880e-01
418 6.436480e-01 7.480000e-04 3.556040e-01
419 6.435120e-01 7.600000e-04 3.557280e-01
420 6.434200e-01 7.120000e-04 3.558680e-01
421 6.433160e-01 7.160000e-04 3.559680e-01
422 6.432040e-01 7.640000e-04 3.560320e-01
423 6.430200e-01 8.200000e-04 3.561600e-01
424 6.429120e-01 8.000000e-04 3.562880e-01
425 6.428280e-01 7.800000e-04 3.563920e-01
426 6.427120e-01 7.200000e-04 3.565680e-01
427 6.426480e-01 6.680000e-04 3.566840e-01
428 6.425480e-01 6.200000e-04 3.568320e-01
429 6.424760e-01 5.920000e-04 3.569320e-01
430 6.423840e-01 5.600000e-04 3.570560e-01
431 6.423040e-01 5.520000e-04 3.571440e-01
432 6.421800e-01 5.880000e-04 3.572320e-01
433 6.420680e-01 5.680000e-04 3.573640e-01
434 6.419640e-01 5.640000e-04 3.574720e-01
435 6.418680e-01 5.840000e-04 3.575480e-01
436 6.417360e-01 6.120000e-04 3.576520e-01
437 6.416320e-01 5.880000e-04 3.577800e-01
438 6.415760e-01 5.360000e-04 3.578880e-01
439 6.414960e-01 5.320000e-04 3.579720e-01
440 6.414160e-01 5.080000e-04 3.580760e-01
441 6.413360e-01 5.200000e-04 3.581440e-01
442 6.412520e-01 5.160000e-04 3.582320e-01
443 6.411840e-01 4.800000e-04 3.583360e-01
444 6.411240e-01 4.800000e-04 3.583960e-01
445 6.410640e-01 4.480000e-04 3.584880e-01
446 6.410320e-01 3.800000e-04 3.585880e-01
447 6.409680e-01 3.640000e-04 3.586680e-01
448 6.409160e-01 3.520000e-04 3.587320e-01
449 6.408320e-01 3.680000e-04 3.588000e-01
450 6.407680e-01 3.920000e-04 3.588400e-01
451 6.407200e-01 3.920000e-04 3.588880e-01
452 6.406240e-01 4.360000e-04 3.589400e-01
453 6.405520e-01 4.360000e-04 3.590120e-01
454 6.404640e-01 4.120000e-04 3.591240e-01
455 6.403800e-01 4.240000e-04 3.591960e-01
456 6.403400e-01 3.840000e-04 3.592760e-01
457 6.402440e-01 4.240000e-04 3.593320e-01
458 6.401840e-01 3.960000e-04 3.594200e-01
459 6.401280e-01 3.880000e-04 3.594840e-01
460 6.400680e-01 3.720000e-04 3.595600e-01
461 6.400000e-01 3.680000e-04 3.596320e-01
462 6.399480e-01 3.760000e-04 3.596760e-01
463 6.399160e-01 3.360000e-04 3.597480e-01
464 6.398760e-01 3.200000e-04 3.598040e-01
465 6.398320e-01 3.120000e-04 3.598560e-01
466 6.397920e-01 3.120000e-04 3.598960e-01
467 6.397520e-01 3.040000e-04 3.599440e-01
468 6.397320e-01 2.720000e-04 3.599960e-01
469 6.397000e-01 2.720000e-04 3.600280e-01
470 6.396720e-01 2.600000e-04 3.600680e-01
471 6.396360e-01 2.560000e-04 3.601080e-01
472 6.396080e-01 2.280000e-04 3.601640e-01
473 6.395800e-01 2.200000e-04 3.602000e-01
474 6.395520e-01 1.920000e-04 3.602560e-01
475 6.395320e-01 1.640000e-04 3.603040e-01
476 6.395160e-01 1.400000e-04 3.603440e-01
477 6.394960e-01 1.480000e-04 3.603560e-01
478 6.394800e-01 1.400000e-04 3.603800e-01
479 6.394560e-01 1.440000e-04 3.604000e-01
480 6.394360e-01 1.320000e-04 3.604320e-01
481 6.394120e-01 1.400000e-04 3.604480e-01
482 6.393960e-01 1.240000e-04 3.604800e-01
483 6.393760e-01 1.320000e-04 3.604920e-01
484 6.393560e-01 1.240000e-04 3.605200e-01
485 6.393320e-01 1.120000e-04 3.605560e-01
486 6.393120e-01 1.160000e-04 3.605720e-01
487 6.393000e-01 1.160000e-04 3.605840e-01
488 6.392880e-01 8.800000e-05 3.606240e-01
489 6.392720e-01 9.600000e-05 3.606320e-01
490 6.392560e-01 1.000000e-04 3.606440e-01
491 6.392240e-01 1.200000e-04 3.606560e-01
492 6.392000e-01 1.280000e-04 3.606720e-01
493 6.391680e-01 1.400000e-04 3.606920e-01
494 6.390960e-01 1.680000e-04 3.607360e-01
495 6.390720e-01 1.720000e-04 3.607560e-01
496 6.390400e-01 1.680000e-04 3.607920e-01
497 6.390320e-01 1.480000e-04 3.608200e-01
498 6.390200e-01 1.400000e-04 3.608400e-01
499 6.389800e-01 1.520000e-04 3.608680e-01
500 6.389440e-01 1.560000e-04 3.609000e-01
