1 9.992000e-01 7.000000e-04 1.000000e-04
2 9.986800e-01 1.056000e-03 2.640000e-04
3 9.981040e-01 1.432000e-03 4.640000e-04
4 9.974680e-01 1.792000e-03 7.400000e-04
5 9.967800e-01 2.076000e-03 1.144000e-03
6 9.959640e-01 2.504000e-03 1.532000e-03
7 9.951040e-01 2.980000e-03 1.916000e-03
8 9.941720e-01 3.328000e-03 2.500000e-03
9 9.932080e-01 3.628000e-03 3.164000e-03
10 9.922040e-01 4.044000e-03 3.752000e-03
11 9.911480e-01 4.364000e-03 4.488000e-03
12 9.901360e-01 4.684000e-03 5.180000e-03
13 9.890720e-01 4.948000e-03 5.980000e-03
14 9.878680e-01 5.320000e-03 6.812000e-03
15 9.866600e-01 5.532000e-03 7.808000e-03
16 9.853640e-01 5.780000e-03 8.856000e-03
17 9.841400e-01 5.988000e-03 9.872000e-03
18 9.827600e-01 6.340000e-03 1.090000e-02
19 9.814240e-01 6.532000e-03 1.204400e-02
20 9.800560e-01 6.776000e-03 1.316800e-02
21 9.787360e-01 7.044000e-03 1.422000e-02
22 9.774720e-01 7.056000e-03 1.547200e-02
23 9.760920e-01 7.164000e-03 1.674400e-02
24 9.746920e-01 7.424000e-03 1.788400e-02
25 9.733320e-01 7.596000e-03 1.907200e-02
26 9.718160e-01 7.772000e-03 2.041200e-02
27 9.703520e-01 7.912000e-03 2.173600e-02
28 9.690080e-01 7.892000e-03 2.310000e-02
29 9.676360e-01 7.952000e-03 2.441200e-02
30 9.662240e-01 7.920000e-03 2.585600e-02
31 9.647400e-01 8.000000e-03 2.726000e-02
32 9.632640e-01 8.132000e-03 2.860400e-02
33 9.616680e-01 8.388000e-03 2.994400e-02
34 9.600240e-01 8.684000e-03 3.129200e-02
35 9.584800e-01 8.576000e-03 3.294400e-02
36 9.568680e-01 8.648000e-03 3.448400e-02
37 9.551360e-01 8.884000e-03 3.598000e-02
38 9.534920e-01 8.888000e-03 3.762000e-02
39 9.519400e-01 8.880000e-03 3.918000e-02
40 9.502960e-01 9.008000e-03 4.069600e-02
41 9.487160e-01 9.056000e-03 4.222800e-02
42 9.470280e-01 9.228000e-03 4.374400e-02
43 9.455040e-01 9.092000e-03 4.540400e-02
44 9.440840e-01 8.936000e-03 4.698000e-02
45 9.426640e-01 8.848000e-03 4.848800e-02
46 9.410880e-01 8.908000e-03 5.000400e-02
47 9.394920e-01 8.848000e-03 5.166000e-02
48 9.379720e-01 8.848000e-03 5.318000e-02
49 9.363560e-01 8.776000e-03 5.486800e-02
50 9.349040e-01 8.688000e-03 5.640800e-02
51 9.332920e-01 8.720000e-03 5.798800e-02
52 9.318400e-01 8.600000e-03 5.956000e-02
53 9.303880e-01 8.512000e-03 6.110000e-02
54 9.290680e-01 8.264000e-03 6.266800e-02
55 9.276400e-01 8.244000e-03 6.411600e-02
56 9.261360e-01 8.232000e-03 6.563200e-02
57 9.244920e-01 8.364000e-03 6.714400e-02
58 9.228080e-01 8.596000e-03 6.859600e-02
59 9.212640e-01 8.664000e-03 7.007200e-02
60 9.194840e-01 8.948000e-03 7.156800e-02
61 9.178000e-01 9.092000e-03 7.310800e-02
62 9.159520e-01 9.336000e-03 7.471200e-02
63 9.143280e-01 9.372000e-03 7.630000e-02
64 9.125760e-01 9.388000e-03 7.803600e-02
65 9.107360e-01 9.592000e-03 7.967200e-02
66 9.089520e-01 9.644000e-03 8.140400e-02
67 9.072920e-01 9.628000e-03 8.308000e-02
68 9.056560e-01 9.516000e-03 8.482800e-02
69 9.039680e-01 9.512000e-03 8.652000e-02
70 9.023800e-01 9.368000e-03 8.825200e-02
71 9.009160e-01 9.236000e-03 8.984800e-02
72 8.994240e-01 9.240000e-03 9.133600e-02
73 8.978840e-01 9.104000e-03 9.301200e-02
74 8.960400e-01 9.384000e-03 9.457600e-02
75 8.943880e-01 9.432000e-03 9.618000e-02
76 8.926880e-01 9.456000e-03 9.785600e-02
77 8.911000e-01 9.412000e-03 9.948800e-02
78 8.896480e-01 9.264000e-03 1.010880e-01
79 8.880200e-01 9.412000e-03 1.025680e-01
80 8.864640e-01 9.316000e-03 1.042200e-01
81 8.847560e-01 9.396000e-03 1.058480e-01
82 8.831120e-01 9.456000e-03 1.074320e-01
83 8.812240e-01 9.588000e-03 1.091880e-01
84 8.796680e-01 9.336000e-03 1.109960e-01
85 8.781160e-01 9.316000e-03 1.125680e-01
86 8.767520e-01 8.888000e-03 1.143600e-01
87 8.753920e-01 8.828000e-03 1.157800e-01
88 8.739280e-01 8.768000e-03 1.173040e-01
89 8.725320e-01 8.724000e-03 1.187440e-01
90 8.712600e-01 8.520000e-03 1.202200e-01
91 8.699080e-01 8.380000e-03 1.217120e-01
92 8.685760e-01 8.216000e-03 1.232080e-01
93 8.673280e-01 8.076000e-03 1.245960e-01
94 8.660400e-01 7.788000e-03 1.261720e-01
95 8.646320e-01 7.864000e-03 1.275040e-01
96 8.632600e-01 7.940000e-03 1.288000e-01
97 8.617400e-01 7.980000e-03 1.302800e-01
98 8.605600e-01 7.664000e-03 1.317760e-01
99 8.593760e-01 7.500000e-03 1.331240e-01
100 8.580960e-01 7.448000e-03 1.344560e-01
101 8.567040e-01 7.524000e-03 1.357720e-01
102 8.553520e-01 7.656000e-03 1.369920e-01
103 8.541120e-01 7.508000e-03 1.383800e-01
104 8.526400e-01 7.752000e-03 1.396080e-01
105 8.513520e-01 7.708000e-03 1.409400e-01
106 8.500480e-01 7.660000e-03 1.422920e-01
107 8.486920e-01 7.604000e-03 1.437040e-01
108 8.475680e-01 7.472000e-03 1.449600e-01
109 8.461400e-01 7.672000e-03 1.461880e-01
110 8.449840e-01 7.388000e-03 1.476280e-01
111 8.438680e-01 7.172000e-03 1.489600e-01
112 8.426960e-01 7.212000e-03 1.500920e-01
113 8.415800e-01 7.100000e-03 1.513200e-01
114 8.403600e-01 7.048000e-03 1.525920e-01
115 8.390560e-01 7.048000e-03 1.538960e-01
116 8.379800e-01 6.816000e-03 1.552040e-01
117 8.367600e-01 6.880000e-03 1.563600e-01
118 8.355040e-01 6.932000e-03 1.575640e-01
119 8.343640e-01 6.888000e-03 1.587480e-01
120 8.333040e-01 6.700000e-03 1.599960e-01
121 8.320680e-01 6.668000e-03 1.612640e-01
122 8.310800e-01 6.508000e-03 1.624120e-01
123 8.300200e-01 6.500000e-03 1.634800e-01
124 8.290040e-01 6.368000e-03 1.646280e-01
125 8.277640e-01 6.424000e-03 1.658120e-01
126 8.266400e-01 6.404000e-03 1.669560e-01
127 8.255680e-01 6.368000e-03 1.680640e-01
128 8.243920e-01 6.376000e-03 1.692320e-01
129 8.232200e-01 6.304000e-03 1.704760e-01
130 8.220720e-01 6.292000e-03 1.716360e-01
131 8.209240e-01 6.284000e-03 1.727920e-01
132 8.198400e-01 6.264000e-03 1.738960e-01
133 8.187320e-01 6.148000e-03 1.751200e-01
134 8.177120e-01 6.220000e-03 1.760680e-01
135 8.165920e-01 6.364000e-03 1.770440e-01
136 8.154680e-01 6.272000e-03 1.782600e-01
137 8.143520e-01 6.292000e-03 1.793560e-01
138 8.133640e-01 6.132000e-03 1.805040e-01
139 8.123040e-01 6.236000e-03 1.814600e-01
140 8.113480e-01 6.124000e-03 1.825280e-01
141 8.103280e-01 6.000000e-03 1.836720e-01
142 8.093960e-01 5.860000e-03 1.847440e-01
143 8.085480e-01 5.740000e-03 1.857120e-01
144 8.077120e-01 5.492000e-03 1.867960e-01
145 8.068120e-01 5.520000e-03 1.876680e-01
146 8.060040e-01 5.348000e-03 1.886480e-01
147 8.051120e-01 5.168000e-03 1.897200e-01
148 8.042040e-01 5.160000e-03 1.906360e-01
149 8.034040e-01 5.020000e-03 1.915760e-01
150 8.026400e-01 4.984000e-03 1.923760e-01
151 8.018280e-01 5.008000e-03 1.931640e-01
152 8.009040e-01 5.096000e-03 1.940000e-01
153 7.999920e-01 5.052000e-03 1.949560e-01
154 7.991480e-01 5.084000e-03 1.957680e-01
155 7.981920e-01 5.128000e-03 1.966800e-01
156 7.973040e-01 5.096000e-03 1.976000e-01
157 7.966080e-01 4.864000e-03 1.985280e-01
158 7.958960e-01 4.744000e-03 1.993600e-01
159 7.952280e-01 4.624000e-03 2.001480e-01
160 7.944560e-01 4.580000e-03 2.009640e-01
161 7.937960e-01 4.492000e-03 2.017120e-01
162 7.931360e-01 4.348000e-03 2.025160e-01
163 7.923880e-01 4.364000e-03 2.032480e-01
164 7.917640e-01 4.308000e-03 2.039280e-01
165 7.910360e-01 4.288000e-03 2.046760e-01
166 7.902280e-01 4.324000e-03 2.054480e-01
167 7.894520e-01 4.308000e-03 2.062400e-01
168 7.887320e-01 4.256000e-03 2.070120e-01
169 7.880560e-01 4.332000e-03 2.076120e-01
170 7.872360e-01 4.436000e-03 2.083280e-01
171 7.865320e-01 4.304000e-03 2.091640e-01
172 7.857560e-01 4.420000e-03 2.098240e-01
173 7.849440e-01 4.408000e-03 2.106480e-01
174 7.841080e-01 4.436000e-03 2.114560e-01
175 7.832920e-01 4.508000e-03 2.122000e-01
176 7.825400e-01 4.544000e-03 2.129160e-01
177 7.816480e-01 4.604000e-03 2.137480e-01
178 7.809080e-01 4.604000e-03 2.144880e-01
179 7.802240e-01 4.468000e-03 2.153080e-01
180 7.795840e-01 4.280000e-03 2.161360e-01
181 7.789080e-01 4.192000e-03 2.169000e-01
182 7.781440e-01 4.232000e-03 2.176240e-01
183 7.773960e-01 4.300000e-03 2.183040e-01
184 7.766720e-01 4.304000e-03 2.190240e-01
185 7.760760e-01 4.268000e-03 2.196560e-01
186 7.753640e-01 4.292000e-03 2.203440e-01
187 7.747040e-01 4.156000e-03 2.211400e-01
188 7.739640e-01 4.152000e-03 2.218840e-01
189 7.733600e-01 4.056000e-03 2.225840e-01
190 7.727240e-01 4.076000e-03 2.232000e-01
191 7.720120e-01 4.004000e-03 2.239840e-01
192 7.712720e-01 4.024000e-03 2.247040e-01
193 7.706200e-01 3.916000e-03 2.254640e-01
194 7.699240e-01 3.896000e-03 2.261800e-01
195 7.691840e-01 3.840000e-03 2.269760e-01
196 7.684040e-01 3.972000e-03 2.276240e-01
197 7.676160e-01 4.080000e-03 2.283040e-01
198 7.669720e-01 3.960000e-03 2.290680e-01
199 7.663000e-01 3.908000e-03 2.297920e-01
200 7.655880e-01 3.856000e-03 2.305560e-01
201 7.650120e-01 3.724000e-03 2.312640e-01
202 7.644040e-01 3.756000e-03 2.318400e-01
203 7.636680e-01 3.804000e-03 2.325280e-01
204 7.629680e-01 3.848000e-03 2.331840e-01
205 7.622960e-01 3.852000e-03 2.338520e-01
206 7.616120e-01 3.896000e-03 2.344920e-01
207 7.609320e-01 3.908000e-03 2.351600e-01
208 7.602520e-01 3.856000e-03 2.358920e-01
209 7.596200e-01 3.796000e-03 2.365840e-01
210 7.588960e-01 3.816000e-03 2.372880e-01
211 7.583080e-01 3.664000e-03 2.380280e-01
212 7.575680e-01 3.740000e-03 2.386920e-01
213 7.568280e-01 3.740000e-03 2.394320e-01
214 7.562440e-01 3.616000e-03 2.401400e-01
215 7.555320e-01 3.508000e-03 2.409600e-01
216 7.549760e-01 3.456000e-03 2.415680e-01
217 7.542760e-01 3.552000e-03 2.421720e-01
218 7.535480e-01 3.604000e-03 2.428480e-01
219 7.528680e-01 3.604000e-03 2.435280e-01
220 7.522040e-01 3.568000e-03 2.442280e-01
221 7.515840e-01 3.584000e-03 2.448320e-01
222 7.509200e-01 3.660000e-03 2.454200e-01
223 7.503480e-01 3.628000e-03 2.460240e-01
224 7.498120e-01 3.564000e-03 2.466240e-01
225 7.493040e-01 3.428000e-03 2.472680e-01
226 7.487920e-01 3.324000e-03 2.478840e-01
227 7.482480e-01 3.316000e-03 2.484360e-01
228 7.477040e-01 3.336000e-03 2.489600e-01
229 7.472200e-01 3.248000e-03 2.495320e-01
230 7.467160e-01 3.156000e-03 2.501280e-01
231 7.462160e-01 3.092000e-03 2.506920e-01
232 7.457320e-01 3.060000e-03 2.512080e-01
233 7.452040e-01 3.092000e-03 2.517040e-01
234 7.448120e-01 2.988000e-03 2.522000e-01
235 7.443600e-01 2.896000e-03 2.527440e-01
236 7.439000e-01 2.864000e-03 2.532360e-01
237 7.434520e-01 2.812000e-03 2.537360e-01
238 7.429640e-01 2.776000e-03 2.542600e-01
239 7.425120e-01 2.732000e-03 2.547560e-01
240 7.420120e-01 2.788000e-03 2.552000e-01
241 7.415480e-01 2.824000e-03 2.556280e-01
242 7.409920e-01 2.908000e-03 2.561000e-01
243 7.404960e-01 2.992000e-03 2.565120e-01
244 7.399840e-01 2.984000e-03 2.570320e-01
245 7.395360e-01 2.852000e-03 2.576120e-01
246 7.390400e-01 2.860000e-03 2.581000e-01
247 7.386200e-01 2.768000e-03 2.586120e-01
248 7.381040e-01 2.784000e-03 2.591120e-01
249 7.375920e-01 2.756000e-03 2.596520e-01
250 7.371000e-01 2.700000e-03 2.602000e-01
251 7.365760e-01 2.744000e-03 2.606800e-01
252 7.361760e-01 2.592000e-03 2.612320e-01
253 7.357560e-01 2.576000e-03 2.616680e-01
254 7.353400e-01 2.524000e-03 2.621360e-01
255 7.349600e-01 2.484000e-03 2.625560e-01
256 7.345480e-01 2.436000e-03 2.630160e-01
257 7.341800e-01 2.400000e-03 2.634200e-01
258 7.338440e-01 2.288000e-03 2.638680e-01
259 7.335440e-01 2.172000e-03 2.642840e-01
260 7.332080e-01 2.176000e-03 2.646160e-01
261 7.328880e-01 2.068000e-03 2.650440e-01
262 7.325080e-01 2.100000e-03 2.653920e-01
263 7.321440e-01 2.116000e-03 2.657400e-01
264 7.317480e-01 2.100000e-03 2.661520e-01
265 7.314080e-01 2.080000e-03 2.665120e-01
266 7.309680e-01 2.132000e-03 2.669000e-01
267 7.306200e-01 2.076000e-03 2.673040e-01
268 7.302480e-01 2.084000e-03 2.676680e-01
269 7.299360e-01 2.048000e-03 2.680160e-01
270 7.295880e-01 2.072000e-03 2.683400e-01
271 7.292320e-01 2.068000e-03 2.687000e-01
272 7.289320e-01 1.980000e-03 2.690880e-01
273 7.285560e-01 2.020000e-03 2.694240e-01
274 7.282880e-01 1.916000e-03 2.697960e-01
275 7.279640e-01 1.924000e-03 2.701120e-01
276 7.277000e-01 1.836000e-03 2.704640e-01
277 7.274320e-01 1.748000e-03 2.708200e-01
278 7.272000e-01 1.652000e-03 2.711480e-01
279 7.269400e-01 1.628000e-03 2.714320e-01
280 7.267000e-01 1.524000e-03 2.717760e-01
281 7.263920e-01 1.600000e-03 2.720080e-01
282 7.260960e-01 1.672000e-03 2.722320e-01
283 7.257800e-01 1.704000e-03 2.725160e-01
284 7.254600e-01 1.744000e-03 2.727960e-01
285 7.251640e-01 1.756000e-03 2.730800e-01
286 7.249440e-01 1.628000e-03 2.734280e-01
287 7.246880e-01 1.588000e-03 2.737240e-01
288 7.243840e-01 1.604000e-03 2.740120e-01
289 7.241760e-01 1.544000e-03 2.742800e-01
290 7.239320e-01 1.580000e-03 2.744880e-01
291 7.235840e-01 1.636000e-03 2.747800e-01
292 7.233840e-01 1.620000e-03 2.749960e-01
293 7.231480e-01 1.584000e-03 2.752680e-01
294 7.228760e-01 1.612000e-03 2.755120e-01
295 7.226280e-01 1.588000e-03 2.757840e-01
296 7.224200e-01 1.528000e-03 2.760520e-01
297 7.222200e-01 1.424000e-03 2.763560e-01
298 7.219920e-01 1.420000e-03 2.765880e-01
299 7.217440e-01 1.412000e-03 2.768440e-01
300 7.215440e-01 1.372000e-03 2.770840e-01
301 7.213160e-01 1.356000e-03 2.773280e-01
302 7.210760e-01 1.384000e-03 2.775400e-01
303 7.209240e-01 1.284000e-03 2.777920e-01
304 7.207800e-01 1.216000e-03 2.780040e-01
305 7.205640e-01 1.248000e-03 2.781880e-01
306 7.203520e-01 1.228000e-03 2.784200e-01
307 7.201240e-01 1.256000e-03 2.786200e-01
308 7.198920e-01 1.292000e-03 2.788160e-01
309 7.196560e-01 1.280000e-03 2.790640e-01
310 7.194120e-01 1.284000e-03 2.793040e-01
311 7.192160e-01 1.260000e-03 2.795240e-01
312 7.190160e-01 1.264000e-03 2.797200e-01
313 7.188200e-01 1.252000e-03 2.799280e-01
314 7.187120e-01 1.192000e-03 2.800960e-01
315 7.185800e-01 1.116000e-03 2.803040e-01
316 7.184480e-01 1.080000e-03 2.804720e-01
317 7.182920e-01 1.020000e-03 2.806880e-01
318 7.181640e-01 1.012000e-03 2.808240e-01
319 7.180720e-01 9.160000e-04 2.810120e-01
320 7.179000e-01 8.760000e-04 2.812240e-01
321 7.177720e-01 8.520000e-04 2.813760e-01
322 7.176320e-01 8.880000e-04 2.814800e-01
323 7.174400e-01 9.280000e-04 2.816320e-01
324 7.172960e-01 9.040000e-04 2.818000e-01
325 7.171160e-01 9.000000e-04 2.819840e-01
326 7.169160e-01 9.720000e-04 2.821120e-01
327 7.166760e-01 1.036000e-03 2.822880e-01
328 7.165240e-01 1.004000e-03 2.824720e-01
329 7.163960e-01 9.640000e-04 2.826400e-01
330 7.162160e-01 1.004000e-03 2.827800e-01
331 7.160320e-01 1.032000e-03 2.829360e-01
332 7.158720e-01 1.008000e-03 2.831200e-01
333 7.156480e-01 1.032000e-03 2.833200e-01
334 7.154960e-01 1.060000e-03 2.834440e-01
335 7.153280e-01 1.056000e-03 2.836160e-01
336 7.152080e-01 9.960000e-04 2.837960e-01
337 7.150720e-01 9.480000e-04 2.839800e-01
338 7.149200e-01 9.080000e-04 2.841720e-01
339 7.147880e-01 8.960000e-04 2.843160e-01
340 7.146120e-01 9.080000e-04 2.844800e-01
341 7.145000e-01 9.040000e-04 2.845960e-01
342 7.143680e-01 8.800000e-04 2.847520e-01
343 7.142000e-01 9.120000e-04 2.848880e-01
344 7.140480e-01 9.000000e-04 2.850520e-01
345 7.138840e-01 9.080000e-04 2.852080e-01
346 7.137160e-01 9.360000e-04 2.853480e-01
347 7.135360e-01 9.480000e-04 2.855160e-01
348 7.133480e-01 9.440000e-04 2.857080e-01
349 7.132280e-01 8.680000e-04 2.859040e-01
350 7.130680e-01 9.000000e-04 2.860320e-01
351 7.129120e-01 8.880000e-04 2.862000e-01
352 7.127240e-01 9.040000e-04 2.863720e-01
353 7.125520e-01 8.960000e-04 2.865520e-01
354 7.123840e-01 9.080000e-04 2.867080e-01
355 7.122920e-01 8.240000e-04 2.868840e-01
356 7.121640e-01 8.000000e-04 2.870360e-01
357 7.120600e-01 7.720000e-04 2.871680e-01
358 7.119680e-01 7.200000e-04 2.873120e-01
359 7.119040e-01 6.600000e-04 2.874360e-01
360 7.117920e-01 6.760000e-04 2.875320e-01
361 7.116680e-01 6.800000e-04 2.876520e-01
362 7.115600e-01 6.560000e-04 2.877840e-01
363 7.114280e-01 6.520000e-04 2.879200e-01
364 7.113160e-01 6.200000e-04 2.880640e-01
365 7.112000e-01 6.360000e-04 2.881640e-01
366 7.111000e-01 6.280000e-04 2.882720e-01
367 7.109040e-01 6.960000e-04 2.884000e-01
368 7.108160e-01 6.640000e-04 2.885200e-01
369 7.107440e-01 6.400000e-04 2.886160e-01
370 7.106120e-01 6.560000e-04 2.887320e-01
371 7.104880e-01 7.160000e-04 2.887960e-01
372 7.103640e-01 7.120000e-04 2.889240e-01
373 7.102800e-01 6.480000e-04 2.890720e-01
374 7.101640e-01 6.600000e-04 2.891760e-01
375 7.100400e-01 6.560000e-04 2.893040e-01
376 7.099200e-01 7.040000e-04 2.893760e-01
377 7.098000e-01 6.800000e-04 2.895200e-01
378 7.097080e-01 6.600000e-04 2.896320e-01
379 7.096440e-01 6.080000e-04 2.897480e-01
380 7.095400e-01 5.960000e-04 2.898640e-01
381 7.094320e-01 5.960000e-04 2.899720e-01
382 7.093400e-01 6.000000e-04 2.900600e-01
383 7.092400e-01 5.960000e-04 2.901640e-01
384 7.091080e-01 6.080000e-04 2.902840e-01
385 7.089960e-01 6.120000e-04 2.903920e-01
386 7.089040e-01 6.000000e-04 2.904960e-01
387 7.088200e-01 5.760000e-04 2.906040e-01
388 7.087360e-01 5.520000e-04 2.907120e-01
389 7.086160e-01 5.480000e-04 2.908360e-01
390 7.085440e-01 5.520000e-04 2.909040e-01
391 7.084880e-01 5.280000e-04 2.909840e-01
392 7.084120e-01 5.320000e-04 2.910560e-01
393 7.083440e-01 5.160000e-04 2.911400e-01
394 7.082640e-01 4.800000e-04 2.912560e-01
395 7.081880e-01 4.400000e-04 2.913720e-01
396 7.081080e-01 4.640000e-04 2.914280e-01
397 7.080160e-01 4.920000e-04 2.914920e-01
398 7.079200e-01 5.080000e-04 2.915720e-01
399 7.078440e-01 5.040000e-04 2.916520e-01
400 7.077600e-01 4.920000e-04 2.917480e-01
401 7.077040e-01 4.600000e-04 2.918360e-01
402 7.076320e-01 4.400000e-04 2.919280e-01
403 7.076040e-01 3.920000e-04 2.920040e-01
404 7.075200e-01 4.000000e-04 2.920800e-01
405 7.074320e-01 4.520000e-04 2.921160e-01
406 7.073160e-01 4.960000e-04 2.921880e-01
407 7.072360e-01 5.040000e-04 2.922600e-01
408 7.071560e-01 4.920000e-04 2.923520e-01
409 7.070960e-01 4.600000e-04 2.924440e-01
410 7.070360e-01 4.200000e-04 2.925440e-01
411 7.069760e-01 4.000000e-04 2.926240e-01
412 7.069080e-01 3.720000e-04 2.927200e-01
413 7.068600e-01 3.360000e-04 2.928040e-01
414 7.068160e-01 3.080000e-04 2.928760e-01
415 7.067800e-01 2.680000e-04 2.929520e-01
416 7.067240e-01 2.880000e-04 2.929880e-01
417 7.066880e-01 2.640000e-04 2.930480e-01
418 7.066200e-01 2.880000e-04 2.930920e-01
419 7.066120e-01 2.360000e-04 2.931520e-01
420 7.065680e-01 2.640000e-04 2.931680e-01
421 7.065440e-01 2.240000e-04 2.932320e-01
422 7.065120e-01 2.120000e-04 2.932760e-01
423 7.064800e-01 2.160000e-04 2.933040e-01
424 7.064640e-01 1.920000e-04 2.933440e-01
425 7.064520e-01 1.680000e-04 2.933800e-01
426 7.064200e-01 1.520000e-04 2.934280e-01
427 7.063880e-01 1.400000e-04 2.934720e-01
428 7.063440e-01 1.600000e-04 2.934960e-01
429 7.063160e-01 1.640000e-04 2.935200e-01
430 7.062800e-01 1.720000e-04 2.935480e-01
431 7.062320e-01 1.920000e-04 2.935760e-01
432 7.061960e-01 1.680000e-04 2.936360e-01
433 7.061800e-01 1.600000e-04 2.936600e-01
434 7.061760e-01 1.320000e-04 2.936920e-01
435 7.061480e-01 1.440000e-04 2.937080e-01
436 7.061080e-01 1.520000e-04 2.937400e-01
437 7.060800e-01 1.560000e-04 2.937640e-01
438 7.060600e-01 1.400000e-04 2.938000e-01
439 7.060320e-01 1.360000e-04 2.938320e-01
440 7.059840e-01 1.680000e-04 2.938480e-01
441 7.059560e-01 1.720000e-04 2.938720e-01
442 7.059280e-01 1.840000e-04 2.938880e-01
443 7.058920e-01 1.880000e-04 2.939200e-01
444 7.058440e-01 2.040000e-04 2.939520e-01
445 7.058080e-01 1.960000e-04 2.939960e-01
446 7.057760e-01 2.000000e-04 2.940240e-01
447 7.057640e-01 1.880000e-04 2.940480e-01
448 7.057280e-01 1.800000e-04 2.940920e-01
449 7.056840e-01 1.960000e-04 2.941200e-01
450 7.056360e-01 2.160000e-04 2.941480e-01
451 7.056040e-01 2.240000e-04 2.941720e-01
452 7.055480e-01 2.440000e-04 2.942080e-01
453 7.055280e-01 2.120000e-04 2.942600e-01
454 7.055000e-01 2.120000e-04 2.942880e-01
455 7.054720e-01 2.040000e-04 2.943240e-01
456 7.054040e-01 2.160000e-04 2.943800e-01
457 7.053760e-01 2.080000e-04 2.944160e-01
458 7.053520e-01 2.000000e-04 2.944480e-01
459 7.053240e-01 1.800000e-04 2.944960e-01
460 7.053000e-01 1.520000e-04 2.945480e-01
461 7.052880e-01 1.480000e-04 2.945640e-01
462 7.052680e-01 1.520000e-04 2.945800e-01
463 7.052600e-01 1.240000e-04 2.946160e-01
464 7.052520e-01 1.080000e-04 2.946400e-01
465 7.052480e-01 8.000000e-05 2.946720e-01
466 7.052400e-01 7.200000e-05 2.946880e-01
467 7.052400e-01 6.000000e-05 2.947000e-01
468 7.052320e-01 5.600000e-05 2.947120e-01
469 7.052320e-01 4.800000e-05 2.947200e-01
470 7.052280e-01 4.400000e-05 2.947280e-01
471 7.052280e-01 4.400000e-05 2.947280e-01
472 7.052280e-01 3.600000e-05 2.947360e-01
473 7.052200e-01 3.600000e-05 2.947440e-01
474 7.052200e-01 3.600000e-05 2.947440e-01
475 7.052200e-01 2.800000e-05 2.947520e-01
476 7.052200e-01 2.400000e-05 2.947560e-01
477 7.052200e-01 2.400000e-05 2.947560e-01
478 7.052200e-01 2.400000e-05 2.947560e-01
479 7.052200e-01 2.400000e-05 2.947560e-01
480 7.052200e-01 2.000000e-05 2.947600e-01
481 7.052200e-01 1.200000e-05 2.947680e-01
482 7.052200e-01 1.200000e-05 2.947680e-01
483 7.052200e-01 4.000000e-06 2.947760e-01
484 7.052200e-01 4.000000e-06 2.947760e-01
485 7.052200e-01 0.000000e+00 2.947800e-01
486 7.052200e-01 0.000000e+00 2.947800e-01
487 7.052200e-01 0.000000e+00 2.947800e-01
488 7.052200e-01 0.000000e+00 2.947800e-01
489 7.052200e-01 0.000000e+00 2.947800e-01
490 7.052200e-01 0.000000e+00 2.947800e-01
491 7.052200e-01 0.000000e+00 2.947800e-01
492 7.052200e-01 0.000000e+00 2.947800e-01
493 7.052200e-01 0.000000e+00 2.947800e-01
494 7.052200e-01 0.000000e+00 2.947800e-01
495 7.052200e-01 0.000000e+00 2.947800e-01
496 7.052200e-01 0.000000e+00 2.947800e-01
497 7.052200e-01 0.000000e+00 2.947800e-01
498 7.052200e-01 0.000000e+00 2.947800e-01
499 7.052200e-01 0.000000e+00 2.947800e-01
500 7.052200e-01 0.000000e+00 2.947800e-01
