1 9.991440e-01 7.600000e-04 9.600000e-05
2 9.985760e-01 1.196000e-03 2.280000e-04
3 9.978920e-01 1.656000e-03 4.520000e-04
4 9.970280e-01 2.224000e-03 7.480000e-04
5 9.961760e-01 2.532000e-03 1.292000e-03
6 9.952640e-01 2.988000e-03 1.748000e-03
7 9.943960e-01 3.264000e-03 2.340000e-03
8 9.934960e-01 3.648000e-03 2.856000e-03
9 9.926240e-01 3.820000e-03 3.556000e-03
10 9.917320e-01 4.028000e-03 4.240000e-03
11 9.906800e-01 4.324000e-03 4.996000e-03
12 9.897080e-01 4.544000e-03 5.748000e-03
13 9.886400e-01 4.788000e-03 6.572000e-03
14 9.875600e-01 4.940000e-03 7.500000e-03
15 9.863320e-01 5.348000e-03 8.320000e-03
16 9.851680e-01 5.672000e-03 9.160000e-03
17 9.839120e-01 5.924000e-03 1.016400e-02
18 9.826520e-01 6.108000e-03 1.124000e-02
19 9.812120e-01 6.488000e-03 1.230000e-02
20 9.800280e-01 6.408000e-03 1.356400e-02
21 9.787160e-01 6.604000e-03 1.468000e-02
22 9.773120e-01 6.844000e-03 1.584400e-02
23 9.758360e-01 6.956000e-03 1.720800e-02
24 9.745960e-01 7.016000e-03 1.838800e-02
25 9.731600e-01 7.220000e-03 1.962000e-02
26 9.717080e-01 7.408000e-03 2.088400e-02
27 9.703960e-01 7.460000e-03 2.214400e-02
28 9.689440e-01 7.616000e-03 2.344000e-02
29 9.674480e-01 7.776000e-03 2.477600e-02
30 9.659160e-01 7.944000e-03 2.614000e-02
31 9.643000e-01 8.132000e-03 2.756800e-02
32 9.627800e-01 8.244000e-03 2.897600e-02
33 9.612800e-01 8.324000e-03 3.039600e-02
34 9.595200e-01 8.628000e-03 3.185200e-02
35 9.579160e-01 8.728000e-03 3.335600e-02
36 9.562280e-01 8.948000e-03 3.482400e-02
37 9.545440e-01 9.180000e-03 3.627600e-02
38 9.528200e-01 9.200000e-03 3.798000e-02
39 9.512200e-01 9.108000e-03 3.967200e-02
40 9.496040e-01 9.220000e-03 4.117600e-02
41 9.479080e-01 9.264000e-03 4.282800e-02
42 9.463600e-01 9.328000e-03 4.431200e-02
43 9.446400e-01 9.360000e-03 4.600000e-02
44 9.429160e-01 9.472000e-03 4.761200e-02
45 9.413480e-01 9.356000e-03 4.929600e-02
46 9.397600e-01 9.252000e-03 5.098800e-02
47 9.383360e-01 9.044000e-03 5.262000e-02
48 9.369000e-01 8.960000e-03 5.414000e-02
49 9.355440e-01 8.684000e-03 5.577200e-02
50 9.340720e-01 8.784000e-03 5.714400e-02
51 9.328080e-01 8.504000e-03 5.868800e-02
52 9.314120e-01 8.444000e-03 6.014400e-02
53 9.298880e-01 8.632000e-03 6.148000e-02
54 9.284600e-01 8.572000e-03 6.296800e-02
55 9.269840e-01 8.532000e-03 6.448400e-02
56 9.253360e-01 8.760000e-03 6.590400e-02
57 9.237840e-01 8.732000e-03 6.748400e-02
58 9.223240e-01 8.756000e-03 6.892000e-02
59 9.207600e-01 8.680000e-03 7.056000e-02
60 9.191640e-01 8.772000e-03 7.206400e-02
61 9.176720e-01 8.648000e-03 7.368000e-02
62 9.161720e-01 8.744000e-03 7.508400e-02
63 9.146000e-01 8.856000e-03 7.654400e-02
64 9.129560e-01 8.940000e-03 7.810400e-02
65 9.113440e-01 8.940000e-03 7.971600e-02
66 9.098320e-01 8.888000e-03 8.128000e-02
67 9.081480e-01 9.152000e-03 8.270000e-02
68 9.065480e-01 9.152000e-03 8.430000e-02
69 9.050480e-01 8.992000e-03 8.596000e-02
70 9.036400e-01 8.820000e-03 8.754000e-02
71 9.021760e-01 8.672000e-03 8.915200e-02
72 9.008080e-01 8.552000e-03 9.064000e-02
73 8.994400e-01 8.472000e-03 9.208800e-02
74 8.980720e-01 8.316000e-03 9.361200e-02
75 8.968000e-01 8.188000e-03 9.501200e-02
76 8.956240e-01 7.824000e-03 9.655200e-02
77 8.942720e-01 7.852000e-03 9.787600e-02
78 8.928800e-01 7.816000e-03 9.930400e-02
79 8.916320e-01 7.516000e-03 1.008520e-01
80 8.903360e-01 7.584000e-03 1.020800e-01
81 8.889600e-01 7.584000e-03 1.034560e-01
82 8.876760e-01 7.440000e-03 1.048840e-01
83 8.861720e-01 7.672000e-03 1.061560e-01
84 8.846960e-01 7.816000e-03 1.074880e-01
85 8.832640e-01 7.780000e-03 1.089560e-01
86 8.819200e-01 7.664000e-03 1.104160e-01
87 8.804320e-01 7.804000e-03 1.117640e-01
88 8.790040e-01 7.904000e-03 1.130920e-01
89 8.775120e-01 8.044000e-03 1.144440e-01
90 8.760240e-01 8.184000e-03 1.157920e-01
91 8.747720e-01 8.064000e-03 1.171640e-01
92 8.733920e-01 8.100000e-03 1.185080e-01
93 8.720000e-01 8.192000e-03 1.198080e-01
94 8.705760e-01 8.092000e-03 1.213320e-01
95 8.691880e-01 8.048000e-03 1.227640e-01
96 8.679960e-01 7.888000e-03 1.241160e-01
97 8.665960e-01 7.844000e-03 1.255600e-01
98 8.653040e-01 7.764000e-03 1.269320e-01
99 8.640200e-01 7.756000e-03 1.282240e-01
100 8.627120e-01 7.644000e-03 1.296440e-01
101 8.612840e-01 7.796000e-03 1.309200e-01
102 8.599640e-01 7.736000e-03 1.323000e-01
103 8.588040e-01 7.708000e-03 1.334880e-01
104 8.573760e-01 7.692000e-03 1.349320e-01
105 8.559840e-01 7.724000e-03 1.362920e-01
106 8.545040e-01 7.972000e-03 1.375240e-01
107 8.532720e-01 7.732000e-03 1.389960e-01
108 8.518320e-01 7.876000e-03 1.402920e-01
109 8.505560e-01 7.744000e-03 1.417000e-01
110 8.493080e-01 7.688000e-03 1.430040e-01
111 8.479760e-01 7.792000e-03 1.442320e-01
112 8.465760e-01 7.928000e-03 1.454960e-01
113 8.453040e-01 7.820000e-03 1.468760e-01
114 8.438760e-01 7.852000e-03 1.482720e-01
115 8.425240e-01 7.852000e-03 1.496240e-01
116 8.410800e-01 7.976000e-03 1.509440e-01
117 8.396080e-01 8.008000e-03 1.523840e-01
118 8.382920e-01 7.916000e-03 1.537920e-01
119 8.368920e-01 7.972000e-03 1.551360e-01
120 8.355680e-01 8.024000e-03 1.564080e-01
121 8.342480e-01 7.924000e-03 1.578280e-01
122 8.330680e-01 7.700000e-03 1.592320e-01
123 8.318600e-01 7.548000e-03 1.605920e-01
124 8.306680e-01 7.424000e-03 1.619080e-01
125 8.293960e-01 7.368000e-03 1.632360e-01
126 8.281480e-01 7.220000e-03 1.646320e-01
127 8.268440e-01 7.300000e-03 1.658560e-01
128 8.254440e-01 7.412000e-03 1.671440e-01
129 8.241440e-01 7.380000e-03 1.684760e-01
130 8.228760e-01 7.384000e-03 1.697400e-01
131 8.216040e-01 7.312000e-03 1.710840e-01
132 8.203000e-01 7.260000e-03 1.724400e-01
133 8.190400e-01 7.264000e-03 1.736960e-01
134 8.179280e-01 7.096000e-03 1.749760e-01
135 8.166280e-01 7.168000e-03 1.762040e-01
136 8.154720e-01 7.144000e-03 1.773840e-01
137 8.141320e-01 7.272000e-03 1.785960e-01
138 8.128840e-01 7.344000e-03 1.797720e-01
139 8.115680e-01 7.360000e-03 1.810720e-01
140 8.102400e-01 7.416000e-03 1.823440e-01
141 8.089480e-01 7.456000e-03 1.835960e-01
142 8.076120e-01 7.432000e-03 1.849560e-01
143 8.064040e-01 7.280000e-03 1.863160e-01
144 8.052120e-01 7.192000e-03 1.875960e-01
145 8.041040e-01 7.072000e-03 1.888240e-01
146 8.030120e-01 6.876000e-03 1.901120e-01
147 8.018560e-01 6.972000e-03 1.911720e-01
148 8.006720e-01 6.856000e-03 1.924720e-01
149 7.996560e-01 6.612000e-03 1.937320e-01
150 7.985560e-01 6.516000e-03 1.949280e-01
151 7.975120e-01 6.460000e-03 1.960280e-01
152 7.964360e-01 6.428000e-03 1.971360e-01
153 7.953240e-01 6.432000e-03 1.982440e-01
154 7.942120e-01 6.352000e-03 1.994360e-01
155 7.930960e-01 6.448000e-03 2.004560e-01
156 7.920640e-01 6.220000e-03 2.017160e-01
157 7.910120e-01 6.256000e-03 2.027320e-01
158 7.898400e-01 6.312000e-03 2.038480e-01
159 7.888320e-01 6.288000e-03 2.048800e-01
160 7.877400e-01 6.308000e-03 2.059520e-01
161 7.867440e-01 6.184000e-03 2.070720e-01
162 7.858600e-01 6.000000e-03 2.081400e-01
163 7.847960e-01 6.044000e-03 2.091600e-01
164 7.838040e-01 6.000000e-03 2.101960e-01
165 7.828040e-01 6.116000e-03 2.110800e-01
166 7.818320e-01 5.964000e-03 2.122040e-01
167 7.809200e-01 5.808000e-03 2.132720e-01
168 7.799840e-01 5.744000e-03 2.142720e-01
169 7.789280e-01 5.720000e-03 2.153520e-01
170 7.779640e-01 5.700000e-03 2.163360e-01
171 7.768720e-01 5.852000e-03 2.172760e-01
172 7.758640e-01 5.824000e-03 2.183120e-01
173 7.749200e-01 5.688000e-03 2.193920e-01
174 7.739520e-01 5.636000e-03 2.204120e-01
175 7.729840e-01 5.716000e-03 2.213000e-01
176 7.720280e-01 5.648000e-03 2.223240e-01
177 7.710080e-01 5.724000e-03 2.232680e-01
178 7.699440e-01 5.736000e-03 2.243200e-01
179 7.689080e-01 5.724000e-03 2.253680e-01
180 7.678640e-01 5.692000e-03 2.264440e-01
181 7.668320e-01 5.808000e-03 2.273600e-01
182 7.658240e-01 5.816000e-03 2.283600e-01
183 7.648240e-01 5.804000e-03 2.293720e-01
184 7.637760e-01 5.880000e-03 2.303440e-01
185 7.628360e-01 5.784000e-03 2.313800e-01
186 7.618760e-01 5.648000e-03 2.324760e-01
187 7.609080e-01 5.620000e-03 2.334720e-01
188 7.599720e-01 5.544000e-03 2.344840e-01
189 7.590520e-01 5.464000e-03 2.354840e-01
190 7.581040e-01 5.580000e-03 2.363160e-01
191 7.572520e-01 5.428000e-03 2.373200e-01
192 7.563400e-01 5.344000e-03 2.383160e-01
193 7.554680e-01 5.280000e-03 2.392520e-01
194 7.546520e-01 5.124000e-03 2.402240e-01
195 7.537760e-01 5.144000e-03 2.410800e-01
196 7.529360e-01 5.128000e-03 2.419360e-01
197 7.520360e-01 5.180000e-03 2.427840e-01
198 7.512840e-01 5.008000e-03 2.437080e-01
199 7.505480e-01 4.780000e-03 2.446720e-01
200 7.499000e-01 4.612000e-03 2.454880e-01
201 7.490880e-01 4.640000e-03 2.462720e-01
202 7.482880e-01 4.760000e-03 2.469520e-01
203 7.474120e-01 4.816000e-03 2.477720e-01
204 7.465600e-01 4.804000e-03 2.486360e-01
205 7.456920e-01 4.724000e-03 2.495840e-01
206 7.448040e-01 4.880000e-03 2.503160e-01
207 7.439360e-01 4.916000e-03 2.511480e-01
208 7.431600e-01 4.820000e-03 2.520200e-01
209 7.423360e-01 4.764000e-03 2.529000e-01
210 7.415440e-01 4.784000e-03 2.536720e-01
211 7.408240e-01 4.728000e-03 2.544480e-01
212 7.400640e-01 4.776000e-03 2.551600e-01
213 7.393560e-01 4.636000e-03 2.560080e-01
214 7.385120e-01 4.584000e-03 2.569040e-01
215 7.377120e-01 4.560000e-03 2.577280e-01
216 7.369840e-01 4.432000e-03 2.585840e-01
217 7.362120e-01 4.428000e-03 2.593600e-01
218 7.354880e-01 4.248000e-03 2.602640e-01
219 7.348000e-01 4.196000e-03 2.610040e-01
220 7.341000e-01 4.140000e-03 2.617600e-01
221 7.334240e-01 4.124000e-03 2.624520e-01
222 7.328200e-01 4.048000e-03 2.631320e-01
223 7.320640e-01 4.056000e-03 2.638800e-01
224 7.314000e-01 4.040000e-03 2.645600e-01
225 7.307600e-01 4.060000e-03 2.651800e-01
226 7.300240e-01 4.084000e-03 2.658920e-01
227 7.292760e-01 4.220000e-03 2.665040e-01
228 7.286120e-01 4.160000e-03 2.672280e-01
229 7.279240e-01 4.128000e-03 2.679480e-01
230 7.272800e-01 4.024000e-03 2.686960e-01
231 7.265920e-01 4.024000e-03 2.693840e-01
232 7.258000e-01 4.068000e-03 2.701320e-01
233 7.249560e-01 4.128000e-03 2.709160e-01
234 7.242040e-01 4.084000e-03 2.717120e-01
235 7.234960e-01 4.044000e-03 2.724600e-01
236 7.227720e-01 4.032000e-03 2.731960e-01
237 7.221200e-01 3.948000e-03 2.739320e-01
238 7.214760e-01 3.884000e-03 2.746400e-01
239 7.207680e-01 3.876000e-03 2.753560e-01
240 7.201440e-01 3.852000e-03 2.760040e-01
241 7.193800e-01 3.952000e-03 2.766680e-01
242 7.186720e-01 3.924000e-03 2.774040e-01
243 7.179240e-01 4.004000e-03 2.780720e-01
244 7.171200e-01 4.104000e-03 2.787760e-01
245 7.163440e-01 4.156000e-03 2.795000e-01
246 7.157240e-01 4.108000e-03 2.801680e-01
247 7.150800e-01 4.048000e-03 2.808720e-01
248 7.144320e-01 3.960000e-03 2.816080e-01
249 7.136800e-01 4.016000e-03 2.823040e-01
250 7.130320e-01 3.956000e-03 2.830120e-01
251 7.123600e-01 3.932000e-03 2.837080e-01
252 7.117120e-01 3.904000e-03 2.843840e-01
253 7.109320e-01 4.048000e-03 2.850200e-01
254 7.101800e-01 4.104000e-03 2.857160e-01
255 7.095840e-01 3.996000e-03 2.864200e-01
256 7.088520e-01 4.044000e-03 2.871040e-01
257 7.082280e-01 3.944000e-03 2.878280e-01
258 7.074960e-01 3.964000e-03 2.885400e-01
259 7.067000e-01 4.060000e-03 2.892400e-01
260 7.059560e-01 4.108000e-03 2.899360e-01
261 7.052920e-01 4.124000e-03 2.905840e-01
262 7.045360e-01 4.152000e-03 2.913120e-01
263 7.039680e-01 4.052000e-03 2.919800e-01
264 7.033240e-01 3.924000e-03 2.927520e-01
265 7.027840e-01 3.732000e-03 2.934840e-01
266 7.022440e-01 3.680000e-03 2.940760e-01
267 7.016640e-01 3.604000e-03 2.947320e-01
268 7.010000e-01 3.592000e-03 2.954080e-01
269 7.004440e-01 3.472000e-03 2.960840e-01
270 6.997880e-01 3.488000e-03 2.967240e-01
271 6.992800e-01 3.448000e-03 2.972720e-01
272 6.987200e-01 3.392000e-03 2.978880e-01
273 6.981240e-01 3.460000e-03 2.984160e-01
274 6.975800e-01 3.364000e-03 2.990560e-01
275 6.970080e-01 3.416000e-03 2.995760e-01
276 6.964320e-01 3.408000e-03 3.001600e-01
277 6.958600e-01 3.392000e-03 3.007480e-01
278 6.952320e-01 3.456000e-03 3.013120e-01
279 6.947160e-01 3.296000e-03 3.019880e-01
280 6.941800e-01 3.276000e-03 3.025440e-01
281 6.936240e-01 3.292000e-03 3.030840e-01
282 6.930200e-01 3.352000e-03 3.036280e-01
283 6.924520e-01 3.332000e-03 3.042160e-01
284 6.919280e-01 3.368000e-03 3.047040e-01
285 6.914560e-01 3.276000e-03 3.052680e-01
286 6.909480e-01 3.136000e-03 3.059160e-01
287 6.904440e-01 3.152000e-03 3.064040e-01
288 6.899320e-01 3.052000e-03 3.070160e-01
289 6.894320e-01 3.056000e-03 3.075120e-01
290 6.889920e-01 2.972000e-03 3.080360e-01
291 6.884680e-01 2.908000e-03 3.086240e-01
292 6.880800e-01 2.756000e-03 3.091640e-01
293 6.875920e-01 2.772000e-03 3.096360e-01
294 6.871920e-01 2.660000e-03 3.101480e-01
295 6.867320e-01 2.696000e-03 3.105720e-01
296 6.863680e-01 2.504000e-03 3.111280e-01
297 6.860040e-01 2.424000e-03 3.115720e-01
298 6.856680e-01 2.372000e-03 3.119600e-01
299 6.853920e-01 2.304000e-03 3.123040e-01
300 6.851400e-01 2.116000e-03 3.127440e-01
301 6.848400e-01 2.032000e-03 3.131280e-01
302 6.846080e-01 1.932000e-03 3.134600e-01
303 6.842680e-01 1.960000e-03 3.137720e-01
304 6.839760e-01 1.896000e-03 3.141280e-01
305 6.836720e-01 1.908000e-03 3.144200e-01
306 6.834120e-01 1.868000e-03 3.147200e-01
307 6.830640e-01 1.904000e-03 3.150320e-01
308 6.827640e-01 1.900000e-03 3.153360e-01
309 6.825280e-01 1.824000e-03 3.156480e-01
310 6.822240e-01 1.792000e-03 3.159840e-01
311 6.819560e-01 1.796000e-03 3.162480e-01
312 6.816400e-01 1.812000e-03 3.165480e-01
313 6.813760e-01 1.772000e-03 3.168520e-01
314 6.811400e-01 1.668000e-03 3.171920e-01
315 6.808960e-01 1.620000e-03 3.174840e-01
316 6.806400e-01 1.596000e-03 3.177640e-01
317 6.804080e-01 1.512000e-03 3.180800e-01
318 6.801640e-01 1.484000e-03 3.183520e-01
319 6.799120e-01 1.528000e-03 3.185600e-01
320 6.797040e-01 1.528000e-03 3.187680e-01
321 6.794360e-01 1.564000e-03 3.190000e-01
322 6.791120e-01 1.628000e-03 3.192600e-01
323 6.788640e-01 1.572000e-03 3.195640e-01
324 6.785280e-01 1.632000e-03 3.198400e-01
325 6.782360e-01 1.660000e-03 3.201040e-01
326 6.779480e-01 1.636000e-03 3.204160e-01
327 6.777400e-01 1.520000e-03 3.207400e-01
328 6.774920e-01 1.496000e-03 3.210120e-01
329 6.772240e-01 1.496000e-03 3.212800e-01
330 6.770000e-01 1.484000e-03 3.215160e-01
331 6.767280e-01 1.472000e-03 3.218000e-01
332 6.764120e-01 1.552000e-03 3.220360e-01
333 6.761400e-01 1.556000e-03 3.223040e-01
334 6.758160e-01 1.600000e-03 3.225840e-01
335 6.754560e-01 1.740000e-03 3.228040e-01
336 6.751080e-01 1.808000e-03 3.230840e-01
337 6.747200e-01 1.932000e-03 3.233480e-01
338 6.743200e-01 2.004000e-03 3.236760e-01
339 6.739800e-01 2.040000e-03 3.239800e-01
340 6.736200e-01 2.088000e-03 3.242920e-01
341 6.733720e-01 2.000000e-03 3.246280e-01
342 6.731000e-01 1.940000e-03 3.249600e-01
343 6.728080e-01 1.920000e-03 3.252720e-01
344 6.725520e-01 1.892000e-03 3.255560e-01
345 6.722720e-01 1.896000e-03 3.258320e-01
346 6.719800e-01 1.868000e-03 3.261520e-01
347 6.717200e-01 1.784000e-03 3.264960e-01
348 6.714520e-01 1.684000e-03 3.268640e-01
349 6.711320e-01 1.712000e-03 3.271560e-01
350 6.708600e-01 1.684000e-03 3.274560e-01
351 6.705480e-01 1.708000e-03 3.277440e-01
352 6.702640e-01 1.756000e-03 3.279800e-01
353 6.699720e-01 1.776000e-03 3.282520e-01
354 6.697000e-01 1.752000e-03 3.285480e-01
355 6.695040e-01 1.656000e-03 3.288400e-01
356 6.693000e-01 1.572000e-03 3.291280e-01
357 6.690800e-01 1.540000e-03 3.293800e-01
358 6.689640e-01 1.400000e-03 3.296360e-01
359 6.687560e-01 1.416000e-03 3.298280e-01
360 6.685280e-01 1.416000e-03 3.300560e-01
361 6.683560e-01 1.284000e-03 3.303600e-01
362 6.681520e-01 1.272000e-03 3.305760e-01
363 6.679400e-01 1.308000e-03 3.307520e-01
364 6.677200e-01 1.296000e-03 3.309840e-01
365 6.675200e-01 1.276000e-03 3.312040e-01
366 6.673160e-01 1.264000e-03 3.314200e-01
367 6.671480e-01 1.228000e-03 3.316240e-01
368 6.668760e-01 1.320000e-03 3.318040e-01
369 6.666400e-01 1.344000e-03 3.320160e-01
370 6.664560e-01 1.240000e-03 3.323040e-01
371 6.663240e-01 1.160000e-03 3.325160e-01
372 6.661640e-01 1.072000e-03 3.327640e-01
373 6.660000e-01 1.064000e-03 3.329360e-01
374 6.658360e-01 1.044000e-03 3.331200e-01
375 6.656800e-01 1.024000e-03 3.332960e-01
376 6.654720e-01 1.032000e-03 3.334960e-01
377 6.652760e-01 1.032000e-03 3.336920e-01
378 6.651240e-01 9.680000e-04 3.339080e-01
379 6.649800e-01 9.240000e-04 3.340960e-01
380 6.648560e-01 8.880000e-04 3.342560e-01
381 6.647400e-01 8.600000e-04 3.344000e-01
382 6.645680e-01 8.640000e-04 3.345680e-01
383 6.644280e-01 9.040000e-04 3.346680e-01
384 6.642680e-01 8.720000e-04 3.348600e-01
385 6.640600e-01 9.040000e-04 3.350360e-01
386 6.638920e-01 9.160000e-04 3.351920e-01
387 6.637120e-01 9.480000e-04 3.353400e-01
388 6.635080e-01 9.920000e-04 3.355000e-01
389 6.633480e-01 9.680000e-04 3.356840e-01
390 6.631560e-01 1.000000e-03 3.358440e-01
391 6.629160e-01 1.104000e-03 3.359800e-01
392 6.626360e-01 1.192000e-03 3.361720e-01
393 6.624120e-01 1.180000e-03 3.364080e-01
394 6.622680e-01 1.064000e-03 3.366680e-01
395 6.620680e-01 1.096000e-03 3.368360e-01
396 6.618560e-01 1.096000e-03 3.370480e-01
397 6.616800e-01 1.096000e-03 3.372240e-01
398 6.614240e-01 1.172000e-03 3.374040e-01
399 6.611680e-01 1.256000e-03 3.375760e-01
400 6.608720e-01 1.308000e-03 3.378200e-01
401 6.606560e-01 1.336000e-03 3.380080e-01
402 6.604600e-01 1.304000e-03 3.382360e-01
403 6.602640e-01 1.284000e-03 3.384520e-01
404 6.601000e-01 1.204000e-03 3.386960e-01
405 6.598960e-01 1.192000e-03 3.389120e-01
406 6.596840e-01 1.184000e-03 3.391320e-01
407 6.594760e-01 1.196000e-03 3.393280e-01
408 6.592840e-01 1.192000e-03 3.395240e-01
409 6.591480e-01 1.148000e-03 3.397040e-01
410 6.588880e-01 1.228000e-03 3.398840e-01
411 6.587320e-01 1.168000e-03 3.401000e-01
412 6.585240e-01 1.156000e-03 3.403200e-01
413 6.583880e-01 1.096000e-03 3.405160e-01
414 6.581600e-01 1.088000e-03 3.407520e-01
415 6.579240e-01 1.176000e-03 3.409000e-01
416 6.576520e-01 1.212000e-03 3.411360e-01
417 6.573880e-01 1.244000e-03 3.413680e-01
418 6.571480e-01 1.212000e-03 3.416400e-01
419 6.568800e-01 1.268000e-03 3.418520e-01
420 6.566320e-01 1.280000e-03 3.420880e-01
421 6.563400e-01 1.356000e-03 3.423040e-01
422 6.560840e-01 1.396000e-03 3.425200e-01
423 6.558280e-01 1.440000e-03 3.427320e-01
424 6.555680e-01 1.420000e-03 3.430120e-01
425 6.553000e-01 1.424000e-03 3.432760e-01
426 6.550560e-01 1.440000e-03 3.435040e-01
427 6.547840e-01 1.464000e-03 3.437520e-01
428 6.544760e-01 1.520000e-03 3.440040e-01
429 6.541960e-01 1.556000e-03 3.442480e-01
430 6.539240e-01 1.552000e-03 3.445240e-01
431 6.536280e-01 1.548000e-03 3.448240e-01
432 6.533600e-01 1.560000e-03 3.450800e-01
433 6.531760e-01 1.476000e-03 3.453480e-01
434 6.529560e-01 1.388000e-03 3.456560e-01
435 6.526600e-01 1.420000e-03 3.459200e-01
436 6.524400e-01 1.340000e-03 3.462200e-01
437 6.522200e-01 1.300000e-03 3.464800e-01
438 6.519960e-01 1.272000e-03 3.467320e-01
439 6.518960e-01 1.180000e-03 3.469240e-01
440 6.517120e-01 1.160000e-03 3.471280e-01
441 6.515080e-01 1.168000e-03 3.473240e-01
442 6.511640e-01 1.328000e-03 3.475080e-01
443 6.509480e-01 1.308000e-03 3.477440e-01
444 6.507440e-01 1.312000e-03 3.479440e-01
445 6.505600e-01 1.212000e-03 3.482280e-01
446 6.504080e-01 1.104000e-03 3.484880e-01
447 6.502520e-01 1.048000e-03 3.487000e-01
448 6.500560e-01 1.080000e-03 3.488640e-01
449 6.498800e-01 1.084000e-03 3.490360e-01
450 6.496840e-01 1.112000e-03 3.492040e-01
451 6.494800e-01 1.092000e-03 3.494280e-01
452 6.492360e-01 1.172000e-03 3.495920e-01
453 6.490760e-01 1.148000e-03 3.497760e-01
454 6.488760e-01 1.176000e-03 3.499480e-01
455 6.487280e-01 1.112000e-03 3.501600e-01
456 6.485520e-01 1.100000e-03 3.503480e-01
457 6.483480e-01 1.096000e-03 3.505560e-01
458 6.481680e-01 1.084000e-03 3.507480e-01
459 6.479880e-01 1.056000e-03 3.509560e-01
460 6.478120e-01 1.060000e-03 3.511280e-01
461 6.476760e-01 1.044000e-03 3.512800e-01
462 6.475400e-01 9.920000e-04 3.514680e-01
463 6.473840e-01 1.012000e-03 3.516040e-01
464 6.472200e-01 9.880000e-04 3.517920e-01
465 6.470560e-01 1.020000e-03 3.519240e-01
466 6.469200e-01 9.480000e-04 3.521320e-01
467 6.467800e-01 8.920000e-04 3.523280e-01
468 6.466240e-01 8.960000e-04 3.524800e-01
469 6.464920e-01 9.000000e-04 3.526080e-01
470 6.463240e-01 9.240000e-04 3.527520e-01
471 6.461280e-01 9.520000e-04 3.529200e-01
472 6.459600e-01 9.600000e-04 3.530800e-01
473 6.458240e-01 9.880000e-04 3.531880e-01
474 6.456200e-01 1.012000e-03 3.533680e-01
475 6.454520e-01 1.004000e-03 3.535440e-01
476 6.452720e-01 1.036000e-03 3.536920e-01
477 6.450880e-01 1.040000e-03 3.538720e-01
478 6.448960e-01 1.040000e-03 3.540640e-01
479 6.446720e-01 1.088000e-03 3.542400e-01
480 6.444400e-01 1.140000e-03 3.544200e-01
481 6.442400e-01 1.152000e-03 3.546080e-01
482 6.440400e-01 1.124000e-03 3.548360e-01
483 6.438200e-01 1.148000e-03 3.550320e-01
484 6.436000e-01 1.192000e-03 3.552080e-01
485 6.433760e-01 1.144000e-03 3.554800e-01
486 6.431840e-01 1.084000e-03 3.557320e-01
487 6.430320e-01 1.028000e-03 3.559400e-01
488 6.428560e-01 1.008000e-03 3.561360e-01
489 6.427080e-01 9.920000e-04 3.563000e-01
490 6.425080e-01 9.760000e-04 3.565160e-01
491 6.423200e-01 1.008000e-03 3.566720e-01
492 6.421480e-01 1.060000e-03 3.567920e-01
493 6.419880e-01 1.056000e-03 3.569560e-01
494 6.417800e-01 1.072000e-03 3.571480e-01
495 6.416120e-01 1.060000e-03 3.573280e-01
496 6.414200e-01 1.060000e-03 3.575200e-01
497 6.412240e-01 1.044000e-03 3.577320e-01
498 6.410720e-01 9.960000e-04 3.579320e-01
499 6.409000e-01 1.024000e-03 3.580760e-01
500 6.407080e-01 1.032000e-03 3.582600e-01
