1 9.992160e-01 6.920000e-04 9.200000e-05
2 9.987080e-01 1.040000e-03 2.520000e-04
3 9.981640e-01 1.332000e-03 5.040000e-04
4 9.974400e-01 1.756000e-03 8.040000e-04
5 9.966160e-01 2.252000e-03 1.132000e-03
6 9.958080e-01 2.668000e-03 1.524000e-03
7 9.948720e-01 3.136000e-03 1.992000e-03
8 9.938520e-01 3.532000e-03 2.616000e-03
9 9.929720e-01 3.700000e-03 3.328000e-03
10 9.918840e-01 4.188000e-03 3.928000e-03
11 9.907080e-01 4.536000e-03 4.756000e-03
12 9.895960e-01 4.780000e-03 5.624000e-03
13 9.884560e-01 5.060000e-03 6.484000e-03
14 9.872680e-01 5.332000e-03 7.400000e-03
15 9.860520e-01 5.636000e-03 8.312000e-03
16 9.850080e-01 5.700000e-03 9.292000e-03
17 9.837080e-01 6.020000e-03 1.027200e-02
18 9.824520e-01 6.252000e-03 1.129600e-02
19 9.812000e-01 6.352000e-03 1.244800e-02
20 9.797880e-01 6.692000e-03 1.352000e-02
21 9.785120e-01 6.688000e-03 1.480000e-02
22 9.772800e-01 6.772000e-03 1.594800e-02
23 9.760440e-01 6.960000e-03 1.699600e-02
24 9.747320e-01 7.008000e-03 1.826000e-02
25 9.733280e-01 7.120000e-03 1.955200e-02
26 9.720200e-01 7.184000e-03 2.079600e-02
27 9.706520e-01 7.168000e-03 2.218000e-02
28 9.692120e-01 7.316000e-03 2.347200e-02
29 9.677160e-01 7.516000e-03 2.476800e-02
30 9.662560e-01 7.592000e-03 2.615200e-02
31 9.646040e-01 7.824000e-03 2.757200e-02
32 9.631200e-01 7.908000e-03 2.897200e-02
33 9.616760e-01 7.976000e-03 3.034800e-02
34 9.601680e-01 8.036000e-03 3.179600e-02
35 9.587080e-01 8.088000e-03 3.320400e-02
36 9.572280e-01 8.048000e-03 3.472400e-02
37 9.557880e-01 8.112000e-03 3.610000e-02
38 9.544280e-01 8.156000e-03 3.741600e-02
39 9.531720e-01 8.028000e-03 3.880000e-02
40 9.518320e-01 7.944000e-03 4.022400e-02
41 9.502960e-01 7.960000e-03 4.174400e-02
42 9.490040e-01 7.872000e-03 4.312400e-02
43 9.477720e-01 7.744000e-03 4.448400e-02
44 9.463640e-01 7.716000e-03 4.592000e-02
45 9.450280e-01 7.740000e-03 4.723200e-02
46 9.437600e-01 7.696000e-03 4.854400e-02
47 9.423160e-01 7.740000e-03 4.994400e-02
48 9.409960e-01 7.732000e-03 5.127200e-02
49 9.396840e-01 7.624000e-03 5.269200e-02
50 9.383960e-01 7.560000e-03 5.404400e-02
51 9.369600e-01 7.752000e-03 5.528800e-02
52 9.355040e-01 7.992000e-03 5.650400e-02
53 9.339880e-01 8.112000e-03 5.790000e-02
54 9.323960e-01 8.316000e-03 5.928800e-02
55 9.309640e-01 8.292000e-03 6.074400e-02
56 9.294600e-01 8.352000e-03 6.218800e-02
57 9.279560e-01 8.300000e-03 6.374400e-02
58 9.264240e-01 8.452000e-03 6.512400e-02
59 9.249360e-01 8.520000e-03 6.654400e-02
60 9.233160e-01 8.788000e-03 6.789600e-02
61 9.215280e-01 9.032000e-03 6.944000e-02
62 9.198120e-01 9.260000e-03 7.092800e-02
63 9.180160e-01 9.424000e-03 7.256000e-02
64 9.162080e-01 9.548000e-03 7.424400e-02
65 9.144880e-01 9.604000e-03 7.590800e-02
66 9.129680e-01 9.576000e-03 7.745600e-02
67 9.114360e-01 9.468000e-03 7.909600e-02
68 9.099320e-01 9.292000e-03 8.077600e-02
69 9.084480e-01 9.112000e-03 8.244000e-02
70 9.068960e-01 9.040000e-03 8.406400e-02
71 9.052200e-01 9.068000e-03 8.571200e-02
72 9.035680e-01 9.020000e-03 8.741200e-02
73 9.019400e-01 9.216000e-03 8.884400e-02
74 9.002000e-01 9.408000e-03 9.039200e-02
75 8.986680e-01 9.248000e-03 9.208400e-02
76 8.970200e-01 9.372000e-03 9.360800e-02
77 8.952040e-01 9.520000e-03 9.527600e-02
78 8.935440e-01 9.540000e-03 9.691600e-02
79 8.917840e-01 9.640000e-03 9.857600e-02
80 8.901200e-01 9.632000e-03 1.002480e-01
81 8.885320e-01 9.636000e-03 1.018320e-01
82 8.869840e-01 9.584000e-03 1.034320e-01
83 8.853880e-01 9.456000e-03 1.051560e-01
84 8.838400e-01 9.340000e-03 1.068200e-01
85 8.824760e-01 8.924000e-03 1.086000e-01
86 8.811440e-01 8.616000e-03 1.102400e-01
87 8.796800e-01 8.532000e-03 1.117880e-01
88 8.782760e-01 8.400000e-03 1.133240e-01
89 8.767600e-01 8.444000e-03 1.147960e-01
90 8.752600e-01 8.468000e-03 1.162720e-01
91 8.739040e-01 8.240000e-03 1.178560e-01
92 8.726400e-01 7.992000e-03 1.193680e-01
93 8.714480e-01 7.856000e-03 1.206960e-01
94 8.700320e-01 7.704000e-03 1.222640e-01
95 8.687400e-01 7.792000e-03 1.234680e-01
96 8.673040e-01 7.860000e-03 1.248360e-01
97 8.657720e-01 7.856000e-03 1.263720e-01
98 8.643560e-01 7.928000e-03 1.277160e-01
99 8.629680e-01 7.924000e-03 1.291080e-01
100 8.617360e-01 7.720000e-03 1.305440e-01
101 8.603760e-01 7.760000e-03 1.318640e-01
102 8.589720e-01 7.804000e-03 1.332240e-01
103 8.575560e-01 7.900000e-03 1.345440e-01
104 8.562320e-01 7.796000e-03 1.359720e-01
105 8.548520e-01 7.748000e-03 1.374000e-01
106 8.534640e-01 7.692000e-03 1.388440e-01
107 8.520600e-01 7.684000e-03 1.402560e-01
108 8.506400e-01 7.704000e-03 1.416560e-01
109 8.491960e-01 7.736000e-03 1.430680e-01
110 8.478080e-01 7.692000e-03 1.445000e-01
111 8.464280e-01 7.736000e-03 1.458360e-01
112 8.450320e-01 7.768000e-03 1.472000e-01
113 8.438200e-01 7.668000e-03 1.485120e-01
114 8.424880e-01 7.764000e-03 1.497480e-01
115 8.411360e-01 7.736000e-03 1.511280e-01
116 8.397120e-01 7.740000e-03 1.525480e-01
117 8.383400e-01 7.788000e-03 1.538720e-01
118 8.368680e-01 7.836000e-03 1.552960e-01
119 8.354200e-01 7.912000e-03 1.566680e-01
120 8.339400e-01 8.044000e-03 1.580160e-01
121 8.324080e-01 8.228000e-03 1.593640e-01
122 8.308720e-01 8.300000e-03 1.608280e-01
123 8.294680e-01 8.252000e-03 1.622800e-01
124 8.279280e-01 8.336000e-03 1.637360e-01
125 8.265880e-01 8.168000e-03 1.652440e-01
126 8.254800e-01 7.864000e-03 1.666560e-01
127 8.242040e-01 7.652000e-03 1.681440e-01
128 8.229760e-01 7.488000e-03 1.695360e-01
129 8.215920e-01 7.628000e-03 1.707800e-01
130 8.203280e-01 7.500000e-03 1.721720e-01
131 8.189760e-01 7.444000e-03 1.735800e-01
132 8.178160e-01 7.356000e-03 1.748280e-01
133 8.165160e-01 7.492000e-03 1.759920e-01
134 8.152400e-01 7.472000e-03 1.772880e-01
135 8.139400e-01 7.512000e-03 1.785480e-01
136 8.126960e-01 7.432000e-03 1.798720e-01
137 8.114520e-01 7.356000e-03 1.811920e-01
138 8.100760e-01 7.504000e-03 1.824200e-01
139 8.089280e-01 7.276000e-03 1.837960e-01
140 8.077800e-01 7.232000e-03 1.849880e-01
141 8.067240e-01 7.108000e-03 1.861680e-01
142 8.056400e-01 6.912000e-03 1.874480e-01
143 8.044360e-01 6.772000e-03 1.887920e-01
144 8.034240e-01 6.676000e-03 1.899000e-01
145 8.023240e-01 6.588000e-03 1.910880e-01
146 8.011320e-01 6.744000e-03 1.921240e-01
147 7.999400e-01 6.728000e-03 1.933320e-01
148 7.987560e-01 6.800000e-03 1.944440e-01
149 7.976960e-01 6.696000e-03 1.956080e-01
150 7.966000e-01 6.572000e-03 1.968280e-01
151 7.955400e-01 6.412000e-03 1.980480e-01
152 7.945040e-01 6.388000e-03 1.991080e-01
153 7.933720e-01 6.288000e-03 2.003400e-01
154 7.922000e-01 6.340000e-03 2.014600e-01
155 7.910600e-01 6.404000e-03 2.025360e-01
156 7.898480e-01 6.444000e-03 2.037080e-01
157 7.887280e-01 6.460000e-03 2.048120e-01
158 7.875480e-01 6.528000e-03 2.059240e-01
159 7.866200e-01 6.292000e-03 2.070880e-01
160 7.854960e-01 6.356000e-03 2.081480e-01
161 7.843160e-01 6.392000e-03 2.092920e-01
162 7.831360e-01 6.404000e-03 2.104600e-01
163 7.819280e-01 6.484000e-03 2.115880e-01
164 7.806760e-01 6.628000e-03 2.126960e-01
165 7.794280e-01 6.740000e-03 2.138320e-01
166 7.783720e-01 6.600000e-03 2.150280e-01
167 7.773280e-01 6.576000e-03 2.160960e-01
168 7.764240e-01 6.416000e-03 2.171600e-01
169 7.756040e-01 6.188000e-03 2.182080e-01
170 7.745680e-01 6.084000e-03 2.193480e-01
171 7.736360e-01 6.004000e-03 2.203600e-01
172 7.726400e-01 6.064000e-03 2.212960e-01
173 7.715640e-01 6.016000e-03 2.224200e-01
174 7.705880e-01 5.964000e-03 2.234480e-01
175 7.694880e-01 6.032000e-03 2.244800e-01
176 7.684360e-01 6.084000e-03 2.254800e-01
177 7.674000e-01 6.064000e-03 2.265360e-01
178 7.665280e-01 5.872000e-03 2.276000e-01
179 7.656440e-01 5.784000e-03 2.285720e-01
180 7.647320e-01 5.680000e-03 2.295880e-01
181 7.637360e-01 5.644000e-03 2.306200e-01
182 7.628080e-01 5.564000e-03 2.316280e-01
183 7.619880e-01 5.488000e-03 2.325240e-01
184 7.610200e-01 5.584000e-03 2.333960e-01
185 7.600760e-01 5.552000e-03 2.343720e-01
186 7.591520e-01 5.520000e-03 2.353280e-01
187 7.583000e-01 5.360000e-03 2.363400e-01
188 7.574560e-01 5.268000e-03 2.372760e-01
189 7.566000e-01 5.200000e-03 2.382000e-01
190 7.558160e-01 5.016000e-03 2.391680e-01
191 7.549520e-01 5.048000e-03 2.400000e-01
192 7.539600e-01 5.108000e-03 2.409320e-01
193 7.532080e-01 4.948000e-03 2.418440e-01
194 7.523520e-01 4.904000e-03 2.427440e-01
195 7.514440e-01 4.928000e-03 2.436280e-01
196 7.506880e-01 4.864000e-03 2.444480e-01
197 7.498920e-01 4.728000e-03 2.453800e-01
198 7.491480e-01 4.728000e-03 2.461240e-01
199 7.482680e-01 4.760000e-03 2.469720e-01
200 7.475600e-01 4.688000e-03 2.477520e-01
201 7.468840e-01 4.544000e-03 2.485720e-01
202 7.462400e-01 4.420000e-03 2.493400e-01
203 7.455560e-01 4.340000e-03 2.501040e-01
204 7.448600e-01 4.260000e-03 2.508800e-01
205 7.442000e-01 4.132000e-03 2.516680e-01
206 7.436040e-01 4.076000e-03 2.523200e-01
207 7.430080e-01 3.984000e-03 2.530080e-01
208 7.424080e-01 3.912000e-03 2.536800e-01
209 7.417160e-01 3.848000e-03 2.544360e-01
210 7.410680e-01 3.772000e-03 2.551600e-01
211 7.403200e-01 3.912000e-03 2.557680e-01
212 7.397480e-01 3.752000e-03 2.565000e-01
213 7.391480e-01 3.720000e-03 2.571320e-01
214 7.385360e-01 3.696000e-03 2.577680e-01
215 7.378400e-01 3.696000e-03 2.584640e-01
216 7.371880e-01 3.724000e-03 2.590880e-01
217 7.365200e-01 3.744000e-03 2.597360e-01
218 7.359360e-01 3.660000e-03 2.604040e-01
219 7.353080e-01 3.632000e-03 2.610600e-01
220 7.347400e-01 3.584000e-03 2.616760e-01
221 7.340920e-01 3.620000e-03 2.622880e-01
222 7.334520e-01 3.708000e-03 2.628400e-01
223 7.327320e-01 3.788000e-03 2.634800e-01
224 7.320720e-01 3.836000e-03 2.640920e-01
225 7.313800e-01 3.840000e-03 2.647800e-01
226 7.305960e-01 3.908000e-03 2.654960e-01
227 7.299160e-01 3.760000e-03 2.663240e-01
228 7.292760e-01 3.824000e-03 2.669000e-01
229 7.285720e-01 3.852000e-03 2.675760e-01
230 7.278160e-01 3.932000e-03 2.682520e-01
231 7.271040e-01 3.928000e-03 2.689680e-01
232 7.264840e-01 3.960000e-03 2.695560e-01
233 7.258000e-01 3.932000e-03 2.702680e-01
234 7.251480e-01 3.884000e-03 2.709680e-01
235 7.244560e-01 3.860000e-03 2.716840e-01
236 7.237640e-01 3.892000e-03 2.723440e-01
237 7.230800e-01 3.748000e-03 2.731720e-01
238 7.224120e-01 3.696000e-03 2.738920e-01
239 7.218440e-01 3.612000e-03 2.745440e-01
240 7.211920e-01 3.628000e-03 2.751800e-01
241 7.205440e-01 3.668000e-03 2.757880e-01
242 7.200280e-01 3.528000e-03 2.764440e-01
243 7.195040e-01 3.436000e-03 2.770600e-01
244 7.190240e-01 3.376000e-03 2.776000e-01
245 7.185040e-01 3.224000e-03 2.782720e-01
246 7.179080e-01 3.192000e-03 2.789000e-01
247 7.174400e-01 3.076000e-03 2.794840e-01
248 7.168800e-01 3.072000e-03 2.800480e-01
249 7.163880e-01 3.020000e-03 2.805920e-01
250 7.158640e-01 2.956000e-03 2.811800e-01
251 7.153160e-01 2.952000e-03 2.817320e-01
252 7.148840e-01 2.824000e-03 2.822920e-01
253 7.144840e-01 2.720000e-03 2.827960e-01
254 7.141120e-01 2.680000e-03 2.832080e-01
255 7.137600e-01 2.556000e-03 2.836840e-01
256 7.134000e-01 2.520000e-03 2.840800e-01
257 7.130360e-01 2.484000e-03 2.844800e-01
258 7.126120e-01 2.452000e-03 2.849360e-01
259 7.121960e-01 2.480000e-03 2.853240e-01
260 7.118360e-01 2.388000e-03 2.857760e-01
261 7.114360e-01 2.304000e-03 2.862600e-01
262 7.111480e-01 2.216000e-03 2.866360e-01
263 7.108360e-01 2.128000e-03 2.870360e-01
264 7.104800e-01 2.152000e-03 2.873680e-01
265 7.101360e-01 2.140000e-03 2.877240e-01
266 7.098440e-01 1.988000e-03 2.881680e-01
267 7.095640e-01 1.924000e-03 2.885120e-01
268 7.093040e-01 1.828000e-03 2.888680e-01
269 7.090240e-01 1.820000e-03 2.891560e-01
270 7.087360e-01 1.796000e-03 2.894680e-01
271 7.084320e-01 1.824000e-03 2.897440e-01
272 7.080640e-01 1.896000e-03 2.900400e-01
273 7.077320e-01 1.844000e-03 2.904240e-01
274 7.074080e-01 1.816000e-03 2.907760e-01
275 7.071080e-01 1.816000e-03 2.910760e-01
276 7.068160e-01 1.772000e-03 2.914120e-01
277 7.065520e-01 1.696000e-03 2.917520e-01
278 7.061720e-01 1.752000e-03 2.920760e-01
279 7.058520e-01 1.804000e-03 2.923440e-01
280 7.055560e-01 1.828000e-03 2.926160e-01
281 7.051880e-01 1.888000e-03 2.929240e-01
282 7.048320e-01 1.960000e-03 2.932080e-01
283 7.044400e-01 1.988000e-03 2.935720e-01
284 7.041080e-01 1.916000e-03 2.939760e-01
285 7.038280e-01 1.832000e-03 2.943400e-01
286 7.034560e-01 1.888000e-03 2.946560e-01
287 7.031200e-01 1.848000e-03 2.950320e-01
288 7.028520e-01 1.752000e-03 2.953960e-01
289 7.024520e-01 1.800000e-03 2.957480e-01
290 7.022120e-01 1.712000e-03 2.960760e-01
291 7.018560e-01 1.748000e-03 2.963960e-01
292 7.015240e-01 1.756000e-03 2.967200e-01
293 7.012080e-01 1.752000e-03 2.970400e-01
294 7.008760e-01 1.780000e-03 2.973440e-01
295 7.005720e-01 1.812000e-03 2.976160e-01
296 7.002280e-01 1.836000e-03 2.979360e-01
297 6.999320e-01 1.852000e-03 2.982160e-01
298 6.996360e-01 1.860000e-03 2.985040e-01
299 6.992640e-01 1.984000e-03 2.987520e-01
300 6.988920e-01 2.016000e-03 2.990920e-01
301 6.986080e-01 1.980000e-03 2.994120e-01
302 6.983400e-01 1.916000e-03 2.997440e-01
303 6.980520e-01 1.840000e-03 3.001080e-01
304 6.977640e-01 1.788000e-03 3.004480e-01
305 6.974440e-01 1.808000e-03 3.007480e-01
306 6.970960e-01 1.804000e-03 3.011000e-01
307 6.967600e-01 1.812000e-03 3.014280e-01
308 6.965120e-01 1.764000e-03 3.017240e-01
309 6.962320e-01 1.672000e-03 3.020960e-01
310 6.959320e-01 1.664000e-03 3.024040e-01
311 6.956280e-01 1.700000e-03 3.026720e-01
312 6.953120e-01 1.748000e-03 3.029400e-01
313 6.950080e-01 1.752000e-03 3.032400e-01
314 6.947320e-01 1.752000e-03 3.035160e-01
315 6.943960e-01 1.868000e-03 3.037360e-01
316 6.940840e-01 1.864000e-03 3.040520e-01
317 6.937920e-01 1.884000e-03 3.043240e-01
318 6.934960e-01 1.868000e-03 3.046360e-01
319 6.932720e-01 1.724000e-03 3.050040e-01
320 6.929400e-01 1.748000e-03 3.053120e-01
321 6.927080e-01 1.636000e-03 3.056560e-01
322 6.924520e-01 1.636000e-03 3.059120e-01
323 6.922080e-01 1.548000e-03 3.062440e-01
324 6.919920e-01 1.444000e-03 3.065640e-01
325 6.917120e-01 1.480000e-03 3.068080e-01
326 6.914600e-01 1.484000e-03 3.070560e-01
327 6.911960e-01 1.516000e-03 3.072880e-01
328 6.909080e-01 1.496000e-03 3.075960e-01
329 6.906800e-01 1.448000e-03 3.078720e-01
330 6.904800e-01 1.384000e-03 3.081360e-01
331 6.902360e-01 1.332000e-03 3.084320e-01
332 6.900800e-01 1.252000e-03 3.086680e-01
333 6.899040e-01 1.204000e-03 3.088920e-01
334 6.897360e-01 1.144000e-03 3.091200e-01
335 6.895120e-01 1.176000e-03 3.093120e-01
336 6.893080e-01 1.172000e-03 3.095200e-01
337 6.890680e-01 1.212000e-03 3.097200e-01
338 6.888320e-01 1.212000e-03 3.099560e-01
339 6.886600e-01 1.180000e-03 3.101600e-01
340 6.884360e-01 1.204000e-03 3.103600e-01
341 6.882280e-01 1.168000e-03 3.106040e-01
342 6.880040e-01 1.200000e-03 3.107960e-01
343 6.877440e-01 1.296000e-03 3.109600e-01
344 6.874680e-01 1.328000e-03 3.112040e-01
345 6.872280e-01 1.336000e-03 3.114360e-01
346 6.870080e-01 1.312000e-03 3.116800e-01
347 6.867120e-01 1.368000e-03 3.119200e-01
348 6.864440e-01 1.380000e-03 3.121760e-01
349 6.861880e-01 1.428000e-03 3.123840e-01
350 6.859440e-01 1.432000e-03 3.126240e-01
351 6.856480e-01 1.476000e-03 3.128760e-01
352 6.853960e-01 1.460000e-03 3.131440e-01
353 6.851560e-01 1.452000e-03 3.133920e-01
354 6.848440e-01 1.480000e-03 3.136760e-01
355 6.845760e-01 1.460000e-03 3.139640e-01
356 6.842800e-01 1.552000e-03 3.141680e-01
357 6.840040e-01 1.568000e-03 3.144280e-01
358 6.836320e-01 1.672000e-03 3.146960e-01
359 6.832840e-01 1.752000e-03 3.149640e-01
360 6.829520e-01 1.764000e-03 3.152840e-01
361 6.826080e-01 1.836000e-03 3.155560e-01
362 6.822520e-01 1.884000e-03 3.158640e-01
363 6.818920e-01 1.952000e-03 3.161560e-01
364 6.815080e-01 2.016000e-03 3.164760e-01
365 6.811520e-01 1.952000e-03 3.168960e-01
366 6.808280e-01 1.928000e-03 3.172440e-01
367 6.805280e-01 1.836000e-03 3.176360e-01
368 6.802040e-01 1.852000e-03 3.179440e-01
369 6.799400e-01 1.748000e-03 3.183120e-01
370 6.796560e-01 1.704000e-03 3.186400e-01
371 6.794080e-01 1.684000e-03 3.189080e-01
372 6.791440e-01 1.664000e-03 3.191920e-01
373 6.788400e-01 1.680000e-03 3.194800e-01
374 6.785600e-01 1.668000e-03 3.197720e-01
375 6.783080e-01 1.624000e-03 3.200680e-01
376 6.780640e-01 1.512000e-03 3.204240e-01
377 6.778520e-01 1.420000e-03 3.207280e-01
378 6.775840e-01 1.436000e-03 3.209800e-01
379 6.773280e-01 1.396000e-03 3.212760e-01
380 6.770640e-01 1.388000e-03 3.215480e-01
381 6.768360e-01 1.400000e-03 3.217640e-01
382 6.766520e-01 1.388000e-03 3.219600e-01
383 6.764120e-01 1.408000e-03 3.221800e-01
384 6.761800e-01 1.380000e-03 3.224400e-01
385 6.759880e-01 1.352000e-03 3.226600e-01
386 6.757200e-01 1.396000e-03 3.228840e-01
387 6.754240e-01 1.388000e-03 3.231880e-01
388 6.751720e-01 1.420000e-03 3.234080e-01
389 6.748880e-01 1.408000e-03 3.237040e-01
390 6.746240e-01 1.400000e-03 3.239760e-01
391 6.743400e-01 1.472000e-03 3.241880e-01
392 6.741280e-01 1.464000e-03 3.244080e-01
393 6.738680e-01 1.440000e-03 3.246920e-01
394 6.736320e-01 1.452000e-03 3.249160e-01
395 6.734000e-01 1.380000e-03 3.252200e-01
396 6.731680e-01 1.392000e-03 3.254400e-01
397 6.728880e-01 1.380000e-03 3.257320e-01
398 6.726600e-01 1.360000e-03 3.259800e-01
399 6.723760e-01 1.384000e-03 3.262400e-01
400 6.720960e-01 1.392000e-03 3.265120e-01
401 6.718800e-01 1.332000e-03 3.267880e-01
402 6.716320e-01 1.348000e-03 3.270200e-01
403 6.713880e-01 1.376000e-03 3.272360e-01
404 6.711120e-01 1.368000e-03 3.275200e-01
405 6.707640e-01 1.428000e-03 3.278080e-01
406 6.704800e-01 1.424000e-03 3.280960e-01
407 6.702440e-01 1.404000e-03 3.283520e-01
408 6.699560e-01 1.468000e-03 3.285760e-01
409 6.697000e-01 1.464000e-03 3.288360e-01
410 6.694600e-01 1.460000e-03 3.290800e-01
411 6.692440e-01 1.448000e-03 3.293080e-01
412 6.690800e-01 1.376000e-03 3.295440e-01
413 6.688720e-01 1.352000e-03 3.297760e-01
414 6.686360e-01 1.360000e-03 3.300040e-01
415 6.683840e-01 1.376000e-03 3.302400e-01
416 6.681360e-01 1.380000e-03 3.304840e-01
417 6.678720e-01 1.432000e-03 3.306960e-01
418 6.675880e-01 1.452000e-03 3.309600e-01
419 6.673480e-01 1.408000e-03 3.312440e-01
420 6.671080e-01 1.408000e-03 3.314840e-01
421 6.668720e-01 1.388000e-03 3.317400e-01
422 6.666240e-01 1.408000e-03 3.319680e-01
423 6.663600e-01 1.416000e-03 3.322240e-01
424 6.660640e-01 1.432000e-03 3.325040e-01
425 6.657760e-01 1.448000e-03 3.327760e-01
426 6.654240e-01 1.524000e-03 3.330520e-01
427 6.652160e-01 1.440000e-03 3.333440e-01
428 6.648920e-01 1.480000e-03 3.336280e-01
429 6.646200e-01 1.488000e-03 3.338920e-01
430 6.643200e-01 1.552000e-03 3.341280e-01
431 6.640200e-01 1.592000e-03 3.343880e-01
432 6.636200e-01 1.712000e-03 3.346680e-01
433 6.632960e-01 1.720000e-03 3.349840e-01
434 6.629520e-01 1.752000e-03 3.352960e-01
435 6.626120e-01 1.800000e-03 3.355880e-01
436 6.622240e-01 1.816000e-03 3.359600e-01
437 6.618880e-01 1.780000e-03 3.363320e-01
438 6.615800e-01 1.784000e-03 3.366360e-01
439 6.612600e-01 1.816000e-03 3.369240e-01
440 6.609360e-01 1.824000e-03 3.372400e-01
441 6.605520e-01 1.888000e-03 3.375600e-01
442 6.601040e-01 2.016000e-03 3.378800e-01
443 6.597480e-01 2.056000e-03 3.381960e-01
444 6.593360e-01 2.096000e-03 3.385680e-01
445 6.589080e-01 2.144000e-03 3.389480e-01
446 6.585200e-01 2.152000e-03 3.393280e-01
447 6.581160e-01 2.224000e-03 3.396600e-01
448 6.577080e-01 2.220000e-03 3.400720e-01
449 6.573000e-01 2.280000e-03 3.404200e-01
450 6.568400e-01 2.380000e-03 3.407800e-01
451 6.564560e-01 2.348000e-03 3.411960e-01
452 6.561000e-01 2.356000e-03 3.415440e-01
453 6.557040e-01 2.372000e-03 3.419240e-01
454 6.552440e-01 2.396000e-03 3.423600e-01
455 6.548880e-01 2.320000e-03 3.427920e-01
456 6.544840e-01 2.336000e-03 3.431800e-01
457 6.541280e-01 2.292000e-03 3.435800e-01
458 6.538040e-01 2.204000e-03 3.439920e-01
459 6.534920e-01 2.144000e-03 3.443640e-01
460 6.531560e-01 2.104000e-03 3.447400e-01
461 6.528120e-01 2.056000e-03 3.451320e-01
462 6.525240e-01 1.972000e-03 3.455040e-01
463 6.522120e-01 1.960000e-03 3.458280e-01
464 6.518960e-01 1.928000e-03 3.461760e-01
465 6.516240e-01 1.844000e-03 3.465320e-01
466 6.513560e-01 1.812000e-03 3.468320e-01
467 6.510720e-01 1.760000e-03 3.471680e-01
468 6.508280e-01 1.676000e-03 3.474960e-01
469 6.506080e-01 1.556000e-03 3.478360e-01
470 6.503720e-01 1.508000e-03 3.481200e-01
471 6.501760e-01 1.432000e-03 3.483920e-01
472 6.500120e-01 1.268000e-03 3.487200e-01
473 6.498400e-01 1.232000e-03 3.489280e-01
474 6.495880e-01 1.276000e-03 3.491360e-01
475 6.494440e-01 1.236000e-03 3.493200e-01
476 6.492600e-01 1.208000e-03 3.495320e-01
477 6.490680e-01 1.168000e-03 3.497640e-01
478 6.488880e-01 1.108000e-03 3.500040e-01
479 6.486720e-01 1.164000e-03 3.501640e-01
480 6.484360e-01 1.140000e-03 3.504240e-01
481 6.482280e-01 1.164000e-03 3.506080e-01
482 6.480360e-01 1.140000e-03 3.508240e-01
483 6.478520e-01 1.124000e-03 3.510240e-01
484 6.476640e-01 1.124000e-03 3.512120e-01
485 6.474800e-01 1.120000e-03 3.514000e-01
486 6.472840e-01 1.104000e-03 3.516120e-01
487 6.470920e-01 1.136000e-03 3.517720e-01
488 6.468760e-01 1.160000e-03 3.519640e-01
489 6.467480e-01 1.076000e-03 3.521760e-01
490 6.466360e-01 9.800000e-04 3.523840e-01
491 6.464720e-01 9.400000e-04 3.525880e-01
492 6.463640e-01 8.880000e-04 3.527480e-01
493 6.462160e-01 8.800000e-04 3.529040e-01
494 6.460280e-01 9.320000e-04 3.530400e-01
495 6.458760e-01 9.480000e-04 3.531760e-01
496 6.456720e-01 9.240000e-04 3.534040e-01
497 6.454960e-01 9.480000e-04 3.535560e-01
498 6.453520e-01 9.480000e-04 3.537000e-01
499 6.452040e-01 9.280000e-04 3.538680e-01
500 6.450200e-01 9.840000e-04 3.539960e-01
