1 9.992280e-01 6.680000e-04 1.040000e-04
2 9.985960e-01 1.152000e-03 2.520000e-04
3 9.979680e-01 1.512000e-03 5.200000e-04
4 9.972320e-01 1.928000e-03 8.400000e-04
5 9.964240e-01 2.308000e-03 1.268000e-03
6 9.955800e-01 2.752000e-03 1.668000e-03
7 9.947640e-01 3.052000e-03 2.184000e-03
8 9.939200e-01 3.380000e-03 2.700000e-03
9 9.930800e-01 3.548000e-03 3.372000e-03
10 9.921360e-01 3.700000e-03 4.164000e-03
11 9.911760e-01 3.948000e-03 4.876000e-03
12 9.902920e-01 4.096000e-03 5.612000e-03
13 9.893160e-01 4.292000e-03 6.392000e-03
14 9.883600e-01 4.524000e-03 7.116000e-03
15 9.874080e-01 4.752000e-03 7.840000e-03
16 9.864680e-01 4.816000e-03 8.716000e-03
17 9.854600e-01 4.936000e-03 9.604000e-03
18 9.844880e-01 5.140000e-03 1.037200e-02
19 9.833560e-01 5.348000e-03 1.129600e-02
20 9.823360e-01 5.468000e-03 1.219600e-02
21 9.812600e-01 5.560000e-03 1.318000e-02
22 9.802400e-01 5.732000e-03 1.402800e-02
23 9.791800e-01 5.884000e-03 1.493600e-02
24 9.780920e-01 5.924000e-03 1.598400e-02
25 9.769680e-01 6.032000e-03 1.700000e-02
26 9.758480e-01 6.132000e-03 1.802000e-02
27 9.746640e-01 6.224000e-03 1.911200e-02
28 9.734320e-01 6.300000e-03 2.026800e-02
29 9.720160e-01 6.564000e-03 2.142000e-02
30 9.706360e-01 6.776000e-03 2.258800e-02
31 9.694040e-01 6.780000e-03 2.381600e-02
32 9.680240e-01 7.056000e-03 2.492000e-02
33 9.667400e-01 7.104000e-03 2.615600e-02
34 9.654160e-01 7.180000e-03 2.740400e-02
35 9.641240e-01 7.168000e-03 2.870800e-02
36 9.630200e-01 7.100000e-03 2.988000e-02
37 9.616960e-01 7.272000e-03 3.103200e-02
38 9.604680e-01 7.296000e-03 3.223600e-02
39 9.592080e-01 7.224000e-03 3.356800e-02
40 9.579680e-01 7.232000e-03 3.480000e-02
41 9.566240e-01 7.224000e-03 3.615200e-02
42 9.553960e-01 7.092000e-03 3.751200e-02
43 9.541160e-01 7.140000e-03 3.874400e-02
44 9.528200e-01 7.204000e-03 3.997600e-02
45 9.514880e-01 7.212000e-03 4.130000e-02
46 9.502280e-01 7.072000e-03 4.270000e-02
47 9.489400e-01 7.100000e-03 4.396000e-02
48 9.476440e-01 7.064000e-03 4.529200e-02
49 9.462640e-01 7.192000e-03 4.654400e-02
50 9.448520e-01 7.328000e-03 4.782000e-02
51 9.433000e-01 7.596000e-03 4.910400e-02
52 9.418400e-01 7.656000e-03 5.050400e-02
53 9.403600e-01 7.736000e-03 5.190400e-02
54 9.388040e-01 7.988000e-03 5.320800e-02
55 9.374000e-01 8.092000e-03 5.450800e-02
56 9.360000e-01 8.032000e-03 5.596800e-02
57 9.345880e-01 7.936000e-03 5.747600e-02
58 9.331560e-01 7.976000e-03 5.886800e-02
59 9.318040e-01 7.940000e-03 6.025600e-02
60 9.304640e-01 7.940000e-03 6.159600e-02
61 9.291280e-01 7.980000e-03 6.289200e-02
62 9.276960e-01 8.032000e-03 6.427200e-02
63 9.262960e-01 8.024000e-03 6.568000e-02
64 9.249080e-01 8.140000e-03 6.695200e-02
65 9.236240e-01 8.084000e-03 6.829200e-02
66 9.222200e-01 8.024000e-03 6.975600e-02
67 9.209240e-01 8.064000e-03 7.101200e-02
68 9.194120e-01 8.160000e-03 7.242800e-02
69 9.180840e-01 8.204000e-03 7.371200e-02
70 9.166920e-01 8.096000e-03 7.521200e-02
71 9.153480e-01 7.940000e-03 7.671200e-02
72 9.140280e-01 7.916000e-03 7.805600e-02
73 9.125880e-01 7.896000e-03 7.951600e-02
74 9.111880e-01 7.884000e-03 8.092800e-02
75 9.099440e-01 7.824000e-03 8.223200e-02
76 9.085880e-01 7.780000e-03 8.363200e-02
77 9.072920e-01 7.728000e-03 8.498000e-02
78 9.058120e-01 7.860000e-03 8.632800e-02
79 9.045520e-01 7.772000e-03 8.767600e-02
80 9.032960e-01 7.684000e-03 8.902000e-02
81 9.019200e-01 7.588000e-03 9.049200e-02
82 9.006320e-01 7.572000e-03 9.179600e-02
83 8.993040e-01 7.564000e-03 9.313200e-02
84 8.980520e-01 7.468000e-03 9.448000e-02
85 8.966760e-01 7.512000e-03 9.581200e-02
86 8.953520e-01 7.548000e-03 9.710000e-02
87 8.940040e-01 7.584000e-03 9.841200e-02
88 8.925200e-01 7.640000e-03 9.984000e-02
89 8.911040e-01 7.816000e-03 1.010800e-01
90 8.897000e-01 7.776000e-03 1.025240e-01
91 8.882320e-01 7.896000e-03 1.038720e-01
92 8.868320e-01 7.948000e-03 1.052200e-01
93 8.852600e-01 8.160000e-03 1.065800e-01
94 8.837560e-01 8.244000e-03 1.080000e-01
95 8.822160e-01 8.276000e-03 1.095080e-01
96 8.807040e-01 8.308000e-03 1.109880e-01
97 8.793360e-01 8.196000e-03 1.124680e-01
98 8.778000e-01 8.332000e-03 1.138680e-01
99 8.763560e-01 8.300000e-03 1.153440e-01
100 8.747240e-01 8.472000e-03 1.168040e-01
101 8.732200e-01 8.544000e-03 1.182360e-01
102 8.717600e-01 8.544000e-03 1.196960e-01
103 8.703520e-01 8.472000e-03 1.211760e-01
104 8.690120e-01 8.312000e-03 1.226760e-01
105 8.675880e-01 8.312000e-03 1.241000e-01
106 8.662880e-01 8.104000e-03 1.256080e-01
107 8.650080e-01 7.940000e-03 1.270520e-01
108 8.636080e-01 7.956000e-03 1.284360e-01
109 8.621760e-01 8.040000e-03 1.297840e-01
110 8.607920e-01 7.912000e-03 1.312960e-01
111 8.594720e-01 7.788000e-03 1.327400e-01
112 8.579640e-01 7.944000e-03 1.340920e-01
113 8.562560e-01 8.320000e-03 1.354240e-01
114 8.548000e-01 8.356000e-03 1.368440e-01
115 8.532360e-01 8.472000e-03 1.382920e-01
116 8.517000e-01 8.632000e-03 1.396680e-01
117 8.501960e-01 8.644000e-03 1.411600e-01
118 8.486840e-01 8.604000e-03 1.427120e-01
119 8.473480e-01 8.332000e-03 1.443200e-01
120 8.458760e-01 8.284000e-03 1.458400e-01
121 8.442600e-01 8.368000e-03 1.473720e-01
122 8.428440e-01 8.180000e-03 1.489760e-01
123 8.415120e-01 8.028000e-03 1.504600e-01
124 8.402120e-01 7.888000e-03 1.519000e-01
125 8.387760e-01 7.948000e-03 1.532760e-01
126 8.373920e-01 7.940000e-03 1.546680e-01
127 8.360360e-01 7.984000e-03 1.559800e-01
128 8.344800e-01 8.140000e-03 1.573800e-01
129 8.331680e-01 8.144000e-03 1.586880e-01
130 8.319080e-01 8.032000e-03 1.600600e-01
131 8.306800e-01 7.808000e-03 1.615120e-01
132 8.293000e-01 7.800000e-03 1.629000e-01
133 8.278920e-01 7.872000e-03 1.642360e-01
134 8.266040e-01 7.664000e-03 1.657320e-01
135 8.253840e-01 7.564000e-03 1.670520e-01
136 8.241640e-01 7.492000e-03 1.683440e-01
137 8.231040e-01 7.236000e-03 1.696600e-01
138 8.219040e-01 7.132000e-03 1.709640e-01
139 8.206120e-01 7.260000e-03 1.721280e-01
140 8.193440e-01 7.288000e-03 1.733680e-01
141 8.180720e-01 7.408000e-03 1.745200e-01
142 8.168400e-01 7.324000e-03 1.758360e-01
143 8.155200e-01 7.368000e-03 1.771120e-01
144 8.143920e-01 7.240000e-03 1.783680e-01
145 8.130960e-01 7.312000e-03 1.795920e-01
146 8.118560e-01 7.316000e-03 1.808280e-01
147 8.105040e-01 7.316000e-03 1.821800e-01
148 8.091520e-01 7.460000e-03 1.833880e-01
149 8.076960e-01 7.580000e-03 1.847240e-01
150 8.063640e-01 7.680000e-03 1.859560e-01
151 8.050960e-01 7.584000e-03 1.873200e-01
152 8.038360e-01 7.508000e-03 1.886560e-01
153 8.025240e-01 7.480000e-03 1.899960e-01
154 8.012640e-01 7.352000e-03 1.913840e-01
155 7.999400e-01 7.400000e-03 1.926600e-01
156 7.985000e-01 7.556000e-03 1.939440e-01
157 7.971400e-01 7.628000e-03 1.952320e-01
158 7.956840e-01 7.696000e-03 1.966200e-01
159 7.943160e-01 7.628000e-03 1.980560e-01
160 7.929400e-01 7.644000e-03 1.994160e-01
161 7.915080e-01 7.848000e-03 2.006440e-01
162 7.901400e-01 7.848000e-03 2.020120e-01
163 7.887760e-01 7.832000e-03 2.033920e-01
164 7.874360e-01 7.836000e-03 2.047280e-01
165 7.860280e-01 7.800000e-03 2.061720e-01
166 7.846640e-01 7.848000e-03 2.074880e-01
167 7.834080e-01 7.688000e-03 2.089040e-01
168 7.820960e-01 7.640000e-03 2.102640e-01
169 7.808120e-01 7.640000e-03 2.115480e-01
170 7.795240e-01 7.564000e-03 2.129120e-01
171 7.781760e-01 7.500000e-03 2.143240e-01
172 7.769840e-01 7.288000e-03 2.157280e-01
173 7.757120e-01 7.292000e-03 2.169960e-01
174 7.745200e-01 7.180000e-03 2.183000e-01
175 7.733960e-01 7.196000e-03 2.194080e-01
176 7.722000e-01 6.988000e-03 2.208120e-01
177 7.709040e-01 6.972000e-03 2.221240e-01
178 7.695120e-01 7.160000e-03 2.233280e-01
179 7.683680e-01 7.076000e-03 2.245560e-01
180 7.670640e-01 7.160000e-03 2.257760e-01
181 7.658960e-01 7.004000e-03 2.271000e-01
182 7.647360e-01 6.860000e-03 2.284040e-01
183 7.634880e-01 6.852000e-03 2.296600e-01
184 7.623480e-01 6.696000e-03 2.309560e-01
185 7.612840e-01 6.628000e-03 2.320880e-01
186 7.602000e-01 6.488000e-03 2.333120e-01
187 7.592240e-01 6.252000e-03 2.345240e-01
188 7.581240e-01 6.280000e-03 2.355960e-01
189 7.570960e-01 6.260000e-03 2.366440e-01
190 7.560680e-01 6.212000e-03 2.377200e-01
191 7.550360e-01 6.228000e-03 2.387360e-01
192 7.541120e-01 6.048000e-03 2.398400e-01
193 7.531320e-01 5.960000e-03 2.409080e-01
194 7.520360e-01 6.004000e-03 2.419600e-01
195 7.510720e-01 6.032000e-03 2.428960e-01
196 7.499560e-01 6.028000e-03 2.440160e-01
197 7.489760e-01 5.972000e-03 2.450520e-01
198 7.478440e-01 6.052000e-03 2.461040e-01
199 7.467880e-01 6.112000e-03 2.471000e-01
200 7.458320e-01 5.980000e-03 2.481880e-01
201 7.447040e-01 5.980000e-03 2.493160e-01
202 7.437400e-01 5.828000e-03 2.504320e-01
203 7.428200e-01 5.720000e-03 2.514600e-01
204 7.418840e-01 5.584000e-03 2.525320e-01
205 7.410320e-01 5.468000e-03 2.535000e-01
206 7.400360e-01 5.612000e-03 2.543520e-01
207 7.390840e-01 5.536000e-03 2.553800e-01
208 7.380120e-01 5.648000e-03 2.563400e-01
209 7.370720e-01 5.536000e-03 2.573920e-01
210 7.361920e-01 5.444000e-03 2.583640e-01
211 7.352200e-01 5.560000e-03 2.592200e-01
212 7.341680e-01 5.608000e-03 2.602240e-01
213 7.331120e-01 5.740000e-03 2.611480e-01
214 7.321200e-01 5.676000e-03 2.622040e-01
215 7.311080e-01 5.700000e-03 2.631920e-01
216 7.301120e-01 5.740000e-03 2.641480e-01
217 7.289200e-01 5.972000e-03 2.651080e-01
218 7.280080e-01 5.804000e-03 2.661880e-01
219 7.268680e-01 5.848000e-03 2.672840e-01
220 7.257800e-01 5.828000e-03 2.683920e-01
221 7.247320e-01 5.864000e-03 2.694040e-01
222 7.237240e-01 6.024000e-03 2.702520e-01
223 7.227360e-01 5.872000e-03 2.713920e-01
224 7.217480e-01 5.884000e-03 2.723680e-01
225 7.206720e-01 5.892000e-03 2.734360e-01
226 7.196520e-01 5.976000e-03 2.743720e-01
227 7.186680e-01 5.940000e-03 2.753920e-01
228 7.177960e-01 5.756000e-03 2.764480e-01
229 7.169160e-01 5.628000e-03 2.774560e-01
230 7.159960e-01 5.632000e-03 2.783720e-01
231 7.150640e-01 5.660000e-03 2.792760e-01
232 7.142400e-01 5.540000e-03 2.802200e-01
233 7.132800e-01 5.436000e-03 2.812840e-01
234 7.123560e-01 5.388000e-03 2.822560e-01
235 7.113560e-01 5.416000e-03 2.832280e-01
236 7.104040e-01 5.396000e-03 2.842000e-01
237 7.094520e-01 5.472000e-03 2.850760e-01
238 7.084880e-01 5.512000e-03 2.860000e-01
239 7.075800e-01 5.468000e-03 2.869520e-01
240 7.066560e-01 5.536000e-03 2.878080e-01
241 7.057480e-01 5.460000e-03 2.887920e-01
242 7.048640e-01 5.440000e-03 2.896960e-01
243 7.039840e-01 5.312000e-03 2.907040e-01
244 7.031320e-01 5.220000e-03 2.916480e-01
245 7.023320e-01 5.068000e-03 2.926000e-01
246 7.015200e-01 4.968000e-03 2.935120e-01
247 7.006640e-01 4.968000e-03 2.943680e-01
248 6.998360e-01 4.920000e-03 2.952440e-01
249 6.990000e-01 4.896000e-03 2.961040e-01
250 6.982040e-01 4.728000e-03 2.970680e-01
251 6.974760e-01 4.648000e-03 2.978760e-01
252 6.966440e-01 4.700000e-03 2.986560e-01
253 6.958880e-01 4.528000e-03 2.995840e-01
254 6.951560e-01 4.492000e-03 3.003520e-01
255 6.942880e-01 4.540000e-03 3.011720e-01
256 6.935560e-01 4.512000e-03 3.019320e-01
257 6.927080e-01 4.552000e-03 3.027400e-01
258 6.919800e-01 4.440000e-03 3.035800e-01
259 6.913520e-01 4.332000e-03 3.043160e-01
260 6.906520e-01 4.260000e-03 3.050880e-01
261 6.900000e-01 4.220000e-03 3.057800e-01
262 6.892440e-01 4.228000e-03 3.065280e-01
263 6.885840e-01 4.236000e-03 3.071800e-01
264 6.879000e-01 4.140000e-03 3.079600e-01
265 6.871880e-01 4.208000e-03 3.086040e-01
266 6.864520e-01 4.144000e-03 3.094040e-01
267 6.858680e-01 4.068000e-03 3.100640e-01
268 6.851640e-01 3.988000e-03 3.108480e-01
269 6.845000e-01 3.984000e-03 3.115160e-01
270 6.839320e-01 3.872000e-03 3.121960e-01
271 6.833320e-01 3.772000e-03 3.128960e-01
272 6.827320e-01 3.820000e-03 3.134480e-01
273 6.821400e-01 3.764000e-03 3.140960e-01
274 6.814280e-01 3.820000e-03 3.147520e-01
275 6.807320e-01 3.892000e-03 3.153760e-01
276 6.801080e-01 3.780000e-03 3.161120e-01
277 6.794160e-01 3.768000e-03 3.168160e-01
278 6.788080e-01 3.800000e-03 3.173920e-01
279 6.781440e-01 3.820000e-03 3.180360e-01
280 6.775200e-01 3.776000e-03 3.187040e-01
281 6.768920e-01 3.788000e-03 3.193200e-01
282 6.762680e-01 3.728000e-03 3.200040e-01
283 6.757080e-01 3.660000e-03 3.206320e-01
284 6.751640e-01 3.496000e-03 3.213400e-01
285 6.746280e-01 3.440000e-03 3.219320e-01
286 6.740720e-01 3.352000e-03 3.225760e-01
287 6.734600e-01 3.396000e-03 3.231440e-01
288 6.728800e-01 3.344000e-03 3.237760e-01
289 6.724400e-01 3.304000e-03 3.242560e-01
290 6.719640e-01 3.200000e-03 3.248360e-01
291 6.714400e-01 3.164000e-03 3.253960e-01
292 6.709680e-01 3.104000e-03 3.259280e-01
293 6.704400e-01 3.132000e-03 3.264280e-01
294 6.699640e-01 3.060000e-03 3.269760e-01
295 6.694320e-01 3.040000e-03 3.275280e-01
296 6.688720e-01 3.020000e-03 3.281080e-01
297 6.683440e-01 2.972000e-03 3.286840e-01
298 6.678920e-01 2.928000e-03 3.291800e-01
299 6.675080e-01 2.796000e-03 3.296960e-01
300 6.671200e-01 2.740000e-03 3.301400e-01
301 6.666000e-01 2.812000e-03 3.305880e-01
302 6.660880e-01 2.820000e-03 3.310920e-01
303 6.655960e-01 2.860000e-03 3.315440e-01
304 6.650560e-01 2.940000e-03 3.320040e-01
305 6.645800e-01 2.888000e-03 3.325320e-01
306 6.640800e-01 2.832000e-03 3.330880e-01
307 6.635000e-01 2.932000e-03 3.335680e-01
308 6.630320e-01 2.800000e-03 3.341680e-01
309 6.626480e-01 2.700000e-03 3.346520e-01
310 6.622240e-01 2.632000e-03 3.351440e-01
311 6.618200e-01 2.556000e-03 3.356240e-01
312 6.613240e-01 2.600000e-03 3.360760e-01
313 6.609320e-01 2.520000e-03 3.365480e-01
314 6.604520e-01 2.604000e-03 3.369440e-01
315 6.600120e-01 2.572000e-03 3.374160e-01
316 6.595720e-01 2.524000e-03 3.379040e-01
317 6.591840e-01 2.388000e-03 3.384280e-01
318 6.588080e-01 2.384000e-03 3.388080e-01
319 6.584280e-01 2.336000e-03 3.392360e-01
320 6.580760e-01 2.344000e-03 3.395800e-01
321 6.575920e-01 2.460000e-03 3.399480e-01
322 6.572840e-01 2.332000e-03 3.403840e-01
323 6.568400e-01 2.336000e-03 3.408240e-01
324 6.565200e-01 2.208000e-03 3.412720e-01
325 6.561440e-01 2.192000e-03 3.416640e-01
326 6.557120e-01 2.296000e-03 3.419920e-01
327 6.552920e-01 2.308000e-03 3.424000e-01
328 6.548800e-01 2.308000e-03 3.428120e-01
329 6.545200e-01 2.288000e-03 3.431920e-01
330 6.542120e-01 2.224000e-03 3.435640e-01
331 6.538000e-01 2.284000e-03 3.439160e-01
332 6.533960e-01 2.272000e-03 3.443320e-01
333 6.529920e-01 2.224000e-03 3.447840e-01
334 6.525400e-01 2.296000e-03 3.451640e-01
335 6.520480e-01 2.448000e-03 3.455040e-01
336 6.516640e-01 2.344000e-03 3.459920e-01
337 6.513080e-01 2.256000e-03 3.464360e-01
338 6.509040e-01 2.256000e-03 3.468400e-01
339 6.505160e-01 2.280000e-03 3.472040e-01
340 6.501400e-01 2.340000e-03 3.475200e-01
341 6.497000e-01 2.396000e-03 3.479040e-01
342 6.493320e-01 2.340000e-03 3.483280e-01
343 6.490080e-01 2.248000e-03 3.487440e-01
344 6.486480e-01 2.212000e-03 3.491400e-01
345 6.482560e-01 2.176000e-03 3.495680e-01
346 6.479360e-01 2.160000e-03 3.499040e-01
347 6.476400e-01 2.088000e-03 3.502720e-01
348 6.473520e-01 1.988000e-03 3.506600e-01
349 6.471000e-01 1.876000e-03 3.510240e-01
350 6.468120e-01 1.780000e-03 3.514080e-01
351 6.465680e-01 1.688000e-03 3.517440e-01
352 6.463040e-01 1.664000e-03 3.520320e-01
353 6.460560e-01 1.616000e-03 3.523280e-01
354 6.458000e-01 1.532000e-03 3.526680e-01
355 6.455240e-01 1.528000e-03 3.529480e-01
356 6.452680e-01 1.568000e-03 3.531640e-01
357 6.450080e-01 1.572000e-03 3.534200e-01
358 6.447600e-01 1.544000e-03 3.536960e-01
359 6.445000e-01 1.580000e-03 3.539200e-01
360 6.442800e-01 1.600000e-03 3.541200e-01
361 6.439640e-01 1.612000e-03 3.544240e-01
362 6.437000e-01 1.540000e-03 3.547600e-01
363 6.434000e-01 1.624000e-03 3.549760e-01
364 6.431240e-01 1.620000e-03 3.552560e-01
365 6.428960e-01 1.564000e-03 3.555400e-01
366 6.426720e-01 1.536000e-03 3.557920e-01
367 6.424600e-01 1.532000e-03 3.560080e-01
368 6.422400e-01 1.516000e-03 3.562440e-01
369 6.420440e-01 1.436000e-03 3.565200e-01
370 6.418560e-01 1.412000e-03 3.567320e-01
371 6.416440e-01 1.356000e-03 3.570000e-01
372 6.414840e-01 1.272000e-03 3.572440e-01
373 6.413440e-01 1.140000e-03 3.575160e-01
374 6.412120e-01 1.080000e-03 3.577080e-01
375 6.410560e-01 1.040000e-03 3.579040e-01
376 6.409040e-01 1.076000e-03 3.580200e-01
377 6.407680e-01 9.960000e-04 3.582360e-01
378 6.406280e-01 9.600000e-04 3.584120e-01
379 6.404160e-01 1.016000e-03 3.585680e-01
380 6.402760e-01 9.880000e-04 3.587360e-01
381 6.400800e-01 1.024000e-03 3.588960e-01
382 6.399480e-01 9.720000e-04 3.590800e-01
383 6.397680e-01 1.024000e-03 3.592080e-01
384 6.396160e-01 9.800000e-04 3.594040e-01
385 6.394480e-01 9.400000e-04 3.596120e-01
386 6.392720e-01 9.840000e-04 3.597440e-01
387 6.390760e-01 1.032000e-03 3.598920e-01
388 6.389080e-01 1.020000e-03 3.600720e-01
389 6.387360e-01 1.028000e-03 3.602360e-01
390 6.385400e-01 1.060000e-03 3.604000e-01
391 6.383960e-01 1.036000e-03 3.605680e-01
392 6.382320e-01 9.960000e-04 3.607720e-01
393 6.380680e-01 1.016000e-03 3.609160e-01
394 6.379560e-01 9.600000e-04 3.610840e-01
395 6.378760e-01 8.800000e-04 3.612440e-01
396 6.377600e-01 8.560000e-04 3.613840e-01
397 6.376400e-01 8.280000e-04 3.615320e-01
398 6.375120e-01 7.880000e-04 3.617000e-01
399 6.373960e-01 7.800000e-04 3.618240e-01
400 6.372840e-01 7.720000e-04 3.619440e-01
401 6.371800e-01 7.360000e-04 3.620840e-01
402 6.370920e-01 7.120000e-04 3.621960e-01
403 6.369840e-01 7.280000e-04 3.622880e-01
404 6.368880e-01 6.960000e-04 3.624160e-01
405 6.368400e-01 6.400000e-04 3.625200e-01
406 6.367040e-01 6.400000e-04 3.626560e-01
407 6.366400e-01 5.680000e-04 3.627920e-01
408 6.365560e-01 5.320000e-04 3.629120e-01
409 6.364920e-01 5.040000e-04 3.630040e-01
410 6.364400e-01 4.800000e-04 3.630800e-01
411 6.363720e-01 4.840000e-04 3.631440e-01
412 6.362720e-01 4.960000e-04 3.632320e-01
413 6.361960e-01 4.760000e-04 3.633280e-01
414 6.361200e-01 4.640000e-04 3.634160e-01
415 6.360280e-01 4.320000e-04 3.635400e-01
416 6.358880e-01 5.040000e-04 3.636080e-01
417 6.357920e-01 5.400000e-04 3.636680e-01
418 6.356920e-01 5.280000e-04 3.637800e-01
419 6.355720e-01 5.720000e-04 3.638560e-01
420 6.354640e-01 5.960000e-04 3.639400e-01
421 6.353320e-01 6.280000e-04 3.640400e-01
422 6.352080e-01 6.600000e-04 3.641320e-01
423 6.349920e-01 7.520000e-04 3.642560e-01
424 6.348600e-01 7.200000e-04 3.644200e-01
425 6.347560e-01 7.080000e-04 3.645360e-01
426 6.346120e-01 7.240000e-04 3.646640e-01
427 6.344880e-01 7.200000e-04 3.647920e-01
428 6.343800e-01 6.920000e-04 3.649280e-01
429 6.343120e-01 6.480000e-04 3.650400e-01
430 6.342400e-01 5.920000e-04 3.651680e-01
431 6.341480e-01 6.000000e-04 3.652520e-01
432 6.340760e-01 5.760000e-04 3.653480e-01
433 6.339880e-01 5.560000e-04 3.654560e-01
434 6.338720e-01 5.440000e-04 3.655840e-01
435 6.337480e-01 6.040000e-04 3.656480e-01
436 6.336400e-01 6.040000e-04 3.657560e-01
437 6.335120e-01 6.240000e-04 3.658640e-01
438 6.334320e-01 6.120000e-04 3.659560e-01
439 6.333240e-01 6.080000e-04 3.660680e-01
440 6.332200e-01 5.720000e-04 3.662080e-01
441 6.331320e-01 5.880000e-04 3.662800e-01
442 6.329960e-01 6.360000e-04 3.663680e-01
443 6.329080e-01 6.600000e-04 3.664320e-01
444 6.327680e-01 6.920000e-04 3.665400e-01
445 6.326320e-01 6.920000e-04 3.666760e-01
446 6.324880e-01 7.240000e-04 3.667880e-01
447 6.323960e-01 6.720000e-04 3.669320e-01
448 6.322840e-01 6.440000e-04 3.670720e-01
449 6.322120e-01 5.880000e-04 3.672000e-01
450 6.321040e-01 5.880000e-04 3.673080e-01
451 6.320400e-01 5.680000e-04 3.673920e-01
452 6.319760e-01 5.280000e-04 3.674960e-01
453 6.319320e-01 4.720000e-04 3.675960e-01
454 6.318800e-01 4.720000e-04 3.676480e-01
455 6.318240e-01 4.440000e-04 3.677320e-01
456 6.317320e-01 4.520000e-04 3.678160e-01
457 6.317000e-01 4.160000e-04 3.678840e-01
458 6.316720e-01 3.920000e-04 3.679360e-01
459 6.316240e-01 3.640000e-04 3.680120e-01
460 6.315360e-01 3.840000e-04 3.680800e-01
461 6.314960e-01 3.280000e-04 3.681760e-01
462 6.314600e-01 3.040000e-04 3.682360e-01
463 6.314360e-01 2.880000e-04 3.682760e-01
464 6.314040e-01 2.640000e-04 3.683320e-01
465 6.313680e-01 2.480000e-04 3.683840e-01
466 6.313400e-01 2.320000e-04 3.684280e-01
467 6.312560e-01 2.680000e-04 3.684760e-01
468 6.311920e-01 2.920000e-04 3.685160e-01
469 6.311200e-01 3.000000e-04 3.685800e-01
470 6.310360e-01 3.040000e-04 3.686600e-01
471 6.309480e-01 3.360000e-04 3.687160e-01
472 6.309040e-01 3.240000e-04 3.687720e-01
473 6.308160e-01 3.600000e-04 3.688240e-01
474 6.307040e-01 4.080000e-04 3.688880e-01
475 6.306280e-01 3.960000e-04 3.689760e-01
476 6.305360e-01 4.200000e-04 3.690440e-01
477 6.304480e-01 4.440000e-04 3.691080e-01
478 6.303760e-01 4.320000e-04 3.691920e-01
479 6.303000e-01 4.560000e-04 3.692440e-01
480 6.302440e-01 4.480000e-04 3.693080e-01
481 6.301520e-01 4.600000e-04 3.693880e-01
482 6.300480e-01 4.840000e-04 3.694680e-01
483 6.299720e-01 4.240000e-04 3.696040e-01
484 6.299040e-01 4.120000e-04 3.696840e-01
485 6.298160e-01 4.200000e-04 3.697640e-01
486 6.297240e-01 4.520000e-04 3.698240e-01
487 6.296680e-01 3.960000e-04 3.699360e-01
488 6.295960e-01 3.840000e-04 3.700200e-01
489 6.295240e-01 3.600000e-04 3.701160e-01
490 6.294560e-01 3.840000e-04 3.701600e-01
491 6.294040e-01 3.680000e-04 3.702280e-01
492 6.293440e-01 3.680000e-04 3.702880e-01
493 6.292840e-01 3.560000e-04 3.703600e-01
494 6.292120e-01 3.760000e-04 3.704120e-01
495 6.291320e-01 3.840000e-04 3.704840e-01
496 6.290320e-01 4.120000e-04 3.705560e-01
497 6.289640e-01 4.120000e-04 3.706240e-01
498 6.289160e-01 4.160000e-04 3.706680e-01
499 6.288520e-01 3.960000e-04 3.707520e-01
500 6.287960e-01 3.960000e-04 3.708080e-01
