1 9.992840e-01 6.200000e-04 9.600000e-05
2 9.988640e-01 8.760000e-04 2.600000e-04
3 9.982600e-01 1.276000e-03 4.640000e-04
4 9.976480e-01 1.636000e-03 7.160000e-04
5 9.970680e-01 1.872000e-03 1.060000e-03
6 9.963120e-01 2.260000e-03 1.428000e-03
7 9.955680e-01 2.648000e-03 1.784000e-03
8 9.947440e-01 2.988000e-03 2.268000e-03
9 9.939880e-01 3.224000e-03 2.788000e-03
10 9.930360e-01 3.508000e-03 3.456000e-03
11 9.920760e-01 3.840000e-03 4.084000e-03
12 9.911480e-01 4.072000e-03 4.780000e-03
13 9.901080e-01 4.400000e-03 5.492000e-03
14 9.890400e-01 4.688000e-03 6.272000e-03
15 9.877920e-01 5.068000e-03 7.140000e-03
16 9.866400e-01 5.344000e-03 8.016000e-03
17 9.854080e-01 5.552000e-03 9.040000e-03
18 9.841680e-01 5.756000e-03 1.007600e-02
19 9.829440e-01 5.904000e-03 1.115200e-02
20 9.816200e-01 6.224000e-03 1.215600e-02
21 9.803480e-01 6.380000e-03 1.327200e-02
22 9.790720e-01 6.556000e-03 1.437200e-02
23 9.778760e-01 6.704000e-03 1.542000e-02
24 9.766320e-01 6.824000e-03 1.654400e-02
25 9.753920e-01 6.936000e-03 1.767200e-02
26 9.740600e-01 7.084000e-03 1.885600e-02
27 9.726280e-01 7.328000e-03 2.004400e-02
28 9.713840e-01 7.396000e-03 2.122000e-02
29 9.699120e-01 7.696000e-03 2.239200e-02
30 9.686360e-01 7.660000e-03 2.370400e-02
31 9.671320e-01 7.956000e-03 2.491200e-02
32 9.656600e-01 8.060000e-03 2.628000e-02
33 9.642240e-01 8.088000e-03 2.768800e-02
34 9.627400e-01 8.212000e-03 2.904800e-02
35 9.611400e-01 8.280000e-03 3.058000e-02
36 9.595800e-01 8.388000e-03 3.203200e-02
37 9.581320e-01 8.320000e-03 3.354800e-02
38 9.566120e-01 8.364000e-03 3.502400e-02
39 9.550880e-01 8.420000e-03 3.649200e-02
40 9.536040e-01 8.524000e-03 3.787200e-02
41 9.518640e-01 8.724000e-03 3.941200e-02
42 9.502160e-01 8.856000e-03 4.092800e-02
43 9.485040e-01 8.940000e-03 4.255600e-02
44 9.468440e-01 9.008000e-03 4.414800e-02
45 9.452240e-01 8.988000e-03 4.578800e-02
46 9.435160e-01 9.108000e-03 4.737600e-02
47 9.418560e-01 9.128000e-03 4.901600e-02
48 9.401760e-01 9.256000e-03 5.056800e-02
49 9.383720e-01 9.528000e-03 5.210000e-02
50 9.364640e-01 9.700000e-03 5.383600e-02
51 9.348120e-01 9.560000e-03 5.562800e-02
52 9.331120e-01 9.544000e-03 5.734400e-02
53 9.314840e-01 9.644000e-03 5.887200e-02
54 9.296960e-01 9.668000e-03 6.063600e-02
55 9.279480e-01 9.760000e-03 6.229200e-02
56 9.260360e-01 1.004000e-02 6.392400e-02
57 9.239520e-01 1.038800e-02 6.566000e-02
58 9.221440e-01 1.031200e-02 6.754400e-02
59 9.202920e-01 1.034400e-02 6.936400e-02
60 9.185080e-01 1.024000e-02 7.125200e-02
61 9.168400e-01 1.022000e-02 7.294000e-02
62 9.151800e-01 1.013600e-02 7.468400e-02
63 9.133720e-01 1.019600e-02 7.643200e-02
64 9.115920e-01 1.022400e-02 7.818400e-02
65 9.098360e-01 1.009600e-02 8.006800e-02
66 9.080720e-01 1.003200e-02 8.189600e-02
67 9.062440e-01 1.011200e-02 8.364400e-02
68 9.046280e-01 9.924000e-03 8.544800e-02
69 9.028400e-01 9.928000e-03 8.723200e-02
70 9.013000e-01 9.792000e-03 8.890800e-02
71 8.997320e-01 9.620000e-03 9.064800e-02
72 8.980120e-01 9.772000e-03 9.221600e-02
73 8.962560e-01 9.760000e-03 9.398400e-02
74 8.945760e-01 9.864000e-03 9.556000e-02
75 8.928760e-01 9.812000e-03 9.731200e-02
76 8.912120e-01 9.852000e-03 9.893600e-02
77 8.894040e-01 9.972000e-03 1.006240e-01
78 8.877240e-01 9.972000e-03 1.023040e-01
79 8.861600e-01 9.728000e-03 1.041120e-01
80 8.844360e-01 9.828000e-03 1.057360e-01
81 8.826000e-01 9.948000e-03 1.074520e-01
82 8.807200e-01 1.012000e-02 1.091600e-01
83 8.788480e-01 1.016000e-02 1.109920e-01
84 8.771120e-01 1.002800e-02 1.128600e-01
85 8.754280e-01 9.948000e-03 1.146240e-01
86 8.735840e-01 1.015200e-02 1.162640e-01
87 8.718560e-01 1.021600e-02 1.179280e-01
88 8.699600e-01 1.033600e-02 1.197040e-01
89 8.680680e-01 1.043200e-02 1.215000e-01
90 8.662640e-01 1.042400e-02 1.233120e-01
91 8.643440e-01 1.049200e-02 1.251640e-01
92 8.624640e-01 1.044800e-02 1.270880e-01
93 8.606560e-01 1.052400e-02 1.288200e-01
94 8.586840e-01 1.063600e-02 1.306800e-01
95 8.568360e-01 1.054400e-02 1.326200e-01
96 8.549280e-01 1.067600e-02 1.343960e-01
97 8.531160e-01 1.072400e-02 1.361600e-01
98 8.512600e-01 1.061600e-02 1.381240e-01
99 8.493760e-01 1.081200e-02 1.398120e-01
100 8.477080e-01 1.063600e-02 1.416560e-01
101 8.460280e-01 1.046400e-02 1.435080e-01
102 8.441640e-01 1.050800e-02 1.453280e-01
103 8.422920e-01 1.056000e-02 1.471480e-01
104 8.404200e-01 1.074800e-02 1.488320e-01
105 8.384440e-01 1.088800e-02 1.506680e-01
106 8.365240e-01 1.091200e-02 1.525640e-01
107 8.345400e-01 1.101200e-02 1.544480e-01
108 8.325000e-01 1.114800e-02 1.563520e-01
109 8.304920e-01 1.103200e-02 1.584760e-01
110 8.285000e-01 1.106800e-02 1.604320e-01
111 8.264440e-01 1.107600e-02 1.624800e-01
112 8.245280e-01 1.105200e-02 1.644200e-01
113 8.227080e-01 1.097600e-02 1.663160e-01
114 8.208280e-01 1.086000e-02 1.683120e-01
115 8.190680e-01 1.069200e-02 1.702400e-01
116 8.173160e-01 1.068800e-02 1.719960e-01
117 8.155600e-01 1.061600e-02 1.738240e-01
118 8.137960e-01 1.050400e-02 1.757000e-01
119 8.119880e-01 1.043200e-02 1.775800e-01
120 8.101560e-01 1.030800e-02 1.795360e-01
121 8.084080e-01 1.018400e-02 1.814080e-01
122 8.067120e-01 1.012000e-02 1.831680e-01
123 8.050360e-01 9.880000e-03 1.850840e-01
124 8.034160e-01 9.724000e-03 1.868600e-01
125 8.017960e-01 9.592000e-03 1.886120e-01
126 8.000840e-01 9.660000e-03 1.902560e-01
127 7.984400e-01 9.680000e-03 1.918800e-01
128 7.968080e-01 9.596000e-03 1.935960e-01
129 7.952240e-01 9.448000e-03 1.953280e-01
130 7.936880e-01 9.296000e-03 1.970160e-01
131 7.921160e-01 9.324000e-03 1.985600e-01
132 7.905960e-01 9.100000e-03 2.003040e-01
133 7.891320e-01 9.032000e-03 2.018360e-01
134 7.874960e-01 9.108000e-03 2.033960e-01
135 7.858520e-01 9.176000e-03 2.049720e-01
136 7.841480e-01 9.388000e-03 2.064640e-01
137 7.825400e-01 9.360000e-03 2.081000e-01
138 7.810120e-01 9.408000e-03 2.095800e-01
139 7.794000e-01 9.464000e-03 2.111360e-01
140 7.779880e-01 9.248000e-03 2.127640e-01
141 7.764360e-01 9.196000e-03 2.143680e-01
142 7.749560e-01 9.076000e-03 2.159680e-01
143 7.735040e-01 8.900000e-03 2.175960e-01
144 7.719720e-01 8.900000e-03 2.191280e-01
145 7.704880e-01 8.840000e-03 2.206720e-01
146 7.689760e-01 8.872000e-03 2.221520e-01
147 7.672320e-01 9.100000e-03 2.236680e-01
148 7.656480e-01 9.028000e-03 2.253240e-01
149 7.642320e-01 8.928000e-03 2.268400e-01
150 7.627280e-01 8.868000e-03 2.284040e-01
151 7.612720e-01 8.840000e-03 2.298880e-01
152 7.597800e-01 8.860000e-03 2.313600e-01
153 7.583000e-01 8.800000e-03 2.329000e-01
154 7.567680e-01 8.832000e-03 2.344000e-01
155 7.552440e-01 8.672000e-03 2.360840e-01
156 7.537360e-01 8.676000e-03 2.375880e-01
157 7.522600e-01 8.516000e-03 2.392240e-01
158 7.506640e-01 8.620000e-03 2.407160e-01
159 7.490920e-01 8.632000e-03 2.422760e-01
160 7.476960e-01 8.480000e-03 2.438240e-01
161 7.463360e-01 8.352000e-03 2.453120e-01
162 7.452120e-01 8.056000e-03 2.467320e-01
163 7.438880e-01 8.044000e-03 2.480680e-01
164 7.426080e-01 7.980000e-03 2.494120e-01
165 7.412440e-01 7.980000e-03 2.507760e-01
166 7.398000e-01 7.972000e-03 2.522280e-01
167 7.384160e-01 7.984000e-03 2.536000e-01
168 7.370080e-01 8.056000e-03 2.549360e-01
169 7.355080e-01 8.144000e-03 2.563480e-01
170 7.341960e-01 7.988000e-03 2.578160e-01
171 7.327520e-01 8.028000e-03 2.592200e-01
172 7.314120e-01 7.988000e-03 2.606000e-01
173 7.300360e-01 7.932000e-03 2.620320e-01
174 7.287040e-01 7.844000e-03 2.634520e-01
175 7.273080e-01 7.908000e-03 2.647840e-01
176 7.258680e-01 7.844000e-03 2.662880e-01
177 7.243640e-01 7.980000e-03 2.676560e-01
178 7.229800e-01 7.892000e-03 2.691280e-01
179 7.217040e-01 7.692000e-03 2.706040e-01
180 7.205080e-01 7.716000e-03 2.717760e-01
181 7.191160e-01 7.872000e-03 2.730120e-01
182 7.177320e-01 7.808000e-03 2.744600e-01
183 7.163480e-01 7.792000e-03 2.758600e-01
184 7.150400e-01 7.848000e-03 2.771120e-01
185 7.136880e-01 7.892000e-03 2.784200e-01
186 7.125320e-01 7.576000e-03 2.798920e-01
187 7.113640e-01 7.496000e-03 2.811400e-01
188 7.100520e-01 7.400000e-03 2.825480e-01
189 7.088040e-01 7.424000e-03 2.837720e-01
190 7.075600e-01 7.332000e-03 2.851080e-01
191 7.064280e-01 7.212000e-03 2.863600e-01
192 7.051440e-01 7.176000e-03 2.876800e-01
193 7.038040e-01 7.300000e-03 2.888960e-01
194 7.024200e-01 7.396000e-03 2.901840e-01
195 7.011880e-01 7.308000e-03 2.915040e-01
196 7.000040e-01 7.208000e-03 2.927880e-01
197 6.987920e-01 7.248000e-03 2.939600e-01
198 6.976560e-01 7.212000e-03 2.951320e-01
199 6.965400e-01 6.964000e-03 2.964960e-01
200 6.953520e-01 7.000000e-03 2.976480e-01
201 6.941520e-01 6.996000e-03 2.988520e-01
202 6.930720e-01 6.840000e-03 3.000880e-01
203 6.918480e-01 6.908000e-03 3.012440e-01
204 6.906240e-01 7.000000e-03 3.023760e-01
205 6.893560e-01 7.012000e-03 3.036320e-01
206 6.881880e-01 6.888000e-03 3.049240e-01
207 6.870600e-01 6.900000e-03 3.060400e-01
208 6.859280e-01 6.780000e-03 3.072920e-01
209 6.849160e-01 6.648000e-03 3.084360e-01
210 6.839600e-01 6.532000e-03 3.095080e-01
211 6.828600e-01 6.440000e-03 3.107000e-01
212 6.818680e-01 6.304000e-03 3.118280e-01
213 6.807480e-01 6.260000e-03 3.129920e-01
214 6.796480e-01 6.232000e-03 3.141200e-01
215 6.785480e-01 6.256000e-03 3.151960e-01
216 6.773800e-01 6.280000e-03 3.163400e-01
217 6.763360e-01 6.264000e-03 3.174000e-01
218 6.753440e-01 6.172000e-03 3.184840e-01
219 6.743880e-01 6.072000e-03 3.195400e-01
220 6.734480e-01 6.016000e-03 3.205360e-01
221 6.725000e-01 6.032000e-03 3.214680e-01
222 6.714240e-01 6.056000e-03 3.225200e-01
223 6.704000e-01 6.004000e-03 3.235960e-01
224 6.692920e-01 6.136000e-03 3.245720e-01
225 6.683160e-01 6.060000e-03 3.256240e-01
226 6.672720e-01 6.268000e-03 3.264600e-01
227 6.662160e-01 6.208000e-03 3.275760e-01
228 6.651640e-01 6.296000e-03 3.285400e-01
229 6.641120e-01 6.320000e-03 3.295680e-01
230 6.631920e-01 6.192000e-03 3.306160e-01
231 6.621680e-01 6.140000e-03 3.316920e-01
232 6.612600e-01 6.024000e-03 3.327160e-01
233 6.603200e-01 6.028000e-03 3.336520e-01
234 6.594280e-01 5.864000e-03 3.347080e-01
235 6.584920e-01 5.808000e-03 3.357000e-01
236 6.575760e-01 5.664000e-03 3.367600e-01
237 6.567200e-01 5.452000e-03 3.378280e-01
238 6.559920e-01 5.168000e-03 3.388400e-01
239 6.551680e-01 5.016000e-03 3.398160e-01
240 6.543040e-01 5.080000e-03 3.406160e-01
241 6.534840e-01 5.048000e-03 3.414680e-01
242 6.526040e-01 5.020000e-03 3.423760e-01
243 6.518120e-01 4.980000e-03 3.432080e-01
244 6.509560e-01 4.952000e-03 3.440920e-01
245 6.502200e-01 4.868000e-03 3.449120e-01
246 6.493920e-01 4.872000e-03 3.457360e-01
247 6.485960e-01 4.812000e-03 3.465920e-01
248 6.478240e-01 4.724000e-03 3.474520e-01
249 6.470040e-01 4.852000e-03 3.481440e-01
250 6.463040e-01 4.660000e-03 3.490360e-01
251 6.455400e-01 4.640000e-03 3.498200e-01
252 6.448080e-01 4.536000e-03 3.506560e-01
253 6.440800e-01 4.500000e-03 3.514200e-01
254 6.433120e-01 4.484000e-03 3.522040e-01
255 6.427160e-01 4.276000e-03 3.530080e-01
256 6.419880e-01 4.312000e-03 3.537000e-01
257 6.413040e-01 4.240000e-03 3.544560e-01
258 6.406240e-01 4.208000e-03 3.551680e-01
259 6.399640e-01 4.160000e-03 3.558760e-01
260 6.393240e-01 4.068000e-03 3.566080e-01
261 6.385880e-01 4.128000e-03 3.572840e-01
262 6.378760e-01 4.108000e-03 3.580160e-01
263 6.371360e-01 4.040000e-03 3.588240e-01
264 6.363200e-01 4.208000e-03 3.594720e-01
265 6.356120e-01 4.160000e-03 3.602280e-01
266 6.349120e-01 4.164000e-03 3.609240e-01
267 6.341600e-01 4.188000e-03 3.616520e-01
268 6.334920e-01 4.156000e-03 3.623520e-01
269 6.328840e-01 4.092000e-03 3.630240e-01
270 6.321000e-01 4.180000e-03 3.637200e-01
271 6.313560e-01 4.116000e-03 3.645280e-01
272 6.307400e-01 4.036000e-03 3.652240e-01
273 6.300600e-01 4.008000e-03 3.659320e-01
274 6.294640e-01 3.896000e-03 3.666400e-01
275 6.287640e-01 3.956000e-03 3.672800e-01
276 6.281960e-01 3.904000e-03 3.679000e-01
277 6.275600e-01 3.920000e-03 3.685200e-01
278 6.270120e-01 3.756000e-03 3.692320e-01
279 6.264920e-01 3.660000e-03 3.698480e-01
280 6.259960e-01 3.468000e-03 3.705360e-01
281 6.255440e-01 3.364000e-03 3.710920e-01
282 6.250280e-01 3.364000e-03 3.716080e-01
283 6.244640e-01 3.308000e-03 3.722280e-01
284 6.239640e-01 3.244000e-03 3.727920e-01
285 6.233360e-01 3.320000e-03 3.733440e-01
286 6.227160e-01 3.276000e-03 3.740080e-01
287 6.221720e-01 3.288000e-03 3.745400e-01
288 6.216800e-01 3.228000e-03 3.750920e-01
289 6.211600e-01 3.168000e-03 3.756720e-01
290 6.206920e-01 3.116000e-03 3.761920e-01
291 6.201680e-01 3.116000e-03 3.767160e-01
292 6.196040e-01 3.144000e-03 3.772520e-01
293 6.189960e-01 3.220000e-03 3.777840e-01
294 6.185000e-01 3.184000e-03 3.783160e-01
295 6.180240e-01 3.072000e-03 3.789040e-01
296 6.174800e-01 3.116000e-03 3.794040e-01
297 6.169800e-01 2.960000e-03 3.800600e-01
298 6.164840e-01 2.972000e-03 3.805440e-01
299 6.159960e-01 2.984000e-03 3.810200e-01
300 6.154920e-01 2.984000e-03 3.815240e-01
301 6.149720e-01 2.992000e-03 3.820360e-01
302 6.144640e-01 3.020000e-03 3.825160e-01
303 6.140480e-01 2.908000e-03 3.830440e-01
304 6.136200e-01 2.856000e-03 3.835240e-01
305 6.130880e-01 2.972000e-03 3.839400e-01
306 6.126160e-01 2.924000e-03 3.844600e-01
307 6.120880e-01 2.976000e-03 3.849360e-01
308 6.114760e-01 3.076000e-03 3.854480e-01
309 6.109320e-01 3.084000e-03 3.859840e-01
310 6.103440e-01 3.108000e-03 3.865480e-01
311 6.098360e-01 3.084000e-03 3.870800e-01
312 6.093760e-01 2.956000e-03 3.876680e-01
313 6.089120e-01 2.948000e-03 3.881400e-01
314 6.084080e-01 2.940000e-03 3.886520e-01
315 6.079360e-01 2.860000e-03 3.892040e-01
316 6.073760e-01 2.912000e-03 3.897120e-01
317 6.068600e-01 2.912000e-03 3.902280e-01
318 6.063600e-01 2.912000e-03 3.907280e-01
319 6.058160e-01 2.828000e-03 3.913560e-01
320 6.052520e-01 2.948000e-03 3.918000e-01
321 6.045920e-01 3.076000e-03 3.923320e-01
322 6.040720e-01 3.092000e-03 3.928360e-01
323 6.034800e-01 3.132000e-03 3.933880e-01
324 6.028360e-01 3.260000e-03 3.939040e-01
325 6.022200e-01 3.308000e-03 3.944720e-01
326 6.018000e-01 3.104000e-03 3.950960e-01
327 6.013240e-01 3.088000e-03 3.955880e-01
328 6.008840e-01 3.024000e-03 3.960920e-01
329 6.002920e-01 3.056000e-03 3.966520e-01
330 5.998480e-01 2.984000e-03 3.971680e-01
331 5.993080e-01 2.992000e-03 3.977000e-01
332 5.988040e-01 2.936000e-03 3.982600e-01
333 5.983000e-01 2.928000e-03 3.987720e-01
334 5.978880e-01 2.840000e-03 3.992720e-01
335 5.974760e-01 2.760000e-03 3.997640e-01
336 5.969920e-01 2.752000e-03 4.002560e-01
337 5.966000e-01 2.572000e-03 4.008280e-01
338 5.962200e-01 2.528000e-03 4.012520e-01
339 5.958000e-01 2.500000e-03 4.017000e-01
340 5.953920e-01 2.456000e-03 4.021520e-01
341 5.948840e-01 2.548000e-03 4.025680e-01
342 5.945280e-01 2.440000e-03 4.030320e-01
343 5.940920e-01 2.444000e-03 4.034640e-01
344 5.936160e-01 2.400000e-03 4.039840e-01
345 5.931120e-01 2.556000e-03 4.043320e-01
346 5.926640e-01 2.528000e-03 4.048080e-01
347 5.922120e-01 2.564000e-03 4.052240e-01
348 5.918000e-01 2.500000e-03 4.057000e-01
349 5.913520e-01 2.540000e-03 4.061080e-01
350 5.908920e-01 2.580000e-03 4.065280e-01
351 5.904920e-01 2.544000e-03 4.069640e-01
352 5.901200e-01 2.476000e-03 4.074040e-01
353 5.896800e-01 2.452000e-03 4.078680e-01
354 5.893240e-01 2.368000e-03 4.083080e-01
355 5.889880e-01 2.364000e-03 4.086480e-01
356 5.886760e-01 2.240000e-03 4.090840e-01
357 5.883120e-01 2.212000e-03 4.094760e-01
358 5.880000e-01 2.032000e-03 4.099680e-01
359 5.877400e-01 1.956000e-03 4.103040e-01
360 5.874480e-01 1.896000e-03 4.106560e-01
361 5.872120e-01 1.812000e-03 4.109760e-01
362 5.868640e-01 1.864000e-03 4.112720e-01
363 5.865160e-01 1.872000e-03 4.116120e-01
364 5.862240e-01 1.812000e-03 4.119640e-01
365 5.858480e-01 1.888000e-03 4.122640e-01
366 5.854640e-01 1.900000e-03 4.126360e-01
367 5.851320e-01 1.852000e-03 4.130160e-01
368 5.848200e-01 1.876000e-03 4.133040e-01
369 5.844080e-01 1.956000e-03 4.136360e-01
370 5.840840e-01 1.916000e-03 4.140000e-01
371 5.837280e-01 1.960000e-03 4.143120e-01
372 5.834120e-01 1.980000e-03 4.146080e-01
373 5.830640e-01 1.976000e-03 4.149600e-01
374 5.827280e-01 1.976000e-03 4.152960e-01
375 5.823560e-01 1.960000e-03 4.156840e-01
376 5.820320e-01 1.960000e-03 4.160080e-01
377 5.817400e-01 1.932000e-03 4.163280e-01
378 5.815120e-01 1.840000e-03 4.166480e-01
379 5.812560e-01 1.792000e-03 4.169520e-01
380 5.809880e-01 1.732000e-03 4.172800e-01
381 5.806840e-01 1.664000e-03 4.176520e-01
382 5.805040e-01 1.580000e-03 4.179160e-01
383 5.802520e-01 1.604000e-03 4.181440e-01
384 5.800120e-01 1.464000e-03 4.185240e-01
385 5.797960e-01 1.452000e-03 4.187520e-01
386 5.794640e-01 1.496000e-03 4.190400e-01
387 5.791760e-01 1.464000e-03 4.193600e-01
388 5.789720e-01 1.428000e-03 4.196000e-01
389 5.787280e-01 1.444000e-03 4.198280e-01
390 5.784560e-01 1.512000e-03 4.200320e-01
391 5.782200e-01 1.492000e-03 4.202880e-01
392 5.779840e-01 1.476000e-03 4.205400e-01
393 5.776920e-01 1.528000e-03 4.207800e-01
394 5.774120e-01 1.484000e-03 4.211040e-01
395 5.771120e-01 1.512000e-03 4.213760e-01
396 5.769000e-01 1.460000e-03 4.216400e-01
397 5.766960e-01 1.432000e-03 4.218720e-01
398 5.765240e-01 1.380000e-03 4.220960e-01
399 5.762720e-01 1.320000e-03 4.224080e-01
400 5.760520e-01 1.300000e-03 4.226480e-01
401 5.758640e-01 1.272000e-03 4.228640e-01
402 5.756120e-01 1.316000e-03 4.230720e-01
403 5.753760e-01 1.364000e-03 4.232600e-01
404 5.751600e-01 1.320000e-03 4.235200e-01
405 5.749240e-01 1.348000e-03 4.237280e-01
406 5.746720e-01 1.376000e-03 4.239520e-01
407 5.744400e-01 1.360000e-03 4.242000e-01
408 5.741840e-01 1.356000e-03 4.244600e-01
409 5.739600e-01 1.368000e-03 4.246720e-01
410 5.737280e-01 1.332000e-03 4.249400e-01
411 5.735600e-01 1.352000e-03 4.250880e-01
412 5.732560e-01 1.432000e-03 4.253120e-01
413 5.729920e-01 1.412000e-03 4.255960e-01
414 5.727800e-01 1.344000e-03 4.258760e-01
415 5.725800e-01 1.308000e-03 4.261120e-01
416 5.723840e-01 1.252000e-03 4.263640e-01
417 5.722400e-01 1.156000e-03 4.266040e-01
418 5.721080e-01 1.092000e-03 4.268000e-01
419 5.719240e-01 1.096000e-03 4.269800e-01
420 5.717600e-01 1.052000e-03 4.271880e-01
421 5.715920e-01 9.960000e-04 4.274120e-01
422 5.714480e-01 9.680000e-04 4.275840e-01
423 5.713280e-01 9.320000e-04 4.277400e-01
424 5.711560e-01 9.400000e-04 4.279040e-01
425 5.709840e-01 9.160000e-04 4.281000e-01
426 5.708280e-01 8.680000e-04 4.283040e-01
427 5.706800e-01 8.560000e-04 4.284640e-01
428 5.705280e-01 8.640000e-04 4.286080e-01
429 5.704120e-01 8.200000e-04 4.287680e-01
430 5.702800e-01 8.280000e-04 4.288920e-01
431 5.701360e-01 8.560000e-04 4.290080e-01
432 5.700080e-01 8.520000e-04 4.291400e-01
433 5.698920e-01 8.400000e-04 4.292680e-01
434 5.697480e-01 8.200000e-04 4.294320e-01
435 5.695560e-01 8.520000e-04 4.295920e-01
436 5.693800e-01 9.480000e-04 4.296720e-01
437 5.692440e-01 9.280000e-04 4.298280e-01
438 5.691200e-01 8.720000e-04 4.300080e-01
439 5.690200e-01 8.360000e-04 4.301440e-01
440 5.688880e-01 8.440000e-04 4.302680e-01
441 5.687920e-01 8.320000e-04 4.303760e-01
442 5.686240e-01 8.360000e-04 4.305400e-01
443 5.685280e-01 8.120000e-04 4.306600e-01
444 5.683800e-01 7.960000e-04 4.308240e-01
445 5.682640e-01 7.680000e-04 4.309680e-01
446 5.681240e-01 7.720000e-04 4.311040e-01
447 5.679960e-01 7.840000e-04 4.312200e-01
448 5.678680e-01 7.960000e-04 4.313360e-01
449 5.677760e-01 7.080000e-04 4.315160e-01
450 5.676800e-01 6.720000e-04 4.316480e-01
451 5.675560e-01 7.040000e-04 4.317400e-01
452 5.674840e-01 6.360000e-04 4.318800e-01
453 5.673720e-01 6.240000e-04 4.320040e-01
454 5.672760e-01 6.000000e-04 4.321240e-01
455 5.671920e-01 5.560000e-04 4.322520e-01
456 5.670720e-01 6.000000e-04 4.323280e-01
457 5.669920e-01 5.480000e-04 4.324600e-01
458 5.669000e-01 5.440000e-04 4.325560e-01
459 5.668320e-01 5.400000e-04 4.326280e-01
460 5.667240e-01 5.680000e-04 4.327080e-01
461 5.666680e-01 5.160000e-04 4.328160e-01
462 5.665960e-01 5.120000e-04 4.328920e-01
463 5.665480e-01 5.040000e-04 4.329480e-01
464 5.665040e-01 4.800000e-04 4.330160e-01
465 5.664400e-01 4.520000e-04 4.331080e-01
466 5.663960e-01 4.000000e-04 4.332040e-01
467 5.663000e-01 4.240000e-04 4.332760e-01
468 5.662240e-01 4.200000e-04 4.333560e-01
469 5.661760e-01 4.040000e-04 4.334200e-01
470 5.661240e-01 3.800000e-04 4.334960e-01
471 5.660800e-01 3.680000e-04 4.335520e-01
472 5.660200e-01 3.880000e-04 4.335920e-01
473 5.659400e-01 3.840000e-04 4.336760e-01
474 5.658160e-01 4.280000e-04 4.337560e-01
475 5.657080e-01 4.720000e-04 4.338200e-01
476 5.656240e-01 4.880000e-04 4.338880e-01
477 5.655560e-01 4.520000e-04 4.339920e-01
478 5.655040e-01 4.080000e-04 4.340880e-01
479 5.654680e-01 3.560000e-04 4.341760e-01
480 5.654000e-01 3.720000e-04 4.342280e-01
481 5.653640e-01 3.640000e-04 4.342720e-01
482 5.653240e-01 3.240000e-04 4.343520e-01
483 5.652800e-01 3.160000e-04 4.344040e-01
484 5.652320e-01 3.280000e-04 4.344400e-01
485 5.651840e-01 3.280000e-04 4.344880e-01
486 5.651000e-01 3.480000e-04 4.345520e-01
487 5.650440e-01 3.360000e-04 4.346200e-01
488 5.650000e-01 3.440000e-04 4.346560e-01
489 5.649480e-01 3.400000e-04 4.347120e-01
490 5.649080e-01 3.200000e-04 4.347720e-01
491 5.648560e-01 3.080000e-04 4.348360e-01
492 5.648040e-01 2.920000e-04 4.349040e-01
493 5.647480e-01 3.000000e-04 4.349520e-01
494 5.646640e-01 3.280000e-04 4.350080e-01
495 5.646000e-01 3.280000e-04 4.350720e-01
496 5.645520e-01 3.040000e-04 4.351440e-01
497 5.645120e-01 3.000000e-04 4.351880e-01
498 5.644880e-01 2.640000e-04 4.352480e-01
499 5.644320e-01 2.600000e-04 4.353080e-01
500 5.643720e-01 2.800000e-04 4.353480e-01
