1 9.991880e-01 7.480000e-04 6.400000e-05
2 9.986520e-01 1.140000e-03 2.080000e-04
3 9.978680e-01 1.732000e-03 4.000000e-04
4 9.969840e-01 2.284000e-03 7.320000e-04
5 9.959840e-01 2.856000e-03 1.160000e-03
6 9.949160e-01 3.404000e-03 1.680000e-03
7 9.937320e-01 4.012000e-03 2.256000e-03
8 9.926080e-01 4.364000e-03 3.028000e-03
9 9.914640e-01 4.756000e-03 3.780000e-03
10 9.901360e-01 5.172000e-03 4.692000e-03
11 9.889400e-01 5.488000e-03 5.572000e-03
12 9.876160e-01 5.820000e-03 6.564000e-03
13 9.864240e-01 5.996000e-03 7.580000e-03
14 9.851280e-01 6.204000e-03 8.668000e-03
15 9.838280e-01 6.460000e-03 9.712000e-03
16 9.824240e-01 6.724000e-03 1.085200e-02
17 9.810440e-01 6.924000e-03 1.203200e-02
18 9.797120e-01 6.972000e-03 1.331600e-02
19 9.782320e-01 7.292000e-03 1.447600e-02
20 9.769160e-01 7.384000e-03 1.570000e-02
21 9.754520e-01 7.528000e-03 1.702000e-02
22 9.740200e-01 7.636000e-03 1.834400e-02
23 9.725080e-01 7.816000e-03 1.967600e-02
24 9.710360e-01 8.000000e-03 2.096400e-02
25 9.694520e-01 8.064000e-03 2.248400e-02
26 9.678000e-01 8.172000e-03 2.402800e-02
27 9.663120e-01 8.232000e-03 2.545600e-02
28 9.647840e-01 8.336000e-03 2.688000e-02
29 9.631200e-01 8.528000e-03 2.835200e-02
30 9.615360e-01 8.648000e-03 2.981600e-02
31 9.597440e-01 8.880000e-03 3.137600e-02
32 9.582520e-01 8.868000e-03 3.288000e-02
33 9.566520e-01 8.864000e-03 3.448400e-02
34 9.550960e-01 8.832000e-03 3.607200e-02
35 9.534240e-01 9.072000e-03 3.750400e-02
36 9.517920e-01 9.124000e-03 3.908400e-02
37 9.502080e-01 9.224000e-03 4.056800e-02
38 9.487280e-01 9.036000e-03 4.223600e-02
39 9.469880e-01 9.184000e-03 4.382800e-02
40 9.453200e-01 9.356000e-03 4.532400e-02
41 9.436720e-01 9.348000e-03 4.698000e-02
42 9.419800e-01 9.320000e-03 4.870000e-02
43 9.402880e-01 9.220000e-03 5.049200e-02
44 9.386280e-01 9.348000e-03 5.202400e-02
45 9.368840e-01 9.416000e-03 5.370000e-02
46 9.351600e-01 9.388000e-03 5.545200e-02
47 9.334840e-01 9.536000e-03 5.698000e-02
48 9.318160e-01 9.508000e-03 5.867600e-02
49 9.300840e-01 9.632000e-03 6.028400e-02
50 9.284160e-01 9.592000e-03 6.199200e-02
51 9.266440e-01 9.632000e-03 6.372400e-02
52 9.249400e-01 9.772000e-03 6.528800e-02
53 9.231920e-01 9.680000e-03 6.712800e-02
54 9.214400e-01 9.728000e-03 6.883200e-02
55 9.197760e-01 9.668000e-03 7.055600e-02
56 9.179960e-01 9.656000e-03 7.234800e-02
57 9.162240e-01 9.860000e-03 7.391600e-02
58 9.145600e-01 9.772000e-03 7.566800e-02
59 9.127920e-01 9.816000e-03 7.739200e-02
60 9.110680e-01 9.788000e-03 7.914400e-02
61 9.091400e-01 9.992000e-03 8.086800e-02
62 9.073560e-01 1.016400e-02 8.248000e-02
63 9.053120e-01 1.038400e-02 8.430400e-02
64 9.033440e-01 1.052800e-02 8.612800e-02
65 9.014160e-01 1.056800e-02 8.801600e-02
66 8.993920e-01 1.060000e-02 9.000800e-02
67 8.974280e-01 1.078800e-02 9.178400e-02
68 8.953240e-01 1.089200e-02 9.378400e-02
69 8.933320e-01 1.094000e-02 9.572800e-02
70 8.914360e-01 1.091600e-02 9.764800e-02
71 8.892960e-01 1.105200e-02 9.965200e-02
72 8.874280e-01 1.092000e-02 1.016520e-01
73 8.854280e-01 1.107200e-02 1.035000e-01
74 8.835200e-01 1.108000e-02 1.054000e-01
75 8.813480e-01 1.128800e-02 1.073640e-01
76 8.793120e-01 1.112400e-02 1.095640e-01
77 8.773200e-01 1.099200e-02 1.116880e-01
78 8.752400e-01 1.130800e-02 1.134520e-01
79 8.732040e-01 1.152400e-02 1.152720e-01
80 8.711240e-01 1.162400e-02 1.172520e-01
81 8.688600e-01 1.196000e-02 1.191800e-01
82 8.668880e-01 1.187600e-02 1.212360e-01
83 8.649920e-01 1.181600e-02 1.231920e-01
84 8.629200e-01 1.171600e-02 1.253640e-01
85 8.610520e-01 1.154800e-02 1.274000e-01
86 8.591400e-01 1.136400e-02 1.294960e-01
87 8.573400e-01 1.123200e-02 1.314280e-01
88 8.555200e-01 1.095200e-02 1.335280e-01
89 8.536160e-01 1.084000e-02 1.355440e-01
90 8.518080e-01 1.072800e-02 1.374640e-01
91 8.500160e-01 1.070000e-02 1.392840e-01
92 8.479240e-01 1.092000e-02 1.411560e-01
93 8.459720e-01 1.094800e-02 1.430800e-01
94 8.439600e-01 1.092800e-02 1.451120e-01
95 8.419400e-01 1.116800e-02 1.468920e-01
96 8.399360e-01 1.110400e-02 1.489600e-01
97 8.381920e-01 1.095600e-02 1.508520e-01
98 8.361600e-01 1.103600e-02 1.528040e-01
99 8.340320e-01 1.134400e-02 1.546240e-01
100 8.320680e-01 1.131600e-02 1.566160e-01
101 8.302040e-01 1.124800e-02 1.585480e-01
102 8.284160e-01 1.101200e-02 1.605720e-01
103 8.265840e-01 1.086800e-02 1.625480e-01
104 8.247520e-01 1.057600e-02 1.646720e-01
105 8.227200e-01 1.070800e-02 1.665720e-01
106 8.208240e-01 1.083600e-02 1.683400e-01
107 8.189160e-01 1.089600e-02 1.701880e-01
108 8.169720e-01 1.095200e-02 1.720760e-01
109 8.152760e-01 1.070400e-02 1.740200e-01
110 8.133720e-01 1.056000e-02 1.760680e-01
111 8.116080e-01 1.050800e-02 1.778840e-01
112 8.099080e-01 1.034400e-02 1.797480e-01
113 8.083000e-01 1.001200e-02 1.816880e-01
114 8.065640e-01 1.006400e-02 1.833720e-01
115 8.048920e-01 1.000800e-02 1.851000e-01
116 8.031280e-01 1.000000e-02 1.868720e-01
117 8.014960e-01 1.002800e-02 1.884760e-01
118 7.998240e-01 1.009600e-02 1.900800e-01
119 7.982720e-01 9.940000e-03 1.917880e-01
120 7.966080e-01 9.932000e-03 1.934600e-01
121 7.948560e-01 9.992000e-03 1.951520e-01
122 7.932040e-01 9.988000e-03 1.968080e-01
123 7.914080e-01 1.009600e-02 1.984960e-01
124 7.898000e-01 1.005600e-02 2.001440e-01
125 7.881160e-01 9.960000e-03 2.019240e-01
126 7.864960e-01 9.848000e-03 2.036560e-01
127 7.849800e-01 9.700000e-03 2.053200e-01
128 7.833000e-01 9.664000e-03 2.070360e-01
129 7.816840e-01 9.672000e-03 2.086440e-01
130 7.801760e-01 9.572000e-03 2.102520e-01
131 7.786760e-01 9.468000e-03 2.118560e-01
132 7.770920e-01 9.524000e-03 2.133840e-01
133 7.755800e-01 9.476000e-03 2.149440e-01
134 7.740480e-01 9.220000e-03 2.167320e-01
135 7.724080e-01 9.196000e-03 2.183960e-01
136 7.708280e-01 9.124000e-03 2.200480e-01
137 7.694000e-01 9.032000e-03 2.215680e-01
138 7.679280e-01 9.060000e-03 2.230120e-01
139 7.665640e-01 8.864000e-03 2.245720e-01
140 7.650520e-01 8.796000e-03 2.261520e-01
141 7.637080e-01 8.684000e-03 2.276080e-01
142 7.624960e-01 8.496000e-03 2.290080e-01
143 7.612400e-01 8.216000e-03 2.305440e-01
144 7.600240e-01 8.036000e-03 2.319400e-01
145 7.586960e-01 8.008000e-03 2.332960e-01
146 7.574240e-01 7.704000e-03 2.348720e-01
147 7.561640e-01 7.616000e-03 2.362200e-01
148 7.550000e-01 7.564000e-03 2.374360e-01
149 7.538320e-01 7.420000e-03 2.387480e-01
150 7.527400e-01 7.212000e-03 2.400480e-01
151 7.515720e-01 7.176000e-03 2.412520e-01
152 7.505040e-01 7.028000e-03 2.424680e-01
153 7.494840e-01 6.864000e-03 2.436520e-01
154 7.484120e-01 6.764000e-03 2.448240e-01
155 7.472560e-01 6.744000e-03 2.460000e-01
156 7.461480e-01 6.688000e-03 2.471640e-01
157 7.450000e-01 6.632000e-03 2.483680e-01
158 7.439640e-01 6.556000e-03 2.494800e-01
159 7.427360e-01 6.684000e-03 2.505800e-01
160 7.415680e-01 6.588000e-03 2.518440e-01
161 7.405520e-01 6.396000e-03 2.530520e-01
162 7.395040e-01 6.304000e-03 2.541920e-01
163 7.384960e-01 6.232000e-03 2.552720e-01
164 7.374440e-01 6.320000e-03 2.562360e-01
165 7.364120e-01 6.200000e-03 2.573880e-01
166 7.354440e-01 6.068000e-03 2.584880e-01
167 7.345240e-01 5.856000e-03 2.596200e-01
168 7.335160e-01 5.904000e-03 2.605800e-01
169 7.325400e-01 5.840000e-03 2.616200e-01
170 7.315360e-01 5.796000e-03 2.626680e-01
171 7.305600e-01 5.692000e-03 2.637480e-01
172 7.296160e-01 5.616000e-03 2.647680e-01
173 7.286880e-01 5.492000e-03 2.658200e-01
174 7.278480e-01 5.400000e-03 2.667520e-01
175 7.269160e-01 5.344000e-03 2.677400e-01
176 7.259240e-01 5.416000e-03 2.686600e-01
177 7.250000e-01 5.432000e-03 2.695680e-01
178 7.240320e-01 5.424000e-03 2.705440e-01
179 7.230080e-01 5.668000e-03 2.713240e-01
180 7.219040e-01 5.824000e-03 2.722720e-01
181 7.208080e-01 5.804000e-03 2.733880e-01
182 7.196680e-01 5.936000e-03 2.743960e-01
183 7.185800e-01 5.960000e-03 2.754600e-01
184 7.175280e-01 5.952000e-03 2.765200e-01
185 7.165920e-01 5.816000e-03 2.775920e-01
186 7.158840e-01 5.548000e-03 2.785680e-01
187 7.150440e-01 5.452000e-03 2.795040e-01
188 7.142160e-01 5.404000e-03 2.803800e-01
189 7.133840e-01 5.336000e-03 2.812800e-01
190 7.125160e-01 5.208000e-03 2.822760e-01
191 7.114640e-01 5.360000e-03 2.831760e-01
192 7.106520e-01 5.188000e-03 2.841600e-01
193 7.097160e-01 5.180000e-03 2.851040e-01
194 7.089240e-01 5.048000e-03 2.860280e-01
195 7.082440e-01 4.868000e-03 2.868880e-01
196 7.075480e-01 4.688000e-03 2.877640e-01
197 7.067480e-01 4.608000e-03 2.886440e-01
198 7.059480e-01 4.568000e-03 2.894840e-01
199 7.051760e-01 4.600000e-03 2.902240e-01
200 7.044640e-01 4.548000e-03 2.909880e-01
201 7.036880e-01 4.616000e-03 2.916960e-01
202 7.029800e-01 4.492000e-03 2.925280e-01
203 7.022800e-01 4.360000e-03 2.933600e-01
204 7.014840e-01 4.344000e-03 2.941720e-01
205 7.007680e-01 4.288000e-03 2.949440e-01
206 7.000480e-01 4.216000e-03 2.957360e-01
207 6.993280e-01 4.280000e-03 2.963920e-01
208 6.987040e-01 4.168000e-03 2.971280e-01
209 6.979800e-01 4.160000e-03 2.978600e-01
210 6.973200e-01 4.136000e-03 2.985440e-01
211 6.965840e-01 4.120000e-03 2.992960e-01
212 6.958400e-01 4.172000e-03 2.999880e-01
213 6.951800e-01 4.020000e-03 3.008000e-01
214 6.944920e-01 4.060000e-03 3.014480e-01
215 6.939000e-01 4.028000e-03 3.020720e-01
216 6.932600e-01 4.000000e-03 3.027400e-01
217 6.926160e-01 3.852000e-03 3.035320e-01
218 6.919640e-01 3.912000e-03 3.041240e-01
219 6.914080e-01 3.788000e-03 3.048040e-01
220 6.907120e-01 3.912000e-03 3.053760e-01
221 6.901520e-01 3.736000e-03 3.061120e-01
222 6.895400e-01 3.684000e-03 3.067760e-01
223 6.889960e-01 3.540000e-03 3.074640e-01
224 6.883560e-01 3.600000e-03 3.080440e-01
225 6.877600e-01 3.600000e-03 3.086400e-01
226 6.871200e-01 3.600000e-03 3.092800e-01
227 6.864760e-01 3.576000e-03 3.099480e-01
228 6.859080e-01 3.508000e-03 3.105840e-01
229 6.854200e-01 3.340000e-03 3.112400e-01
230 6.848360e-01 3.356000e-03 3.118080e-01
231 6.843000e-01 3.332000e-03 3.123680e-01
232 6.837800e-01 3.296000e-03 3.129240e-01
233 6.832880e-01 3.192000e-03 3.135200e-01
234 6.826800e-01 3.300000e-03 3.140200e-01
235 6.820400e-01 3.364000e-03 3.145960e-01
236 6.814880e-01 3.296000e-03 3.152160e-01
237 6.808480e-01 3.424000e-03 3.157280e-01
238 6.801840e-01 3.424000e-03 3.163920e-01
239 6.795520e-01 3.456000e-03 3.169920e-01
240 6.789360e-01 3.448000e-03 3.176160e-01
241 6.783840e-01 3.348000e-03 3.182680e-01
242 6.777760e-01 3.380000e-03 3.188440e-01
243 6.771320e-01 3.420000e-03 3.194480e-01
244 6.764600e-01 3.448000e-03 3.200920e-01
245 6.758200e-01 3.520000e-03 3.206600e-01
246 6.751080e-01 3.564000e-03 3.213280e-01
247 6.744920e-01 3.500000e-03 3.220080e-01
248 6.739640e-01 3.400000e-03 3.226360e-01
249 6.733240e-01 3.384000e-03 3.232920e-01
250 6.727320e-01 3.312000e-03 3.239560e-01
251 6.720880e-01 3.388000e-03 3.245240e-01
252 6.714720e-01 3.408000e-03 3.251200e-01
253 6.709520e-01 3.288000e-03 3.257600e-01
254 6.703720e-01 3.256000e-03 3.263720e-01
255 6.697760e-01 3.256000e-03 3.269680e-01
256 6.691800e-01 3.228000e-03 3.275920e-01
257 6.686160e-01 3.132000e-03 3.282520e-01
258 6.679760e-01 3.232000e-03 3.287920e-01
259 6.673840e-01 3.236000e-03 3.293800e-01
260 6.669120e-01 3.120000e-03 3.299680e-01
261 6.663280e-01 3.160000e-03 3.305120e-01
262 6.658120e-01 3.100000e-03 3.310880e-01
263 6.652800e-01 3.104000e-03 3.316160e-01
264 6.647720e-01 3.076000e-03 3.321520e-01
265 6.642200e-01 3.128000e-03 3.326520e-01
266 6.636440e-01 3.136000e-03 3.332200e-01
267 6.631080e-01 3.196000e-03 3.336960e-01
268 6.626600e-01 3.064000e-03 3.342760e-01
269 6.622000e-01 3.056000e-03 3.347440e-01
270 6.617440e-01 3.000000e-03 3.352560e-01
271 6.611240e-01 3.108000e-03 3.357680e-01
272 6.605800e-01 3.072000e-03 3.363480e-01
273 6.600000e-01 3.088000e-03 3.369120e-01
274 6.594280e-01 3.128000e-03 3.374440e-01
275 6.588280e-01 3.176000e-03 3.379960e-01
276 6.582520e-01 3.196000e-03 3.385520e-01
277 6.576000e-01 3.236000e-03 3.391640e-01
278 6.568840e-01 3.380000e-03 3.397360e-01
279 6.561880e-01 3.476000e-03 3.403360e-01
280 6.555760e-01 3.500000e-03 3.409240e-01
281 6.549720e-01 3.548000e-03 3.414800e-01
282 6.543600e-01 3.476000e-03 3.421640e-01
283 6.537320e-01 3.448000e-03 3.428200e-01
284 6.531240e-01 3.344000e-03 3.435320e-01
285 6.526040e-01 3.256000e-03 3.441400e-01
286 6.519560e-01 3.376000e-03 3.446680e-01
287 6.514000e-01 3.368000e-03 3.452320e-01
288 6.509280e-01 3.308000e-03 3.457640e-01
289 6.503480e-01 3.360000e-03 3.462920e-01
290 6.498800e-01 3.276000e-03 3.468440e-01
291 6.493240e-01 3.244000e-03 3.474320e-01
292 6.487440e-01 3.296000e-03 3.479600e-01
293 6.482360e-01 3.216000e-03 3.485480e-01
294 6.477040e-01 3.160000e-03 3.491360e-01
295 6.472680e-01 3.044000e-03 3.496880e-01
296 6.467640e-01 3.028000e-03 3.502080e-01
297 6.463480e-01 2.960000e-03 3.506920e-01
298 6.458640e-01 2.912000e-03 3.512240e-01
299 6.454000e-01 2.868000e-03 3.517320e-01
300 6.449480e-01 2.856000e-03 3.521960e-01
301 6.444560e-01 2.924000e-03 3.526200e-01
302 6.439720e-01 2.940000e-03 3.530880e-01
303 6.434400e-01 2.972000e-03 3.535880e-01
304 6.427920e-01 3.088000e-03 3.541200e-01
305 6.422560e-01 3.048000e-03 3.546960e-01
306 6.417120e-01 3.104000e-03 3.551840e-01
307 6.412320e-01 3.000000e-03 3.557680e-01
308 6.408000e-01 2.936000e-03 3.562640e-01
309 6.403320e-01 2.812000e-03 3.568560e-01
310 6.398720e-01 2.804000e-03 3.573240e-01
311 6.394160e-01 2.748000e-03 3.578360e-01
312 6.389360e-01 2.724000e-03 3.583400e-01
313 6.384600e-01 2.716000e-03 3.588240e-01
314 6.380360e-01 2.660000e-03 3.593040e-01
315 6.375920e-01 2.640000e-03 3.597680e-01
316 6.371160e-01 2.672000e-03 3.602120e-01
317 6.366960e-01 2.620000e-03 3.606840e-01
318 6.363320e-01 2.540000e-03 3.611280e-01
319 6.359520e-01 2.444000e-03 3.616040e-01
320 6.355520e-01 2.380000e-03 3.620680e-01
321 6.351200e-01 2.404000e-03 3.624760e-01
322 6.346920e-01 2.364000e-03 3.629440e-01
323 6.343000e-01 2.324000e-03 3.633760e-01
324 6.338440e-01 2.332000e-03 3.638240e-01
325 6.335280e-01 2.204000e-03 3.642680e-01
326 6.330680e-01 2.288000e-03 3.646440e-01
327 6.327320e-01 2.192000e-03 3.650760e-01
328 6.323640e-01 2.116000e-03 3.655200e-01
329 6.320160e-01 2.120000e-03 3.658640e-01
330 6.316360e-01 2.160000e-03 3.662040e-01
331 6.312280e-01 2.208000e-03 3.665640e-01
332 6.308640e-01 2.132000e-03 3.670040e-01
333 6.305000e-01 2.152000e-03 3.673480e-01
334 6.301840e-01 2.016000e-03 3.678000e-01
335 6.298720e-01 2.036000e-03 3.680920e-01
336 6.295000e-01 2.020000e-03 3.684800e-01
337 6.291480e-01 2.000000e-03 3.688520e-01
338 6.287920e-01 2.032000e-03 3.691760e-01
339 6.284560e-01 1.992000e-03 3.695520e-01
340 6.281840e-01 1.936000e-03 3.698800e-01
341 6.278280e-01 1.920000e-03 3.702520e-01
342 6.274640e-01 1.936000e-03 3.706000e-01
343 6.271040e-01 2.036000e-03 3.708600e-01
344 6.266840e-01 2.064000e-03 3.712520e-01
345 6.264400e-01 1.972000e-03 3.715880e-01
346 6.261320e-01 1.936000e-03 3.719320e-01
347 6.258240e-01 1.884000e-03 3.722920e-01
348 6.254840e-01 1.948000e-03 3.725680e-01
349 6.251520e-01 2.004000e-03 3.728440e-01
350 6.248360e-01 1.964000e-03 3.732000e-01
351 6.245000e-01 1.940000e-03 3.735600e-01
352 6.241880e-01 1.920000e-03 3.738920e-01
353 6.239120e-01 1.896000e-03 3.741920e-01
354 6.235960e-01 1.880000e-03 3.745240e-01
355 6.233480e-01 1.776000e-03 3.748760e-01
356 6.231200e-01 1.720000e-03 3.751600e-01
357 6.228720e-01 1.676000e-03 3.754520e-01
358 6.226160e-01 1.612000e-03 3.757720e-01
359 6.223960e-01 1.568000e-03 3.760360e-01
360 6.221400e-01 1.532000e-03 3.763280e-01
361 6.219280e-01 1.464000e-03 3.766080e-01
362 6.217240e-01 1.400000e-03 3.768760e-01
363 6.214960e-01 1.324000e-03 3.771800e-01
364 6.212440e-01 1.340000e-03 3.774160e-01
365 6.210000e-01 1.324000e-03 3.776760e-01
366 6.207480e-01 1.324000e-03 3.779280e-01
367 6.204480e-01 1.360000e-03 3.781920e-01
368 6.202160e-01 1.372000e-03 3.784120e-01
369 6.199720e-01 1.364000e-03 3.786640e-01
370 6.197080e-01 1.392000e-03 3.789000e-01
371 6.194400e-01 1.448000e-03 3.791120e-01
372 6.192200e-01 1.420000e-03 3.793600e-01
373 6.189520e-01 1.432000e-03 3.796160e-01
374 6.186920e-01 1.432000e-03 3.798760e-01
375 6.184400e-01 1.428000e-03 3.801320e-01
376 6.182080e-01 1.460000e-03 3.803320e-01
377 6.178600e-01 1.568000e-03 3.805720e-01
378 6.176000e-01 1.484000e-03 3.809160e-01
379 6.173680e-01 1.420000e-03 3.812120e-01
380 6.171240e-01 1.452000e-03 3.814240e-01
381 6.169040e-01 1.428000e-03 3.816680e-01
382 6.166960e-01 1.392000e-03 3.819120e-01
383 6.164360e-01 1.440000e-03 3.821240e-01
384 6.161960e-01 1.384000e-03 3.824200e-01
385 6.159800e-01 1.348000e-03 3.826720e-01
386 6.158360e-01 1.268000e-03 3.828960e-01
387 6.156320e-01 1.260000e-03 3.831080e-01
388 6.154400e-01 1.248000e-03 3.833120e-01
389 6.152040e-01 1.264000e-03 3.835320e-01
390 6.149520e-01 1.296000e-03 3.837520e-01
391 6.146720e-01 1.344000e-03 3.839840e-01
392 6.144280e-01 1.368000e-03 3.842040e-01
393 6.142400e-01 1.332000e-03 3.844280e-01
394 6.139600e-01 1.368000e-03 3.846720e-01
395 6.137200e-01 1.364000e-03 3.849160e-01
396 6.135680e-01 1.216000e-03 3.852160e-01
397 6.134000e-01 1.176000e-03 3.854240e-01
398 6.132080e-01 1.168000e-03 3.856240e-01
399 6.129600e-01 1.220000e-03 3.858200e-01
400 6.127840e-01 1.160000e-03 3.860560e-01
401 6.125960e-01 1.132000e-03 3.862720e-01
402 6.123880e-01 1.108000e-03 3.865040e-01
403 6.121720e-01 1.172000e-03 3.866560e-01
404 6.119640e-01 1.172000e-03 3.868640e-01
405 6.117080e-01 1.228000e-03 3.870640e-01
406 6.115160e-01 1.224000e-03 3.872600e-01
407 6.113200e-01 1.252000e-03 3.874280e-01
408 6.111080e-01 1.216000e-03 3.876760e-01
409 6.109200e-01 1.232000e-03 3.878480e-01
410 6.106600e-01 1.272000e-03 3.880680e-01
411 6.104040e-01 1.296000e-03 3.883000e-01
412 6.102280e-01 1.248000e-03 3.885240e-01
413 6.100280e-01 1.188000e-03 3.887840e-01
414 6.098240e-01 1.164000e-03 3.890120e-01
415 6.095800e-01 1.200000e-03 3.892200e-01
416 6.094120e-01 1.152000e-03 3.894360e-01
417 6.092080e-01 1.192000e-03 3.896000e-01
418 6.089440e-01 1.280000e-03 3.897760e-01
419 6.087680e-01 1.244000e-03 3.899880e-01
420 6.085640e-01 1.216000e-03 3.902200e-01
421 6.083560e-01 1.168000e-03 3.904760e-01
422 6.081440e-01 1.164000e-03 3.906920e-01
423 6.079680e-01 1.152000e-03 3.908800e-01
424 6.078320e-01 1.080000e-03 3.910880e-01
425 6.076560e-01 1.064000e-03 3.912800e-01
426 6.074880e-01 1.048000e-03 3.914640e-01
427 6.073280e-01 1.028000e-03 3.916440e-01
428 6.071640e-01 1.032000e-03 3.918040e-01
429 6.069240e-01 1.112000e-03 3.919640e-01
430 6.067760e-01 1.040000e-03 3.921840e-01
431 6.066360e-01 1.008000e-03 3.923560e-01
432 6.065120e-01 9.920000e-04 3.924960e-01
433 6.063680e-01 9.480000e-04 3.926840e-01
434 6.062200e-01 9.560000e-04 3.928240e-01
435 6.060920e-01 9.160000e-04 3.929920e-01
436 6.059440e-01 8.960000e-04 3.931600e-01
437 6.058240e-01 8.480000e-04 3.933280e-01
438 6.056680e-01 8.680000e-04 3.934640e-01
439 6.055120e-01 8.640000e-04 3.936240e-01
440 6.053920e-01 7.880000e-04 3.938200e-01
441 6.052400e-01 7.720000e-04 3.939880e-01
442 6.050920e-01 7.800000e-04 3.941280e-01
443 6.049520e-01 7.920000e-04 3.942560e-01
444 6.047920e-01 8.200000e-04 3.943880e-01
445 6.046720e-01 7.920000e-04 3.945360e-01
446 6.045840e-01 7.520000e-04 3.946640e-01
447 6.044800e-01 7.360000e-04 3.947840e-01
448 6.043800e-01 7.120000e-04 3.949080e-01
449 6.042880e-01 6.600000e-04 3.950520e-01
450 6.042000e-01 6.280000e-04 3.951720e-01
451 6.041160e-01 6.240000e-04 3.952600e-01
452 6.040040e-01 6.000000e-04 3.953960e-01
453 6.039240e-01 6.000000e-04 3.954760e-01
454 6.038240e-01 5.880000e-04 3.955880e-01
455 6.037720e-01 5.520000e-04 3.956760e-01
456 6.037160e-01 5.200000e-04 3.957640e-01
457 6.036400e-01 5.080000e-04 3.958520e-01
458 6.035560e-01 5.200000e-04 3.959240e-01
459 6.035000e-01 4.760000e-04 3.960240e-01
460 6.034600e-01 4.440000e-04 3.960960e-01
461 6.033520e-01 5.000000e-04 3.961480e-01
462 6.032920e-01 4.680000e-04 3.962400e-01
463 6.032440e-01 4.120000e-04 3.963440e-01
464 6.031840e-01 4.360000e-04 3.963800e-01
465 6.030840e-01 4.800000e-04 3.964360e-01
466 6.030120e-01 4.520000e-04 3.965360e-01
467 6.029280e-01 4.200000e-04 3.966520e-01
468 6.028640e-01 4.160000e-04 3.967200e-01
469 6.028080e-01 4.080000e-04 3.967840e-01
470 6.027560e-01 3.840000e-04 3.968600e-01
471 6.026560e-01 4.000000e-04 3.969440e-01
472 6.025680e-01 4.200000e-04 3.970120e-01
473 6.024920e-01 4.120000e-04 3.970960e-01
474 6.024480e-01 4.080000e-04 3.971440e-01
475 6.023600e-01 4.040000e-04 3.972360e-01
476 6.023080e-01 3.960000e-04 3.972960e-01
477 6.021960e-01 4.280000e-04 3.973760e-01
478 6.021360e-01 4.200000e-04 3.974440e-01
479 6.020760e-01 4.280000e-04 3.974960e-01
480 6.020160e-01 4.080000e-04 3.975760e-01
481 6.019680e-01 4.040000e-04 3.976280e-01
482 6.019120e-01 3.560000e-04 3.977320e-01
483 6.018600e-01 3.520000e-04 3.977880e-01
484 6.018360e-01 3.480000e-04 3.978160e-01
485 6.017320e-01 3.600000e-04 3.979080e-01
486 6.017160e-01 3.400000e-04 3.979440e-01
487 6.016680e-01 3.320000e-04 3.980000e-01
488 6.015960e-01 3.640000e-04 3.980400e-01
489 6.015200e-01 3.600000e-04 3.981200e-01
490 6.014160e-01 4.120000e-04 3.981720e-01
491 6.013480e-01 4.120000e-04 3.982400e-01
492 6.012600e-01 4.160000e-04 3.983240e-01
493 6.011920e-01 4.080000e-04 3.984000e-01
494 6.011160e-01 4.160000e-04 3.984680e-01
495 6.010320e-01 4.000000e-04 3.985680e-01
496 6.009680e-01 4.160000e-04 3.986160e-01
497 6.008880e-01 3.880000e-04 3.987240e-01
498 6.008320e-01 3.680000e-04 3.988000e-01
499 6.007760e-01 3.600000e-04 3.988640e-01
500 6.007120e-01 3.480000e-04 3.989400e-01
