1 9.992160e-01 6.920000e-04 9.200000e-05
2 9.987920e-01 9.400000e-04 2.680000e-04
3 9.981800e-01 1.352000e-03 4.680000e-04
4 9.975360e-01 1.720000e-03 7.440000e-04
5 9.967600e-01 2.124000e-03 1.116000e-03
6 9.959640e-01 2.488000e-03 1.548000e-03
7 9.951320e-01 2.832000e-03 2.036000e-03
8 9.942880e-01 3.140000e-03 2.572000e-03
9 9.934360e-01 3.376000e-03 3.188000e-03
10 9.925640e-01 3.640000e-03 3.796000e-03
11 9.917120e-01 3.796000e-03 4.492000e-03
12 9.908120e-01 3.932000e-03 5.256000e-03
13 9.897600e-01 4.272000e-03 5.968000e-03
14 9.887840e-01 4.500000e-03 6.716000e-03
15 9.875880e-01 4.832000e-03 7.580000e-03
16 9.866000e-01 4.868000e-03 8.532000e-03
17 9.856240e-01 4.908000e-03 9.468000e-03
18 9.846440e-01 5.040000e-03 1.031600e-02
19 9.836120e-01 5.212000e-03 1.117600e-02
20 9.824200e-01 5.472000e-03 1.210800e-02
21 9.813080e-01 5.516000e-03 1.317600e-02
22 9.802440e-01 5.628000e-03 1.412800e-02
23 9.791920e-01 5.732000e-03 1.507600e-02
24 9.780400e-01 5.916000e-03 1.604400e-02
25 9.768760e-01 5.952000e-03 1.717200e-02
26 9.757240e-01 6.084000e-03 1.819200e-02
27 9.744400e-01 6.216000e-03 1.934400e-02
28 9.730480e-01 6.600000e-03 2.035200e-02
29 9.718520e-01 6.688000e-03 2.146000e-02
30 9.704920e-01 6.916000e-03 2.259200e-02
31 9.690480e-01 7.044000e-03 2.390800e-02
32 9.678720e-01 7.032000e-03 2.509600e-02
33 9.665560e-01 7.116000e-03 2.632800e-02
34 9.651400e-01 7.384000e-03 2.747600e-02
35 9.638280e-01 7.368000e-03 2.880400e-02
36 9.625040e-01 7.232000e-03 3.026400e-02
37 9.611160e-01 7.276000e-03 3.160800e-02
38 9.597360e-01 7.480000e-03 3.278400e-02
39 9.583720e-01 7.600000e-03 3.402800e-02
40 9.569720e-01 7.692000e-03 3.533600e-02
41 9.555160e-01 7.844000e-03 3.664000e-02
42 9.539960e-01 7.924000e-03 3.808000e-02
43 9.525480e-01 8.116000e-03 3.933600e-02
44 9.509280e-01 8.204000e-03 4.086800e-02
45 9.494280e-01 8.312000e-03 4.226000e-02
46 9.479640e-01 8.244000e-03 4.379200e-02
47 9.464880e-01 8.184000e-03 4.532800e-02
48 9.450920e-01 8.144000e-03 4.676400e-02
49 9.435400e-01 8.224000e-03 4.823600e-02
50 9.420680e-01 8.268000e-03 4.966400e-02
51 9.403920e-01 8.424000e-03 5.118400e-02
52 9.387840e-01 8.604000e-03 5.261200e-02
53 9.372120e-01 8.852000e-03 5.393600e-02
54 9.355640e-01 8.920000e-03 5.551600e-02
55 9.343160e-01 8.616000e-03 5.706800e-02
56 9.327160e-01 8.748000e-03 5.853600e-02
57 9.310160e-01 8.816000e-03 6.016800e-02
58 9.292040e-01 8.996000e-03 6.180000e-02
59 9.275760e-01 9.076000e-03 6.334800e-02
60 9.259240e-01 9.176000e-03 6.490000e-02
61 9.241400e-01 9.348000e-03 6.651200e-02
62 9.224280e-01 9.412000e-03 6.816000e-02
63 9.205960e-01 9.616000e-03 6.978800e-02
64 9.187600e-01 9.744000e-03 7.149600e-02
65 9.169080e-01 9.908000e-03 7.318400e-02
66 9.151120e-01 1.002000e-02 7.486800e-02
67 9.134200e-01 1.015600e-02 7.642400e-02
68 9.115280e-01 1.033600e-02 7.813600e-02
69 9.097400e-01 1.020800e-02 8.005200e-02
70 9.081520e-01 1.000400e-02 8.184400e-02
71 9.064800e-01 9.816000e-03 8.370400e-02
72 9.048160e-01 9.692000e-03 8.549200e-02
73 9.030360e-01 9.848000e-03 8.711600e-02
74 9.014280e-01 9.780000e-03 8.879200e-02
75 8.997840e-01 9.684000e-03 9.053200e-02
76 8.980200e-01 9.708000e-03 9.227200e-02
77 8.963720e-01 9.672000e-03 9.395600e-02
78 8.947720e-01 9.640000e-03 9.558800e-02
79 8.932040e-01 9.528000e-03 9.726800e-02
80 8.915480e-01 9.484000e-03 9.896800e-02
81 8.899840e-01 9.220000e-03 1.007960e-01
82 8.884640e-01 9.272000e-03 1.022640e-01
83 8.869040e-01 9.212000e-03 1.038840e-01
84 8.853480e-01 9.020000e-03 1.056320e-01
85 8.838520e-01 8.868000e-03 1.072800e-01
86 8.822720e-01 8.936000e-03 1.087920e-01
87 8.806640e-01 8.940000e-03 1.103960e-01
88 8.791200e-01 8.944000e-03 1.119360e-01
89 8.776160e-01 9.016000e-03 1.133680e-01
90 8.758920e-01 9.128000e-03 1.149800e-01
91 8.743920e-01 9.072000e-03 1.165360e-01
92 8.728240e-01 8.932000e-03 1.182440e-01
93 8.713560e-01 8.908000e-03 1.197360e-01
94 8.697240e-01 8.912000e-03 1.213640e-01
95 8.682600e-01 8.796000e-03 1.229440e-01
96 8.667320e-01 8.784000e-03 1.244840e-01
97 8.651920e-01 8.852000e-03 1.259560e-01
98 8.637480e-01 8.740000e-03 1.275120e-01
99 8.623240e-01 8.648000e-03 1.290280e-01
100 8.609120e-01 8.640000e-03 1.304480e-01
101 8.593560e-01 8.632000e-03 1.320120e-01
102 8.579080e-01 8.584000e-03 1.335080e-01
103 8.562720e-01 8.636000e-03 1.350920e-01
104 8.549240e-01 8.456000e-03 1.366200e-01
105 8.533880e-01 8.500000e-03 1.381120e-01
106 8.518640e-01 8.648000e-03 1.394880e-01
107 8.502320e-01 8.768000e-03 1.410000e-01
108 8.487640e-01 8.680000e-03 1.425560e-01
109 8.471960e-01 8.664000e-03 1.441400e-01
110 8.458640e-01 8.564000e-03 1.455720e-01
111 8.444160e-01 8.476000e-03 1.471080e-01
112 8.430040e-01 8.368000e-03 1.486280e-01
113 8.414760e-01 8.472000e-03 1.500520e-01
114 8.402200e-01 8.300000e-03 1.514800e-01
115 8.388080e-01 8.188000e-03 1.530040e-01
116 8.375320e-01 7.924000e-03 1.545440e-01
117 8.363800e-01 7.736000e-03 1.558840e-01
118 8.350920e-01 7.712000e-03 1.571960e-01
119 8.337040e-01 7.748000e-03 1.585480e-01
120 8.323600e-01 7.684000e-03 1.599560e-01
121 8.310000e-01 7.772000e-03 1.612280e-01
122 8.297280e-01 7.696000e-03 1.625760e-01
123 8.284400e-01 7.688000e-03 1.638720e-01
124 8.272640e-01 7.596000e-03 1.651400e-01
125 8.258640e-01 7.772000e-03 1.663640e-01
126 8.245160e-01 7.872000e-03 1.676120e-01
127 8.232520e-01 7.796000e-03 1.689520e-01
128 8.217720e-01 7.920000e-03 1.703080e-01
129 8.204400e-01 7.856000e-03 1.717040e-01
130 8.192720e-01 7.672000e-03 1.730560e-01
131 8.180600e-01 7.404000e-03 1.745360e-01
132 8.167600e-01 7.412000e-03 1.758280e-01
133 8.157720e-01 7.116000e-03 1.771120e-01
134 8.147000e-01 6.940000e-03 1.783600e-01
135 8.136800e-01 6.736000e-03 1.795840e-01
136 8.126440e-01 6.584000e-03 1.807720e-01
137 8.116120e-01 6.608000e-03 1.817800e-01
138 8.106080e-01 6.440000e-03 1.829520e-01
139 8.095200e-01 6.460000e-03 1.840200e-01
140 8.082520e-01 6.548000e-03 1.852000e-01
141 8.071680e-01 6.524000e-03 1.863080e-01
142 8.060240e-01 6.376000e-03 1.876000e-01
143 8.050200e-01 6.316000e-03 1.886640e-01
144 8.039440e-01 6.312000e-03 1.897440e-01
145 8.026600e-01 6.384000e-03 1.909560e-01
146 8.014560e-01 6.604000e-03 1.919400e-01
147 8.001800e-01 6.740000e-03 1.930800e-01
148 7.989760e-01 6.800000e-03 1.942240e-01
149 7.977480e-01 6.904000e-03 1.953480e-01
150 7.966840e-01 6.700000e-03 1.966160e-01
151 7.956480e-01 6.560000e-03 1.977920e-01
152 7.946160e-01 6.516000e-03 1.988680e-01
153 7.934680e-01 6.548000e-03 1.999840e-01
154 7.924280e-01 6.432000e-03 2.011400e-01
155 7.913600e-01 6.496000e-03 2.021440e-01
156 7.904360e-01 6.344000e-03 2.032200e-01
157 7.895560e-01 6.176000e-03 2.042680e-01
158 7.886200e-01 6.032000e-03 2.053480e-01
159 7.876600e-01 5.988000e-03 2.063520e-01
160 7.868000e-01 5.824000e-03 2.073760e-01
161 7.859560e-01 5.684000e-03 2.083600e-01
162 7.850560e-01 5.648000e-03 2.092960e-01
163 7.840920e-01 5.556000e-03 2.103520e-01
164 7.832280e-01 5.496000e-03 2.112760e-01
165 7.823040e-01 5.468000e-03 2.122280e-01
166 7.813280e-01 5.412000e-03 2.132600e-01
167 7.803680e-01 5.400000e-03 2.142320e-01
168 7.794480e-01 5.328000e-03 2.152240e-01
169 7.787120e-01 5.052000e-03 2.162360e-01
170 7.779880e-01 4.864000e-03 2.171480e-01
171 7.772440e-01 4.704000e-03 2.180520e-01
172 7.764400e-01 4.700000e-03 2.188600e-01
173 7.757040e-01 4.544000e-03 2.197520e-01
174 7.748360e-01 4.588000e-03 2.205760e-01
175 7.739920e-01 4.676000e-03 2.213320e-01
176 7.730440e-01 4.700000e-03 2.222560e-01
177 7.721720e-01 4.840000e-03 2.229880e-01
178 7.712560e-01 4.836000e-03 2.239080e-01
179 7.703720e-01 4.892000e-03 2.247360e-01
180 7.696080e-01 4.872000e-03 2.255200e-01
181 7.687080e-01 4.856000e-03 2.264360e-01
182 7.678200e-01 4.948000e-03 2.272320e-01
183 7.669640e-01 4.956000e-03 2.280800e-01
184 7.661160e-01 4.956000e-03 2.289280e-01
185 7.653000e-01 4.896000e-03 2.298040e-01
186 7.644160e-01 5.032000e-03 2.305520e-01
187 7.635680e-01 4.948000e-03 2.314840e-01
188 7.627200e-01 4.948000e-03 2.323320e-01
189 7.617720e-01 5.084000e-03 2.331440e-01
190 7.609760e-01 4.984000e-03 2.340400e-01
191 7.602240e-01 4.808000e-03 2.349680e-01
192 7.595000e-01 4.696000e-03 2.358040e-01
193 7.586920e-01 4.744000e-03 2.365640e-01
194 7.580280e-01 4.520000e-03 2.374520e-01
195 7.572200e-01 4.524000e-03 2.382560e-01
196 7.563400e-01 4.652000e-03 2.390080e-01
197 7.554280e-01 4.780000e-03 2.397920e-01
198 7.545680e-01 4.796000e-03 2.406360e-01
199 7.536440e-01 4.856000e-03 2.415000e-01
200 7.528720e-01 4.784000e-03 2.423440e-01
201 7.521320e-01 4.724000e-03 2.431440e-01
202 7.514000e-01 4.656000e-03 2.439440e-01
203 7.506280e-01 4.596000e-03 2.447760e-01
204 7.498000e-01 4.672000e-03 2.455280e-01
205 7.489160e-01 4.708000e-03 2.463760e-01
206 7.480720e-01 4.688000e-03 2.472400e-01
207 7.472840e-01 4.660000e-03 2.480560e-01
208 7.464600e-01 4.744000e-03 2.487960e-01
209 7.456720e-01 4.704000e-03 2.496240e-01
210 7.448800e-01 4.656000e-03 2.504640e-01
211 7.440120e-01 4.764000e-03 2.512240e-01
212 7.431800e-01 4.756000e-03 2.520640e-01
213 7.424040e-01 4.716000e-03 2.528800e-01
214 7.414920e-01 4.832000e-03 2.536760e-01
215 7.405000e-01 5.076000e-03 2.544240e-01
216 7.396760e-01 5.052000e-03 2.552720e-01
217 7.388440e-01 5.040000e-03 2.561160e-01
218 7.380680e-01 4.832000e-03 2.571000e-01
219 7.373080e-01 4.768000e-03 2.579240e-01
220 7.365320e-01 4.744000e-03 2.587240e-01
221 7.357360e-01 4.680000e-03 2.595840e-01
222 7.349920e-01 4.628000e-03 2.603800e-01
223 7.341480e-01 4.696000e-03 2.611560e-01
224 7.332920e-01 4.696000e-03 2.620120e-01
225 7.324720e-01 4.692000e-03 2.628360e-01
226 7.316800e-01 4.712000e-03 2.636080e-01
227 7.309680e-01 4.600000e-03 2.644320e-01
228 7.302040e-01 4.556000e-03 2.652400e-01
229 7.294040e-01 4.652000e-03 2.659440e-01
230 7.286600e-01 4.584000e-03 2.667560e-01
231 7.277840e-01 4.672000e-03 2.675440e-01
232 7.270080e-01 4.688000e-03 2.683040e-01
233 7.260720e-01 4.788000e-03 2.691400e-01
234 7.251240e-01 4.848000e-03 2.700280e-01
235 7.242800e-01 4.924000e-03 2.707960e-01
236 7.233000e-01 5.112000e-03 2.715880e-01
237 7.224000e-01 5.036000e-03 2.725640e-01
238 7.214960e-01 5.100000e-03 2.734040e-01
239 7.206160e-01 5.212000e-03 2.741720e-01
240 7.197800e-01 5.076000e-03 2.751440e-01
241 7.189040e-01 4.988000e-03 2.761080e-01
242 7.180640e-01 5.000000e-03 2.769360e-01
243 7.171760e-01 5.004000e-03 2.778200e-01
244 7.161840e-01 5.056000e-03 2.787600e-01
245 7.153600e-01 4.980000e-03 2.796600e-01
246 7.145480e-01 4.824000e-03 2.806280e-01
247 7.137280e-01 4.780000e-03 2.814920e-01
248 7.129680e-01 4.688000e-03 2.823440e-01
249 7.122880e-01 4.528000e-03 2.831840e-01
250 7.116320e-01 4.396000e-03 2.839720e-01
251 7.109440e-01 4.260000e-03 2.847960e-01
252 7.101760e-01 4.236000e-03 2.855880e-01
253 7.094280e-01 4.332000e-03 2.862400e-01
254 7.087280e-01 4.196000e-03 2.870760e-01
255 7.079840e-01 4.212000e-03 2.878040e-01
256 7.073240e-01 4.156000e-03 2.885200e-01
257 7.065160e-01 4.200000e-03 2.892840e-01
258 7.059160e-01 4.116000e-03 2.899680e-01
259 7.053440e-01 3.972000e-03 2.906840e-01
260 7.046520e-01 3.988000e-03 2.913600e-01
261 7.039520e-01 3.900000e-03 2.921480e-01
262 7.033000e-01 3.880000e-03 2.928200e-01
263 7.025680e-01 3.924000e-03 2.935080e-01
264 7.018840e-01 4.004000e-03 2.941120e-01
265 7.011960e-01 3.948000e-03 2.948560e-01
266 7.004480e-01 3.992000e-03 2.955600e-01
267 6.997280e-01 4.024000e-03 2.962480e-01
268 6.989880e-01 4.048000e-03 2.969640e-01
269 6.982200e-01 4.084000e-03 2.976960e-01
270 6.972880e-01 4.200000e-03 2.985120e-01
271 6.963680e-01 4.268000e-03 2.993640e-01
272 6.955720e-01 4.344000e-03 3.000840e-01
273 6.948640e-01 4.352000e-03 3.007840e-01
274 6.940520e-01 4.400000e-03 3.015480e-01
275 6.933000e-01 4.428000e-03 3.022720e-01
276 6.925560e-01 4.404000e-03 3.030400e-01
277 6.918640e-01 4.296000e-03 3.038400e-01
278 6.910840e-01 4.312000e-03 3.046040e-01
279 6.903440e-01 4.356000e-03 3.053000e-01
280 6.896480e-01 4.344000e-03 3.060080e-01
281 6.888320e-01 4.428000e-03 3.067400e-01
282 6.881080e-01 4.416000e-03 3.074760e-01
283 6.874680e-01 4.336000e-03 3.081960e-01
284 6.868560e-01 4.184000e-03 3.089600e-01
285 6.862120e-01 4.108000e-03 3.096800e-01
286 6.855480e-01 4.156000e-03 3.102960e-01
287 6.848800e-01 4.060000e-03 3.110600e-01
288 6.842080e-01 4.048000e-03 3.117440e-01
289 6.836080e-01 3.980000e-03 3.124120e-01
290 6.828920e-01 3.960000e-03 3.131480e-01
291 6.822520e-01 3.976000e-03 3.137720e-01
292 6.815600e-01 3.980000e-03 3.144600e-01
293 6.808400e-01 4.008000e-03 3.151520e-01
294 6.802840e-01 3.776000e-03 3.159400e-01
295 6.796560e-01 3.744000e-03 3.166000e-01
296 6.789360e-01 3.888000e-03 3.171760e-01
297 6.782520e-01 3.944000e-03 3.178040e-01
298 6.775040e-01 4.028000e-03 3.184680e-01
299 6.767560e-01 4.112000e-03 3.191320e-01
300 6.760680e-01 4.064000e-03 3.198680e-01
301 6.754840e-01 3.896000e-03 3.206200e-01
302 6.747960e-01 3.876000e-03 3.213280e-01
303 6.741680e-01 3.900000e-03 3.219320e-01
304 6.734720e-01 3.860000e-03 3.226680e-01
305 6.727520e-01 3.832000e-03 3.234160e-01
306 6.720840e-01 3.904000e-03 3.240120e-01
307 6.713160e-01 4.048000e-03 3.246360e-01
308 6.706720e-01 4.052000e-03 3.252760e-01
309 6.701240e-01 3.836000e-03 3.260400e-01
310 6.695880e-01 3.752000e-03 3.266600e-01
311 6.690240e-01 3.620000e-03 3.273560e-01
312 6.684360e-01 3.596000e-03 3.279680e-01
313 6.678640e-01 3.520000e-03 3.286160e-01
314 6.673320e-01 3.448000e-03 3.292200e-01
315 6.667320e-01 3.504000e-03 3.297640e-01
316 6.660920e-01 3.576000e-03 3.303320e-01
317 6.655520e-01 3.516000e-03 3.309320e-01
318 6.650560e-01 3.392000e-03 3.315520e-01
319 6.645640e-01 3.364000e-03 3.320720e-01
320 6.640840e-01 3.276000e-03 3.326400e-01
321 6.635720e-01 3.236000e-03 3.331920e-01
322 6.630080e-01 3.280000e-03 3.337120e-01
323 6.624640e-01 3.320000e-03 3.342160e-01
324 6.618800e-01 3.284000e-03 3.348360e-01
325 6.612720e-01 3.364000e-03 3.353640e-01
326 6.607320e-01 3.288000e-03 3.359800e-01
327 6.601680e-01 3.280000e-03 3.365520e-01
328 6.596640e-01 3.224000e-03 3.371120e-01
329 6.591400e-01 3.232000e-03 3.376280e-01
330 6.585680e-01 3.236000e-03 3.381960e-01
331 6.580240e-01 3.168000e-03 3.388080e-01
332 6.575560e-01 3.116000e-03 3.393280e-01
333 6.571680e-01 2.948000e-03 3.398840e-01
334 6.567560e-01 2.908000e-03 3.403360e-01
335 6.563560e-01 2.772000e-03 3.408720e-01
336 6.559200e-01 2.688000e-03 3.413920e-01
337 6.554680e-01 2.700000e-03 3.418320e-01
338 6.549360e-01 2.732000e-03 3.423320e-01
339 6.544400e-01 2.724000e-03 3.428360e-01
340 6.539880e-01 2.616000e-03 3.433960e-01
341 6.535400e-01 2.584000e-03 3.438760e-01
342 6.531280e-01 2.528000e-03 3.443440e-01
343 6.526200e-01 2.608000e-03 3.447720e-01
344 6.521520e-01 2.620000e-03 3.452280e-01
345 6.517040e-01 2.556000e-03 3.457400e-01
346 6.512480e-01 2.556000e-03 3.461960e-01
347 6.508000e-01 2.444000e-03 3.467560e-01
348 6.504120e-01 2.420000e-03 3.471680e-01
349 6.499960e-01 2.392000e-03 3.476120e-01
350 6.496360e-01 2.368000e-03 3.479960e-01
351 6.492160e-01 2.412000e-03 3.483720e-01
352 6.488080e-01 2.480000e-03 3.487120e-01
353 6.483800e-01 2.516000e-03 3.491040e-01
354 6.479080e-01 2.576000e-03 3.495160e-01
355 6.475560e-01 2.500000e-03 3.499440e-01
356 6.470800e-01 2.488000e-03 3.504320e-01
357 6.466920e-01 2.452000e-03 3.508560e-01
358 6.462280e-01 2.464000e-03 3.513080e-01
359 6.457840e-01 2.468000e-03 3.517480e-01
360 6.452960e-01 2.448000e-03 3.522560e-01
361 6.448960e-01 2.408000e-03 3.526960e-01
362 6.445080e-01 2.344000e-03 3.531480e-01
363 6.441720e-01 2.288000e-03 3.535400e-01
364 6.438040e-01 2.220000e-03 3.539760e-01
365 6.434760e-01 2.184000e-03 3.543400e-01
366 6.431600e-01 2.160000e-03 3.546800e-01
367 6.427840e-01 2.152000e-03 3.550640e-01
368 6.424320e-01 2.164000e-03 3.554040e-01
369 6.420760e-01 2.152000e-03 3.557720e-01
370 6.418120e-01 2.056000e-03 3.561320e-01
371 6.415160e-01 2.092000e-03 3.563920e-01
372 6.412160e-01 2.092000e-03 3.566920e-01
373 6.409400e-01 1.980000e-03 3.570800e-01
374 6.407280e-01 1.816000e-03 3.574560e-01
375 6.404040e-01 1.844000e-03 3.577520e-01
376 6.401280e-01 1.848000e-03 3.580240e-01
377 6.398120e-01 1.808000e-03 3.583800e-01
378 6.396160e-01 1.692000e-03 3.586920e-01
379 6.394360e-01 1.584000e-03 3.589800e-01
380 6.391960e-01 1.560000e-03 3.592440e-01
381 6.389760e-01 1.512000e-03 3.595120e-01
382 6.387160e-01 1.476000e-03 3.598080e-01
383 6.384720e-01 1.464000e-03 3.600640e-01
384 6.382000e-01 1.500000e-03 3.603000e-01
385 6.379040e-01 1.536000e-03 3.605600e-01
386 6.376240e-01 1.528000e-03 3.608480e-01
387 6.373680e-01 1.528000e-03 3.611040e-01
388 6.371480e-01 1.472000e-03 3.613800e-01
389 6.369200e-01 1.472000e-03 3.616080e-01
390 6.367320e-01 1.384000e-03 3.618840e-01
391 6.365440e-01 1.316000e-03 3.621400e-01
392 6.363480e-01 1.284000e-03 3.623680e-01
393 6.361600e-01 1.236000e-03 3.626040e-01
394 6.359400e-01 1.236000e-03 3.628240e-01
395 6.357360e-01 1.188000e-03 3.630760e-01
396 6.355280e-01 1.148000e-03 3.633240e-01
397 6.352800e-01 1.204000e-03 3.635160e-01
398 6.350680e-01 1.256000e-03 3.636760e-01
399 6.348880e-01 1.168000e-03 3.639440e-01
400 6.347040e-01 1.160000e-03 3.641360e-01
401 6.345320e-01 1.160000e-03 3.643080e-01
402 6.343200e-01 1.200000e-03 3.644800e-01
403 6.341640e-01 1.184000e-03 3.646520e-01
404 6.339400e-01 1.180000e-03 3.648800e-01
405 6.336640e-01 1.248000e-03 3.650880e-01
406 6.334200e-01 1.248000e-03 3.653320e-01
407 6.332240e-01 1.208000e-03 3.655680e-01
408 6.330200e-01 1.184000e-03 3.657960e-01
409 6.327560e-01 1.236000e-03 3.660080e-01
410 6.325040e-01 1.292000e-03 3.662040e-01
411 6.321840e-01 1.372000e-03 3.664440e-01
412 6.318360e-01 1.516000e-03 3.666480e-01
413 6.315960e-01 1.496000e-03 3.669080e-01
414 6.313120e-01 1.528000e-03 3.671600e-01
415 6.310000e-01 1.616000e-03 3.673840e-01
416 6.307800e-01 1.552000e-03 3.676680e-01
417 6.305080e-01 1.588000e-03 3.679040e-01
418 6.302480e-01 1.580000e-03 3.681720e-01
419 6.300480e-01 1.508000e-03 3.684440e-01
420 6.297000e-01 1.608000e-03 3.686920e-01
421 6.293680e-01 1.620000e-03 3.690120e-01
422 6.290760e-01 1.652000e-03 3.692720e-01
423 6.288640e-01 1.596000e-03 3.695400e-01
424 6.286160e-01 1.552000e-03 3.698320e-01
425 6.283600e-01 1.520000e-03 3.701200e-01
426 6.280720e-01 1.560000e-03 3.703680e-01
427 6.278360e-01 1.516000e-03 3.706480e-01
428 6.275640e-01 1.584000e-03 3.708520e-01
429 6.273000e-01 1.572000e-03 3.711280e-01
430 6.270720e-01 1.520000e-03 3.714080e-01
431 6.268760e-01 1.424000e-03 3.717000e-01
432 6.266920e-01 1.412000e-03 3.718960e-01
433 6.264680e-01 1.368000e-03 3.721640e-01
434 6.262680e-01 1.304000e-03 3.724280e-01
435 6.260720e-01 1.296000e-03 3.726320e-01
436 6.258600e-01 1.296000e-03 3.728440e-01
437 6.257320e-01 1.220000e-03 3.730480e-01
438 6.255680e-01 1.164000e-03 3.732680e-01
439 6.253600e-01 1.184000e-03 3.734560e-01
440 6.251240e-01 1.196000e-03 3.736800e-01
441 6.249280e-01 1.108000e-03 3.739640e-01
442 6.247400e-01 1.112000e-03 3.741480e-01
443 6.245880e-01 1.116000e-03 3.742960e-01
444 6.244560e-01 1.068000e-03 3.744760e-01
445 6.242600e-01 1.044000e-03 3.746960e-01
446 6.241080e-01 9.880000e-04 3.749040e-01
447 6.238720e-01 1.020000e-03 3.751080e-01
448 6.237160e-01 9.880000e-04 3.752960e-01
449 6.235000e-01 1.044000e-03 3.754560e-01
450 6.231920e-01 1.164000e-03 3.756440e-01
451 6.229800e-01 1.128000e-03 3.758920e-01
452 6.227280e-01 1.236000e-03 3.760360e-01
453 6.224120e-01 1.336000e-03 3.762520e-01
454 6.221480e-01 1.396000e-03 3.764560e-01
455 6.218840e-01 1.400000e-03 3.767160e-01
456 6.217040e-01 1.316000e-03 3.769800e-01
457 6.215080e-01 1.288000e-03 3.772040e-01
458 6.213000e-01 1.296000e-03 3.774040e-01
459 6.210960e-01 1.244000e-03 3.776600e-01
460 6.208840e-01 1.240000e-03 3.778760e-01
461 6.206480e-01 1.232000e-03 3.781200e-01
462 6.204000e-01 1.276000e-03 3.783240e-01
463 6.201840e-01 1.232000e-03 3.785840e-01
464 6.199920e-01 1.196000e-03 3.788120e-01
465 6.197880e-01 1.172000e-03 3.790400e-01
466 6.196160e-01 1.124000e-03 3.792600e-01
467 6.194320e-01 1.092000e-03 3.794760e-01
468 6.192760e-01 1.072000e-03 3.796520e-01
469 6.190320e-01 1.148000e-03 3.798200e-01
470 6.188120e-01 1.148000e-03 3.800400e-01
471 6.185960e-01 1.184000e-03 3.802200e-01
472 6.184000e-01 1.136000e-03 3.804640e-01
473 6.182120e-01 1.128000e-03 3.806600e-01
474 6.181040e-01 1.032000e-03 3.808640e-01
475 6.179320e-01 9.800000e-04 3.810880e-01
476 6.177680e-01 9.600000e-04 3.812720e-01
477 6.176120e-01 9.280000e-04 3.814600e-01
478 6.174760e-01 8.560000e-04 3.816680e-01
479 6.172920e-01 9.080000e-04 3.818000e-01
480 6.170840e-01 9.760000e-04 3.819400e-01
481 6.169400e-01 9.520000e-04 3.821080e-01
482 6.167280e-01 1.000000e-03 3.822720e-01
483 6.165400e-01 1.012000e-03 3.824480e-01
484 6.163080e-01 1.068000e-03 3.826240e-01
485 6.160840e-01 1.108000e-03 3.828080e-01
486 6.158160e-01 1.200000e-03 3.829840e-01
487 6.155400e-01 1.252000e-03 3.832080e-01
488 6.152680e-01 1.276000e-03 3.834560e-01
489 6.150080e-01 1.340000e-03 3.836520e-01
490 6.147600e-01 1.352000e-03 3.838880e-01
491 6.144760e-01 1.404000e-03 3.841200e-01
492 6.141880e-01 1.460000e-03 3.843520e-01
493 6.139440e-01 1.448000e-03 3.846080e-01
494 6.137280e-01 1.444000e-03 3.848280e-01
495 6.135640e-01 1.368000e-03 3.850680e-01
496 6.134040e-01 1.276000e-03 3.853200e-01
497 6.132160e-01 1.268000e-03 3.855160e-01
498 6.130800e-01 1.172000e-03 3.857480e-01
499 6.129160e-01 1.088000e-03 3.859960e-01
500 6.127480e-01 1.076000e-03 3.861760e-01
