1 9.991720e-01 7.400000e-04 8.800000e-05
2 9.986320e-01 1.096000e-03 2.720000e-04
3 9.979200e-01 1.624000e-03 4.560000e-04
4 9.972400e-01 1.956000e-03 8.040000e-04
5 9.964320e-01 2.344000e-03 1.224000e-03
6 9.956760e-01 2.608000e-03 1.716000e-03
7 9.948480e-01 2.964000e-03 2.188000e-03
8 9.938840e-01 3.376000e-03 2.740000e-03
9 9.929960e-01 3.632000e-03 3.372000e-03
10 9.920120e-01 3.992000e-03 3.996000e-03
11 9.911120e-01 4.212000e-03 4.676000e-03
12 9.899920e-01 4.564000e-03 5.444000e-03
13 9.887360e-01 4.988000e-03 6.276000e-03
14 9.874360e-01 5.496000e-03 7.068000e-03
15 9.862080e-01 5.716000e-03 8.076000e-03
16 9.849800e-01 5.968000e-03 9.052000e-03
17 9.836640e-01 6.268000e-03 1.006800e-02
18 9.823280e-01 6.344000e-03 1.132800e-02
19 9.810360e-01 6.540000e-03 1.242400e-02
20 9.798800e-01 6.496000e-03 1.362400e-02
21 9.785160e-01 6.740000e-03 1.474400e-02
22 9.771680e-01 6.880000e-03 1.595200e-02
23 9.758920e-01 6.880000e-03 1.722800e-02
24 9.744800e-01 7.116000e-03 1.840400e-02
25 9.730040e-01 7.360000e-03 1.963600e-02
26 9.716360e-01 7.332000e-03 2.103200e-02
27 9.702440e-01 7.452000e-03 2.230400e-02
28 9.689800e-01 7.428000e-03 2.359200e-02
29 9.676000e-01 7.496000e-03 2.490400e-02
30 9.662040e-01 7.616000e-03 2.618000e-02
31 9.649000e-01 7.560000e-03 2.754000e-02
32 9.634960e-01 7.664000e-03 2.884000e-02
33 9.621400e-01 7.668000e-03 3.019200e-02
34 9.608360e-01 7.672000e-03 3.149200e-02
35 9.592640e-01 7.860000e-03 3.287600e-02
36 9.578600e-01 7.860000e-03 3.428000e-02
37 9.564400e-01 7.832000e-03 3.572800e-02
38 9.548360e-01 8.064000e-03 3.710000e-02
39 9.534960e-01 8.064000e-03 3.844000e-02
40 9.520240e-01 8.224000e-03 3.975200e-02
41 9.505760e-01 8.308000e-03 4.111600e-02
42 9.490800e-01 8.368000e-03 4.255200e-02
43 9.476000e-01 8.468000e-03 4.393200e-02
44 9.460640e-01 8.660000e-03 4.527600e-02
45 9.446840e-01 8.536000e-03 4.678000e-02
46 9.432080e-01 8.468000e-03 4.832400e-02
47 9.418080e-01 8.436000e-03 4.975600e-02
48 9.404760e-01 8.192000e-03 5.133200e-02
49 9.390560e-01 8.064000e-03 5.288000e-02
50 9.377400e-01 7.960000e-03 5.430000e-02
51 9.364880e-01 7.796000e-03 5.571600e-02
52 9.351360e-01 7.828000e-03 5.703600e-02
53 9.339320e-01 7.596000e-03 5.847200e-02
54 9.328000e-01 7.328000e-03 5.987200e-02
55 9.313600e-01 7.540000e-03 6.110000e-02
56 9.301920e-01 7.356000e-03 6.245200e-02
57 9.290240e-01 7.080000e-03 6.389600e-02
58 9.278720e-01 6.992000e-03 6.513600e-02
59 9.266880e-01 6.984000e-03 6.632800e-02
60 9.254280e-01 7.032000e-03 6.754000e-02
61 9.242680e-01 6.992000e-03 6.874000e-02
62 9.230640e-01 6.980000e-03 6.995600e-02
63 9.218000e-01 7.052000e-03 7.114800e-02
64 9.204800e-01 7.100000e-03 7.242000e-02
65 9.194000e-01 6.816000e-03 7.378400e-02
66 9.180920e-01 6.916000e-03 7.499200e-02
67 9.167560e-01 7.024000e-03 7.622000e-02
68 9.156280e-01 6.896000e-03 7.747600e-02
69 9.144160e-01 7.012000e-03 7.857200e-02
70 9.131280e-01 7.084000e-03 7.978800e-02
71 9.117360e-01 7.092000e-03 8.117200e-02
72 9.104000e-01 7.060000e-03 8.254000e-02
73 9.090440e-01 7.084000e-03 8.387200e-02
74 9.076360e-01 7.228000e-03 8.513600e-02
75 9.061840e-01 7.388000e-03 8.642800e-02
76 9.049080e-01 7.368000e-03 8.772400e-02
77 9.036720e-01 7.272000e-03 8.905600e-02
78 9.024200e-01 7.288000e-03 9.029200e-02
79 9.009280e-01 7.484000e-03 9.158800e-02
80 8.993920e-01 7.688000e-03 9.292000e-02
81 8.978040e-01 7.844000e-03 9.435200e-02
82 8.964640e-01 7.856000e-03 9.568000e-02
83 8.951040e-01 7.820000e-03 9.707600e-02
84 8.937640e-01 7.800000e-03 9.843600e-02
85 8.923680e-01 7.780000e-03 9.985200e-02
86 8.910360e-01 7.808000e-03 1.011560e-01
87 8.898000e-01 7.752000e-03 1.024480e-01
88 8.885720e-01 7.712000e-03 1.037160e-01
89 8.872480e-01 7.624000e-03 1.051280e-01
90 8.858880e-01 7.644000e-03 1.064680e-01
91 8.846080e-01 7.576000e-03 1.078160e-01
92 8.833320e-01 7.588000e-03 1.090800e-01
93 8.817600e-01 7.780000e-03 1.104600e-01
94 8.802400e-01 7.972000e-03 1.117880e-01
95 8.787840e-01 8.060000e-03 1.131560e-01
96 8.771880e-01 8.172000e-03 1.146400e-01
97 8.757240e-01 8.388000e-03 1.158880e-01
98 8.740680e-01 8.544000e-03 1.173880e-01
99 8.724680e-01 8.680000e-03 1.188520e-01
100 8.709080e-01 8.600000e-03 1.204920e-01
101 8.695360e-01 8.516000e-03 1.219480e-01
102 8.681440e-01 8.440000e-03 1.234160e-01
103 8.668480e-01 8.212000e-03 1.249400e-01
104 8.655080e-01 8.052000e-03 1.264400e-01
105 8.642160e-01 7.880000e-03 1.279040e-01
106 8.629120e-01 7.960000e-03 1.291280e-01
107 8.615720e-01 7.956000e-03 1.304720e-01
108 8.602520e-01 7.984000e-03 1.317640e-01
109 8.590560e-01 7.804000e-03 1.331400e-01
110 8.577320e-01 7.780000e-03 1.344880e-01
111 8.563720e-01 7.824000e-03 1.358040e-01
112 8.551720e-01 7.688000e-03 1.371400e-01
113 8.538120e-01 7.732000e-03 1.384560e-01
114 8.526640e-01 7.608000e-03 1.397280e-01
115 8.514920e-01 7.452000e-03 1.410560e-01
116 8.501120e-01 7.488000e-03 1.424000e-01
117 8.489680e-01 7.260000e-03 1.437720e-01
118 8.478520e-01 7.112000e-03 1.450360e-01
119 8.466760e-01 6.956000e-03 1.463680e-01
120 8.455360e-01 6.800000e-03 1.476640e-01
121 8.443040e-01 6.868000e-03 1.488280e-01
122 8.432520e-01 6.784000e-03 1.499640e-01
123 8.421640e-01 6.732000e-03 1.511040e-01
124 8.411520e-01 6.548000e-03 1.523000e-01
125 8.400920e-01 6.488000e-03 1.534200e-01
126 8.389800e-01 6.568000e-03 1.544520e-01
127 8.379320e-01 6.432000e-03 1.556360e-01
128 8.367160e-01 6.464000e-03 1.568200e-01
129 8.355360e-01 6.476000e-03 1.579880e-01
130 8.343040e-01 6.460000e-03 1.592360e-01
131 8.331760e-01 6.412000e-03 1.604120e-01
132 8.320440e-01 6.440000e-03 1.615160e-01
133 8.310160e-01 6.284000e-03 1.627000e-01
134 8.299600e-01 6.188000e-03 1.638520e-01
135 8.289640e-01 6.144000e-03 1.648920e-01
136 8.278240e-01 6.240000e-03 1.659360e-01
137 8.266320e-01 6.364000e-03 1.670040e-01
138 8.254960e-01 6.376000e-03 1.681280e-01
139 8.243920e-01 6.380000e-03 1.692280e-01
140 8.233880e-01 6.232000e-03 1.703800e-01
141 8.224120e-01 6.080000e-03 1.715080e-01
142 8.214360e-01 5.896000e-03 1.726680e-01
143 8.202760e-01 5.984000e-03 1.737400e-01
144 8.191560e-01 6.084000e-03 1.747600e-01
145 8.181440e-01 6.060000e-03 1.757960e-01
146 8.169640e-01 6.164000e-03 1.768720e-01
147 8.159240e-01 6.112000e-03 1.779640e-01
148 8.148240e-01 6.144000e-03 1.790320e-01
149 8.136040e-01 6.300000e-03 1.800960e-01
150 8.124600e-01 6.396000e-03 1.811440e-01
151 8.111960e-01 6.572000e-03 1.822320e-01
152 8.100720e-01 6.508000e-03 1.834200e-01
153 8.088280e-01 6.732000e-03 1.844400e-01
154 8.076360e-01 6.796000e-03 1.855680e-01
155 8.064840e-01 6.836000e-03 1.866800e-01
156 8.053560e-01 6.732000e-03 1.879120e-01
157 8.042840e-01 6.596000e-03 1.891200e-01
158 8.032560e-01 6.616000e-03 1.901280e-01
159 8.020400e-01 6.760000e-03 1.912000e-01
160 8.009680e-01 6.740000e-03 1.922920e-01
161 7.997640e-01 6.712000e-03 1.935240e-01
162 7.984960e-01 6.752000e-03 1.947520e-01
163 7.973520e-01 6.768000e-03 1.958800e-01
164 7.961560e-01 6.768000e-03 1.970760e-01
165 7.950680e-01 6.636000e-03 1.982960e-01
166 7.938120e-01 6.716000e-03 1.994720e-01
167 7.926640e-01 6.752000e-03 2.005840e-01
168 7.915600e-01 6.584000e-03 2.018560e-01
169 7.904080e-01 6.528000e-03 2.030640e-01
170 7.892600e-01 6.576000e-03 2.041640e-01
171 7.881760e-01 6.604000e-03 2.052200e-01
172 7.869560e-01 6.776000e-03 2.062680e-01
173 7.856520e-01 6.976000e-03 2.073720e-01
174 7.843000e-01 7.072000e-03 2.086280e-01
175 7.829880e-01 7.088000e-03 2.099240e-01
176 7.818240e-01 7.112000e-03 2.110640e-01
177 7.806480e-01 7.008000e-03 2.123440e-01
178 7.795320e-01 6.888000e-03 2.135800e-01
179 7.783280e-01 6.712000e-03 2.149600e-01
180 7.773000e-01 6.656000e-03 2.160440e-01
181 7.761000e-01 6.772000e-03 2.171280e-01
182 7.749240e-01 6.828000e-03 2.182480e-01
183 7.737400e-01 6.736000e-03 2.195240e-01
184 7.724960e-01 6.668000e-03 2.208360e-01
185 7.713600e-01 6.696000e-03 2.219440e-01
186 7.702560e-01 6.628000e-03 2.231160e-01
187 7.690240e-01 6.704000e-03 2.242720e-01
188 7.677680e-01 6.808000e-03 2.254240e-01
189 7.665280e-01 6.988000e-03 2.264840e-01
190 7.652280e-01 7.060000e-03 2.277120e-01
191 7.641080e-01 6.936000e-03 2.289560e-01
192 7.629480e-01 6.944000e-03 2.301080e-01
193 7.615400e-01 7.188000e-03 2.312720e-01
194 7.603080e-01 7.236000e-03 2.324560e-01
195 7.591040e-01 7.180000e-03 2.337160e-01
196 7.580280e-01 6.952000e-03 2.350200e-01
197 7.569920e-01 6.812000e-03 2.361960e-01
198 7.558280e-01 6.688000e-03 2.374840e-01
199 7.548400e-01 6.500000e-03 2.386600e-01
200 7.537640e-01 6.376000e-03 2.398600e-01
201 7.527680e-01 6.328000e-03 2.409040e-01
202 7.516560e-01 6.392000e-03 2.419520e-01
203 7.506280e-01 6.260000e-03 2.431120e-01
204 7.496560e-01 6.280000e-03 2.440640e-01
205 7.485960e-01 6.176000e-03 2.452280e-01
206 7.474960e-01 6.100000e-03 2.464040e-01
207 7.464480e-01 6.064000e-03 2.474880e-01
208 7.453480e-01 5.940000e-03 2.487120e-01
209 7.441520e-01 6.048000e-03 2.498000e-01
210 7.430080e-01 6.232000e-03 2.507600e-01
211 7.420040e-01 6.220000e-03 2.517760e-01
212 7.410320e-01 5.980000e-03 2.529880e-01
213 7.401080e-01 5.784000e-03 2.541080e-01
214 7.391280e-01 5.740000e-03 2.551320e-01
215 7.382520e-01 5.612000e-03 2.561360e-01
216 7.373440e-01 5.552000e-03 2.571040e-01
217 7.365120e-01 5.472000e-03 2.580160e-01
218 7.355960e-01 5.520000e-03 2.588840e-01
219 7.346840e-01 5.472000e-03 2.598440e-01
220 7.338200e-01 5.344000e-03 2.608360e-01
221 7.329720e-01 5.260000e-03 2.617680e-01
222 7.321280e-01 5.248000e-03 2.626240e-01
223 7.312360e-01 5.256000e-03 2.635080e-01
224 7.303600e-01 5.132000e-03 2.645080e-01
225 7.294800e-01 5.184000e-03 2.653360e-01
226 7.286320e-01 5.092000e-03 2.662760e-01
227 7.277520e-01 5.024000e-03 2.672240e-01
228 7.267520e-01 5.232000e-03 2.680160e-01
229 7.258400e-01 5.280000e-03 2.688800e-01
230 7.249200e-01 5.324000e-03 2.697560e-01
231 7.237920e-01 5.380000e-03 2.708280e-01
232 7.229480e-01 5.284000e-03 2.717680e-01
233 7.221400e-01 5.172000e-03 2.726880e-01
234 7.211200e-01 5.336000e-03 2.735440e-01
235 7.201720e-01 5.344000e-03 2.744840e-01
236 7.192640e-01 5.320000e-03 2.754160e-01
237 7.183680e-01 5.252000e-03 2.763800e-01
238 7.175280e-01 5.260000e-03 2.772120e-01
239 7.166200e-01 5.228000e-03 2.781520e-01
240 7.156400e-01 5.184000e-03 2.791760e-01
241 7.147920e-01 5.212000e-03 2.799960e-01
242 7.139160e-01 5.156000e-03 2.809280e-01
243 7.129680e-01 5.216000e-03 2.818160e-01
244 7.120360e-01 5.208000e-03 2.827560e-01
245 7.110760e-01 5.236000e-03 2.836880e-01
246 7.102240e-01 5.084000e-03 2.846920e-01
247 7.093080e-01 5.156000e-03 2.855360e-01
248 7.083640e-01 5.196000e-03 2.864400e-01
249 7.075960e-01 5.100000e-03 2.873040e-01
250 7.066880e-01 5.228000e-03 2.880840e-01
251 7.057560e-01 5.280000e-03 2.889640e-01
252 7.047440e-01 5.352000e-03 2.899040e-01
253 7.037640e-01 5.364000e-03 2.908720e-01
254 7.029520e-01 5.240000e-03 2.918080e-01
255 7.020520e-01 5.204000e-03 2.927440e-01
256 7.011720e-01 5.296000e-03 2.935320e-01
257 7.001240e-01 5.468000e-03 2.944080e-01
258 6.993960e-01 5.300000e-03 2.953040e-01
259 6.985080e-01 5.236000e-03 2.962560e-01
260 6.976280e-01 5.156000e-03 2.972160e-01
261 6.969240e-01 4.916000e-03 2.981600e-01
262 6.962000e-01 4.784000e-03 2.990160e-01
263 6.954120e-01 4.720000e-03 2.998680e-01
264 6.945880e-01 4.720000e-03 3.006920e-01
265 6.938080e-01 4.660000e-03 3.015320e-01
266 6.931280e-01 4.576000e-03 3.022960e-01
267 6.923680e-01 4.584000e-03 3.030480e-01
268 6.915680e-01 4.568000e-03 3.038640e-01
269 6.908880e-01 4.396000e-03 3.047160e-01
270 6.901800e-01 4.260000e-03 3.055600e-01
271 6.894080e-01 4.196000e-03 3.063960e-01
272 6.887520e-01 4.064000e-03 3.071840e-01
273 6.878480e-01 4.272000e-03 3.078800e-01
274 6.871360e-01 4.168000e-03 3.086960e-01
275 6.864680e-01 4.168000e-03 3.093640e-01
276 6.857320e-01 4.156000e-03 3.101120e-01
277 6.849760e-01 4.268000e-03 3.107560e-01
278 6.841920e-01 4.316000e-03 3.114920e-01
279 6.834360e-01 4.300000e-03 3.122640e-01
280 6.826720e-01 4.288000e-03 3.130400e-01
281 6.819400e-01 4.248000e-03 3.138120e-01
282 6.812560e-01 4.208000e-03 3.145360e-01
283 6.805760e-01 4.120000e-03 3.153040e-01
284 6.798800e-01 4.152000e-03 3.159680e-01
285 6.791520e-01 4.140000e-03 3.167080e-01
286 6.784680e-01 4.088000e-03 3.174440e-01
287 6.777800e-01 4.076000e-03 3.181440e-01
288 6.771440e-01 3.908000e-03 3.189480e-01
289 6.766080e-01 3.700000e-03 3.196920e-01
290 6.759920e-01 3.620000e-03 3.203880e-01
291 6.754320e-01 3.552000e-03 3.210160e-01
292 6.748080e-01 3.516000e-03 3.216760e-01
293 6.742440e-01 3.428000e-03 3.223280e-01
294 6.737560e-01 3.292000e-03 3.229520e-01
295 6.733040e-01 3.212000e-03 3.234840e-01
296 6.728920e-01 3.044000e-03 3.240640e-01
297 6.724480e-01 2.960000e-03 3.245920e-01
298 6.719680e-01 2.928000e-03 3.251040e-01
299 6.714440e-01 3.016000e-03 3.255400e-01
300 6.709840e-01 2.996000e-03 3.260200e-01
301 6.706400e-01 2.812000e-03 3.265480e-01
302 6.702080e-01 2.784000e-03 3.270080e-01
303 6.697520e-01 2.848000e-03 3.274000e-01
304 6.692960e-01 2.800000e-03 3.279040e-01
305 6.688840e-01 2.696000e-03 3.284200e-01
306 6.683880e-01 2.652000e-03 3.289600e-01
307 6.679720e-01 2.580000e-03 3.294480e-01
308 6.674960e-01 2.636000e-03 3.298680e-01
309 6.670880e-01 2.564000e-03 3.303480e-01
310 6.667000e-01 2.540000e-03 3.307600e-01
311 6.663600e-01 2.440000e-03 3.312000e-01
312 6.659720e-01 2.372000e-03 3.316560e-01
313 6.655360e-01 2.388000e-03 3.320760e-01
314 6.651040e-01 2.364000e-03 3.325320e-01
315 6.646920e-01 2.300000e-03 3.330080e-01
316 6.642240e-01 2.332000e-03 3.334440e-01
317 6.638280e-01 2.276000e-03 3.338960e-01
318 6.633600e-01 2.328000e-03 3.343120e-01
319 6.629000e-01 2.440000e-03 3.346600e-01
320 6.623880e-01 2.500000e-03 3.351120e-01
321 6.619400e-01 2.452000e-03 3.356080e-01
322 6.615440e-01 2.384000e-03 3.360720e-01
323 6.610720e-01 2.464000e-03 3.364640e-01
324 6.605800e-01 2.508000e-03 3.369120e-01
325 6.601320e-01 2.536000e-03 3.373320e-01
326 6.597000e-01 2.540000e-03 3.377600e-01
327 6.592680e-01 2.496000e-03 3.382360e-01
328 6.588640e-01 2.476000e-03 3.386600e-01
329 6.583360e-01 2.600000e-03 3.390640e-01
330 6.578760e-01 2.636000e-03 3.394880e-01
331 6.573240e-01 2.720000e-03 3.399560e-01
332 6.569240e-01 2.672000e-03 3.404040e-01
333 6.563560e-01 2.760000e-03 3.408840e-01
334 6.558760e-01 2.760000e-03 3.413640e-01
335 6.553200e-01 2.860000e-03 3.418200e-01
336 6.547960e-01 2.808000e-03 3.423960e-01
337 6.543240e-01 2.852000e-03 3.428240e-01
338 6.538320e-01 2.820000e-03 3.433480e-01
339 6.533640e-01 2.824000e-03 3.438120e-01
340 6.529600e-01 2.732000e-03 3.443080e-01
341 6.525280e-01 2.704000e-03 3.447680e-01
342 6.521160e-01 2.620000e-03 3.452640e-01
343 6.516400e-01 2.608000e-03 3.457520e-01
344 6.512360e-01 2.560000e-03 3.462040e-01
345 6.509160e-01 2.396000e-03 3.466880e-01
346 6.506360e-01 2.308000e-03 3.470560e-01
347 6.502400e-01 2.376000e-03 3.473840e-01
348 6.498560e-01 2.324000e-03 3.478200e-01
349 6.495400e-01 2.236000e-03 3.482240e-01
350 6.491240e-01 2.276000e-03 3.486000e-01
351 6.487760e-01 2.216000e-03 3.490080e-01
352 6.483880e-01 2.256000e-03 3.493560e-01
353 6.480920e-01 2.172000e-03 3.497360e-01
354 6.477520e-01 2.120000e-03 3.501280e-01
355 6.473160e-01 2.244000e-03 3.504400e-01
356 6.469320e-01 2.224000e-03 3.508440e-01
357 6.465840e-01 2.188000e-03 3.512280e-01
358 6.461440e-01 2.276000e-03 3.515800e-01
359 6.457920e-01 2.288000e-03 3.519200e-01
360 6.453760e-01 2.352000e-03 3.522720e-01
361 6.449800e-01 2.356000e-03 3.526640e-01
362 6.445520e-01 2.380000e-03 3.530680e-01
363 6.440880e-01 2.380000e-03 3.535320e-01
364 6.437440e-01 2.300000e-03 3.539560e-01
365 6.433240e-01 2.336000e-03 3.543400e-01
366 6.429520e-01 2.376000e-03 3.546720e-01
367 6.425600e-01 2.340000e-03 3.551000e-01
368 6.422400e-01 2.236000e-03 3.555240e-01
369 6.418840e-01 2.116000e-03 3.560000e-01
370 6.415760e-01 2.120000e-03 3.563040e-01
371 6.413280e-01 1.972000e-03 3.567000e-01
372 6.410280e-01 1.952000e-03 3.570200e-01
373 6.406800e-01 1.992000e-03 3.573280e-01
374 6.403800e-01 2.016000e-03 3.576040e-01
375 6.400600e-01 1.984000e-03 3.579560e-01
376 6.396880e-01 1.980000e-03 3.583320e-01
377 6.393720e-01 1.948000e-03 3.586800e-01
378 6.390960e-01 1.868000e-03 3.590360e-01
379 6.388160e-01 1.876000e-03 3.593080e-01
380 6.385200e-01 1.888000e-03 3.595920e-01
381 6.382920e-01 1.772000e-03 3.599360e-01
382 6.379640e-01 1.804000e-03 3.602320e-01
383 6.376240e-01 1.828000e-03 3.605480e-01
384 6.373080e-01 1.852000e-03 3.608400e-01
385 6.370200e-01 1.872000e-03 3.611080e-01
386 6.366760e-01 1.876000e-03 3.614480e-01
387 6.363200e-01 1.916000e-03 3.617640e-01
388 6.360320e-01 1.868000e-03 3.621000e-01
389 6.356600e-01 1.928000e-03 3.624120e-01
390 6.353520e-01 1.940000e-03 3.627080e-01
391 6.350680e-01 1.864000e-03 3.630680e-01
392 6.347720e-01 1.820000e-03 3.634080e-01
393 6.345320e-01 1.728000e-03 3.637400e-01
394 6.342240e-01 1.772000e-03 3.640040e-01
395 6.339120e-01 1.752000e-03 3.643360e-01
396 6.336200e-01 1.700000e-03 3.646800e-01
397 6.333440e-01 1.688000e-03 3.649680e-01
398 6.329920e-01 1.720000e-03 3.652880e-01
399 6.327880e-01 1.600000e-03 3.656120e-01
400 6.325920e-01 1.504000e-03 3.659040e-01
401 6.323880e-01 1.488000e-03 3.661240e-01
402 6.321520e-01 1.468000e-03 3.663800e-01
403 6.318480e-01 1.544000e-03 3.666080e-01
404 6.316000e-01 1.512000e-03 3.668880e-01
405 6.313280e-01 1.524000e-03 3.671480e-01
406 6.310480e-01 1.540000e-03 3.674120e-01
407 6.308080e-01 1.528000e-03 3.676640e-01
408 6.304440e-01 1.632000e-03 3.679240e-01
409 6.302360e-01 1.536000e-03 3.682280e-01
410 6.299920e-01 1.540000e-03 3.684680e-01
411 6.297280e-01 1.536000e-03 3.687360e-01
412 6.294680e-01 1.512000e-03 3.690200e-01
413 6.292000e-01 1.520000e-03 3.692800e-01
414 6.289760e-01 1.512000e-03 3.695120e-01
415 6.287400e-01 1.436000e-03 3.698240e-01
416 6.284200e-01 1.524000e-03 3.700560e-01
417 6.281360e-01 1.568000e-03 3.702960e-01
418 6.278360e-01 1.592000e-03 3.705720e-01
419 6.275640e-01 1.580000e-03 3.708560e-01
420 6.272280e-01 1.644000e-03 3.711280e-01
421 6.269760e-01 1.596000e-03 3.714280e-01
422 6.266800e-01 1.620000e-03 3.717000e-01
423 6.263760e-01 1.680000e-03 3.719440e-01
424 6.261040e-01 1.644000e-03 3.722520e-01
425 6.258400e-01 1.608000e-03 3.725520e-01
426 6.255360e-01 1.664000e-03 3.728000e-01
427 6.252760e-01 1.648000e-03 3.730760e-01
428 6.249640e-01 1.648000e-03 3.733880e-01
429 6.246640e-01 1.692000e-03 3.736440e-01
430 6.243000e-01 1.740000e-03 3.739600e-01
431 6.239600e-01 1.784000e-03 3.742560e-01
432 6.236240e-01 1.748000e-03 3.746280e-01
433 6.232560e-01 1.760000e-03 3.749840e-01
434 6.229680e-01 1.756000e-03 3.752760e-01
435 6.225840e-01 1.820000e-03 3.755960e-01
436 6.222520e-01 1.768000e-03 3.759800e-01
437 6.218520e-01 1.912000e-03 3.762360e-01
438 6.214880e-01 1.924000e-03 3.765880e-01
439 6.210800e-01 2.000000e-03 3.769200e-01
440 6.207280e-01 2.040000e-03 3.772320e-01
441 6.203400e-01 2.076000e-03 3.775840e-01
442 6.200160e-01 2.036000e-03 3.779480e-01
443 6.197600e-01 2.004000e-03 3.782360e-01
444 6.195680e-01 1.868000e-03 3.785640e-01
445 6.193120e-01 1.736000e-03 3.789520e-01
446 6.190920e-01 1.644000e-03 3.792640e-01
447 6.188960e-01 1.508000e-03 3.795960e-01
448 6.186840e-01 1.464000e-03 3.798520e-01
449 6.184320e-01 1.468000e-03 3.801000e-01
450 6.182400e-01 1.432000e-03 3.803280e-01
451 6.180120e-01 1.384000e-03 3.806040e-01
452 6.177880e-01 1.320000e-03 3.808920e-01
453 6.175720e-01 1.276000e-03 3.811520e-01
454 6.173240e-01 1.300000e-03 3.813760e-01
455 6.171080e-01 1.252000e-03 3.816400e-01
456 6.168760e-01 1.288000e-03 3.818360e-01
457 6.166880e-01 1.284000e-03 3.820280e-01
458 6.164120e-01 1.324000e-03 3.822640e-01
459 6.161560e-01 1.344000e-03 3.825000e-01
460 6.159040e-01 1.340000e-03 3.827560e-01
461 6.156280e-01 1.388000e-03 3.829840e-01
462 6.153360e-01 1.436000e-03 3.832280e-01
463 6.150760e-01 1.440000e-03 3.834840e-01
464 6.148800e-01 1.388000e-03 3.837320e-01
465 6.146840e-01 1.300000e-03 3.840160e-01
466 6.144200e-01 1.328000e-03 3.842520e-01
467 6.141960e-01 1.316000e-03 3.844880e-01
468 6.139480e-01 1.300000e-03 3.847520e-01
469 6.137240e-01 1.304000e-03 3.849720e-01
470 6.135320e-01 1.316000e-03 3.851520e-01
471 6.133320e-01 1.280000e-03 3.853880e-01
472 6.131440e-01 1.220000e-03 3.856360e-01
473 6.129880e-01 1.144000e-03 3.858680e-01
474 6.128160e-01 1.124000e-03 3.860600e-01
475 6.126560e-01 1.084000e-03 3.862600e-01
476 6.124840e-01 1.056000e-03 3.864600e-01
477 6.123040e-01 1.032000e-03 3.866640e-01
478 6.121040e-01 1.076000e-03 3.868200e-01
479 6.119720e-01 1.024000e-03 3.870040e-01
480 6.118040e-01 1.012000e-03 3.871840e-01
481 6.116200e-01 1.040000e-03 3.873400e-01
482 6.114120e-01 1.076000e-03 3.875120e-01
483 6.112280e-01 1.072000e-03 3.877000e-01
484 6.110360e-01 1.100000e-03 3.878640e-01
485 6.108400e-01 1.076000e-03 3.880840e-01
486 6.106800e-01 1.008000e-03 3.883120e-01
487 6.104800e-01 1.052000e-03 3.884680e-01
488 6.103280e-01 1.044000e-03 3.886280e-01
489 6.101640e-01 1.052000e-03 3.887840e-01
490 6.099960e-01 1.028000e-03 3.889760e-01
491 6.098440e-01 9.480000e-04 3.892080e-01
492 6.096920e-01 9.080000e-04 3.894000e-01
493 6.095080e-01 9.760000e-04 3.895160e-01
494 6.093720e-01 9.440000e-04 3.896840e-01
495 6.092120e-01 9.480000e-04 3.898400e-01
496 6.090600e-01 9.120000e-04 3.900280e-01
497 6.089560e-01 8.440000e-04 3.902000e-01
498 6.088480e-01 8.160000e-04 3.903360e-01
499 6.087400e-01 7.800000e-04 3.904800e-01
500 6.086440e-01 7.400000e-04 3.906160e-01
