1 9.991840e-01 7.200000e-04 9.600000e-05
2 9.986280e-01 1.132000e-03 2.400000e-04
3 9.980640e-01 1.488000e-03 4.480000e-04
4 9.973960e-01 1.872000e-03 7.320000e-04
5 9.967320e-01 2.172000e-03 1.096000e-03
6 9.959360e-01 2.552000e-03 1.512000e-03
7 9.951320e-01 2.920000e-03 1.948000e-03
8 9.943760e-01 3.136000e-03 2.488000e-03
9 9.935400e-01 3.368000e-03 3.092000e-03
10 9.926840e-01 3.704000e-03 3.612000e-03
11 9.917200e-01 3.888000e-03 4.392000e-03
12 9.908760e-01 4.052000e-03 5.072000e-03
13 9.899920e-01 4.176000e-03 5.832000e-03
14 9.890800e-01 4.388000e-03 6.532000e-03
15 9.882360e-01 4.396000e-03 7.368000e-03
16 9.873080e-01 4.504000e-03 8.188000e-03
17 9.863160e-01 4.700000e-03 8.984000e-03
18 9.852440e-01 4.916000e-03 9.840000e-03
19 9.841120e-01 5.136000e-03 1.075200e-02
20 9.830040e-01 5.340000e-03 1.165600e-02
21 9.818400e-01 5.536000e-03 1.262400e-02
22 9.806400e-01 5.800000e-03 1.356000e-02
23 9.794960e-01 5.948000e-03 1.455600e-02
24 9.783480e-01 6.076000e-03 1.557600e-02
25 9.773040e-01 6.116000e-03 1.658000e-02
26 9.761760e-01 6.100000e-03 1.772400e-02
27 9.751400e-01 5.984000e-03 1.887600e-02
28 9.739440e-01 6.172000e-03 1.988400e-02
29 9.726200e-01 6.388000e-03 2.099200e-02
30 9.713160e-01 6.452000e-03 2.223200e-02
31 9.699960e-01 6.616000e-03 2.338800e-02
32 9.687000e-01 6.676000e-03 2.462400e-02
33 9.675240e-01 6.768000e-03 2.570800e-02
34 9.662560e-01 6.876000e-03 2.686800e-02
35 9.648880e-01 7.048000e-03 2.806400e-02
36 9.635080e-01 7.132000e-03 2.936000e-02
37 9.622120e-01 7.184000e-03 3.060400e-02
38 9.607680e-01 7.376000e-03 3.185600e-02
39 9.595240e-01 7.496000e-03 3.298000e-02
40 9.581640e-01 7.528000e-03 3.430800e-02
41 9.568760e-01 7.504000e-03 3.562000e-02
42 9.554600e-01 7.620000e-03 3.692000e-02
43 9.539760e-01 7.852000e-03 3.817200e-02
44 9.525280e-01 7.940000e-03 3.953200e-02
45 9.510760e-01 7.996000e-03 4.092800e-02
46 9.496040e-01 8.156000e-03 4.224000e-02
47 9.481240e-01 8.100000e-03 4.377600e-02
48 9.465040e-01 8.256000e-03 4.524000e-02
49 9.450720e-01 8.260000e-03 4.666800e-02
50 9.436640e-01 8.192000e-03 4.814400e-02
51 9.420440e-01 8.348000e-03 4.960800e-02
52 9.405360e-01 8.368000e-03 5.109600e-02
53 9.390280e-01 8.396000e-03 5.257600e-02
54 9.375880e-01 8.424000e-03 5.398800e-02
55 9.359920e-01 8.556000e-03 5.545200e-02
56 9.344840e-01 8.528000e-03 5.698800e-02
57 9.329320e-01 8.636000e-03 5.843200e-02
58 9.312960e-01 8.792000e-03 5.991200e-02
59 9.298240e-01 8.760000e-03 6.141600e-02
60 9.283160e-01 8.796000e-03 6.288800e-02
61 9.269440e-01 8.636000e-03 6.442000e-02
62 9.255400e-01 8.588000e-03 6.587200e-02
63 9.240400e-01 8.684000e-03 6.727600e-02
64 9.225480e-01 8.656000e-03 6.879600e-02
65 9.211720e-01 8.576000e-03 7.025200e-02
66 9.198240e-01 8.408000e-03 7.176800e-02
67 9.184440e-01 8.412000e-03 7.314400e-02
68 9.169200e-01 8.408000e-03 7.467200e-02
69 9.153840e-01 8.500000e-03 7.611600e-02
70 9.139040e-01 8.464000e-03 7.763200e-02
71 9.125000e-01 8.260000e-03 7.924000e-02
72 9.112200e-01 8.120000e-03 8.066000e-02
73 9.098240e-01 8.192000e-03 8.198400e-02
74 9.082320e-01 8.360000e-03 8.340800e-02
75 9.066680e-01 8.508000e-03 8.482400e-02
76 9.052680e-01 8.412000e-03 8.632000e-02
77 9.038880e-01 8.184000e-03 8.792800e-02
78 9.025680e-01 8.028000e-03 8.940400e-02
79 9.011840e-01 7.912000e-03 9.090400e-02
80 8.999360e-01 7.788000e-03 9.227600e-02
81 8.985680e-01 7.904000e-03 9.352800e-02
82 8.971440e-01 7.960000e-03 9.489600e-02
83 8.956040e-01 8.076000e-03 9.632000e-02
84 8.942000e-01 8.204000e-03 9.759600e-02
85 8.927520e-01 8.256000e-03 9.899200e-02
86 8.914360e-01 8.156000e-03 1.004080e-01
87 8.900960e-01 8.060000e-03 1.018440e-01
88 8.887560e-01 7.920000e-03 1.033240e-01
89 8.874680e-01 7.908000e-03 1.046240e-01
90 8.862640e-01 7.640000e-03 1.060960e-01
91 8.848360e-01 7.704000e-03 1.074600e-01
92 8.833760e-01 7.760000e-03 1.088640e-01
93 8.821080e-01 7.588000e-03 1.103040e-01
94 8.809800e-01 7.452000e-03 1.115680e-01
95 8.796760e-01 7.356000e-03 1.129680e-01
96 8.783160e-01 7.380000e-03 1.143040e-01
97 8.770600e-01 7.228000e-03 1.157120e-01
98 8.757800e-01 7.276000e-03 1.169440e-01
99 8.743800e-01 7.460000e-03 1.181600e-01
100 8.731160e-01 7.484000e-03 1.194000e-01
101 8.716960e-01 7.616000e-03 1.206880e-01
102 8.702960e-01 7.732000e-03 1.219720e-01
103 8.690320e-01 7.644000e-03 1.233240e-01
104 8.678120e-01 7.600000e-03 1.245880e-01
105 8.666640e-01 7.444000e-03 1.258920e-01
106 8.655200e-01 7.368000e-03 1.271120e-01
107 8.643400e-01 7.256000e-03 1.284040e-01
108 8.632360e-01 7.040000e-03 1.297240e-01
109 8.619800e-01 7.172000e-03 1.308480e-01
110 8.608680e-01 6.944000e-03 1.321880e-01
111 8.596240e-01 6.988000e-03 1.333880e-01
112 8.584920e-01 6.980000e-03 1.345280e-01
113 8.572600e-01 6.900000e-03 1.358400e-01
114 8.561040e-01 6.932000e-03 1.369640e-01
115 8.549880e-01 6.808000e-03 1.382040e-01
116 8.537520e-01 6.716000e-03 1.395320e-01
117 8.527400e-01 6.640000e-03 1.406200e-01
118 8.517920e-01 6.400000e-03 1.418080e-01
119 8.506760e-01 6.368000e-03 1.429560e-01
120 8.496160e-01 6.388000e-03 1.439960e-01
121 8.484720e-01 6.500000e-03 1.450280e-01
122 8.474240e-01 6.504000e-03 1.460720e-01
123 8.463160e-01 6.404000e-03 1.472800e-01
124 8.451440e-01 6.416000e-03 1.484400e-01
125 8.441920e-01 6.276000e-03 1.495320e-01
126 8.432280e-01 6.228000e-03 1.505440e-01
127 8.423080e-01 5.984000e-03 1.517080e-01
128 8.412760e-01 5.876000e-03 1.528480e-01
129 8.403800e-01 5.788000e-03 1.538320e-01
130 8.392440e-01 5.936000e-03 1.548200e-01
131 8.382280e-01 5.848000e-03 1.559240e-01
132 8.372120e-01 5.932000e-03 1.568560e-01
133 8.363000e-01 5.728000e-03 1.579720e-01
134 8.353400e-01 5.732000e-03 1.589280e-01
135 8.344200e-01 5.756000e-03 1.598240e-01
136 8.333600e-01 5.732000e-03 1.609080e-01
137 8.323760e-01 5.728000e-03 1.618960e-01
138 8.315240e-01 5.740000e-03 1.627360e-01
139 8.305560e-01 5.676000e-03 1.637680e-01
140 8.296040e-01 5.648000e-03 1.647480e-01
141 8.286240e-01 5.508000e-03 1.658680e-01
142 8.274800e-01 5.708000e-03 1.668120e-01
143 8.263920e-01 5.844000e-03 1.677640e-01
144 8.252240e-01 5.984000e-03 1.687920e-01
145 8.241520e-01 6.044000e-03 1.698040e-01
146 8.231760e-01 5.936000e-03 1.708880e-01
147 8.220640e-01 5.920000e-03 1.720160e-01
148 8.209840e-01 6.060000e-03 1.729560e-01
149 8.200760e-01 6.040000e-03 1.738840e-01
150 8.190240e-01 5.968000e-03 1.750080e-01
151 8.179920e-01 5.888000e-03 1.761200e-01
152 8.170240e-01 5.916000e-03 1.770600e-01
153 8.161680e-01 5.752000e-03 1.780800e-01
154 8.153360e-01 5.520000e-03 1.791440e-01
155 8.144280e-01 5.480000e-03 1.800920e-01
156 8.136160e-01 5.416000e-03 1.809680e-01
157 8.127320e-01 5.376000e-03 1.818920e-01
158 8.118240e-01 5.392000e-03 1.827840e-01
159 8.110600e-01 5.316000e-03 1.836240e-01
160 8.101960e-01 5.292000e-03 1.845120e-01
161 8.094320e-01 5.060000e-03 1.855080e-01
162 8.085400e-01 5.108000e-03 1.863520e-01
163 8.077240e-01 5.036000e-03 1.872400e-01
164 8.068560e-01 5.024000e-03 1.881200e-01
165 8.057840e-01 5.232000e-03 1.889840e-01
166 8.048480e-01 5.264000e-03 1.898880e-01
167 8.039160e-01 5.228000e-03 1.908560e-01
168 8.031320e-01 5.204000e-03 1.916640e-01
169 8.021880e-01 5.156000e-03 1.926560e-01
170 8.012800e-01 5.180000e-03 1.935400e-01
171 8.003480e-01 5.144000e-03 1.945080e-01
172 7.995680e-01 5.096000e-03 1.953360e-01
173 7.986160e-01 5.160000e-03 1.962240e-01
174 7.978640e-01 5.092000e-03 1.970440e-01
175 7.969520e-01 5.132000e-03 1.979160e-01
176 7.961200e-01 5.104000e-03 1.987760e-01
177 7.952320e-01 5.048000e-03 1.997200e-01
178 7.943840e-01 5.044000e-03 2.005720e-01
179 7.936000e-01 4.976000e-03 2.014240e-01
180 7.928440e-01 4.888000e-03 2.022680e-01
181 7.921080e-01 4.768000e-03 2.031240e-01
182 7.914040e-01 4.688000e-03 2.039080e-01
183 7.907520e-01 4.580000e-03 2.046680e-01
184 7.901000e-01 4.360000e-03 2.055400e-01
185 7.893440e-01 4.392000e-03 2.062640e-01
186 7.885960e-01 4.336000e-03 2.070680e-01
187 7.878840e-01 4.340000e-03 2.077760e-01
188 7.871320e-01 4.412000e-03 2.084560e-01
189 7.864920e-01 4.188000e-03 2.093200e-01
190 7.859200e-01 4.072000e-03 2.100080e-01
191 7.852200e-01 4.000000e-03 2.107800e-01
192 7.844920e-01 4.044000e-03 2.114640e-01
193 7.836840e-01 4.124000e-03 2.121920e-01
194 7.829120e-01 4.136000e-03 2.129520e-01
195 7.820440e-01 4.228000e-03 2.137280e-01
196 7.811520e-01 4.264000e-03 2.145840e-01
197 7.803840e-01 4.312000e-03 2.153040e-01
198 7.796400e-01 4.264000e-03 2.160960e-01
199 7.788560e-01 4.264000e-03 2.168800e-01
200 7.782400e-01 4.108000e-03 2.176520e-01
201 7.775280e-01 4.132000e-03 2.183400e-01
202 7.768560e-01 4.104000e-03 2.190400e-01
203 7.761800e-01 4.000000e-03 2.198200e-01
204 7.754520e-01 4.100000e-03 2.204480e-01
205 7.747800e-01 4.096000e-03 2.211240e-01
206 7.741120e-01 4.036000e-03 2.218520e-01
207 7.733760e-01 4.072000e-03 2.225520e-01
208 7.726000e-01 4.088000e-03 2.233120e-01
209 7.718840e-01 4.124000e-03 2.239920e-01
210 7.711560e-01 4.188000e-03 2.246560e-01
211 7.703520e-01 4.264000e-03 2.253840e-01
212 7.696920e-01 4.196000e-03 2.261120e-01
213 7.690840e-01 4.072000e-03 2.268440e-01
214 7.682600e-01 4.172000e-03 2.275680e-01
215 7.674520e-01 4.164000e-03 2.283840e-01
216 7.666600e-01 4.256000e-03 2.290840e-01
217 7.658800e-01 4.300000e-03 2.298200e-01
218 7.650320e-01 4.440000e-03 2.305280e-01
219 7.643080e-01 4.392000e-03 2.313000e-01
220 7.636200e-01 4.288000e-03 2.320920e-01
221 7.629720e-01 4.200000e-03 2.328280e-01
222 7.622720e-01 4.164000e-03 2.335640e-01
223 7.614520e-01 4.296000e-03 2.342520e-01
224 7.607160e-01 4.252000e-03 2.350320e-01
225 7.600040e-01 4.200000e-03 2.357960e-01
226 7.593280e-01 4.064000e-03 2.366080e-01
227 7.586680e-01 4.096000e-03 2.372360e-01
228 7.579160e-01 4.080000e-03 2.380040e-01
229 7.572640e-01 3.944000e-03 2.387920e-01
230 7.565520e-01 3.932000e-03 2.395160e-01
231 7.558000e-01 4.008000e-03 2.401920e-01
232 7.551320e-01 4.060000e-03 2.408080e-01
233 7.543960e-01 4.060000e-03 2.415440e-01
234 7.537080e-01 4.036000e-03 2.422560e-01
235 7.530080e-01 4.040000e-03 2.429520e-01
236 7.523960e-01 3.960000e-03 2.436440e-01
237 7.517240e-01 4.016000e-03 2.442600e-01
238 7.511000e-01 3.880000e-03 2.450200e-01
239 7.503560e-01 3.956000e-03 2.456880e-01
240 7.496080e-01 4.000000e-03 2.463920e-01
241 7.490040e-01 3.908000e-03 2.470880e-01
242 7.483840e-01 3.784000e-03 2.478320e-01
243 7.477920e-01 3.692000e-03 2.485160e-01
244 7.471560e-01 3.668000e-03 2.491760e-01
245 7.465480e-01 3.560000e-03 2.498920e-01
246 7.460040e-01 3.548000e-03 2.504480e-01
247 7.454640e-01 3.452000e-03 2.510840e-01
248 7.448160e-01 3.536000e-03 2.516480e-01
249 7.442240e-01 3.576000e-03 2.522000e-01
250 7.436040e-01 3.568000e-03 2.528280e-01
251 7.430200e-01 3.528000e-03 2.534520e-01
252 7.423600e-01 3.580000e-03 2.540600e-01
253 7.417120e-01 3.608000e-03 2.546800e-01
254 7.410600e-01 3.640000e-03 2.553000e-01
255 7.403720e-01 3.744000e-03 2.558840e-01
256 7.396040e-01 3.888000e-03 2.565080e-01
257 7.388840e-01 4.004000e-03 2.571120e-01
258 7.381760e-01 4.032000e-03 2.577920e-01
259 7.374520e-01 3.968000e-03 2.585800e-01
260 7.367720e-01 4.004000e-03 2.592240e-01
261 7.360640e-01 4.028000e-03 2.599080e-01
262 7.353440e-01 4.056000e-03 2.606000e-01
263 7.346480e-01 4.024000e-03 2.613280e-01
264 7.340000e-01 3.992000e-03 2.620080e-01
265 7.332920e-01 4.060000e-03 2.626480e-01
266 7.325960e-01 4.004000e-03 2.634000e-01
267 7.319480e-01 3.920000e-03 2.641320e-01
268 7.313240e-01 3.868000e-03 2.648080e-01
269 7.306560e-01 3.840000e-03 2.655040e-01
270 7.299960e-01 3.772000e-03 2.662320e-01
271 7.292920e-01 3.848000e-03 2.668600e-01
272 7.285880e-01 3.980000e-03 2.674320e-01
273 7.279040e-01 3.952000e-03 2.681440e-01
274 7.272760e-01 3.776000e-03 2.689480e-01
275 7.266000e-01 3.828000e-03 2.695720e-01
276 7.258680e-01 3.872000e-03 2.702600e-01
277 7.251160e-01 3.960000e-03 2.709240e-01
278 7.243880e-01 4.024000e-03 2.715880e-01
279 7.235360e-01 4.072000e-03 2.723920e-01
280 7.227240e-01 4.200000e-03 2.730760e-01
281 7.219920e-01 4.212000e-03 2.737960e-01
282 7.212440e-01 4.148000e-03 2.746080e-01
283 7.206600e-01 4.028000e-03 2.753120e-01
284 7.199320e-01 3.972000e-03 2.760960e-01
285 7.192240e-01 3.992000e-03 2.767840e-01
286 7.185440e-01 3.924000e-03 2.775320e-01
287 7.179400e-01 3.852000e-03 2.782080e-01
288 7.173960e-01 3.720000e-03 2.788840e-01
289 7.167560e-01 3.728000e-03 2.795160e-01
290 7.161160e-01 3.756000e-03 2.801280e-01
291 7.155000e-01 3.712000e-03 2.807880e-01
292 7.148560e-01 3.636000e-03 2.815080e-01
293 7.141720e-01 3.744000e-03 2.820840e-01
294 7.135640e-01 3.720000e-03 2.827160e-01
295 7.129720e-01 3.736000e-03 2.832920e-01
296 7.122880e-01 3.720000e-03 2.839920e-01
297 7.115480e-01 3.888000e-03 2.845640e-01
298 7.107880e-01 4.032000e-03 2.851800e-01
299 7.100600e-01 3.956000e-03 2.859840e-01
300 7.093040e-01 3.992000e-03 2.867040e-01
301 7.086200e-01 3.864000e-03 2.875160e-01
302 7.077600e-01 4.092000e-03 2.881480e-01
303 7.069840e-01 4.120000e-03 2.888960e-01
304 7.062360e-01 4.184000e-03 2.895800e-01
305 7.054800e-01 4.168000e-03 2.903520e-01
306 7.047720e-01 4.104000e-03 2.911240e-01
307 7.041280e-01 3.996000e-03 2.918760e-01
308 7.034560e-01 3.888000e-03 2.926560e-01
309 7.028400e-01 3.788000e-03 2.933720e-01
310 7.021480e-01 3.864000e-03 2.939880e-01
311 7.015600e-01 3.652000e-03 2.947880e-01
312 7.009320e-01 3.720000e-03 2.953480e-01
313 7.002800e-01 3.696000e-03 2.960240e-01
314 6.997360e-01 3.632000e-03 2.966320e-01
315 6.990560e-01 3.668000e-03 2.972760e-01
316 6.984800e-01 3.632000e-03 2.978880e-01
317 6.978760e-01 3.724000e-03 2.984000e-01
318 6.971520e-01 3.792000e-03 2.990560e-01
319 6.965040e-01 3.708000e-03 2.997880e-01
320 6.957920e-01 3.792000e-03 3.004160e-01
321 6.951600e-01 3.756000e-03 3.010840e-01
322 6.945440e-01 3.708000e-03 3.017480e-01
323 6.939800e-01 3.660000e-03 3.023600e-01
324 6.934160e-01 3.596000e-03 3.029880e-01
325 6.927680e-01 3.512000e-03 3.037200e-01
326 6.922080e-01 3.508000e-03 3.042840e-01
327 6.917120e-01 3.400000e-03 3.048880e-01
328 6.911520e-01 3.428000e-03 3.054200e-01
329 6.905840e-01 3.448000e-03 3.059680e-01
330 6.900280e-01 3.368000e-03 3.066040e-01
331 6.894240e-01 3.336000e-03 3.072400e-01
332 6.888000e-01 3.372000e-03 3.078280e-01
333 6.883960e-01 3.220000e-03 3.083840e-01
334 6.879560e-01 3.092000e-03 3.089520e-01
335 6.873600e-01 3.204000e-03 3.094360e-01
336 6.868600e-01 3.148000e-03 3.099920e-01
337 6.863960e-01 3.064000e-03 3.105400e-01
338 6.858560e-01 3.068000e-03 3.110760e-01
339 6.853600e-01 3.052000e-03 3.115880e-01
340 6.848000e-01 3.044000e-03 3.121560e-01
341 6.843640e-01 2.888000e-03 3.127480e-01
342 6.839320e-01 2.860000e-03 3.132080e-01
343 6.834480e-01 2.864000e-03 3.136880e-01
344 6.830680e-01 2.712000e-03 3.142200e-01
345 6.826200e-01 2.660000e-03 3.147200e-01
346 6.821560e-01 2.676000e-03 3.151680e-01
347 6.816720e-01 2.692000e-03 3.156360e-01
348 6.811840e-01 2.720000e-03 3.160960e-01
349 6.807800e-01 2.604000e-03 3.166160e-01
350 6.803320e-01 2.516000e-03 3.171520e-01
351 6.799720e-01 2.368000e-03 3.176600e-01
352 6.794920e-01 2.356000e-03 3.181520e-01
353 6.790560e-01 2.356000e-03 3.185880e-01
354 6.787200e-01 2.264000e-03 3.190160e-01
355 6.783240e-01 2.248000e-03 3.194280e-01
356 6.779480e-01 2.248000e-03 3.198040e-01
357 6.774520e-01 2.248000e-03 3.203000e-01
358 6.769680e-01 2.348000e-03 3.206840e-01
359 6.764440e-01 2.504000e-03 3.210520e-01
360 6.759320e-01 2.528000e-03 3.215400e-01
361 6.754640e-01 2.540000e-03 3.219960e-01
362 6.749840e-01 2.568000e-03 3.224480e-01
363 6.745440e-01 2.516000e-03 3.229400e-01
364 6.741360e-01 2.428000e-03 3.234360e-01
365 6.737320e-01 2.436000e-03 3.238320e-01
366 6.732960e-01 2.432000e-03 3.242720e-01
367 6.728600e-01 2.440000e-03 3.247000e-01
368 6.724240e-01 2.408000e-03 3.251680e-01
369 6.719440e-01 2.488000e-03 3.255680e-01
370 6.715560e-01 2.428000e-03 3.260160e-01
371 6.710800e-01 2.476000e-03 3.264440e-01
372 6.707160e-01 2.372000e-03 3.269120e-01
373 6.703800e-01 2.268000e-03 3.273520e-01
374 6.700920e-01 2.212000e-03 3.276960e-01
375 6.697080e-01 2.192000e-03 3.281000e-01
376 6.693920e-01 2.104000e-03 3.285040e-01
377 6.690920e-01 2.052000e-03 3.288560e-01
378 6.687640e-01 1.944000e-03 3.292920e-01
379 6.685040e-01 1.864000e-03 3.296320e-01
380 6.682720e-01 1.748000e-03 3.299800e-01
381 6.679640e-01 1.720000e-03 3.303160e-01
382 6.677360e-01 1.668000e-03 3.305960e-01
383 6.674840e-01 1.676000e-03 3.308400e-01
384 6.672240e-01 1.600000e-03 3.311760e-01
385 6.669840e-01 1.552000e-03 3.314640e-01
386 6.666760e-01 1.556000e-03 3.317680e-01
387 6.663960e-01 1.544000e-03 3.320600e-01
388 6.661040e-01 1.532000e-03 3.323640e-01
389 6.658280e-01 1.520000e-03 3.326520e-01
390 6.655200e-01 1.572000e-03 3.329080e-01
391 6.652240e-01 1.600000e-03 3.331760e-01
392 6.649360e-01 1.616000e-03 3.334480e-01
393 6.646080e-01 1.636000e-03 3.337560e-01
394 6.642960e-01 1.640000e-03 3.340640e-01
395 6.640280e-01 1.628000e-03 3.343440e-01
396 6.636840e-01 1.700000e-03 3.346160e-01
397 6.634320e-01 1.620000e-03 3.349480e-01
398 6.631760e-01 1.652000e-03 3.351720e-01
399 6.628720e-01 1.708000e-03 3.354200e-01
400 6.626240e-01 1.668000e-03 3.357080e-01
401 6.623720e-01 1.696000e-03 3.359320e-01
402 6.620880e-01 1.608000e-03 3.363040e-01
403 6.618480e-01 1.600000e-03 3.365520e-01
404 6.616040e-01 1.540000e-03 3.368560e-01
405 6.613760e-01 1.456000e-03 3.371680e-01
406 6.610920e-01 1.524000e-03 3.373840e-01
407 6.608760e-01 1.532000e-03 3.375920e-01
408 6.606880e-01 1.464000e-03 3.378480e-01
409 6.604440e-01 1.512000e-03 3.380440e-01
410 6.601720e-01 1.500000e-03 3.383280e-01
411 6.599000e-01 1.504000e-03 3.385960e-01
412 6.596680e-01 1.492000e-03 3.388400e-01
413 6.594120e-01 1.492000e-03 3.390960e-01
414 6.591000e-01 1.560000e-03 3.393400e-01
415 6.588440e-01 1.528000e-03 3.396280e-01
416 6.585400e-01 1.616000e-03 3.398440e-01
417 6.581880e-01 1.708000e-03 3.401040e-01
418 6.578480e-01 1.780000e-03 3.403720e-01
419 6.575560e-01 1.768000e-03 3.406760e-01
420 6.572400e-01 1.760000e-03 3.410000e-01
421 6.569160e-01 1.752000e-03 3.413320e-01
422 6.566360e-01 1.756000e-03 3.416080e-01
423 6.562920e-01 1.816000e-03 3.418920e-01
424 6.559600e-01 1.800000e-03 3.422400e-01
425 6.555640e-01 1.888000e-03 3.425480e-01
426 6.552120e-01 1.892000e-03 3.428960e-01
427 6.548560e-01 1.952000e-03 3.431920e-01
428 6.544880e-01 1.976000e-03 3.435360e-01
429 6.541360e-01 2.000000e-03 3.438640e-01
430 6.537920e-01 1.976000e-03 3.442320e-01
431 6.534520e-01 1.952000e-03 3.445960e-01
432 6.531960e-01 1.852000e-03 3.449520e-01
433 6.528720e-01 1.856000e-03 3.452720e-01
434 6.525960e-01 1.780000e-03 3.456240e-01
435 6.523000e-01 1.720000e-03 3.459800e-01
436 6.520600e-01 1.696000e-03 3.462440e-01
437 6.517920e-01 1.660000e-03 3.465480e-01
438 6.515520e-01 1.556000e-03 3.468920e-01
439 6.513280e-01 1.452000e-03 3.472200e-01
440 6.511360e-01 1.384000e-03 3.474800e-01
441 6.509280e-01 1.420000e-03 3.476520e-01
442 6.506720e-01 1.424000e-03 3.479040e-01
443 6.504000e-01 1.424000e-03 3.481760e-01
444 6.502320e-01 1.372000e-03 3.483960e-01
445 6.499760e-01 1.416000e-03 3.486080e-01
446 6.497480e-01 1.392000e-03 3.488600e-01
447 6.495440e-01 1.364000e-03 3.490920e-01
448 6.493880e-01 1.280000e-03 3.493320e-01
449 6.491720e-01 1.284000e-03 3.495440e-01
450 6.489080e-01 1.328000e-03 3.497640e-01
451 6.486120e-01 1.404000e-03 3.499840e-01
452 6.483080e-01 1.508000e-03 3.501840e-01
453 6.480080e-01 1.568000e-03 3.504240e-01
454 6.477040e-01 1.564000e-03 3.507320e-01
455 6.473720e-01 1.656000e-03 3.509720e-01
456 6.470920e-01 1.604000e-03 3.513040e-01
457 6.468440e-01 1.604000e-03 3.515520e-01
458 6.465240e-01 1.596000e-03 3.518800e-01
459 6.462440e-01 1.620000e-03 3.521360e-01
460 6.459640e-01 1.636000e-03 3.524000e-01
461 6.456440e-01 1.656000e-03 3.527000e-01
462 6.453760e-01 1.616000e-03 3.530080e-01
463 6.451520e-01 1.504000e-03 3.533440e-01
464 6.449200e-01 1.468000e-03 3.536120e-01
465 6.446640e-01 1.496000e-03 3.538400e-01
466 6.444600e-01 1.428000e-03 3.541120e-01
467 6.442560e-01 1.392000e-03 3.543520e-01
468 6.440360e-01 1.352000e-03 3.546120e-01
469 6.438280e-01 1.272000e-03 3.549000e-01
470 6.436640e-01 1.248000e-03 3.550880e-01
471 6.434760e-01 1.212000e-03 3.553120e-01
472 6.432960e-01 1.184000e-03 3.555200e-01
473 6.431160e-01 1.196000e-03 3.556880e-01
474 6.429320e-01 1.144000e-03 3.559240e-01
475 6.427920e-01 1.096000e-03 3.561120e-01
476 6.426040e-01 1.140000e-03 3.562560e-01
477 6.424560e-01 1.092000e-03 3.564520e-01
478 6.423080e-01 1.008000e-03 3.566840e-01
479 6.421600e-01 1.016000e-03 3.568240e-01
480 6.420200e-01 9.320000e-04 3.570480e-01
481 6.418640e-01 9.360000e-04 3.572000e-01
482 6.417440e-01 9.360000e-04 3.573200e-01
483 6.415920e-01 9.680000e-04 3.574400e-01
484 6.414280e-01 9.880000e-04 3.575840e-01
485 6.412440e-01 1.012000e-03 3.577440e-01
486 6.411200e-01 9.240000e-04 3.579560e-01
487 6.410000e-01 8.920000e-04 3.581080e-01
488 6.408280e-01 9.280000e-04 3.582440e-01
489 6.406920e-01 9.120000e-04 3.583960e-01
490 6.405520e-01 9.120000e-04 3.585360e-01
491 6.404200e-01 9.040000e-04 3.586760e-01
492 6.401800e-01 9.480000e-04 3.588720e-01
493 6.400000e-01 9.920000e-04 3.590080e-01
494 6.398160e-01 9.600000e-04 3.592240e-01
495 6.396680e-01 9.440000e-04 3.593880e-01
496 6.395000e-01 9.680000e-04 3.595320e-01
497 6.392960e-01 1.044000e-03 3.596600e-01
498 6.391040e-01 1.068000e-03 3.598280e-01
499 6.389280e-01 1.052000e-03 3.600200e-01
500 6.386920e-01 1.120000e-03 3.601880e-01
