1 9.992360e-01 6.800000e-04 8.400000e-05
2 9.987000e-01 1.100000e-03 2.000000e-04
3 9.980920e-01 1.472000e-03 4.360000e-04
4 9.972880e-01 1.956000e-03 7.560000e-04
5 9.965760e-01 2.296000e-03 1.128000e-03
6 9.956960e-01 2.668000e-03 1.636000e-03
7 9.948240e-01 3.032000e-03 2.144000e-03
8 9.939120e-01 3.348000e-03 2.740000e-03
9 9.929200e-01 3.744000e-03 3.336000e-03
10 9.919440e-01 4.120000e-03 3.936000e-03
11 9.908360e-01 4.592000e-03 4.572000e-03
12 9.897080e-01 4.904000e-03 5.388000e-03
13 9.886040e-01 5.132000e-03 6.264000e-03
14 9.874880e-01 5.352000e-03 7.160000e-03
15 9.863240e-01 5.636000e-03 8.040000e-03
16 9.852880e-01 5.600000e-03 9.112000e-03
17 9.841080e-01 5.832000e-03 1.006000e-02
18 9.828480e-01 6.112000e-03 1.104000e-02
19 9.817040e-01 6.200000e-03 1.209600e-02
20 9.805200e-01 6.308000e-03 1.317200e-02
21 9.793840e-01 6.400000e-03 1.421600e-02
22 9.780360e-01 6.620000e-03 1.534400e-02
23 9.767800e-01 6.676000e-03 1.654400e-02
24 9.753560e-01 6.944000e-03 1.770000e-02
25 9.740760e-01 6.972000e-03 1.895200e-02
26 9.727120e-01 7.080000e-03 2.020800e-02
27 9.713200e-01 7.248000e-03 2.143200e-02
28 9.699880e-01 7.212000e-03 2.280000e-02
29 9.686000e-01 7.316000e-03 2.408400e-02
30 9.672240e-01 7.300000e-03 2.547600e-02
31 9.656880e-01 7.496000e-03 2.681600e-02
32 9.641720e-01 7.696000e-03 2.813200e-02
33 9.627960e-01 7.736000e-03 2.946800e-02
34 9.612080e-01 7.912000e-03 3.088000e-02
35 9.595760e-01 8.256000e-03 3.216800e-02
36 9.580280e-01 8.448000e-03 3.352400e-02
37 9.562680e-01 8.804000e-03 3.492800e-02
38 9.547080e-01 8.828000e-03 3.646400e-02
39 9.530520e-01 9.024000e-03 3.792400e-02
40 9.513400e-01 9.192000e-03 3.946800e-02
41 9.496760e-01 9.204000e-03 4.112000e-02
42 9.478520e-01 9.568000e-03 4.258000e-02
43 9.461760e-01 9.732000e-03 4.409200e-02
44 9.443920e-01 9.864000e-03 4.574400e-02
45 9.424240e-01 1.006000e-02 4.751600e-02
46 9.404640e-01 1.036400e-02 4.917200e-02
47 9.386360e-01 1.031600e-02 5.104800e-02
48 9.369880e-01 1.008000e-02 5.293200e-02
49 9.353240e-01 1.014400e-02 5.453200e-02
50 9.336520e-01 1.006800e-02 5.628000e-02
51 9.319160e-01 1.005200e-02 5.803200e-02
52 9.302400e-01 9.880000e-03 5.988000e-02
53 9.286360e-01 9.816000e-03 6.154800e-02
54 9.269720e-01 9.836000e-03 6.319200e-02
55 9.253280e-01 9.716000e-03 6.495600e-02
56 9.235760e-01 9.728000e-03 6.669600e-02
57 9.217240e-01 9.920000e-03 6.835600e-02
58 9.200640e-01 9.752000e-03 7.018400e-02
59 9.182960e-01 9.792000e-03 7.191200e-02
60 9.166120e-01 9.776000e-03 7.361200e-02
61 9.148120e-01 9.916000e-03 7.527200e-02
62 9.129160e-01 1.002400e-02 7.706000e-02
63 9.111080e-01 1.009600e-02 7.879600e-02
64 9.093600e-01 1.011200e-02 8.052800e-02
65 9.076240e-01 1.002400e-02 8.235200e-02
66 9.058880e-01 1.002400e-02 8.408800e-02
67 9.039320e-01 1.022000e-02 8.584800e-02
68 9.021360e-01 1.034800e-02 8.751600e-02
69 9.000560e-01 1.065600e-02 8.928800e-02
70 8.979680e-01 1.088400e-02 9.114800e-02
71 8.958800e-01 1.103600e-02 9.308400e-02
72 8.939560e-01 1.104400e-02 9.500000e-02
73 8.919760e-01 1.121200e-02 9.681200e-02
74 8.900640e-01 1.102400e-02 9.891200e-02
75 8.880480e-01 1.100800e-02 1.009440e-01
76 8.860560e-01 1.106000e-02 1.028840e-01
77 8.841160e-01 1.106400e-02 1.048200e-01
78 8.822480e-01 1.092400e-02 1.068280e-01
79 8.801760e-01 1.103200e-02 1.087920e-01
80 8.781960e-01 1.114800e-02 1.106560e-01
81 8.763160e-01 1.116400e-02 1.125200e-01
82 8.743160e-01 1.123600e-02 1.144480e-01
83 8.723680e-01 1.120800e-02 1.164240e-01
84 8.702800e-01 1.122800e-02 1.184920e-01
85 8.681920e-01 1.112000e-02 1.206880e-01
86 8.662920e-01 1.108000e-02 1.226280e-01
87 8.642880e-01 1.121600e-02 1.244960e-01
88 8.624440e-01 1.113600e-02 1.264200e-01
89 8.604680e-01 1.115200e-02 1.283800e-01
90 8.587360e-01 1.092000e-02 1.303440e-01
91 8.569440e-01 1.082400e-02 1.322320e-01
92 8.550720e-01 1.063200e-02 1.342960e-01
93 8.533400e-01 1.051200e-02 1.361480e-01
94 8.517040e-01 1.020000e-02 1.380960e-01
95 8.498160e-01 1.035200e-02 1.398320e-01
96 8.477520e-01 1.054400e-02 1.417040e-01
97 8.458040e-01 1.068400e-02 1.435120e-01
98 8.438680e-01 1.092000e-02 1.452120e-01
99 8.420120e-01 1.090400e-02 1.470840e-01
100 8.403000e-01 1.072000e-02 1.489800e-01
101 8.385480e-01 1.054800e-02 1.509040e-01
102 8.367320e-01 1.062800e-02 1.526400e-01
103 8.348840e-01 1.070000e-02 1.544160e-01
104 8.330360e-01 1.064000e-02 1.563240e-01
105 8.312160e-01 1.072000e-02 1.580640e-01
106 8.294560e-01 1.069600e-02 1.598480e-01
107 8.277600e-01 1.042400e-02 1.618160e-01
108 8.261000e-01 1.022800e-02 1.636720e-01
109 8.243720e-01 1.012400e-02 1.655040e-01
110 8.228640e-01 9.888000e-03 1.672480e-01
111 8.211520e-01 9.904000e-03 1.689440e-01
112 8.193920e-01 9.796000e-03 1.708120e-01
113 8.177360e-01 9.744000e-03 1.725200e-01
114 8.160120e-01 9.712000e-03 1.742760e-01
115 8.145280e-01 9.468000e-03 1.760040e-01
116 8.128120e-01 9.496000e-03 1.776920e-01
117 8.111320e-01 9.508000e-03 1.793600e-01
118 8.095240e-01 9.400000e-03 1.810760e-01
119 8.080400e-01 9.312000e-03 1.826480e-01
120 8.064760e-01 9.308000e-03 1.842160e-01
121 8.049120e-01 9.220000e-03 1.858680e-01
122 8.032840e-01 9.212000e-03 1.875040e-01
123 8.015680e-01 9.244000e-03 1.891880e-01
124 8.000000e-01 9.104000e-03 1.908960e-01
125 7.984840e-01 9.036000e-03 1.924800e-01
126 7.968720e-01 8.972000e-03 1.941560e-01
127 7.951880e-01 9.172000e-03 1.956400e-01
128 7.935320e-01 9.208000e-03 1.972600e-01
129 7.918520e-01 9.244000e-03 1.989040e-01
130 7.902320e-01 9.192000e-03 2.005760e-01
131 7.886760e-01 9.112000e-03 2.022120e-01
132 7.872680e-01 8.896000e-03 2.038360e-01
133 7.857560e-01 8.848000e-03 2.053960e-01
134 7.842280e-01 8.904000e-03 2.068680e-01
135 7.828040e-01 8.852000e-03 2.083440e-01
136 7.812120e-01 9.032000e-03 2.097560e-01
137 7.796720e-01 8.924000e-03 2.114040e-01
138 7.782000e-01 8.824000e-03 2.129760e-01
139 7.767520e-01 8.740000e-03 2.145080e-01
140 7.753520e-01 8.552000e-03 2.160960e-01
141 7.740160e-01 8.292000e-03 2.176920e-01
142 7.727480e-01 8.232000e-03 2.190200e-01
143 7.713680e-01 8.312000e-03 2.203200e-01
144 7.699640e-01 8.312000e-03 2.217240e-01
145 7.683760e-01 8.484000e-03 2.231400e-01
146 7.669120e-01 8.512000e-03 2.245760e-01
147 7.654080e-01 8.556000e-03 2.260360e-01
148 7.639800e-01 8.476000e-03 2.275440e-01
149 7.626640e-01 8.368000e-03 2.289680e-01
150 7.612400e-01 8.360000e-03 2.304000e-01
151 7.597640e-01 8.384000e-03 2.318520e-01
152 7.584320e-01 8.156000e-03 2.334120e-01
153 7.570040e-01 8.116000e-03 2.348800e-01
154 7.557160e-01 8.052000e-03 2.362320e-01
155 7.543040e-01 8.088000e-03 2.376080e-01
156 7.528600e-01 8.124000e-03 2.390160e-01
157 7.514480e-01 8.088000e-03 2.404640e-01
158 7.499240e-01 8.124000e-03 2.419520e-01
159 7.485520e-01 8.256000e-03 2.431920e-01
160 7.471920e-01 8.032000e-03 2.447760e-01
161 7.458760e-01 7.924000e-03 2.462000e-01
162 7.446080e-01 7.908000e-03 2.474840e-01
163 7.434360e-01 7.636000e-03 2.489280e-01
164 7.423040e-01 7.464000e-03 2.502320e-01
165 7.411040e-01 7.332000e-03 2.515640e-01
166 7.397880e-01 7.316000e-03 2.528960e-01
167 7.385240e-01 7.276000e-03 2.542000e-01
168 7.373280e-01 7.244000e-03 2.554280e-01
169 7.362000e-01 7.104000e-03 2.566960e-01
170 7.349560e-01 7.200000e-03 2.578440e-01
171 7.337040e-01 7.160000e-03 2.591360e-01
172 7.324520e-01 7.192000e-03 2.603560e-01
173 7.313040e-01 7.144000e-03 2.615520e-01
174 7.302240e-01 6.956000e-03 2.628200e-01
175 7.291000e-01 6.820000e-03 2.640800e-01
176 7.280080e-01 6.752000e-03 2.652400e-01
177 7.268120e-01 6.708000e-03 2.664800e-01
178 7.255880e-01 6.828000e-03 2.675840e-01
179 7.244640e-01 6.724000e-03 2.688120e-01
180 7.232720e-01 6.784000e-03 2.699440e-01
181 7.221640e-01 6.816000e-03 2.710200e-01
182 7.211000e-01 6.692000e-03 2.722080e-01
183 7.200080e-01 6.584000e-03 2.734080e-01
184 7.189520e-01 6.616000e-03 2.744320e-01
185 7.180480e-01 6.408000e-03 2.755440e-01
186 7.169040e-01 6.448000e-03 2.766480e-01
187 7.158680e-01 6.444000e-03 2.776880e-01
188 7.147920e-01 6.288000e-03 2.789200e-01
189 7.137480e-01 6.124000e-03 2.801280e-01
190 7.127600e-01 5.992000e-03 2.812480e-01
191 7.115880e-01 6.148000e-03 2.822640e-01
192 7.105520e-01 6.088000e-03 2.833600e-01
193 7.094840e-01 6.136000e-03 2.843800e-01
194 7.084760e-01 6.140000e-03 2.853840e-01
195 7.074600e-01 6.048000e-03 2.864920e-01
196 7.065120e-01 6.032000e-03 2.874560e-01
197 7.056400e-01 5.700000e-03 2.886600e-01
198 7.046800e-01 5.712000e-03 2.896080e-01
199 7.036400e-01 5.852000e-03 2.905080e-01
200 7.027040e-01 5.796000e-03 2.915000e-01
201 7.018080e-01 5.676000e-03 2.925160e-01
202 7.007320e-01 5.804000e-03 2.934640e-01
203 6.998680e-01 5.620000e-03 2.945120e-01
204 6.988400e-01 5.624000e-03 2.955360e-01
205 6.978280e-01 5.732000e-03 2.964400e-01
206 6.968120e-01 5.604000e-03 2.975840e-01
207 6.959200e-01 5.620000e-03 2.984600e-01
208 6.950240e-01 5.524000e-03 2.994520e-01
209 6.940880e-01 5.460000e-03 3.004520e-01
210 6.932400e-01 5.332000e-03 3.014280e-01
211 6.923920e-01 5.260000e-03 3.023480e-01
212 6.915040e-01 5.252000e-03 3.032440e-01
213 6.905040e-01 5.376000e-03 3.041200e-01
214 6.895680e-01 5.424000e-03 3.050080e-01
215 6.886760e-01 5.428000e-03 3.058960e-01
216 6.876520e-01 5.512000e-03 3.068360e-01
217 6.866720e-01 5.460000e-03 3.078680e-01
218 6.857600e-01 5.376000e-03 3.088640e-01
219 6.848800e-01 5.248000e-03 3.098720e-01
220 6.838840e-01 5.304000e-03 3.108120e-01
221 6.829920e-01 5.292000e-03 3.117160e-01
222 6.822200e-01 5.104000e-03 3.126760e-01
223 6.813080e-01 5.120000e-03 3.135720e-01
224 6.804200e-01 5.068000e-03 3.145120e-01
225 6.795640e-01 4.980000e-03 3.154560e-01
226 6.787960e-01 4.892000e-03 3.163120e-01
227 6.780240e-01 4.700000e-03 3.172760e-01
228 6.773040e-01 4.652000e-03 3.180440e-01
229 6.764960e-01 4.716000e-03 3.187880e-01
230 6.757680e-01 4.648000e-03 3.195840e-01
231 6.750840e-01 4.512000e-03 3.204040e-01
232 6.743400e-01 4.480000e-03 3.211800e-01
233 6.737360e-01 4.232000e-03 3.220320e-01
234 6.729920e-01 4.216000e-03 3.227920e-01
235 6.722040e-01 4.240000e-03 3.235560e-01
236 6.713960e-01 4.256000e-03 3.243480e-01
237 6.706720e-01 4.244000e-03 3.250840e-01
238 6.698800e-01 4.252000e-03 3.258680e-01
239 6.690440e-01 4.364000e-03 3.265920e-01
240 6.682960e-01 4.412000e-03 3.272920e-01
241 6.675040e-01 4.388000e-03 3.281080e-01
242 6.667960e-01 4.312000e-03 3.288920e-01
243 6.660160e-01 4.376000e-03 3.296080e-01
244 6.652520e-01 4.412000e-03 3.303360e-01
245 6.644640e-01 4.340000e-03 3.311960e-01
246 6.636400e-01 4.464000e-03 3.318960e-01
247 6.628360e-01 4.508000e-03 3.326560e-01
248 6.619920e-01 4.600000e-03 3.334080e-01
249 6.611040e-01 4.644000e-03 3.342520e-01
250 6.603080e-01 4.632000e-03 3.350600e-01
251 6.595000e-01 4.688000e-03 3.358120e-01
252 6.587160e-01 4.588000e-03 3.366960e-01
253 6.580560e-01 4.424000e-03 3.375200e-01
254 6.573800e-01 4.320000e-03 3.383000e-01
255 6.567640e-01 4.228000e-03 3.390080e-01
256 6.560440e-01 4.256000e-03 3.397000e-01
257 6.552640e-01 4.244000e-03 3.404920e-01
258 6.545280e-01 4.184000e-03 3.412880e-01
259 6.537680e-01 4.216000e-03 3.420160e-01
260 6.530080e-01 4.284000e-03 3.427080e-01
261 6.522040e-01 4.332000e-03 3.434640e-01
262 6.514120e-01 4.396000e-03 3.441920e-01
263 6.506400e-01 4.420000e-03 3.449400e-01
264 6.499600e-01 4.292000e-03 3.457480e-01
265 6.492600e-01 4.308000e-03 3.464320e-01
266 6.485640e-01 4.288000e-03 3.471480e-01
267 6.479000e-01 4.204000e-03 3.478960e-01
268 6.473040e-01 3.976000e-03 3.487200e-01
269 6.466560e-01 3.940000e-03 3.494040e-01
270 6.460360e-01 3.836000e-03 3.501280e-01
271 6.454080e-01 3.904000e-03 3.506880e-01
272 6.448680e-01 3.844000e-03 3.512880e-01
273 6.442720e-01 3.708000e-03 3.520200e-01
274 6.436120e-01 3.736000e-03 3.526520e-01
275 6.429120e-01 3.728000e-03 3.533600e-01
276 6.422920e-01 3.684000e-03 3.540240e-01
277 6.416080e-01 3.740000e-03 3.546520e-01
278 6.408960e-01 3.688000e-03 3.554160e-01
279 6.403120e-01 3.640000e-03 3.560480e-01
280 6.397600e-01 3.564000e-03 3.566760e-01
281 6.390920e-01 3.512000e-03 3.573960e-01
282 6.385160e-01 3.552000e-03 3.579320e-01
283 6.379680e-01 3.512000e-03 3.585200e-01
284 6.374400e-01 3.380000e-03 3.591800e-01
285 6.369000e-01 3.356000e-03 3.597440e-01
286 6.363320e-01 3.320000e-03 3.603480e-01
287 6.357520e-01 3.320000e-03 3.609280e-01
288 6.351520e-01 3.252000e-03 3.615960e-01
289 6.346760e-01 3.132000e-03 3.621920e-01
290 6.341960e-01 2.996000e-03 3.628080e-01
291 6.336600e-01 3.028000e-03 3.633120e-01
292 6.331680e-01 3.028000e-03 3.638040e-01
293 6.326440e-01 3.032000e-03 3.643240e-01
294 6.321320e-01 3.004000e-03 3.648640e-01
295 6.316600e-01 2.976000e-03 3.653640e-01
296 6.311000e-01 2.988000e-03 3.659120e-01
297 6.305760e-01 2.976000e-03 3.664480e-01
298 6.299840e-01 3.092000e-03 3.669240e-01
299 6.295200e-01 3.040000e-03 3.674400e-01
300 6.290200e-01 3.036000e-03 3.679440e-01
301 6.285600e-01 3.028000e-03 3.684120e-01
302 6.280800e-01 2.952000e-03 3.689680e-01
303 6.275760e-01 2.984000e-03 3.694400e-01
304 6.270600e-01 2.984000e-03 3.699560e-01
305 6.265160e-01 3.020000e-03 3.704640e-01
306 6.261000e-01 2.808000e-03 3.710920e-01
307 6.256120e-01 2.712000e-03 3.716760e-01
308 6.250720e-01 2.796000e-03 3.721320e-01
309 6.246640e-01 2.672000e-03 3.726640e-01
310 6.242920e-01 2.596000e-03 3.731120e-01
311 6.238760e-01 2.556000e-03 3.735680e-01
312 6.234680e-01 2.532000e-03 3.740000e-01
313 6.231080e-01 2.368000e-03 3.745240e-01
314 6.227080e-01 2.340000e-03 3.749520e-01
315 6.223840e-01 2.248000e-03 3.753680e-01
316 6.220680e-01 2.168000e-03 3.757640e-01
317 6.217480e-01 2.164000e-03 3.760880e-01
318 6.214160e-01 2.140000e-03 3.764440e-01
319 6.210480e-01 2.112000e-03 3.768400e-01
320 6.206600e-01 2.152000e-03 3.771880e-01
321 6.202720e-01 2.144000e-03 3.775840e-01
322 6.198600e-01 2.204000e-03 3.779360e-01
323 6.195280e-01 2.168000e-03 3.783040e-01
324 6.192000e-01 2.112000e-03 3.786880e-01
325 6.189480e-01 1.976000e-03 3.790760e-01
326 6.187200e-01 1.860000e-03 3.794200e-01
327 6.183800e-01 1.896000e-03 3.797240e-01
328 6.181360e-01 1.844000e-03 3.800200e-01
329 6.178880e-01 1.804000e-03 3.803080e-01
330 6.176200e-01 1.848000e-03 3.805320e-01
331 6.174440e-01 1.708000e-03 3.808480e-01
332 6.171720e-01 1.700000e-03 3.811280e-01
333 6.169000e-01 1.680000e-03 3.814200e-01
334 6.166120e-01 1.744000e-03 3.816440e-01
335 6.163360e-01 1.740000e-03 3.819240e-01
336 6.160840e-01 1.692000e-03 3.822240e-01
337 6.158200e-01 1.668000e-03 3.825120e-01
338 6.155840e-01 1.656000e-03 3.827600e-01
339 6.153600e-01 1.592000e-03 3.830480e-01
340 6.151600e-01 1.508000e-03 3.833320e-01
341 6.149240e-01 1.520000e-03 3.835560e-01
342 6.146960e-01 1.492000e-03 3.838120e-01
343 6.144960e-01 1.372000e-03 3.841320e-01
344 6.143000e-01 1.340000e-03 3.843600e-01
345 6.141360e-01 1.276000e-03 3.845880e-01
346 6.139240e-01 1.292000e-03 3.847840e-01
347 6.137000e-01 1.312000e-03 3.849880e-01
348 6.135280e-01 1.228000e-03 3.852440e-01
349 6.133240e-01 1.220000e-03 3.854560e-01
350 6.131400e-01 1.176000e-03 3.856840e-01
351 6.129480e-01 1.172000e-03 3.858800e-01
352 6.127640e-01 1.176000e-03 3.860600e-01
353 6.125520e-01 1.168000e-03 3.862800e-01
354 6.123240e-01 1.184000e-03 3.864920e-01
355 6.121560e-01 1.152000e-03 3.866920e-01
356 6.119120e-01 1.156000e-03 3.869320e-01
357 6.117400e-01 1.084000e-03 3.871760e-01
358 6.115840e-01 1.064000e-03 3.873520e-01
359 6.114320e-01 1.056000e-03 3.875120e-01
360 6.112200e-01 1.064000e-03 3.877160e-01
361 6.110280e-01 1.072000e-03 3.879000e-01
362 6.107960e-01 1.056000e-03 3.881480e-01
363 6.106240e-01 1.056000e-03 3.883200e-01
364 6.104280e-01 1.044000e-03 3.885280e-01
365 6.102040e-01 1.080000e-03 3.887160e-01
366 6.099720e-01 1.076000e-03 3.889520e-01
367 6.096560e-01 1.216000e-03 3.891280e-01
368 6.093840e-01 1.296000e-03 3.893200e-01
369 6.091040e-01 1.380000e-03 3.895160e-01
370 6.088000e-01 1.484000e-03 3.897160e-01
371 6.085360e-01 1.512000e-03 3.899520e-01
372 6.082160e-01 1.504000e-03 3.902800e-01
373 6.079160e-01 1.544000e-03 3.905400e-01
374 6.076400e-01 1.560000e-03 3.908000e-01
375 6.073640e-01 1.552000e-03 3.910840e-01
376 6.071440e-01 1.548000e-03 3.913080e-01
377 6.069120e-01 1.488000e-03 3.916000e-01
378 6.066440e-01 1.512000e-03 3.918440e-01
379 6.063880e-01 1.480000e-03 3.921320e-01
380 6.061080e-01 1.528000e-03 3.923640e-01
381 6.057440e-01 1.656000e-03 3.926000e-01
382 6.053800e-01 1.712000e-03 3.929080e-01
383 6.051160e-01 1.656000e-03 3.932280e-01
384 6.048560e-01 1.648000e-03 3.934960e-01
385 6.045760e-01 1.616000e-03 3.938080e-01
386 6.043200e-01 1.612000e-03 3.940680e-01
387 6.040680e-01 1.548000e-03 3.943840e-01
388 6.037760e-01 1.560000e-03 3.946640e-01
389 6.035080e-01 1.564000e-03 3.949280e-01
390 6.032240e-01 1.580000e-03 3.951960e-01
391 6.029680e-01 1.556000e-03 3.954760e-01
392 6.027480e-01 1.520000e-03 3.957320e-01
393 6.024600e-01 1.520000e-03 3.960200e-01
394 6.022760e-01 1.444000e-03 3.962800e-01
395 6.020040e-01 1.444000e-03 3.965520e-01
396 6.017680e-01 1.408000e-03 3.968240e-01
397 6.015880e-01 1.324000e-03 3.970880e-01
398 6.014160e-01 1.204000e-03 3.973800e-01
399 6.012680e-01 1.132000e-03 3.976000e-01
400 6.010800e-01 1.128000e-03 3.977920e-01
401 6.008520e-01 1.172000e-03 3.979760e-01
402 6.006240e-01 1.216000e-03 3.981600e-01
403 6.003920e-01 1.232000e-03 3.983760e-01
404 6.001920e-01 1.252000e-03 3.985560e-01
405 6.000160e-01 1.160000e-03 3.988240e-01
406 5.998080e-01 1.192000e-03 3.990000e-01
407 5.995640e-01 1.224000e-03 3.992120e-01
408 5.993520e-01 1.184000e-03 3.994640e-01
409 5.991000e-01 1.196000e-03 3.997040e-01
410 5.988800e-01 1.144000e-03 3.999760e-01
411 5.987080e-01 1.064000e-03 4.002280e-01
412 5.985240e-01 1.080000e-03 4.003960e-01
413 5.982680e-01 1.180000e-03 4.005520e-01
414 5.980080e-01 1.196000e-03 4.007960e-01
415 5.977640e-01 1.236000e-03 4.010000e-01
416 5.975600e-01 1.176000e-03 4.012640e-01
417 5.973600e-01 1.200000e-03 4.014400e-01
418 5.971760e-01 1.188000e-03 4.016360e-01
419 5.968760e-01 1.228000e-03 4.018960e-01
420 5.966640e-01 1.228000e-03 4.021080e-01
421 5.965120e-01 1.180000e-03 4.023080e-01
422 5.963120e-01 1.204000e-03 4.024840e-01
423 5.961480e-01 1.124000e-03 4.027280e-01
424 5.959880e-01 1.100000e-03 4.029120e-01
425 5.957920e-01 1.112000e-03 4.030960e-01
426 5.956320e-01 1.092000e-03 4.032760e-01
427 5.954280e-01 1.124000e-03 4.034480e-01
428 5.952760e-01 1.084000e-03 4.036400e-01
429 5.951160e-01 1.044000e-03 4.038400e-01
430 5.949520e-01 1.028000e-03 4.040200e-01
431 5.947960e-01 1.028000e-03 4.041760e-01
432 5.946440e-01 1.008000e-03 4.043480e-01
433 5.944280e-01 1.064000e-03 4.045080e-01
434 5.942160e-01 1.104000e-03 4.046800e-01
435 5.940080e-01 1.100000e-03 4.048920e-01
436 5.938040e-01 1.104000e-03 4.050920e-01
437 5.935640e-01 1.092000e-03 4.053440e-01
438 5.934280e-01 1.020000e-03 4.055520e-01
439 5.933000e-01 9.800000e-04 4.057200e-01
440 5.931000e-01 1.000000e-03 4.059000e-01
441 5.929560e-01 9.800000e-04 4.060640e-01
442 5.928240e-01 9.320000e-04 4.062440e-01
443 5.926600e-01 9.120000e-04 4.064280e-01
444 5.925120e-01 9.000000e-04 4.065880e-01
445 5.923960e-01 8.440000e-04 4.067600e-01
446 5.922800e-01 8.000000e-04 4.069200e-01
447 5.921040e-01 8.040000e-04 4.070920e-01
448 5.919280e-01 8.400000e-04 4.072320e-01
449 5.917360e-01 9.000000e-04 4.073640e-01
450 5.915680e-01 9.040000e-04 4.075280e-01
451 5.914480e-01 8.880000e-04 4.076640e-01
452 5.912960e-01 8.760000e-04 4.078280e-01
453 5.911240e-01 9.120000e-04 4.079640e-01
454 5.909440e-01 9.720000e-04 4.080840e-01
455 5.907800e-01 9.360000e-04 4.082840e-01
456 5.905800e-01 9.560000e-04 4.084640e-01
457 5.903880e-01 9.840000e-04 4.086280e-01
458 5.901880e-01 1.040000e-03 4.087720e-01
459 5.900320e-01 1.040000e-03 4.089280e-01
460 5.898400e-01 1.044000e-03 4.091160e-01
461 5.896720e-01 1.040000e-03 4.092880e-01
462 5.895600e-01 9.640000e-04 4.094760e-01
463 5.894080e-01 9.120000e-04 4.096800e-01
464 5.892960e-01 8.920000e-04 4.098120e-01
465 5.891680e-01 8.720000e-04 4.099600e-01
466 5.890200e-01 9.040000e-04 4.100760e-01
467 5.888400e-01 9.000000e-04 4.102600e-01
468 5.886440e-01 9.720000e-04 4.103840e-01
469 5.884200e-01 1.040000e-03 4.105400e-01
470 5.882600e-01 1.012000e-03 4.107280e-01
471 5.880840e-01 1.004000e-03 4.109120e-01
472 5.879400e-01 9.880000e-04 4.110720e-01
473 5.878080e-01 9.040000e-04 4.112880e-01
474 5.876920e-01 8.880000e-04 4.114200e-01
475 5.875920e-01 8.240000e-04 4.115840e-01
476 5.874760e-01 7.480000e-04 4.117760e-01
477 5.873680e-01 7.320000e-04 4.119000e-01
478 5.872640e-01 6.840000e-04 4.120520e-01
479 5.871640e-01 6.760000e-04 4.121600e-01
480 5.871080e-01 6.240000e-04 4.122680e-01
481 5.870120e-01 6.200000e-04 4.123680e-01
482 5.869520e-01 5.720000e-04 4.124760e-01
483 5.868400e-01 6.200000e-04 4.125400e-01
484 5.866960e-01 6.240000e-04 4.126800e-01
485 5.865840e-01 6.080000e-04 4.128080e-01
486 5.864600e-01 6.560000e-04 4.128840e-01
487 5.863800e-01 6.400000e-04 4.129800e-01
488 5.863160e-01 5.680000e-04 4.131160e-01
489 5.862400e-01 5.480000e-04 4.132120e-01
490 5.861400e-01 5.440000e-04 4.133160e-01
491 5.860720e-01 5.000000e-04 4.134280e-01
492 5.859640e-01 5.280000e-04 4.135080e-01
493 5.858640e-01 5.440000e-04 4.135920e-01
494 5.858040e-01 5.160000e-04 4.136800e-01
495 5.857440e-01 4.920000e-04 4.137640e-01
496 5.857080e-01 4.560000e-04 4.138360e-01
497 5.856320e-01 4.520000e-04 4.139160e-01
498 5.855640e-01 4.360000e-04 4.140000e-01
499 5.855320e-01 3.920000e-04 4.140760e-01
500 5.854960e-01 3.560000e-04 4.141480e-01
