1 9.990600e-01 8.600000e-04 8.000000e-05
2 9.983240e-01 1.408000e-03 2.680000e-04
3 9.975160e-01 1.928000e-03 5.560000e-04
4 9.967160e-01 2.340000e-03 9.440000e-04
5 9.958360e-01 2.780000e-03 1.384000e-03
6 9.948480e-01 3.168000e-03 1.984000e-03
7 9.938240e-01 3.640000e-03 2.536000e-03
8 9.927280e-01 4.052000e-03 3.220000e-03
9 9.915200e-01 4.548000e-03 3.932000e-03
10 9.902960e-01 5.088000e-03 4.616000e-03
11 9.891080e-01 5.320000e-03 5.572000e-03
12 9.876880e-01 5.736000e-03 6.576000e-03
13 9.863480e-01 6.080000e-03 7.572000e-03
14 9.850280e-01 6.192000e-03 8.780000e-03
15 9.836280e-01 6.548000e-03 9.824000e-03
16 9.822440e-01 6.780000e-03 1.097600e-02
17 9.807600e-01 7.064000e-03 1.217600e-02
18 9.790760e-01 7.600000e-03 1.332400e-02
19 9.776240e-01 7.764000e-03 1.461200e-02
20 9.759880e-01 8.044000e-03 1.596800e-02
21 9.743320e-01 8.148000e-03 1.752000e-02
22 9.727080e-01 8.304000e-03 1.898800e-02
23 9.709720e-01 8.532000e-03 2.049600e-02
24 9.693040e-01 8.636000e-03 2.206000e-02
25 9.674240e-01 8.876000e-03 2.370000e-02
26 9.657960e-01 8.884000e-03 2.532000e-02
27 9.640480e-01 9.072000e-03 2.688000e-02
28 9.622880e-01 9.220000e-03 2.849200e-02
29 9.604560e-01 9.476000e-03 3.006800e-02
30 9.588560e-01 9.344000e-03 3.180000e-02
31 9.570040e-01 9.600000e-03 3.339600e-02
32 9.553120e-01 9.668000e-03 3.502000e-02
33 9.534720e-01 9.780000e-03 3.674800e-02
34 9.518360e-01 9.744000e-03 3.842000e-02
35 9.500200e-01 9.880000e-03 4.010000e-02
36 9.481920e-01 1.007600e-02 4.173200e-02
37 9.462160e-01 1.024800e-02 4.353600e-02
38 9.441840e-01 1.046400e-02 4.535200e-02
39 9.422760e-01 1.054800e-02 4.717600e-02
40 9.404200e-01 1.054000e-02 4.904000e-02
41 9.385400e-01 1.056800e-02 5.089200e-02
42 9.366880e-01 1.055200e-02 5.276000e-02
43 9.348280e-01 1.052800e-02 5.464400e-02
44 9.330120e-01 1.046000e-02 5.652800e-02
45 9.310720e-01 1.054000e-02 5.838800e-02
46 9.291000e-01 1.062800e-02 6.027200e-02
47 9.270320e-01 1.075600e-02 6.221200e-02
48 9.249400e-01 1.087200e-02 6.418800e-02
49 9.228680e-01 1.110800e-02 6.602400e-02
50 9.209200e-01 1.114400e-02 6.793600e-02
51 9.188760e-01 1.128800e-02 6.983600e-02
52 9.168080e-01 1.146800e-02 7.172400e-02
53 9.146520e-01 1.170000e-02 7.364800e-02
54 9.126040e-01 1.169600e-02 7.570000e-02
55 9.105960e-01 1.174800e-02 7.765600e-02
56 9.086680e-01 1.167200e-02 7.966000e-02
57 9.066760e-01 1.166800e-02 8.165600e-02
58 9.047960e-01 1.149200e-02 8.371200e-02
59 9.027400e-01 1.167600e-02 8.558400e-02
60 9.006400e-01 1.178400e-02 8.757600e-02
61 8.985320e-01 1.192800e-02 8.954000e-02
62 8.964960e-01 1.188800e-02 9.161600e-02
63 8.947240e-01 1.162000e-02 9.365600e-02
64 8.926600e-01 1.180800e-02 9.553200e-02
65 8.905240e-01 1.178800e-02 9.768800e-02
66 8.884760e-01 1.170800e-02 9.981600e-02
67 8.866080e-01 1.141600e-02 1.019760e-01
68 8.846600e-01 1.135600e-02 1.039840e-01
69 8.827120e-01 1.140000e-02 1.058880e-01
70 8.805960e-01 1.144400e-02 1.079600e-01
71 8.787600e-01 1.135200e-02 1.098880e-01
72 8.765840e-01 1.150800e-02 1.119080e-01
73 8.745840e-01 1.144400e-02 1.139720e-01
74 8.725200e-01 1.143200e-02 1.160480e-01
75 8.705520e-01 1.144000e-02 1.180080e-01
76 8.685560e-01 1.139600e-02 1.200480e-01
77 8.667080e-01 1.116800e-02 1.221240e-01
78 8.648040e-01 1.114800e-02 1.240480e-01
79 8.628840e-01 1.103200e-02 1.260840e-01
80 8.610600e-01 1.092000e-02 1.280200e-01
81 8.594040e-01 1.078800e-02 1.298080e-01
82 8.577000e-01 1.064000e-02 1.316600e-01
83 8.560080e-01 1.060400e-02 1.333880e-01
84 8.542760e-01 1.040000e-02 1.353240e-01
85 8.525600e-01 1.037600e-02 1.370640e-01
86 8.508040e-01 1.015200e-02 1.390440e-01
87 8.490920e-01 9.996000e-03 1.409120e-01
88 8.476280e-01 9.616000e-03 1.427560e-01
89 8.460280e-01 9.488000e-03 1.444840e-01
90 8.444600e-01 9.284000e-03 1.462560e-01
91 8.429160e-01 9.164000e-03 1.479200e-01
92 8.412680e-01 9.116000e-03 1.496160e-01
93 8.397720e-01 9.136000e-03 1.510920e-01
94 8.382520e-01 9.128000e-03 1.526200e-01
95 8.367480e-01 8.996000e-03 1.542560e-01
96 8.352320e-01 8.912000e-03 1.558560e-01
97 8.336160e-01 9.024000e-03 1.573600e-01
98 8.320840e-01 9.120000e-03 1.587960e-01
99 8.305160e-01 8.948000e-03 1.605360e-01
100 8.289240e-01 8.912000e-03 1.621640e-01
101 8.274600e-01 8.868000e-03 1.636720e-01
102 8.259400e-01 8.812000e-03 1.652480e-01
103 8.244160e-01 8.680000e-03 1.669040e-01
104 8.227760e-01 8.620000e-03 1.686040e-01
105 8.214120e-01 8.384000e-03 1.702040e-01
106 8.199160e-01 8.356000e-03 1.717280e-01
107 8.183480e-01 8.460000e-03 1.731920e-01
108 8.166600e-01 8.620000e-03 1.747200e-01
109 8.151280e-01 8.592000e-03 1.762800e-01
110 8.136520e-01 8.544000e-03 1.778040e-01
111 8.122400e-01 8.488000e-03 1.792720e-01
112 8.108600e-01 8.328000e-03 1.808120e-01
113 8.095080e-01 8.316000e-03 1.821760e-01
114 8.081480e-01 8.284000e-03 1.835680e-01
115 8.067480e-01 8.212000e-03 1.850400e-01
116 8.053120e-01 8.296000e-03 1.863920e-01
117 8.037760e-01 8.272000e-03 1.879520e-01
118 8.023760e-01 8.356000e-03 1.892680e-01
119 8.010040e-01 8.368000e-03 1.906280e-01
120 7.995920e-01 8.252000e-03 1.921560e-01
121 7.982960e-01 8.088000e-03 1.936160e-01
122 7.970480e-01 7.984000e-03 1.949680e-01
123 7.957360e-01 8.000000e-03 1.962640e-01
124 7.943280e-01 8.008000e-03 1.976640e-01
125 7.929400e-01 7.980000e-03 1.990800e-01
126 7.915000e-01 8.104000e-03 2.003960e-01
127 7.903400e-01 7.848000e-03 2.018120e-01
128 7.889920e-01 7.800000e-03 2.032080e-01
129 7.876720e-01 7.684000e-03 2.046440e-01
130 7.864280e-01 7.628000e-03 2.059440e-01
131 7.852680e-01 7.500000e-03 2.072320e-01
132 7.841800e-01 7.364000e-03 2.084560e-01
133 7.829880e-01 7.300000e-03 2.097120e-01
134 7.817040e-01 7.232000e-03 2.110640e-01
135 7.804680e-01 7.200000e-03 2.123320e-01
136 7.793200e-01 7.028000e-03 2.136520e-01
137 7.780920e-01 7.032000e-03 2.148760e-01
138 7.769640e-01 6.980000e-03 2.160560e-01
139 7.758920e-01 6.800000e-03 2.173080e-01
140 7.746880e-01 6.768000e-03 2.185440e-01
141 7.735280e-01 6.632000e-03 2.198400e-01
142 7.723960e-01 6.688000e-03 2.209160e-01
143 7.713680e-01 6.468000e-03 2.221640e-01
144 7.702640e-01 6.436000e-03 2.233000e-01
145 7.692720e-01 6.208000e-03 2.245200e-01
146 7.681440e-01 6.268000e-03 2.255880e-01
147 7.669720e-01 6.312000e-03 2.267160e-01
148 7.660320e-01 6.240000e-03 2.277280e-01
149 7.649640e-01 6.216000e-03 2.288200e-01
150 7.638600e-01 6.140000e-03 2.300000e-01
151 7.629600e-01 5.980000e-03 2.310600e-01
152 7.619280e-01 6.044000e-03 2.320280e-01
153 7.609120e-01 6.028000e-03 2.330600e-01
154 7.599600e-01 5.976000e-03 2.340640e-01
155 7.589440e-01 5.956000e-03 2.351000e-01
156 7.578760e-01 6.064000e-03 2.360600e-01
157 7.568520e-01 6.052000e-03 2.370960e-01
158 7.557720e-01 6.032000e-03 2.381960e-01
159 7.547840e-01 5.996000e-03 2.392200e-01
160 7.537280e-01 5.988000e-03 2.402840e-01
161 7.527960e-01 5.860000e-03 2.413440e-01
162 7.517120e-01 5.912000e-03 2.423760e-01
163 7.506600e-01 5.988000e-03 2.433520e-01
164 7.495720e-01 6.020000e-03 2.444080e-01
165 7.484480e-01 6.052000e-03 2.455000e-01
166 7.473640e-01 6.188000e-03 2.464480e-01
167 7.462560e-01 6.220000e-03 2.475240e-01
168 7.452160e-01 6.160000e-03 2.486240e-01
169 7.442000e-01 6.156000e-03 2.496440e-01
170 7.433720e-01 5.980000e-03 2.506480e-01
171 7.423840e-01 5.868000e-03 2.517480e-01
172 7.414360e-01 5.824000e-03 2.527400e-01
173 7.405240e-01 5.704000e-03 2.537720e-01
174 7.395040e-01 5.684000e-03 2.548120e-01
175 7.384640e-01 5.632000e-03 2.559040e-01
176 7.375560e-01 5.596000e-03 2.568480e-01
177 7.365760e-01 5.680000e-03 2.577440e-01
178 7.357400e-01 5.516000e-03 2.587440e-01
179 7.349280e-01 5.456000e-03 2.596160e-01
180 7.340720e-01 5.376000e-03 2.605520e-01
181 7.331480e-01 5.324000e-03 2.615280e-01
182 7.323480e-01 5.236000e-03 2.624160e-01
183 7.315920e-01 5.100000e-03 2.633080e-01
184 7.309040e-01 4.872000e-03 2.642240e-01
185 7.301080e-01 4.820000e-03 2.650720e-01
186 7.294120e-01 4.716000e-03 2.658720e-01
187 7.286800e-01 4.660000e-03 2.666600e-01
188 7.279520e-01 4.604000e-03 2.674440e-01
189 7.272600e-01 4.548000e-03 2.681920e-01
190 7.265800e-01 4.424000e-03 2.689960e-01
191 7.258280e-01 4.412000e-03 2.697600e-01
192 7.250080e-01 4.436000e-03 2.705560e-01
193 7.241520e-01 4.536000e-03 2.713120e-01
194 7.232280e-01 4.680000e-03 2.720920e-01
195 7.224520e-01 4.672000e-03 2.728760e-01
196 7.216720e-01 4.616000e-03 2.737120e-01
197 7.209600e-01 4.532000e-03 2.745080e-01
198 7.204000e-01 4.268000e-03 2.753320e-01
199 7.198200e-01 4.072000e-03 2.761080e-01
200 7.191960e-01 3.976000e-03 2.768280e-01
201 7.185840e-01 3.888000e-03 2.775280e-01
202 7.178440e-01 3.880000e-03 2.782760e-01
203 7.172400e-01 3.780000e-03 2.789800e-01
204 7.165000e-01 3.776000e-03 2.797240e-01
205 7.157160e-01 3.896000e-03 2.803880e-01
206 7.149280e-01 4.000000e-03 2.810720e-01
207 7.142360e-01 4.016000e-03 2.817480e-01
208 7.136480e-01 3.980000e-03 2.823720e-01
209 7.129680e-01 3.940000e-03 2.830920e-01
210 7.122480e-01 3.984000e-03 2.837680e-01
211 7.116320e-01 3.820000e-03 2.845480e-01
212 7.109960e-01 3.760000e-03 2.852440e-01
213 7.102840e-01 3.776000e-03 2.859400e-01
214 7.096520e-01 3.736000e-03 2.866120e-01
215 7.090600e-01 3.680000e-03 2.872600e-01
216 7.084840e-01 3.560000e-03 2.879560e-01
217 7.077960e-01 3.672000e-03 2.885320e-01
218 7.071600e-01 3.632000e-03 2.892080e-01
219 7.065400e-01 3.600000e-03 2.898600e-01
220 7.059480e-01 3.608000e-03 2.904440e-01
221 7.054480e-01 3.452000e-03 2.911000e-01
222 7.048600e-01 3.396000e-03 2.917440e-01
223 7.042800e-01 3.308000e-03 2.924120e-01
224 7.036520e-01 3.344000e-03 2.930040e-01
225 7.030920e-01 3.344000e-03 2.935640e-01
226 7.024480e-01 3.440000e-03 2.941120e-01
227 7.018960e-01 3.348000e-03 2.947560e-01
228 7.014040e-01 3.312000e-03 2.952840e-01
229 7.008720e-01 3.244000e-03 2.958840e-01
230 7.003840e-01 3.196000e-03 2.964200e-01
231 6.998480e-01 3.140000e-03 2.970120e-01
232 6.993080e-01 3.096000e-03 2.975960e-01
233 6.987440e-01 3.124000e-03 2.981320e-01
234 6.982080e-01 3.176000e-03 2.986160e-01
235 6.976800e-01 3.148000e-03 2.991720e-01
236 6.971800e-01 3.120000e-03 2.997000e-01
237 6.966600e-01 3.068000e-03 3.002720e-01
238 6.961000e-01 3.164000e-03 3.007360e-01
239 6.955840e-01 3.132000e-03 3.012840e-01
240 6.950080e-01 3.140000e-03 3.018520e-01
241 6.944600e-01 3.144000e-03 3.023960e-01
242 6.939200e-01 3.124000e-03 3.029560e-01
243 6.934280e-01 3.100000e-03 3.034720e-01
244 6.929280e-01 3.028000e-03 3.040440e-01
245 6.924440e-01 2.940000e-03 3.046160e-01
246 6.919640e-01 2.952000e-03 3.050840e-01
247 6.915320e-01 2.760000e-03 3.057080e-01
248 6.911360e-01 2.724000e-03 3.061400e-01
249 6.907200e-01 2.660000e-03 3.066200e-01
250 6.902040e-01 2.676000e-03 3.071200e-01
251 6.897760e-01 2.656000e-03 3.075680e-01
252 6.892960e-01 2.640000e-03 3.080640e-01
253 6.888360e-01 2.580000e-03 3.085840e-01
254 6.884280e-01 2.572000e-03 3.090000e-01
255 6.880040e-01 2.524000e-03 3.094720e-01
256 6.875120e-01 2.552000e-03 3.099360e-01
257 6.870240e-01 2.548000e-03 3.104280e-01
258 6.865160e-01 2.560000e-03 3.109240e-01
259 6.860880e-01 2.596000e-03 3.113160e-01
260 6.857080e-01 2.516000e-03 3.117760e-01
261 6.852840e-01 2.524000e-03 3.121920e-01
262 6.847920e-01 2.548000e-03 3.126600e-01
263 6.843040e-01 2.596000e-03 3.131000e-01
264 6.836880e-01 2.792000e-03 3.135200e-01
265 6.831520e-01 2.792000e-03 3.140560e-01
266 6.826080e-01 2.872000e-03 3.145200e-01
267 6.821120e-01 2.856000e-03 3.150320e-01
268 6.816280e-01 2.828000e-03 3.155440e-01
269 6.810880e-01 2.860000e-03 3.160520e-01
270 6.806040e-01 2.896000e-03 3.165000e-01
271 6.800440e-01 2.976000e-03 3.169800e-01
272 6.794960e-01 2.936000e-03 3.175680e-01
273 6.790520e-01 2.876000e-03 3.180720e-01
274 6.785400e-01 2.844000e-03 3.186160e-01
275 6.780120e-01 2.844000e-03 3.191440e-01
276 6.775360e-01 2.772000e-03 3.196920e-01
277 6.769960e-01 2.816000e-03 3.201880e-01
278 6.764280e-01 2.864000e-03 3.207080e-01
279 6.758960e-01 2.920000e-03 3.211840e-01
280 6.754320e-01 2.864000e-03 3.217040e-01
281 6.749560e-01 2.840000e-03 3.222040e-01
282 6.745440e-01 2.784000e-03 3.226720e-01
283 6.740520e-01 2.808000e-03 3.231400e-01
284 6.735880e-01 2.788000e-03 3.236240e-01
285 6.731640e-01 2.716000e-03 3.241200e-01
286 6.726560e-01 2.712000e-03 3.246320e-01
287 6.722120e-01 2.620000e-03 3.251680e-01
288 6.717600e-01 2.572000e-03 3.256680e-01
289 6.713760e-01 2.516000e-03 3.261080e-01
290 6.708600e-01 2.556000e-03 3.265840e-01
291 6.704040e-01 2.540000e-03 3.270560e-01
292 6.699600e-01 2.568000e-03 3.274720e-01
293 6.695360e-01 2.496000e-03 3.279680e-01
294 6.691120e-01 2.460000e-03 3.284280e-01
295 6.686520e-01 2.540000e-03 3.288080e-01
296 6.680680e-01 2.704000e-03 3.292280e-01
297 6.674960e-01 2.732000e-03 3.297720e-01
298 6.670040e-01 2.800000e-03 3.301960e-01
299 6.663640e-01 2.968000e-03 3.306680e-01
300 6.658040e-01 3.012000e-03 3.311840e-01
301 6.652560e-01 2.952000e-03 3.317920e-01
302 6.647160e-01 2.936000e-03 3.323480e-01
303 6.642400e-01 2.900000e-03 3.328600e-01
304 6.637560e-01 2.864000e-03 3.333800e-01
305 6.632360e-01 2.844000e-03 3.339200e-01
306 6.628040e-01 2.752000e-03 3.344440e-01
307 6.623120e-01 2.752000e-03 3.349360e-01
308 6.618920e-01 2.644000e-03 3.354640e-01
309 6.614360e-01 2.716000e-03 3.358480e-01
310 6.609360e-01 2.712000e-03 3.363520e-01
311 6.604640e-01 2.688000e-03 3.368480e-01
312 6.599840e-01 2.760000e-03 3.372560e-01
313 6.595160e-01 2.756000e-03 3.377280e-01
314 6.590720e-01 2.664000e-03 3.382640e-01
315 6.586680e-01 2.576000e-03 3.387560e-01
316 6.583480e-01 2.488000e-03 3.391640e-01
317 6.579320e-01 2.460000e-03 3.396080e-01
318 6.575960e-01 2.412000e-03 3.399920e-01
319 6.572160e-01 2.380000e-03 3.404040e-01
320 6.568480e-01 2.292000e-03 3.408600e-01
321 6.565000e-01 2.252000e-03 3.412480e-01
322 6.561320e-01 2.236000e-03 3.416320e-01
323 6.557080e-01 2.220000e-03 3.420720e-01
324 6.554200e-01 2.100000e-03 3.424800e-01
325 6.550200e-01 2.128000e-03 3.428520e-01
326 6.545760e-01 2.264000e-03 3.431600e-01
327 6.542560e-01 2.236000e-03 3.435080e-01
328 6.537800e-01 2.272000e-03 3.439480e-01
329 6.534480e-01 2.140000e-03 3.444120e-01
330 6.530240e-01 2.156000e-03 3.448200e-01
331 6.526320e-01 2.164000e-03 3.452040e-01
332 6.522000e-01 2.264000e-03 3.455360e-01
333 6.518800e-01 2.168000e-03 3.459520e-01
334 6.514720e-01 2.144000e-03 3.463840e-01
335 6.511720e-01 2.132000e-03 3.466960e-01
336 6.508000e-01 2.064000e-03 3.471360e-01
337 6.505120e-01 2.016000e-03 3.474720e-01
338 6.501360e-01 2.024000e-03 3.478400e-01
339 6.497640e-01 2.052000e-03 3.481840e-01
340 6.494120e-01 2.068000e-03 3.485200e-01
341 6.490360e-01 2.088000e-03 3.488760e-01
342 6.486760e-01 2.124000e-03 3.492000e-01
343 6.483000e-01 2.088000e-03 3.496120e-01
344 6.479400e-01 2.076000e-03 3.499840e-01
345 6.475880e-01 2.096000e-03 3.503160e-01
346 6.471960e-01 2.060000e-03 3.507440e-01
347 6.469120e-01 1.948000e-03 3.511400e-01
348 6.465840e-01 1.932000e-03 3.514840e-01
349 6.462920e-01 1.876000e-03 3.518320e-01
350 6.460520e-01 1.800000e-03 3.521480e-01
351 6.457920e-01 1.796000e-03 3.524120e-01
352 6.455760e-01 1.664000e-03 3.527600e-01
353 6.453280e-01 1.600000e-03 3.530720e-01
354 6.451480e-01 1.524000e-03 3.533280e-01
355 6.449080e-01 1.488000e-03 3.536040e-01
356 6.447080e-01 1.412000e-03 3.538800e-01
357 6.445320e-01 1.296000e-03 3.541720e-01
358 6.442960e-01 1.284000e-03 3.544200e-01
359 6.440880e-01 1.268000e-03 3.546440e-01
360 6.438280e-01 1.268000e-03 3.549040e-01
361 6.436560e-01 1.224000e-03 3.551200e-01
362 6.434360e-01 1.224000e-03 3.553400e-01
363 6.431680e-01 1.260000e-03 3.555720e-01
364 6.429440e-01 1.256000e-03 3.558000e-01
365 6.426440e-01 1.344000e-03 3.560120e-01
366 6.424160e-01 1.368000e-03 3.562160e-01
367 6.422520e-01 1.292000e-03 3.564560e-01
368 6.420520e-01 1.312000e-03 3.566360e-01
369 6.419040e-01 1.216000e-03 3.568800e-01
370 6.417240e-01 1.172000e-03 3.571040e-01
371 6.415120e-01 1.196000e-03 3.572920e-01
372 6.413400e-01 1.136000e-03 3.575240e-01
373 6.411960e-01 1.096000e-03 3.577080e-01
374 6.410200e-01 1.076000e-03 3.579040e-01
375 6.408360e-01 1.060000e-03 3.581040e-01
376 6.406720e-01 1.024000e-03 3.583040e-01
377 6.405080e-01 9.760000e-04 3.585160e-01
378 6.403720e-01 9.600000e-04 3.586680e-01
379 6.402120e-01 9.520000e-04 3.588360e-01
380 6.400600e-01 9.120000e-04 3.590280e-01
381 6.399600e-01 8.280000e-04 3.592120e-01
382 6.398120e-01 8.200000e-04 3.593680e-01
383 6.396760e-01 8.560000e-04 3.594680e-01
384 6.395800e-01 8.200000e-04 3.596000e-01
385 6.394480e-01 7.880000e-04 3.597640e-01
386 6.393040e-01 8.120000e-04 3.598840e-01
387 6.391960e-01 7.680000e-04 3.600360e-01
388 6.390760e-01 7.600000e-04 3.601640e-01
389 6.388960e-01 7.960000e-04 3.603080e-01
390 6.387680e-01 7.720000e-04 3.604600e-01
391 6.386840e-01 7.280000e-04 3.605880e-01
392 6.385520e-01 7.000000e-04 3.607480e-01
393 6.384720e-01 6.800000e-04 3.608480e-01
394 6.383920e-01 6.360000e-04 3.609720e-01
395 6.382800e-01 6.160000e-04 3.611040e-01
396 6.381680e-01 6.240000e-04 3.612080e-01
397 6.380840e-01 6.040000e-04 3.613120e-01
398 6.380400e-01 5.320000e-04 3.614280e-01
399 6.379440e-01 5.320000e-04 3.615240e-01
400 6.378560e-01 5.280000e-04 3.616160e-01
401 6.377240e-01 5.680000e-04 3.617080e-01
402 6.375800e-01 5.960000e-04 3.618240e-01
403 6.374840e-01 6.040000e-04 3.619120e-01
404 6.373560e-01 6.280000e-04 3.620160e-01
405 6.372320e-01 6.640000e-04 3.621040e-01
406 6.371280e-01 6.600000e-04 3.622120e-01
407 6.369760e-01 6.960000e-04 3.623280e-01
408 6.368400e-01 6.720000e-04 3.624880e-01
409 6.367240e-01 7.040000e-04 3.625720e-01
410 6.366200e-01 6.960000e-04 3.626840e-01
411 6.365280e-01 6.480000e-04 3.628240e-01
412 6.364560e-01 6.000000e-04 3.629440e-01
413 6.363720e-01 6.000000e-04 3.630280e-01
414 6.362920e-01 5.800000e-04 3.631280e-01
415 6.362080e-01 5.560000e-04 3.632360e-01
416 6.361480e-01 5.520000e-04 3.633000e-01
417 6.360840e-01 5.080000e-04 3.634080e-01
418 6.360640e-01 4.520000e-04 3.634840e-01
419 6.359880e-01 4.520000e-04 3.635600e-01
420 6.359320e-01 4.200000e-04 3.636480e-01
421 6.358720e-01 3.880000e-04 3.637400e-01
422 6.357880e-01 4.280000e-04 3.637840e-01
423 6.357240e-01 4.520000e-04 3.638240e-01
424 6.356880e-01 4.240000e-04 3.638880e-01
425 6.356280e-01 3.960000e-04 3.639760e-01
426 6.355480e-01 3.960000e-04 3.640560e-01
427 6.354720e-01 3.920000e-04 3.641360e-01
428 6.354120e-01 3.760000e-04 3.642120e-01
429 6.353560e-01 4.040000e-04 3.642400e-01
430 6.352640e-01 4.200000e-04 3.643160e-01
431 6.351720e-01 4.400000e-04 3.643880e-01
432 6.350800e-01 4.480000e-04 3.644720e-01
433 6.350240e-01 4.120000e-04 3.645640e-01
434 6.349320e-01 4.200000e-04 3.646480e-01
435 6.348520e-01 4.320000e-04 3.647160e-01
436 6.347840e-01 4.120000e-04 3.648040e-01
437 6.347040e-01 4.240000e-04 3.648720e-01
438 6.346680e-01 3.920000e-04 3.649400e-01
439 6.345760e-01 4.520000e-04 3.649720e-01
440 6.345120e-01 4.360000e-04 3.650520e-01
441 6.344720e-01 3.880000e-04 3.651400e-01
442 6.344280e-01 3.640000e-04 3.652080e-01
443 6.343720e-01 3.600000e-04 3.652680e-01
444 6.343200e-01 3.560000e-04 3.653240e-01
445 6.342560e-01 3.600000e-04 3.653840e-01
446 6.342040e-01 3.520000e-04 3.654440e-01
447 6.341480e-01 3.400000e-04 3.655120e-01
448 6.340880e-01 3.320000e-04 3.655800e-01
449 6.340080e-01 3.640000e-04 3.656280e-01
450 6.339400e-01 3.640000e-04 3.656960e-01
451 6.338640e-01 4.000000e-04 3.657360e-01
452 6.338240e-01 3.920000e-04 3.657840e-01
453 6.337560e-01 3.760000e-04 3.658680e-01
454 6.336920e-01 3.840000e-04 3.659240e-01
455 6.336440e-01 3.600000e-04 3.659960e-01
456 6.335840e-01 3.360000e-04 3.660800e-01
457 6.335280e-01 2.960000e-04 3.661760e-01
458 6.334760e-01 2.720000e-04 3.662520e-01
459 6.334160e-01 2.560000e-04 3.663280e-01
460 6.333360e-01 3.040000e-04 3.663600e-01
461 6.332480e-01 3.320000e-04 3.664200e-01
462 6.331960e-01 3.480000e-04 3.664560e-01
463 6.331240e-01 3.520000e-04 3.665240e-01
464 6.330760e-01 3.200000e-04 3.666040e-01
465 6.330000e-01 3.280000e-04 3.666720e-01
466 6.329360e-01 3.280000e-04 3.667360e-01
467 6.328760e-01 3.360000e-04 3.667880e-01
468 6.328000e-01 3.480000e-04 3.668520e-01
469 6.327160e-01 3.880000e-04 3.668960e-01
470 6.326000e-01 4.240000e-04 3.669760e-01
471 6.325160e-01 4.280000e-04 3.670560e-01
472 6.323880e-01 5.000000e-04 3.671120e-01
473 6.322880e-01 5.400000e-04 3.671720e-01
474 6.322200e-01 5.080000e-04 3.672720e-01
475 6.320760e-01 5.640000e-04 3.673600e-01
476 6.319840e-01 5.560000e-04 3.674600e-01
477 6.318480e-01 5.720000e-04 3.675800e-01
478 6.317200e-01 5.680000e-04 3.677120e-01
479 6.315880e-01 6.000000e-04 3.678120e-01
480 6.314640e-01 6.160000e-04 3.679200e-01
481 6.313400e-01 6.200000e-04 3.680400e-01
482 6.312560e-01 6.200000e-04 3.681240e-01
483 6.311480e-01 6.040000e-04 3.682480e-01
484 6.310480e-01 6.080000e-04 3.683440e-01
485 6.309560e-01 5.960000e-04 3.684480e-01
486 6.308720e-01 6.080000e-04 3.685200e-01
487 6.307480e-01 6.520000e-04 3.686000e-01
488 6.306720e-01 6.040000e-04 3.687240e-01
489 6.305880e-01 6.120000e-04 3.688000e-01
490 6.305240e-01 5.440000e-04 3.689320e-01
491 6.304480e-01 5.360000e-04 3.690160e-01
492 6.303720e-01 5.040000e-04 3.691240e-01
493 6.302920e-01 4.960000e-04 3.692120e-01
494 6.302200e-01 4.960000e-04 3.692840e-01
495 6.301360e-01 5.000000e-04 3.693640e-01
496 6.300640e-01 4.800000e-04 3.694560e-01
497 6.299440e-01 5.480000e-04 3.695080e-01
498 6.298600e-01 5.520000e-04 3.695880e-01
499 6.297280e-01 5.840000e-04 3.696880e-01
500 6.296320e-01 5.880000e-04 3.697800e-01
