1 9.991080e-01 8.040000e-04 8.800000e-05
2 9.985760e-01 1.128000e-03 2.960000e-04
3 9.979920e-01 1.504000e-03 5.040000e-04
4 9.972640e-01 1.952000e-03 7.840000e-04
5 9.964960e-01 2.356000e-03 1.148000e-03
6 9.957600e-01 2.640000e-03 1.600000e-03
7 9.949240e-01 2.968000e-03 2.108000e-03
8 9.939960e-01 3.344000e-03 2.660000e-03
9 9.931000e-01 3.576000e-03 3.324000e-03
10 9.921040e-01 3.944000e-03 3.952000e-03
11 9.910080e-01 4.280000e-03 4.712000e-03
12 9.896920e-01 4.836000e-03 5.472000e-03
13 9.885000e-01 5.100000e-03 6.400000e-03
14 9.873160e-01 5.412000e-03 7.272000e-03
15 9.862120e-01 5.488000e-03 8.300000e-03
16 9.850720e-01 5.632000e-03 9.296000e-03
17 9.838440e-01 5.940000e-03 1.021600e-02
18 9.824320e-01 6.300000e-03 1.126800e-02
19 9.810680e-01 6.428000e-03 1.250400e-02
20 9.798000e-01 6.496000e-03 1.370400e-02
21 9.785440e-01 6.672000e-03 1.478400e-02
22 9.772400e-01 6.740000e-03 1.602000e-02
23 9.756680e-01 7.092000e-03 1.724000e-02
24 9.742960e-01 7.100000e-03 1.860400e-02
25 9.729360e-01 7.192000e-03 1.987200e-02
26 9.714120e-01 7.428000e-03 2.116000e-02
27 9.699400e-01 7.556000e-03 2.250400e-02
28 9.687000e-01 7.480000e-03 2.382000e-02
29 9.673920e-01 7.520000e-03 2.508800e-02
30 9.659960e-01 7.552000e-03 2.645200e-02
31 9.645720e-01 7.532000e-03 2.789600e-02
32 9.632040e-01 7.588000e-03 2.920800e-02
33 9.619080e-01 7.476000e-03 3.061600e-02
34 9.605120e-01 7.556000e-03 3.193200e-02
35 9.590360e-01 7.660000e-03 3.330400e-02
36 9.577600e-01 7.592000e-03 3.464800e-02
37 9.564240e-01 7.616000e-03 3.596000e-02
38 9.549880e-01 7.624000e-03 3.738800e-02
39 9.535960e-01 7.700000e-03 3.870400e-02
40 9.523040e-01 7.684000e-03 4.001200e-02
41 9.507640e-01 7.896000e-03 4.134000e-02
42 9.494680e-01 7.808000e-03 4.272400e-02
43 9.480840e-01 7.796000e-03 4.412000e-02
44 9.467800e-01 7.928000e-03 4.529200e-02
45 9.454240e-01 7.932000e-03 4.664400e-02
46 9.439960e-01 7.964000e-03 4.804000e-02
47 9.426640e-01 7.816000e-03 4.952000e-02
48 9.411480e-01 7.920000e-03 5.093200e-02
49 9.397600e-01 7.820000e-03 5.242000e-02
50 9.384080e-01 7.832000e-03 5.376000e-02
51 9.371280e-01 7.704000e-03 5.516800e-02
52 9.358080e-01 7.716000e-03 5.647600e-02
53 9.343720e-01 7.852000e-03 5.777600e-02
54 9.329920e-01 7.804000e-03 5.920400e-02
55 9.315880e-01 7.864000e-03 6.054800e-02
56 9.301880e-01 7.828000e-03 6.198400e-02
57 9.289440e-01 7.664000e-03 6.339200e-02
58 9.273080e-01 7.896000e-03 6.479600e-02
59 9.256520e-01 8.200000e-03 6.614800e-02
60 9.240600e-01 8.324000e-03 6.761600e-02
61 9.224240e-01 8.400000e-03 6.917600e-02
62 9.208280e-01 8.452000e-03 7.072000e-02
63 9.192760e-01 8.496000e-03 7.222800e-02
64 9.178960e-01 8.356000e-03 7.374800e-02
65 9.163840e-01 8.432000e-03 7.518400e-02
66 9.147920e-01 8.488000e-03 7.672000e-02
67 9.130480e-01 8.724000e-03 7.822800e-02
68 9.115000e-01 8.800000e-03 7.970000e-02
69 9.100560e-01 8.596000e-03 8.134800e-02
70 9.086240e-01 8.572000e-03 8.280400e-02
71 9.072120e-01 8.520000e-03 8.426800e-02
72 9.057520e-01 8.428000e-03 8.582000e-02
73 9.042680e-01 8.312000e-03 8.742000e-02
74 9.027360e-01 8.348000e-03 8.891600e-02
75 9.012120e-01 8.464000e-03 9.032400e-02
76 8.997640e-01 8.440000e-03 9.179600e-02
77 8.982960e-01 8.316000e-03 9.338800e-02
78 8.968680e-01 8.272000e-03 9.486000e-02
79 8.955360e-01 8.148000e-03 9.631600e-02
80 8.941560e-01 8.100000e-03 9.774400e-02
81 8.928280e-01 8.068000e-03 9.910400e-02
82 8.914840e-01 8.092000e-03 1.004240e-01
83 8.901160e-01 7.908000e-03 1.019760e-01
84 8.887760e-01 7.904000e-03 1.033200e-01
85 8.874240e-01 7.892000e-03 1.046840e-01
86 8.858680e-01 8.072000e-03 1.060600e-01
87 8.843920e-01 8.076000e-03 1.075320e-01
88 8.830640e-01 7.920000e-03 1.090160e-01
89 8.817480e-01 7.864000e-03 1.103880e-01
90 8.804400e-01 7.692000e-03 1.118680e-01
91 8.790280e-01 7.740000e-03 1.132320e-01
92 8.777960e-01 7.656000e-03 1.145480e-01
93 8.764120e-01 7.680000e-03 1.159080e-01
94 8.749800e-01 7.704000e-03 1.173160e-01
95 8.736960e-01 7.664000e-03 1.186400e-01
96 8.723520e-01 7.632000e-03 1.200160e-01
97 8.711440e-01 7.440000e-03 1.214160e-01
98 8.698880e-01 7.288000e-03 1.228240e-01
99 8.685520e-01 7.268000e-03 1.241800e-01
100 8.671200e-01 7.396000e-03 1.254840e-01
101 8.660640e-01 7.192000e-03 1.267440e-01
102 8.649120e-01 7.044000e-03 1.280440e-01
103 8.637640e-01 7.008000e-03 1.292280e-01
104 8.626800e-01 6.928000e-03 1.303920e-01
105 8.614240e-01 7.036000e-03 1.315400e-01
106 8.601920e-01 7.032000e-03 1.327760e-01
107 8.590840e-01 6.944000e-03 1.339720e-01
108 8.579960e-01 6.860000e-03 1.351440e-01
109 8.570120e-01 6.660000e-03 1.363280e-01
110 8.558480e-01 6.688000e-03 1.374640e-01
111 8.547800e-01 6.620000e-03 1.386000e-01
112 8.536840e-01 6.624000e-03 1.396920e-01
113 8.526320e-01 6.620000e-03 1.407480e-01
114 8.516560e-01 6.496000e-03 1.418480e-01
115 8.506400e-01 6.300000e-03 1.430600e-01
116 8.497440e-01 6.056000e-03 1.442000e-01
117 8.487240e-01 6.008000e-03 1.452680e-01
118 8.477720e-01 5.896000e-03 1.463320e-01
119 8.468480e-01 5.752000e-03 1.474000e-01
120 8.458000e-01 5.800000e-03 1.484000e-01
121 8.447720e-01 5.836000e-03 1.493920e-01
122 8.437760e-01 5.756000e-03 1.504680e-01
123 8.429000e-01 5.628000e-03 1.514720e-01
124 8.420280e-01 5.636000e-03 1.523360e-01
125 8.412040e-01 5.524000e-03 1.532720e-01
126 8.403000e-01 5.504000e-03 1.541960e-01
127 8.394520e-01 5.396000e-03 1.551520e-01
128 8.386320e-01 5.208000e-03 1.561600e-01
129 8.378120e-01 5.120000e-03 1.570680e-01
130 8.369640e-01 5.072000e-03 1.579640e-01
131 8.362240e-01 4.904000e-03 1.588720e-01
132 8.355480e-01 4.744000e-03 1.597080e-01
133 8.347160e-01 4.752000e-03 1.605320e-01
134 8.339520e-01 4.664000e-03 1.613840e-01
135 8.331720e-01 4.576000e-03 1.622520e-01
136 8.323400e-01 4.592000e-03 1.630680e-01
137 8.317240e-01 4.408000e-03 1.638680e-01
138 8.310600e-01 4.344000e-03 1.645960e-01
139 8.303800e-01 4.284000e-03 1.653360e-01
140 8.296040e-01 4.324000e-03 1.660720e-01
141 8.288800e-01 4.316000e-03 1.668040e-01
142 8.282640e-01 4.120000e-03 1.676160e-01
143 8.274080e-01 4.248000e-03 1.683440e-01
144 8.266600e-01 4.200000e-03 1.691400e-01
145 8.258760e-01 4.292000e-03 1.698320e-01
146 8.251760e-01 4.276000e-03 1.705480e-01
147 8.245480e-01 4.128000e-03 1.713240e-01
148 8.237920e-01 4.196000e-03 1.720120e-01
149 8.231040e-01 4.148000e-03 1.727480e-01
150 8.223320e-01 4.208000e-03 1.734600e-01
151 8.215400e-01 4.244000e-03 1.742160e-01
152 8.207840e-01 4.296000e-03 1.749200e-01
153 8.200640e-01 4.260000e-03 1.756760e-01
154 8.194160e-01 4.252000e-03 1.763320e-01
155 8.186320e-01 4.328000e-03 1.770400e-01
156 8.179040e-01 4.388000e-03 1.777080e-01
157 8.170680e-01 4.408000e-03 1.785240e-01
158 8.163840e-01 4.272000e-03 1.793440e-01
159 8.157520e-01 4.300000e-03 1.799480e-01
160 8.151440e-01 4.236000e-03 1.806200e-01
161 8.144800e-01 4.136000e-03 1.813840e-01
162 8.138040e-01 4.092000e-03 1.821040e-01
163 8.131120e-01 4.052000e-03 1.828360e-01
164 8.125360e-01 3.908000e-03 1.835560e-01
165 8.119640e-01 3.904000e-03 1.841320e-01
166 8.112600e-01 3.968000e-03 1.847720e-01
167 8.106720e-01 3.840000e-03 1.854880e-01
168 8.099200e-01 3.912000e-03 1.861680e-01
169 8.092520e-01 3.960000e-03 1.867880e-01
170 8.085880e-01 3.960000e-03 1.874520e-01
171 8.078720e-01 3.988000e-03 1.881400e-01
172 8.072160e-01 3.996000e-03 1.887880e-01
173 8.065800e-01 3.920000e-03 1.895000e-01
174 8.058880e-01 4.000000e-03 1.901120e-01
175 8.052240e-01 3.964000e-03 1.908120e-01
176 8.044000e-01 4.092000e-03 1.915080e-01
177 8.036480e-01 4.008000e-03 1.923440e-01
178 8.029440e-01 4.040000e-03 1.930160e-01
179 8.021400e-01 4.212000e-03 1.936480e-01
180 8.012960e-01 4.336000e-03 1.943680e-01
181 8.004800e-01 4.396000e-03 1.951240e-01
182 7.996880e-01 4.412000e-03 1.959000e-01
183 7.989240e-01 4.404000e-03 1.966720e-01
184 7.982160e-01 4.368000e-03 1.974160e-01
185 7.974480e-01 4.372000e-03 1.981800e-01
186 7.966480e-01 4.396000e-03 1.989560e-01
187 7.959320e-01 4.260000e-03 1.998080e-01
188 7.951280e-01 4.328000e-03 2.005440e-01
189 7.942680e-01 4.468000e-03 2.012640e-01
190 7.934320e-01 4.544000e-03 2.020240e-01
191 7.928040e-01 4.344000e-03 2.028520e-01
192 7.921200e-01 4.336000e-03 2.035440e-01
193 7.914360e-01 4.332000e-03 2.042320e-01
194 7.908840e-01 4.156000e-03 2.049600e-01
195 7.902720e-01 4.052000e-03 2.056760e-01
196 7.896640e-01 3.964000e-03 2.063720e-01
197 7.890160e-01 3.908000e-03 2.070760e-01
198 7.883600e-01 3.960000e-03 2.076800e-01
199 7.878120e-01 3.796000e-03 2.083920e-01
200 7.872240e-01 3.700000e-03 2.090760e-01
201 7.866840e-01 3.580000e-03 2.097360e-01
202 7.862280e-01 3.412000e-03 2.103600e-01
203 7.857560e-01 3.312000e-03 2.109320e-01
204 7.852520e-01 3.264000e-03 2.114840e-01
205 7.848560e-01 3.144000e-03 2.120000e-01
206 7.843200e-01 3.092000e-03 2.125880e-01
207 7.838280e-01 3.080000e-03 2.130920e-01
208 7.832840e-01 3.112000e-03 2.136040e-01
209 7.827720e-01 3.128000e-03 2.141000e-01
210 7.822200e-01 3.160000e-03 2.146200e-01
211 7.816280e-01 3.176000e-03 2.151960e-01
212 7.811640e-01 3.128000e-03 2.157080e-01
213 7.807000e-01 3.028000e-03 2.162720e-01
214 7.801840e-01 3.068000e-03 2.167480e-01
215 7.797400e-01 2.940000e-03 2.173200e-01
216 7.792040e-01 2.900000e-03 2.178960e-01
217 7.787680e-01 2.732000e-03 2.185000e-01
218 7.783160e-01 2.668000e-03 2.190160e-01
219 7.778040e-01 2.728000e-03 2.194680e-01
220 7.773280e-01 2.716000e-03 2.199560e-01
221 7.769720e-01 2.584000e-03 2.204440e-01
222 7.766040e-01 2.468000e-03 2.209280e-01
223 7.762880e-01 2.348000e-03 2.213640e-01
224 7.759120e-01 2.372000e-03 2.217160e-01
225 7.755320e-01 2.356000e-03 2.221120e-01
226 7.751960e-01 2.324000e-03 2.224800e-01
227 7.748080e-01 2.308000e-03 2.228840e-01
228 7.743120e-01 2.436000e-03 2.232520e-01
229 7.739280e-01 2.380000e-03 2.236920e-01
230 7.735680e-01 2.324000e-03 2.241080e-01
231 7.731200e-01 2.392000e-03 2.244880e-01
232 7.728040e-01 2.316000e-03 2.248800e-01
233 7.723960e-01 2.356000e-03 2.252480e-01
234 7.719480e-01 2.388000e-03 2.256640e-01
235 7.715840e-01 2.276000e-03 2.261400e-01
236 7.712720e-01 2.264000e-03 2.264640e-01
237 7.709360e-01 2.180000e-03 2.268840e-01
238 7.705760e-01 2.188000e-03 2.272360e-01
239 7.701720e-01 2.220000e-03 2.276080e-01
240 7.697000e-01 2.240000e-03 2.280600e-01
241 7.692720e-01 2.292000e-03 2.284360e-01
242 7.689280e-01 2.280000e-03 2.287920e-01
243 7.684200e-01 2.420000e-03 2.291600e-01
244 7.679720e-01 2.352000e-03 2.296760e-01
245 7.675640e-01 2.424000e-03 2.300120e-01
246 7.671800e-01 2.368000e-03 2.304520e-01
247 7.668160e-01 2.276000e-03 2.309080e-01
248 7.664160e-01 2.292000e-03 2.312920e-01
249 7.659640e-01 2.304000e-03 2.317320e-01
250 7.655520e-01 2.272000e-03 2.321760e-01
251 7.651200e-01 2.336000e-03 2.325440e-01
252 7.646280e-01 2.344000e-03 2.330280e-01
253 7.642320e-01 2.288000e-03 2.334800e-01
254 7.638680e-01 2.320000e-03 2.338120e-01
255 7.633880e-01 2.416000e-03 2.341960e-01
256 7.629880e-01 2.300000e-03 2.347120e-01
257 7.625760e-01 2.344000e-03 2.350800e-01
258 7.621680e-01 2.256000e-03 2.355760e-01
259 7.616920e-01 2.364000e-03 2.359440e-01
260 7.612720e-01 2.388000e-03 2.363400e-01
261 7.608800e-01 2.380000e-03 2.367400e-01
262 7.605960e-01 2.220000e-03 2.371840e-01
263 7.602800e-01 2.088000e-03 2.376320e-01
264 7.599800e-01 2.052000e-03 2.379680e-01
265 7.596640e-01 1.992000e-03 2.383440e-01
266 7.593120e-01 1.960000e-03 2.387280e-01
267 7.589600e-01 1.976000e-03 2.390640e-01
268 7.586520e-01 1.916000e-03 2.394320e-01
269 7.584520e-01 1.780000e-03 2.397680e-01
270 7.581600e-01 1.752000e-03 2.400880e-01
271 7.578760e-01 1.696000e-03 2.404280e-01
272 7.576200e-01 1.672000e-03 2.407080e-01
273 7.573400e-01 1.632000e-03 2.410280e-01
274 7.570880e-01 1.596000e-03 2.413160e-01
275 7.567960e-01 1.628000e-03 2.415760e-01
276 7.564880e-01 1.640000e-03 2.418720e-01
277 7.561320e-01 1.708000e-03 2.421600e-01
278 7.558520e-01 1.720000e-03 2.424280e-01
279 7.556520e-01 1.632000e-03 2.427160e-01
280 7.554400e-01 1.460000e-03 2.431000e-01
281 7.553000e-01 1.320000e-03 2.433800e-01
282 7.551600e-01 1.248000e-03 2.435920e-01
283 7.549400e-01 1.224000e-03 2.438360e-01
284 7.547480e-01 1.188000e-03 2.440640e-01
285 7.545640e-01 1.172000e-03 2.442640e-01
286 7.543720e-01 1.172000e-03 2.444560e-01
287 7.541760e-01 1.216000e-03 2.446080e-01
288 7.539760e-01 1.184000e-03 2.448400e-01
289 7.537880e-01 1.272000e-03 2.449400e-01
290 7.535240e-01 1.320000e-03 2.451560e-01
291 7.533000e-01 1.308000e-03 2.453920e-01
292 7.531040e-01 1.272000e-03 2.456240e-01
293 7.529240e-01 1.244000e-03 2.458320e-01
294 7.527200e-01 1.248000e-03 2.460320e-01
295 7.524800e-01 1.244000e-03 2.462760e-01
296 7.522400e-01 1.236000e-03 2.465240e-01
297 7.520840e-01 1.192000e-03 2.467240e-01
298 7.518880e-01 1.184000e-03 2.469280e-01
299 7.517040e-01 1.196000e-03 2.471000e-01
300 7.515600e-01 1.100000e-03 2.473400e-01
301 7.513960e-01 1.040000e-03 2.475640e-01
302 7.511800e-01 1.076000e-03 2.477440e-01
303 7.509760e-01 1.108000e-03 2.479160e-01
304 7.507080e-01 1.176000e-03 2.481160e-01
305 7.504600e-01 1.188000e-03 2.483520e-01
306 7.502600e-01 1.204000e-03 2.485360e-01
307 7.500480e-01 1.200000e-03 2.487520e-01
308 7.498200e-01 1.232000e-03 2.489480e-01
309 7.495840e-01 1.256000e-03 2.491600e-01
310 7.493280e-01 1.368000e-03 2.493040e-01
311 7.490640e-01 1.420000e-03 2.495160e-01
312 7.488520e-01 1.400000e-03 2.497480e-01
313 7.485560e-01 1.448000e-03 2.499960e-01
314 7.483200e-01 1.428000e-03 2.502520e-01
315 7.480440e-01 1.488000e-03 2.504680e-01
316 7.478600e-01 1.384000e-03 2.507560e-01
317 7.476360e-01 1.372000e-03 2.509920e-01
318 7.473800e-01 1.388000e-03 2.512320e-01
319 7.471200e-01 1.412000e-03 2.514680e-01
320 7.468640e-01 1.444000e-03 2.516920e-01
321 7.466240e-01 1.496000e-03 2.518800e-01
322 7.463680e-01 1.508000e-03 2.521240e-01
323 7.460920e-01 1.516000e-03 2.523920e-01
324 7.459080e-01 1.468000e-03 2.526240e-01
325 7.456560e-01 1.432000e-03 2.529120e-01
326 7.454920e-01 1.336000e-03 2.531720e-01
327 7.452800e-01 1.328000e-03 2.533920e-01
328 7.450960e-01 1.288000e-03 2.536160e-01
329 7.449480e-01 1.228000e-03 2.538240e-01
330 7.447680e-01 1.228000e-03 2.540040e-01
331 7.445600e-01 1.196000e-03 2.542440e-01
332 7.443520e-01 1.244000e-03 2.544040e-01
333 7.441840e-01 1.188000e-03 2.546280e-01
334 7.440640e-01 1.128000e-03 2.548080e-01
335 7.439040e-01 1.088000e-03 2.550080e-01
336 7.437560e-01 1.020000e-03 2.552240e-01
337 7.435800e-01 1.064000e-03 2.553560e-01
338 7.434240e-01 1.004000e-03 2.555720e-01
339 7.432160e-01 1.060000e-03 2.557240e-01
340 7.430160e-01 1.052000e-03 2.559320e-01
341 7.428240e-01 1.072000e-03 2.561040e-01
342 7.426160e-01 1.104000e-03 2.562800e-01
343 7.424520e-01 1.088000e-03 2.564600e-01
344 7.422720e-01 1.044000e-03 2.566840e-01
345 7.421600e-01 9.360000e-04 2.569040e-01
346 7.420320e-01 8.880000e-04 2.570800e-01
347 7.419040e-01 8.480000e-04 2.572480e-01
348 7.417320e-01 8.760000e-04 2.573920e-01
349 7.416120e-01 8.000000e-04 2.575880e-01
350 7.415160e-01 7.440000e-04 2.577400e-01
351 7.414200e-01 7.200000e-04 2.578600e-01
352 7.412680e-01 7.480000e-04 2.579840e-01
353 7.411160e-01 7.440000e-04 2.581400e-01
354 7.410080e-01 7.360000e-04 2.582560e-01
355 7.408560e-01 7.480000e-04 2.583960e-01
356 7.407080e-01 7.560000e-04 2.585360e-01
357 7.405560e-01 7.680000e-04 2.586760e-01
358 7.403640e-01 8.080000e-04 2.588280e-01
359 7.402040e-01 8.120000e-04 2.589840e-01
360 7.400320e-01 8.480000e-04 2.591200e-01
361 7.398120e-01 9.160000e-04 2.592720e-01
362 7.396040e-01 1.008000e-03 2.593880e-01
363 7.394280e-01 9.920000e-04 2.595800e-01
364 7.392640e-01 1.004000e-03 2.597320e-01
365 7.391080e-01 9.800000e-04 2.599120e-01
366 7.389800e-01 9.320000e-04 2.600880e-01
367 7.388320e-01 9.120000e-04 2.602560e-01
368 7.386880e-01 8.720000e-04 2.604400e-01
369 7.385680e-01 8.720000e-04 2.605600e-01
370 7.384520e-01 8.280000e-04 2.607200e-01
371 7.382800e-01 8.600000e-04 2.608600e-01
372 7.380960e-01 8.360000e-04 2.610680e-01
373 7.379120e-01 8.680000e-04 2.612200e-01
374 7.377120e-01 8.840000e-04 2.614040e-01
375 7.375840e-01 8.480000e-04 2.615680e-01
376 7.373720e-01 8.880000e-04 2.617400e-01
377 7.372000e-01 8.760000e-04 2.619240e-01
378 7.370280e-01 9.200000e-04 2.620520e-01
379 7.368680e-01 8.600000e-04 2.622720e-01
380 7.367160e-01 8.600000e-04 2.624240e-01
381 7.365800e-01 8.280000e-04 2.625920e-01
382 7.364360e-01 8.200000e-04 2.627440e-01
383 7.363000e-01 8.280000e-04 2.628720e-01
384 7.361280e-01 8.400000e-04 2.630320e-01
385 7.359560e-01 8.840000e-04 2.631600e-01
386 7.357920e-01 9.200000e-04 2.632880e-01
387 7.356160e-01 9.480000e-04 2.634360e-01
388 7.354720e-01 9.760000e-04 2.635520e-01
389 7.352040e-01 1.004000e-03 2.637920e-01
390 7.350240e-01 9.960000e-04 2.639800e-01
391 7.348200e-01 1.068000e-03 2.641120e-01
392 7.345720e-01 1.132000e-03 2.642960e-01
393 7.343680e-01 1.124000e-03 2.645080e-01
394 7.340720e-01 1.244000e-03 2.646840e-01
395 7.338200e-01 1.244000e-03 2.649360e-01
396 7.335600e-01 1.268000e-03 2.651720e-01
397 7.333600e-01 1.228000e-03 2.654120e-01
398 7.331480e-01 1.236000e-03 2.656160e-01
399 7.329440e-01 1.204000e-03 2.658520e-01
400 7.327000e-01 1.228000e-03 2.660720e-01
401 7.325040e-01 1.224000e-03 2.662720e-01
402 7.323760e-01 1.116000e-03 2.665080e-01
403 7.322360e-01 1.060000e-03 2.667040e-01
404 7.320520e-01 1.112000e-03 2.668360e-01
405 7.318160e-01 1.124000e-03 2.670600e-01
406 7.316280e-01 1.104000e-03 2.672680e-01
407 7.314560e-01 1.116000e-03 2.674280e-01
408 7.313280e-01 1.028000e-03 2.676440e-01
409 7.311480e-01 9.920000e-04 2.678600e-01
410 7.309720e-01 9.960000e-04 2.680320e-01
411 7.308560e-01 9.560000e-04 2.681880e-01
412 7.307560e-01 8.960000e-04 2.683480e-01
413 7.306480e-01 8.240000e-04 2.685280e-01
414 7.305640e-01 7.400000e-04 2.686960e-01
415 7.304760e-01 6.960000e-04 2.688280e-01
416 7.303720e-01 6.320000e-04 2.689960e-01
417 7.302560e-01 6.320000e-04 2.691120e-01
418 7.301480e-01 6.440000e-04 2.692080e-01
419 7.301040e-01 5.760000e-04 2.693200e-01
420 7.300400e-01 5.600000e-04 2.694000e-01
421 7.299720e-01 5.520000e-04 2.694760e-01
422 7.298840e-01 5.440000e-04 2.695720e-01
423 7.297680e-01 5.440000e-04 2.696880e-01
424 7.296240e-01 5.440000e-04 2.698320e-01
425 7.295080e-01 5.760000e-04 2.699160e-01
426 7.294040e-01 5.920000e-04 2.700040e-01
427 7.293120e-01 5.760000e-04 2.701120e-01
428 7.292200e-01 5.600000e-04 2.702200e-01
429 7.291280e-01 5.680000e-04 2.703040e-01
430 7.290120e-01 6.160000e-04 2.703720e-01
431 7.289080e-01 6.160000e-04 2.704760e-01
432 7.287920e-01 6.040000e-04 2.706040e-01
433 7.286840e-01 5.960000e-04 2.707200e-01
434 7.285880e-01 5.880000e-04 2.708240e-01
435 7.285120e-01 5.040000e-04 2.709840e-01
436 7.284280e-01 4.720000e-04 2.711000e-01
437 7.283360e-01 4.720000e-04 2.711920e-01
438 7.282520e-01 4.600000e-04 2.712880e-01
439 7.281800e-01 4.520000e-04 2.713680e-01
440 7.281280e-01 4.160000e-04 2.714560e-01
441 7.280560e-01 4.160000e-04 2.715280e-01
442 7.279880e-01 4.000000e-04 2.716120e-01
443 7.278960e-01 4.120000e-04 2.716920e-01
444 7.278040e-01 4.600000e-04 2.717360e-01
445 7.277640e-01 4.480000e-04 2.717880e-01
446 7.277040e-01 4.600000e-04 2.718360e-01
447 7.275560e-01 5.400000e-04 2.719040e-01
448 7.274760e-01 5.480000e-04 2.719760e-01
449 7.273880e-01 5.640000e-04 2.720480e-01
450 7.272840e-01 5.600000e-04 2.721560e-01
451 7.272120e-01 5.360000e-04 2.722520e-01
452 7.270880e-01 5.720000e-04 2.723400e-01
453 7.269840e-01 5.600000e-04 2.724560e-01
454 7.268800e-01 5.800000e-04 2.725400e-01
455 7.267840e-01 5.560000e-04 2.726600e-01
456 7.267000e-01 5.520000e-04 2.727480e-01
457 7.266280e-01 5.240000e-04 2.728480e-01
458 7.265360e-01 5.400000e-04 2.729240e-01
459 7.264840e-01 4.800000e-04 2.730360e-01
460 7.263840e-01 4.920000e-04 2.731240e-01
461 7.263000e-01 5.080000e-04 2.731920e-01
462 7.262600e-01 4.400000e-04 2.733000e-01
463 7.262160e-01 4.040000e-04 2.733800e-01
464 7.261960e-01 3.600000e-04 2.734440e-01
465 7.261440e-01 3.360000e-04 2.735200e-01
466 7.260680e-01 3.440000e-04 2.735880e-01
467 7.260280e-01 3.040000e-04 2.736680e-01
468 7.259680e-01 3.120000e-04 2.737200e-01
469 7.258840e-01 3.520000e-04 2.737640e-01
470 7.258240e-01 3.360000e-04 2.738400e-01
471 7.257360e-01 3.640000e-04 2.739000e-01
472 7.256320e-01 3.960000e-04 2.739720e-01
473 7.255280e-01 4.040000e-04 2.740680e-01
474 7.254520e-01 3.920000e-04 2.741560e-01
475 7.253040e-01 4.640000e-04 2.742320e-01
476 7.251320e-01 5.320000e-04 2.743360e-01
477 7.250160e-01 5.440000e-04 2.744400e-01
478 7.249160e-01 5.760000e-04 2.745080e-01
479 7.248280e-01 5.200000e-04 2.746520e-01
480 7.247600e-01 5.040000e-04 2.747360e-01
481 7.246640e-01 5.280000e-04 2.748080e-01
482 7.245760e-01 5.040000e-04 2.749200e-01
483 7.244800e-01 5.240000e-04 2.749960e-01
484 7.243720e-01 5.360000e-04 2.750920e-01
485 7.242760e-01 5.680000e-04 2.751560e-01
486 7.241800e-01 5.360000e-04 2.752840e-01
487 7.240680e-01 5.760000e-04 2.753560e-01
488 7.239000e-01 6.400000e-04 2.754600e-01
489 7.237560e-01 6.520000e-04 2.755920e-01
490 7.236600e-01 6.080000e-04 2.757320e-01
491 7.235600e-01 6.000000e-04 2.758400e-01
492 7.234640e-01 5.760000e-04 2.759600e-01
493 7.233040e-01 6.080000e-04 2.760880e-01
494 7.231840e-01 6.200000e-04 2.761960e-01
495 7.230520e-01 6.440000e-04 2.763040e-01
496 7.229120e-01 6.640000e-04 2.764240e-01
497 7.227880e-01 6.400000e-04 2.765720e-01
498 7.226360e-01 6.920000e-04 2.766720e-01
499 7.225320e-01 6.840000e-04 2.767840e-01
500 7.224520e-01 6.520000e-04 2.768960e-01
