1 9.991520e-01 7.440000e-04 1.040000e-04
2 9.986120e-01 1.124000e-03 2.640000e-04
3 9.979440e-01 1.532000e-03 5.240000e-04
4 9.972080e-01 1.980000e-03 8.120000e-04
5 9.965720e-01 2.224000e-03 1.204000e-03
6 9.957880e-01 2.520000e-03 1.692000e-03
7 9.948960e-01 2.924000e-03 2.180000e-03
8 9.939800e-01 3.376000e-03 2.644000e-03
9 9.930160e-01 3.680000e-03 3.304000e-03
10 9.921840e-01 3.824000e-03 3.992000e-03
11 9.913240e-01 3.936000e-03 4.740000e-03
12 9.904040e-01 4.144000e-03 5.452000e-03
13 9.895960e-01 4.160000e-03 6.244000e-03
14 9.887040e-01 4.296000e-03 7.000000e-03
15 9.878040e-01 4.428000e-03 7.768000e-03
16 9.868520e-01 4.544000e-03 8.604000e-03
17 9.858680e-01 4.752000e-03 9.380000e-03
18 9.848320e-01 4.936000e-03 1.023200e-02
19 9.837720e-01 5.036000e-03 1.119200e-02
20 9.826440e-01 5.300000e-03 1.205600e-02
21 9.815720e-01 5.376000e-03 1.305200e-02
22 9.802840e-01 5.696000e-03 1.402000e-02
23 9.791560e-01 5.816000e-03 1.502800e-02
24 9.779040e-01 6.032000e-03 1.606400e-02
25 9.767080e-01 6.136000e-03 1.715600e-02
26 9.754120e-01 6.380000e-03 1.820800e-02
27 9.741960e-01 6.500000e-03 1.930400e-02
28 9.729480e-01 6.484000e-03 2.056800e-02
29 9.717080e-01 6.524000e-03 2.176800e-02
30 9.704280e-01 6.732000e-03 2.284000e-02
31 9.690120e-01 7.060000e-03 2.392800e-02
32 9.675080e-01 7.308000e-03 2.518400e-02
33 9.662640e-01 7.352000e-03 2.638400e-02
34 9.649320e-01 7.272000e-03 2.779600e-02
35 9.636800e-01 7.244000e-03 2.907600e-02
36 9.623800e-01 7.204000e-03 3.041600e-02
37 9.610600e-01 7.288000e-03 3.165200e-02
38 9.598200e-01 7.276000e-03 3.290400e-02
39 9.584160e-01 7.448000e-03 3.413600e-02
40 9.570120e-01 7.588000e-03 3.540000e-02
41 9.557120e-01 7.540000e-03 3.674800e-02
42 9.544760e-01 7.468000e-03 3.805600e-02
43 9.531600e-01 7.500000e-03 3.934000e-02
44 9.518200e-01 7.528000e-03 4.065200e-02
45 9.504520e-01 7.512000e-03 4.203600e-02
46 9.490400e-01 7.716000e-03 4.324400e-02
47 9.475640e-01 7.860000e-03 4.457600e-02
48 9.461240e-01 7.864000e-03 4.601200e-02
49 9.448160e-01 7.880000e-03 4.730400e-02
50 9.434480e-01 7.924000e-03 4.862800e-02
51 9.419720e-01 8.004000e-03 5.002400e-02
52 9.405520e-01 7.976000e-03 5.147200e-02
53 9.391920e-01 7.940000e-03 5.286800e-02
54 9.379800e-01 7.872000e-03 5.414800e-02
55 9.367240e-01 7.768000e-03 5.550800e-02
56 9.354480e-01 7.656000e-03 5.689600e-02
57 9.340680e-01 7.732000e-03 5.820000e-02
58 9.328280e-01 7.672000e-03 5.950000e-02
59 9.315160e-01 7.600000e-03 6.088400e-02
60 9.300360e-01 7.880000e-03 6.208400e-02
61 9.283880e-01 8.064000e-03 6.354800e-02
62 9.269440e-01 8.164000e-03 6.489200e-02
63 9.254080e-01 8.232000e-03 6.636000e-02
64 9.237880e-01 8.492000e-03 6.772000e-02
65 9.222560e-01 8.596000e-03 6.914800e-02
66 9.207200e-01 8.720000e-03 7.056000e-02
67 9.191440e-01 8.780000e-03 7.207600e-02
68 9.177920e-01 8.724000e-03 7.348400e-02
69 9.163480e-01 8.676000e-03 7.497600e-02
70 9.148400e-01 8.580000e-03 7.658000e-02
71 9.134960e-01 8.508000e-03 7.799600e-02
72 9.120880e-01 8.352000e-03 7.956000e-02
73 9.107200e-01 8.284000e-03 8.099600e-02
74 9.093280e-01 8.256000e-03 8.241600e-02
75 9.078720e-01 8.324000e-03 8.380400e-02
76 9.064800e-01 8.340000e-03 8.518000e-02
77 9.050400e-01 8.424000e-03 8.653600e-02
78 9.037800e-01 8.212000e-03 8.800800e-02
79 9.024760e-01 8.132000e-03 8.939200e-02
80 9.013560e-01 7.832000e-03 9.081200e-02
81 9.001360e-01 7.684000e-03 9.218000e-02
82 8.988200e-01 7.600000e-03 9.358000e-02
83 8.976440e-01 7.424000e-03 9.493200e-02
84 8.962640e-01 7.628000e-03 9.610800e-02
85 8.950000e-01 7.616000e-03 9.738400e-02
86 8.937200e-01 7.568000e-03 9.871200e-02
87 8.924640e-01 7.592000e-03 9.994400e-02
88 8.912280e-01 7.644000e-03 1.011280e-01
89 8.900720e-01 7.564000e-03 1.023640e-01
90 8.889520e-01 7.376000e-03 1.036720e-01
91 8.878160e-01 7.296000e-03 1.048880e-01
92 8.865320e-01 7.336000e-03 1.061320e-01
93 8.852840e-01 7.236000e-03 1.074800e-01
94 8.841840e-01 7.048000e-03 1.087680e-01
95 8.829760e-01 6.896000e-03 1.101280e-01
96 8.817760e-01 6.856000e-03 1.113680e-01
97 8.805040e-01 7.016000e-03 1.124800e-01
98 8.792760e-01 7.136000e-03 1.135880e-01
99 8.779880e-01 7.136000e-03 1.148760e-01
100 8.768160e-01 7.128000e-03 1.160560e-01
101 8.756160e-01 7.128000e-03 1.172560e-01
102 8.741280e-01 7.368000e-03 1.185040e-01
103 8.727760e-01 7.492000e-03 1.197320e-01
104 8.715880e-01 7.356000e-03 1.210560e-01
105 8.702920e-01 7.408000e-03 1.223000e-01
106 8.690720e-01 7.312000e-03 1.236160e-01
107 8.678360e-01 7.444000e-03 1.247200e-01
108 8.665240e-01 7.432000e-03 1.260440e-01
109 8.652400e-01 7.312000e-03 1.274480e-01
110 8.641560e-01 7.012000e-03 1.288320e-01
111 8.629280e-01 7.088000e-03 1.299840e-01
112 8.618760e-01 6.972000e-03 1.311520e-01
113 8.608160e-01 6.904000e-03 1.322800e-01
114 8.597320e-01 6.792000e-03 1.334760e-01
115 8.586960e-01 6.604000e-03 1.347000e-01
116 8.576520e-01 6.468000e-03 1.358800e-01
117 8.565680e-01 6.472000e-03 1.369600e-01
118 8.554200e-01 6.508000e-03 1.380720e-01
119 8.542000e-01 6.560000e-03 1.392400e-01
120 8.533160e-01 6.368000e-03 1.403160e-01
121 8.522200e-01 6.208000e-03 1.415720e-01
122 8.511800e-01 6.176000e-03 1.426440e-01
123 8.501200e-01 6.112000e-03 1.437680e-01
124 8.489240e-01 6.312000e-03 1.447640e-01
125 8.477640e-01 6.364000e-03 1.458720e-01
126 8.467040e-01 6.320000e-03 1.469760e-01
127 8.456640e-01 6.276000e-03 1.480600e-01
128 8.446440e-01 6.252000e-03 1.491040e-01
129 8.436640e-01 6.168000e-03 1.501680e-01
130 8.426000e-01 6.212000e-03 1.511880e-01
131 8.416080e-01 6.128000e-03 1.522640e-01
132 8.405880e-01 6.096000e-03 1.533160e-01
133 8.395440e-01 6.128000e-03 1.543280e-01
134 8.384760e-01 6.080000e-03 1.554440e-01
135 8.374120e-01 6.076000e-03 1.565120e-01
136 8.364440e-01 5.956000e-03 1.576000e-01
137 8.355440e-01 5.816000e-03 1.586400e-01
138 8.346320e-01 5.832000e-03 1.595360e-01
139 8.336160e-01 5.932000e-03 1.604520e-01
140 8.325520e-01 5.916000e-03 1.615320e-01
141 8.315960e-01 5.876000e-03 1.625280e-01
142 8.304000e-01 6.020000e-03 1.635800e-01
143 8.293160e-01 6.076000e-03 1.646080e-01
144 8.283760e-01 5.816000e-03 1.658080e-01
145 8.273840e-01 5.744000e-03 1.668720e-01
146 8.264360e-01 5.744000e-03 1.678200e-01
147 8.254760e-01 5.700000e-03 1.688240e-01
148 8.245520e-01 5.636000e-03 1.698120e-01
149 8.234880e-01 5.616000e-03 1.708960e-01
150 8.224720e-01 5.644000e-03 1.718840e-01
151 8.216240e-01 5.512000e-03 1.728640e-01
152 8.206440e-01 5.556000e-03 1.738000e-01
153 8.196160e-01 5.548000e-03 1.748360e-01
154 8.186520e-01 5.552000e-03 1.757960e-01
155 8.175840e-01 5.684000e-03 1.767320e-01
156 8.165920e-01 5.724000e-03 1.776840e-01
157 8.154560e-01 5.840000e-03 1.787040e-01
158 8.142520e-01 6.072000e-03 1.796760e-01
159 8.131000e-01 6.120000e-03 1.807800e-01
160 8.120360e-01 6.172000e-03 1.817920e-01
161 8.109520e-01 6.104000e-03 1.829440e-01
162 8.097440e-01 6.252000e-03 1.840040e-01
163 8.087880e-01 6.068000e-03 1.851440e-01
164 8.077120e-01 6.048000e-03 1.862400e-01
165 8.066480e-01 6.124000e-03 1.872280e-01
166 8.055800e-01 6.068000e-03 1.883520e-01
167 8.044280e-01 6.100000e-03 1.894720e-01
168 8.034560e-01 6.024000e-03 1.905200e-01
169 8.025040e-01 5.920000e-03 1.915760e-01
170 8.015560e-01 5.876000e-03 1.925680e-01
171 8.005560e-01 5.832000e-03 1.936120e-01
172 7.996440e-01 5.712000e-03 1.946440e-01
173 7.986160e-01 5.712000e-03 1.956720e-01
174 7.975960e-01 5.772000e-03 1.966320e-01
175 7.966120e-01 5.668000e-03 1.977200e-01
176 7.955840e-01 5.776000e-03 1.986400e-01
177 7.944640e-01 5.900000e-03 1.996360e-01
178 7.935040e-01 5.792000e-03 2.007040e-01
179 7.925760e-01 5.692000e-03 2.017320e-01
180 7.916560e-01 5.640000e-03 2.027040e-01
181 7.907280e-01 5.648000e-03 2.036240e-01
182 7.898040e-01 5.600000e-03 2.045960e-01
183 7.888120e-01 5.560000e-03 2.056280e-01
184 7.878760e-01 5.432000e-03 2.066920e-01
185 7.867920e-01 5.496000e-03 2.077120e-01
186 7.856680e-01 5.656000e-03 2.086760e-01
187 7.845840e-01 5.772000e-03 2.096440e-01
188 7.834720e-01 5.820000e-03 2.107080e-01
189 7.824640e-01 5.800000e-03 2.117360e-01
190 7.814440e-01 5.804000e-03 2.127520e-01
191 7.803680e-01 5.896000e-03 2.137360e-01
192 7.793760e-01 5.872000e-03 2.147520e-01
193 7.785120e-01 5.692000e-03 2.157960e-01
194 7.775720e-01 5.564000e-03 2.168640e-01
195 7.766360e-01 5.556000e-03 2.178080e-01
196 7.757800e-01 5.476000e-03 2.187440e-01
197 7.748800e-01 5.400000e-03 2.197200e-01
198 7.740600e-01 5.176000e-03 2.207640e-01
199 7.733760e-01 5.012000e-03 2.216120e-01
200 7.723920e-01 4.984000e-03 2.226240e-01
201 7.715520e-01 4.948000e-03 2.235000e-01
202 7.707440e-01 4.832000e-03 2.244240e-01
203 7.700120e-01 4.656000e-03 2.253320e-01
204 7.692240e-01 4.632000e-03 2.261440e-01
205 7.685120e-01 4.588000e-03 2.269000e-01
206 7.677360e-01 4.524000e-03 2.277400e-01
207 7.670000e-01 4.280000e-03 2.287200e-01
208 7.662480e-01 4.408000e-03 2.293440e-01
209 7.654600e-01 4.424000e-03 2.301160e-01
210 7.646360e-01 4.512000e-03 2.308520e-01
211 7.639640e-01 4.380000e-03 2.316560e-01
212 7.633200e-01 4.232000e-03 2.324480e-01
213 7.626320e-01 4.116000e-03 2.332520e-01
214 7.620440e-01 4.052000e-03 2.339040e-01
215 7.613280e-01 4.092000e-03 2.345800e-01
216 7.607000e-01 3.992000e-03 2.353080e-01
217 7.600840e-01 3.900000e-03 2.360160e-01
218 7.594200e-01 3.912000e-03 2.366680e-01
219 7.587160e-01 3.960000e-03 2.373240e-01
220 7.580920e-01 3.912000e-03 2.379960e-01
221 7.574560e-01 3.820000e-03 2.387240e-01
222 7.568720e-01 3.768000e-03 2.393600e-01
223 7.562080e-01 3.836000e-03 2.399560e-01
224 7.557040e-01 3.700000e-03 2.405960e-01
225 7.551080e-01 3.656000e-03 2.412360e-01
226 7.545360e-01 3.560000e-03 2.419040e-01
227 7.539840e-01 3.496000e-03 2.425200e-01
228 7.533920e-01 3.420000e-03 2.431880e-01
229 7.528640e-01 3.356000e-03 2.437800e-01
230 7.523520e-01 3.396000e-03 2.442520e-01
231 7.518600e-01 3.212000e-03 2.449280e-01
232 7.514160e-01 3.120000e-03 2.454640e-01
233 7.508640e-01 3.124000e-03 2.460120e-01
234 7.503320e-01 3.056000e-03 2.466120e-01
235 7.498960e-01 2.948000e-03 2.471560e-01
236 7.493320e-01 3.008000e-03 2.476600e-01
237 7.488160e-01 2.964000e-03 2.482200e-01
238 7.483160e-01 2.960000e-03 2.487240e-01
239 7.478240e-01 2.976000e-03 2.492000e-01
240 7.473360e-01 2.916000e-03 2.497480e-01
241 7.467960e-01 2.976000e-03 2.502280e-01
242 7.463280e-01 2.916000e-03 2.507560e-01
243 7.459240e-01 2.860000e-03 2.512160e-01
244 7.455000e-01 2.744000e-03 2.517560e-01
245 7.450360e-01 2.756000e-03 2.522080e-01
246 7.446160e-01 2.736000e-03 2.526480e-01
247 7.441760e-01 2.744000e-03 2.530800e-01
248 7.437720e-01 2.704000e-03 2.535240e-01
249 7.433760e-01 2.636000e-03 2.539880e-01
250 7.430280e-01 2.548000e-03 2.544240e-01
251 7.426680e-01 2.428000e-03 2.549040e-01
252 7.423160e-01 2.284000e-03 2.554000e-01
253 7.418440e-01 2.384000e-03 2.557720e-01
254 7.414840e-01 2.360000e-03 2.561560e-01
255 7.410640e-01 2.376000e-03 2.565600e-01
256 7.405800e-01 2.376000e-03 2.570440e-01
257 7.401120e-01 2.416000e-03 2.574720e-01
258 7.396560e-01 2.428000e-03 2.579160e-01
259 7.392760e-01 2.468000e-03 2.582560e-01
260 7.388120e-01 2.472000e-03 2.587160e-01
261 7.383720e-01 2.536000e-03 2.590920e-01
262 7.379640e-01 2.520000e-03 2.595160e-01
263 7.376320e-01 2.400000e-03 2.599680e-01
264 7.372440e-01 2.328000e-03 2.604280e-01
265 7.369160e-01 2.196000e-03 2.608880e-01
266 7.365400e-01 2.212000e-03 2.612480e-01
267 7.361480e-01 2.228000e-03 2.616240e-01
268 7.357960e-01 2.224000e-03 2.619800e-01
269 7.354760e-01 2.176000e-03 2.623480e-01
270 7.350400e-01 2.192000e-03 2.627680e-01
271 7.346600e-01 2.144000e-03 2.631960e-01
272 7.342360e-01 2.244000e-03 2.635200e-01
273 7.338600e-01 2.232000e-03 2.639080e-01
274 7.334440e-01 2.328000e-03 2.642280e-01
275 7.330680e-01 2.348000e-03 2.645840e-01
276 7.326640e-01 2.292000e-03 2.650440e-01
277 7.322760e-01 2.244000e-03 2.654800e-01
278 7.319160e-01 2.220000e-03 2.658640e-01
279 7.315800e-01 2.184000e-03 2.662360e-01
280 7.311400e-01 2.224000e-03 2.666360e-01
281 7.307120e-01 2.256000e-03 2.670320e-01
282 7.302400e-01 2.352000e-03 2.674080e-01
283 7.297840e-01 2.444000e-03 2.677720e-01
284 7.292880e-01 2.476000e-03 2.682360e-01
285 7.287000e-01 2.624000e-03 2.686760e-01
286 7.281040e-01 2.784000e-03 2.691120e-01
287 7.277360e-01 2.644000e-03 2.696200e-01
288 7.273560e-01 2.588000e-03 2.700560e-01
289 7.269640e-01 2.456000e-03 2.705800e-01
290 7.265280e-01 2.464000e-03 2.710080e-01
291 7.260480e-01 2.404000e-03 2.715480e-01
292 7.256640e-01 2.312000e-03 2.720240e-01
293 7.252840e-01 2.276000e-03 2.724400e-01
294 7.248280e-01 2.348000e-03 2.728240e-01
295 7.244240e-01 2.328000e-03 2.732480e-01
296 7.240080e-01 2.348000e-03 2.736440e-01
297 7.235440e-01 2.388000e-03 2.740680e-01
298 7.230680e-01 2.424000e-03 2.745080e-01
299 7.226160e-01 2.456000e-03 2.749280e-01
300 7.222080e-01 2.448000e-03 2.753440e-01
301 7.218760e-01 2.308000e-03 2.758160e-01
302 7.214600e-01 2.320000e-03 2.762200e-01
303 7.211320e-01 2.244000e-03 2.766240e-01
304 7.207560e-01 2.216000e-03 2.770280e-01
305 7.203080e-01 2.228000e-03 2.774640e-01
306 7.199600e-01 2.216000e-03 2.778240e-01
307 7.195120e-01 2.300000e-03 2.781880e-01
308 7.190760e-01 2.352000e-03 2.785720e-01
309 7.187360e-01 2.232000e-03 2.790320e-01
310 7.183640e-01 2.236000e-03 2.794000e-01
311 7.180320e-01 2.132000e-03 2.798360e-01
312 7.175720e-01 2.164000e-03 2.802640e-01
313 7.172400e-01 2.080000e-03 2.806800e-01
314 7.169080e-01 2.020000e-03 2.810720e-01
315 7.164720e-01 2.156000e-03 2.813720e-01
316 7.161400e-01 2.100000e-03 2.817600e-01
317 7.158200e-01 2.004000e-03 2.821760e-01
318 7.154920e-01 2.036000e-03 2.824720e-01
319 7.151920e-01 1.940000e-03 2.828680e-01
320 7.148680e-01 1.872000e-03 2.832600e-01
321 7.145280e-01 1.908000e-03 2.835640e-01
322 7.141600e-01 1.896000e-03 2.839440e-01
323 7.138120e-01 1.884000e-03 2.843040e-01
324 7.134560e-01 1.896000e-03 2.846480e-01
325 7.132080e-01 1.784000e-03 2.850080e-01
326 7.129640e-01 1.668000e-03 2.853680e-01
327 7.127080e-01 1.640000e-03 2.856520e-01
328 7.123800e-01 1.604000e-03 2.860160e-01
329 7.120760e-01 1.608000e-03 2.863160e-01
330 7.117680e-01 1.640000e-03 2.865920e-01
331 7.114840e-01 1.656000e-03 2.868600e-01
332 7.111320e-01 1.740000e-03 2.871280e-01
333 7.108040e-01 1.664000e-03 2.875320e-01
334 7.105600e-01 1.572000e-03 2.878680e-01
335 7.102320e-01 1.576000e-03 2.881920e-01
336 7.098400e-01 1.704000e-03 2.884560e-01
337 7.094760e-01 1.756000e-03 2.887680e-01
338 7.091160e-01 1.788000e-03 2.890960e-01
339 7.087280e-01 1.860000e-03 2.894120e-01
340 7.084240e-01 1.816000e-03 2.897600e-01
341 7.081040e-01 1.856000e-03 2.900400e-01
342 7.076960e-01 1.960000e-03 2.903440e-01
343 7.073400e-01 1.940000e-03 2.907200e-01
344 7.070760e-01 1.924000e-03 2.910000e-01
345 7.067200e-01 1.916000e-03 2.913640e-01
346 7.063440e-01 1.940000e-03 2.917160e-01
347 7.060760e-01 1.924000e-03 2.920000e-01
348 7.057680e-01 1.912000e-03 2.923200e-01
349 7.054520e-01 1.860000e-03 2.926880e-01
350 7.051120e-01 1.904000e-03 2.929840e-01
351 7.047760e-01 1.912000e-03 2.933120e-01
352 7.044760e-01 1.836000e-03 2.936880e-01
353 7.041720e-01 1.684000e-03 2.941440e-01
354 7.038400e-01 1.668000e-03 2.944920e-01
355 7.035600e-01 1.664000e-03 2.947760e-01
356 7.032200e-01 1.728000e-03 2.950520e-01
357 7.028920e-01 1.824000e-03 2.952840e-01
358 7.026040e-01 1.840000e-03 2.955560e-01
359 7.023040e-01 1.772000e-03 2.959240e-01
360 7.020120e-01 1.780000e-03 2.962080e-01
361 7.016840e-01 1.800000e-03 2.965160e-01
362 7.013720e-01 1.800000e-03 2.968280e-01
363 7.010720e-01 1.736000e-03 2.971920e-01
364 7.007080e-01 1.800000e-03 2.974920e-01
365 7.003560e-01 1.824000e-03 2.978200e-01
366 7.000640e-01 1.820000e-03 2.981160e-01
367 6.997840e-01 1.708000e-03 2.985080e-01
368 6.994160e-01 1.740000e-03 2.988440e-01
369 6.991120e-01 1.736000e-03 2.991520e-01
370 6.987040e-01 1.852000e-03 2.994440e-01
371 6.983640e-01 1.780000e-03 2.998560e-01
372 6.980240e-01 1.776000e-03 3.002000e-01
373 6.976840e-01 1.764000e-03 3.005520e-01
374 6.974040e-01 1.716000e-03 3.008800e-01
375 6.971320e-01 1.680000e-03 3.011880e-01
376 6.968720e-01 1.604000e-03 3.015240e-01
377 6.965920e-01 1.620000e-03 3.017880e-01
378 6.963480e-01 1.568000e-03 3.020840e-01
379 6.960520e-01 1.624000e-03 3.023240e-01
380 6.957920e-01 1.588000e-03 3.026200e-01
381 6.954240e-01 1.684000e-03 3.028920e-01
382 6.951000e-01 1.688000e-03 3.032120e-01
383 6.948400e-01 1.664000e-03 3.034960e-01
384 6.945440e-01 1.652000e-03 3.038040e-01
385 6.942400e-01 1.668000e-03 3.040920e-01
386 6.940040e-01 1.640000e-03 3.043560e-01
387 6.936640e-01 1.748000e-03 3.045880e-01
388 6.933000e-01 1.856000e-03 3.048440e-01
389 6.929400e-01 1.912000e-03 3.051480e-01
390 6.925800e-01 1.964000e-03 3.054560e-01
391 6.921960e-01 2.020000e-03 3.057840e-01
392 6.918640e-01 2.020000e-03 3.061160e-01
393 6.915080e-01 2.072000e-03 3.064200e-01
394 6.911640e-01 2.040000e-03 3.067960e-01
395 6.908720e-01 1.964000e-03 3.071640e-01
396 6.905840e-01 1.940000e-03 3.074760e-01
397 6.902200e-01 2.020000e-03 3.077600e-01
398 6.898720e-01 2.056000e-03 3.080720e-01
399 6.895640e-01 2.004000e-03 3.084320e-01
400 6.892280e-01 2.024000e-03 3.087480e-01
401 6.887800e-01 2.136000e-03 3.090840e-01
402 6.885000e-01 2.048000e-03 3.094520e-01
403 6.881440e-01 2.012000e-03 3.098440e-01
404 6.877560e-01 2.068000e-03 3.101760e-01
405 6.874600e-01 1.992000e-03 3.105480e-01
406 6.870960e-01 2.008000e-03 3.108960e-01
407 6.868120e-01 1.928000e-03 3.112600e-01
408 6.865200e-01 1.792000e-03 3.116880e-01
409 6.862200e-01 1.756000e-03 3.120240e-01
410 6.859680e-01 1.700000e-03 3.123320e-01
411 6.856440e-01 1.680000e-03 3.126760e-01
412 6.854360e-01 1.580000e-03 3.129840e-01
413 6.852280e-01 1.480000e-03 3.132920e-01
414 6.850160e-01 1.472000e-03 3.135120e-01
415 6.847440e-01 1.512000e-03 3.137440e-01
416 6.844640e-01 1.516000e-03 3.140200e-01
417 6.842120e-01 1.464000e-03 3.143240e-01
418 6.840040e-01 1.488000e-03 3.145080e-01
419 6.837920e-01 1.428000e-03 3.147800e-01
420 6.835720e-01 1.424000e-03 3.150040e-01
421 6.833600e-01 1.412000e-03 3.152280e-01
422 6.831440e-01 1.380000e-03 3.154760e-01
423 6.829280e-01 1.372000e-03 3.157000e-01
424 6.826800e-01 1.408000e-03 3.159120e-01
425 6.824760e-01 1.368000e-03 3.161560e-01
426 6.821800e-01 1.464000e-03 3.163560e-01
427 6.818560e-01 1.552000e-03 3.165920e-01
428 6.816160e-01 1.508000e-03 3.168760e-01
429 6.814040e-01 1.456000e-03 3.171400e-01
430 6.811120e-01 1.452000e-03 3.174360e-01
431 6.808960e-01 1.436000e-03 3.176680e-01
432 6.807640e-01 1.300000e-03 3.179360e-01
433 6.805360e-01 1.312000e-03 3.181520e-01
434 6.803560e-01 1.272000e-03 3.183720e-01
435 6.802080e-01 1.160000e-03 3.186320e-01
436 6.800120e-01 1.200000e-03 3.187880e-01
437 6.798840e-01 1.104000e-03 3.190120e-01
438 6.797000e-01 1.144000e-03 3.191560e-01
439 6.795440e-01 1.104000e-03 3.193520e-01
440 6.793480e-01 1.056000e-03 3.195960e-01
441 6.791920e-01 9.760000e-04 3.198320e-01
442 6.790800e-01 9.320000e-04 3.199880e-01
443 6.789520e-01 8.640000e-04 3.201840e-01
444 6.787600e-01 9.120000e-04 3.203280e-01
445 6.786240e-01 9.040000e-04 3.204720e-01
446 6.784600e-01 9.360000e-04 3.206040e-01
447 6.783000e-01 8.920000e-04 3.208080e-01
448 6.781280e-01 9.200000e-04 3.209520e-01
449 6.780160e-01 8.640000e-04 3.211200e-01
450 6.779280e-01 8.080000e-04 3.212640e-01
451 6.778280e-01 7.200000e-04 3.214520e-01
452 6.777160e-01 7.120000e-04 3.215720e-01
453 6.776360e-01 6.400000e-04 3.217240e-01
454 6.775520e-01 5.800000e-04 3.218680e-01
455 6.775000e-01 5.160000e-04 3.219840e-01
456 6.774520e-01 4.600000e-04 3.220880e-01
457 6.774120e-01 4.240000e-04 3.221640e-01
458 6.773640e-01 3.960000e-04 3.222400e-01
459 6.772920e-01 4.160000e-04 3.222920e-01
460 6.772120e-01 4.200000e-04 3.223680e-01
461 6.771200e-01 4.480000e-04 3.224320e-01
462 6.770280e-01 5.000000e-04 3.224720e-01
463 6.768920e-01 5.440000e-04 3.225640e-01
464 6.767840e-01 5.320000e-04 3.226840e-01
465 6.766960e-01 5.200000e-04 3.227840e-01
466 6.765240e-01 6.120000e-04 3.228640e-01
467 6.764320e-01 5.760000e-04 3.229920e-01
468 6.762760e-01 6.080000e-04 3.231160e-01
469 6.761360e-01 6.560000e-04 3.232080e-01
470 6.760000e-01 6.960000e-04 3.233040e-01
471 6.758560e-01 6.960000e-04 3.234480e-01
472 6.757120e-01 7.000000e-04 3.235880e-01
473 6.755560e-01 7.720000e-04 3.236720e-01
474 6.754080e-01 8.040000e-04 3.237880e-01
475 6.753000e-01 7.680000e-04 3.239320e-01
476 6.751880e-01 7.480000e-04 3.240640e-01
477 6.750960e-01 6.880000e-04 3.242160e-01
478 6.749840e-01 6.800000e-04 3.243360e-01
479 6.748880e-01 6.360000e-04 3.244760e-01
480 6.747600e-01 6.280000e-04 3.246120e-01
481 6.746800e-01 6.120000e-04 3.247080e-01
482 6.746040e-01 5.880000e-04 3.248080e-01
483 6.745400e-01 5.560000e-04 3.249040e-01
484 6.744640e-01 5.720000e-04 3.249640e-01
485 6.743800e-01 5.760000e-04 3.250440e-01
486 6.743120e-01 5.520000e-04 3.251360e-01
487 6.742080e-01 5.520000e-04 3.252400e-01
488 6.741240e-01 5.520000e-04 3.253240e-01
489 6.739920e-01 5.720000e-04 3.254360e-01
490 6.738600e-01 6.040000e-04 3.255360e-01
491 6.737360e-01 6.320000e-04 3.256320e-01
492 6.736600e-01 5.960000e-04 3.257440e-01
493 6.735960e-01 5.480000e-04 3.258560e-01
494 6.734920e-01 5.560000e-04 3.259520e-01
495 6.733800e-01 5.840000e-04 3.260360e-01
496 6.733040e-01 5.680000e-04 3.261280e-01
497 6.731880e-01 5.760000e-04 3.262360e-01
498 6.730880e-01 6.200000e-04 3.262920e-01
499 6.729760e-01 6.080000e-04 3.264160e-01
500 6.728480e-01 6.240000e-04 3.265280e-01
