1 9.992480e-01 6.800000e-04 7.200000e-05
2 9.987200e-01 1.056000e-03 2.240000e-04
3 9.981000e-01 1.472000e-03 4.280000e-04
4 9.973400e-01 1.924000e-03 7.360000e-04
5 9.965080e-01 2.368000e-03 1.124000e-03
6 9.957520e-01 2.708000e-03 1.540000e-03
7 9.949920e-01 3.016000e-03 1.992000e-03
8 9.941240e-01 3.376000e-03 2.500000e-03
9 9.931400e-01 3.684000e-03 3.176000e-03
10 9.920560e-01 4.160000e-03 3.784000e-03
11 9.910440e-01 4.436000e-03 4.520000e-03
12 9.899600e-01 4.660000e-03 5.380000e-03
13 9.889640e-01 4.780000e-03 6.256000e-03
14 9.877360e-01 5.228000e-03 7.036000e-03
15 9.865480e-01 5.540000e-03 7.912000e-03
16 9.852360e-01 5.884000e-03 8.880000e-03
17 9.839120e-01 6.168000e-03 9.920000e-03
18 9.824760e-01 6.528000e-03 1.099600e-02
19 9.811160e-01 6.708000e-03 1.217600e-02
20 9.795960e-01 6.916000e-03 1.348800e-02
21 9.779800e-01 7.280000e-03 1.474000e-02
22 9.764480e-01 7.468000e-03 1.608400e-02
23 9.748520e-01 7.784000e-03 1.736400e-02
24 9.733440e-01 7.924000e-03 1.873200e-02
25 9.717320e-01 8.188000e-03 2.008000e-02
26 9.702560e-01 8.172000e-03 2.157200e-02
27 9.687360e-01 8.328000e-03 2.293600e-02
28 9.670000e-01 8.620000e-03 2.438000e-02
29 9.652880e-01 8.884000e-03 2.582800e-02
30 9.636720e-01 8.848000e-03 2.748000e-02
31 9.621440e-01 8.852000e-03 2.900400e-02
32 9.605760e-01 8.984000e-03 3.044000e-02
33 9.589760e-01 8.916000e-03 3.210800e-02
34 9.572560e-01 9.124000e-03 3.362000e-02
35 9.556120e-01 9.084000e-03 3.530400e-02
36 9.538040e-01 9.336000e-03 3.686000e-02
37 9.518760e-01 9.560000e-03 3.856400e-02
38 9.498200e-01 9.908000e-03 4.027200e-02
39 9.477960e-01 1.016800e-02 4.203600e-02
40 9.459560e-01 1.023200e-02 4.381200e-02
41 9.439360e-01 1.044000e-02 4.562400e-02
42 9.419160e-01 1.066800e-02 4.741600e-02
43 9.400320e-01 1.063600e-02 4.933200e-02
44 9.379800e-01 1.073600e-02 5.128400e-02
45 9.359960e-01 1.092800e-02 5.307600e-02
46 9.338920e-01 1.114400e-02 5.496400e-02
47 9.317320e-01 1.144400e-02 5.682400e-02
48 9.293160e-01 1.190000e-02 5.878400e-02
49 9.269200e-01 1.219200e-02 6.088800e-02
50 9.246760e-01 1.232400e-02 6.300000e-02
51 9.224160e-01 1.250000e-02 6.508400e-02
52 9.201360e-01 1.269200e-02 6.717200e-02
53 9.178400e-01 1.252800e-02 6.963200e-02
54 9.155520e-01 1.258000e-02 7.186800e-02
55 9.132120e-01 1.260800e-02 7.418000e-02
56 9.107480e-01 1.293200e-02 7.632000e-02
57 9.083000e-01 1.325600e-02 7.844400e-02
58 9.054800e-01 1.387200e-02 8.064800e-02
59 9.029960e-01 1.395600e-02 8.304800e-02
60 9.005120e-01 1.406400e-02 8.542400e-02
61 8.980480e-01 1.420000e-02 8.775200e-02
62 8.956480e-01 1.429200e-02 9.006000e-02
63 8.932360e-01 1.428000e-02 9.248400e-02
64 8.910440e-01 1.392000e-02 9.503600e-02
65 8.887760e-01 1.377200e-02 9.745200e-02
66 8.866400e-01 1.328400e-02 1.000760e-01
67 8.842160e-01 1.346800e-02 1.023160e-01
68 8.821000e-01 1.316000e-02 1.047400e-01
69 8.797440e-01 1.325200e-02 1.070040e-01
70 8.774040e-01 1.326400e-02 1.093320e-01
71 8.752040e-01 1.310000e-02 1.116960e-01
72 8.730120e-01 1.304400e-02 1.139440e-01
73 8.708000e-01 1.310800e-02 1.160920e-01
74 8.686040e-01 1.300400e-02 1.183920e-01
75 8.662280e-01 1.320800e-02 1.205640e-01
76 8.639600e-01 1.316400e-02 1.228760e-01
77 8.615840e-01 1.314400e-02 1.252720e-01
78 8.593080e-01 1.304800e-02 1.276440e-01
79 8.571320e-01 1.304400e-02 1.298240e-01
80 8.549520e-01 1.300800e-02 1.320400e-01
81 8.527440e-01 1.296000e-02 1.342960e-01
82 8.503240e-01 1.302800e-02 1.366480e-01
83 8.481160e-01 1.302000e-02 1.388640e-01
84 8.459000e-01 1.300400e-02 1.410960e-01
85 8.436600e-01 1.300000e-02 1.433400e-01
86 8.414040e-01 1.306000e-02 1.455360e-01
87 8.391640e-01 1.302800e-02 1.478080e-01
88 8.368360e-01 1.319200e-02 1.499720e-01
89 8.346600e-01 1.304000e-02 1.523000e-01
90 8.323760e-01 1.318800e-02 1.544360e-01
91 8.300640e-01 1.324000e-02 1.566960e-01
92 8.279520e-01 1.310000e-02 1.589480e-01
93 8.258720e-01 1.292400e-02 1.612040e-01
94 8.236800e-01 1.291600e-02 1.634040e-01
95 8.215160e-01 1.310800e-02 1.653760e-01
96 8.195400e-01 1.276800e-02 1.676920e-01
97 8.174960e-01 1.261200e-02 1.698920e-01
98 8.154840e-01 1.255600e-02 1.719600e-01
99 8.131840e-01 1.276000e-02 1.740560e-01
100 8.109280e-01 1.276400e-02 1.763080e-01
101 8.088880e-01 1.246400e-02 1.786480e-01
102 8.067680e-01 1.226400e-02 1.809680e-01
103 8.046760e-01 1.211600e-02 1.832080e-01
104 8.026280e-01 1.207600e-02 1.852960e-01
105 8.005960e-01 1.191200e-02 1.874920e-01
106 7.983200e-01 1.226000e-02 1.894200e-01
107 7.961960e-01 1.210400e-02 1.917000e-01
108 7.941360e-01 1.202800e-02 1.938360e-01
109 7.921200e-01 1.181600e-02 1.960640e-01
110 7.902040e-01 1.180000e-02 1.979960e-01
111 7.880480e-01 1.189600e-02 2.000560e-01
112 7.860000e-01 1.193200e-02 2.020680e-01
113 7.841640e-01 1.165200e-02 2.041840e-01
114 7.821840e-01 1.153200e-02 2.062840e-01
115 7.801400e-01 1.146400e-02 2.083960e-01
116 7.783960e-01 1.122800e-02 2.103760e-01
117 7.766520e-01 1.101200e-02 2.123360e-01
118 7.748800e-01 1.079600e-02 2.143240e-01
119 7.731760e-01 1.062000e-02 2.162040e-01
120 7.716280e-01 1.032400e-02 2.180480e-01
121 7.700960e-01 1.012800e-02 2.197760e-01
122 7.684440e-01 1.007600e-02 2.214800e-01
123 7.668520e-01 9.968000e-03 2.231800e-01
124 7.653240e-01 9.748000e-03 2.249280e-01
125 7.638600e-01 9.528000e-03 2.266120e-01
126 7.621760e-01 9.616000e-03 2.282080e-01
127 7.606880e-01 9.496000e-03 2.298160e-01
128 7.591480e-01 9.400000e-03 2.314520e-01
129 7.577800e-01 9.008000e-03 2.332120e-01
130 7.562080e-01 8.916000e-03 2.348760e-01
131 7.547000e-01 8.960000e-03 2.363400e-01
132 7.531840e-01 8.912000e-03 2.379040e-01
133 7.517280e-01 8.680000e-03 2.395920e-01
134 7.502160e-01 8.624000e-03 2.411600e-01
135 7.488440e-01 8.508000e-03 2.426480e-01
136 7.474840e-01 8.296000e-03 2.442200e-01
137 7.460600e-01 8.300000e-03 2.456400e-01
138 7.446440e-01 8.096000e-03 2.472600e-01
139 7.432280e-01 8.024000e-03 2.487480e-01
140 7.418600e-01 7.896000e-03 2.502440e-01
141 7.404200e-01 7.876000e-03 2.517040e-01
142 7.389520e-01 7.952000e-03 2.530960e-01
143 7.376920e-01 7.808000e-03 2.545000e-01
144 7.364000e-01 7.768000e-03 2.558320e-01
145 7.350880e-01 7.808000e-03 2.571040e-01
146 7.338520e-01 7.676000e-03 2.584720e-01
147 7.325680e-01 7.620000e-03 2.598120e-01
148 7.314160e-01 7.380000e-03 2.612040e-01
149 7.301520e-01 7.408000e-03 2.624400e-01
150 7.288880e-01 7.412000e-03 2.637000e-01
151 7.275000e-01 7.528000e-03 2.649720e-01
152 7.261800e-01 7.552000e-03 2.662680e-01
153 7.248360e-01 7.660000e-03 2.675040e-01
154 7.234560e-01 7.768000e-03 2.687760e-01
155 7.222000e-01 7.756000e-03 2.700440e-01
156 7.210840e-01 7.668000e-03 2.712480e-01
157 7.199040e-01 7.552000e-03 2.725440e-01
158 7.186320e-01 7.484000e-03 2.738840e-01
159 7.174160e-01 7.460000e-03 2.751240e-01
160 7.163000e-01 7.280000e-03 2.764200e-01
161 7.152520e-01 7.176000e-03 2.775720e-01
162 7.142680e-01 6.968000e-03 2.787640e-01
163 7.132520e-01 6.760000e-03 2.799880e-01
164 7.122320e-01 6.540000e-03 2.812280e-01
165 7.112480e-01 6.368000e-03 2.823840e-01
166 7.102320e-01 6.288000e-03 2.834800e-01
167 7.091440e-01 6.424000e-03 2.844320e-01
168 7.080840e-01 6.344000e-03 2.855720e-01
169 7.069480e-01 6.328000e-03 2.867240e-01
170 7.058840e-01 6.332000e-03 2.877840e-01
171 7.047800e-01 6.252000e-03 2.889680e-01
172 7.036640e-01 6.332000e-03 2.900040e-01
173 7.025480e-01 6.308000e-03 2.911440e-01
174 7.016120e-01 6.096000e-03 2.922920e-01
175 7.007000e-01 5.924000e-03 2.933760e-01
176 6.999280e-01 5.704000e-03 2.943680e-01
177 6.990440e-01 5.584000e-03 2.953720e-01
178 6.981720e-01 5.484000e-03 2.963440e-01
179 6.972320e-01 5.452000e-03 2.973160e-01
180 6.963480e-01 5.344000e-03 2.983080e-01
181 6.954200e-01 5.324000e-03 2.992560e-01
182 6.943880e-01 5.428000e-03 3.001840e-01
183 6.933440e-01 5.584000e-03 3.010720e-01
184 6.923280e-01 5.612000e-03 3.020600e-01
185 6.912920e-01 5.716000e-03 3.029920e-01
186 6.901840e-01 5.816000e-03 3.040000e-01
187 6.890960e-01 5.896000e-03 3.050080e-01
188 6.882680e-01 5.668000e-03 3.060640e-01
189 6.873400e-01 5.576000e-03 3.070840e-01
190 6.865800e-01 5.388000e-03 3.080320e-01
191 6.856840e-01 5.344000e-03 3.089720e-01
192 6.848240e-01 5.292000e-03 3.098840e-01
193 6.839280e-01 5.168000e-03 3.109040e-01
194 6.832040e-01 4.940000e-03 3.118560e-01
195 6.823440e-01 4.876000e-03 3.127800e-01
196 6.815280e-01 4.808000e-03 3.136640e-01
197 6.807920e-01 4.728000e-03 3.144800e-01
198 6.799960e-01 4.696000e-03 3.153080e-01
199 6.792320e-01 4.636000e-03 3.161320e-01
200 6.784440e-01 4.584000e-03 3.169720e-01
201 6.777080e-01 4.552000e-03 3.177400e-01
202 6.769600e-01 4.516000e-03 3.185240e-01
203 6.762320e-01 4.424000e-03 3.193440e-01
204 6.754600e-01 4.408000e-03 3.201320e-01
205 6.747920e-01 4.352000e-03 3.208560e-01
206 6.740040e-01 4.284000e-03 3.217120e-01
207 6.732520e-01 4.272000e-03 3.224760e-01
208 6.725240e-01 4.272000e-03 3.232040e-01
209 6.718200e-01 4.320000e-03 3.238600e-01
210 6.710000e-01 4.392000e-03 3.246080e-01
211 6.703120e-01 4.300000e-03 3.253880e-01
212 6.696440e-01 4.200000e-03 3.261560e-01
213 6.690160e-01 4.104000e-03 3.268800e-01
214 6.684120e-01 3.924000e-03 3.276640e-01
215 6.677320e-01 3.900000e-03 3.283680e-01
216 6.670560e-01 3.904000e-03 3.290400e-01
217 6.664280e-01 3.868000e-03 3.297040e-01
218 6.658280e-01 3.768000e-03 3.304040e-01
219 6.651720e-01 3.764000e-03 3.310640e-01
220 6.646040e-01 3.684000e-03 3.317120e-01
221 6.639560e-01 3.660000e-03 3.323840e-01
222 6.634400e-01 3.508000e-03 3.330520e-01
223 6.627480e-01 3.556000e-03 3.336960e-01
224 6.621360e-01 3.536000e-03 3.343280e-01
225 6.614760e-01 3.604000e-03 3.349200e-01
226 6.609800e-01 3.520000e-03 3.355000e-01
227 6.604640e-01 3.480000e-03 3.360560e-01
228 6.599360e-01 3.372000e-03 3.366920e-01
229 6.594040e-01 3.348000e-03 3.372480e-01
230 6.587800e-01 3.356000e-03 3.378640e-01
231 6.582520e-01 3.292000e-03 3.384560e-01
232 6.577000e-01 3.268000e-03 3.390320e-01
233 6.572400e-01 3.156000e-03 3.396040e-01
234 6.566880e-01 3.112000e-03 3.402000e-01
235 6.560600e-01 3.176000e-03 3.407640e-01
236 6.554000e-01 3.264000e-03 3.413360e-01
237 6.547720e-01 3.332000e-03 3.418960e-01
238 6.540760e-01 3.524000e-03 3.424000e-01
239 6.534320e-01 3.588000e-03 3.429800e-01
240 6.527760e-01 3.612000e-03 3.436120e-01
241 6.521920e-01 3.608000e-03 3.442000e-01
242 6.516200e-01 3.592000e-03 3.447880e-01
243 6.509720e-01 3.576000e-03 3.454520e-01
244 6.504320e-01 3.496000e-03 3.460720e-01
245 6.498880e-01 3.544000e-03 3.465680e-01
246 6.493120e-01 3.544000e-03 3.471440e-01
247 6.488520e-01 3.400000e-03 3.477480e-01
248 6.484000e-01 3.284000e-03 3.483160e-01
249 6.479360e-01 3.152000e-03 3.489120e-01
250 6.474280e-01 3.084000e-03 3.494880e-01
251 6.469160e-01 3.120000e-03 3.499640e-01
252 6.464400e-01 3.068000e-03 3.504920e-01
253 6.459520e-01 3.000000e-03 3.510480e-01
254 6.453400e-01 3.092000e-03 3.515680e-01
255 6.447080e-01 3.164000e-03 3.521280e-01
256 6.441920e-01 3.144000e-03 3.526640e-01
257 6.436160e-01 3.208000e-03 3.531760e-01
258 6.430880e-01 3.304000e-03 3.536080e-01
259 6.425000e-01 3.300000e-03 3.542000e-01
260 6.418560e-01 3.360000e-03 3.547840e-01
261 6.412920e-01 3.304000e-03 3.554040e-01
262 6.408040e-01 3.148000e-03 3.560480e-01
263 6.401880e-01 3.132000e-03 3.566800e-01
264 6.397560e-01 3.016000e-03 3.572280e-01
265 6.392320e-01 3.016000e-03 3.577520e-01
266 6.387880e-01 2.896000e-03 3.583160e-01
267 6.383680e-01 2.824000e-03 3.588080e-01
268 6.379280e-01 2.776000e-03 3.592960e-01
269 6.374520e-01 2.748000e-03 3.598000e-01
270 6.369040e-01 2.824000e-03 3.602720e-01
271 6.364080e-01 2.844000e-03 3.607480e-01
272 6.358760e-01 2.884000e-03 3.612400e-01
273 6.354200e-01 2.832000e-03 3.617480e-01
274 6.347840e-01 2.944000e-03 3.622720e-01
275 6.341640e-01 3.052000e-03 3.627840e-01
276 6.336520e-01 3.028000e-03 3.633200e-01
277 6.330560e-01 3.076000e-03 3.638680e-01
278 6.324920e-01 3.128000e-03 3.643800e-01
279 6.318960e-01 3.092000e-03 3.650120e-01
280 6.313200e-01 3.216000e-03 3.654640e-01
281 6.307560e-01 3.124000e-03 3.661200e-01
282 6.301360e-01 3.156000e-03 3.667080e-01
283 6.296360e-01 3.036000e-03 3.673280e-01
284 6.291400e-01 3.068000e-03 3.677920e-01
285 6.286560e-01 3.044000e-03 3.683000e-01
286 6.280960e-01 3.076000e-03 3.688280e-01
287 6.275120e-01 3.052000e-03 3.694360e-01
288 6.269480e-01 3.040000e-03 3.700120e-01
289 6.264360e-01 3.024000e-03 3.705400e-01
290 6.259840e-01 2.908000e-03 3.711080e-01
291 6.255200e-01 2.876000e-03 3.716040e-01
292 6.250280e-01 2.856000e-03 3.721160e-01
293 6.245880e-01 2.800000e-03 3.726120e-01
294 6.240960e-01 2.780000e-03 3.731240e-01
295 6.237040e-01 2.620000e-03 3.736760e-01
296 6.233400e-01 2.544000e-03 3.741160e-01
297 6.229680e-01 2.452000e-03 3.745800e-01
298 6.225480e-01 2.428000e-03 3.750240e-01
299 6.221760e-01 2.392000e-03 3.754320e-01
300 6.217920e-01 2.400000e-03 3.758080e-01
301 6.213800e-01 2.396000e-03 3.762240e-01
302 6.210440e-01 2.344000e-03 3.766120e-01
303 6.206800e-01 2.344000e-03 3.769760e-01
304 6.202640e-01 2.348000e-03 3.773880e-01
305 6.199320e-01 2.256000e-03 3.778120e-01
306 6.195960e-01 2.268000e-03 3.781360e-01
307 6.193160e-01 2.208000e-03 3.784760e-01
308 6.190440e-01 2.060000e-03 3.788960e-01
309 6.187560e-01 2.000000e-03 3.792440e-01
310 6.184400e-01 1.992000e-03 3.795680e-01
311 6.182200e-01 1.852000e-03 3.799280e-01
312 6.179320e-01 1.784000e-03 3.802840e-01
313 6.176760e-01 1.736000e-03 3.805880e-01
314 6.174680e-01 1.664000e-03 3.808680e-01
315 6.172600e-01 1.540000e-03 3.812000e-01
316 6.170280e-01 1.544000e-03 3.814280e-01
317 6.166960e-01 1.540000e-03 3.817640e-01
318 6.164160e-01 1.588000e-03 3.819960e-01
319 6.161600e-01 1.572000e-03 3.822680e-01
320 6.157880e-01 1.648000e-03 3.825640e-01
321 6.154360e-01 1.756000e-03 3.828080e-01
322 6.151240e-01 1.752000e-03 3.831240e-01
323 6.147920e-01 1.760000e-03 3.834480e-01
324 6.145160e-01 1.744000e-03 3.837400e-01
325 6.141960e-01 1.772000e-03 3.840320e-01
326 6.139000e-01 1.736000e-03 3.843640e-01
327 6.136320e-01 1.716000e-03 3.846520e-01
328 6.133240e-01 1.760000e-03 3.849160e-01
329 6.130240e-01 1.744000e-03 3.852320e-01
330 6.127440e-01 1.704000e-03 3.855520e-01
331 6.124880e-01 1.712000e-03 3.858000e-01
332 6.122160e-01 1.660000e-03 3.861240e-01
333 6.120040e-01 1.580000e-03 3.864160e-01
334 6.117560e-01 1.600000e-03 3.866440e-01
335 6.115440e-01 1.536000e-03 3.869200e-01
336 6.112440e-01 1.592000e-03 3.871640e-01
337 6.108920e-01 1.604000e-03 3.875040e-01
338 6.106320e-01 1.560000e-03 3.878080e-01
339 6.103280e-01 1.568000e-03 3.881040e-01
340 6.100160e-01 1.564000e-03 3.884200e-01
341 6.097280e-01 1.568000e-03 3.887040e-01
342 6.094320e-01 1.596000e-03 3.889720e-01
343 6.091280e-01 1.640000e-03 3.892320e-01
344 6.088800e-01 1.556000e-03 3.895640e-01
345 6.085720e-01 1.588000e-03 3.898400e-01
346 6.083240e-01 1.576000e-03 3.901000e-01
347 6.079800e-01 1.644000e-03 3.903760e-01
348 6.076640e-01 1.640000e-03 3.906960e-01
349 6.073600e-01 1.732000e-03 3.909080e-01
350 6.071400e-01 1.716000e-03 3.911440e-01
351 6.068280e-01 1.728000e-03 3.914440e-01
352 6.065600e-01 1.724000e-03 3.917160e-01
353 6.062360e-01 1.788000e-03 3.919760e-01
354 6.059640e-01 1.784000e-03 3.922520e-01
355 6.056360e-01 1.808000e-03 3.925560e-01
356 6.054120e-01 1.780000e-03 3.928080e-01
357 6.051240e-01 1.708000e-03 3.931680e-01
358 6.048240e-01 1.668000e-03 3.935080e-01
359 6.045160e-01 1.660000e-03 3.938240e-01
360 6.042960e-01 1.584000e-03 3.941200e-01
361 6.039920e-01 1.608000e-03 3.944000e-01
362 6.037040e-01 1.644000e-03 3.946520e-01
363 6.034280e-01 1.616000e-03 3.949560e-01
364 6.031400e-01 1.588000e-03 3.952720e-01
365 6.028760e-01 1.600000e-03 3.955240e-01
366 6.025840e-01 1.604000e-03 3.958120e-01
367 6.022840e-01 1.620000e-03 3.960960e-01
368 6.019720e-01 1.644000e-03 3.963840e-01
369 6.016480e-01 1.704000e-03 3.966480e-01
370 6.013320e-01 1.680000e-03 3.969880e-01
371 6.010240e-01 1.676000e-03 3.973000e-01
372 6.006960e-01 1.720000e-03 3.975840e-01
373 6.003840e-01 1.720000e-03 3.978960e-01
374 6.000320e-01 1.788000e-03 3.981800e-01
375 5.997560e-01 1.716000e-03 3.985280e-01
376 5.994360e-01 1.696000e-03 3.988680e-01
377 5.991480e-01 1.720000e-03 3.991320e-01
378 5.988560e-01 1.644000e-03 3.995000e-01
379 5.984920e-01 1.708000e-03 3.998000e-01
380 5.982280e-01 1.616000e-03 4.001560e-01
381 5.979080e-01 1.620000e-03 4.004720e-01
382 5.976120e-01 1.648000e-03 4.007400e-01
383 5.972920e-01 1.660000e-03 4.010480e-01
384 5.970240e-01 1.616000e-03 4.013600e-01
385 5.967640e-01 1.608000e-03 4.016280e-01
386 5.964760e-01 1.616000e-03 4.019080e-01
387 5.962120e-01 1.556000e-03 4.022320e-01
388 5.959320e-01 1.536000e-03 4.025320e-01
389 5.956280e-01 1.596000e-03 4.027760e-01
390 5.953640e-01 1.616000e-03 4.030200e-01
391 5.951080e-01 1.572000e-03 4.033200e-01
392 5.948680e-01 1.616000e-03 4.035160e-01
393 5.945560e-01 1.612000e-03 4.038320e-01
394 5.942640e-01 1.564000e-03 4.041720e-01
395 5.939920e-01 1.524000e-03 4.044840e-01
396 5.936640e-01 1.564000e-03 4.047720e-01
397 5.933600e-01 1.600000e-03 4.050400e-01
398 5.930040e-01 1.664000e-03 4.053320e-01
399 5.926920e-01 1.672000e-03 4.056360e-01
400 5.923920e-01 1.672000e-03 4.059360e-01
401 5.920560e-01 1.724000e-03 4.062200e-01
402 5.918280e-01 1.644000e-03 4.065280e-01
403 5.915720e-01 1.648000e-03 4.067800e-01
404 5.913200e-01 1.608000e-03 4.070720e-01
405 5.910560e-01 1.616000e-03 4.073280e-01
406 5.908040e-01 1.492000e-03 4.077040e-01
407 5.905520e-01 1.480000e-03 4.079680e-01
408 5.902600e-01 1.528000e-03 4.082120e-01
409 5.899280e-01 1.620000e-03 4.084520e-01
410 5.896920e-01 1.592000e-03 4.087160e-01
411 5.894760e-01 1.524000e-03 4.090000e-01
412 5.893040e-01 1.492000e-03 4.092040e-01
413 5.890080e-01 1.500000e-03 4.094920e-01
414 5.888160e-01 1.452000e-03 4.097320e-01
415 5.885360e-01 1.472000e-03 4.099920e-01
416 5.883080e-01 1.420000e-03 4.102720e-01
417 5.879760e-01 1.512000e-03 4.105120e-01
418 5.876840e-01 1.516000e-03 4.108000e-01
419 5.874200e-01 1.492000e-03 4.110880e-01
420 5.871440e-01 1.512000e-03 4.113440e-01
421 5.869040e-01 1.460000e-03 4.116360e-01
422 5.865560e-01 1.564000e-03 4.118800e-01
423 5.862440e-01 1.544000e-03 4.122120e-01
424 5.859800e-01 1.540000e-03 4.124800e-01
425 5.856520e-01 1.604000e-03 4.127440e-01
426 5.854000e-01 1.604000e-03 4.129960e-01
427 5.851560e-01 1.576000e-03 4.132680e-01
428 5.848600e-01 1.592000e-03 4.135480e-01
429 5.846480e-01 1.576000e-03 4.137760e-01
430 5.844800e-01 1.464000e-03 4.140560e-01
431 5.842760e-01 1.416000e-03 4.143080e-01
432 5.840360e-01 1.432000e-03 4.145320e-01
433 5.837840e-01 1.448000e-03 4.147680e-01
434 5.835080e-01 1.404000e-03 4.150880e-01
435 5.833160e-01 1.372000e-03 4.153120e-01
436 5.831600e-01 1.316000e-03 4.155240e-01
437 5.829520e-01 1.284000e-03 4.157640e-01
438 5.827480e-01 1.292000e-03 4.159600e-01
439 5.825480e-01 1.300000e-03 4.161520e-01
440 5.823720e-01 1.292000e-03 4.163360e-01
441 5.821760e-01 1.256000e-03 4.165680e-01
442 5.820120e-01 1.204000e-03 4.167840e-01
443 5.818400e-01 1.160000e-03 4.170000e-01
444 5.816760e-01 1.132000e-03 4.171920e-01
445 5.815360e-01 1.020000e-03 4.174440e-01
446 5.813560e-01 1.032000e-03 4.176120e-01
447 5.811720e-01 1.020000e-03 4.178080e-01
448 5.809560e-01 1.068000e-03 4.179760e-01
449 5.807800e-01 1.100000e-03 4.181200e-01
450 5.806160e-01 1.068000e-03 4.183160e-01
451 5.804960e-01 9.960000e-04 4.185080e-01
452 5.803080e-01 9.880000e-04 4.187040e-01
453 5.801560e-01 9.480000e-04 4.188960e-01
454 5.799320e-01 1.020000e-03 4.190480e-01
455 5.797480e-01 9.840000e-04 4.192680e-01
456 5.795720e-01 1.032000e-03 4.193960e-01
457 5.793400e-01 1.072000e-03 4.195880e-01
458 5.792160e-01 1.016000e-03 4.197680e-01
459 5.790880e-01 9.800000e-04 4.199320e-01
460 5.789440e-01 9.360000e-04 4.201200e-01
461 5.787920e-01 9.680000e-04 4.202400e-01
462 5.786320e-01 9.840000e-04 4.203840e-01
463 5.784880e-01 9.840000e-04 4.205280e-01
464 5.783040e-01 9.720000e-04 4.207240e-01
465 5.781640e-01 8.880000e-04 4.209480e-01
466 5.781000e-01 8.120000e-04 4.210880e-01
467 5.780080e-01 7.400000e-04 4.212520e-01
468 5.779240e-01 6.840000e-04 4.213920e-01
469 5.777960e-01 6.840000e-04 4.215200e-01
470 5.776640e-01 7.040000e-04 4.216320e-01
471 5.775040e-01 7.120000e-04 4.217840e-01
472 5.773280e-01 7.800000e-04 4.218920e-01
473 5.771920e-01 7.480000e-04 4.220600e-01
474 5.770480e-01 7.720000e-04 4.221800e-01
475 5.769280e-01 7.360000e-04 4.223360e-01
476 5.768280e-01 6.840000e-04 4.224880e-01
477 5.767240e-01 6.600000e-04 4.226160e-01
478 5.766440e-01 6.080000e-04 4.227480e-01
479 5.765560e-01 6.000000e-04 4.228440e-01
480 5.764440e-01 6.320000e-04 4.229240e-01
481 5.763280e-01 6.640000e-04 4.230080e-01
482 5.762560e-01 5.960000e-04 4.231480e-01
483 5.761600e-01 6.240000e-04 4.232160e-01
484 5.760640e-01 5.800000e-04 4.233560e-01
485 5.759480e-01 5.680000e-04 4.234840e-01
486 5.758560e-01 5.800000e-04 4.235640e-01
487 5.757640e-01 5.400000e-04 4.236960e-01
488 5.757080e-01 5.200000e-04 4.237720e-01
489 5.756280e-01 5.040000e-04 4.238680e-01
490 5.755720e-01 4.600000e-04 4.239680e-01
491 5.755360e-01 4.000000e-04 4.240640e-01
492 5.754960e-01 3.880000e-04 4.241160e-01
493 5.754440e-01 3.760000e-04 4.241800e-01
494 5.753960e-01 3.200000e-04 4.242840e-01
495 5.753240e-01 3.320000e-04 4.243440e-01
496 5.752760e-01 3.400000e-04 4.243840e-01
497 5.751880e-01 3.840000e-04 4.244280e-01
498 5.750960e-01 3.880000e-04 4.245160e-01
499 5.750000e-01 4.080000e-04 4.245920e-01
500 5.749120e-01 4.200000e-04 4.246680e-01
