1 9.992000e-01 6.720000e-04 1.280000e-04
2 9.986920e-01 1.048000e-03 2.600000e-04
3 9.980360e-01 1.456000e-03 5.080000e-04
4 9.972120e-01 2.048000e-03 7.400000e-04
5 9.963880e-01 2.440000e-03 1.172000e-03
6 9.956040e-01 2.720000e-03 1.676000e-03
7 9.946880e-01 3.144000e-03 2.168000e-03
8 9.938680e-01 3.428000e-03 2.704000e-03
9 9.928120e-01 3.820000e-03 3.368000e-03
10 9.917320e-01 4.172000e-03 4.096000e-03
11 9.906320e-01 4.540000e-03 4.828000e-03
12 9.895280e-01 4.772000e-03 5.700000e-03
13 9.884720e-01 4.992000e-03 6.536000e-03
14 9.872560e-01 5.288000e-03 7.456000e-03
15 9.862280e-01 5.392000e-03 8.380000e-03
16 9.850960e-01 5.544000e-03 9.360000e-03
17 9.839480e-01 5.636000e-03 1.041600e-02
18 9.828320e-01 5.712000e-03 1.145600e-02
19 9.816320e-01 5.932000e-03 1.243600e-02
20 9.803600e-01 6.128000e-03 1.351200e-02
21 9.791520e-01 6.332000e-03 1.451600e-02
22 9.777640e-01 6.668000e-03 1.556800e-02
23 9.764480e-01 6.812000e-03 1.674000e-02
24 9.752520e-01 6.832000e-03 1.791600e-02
25 9.740520e-01 6.820000e-03 1.912800e-02
26 9.727160e-01 7.088000e-03 2.019600e-02
27 9.714840e-01 6.944000e-03 2.157200e-02
28 9.702080e-01 6.960000e-03 2.283200e-02
29 9.689680e-01 7.100000e-03 2.393200e-02
30 9.676440e-01 7.152000e-03 2.520400e-02
31 9.662320e-01 7.276000e-03 2.649200e-02
32 9.648720e-01 7.316000e-03 2.781200e-02
33 9.634240e-01 7.468000e-03 2.910800e-02
34 9.620400e-01 7.416000e-03 3.054400e-02
35 9.604920e-01 7.656000e-03 3.185200e-02
36 9.590480e-01 7.752000e-03 3.320000e-02
37 9.575680e-01 7.864000e-03 3.456800e-02
38 9.561240e-01 8.052000e-03 3.582400e-02
39 9.547880e-01 7.936000e-03 3.727600e-02
40 9.534160e-01 7.928000e-03 3.865600e-02
41 9.517760e-01 8.132000e-03 4.009200e-02
42 9.502720e-01 8.176000e-03 4.155200e-02
43 9.488400e-01 8.180000e-03 4.298000e-02
44 9.473320e-01 8.204000e-03 4.446400e-02
45 9.458640e-01 8.256000e-03 4.588000e-02
46 9.445040e-01 8.116000e-03 4.738000e-02
47 9.430840e-01 8.188000e-03 4.872800e-02
48 9.416480e-01 8.216000e-03 5.013600e-02
49 9.402440e-01 8.116000e-03 5.164000e-02
50 9.387720e-01 8.184000e-03 5.304400e-02
51 9.373480e-01 8.196000e-03 5.445600e-02
52 9.357480e-01 8.408000e-03 5.584400e-02
53 9.343240e-01 8.288000e-03 5.738800e-02
54 9.329080e-01 8.052000e-03 5.904000e-02
55 9.314440e-01 8.048000e-03 6.050800e-02
56 9.299840e-01 8.068000e-03 6.194800e-02
57 9.284480e-01 8.188000e-03 6.336400e-02
58 9.268360e-01 8.372000e-03 6.479200e-02
59 9.251280e-01 8.596000e-03 6.627600e-02
60 9.236120e-01 8.428000e-03 6.796000e-02
61 9.221840e-01 8.416000e-03 6.940000e-02
62 9.207440e-01 8.456000e-03 7.080000e-02
63 9.193240e-01 8.456000e-03 7.222000e-02
64 9.178840e-01 8.400000e-03 7.371600e-02
65 9.164880e-01 8.148000e-03 7.536400e-02
66 9.150560e-01 8.116000e-03 7.682800e-02
67 9.135840e-01 8.200000e-03 7.821600e-02
68 9.121400e-01 8.224000e-03 7.963600e-02
69 9.106680e-01 8.196000e-03 8.113600e-02
70 9.092080e-01 8.272000e-03 8.252000e-02
71 9.077520e-01 8.316000e-03 8.393200e-02
72 9.064160e-01 8.256000e-03 8.532800e-02
73 9.048080e-01 8.360000e-03 8.683200e-02
74 9.033120e-01 8.316000e-03 8.837200e-02
75 9.018520e-01 8.208000e-03 8.994000e-02
76 9.004760e-01 8.100000e-03 9.142400e-02
77 8.991240e-01 8.112000e-03 9.276400e-02
78 8.979760e-01 7.812000e-03 9.421200e-02
79 8.966480e-01 7.904000e-03 9.544800e-02
80 8.952800e-01 7.988000e-03 9.673200e-02
81 8.939560e-01 8.024000e-03 9.802000e-02
82 8.926280e-01 7.944000e-03 9.942800e-02
83 8.914120e-01 7.756000e-03 1.008320e-01
84 8.902560e-01 7.672000e-03 1.020720e-01
85 8.890080e-01 7.512000e-03 1.034800e-01
86 8.876400e-01 7.576000e-03 1.047840e-01
87 8.862600e-01 7.556000e-03 1.061840e-01
88 8.849760e-01 7.596000e-03 1.074280e-01
89 8.836320e-01 7.632000e-03 1.087360e-01
90 8.821920e-01 7.740000e-03 1.100680e-01
91 8.808240e-01 7.816000e-03 1.113600e-01
92 8.794320e-01 7.872000e-03 1.126960e-01
93 8.779960e-01 7.784000e-03 1.142200e-01
94 8.766680e-01 7.732000e-03 1.156000e-01
95 8.754000e-01 7.720000e-03 1.168800e-01
96 8.740560e-01 7.568000e-03 1.183760e-01
97 8.726240e-01 7.564000e-03 1.198120e-01
98 8.711560e-01 7.720000e-03 1.211240e-01
99 8.696160e-01 7.912000e-03 1.224720e-01
100 8.680880e-01 8.012000e-03 1.239000e-01
101 8.666120e-01 8.144000e-03 1.252440e-01
102 8.650400e-01 8.208000e-03 1.267520e-01
103 8.635360e-01 8.260000e-03 1.282040e-01
104 8.619920e-01 8.408000e-03 1.296000e-01
105 8.606000e-01 8.368000e-03 1.310320e-01
106 8.590640e-01 8.380000e-03 1.325560e-01
107 8.575520e-01 8.404000e-03 1.340440e-01
108 8.561200e-01 8.392000e-03 1.354880e-01
109 8.548680e-01 8.160000e-03 1.369720e-01
110 8.534760e-01 8.128000e-03 1.383960e-01
111 8.520640e-01 8.036000e-03 1.399000e-01
112 8.506440e-01 8.136000e-03 1.412200e-01
113 8.492840e-01 8.128000e-03 1.425880e-01
114 8.480960e-01 7.872000e-03 1.440320e-01
115 8.467920e-01 7.840000e-03 1.453680e-01
116 8.455720e-01 7.744000e-03 1.466840e-01
117 8.443520e-01 7.696000e-03 1.479520e-01
118 8.430400e-01 7.552000e-03 1.494080e-01
119 8.419720e-01 7.336000e-03 1.506920e-01
120 8.407600e-01 7.308000e-03 1.519320e-01
121 8.396800e-01 7.112000e-03 1.532080e-01
122 8.385200e-01 7.100000e-03 1.543800e-01
123 8.374000e-01 6.956000e-03 1.556440e-01
124 8.362520e-01 6.872000e-03 1.568760e-01
125 8.352440e-01 6.696000e-03 1.580600e-01
126 8.341160e-01 6.572000e-03 1.593120e-01
127 8.328880e-01 6.576000e-03 1.605360e-01
128 8.317720e-01 6.480000e-03 1.617480e-01
129 8.304960e-01 6.604000e-03 1.629000e-01
130 8.294680e-01 6.468000e-03 1.640640e-01
131 8.283400e-01 6.468000e-03 1.651920e-01
132 8.272960e-01 6.384000e-03 1.663200e-01
133 8.263760e-01 6.188000e-03 1.674360e-01
134 8.253440e-01 6.160000e-03 1.684960e-01
135 8.241680e-01 6.268000e-03 1.695640e-01
136 8.231560e-01 6.172000e-03 1.706720e-01
137 8.221120e-01 6.064000e-03 1.718240e-01
138 8.211160e-01 5.912000e-03 1.729720e-01
139 8.201600e-01 5.880000e-03 1.739600e-01
140 8.192600e-01 5.724000e-03 1.750160e-01
141 8.182800e-01 5.588000e-03 1.761320e-01
142 8.173280e-01 5.528000e-03 1.771440e-01
143 8.163400e-01 5.516000e-03 1.781440e-01
144 8.153920e-01 5.648000e-03 1.789600e-01
145 8.143000e-01 5.752000e-03 1.799480e-01
146 8.133000e-01 5.736000e-03 1.809640e-01
147 8.123360e-01 5.680000e-03 1.819840e-01
148 8.114360e-01 5.532000e-03 1.830320e-01
149 8.105240e-01 5.544000e-03 1.839320e-01
150 8.096400e-01 5.492000e-03 1.848680e-01
151 8.087520e-01 5.360000e-03 1.858880e-01
152 8.079160e-01 5.224000e-03 1.868600e-01
153 8.069640e-01 5.172000e-03 1.878640e-01
154 8.061400e-01 5.120000e-03 1.887400e-01
155 8.052880e-01 5.168000e-03 1.895440e-01
156 8.042400e-01 5.284000e-03 1.904760e-01
157 8.033320e-01 5.316000e-03 1.913520e-01
158 8.023080e-01 5.504000e-03 1.921880e-01
159 8.012120e-01 5.524000e-03 1.932640e-01
160 8.002400e-01 5.452000e-03 1.943080e-01
161 7.991520e-01 5.544000e-03 1.953040e-01
162 7.980960e-01 5.588000e-03 1.963160e-01
163 7.970280e-01 5.676000e-03 1.972960e-01
164 7.960080e-01 5.580000e-03 1.984120e-01
165 7.950280e-01 5.588000e-03 1.993840e-01
166 7.939400e-01 5.644000e-03 2.004160e-01
167 7.928880e-01 5.664000e-03 2.014480e-01
168 7.918880e-01 5.652000e-03 2.024600e-01
169 7.908920e-01 5.564000e-03 2.035440e-01
170 7.898320e-01 5.580000e-03 2.045880e-01
171 7.888480e-01 5.560000e-03 2.055920e-01
172 7.879120e-01 5.524000e-03 2.065640e-01
173 7.870000e-01 5.508000e-03 2.074920e-01
174 7.861040e-01 5.408000e-03 2.084880e-01
175 7.851240e-01 5.588000e-03 2.092880e-01
176 7.842000e-01 5.640000e-03 2.101600e-01
177 7.832360e-01 5.660000e-03 2.111040e-01
178 7.822560e-01 5.652000e-03 2.120920e-01
179 7.812520e-01 5.672000e-03 2.130760e-01
180 7.802480e-01 5.668000e-03 2.140840e-01
181 7.794080e-01 5.548000e-03 2.150440e-01
182 7.784680e-01 5.488000e-03 2.160440e-01
183 7.774440e-01 5.544000e-03 2.170120e-01
184 7.766000e-01 5.376000e-03 2.180240e-01
185 7.757280e-01 5.432000e-03 2.188400e-01
186 7.748720e-01 5.272000e-03 2.198560e-01
187 7.740200e-01 5.204000e-03 2.207760e-01
188 7.730640e-01 5.356000e-03 2.215800e-01
189 7.721080e-01 5.352000e-03 2.225400e-01
190 7.710480e-01 5.464000e-03 2.234880e-01
191 7.700680e-01 5.480000e-03 2.244520e-01
192 7.691720e-01 5.372000e-03 2.254560e-01
193 7.681920e-01 5.368000e-03 2.264400e-01
194 7.671720e-01 5.572000e-03 2.272560e-01
195 7.661760e-01 5.772000e-03 2.280520e-01
196 7.652240e-01 5.660000e-03 2.291160e-01
197 7.643680e-01 5.544000e-03 2.300880e-01
198 7.635520e-01 5.464000e-03 2.309840e-01
199 7.627000e-01 5.336000e-03 2.319640e-01
200 7.618640e-01 5.276000e-03 2.328600e-01
201 7.610200e-01 5.292000e-03 2.336880e-01
202 7.601520e-01 5.216000e-03 2.346320e-01
203 7.592640e-01 5.216000e-03 2.355200e-01
204 7.582880e-01 5.240000e-03 2.364720e-01
205 7.573000e-01 5.472000e-03 2.372280e-01
206 7.563720e-01 5.412000e-03 2.382160e-01
207 7.554600e-01 5.472000e-03 2.390680e-01
208 7.545680e-01 5.320000e-03 2.401120e-01
209 7.537960e-01 5.072000e-03 2.411320e-01
210 7.528640e-01 5.112000e-03 2.420240e-01
211 7.519640e-01 5.116000e-03 2.429200e-01
212 7.510600e-01 5.184000e-03 2.437560e-01
213 7.502320e-01 5.168000e-03 2.446000e-01
214 7.493680e-01 5.104000e-03 2.455280e-01
215 7.485000e-01 5.040000e-03 2.464600e-01
216 7.476400e-01 4.920000e-03 2.474400e-01
217 7.468960e-01 4.896000e-03 2.482080e-01
218 7.460800e-01 4.852000e-03 2.490680e-01
219 7.453080e-01 4.852000e-03 2.498400e-01
220 7.444200e-01 4.928000e-03 2.506520e-01
221 7.435400e-01 4.880000e-03 2.515800e-01
222 7.426880e-01 4.952000e-03 2.523600e-01
223 7.417760e-01 5.028000e-03 2.531960e-01
224 7.409800e-01 4.956000e-03 2.540640e-01
225 7.401480e-01 4.868000e-03 2.549840e-01
226 7.392960e-01 4.864000e-03 2.558400e-01
227 7.385240e-01 4.800000e-03 2.566760e-01
228 7.376720e-01 4.808000e-03 2.575200e-01
229 7.369240e-01 4.752000e-03 2.583240e-01
230 7.361440e-01 4.756000e-03 2.591000e-01
231 7.352960e-01 4.780000e-03 2.599240e-01
232 7.346200e-01 4.676000e-03 2.607040e-01
233 7.337920e-01 4.704000e-03 2.615040e-01
234 7.329960e-01 4.696000e-03 2.623080e-01
235 7.321520e-01 4.748000e-03 2.631000e-01
236 7.313760e-01 4.544000e-03 2.640800e-01
237 7.306760e-01 4.524000e-03 2.648000e-01
238 7.300560e-01 4.348000e-03 2.655960e-01
239 7.292200e-01 4.340000e-03 2.664400e-01
240 7.286240e-01 4.124000e-03 2.672520e-01
241 7.278520e-01 4.156000e-03 2.679920e-01
242 7.271920e-01 4.028000e-03 2.687800e-01
243 7.264960e-01 4.048000e-03 2.694560e-01
244 7.258000e-01 4.008000e-03 2.701920e-01
245 7.251560e-01 4.020000e-03 2.708240e-01
246 7.245320e-01 3.928000e-03 2.715400e-01
247 7.239480e-01 3.892000e-03 2.721600e-01
248 7.233440e-01 3.804000e-03 2.728520e-01
249 7.226560e-01 3.876000e-03 2.734680e-01
250 7.219800e-01 3.848000e-03 2.741720e-01
251 7.213080e-01 3.880000e-03 2.748120e-01
252 7.206320e-01 3.844000e-03 2.755240e-01
253 7.200440e-01 3.820000e-03 2.761360e-01
254 7.194240e-01 3.752000e-03 2.768240e-01
255 7.187440e-01 3.800000e-03 2.774560e-01
256 7.179640e-01 3.880000e-03 2.781560e-01
257 7.173960e-01 3.808000e-03 2.787960e-01
258 7.168040e-01 3.744000e-03 2.794520e-01
259 7.161520e-01 3.784000e-03 2.800640e-01
260 7.156080e-01 3.772000e-03 2.806200e-01
261 7.149720e-01 3.804000e-03 2.812240e-01
262 7.142720e-01 3.832000e-03 2.818960e-01
263 7.135360e-01 3.868000e-03 2.825960e-01
264 7.128400e-01 3.848000e-03 2.833120e-01
265 7.121640e-01 3.848000e-03 2.839880e-01
266 7.114800e-01 3.940000e-03 2.845800e-01
267 7.108040e-01 3.960000e-03 2.852360e-01
268 7.101720e-01 3.904000e-03 2.859240e-01
269 7.095040e-01 3.836000e-03 2.866600e-01
270 7.087520e-01 3.912000e-03 2.873360e-01
271 7.081440e-01 3.924000e-03 2.879320e-01
272 7.074320e-01 3.948000e-03 2.886200e-01
273 7.066680e-01 3.948000e-03 2.893840e-01
274 7.059520e-01 4.016000e-03 2.900320e-01
275 7.051880e-01 4.040000e-03 2.907720e-01
276 7.045480e-01 4.012000e-03 2.914400e-01
277 7.039040e-01 3.976000e-03 2.921200e-01
278 7.032520e-01 3.916000e-03 2.928320e-01
279 7.025880e-01 3.852000e-03 2.935600e-01
280 7.020240e-01 3.704000e-03 2.942720e-01
281 7.013880e-01 3.676000e-03 2.949360e-01
282 7.008120e-01 3.700000e-03 2.954880e-01
283 7.002520e-01 3.704000e-03 2.960440e-01
284 6.996600e-01 3.648000e-03 2.966920e-01
285 6.990600e-01 3.632000e-03 2.973080e-01
286 6.984560e-01 3.572000e-03 2.979720e-01
287 6.978320e-01 3.644000e-03 2.985240e-01
288 6.972520e-01 3.648000e-03 2.991000e-01
289 6.966280e-01 3.624000e-03 2.997480e-01
290 6.960000e-01 3.676000e-03 3.003240e-01
291 6.954040e-01 3.552000e-03 3.010440e-01
292 6.948040e-01 3.520000e-03 3.016760e-01
293 6.942360e-01 3.408000e-03 3.023560e-01
294 6.937160e-01 3.344000e-03 3.029400e-01
295 6.932760e-01 3.204000e-03 3.035200e-01
296 6.927480e-01 3.104000e-03 3.041480e-01
297 6.923600e-01 2.932000e-03 3.047080e-01
298 6.919160e-01 2.936000e-03 3.051480e-01
299 6.914480e-01 2.836000e-03 3.057160e-01
300 6.910160e-01 2.776000e-03 3.062080e-01
301 6.904800e-01 2.808000e-03 3.067120e-01
302 6.899960e-01 2.748000e-03 3.072560e-01
303 6.895640e-01 2.680000e-03 3.077560e-01
304 6.891640e-01 2.552000e-03 3.082840e-01
305 6.887280e-01 2.572000e-03 3.087000e-01
306 6.883960e-01 2.468000e-03 3.091360e-01
307 6.881280e-01 2.348000e-03 3.095240e-01
308 6.878160e-01 2.252000e-03 3.099320e-01
309 6.875400e-01 2.080000e-03 3.103800e-01
310 6.872760e-01 1.960000e-03 3.107640e-01
311 6.869440e-01 1.920000e-03 3.111360e-01
312 6.866960e-01 1.824000e-03 3.114800e-01
313 6.864640e-01 1.776000e-03 3.117600e-01
314 6.861120e-01 1.860000e-03 3.120280e-01
315 6.857560e-01 1.852000e-03 3.123920e-01
316 6.853880e-01 1.932000e-03 3.126800e-01
317 6.849920e-01 1.948000e-03 3.130600e-01
318 6.846080e-01 1.976000e-03 3.134160e-01
319 6.842800e-01 1.948000e-03 3.137720e-01
320 6.839200e-01 1.944000e-03 3.141360e-01
321 6.836240e-01 1.888000e-03 3.144880e-01
322 6.832760e-01 1.924000e-03 3.148000e-01
323 6.830080e-01 1.848000e-03 3.151440e-01
324 6.826920e-01 1.860000e-03 3.154480e-01
325 6.824000e-01 1.848000e-03 3.157520e-01
326 6.820400e-01 1.888000e-03 3.160720e-01
327 6.817640e-01 1.832000e-03 3.164040e-01
328 6.814080e-01 1.884000e-03 3.167080e-01
329 6.811440e-01 1.804000e-03 3.170520e-01
330 6.808120e-01 1.848000e-03 3.173400e-01
331 6.804880e-01 1.832000e-03 3.176800e-01
332 6.802160e-01 1.804000e-03 3.179800e-01
333 6.798560e-01 1.844000e-03 3.183000e-01
334 6.795640e-01 1.828000e-03 3.186080e-01
335 6.793200e-01 1.700000e-03 3.189800e-01
336 6.790520e-01 1.716000e-03 3.192320e-01
337 6.787120e-01 1.728000e-03 3.195600e-01
338 6.783520e-01 1.784000e-03 3.198640e-01
339 6.780520e-01 1.716000e-03 3.202320e-01
340 6.777920e-01 1.648000e-03 3.205600e-01
341 6.775600e-01 1.548000e-03 3.208920e-01
342 6.773280e-01 1.508000e-03 3.211640e-01
343 6.771040e-01 1.436000e-03 3.214600e-01
344 6.768640e-01 1.428000e-03 3.217080e-01
345 6.766440e-01 1.400000e-03 3.219560e-01
346 6.764880e-01 1.312000e-03 3.222000e-01
347 6.762800e-01 1.268000e-03 3.224520e-01
348 6.760840e-01 1.252000e-03 3.226640e-01
349 6.759240e-01 1.200000e-03 3.228760e-01
350 6.757160e-01 1.172000e-03 3.231120e-01
351 6.755320e-01 1.140000e-03 3.233280e-01
352 6.753960e-01 1.100000e-03 3.235040e-01
353 6.752600e-01 1.020000e-03 3.237200e-01
354 6.750320e-01 1.064000e-03 3.239040e-01
355 6.748680e-01 1.036000e-03 3.240960e-01
356 6.746560e-01 1.056000e-03 3.242880e-01
357 6.744680e-01 1.076000e-03 3.244560e-01
358 6.742680e-01 1.100000e-03 3.246320e-01
359 6.740960e-01 1.088000e-03 3.248160e-01
360 6.739480e-01 1.036000e-03 3.250160e-01
361 6.738000e-01 1.084000e-03 3.251160e-01
362 6.737320e-01 1.004000e-03 3.252640e-01
363 6.736200e-01 8.920000e-04 3.254880e-01
364 6.735280e-01 8.080000e-04 3.256640e-01
365 6.733840e-01 8.280000e-04 3.257880e-01
366 6.732520e-01 7.760000e-04 3.259720e-01
367 6.731360e-01 7.680000e-04 3.260960e-01
368 6.730320e-01 7.680000e-04 3.262000e-01
369 6.729040e-01 7.280000e-04 3.263680e-01
370 6.727600e-01 7.480000e-04 3.264920e-01
371 6.726400e-01 7.400000e-04 3.266200e-01
372 6.725040e-01 7.480000e-04 3.267480e-01
373 6.723240e-01 7.920000e-04 3.268840e-01
374 6.721400e-01 8.600000e-04 3.270000e-01
375 6.719440e-01 9.040000e-04 3.271520e-01
376 6.717680e-01 9.120000e-04 3.273200e-01
377 6.715920e-01 9.160000e-04 3.274920e-01
378 6.714760e-01 8.920000e-04 3.276320e-01
379 6.713440e-01 8.560000e-04 3.278000e-01
380 6.711800e-01 8.520000e-04 3.279680e-01
381 6.710520e-01 8.360000e-04 3.281120e-01
382 6.709680e-01 7.600000e-04 3.282720e-01
383 6.708480e-01 7.520000e-04 3.284000e-01
384 6.706880e-01 7.680000e-04 3.285440e-01
385 6.705640e-01 7.480000e-04 3.286880e-01
386 6.704320e-01 7.480000e-04 3.288200e-01
387 6.702960e-01 7.600000e-04 3.289440e-01
388 6.701760e-01 7.840000e-04 3.290400e-01
389 6.700920e-01 7.080000e-04 3.292000e-01
390 6.699360e-01 7.360000e-04 3.293280e-01
391 6.698720e-01 6.480000e-04 3.294800e-01
392 6.697080e-01 7.200000e-04 3.295720e-01
393 6.695680e-01 7.520000e-04 3.296800e-01
394 6.694440e-01 7.600000e-04 3.297960e-01
395 6.693720e-01 6.720000e-04 3.299560e-01
396 6.692440e-01 6.680000e-04 3.300880e-01
397 6.691360e-01 6.640000e-04 3.302000e-01
398 6.690360e-01 6.800000e-04 3.302840e-01
399 6.689400e-01 6.480000e-04 3.304120e-01
400 6.688520e-01 6.080000e-04 3.305400e-01
401 6.687720e-01 6.080000e-04 3.306200e-01
402 6.687120e-01 5.720000e-04 3.307160e-01
403 6.685760e-01 6.040000e-04 3.308200e-01
404 6.684640e-01 6.200000e-04 3.309160e-01
405 6.683640e-01 6.240000e-04 3.310120e-01
406 6.682880e-01 6.400000e-04 3.310720e-01
407 6.681960e-01 6.400000e-04 3.311640e-01
408 6.681200e-01 6.040000e-04 3.312760e-01
409 6.680720e-01 6.000000e-04 3.313280e-01
410 6.679800e-01 5.760000e-04 3.314440e-01
411 6.679240e-01 5.000000e-04 3.315760e-01
412 6.678760e-01 4.800000e-04 3.316440e-01
413 6.678280e-01 4.520000e-04 3.317200e-01
414 6.677640e-01 4.120000e-04 3.318240e-01
415 6.677120e-01 3.800000e-04 3.319080e-01
416 6.676320e-01 4.080000e-04 3.319600e-01
417 6.675440e-01 4.440000e-04 3.320120e-01
418 6.674600e-01 4.520000e-04 3.320880e-01
419 6.673520e-01 4.960000e-04 3.321520e-01
420 6.672200e-01 5.440000e-04 3.322360e-01
421 6.671160e-01 5.360000e-04 3.323480e-01
422 6.670480e-01 4.920000e-04 3.324600e-01
423 6.669680e-01 4.640000e-04 3.325680e-01
424 6.668680e-01 4.600000e-04 3.326720e-01
425 6.667640e-01 4.840000e-04 3.327520e-01
426 6.666800e-01 5.000000e-04 3.328200e-01
427 6.665800e-01 5.040000e-04 3.329160e-01
428 6.664920e-01 4.920000e-04 3.330160e-01
429 6.663920e-01 5.280000e-04 3.330800e-01
430 6.663040e-01 5.600000e-04 3.331360e-01
431 6.661280e-01 6.480000e-04 3.332240e-01
432 6.660000e-01 6.680000e-04 3.333320e-01
433 6.658400e-01 6.800000e-04 3.334800e-01
434 6.657160e-01 6.920000e-04 3.335920e-01
435 6.656040e-01 6.920000e-04 3.337040e-01
436 6.655080e-01 6.640000e-04 3.338280e-01
437 6.654040e-01 5.960000e-04 3.340000e-01
438 6.653240e-01 5.560000e-04 3.341200e-01
439 6.652280e-01 5.560000e-04 3.342160e-01
440 6.651120e-01 5.800000e-04 3.343080e-01
441 6.650000e-01 5.960000e-04 3.344040e-01
442 6.649320e-01 5.880000e-04 3.344800e-01
443 6.648600e-01 5.800000e-04 3.345600e-01
444 6.647720e-01 5.320000e-04 3.346960e-01
445 6.647080e-01 4.880000e-04 3.348040e-01
446 6.646720e-01 4.360000e-04 3.348920e-01
447 6.645960e-01 4.320000e-04 3.349720e-01
448 6.645240e-01 4.480000e-04 3.350280e-01
449 6.644560e-01 4.520000e-04 3.350920e-01
450 6.643880e-01 4.760000e-04 3.351360e-01
451 6.643360e-01 4.400000e-04 3.352240e-01
452 6.642720e-01 4.160000e-04 3.353120e-01
453 6.641920e-01 4.320000e-04 3.353760e-01
454 6.641440e-01 4.280000e-04 3.354280e-01
455 6.640960e-01 3.880000e-04 3.355160e-01
456 6.640360e-01 3.680000e-04 3.355960e-01
457 6.639520e-01 3.640000e-04 3.356840e-01
458 6.638880e-01 3.760000e-04 3.357360e-01
459 6.638200e-01 3.560000e-04 3.358240e-01
460 6.637960e-01 3.280000e-04 3.358760e-01
461 6.637480e-01 3.280000e-04 3.359240e-01
462 6.636880e-01 3.480000e-04 3.359640e-01
463 6.636200e-01 3.280000e-04 3.360520e-01
464 6.635400e-01 3.440000e-04 3.361160e-01
465 6.634760e-01 3.600000e-04 3.361640e-01
466 6.634040e-01 3.760000e-04 3.362200e-01
467 6.632720e-01 4.440000e-04 3.362840e-01
468 6.631880e-01 4.440000e-04 3.363680e-01
469 6.631160e-01 4.440000e-04 3.364400e-01
470 6.630320e-01 4.280000e-04 3.365400e-01
471 6.629560e-01 4.160000e-04 3.366280e-01
472 6.628680e-01 4.720000e-04 3.366600e-01
473 6.627400e-01 5.000000e-04 3.367600e-01
474 6.626600e-01 4.880000e-04 3.368520e-01
475 6.625640e-01 4.960000e-04 3.369400e-01
476 6.624400e-01 5.360000e-04 3.370240e-01
477 6.623040e-01 5.920000e-04 3.371040e-01
478 6.621480e-01 6.680000e-04 3.371840e-01
479 6.620280e-01 6.840000e-04 3.372880e-01
480 6.619160e-01 7.120000e-04 3.373720e-01
481 6.618160e-01 7.080000e-04 3.374760e-01
482 6.617120e-01 6.760000e-04 3.376120e-01
483 6.616400e-01 5.720000e-04 3.377880e-01
484 6.614760e-01 6.600000e-04 3.378640e-01
485 6.613200e-01 7.000000e-04 3.379800e-01
486 6.611520e-01 7.480000e-04 3.381000e-01
487 6.610040e-01 7.600000e-04 3.382360e-01
488 6.608440e-01 7.720000e-04 3.383840e-01
489 6.607280e-01 7.840000e-04 3.384880e-01
490 6.605920e-01 7.920000e-04 3.386160e-01
491 6.604280e-01 8.200000e-04 3.387520e-01
492 6.603440e-01 7.680000e-04 3.388880e-01
493 6.602920e-01 7.160000e-04 3.389920e-01
494 6.602200e-01 7.000000e-04 3.390800e-01
495 6.601120e-01 6.840000e-04 3.392040e-01
496 6.600040e-01 6.880000e-04 3.393080e-01
497 6.598960e-01 6.880000e-04 3.394160e-01
498 6.598040e-01 6.440000e-04 3.395520e-01
499 6.597280e-01 6.040000e-04 3.396680e-01
500 6.596280e-01 5.960000e-04 3.397760e-01
