1 9.992320e-01 6.960000e-04 7.200000e-05
2 9.987600e-01 1.076000e-03 1.640000e-04
3 9.980440e-01 1.580000e-03 3.760000e-04
4 9.972520e-01 2.060000e-03 6.880000e-04
5 9.965120e-01 2.364000e-03 1.124000e-03
6 9.956320e-01 2.844000e-03 1.524000e-03
7 9.946680e-01 3.248000e-03 2.084000e-03
8 9.937560e-01 3.504000e-03 2.740000e-03
9 9.927600e-01 3.900000e-03 3.340000e-03
10 9.917000e-01 4.252000e-03 4.048000e-03
11 9.905400e-01 4.636000e-03 4.824000e-03
12 9.895440e-01 4.832000e-03 5.624000e-03
13 9.885800e-01 4.896000e-03 6.524000e-03
14 9.875640e-01 5.048000e-03 7.388000e-03
15 9.864880e-01 5.232000e-03 8.280000e-03
16 9.853480e-01 5.496000e-03 9.156000e-03
17 9.842280e-01 5.664000e-03 1.010800e-02
18 9.829760e-01 5.860000e-03 1.116400e-02
19 9.816240e-01 6.184000e-03 1.219200e-02
20 9.802000e-01 6.572000e-03 1.322800e-02
21 9.787000e-01 6.840000e-03 1.446000e-02
22 9.774920e-01 6.864000e-03 1.564400e-02
23 9.761200e-01 7.044000e-03 1.683600e-02
24 9.746640e-01 7.184000e-03 1.815200e-02
25 9.732480e-01 7.432000e-03 1.932000e-02
26 9.719480e-01 7.384000e-03 2.066800e-02
27 9.706320e-01 7.464000e-03 2.190400e-02
28 9.692240e-01 7.556000e-03 2.322000e-02
29 9.677160e-01 7.684000e-03 2.460000e-02
30 9.662640e-01 7.828000e-03 2.590800e-02
31 9.648040e-01 7.960000e-03 2.723600e-02
32 9.633560e-01 8.000000e-03 2.864400e-02
33 9.618880e-01 8.012000e-03 3.010000e-02
34 9.603200e-01 8.204000e-03 3.147600e-02
35 9.588480e-01 8.292000e-03 3.286000e-02
36 9.573240e-01 8.300000e-03 3.437600e-02
37 9.558120e-01 8.260000e-03 3.592800e-02
38 9.544240e-01 8.320000e-03 3.725600e-02
39 9.530080e-01 8.224000e-03 3.876800e-02
40 9.514960e-01 8.208000e-03 4.029600e-02
41 9.501560e-01 8.200000e-03 4.164400e-02
42 9.486560e-01 8.400000e-03 4.294400e-02
43 9.470520e-01 8.468000e-03 4.448000e-02
44 9.456000e-01 8.376000e-03 4.602400e-02
45 9.441520e-01 8.348000e-03 4.750000e-02
46 9.427120e-01 8.208000e-03 4.908000e-02
47 9.412360e-01 8.192000e-03 5.057200e-02
48 9.397600e-01 8.356000e-03 5.188400e-02
49 9.381920e-01 8.432000e-03 5.337600e-02
50 9.367320e-01 8.532000e-03 5.473600e-02
51 9.352400e-01 8.372000e-03 5.638800e-02
52 9.336680e-01 8.452000e-03 5.788000e-02
53 9.321720e-01 8.428000e-03 5.940000e-02
54 9.307280e-01 8.464000e-03 6.080800e-02
55 9.293480e-01 8.300000e-03 6.235200e-02
56 9.279040e-01 8.280000e-03 6.381600e-02
57 9.265600e-01 8.160000e-03 6.528000e-02
58 9.251760e-01 8.164000e-03 6.666000e-02
59 9.236800e-01 8.248000e-03 6.807200e-02
60 9.221880e-01 8.248000e-03 6.956400e-02
61 9.207880e-01 8.216000e-03 7.099600e-02
62 9.193360e-01 8.268000e-03 7.239600e-02
63 9.178880e-01 8.436000e-03 7.367600e-02
64 9.164920e-01 8.340000e-03 7.516800e-02
65 9.149400e-01 8.508000e-03 7.655200e-02
66 9.134040e-01 8.644000e-03 7.795200e-02
67 9.118120e-01 8.644000e-03 7.954400e-02
68 9.102040e-01 8.876000e-03 8.092000e-02
69 9.084960e-01 9.116000e-03 8.238800e-02
70 9.069520e-01 9.044000e-03 8.400400e-02
71 9.053400e-01 9.060000e-03 8.560000e-02
72 9.038360e-01 8.872000e-03 8.729200e-02
73 9.022920e-01 8.912000e-03 8.879600e-02
74 9.010280e-01 8.564000e-03 9.040800e-02
75 8.997640e-01 8.400000e-03 9.183600e-02
76 8.985040e-01 8.340000e-03 9.315600e-02
77 8.971480e-01 8.184000e-03 9.466800e-02
78 8.958280e-01 8.092000e-03 9.608000e-02
79 8.944640e-01 8.076000e-03 9.746000e-02
80 8.930160e-01 8.104000e-03 9.888000e-02
81 8.915920e-01 8.144000e-03 1.002640e-01
82 8.902000e-01 8.076000e-03 1.017240e-01
83 8.889240e-01 8.032000e-03 1.030440e-01
84 8.876160e-01 7.900000e-03 1.044840e-01
85 8.864000e-01 7.668000e-03 1.059320e-01
86 8.849040e-01 7.876000e-03 1.072200e-01
87 8.836120e-01 7.816000e-03 1.085720e-01
88 8.822440e-01 7.792000e-03 1.099640e-01
89 8.810000e-01 7.636000e-03 1.113640e-01
90 8.797080e-01 7.624000e-03 1.126680e-01
91 8.784680e-01 7.508000e-03 1.140240e-01
92 8.773000e-01 7.416000e-03 1.152840e-01
93 8.759440e-01 7.532000e-03 1.165240e-01
94 8.746280e-01 7.520000e-03 1.178520e-01
95 8.732240e-01 7.508000e-03 1.192680e-01
96 8.718880e-01 7.448000e-03 1.206640e-01
97 8.704080e-01 7.644000e-03 1.219480e-01
98 8.690280e-01 7.692000e-03 1.232800e-01
99 8.675480e-01 7.736000e-03 1.247160e-01
100 8.659520e-01 7.948000e-03 1.261000e-01
101 8.645560e-01 7.952000e-03 1.274920e-01
102 8.630360e-01 8.060000e-03 1.289040e-01
103 8.615800e-01 8.140000e-03 1.302800e-01
104 8.600560e-01 8.240000e-03 1.317040e-01
105 8.586120e-01 8.292000e-03 1.330960e-01
106 8.573640e-01 8.072000e-03 1.345640e-01
107 8.560560e-01 7.944000e-03 1.360000e-01
108 8.547080e-01 8.024000e-03 1.372680e-01
109 8.533680e-01 7.968000e-03 1.386640e-01
110 8.521160e-01 7.808000e-03 1.400760e-01
111 8.507040e-01 7.756000e-03 1.415400e-01
112 8.494960e-01 7.572000e-03 1.429320e-01
113 8.480280e-01 7.752000e-03 1.442200e-01
114 8.466640e-01 7.636000e-03 1.457000e-01
115 8.453720e-01 7.640000e-03 1.469880e-01
116 8.440400e-01 7.556000e-03 1.484040e-01
117 8.426760e-01 7.424000e-03 1.499000e-01
118 8.414920e-01 7.292000e-03 1.512160e-01
119 8.403400e-01 7.232000e-03 1.524280e-01
120 8.392200e-01 6.952000e-03 1.538280e-01
121 8.379520e-01 7.076000e-03 1.549720e-01
122 8.366360e-01 7.008000e-03 1.563560e-01
123 8.351800e-01 7.188000e-03 1.576320e-01
124 8.340040e-01 7.004000e-03 1.589920e-01
125 8.327520e-01 7.000000e-03 1.602480e-01
126 8.314960e-01 7.020000e-03 1.614840e-01
127 8.302320e-01 6.940000e-03 1.628280e-01
128 8.290600e-01 7.040000e-03 1.639000e-01
129 8.278880e-01 7.084000e-03 1.650280e-01
130 8.266880e-01 7.072000e-03 1.662400e-01
131 8.254360e-01 6.980000e-03 1.675840e-01
132 8.241040e-01 7.124000e-03 1.687720e-01
133 8.229760e-01 7.024000e-03 1.700000e-01
134 8.217160e-01 7.144000e-03 1.711400e-01
135 8.205800e-01 7.064000e-03 1.723560e-01
136 8.194520e-01 7.000000e-03 1.735480e-01
137 8.182320e-01 6.972000e-03 1.747960e-01
138 8.170000e-01 6.952000e-03 1.760480e-01
139 8.157720e-01 7.052000e-03 1.771760e-01
140 8.145640e-01 7.028000e-03 1.784080e-01
141 8.131480e-01 7.172000e-03 1.796800e-01
142 8.117880e-01 7.212000e-03 1.810000e-01
143 8.105160e-01 7.212000e-03 1.822720e-01
144 8.090640e-01 7.300000e-03 1.836360e-01
145 8.078960e-01 7.088000e-03 1.850160e-01
146 8.066840e-01 7.052000e-03 1.862640e-01
147 8.055200e-01 6.960000e-03 1.875200e-01
148 8.043920e-01 6.912000e-03 1.886960e-01
149 8.031320e-01 6.932000e-03 1.899360e-01
150 8.017720e-01 7.160000e-03 1.910680e-01
151 8.005480e-01 6.992000e-03 1.924600e-01
152 7.992960e-01 7.060000e-03 1.936440e-01
153 7.980360e-01 7.092000e-03 1.948720e-01
154 7.966960e-01 7.232000e-03 1.960720e-01
155 7.955960e-01 7.008000e-03 1.973960e-01
156 7.944880e-01 6.888000e-03 1.986240e-01
157 7.933560e-01 6.824000e-03 1.998200e-01
158 7.921400e-01 6.804000e-03 2.010560e-01
159 7.911000e-01 6.644000e-03 2.022560e-01
160 7.900760e-01 6.388000e-03 2.035360e-01
161 7.889960e-01 6.424000e-03 2.045800e-01
162 7.880560e-01 6.240000e-03 2.057040e-01
163 7.869840e-01 6.200000e-03 2.068160e-01
164 7.860520e-01 6.044000e-03 2.079040e-01
165 7.850280e-01 6.020000e-03 2.089520e-01
166 7.839800e-01 6.000000e-03 2.100200e-01
167 7.829000e-01 5.972000e-03 2.111280e-01
168 7.818600e-01 6.000000e-03 2.121400e-01
169 7.807400e-01 6.096000e-03 2.131640e-01
170 7.798600e-01 5.804000e-03 2.143360e-01
171 7.788680e-01 5.852000e-03 2.152800e-01
172 7.779240e-01 5.896000e-03 2.161800e-01
173 7.770960e-01 5.704000e-03 2.172000e-01
174 7.761360e-01 5.620000e-03 2.182440e-01
175 7.752320e-01 5.480000e-03 2.192880e-01
176 7.743480e-01 5.368000e-03 2.202840e-01
177 7.734480e-01 5.248000e-03 2.213040e-01
178 7.726600e-01 5.204000e-03 2.221360e-01
179 7.717120e-01 5.244000e-03 2.230440e-01
180 7.708400e-01 5.132000e-03 2.240280e-01
181 7.699840e-01 5.140000e-03 2.248760e-01
182 7.690240e-01 5.184000e-03 2.257920e-01
183 7.681840e-01 5.192000e-03 2.266240e-01
184 7.672360e-01 5.260000e-03 2.275040e-01
185 7.662720e-01 5.288000e-03 2.284400e-01
186 7.653200e-01 5.272000e-03 2.294080e-01
187 7.643960e-01 5.248000e-03 2.303560e-01
188 7.635640e-01 5.064000e-03 2.313720e-01
189 7.627200e-01 5.028000e-03 2.322520e-01
190 7.619480e-01 4.920000e-03 2.331320e-01
191 7.611160e-01 4.836000e-03 2.340480e-01
192 7.603520e-01 4.728000e-03 2.349200e-01
193 7.596000e-01 4.680000e-03 2.357200e-01
194 7.588400e-01 4.732000e-03 2.364280e-01
195 7.581000e-01 4.684000e-03 2.372160e-01
196 7.572800e-01 4.768000e-03 2.379520e-01
197 7.564480e-01 4.792000e-03 2.387600e-01
198 7.555000e-01 4.864000e-03 2.396360e-01
199 7.546440e-01 4.888000e-03 2.404680e-01
200 7.538280e-01 4.888000e-03 2.412840e-01
201 7.529560e-01 4.876000e-03 2.421680e-01
202 7.521880e-01 4.856000e-03 2.429560e-01
203 7.513720e-01 4.740000e-03 2.438880e-01
204 7.505840e-01 4.628000e-03 2.447880e-01
205 7.498560e-01 4.552000e-03 2.455920e-01
206 7.490560e-01 4.636000e-03 2.463080e-01
207 7.482120e-01 4.732000e-03 2.470560e-01
208 7.473960e-01 4.740000e-03 2.478640e-01
209 7.465640e-01 4.752000e-03 2.486840e-01
210 7.458160e-01 4.628000e-03 2.495560e-01
211 7.449880e-01 4.668000e-03 2.503440e-01
212 7.442760e-01 4.528000e-03 2.511960e-01
213 7.435080e-01 4.576000e-03 2.519160e-01
214 7.427200e-01 4.516000e-03 2.527640e-01
215 7.418360e-01 4.624000e-03 2.535400e-01
216 7.409400e-01 4.720000e-03 2.543400e-01
217 7.402280e-01 4.592000e-03 2.551800e-01
218 7.394400e-01 4.576000e-03 2.559840e-01
219 7.387720e-01 4.392000e-03 2.568360e-01
220 7.379960e-01 4.480000e-03 2.575240e-01
221 7.372240e-01 4.412000e-03 2.583640e-01
222 7.364120e-01 4.420000e-03 2.591680e-01
223 7.356680e-01 4.488000e-03 2.598440e-01
224 7.349440e-01 4.496000e-03 2.605600e-01
225 7.340720e-01 4.624000e-03 2.613040e-01
226 7.332680e-01 4.568000e-03 2.621640e-01
227 7.323600e-01 4.704000e-03 2.629360e-01
228 7.316160e-01 4.588000e-03 2.637960e-01
229 7.307480e-01 4.732000e-03 2.645200e-01
230 7.298360e-01 4.928000e-03 2.652360e-01
231 7.290200e-01 4.960000e-03 2.660200e-01
232 7.281400e-01 4.988000e-03 2.668720e-01
233 7.272600e-01 5.040000e-03 2.677000e-01
234 7.265640e-01 4.800000e-03 2.686360e-01
235 7.257640e-01 4.660000e-03 2.695760e-01
236 7.249600e-01 4.672000e-03 2.703680e-01
237 7.242400e-01 4.516000e-03 2.712440e-01
238 7.233600e-01 4.608000e-03 2.720320e-01
239 7.226640e-01 4.428000e-03 2.729080e-01
240 7.218800e-01 4.476000e-03 2.736440e-01
241 7.210640e-01 4.476000e-03 2.744600e-01
242 7.202760e-01 4.452000e-03 2.752720e-01
243 7.194520e-01 4.512000e-03 2.760360e-01
244 7.186400e-01 4.504000e-03 2.768560e-01
245 7.179080e-01 4.424000e-03 2.776680e-01
246 7.171760e-01 4.324000e-03 2.785000e-01
247 7.164360e-01 4.364000e-03 2.792000e-01
248 7.157280e-01 4.304000e-03 2.799680e-01
249 7.150480e-01 4.240000e-03 2.807120e-01
250 7.144560e-01 4.056000e-03 2.814880e-01
251 7.138120e-01 4.024000e-03 2.821640e-01
252 7.132200e-01 3.960000e-03 2.828200e-01
253 7.126760e-01 3.868000e-03 2.834560e-01
254 7.121520e-01 3.760000e-03 2.840880e-01
255 7.116000e-01 3.720000e-03 2.846800e-01
256 7.109840e-01 3.680000e-03 2.853360e-01
257 7.104120e-01 3.592000e-03 2.859960e-01
258 7.097960e-01 3.544000e-03 2.866600e-01
259 7.090640e-01 3.700000e-03 2.872360e-01
260 7.083800e-01 3.752000e-03 2.878680e-01
261 7.077560e-01 3.704000e-03 2.885400e-01
262 7.071000e-01 3.704000e-03 2.891960e-01
263 7.063920e-01 3.736000e-03 2.898720e-01
264 7.058160e-01 3.636000e-03 2.905480e-01
265 7.051680e-01 3.624000e-03 2.912080e-01
266 7.046440e-01 3.560000e-03 2.917960e-01
267 7.041200e-01 3.396000e-03 2.924840e-01
268 7.034640e-01 3.452000e-03 2.930840e-01
269 7.028680e-01 3.516000e-03 2.936160e-01
270 7.023640e-01 3.444000e-03 2.941920e-01
271 7.018000e-01 3.460000e-03 2.947400e-01
272 7.012760e-01 3.364000e-03 2.953600e-01
273 7.006680e-01 3.408000e-03 2.959240e-01
274 7.000760e-01 3.416000e-03 2.965080e-01
275 6.995200e-01 3.404000e-03 2.970760e-01
276 6.988560e-01 3.416000e-03 2.977280e-01
277 6.982480e-01 3.384000e-03 2.983680e-01
278 6.977680e-01 3.240000e-03 2.989920e-01
279 6.972840e-01 3.140000e-03 2.995760e-01
280 6.968280e-01 3.052000e-03 3.001200e-01
281 6.964120e-01 2.960000e-03 3.006280e-01
282 6.958680e-01 2.996000e-03 3.011360e-01
283 6.954360e-01 2.908000e-03 3.016560e-01
284 6.949960e-01 2.884000e-03 3.021200e-01
285 6.945480e-01 2.868000e-03 3.025840e-01
286 6.940480e-01 2.876000e-03 3.030760e-01
287 6.935520e-01 2.892000e-03 3.035560e-01
288 6.931000e-01 2.872000e-03 3.040280e-01
289 6.926160e-01 2.836000e-03 3.045480e-01
290 6.921640e-01 2.740000e-03 3.050960e-01
291 6.917080e-01 2.812000e-03 3.054800e-01
292 6.911360e-01 2.880000e-03 3.059840e-01
293 6.905880e-01 2.916000e-03 3.064960e-01
294 6.900560e-01 2.972000e-03 3.069720e-01
295 6.895480e-01 2.956000e-03 3.074960e-01
296 6.890480e-01 2.968000e-03 3.079840e-01
297 6.885400e-01 2.944000e-03 3.085160e-01
298 6.880120e-01 2.992000e-03 3.089960e-01
299 6.875600e-01 2.840000e-03 3.096000e-01
300 6.870040e-01 2.932000e-03 3.100640e-01
301 6.865080e-01 2.928000e-03 3.105640e-01
302 6.860080e-01 2.924000e-03 3.110680e-01
303 6.854720e-01 2.940000e-03 3.115880e-01
304 6.849880e-01 2.904000e-03 3.121080e-01
305 6.844840e-01 2.864000e-03 3.126520e-01
306 6.839680e-01 2.932000e-03 3.131000e-01
307 6.834720e-01 2.872000e-03 3.136560e-01
308 6.830160e-01 2.888000e-03 3.140960e-01
309 6.826120e-01 2.764000e-03 3.146240e-01
310 6.821480e-01 2.724000e-03 3.151280e-01
311 6.816360e-01 2.752000e-03 3.156120e-01
312 6.811760e-01 2.728000e-03 3.160960e-01
313 6.808240e-01 2.596000e-03 3.165800e-01
314 6.803080e-01 2.648000e-03 3.170440e-01
315 6.797960e-01 2.696000e-03 3.175080e-01
316 6.793200e-01 2.760000e-03 3.179200e-01
317 6.788600e-01 2.700000e-03 3.184400e-01
318 6.784000e-01 2.788000e-03 3.188120e-01
319 6.778480e-01 2.880000e-03 3.192720e-01
320 6.773400e-01 2.812000e-03 3.198480e-01
321 6.768240e-01 2.792000e-03 3.203840e-01
322 6.763160e-01 2.772000e-03 3.209120e-01
323 6.758440e-01 2.792000e-03 3.213640e-01
324 6.753920e-01 2.752000e-03 3.218560e-01
325 6.749160e-01 2.744000e-03 3.223400e-01
326 6.744560e-01 2.684000e-03 3.228600e-01
327 6.740320e-01 2.564000e-03 3.234040e-01
328 6.736560e-01 2.496000e-03 3.238480e-01
329 6.732440e-01 2.444000e-03 3.243120e-01
330 6.728320e-01 2.400000e-03 3.247680e-01
331 6.723680e-01 2.456000e-03 3.251760e-01
332 6.719800e-01 2.364000e-03 3.256560e-01
333 6.715920e-01 2.284000e-03 3.261240e-01
334 6.712040e-01 2.264000e-03 3.265320e-01
335 6.706960e-01 2.388000e-03 3.269160e-01
336 6.702720e-01 2.464000e-03 3.272640e-01
337 6.697840e-01 2.492000e-03 3.277240e-01
338 6.693240e-01 2.512000e-03 3.281640e-01
339 6.690080e-01 2.420000e-03 3.285720e-01
340 6.685920e-01 2.400000e-03 3.290080e-01
341 6.682800e-01 2.272000e-03 3.294480e-01
342 6.679240e-01 2.260000e-03 3.298160e-01
343 6.675480e-01 2.236000e-03 3.302160e-01
344 6.671560e-01 2.268000e-03 3.305760e-01
345 6.667440e-01 2.320000e-03 3.309360e-01
346 6.663400e-01 2.372000e-03 3.312880e-01
347 6.659920e-01 2.368000e-03 3.316400e-01
348 6.656280e-01 2.336000e-03 3.320360e-01
349 6.651360e-01 2.424000e-03 3.324400e-01
350 6.647360e-01 2.364000e-03 3.329000e-01
351 6.643560e-01 2.216000e-03 3.334280e-01
352 6.639200e-01 2.204000e-03 3.338760e-01
353 6.635880e-01 2.160000e-03 3.342520e-01
354 6.632320e-01 2.068000e-03 3.347000e-01
355 6.629000e-01 2.064000e-03 3.350360e-01
356 6.625280e-01 2.116000e-03 3.353560e-01
357 6.621400e-01 2.104000e-03 3.357560e-01
358 6.617560e-01 2.112000e-03 3.361320e-01
359 6.613680e-01 2.116000e-03 3.365160e-01
360 6.610280e-01 2.096000e-03 3.368760e-01
361 6.606600e-01 2.016000e-03 3.373240e-01
362 6.602720e-01 2.048000e-03 3.376800e-01
363 6.599200e-01 2.068000e-03 3.380120e-01
364 6.595400e-01 2.132000e-03 3.383280e-01
365 6.591280e-01 2.156000e-03 3.387160e-01
366 6.587760e-01 2.068000e-03 3.391560e-01
367 6.584960e-01 1.980000e-03 3.395240e-01
368 6.581920e-01 1.948000e-03 3.398600e-01
369 6.578960e-01 1.892000e-03 3.402120e-01
370 6.576120e-01 1.848000e-03 3.405400e-01
371 6.573640e-01 1.788000e-03 3.408480e-01
372 6.570040e-01 1.848000e-03 3.411480e-01
373 6.567520e-01 1.776000e-03 3.414720e-01
374 6.564800e-01 1.732000e-03 3.417880e-01
375 6.562440e-01 1.668000e-03 3.420880e-01
376 6.560000e-01 1.632000e-03 3.423680e-01
377 6.557200e-01 1.636000e-03 3.426440e-01
378 6.554720e-01 1.596000e-03 3.429320e-01
379 6.552520e-01 1.556000e-03 3.431920e-01
380 6.550520e-01 1.504000e-03 3.434440e-01
381 6.548680e-01 1.436000e-03 3.436960e-01
382 6.546600e-01 1.384000e-03 3.439560e-01
383 6.544080e-01 1.360000e-03 3.442320e-01
384 6.542720e-01 1.264000e-03 3.444640e-01
385 6.540600e-01 1.256000e-03 3.446840e-01
386 6.538560e-01 1.216000e-03 3.449280e-01
387 6.536520e-01 1.196000e-03 3.451520e-01
388 6.534160e-01 1.224000e-03 3.453600e-01
389 6.531920e-01 1.236000e-03 3.455720e-01
390 6.529640e-01 1.284000e-03 3.457520e-01
391 6.526280e-01 1.432000e-03 3.459400e-01
392 6.522840e-01 1.516000e-03 3.462000e-01
393 6.520360e-01 1.496000e-03 3.464680e-01
394 6.518000e-01 1.444000e-03 3.467560e-01
395 6.516600e-01 1.340000e-03 3.470000e-01
396 6.514960e-01 1.292000e-03 3.472120e-01
397 6.513200e-01 1.288000e-03 3.473920e-01
398 6.511840e-01 1.280000e-03 3.475360e-01
399 6.509720e-01 1.284000e-03 3.477440e-01
400 6.507440e-01 1.296000e-03 3.479600e-01
401 6.505320e-01 1.264000e-03 3.482040e-01
402 6.503360e-01 1.224000e-03 3.484400e-01
403 6.501040e-01 1.208000e-03 3.486880e-01
404 6.498640e-01 1.220000e-03 3.489160e-01
405 6.496280e-01 1.256000e-03 3.491160e-01
406 6.494080e-01 1.284000e-03 3.493080e-01
407 6.492240e-01 1.232000e-03 3.495440e-01
408 6.490440e-01 1.188000e-03 3.497680e-01
409 6.488360e-01 1.188000e-03 3.499760e-01
410 6.486200e-01 1.244000e-03 3.501360e-01
411 6.483680e-01 1.264000e-03 3.503680e-01
412 6.481280e-01 1.308000e-03 3.505640e-01
413 6.479200e-01 1.276000e-03 3.508040e-01
414 6.476640e-01 1.288000e-03 3.510480e-01
415 6.474280e-01 1.272000e-03 3.513000e-01
416 6.472440e-01 1.244000e-03 3.515120e-01
417 6.470400e-01 1.272000e-03 3.516880e-01
418 6.468680e-01 1.232000e-03 3.519000e-01
419 6.466720e-01 1.196000e-03 3.521320e-01
420 6.464880e-01 1.168000e-03 3.523440e-01
421 6.462880e-01 1.212000e-03 3.525000e-01
422 6.461160e-01 1.144000e-03 3.527400e-01
423 6.460000e-01 1.028000e-03 3.529720e-01
424 6.458520e-01 9.920000e-04 3.531560e-01
425 6.456960e-01 9.600000e-04 3.533440e-01
426 6.455600e-01 9.080000e-04 3.535320e-01
427 6.453640e-01 8.960000e-04 3.537400e-01
428 6.450960e-01 1.008000e-03 3.538960e-01
429 6.448880e-01 1.036000e-03 3.540760e-01
430 6.447360e-01 1.036000e-03 3.542280e-01
431 6.445480e-01 1.044000e-03 3.544080e-01
432 6.443560e-01 1.076000e-03 3.545680e-01
433 6.441240e-01 1.104000e-03 3.547720e-01
434 6.439200e-01 1.148000e-03 3.549320e-01
435 6.437200e-01 1.096000e-03 3.551840e-01
436 6.433880e-01 1.236000e-03 3.553760e-01
437 6.431440e-01 1.280000e-03 3.555760e-01
438 6.429200e-01 1.272000e-03 3.558080e-01
439 6.426680e-01 1.304000e-03 3.560280e-01
440 6.424320e-01 1.280000e-03 3.562880e-01
441 6.421840e-01 1.368000e-03 3.564480e-01
442 6.419760e-01 1.356000e-03 3.566680e-01
443 6.417360e-01 1.336000e-03 3.569280e-01
444 6.415080e-01 1.320000e-03 3.571720e-01
445 6.412920e-01 1.320000e-03 3.573880e-01
446 6.410800e-01 1.272000e-03 3.576480e-01
447 6.408320e-01 1.308000e-03 3.578600e-01
448 6.405680e-01 1.352000e-03 3.580800e-01
449 6.403120e-01 1.448000e-03 3.582400e-01
450 6.400840e-01 1.396000e-03 3.585200e-01
451 6.398800e-01 1.368000e-03 3.587520e-01
452 6.396160e-01 1.392000e-03 3.589920e-01
453 6.393760e-01 1.428000e-03 3.591960e-01
454 6.391640e-01 1.432000e-03 3.594040e-01
455 6.389680e-01 1.408000e-03 3.596240e-01
456 6.387960e-01 1.372000e-03 3.598320e-01
457 6.385960e-01 1.296000e-03 3.601080e-01
458 6.384320e-01 1.232000e-03 3.603360e-01
459 6.382680e-01 1.172000e-03 3.605600e-01
460 6.380120e-01 1.244000e-03 3.607440e-01
461 6.377440e-01 1.296000e-03 3.609600e-01
462 6.375480e-01 1.272000e-03 3.611800e-01
463 6.373600e-01 1.308000e-03 3.613320e-01
464 6.371560e-01 1.280000e-03 3.615640e-01
465 6.369800e-01 1.216000e-03 3.618040e-01
466 6.368240e-01 1.200000e-03 3.619760e-01
467 6.366440e-01 1.104000e-03 3.622520e-01
468 6.364320e-01 1.112000e-03 3.624560e-01
469 6.362520e-01 1.108000e-03 3.626400e-01
470 6.360120e-01 1.152000e-03 3.628360e-01
471 6.358320e-01 1.156000e-03 3.630120e-01
472 6.356440e-01 1.172000e-03 3.631840e-01
473 6.354720e-01 1.136000e-03 3.633920e-01
474 6.352800e-01 1.148000e-03 3.635720e-01
475 6.351400e-01 1.116000e-03 3.637440e-01
476 6.349880e-01 1.052000e-03 3.639600e-01
477 6.348320e-01 1.056000e-03 3.641120e-01
478 6.346560e-01 1.032000e-03 3.643120e-01
479 6.345480e-01 9.920000e-04 3.644600e-01
480 6.344000e-01 9.800000e-04 3.646200e-01
481 6.342360e-01 9.880000e-04 3.647760e-01
482 6.340600e-01 1.016000e-03 3.649240e-01
483 6.339120e-01 9.520000e-04 3.651360e-01
484 6.337280e-01 9.320000e-04 3.653400e-01
485 6.335560e-01 9.600000e-04 3.654840e-01
486 6.333800e-01 9.680000e-04 3.656520e-01
487 6.332000e-01 9.640000e-04 3.658360e-01
488 6.329920e-01 1.008000e-03 3.660000e-01
489 6.328280e-01 1.052000e-03 3.661200e-01
490 6.326720e-01 1.032000e-03 3.662960e-01
491 6.325080e-01 9.960000e-04 3.664960e-01
492 6.324320e-01 8.880000e-04 3.666800e-01
493 6.322840e-01 8.880000e-04 3.668280e-01
494 6.321880e-01 8.400000e-04 3.669720e-01
495 6.321160e-01 7.760000e-04 3.671080e-01
496 6.320560e-01 6.760000e-04 3.672680e-01
497 6.319520e-01 6.920000e-04 3.673560e-01
498 6.318640e-01 6.440000e-04 3.674920e-01
499 6.317760e-01 6.000000e-04 3.676240e-01
500 6.316840e-01 5.800000e-04 3.677360e-01
