1 9.993160e-01 6.080000e-04 7.600000e-05
2 9.988000e-01 9.640000e-04 2.360000e-04
3 9.981680e-01 1.432000e-03 4.000000e-04
4 9.973440e-01 1.996000e-03 6.600000e-04
5 9.965960e-01 2.320000e-03 1.084000e-03
6 9.957360e-01 2.788000e-03 1.476000e-03
7 9.947680e-01 3.268000e-03 1.964000e-03
8 9.938960e-01 3.528000e-03 2.576000e-03
9 9.928480e-01 3.876000e-03 3.276000e-03
10 9.917680e-01 4.256000e-03 3.976000e-03
11 9.906680e-01 4.592000e-03 4.740000e-03
12 9.896800e-01 4.676000e-03 5.644000e-03
13 9.887760e-01 4.700000e-03 6.524000e-03
14 9.877840e-01 4.904000e-03 7.312000e-03
15 9.866360e-01 5.136000e-03 8.228000e-03
16 9.855720e-01 5.196000e-03 9.232000e-03
17 9.844240e-01 5.308000e-03 1.026800e-02
18 9.832280e-01 5.504000e-03 1.126800e-02
19 9.821560e-01 5.572000e-03 1.227200e-02
20 9.808800e-01 5.888000e-03 1.323200e-02
21 9.796440e-01 6.020000e-03 1.433600e-02
22 9.783560e-01 6.216000e-03 1.542800e-02
23 9.770240e-01 6.416000e-03 1.656000e-02
24 9.757120e-01 6.556000e-03 1.773200e-02
25 9.744000e-01 6.752000e-03 1.884800e-02
26 9.731120e-01 6.828000e-03 2.006000e-02
27 9.718040e-01 6.944000e-03 2.125200e-02
28 9.703040e-01 7.164000e-03 2.253200e-02
29 9.688840e-01 7.172000e-03 2.394400e-02
30 9.674400e-01 7.356000e-03 2.520400e-02
31 9.659000e-01 7.520000e-03 2.658000e-02
32 9.644800e-01 7.604000e-03 2.791600e-02
33 9.631680e-01 7.476000e-03 2.935600e-02
34 9.617280e-01 7.584000e-03 3.068800e-02
35 9.602280e-01 7.800000e-03 3.197200e-02
36 9.586680e-01 7.964000e-03 3.336800e-02
37 9.570360e-01 8.160000e-03 3.480400e-02
38 9.554720e-01 8.384000e-03 3.614400e-02
39 9.537120e-01 8.648000e-03 3.764000e-02
40 9.520880e-01 8.648000e-03 3.926400e-02
41 9.506120e-01 8.588000e-03 4.080000e-02
42 9.492520e-01 8.464000e-03 4.228400e-02
43 9.478000e-01 8.496000e-03 4.370400e-02
44 9.463400e-01 8.364000e-03 4.529600e-02
45 9.448080e-01 8.480000e-03 4.671200e-02
46 9.432720e-01 8.444000e-03 4.828400e-02
47 9.416720e-01 8.552000e-03 4.977600e-02
48 9.399800e-01 8.780000e-03 5.124000e-02
49 9.384000e-01 8.672000e-03 5.292800e-02
50 9.369560e-01 8.652000e-03 5.439200e-02
51 9.353040e-01 8.812000e-03 5.588400e-02
52 9.335640e-01 9.080000e-03 5.735600e-02
53 9.318080e-01 9.300000e-03 5.889200e-02
54 9.302760e-01 9.088000e-03 6.063600e-02
55 9.284680e-01 9.280000e-03 6.225200e-02
56 9.267880e-01 9.428000e-03 6.378400e-02
57 9.251760e-01 9.356000e-03 6.546800e-02
58 9.235680e-01 9.328000e-03 6.710400e-02
59 9.218200e-01 9.356000e-03 6.882400e-02
60 9.201680e-01 9.452000e-03 7.038000e-02
61 9.185400e-01 9.376000e-03 7.208400e-02
62 9.168120e-01 9.524000e-03 7.366400e-02
63 9.151560e-01 9.472000e-03 7.537200e-02
64 9.134920e-01 9.620000e-03 7.688800e-02
65 9.117880e-01 9.708000e-03 7.850400e-02
66 9.102960e-01 9.476000e-03 8.022800e-02
67 9.087800e-01 9.244000e-03 8.197600e-02
68 9.070680e-01 9.364000e-03 8.356800e-02
69 9.054640e-01 9.452000e-03 8.508400e-02
70 9.037560e-01 9.464000e-03 8.678000e-02
71 9.020600e-01 9.496000e-03 8.844400e-02
72 9.003640e-01 9.576000e-03 9.006000e-02
73 8.985400e-01 9.684000e-03 9.177600e-02
74 8.968680e-01 9.516000e-03 9.361600e-02
75 8.952960e-01 9.404000e-03 9.530000e-02
76 8.937400e-01 9.180000e-03 9.708000e-02
77 8.921320e-01 9.272000e-03 9.859600e-02
78 8.906240e-01 9.008000e-03 1.003680e-01
79 8.890880e-01 8.960000e-03 1.019520e-01
80 8.875800e-01 8.868000e-03 1.035520e-01
81 8.859240e-01 8.980000e-03 1.050960e-01
82 8.844720e-01 8.916000e-03 1.066120e-01
83 8.830280e-01 8.856000e-03 1.081160e-01
84 8.815960e-01 8.792000e-03 1.096120e-01
85 8.801600e-01 8.612000e-03 1.112280e-01
86 8.788320e-01 8.544000e-03 1.126240e-01
87 8.774040e-01 8.464000e-03 1.141320e-01
88 8.757880e-01 8.648000e-03 1.155640e-01
89 8.741600e-01 8.780000e-03 1.170600e-01
90 8.725960e-01 8.812000e-03 1.185920e-01
91 8.710920e-01 8.848000e-03 1.200600e-01
92 8.694200e-01 8.992000e-03 1.215880e-01
93 8.677560e-01 9.004000e-03 1.232400e-01
94 8.661920e-01 9.128000e-03 1.246800e-01
95 8.645920e-01 9.176000e-03 1.262320e-01
96 8.630040e-01 9.144000e-03 1.278520e-01
97 8.613560e-01 9.168000e-03 1.294760e-01
98 8.597520e-01 9.312000e-03 1.309360e-01
99 8.579160e-01 9.548000e-03 1.325360e-01
100 8.562840e-01 9.512000e-03 1.342040e-01
101 8.546880e-01 9.404000e-03 1.359080e-01
102 8.528440e-01 9.672000e-03 1.374840e-01
103 8.510320e-01 9.780000e-03 1.391880e-01
104 8.493320e-01 9.884000e-03 1.407840e-01
105 8.476360e-01 9.804000e-03 1.425600e-01
106 8.461320e-01 9.724000e-03 1.441440e-01
107 8.445800e-01 9.544000e-03 1.458760e-01
108 8.428240e-01 9.564000e-03 1.476120e-01
109 8.412520e-01 9.508000e-03 1.492400e-01
110 8.396800e-01 9.432000e-03 1.508880e-01
111 8.382120e-01 9.232000e-03 1.525560e-01
112 8.365160e-01 9.432000e-03 1.540520e-01
113 8.348840e-01 9.448000e-03 1.556680e-01
114 8.333400e-01 9.472000e-03 1.571880e-01
115 8.316880e-01 9.528000e-03 1.587840e-01
116 8.302240e-01 9.352000e-03 1.604240e-01
117 8.286400e-01 9.356000e-03 1.620040e-01
118 8.271520e-01 9.220000e-03 1.636280e-01
119 8.257080e-01 9.032000e-03 1.652600e-01
120 8.242680e-01 8.972000e-03 1.667600e-01
121 8.225920e-01 9.036000e-03 1.683720e-01
122 8.210200e-01 9.016000e-03 1.699640e-01
123 8.195600e-01 8.968000e-03 1.714720e-01
124 8.179960e-01 8.944000e-03 1.730600e-01
125 8.163120e-01 8.924000e-03 1.747640e-01
126 8.147920e-01 8.852000e-03 1.763560e-01
127 8.131440e-01 9.024000e-03 1.778320e-01
128 8.116280e-01 9.056000e-03 1.793160e-01
129 8.102200e-01 8.932000e-03 1.808480e-01
130 8.087320e-01 8.840000e-03 1.824280e-01
131 8.072160e-01 8.852000e-03 1.839320e-01
132 8.056320e-01 8.852000e-03 1.855160e-01
133 8.041840e-01 8.796000e-03 1.870200e-01
134 8.026840e-01 8.780000e-03 1.885360e-01
135 8.012360e-01 8.640000e-03 1.901240e-01
136 7.997800e-01 8.540000e-03 1.916800e-01
137 7.983560e-01 8.476000e-03 1.931680e-01
138 7.967720e-01 8.712000e-03 1.945160e-01
139 7.950720e-01 8.924000e-03 1.960040e-01
140 7.936240e-01 8.844000e-03 1.975320e-01
141 7.920160e-01 8.820000e-03 1.991640e-01
142 7.905800e-01 8.632000e-03 2.007880e-01
143 7.889600e-01 8.664000e-03 2.023760e-01
144 7.875720e-01 8.380000e-03 2.040480e-01
145 7.861800e-01 8.432000e-03 2.053880e-01
146 7.849040e-01 8.316000e-03 2.067800e-01
147 7.834360e-01 8.452000e-03 2.081120e-01
148 7.820520e-01 8.240000e-03 2.097080e-01
149 7.806560e-01 8.124000e-03 2.112200e-01
150 7.792000e-01 8.244000e-03 2.125560e-01
151 7.777080e-01 8.376000e-03 2.139160e-01
152 7.762240e-01 8.264000e-03 2.155120e-01
153 7.747000e-01 8.520000e-03 2.167800e-01
154 7.731880e-01 8.720000e-03 2.180920e-01
155 7.716720e-01 8.684000e-03 2.196440e-01
156 7.701120e-01 8.572000e-03 2.213160e-01
157 7.687200e-01 8.624000e-03 2.226560e-01
158 7.674560e-01 8.496000e-03 2.240480e-01
159 7.659480e-01 8.500000e-03 2.255520e-01
160 7.644200e-01 8.576000e-03 2.270040e-01
161 7.628920e-01 8.584000e-03 2.285240e-01
162 7.612760e-01 8.796000e-03 2.299280e-01
163 7.596160e-01 9.032000e-03 2.313520e-01
164 7.579760e-01 9.108000e-03 2.329160e-01
165 7.561200e-01 9.360000e-03 2.345200e-01
166 7.544720e-01 9.376000e-03 2.361520e-01
167 7.527960e-01 9.344000e-03 2.378600e-01
168 7.510240e-01 9.644000e-03 2.393320e-01
169 7.491880e-01 9.768000e-03 2.410440e-01
170 7.477120e-01 9.712000e-03 2.425760e-01
171 7.460120e-01 9.848000e-03 2.441400e-01
172 7.443720e-01 9.852000e-03 2.457760e-01
173 7.428080e-01 9.680000e-03 2.475120e-01
174 7.412840e-01 9.452000e-03 2.492640e-01
175 7.398280e-01 9.280000e-03 2.508920e-01
176 7.383120e-01 9.236000e-03 2.524520e-01
177 7.368560e-01 9.164000e-03 2.539800e-01
178 7.353200e-01 9.060000e-03 2.556200e-01
179 7.338800e-01 8.932000e-03 2.571880e-01
180 7.322280e-01 8.872000e-03 2.589000e-01
181 7.307440e-01 8.884000e-03 2.603720e-01
182 7.292280e-01 8.836000e-03 2.619360e-01
183 7.277840e-01 8.636000e-03 2.635800e-01
184 7.264240e-01 8.620000e-03 2.649560e-01
185 7.250040e-01 8.408000e-03 2.665880e-01
186 7.236520e-01 8.336000e-03 2.680120e-01
187 7.222560e-01 8.232000e-03 2.695120e-01
188 7.207280e-01 8.292000e-03 2.709800e-01
189 7.192800e-01 8.356000e-03 2.723640e-01
190 7.178720e-01 8.368000e-03 2.737600e-01
191 7.163320e-01 8.404000e-03 2.752640e-01
192 7.150320e-01 8.232000e-03 2.767360e-01
193 7.137000e-01 8.132000e-03 2.781680e-01
194 7.122360e-01 8.160000e-03 2.796040e-01
195 7.107280e-01 8.288000e-03 2.809840e-01
196 7.093440e-01 8.168000e-03 2.824880e-01
197 7.080960e-01 7.948000e-03 2.839560e-01
198 7.067760e-01 7.864000e-03 2.853600e-01
199 7.055040e-01 7.804000e-03 2.866920e-01
200 7.042960e-01 7.668000e-03 2.880360e-01
201 7.030480e-01 7.492000e-03 2.894600e-01
202 7.016520e-01 7.576000e-03 2.907720e-01
203 7.003800e-01 7.544000e-03 2.920760e-01
204 6.991320e-01 7.452000e-03 2.934160e-01
205 6.978200e-01 7.512000e-03 2.946680e-01
206 6.964560e-01 7.600000e-03 2.959440e-01
207 6.951200e-01 7.600000e-03 2.972800e-01
208 6.937360e-01 7.580000e-03 2.986840e-01
209 6.925680e-01 7.300000e-03 3.001320e-01
210 6.913200e-01 7.272000e-03 3.014080e-01
211 6.902400e-01 7.080000e-03 3.026800e-01
212 6.890560e-01 6.996000e-03 3.039480e-01
213 6.878040e-01 7.008000e-03 3.051880e-01
214 6.866360e-01 6.944000e-03 3.064200e-01
215 6.854800e-01 6.836000e-03 3.076840e-01
216 6.843600e-01 6.836000e-03 3.088040e-01
217 6.833400e-01 6.636000e-03 3.100240e-01
218 6.823080e-01 6.384000e-03 3.113080e-01
219 6.813160e-01 6.364000e-03 3.123200e-01
220 6.801760e-01 6.340000e-03 3.134840e-01
221 6.790920e-01 6.348000e-03 3.145600e-01
222 6.779640e-01 6.432000e-03 3.156040e-01
223 6.768480e-01 6.372000e-03 3.167800e-01
224 6.757920e-01 6.356000e-03 3.178520e-01
225 6.748160e-01 6.220000e-03 3.189640e-01
226 6.736720e-01 6.296000e-03 3.200320e-01
227 6.725760e-01 6.380000e-03 3.210440e-01
228 6.715320e-01 6.192000e-03 3.222760e-01
229 6.705760e-01 6.100000e-03 3.233240e-01
230 6.696520e-01 5.988000e-03 3.243600e-01
231 6.687200e-01 5.848000e-03 3.254320e-01
232 6.677080e-01 5.892000e-03 3.264000e-01
233 6.667840e-01 5.796000e-03 3.274200e-01
234 6.656800e-01 5.856000e-03 3.284640e-01
235 6.648920e-01 5.708000e-03 3.294000e-01
236 6.640440e-01 5.576000e-03 3.303800e-01
237 6.630680e-01 5.576000e-03 3.313560e-01
238 6.622600e-01 5.416000e-03 3.323240e-01
239 6.613920e-01 5.296000e-03 3.333120e-01
240 6.604560e-01 5.308000e-03 3.342360e-01
241 6.595840e-01 5.248000e-03 3.351680e-01
242 6.587320e-01 5.008000e-03 3.362600e-01
243 6.578000e-01 4.956000e-03 3.372440e-01
244 6.568080e-01 5.084000e-03 3.381080e-01
245 6.558880e-01 5.124000e-03 3.389880e-01
246 6.550280e-01 5.108000e-03 3.398640e-01
247 6.541480e-01 5.056000e-03 3.407960e-01
248 6.531560e-01 5.072000e-03 3.417720e-01
249 6.522160e-01 5.040000e-03 3.427440e-01
250 6.512760e-01 5.100000e-03 3.436240e-01
251 6.503920e-01 5.160000e-03 3.444480e-01
252 6.494640e-01 5.228000e-03 3.453080e-01
253 6.484960e-01 5.256000e-03 3.462480e-01
254 6.474920e-01 5.420000e-03 3.470880e-01
255 6.465120e-01 5.528000e-03 3.479600e-01
256 6.455480e-01 5.540000e-03 3.489120e-01
257 6.445760e-01 5.560000e-03 3.498640e-01
258 6.437520e-01 5.320000e-03 3.509280e-01
259 6.428200e-01 5.240000e-03 3.519400e-01
260 6.420600e-01 5.128000e-03 3.528120e-01
261 6.412720e-01 5.008000e-03 3.537200e-01
262 6.404520e-01 4.912000e-03 3.546360e-01
263 6.396440e-01 4.832000e-03 3.555240e-01
264 6.388640e-01 4.732000e-03 3.564040e-01
265 6.381440e-01 4.652000e-03 3.572040e-01
266 6.372320e-01 4.756000e-03 3.580120e-01
267 6.363240e-01 4.860000e-03 3.588160e-01
268 6.355000e-01 4.764000e-03 3.597360e-01
269 6.344680e-01 4.984000e-03 3.605480e-01
270 6.334480e-01 5.064000e-03 3.614880e-01
271 6.324360e-01 5.168000e-03 3.623960e-01
272 6.314320e-01 5.184000e-03 3.633840e-01
273 6.305400e-01 5.156000e-03 3.643040e-01
274 6.296200e-01 5.164000e-03 3.652160e-01
275 6.286480e-01 5.204000e-03 3.661480e-01
276 6.277360e-01 5.212000e-03 3.670520e-01
277 6.269520e-01 5.120000e-03 3.679280e-01
278 6.260680e-01 5.160000e-03 3.687720e-01
279 6.252240e-01 5.156000e-03 3.696200e-01
280 6.242320e-01 5.164000e-03 3.706040e-01
281 6.233240e-01 5.200000e-03 3.714760e-01
282 6.224200e-01 5.184000e-03 3.723960e-01
283 6.215400e-01 5.120000e-03 3.733400e-01
284 6.206560e-01 5.060000e-03 3.742840e-01
285 6.198040e-01 5.008000e-03 3.751880e-01
286 6.189280e-01 4.956000e-03 3.761160e-01
287 6.180440e-01 4.984000e-03 3.769720e-01
288 6.171720e-01 4.988000e-03 3.778400e-01
289 6.163680e-01 4.956000e-03 3.786760e-01
290 6.154400e-01 5.016000e-03 3.795440e-01
291 6.145920e-01 4.884000e-03 3.805240e-01
292 6.136800e-01 4.844000e-03 3.814760e-01
293 6.128680e-01 4.828000e-03 3.823040e-01
294 6.119760e-01 4.916000e-03 3.831080e-01
295 6.111160e-01 4.860000e-03 3.840240e-01
296 6.102960e-01 4.804000e-03 3.849000e-01
297 6.094280e-01 4.880000e-03 3.856920e-01
298 6.085920e-01 4.820000e-03 3.865880e-01
299 6.077040e-01 4.888000e-03 3.874080e-01
300 6.068640e-01 4.880000e-03 3.882560e-01
301 6.060480e-01 4.792000e-03 3.891600e-01
302 6.052520e-01 4.748000e-03 3.900000e-01
303 6.044160e-01 4.804000e-03 3.907800e-01
304 6.036480e-01 4.808000e-03 3.915440e-01
305 6.028880e-01 4.756000e-03 3.923560e-01
306 6.020760e-01 4.792000e-03 3.931320e-01
307 6.012560e-01 4.752000e-03 3.939920e-01
308 6.004800e-01 4.716000e-03 3.948040e-01
309 5.997240e-01 4.708000e-03 3.955680e-01
310 5.990320e-01 4.540000e-03 3.964280e-01
311 5.983160e-01 4.496000e-03 3.971880e-01
312 5.975440e-01 4.524000e-03 3.979320e-01
313 5.967920e-01 4.540000e-03 3.986680e-01
314 5.960960e-01 4.436000e-03 3.994680e-01
315 5.954440e-01 4.344000e-03 4.002120e-01
316 5.946800e-01 4.280000e-03 4.010400e-01
317 5.940080e-01 4.188000e-03 4.018040e-01
318 5.934240e-01 4.040000e-03 4.025360e-01
319 5.928920e-01 3.856000e-03 4.032520e-01
320 5.923520e-01 3.696000e-03 4.039520e-01
321 5.918920e-01 3.436000e-03 4.046720e-01
322 5.913000e-01 3.460000e-03 4.052400e-01
323 5.906480e-01 3.516000e-03 4.058360e-01
324 5.899560e-01 3.624000e-03 4.064200e-01
325 5.893040e-01 3.620000e-03 4.070760e-01
326 5.888040e-01 3.560000e-03 4.076360e-01
327 5.883280e-01 3.448000e-03 4.082240e-01
328 5.876400e-01 3.616000e-03 4.087440e-01
329 5.871440e-01 3.524000e-03 4.093320e-01
330 5.866840e-01 3.360000e-03 4.099560e-01
331 5.860920e-01 3.328000e-03 4.105800e-01
332 5.855800e-01 3.288000e-03 4.111320e-01
333 5.850440e-01 3.264000e-03 4.116920e-01
334 5.845320e-01 3.236000e-03 4.122320e-01
335 5.840080e-01 3.208000e-03 4.127840e-01
336 5.834160e-01 3.216000e-03 4.133680e-01
337 5.828760e-01 3.196000e-03 4.139280e-01
338 5.822760e-01 3.280000e-03 4.144440e-01
339 5.816360e-01 3.388000e-03 4.149760e-01
340 5.810680e-01 3.392000e-03 4.155400e-01
341 5.805840e-01 3.260000e-03 4.161560e-01
342 5.799360e-01 3.368000e-03 4.166960e-01
343 5.794200e-01 3.320000e-03 4.172600e-01
344 5.787880e-01 3.364000e-03 4.178480e-01
345 5.782240e-01 3.280000e-03 4.184960e-01
346 5.775760e-01 3.316000e-03 4.191080e-01
347 5.770080e-01 3.332000e-03 4.196600e-01
348 5.764200e-01 3.388000e-03 4.201920e-01
349 5.757480e-01 3.540000e-03 4.207120e-01
350 5.751000e-01 3.472000e-03 4.214280e-01
351 5.744560e-01 3.476000e-03 4.220680e-01
352 5.738840e-01 3.492000e-03 4.226240e-01
353 5.733360e-01 3.424000e-03 4.232400e-01
354 5.727560e-01 3.428000e-03 4.238160e-01
355 5.721360e-01 3.468000e-03 4.243960e-01
356 5.715240e-01 3.476000e-03 4.250000e-01
357 5.709840e-01 3.420000e-03 4.255960e-01
358 5.703480e-01 3.516000e-03 4.261360e-01
359 5.696920e-01 3.512000e-03 4.267960e-01
360 5.691160e-01 3.440000e-03 4.274440e-01
361 5.684560e-01 3.496000e-03 4.280480e-01
362 5.678360e-01 3.540000e-03 4.286240e-01
363 5.672320e-01 3.500000e-03 4.292680e-01
364 5.666400e-01 3.476000e-03 4.298840e-01
365 5.660240e-01 3.536000e-03 4.304400e-01
366 5.654240e-01 3.556000e-03 4.310200e-01
367 5.648640e-01 3.576000e-03 4.315600e-01
368 5.642080e-01 3.652000e-03 4.321400e-01
369 5.635120e-01 3.716000e-03 4.327720e-01
370 5.629000e-01 3.728000e-03 4.333720e-01
371 5.621120e-01 3.892000e-03 4.339960e-01
372 5.614240e-01 3.896000e-03 4.346800e-01
373 5.608120e-01 3.868000e-03 4.353200e-01
374 5.601680e-01 3.836000e-03 4.359960e-01
375 5.595960e-01 3.736000e-03 4.366680e-01
376 5.590440e-01 3.612000e-03 4.373440e-01
377 5.584600e-01 3.572000e-03 4.379680e-01
378 5.578040e-01 3.572000e-03 4.386240e-01
379 5.571720e-01 3.580000e-03 4.392480e-01
380 5.565600e-01 3.592000e-03 4.398480e-01
381 5.559440e-01 3.480000e-03 4.405760e-01
382 5.553800e-01 3.488000e-03 4.411320e-01
383 5.548240e-01 3.448000e-03 4.417280e-01
384 5.543040e-01 3.372000e-03 4.423240e-01
385 5.537600e-01 3.308000e-03 4.429320e-01
386 5.531880e-01 3.220000e-03 4.435920e-01
387 5.527040e-01 3.168000e-03 4.441280e-01
388 5.521720e-01 3.144000e-03 4.446840e-01
389 5.516840e-01 3.036000e-03 4.452800e-01
390 5.512080e-01 2.996000e-03 4.457960e-01
391 5.506960e-01 2.960000e-03 4.463440e-01
392 5.501120e-01 3.012000e-03 4.468760e-01
393 5.495600e-01 2.984000e-03 4.474560e-01
394 5.491040e-01 2.848000e-03 4.480480e-01
395 5.487320e-01 2.748000e-03 4.485200e-01
396 5.482120e-01 2.764000e-03 4.490240e-01
397 5.478320e-01 2.628000e-03 4.495400e-01
398 5.474360e-01 2.540000e-03 4.500240e-01
399 5.469640e-01 2.612000e-03 4.504240e-01
400 5.465520e-01 2.592000e-03 4.508560e-01
401 5.460880e-01 2.632000e-03 4.512800e-01
402 5.456840e-01 2.552000e-03 4.517640e-01
403 5.451680e-01 2.692000e-03 4.521400e-01
404 5.446800e-01 2.756000e-03 4.525640e-01
405 5.442280e-01 2.756000e-03 4.530160e-01
406 5.437240e-01 2.764000e-03 4.535120e-01
407 5.431840e-01 2.828000e-03 4.539880e-01
408 5.427960e-01 2.708000e-03 4.544960e-01
409 5.422920e-01 2.772000e-03 4.549360e-01
410 5.417680e-01 2.740000e-03 4.554920e-01
411 5.413200e-01 2.712000e-03 4.559680e-01
412 5.408720e-01 2.660000e-03 4.564680e-01
413 5.405240e-01 2.576000e-03 4.569000e-01
414 5.401600e-01 2.524000e-03 4.573160e-01
415 5.398160e-01 2.532000e-03 4.576520e-01
416 5.394040e-01 2.440000e-03 4.581560e-01
417 5.390360e-01 2.332000e-03 4.586320e-01
418 5.386360e-01 2.300000e-03 4.590640e-01
419 5.381640e-01 2.344000e-03 4.594920e-01
420 5.377080e-01 2.352000e-03 4.599400e-01
421 5.373400e-01 2.276000e-03 4.603840e-01
422 5.369360e-01 2.224000e-03 4.608400e-01
423 5.366200e-01 2.120000e-03 4.612600e-01
424 5.362480e-01 2.136000e-03 4.616160e-01
425 5.357640e-01 2.212000e-03 4.620240e-01
426 5.352720e-01 2.284000e-03 4.624440e-01
427 5.348600e-01 2.280000e-03 4.628600e-01
428 5.343920e-01 2.296000e-03 4.633120e-01
429 5.339840e-01 2.296000e-03 4.637200e-01
430 5.335480e-01 2.372000e-03 4.640800e-01
431 5.331720e-01 2.348000e-03 4.644800e-01
432 5.326960e-01 2.404000e-03 4.649000e-01
433 5.323320e-01 2.348000e-03 4.653200e-01
434 5.319440e-01 2.308000e-03 4.657480e-01
435 5.316520e-01 2.160000e-03 4.661880e-01
436 5.313280e-01 2.084000e-03 4.665880e-01
437 5.309800e-01 2.068000e-03 4.669520e-01
438 5.306840e-01 2.000000e-03 4.673160e-01
439 5.303000e-01 2.056000e-03 4.676440e-01
440 5.299720e-01 2.012000e-03 4.680160e-01
441 5.295600e-01 2.028000e-03 4.684120e-01
442 5.291200e-01 2.104000e-03 4.687760e-01
443 5.287360e-01 2.148000e-03 4.691160e-01
444 5.283000e-01 2.216000e-03 4.694840e-01
445 5.279120e-01 2.244000e-03 4.698440e-01
446 5.275200e-01 2.212000e-03 4.702680e-01
447 5.271000e-01 2.200000e-03 4.707000e-01
448 5.266760e-01 2.236000e-03 4.710880e-01
449 5.262200e-01 2.284000e-03 4.714960e-01
450 5.257960e-01 2.288000e-03 4.719160e-01
451 5.253240e-01 2.384000e-03 4.722920e-01
452 5.248840e-01 2.360000e-03 4.727560e-01
453 5.244600e-01 2.412000e-03 4.731280e-01
454 5.240480e-01 2.388000e-03 4.735640e-01
455 5.236600e-01 2.368000e-03 4.739720e-01
456 5.232520e-01 2.380000e-03 4.743680e-01
457 5.228600e-01 2.336000e-03 4.748040e-01
458 5.224160e-01 2.364000e-03 4.752200e-01
459 5.220400e-01 2.352000e-03 4.756080e-01
460 5.216320e-01 2.324000e-03 4.760440e-01
461 5.212040e-01 2.368000e-03 4.764280e-01
462 5.208040e-01 2.320000e-03 4.768760e-01
463 5.204240e-01 2.268000e-03 4.773080e-01
464 5.200240e-01 2.288000e-03 4.776880e-01
465 5.197280e-01 2.136000e-03 4.781360e-01
466 5.194000e-01 2.092000e-03 4.785080e-01
467 5.191800e-01 1.936000e-03 4.788840e-01
468 5.189080e-01 1.856000e-03 4.792360e-01
469 5.186360e-01 1.748000e-03 4.796160e-01
470 5.183320e-01 1.716000e-03 4.799520e-01
471 5.180800e-01 1.612000e-03 4.803080e-01
472 5.177440e-01 1.652000e-03 4.806040e-01
473 5.174360e-01 1.604000e-03 4.809600e-01
474 5.170840e-01 1.628000e-03 4.812880e-01
475 5.167960e-01 1.540000e-03 4.816640e-01
476 5.165160e-01 1.536000e-03 4.819480e-01
477 5.161760e-01 1.600000e-03 4.822240e-01
478 5.158600e-01 1.636000e-03 4.825040e-01
479 5.155240e-01 1.652000e-03 4.828240e-01
480 5.151480e-01 1.736000e-03 4.831160e-01
481 5.147920e-01 1.764000e-03 4.834440e-01
482 5.145200e-01 1.740000e-03 4.837400e-01
483 5.141560e-01 1.804000e-03 4.840400e-01
484 5.138520e-01 1.744000e-03 4.844040e-01
485 5.135680e-01 1.712000e-03 4.847200e-01
486 5.132560e-01 1.768000e-03 4.849760e-01
487 5.129160e-01 1.788000e-03 4.852960e-01
488 5.125480e-01 1.784000e-03 4.856680e-01
489 5.121840e-01 1.776000e-03 4.860400e-01
490 5.118680e-01 1.800000e-03 4.863320e-01
491 5.115160e-01 1.896000e-03 4.865880e-01
492 5.112400e-01 1.868000e-03 4.868920e-01
493 5.108600e-01 1.900000e-03 4.872400e-01
494 5.104320e-01 1.976000e-03 4.875920e-01
495 5.100720e-01 1.992000e-03 4.879360e-01
496 5.096720e-01 2.076000e-03 4.882520e-01
497 5.093920e-01 1.948000e-03 4.886600e-01
498 5.090240e-01 1.956000e-03 4.890200e-01
499 5.087600e-01 1.808000e-03 4.894320e-01
500 5.084640e-01 1.836000e-03 4.897000e-01
