1 9.991360e-01 7.400000e-04 1.240000e-04
2 9.985080e-01 1.256000e-03 2.360000e-04
3 9.977800e-01 1.716000e-03 5.040000e-04
4 9.969760e-01 2.180000e-03 8.440000e-04
5 9.962200e-01 2.504000e-03 1.276000e-03
6 9.953240e-01 2.900000e-03 1.776000e-03
7 9.944840e-01 3.256000e-03 2.260000e-03
8 9.935160e-01 3.660000e-03 2.824000e-03
9 9.925960e-01 3.884000e-03 3.520000e-03
10 9.915560e-01 4.260000e-03 4.184000e-03
11 9.903240e-01 4.700000e-03 4.976000e-03
12 9.892320e-01 4.868000e-03 5.900000e-03
13 9.881160e-01 5.136000e-03 6.748000e-03
14 9.869360e-01 5.348000e-03 7.716000e-03
15 9.856920e-01 5.672000e-03 8.636000e-03
16 9.844480e-01 5.972000e-03 9.580000e-03
17 9.831600e-01 6.172000e-03 1.066800e-02
18 9.818600e-01 6.344000e-03 1.179600e-02
19 9.803880e-01 6.676000e-03 1.293600e-02
20 9.790600e-01 6.984000e-03 1.395600e-02
21 9.777360e-01 7.244000e-03 1.502000e-02
22 9.762560e-01 7.552000e-03 1.619200e-02
23 9.748400e-01 7.588000e-03 1.757200e-02
24 9.734600e-01 7.592000e-03 1.894800e-02
25 9.722440e-01 7.476000e-03 2.028000e-02
26 9.705840e-01 7.788000e-03 2.162800e-02
27 9.692000e-01 7.840000e-03 2.296000e-02
28 9.678320e-01 7.920000e-03 2.424800e-02
29 9.663680e-01 8.036000e-03 2.559600e-02
30 9.647640e-01 8.324000e-03 2.691200e-02
31 9.631080e-01 8.564000e-03 2.832800e-02
32 9.613800e-01 8.752000e-03 2.986800e-02
33 9.597440e-01 8.956000e-03 3.130000e-02
34 9.580680e-01 9.108000e-03 3.282400e-02
35 9.564240e-01 9.136000e-03 3.444000e-02
36 9.548720e-01 9.048000e-03 3.608000e-02
37 9.532080e-01 9.228000e-03 3.756400e-02
38 9.516000e-01 9.204000e-03 3.919600e-02
39 9.500800e-01 9.084000e-03 4.083600e-02
40 9.482040e-01 9.372000e-03 4.242400e-02
41 9.462080e-01 9.656000e-03 4.413600e-02
42 9.444040e-01 9.652000e-03 4.594400e-02
43 9.425800e-01 9.896000e-03 4.752400e-02
44 9.408600e-01 9.808000e-03 4.933200e-02
45 9.391960e-01 9.660000e-03 5.114400e-02
46 9.375480e-01 9.588000e-03 5.286400e-02
47 9.358680e-01 9.412000e-03 5.472000e-02
48 9.340960e-01 9.508000e-03 5.639600e-02
49 9.322800e-01 9.780000e-03 5.794000e-02
50 9.305440e-01 9.816000e-03 5.964000e-02
51 9.287800e-01 9.828000e-03 6.139200e-02
52 9.269400e-01 1.004000e-02 6.302000e-02
53 9.250000e-01 1.013200e-02 6.486800e-02
54 9.231440e-01 1.021200e-02 6.664400e-02
55 9.213160e-01 1.030000e-02 6.838400e-02
56 9.195280e-01 1.003600e-02 7.043600e-02
57 9.176600e-01 1.023600e-02 7.210400e-02
58 9.158360e-01 1.020400e-02 7.396000e-02
59 9.141120e-01 1.014400e-02 7.574400e-02
60 9.121760e-01 1.038800e-02 7.743600e-02
61 9.103280e-01 1.047600e-02 7.919600e-02
62 9.084680e-01 1.061600e-02 8.091600e-02
63 9.067560e-01 1.042400e-02 8.282000e-02
64 9.050800e-01 1.019600e-02 8.472400e-02
65 9.033160e-01 1.022400e-02 8.646000e-02
66 9.015360e-01 1.016800e-02 8.829600e-02
67 8.997680e-01 1.004400e-02 9.018800e-02
68 8.981680e-01 1.000000e-02 9.183200e-02
69 8.964600e-01 9.920000e-03 9.362000e-02
70 8.947760e-01 9.872000e-03 9.535200e-02
71 8.930760e-01 9.804000e-03 9.712000e-02
72 8.914360e-01 9.776000e-03 9.878800e-02
73 8.897880e-01 9.760000e-03 1.004520e-01
74 8.881200e-01 9.776000e-03 1.021040e-01
75 8.864560e-01 9.668000e-03 1.038760e-01
76 8.847880e-01 9.572000e-03 1.056400e-01
77 8.831000e-01 9.648000e-03 1.072520e-01
78 8.814280e-01 9.752000e-03 1.088200e-01
79 8.795920e-01 9.912000e-03 1.104960e-01
80 8.778200e-01 9.928000e-03 1.122520e-01
81 8.760160e-01 9.940000e-03 1.140440e-01
82 8.743760e-01 9.924000e-03 1.157000e-01
83 8.728360e-01 9.640000e-03 1.175240e-01
84 8.711680e-01 9.720000e-03 1.191120e-01
85 8.694080e-01 9.788000e-03 1.208040e-01
86 8.678240e-01 9.744000e-03 1.224320e-01
87 8.662320e-01 9.652000e-03 1.241160e-01
88 8.646640e-01 9.436000e-03 1.259000e-01
89 8.631400e-01 9.376000e-03 1.274840e-01
90 8.615280e-01 9.332000e-03 1.291400e-01
91 8.598640e-01 9.324000e-03 1.308120e-01
92 8.582600e-01 9.200000e-03 1.325400e-01
93 8.565920e-01 9.236000e-03 1.341720e-01
94 8.551040e-01 9.168000e-03 1.357280e-01
95 8.534800e-01 9.236000e-03 1.372840e-01
96 8.517960e-01 9.176000e-03 1.390280e-01
97 8.499720e-01 9.280000e-03 1.407480e-01
98 8.483040e-01 9.396000e-03 1.423000e-01
99 8.465000e-01 9.580000e-03 1.439200e-01
100 8.448000e-01 9.528000e-03 1.456720e-01
101 8.431880e-01 9.468000e-03 1.473440e-01
102 8.414160e-01 9.628000e-03 1.489560e-01
103 8.397920e-01 9.520000e-03 1.506880e-01
104 8.381280e-01 9.416000e-03 1.524560e-01
105 8.366160e-01 9.272000e-03 1.541120e-01
106 8.350080e-01 9.344000e-03 1.556480e-01
107 8.333880e-01 9.404000e-03 1.572080e-01
108 8.316960e-01 9.356000e-03 1.589480e-01
109 8.301560e-01 9.328000e-03 1.605160e-01
110 8.286440e-01 9.248000e-03 1.621080e-01
111 8.270320e-01 9.148000e-03 1.638200e-01
112 8.254280e-01 9.084000e-03 1.654880e-01
113 8.238760e-01 9.040000e-03 1.670840e-01
114 8.222160e-01 9.112000e-03 1.686720e-01
115 8.208720e-01 8.928000e-03 1.702000e-01
116 8.194080e-01 8.944000e-03 1.716480e-01
117 8.178840e-01 8.864000e-03 1.732520e-01
118 8.164680e-01 8.564000e-03 1.749680e-01
119 8.150680e-01 8.512000e-03 1.764200e-01
120 8.136640e-01 8.408000e-03 1.779280e-01
121 8.121880e-01 8.320000e-03 1.794920e-01
122 8.107720e-01 8.204000e-03 1.810240e-01
123 8.093560e-01 8.284000e-03 1.823600e-01
124 8.079440e-01 8.184000e-03 1.838720e-01
125 8.064560e-01 8.252000e-03 1.852920e-01
126 8.049960e-01 8.288000e-03 1.867160e-01
127 8.035440e-01 8.256000e-03 1.882000e-01
128 8.021160e-01 8.140000e-03 1.897440e-01
129 8.006600e-01 8.052000e-03 1.912880e-01
130 7.991600e-01 8.096000e-03 1.927440e-01
131 7.975800e-01 8.204000e-03 1.942160e-01
132 7.960640e-01 8.296000e-03 1.956400e-01
133 7.946200e-01 8.324000e-03 1.970560e-01
134 7.930000e-01 8.416000e-03 1.985840e-01
135 7.915040e-01 8.372000e-03 2.001240e-01
136 7.901320e-01 8.240000e-03 2.016280e-01
137 7.887720e-01 8.200000e-03 2.030280e-01
138 7.875400e-01 7.968000e-03 2.044920e-01
139 7.862080e-01 7.876000e-03 2.059160e-01
140 7.849120e-01 7.768000e-03 2.073200e-01
141 7.835120e-01 7.756000e-03 2.087320e-01
142 7.821600e-01 7.716000e-03 2.101240e-01
143 7.808600e-01 7.676000e-03 2.114640e-01
144 7.795080e-01 7.680000e-03 2.128120e-01
145 7.782040e-01 7.568000e-03 2.142280e-01
146 7.769440e-01 7.560000e-03 2.154960e-01
147 7.756160e-01 7.440000e-03 2.169440e-01
148 7.743920e-01 7.288000e-03 2.183200e-01
149 7.730840e-01 7.204000e-03 2.197120e-01
150 7.720880e-01 6.904000e-03 2.210080e-01
151 7.711000e-01 6.700000e-03 2.222000e-01
152 7.699920e-01 6.640000e-03 2.233680e-01
153 7.688280e-01 6.732000e-03 2.244400e-01
154 7.676680e-01 6.768000e-03 2.255640e-01
155 7.666280e-01 6.660000e-03 2.267120e-01
156 7.654120e-01 6.732000e-03 2.278560e-01
157 7.642080e-01 6.712000e-03 2.290800e-01
158 7.630600e-01 6.712000e-03 2.302280e-01
159 7.618200e-01 6.744000e-03 2.314360e-01
160 7.606680e-01 6.736000e-03 2.325960e-01
161 7.594760e-01 6.624000e-03 2.339000e-01
162 7.581720e-01 6.660000e-03 2.351680e-01
163 7.569920e-01 6.732000e-03 2.362760e-01
164 7.557000e-01 6.848000e-03 2.374520e-01
165 7.543960e-01 6.948000e-03 2.386560e-01
166 7.532000e-01 6.948000e-03 2.398520e-01
167 7.520840e-01 6.884000e-03 2.410320e-01
168 7.509520e-01 6.776000e-03 2.422720e-01
169 7.497720e-01 6.784000e-03 2.434440e-01
170 7.486560e-01 6.664000e-03 2.446800e-01
171 7.474000e-01 6.692000e-03 2.459080e-01
172 7.464200e-01 6.436000e-03 2.471440e-01
173 7.452640e-01 6.400000e-03 2.483360e-01
174 7.441320e-01 6.424000e-03 2.494440e-01
175 7.430440e-01 6.400000e-03 2.505560e-01
176 7.418800e-01 6.472000e-03 2.516480e-01
177 7.407560e-01 6.400000e-03 2.528440e-01
178 7.394680e-01 6.528000e-03 2.540040e-01
179 7.382400e-01 6.556000e-03 2.552040e-01
180 7.371320e-01 6.500000e-03 2.563680e-01
181 7.359800e-01 6.548000e-03 2.574720e-01
182 7.346760e-01 6.676000e-03 2.586480e-01
183 7.335960e-01 6.584000e-03 2.598200e-01
184 7.324640e-01 6.500000e-03 2.610360e-01
185 7.312000e-01 6.624000e-03 2.621760e-01
186 7.300480e-01 6.516000e-03 2.634360e-01
187 7.290080e-01 6.432000e-03 2.645600e-01
188 7.279400e-01 6.432000e-03 2.656280e-01
189 7.269320e-01 6.280000e-03 2.667880e-01
190 7.258560e-01 6.200000e-03 2.679440e-01
191 7.247360e-01 6.184000e-03 2.690800e-01
192 7.236640e-01 6.200000e-03 2.701360e-01
193 7.225920e-01 6.204000e-03 2.712040e-01
194 7.214600e-01 6.356000e-03 2.721840e-01
195 7.203920e-01 6.252000e-03 2.733560e-01
196 7.192240e-01 6.284000e-03 2.744920e-01
197 7.181720e-01 6.208000e-03 2.756200e-01
198 7.170440e-01 6.296000e-03 2.766600e-01
199 7.159480e-01 6.312000e-03 2.777400e-01
200 7.147560e-01 6.356000e-03 2.788880e-01
201 7.136040e-01 6.368000e-03 2.800280e-01
202 7.125800e-01 6.224000e-03 2.811960e-01
203 7.115040e-01 6.236000e-03 2.822600e-01
204 7.103640e-01 6.336000e-03 2.833000e-01
205 7.090600e-01 6.468000e-03 2.844720e-01
206 7.079120e-01 6.584000e-03 2.855040e-01
207 7.067840e-01 6.464000e-03 2.867520e-01
208 7.056680e-01 6.520000e-03 2.878120e-01
209 7.045160e-01 6.520000e-03 2.889640e-01
210 7.036000e-01 6.240000e-03 2.901600e-01
211 7.027440e-01 6.020000e-03 2.912360e-01
212 7.016480e-01 6.224000e-03 2.921280e-01
213 7.005240e-01 6.168000e-03 2.933080e-01
214 6.994240e-01 6.292000e-03 2.942840e-01
215 6.983200e-01 6.392000e-03 2.952880e-01
216 6.972000e-01 6.376000e-03 2.964240e-01
217 6.960720e-01 6.348000e-03 2.975800e-01
218 6.949840e-01 6.360000e-03 2.986560e-01
219 6.938360e-01 6.496000e-03 2.996680e-01
220 6.927800e-01 6.436000e-03 3.007840e-01
221 6.916440e-01 6.640000e-03 3.017160e-01
222 6.905280e-01 6.536000e-03 3.029360e-01
223 6.893640e-01 6.532000e-03 3.041040e-01
224 6.883920e-01 6.528000e-03 3.050800e-01
225 6.873200e-01 6.404000e-03 3.062760e-01
226 6.862280e-01 6.384000e-03 3.073880e-01
227 6.851440e-01 6.260000e-03 3.085960e-01
228 6.839280e-01 6.400000e-03 3.096720e-01
229 6.828000e-01 6.400000e-03 3.108000e-01
230 6.817320e-01 6.280000e-03 3.119880e-01
231 6.806000e-01 6.380000e-03 3.130200e-01
232 6.795800e-01 6.232000e-03 3.141880e-01
233 6.787160e-01 5.936000e-03 3.153480e-01
234 6.778760e-01 5.680000e-03 3.164440e-01
235 6.768560e-01 5.608000e-03 3.175360e-01
236 6.759040e-01 5.580000e-03 3.185160e-01
237 6.748600e-01 5.776000e-03 3.193640e-01
238 6.738240e-01 5.808000e-03 3.203680e-01
239 6.727560e-01 5.768000e-03 3.214760e-01
240 6.718920e-01 5.732000e-03 3.223760e-01
241 6.708200e-01 5.844000e-03 3.233360e-01
242 6.697720e-01 5.744000e-03 3.244840e-01
243 6.687160e-01 5.800000e-03 3.254840e-01
244 6.677520e-01 5.676000e-03 3.265720e-01
245 6.667120e-01 5.632000e-03 3.276560e-01
246 6.657480e-01 5.612000e-03 3.286400e-01
247 6.647960e-01 5.500000e-03 3.297040e-01
248 6.637560e-01 5.576000e-03 3.306680e-01
249 6.627280e-01 5.644000e-03 3.316280e-01
250 6.618240e-01 5.604000e-03 3.325720e-01
251 6.608080e-01 5.584000e-03 3.336080e-01
252 6.597960e-01 5.620000e-03 3.345840e-01
253 6.590120e-01 5.432000e-03 3.355560e-01
254 6.582320e-01 5.316000e-03 3.364520e-01
255 6.574000e-01 5.180000e-03 3.374200e-01
256 6.565680e-01 5.148000e-03 3.382840e-01
257 6.558840e-01 4.988000e-03 3.391280e-01
258 6.550880e-01 4.896000e-03 3.400160e-01
259 6.541560e-01 4.960000e-03 3.408840e-01
260 6.532360e-01 5.036000e-03 3.417280e-01
261 6.522720e-01 5.064000e-03 3.426640e-01
262 6.514400e-01 4.940000e-03 3.436200e-01
263 6.505320e-01 5.040000e-03 3.444280e-01
264 6.495200e-01 5.184000e-03 3.452960e-01
265 6.486160e-01 5.160000e-03 3.462240e-01
266 6.477280e-01 5.076000e-03 3.471960e-01
267 6.468760e-01 5.108000e-03 3.480160e-01
268 6.459960e-01 5.124000e-03 3.488800e-01
269 6.450760e-01 5.136000e-03 3.497880e-01
270 6.442640e-01 5.068000e-03 3.506680e-01
271 6.434600e-01 4.984000e-03 3.515560e-01
272 6.425320e-01 5.032000e-03 3.524360e-01
273 6.417000e-01 4.948000e-03 3.533520e-01
274 6.407640e-01 5.008000e-03 3.542280e-01
275 6.399800e-01 4.964000e-03 3.550560e-01
276 6.390040e-01 5.012000e-03 3.559840e-01
277 6.379640e-01 5.256000e-03 3.567800e-01
278 6.370480e-01 5.244000e-03 3.577080e-01
279 6.359920e-01 5.388000e-03 3.586200e-01
280 6.349080e-01 5.464000e-03 3.596280e-01
281 6.338520e-01 5.564000e-03 3.605840e-01
282 6.329120e-01 5.484000e-03 3.616040e-01
283 6.319640e-01 5.500000e-03 3.625360e-01
284 6.310920e-01 5.492000e-03 3.634160e-01
285 6.299880e-01 5.552000e-03 3.644600e-01
286 6.290760e-01 5.536000e-03 3.653880e-01
287 6.281480e-01 5.508000e-03 3.663440e-01
288 6.272800e-01 5.368000e-03 3.673520e-01
289 6.264000e-01 5.332000e-03 3.682680e-01
290 6.254520e-01 5.308000e-03 3.692400e-01
291 6.244880e-01 5.316000e-03 3.701960e-01
292 6.235080e-01 5.356000e-03 3.711360e-01
293 6.226840e-01 5.176000e-03 3.721400e-01
294 6.218520e-01 5.028000e-03 3.731200e-01
295 6.208960e-01 5.100000e-03 3.740040e-01
296 6.201080e-01 4.916000e-03 3.749760e-01
297 6.191720e-01 4.972000e-03 3.758560e-01
298 6.181800e-01 5.100000e-03 3.767200e-01
299 6.172680e-01 5.116000e-03 3.776160e-01
300 6.161960e-01 5.324000e-03 3.784800e-01
301 6.152880e-01 5.376000e-03 3.793360e-01
302 6.143200e-01 5.416000e-03 3.802640e-01
303 6.132760e-01 5.444000e-03 3.812800e-01
304 6.123360e-01 5.444000e-03 3.822200e-01
305 6.114360e-01 5.444000e-03 3.831200e-01
306 6.104440e-01 5.584000e-03 3.839720e-01
307 6.095000e-01 5.544000e-03 3.849560e-01
308 6.085120e-01 5.516000e-03 3.859720e-01
309 6.076480e-01 5.428000e-03 3.869240e-01
310 6.065840e-01 5.604000e-03 3.878120e-01
311 6.057560e-01 5.492000e-03 3.887520e-01
312 6.049080e-01 5.420000e-03 3.896720e-01
313 6.040920e-01 5.204000e-03 3.907040e-01
314 6.033800e-01 4.996000e-03 3.916240e-01
315 6.025400e-01 4.948000e-03 3.925120e-01
316 6.019560e-01 4.576000e-03 3.934680e-01
317 6.012600e-01 4.516000e-03 3.942240e-01
318 6.005760e-01 4.376000e-03 3.950480e-01
319 5.999320e-01 4.244000e-03 3.958240e-01
320 5.991720e-01 4.220000e-03 3.966080e-01
321 5.985000e-01 4.068000e-03 3.974320e-01
322 5.978440e-01 4.064000e-03 3.980920e-01
323 5.971680e-01 4.044000e-03 3.987880e-01
324 5.965880e-01 3.924000e-03 3.994880e-01
325 5.958680e-01 3.960000e-03 4.001720e-01
326 5.952640e-01 3.912000e-03 4.008240e-01
327 5.946320e-01 3.800000e-03 4.015680e-01
328 5.939960e-01 3.788000e-03 4.022160e-01
329 5.933120e-01 3.872000e-03 4.028160e-01
330 5.926560e-01 3.812000e-03 4.035320e-01
331 5.920200e-01 3.816000e-03 4.041640e-01
332 5.913640e-01 3.840000e-03 4.047960e-01
333 5.906360e-01 3.924000e-03 4.054400e-01
334 5.898960e-01 3.980000e-03 4.061240e-01
335 5.892040e-01 3.948000e-03 4.068480e-01
336 5.885480e-01 3.884000e-03 4.075680e-01
337 5.879480e-01 3.840000e-03 4.082120e-01
338 5.872720e-01 3.848000e-03 4.088800e-01
339 5.867280e-01 3.768000e-03 4.095040e-01
340 5.861000e-01 3.760000e-03 4.101400e-01
341 5.855720e-01 3.636000e-03 4.107920e-01
342 5.849560e-01 3.628000e-03 4.114160e-01
343 5.843440e-01 3.608000e-03 4.120480e-01
344 5.838160e-01 3.556000e-03 4.126280e-01
345 5.832240e-01 3.564000e-03 4.132120e-01
346 5.826160e-01 3.536000e-03 4.138480e-01
347 5.819880e-01 3.512000e-03 4.145000e-01
348 5.815160e-01 3.444000e-03 4.150400e-01
349 5.809680e-01 3.376000e-03 4.156560e-01
350 5.804680e-01 3.212000e-03 4.163200e-01
351 5.799400e-01 3.212000e-03 4.168480e-01
352 5.793960e-01 3.136000e-03 4.174680e-01
353 5.788760e-01 3.204000e-03 4.179200e-01
354 5.783200e-01 3.160000e-03 4.185200e-01
355 5.777720e-01 3.224000e-03 4.190040e-01
356 5.772280e-01 3.184000e-03 4.195880e-01
357 5.766480e-01 3.188000e-03 4.201640e-01
358 5.761240e-01 3.096000e-03 4.207800e-01
359 5.756880e-01 3.012000e-03 4.213000e-01
360 5.752400e-01 2.884000e-03 4.218760e-01
361 5.747800e-01 2.844000e-03 4.223760e-01
362 5.742560e-01 2.928000e-03 4.228160e-01
363 5.738080e-01 2.876000e-03 4.233160e-01
364 5.733520e-01 2.788000e-03 4.238600e-01
365 5.729720e-01 2.720000e-03 4.243080e-01
366 5.725080e-01 2.672000e-03 4.248200e-01
367 5.720080e-01 2.676000e-03 4.253160e-01
368 5.714480e-01 2.696000e-03 4.258560e-01
369 5.709240e-01 2.732000e-03 4.263440e-01
370 5.703920e-01 2.800000e-03 4.268080e-01
371 5.699000e-01 2.800000e-03 4.273000e-01
372 5.694960e-01 2.696000e-03 4.278080e-01
373 5.690160e-01 2.680000e-03 4.283040e-01
374 5.685440e-01 2.708000e-03 4.287480e-01
375 5.680840e-01 2.676000e-03 4.292400e-01
376 5.676760e-01 2.588000e-03 4.297360e-01
377 5.672200e-01 2.644000e-03 4.301360e-01
378 5.667120e-01 2.732000e-03 4.305560e-01
379 5.663080e-01 2.668000e-03 4.310240e-01
380 5.659440e-01 2.592000e-03 4.314640e-01
381 5.655520e-01 2.576000e-03 4.318720e-01
382 5.649960e-01 2.656000e-03 4.323480e-01
383 5.645640e-01 2.632000e-03 4.328040e-01
384 5.641560e-01 2.588000e-03 4.332560e-01
385 5.637800e-01 2.508000e-03 4.337120e-01
386 5.633600e-01 2.584000e-03 4.340560e-01
387 5.630000e-01 2.448000e-03 4.345520e-01
388 5.625720e-01 2.440000e-03 4.349880e-01
389 5.622000e-01 2.340000e-03 4.354600e-01
390 5.618480e-01 2.372000e-03 4.357800e-01
391 5.614320e-01 2.360000e-03 4.362080e-01
392 5.609760e-01 2.432000e-03 4.365920e-01
393 5.605720e-01 2.360000e-03 4.370680e-01
394 5.601640e-01 2.260000e-03 4.375760e-01
395 5.597640e-01 2.324000e-03 4.379120e-01
396 5.593920e-01 2.200000e-03 4.384080e-01
397 5.590680e-01 2.164000e-03 4.387680e-01
398 5.587080e-01 2.140000e-03 4.391520e-01
399 5.583200e-01 2.116000e-03 4.395640e-01
400 5.579760e-01 2.116000e-03 4.399080e-01
401 5.576200e-01 2.064000e-03 4.403160e-01
402 5.572680e-01 2.056000e-03 4.406760e-01
403 5.569520e-01 2.028000e-03 4.410200e-01
404 5.565560e-01 2.100000e-03 4.413440e-01
405 5.563000e-01 1.988000e-03 4.417120e-01
406 5.560280e-01 1.916000e-03 4.420560e-01
407 5.557280e-01 1.888000e-03 4.423840e-01
408 5.554880e-01 1.748000e-03 4.427640e-01
409 5.552480e-01 1.716000e-03 4.430360e-01
410 5.550240e-01 1.640000e-03 4.433360e-01
411 5.547080e-01 1.676000e-03 4.436160e-01
412 5.544840e-01 1.648000e-03 4.438680e-01
413 5.542720e-01 1.584000e-03 4.441440e-01
414 5.540400e-01 1.564000e-03 4.443960e-01
415 5.537720e-01 1.600000e-03 4.446280e-01
416 5.534760e-01 1.620000e-03 4.449040e-01
417 5.531400e-01 1.728000e-03 4.451320e-01
418 5.527640e-01 1.768000e-03 4.454680e-01
419 5.524600e-01 1.788000e-03 4.457520e-01
420 5.521680e-01 1.752000e-03 4.460800e-01
421 5.519000e-01 1.712000e-03 4.463880e-01
422 5.516440e-01 1.728000e-03 4.466280e-01
423 5.513280e-01 1.720000e-03 4.469520e-01
424 5.510840e-01 1.636000e-03 4.472800e-01
425 5.508120e-01 1.632000e-03 4.475560e-01
426 5.505400e-01 1.656000e-03 4.478040e-01
427 5.502480e-01 1.652000e-03 4.481000e-01
428 5.499600e-01 1.680000e-03 4.483600e-01
429 5.495600e-01 1.776000e-03 4.486640e-01
430 5.491640e-01 1.872000e-03 4.489640e-01
431 5.487920e-01 1.932000e-03 4.492760e-01
432 5.483520e-01 2.048000e-03 4.496000e-01
433 5.480160e-01 2.012000e-03 4.499720e-01
434 5.476880e-01 1.928000e-03 4.503840e-01
435 5.473280e-01 1.904000e-03 4.507680e-01
436 5.469920e-01 1.940000e-03 4.510680e-01
437 5.465640e-01 2.048000e-03 4.513880e-01
438 5.461960e-01 2.040000e-03 4.517640e-01
439 5.458000e-01 2.096000e-03 4.521040e-01
440 5.453920e-01 2.132000e-03 4.524760e-01
441 5.449200e-01 2.224000e-03 4.528560e-01
442 5.445080e-01 2.204000e-03 4.532880e-01
443 5.441560e-01 2.152000e-03 4.536920e-01
444 5.437720e-01 2.108000e-03 4.541200e-01
445 5.434480e-01 2.116000e-03 4.544360e-01
446 5.430400e-01 2.192000e-03 4.547680e-01
447 5.427440e-01 2.160000e-03 4.550960e-01
448 5.424160e-01 2.128000e-03 4.554560e-01
449 5.420480e-01 2.128000e-03 4.558240e-01
450 5.417080e-01 2.096000e-03 4.561960e-01
451 5.413600e-01 1.972000e-03 4.566680e-01
452 5.410080e-01 1.956000e-03 4.570360e-01
453 5.407000e-01 1.968000e-03 4.573320e-01
454 5.404080e-01 1.948000e-03 4.576440e-01
455 5.400840e-01 1.892000e-03 4.580240e-01
456 5.397400e-01 1.900000e-03 4.583600e-01
457 5.394920e-01 1.820000e-03 4.586880e-01
458 5.391440e-01 1.836000e-03 4.590200e-01
459 5.388680e-01 1.804000e-03 4.593280e-01
460 5.385080e-01 1.880000e-03 4.596120e-01
461 5.382000e-01 1.904000e-03 4.598960e-01
462 5.378520e-01 1.944000e-03 4.602040e-01
463 5.375000e-01 1.992000e-03 4.605080e-01
464 5.372240e-01 1.952000e-03 4.608240e-01
465 5.369480e-01 1.908000e-03 4.611440e-01
466 5.365840e-01 2.004000e-03 4.614120e-01
467 5.362560e-01 1.960000e-03 4.617840e-01
468 5.359000e-01 1.964000e-03 4.621360e-01
469 5.355160e-01 1.984000e-03 4.625000e-01
470 5.351520e-01 1.956000e-03 4.628920e-01
471 5.347240e-01 2.040000e-03 4.632360e-01
472 5.343200e-01 2.080000e-03 4.636000e-01
473 5.339960e-01 2.072000e-03 4.639320e-01
474 5.336160e-01 2.080000e-03 4.643040e-01
475 5.332360e-01 2.044000e-03 4.647200e-01
476 5.328400e-01 2.108000e-03 4.650520e-01
477 5.326000e-01 2.008000e-03 4.653920e-01
478 5.322760e-01 2.012000e-03 4.657120e-01
479 5.319400e-01 2.004000e-03 4.660560e-01
480 5.315800e-01 1.980000e-03 4.664400e-01
481 5.312040e-01 1.960000e-03 4.668360e-01
482 5.308920e-01 1.972000e-03 4.671360e-01
483 5.305360e-01 2.012000e-03 4.674520e-01
484 5.302080e-01 1.984000e-03 4.678080e-01
485 5.297840e-01 2.088000e-03 4.681280e-01
486 5.294560e-01 2.000000e-03 4.685440e-01
487 5.291080e-01 2.036000e-03 4.688560e-01
488 5.288040e-01 1.984000e-03 4.692120e-01
489 5.285200e-01 1.876000e-03 4.696040e-01
490 5.281880e-01 1.896000e-03 4.699160e-01
491 5.278880e-01 1.856000e-03 4.702560e-01
492 5.275440e-01 1.864000e-03 4.705920e-01
493 5.272160e-01 1.868000e-03 4.709160e-01
494 5.268800e-01 1.912000e-03 4.712080e-01
495 5.265640e-01 1.892000e-03 4.715440e-01
496 5.263120e-01 1.884000e-03 4.718040e-01
497 5.260200e-01 1.856000e-03 4.721240e-01
498 5.256760e-01 1.896000e-03 4.724280e-01
499 5.254360e-01 1.884000e-03 4.726800e-01
500 5.251680e-01 1.808000e-03 4.730240e-01
