1 9.992000e-01 6.720000e-04 1.280000e-04
2 9.986560e-01 1.048000e-03 2.960000e-04
3 9.980800e-01 1.396000e-03 5.240000e-04
4 9.973920e-01 1.804000e-03 8.040000e-04
5 9.967320e-01 2.152000e-03 1.116000e-03
6 9.959280e-01 2.584000e-03 1.488000e-03
7 9.950760e-01 2.888000e-03 2.036000e-03
8 9.942840e-01 3.168000e-03 2.548000e-03
9 9.933240e-01 3.584000e-03 3.092000e-03
10 9.923800e-01 3.824000e-03 3.796000e-03
11 9.914560e-01 4.088000e-03 4.456000e-03
12 9.905720e-01 4.300000e-03 5.128000e-03
13 9.897560e-01 4.300000e-03 5.944000e-03
14 9.887440e-01 4.460000e-03 6.796000e-03
15 9.876800e-01 4.752000e-03 7.568000e-03
16 9.865280e-01 5.016000e-03 8.456000e-03
17 9.854000e-01 5.232000e-03 9.368000e-03
18 9.842840e-01 5.400000e-03 1.031600e-02
19 9.831040e-01 5.612000e-03 1.128400e-02
20 9.818400e-01 5.956000e-03 1.220400e-02
21 9.805600e-01 6.156000e-03 1.328400e-02
22 9.792680e-01 6.340000e-03 1.439200e-02
23 9.779560e-01 6.568000e-03 1.547600e-02
24 9.766920e-01 6.592000e-03 1.671600e-02
25 9.753480e-01 6.668000e-03 1.798400e-02
26 9.740360e-01 6.768000e-03 1.919600e-02
27 9.727760e-01 6.884000e-03 2.034000e-02
28 9.714880e-01 6.972000e-03 2.154000e-02
29 9.701000e-01 7.108000e-03 2.279200e-02
30 9.687320e-01 7.356000e-03 2.391200e-02
31 9.673160e-01 7.408000e-03 2.527600e-02
32 9.658960e-01 7.456000e-03 2.664800e-02
33 9.644840e-01 7.604000e-03 2.791200e-02
34 9.631120e-01 7.656000e-03 2.923200e-02
35 9.615280e-01 7.868000e-03 3.060400e-02
36 9.599840e-01 7.940000e-03 3.207600e-02
37 9.583960e-01 8.044000e-03 3.356000e-02
38 9.568360e-01 8.224000e-03 3.494000e-02
39 9.550200e-01 8.572000e-03 3.640800e-02
40 9.532720e-01 8.732000e-03 3.799600e-02
41 9.514840e-01 8.976000e-03 3.954000e-02
42 9.496480e-01 9.356000e-03 4.099600e-02
43 9.477520e-01 9.680000e-03 4.256800e-02
44 9.458520e-01 9.948000e-03 4.420000e-02
45 9.439760e-01 1.026000e-02 4.576400e-02
46 9.420440e-01 1.047200e-02 4.748400e-02
47 9.401440e-01 1.042800e-02 4.942800e-02
48 9.384120e-01 1.030400e-02 5.128400e-02
49 9.367360e-01 1.010800e-02 5.315600e-02
50 9.350480e-01 1.024000e-02 5.471200e-02
51 9.332240e-01 1.032000e-02 5.645600e-02
52 9.316000e-01 1.012000e-02 5.828000e-02
53 9.299600e-01 9.960000e-03 6.008000e-02
54 9.283920e-01 9.776000e-03 6.183200e-02
55 9.266680e-01 9.792000e-03 6.354000e-02
56 9.247400e-01 1.002400e-02 6.523600e-02
57 9.229400e-01 1.004000e-02 6.702000e-02
58 9.212040e-01 1.006400e-02 6.873200e-02
59 9.194800e-01 1.014000e-02 7.038000e-02
60 9.175280e-01 1.017600e-02 7.229600e-02
61 9.155600e-01 1.039200e-02 7.404800e-02
62 9.134960e-01 1.058000e-02 7.592400e-02
63 9.115800e-01 1.055200e-02 7.786800e-02
64 9.097600e-01 1.048800e-02 7.975200e-02
65 9.079360e-01 1.062000e-02 8.144400e-02
66 9.060240e-01 1.087200e-02 8.310400e-02
67 9.042000e-01 1.083200e-02 8.496800e-02
68 9.023960e-01 1.077200e-02 8.683200e-02
69 9.006880e-01 1.064800e-02 8.866400e-02
70 8.989880e-01 1.056000e-02 9.045200e-02
71 8.974280e-01 1.024800e-02 9.232400e-02
72 8.956080e-01 1.030000e-02 9.409200e-02
73 8.938720e-01 1.020800e-02 9.592000e-02
74 8.921440e-01 1.010000e-02 9.775600e-02
75 8.904320e-01 1.015200e-02 9.941600e-02
76 8.887360e-01 1.006800e-02 1.011960e-01
77 8.872600e-01 9.912000e-03 1.028280e-01
78 8.855840e-01 9.744000e-03 1.046720e-01
79 8.838840e-01 9.752000e-03 1.063640e-01
80 8.822440e-01 9.736000e-03 1.080200e-01
81 8.805760e-01 9.820000e-03 1.096040e-01
82 8.789240e-01 9.796000e-03 1.112800e-01
83 8.772040e-01 9.884000e-03 1.129120e-01
84 8.755560e-01 9.896000e-03 1.145480e-01
85 8.740160e-01 9.732000e-03 1.162520e-01
86 8.724640e-01 9.660000e-03 1.178760e-01
87 8.709280e-01 9.688000e-03 1.193840e-01
88 8.693160e-01 9.556000e-03 1.211280e-01
89 8.677320e-01 9.428000e-03 1.228400e-01
90 8.660680e-01 9.484000e-03 1.244480e-01
91 8.644120e-01 9.476000e-03 1.261120e-01
92 8.627960e-01 9.444000e-03 1.277600e-01
93 8.610960e-01 9.484000e-03 1.294200e-01
94 8.592160e-01 9.732000e-03 1.310520e-01
95 8.573840e-01 9.800000e-03 1.328160e-01
96 8.555680e-01 9.860000e-03 1.345720e-01
97 8.536400e-01 1.010800e-02 1.362520e-01
98 8.518440e-01 1.010400e-02 1.380520e-01
99 8.500000e-01 1.012400e-02 1.398760e-01
100 8.482640e-01 1.013200e-02 1.416040e-01
101 8.464600e-01 1.015600e-02 1.433840e-01
102 8.446400e-01 1.025200e-02 1.451080e-01
103 8.429040e-01 1.026800e-02 1.468280e-01
104 8.411640e-01 1.019200e-02 1.486440e-01
105 8.395720e-01 1.003600e-02 1.503920e-01
106 8.378160e-01 1.007200e-02 1.521120e-01
107 8.361360e-01 1.009600e-02 1.537680e-01
108 8.344200e-01 1.015200e-02 1.554280e-01
109 8.326280e-01 1.021600e-02 1.571560e-01
110 8.309480e-01 1.002000e-02 1.590320e-01
111 8.292240e-01 1.000400e-02 1.607720e-01
112 8.274000e-01 1.004800e-02 1.625520e-01
113 8.255720e-01 1.010000e-02 1.643280e-01
114 8.240480e-01 9.860000e-03 1.660920e-01
115 8.224680e-01 9.808000e-03 1.677240e-01
116 8.209600e-01 9.520000e-03 1.695200e-01
117 8.193680e-01 9.536000e-03 1.710960e-01
118 8.178200e-01 9.432000e-03 1.727480e-01
119 8.165120e-01 9.112000e-03 1.743760e-01
120 8.150120e-01 9.080000e-03 1.759080e-01
121 8.135240e-01 9.028000e-03 1.774480e-01
122 8.120960e-01 9.004000e-03 1.789000e-01
123 8.107720e-01 8.748000e-03 1.804800e-01
124 8.094240e-01 8.556000e-03 1.820200e-01
125 8.081320e-01 8.340000e-03 1.835280e-01
126 8.068600e-01 8.344000e-03 1.847960e-01
127 8.054880e-01 8.228000e-03 1.862840e-01
128 8.040480e-01 8.204000e-03 1.877480e-01
129 8.026000e-01 8.164000e-03 1.892360e-01
130 8.013320e-01 7.988000e-03 1.906800e-01
131 7.999200e-01 8.104000e-03 1.919760e-01
132 7.985560e-01 8.084000e-03 1.933600e-01
133 7.973400e-01 7.744000e-03 1.949160e-01
134 7.960440e-01 7.676000e-03 1.962800e-01
135 7.948320e-01 7.556000e-03 1.976120e-01
136 7.936480e-01 7.440000e-03 1.989120e-01
137 7.923920e-01 7.356000e-03 2.002520e-01
138 7.912000e-01 7.208000e-03 2.015920e-01
139 7.901040e-01 6.976000e-03 2.029200e-01
140 7.889440e-01 6.928000e-03 2.041280e-01
141 7.875760e-01 7.072000e-03 2.053520e-01
142 7.862520e-01 7.032000e-03 2.067160e-01
143 7.849440e-01 7.020000e-03 2.080360e-01
144 7.836360e-01 7.180000e-03 2.091840e-01
145 7.823680e-01 7.208000e-03 2.104240e-01
146 7.810800e-01 7.184000e-03 2.117360e-01
147 7.798920e-01 7.120000e-03 2.129880e-01
148 7.786600e-01 7.112000e-03 2.142280e-01
149 7.774440e-01 7.156000e-03 2.154000e-01
150 7.762600e-01 7.128000e-03 2.166120e-01
151 7.750200e-01 7.068000e-03 2.179120e-01
152 7.738720e-01 6.960000e-03 2.191680e-01
153 7.726640e-01 6.904000e-03 2.204320e-01
154 7.713920e-01 6.900000e-03 2.217080e-01
155 7.702640e-01 6.868000e-03 2.228680e-01
156 7.691520e-01 6.792000e-03 2.240560e-01
157 7.679760e-01 6.856000e-03 2.251680e-01
158 7.668440e-01 6.836000e-03 2.263200e-01
159 7.655880e-01 6.956000e-03 2.274560e-01
160 7.643280e-01 7.052000e-03 2.286200e-01
161 7.629480e-01 7.188000e-03 2.298640e-01
162 7.617440e-01 7.076000e-03 2.311800e-01
163 7.603920e-01 7.156000e-03 2.324520e-01
164 7.591560e-01 7.072000e-03 2.337720e-01
165 7.580400e-01 6.924000e-03 2.350360e-01
166 7.568160e-01 6.948000e-03 2.362360e-01
167 7.557520e-01 6.868000e-03 2.373800e-01
168 7.546880e-01 6.804000e-03 2.385080e-01
169 7.534600e-01 6.836000e-03 2.397040e-01
170 7.523560e-01 6.660000e-03 2.409840e-01
171 7.511520e-01 6.648000e-03 2.422000e-01
172 7.499720e-01 6.572000e-03 2.434560e-01
173 7.489600e-01 6.412000e-03 2.446280e-01
174 7.477800e-01 6.420000e-03 2.458000e-01
175 7.466320e-01 6.352000e-03 2.470160e-01
176 7.455440e-01 6.392000e-03 2.480640e-01
177 7.444280e-01 6.468000e-03 2.491040e-01
178 7.434000e-01 6.328000e-03 2.502720e-01
179 7.424360e-01 6.196000e-03 2.513680e-01
180 7.413480e-01 6.192000e-03 2.524600e-01
181 7.403360e-01 6.164000e-03 2.535000e-01
182 7.392360e-01 6.224000e-03 2.545400e-01
183 7.381280e-01 6.228000e-03 2.556440e-01
184 7.371320e-01 6.140000e-03 2.567280e-01
185 7.359720e-01 6.244000e-03 2.577840e-01
186 7.349160e-01 5.996000e-03 2.590880e-01
187 7.339680e-01 5.884000e-03 2.601480e-01
188 7.328640e-01 6.020000e-03 2.611160e-01
189 7.319000e-01 5.944000e-03 2.621560e-01
190 7.309800e-01 5.888000e-03 2.631320e-01
191 7.301320e-01 5.628000e-03 2.642400e-01
192 7.292800e-01 5.568000e-03 2.651520e-01
193 7.282840e-01 5.620000e-03 2.660960e-01
194 7.272720e-01 5.644000e-03 2.670840e-01
195 7.262600e-01 5.744000e-03 2.679960e-01
196 7.252040e-01 5.768000e-03 2.690280e-01
197 7.243160e-01 5.660000e-03 2.700240e-01
198 7.234040e-01 5.572000e-03 2.710240e-01
199 7.225120e-01 5.452000e-03 2.720360e-01
200 7.216440e-01 5.436000e-03 2.729200e-01
201 7.207080e-01 5.508000e-03 2.737840e-01
202 7.198440e-01 5.492000e-03 2.746640e-01
203 7.189760e-01 5.352000e-03 2.756720e-01
204 7.181680e-01 5.260000e-03 2.765720e-01
205 7.171720e-01 5.320000e-03 2.775080e-01
206 7.163480e-01 5.156000e-03 2.784960e-01
207 7.155600e-01 5.076000e-03 2.793640e-01
208 7.147080e-01 5.052000e-03 2.802400e-01
209 7.140120e-01 5.000000e-03 2.809880e-01
210 7.131760e-01 4.968000e-03 2.818560e-01
211 7.122920e-01 4.948000e-03 2.827600e-01
212 7.115600e-01 4.740000e-03 2.837000e-01
213 7.107880e-01 4.760000e-03 2.844520e-01
214 7.099720e-01 4.692000e-03 2.853360e-01
215 7.092640e-01 4.632000e-03 2.861040e-01
216 7.085360e-01 4.492000e-03 2.869720e-01
217 7.079120e-01 4.320000e-03 2.877680e-01
218 7.072200e-01 4.268000e-03 2.885120e-01
219 7.065120e-01 4.180000e-03 2.893080e-01
220 7.058520e-01 4.080000e-03 2.900680e-01
221 7.052480e-01 4.008000e-03 2.907440e-01
222 7.046160e-01 3.964000e-03 2.914200e-01
223 7.039360e-01 3.960000e-03 2.921040e-01
224 7.033920e-01 3.828000e-03 2.927800e-01
225 7.027520e-01 3.812000e-03 2.934360e-01
226 7.022160e-01 3.548000e-03 2.942360e-01
227 7.016760e-01 3.456000e-03 2.948680e-01
228 7.011600e-01 3.384000e-03 2.954560e-01
229 7.005720e-01 3.388000e-03 2.960400e-01
230 6.999200e-01 3.408000e-03 2.966720e-01
231 6.993040e-01 3.384000e-03 2.973120e-01
232 6.987440e-01 3.280000e-03 2.979760e-01
233 6.981960e-01 3.256000e-03 2.985480e-01
234 6.976400e-01 3.316000e-03 2.990440e-01
235 6.970840e-01 3.272000e-03 2.996440e-01
236 6.964760e-01 3.296000e-03 3.002280e-01
237 6.958480e-01 3.368000e-03 3.007840e-01
238 6.952640e-01 3.416000e-03 3.013200e-01
239 6.947480e-01 3.372000e-03 3.018800e-01
240 6.941800e-01 3.352000e-03 3.024680e-01
241 6.935880e-01 3.344000e-03 3.030680e-01
242 6.929440e-01 3.420000e-03 3.036360e-01
243 6.922920e-01 3.464000e-03 3.042440e-01
244 6.916160e-01 3.492000e-03 3.048920e-01
245 6.909440e-01 3.612000e-03 3.054440e-01
246 6.903280e-01 3.560000e-03 3.061120e-01
247 6.897440e-01 3.520000e-03 3.067360e-01
248 6.890760e-01 3.552000e-03 3.073720e-01
249 6.884240e-01 3.592000e-03 3.079840e-01
250 6.878520e-01 3.592000e-03 3.085560e-01
251 6.872480e-01 3.656000e-03 3.090960e-01
252 6.866040e-01 3.708000e-03 3.096880e-01
253 6.859520e-01 3.668000e-03 3.103800e-01
254 6.853880e-01 3.564000e-03 3.110480e-01
255 6.847560e-01 3.564000e-03 3.116800e-01
256 6.842360e-01 3.488000e-03 3.122760e-01
257 6.837280e-01 3.372000e-03 3.129000e-01
258 6.831280e-01 3.376000e-03 3.134960e-01
259 6.825400e-01 3.356000e-03 3.141040e-01
260 6.819720e-01 3.288000e-03 3.147400e-01
261 6.813880e-01 3.352000e-03 3.152600e-01
262 6.808160e-01 3.236000e-03 3.159480e-01
263 6.803160e-01 3.196000e-03 3.164880e-01
264 6.797400e-01 3.236000e-03 3.170240e-01
265 6.792520e-01 3.160000e-03 3.175880e-01
266 6.787040e-01 3.168000e-03 3.181280e-01
267 6.781840e-01 3.164000e-03 3.186520e-01
268 6.776000e-01 3.204000e-03 3.191960e-01
269 6.770280e-01 3.232000e-03 3.197400e-01
270 6.764560e-01 3.232000e-03 3.203120e-01
271 6.758960e-01 3.160000e-03 3.209440e-01
272 6.754760e-01 2.944000e-03 3.215800e-01
273 6.748800e-01 3.004000e-03 3.221160e-01
274 6.743160e-01 3.072000e-03 3.226120e-01
275 6.737440e-01 3.092000e-03 3.231640e-01
276 6.731520e-01 3.140000e-03 3.237080e-01
277 6.726200e-01 3.100000e-03 3.242800e-01
278 6.720800e-01 3.112000e-03 3.248080e-01
279 6.714640e-01 3.152000e-03 3.253840e-01
280 6.708160e-01 3.216000e-03 3.259680e-01
281 6.701800e-01 3.324000e-03 3.264960e-01
282 6.694680e-01 3.536000e-03 3.269960e-01
283 6.688160e-01 3.564000e-03 3.276200e-01
284 6.682640e-01 3.556000e-03 3.281800e-01
285 6.676240e-01 3.540000e-03 3.288360e-01
286 6.670080e-01 3.588000e-03 3.294040e-01
287 6.663440e-01 3.628000e-03 3.300280e-01
288 6.657080e-01 3.652000e-03 3.306400e-01
289 6.651280e-01 3.580000e-03 3.312920e-01
290 6.645240e-01 3.548000e-03 3.319280e-01
291 6.639960e-01 3.520000e-03 3.324840e-01
292 6.635000e-01 3.320000e-03 3.331800e-01
293 6.629320e-01 3.332000e-03 3.337360e-01
294 6.624360e-01 3.272000e-03 3.342920e-01
295 6.620040e-01 3.164000e-03 3.348320e-01
296 6.615160e-01 3.160000e-03 3.353240e-01
297 6.609280e-01 3.156000e-03 3.359160e-01
298 6.603400e-01 3.184000e-03 3.364760e-01
299 6.598040e-01 3.180000e-03 3.370160e-01
300 6.593480e-01 3.048000e-03 3.376040e-01
301 6.588960e-01 2.996000e-03 3.381080e-01
302 6.583800e-01 2.980000e-03 3.386400e-01
303 6.578960e-01 2.876000e-03 3.392280e-01
304 6.574600e-01 2.788000e-03 3.397520e-01
305 6.570640e-01 2.700000e-03 3.402360e-01
306 6.567240e-01 2.564000e-03 3.407120e-01
307 6.562320e-01 2.684000e-03 3.410840e-01
308 6.557160e-01 2.712000e-03 3.415720e-01
309 6.552240e-01 2.728000e-03 3.420480e-01
310 6.546280e-01 2.848000e-03 3.425240e-01
311 6.540840e-01 2.832000e-03 3.430840e-01
312 6.535320e-01 2.936000e-03 3.435320e-01
313 6.530120e-01 2.928000e-03 3.440600e-01
314 6.524120e-01 2.980000e-03 3.446080e-01
315 6.518840e-01 3.036000e-03 3.450800e-01
316 6.514680e-01 2.872000e-03 3.456600e-01
317 6.510320e-01 2.800000e-03 3.461680e-01
318 6.505760e-01 2.756000e-03 3.466680e-01
319 6.500800e-01 2.748000e-03 3.471720e-01
320 6.496200e-01 2.740000e-03 3.476400e-01
321 6.491760e-01 2.736000e-03 3.480880e-01
322 6.487120e-01 2.708000e-03 3.485800e-01
323 6.482480e-01 2.680000e-03 3.490720e-01
324 6.477920e-01 2.676000e-03 3.495320e-01
325 6.474480e-01 2.548000e-03 3.500040e-01
326 6.471440e-01 2.460000e-03 3.503960e-01
327 6.468080e-01 2.428000e-03 3.507640e-01
328 6.463960e-01 2.480000e-03 3.511240e-01
329 6.459640e-01 2.396000e-03 3.516400e-01
330 6.456040e-01 2.312000e-03 3.520840e-01
331 6.452280e-01 2.316000e-03 3.524560e-01
332 6.449000e-01 2.156000e-03 3.529440e-01
333 6.445280e-01 2.156000e-03 3.533160e-01
334 6.441720e-01 2.072000e-03 3.537560e-01
335 6.437800e-01 2.100000e-03 3.541200e-01
336 6.434200e-01 2.144000e-03 3.544360e-01
337 6.430040e-01 2.244000e-03 3.547520e-01
338 6.426160e-01 2.248000e-03 3.551360e-01
339 6.422280e-01 2.216000e-03 3.555560e-01
340 6.418000e-01 2.220000e-03 3.559800e-01
341 6.414640e-01 2.124000e-03 3.564120e-01
342 6.411440e-01 2.060000e-03 3.567960e-01
343 6.408320e-01 2.004000e-03 3.571640e-01
344 6.405000e-01 2.016000e-03 3.574840e-01
345 6.400960e-01 2.008000e-03 3.578960e-01
346 6.397520e-01 2.000000e-03 3.582480e-01
347 6.393800e-01 2.092000e-03 3.585280e-01
348 6.389760e-01 2.132000e-03 3.588920e-01
349 6.386800e-01 2.096000e-03 3.592240e-01
350 6.383480e-01 2.056000e-03 3.595960e-01
351 6.380440e-01 2.048000e-03 3.599080e-01
352 6.377120e-01 2.076000e-03 3.602120e-01
353 6.373400e-01 2.072000e-03 3.605880e-01
354 6.370160e-01 2.016000e-03 3.609680e-01
355 6.367120e-01 1.920000e-03 3.613680e-01
356 6.363920e-01 1.840000e-03 3.617680e-01
357 6.361160e-01 1.812000e-03 3.620720e-01
358 6.358080e-01 1.792000e-03 3.624000e-01
359 6.353440e-01 1.948000e-03 3.627080e-01
360 6.349200e-01 2.004000e-03 3.630760e-01
361 6.345120e-01 2.120000e-03 3.633680e-01
362 6.339920e-01 2.308000e-03 3.637000e-01
363 6.335240e-01 2.428000e-03 3.640480e-01
364 6.331040e-01 2.372000e-03 3.645240e-01
365 6.326480e-01 2.460000e-03 3.648920e-01
366 6.322000e-01 2.480000e-03 3.653200e-01
367 6.318080e-01 2.432000e-03 3.657600e-01
368 6.315160e-01 2.328000e-03 3.661560e-01
369 6.310800e-01 2.336000e-03 3.665840e-01
370 6.307160e-01 2.252000e-03 3.670320e-01
371 6.303560e-01 2.188000e-03 3.674560e-01
372 6.300120e-01 2.172000e-03 3.678160e-01
373 6.295800e-01 2.176000e-03 3.682440e-01
374 6.291680e-01 2.152000e-03 3.686800e-01
375 6.287520e-01 2.180000e-03 3.690680e-01
376 6.283680e-01 2.200000e-03 3.694320e-01
377 6.279280e-01 2.192000e-03 3.698800e-01
378 6.275480e-01 2.084000e-03 3.703680e-01
379 6.271280e-01 2.156000e-03 3.707160e-01
380 6.267000e-01 2.272000e-03 3.710280e-01
381 6.263240e-01 2.268000e-03 3.714080e-01
382 6.259000e-01 2.300000e-03 3.718000e-01
383 6.255120e-01 2.272000e-03 3.722160e-01
384 6.251560e-01 2.208000e-03 3.726360e-01
385 6.247320e-01 2.292000e-03 3.729760e-01
386 6.243880e-01 2.236000e-03 3.733760e-01
387 6.238880e-01 2.332000e-03 3.737800e-01
388 6.233920e-01 2.384000e-03 3.742240e-01
389 6.228320e-01 2.516000e-03 3.746520e-01
390 6.222960e-01 2.680000e-03 3.750240e-01
391 6.217560e-01 2.676000e-03 3.755680e-01
392 6.212400e-01 2.704000e-03 3.760560e-01
393 6.208080e-01 2.640000e-03 3.765520e-01
394 6.203280e-01 2.668000e-03 3.770040e-01
395 6.198440e-01 2.708000e-03 3.774480e-01
396 6.193840e-01 2.672000e-03 3.779440e-01
397 6.188960e-01 2.712000e-03 3.783920e-01
398 6.184840e-01 2.644000e-03 3.788720e-01
399 6.180040e-01 2.740000e-03 3.792560e-01
400 6.175840e-01 2.616000e-03 3.798000e-01
401 6.170840e-01 2.648000e-03 3.802680e-01
402 6.166960e-01 2.580000e-03 3.807240e-01
403 6.162800e-01 2.536000e-03 3.811840e-01
404 6.159160e-01 2.508000e-03 3.815760e-01
405 6.154680e-01 2.528000e-03 3.820040e-01
406 6.150840e-01 2.484000e-03 3.824320e-01
407 6.146560e-01 2.516000e-03 3.828280e-01
408 6.142400e-01 2.544000e-03 3.832160e-01
409 6.139080e-01 2.500000e-03 3.835920e-01
410 6.135120e-01 2.476000e-03 3.840120e-01
411 6.131080e-01 2.516000e-03 3.843760e-01
412 6.127480e-01 2.432000e-03 3.848200e-01
413 6.123560e-01 2.420000e-03 3.852240e-01
414 6.120360e-01 2.280000e-03 3.856840e-01
415 6.116920e-01 2.256000e-03 3.860520e-01
416 6.113000e-01 2.300000e-03 3.864000e-01
417 6.109240e-01 2.248000e-03 3.868280e-01
418 6.105880e-01 2.164000e-03 3.872480e-01
419 6.102680e-01 2.052000e-03 3.876800e-01
420 6.098600e-01 2.104000e-03 3.880360e-01
421 6.094280e-01 2.160000e-03 3.884120e-01
422 6.090520e-01 2.116000e-03 3.888320e-01
423 6.086880e-01 2.100000e-03 3.892120e-01
424 6.084200e-01 1.992000e-03 3.895880e-01
425 6.081600e-01 1.848000e-03 3.899920e-01
426 6.078680e-01 1.804000e-03 3.903280e-01
427 6.075880e-01 1.776000e-03 3.906360e-01
428 6.073160e-01 1.772000e-03 3.909120e-01
429 6.070960e-01 1.644000e-03 3.912600e-01
430 6.069200e-01 1.524000e-03 3.915560e-01
431 6.066640e-01 1.440000e-03 3.918960e-01
432 6.063880e-01 1.420000e-03 3.921920e-01
433 6.062120e-01 1.336000e-03 3.924520e-01
434 6.059920e-01 1.336000e-03 3.926720e-01
435 6.058360e-01 1.260000e-03 3.929040e-01
436 6.056560e-01 1.252000e-03 3.930920e-01
437 6.054520e-01 1.260000e-03 3.932880e-01
438 6.052120e-01 1.284000e-03 3.935040e-01
439 6.050280e-01 1.264000e-03 3.937080e-01
440 6.048200e-01 1.248000e-03 3.939320e-01
441 6.045960e-01 1.224000e-03 3.941800e-01
442 6.043200e-01 1.344000e-03 3.943360e-01
443 6.040320e-01 1.420000e-03 3.945480e-01
444 6.038120e-01 1.380000e-03 3.948080e-01
445 6.036160e-01 1.340000e-03 3.950440e-01
446 6.033560e-01 1.392000e-03 3.952520e-01
447 6.031440e-01 1.408000e-03 3.954480e-01
448 6.029840e-01 1.348000e-03 3.956680e-01
449 6.027880e-01 1.304000e-03 3.959080e-01
450 6.025680e-01 1.304000e-03 3.961280e-01
451 6.023800e-01 1.260000e-03 3.963600e-01
452 6.022120e-01 1.212000e-03 3.965760e-01
453 6.019960e-01 1.220000e-03 3.967840e-01
454 6.017720e-01 1.244000e-03 3.969840e-01
455 6.015480e-01 1.260000e-03 3.971920e-01
456 6.013400e-01 1.272000e-03 3.973880e-01
457 6.011440e-01 1.244000e-03 3.976120e-01
458 6.009880e-01 1.196000e-03 3.978160e-01
459 6.008480e-01 1.184000e-03 3.979680e-01
460 6.006920e-01 1.152000e-03 3.981560e-01
461 6.005000e-01 1.160000e-03 3.983400e-01
462 6.003000e-01 1.172000e-03 3.985280e-01
463 6.000880e-01 1.180000e-03 3.987320e-01
464 5.998640e-01 1.108000e-03 3.990280e-01
465 5.996280e-01 1.180000e-03 3.991920e-01
466 5.994480e-01 1.192000e-03 3.993600e-01
467 5.992520e-01 1.148000e-03 3.996000e-01
468 5.991400e-01 1.092000e-03 3.997680e-01
469 5.989960e-01 1.016000e-03 3.999880e-01
470 5.988120e-01 1.020000e-03 4.001680e-01
471 5.986640e-01 9.920000e-04 4.003440e-01
472 5.984920e-01 1.000000e-03 4.005080e-01
473 5.983360e-01 9.520000e-04 4.007120e-01
474 5.981640e-01 9.720000e-04 4.008640e-01
475 5.980080e-01 9.600000e-04 4.010320e-01
476 5.978920e-01 9.040000e-04 4.012040e-01
477 5.977480e-01 8.600000e-04 4.013920e-01
478 5.976040e-01 8.640000e-04 4.015320e-01
479 5.974160e-01 9.280000e-04 4.016560e-01
480 5.972880e-01 8.640000e-04 4.018480e-01
481 5.971840e-01 8.120000e-04 4.020040e-01
482 5.970760e-01 7.800000e-04 4.021440e-01
483 5.969520e-01 8.000000e-04 4.022480e-01
484 5.967960e-01 8.160000e-04 4.023880e-01
485 5.966720e-01 8.200000e-04 4.025080e-01
486 5.965280e-01 8.480000e-04 4.026240e-01
487 5.963880e-01 8.360000e-04 4.027760e-01
488 5.962360e-01 8.120000e-04 4.029520e-01
489 5.960720e-01 8.760000e-04 4.030520e-01
490 5.959720e-01 8.200000e-04 4.032080e-01
491 5.958320e-01 8.360000e-04 4.033320e-01
492 5.956640e-01 8.400000e-04 4.034960e-01
493 5.954960e-01 8.440000e-04 4.036600e-01
494 5.953440e-01 8.160000e-04 4.038400e-01
495 5.952600e-01 7.960000e-04 4.039440e-01
496 5.951720e-01 7.440000e-04 4.040840e-01
497 5.950720e-01 7.280000e-04 4.042000e-01
498 5.949360e-01 7.480000e-04 4.043160e-01
499 5.947880e-01 7.840000e-04 4.044280e-01
500 5.946000e-01 8.480000e-04 4.045520e-01
