1 9.992280e-01 6.800000e-04 9.200000e-05
2 9.987080e-01 1.064000e-03 2.280000e-04
3 9.980160e-01 1.524000e-03 4.600000e-04
4 9.972640e-01 1.996000e-03 7.400000e-04
5 9.963520e-01 2.492000e-03 1.156000e-03
6 9.953200e-01 3.068000e-03 1.612000e-03
7 9.942960e-01 3.536000e-03 2.168000e-03
8 9.932480e-01 3.976000e-03 2.776000e-03
9 9.922000e-01 4.268000e-03 3.532000e-03
10 9.911360e-01 4.528000e-03 4.336000e-03
11 9.900040e-01 4.904000e-03 5.092000e-03
12 9.889480e-01 5.012000e-03 6.040000e-03
13 9.879880e-01 5.068000e-03 6.944000e-03
14 9.869320e-01 5.288000e-03 7.780000e-03
15 9.857640e-01 5.440000e-03 8.796000e-03
16 9.847120e-01 5.504000e-03 9.784000e-03
17 9.835120e-01 5.724000e-03 1.076400e-02
18 9.823480e-01 5.956000e-03 1.169600e-02
19 9.811560e-01 6.200000e-03 1.264400e-02
20 9.798720e-01 6.352000e-03 1.377600e-02
21 9.785240e-01 6.628000e-03 1.484800e-02
22 9.771120e-01 6.812000e-03 1.607600e-02
23 9.757440e-01 7.052000e-03 1.720400e-02
24 9.743440e-01 7.184000e-03 1.847200e-02
25 9.730080e-01 7.228000e-03 1.976400e-02
26 9.716000e-01 7.352000e-03 2.104800e-02
27 9.702600e-01 7.484000e-03 2.225600e-02
28 9.689280e-01 7.492000e-03 2.358000e-02
29 9.675160e-01 7.596000e-03 2.488800e-02
30 9.661000e-01 7.612000e-03 2.628800e-02
31 9.646800e-01 7.664000e-03 2.765600e-02
32 9.632480e-01 7.732000e-03 2.902000e-02
33 9.618160e-01 7.740000e-03 3.044400e-02
34 9.602240e-01 7.932000e-03 3.184400e-02
35 9.585280e-01 8.292000e-03 3.318000e-02
36 9.569000e-01 8.416000e-03 3.468400e-02
37 9.551320e-01 8.632000e-03 3.623600e-02
38 9.537080e-01 8.536000e-03 3.775600e-02
39 9.519400e-01 8.764000e-03 3.929600e-02
40 9.503280e-01 8.832000e-03 4.084000e-02
41 9.485640e-01 9.000000e-03 4.243600e-02
42 9.468160e-01 9.296000e-03 4.388800e-02
43 9.451280e-01 9.296000e-03 4.557600e-02
44 9.433240e-01 9.512000e-03 4.716400e-02
45 9.414680e-01 9.696000e-03 4.883600e-02
46 9.396400e-01 9.704000e-03 5.065600e-02
47 9.377880e-01 9.828000e-03 5.238400e-02
48 9.360200e-01 9.900000e-03 5.408000e-02
49 9.341600e-01 9.944000e-03 5.589600e-02
50 9.324160e-01 9.764000e-03 5.782000e-02
51 9.305960e-01 9.868000e-03 5.953600e-02
52 9.289600e-01 9.920000e-03 6.112000e-02
53 9.272160e-01 9.900000e-03 6.288400e-02
54 9.255880e-01 9.704000e-03 6.470800e-02
55 9.237920e-01 9.752000e-03 6.645600e-02
56 9.220760e-01 9.804000e-03 6.812000e-02
57 9.200480e-01 1.012400e-02 6.982800e-02
58 9.179800e-01 1.034800e-02 7.167200e-02
59 9.161760e-01 1.041200e-02 7.341200e-02
60 9.144040e-01 1.036400e-02 7.523200e-02
61 9.127520e-01 1.008400e-02 7.716400e-02
62 9.109600e-01 1.011200e-02 7.892800e-02
63 9.092800e-01 9.920000e-03 8.080000e-02
64 9.076080e-01 9.812000e-03 8.258000e-02
65 9.058120e-01 9.776000e-03 8.441200e-02
66 9.041640e-01 9.600000e-03 8.623600e-02
67 9.024960e-01 9.684000e-03 8.782000e-02
68 9.008320e-01 9.628000e-03 8.954000e-02
69 8.992120e-01 9.552000e-03 9.123600e-02
70 8.974120e-01 9.624000e-03 9.296400e-02
71 8.956680e-01 9.628000e-03 9.470400e-02
72 8.937440e-01 9.912000e-03 9.634400e-02
73 8.918720e-01 1.001600e-02 9.811200e-02
74 8.900520e-01 1.002800e-02 9.992000e-02
75 8.881200e-01 1.025200e-02 1.016280e-01
76 8.863320e-01 1.034400e-02 1.033240e-01
77 8.844520e-01 1.036000e-02 1.051880e-01
78 8.827920e-01 1.036800e-02 1.068400e-01
79 8.810960e-01 1.021600e-02 1.086880e-01
80 8.794000e-01 9.932000e-03 1.106680e-01
81 8.777200e-01 9.908000e-03 1.123720e-01
82 8.760800e-01 9.964000e-03 1.139560e-01
83 8.743600e-01 9.984000e-03 1.156560e-01
84 8.727160e-01 9.888000e-03 1.173960e-01
85 8.710400e-01 9.848000e-03 1.191120e-01
86 8.692920e-01 9.796000e-03 1.209120e-01
87 8.675240e-01 9.640000e-03 1.228360e-01
88 8.659120e-01 9.580000e-03 1.245080e-01
89 8.639760e-01 9.940000e-03 1.260840e-01
90 8.621040e-01 9.908000e-03 1.279880e-01
91 8.603040e-01 9.972000e-03 1.297240e-01
92 8.584440e-01 1.011200e-02 1.314440e-01
93 8.566320e-01 9.976000e-03 1.333920e-01
94 8.548080e-01 1.014000e-02 1.350520e-01
95 8.531520e-01 1.014400e-02 1.367040e-01
96 8.511080e-01 1.039200e-02 1.385000e-01
97 8.493440e-01 1.034000e-02 1.403160e-01
98 8.475960e-01 1.038800e-02 1.420160e-01
99 8.456960e-01 1.032000e-02 1.439840e-01
100 8.439520e-01 1.020800e-02 1.458400e-01
101 8.421080e-01 1.015600e-02 1.477360e-01
102 8.402680e-01 1.026400e-02 1.494680e-01
103 8.384720e-01 1.038000e-02 1.511480e-01
104 8.366560e-01 1.044000e-02 1.529040e-01
105 8.346760e-01 1.063200e-02 1.546920e-01
106 8.328920e-01 1.047200e-02 1.566360e-01
107 8.311840e-01 1.034800e-02 1.584680e-01
108 8.293600e-01 1.036800e-02 1.602720e-01
109 8.276080e-01 1.038000e-02 1.620120e-01
110 8.257800e-01 1.042000e-02 1.638000e-01
111 8.239480e-01 1.043600e-02 1.656160e-01
112 8.222320e-01 1.035200e-02 1.674160e-01
113 8.206080e-01 1.025600e-02 1.691360e-01
114 8.188280e-01 1.024000e-02 1.709320e-01
115 8.169720e-01 1.014800e-02 1.728800e-01
116 8.152400e-01 1.007600e-02 1.746840e-01
117 8.136400e-01 1.002400e-02 1.763360e-01
118 8.121000e-01 9.788000e-03 1.781120e-01
119 8.103320e-01 9.796000e-03 1.798720e-01
120 8.086480e-01 9.812000e-03 1.815400e-01
121 8.069320e-01 9.748000e-03 1.833200e-01
122 8.053280e-01 9.592000e-03 1.850800e-01
123 8.037080e-01 9.636000e-03 1.866560e-01
124 8.020600e-01 9.496000e-03 1.884440e-01
125 8.004000e-01 9.432000e-03 1.901680e-01
126 7.986520e-01 9.472000e-03 1.918760e-01
127 7.969720e-01 9.476000e-03 1.935520e-01
128 7.951840e-01 9.568000e-03 1.952480e-01
129 7.936080e-01 9.496000e-03 1.968960e-01
130 7.919360e-01 9.544000e-03 1.985200e-01
131 7.902440e-01 9.568000e-03 2.001880e-01
132 7.885760e-01 9.624000e-03 2.018000e-01
133 7.869960e-01 9.572000e-03 2.034320e-01
134 7.854200e-01 9.500000e-03 2.050800e-01
135 7.837640e-01 9.524000e-03 2.067120e-01
136 7.821800e-01 9.380000e-03 2.084400e-01
137 7.805120e-01 9.400000e-03 2.100880e-01
138 7.789800e-01 9.204000e-03 2.118160e-01
139 7.773360e-01 9.240000e-03 2.134240e-01
140 7.758880e-01 9.132000e-03 2.149800e-01
141 7.744120e-01 9.116000e-03 2.164720e-01
142 7.726840e-01 9.208000e-03 2.181080e-01
143 7.712440e-01 9.068000e-03 2.196880e-01
144 7.699080e-01 8.828000e-03 2.212640e-01
145 7.684400e-01 8.868000e-03 2.226920e-01
146 7.670360e-01 8.696000e-03 2.242680e-01
147 7.656120e-01 8.620000e-03 2.257680e-01
148 7.642400e-01 8.460000e-03 2.273000e-01
149 7.628480e-01 8.172000e-03 2.289800e-01
150 7.615240e-01 8.108000e-03 2.303680e-01
151 7.603200e-01 7.920000e-03 2.317600e-01
152 7.589760e-01 7.844000e-03 2.331800e-01
153 7.574920e-01 8.036000e-03 2.344720e-01
154 7.561480e-01 8.000000e-03 2.358520e-01
155 7.548160e-01 8.064000e-03 2.371200e-01
156 7.534640e-01 7.928000e-03 2.386080e-01
157 7.521760e-01 7.900000e-03 2.399240e-01
158 7.509040e-01 7.712000e-03 2.413840e-01
159 7.497120e-01 7.496000e-03 2.427920e-01
160 7.484280e-01 7.472000e-03 2.441000e-01
161 7.472520e-01 7.384000e-03 2.453640e-01
162 7.459760e-01 7.240000e-03 2.467840e-01
163 7.447240e-01 7.212000e-03 2.480640e-01
164 7.433640e-01 7.288000e-03 2.493480e-01
165 7.419360e-01 7.520000e-03 2.505440e-01
166 7.406600e-01 7.544000e-03 2.517960e-01
167 7.393840e-01 7.392000e-03 2.532240e-01
168 7.380600e-01 7.516000e-03 2.544240e-01
169 7.369480e-01 7.316000e-03 2.557360e-01
170 7.357440e-01 7.176000e-03 2.570800e-01
171 7.346320e-01 6.980000e-03 2.583880e-01
172 7.335040e-01 6.908000e-03 2.595880e-01
173 7.324040e-01 6.692000e-03 2.609040e-01
174 7.313000e-01 6.592000e-03 2.621080e-01
175 7.301400e-01 6.568000e-03 2.632920e-01
176 7.289240e-01 6.612000e-03 2.644640e-01
177 7.277920e-01 6.672000e-03 2.655360e-01
178 7.265880e-01 6.688000e-03 2.667240e-01
179 7.253880e-01 6.780000e-03 2.678320e-01
180 7.241720e-01 6.756000e-03 2.690720e-01
181 7.230600e-01 6.620000e-03 2.703200e-01
182 7.219640e-01 6.508000e-03 2.715280e-01
183 7.207920e-01 6.504000e-03 2.727040e-01
184 7.196200e-01 6.572000e-03 2.738080e-01
185 7.184680e-01 6.652000e-03 2.748800e-01
186 7.173000e-01 6.656000e-03 2.760440e-01
187 7.160840e-01 6.780000e-03 2.771360e-01
188 7.148280e-01 6.828000e-03 2.783440e-01
189 7.135240e-01 6.920000e-03 2.795560e-01
190 7.123920e-01 6.920000e-03 2.806880e-01
191 7.111840e-01 6.888000e-03 2.819280e-01
192 7.099920e-01 6.896000e-03 2.831120e-01
193 7.088120e-01 6.800000e-03 2.843880e-01
194 7.075880e-01 6.772000e-03 2.856400e-01
195 7.063200e-01 6.920000e-03 2.867600e-01
196 7.049480e-01 7.024000e-03 2.880280e-01
197 7.038040e-01 6.864000e-03 2.893320e-01
198 7.026280e-01 6.900000e-03 2.904720e-01
199 7.013680e-01 6.992000e-03 2.916400e-01
200 7.001360e-01 6.972000e-03 2.928920e-01
201 6.990440e-01 6.840000e-03 2.941160e-01
202 6.977000e-01 6.920000e-03 2.953800e-01
203 6.964480e-01 6.908000e-03 2.966440e-01
204 6.953280e-01 6.812000e-03 2.978600e-01
205 6.941920e-01 6.612000e-03 2.991960e-01
206 6.929560e-01 6.860000e-03 3.001840e-01
207 6.917040e-01 6.856000e-03 3.014400e-01
208 6.905120e-01 6.892000e-03 3.025960e-01
209 6.893240e-01 6.956000e-03 3.037200e-01
210 6.882400e-01 6.712000e-03 3.050480e-01
211 6.871560e-01 6.720000e-03 3.061240e-01
212 6.859120e-01 6.776000e-03 3.073120e-01
213 6.847200e-01 6.884000e-03 3.083960e-01
214 6.835160e-01 6.984000e-03 3.095000e-01
215 6.823760e-01 6.848000e-03 3.107760e-01
216 6.812480e-01 6.844000e-03 3.119080e-01
217 6.799960e-01 6.876000e-03 3.131280e-01
218 6.788560e-01 6.836000e-03 3.143080e-01
219 6.776800e-01 6.752000e-03 3.155680e-01
220 6.766880e-01 6.656000e-03 3.166560e-01
221 6.753720e-01 6.808000e-03 3.178200e-01
222 6.740920e-01 6.904000e-03 3.190040e-01
223 6.729240e-01 6.812000e-03 3.202640e-01
224 6.717160e-01 6.776000e-03 3.215080e-01
225 6.704680e-01 6.904000e-03 3.226280e-01
226 6.693720e-01 6.788000e-03 3.238400e-01
227 6.682000e-01 6.788000e-03 3.250120e-01
228 6.668760e-01 6.924000e-03 3.262000e-01
229 6.657120e-01 6.944000e-03 3.273440e-01
230 6.644800e-01 6.904000e-03 3.286160e-01
231 6.631840e-01 7.040000e-03 3.297760e-01
232 6.619760e-01 6.912000e-03 3.311120e-01
233 6.607000e-01 6.920000e-03 3.323800e-01
234 6.594720e-01 6.996000e-03 3.335320e-01
235 6.582600e-01 7.068000e-03 3.346720e-01
236 6.569880e-01 7.128000e-03 3.358840e-01
237 6.558640e-01 6.952000e-03 3.371840e-01
238 6.546400e-01 6.996000e-03 3.383640e-01
239 6.535480e-01 6.828000e-03 3.396240e-01
240 6.525120e-01 6.712000e-03 3.407760e-01
241 6.514840e-01 6.644000e-03 3.418720e-01
242 6.504360e-01 6.440000e-03 3.431240e-01
243 6.493640e-01 6.492000e-03 3.441440e-01
244 6.481560e-01 6.568000e-03 3.452760e-01
245 6.471120e-01 6.476000e-03 3.464120e-01
246 6.461360e-01 6.332000e-03 3.475320e-01
247 6.451760e-01 6.280000e-03 3.485440e-01
248 6.442720e-01 6.076000e-03 3.496520e-01
249 6.433120e-01 6.028000e-03 3.506600e-01
250 6.422880e-01 6.088000e-03 3.516240e-01
251 6.410880e-01 6.228000e-03 3.526840e-01
252 6.400600e-01 6.172000e-03 3.537680e-01
253 6.388960e-01 6.280000e-03 3.548240e-01
254 6.379000e-01 6.208000e-03 3.558920e-01
255 6.368720e-01 6.048000e-03 3.570800e-01
256 6.358320e-01 5.976000e-03 3.581920e-01
257 6.347440e-01 6.012000e-03 3.592440e-01
258 6.337840e-01 5.872000e-03 3.603440e-01
259 6.328440e-01 5.768000e-03 3.613880e-01
260 6.318040e-01 5.768000e-03 3.624280e-01
261 6.308920e-01 5.620000e-03 3.634880e-01
262 6.299280e-01 5.676000e-03 3.643960e-01
263 6.289440e-01 5.672000e-03 3.653840e-01
264 6.280000e-01 5.608000e-03 3.663920e-01
265 6.268800e-01 5.708000e-03 3.674120e-01
266 6.259680e-01 5.660000e-03 3.683720e-01
267 6.250120e-01 5.644000e-03 3.693440e-01
268 6.241600e-01 5.596000e-03 3.702440e-01
269 6.232840e-01 5.540000e-03 3.711760e-01
270 6.223720e-01 5.524000e-03 3.721040e-01
271 6.215640e-01 5.304000e-03 3.731320e-01
272 6.206080e-01 5.328000e-03 3.740640e-01
273 6.197080e-01 5.336000e-03 3.749560e-01
274 6.188800e-01 5.292000e-03 3.758280e-01
275 6.180680e-01 5.268000e-03 3.766640e-01
276 6.173400e-01 5.040000e-03 3.776200e-01
277 6.165120e-01 4.980000e-03 3.785080e-01
278 6.157360e-01 4.836000e-03 3.794280e-01
279 6.149200e-01 4.828000e-03 3.802520e-01
280 6.140720e-01 4.868000e-03 3.810600e-01
281 6.131920e-01 4.900000e-03 3.819080e-01
282 6.122880e-01 4.888000e-03 3.828240e-01
283 6.115000e-01 4.860000e-03 3.836400e-01
284 6.106120e-01 4.864000e-03 3.845240e-01
285 6.098400e-01 4.800000e-03 3.853600e-01
286 6.090760e-01 4.728000e-03 3.861960e-01
287 6.082360e-01 4.688000e-03 3.870760e-01
288 6.074040e-01 4.692000e-03 3.879040e-01
289 6.066720e-01 4.668000e-03 3.886600e-01
290 6.059160e-01 4.636000e-03 3.894480e-01
291 6.052120e-01 4.476000e-03 3.903120e-01
292 6.044840e-01 4.472000e-03 3.910440e-01
293 6.037560e-01 4.336000e-03 3.919080e-01
294 6.029720e-01 4.288000e-03 3.927400e-01
295 6.021840e-01 4.336000e-03 3.934800e-01
296 6.014160e-01 4.304000e-03 3.942800e-01
297 6.007960e-01 4.196000e-03 3.950080e-01
298 6.001560e-01 4.160000e-03 3.956840e-01
299 5.994280e-01 4.224000e-03 3.963480e-01
300 5.988360e-01 4.140000e-03 3.970240e-01
301 5.981040e-01 4.124000e-03 3.977720e-01
302 5.974240e-01 4.032000e-03 3.985440e-01
303 5.968640e-01 3.820000e-03 3.993160e-01
304 5.962560e-01 3.788000e-03 3.999560e-01
305 5.956240e-01 3.756000e-03 4.006200e-01
306 5.949200e-01 3.816000e-03 4.012640e-01
307 5.941760e-01 3.912000e-03 4.019120e-01
308 5.935400e-01 3.892000e-03 4.025680e-01
309 5.927920e-01 4.000000e-03 4.032080e-01
310 5.920440e-01 4.056000e-03 4.039000e-01
311 5.913000e-01 4.048000e-03 4.046520e-01
312 5.906480e-01 4.092000e-03 4.052600e-01
313 5.898760e-01 4.092000e-03 4.060320e-01
314 5.892400e-01 4.048000e-03 4.067120e-01
315 5.885960e-01 3.952000e-03 4.074520e-01
316 5.880200e-01 3.856000e-03 4.081240e-01
317 5.873600e-01 3.840000e-03 4.088000e-01
318 5.867000e-01 3.792000e-03 4.095080e-01
319 5.860680e-01 3.852000e-03 4.100800e-01
320 5.855480e-01 3.740000e-03 4.107120e-01
321 5.850360e-01 3.604000e-03 4.113600e-01
322 5.845320e-01 3.460000e-03 4.120080e-01
323 5.840240e-01 3.364000e-03 4.126120e-01
324 5.835280e-01 3.252000e-03 4.132200e-01
325 5.830240e-01 3.260000e-03 4.137160e-01
326 5.825040e-01 3.260000e-03 4.142360e-01
327 5.819800e-01 3.200000e-03 4.148200e-01
328 5.815480e-01 3.040000e-03 4.154120e-01
329 5.811080e-01 2.956000e-03 4.159360e-01
330 5.806520e-01 2.952000e-03 4.163960e-01
331 5.802720e-01 2.884000e-03 4.168440e-01
332 5.797640e-01 2.864000e-03 4.173720e-01
333 5.792880e-01 2.852000e-03 4.178600e-01
334 5.787960e-01 2.808000e-03 4.183960e-01
335 5.783200e-01 2.820000e-03 4.188600e-01
336 5.778000e-01 2.880000e-03 4.193200e-01
337 5.771640e-01 2.960000e-03 4.198760e-01
338 5.766880e-01 2.884000e-03 4.204280e-01
339 5.761240e-01 3.012000e-03 4.208640e-01
340 5.756000e-01 3.064000e-03 4.213360e-01
341 5.750240e-01 3.128000e-03 4.218480e-01
342 5.744080e-01 3.144000e-03 4.224480e-01
343 5.738160e-01 3.228000e-03 4.229560e-01
344 5.732040e-01 3.212000e-03 4.235840e-01
345 5.725960e-01 3.348000e-03 4.240560e-01
346 5.719720e-01 3.340000e-03 4.246880e-01
347 5.713720e-01 3.328000e-03 4.253000e-01
348 5.708120e-01 3.276000e-03 4.259120e-01
349 5.701320e-01 3.388000e-03 4.264800e-01
350 5.695280e-01 3.404000e-03 4.270680e-01
351 5.690120e-01 3.336000e-03 4.276520e-01
352 5.684040e-01 3.340000e-03 4.282560e-01
353 5.678680e-01 3.340000e-03 4.287920e-01
354 5.673080e-01 3.380000e-03 4.293120e-01
355 5.667840e-01 3.340000e-03 4.298760e-01
356 5.661520e-01 3.360000e-03 4.304880e-01
357 5.655840e-01 3.428000e-03 4.309880e-01
358 5.650000e-01 3.388000e-03 4.316120e-01
359 5.645040e-01 3.304000e-03 4.321920e-01
360 5.640440e-01 3.204000e-03 4.327520e-01
361 5.635280e-01 3.060000e-03 4.334120e-01
362 5.631000e-01 3.012000e-03 4.338880e-01
363 5.626440e-01 2.980000e-03 4.343760e-01
364 5.622120e-01 2.916000e-03 4.348720e-01
365 5.618240e-01 2.788000e-03 4.353880e-01
366 5.613840e-01 2.748000e-03 4.358680e-01
367 5.608240e-01 2.748000e-03 4.364280e-01
368 5.603120e-01 2.796000e-03 4.368920e-01
369 5.599040e-01 2.716000e-03 4.373800e-01
370 5.594560e-01 2.744000e-03 4.378000e-01
371 5.590080e-01 2.804000e-03 4.381880e-01
372 5.586160e-01 2.768000e-03 4.386160e-01
373 5.582560e-01 2.616000e-03 4.391280e-01
374 5.578560e-01 2.600000e-03 4.395440e-01
375 5.574640e-01 2.584000e-03 4.399520e-01
376 5.570400e-01 2.540000e-03 4.404200e-01
377 5.565800e-01 2.576000e-03 4.408440e-01
378 5.561600e-01 2.520000e-03 4.413200e-01
379 5.556880e-01 2.496000e-03 4.418160e-01
380 5.553480e-01 2.392000e-03 4.422600e-01
381 5.550000e-01 2.324000e-03 4.426760e-01
382 5.545760e-01 2.328000e-03 4.430960e-01
383 5.541840e-01 2.324000e-03 4.434920e-01
384 5.537240e-01 2.356000e-03 4.439200e-01
385 5.533040e-01 2.308000e-03 4.443880e-01
386 5.529280e-01 2.228000e-03 4.448440e-01
387 5.526360e-01 2.164000e-03 4.452000e-01
388 5.522680e-01 2.208000e-03 4.455240e-01
389 5.519480e-01 2.148000e-03 4.459040e-01
390 5.515960e-01 2.084000e-03 4.463200e-01
391 5.512280e-01 2.100000e-03 4.466720e-01
392 5.509600e-01 2.028000e-03 4.470120e-01
393 5.506800e-01 1.976000e-03 4.473440e-01
394 5.503920e-01 1.928000e-03 4.476800e-01
395 5.500200e-01 1.940000e-03 4.480400e-01
396 5.496840e-01 1.876000e-03 4.484400e-01
397 5.493800e-01 1.832000e-03 4.487880e-01
398 5.490560e-01 1.784000e-03 4.491600e-01
399 5.488080e-01 1.752000e-03 4.494400e-01
400 5.484680e-01 1.764000e-03 4.497680e-01
401 5.481360e-01 1.776000e-03 4.500880e-01
402 5.479280e-01 1.628000e-03 4.504440e-01
403 5.476920e-01 1.596000e-03 4.507120e-01
404 5.474520e-01 1.552000e-03 4.509960e-01
405 5.472120e-01 1.536000e-03 4.512520e-01
406 5.469920e-01 1.536000e-03 4.514720e-01
407 5.467360e-01 1.576000e-03 4.516880e-01
408 5.465680e-01 1.428000e-03 4.520040e-01
409 5.463240e-01 1.464000e-03 4.522120e-01
410 5.461280e-01 1.436000e-03 4.524360e-01
411 5.458760e-01 1.392000e-03 4.527320e-01
412 5.456000e-01 1.412000e-03 4.529880e-01
413 5.453680e-01 1.404000e-03 4.532280e-01
414 5.451360e-01 1.364000e-03 4.535000e-01
415 5.449120e-01 1.320000e-03 4.537680e-01
416 5.446400e-01 1.300000e-03 4.540600e-01
417 5.444280e-01 1.328000e-03 4.542440e-01
418 5.442240e-01 1.296000e-03 4.544800e-01
419 5.439600e-01 1.368000e-03 4.546720e-01
420 5.437360e-01 1.344000e-03 4.549200e-01
421 5.434600e-01 1.420000e-03 4.551200e-01
422 5.432520e-01 1.328000e-03 4.554200e-01
423 5.429920e-01 1.364000e-03 4.556440e-01
424 5.427720e-01 1.316000e-03 4.559120e-01
425 5.425920e-01 1.260000e-03 4.561480e-01
426 5.423360e-01 1.300000e-03 4.563640e-01
427 5.421400e-01 1.252000e-03 4.566080e-01
428 5.419280e-01 1.252000e-03 4.568200e-01
429 5.417000e-01 1.236000e-03 4.570640e-01
430 5.415280e-01 1.196000e-03 4.572760e-01
431 5.413280e-01 1.180000e-03 4.574920e-01
432 5.411560e-01 1.168000e-03 4.576760e-01
433 5.409200e-01 1.220000e-03 4.578600e-01
434 5.407720e-01 1.172000e-03 4.580560e-01
435 5.406160e-01 1.148000e-03 4.582360e-01
436 5.404800e-01 1.068000e-03 4.584520e-01
437 5.403480e-01 1.040000e-03 4.586120e-01
438 5.401960e-01 1.008000e-03 4.587960e-01
439 5.400520e-01 1.028000e-03 4.589200e-01
440 5.398960e-01 9.840000e-04 4.591200e-01
441 5.397560e-01 9.840000e-04 4.592600e-01
442 5.396360e-01 8.920000e-04 4.594720e-01
443 5.394640e-01 9.200000e-04 4.596160e-01
444 5.392960e-01 9.280000e-04 4.597760e-01
445 5.391480e-01 8.760000e-04 4.599760e-01
446 5.390000e-01 8.920000e-04 4.601080e-01
447 5.388880e-01 8.240000e-04 4.602880e-01
448 5.387760e-01 7.920000e-04 4.604320e-01
449 5.386440e-01 7.640000e-04 4.605920e-01
450 5.385160e-01 7.960000e-04 4.606880e-01
451 5.383600e-01 8.280000e-04 4.608120e-01
452 5.382160e-01 8.240000e-04 4.609600e-01
453 5.380800e-01 8.000000e-04 4.611200e-01
454 5.379920e-01 7.480000e-04 4.612600e-01
455 5.379200e-01 7.200000e-04 4.613600e-01
456 5.377880e-01 7.080000e-04 4.615040e-01
457 5.377040e-01 6.640000e-04 4.616320e-01
458 5.376040e-01 6.560000e-04 4.617400e-01
459 5.375400e-01 6.080000e-04 4.618520e-01
460 5.374080e-01 6.280000e-04 4.619640e-01
461 5.372640e-01 6.640000e-04 4.620720e-01
462 5.371880e-01 6.160000e-04 4.621960e-01
463 5.370840e-01 6.200000e-04 4.622960e-01
464 5.369600e-01 6.400000e-04 4.624000e-01
465 5.368360e-01 6.680000e-04 4.624960e-01
466 5.367600e-01 6.400000e-04 4.626000e-01
467 5.366480e-01 6.160000e-04 4.627360e-01
468 5.365400e-01 6.080000e-04 4.628520e-01
469 5.364600e-01 5.640000e-04 4.629760e-01
470 5.363280e-01 6.080000e-04 4.630640e-01
471 5.362080e-01 5.920000e-04 4.632000e-01
472 5.361040e-01 6.080000e-04 4.632880e-01
473 5.360120e-01 6.000000e-04 4.633880e-01
474 5.359280e-01 6.000000e-04 4.634720e-01
475 5.358600e-01 5.480000e-04 4.635920e-01
476 5.357680e-01 5.200000e-04 4.637120e-01
477 5.356920e-01 5.080000e-04 4.638000e-01
478 5.356240e-01 4.840000e-04 4.638920e-01
479 5.355320e-01 5.320000e-04 4.639360e-01
480 5.354880e-01 5.120000e-04 4.640000e-01
481 5.353960e-01 4.960000e-04 4.641080e-01
482 5.353600e-01 4.360000e-04 4.642040e-01
483 5.352920e-01 4.280000e-04 4.642800e-01
484 5.352560e-01 3.960000e-04 4.643480e-01
485 5.351920e-01 3.720000e-04 4.644360e-01
486 5.351400e-01 3.800000e-04 4.644800e-01
487 5.351000e-01 3.560000e-04 4.645440e-01
488 5.350640e-01 3.320000e-04 4.646040e-01
489 5.350280e-01 3.000000e-04 4.646720e-01
490 5.349720e-01 2.720000e-04 4.647560e-01
491 5.349440e-01 2.560000e-04 4.648000e-01
492 5.348880e-01 2.520000e-04 4.648600e-01
493 5.348120e-01 2.600000e-04 4.649280e-01
494 5.347560e-01 2.680000e-04 4.649760e-01
495 5.347240e-01 2.640000e-04 4.650120e-01
496 5.346800e-01 2.760000e-04 4.650440e-01
497 5.346240e-01 2.640000e-04 4.651120e-01
498 5.345920e-01 2.280000e-04 4.651800e-01
499 5.345480e-01 2.560000e-04 4.651960e-01
500 5.345160e-01 2.320000e-04 4.652520e-01
