1 9.993320e-01 5.720000e-04 9.600000e-05
2 9.989080e-01 8.760000e-04 2.160000e-04
3 9.983760e-01 1.204000e-03 4.200000e-04
4 9.978120e-01 1.584000e-03 6.040000e-04
5 9.971400e-01 1.892000e-03 9.680000e-04
6 9.965360e-01 2.128000e-03 1.336000e-03
7 9.957880e-01 2.504000e-03 1.708000e-03
8 9.949800e-01 2.860000e-03 2.160000e-03
9 9.940320e-01 3.288000e-03 2.680000e-03
10 9.931400e-01 3.672000e-03 3.188000e-03
11 9.921920e-01 3.932000e-03 3.876000e-03
12 9.913240e-01 4.084000e-03 4.592000e-03
13 9.903240e-01 4.424000e-03 5.252000e-03
14 9.893080e-01 4.580000e-03 6.112000e-03
15 9.883240e-01 4.772000e-03 6.904000e-03
16 9.873280e-01 4.784000e-03 7.888000e-03
17 9.862560e-01 4.932000e-03 8.812000e-03
18 9.853120e-01 5.072000e-03 9.616000e-03
19 9.840120e-01 5.516000e-03 1.047200e-02
20 9.828680e-01 5.736000e-03 1.139600e-02
21 9.818240e-01 5.868000e-03 1.230800e-02
22 9.805040e-01 6.148000e-03 1.334800e-02
23 9.793560e-01 6.176000e-03 1.446800e-02
24 9.780680e-01 6.296000e-03 1.563600e-02
25 9.766560e-01 6.544000e-03 1.680000e-02
26 9.754400e-01 6.500000e-03 1.806000e-02
27 9.742320e-01 6.552000e-03 1.921600e-02
28 9.729560e-01 6.668000e-03 2.037600e-02
29 9.717040e-01 6.752000e-03 2.154400e-02
30 9.704280e-01 6.820000e-03 2.275200e-02
31 9.691840e-01 6.888000e-03 2.392800e-02
32 9.679520e-01 7.008000e-03 2.504000e-02
33 9.666520e-01 7.012000e-03 2.633600e-02
34 9.652040e-01 7.376000e-03 2.742000e-02
35 9.638080e-01 7.452000e-03 2.874000e-02
36 9.624200e-01 7.548000e-03 3.003200e-02
37 9.608840e-01 7.688000e-03 3.142800e-02
38 9.593480e-01 7.884000e-03 3.276800e-02
39 9.578120e-01 8.052000e-03 3.413600e-02
40 9.563720e-01 8.028000e-03 3.560000e-02
41 9.549440e-01 7.948000e-03 3.710800e-02
42 9.533360e-01 8.192000e-03 3.847200e-02
43 9.518760e-01 8.156000e-03 3.996800e-02
44 9.503000e-01 8.280000e-03 4.142000e-02
45 9.487480e-01 8.420000e-03 4.283200e-02
46 9.471320e-01 8.576000e-03 4.429200e-02
47 9.453960e-01 8.748000e-03 4.585600e-02
48 9.438080e-01 8.884000e-03 4.730800e-02
49 9.421120e-01 9.116000e-03 4.877200e-02
50 9.404880e-01 9.128000e-03 5.038400e-02
51 9.389320e-01 9.084000e-03 5.198400e-02
52 9.372760e-01 9.248000e-03 5.347600e-02
53 9.356720e-01 9.276000e-03 5.505200e-02
54 9.341000e-01 9.280000e-03 5.662000e-02
55 9.325280e-01 9.244000e-03 5.822800e-02
56 9.308720e-01 9.352000e-03 5.977600e-02
57 9.291640e-01 9.440000e-03 6.139600e-02
58 9.274160e-01 9.508000e-03 6.307600e-02
59 9.257560e-01 9.412000e-03 6.483200e-02
60 9.242160e-01 9.264000e-03 6.652000e-02
61 9.226560e-01 9.164000e-03 6.818000e-02
62 9.212800e-01 8.812000e-03 6.990800e-02
63 9.198840e-01 8.668000e-03 7.144800e-02
64 9.184400e-01 8.568000e-03 7.299200e-02
65 9.168240e-01 8.636000e-03 7.454000e-02
66 9.153240e-01 8.596000e-03 7.608000e-02
67 9.138760e-01 8.560000e-03 7.756400e-02
68 9.124640e-01 8.452000e-03 7.908400e-02
69 9.108560e-01 8.544000e-03 8.060000e-02
70 9.093080e-01 8.480000e-03 8.221200e-02
71 9.078280e-01 8.472000e-03 8.370000e-02
72 9.063440e-01 8.448000e-03 8.520800e-02
73 9.047080e-01 8.532000e-03 8.676000e-02
74 9.031360e-01 8.536000e-03 8.832800e-02
75 9.016840e-01 8.520000e-03 8.979600e-02
76 9.001480e-01 8.456000e-03 9.139600e-02
77 8.984560e-01 8.724000e-03 9.282000e-02
78 8.969720e-01 8.756000e-03 9.427200e-02
79 8.954720e-01 8.688000e-03 9.584000e-02
80 8.940600e-01 8.584000e-03 9.735600e-02
81 8.926040e-01 8.512000e-03 9.888400e-02
82 8.909400e-01 8.720000e-03 1.003400e-01
83 8.895160e-01 8.560000e-03 1.019240e-01
84 8.880400e-01 8.364000e-03 1.035960e-01
85 8.866800e-01 8.184000e-03 1.051360e-01
86 8.853920e-01 8.024000e-03 1.065840e-01
87 8.840840e-01 8.040000e-03 1.078760e-01
88 8.826000e-01 8.032000e-03 1.093680e-01
89 8.812320e-01 8.060000e-03 1.107080e-01
90 8.798120e-01 8.132000e-03 1.120560e-01
91 8.782600e-01 8.348000e-03 1.133920e-01
92 8.766480e-01 8.448000e-03 1.149040e-01
93 8.752040e-01 8.376000e-03 1.164200e-01
94 8.738520e-01 8.224000e-03 1.179240e-01
95 8.723680e-01 8.236000e-03 1.193960e-01
96 8.709200e-01 8.356000e-03 1.207240e-01
97 8.696200e-01 8.252000e-03 1.221280e-01
98 8.680880e-01 8.352000e-03 1.235600e-01
99 8.666160e-01 8.240000e-03 1.251440e-01
100 8.650080e-01 8.400000e-03 1.265920e-01
101 8.634520e-01 8.400000e-03 1.281480e-01
102 8.619440e-01 8.432000e-03 1.296240e-01
103 8.604840e-01 8.528000e-03 1.309880e-01
104 8.590280e-01 8.524000e-03 1.324480e-01
105 8.575720e-01 8.284000e-03 1.341440e-01
106 8.560400e-01 8.340000e-03 1.356200e-01
107 8.544280e-01 8.436000e-03 1.371360e-01
108 8.528840e-01 8.380000e-03 1.387360e-01
109 8.512760e-01 8.456000e-03 1.402680e-01
110 8.496520e-01 8.532000e-03 1.418160e-01
111 8.483160e-01 8.348000e-03 1.433360e-01
112 8.469520e-01 8.392000e-03 1.446560e-01
113 8.456480e-01 8.168000e-03 1.461840e-01
114 8.442120e-01 8.092000e-03 1.476960e-01
115 8.427000e-01 8.248000e-03 1.490520e-01
116 8.412080e-01 8.184000e-03 1.506080e-01
117 8.398200e-01 8.228000e-03 1.519520e-01
118 8.382800e-01 8.220000e-03 1.535000e-01
119 8.369120e-01 8.084000e-03 1.550040e-01
120 8.354200e-01 8.192000e-03 1.563880e-01
121 8.339280e-01 8.256000e-03 1.578160e-01
122 8.325280e-01 8.204000e-03 1.592680e-01
123 8.310840e-01 8.176000e-03 1.607400e-01
124 8.295240e-01 8.356000e-03 1.621200e-01
125 8.279760e-01 8.412000e-03 1.636120e-01
126 8.264920e-01 8.504000e-03 1.650040e-01
127 8.248840e-01 8.768000e-03 1.663480e-01
128 8.233200e-01 8.776000e-03 1.679040e-01
129 8.219360e-01 8.532000e-03 1.695320e-01
130 8.204920e-01 8.524000e-03 1.709840e-01
131 8.190720e-01 8.620000e-03 1.723080e-01
132 8.176560e-01 8.576000e-03 1.737680e-01
133 8.162080e-01 8.504000e-03 1.752880e-01
134 8.146760e-01 8.460000e-03 1.768640e-01
135 8.132800e-01 8.440000e-03 1.782800e-01
136 8.118920e-01 8.296000e-03 1.798120e-01
137 8.104640e-01 8.308000e-03 1.812280e-01
138 8.093280e-01 7.828000e-03 1.828440e-01
139 8.080520e-01 7.744000e-03 1.842040e-01
140 8.068320e-01 7.576000e-03 1.855920e-01
141 8.054360e-01 7.712000e-03 1.868520e-01
142 8.038960e-01 7.864000e-03 1.882400e-01
143 8.025560e-01 7.736000e-03 1.897080e-01
144 8.013480e-01 7.644000e-03 1.910080e-01
145 7.999440e-01 7.656000e-03 1.924000e-01
146 7.986600e-01 7.600000e-03 1.937400e-01
147 7.973360e-01 7.612000e-03 1.950520e-01
148 7.961000e-01 7.440000e-03 1.964600e-01
149 7.948520e-01 7.508000e-03 1.976400e-01
150 7.935920e-01 7.468000e-03 1.989400e-01
151 7.923560e-01 7.488000e-03 2.001560e-01
152 7.911840e-01 7.368000e-03 2.014480e-01
153 7.899800e-01 7.260000e-03 2.027600e-01
154 7.888400e-01 7.212000e-03 2.039480e-01
155 7.876040e-01 7.136000e-03 2.052600e-01
156 7.863800e-01 7.036000e-03 2.065840e-01
157 7.853680e-01 6.956000e-03 2.076760e-01
158 7.842360e-01 6.868000e-03 2.088960e-01
159 7.830480e-01 6.824000e-03 2.101280e-01
160 7.819320e-01 6.704000e-03 2.113640e-01
161 7.807360e-01 6.760000e-03 2.125040e-01
162 7.794840e-01 6.756000e-03 2.137600e-01
163 7.782240e-01 6.912000e-03 2.148640e-01
164 7.771080e-01 6.788000e-03 2.161040e-01
165 7.759840e-01 6.732000e-03 2.172840e-01
166 7.746720e-01 6.924000e-03 2.184040e-01
167 7.734520e-01 6.952000e-03 2.195960e-01
168 7.723160e-01 6.776000e-03 2.209080e-01
169 7.711560e-01 6.692000e-03 2.221520e-01
170 7.699360e-01 6.792000e-03 2.232720e-01
171 7.688160e-01 6.712000e-03 2.244720e-01
172 7.678200e-01 6.500000e-03 2.256800e-01
173 7.667280e-01 6.460000e-03 2.268120e-01
174 7.656160e-01 6.504000e-03 2.278800e-01
175 7.645160e-01 6.400000e-03 2.290840e-01
176 7.632960e-01 6.352000e-03 2.303520e-01
177 7.620960e-01 6.456000e-03 2.314480e-01
178 7.610320e-01 6.300000e-03 2.326680e-01
179 7.600160e-01 6.336000e-03 2.336480e-01
180 7.589080e-01 6.376000e-03 2.347160e-01
181 7.577000e-01 6.452000e-03 2.358480e-01
182 7.565880e-01 6.460000e-03 2.369520e-01
183 7.555000e-01 6.436000e-03 2.380640e-01
184 7.543800e-01 6.432000e-03 2.391880e-01
185 7.532000e-01 6.552000e-03 2.402480e-01
186 7.521720e-01 6.308000e-03 2.415200e-01
187 7.510920e-01 6.324000e-03 2.425840e-01
188 7.500000e-01 6.280000e-03 2.437200e-01
189 7.489720e-01 6.248000e-03 2.447800e-01
190 7.479440e-01 6.188000e-03 2.458680e-01
191 7.469480e-01 6.164000e-03 2.468880e-01
192 7.458640e-01 6.120000e-03 2.480160e-01
193 7.449320e-01 6.020000e-03 2.490480e-01
194 7.440440e-01 5.868000e-03 2.500880e-01
195 7.431200e-01 5.852000e-03 2.510280e-01
196 7.422600e-01 5.728000e-03 2.520120e-01
197 7.414320e-01 5.624000e-03 2.529440e-01
198 7.405400e-01 5.572000e-03 2.538880e-01
199 7.397160e-01 5.500000e-03 2.547840e-01
200 7.388040e-01 5.376000e-03 2.558200e-01
201 7.379640e-01 5.356000e-03 2.566800e-01
202 7.371400e-01 5.224000e-03 2.576360e-01
203 7.361480e-01 5.396000e-03 2.584560e-01
204 7.352960e-01 5.308000e-03 2.593960e-01
205 7.343800e-01 5.280000e-03 2.603400e-01
206 7.335360e-01 5.240000e-03 2.612240e-01
207 7.325480e-01 5.360000e-03 2.620920e-01
208 7.316800e-01 5.304000e-03 2.630160e-01
209 7.308320e-01 5.156000e-03 2.640120e-01
210 7.299920e-01 5.160000e-03 2.648480e-01
211 7.289920e-01 5.152000e-03 2.658560e-01
212 7.281640e-01 5.068000e-03 2.667680e-01
213 7.272520e-01 5.120000e-03 2.676280e-01
214 7.263280e-01 5.144000e-03 2.685280e-01
215 7.254080e-01 5.116000e-03 2.694760e-01
216 7.244480e-01 5.212000e-03 2.703400e-01
217 7.235840e-01 5.128000e-03 2.712880e-01
218 7.227480e-01 5.076000e-03 2.721760e-01
219 7.218400e-01 5.128000e-03 2.730320e-01
220 7.209480e-01 5.172000e-03 2.738800e-01
221 7.201520e-01 5.036000e-03 2.748120e-01
222 7.193120e-01 4.984000e-03 2.757040e-01
223 7.185720e-01 4.964000e-03 2.764640e-01
224 7.177680e-01 4.968000e-03 2.772640e-01
225 7.170120e-01 4.936000e-03 2.780520e-01
226 7.162000e-01 4.884000e-03 2.789160e-01
227 7.153320e-01 4.852000e-03 2.798160e-01
228 7.145080e-01 4.788000e-03 2.807040e-01
229 7.137760e-01 4.784000e-03 2.814400e-01
230 7.130200e-01 4.856000e-03 2.821240e-01
231 7.122280e-01 4.752000e-03 2.830200e-01
232 7.113800e-01 4.616000e-03 2.840040e-01
233 7.105680e-01 4.636000e-03 2.847960e-01
234 7.098000e-01 4.516000e-03 2.856840e-01
235 7.089240e-01 4.608000e-03 2.864680e-01
236 7.081120e-01 4.592000e-03 2.872960e-01
237 7.073800e-01 4.448000e-03 2.881720e-01
238 7.066280e-01 4.476000e-03 2.888960e-01
239 7.058440e-01 4.500000e-03 2.896560e-01
240 7.050200e-01 4.532000e-03 2.904480e-01
241 7.041200e-01 4.632000e-03 2.912480e-01
242 7.032440e-01 4.692000e-03 2.920640e-01
243 7.023560e-01 4.648000e-03 2.929960e-01
244 7.015280e-01 4.712000e-03 2.937600e-01
245 7.008160e-01 4.660000e-03 2.945240e-01
246 7.000840e-01 4.464000e-03 2.954520e-01
247 6.993160e-01 4.448000e-03 2.962360e-01
248 6.985600e-01 4.316000e-03 2.971240e-01
249 6.976960e-01 4.396000e-03 2.979080e-01
250 6.968840e-01 4.480000e-03 2.986360e-01
251 6.960760e-01 4.532000e-03 2.993920e-01
252 6.951440e-01 4.684000e-03 3.001720e-01
253 6.943320e-01 4.784000e-03 3.008840e-01
254 6.935200e-01 4.636000e-03 3.018440e-01
255 6.927240e-01 4.592000e-03 3.026840e-01
256 6.919240e-01 4.572000e-03 3.035040e-01
257 6.910800e-01 4.564000e-03 3.043560e-01
258 6.904040e-01 4.520000e-03 3.050760e-01
259 6.897160e-01 4.436000e-03 3.058480e-01
260 6.890480e-01 4.380000e-03 3.065720e-01
261 6.883440e-01 4.328000e-03 3.073280e-01
262 6.876800e-01 4.164000e-03 3.081560e-01
263 6.871120e-01 3.992000e-03 3.088960e-01
264 6.864600e-01 4.008000e-03 3.095320e-01
265 6.859240e-01 3.792000e-03 3.102840e-01
266 6.853960e-01 3.620000e-03 3.109840e-01
267 6.847920e-01 3.560000e-03 3.116480e-01
268 6.841960e-01 3.468000e-03 3.123360e-01
269 6.836680e-01 3.392000e-03 3.129400e-01
270 6.831000e-01 3.436000e-03 3.134640e-01
271 6.826320e-01 3.268000e-03 3.141000e-01
272 6.821720e-01 3.168000e-03 3.146600e-01
273 6.817480e-01 3.104000e-03 3.151480e-01
274 6.811800e-01 3.136000e-03 3.156840e-01
275 6.807240e-01 3.028000e-03 3.162480e-01
276 6.802360e-01 2.996000e-03 3.167680e-01
277 6.798000e-01 2.900000e-03 3.173000e-01
278 6.793280e-01 2.868000e-03 3.178040e-01
279 6.788840e-01 2.832000e-03 3.182840e-01
280 6.783800e-01 2.888000e-03 3.187320e-01
281 6.779040e-01 2.864000e-03 3.192320e-01
282 6.775040e-01 2.804000e-03 3.196920e-01
283 6.771480e-01 2.616000e-03 3.202360e-01
284 6.767560e-01 2.568000e-03 3.206760e-01
285 6.763680e-01 2.464000e-03 3.211680e-01
286 6.759120e-01 2.540000e-03 3.215480e-01
287 6.753640e-01 2.572000e-03 3.220640e-01
288 6.747760e-01 2.648000e-03 3.225760e-01
289 6.742640e-01 2.632000e-03 3.231040e-01
290 6.736760e-01 2.752000e-03 3.235720e-01
291 6.731200e-01 2.816000e-03 3.240640e-01
292 6.726280e-01 2.808000e-03 3.245640e-01
293 6.721640e-01 2.820000e-03 3.250160e-01
294 6.716760e-01 2.832000e-03 3.254920e-01
295 6.712320e-01 2.832000e-03 3.259360e-01
296 6.707040e-01 2.908000e-03 3.263880e-01
297 6.702080e-01 2.948000e-03 3.268440e-01
298 6.697440e-01 2.932000e-03 3.273240e-01
299 6.692200e-01 2.988000e-03 3.277920e-01
300 6.686800e-01 3.008000e-03 3.283120e-01
301 6.680720e-01 3.112000e-03 3.288160e-01
302 6.675200e-01 3.068000e-03 3.294120e-01
303 6.669840e-01 3.060000e-03 3.299560e-01
304 6.664960e-01 3.004000e-03 3.305000e-01
305 6.659720e-01 2.944000e-03 3.310840e-01
306 6.655440e-01 2.816000e-03 3.316400e-01
307 6.650720e-01 2.748000e-03 3.321800e-01
308 6.646240e-01 2.716000e-03 3.326600e-01
309 6.642520e-01 2.568000e-03 3.331800e-01
310 6.638080e-01 2.540000e-03 3.336520e-01
311 6.632920e-01 2.552000e-03 3.341560e-01
312 6.627880e-01 2.572000e-03 3.346400e-01
313 6.622920e-01 2.588000e-03 3.351200e-01
314 6.617840e-01 2.652000e-03 3.355640e-01
315 6.612360e-01 2.680000e-03 3.360840e-01
316 6.607200e-01 2.712000e-03 3.365680e-01
317 6.602320e-01 2.816000e-03 3.369520e-01
318 6.597440e-01 2.808000e-03 3.374480e-01
319 6.591880e-01 2.828000e-03 3.379840e-01
320 6.585600e-01 2.924000e-03 3.385160e-01
321 6.580360e-01 2.872000e-03 3.390920e-01
322 6.575360e-01 2.820000e-03 3.396440e-01
323 6.570200e-01 2.800000e-03 3.401800e-01
324 6.565000e-01 2.852000e-03 3.406480e-01
325 6.559280e-01 2.968000e-03 3.411040e-01
326 6.553680e-01 3.032000e-03 3.416000e-01
327 6.548520e-01 3.000000e-03 3.421480e-01
328 6.543480e-01 3.004000e-03 3.426480e-01
329 6.538360e-01 2.976000e-03 3.431880e-01
330 6.534280e-01 2.816000e-03 3.437560e-01
331 6.529200e-01 2.768000e-03 3.443120e-01
332 6.524640e-01 2.740000e-03 3.447960e-01
333 6.519080e-01 2.856000e-03 3.452360e-01
334 6.515240e-01 2.788000e-03 3.456880e-01
335 6.510440e-01 2.748000e-03 3.462080e-01
336 6.506360e-01 2.664000e-03 3.467000e-01
337 6.502000e-01 2.592000e-03 3.472080e-01
338 6.498360e-01 2.544000e-03 3.476200e-01
339 6.495520e-01 2.428000e-03 3.480200e-01
340 6.491760e-01 2.392000e-03 3.484320e-01
341 6.488840e-01 2.240000e-03 3.488760e-01
342 6.485880e-01 2.188000e-03 3.492240e-01
343 6.482360e-01 2.164000e-03 3.496000e-01
344 6.479440e-01 2.108000e-03 3.499480e-01
345 6.477040e-01 1.960000e-03 3.503360e-01
346 6.474480e-01 1.884000e-03 3.506680e-01
347 6.471360e-01 1.880000e-03 3.509840e-01
348 6.468320e-01 1.856000e-03 3.513120e-01
349 6.466240e-01 1.740000e-03 3.516360e-01
350 6.463520e-01 1.776000e-03 3.518720e-01
351 6.461160e-01 1.664000e-03 3.522200e-01
352 6.458880e-01 1.604000e-03 3.525080e-01
353 6.456000e-01 1.644000e-03 3.527560e-01
354 6.453960e-01 1.572000e-03 3.530320e-01
355 6.451320e-01 1.496000e-03 3.533720e-01
356 6.449200e-01 1.480000e-03 3.536000e-01
357 6.446480e-01 1.480000e-03 3.538720e-01
358 6.443440e-01 1.536000e-03 3.541200e-01
359 6.440800e-01 1.496000e-03 3.544240e-01
360 6.438360e-01 1.492000e-03 3.546720e-01
361 6.436160e-01 1.476000e-03 3.549080e-01
362 6.433840e-01 1.408000e-03 3.552080e-01
363 6.431560e-01 1.368000e-03 3.554760e-01
364 6.429400e-01 1.340000e-03 3.557200e-01
365 6.426440e-01 1.360000e-03 3.559960e-01
366 6.424040e-01 1.380000e-03 3.562160e-01
367 6.421120e-01 1.464000e-03 3.564240e-01
368 6.418320e-01 1.512000e-03 3.566560e-01
369 6.416240e-01 1.500000e-03 3.568760e-01
370 6.413640e-01 1.556000e-03 3.570800e-01
371 6.411040e-01 1.556000e-03 3.573400e-01
372 6.408680e-01 1.528000e-03 3.576040e-01
373 6.406560e-01 1.488000e-03 3.578560e-01
374 6.404160e-01 1.520000e-03 3.580640e-01
375 6.401000e-01 1.544000e-03 3.583560e-01
376 6.398360e-01 1.508000e-03 3.586560e-01
377 6.395840e-01 1.472000e-03 3.589440e-01
378 6.392640e-01 1.544000e-03 3.591920e-01
379 6.389680e-01 1.612000e-03 3.594200e-01
380 6.386360e-01 1.652000e-03 3.597120e-01
381 6.382720e-01 1.764000e-03 3.599640e-01
382 6.379480e-01 1.824000e-03 3.602280e-01
383 6.376600e-01 1.820000e-03 3.605200e-01
384 6.374520e-01 1.712000e-03 3.608360e-01
385 6.372160e-01 1.620000e-03 3.611640e-01
386 6.369600e-01 1.556000e-03 3.614840e-01
387 6.367280e-01 1.536000e-03 3.617360e-01
388 6.364800e-01 1.576000e-03 3.619440e-01
389 6.362920e-01 1.516000e-03 3.621920e-01
390 6.360160e-01 1.560000e-03 3.624240e-01
391 6.356360e-01 1.704000e-03 3.626600e-01
392 6.352760e-01 1.744000e-03 3.629800e-01
393 6.349800e-01 1.792000e-03 3.632280e-01
394 6.346040e-01 1.824000e-03 3.635720e-01
395 6.343120e-01 1.744000e-03 3.639440e-01
396 6.340800e-01 1.636000e-03 3.642840e-01
397 6.338640e-01 1.628000e-03 3.645080e-01
398 6.336600e-01 1.572000e-03 3.647680e-01
399 6.334320e-01 1.496000e-03 3.650720e-01
400 6.332200e-01 1.400000e-03 3.653800e-01
401 6.330000e-01 1.368000e-03 3.656320e-01
402 6.327520e-01 1.352000e-03 3.658960e-01
403 6.325120e-01 1.332000e-03 3.661560e-01
404 6.323200e-01 1.264000e-03 3.664160e-01
405 6.320480e-01 1.332000e-03 3.666200e-01
406 6.317640e-01 1.408000e-03 3.668280e-01
407 6.315240e-01 1.404000e-03 3.670720e-01
408 6.312920e-01 1.404000e-03 3.673040e-01
409 6.310240e-01 1.408000e-03 3.675680e-01
410 6.307120e-01 1.492000e-03 3.677960e-01
411 6.304440e-01 1.548000e-03 3.680080e-01
412 6.301360e-01 1.524000e-03 3.683400e-01
413 6.298160e-01 1.576000e-03 3.686080e-01
414 6.294360e-01 1.692000e-03 3.688720e-01
415 6.291560e-01 1.700000e-03 3.691440e-01
416 6.288640e-01 1.716000e-03 3.694200e-01
417 6.285880e-01 1.708000e-03 3.697040e-01
418 6.282920e-01 1.688000e-03 3.700200e-01
419 6.280600e-01 1.640000e-03 3.703000e-01
420 6.277840e-01 1.584000e-03 3.706320e-01
421 6.275360e-01 1.536000e-03 3.709280e-01
422 6.272280e-01 1.608000e-03 3.711640e-01
423 6.269560e-01 1.616000e-03 3.714280e-01
424 6.267080e-01 1.540000e-03 3.717520e-01
425 6.264760e-01 1.504000e-03 3.720200e-01
426 6.262280e-01 1.460000e-03 3.723120e-01
427 6.259520e-01 1.444000e-03 3.726040e-01
428 6.256760e-01 1.448000e-03 3.728760e-01
429 6.254160e-01 1.468000e-03 3.731160e-01
430 6.251920e-01 1.460000e-03 3.733480e-01
431 6.249760e-01 1.420000e-03 3.736040e-01
432 6.247720e-01 1.448000e-03 3.737800e-01
433 6.245440e-01 1.480000e-03 3.739760e-01
434 6.243560e-01 1.428000e-03 3.742160e-01
435 6.241280e-01 1.436000e-03 3.744360e-01
436 6.238920e-01 1.400000e-03 3.747080e-01
437 6.236520e-01 1.380000e-03 3.749680e-01
438 6.234840e-01 1.352000e-03 3.751640e-01
439 6.232840e-01 1.316000e-03 3.754000e-01
440 6.230240e-01 1.356000e-03 3.756200e-01
441 6.228120e-01 1.320000e-03 3.758680e-01
442 6.226400e-01 1.288000e-03 3.760720e-01
443 6.224800e-01 1.236000e-03 3.762840e-01
444 6.222920e-01 1.248000e-03 3.764600e-01
445 6.220080e-01 1.320000e-03 3.766720e-01
446 6.217560e-01 1.332000e-03 3.769120e-01
447 6.215160e-01 1.388000e-03 3.770960e-01
448 6.212840e-01 1.376000e-03 3.773400e-01
449 6.210120e-01 1.372000e-03 3.776160e-01
450 6.207680e-01 1.420000e-03 3.778120e-01
451 6.205520e-01 1.416000e-03 3.780320e-01
452 6.203160e-01 1.476000e-03 3.782080e-01
453 6.201040e-01 1.476000e-03 3.784200e-01
454 6.199200e-01 1.384000e-03 3.786960e-01
455 6.197120e-01 1.360000e-03 3.789280e-01
456 6.195160e-01 1.304000e-03 3.791800e-01
457 6.193040e-01 1.328000e-03 3.793680e-01
458 6.190440e-01 1.332000e-03 3.796240e-01
459 6.188120e-01 1.308000e-03 3.798800e-01
460 6.186320e-01 1.208000e-03 3.801600e-01
461 6.183720e-01 1.232000e-03 3.803960e-01
462 6.180880e-01 1.304000e-03 3.806080e-01
463 6.178480e-01 1.312000e-03 3.808400e-01
464 6.175440e-01 1.388000e-03 3.810680e-01
465 6.172800e-01 1.448000e-03 3.812720e-01
466 6.170120e-01 1.488000e-03 3.815000e-01
467 6.168080e-01 1.424000e-03 3.817680e-01
468 6.166200e-01 1.328000e-03 3.820520e-01
469 6.164240e-01 1.240000e-03 3.823360e-01
470 6.162000e-01 1.284000e-03 3.825160e-01
471 6.159960e-01 1.220000e-03 3.827840e-01
472 6.158600e-01 1.120000e-03 3.830200e-01
473 6.156600e-01 1.136000e-03 3.832040e-01
474 6.154840e-01 1.132000e-03 3.833840e-01
475 6.153120e-01 1.112000e-03 3.835760e-01
476 6.151600e-01 1.060000e-03 3.837800e-01
477 6.150280e-01 1.012000e-03 3.839600e-01
478 6.149400e-01 9.000000e-04 3.841600e-01
479 6.148360e-01 8.400000e-04 3.843240e-01
480 6.147320e-01 8.320000e-04 3.844360e-01
481 6.145880e-01 8.520000e-04 3.845600e-01
482 6.144440e-01 8.400000e-04 3.847160e-01
483 6.143560e-01 7.400000e-04 3.849040e-01
484 6.142440e-01 7.240000e-04 3.850320e-01
485 6.141000e-01 7.440000e-04 3.851560e-01
486 6.139720e-01 7.880000e-04 3.852400e-01
487 6.138320e-01 7.760000e-04 3.853920e-01
488 6.136960e-01 7.720000e-04 3.855320e-01
489 6.135640e-01 7.840000e-04 3.856520e-01
490 6.134280e-01 8.280000e-04 3.857440e-01
491 6.132920e-01 8.600000e-04 3.858480e-01
492 6.131440e-01 8.240000e-04 3.860320e-01
493 6.129960e-01 7.520000e-04 3.862520e-01
494 6.128240e-01 7.760000e-04 3.864000e-01
495 6.126920e-01 7.760000e-04 3.865320e-01
496 6.125600e-01 7.640000e-04 3.866760e-01
497 6.124480e-01 7.600000e-04 3.867920e-01
498 6.123680e-01 7.160000e-04 3.869160e-01
499 6.122800e-01 7.080000e-04 3.870120e-01
500 6.122160e-01 6.360000e-04 3.871480e-01
