1 9.993080e-01 5.800000e-04 1.120000e-04
2 9.989400e-01 8.240000e-04 2.360000e-04
3 9.983960e-01 1.200000e-03 4.040000e-04
4 9.977800e-01 1.600000e-03 6.200000e-04
5 9.970720e-01 1.948000e-03 9.800000e-04
6 9.962760e-01 2.336000e-03 1.388000e-03
7 9.954320e-01 2.776000e-03 1.792000e-03
8 9.944680e-01 3.188000e-03 2.344000e-03
9 9.935040e-01 3.584000e-03 2.912000e-03
10 9.926400e-01 3.788000e-03 3.572000e-03
11 9.916800e-01 3.988000e-03 4.332000e-03
12 9.907000e-01 4.276000e-03 5.024000e-03
13 9.896960e-01 4.412000e-03 5.892000e-03
14 9.886760e-01 4.628000e-03 6.696000e-03
15 9.877560e-01 4.764000e-03 7.480000e-03
16 9.867400e-01 4.876000e-03 8.384000e-03
17 9.855040e-01 5.136000e-03 9.360000e-03
18 9.844800e-01 5.208000e-03 1.031200e-02
19 9.833480e-01 5.356000e-03 1.129600e-02
20 9.823080e-01 5.544000e-03 1.214800e-02
21 9.811680e-01 5.772000e-03 1.306000e-02
22 9.799000e-01 6.060000e-03 1.404000e-02
23 9.785600e-01 6.372000e-03 1.506800e-02
24 9.773440e-01 6.404000e-03 1.625200e-02
25 9.760200e-01 6.508000e-03 1.747200e-02
26 9.745760e-01 6.804000e-03 1.862000e-02
27 9.731520e-01 7.032000e-03 1.981600e-02
28 9.717960e-01 7.032000e-03 2.117200e-02
29 9.703840e-01 7.228000e-03 2.238800e-02
30 9.690280e-01 7.260000e-03 2.371200e-02
31 9.675480e-01 7.468000e-03 2.498400e-02
32 9.661720e-01 7.368000e-03 2.646000e-02
33 9.646840e-01 7.556000e-03 2.776000e-02
34 9.631480e-01 7.784000e-03 2.906800e-02
35 9.615960e-01 7.912000e-03 3.049200e-02
36 9.599000e-01 8.180000e-03 3.192000e-02
37 9.584960e-01 8.160000e-03 3.334400e-02
38 9.569360e-01 8.324000e-03 3.474000e-02
39 9.554200e-01 8.348000e-03 3.623200e-02
40 9.539880e-01 8.224000e-03 3.778800e-02
41 9.525480e-01 8.216000e-03 3.923600e-02
42 9.510040e-01 8.348000e-03 4.064800e-02
43 9.494440e-01 8.376000e-03 4.218000e-02
44 9.479640e-01 8.420000e-03 4.361600e-02
45 9.465680e-01 8.432000e-03 4.500000e-02
46 9.450360e-01 8.424000e-03 4.654000e-02
47 9.434960e-01 8.412000e-03 4.809200e-02
48 9.419080e-01 8.556000e-03 4.953600e-02
49 9.403360e-01 8.544000e-03 5.112000e-02
50 9.388960e-01 8.544000e-03 5.256000e-02
51 9.373960e-01 8.452000e-03 5.415200e-02
52 9.358720e-01 8.516000e-03 5.561200e-02
53 9.343440e-01 8.592000e-03 5.706400e-02
54 9.328400e-01 8.592000e-03 5.856800e-02
55 9.311880e-01 8.780000e-03 6.003200e-02
56 9.293520e-01 8.980000e-03 6.166800e-02
57 9.276880e-01 8.944000e-03 6.336800e-02
58 9.261040e-01 9.004000e-03 6.489200e-02
59 9.244320e-01 9.012000e-03 6.655600e-02
60 9.229880e-01 8.828000e-03 6.818400e-02
61 9.214280e-01 8.856000e-03 6.971600e-02
62 9.197600e-01 9.000000e-03 7.124000e-02
63 9.181840e-01 8.996000e-03 7.282000e-02
64 9.164960e-01 9.088000e-03 7.441600e-02
65 9.147560e-01 9.256000e-03 7.598800e-02
66 9.129840e-01 9.368000e-03 7.764800e-02
67 9.112920e-01 9.324000e-03 7.938400e-02
68 9.097520e-01 9.300000e-03 8.094800e-02
69 9.080760e-01 9.448000e-03 8.247600e-02
70 9.064400e-01 9.452000e-03 8.410800e-02
71 9.047560e-01 9.460000e-03 8.578400e-02
72 9.030640e-01 9.584000e-03 8.735200e-02
73 9.014480e-01 9.452000e-03 8.910000e-02
74 8.998560e-01 9.316000e-03 9.082800e-02
75 8.982600e-01 9.392000e-03 9.234800e-02
76 8.965800e-01 9.500000e-03 9.392000e-02
77 8.949000e-01 9.520000e-03 9.558000e-02
78 8.932360e-01 9.436000e-03 9.732800e-02
79 8.916240e-01 9.408000e-03 9.896800e-02
80 8.900280e-01 9.260000e-03 1.007120e-01
81 8.884760e-01 9.152000e-03 1.023720e-01
82 8.867480e-01 9.356000e-03 1.038960e-01
83 8.851520e-01 9.324000e-03 1.055240e-01
84 8.835600e-01 9.312000e-03 1.071280e-01
85 8.819520e-01 9.260000e-03 1.087880e-01
86 8.803680e-01 9.180000e-03 1.104520e-01
87 8.788400e-01 9.128000e-03 1.120320e-01
88 8.774000e-01 8.896000e-03 1.137040e-01
89 8.758720e-01 8.900000e-03 1.152280e-01
90 8.743080e-01 8.960000e-03 1.167320e-01
91 8.728440e-01 8.800000e-03 1.183560e-01
92 8.713600e-01 8.824000e-03 1.198160e-01
93 8.698320e-01 8.696000e-03 1.214720e-01
94 8.682080e-01 8.848000e-03 1.229440e-01
95 8.668880e-01 8.568000e-03 1.245440e-01
96 8.654600e-01 8.556000e-03 1.259840e-01
97 8.641280e-01 8.348000e-03 1.275240e-01
98 8.627920e-01 8.216000e-03 1.289920e-01
99 8.614080e-01 8.228000e-03 1.303640e-01
100 8.601200e-01 8.044000e-03 1.318360e-01
101 8.587680e-01 8.020000e-03 1.332120e-01
102 8.573760e-01 8.028000e-03 1.345960e-01
103 8.560200e-01 7.952000e-03 1.360280e-01
104 8.545040e-01 8.012000e-03 1.374840e-01
105 8.531960e-01 8.040000e-03 1.387640e-01
106 8.519520e-01 8.032000e-03 1.400160e-01
107 8.506080e-01 7.968000e-03 1.414240e-01
108 8.492760e-01 7.892000e-03 1.428320e-01
109 8.479880e-01 7.880000e-03 1.441320e-01
110 8.467720e-01 7.712000e-03 1.455160e-01
111 8.455040e-01 7.656000e-03 1.468400e-01
112 8.443480e-01 7.496000e-03 1.481560e-01
113 8.430160e-01 7.568000e-03 1.494160e-01
114 8.417320e-01 7.424000e-03 1.508440e-01
115 8.404880e-01 7.440000e-03 1.520720e-01
116 8.391280e-01 7.540000e-03 1.533320e-01
117 8.378560e-01 7.464000e-03 1.546800e-01
118 8.365200e-01 7.400000e-03 1.560800e-01
119 8.351720e-01 7.428000e-03 1.574000e-01
120 8.338640e-01 7.496000e-03 1.586400e-01
121 8.325720e-01 7.408000e-03 1.600200e-01
122 8.309840e-01 7.616000e-03 1.614000e-01
123 8.295360e-01 7.756000e-03 1.627080e-01
124 8.281200e-01 7.768000e-03 1.641120e-01
125 8.266000e-01 7.884000e-03 1.655160e-01
126 8.252440e-01 7.976000e-03 1.667800e-01
127 8.238840e-01 7.920000e-03 1.681960e-01
128 8.224760e-01 7.896000e-03 1.696280e-01
129 8.209400e-01 7.948000e-03 1.711120e-01
130 8.195240e-01 7.848000e-03 1.726280e-01
131 8.180920e-01 7.860000e-03 1.740480e-01
132 8.166320e-01 7.928000e-03 1.754400e-01
133 8.151640e-01 7.952000e-03 1.768840e-01
134 8.138240e-01 7.888000e-03 1.782880e-01
135 8.126240e-01 7.760000e-03 1.796160e-01
136 8.114040e-01 7.592000e-03 1.810040e-01
137 8.102760e-01 7.432000e-03 1.822920e-01
138 8.090320e-01 7.236000e-03 1.837320e-01
139 8.078800e-01 7.152000e-03 1.849680e-01
140 8.067280e-01 7.148000e-03 1.861240e-01
141 8.054880e-01 7.148000e-03 1.873640e-01
142 8.043000e-01 7.032000e-03 1.886680e-01
143 8.033880e-01 6.704000e-03 1.899080e-01
144 8.022240e-01 6.660000e-03 1.911160e-01
145 8.010600e-01 6.584000e-03 1.923560e-01
146 7.998960e-01 6.592000e-03 1.935120e-01
147 7.987200e-01 6.636000e-03 1.946440e-01
148 7.975200e-01 6.680000e-03 1.958000e-01
149 7.964600e-01 6.572000e-03 1.969680e-01
150 7.954160e-01 6.532000e-03 1.980520e-01
151 7.943320e-01 6.484000e-03 1.991840e-01
152 7.932920e-01 6.480000e-03 2.002280e-01
153 7.922200e-01 6.344000e-03 2.014360e-01
154 7.911240e-01 6.312000e-03 2.025640e-01
155 7.901040e-01 6.268000e-03 2.036280e-01
156 7.892000e-01 6.120000e-03 2.046800e-01
157 7.880280e-01 6.260000e-03 2.057120e-01
158 7.870080e-01 6.196000e-03 2.067960e-01
159 7.857480e-01 6.428000e-03 2.078240e-01
160 7.847720e-01 6.208000e-03 2.090200e-01
161 7.838320e-01 5.980000e-03 2.101880e-01
162 7.829800e-01 5.840000e-03 2.111800e-01
163 7.821760e-01 5.628000e-03 2.121960e-01
164 7.813720e-01 5.492000e-03 2.131360e-01
165 7.804720e-01 5.488000e-03 2.140400e-01
166 7.794880e-01 5.572000e-03 2.149400e-01
167 7.786200e-01 5.420000e-03 2.159600e-01
168 7.777000e-01 5.380000e-03 2.169200e-01
169 7.767880e-01 5.376000e-03 2.178360e-01
170 7.758920e-01 5.360000e-03 2.187480e-01
171 7.750240e-01 5.284000e-03 2.196920e-01
172 7.742080e-01 5.152000e-03 2.206400e-01
173 7.733720e-01 5.080000e-03 2.215480e-01
174 7.724960e-01 5.132000e-03 2.223720e-01
175 7.718000e-01 4.960000e-03 2.232400e-01
176 7.709720e-01 4.956000e-03 2.240720e-01
177 7.701400e-01 4.888000e-03 2.249720e-01
178 7.693480e-01 4.944000e-03 2.257080e-01
179 7.685560e-01 4.840000e-03 2.266040e-01
180 7.677960e-01 4.732000e-03 2.274720e-01
181 7.669800e-01 4.732000e-03 2.282880e-01
182 7.662440e-01 4.568000e-03 2.291880e-01
183 7.655520e-01 4.456000e-03 2.299920e-01
184 7.648400e-01 4.428000e-03 2.307320e-01
185 7.640880e-01 4.432000e-03 2.314800e-01
186 7.632080e-01 4.580000e-03 2.322120e-01
187 7.624360e-01 4.556000e-03 2.330080e-01
188 7.615440e-01 4.508000e-03 2.339480e-01
189 7.607560e-01 4.588000e-03 2.346560e-01
190 7.598720e-01 4.668000e-03 2.354600e-01
191 7.590320e-01 4.600000e-03 2.363680e-01
192 7.581880e-01 4.668000e-03 2.371440e-01
193 7.573840e-01 4.696000e-03 2.379200e-01
194 7.565080e-01 4.700000e-03 2.387920e-01
195 7.557120e-01 4.628000e-03 2.396600e-01
196 7.549840e-01 4.568000e-03 2.404480e-01
197 7.542560e-01 4.472000e-03 2.412720e-01
198 7.535040e-01 4.388000e-03 2.421080e-01
199 7.527800e-01 4.412000e-03 2.428080e-01
200 7.521200e-01 4.308000e-03 2.435720e-01
201 7.514920e-01 4.176000e-03 2.443320e-01
202 7.507600e-01 4.240000e-03 2.450000e-01
203 7.500680e-01 4.184000e-03 2.457480e-01
204 7.494160e-01 4.132000e-03 2.464520e-01
205 7.487880e-01 4.012000e-03 2.472000e-01
206 7.481520e-01 3.908000e-03 2.479400e-01
207 7.473360e-01 3.948000e-03 2.487160e-01
208 7.465960e-01 3.964000e-03 2.494400e-01
209 7.460080e-01 3.888000e-03 2.501040e-01
210 7.454200e-01 3.784000e-03 2.507960e-01
211 7.446960e-01 3.836000e-03 2.514680e-01
212 7.439920e-01 3.860000e-03 2.521480e-01
213 7.433840e-01 3.804000e-03 2.528120e-01
214 7.427960e-01 3.700000e-03 2.535040e-01
215 7.422120e-01 3.660000e-03 2.541280e-01
216 7.416320e-01 3.552000e-03 2.548160e-01
217 7.411160e-01 3.472000e-03 2.554120e-01
218 7.405160e-01 3.420000e-03 2.560640e-01
219 7.399280e-01 3.424000e-03 2.566480e-01
220 7.393800e-01 3.424000e-03 2.571960e-01
221 7.387520e-01 3.452000e-03 2.577960e-01
222 7.381520e-01 3.464000e-03 2.583840e-01
223 7.375040e-01 3.440000e-03 2.590560e-01
224 7.368520e-01 3.508000e-03 2.596400e-01
225 7.361560e-01 3.596000e-03 2.602480e-01
226 7.355560e-01 3.604000e-03 2.608400e-01
227 7.349360e-01 3.628000e-03 2.614360e-01
228 7.344000e-01 3.484000e-03 2.621160e-01
229 7.337840e-01 3.476000e-03 2.627400e-01
230 7.331400e-01 3.472000e-03 2.633880e-01
231 7.324560e-01 3.588000e-03 2.639560e-01
232 7.318080e-01 3.652000e-03 2.645400e-01
233 7.311520e-01 3.680000e-03 2.651680e-01
234 7.305360e-01 3.684000e-03 2.657800e-01
235 7.299480e-01 3.648000e-03 2.664040e-01
236 7.292880e-01 3.596000e-03 2.671160e-01
237 7.287480e-01 3.508000e-03 2.677440e-01
238 7.281880e-01 3.432000e-03 2.683800e-01
239 7.276720e-01 3.324000e-03 2.690040e-01
240 7.272080e-01 3.192000e-03 2.696000e-01
241 7.267040e-01 3.128000e-03 2.701680e-01
242 7.260920e-01 3.180000e-03 2.707280e-01
243 7.255840e-01 3.136000e-03 2.712800e-01
244 7.251160e-01 3.044000e-03 2.718400e-01
245 7.246800e-01 2.936000e-03 2.723840e-01
246 7.242320e-01 2.816000e-03 2.729520e-01
247 7.236960e-01 2.876000e-03 2.734280e-01
248 7.231840e-01 2.892000e-03 2.739240e-01
249 7.226320e-01 2.856000e-03 2.745120e-01
250 7.221480e-01 2.896000e-03 2.749560e-01
251 7.215480e-01 2.968000e-03 2.754840e-01
252 7.210480e-01 2.916000e-03 2.760360e-01
253 7.205560e-01 2.840000e-03 2.766040e-01
254 7.200400e-01 2.772000e-03 2.771880e-01
255 7.195840e-01 2.768000e-03 2.776480e-01
256 7.190760e-01 2.824000e-03 2.781000e-01
257 7.186400e-01 2.812000e-03 2.785480e-01
258 7.182280e-01 2.768000e-03 2.790040e-01
259 7.178920e-01 2.648000e-03 2.794600e-01
260 7.175760e-01 2.476000e-03 2.799480e-01
261 7.172560e-01 2.384000e-03 2.803600e-01
262 7.169440e-01 2.260000e-03 2.807960e-01
263 7.165840e-01 2.176000e-03 2.812400e-01
264 7.162920e-01 2.092000e-03 2.816160e-01
265 7.158800e-01 2.204000e-03 2.819160e-01
266 7.155120e-01 2.180000e-03 2.823080e-01
267 7.152280e-01 2.100000e-03 2.826720e-01
268 7.148440e-01 2.124000e-03 2.830320e-01
269 7.144200e-01 2.136000e-03 2.834440e-01
270 7.140600e-01 2.040000e-03 2.839000e-01
271 7.136480e-01 2.040000e-03 2.843120e-01
272 7.133720e-01 1.932000e-03 2.846960e-01
273 7.130720e-01 1.920000e-03 2.850080e-01
274 7.127160e-01 1.916000e-03 2.853680e-01
275 7.123480e-01 1.880000e-03 2.857720e-01
276 7.119280e-01 1.984000e-03 2.860880e-01
277 7.116200e-01 1.964000e-03 2.864160e-01
278 7.112680e-01 1.992000e-03 2.867400e-01
279 7.108240e-01 2.092000e-03 2.870840e-01
280 7.104480e-01 2.104000e-03 2.874480e-01
281 7.100320e-01 2.152000e-03 2.878160e-01
282 7.095480e-01 2.304000e-03 2.881480e-01
283 7.091720e-01 2.256000e-03 2.885720e-01
284 7.087800e-01 2.264000e-03 2.889560e-01
285 7.083440e-01 2.316000e-03 2.893400e-01
286 7.079240e-01 2.256000e-03 2.898200e-01
287 7.075480e-01 2.268000e-03 2.901840e-01
288 7.071800e-01 2.268000e-03 2.905520e-01
289 7.067760e-01 2.248000e-03 2.909760e-01
290 7.063800e-01 2.280000e-03 2.913400e-01
291 7.059680e-01 2.284000e-03 2.917480e-01
292 7.055920e-01 2.292000e-03 2.921160e-01
293 7.052400e-01 2.232000e-03 2.925280e-01
294 7.049440e-01 2.164000e-03 2.928920e-01
295 7.047000e-01 2.056000e-03 2.932440e-01
296 7.044720e-01 1.920000e-03 2.936080e-01
297 7.041440e-01 1.932000e-03 2.939240e-01
298 7.038720e-01 1.900000e-03 2.942280e-01
299 7.035720e-01 1.904000e-03 2.945240e-01
300 7.031760e-01 1.964000e-03 2.948600e-01
301 7.028200e-01 1.960000e-03 2.952200e-01
302 7.025000e-01 1.912000e-03 2.955880e-01
303 7.022160e-01 1.812000e-03 2.959720e-01
304 7.018960e-01 1.836000e-03 2.962680e-01
305 7.016320e-01 1.776000e-03 2.965920e-01
306 7.012760e-01 1.828000e-03 2.968960e-01
307 7.009760e-01 1.844000e-03 2.971800e-01
308 7.007640e-01 1.724000e-03 2.975120e-01
309 7.005280e-01 1.652000e-03 2.978200e-01
310 7.003040e-01 1.536000e-03 2.981600e-01
311 7.000200e-01 1.540000e-03 2.984400e-01
312 6.997920e-01 1.532000e-03 2.986760e-01
313 6.995280e-01 1.560000e-03 2.989120e-01
314 6.992800e-01 1.576000e-03 2.991440e-01
315 6.990200e-01 1.568000e-03 2.994120e-01
316 6.987440e-01 1.592000e-03 2.996640e-01
317 6.985320e-01 1.524000e-03 2.999440e-01
318 6.982760e-01 1.496000e-03 3.002280e-01
319 6.979960e-01 1.516000e-03 3.004880e-01
320 6.977240e-01 1.512000e-03 3.007640e-01
321 6.974720e-01 1.488000e-03 3.010400e-01
322 6.972240e-01 1.444000e-03 3.013320e-01
323 6.969600e-01 1.508000e-03 3.015320e-01
324 6.967000e-01 1.516000e-03 3.017840e-01
325 6.964280e-01 1.484000e-03 3.020880e-01
326 6.961000e-01 1.524000e-03 3.023760e-01
327 6.958520e-01 1.532000e-03 3.026160e-01
328 6.955480e-01 1.552000e-03 3.029000e-01
329 6.953120e-01 1.560000e-03 3.031280e-01
330 6.950480e-01 1.544000e-03 3.034080e-01
331 6.947360e-01 1.600000e-03 3.036640e-01
332 6.944880e-01 1.616000e-03 3.038960e-01
333 6.942200e-01 1.616000e-03 3.041640e-01
334 6.939880e-01 1.540000e-03 3.044720e-01
335 6.937440e-01 1.512000e-03 3.047440e-01
336 6.935160e-01 1.520000e-03 3.049640e-01
337 6.932880e-01 1.480000e-03 3.052320e-01
338 6.929160e-01 1.668000e-03 3.054160e-01
339 6.925840e-01 1.640000e-03 3.057760e-01
340 6.921760e-01 1.768000e-03 3.060560e-01
341 6.918360e-01 1.880000e-03 3.062840e-01
342 6.915240e-01 1.872000e-03 3.066040e-01
343 6.912160e-01 1.864000e-03 3.069200e-01
344 6.908760e-01 1.872000e-03 3.072520e-01
345 6.905720e-01 1.852000e-03 3.075760e-01
346 6.902880e-01 1.832000e-03 3.078800e-01
347 6.900480e-01 1.760000e-03 3.081920e-01
348 6.898120e-01 1.672000e-03 3.085160e-01
349 6.895400e-01 1.668000e-03 3.087920e-01
350 6.892000e-01 1.764000e-03 3.090360e-01
351 6.888920e-01 1.700000e-03 3.094080e-01
352 6.886000e-01 1.720000e-03 3.096800e-01
353 6.882280e-01 1.820000e-03 3.099520e-01
354 6.878440e-01 1.928000e-03 3.102280e-01
355 6.875280e-01 1.940000e-03 3.105320e-01
356 6.872080e-01 1.932000e-03 3.108600e-01
357 6.868880e-01 1.876000e-03 3.112360e-01
358 6.865560e-01 1.900000e-03 3.115440e-01
359 6.862720e-01 1.868000e-03 3.118600e-01
360 6.860320e-01 1.836000e-03 3.121320e-01
361 6.858000e-01 1.740000e-03 3.124600e-01
362 6.855640e-01 1.684000e-03 3.127520e-01
363 6.853640e-01 1.576000e-03 3.130600e-01
364 6.851640e-01 1.508000e-03 3.133280e-01
365 6.849480e-01 1.440000e-03 3.136120e-01
366 6.847280e-01 1.368000e-03 3.139040e-01
367 6.844040e-01 1.440000e-03 3.141560e-01
368 6.841720e-01 1.380000e-03 3.144480e-01
369 6.839640e-01 1.396000e-03 3.146400e-01
370 6.837440e-01 1.344000e-03 3.149120e-01
371 6.835480e-01 1.328000e-03 3.151240e-01
372 6.832760e-01 1.420000e-03 3.153040e-01
373 6.829280e-01 1.496000e-03 3.155760e-01
374 6.826280e-01 1.496000e-03 3.158760e-01
375 6.823400e-01 1.540000e-03 3.161200e-01
376 6.820920e-01 1.500000e-03 3.164080e-01
377 6.818440e-01 1.460000e-03 3.166960e-01
378 6.816160e-01 1.436000e-03 3.169480e-01
379 6.813800e-01 1.420000e-03 3.172000e-01
380 6.811680e-01 1.392000e-03 3.174400e-01
381 6.809520e-01 1.356000e-03 3.176920e-01
382 6.807760e-01 1.316000e-03 3.179080e-01
383 6.806000e-01 1.268000e-03 3.181320e-01
384 6.803680e-01 1.312000e-03 3.183200e-01
385 6.801080e-01 1.364000e-03 3.185280e-01
386 6.798120e-01 1.416000e-03 3.187720e-01
387 6.795520e-01 1.428000e-03 3.190200e-01
388 6.792960e-01 1.456000e-03 3.192480e-01
389 6.790960e-01 1.404000e-03 3.195000e-01
390 6.788760e-01 1.332000e-03 3.197920e-01
391 6.786760e-01 1.300000e-03 3.200240e-01
392 6.784640e-01 1.280000e-03 3.202560e-01
393 6.782160e-01 1.328000e-03 3.204560e-01
394 6.780080e-01 1.308000e-03 3.206840e-01
395 6.777800e-01 1.280000e-03 3.209400e-01
396 6.774880e-01 1.336000e-03 3.211760e-01
397 6.772920e-01 1.332000e-03 3.213760e-01
398 6.770160e-01 1.408000e-03 3.215760e-01
399 6.768280e-01 1.328000e-03 3.218440e-01
400 6.766080e-01 1.384000e-03 3.220080e-01
401 6.763440e-01 1.400000e-03 3.222560e-01
402 6.761080e-01 1.388000e-03 3.225040e-01
403 6.758120e-01 1.480000e-03 3.227080e-01
404 6.756160e-01 1.352000e-03 3.230320e-01
405 6.753600e-01 1.372000e-03 3.232680e-01
406 6.751200e-01 1.364000e-03 3.235160e-01
407 6.749360e-01 1.404000e-03 3.236600e-01
408 6.747120e-01 1.392000e-03 3.238960e-01
409 6.744560e-01 1.400000e-03 3.241440e-01
410 6.742160e-01 1.448000e-03 3.243360e-01
411 6.740280e-01 1.408000e-03 3.245640e-01
412 6.738480e-01 1.344000e-03 3.248080e-01
413 6.736920e-01 1.296000e-03 3.250120e-01
414 6.735240e-01 1.236000e-03 3.252400e-01
415 6.732960e-01 1.240000e-03 3.254640e-01
416 6.730640e-01 1.224000e-03 3.257120e-01
417 6.728800e-01 1.188000e-03 3.259320e-01
418 6.726640e-01 1.220000e-03 3.261160e-01
419 6.724960e-01 1.148000e-03 3.263560e-01
420 6.722800e-01 1.144000e-03 3.265760e-01
421 6.720640e-01 1.188000e-03 3.267480e-01
422 6.718680e-01 1.212000e-03 3.269200e-01
423 6.715640e-01 1.320000e-03 3.271160e-01
424 6.713240e-01 1.292000e-03 3.273840e-01
425 6.710840e-01 1.288000e-03 3.276280e-01
426 6.708040e-01 1.336000e-03 3.278600e-01
427 6.705560e-01 1.368000e-03 3.280760e-01
428 6.702440e-01 1.420000e-03 3.283360e-01
429 6.699680e-01 1.436000e-03 3.285960e-01
430 6.696880e-01 1.456000e-03 3.288560e-01
431 6.694200e-01 1.480000e-03 3.291000e-01
432 6.691680e-01 1.468000e-03 3.293640e-01
433 6.689240e-01 1.428000e-03 3.296480e-01
434 6.687120e-01 1.448000e-03 3.298400e-01
435 6.685280e-01 1.332000e-03 3.301400e-01
436 6.683360e-01 1.356000e-03 3.303080e-01
437 6.681720e-01 1.244000e-03 3.305840e-01
438 6.679720e-01 1.188000e-03 3.308400e-01
439 6.678200e-01 1.128000e-03 3.310520e-01
440 6.676400e-01 1.112000e-03 3.312480e-01
441 6.674720e-01 1.100000e-03 3.314280e-01
442 6.673280e-01 1.032000e-03 3.316400e-01
443 6.671280e-01 1.072000e-03 3.318000e-01
444 6.669640e-01 1.064000e-03 3.319720e-01
445 6.667360e-01 1.116000e-03 3.321480e-01
446 6.665520e-01 1.060000e-03 3.323880e-01
447 6.664080e-01 1.036000e-03 3.325560e-01
448 6.662680e-01 1.028000e-03 3.327040e-01
449 6.661440e-01 9.880000e-04 3.328680e-01
450 6.660400e-01 8.840000e-04 3.330760e-01
451 6.659000e-01 8.800000e-04 3.332200e-01
452 6.657880e-01 8.360000e-04 3.333760e-01
453 6.657000e-01 7.600000e-04 3.335400e-01
454 6.656480e-01 6.800000e-04 3.336720e-01
455 6.655440e-01 6.440000e-04 3.338120e-01
456 6.654520e-01 6.400000e-04 3.339080e-01
457 6.653440e-01 5.960000e-04 3.340600e-01
458 6.652320e-01 6.160000e-04 3.341520e-01
459 6.651240e-01 6.200000e-04 3.342560e-01
460 6.650440e-01 6.000000e-04 3.343560e-01
461 6.649480e-01 6.120000e-04 3.344400e-01
462 6.648160e-01 6.320000e-04 3.345520e-01
463 6.646800e-01 6.880000e-04 3.346320e-01
464 6.645040e-01 7.480000e-04 3.347480e-01
465 6.643920e-01 7.040000e-04 3.349040e-01
466 6.642440e-01 7.120000e-04 3.350440e-01
467 6.640960e-01 7.240000e-04 3.351800e-01
468 6.639840e-01 6.760000e-04 3.353400e-01
469 6.638640e-01 6.920000e-04 3.354440e-01
470 6.637920e-01 6.560000e-04 3.355520e-01
471 6.636280e-01 7.240000e-04 3.356480e-01
472 6.634920e-01 7.400000e-04 3.357680e-01
473 6.634080e-01 6.680000e-04 3.359240e-01
474 6.633080e-01 6.640000e-04 3.360280e-01
475 6.631960e-01 6.400000e-04 3.361640e-01
476 6.630760e-01 6.320000e-04 3.362920e-01
477 6.630120e-01 6.320000e-04 3.363560e-01
478 6.629080e-01 6.160000e-04 3.364760e-01
479 6.628120e-01 6.040000e-04 3.365840e-01
480 6.627040e-01 6.440000e-04 3.366520e-01
481 6.626120e-01 5.960000e-04 3.367920e-01
482 6.624880e-01 5.600000e-04 3.369520e-01
483 6.623960e-01 5.320000e-04 3.370720e-01
484 6.622760e-01 5.280000e-04 3.371960e-01
485 6.622000e-01 5.240000e-04 3.372760e-01
486 6.620960e-01 5.040000e-04 3.374000e-01
487 6.620200e-01 4.760000e-04 3.375040e-01
488 6.619120e-01 5.000000e-04 3.375880e-01
489 6.618240e-01 5.360000e-04 3.376400e-01
490 6.617440e-01 5.440000e-04 3.377120e-01
491 6.616480e-01 5.440000e-04 3.378080e-01
492 6.615640e-01 5.440000e-04 3.378920e-01
493 6.614400e-01 5.960000e-04 3.379640e-01
494 6.612880e-01 6.360000e-04 3.380760e-01
495 6.611840e-01 6.240000e-04 3.381920e-01
496 6.610080e-01 7.040000e-04 3.382880e-01
497 6.608760e-01 6.720000e-04 3.384520e-01
498 6.607600e-01 6.800000e-04 3.385600e-01
499 6.606120e-01 6.560000e-04 3.387320e-01
500 6.604800e-01 6.560000e-04 3.388640e-01
