1 9.992280e-01 6.920000e-04 8.000000e-05
2 9.987160e-01 1.056000e-03 2.280000e-04
3 9.981080e-01 1.420000e-03 4.720000e-04
4 9.975320e-01 1.752000e-03 7.160000e-04
5 9.967560e-01 2.196000e-03 1.048000e-03
6 9.959840e-01 2.556000e-03 1.460000e-03
7 9.952080e-01 2.852000e-03 1.940000e-03
8 9.943400e-01 3.260000e-03 2.400000e-03
9 9.934600e-01 3.552000e-03 2.988000e-03
10 9.925920e-01 3.780000e-03 3.628000e-03
11 9.917280e-01 3.948000e-03 4.324000e-03
12 9.907520e-01 4.184000e-03 5.064000e-03
13 9.896960e-01 4.468000e-03 5.836000e-03
14 9.885560e-01 4.800000e-03 6.644000e-03
15 9.874160e-01 5.024000e-03 7.560000e-03
16 9.861920e-01 5.344000e-03 8.464000e-03
17 9.848640e-01 5.712000e-03 9.424000e-03
18 9.835640e-01 6.112000e-03 1.032400e-02
19 9.822600e-01 6.356000e-03 1.138400e-02
20 9.811160e-01 6.480000e-03 1.240400e-02
21 9.797200e-01 6.700000e-03 1.358000e-02
22 9.784120e-01 6.860000e-03 1.472800e-02
23 9.769920e-01 7.080000e-03 1.592800e-02
24 9.756280e-01 7.096000e-03 1.727600e-02
25 9.743720e-01 7.112000e-03 1.851600e-02
26 9.730480e-01 7.220000e-03 1.973200e-02
27 9.716640e-01 7.480000e-03 2.085600e-02
28 9.702480e-01 7.460000e-03 2.229200e-02
29 9.688840e-01 7.472000e-03 2.364400e-02
30 9.672840e-01 7.840000e-03 2.487600e-02
31 9.658400e-01 7.904000e-03 2.625600e-02
32 9.644600e-01 7.916000e-03 2.762400e-02
33 9.628760e-01 8.020000e-03 2.910400e-02
34 9.613720e-01 8.032000e-03 3.059600e-02
35 9.598160e-01 8.224000e-03 3.196000e-02
36 9.582640e-01 8.224000e-03 3.351200e-02
37 9.567440e-01 8.392000e-03 3.486400e-02
38 9.550640e-01 8.604000e-03 3.633200e-02
39 9.534760e-01 8.768000e-03 3.775600e-02
40 9.518600e-01 8.900000e-03 3.924000e-02
41 9.500440e-01 9.212000e-03 4.074400e-02
42 9.483400e-01 9.316000e-03 4.234400e-02
43 9.466160e-01 9.164000e-03 4.422000e-02
44 9.448400e-01 9.412000e-03 4.574800e-02
45 9.431840e-01 9.272000e-03 4.754400e-02
46 9.417400e-01 9.004000e-03 4.925600e-02
47 9.400160e-01 9.140000e-03 5.084400e-02
48 9.384120e-01 9.184000e-03 5.240400e-02
49 9.368040e-01 9.260000e-03 5.393600e-02
50 9.351000e-01 9.372000e-03 5.552800e-02
51 9.334440e-01 9.400000e-03 5.715600e-02
52 9.318800e-01 9.152000e-03 5.896800e-02
53 9.302920e-01 9.084000e-03 6.062400e-02
54 9.287960e-01 9.100000e-03 6.210400e-02
55 9.272360e-01 9.180000e-03 6.358400e-02
56 9.256040e-01 9.156000e-03 6.524000e-02
57 9.240160e-01 9.160000e-03 6.682400e-02
58 9.223960e-01 9.336000e-03 6.826800e-02
59 9.208200e-01 9.284000e-03 6.989600e-02
60 9.192480e-01 9.164000e-03 7.158800e-02
61 9.176920e-01 9.136000e-03 7.317200e-02
62 9.162080e-01 9.096000e-03 7.469600e-02
63 9.145160e-01 9.200000e-03 7.628400e-02
64 9.129240e-01 9.076000e-03 7.800000e-02
65 9.114280e-01 8.908000e-03 7.966400e-02
66 9.097800e-01 9.000000e-03 8.122000e-02
67 9.081480e-01 9.088000e-03 8.276400e-02
68 9.067200e-01 8.848000e-03 8.443200e-02
69 9.052440e-01 8.820000e-03 8.593600e-02
70 9.036960e-01 8.868000e-03 8.743600e-02
71 9.020840e-01 8.944000e-03 8.897200e-02
72 9.005560e-01 8.900000e-03 9.054400e-02
73 8.991080e-01 8.700000e-03 9.219200e-02
74 8.975880e-01 8.688000e-03 9.372400e-02
75 8.960240e-01 8.724000e-03 9.525200e-02
76 8.945120e-01 8.664000e-03 9.682400e-02
77 8.930120e-01 8.728000e-03 9.826000e-02
78 8.914400e-01 8.820000e-03 9.974000e-02
79 8.899360e-01 8.732000e-03 1.013320e-01
80 8.885200e-01 8.728000e-03 1.027520e-01
81 8.870040e-01 8.716000e-03 1.042800e-01
82 8.855320e-01 8.544000e-03 1.059240e-01
83 8.841400e-01 8.488000e-03 1.073720e-01
84 8.828120e-01 8.344000e-03 1.088440e-01
85 8.814800e-01 8.144000e-03 1.103760e-01
86 8.800760e-01 7.996000e-03 1.119280e-01
87 8.786440e-01 8.076000e-03 1.132800e-01
88 8.772360e-01 8.040000e-03 1.147240e-01
89 8.758080e-01 7.860000e-03 1.163320e-01
90 8.744240e-01 7.892000e-03 1.176840e-01
91 8.731800e-01 7.660000e-03 1.191600e-01
92 8.717600e-01 7.748000e-03 1.204920e-01
93 8.705040e-01 7.704000e-03 1.217920e-01
94 8.691200e-01 7.740000e-03 1.231400e-01
95 8.678040e-01 7.728000e-03 1.244680e-01
96 8.664760e-01 7.580000e-03 1.259440e-01
97 8.651320e-01 7.708000e-03 1.271600e-01
98 8.636920e-01 7.768000e-03 1.285400e-01
99 8.624000e-01 7.752000e-03 1.298480e-01
100 8.612000e-01 7.640000e-03 1.311600e-01
101 8.599640e-01 7.528000e-03 1.325080e-01
102 8.588640e-01 7.248000e-03 1.338880e-01
103 8.577040e-01 7.152000e-03 1.351440e-01
104 8.563920e-01 7.264000e-03 1.363440e-01
105 8.550280e-01 7.252000e-03 1.377200e-01
106 8.537560e-01 7.120000e-03 1.391240e-01
107 8.526160e-01 7.044000e-03 1.403400e-01
108 8.513520e-01 7.040000e-03 1.416080e-01
109 8.501280e-01 6.992000e-03 1.428800e-01
110 8.488440e-01 7.028000e-03 1.441280e-01
111 8.475360e-01 7.124000e-03 1.453400e-01
112 8.461840e-01 7.248000e-03 1.465680e-01
113 8.448600e-01 7.324000e-03 1.478160e-01
114 8.435000e-01 7.376000e-03 1.491240e-01
115 8.422480e-01 7.388000e-03 1.503640e-01
116 8.409280e-01 7.500000e-03 1.515720e-01
117 8.395720e-01 7.444000e-03 1.529840e-01
118 8.385200e-01 7.168000e-03 1.543120e-01
119 8.373120e-01 7.064000e-03 1.556240e-01
120 8.361200e-01 7.076000e-03 1.568040e-01
121 8.348440e-01 7.176000e-03 1.579800e-01
122 8.337280e-01 7.040000e-03 1.592320e-01
123 8.326880e-01 7.008000e-03 1.603040e-01
124 8.314720e-01 6.996000e-03 1.615320e-01
125 8.301960e-01 7.040000e-03 1.627640e-01
126 8.289600e-01 7.060000e-03 1.639800e-01
127 8.276880e-01 7.072000e-03 1.652400e-01
128 8.263840e-01 7.088000e-03 1.665280e-01
129 8.251640e-01 7.056000e-03 1.677800e-01
130 8.240280e-01 6.948000e-03 1.690240e-01
131 8.227680e-01 7.032000e-03 1.702000e-01
132 8.216160e-01 6.912000e-03 1.714720e-01
133 8.204800e-01 6.804000e-03 1.727160e-01
134 8.192520e-01 6.764000e-03 1.739840e-01
135 8.180800e-01 6.892000e-03 1.750280e-01
136 8.168800e-01 6.888000e-03 1.762320e-01
137 8.156320e-01 6.836000e-03 1.775320e-01
138 8.145480e-01 6.860000e-03 1.785920e-01
139 8.134360e-01 6.744000e-03 1.798200e-01
140 8.122600e-01 6.844000e-03 1.808960e-01
141 8.110640e-01 6.856000e-03 1.820800e-01
142 8.101000e-01 6.520000e-03 1.833800e-01
143 8.090840e-01 6.416000e-03 1.845000e-01
144 8.079240e-01 6.348000e-03 1.857280e-01
145 8.068400e-01 6.408000e-03 1.867520e-01
146 8.056640e-01 6.428000e-03 1.879080e-01
147 8.046160e-01 6.440000e-03 1.889440e-01
148 8.035040e-01 6.448000e-03 1.900480e-01
149 8.024400e-01 6.420000e-03 1.911400e-01
150 8.016040e-01 6.096000e-03 1.923000e-01
151 8.007040e-01 5.972000e-03 1.933240e-01
152 7.998120e-01 5.828000e-03 1.943600e-01
153 7.986600e-01 6.052000e-03 1.952880e-01
154 7.976560e-01 6.052000e-03 1.962920e-01
155 7.965520e-01 6.068000e-03 1.973800e-01
156 7.955480e-01 6.132000e-03 1.983200e-01
157 7.944760e-01 6.196000e-03 1.993280e-01
158 7.935080e-01 6.080000e-03 2.004120e-01
159 7.925680e-01 5.880000e-03 2.015520e-01
160 7.916320e-01 5.732000e-03 2.026360e-01
161 7.905240e-01 5.756000e-03 2.037200e-01
162 7.895840e-01 5.744000e-03 2.046720e-01
163 7.886440e-01 5.652000e-03 2.057040e-01
164 7.878240e-01 5.616000e-03 2.065600e-01
165 7.869320e-01 5.508000e-03 2.075600e-01
166 7.860920e-01 5.300000e-03 2.086080e-01
167 7.853040e-01 5.220000e-03 2.094760e-01
168 7.844920e-01 5.080000e-03 2.104280e-01
169 7.837320e-01 5.004000e-03 2.112640e-01
170 7.828920e-01 4.940000e-03 2.121680e-01
171 7.822360e-01 4.832000e-03 2.129320e-01
172 7.814480e-01 4.812000e-03 2.137400e-01
173 7.806840e-01 4.696000e-03 2.146200e-01
174 7.799160e-01 4.660000e-03 2.154240e-01
175 7.790960e-01 4.608000e-03 2.162960e-01
176 7.784160e-01 4.496000e-03 2.170880e-01
177 7.777920e-01 4.372000e-03 2.178360e-01
178 7.771120e-01 4.316000e-03 2.185720e-01
179 7.764280e-01 4.268000e-03 2.193040e-01
180 7.757360e-01 4.260000e-03 2.200040e-01
181 7.750160e-01 4.244000e-03 2.207400e-01
182 7.744280e-01 4.112000e-03 2.214600e-01
183 7.737800e-01 4.024000e-03 2.221960e-01
184 7.731520e-01 3.972000e-03 2.228760e-01
185 7.724720e-01 3.904000e-03 2.236240e-01
186 7.718240e-01 3.848000e-03 2.243280e-01
187 7.711720e-01 3.848000e-03 2.249800e-01
188 7.705280e-01 3.828000e-03 2.256440e-01
189 7.699960e-01 3.668000e-03 2.263360e-01
190 7.692840e-01 3.780000e-03 2.269360e-01
191 7.685320e-01 3.876000e-03 2.275920e-01
192 7.678480e-01 3.920000e-03 2.282320e-01
193 7.671160e-01 4.004000e-03 2.288800e-01
194 7.664760e-01 3.896000e-03 2.296280e-01
195 7.658720e-01 3.916000e-03 2.302120e-01
196 7.650840e-01 3.988000e-03 2.309280e-01
197 7.644560e-01 3.864000e-03 2.316800e-01
198 7.638520e-01 3.880000e-03 2.322680e-01
199 7.632720e-01 3.840000e-03 2.328880e-01
200 7.626400e-01 3.764000e-03 2.335960e-01
201 7.620400e-01 3.676000e-03 2.342840e-01
202 7.615800e-01 3.496000e-03 2.349240e-01
203 7.609760e-01 3.532000e-03 2.354920e-01
204 7.604400e-01 3.512000e-03 2.360480e-01
205 7.598600e-01 3.476000e-03 2.366640e-01
206 7.593200e-01 3.468000e-03 2.372120e-01
207 7.587000e-01 3.548000e-03 2.377520e-01
208 7.580400e-01 3.628000e-03 2.383320e-01
209 7.574600e-01 3.524000e-03 2.390160e-01
210 7.568960e-01 3.440000e-03 2.396640e-01
211 7.563280e-01 3.432000e-03 2.402400e-01
212 7.558560e-01 3.288000e-03 2.408560e-01
213 7.551840e-01 3.356000e-03 2.414600e-01
214 7.546760e-01 3.300000e-03 2.420240e-01
215 7.540920e-01 3.264000e-03 2.426440e-01
216 7.535400e-01 3.220000e-03 2.432400e-01
217 7.531120e-01 3.052000e-03 2.438360e-01
218 7.526280e-01 3.036000e-03 2.443360e-01
219 7.522280e-01 2.928000e-03 2.448440e-01
220 7.518160e-01 2.868000e-03 2.453160e-01
221 7.513680e-01 2.820000e-03 2.458120e-01
222 7.509560e-01 2.732000e-03 2.463120e-01
223 7.505840e-01 2.612000e-03 2.468040e-01
224 7.502200e-01 2.584000e-03 2.471960e-01
225 7.497960e-01 2.564000e-03 2.476400e-01
226 7.494040e-01 2.508000e-03 2.480880e-01
227 7.489400e-01 2.500000e-03 2.485600e-01
228 7.484240e-01 2.552000e-03 2.490240e-01
229 7.480360e-01 2.464000e-03 2.495000e-01
230 7.475760e-01 2.508000e-03 2.499160e-01
231 7.470520e-01 2.580000e-03 2.503680e-01
232 7.465760e-01 2.584000e-03 2.508400e-01
233 7.461360e-01 2.564000e-03 2.513000e-01
234 7.457640e-01 2.500000e-03 2.517360e-01
235 7.453440e-01 2.512000e-03 2.521440e-01
236 7.449080e-01 2.500000e-03 2.525920e-01
237 7.444960e-01 2.480000e-03 2.530240e-01
238 7.440920e-01 2.444000e-03 2.534640e-01
239 7.437920e-01 2.352000e-03 2.538560e-01
240 7.433720e-01 2.316000e-03 2.543120e-01
241 7.430440e-01 2.276000e-03 2.546800e-01
242 7.427520e-01 2.188000e-03 2.550600e-01
243 7.424160e-01 2.228000e-03 2.553560e-01
244 7.419280e-01 2.284000e-03 2.557880e-01
245 7.415280e-01 2.324000e-03 2.561480e-01
246 7.411520e-01 2.284000e-03 2.565640e-01
247 7.408240e-01 2.240000e-03 2.569360e-01
248 7.404440e-01 2.188000e-03 2.573680e-01
249 7.401480e-01 2.112000e-03 2.577400e-01
250 7.398200e-01 2.068000e-03 2.581120e-01
251 7.394240e-01 2.128000e-03 2.584480e-01
252 7.390280e-01 2.156000e-03 2.588160e-01
253 7.386800e-01 2.128000e-03 2.591920e-01
254 7.383320e-01 2.080000e-03 2.595880e-01
255 7.380040e-01 2.040000e-03 2.599560e-01
256 7.377160e-01 1.964000e-03 2.603200e-01
257 7.374240e-01 1.908000e-03 2.606680e-01
258 7.371400e-01 1.908000e-03 2.609520e-01
259 7.368000e-01 1.932000e-03 2.612680e-01
260 7.364920e-01 1.852000e-03 2.616560e-01
261 7.361520e-01 1.852000e-03 2.619960e-01
262 7.358200e-01 1.880000e-03 2.623000e-01
263 7.354360e-01 1.952000e-03 2.626120e-01
264 7.351480e-01 1.952000e-03 2.629000e-01
265 7.348560e-01 1.844000e-03 2.633000e-01
266 7.345800e-01 1.708000e-03 2.637120e-01
267 7.343640e-01 1.600000e-03 2.640360e-01
268 7.341040e-01 1.620000e-03 2.642760e-01
269 7.338800e-01 1.576000e-03 2.645440e-01
270 7.336360e-01 1.516000e-03 2.648480e-01
271 7.334320e-01 1.408000e-03 2.651600e-01
272 7.332240e-01 1.352000e-03 2.654240e-01
273 7.330200e-01 1.292000e-03 2.656880e-01
274 7.328160e-01 1.244000e-03 2.659400e-01
275 7.326040e-01 1.252000e-03 2.661440e-01
276 7.323920e-01 1.256000e-03 2.663520e-01
277 7.321400e-01 1.304000e-03 2.665560e-01
278 7.319480e-01 1.284000e-03 2.667680e-01
279 7.317480e-01 1.264000e-03 2.669880e-01
280 7.315800e-01 1.244000e-03 2.671760e-01
281 7.313960e-01 1.236000e-03 2.673680e-01
282 7.311960e-01 1.216000e-03 2.675880e-01
283 7.310320e-01 1.184000e-03 2.677840e-01
284 7.307960e-01 1.224000e-03 2.679800e-01
285 7.306400e-01 1.140000e-03 2.682200e-01
286 7.304720e-01 1.128000e-03 2.684000e-01
287 7.302440e-01 1.168000e-03 2.685880e-01
288 7.300400e-01 1.176000e-03 2.687840e-01
289 7.298200e-01 1.168000e-03 2.690120e-01
290 7.296600e-01 1.156000e-03 2.691840e-01
291 7.294360e-01 1.216000e-03 2.693480e-01
292 7.292680e-01 1.148000e-03 2.695840e-01
293 7.290720e-01 1.124000e-03 2.698040e-01
294 7.288480e-01 1.176000e-03 2.699760e-01
295 7.285920e-01 1.180000e-03 2.702280e-01
296 7.283040e-01 1.256000e-03 2.704400e-01
297 7.280640e-01 1.288000e-03 2.706480e-01
298 7.277760e-01 1.360000e-03 2.708640e-01
299 7.275480e-01 1.344000e-03 2.711080e-01
300 7.273280e-01 1.344000e-03 2.713280e-01
301 7.271160e-01 1.308000e-03 2.715760e-01
302 7.268920e-01 1.296000e-03 2.718120e-01
303 7.266520e-01 1.324000e-03 2.720240e-01
304 7.264360e-01 1.340000e-03 2.722240e-01
305 7.261640e-01 1.400000e-03 2.724360e-01
306 7.258680e-01 1.484000e-03 2.726480e-01
307 7.255080e-01 1.584000e-03 2.729080e-01
308 7.250920e-01 1.728000e-03 2.731800e-01
309 7.247960e-01 1.700000e-03 2.735040e-01
310 7.244760e-01 1.692000e-03 2.738320e-01
311 7.241360e-01 1.744000e-03 2.741200e-01
312 7.238160e-01 1.740000e-03 2.744440e-01
313 7.234840e-01 1.760000e-03 2.747560e-01
314 7.230960e-01 1.884000e-03 2.750200e-01
315 7.227240e-01 1.932000e-03 2.753440e-01
316 7.222640e-01 1.992000e-03 2.757440e-01
317 7.218680e-01 2.008000e-03 2.761240e-01
318 7.215440e-01 1.956000e-03 2.765000e-01
319 7.211840e-01 1.968000e-03 2.768480e-01
320 7.208800e-01 1.896000e-03 2.772240e-01
321 7.205640e-01 1.892000e-03 2.775440e-01
322 7.202800e-01 1.848000e-03 2.778720e-01
323 7.200120e-01 1.792000e-03 2.781960e-01
324 7.196920e-01 1.764000e-03 2.785440e-01
325 7.193760e-01 1.816000e-03 2.788080e-01
326 7.190800e-01 1.788000e-03 2.791320e-01
327 7.188040e-01 1.768000e-03 2.794280e-01
328 7.185840e-01 1.608000e-03 2.798080e-01
329 7.183080e-01 1.584000e-03 2.801080e-01
330 7.180520e-01 1.508000e-03 2.804400e-01
331 7.178360e-01 1.448000e-03 2.807160e-01
332 7.175320e-01 1.540000e-03 2.809280e-01
333 7.172480e-01 1.596000e-03 2.811560e-01
334 7.169840e-01 1.584000e-03 2.814320e-01
335 7.166280e-01 1.720000e-03 2.816520e-01
336 7.163240e-01 1.708000e-03 2.819680e-01
337 7.160040e-01 1.748000e-03 2.822480e-01
338 7.157480e-01 1.684000e-03 2.825680e-01
339 7.155200e-01 1.652000e-03 2.828280e-01
340 7.152440e-01 1.600000e-03 2.831560e-01
341 7.149800e-01 1.616000e-03 2.834040e-01
342 7.147080e-01 1.568000e-03 2.837240e-01
343 7.143480e-01 1.672000e-03 2.839800e-01
344 7.140400e-01 1.652000e-03 2.843080e-01
345 7.136680e-01 1.704000e-03 2.846280e-01
346 7.133640e-01 1.716000e-03 2.849200e-01
347 7.130600e-01 1.704000e-03 2.852360e-01
348 7.128480e-01 1.652000e-03 2.855000e-01
349 7.125840e-01 1.636000e-03 2.857800e-01
350 7.123080e-01 1.640000e-03 2.860520e-01
351 7.120720e-01 1.552000e-03 2.863760e-01
352 7.118200e-01 1.500000e-03 2.866800e-01
353 7.116400e-01 1.448000e-03 2.869120e-01
354 7.113680e-01 1.488000e-03 2.871440e-01
355 7.111200e-01 1.460000e-03 2.874200e-01
356 7.108760e-01 1.440000e-03 2.876840e-01
357 7.107000e-01 1.368000e-03 2.879320e-01
358 7.105320e-01 1.312000e-03 2.881560e-01
359 7.102800e-01 1.396000e-03 2.883240e-01
360 7.100840e-01 1.336000e-03 2.885800e-01
361 7.098480e-01 1.320000e-03 2.888320e-01
362 7.095920e-01 1.348000e-03 2.890600e-01
363 7.093560e-01 1.324000e-03 2.893200e-01
364 7.091880e-01 1.276000e-03 2.895360e-01
365 7.089880e-01 1.264000e-03 2.897480e-01
366 7.087640e-01 1.280000e-03 2.899560e-01
367 7.085160e-01 1.288000e-03 2.901960e-01
368 7.082880e-01 1.316000e-03 2.903960e-01
369 7.080040e-01 1.384000e-03 2.906120e-01
370 7.077840e-01 1.416000e-03 2.908000e-01
371 7.075800e-01 1.388000e-03 2.910320e-01
372 7.073160e-01 1.424000e-03 2.912600e-01
373 7.071360e-01 1.344000e-03 2.915200e-01
374 7.069640e-01 1.276000e-03 2.917600e-01
375 7.067720e-01 1.284000e-03 2.919440e-01
376 7.065720e-01 1.292000e-03 2.921360e-01
377 7.063680e-01 1.232000e-03 2.924000e-01
378 7.061960e-01 1.208000e-03 2.925960e-01
379 7.060200e-01 1.180000e-03 2.928000e-01
380 7.058160e-01 1.160000e-03 2.930240e-01
381 7.056440e-01 1.124000e-03 2.932320e-01
382 7.054840e-01 1.060000e-03 2.934560e-01
383 7.053160e-01 9.840000e-04 2.937000e-01
384 7.051680e-01 9.400000e-04 2.938920e-01
385 7.050160e-01 9.400000e-04 2.940440e-01
386 7.048640e-01 9.200000e-04 2.942160e-01
387 7.047240e-01 8.360000e-04 2.944400e-01
388 7.045360e-01 8.800000e-04 2.945840e-01
389 7.043320e-01 9.480000e-04 2.947200e-01
390 7.041160e-01 1.008000e-03 2.948760e-01
391 7.039520e-01 9.800000e-04 2.950680e-01
392 7.037760e-01 9.720000e-04 2.952520e-01
393 7.036360e-01 9.240000e-04 2.954400e-01
394 7.034560e-01 8.840000e-04 2.956600e-01
395 7.032280e-01 9.840000e-04 2.957880e-01
396 7.030680e-01 1.008000e-03 2.959240e-01
397 7.028040e-01 1.052000e-03 2.961440e-01
398 7.025920e-01 1.080000e-03 2.963280e-01
399 7.024160e-01 1.080000e-03 2.965040e-01
400 7.021600e-01 1.164000e-03 2.966760e-01
401 7.019560e-01 1.144000e-03 2.969000e-01
402 7.017200e-01 1.164000e-03 2.971160e-01
403 7.015240e-01 1.216000e-03 2.972600e-01
404 7.013920e-01 1.140000e-03 2.974680e-01
405 7.012480e-01 1.100000e-03 2.976520e-01
406 7.011400e-01 1.020000e-03 2.978400e-01
407 7.009760e-01 9.840000e-04 2.980400e-01
408 7.008360e-01 9.280000e-04 2.982360e-01
409 7.007200e-01 8.800000e-04 2.984000e-01
410 7.006200e-01 8.000000e-04 2.985800e-01
411 7.004960e-01 7.680000e-04 2.987360e-01
412 7.004080e-01 7.320000e-04 2.988600e-01
413 7.003080e-01 7.120000e-04 2.989800e-01
414 7.002360e-01 6.840000e-04 2.990800e-01
415 7.001440e-01 7.040000e-04 2.991520e-01
416 7.000600e-01 6.640000e-04 2.992760e-01
417 6.999200e-01 7.120000e-04 2.993680e-01
418 6.998000e-01 7.120000e-04 2.994880e-01
419 6.996800e-01 6.960000e-04 2.996240e-01
420 6.995760e-01 7.000000e-04 2.997240e-01
421 6.994600e-01 6.760000e-04 2.998640e-01
422 6.993720e-01 6.360000e-04 2.999920e-01
423 6.992520e-01 6.600000e-04 3.000880e-01
424 6.990920e-01 7.040000e-04 3.002040e-01
425 6.989640e-01 7.040000e-04 3.003320e-01
426 6.987920e-01 7.360000e-04 3.004720e-01
427 6.986720e-01 7.360000e-04 3.005920e-01
428 6.985080e-01 8.280000e-04 3.006640e-01
429 6.982840e-01 8.840000e-04 3.008320e-01
430 6.981480e-01 9.080000e-04 3.009440e-01
431 6.979880e-01 9.000000e-04 3.011120e-01
432 6.978120e-01 9.280000e-04 3.012600e-01
433 6.976640e-01 9.160000e-04 3.014200e-01
434 6.974840e-01 9.400000e-04 3.015760e-01
435 6.973520e-01 9.120000e-04 3.017360e-01
436 6.972080e-01 9.000000e-04 3.018920e-01
437 6.970280e-01 8.600000e-04 3.021120e-01
438 6.968880e-01 8.520000e-04 3.022600e-01
439 6.967560e-01 8.200000e-04 3.024240e-01
440 6.966280e-01 8.320000e-04 3.025400e-01
441 6.965080e-01 7.680000e-04 3.027240e-01
442 6.964040e-01 7.480000e-04 3.028480e-01
443 6.963160e-01 7.160000e-04 3.029680e-01
444 6.962320e-01 6.560000e-04 3.031120e-01
445 6.961680e-01 6.000000e-04 3.032320e-01
446 6.961040e-01 5.680000e-04 3.033280e-01
447 6.960520e-01 5.040000e-04 3.034440e-01
448 6.959360e-01 5.240000e-04 3.035400e-01
449 6.958240e-01 5.120000e-04 3.036640e-01
450 6.957360e-01 5.120000e-04 3.037520e-01
451 6.956640e-01 4.960000e-04 3.038400e-01
452 6.955840e-01 4.840000e-04 3.039320e-01
453 6.955240e-01 4.480000e-04 3.040280e-01
454 6.954880e-01 4.120000e-04 3.041000e-01
455 6.954160e-01 3.920000e-04 3.041920e-01
456 6.953640e-01 3.600000e-04 3.042760e-01
457 6.953120e-01 3.600000e-04 3.043280e-01
458 6.952760e-01 3.320000e-04 3.043920e-01
459 6.952480e-01 3.000000e-04 3.044520e-01
460 6.952400e-01 2.680000e-04 3.044920e-01
461 6.952240e-01 2.400000e-04 3.045360e-01
462 6.952120e-01 2.080000e-04 3.045800e-01
463 6.951920e-01 2.080000e-04 3.046000e-01
464 6.951480e-01 2.120000e-04 3.046400e-01
465 6.951320e-01 1.840000e-04 3.046840e-01
466 6.951040e-01 1.880000e-04 3.047080e-01
467 6.950640e-01 1.960000e-04 3.047400e-01
468 6.950120e-01 2.160000e-04 3.047720e-01
469 6.949800e-01 2.040000e-04 3.048160e-01
470 6.949320e-01 2.400000e-04 3.048280e-01
471 6.949040e-01 2.280000e-04 3.048680e-01
472 6.948920e-01 2.000000e-04 3.049080e-01
473 6.948440e-01 2.120000e-04 3.049440e-01
474 6.948160e-01 2.200000e-04 3.049640e-01
475 6.947840e-01 2.160000e-04 3.050000e-01
476 6.947360e-01 2.200000e-04 3.050440e-01
477 6.947000e-01 2.120000e-04 3.050880e-01
478 6.946560e-01 2.040000e-04 3.051400e-01
479 6.946320e-01 1.960000e-04 3.051720e-01
480 6.946080e-01 2.080000e-04 3.051840e-01
481 6.945800e-01 2.040000e-04 3.052160e-01
482 6.945320e-01 2.280000e-04 3.052400e-01
483 6.945040e-01 2.200000e-04 3.052760e-01
484 6.944560e-01 2.280000e-04 3.053160e-01
485 6.944040e-01 2.280000e-04 3.053680e-01
486 6.943720e-01 2.200000e-04 3.054080e-01
487 6.943280e-01 2.360000e-04 3.054360e-01
488 6.942840e-01 2.440000e-04 3.054720e-01
489 6.942520e-01 2.280000e-04 3.055200e-01
490 6.942280e-01 1.960000e-04 3.055760e-01
491 6.941920e-01 2.080000e-04 3.056000e-01
492 6.941760e-01 1.920000e-04 3.056320e-01
493 6.941600e-01 1.640000e-04 3.056760e-01
494 6.941360e-01 1.680000e-04 3.056960e-01
495 6.941200e-01 1.560000e-04 3.057240e-01
496 6.941160e-01 1.400000e-04 3.057440e-01
497 6.941040e-01 1.280000e-04 3.057680e-01
498 6.941040e-01 1.040000e-04 3.057920e-01
499 6.940880e-01 1.000000e-04 3.058120e-01
500 6.940880e-01 8.800000e-05 3.058240e-01
