1 9.992520e-01 6.560000e-04 9.200000e-05
2 9.987320e-01 1.004000e-03 2.640000e-04
3 9.981320e-01 1.340000e-03 5.280000e-04
4 9.974040e-01 1.788000e-03 8.080000e-04
5 9.965320e-01 2.324000e-03 1.144000e-03
6 9.958280e-01 2.640000e-03 1.532000e-03
7 9.949920e-01 2.948000e-03 2.060000e-03
8 9.940360e-01 3.328000e-03 2.636000e-03
9 9.930600e-01 3.676000e-03 3.264000e-03
10 9.921000e-01 3.920000e-03 3.980000e-03
11 9.910480e-01 4.232000e-03 4.720000e-03
12 9.899440e-01 4.616000e-03 5.440000e-03
13 9.886160e-01 5.156000e-03 6.228000e-03
14 9.872560e-01 5.600000e-03 7.144000e-03
15 9.859360e-01 5.868000e-03 8.196000e-03
16 9.844120e-01 6.320000e-03 9.268000e-03
17 9.830200e-01 6.580000e-03 1.040000e-02
18 9.817080e-01 6.688000e-03 1.160400e-02
19 9.801880e-01 7.012000e-03 1.280000e-02
20 9.786760e-01 7.336000e-03 1.398800e-02
21 9.772560e-01 7.560000e-03 1.518400e-02
22 9.757120e-01 7.636000e-03 1.665200e-02
23 9.742360e-01 7.848000e-03 1.791600e-02
24 9.726400e-01 7.968000e-03 1.939200e-02
25 9.712320e-01 7.932000e-03 2.083600e-02
26 9.697640e-01 7.972000e-03 2.226400e-02
27 9.682040e-01 8.044000e-03 2.375200e-02
28 9.666560e-01 8.172000e-03 2.517200e-02
29 9.651240e-01 8.332000e-03 2.654400e-02
30 9.634920e-01 8.464000e-03 2.804400e-02
31 9.618360e-01 8.688000e-03 2.947600e-02
32 9.602960e-01 8.672000e-03 3.103200e-02
33 9.587680e-01 8.632000e-03 3.260000e-02
34 9.573080e-01 8.724000e-03 3.396800e-02
35 9.557920e-01 8.532000e-03 3.567600e-02
36 9.543200e-01 8.420000e-03 3.726000e-02
37 9.526800e-01 8.668000e-03 3.865200e-02
38 9.511520e-01 8.744000e-03 4.010400e-02
39 9.493640e-01 9.116000e-03 4.152000e-02
40 9.476400e-01 9.328000e-03 4.303200e-02
41 9.458640e-01 9.516000e-03 4.462000e-02
42 9.441320e-01 9.492000e-03 4.637600e-02
43 9.422960e-01 9.712000e-03 4.799200e-02
44 9.405040e-01 9.712000e-03 4.978400e-02
45 9.386040e-01 9.976000e-03 5.142000e-02
46 9.367720e-01 9.832000e-03 5.339600e-02
47 9.350880e-01 9.648000e-03 5.526400e-02
48 9.333480e-01 9.744000e-03 5.690800e-02
49 9.315360e-01 9.888000e-03 5.857600e-02
50 9.299240e-01 9.848000e-03 6.022800e-02
51 9.282640e-01 9.792000e-03 6.194400e-02
52 9.264760e-01 9.752000e-03 6.377200e-02
53 9.247960e-01 9.748000e-03 6.545600e-02
54 9.229960e-01 9.844000e-03 6.716000e-02
55 9.212920e-01 9.928000e-03 6.878000e-02
56 9.196000e-01 1.004400e-02 7.035600e-02
57 9.179960e-01 9.888000e-03 7.211600e-02
58 9.162800e-01 9.736000e-03 7.398400e-02
59 9.146040e-01 9.624000e-03 7.577200e-02
60 9.128920e-01 9.704000e-03 7.740400e-02
61 9.110640e-01 9.848000e-03 7.908800e-02
62 9.093720e-01 9.832000e-03 8.079600e-02
63 9.076640e-01 9.792000e-03 8.254400e-02
64 9.059040e-01 9.868000e-03 8.422800e-02
65 9.044600e-01 9.700000e-03 8.584000e-02
66 9.027280e-01 9.896000e-03 8.737600e-02
67 9.010960e-01 9.824000e-03 8.908000e-02
68 8.993480e-01 9.820000e-03 9.083200e-02
69 8.976160e-01 9.760000e-03 9.262400e-02
70 8.959600e-01 9.800000e-03 9.424000e-02
71 8.943800e-01 9.600000e-03 9.602000e-02
72 8.928240e-01 9.440000e-03 9.773600e-02
73 8.911480e-01 9.496000e-03 9.935600e-02
74 8.895440e-01 9.496000e-03 1.009600e-01
75 8.880000e-01 9.568000e-03 1.024320e-01
76 8.863600e-01 9.448000e-03 1.041920e-01
77 8.847520e-01 9.460000e-03 1.057880e-01
78 8.832560e-01 9.308000e-03 1.074360e-01
79 8.817440e-01 9.292000e-03 1.089640e-01
80 8.799360e-01 9.372000e-03 1.106920e-01
81 8.781680e-01 9.604000e-03 1.122280e-01
82 8.764200e-01 9.556000e-03 1.140240e-01
83 8.745560e-01 9.728000e-03 1.157160e-01
84 8.728440e-01 9.688000e-03 1.174680e-01
85 8.710960e-01 9.716000e-03 1.191880e-01
86 8.695040e-01 9.672000e-03 1.208240e-01
87 8.677360e-01 9.656000e-03 1.226080e-01
88 8.658680e-01 9.844000e-03 1.242880e-01
89 8.641240e-01 9.840000e-03 1.260360e-01
90 8.624040e-01 9.812000e-03 1.277840e-01
91 8.606000e-01 9.784000e-03 1.296160e-01
92 8.588280e-01 9.888000e-03 1.312840e-01
93 8.569680e-01 1.000800e-02 1.330240e-01
94 8.550400e-01 1.015200e-02 1.348080e-01
95 8.532240e-01 1.018000e-02 1.365960e-01
96 8.516400e-01 9.992000e-03 1.383680e-01
97 8.500000e-01 9.812000e-03 1.401880e-01
98 8.486640e-01 9.340000e-03 1.419960e-01
99 8.470920e-01 9.384000e-03 1.435240e-01
100 8.456520e-01 9.040000e-03 1.453080e-01
101 8.441560e-01 9.036000e-03 1.468080e-01
102 8.426600e-01 8.984000e-03 1.483560e-01
103 8.412200e-01 8.868000e-03 1.499120e-01
104 8.396920e-01 8.808000e-03 1.515000e-01
105 8.383600e-01 8.632000e-03 1.530080e-01
106 8.369200e-01 8.604000e-03 1.544760e-01
107 8.354760e-01 8.540000e-03 1.559840e-01
108 8.340320e-01 8.420000e-03 1.575480e-01
109 8.325920e-01 8.336000e-03 1.590720e-01
110 8.311000e-01 8.344000e-03 1.605560e-01
111 8.295160e-01 8.524000e-03 1.619600e-01
112 8.280120e-01 8.468000e-03 1.635200e-01
113 8.265360e-01 8.400000e-03 1.650640e-01
114 8.251160e-01 8.408000e-03 1.664760e-01
115 8.237200e-01 8.176000e-03 1.681040e-01
116 8.224120e-01 7.988000e-03 1.696000e-01
117 8.211560e-01 7.760000e-03 1.710840e-01
118 8.198920e-01 7.708000e-03 1.724000e-01
119 8.186640e-01 7.668000e-03 1.736680e-01
120 8.173720e-01 7.636000e-03 1.749920e-01
121 8.161680e-01 7.620000e-03 1.762120e-01
122 8.147920e-01 7.588000e-03 1.776200e-01
123 8.133560e-01 7.656000e-03 1.789880e-01
124 8.119880e-01 7.620000e-03 1.803920e-01
125 8.106720e-01 7.488000e-03 1.818400e-01
126 8.092880e-01 7.496000e-03 1.832160e-01
127 8.080160e-01 7.456000e-03 1.845280e-01
128 8.067760e-01 7.428000e-03 1.857960e-01
129 8.055880e-01 7.328000e-03 1.870840e-01
130 8.042280e-01 7.380000e-03 1.883920e-01
131 8.028840e-01 7.304000e-03 1.898120e-01
132 8.015640e-01 7.324000e-03 1.911120e-01
133 8.002880e-01 7.236000e-03 1.924760e-01
134 7.990240e-01 7.268000e-03 1.937080e-01
135 7.976440e-01 7.372000e-03 1.949840e-01
136 7.963600e-01 7.364000e-03 1.962760e-01
137 7.950000e-01 7.428000e-03 1.975720e-01
138 7.937360e-01 7.384000e-03 1.988800e-01
139 7.924360e-01 7.364000e-03 2.002000e-01
140 7.913240e-01 7.308000e-03 2.013680e-01
141 7.900120e-01 7.388000e-03 2.026000e-01
142 7.886800e-01 7.444000e-03 2.038760e-01
143 7.875080e-01 7.236000e-03 2.052560e-01
144 7.863320e-01 7.196000e-03 2.064720e-01
145 7.851200e-01 7.132000e-03 2.077480e-01
146 7.840880e-01 6.952000e-03 2.089600e-01
147 7.830280e-01 6.852000e-03 2.101200e-01
148 7.820920e-01 6.588000e-03 2.113200e-01
149 7.810920e-01 6.412000e-03 2.124960e-01
150 7.800000e-01 6.356000e-03 2.136440e-01
151 7.789760e-01 6.224000e-03 2.148000e-01
152 7.777840e-01 6.360000e-03 2.158560e-01
153 7.765760e-01 6.396000e-03 2.170280e-01
154 7.754040e-01 6.352000e-03 2.182440e-01
155 7.741640e-01 6.396000e-03 2.194400e-01
156 7.730320e-01 6.432000e-03 2.205360e-01
157 7.718720e-01 6.452000e-03 2.216760e-01
158 7.707720e-01 6.336000e-03 2.228920e-01
159 7.696920e-01 6.308000e-03 2.240000e-01
160 7.686520e-01 6.268000e-03 2.250800e-01
161 7.676240e-01 6.220000e-03 2.261560e-01
162 7.665280e-01 6.204000e-03 2.272680e-01
163 7.654920e-01 6.308000e-03 2.282000e-01
164 7.645080e-01 6.212000e-03 2.292800e-01
165 7.634240e-01 6.240000e-03 2.303360e-01
166 7.623840e-01 6.116000e-03 2.315000e-01
167 7.613160e-01 6.164000e-03 2.325200e-01
168 7.603000e-01 6.232000e-03 2.334680e-01
169 7.593920e-01 6.008000e-03 2.346000e-01
170 7.583400e-01 6.096000e-03 2.355640e-01
171 7.572600e-01 6.156000e-03 2.365840e-01
172 7.562200e-01 6.184000e-03 2.375960e-01
173 7.552440e-01 6.124000e-03 2.386320e-01
174 7.542800e-01 6.100000e-03 2.396200e-01
175 7.532320e-01 6.096000e-03 2.406720e-01
176 7.521680e-01 6.160000e-03 2.416720e-01
177 7.510720e-01 6.184000e-03 2.427440e-01
178 7.500480e-01 5.992000e-03 2.439600e-01
179 7.490640e-01 6.036000e-03 2.449000e-01
180 7.481000e-01 5.908000e-03 2.459920e-01
181 7.473080e-01 5.600000e-03 2.470920e-01
182 7.463480e-01 5.480000e-03 2.481720e-01
183 7.455840e-01 5.360000e-03 2.490560e-01
184 7.446920e-01 5.256000e-03 2.500520e-01
185 7.437440e-01 5.312000e-03 2.509440e-01
186 7.429320e-01 5.224000e-03 2.518440e-01
187 7.420400e-01 5.112000e-03 2.528480e-01
188 7.411920e-01 5.048000e-03 2.537600e-01
189 7.403640e-01 5.036000e-03 2.546000e-01
190 7.395800e-01 4.892000e-03 2.555280e-01
191 7.388280e-01 4.716000e-03 2.564560e-01
192 7.380680e-01 4.704000e-03 2.572280e-01
193 7.372400e-01 4.776000e-03 2.579840e-01
194 7.365000e-01 4.584000e-03 2.589160e-01
195 7.358200e-01 4.540000e-03 2.596400e-01
196 7.351200e-01 4.436000e-03 2.604440e-01
197 7.344480e-01 4.304000e-03 2.612480e-01
198 7.337520e-01 4.272000e-03 2.619760e-01
199 7.329680e-01 4.384000e-03 2.626480e-01
200 7.322240e-01 4.328000e-03 2.634480e-01
201 7.315320e-01 4.220000e-03 2.642480e-01
202 7.308600e-01 4.160000e-03 2.649800e-01
203 7.301760e-01 4.080000e-03 2.657440e-01
204 7.295480e-01 4.084000e-03 2.663680e-01
205 7.288400e-01 4.076000e-03 2.670840e-01
206 7.282280e-01 3.944000e-03 2.678280e-01
207 7.275600e-01 4.032000e-03 2.684080e-01
208 7.268760e-01 4.064000e-03 2.690600e-01
209 7.262920e-01 3.908000e-03 2.698000e-01
210 7.256960e-01 3.812000e-03 2.704920e-01
211 7.251200e-01 3.640000e-03 2.712400e-01
212 7.245200e-01 3.552000e-03 2.719280e-01
213 7.240080e-01 3.452000e-03 2.725400e-01
214 7.235080e-01 3.252000e-03 2.732400e-01
215 7.229120e-01 3.256000e-03 2.738320e-01
216 7.223280e-01 3.192000e-03 2.744800e-01
217 7.217920e-01 3.120000e-03 2.750880e-01
218 7.213640e-01 3.016000e-03 2.756200e-01
219 7.208880e-01 3.024000e-03 2.760880e-01
220 7.204720e-01 2.916000e-03 2.766120e-01
221 7.200040e-01 2.864000e-03 2.771320e-01
222 7.195640e-01 2.808000e-03 2.776280e-01
223 7.189160e-01 2.948000e-03 2.781360e-01
224 7.184280e-01 2.916000e-03 2.786560e-01
225 7.178160e-01 3.008000e-03 2.791760e-01
226 7.172800e-01 3.032000e-03 2.796880e-01
227 7.166920e-01 3.076000e-03 2.802320e-01
228 7.161240e-01 3.128000e-03 2.807480e-01
229 7.156280e-01 3.096000e-03 2.812760e-01
230 7.150560e-01 3.164000e-03 2.817800e-01
231 7.146280e-01 3.016000e-03 2.823560e-01
232 7.140440e-01 3.096000e-03 2.828600e-01
233 7.134760e-01 3.112000e-03 2.834120e-01
234 7.129120e-01 3.140000e-03 2.839480e-01
235 7.123000e-01 3.184000e-03 2.845160e-01
236 7.117640e-01 3.136000e-03 2.851000e-01
237 7.113040e-01 3.084000e-03 2.856120e-01
238 7.108200e-01 2.992000e-03 2.861880e-01
239 7.103280e-01 2.948000e-03 2.867240e-01
240 7.098920e-01 2.908000e-03 2.872000e-01
241 7.092760e-01 3.032000e-03 2.876920e-01
242 7.087520e-01 3.068000e-03 2.881800e-01
243 7.082280e-01 3.024000e-03 2.887480e-01
244 7.076040e-01 3.124000e-03 2.892720e-01
245 7.070280e-01 3.144000e-03 2.898280e-01
246 7.064560e-01 3.140000e-03 2.904040e-01
247 7.059520e-01 3.116000e-03 2.909320e-01
248 7.053600e-01 3.140000e-03 2.915000e-01
249 7.047840e-01 3.144000e-03 2.920720e-01
250 7.043120e-01 3.072000e-03 2.926160e-01
251 7.037560e-01 3.108000e-03 2.931360e-01
252 7.032680e-01 3.068000e-03 2.936640e-01
253 7.027960e-01 3.004000e-03 2.942000e-01
254 7.023880e-01 2.956000e-03 2.946560e-01
255 7.019400e-01 2.960000e-03 2.951000e-01
256 7.014280e-01 2.928000e-03 2.956440e-01
257 7.008720e-01 2.976000e-03 2.961520e-01
258 7.004400e-01 2.876000e-03 2.966840e-01
259 7.000040e-01 2.756000e-03 2.972400e-01
260 6.995040e-01 2.732000e-03 2.977640e-01
261 6.990800e-01 2.708000e-03 2.982120e-01
262 6.986800e-01 2.608000e-03 2.987120e-01
263 6.982440e-01 2.592000e-03 2.991640e-01
264 6.977640e-01 2.664000e-03 2.995720e-01
265 6.973360e-01 2.588000e-03 3.000760e-01
266 6.968320e-01 2.624000e-03 3.005440e-01
267 6.963880e-01 2.572000e-03 3.010400e-01
268 6.959920e-01 2.464000e-03 3.015440e-01
269 6.955760e-01 2.476000e-03 3.019480e-01
270 6.951880e-01 2.428000e-03 3.023840e-01
271 6.947840e-01 2.372000e-03 3.028440e-01
272 6.943600e-01 2.312000e-03 3.033280e-01
273 6.938920e-01 2.364000e-03 3.037440e-01
274 6.934480e-01 2.328000e-03 3.042240e-01
275 6.929720e-01 2.396000e-03 3.046320e-01
276 6.925240e-01 2.388000e-03 3.050880e-01
277 6.920640e-01 2.472000e-03 3.054640e-01
278 6.916160e-01 2.452000e-03 3.059320e-01
279 6.911640e-01 2.496000e-03 3.063400e-01
280 6.906920e-01 2.488000e-03 3.068200e-01
281 6.902680e-01 2.488000e-03 3.072440e-01
282 6.898080e-01 2.436000e-03 3.077560e-01
283 6.893920e-01 2.372000e-03 3.082360e-01
284 6.889960e-01 2.340000e-03 3.086640e-01
285 6.884520e-01 2.516000e-03 3.090320e-01
286 6.880120e-01 2.508000e-03 3.094800e-01
287 6.875680e-01 2.512000e-03 3.099200e-01
288 6.870960e-01 2.612000e-03 3.102920e-01
289 6.866640e-01 2.624000e-03 3.107120e-01
290 6.862440e-01 2.588000e-03 3.111680e-01
291 6.858120e-01 2.504000e-03 3.116840e-01
292 6.853600e-01 2.508000e-03 3.121320e-01
293 6.849080e-01 2.536000e-03 3.125560e-01
294 6.844000e-01 2.584000e-03 3.130160e-01
295 6.839280e-01 2.624000e-03 3.134480e-01
296 6.835200e-01 2.500000e-03 3.139800e-01
297 6.831440e-01 2.500000e-03 3.143560e-01
298 6.827640e-01 2.472000e-03 3.147640e-01
299 6.823480e-01 2.512000e-03 3.151400e-01
300 6.819240e-01 2.492000e-03 3.155840e-01
301 6.815920e-01 2.420000e-03 3.159880e-01
302 6.812200e-01 2.372000e-03 3.164080e-01
303 6.807840e-01 2.428000e-03 3.167880e-01
304 6.804240e-01 2.340000e-03 3.172360e-01
305 6.800880e-01 2.252000e-03 3.176600e-01
306 6.797440e-01 2.212000e-03 3.180440e-01
307 6.793120e-01 2.272000e-03 3.184160e-01
308 6.788920e-01 2.280000e-03 3.188280e-01
309 6.785280e-01 2.228000e-03 3.192440e-01
310 6.782720e-01 2.080000e-03 3.196480e-01
311 6.779760e-01 2.024000e-03 3.200000e-01
312 6.776760e-01 1.972000e-03 3.203520e-01
313 6.773560e-01 1.988000e-03 3.206560e-01
314 6.770720e-01 1.892000e-03 3.210360e-01
315 6.768160e-01 1.804000e-03 3.213800e-01
316 6.765520e-01 1.760000e-03 3.216880e-01
317 6.762640e-01 1.720000e-03 3.220160e-01
318 6.759520e-01 1.744000e-03 3.223040e-01
319 6.756520e-01 1.760000e-03 3.225880e-01
320 6.753440e-01 1.780000e-03 3.228760e-01
321 6.749800e-01 1.768000e-03 3.232520e-01
322 6.746520e-01 1.756000e-03 3.235920e-01
323 6.743120e-01 1.808000e-03 3.238800e-01
324 6.739360e-01 1.800000e-03 3.242640e-01
325 6.736320e-01 1.772000e-03 3.245960e-01
326 6.734080e-01 1.744000e-03 3.248480e-01
327 6.731840e-01 1.668000e-03 3.251480e-01
328 6.729160e-01 1.612000e-03 3.254720e-01
329 6.727120e-01 1.540000e-03 3.257480e-01
330 6.725280e-01 1.472000e-03 3.260000e-01
331 6.722440e-01 1.524000e-03 3.262320e-01
332 6.720120e-01 1.472000e-03 3.265160e-01
333 6.717920e-01 1.408000e-03 3.268000e-01
334 6.715840e-01 1.364000e-03 3.270520e-01
335 6.713120e-01 1.412000e-03 3.272760e-01
336 6.710480e-01 1.416000e-03 3.275360e-01
337 6.708040e-01 1.380000e-03 3.278160e-01
338 6.705840e-01 1.372000e-03 3.280440e-01
339 6.704000e-01 1.328000e-03 3.282720e-01
340 6.702600e-01 1.236000e-03 3.285040e-01
341 6.700720e-01 1.172000e-03 3.287560e-01
342 6.699160e-01 1.116000e-03 3.289680e-01
343 6.697040e-01 1.128000e-03 3.291680e-01
344 6.695000e-01 1.160000e-03 3.293400e-01
345 6.693640e-01 1.076000e-03 3.295600e-01
346 6.692200e-01 1.028000e-03 3.297520e-01
347 6.691040e-01 9.760000e-04 3.299200e-01
348 6.689800e-01 9.200000e-04 3.301000e-01
349 6.687960e-01 9.360000e-04 3.302680e-01
350 6.686040e-01 9.160000e-04 3.304800e-01
351 6.684160e-01 9.520000e-04 3.306320e-01
352 6.682840e-01 9.640000e-04 3.307520e-01
353 6.681400e-01 9.200000e-04 3.309400e-01
354 6.680120e-01 8.720000e-04 3.311160e-01
355 6.678960e-01 8.640000e-04 3.312400e-01
356 6.677760e-01 8.800000e-04 3.313440e-01
357 6.676680e-01 7.960000e-04 3.315360e-01
358 6.675520e-01 7.520000e-04 3.316960e-01
359 6.674200e-01 7.440000e-04 3.318360e-01
360 6.673000e-01 7.280000e-04 3.319720e-01
361 6.671560e-01 7.280000e-04 3.321160e-01
362 6.669880e-01 7.720000e-04 3.322400e-01
363 6.668920e-01 7.160000e-04 3.323920e-01
364 6.667920e-01 6.920000e-04 3.325160e-01
365 6.666400e-01 7.200000e-04 3.326400e-01
366 6.665160e-01 6.880000e-04 3.327960e-01
367 6.663760e-01 7.120000e-04 3.329120e-01
368 6.662560e-01 7.040000e-04 3.330400e-01
369 6.661480e-01 6.760000e-04 3.331760e-01
370 6.660360e-01 6.880000e-04 3.332760e-01
371 6.659320e-01 6.960000e-04 3.333720e-01
372 6.657920e-01 7.280000e-04 3.334800e-01
373 6.657080e-01 7.000000e-04 3.335920e-01
374 6.655680e-01 7.560000e-04 3.336760e-01
375 6.654320e-01 7.160000e-04 3.338520e-01
376 6.652600e-01 7.680000e-04 3.339720e-01
377 6.651000e-01 7.800000e-04 3.341200e-01
378 6.649840e-01 7.720000e-04 3.342440e-01
379 6.648400e-01 7.880000e-04 3.343720e-01
380 6.646760e-01 8.400000e-04 3.344840e-01
381 6.644800e-01 9.040000e-04 3.346160e-01
382 6.643160e-01 9.400000e-04 3.347440e-01
383 6.641440e-01 9.720000e-04 3.348840e-01
384 6.639920e-01 9.880000e-04 3.350200e-01
385 6.638520e-01 9.680000e-04 3.351800e-01
386 6.637480e-01 8.600000e-04 3.353920e-01
387 6.636480e-01 8.000000e-04 3.355520e-01
388 6.635640e-01 7.440000e-04 3.356920e-01
389 6.634080e-01 7.840000e-04 3.358080e-01
390 6.632720e-01 7.560000e-04 3.359720e-01
391 6.631320e-01 7.720000e-04 3.360960e-01
392 6.629680e-01 8.440000e-04 3.361880e-01
393 6.628200e-01 8.560000e-04 3.363240e-01
394 6.626640e-01 8.640000e-04 3.364720e-01
395 6.624840e-01 9.200000e-04 3.365960e-01
396 6.623200e-01 9.360000e-04 3.367440e-01
397 6.621280e-01 9.640000e-04 3.369080e-01
398 6.619640e-01 9.480000e-04 3.370880e-01
399 6.617320e-01 1.036000e-03 3.372320e-01
400 6.615120e-01 1.064000e-03 3.374240e-01
401 6.612720e-01 1.124000e-03 3.376040e-01
402 6.610720e-01 1.160000e-03 3.377680e-01
403 6.608880e-01 1.136000e-03 3.379760e-01
404 6.606960e-01 1.128000e-03 3.381760e-01
405 6.605040e-01 1.144000e-03 3.383520e-01
406 6.603400e-01 1.108000e-03 3.385520e-01
407 6.601440e-01 1.100000e-03 3.387560e-01
408 6.599640e-01 1.076000e-03 3.389600e-01
409 6.598080e-01 1.016000e-03 3.391760e-01
410 6.596320e-01 9.880000e-04 3.393800e-01
411 6.594480e-01 9.880000e-04 3.395640e-01
412 6.592320e-01 1.032000e-03 3.397360e-01
413 6.590600e-01 1.000000e-03 3.399400e-01
414 6.588560e-01 1.016000e-03 3.401280e-01
415 6.587080e-01 9.800000e-04 3.403120e-01
416 6.584480e-01 1.052000e-03 3.405000e-01
417 6.582600e-01 1.056000e-03 3.406840e-01
418 6.580560e-01 1.108000e-03 3.408360e-01
419 6.578720e-01 1.168000e-03 3.409600e-01
420 6.576800e-01 1.164000e-03 3.411560e-01
421 6.575000e-01 1.136000e-03 3.413640e-01
422 6.572920e-01 1.148000e-03 3.415600e-01
423 6.571640e-01 1.080000e-03 3.417560e-01
424 6.570280e-01 9.840000e-04 3.419880e-01
425 6.569000e-01 9.320000e-04 3.421680e-01
426 6.567680e-01 8.960000e-04 3.423360e-01
427 6.566080e-01 9.320000e-04 3.424600e-01
428 6.564560e-01 9.480000e-04 3.425960e-01
429 6.563320e-01 8.600000e-04 3.428080e-01
430 6.562040e-01 8.640000e-04 3.429320e-01
431 6.561000e-01 7.920000e-04 3.431080e-01
432 6.559720e-01 8.200000e-04 3.432080e-01
433 6.559000e-01 7.680000e-04 3.433320e-01
434 6.558080e-01 7.040000e-04 3.434880e-01
435 6.556920e-01 6.840000e-04 3.436240e-01
436 6.555400e-01 6.960000e-04 3.437640e-01
437 6.554280e-01 6.800000e-04 3.438920e-01
438 6.553360e-01 6.240000e-04 3.440400e-01
439 6.552440e-01 6.520000e-04 3.441040e-01
440 6.551440e-01 6.320000e-04 3.442240e-01
441 6.550280e-01 6.400000e-04 3.443320e-01
442 6.549240e-01 6.200000e-04 3.444560e-01
443 6.548320e-01 6.200000e-04 3.445480e-01
444 6.547000e-01 6.400000e-04 3.446600e-01
445 6.545800e-01 6.440000e-04 3.447760e-01
446 6.544960e-01 6.080000e-04 3.448960e-01
447 6.544040e-01 5.800000e-04 3.450160e-01
448 6.542800e-01 6.000000e-04 3.451200e-01
449 6.541920e-01 5.560000e-04 3.452520e-01
450 6.541200e-01 5.480000e-04 3.453320e-01
451 6.540400e-01 5.040000e-04 3.454560e-01
452 6.539600e-01 4.800000e-04 3.455600e-01
453 6.539000e-01 4.560000e-04 3.456440e-01
454 6.538320e-01 4.360000e-04 3.457320e-01
455 6.537560e-01 4.640000e-04 3.457800e-01
456 6.537200e-01 4.200000e-04 3.458600e-01
457 6.536760e-01 3.960000e-04 3.459280e-01
458 6.536360e-01 3.840000e-04 3.459800e-01
459 6.536120e-01 3.400000e-04 3.460480e-01
460 6.535560e-01 3.200000e-04 3.461240e-01
461 6.535000e-01 2.880000e-04 3.462120e-01
462 6.534560e-01 2.840000e-04 3.462600e-01
463 6.533960e-01 3.080000e-04 3.462960e-01
464 6.533480e-01 2.880000e-04 3.463640e-01
465 6.532800e-01 2.920000e-04 3.464280e-01
466 6.532160e-01 2.920000e-04 3.464920e-01
467 6.531560e-01 3.160000e-04 3.465280e-01
468 6.531120e-01 3.040000e-04 3.465840e-01
469 6.530720e-01 2.880000e-04 3.466400e-01
470 6.530040e-01 2.960000e-04 3.467000e-01
471 6.529240e-01 3.240000e-04 3.467520e-01
472 6.528520e-01 3.440000e-04 3.468040e-01
473 6.527920e-01 3.280000e-04 3.468800e-01
474 6.527200e-01 3.320000e-04 3.469480e-01
475 6.526640e-01 3.320000e-04 3.470040e-01
476 6.525960e-01 3.160000e-04 3.470880e-01
477 6.525640e-01 3.080000e-04 3.471280e-01
478 6.525160e-01 2.560000e-04 3.472280e-01
479 6.524720e-01 2.760000e-04 3.472520e-01
480 6.524000e-01 3.000000e-04 3.473000e-01
481 6.523600e-01 2.840000e-04 3.473560e-01
482 6.523360e-01 2.800000e-04 3.473840e-01
483 6.522800e-01 2.560000e-04 3.474640e-01
484 6.522400e-01 2.560000e-04 3.475040e-01
485 6.521960e-01 2.480000e-04 3.475560e-01
486 6.521200e-01 2.960000e-04 3.475840e-01
487 6.520680e-01 2.960000e-04 3.476360e-01
488 6.520080e-01 3.200000e-04 3.476720e-01
489 6.519560e-01 3.120000e-04 3.477320e-01
490 6.519240e-01 2.920000e-04 3.477840e-01
491 6.518840e-01 3.040000e-04 3.478120e-01
492 6.518360e-01 3.080000e-04 3.478560e-01
493 6.517880e-01 2.920000e-04 3.479200e-01
494 6.517640e-01 2.680000e-04 3.479680e-01
495 6.517320e-01 2.600000e-04 3.480080e-01
496 6.517080e-01 2.440000e-04 3.480480e-01
497 6.516680e-01 2.520000e-04 3.480800e-01
498 6.516360e-01 2.280000e-04 3.481360e-01
499 6.516080e-01 2.040000e-04 3.481880e-01
500 6.515680e-01 1.960000e-04 3.482360e-01
