1 9.991920e-01 7.040000e-04 1.040000e-04
2 9.986000e-01 1.160000e-03 2.400000e-04
3 9.980080e-01 1.540000e-03 4.520000e-04
4 9.973160e-01 1.904000e-03 7.800000e-04
5 9.964680e-01 2.404000e-03 1.128000e-03
6 9.954760e-01 2.924000e-03 1.600000e-03
7 9.945920e-01 3.296000e-03 2.112000e-03
8 9.935800e-01 3.656000e-03 2.764000e-03
9 9.924840e-01 4.012000e-03 3.504000e-03
10 9.914640e-01 4.316000e-03 4.220000e-03
11 9.904560e-01 4.496000e-03 5.048000e-03
12 9.893040e-01 4.752000e-03 5.944000e-03
13 9.882480e-01 4.956000e-03 6.796000e-03
14 9.870880e-01 5.272000e-03 7.640000e-03
15 9.859080e-01 5.572000e-03 8.520000e-03
16 9.847600e-01 5.796000e-03 9.444000e-03
17 9.835840e-01 5.964000e-03 1.045200e-02
18 9.824360e-01 6.096000e-03 1.146800e-02
19 9.814400e-01 6.128000e-03 1.243200e-02
20 9.802520e-01 6.212000e-03 1.353600e-02
21 9.790760e-01 6.176000e-03 1.474800e-02
22 9.778640e-01 6.140000e-03 1.599600e-02
23 9.764960e-01 6.440000e-03 1.706400e-02
24 9.752760e-01 6.460000e-03 1.826400e-02
25 9.740720e-01 6.512000e-03 1.941600e-02
26 9.727440e-01 6.660000e-03 2.059600e-02
27 9.715720e-01 6.644000e-03 2.178400e-02
28 9.703840e-01 6.800000e-03 2.281600e-02
29 9.691560e-01 6.816000e-03 2.402800e-02
30 9.678520e-01 7.008000e-03 2.514000e-02
31 9.666600e-01 7.056000e-03 2.628400e-02
32 9.653360e-01 7.188000e-03 2.747600e-02
33 9.640920e-01 7.204000e-03 2.870400e-02
34 9.627120e-01 7.296000e-03 2.999200e-02
35 9.614760e-01 7.196000e-03 3.132800e-02
36 9.601800e-01 7.212000e-03 3.260800e-02
37 9.587560e-01 7.420000e-03 3.382400e-02
38 9.573720e-01 7.508000e-03 3.512000e-02
39 9.560400e-01 7.456000e-03 3.650400e-02
40 9.546640e-01 7.592000e-03 3.774400e-02
41 9.532960e-01 7.596000e-03 3.910800e-02
42 9.519760e-01 7.632000e-03 4.039200e-02
43 9.504800e-01 7.752000e-03 4.176800e-02
44 9.490240e-01 7.796000e-03 4.318000e-02
45 9.477240e-01 7.760000e-03 4.451600e-02
46 9.463400e-01 7.800000e-03 4.586000e-02
47 9.449920e-01 7.728000e-03 4.728000e-02
48 9.435880e-01 7.852000e-03 4.856000e-02
49 9.421280e-01 7.924000e-03 4.994800e-02
50 9.405040e-01 8.100000e-03 5.139600e-02
51 9.392680e-01 8.004000e-03 5.272800e-02
52 9.378560e-01 7.964000e-03 5.418000e-02
53 9.362800e-01 8.036000e-03 5.568400e-02
54 9.348960e-01 8.048000e-03 5.705600e-02
55 9.334400e-01 8.160000e-03 5.840000e-02
56 9.318360e-01 8.348000e-03 5.981600e-02
57 9.303720e-01 8.364000e-03 6.126400e-02
58 9.286800e-01 8.552000e-03 6.276800e-02
59 9.271240e-01 8.692000e-03 6.418400e-02
60 9.256960e-01 8.572000e-03 6.573200e-02
61 9.241320e-01 8.504000e-03 6.736400e-02
62 9.226800e-01 8.420000e-03 6.890000e-02
63 9.212440e-01 8.484000e-03 7.027200e-02
64 9.196480e-01 8.532000e-03 7.182000e-02
65 9.181600e-01 8.572000e-03 7.326800e-02
66 9.166080e-01 8.676000e-03 7.471600e-02
67 9.150920e-01 8.716000e-03 7.619200e-02
68 9.136600e-01 8.692000e-03 7.764800e-02
69 9.120560e-01 8.896000e-03 7.904800e-02
70 9.104400e-01 9.028000e-03 8.053200e-02
71 9.086760e-01 9.252000e-03 8.207200e-02
72 9.069680e-01 9.340000e-03 8.369200e-02
73 9.054360e-01 9.376000e-03 8.518800e-02
74 9.037960e-01 9.348000e-03 8.685600e-02
75 9.021720e-01 9.324000e-03 8.850400e-02
76 9.004840e-01 9.472000e-03 9.004400e-02
77 8.988080e-01 9.572000e-03 9.162000e-02
78 8.972720e-01 9.472000e-03 9.325600e-02
79 8.957360e-01 9.348000e-03 9.491600e-02
80 8.941840e-01 9.160000e-03 9.665600e-02
81 8.926400e-01 9.120000e-03 9.824000e-02
82 8.910320e-01 9.100000e-03 9.986800e-02
83 8.894840e-01 9.136000e-03 1.013800e-01
84 8.879160e-01 9.196000e-03 1.028880e-01
85 8.862480e-01 9.200000e-03 1.045520e-01
86 8.844840e-01 9.364000e-03 1.061520e-01
87 8.828480e-01 9.344000e-03 1.078080e-01
88 8.812320e-01 9.304000e-03 1.094640e-01
89 8.795280e-01 9.376000e-03 1.110960e-01
90 8.779960e-01 9.336000e-03 1.126680e-01
91 8.763520e-01 9.324000e-03 1.143240e-01
92 8.747400e-01 9.360000e-03 1.159000e-01
93 8.732240e-01 9.372000e-03 1.174040e-01
94 8.717160e-01 9.276000e-03 1.190080e-01
95 8.700720e-01 9.268000e-03 1.206600e-01
96 8.685280e-01 9.112000e-03 1.223600e-01
97 8.669400e-01 9.108000e-03 1.239520e-01
98 8.652280e-01 9.172000e-03 1.256000e-01
99 8.636880e-01 9.160000e-03 1.271520e-01
100 8.619560e-01 9.296000e-03 1.287480e-01
101 8.602000e-01 9.472000e-03 1.303280e-01
102 8.585280e-01 9.452000e-03 1.320200e-01
103 8.569320e-01 9.388000e-03 1.336800e-01
104 8.551800e-01 9.432000e-03 1.353880e-01
105 8.537000e-01 9.316000e-03 1.369840e-01
106 8.521560e-01 9.220000e-03 1.386240e-01
107 8.505160e-01 9.264000e-03 1.402200e-01
108 8.488040e-01 9.388000e-03 1.418080e-01
109 8.472800e-01 9.284000e-03 1.434360e-01
110 8.455600e-01 9.372000e-03 1.450680e-01
111 8.438640e-01 9.424000e-03 1.467120e-01
112 8.422520e-01 9.544000e-03 1.482040e-01
113 8.404960e-01 9.576000e-03 1.499280e-01
114 8.388080e-01 9.560000e-03 1.516320e-01
115 8.371520e-01 9.536000e-03 1.533120e-01
116 8.355160e-01 9.496000e-03 1.549880e-01
117 8.338040e-01 9.632000e-03 1.565640e-01
118 8.320560e-01 9.660000e-03 1.582840e-01
119 8.303200e-01 9.772000e-03 1.599080e-01
120 8.286080e-01 9.776000e-03 1.616160e-01
121 8.268920e-01 9.820000e-03 1.632880e-01
122 8.252360e-01 9.636000e-03 1.651280e-01
123 8.235680e-01 9.656000e-03 1.667760e-01
124 8.220600e-01 9.576000e-03 1.683640e-01
125 8.204800e-01 9.392000e-03 1.701280e-01
126 8.187320e-01 9.508000e-03 1.717600e-01
127 8.171400e-01 9.472000e-03 1.733880e-01
128 8.155320e-01 9.528000e-03 1.749400e-01
129 8.138840e-01 9.600000e-03 1.765160e-01
130 8.123200e-01 9.620000e-03 1.780600e-01
131 8.106400e-01 9.540000e-03 1.798200e-01
132 8.089880e-01 9.452000e-03 1.815600e-01
133 8.076320e-01 9.144000e-03 1.832240e-01
134 8.061800e-01 8.916000e-03 1.849040e-01
135 8.047880e-01 8.776000e-03 1.864360e-01
136 8.033480e-01 8.760000e-03 1.878920e-01
137 8.017160e-01 8.800000e-03 1.894840e-01
138 8.003400e-01 8.552000e-03 1.911080e-01
139 7.989480e-01 8.436000e-03 1.926160e-01
140 7.976000e-01 8.200000e-03 1.942000e-01
141 7.962000e-01 8.124000e-03 1.956760e-01
142 7.947520e-01 8.168000e-03 1.970800e-01
143 7.932320e-01 8.232000e-03 1.985360e-01
144 7.917080e-01 8.276000e-03 2.000160e-01
145 7.902960e-01 8.268000e-03 2.014360e-01
146 7.889760e-01 8.100000e-03 2.029240e-01
147 7.877600e-01 7.976000e-03 2.042640e-01
148 7.863280e-01 8.020000e-03 2.056520e-01
149 7.849560e-01 8.000000e-03 2.070440e-01
150 7.836200e-01 8.004000e-03 2.083760e-01
151 7.822840e-01 7.840000e-03 2.098760e-01
152 7.808560e-01 7.836000e-03 2.113080e-01
153 7.794280e-01 7.884000e-03 2.126880e-01
154 7.780960e-01 7.732000e-03 2.141720e-01
155 7.768960e-01 7.664000e-03 2.154400e-01
156 7.755600e-01 7.704000e-03 2.167360e-01
157 7.743000e-01 7.708000e-03 2.179920e-01
158 7.731000e-01 7.492000e-03 2.194080e-01
159 7.718520e-01 7.424000e-03 2.207240e-01
160 7.705920e-01 7.404000e-03 2.220040e-01
161 7.694200e-01 7.264000e-03 2.233160e-01
162 7.681800e-01 7.272000e-03 2.245480e-01
163 7.668160e-01 7.476000e-03 2.257080e-01
164 7.654920e-01 7.588000e-03 2.269200e-01
165 7.642120e-01 7.536000e-03 2.282520e-01
166 7.629040e-01 7.632000e-03 2.294640e-01
167 7.616080e-01 7.492000e-03 2.309000e-01
168 7.604120e-01 7.436000e-03 2.321520e-01
169 7.590960e-01 7.520000e-03 2.333840e-01
170 7.577480e-01 7.488000e-03 2.347640e-01
171 7.564640e-01 7.624000e-03 2.359120e-01
172 7.552720e-01 7.500000e-03 2.372280e-01
173 7.540120e-01 7.400000e-03 2.385880e-01
174 7.527360e-01 7.200000e-03 2.400640e-01
175 7.516120e-01 7.080000e-03 2.413080e-01
176 7.504720e-01 6.908000e-03 2.426200e-01
177 7.493880e-01 6.792000e-03 2.438200e-01
178 7.482920e-01 6.724000e-03 2.449840e-01
179 7.472200e-01 6.664000e-03 2.461160e-01
180 7.461320e-01 6.576000e-03 2.472920e-01
181 7.450200e-01 6.628000e-03 2.483520e-01
182 7.436520e-01 6.924000e-03 2.494240e-01
183 7.424000e-01 6.908000e-03 2.506920e-01
184 7.412880e-01 6.904000e-03 2.518080e-01
185 7.400840e-01 6.900000e-03 2.530160e-01
186 7.387320e-01 7.000000e-03 2.542680e-01
187 7.374560e-01 7.040000e-03 2.555040e-01
188 7.361320e-01 7.080000e-03 2.567880e-01
189 7.348480e-01 7.072000e-03 2.580800e-01
190 7.335040e-01 7.112000e-03 2.593840e-01
191 7.322880e-01 7.072000e-03 2.606400e-01
192 7.310680e-01 7.000000e-03 2.619320e-01
193 7.299320e-01 6.972000e-03 2.630960e-01
194 7.287040e-01 6.960000e-03 2.643360e-01
195 7.275080e-01 6.920000e-03 2.655720e-01
196 7.262160e-01 7.076000e-03 2.667080e-01
197 7.250160e-01 7.024000e-03 2.679600e-01
198 7.237400e-01 7.156000e-03 2.691040e-01
199 7.225360e-01 7.084000e-03 2.703800e-01
200 7.214160e-01 6.884000e-03 2.717000e-01
201 7.203360e-01 6.820000e-03 2.728440e-01
202 7.191560e-01 6.760000e-03 2.740840e-01
203 7.179280e-01 6.836000e-03 2.752360e-01
204 7.168720e-01 6.680000e-03 2.764480e-01
205 7.157840e-01 6.548000e-03 2.776680e-01
206 7.147040e-01 6.556000e-03 2.787400e-01
207 7.135320e-01 6.592000e-03 2.798760e-01
208 7.125040e-01 6.460000e-03 2.810360e-01
209 7.114880e-01 6.396000e-03 2.821160e-01
210 7.104360e-01 6.352000e-03 2.832120e-01
211 7.094080e-01 6.204000e-03 2.843880e-01
212 7.084240e-01 6.188000e-03 2.853880e-01
213 7.073440e-01 6.232000e-03 2.864240e-01
214 7.061280e-01 6.364000e-03 2.875080e-01
215 7.048400e-01 6.540000e-03 2.886200e-01
216 7.037800e-01 6.452000e-03 2.897680e-01
217 7.026080e-01 6.484000e-03 2.909080e-01
218 7.014600e-01 6.448000e-03 2.920920e-01
219 7.003360e-01 6.464000e-03 2.932000e-01
220 6.992720e-01 6.452000e-03 2.942760e-01
221 6.981520e-01 6.476000e-03 2.953720e-01
222 6.970560e-01 6.488000e-03 2.964560e-01
223 6.960880e-01 6.364000e-03 2.975480e-01
224 6.950920e-01 6.216000e-03 2.986920e-01
225 6.941360e-01 6.128000e-03 2.997360e-01
226 6.932040e-01 6.008000e-03 3.007880e-01
227 6.922480e-01 5.952000e-03 3.018000e-01
228 6.912920e-01 5.916000e-03 3.027920e-01
229 6.902640e-01 5.944000e-03 3.037920e-01
230 6.893560e-01 5.796000e-03 3.048480e-01
231 6.884160e-01 5.780000e-03 3.058040e-01
232 6.874800e-01 5.800000e-03 3.067200e-01
233 6.865200e-01 5.760000e-03 3.077200e-01
234 6.854040e-01 5.864000e-03 3.087320e-01
235 6.842080e-01 6.060000e-03 3.097320e-01
236 6.831440e-01 6.044000e-03 3.108120e-01
237 6.820680e-01 5.948000e-03 3.119840e-01
238 6.810160e-01 5.852000e-03 3.131320e-01
239 6.799760e-01 5.912000e-03 3.141120e-01
240 6.789960e-01 5.876000e-03 3.151280e-01
241 6.779760e-01 5.876000e-03 3.161480e-01
242 6.770720e-01 5.728000e-03 3.172000e-01
243 6.761280e-01 5.704000e-03 3.181680e-01
244 6.753440e-01 5.504000e-03 3.191520e-01
245 6.743600e-01 5.412000e-03 3.202280e-01
246 6.735200e-01 5.288000e-03 3.211920e-01
247 6.727200e-01 5.220000e-03 3.220600e-01
248 6.718960e-01 5.172000e-03 3.229320e-01
249 6.710880e-01 5.056000e-03 3.238560e-01
250 6.703320e-01 5.012000e-03 3.246560e-01
251 6.695560e-01 4.884000e-03 3.255600e-01
252 6.687520e-01 4.892000e-03 3.263560e-01
253 6.678400e-01 4.956000e-03 3.272040e-01
254 6.669600e-01 5.020000e-03 3.280200e-01
255 6.660840e-01 5.044000e-03 3.288720e-01
256 6.652120e-01 5.124000e-03 3.296640e-01
257 6.641320e-01 5.308000e-03 3.305600e-01
258 6.631200e-01 5.452000e-03 3.314280e-01
259 6.621480e-01 5.500000e-03 3.323520e-01
260 6.611480e-01 5.560000e-03 3.332920e-01
261 6.600640e-01 5.652000e-03 3.342840e-01
262 6.591280e-01 5.680000e-03 3.351920e-01
263 6.580320e-01 5.756000e-03 3.362120e-01
264 6.569200e-01 5.880000e-03 3.372000e-01
265 6.557120e-01 6.012000e-03 3.382760e-01
266 6.546560e-01 5.980000e-03 3.393640e-01
267 6.536680e-01 5.880000e-03 3.404520e-01
268 6.526720e-01 5.784000e-03 3.415440e-01
269 6.517040e-01 5.720000e-03 3.425760e-01
270 6.507480e-01 5.648000e-03 3.436040e-01
271 6.498240e-01 5.588000e-03 3.445880e-01
272 6.488680e-01 5.644000e-03 3.454880e-01
273 6.480600e-01 5.468000e-03 3.464720e-01
274 6.472840e-01 5.376000e-03 3.473400e-01
275 6.463160e-01 5.340000e-03 3.483440e-01
276 6.453960e-01 5.320000e-03 3.492840e-01
277 6.444560e-01 5.152000e-03 3.503920e-01
278 6.436000e-01 5.120000e-03 3.512800e-01
279 6.427200e-01 5.136000e-03 3.521440e-01
280 6.417960e-01 5.124000e-03 3.530800e-01
281 6.407880e-01 5.264000e-03 3.539480e-01
282 6.399160e-01 5.204000e-03 3.548800e-01
283 6.389480e-01 5.288000e-03 3.557640e-01
284 6.379760e-01 5.368000e-03 3.566560e-01
285 6.370800e-01 5.264000e-03 3.576560e-01
286 6.361800e-01 5.276000e-03 3.585440e-01
287 6.351000e-01 5.364000e-03 3.595360e-01
288 6.341320e-01 5.404000e-03 3.604640e-01
289 6.332080e-01 5.444000e-03 3.613480e-01
290 6.321600e-01 5.460000e-03 3.623800e-01
291 6.312880e-01 5.460000e-03 3.632520e-01
292 6.302920e-01 5.676000e-03 3.640320e-01
293 6.294240e-01 5.548000e-03 3.650280e-01
294 6.284680e-01 5.516000e-03 3.660160e-01
295 6.276600e-01 5.376000e-03 3.669640e-01
296 6.267960e-01 5.324000e-03 3.678800e-01
297 6.259840e-01 5.292000e-03 3.687240e-01
298 6.250600e-01 5.292000e-03 3.696480e-01
299 6.242480e-01 5.184000e-03 3.705680e-01
300 6.234000e-01 5.140000e-03 3.714600e-01
301 6.225800e-01 5.060000e-03 3.723600e-01
302 6.216600e-01 5.140000e-03 3.732000e-01
303 6.208440e-01 4.980000e-03 3.741760e-01
304 6.200680e-01 4.884000e-03 3.750480e-01
305 6.192680e-01 4.884000e-03 3.758480e-01
306 6.184960e-01 4.724000e-03 3.767800e-01
307 6.175880e-01 4.756000e-03 3.776560e-01
308 6.168000e-01 4.756000e-03 3.784440e-01
309 6.160640e-01 4.668000e-03 3.792680e-01
310 6.151480e-01 4.820000e-03 3.800320e-01
311 6.143960e-01 4.616000e-03 3.809880e-01
312 6.134760e-01 4.712000e-03 3.818120e-01
313 6.127360e-01 4.696000e-03 3.825680e-01
314 6.118240e-01 4.744000e-03 3.834320e-01
315 6.110120e-01 4.644000e-03 3.843440e-01
316 6.101120e-01 4.700000e-03 3.851880e-01
317 6.092920e-01 4.656000e-03 3.860520e-01
318 6.085160e-01 4.700000e-03 3.867840e-01
319 6.077160e-01 4.656000e-03 3.876280e-01
320 6.068680e-01 4.668000e-03 3.884640e-01
321 6.060360e-01 4.672000e-03 3.892920e-01
322 6.053080e-01 4.592000e-03 3.901000e-01
323 6.045480e-01 4.508000e-03 3.909440e-01
324 6.038560e-01 4.432000e-03 3.917120e-01
325 6.031360e-01 4.372000e-03 3.924920e-01
326 6.022360e-01 4.488000e-03 3.932760e-01
327 6.014520e-01 4.472000e-03 3.940760e-01
328 6.007600e-01 4.272000e-03 3.949680e-01
329 6.000640e-01 4.264000e-03 3.956720e-01
330 5.993160e-01 4.220000e-03 3.964640e-01
331 5.986560e-01 4.200000e-03 3.971440e-01
332 5.979800e-01 4.080000e-03 3.979400e-01
333 5.973480e-01 3.964000e-03 3.986880e-01
334 5.967040e-01 3.928000e-03 3.993680e-01
335 5.960880e-01 3.764000e-03 4.001480e-01
336 5.953960e-01 3.832000e-03 4.007720e-01
337 5.947920e-01 3.804000e-03 4.014040e-01
338 5.941520e-01 3.728000e-03 4.021200e-01
339 5.934920e-01 3.740000e-03 4.027680e-01
340 5.929480e-01 3.592000e-03 4.034600e-01
341 5.923840e-01 3.540000e-03 4.040760e-01
342 5.916920e-01 3.592000e-03 4.047160e-01
343 5.911680e-01 3.496000e-03 4.053360e-01
344 5.906160e-01 3.408000e-03 4.059760e-01
345 5.900360e-01 3.440000e-03 4.065240e-01
346 5.895440e-01 3.428000e-03 4.070280e-01
347 5.890280e-01 3.312000e-03 4.076600e-01
348 5.886960e-01 3.096000e-03 4.082080e-01
349 5.882080e-01 3.048000e-03 4.087440e-01
350 5.877320e-01 2.924000e-03 4.093440e-01
351 5.871720e-01 3.000000e-03 4.098280e-01
352 5.866520e-01 3.032000e-03 4.103160e-01
353 5.861280e-01 2.980000e-03 4.108920e-01
354 5.855720e-01 3.028000e-03 4.114000e-01
355 5.851080e-01 2.952000e-03 4.119400e-01
356 5.845360e-01 3.040000e-03 4.124240e-01
357 5.840360e-01 2.984000e-03 4.129800e-01
358 5.835680e-01 2.940000e-03 4.134920e-01
359 5.830400e-01 2.964000e-03 4.139960e-01
360 5.825320e-01 2.992000e-03 4.144760e-01
361 5.819760e-01 3.008000e-03 4.150160e-01
362 5.814720e-01 3.028000e-03 4.155000e-01
363 5.808760e-01 3.112000e-03 4.160120e-01
364 5.804040e-01 3.112000e-03 4.164840e-01
365 5.798000e-01 3.120000e-03 4.170800e-01
366 5.792720e-01 3.116000e-03 4.176120e-01
367 5.787440e-01 3.060000e-03 4.181960e-01
368 5.782640e-01 2.980000e-03 4.187560e-01
369 5.777720e-01 2.976000e-03 4.192520e-01
370 5.772440e-01 2.988000e-03 4.197680e-01
371 5.767760e-01 2.928000e-03 4.202960e-01
372 5.763360e-01 2.772000e-03 4.208920e-01
373 5.759280e-01 2.700000e-03 4.213720e-01
374 5.754200e-01 2.704000e-03 4.218760e-01
375 5.749840e-01 2.636000e-03 4.223800e-01
376 5.745080e-01 2.636000e-03 4.228560e-01
377 5.739120e-01 2.756000e-03 4.233320e-01
378 5.733600e-01 2.840000e-03 4.238000e-01
379 5.727760e-01 2.916000e-03 4.243080e-01
380 5.723360e-01 2.928000e-03 4.247360e-01
381 5.717360e-01 3.044000e-03 4.252200e-01
382 5.712400e-01 2.952000e-03 4.258080e-01
383 5.707120e-01 2.968000e-03 4.263200e-01
384 5.702320e-01 2.848000e-03 4.269200e-01
385 5.697120e-01 2.856000e-03 4.274320e-01
386 5.692120e-01 2.920000e-03 4.278680e-01
387 5.686640e-01 3.040000e-03 4.282960e-01
388 5.681360e-01 3.060000e-03 4.288040e-01
389 5.675400e-01 3.168000e-03 4.292920e-01
390 5.670240e-01 3.100000e-03 4.298760e-01
391 5.665000e-01 3.140000e-03 4.303600e-01
392 5.659880e-01 3.168000e-03 4.308440e-01
393 5.653760e-01 3.232000e-03 4.313920e-01
394 5.649040e-01 3.076000e-03 4.320200e-01
395 5.643880e-01 3.068000e-03 4.325440e-01
396 5.639240e-01 3.004000e-03 4.330720e-01
397 5.635240e-01 2.860000e-03 4.336160e-01
398 5.630240e-01 2.900000e-03 4.340760e-01
399 5.625800e-01 2.804000e-03 4.346160e-01
400 5.621360e-01 2.752000e-03 4.351120e-01
401 5.617240e-01 2.748000e-03 4.355280e-01
402 5.612920e-01 2.712000e-03 4.359960e-01
403 5.609040e-01 2.612000e-03 4.364840e-01
404 5.605000e-01 2.516000e-03 4.369840e-01
405 5.600480e-01 2.508000e-03 4.374440e-01
406 5.595600e-01 2.516000e-03 4.379240e-01
407 5.591600e-01 2.436000e-03 4.384040e-01
408 5.586760e-01 2.508000e-03 4.388160e-01
409 5.582960e-01 2.492000e-03 4.392120e-01
410 5.579200e-01 2.452000e-03 4.396280e-01
411 5.574640e-01 2.468000e-03 4.400680e-01
412 5.570960e-01 2.476000e-03 4.404280e-01
413 5.567160e-01 2.440000e-03 4.408440e-01
414 5.563760e-01 2.360000e-03 4.412640e-01
415 5.561720e-01 2.160000e-03 4.416680e-01
416 5.557640e-01 2.192000e-03 4.420440e-01
417 5.554760e-01 2.096000e-03 4.424280e-01
418 5.551640e-01 2.052000e-03 4.427840e-01
419 5.548560e-01 2.008000e-03 4.431360e-01
420 5.545960e-01 1.928000e-03 4.434760e-01
421 5.543280e-01 1.844000e-03 4.438280e-01
422 5.540480e-01 1.804000e-03 4.441480e-01
423 5.537280e-01 1.788000e-03 4.444840e-01
424 5.534600e-01 1.752000e-03 4.447880e-01
425 5.531000e-01 1.860000e-03 4.450400e-01
426 5.527680e-01 1.836000e-03 4.453960e-01
427 5.524840e-01 1.824000e-03 4.456920e-01
428 5.521920e-01 1.740000e-03 4.460680e-01
429 5.519320e-01 1.716000e-03 4.463520e-01
430 5.516680e-01 1.672000e-03 4.466600e-01
431 5.513240e-01 1.752000e-03 4.469240e-01
432 5.510840e-01 1.712000e-03 4.472040e-01
433 5.508400e-01 1.624000e-03 4.475360e-01
434 5.506280e-01 1.588000e-03 4.477840e-01
435 5.503680e-01 1.564000e-03 4.480680e-01
436 5.501920e-01 1.504000e-03 4.483040e-01
437 5.499720e-01 1.488000e-03 4.485400e-01
438 5.498040e-01 1.408000e-03 4.487880e-01
439 5.495920e-01 1.336000e-03 4.490720e-01
440 5.494040e-01 1.336000e-03 4.492600e-01
441 5.492520e-01 1.248000e-03 4.495000e-01
442 5.491240e-01 1.180000e-03 4.496960e-01
443 5.489520e-01 1.136000e-03 4.499120e-01
444 5.487960e-01 1.084000e-03 4.501200e-01
445 5.485960e-01 1.092000e-03 4.503120e-01
446 5.484640e-01 1.040000e-03 4.504960e-01
447 5.482960e-01 9.680000e-04 4.507360e-01
448 5.481120e-01 9.800000e-04 4.509080e-01
449 5.478880e-01 1.028000e-03 4.510840e-01
450 5.476920e-01 1.052000e-03 4.512560e-01
451 5.475440e-01 1.036000e-03 4.514200e-01
452 5.473640e-01 1.036000e-03 4.516000e-01
453 5.472080e-01 9.960000e-04 4.517960e-01
454 5.470640e-01 9.560000e-04 4.519800e-01
455 5.468920e-01 9.480000e-04 4.521600e-01
456 5.467080e-01 1.008000e-03 4.522840e-01
457 5.466000e-01 9.440000e-04 4.524560e-01
458 5.465040e-01 8.840000e-04 4.526120e-01
459 5.463920e-01 8.320000e-04 4.527760e-01
460 5.462320e-01 8.360000e-04 4.529320e-01
461 5.461440e-01 7.680000e-04 4.530880e-01
462 5.460080e-01 7.720000e-04 4.532200e-01
463 5.458640e-01 7.880000e-04 4.533480e-01
464 5.457280e-01 8.240000e-04 4.534480e-01
465 5.456320e-01 7.920000e-04 4.535760e-01
466 5.454800e-01 8.160000e-04 4.537040e-01
467 5.453400e-01 8.080000e-04 4.538520e-01
468 5.451920e-01 8.560000e-04 4.539520e-01
469 5.450720e-01 8.120000e-04 4.541160e-01
470 5.449240e-01 8.280000e-04 4.542480e-01
471 5.448000e-01 8.240000e-04 4.543760e-01
472 5.446600e-01 8.320000e-04 4.545080e-01
473 5.444720e-01 8.760000e-04 4.546520e-01
474 5.443240e-01 8.920000e-04 4.547840e-01
475 5.442160e-01 8.080000e-04 4.549760e-01
476 5.441080e-01 7.840000e-04 4.551080e-01
477 5.440200e-01 7.360000e-04 4.552440e-01
478 5.438440e-01 7.680000e-04 4.553880e-01
479 5.437200e-01 7.520000e-04 4.555280e-01
480 5.436000e-01 7.280000e-04 4.556720e-01
481 5.434840e-01 7.160000e-04 4.558000e-01
482 5.433600e-01 7.440000e-04 4.558960e-01
483 5.432400e-01 7.400000e-04 4.560200e-01
484 5.431040e-01 7.360000e-04 4.561600e-01
485 5.430160e-01 6.880000e-04 4.562960e-01
486 5.429000e-01 7.080000e-04 4.563920e-01
487 5.427760e-01 7.080000e-04 4.565160e-01
488 5.426600e-01 6.720000e-04 4.566680e-01
489 5.425720e-01 6.600000e-04 4.567680e-01
490 5.424480e-01 6.760000e-04 4.568760e-01
491 5.423480e-01 6.480000e-04 4.570040e-01
492 5.422480e-01 6.680000e-04 4.570840e-01
493 5.421280e-01 6.800000e-04 4.571920e-01
494 5.420160e-01 6.760000e-04 4.573080e-01
495 5.419440e-01 6.520000e-04 4.574040e-01
496 5.418200e-01 6.480000e-04 4.575320e-01
497 5.417360e-01 5.640000e-04 4.577000e-01
498 5.416520e-01 5.680000e-04 4.577800e-01
499 5.415320e-01 5.920000e-04 4.578760e-01
500 5.414240e-01 6.120000e-04 4.579640e-01
