1 9.991760e-01 7.480000e-04 7.600000e-05
2 9.987000e-01 1.064000e-03 2.360000e-04
3 9.979600e-01 1.572000e-03 4.680000e-04
4 9.973240e-01 1.872000e-03 8.040000e-04
5 9.965080e-01 2.304000e-03 1.188000e-03
6 9.956520e-01 2.776000e-03 1.572000e-03
7 9.945440e-01 3.364000e-03 2.092000e-03
8 9.935040e-01 3.748000e-03 2.748000e-03
9 9.923080e-01 4.224000e-03 3.468000e-03
10 9.911840e-01 4.552000e-03 4.264000e-03
11 9.900760e-01 4.976000e-03 4.948000e-03
12 9.888760e-01 5.240000e-03 5.884000e-03
13 9.877720e-01 5.472000e-03 6.756000e-03
14 9.866320e-01 5.648000e-03 7.720000e-03
15 9.853520e-01 5.908000e-03 8.740000e-03
16 9.839280e-01 6.316000e-03 9.756000e-03
17 9.824160e-01 6.608000e-03 1.097600e-02
18 9.810160e-01 6.752000e-03 1.223200e-02
19 9.795360e-01 7.092000e-03 1.337200e-02
20 9.780560e-01 7.276000e-03 1.466800e-02
21 9.766040e-01 7.460000e-03 1.593600e-02
22 9.750120e-01 7.788000e-03 1.720000e-02
23 9.734200e-01 8.072000e-03 1.850800e-02
24 9.717040e-01 8.388000e-03 1.990800e-02
25 9.699560e-01 8.684000e-03 2.136000e-02
26 9.682040e-01 8.668000e-03 2.312800e-02
27 9.665400e-01 8.900000e-03 2.456000e-02
28 9.649160e-01 8.892000e-03 2.619200e-02
29 9.629680e-01 9.304000e-03 2.772800e-02
30 9.611160e-01 9.460000e-03 2.942400e-02
31 9.592600e-01 9.760000e-03 3.098000e-02
32 9.572440e-01 9.928000e-03 3.282800e-02
33 9.553280e-01 9.988000e-03 3.468400e-02
34 9.534160e-01 1.014400e-02 3.644000e-02
35 9.516840e-01 1.016400e-02 3.815200e-02
36 9.497640e-01 1.032400e-02 3.991200e-02
37 9.477960e-01 1.051600e-02 4.168800e-02
38 9.459360e-01 1.053600e-02 4.352800e-02
39 9.440520e-01 1.044400e-02 4.550400e-02
40 9.421880e-01 1.044400e-02 4.736800e-02
41 9.403520e-01 1.040000e-02 4.924800e-02
42 9.385080e-01 1.048800e-02 5.100400e-02
43 9.367200e-01 1.043200e-02 5.284800e-02
44 9.348120e-01 1.042400e-02 5.476400e-02
45 9.328320e-01 1.053600e-02 5.663200e-02
46 9.309360e-01 1.064800e-02 5.841600e-02
47 9.289600e-01 1.067200e-02 6.036800e-02
48 9.269920e-01 1.084800e-02 6.216000e-02
49 9.250760e-01 1.085600e-02 6.406800e-02
50 9.232280e-01 1.103600e-02 6.573600e-02
51 9.212280e-01 1.106400e-02 6.770800e-02
52 9.192280e-01 1.116800e-02 6.960400e-02
53 9.171680e-01 1.120000e-02 7.163200e-02
54 9.150960e-01 1.123200e-02 7.367200e-02
55 9.132600e-01 1.113200e-02 7.560800e-02
56 9.114200e-01 1.106000e-02 7.752000e-02
57 9.095600e-01 1.101600e-02 7.942400e-02
58 9.076480e-01 1.100800e-02 8.134400e-02
59 9.057240e-01 1.096800e-02 8.330800e-02
60 9.038160e-01 1.098800e-02 8.519600e-02
61 9.018120e-01 1.111200e-02 8.707600e-02
62 8.998280e-01 1.112400e-02 8.904800e-02
63 8.977920e-01 1.115600e-02 9.105200e-02
64 8.959560e-01 1.099200e-02 9.305200e-02
65 8.939600e-01 1.107200e-02 9.496800e-02
66 8.919280e-01 1.102800e-02 9.704400e-02
67 8.898360e-01 1.113600e-02 9.902800e-02
68 8.879560e-01 1.108800e-02 1.009560e-01
69 8.859880e-01 1.102800e-02 1.029840e-01
70 8.842120e-01 1.095200e-02 1.048360e-01
71 8.823880e-01 1.085600e-02 1.067560e-01
72 8.805040e-01 1.096800e-02 1.085280e-01
73 8.784840e-01 1.096000e-02 1.105560e-01
74 8.766000e-01 1.097200e-02 1.124280e-01
75 8.746880e-01 1.094400e-02 1.143680e-01
76 8.728120e-01 1.096000e-02 1.162280e-01
77 8.709440e-01 1.101600e-02 1.180400e-01
78 8.692480e-01 1.084800e-02 1.199040e-01
79 8.674120e-01 1.086800e-02 1.217200e-01
80 8.656600e-01 1.077200e-02 1.235680e-01
81 8.640120e-01 1.055600e-02 1.254320e-01
82 8.621400e-01 1.062800e-02 1.272320e-01
83 8.602880e-01 1.070000e-02 1.290120e-01
84 8.584880e-01 1.070000e-02 1.308120e-01
85 8.566560e-01 1.065600e-02 1.326880e-01
86 8.546560e-01 1.082000e-02 1.345240e-01
87 8.525920e-01 1.112000e-02 1.362880e-01
88 8.505440e-01 1.116800e-02 1.382880e-01
89 8.485960e-01 1.113600e-02 1.402680e-01
90 8.467720e-01 1.100800e-02 1.422200e-01
91 8.449200e-01 1.088400e-02 1.441960e-01
92 8.429760e-01 1.110800e-02 1.459160e-01
93 8.410560e-01 1.111600e-02 1.478280e-01
94 8.393160e-01 1.098000e-02 1.497040e-01
95 8.374280e-01 1.087200e-02 1.517000e-01
96 8.356440e-01 1.083200e-02 1.535240e-01
97 8.339000e-01 1.064400e-02 1.554560e-01
98 8.321720e-01 1.046800e-02 1.573600e-01
99 8.301440e-01 1.073200e-02 1.591240e-01
100 8.283240e-01 1.069200e-02 1.609840e-01
101 8.264560e-01 1.054800e-02 1.629960e-01
102 8.247360e-01 1.039600e-02 1.648680e-01
103 8.233080e-01 1.005200e-02 1.666400e-01
104 8.215520e-01 9.996000e-03 1.684520e-01
105 8.198800e-01 9.884000e-03 1.702360e-01
106 8.182400e-01 9.748000e-03 1.720120e-01
107 8.164880e-01 1.005200e-02 1.734600e-01
108 8.148160e-01 1.001600e-02 1.751680e-01
109 8.131040e-01 1.014000e-02 1.767560e-01
110 8.114360e-01 1.008000e-02 1.784840e-01
111 8.098160e-01 9.824000e-03 1.803600e-01
112 8.082120e-01 9.624000e-03 1.821640e-01
113 8.063960e-01 9.764000e-03 1.838400e-01
114 8.045920e-01 9.896000e-03 1.855120e-01
115 8.029640e-01 9.832000e-03 1.872040e-01
116 8.012680e-01 9.764000e-03 1.889680e-01
117 7.995160e-01 9.616000e-03 1.908680e-01
118 7.979280e-01 9.568000e-03 1.925040e-01
119 7.963200e-01 9.384000e-03 1.942960e-01
120 7.947960e-01 9.228000e-03 1.959760e-01
121 7.932200e-01 9.124000e-03 1.976560e-01
122 7.916280e-01 9.064000e-03 1.993080e-01
123 7.901520e-01 8.908000e-03 2.009400e-01
124 7.886440e-01 8.796000e-03 2.025600e-01
125 7.872840e-01 8.640000e-03 2.040760e-01
126 7.859320e-01 8.484000e-03 2.055840e-01
127 7.844880e-01 8.536000e-03 2.069760e-01
128 7.830600e-01 8.468000e-03 2.084720e-01
129 7.817160e-01 8.340000e-03 2.099440e-01
130 7.803160e-01 8.272000e-03 2.114120e-01
131 7.788080e-01 8.328000e-03 2.128640e-01
132 7.774920e-01 8.232000e-03 2.142760e-01
133 7.759120e-01 8.364000e-03 2.157240e-01
134 7.744720e-01 8.336000e-03 2.171920e-01
135 7.729560e-01 8.356000e-03 2.186880e-01
136 7.715240e-01 8.240000e-03 2.202360e-01
137 7.699520e-01 8.372000e-03 2.216760e-01
138 7.684320e-01 8.440000e-03 2.231280e-01
139 7.669200e-01 8.512000e-03 2.245680e-01
140 7.654040e-01 8.624000e-03 2.259720e-01
141 7.638440e-01 8.636000e-03 2.275200e-01
142 7.625280e-01 8.440000e-03 2.290320e-01
143 7.611040e-01 8.388000e-03 2.305080e-01
144 7.598040e-01 8.220000e-03 2.319760e-01
145 7.583480e-01 8.220000e-03 2.334320e-01
146 7.570160e-01 8.164000e-03 2.348200e-01
147 7.556880e-01 8.128000e-03 2.361840e-01
148 7.543200e-01 8.108000e-03 2.375720e-01
149 7.530520e-01 8.056000e-03 2.388920e-01
150 7.517880e-01 7.896000e-03 2.403160e-01
151 7.505520e-01 7.792000e-03 2.416560e-01
152 7.492360e-01 7.776000e-03 2.429880e-01
153 7.479960e-01 7.632000e-03 2.443720e-01
154 7.468120e-01 7.432000e-03 2.457560e-01
155 7.455200e-01 7.496000e-03 2.469840e-01
156 7.442000e-01 7.452000e-03 2.483480e-01
157 7.429640e-01 7.440000e-03 2.495960e-01
158 7.418080e-01 7.324000e-03 2.508680e-01
159 7.405800e-01 7.276000e-03 2.521440e-01
160 7.393920e-01 7.152000e-03 2.534560e-01
161 7.384160e-01 6.740000e-03 2.548440e-01
162 7.373280e-01 6.656000e-03 2.560160e-01
163 7.362320e-01 6.504000e-03 2.572640e-01
164 7.352000e-01 6.572000e-03 2.582280e-01
165 7.340200e-01 6.624000e-03 2.593560e-01
166 7.328400e-01 6.668000e-03 2.604920e-01
167 7.316840e-01 6.652000e-03 2.616640e-01
168 7.306040e-01 6.368000e-03 2.630280e-01
169 7.294920e-01 6.264000e-03 2.642440e-01
170 7.284000e-01 6.308000e-03 2.652920e-01
171 7.273800e-01 6.268000e-03 2.663520e-01
172 7.262920e-01 6.212000e-03 2.674960e-01
173 7.252560e-01 6.120000e-03 2.686240e-01
174 7.241080e-01 6.152000e-03 2.697400e-01
175 7.230080e-01 6.096000e-03 2.708960e-01
176 7.220440e-01 5.968000e-03 2.719880e-01
177 7.211560e-01 5.772000e-03 2.730720e-01
178 7.203120e-01 5.616000e-03 2.740720e-01
179 7.194000e-01 5.536000e-03 2.750640e-01
180 7.185640e-01 5.324000e-03 2.761120e-01
181 7.177600e-01 5.108000e-03 2.771320e-01
182 7.169800e-01 5.012000e-03 2.780080e-01
183 7.160400e-01 4.992000e-03 2.789680e-01
184 7.151280e-01 5.000000e-03 2.798720e-01
185 7.143480e-01 4.852000e-03 2.808000e-01
186 7.136600e-01 4.704000e-03 2.816360e-01
187 7.128800e-01 4.744000e-03 2.823760e-01
188 7.119880e-01 4.740000e-03 2.832720e-01
189 7.111600e-01 4.744000e-03 2.840960e-01
190 7.102920e-01 4.780000e-03 2.849280e-01
191 7.095560e-01 4.760000e-03 2.856840e-01
192 7.088120e-01 4.672000e-03 2.865160e-01
193 7.081040e-01 4.540000e-03 2.873560e-01
194 7.073440e-01 4.428000e-03 2.882280e-01
195 7.065800e-01 4.404000e-03 2.890160e-01
196 7.059960e-01 4.192000e-03 2.898120e-01
197 7.052320e-01 4.204000e-03 2.905640e-01
198 7.046480e-01 3.976000e-03 2.913760e-01
199 7.040280e-01 3.988000e-03 2.919840e-01
200 7.033040e-01 3.912000e-03 2.927840e-01
201 7.026560e-01 3.940000e-03 2.934040e-01
202 7.020440e-01 3.896000e-03 2.940600e-01
203 7.013440e-01 3.884000e-03 2.947720e-01
204 7.006680e-01 3.924000e-03 2.954080e-01
205 6.999240e-01 3.924000e-03 2.961520e-01
206 6.991120e-01 4.016000e-03 2.968720e-01
207 6.983720e-01 3.972000e-03 2.976560e-01
208 6.976960e-01 3.996000e-03 2.983080e-01
209 6.969960e-01 4.028000e-03 2.989760e-01
210 6.962640e-01 4.076000e-03 2.996600e-01
211 6.955600e-01 4.064000e-03 3.003760e-01
212 6.949880e-01 3.964000e-03 3.010480e-01
213 6.944000e-01 3.812000e-03 3.017880e-01
214 6.936880e-01 3.920000e-03 3.023920e-01
215 6.930480e-01 3.808000e-03 3.031440e-01
216 6.923040e-01 3.900000e-03 3.037960e-01
217 6.915880e-01 3.952000e-03 3.044600e-01
218 6.908720e-01 3.988000e-03 3.051400e-01
219 6.901160e-01 4.076000e-03 3.058080e-01
220 6.893600e-01 4.076000e-03 3.065640e-01
221 6.886640e-01 4.012000e-03 3.073240e-01
222 6.879880e-01 4.104000e-03 3.079080e-01
223 6.872360e-01 4.108000e-03 3.086560e-01
224 6.865360e-01 4.176000e-03 3.092880e-01
225 6.858920e-01 4.116000e-03 3.099920e-01
226 6.852920e-01 4.000000e-03 3.107080e-01
227 6.845640e-01 4.000000e-03 3.114360e-01
228 6.838120e-01 4.024000e-03 3.121640e-01
229 6.831480e-01 4.016000e-03 3.128360e-01
230 6.825400e-01 3.952000e-03 3.135080e-01
231 6.819400e-01 3.888000e-03 3.141720e-01
232 6.813120e-01 3.864000e-03 3.148240e-01
233 6.807080e-01 3.856000e-03 3.154360e-01
234 6.801320e-01 3.844000e-03 3.160240e-01
235 6.795560e-01 3.712000e-03 3.167320e-01
236 6.789320e-01 3.624000e-03 3.174440e-01
237 6.782160e-01 3.708000e-03 3.180760e-01
238 6.774800e-01 3.816000e-03 3.187040e-01
239 6.767840e-01 3.888000e-03 3.193280e-01
240 6.762240e-01 3.792000e-03 3.199840e-01
241 6.755680e-01 3.792000e-03 3.206400e-01
242 6.749160e-01 3.828000e-03 3.212560e-01
243 6.743120e-01 3.868000e-03 3.218200e-01
244 6.736920e-01 3.812000e-03 3.224960e-01
245 6.730320e-01 3.748000e-03 3.232200e-01
246 6.723800e-01 3.704000e-03 3.239160e-01
247 6.718080e-01 3.636000e-03 3.245560e-01
248 6.712000e-01 3.524000e-03 3.252760e-01
249 6.706160e-01 3.508000e-03 3.258760e-01
250 6.701080e-01 3.348000e-03 3.265440e-01
251 6.695800e-01 3.320000e-03 3.271000e-01
252 6.690400e-01 3.316000e-03 3.276440e-01
253 6.684920e-01 3.312000e-03 3.281960e-01
254 6.680040e-01 3.260000e-03 3.287360e-01
255 6.674680e-01 3.172000e-03 3.293600e-01
256 6.669280e-01 3.192000e-03 3.298800e-01
257 6.663440e-01 3.240000e-03 3.304160e-01
258 6.658000e-01 3.172000e-03 3.310280e-01
259 6.653600e-01 3.000000e-03 3.316400e-01
260 6.649360e-01 2.832000e-03 3.322320e-01
261 6.644440e-01 2.844000e-03 3.327120e-01
262 6.639280e-01 2.896000e-03 3.331760e-01
263 6.634160e-01 2.956000e-03 3.336280e-01
264 6.628880e-01 3.020000e-03 3.340920e-01
265 6.623440e-01 3.048000e-03 3.346080e-01
266 6.619360e-01 3.032000e-03 3.350320e-01
267 6.615080e-01 2.928000e-03 3.355640e-01
268 6.609720e-01 2.920000e-03 3.361080e-01
269 6.605040e-01 2.892000e-03 3.366040e-01
270 6.599680e-01 2.888000e-03 3.371440e-01
271 6.595280e-01 2.796000e-03 3.376760e-01
272 6.591040e-01 2.772000e-03 3.381240e-01
273 6.586560e-01 2.716000e-03 3.386280e-01
274 6.582560e-01 2.644000e-03 3.391000e-01
275 6.578320e-01 2.664000e-03 3.395040e-01
276 6.574120e-01 2.644000e-03 3.399440e-01
277 6.569480e-01 2.616000e-03 3.404360e-01
278 6.565560e-01 2.652000e-03 3.407920e-01
279 6.560720e-01 2.628000e-03 3.413000e-01
280 6.555800e-01 2.696000e-03 3.417240e-01
281 6.550840e-01 2.700000e-03 3.422160e-01
282 6.546560e-01 2.636000e-03 3.427080e-01
283 6.540880e-01 2.816000e-03 3.430960e-01
284 6.535440e-01 2.860000e-03 3.435960e-01
285 6.529720e-01 2.988000e-03 3.440400e-01
286 6.525240e-01 2.936000e-03 3.445400e-01
287 6.520920e-01 2.840000e-03 3.450680e-01
288 6.515280e-01 2.848000e-03 3.456240e-01
289 6.509880e-01 2.932000e-03 3.460800e-01
290 6.504480e-01 2.888000e-03 3.466640e-01
291 6.498320e-01 3.008000e-03 3.471600e-01
292 6.492160e-01 3.088000e-03 3.476960e-01
293 6.486520e-01 3.084000e-03 3.482640e-01
294 6.481280e-01 3.108000e-03 3.487640e-01
295 6.474720e-01 3.172000e-03 3.493560e-01
296 6.468880e-01 3.160000e-03 3.499520e-01
297 6.464160e-01 3.140000e-03 3.504440e-01
298 6.459080e-01 3.112000e-03 3.509800e-01
299 6.454000e-01 3.148000e-03 3.514520e-01
300 6.449000e-01 3.028000e-03 3.520720e-01
301 6.443800e-01 2.952000e-03 3.526680e-01
302 6.438800e-01 2.888000e-03 3.532320e-01
303 6.434320e-01 2.812000e-03 3.537560e-01
304 6.429680e-01 2.844000e-03 3.541880e-01
305 6.424200e-01 2.940000e-03 3.546400e-01
306 6.419120e-01 2.880000e-03 3.552080e-01
307 6.413920e-01 2.908000e-03 3.557000e-01
308 6.408600e-01 2.896000e-03 3.562440e-01
309 6.404080e-01 2.896000e-03 3.566960e-01
310 6.398840e-01 2.860000e-03 3.572560e-01
311 6.395000e-01 2.768000e-03 3.577320e-01
312 6.390840e-01 2.712000e-03 3.582040e-01
313 6.386360e-01 2.744000e-03 3.586200e-01
314 6.381240e-01 2.752000e-03 3.591240e-01
315 6.375880e-01 2.804000e-03 3.596080e-01
316 6.371000e-01 2.788000e-03 3.601120e-01
317 6.366440e-01 2.792000e-03 3.605640e-01
318 6.361880e-01 2.764000e-03 3.610480e-01
319 6.357560e-01 2.636000e-03 3.616080e-01
320 6.353040e-01 2.672000e-03 3.620240e-01
321 6.347600e-01 2.800000e-03 3.624400e-01
322 6.341960e-01 2.824000e-03 3.629800e-01
323 6.336840e-01 2.808000e-03 3.635080e-01
324 6.331440e-01 2.832000e-03 3.640240e-01
325 6.326600e-01 2.844000e-03 3.644960e-01
326 6.322080e-01 2.816000e-03 3.649760e-01
327 6.317720e-01 2.740000e-03 3.654880e-01
328 6.313200e-01 2.700000e-03 3.659800e-01
329 6.308680e-01 2.740000e-03 3.663920e-01
330 6.304120e-01 2.692000e-03 3.668960e-01
331 6.300120e-01 2.588000e-03 3.674000e-01
332 6.295480e-01 2.588000e-03 3.678640e-01
333 6.291880e-01 2.464000e-03 3.683480e-01
334 6.288080e-01 2.472000e-03 3.687200e-01
335 6.283760e-01 2.484000e-03 3.691400e-01
336 6.279760e-01 2.428000e-03 3.695960e-01
337 6.276200e-01 2.364000e-03 3.700160e-01
338 6.272680e-01 2.256000e-03 3.704760e-01
339 6.269120e-01 2.252000e-03 3.708360e-01
340 6.265000e-01 2.344000e-03 3.711560e-01
341 6.261640e-01 2.280000e-03 3.715560e-01
342 6.257640e-01 2.280000e-03 3.719560e-01
343 6.253600e-01 2.236000e-03 3.724040e-01
344 6.249480e-01 2.184000e-03 3.728680e-01
345 6.246480e-01 2.080000e-03 3.732720e-01
346 6.242520e-01 2.120000e-03 3.736280e-01
347 6.238840e-01 2.148000e-03 3.739680e-01
348 6.235880e-01 2.040000e-03 3.743720e-01
349 6.233040e-01 1.924000e-03 3.747720e-01
350 6.230040e-01 1.876000e-03 3.751200e-01
351 6.226520e-01 1.900000e-03 3.754480e-01
352 6.223360e-01 1.844000e-03 3.758200e-01
353 6.220320e-01 1.856000e-03 3.761120e-01
354 6.217800e-01 1.784000e-03 3.764360e-01
355 6.215080e-01 1.728000e-03 3.767640e-01
356 6.212360e-01 1.636000e-03 3.771280e-01
357 6.209440e-01 1.660000e-03 3.773960e-01
358 6.205920e-01 1.756000e-03 3.776520e-01
359 6.202080e-01 1.828000e-03 3.779640e-01
360 6.198240e-01 1.868000e-03 3.783080e-01
361 6.194640e-01 1.964000e-03 3.785720e-01
362 6.191000e-01 1.996000e-03 3.789040e-01
363 6.187600e-01 1.984000e-03 3.792560e-01
364 6.184080e-01 1.976000e-03 3.796160e-01
365 6.181360e-01 2.000000e-03 3.798640e-01
366 6.177920e-01 1.996000e-03 3.802120e-01
367 6.174880e-01 1.964000e-03 3.805480e-01
368 6.171400e-01 1.968000e-03 3.808920e-01
369 6.168040e-01 1.996000e-03 3.812000e-01
370 6.164640e-01 1.988000e-03 3.815480e-01
371 6.161040e-01 2.036000e-03 3.818600e-01
372 6.157960e-01 2.000000e-03 3.822040e-01
373 6.154680e-01 1.972000e-03 3.825600e-01
374 6.151120e-01 2.016000e-03 3.828720e-01
375 6.147920e-01 1.952000e-03 3.832560e-01
376 6.144120e-01 2.044000e-03 3.835440e-01
377 6.140040e-01 2.080000e-03 3.839160e-01
378 6.136440e-01 2.132000e-03 3.842240e-01
379 6.133680e-01 2.060000e-03 3.845720e-01
380 6.130040e-01 2.036000e-03 3.849600e-01
381 6.126200e-01 2.052000e-03 3.853280e-01
382 6.122960e-01 1.992000e-03 3.857120e-01
383 6.119760e-01 1.988000e-03 3.860360e-01
384 6.116160e-01 2.056000e-03 3.863280e-01
385 6.112400e-01 2.044000e-03 3.867160e-01
386 6.108680e-01 2.028000e-03 3.871040e-01
387 6.105040e-01 2.020000e-03 3.874760e-01
388 6.102280e-01 1.968000e-03 3.878040e-01
389 6.098560e-01 1.984000e-03 3.881600e-01
390 6.096240e-01 1.836000e-03 3.885400e-01
391 6.093560e-01 1.808000e-03 3.888360e-01
392 6.090800e-01 1.776000e-03 3.891440e-01
393 6.087440e-01 1.780000e-03 3.894760e-01
394 6.084360e-01 1.752000e-03 3.898120e-01
395 6.081760e-01 1.712000e-03 3.901120e-01
396 6.079400e-01 1.592000e-03 3.904680e-01
397 6.077000e-01 1.584000e-03 3.907160e-01
398 6.074680e-01 1.564000e-03 3.909680e-01
399 6.072080e-01 1.568000e-03 3.912240e-01
400 6.069560e-01 1.584000e-03 3.914600e-01
401 6.067400e-01 1.556000e-03 3.917040e-01
402 6.064040e-01 1.632000e-03 3.919640e-01
403 6.061960e-01 1.564000e-03 3.922400e-01
404 6.059640e-01 1.536000e-03 3.925000e-01
405 6.057400e-01 1.476000e-03 3.927840e-01
406 6.055040e-01 1.468000e-03 3.930280e-01
407 6.053240e-01 1.424000e-03 3.932520e-01
408 6.051920e-01 1.340000e-03 3.934680e-01
409 6.050080e-01 1.312000e-03 3.936800e-01
410 6.048640e-01 1.200000e-03 3.939360e-01
411 6.046720e-01 1.180000e-03 3.941480e-01
412 6.044800e-01 1.212000e-03 3.943080e-01
413 6.043240e-01 1.200000e-03 3.944760e-01
414 6.041360e-01 1.216000e-03 3.946480e-01
415 6.040120e-01 1.120000e-03 3.948680e-01
416 6.039120e-01 1.056000e-03 3.950320e-01
417 6.038040e-01 9.720000e-04 3.952240e-01
418 6.036800e-01 9.960000e-04 3.953240e-01
419 6.035080e-01 9.640000e-04 3.955280e-01
420 6.033200e-01 9.960000e-04 3.956840e-01
421 6.031640e-01 1.004000e-03 3.958320e-01
422 6.030000e-01 9.840000e-04 3.960160e-01
423 6.028160e-01 1.016000e-03 3.961680e-01
424 6.026440e-01 1.020000e-03 3.963360e-01
425 6.024760e-01 9.640000e-04 3.965600e-01
426 6.023440e-01 9.360000e-04 3.967200e-01
427 6.022200e-01 9.200000e-04 3.968600e-01
428 6.020680e-01 8.920000e-04 3.970400e-01
429 6.018840e-01 9.040000e-04 3.972120e-01
430 6.017480e-01 8.480000e-04 3.974040e-01
431 6.016240e-01 8.240000e-04 3.975520e-01
432 6.015080e-01 8.000000e-04 3.976920e-01
433 6.013120e-01 8.920000e-04 3.977960e-01
434 6.012080e-01 8.600000e-04 3.979320e-01
435 6.010400e-01 8.840000e-04 3.980760e-01
436 6.009160e-01 8.680000e-04 3.982160e-01
437 6.007920e-01 8.520000e-04 3.983560e-01
438 6.006520e-01 8.320000e-04 3.985160e-01
439 6.005080e-01 8.240000e-04 3.986680e-01
440 6.003720e-01 8.120000e-04 3.988160e-01
441 6.002440e-01 7.800000e-04 3.989760e-01
442 6.001040e-01 7.920000e-04 3.991040e-01
443 5.999800e-01 7.800000e-04 3.992400e-01
444 5.998920e-01 7.520000e-04 3.993560e-01
445 5.997640e-01 7.400000e-04 3.994960e-01
446 5.996280e-01 7.360000e-04 3.996360e-01
447 5.994880e-01 7.600000e-04 3.997520e-01
448 5.992840e-01 8.320000e-04 3.998840e-01
449 5.991360e-01 8.400000e-04 4.000240e-01
450 5.990000e-01 8.240000e-04 4.001760e-01
451 5.989040e-01 7.880000e-04 4.003080e-01
452 5.987480e-01 7.920000e-04 4.004600e-01
453 5.985960e-01 7.920000e-04 4.006120e-01
454 5.983920e-01 8.600000e-04 4.007480e-01
455 5.982040e-01 9.000000e-04 4.008960e-01
456 5.980120e-01 9.200000e-04 4.010680e-01
457 5.977960e-01 9.800000e-04 4.012240e-01
458 5.976480e-01 9.920000e-04 4.013600e-01
459 5.974880e-01 9.720000e-04 4.015400e-01
460 5.972920e-01 9.840000e-04 4.017240e-01
461 5.971640e-01 9.400000e-04 4.018960e-01
462 5.969520e-01 9.600000e-04 4.020880e-01
463 5.967720e-01 9.200000e-04 4.023080e-01
464 5.966000e-01 9.720000e-04 4.024280e-01
465 5.964800e-01 9.080000e-04 4.026120e-01
466 5.963200e-01 9.160000e-04 4.027640e-01
467 5.961400e-01 9.760000e-04 4.028840e-01
468 5.958880e-01 1.092000e-03 4.030200e-01
469 5.957280e-01 1.048000e-03 4.032240e-01
470 5.955640e-01 1.008000e-03 4.034280e-01
471 5.954000e-01 9.960000e-04 4.036040e-01
472 5.952280e-01 1.044000e-03 4.037280e-01
473 5.950800e-01 9.920000e-04 4.039280e-01
474 5.948880e-01 9.640000e-04 4.041480e-01
475 5.946640e-01 1.040000e-03 4.042960e-01
476 5.945080e-01 1.004000e-03 4.044880e-01
477 5.943480e-01 1.024000e-03 4.046280e-01
478 5.942200e-01 9.560000e-04 4.048240e-01
479 5.941000e-01 9.080000e-04 4.049920e-01
480 5.939600e-01 8.720000e-04 4.051680e-01
481 5.938120e-01 8.960000e-04 4.052920e-01
482 5.937000e-01 8.600000e-04 4.054400e-01
483 5.935440e-01 8.440000e-04 4.056120e-01
484 5.934120e-01 8.360000e-04 4.057520e-01
485 5.932800e-01 8.440000e-04 4.058760e-01
486 5.931440e-01 8.600000e-04 4.059960e-01
487 5.929920e-01 8.800000e-04 4.061280e-01
488 5.929200e-01 8.160000e-04 4.062640e-01
489 5.927760e-01 8.120000e-04 4.064120e-01
490 5.926080e-01 8.160000e-04 4.065760e-01
491 5.924800e-01 8.200000e-04 4.067000e-01
492 5.923640e-01 8.160000e-04 4.068200e-01
493 5.922480e-01 8.080000e-04 4.069440e-01
494 5.921240e-01 8.160000e-04 4.070600e-01
495 5.919680e-01 8.120000e-04 4.072200e-01
496 5.918400e-01 8.200000e-04 4.073400e-01
497 5.916960e-01 8.040000e-04 4.075000e-01
498 5.915520e-01 7.880000e-04 4.076600e-01
499 5.914600e-01 7.280000e-04 4.078120e-01
500 5.913320e-01 7.080000e-04 4.079600e-01
