1 9.991400e-01 7.680000e-04 9.200000e-05
2 9.986360e-01 1.116000e-03 2.480000e-04
3 9.980440e-01 1.444000e-03 5.120000e-04
4 9.974200e-01 1.768000e-03 8.120000e-04
5 9.966880e-01 2.200000e-03 1.112000e-03
6 9.958800e-01 2.576000e-03 1.544000e-03
7 9.949960e-01 2.976000e-03 2.028000e-03
8 9.939760e-01 3.428000e-03 2.596000e-03
9 9.930280e-01 3.820000e-03 3.152000e-03
10 9.920200e-01 4.156000e-03 3.824000e-03
11 9.910000e-01 4.464000e-03 4.536000e-03
12 9.898280e-01 4.768000e-03 5.404000e-03
13 9.887160e-01 4.976000e-03 6.308000e-03
14 9.876840e-01 5.220000e-03 7.096000e-03
15 9.866000e-01 5.428000e-03 7.972000e-03
16 9.855000e-01 5.652000e-03 8.848000e-03
17 9.843280e-01 5.800000e-03 9.872000e-03
18 9.832040e-01 6.028000e-03 1.076800e-02
19 9.818960e-01 6.280000e-03 1.182400e-02
20 9.806640e-01 6.376000e-03 1.296000e-02
21 9.794120e-01 6.464000e-03 1.412400e-02
22 9.781000e-01 6.500000e-03 1.540000e-02
23 9.769840e-01 6.412000e-03 1.660400e-02
24 9.756920e-01 6.572000e-03 1.773600e-02
25 9.745680e-01 6.516000e-03 1.891600e-02
26 9.733360e-01 6.552000e-03 2.011200e-02
27 9.721360e-01 6.676000e-03 2.118800e-02
28 9.709760e-01 6.712000e-03 2.231200e-02
29 9.697720e-01 6.704000e-03 2.352400e-02
30 9.684640e-01 6.820000e-03 2.471600e-02
31 9.673280e-01 6.696000e-03 2.597600e-02
32 9.662160e-01 6.664000e-03 2.712000e-02
33 9.649400e-01 6.756000e-03 2.830400e-02
34 9.637920e-01 6.756000e-03 2.945200e-02
35 9.624840e-01 6.692000e-03 3.082400e-02
36 9.611920e-01 6.796000e-03 3.201200e-02
37 9.599400e-01 6.808000e-03 3.325200e-02
38 9.586680e-01 6.772000e-03 3.456000e-02
39 9.573840e-01 6.836000e-03 3.578000e-02
40 9.562200e-01 6.872000e-03 3.690800e-02
41 9.550520e-01 6.696000e-03 3.825200e-02
42 9.538800e-01 6.732000e-03 3.938800e-02
43 9.527840e-01 6.464000e-03 4.075200e-02
44 9.517560e-01 6.332000e-03 4.191200e-02
45 9.505960e-01 6.520000e-03 4.288400e-02
46 9.493880e-01 6.656000e-03 4.395600e-02
47 9.481000e-01 6.728000e-03 4.517200e-02
48 9.468120e-01 6.756000e-03 4.643200e-02
49 9.456600e-01 6.684000e-03 4.765600e-02
50 9.443840e-01 6.860000e-03 4.875600e-02
51 9.430080e-01 7.048000e-03 4.994400e-02
52 9.417080e-01 7.192000e-03 5.110000e-02
53 9.403960e-01 7.248000e-03 5.235600e-02
54 9.390680e-01 7.324000e-03 5.360800e-02
55 9.377560e-01 7.244000e-03 5.500000e-02
56 9.364440e-01 7.368000e-03 5.618800e-02
57 9.350600e-01 7.480000e-03 5.746000e-02
58 9.336080e-01 7.504000e-03 5.888800e-02
59 9.323200e-01 7.428000e-03 6.025200e-02
60 9.308240e-01 7.628000e-03 6.154800e-02
61 9.294840e-01 7.576000e-03 6.294000e-02
62 9.281200e-01 7.660000e-03 6.422000e-02
63 9.266520e-01 7.880000e-03 6.546800e-02
64 9.253080e-01 7.876000e-03 6.681600e-02
65 9.238440e-01 8.000000e-03 6.815600e-02
66 9.223320e-01 8.108000e-03 6.956000e-02
67 9.208840e-01 8.136000e-03 7.098000e-02
68 9.194800e-01 7.996000e-03 7.252400e-02
69 9.179960e-01 8.080000e-03 7.392400e-02
70 9.165680e-01 8.128000e-03 7.530400e-02
71 9.152360e-01 8.044000e-03 7.672000e-02
72 9.137240e-01 8.208000e-03 7.806800e-02
73 9.123680e-01 7.984000e-03 7.964800e-02
74 9.108320e-01 8.228000e-03 8.094000e-02
75 9.092640e-01 8.472000e-03 8.226400e-02
76 9.077960e-01 8.520000e-03 8.368400e-02
77 9.063680e-01 8.416000e-03 8.521600e-02
78 9.049120e-01 8.316000e-03 8.677200e-02
79 9.034320e-01 8.320000e-03 8.824800e-02
80 9.019080e-01 8.488000e-03 8.960400e-02
81 9.006120e-01 8.296000e-03 9.109200e-02
82 8.993240e-01 8.176000e-03 9.250000e-02
83 8.979560e-01 8.128000e-03 9.391600e-02
84 8.966520e-01 8.028000e-03 9.532000e-02
85 8.951560e-01 8.152000e-03 9.669200e-02
86 8.937360e-01 8.164000e-03 9.810000e-02
87 8.923480e-01 8.200000e-03 9.945200e-02
88 8.909200e-01 8.164000e-03 1.009160e-01
89 8.895360e-01 8.120000e-03 1.023440e-01
90 8.881880e-01 8.080000e-03 1.037320e-01
91 8.866360e-01 8.176000e-03 1.051880e-01
92 8.852040e-01 8.132000e-03 1.066640e-01
93 8.836880e-01 8.224000e-03 1.080880e-01
94 8.821520e-01 8.292000e-03 1.095560e-01
95 8.806440e-01 8.360000e-03 1.109960e-01
96 8.790960e-01 8.496000e-03 1.124080e-01
97 8.777200e-01 8.332000e-03 1.139480e-01
98 8.763920e-01 8.084000e-03 1.155240e-01
99 8.750640e-01 7.956000e-03 1.169800e-01
100 8.738440e-01 7.728000e-03 1.184280e-01
101 8.727160e-01 7.492000e-03 1.197920e-01
102 8.714720e-01 7.404000e-03 1.211240e-01
103 8.702040e-01 7.372000e-03 1.224240e-01
104 8.689480e-01 7.372000e-03 1.236800e-01
105 8.675880e-01 7.452000e-03 1.249600e-01
106 8.662720e-01 7.460000e-03 1.262680e-01
107 8.649720e-01 7.528000e-03 1.275000e-01
108 8.636560e-01 7.488000e-03 1.288560e-01
109 8.623200e-01 7.408000e-03 1.302720e-01
110 8.611240e-01 7.204000e-03 1.316720e-01
111 8.597920e-01 7.360000e-03 1.328480e-01
112 8.584200e-01 7.460000e-03 1.341200e-01
113 8.571840e-01 7.356000e-03 1.354600e-01
114 8.559840e-01 7.412000e-03 1.366040e-01
115 8.546600e-01 7.492000e-03 1.378480e-01
116 8.533440e-01 7.544000e-03 1.391120e-01
117 8.519080e-01 7.668000e-03 1.404240e-01
118 8.506840e-01 7.600000e-03 1.417160e-01
119 8.493960e-01 7.600000e-03 1.430040e-01
120 8.481160e-01 7.488000e-03 1.443960e-01
121 8.469360e-01 7.280000e-03 1.457840e-01
122 8.456480e-01 7.232000e-03 1.471200e-01
123 8.444560e-01 7.224000e-03 1.483200e-01
124 8.431600e-01 7.272000e-03 1.495680e-01
125 8.417800e-01 7.304000e-03 1.509160e-01
126 8.405480e-01 7.244000e-03 1.522080e-01
127 8.393160e-01 7.108000e-03 1.535760e-01
128 8.382440e-01 6.928000e-03 1.548280e-01
129 8.371480e-01 6.928000e-03 1.559240e-01
130 8.359120e-01 6.960000e-03 1.571280e-01
131 8.348920e-01 6.696000e-03 1.584120e-01
132 8.337120e-01 6.696000e-03 1.595920e-01
133 8.325680e-01 6.640000e-03 1.607920e-01
134 8.313040e-01 6.744000e-03 1.619520e-01
135 8.302560e-01 6.788000e-03 1.629560e-01
136 8.291080e-01 6.712000e-03 1.641800e-01
137 8.279920e-01 6.660000e-03 1.653480e-01
138 8.267880e-01 6.796000e-03 1.664160e-01
139 8.255240e-01 6.844000e-03 1.676320e-01
140 8.242160e-01 7.064000e-03 1.687200e-01
141 8.230520e-01 6.964000e-03 1.699840e-01
142 8.218480e-01 6.920000e-03 1.712320e-01
143 8.206560e-01 6.976000e-03 1.723680e-01
144 8.195320e-01 6.888000e-03 1.735800e-01
145 8.184160e-01 6.916000e-03 1.746680e-01
146 8.172120e-01 6.912000e-03 1.758760e-01
147 8.159760e-01 6.876000e-03 1.771480e-01
148 8.146680e-01 6.900000e-03 1.784320e-01
149 8.136640e-01 6.684000e-03 1.796520e-01
150 8.125600e-01 6.660000e-03 1.807800e-01
151 8.116440e-01 6.476000e-03 1.818800e-01
152 8.107640e-01 6.104000e-03 1.831320e-01
153 8.097520e-01 5.944000e-03 1.843040e-01
154 8.088360e-01 5.744000e-03 1.854200e-01
155 8.080200e-01 5.524000e-03 1.864560e-01
156 8.071840e-01 5.464000e-03 1.873520e-01
157 8.063200e-01 5.316000e-03 1.883640e-01
158 8.054600e-01 5.232000e-03 1.893080e-01
159 8.045760e-01 5.212000e-03 1.902120e-01
160 8.037000e-01 5.180000e-03 1.911200e-01
161 8.027480e-01 5.184000e-03 1.920680e-01
162 8.017880e-01 5.264000e-03 1.929480e-01
163 8.010160e-01 5.156000e-03 1.938280e-01
164 8.000840e-01 5.116000e-03 1.948000e-01
165 7.992240e-01 5.072000e-03 1.957040e-01
166 7.983880e-01 5.064000e-03 1.965480e-01
167 7.975840e-01 4.884000e-03 1.975320e-01
168 7.969120e-01 4.712000e-03 1.983760e-01
169 7.961800e-01 4.620000e-03 1.992000e-01
170 7.954360e-01 4.628000e-03 1.999360e-01
171 7.946000e-01 4.692000e-03 2.007080e-01
172 7.937920e-01 4.744000e-03 2.014640e-01
173 7.929560e-01 4.780000e-03 2.022640e-01
174 7.920560e-01 4.916000e-03 2.030280e-01
175 7.912960e-01 4.788000e-03 2.039160e-01
176 7.904480e-01 4.716000e-03 2.048360e-01
177 7.896360e-01 4.716000e-03 2.056480e-01
178 7.888320e-01 4.632000e-03 2.065360e-01
179 7.881440e-01 4.412000e-03 2.074440e-01
180 7.874200e-01 4.436000e-03 2.081440e-01
181 7.867040e-01 4.376000e-03 2.089200e-01
182 7.859480e-01 4.392000e-03 2.096600e-01
183 7.852920e-01 4.348000e-03 2.103600e-01
184 7.845920e-01 4.328000e-03 2.110800e-01
185 7.836640e-01 4.460000e-03 2.118760e-01
186 7.827960e-01 4.572000e-03 2.126320e-01
187 7.820080e-01 4.560000e-03 2.134320e-01
188 7.811760e-01 4.664000e-03 2.141600e-01
189 7.803760e-01 4.648000e-03 2.149760e-01
190 7.795080e-01 4.708000e-03 2.157840e-01
191 7.786720e-01 4.636000e-03 2.166920e-01
192 7.779800e-01 4.460000e-03 2.175600e-01
193 7.772640e-01 4.416000e-03 2.183200e-01
194 7.765280e-01 4.396000e-03 2.190760e-01
195 7.758520e-01 4.380000e-03 2.197680e-01
196 7.750400e-01 4.444000e-03 2.205160e-01
197 7.743120e-01 4.392000e-03 2.212960e-01
198 7.736640e-01 4.296000e-03 2.220400e-01
199 7.729520e-01 4.244000e-03 2.228040e-01
200 7.721760e-01 4.340000e-03 2.234840e-01
201 7.713760e-01 4.396000e-03 2.242280e-01
202 7.706440e-01 4.384000e-03 2.249720e-01
203 7.699280e-01 4.380000e-03 2.256920e-01
204 7.692120e-01 4.304000e-03 2.264840e-01
205 7.684960e-01 4.292000e-03 2.272120e-01
206 7.677560e-01 4.264000e-03 2.279800e-01
207 7.671040e-01 4.156000e-03 2.287400e-01
208 7.664560e-01 4.200000e-03 2.293440e-01
209 7.657600e-01 4.176000e-03 2.300640e-01
210 7.651440e-01 4.056000e-03 2.308000e-01
211 7.643720e-01 4.092000e-03 2.315360e-01
212 7.636800e-01 4.024000e-03 2.322960e-01
213 7.629960e-01 3.972000e-03 2.330320e-01
214 7.622120e-01 4.092000e-03 2.336960e-01
215 7.615560e-01 3.996000e-03 2.344480e-01
216 7.609680e-01 3.952000e-03 2.350800e-01
217 7.603000e-01 3.872000e-03 2.358280e-01
218 7.596200e-01 3.900000e-03 2.364800e-01
219 7.589120e-01 3.924000e-03 2.371640e-01
220 7.582440e-01 3.948000e-03 2.378080e-01
221 7.575520e-01 3.896000e-03 2.385520e-01
222 7.567920e-01 4.044000e-03 2.391640e-01
223 7.561640e-01 3.964000e-03 2.398720e-01
224 7.553560e-01 4.132000e-03 2.405120e-01
225 7.546320e-01 4.236000e-03 2.411320e-01
226 7.538720e-01 4.316000e-03 2.418120e-01
227 7.531800e-01 4.256000e-03 2.425640e-01
228 7.525680e-01 4.128000e-03 2.433040e-01
229 7.519040e-01 4.140000e-03 2.439560e-01
230 7.512120e-01 4.092000e-03 2.446960e-01
231 7.504880e-01 4.164000e-03 2.453480e-01
232 7.497160e-01 4.152000e-03 2.461320e-01
233 7.490840e-01 4.012000e-03 2.469040e-01
234 7.484440e-01 3.996000e-03 2.475600e-01
235 7.478000e-01 4.016000e-03 2.481840e-01
236 7.470360e-01 4.032000e-03 2.489320e-01
237 7.464400e-01 3.932000e-03 2.496280e-01
238 7.457400e-01 3.904000e-03 2.503560e-01
239 7.451320e-01 3.840000e-03 2.510280e-01
240 7.444920e-01 3.776000e-03 2.517320e-01
241 7.438200e-01 3.804000e-03 2.523760e-01
242 7.432400e-01 3.760000e-03 2.530000e-01
243 7.426760e-01 3.652000e-03 2.536720e-01
244 7.420680e-01 3.556000e-03 2.543760e-01
245 7.415160e-01 3.340000e-03 2.551440e-01
246 7.409040e-01 3.388000e-03 2.557080e-01
247 7.403200e-01 3.344000e-03 2.563360e-01
248 7.396960e-01 3.404000e-03 2.569000e-01
249 7.390880e-01 3.404000e-03 2.575080e-01
250 7.384840e-01 3.400000e-03 2.581160e-01
251 7.378560e-01 3.460000e-03 2.586840e-01
252 7.372080e-01 3.448000e-03 2.593440e-01
253 7.366520e-01 3.412000e-03 2.599360e-01
254 7.360440e-01 3.388000e-03 2.605680e-01
255 7.354440e-01 3.440000e-03 2.611160e-01
256 7.348800e-01 3.380000e-03 2.617400e-01
257 7.343240e-01 3.364000e-03 2.623120e-01
258 7.337680e-01 3.380000e-03 2.628520e-01
259 7.331400e-01 3.420000e-03 2.634400e-01
260 7.326200e-01 3.352000e-03 2.640280e-01
261 7.320960e-01 3.236000e-03 2.646680e-01
262 7.314440e-01 3.284000e-03 2.652720e-01
263 7.308960e-01 3.260000e-03 2.658440e-01
264 7.302600e-01 3.308000e-03 2.664320e-01
265 7.297080e-01 3.280000e-03 2.670120e-01
266 7.290760e-01 3.292000e-03 2.676320e-01
267 7.284640e-01 3.328000e-03 2.682080e-01
268 7.278240e-01 3.364000e-03 2.688120e-01
269 7.272120e-01 3.356000e-03 2.694320e-01
270 7.265560e-01 3.404000e-03 2.700400e-01
271 7.259800e-01 3.380000e-03 2.706400e-01
272 7.253520e-01 3.428000e-03 2.712200e-01
273 7.248040e-01 3.320000e-03 2.718760e-01
274 7.242800e-01 3.256000e-03 2.724640e-01
275 7.236040e-01 3.392000e-03 2.730040e-01
276 7.230720e-01 3.276000e-03 2.736520e-01
277 7.225600e-01 3.216000e-03 2.742240e-01
278 7.220320e-01 3.224000e-03 2.747440e-01
279 7.215400e-01 3.196000e-03 2.752640e-01
280 7.210200e-01 3.132000e-03 2.758480e-01
281 7.205160e-01 3.076000e-03 2.764080e-01
282 7.200440e-01 2.980000e-03 2.769760e-01
283 7.195200e-01 2.988000e-03 2.774920e-01
284 7.191680e-01 2.812000e-03 2.780200e-01
285 7.186880e-01 2.740000e-03 2.785720e-01
286 7.182120e-01 2.704000e-03 2.790840e-01
287 7.177880e-01 2.616000e-03 2.795960e-01
288 7.173920e-01 2.556000e-03 2.800520e-01
289 7.170320e-01 2.420000e-03 2.805480e-01
290 7.166960e-01 2.332000e-03 2.809720e-01
291 7.163280e-01 2.232000e-03 2.814400e-01
292 7.159720e-01 2.164000e-03 2.818640e-01
293 7.156200e-01 2.156000e-03 2.822240e-01
294 7.152560e-01 2.168000e-03 2.825760e-01
295 7.148840e-01 2.128000e-03 2.829880e-01
296 7.145520e-01 2.048000e-03 2.834000e-01
297 7.141960e-01 2.100000e-03 2.837040e-01
298 7.138560e-01 2.024000e-03 2.841200e-01
299 7.135280e-01 1.956000e-03 2.845160e-01
300 7.131040e-01 2.000000e-03 2.848960e-01
301 7.126760e-01 2.012000e-03 2.853120e-01
302 7.122840e-01 2.028000e-03 2.856880e-01
303 7.118640e-01 2.060000e-03 2.860760e-01
304 7.114080e-01 2.092000e-03 2.865000e-01
305 7.110400e-01 2.048000e-03 2.869120e-01
306 7.107120e-01 2.040000e-03 2.872480e-01
307 7.103640e-01 2.036000e-03 2.876000e-01
308 7.100000e-01 2.100000e-03 2.879000e-01
309 7.096600e-01 2.076000e-03 2.882640e-01
310 7.092600e-01 2.076000e-03 2.886640e-01
311 7.088680e-01 2.164000e-03 2.889680e-01
312 7.084760e-01 2.168000e-03 2.893560e-01
313 7.081320e-01 2.120000e-03 2.897480e-01
314 7.077960e-01 2.080000e-03 2.901240e-01
315 7.075040e-01 2.052000e-03 2.904440e-01
316 7.072000e-01 2.012000e-03 2.907880e-01
317 7.068120e-01 2.036000e-03 2.911520e-01
318 7.065040e-01 1.936000e-03 2.915600e-01
319 7.061720e-01 1.940000e-03 2.918880e-01
320 7.058360e-01 1.912000e-03 2.922520e-01
321 7.055040e-01 1.932000e-03 2.925640e-01
322 7.052320e-01 1.924000e-03 2.928440e-01
323 7.049160e-01 1.968000e-03 2.931160e-01
324 7.045600e-01 1.912000e-03 2.935280e-01
325 7.042720e-01 1.852000e-03 2.938760e-01
326 7.040160e-01 1.708000e-03 2.942760e-01
327 7.037920e-01 1.624000e-03 2.945840e-01
328 7.035320e-01 1.580000e-03 2.948880e-01
329 7.033160e-01 1.512000e-03 2.951720e-01
330 7.031360e-01 1.400000e-03 2.954640e-01
331 7.029400e-01 1.408000e-03 2.956520e-01
332 7.027200e-01 1.376000e-03 2.959040e-01
333 7.025240e-01 1.360000e-03 2.961160e-01
334 7.022960e-01 1.304000e-03 2.964000e-01
335 7.020800e-01 1.328000e-03 2.965920e-01
336 7.018800e-01 1.256000e-03 2.968640e-01
337 7.016880e-01 1.228000e-03 2.970840e-01
338 7.015040e-01 1.236000e-03 2.972600e-01
339 7.013240e-01 1.228000e-03 2.974480e-01
340 7.011720e-01 1.156000e-03 2.976720e-01
341 7.010480e-01 1.044000e-03 2.979080e-01
342 7.008640e-01 1.056000e-03 2.980800e-01
343 7.006920e-01 1.056000e-03 2.982520e-01
344 7.005280e-01 1.032000e-03 2.984400e-01
345 7.003840e-01 9.840000e-04 2.986320e-01
346 7.002400e-01 9.120000e-04 2.988480e-01
347 7.001080e-01 8.720000e-04 2.990200e-01
348 6.999600e-01 8.800000e-04 2.991600e-01
349 6.997720e-01 9.200000e-04 2.993080e-01
350 6.996200e-01 9.080000e-04 2.994720e-01
351 6.994360e-01 9.040000e-04 2.996600e-01
352 6.992400e-01 9.560000e-04 2.998040e-01
353 6.990920e-01 9.440000e-04 2.999640e-01
354 6.989120e-01 9.840000e-04 3.001040e-01
355 6.987200e-01 1.036000e-03 3.002440e-01
356 6.984880e-01 1.044000e-03 3.004680e-01
357 6.982240e-01 1.104000e-03 3.006720e-01
358 6.979760e-01 1.144000e-03 3.008800e-01
359 6.977600e-01 1.164000e-03 3.010760e-01
360 6.975440e-01 1.144000e-03 3.013120e-01
361 6.973680e-01 1.132000e-03 3.015000e-01
362 6.971560e-01 1.136000e-03 3.017080e-01
363 6.969800e-01 1.128000e-03 3.018920e-01
364 6.968040e-01 1.128000e-03 3.020680e-01
365 6.965720e-01 1.108000e-03 3.023200e-01
366 6.964080e-01 1.076000e-03 3.025160e-01
367 6.961200e-01 1.136000e-03 3.027440e-01
368 6.959360e-01 1.096000e-03 3.029680e-01
369 6.957400e-01 1.076000e-03 3.031840e-01
370 6.956160e-01 1.012000e-03 3.033720e-01
371 6.954440e-01 1.064000e-03 3.034920e-01
372 6.952760e-01 1.016000e-03 3.037080e-01
373 6.951120e-01 1.032000e-03 3.038560e-01
374 6.949440e-01 1.032000e-03 3.040240e-01
375 6.948160e-01 9.640000e-04 3.042200e-01
376 6.946680e-01 9.480000e-04 3.043840e-01
377 6.945240e-01 9.160000e-04 3.045600e-01
378 6.944200e-01 8.360000e-04 3.047440e-01
379 6.943640e-01 7.280000e-04 3.049080e-01
380 6.942920e-01 6.920000e-04 3.050160e-01
381 6.941440e-01 7.000000e-04 3.051560e-01
382 6.940200e-01 7.120000e-04 3.052680e-01
383 6.938480e-01 7.600000e-04 3.053920e-01
384 6.937000e-01 7.680000e-04 3.055320e-01
385 6.935560e-01 7.440000e-04 3.057000e-01
386 6.933760e-01 8.240000e-04 3.058000e-01
387 6.931680e-01 8.600000e-04 3.059720e-01
388 6.929800e-01 8.760000e-04 3.061440e-01
389 6.927960e-01 9.400000e-04 3.062640e-01
390 6.926280e-01 9.480000e-04 3.064240e-01
391 6.924960e-01 9.440000e-04 3.065600e-01
392 6.923120e-01 9.520000e-04 3.067360e-01
393 6.921800e-01 9.240000e-04 3.068960e-01
394 6.919920e-01 9.400000e-04 3.070680e-01
395 6.918480e-01 9.280000e-04 3.072240e-01
396 6.917000e-01 9.080000e-04 3.073920e-01
397 6.915600e-01 8.800000e-04 3.075600e-01
398 6.913960e-01 9.320000e-04 3.076720e-01
399 6.911680e-01 1.028000e-03 3.078040e-01
400 6.909880e-01 1.056000e-03 3.079560e-01
401 6.908360e-01 1.016000e-03 3.081480e-01
402 6.906440e-01 1.000000e-03 3.083560e-01
403 6.904320e-01 1.044000e-03 3.085240e-01
404 6.902400e-01 1.028000e-03 3.087320e-01
405 6.900280e-01 1.076000e-03 3.088960e-01
406 6.898680e-01 1.056000e-03 3.090760e-01
407 6.897000e-01 1.008000e-03 3.092920e-01
408 6.895480e-01 1.008000e-03 3.094440e-01
409 6.893760e-01 1.020000e-03 3.096040e-01
410 6.892200e-01 1.020000e-03 3.097600e-01
411 6.890440e-01 9.880000e-04 3.099680e-01
412 6.888480e-01 1.024000e-03 3.101280e-01
413 6.886360e-01 1.108000e-03 3.102560e-01
414 6.884040e-01 1.168000e-03 3.104280e-01
415 6.882160e-01 1.128000e-03 3.106560e-01
416 6.880760e-01 1.104000e-03 3.108200e-01
417 6.878960e-01 1.060000e-03 3.110440e-01
418 6.877560e-01 1.000000e-03 3.112440e-01
419 6.876160e-01 9.680000e-04 3.114160e-01
420 6.874320e-01 1.028000e-03 3.115400e-01
421 6.872480e-01 1.028000e-03 3.117240e-01
422 6.870360e-01 1.084000e-03 3.118800e-01
423 6.868240e-01 1.096000e-03 3.120800e-01
424 6.866280e-01 1.124000e-03 3.122480e-01
425 6.864440e-01 1.108000e-03 3.124480e-01
426 6.862000e-01 1.136000e-03 3.126640e-01
427 6.859440e-01 1.244000e-03 3.128120e-01
428 6.857520e-01 1.216000e-03 3.130320e-01
429 6.855400e-01 1.216000e-03 3.132440e-01
430 6.853320e-01 1.248000e-03 3.134200e-01
431 6.851160e-01 1.228000e-03 3.136560e-01
432 6.849080e-01 1.260000e-03 3.138320e-01
433 6.847120e-01 1.248000e-03 3.140400e-01
434 6.845480e-01 1.192000e-03 3.142600e-01
435 6.842840e-01 1.252000e-03 3.144640e-01
436 6.840160e-01 1.288000e-03 3.146960e-01
437 6.836840e-01 1.364000e-03 3.149520e-01
438 6.834040e-01 1.464000e-03 3.151320e-01
439 6.831920e-01 1.412000e-03 3.153960e-01
440 6.829480e-01 1.368000e-03 3.156840e-01
441 6.827200e-01 1.308000e-03 3.159720e-01
442 6.824800e-01 1.312000e-03 3.162080e-01
443 6.823040e-01 1.252000e-03 3.164440e-01
444 6.821520e-01 1.208000e-03 3.166400e-01
445 6.818800e-01 1.240000e-03 3.168800e-01
446 6.816400e-01 1.212000e-03 3.171480e-01
447 6.814880e-01 1.208000e-03 3.173040e-01
448 6.813480e-01 1.148000e-03 3.175040e-01
449 6.812360e-01 1.048000e-03 3.177160e-01
450 6.810720e-01 1.040000e-03 3.178880e-01
451 6.808880e-01 1.008000e-03 3.181040e-01
452 6.807600e-01 9.360000e-04 3.183040e-01
453 6.806640e-01 8.680000e-04 3.184680e-01
454 6.805360e-01 8.440000e-04 3.186200e-01
455 6.804480e-01 8.280000e-04 3.187240e-01
456 6.803680e-01 8.120000e-04 3.188200e-01
457 6.802560e-01 7.960000e-04 3.189480e-01
458 6.801600e-01 7.480000e-04 3.190920e-01
459 6.800280e-01 6.840000e-04 3.192880e-01
460 6.799080e-01 6.880000e-04 3.194040e-01
461 6.797640e-01 7.160000e-04 3.195200e-01
462 6.796600e-01 6.800000e-04 3.196600e-01
463 6.795880e-01 6.760000e-04 3.197360e-01
464 6.795280e-01 6.240000e-04 3.198480e-01
465 6.794560e-01 5.960000e-04 3.199480e-01
466 6.793720e-01 6.000000e-04 3.200280e-01
467 6.792880e-01 5.640000e-04 3.201480e-01
468 6.792280e-01 5.240000e-04 3.202480e-01
469 6.791160e-01 5.560000e-04 3.203280e-01
470 6.790560e-01 5.040000e-04 3.204400e-01
471 6.789960e-01 4.760000e-04 3.205280e-01
472 6.789200e-01 4.640000e-04 3.206160e-01
473 6.788800e-01 4.400000e-04 3.206800e-01
474 6.788320e-01 4.200000e-04 3.207480e-01
475 6.787840e-01 4.040000e-04 3.208120e-01
476 6.787080e-01 4.120000e-04 3.208800e-01
477 6.786640e-01 3.840000e-04 3.209520e-01
478 6.786040e-01 3.640000e-04 3.210320e-01
479 6.785360e-01 3.720000e-04 3.210920e-01
480 6.784680e-01 3.640000e-04 3.211680e-01
481 6.784000e-01 3.840000e-04 3.212160e-01
482 6.783360e-01 3.960000e-04 3.212680e-01
483 6.782520e-01 4.040000e-04 3.213440e-01
484 6.781760e-01 4.120000e-04 3.214120e-01
485 6.780960e-01 4.160000e-04 3.214880e-01
486 6.780520e-01 3.520000e-04 3.215960e-01
487 6.779720e-01 3.640000e-04 3.216640e-01
488 6.778920e-01 3.840000e-04 3.217240e-01
489 6.778440e-01 3.640000e-04 3.217920e-01
490 6.777400e-01 4.120000e-04 3.218480e-01
491 6.776640e-01 4.200000e-04 3.219160e-01
492 6.775720e-01 4.200000e-04 3.220080e-01
493 6.774840e-01 4.360000e-04 3.220800e-01
494 6.774040e-01 4.320000e-04 3.221640e-01
495 6.773080e-01 4.520000e-04 3.222400e-01
496 6.772200e-01 4.760000e-04 3.223040e-01
497 6.771600e-01 4.360000e-04 3.224040e-01
498 6.770920e-01 4.520000e-04 3.224560e-01
499 6.770240e-01 4.560000e-04 3.225200e-01
500 6.769680e-01 4.440000e-04 3.225880e-01
