1 9.992320e-01 6.760000e-04 9.200000e-05
2 9.986920e-01 1.112000e-03 1.960000e-04
3 9.980600e-01 1.516000e-03 4.240000e-04
4 9.972560e-01 2.032000e-03 7.120000e-04
5 9.964520e-01 2.404000e-03 1.144000e-03
6 9.955440e-01 2.820000e-03 1.636000e-03
7 9.947040e-01 3.072000e-03 2.224000e-03
8 9.938000e-01 3.484000e-03 2.716000e-03
9 9.928560e-01 3.712000e-03 3.432000e-03
10 9.918200e-01 4.052000e-03 4.128000e-03
11 9.909240e-01 4.152000e-03 4.924000e-03
12 9.898720e-01 4.464000e-03 5.664000e-03
13 9.888960e-01 4.636000e-03 6.468000e-03
14 9.878840e-01 4.876000e-03 7.240000e-03
15 9.867920e-01 5.140000e-03 8.068000e-03
16 9.854560e-01 5.556000e-03 8.988000e-03
17 9.843520e-01 5.692000e-03 9.956000e-03
18 9.832320e-01 5.776000e-03 1.099200e-02
19 9.819880e-01 6.064000e-03 1.194800e-02
20 9.808200e-01 6.180000e-03 1.300000e-02
21 9.795800e-01 6.248000e-03 1.417200e-02
22 9.784880e-01 6.296000e-03 1.521600e-02
23 9.772520e-01 6.444000e-03 1.630400e-02
24 9.759520e-01 6.624000e-03 1.742400e-02
25 9.747160e-01 6.588000e-03 1.869600e-02
26 9.736200e-01 6.556000e-03 1.982400e-02
27 9.724480e-01 6.556000e-03 2.099600e-02
28 9.712080e-01 6.628000e-03 2.216400e-02
29 9.699240e-01 6.764000e-03 2.331200e-02
30 9.686760e-01 6.872000e-03 2.445200e-02
31 9.673240e-01 7.052000e-03 2.562400e-02
32 9.659280e-01 7.164000e-03 2.690800e-02
33 9.645440e-01 7.280000e-03 2.817600e-02
34 9.630280e-01 7.492000e-03 2.948000e-02
35 9.616040e-01 7.628000e-03 3.076800e-02
36 9.598760e-01 7.984000e-03 3.214000e-02
37 9.582800e-01 8.200000e-03 3.352000e-02
38 9.567680e-01 8.128000e-03 3.510400e-02
39 9.551600e-01 8.304000e-03 3.653600e-02
40 9.535360e-01 8.520000e-03 3.794400e-02
41 9.520240e-01 8.588000e-03 3.938800e-02
42 9.506160e-01 8.384000e-03 4.100000e-02
43 9.491600e-01 8.312000e-03 4.252800e-02
44 9.478080e-01 8.116000e-03 4.407600e-02
45 9.464000e-01 8.188000e-03 4.541200e-02
46 9.449200e-01 8.256000e-03 4.682400e-02
47 9.436520e-01 8.020000e-03 4.832800e-02
48 9.425040e-01 7.872000e-03 4.962400e-02
49 9.411960e-01 7.688000e-03 5.111600e-02
50 9.398440e-01 7.628000e-03 5.252800e-02
51 9.385960e-01 7.428000e-03 5.397600e-02
52 9.372600e-01 7.500000e-03 5.524000e-02
53 9.359520e-01 7.532000e-03 5.651600e-02
54 9.346600e-01 7.492000e-03 5.784800e-02
55 9.333600e-01 7.416000e-03 5.922400e-02
56 9.319880e-01 7.356000e-03 6.065600e-02
57 9.306400e-01 7.512000e-03 6.184800e-02
58 9.290160e-01 7.808000e-03 6.317600e-02
59 9.275000e-01 8.000000e-03 6.450000e-02
60 9.260400e-01 8.160000e-03 6.580000e-02
61 9.246080e-01 8.188000e-03 6.720400e-02
62 9.232480e-01 8.080000e-03 6.867200e-02
63 9.217440e-01 8.140000e-03 7.011600e-02
64 9.200960e-01 8.344000e-03 7.156000e-02
65 9.184480e-01 8.564000e-03 7.298800e-02
66 9.168760e-01 8.556000e-03 7.456800e-02
67 9.152280e-01 8.612000e-03 7.616000e-02
68 9.137000e-01 8.560000e-03 7.774000e-02
69 9.123120e-01 8.452000e-03 7.923600e-02
70 9.108040e-01 8.524000e-03 8.067200e-02
71 9.092520e-01 8.488000e-03 8.226000e-02
72 9.077400e-01 8.464000e-03 8.379600e-02
73 9.061640e-01 8.472000e-03 8.536400e-02
74 9.047560e-01 8.348000e-03 8.689600e-02
75 9.034320e-01 8.168000e-03 8.840000e-02
76 9.019920e-01 8.340000e-03 8.966800e-02
77 9.004160e-01 8.480000e-03 9.110400e-02
78 8.988640e-01 8.524000e-03 9.261200e-02
79 8.975160e-01 8.348000e-03 9.413600e-02
80 8.961360e-01 8.364000e-03 9.550000e-02
81 8.948120e-01 8.272000e-03 9.691600e-02
82 8.933840e-01 8.256000e-03 9.836000e-02
83 8.920760e-01 8.176000e-03 9.974800e-02
84 8.908120e-01 8.044000e-03 1.011440e-01
85 8.894880e-01 7.872000e-03 1.026400e-01
86 8.882360e-01 7.640000e-03 1.041240e-01
87 8.869800e-01 7.524000e-03 1.054960e-01
88 8.856280e-01 7.648000e-03 1.067240e-01
89 8.844000e-01 7.536000e-03 1.080640e-01
90 8.831240e-01 7.536000e-03 1.093400e-01
91 8.819320e-01 7.444000e-03 1.106240e-01
92 8.806600e-01 7.440000e-03 1.119000e-01
93 8.794640e-01 7.260000e-03 1.132760e-01
94 8.782400e-01 7.112000e-03 1.146480e-01
95 8.771360e-01 6.972000e-03 1.158920e-01
96 8.757720e-01 7.128000e-03 1.171000e-01
97 8.745640e-01 7.152000e-03 1.182840e-01
98 8.731800e-01 7.280000e-03 1.195400e-01
99 8.718960e-01 7.288000e-03 1.208160e-01
100 8.705160e-01 7.344000e-03 1.221400e-01
101 8.692240e-01 7.272000e-03 1.235040e-01
102 8.679960e-01 7.208000e-03 1.247960e-01
103 8.665360e-01 7.384000e-03 1.260800e-01
104 8.652000e-01 7.412000e-03 1.273880e-01
105 8.639960e-01 7.200000e-03 1.288040e-01
106 8.628080e-01 7.056000e-03 1.301360e-01
107 8.615360e-01 7.104000e-03 1.313600e-01
108 8.603000e-01 7.088000e-03 1.326120e-01
109 8.590840e-01 7.144000e-03 1.337720e-01
110 8.578680e-01 7.192000e-03 1.349400e-01
111 8.567560e-01 7.004000e-03 1.362400e-01
112 8.557040e-01 6.960000e-03 1.373360e-01
113 8.546560e-01 6.672000e-03 1.386720e-01
114 8.537000e-01 6.532000e-03 1.397680e-01
115 8.526240e-01 6.416000e-03 1.409600e-01
116 8.514960e-01 6.436000e-03 1.420680e-01
117 8.503680e-01 6.488000e-03 1.431440e-01
118 8.491720e-01 6.616000e-03 1.442120e-01
119 8.480080e-01 6.480000e-03 1.455120e-01
120 8.469560e-01 6.444000e-03 1.466000e-01
121 8.458040e-01 6.356000e-03 1.478400e-01
122 8.447000e-01 6.432000e-03 1.488680e-01
123 8.433800e-01 6.628000e-03 1.499920e-01
124 8.423240e-01 6.464000e-03 1.512120e-01
125 8.411560e-01 6.512000e-03 1.523320e-01
126 8.399840e-01 6.656000e-03 1.533600e-01
127 8.389240e-01 6.516000e-03 1.545600e-01
128 8.379600e-01 6.460000e-03 1.555800e-01
129 8.368840e-01 6.348000e-03 1.567680e-01
130 8.357400e-01 6.268000e-03 1.579920e-01
131 8.347080e-01 6.356000e-03 1.589360e-01
132 8.335360e-01 6.392000e-03 1.600720e-01
133 8.325520e-01 6.252000e-03 1.611960e-01
134 8.314400e-01 6.208000e-03 1.623520e-01
135 8.302160e-01 6.432000e-03 1.633520e-01
136 8.291960e-01 6.400000e-03 1.644040e-01
137 8.281560e-01 6.320000e-03 1.655240e-01
138 8.271320e-01 6.244000e-03 1.666240e-01
139 8.259560e-01 6.316000e-03 1.677280e-01
140 8.249120e-01 6.232000e-03 1.688560e-01
141 8.239320e-01 6.212000e-03 1.698560e-01
142 8.227440e-01 6.272000e-03 1.709840e-01
143 8.216800e-01 6.252000e-03 1.720680e-01
144 8.206480e-01 6.188000e-03 1.731640e-01
145 8.196440e-01 6.080000e-03 1.742760e-01
146 8.186280e-01 5.996000e-03 1.753760e-01
147 8.175200e-01 6.008000e-03 1.764720e-01
148 8.163760e-01 6.132000e-03 1.774920e-01
149 8.151480e-01 6.188000e-03 1.786640e-01
150 8.141520e-01 6.180000e-03 1.796680e-01
151 8.130240e-01 6.180000e-03 1.807960e-01
152 8.118880e-01 6.196000e-03 1.819160e-01
153 8.107640e-01 6.168000e-03 1.830680e-01
154 8.096400e-01 6.108000e-03 1.842520e-01
155 8.085840e-01 6.104000e-03 1.853120e-01
156 8.074840e-01 6.196000e-03 1.863200e-01
157 8.063040e-01 6.308000e-03 1.873880e-01
158 8.051960e-01 6.344000e-03 1.884600e-01
159 8.041240e-01 6.240000e-03 1.896360e-01
160 8.030680e-01 6.292000e-03 1.906400e-01
161 8.020680e-01 6.272000e-03 1.916600e-01
162 8.009760e-01 6.324000e-03 1.927000e-01
163 7.999880e-01 6.244000e-03 1.937680e-01
164 7.989000e-01 6.272000e-03 1.948280e-01
165 7.979960e-01 6.048000e-03 1.959560e-01
166 7.970000e-01 6.036000e-03 1.969640e-01
167 7.959880e-01 5.980000e-03 1.980320e-01
168 7.949720e-01 5.992000e-03 1.990360e-01
169 7.939840e-01 5.880000e-03 2.001360e-01
170 7.929760e-01 5.888000e-03 2.011360e-01
171 7.920400e-01 5.776000e-03 2.021840e-01
172 7.911960e-01 5.636000e-03 2.031680e-01
173 7.902760e-01 5.612000e-03 2.041120e-01
174 7.894000e-01 5.428000e-03 2.051720e-01
175 7.884920e-01 5.380000e-03 2.061280e-01
176 7.876640e-01 5.236000e-03 2.071000e-01
177 7.868400e-01 5.092000e-03 2.080680e-01
178 7.860320e-01 5.064000e-03 2.089040e-01
179 7.853000e-01 4.816000e-03 2.098840e-01
180 7.845720e-01 4.696000e-03 2.107320e-01
181 7.837120e-01 4.748000e-03 2.115400e-01
182 7.827680e-01 4.916000e-03 2.123160e-01
183 7.818400e-01 5.124000e-03 2.130360e-01
184 7.810840e-01 4.976000e-03 2.139400e-01
185 7.803280e-01 4.872000e-03 2.148000e-01
186 7.794720e-01 4.860000e-03 2.156680e-01
187 7.787200e-01 4.788000e-03 2.164920e-01
188 7.779000e-01 4.832000e-03 2.172680e-01
189 7.770280e-01 4.864000e-03 2.181080e-01
190 7.761560e-01 4.816000e-03 2.190280e-01
191 7.753320e-01 4.652000e-03 2.200160e-01
192 7.745320e-01 4.684000e-03 2.207840e-01
193 7.735520e-01 4.812000e-03 2.216360e-01
194 7.727320e-01 4.740000e-03 2.225280e-01
195 7.719960e-01 4.656000e-03 2.233480e-01
196 7.711640e-01 4.696000e-03 2.241400e-01
197 7.703520e-01 4.760000e-03 2.248880e-01
198 7.696120e-01 4.668000e-03 2.257200e-01
199 7.687760e-01 4.644000e-03 2.265800e-01
200 7.680400e-01 4.488000e-03 2.274720e-01
201 7.672840e-01 4.456000e-03 2.282600e-01
202 7.665320e-01 4.508000e-03 2.289600e-01
203 7.658440e-01 4.400000e-03 2.297560e-01
204 7.651520e-01 4.276000e-03 2.305720e-01
205 7.643880e-01 4.328000e-03 2.312840e-01
206 7.636120e-01 4.404000e-03 2.319840e-01
207 7.628720e-01 4.328000e-03 2.328000e-01
208 7.621640e-01 4.200000e-03 2.336360e-01
209 7.614480e-01 4.192000e-03 2.343600e-01
210 7.607240e-01 4.220000e-03 2.350560e-01
211 7.600480e-01 4.076000e-03 2.358760e-01
212 7.593720e-01 3.924000e-03 2.367040e-01
213 7.587720e-01 3.772000e-03 2.374560e-01
214 7.581440e-01 3.712000e-03 2.381440e-01
215 7.574600e-01 3.764000e-03 2.387760e-01
216 7.567760e-01 3.812000e-03 2.394120e-01
217 7.561400e-01 3.768000e-03 2.400920e-01
218 7.555720e-01 3.640000e-03 2.407880e-01
219 7.549600e-01 3.676000e-03 2.413640e-01
220 7.543000e-01 3.704000e-03 2.419960e-01
221 7.536040e-01 3.736000e-03 2.426600e-01
222 7.529840e-01 3.676000e-03 2.433400e-01
223 7.524000e-01 3.568000e-03 2.440320e-01
224 7.517160e-01 3.608000e-03 2.446760e-01
225 7.511720e-01 3.628000e-03 2.452000e-01
226 7.505120e-01 3.632000e-03 2.458560e-01
227 7.500120e-01 3.512000e-03 2.464760e-01
228 7.494680e-01 3.432000e-03 2.471000e-01
229 7.489320e-01 3.396000e-03 2.476720e-01
230 7.481920e-01 3.500000e-03 2.483080e-01
231 7.474800e-01 3.592000e-03 2.489280e-01
232 7.467360e-01 3.680000e-03 2.495840e-01
233 7.459880e-01 3.832000e-03 2.501800e-01
234 7.453200e-01 3.812000e-03 2.508680e-01
235 7.446120e-01 3.828000e-03 2.515600e-01
236 7.438720e-01 3.904000e-03 2.522240e-01
237 7.431720e-01 3.932000e-03 2.528960e-01
238 7.424640e-01 3.972000e-03 2.535640e-01
239 7.418000e-01 3.988000e-03 2.542120e-01
240 7.410960e-01 3.992000e-03 2.549120e-01
241 7.404240e-01 3.884000e-03 2.556920e-01
242 7.398000e-01 3.904000e-03 2.562960e-01
243 7.391880e-01 3.860000e-03 2.569520e-01
244 7.385560e-01 3.828000e-03 2.576160e-01
245 7.378960e-01 3.792000e-03 2.583120e-01
246 7.373120e-01 3.676000e-03 2.590120e-01
247 7.368040e-01 3.564000e-03 2.596320e-01
248 7.362560e-01 3.484000e-03 2.602600e-01
249 7.357880e-01 3.356000e-03 2.608560e-01
250 7.353200e-01 3.200000e-03 2.614800e-01
251 7.347240e-01 3.304000e-03 2.619720e-01
252 7.342880e-01 3.124000e-03 2.625880e-01
253 7.338040e-01 3.100000e-03 2.630960e-01
254 7.332360e-01 3.132000e-03 2.636320e-01
255 7.326600e-01 3.168000e-03 2.641720e-01
256 7.322320e-01 3.020000e-03 2.647480e-01
257 7.317160e-01 3.040000e-03 2.652440e-01
258 7.312160e-01 3.044000e-03 2.657400e-01
259 7.307200e-01 2.948000e-03 2.663320e-01
260 7.303360e-01 2.768000e-03 2.668960e-01
261 7.299240e-01 2.700000e-03 2.673760e-01
262 7.294880e-01 2.672000e-03 2.678400e-01
263 7.291400e-01 2.544000e-03 2.683160e-01
264 7.287640e-01 2.492000e-03 2.687440e-01
265 7.284160e-01 2.352000e-03 2.692320e-01
266 7.280200e-01 2.324000e-03 2.696560e-01
267 7.276040e-01 2.324000e-03 2.700720e-01
268 7.271760e-01 2.356000e-03 2.704680e-01
269 7.268080e-01 2.232000e-03 2.709600e-01
270 7.264240e-01 2.236000e-03 2.713400e-01
271 7.259360e-01 2.276000e-03 2.717880e-01
272 7.254600e-01 2.404000e-03 2.721360e-01
273 7.249360e-01 2.512000e-03 2.725520e-01
274 7.244840e-01 2.528000e-03 2.729880e-01
275 7.239880e-01 2.556000e-03 2.734560e-01
276 7.236040e-01 2.444000e-03 2.739520e-01
277 7.230960e-01 2.492000e-03 2.744120e-01
278 7.226160e-01 2.540000e-03 2.748440e-01
279 7.221640e-01 2.544000e-03 2.752920e-01
280 7.216960e-01 2.584000e-03 2.757200e-01
281 7.212400e-01 2.648000e-03 2.761120e-01
282 7.208040e-01 2.716000e-03 2.764800e-01
283 7.203640e-01 2.736000e-03 2.769000e-01
284 7.199320e-01 2.716000e-03 2.773520e-01
285 7.195360e-01 2.596000e-03 2.778680e-01
286 7.192120e-01 2.468000e-03 2.783200e-01
287 7.187760e-01 2.520000e-03 2.787040e-01
288 7.183160e-01 2.600000e-03 2.790840e-01
289 7.179040e-01 2.556000e-03 2.795400e-01
290 7.174520e-01 2.548000e-03 2.800000e-01
291 7.170560e-01 2.440000e-03 2.805040e-01
292 7.167040e-01 2.312000e-03 2.809840e-01
293 7.163400e-01 2.220000e-03 2.814400e-01
294 7.159720e-01 2.192000e-03 2.818360e-01
295 7.155960e-01 2.216000e-03 2.821880e-01
296 7.151720e-01 2.332000e-03 2.824960e-01
297 7.148800e-01 2.252000e-03 2.828680e-01
298 7.144680e-01 2.240000e-03 2.832920e-01
299 7.141520e-01 2.180000e-03 2.836680e-01
300 7.138640e-01 2.172000e-03 2.839640e-01
301 7.135600e-01 2.072000e-03 2.843680e-01
302 7.132880e-01 2.060000e-03 2.846520e-01
303 7.129840e-01 2.000000e-03 2.850160e-01
304 7.127280e-01 1.888000e-03 2.853840e-01
305 7.124640e-01 1.804000e-03 2.857320e-01
306 7.121240e-01 1.808000e-03 2.860680e-01
307 7.118360e-01 1.816000e-03 2.863480e-01
308 7.115480e-01 1.808000e-03 2.866440e-01
309 7.113280e-01 1.704000e-03 2.869680e-01
310 7.110520e-01 1.724000e-03 2.872240e-01
311 7.108120e-01 1.652000e-03 2.875360e-01
312 7.105760e-01 1.624000e-03 2.878000e-01
313 7.102600e-01 1.664000e-03 2.880760e-01
314 7.100080e-01 1.604000e-03 2.883880e-01
315 7.097920e-01 1.564000e-03 2.886440e-01
316 7.095080e-01 1.584000e-03 2.889080e-01
317 7.091920e-01 1.608000e-03 2.892000e-01
318 7.087880e-01 1.668000e-03 2.895440e-01
319 7.084800e-01 1.692000e-03 2.898280e-01
320 7.081640e-01 1.720000e-03 2.901160e-01
321 7.078880e-01 1.676000e-03 2.904360e-01
322 7.076120e-01 1.692000e-03 2.906960e-01
323 7.072640e-01 1.776000e-03 2.909600e-01
324 7.069320e-01 1.772000e-03 2.912960e-01
325 7.066760e-01 1.660000e-03 2.916640e-01
326 7.063680e-01 1.656000e-03 2.919760e-01
327 7.060560e-01 1.692000e-03 2.922520e-01
328 7.057720e-01 1.696000e-03 2.925320e-01
329 7.054200e-01 1.768000e-03 2.928120e-01
330 7.050560e-01 1.828000e-03 2.931160e-01
331 7.047720e-01 1.816000e-03 2.934120e-01
332 7.044160e-01 1.884000e-03 2.937000e-01
333 7.041000e-01 1.848000e-03 2.940520e-01
334 7.038320e-01 1.744000e-03 2.944240e-01
335 7.035240e-01 1.792000e-03 2.946840e-01
336 7.032160e-01 1.756000e-03 2.950280e-01
337 7.029600e-01 1.744000e-03 2.952960e-01
338 7.026000e-01 1.792000e-03 2.956080e-01
339 7.022520e-01 1.820000e-03 2.959280e-01
340 7.019800e-01 1.796000e-03 2.962240e-01
341 7.016760e-01 1.788000e-03 2.965360e-01
342 7.013760e-01 1.752000e-03 2.968720e-01
343 7.010760e-01 1.768000e-03 2.971560e-01
344 7.007600e-01 1.800000e-03 2.974400e-01
345 7.004880e-01 1.772000e-03 2.977400e-01
346 7.002320e-01 1.644000e-03 2.981240e-01
347 6.999640e-01 1.648000e-03 2.983880e-01
348 6.996840e-01 1.676000e-03 2.986400e-01
349 6.993760e-01 1.656000e-03 2.989680e-01
350 6.991120e-01 1.632000e-03 2.992560e-01
351 6.988600e-01 1.596000e-03 2.995440e-01
352 6.985240e-01 1.628000e-03 2.998480e-01
353 6.982480e-01 1.644000e-03 3.001080e-01
354 6.979280e-01 1.720000e-03 3.003520e-01
355 6.976640e-01 1.720000e-03 3.006160e-01
356 6.974240e-01 1.636000e-03 3.009400e-01
357 6.971040e-01 1.620000e-03 3.012760e-01
358 6.967280e-01 1.732000e-03 3.015400e-01
359 6.963040e-01 1.836000e-03 3.018600e-01
360 6.959160e-01 1.892000e-03 3.021920e-01
361 6.955600e-01 1.960000e-03 3.024800e-01
362 6.951720e-01 1.988000e-03 3.028400e-01
363 6.947520e-01 2.020000e-03 3.032280e-01
364 6.942400e-01 2.196000e-03 3.035640e-01
365 6.939080e-01 2.128000e-03 3.039640e-01
366 6.935520e-01 2.060000e-03 3.043880e-01
367 6.931880e-01 2.064000e-03 3.047480e-01
368 6.929120e-01 1.988000e-03 3.051000e-01
369 6.925080e-01 2.088000e-03 3.054040e-01
370 6.920720e-01 2.124000e-03 3.058040e-01
371 6.916440e-01 2.192000e-03 3.061640e-01
372 6.911080e-01 2.292000e-03 3.066000e-01
373 6.907000e-01 2.220000e-03 3.070800e-01
374 6.902720e-01 2.280000e-03 3.074480e-01
375 6.898520e-01 2.300000e-03 3.078480e-01
376 6.895080e-01 2.232000e-03 3.082600e-01
377 6.891440e-01 2.184000e-03 3.086720e-01
378 6.887240e-01 2.264000e-03 3.090120e-01
379 6.883240e-01 2.272000e-03 3.094040e-01
380 6.878880e-01 2.344000e-03 3.097680e-01
381 6.874360e-01 2.336000e-03 3.102280e-01
382 6.870840e-01 2.296000e-03 3.106200e-01
383 6.867000e-01 2.324000e-03 3.109760e-01
384 6.863480e-01 2.224000e-03 3.114280e-01
385 6.859880e-01 2.136000e-03 3.118760e-01
386 6.856360e-01 2.088000e-03 3.122760e-01
387 6.853200e-01 1.964000e-03 3.127160e-01
388 6.850600e-01 1.856000e-03 3.130840e-01
389 6.848120e-01 1.776000e-03 3.134120e-01
390 6.845240e-01 1.668000e-03 3.138080e-01
391 6.842600e-01 1.596000e-03 3.141440e-01
392 6.840040e-01 1.604000e-03 3.143920e-01
393 6.836880e-01 1.632000e-03 3.146800e-01
394 6.834120e-01 1.656000e-03 3.149320e-01
395 6.831000e-01 1.744000e-03 3.151560e-01
396 6.827960e-01 1.688000e-03 3.155160e-01
397 6.825680e-01 1.596000e-03 3.158360e-01
398 6.823400e-01 1.560000e-03 3.161000e-01
399 6.820800e-01 1.492000e-03 3.164280e-01
400 6.818280e-01 1.468000e-03 3.167040e-01
401 6.815880e-01 1.424000e-03 3.169880e-01
402 6.813280e-01 1.424000e-03 3.172480e-01
403 6.810480e-01 1.488000e-03 3.174640e-01
404 6.807720e-01 1.492000e-03 3.177360e-01
405 6.805120e-01 1.508000e-03 3.179800e-01
406 6.802000e-01 1.580000e-03 3.182200e-01
407 6.798600e-01 1.660000e-03 3.184800e-01
408 6.795920e-01 1.668000e-03 3.187400e-01
409 6.793240e-01 1.608000e-03 3.190680e-01
410 6.789560e-01 1.720000e-03 3.193240e-01
411 6.786160e-01 1.796000e-03 3.195880e-01
412 6.783520e-01 1.720000e-03 3.199280e-01
413 6.780720e-01 1.696000e-03 3.202320e-01
414 6.777200e-01 1.724000e-03 3.205560e-01
415 6.774360e-01 1.716000e-03 3.208480e-01
416 6.772000e-01 1.676000e-03 3.211240e-01
417 6.769040e-01 1.680000e-03 3.214160e-01
418 6.766120e-01 1.700000e-03 3.216880e-01
419 6.762720e-01 1.724000e-03 3.220040e-01
420 6.759360e-01 1.748000e-03 3.223160e-01
421 6.756600e-01 1.720000e-03 3.226200e-01
422 6.754000e-01 1.648000e-03 3.229520e-01
423 6.751320e-01 1.648000e-03 3.232200e-01
424 6.748520e-01 1.604000e-03 3.235440e-01
425 6.745320e-01 1.720000e-03 3.237480e-01
426 6.742120e-01 1.732000e-03 3.240560e-01
427 6.738520e-01 1.744000e-03 3.244040e-01
428 6.735680e-01 1.712000e-03 3.247200e-01
429 6.732720e-01 1.732000e-03 3.249960e-01
430 6.729840e-01 1.772000e-03 3.252440e-01
431 6.726480e-01 1.808000e-03 3.255440e-01
432 6.724000e-01 1.772000e-03 3.258280e-01
433 6.721080e-01 1.800000e-03 3.260920e-01
434 6.718080e-01 1.804000e-03 3.263880e-01
435 6.714400e-01 1.880000e-03 3.266800e-01
436 6.711720e-01 1.820000e-03 3.270080e-01
437 6.709040e-01 1.780000e-03 3.273160e-01
438 6.706400e-01 1.724000e-03 3.276360e-01
439 6.703560e-01 1.728000e-03 3.279160e-01
440 6.700880e-01 1.668000e-03 3.282440e-01
441 6.698120e-01 1.668000e-03 3.285200e-01
442 6.695680e-01 1.620000e-03 3.288120e-01
443 6.692560e-01 1.664000e-03 3.290800e-01
444 6.689200e-01 1.768000e-03 3.293120e-01
445 6.685720e-01 1.812000e-03 3.296160e-01
446 6.682400e-01 1.820000e-03 3.299400e-01
447 6.679560e-01 1.744000e-03 3.303000e-01
448 6.675480e-01 1.836000e-03 3.306160e-01
449 6.672040e-01 1.888000e-03 3.309080e-01
450 6.669240e-01 1.840000e-03 3.312360e-01
451 6.666480e-01 1.780000e-03 3.315720e-01
452 6.663880e-01 1.708000e-03 3.319040e-01
453 6.660480e-01 1.760000e-03 3.321920e-01
454 6.657400e-01 1.772000e-03 3.324880e-01
455 6.653960e-01 1.820000e-03 3.327840e-01
456 6.650800e-01 1.804000e-03 3.331160e-01
457 6.647800e-01 1.776000e-03 3.334440e-01
458 6.644840e-01 1.784000e-03 3.337320e-01
459 6.642600e-01 1.708000e-03 3.340320e-01
460 6.639600e-01 1.752000e-03 3.342880e-01
461 6.635920e-01 1.764000e-03 3.346440e-01
462 6.632760e-01 1.784000e-03 3.349400e-01
463 6.629480e-01 1.792000e-03 3.352600e-01
464 6.626480e-01 1.772000e-03 3.355800e-01
465 6.623400e-01 1.804000e-03 3.358560e-01
466 6.620640e-01 1.784000e-03 3.361520e-01
467 6.618080e-01 1.748000e-03 3.364440e-01
468 6.616080e-01 1.680000e-03 3.367120e-01
469 6.613360e-01 1.640000e-03 3.370240e-01
470 6.610800e-01 1.588000e-03 3.373320e-01
471 6.608000e-01 1.564000e-03 3.376360e-01
472 6.605280e-01 1.572000e-03 3.379000e-01
473 6.602880e-01 1.508000e-03 3.382040e-01
474 6.600680e-01 1.456000e-03 3.384760e-01
475 6.598760e-01 1.356000e-03 3.387680e-01
476 6.596880e-01 1.320000e-03 3.389920e-01
477 6.595520e-01 1.224000e-03 3.392240e-01
478 6.593560e-01 1.196000e-03 3.394480e-01
479 6.591520e-01 1.172000e-03 3.396760e-01
480 6.589560e-01 1.148000e-03 3.398960e-01
481 6.587200e-01 1.180000e-03 3.401000e-01
482 6.584960e-01 1.164000e-03 3.403400e-01
483 6.583080e-01 1.144000e-03 3.405480e-01
484 6.581200e-01 1.136000e-03 3.407440e-01
485 6.579080e-01 1.096000e-03 3.409960e-01
486 6.577040e-01 1.068000e-03 3.412280e-01
487 6.575320e-01 1.036000e-03 3.414320e-01
488 6.573520e-01 1.032000e-03 3.416160e-01
489 6.571840e-01 1.032000e-03 3.417840e-01
490 6.569840e-01 1.000000e-03 3.420160e-01
491 6.567440e-01 1.068000e-03 3.421880e-01
492 6.565480e-01 1.080000e-03 3.423720e-01
493 6.563120e-01 1.100000e-03 3.425880e-01
494 6.560760e-01 1.184000e-03 3.427400e-01
495 6.559200e-01 1.132000e-03 3.429480e-01
496 6.556560e-01 1.152000e-03 3.431920e-01
497 6.554640e-01 1.096000e-03 3.434400e-01
498 6.552600e-01 1.124000e-03 3.436160e-01
499 6.550680e-01 1.108000e-03 3.438240e-01
500 6.549080e-01 1.068000e-03 3.440240e-01
