1 9.992760e-01 6.360000e-04 8.800000e-05
2 9.987320e-01 1.096000e-03 1.720000e-04
3 9.981040e-01 1.476000e-03 4.200000e-04
4 9.972120e-01 2.068000e-03 7.200000e-04
5 9.962760e-01 2.608000e-03 1.116000e-03
6 9.951480e-01 3.192000e-03 1.660000e-03
7 9.941200e-01 3.596000e-03 2.284000e-03
8 9.931400e-01 3.960000e-03 2.900000e-03
9 9.921160e-01 4.236000e-03 3.648000e-03
10 9.910200e-01 4.560000e-03 4.420000e-03
11 9.897760e-01 4.984000e-03 5.240000e-03
12 9.884880e-01 5.392000e-03 6.120000e-03
13 9.871640e-01 5.696000e-03 7.140000e-03
14 9.856880e-01 6.180000e-03 8.132000e-03
15 9.842720e-01 6.504000e-03 9.224000e-03
16 9.827800e-01 6.860000e-03 1.036000e-02
17 9.812880e-01 7.112000e-03 1.160000e-02
18 9.797360e-01 7.440000e-03 1.282400e-02
19 9.782200e-01 7.672000e-03 1.410800e-02
20 9.767960e-01 7.760000e-03 1.544400e-02
21 9.751960e-01 8.096000e-03 1.670800e-02
22 9.734920e-01 8.372000e-03 1.813600e-02
23 9.718200e-01 8.588000e-03 1.959200e-02
24 9.700960e-01 8.860000e-03 2.104400e-02
25 9.682560e-01 9.124000e-03 2.262000e-02
26 9.664400e-01 9.116000e-03 2.444400e-02
27 9.645880e-01 9.460000e-03 2.595200e-02
28 9.626960e-01 9.704000e-03 2.760000e-02
29 9.608440e-01 9.880000e-03 2.927600e-02
30 9.590240e-01 9.896000e-03 3.108000e-02
31 9.572760e-01 9.924000e-03 3.280000e-02
32 9.553520e-01 1.023600e-02 3.441200e-02
33 9.534040e-01 1.032400e-02 3.627200e-02
34 9.514640e-01 1.043600e-02 3.810000e-02
35 9.495800e-01 1.046400e-02 3.995600e-02
36 9.475960e-01 1.067200e-02 4.173200e-02
37 9.455960e-01 1.074400e-02 4.366000e-02
38 9.436000e-01 1.081600e-02 4.558400e-02
39 9.414800e-01 1.096800e-02 4.755200e-02
40 9.394320e-01 1.106000e-02 4.950800e-02
41 9.374200e-01 1.112000e-02 5.146000e-02
42 9.354200e-01 1.107600e-02 5.350400e-02
43 9.337040e-01 1.095200e-02 5.534400e-02
44 9.318680e-01 1.084400e-02 5.728800e-02
45 9.300800e-01 1.070400e-02 5.921600e-02
46 9.281800e-01 1.081200e-02 6.100800e-02
47 9.263760e-01 1.071200e-02 6.291200e-02
48 9.245680e-01 1.061200e-02 6.482000e-02
49 9.226280e-01 1.066800e-02 6.670400e-02
50 9.205400e-01 1.089600e-02 6.856400e-02
51 9.185400e-01 1.100000e-02 7.046000e-02
52 9.162760e-01 1.133200e-02 7.239200e-02
53 9.142000e-01 1.147200e-02 7.432800e-02
54 9.120480e-01 1.166000e-02 7.629200e-02
55 9.097680e-01 1.192800e-02 7.830400e-02
56 9.074320e-01 1.212400e-02 8.044400e-02
57 9.054400e-01 1.203200e-02 8.252800e-02
58 9.033520e-01 1.202800e-02 8.462000e-02
59 9.012680e-01 1.185600e-02 8.687600e-02
60 8.991720e-01 1.190400e-02 8.892400e-02
61 8.971000e-01 1.200000e-02 9.090000e-02
62 8.951080e-01 1.187600e-02 9.301600e-02
63 8.930520e-01 1.186000e-02 9.508800e-02
64 8.909760e-01 1.184800e-02 9.717600e-02
65 8.891720e-01 1.151600e-02 9.931200e-02
66 8.871000e-01 1.166000e-02 1.012400e-01
67 8.853280e-01 1.139200e-02 1.032800e-01
68 8.834880e-01 1.113600e-02 1.053760e-01
69 8.814800e-01 1.122000e-02 1.073000e-01
70 8.796000e-01 1.108000e-02 1.093200e-01
71 8.777200e-01 1.103200e-02 1.112480e-01
72 8.759960e-01 1.086400e-02 1.131400e-01
73 8.741560e-01 1.082000e-02 1.150240e-01
74 8.724720e-01 1.060000e-02 1.169280e-01
75 8.707920e-01 1.052800e-02 1.186800e-01
76 8.690840e-01 1.030000e-02 1.206160e-01
77 8.672320e-01 1.026800e-02 1.225000e-01
78 8.653560e-01 1.039200e-02 1.242520e-01
79 8.634760e-01 1.040400e-02 1.261200e-01
80 8.616160e-01 1.043600e-02 1.279480e-01
81 8.596920e-01 1.050000e-02 1.298080e-01
82 8.579960e-01 1.030800e-02 1.316960e-01
83 8.562840e-01 1.014000e-02 1.335760e-01
84 8.544920e-01 1.023600e-02 1.352720e-01
85 8.526200e-01 1.028800e-02 1.370920e-01
86 8.505480e-01 1.044400e-02 1.390080e-01
87 8.485440e-01 1.056800e-02 1.408880e-01
88 8.466080e-01 1.064800e-02 1.427440e-01
89 8.446200e-01 1.075200e-02 1.446280e-01
90 8.426720e-01 1.092800e-02 1.464000e-01
91 8.406960e-01 1.107200e-02 1.482320e-01
92 8.387320e-01 1.104000e-02 1.502280e-01
93 8.367720e-01 1.106800e-02 1.521600e-01
94 8.348000e-01 1.122800e-02 1.539720e-01
95 8.329840e-01 1.120000e-02 1.558160e-01
96 8.310640e-01 1.120800e-02 1.577280e-01
97 8.290360e-01 1.129600e-02 1.596680e-01
98 8.272000e-01 1.136800e-02 1.614320e-01
99 8.253160e-01 1.123600e-02 1.634480e-01
100 8.235120e-01 1.123600e-02 1.652520e-01
101 8.216760e-01 1.114400e-02 1.671800e-01
102 8.198520e-01 1.106400e-02 1.690840e-01
103 8.179600e-01 1.095600e-02 1.710840e-01
104 8.160360e-01 1.089600e-02 1.730680e-01
105 8.143080e-01 1.078000e-02 1.749120e-01
106 8.126800e-01 1.050800e-02 1.768120e-01
107 8.110080e-01 1.012800e-02 1.788640e-01
108 8.093640e-01 9.984000e-03 1.806520e-01
109 8.076120e-01 1.007200e-02 1.823160e-01
110 8.059520e-01 1.008400e-02 1.839640e-01
111 8.043400e-01 9.884000e-03 1.857760e-01
112 8.027800e-01 9.740000e-03 1.874800e-01
113 8.009360e-01 9.976000e-03 1.890880e-01
114 7.992840e-01 9.864000e-03 1.908520e-01
115 7.975680e-01 9.852000e-03 1.925800e-01
116 7.959200e-01 9.800000e-03 1.942800e-01
117 7.942320e-01 9.756000e-03 1.960120e-01
118 7.924960e-01 9.828000e-03 1.976760e-01
119 7.908080e-01 9.924000e-03 1.992680e-01
120 7.892440e-01 9.768000e-03 2.009880e-01
121 7.877840e-01 9.436000e-03 2.027800e-01
122 7.861840e-01 9.364000e-03 2.044520e-01
123 7.845440e-01 9.288000e-03 2.061680e-01
124 7.829400e-01 9.212000e-03 2.078480e-01
125 7.813920e-01 9.088000e-03 2.095200e-01
126 7.798440e-01 9.024000e-03 2.111320e-01
127 7.783040e-01 9.088000e-03 2.126080e-01
128 7.767120e-01 9.164000e-03 2.141240e-01
129 7.750680e-01 9.176000e-03 2.157560e-01
130 7.734840e-01 9.120000e-03 2.173960e-01
131 7.720200e-01 9.024000e-03 2.189560e-01
132 7.705440e-01 8.828000e-03 2.206280e-01
133 7.691480e-01 8.720000e-03 2.221320e-01
134 7.677440e-01 8.764000e-03 2.234920e-01
135 7.664160e-01 8.464000e-03 2.251200e-01
136 7.648840e-01 8.612000e-03 2.265040e-01
137 7.635000e-01 8.564000e-03 2.279360e-01
138 7.621680e-01 8.348000e-03 2.294840e-01
139 7.607360e-01 8.304000e-03 2.309600e-01
140 7.593680e-01 8.252000e-03 2.323800e-01
141 7.579960e-01 8.204000e-03 2.338000e-01
142 7.564160e-01 8.276000e-03 2.353080e-01
143 7.549320e-01 8.300000e-03 2.367680e-01
144 7.534080e-01 8.380000e-03 2.382120e-01
145 7.518560e-01 8.356000e-03 2.397880e-01
146 7.504760e-01 8.348000e-03 2.411760e-01
147 7.489880e-01 8.408000e-03 2.426040e-01
148 7.476280e-01 8.352000e-03 2.440200e-01
149 7.460760e-01 8.428000e-03 2.454960e-01
150 7.448880e-01 8.144000e-03 2.469680e-01
151 7.434840e-01 8.096000e-03 2.484200e-01
152 7.420640e-01 8.096000e-03 2.498400e-01
153 7.407080e-01 8.028000e-03 2.512640e-01
154 7.393280e-01 8.084000e-03 2.525880e-01
155 7.381120e-01 7.792000e-03 2.540960e-01
156 7.369240e-01 7.532000e-03 2.555440e-01
157 7.356680e-01 7.640000e-03 2.566920e-01
158 7.344200e-01 7.620000e-03 2.579600e-01
159 7.331600e-01 7.548000e-03 2.592920e-01
160 7.318960e-01 7.508000e-03 2.605960e-01
161 7.306880e-01 7.408000e-03 2.619040e-01
162 7.295720e-01 7.232000e-03 2.631960e-01
163 7.282960e-01 7.240000e-03 2.644640e-01
164 7.271320e-01 7.124000e-03 2.657440e-01
165 7.260280e-01 6.836000e-03 2.671360e-01
166 7.248920e-01 6.824000e-03 2.682840e-01
167 7.237400e-01 6.772000e-03 2.694880e-01
168 7.226440e-01 6.636000e-03 2.707200e-01
169 7.216040e-01 6.568000e-03 2.718280e-01
170 7.205160e-01 6.480000e-03 2.730040e-01
171 7.193000e-01 6.644000e-03 2.740560e-01
172 7.181720e-01 6.588000e-03 2.752400e-01
173 7.169720e-01 6.708000e-03 2.763200e-01
174 7.157320e-01 6.656000e-03 2.776120e-01
175 7.147520e-01 6.448000e-03 2.788000e-01
176 7.137320e-01 6.364000e-03 2.799040e-01
177 7.127000e-01 6.312000e-03 2.809880e-01
178 7.116720e-01 6.188000e-03 2.821400e-01
179 7.107120e-01 6.080000e-03 2.832080e-01
180 7.096880e-01 5.980000e-03 2.843320e-01
181 7.086920e-01 5.976000e-03 2.853320e-01
182 7.077920e-01 5.848000e-03 2.863600e-01
183 7.067160e-01 5.864000e-03 2.874200e-01
184 7.058440e-01 5.680000e-03 2.884760e-01
185 7.048800e-01 5.612000e-03 2.895080e-01
186 7.039120e-01 5.580000e-03 2.905080e-01
187 7.029720e-01 5.468000e-03 2.915600e-01
188 7.020240e-01 5.500000e-03 2.924760e-01
189 7.011280e-01 5.480000e-03 2.933920e-01
190 7.001840e-01 5.356000e-03 2.944600e-01
191 6.991040e-01 5.336000e-03 2.955600e-01
192 6.982320e-01 5.296000e-03 2.964720e-01
193 6.972920e-01 5.328000e-03 2.973800e-01
194 6.965080e-01 5.160000e-03 2.983320e-01
195 6.956720e-01 5.056000e-03 2.992720e-01
196 6.948120e-01 5.056000e-03 3.001320e-01
197 6.939400e-01 5.104000e-03 3.009560e-01
198 6.930520e-01 5.104000e-03 3.018440e-01
199 6.922320e-01 5.056000e-03 3.027120e-01
200 6.913000e-01 5.152000e-03 3.035480e-01
201 6.903720e-01 5.140000e-03 3.044880e-01
202 6.894120e-01 5.148000e-03 3.054400e-01
203 6.884560e-01 5.260000e-03 3.062840e-01
204 6.875200e-01 5.164000e-03 3.073160e-01
205 6.866800e-01 5.096000e-03 3.082240e-01
206 6.858480e-01 5.016000e-03 3.091360e-01
207 6.850280e-01 4.992000e-03 3.099800e-01
208 6.842640e-01 4.812000e-03 3.109240e-01
209 6.833880e-01 4.764000e-03 3.118480e-01
210 6.824120e-01 4.928000e-03 3.126600e-01
211 6.816040e-01 4.872000e-03 3.135240e-01
212 6.807760e-01 4.836000e-03 3.143880e-01
213 6.798520e-01 4.964000e-03 3.151840e-01
214 6.790440e-01 4.888000e-03 3.160680e-01
215 6.783240e-01 4.716000e-03 3.169600e-01
216 6.775200e-01 4.612000e-03 3.178680e-01
217 6.767480e-01 4.616000e-03 3.186360e-01
218 6.761120e-01 4.520000e-03 3.193680e-01
219 6.752440e-01 4.584000e-03 3.201720e-01
220 6.743840e-01 4.656000e-03 3.209600e-01
221 6.735840e-01 4.632000e-03 3.217840e-01
222 6.727320e-01 4.672000e-03 3.225960e-01
223 6.718400e-01 4.768000e-03 3.233920e-01
224 6.711280e-01 4.692000e-03 3.241800e-01
225 6.703240e-01 4.724000e-03 3.249520e-01
226 6.695720e-01 4.584000e-03 3.258440e-01
227 6.688680e-01 4.592000e-03 3.265400e-01
228 6.681560e-01 4.488000e-03 3.273560e-01
229 6.675000e-01 4.328000e-03 3.281720e-01
230 6.667200e-01 4.404000e-03 3.288760e-01
231 6.659760e-01 4.428000e-03 3.295960e-01
232 6.652880e-01 4.372000e-03 3.303400e-01
233 6.645800e-01 4.496000e-03 3.309240e-01
234 6.638920e-01 4.416000e-03 3.316920e-01
235 6.632320e-01 4.468000e-03 3.323000e-01
236 6.625720e-01 4.320000e-03 3.331080e-01
237 6.619400e-01 4.140000e-03 3.339200e-01
238 6.613200e-01 4.064000e-03 3.346160e-01
239 6.607080e-01 3.964000e-03 3.353280e-01
240 6.601520e-01 3.812000e-03 3.360360e-01
241 6.595840e-01 3.676000e-03 3.367400e-01
242 6.590080e-01 3.612000e-03 3.373800e-01
243 6.584320e-01 3.508000e-03 3.380600e-01
244 6.578880e-01 3.512000e-03 3.386000e-01
245 6.573800e-01 3.428000e-03 3.391920e-01
246 6.568000e-01 3.424000e-03 3.397760e-01
247 6.563120e-01 3.280000e-03 3.404080e-01
248 6.558000e-01 3.220000e-03 3.409800e-01
249 6.553040e-01 3.144000e-03 3.415520e-01
250 6.547440e-01 3.140000e-03 3.421160e-01
251 6.541760e-01 3.196000e-03 3.426280e-01
252 6.536800e-01 3.096000e-03 3.432240e-01
253 6.531920e-01 3.100000e-03 3.437080e-01
254 6.527160e-01 3.072000e-03 3.442120e-01
255 6.521920e-01 2.984000e-03 3.448240e-01
256 6.517080e-01 2.932000e-03 3.453600e-01
257 6.512800e-01 2.800000e-03 3.459200e-01
258 6.508280e-01 2.768000e-03 3.464040e-01
259 6.504320e-01 2.676000e-03 3.468920e-01
260 6.500000e-01 2.608000e-03 3.473920e-01
261 6.496360e-01 2.524000e-03 3.478400e-01
262 6.492480e-01 2.484000e-03 3.482680e-01
263 6.489360e-01 2.368000e-03 3.486960e-01
264 6.486160e-01 2.240000e-03 3.491440e-01
265 6.483320e-01 2.096000e-03 3.495720e-01
266 6.480680e-01 2.044000e-03 3.498880e-01
267 6.477360e-01 2.008000e-03 3.502560e-01
268 6.474680e-01 1.912000e-03 3.506200e-01
269 6.472120e-01 1.840000e-03 3.509480e-01
270 6.470440e-01 1.708000e-03 3.512480e-01
271 6.468120e-01 1.668000e-03 3.515200e-01
272 6.466200e-01 1.568000e-03 3.518120e-01
273 6.463400e-01 1.604000e-03 3.520560e-01
274 6.460120e-01 1.672000e-03 3.523160e-01
275 6.457720e-01 1.648000e-03 3.525800e-01
276 6.455360e-01 1.604000e-03 3.528600e-01
277 6.452840e-01 1.572000e-03 3.531440e-01
278 6.450720e-01 1.464000e-03 3.534640e-01
279 6.448520e-01 1.416000e-03 3.537320e-01
280 6.446320e-01 1.416000e-03 3.539520e-01
281 6.444080e-01 1.352000e-03 3.542400e-01
282 6.442040e-01 1.348000e-03 3.544480e-01
283 6.440640e-01 1.240000e-03 3.546960e-01
284 6.438200e-01 1.272000e-03 3.549080e-01
285 6.436240e-01 1.240000e-03 3.551360e-01
286 6.433920e-01 1.232000e-03 3.553760e-01
287 6.432160e-01 1.176000e-03 3.556080e-01
288 6.430360e-01 1.164000e-03 3.558000e-01
289 6.428360e-01 1.152000e-03 3.560120e-01
290 6.426600e-01 1.116000e-03 3.562240e-01
291 6.424560e-01 1.096000e-03 3.564480e-01
292 6.422120e-01 1.168000e-03 3.566200e-01
293 6.420000e-01 1.192000e-03 3.568080e-01
294 6.418200e-01 1.144000e-03 3.570360e-01
295 6.416240e-01 1.132000e-03 3.572440e-01
296 6.414600e-01 1.112000e-03 3.574280e-01
297 6.412720e-01 1.100000e-03 3.576280e-01
298 6.410680e-01 1.088000e-03 3.578440e-01
299 6.409200e-01 1.020000e-03 3.580600e-01
300 6.407320e-01 1.072000e-03 3.581960e-01
301 6.405520e-01 1.096000e-03 3.583520e-01
302 6.403520e-01 1.132000e-03 3.585160e-01
303 6.401760e-01 1.116000e-03 3.587080e-01
304 6.399760e-01 1.116000e-03 3.589080e-01
305 6.397520e-01 1.144000e-03 3.591040e-01
306 6.395200e-01 1.160000e-03 3.593200e-01
307 6.392680e-01 1.244000e-03 3.594880e-01
308 6.390760e-01 1.188000e-03 3.597360e-01
309 6.389320e-01 1.140000e-03 3.599280e-01
310 6.387080e-01 1.176000e-03 3.601160e-01
311 6.385720e-01 1.116000e-03 3.603120e-01
312 6.383840e-01 1.084000e-03 3.605320e-01
313 6.381760e-01 1.112000e-03 3.607120e-01
314 6.379600e-01 1.124000e-03 3.609160e-01
315 6.377720e-01 1.112000e-03 3.611160e-01
316 6.375800e-01 1.080000e-03 3.613400e-01
317 6.374080e-01 1.044000e-03 3.615480e-01
318 6.372280e-01 1.012000e-03 3.617600e-01
319 6.370400e-01 1.024000e-03 3.619360e-01
320 6.368480e-01 1.056000e-03 3.620960e-01
321 6.366560e-01 1.100000e-03 3.622440e-01
322 6.363800e-01 1.204000e-03 3.624160e-01
323 6.361920e-01 1.152000e-03 3.626560e-01
324 6.359960e-01 1.180000e-03 3.628240e-01
325 6.358080e-01 1.172000e-03 3.630200e-01
326 6.356440e-01 1.164000e-03 3.631920e-01
327 6.354800e-01 1.112000e-03 3.634080e-01
328 6.352960e-01 1.092000e-03 3.636120e-01
329 6.351200e-01 1.068000e-03 3.638120e-01
330 6.349800e-01 1.096000e-03 3.639240e-01
331 6.348120e-01 1.104000e-03 3.640840e-01
332 6.346280e-01 1.096000e-03 3.642760e-01
333 6.344400e-01 1.076000e-03 3.644840e-01
334 6.342160e-01 1.108000e-03 3.646760e-01
335 6.340440e-01 1.108000e-03 3.648480e-01
336 6.338040e-01 1.136000e-03 3.650600e-01
337 6.335880e-01 1.164000e-03 3.652480e-01
338 6.333240e-01 1.224000e-03 3.654520e-01
339 6.331120e-01 1.176000e-03 3.657120e-01
340 6.329560e-01 1.092000e-03 3.659520e-01
341 6.327720e-01 1.052000e-03 3.661760e-01
342 6.325920e-01 1.052000e-03 3.663560e-01
343 6.324400e-01 1.024000e-03 3.665360e-01
344 6.323120e-01 9.920000e-04 3.666960e-01
345 6.321440e-01 9.840000e-04 3.668720e-01
346 6.319160e-01 9.960000e-04 3.670880e-01
347 6.317480e-01 1.004000e-03 3.672480e-01
348 6.315800e-01 1.000000e-03 3.674200e-01
349 6.314200e-01 1.020000e-03 3.675600e-01
350 6.312720e-01 9.800000e-04 3.677480e-01
351 6.311560e-01 9.120000e-04 3.679320e-01
352 6.310040e-01 9.120000e-04 3.680840e-01
353 6.308880e-01 8.320000e-04 3.682800e-01
354 6.307360e-01 8.240000e-04 3.684400e-01
355 6.305680e-01 8.920000e-04 3.685400e-01
356 6.304080e-01 9.160000e-04 3.686760e-01
357 6.302480e-01 8.960000e-04 3.688560e-01
358 6.300400e-01 9.480000e-04 3.690120e-01
359 6.298760e-01 1.000000e-03 3.691240e-01
360 6.296880e-01 1.028000e-03 3.692840e-01
361 6.294840e-01 1.032000e-03 3.694840e-01
362 6.293080e-01 1.064000e-03 3.696280e-01
363 6.290880e-01 1.088000e-03 3.698240e-01
364 6.288960e-01 1.132000e-03 3.699720e-01
365 6.286560e-01 1.172000e-03 3.701720e-01
366 6.285080e-01 1.132000e-03 3.703600e-01
367 6.283200e-01 1.116000e-03 3.705640e-01
368 6.281960e-01 1.072000e-03 3.707320e-01
369 6.280440e-01 1.064000e-03 3.708920e-01
370 6.279160e-01 1.052000e-03 3.710320e-01
371 6.278040e-01 1.004000e-03 3.711920e-01
372 6.276360e-01 1.044000e-03 3.713200e-01
373 6.274840e-01 1.020000e-03 3.714960e-01
374 6.273240e-01 1.016000e-03 3.716600e-01
375 6.271600e-01 1.016000e-03 3.718240e-01
376 6.270440e-01 9.880000e-04 3.719680e-01
377 6.269160e-01 9.120000e-04 3.721720e-01
378 6.268240e-01 8.360000e-04 3.723400e-01
379 6.267400e-01 7.240000e-04 3.725360e-01
380 6.266280e-01 7.080000e-04 3.726640e-01
381 6.265160e-01 6.960000e-04 3.727880e-01
382 6.263960e-01 7.080000e-04 3.728960e-01
383 6.263040e-01 6.680000e-04 3.730280e-01
384 6.262000e-01 6.880000e-04 3.731120e-01
385 6.260840e-01 7.280000e-04 3.731880e-01
386 6.259760e-01 7.080000e-04 3.733160e-01
387 6.258560e-01 6.960000e-04 3.734480e-01
388 6.256960e-01 7.280000e-04 3.735760e-01
389 6.256160e-01 6.920000e-04 3.736920e-01
390 6.254880e-01 7.200000e-04 3.737920e-01
391 6.253720e-01 6.960000e-04 3.739320e-01
392 6.252480e-01 6.600000e-04 3.740920e-01
393 6.251320e-01 6.440000e-04 3.742240e-01
394 6.250320e-01 6.000000e-04 3.743680e-01
395 6.249520e-01 5.680000e-04 3.744800e-01
396 6.248760e-01 5.360000e-04 3.745880e-01
397 6.247960e-01 5.240000e-04 3.746800e-01
398 6.247360e-01 5.080000e-04 3.747560e-01
399 6.246840e-01 4.760000e-04 3.748400e-01
400 6.246040e-01 4.760000e-04 3.749200e-01
401 6.245200e-01 5.080000e-04 3.749720e-01
402 6.244720e-01 4.800000e-04 3.750480e-01
403 6.244240e-01 4.520000e-04 3.751240e-01
404 6.243920e-01 4.160000e-04 3.751920e-01
405 6.243240e-01 4.280000e-04 3.752480e-01
406 6.243080e-01 3.400000e-04 3.753520e-01
407 6.242800e-01 3.080000e-04 3.754120e-01
408 6.242680e-01 2.600000e-04 3.754720e-01
409 6.242320e-01 2.440000e-04 3.755240e-01
410 6.241960e-01 2.680000e-04 3.755360e-01
411 6.241640e-01 2.680000e-04 3.755680e-01
412 6.241320e-01 2.680000e-04 3.756000e-01
413 6.241040e-01 2.320000e-04 3.756640e-01
414 6.240960e-01 1.880000e-04 3.757160e-01
415 6.240720e-01 1.760000e-04 3.757520e-01
416 6.240600e-01 1.520000e-04 3.757880e-01
417 6.240360e-01 1.520000e-04 3.758120e-01
418 6.240280e-01 1.360000e-04 3.758360e-01
419 6.240120e-01 1.320000e-04 3.758560e-01
420 6.239920e-01 1.400000e-04 3.758680e-01
421 6.239840e-01 1.280000e-04 3.758880e-01
422 6.239720e-01 1.160000e-04 3.759120e-01
423 6.239600e-01 1.160000e-04 3.759240e-01
424 6.239080e-01 1.400000e-04 3.759520e-01
425 6.238680e-01 1.680000e-04 3.759640e-01
426 6.238120e-01 1.880000e-04 3.760000e-01
427 6.237440e-01 2.240000e-04 3.760320e-01
428 6.236880e-01 2.480000e-04 3.760640e-01
429 6.236640e-01 2.080000e-04 3.761280e-01
430 6.236400e-01 1.800000e-04 3.761800e-01
431 6.236160e-01 1.640000e-04 3.762200e-01
432 6.235920e-01 1.600000e-04 3.762480e-01
433 6.235560e-01 1.600000e-04 3.762840e-01
434 6.235360e-01 1.600000e-04 3.763040e-01
435 6.234760e-01 1.840000e-04 3.763400e-01
436 6.234600e-01 1.800000e-04 3.763600e-01
437 6.234240e-01 1.760000e-04 3.764000e-01
438 6.233800e-01 1.880000e-04 3.764320e-01
439 6.233480e-01 1.880000e-04 3.764640e-01
440 6.233000e-01 2.160000e-04 3.764840e-01
441 6.232680e-01 2.040000e-04 3.765280e-01
442 6.232400e-01 1.680000e-04 3.765920e-01
443 6.231960e-01 1.880000e-04 3.766160e-01
444 6.231720e-01 1.680000e-04 3.766600e-01
445 6.231480e-01 1.640000e-04 3.766880e-01
446 6.231280e-01 1.640000e-04 3.767080e-01
447 6.231160e-01 1.600000e-04 3.767240e-01
448 6.230760e-01 1.680000e-04 3.767560e-01
449 6.230560e-01 1.720000e-04 3.767720e-01
450 6.230200e-01 1.720000e-04 3.768080e-01
451 6.229760e-01 1.920000e-04 3.768320e-01
452 6.229560e-01 1.840000e-04 3.768600e-01
453 6.229280e-01 1.840000e-04 3.768880e-01
454 6.229120e-01 1.640000e-04 3.769240e-01
455 6.228920e-01 1.600000e-04 3.769480e-01
456 6.228800e-01 1.480000e-04 3.769720e-01
457 6.228600e-01 1.320000e-04 3.770080e-01
458 6.228440e-01 1.400000e-04 3.770160e-01
459 6.228360e-01 1.280000e-04 3.770360e-01
460 6.228240e-01 1.120000e-04 3.770640e-01
461 6.228160e-01 9.200000e-05 3.770920e-01
462 6.228160e-01 7.200000e-05 3.771120e-01
463 6.228000e-01 8.400000e-05 3.771160e-01
464 6.227880e-01 8.400000e-05 3.771280e-01
465 6.227800e-01 7.600000e-05 3.771440e-01
466 6.227720e-01 7.200000e-05 3.771560e-01
467 6.227600e-01 7.600000e-05 3.771640e-01
468 6.227560e-01 7.200000e-05 3.771720e-01
469 6.227560e-01 6.800000e-05 3.771760e-01
470 6.227440e-01 6.800000e-05 3.771880e-01
471 6.227440e-01 6.400000e-05 3.771920e-01
472 6.227400e-01 5.600000e-05 3.772040e-01
473 6.227360e-01 4.800000e-05 3.772160e-01
474 6.227360e-01 3.600000e-05 3.772280e-01
475 6.227360e-01 2.000000e-05 3.772440e-01
476 6.227360e-01 2.000000e-05 3.772440e-01
477 6.227360e-01 2.000000e-05 3.772440e-01
478 6.227360e-01 2.000000e-05 3.772440e-01
479 6.227360e-01 1.600000e-05 3.772480e-01
480 6.227360e-01 1.600000e-05 3.772480e-01
481 6.227360e-01 1.200000e-05 3.772520e-01
482 6.227360e-01 1.200000e-05 3.772520e-01
483 6.227360e-01 8.000000e-06 3.772560e-01
484 6.227360e-01 8.000000e-06 3.772560e-01
485 6.227360e-01 4.000000e-06 3.772600e-01
486 6.227360e-01 4.000000e-06 3.772600e-01
487 6.227360e-01 4.000000e-06 3.772600e-01
488 6.227360e-01 4.000000e-06 3.772600e-01
489 6.227360e-01 4.000000e-06 3.772600e-01
490 6.227360e-01 4.000000e-06 3.772600e-01
491 6.227360e-01 4.000000e-06 3.772600e-01
492 6.227360e-01 4.000000e-06 3.772600e-01
493 6.227360e-01 0.000000e+00 3.772640e-01
494 6.227360e-01 0.000000e+00 3.772640e-01
495 6.227360e-01 0.000000e+00 3.772640e-01
496 6.227360e-01 0.000000e+00 3.772640e-01
497 6.227360e-01 0.000000e+00 3.772640e-01
498 6.227360e-01 0.000000e+00 3.772640e-01
499 6.227360e-01 0.000000e+00 3.772640e-01
500 6.227360e-01 0.000000e+00 3.772640e-01
