1 9.991920e-01 7.040000e-04 1.040000e-04
2 9.986200e-01 1.108000e-03 2.720000e-04
3 9.979080e-01 1.620000e-03 4.720000e-04
4 9.972080e-01 2.000000e-03 7.920000e-04
5 9.963440e-01 2.424000e-03 1.232000e-03
6 9.955640e-01 2.676000e-03 1.760000e-03
7 9.946800e-01 3.068000e-03 2.252000e-03
8 9.938400e-01 3.340000e-03 2.820000e-03
9 9.929920e-01 3.552000e-03 3.456000e-03
10 9.920360e-01 3.820000e-03 4.144000e-03
11 9.909800e-01 4.216000e-03 4.804000e-03
12 9.898840e-01 4.476000e-03 5.640000e-03
13 9.887440e-01 4.684000e-03 6.572000e-03
14 9.876920e-01 4.860000e-03 7.448000e-03
15 9.865080e-01 5.156000e-03 8.336000e-03
16 9.853400e-01 5.448000e-03 9.212000e-03
17 9.842200e-01 5.600000e-03 1.018000e-02
18 9.832040e-01 5.556000e-03 1.124000e-02
19 9.820840e-01 5.708000e-03 1.220800e-02
20 9.809440e-01 5.804000e-03 1.325200e-02
21 9.797880e-01 5.884000e-03 1.432800e-02
22 9.785560e-01 6.032000e-03 1.541200e-02
23 9.772720e-01 6.272000e-03 1.645600e-02
24 9.758960e-01 6.564000e-03 1.754000e-02
25 9.747120e-01 6.612000e-03 1.867600e-02
26 9.734200e-01 6.704000e-03 1.987600e-02
27 9.722480e-01 6.668000e-03 2.108400e-02
28 9.709600e-01 6.824000e-03 2.221600e-02
29 9.695320e-01 7.076000e-03 2.339200e-02
30 9.682160e-01 7.196000e-03 2.458800e-02
31 9.668880e-01 7.276000e-03 2.583600e-02
32 9.654400e-01 7.452000e-03 2.710800e-02
33 9.642280e-01 7.268000e-03 2.850400e-02
34 9.629320e-01 7.288000e-03 2.978000e-02
35 9.616320e-01 7.252000e-03 3.111600e-02
36 9.601960e-01 7.312000e-03 3.249200e-02
37 9.588480e-01 7.288000e-03 3.386400e-02
38 9.574720e-01 7.420000e-03 3.510800e-02
39 9.559560e-01 7.612000e-03 3.643200e-02
40 9.546360e-01 7.540000e-03 3.782400e-02
41 9.532200e-01 7.640000e-03 3.914000e-02
42 9.517160e-01 7.792000e-03 4.049200e-02
43 9.501320e-01 8.152000e-03 4.171600e-02
44 9.487360e-01 8.060000e-03 4.320400e-02
45 9.474080e-01 8.084000e-03 4.450800e-02
46 9.460000e-01 8.116000e-03 4.588400e-02
47 9.447920e-01 7.928000e-03 4.728000e-02
48 9.435440e-01 7.880000e-03 4.857600e-02
49 9.420800e-01 7.788000e-03 5.013200e-02
50 9.407560e-01 7.728000e-03 5.151600e-02
51 9.394960e-01 7.612000e-03 5.289200e-02
52 9.381000e-01 7.604000e-03 5.429600e-02
53 9.368360e-01 7.452000e-03 5.571200e-02
54 9.354560e-01 7.540000e-03 5.700400e-02
55 9.340360e-01 7.592000e-03 5.837200e-02
56 9.326160e-01 7.672000e-03 5.971200e-02
57 9.313240e-01 7.588000e-03 6.108800e-02
58 9.298160e-01 7.692000e-03 6.249200e-02
59 9.284120e-01 7.872000e-03 6.371600e-02
60 9.271960e-01 7.576000e-03 6.522800e-02
61 9.259000e-01 7.488000e-03 6.661200e-02
62 9.244760e-01 7.652000e-03 6.787200e-02
63 9.229160e-01 7.832000e-03 6.925200e-02
64 9.216200e-01 7.712000e-03 7.066800e-02
65 9.201240e-01 7.928000e-03 7.194800e-02
66 9.186840e-01 7.836000e-03 7.348000e-02
67 9.171680e-01 7.964000e-03 7.486800e-02
68 9.157080e-01 8.044000e-03 7.624800e-02
69 9.142520e-01 8.092000e-03 7.765600e-02
70 9.127760e-01 8.172000e-03 7.905200e-02
71 9.114160e-01 8.048000e-03 8.053600e-02
72 9.100080e-01 7.956000e-03 8.203600e-02
73 9.085640e-01 8.140000e-03 8.329600e-02
74 9.072160e-01 8.052000e-03 8.473200e-02
75 9.058160e-01 7.880000e-03 8.630400e-02
76 9.044240e-01 7.984000e-03 8.759200e-02
77 9.029760e-01 7.868000e-03 8.915600e-02
78 9.015640e-01 8.000000e-03 9.043600e-02
79 9.001000e-01 8.004000e-03 9.189600e-02
80 8.986760e-01 8.040000e-03 9.328400e-02
81 8.973200e-01 7.996000e-03 9.468400e-02
82 8.958440e-01 8.048000e-03 9.610800e-02
83 8.944240e-01 8.040000e-03 9.753600e-02
84 8.930560e-01 7.924000e-03 9.902000e-02
85 8.915680e-01 8.088000e-03 1.003440e-01
86 8.901280e-01 8.020000e-03 1.018520e-01
87 8.888120e-01 7.992000e-03 1.031960e-01
88 8.873080e-01 8.068000e-03 1.046240e-01
89 8.859920e-01 7.884000e-03 1.061240e-01
90 8.847240e-01 7.792000e-03 1.074840e-01
91 8.835200e-01 7.632000e-03 1.088480e-01
92 8.822400e-01 7.672000e-03 1.100880e-01
93 8.809400e-01 7.516000e-03 1.115440e-01
94 8.796680e-01 7.396000e-03 1.129360e-01
95 8.783640e-01 7.516000e-03 1.141200e-01
96 8.771600e-01 7.432000e-03 1.154080e-01
97 8.758600e-01 7.512000e-03 1.166280e-01
98 8.745360e-01 7.500000e-03 1.179640e-01
99 8.732800e-01 7.436000e-03 1.192840e-01
100 8.720120e-01 7.520000e-03 1.204680e-01
101 8.706840e-01 7.584000e-03 1.217320e-01
102 8.693600e-01 7.608000e-03 1.230320e-01
103 8.679720e-01 7.636000e-03 1.243920e-01
104 8.665880e-01 7.756000e-03 1.256560e-01
105 8.652440e-01 7.860000e-03 1.268960e-01
106 8.638560e-01 7.948000e-03 1.281960e-01
107 8.624080e-01 8.096000e-03 1.294960e-01
108 8.611080e-01 8.012000e-03 1.308800e-01
109 8.597040e-01 7.972000e-03 1.323240e-01
110 8.583040e-01 7.952000e-03 1.337440e-01
111 8.572560e-01 7.640000e-03 1.351040e-01
112 8.560240e-01 7.536000e-03 1.364400e-01
113 8.548920e-01 7.252000e-03 1.378560e-01
114 8.538880e-01 6.976000e-03 1.391360e-01
115 8.528880e-01 6.816000e-03 1.402960e-01
116 8.518880e-01 6.608000e-03 1.415040e-01
117 8.508840e-01 6.472000e-03 1.426440e-01
118 8.498800e-01 6.368000e-03 1.437520e-01
119 8.489080e-01 6.220000e-03 1.448720e-01
120 8.478880e-01 6.168000e-03 1.459440e-01
121 8.469240e-01 6.116000e-03 1.469600e-01
122 8.458240e-01 6.248000e-03 1.479280e-01
123 8.448520e-01 6.144000e-03 1.490040e-01
124 8.437880e-01 6.268000e-03 1.499440e-01
125 8.427680e-01 6.320000e-03 1.509120e-01
126 8.416960e-01 6.236000e-03 1.520680e-01
127 8.404400e-01 6.412000e-03 1.531480e-01
128 8.394600e-01 6.344000e-03 1.541960e-01
129 8.383160e-01 6.412000e-03 1.552720e-01
130 8.372120e-01 6.272000e-03 1.565160e-01
131 8.362040e-01 6.144000e-03 1.576520e-01
132 8.351640e-01 6.100000e-03 1.587360e-01
133 8.340920e-01 6.160000e-03 1.597480e-01
134 8.329440e-01 6.164000e-03 1.608920e-01
135 8.318720e-01 6.120000e-03 1.620080e-01
136 8.307200e-01 6.172000e-03 1.631080e-01
137 8.295920e-01 6.116000e-03 1.642920e-01
138 8.285400e-01 6.140000e-03 1.653200e-01
139 8.274000e-01 6.148000e-03 1.664520e-01
140 8.263080e-01 6.136000e-03 1.675560e-01
141 8.251280e-01 6.236000e-03 1.686360e-01
142 8.242360e-01 6.072000e-03 1.696920e-01
143 8.231480e-01 5.932000e-03 1.709200e-01
144 8.222080e-01 5.864000e-03 1.719280e-01
145 8.212520e-01 5.748000e-03 1.730000e-01
146 8.203640e-01 5.552000e-03 1.740840e-01
147 8.194600e-01 5.436000e-03 1.751040e-01
148 8.183960e-01 5.600000e-03 1.760040e-01
149 8.174600e-01 5.504000e-03 1.770360e-01
150 8.166680e-01 5.320000e-03 1.780120e-01
151 8.157280e-01 5.320000e-03 1.789520e-01
152 8.148000e-01 5.208000e-03 1.799920e-01
153 8.137920e-01 5.256000e-03 1.809520e-01
154 8.128720e-01 5.292000e-03 1.818360e-01
155 8.119880e-01 5.356000e-03 1.826560e-01
156 8.110400e-01 5.316000e-03 1.836440e-01
157 8.101560e-01 5.332000e-03 1.845120e-01
158 8.090600e-01 5.552000e-03 1.853880e-01
159 8.081720e-01 5.592000e-03 1.862360e-01
160 8.071960e-01 5.612000e-03 1.871920e-01
161 8.062640e-01 5.568000e-03 1.881680e-01
162 8.053400e-01 5.492000e-03 1.891680e-01
163 8.044600e-01 5.352000e-03 1.901880e-01
164 8.034840e-01 5.308000e-03 1.912080e-01
165 8.027080e-01 5.180000e-03 1.921120e-01
166 8.018000e-01 5.152000e-03 1.930480e-01
167 8.009880e-01 5.040000e-03 1.939720e-01
168 8.001240e-01 5.012000e-03 1.948640e-01
169 7.992320e-01 5.084000e-03 1.956840e-01
170 7.983880e-01 5.064000e-03 1.965480e-01
171 7.974880e-01 5.064000e-03 1.974480e-01
172 7.966760e-01 5.024000e-03 1.983000e-01
173 7.958960e-01 4.912000e-03 1.991920e-01
174 7.949880e-01 4.972000e-03 2.000400e-01
175 7.942200e-01 4.808000e-03 2.009720e-01
176 7.933440e-01 4.872000e-03 2.017840e-01
177 7.926240e-01 4.764000e-03 2.026120e-01
178 7.920200e-01 4.512000e-03 2.034680e-01
179 7.912800e-01 4.404000e-03 2.043160e-01
180 7.905320e-01 4.436000e-03 2.050320e-01
181 7.898720e-01 4.240000e-03 2.058880e-01
182 7.892600e-01 4.104000e-03 2.066360e-01
183 7.886440e-01 4.036000e-03 2.073200e-01
184 7.879960e-01 3.884000e-03 2.081200e-01
185 7.874200e-01 3.788000e-03 2.087920e-01
186 7.868480e-01 3.668000e-03 2.094840e-01
187 7.862600e-01 3.736000e-03 2.100040e-01
188 7.856080e-01 3.748000e-03 2.106440e-01
189 7.849000e-01 3.692000e-03 2.114080e-01
190 7.842480e-01 3.688000e-03 2.120640e-01
191 7.836440e-01 3.640000e-03 2.127160e-01
192 7.830880e-01 3.620000e-03 2.132920e-01
193 7.824480e-01 3.580000e-03 2.139720e-01
194 7.818200e-01 3.712000e-03 2.144680e-01
195 7.811720e-01 3.724000e-03 2.151040e-01
196 7.805960e-01 3.632000e-03 2.157720e-01
197 7.799680e-01 3.684000e-03 2.163480e-01
198 7.793560e-01 3.704000e-03 2.169400e-01
199 7.788120e-01 3.668000e-03 2.175200e-01
200 7.782080e-01 3.612000e-03 2.181800e-01
201 7.775440e-01 3.716000e-03 2.187400e-01
202 7.769120e-01 3.736000e-03 2.193520e-01
203 7.763000e-01 3.700000e-03 2.200000e-01
204 7.756120e-01 3.836000e-03 2.205520e-01
205 7.749320e-01 3.832000e-03 2.212360e-01
206 7.742160e-01 3.780000e-03 2.220040e-01
207 7.735240e-01 3.888000e-03 2.225880e-01
208 7.728800e-01 3.876000e-03 2.232440e-01
209 7.721560e-01 3.864000e-03 2.239800e-01
210 7.714880e-01 3.916000e-03 2.245960e-01
211 7.707640e-01 3.920000e-03 2.253160e-01
212 7.701080e-01 3.912000e-03 2.259800e-01
213 7.694440e-01 3.876000e-03 2.266800e-01
214 7.687720e-01 3.876000e-03 2.273520e-01
215 7.680920e-01 3.916000e-03 2.279920e-01
216 7.674600e-01 3.848000e-03 2.286920e-01
217 7.667520e-01 3.832000e-03 2.294160e-01
218 7.661000e-01 3.812000e-03 2.300880e-01
219 7.653600e-01 3.844000e-03 2.307960e-01
220 7.647360e-01 3.728000e-03 2.315360e-01
221 7.640920e-01 3.700000e-03 2.322080e-01
222 7.635680e-01 3.528000e-03 2.329040e-01
223 7.630280e-01 3.448000e-03 2.335240e-01
224 7.625320e-01 3.284000e-03 2.341840e-01
225 7.619640e-01 3.288000e-03 2.347480e-01
226 7.614640e-01 3.272000e-03 2.352640e-01
227 7.609160e-01 3.228000e-03 2.358560e-01
228 7.604360e-01 3.160000e-03 2.364040e-01
229 7.600200e-01 3.004000e-03 2.369760e-01
230 7.595800e-01 2.956000e-03 2.374640e-01
231 7.590120e-01 3.044000e-03 2.379440e-01
232 7.584040e-01 3.136000e-03 2.384600e-01
233 7.578240e-01 3.096000e-03 2.390800e-01
234 7.572960e-01 3.112000e-03 2.395920e-01
235 7.567720e-01 3.088000e-03 2.401400e-01
236 7.561720e-01 3.196000e-03 2.406320e-01
237 7.556040e-01 3.220000e-03 2.411760e-01
238 7.550680e-01 3.140000e-03 2.417920e-01
239 7.544200e-01 3.252000e-03 2.423280e-01
240 7.539040e-01 3.172000e-03 2.429240e-01
241 7.534000e-01 3.012000e-03 2.435880e-01
242 7.529680e-01 2.972000e-03 2.440600e-01
243 7.524080e-01 3.028000e-03 2.445640e-01
244 7.516520e-01 3.292000e-03 2.450560e-01
245 7.509080e-01 3.552000e-03 2.455400e-01
246 7.502880e-01 3.572000e-03 2.461400e-01
247 7.497520e-01 3.516000e-03 2.467320e-01
248 7.491920e-01 3.572000e-03 2.472360e-01
249 7.485320e-01 3.580000e-03 2.478880e-01
250 7.480120e-01 3.444000e-03 2.485440e-01
251 7.474160e-01 3.460000e-03 2.491240e-01
252 7.468800e-01 3.404000e-03 2.497160e-01
253 7.463880e-01 3.312000e-03 2.503000e-01
254 7.458000e-01 3.432000e-03 2.507680e-01
255 7.452040e-01 3.472000e-03 2.513240e-01
256 7.446120e-01 3.332000e-03 2.520560e-01
257 7.440480e-01 3.284000e-03 2.526680e-01
258 7.434280e-01 3.324000e-03 2.532480e-01
259 7.429320e-01 3.248000e-03 2.538200e-01
260 7.424160e-01 3.236000e-03 2.543480e-01
261 7.419200e-01 3.092000e-03 2.549880e-01
262 7.414080e-01 3.140000e-03 2.554520e-01
263 7.408880e-01 3.132000e-03 2.559800e-01
264 7.403080e-01 3.196000e-03 2.564960e-01
265 7.398160e-01 3.140000e-03 2.570440e-01
266 7.392440e-01 3.152000e-03 2.576040e-01
267 7.387240e-01 3.004000e-03 2.582720e-01
268 7.382000e-01 3.000000e-03 2.588000e-01
269 7.376840e-01 3.028000e-03 2.592880e-01
270 7.371960e-01 2.980000e-03 2.598240e-01
271 7.366880e-01 2.964000e-03 2.603480e-01
272 7.362400e-01 2.912000e-03 2.608480e-01
273 7.358120e-01 2.860000e-03 2.613280e-01
274 7.353480e-01 2.876000e-03 2.617760e-01
275 7.348480e-01 2.888000e-03 2.622640e-01
276 7.342800e-01 2.972000e-03 2.627480e-01
277 7.337280e-01 2.984000e-03 2.632880e-01
278 7.331280e-01 3.024000e-03 2.638480e-01
279 7.325800e-01 3.044000e-03 2.643760e-01
280 7.319720e-01 3.076000e-03 2.649520e-01
281 7.314480e-01 3.112000e-03 2.654400e-01
282 7.308760e-01 3.116000e-03 2.660080e-01
283 7.303440e-01 3.128000e-03 2.665280e-01
284 7.298400e-01 3.104000e-03 2.670560e-01
285 7.293120e-01 3.144000e-03 2.675440e-01
286 7.288440e-01 3.036000e-03 2.681200e-01
287 7.283120e-01 3.060000e-03 2.686280e-01
288 7.277960e-01 3.044000e-03 2.691600e-01
289 7.272400e-01 3.132000e-03 2.696280e-01
290 7.267000e-01 3.144000e-03 2.701560e-01
291 7.261400e-01 3.116000e-03 2.707440e-01
292 7.255600e-01 3.092000e-03 2.713480e-01
293 7.249960e-01 3.124000e-03 2.718800e-01
294 7.244600e-01 3.044000e-03 2.724960e-01
295 7.239040e-01 3.060000e-03 2.730360e-01
296 7.234080e-01 2.988000e-03 2.736040e-01
297 7.229560e-01 2.920000e-03 2.741240e-01
298 7.223400e-01 3.024000e-03 2.746360e-01
299 7.218840e-01 3.032000e-03 2.750840e-01
300 7.214360e-01 2.928000e-03 2.756360e-01
301 7.210080e-01 2.864000e-03 2.761280e-01
302 7.205200e-01 2.960000e-03 2.765200e-01
303 7.199480e-01 3.016000e-03 2.770360e-01
304 7.194560e-01 3.000000e-03 2.775440e-01
305 7.189720e-01 3.024000e-03 2.780040e-01
306 7.184920e-01 2.984000e-03 2.785240e-01
307 7.180080e-01 2.944000e-03 2.790480e-01
308 7.175080e-01 2.988000e-03 2.795040e-01
309 7.170200e-01 2.912000e-03 2.800680e-01
310 7.164880e-01 2.888000e-03 2.806240e-01
311 7.160080e-01 2.904000e-03 2.810880e-01
312 7.154960e-01 2.820000e-03 2.816840e-01
313 7.149840e-01 2.840000e-03 2.821760e-01
314 7.144640e-01 2.864000e-03 2.826720e-01
315 7.139680e-01 2.892000e-03 2.831400e-01
316 7.135160e-01 2.788000e-03 2.836960e-01
317 7.130880e-01 2.680000e-03 2.842320e-01
318 7.127400e-01 2.496000e-03 2.847640e-01
319 7.122880e-01 2.544000e-03 2.851680e-01
320 7.118680e-01 2.564000e-03 2.855680e-01
321 7.114000e-01 2.600000e-03 2.860000e-01
322 7.109640e-01 2.616000e-03 2.864200e-01
323 7.105680e-01 2.532000e-03 2.869000e-01
324 7.101920e-01 2.528000e-03 2.872800e-01
325 7.095720e-01 2.748000e-03 2.876800e-01
326 7.091040e-01 2.712000e-03 2.881840e-01
327 7.086080e-01 2.756000e-03 2.886360e-01
328 7.081600e-01 2.780000e-03 2.890600e-01
329 7.077160e-01 2.700000e-03 2.895840e-01
330 7.072520e-01 2.688000e-03 2.900600e-01
331 7.068400e-01 2.620000e-03 2.905400e-01
332 7.063400e-01 2.672000e-03 2.909880e-01
333 7.059320e-01 2.688000e-03 2.913800e-01
334 7.054800e-01 2.620000e-03 2.919000e-01
335 7.050160e-01 2.644000e-03 2.923400e-01
336 7.045360e-01 2.636000e-03 2.928280e-01
337 7.040800e-01 2.596000e-03 2.933240e-01
338 7.036960e-01 2.512000e-03 2.937920e-01
339 7.032880e-01 2.452000e-03 2.942600e-01
340 7.029440e-01 2.404000e-03 2.946520e-01
341 7.025360e-01 2.372000e-03 2.950920e-01
342 7.020680e-01 2.420000e-03 2.955120e-01
343 7.016200e-01 2.472000e-03 2.959080e-01
344 7.012560e-01 2.328000e-03 2.964160e-01
345 7.008760e-01 2.244000e-03 2.968800e-01
346 7.004600e-01 2.248000e-03 2.972920e-01
347 7.000440e-01 2.284000e-03 2.976720e-01
348 6.996920e-01 2.204000e-03 2.981040e-01
349 6.992920e-01 2.208000e-03 2.985000e-01
350 6.988920e-01 2.196000e-03 2.989120e-01
351 6.985040e-01 2.232000e-03 2.992640e-01
352 6.981560e-01 2.132000e-03 2.997120e-01
353 6.977560e-01 2.232000e-03 3.000120e-01
354 6.973280e-01 2.280000e-03 3.003920e-01
355 6.968760e-01 2.328000e-03 3.007960e-01
356 6.964680e-01 2.288000e-03 3.012440e-01
357 6.959960e-01 2.444000e-03 3.015600e-01
358 6.955400e-01 2.412000e-03 3.020480e-01
359 6.951400e-01 2.364000e-03 3.024960e-01
360 6.946960e-01 2.404000e-03 3.029000e-01
361 6.942520e-01 2.420000e-03 3.033280e-01
362 6.938480e-01 2.424000e-03 3.037280e-01
363 6.934480e-01 2.412000e-03 3.041400e-01
364 6.930800e-01 2.348000e-03 3.045720e-01
365 6.927120e-01 2.288000e-03 3.050000e-01
366 6.923600e-01 2.196000e-03 3.054440e-01
367 6.919280e-01 2.256000e-03 3.058160e-01
368 6.915840e-01 2.216000e-03 3.062000e-01
369 6.911880e-01 2.240000e-03 3.065720e-01
370 6.907720e-01 2.240000e-03 3.069880e-01
371 6.903400e-01 2.332000e-03 3.073280e-01
372 6.899760e-01 2.324000e-03 3.077000e-01
373 6.894760e-01 2.420000e-03 3.081040e-01
374 6.889360e-01 2.500000e-03 3.085640e-01
375 6.885120e-01 2.468000e-03 3.090200e-01
376 6.880720e-01 2.444000e-03 3.094840e-01
377 6.876640e-01 2.492000e-03 3.098440e-01
378 6.871960e-01 2.540000e-03 3.102640e-01
379 6.867520e-01 2.500000e-03 3.107480e-01
380 6.862960e-01 2.544000e-03 3.111600e-01
381 6.857680e-01 2.704000e-03 3.115280e-01
382 6.852520e-01 2.780000e-03 3.119680e-01
383 6.847520e-01 2.796000e-03 3.124520e-01
384 6.842120e-01 2.860000e-03 3.129280e-01
385 6.836800e-01 2.876000e-03 3.134440e-01
386 6.833040e-01 2.700000e-03 3.139960e-01
387 6.828400e-01 2.688000e-03 3.144720e-01
388 6.822440e-01 2.756000e-03 3.150000e-01
389 6.817800e-01 2.732000e-03 3.154880e-01
390 6.813160e-01 2.708000e-03 3.159760e-01
391 6.809160e-01 2.728000e-03 3.163560e-01
392 6.804560e-01 2.680000e-03 3.168640e-01
393 6.799440e-01 2.712000e-03 3.173440e-01
394 6.794680e-01 2.788000e-03 3.177440e-01
395 6.789680e-01 2.776000e-03 3.182560e-01
396 6.782960e-01 3.024000e-03 3.186800e-01
397 6.777840e-01 2.972000e-03 3.192440e-01
398 6.773040e-01 2.960000e-03 3.197360e-01
399 6.767440e-01 3.116000e-03 3.201400e-01
400 6.762880e-01 3.000000e-03 3.207120e-01
401 6.757720e-01 2.988000e-03 3.212400e-01
402 6.752240e-01 2.972000e-03 3.218040e-01
403 6.747840e-01 2.888000e-03 3.223280e-01
404 6.742880e-01 2.888000e-03 3.228240e-01
405 6.738360e-01 2.892000e-03 3.232720e-01
406 6.733360e-01 2.968000e-03 3.236960e-01
407 6.728960e-01 2.912000e-03 3.241920e-01
408 6.725080e-01 2.768000e-03 3.247240e-01
409 6.720520e-01 2.816000e-03 3.251320e-01
410 6.715640e-01 2.792000e-03 3.256440e-01
411 6.711440e-01 2.692000e-03 3.261640e-01
412 6.706640e-01 2.692000e-03 3.266440e-01
413 6.702200e-01 2.728000e-03 3.270520e-01
414 6.697560e-01 2.668000e-03 3.275760e-01
415 6.693240e-01 2.612000e-03 3.280640e-01
416 6.688880e-01 2.536000e-03 3.285760e-01
417 6.684680e-01 2.564000e-03 3.289680e-01
418 6.679240e-01 2.664000e-03 3.294120e-01
419 6.674560e-01 2.656000e-03 3.298880e-01
420 6.670680e-01 2.560000e-03 3.303720e-01
421 6.666880e-01 2.492000e-03 3.308200e-01
422 6.662600e-01 2.440000e-03 3.313000e-01
423 6.658120e-01 2.456000e-03 3.317320e-01
424 6.654880e-01 2.416000e-03 3.320960e-01
425 6.651360e-01 2.364000e-03 3.325000e-01
426 6.648400e-01 2.224000e-03 3.329360e-01
427 6.644960e-01 2.180000e-03 3.333240e-01
428 6.641440e-01 2.144000e-03 3.337120e-01
429 6.638080e-01 2.104000e-03 3.340880e-01
430 6.635480e-01 2.024000e-03 3.344280e-01
431 6.632720e-01 1.896000e-03 3.348320e-01
432 6.629800e-01 1.848000e-03 3.351720e-01
433 6.626160e-01 1.892000e-03 3.354920e-01
434 6.623440e-01 1.804000e-03 3.358520e-01
435 6.620480e-01 1.728000e-03 3.362240e-01
436 6.617520e-01 1.720000e-03 3.365280e-01
437 6.614200e-01 1.744000e-03 3.368360e-01
438 6.611440e-01 1.736000e-03 3.371200e-01
439 6.608440e-01 1.732000e-03 3.374240e-01
440 6.606080e-01 1.636000e-03 3.377560e-01
441 6.603120e-01 1.700000e-03 3.379880e-01
442 6.599720e-01 1.712000e-03 3.383160e-01
443 6.596600e-01 1.736000e-03 3.386040e-01
444 6.593280e-01 1.808000e-03 3.388640e-01
445 6.590480e-01 1.752000e-03 3.392000e-01
446 6.587840e-01 1.684000e-03 3.395320e-01
447 6.584520e-01 1.692000e-03 3.398560e-01
448 6.582200e-01 1.624000e-03 3.401560e-01
449 6.579240e-01 1.640000e-03 3.404360e-01
450 6.575840e-01 1.768000e-03 3.406480e-01
451 6.573200e-01 1.756000e-03 3.409240e-01
452 6.570200e-01 1.756000e-03 3.412240e-01
453 6.566920e-01 1.784000e-03 3.415240e-01
454 6.564640e-01 1.616000e-03 3.419200e-01
455 6.562640e-01 1.544000e-03 3.421920e-01
456 6.560120e-01 1.552000e-03 3.424360e-01
457 6.558280e-01 1.456000e-03 3.427160e-01
458 6.556400e-01 1.424000e-03 3.429360e-01
459 6.553080e-01 1.560000e-03 3.431320e-01
460 6.550320e-01 1.536000e-03 3.434320e-01
461 6.547560e-01 1.540000e-03 3.437040e-01
462 6.545320e-01 1.488000e-03 3.439800e-01
463 6.542880e-01 1.496000e-03 3.442160e-01
464 6.540640e-01 1.476000e-03 3.444600e-01
465 6.537800e-01 1.484000e-03 3.447360e-01
466 6.535320e-01 1.432000e-03 3.450360e-01
467 6.532680e-01 1.456000e-03 3.452760e-01
468 6.530360e-01 1.480000e-03 3.454840e-01
469 6.527800e-01 1.496000e-03 3.457240e-01
470 6.525640e-01 1.480000e-03 3.459560e-01
471 6.523160e-01 1.468000e-03 3.462160e-01
472 6.520920e-01 1.428000e-03 3.464800e-01
473 6.518600e-01 1.436000e-03 3.467040e-01
474 6.516280e-01 1.404000e-03 3.469680e-01
475 6.514520e-01 1.364000e-03 3.471840e-01
476 6.512200e-01 1.344000e-03 3.474360e-01
477 6.509880e-01 1.312000e-03 3.477000e-01
478 6.508640e-01 1.208000e-03 3.479280e-01
479 6.506920e-01 1.176000e-03 3.481320e-01
480 6.505120e-01 1.100000e-03 3.483880e-01
481 6.503360e-01 1.036000e-03 3.486280e-01
482 6.501720e-01 1.068000e-03 3.487600e-01
483 6.500240e-01 1.000000e-03 3.489760e-01
484 6.498880e-01 9.840000e-04 3.491280e-01
485 6.497120e-01 9.920000e-04 3.492960e-01
486 6.495880e-01 9.680000e-04 3.494440e-01
487 6.494480e-01 9.520000e-04 3.496000e-01
488 6.493040e-01 9.080000e-04 3.497880e-01
489 6.491560e-01 8.840000e-04 3.499600e-01
490 6.490240e-01 8.840000e-04 3.500920e-01
491 6.488520e-01 8.520000e-04 3.502960e-01
492 6.486920e-01 8.520000e-04 3.504560e-01
493 6.485520e-01 8.280000e-04 3.506200e-01
494 6.484240e-01 8.240000e-04 3.507520e-01
495 6.482920e-01 8.240000e-04 3.508840e-01
496 6.481720e-01 8.200000e-04 3.510080e-01
497 6.480160e-01 8.360000e-04 3.511480e-01
498 6.478720e-01 8.200000e-04 3.513080e-01
499 6.476720e-01 8.800000e-04 3.514480e-01
500 6.475320e-01 8.640000e-04 3.516040e-01
