1 9.993120e-01 6.200000e-04 6.800000e-05
2 9.988440e-01 9.760000e-04 1.800000e-04
3 9.982720e-01 1.364000e-03 3.640000e-04
4 9.975640e-01 1.788000e-03 6.480000e-04
5 9.966360e-01 2.388000e-03 9.760000e-04
6 9.957520e-01 2.824000e-03 1.424000e-03
7 9.947720e-01 3.296000e-03 1.932000e-03
8 9.937920e-01 3.692000e-03 2.516000e-03
9 9.928600e-01 3.912000e-03 3.228000e-03
10 9.919080e-01 4.128000e-03 3.964000e-03
11 9.908400e-01 4.544000e-03 4.616000e-03
12 9.897520e-01 4.732000e-03 5.516000e-03
13 9.886320e-01 4.988000e-03 6.380000e-03
14 9.874400e-01 5.272000e-03 7.288000e-03
15 9.862400e-01 5.544000e-03 8.216000e-03
16 9.850240e-01 5.780000e-03 9.196000e-03
17 9.838200e-01 5.972000e-03 1.020800e-02
18 9.826400e-01 6.128000e-03 1.123200e-02
19 9.813640e-01 6.404000e-03 1.223200e-02
20 9.801840e-01 6.400000e-03 1.341600e-02
21 9.787040e-01 6.696000e-03 1.460000e-02
22 9.773440e-01 6.860000e-03 1.579600e-02
23 9.759480e-01 6.988000e-03 1.706400e-02
24 9.745080e-01 7.288000e-03 1.820400e-02
25 9.729080e-01 7.568000e-03 1.952400e-02
26 9.714800e-01 7.632000e-03 2.088800e-02
27 9.700080e-01 7.812000e-03 2.218000e-02
28 9.685960e-01 7.832000e-03 2.357200e-02
29 9.670880e-01 7.912000e-03 2.500000e-02
30 9.657760e-01 7.912000e-03 2.631200e-02
31 9.643680e-01 7.976000e-03 2.765600e-02
32 9.628680e-01 7.976000e-03 2.915600e-02
33 9.614280e-01 8.072000e-03 3.050000e-02
34 9.599920e-01 8.176000e-03 3.183200e-02
35 9.585080e-01 8.344000e-03 3.314800e-02
36 9.570120e-01 8.296000e-03 3.469200e-02
37 9.554240e-01 8.456000e-03 3.612000e-02
38 9.539080e-01 8.628000e-03 3.746400e-02
39 9.525360e-01 8.448000e-03 3.901600e-02
40 9.510720e-01 8.280000e-03 4.064800e-02
41 9.494520e-01 8.408000e-03 4.214000e-02
42 9.477840e-01 8.668000e-03 4.354800e-02
43 9.461840e-01 8.676000e-03 4.514000e-02
44 9.446240e-01 8.840000e-03 4.653600e-02
45 9.429640e-01 8.960000e-03 4.807600e-02
46 9.412560e-01 9.036000e-03 4.970800e-02
47 9.395320e-01 9.212000e-03 5.125600e-02
48 9.379960e-01 9.172000e-03 5.283200e-02
49 9.364240e-01 9.160000e-03 5.441600e-02
50 9.348480e-01 9.020000e-03 5.613200e-02
51 9.334080e-01 8.836000e-03 5.775600e-02
52 9.318920e-01 8.748000e-03 5.936000e-02
53 9.302000e-01 8.916000e-03 6.088400e-02
54 9.287080e-01 8.968000e-03 6.232400e-02
55 9.271640e-01 8.944000e-03 6.389200e-02
56 9.255440e-01 8.932000e-03 6.552400e-02
57 9.239160e-01 9.092000e-03 6.699200e-02
58 9.221840e-01 9.208000e-03 6.860800e-02
59 9.205040e-01 9.252000e-03 7.024400e-02
60 9.188800e-01 9.400000e-03 7.172000e-02
61 9.172680e-01 9.368000e-03 7.336400e-02
62 9.157360e-01 9.288000e-03 7.497600e-02
63 9.141160e-01 9.360000e-03 7.652400e-02
64 9.125000e-01 9.284000e-03 7.821600e-02
65 9.108600e-01 9.316000e-03 7.982400e-02
66 9.092000e-01 9.376000e-03 8.142400e-02
67 9.076680e-01 9.276000e-03 8.305600e-02
68 9.058960e-01 9.412000e-03 8.469200e-02
69 9.043680e-01 9.372000e-03 8.626000e-02
70 9.028480e-01 9.344000e-03 8.780800e-02
71 9.011560e-01 9.324000e-03 8.952000e-02
72 8.995640e-01 9.384000e-03 9.105200e-02
73 8.981120e-01 9.116000e-03 9.277200e-02
74 8.966360e-01 9.088000e-03 9.427600e-02
75 8.951120e-01 9.056000e-03 9.583200e-02
76 8.934480e-01 9.200000e-03 9.735200e-02
77 8.920880e-01 8.796000e-03 9.911600e-02
78 8.907360e-01 8.600000e-03 1.006640e-01
79 8.893440e-01 8.532000e-03 1.021240e-01
80 8.876960e-01 8.608000e-03 1.036960e-01
81 8.861080e-01 8.688000e-03 1.052040e-01
82 8.846880e-01 8.592000e-03 1.067200e-01
83 8.831720e-01 8.544000e-03 1.082840e-01
84 8.816400e-01 8.496000e-03 1.098640e-01
85 8.801520e-01 8.448000e-03 1.114000e-01
86 8.786200e-01 8.392000e-03 1.129880e-01
87 8.771920e-01 8.288000e-03 1.145200e-01
88 8.758200e-01 8.204000e-03 1.159760e-01
89 8.744880e-01 8.224000e-03 1.172880e-01
90 8.731840e-01 8.072000e-03 1.187440e-01
91 8.718280e-01 8.016000e-03 1.201560e-01
92 8.703800e-01 8.036000e-03 1.215840e-01
93 8.688800e-01 8.108000e-03 1.230120e-01
94 8.673760e-01 8.160000e-03 1.244640e-01
95 8.659320e-01 8.232000e-03 1.258360e-01
96 8.646760e-01 7.988000e-03 1.273360e-01
97 8.634000e-01 7.808000e-03 1.287920e-01
98 8.620320e-01 7.804000e-03 1.301640e-01
99 8.607440e-01 7.656000e-03 1.316000e-01
100 8.594840e-01 7.628000e-03 1.328880e-01
101 8.581440e-01 7.668000e-03 1.341880e-01
102 8.569560e-01 7.576000e-03 1.354680e-01
103 8.556520e-01 7.560000e-03 1.367880e-01
104 8.543480e-01 7.692000e-03 1.379600e-01
105 8.530840e-01 7.476000e-03 1.394400e-01
106 8.519360e-01 7.316000e-03 1.407480e-01
107 8.505720e-01 7.352000e-03 1.420760e-01
108 8.492120e-01 7.320000e-03 1.434680e-01
109 8.478400e-01 7.396000e-03 1.447640e-01
110 8.464120e-01 7.584000e-03 1.460040e-01
111 8.450600e-01 7.672000e-03 1.472680e-01
112 8.436440e-01 7.840000e-03 1.485160e-01
113 8.424200e-01 7.680000e-03 1.499000e-01
114 8.411680e-01 7.688000e-03 1.511440e-01
115 8.398120e-01 7.676000e-03 1.525120e-01
116 8.384640e-01 7.760000e-03 1.537760e-01
117 8.372160e-01 7.724000e-03 1.550600e-01
118 8.361000e-01 7.532000e-03 1.563680e-01
119 8.348480e-01 7.468000e-03 1.576840e-01
120 8.335160e-01 7.428000e-03 1.590560e-01
121 8.324160e-01 7.188000e-03 1.603960e-01
122 8.311040e-01 7.276000e-03 1.616200e-01
123 8.298360e-01 7.196000e-03 1.629680e-01
124 8.287280e-01 7.128000e-03 1.641440e-01
125 8.275600e-01 7.112000e-03 1.653280e-01
126 8.263320e-01 7.120000e-03 1.665480e-01
127 8.249960e-01 7.084000e-03 1.679200e-01
128 8.238440e-01 6.904000e-03 1.692520e-01
129 8.226120e-01 6.960000e-03 1.704280e-01
130 8.213560e-01 6.984000e-03 1.716600e-01
131 8.202160e-01 7.028000e-03 1.727560e-01
132 8.189600e-01 7.000000e-03 1.740400e-01
133 8.177320e-01 7.032000e-03 1.752360e-01
134 8.163520e-01 7.240000e-03 1.764080e-01
135 8.150800e-01 7.340000e-03 1.775800e-01
136 8.137680e-01 7.340000e-03 1.788920e-01
137 8.124640e-01 7.360000e-03 1.801760e-01
138 8.110240e-01 7.436000e-03 1.815400e-01
139 8.096080e-01 7.496000e-03 1.828960e-01
140 8.082760e-01 7.548000e-03 1.841760e-01
141 8.070640e-01 7.428000e-03 1.855080e-01
142 8.058600e-01 7.336000e-03 1.868040e-01
143 8.044400e-01 7.452000e-03 1.881080e-01
144 8.031920e-01 7.368000e-03 1.894400e-01
145 8.018000e-01 7.424000e-03 1.907760e-01
146 8.004680e-01 7.540000e-03 1.919920e-01
147 7.992040e-01 7.416000e-03 1.933800e-01
148 7.979480e-01 7.452000e-03 1.946000e-01
149 7.966200e-01 7.508000e-03 1.958720e-01
150 7.952560e-01 7.628000e-03 1.971160e-01
151 7.938880e-01 7.728000e-03 1.983840e-01
152 7.924120e-01 7.852000e-03 1.997360e-01
153 7.911240e-01 7.700000e-03 2.011760e-01
154 7.899720e-01 7.576000e-03 2.024520e-01
155 7.886960e-01 7.516000e-03 2.037880e-01
156 7.875080e-01 7.360000e-03 2.051320e-01
157 7.862080e-01 7.360000e-03 2.064320e-01
158 7.848440e-01 7.396000e-03 2.077600e-01
159 7.835440e-01 7.344000e-03 2.091120e-01
160 7.823760e-01 7.388000e-03 2.102360e-01
161 7.811520e-01 7.316000e-03 2.115320e-01
162 7.799280e-01 7.316000e-03 2.127560e-01
163 7.786920e-01 7.256000e-03 2.140520e-01
164 7.775440e-01 7.120000e-03 2.153360e-01
165 7.763560e-01 7.116000e-03 2.165280e-01
166 7.752400e-01 6.976000e-03 2.177840e-01
167 7.741080e-01 6.788000e-03 2.191040e-01
168 7.730000e-01 6.704000e-03 2.202960e-01
169 7.718840e-01 6.608000e-03 2.215080e-01
170 7.707440e-01 6.564000e-03 2.226920e-01
171 7.696520e-01 6.344000e-03 2.240040e-01
172 7.683840e-01 6.512000e-03 2.251040e-01
173 7.672320e-01 6.516000e-03 2.262520e-01
174 7.662040e-01 6.544000e-03 2.272520e-01
175 7.652360e-01 6.344000e-03 2.284200e-01
176 7.640240e-01 6.428000e-03 2.295480e-01
177 7.629240e-01 6.412000e-03 2.306640e-01
178 7.619160e-01 6.188000e-03 2.318960e-01
179 7.609080e-01 6.148000e-03 2.329440e-01
180 7.599640e-01 6.060000e-03 2.339760e-01
181 7.589840e-01 5.956000e-03 2.350600e-01
182 7.578400e-01 6.080000e-03 2.360800e-01
183 7.568600e-01 6.020000e-03 2.371200e-01
184 7.557960e-01 6.088000e-03 2.381160e-01
185 7.548280e-01 6.016000e-03 2.391560e-01
186 7.538120e-01 5.920000e-03 2.402680e-01
187 7.528280e-01 5.880000e-03 2.412920e-01
188 7.517800e-01 5.904000e-03 2.423160e-01
189 7.507760e-01 6.000000e-03 2.432240e-01
190 7.498440e-01 5.908000e-03 2.442480e-01
191 7.487720e-01 6.028000e-03 2.452000e-01
192 7.477480e-01 6.040000e-03 2.462120e-01
193 7.464960e-01 6.268000e-03 2.472360e-01
194 7.455280e-01 6.216000e-03 2.482560e-01
195 7.444160e-01 6.148000e-03 2.494360e-01
196 7.433160e-01 6.216000e-03 2.504680e-01
197 7.421760e-01 6.180000e-03 2.516440e-01
198 7.411560e-01 6.148000e-03 2.526960e-01
199 7.401360e-01 6.112000e-03 2.537520e-01
200 7.390680e-01 6.060000e-03 2.548720e-01
201 7.379640e-01 6.020000e-03 2.560160e-01
202 7.368680e-01 5.988000e-03 2.571440e-01
203 7.358120e-01 5.940000e-03 2.582480e-01
204 7.346600e-01 6.092000e-03 2.592480e-01
205 7.335360e-01 6.132000e-03 2.603320e-01
206 7.323560e-01 6.340000e-03 2.613040e-01
207 7.312840e-01 6.280000e-03 2.624360e-01
208 7.302040e-01 6.212000e-03 2.635840e-01
209 7.290200e-01 6.248000e-03 2.647320e-01
210 7.278920e-01 6.248000e-03 2.658600e-01
211 7.267520e-01 6.280000e-03 2.669680e-01
212 7.257000e-01 6.204000e-03 2.680960e-01
213 7.244800e-01 6.308000e-03 2.692120e-01
214 7.232720e-01 6.444000e-03 2.702840e-01
215 7.220720e-01 6.604000e-03 2.713240e-01
216 7.208400e-01 6.752000e-03 2.724080e-01
217 7.197120e-01 6.640000e-03 2.736480e-01
218 7.184880e-01 6.708000e-03 2.748040e-01
219 7.173320e-01 6.732000e-03 2.759360e-01
220 7.164280e-01 6.368000e-03 2.772040e-01
221 7.155280e-01 6.180000e-03 2.782920e-01
222 7.145760e-01 5.996000e-03 2.794280e-01
223 7.135840e-01 6.024000e-03 2.803920e-01
224 7.125680e-01 5.964000e-03 2.814680e-01
225 7.114360e-01 6.060000e-03 2.825040e-01
226 7.104280e-01 6.084000e-03 2.834880e-01
227 7.093120e-01 6.148000e-03 2.845400e-01
228 7.081480e-01 6.196000e-03 2.856560e-01
229 7.072240e-01 5.984000e-03 2.867920e-01
230 7.062240e-01 6.048000e-03 2.877280e-01
231 7.052400e-01 6.016000e-03 2.887440e-01
232 7.041760e-01 5.976000e-03 2.898480e-01
233 7.033400e-01 5.784000e-03 2.908760e-01
234 7.023680e-01 5.772000e-03 2.918600e-01
235 7.015160e-01 5.712000e-03 2.927720e-01
236 7.006920e-01 5.580000e-03 2.937280e-01
237 6.998360e-01 5.508000e-03 2.946560e-01
238 6.988880e-01 5.460000e-03 2.956520e-01
239 6.981400e-01 5.340000e-03 2.965200e-01
240 6.972600e-01 5.240000e-03 2.975000e-01
241 6.965120e-01 5.160000e-03 2.983280e-01
242 6.957240e-01 5.008000e-03 2.992680e-01
243 6.949440e-01 4.884000e-03 3.001720e-01
244 6.941040e-01 4.836000e-03 3.010600e-01
245 6.932520e-01 4.892000e-03 3.018560e-01
246 6.923960e-01 4.916000e-03 3.026880e-01
247 6.914560e-01 5.036000e-03 3.035080e-01
248 6.906000e-01 4.852000e-03 3.045480e-01
249 6.896800e-01 4.976000e-03 3.053440e-01
250 6.886920e-01 5.056000e-03 3.062520e-01
251 6.877600e-01 5.176000e-03 3.070640e-01
252 6.870200e-01 5.060000e-03 3.079200e-01
253 6.862240e-01 5.004000e-03 3.087720e-01
254 6.855080e-01 4.920000e-03 3.095720e-01
255 6.847000e-01 4.960000e-03 3.103400e-01
256 6.839480e-01 4.700000e-03 3.113520e-01
257 6.831360e-01 4.680000e-03 3.121840e-01
258 6.823120e-01 4.660000e-03 3.130280e-01
259 6.815840e-01 4.596000e-03 3.138200e-01
260 6.808440e-01 4.576000e-03 3.145800e-01
261 6.800600e-01 4.688000e-03 3.152520e-01
262 6.793600e-01 4.460000e-03 3.161800e-01
263 6.787040e-01 4.356000e-03 3.169400e-01
264 6.779040e-01 4.352000e-03 3.177440e-01
265 6.771480e-01 4.372000e-03 3.184800e-01
266 6.764480e-01 4.256000e-03 3.192960e-01
267 6.757600e-01 4.164000e-03 3.200760e-01
268 6.750080e-01 4.116000e-03 3.208760e-01
269 6.741880e-01 4.276000e-03 3.215360e-01
270 6.734120e-01 4.240000e-03 3.223480e-01
271 6.726000e-01 4.256000e-03 3.231440e-01
272 6.717760e-01 4.400000e-03 3.238240e-01
273 6.709840e-01 4.392000e-03 3.246240e-01
274 6.701760e-01 4.484000e-03 3.253400e-01
275 6.692360e-01 4.684000e-03 3.260800e-01
276 6.683160e-01 4.672000e-03 3.270120e-01
277 6.675200e-01 4.724000e-03 3.277560e-01
278 6.666400e-01 4.776000e-03 3.285840e-01
279 6.657640e-01 4.800000e-03 3.294360e-01
280 6.649960e-01 4.776000e-03 3.302280e-01
281 6.641720e-01 4.804000e-03 3.310240e-01
282 6.633880e-01 4.784000e-03 3.318280e-01
283 6.625000e-01 4.776000e-03 3.327240e-01
284 6.615960e-01 4.820000e-03 3.335840e-01
285 6.607640e-01 4.808000e-03 3.344280e-01
286 6.599960e-01 4.832000e-03 3.351720e-01
287 6.592160e-01 4.824000e-03 3.359600e-01
288 6.584920e-01 4.744000e-03 3.367640e-01
289 6.577240e-01 4.836000e-03 3.374400e-01
290 6.570040e-01 4.724000e-03 3.382720e-01
291 6.562240e-01 4.608000e-03 3.391680e-01
292 6.554160e-01 4.684000e-03 3.399000e-01
293 6.547400e-01 4.600000e-03 3.406600e-01
294 6.541640e-01 4.392000e-03 3.414440e-01
295 6.533400e-01 4.412000e-03 3.422480e-01
296 6.526560e-01 4.300000e-03 3.430440e-01
297 6.519960e-01 4.148000e-03 3.438560e-01
298 6.513840e-01 4.132000e-03 3.444840e-01
299 6.507800e-01 4.136000e-03 3.450840e-01
300 6.501080e-01 4.080000e-03 3.458120e-01
301 6.494680e-01 4.028000e-03 3.465040e-01
302 6.487960e-01 3.988000e-03 3.472160e-01
303 6.480520e-01 4.048000e-03 3.479000e-01
304 6.474080e-01 4.008000e-03 3.485840e-01
305 6.466760e-01 3.980000e-03 3.493440e-01
306 6.460280e-01 3.940000e-03 3.500320e-01
307 6.453160e-01 3.948000e-03 3.507360e-01
308 6.446160e-01 3.936000e-03 3.514480e-01
309 6.439000e-01 4.032000e-03 3.520680e-01
310 6.432200e-01 4.000000e-03 3.527800e-01
311 6.425920e-01 3.916000e-03 3.534920e-01
312 6.418560e-01 3.960000e-03 3.541840e-01
313 6.411280e-01 4.032000e-03 3.548400e-01
314 6.404040e-01 4.080000e-03 3.555160e-01
315 6.396760e-01 4.128000e-03 3.561960e-01
316 6.391120e-01 3.908000e-03 3.569800e-01
317 6.384000e-01 3.868000e-03 3.577320e-01
318 6.377200e-01 3.796000e-03 3.584840e-01
319 6.371280e-01 3.700000e-03 3.591720e-01
320 6.364520e-01 3.708000e-03 3.598400e-01
321 6.357880e-01 3.736000e-03 3.604760e-01
322 6.351680e-01 3.616000e-03 3.612160e-01
323 6.344720e-01 3.592000e-03 3.619360e-01
324 6.338280e-01 3.568000e-03 3.626040e-01
325 6.331600e-01 3.652000e-03 3.631880e-01
326 6.325200e-01 3.628000e-03 3.638520e-01
327 6.320000e-01 3.548000e-03 3.644520e-01
328 6.313600e-01 3.560000e-03 3.650800e-01
329 6.307560e-01 3.536000e-03 3.657080e-01
330 6.301160e-01 3.532000e-03 3.663520e-01
331 6.295080e-01 3.516000e-03 3.669760e-01
332 6.288680e-01 3.568000e-03 3.675640e-01
333 6.282920e-01 3.428000e-03 3.682800e-01
334 6.277760e-01 3.376000e-03 3.688480e-01
335 6.272160e-01 3.344000e-03 3.694400e-01
336 6.266240e-01 3.340000e-03 3.700360e-01
337 6.260760e-01 3.264000e-03 3.706600e-01
338 6.254560e-01 3.268000e-03 3.712760e-01
339 6.248360e-01 3.312000e-03 3.718520e-01
340 6.243200e-01 3.208000e-03 3.724720e-01
341 6.237400e-01 3.272000e-03 3.729880e-01
342 6.231320e-01 3.328000e-03 3.735400e-01
343 6.225760e-01 3.276000e-03 3.741480e-01
344 6.220960e-01 3.164000e-03 3.747400e-01
345 6.215640e-01 3.108000e-03 3.753280e-01
346 6.210680e-01 3.068000e-03 3.758640e-01
347 6.204360e-01 3.120000e-03 3.764440e-01
348 6.199480e-01 3.064000e-03 3.769880e-01
349 6.194680e-01 3.012000e-03 3.775200e-01
350 6.189520e-01 2.996000e-03 3.780520e-01
351 6.184320e-01 3.052000e-03 3.785160e-01
352 6.178720e-01 3.124000e-03 3.790040e-01
353 6.173360e-01 3.112000e-03 3.795520e-01
354 6.167800e-01 3.196000e-03 3.800240e-01
355 6.163720e-01 3.104000e-03 3.805240e-01
356 6.158920e-01 2.964000e-03 3.811440e-01
357 6.155240e-01 2.836000e-03 3.816400e-01
358 6.150520e-01 2.832000e-03 3.821160e-01
359 6.146040e-01 2.808000e-03 3.825880e-01
360 6.140960e-01 2.860000e-03 3.830440e-01
361 6.136840e-01 2.780000e-03 3.835360e-01
362 6.132480e-01 2.704000e-03 3.840480e-01
363 6.128160e-01 2.604000e-03 3.845800e-01
364 6.123400e-01 2.632000e-03 3.850280e-01
365 6.119160e-01 2.592000e-03 3.854920e-01
366 6.114840e-01 2.560000e-03 3.859560e-01
367 6.110800e-01 2.504000e-03 3.864160e-01
368 6.107600e-01 2.452000e-03 3.867880e-01
369 6.103920e-01 2.396000e-03 3.872120e-01
370 6.099720e-01 2.428000e-03 3.876000e-01
371 6.095400e-01 2.432000e-03 3.880280e-01
372 6.090600e-01 2.468000e-03 3.884720e-01
373 6.086320e-01 2.472000e-03 3.888960e-01
374 6.082760e-01 2.412000e-03 3.893120e-01
375 6.078920e-01 2.424000e-03 3.896840e-01
376 6.074680e-01 2.492000e-03 3.900400e-01
377 6.070440e-01 2.504000e-03 3.904520e-01
378 6.065760e-01 2.528000e-03 3.908960e-01
379 6.061200e-01 2.484000e-03 3.913960e-01
380 6.056760e-01 2.428000e-03 3.918960e-01
381 6.053160e-01 2.392000e-03 3.922920e-01
382 6.049320e-01 2.340000e-03 3.927280e-01
383 6.046240e-01 2.156000e-03 3.932200e-01
384 6.042240e-01 2.156000e-03 3.936200e-01
385 6.039720e-01 2.072000e-03 3.939560e-01
386 6.037040e-01 1.952000e-03 3.943440e-01
387 6.034240e-01 1.860000e-03 3.947160e-01
388 6.031520e-01 1.820000e-03 3.950280e-01
389 6.028520e-01 1.828000e-03 3.953200e-01
390 6.025240e-01 1.812000e-03 3.956640e-01
391 6.022760e-01 1.732000e-03 3.959920e-01
392 6.020560e-01 1.664000e-03 3.962800e-01
393 6.018120e-01 1.640000e-03 3.965480e-01
394 6.015480e-01 1.648000e-03 3.968040e-01
395 6.013520e-01 1.532000e-03 3.971160e-01
396 6.011880e-01 1.384000e-03 3.974280e-01
397 6.010000e-01 1.284000e-03 3.977160e-01
398 6.007360e-01 1.312000e-03 3.979520e-01
399 6.005800e-01 1.204000e-03 3.982160e-01
400 6.003880e-01 1.192000e-03 3.984200e-01
401 6.002320e-01 1.128000e-03 3.986400e-01
402 6.000120e-01 1.156000e-03 3.988320e-01
403 5.997640e-01 1.172000e-03 3.990640e-01
404 5.995040e-01 1.228000e-03 3.992680e-01
405 5.993120e-01 1.208000e-03 3.994800e-01
406 5.991040e-01 1.224000e-03 3.996720e-01
407 5.989080e-01 1.236000e-03 3.998560e-01
408 5.986960e-01 1.240000e-03 4.000640e-01
409 5.985120e-01 1.224000e-03 4.002640e-01
410 5.983320e-01 1.156000e-03 4.005120e-01
411 5.981120e-01 1.160000e-03 4.007280e-01
412 5.978600e-01 1.184000e-03 4.009560e-01
413 5.976240e-01 1.208000e-03 4.011680e-01
414 5.973920e-01 1.240000e-03 4.013680e-01
415 5.971800e-01 1.248000e-03 4.015720e-01
416 5.969960e-01 1.240000e-03 4.017640e-01
417 5.966720e-01 1.336000e-03 4.019920e-01
418 5.964160e-01 1.352000e-03 4.022320e-01
419 5.961440e-01 1.444000e-03 4.024120e-01
420 5.958360e-01 1.536000e-03 4.026280e-01
421 5.955760e-01 1.576000e-03 4.028480e-01
422 5.952680e-01 1.628000e-03 4.031040e-01
423 5.950840e-01 1.584000e-03 4.033320e-01
424 5.949040e-01 1.512000e-03 4.035840e-01
425 5.947200e-01 1.456000e-03 4.038240e-01
426 5.943480e-01 1.548000e-03 4.041040e-01
427 5.941320e-01 1.504000e-03 4.043640e-01
428 5.938600e-01 1.572000e-03 4.045680e-01
429 5.935880e-01 1.580000e-03 4.048320e-01
430 5.933000e-01 1.640000e-03 4.050600e-01
431 5.930320e-01 1.640000e-03 4.053280e-01
432 5.927600e-01 1.588000e-03 4.056520e-01
433 5.925160e-01 1.540000e-03 4.059440e-01
434 5.923120e-01 1.404000e-03 4.062840e-01
435 5.921320e-01 1.332000e-03 4.065360e-01
436 5.919960e-01 1.240000e-03 4.067640e-01
437 5.918680e-01 1.164000e-03 4.069680e-01
438 5.917080e-01 1.108000e-03 4.071840e-01
439 5.915280e-01 1.152000e-03 4.073200e-01
440 5.913360e-01 1.152000e-03 4.075120e-01
441 5.911040e-01 1.148000e-03 4.077480e-01
442 5.909160e-01 1.148000e-03 4.079360e-01
443 5.906920e-01 1.160000e-03 4.081480e-01
444 5.904400e-01 1.184000e-03 4.083760e-01
445 5.902200e-01 1.160000e-03 4.086200e-01
446 5.899720e-01 1.220000e-03 4.088080e-01
447 5.897680e-01 1.220000e-03 4.090120e-01
448 5.895680e-01 1.192000e-03 4.092400e-01
449 5.893040e-01 1.232000e-03 4.094640e-01
450 5.890920e-01 1.264000e-03 4.096440e-01
451 5.888960e-01 1.232000e-03 4.098720e-01
452 5.887320e-01 1.204000e-03 4.100640e-01
453 5.885720e-01 1.156000e-03 4.102720e-01
454 5.883560e-01 1.204000e-03 4.104400e-01
455 5.881400e-01 1.224000e-03 4.106360e-01
456 5.879160e-01 1.204000e-03 4.108800e-01
457 5.876920e-01 1.168000e-03 4.111400e-01
458 5.875000e-01 1.168000e-03 4.113320e-01
459 5.872800e-01 1.156000e-03 4.115640e-01
460 5.870640e-01 1.212000e-03 4.117240e-01
461 5.868600e-01 1.168000e-03 4.119720e-01
462 5.866440e-01 1.184000e-03 4.121720e-01
463 5.864160e-01 1.224000e-03 4.123600e-01
464 5.862240e-01 1.212000e-03 4.125640e-01
465 5.860680e-01 1.136000e-03 4.127960e-01
466 5.859360e-01 1.044000e-03 4.130200e-01
467 5.857920e-01 9.560000e-04 4.132520e-01
468 5.856400e-01 9.560000e-04 4.134040e-01
469 5.855600e-01 8.800000e-04 4.135600e-01
470 5.854600e-01 8.280000e-04 4.137120e-01
471 5.853800e-01 7.720000e-04 4.138480e-01
472 5.852520e-01 8.000000e-04 4.139480e-01
473 5.851520e-01 7.800000e-04 4.140680e-01
474 5.850760e-01 6.880000e-04 4.142360e-01
475 5.850040e-01 6.080000e-04 4.143880e-01
476 5.848680e-01 6.320000e-04 4.145000e-01
477 5.847120e-01 6.840000e-04 4.146040e-01
478 5.846000e-01 6.640000e-04 4.147360e-01
479 5.844960e-01 6.320000e-04 4.148720e-01
480 5.844160e-01 5.920000e-04 4.149920e-01
481 5.842800e-01 6.160000e-04 4.151040e-01
482 5.841840e-01 6.160000e-04 4.152000e-01
483 5.840800e-01 6.360000e-04 4.152840e-01
484 5.839760e-01 6.480000e-04 4.153760e-01
485 5.838680e-01 6.400000e-04 4.154920e-01
486 5.838000e-01 5.680000e-04 4.156320e-01
487 5.837160e-01 5.440000e-04 4.157400e-01
488 5.836200e-01 5.680000e-04 4.158120e-01
489 5.835320e-01 5.440000e-04 4.159240e-01
490 5.834040e-01 5.640000e-04 4.160320e-01
491 5.832520e-01 6.480000e-04 4.161000e-01
492 5.830800e-01 6.840000e-04 4.162360e-01
493 5.829320e-01 7.040000e-04 4.163640e-01
494 5.827600e-01 7.480000e-04 4.164920e-01
495 5.826600e-01 7.280000e-04 4.166120e-01
496 5.825160e-01 7.400000e-04 4.167440e-01
497 5.823560e-01 7.440000e-04 4.169000e-01
498 5.822240e-01 7.640000e-04 4.170120e-01
499 5.820840e-01 7.840000e-04 4.171320e-01
500 5.819480e-01 7.560000e-04 4.172960e-01
