1 9.991160e-01 7.880000e-04 9.600000e-05
2 9.986320e-01 1.076000e-03 2.920000e-04
3 9.979880e-01 1.496000e-03 5.160000e-04
4 9.973120e-01 1.920000e-03 7.680000e-04
5 9.964920e-01 2.364000e-03 1.144000e-03
6 9.957320e-01 2.700000e-03 1.568000e-03
7 9.949440e-01 2.928000e-03 2.128000e-03
8 9.941840e-01 3.108000e-03 2.708000e-03
9 9.932960e-01 3.416000e-03 3.288000e-03
10 9.924400e-01 3.652000e-03 3.908000e-03
11 9.915720e-01 3.896000e-03 4.532000e-03
12 9.907000e-01 4.052000e-03 5.248000e-03
13 9.897520e-01 4.324000e-03 5.924000e-03
14 9.886640e-01 4.600000e-03 6.736000e-03
15 9.874640e-01 4.944000e-03 7.592000e-03
16 9.864240e-01 5.092000e-03 8.484000e-03
17 9.852400e-01 5.304000e-03 9.456000e-03
18 9.841480e-01 5.448000e-03 1.040400e-02
19 9.830240e-01 5.584000e-03 1.139200e-02
20 9.819280e-01 5.736000e-03 1.233600e-02
21 9.807040e-01 5.904000e-03 1.339200e-02
22 9.795520e-01 6.016000e-03 1.443200e-02
23 9.783560e-01 6.168000e-03 1.547600e-02
24 9.772680e-01 6.088000e-03 1.664400e-02
25 9.760920e-01 6.172000e-03 1.773600e-02
26 9.749400e-01 6.228000e-03 1.883200e-02
27 9.737720e-01 6.324000e-03 1.990400e-02
28 9.726000e-01 6.364000e-03 2.103600e-02
29 9.712800e-01 6.628000e-03 2.209200e-02
30 9.700880e-01 6.612000e-03 2.330000e-02
31 9.688200e-01 6.688000e-03 2.449200e-02
32 9.675080e-01 6.800000e-03 2.569200e-02
33 9.660920e-01 7.020000e-03 2.688800e-02
34 9.647800e-01 7.164000e-03 2.805600e-02
35 9.632440e-01 7.552000e-03 2.920400e-02
36 9.618840e-01 7.564000e-03 3.055200e-02
37 9.605040e-01 7.708000e-03 3.178800e-02
38 9.591520e-01 7.664000e-03 3.318400e-02
39 9.576640e-01 7.756000e-03 3.458000e-02
40 9.563120e-01 7.628000e-03 3.606000e-02
41 9.548360e-01 7.768000e-03 3.739600e-02
42 9.533400e-01 7.952000e-03 3.870800e-02
43 9.516800e-01 8.188000e-03 4.013200e-02
44 9.501040e-01 8.332000e-03 4.156400e-02
45 9.486360e-01 8.376000e-03 4.298800e-02
46 9.472240e-01 8.308000e-03 4.446800e-02
47 9.456320e-01 8.432000e-03 4.593600e-02
48 9.442200e-01 8.344000e-03 4.743600e-02
49 9.426200e-01 8.500000e-03 4.888000e-02
50 9.410920e-01 8.588000e-03 5.032000e-02
51 9.393600e-01 8.768000e-03 5.187200e-02
52 9.378400e-01 8.804000e-03 5.335600e-02
53 9.363520e-01 8.632000e-03 5.501600e-02
54 9.348960e-01 8.668000e-03 5.643600e-02
55 9.332880e-01 8.712000e-03 5.800000e-02
56 9.316880e-01 8.720000e-03 5.959200e-02
57 9.300320e-01 8.972000e-03 6.099600e-02
58 9.283560e-01 9.048000e-03 6.259600e-02
59 9.266360e-01 9.280000e-03 6.408400e-02
60 9.248440e-01 9.400000e-03 6.575600e-02
61 9.233000e-01 9.272000e-03 6.742800e-02
62 9.216280e-01 9.300000e-03 6.907200e-02
63 9.199320e-01 9.364000e-03 7.070400e-02
64 9.182920e-01 9.488000e-03 7.222000e-02
65 9.168200e-01 9.340000e-03 7.384000e-02
66 9.152680e-01 9.296000e-03 7.543600e-02
67 9.137160e-01 9.232000e-03 7.705200e-02
68 9.122320e-01 9.012000e-03 7.875600e-02
69 9.108280e-01 8.808000e-03 8.036400e-02
70 9.093040e-01 8.720000e-03 8.197600e-02
71 9.079120e-01 8.404000e-03 8.368400e-02
72 9.063440e-01 8.388000e-03 8.526800e-02
73 9.047960e-01 8.504000e-03 8.670000e-02
74 9.031560e-01 8.664000e-03 8.818000e-02
75 9.015440e-01 8.772000e-03 8.968400e-02
76 9.000360e-01 8.928000e-03 9.103600e-02
77 8.983000e-01 9.104000e-03 9.259600e-02
78 8.965280e-01 9.240000e-03 9.423200e-02
79 8.949720e-01 9.092000e-03 9.593600e-02
80 8.933320e-01 9.240000e-03 9.742800e-02
81 8.917240e-01 9.332000e-03 9.894400e-02
82 8.898880e-01 9.492000e-03 1.006200e-01
83 8.882480e-01 9.412000e-03 1.023400e-01
84 8.866520e-01 9.328000e-03 1.040200e-01
85 8.849320e-01 9.492000e-03 1.055760e-01
86 8.832400e-01 9.548000e-03 1.072120e-01
87 8.816360e-01 9.400000e-03 1.089640e-01
88 8.799240e-01 9.540000e-03 1.105360e-01
89 8.783040e-01 9.444000e-03 1.122520e-01
90 8.766400e-01 9.512000e-03 1.138480e-01
91 8.749160e-01 9.608000e-03 1.154760e-01
92 8.731720e-01 9.640000e-03 1.171880e-01
93 8.712440e-01 9.812000e-03 1.189440e-01
94 8.696160e-01 9.792000e-03 1.205920e-01
95 8.678600e-01 9.684000e-03 1.224560e-01
96 8.660800e-01 9.648000e-03 1.242720e-01
97 8.645680e-01 9.492000e-03 1.259400e-01
98 8.629680e-01 9.420000e-03 1.276120e-01
99 8.612120e-01 9.404000e-03 1.293840e-01
100 8.596840e-01 9.328000e-03 1.309880e-01
101 8.582040e-01 9.200000e-03 1.325960e-01
102 8.565720e-01 9.252000e-03 1.341760e-01
103 8.550000e-01 9.232000e-03 1.357680e-01
104 8.533720e-01 9.256000e-03 1.373720e-01
105 8.518600e-01 9.260000e-03 1.388800e-01
106 8.503160e-01 9.168000e-03 1.405160e-01
107 8.486000e-01 9.376000e-03 1.420240e-01
108 8.469280e-01 9.396000e-03 1.436760e-01
109 8.453440e-01 9.424000e-03 1.452320e-01
110 8.437520e-01 9.468000e-03 1.467800e-01
111 8.421200e-01 9.520000e-03 1.483600e-01
112 8.405160e-01 9.416000e-03 1.500680e-01
113 8.388840e-01 9.416000e-03 1.517000e-01
114 8.373600e-01 9.316000e-03 1.533240e-01
115 8.357080e-01 9.328000e-03 1.549640e-01
116 8.340080e-01 9.348000e-03 1.566440e-01
117 8.322600e-01 9.524000e-03 1.582160e-01
118 8.304400e-01 9.624000e-03 1.599360e-01
119 8.289200e-01 9.568000e-03 1.615120e-01
120 8.272840e-01 9.532000e-03 1.631840e-01
121 8.255080e-01 9.652000e-03 1.648400e-01
122 8.238680e-01 9.484000e-03 1.666480e-01
123 8.222480e-01 9.488000e-03 1.682640e-01
124 8.207840e-01 9.312000e-03 1.699040e-01
125 8.190880e-01 9.256000e-03 1.716560e-01
126 8.176200e-01 8.976000e-03 1.734040e-01
127 8.160440e-01 8.976000e-03 1.749800e-01
128 8.145840e-01 8.876000e-03 1.765400e-01
129 8.132960e-01 8.676000e-03 1.780280e-01
130 8.119040e-01 8.688000e-03 1.794080e-01
131 8.105680e-01 8.556000e-03 1.808760e-01
132 8.092840e-01 8.440000e-03 1.822760e-01
133 8.079320e-01 8.272000e-03 1.837960e-01
134 8.066960e-01 8.012000e-03 1.852920e-01
135 8.054640e-01 7.860000e-03 1.866760e-01
136 8.042400e-01 7.620000e-03 1.881400e-01
137 8.030000e-01 7.580000e-03 1.894200e-01
138 8.017720e-01 7.540000e-03 1.906880e-01
139 8.005160e-01 7.552000e-03 1.919320e-01
140 7.994040e-01 7.416000e-03 1.931800e-01
141 7.981400e-01 7.288000e-03 1.945720e-01
142 7.968720e-01 7.320000e-03 1.958080e-01
143 7.956120e-01 7.376000e-03 1.970120e-01
144 7.943000e-01 7.328000e-03 1.983720e-01
145 7.930000e-01 7.308000e-03 1.996920e-01
146 7.915720e-01 7.352000e-03 2.010760e-01
147 7.902520e-01 7.376000e-03 2.023720e-01
148 7.889640e-01 7.360000e-03 2.036760e-01
149 7.876320e-01 7.372000e-03 2.049960e-01
150 7.863200e-01 7.384000e-03 2.062960e-01
151 7.849480e-01 7.528000e-03 2.075240e-01
152 7.835600e-01 7.576000e-03 2.088640e-01
153 7.822280e-01 7.516000e-03 2.102560e-01
154 7.809960e-01 7.504000e-03 2.115000e-01
155 7.797160e-01 7.556000e-03 2.127280e-01
156 7.784080e-01 7.648000e-03 2.139440e-01
157 7.771840e-01 7.516000e-03 2.153000e-01
158 7.760120e-01 7.392000e-03 2.165960e-01
159 7.748440e-01 7.128000e-03 2.180280e-01
160 7.736080e-01 7.092000e-03 2.193000e-01
161 7.723320e-01 7.108000e-03 2.205600e-01
162 7.709560e-01 7.288000e-03 2.217560e-01
163 7.697080e-01 7.224000e-03 2.230680e-01
164 7.683560e-01 7.336000e-03 2.243080e-01
165 7.669360e-01 7.568000e-03 2.254960e-01
166 7.655560e-01 7.560000e-03 2.268840e-01
167 7.640840e-01 7.832000e-03 2.280840e-01
168 7.627320e-01 7.840000e-03 2.294280e-01
169 7.613280e-01 7.832000e-03 2.308400e-01
170 7.600680e-01 7.636000e-03 2.322960e-01
171 7.586480e-01 7.768000e-03 2.335840e-01
172 7.573880e-01 7.768000e-03 2.348440e-01
173 7.561360e-01 7.652000e-03 2.362120e-01
174 7.548280e-01 7.632000e-03 2.375400e-01
175 7.533920e-01 7.632000e-03 2.389760e-01
176 7.520680e-01 7.600000e-03 2.403320e-01
177 7.507080e-01 7.592000e-03 2.417000e-01
178 7.494520e-01 7.524000e-03 2.430240e-01
179 7.483120e-01 7.260000e-03 2.444280e-01
180 7.470480e-01 7.308000e-03 2.456440e-01
181 7.458520e-01 7.196000e-03 2.469520e-01
182 7.446360e-01 7.156000e-03 2.482080e-01
183 7.434120e-01 7.080000e-03 2.495080e-01
184 7.423080e-01 6.900000e-03 2.507920e-01
185 7.412120e-01 6.748000e-03 2.520400e-01
186 7.401480e-01 6.560000e-03 2.532920e-01
187 7.390520e-01 6.496000e-03 2.544520e-01
188 7.379440e-01 6.452000e-03 2.556040e-01
189 7.367960e-01 6.508000e-03 2.566960e-01
190 7.356840e-01 6.368000e-03 2.579480e-01
191 7.345520e-01 6.400000e-03 2.590480e-01
192 7.334280e-01 6.496000e-03 2.600760e-01
193 7.322560e-01 6.540000e-03 2.612040e-01
194 7.311560e-01 6.456000e-03 2.623880e-01
195 7.300800e-01 6.360000e-03 2.635600e-01
196 7.289720e-01 6.396000e-03 2.646320e-01
197 7.278800e-01 6.376000e-03 2.657440e-01
198 7.267880e-01 6.404000e-03 2.668080e-01
199 7.258160e-01 6.192000e-03 2.679920e-01
200 7.248560e-01 6.100000e-03 2.690440e-01
201 7.237880e-01 6.072000e-03 2.701400e-01
202 7.226880e-01 6.068000e-03 2.712440e-01
203 7.216160e-01 6.108000e-03 2.722760e-01
204 7.205360e-01 6.144000e-03 2.733200e-01
205 7.195120e-01 6.120000e-03 2.743680e-01
206 7.184360e-01 6.092000e-03 2.754720e-01
207 7.174800e-01 6.096000e-03 2.764240e-01
208 7.165160e-01 5.956000e-03 2.775280e-01
209 7.155360e-01 5.936000e-03 2.785280e-01
210 7.144200e-01 6.040000e-03 2.795400e-01
211 7.135360e-01 5.816000e-03 2.806480e-01
212 7.125600e-01 5.824000e-03 2.816160e-01
213 7.116280e-01 5.652000e-03 2.827200e-01
214 7.107920e-01 5.504000e-03 2.837040e-01
215 7.099560e-01 5.424000e-03 2.846200e-01
216 7.091440e-01 5.244000e-03 2.856120e-01
217 7.083040e-01 5.096000e-03 2.866000e-01
218 7.074960e-01 5.032000e-03 2.874720e-01
219 7.067400e-01 4.832000e-03 2.884280e-01
220 7.059160e-01 4.812000e-03 2.892720e-01
221 7.051680e-01 4.676000e-03 2.901560e-01
222 7.043600e-01 4.628000e-03 2.910120e-01
223 7.035720e-01 4.608000e-03 2.918200e-01
224 7.027400e-01 4.644000e-03 2.926160e-01
225 7.020600e-01 4.484000e-03 2.934560e-01
226 7.013480e-01 4.428000e-03 2.942240e-01
227 7.005600e-01 4.424000e-03 2.950160e-01
228 6.997240e-01 4.472000e-03 2.958040e-01
229 6.989160e-01 4.536000e-03 2.965480e-01
230 6.983000e-01 4.368000e-03 2.973320e-01
231 6.975800e-01 4.284000e-03 2.981360e-01
232 6.970040e-01 4.176000e-03 2.988200e-01
233 6.962160e-01 4.148000e-03 2.996360e-01
234 6.956080e-01 4.084000e-03 3.003080e-01
235 6.950720e-01 3.928000e-03 3.010000e-01
236 6.943920e-01 3.848000e-03 3.017600e-01
237 6.938000e-01 3.824000e-03 3.023760e-01
238 6.931880e-01 3.764000e-03 3.030480e-01
239 6.924360e-01 3.784000e-03 3.037800e-01
240 6.917320e-01 3.880000e-03 3.043880e-01
241 6.911120e-01 3.820000e-03 3.050680e-01
242 6.904640e-01 3.828000e-03 3.057080e-01
243 6.898920e-01 3.724000e-03 3.063840e-01
244 6.892360e-01 3.688000e-03 3.070760e-01
245 6.885800e-01 3.728000e-03 3.076920e-01
246 6.879680e-01 3.724000e-03 3.083080e-01
247 6.872680e-01 3.696000e-03 3.090360e-01
248 6.866640e-01 3.652000e-03 3.096840e-01
249 6.860560e-01 3.668000e-03 3.102760e-01
250 6.853920e-01 3.712000e-03 3.108960e-01
251 6.846800e-01 3.752000e-03 3.115680e-01
252 6.840600e-01 3.708000e-03 3.122320e-01
253 6.835160e-01 3.624000e-03 3.128600e-01
254 6.829680e-01 3.504000e-03 3.135280e-01
255 6.823400e-01 3.548000e-03 3.141120e-01
256 6.817200e-01 3.540000e-03 3.147400e-01
257 6.811120e-01 3.500000e-03 3.153880e-01
258 6.805200e-01 3.432000e-03 3.160480e-01
259 6.798040e-01 3.476000e-03 3.167200e-01
260 6.791760e-01 3.452000e-03 3.173720e-01
261 6.785120e-01 3.492000e-03 3.179960e-01
262 6.779440e-01 3.452000e-03 3.186040e-01
263 6.773280e-01 3.396000e-03 3.192760e-01
264 6.766600e-01 3.536000e-03 3.198040e-01
265 6.759880e-01 3.592000e-03 3.204200e-01
266 6.752920e-01 3.692000e-03 3.210160e-01
267 6.746120e-01 3.748000e-03 3.216400e-01
268 6.739800e-01 3.676000e-03 3.223440e-01
269 6.732960e-01 3.756000e-03 3.229480e-01
270 6.726120e-01 3.692000e-03 3.236960e-01
271 6.719120e-01 3.752000e-03 3.243360e-01
272 6.712760e-01 3.640000e-03 3.250840e-01
273 6.707360e-01 3.544000e-03 3.257200e-01
274 6.700840e-01 3.576000e-03 3.263400e-01
275 6.695080e-01 3.500000e-03 3.269920e-01
276 6.689440e-01 3.424000e-03 3.276320e-01
277 6.682960e-01 3.472000e-03 3.282320e-01
278 6.677000e-01 3.492000e-03 3.288080e-01
279 6.672480e-01 3.296000e-03 3.294560e-01
280 6.666760e-01 3.316000e-03 3.300080e-01
281 6.661720e-01 3.248000e-03 3.305800e-01
282 6.656680e-01 3.176000e-03 3.311560e-01
283 6.651320e-01 3.128000e-03 3.317400e-01
284 6.646360e-01 3.084000e-03 3.322800e-01
285 6.641520e-01 3.044000e-03 3.328040e-01
286 6.636360e-01 3.016000e-03 3.333480e-01
287 6.631000e-01 3.036000e-03 3.338640e-01
288 6.625200e-01 3.088000e-03 3.343920e-01
289 6.619640e-01 3.100000e-03 3.349360e-01
290 6.614920e-01 2.984000e-03 3.355240e-01
291 6.609920e-01 2.996000e-03 3.360120e-01
292 6.604520e-01 3.092000e-03 3.364560e-01
293 6.600040e-01 3.024000e-03 3.369720e-01
294 6.595040e-01 3.012000e-03 3.374840e-01
295 6.589920e-01 3.044000e-03 3.379640e-01
296 6.585200e-01 3.052000e-03 3.384280e-01
297 6.579360e-01 3.224000e-03 3.388400e-01
298 6.574640e-01 3.128000e-03 3.394080e-01
299 6.570200e-01 3.020000e-03 3.399600e-01
300 6.565720e-01 2.888000e-03 3.405400e-01
301 6.561320e-01 2.836000e-03 3.410320e-01
302 6.557360e-01 2.680000e-03 3.415840e-01
303 6.553440e-01 2.624000e-03 3.420320e-01
304 6.550200e-01 2.440000e-03 3.425400e-01
305 6.545920e-01 2.436000e-03 3.429720e-01
306 6.542680e-01 2.264000e-03 3.434680e-01
307 6.538920e-01 2.256000e-03 3.438520e-01
308 6.535120e-01 2.240000e-03 3.442480e-01
309 6.530640e-01 2.304000e-03 3.446320e-01
310 6.525960e-01 2.372000e-03 3.450320e-01
311 6.522040e-01 2.328000e-03 3.454680e-01
312 6.518400e-01 2.272000e-03 3.458880e-01
313 6.513520e-01 2.344000e-03 3.463040e-01
314 6.509520e-01 2.328000e-03 3.467200e-01
315 6.506440e-01 2.228000e-03 3.471280e-01
316 6.502640e-01 2.232000e-03 3.475040e-01
317 6.499120e-01 2.212000e-03 3.478760e-01
318 6.496240e-01 2.108000e-03 3.482680e-01
319 6.493520e-01 1.984000e-03 3.486640e-01
320 6.490720e-01 1.924000e-03 3.490040e-01
321 6.488160e-01 1.856000e-03 3.493280e-01
322 6.485360e-01 1.804000e-03 3.496600e-01
323 6.483040e-01 1.704000e-03 3.499920e-01
324 6.480120e-01 1.708000e-03 3.502800e-01
325 6.477280e-01 1.652000e-03 3.506200e-01
326 6.474720e-01 1.620000e-03 3.509080e-01
327 6.471960e-01 1.560000e-03 3.512440e-01
328 6.468640e-01 1.604000e-03 3.515320e-01
329 6.465720e-01 1.588000e-03 3.518400e-01
330 6.462280e-01 1.656000e-03 3.521160e-01
331 6.459960e-01 1.584000e-03 3.524200e-01
332 6.456720e-01 1.628000e-03 3.527000e-01
333 6.453080e-01 1.688000e-03 3.530040e-01
334 6.449720e-01 1.748000e-03 3.532800e-01
335 6.446160e-01 1.808000e-03 3.535760e-01
336 6.442800e-01 1.840000e-03 3.538800e-01
337 6.439120e-01 1.884000e-03 3.542040e-01
338 6.435920e-01 1.908000e-03 3.545000e-01
339 6.432040e-01 2.016000e-03 3.547800e-01
340 6.429520e-01 1.872000e-03 3.551760e-01
341 6.426680e-01 1.852000e-03 3.554800e-01
342 6.423240e-01 1.896000e-03 3.557800e-01
343 6.419880e-01 1.928000e-03 3.560840e-01
344 6.416200e-01 1.984000e-03 3.563960e-01
345 6.412520e-01 1.988000e-03 3.567600e-01
346 6.409440e-01 1.964000e-03 3.570920e-01
347 6.406600e-01 1.892000e-03 3.574480e-01
348 6.403440e-01 1.900000e-03 3.577560e-01
349 6.400960e-01 1.852000e-03 3.580520e-01
350 6.398240e-01 1.836000e-03 3.583400e-01
351 6.395080e-01 1.800000e-03 3.586920e-01
352 6.392360e-01 1.724000e-03 3.590400e-01
353 6.389520e-01 1.712000e-03 3.593360e-01
354 6.387440e-01 1.640000e-03 3.596160e-01
355 6.384320e-01 1.660000e-03 3.599080e-01
356 6.380760e-01 1.736000e-03 3.601880e-01
357 6.377520e-01 1.732000e-03 3.605160e-01
358 6.373600e-01 1.756000e-03 3.608840e-01
359 6.370200e-01 1.812000e-03 3.611680e-01
360 6.366800e-01 1.832000e-03 3.614880e-01
361 6.363280e-01 1.832000e-03 3.618400e-01
362 6.359440e-01 1.884000e-03 3.621720e-01
363 6.356280e-01 1.860000e-03 3.625120e-01
364 6.353640e-01 1.752000e-03 3.628840e-01
365 6.350080e-01 1.816000e-03 3.631760e-01
366 6.347280e-01 1.772000e-03 3.635000e-01
367 6.343760e-01 1.876000e-03 3.637480e-01
368 6.340680e-01 1.876000e-03 3.640560e-01
369 6.337520e-01 1.940000e-03 3.643080e-01
370 6.334160e-01 1.952000e-03 3.646320e-01
371 6.331440e-01 1.860000e-03 3.649960e-01
372 6.328920e-01 1.836000e-03 3.652720e-01
373 6.326640e-01 1.736000e-03 3.656000e-01
374 6.324640e-01 1.676000e-03 3.658600e-01
375 6.321600e-01 1.720000e-03 3.661200e-01
376 6.318760e-01 1.720000e-03 3.664040e-01
377 6.315880e-01 1.736000e-03 3.666760e-01
378 6.312680e-01 1.732000e-03 3.670000e-01
379 6.309800e-01 1.752000e-03 3.672680e-01
380 6.306440e-01 1.776000e-03 3.675800e-01
381 6.303560e-01 1.808000e-03 3.678360e-01
382 6.300400e-01 1.816000e-03 3.681440e-01
383 6.297520e-01 1.836000e-03 3.684120e-01
384 6.294840e-01 1.808000e-03 3.687080e-01
385 6.291960e-01 1.756000e-03 3.690480e-01
386 6.289000e-01 1.748000e-03 3.693520e-01
387 6.286160e-01 1.684000e-03 3.697000e-01
388 6.283680e-01 1.592000e-03 3.700400e-01
389 6.281120e-01 1.540000e-03 3.703480e-01
390 6.279200e-01 1.432000e-03 3.706480e-01
391 6.277000e-01 1.360000e-03 3.709400e-01
392 6.274680e-01 1.392000e-03 3.711400e-01
393 6.272560e-01 1.376000e-03 3.713680e-01
394 6.270200e-01 1.360000e-03 3.716200e-01
395 6.267640e-01 1.372000e-03 3.718640e-01
396 6.265640e-01 1.316000e-03 3.721200e-01
397 6.263880e-01 1.304000e-03 3.723080e-01
398 6.261800e-01 1.224000e-03 3.725960e-01
399 6.259840e-01 1.208000e-03 3.728080e-01
400 6.257720e-01 1.224000e-03 3.730040e-01
401 6.256320e-01 1.124000e-03 3.732440e-01
402 6.254720e-01 1.064000e-03 3.734640e-01
403 6.253200e-01 1.032000e-03 3.736480e-01
404 6.251320e-01 1.016000e-03 3.738520e-01
405 6.249640e-01 9.760000e-04 3.740600e-01
406 6.247760e-01 9.960000e-04 3.742280e-01
407 6.245840e-01 1.044000e-03 3.743720e-01
408 6.243960e-01 1.040000e-03 3.745640e-01
409 6.242040e-01 1.032000e-03 3.747640e-01
410 6.240200e-01 1.044000e-03 3.749360e-01
411 6.238760e-01 1.020000e-03 3.751040e-01
412 6.237200e-01 9.640000e-04 3.753160e-01
413 6.235760e-01 9.680000e-04 3.754560e-01
414 6.234200e-01 9.920000e-04 3.755880e-01
415 6.232400e-01 1.012000e-03 3.757480e-01
416 6.230680e-01 9.920000e-04 3.759400e-01
417 6.228960e-01 9.960000e-04 3.761080e-01
418 6.227160e-01 9.880000e-04 3.762960e-01
419 6.225960e-01 9.440000e-04 3.764600e-01
420 6.224600e-01 9.280000e-04 3.766120e-01
421 6.223120e-01 9.440000e-04 3.767440e-01
422 6.221280e-01 9.760000e-04 3.768960e-01
423 6.219080e-01 1.008000e-03 3.770840e-01
424 6.217360e-01 9.760000e-04 3.772880e-01
425 6.215200e-01 1.020000e-03 3.774600e-01
426 6.213240e-01 1.060000e-03 3.776160e-01
427 6.210800e-01 1.104000e-03 3.778160e-01
428 6.208320e-01 1.176000e-03 3.779920e-01
429 6.206680e-01 1.088000e-03 3.782440e-01
430 6.204960e-01 1.052000e-03 3.784520e-01
431 6.203000e-01 1.060000e-03 3.786400e-01
432 6.200240e-01 1.128000e-03 3.788480e-01
433 6.198560e-01 1.112000e-03 3.790320e-01
434 6.196640e-01 1.080000e-03 3.792560e-01
435 6.194400e-01 1.124000e-03 3.794360e-01
436 6.193080e-01 1.064000e-03 3.796280e-01
437 6.191600e-01 1.024000e-03 3.798160e-01
438 6.189680e-01 1.000000e-03 3.800320e-01
439 6.187960e-01 9.720000e-04 3.802320e-01
440 6.186480e-01 9.520000e-04 3.804000e-01
441 6.185120e-01 9.120000e-04 3.805760e-01
442 6.183720e-01 9.320000e-04 3.806960e-01
443 6.182200e-01 9.240000e-04 3.808560e-01
444 6.180320e-01 9.160000e-04 3.810520e-01
445 6.178240e-01 9.840000e-04 3.811920e-01
446 6.176200e-01 1.040000e-03 3.813400e-01
447 6.174040e-01 1.080000e-03 3.815160e-01
448 6.172000e-01 1.112000e-03 3.816880e-01
449 6.169880e-01 1.116000e-03 3.818960e-01
450 6.167840e-01 1.132000e-03 3.820840e-01
451 6.166400e-01 1.064000e-03 3.822960e-01
452 6.164680e-01 1.036000e-03 3.824960e-01
453 6.162880e-01 1.036000e-03 3.826760e-01
454 6.161360e-01 1.008000e-03 3.828560e-01
455 6.160440e-01 9.000000e-04 3.830560e-01
456 6.158600e-01 8.680000e-04 3.832720e-01
457 6.157240e-01 8.240000e-04 3.834520e-01
458 6.156440e-01 7.760000e-04 3.835800e-01
459 6.155400e-01 7.480000e-04 3.837120e-01
460 6.154320e-01 7.200000e-04 3.838480e-01
461 6.153400e-01 7.000000e-04 3.839600e-01
462 6.152120e-01 7.240000e-04 3.840640e-01
463 6.150960e-01 6.680000e-04 3.842360e-01
464 6.149920e-01 6.480000e-04 3.843600e-01
465 6.148840e-01 6.480000e-04 3.844680e-01
466 6.148200e-01 6.160000e-04 3.845640e-01
467 6.147440e-01 5.880000e-04 3.846680e-01
468 6.146480e-01 5.840000e-04 3.847680e-01
469 6.145320e-01 6.120000e-04 3.848560e-01
470 6.144200e-01 6.360000e-04 3.849440e-01
471 6.143320e-01 6.120000e-04 3.850560e-01
472 6.142600e-01 5.760000e-04 3.851640e-01
473 6.141520e-01 5.880000e-04 3.852600e-01
474 6.140320e-01 6.200000e-04 3.853480e-01
475 6.139600e-01 5.800000e-04 3.854600e-01
476 6.138560e-01 5.760000e-04 3.855680e-01
477 6.137320e-01 6.200000e-04 3.856480e-01
478 6.136040e-01 6.320000e-04 3.857640e-01
479 6.134680e-01 6.600000e-04 3.858720e-01
480 6.133760e-01 6.080000e-04 3.860160e-01
481 6.132520e-01 6.200000e-04 3.861280e-01
482 6.131360e-01 6.080000e-04 3.862560e-01
483 6.130280e-01 6.160000e-04 3.863560e-01
484 6.129200e-01 6.200000e-04 3.864600e-01
485 6.128280e-01 5.880000e-04 3.865840e-01
486 6.127160e-01 6.120000e-04 3.866720e-01
487 6.125880e-01 6.440000e-04 3.867680e-01
488 6.124920e-01 6.400000e-04 3.868680e-01
489 6.124080e-01 6.080000e-04 3.869840e-01
490 6.123120e-01 6.240000e-04 3.870640e-01
491 6.122000e-01 6.280000e-04 3.871720e-01
492 6.120840e-01 6.680000e-04 3.872480e-01
493 6.119400e-01 7.320000e-04 3.873280e-01
494 6.118120e-01 7.120000e-04 3.874760e-01
495 6.116640e-01 7.280000e-04 3.876080e-01
496 6.115560e-01 7.160000e-04 3.877280e-01
497 6.114560e-01 6.920000e-04 3.878520e-01
498 6.113200e-01 7.080000e-04 3.879720e-01
499 6.111600e-01 7.240000e-04 3.881160e-01
500 6.110480e-01 7.200000e-04 3.882320e-01
