1 9.992440e-01 6.880000e-04 6.800000e-05
2 9.987200e-01 1.064000e-03 2.160000e-04
3 9.980440e-01 1.536000e-03 4.200000e-04
4 9.972480e-01 1.980000e-03 7.720000e-04
5 9.963840e-01 2.432000e-03 1.184000e-03
6 9.955360e-01 2.908000e-03 1.556000e-03
7 9.946000e-01 3.244000e-03 2.156000e-03
8 9.935920e-01 3.676000e-03 2.732000e-03
9 9.925680e-01 4.096000e-03 3.336000e-03
10 9.914800e-01 4.424000e-03 4.096000e-03
11 9.903160e-01 4.844000e-03 4.840000e-03
12 9.890720e-01 5.264000e-03 5.664000e-03
13 9.879520e-01 5.376000e-03 6.672000e-03
14 9.866600e-01 5.780000e-03 7.560000e-03
15 9.855120e-01 5.808000e-03 8.680000e-03
16 9.842800e-01 5.932000e-03 9.788000e-03
17 9.830720e-01 6.064000e-03 1.086400e-02
18 9.817520e-01 6.276000e-03 1.197200e-02
19 9.805640e-01 6.236000e-03 1.320000e-02
20 9.791320e-01 6.440000e-03 1.442800e-02
21 9.777640e-01 6.676000e-03 1.556000e-02
22 9.763440e-01 6.956000e-03 1.670000e-02
23 9.750040e-01 7.120000e-03 1.787600e-02
24 9.735840e-01 7.316000e-03 1.910000e-02
25 9.720320e-01 7.644000e-03 2.032400e-02
26 9.705440e-01 7.908000e-03 2.154800e-02
27 9.688640e-01 8.228000e-03 2.290800e-02
28 9.671600e-01 8.508000e-03 2.433200e-02
29 9.654920e-01 8.748000e-03 2.576000e-02
30 9.639640e-01 8.696000e-03 2.734000e-02
31 9.623840e-01 8.760000e-03 2.885600e-02
32 9.607800e-01 8.876000e-03 3.034400e-02
33 9.592000e-01 8.952000e-03 3.184800e-02
34 9.575440e-01 8.904000e-03 3.355200e-02
35 9.558480e-01 8.904000e-03 3.524800e-02
36 9.541360e-01 9.024000e-03 3.684000e-02
37 9.527240e-01 8.908000e-03 3.836800e-02
38 9.510120e-01 9.036000e-03 3.995200e-02
39 9.493200e-01 9.192000e-03 4.148800e-02
40 9.475920e-01 9.484000e-03 4.292400e-02
41 9.457760e-01 9.644000e-03 4.458000e-02
42 9.440000e-01 9.736000e-03 4.626400e-02
43 9.422440e-01 9.836000e-03 4.792000e-02
44 9.403320e-01 1.001600e-02 4.965200e-02
45 9.385280e-01 1.015200e-02 5.132000e-02
46 9.368080e-01 1.004800e-02 5.314400e-02
47 9.349680e-01 1.016400e-02 5.486800e-02
48 9.331160e-01 1.032000e-02 5.656400e-02
49 9.314480e-01 1.014800e-02 5.840400e-02
50 9.298600e-01 1.000800e-02 6.013200e-02
51 9.281360e-01 1.004800e-02 6.181600e-02
52 9.264680e-01 1.004800e-02 6.348400e-02
53 9.247880e-01 9.988000e-03 6.522400e-02
54 9.229360e-01 1.015200e-02 6.691200e-02
55 9.211640e-01 1.014800e-02 6.868800e-02
56 9.194840e-01 9.976000e-03 7.054000e-02
57 9.176840e-01 9.988000e-03 7.232800e-02
58 9.159880e-01 1.000400e-02 7.400800e-02
59 9.141240e-01 1.016400e-02 7.571200e-02
60 9.124040e-01 1.003600e-02 7.756000e-02
61 9.109960e-01 9.512000e-03 7.949200e-02
62 9.095600e-01 9.304000e-03 8.113600e-02
63 9.079280e-01 9.280000e-03 8.279200e-02
64 9.064680e-01 9.148000e-03 8.438400e-02
65 9.049720e-01 9.064000e-03 8.596400e-02
66 9.035200e-01 8.960000e-03 8.752000e-02
67 9.019600e-01 8.968000e-03 8.907200e-02
68 9.000840e-01 9.332000e-03 9.058400e-02
69 8.985440e-01 9.216000e-03 9.224000e-02
70 8.969000e-01 9.372000e-03 9.372800e-02
71 8.953240e-01 9.392000e-03 9.528400e-02
72 8.936840e-01 9.456000e-03 9.686000e-02
73 8.919440e-01 9.664000e-03 9.839200e-02
74 8.902840e-01 9.480000e-03 1.002360e-01
75 8.885520e-01 9.600000e-03 1.018480e-01
76 8.869320e-01 9.468000e-03 1.036000e-01
77 8.853040e-01 9.388000e-03 1.053080e-01
78 8.837320e-01 9.420000e-03 1.068480e-01
79 8.820520e-01 9.516000e-03 1.084320e-01
80 8.803880e-01 9.572000e-03 1.100400e-01
81 8.787920e-01 9.532000e-03 1.116760e-01
82 8.772000e-01 9.516000e-03 1.132840e-01
83 8.753720e-01 9.712000e-03 1.149160e-01
84 8.736720e-01 9.688000e-03 1.166400e-01
85 8.720040e-01 9.636000e-03 1.183600e-01
86 8.703760e-01 9.548000e-03 1.200760e-01
87 8.688360e-01 9.496000e-03 1.216680e-01
88 8.672240e-01 9.448000e-03 1.233280e-01
89 8.654520e-01 9.536000e-03 1.250120e-01
90 8.637600e-01 9.552000e-03 1.266880e-01
91 8.620520e-01 9.484000e-03 1.284640e-01
92 8.603320e-01 9.504000e-03 1.301640e-01
93 8.585600e-01 9.724000e-03 1.317160e-01
94 8.568200e-01 9.696000e-03 1.334840e-01
95 8.552280e-01 9.672000e-03 1.351000e-01
96 8.535120e-01 9.828000e-03 1.366600e-01
97 8.518600e-01 9.804000e-03 1.383360e-01
98 8.500880e-01 9.764000e-03 1.401480e-01
99 8.485080e-01 9.596000e-03 1.418960e-01
100 8.466320e-01 9.832000e-03 1.435360e-01
101 8.451000e-01 9.660000e-03 1.452400e-01
102 8.432640e-01 9.824000e-03 1.469120e-01
103 8.413400e-01 9.988000e-03 1.486720e-01
104 8.395880e-01 1.002400e-02 1.503880e-01
105 8.375680e-01 1.031200e-02 1.521200e-01
106 8.357840e-01 1.026400e-02 1.539520e-01
107 8.340360e-01 1.014000e-02 1.558240e-01
108 8.323640e-01 1.006400e-02 1.575720e-01
109 8.307040e-01 9.996000e-03 1.593000e-01
110 8.290760e-01 9.940000e-03 1.609840e-01
111 8.275440e-01 9.824000e-03 1.626320e-01
112 8.258840e-01 9.820000e-03 1.642960e-01
113 8.242040e-01 9.784000e-03 1.660120e-01
114 8.225160e-01 9.732000e-03 1.677520e-01
115 8.208080e-01 9.672000e-03 1.695200e-01
116 8.190200e-01 9.716000e-03 1.712640e-01
117 8.172920e-01 9.728000e-03 1.729800e-01
118 8.154760e-01 9.824000e-03 1.747000e-01
119 8.138240e-01 9.756000e-03 1.764200e-01
120 8.121880e-01 9.760000e-03 1.780520e-01
121 8.105200e-01 9.800000e-03 1.796800e-01
122 8.090720e-01 9.568000e-03 1.813600e-01
123 8.075760e-01 9.256000e-03 1.831680e-01
124 8.060400e-01 9.084000e-03 1.848760e-01
125 8.045720e-01 8.844000e-03 1.865840e-01
126 8.031480e-01 8.612000e-03 1.882400e-01
127 8.016720e-01 8.448000e-03 1.898800e-01
128 8.004600e-01 8.128000e-03 1.914120e-01
129 7.990800e-01 8.008000e-03 1.929120e-01
130 7.976800e-01 8.016000e-03 1.943040e-01
131 7.961720e-01 8.168000e-03 1.956600e-01
132 7.946560e-01 8.284000e-03 1.970600e-01
133 7.932920e-01 8.172000e-03 1.985360e-01
134 7.919640e-01 8.176000e-03 1.998600e-01
135 7.905080e-01 8.172000e-03 2.013200e-01
136 7.893000e-01 7.892000e-03 2.028080e-01
137 7.880160e-01 7.960000e-03 2.040240e-01
138 7.866160e-01 8.000000e-03 2.053840e-01
139 7.852320e-01 7.976000e-03 2.067920e-01
140 7.837680e-01 8.164000e-03 2.080680e-01
141 7.822960e-01 8.200000e-03 2.095040e-01
142 7.809480e-01 8.000000e-03 2.110520e-01
143 7.795000e-01 8.068000e-03 2.124320e-01
144 7.782320e-01 7.924000e-03 2.138440e-01
145 7.769040e-01 7.888000e-03 2.152080e-01
146 7.756080e-01 7.784000e-03 2.166080e-01
147 7.743240e-01 7.668000e-03 2.180080e-01
148 7.730120e-01 7.732000e-03 2.192560e-01
149 7.717720e-01 7.600000e-03 2.206280e-01
150 7.704360e-01 7.536000e-03 2.220280e-01
151 7.691760e-01 7.476000e-03 2.233480e-01
152 7.678640e-01 7.560000e-03 2.245760e-01
153 7.666080e-01 7.436000e-03 2.259560e-01
154 7.652440e-01 7.536000e-03 2.272200e-01
155 7.636520e-01 7.664000e-03 2.286840e-01
156 7.625680e-01 7.420000e-03 2.300120e-01
157 7.614280e-01 7.216000e-03 2.313560e-01
158 7.603480e-01 6.964000e-03 2.326880e-01
159 7.590560e-01 7.044000e-03 2.339000e-01
160 7.578880e-01 6.884000e-03 2.352280e-01
161 7.566760e-01 6.936000e-03 2.363880e-01
162 7.555640e-01 6.956000e-03 2.374800e-01
163 7.543480e-01 6.884000e-03 2.387680e-01
164 7.533600e-01 6.636000e-03 2.400040e-01
165 7.521640e-01 6.744000e-03 2.410920e-01
166 7.509920e-01 6.780000e-03 2.422280e-01
167 7.497440e-01 6.880000e-03 2.433760e-01
168 7.486240e-01 6.860000e-03 2.445160e-01
169 7.475160e-01 6.828000e-03 2.456560e-01
170 7.465880e-01 6.564000e-03 2.468480e-01
171 7.454760e-01 6.452000e-03 2.480720e-01
172 7.444840e-01 6.424000e-03 2.490920e-01
173 7.434600e-01 6.176000e-03 2.503640e-01
174 7.424720e-01 6.116000e-03 2.514120e-01
175 7.414280e-01 6.104000e-03 2.524680e-01
176 7.403680e-01 6.116000e-03 2.535160e-01
177 7.394160e-01 6.052000e-03 2.545320e-01
178 7.384720e-01 5.888000e-03 2.556400e-01
179 7.375000e-01 5.868000e-03 2.566320e-01
180 7.365200e-01 5.864000e-03 2.576160e-01
181 7.355120e-01 5.788000e-03 2.587000e-01
182 7.345040e-01 5.780000e-03 2.597160e-01
183 7.335560e-01 5.736000e-03 2.607080e-01
184 7.325640e-01 5.584000e-03 2.618520e-01
185 7.317440e-01 5.396000e-03 2.628600e-01
186 7.307880e-01 5.468000e-03 2.637440e-01
187 7.297040e-01 5.556000e-03 2.647400e-01
188 7.286640e-01 5.652000e-03 2.656840e-01
189 7.276360e-01 5.672000e-03 2.666920e-01
190 7.266360e-01 5.736000e-03 2.676280e-01
191 7.255960e-01 5.780000e-03 2.686240e-01
192 7.245080e-01 5.796000e-03 2.696960e-01
193 7.234160e-01 5.920000e-03 2.706640e-01
194 7.222840e-01 5.992000e-03 2.717240e-01
195 7.211600e-01 6.056000e-03 2.727840e-01
196 7.201880e-01 6.012000e-03 2.738000e-01
197 7.192280e-01 5.888000e-03 2.748840e-01
198 7.181760e-01 5.860000e-03 2.759640e-01
199 7.172520e-01 5.708000e-03 2.770400e-01
200 7.162680e-01 5.676000e-03 2.780560e-01
201 7.153880e-01 5.616000e-03 2.789960e-01
202 7.145720e-01 5.436000e-03 2.799920e-01
203 7.137080e-01 5.312000e-03 2.809800e-01
204 7.127440e-01 5.412000e-03 2.818440e-01
205 7.118880e-01 5.328000e-03 2.827840e-01
206 7.109880e-01 5.368000e-03 2.836440e-01
207 7.101120e-01 5.336000e-03 2.845520e-01
208 7.091400e-01 5.324000e-03 2.855360e-01
209 7.081600e-01 5.472000e-03 2.863680e-01
210 7.072320e-01 5.432000e-03 2.873360e-01
211 7.062920e-01 5.440000e-03 2.882680e-01
212 7.054200e-01 5.328000e-03 2.892520e-01
213 7.046000e-01 5.212000e-03 2.901880e-01
214 7.036720e-01 5.172000e-03 2.911560e-01
215 7.029040e-01 5.120000e-03 2.919760e-01
216 7.019920e-01 5.180000e-03 2.928280e-01
217 7.012120e-01 5.080000e-03 2.937080e-01
218 7.004760e-01 4.904000e-03 2.946200e-01
219 6.997240e-01 4.852000e-03 2.954240e-01
220 6.988120e-01 4.884000e-03 2.963040e-01
221 6.980400e-01 4.764000e-03 2.971960e-01
222 6.973040e-01 4.744000e-03 2.979520e-01
223 6.965760e-01 4.616000e-03 2.988080e-01
224 6.956680e-01 4.588000e-03 2.997440e-01
225 6.949600e-01 4.536000e-03 3.005040e-01
226 6.940560e-01 4.680000e-03 3.012640e-01
227 6.931400e-01 4.656000e-03 3.022040e-01
228 6.922440e-01 4.704000e-03 3.030520e-01
229 6.914120e-01 4.712000e-03 3.038760e-01
230 6.904840e-01 4.780000e-03 3.047360e-01
231 6.896600e-01 4.716000e-03 3.056240e-01
232 6.887560e-01 4.820000e-03 3.064240e-01
233 6.879480e-01 4.776000e-03 3.072760e-01
234 6.872520e-01 4.756000e-03 3.079920e-01
235 6.864200e-01 4.804000e-03 3.087760e-01
236 6.855360e-01 4.804000e-03 3.096600e-01
237 6.847520e-01 4.800000e-03 3.104480e-01
238 6.839600e-01 4.836000e-03 3.112040e-01
239 6.831720e-01 4.732000e-03 3.120960e-01
240 6.823640e-01 4.736000e-03 3.129000e-01
241 6.816320e-01 4.624000e-03 3.137440e-01
242 6.809760e-01 4.500000e-03 3.145240e-01
243 6.802080e-01 4.476000e-03 3.153160e-01
244 6.796000e-01 4.368000e-03 3.160320e-01
245 6.789320e-01 4.272000e-03 3.167960e-01
246 6.782400e-01 4.304000e-03 3.174560e-01
247 6.775520e-01 4.308000e-03 3.181400e-01
248 6.769080e-01 4.360000e-03 3.187320e-01
249 6.761440e-01 4.444000e-03 3.194120e-01
250 6.754360e-01 4.424000e-03 3.201400e-01
251 6.747640e-01 4.392000e-03 3.208440e-01
252 6.740280e-01 4.308000e-03 3.216640e-01
253 6.732480e-01 4.376000e-03 3.223760e-01
254 6.724920e-01 4.376000e-03 3.231320e-01
255 6.716320e-01 4.548000e-03 3.238200e-01
256 6.707920e-01 4.616000e-03 3.245920e-01
257 6.700040e-01 4.548000e-03 3.254480e-01
258 6.692200e-01 4.584000e-03 3.261960e-01
259 6.684240e-01 4.548000e-03 3.270280e-01
260 6.676840e-01 4.432000e-03 3.278840e-01
261 6.669760e-01 4.352000e-03 3.286720e-01
262 6.662560e-01 4.340000e-03 3.294040e-01
263 6.655160e-01 4.292000e-03 3.301920e-01
264 6.648000e-01 4.200000e-03 3.310000e-01
265 6.640360e-01 4.240000e-03 3.317240e-01
266 6.632680e-01 4.272000e-03 3.324600e-01
267 6.624600e-01 4.292000e-03 3.332480e-01
268 6.617320e-01 4.320000e-03 3.339480e-01
269 6.609440e-01 4.384000e-03 3.346720e-01
270 6.602600e-01 4.236000e-03 3.355040e-01
271 6.594400e-01 4.248000e-03 3.363120e-01
272 6.587080e-01 4.296000e-03 3.369960e-01
273 6.581200e-01 4.184000e-03 3.376960e-01
274 6.575240e-01 4.056000e-03 3.384200e-01
275 6.569560e-01 3.944000e-03 3.391000e-01
276 6.561960e-01 4.016000e-03 3.397880e-01
277 6.555600e-01 3.996000e-03 3.404440e-01
278 6.548760e-01 4.004000e-03 3.411200e-01
279 6.542280e-01 3.988000e-03 3.417840e-01
280 6.534640e-01 4.060000e-03 3.424760e-01
281 6.527360e-01 4.120000e-03 3.431440e-01
282 6.519720e-01 4.160000e-03 3.438680e-01
283 6.513480e-01 4.028000e-03 3.446240e-01
284 6.508080e-01 3.916000e-03 3.452760e-01
285 6.502280e-01 3.788000e-03 3.459840e-01
286 6.497520e-01 3.572000e-03 3.466760e-01
287 6.492400e-01 3.464000e-03 3.472960e-01
288 6.487880e-01 3.384000e-03 3.478280e-01
289 6.483000e-01 3.336000e-03 3.483640e-01
290 6.478000e-01 3.324000e-03 3.488760e-01
291 6.472720e-01 3.296000e-03 3.494320e-01
292 6.467200e-01 3.280000e-03 3.500000e-01
293 6.462840e-01 3.160000e-03 3.505560e-01
294 6.457160e-01 3.196000e-03 3.510880e-01
295 6.451720e-01 3.196000e-03 3.516320e-01
296 6.447120e-01 3.076000e-03 3.522120e-01
297 6.442120e-01 2.996000e-03 3.527920e-01
298 6.436080e-01 3.124000e-03 3.532680e-01
299 6.430120e-01 3.180000e-03 3.538080e-01
300 6.423800e-01 3.248000e-03 3.543720e-01
301 6.417520e-01 3.300000e-03 3.549480e-01
302 6.411880e-01 3.176000e-03 3.556360e-01
303 6.406920e-01 3.124000e-03 3.561840e-01
304 6.402000e-01 3.084000e-03 3.567160e-01
305 6.397800e-01 2.940000e-03 3.572800e-01
306 6.392680e-01 2.896000e-03 3.578360e-01
307 6.387760e-01 2.880000e-03 3.583440e-01
308 6.383200e-01 2.784000e-03 3.588960e-01
309 6.377840e-01 2.784000e-03 3.594320e-01
310 6.372240e-01 2.888000e-03 3.598880e-01
311 6.366080e-01 2.992000e-03 3.604000e-01
312 6.361520e-01 2.916000e-03 3.609320e-01
313 6.356960e-01 2.876000e-03 3.614280e-01
314 6.352840e-01 2.780000e-03 3.619360e-01
315 6.348360e-01 2.764000e-03 3.624000e-01
316 6.343040e-01 2.788000e-03 3.629080e-01
317 6.337760e-01 2.776000e-03 3.634480e-01
318 6.331960e-01 2.856000e-03 3.639480e-01
319 6.327040e-01 2.852000e-03 3.644440e-01
320 6.320320e-01 3.020000e-03 3.649480e-01
321 6.314640e-01 3.096000e-03 3.654400e-01
322 6.309600e-01 2.992000e-03 3.660480e-01
323 6.304160e-01 3.032000e-03 3.665520e-01
324 6.298720e-01 3.068000e-03 3.670600e-01
325 6.293800e-01 2.968000e-03 3.676520e-01
326 6.288760e-01 2.944000e-03 3.681800e-01
327 6.283000e-01 3.028000e-03 3.686720e-01
328 6.277560e-01 3.044000e-03 3.692000e-01
329 6.271480e-01 3.188000e-03 3.696640e-01
330 6.264880e-01 3.200000e-03 3.703120e-01
331 6.259200e-01 3.236000e-03 3.708440e-01
332 6.253520e-01 3.268000e-03 3.713800e-01
333 6.248080e-01 3.288000e-03 3.719040e-01
334 6.242120e-01 3.276000e-03 3.725120e-01
335 6.237560e-01 3.208000e-03 3.730360e-01
336 6.232040e-01 3.196000e-03 3.736000e-01
337 6.226920e-01 3.132000e-03 3.741760e-01
338 6.221640e-01 3.112000e-03 3.747240e-01
339 6.216960e-01 3.088000e-03 3.752160e-01
340 6.211720e-01 3.112000e-03 3.757160e-01
341 6.206360e-01 3.168000e-03 3.761960e-01
342 6.202160e-01 2.948000e-03 3.768360e-01
343 6.197680e-01 2.880000e-03 3.773520e-01
344 6.193520e-01 2.732000e-03 3.779160e-01
345 6.188800e-01 2.712000e-03 3.784080e-01
346 6.184280e-01 2.724000e-03 3.788480e-01
347 6.180040e-01 2.748000e-03 3.792480e-01
348 6.174760e-01 2.756000e-03 3.797680e-01
349 6.170320e-01 2.720000e-03 3.802480e-01
350 6.165760e-01 2.700000e-03 3.807240e-01
351 6.161040e-01 2.772000e-03 3.811240e-01
352 6.156440e-01 2.720000e-03 3.816360e-01
353 6.151520e-01 2.692000e-03 3.821560e-01
354 6.147680e-01 2.620000e-03 3.826120e-01
355 6.143840e-01 2.596000e-03 3.830200e-01
356 6.140440e-01 2.492000e-03 3.834640e-01
357 6.136520e-01 2.428000e-03 3.839200e-01
358 6.132600e-01 2.316000e-03 3.844240e-01
359 6.128760e-01 2.312000e-03 3.848120e-01
360 6.125440e-01 2.236000e-03 3.852200e-01
361 6.122200e-01 2.176000e-03 3.856040e-01
362 6.118880e-01 2.140000e-03 3.859720e-01
363 6.115360e-01 2.092000e-03 3.863720e-01
364 6.111200e-01 2.124000e-03 3.867560e-01
365 6.107680e-01 2.128000e-03 3.871040e-01
366 6.103880e-01 2.176000e-03 3.874360e-01
367 6.100640e-01 2.160000e-03 3.877760e-01
368 6.096720e-01 2.168000e-03 3.881600e-01
369 6.092880e-01 2.200000e-03 3.885120e-01
370 6.089000e-01 2.220000e-03 3.888800e-01
371 6.085360e-01 2.148000e-03 3.893160e-01
372 6.081600e-01 2.080000e-03 3.897600e-01
373 6.078720e-01 1.944000e-03 3.901840e-01
374 6.075000e-01 1.984000e-03 3.905160e-01
375 6.070960e-01 2.028000e-03 3.908760e-01
376 6.067680e-01 2.048000e-03 3.911840e-01
377 6.064560e-01 2.084000e-03 3.914600e-01
378 6.061440e-01 2.084000e-03 3.917720e-01
379 6.056960e-01 2.128000e-03 3.921760e-01
380 6.053760e-01 2.040000e-03 3.925840e-01
381 6.050120e-01 2.056000e-03 3.929320e-01
382 6.047040e-01 2.036000e-03 3.932600e-01
383 6.043680e-01 1.984000e-03 3.936480e-01
384 6.040040e-01 2.000000e-03 3.939960e-01
385 6.037000e-01 1.928000e-03 3.943720e-01
386 6.033760e-01 1.940000e-03 3.946840e-01
387 6.030800e-01 1.864000e-03 3.950560e-01
388 6.028200e-01 1.756000e-03 3.954240e-01
389 6.025400e-01 1.744000e-03 3.957160e-01
390 6.022520e-01 1.712000e-03 3.960360e-01
391 6.020680e-01 1.616000e-03 3.963160e-01
392 6.018560e-01 1.476000e-03 3.966680e-01
393 6.016000e-01 1.468000e-03 3.969320e-01
394 6.013400e-01 1.428000e-03 3.972320e-01
395 6.011120e-01 1.392000e-03 3.974960e-01
396 6.009080e-01 1.368000e-03 3.977240e-01
397 6.007040e-01 1.304000e-03 3.979920e-01
398 6.004760e-01 1.380000e-03 3.981440e-01
399 6.002520e-01 1.360000e-03 3.983880e-01
400 6.000640e-01 1.316000e-03 3.986200e-01
401 5.998960e-01 1.228000e-03 3.988760e-01
402 5.996960e-01 1.212000e-03 3.990920e-01
403 5.994880e-01 1.180000e-03 3.993320e-01
404 5.993120e-01 1.156000e-03 3.995320e-01
405 5.990680e-01 1.168000e-03 3.997640e-01
406 5.988320e-01 1.148000e-03 4.000200e-01
407 5.985920e-01 1.208000e-03 4.002000e-01
408 5.983280e-01 1.268000e-03 4.004040e-01
409 5.981680e-01 1.188000e-03 4.006440e-01
410 5.979000e-01 1.232000e-03 4.008680e-01
411 5.976440e-01 1.292000e-03 4.010640e-01
412 5.974480e-01 1.284000e-03 4.012680e-01
413 5.971800e-01 1.324000e-03 4.014960e-01
414 5.969720e-01 1.284000e-03 4.017440e-01
415 5.968000e-01 1.196000e-03 4.020040e-01
416 5.966120e-01 1.184000e-03 4.022040e-01
417 5.964160e-01 1.184000e-03 4.024000e-01
418 5.961760e-01 1.180000e-03 4.026440e-01
419 5.959600e-01 1.164000e-03 4.028760e-01
420 5.956760e-01 1.276000e-03 4.030480e-01
421 5.954360e-01 1.244000e-03 4.033200e-01
422 5.952160e-01 1.232000e-03 4.035520e-01
423 5.950200e-01 1.216000e-03 4.037640e-01
424 5.947880e-01 1.272000e-03 4.039400e-01
425 5.945200e-01 1.300000e-03 4.041800e-01
426 5.943200e-01 1.300000e-03 4.043800e-01
427 5.941120e-01 1.324000e-03 4.045640e-01
428 5.938320e-01 1.352000e-03 4.048160e-01
429 5.935240e-01 1.420000e-03 4.050560e-01
430 5.932760e-01 1.432000e-03 4.052920e-01
431 5.930400e-01 1.480000e-03 4.054800e-01
432 5.927920e-01 1.460000e-03 4.057480e-01
433 5.925480e-01 1.420000e-03 4.060320e-01
434 5.923040e-01 1.432000e-03 4.062640e-01
435 5.920480e-01 1.468000e-03 4.064840e-01
436 5.918040e-01 1.424000e-03 4.067720e-01
437 5.916120e-01 1.360000e-03 4.070280e-01
438 5.914240e-01 1.348000e-03 4.072280e-01
439 5.912800e-01 1.304000e-03 4.074160e-01
440 5.911040e-01 1.264000e-03 4.076320e-01
441 5.909200e-01 1.256000e-03 4.078240e-01
442 5.907120e-01 1.280000e-03 4.080080e-01
443 5.905840e-01 1.200000e-03 4.082160e-01
444 5.903600e-01 1.248000e-03 4.083920e-01
445 5.901560e-01 1.208000e-03 4.086360e-01
446 5.899440e-01 1.212000e-03 4.088440e-01
447 5.896800e-01 1.220000e-03 4.091000e-01
448 5.894520e-01 1.208000e-03 4.093400e-01
449 5.892880e-01 1.168000e-03 4.095440e-01
450 5.891920e-01 1.072000e-03 4.097360e-01
451 5.890760e-01 1.032000e-03 4.098920e-01
452 5.889240e-01 1.020000e-03 4.100560e-01
453 5.888160e-01 9.600000e-04 4.102240e-01
454 5.886720e-01 9.440000e-04 4.103840e-01
455 5.885320e-01 9.520000e-04 4.105160e-01
456 5.883560e-01 9.400000e-04 4.107040e-01
457 5.882240e-01 8.920000e-04 4.108840e-01
458 5.881080e-01 8.720000e-04 4.110200e-01
459 5.880160e-01 8.280000e-04 4.111560e-01
460 5.879040e-01 7.600000e-04 4.113360e-01
461 5.877280e-01 8.480000e-04 4.114240e-01
462 5.876160e-01 8.680000e-04 4.115160e-01
463 5.874280e-01 9.120000e-04 4.116600e-01
464 5.872880e-01 8.680000e-04 4.118440e-01
465 5.871760e-01 8.000000e-04 4.120240e-01
466 5.870160e-01 8.000000e-04 4.121840e-01
467 5.868880e-01 7.800000e-04 4.123320e-01
468 5.866760e-01 8.640000e-04 4.124600e-01
469 5.865240e-01 8.440000e-04 4.126320e-01
470 5.863800e-01 8.360000e-04 4.127840e-01
471 5.862840e-01 8.160000e-04 4.129000e-01
472 5.861280e-01 8.480000e-04 4.130240e-01
473 5.859560e-01 8.320000e-04 4.132120e-01
474 5.857880e-01 8.480000e-04 4.133640e-01
475 5.856880e-01 8.000000e-04 4.135120e-01
476 5.855440e-01 8.120000e-04 4.136440e-01
477 5.854160e-01 8.280000e-04 4.137560e-01
478 5.852680e-01 8.520000e-04 4.138800e-01
479 5.850960e-01 8.760000e-04 4.140280e-01
480 5.850000e-01 8.640000e-04 4.141360e-01
481 5.848640e-01 8.520000e-04 4.142840e-01
482 5.847760e-01 8.000000e-04 4.144240e-01
483 5.846320e-01 8.120000e-04 4.145560e-01
484 5.845240e-01 7.600000e-04 4.147160e-01
485 5.843960e-01 7.720000e-04 4.148320e-01
486 5.842760e-01 7.480000e-04 4.149760e-01
487 5.841280e-01 7.600000e-04 4.151120e-01
488 5.840200e-01 7.120000e-04 4.152680e-01
489 5.838400e-01 8.080000e-04 4.153520e-01
490 5.836760e-01 8.480000e-04 4.154760e-01
491 5.835120e-01 8.240000e-04 4.156640e-01
492 5.833560e-01 8.320000e-04 4.158120e-01
493 5.832800e-01 7.720000e-04 4.159480e-01
494 5.831400e-01 7.600000e-04 4.161000e-01
495 5.830240e-01 7.000000e-04 4.162760e-01
496 5.828640e-01 7.640000e-04 4.163720e-01
497 5.827920e-01 7.000000e-04 4.165080e-01
498 5.826880e-01 6.960000e-04 4.166160e-01
499 5.826160e-01 6.520000e-04 4.167320e-01
500 5.824840e-01 6.560000e-04 4.168600e-01
