1 9.991480e-01 7.720000e-04 8.000000e-05
2 9.985920e-01 1.140000e-03 2.680000e-04
3 9.979600e-01 1.576000e-03 4.640000e-04
4 9.972320e-01 1.932000e-03 8.360000e-04
5 9.964480e-01 2.368000e-03 1.184000e-03
6 9.954760e-01 2.932000e-03 1.592000e-03
7 9.945480e-01 3.276000e-03 2.176000e-03
8 9.934600e-01 3.848000e-03 2.692000e-03
9 9.923880e-01 4.192000e-03 3.420000e-03
10 9.911520e-01 4.712000e-03 4.136000e-03
11 9.898200e-01 5.132000e-03 5.048000e-03
12 9.885720e-01 5.424000e-03 6.004000e-03
13 9.874480e-01 5.612000e-03 6.940000e-03
14 9.862520e-01 5.844000e-03 7.904000e-03
15 9.851600e-01 5.848000e-03 8.992000e-03
16 9.839960e-01 5.828000e-03 1.017600e-02
17 9.826240e-01 6.216000e-03 1.116000e-02
18 9.812280e-01 6.484000e-03 1.228800e-02
19 9.799880e-01 6.592000e-03 1.342000e-02
20 9.787320e-01 6.716000e-03 1.455200e-02
21 9.774240e-01 6.844000e-03 1.573200e-02
22 9.761280e-01 6.892000e-03 1.698000e-02
23 9.747760e-01 7.012000e-03 1.821200e-02
24 9.733080e-01 7.176000e-03 1.951600e-02
25 9.718240e-01 7.400000e-03 2.077600e-02
26 9.703320e-01 7.592000e-03 2.207600e-02
27 9.688280e-01 7.680000e-03 2.349200e-02
28 9.673680e-01 7.812000e-03 2.482000e-02
29 9.659240e-01 7.936000e-03 2.614000e-02
30 9.645040e-01 7.896000e-03 2.760000e-02
31 9.632200e-01 7.716000e-03 2.906400e-02
32 9.616640e-01 7.884000e-03 3.045200e-02
33 9.601760e-01 7.960000e-03 3.186400e-02
34 9.584400e-01 8.240000e-03 3.332000e-02
35 9.568520e-01 8.404000e-03 3.474400e-02
36 9.551560e-01 8.788000e-03 3.605600e-02
37 9.533640e-01 8.956000e-03 3.768000e-02
38 9.515880e-01 9.132000e-03 3.928000e-02
39 9.496480e-01 9.524000e-03 4.082800e-02
40 9.479400e-01 9.632000e-03 4.242800e-02
41 9.460160e-01 9.716000e-03 4.426800e-02
42 9.441640e-01 9.900000e-03 4.593600e-02
43 9.422640e-01 1.017200e-02 4.756400e-02
44 9.404400e-01 1.024800e-02 4.931200e-02
45 9.384680e-01 1.025600e-02 5.127600e-02
46 9.365920e-01 1.037600e-02 5.303200e-02
47 9.348040e-01 1.031200e-02 5.488400e-02
48 9.330280e-01 1.032800e-02 5.664400e-02
49 9.313040e-01 1.016800e-02 5.852800e-02
50 9.295080e-01 1.033200e-02 6.016000e-02
51 9.275840e-01 1.056400e-02 6.185200e-02
52 9.258040e-01 1.032400e-02 6.387200e-02
53 9.240680e-01 1.021600e-02 6.571600e-02
54 9.223160e-01 1.006400e-02 6.762000e-02
55 9.206880e-01 9.944000e-03 6.936800e-02
56 9.190800e-01 9.744000e-03 7.117600e-02
57 9.174600e-01 9.668000e-03 7.287200e-02
58 9.158360e-01 9.656000e-03 7.450800e-02
59 9.140840e-01 9.748000e-03 7.616800e-02
60 9.124040e-01 9.576000e-03 7.802000e-02
61 9.107480e-01 9.524000e-03 7.972800e-02
62 9.091480e-01 9.456000e-03 8.139600e-02
63 9.075400e-01 9.472000e-03 8.298800e-02
64 9.059080e-01 9.392000e-03 8.470000e-02
65 9.041440e-01 9.444000e-03 8.641200e-02
66 9.024760e-01 9.320000e-03 8.820400e-02
67 9.010040e-01 9.272000e-03 8.972400e-02
68 8.994920e-01 9.268000e-03 9.124000e-02
69 8.979840e-01 9.096000e-03 9.292000e-02
70 8.964240e-01 9.012000e-03 9.456400e-02
71 8.948840e-01 8.896000e-03 9.622000e-02
72 8.933840e-01 8.836000e-03 9.778000e-02
73 8.918560e-01 8.772000e-03 9.937200e-02
74 8.903560e-01 8.736000e-03 1.009080e-01
75 8.888000e-01 8.728000e-03 1.024720e-01
76 8.871600e-01 8.808000e-03 1.040320e-01
77 8.855560e-01 8.720000e-03 1.057240e-01
78 8.839320e-01 8.740000e-03 1.073280e-01
79 8.824040e-01 8.772000e-03 1.088240e-01
80 8.808400e-01 8.656000e-03 1.105040e-01
81 8.793280e-01 8.556000e-03 1.121160e-01
82 8.777680e-01 8.604000e-03 1.136280e-01
83 8.763080e-01 8.560000e-03 1.151320e-01
84 8.746360e-01 8.676000e-03 1.166880e-01
85 8.731600e-01 8.696000e-03 1.181440e-01
86 8.715200e-01 8.772000e-03 1.197080e-01
87 8.701320e-01 8.592000e-03 1.212760e-01
88 8.686360e-01 8.520000e-03 1.228440e-01
89 8.671120e-01 8.408000e-03 1.244800e-01
90 8.657800e-01 8.252000e-03 1.259680e-01
91 8.642320e-01 8.336000e-03 1.274320e-01
92 8.628160e-01 8.292000e-03 1.288920e-01
93 8.614360e-01 8.292000e-03 1.302720e-01
94 8.599400e-01 8.400000e-03 1.316600e-01
95 8.584400e-01 8.484000e-03 1.330760e-01
96 8.570400e-01 8.380000e-03 1.345800e-01
97 8.556480e-01 8.376000e-03 1.359760e-01
98 8.542520e-01 8.336000e-03 1.374120e-01
99 8.528520e-01 8.288000e-03 1.388600e-01
100 8.512640e-01 8.396000e-03 1.403400e-01
101 8.496680e-01 8.500000e-03 1.418320e-01
102 8.482440e-01 8.428000e-03 1.433280e-01
103 8.468080e-01 8.436000e-03 1.447560e-01
104 8.453680e-01 8.320000e-03 1.463120e-01
105 8.439480e-01 8.304000e-03 1.477480e-01
106 8.426760e-01 8.152000e-03 1.491720e-01
107 8.413360e-01 8.084000e-03 1.505800e-01
108 8.399200e-01 8.024000e-03 1.520560e-01
109 8.386000e-01 7.908000e-03 1.534920e-01
110 8.372920e-01 7.772000e-03 1.549360e-01
111 8.360160e-01 7.600000e-03 1.563840e-01
112 8.347120e-01 7.652000e-03 1.576360e-01
113 8.333520e-01 7.680000e-03 1.589680e-01
114 8.320000e-01 7.708000e-03 1.602920e-01
115 8.304640e-01 7.828000e-03 1.617080e-01
116 8.291120e-01 7.924000e-03 1.629640e-01
117 8.277520e-01 7.972000e-03 1.642760e-01
118 8.263400e-01 8.060000e-03 1.656000e-01
119 8.249680e-01 8.064000e-03 1.669680e-01
120 8.235720e-01 7.900000e-03 1.685280e-01
121 8.222840e-01 7.760000e-03 1.699560e-01
122 8.210560e-01 7.528000e-03 1.714160e-01
123 8.198960e-01 7.372000e-03 1.727320e-01
124 8.186800e-01 7.224000e-03 1.740960e-01
125 8.174520e-01 7.052000e-03 1.754960e-01
126 8.161640e-01 7.060000e-03 1.767760e-01
127 8.150160e-01 6.968000e-03 1.780160e-01
128 8.137200e-01 7.180000e-03 1.791000e-01
129 8.124320e-01 7.344000e-03 1.802240e-01
130 8.112000e-01 7.168000e-03 1.816320e-01
131 8.099120e-01 7.208000e-03 1.828800e-01
132 8.086480e-01 7.248000e-03 1.841040e-01
133 8.073440e-01 7.228000e-03 1.854280e-01
134 8.059080e-01 7.328000e-03 1.867640e-01
135 8.045720e-01 7.284000e-03 1.881440e-01
136 8.033360e-01 7.192000e-03 1.894720e-01
137 8.022200e-01 6.828000e-03 1.909520e-01
138 8.012000e-01 6.600000e-03 1.922000e-01
139 7.999280e-01 6.776000e-03 1.932960e-01
140 7.987800e-01 6.752000e-03 1.944680e-01
141 7.975920e-01 6.724000e-03 1.956840e-01
142 7.965440e-01 6.768000e-03 1.966880e-01
143 7.953560e-01 6.744000e-03 1.979000e-01
144 7.941240e-01 6.848000e-03 1.990280e-01
145 7.930560e-01 6.724000e-03 2.002200e-01
146 7.919880e-01 6.784000e-03 2.012280e-01
147 7.908840e-01 6.648000e-03 2.024680e-01
148 7.898440e-01 6.624000e-03 2.035320e-01
149 7.888240e-01 6.484000e-03 2.046920e-01
150 7.877800e-01 6.356000e-03 2.058640e-01
151 7.866840e-01 6.300000e-03 2.070160e-01
152 7.854520e-01 6.436000e-03 2.081120e-01
153 7.843320e-01 6.420000e-03 2.092480e-01
154 7.832280e-01 6.416000e-03 2.103560e-01
155 7.821160e-01 6.352000e-03 2.115320e-01
156 7.809520e-01 6.384000e-03 2.126640e-01
157 7.796480e-01 6.516000e-03 2.138360e-01
158 7.784920e-01 6.548000e-03 2.149600e-01
159 7.772840e-01 6.512000e-03 2.162040e-01
160 7.761680e-01 6.520000e-03 2.173120e-01
161 7.750720e-01 6.424000e-03 2.185040e-01
162 7.738840e-01 6.500000e-03 2.196160e-01
163 7.728480e-01 6.424000e-03 2.207280e-01
164 7.717520e-01 6.436000e-03 2.218120e-01
165 7.706040e-01 6.544000e-03 2.228520e-01
166 7.694800e-01 6.632000e-03 2.238880e-01
167 7.683880e-01 6.560000e-03 2.250520e-01
168 7.674200e-01 6.464000e-03 2.261160e-01
169 7.664080e-01 6.300000e-03 2.272920e-01
170 7.653800e-01 6.252000e-03 2.283680e-01
171 7.643320e-01 6.196000e-03 2.294720e-01
172 7.634160e-01 6.072000e-03 2.305120e-01
173 7.624600e-01 5.896000e-03 2.316440e-01
174 7.616160e-01 5.640000e-03 2.327440e-01
175 7.608920e-01 5.416000e-03 2.336920e-01
176 7.601360e-01 5.236000e-03 2.346280e-01
177 7.593120e-01 5.208000e-03 2.354800e-01
178 7.583960e-01 5.272000e-03 2.363320e-01
179 7.575720e-01 5.224000e-03 2.372040e-01
180 7.566320e-01 5.240000e-03 2.381280e-01
181 7.555680e-01 5.308000e-03 2.391240e-01
182 7.546000e-01 5.228000e-03 2.401720e-01
183 7.536920e-01 5.176000e-03 2.411320e-01
184 7.527680e-01 5.172000e-03 2.420600e-01
185 7.518920e-01 5.236000e-03 2.428720e-01
186 7.511720e-01 4.988000e-03 2.438400e-01
187 7.504520e-01 4.796000e-03 2.447520e-01
188 7.497560e-01 4.760000e-03 2.454840e-01
189 7.490800e-01 4.588000e-03 2.463320e-01
190 7.482920e-01 4.612000e-03 2.470960e-01
191 7.474800e-01 4.560000e-03 2.479600e-01
192 7.467120e-01 4.536000e-03 2.487520e-01
193 7.460240e-01 4.436000e-03 2.495400e-01
194 7.451440e-01 4.448000e-03 2.504080e-01
195 7.444400e-01 4.420000e-03 2.511400e-01
196 7.436360e-01 4.564000e-03 2.518000e-01
197 7.429480e-01 4.544000e-03 2.525080e-01
198 7.421240e-01 4.596000e-03 2.532800e-01
199 7.414200e-01 4.524000e-03 2.540560e-01
200 7.406360e-01 4.472000e-03 2.548920e-01
201 7.399520e-01 4.396000e-03 2.556520e-01
202 7.391960e-01 4.436000e-03 2.563680e-01
203 7.384800e-01 4.352000e-03 2.571680e-01
204 7.377000e-01 4.388000e-03 2.579120e-01
205 7.370120e-01 4.300000e-03 2.586880e-01
206 7.361920e-01 4.344000e-03 2.594640e-01
207 7.354120e-01 4.356000e-03 2.602320e-01
208 7.346640e-01 4.264000e-03 2.610720e-01
209 7.338720e-01 4.284000e-03 2.618440e-01
210 7.330440e-01 4.336000e-03 2.626200e-01
211 7.322640e-01 4.352000e-03 2.633840e-01
212 7.315080e-01 4.336000e-03 2.641560e-01
213 7.308360e-01 4.280000e-03 2.648840e-01
214 7.301840e-01 4.200000e-03 2.656160e-01
215 7.294000e-01 4.168000e-03 2.664320e-01
216 7.286560e-01 4.176000e-03 2.671680e-01
217 7.279680e-01 4.168000e-03 2.678640e-01
218 7.272480e-01 4.172000e-03 2.685800e-01
219 7.265960e-01 4.112000e-03 2.692920e-01
220 7.257560e-01 4.208000e-03 2.700360e-01
221 7.251600e-01 4.068000e-03 2.707720e-01
222 7.244120e-01 4.068000e-03 2.715200e-01
223 7.237120e-01 4.116000e-03 2.721720e-01
224 7.230200e-01 4.088000e-03 2.728920e-01
225 7.223240e-01 4.104000e-03 2.735720e-01
226 7.215480e-01 4.172000e-03 2.742800e-01
227 7.209720e-01 4.028000e-03 2.750000e-01
228 7.202880e-01 4.088000e-03 2.756240e-01
229 7.195800e-01 4.120000e-03 2.763000e-01
230 7.189440e-01 4.100000e-03 2.769560e-01
231 7.182480e-01 4.068000e-03 2.776840e-01
232 7.175840e-01 4.056000e-03 2.783600e-01
233 7.168960e-01 4.072000e-03 2.790320e-01
234 7.161360e-01 4.132000e-03 2.797320e-01
235 7.154600e-01 4.052000e-03 2.804880e-01
236 7.148120e-01 3.980000e-03 2.812080e-01
237 7.142200e-01 3.916000e-03 2.818640e-01
238 7.136240e-01 3.832000e-03 2.825440e-01
239 7.129800e-01 3.840000e-03 2.831800e-01
240 7.123320e-01 3.860000e-03 2.838080e-01
241 7.116920e-01 3.812000e-03 2.844960e-01
242 7.110760e-01 3.756000e-03 2.851680e-01
243 7.103800e-01 3.860000e-03 2.857600e-01
244 7.097240e-01 3.868000e-03 2.864080e-01
245 7.091600e-01 3.804000e-03 2.870360e-01
246 7.084480e-01 3.784000e-03 2.877680e-01
247 7.077520e-01 3.808000e-03 2.884400e-01
248 7.070800e-01 3.840000e-03 2.890800e-01
249 7.064480e-01 3.792000e-03 2.897600e-01
250 7.057880e-01 3.760000e-03 2.904520e-01
251 7.051760e-01 3.728000e-03 2.910960e-01
252 7.045800e-01 3.728000e-03 2.916920e-01
253 7.039720e-01 3.756000e-03 2.922720e-01
254 7.034560e-01 3.652000e-03 2.928920e-01
255 7.029560e-01 3.564000e-03 2.934800e-01
256 7.023760e-01 3.568000e-03 2.940560e-01
257 7.016920e-01 3.636000e-03 2.946720e-01
258 7.009840e-01 3.780000e-03 2.952360e-01
259 7.002360e-01 3.844000e-03 2.959200e-01
260 6.995600e-01 3.920000e-03 2.965200e-01
261 6.988480e-01 3.920000e-03 2.972320e-01
262 6.981760e-01 3.888000e-03 2.979360e-01
263 6.975120e-01 3.908000e-03 2.985800e-01
264 6.969040e-01 3.892000e-03 2.992040e-01
265 6.962040e-01 3.920000e-03 2.998760e-01
266 6.955880e-01 3.800000e-03 3.006120e-01
267 6.950000e-01 3.764000e-03 3.012360e-01
268 6.943080e-01 3.824000e-03 3.018680e-01
269 6.937120e-01 3.780000e-03 3.025080e-01
270 6.930280e-01 3.768000e-03 3.032040e-01
271 6.924960e-01 3.680000e-03 3.038240e-01
272 6.918760e-01 3.652000e-03 3.044720e-01
273 6.912560e-01 3.688000e-03 3.050560e-01
274 6.906920e-01 3.596000e-03 3.057120e-01
275 6.901040e-01 3.520000e-03 3.063760e-01
276 6.895560e-01 3.424000e-03 3.070200e-01
277 6.889800e-01 3.436000e-03 3.075840e-01
278 6.884840e-01 3.384000e-03 3.081320e-01
279 6.879400e-01 3.376000e-03 3.086840e-01
280 6.873240e-01 3.388000e-03 3.092880e-01
281 6.867200e-01 3.424000e-03 3.098560e-01
282 6.862320e-01 3.320000e-03 3.104480e-01
283 6.857560e-01 3.204000e-03 3.110400e-01
284 6.852160e-01 3.228000e-03 3.115560e-01
285 6.847480e-01 3.108000e-03 3.121440e-01
286 6.841840e-01 3.124000e-03 3.126920e-01
287 6.837320e-01 3.008000e-03 3.132600e-01
288 6.832480e-01 2.960000e-03 3.137920e-01
289 6.828840e-01 2.816000e-03 3.143000e-01
290 6.824000e-01 2.824000e-03 3.147760e-01
291 6.819960e-01 2.708000e-03 3.152960e-01
292 6.815480e-01 2.624000e-03 3.158280e-01
293 6.811160e-01 2.580000e-03 3.163040e-01
294 6.806840e-01 2.544000e-03 3.167720e-01
295 6.802520e-01 2.540000e-03 3.172080e-01
296 6.798360e-01 2.480000e-03 3.176840e-01
297 6.794000e-01 2.484000e-03 3.181160e-01
298 6.790040e-01 2.452000e-03 3.185440e-01
299 6.786600e-01 2.436000e-03 3.189040e-01
300 6.782760e-01 2.400000e-03 3.193240e-01
301 6.779280e-01 2.360000e-03 3.197120e-01
302 6.774320e-01 2.472000e-03 3.200960e-01
303 6.769320e-01 2.536000e-03 3.205320e-01
304 6.765680e-01 2.404000e-03 3.210280e-01
305 6.763040e-01 2.248000e-03 3.214480e-01
306 6.759960e-01 2.200000e-03 3.218040e-01
307 6.757080e-01 2.124000e-03 3.221680e-01
308 6.753880e-01 2.124000e-03 3.224880e-01
309 6.749680e-01 2.188000e-03 3.228440e-01
310 6.746760e-01 2.080000e-03 3.232440e-01
311 6.743560e-01 2.020000e-03 3.236240e-01
312 6.739920e-01 2.068000e-03 3.239400e-01
313 6.736720e-01 1.980000e-03 3.243480e-01
314 6.733680e-01 1.924000e-03 3.247080e-01
315 6.730160e-01 2.016000e-03 3.249680e-01
316 6.726880e-01 1.996000e-03 3.253160e-01
317 6.721920e-01 2.204000e-03 3.256040e-01
318 6.717560e-01 2.288000e-03 3.259560e-01
319 6.713040e-01 2.304000e-03 3.263920e-01
320 6.708640e-01 2.360000e-03 3.267760e-01
321 6.704080e-01 2.448000e-03 3.271440e-01
322 6.700200e-01 2.380000e-03 3.276000e-01
323 6.695520e-01 2.436000e-03 3.280120e-01
324 6.691800e-01 2.284000e-03 3.285360e-01
325 6.687520e-01 2.388000e-03 3.288600e-01
326 6.682480e-01 2.400000e-03 3.293520e-01
327 6.679040e-01 2.392000e-03 3.297040e-01
328 6.674440e-01 2.412000e-03 3.301440e-01
329 6.670440e-01 2.428000e-03 3.305280e-01
330 6.666440e-01 2.404000e-03 3.309520e-01
331 6.662600e-01 2.328000e-03 3.314120e-01
332 6.658240e-01 2.400000e-03 3.317760e-01
333 6.654200e-01 2.360000e-03 3.322200e-01
334 6.650040e-01 2.424000e-03 3.325720e-01
335 6.645360e-01 2.460000e-03 3.330040e-01
336 6.642240e-01 2.356000e-03 3.334200e-01
337 6.639080e-01 2.248000e-03 3.338440e-01
338 6.635080e-01 2.308000e-03 3.341840e-01
339 6.631080e-01 2.180000e-03 3.347120e-01
340 6.627360e-01 2.208000e-03 3.350560e-01
341 6.623560e-01 2.168000e-03 3.354760e-01
342 6.619720e-01 2.176000e-03 3.358520e-01
343 6.616080e-01 2.100000e-03 3.362920e-01
344 6.612720e-01 2.044000e-03 3.366840e-01
345 6.608960e-01 2.084000e-03 3.370200e-01
346 6.605040e-01 2.136000e-03 3.373600e-01
347 6.601400e-01 2.164000e-03 3.376960e-01
348 6.596880e-01 2.236000e-03 3.380760e-01
349 6.593400e-01 2.204000e-03 3.384560e-01
350 6.589960e-01 2.168000e-03 3.388360e-01
351 6.585840e-01 2.184000e-03 3.392320e-01
352 6.581760e-01 2.220000e-03 3.396040e-01
353 6.578440e-01 2.132000e-03 3.400240e-01
354 6.575480e-01 2.076000e-03 3.403760e-01
355 6.572160e-01 2.012000e-03 3.407720e-01
356 6.569120e-01 2.060000e-03 3.410280e-01
357 6.566320e-01 1.980000e-03 3.413880e-01
358 6.563680e-01 1.928000e-03 3.417040e-01
359 6.560440e-01 1.956000e-03 3.420000e-01
360 6.557000e-01 1.928000e-03 3.423720e-01
361 6.553480e-01 1.916000e-03 3.427360e-01
362 6.550480e-01 1.860000e-03 3.430920e-01
363 6.546720e-01 1.904000e-03 3.434240e-01
364 6.543240e-01 1.892000e-03 3.437840e-01
365 6.539440e-01 1.948000e-03 3.441080e-01
366 6.536680e-01 1.880000e-03 3.444520e-01
367 6.534520e-01 1.740000e-03 3.448080e-01
368 6.532200e-01 1.652000e-03 3.451280e-01
369 6.530040e-01 1.612000e-03 3.453840e-01
370 6.527360e-01 1.588000e-03 3.456760e-01
371 6.524680e-01 1.612000e-03 3.459200e-01
372 6.522280e-01 1.572000e-03 3.462000e-01
373 6.519920e-01 1.524000e-03 3.464840e-01
374 6.518080e-01 1.444000e-03 3.467480e-01
375 6.515720e-01 1.432000e-03 3.469960e-01
376 6.513640e-01 1.416000e-03 3.472200e-01
377 6.511680e-01 1.364000e-03 3.474680e-01
378 6.509400e-01 1.332000e-03 3.477280e-01
379 6.506720e-01 1.328000e-03 3.480000e-01
380 6.504720e-01 1.264000e-03 3.482640e-01
381 6.502480e-01 1.236000e-03 3.485160e-01
382 6.499840e-01 1.284000e-03 3.487320e-01
383 6.497560e-01 1.284000e-03 3.489600e-01
384 6.495640e-01 1.288000e-03 3.491480e-01
385 6.493160e-01 1.284000e-03 3.494000e-01
386 6.490920e-01 1.220000e-03 3.496880e-01
387 6.488520e-01 1.268000e-03 3.498800e-01
388 6.486360e-01 1.244000e-03 3.501200e-01
389 6.484400e-01 1.216000e-03 3.503440e-01
390 6.481720e-01 1.280000e-03 3.505480e-01
391 6.479640e-01 1.260000e-03 3.507760e-01
392 6.477480e-01 1.204000e-03 3.510480e-01
393 6.475600e-01 1.188000e-03 3.512520e-01
394 6.473600e-01 1.204000e-03 3.514360e-01
395 6.472320e-01 1.096000e-03 3.516720e-01
396 6.470520e-01 1.088000e-03 3.518600e-01
397 6.469120e-01 9.840000e-04 3.521040e-01
398 6.467280e-01 9.760000e-04 3.522960e-01
399 6.465400e-01 1.012000e-03 3.524480e-01
400 6.463720e-01 9.960000e-04 3.526320e-01
401 6.461760e-01 1.004000e-03 3.528200e-01
402 6.460080e-01 9.720000e-04 3.530200e-01
403 6.458640e-01 8.920000e-04 3.532440e-01
404 6.457160e-01 8.600000e-04 3.534240e-01
405 6.455360e-01 8.520000e-04 3.536120e-01
406 6.453800e-01 8.840000e-04 3.537360e-01
407 6.452000e-01 8.720000e-04 3.539280e-01
408 6.450520e-01 8.640000e-04 3.540840e-01
409 6.449200e-01 8.400000e-04 3.542400e-01
410 6.448400e-01 7.800000e-04 3.543800e-01
411 6.446960e-01 8.000000e-04 3.545040e-01
412 6.445840e-01 7.480000e-04 3.546680e-01
413 6.444200e-01 8.040000e-04 3.547760e-01
414 6.442760e-01 8.040000e-04 3.549200e-01
415 6.441320e-01 8.440000e-04 3.550240e-01
416 6.440040e-01 8.600000e-04 3.551360e-01
417 6.438600e-01 8.240000e-04 3.553160e-01
418 6.437200e-01 8.440000e-04 3.554360e-01
419 6.435680e-01 8.600000e-04 3.555720e-01
420 6.434680e-01 8.440000e-04 3.556880e-01
421 6.432800e-01 8.680000e-04 3.558520e-01
422 6.431600e-01 8.320000e-04 3.560080e-01
423 6.430200e-01 8.280000e-04 3.561520e-01
424 6.428960e-01 8.080000e-04 3.562960e-01
425 6.427080e-01 8.640000e-04 3.564280e-01
426 6.425640e-01 8.880000e-04 3.565480e-01
427 6.423920e-01 9.200000e-04 3.566880e-01
428 6.422120e-01 9.520000e-04 3.568360e-01
429 6.420520e-01 9.560000e-04 3.569920e-01
430 6.418640e-01 9.880000e-04 3.571480e-01
431 6.416880e-01 1.000000e-03 3.573120e-01
432 6.414920e-01 1.040000e-03 3.574680e-01
433 6.412400e-01 1.148000e-03 3.576120e-01
434 6.410200e-01 1.168000e-03 3.578120e-01
435 6.408440e-01 1.108000e-03 3.580480e-01
436 6.406600e-01 1.100000e-03 3.582400e-01
437 6.405240e-01 1.036000e-03 3.584400e-01
438 6.403480e-01 1.044000e-03 3.586080e-01
439 6.401040e-01 1.132000e-03 3.587640e-01
440 6.398640e-01 1.152000e-03 3.589840e-01
441 6.396400e-01 1.140000e-03 3.592200e-01
442 6.394360e-01 1.144000e-03 3.594200e-01
443 6.392600e-01 1.144000e-03 3.595960e-01
444 6.390640e-01 1.148000e-03 3.597880e-01
445 6.389040e-01 1.112000e-03 3.599840e-01
446 6.387840e-01 1.028000e-03 3.601880e-01
447 6.385800e-01 1.052000e-03 3.603680e-01
448 6.384280e-01 1.044000e-03 3.605280e-01
449 6.382360e-01 1.008000e-03 3.607560e-01
450 6.380600e-01 1.016000e-03 3.609240e-01
451 6.378880e-01 1.052000e-03 3.610600e-01
452 6.376960e-01 1.036000e-03 3.612680e-01
453 6.375480e-01 9.480000e-04 3.615040e-01
454 6.373960e-01 9.480000e-04 3.616560e-01
455 6.372600e-01 9.680000e-04 3.617720e-01
456 6.371560e-01 8.880000e-04 3.619560e-01
457 6.370120e-01 8.680000e-04 3.621200e-01
458 6.368640e-01 8.680000e-04 3.622680e-01
459 6.366960e-01 8.800000e-04 3.624240e-01
460 6.365480e-01 8.560000e-04 3.625960e-01
461 6.364440e-01 7.720000e-04 3.627840e-01
462 6.363440e-01 7.520000e-04 3.629040e-01
463 6.362160e-01 7.640000e-04 3.630200e-01
464 6.361280e-01 7.120000e-04 3.631600e-01
465 6.360560e-01 6.800000e-04 3.632640e-01
466 6.359520e-01 6.360000e-04 3.634120e-01
467 6.358280e-01 6.200000e-04 3.635520e-01
468 6.357200e-01 6.320000e-04 3.636480e-01
469 6.356120e-01 5.640000e-04 3.638240e-01
470 6.355040e-01 5.920000e-04 3.639040e-01
471 6.354400e-01 5.640000e-04 3.639960e-01
472 6.354000e-01 5.200000e-04 3.640800e-01
473 6.353120e-01 5.120000e-04 3.641760e-01
474 6.352480e-01 5.040000e-04 3.642480e-01
475 6.351520e-01 5.000000e-04 3.643480e-01
476 6.350600e-01 5.200000e-04 3.644200e-01
477 6.350040e-01 5.080000e-04 3.644880e-01
478 6.349520e-01 4.480000e-04 3.646000e-01
479 6.349000e-01 4.120000e-04 3.646880e-01
480 6.348400e-01 3.920000e-04 3.647680e-01
481 6.347600e-01 4.200000e-04 3.648200e-01
482 6.347040e-01 4.400000e-04 3.648560e-01
483 6.346360e-01 4.560000e-04 3.649080e-01
484 6.345880e-01 4.520000e-04 3.649600e-01
485 6.345040e-01 4.400000e-04 3.650560e-01
486 6.344560e-01 3.920000e-04 3.651520e-01
487 6.343800e-01 3.960000e-04 3.652240e-01
488 6.343440e-01 3.560000e-04 3.653000e-01
489 6.343360e-01 3.400000e-04 3.653240e-01
490 6.343240e-01 2.880000e-04 3.653880e-01
491 6.342760e-01 2.880000e-04 3.654360e-01
492 6.342360e-01 2.960000e-04 3.654680e-01
493 6.341680e-01 3.040000e-04 3.655280e-01
494 6.341120e-01 3.160000e-04 3.655720e-01
495 6.340640e-01 3.240000e-04 3.656120e-01
496 6.340360e-01 3.000000e-04 3.656640e-01
497 6.340120e-01 2.720000e-04 3.657160e-01
498 6.339640e-01 2.680000e-04 3.657680e-01
499 6.339080e-01 2.760000e-04 3.658160e-01
500 6.338360e-01 3.200000e-04 3.658440e-01
