1 9.991920e-01 6.920000e-04 1.160000e-04
2 9.986520e-01 1.088000e-03 2.600000e-04
3 9.980400e-01 1.472000e-03 4.880000e-04
4 9.971960e-01 2.056000e-03 7.480000e-04
5 9.963680e-01 2.508000e-03 1.124000e-03
6 9.955040e-01 2.880000e-03 1.616000e-03
7 9.946000e-01 3.220000e-03 2.180000e-03
8 9.936200e-01 3.504000e-03 2.876000e-03
9 9.927880e-01 3.704000e-03 3.508000e-03
10 9.918840e-01 3.980000e-03 4.136000e-03
11 9.909880e-01 4.152000e-03 4.860000e-03
12 9.900080e-01 4.392000e-03 5.600000e-03
13 9.889920e-01 4.588000e-03 6.420000e-03
14 9.880680e-01 4.652000e-03 7.280000e-03
15 9.870920e-01 4.868000e-03 8.040000e-03
16 9.859840e-01 5.116000e-03 8.900000e-03
17 9.849440e-01 5.208000e-03 9.848000e-03
18 9.838160e-01 5.400000e-03 1.078400e-02
19 9.826440e-01 5.516000e-03 1.184000e-02
20 9.816200e-01 5.520000e-03 1.286000e-02
21 9.805560e-01 5.696000e-03 1.374800e-02
22 9.794080e-01 5.920000e-03 1.467200e-02
23 9.783080e-01 5.936000e-03 1.575600e-02
24 9.771680e-01 6.024000e-03 1.680800e-02
25 9.757880e-01 6.296000e-03 1.791600e-02
26 9.745320e-01 6.356000e-03 1.911200e-02
27 9.734880e-01 6.284000e-03 2.022800e-02
28 9.721920e-01 6.508000e-03 2.130000e-02
29 9.709960e-01 6.504000e-03 2.250000e-02
30 9.695360e-01 6.896000e-03 2.356800e-02
31 9.682760e-01 7.024000e-03 2.470000e-02
32 9.668760e-01 7.204000e-03 2.592000e-02
33 9.653720e-01 7.536000e-03 2.709200e-02
34 9.640040e-01 7.484000e-03 2.851200e-02
35 9.624680e-01 7.700000e-03 2.983200e-02
36 9.611240e-01 7.712000e-03 3.116400e-02
37 9.597400e-01 7.780000e-03 3.248000e-02
38 9.583600e-01 7.824000e-03 3.381600e-02
39 9.569800e-01 7.784000e-03 3.523600e-02
40 9.556920e-01 7.772000e-03 3.653600e-02
41 9.542160e-01 7.968000e-03 3.781600e-02
42 9.527360e-01 8.056000e-03 3.920800e-02
43 9.513000e-01 8.104000e-03 4.059600e-02
44 9.499480e-01 8.112000e-03 4.194000e-02
45 9.484800e-01 8.200000e-03 4.332000e-02
46 9.470280e-01 8.264000e-03 4.470800e-02
47 9.456960e-01 8.152000e-03 4.615200e-02
48 9.442960e-01 8.164000e-03 4.754000e-02
49 9.428680e-01 8.144000e-03 4.898800e-02
50 9.414720e-01 8.260000e-03 5.026800e-02
51 9.399480e-01 8.312000e-03 5.174000e-02
52 9.383920e-01 8.416000e-03 5.319200e-02
53 9.367520e-01 8.484000e-03 5.476400e-02
54 9.352160e-01 8.460000e-03 5.632400e-02
55 9.337480e-01 8.548000e-03 5.770400e-02
56 9.323480e-01 8.480000e-03 5.917200e-02
57 9.308880e-01 8.452000e-03 6.066000e-02
58 9.293320e-01 8.540000e-03 6.212800e-02
59 9.279120e-01 8.476000e-03 6.361200e-02
60 9.263760e-01 8.588000e-03 6.503600e-02
61 9.248520e-01 8.516000e-03 6.663200e-02
62 9.231560e-01 8.720000e-03 6.812400e-02
63 9.216280e-01 8.700000e-03 6.967200e-02
64 9.201040e-01 8.692000e-03 7.120400e-02
65 9.185280e-01 8.764000e-03 7.270800e-02
66 9.169400e-01 8.912000e-03 7.414800e-02
67 9.152520e-01 9.072000e-03 7.567600e-02
68 9.136200e-01 9.288000e-03 7.709200e-02
69 9.120280e-01 9.244000e-03 7.872800e-02
70 9.104360e-01 9.264000e-03 8.030000e-02
71 9.088520e-01 9.224000e-03 8.192400e-02
72 9.071960e-01 9.332000e-03 8.347200e-02
73 9.055800e-01 9.436000e-03 8.498400e-02
74 9.039960e-01 9.412000e-03 8.659200e-02
75 9.024600e-01 9.216000e-03 8.832400e-02
76 9.009240e-01 9.132000e-03 8.994400e-02
77 8.992520e-01 9.156000e-03 9.159200e-02
78 8.975000e-01 9.372000e-03 9.312800e-02
79 8.959000e-01 9.280000e-03 9.482000e-02
80 8.943880e-01 9.148000e-03 9.646400e-02
81 8.927600e-01 9.264000e-03 9.797600e-02
82 8.911240e-01 9.352000e-03 9.952400e-02
83 8.896480e-01 9.244000e-03 1.011080e-01
84 8.880600e-01 9.288000e-03 1.026520e-01
85 8.864440e-01 9.292000e-03 1.042640e-01
86 8.850480e-01 9.096000e-03 1.058560e-01
87 8.834880e-01 9.144000e-03 1.073680e-01
88 8.819400e-01 9.132000e-03 1.089280e-01
89 8.802440e-01 9.092000e-03 1.106640e-01
90 8.787200e-01 9.008000e-03 1.122720e-01
91 8.771360e-01 9.084000e-03 1.137800e-01
92 8.757200e-01 8.924000e-03 1.153560e-01
93 8.741880e-01 8.844000e-03 1.169680e-01
94 8.725640e-01 8.976000e-03 1.184600e-01
95 8.709720e-01 9.036000e-03 1.199920e-01
96 8.693680e-01 9.108000e-03 1.215240e-01
97 8.676680e-01 9.328000e-03 1.230040e-01
98 8.659560e-01 9.396000e-03 1.246480e-01
99 8.644680e-01 9.144000e-03 1.263880e-01
100 8.629840e-01 9.048000e-03 1.279680e-01
101 8.613720e-01 9.192000e-03 1.294360e-01
102 8.597720e-01 9.336000e-03 1.308920e-01
103 8.580800e-01 9.340000e-03 1.325800e-01
104 8.563840e-01 9.392000e-03 1.342240e-01
105 8.547880e-01 9.344000e-03 1.358680e-01
106 8.531360e-01 9.116000e-03 1.377480e-01
107 8.514720e-01 9.240000e-03 1.392880e-01
108 8.498560e-01 9.252000e-03 1.408920e-01
109 8.481360e-01 9.428000e-03 1.424360e-01
110 8.464840e-01 9.512000e-03 1.440040e-01
111 8.448080e-01 9.536000e-03 1.456560e-01
112 8.433320e-01 9.312000e-03 1.473560e-01
113 8.419480e-01 9.016000e-03 1.490360e-01
114 8.404880e-01 8.984000e-03 1.505280e-01
115 8.391560e-01 8.796000e-03 1.520480e-01
116 8.377040e-01 8.644000e-03 1.536520e-01
117 8.362800e-01 8.580000e-03 1.551400e-01
118 8.349800e-01 8.252000e-03 1.567680e-01
119 8.335680e-01 8.300000e-03 1.581320e-01
120 8.320880e-01 8.320000e-03 1.595920e-01
121 8.306840e-01 8.200000e-03 1.611160e-01
122 8.294360e-01 7.968000e-03 1.625960e-01
123 8.280480e-01 7.896000e-03 1.640560e-01
124 8.267800e-01 7.648000e-03 1.655720e-01
125 8.254680e-01 7.636000e-03 1.668960e-01
126 8.241120e-01 7.716000e-03 1.681720e-01
127 8.226920e-01 7.840000e-03 1.694680e-01
128 8.214240e-01 7.696000e-03 1.708800e-01
129 8.199640e-01 7.820000e-03 1.722160e-01
130 8.186480e-01 7.904000e-03 1.734480e-01
131 8.172120e-01 7.956000e-03 1.748320e-01
132 8.158560e-01 7.976000e-03 1.761680e-01
133 8.144760e-01 8.016000e-03 1.775080e-01
134 8.131000e-01 8.012000e-03 1.788880e-01
135 8.115800e-01 8.144000e-03 1.802760e-01
136 8.101760e-01 8.052000e-03 1.817720e-01
137 8.088280e-01 8.236000e-03 1.829360e-01
138 8.075320e-01 8.204000e-03 1.842640e-01
139 8.061120e-01 8.176000e-03 1.857120e-01
140 8.046480e-01 8.200000e-03 1.871520e-01
141 8.031840e-01 8.228000e-03 1.885880e-01
142 8.018120e-01 8.088000e-03 1.901000e-01
143 8.005680e-01 7.932000e-03 1.915000e-01
144 7.992920e-01 7.688000e-03 1.930200e-01
145 7.980800e-01 7.588000e-03 1.943320e-01
146 7.968960e-01 7.340000e-03 1.957640e-01
147 7.956440e-01 7.288000e-03 1.970680e-01
148 7.944000e-01 7.300000e-03 1.983000e-01
149 7.930680e-01 7.368000e-03 1.995640e-01
150 7.916840e-01 7.564000e-03 2.007520e-01
151 7.904680e-01 7.460000e-03 2.020720e-01
152 7.891560e-01 7.484000e-03 2.033600e-01
153 7.880320e-01 7.392000e-03 2.045760e-01
154 7.868920e-01 7.224000e-03 2.058840e-01
155 7.857760e-01 7.136000e-03 2.070880e-01
156 7.846440e-01 6.992000e-03 2.083640e-01
157 7.834600e-01 6.996000e-03 2.095440e-01
158 7.823000e-01 6.976000e-03 2.107240e-01
159 7.812000e-01 6.872000e-03 2.119280e-01
160 7.799880e-01 6.916000e-03 2.130960e-01
161 7.788880e-01 6.880000e-03 2.142320e-01
162 7.778480e-01 6.708000e-03 2.154440e-01
163 7.767440e-01 6.628000e-03 2.166280e-01
164 7.756800e-01 6.620000e-03 2.177000e-01
165 7.746400e-01 6.560000e-03 2.188000e-01
166 7.736320e-01 6.364000e-03 2.200040e-01
167 7.726760e-01 6.200000e-03 2.211240e-01
168 7.717320e-01 6.036000e-03 2.222320e-01
169 7.707520e-01 6.060000e-03 2.231880e-01
170 7.697160e-01 6.112000e-03 2.241720e-01
171 7.686080e-01 6.136000e-03 2.252560e-01
172 7.674960e-01 6.144000e-03 2.263600e-01
173 7.664680e-01 6.156000e-03 2.273760e-01
174 7.655200e-01 6.036000e-03 2.284440e-01
175 7.644680e-01 6.088000e-03 2.294440e-01
176 7.634440e-01 6.088000e-03 2.304680e-01
177 7.624840e-01 5.884000e-03 2.316320e-01
178 7.615040e-01 5.816000e-03 2.326800e-01
179 7.605480e-01 5.776000e-03 2.336760e-01
180 7.596160e-01 5.776000e-03 2.346080e-01
181 7.586440e-01 5.732000e-03 2.356240e-01
182 7.578200e-01 5.492000e-03 2.366880e-01
183 7.569200e-01 5.472000e-03 2.376080e-01
184 7.560400e-01 5.376000e-03 2.385840e-01
185 7.551800e-01 5.352000e-03 2.394680e-01
186 7.543760e-01 5.220000e-03 2.404040e-01
187 7.533640e-01 5.268000e-03 2.413680e-01
188 7.523960e-01 5.384000e-03 2.422200e-01
189 7.513360e-01 5.476000e-03 2.431880e-01
190 7.504320e-01 5.416000e-03 2.441520e-01
191 7.495360e-01 5.416000e-03 2.450480e-01
192 7.485360e-01 5.508000e-03 2.459560e-01
193 7.474360e-01 5.604000e-03 2.469600e-01
194 7.462480e-01 5.808000e-03 2.479440e-01
195 7.453040e-01 5.760000e-03 2.489360e-01
196 7.443840e-01 5.760000e-03 2.498560e-01
197 7.434840e-01 5.612000e-03 2.509040e-01
198 7.426440e-01 5.484000e-03 2.518720e-01
199 7.417000e-01 5.452000e-03 2.528480e-01
200 7.408560e-01 5.316000e-03 2.538280e-01
201 7.400760e-01 5.160000e-03 2.547640e-01
202 7.391920e-01 5.224000e-03 2.555840e-01
203 7.383840e-01 5.096000e-03 2.565200e-01
204 7.374400e-01 5.072000e-03 2.574880e-01
205 7.365120e-01 5.000000e-03 2.584880e-01
206 7.355240e-01 5.124000e-03 2.593520e-01
207 7.347040e-01 5.060000e-03 2.602360e-01
208 7.337280e-01 5.164000e-03 2.611080e-01
209 7.329640e-01 4.964000e-03 2.620720e-01
210 7.321640e-01 4.928000e-03 2.629080e-01
211 7.312840e-01 4.944000e-03 2.637720e-01
212 7.305040e-01 4.808000e-03 2.646880e-01
213 7.295520e-01 4.888000e-03 2.655600e-01
214 7.285920e-01 4.984000e-03 2.664240e-01
215 7.277880e-01 4.876000e-03 2.673360e-01
216 7.268200e-01 4.956000e-03 2.682240e-01
217 7.259280e-01 5.004000e-03 2.690680e-01
218 7.250680e-01 4.964000e-03 2.699680e-01
219 7.241400e-01 5.072000e-03 2.707880e-01
220 7.231880e-01 5.088000e-03 2.717240e-01
221 7.222920e-01 5.148000e-03 2.725600e-01
222 7.213920e-01 5.136000e-03 2.734720e-01
223 7.206120e-01 5.004000e-03 2.743840e-01
224 7.198400e-01 4.852000e-03 2.753080e-01
225 7.188880e-01 5.044000e-03 2.760680e-01
226 7.179080e-01 5.092000e-03 2.770000e-01
227 7.170240e-01 5.064000e-03 2.779120e-01
228 7.160800e-01 5.112000e-03 2.788080e-01
229 7.151920e-01 5.164000e-03 2.796440e-01
230 7.144080e-01 5.072000e-03 2.805200e-01
231 7.136440e-01 4.912000e-03 2.814440e-01
232 7.127640e-01 4.984000e-03 2.822520e-01
233 7.119400e-01 4.952000e-03 2.831080e-01
234 7.109920e-01 4.996000e-03 2.840120e-01
235 7.100400e-01 5.056000e-03 2.849040e-01
236 7.091960e-01 5.004000e-03 2.858000e-01
237 7.084400e-01 4.900000e-03 2.866600e-01
238 7.076600e-01 4.772000e-03 2.875680e-01
239 7.068080e-01 4.724000e-03 2.884680e-01
240 7.059720e-01 4.728000e-03 2.893000e-01
241 7.052560e-01 4.576000e-03 2.901680e-01
242 7.045000e-01 4.500000e-03 2.910000e-01
243 7.036680e-01 4.584000e-03 2.917480e-01
244 7.028800e-01 4.588000e-03 2.925320e-01
245 7.021640e-01 4.540000e-03 2.932960e-01
246 7.013200e-01 4.588000e-03 2.940920e-01
247 7.005080e-01 4.644000e-03 2.948480e-01
248 6.997920e-01 4.524000e-03 2.956840e-01
249 6.989600e-01 4.596000e-03 2.964440e-01
250 6.980640e-01 4.712000e-03 2.972240e-01
251 6.972600e-01 4.636000e-03 2.981040e-01
252 6.964320e-01 4.604000e-03 2.989640e-01
253 6.956400e-01 4.596000e-03 2.997640e-01
254 6.948760e-01 4.612000e-03 3.005120e-01
255 6.941560e-01 4.472000e-03 3.013720e-01
256 6.933720e-01 4.528000e-03 3.021000e-01
257 6.926440e-01 4.416000e-03 3.029400e-01
258 6.919400e-01 4.348000e-03 3.037120e-01
259 6.912480e-01 4.164000e-03 3.045880e-01
260 6.905480e-01 4.184000e-03 3.052680e-01
261 6.898240e-01 4.160000e-03 3.060160e-01
262 6.890520e-01 4.200000e-03 3.067480e-01
263 6.884240e-01 4.092000e-03 3.074840e-01
264 6.877640e-01 4.028000e-03 3.082080e-01
265 6.871600e-01 4.060000e-03 3.087800e-01
266 6.864920e-01 4.084000e-03 3.094240e-01
267 6.857320e-01 4.196000e-03 3.100720e-01
268 6.849760e-01 4.232000e-03 3.107920e-01
269 6.841720e-01 4.204000e-03 3.116240e-01
270 6.834320e-01 4.240000e-03 3.123280e-01
271 6.826840e-01 4.236000e-03 3.130800e-01
272 6.819000e-01 4.360000e-03 3.137400e-01
273 6.812120e-01 4.356000e-03 3.144320e-01
274 6.805320e-01 4.224000e-03 3.152440e-01
275 6.796400e-01 4.360000e-03 3.160000e-01
276 6.789840e-01 4.288000e-03 3.167280e-01
277 6.781040e-01 4.452000e-03 3.174440e-01
278 6.773560e-01 4.396000e-03 3.182480e-01
279 6.766360e-01 4.324000e-03 3.190400e-01
280 6.759040e-01 4.344000e-03 3.197520e-01
281 6.752520e-01 4.188000e-03 3.205600e-01
282 6.745760e-01 4.120000e-03 3.213040e-01
283 6.738840e-01 4.028000e-03 3.220880e-01
284 6.731320e-01 4.064000e-03 3.228040e-01
285 6.724680e-01 4.008000e-03 3.235240e-01
286 6.718120e-01 4.016000e-03 3.241720e-01
287 6.712200e-01 3.932000e-03 3.248480e-01
288 6.706800e-01 3.756000e-03 3.255640e-01
289 6.701360e-01 3.584000e-03 3.262800e-01
290 6.696000e-01 3.532000e-03 3.268680e-01
291 6.690920e-01 3.468000e-03 3.274400e-01
292 6.684960e-01 3.532000e-03 3.279720e-01
293 6.678000e-01 3.508000e-03 3.286920e-01
294 6.672760e-01 3.476000e-03 3.292480e-01
295 6.667440e-01 3.412000e-03 3.298440e-01
296 6.662240e-01 3.348000e-03 3.304280e-01
297 6.656400e-01 3.384000e-03 3.309760e-01
298 6.650440e-01 3.344000e-03 3.316120e-01
299 6.645320e-01 3.264000e-03 3.322040e-01
300 6.639320e-01 3.308000e-03 3.327600e-01
301 6.633560e-01 3.288000e-03 3.333560e-01
302 6.628160e-01 3.312000e-03 3.338720e-01
303 6.622040e-01 3.284000e-03 3.345120e-01
304 6.616040e-01 3.288000e-03 3.351080e-01
305 6.609080e-01 3.476000e-03 3.356160e-01
306 6.602680e-01 3.472000e-03 3.362600e-01
307 6.596040e-01 3.488000e-03 3.369080e-01
308 6.590760e-01 3.444000e-03 3.374800e-01
309 6.585480e-01 3.332000e-03 3.381200e-01
310 6.579400e-01 3.424000e-03 3.386360e-01
311 6.573200e-01 3.356000e-03 3.393240e-01
312 6.566760e-01 3.372000e-03 3.399520e-01
313 6.559960e-01 3.468000e-03 3.405360e-01
314 6.553560e-01 3.612000e-03 3.410320e-01
315 6.547440e-01 3.648000e-03 3.416080e-01
316 6.541920e-01 3.588000e-03 3.422200e-01
317 6.536240e-01 3.576000e-03 3.428000e-01
318 6.529680e-01 3.560000e-03 3.434720e-01
319 6.523720e-01 3.624000e-03 3.440040e-01
320 6.518000e-01 3.544000e-03 3.446560e-01
321 6.510680e-01 3.704000e-03 3.452280e-01
322 6.502920e-01 3.792000e-03 3.459160e-01
323 6.496120e-01 3.760000e-03 3.466280e-01
324 6.489920e-01 3.776000e-03 3.472320e-01
325 6.483720e-01 3.624000e-03 3.480040e-01
326 6.477400e-01 3.660000e-03 3.486000e-01
327 6.471560e-01 3.584000e-03 3.492600e-01
328 6.464960e-01 3.596000e-03 3.499080e-01
329 6.458320e-01 3.672000e-03 3.504960e-01
330 6.451640e-01 3.628000e-03 3.512080e-01
331 6.446320e-01 3.556000e-03 3.518120e-01
332 6.440000e-01 3.592000e-03 3.524080e-01
333 6.434440e-01 3.476000e-03 3.530800e-01
334 6.428400e-01 3.548000e-03 3.536120e-01
335 6.423200e-01 3.420000e-03 3.542600e-01
336 6.418360e-01 3.268000e-03 3.548960e-01
337 6.412920e-01 3.340000e-03 3.553680e-01
338 6.407400e-01 3.384000e-03 3.558760e-01
339 6.402560e-01 3.276000e-03 3.564680e-01
340 6.397200e-01 3.276000e-03 3.570040e-01
341 6.392080e-01 3.224000e-03 3.575680e-01
342 6.386800e-01 3.152000e-03 3.581680e-01
343 6.381440e-01 3.092000e-03 3.587640e-01
344 6.376480e-01 3.024000e-03 3.593280e-01
345 6.371720e-01 2.952000e-03 3.598760e-01
346 6.367800e-01 2.832000e-03 3.603880e-01
347 6.362960e-01 2.764000e-03 3.609400e-01
348 6.358000e-01 2.732000e-03 3.614680e-01
349 6.353680e-01 2.708000e-03 3.619240e-01
350 6.349280e-01 2.716000e-03 3.623560e-01
351 6.343480e-01 2.844000e-03 3.628080e-01
352 6.339000e-01 2.780000e-03 3.633200e-01
353 6.334520e-01 2.728000e-03 3.638200e-01
354 6.329680e-01 2.736000e-03 3.642960e-01
355 6.324280e-01 2.800000e-03 3.647720e-01
356 6.319760e-01 2.776000e-03 3.652480e-01
357 6.315440e-01 2.728000e-03 3.657280e-01
358 6.312240e-01 2.520000e-03 3.662560e-01
359 6.308200e-01 2.452000e-03 3.667280e-01
360 6.303320e-01 2.532000e-03 3.671360e-01
361 6.299640e-01 2.360000e-03 3.676760e-01
362 6.296440e-01 2.272000e-03 3.680840e-01
363 6.292880e-01 2.192000e-03 3.685200e-01
364 6.289200e-01 2.140000e-03 3.689400e-01
365 6.285800e-01 2.056000e-03 3.693640e-01
366 6.282640e-01 2.020000e-03 3.697160e-01
367 6.278920e-01 2.072000e-03 3.700360e-01
368 6.275320e-01 1.988000e-03 3.704800e-01
369 6.272320e-01 1.968000e-03 3.708000e-01
370 6.269040e-01 1.936000e-03 3.711600e-01
371 6.265440e-01 1.972000e-03 3.714840e-01
372 6.262960e-01 1.904000e-03 3.718000e-01
373 6.260520e-01 1.836000e-03 3.721120e-01
374 6.257720e-01 1.812000e-03 3.724160e-01
375 6.254360e-01 1.848000e-03 3.727160e-01
376 6.251080e-01 1.872000e-03 3.730200e-01
377 6.247880e-01 1.832000e-03 3.733800e-01
378 6.245120e-01 1.768000e-03 3.737200e-01
379 6.242400e-01 1.704000e-03 3.740560e-01
380 6.239720e-01 1.664000e-03 3.743640e-01
381 6.237200e-01 1.656000e-03 3.746240e-01
382 6.234760e-01 1.612000e-03 3.749120e-01
383 6.231760e-01 1.624000e-03 3.752000e-01
384 6.228760e-01 1.636000e-03 3.754880e-01
385 6.226000e-01 1.624000e-03 3.757760e-01
386 6.223040e-01 1.636000e-03 3.760600e-01
387 6.220000e-01 1.640000e-03 3.763600e-01
388 6.217480e-01 1.604000e-03 3.766480e-01
389 6.214280e-01 1.616000e-03 3.769560e-01
390 6.211960e-01 1.600000e-03 3.772040e-01
391 6.208720e-01 1.672000e-03 3.774560e-01
392 6.205640e-01 1.648000e-03 3.777880e-01
393 6.202960e-01 1.632000e-03 3.780720e-01
394 6.199880e-01 1.656000e-03 3.783560e-01
395 6.196960e-01 1.620000e-03 3.786840e-01
396 6.193840e-01 1.648000e-03 3.789680e-01
397 6.191200e-01 1.640000e-03 3.792400e-01
398 6.188760e-01 1.596000e-03 3.795280e-01
399 6.186200e-01 1.576000e-03 3.798040e-01
400 6.183320e-01 1.600000e-03 3.800680e-01
401 6.179920e-01 1.628000e-03 3.803800e-01
402 6.177120e-01 1.656000e-03 3.806320e-01
403 6.173120e-01 1.796000e-03 3.808920e-01
404 6.168800e-01 1.952000e-03 3.811680e-01
405 6.165000e-01 2.008000e-03 3.814920e-01
406 6.161840e-01 1.944000e-03 3.818720e-01
407 6.157800e-01 2.000000e-03 3.822200e-01
408 6.154760e-01 1.888000e-03 3.826360e-01
409 6.151520e-01 1.844000e-03 3.830040e-01
410 6.148400e-01 1.836000e-03 3.833240e-01
411 6.146160e-01 1.704000e-03 3.836800e-01
412 6.142920e-01 1.716000e-03 3.839920e-01
413 6.139920e-01 1.636000e-03 3.843720e-01
414 6.136840e-01 1.696000e-03 3.846200e-01
415 6.133960e-01 1.668000e-03 3.849360e-01
416 6.130680e-01 1.728000e-03 3.852040e-01
417 6.126600e-01 1.876000e-03 3.854640e-01
418 6.123920e-01 1.776000e-03 3.858320e-01
419 6.121160e-01 1.704000e-03 3.861800e-01
420 6.118880e-01 1.616000e-03 3.864960e-01
421 6.116360e-01 1.564000e-03 3.868000e-01
422 6.114080e-01 1.528000e-03 3.870640e-01
423 6.111760e-01 1.496000e-03 3.873280e-01
424 6.109760e-01 1.528000e-03 3.874960e-01
425 6.107000e-01 1.500000e-03 3.878000e-01
426 6.104720e-01 1.500000e-03 3.880280e-01
427 6.102200e-01 1.528000e-03 3.882520e-01
428 6.098760e-01 1.556000e-03 3.885680e-01
429 6.096000e-01 1.552000e-03 3.888480e-01
430 6.093720e-01 1.528000e-03 3.891000e-01
431 6.091520e-01 1.496000e-03 3.893520e-01
432 6.088880e-01 1.464000e-03 3.896480e-01
433 6.086120e-01 1.472000e-03 3.899160e-01
434 6.084120e-01 1.436000e-03 3.901520e-01
435 6.081800e-01 1.432000e-03 3.903880e-01
436 6.078920e-01 1.488000e-03 3.906200e-01
437 6.076320e-01 1.452000e-03 3.909160e-01
438 6.074320e-01 1.344000e-03 3.912240e-01
439 6.071680e-01 1.368000e-03 3.914640e-01
440 6.068960e-01 1.424000e-03 3.916800e-01
441 6.066680e-01 1.400000e-03 3.919320e-01
442 6.064400e-01 1.348000e-03 3.922120e-01
443 6.062160e-01 1.304000e-03 3.924800e-01
444 6.060160e-01 1.308000e-03 3.926760e-01
445 6.058200e-01 1.312000e-03 3.928680e-01
446 6.055520e-01 1.372000e-03 3.930760e-01
447 6.052880e-01 1.384000e-03 3.933280e-01
448 6.050600e-01 1.360000e-03 3.935800e-01
449 6.048080e-01 1.380000e-03 3.938120e-01
450 6.045520e-01 1.384000e-03 3.940640e-01
451 6.043880e-01 1.260000e-03 3.943520e-01
452 6.041880e-01 1.224000e-03 3.945880e-01
453 6.040240e-01 1.188000e-03 3.947880e-01
454 6.038560e-01 1.152000e-03 3.949920e-01
455 6.036280e-01 1.216000e-03 3.951560e-01
456 6.034240e-01 1.152000e-03 3.954240e-01
457 6.031920e-01 1.164000e-03 3.956440e-01
458 6.029520e-01 1.200000e-03 3.958480e-01
459 6.027320e-01 1.180000e-03 3.960880e-01
460 6.025760e-01 1.096000e-03 3.963280e-01
461 6.023800e-01 1.104000e-03 3.965160e-01
462 6.021760e-01 1.112000e-03 3.967120e-01
463 6.019720e-01 1.140000e-03 3.968880e-01
464 6.017600e-01 1.140000e-03 3.971000e-01
465 6.016000e-01 1.124000e-03 3.972760e-01
466 6.014160e-01 1.080000e-03 3.975040e-01
467 6.012640e-01 1.052000e-03 3.976840e-01
468 6.011640e-01 9.800000e-04 3.978560e-01
469 6.010360e-01 9.840000e-04 3.979800e-01
470 6.008440e-01 1.024000e-03 3.981320e-01
471 6.007320e-01 9.720000e-04 3.982960e-01
472 6.006000e-01 9.480000e-04 3.984520e-01
473 6.004880e-01 8.800000e-04 3.986320e-01
474 6.003760e-01 8.320000e-04 3.987920e-01
475 6.002440e-01 8.000000e-04 3.989560e-01
476 6.001320e-01 7.760000e-04 3.990920e-01
477 5.999880e-01 7.640000e-04 3.992480e-01
478 5.998040e-01 8.320000e-04 3.993640e-01
479 5.996840e-01 7.800000e-04 3.995360e-01
480 5.995080e-01 8.240000e-04 3.996680e-01
481 5.993160e-01 8.640000e-04 3.998200e-01
482 5.990800e-01 9.520000e-04 3.999680e-01
483 5.988800e-01 9.680000e-04 4.001520e-01
484 5.985960e-01 1.044000e-03 4.003600e-01
485 5.983920e-01 1.084000e-03 4.005240e-01
486 5.981760e-01 1.116000e-03 4.007080e-01
487 5.979480e-01 1.184000e-03 4.008680e-01
488 5.977800e-01 1.136000e-03 4.010840e-01
489 5.975800e-01 1.172000e-03 4.012480e-01
490 5.974040e-01 1.168000e-03 4.014280e-01
491 5.972680e-01 1.072000e-03 4.016600e-01
492 5.971600e-01 1.008000e-03 4.018320e-01
493 5.970040e-01 9.960000e-04 4.020000e-01
494 5.968600e-01 9.600000e-04 4.021800e-01
495 5.967520e-01 9.120000e-04 4.023360e-01
496 5.966400e-01 8.560000e-04 4.025040e-01
497 5.965080e-01 8.160000e-04 4.026760e-01
498 5.963920e-01 8.320000e-04 4.027760e-01
499 5.962680e-01 7.480000e-04 4.029840e-01
500 5.961800e-01 7.240000e-04 4.030960e-01
