1 9.992200e-01 7.120000e-04 6.800000e-05
2 9.987240e-01 1.068000e-03 2.080000e-04
3 9.981160e-01 1.476000e-03 4.080000e-04
4 9.974000e-01 1.868000e-03 7.320000e-04
5 9.965560e-01 2.324000e-03 1.120000e-03
6 9.957240e-01 2.692000e-03 1.584000e-03
7 9.947480e-01 3.188000e-03 2.064000e-03
8 9.938040e-01 3.472000e-03 2.724000e-03
9 9.927640e-01 3.816000e-03 3.420000e-03
10 9.917200e-01 4.152000e-03 4.128000e-03
11 9.907280e-01 4.436000e-03 4.836000e-03
12 9.896760e-01 4.720000e-03 5.604000e-03
13 9.885160e-01 4.996000e-03 6.488000e-03
14 9.873920e-01 5.216000e-03 7.392000e-03
15 9.861920e-01 5.504000e-03 8.304000e-03
16 9.848840e-01 5.732000e-03 9.384000e-03
17 9.835640e-01 6.096000e-03 1.034000e-02
18 9.822280e-01 6.460000e-03 1.131200e-02
19 9.810400e-01 6.408000e-03 1.255200e-02
20 9.797040e-01 6.624000e-03 1.367200e-02
21 9.783360e-01 6.848000e-03 1.481600e-02
22 9.770920e-01 6.924000e-03 1.598400e-02
23 9.758640e-01 6.984000e-03 1.715200e-02
24 9.745960e-01 6.976000e-03 1.842800e-02
25 9.733960e-01 6.936000e-03 1.966800e-02
26 9.720320e-01 7.100000e-03 2.086800e-02
27 9.706320e-01 7.216000e-03 2.215200e-02
28 9.693320e-01 7.292000e-03 2.337600e-02
29 9.680440e-01 7.232000e-03 2.472400e-02
30 9.668240e-01 7.136000e-03 2.604000e-02
31 9.654880e-01 7.208000e-03 2.730400e-02
32 9.641400e-01 7.260000e-03 2.860000e-02
33 9.628200e-01 7.316000e-03 2.986400e-02
34 9.614880e-01 7.400000e-03 3.111200e-02
35 9.601720e-01 7.288000e-03 3.254000e-02
36 9.588560e-01 7.452000e-03 3.369200e-02
37 9.573960e-01 7.664000e-03 3.494000e-02
38 9.560440e-01 7.648000e-03 3.630800e-02
39 9.545960e-01 7.756000e-03 3.764800e-02
40 9.532240e-01 7.876000e-03 3.890000e-02
41 9.516840e-01 8.072000e-03 4.024400e-02
42 9.504400e-01 7.928000e-03 4.163200e-02
43 9.489680e-01 7.940000e-03 4.309200e-02
44 9.475480e-01 8.048000e-03 4.440400e-02
45 9.460920e-01 8.140000e-03 4.576800e-02
46 9.444800e-01 8.296000e-03 4.722400e-02
47 9.429480e-01 8.352000e-03 4.870000e-02
48 9.413800e-01 8.432000e-03 5.018800e-02
49 9.398960e-01 8.472000e-03 5.163200e-02
50 9.383720e-01 8.372000e-03 5.325600e-02
51 9.369640e-01 8.312000e-03 5.472400e-02
52 9.355440e-01 8.320000e-03 5.613600e-02
53 9.341760e-01 8.124000e-03 5.770000e-02
54 9.327360e-01 8.084000e-03 5.918000e-02
55 9.313720e-01 8.080000e-03 6.054800e-02
56 9.300040e-01 7.904000e-03 6.209200e-02
57 9.285120e-01 7.904000e-03 6.358400e-02
58 9.270560e-01 7.932000e-03 6.501200e-02
59 9.255760e-01 7.916000e-03 6.650800e-02
60 9.242560e-01 7.856000e-03 6.788800e-02
61 9.228560e-01 7.868000e-03 6.927600e-02
62 9.215120e-01 7.872000e-03 7.061600e-02
63 9.201920e-01 7.784000e-03 7.202400e-02
64 9.187080e-01 7.916000e-03 7.337600e-02
65 9.171880e-01 7.996000e-03 7.481600e-02
66 9.158240e-01 7.992000e-03 7.618400e-02
67 9.144640e-01 7.924000e-03 7.761200e-02
68 9.130160e-01 7.836000e-03 7.914800e-02
69 9.115200e-01 7.996000e-03 8.048400e-02
70 9.100800e-01 8.096000e-03 8.182400e-02
71 9.087480e-01 7.960000e-03 8.329200e-02
72 9.073280e-01 8.016000e-03 8.465600e-02
73 9.060640e-01 7.892000e-03 8.604400e-02
74 9.046840e-01 7.836000e-03 8.748000e-02
75 9.034200e-01 7.664000e-03 8.891600e-02
76 9.021440e-01 7.472000e-03 9.038400e-02
77 9.009440e-01 7.500000e-03 9.155600e-02
78 8.997120e-01 7.284000e-03 9.300400e-02
79 8.985880e-01 7.120000e-03 9.429200e-02
80 8.975000e-01 6.964000e-03 9.553600e-02
81 8.963960e-01 6.976000e-03 9.662800e-02
82 8.951800e-01 6.908000e-03 9.791200e-02
83 8.941680e-01 6.852000e-03 9.898000e-02
84 8.930720e-01 6.848000e-03 1.000800e-01
85 8.919480e-01 6.824000e-03 1.012280e-01
86 8.909080e-01 6.640000e-03 1.024520e-01
87 8.898280e-01 6.548000e-03 1.036240e-01
88 8.886240e-01 6.596000e-03 1.047800e-01
89 8.874320e-01 6.616000e-03 1.059520e-01
90 8.862800e-01 6.596000e-03 1.071240e-01
91 8.851680e-01 6.524000e-03 1.083080e-01
92 8.837360e-01 6.856000e-03 1.094080e-01
93 8.824440e-01 6.884000e-03 1.106720e-01
94 8.812280e-01 6.844000e-03 1.119280e-01
95 8.799080e-01 6.948000e-03 1.131440e-01
96 8.786560e-01 7.000000e-03 1.143440e-01
97 8.774200e-01 7.036000e-03 1.155440e-01
98 8.761960e-01 7.076000e-03 1.167280e-01
99 8.750680e-01 6.904000e-03 1.180280e-01
100 8.738640e-01 6.868000e-03 1.192680e-01
101 8.726800e-01 6.868000e-03 1.204520e-01
102 8.715320e-01 6.928000e-03 1.215400e-01
103 8.703160e-01 7.004000e-03 1.226800e-01
104 8.691560e-01 6.920000e-03 1.239240e-01
105 8.680280e-01 6.788000e-03 1.251840e-01
106 8.668760e-01 6.672000e-03 1.264520e-01
107 8.657360e-01 6.672000e-03 1.275920e-01
108 8.645360e-01 6.632000e-03 1.288320e-01
109 8.634920e-01 6.580000e-03 1.299280e-01
110 8.623880e-01 6.468000e-03 1.311440e-01
111 8.613200e-01 6.436000e-03 1.322440e-01
112 8.601480e-01 6.492000e-03 1.333600e-01
113 8.590200e-01 6.456000e-03 1.345240e-01
114 8.579160e-01 6.448000e-03 1.356360e-01
115 8.567360e-01 6.548000e-03 1.367160e-01
116 8.555840e-01 6.536000e-03 1.378800e-01
117 8.545000e-01 6.456000e-03 1.390440e-01
118 8.534040e-01 6.420000e-03 1.401760e-01
119 8.523200e-01 6.448000e-03 1.412320e-01
120 8.511120e-01 6.388000e-03 1.425000e-01
121 8.500640e-01 6.216000e-03 1.437200e-01
122 8.490640e-01 6.056000e-03 1.448800e-01
123 8.480880e-01 6.080000e-03 1.458320e-01
124 8.470600e-01 5.996000e-03 1.469440e-01
125 8.460680e-01 5.932000e-03 1.480000e-01
126 8.448240e-01 6.148000e-03 1.490280e-01
127 8.438320e-01 6.124000e-03 1.500440e-01
128 8.428600e-01 6.040000e-03 1.511000e-01
129 8.417560e-01 6.196000e-03 1.520480e-01
130 8.407320e-01 6.156000e-03 1.531120e-01
131 8.397440e-01 6.084000e-03 1.541720e-01
132 8.387720e-01 6.020000e-03 1.552080e-01
133 8.378040e-01 5.884000e-03 1.563120e-01
134 8.367320e-01 5.904000e-03 1.573640e-01
135 8.357040e-01 5.892000e-03 1.584040e-01
136 8.346880e-01 5.816000e-03 1.594960e-01
137 8.336880e-01 5.788000e-03 1.605240e-01
138 8.326240e-01 5.788000e-03 1.615880e-01
139 8.315840e-01 5.816000e-03 1.626000e-01
140 8.304840e-01 5.928000e-03 1.635880e-01
141 8.294320e-01 5.836000e-03 1.647320e-01
142 8.284000e-01 5.912000e-03 1.656880e-01
143 8.274360e-01 5.820000e-03 1.667440e-01
144 8.263720e-01 5.884000e-03 1.677440e-01
145 8.254040e-01 5.860000e-03 1.687360e-01
146 8.244800e-01 5.828000e-03 1.696920e-01
147 8.234520e-01 5.824000e-03 1.707240e-01
148 8.223080e-01 6.016000e-03 1.716760e-01
149 8.213440e-01 5.868000e-03 1.727880e-01
150 8.203000e-01 5.828000e-03 1.738720e-01
151 8.193680e-01 5.748000e-03 1.748840e-01
152 8.184360e-01 5.676000e-03 1.758880e-01
153 8.175880e-01 5.436000e-03 1.769760e-01
154 8.166280e-01 5.392000e-03 1.779800e-01
155 8.156120e-01 5.376000e-03 1.790120e-01
156 8.146200e-01 5.396000e-03 1.799840e-01
157 8.137840e-01 5.268000e-03 1.809480e-01
158 8.128720e-01 5.292000e-03 1.818360e-01
159 8.119160e-01 5.340000e-03 1.827440e-01
160 8.109400e-01 5.376000e-03 1.836840e-01
161 8.099720e-01 5.428000e-03 1.846000e-01
162 8.091200e-01 5.292000e-03 1.855880e-01
163 8.082080e-01 5.316000e-03 1.864760e-01
164 8.073880e-01 5.244000e-03 1.873680e-01
165 8.065760e-01 5.204000e-03 1.882200e-01
166 8.058000e-01 5.076000e-03 1.891240e-01
167 8.048360e-01 5.224000e-03 1.899400e-01
168 8.040560e-01 5.052000e-03 1.908920e-01
169 8.031160e-01 5.164000e-03 1.917200e-01
170 8.022480e-01 5.060000e-03 1.926920e-01
171 8.012840e-01 5.136000e-03 1.935800e-01
172 8.003440e-01 5.080000e-03 1.945760e-01
173 7.994440e-01 5.084000e-03 1.954720e-01
174 7.985120e-01 5.132000e-03 1.963560e-01
175 7.976640e-01 5.056000e-03 1.972800e-01
176 7.967520e-01 5.048000e-03 1.982000e-01
177 7.958200e-01 5.108000e-03 1.990720e-01
178 7.950160e-01 5.020000e-03 1.999640e-01
179 7.942520e-01 4.860000e-03 2.008880e-01
180 7.935320e-01 4.656000e-03 2.018120e-01
181 7.927600e-01 4.724000e-03 2.025160e-01
182 7.920040e-01 4.680000e-03 2.033160e-01
183 7.911280e-01 4.836000e-03 2.040360e-01
184 7.903360e-01 4.728000e-03 2.049360e-01
185 7.894560e-01 4.748000e-03 2.057960e-01
186 7.887240e-01 4.700000e-03 2.065760e-01
187 7.880800e-01 4.584000e-03 2.073360e-01
188 7.873520e-01 4.620000e-03 2.080280e-01
189 7.866320e-01 4.556000e-03 2.088120e-01
190 7.859360e-01 4.436000e-03 2.096280e-01
191 7.851440e-01 4.464000e-03 2.103920e-01
192 7.844120e-01 4.532000e-03 2.110560e-01
193 7.835520e-01 4.600000e-03 2.118480e-01
194 7.827720e-01 4.508000e-03 2.127200e-01
195 7.820160e-01 4.368000e-03 2.136160e-01
196 7.812080e-01 4.408000e-03 2.143840e-01
197 7.804800e-01 4.288000e-03 2.152320e-01
198 7.797000e-01 4.220000e-03 2.160800e-01
199 7.790480e-01 4.036000e-03 2.169160e-01
200 7.783800e-01 4.028000e-03 2.175920e-01
201 7.777240e-01 4.024000e-03 2.182520e-01
202 7.770600e-01 3.976000e-03 2.189640e-01
203 7.764880e-01 3.860000e-03 2.196520e-01
204 7.759040e-01 3.760000e-03 2.203360e-01
205 7.752920e-01 3.720000e-03 2.209880e-01
206 7.746600e-01 3.732000e-03 2.216080e-01
207 7.739680e-01 3.852000e-03 2.221800e-01
208 7.733800e-01 3.736000e-03 2.228840e-01
209 7.727480e-01 3.664000e-03 2.235880e-01
210 7.722240e-01 3.580000e-03 2.241960e-01
211 7.716360e-01 3.580000e-03 2.247840e-01
212 7.710240e-01 3.684000e-03 2.252920e-01
213 7.704240e-01 3.624000e-03 2.259520e-01
214 7.698200e-01 3.548000e-03 2.266320e-01
215 7.692520e-01 3.484000e-03 2.272640e-01
216 7.686080e-01 3.516000e-03 2.278760e-01
217 7.680480e-01 3.480000e-03 2.284720e-01
218 7.674960e-01 3.364000e-03 2.291400e-01
219 7.670360e-01 3.128000e-03 2.298360e-01
220 7.663440e-01 3.252000e-03 2.304040e-01
221 7.657600e-01 3.280000e-03 2.309600e-01
222 7.653080e-01 3.208000e-03 2.314840e-01
223 7.648520e-01 3.088000e-03 2.320600e-01
224 7.642400e-01 3.200000e-03 2.325600e-01
225 7.635520e-01 3.276000e-03 2.331720e-01
226 7.628840e-01 3.420000e-03 2.336960e-01
227 7.622800e-01 3.384000e-03 2.343360e-01
228 7.616280e-01 3.468000e-03 2.349040e-01
229 7.609440e-01 3.492000e-03 2.355640e-01
230 7.603000e-01 3.484000e-03 2.362160e-01
231 7.597400e-01 3.396000e-03 2.368640e-01
232 7.590840e-01 3.448000e-03 2.374680e-01
233 7.583760e-01 3.492000e-03 2.381320e-01
234 7.577720e-01 3.508000e-03 2.387200e-01
235 7.571560e-01 3.528000e-03 2.393160e-01
236 7.564200e-01 3.668000e-03 2.399120e-01
237 7.557600e-01 3.656000e-03 2.405840e-01
238 7.551840e-01 3.564000e-03 2.412520e-01
239 7.545080e-01 3.616000e-03 2.418760e-01
240 7.538720e-01 3.552000e-03 2.425760e-01
241 7.532240e-01 3.556000e-03 2.432200e-01
242 7.526600e-01 3.460000e-03 2.438800e-01
243 7.520040e-01 3.504000e-03 2.444920e-01
244 7.513800e-01 3.496000e-03 2.451240e-01
245 7.507280e-01 3.452000e-03 2.458200e-01
246 7.501640e-01 3.432000e-03 2.464040e-01
247 7.496720e-01 3.344000e-03 2.469840e-01
248 7.491280e-01 3.272000e-03 2.476000e-01
249 7.485320e-01 3.300000e-03 2.481680e-01
250 7.478920e-01 3.480000e-03 2.486280e-01
251 7.472960e-01 3.496000e-03 2.492080e-01
252 7.467000e-01 3.472000e-03 2.498280e-01
253 7.460800e-01 3.428000e-03 2.504920e-01
254 7.454800e-01 3.512000e-03 2.510080e-01
255 7.448880e-01 3.556000e-03 2.515560e-01
256 7.442680e-01 3.580000e-03 2.521520e-01
257 7.435840e-01 3.616000e-03 2.528000e-01
258 7.429600e-01 3.652000e-03 2.533880e-01
259 7.423680e-01 3.608000e-03 2.540240e-01
260 7.418040e-01 3.544000e-03 2.546520e-01
261 7.411920e-01 3.568000e-03 2.552400e-01
262 7.405640e-01 3.660000e-03 2.557760e-01
263 7.399400e-01 3.636000e-03 2.564240e-01
264 7.393080e-01 3.600000e-03 2.570920e-01
265 7.387680e-01 3.508000e-03 2.577240e-01
266 7.382960e-01 3.444000e-03 2.582600e-01
267 7.377000e-01 3.408000e-03 2.588920e-01
268 7.371880e-01 3.348000e-03 2.594640e-01
269 7.366440e-01 3.280000e-03 2.600760e-01
270 7.361840e-01 3.196000e-03 2.606200e-01
271 7.356680e-01 3.104000e-03 2.612280e-01
272 7.351760e-01 3.044000e-03 2.617800e-01
273 7.347000e-01 2.936000e-03 2.623640e-01
274 7.342480e-01 2.904000e-03 2.628480e-01
275 7.337280e-01 2.928000e-03 2.633440e-01
276 7.332280e-01 2.944000e-03 2.638280e-01
277 7.326600e-01 2.992000e-03 2.643480e-01
278 7.320320e-01 3.088000e-03 2.648800e-01
279 7.314920e-01 3.112000e-03 2.653960e-01
280 7.309720e-01 3.076000e-03 2.659520e-01
281 7.304880e-01 3.088000e-03 2.664240e-01
282 7.300520e-01 2.964000e-03 2.669840e-01
283 7.295160e-01 2.988000e-03 2.674960e-01
284 7.289240e-01 2.988000e-03 2.680880e-01
285 7.283680e-01 3.024000e-03 2.686080e-01
286 7.278080e-01 3.108000e-03 2.690840e-01
287 7.272120e-01 3.116000e-03 2.696720e-01
288 7.265840e-01 3.176000e-03 2.702400e-01
289 7.259280e-01 3.288000e-03 2.707840e-01
290 7.253080e-01 3.380000e-03 2.713120e-01
291 7.246640e-01 3.384000e-03 2.719520e-01
292 7.240720e-01 3.364000e-03 2.725640e-01
293 7.235200e-01 3.268000e-03 2.732120e-01
294 7.230440e-01 3.180000e-03 2.737760e-01
295 7.225320e-01 3.140000e-03 2.743280e-01
296 7.220640e-01 3.064000e-03 2.748720e-01
297 7.216120e-01 3.048000e-03 2.753400e-01
298 7.211800e-01 2.952000e-03 2.758680e-01
299 7.207400e-01 2.952000e-03 2.763080e-01
300 7.202440e-01 2.876000e-03 2.768800e-01
301 7.198040e-01 2.820000e-03 2.773760e-01
302 7.193360e-01 2.800000e-03 2.778640e-01
303 7.188400e-01 2.812000e-03 2.783480e-01
304 7.183880e-01 2.748000e-03 2.788640e-01
305 7.179520e-01 2.672000e-03 2.793760e-01
306 7.175720e-01 2.648000e-03 2.797800e-01
307 7.171840e-01 2.548000e-03 2.802680e-01
308 7.167480e-01 2.548000e-03 2.807040e-01
309 7.163480e-01 2.520000e-03 2.811320e-01
310 7.159560e-01 2.420000e-03 2.816240e-01
311 7.155560e-01 2.428000e-03 2.820160e-01
312 7.150880e-01 2.404000e-03 2.825080e-01
313 7.146600e-01 2.464000e-03 2.828760e-01
314 7.142240e-01 2.468000e-03 2.833080e-01
315 7.138680e-01 2.384000e-03 2.837480e-01
316 7.134880e-01 2.348000e-03 2.841640e-01
317 7.131040e-01 2.336000e-03 2.845600e-01
318 7.127680e-01 2.272000e-03 2.849600e-01
319 7.124560e-01 2.228000e-03 2.853160e-01
320 7.120880e-01 2.180000e-03 2.857320e-01
321 7.118280e-01 2.076000e-03 2.860960e-01
322 7.115400e-01 2.052000e-03 2.864080e-01
323 7.112160e-01 2.072000e-03 2.867120e-01
324 7.109920e-01 1.956000e-03 2.870520e-01
325 7.106920e-01 1.868000e-03 2.874400e-01
326 7.104200e-01 1.760000e-03 2.878200e-01
327 7.100840e-01 1.784000e-03 2.881320e-01
328 7.097480e-01 1.800000e-03 2.884520e-01
329 7.094560e-01 1.740000e-03 2.888040e-01
330 7.091320e-01 1.764000e-03 2.891040e-01
331 7.088040e-01 1.788000e-03 2.894080e-01
332 7.084880e-01 1.840000e-03 2.896720e-01
333 7.081560e-01 1.856000e-03 2.899880e-01
334 7.078560e-01 1.776000e-03 2.903680e-01
335 7.075880e-01 1.756000e-03 2.906560e-01
336 7.072640e-01 1.784000e-03 2.909520e-01
337 7.069760e-01 1.828000e-03 2.911960e-01
338 7.066880e-01 1.756000e-03 2.915560e-01
339 7.064480e-01 1.732000e-03 2.918200e-01
340 7.061880e-01 1.664000e-03 2.921480e-01
341 7.058800e-01 1.624000e-03 2.924960e-01
342 7.055920e-01 1.648000e-03 2.927600e-01
343 7.053000e-01 1.648000e-03 2.930520e-01
344 7.049960e-01 1.676000e-03 2.933280e-01
345 7.047480e-01 1.656000e-03 2.935960e-01
346 7.044440e-01 1.720000e-03 2.938360e-01
347 7.041760e-01 1.716000e-03 2.941080e-01
348 7.038840e-01 1.700000e-03 2.944160e-01
349 7.036480e-01 1.664000e-03 2.946880e-01
350 7.034400e-01 1.632000e-03 2.949280e-01
351 7.031880e-01 1.632000e-03 2.951800e-01
352 7.029440e-01 1.576000e-03 2.954800e-01
353 7.026840e-01 1.552000e-03 2.957640e-01
354 7.024000e-01 1.560000e-03 2.960400e-01
355 7.021800e-01 1.532000e-03 2.962880e-01
356 7.019520e-01 1.496000e-03 2.965520e-01
357 7.016880e-01 1.496000e-03 2.968160e-01
358 7.014440e-01 1.496000e-03 2.970600e-01
359 7.011800e-01 1.532000e-03 2.972880e-01
360 7.009360e-01 1.548000e-03 2.975160e-01
361 7.006480e-01 1.592000e-03 2.977600e-01
362 7.003920e-01 1.588000e-03 2.980200e-01
363 7.001280e-01 1.584000e-03 2.982880e-01
364 6.999440e-01 1.480000e-03 2.985760e-01
365 6.997280e-01 1.452000e-03 2.988200e-01
366 6.994560e-01 1.512000e-03 2.990320e-01
367 6.991960e-01 1.524000e-03 2.992800e-01
368 6.989920e-01 1.496000e-03 2.995120e-01
369 6.987480e-01 1.476000e-03 2.997760e-01
370 6.985360e-01 1.416000e-03 3.000480e-01
371 6.983560e-01 1.364000e-03 3.002800e-01
372 6.981520e-01 1.336000e-03 3.005120e-01
373 6.979160e-01 1.360000e-03 3.007240e-01
374 6.977040e-01 1.336000e-03 3.009600e-01
375 6.975560e-01 1.332000e-03 3.011120e-01
376 6.973720e-01 1.276000e-03 3.013520e-01
377 6.971880e-01 1.276000e-03 3.015360e-01
378 6.970080e-01 1.228000e-03 3.017640e-01
379 6.968520e-01 1.168000e-03 3.019800e-01
380 6.967000e-01 1.112000e-03 3.021880e-01
381 6.965160e-01 1.116000e-03 3.023680e-01
382 6.963240e-01 1.100000e-03 3.025760e-01
383 6.960960e-01 1.136000e-03 3.027680e-01
384 6.958920e-01 1.124000e-03 3.029840e-01
385 6.956560e-01 1.140000e-03 3.032040e-01
386 6.954680e-01 1.152000e-03 3.033800e-01
387 6.952400e-01 1.188000e-03 3.035720e-01
388 6.950320e-01 1.220000e-03 3.037480e-01
389 6.948200e-01 1.220000e-03 3.039600e-01
390 6.946320e-01 1.184000e-03 3.041840e-01
391 6.944680e-01 1.176000e-03 3.043560e-01
392 6.943120e-01 1.172000e-03 3.045160e-01
393 6.941440e-01 1.156000e-03 3.047000e-01
394 6.939360e-01 1.128000e-03 3.049360e-01
395 6.937280e-01 1.112000e-03 3.051600e-01
396 6.935640e-01 1.100000e-03 3.053360e-01
397 6.933040e-01 1.168000e-03 3.055280e-01
398 6.930320e-01 1.212000e-03 3.057560e-01
399 6.927720e-01 1.252000e-03 3.059760e-01
400 6.925160e-01 1.320000e-03 3.061640e-01
401 6.922560e-01 1.324000e-03 3.064200e-01
402 6.920080e-01 1.320000e-03 3.066720e-01
403 6.917440e-01 1.348000e-03 3.069080e-01
404 6.914600e-01 1.424000e-03 3.071160e-01
405 6.911760e-01 1.464000e-03 3.073600e-01
406 6.909360e-01 1.452000e-03 3.076120e-01
407 6.907360e-01 1.400000e-03 3.078640e-01
408 6.904920e-01 1.388000e-03 3.081200e-01
409 6.902720e-01 1.384000e-03 3.083440e-01
410 6.900280e-01 1.380000e-03 3.085920e-01
411 6.897560e-01 1.392000e-03 3.088520e-01
412 6.895120e-01 1.412000e-03 3.090760e-01
413 6.892840e-01 1.364000e-03 3.093520e-01
414 6.890520e-01 1.348000e-03 3.096000e-01
415 6.888480e-01 1.364000e-03 3.097880e-01
416 6.886320e-01 1.320000e-03 3.100480e-01
417 6.884400e-01 1.280000e-03 3.102800e-01
418 6.882200e-01 1.252000e-03 3.105280e-01
419 6.880480e-01 1.220000e-03 3.107320e-01
420 6.879160e-01 1.172000e-03 3.109120e-01
421 6.877040e-01 1.192000e-03 3.111040e-01
422 6.875440e-01 1.132000e-03 3.113240e-01
423 6.873640e-01 1.088000e-03 3.115480e-01
424 6.872120e-01 1.028000e-03 3.117600e-01
425 6.870520e-01 1.020000e-03 3.119280e-01
426 6.868720e-01 1.016000e-03 3.121120e-01
427 6.867120e-01 1.008000e-03 3.122800e-01
428 6.865440e-01 9.760000e-04 3.124800e-01
429 6.863600e-01 9.880000e-04 3.126520e-01
430 6.861640e-01 9.920000e-04 3.128440e-01
431 6.859960e-01 9.840000e-04 3.130200e-01
432 6.857760e-01 1.016000e-03 3.132080e-01
433 6.856240e-01 1.020000e-03 3.133560e-01
434 6.854440e-01 1.040000e-03 3.135160e-01
435 6.852360e-01 1.060000e-03 3.137040e-01
436 6.851280e-01 9.920000e-04 3.138800e-01
437 6.848960e-01 1.048000e-03 3.140560e-01
438 6.847440e-01 1.008000e-03 3.142480e-01
439 6.845600e-01 1.036000e-03 3.144040e-01
440 6.844240e-01 1.016000e-03 3.145600e-01
441 6.842840e-01 9.720000e-04 3.147440e-01
442 6.840960e-01 9.600000e-04 3.149440e-01
443 6.840000e-01 9.080000e-04 3.150920e-01
444 6.838720e-01 9.080000e-04 3.152200e-01
445 6.837600e-01 8.320000e-04 3.154080e-01
446 6.835880e-01 8.480000e-04 3.155640e-01
447 6.834200e-01 8.600000e-04 3.157200e-01
448 6.832360e-01 8.960000e-04 3.158680e-01
449 6.830160e-01 9.520000e-04 3.160320e-01
450 6.828240e-01 9.560000e-04 3.162200e-01
451 6.826560e-01 9.320000e-04 3.164120e-01
452 6.825040e-01 9.440000e-04 3.165520e-01
453 6.823960e-01 8.880000e-04 3.167160e-01
454 6.822560e-01 8.760000e-04 3.168680e-01
455 6.820800e-01 9.400000e-04 3.169800e-01
456 6.819000e-01 9.520000e-04 3.171480e-01
457 6.816840e-01 9.880000e-04 3.173280e-01
458 6.815120e-01 9.760000e-04 3.175120e-01
459 6.813480e-01 9.440000e-04 3.177080e-01
460 6.811760e-01 9.400000e-04 3.178840e-01
461 6.809720e-01 1.012000e-03 3.180160e-01
462 6.807720e-01 9.920000e-04 3.182360e-01
463 6.806080e-01 9.640000e-04 3.184280e-01
464 6.804680e-01 9.120000e-04 3.186200e-01
465 6.803240e-01 9.280000e-04 3.187480e-01
466 6.801800e-01 8.960000e-04 3.189240e-01
467 6.800360e-01 8.840000e-04 3.190800e-01
468 6.799000e-01 8.640000e-04 3.192360e-01
469 6.798160e-01 8.200000e-04 3.193640e-01
470 6.797040e-01 7.960000e-04 3.195000e-01
471 6.795760e-01 7.680000e-04 3.196560e-01
472 6.794840e-01 7.400000e-04 3.197760e-01
473 6.794120e-01 6.760000e-04 3.199120e-01
474 6.792920e-01 6.800000e-04 3.200280e-01
475 6.791960e-01 6.400000e-04 3.201640e-01
476 6.791040e-01 6.280000e-04 3.202680e-01
477 6.790240e-01 6.040000e-04 3.203720e-01
478 6.789400e-01 5.360000e-04 3.205240e-01
479 6.789000e-01 4.920000e-04 3.206080e-01
480 6.788240e-01 5.160000e-04 3.206600e-01
481 6.787640e-01 5.000000e-04 3.207360e-01
482 6.786920e-01 4.880000e-04 3.208200e-01
483 6.786040e-01 5.160000e-04 3.208800e-01
484 6.785160e-01 5.360000e-04 3.209480e-01
485 6.783840e-01 5.640000e-04 3.210520e-01
486 6.782840e-01 5.800000e-04 3.211360e-01
487 6.781760e-01 5.720000e-04 3.212520e-01
488 6.780240e-01 6.240000e-04 3.213520e-01
489 6.779520e-01 5.880000e-04 3.214600e-01
490 6.778080e-01 6.120000e-04 3.215800e-01
491 6.776840e-01 6.320000e-04 3.216840e-01
492 6.775560e-01 6.520000e-04 3.217920e-01
493 6.774880e-01 6.200000e-04 3.218920e-01
494 6.773880e-01 6.080000e-04 3.220040e-01
495 6.772920e-01 5.920000e-04 3.221160e-01
496 6.772480e-01 5.160000e-04 3.222360e-01
497 6.771400e-01 5.360000e-04 3.223240e-01
498 6.770680e-01 5.360000e-04 3.223960e-01
499 6.770040e-01 5.000000e-04 3.224960e-01
500 6.769320e-01 5.080000e-04 3.225600e-01
