1 9.992040e-01 6.920000e-04 1.040000e-04
2 9.986920e-01 1.040000e-03 2.680000e-04
3 9.980000e-01 1.476000e-03 5.240000e-04
4 9.971600e-01 2.028000e-03 8.120000e-04
5 9.963720e-01 2.436000e-03 1.192000e-03
6 9.954760e-01 2.916000e-03 1.608000e-03
7 9.945440e-01 3.332000e-03 2.124000e-03
8 9.936000e-01 3.656000e-03 2.744000e-03
9 9.926200e-01 3.980000e-03 3.400000e-03
10 9.915080e-01 4.456000e-03 4.036000e-03
11 9.903800e-01 4.792000e-03 4.828000e-03
12 9.892920e-01 5.024000e-03 5.684000e-03
13 9.883000e-01 5.160000e-03 6.540000e-03
14 9.871560e-01 5.440000e-03 7.404000e-03
15 9.859760e-01 5.720000e-03 8.304000e-03
16 9.846360e-01 5.948000e-03 9.416000e-03
17 9.832360e-01 6.248000e-03 1.051600e-02
18 9.820440e-01 6.352000e-03 1.160400e-02
19 9.806640e-01 6.584000e-03 1.275200e-02
20 9.793880e-01 6.696000e-03 1.391600e-02
21 9.780280e-01 6.848000e-03 1.512400e-02
22 9.767240e-01 7.088000e-03 1.618800e-02
23 9.754240e-01 7.184000e-03 1.739200e-02
24 9.740760e-01 7.324000e-03 1.860000e-02
25 9.725960e-01 7.432000e-03 1.997200e-02
26 9.711880e-01 7.536000e-03 2.127600e-02
27 9.697200e-01 7.656000e-03 2.262400e-02
28 9.681960e-01 7.800000e-03 2.400400e-02
29 9.667520e-01 7.956000e-03 2.529200e-02
30 9.652320e-01 7.920000e-03 2.684800e-02
31 9.637440e-01 8.000000e-03 2.825600e-02
32 9.623720e-01 7.880000e-03 2.974800e-02
33 9.609600e-01 8.096000e-03 3.094400e-02
34 9.594240e-01 8.260000e-03 3.231600e-02
35 9.580080e-01 8.168000e-03 3.382400e-02
36 9.564840e-01 8.216000e-03 3.530000e-02
37 9.548560e-01 8.516000e-03 3.662800e-02
38 9.534120e-01 8.420000e-03 3.816800e-02
39 9.516840e-01 8.568000e-03 3.974800e-02
40 9.501040e-01 8.604000e-03 4.129200e-02
41 9.485280e-01 8.716000e-03 4.275600e-02
42 9.470800e-01 8.664000e-03 4.425600e-02
43 9.452920e-01 8.932000e-03 4.577600e-02
44 9.436320e-01 9.084000e-03 4.728400e-02
45 9.419720e-01 9.104000e-03 4.892400e-02
46 9.403640e-01 9.012000e-03 5.062400e-02
47 9.387560e-01 8.940000e-03 5.230400e-02
48 9.372240e-01 8.748000e-03 5.402800e-02
49 9.355480e-01 8.900000e-03 5.555200e-02
50 9.339040e-01 9.100000e-03 5.699600e-02
51 9.320920e-01 9.264000e-03 5.864400e-02
52 9.304560e-01 9.236000e-03 6.030800e-02
53 9.287040e-01 9.244000e-03 6.205200e-02
54 9.271120e-01 9.324000e-03 6.356400e-02
55 9.253240e-01 9.460000e-03 6.521600e-02
56 9.235760e-01 9.648000e-03 6.677600e-02
57 9.219040e-01 9.768000e-03 6.832800e-02
58 9.202040e-01 9.752000e-03 7.004400e-02
59 9.185280e-01 9.628000e-03 7.184400e-02
60 9.169000e-01 9.636000e-03 7.346400e-02
61 9.151800e-01 9.612000e-03 7.520800e-02
62 9.135400e-01 9.640000e-03 7.682000e-02
63 9.118120e-01 9.596000e-03 7.859200e-02
64 9.100560e-01 9.536000e-03 8.040800e-02
65 9.084040e-01 9.536000e-03 8.206000e-02
66 9.066560e-01 9.588000e-03 8.375600e-02
67 9.049400e-01 9.672000e-03 8.538800e-02
68 9.033800e-01 9.584000e-03 8.703600e-02
69 9.017760e-01 9.472000e-03 8.875200e-02
70 9.000400e-01 9.536000e-03 9.042400e-02
71 8.985120e-01 9.424000e-03 9.206400e-02
72 8.968200e-01 9.552000e-03 9.362800e-02
73 8.950040e-01 9.780000e-03 9.521600e-02
74 8.932320e-01 9.732000e-03 9.703600e-02
75 8.915560e-01 9.696000e-03 9.874800e-02
76 8.899120e-01 9.760000e-03 1.003280e-01
77 8.881320e-01 9.820000e-03 1.020480e-01
78 8.863440e-01 9.988000e-03 1.036680e-01
79 8.845360e-01 1.006000e-02 1.054040e-01
80 8.829280e-01 9.960000e-03 1.071120e-01
81 8.811760e-01 9.896000e-03 1.089280e-01
82 8.794080e-01 9.948000e-03 1.106440e-01
83 8.777200e-01 9.980000e-03 1.123000e-01
84 8.759160e-01 1.007600e-02 1.140080e-01
85 8.742120e-01 9.920000e-03 1.158680e-01
86 8.726800e-01 9.756000e-03 1.175640e-01
87 8.710120e-01 9.724000e-03 1.192640e-01
88 8.693360e-01 9.640000e-03 1.210240e-01
89 8.676560e-01 9.688000e-03 1.226560e-01
90 8.661080e-01 9.532000e-03 1.243600e-01
91 8.645400e-01 9.476000e-03 1.259840e-01
92 8.628960e-01 9.352000e-03 1.277520e-01
93 8.614600e-01 9.040000e-03 1.295000e-01
94 8.598400e-01 9.088000e-03 1.310720e-01
95 8.582960e-01 8.932000e-03 1.327720e-01
96 8.566440e-01 9.028000e-03 1.343280e-01
97 8.550080e-01 9.008000e-03 1.359840e-01
98 8.534520e-01 9.028000e-03 1.375200e-01
99 8.519040e-01 8.960000e-03 1.391360e-01
100 8.503120e-01 8.956000e-03 1.407320e-01
101 8.488840e-01 8.808000e-03 1.423080e-01
102 8.473880e-01 8.720000e-03 1.438920e-01
103 8.458800e-01 8.636000e-03 1.454840e-01
104 8.444600e-01 8.516000e-03 1.470240e-01
105 8.429920e-01 8.508000e-03 1.485000e-01
106 8.414520e-01 8.508000e-03 1.500400e-01
107 8.399240e-01 8.704000e-03 1.513720e-01
108 8.383680e-01 8.796000e-03 1.528360e-01
109 8.367520e-01 8.800000e-03 1.544480e-01
110 8.352880e-01 8.588000e-03 1.561240e-01
111 8.337960e-01 8.500000e-03 1.577040e-01
112 8.322680e-01 8.600000e-03 1.591320e-01
113 8.306920e-01 8.524000e-03 1.607840e-01
114 8.292880e-01 8.432000e-03 1.622800e-01
115 8.279720e-01 8.232000e-03 1.637960e-01
116 8.266240e-01 8.240000e-03 1.651360e-01
117 8.251280e-01 8.244000e-03 1.666280e-01
118 8.237880e-01 8.092000e-03 1.681200e-01
119 8.224760e-01 7.984000e-03 1.695400e-01
120 8.210280e-01 8.064000e-03 1.709080e-01
121 8.195440e-01 8.160000e-03 1.722960e-01
122 8.181440e-01 8.068000e-03 1.737880e-01
123 8.166160e-01 8.208000e-03 1.751760e-01
124 8.152440e-01 8.120000e-03 1.766360e-01
125 8.139080e-01 7.984000e-03 1.781080e-01
126 8.125080e-01 7.900000e-03 1.795920e-01
127 8.112120e-01 7.688000e-03 1.811000e-01
128 8.101120e-01 7.304000e-03 1.825840e-01
129 8.089040e-01 7.188000e-03 1.839080e-01
130 8.076160e-01 7.184000e-03 1.852000e-01
131 8.063480e-01 7.120000e-03 1.865320e-01
132 8.051560e-01 7.096000e-03 1.877480e-01
133 8.039480e-01 7.056000e-03 1.889960e-01
134 8.028040e-01 6.884000e-03 1.903120e-01
135 8.016320e-01 6.888000e-03 1.914800e-01
136 8.003440e-01 6.952000e-03 1.927040e-01
137 7.991600e-01 6.848000e-03 1.939920e-01
138 7.979920e-01 6.820000e-03 1.951880e-01
139 7.968080e-01 6.848000e-03 1.963440e-01
140 7.957680e-01 6.624000e-03 1.976080e-01
141 7.946320e-01 6.708000e-03 1.986600e-01
142 7.937120e-01 6.476000e-03 1.998120e-01
143 7.926320e-01 6.460000e-03 2.009080e-01
144 7.916720e-01 6.384000e-03 2.019440e-01
145 7.905640e-01 6.388000e-03 2.030480e-01
146 7.895720e-01 6.248000e-03 2.041800e-01
147 7.884880e-01 6.176000e-03 2.053360e-01
148 7.873760e-01 6.176000e-03 2.064480e-01
149 7.863080e-01 6.200000e-03 2.074920e-01
150 7.852280e-01 6.284000e-03 2.084880e-01
151 7.839760e-01 6.424000e-03 2.096000e-01
152 7.828680e-01 6.428000e-03 2.107040e-01
153 7.818280e-01 6.424000e-03 2.117480e-01
154 7.807600e-01 6.424000e-03 2.128160e-01
155 7.798000e-01 6.296000e-03 2.139040e-01
156 7.788520e-01 6.096000e-03 2.150520e-01
157 7.777640e-01 6.224000e-03 2.160120e-01
158 7.767480e-01 6.088000e-03 2.171640e-01
159 7.756800e-01 6.068000e-03 2.182520e-01
160 7.746280e-01 6.104000e-03 2.192680e-01
161 7.736000e-01 6.148000e-03 2.202520e-01
162 7.725440e-01 6.160000e-03 2.212960e-01
163 7.714720e-01 6.148000e-03 2.223800e-01
164 7.703800e-01 6.172000e-03 2.234480e-01
165 7.693400e-01 6.148000e-03 2.245120e-01
166 7.680520e-01 6.280000e-03 2.256680e-01
167 7.669360e-01 6.256000e-03 2.268080e-01
168 7.657920e-01 6.328000e-03 2.278800e-01
169 7.646880e-01 6.280000e-03 2.290320e-01
170 7.636080e-01 6.288000e-03 2.301040e-01
171 7.623760e-01 6.412000e-03 2.312120e-01
172 7.612440e-01 6.352000e-03 2.324040e-01
173 7.602760e-01 6.248000e-03 2.334760e-01
174 7.592960e-01 6.060000e-03 2.346440e-01
175 7.583880e-01 5.976000e-03 2.356360e-01
176 7.575160e-01 5.724000e-03 2.367600e-01
177 7.565000e-01 5.728000e-03 2.377720e-01
178 7.556520e-01 5.588000e-03 2.387600e-01
179 7.545960e-01 5.668000e-03 2.397360e-01
180 7.535440e-01 5.708000e-03 2.407480e-01
181 7.524880e-01 5.768000e-03 2.417440e-01
182 7.514440e-01 5.876000e-03 2.426800e-01
183 7.504800e-01 5.728000e-03 2.437920e-01
184 7.494160e-01 5.796000e-03 2.447880e-01
185 7.485280e-01 5.668000e-03 2.458040e-01
186 7.475080e-01 5.680000e-03 2.468120e-01
187 7.464400e-01 5.744000e-03 2.478160e-01
188 7.454600e-01 5.696000e-03 2.488440e-01
189 7.445440e-01 5.616000e-03 2.498400e-01
190 7.435440e-01 5.648000e-03 2.508080e-01
191 7.425560e-01 5.708000e-03 2.517360e-01
192 7.414440e-01 5.784000e-03 2.527720e-01
193 7.406280e-01 5.584000e-03 2.537880e-01
194 7.397440e-01 5.564000e-03 2.546920e-01
195 7.387800e-01 5.632000e-03 2.555880e-01
196 7.377880e-01 5.664000e-03 2.565480e-01
197 7.367960e-01 5.668000e-03 2.575360e-01
198 7.359240e-01 5.568000e-03 2.585080e-01
199 7.349920e-01 5.588000e-03 2.594200e-01
200 7.340040e-01 5.548000e-03 2.604480e-01
201 7.330280e-01 5.616000e-03 2.613560e-01
202 7.321080e-01 5.388000e-03 2.625040e-01
203 7.312720e-01 5.300000e-03 2.634280e-01
204 7.303440e-01 5.324000e-03 2.643320e-01
205 7.294360e-01 5.264000e-03 2.653000e-01
206 7.285680e-01 5.228000e-03 2.662040e-01
207 7.275680e-01 5.352000e-03 2.670800e-01
208 7.266840e-01 5.312000e-03 2.680040e-01
209 7.256840e-01 5.320000e-03 2.689960e-01
210 7.248120e-01 5.264000e-03 2.699240e-01
211 7.239400e-01 5.136000e-03 2.709240e-01
212 7.231640e-01 4.928000e-03 2.719080e-01
213 7.223880e-01 4.860000e-03 2.727520e-01
214 7.215200e-01 4.848000e-03 2.736320e-01
215 7.206720e-01 4.920000e-03 2.744080e-01
216 7.198240e-01 4.796000e-03 2.753800e-01
217 7.190560e-01 4.800000e-03 2.761440e-01
218 7.181800e-01 4.772000e-03 2.770480e-01
219 7.173800e-01 4.716000e-03 2.779040e-01
220 7.165080e-01 4.836000e-03 2.786560e-01
221 7.157600e-01 4.796000e-03 2.794440e-01
222 7.150000e-01 4.720000e-03 2.802800e-01
223 7.142600e-01 4.660000e-03 2.810800e-01
224 7.134160e-01 4.704000e-03 2.818800e-01
225 7.124680e-01 4.828000e-03 2.827040e-01
226 7.117480e-01 4.732000e-03 2.835200e-01
227 7.109440e-01 4.712000e-03 2.843440e-01
228 7.102480e-01 4.672000e-03 2.850800e-01
229 7.095240e-01 4.576000e-03 2.859000e-01
230 7.087160e-01 4.572000e-03 2.867120e-01
231 7.080360e-01 4.440000e-03 2.875240e-01
232 7.073640e-01 4.372000e-03 2.882640e-01
233 7.065920e-01 4.392000e-03 2.890160e-01
234 7.058160e-01 4.384000e-03 2.898000e-01
235 7.049800e-01 4.496000e-03 2.905240e-01
236 7.041880e-01 4.560000e-03 2.912520e-01
237 7.034000e-01 4.520000e-03 2.920800e-01
238 7.025880e-01 4.552000e-03 2.928600e-01
239 7.018040e-01 4.516000e-03 2.936800e-01
240 7.010760e-01 4.444000e-03 2.944800e-01
241 7.002520e-01 4.532000e-03 2.952160e-01
242 6.994600e-01 4.460000e-03 2.960800e-01
243 6.986480e-01 4.460000e-03 2.968920e-01
244 6.979920e-01 4.364000e-03 2.976440e-01
245 6.972720e-01 4.276000e-03 2.984520e-01
246 6.965800e-01 4.276000e-03 2.991440e-01
247 6.956920e-01 4.452000e-03 2.998560e-01
248 6.949280e-01 4.512000e-03 3.005600e-01
249 6.941360e-01 4.504000e-03 3.013600e-01
250 6.933240e-01 4.512000e-03 3.021640e-01
251 6.925600e-01 4.488000e-03 3.029520e-01
252 6.917480e-01 4.520000e-03 3.037320e-01
253 6.909720e-01 4.500000e-03 3.045280e-01
254 6.902080e-01 4.536000e-03 3.052560e-01
255 6.893360e-01 4.640000e-03 3.060240e-01
256 6.884640e-01 4.636000e-03 3.069000e-01
257 6.877200e-01 4.544000e-03 3.077360e-01
258 6.869400e-01 4.468000e-03 3.085920e-01
259 6.862240e-01 4.376000e-03 3.094000e-01
260 6.854760e-01 4.276000e-03 3.102480e-01
261 6.846960e-01 4.280000e-03 3.110240e-01
262 6.840680e-01 4.164000e-03 3.117680e-01
263 6.834320e-01 4.056000e-03 3.125120e-01
264 6.828680e-01 3.948000e-03 3.131840e-01
265 6.821800e-01 3.984000e-03 3.138360e-01
266 6.814560e-01 3.944000e-03 3.146000e-01
267 6.808320e-01 3.900000e-03 3.152680e-01
268 6.802000e-01 3.876000e-03 3.159240e-01
269 6.795800e-01 3.800000e-03 3.166200e-01
270 6.790240e-01 3.712000e-03 3.172640e-01
271 6.784400e-01 3.632000e-03 3.179280e-01
272 6.778880e-01 3.536000e-03 3.185760e-01
273 6.774400e-01 3.380000e-03 3.191800e-01
274 6.768560e-01 3.292000e-03 3.198520e-01
275 6.762600e-01 3.240000e-03 3.205000e-01
276 6.756840e-01 3.268000e-03 3.210480e-01
277 6.751680e-01 3.212000e-03 3.216200e-01
278 6.745720e-01 3.236000e-03 3.221920e-01
279 6.740200e-01 3.300000e-03 3.226800e-01
280 6.734600e-01 3.296000e-03 3.232440e-01
281 6.729800e-01 3.204000e-03 3.238160e-01
282 6.725680e-01 3.088000e-03 3.243440e-01
283 6.720760e-01 3.064000e-03 3.248600e-01
284 6.715040e-01 3.128000e-03 3.253680e-01
285 6.709880e-01 3.184000e-03 3.258280e-01
286 6.704960e-01 3.148000e-03 3.263560e-01
287 6.700720e-01 3.056000e-03 3.268720e-01
288 6.697600e-01 2.792000e-03 3.274480e-01
289 6.693840e-01 2.724000e-03 3.278920e-01
290 6.690240e-01 2.668000e-03 3.283080e-01
291 6.686520e-01 2.600000e-03 3.287480e-01
292 6.682600e-01 2.572000e-03 3.291680e-01
293 6.678800e-01 2.496000e-03 3.296240e-01
294 6.675000e-01 2.452000e-03 3.300480e-01
295 6.671360e-01 2.448000e-03 3.304160e-01
296 6.668600e-01 2.356000e-03 3.307840e-01
297 6.665600e-01 2.272000e-03 3.311680e-01
298 6.662760e-01 2.168000e-03 3.315560e-01
299 6.660040e-01 2.076000e-03 3.319200e-01
300 6.656760e-01 2.124000e-03 3.322000e-01
301 6.653520e-01 2.112000e-03 3.325360e-01
302 6.650280e-01 2.052000e-03 3.329200e-01
303 6.646840e-01 2.044000e-03 3.332720e-01
304 6.643280e-01 2.048000e-03 3.336240e-01
305 6.639760e-01 2.044000e-03 3.339800e-01
306 6.635960e-01 2.084000e-03 3.343200e-01
307 6.632080e-01 2.092000e-03 3.347000e-01
308 6.628760e-01 2.080000e-03 3.350440e-01
309 6.625480e-01 2.008000e-03 3.354440e-01
310 6.621320e-01 2.072000e-03 3.357960e-01
311 6.617680e-01 2.132000e-03 3.361000e-01
312 6.613640e-01 2.168000e-03 3.364680e-01
313 6.610000e-01 2.204000e-03 3.367960e-01
314 6.606800e-01 2.096000e-03 3.372240e-01
315 6.603640e-01 2.064000e-03 3.375720e-01
316 6.600600e-01 2.056000e-03 3.378840e-01
317 6.596920e-01 2.028000e-03 3.382800e-01
318 6.593840e-01 1.920000e-03 3.386960e-01
319 6.591280e-01 1.824000e-03 3.390480e-01
320 6.588520e-01 1.804000e-03 3.393440e-01
321 6.585280e-01 1.796000e-03 3.396760e-01
322 6.582360e-01 1.776000e-03 3.399880e-01
323 6.578920e-01 1.796000e-03 3.403120e-01
324 6.575000e-01 1.888000e-03 3.406120e-01
325 6.571440e-01 1.940000e-03 3.409160e-01
326 6.568320e-01 1.952000e-03 3.412160e-01
327 6.564560e-01 1.960000e-03 3.415840e-01
328 6.560520e-01 2.000000e-03 3.419480e-01
329 6.557160e-01 1.964000e-03 3.423200e-01
330 6.553960e-01 1.900000e-03 3.427040e-01
331 6.550240e-01 1.920000e-03 3.430560e-01
332 6.546040e-01 1.944000e-03 3.434520e-01
333 6.542160e-01 1.984000e-03 3.438000e-01
334 6.537920e-01 2.056000e-03 3.441520e-01
335 6.533240e-01 2.152000e-03 3.445240e-01
336 6.529280e-01 2.144000e-03 3.449280e-01
337 6.524840e-01 2.196000e-03 3.453200e-01
338 6.521320e-01 2.156000e-03 3.457120e-01
339 6.517920e-01 2.192000e-03 3.460160e-01
340 6.514600e-01 2.200000e-03 3.463400e-01
341 6.511360e-01 2.132000e-03 3.467320e-01
342 6.508280e-01 2.072000e-03 3.471000e-01
343 6.505200e-01 2.068000e-03 3.474120e-01
344 6.501560e-01 2.040000e-03 3.478040e-01
345 6.498160e-01 1.992000e-03 3.481920e-01
346 6.494760e-01 1.980000e-03 3.485440e-01
347 6.491560e-01 1.936000e-03 3.489080e-01
348 6.488600e-01 1.916000e-03 3.492240e-01
349 6.485160e-01 1.924000e-03 3.495600e-01
350 6.481080e-01 2.072000e-03 3.498200e-01
351 6.476360e-01 2.136000e-03 3.502280e-01
352 6.472120e-01 2.184000e-03 3.506040e-01
353 6.468680e-01 2.136000e-03 3.509960e-01
354 6.465280e-01 2.112000e-03 3.513600e-01
355 6.462160e-01 1.992000e-03 3.517920e-01
356 6.459040e-01 1.996000e-03 3.521000e-01
357 6.454960e-01 2.104000e-03 3.524000e-01
358 6.450000e-01 2.200000e-03 3.528000e-01
359 6.446120e-01 2.224000e-03 3.531640e-01
360 6.442360e-01 2.248000e-03 3.535160e-01
361 6.438840e-01 2.232000e-03 3.538840e-01
362 6.434800e-01 2.268000e-03 3.542520e-01
363 6.431320e-01 2.248000e-03 3.546200e-01
364 6.427760e-01 2.216000e-03 3.550080e-01
365 6.424480e-01 2.140000e-03 3.554120e-01
366 6.421360e-01 2.172000e-03 3.556920e-01
367 6.418000e-01 2.108000e-03 3.560920e-01
368 6.414760e-01 2.092000e-03 3.564320e-01
369 6.411680e-01 2.072000e-03 3.567600e-01
370 6.408120e-01 2.060000e-03 3.571280e-01
371 6.404760e-01 2.020000e-03 3.575040e-01
372 6.400880e-01 2.104000e-03 3.578080e-01
373 6.396520e-01 2.164000e-03 3.581840e-01
374 6.393400e-01 2.128000e-03 3.585320e-01
375 6.389440e-01 2.196000e-03 3.588600e-01
376 6.386320e-01 2.136000e-03 3.592320e-01
377 6.383160e-01 2.100000e-03 3.595840e-01
378 6.380440e-01 1.964000e-03 3.599920e-01
379 6.377280e-01 1.972000e-03 3.603000e-01
380 6.374200e-01 1.912000e-03 3.606680e-01
381 6.371320e-01 1.852000e-03 3.610160e-01
382 6.368800e-01 1.732000e-03 3.613880e-01
383 6.366000e-01 1.744000e-03 3.616560e-01
384 6.362720e-01 1.712000e-03 3.620160e-01
385 6.359400e-01 1.780000e-03 3.622800e-01
386 6.357200e-01 1.664000e-03 3.626160e-01
387 6.354160e-01 1.656000e-03 3.629280e-01
388 6.351440e-01 1.604000e-03 3.632520e-01
389 6.349360e-01 1.476000e-03 3.635880e-01
390 6.346080e-01 1.508000e-03 3.638840e-01
391 6.343480e-01 1.476000e-03 3.641760e-01
392 6.340440e-01 1.552000e-03 3.644040e-01
393 6.337760e-01 1.612000e-03 3.646120e-01
394 6.335720e-01 1.532000e-03 3.648960e-01
395 6.333200e-01 1.456000e-03 3.652240e-01
396 6.330400e-01 1.500000e-03 3.654600e-01
397 6.327800e-01 1.444000e-03 3.657760e-01
398 6.325240e-01 1.416000e-03 3.660600e-01
399 6.323000e-01 1.376000e-03 3.663240e-01
400 6.320960e-01 1.360000e-03 3.665440e-01
401 6.318920e-01 1.360000e-03 3.667480e-01
402 6.316480e-01 1.344000e-03 3.670080e-01
403 6.314560e-01 1.312000e-03 3.672320e-01
404 6.312200e-01 1.288000e-03 3.674920e-01
405 6.309960e-01 1.312000e-03 3.676920e-01
406 6.307600e-01 1.320000e-03 3.679200e-01
407 6.305440e-01 1.264000e-03 3.681920e-01
408 6.303040e-01 1.336000e-03 3.683600e-01
409 6.301320e-01 1.256000e-03 3.686120e-01
410 6.299200e-01 1.292000e-03 3.687880e-01
411 6.296800e-01 1.312000e-03 3.690080e-01
412 6.294400e-01 1.364000e-03 3.691960e-01
413 6.292440e-01 1.328000e-03 3.694280e-01
414 6.290560e-01 1.280000e-03 3.696640e-01
415 6.288720e-01 1.252000e-03 3.698760e-01
416 6.286600e-01 1.184000e-03 3.701560e-01
417 6.284600e-01 1.156000e-03 3.703840e-01
418 6.282600e-01 1.136000e-03 3.706040e-01
419 6.280600e-01 1.108000e-03 3.708320e-01
420 6.278920e-01 1.116000e-03 3.709920e-01
421 6.276480e-01 1.148000e-03 3.712040e-01
422 6.274520e-01 1.152000e-03 3.713960e-01
423 6.273160e-01 1.076000e-03 3.716080e-01
424 6.271480e-01 1.048000e-03 3.718040e-01
425 6.269920e-01 1.032000e-03 3.719760e-01
426 6.268360e-01 1.008000e-03 3.721560e-01
427 6.266400e-01 1.036000e-03 3.723240e-01
428 6.264640e-01 1.004000e-03 3.725320e-01
429 6.263040e-01 1.008000e-03 3.726880e-01
430 6.261440e-01 9.640000e-04 3.728920e-01
431 6.260040e-01 9.160000e-04 3.730800e-01
432 6.258360e-01 9.080000e-04 3.732560e-01
433 6.256480e-01 9.240000e-04 3.734280e-01
434 6.254480e-01 9.680000e-04 3.735840e-01
435 6.252200e-01 1.012000e-03 3.737680e-01
436 6.250480e-01 1.012000e-03 3.739400e-01
437 6.248120e-01 1.084000e-03 3.741040e-01
438 6.246280e-01 1.096000e-03 3.742760e-01
439 6.244520e-01 1.128000e-03 3.744200e-01
440 6.242880e-01 1.068000e-03 3.746440e-01
441 6.241080e-01 1.068000e-03 3.748240e-01
442 6.239000e-01 1.068000e-03 3.750320e-01
443 6.237640e-01 9.840000e-04 3.752520e-01
444 6.236120e-01 9.440000e-04 3.754440e-01
445 6.234280e-01 9.640000e-04 3.756080e-01
446 6.232640e-01 9.560000e-04 3.757800e-01
447 6.230640e-01 9.720000e-04 3.759640e-01
448 6.228680e-01 1.012000e-03 3.761200e-01
449 6.226920e-01 1.020000e-03 3.762880e-01
450 6.225280e-01 1.040000e-03 3.764320e-01
451 6.223120e-01 1.064000e-03 3.766240e-01
452 6.221000e-01 1.100000e-03 3.768000e-01
453 6.219240e-01 1.060000e-03 3.770160e-01
454 6.217080e-01 1.112000e-03 3.771800e-01
455 6.214280e-01 1.196000e-03 3.773760e-01
456 6.211400e-01 1.288000e-03 3.775720e-01
457 6.209160e-01 1.336000e-03 3.777480e-01
458 6.207200e-01 1.272000e-03 3.780080e-01
459 6.205120e-01 1.260000e-03 3.782280e-01
460 6.203000e-01 1.232000e-03 3.784680e-01
461 6.200880e-01 1.256000e-03 3.786560e-01
462 6.198400e-01 1.268000e-03 3.788920e-01
463 6.195680e-01 1.284000e-03 3.791480e-01
464 6.193760e-01 1.224000e-03 3.794000e-01
465 6.192000e-01 1.240000e-03 3.795600e-01
466 6.189960e-01 1.216000e-03 3.797880e-01
467 6.187600e-01 1.280000e-03 3.799600e-01
468 6.185240e-01 1.300000e-03 3.801760e-01
469 6.183520e-01 1.244000e-03 3.804040e-01
470 6.181360e-01 1.204000e-03 3.806600e-01
471 6.179320e-01 1.232000e-03 3.808360e-01
472 6.177040e-01 1.204000e-03 3.810920e-01
473 6.175400e-01 1.200000e-03 3.812600e-01
474 6.173640e-01 1.180000e-03 3.814560e-01
475 6.171920e-01 1.100000e-03 3.817080e-01
476 6.170480e-01 1.056000e-03 3.818960e-01
477 6.169240e-01 9.840000e-04 3.820920e-01
478 6.167160e-01 9.920000e-04 3.822920e-01
479 6.165840e-01 9.400000e-04 3.824760e-01
480 6.164040e-01 9.280000e-04 3.826680e-01
481 6.162320e-01 9.800000e-04 3.827880e-01
482 6.160360e-01 1.032000e-03 3.829320e-01
483 6.158080e-01 1.072000e-03 3.831200e-01
484 6.155960e-01 1.116000e-03 3.832880e-01
485 6.153960e-01 1.128000e-03 3.834760e-01
486 6.151720e-01 1.152000e-03 3.836760e-01
487 6.149440e-01 1.136000e-03 3.839200e-01
488 6.147200e-01 1.144000e-03 3.841360e-01
489 6.145680e-01 1.056000e-03 3.843760e-01
490 6.143280e-01 1.112000e-03 3.845600e-01
491 6.140800e-01 1.176000e-03 3.847440e-01
492 6.138680e-01 1.236000e-03 3.848960e-01
493 6.136680e-01 1.236000e-03 3.850960e-01
494 6.134440e-01 1.268000e-03 3.852880e-01
495 6.132680e-01 1.212000e-03 3.855200e-01
496 6.130280e-01 1.212000e-03 3.857600e-01
497 6.128720e-01 1.140000e-03 3.859880e-01
498 6.126400e-01 1.140000e-03 3.862200e-01
499 6.124200e-01 1.152000e-03 3.864280e-01
500 6.122080e-01 1.160000e-03 3.866320e-01
