1 9.992800e-01 6.080000e-04 1.120000e-04
2 9.986960e-01 1.016000e-03 2.880000e-04
3 9.981480e-01 1.356000e-03 4.960000e-04
4 9.974000e-01 1.788000e-03 8.120000e-04
5 9.966160e-01 2.252000e-03 1.132000e-03
6 9.957200e-01 2.720000e-03 1.560000e-03
7 9.947680e-01 3.252000e-03 1.980000e-03
8 9.936920e-01 3.660000e-03 2.648000e-03
9 9.926520e-01 4.048000e-03 3.300000e-03
10 9.915840e-01 4.464000e-03 3.952000e-03
11 9.903360e-01 4.972000e-03 4.692000e-03
12 9.892000e-01 5.260000e-03 5.540000e-03
13 9.879760e-01 5.520000e-03 6.504000e-03
14 9.867600e-01 5.660000e-03 7.580000e-03
15 9.855600e-01 5.908000e-03 8.532000e-03
16 9.843960e-01 6.156000e-03 9.448000e-03
17 9.830880e-01 6.468000e-03 1.044400e-02
18 9.819200e-01 6.528000e-03 1.155200e-02
19 9.806200e-01 6.732000e-03 1.264800e-02
20 9.793000e-01 6.876000e-03 1.382400e-02
21 9.779400e-01 7.052000e-03 1.500800e-02
22 9.764800e-01 7.188000e-03 1.633200e-02
23 9.750560e-01 7.344000e-03 1.760000e-02
24 9.738280e-01 7.232000e-03 1.894000e-02
25 9.725200e-01 7.424000e-03 2.005600e-02
26 9.710800e-01 7.580000e-03 2.134000e-02
27 9.697840e-01 7.428000e-03 2.278800e-02
28 9.683800e-01 7.544000e-03 2.407600e-02
29 9.668440e-01 7.876000e-03 2.528000e-02
30 9.653240e-01 7.996000e-03 2.668000e-02
31 9.638280e-01 8.000000e-03 2.817200e-02
32 9.622160e-01 8.292000e-03 2.949200e-02
33 9.607560e-01 8.220000e-03 3.102400e-02
34 9.593840e-01 8.128000e-03 3.248800e-02
35 9.578480e-01 8.328000e-03 3.382400e-02
36 9.562200e-01 8.480000e-03 3.530000e-02
37 9.545800e-01 8.660000e-03 3.676000e-02
38 9.529680e-01 8.652000e-03 3.838000e-02
39 9.515520e-01 8.440000e-03 4.000800e-02
40 9.499000e-01 8.500000e-03 4.160000e-02
41 9.483680e-01 8.480000e-03 4.315200e-02
42 9.468200e-01 8.504000e-03 4.467600e-02
43 9.452200e-01 8.536000e-03 4.624400e-02
44 9.437520e-01 8.588000e-03 4.766000e-02
45 9.422120e-01 8.744000e-03 4.904400e-02
46 9.407360e-01 8.624000e-03 5.064000e-02
47 9.390360e-01 8.808000e-03 5.215600e-02
48 9.374200e-01 8.932000e-03 5.364800e-02
49 9.357960e-01 9.180000e-03 5.502400e-02
50 9.343320e-01 8.956000e-03 5.671200e-02
51 9.328440e-01 8.944000e-03 5.821200e-02
52 9.312720e-01 8.984000e-03 5.974400e-02
53 9.295200e-01 9.164000e-03 6.131600e-02
54 9.281120e-01 8.916000e-03 6.297200e-02
55 9.266000e-01 8.920000e-03 6.448000e-02
56 9.249480e-01 8.916000e-03 6.613600e-02
57 9.233600e-01 8.852000e-03 6.778800e-02
58 9.216880e-01 8.956000e-03 6.935600e-02
59 9.199000e-01 9.316000e-03 7.078400e-02
60 9.183200e-01 9.276000e-03 7.240400e-02
61 9.165000e-01 9.472000e-03 7.402800e-02
62 9.148600e-01 9.404000e-03 7.573600e-02
63 9.133640e-01 9.436000e-03 7.720000e-02
64 9.115160e-01 9.816000e-03 7.866800e-02
65 9.098840e-01 9.668000e-03 8.044800e-02
66 9.080880e-01 9.620000e-03 8.229200e-02
67 9.063840e-01 9.672000e-03 8.394400e-02
68 9.044920e-01 9.912000e-03 8.559600e-02
69 9.026200e-01 1.000400e-02 8.737600e-02
70 9.008880e-01 9.968000e-03 8.914400e-02
71 8.989920e-01 1.003600e-02 9.097200e-02
72 8.971120e-01 1.008800e-02 9.280000e-02
73 8.953680e-01 1.012400e-02 9.450800e-02
74 8.934840e-01 1.025600e-02 9.626000e-02
75 8.917240e-01 1.030400e-02 9.797200e-02
76 8.900640e-01 1.018400e-02 9.975200e-02
77 8.881960e-01 1.026400e-02 1.015400e-01
78 8.864720e-01 1.027200e-02 1.032560e-01
79 8.845280e-01 1.035600e-02 1.051160e-01
80 8.827520e-01 1.036000e-02 1.068880e-01
81 8.810040e-01 1.027200e-02 1.087240e-01
82 8.792760e-01 1.027600e-02 1.104480e-01
83 8.775000e-01 1.022000e-02 1.122800e-01
84 8.759560e-01 1.007200e-02 1.139720e-01
85 8.743040e-01 1.004800e-02 1.156480e-01
86 8.725680e-01 9.972000e-03 1.174600e-01
87 8.709520e-01 9.860000e-03 1.191880e-01
88 8.692040e-01 9.956000e-03 1.208400e-01
89 8.676000e-01 9.884000e-03 1.225160e-01
90 8.661480e-01 9.588000e-03 1.242640e-01
91 8.646760e-01 9.308000e-03 1.260160e-01
92 8.631160e-01 9.188000e-03 1.276960e-01
93 8.616480e-01 9.032000e-03 1.293200e-01
94 8.601200e-01 8.948000e-03 1.309320e-01
95 8.588280e-01 8.656000e-03 1.325160e-01
96 8.574680e-01 8.444000e-03 1.340880e-01
97 8.559240e-01 8.412000e-03 1.356640e-01
98 8.546240e-01 8.184000e-03 1.371920e-01
99 8.533720e-01 8.016000e-03 1.386120e-01
100 8.518760e-01 8.052000e-03 1.400720e-01
101 8.506200e-01 8.032000e-03 1.413480e-01
102 8.492640e-01 7.996000e-03 1.427400e-01
103 8.479440e-01 7.860000e-03 1.441960e-01
104 8.466720e-01 7.712000e-03 1.456160e-01
105 8.453800e-01 7.708000e-03 1.469120e-01
106 8.440560e-01 7.656000e-03 1.482880e-01
107 8.426960e-01 7.680000e-03 1.496240e-01
108 8.413920e-01 7.592000e-03 1.510160e-01
109 8.401120e-01 7.456000e-03 1.524320e-01
110 8.388880e-01 7.440000e-03 1.536720e-01
111 8.374600e-01 7.556000e-03 1.549840e-01
112 8.361240e-01 7.596000e-03 1.562800e-01
113 8.347600e-01 7.524000e-03 1.577160e-01
114 8.334280e-01 7.536000e-03 1.590360e-01
115 8.322160e-01 7.388000e-03 1.603960e-01
116 8.309520e-01 7.320000e-03 1.617280e-01
117 8.296800e-01 7.252000e-03 1.630680e-01
118 8.284640e-01 7.120000e-03 1.644160e-01
119 8.272160e-01 7.196000e-03 1.655880e-01
120 8.258600e-01 7.340000e-03 1.668000e-01
121 8.245560e-01 7.372000e-03 1.680720e-01
122 8.233000e-01 7.476000e-03 1.692240e-01
123 8.219600e-01 7.452000e-03 1.705880e-01
124 8.206560e-01 7.416000e-03 1.719280e-01
125 8.194640e-01 7.320000e-03 1.732160e-01
126 8.181760e-01 7.440000e-03 1.743840e-01
127 8.168840e-01 7.344000e-03 1.757720e-01
128 8.157840e-01 7.236000e-03 1.769800e-01
129 8.144600e-01 7.320000e-03 1.782200e-01
130 8.131640e-01 7.436000e-03 1.794000e-01
131 8.118960e-01 7.404000e-03 1.807000e-01
132 8.106960e-01 7.140000e-03 1.821640e-01
133 8.093600e-01 7.172000e-03 1.834680e-01
134 8.080360e-01 7.212000e-03 1.847520e-01
135 8.067040e-01 7.280000e-03 1.860160e-01
136 8.051960e-01 7.544000e-03 1.872600e-01
137 8.035280e-01 7.788000e-03 1.886840e-01
138 8.021880e-01 7.728000e-03 1.900840e-01
139 8.007040e-01 7.996000e-03 1.913000e-01
140 7.993440e-01 7.936000e-03 1.927200e-01
141 7.979280e-01 8.084000e-03 1.939880e-01
142 7.964360e-01 8.188000e-03 1.953760e-01
143 7.949680e-01 8.252000e-03 1.967800e-01
144 7.935320e-01 8.216000e-03 1.982520e-01
145 7.920280e-01 8.264000e-03 1.997080e-01
146 7.906320e-01 8.192000e-03 2.011760e-01
147 7.893000e-01 8.080000e-03 2.026200e-01
148 7.880480e-01 7.968000e-03 2.039840e-01
149 7.868000e-01 7.884000e-03 2.053160e-01
150 7.854360e-01 7.784000e-03 2.067800e-01
151 7.841400e-01 7.848000e-03 2.080120e-01
152 7.828240e-01 7.724000e-03 2.094520e-01
153 7.813480e-01 7.792000e-03 2.108600e-01
154 7.798360e-01 7.968000e-03 2.121960e-01
155 7.784000e-01 7.956000e-03 2.136440e-01
156 7.771400e-01 7.880000e-03 2.149800e-01
157 7.757520e-01 7.960000e-03 2.162880e-01
158 7.743080e-01 7.912000e-03 2.177800e-01
159 7.730680e-01 7.756000e-03 2.191760e-01
160 7.717400e-01 7.704000e-03 2.205560e-01
161 7.703920e-01 7.728000e-03 2.218800e-01
162 7.691040e-01 7.620000e-03 2.232760e-01
163 7.677560e-01 7.688000e-03 2.245560e-01
164 7.663880e-01 7.740000e-03 2.258720e-01
165 7.652200e-01 7.616000e-03 2.271640e-01
166 7.638320e-01 7.584000e-03 2.285840e-01
167 7.624680e-01 7.556000e-03 2.299760e-01
168 7.611760e-01 7.436000e-03 2.313880e-01
169 7.598880e-01 7.492000e-03 2.326200e-01
170 7.585080e-01 7.544000e-03 2.339480e-01
171 7.570600e-01 7.656000e-03 2.352840e-01
172 7.557360e-01 7.680000e-03 2.365840e-01
173 7.543360e-01 7.820000e-03 2.378440e-01
174 7.529840e-01 7.884000e-03 2.391320e-01
175 7.515320e-01 7.996000e-03 2.404720e-01
176 7.501880e-01 8.076000e-03 2.417360e-01
177 7.490080e-01 7.776000e-03 2.432160e-01
178 7.476920e-01 7.760000e-03 2.445480e-01
179 7.464760e-01 7.592000e-03 2.459320e-01
180 7.453360e-01 7.324000e-03 2.473400e-01
181 7.441560e-01 7.172000e-03 2.486720e-01
182 7.430440e-01 7.064000e-03 2.498920e-01
183 7.417200e-01 7.116000e-03 2.511640e-01
184 7.405240e-01 7.060000e-03 2.524160e-01
185 7.393760e-01 7.076000e-03 2.535480e-01
186 7.382560e-01 6.932000e-03 2.548120e-01
187 7.370840e-01 6.936000e-03 2.559800e-01
188 7.360320e-01 6.840000e-03 2.571280e-01
189 7.349680e-01 6.680000e-03 2.583520e-01
190 7.338840e-01 6.612000e-03 2.595040e-01
191 7.327520e-01 6.540000e-03 2.607080e-01
192 7.315520e-01 6.668000e-03 2.617800e-01
193 7.303400e-01 6.688000e-03 2.629720e-01
194 7.291440e-01 6.672000e-03 2.641840e-01
195 7.280960e-01 6.592000e-03 2.653120e-01
196 7.269120e-01 6.568000e-03 2.665200e-01
197 7.256400e-01 6.756000e-03 2.676040e-01
198 7.246280e-01 6.640000e-03 2.687320e-01
199 7.236480e-01 6.536000e-03 2.698160e-01
200 7.225560e-01 6.520000e-03 2.709240e-01
201 7.215000e-01 6.516000e-03 2.719840e-01
202 7.204440e-01 6.424000e-03 2.731320e-01
203 7.193320e-01 6.304000e-03 2.743640e-01
204 7.183360e-01 6.156000e-03 2.755080e-01
205 7.172680e-01 6.060000e-03 2.766720e-01
206 7.163080e-01 5.996000e-03 2.776960e-01
207 7.153360e-01 5.972000e-03 2.786920e-01
208 7.143200e-01 5.864000e-03 2.798160e-01
209 7.133040e-01 5.848000e-03 2.808480e-01
210 7.123040e-01 5.668000e-03 2.820280e-01
211 7.113680e-01 5.568000e-03 2.830640e-01
212 7.102800e-01 5.688000e-03 2.840320e-01
213 7.092400e-01 5.772000e-03 2.849880e-01
214 7.082200e-01 5.792000e-03 2.859880e-01
215 7.072240e-01 5.748000e-03 2.870280e-01
216 7.062280e-01 5.676000e-03 2.880960e-01
217 7.051480e-01 5.768000e-03 2.890840e-01
218 7.041840e-01 5.736000e-03 2.900800e-01
219 7.032880e-01 5.700000e-03 2.910120e-01
220 7.024840e-01 5.480000e-03 2.920360e-01
221 7.016200e-01 5.360000e-03 2.930200e-01
222 7.007600e-01 5.336000e-03 2.939040e-01
223 6.997600e-01 5.348000e-03 2.948920e-01
224 6.987760e-01 5.380000e-03 2.958440e-01
225 6.978000e-01 5.500000e-03 2.967000e-01
226 6.968120e-01 5.524000e-03 2.976640e-01
227 6.958440e-01 5.512000e-03 2.986440e-01
228 6.949040e-01 5.472000e-03 2.996240e-01
229 6.940280e-01 5.340000e-03 3.006320e-01
230 6.931440e-01 5.260000e-03 3.015960e-01
231 6.921440e-01 5.348000e-03 3.025080e-01
232 6.913080e-01 5.096000e-03 3.035960e-01
233 6.904680e-01 5.036000e-03 3.044960e-01
234 6.896160e-01 5.004000e-03 3.053800e-01
235 6.888200e-01 5.032000e-03 3.061480e-01
236 6.880600e-01 4.904000e-03 3.070360e-01
237 6.872240e-01 4.888000e-03 3.078880e-01
238 6.864280e-01 4.792000e-03 3.087800e-01
239 6.855880e-01 4.812000e-03 3.096000e-01
240 6.847400e-01 4.960000e-03 3.103000e-01
241 6.838680e-01 5.064000e-03 3.110680e-01
242 6.830760e-01 5.012000e-03 3.119120e-01
243 6.822800e-01 5.044000e-03 3.126760e-01
244 6.816000e-01 4.892000e-03 3.135080e-01
245 6.808320e-01 4.960000e-03 3.142080e-01
246 6.800880e-01 4.864000e-03 3.150480e-01
247 6.793880e-01 4.636000e-03 3.159760e-01
248 6.787240e-01 4.588000e-03 3.166880e-01
249 6.780560e-01 4.432000e-03 3.175120e-01
250 6.774080e-01 4.268000e-03 3.183240e-01
251 6.768240e-01 4.100000e-03 3.190760e-01
252 6.761400e-01 4.112000e-03 3.197480e-01
253 6.754520e-01 4.112000e-03 3.204360e-01
254 6.747000e-01 4.200000e-03 3.211000e-01
255 6.739760e-01 4.128000e-03 3.218960e-01
256 6.732920e-01 4.152000e-03 3.225560e-01
257 6.726200e-01 4.164000e-03 3.232160e-01
258 6.720240e-01 4.080000e-03 3.238960e-01
259 6.712880e-01 4.104000e-03 3.246080e-01
260 6.706160e-01 4.064000e-03 3.253200e-01
261 6.698480e-01 4.104000e-03 3.260480e-01
262 6.692160e-01 3.920000e-03 3.268640e-01
263 6.685280e-01 3.952000e-03 3.275200e-01
264 6.678560e-01 3.884000e-03 3.282600e-01
265 6.672560e-01 3.844000e-03 3.289000e-01
266 6.666000e-01 3.916000e-03 3.294840e-01
267 6.658000e-01 4.068000e-03 3.301320e-01
268 6.651000e-01 4.048000e-03 3.308520e-01
269 6.644040e-01 4.056000e-03 3.315400e-01
270 6.636560e-01 4.184000e-03 3.321600e-01
271 6.629440e-01 4.104000e-03 3.329520e-01
272 6.623120e-01 3.928000e-03 3.337600e-01
273 6.617880e-01 3.820000e-03 3.343920e-01
274 6.610440e-01 3.960000e-03 3.349960e-01
275 6.604120e-01 3.912000e-03 3.356760e-01
276 6.596720e-01 3.888000e-03 3.364400e-01
277 6.591640e-01 3.716000e-03 3.371200e-01
278 6.585800e-01 3.708000e-03 3.377120e-01
279 6.579560e-01 3.688000e-03 3.383560e-01
280 6.573960e-01 3.560000e-03 3.390440e-01
281 6.567440e-01 3.664000e-03 3.395920e-01
282 6.561160e-01 3.724000e-03 3.401600e-01
283 6.554720e-01 3.684000e-03 3.408440e-01
284 6.548720e-01 3.580000e-03 3.415480e-01
285 6.542440e-01 3.560000e-03 3.421960e-01
286 6.535920e-01 3.644000e-03 3.427640e-01
287 6.530360e-01 3.560000e-03 3.434040e-01
288 6.523800e-01 3.628000e-03 3.439920e-01
289 6.517320e-01 3.692000e-03 3.445760e-01
290 6.511720e-01 3.668000e-03 3.451600e-01
291 6.505600e-01 3.608000e-03 3.458320e-01
292 6.499760e-01 3.576000e-03 3.464480e-01
293 6.494800e-01 3.520000e-03 3.470000e-01
294 6.489480e-01 3.484000e-03 3.475680e-01
295 6.483160e-01 3.476000e-03 3.482080e-01
296 6.476920e-01 3.500000e-03 3.488080e-01
297 6.472000e-01 3.476000e-03 3.493240e-01
298 6.465600e-01 3.512000e-03 3.499280e-01
299 6.459320e-01 3.640000e-03 3.504280e-01
300 6.453400e-01 3.544000e-03 3.511160e-01
301 6.447640e-01 3.560000e-03 3.516760e-01
302 6.442200e-01 3.404000e-03 3.523760e-01
303 6.436760e-01 3.396000e-03 3.529280e-01
304 6.431840e-01 3.360000e-03 3.534560e-01
305 6.426080e-01 3.312000e-03 3.540800e-01
306 6.419960e-01 3.264000e-03 3.547400e-01
307 6.414320e-01 3.220000e-03 3.553480e-01
308 6.409800e-01 3.168000e-03 3.558520e-01
309 6.404320e-01 3.148000e-03 3.564200e-01
310 6.399520e-01 3.068000e-03 3.569800e-01
311 6.393920e-01 3.128000e-03 3.574800e-01
312 6.388200e-01 3.212000e-03 3.579680e-01
313 6.382520e-01 3.308000e-03 3.584400e-01
314 6.377160e-01 3.288000e-03 3.589960e-01
315 6.372320e-01 3.136000e-03 3.596320e-01
316 6.367080e-01 3.080000e-03 3.602120e-01
317 6.361760e-01 3.020000e-03 3.608040e-01
318 6.356360e-01 3.056000e-03 3.613080e-01
319 6.351160e-01 3.092000e-03 3.617920e-01
320 6.346600e-01 3.016000e-03 3.623240e-01
321 6.341560e-01 2.988000e-03 3.628560e-01
322 6.336280e-01 2.936000e-03 3.634360e-01
323 6.330320e-01 3.096000e-03 3.638720e-01
324 6.324880e-01 3.104000e-03 3.644080e-01
325 6.319960e-01 3.084000e-03 3.649200e-01
326 6.313880e-01 3.136000e-03 3.654760e-01
327 6.309240e-01 3.152000e-03 3.659240e-01
328 6.302840e-01 3.292000e-03 3.664240e-01
329 6.295440e-01 3.396000e-03 3.670600e-01
330 6.289680e-01 3.348000e-03 3.676840e-01
331 6.285000e-01 3.240000e-03 3.682600e-01
332 6.278840e-01 3.248000e-03 3.688680e-01
333 6.273680e-01 3.188000e-03 3.694440e-01
334 6.268600e-01 3.108000e-03 3.700320e-01
335 6.264080e-01 2.988000e-03 3.706040e-01
336 6.258920e-01 3.016000e-03 3.710920e-01
337 6.253400e-01 3.004000e-03 3.716560e-01
338 6.247560e-01 3.108000e-03 3.721360e-01
339 6.242000e-01 3.216000e-03 3.725840e-01
340 6.236440e-01 3.228000e-03 3.731280e-01
341 6.229680e-01 3.372000e-03 3.736600e-01
342 6.223280e-01 3.344000e-03 3.743280e-01
343 6.217160e-01 3.432000e-03 3.748520e-01
344 6.210840e-01 3.456000e-03 3.754600e-01
345 6.205320e-01 3.540000e-03 3.759280e-01
346 6.199400e-01 3.476000e-03 3.765840e-01
347 6.194200e-01 3.352000e-03 3.772280e-01
348 6.188400e-01 3.276000e-03 3.778840e-01
349 6.183440e-01 3.140000e-03 3.785160e-01
350 6.178600e-01 3.040000e-03 3.791000e-01
351 6.173880e-01 2.992000e-03 3.796200e-01
352 6.169000e-01 2.960000e-03 3.801400e-01
353 6.165120e-01 2.808000e-03 3.806800e-01
354 6.160800e-01 2.824000e-03 3.810960e-01
355 6.155600e-01 2.920000e-03 3.815200e-01
356 6.151800e-01 2.800000e-03 3.820200e-01
357 6.147480e-01 2.764000e-03 3.824880e-01
358 6.143120e-01 2.760000e-03 3.829280e-01
359 6.138360e-01 2.732000e-03 3.834320e-01
360 6.134160e-01 2.744000e-03 3.838400e-01
361 6.129120e-01 2.756000e-03 3.843320e-01
362 6.125440e-01 2.708000e-03 3.847480e-01
363 6.121000e-01 2.656000e-03 3.852440e-01
364 6.116520e-01 2.724000e-03 3.856240e-01
365 6.112960e-01 2.572000e-03 3.861320e-01
366 6.109080e-01 2.484000e-03 3.866080e-01
367 6.105200e-01 2.352000e-03 3.871280e-01
368 6.100520e-01 2.372000e-03 3.875760e-01
369 6.096240e-01 2.424000e-03 3.879520e-01
370 6.092400e-01 2.368000e-03 3.883920e-01
371 6.088040e-01 2.388000e-03 3.888080e-01
372 6.083800e-01 2.380000e-03 3.892400e-01
373 6.080400e-01 2.296000e-03 3.896640e-01
374 6.076400e-01 2.236000e-03 3.901240e-01
375 6.072400e-01 2.168000e-03 3.905920e-01
376 6.068320e-01 2.220000e-03 3.909480e-01
377 6.063480e-01 2.384000e-03 3.912680e-01
378 6.058320e-01 2.492000e-03 3.916760e-01
379 6.053400e-01 2.508000e-03 3.921520e-01
380 6.049000e-01 2.436000e-03 3.926640e-01
381 6.045360e-01 2.368000e-03 3.930960e-01
382 6.041320e-01 2.360000e-03 3.935080e-01
383 6.037320e-01 2.396000e-03 3.938720e-01
384 6.033400e-01 2.304000e-03 3.943560e-01
385 6.029320e-01 2.320000e-03 3.947480e-01
386 6.025000e-01 2.392000e-03 3.951080e-01
387 6.020600e-01 2.472000e-03 3.954680e-01
388 6.016920e-01 2.432000e-03 3.958760e-01
389 6.012760e-01 2.444000e-03 3.962800e-01
390 6.009080e-01 2.384000e-03 3.967080e-01
391 6.004760e-01 2.396000e-03 3.971280e-01
392 5.999760e-01 2.480000e-03 3.975440e-01
393 5.994920e-01 2.508000e-03 3.980000e-01
394 5.990000e-01 2.624000e-03 3.983760e-01
395 5.985600e-01 2.640000e-03 3.988000e-01
396 5.981000e-01 2.600000e-03 3.993000e-01
397 5.976480e-01 2.592000e-03 3.997600e-01
398 5.971760e-01 2.588000e-03 4.002360e-01
399 5.967320e-01 2.576000e-03 4.006920e-01
400 5.963080e-01 2.544000e-03 4.011480e-01
401 5.959800e-01 2.456000e-03 4.015640e-01
402 5.956520e-01 2.360000e-03 4.019880e-01
403 5.952360e-01 2.344000e-03 4.024200e-01
404 5.949080e-01 2.320000e-03 4.027720e-01
405 5.944720e-01 2.340000e-03 4.031880e-01
406 5.940560e-01 2.324000e-03 4.036200e-01
407 5.936760e-01 2.356000e-03 4.039680e-01
408 5.932880e-01 2.332000e-03 4.043800e-01
409 5.928960e-01 2.300000e-03 4.048040e-01
410 5.924560e-01 2.208000e-03 4.053360e-01
411 5.920440e-01 2.216000e-03 4.057400e-01
412 5.916480e-01 2.212000e-03 4.061400e-01
413 5.911800e-01 2.336000e-03 4.064840e-01
414 5.908160e-01 2.332000e-03 4.068520e-01
415 5.904280e-01 2.304000e-03 4.072680e-01
416 5.900240e-01 2.280000e-03 4.076960e-01
417 5.896680e-01 2.192000e-03 4.081400e-01
418 5.893400e-01 2.168000e-03 4.084920e-01
419 5.889280e-01 2.172000e-03 4.089000e-01
420 5.884920e-01 2.292000e-03 4.092160e-01
421 5.881040e-01 2.276000e-03 4.096200e-01
422 5.876720e-01 2.332000e-03 4.099960e-01
423 5.873000e-01 2.268000e-03 4.104320e-01
424 5.869200e-01 2.288000e-03 4.107920e-01
425 5.865560e-01 2.292000e-03 4.111520e-01
426 5.861840e-01 2.296000e-03 4.115200e-01
427 5.857800e-01 2.236000e-03 4.119840e-01
428 5.854160e-01 2.172000e-03 4.124120e-01
429 5.850920e-01 2.112000e-03 4.127960e-01
430 5.848200e-01 2.012000e-03 4.131680e-01
431 5.844800e-01 2.036000e-03 4.134840e-01
432 5.841640e-01 1.960000e-03 4.138760e-01
433 5.838600e-01 1.916000e-03 4.142240e-01
434 5.834480e-01 1.992000e-03 4.145600e-01
435 5.831520e-01 1.864000e-03 4.149840e-01
436 5.828600e-01 1.848000e-03 4.152920e-01
437 5.825200e-01 1.888000e-03 4.155920e-01
438 5.821760e-01 1.920000e-03 4.159040e-01
439 5.818520e-01 1.884000e-03 4.162640e-01
440 5.816040e-01 1.804000e-03 4.165920e-01
441 5.812560e-01 1.808000e-03 4.169360e-01
442 5.809600e-01 1.788000e-03 4.172520e-01
443 5.806080e-01 1.784000e-03 4.176080e-01
444 5.803040e-01 1.736000e-03 4.179600e-01
445 5.799480e-01 1.808000e-03 4.182440e-01
446 5.796760e-01 1.760000e-03 4.185640e-01
447 5.793560e-01 1.760000e-03 4.188840e-01
448 5.790400e-01 1.784000e-03 4.191760e-01
449 5.787520e-01 1.788000e-03 4.194600e-01
450 5.784200e-01 1.832000e-03 4.197480e-01
451 5.780600e-01 1.856000e-03 4.200840e-01
452 5.778000e-01 1.780000e-03 4.204200e-01
453 5.775560e-01 1.684000e-03 4.207600e-01
454 5.772880e-01 1.588000e-03 4.211240e-01
455 5.770840e-01 1.540000e-03 4.213760e-01
456 5.767720e-01 1.656000e-03 4.215720e-01
457 5.765320e-01 1.648000e-03 4.218200e-01
458 5.762480e-01 1.644000e-03 4.221080e-01
459 5.759640e-01 1.712000e-03 4.223240e-01
460 5.757280e-01 1.688000e-03 4.225840e-01
461 5.755080e-01 1.640000e-03 4.228520e-01
462 5.752920e-01 1.568000e-03 4.231400e-01
463 5.750760e-01 1.516000e-03 4.234080e-01
464 5.748480e-01 1.456000e-03 4.236960e-01
465 5.745960e-01 1.388000e-03 4.240160e-01
466 5.743400e-01 1.384000e-03 4.242760e-01
467 5.741640e-01 1.336000e-03 4.245000e-01
468 5.740480e-01 1.224000e-03 4.247280e-01
469 5.738840e-01 1.196000e-03 4.249200e-01
470 5.736760e-01 1.164000e-03 4.251600e-01
471 5.734720e-01 1.208000e-03 4.253200e-01
472 5.732520e-01 1.212000e-03 4.255360e-01
473 5.730840e-01 1.156000e-03 4.257600e-01
474 5.729160e-01 1.140000e-03 4.259440e-01
475 5.727600e-01 1.120000e-03 4.261200e-01
476 5.725320e-01 1.152000e-03 4.263160e-01
477 5.723240e-01 1.132000e-03 4.265440e-01
478 5.721320e-01 1.136000e-03 4.267320e-01
479 5.719760e-01 1.100000e-03 4.269240e-01
480 5.717640e-01 1.176000e-03 4.270600e-01
481 5.715760e-01 1.160000e-03 4.272640e-01
482 5.713960e-01 1.120000e-03 4.274840e-01
483 5.712280e-01 1.072000e-03 4.277000e-01
484 5.710640e-01 9.960000e-04 4.279400e-01
485 5.708840e-01 1.004000e-03 4.281120e-01
486 5.707760e-01 9.320000e-04 4.282920e-01
487 5.706440e-01 9.000000e-04 4.284560e-01
488 5.705080e-01 8.800000e-04 4.286120e-01
489 5.703600e-01 8.920000e-04 4.287480e-01
490 5.702280e-01 8.720000e-04 4.289000e-01
491 5.700920e-01 8.720000e-04 4.290360e-01
492 5.699480e-01 9.080000e-04 4.291440e-01
493 5.697960e-01 9.120000e-04 4.292920e-01
494 5.695960e-01 9.240000e-04 4.294800e-01
495 5.693960e-01 9.640000e-04 4.296400e-01
496 5.692200e-01 9.680000e-04 4.298120e-01
497 5.690600e-01 9.720000e-04 4.299680e-01
498 5.688720e-01 9.200000e-04 4.302080e-01
499 5.686880e-01 9.400000e-04 4.303720e-01
500 5.685120e-01 9.280000e-04 4.305600e-01
