1 9.992000e-01 7.280000e-04 7.200000e-05
2 9.987560e-01 1.004000e-03 2.400000e-04
3 9.981840e-01 1.380000e-03 4.360000e-04
4 9.975680e-01 1.692000e-03 7.400000e-04
5 9.968720e-01 2.084000e-03 1.044000e-03
6 9.961040e-01 2.524000e-03 1.372000e-03
7 9.953840e-01 2.788000e-03 1.828000e-03
8 9.944920e-01 3.136000e-03 2.372000e-03
9 9.935160e-01 3.516000e-03 2.968000e-03
10 9.924400e-01 3.988000e-03 3.572000e-03
11 9.914960e-01 4.208000e-03 4.296000e-03
12 9.903440e-01 4.580000e-03 5.076000e-03
13 9.890520e-01 5.016000e-03 5.932000e-03
14 9.878240e-01 5.492000e-03 6.684000e-03
15 9.865200e-01 5.764000e-03 7.716000e-03
16 9.853200e-01 5.836000e-03 8.844000e-03
17 9.842160e-01 5.908000e-03 9.876000e-03
18 9.829760e-01 6.032000e-03 1.099200e-02
19 9.817600e-01 6.188000e-03 1.205200e-02
20 9.805040e-01 6.280000e-03 1.321600e-02
21 9.791600e-01 6.452000e-03 1.438800e-02
22 9.778840e-01 6.660000e-03 1.545600e-02
23 9.764720e-01 6.960000e-03 1.656800e-02
24 9.751440e-01 7.068000e-03 1.778800e-02
25 9.739760e-01 6.992000e-03 1.903200e-02
26 9.726760e-01 7.152000e-03 2.017200e-02
27 9.713400e-01 7.288000e-03 2.137200e-02
28 9.700400e-01 7.308000e-03 2.265200e-02
29 9.689120e-01 7.104000e-03 2.398400e-02
30 9.675160e-01 7.132000e-03 2.535200e-02
31 9.662880e-01 7.032000e-03 2.668000e-02
32 9.650360e-01 7.016000e-03 2.794800e-02
33 9.638200e-01 6.948000e-03 2.923200e-02
34 9.625600e-01 6.944000e-03 3.049600e-02
35 9.611800e-01 7.136000e-03 3.168400e-02
36 9.597560e-01 7.328000e-03 3.291600e-02
37 9.585080e-01 7.232000e-03 3.426000e-02
38 9.571640e-01 7.456000e-03 3.538000e-02
39 9.557480e-01 7.612000e-03 3.664000e-02
40 9.542920e-01 7.744000e-03 3.796400e-02
41 9.528680e-01 7.876000e-03 3.925600e-02
42 9.515000e-01 7.944000e-03 4.055600e-02
43 9.499440e-01 8.140000e-03 4.191600e-02
44 9.483440e-01 8.356000e-03 4.330000e-02
45 9.468280e-01 8.408000e-03 4.476400e-02
46 9.453440e-01 8.400000e-03 4.625600e-02
47 9.437560e-01 8.572000e-03 4.767200e-02
48 9.422400e-01 8.440000e-03 4.932000e-02
49 9.407360e-01 8.488000e-03 5.077600e-02
50 9.392200e-01 8.572000e-03 5.220800e-02
51 9.376160e-01 8.696000e-03 5.368800e-02
52 9.360240e-01 8.768000e-03 5.520800e-02
53 9.344800e-01 8.876000e-03 5.664400e-02
54 9.328080e-01 9.000000e-03 5.819200e-02
55 9.313640e-01 8.848000e-03 5.978800e-02
56 9.298120e-01 8.852000e-03 6.133600e-02
57 9.281040e-01 8.992000e-03 6.290400e-02
58 9.264160e-01 9.232000e-03 6.435200e-02
59 9.247760e-01 9.236000e-03 6.598800e-02
60 9.233040e-01 9.164000e-03 6.753200e-02
61 9.217480e-01 8.992000e-03 6.926000e-02
62 9.202600e-01 8.952000e-03 7.078800e-02
63 9.188400e-01 8.748000e-03 7.241200e-02
64 9.172640e-01 8.836000e-03 7.390000e-02
65 9.156080e-01 9.000000e-03 7.539200e-02
66 9.140960e-01 8.912000e-03 7.699200e-02
67 9.125040e-01 8.808000e-03 7.868800e-02
68 9.108400e-01 8.976000e-03 8.018400e-02
69 9.093320e-01 8.860000e-03 8.180800e-02
70 9.078600e-01 8.812000e-03 8.332800e-02
71 9.063800e-01 8.676000e-03 8.494400e-02
72 9.050760e-01 8.572000e-03 8.635200e-02
73 9.035120e-01 8.732000e-03 8.775600e-02
74 9.020000e-01 8.712000e-03 8.928800e-02
75 9.003120e-01 8.924000e-03 9.076400e-02
76 8.988200e-01 8.816000e-03 9.236400e-02
77 8.974200e-01 8.608000e-03 9.397200e-02
78 8.958720e-01 8.644000e-03 9.548400e-02
79 8.945280e-01 8.476000e-03 9.699600e-02
80 8.929920e-01 8.540000e-03 9.846800e-02
81 8.915760e-01 8.424000e-03 1.000000e-01
82 8.903080e-01 8.128000e-03 1.015640e-01
83 8.890240e-01 8.032000e-03 1.029440e-01
84 8.877600e-01 7.876000e-03 1.043640e-01
85 8.865240e-01 7.708000e-03 1.057680e-01
86 8.852480e-01 7.760000e-03 1.069920e-01
87 8.840040e-01 7.596000e-03 1.084000e-01
88 8.827000e-01 7.632000e-03 1.096680e-01
89 8.814320e-01 7.524000e-03 1.110440e-01
90 8.801400e-01 7.640000e-03 1.122200e-01
91 8.789120e-01 7.512000e-03 1.135760e-01
92 8.774920e-01 7.584000e-03 1.149240e-01
93 8.761120e-01 7.504000e-03 1.163840e-01
94 8.748960e-01 7.348000e-03 1.177560e-01
95 8.736040e-01 7.316000e-03 1.190800e-01
96 8.722040e-01 7.352000e-03 1.204440e-01
97 8.708440e-01 7.444000e-03 1.217120e-01
98 8.694680e-01 7.452000e-03 1.230800e-01
99 8.680600e-01 7.536000e-03 1.244040e-01
100 8.667360e-01 7.600000e-03 1.256640e-01
101 8.653320e-01 7.728000e-03 1.269400e-01
102 8.639360e-01 7.736000e-03 1.283280e-01
103 8.624240e-01 7.980000e-03 1.295960e-01
104 8.609560e-01 7.952000e-03 1.310920e-01
105 8.596120e-01 7.836000e-03 1.325520e-01
106 8.582080e-01 8.076000e-03 1.337160e-01
107 8.565760e-01 8.264000e-03 1.351600e-01
108 8.550600e-01 8.244000e-03 1.366960e-01
109 8.535320e-01 8.288000e-03 1.381800e-01
110 8.521400e-01 8.136000e-03 1.397240e-01
111 8.507560e-01 8.176000e-03 1.410680e-01
112 8.493200e-01 8.152000e-03 1.425280e-01
113 8.480600e-01 8.144000e-03 1.437960e-01
114 8.467160e-01 7.980000e-03 1.453040e-01
115 8.453720e-01 7.988000e-03 1.466400e-01
116 8.440880e-01 7.896000e-03 1.480160e-01
117 8.429040e-01 7.592000e-03 1.495040e-01
118 8.416360e-01 7.580000e-03 1.507840e-01
119 8.402360e-01 7.620000e-03 1.521440e-01
120 8.389200e-01 7.668000e-03 1.534120e-01
121 8.377560e-01 7.544000e-03 1.547000e-01
122 8.364080e-01 7.660000e-03 1.559320e-01
123 8.351160e-01 7.676000e-03 1.572080e-01
124 8.336520e-01 7.804000e-03 1.585440e-01
125 8.323200e-01 7.812000e-03 1.598680e-01
126 8.307880e-01 7.960000e-03 1.612520e-01
127 8.293640e-01 7.916000e-03 1.627200e-01
128 8.279720e-01 7.996000e-03 1.640320e-01
129 8.266520e-01 8.012000e-03 1.653360e-01
130 8.252320e-01 8.000000e-03 1.667680e-01
131 8.240560e-01 7.620000e-03 1.683240e-01
132 8.226000e-01 7.756000e-03 1.696440e-01
133 8.212680e-01 7.624000e-03 1.711080e-01
134 8.200440e-01 7.480000e-03 1.724760e-01
135 8.187800e-01 7.348000e-03 1.738720e-01
136 8.176600e-01 7.116000e-03 1.752240e-01
137 8.164880e-01 6.920000e-03 1.765920e-01
138 8.153800e-01 6.852000e-03 1.777680e-01
139 8.143280e-01 6.756000e-03 1.789160e-01
140 8.132360e-01 6.748000e-03 1.800160e-01
141 8.121040e-01 6.728000e-03 1.811680e-01
142 8.108920e-01 6.740000e-03 1.823680e-01
143 8.097520e-01 6.716000e-03 1.835320e-01
144 8.085400e-01 6.732000e-03 1.847280e-01
145 8.074160e-01 6.700000e-03 1.858840e-01
146 8.062720e-01 6.636000e-03 1.870920e-01
147 8.048840e-01 6.824000e-03 1.882920e-01
148 8.036240e-01 6.836000e-03 1.895400e-01
149 8.024720e-01 6.716000e-03 1.908120e-01
150 8.013960e-01 6.704000e-03 1.919000e-01
151 8.001560e-01 6.744000e-03 1.931000e-01
152 7.990600e-01 6.604000e-03 1.943360e-01
153 7.979400e-01 6.548000e-03 1.955120e-01
154 7.967080e-01 6.588000e-03 1.967040e-01
155 7.956000e-01 6.576000e-03 1.978240e-01
156 7.944800e-01 6.532000e-03 1.989880e-01
157 7.933440e-01 6.552000e-03 2.001040e-01
158 7.923560e-01 6.324000e-03 2.013200e-01
159 7.912800e-01 6.308000e-03 2.024120e-01
160 7.902000e-01 6.236000e-03 2.035640e-01
161 7.892440e-01 6.124000e-03 2.046320e-01
162 7.882320e-01 6.048000e-03 2.057200e-01
163 7.871400e-01 6.128000e-03 2.067320e-01
164 7.860120e-01 6.124000e-03 2.078640e-01
165 7.850160e-01 6.004000e-03 2.089800e-01
166 7.839760e-01 5.920000e-03 2.101040e-01
167 7.829520e-01 5.840000e-03 2.112080e-01
168 7.818520e-01 5.880000e-03 2.122680e-01
169 7.807200e-01 6.000000e-03 2.132800e-01
170 7.796200e-01 6.144000e-03 2.142360e-01
171 7.785080e-01 6.168000e-03 2.153240e-01
172 7.774640e-01 6.124000e-03 2.164120e-01
173 7.764960e-01 5.980000e-03 2.175240e-01
174 7.755600e-01 5.980000e-03 2.184600e-01
175 7.745280e-01 5.964000e-03 2.195080e-01
176 7.735160e-01 5.976000e-03 2.205080e-01
177 7.724640e-01 6.004000e-03 2.215320e-01
178 7.713960e-01 5.964000e-03 2.226400e-01
179 7.704240e-01 5.832000e-03 2.237440e-01
180 7.693200e-01 6.000000e-03 2.246800e-01
181 7.681680e-01 6.092000e-03 2.257400e-01
182 7.669920e-01 6.216000e-03 2.267920e-01
183 7.658960e-01 6.240000e-03 2.278640e-01
184 7.649440e-01 5.968000e-03 2.290880e-01
185 7.637920e-01 6.156000e-03 2.300520e-01
186 7.627840e-01 6.088000e-03 2.311280e-01
187 7.617720e-01 6.008000e-03 2.322200e-01
188 7.607480e-01 5.920000e-03 2.333320e-01
189 7.597280e-01 5.860000e-03 2.344120e-01
190 7.587920e-01 5.704000e-03 2.355040e-01
191 7.578800e-01 5.644000e-03 2.364760e-01
192 7.569600e-01 5.472000e-03 2.375680e-01
193 7.559920e-01 5.600000e-03 2.384080e-01
194 7.550560e-01 5.388000e-03 2.395560e-01
195 7.540840e-01 5.488000e-03 2.404280e-01
196 7.532040e-01 5.488000e-03 2.413080e-01
197 7.523160e-01 5.368000e-03 2.423160e-01
198 7.513920e-01 5.380000e-03 2.432280e-01
199 7.504760e-01 5.352000e-03 2.441720e-01
200 7.496960e-01 5.244000e-03 2.450600e-01
201 7.487080e-01 5.252000e-03 2.460400e-01
202 7.478440e-01 5.292000e-03 2.468640e-01
203 7.468480e-01 5.436000e-03 2.477160e-01
204 7.458880e-01 5.480000e-03 2.486320e-01
205 7.450120e-01 5.452000e-03 2.495360e-01
206 7.440160e-01 5.556000e-03 2.504280e-01
207 7.428800e-01 5.836000e-03 2.512840e-01
208 7.416800e-01 6.040000e-03 2.522800e-01
209 7.405640e-01 6.148000e-03 2.532880e-01
210 7.393120e-01 6.316000e-03 2.543720e-01
211 7.380760e-01 6.412000e-03 2.555120e-01
212 7.368320e-01 6.536000e-03 2.566320e-01
213 7.356120e-01 6.604000e-03 2.577840e-01
214 7.343640e-01 6.608000e-03 2.590280e-01
215 7.332760e-01 6.588000e-03 2.601360e-01
216 7.321600e-01 6.456000e-03 2.613840e-01
217 7.310000e-01 6.448000e-03 2.625520e-01
218 7.299400e-01 6.360000e-03 2.637000e-01
219 7.288560e-01 6.308000e-03 2.648360e-01
220 7.278760e-01 6.228000e-03 2.658960e-01
221 7.268480e-01 6.156000e-03 2.669960e-01
222 7.257680e-01 6.224000e-03 2.680080e-01
223 7.247360e-01 6.168000e-03 2.690960e-01
224 7.237600e-01 6.132000e-03 2.701080e-01
225 7.227640e-01 5.980000e-03 2.712560e-01
226 7.217360e-01 5.984000e-03 2.722800e-01
227 7.208680e-01 5.864000e-03 2.732680e-01
228 7.199040e-01 5.736000e-03 2.743600e-01
229 7.189240e-01 5.780000e-03 2.752960e-01
230 7.179640e-01 5.780000e-03 2.762560e-01
231 7.170200e-01 5.640000e-03 2.773400e-01
232 7.161600e-01 5.608000e-03 2.782320e-01
233 7.152960e-01 5.528000e-03 2.791760e-01
234 7.144200e-01 5.476000e-03 2.801040e-01
235 7.134800e-01 5.472000e-03 2.810480e-01
236 7.124800e-01 5.516000e-03 2.820040e-01
237 7.115880e-01 5.308000e-03 2.831040e-01
238 7.105240e-01 5.408000e-03 2.840680e-01
239 7.094320e-01 5.572000e-03 2.849960e-01
240 7.084120e-01 5.620000e-03 2.859680e-01
241 7.074360e-01 5.628000e-03 2.869360e-01
242 7.065280e-01 5.592000e-03 2.878800e-01
243 7.057040e-01 5.468000e-03 2.888280e-01
244 7.048400e-01 5.408000e-03 2.897520e-01
245 7.040320e-01 5.388000e-03 2.905800e-01
246 7.030440e-01 5.464000e-03 2.914920e-01
247 7.022120e-01 5.432000e-03 2.923560e-01
248 7.013280e-01 5.484000e-03 2.931880e-01
249 7.003840e-01 5.388000e-03 2.942280e-01
250 6.995520e-01 5.156000e-03 2.952920e-01
251 6.988360e-01 4.900000e-03 2.962640e-01
252 6.980760e-01 4.800000e-03 2.971240e-01
253 6.974480e-01 4.592000e-03 2.979600e-01
254 6.967400e-01 4.396000e-03 2.988640e-01
255 6.960600e-01 4.332000e-03 2.996080e-01
256 6.954160e-01 4.248000e-03 3.003360e-01
257 6.946440e-01 4.192000e-03 3.011640e-01
258 6.939560e-01 4.032000e-03 3.020120e-01
259 6.933120e-01 3.980000e-03 3.027080e-01
260 6.927360e-01 3.844000e-03 3.034200e-01
261 6.920480e-01 3.888000e-03 3.040640e-01
262 6.914480e-01 3.828000e-03 3.047240e-01
263 6.908360e-01 3.872000e-03 3.052920e-01
264 6.902000e-01 3.804000e-03 3.059960e-01
265 6.896480e-01 3.716000e-03 3.066360e-01
266 6.891000e-01 3.660000e-03 3.072400e-01
267 6.884280e-01 3.676000e-03 3.078960e-01
268 6.878200e-01 3.632000e-03 3.085480e-01
269 6.872320e-01 3.652000e-03 3.091160e-01
270 6.866160e-01 3.612000e-03 3.097720e-01
271 6.859960e-01 3.620000e-03 3.103840e-01
272 6.852720e-01 3.712000e-03 3.110160e-01
273 6.847320e-01 3.588000e-03 3.116800e-01
274 6.842200e-01 3.504000e-03 3.122760e-01
275 6.837080e-01 3.372000e-03 3.129200e-01
276 6.831520e-01 3.400000e-03 3.134480e-01
277 6.825960e-01 3.416000e-03 3.139880e-01
278 6.819600e-01 3.508000e-03 3.145320e-01
279 6.813600e-01 3.472000e-03 3.151680e-01
280 6.807840e-01 3.420000e-03 3.157960e-01
281 6.801360e-01 3.580000e-03 3.162840e-01
282 6.795760e-01 3.444000e-03 3.169800e-01
283 6.789120e-01 3.452000e-03 3.176360e-01
284 6.782800e-01 3.544000e-03 3.181760e-01
285 6.776520e-01 3.520000e-03 3.188280e-01
286 6.771480e-01 3.420000e-03 3.194320e-01
287 6.765680e-01 3.452000e-03 3.199800e-01
288 6.760000e-01 3.504000e-03 3.204960e-01
289 6.754080e-01 3.408000e-03 3.211840e-01
290 6.748800e-01 3.384000e-03 3.217360e-01
291 6.743200e-01 3.364000e-03 3.223160e-01
292 6.737440e-01 3.336000e-03 3.229200e-01
293 6.732680e-01 3.236000e-03 3.234960e-01
294 6.726840e-01 3.264000e-03 3.240520e-01
295 6.721320e-01 3.260000e-03 3.246080e-01
296 6.716120e-01 3.196000e-03 3.251920e-01
297 6.711160e-01 3.132000e-03 3.257520e-01
298 6.706200e-01 3.088000e-03 3.262920e-01
299 6.701080e-01 3.012000e-03 3.268800e-01
300 6.696240e-01 2.992000e-03 3.273840e-01
301 6.691840e-01 2.944000e-03 3.278720e-01
302 6.688120e-01 2.820000e-03 3.283680e-01
303 6.683240e-01 2.776000e-03 3.289000e-01
304 6.678960e-01 2.692000e-03 3.294120e-01
305 6.674480e-01 2.680000e-03 3.298720e-01
306 6.670760e-01 2.608000e-03 3.303160e-01
307 6.667000e-01 2.524000e-03 3.307760e-01
308 6.662960e-01 2.480000e-03 3.312240e-01
309 6.658600e-01 2.500000e-03 3.316400e-01
310 6.654840e-01 2.512000e-03 3.320040e-01
311 6.650680e-01 2.440000e-03 3.324920e-01
312 6.646920e-01 2.384000e-03 3.329240e-01
313 6.643680e-01 2.284000e-03 3.333480e-01
314 6.640320e-01 2.200000e-03 3.337680e-01
315 6.636880e-01 2.180000e-03 3.341320e-01
316 6.633480e-01 2.208000e-03 3.344440e-01
317 6.629560e-01 2.212000e-03 3.348320e-01
318 6.625720e-01 2.248000e-03 3.351800e-01
319 6.621880e-01 2.204000e-03 3.356080e-01
320 6.618120e-01 2.184000e-03 3.360040e-01
321 6.614360e-01 2.220000e-03 3.363440e-01
322 6.609760e-01 2.272000e-03 3.367520e-01
323 6.605600e-01 2.248000e-03 3.371920e-01
324 6.601280e-01 2.296000e-03 3.375760e-01
325 6.596640e-01 2.328000e-03 3.380080e-01
326 6.592200e-01 2.336000e-03 3.384440e-01
327 6.587160e-01 2.432000e-03 3.388520e-01
328 6.583000e-01 2.464000e-03 3.392360e-01
329 6.578920e-01 2.480000e-03 3.396280e-01
330 6.574120e-01 2.480000e-03 3.401080e-01
331 6.568960e-01 2.564000e-03 3.405400e-01
332 6.564920e-01 2.524000e-03 3.409840e-01
333 6.560880e-01 2.504000e-03 3.414080e-01
334 6.555560e-01 2.632000e-03 3.418120e-01
335 6.551280e-01 2.604000e-03 3.422680e-01
336 6.547040e-01 2.552000e-03 3.427440e-01
337 6.543400e-01 2.460000e-03 3.432000e-01
338 6.538480e-01 2.464000e-03 3.436880e-01
339 6.534320e-01 2.460000e-03 3.441080e-01
340 6.530120e-01 2.436000e-03 3.445520e-01
341 6.526560e-01 2.324000e-03 3.450200e-01
342 6.522280e-01 2.388000e-03 3.453840e-01
343 6.518960e-01 2.288000e-03 3.458160e-01
344 6.515800e-01 2.236000e-03 3.461840e-01
345 6.512280e-01 2.168000e-03 3.466040e-01
346 6.509000e-01 2.088000e-03 3.470120e-01
347 6.506040e-01 2.052000e-03 3.473440e-01
348 6.503080e-01 2.012000e-03 3.476800e-01
349 6.500160e-01 1.956000e-03 3.480280e-01
350 6.495680e-01 2.100000e-03 3.483320e-01
351 6.492680e-01 2.092000e-03 3.486400e-01
352 6.489400e-01 2.064000e-03 3.489960e-01
353 6.485880e-01 2.020000e-03 3.493920e-01
354 6.481840e-01 2.060000e-03 3.497560e-01
355 6.478640e-01 2.028000e-03 3.501080e-01
356 6.475360e-01 1.956000e-03 3.505080e-01
357 6.471600e-01 2.000000e-03 3.508400e-01
358 6.468960e-01 1.888000e-03 3.512160e-01
359 6.466520e-01 1.852000e-03 3.514960e-01
360 6.463960e-01 1.784000e-03 3.518200e-01
361 6.461000e-01 1.744000e-03 3.521560e-01
362 6.458800e-01 1.632000e-03 3.524880e-01
363 6.456360e-01 1.656000e-03 3.527080e-01
364 6.453240e-01 1.656000e-03 3.530200e-01
365 6.449960e-01 1.704000e-03 3.533000e-01
366 6.447400e-01 1.672000e-03 3.535880e-01
367 6.444200e-01 1.648000e-03 3.539320e-01
368 6.441880e-01 1.632000e-03 3.541800e-01
369 6.439800e-01 1.544000e-03 3.544760e-01
370 6.437520e-01 1.504000e-03 3.547440e-01
371 6.435040e-01 1.448000e-03 3.550480e-01
372 6.433000e-01 1.396000e-03 3.553040e-01
373 6.430560e-01 1.404000e-03 3.555400e-01
374 6.428120e-01 1.404000e-03 3.557840e-01
375 6.425720e-01 1.408000e-03 3.560200e-01
376 6.423480e-01 1.364000e-03 3.562880e-01
377 6.420880e-01 1.396000e-03 3.565160e-01
378 6.418320e-01 1.424000e-03 3.567440e-01
379 6.416560e-01 1.336000e-03 3.570080e-01
380 6.414280e-01 1.288000e-03 3.572840e-01
381 6.411800e-01 1.292000e-03 3.575280e-01
382 6.409520e-01 1.232000e-03 3.578160e-01
383 6.406760e-01 1.280000e-03 3.580440e-01
384 6.404400e-01 1.332000e-03 3.582280e-01
385 6.401680e-01 1.380000e-03 3.584520e-01
386 6.398360e-01 1.472000e-03 3.586920e-01
387 6.394640e-01 1.580000e-03 3.589560e-01
388 6.391480e-01 1.648000e-03 3.592040e-01
389 6.388160e-01 1.716000e-03 3.594680e-01
390 6.385120e-01 1.676000e-03 3.598120e-01
391 6.382360e-01 1.652000e-03 3.601120e-01
392 6.379800e-01 1.616000e-03 3.604040e-01
393 6.377320e-01 1.620000e-03 3.606480e-01
394 6.374120e-01 1.664000e-03 3.609240e-01
395 6.370320e-01 1.776000e-03 3.611920e-01
396 6.367120e-01 1.756000e-03 3.615320e-01
397 6.364680e-01 1.636000e-03 3.618960e-01
398 6.361960e-01 1.660000e-03 3.621440e-01
399 6.359480e-01 1.640000e-03 3.624120e-01
400 6.357160e-01 1.616000e-03 3.626680e-01
401 6.353920e-01 1.660000e-03 3.629480e-01
402 6.350960e-01 1.676000e-03 3.632280e-01
403 6.347840e-01 1.700000e-03 3.635160e-01
404 6.344920e-01 1.724000e-03 3.637840e-01
405 6.342440e-01 1.676000e-03 3.640800e-01
406 6.339920e-01 1.624000e-03 3.643840e-01
407 6.337720e-01 1.540000e-03 3.646880e-01
408 6.335080e-01 1.524000e-03 3.649680e-01
409 6.331920e-01 1.568000e-03 3.652400e-01
410 6.329720e-01 1.492000e-03 3.655360e-01
411 6.327000e-01 1.548000e-03 3.657520e-01
412 6.324440e-01 1.528000e-03 3.660280e-01
413 6.321680e-01 1.508000e-03 3.663240e-01
414 6.319520e-01 1.500000e-03 3.665480e-01
415 6.317280e-01 1.476000e-03 3.667960e-01
416 6.314840e-01 1.476000e-03 3.670400e-01
417 6.312440e-01 1.464000e-03 3.672920e-01
418 6.309640e-01 1.496000e-03 3.675400e-01
419 6.307360e-01 1.436000e-03 3.678280e-01
420 6.305080e-01 1.416000e-03 3.680760e-01
421 6.302880e-01 1.420000e-03 3.682920e-01
422 6.300720e-01 1.380000e-03 3.685480e-01
423 6.298360e-01 1.424000e-03 3.687400e-01
424 6.296560e-01 1.368000e-03 3.689760e-01
425 6.294440e-01 1.360000e-03 3.691960e-01
426 6.291800e-01 1.352000e-03 3.694680e-01
427 6.288960e-01 1.380000e-03 3.697240e-01
428 6.286840e-01 1.360000e-03 3.699560e-01
429 6.283840e-01 1.428000e-03 3.701880e-01
430 6.281320e-01 1.404000e-03 3.704640e-01
431 6.278760e-01 1.448000e-03 3.706760e-01
432 6.276960e-01 1.400000e-03 3.709040e-01
433 6.274880e-01 1.380000e-03 3.711320e-01
434 6.272400e-01 1.420000e-03 3.713400e-01
435 6.269920e-01 1.412000e-03 3.715960e-01
436 6.267880e-01 1.344000e-03 3.718680e-01
437 6.265480e-01 1.336000e-03 3.721160e-01
438 6.262320e-01 1.484000e-03 3.722840e-01
439 6.259880e-01 1.504000e-03 3.725080e-01
440 6.257560e-01 1.444000e-03 3.728000e-01
441 6.255800e-01 1.392000e-03 3.730280e-01
442 6.253760e-01 1.352000e-03 3.732720e-01
443 6.251920e-01 1.384000e-03 3.734240e-01
444 6.249800e-01 1.424000e-03 3.735960e-01
445 6.248240e-01 1.316000e-03 3.738600e-01
446 6.246240e-01 1.296000e-03 3.740800e-01
447 6.244520e-01 1.212000e-03 3.743360e-01
448 6.243080e-01 1.096000e-03 3.745960e-01
449 6.241360e-01 1.104000e-03 3.747600e-01
450 6.239480e-01 1.104000e-03 3.749480e-01
451 6.238000e-01 1.052000e-03 3.751480e-01
452 6.236800e-01 9.800000e-04 3.753400e-01
453 6.235200e-01 9.640000e-04 3.755160e-01
454 6.233760e-01 9.040000e-04 3.757200e-01
455 6.232240e-01 9.080000e-04 3.758680e-01
456 6.230520e-01 9.200000e-04 3.760280e-01
457 6.229000e-01 9.000000e-04 3.762000e-01
458 6.227480e-01 8.440000e-04 3.764080e-01
459 6.226400e-01 7.720000e-04 3.765880e-01
460 6.225240e-01 7.160000e-04 3.767600e-01
461 6.224360e-01 6.960000e-04 3.768680e-01
462 6.223600e-01 6.480000e-04 3.769920e-01
463 6.222880e-01 6.400000e-04 3.770720e-01
464 6.222000e-01 6.520000e-04 3.771480e-01
465 6.221080e-01 6.280000e-04 3.772640e-01
466 6.220440e-01 5.840000e-04 3.773720e-01
467 6.219600e-01 5.560000e-04 3.774840e-01
468 6.218960e-01 5.240000e-04 3.775800e-01
469 6.218480e-01 4.800000e-04 3.776720e-01
470 6.217920e-01 4.560000e-04 3.777520e-01
471 6.217520e-01 3.920000e-04 3.778560e-01
472 6.217040e-01 3.840000e-04 3.779120e-01
473 6.216480e-01 3.840000e-04 3.779680e-01
474 6.215880e-01 3.600000e-04 3.780520e-01
475 6.215120e-01 3.840000e-04 3.781040e-01
476 6.214040e-01 4.160000e-04 3.781800e-01
477 6.213400e-01 4.000000e-04 3.782600e-01
478 6.212520e-01 4.200000e-04 3.783280e-01
479 6.211640e-01 4.400000e-04 3.783960e-01
480 6.210960e-01 4.320000e-04 3.784720e-01
481 6.210160e-01 4.160000e-04 3.785680e-01
482 6.209400e-01 4.360000e-04 3.786240e-01
483 6.208360e-01 4.440000e-04 3.787200e-01
484 6.207640e-01 4.200000e-04 3.788160e-01
485 6.206680e-01 4.400000e-04 3.788920e-01
486 6.206080e-01 4.240000e-04 3.789680e-01
487 6.205680e-01 3.960000e-04 3.790360e-01
488 6.204920e-01 4.040000e-04 3.791040e-01
489 6.204120e-01 4.120000e-04 3.791760e-01
490 6.203560e-01 3.840000e-04 3.792600e-01
491 6.202880e-01 3.840000e-04 3.793280e-01
492 6.202480e-01 3.720000e-04 3.793800e-01
493 6.201920e-01 3.520000e-04 3.794560e-01
494 6.201400e-01 3.240000e-04 3.795360e-01
495 6.200920e-01 3.120000e-04 3.795960e-01
496 6.200040e-01 3.440000e-04 3.796520e-01
497 6.199400e-01 3.480000e-04 3.797120e-01
498 6.198560e-01 3.680000e-04 3.797760e-01
499 6.197880e-01 3.800000e-04 3.798320e-01
500 6.197240e-01 3.680000e-04 3.799080e-01
