1 9.992480e-01 6.840000e-04 6.800000e-05
2 9.986720e-01 1.120000e-03 2.080000e-04
3 9.979400e-01 1.648000e-03 4.120000e-04
4 9.971600e-01 2.124000e-03 7.160000e-04
5 9.963320e-01 2.580000e-03 1.088000e-03
6 9.953200e-01 3.092000e-03 1.588000e-03
7 9.942400e-01 3.604000e-03 2.156000e-03
8 9.930440e-01 4.108000e-03 2.848000e-03
9 9.919600e-01 4.488000e-03 3.552000e-03
10 9.909800e-01 4.588000e-03 4.432000e-03
11 9.898560e-01 4.912000e-03 5.232000e-03
12 9.887680e-01 5.120000e-03 6.112000e-03
13 9.875040e-01 5.580000e-03 6.916000e-03
14 9.862360e-01 5.788000e-03 7.976000e-03
15 9.849400e-01 5.932000e-03 9.128000e-03
16 9.835480e-01 6.164000e-03 1.028800e-02
17 9.821360e-01 6.528000e-03 1.133600e-02
18 9.807680e-01 6.648000e-03 1.258400e-02
19 9.793960e-01 6.692000e-03 1.391200e-02
20 9.778520e-01 7.000000e-03 1.514800e-02
21 9.763080e-01 7.272000e-03 1.642000e-02
22 9.748000e-01 7.444000e-03 1.775600e-02
23 9.733680e-01 7.592000e-03 1.904000e-02
24 9.717480e-01 7.780000e-03 2.047200e-02
25 9.702160e-01 7.856000e-03 2.192800e-02
26 9.686280e-01 8.036000e-03 2.333600e-02
27 9.670560e-01 8.156000e-03 2.478800e-02
28 9.654440e-01 8.356000e-03 2.620000e-02
29 9.637040e-01 8.564000e-03 2.773200e-02
30 9.620760e-01 8.704000e-03 2.922000e-02
31 9.603080e-01 8.948000e-03 3.074400e-02
32 9.585400e-01 8.964000e-03 3.249600e-02
33 9.568800e-01 9.100000e-03 3.402000e-02
34 9.551400e-01 9.224000e-03 3.563600e-02
35 9.534480e-01 9.216000e-03 3.733600e-02
36 9.515320e-01 9.476000e-03 3.899200e-02
37 9.496200e-01 9.644000e-03 4.073600e-02
38 9.477760e-01 9.712000e-03 4.251200e-02
39 9.461360e-01 9.552000e-03 4.431200e-02
40 9.444640e-01 9.496000e-03 4.604000e-02
41 9.428320e-01 9.504000e-03 4.766400e-02
42 9.413360e-01 9.384000e-03 4.928000e-02
43 9.394840e-01 9.664000e-03 5.085200e-02
44 9.377160e-01 9.752000e-03 5.253200e-02
45 9.360960e-01 9.644000e-03 5.426000e-02
46 9.342880e-01 9.732000e-03 5.598000e-02
47 9.323400e-01 9.876000e-03 5.778400e-02
48 9.304760e-01 1.009200e-02 5.943200e-02
49 9.286960e-01 1.016800e-02 6.113600e-02
50 9.267760e-01 1.030400e-02 6.292000e-02
51 9.249680e-01 1.034800e-02 6.468400e-02
52 9.232000e-01 1.030800e-02 6.649200e-02
53 9.214120e-01 1.020800e-02 6.838000e-02
54 9.197000e-01 1.013600e-02 7.016400e-02
55 9.180960e-01 9.992000e-03 7.191200e-02
56 9.161440e-01 1.027600e-02 7.358000e-02
57 9.140960e-01 1.049200e-02 7.541200e-02
58 9.122720e-01 1.063200e-02 7.709600e-02
59 9.102800e-01 1.077600e-02 7.894400e-02
60 9.083800e-01 1.076400e-02 8.085600e-02
61 9.064040e-01 1.092800e-02 8.266800e-02
62 9.046960e-01 1.070800e-02 8.459600e-02
63 9.028280e-01 1.059600e-02 8.657600e-02
64 9.008840e-01 1.062800e-02 8.848800e-02
65 8.991040e-01 1.072800e-02 9.016800e-02
66 8.973960e-01 1.060000e-02 9.200400e-02
67 8.957160e-01 1.048800e-02 9.379600e-02
68 8.938400e-01 1.068000e-02 9.548000e-02
69 8.919480e-01 1.074000e-02 9.731200e-02
70 8.899920e-01 1.068400e-02 9.932400e-02
71 8.883720e-01 1.037600e-02 1.012520e-01
72 8.865720e-01 1.029600e-02 1.031320e-01
73 8.850640e-01 9.976000e-03 1.049600e-01
74 8.834240e-01 9.784000e-03 1.067920e-01
75 8.817480e-01 9.704000e-03 1.085480e-01
76 8.801040e-01 9.604000e-03 1.102920e-01
77 8.786040e-01 9.444000e-03 1.119520e-01
78 8.770000e-01 9.348000e-03 1.136520e-01
79 8.755920e-01 9.104000e-03 1.153040e-01
80 8.739200e-01 9.172000e-03 1.169080e-01
81 8.724440e-01 8.908000e-03 1.186480e-01
82 8.708920e-01 8.852000e-03 1.202560e-01
83 8.692880e-01 9.016000e-03 1.216960e-01
84 8.678520e-01 8.764000e-03 1.233840e-01
85 8.664760e-01 8.600000e-03 1.249240e-01
86 8.650800e-01 8.460000e-03 1.264600e-01
87 8.636400e-01 8.492000e-03 1.278680e-01
88 8.621120e-01 8.608000e-03 1.292800e-01
89 8.606720e-01 8.632000e-03 1.306960e-01
90 8.592840e-01 8.536000e-03 1.321800e-01
91 8.578560e-01 8.496000e-03 1.336480e-01
92 8.564680e-01 8.564000e-03 1.349680e-01
93 8.549440e-01 8.568000e-03 1.364880e-01
94 8.533600e-01 8.708000e-03 1.379320e-01
95 8.519000e-01 8.448000e-03 1.396520e-01
96 8.505000e-01 8.376000e-03 1.411240e-01
97 8.490120e-01 8.508000e-03 1.424800e-01
98 8.473680e-01 8.532000e-03 1.441000e-01
99 8.459080e-01 8.488000e-03 1.456040e-01
100 8.443760e-01 8.484000e-03 1.471400e-01
101 8.430280e-01 8.200000e-03 1.487720e-01
102 8.415400e-01 8.244000e-03 1.502160e-01
103 8.400440e-01 8.300000e-03 1.516560e-01
104 8.383840e-01 8.464000e-03 1.531520e-01
105 8.368600e-01 8.616000e-03 1.545240e-01
106 8.353120e-01 8.540000e-03 1.561480e-01
107 8.337880e-01 8.680000e-03 1.575320e-01
108 8.322520e-01 8.672000e-03 1.590760e-01
109 8.307360e-01 8.728000e-03 1.605360e-01
110 8.293840e-01 8.644000e-03 1.619720e-01
111 8.277920e-01 8.668000e-03 1.635400e-01
112 8.263040e-01 8.616000e-03 1.650800e-01
113 8.247640e-01 8.536000e-03 1.667000e-01
114 8.233240e-01 8.528000e-03 1.681480e-01
115 8.218760e-01 8.580000e-03 1.695440e-01
116 8.204800e-01 8.388000e-03 1.711320e-01
117 8.189640e-01 8.324000e-03 1.727120e-01
118 8.176360e-01 8.196000e-03 1.741680e-01
119 8.164240e-01 8.052000e-03 1.755240e-01
120 8.151000e-01 7.940000e-03 1.769600e-01
121 8.137440e-01 7.920000e-03 1.783360e-01
122 8.124080e-01 7.904000e-03 1.796880e-01
123 8.110160e-01 7.868000e-03 1.811160e-01
124 8.098760e-01 7.584000e-03 1.825400e-01
125 8.086800e-01 7.440000e-03 1.838800e-01
126 8.073240e-01 7.572000e-03 1.851040e-01
127 8.059800e-01 7.596000e-03 1.864240e-01
128 8.047040e-01 7.528000e-03 1.877680e-01
129 8.034240e-01 7.504000e-03 1.890720e-01
130 8.021960e-01 7.444000e-03 1.903600e-01
131 8.009400e-01 7.472000e-03 1.915880e-01
132 7.996120e-01 7.508000e-03 1.928800e-01
133 7.983880e-01 7.516000e-03 1.940960e-01
134 7.969800e-01 7.548000e-03 1.954720e-01
135 7.956040e-01 7.608000e-03 1.967880e-01
136 7.942800e-01 7.656000e-03 1.980640e-01
137 7.928920e-01 7.716000e-03 1.993920e-01
138 7.916240e-01 7.636000e-03 2.007400e-01
139 7.904400e-01 7.464000e-03 2.020960e-01
140 7.891200e-01 7.544000e-03 2.033360e-01
141 7.878040e-01 7.620000e-03 2.045760e-01
142 7.865520e-01 7.496000e-03 2.059520e-01
143 7.851360e-01 7.500000e-03 2.073640e-01
144 7.837720e-01 7.676000e-03 2.085520e-01
145 7.824400e-01 7.668000e-03 2.098920e-01
146 7.812480e-01 7.532000e-03 2.112200e-01
147 7.800280e-01 7.368000e-03 2.126040e-01
148 7.788040e-01 7.384000e-03 2.138120e-01
149 7.774960e-01 7.404000e-03 2.151000e-01
150 7.761600e-01 7.388000e-03 2.164520e-01
151 7.748040e-01 7.464000e-03 2.177320e-01
152 7.735440e-01 7.436000e-03 2.190200e-01
153 7.723920e-01 7.296000e-03 2.203120e-01
154 7.711520e-01 7.228000e-03 2.216200e-01
155 7.699360e-01 7.120000e-03 2.229440e-01
156 7.687840e-01 6.840000e-03 2.243760e-01
157 7.674720e-01 6.956000e-03 2.255720e-01
158 7.663360e-01 6.944000e-03 2.267200e-01
159 7.651520e-01 6.816000e-03 2.280320e-01
160 7.639160e-01 6.828000e-03 2.292560e-01
161 7.626760e-01 6.872000e-03 2.304520e-01
162 7.615640e-01 6.740000e-03 2.316960e-01
163 7.603440e-01 6.756000e-03 2.329000e-01
164 7.590880e-01 6.848000e-03 2.340640e-01
165 7.578760e-01 6.744000e-03 2.353800e-01
166 7.566200e-01 6.836000e-03 2.365440e-01
167 7.552840e-01 7.012000e-03 2.377040e-01
168 7.540120e-01 7.128000e-03 2.388600e-01
169 7.528640e-01 6.980000e-03 2.401560e-01
170 7.518080e-01 6.848000e-03 2.413440e-01
171 7.506840e-01 6.808000e-03 2.425080e-01
172 7.495080e-01 6.812000e-03 2.436800e-01
173 7.484000e-01 6.692000e-03 2.449080e-01
174 7.473440e-01 6.504000e-03 2.461520e-01
175 7.463800e-01 6.264000e-03 2.473560e-01
176 7.452560e-01 6.312000e-03 2.484320e-01
177 7.441480e-01 6.236000e-03 2.496160e-01
178 7.430360e-01 6.232000e-03 2.507320e-01
179 7.420080e-01 6.204000e-03 2.517880e-01
180 7.409240e-01 6.204000e-03 2.528720e-01
181 7.399600e-01 6.028000e-03 2.540120e-01
182 7.388280e-01 6.112000e-03 2.550600e-01
183 7.377400e-01 6.112000e-03 2.561480e-01
184 7.367760e-01 6.052000e-03 2.571720e-01
185 7.358680e-01 5.972000e-03 2.581600e-01
186 7.347640e-01 6.052000e-03 2.591840e-01
187 7.337320e-01 6.116000e-03 2.601520e-01
188 7.327120e-01 6.004000e-03 2.612840e-01
189 7.317200e-01 5.924000e-03 2.623560e-01
190 7.307920e-01 5.800000e-03 2.634080e-01
191 7.298160e-01 5.836000e-03 2.643480e-01
192 7.288320e-01 5.828000e-03 2.653400e-01
193 7.278080e-01 5.908000e-03 2.662840e-01
194 7.269480e-01 5.792000e-03 2.672600e-01
195 7.259000e-01 5.816000e-03 2.682840e-01
196 7.247920e-01 5.888000e-03 2.693200e-01
197 7.237640e-01 5.932000e-03 2.703040e-01
198 7.227840e-01 5.884000e-03 2.713320e-01
199 7.217920e-01 5.896000e-03 2.723120e-01
200 7.207440e-01 5.960000e-03 2.732960e-01
201 7.197160e-01 6.044000e-03 2.742400e-01
202 7.187080e-01 6.004000e-03 2.752880e-01
203 7.176280e-01 5.964000e-03 2.764080e-01
204 7.166080e-01 5.916000e-03 2.774760e-01
205 7.156360e-01 5.876000e-03 2.784880e-01
206 7.146560e-01 5.836000e-03 2.795080e-01
207 7.136320e-01 5.944000e-03 2.804240e-01
208 7.126280e-01 5.828000e-03 2.815440e-01
209 7.117200e-01 5.696000e-03 2.825840e-01
210 7.107240e-01 5.736000e-03 2.835400e-01
211 7.097960e-01 5.748000e-03 2.844560e-01
212 7.089160e-01 5.664000e-03 2.854200e-01
213 7.079520e-01 5.708000e-03 2.863400e-01
214 7.070600e-01 5.584000e-03 2.873560e-01
215 7.060760e-01 5.612000e-03 2.883120e-01
216 7.052960e-01 5.356000e-03 2.893480e-01
217 7.044880e-01 5.256000e-03 2.902560e-01
218 7.036640e-01 5.112000e-03 2.912240e-01
219 7.027760e-01 5.124000e-03 2.921000e-01
220 7.019880e-01 5.068000e-03 2.929440e-01
221 7.012080e-01 5.020000e-03 2.937720e-01
222 7.003960e-01 4.980000e-03 2.946240e-01
223 6.996440e-01 4.892000e-03 2.954640e-01
224 6.990160e-01 4.632000e-03 2.963520e-01
225 6.982480e-01 4.684000e-03 2.970680e-01
226 6.975200e-01 4.648000e-03 2.978320e-01
227 6.968280e-01 4.600000e-03 2.985720e-01
228 6.961720e-01 4.292000e-03 2.995360e-01
229 6.954960e-01 4.224000e-03 3.002800e-01
230 6.947960e-01 4.232000e-03 3.009720e-01
231 6.940960e-01 4.196000e-03 3.017080e-01
232 6.933920e-01 4.104000e-03 3.025040e-01
233 6.926800e-01 4.096000e-03 3.032240e-01
234 6.920280e-01 4.160000e-03 3.038120e-01
235 6.914000e-01 4.184000e-03 3.044160e-01
236 6.906440e-01 4.184000e-03 3.051720e-01
237 6.899440e-01 4.180000e-03 3.058760e-01
238 6.893120e-01 4.100000e-03 3.065880e-01
239 6.886560e-01 4.112000e-03 3.072320e-01
240 6.880160e-01 4.076000e-03 3.079080e-01
241 6.873440e-01 4.044000e-03 3.086120e-01
242 6.865920e-01 4.060000e-03 3.093480e-01
243 6.858560e-01 4.048000e-03 3.100960e-01
244 6.851600e-01 3.996000e-03 3.108440e-01
245 6.844600e-01 4.048000e-03 3.114920e-01
246 6.837800e-01 3.984000e-03 3.122360e-01
247 6.831880e-01 3.932000e-03 3.128800e-01
248 6.824600e-01 4.076000e-03 3.134640e-01
249 6.818080e-01 3.952000e-03 3.142400e-01
250 6.811840e-01 3.876000e-03 3.149400e-01
251 6.805360e-01 3.788000e-03 3.156760e-01
252 6.799280e-01 3.784000e-03 3.162880e-01
253 6.794000e-01 3.692000e-03 3.169080e-01
254 6.787400e-01 3.696000e-03 3.175640e-01
255 6.781240e-01 3.748000e-03 3.181280e-01
256 6.774640e-01 3.736000e-03 3.188000e-01
257 6.768800e-01 3.612000e-03 3.195080e-01
258 6.762960e-01 3.576000e-03 3.201280e-01
259 6.756760e-01 3.544000e-03 3.207800e-01
260 6.751240e-01 3.460000e-03 3.214160e-01
261 6.744720e-01 3.452000e-03 3.220760e-01
262 6.738640e-01 3.432000e-03 3.227040e-01
263 6.732560e-01 3.508000e-03 3.232360e-01
264 6.727480e-01 3.428000e-03 3.238240e-01
265 6.721880e-01 3.408000e-03 3.244040e-01
266 6.716520e-01 3.316000e-03 3.250320e-01
267 6.709600e-01 3.472000e-03 3.255680e-01
268 6.703240e-01 3.440000e-03 3.262360e-01
269 6.697720e-01 3.468000e-03 3.267600e-01
270 6.691600e-01 3.480000e-03 3.273600e-01
271 6.685800e-01 3.448000e-03 3.279720e-01
272 6.680080e-01 3.492000e-03 3.285000e-01
273 6.675000e-01 3.396000e-03 3.291040e-01
274 6.669640e-01 3.328000e-03 3.297080e-01
275 6.664720e-01 3.284000e-03 3.302440e-01
276 6.660520e-01 3.092000e-03 3.308560e-01
277 6.655800e-01 3.056000e-03 3.313640e-01
278 6.650120e-01 3.140000e-03 3.318480e-01
279 6.644160e-01 3.128000e-03 3.324560e-01
280 6.639120e-01 3.040000e-03 3.330480e-01
281 6.634040e-01 2.920000e-03 3.336760e-01
282 6.627520e-01 3.052000e-03 3.341960e-01
283 6.622320e-01 3.092000e-03 3.346760e-01
284 6.617040e-01 3.028000e-03 3.352680e-01
285 6.613000e-01 2.988000e-03 3.357120e-01
286 6.606920e-01 3.048000e-03 3.362600e-01
287 6.601080e-01 3.080000e-03 3.368120e-01
288 6.595960e-01 3.056000e-03 3.373480e-01
289 6.590480e-01 3.036000e-03 3.379160e-01
290 6.584000e-01 3.072000e-03 3.385280e-01
291 6.579560e-01 2.844000e-03 3.392000e-01
292 6.575520e-01 2.736000e-03 3.397120e-01
293 6.571240e-01 2.700000e-03 3.401760e-01
294 6.567120e-01 2.620000e-03 3.406680e-01
295 6.563040e-01 2.632000e-03 3.410640e-01
296 6.559480e-01 2.560000e-03 3.414920e-01
297 6.555880e-01 2.448000e-03 3.419640e-01
298 6.551520e-01 2.560000e-03 3.422880e-01
299 6.548280e-01 2.512000e-03 3.426600e-01
300 6.544520e-01 2.460000e-03 3.430880e-01
301 6.540160e-01 2.528000e-03 3.434560e-01
302 6.536400e-01 2.456000e-03 3.439040e-01
303 6.531960e-01 2.476000e-03 3.443280e-01
304 6.528200e-01 2.448000e-03 3.447320e-01
305 6.524280e-01 2.412000e-03 3.451600e-01
306 6.520160e-01 2.384000e-03 3.456000e-01
307 6.516480e-01 2.336000e-03 3.460160e-01
308 6.513000e-01 2.284000e-03 3.464160e-01
309 6.509720e-01 2.220000e-03 3.468080e-01
310 6.506240e-01 2.204000e-03 3.471720e-01
311 6.503240e-01 2.092000e-03 3.475840e-01
312 6.499000e-01 2.152000e-03 3.479480e-01
313 6.494880e-01 2.180000e-03 3.483320e-01
314 6.491080e-01 2.176000e-03 3.487160e-01
315 6.486880e-01 2.244000e-03 3.490680e-01
316 6.482560e-01 2.260000e-03 3.494840e-01
317 6.477720e-01 2.316000e-03 3.499120e-01
318 6.473560e-01 2.324000e-03 3.503200e-01
319 6.469400e-01 2.328000e-03 3.507320e-01
320 6.465680e-01 2.264000e-03 3.511680e-01
321 6.462840e-01 2.148000e-03 3.515680e-01
322 6.458480e-01 2.176000e-03 3.519760e-01
323 6.454920e-01 2.084000e-03 3.524240e-01
324 6.450840e-01 2.116000e-03 3.528000e-01
325 6.446800e-01 2.128000e-03 3.531920e-01
326 6.443400e-01 2.096000e-03 3.535640e-01
327 6.439600e-01 2.092000e-03 3.539480e-01
328 6.436240e-01 2.120000e-03 3.542560e-01
329 6.432200e-01 2.112000e-03 3.546680e-01
330 6.429240e-01 2.060000e-03 3.550160e-01
331 6.425080e-01 2.080000e-03 3.554120e-01
332 6.420800e-01 2.220000e-03 3.557000e-01
333 6.417240e-01 2.232000e-03 3.560440e-01
334 6.413400e-01 2.284000e-03 3.563760e-01
335 6.409480e-01 2.236000e-03 3.568160e-01
336 6.406040e-01 2.200000e-03 3.571960e-01
337 6.402480e-01 2.216000e-03 3.575360e-01
338 6.398400e-01 2.216000e-03 3.579440e-01
339 6.394640e-01 2.184000e-03 3.583520e-01
340 6.391400e-01 2.160000e-03 3.587000e-01
341 6.388120e-01 2.044000e-03 3.591440e-01
342 6.385640e-01 1.956000e-03 3.594800e-01
343 6.382320e-01 1.932000e-03 3.598360e-01
344 6.379440e-01 1.876000e-03 3.601800e-01
345 6.376480e-01 1.868000e-03 3.604840e-01
346 6.372640e-01 1.900000e-03 3.608360e-01
347 6.369600e-01 1.864000e-03 3.611760e-01
348 6.366840e-01 1.824000e-03 3.614920e-01
349 6.364000e-01 1.848000e-03 3.617520e-01
350 6.360400e-01 1.900000e-03 3.620600e-01
351 6.356240e-01 2.004000e-03 3.623720e-01
352 6.352680e-01 1.964000e-03 3.627680e-01
353 6.348720e-01 2.012000e-03 3.631160e-01
354 6.345080e-01 2.052000e-03 3.634400e-01
355 6.342040e-01 1.984000e-03 3.638120e-01
356 6.339040e-01 1.964000e-03 3.641320e-01
357 6.335960e-01 1.852000e-03 3.645520e-01
358 6.333600e-01 1.764000e-03 3.648760e-01
359 6.330640e-01 1.768000e-03 3.651680e-01
360 6.327440e-01 1.824000e-03 3.654320e-01
361 6.324240e-01 1.776000e-03 3.658000e-01
362 6.321320e-01 1.792000e-03 3.660760e-01
363 6.318200e-01 1.832000e-03 3.663480e-01
364 6.315360e-01 1.812000e-03 3.666520e-01
365 6.312480e-01 1.828000e-03 3.669240e-01
366 6.309960e-01 1.768000e-03 3.672360e-01
367 6.306720e-01 1.724000e-03 3.676040e-01
368 6.303520e-01 1.756000e-03 3.678920e-01
369 6.300600e-01 1.708000e-03 3.682320e-01
370 6.297440e-01 1.716000e-03 3.685400e-01
371 6.293960e-01 1.728000e-03 3.688760e-01
372 6.290920e-01 1.732000e-03 3.691760e-01
373 6.287720e-01 1.788000e-03 3.694400e-01
374 6.283920e-01 1.872000e-03 3.697360e-01
375 6.280400e-01 1.836000e-03 3.701240e-01
376 6.277040e-01 1.836000e-03 3.704600e-01
377 6.273520e-01 1.904000e-03 3.707440e-01
378 6.270800e-01 1.856000e-03 3.710640e-01
379 6.267760e-01 1.828000e-03 3.713960e-01
380 6.265320e-01 1.712000e-03 3.717560e-01
381 6.261960e-01 1.752000e-03 3.720520e-01
382 6.258800e-01 1.780000e-03 3.723400e-01
383 6.255400e-01 1.904000e-03 3.725560e-01
384 6.252680e-01 1.852000e-03 3.728800e-01
385 6.249680e-01 1.852000e-03 3.731800e-01
386 6.245760e-01 1.944000e-03 3.734800e-01
387 6.242200e-01 1.964000e-03 3.738160e-01
388 6.237880e-01 2.036000e-03 3.741760e-01
389 6.234120e-01 2.076000e-03 3.745120e-01
390 6.230840e-01 2.068000e-03 3.748480e-01
391 6.227240e-01 2.028000e-03 3.752480e-01
392 6.224120e-01 1.984000e-03 3.756040e-01
393 6.220400e-01 1.992000e-03 3.759680e-01
394 6.217120e-01 1.988000e-03 3.763000e-01
395 6.213720e-01 1.988000e-03 3.766400e-01
396 6.210080e-01 2.032000e-03 3.769600e-01
397 6.206760e-01 2.028000e-03 3.772960e-01
398 6.203840e-01 1.936000e-03 3.776800e-01
399 6.200760e-01 1.896000e-03 3.780280e-01
400 6.197640e-01 1.884000e-03 3.783520e-01
401 6.195080e-01 1.848000e-03 3.786440e-01
402 6.192000e-01 1.868000e-03 3.789320e-01
403 6.189680e-01 1.812000e-03 3.792200e-01
404 6.187000e-01 1.776000e-03 3.795240e-01
405 6.184160e-01 1.768000e-03 3.798160e-01
406 6.180960e-01 1.784000e-03 3.801200e-01
407 6.177560e-01 1.840000e-03 3.804040e-01
408 6.175040e-01 1.792000e-03 3.807040e-01
409 6.172440e-01 1.740000e-03 3.810160e-01
410 6.169480e-01 1.724000e-03 3.813280e-01
411 6.166360e-01 1.748000e-03 3.816160e-01
412 6.163760e-01 1.696000e-03 3.819280e-01
413 6.160400e-01 1.732000e-03 3.822280e-01
414 6.157160e-01 1.792000e-03 3.824920e-01
415 6.153680e-01 1.832000e-03 3.828000e-01
416 6.150520e-01 1.780000e-03 3.831680e-01
417 6.147200e-01 1.788000e-03 3.834920e-01
418 6.144280e-01 1.732000e-03 3.838400e-01
419 6.141800e-01 1.704000e-03 3.841160e-01
420 6.138400e-01 1.756000e-03 3.844040e-01
421 6.135480e-01 1.748000e-03 3.847040e-01
422 6.132400e-01 1.800000e-03 3.849600e-01
423 6.129160e-01 1.812000e-03 3.852720e-01
424 6.126680e-01 1.748000e-03 3.855840e-01
425 6.124280e-01 1.720000e-03 3.858520e-01
426 6.122000e-01 1.596000e-03 3.862040e-01
427 6.120400e-01 1.488000e-03 3.864720e-01
428 6.118640e-01 1.440000e-03 3.866960e-01
429 6.116320e-01 1.372000e-03 3.869960e-01
430 6.114360e-01 1.340000e-03 3.872240e-01
431 6.112520e-01 1.244000e-03 3.875040e-01
432 6.110920e-01 1.136000e-03 3.877720e-01
433 6.108920e-01 1.160000e-03 3.879480e-01
434 6.107040e-01 1.156000e-03 3.881400e-01
435 6.105320e-01 1.076000e-03 3.883920e-01
436 6.103680e-01 1.096000e-03 3.885360e-01
437 6.102000e-01 1.080000e-03 3.887200e-01
438 6.100320e-01 1.072000e-03 3.888960e-01
439 6.098760e-01 1.028000e-03 3.890960e-01
440 6.097480e-01 1.000000e-03 3.892520e-01
441 6.095520e-01 9.720000e-04 3.894760e-01
442 6.094120e-01 9.280000e-04 3.896600e-01
443 6.092760e-01 8.960000e-04 3.898280e-01
444 6.091440e-01 8.640000e-04 3.899920e-01
445 6.090120e-01 8.120000e-04 3.901760e-01
446 6.089560e-01 7.080000e-04 3.903360e-01
447 6.088520e-01 7.000000e-04 3.904480e-01
448 6.087680e-01 6.600000e-04 3.905720e-01
449 6.086680e-01 6.440000e-04 3.906880e-01
450 6.085520e-01 6.640000e-04 3.907840e-01
451 6.084640e-01 6.160000e-04 3.909200e-01
452 6.083760e-01 6.040000e-04 3.910200e-01
453 6.082600e-01 5.880000e-04 3.911520e-01
454 6.081800e-01 5.720000e-04 3.912480e-01
455 6.081040e-01 5.600000e-04 3.913360e-01
456 6.080400e-01 5.480000e-04 3.914120e-01
457 6.079360e-01 5.960000e-04 3.914680e-01
458 6.078440e-01 5.880000e-04 3.915680e-01
459 6.077880e-01 5.120000e-04 3.917000e-01
460 6.077120e-01 4.920000e-04 3.917960e-01
461 6.076640e-01 4.600000e-04 3.918760e-01
462 6.075960e-01 4.400000e-04 3.919640e-01
463 6.075600e-01 4.200000e-04 3.920200e-01
464 6.074840e-01 4.280000e-04 3.920880e-01
465 6.074120e-01 4.200000e-04 3.921680e-01
466 6.073240e-01 4.360000e-04 3.922400e-01
467 6.072000e-01 5.040000e-04 3.922960e-01
468 6.071160e-01 5.080000e-04 3.923760e-01
469 6.070040e-01 5.320000e-04 3.924640e-01
470 6.069160e-01 5.400000e-04 3.925440e-01
471 6.068080e-01 5.520000e-04 3.926400e-01
472 6.067400e-01 5.240000e-04 3.927360e-01
473 6.066840e-01 5.040000e-04 3.928120e-01
474 6.066280e-01 4.720000e-04 3.929000e-01
475 6.065320e-01 4.840000e-04 3.929840e-01
476 6.064960e-01 4.080000e-04 3.930960e-01
477 6.064360e-01 4.000000e-04 3.931640e-01
478 6.064040e-01 3.760000e-04 3.932200e-01
479 6.063720e-01 3.320000e-04 3.932960e-01
480 6.063240e-01 3.400000e-04 3.933360e-01
481 6.062880e-01 3.200000e-04 3.933920e-01
482 6.062640e-01 2.840000e-04 3.934520e-01
483 6.062280e-01 2.880000e-04 3.934840e-01
484 6.062000e-01 2.720000e-04 3.935280e-01
485 6.061680e-01 2.520000e-04 3.935800e-01
486 6.061400e-01 2.200000e-04 3.936400e-01
487 6.061000e-01 2.440000e-04 3.936560e-01
488 6.060640e-01 2.400000e-04 3.936960e-01
489 6.060320e-01 2.320000e-04 3.937360e-01
490 6.060040e-01 2.160000e-04 3.937800e-01
491 6.059720e-01 2.040000e-04 3.938240e-01
492 6.059440e-01 2.040000e-04 3.938520e-01
493 6.058960e-01 2.080000e-04 3.938960e-01
494 6.058640e-01 2.120000e-04 3.939240e-01
495 6.058560e-01 1.960000e-04 3.939480e-01
496 6.058360e-01 1.880000e-04 3.939760e-01
497 6.058120e-01 1.920000e-04 3.939960e-01
498 6.057520e-01 2.160000e-04 3.940320e-01
499 6.056920e-01 2.400000e-04 3.940680e-01
500 6.056680e-01 2.280000e-04 3.941040e-01
