1 9.992720e-01 6.360000e-04 9.200000e-05
2 9.988720e-01 9.320000e-04 1.960000e-04
3 9.983000e-01 1.312000e-03 3.880000e-04
4 9.975400e-01 1.772000e-03 6.880000e-04
5 9.967000e-01 2.240000e-03 1.060000e-03
6 9.958360e-01 2.660000e-03 1.504000e-03
7 9.949560e-01 3.008000e-03 2.036000e-03
8 9.939320e-01 3.500000e-03 2.568000e-03
9 9.928920e-01 3.844000e-03 3.264000e-03
10 9.918360e-01 4.228000e-03 3.936000e-03
11 9.907040e-01 4.604000e-03 4.692000e-03
12 9.895640e-01 4.940000e-03 5.496000e-03
13 9.883520e-01 5.188000e-03 6.460000e-03
14 9.872760e-01 5.280000e-03 7.444000e-03
15 9.862560e-01 5.408000e-03 8.336000e-03
16 9.850920e-01 5.712000e-03 9.196000e-03
17 9.839440e-01 5.828000e-03 1.022800e-02
18 9.826840e-01 6.060000e-03 1.125600e-02
19 9.813360e-01 6.416000e-03 1.224800e-02
20 9.801400e-01 6.372000e-03 1.348800e-02
21 9.788920e-01 6.416000e-03 1.469200e-02
22 9.776200e-01 6.576000e-03 1.580400e-02
23 9.763040e-01 6.728000e-03 1.696800e-02
24 9.751000e-01 6.776000e-03 1.812400e-02
25 9.737320e-01 6.856000e-03 1.941200e-02
26 9.724560e-01 6.932000e-03 2.061200e-02
27 9.712440e-01 6.904000e-03 2.185200e-02
28 9.700040e-01 6.936000e-03 2.306000e-02
29 9.689240e-01 6.708000e-03 2.436800e-02
30 9.677640e-01 6.768000e-03 2.546800e-02
31 9.664200e-01 6.860000e-03 2.672000e-02
32 9.650280e-01 7.044000e-03 2.792800e-02
33 9.636320e-01 7.280000e-03 2.908800e-02
34 9.622640e-01 7.352000e-03 3.038400e-02
35 9.610000e-01 7.312000e-03 3.168800e-02
36 9.596960e-01 7.340000e-03 3.296400e-02
37 9.584840e-01 7.340000e-03 3.417600e-02
38 9.571760e-01 7.332000e-03 3.549200e-02
39 9.557880e-01 7.488000e-03 3.672400e-02
40 9.544520e-01 7.668000e-03 3.788000e-02
41 9.529120e-01 7.920000e-03 3.916800e-02
42 9.514680e-01 8.056000e-03 4.047600e-02
43 9.498840e-01 8.324000e-03 4.179200e-02
44 9.483880e-01 8.492000e-03 4.312000e-02
45 9.466720e-01 8.784000e-03 4.454400e-02
46 9.450160e-01 8.868000e-03 4.611600e-02
47 9.433240e-01 9.040000e-03 4.763600e-02
48 9.416760e-01 9.056000e-03 4.926800e-02
49 9.400000e-01 9.072000e-03 5.092800e-02
50 9.383640e-01 8.984000e-03 5.265200e-02
51 9.368520e-01 8.908000e-03 5.424000e-02
52 9.352320e-01 8.868000e-03 5.590000e-02
53 9.335560e-01 8.908000e-03 5.753600e-02
54 9.318800e-01 8.940000e-03 5.918000e-02
55 9.301280e-01 9.196000e-03 6.067600e-02
56 9.283000e-01 9.412000e-03 6.228800e-02
57 9.265000e-01 9.444000e-03 6.405600e-02
58 9.247080e-01 9.520000e-03 6.577200e-02
59 9.228240e-01 9.796000e-03 6.738000e-02
60 9.210200e-01 9.920000e-03 6.906000e-02
61 9.193560e-01 9.768000e-03 7.087600e-02
62 9.174040e-01 1.003200e-02 7.256400e-02
63 9.157520e-01 9.852000e-03 7.439600e-02
64 9.141040e-01 9.792000e-03 7.610400e-02
65 9.124120e-01 9.760000e-03 7.782800e-02
66 9.106720e-01 9.748000e-03 7.958000e-02
67 9.089680e-01 9.744000e-03 8.128800e-02
68 9.071360e-01 9.960000e-03 8.290400e-02
69 9.054640e-01 9.820000e-03 8.471600e-02
70 9.038360e-01 9.804000e-03 8.636000e-02
71 9.020000e-01 9.968000e-03 8.803200e-02
72 9.003240e-01 9.972000e-03 8.970400e-02
73 8.984640e-01 1.017200e-02 9.136400e-02
74 8.967560e-01 1.015200e-02 9.309200e-02
75 8.949600e-01 1.010000e-02 9.494000e-02
76 8.930840e-01 1.032800e-02 9.658800e-02
77 8.912400e-01 1.041200e-02 9.834800e-02
78 8.893720e-01 1.034400e-02 1.002840e-01
79 8.877440e-01 1.020000e-02 1.020560e-01
80 8.860520e-01 1.010400e-02 1.038440e-01
81 8.844200e-01 9.920000e-03 1.056600e-01
82 8.825800e-01 9.956000e-03 1.074640e-01
83 8.808360e-01 1.001600e-02 1.091480e-01
84 8.791000e-01 9.996000e-03 1.109040e-01
85 8.774400e-01 9.996000e-03 1.125640e-01
86 8.758360e-01 9.840000e-03 1.143240e-01
87 8.740960e-01 9.972000e-03 1.159320e-01
88 8.724400e-01 9.948000e-03 1.176120e-01
89 8.707360e-01 9.916000e-03 1.193480e-01
90 8.691840e-01 9.704000e-03 1.211120e-01
91 8.673280e-01 9.800000e-03 1.228720e-01
92 8.657520e-01 9.596000e-03 1.246520e-01
93 8.640760e-01 9.572000e-03 1.263520e-01
94 8.623840e-01 9.636000e-03 1.279800e-01
95 8.607160e-01 9.536000e-03 1.297480e-01
96 8.591600e-01 9.440000e-03 1.314000e-01
97 8.574560e-01 9.460000e-03 1.330840e-01
98 8.557600e-01 9.496000e-03 1.347440e-01
99 8.540840e-01 9.424000e-03 1.364920e-01
100 8.522720e-01 9.496000e-03 1.382320e-01
101 8.504280e-01 9.756000e-03 1.398160e-01
102 8.485680e-01 9.936000e-03 1.414960e-01
103 8.467200e-01 1.002000e-02 1.432600e-01
104 8.449480e-01 1.006000e-02 1.449920e-01
105 8.432080e-01 1.002400e-02 1.467680e-01
106 8.414960e-01 9.980000e-03 1.485240e-01
107 8.394800e-01 1.029600e-02 1.502240e-01
108 8.377000e-01 1.037200e-02 1.519280e-01
109 8.358120e-01 1.058000e-02 1.536080e-01
110 8.340240e-01 1.050000e-02 1.554760e-01
111 8.323280e-01 1.028000e-02 1.573920e-01
112 8.305280e-01 1.036800e-02 1.591040e-01
113 8.285400e-01 1.057600e-02 1.608840e-01
114 8.267280e-01 1.050000e-02 1.627720e-01
115 8.249760e-01 1.044800e-02 1.645760e-01
116 8.231480e-01 1.040800e-02 1.664440e-01
117 8.212320e-01 1.042000e-02 1.683480e-01
118 8.193800e-01 1.043600e-02 1.701840e-01
119 8.176840e-01 1.035200e-02 1.719640e-01
120 8.159040e-01 1.022400e-02 1.738720e-01
121 8.139400e-01 1.041200e-02 1.756480e-01
122 8.121480e-01 1.039200e-02 1.774600e-01
123 8.103840e-01 1.024800e-02 1.793680e-01
124 8.086040e-01 1.021600e-02 1.811800e-01
125 8.068200e-01 1.032000e-02 1.828600e-01
126 8.051680e-01 1.008400e-02 1.847480e-01
127 8.034360e-01 1.007600e-02 1.864880e-01
128 8.017320e-01 1.009600e-02 1.881720e-01
129 8.000080e-01 1.010000e-02 1.898920e-01
130 7.982560e-01 1.009600e-02 1.916480e-01
131 7.966840e-01 9.812000e-03 1.935040e-01
132 7.950680e-01 9.784000e-03 1.951480e-01
133 7.933720e-01 9.828000e-03 1.968000e-01
134 7.918120e-01 9.616000e-03 1.985720e-01
135 7.901960e-01 9.684000e-03 2.001200e-01
136 7.885200e-01 9.568000e-03 2.019120e-01
137 7.869840e-01 9.508000e-03 2.035080e-01
138 7.854280e-01 9.460000e-03 2.051120e-01
139 7.838080e-01 9.540000e-03 2.066520e-01
140 7.822480e-01 9.540000e-03 2.082120e-01
141 7.807560e-01 9.324000e-03 2.099200e-01
142 7.793000e-01 9.340000e-03 2.113600e-01
143 7.777560e-01 9.300000e-03 2.129440e-01
144 7.762120e-01 9.216000e-03 2.145720e-01
145 7.746760e-01 9.128000e-03 2.161960e-01
146 7.730880e-01 9.060000e-03 2.178520e-01
147 7.714480e-01 9.208000e-03 2.193440e-01
148 7.699320e-01 9.076000e-03 2.209920e-01
149 7.683000e-01 9.096000e-03 2.226040e-01
150 7.668560e-01 8.856000e-03 2.242880e-01
151 7.654680e-01 8.680000e-03 2.258520e-01
152 7.640720e-01 8.496000e-03 2.274320e-01
153 7.626760e-01 8.452000e-03 2.288720e-01
154 7.612080e-01 8.468000e-03 2.303240e-01
155 7.596400e-01 8.552000e-03 2.318080e-01
156 7.581120e-01 8.440000e-03 2.334480e-01
157 7.566400e-01 8.408000e-03 2.349520e-01
158 7.552920e-01 8.308000e-03 2.364000e-01
159 7.537760e-01 8.356000e-03 2.378680e-01
160 7.523720e-01 8.316000e-03 2.393120e-01
161 7.510840e-01 8.184000e-03 2.407320e-01
162 7.497000e-01 8.164000e-03 2.421360e-01
163 7.484040e-01 7.984000e-03 2.436120e-01
164 7.472040e-01 7.852000e-03 2.449440e-01
165 7.460360e-01 7.680000e-03 2.462840e-01
166 7.448080e-01 7.500000e-03 2.476920e-01
167 7.433400e-01 7.508000e-03 2.491520e-01
168 7.420360e-01 7.468000e-03 2.504960e-01
169 7.407880e-01 7.416000e-03 2.517960e-01
170 7.395400e-01 7.308000e-03 2.531520e-01
171 7.384680e-01 7.040000e-03 2.544920e-01
172 7.373680e-01 6.920000e-03 2.557120e-01
173 7.362040e-01 7.088000e-03 2.567080e-01
174 7.351720e-01 6.816000e-03 2.580120e-01
175 7.341080e-01 6.804000e-03 2.590880e-01
176 7.330200e-01 6.668000e-03 2.603120e-01
177 7.317400e-01 6.732000e-03 2.615280e-01
178 7.305520e-01 6.724000e-03 2.627240e-01
179 7.293360e-01 6.764000e-03 2.639000e-01
180 7.283680e-01 6.624000e-03 2.650080e-01
181 7.273400e-01 6.560000e-03 2.661000e-01
182 7.262560e-01 6.428000e-03 2.673160e-01
183 7.252560e-01 6.272000e-03 2.684720e-01
184 7.241640e-01 6.240000e-03 2.695960e-01
185 7.231240e-01 6.168000e-03 2.707080e-01
186 7.221960e-01 6.044000e-03 2.717600e-01
187 7.212680e-01 5.744000e-03 2.729880e-01
188 7.203680e-01 5.676000e-03 2.739560e-01
189 7.195320e-01 5.476000e-03 2.749920e-01
190 7.186280e-01 5.356000e-03 2.760160e-01
191 7.178240e-01 5.156000e-03 2.770200e-01
192 7.169880e-01 5.156000e-03 2.778560e-01
193 7.161880e-01 5.092000e-03 2.787200e-01
194 7.153600e-01 5.008000e-03 2.796320e-01
195 7.145760e-01 4.876000e-03 2.805480e-01
196 7.137000e-01 4.864000e-03 2.814360e-01
197 7.127520e-01 4.932000e-03 2.823160e-01
198 7.118240e-01 5.012000e-03 2.831640e-01
199 7.109800e-01 4.920000e-03 2.841000e-01
200 7.101480e-01 4.920000e-03 2.849320e-01
201 7.092640e-01 4.824000e-03 2.859120e-01
202 7.084200e-01 4.832000e-03 2.867480e-01
203 7.075320e-01 4.896000e-03 2.875720e-01
204 7.067320e-01 4.868000e-03 2.884000e-01
205 7.058760e-01 4.868000e-03 2.892560e-01
206 7.051000e-01 4.652000e-03 2.902480e-01
207 7.042840e-01 4.552000e-03 2.911640e-01
208 7.035480e-01 4.420000e-03 2.920320e-01
209 7.028160e-01 4.404000e-03 2.927800e-01
210 7.020480e-01 4.404000e-03 2.935480e-01
211 7.012160e-01 4.496000e-03 2.942880e-01
212 7.004160e-01 4.520000e-03 2.950640e-01
213 6.997440e-01 4.448000e-03 2.958080e-01
214 6.990440e-01 4.432000e-03 2.965240e-01
215 6.981920e-01 4.416000e-03 2.973920e-01
216 6.974160e-01 4.408000e-03 2.981760e-01
217 6.965760e-01 4.520000e-03 2.989040e-01
218 6.959200e-01 4.396000e-03 2.996840e-01
219 6.951960e-01 4.372000e-03 3.004320e-01
220 6.945440e-01 4.224000e-03 3.012320e-01
221 6.939480e-01 4.152000e-03 3.019000e-01
222 6.932440e-01 4.160000e-03 3.025960e-01
223 6.925960e-01 4.120000e-03 3.032840e-01
224 6.919240e-01 4.060000e-03 3.040160e-01
225 6.912800e-01 4.012000e-03 3.047080e-01
226 6.906360e-01 3.896000e-03 3.054680e-01
227 6.899200e-01 3.972000e-03 3.061080e-01
228 6.892720e-01 3.936000e-03 3.067920e-01
229 6.886040e-01 3.840000e-03 3.075560e-01
230 6.880000e-01 3.700000e-03 3.083000e-01
231 6.874040e-01 3.688000e-03 3.089080e-01
232 6.867120e-01 3.796000e-03 3.094920e-01
233 6.860160e-01 3.832000e-03 3.101520e-01
234 6.853440e-01 3.872000e-03 3.107840e-01
235 6.848000e-01 3.688000e-03 3.115120e-01
236 6.842280e-01 3.576000e-03 3.121960e-01
237 6.837240e-01 3.336000e-03 3.129400e-01
238 6.831840e-01 3.308000e-03 3.135080e-01
239 6.825920e-01 3.344000e-03 3.140640e-01
240 6.819800e-01 3.340000e-03 3.146800e-01
241 6.813720e-01 3.392000e-03 3.152360e-01
242 6.806560e-01 3.508000e-03 3.158360e-01
243 6.800920e-01 3.484000e-03 3.164240e-01
244 6.795520e-01 3.412000e-03 3.170360e-01
245 6.788600e-01 3.536000e-03 3.176040e-01
246 6.782480e-01 3.540000e-03 3.182120e-01
247 6.776520e-01 3.460000e-03 3.188880e-01
248 6.770600e-01 3.452000e-03 3.194880e-01
249 6.764440e-01 3.508000e-03 3.200480e-01
250 6.758680e-01 3.436000e-03 3.206960e-01
251 6.753160e-01 3.344000e-03 3.213400e-01
252 6.747080e-01 3.332000e-03 3.219600e-01
253 6.741520e-01 3.368000e-03 3.224800e-01
254 6.735720e-01 3.288000e-03 3.231400e-01
255 6.730560e-01 3.252000e-03 3.236920e-01
256 6.725600e-01 3.136000e-03 3.243040e-01
257 6.720160e-01 3.156000e-03 3.248280e-01
258 6.716040e-01 3.032000e-03 3.253640e-01
259 6.710160e-01 3.056000e-03 3.259280e-01
260 6.704320e-01 3.084000e-03 3.264840e-01
261 6.698960e-01 3.084000e-03 3.270200e-01
262 6.694440e-01 2.984000e-03 3.275720e-01
263 6.690200e-01 2.856000e-03 3.281240e-01
264 6.686080e-01 2.804000e-03 3.285880e-01
265 6.681080e-01 2.792000e-03 3.291000e-01
266 6.675800e-01 2.816000e-03 3.296040e-01
267 6.670120e-01 2.904000e-03 3.300840e-01
268 6.665480e-01 2.932000e-03 3.305200e-01
269 6.660200e-01 2.920000e-03 3.310600e-01
270 6.655640e-01 2.916000e-03 3.315200e-01
271 6.650120e-01 3.000000e-03 3.319880e-01
272 6.645360e-01 2.956000e-03 3.325080e-01
273 6.641480e-01 2.776000e-03 3.330760e-01
274 6.637080e-01 2.740000e-03 3.335520e-01
275 6.632080e-01 2.764000e-03 3.340280e-01
276 6.628080e-01 2.620000e-03 3.345720e-01
277 6.624040e-01 2.588000e-03 3.350080e-01
278 6.620400e-01 2.576000e-03 3.353840e-01
279 6.616880e-01 2.516000e-03 3.357960e-01
280 6.612560e-01 2.508000e-03 3.362360e-01
281 6.608760e-01 2.312000e-03 3.368120e-01
282 6.605840e-01 2.120000e-03 3.372960e-01
283 6.602480e-01 2.124000e-03 3.376280e-01
284 6.598720e-01 2.124000e-03 3.380040e-01
285 6.595040e-01 2.096000e-03 3.384000e-01
286 6.591600e-01 2.032000e-03 3.388080e-01
287 6.587320e-01 2.064000e-03 3.392040e-01
288 6.582840e-01 2.100000e-03 3.396160e-01
289 6.579200e-01 2.048000e-03 3.400320e-01
290 6.575440e-01 2.060000e-03 3.403960e-01
291 6.572280e-01 1.984000e-03 3.407880e-01
292 6.569080e-01 1.924000e-03 3.411680e-01
293 6.566400e-01 1.848000e-03 3.415120e-01
294 6.563920e-01 1.728000e-03 3.418800e-01
295 6.560280e-01 1.784000e-03 3.421880e-01
296 6.557520e-01 1.776000e-03 3.424720e-01
297 6.554720e-01 1.756000e-03 3.427720e-01
298 6.551360e-01 1.748000e-03 3.431160e-01
299 6.547880e-01 1.848000e-03 3.433640e-01
300 6.544360e-01 1.924000e-03 3.436400e-01
301 6.541200e-01 1.908000e-03 3.439720e-01
302 6.537920e-01 1.920000e-03 3.442880e-01
303 6.534240e-01 1.964000e-03 3.446120e-01
304 6.530440e-01 1.992000e-03 3.449640e-01
305 6.526360e-01 2.040000e-03 3.453240e-01
306 6.522720e-01 2.060000e-03 3.456680e-01
307 6.518760e-01 2.100000e-03 3.460240e-01
308 6.513800e-01 2.252000e-03 3.463680e-01
309 6.510040e-01 2.264000e-03 3.467320e-01
310 6.505640e-01 2.336000e-03 3.471000e-01
311 6.501600e-01 2.332000e-03 3.475080e-01
312 6.497120e-01 2.312000e-03 3.479760e-01
313 6.493560e-01 2.260000e-03 3.483840e-01
314 6.489920e-01 2.200000e-03 3.488080e-01
315 6.485440e-01 2.200000e-03 3.492560e-01
316 6.482200e-01 2.100000e-03 3.496800e-01
317 6.477960e-01 2.240000e-03 3.499640e-01
318 6.474160e-01 2.224000e-03 3.503600e-01
319 6.471120e-01 2.136000e-03 3.507520e-01
320 6.467520e-01 2.080000e-03 3.511680e-01
321 6.463560e-01 2.064000e-03 3.515800e-01
322 6.460520e-01 2.048000e-03 3.519000e-01
323 6.457560e-01 2.068000e-03 3.521760e-01
324 6.453960e-01 2.040000e-03 3.525640e-01
325 6.450560e-01 2.088000e-03 3.528560e-01
326 6.447680e-01 2.048000e-03 3.531840e-01
327 6.444800e-01 1.936000e-03 3.535840e-01
328 6.442480e-01 1.832000e-03 3.539200e-01
329 6.439360e-01 1.852000e-03 3.542120e-01
330 6.436040e-01 1.800000e-03 3.545960e-01
331 6.432440e-01 1.840000e-03 3.549160e-01
332 6.428480e-01 1.920000e-03 3.552320e-01
333 6.425720e-01 1.848000e-03 3.555800e-01
334 6.422520e-01 1.856000e-03 3.558920e-01
335 6.419240e-01 1.876000e-03 3.562000e-01
336 6.416400e-01 1.788000e-03 3.565720e-01
337 6.413080e-01 1.816000e-03 3.568760e-01
338 6.410400e-01 1.728000e-03 3.572320e-01
339 6.407640e-01 1.744000e-03 3.574920e-01
340 6.404840e-01 1.720000e-03 3.577960e-01
341 6.402520e-01 1.648000e-03 3.581000e-01
342 6.399600e-01 1.604000e-03 3.584360e-01
343 6.397040e-01 1.592000e-03 3.587040e-01
344 6.394440e-01 1.576000e-03 3.589800e-01
345 6.391520e-01 1.516000e-03 3.593320e-01
346 6.389040e-01 1.488000e-03 3.596080e-01
347 6.387000e-01 1.448000e-03 3.598520e-01
348 6.383880e-01 1.504000e-03 3.601080e-01
349 6.381560e-01 1.484000e-03 3.603600e-01
350 6.379040e-01 1.460000e-03 3.606360e-01
351 6.376880e-01 1.384000e-03 3.609280e-01
352 6.374440e-01 1.324000e-03 3.612320e-01
353 6.371360e-01 1.372000e-03 3.614920e-01
354 6.368800e-01 1.332000e-03 3.617880e-01
355 6.366120e-01 1.388000e-03 3.620000e-01
356 6.363960e-01 1.396000e-03 3.622080e-01
357 6.360160e-01 1.540000e-03 3.624440e-01
358 6.357640e-01 1.536000e-03 3.627000e-01
359 6.355160e-01 1.476000e-03 3.630080e-01
360 6.352880e-01 1.468000e-03 3.632440e-01
361 6.350080e-01 1.488000e-03 3.635040e-01
362 6.347760e-01 1.392000e-03 3.638320e-01
363 6.345440e-01 1.388000e-03 3.640680e-01
364 6.343200e-01 1.420000e-03 3.642600e-01
365 6.340960e-01 1.416000e-03 3.644880e-01
366 6.338000e-01 1.476000e-03 3.647240e-01
367 6.335440e-01 1.500000e-03 3.649560e-01
368 6.332880e-01 1.508000e-03 3.652040e-01
369 6.330240e-01 1.468000e-03 3.655080e-01
370 6.328040e-01 1.388000e-03 3.658080e-01
371 6.326120e-01 1.340000e-03 3.660480e-01
372 6.323760e-01 1.404000e-03 3.662200e-01
373 6.321000e-01 1.448000e-03 3.664520e-01
374 6.318520e-01 1.448000e-03 3.667000e-01
375 6.315720e-01 1.460000e-03 3.669680e-01
376 6.313360e-01 1.436000e-03 3.672280e-01
377 6.310560e-01 1.516000e-03 3.674280e-01
378 6.308440e-01 1.464000e-03 3.676920e-01
379 6.306200e-01 1.432000e-03 3.679480e-01
380 6.303720e-01 1.404000e-03 3.682240e-01
381 6.302160e-01 1.332000e-03 3.684520e-01
382 6.299840e-01 1.308000e-03 3.687080e-01
383 6.297600e-01 1.328000e-03 3.689120e-01
384 6.294720e-01 1.424000e-03 3.691040e-01
385 6.292320e-01 1.428000e-03 3.693400e-01
386 6.290560e-01 1.392000e-03 3.695520e-01
387 6.288160e-01 1.344000e-03 3.698400e-01
388 6.285560e-01 1.356000e-03 3.700880e-01
389 6.283640e-01 1.356000e-03 3.702800e-01
390 6.282200e-01 1.292000e-03 3.704880e-01
391 6.280800e-01 1.232000e-03 3.706880e-01
392 6.278920e-01 1.180000e-03 3.709280e-01
393 6.277280e-01 1.140000e-03 3.711320e-01
394 6.276200e-01 1.072000e-03 3.713080e-01
395 6.274840e-01 1.056000e-03 3.714600e-01
396 6.273320e-01 1.044000e-03 3.716240e-01
397 6.271480e-01 1.064000e-03 3.717880e-01
398 6.270040e-01 1.016000e-03 3.719800e-01
399 6.267920e-01 1.048000e-03 3.721600e-01
400 6.266040e-01 1.012000e-03 3.723840e-01
401 6.264440e-01 1.008000e-03 3.725480e-01
402 6.262520e-01 1.056000e-03 3.726920e-01
403 6.260280e-01 1.068000e-03 3.729040e-01
404 6.258240e-01 1.128000e-03 3.730480e-01
405 6.256600e-01 1.116000e-03 3.732240e-01
406 6.254560e-01 1.144000e-03 3.734000e-01
407 6.253160e-01 1.052000e-03 3.736320e-01
408 6.251600e-01 1.020000e-03 3.738200e-01
409 6.249960e-01 1.028000e-03 3.739760e-01
410 6.248800e-01 9.560000e-04 3.741640e-01
411 6.247040e-01 9.680000e-04 3.743280e-01
412 6.245520e-01 9.360000e-04 3.745120e-01
413 6.244120e-01 8.920000e-04 3.746960e-01
414 6.242680e-01 8.600000e-04 3.748720e-01
415 6.241240e-01 8.880000e-04 3.749880e-01
416 6.239800e-01 8.800000e-04 3.751400e-01
417 6.238560e-01 8.400000e-04 3.753040e-01
418 6.237360e-01 8.480000e-04 3.754160e-01
419 6.235920e-01 8.840000e-04 3.755240e-01
420 6.234880e-01 8.440000e-04 3.756680e-01
421 6.233440e-01 8.320000e-04 3.758240e-01
422 6.232440e-01 8.160000e-04 3.759400e-01
423 6.231160e-01 7.960000e-04 3.760880e-01
424 6.230400e-01 7.760000e-04 3.761840e-01
425 6.229560e-01 7.040000e-04 3.763400e-01
426 6.228320e-01 6.960000e-04 3.764720e-01
427 6.227040e-01 7.440000e-04 3.765520e-01
428 6.225480e-01 7.760000e-04 3.766760e-01
429 6.224320e-01 7.680000e-04 3.768000e-01
430 6.223160e-01 7.960000e-04 3.768880e-01
431 6.221960e-01 7.600000e-04 3.770440e-01
432 6.220640e-01 7.960000e-04 3.771400e-01
433 6.219280e-01 8.040000e-04 3.772680e-01
434 6.218200e-01 7.680000e-04 3.774120e-01
435 6.217000e-01 7.760000e-04 3.775240e-01
436 6.216000e-01 7.560000e-04 3.776440e-01
437 6.214800e-01 7.480000e-04 3.777720e-01
438 6.214000e-01 6.640000e-04 3.779360e-01
439 6.213160e-01 6.280000e-04 3.780560e-01
440 6.211800e-01 6.600000e-04 3.781600e-01
441 6.211120e-01 6.320000e-04 3.782560e-01
442 6.210600e-01 5.800000e-04 3.783600e-01
443 6.209680e-01 5.600000e-04 3.784720e-01
444 6.208960e-01 5.320000e-04 3.785720e-01
445 6.208360e-01 5.200000e-04 3.786440e-01
446 6.207800e-01 4.760000e-04 3.787440e-01
447 6.207480e-01 4.720000e-04 3.787800e-01
448 6.206880e-01 4.280000e-04 3.788840e-01
449 6.206200e-01 4.240000e-04 3.789560e-01
450 6.205680e-01 3.960000e-04 3.790360e-01
451 6.205360e-01 3.680000e-04 3.790960e-01
452 6.204960e-01 3.240000e-04 3.791800e-01
453 6.204760e-01 2.760000e-04 3.792480e-01
454 6.204520e-01 2.560000e-04 3.792920e-01
455 6.204240e-01 2.320000e-04 3.793440e-01
456 6.203720e-01 2.280000e-04 3.794000e-01
457 6.203120e-01 2.480000e-04 3.794400e-01
458 6.202880e-01 2.280000e-04 3.794840e-01
459 6.202440e-01 2.520000e-04 3.795040e-01
460 6.201720e-01 2.640000e-04 3.795640e-01
461 6.200600e-01 3.200000e-04 3.796200e-01
462 6.199840e-01 3.280000e-04 3.796880e-01
463 6.199120e-01 3.520000e-04 3.797360e-01
464 6.198560e-01 3.320000e-04 3.798120e-01
465 6.198320e-01 2.880000e-04 3.798800e-01
466 6.197640e-01 3.040000e-04 3.799320e-01
467 6.196960e-01 3.280000e-04 3.799760e-01
468 6.196440e-01 3.120000e-04 3.800440e-01
469 6.195720e-01 3.000000e-04 3.801280e-01
470 6.195040e-01 3.160000e-04 3.801800e-01
471 6.194320e-01 3.320000e-04 3.802360e-01
472 6.193960e-01 3.160000e-04 3.802880e-01
473 6.193640e-01 3.040000e-04 3.803320e-01
474 6.193000e-01 3.000000e-04 3.804000e-01
475 6.192360e-01 3.160000e-04 3.804480e-01
476 6.191880e-01 3.200000e-04 3.804920e-01
477 6.191080e-01 3.640000e-04 3.805280e-01
478 6.190160e-01 3.720000e-04 3.806120e-01
479 6.189680e-01 3.400000e-04 3.806920e-01
480 6.189240e-01 3.160000e-04 3.807600e-01
481 6.188720e-01 3.040000e-04 3.808240e-01
482 6.187920e-01 3.400000e-04 3.808680e-01
483 6.187080e-01 3.640000e-04 3.809280e-01
484 6.186360e-01 3.640000e-04 3.810000e-01
485 6.185640e-01 3.800000e-04 3.810560e-01
486 6.184960e-01 3.920000e-04 3.811120e-01
487 6.183960e-01 4.200000e-04 3.811840e-01
488 6.183280e-01 4.200000e-04 3.812520e-01
489 6.182720e-01 3.960000e-04 3.813320e-01
490 6.182120e-01 3.920000e-04 3.813960e-01
491 6.181400e-01 3.960000e-04 3.814640e-01
492 6.180920e-01 3.560000e-04 3.815520e-01
493 6.180080e-01 3.560000e-04 3.816360e-01
494 6.179400e-01 3.520000e-04 3.817080e-01
495 6.179200e-01 3.320000e-04 3.817480e-01
496 6.178560e-01 3.400000e-04 3.818040e-01
497 6.177920e-01 3.440000e-04 3.818640e-01
498 6.177240e-01 3.520000e-04 3.819240e-01
499 6.176480e-01 3.480000e-04 3.820040e-01
500 6.175520e-01 3.720000e-04 3.820760e-01
