1 9.990720e-01 8.160000e-04 1.120000e-04
2 9.985160e-01 1.188000e-03 2.960000e-04
3 9.978480e-01 1.560000e-03 5.920000e-04
4 9.970400e-01 2.092000e-03 8.680000e-04
5 9.961760e-01 2.572000e-03 1.252000e-03
6 9.954000e-01 2.828000e-03 1.772000e-03
7 9.945080e-01 3.180000e-03 2.312000e-03
8 9.936920e-01 3.424000e-03 2.884000e-03
9 9.927560e-01 3.676000e-03 3.568000e-03
10 9.918240e-01 3.932000e-03 4.244000e-03
11 9.908760e-01 4.152000e-03 4.972000e-03
12 9.897800e-01 4.528000e-03 5.692000e-03
13 9.887760e-01 4.724000e-03 6.500000e-03
14 9.877200e-01 4.860000e-03 7.420000e-03
15 9.866280e-01 5.032000e-03 8.340000e-03
16 9.856080e-01 5.144000e-03 9.248000e-03
17 9.845360e-01 5.356000e-03 1.010800e-02
18 9.833000e-01 5.728000e-03 1.097200e-02
19 9.820400e-01 5.940000e-03 1.202000e-02
20 9.808880e-01 6.056000e-03 1.305600e-02
21 9.798080e-01 5.980000e-03 1.421200e-02
22 9.785000e-01 6.232000e-03 1.526800e-02
23 9.773600e-01 6.308000e-03 1.633200e-02
24 9.761040e-01 6.352000e-03 1.754400e-02
25 9.748720e-01 6.404000e-03 1.872400e-02
26 9.737240e-01 6.528000e-03 1.974800e-02
27 9.725680e-01 6.528000e-03 2.090400e-02
28 9.713040e-01 6.588000e-03 2.210800e-02
29 9.700800e-01 6.624000e-03 2.329600e-02
30 9.686360e-01 6.904000e-03 2.446000e-02
31 9.671240e-01 7.164000e-03 2.571200e-02
32 9.656200e-01 7.400000e-03 2.698000e-02
33 9.642160e-01 7.476000e-03 2.830800e-02
34 9.627480e-01 7.584000e-03 2.966800e-02
35 9.614320e-01 7.564000e-03 3.100400e-02
36 9.600040e-01 7.592000e-03 3.240400e-02
37 9.586840e-01 7.672000e-03 3.364400e-02
38 9.570320e-01 8.016000e-03 3.495200e-02
39 9.555480e-01 8.064000e-03 3.638800e-02
40 9.539760e-01 8.188000e-03 3.783600e-02
41 9.523920e-01 8.256000e-03 3.935200e-02
42 9.510040e-01 8.348000e-03 4.064800e-02
43 9.494760e-01 8.472000e-03 4.205200e-02
44 9.479200e-01 8.576000e-03 4.350400e-02
45 9.462480e-01 8.720000e-03 4.503200e-02
46 9.448200e-01 8.680000e-03 4.650000e-02
47 9.432520e-01 8.780000e-03 4.796800e-02
48 9.417920e-01 8.788000e-03 4.942000e-02
49 9.403280e-01 8.584000e-03 5.108800e-02
50 9.388760e-01 8.420000e-03 5.270400e-02
51 9.374320e-01 8.380000e-03 5.418800e-02
52 9.357720e-01 8.432000e-03 5.579600e-02
53 9.340680e-01 8.564000e-03 5.736800e-02
54 9.323840e-01 8.684000e-03 5.893200e-02
55 9.308440e-01 8.688000e-03 6.046800e-02
56 9.292400e-01 8.752000e-03 6.200800e-02
57 9.276840e-01 8.868000e-03 6.344800e-02
58 9.261520e-01 8.856000e-03 6.499200e-02
59 9.244920e-01 8.972000e-03 6.653600e-02
60 9.227400e-01 9.116000e-03 6.814400e-02
61 9.211240e-01 9.220000e-03 6.965600e-02
62 9.194040e-01 9.264000e-03 7.133200e-02
63 9.177600e-01 9.140000e-03 7.310000e-02
64 9.162840e-01 9.012000e-03 7.470400e-02
65 9.145200e-01 9.188000e-03 7.629200e-02
66 9.130760e-01 9.008000e-03 7.791600e-02
67 9.114560e-01 8.988000e-03 7.955600e-02
68 9.097040e-01 9.144000e-03 8.115200e-02
69 9.080760e-01 9.104000e-03 8.282000e-02
70 9.065800e-01 8.988000e-03 8.443200e-02
71 9.049360e-01 9.000000e-03 8.606400e-02
72 9.033400e-01 8.964000e-03 8.769600e-02
73 9.018760e-01 8.960000e-03 8.916400e-02
74 9.004960e-01 8.956000e-03 9.054800e-02
75 8.989800e-01 8.864000e-03 9.215600e-02
76 8.974080e-01 8.944000e-03 9.364800e-02
77 8.957080e-01 9.120000e-03 9.517200e-02
78 8.940080e-01 9.152000e-03 9.684000e-02
79 8.925400e-01 9.072000e-03 9.838800e-02
80 8.909600e-01 9.148000e-03 9.989200e-02
81 8.894880e-01 8.964000e-03 1.015480e-01
82 8.878760e-01 8.892000e-03 1.032320e-01
83 8.862680e-01 9.032000e-03 1.047000e-01
84 8.845920e-01 9.236000e-03 1.061720e-01
85 8.828680e-01 9.360000e-03 1.077720e-01
86 8.811880e-01 9.348000e-03 1.094640e-01
87 8.796040e-01 9.336000e-03 1.110600e-01
88 8.780240e-01 9.208000e-03 1.127680e-01
89 8.763440e-01 9.292000e-03 1.143640e-01
90 8.747840e-01 9.212000e-03 1.160040e-01
91 8.732200e-01 9.176000e-03 1.176040e-01
92 8.717280e-01 8.984000e-03 1.192880e-01
93 8.703040e-01 8.868000e-03 1.208280e-01
94 8.687960e-01 8.936000e-03 1.222680e-01
95 8.672920e-01 8.872000e-03 1.238360e-01
96 8.657920e-01 8.864000e-03 1.253440e-01
97 8.642440e-01 8.852000e-03 1.269040e-01
98 8.629000e-01 8.592000e-03 1.285080e-01
99 8.614360e-01 8.648000e-03 1.299160e-01
100 8.599480e-01 8.628000e-03 1.314240e-01
101 8.585040e-01 8.540000e-03 1.329560e-01
102 8.568320e-01 8.704000e-03 1.344640e-01
103 8.554000e-01 8.744000e-03 1.358560e-01
104 8.540080e-01 8.696000e-03 1.372960e-01
105 8.525400e-01 8.708000e-03 1.387520e-01
106 8.510720e-01 8.616000e-03 1.403120e-01
107 8.494960e-01 8.472000e-03 1.420320e-01
108 8.480520e-01 8.468000e-03 1.434800e-01
109 8.465840e-01 8.464000e-03 1.449520e-01
110 8.451960e-01 8.252000e-03 1.465520e-01
111 8.438800e-01 8.180000e-03 1.479400e-01
112 8.425120e-01 8.152000e-03 1.493360e-01
113 8.412400e-01 8.104000e-03 1.506560e-01
114 8.397880e-01 8.136000e-03 1.520760e-01
115 8.383640e-01 8.268000e-03 1.533680e-01
116 8.367560e-01 8.408000e-03 1.548360e-01
117 8.354000e-01 8.316000e-03 1.562840e-01
118 8.340160e-01 8.308000e-03 1.576760e-01
119 8.324760e-01 8.428000e-03 1.590960e-01
120 8.310440e-01 8.308000e-03 1.606480e-01
121 8.294920e-01 8.400000e-03 1.621080e-01
122 8.281040e-01 8.188000e-03 1.637080e-01
123 8.267960e-01 8.116000e-03 1.650880e-01
124 8.253840e-01 8.188000e-03 1.664280e-01
125 8.241440e-01 8.032000e-03 1.678240e-01
126 8.228680e-01 7.896000e-03 1.692360e-01
127 8.215880e-01 7.880000e-03 1.705320e-01
128 8.204040e-01 7.692000e-03 1.719040e-01
129 8.190560e-01 7.700000e-03 1.732440e-01
130 8.176160e-01 7.800000e-03 1.745840e-01
131 8.161640e-01 7.888000e-03 1.759480e-01
132 8.148520e-01 7.872000e-03 1.772760e-01
133 8.134720e-01 7.760000e-03 1.787680e-01
134 8.121200e-01 7.852000e-03 1.800280e-01
135 8.107000e-01 7.868000e-03 1.814320e-01
136 8.091640e-01 8.100000e-03 1.827360e-01
137 8.078280e-01 7.956000e-03 1.842160e-01
138 8.063120e-01 8.144000e-03 1.855440e-01
139 8.049000e-01 8.152000e-03 1.869480e-01
140 8.035800e-01 8.048000e-03 1.883720e-01
141 8.022960e-01 7.920000e-03 1.897840e-01
142 8.010120e-01 7.784000e-03 1.912040e-01
143 7.998280e-01 7.588000e-03 1.925840e-01
144 7.984840e-01 7.652000e-03 1.938640e-01
145 7.971880e-01 7.604000e-03 1.952080e-01
146 7.959160e-01 7.512000e-03 1.965720e-01
147 7.947240e-01 7.436000e-03 1.978400e-01
148 7.932640e-01 7.660000e-03 1.990760e-01
149 7.919680e-01 7.620000e-03 2.004120e-01
150 7.905720e-01 7.640000e-03 2.017880e-01
151 7.893000e-01 7.564000e-03 2.031360e-01
152 7.880880e-01 7.324000e-03 2.045880e-01
153 7.870480e-01 6.984000e-03 2.059680e-01
154 7.857960e-01 6.944000e-03 2.072600e-01
155 7.846560e-01 6.860000e-03 2.084840e-01
156 7.835560e-01 6.676000e-03 2.097680e-01
157 7.825400e-01 6.520000e-03 2.109400e-01
158 7.814920e-01 6.408000e-03 2.121000e-01
159 7.803600e-01 6.392000e-03 2.132480e-01
160 7.792760e-01 6.272000e-03 2.144520e-01
161 7.782480e-01 6.320000e-03 2.154320e-01
162 7.772520e-01 6.184000e-03 2.165640e-01
163 7.761720e-01 6.196000e-03 2.176320e-01
164 7.750280e-01 6.236000e-03 2.187360e-01
165 7.738320e-01 6.280000e-03 2.198880e-01
166 7.725680e-01 6.332000e-03 2.211000e-01
167 7.713760e-01 6.408000e-03 2.222160e-01
168 7.702200e-01 6.348000e-03 2.234320e-01
169 7.692000e-01 6.200000e-03 2.246000e-01
170 7.681560e-01 6.068000e-03 2.257760e-01
171 7.670480e-01 6.128000e-03 2.268240e-01
172 7.660200e-01 6.108000e-03 2.278720e-01
173 7.650400e-01 5.984000e-03 2.289760e-01
174 7.640160e-01 6.036000e-03 2.299480e-01
175 7.628480e-01 6.068000e-03 2.310840e-01
176 7.617480e-01 6.020000e-03 2.322320e-01
177 7.606240e-01 6.140000e-03 2.332360e-01
178 7.595160e-01 6.216000e-03 2.342680e-01
179 7.585280e-01 6.084000e-03 2.353880e-01
180 7.576760e-01 5.744000e-03 2.365800e-01
181 7.567080e-01 5.664000e-03 2.376280e-01
182 7.557080e-01 5.624000e-03 2.386680e-01
183 7.548880e-01 5.420000e-03 2.396920e-01
184 7.540240e-01 5.400000e-03 2.405760e-01
185 7.531880e-01 5.312000e-03 2.415000e-01
186 7.523920e-01 5.204000e-03 2.424040e-01
187 7.514960e-01 5.236000e-03 2.432680e-01
188 7.506000e-01 5.244000e-03 2.441560e-01
189 7.496960e-01 5.216000e-03 2.450880e-01
190 7.488240e-01 5.164000e-03 2.460120e-01
191 7.479640e-01 5.168000e-03 2.468680e-01
192 7.471480e-01 5.020000e-03 2.478320e-01
193 7.463440e-01 4.876000e-03 2.487800e-01
194 7.454360e-01 4.960000e-03 2.496040e-01
195 7.445400e-01 4.932000e-03 2.505280e-01
196 7.438080e-01 4.852000e-03 2.513400e-01
197 7.430440e-01 4.696000e-03 2.522600e-01
198 7.423080e-01 4.624000e-03 2.530680e-01
199 7.416400e-01 4.484000e-03 2.538760e-01
200 7.409240e-01 4.416000e-03 2.546600e-01
201 7.402320e-01 4.372000e-03 2.553960e-01
202 7.394840e-01 4.272000e-03 2.562440e-01
203 7.388800e-01 4.156000e-03 2.569640e-01
204 7.381320e-01 4.124000e-03 2.577440e-01
205 7.374640e-01 4.068000e-03 2.584680e-01
206 7.367720e-01 4.064000e-03 2.591640e-01
207 7.361960e-01 3.912000e-03 2.598920e-01
208 7.356160e-01 3.848000e-03 2.605360e-01
209 7.349400e-01 3.820000e-03 2.612400e-01
210 7.342720e-01 3.844000e-03 2.618840e-01
211 7.336280e-01 3.904000e-03 2.624680e-01
212 7.329720e-01 3.840000e-03 2.631880e-01
213 7.324360e-01 3.740000e-03 2.638240e-01
214 7.318520e-01 3.720000e-03 2.644280e-01
215 7.312120e-01 3.684000e-03 2.651040e-01
216 7.306280e-01 3.568000e-03 2.658040e-01
217 7.300160e-01 3.592000e-03 2.663920e-01
218 7.294200e-01 3.524000e-03 2.670560e-01
219 7.289000e-01 3.404000e-03 2.676960e-01
220 7.284200e-01 3.272000e-03 2.683080e-01
221 7.278720e-01 3.268000e-03 2.688600e-01
222 7.273480e-01 3.212000e-03 2.694400e-01
223 7.268160e-01 3.228000e-03 2.699560e-01
224 7.263040e-01 3.172000e-03 2.705240e-01
225 7.257040e-01 3.136000e-03 2.711600e-01
226 7.250360e-01 3.296000e-03 2.716680e-01
227 7.243920e-01 3.408000e-03 2.722000e-01
228 7.238400e-01 3.416000e-03 2.727440e-01
229 7.232400e-01 3.432000e-03 2.733280e-01
230 7.224880e-01 3.648000e-03 2.738640e-01
231 7.219520e-01 3.580000e-03 2.744680e-01
232 7.213680e-01 3.628000e-03 2.750040e-01
233 7.207760e-01 3.588000e-03 2.756360e-01
234 7.201680e-01 3.548000e-03 2.762840e-01
235 7.194560e-01 3.660000e-03 2.768840e-01
236 7.187600e-01 3.636000e-03 2.776040e-01
237 7.181800e-01 3.652000e-03 2.781680e-01
238 7.176200e-01 3.584000e-03 2.787960e-01
239 7.170240e-01 3.576000e-03 2.794000e-01
240 7.165080e-01 3.444000e-03 2.800480e-01
241 7.160200e-01 3.396000e-03 2.805840e-01
242 7.156040e-01 3.276000e-03 2.811200e-01
243 7.151840e-01 3.100000e-03 2.817160e-01
244 7.146960e-01 3.088000e-03 2.822160e-01
245 7.141600e-01 3.084000e-03 2.827560e-01
246 7.135880e-01 3.156000e-03 2.832560e-01
247 7.129360e-01 3.276000e-03 2.837880e-01
248 7.122400e-01 3.288000e-03 2.844720e-01
249 7.117680e-01 3.100000e-03 2.851320e-01
250 7.112520e-01 3.092000e-03 2.856560e-01
251 7.107320e-01 3.036000e-03 2.862320e-01
252 7.103360e-01 2.912000e-03 2.867520e-01
253 7.098880e-01 2.856000e-03 2.872560e-01
254 7.094240e-01 2.840000e-03 2.877360e-01
255 7.089480e-01 2.820000e-03 2.882320e-01
256 7.084680e-01 2.836000e-03 2.886960e-01
257 7.079800e-01 2.816000e-03 2.892040e-01
258 7.074760e-01 2.840000e-03 2.896840e-01
259 7.069920e-01 2.768000e-03 2.902400e-01
260 7.065560e-01 2.752000e-03 2.906920e-01
261 7.060600e-01 2.820000e-03 2.911200e-01
262 7.055840e-01 2.748000e-03 2.916680e-01
263 7.050680e-01 2.804000e-03 2.921280e-01
264 7.045880e-01 2.792000e-03 2.926200e-01
265 7.041240e-01 2.808000e-03 2.930680e-01
266 7.035920e-01 2.916000e-03 2.934920e-01
267 7.030360e-01 2.896000e-03 2.940680e-01
268 7.025480e-01 2.872000e-03 2.945800e-01
269 7.020360e-01 2.912000e-03 2.950520e-01
270 7.015720e-01 2.804000e-03 2.956240e-01
271 7.010680e-01 2.840000e-03 2.960920e-01
272 7.005520e-01 2.900000e-03 2.965480e-01
273 6.999880e-01 2.932000e-03 2.970800e-01
274 6.995320e-01 2.752000e-03 2.977160e-01
275 6.990200e-01 2.780000e-03 2.982000e-01
276 6.985440e-01 2.748000e-03 2.987080e-01
277 6.981040e-01 2.676000e-03 2.992200e-01
278 6.975720e-01 2.676000e-03 2.997520e-01
279 6.970520e-01 2.688000e-03 3.002600e-01
280 6.966040e-01 2.680000e-03 3.007160e-01
281 6.960840e-01 2.712000e-03 3.012040e-01
282 6.956080e-01 2.692000e-03 3.017000e-01
283 6.951520e-01 2.720000e-03 3.021280e-01
284 6.946680e-01 2.672000e-03 3.026600e-01
285 6.940960e-01 2.764000e-03 3.031400e-01
286 6.935360e-01 2.804000e-03 3.036600e-01
287 6.929000e-01 3.016000e-03 3.040840e-01
288 6.922960e-01 3.096000e-03 3.046080e-01
289 6.918480e-01 3.080000e-03 3.050720e-01
290 6.913960e-01 3.000000e-03 3.056040e-01
291 6.908520e-01 2.992000e-03 3.061560e-01
292 6.904080e-01 2.844000e-03 3.067480e-01
293 6.899360e-01 2.788000e-03 3.072760e-01
294 6.895520e-01 2.692000e-03 3.077560e-01
295 6.891400e-01 2.684000e-03 3.081760e-01
296 6.886800e-01 2.712000e-03 3.086080e-01
297 6.882520e-01 2.700000e-03 3.090480e-01
298 6.878000e-01 2.680000e-03 3.095200e-01
299 6.872960e-01 2.688000e-03 3.100160e-01
300 6.869000e-01 2.556000e-03 3.105440e-01
301 6.864000e-01 2.612000e-03 3.109880e-01
302 6.859640e-01 2.568000e-03 3.114680e-01
303 6.854520e-01 2.632000e-03 3.119160e-01
304 6.849440e-01 2.704000e-03 3.123520e-01
305 6.845360e-01 2.632000e-03 3.128320e-01
306 6.840880e-01 2.616000e-03 3.132960e-01
307 6.836720e-01 2.532000e-03 3.137960e-01
308 6.832200e-01 2.524000e-03 3.142560e-01
309 6.827560e-01 2.576000e-03 3.146680e-01
310 6.822680e-01 2.580000e-03 3.151520e-01
311 6.817240e-01 2.708000e-03 3.155680e-01
312 6.813040e-01 2.616000e-03 3.160800e-01
313 6.808400e-01 2.624000e-03 3.165360e-01
314 6.803760e-01 2.576000e-03 3.170480e-01
315 6.798880e-01 2.560000e-03 3.175520e-01
316 6.794920e-01 2.456000e-03 3.180520e-01
317 6.791160e-01 2.436000e-03 3.184480e-01
318 6.785680e-01 2.600000e-03 3.188320e-01
319 6.781040e-01 2.560000e-03 3.193360e-01
320 6.776760e-01 2.580000e-03 3.197440e-01
321 6.772800e-01 2.556000e-03 3.201640e-01
322 6.769320e-01 2.516000e-03 3.205520e-01
323 6.765160e-01 2.464000e-03 3.210200e-01
324 6.761040e-01 2.484000e-03 3.214120e-01
325 6.757080e-01 2.480000e-03 3.218120e-01
326 6.753720e-01 2.432000e-03 3.221960e-01
327 6.750480e-01 2.268000e-03 3.226840e-01
328 6.746600e-01 2.268000e-03 3.230720e-01
329 6.743360e-01 2.252000e-03 3.234120e-01
330 6.740000e-01 2.180000e-03 3.238200e-01
331 6.736880e-01 2.132000e-03 3.241800e-01
332 6.733320e-01 2.140000e-03 3.245280e-01
333 6.729800e-01 2.104000e-03 3.249160e-01
334 6.726280e-01 2.020000e-03 3.253520e-01
335 6.723200e-01 1.984000e-03 3.256960e-01
336 6.720160e-01 1.940000e-03 3.260440e-01
337 6.717200e-01 1.952000e-03 3.263280e-01
338 6.714080e-01 1.968000e-03 3.266240e-01
339 6.710720e-01 1.912000e-03 3.270160e-01
340 6.706960e-01 1.972000e-03 3.273320e-01
341 6.703440e-01 2.048000e-03 3.276080e-01
342 6.699760e-01 1.948000e-03 3.280760e-01
343 6.696000e-01 2.032000e-03 3.283680e-01
344 6.692760e-01 2.060000e-03 3.286640e-01
345 6.688320e-01 2.116000e-03 3.290520e-01
346 6.684680e-01 2.128000e-03 3.294040e-01
347 6.680200e-01 2.212000e-03 3.297680e-01
348 6.676000e-01 2.304000e-03 3.300960e-01
349 6.672360e-01 2.264000e-03 3.305000e-01
350 6.668400e-01 2.312000e-03 3.308480e-01
351 6.664160e-01 2.356000e-03 3.312280e-01
352 6.660640e-01 2.280000e-03 3.316560e-01
353 6.657240e-01 2.224000e-03 3.320520e-01
354 6.654080e-01 2.148000e-03 3.324440e-01
355 6.650800e-01 2.144000e-03 3.327760e-01
356 6.647600e-01 2.120000e-03 3.331200e-01
357 6.644280e-01 2.036000e-03 3.335360e-01
358 6.641040e-01 2.056000e-03 3.338400e-01
359 6.637600e-01 1.996000e-03 3.342440e-01
360 6.633880e-01 2.048000e-03 3.345640e-01
361 6.630560e-01 2.020000e-03 3.349240e-01
362 6.627440e-01 1.940000e-03 3.353160e-01
363 6.624160e-01 1.928000e-03 3.356560e-01
364 6.620320e-01 1.972000e-03 3.359960e-01
365 6.617000e-01 1.952000e-03 3.363480e-01
366 6.613680e-01 1.920000e-03 3.367120e-01
367 6.609920e-01 1.956000e-03 3.370520e-01
368 6.606480e-01 1.956000e-03 3.373960e-01
369 6.603000e-01 1.980000e-03 3.377200e-01
370 6.599760e-01 2.000000e-03 3.380240e-01
371 6.596080e-01 2.100000e-03 3.382920e-01
372 6.592960e-01 2.024000e-03 3.386800e-01
373 6.589320e-01 2.016000e-03 3.390520e-01
374 6.585960e-01 1.972000e-03 3.394320e-01
375 6.583360e-01 1.912000e-03 3.397520e-01
376 6.580240e-01 1.896000e-03 3.400800e-01
377 6.576920e-01 1.856000e-03 3.404520e-01
378 6.574240e-01 1.768000e-03 3.408080e-01
379 6.571520e-01 1.720000e-03 3.411280e-01
380 6.568680e-01 1.728000e-03 3.414040e-01
381 6.565520e-01 1.744000e-03 3.417040e-01
382 6.562000e-01 1.756000e-03 3.420440e-01
383 6.558680e-01 1.844000e-03 3.422880e-01
384 6.556160e-01 1.748000e-03 3.426360e-01
385 6.554240e-01 1.596000e-03 3.429800e-01
386 6.552280e-01 1.560000e-03 3.432120e-01
387 6.549880e-01 1.524000e-03 3.434880e-01
388 6.547520e-01 1.484000e-03 3.437640e-01
389 6.545680e-01 1.412000e-03 3.440200e-01
390 6.543800e-01 1.352000e-03 3.442680e-01
391 6.541680e-01 1.348000e-03 3.444840e-01
392 6.540080e-01 1.288000e-03 3.447040e-01
393 6.537720e-01 1.300000e-03 3.449280e-01
394 6.535960e-01 1.248000e-03 3.451560e-01
395 6.533840e-01 1.284000e-03 3.453320e-01
396 6.531800e-01 1.224000e-03 3.455960e-01
397 6.529520e-01 1.284000e-03 3.457640e-01
398 6.526840e-01 1.316000e-03 3.460000e-01
399 6.524280e-01 1.316000e-03 3.462560e-01
400 6.523000e-01 1.208000e-03 3.464920e-01
401 6.521360e-01 1.172000e-03 3.466920e-01
402 6.519760e-01 1.084000e-03 3.469400e-01
403 6.518120e-01 1.072000e-03 3.471160e-01
404 6.516440e-01 1.084000e-03 3.472720e-01
405 6.514400e-01 1.108000e-03 3.474520e-01
406 6.512440e-01 1.148000e-03 3.476080e-01
407 6.510560e-01 1.164000e-03 3.477800e-01
408 6.507920e-01 1.224000e-03 3.479840e-01
409 6.505920e-01 1.200000e-03 3.482080e-01
410 6.503920e-01 1.244000e-03 3.483640e-01
411 6.501720e-01 1.264000e-03 3.485640e-01
412 6.499680e-01 1.268000e-03 3.487640e-01
413 6.497600e-01 1.256000e-03 3.489840e-01
414 6.495840e-01 1.204000e-03 3.492120e-01
415 6.494320e-01 1.180000e-03 3.493880e-01
416 6.492720e-01 1.152000e-03 3.495760e-01
417 6.490760e-01 1.148000e-03 3.497760e-01
418 6.489080e-01 1.084000e-03 3.500080e-01
419 6.487520e-01 1.056000e-03 3.501920e-01
420 6.485440e-01 1.076000e-03 3.503800e-01
421 6.483720e-01 1.040000e-03 3.505880e-01
422 6.481600e-01 1.084000e-03 3.507560e-01
423 6.479600e-01 1.104000e-03 3.509360e-01
424 6.477680e-01 1.064000e-03 3.511680e-01
425 6.475880e-01 1.068000e-03 3.513440e-01
426 6.474360e-01 9.960000e-04 3.515680e-01
427 6.472120e-01 1.048000e-03 3.517400e-01
428 6.469720e-01 1.108000e-03 3.519200e-01
429 6.467160e-01 1.168000e-03 3.521160e-01
430 6.465640e-01 1.140000e-03 3.522960e-01
431 6.463320e-01 1.168000e-03 3.525000e-01
432 6.461160e-01 1.168000e-03 3.527160e-01
433 6.459520e-01 1.124000e-03 3.529240e-01
434 6.458320e-01 1.064000e-03 3.531040e-01
435 6.456520e-01 1.048000e-03 3.533000e-01
436 6.454720e-01 9.960000e-04 3.535320e-01
437 6.453440e-01 9.840000e-04 3.536720e-01
438 6.451840e-01 9.880000e-04 3.538280e-01
439 6.450040e-01 1.028000e-03 3.539680e-01
440 6.448560e-01 9.920000e-04 3.541520e-01
441 6.447320e-01 9.440000e-04 3.543240e-01
442 6.446080e-01 9.240000e-04 3.544680e-01
443 6.444920e-01 9.080000e-04 3.546000e-01
444 6.443680e-01 8.680000e-04 3.547640e-01
445 6.441960e-01 9.040000e-04 3.549000e-01
446 6.440480e-01 9.280000e-04 3.550240e-01
447 6.438520e-01 9.640000e-04 3.551840e-01
448 6.436920e-01 9.520000e-04 3.553560e-01
449 6.435200e-01 1.000000e-03 3.554800e-01
450 6.433120e-01 1.032000e-03 3.556560e-01
451 6.431520e-01 1.024000e-03 3.558240e-01
452 6.429760e-01 1.024000e-03 3.560000e-01
453 6.428040e-01 9.960000e-04 3.562000e-01
454 6.426200e-01 9.840000e-04 3.563960e-01
455 6.424480e-01 9.840000e-04 3.565680e-01
456 6.422360e-01 9.920000e-04 3.567720e-01
457 6.420400e-01 1.024000e-03 3.569360e-01
458 6.419080e-01 9.760000e-04 3.571160e-01
459 6.417520e-01 9.640000e-04 3.572840e-01
460 6.416200e-01 9.640000e-04 3.574160e-01
461 6.414440e-01 9.560000e-04 3.576000e-01
462 6.412560e-01 9.320000e-04 3.578120e-01
463 6.410960e-01 9.400000e-04 3.579640e-01
464 6.409160e-01 9.600000e-04 3.581240e-01
465 6.406520e-01 1.072000e-03 3.582760e-01
466 6.404640e-01 1.076000e-03 3.584600e-01
467 6.403080e-01 1.060000e-03 3.586320e-01
468 6.401720e-01 1.016000e-03 3.588120e-01
469 6.399760e-01 1.072000e-03 3.589520e-01
470 6.397480e-01 1.048000e-03 3.592040e-01
471 6.395760e-01 1.056000e-03 3.593680e-01
472 6.393360e-01 1.108000e-03 3.595560e-01
473 6.391120e-01 1.132000e-03 3.597560e-01
474 6.388920e-01 1.184000e-03 3.599240e-01
475 6.386920e-01 1.208000e-03 3.601000e-01
476 6.384480e-01 1.228000e-03 3.603240e-01
477 6.382200e-01 1.236000e-03 3.605440e-01
478 6.379720e-01 1.216000e-03 3.608120e-01
479 6.377600e-01 1.204000e-03 3.610360e-01
480 6.375640e-01 1.200000e-03 3.612360e-01
481 6.373360e-01 1.196000e-03 3.614680e-01
482 6.371160e-01 1.176000e-03 3.617080e-01
483 6.369120e-01 1.192000e-03 3.618960e-01
484 6.367680e-01 1.156000e-03 3.620760e-01
485 6.365840e-01 1.124000e-03 3.622920e-01
486 6.363960e-01 1.120000e-03 3.624840e-01
487 6.362160e-01 1.132000e-03 3.626520e-01
488 6.360240e-01 1.108000e-03 3.628680e-01
489 6.358080e-01 1.112000e-03 3.630800e-01
490 6.355920e-01 1.152000e-03 3.632560e-01
491 6.353800e-01 1.140000e-03 3.634800e-01
492 6.351640e-01 1.140000e-03 3.636960e-01
493 6.349800e-01 1.152000e-03 3.638680e-01
494 6.347800e-01 1.156000e-03 3.640640e-01
495 6.345480e-01 1.196000e-03 3.642560e-01
496 6.343440e-01 1.224000e-03 3.644320e-01
497 6.340840e-01 1.284000e-03 3.646320e-01
498 6.337760e-01 1.344000e-03 3.648800e-01
499 6.335000e-01 1.432000e-03 3.650680e-01
500 6.332440e-01 1.444000e-03 3.653120e-01
