1 9.991640e-01 7.640000e-04 7.200000e-05
2 9.985880e-01 1.156000e-03 2.560000e-04
3 9.980000e-01 1.492000e-03 5.080000e-04
4 9.972880e-01 1.956000e-03 7.560000e-04
5 9.964000e-01 2.440000e-03 1.160000e-03
6 9.954680e-01 2.920000e-03 1.612000e-03
7 9.945160e-01 3.312000e-03 2.172000e-03
8 9.935240e-01 3.728000e-03 2.748000e-03
9 9.924800e-01 4.160000e-03 3.360000e-03
10 9.914600e-01 4.460000e-03 4.080000e-03
11 9.903000e-01 4.784000e-03 4.916000e-03
12 9.892280e-01 4.992000e-03 5.780000e-03
13 9.880800e-01 5.232000e-03 6.688000e-03
14 9.869360e-01 5.368000e-03 7.696000e-03
15 9.855760e-01 5.788000e-03 8.636000e-03
16 9.842640e-01 6.060000e-03 9.676000e-03
17 9.830400e-01 6.264000e-03 1.069600e-02
18 9.817760e-01 6.484000e-03 1.174000e-02
19 9.805680e-01 6.600000e-03 1.283200e-02
20 9.792440e-01 6.764000e-03 1.399200e-02
21 9.778280e-01 7.076000e-03 1.509600e-02
22 9.764120e-01 7.336000e-03 1.625200e-02
23 9.747560e-01 7.676000e-03 1.756800e-02
24 9.731960e-01 7.884000e-03 1.892000e-02
25 9.715320e-01 8.000000e-03 2.046800e-02
26 9.701440e-01 8.028000e-03 2.182800e-02
27 9.687360e-01 8.036000e-03 2.322800e-02
28 9.672480e-01 8.248000e-03 2.450400e-02
29 9.657800e-01 8.316000e-03 2.590400e-02
30 9.643560e-01 8.360000e-03 2.728400e-02
31 9.627600e-01 8.496000e-03 2.874400e-02
32 9.610320e-01 8.648000e-03 3.032000e-02
33 9.593600e-01 8.900000e-03 3.174000e-02
34 9.575800e-01 9.180000e-03 3.324000e-02
35 9.557360e-01 9.284000e-03 3.498000e-02
36 9.539840e-01 9.456000e-03 3.656000e-02
37 9.521960e-01 9.428000e-03 3.837600e-02
38 9.504840e-01 9.484000e-03 4.003200e-02
39 9.487640e-01 9.536000e-03 4.170000e-02
40 9.470480e-01 9.520000e-03 4.343200e-02
41 9.452200e-01 9.700000e-03 4.508000e-02
42 9.435080e-01 9.756000e-03 4.673600e-02
43 9.417760e-01 9.704000e-03 4.852000e-02
44 9.399280e-01 9.856000e-03 5.021600e-02
45 9.378800e-01 1.024800e-02 5.187200e-02
46 9.358720e-01 1.037200e-02 5.375600e-02
47 9.338480e-01 1.068800e-02 5.546400e-02
48 9.317680e-01 1.082800e-02 5.740400e-02
49 9.296640e-01 1.107200e-02 5.926400e-02
50 9.276600e-01 1.117600e-02 6.116400e-02
51 9.257280e-01 1.115200e-02 6.312000e-02
52 9.238280e-01 1.112000e-02 6.505200e-02
53 9.218440e-01 1.116800e-02 6.698800e-02
54 9.195960e-01 1.138800e-02 6.901600e-02
55 9.172880e-01 1.169200e-02 7.102000e-02
56 9.152160e-01 1.164400e-02 7.314000e-02
57 9.129240e-01 1.193600e-02 7.514000e-02
58 9.108280e-01 1.191600e-02 7.725600e-02
59 9.086840e-01 1.188000e-02 7.943600e-02
60 9.068320e-01 1.181600e-02 8.135200e-02
61 9.047720e-01 1.198800e-02 8.324000e-02
62 9.027760e-01 1.184000e-02 8.538400e-02
63 9.007320e-01 1.190800e-02 8.736000e-02
64 8.987760e-01 1.198000e-02 8.924400e-02
65 8.969640e-01 1.170800e-02 9.132800e-02
66 8.951400e-01 1.151200e-02 9.334800e-02
67 8.932640e-01 1.135600e-02 9.538000e-02
68 8.913200e-01 1.138000e-02 9.730000e-02
69 8.894680e-01 1.124400e-02 9.928800e-02
70 8.876480e-01 1.116000e-02 1.011920e-01
71 8.857200e-01 1.122000e-02 1.030600e-01
72 8.837840e-01 1.121600e-02 1.050000e-01
73 8.818560e-01 1.109200e-02 1.070520e-01
74 8.798320e-01 1.116400e-02 1.090040e-01
75 8.780200e-01 1.105200e-02 1.109280e-01
76 8.757240e-01 1.140800e-02 1.128680e-01
77 8.738760e-01 1.120800e-02 1.149160e-01
78 8.720160e-01 1.108000e-02 1.169040e-01
79 8.701320e-01 1.096000e-02 1.189080e-01
80 8.682240e-01 1.081200e-02 1.209640e-01
81 8.664520e-01 1.059600e-02 1.229520e-01
82 8.644480e-01 1.066800e-02 1.248840e-01
83 8.625360e-01 1.068800e-02 1.267760e-01
84 8.607120e-01 1.064400e-02 1.286440e-01
85 8.588280e-01 1.060400e-02 1.305680e-01
86 8.569720e-01 1.066000e-02 1.323680e-01
87 8.552240e-01 1.036400e-02 1.344120e-01
88 8.535040e-01 1.035600e-02 1.361400e-01
89 8.517560e-01 1.025200e-02 1.379920e-01
90 8.498840e-01 1.029600e-02 1.398200e-01
91 8.480200e-01 1.033600e-02 1.416440e-01
92 8.462560e-01 1.037200e-02 1.433720e-01
93 8.441440e-01 1.067200e-02 1.451840e-01
94 8.422640e-01 1.072400e-02 1.470120e-01
95 8.403120e-01 1.072400e-02 1.489640e-01
96 8.387360e-01 1.053600e-02 1.507280e-01
97 8.370280e-01 1.032000e-02 1.526520e-01
98 8.353400e-01 1.011600e-02 1.545440e-01
99 8.337120e-01 1.005200e-02 1.562360e-01
100 8.319120e-01 1.009200e-02 1.579960e-01
101 8.300800e-01 1.018000e-02 1.597400e-01
102 8.282640e-01 1.025600e-02 1.614800e-01
103 8.265960e-01 1.014000e-02 1.632640e-01
104 8.249760e-01 1.010000e-02 1.649240e-01
105 8.234080e-01 9.912000e-03 1.666800e-01
106 8.216480e-01 9.896000e-03 1.684560e-01
107 8.198880e-01 9.772000e-03 1.703400e-01
108 8.183160e-01 9.660000e-03 1.720240e-01
109 8.167480e-01 9.528000e-03 1.737240e-01
110 8.150520e-01 9.508000e-03 1.754400e-01
111 8.133640e-01 9.600000e-03 1.770360e-01
112 8.117320e-01 9.656000e-03 1.786120e-01
113 8.100280e-01 9.772000e-03 1.802000e-01
114 8.082520e-01 9.804000e-03 1.819440e-01
115 8.065520e-01 9.656000e-03 1.837920e-01
116 8.047880e-01 9.616000e-03 1.855960e-01
117 8.032400e-01 9.452000e-03 1.873080e-01
118 8.016320e-01 9.484000e-03 1.888840e-01
119 8.000040e-01 9.408000e-03 1.905880e-01
120 7.984560e-01 9.344000e-03 1.922000e-01
121 7.968840e-01 9.192000e-03 1.939240e-01
122 7.953840e-01 9.132000e-03 1.954840e-01
123 7.939240e-01 9.120000e-03 1.969560e-01
124 7.924480e-01 8.992000e-03 1.985600e-01
125 7.908560e-01 9.020000e-03 2.001240e-01
126 7.893920e-01 8.808000e-03 2.018000e-01
127 7.878760e-01 8.768000e-03 2.033560e-01
128 7.863560e-01 8.680000e-03 2.049640e-01
129 7.850200e-01 8.492000e-03 2.064880e-01
130 7.835320e-01 8.408000e-03 2.080600e-01
131 7.820120e-01 8.448000e-03 2.095400e-01
132 7.805120e-01 8.548000e-03 2.109400e-01
133 7.789720e-01 8.560000e-03 2.124680e-01
134 7.773800e-01 8.680000e-03 2.139400e-01
135 7.758560e-01 8.640000e-03 2.155040e-01
136 7.741920e-01 8.848000e-03 2.169600e-01
137 7.726200e-01 8.740000e-03 2.186400e-01
138 7.711400e-01 8.720000e-03 2.201400e-01
139 7.696360e-01 8.736000e-03 2.216280e-01
140 7.682160e-01 8.660000e-03 2.231240e-01
141 7.667680e-01 8.652000e-03 2.245800e-01
142 7.653920e-01 8.520000e-03 2.260880e-01
143 7.638560e-01 8.612000e-03 2.275320e-01
144 7.624440e-01 8.648000e-03 2.289080e-01
145 7.610800e-01 8.476000e-03 2.304440e-01
146 7.597560e-01 8.400000e-03 2.318440e-01
147 7.583880e-01 8.336000e-03 2.332760e-01
148 7.569960e-01 8.308000e-03 2.346960e-01
149 7.557200e-01 8.120000e-03 2.361600e-01
150 7.544520e-01 7.948000e-03 2.376000e-01
151 7.531760e-01 7.816000e-03 2.390080e-01
152 7.517840e-01 7.888000e-03 2.403280e-01
153 7.503880e-01 7.864000e-03 2.417480e-01
154 7.490880e-01 7.776000e-03 2.431360e-01
155 7.478080e-01 7.592000e-03 2.446000e-01
156 7.465920e-01 7.536000e-03 2.458720e-01
157 7.454000e-01 7.452000e-03 2.471480e-01
158 7.442480e-01 7.264000e-03 2.484880e-01
159 7.431320e-01 7.108000e-03 2.497600e-01
160 7.420240e-01 7.040000e-03 2.509360e-01
161 7.409240e-01 6.860000e-03 2.522160e-01
162 7.396640e-01 6.892000e-03 2.534440e-01
163 7.383520e-01 6.848000e-03 2.548000e-01
164 7.372640e-01 6.796000e-03 2.559400e-01
165 7.360760e-01 6.748000e-03 2.571760e-01
166 7.350240e-01 6.508000e-03 2.584680e-01
167 7.339880e-01 6.452000e-03 2.595600e-01
168 7.329080e-01 6.452000e-03 2.606400e-01
169 7.318160e-01 6.364000e-03 2.618200e-01
170 7.307560e-01 6.300000e-03 2.629440e-01
171 7.298160e-01 6.168000e-03 2.640160e-01
172 7.288040e-01 6.104000e-03 2.650920e-01
173 7.278440e-01 6.072000e-03 2.660840e-01
174 7.268160e-01 5.948000e-03 2.672360e-01
175 7.259440e-01 5.848000e-03 2.682080e-01
176 7.250440e-01 5.716000e-03 2.692400e-01
177 7.241960e-01 5.580000e-03 2.702240e-01
178 7.232800e-01 5.544000e-03 2.711760e-01
179 7.224000e-01 5.408000e-03 2.721920e-01
180 7.213840e-01 5.480000e-03 2.731360e-01
181 7.203600e-01 5.516000e-03 2.741240e-01
182 7.193320e-01 5.660000e-03 2.750080e-01
183 7.184080e-01 5.548000e-03 2.760440e-01
184 7.173440e-01 5.616000e-03 2.770400e-01
185 7.165400e-01 5.424000e-03 2.780360e-01
186 7.156400e-01 5.260000e-03 2.791000e-01
187 7.148560e-01 5.052000e-03 2.800920e-01
188 7.139120e-01 5.132000e-03 2.809560e-01
189 7.130280e-01 5.176000e-03 2.817960e-01
190 7.121520e-01 5.180000e-03 2.826680e-01
191 7.112600e-01 5.224000e-03 2.835160e-01
192 7.102520e-01 5.444000e-03 2.843040e-01
193 7.092800e-01 5.448000e-03 2.852720e-01
194 7.082600e-01 5.524000e-03 2.862160e-01
195 7.072680e-01 5.548000e-03 2.871840e-01
196 7.063240e-01 5.528000e-03 2.881480e-01
197 7.054560e-01 5.384000e-03 2.891600e-01
198 7.045600e-01 5.336000e-03 2.901040e-01
199 7.036520e-01 5.388000e-03 2.909600e-01
200 7.027000e-01 5.324000e-03 2.919760e-01
201 7.017960e-01 5.260000e-03 2.929440e-01
202 7.008960e-01 5.184000e-03 2.939200e-01
203 6.999480e-01 5.232000e-03 2.948200e-01
204 6.990040e-01 5.256000e-03 2.957400e-01
205 6.981440e-01 5.084000e-03 2.967720e-01
206 6.973560e-01 4.992000e-03 2.976520e-01
207 6.965560e-01 4.844000e-03 2.986000e-01
208 6.957440e-01 4.780000e-03 2.994760e-01
209 6.949240e-01 4.716000e-03 3.003600e-01
210 6.941040e-01 4.716000e-03 3.011800e-01
211 6.932760e-01 4.712000e-03 3.020120e-01
212 6.924840e-01 4.628000e-03 3.028880e-01
213 6.917280e-01 4.540000e-03 3.037320e-01
214 6.908760e-01 4.624000e-03 3.045000e-01
215 6.900200e-01 4.644000e-03 3.053360e-01
216 6.891120e-01 4.720000e-03 3.061680e-01
217 6.882360e-01 4.788000e-03 3.069760e-01
218 6.873440e-01 4.820000e-03 3.078360e-01
219 6.865880e-01 4.704000e-03 3.087080e-01
220 6.857160e-01 4.776000e-03 3.095080e-01
221 6.848720e-01 4.848000e-03 3.102800e-01
222 6.840800e-01 4.836000e-03 3.110840e-01
223 6.831560e-01 4.956000e-03 3.118880e-01
224 6.823320e-01 4.852000e-03 3.128160e-01
225 6.814480e-01 4.824000e-03 3.137280e-01
226 6.805880e-01 4.816000e-03 3.145960e-01
227 6.797440e-01 4.732000e-03 3.155240e-01
228 6.788680e-01 4.800000e-03 3.163320e-01
229 6.780640e-01 4.780000e-03 3.171560e-01
230 6.772160e-01 4.832000e-03 3.179520e-01
231 6.764000e-01 4.824000e-03 3.187760e-01
232 6.755080e-01 4.896000e-03 3.195960e-01
233 6.747200e-01 4.880000e-03 3.204000e-01
234 6.739800e-01 4.696000e-03 3.213240e-01
235 6.732200e-01 4.692000e-03 3.220880e-01
236 6.724360e-01 4.652000e-03 3.229120e-01
237 6.716240e-01 4.688000e-03 3.236880e-01
238 6.709040e-01 4.568000e-03 3.245280e-01
239 6.701560e-01 4.480000e-03 3.253640e-01
240 6.693520e-01 4.484000e-03 3.261640e-01
241 6.686000e-01 4.404000e-03 3.269960e-01
242 6.677880e-01 4.592000e-03 3.276200e-01
243 6.668960e-01 4.720000e-03 3.283840e-01
244 6.660840e-01 4.756000e-03 3.291600e-01
245 6.652000e-01 4.776000e-03 3.300240e-01
246 6.643960e-01 4.712000e-03 3.308920e-01
247 6.636960e-01 4.540000e-03 3.317640e-01
248 6.630280e-01 4.400000e-03 3.325720e-01
249 6.623200e-01 4.332000e-03 3.333480e-01
250 6.616680e-01 4.184000e-03 3.341480e-01
251 6.610040e-01 4.136000e-03 3.348600e-01
252 6.603840e-01 4.092000e-03 3.355240e-01
253 6.598200e-01 3.940000e-03 3.362400e-01
254 6.592840e-01 3.760000e-03 3.369560e-01
255 6.586240e-01 3.812000e-03 3.375640e-01
256 6.580160e-01 3.788000e-03 3.381960e-01
257 6.574840e-01 3.664000e-03 3.388520e-01
258 6.567640e-01 3.748000e-03 3.394880e-01
259 6.561600e-01 3.800000e-03 3.400400e-01
260 6.555480e-01 3.780000e-03 3.406720e-01
261 6.548560e-01 3.804000e-03 3.413400e-01
262 6.542840e-01 3.780000e-03 3.419360e-01
263 6.537440e-01 3.680000e-03 3.425760e-01
264 6.532480e-01 3.548000e-03 3.432040e-01
265 6.526040e-01 3.564000e-03 3.438320e-01
266 6.521040e-01 3.496000e-03 3.444000e-01
267 6.515440e-01 3.552000e-03 3.449040e-01
268 6.510000e-01 3.484000e-03 3.455160e-01
269 6.505040e-01 3.404000e-03 3.460920e-01
270 6.499600e-01 3.396000e-03 3.466440e-01
271 6.493680e-01 3.368000e-03 3.472640e-01
272 6.487520e-01 3.328000e-03 3.479200e-01
273 6.482000e-01 3.312000e-03 3.484880e-01
274 6.476840e-01 3.224000e-03 3.490920e-01
275 6.471000e-01 3.332000e-03 3.495680e-01
276 6.465640e-01 3.284000e-03 3.501520e-01
277 6.458800e-01 3.384000e-03 3.507360e-01
278 6.453520e-01 3.352000e-03 3.512960e-01
279 6.448600e-01 3.244000e-03 3.518960e-01
280 6.444320e-01 3.128000e-03 3.524400e-01
281 6.438560e-01 3.144000e-03 3.530000e-01
282 6.433640e-01 3.120000e-03 3.535160e-01
283 6.428920e-01 3.040000e-03 3.540680e-01
284 6.423640e-01 3.068000e-03 3.545680e-01
285 6.418840e-01 2.992000e-03 3.551240e-01
286 6.414320e-01 2.952000e-03 3.556160e-01
287 6.410200e-01 2.904000e-03 3.560760e-01
288 6.405440e-01 2.840000e-03 3.566160e-01
289 6.400520e-01 2.816000e-03 3.571320e-01
290 6.395720e-01 2.872000e-03 3.575560e-01
291 6.389880e-01 2.964000e-03 3.580480e-01
292 6.384600e-01 3.028000e-03 3.585120e-01
293 6.379440e-01 3.012000e-03 3.590440e-01
294 6.374560e-01 3.004000e-03 3.595400e-01
295 6.370040e-01 3.032000e-03 3.599640e-01
296 6.365960e-01 2.976000e-03 3.604280e-01
297 6.361560e-01 2.868000e-03 3.609760e-01
298 6.357520e-01 2.760000e-03 3.614880e-01
299 6.352920e-01 2.680000e-03 3.620280e-01
300 6.348520e-01 2.608000e-03 3.625400e-01
301 6.344640e-01 2.552000e-03 3.629840e-01
302 6.341080e-01 2.500000e-03 3.633920e-01
303 6.336800e-01 2.512000e-03 3.638080e-01
304 6.333640e-01 2.404000e-03 3.642320e-01
305 6.329560e-01 2.460000e-03 3.645840e-01
306 6.326960e-01 2.312000e-03 3.649920e-01
307 6.323400e-01 2.244000e-03 3.654160e-01
308 6.320480e-01 2.136000e-03 3.658160e-01
309 6.317200e-01 2.064000e-03 3.662160e-01
310 6.313760e-01 1.988000e-03 3.666360e-01
311 6.310160e-01 1.984000e-03 3.670000e-01
312 6.306120e-01 2.036000e-03 3.673520e-01
313 6.302720e-01 1.968000e-03 3.677600e-01
314 6.299920e-01 1.904000e-03 3.681040e-01
315 6.297920e-01 1.760000e-03 3.684480e-01
316 6.294720e-01 1.772000e-03 3.687560e-01
317 6.291320e-01 1.800000e-03 3.690680e-01
318 6.287760e-01 1.844000e-03 3.693800e-01
319 6.285480e-01 1.720000e-03 3.697320e-01
320 6.281920e-01 1.764000e-03 3.700440e-01
321 6.278640e-01 1.800000e-03 3.703360e-01
322 6.276040e-01 1.792000e-03 3.706040e-01
323 6.273120e-01 1.724000e-03 3.709640e-01
324 6.271200e-01 1.608000e-03 3.712720e-01
325 6.268200e-01 1.552000e-03 3.716280e-01
326 6.265040e-01 1.572000e-03 3.719240e-01
327 6.261720e-01 1.596000e-03 3.722320e-01
328 6.258600e-01 1.604000e-03 3.725360e-01
329 6.255400e-01 1.604000e-03 3.728560e-01
330 6.252960e-01 1.528000e-03 3.731760e-01
331 6.250320e-01 1.524000e-03 3.734440e-01
332 6.247720e-01 1.560000e-03 3.736680e-01
333 6.244840e-01 1.540000e-03 3.739760e-01
334 6.241480e-01 1.588000e-03 3.742640e-01
335 6.238280e-01 1.616000e-03 3.745560e-01
336 6.235080e-01 1.648000e-03 3.748440e-01
337 6.231560e-01 1.696000e-03 3.751480e-01
338 6.228120e-01 1.764000e-03 3.754240e-01
339 6.225040e-01 1.752000e-03 3.757440e-01
340 6.221400e-01 1.824000e-03 3.760360e-01
341 6.218080e-01 1.864000e-03 3.763280e-01
342 6.214960e-01 1.860000e-03 3.766440e-01
343 6.211480e-01 1.896000e-03 3.769560e-01
344 6.208320e-01 1.880000e-03 3.772880e-01
345 6.205000e-01 1.880000e-03 3.776200e-01
346 6.201760e-01 1.808000e-03 3.780160e-01
347 6.198800e-01 1.800000e-03 3.783200e-01
348 6.195240e-01 1.860000e-03 3.786160e-01
349 6.192320e-01 1.852000e-03 3.789160e-01
350 6.189280e-01 1.844000e-03 3.792280e-01
351 6.186400e-01 1.752000e-03 3.796080e-01
352 6.184080e-01 1.712000e-03 3.798800e-01
353 6.181440e-01 1.600000e-03 3.802560e-01
354 6.178640e-01 1.568000e-03 3.805680e-01
355 6.175960e-01 1.572000e-03 3.808320e-01
356 6.172760e-01 1.632000e-03 3.810920e-01
357 6.170800e-01 1.532000e-03 3.813880e-01
358 6.168080e-01 1.516000e-03 3.816760e-01
359 6.164840e-01 1.568000e-03 3.819480e-01
360 6.161480e-01 1.604000e-03 3.822480e-01
361 6.157360e-01 1.696000e-03 3.825680e-01
362 6.153520e-01 1.784000e-03 3.828640e-01
363 6.150040e-01 1.884000e-03 3.831120e-01
364 6.145960e-01 1.936000e-03 3.834680e-01
365 6.142760e-01 1.888000e-03 3.838360e-01
366 6.139240e-01 1.928000e-03 3.841480e-01
367 6.136000e-01 1.888000e-03 3.845120e-01
368 6.133080e-01 1.792000e-03 3.849000e-01
369 6.129640e-01 1.780000e-03 3.852560e-01
370 6.125840e-01 1.836000e-03 3.855800e-01
371 6.121760e-01 1.880000e-03 3.859440e-01
372 6.118640e-01 1.864000e-03 3.862720e-01
373 6.115680e-01 1.796000e-03 3.866360e-01
374 6.112880e-01 1.796000e-03 3.869160e-01
375 6.109960e-01 1.804000e-03 3.872000e-01
376 6.107360e-01 1.728000e-03 3.875360e-01
377 6.104280e-01 1.704000e-03 3.878680e-01
378 6.100920e-01 1.768000e-03 3.881400e-01
379 6.098520e-01 1.656000e-03 3.884920e-01
380 6.095160e-01 1.684000e-03 3.888000e-01
381 6.092600e-01 1.600000e-03 3.891400e-01
382 6.090120e-01 1.544000e-03 3.894440e-01
383 6.087720e-01 1.464000e-03 3.897640e-01
384 6.085080e-01 1.460000e-03 3.900320e-01
385 6.083000e-01 1.444000e-03 3.902560e-01
386 6.081040e-01 1.340000e-03 3.905560e-01
387 6.078760e-01 1.312000e-03 3.908120e-01
388 6.077240e-01 1.180000e-03 3.910960e-01
389 6.075320e-01 1.184000e-03 3.912840e-01
390 6.073360e-01 1.144000e-03 3.915200e-01
391 6.071440e-01 1.128000e-03 3.917280e-01
392 6.069440e-01 1.168000e-03 3.918880e-01
393 6.067840e-01 1.136000e-03 3.920800e-01
394 6.065840e-01 1.136000e-03 3.922800e-01
395 6.063800e-01 1.164000e-03 3.924560e-01
396 6.061960e-01 1.084000e-03 3.927200e-01
397 6.059840e-01 1.160000e-03 3.928560e-01
398 6.058080e-01 1.108000e-03 3.930840e-01
399 6.055920e-01 1.140000e-03 3.932680e-01
400 6.054280e-01 1.136000e-03 3.934360e-01
401 6.052640e-01 1.056000e-03 3.936800e-01
402 6.050800e-01 1.088000e-03 3.938320e-01
403 6.049040e-01 1.076000e-03 3.940200e-01
404 6.047800e-01 1.024000e-03 3.941960e-01
405 6.045960e-01 1.028000e-03 3.943760e-01
406 6.044760e-01 9.840000e-04 3.945400e-01
407 6.043040e-01 9.960000e-04 3.947000e-01
408 6.041400e-01 1.036000e-03 3.948240e-01
409 6.039440e-01 1.056000e-03 3.950000e-01
410 6.037840e-01 1.036000e-03 3.951800e-01
411 6.036200e-01 1.028000e-03 3.953520e-01
412 6.034480e-01 1.008000e-03 3.955440e-01
413 6.032840e-01 9.840000e-04 3.957320e-01
414 6.031560e-01 9.600000e-04 3.958840e-01
415 6.029840e-01 9.520000e-04 3.960640e-01
416 6.028560e-01 9.320000e-04 3.962120e-01
417 6.026720e-01 9.840000e-04 3.963440e-01
418 6.024840e-01 1.004000e-03 3.965120e-01
419 6.022560e-01 1.044000e-03 3.967000e-01
420 6.020280e-01 1.072000e-03 3.969000e-01
421 6.018760e-01 1.028000e-03 3.970960e-01
422 6.017000e-01 9.880000e-04 3.973120e-01
423 6.015280e-01 1.008000e-03 3.974640e-01
424 6.013520e-01 1.048000e-03 3.976000e-01
425 6.012160e-01 1.024000e-03 3.977600e-01
426 6.010800e-01 9.960000e-04 3.979240e-01
427 6.009120e-01 9.960000e-04 3.980920e-01
428 6.007800e-01 9.720000e-04 3.982480e-01
429 6.006440e-01 9.120000e-04 3.984440e-01
430 6.004840e-01 9.160000e-04 3.986000e-01
431 6.003440e-01 8.360000e-04 3.988200e-01
432 6.002160e-01 8.320000e-04 3.989520e-01
433 6.000920e-01 8.400000e-04 3.990680e-01
434 5.999600e-01 8.200000e-04 3.992200e-01
435 5.998440e-01 7.920000e-04 3.993640e-01
436 5.997160e-01 8.080000e-04 3.994760e-01
437 5.995640e-01 7.920000e-04 3.996440e-01
438 5.994480e-01 7.960000e-04 3.997560e-01
439 5.993480e-01 7.440000e-04 3.999080e-01
440 5.992120e-01 7.200000e-04 4.000680e-01
441 5.991200e-01 6.480000e-04 4.002320e-01
442 5.990360e-01 6.160000e-04 4.003480e-01
443 5.989640e-01 5.960000e-04 4.004400e-01
444 5.988880e-01 5.800000e-04 4.005320e-01
445 5.987640e-01 5.960000e-04 4.006400e-01
446 5.986280e-01 6.640000e-04 4.007080e-01
447 5.985240e-01 6.480000e-04 4.008280e-01
448 5.984600e-01 5.960000e-04 4.009440e-01
449 5.983920e-01 5.360000e-04 4.010720e-01
450 5.983080e-01 5.040000e-04 4.011880e-01
451 5.982280e-01 5.120000e-04 4.012600e-01
452 5.981400e-01 5.240000e-04 4.013360e-01
453 5.980640e-01 4.880000e-04 4.014480e-01
454 5.980240e-01 4.440000e-04 4.015320e-01
455 5.979640e-01 4.440000e-04 4.015920e-01
456 5.979280e-01 4.080000e-04 4.016640e-01
457 5.978320e-01 4.480000e-04 4.017200e-01
458 5.977680e-01 4.440000e-04 4.017880e-01
459 5.977280e-01 3.880000e-04 4.018840e-01
460 5.976480e-01 4.000000e-04 4.019520e-01
461 5.975600e-01 4.120000e-04 4.020280e-01
462 5.975080e-01 3.920000e-04 4.021000e-01
463 5.974640e-01 3.840000e-04 4.021520e-01
464 5.973840e-01 3.760000e-04 4.022400e-01
465 5.973360e-01 3.560000e-04 4.023080e-01
466 5.972920e-01 3.520000e-04 4.023560e-01
467 5.972400e-01 3.040000e-04 4.024560e-01
468 5.971760e-01 3.200000e-04 4.025040e-01
469 5.971200e-01 3.200000e-04 4.025600e-01
470 5.970640e-01 3.400000e-04 4.025960e-01
471 5.970120e-01 3.240000e-04 4.026640e-01
472 5.969640e-01 3.200000e-04 4.027160e-01
473 5.969160e-01 3.160000e-04 4.027680e-01
474 5.968720e-01 3.120000e-04 4.028160e-01
475 5.968360e-01 2.760000e-04 4.028880e-01
476 5.967760e-01 3.000000e-04 4.029240e-01
477 5.967520e-01 2.760000e-04 4.029720e-01
478 5.966960e-01 2.680000e-04 4.030360e-01
479 5.966680e-01 2.480000e-04 4.030840e-01
480 5.966560e-01 2.080000e-04 4.031360e-01
481 5.966200e-01 2.160000e-04 4.031640e-01
482 5.965880e-01 2.120000e-04 4.032000e-01
483 5.965520e-01 1.880000e-04 4.032600e-01
484 5.965240e-01 2.000000e-04 4.032760e-01
485 5.965000e-01 1.920000e-04 4.033080e-01
486 5.964560e-01 1.960000e-04 4.033480e-01
487 5.964040e-01 2.120000e-04 4.033840e-01
488 5.963640e-01 2.320000e-04 4.034040e-01
489 5.963200e-01 2.600000e-04 4.034200e-01
490 5.962880e-01 2.760000e-04 4.034360e-01
491 5.962240e-01 2.560000e-04 4.035200e-01
492 5.961800e-01 2.640000e-04 4.035560e-01
493 5.961400e-01 2.640000e-04 4.035960e-01
494 5.961000e-01 2.480000e-04 4.036520e-01
495 5.960360e-01 2.880000e-04 4.036760e-01
496 5.960240e-01 2.520000e-04 4.037240e-01
497 5.959840e-01 2.640000e-04 4.037520e-01
498 5.959480e-01 2.600000e-04 4.037920e-01
499 5.959000e-01 2.680000e-04 4.038320e-01
500 5.958440e-01 2.720000e-04 4.038840e-01
