1 9.991840e-01 6.960000e-04 1.200000e-04
2 9.987200e-01 9.840000e-04 2.960000e-04
3 9.981840e-01 1.336000e-03 4.800000e-04
4 9.975960e-01 1.636000e-03 7.680000e-04
5 9.968880e-01 2.028000e-03 1.084000e-03
6 9.961440e-01 2.408000e-03 1.448000e-03
7 9.953200e-01 2.728000e-03 1.952000e-03
8 9.944600e-01 3.104000e-03 2.436000e-03
9 9.935680e-01 3.428000e-03 3.004000e-03
10 9.925040e-01 3.884000e-03 3.612000e-03
11 9.916080e-01 4.064000e-03 4.328000e-03
12 9.904920e-01 4.368000e-03 5.140000e-03
13 9.895720e-01 4.432000e-03 5.996000e-03
14 9.887280e-01 4.448000e-03 6.824000e-03
15 9.877600e-01 4.640000e-03 7.600000e-03
16 9.868400e-01 4.764000e-03 8.396000e-03
17 9.858400e-01 4.944000e-03 9.216000e-03
18 9.847600e-01 5.056000e-03 1.018400e-02
19 9.837560e-01 5.164000e-03 1.108000e-02
20 9.826720e-01 5.300000e-03 1.202800e-02
21 9.815200e-01 5.500000e-03 1.298000e-02
22 9.804040e-01 5.668000e-03 1.392800e-02
23 9.792920e-01 5.776000e-03 1.493200e-02
24 9.781160e-01 5.936000e-03 1.594800e-02
25 9.768120e-01 6.144000e-03 1.704400e-02
26 9.756480e-01 6.116000e-03 1.823600e-02
27 9.744200e-01 6.268000e-03 1.931200e-02
28 9.733560e-01 6.072000e-03 2.057200e-02
29 9.721120e-01 6.336000e-03 2.155200e-02
30 9.708040e-01 6.500000e-03 2.269600e-02
31 9.693280e-01 6.832000e-03 2.384000e-02
32 9.679840e-01 6.988000e-03 2.502800e-02
33 9.665400e-01 7.228000e-03 2.623200e-02
34 9.650840e-01 7.576000e-03 2.734000e-02
35 9.636240e-01 7.784000e-03 2.859200e-02
36 9.623080e-01 7.760000e-03 2.993200e-02
37 9.607880e-01 7.928000e-03 3.128400e-02
38 9.592640e-01 7.980000e-03 3.275600e-02
39 9.579000e-01 7.900000e-03 3.420000e-02
40 9.563440e-01 8.024000e-03 3.563200e-02
41 9.548360e-01 8.032000e-03 3.713200e-02
42 9.534040e-01 8.080000e-03 3.851600e-02
43 9.518960e-01 8.240000e-03 3.986400e-02
44 9.503440e-01 8.448000e-03 4.120800e-02
45 9.488280e-01 8.540000e-03 4.263200e-02
46 9.472640e-01 8.432000e-03 4.430400e-02
47 9.456280e-01 8.676000e-03 4.569600e-02
48 9.441320e-01 8.652000e-03 4.721600e-02
49 9.426920e-01 8.524000e-03 4.878400e-02
50 9.412640e-01 8.404000e-03 5.033200e-02
51 9.396600e-01 8.560000e-03 5.178000e-02
52 9.381280e-01 8.632000e-03 5.324000e-02
53 9.365560e-01 8.704000e-03 5.474000e-02
54 9.350200e-01 8.692000e-03 5.628800e-02
55 9.332920e-01 8.928000e-03 5.778000e-02
56 9.315920e-01 9.016000e-03 5.939200e-02
57 9.299200e-01 8.988000e-03 6.109200e-02
58 9.284880e-01 8.912000e-03 6.260000e-02
59 9.267960e-01 9.056000e-03 6.414800e-02
60 9.252880e-01 8.940000e-03 6.577200e-02
61 9.238160e-01 8.872000e-03 6.731200e-02
62 9.221680e-01 9.012000e-03 6.882000e-02
63 9.206480e-01 8.972000e-03 7.038000e-02
64 9.192040e-01 8.840000e-03 7.195600e-02
65 9.176680e-01 8.924000e-03 7.340800e-02
66 9.162000e-01 8.740000e-03 7.506000e-02
67 9.147440e-01 8.756000e-03 7.650000e-02
68 9.131080e-01 8.868000e-03 7.802400e-02
69 9.115680e-01 8.800000e-03 7.963200e-02
70 9.099440e-01 8.848000e-03 8.120800e-02
71 9.085000e-01 8.720000e-03 8.278000e-02
72 9.068440e-01 8.916000e-03 8.424000e-02
73 9.053280e-01 8.984000e-03 8.568800e-02
74 9.036960e-01 8.988000e-03 8.731600e-02
75 9.022280e-01 8.916000e-03 8.885600e-02
76 9.007520e-01 8.808000e-03 9.044000e-02
77 8.992800e-01 8.720000e-03 9.200000e-02
78 8.977160e-01 8.888000e-03 9.339600e-02
79 8.960640e-01 8.996000e-03 9.494000e-02
80 8.943760e-01 9.148000e-03 9.647600e-02
81 8.927400e-01 9.184000e-03 9.807600e-02
82 8.912160e-01 9.144000e-03 9.964000e-02
83 8.895080e-01 9.304000e-03 1.011880e-01
84 8.878400e-01 9.304000e-03 1.028560e-01
85 8.862280e-01 9.320000e-03 1.044520e-01
86 8.844640e-01 9.496000e-03 1.060400e-01
87 8.827560e-01 9.632000e-03 1.076120e-01
88 8.810280e-01 9.604000e-03 1.093680e-01
89 8.794200e-01 9.656000e-03 1.109240e-01
90 8.775360e-01 9.712000e-03 1.127520e-01
91 8.757440e-01 9.784000e-03 1.144720e-01
92 8.739640e-01 9.884000e-03 1.161520e-01
93 8.721440e-01 9.896000e-03 1.179600e-01
94 8.703560e-01 9.880000e-03 1.197640e-01
95 8.686240e-01 9.912000e-03 1.214640e-01
96 8.669680e-01 9.844000e-03 1.231880e-01
97 8.653480e-01 9.676000e-03 1.249760e-01
98 8.637880e-01 9.392000e-03 1.268200e-01
99 8.620800e-01 9.352000e-03 1.285680e-01
100 8.603720e-01 9.448000e-03 1.301800e-01
101 8.588040e-01 9.364000e-03 1.318320e-01
102 8.572160e-01 9.300000e-03 1.334840e-01
103 8.555200e-01 9.516000e-03 1.349640e-01
104 8.539720e-01 9.324000e-03 1.367040e-01
105 8.526160e-01 9.140000e-03 1.382440e-01
106 8.511160e-01 8.968000e-03 1.399160e-01
107 8.496520e-01 8.940000e-03 1.414080e-01
108 8.481160e-01 8.968000e-03 1.429160e-01
109 8.463920e-01 9.120000e-03 1.444880e-01
110 8.448640e-01 9.064000e-03 1.460720e-01
111 8.434480e-01 8.800000e-03 1.477520e-01
112 8.421400e-01 8.568000e-03 1.492920e-01
113 8.405400e-01 8.824000e-03 1.506360e-01
114 8.388800e-01 9.052000e-03 1.520680e-01
115 8.373280e-01 9.072000e-03 1.536000e-01
116 8.356680e-01 9.092000e-03 1.552400e-01
117 8.340720e-01 9.044000e-03 1.568840e-01
118 8.323760e-01 9.188000e-03 1.584360e-01
119 8.309840e-01 8.984000e-03 1.600320e-01
120 8.294960e-01 8.868000e-03 1.616360e-01
121 8.278480e-01 8.824000e-03 1.633280e-01
122 8.263000e-01 8.916000e-03 1.647840e-01
123 8.247920e-01 8.808000e-03 1.664000e-01
124 8.233960e-01 8.612000e-03 1.679920e-01
125 8.218480e-01 8.640000e-03 1.695120e-01
126 8.205360e-01 8.672000e-03 1.707920e-01
127 8.190160e-01 8.752000e-03 1.722320e-01
128 8.174680e-01 8.872000e-03 1.736600e-01
129 8.158400e-01 8.984000e-03 1.751760e-01
130 8.142080e-01 9.024000e-03 1.767680e-01
131 8.128520e-01 8.884000e-03 1.782640e-01
132 8.114000e-01 8.852000e-03 1.797480e-01
133 8.098920e-01 8.968000e-03 1.811400e-01
134 8.084960e-01 8.784000e-03 1.827200e-01
135 8.069960e-01 8.648000e-03 1.843560e-01
136 8.055280e-01 8.496000e-03 1.859760e-01
137 8.042320e-01 8.264000e-03 1.875040e-01
138 8.029480e-01 8.056000e-03 1.889960e-01
139 8.016360e-01 7.936000e-03 1.904280e-01
140 8.003400e-01 7.820000e-03 1.918400e-01
141 7.989200e-01 7.884000e-03 1.931960e-01
142 7.975640e-01 7.856000e-03 1.945800e-01
143 7.962480e-01 7.860000e-03 1.958920e-01
144 7.948840e-01 7.848000e-03 1.972680e-01
145 7.936800e-01 7.584000e-03 1.987360e-01
146 7.924840e-01 7.420000e-03 2.000960e-01
147 7.912400e-01 7.412000e-03 2.013480e-01
148 7.899800e-01 7.292000e-03 2.027280e-01
149 7.886920e-01 7.260000e-03 2.040480e-01
150 7.875240e-01 7.108000e-03 2.053680e-01
151 7.863760e-01 6.932000e-03 2.066920e-01
152 7.852040e-01 6.824000e-03 2.079720e-01
153 7.840680e-01 6.788000e-03 2.091440e-01
154 7.828600e-01 6.692000e-03 2.104480e-01
155 7.815720e-01 6.832000e-03 2.115960e-01
156 7.803440e-01 6.876000e-03 2.127800e-01
157 7.791080e-01 6.932000e-03 2.139600e-01
158 7.778600e-01 7.012000e-03 2.151280e-01
159 7.767320e-01 6.928000e-03 2.163400e-01
160 7.754760e-01 7.068000e-03 2.174560e-01
161 7.743840e-01 6.824000e-03 2.187920e-01
162 7.732560e-01 6.788000e-03 2.199560e-01
163 7.721800e-01 6.704000e-03 2.211160e-01
164 7.710600e-01 6.648000e-03 2.222920e-01
165 7.700200e-01 6.484000e-03 2.234960e-01
166 7.689120e-01 6.584000e-03 2.245040e-01
167 7.678440e-01 6.540000e-03 2.256160e-01
168 7.668080e-01 6.500000e-03 2.266920e-01
169 7.657120e-01 6.520000e-03 2.277680e-01
170 7.646640e-01 6.412000e-03 2.289240e-01
171 7.636760e-01 6.216000e-03 2.301080e-01
172 7.626360e-01 6.228000e-03 2.311360e-01
173 7.615000e-01 6.216000e-03 2.322840e-01
174 7.603440e-01 6.336000e-03 2.333200e-01
175 7.592080e-01 6.332000e-03 2.344600e-01
176 7.581960e-01 6.200000e-03 2.356040e-01
177 7.570440e-01 6.104000e-03 2.368520e-01
178 7.560840e-01 6.020000e-03 2.378960e-01
179 7.549320e-01 6.152000e-03 2.389160e-01
180 7.538280e-01 6.132000e-03 2.400400e-01
181 7.527840e-01 6.020000e-03 2.411960e-01
182 7.518400e-01 5.924000e-03 2.422360e-01
183 7.510120e-01 5.644000e-03 2.433440e-01
184 7.500160e-01 5.572000e-03 2.444120e-01
185 7.491320e-01 5.280000e-03 2.455880e-01
186 7.481760e-01 5.328000e-03 2.464960e-01
187 7.472040e-01 5.468000e-03 2.473280e-01
188 7.462720e-01 5.424000e-03 2.483040e-01
189 7.453880e-01 5.344000e-03 2.492680e-01
190 7.444760e-01 5.304000e-03 2.502200e-01
191 7.434440e-01 5.388000e-03 2.511680e-01
192 7.425480e-01 5.204000e-03 2.522480e-01
193 7.416320e-01 5.244000e-03 2.531240e-01
194 7.407880e-01 5.124000e-03 2.540880e-01
195 7.399080e-01 5.068000e-03 2.550240e-01
196 7.390200e-01 5.060000e-03 2.559200e-01
197 7.380120e-01 5.168000e-03 2.568200e-01
198 7.371240e-01 5.096000e-03 2.577800e-01
199 7.361120e-01 5.196000e-03 2.586920e-01
200 7.351720e-01 5.224000e-03 2.596040e-01
201 7.343360e-01 5.116000e-03 2.605480e-01
202 7.334240e-01 5.180000e-03 2.613960e-01
203 7.326240e-01 5.036000e-03 2.623400e-01
204 7.316880e-01 5.104000e-03 2.632080e-01
205 7.307880e-01 5.032000e-03 2.641800e-01
206 7.299480e-01 5.012000e-03 2.650400e-01
207 7.291640e-01 5.040000e-03 2.657960e-01
208 7.283480e-01 5.048000e-03 2.666040e-01
209 7.275480e-01 4.920000e-03 2.675320e-01
210 7.267280e-01 4.888000e-03 2.683840e-01
211 7.260080e-01 4.728000e-03 2.692640e-01
212 7.252560e-01 4.668000e-03 2.700760e-01
213 7.243640e-01 4.740000e-03 2.708960e-01
214 7.235520e-01 4.716000e-03 2.717320e-01
215 7.227160e-01 4.788000e-03 2.724960e-01
216 7.218240e-01 4.700000e-03 2.734760e-01
217 7.208480e-01 4.868000e-03 2.742840e-01
218 7.199840e-01 4.876000e-03 2.751400e-01
219 7.192000e-01 4.840000e-03 2.759600e-01
220 7.183400e-01 4.888000e-03 2.767720e-01
221 7.175360e-01 4.748000e-03 2.777160e-01
222 7.166440e-01 4.816000e-03 2.785400e-01
223 7.158680e-01 4.756000e-03 2.793760e-01
224 7.150120e-01 4.832000e-03 2.801560e-01
225 7.143480e-01 4.724000e-03 2.809280e-01
226 7.135880e-01 4.600000e-03 2.818120e-01
227 7.128760e-01 4.452000e-03 2.826720e-01
228 7.121960e-01 4.372000e-03 2.834320e-01
229 7.114520e-01 4.400000e-03 2.841480e-01
230 7.106720e-01 4.424000e-03 2.849040e-01
231 7.099920e-01 4.364000e-03 2.856440e-01
232 7.094120e-01 4.076000e-03 2.865120e-01
233 7.088160e-01 4.008000e-03 2.871760e-01
234 7.081920e-01 3.924000e-03 2.878840e-01
235 7.076000e-01 3.856000e-03 2.885440e-01
236 7.070040e-01 3.764000e-03 2.892320e-01
237 7.063640e-01 3.724000e-03 2.899120e-01
238 7.056880e-01 3.688000e-03 2.906240e-01
239 7.050720e-01 3.656000e-03 2.912720e-01
240 7.044280e-01 3.752000e-03 2.918200e-01
241 7.037720e-01 3.820000e-03 2.924080e-01
242 7.030760e-01 3.824000e-03 2.931000e-01
243 7.023600e-01 3.864000e-03 2.937760e-01
244 7.017600e-01 3.820000e-03 2.944200e-01
245 7.011200e-01 3.848000e-03 2.950320e-01
246 7.004880e-01 3.696000e-03 2.958160e-01
247 6.999840e-01 3.560000e-03 2.964560e-01
248 6.994600e-01 3.496000e-03 2.970440e-01
249 6.988880e-01 3.516000e-03 2.975960e-01
250 6.983440e-01 3.448000e-03 2.982080e-01
251 6.978480e-01 3.352000e-03 2.988000e-01
252 6.974200e-01 3.236000e-03 2.993440e-01
253 6.969400e-01 3.060000e-03 3.000000e-01
254 6.964840e-01 2.920000e-03 3.005960e-01
255 6.959520e-01 2.916000e-03 3.011320e-01
256 6.954280e-01 2.912000e-03 3.016600e-01
257 6.949360e-01 2.928000e-03 3.021360e-01
258 6.944560e-01 2.828000e-03 3.027160e-01
259 6.939200e-01 2.880000e-03 3.032000e-01
260 6.933960e-01 2.840000e-03 3.037640e-01
261 6.929280e-01 2.780000e-03 3.042920e-01
262 6.924840e-01 2.744000e-03 3.047720e-01
263 6.919000e-01 2.916000e-03 3.051840e-01
264 6.913840e-01 2.900000e-03 3.057160e-01
265 6.909240e-01 2.828000e-03 3.062480e-01
266 6.904480e-01 2.848000e-03 3.067040e-01
267 6.900600e-01 2.736000e-03 3.072040e-01
268 6.896160e-01 2.672000e-03 3.077120e-01
269 6.891880e-01 2.660000e-03 3.081520e-01
270 6.887400e-01 2.616000e-03 3.086440e-01
271 6.882640e-01 2.532000e-03 3.092040e-01
272 6.879040e-01 2.368000e-03 3.097280e-01
273 6.874760e-01 2.372000e-03 3.101520e-01
274 6.870360e-01 2.472000e-03 3.104920e-01
275 6.865360e-01 2.500000e-03 3.109640e-01
276 6.859840e-01 2.564000e-03 3.114520e-01
277 6.854480e-01 2.632000e-03 3.119200e-01
278 6.849640e-01 2.668000e-03 3.123680e-01
279 6.845000e-01 2.596000e-03 3.129040e-01
280 6.840680e-01 2.576000e-03 3.133560e-01
281 6.836600e-01 2.548000e-03 3.137920e-01
282 6.832200e-01 2.516000e-03 3.142640e-01
283 6.827400e-01 2.504000e-03 3.147560e-01
284 6.823120e-01 2.512000e-03 3.151760e-01
285 6.819320e-01 2.396000e-03 3.156720e-01
286 6.814880e-01 2.384000e-03 3.161280e-01
287 6.810640e-01 2.412000e-03 3.165240e-01
288 6.806720e-01 2.404000e-03 3.169240e-01
289 6.802720e-01 2.364000e-03 3.173640e-01
290 6.799120e-01 2.268000e-03 3.178200e-01
291 6.795800e-01 2.196000e-03 3.182240e-01
292 6.792640e-01 2.156000e-03 3.185800e-01
293 6.788880e-01 2.100000e-03 3.190120e-01
294 6.785720e-01 2.064000e-03 3.193640e-01
295 6.781800e-01 2.052000e-03 3.197680e-01
296 6.777960e-01 2.080000e-03 3.201240e-01
297 6.774440e-01 2.048000e-03 3.205080e-01
298 6.770480e-01 2.072000e-03 3.208800e-01
299 6.767520e-01 2.020000e-03 3.212280e-01
300 6.764400e-01 1.908000e-03 3.216520e-01
301 6.762040e-01 1.820000e-03 3.219760e-01
302 6.759080e-01 1.788000e-03 3.223040e-01
303 6.756480e-01 1.744000e-03 3.226080e-01
304 6.753320e-01 1.764000e-03 3.229040e-01
305 6.750280e-01 1.708000e-03 3.232640e-01
306 6.746640e-01 1.748000e-03 3.235880e-01
307 6.743840e-01 1.680000e-03 3.239360e-01
308 6.741000e-01 1.688000e-03 3.242120e-01
309 6.738000e-01 1.620000e-03 3.245800e-01
310 6.735320e-01 1.596000e-03 3.248720e-01
311 6.732120e-01 1.624000e-03 3.251640e-01
312 6.729320e-01 1.600000e-03 3.254680e-01
313 6.726160e-01 1.676000e-03 3.257080e-01
314 6.722800e-01 1.704000e-03 3.260160e-01
315 6.719520e-01 1.704000e-03 3.263440e-01
316 6.716560e-01 1.648000e-03 3.266960e-01
317 6.713640e-01 1.632000e-03 3.270040e-01
318 6.710360e-01 1.676000e-03 3.272880e-01
319 6.707720e-01 1.644000e-03 3.275840e-01
320 6.705400e-01 1.584000e-03 3.278760e-01
321 6.703680e-01 1.508000e-03 3.281240e-01
322 6.701200e-01 1.528000e-03 3.283520e-01
323 6.699280e-01 1.480000e-03 3.285920e-01
324 6.696760e-01 1.484000e-03 3.288400e-01
325 6.694720e-01 1.452000e-03 3.290760e-01
326 6.692440e-01 1.512000e-03 3.292440e-01
327 6.690160e-01 1.496000e-03 3.294880e-01
328 6.688560e-01 1.428000e-03 3.297160e-01
329 6.686200e-01 1.412000e-03 3.299680e-01
330 6.683640e-01 1.380000e-03 3.302560e-01
331 6.681560e-01 1.336000e-03 3.305080e-01
332 6.679560e-01 1.256000e-03 3.307880e-01
333 6.677720e-01 1.196000e-03 3.310320e-01
334 6.676080e-01 1.140000e-03 3.312520e-01
335 6.673800e-01 1.160000e-03 3.314600e-01
336 6.671800e-01 1.160000e-03 3.316600e-01
337 6.669280e-01 1.184000e-03 3.318880e-01
338 6.667040e-01 1.164000e-03 3.321320e-01
339 6.665360e-01 1.172000e-03 3.322920e-01
340 6.663480e-01 1.144000e-03 3.325080e-01
341 6.661200e-01 1.196000e-03 3.326840e-01
342 6.659120e-01 1.184000e-03 3.329040e-01
343 6.656960e-01 1.212000e-03 3.330920e-01
344 6.654600e-01 1.220000e-03 3.333200e-01
345 6.652240e-01 1.236000e-03 3.335400e-01
346 6.650160e-01 1.176000e-03 3.338080e-01
347 6.647880e-01 1.152000e-03 3.340600e-01
348 6.645560e-01 1.200000e-03 3.342440e-01
349 6.643840e-01 1.160000e-03 3.344560e-01
350 6.641840e-01 1.176000e-03 3.346400e-01
351 6.639120e-01 1.228000e-03 3.348600e-01
352 6.636760e-01 1.212000e-03 3.351120e-01
353 6.635040e-01 1.092000e-03 3.354040e-01
354 6.633200e-01 1.072000e-03 3.356080e-01
355 6.630880e-01 1.120000e-03 3.357920e-01
356 6.628720e-01 1.128000e-03 3.360000e-01
357 6.626960e-01 1.108000e-03 3.361960e-01
358 6.624840e-01 1.136000e-03 3.363800e-01
359 6.623080e-01 1.132000e-03 3.365600e-01
360 6.621480e-01 1.104000e-03 3.367480e-01
361 6.619440e-01 1.148000e-03 3.369080e-01
362 6.618040e-01 1.128000e-03 3.370680e-01
363 6.616160e-01 1.148000e-03 3.372360e-01
364 6.613920e-01 1.140000e-03 3.374680e-01
365 6.612280e-01 1.060000e-03 3.377120e-01
366 6.610640e-01 1.012000e-03 3.379240e-01
367 6.608360e-01 1.064000e-03 3.381000e-01
368 6.606040e-01 1.116000e-03 3.382800e-01
369 6.604120e-01 1.096000e-03 3.384920e-01
370 6.601920e-01 1.112000e-03 3.386960e-01
371 6.599840e-01 1.120000e-03 3.388960e-01
372 6.597760e-01 1.160000e-03 3.390640e-01
373 6.595560e-01 1.120000e-03 3.393240e-01
374 6.593400e-01 1.116000e-03 3.395440e-01
375 6.591160e-01 1.128000e-03 3.397560e-01
376 6.589440e-01 1.116000e-03 3.399400e-01
377 6.587320e-01 1.124000e-03 3.401440e-01
378 6.585280e-01 1.140000e-03 3.403320e-01
379 6.583640e-01 1.124000e-03 3.405120e-01
380 6.582120e-01 1.056000e-03 3.407320e-01
381 6.580520e-01 1.024000e-03 3.409240e-01
382 6.579040e-01 1.008000e-03 3.410880e-01
383 6.577880e-01 9.720000e-04 3.412400e-01
384 6.576520e-01 9.280000e-04 3.414200e-01
385 6.574440e-01 9.320000e-04 3.416240e-01
386 6.572760e-01 9.600000e-04 3.417640e-01
387 6.570680e-01 9.840000e-04 3.419480e-01
388 6.569040e-01 9.200000e-04 3.421760e-01
389 6.567040e-01 9.440000e-04 3.423520e-01
390 6.565560e-01 9.120000e-04 3.425320e-01
391 6.563760e-01 9.560000e-04 3.426680e-01
392 6.561960e-01 1.004000e-03 3.428000e-01
393 6.560640e-01 9.440000e-04 3.429920e-01
394 6.558760e-01 9.280000e-04 3.431960e-01
395 6.557240e-01 8.920000e-04 3.433840e-01
396 6.555800e-01 8.800000e-04 3.435400e-01
397 6.554240e-01 8.960000e-04 3.436800e-01
398 6.552480e-01 8.880000e-04 3.438640e-01
399 6.550920e-01 8.960000e-04 3.440120e-01
400 6.549480e-01 8.680000e-04 3.441840e-01
401 6.547840e-01 8.680000e-04 3.443480e-01
402 6.546600e-01 8.440000e-04 3.444960e-01
403 6.545240e-01 8.640000e-04 3.446120e-01
404 6.543800e-01 8.440000e-04 3.447760e-01
405 6.542440e-01 8.280000e-04 3.449280e-01
406 6.541000e-01 8.400000e-04 3.450600e-01
407 6.539400e-01 8.560000e-04 3.452040e-01
408 6.538240e-01 8.040000e-04 3.453720e-01
409 6.536720e-01 7.800000e-04 3.455480e-01
410 6.535040e-01 8.040000e-04 3.456920e-01
411 6.533320e-01 8.440000e-04 3.458240e-01
412 6.532120e-01 8.320000e-04 3.459560e-01
413 6.530840e-01 7.960000e-04 3.461200e-01
414 6.529440e-01 8.080000e-04 3.462480e-01
415 6.528120e-01 8.000000e-04 3.463880e-01
416 6.526600e-01 8.320000e-04 3.465080e-01
417 6.525080e-01 7.920000e-04 3.467000e-01
418 6.523840e-01 7.720000e-04 3.468440e-01
419 6.522840e-01 7.240000e-04 3.469920e-01
420 6.521160e-01 7.600000e-04 3.471240e-01
421 6.520000e-01 7.440000e-04 3.472560e-01
422 6.518600e-01 7.600000e-04 3.473800e-01
423 6.517440e-01 7.400000e-04 3.475160e-01
424 6.516120e-01 7.560000e-04 3.476320e-01
425 6.515080e-01 7.480000e-04 3.477440e-01
426 6.514000e-01 7.160000e-04 3.478840e-01
427 6.512320e-01 7.440000e-04 3.480240e-01
428 6.511200e-01 7.440000e-04 3.481360e-01
429 6.510000e-01 7.280000e-04 3.482720e-01
430 6.508800e-01 7.200000e-04 3.484000e-01
431 6.507160e-01 7.920000e-04 3.484920e-01
432 6.505720e-01 7.480000e-04 3.486800e-01
433 6.504520e-01 7.680000e-04 3.487800e-01
434 6.503320e-01 7.400000e-04 3.489280e-01
435 6.501760e-01 7.760000e-04 3.490480e-01
436 6.500680e-01 7.720000e-04 3.491600e-01
437 6.499600e-01 7.400000e-04 3.493000e-01
438 6.498320e-01 7.480000e-04 3.494200e-01
439 6.496480e-01 7.960000e-04 3.495560e-01
440 6.494760e-01 8.320000e-04 3.496920e-01
441 6.492720e-01 8.920000e-04 3.498360e-01
442 6.491240e-01 8.560000e-04 3.500200e-01
443 6.489400e-01 8.800000e-04 3.501800e-01
444 6.487200e-01 9.480000e-04 3.503320e-01
445 6.485080e-01 1.012000e-03 3.504800e-01
446 6.483120e-01 9.960000e-04 3.506920e-01
447 6.481600e-01 9.920000e-04 3.508480e-01
448 6.479440e-01 1.012000e-03 3.510440e-01
449 6.477720e-01 9.960000e-04 3.512320e-01
450 6.476080e-01 1.004000e-03 3.513880e-01
451 6.473840e-01 1.032000e-03 3.515840e-01
452 6.471800e-01 1.044000e-03 3.517760e-01
453 6.469600e-01 1.072000e-03 3.519680e-01
454 6.467440e-01 1.096000e-03 3.521600e-01
455 6.465840e-01 1.096000e-03 3.523200e-01
456 6.464080e-01 1.080000e-03 3.525120e-01
457 6.462400e-01 1.068000e-03 3.526920e-01
458 6.460480e-01 1.068000e-03 3.528840e-01
459 6.459080e-01 1.008000e-03 3.530840e-01
460 6.457600e-01 9.760000e-04 3.532640e-01
461 6.456400e-01 9.280000e-04 3.534320e-01
462 6.454880e-01 9.120000e-04 3.536000e-01
463 6.453600e-01 8.880000e-04 3.537520e-01
464 6.452320e-01 8.760000e-04 3.538920e-01
465 6.450480e-01 8.880000e-04 3.540640e-01
466 6.449160e-01 8.600000e-04 3.542240e-01
467 6.447600e-01 9.000000e-04 3.543400e-01
468 6.446280e-01 8.240000e-04 3.545480e-01
469 6.445000e-01 7.840000e-04 3.547160e-01
470 6.443920e-01 7.920000e-04 3.548160e-01
471 6.443320e-01 7.080000e-04 3.549600e-01
472 6.442520e-01 6.960000e-04 3.550520e-01
473 6.441320e-01 7.040000e-04 3.551640e-01
474 6.440320e-01 6.800000e-04 3.552880e-01
475 6.439520e-01 6.760000e-04 3.553720e-01
476 6.438480e-01 6.600000e-04 3.554920e-01
477 6.437560e-01 6.440000e-04 3.556000e-01
478 6.436600e-01 5.960000e-04 3.557440e-01
479 6.435680e-01 5.720000e-04 3.558600e-01
480 6.434800e-01 5.480000e-04 3.559720e-01
481 6.434240e-01 5.160000e-04 3.560600e-01
482 6.433640e-01 4.560000e-04 3.561800e-01
483 6.432840e-01 4.640000e-04 3.562520e-01
484 6.432200e-01 4.640000e-04 3.563160e-01
485 6.431560e-01 4.520000e-04 3.563920e-01
486 6.430880e-01 4.360000e-04 3.564760e-01
487 6.430280e-01 4.120000e-04 3.565600e-01
488 6.428920e-01 4.760000e-04 3.566320e-01
489 6.427720e-01 5.400000e-04 3.566880e-01
490 6.426360e-01 5.920000e-04 3.567720e-01
491 6.425560e-01 5.920000e-04 3.568520e-01
492 6.424600e-01 5.760000e-04 3.569640e-01
493 6.423680e-01 6.000000e-04 3.570320e-01
494 6.422880e-01 5.720000e-04 3.571400e-01
495 6.422280e-01 5.280000e-04 3.572440e-01
496 6.421240e-01 5.720000e-04 3.573040e-01
497 6.420440e-01 5.760000e-04 3.573800e-01
498 6.419200e-01 5.920000e-04 3.574880e-01
499 6.418120e-01 6.280000e-04 3.575600e-01
500 6.416320e-01 7.000000e-04 3.576680e-01
