1 9.991280e-01 7.560000e-04 1.160000e-04
2 9.985480e-01 1.176000e-03 2.760000e-04
3 9.978040e-01 1.668000e-03 5.280000e-04
4 9.969960e-01 2.188000e-03 8.160000e-04
5 9.960920e-01 2.656000e-03 1.252000e-03
6 9.951800e-01 3.080000e-03 1.740000e-03
7 9.941320e-01 3.556000e-03 2.312000e-03
8 9.930840e-01 3.980000e-03 2.936000e-03
9 9.920000e-01 4.300000e-03 3.700000e-03
10 9.908880e-01 4.712000e-03 4.400000e-03
11 9.898320e-01 4.884000e-03 5.284000e-03
12 9.886720e-01 5.184000e-03 6.144000e-03
13 9.874520e-01 5.480000e-03 7.068000e-03
14 9.864080e-01 5.484000e-03 8.108000e-03
15 9.852280e-01 5.684000e-03 9.088000e-03
16 9.839560e-01 5.944000e-03 1.010000e-02
17 9.826920e-01 6.144000e-03 1.116400e-02
18 9.813960e-01 6.380000e-03 1.222400e-02
19 9.801000e-01 6.560000e-03 1.334000e-02
20 9.788320e-01 6.700000e-03 1.446800e-02
21 9.776120e-01 6.660000e-03 1.572800e-02
22 9.760120e-01 6.972000e-03 1.701600e-02
23 9.747040e-01 6.892000e-03 1.840400e-02
24 9.733320e-01 7.088000e-03 1.958000e-02
25 9.718520e-01 7.352000e-03 2.079600e-02
26 9.703160e-01 7.544000e-03 2.214000e-02
27 9.688040e-01 7.568000e-03 2.362800e-02
28 9.671440e-01 7.812000e-03 2.504400e-02
29 9.654440e-01 8.144000e-03 2.641200e-02
30 9.638880e-01 8.360000e-03 2.775200e-02
31 9.620440e-01 8.768000e-03 2.918800e-02
32 9.602800e-01 8.880000e-03 3.084000e-02
33 9.587280e-01 8.880000e-03 3.239200e-02
34 9.569920e-01 9.056000e-03 3.395200e-02
35 9.553960e-01 9.048000e-03 3.555600e-02
36 9.537840e-01 9.144000e-03 3.707200e-02
37 9.522680e-01 8.956000e-03 3.877600e-02
38 9.505840e-01 9.048000e-03 4.036800e-02
39 9.489240e-01 9.124000e-03 4.195200e-02
40 9.472680e-01 9.208000e-03 4.352400e-02
41 9.453760e-01 9.512000e-03 4.511200e-02
42 9.434840e-01 9.792000e-03 4.672400e-02
43 9.415480e-01 1.008000e-02 4.837200e-02
44 9.397120e-01 9.972000e-03 5.031600e-02
45 9.376520e-01 1.033200e-02 5.201600e-02
46 9.357520e-01 1.050800e-02 5.374000e-02
47 9.338600e-01 1.060000e-02 5.554000e-02
48 9.321320e-01 1.055200e-02 5.731600e-02
49 9.301800e-01 1.054000e-02 5.928000e-02
50 9.284360e-01 1.040000e-02 6.116400e-02
51 9.266120e-01 1.032400e-02 6.306400e-02
52 9.249200e-01 1.020000e-02 6.488000e-02
53 9.229920e-01 1.027600e-02 6.673200e-02
54 9.212200e-01 1.036400e-02 6.841600e-02
55 9.194800e-01 1.037200e-02 7.014800e-02
56 9.176920e-01 1.032000e-02 7.198800e-02
57 9.159280e-01 1.029600e-02 7.377600e-02
58 9.141720e-01 1.025200e-02 7.557600e-02
59 9.123720e-01 1.015600e-02 7.747200e-02
60 9.104160e-01 1.036000e-02 7.922400e-02
61 9.086240e-01 1.022400e-02 8.115200e-02
62 9.068280e-01 1.017200e-02 8.300000e-02
63 9.050200e-01 1.011600e-02 8.486400e-02
64 9.034160e-01 9.988000e-03 8.659600e-02
65 9.017480e-01 9.888000e-03 8.836400e-02
66 9.000280e-01 9.904000e-03 9.006800e-02
67 8.983400e-01 9.940000e-03 9.172000e-02
68 8.966520e-01 9.852000e-03 9.349600e-02
69 8.949240e-01 9.784000e-03 9.529200e-02
70 8.932200e-01 9.808000e-03 9.697200e-02
71 8.916480e-01 9.716000e-03 9.863600e-02
72 8.900160e-01 9.684000e-03 1.003000e-01
73 8.883200e-01 9.716000e-03 1.019640e-01
74 8.865080e-01 9.800000e-03 1.036920e-01
75 8.847160e-01 9.988000e-03 1.052960e-01
76 8.828120e-01 1.018400e-02 1.070040e-01
77 8.809400e-01 1.024800e-02 1.088120e-01
78 8.793240e-01 1.014800e-02 1.105280e-01
79 8.777400e-01 1.000000e-02 1.122600e-01
80 8.760400e-01 9.936000e-03 1.140240e-01
81 8.743120e-01 9.904000e-03 1.157840e-01
82 8.725280e-01 9.904000e-03 1.175680e-01
83 8.708640e-01 9.844000e-03 1.192920e-01
84 8.692760e-01 9.652000e-03 1.210720e-01
85 8.674640e-01 9.836000e-03 1.227000e-01
86 8.656760e-01 9.720000e-03 1.246040e-01
87 8.639200e-01 9.668000e-03 1.264120e-01
88 8.622800e-01 9.500000e-03 1.282200e-01
89 8.606120e-01 9.664000e-03 1.297240e-01
90 8.587480e-01 9.936000e-03 1.313160e-01
91 8.570640e-01 9.948000e-03 1.329880e-01
92 8.551680e-01 1.016400e-02 1.346680e-01
93 8.535000e-01 1.001200e-02 1.364880e-01
94 8.515360e-01 1.032000e-02 1.381440e-01
95 8.498320e-01 1.026800e-02 1.399000e-01
96 8.479040e-01 1.054000e-02 1.415560e-01
97 8.460400e-01 1.046000e-02 1.435000e-01
98 8.442160e-01 1.046800e-02 1.453160e-01
99 8.424280e-01 1.038800e-02 1.471840e-01
100 8.406200e-01 1.025200e-02 1.491280e-01
101 8.388120e-01 1.035600e-02 1.508320e-01
102 8.369480e-01 1.046000e-02 1.525920e-01
103 8.351800e-01 1.047600e-02 1.543440e-01
104 8.334000e-01 1.026400e-02 1.563360e-01
105 8.317720e-01 9.996000e-03 1.582320e-01
106 8.300960e-01 9.972000e-03 1.599320e-01
107 8.284920e-01 9.856000e-03 1.616520e-01
108 8.268400e-01 9.756000e-03 1.634040e-01
109 8.250760e-01 9.740000e-03 1.651840e-01
110 8.232640e-01 9.880000e-03 1.668560e-01
111 8.214480e-01 1.006800e-02 1.684840e-01
112 8.198240e-01 9.928000e-03 1.702480e-01
113 8.181640e-01 9.908000e-03 1.719280e-01
114 8.165560e-01 9.724000e-03 1.737200e-01
115 8.149280e-01 9.728000e-03 1.753440e-01
116 8.133680e-01 9.508000e-03 1.771240e-01
117 8.118800e-01 9.344000e-03 1.787760e-01
118 8.102120e-01 9.460000e-03 1.803280e-01
119 8.084440e-01 9.640000e-03 1.819160e-01
120 8.067200e-01 9.504000e-03 1.837760e-01
121 8.050160e-01 9.648000e-03 1.853360e-01
122 8.034120e-01 9.488000e-03 1.871000e-01
123 8.017440e-01 9.616000e-03 1.886400e-01
124 8.000680e-01 9.600000e-03 1.903320e-01
125 7.984320e-01 9.556000e-03 1.920120e-01
126 7.967880e-01 9.520000e-03 1.936920e-01
127 7.951400e-01 9.404000e-03 1.954560e-01
128 7.935520e-01 9.328000e-03 1.971200e-01
129 7.920640e-01 9.232000e-03 1.987040e-01
130 7.906440e-01 9.080000e-03 2.002760e-01
131 7.892160e-01 8.924000e-03 2.018600e-01
132 7.876960e-01 8.872000e-03 2.034320e-01
133 7.861640e-01 8.900000e-03 2.049360e-01
134 7.846600e-01 8.844000e-03 2.064960e-01
135 7.833280e-01 8.700000e-03 2.079720e-01
136 7.819800e-01 8.576000e-03 2.094440e-01
137 7.804040e-01 8.680000e-03 2.109160e-01
138 7.790280e-01 8.492000e-03 2.124800e-01
139 7.775320e-01 8.448000e-03 2.140200e-01
140 7.761160e-01 8.400000e-03 2.154840e-01
141 7.746520e-01 8.368000e-03 2.169800e-01
142 7.733720e-01 8.256000e-03 2.183720e-01
143 7.720520e-01 8.088000e-03 2.198600e-01
144 7.707080e-01 7.996000e-03 2.212960e-01
145 7.693720e-01 7.856000e-03 2.227720e-01
146 7.680560e-01 7.928000e-03 2.240160e-01
147 7.666360e-01 7.920000e-03 2.254440e-01
148 7.652120e-01 7.808000e-03 2.269800e-01
149 7.638200e-01 7.856000e-03 2.283240e-01
150 7.623960e-01 7.908000e-03 2.296960e-01
151 7.610560e-01 7.836000e-03 2.311080e-01
152 7.596040e-01 7.856000e-03 2.325400e-01
153 7.582600e-01 7.820000e-03 2.339200e-01
154 7.566160e-01 8.128000e-03 2.352560e-01
155 7.551360e-01 8.216000e-03 2.366480e-01
156 7.537440e-01 8.072000e-03 2.381840e-01
157 7.523800e-01 8.100000e-03 2.395200e-01
158 7.511800e-01 7.892000e-03 2.409280e-01
159 7.497480e-01 7.856000e-03 2.423960e-01
160 7.484880e-01 7.688000e-03 2.438240e-01
161 7.471320e-01 7.680000e-03 2.451880e-01
162 7.457320e-01 7.652000e-03 2.466160e-01
163 7.444080e-01 7.668000e-03 2.479240e-01
164 7.431520e-01 7.484000e-03 2.493640e-01
165 7.419600e-01 7.448000e-03 2.505920e-01
166 7.407680e-01 7.288000e-03 2.519440e-01
167 7.396920e-01 7.012000e-03 2.532960e-01
168 7.386840e-01 6.876000e-03 2.544400e-01
169 7.375520e-01 6.888000e-03 2.555600e-01
170 7.364200e-01 6.832000e-03 2.567480e-01
171 7.352400e-01 6.888000e-03 2.578720e-01
172 7.341200e-01 6.796000e-03 2.590840e-01
173 7.331040e-01 6.668000e-03 2.602280e-01
174 7.320000e-01 6.736000e-03 2.612640e-01
175 7.309800e-01 6.608000e-03 2.624120e-01
176 7.299640e-01 6.456000e-03 2.635800e-01
177 7.288920e-01 6.468000e-03 2.646400e-01
178 7.277280e-01 6.508000e-03 2.657640e-01
179 7.266720e-01 6.400000e-03 2.669280e-01
180 7.255280e-01 6.424000e-03 2.680480e-01
181 7.243440e-01 6.300000e-03 2.693560e-01
182 7.233000e-01 6.120000e-03 2.705800e-01
183 7.224200e-01 5.976000e-03 2.716040e-01
184 7.213960e-01 6.032000e-03 2.725720e-01
185 7.203440e-01 5.988000e-03 2.736680e-01
186 7.193560e-01 5.976000e-03 2.746680e-01
187 7.181880e-01 6.068000e-03 2.757440e-01
188 7.170720e-01 6.104000e-03 2.768240e-01
189 7.160240e-01 6.068000e-03 2.779080e-01
190 7.150480e-01 5.924000e-03 2.790280e-01
191 7.140600e-01 5.744000e-03 2.801960e-01
192 7.130360e-01 5.892000e-03 2.810720e-01
193 7.119040e-01 5.984000e-03 2.821120e-01
194 7.108600e-01 5.960000e-03 2.831800e-01
195 7.099080e-01 5.912000e-03 2.841800e-01
196 7.089720e-01 5.868000e-03 2.851600e-01
197 7.079640e-01 5.944000e-03 2.860920e-01
198 7.070160e-01 5.812000e-03 2.871720e-01
199 7.061400e-01 5.668000e-03 2.881920e-01
200 7.052000e-01 5.700000e-03 2.891000e-01
201 7.042480e-01 5.656000e-03 2.900960e-01
202 7.033520e-01 5.552000e-03 2.910960e-01
203 7.024920e-01 5.372000e-03 2.921360e-01
204 7.017280e-01 5.204000e-03 2.930680e-01
205 7.009720e-01 5.092000e-03 2.939360e-01
206 7.001120e-01 5.120000e-03 2.947680e-01
207 6.992160e-01 5.192000e-03 2.955920e-01
208 6.984240e-01 5.040000e-03 2.965360e-01
209 6.976160e-01 4.984000e-03 2.974000e-01
210 6.969240e-01 4.740000e-03 2.983360e-01
211 6.961080e-01 4.764000e-03 2.991280e-01
212 6.953960e-01 4.656000e-03 2.999480e-01
213 6.946680e-01 4.624000e-03 3.007080e-01
214 6.939640e-01 4.472000e-03 3.015640e-01
215 6.932360e-01 4.420000e-03 3.023440e-01
216 6.924360e-01 4.360000e-03 3.032040e-01
217 6.916200e-01 4.468000e-03 3.039120e-01
218 6.908560e-01 4.408000e-03 3.047360e-01
219 6.900680e-01 4.428000e-03 3.055040e-01
220 6.892840e-01 4.420000e-03 3.062960e-01
221 6.884560e-01 4.520000e-03 3.070240e-01
222 6.877280e-01 4.468000e-03 3.078040e-01
223 6.869920e-01 4.436000e-03 3.085720e-01
224 6.863200e-01 4.256000e-03 3.094240e-01
225 6.855680e-01 4.280000e-03 3.101520e-01
226 6.847920e-01 4.368000e-03 3.108400e-01
227 6.840360e-01 4.284000e-03 3.116800e-01
228 6.832880e-01 4.288000e-03 3.124240e-01
229 6.825320e-01 4.308000e-03 3.131600e-01
230 6.818520e-01 4.292000e-03 3.138560e-01
231 6.811280e-01 4.240000e-03 3.146320e-01
232 6.803400e-01 4.324000e-03 3.153360e-01
233 6.794480e-01 4.432000e-03 3.161200e-01
234 6.785920e-01 4.496000e-03 3.169120e-01
235 6.776960e-01 4.640000e-03 3.176640e-01
236 6.768640e-01 4.612000e-03 3.185240e-01
237 6.760800e-01 4.548000e-03 3.193720e-01
238 6.751640e-01 4.660000e-03 3.201760e-01
239 6.744000e-01 4.592000e-03 3.210080e-01
240 6.736600e-01 4.480000e-03 3.218600e-01
241 6.728480e-01 4.564000e-03 3.225880e-01
242 6.720880e-01 4.528000e-03 3.233840e-01
243 6.712160e-01 4.556000e-03 3.242280e-01
244 6.704120e-01 4.508000e-03 3.250800e-01
245 6.695680e-01 4.580000e-03 3.258520e-01
246 6.686560e-01 4.736000e-03 3.266080e-01
247 6.677240e-01 4.884000e-03 3.273920e-01
248 6.670000e-01 4.712000e-03 3.282880e-01
249 6.662520e-01 4.640000e-03 3.291080e-01
250 6.654960e-01 4.528000e-03 3.299760e-01
251 6.647120e-01 4.524000e-03 3.307640e-01
252 6.640360e-01 4.388000e-03 3.315760e-01
253 6.633080e-01 4.388000e-03 3.323040e-01
254 6.625440e-01 4.388000e-03 3.330680e-01
255 6.618200e-01 4.360000e-03 3.338200e-01
256 6.609360e-01 4.524000e-03 3.345400e-01
257 6.601760e-01 4.528000e-03 3.352960e-01
258 6.593480e-01 4.544000e-03 3.361080e-01
259 6.586600e-01 4.460000e-03 3.368800e-01
260 6.579600e-01 4.424000e-03 3.376160e-01
261 6.571360e-01 4.560000e-03 3.383040e-01
262 6.563400e-01 4.672000e-03 3.389880e-01
263 6.555040e-01 4.688000e-03 3.398080e-01
264 6.547360e-01 4.708000e-03 3.405560e-01
265 6.540560e-01 4.544000e-03 3.414000e-01
266 6.531880e-01 4.728000e-03 3.420840e-01
267 6.524520e-01 4.636000e-03 3.429120e-01
268 6.517400e-01 4.480000e-03 3.437800e-01
269 6.509680e-01 4.436000e-03 3.445960e-01
270 6.503080e-01 4.356000e-03 3.453360e-01
271 6.497240e-01 4.268000e-03 3.460080e-01
272 6.491480e-01 4.104000e-03 3.467480e-01
273 6.483920e-01 4.156000e-03 3.474520e-01
274 6.477360e-01 4.088000e-03 3.481760e-01
275 6.471160e-01 3.984000e-03 3.489000e-01
276 6.464680e-01 3.936000e-03 3.495960e-01
277 6.458040e-01 3.860000e-03 3.503360e-01
278 6.451520e-01 3.900000e-03 3.509480e-01
279 6.444640e-01 3.904000e-03 3.516320e-01
280 6.437640e-01 3.932000e-03 3.523040e-01
281 6.431280e-01 3.824000e-03 3.530480e-01
282 6.424840e-01 3.812000e-03 3.537040e-01
283 6.418440e-01 3.720000e-03 3.544360e-01
284 6.412800e-01 3.508000e-03 3.552120e-01
285 6.408080e-01 3.260000e-03 3.559320e-01
286 6.402440e-01 3.260000e-03 3.564960e-01
287 6.396000e-01 3.284000e-03 3.571160e-01
288 6.389800e-01 3.280000e-03 3.577400e-01
289 6.384160e-01 3.208000e-03 3.583760e-01
290 6.378760e-01 3.228000e-03 3.588960e-01
291 6.372120e-01 3.312000e-03 3.594760e-01
292 6.366160e-01 3.324000e-03 3.600600e-01
293 6.359760e-01 3.332000e-03 3.606920e-01
294 6.354240e-01 3.248000e-03 3.613280e-01
295 6.348360e-01 3.252000e-03 3.619120e-01
296 6.342000e-01 3.324000e-03 3.624760e-01
297 6.335040e-01 3.452000e-03 3.630440e-01
298 6.329600e-01 3.472000e-03 3.635680e-01
299 6.323720e-01 3.512000e-03 3.641160e-01
300 6.318280e-01 3.468000e-03 3.647040e-01
301 6.312600e-01 3.464000e-03 3.652760e-01
302 6.306200e-01 3.456000e-03 3.659240e-01
303 6.300840e-01 3.388000e-03 3.665280e-01
304 6.295440e-01 3.396000e-03 3.670600e-01
305 6.289720e-01 3.460000e-03 3.675680e-01
306 6.283840e-01 3.404000e-03 3.682120e-01
307 6.278560e-01 3.372000e-03 3.687720e-01
308 6.273560e-01 3.328000e-03 3.693160e-01
309 6.268880e-01 3.148000e-03 3.699640e-01
310 6.264120e-01 3.104000e-03 3.704840e-01
311 6.259200e-01 3.020000e-03 3.710600e-01
312 6.254360e-01 2.964000e-03 3.716000e-01
313 6.248400e-01 2.992000e-03 3.721680e-01
314 6.242040e-01 3.096000e-03 3.727000e-01
315 6.237600e-01 3.040000e-03 3.732000e-01
316 6.233560e-01 2.980000e-03 3.736640e-01
317 6.228720e-01 2.960000e-03 3.741680e-01
318 6.222400e-01 3.088000e-03 3.746720e-01
319 6.216400e-01 3.144000e-03 3.752160e-01
320 6.211200e-01 3.092000e-03 3.757880e-01
321 6.207000e-01 2.968000e-03 3.763320e-01
322 6.203000e-01 2.840000e-03 3.768600e-01
323 6.199200e-01 2.704000e-03 3.773760e-01
324 6.194760e-01 2.676000e-03 3.778480e-01
325 6.191600e-01 2.452000e-03 3.783880e-01
326 6.188320e-01 2.392000e-03 3.787760e-01
327 6.184400e-01 2.336000e-03 3.792240e-01
328 6.180920e-01 2.304000e-03 3.796040e-01
329 6.177600e-01 2.188000e-03 3.800520e-01
330 6.174520e-01 2.116000e-03 3.804320e-01
331 6.171560e-01 1.984000e-03 3.808600e-01
332 6.168080e-01 1.936000e-03 3.812560e-01
333 6.165080e-01 1.884000e-03 3.816080e-01
334 6.161880e-01 1.912000e-03 3.819000e-01
335 6.158040e-01 1.900000e-03 3.822960e-01
336 6.154360e-01 1.952000e-03 3.826120e-01
337 6.150920e-01 1.884000e-03 3.830240e-01
338 6.147760e-01 1.868000e-03 3.833560e-01
339 6.144760e-01 1.828000e-03 3.836960e-01
340 6.141840e-01 1.744000e-03 3.840720e-01
341 6.139360e-01 1.672000e-03 3.843920e-01
342 6.137120e-01 1.656000e-03 3.846320e-01
343 6.134800e-01 1.648000e-03 3.848720e-01
344 6.132360e-01 1.620000e-03 3.851440e-01
345 6.129640e-01 1.604000e-03 3.854320e-01
346 6.127080e-01 1.628000e-03 3.856640e-01
347 6.124520e-01 1.604000e-03 3.859440e-01
348 6.121800e-01 1.600000e-03 3.862200e-01
349 6.119000e-01 1.616000e-03 3.864840e-01
350 6.116560e-01 1.580000e-03 3.867640e-01
351 6.113880e-01 1.600000e-03 3.870120e-01
352 6.111880e-01 1.540000e-03 3.872720e-01
353 6.110760e-01 1.376000e-03 3.875480e-01
354 6.109000e-01 1.320000e-03 3.877800e-01
355 6.107560e-01 1.300000e-03 3.879440e-01
356 6.105400e-01 1.320000e-03 3.881400e-01
357 6.103720e-01 1.260000e-03 3.883680e-01
358 6.102240e-01 1.232000e-03 3.885440e-01
359 6.100920e-01 1.144000e-03 3.887640e-01
360 6.099520e-01 1.068000e-03 3.889800e-01
361 6.097840e-01 1.028000e-03 3.891880e-01
362 6.096120e-01 9.800000e-04 3.894080e-01
363 6.094360e-01 9.840000e-04 3.895800e-01
364 6.092240e-01 1.028000e-03 3.897480e-01
365 6.090320e-01 1.060000e-03 3.899080e-01
366 6.088600e-01 1.056000e-03 3.900840e-01
367 6.086640e-01 1.104000e-03 3.902320e-01
368 6.084960e-01 1.112000e-03 3.903920e-01
369 6.082880e-01 1.088000e-03 3.906240e-01
370 6.080960e-01 1.028000e-03 3.908760e-01
371 6.079080e-01 1.076000e-03 3.910160e-01
372 6.077160e-01 1.044000e-03 3.912400e-01
373 6.075360e-01 1.012000e-03 3.914520e-01
374 6.073880e-01 9.960000e-04 3.916160e-01
375 6.072000e-01 9.920000e-04 3.918080e-01
376 6.070640e-01 1.004000e-03 3.919320e-01
377 6.069040e-01 1.008000e-03 3.920880e-01
378 6.066760e-01 1.068000e-03 3.922560e-01
379 6.064520e-01 1.108000e-03 3.924400e-01
380 6.062480e-01 1.104000e-03 3.926480e-01
381 6.060440e-01 1.136000e-03 3.928200e-01
382 6.057760e-01 1.244000e-03 3.929800e-01
383 6.056160e-01 1.160000e-03 3.932240e-01
384 6.054840e-01 1.088000e-03 3.934280e-01
385 6.053160e-01 1.032000e-03 3.936520e-01
386 6.051320e-01 1.060000e-03 3.938080e-01
387 6.049280e-01 1.036000e-03 3.940360e-01
388 6.047280e-01 1.048000e-03 3.942240e-01
389 6.045320e-01 1.072000e-03 3.943960e-01
390 6.043480e-01 1.068000e-03 3.945840e-01
391 6.041480e-01 1.056000e-03 3.947960e-01
392 6.039760e-01 1.088000e-03 3.949360e-01
393 6.037440e-01 1.128000e-03 3.951280e-01
394 6.035440e-01 1.100000e-03 3.953560e-01
395 6.033840e-01 1.072000e-03 3.955440e-01
396 6.031560e-01 1.164000e-03 3.956800e-01
397 6.029000e-01 1.232000e-03 3.958680e-01
398 6.026560e-01 1.264000e-03 3.960800e-01
399 6.024680e-01 1.280000e-03 3.962520e-01
400 6.022880e-01 1.244000e-03 3.964680e-01
401 6.020480e-01 1.232000e-03 3.967200e-01
402 6.018280e-01 1.216000e-03 3.969560e-01
403 6.016800e-01 1.156000e-03 3.971640e-01
404 6.014640e-01 1.184000e-03 3.973520e-01
405 6.013360e-01 1.088000e-03 3.975760e-01
406 6.011720e-01 1.108000e-03 3.977200e-01
407 6.009760e-01 1.108000e-03 3.979160e-01
408 6.007640e-01 1.132000e-03 3.981040e-01
409 6.005040e-01 1.156000e-03 3.983400e-01
410 6.003160e-01 1.164000e-03 3.985200e-01
411 6.001120e-01 1.148000e-03 3.987400e-01
412 5.998440e-01 1.236000e-03 3.989200e-01
413 5.996440e-01 1.208000e-03 3.991480e-01
414 5.994240e-01 1.220000e-03 3.993560e-01
415 5.992160e-01 1.224000e-03 3.995600e-01
416 5.990080e-01 1.236000e-03 3.997560e-01
417 5.987680e-01 1.284000e-03 3.999480e-01
418 5.985200e-01 1.336000e-03 4.001440e-01
419 5.982600e-01 1.364000e-03 4.003760e-01
420 5.980560e-01 1.332000e-03 4.006120e-01
421 5.977800e-01 1.412000e-03 4.008080e-01
422 5.974680e-01 1.496000e-03 4.010360e-01
423 5.971920e-01 1.528000e-03 4.012800e-01
424 5.969400e-01 1.504000e-03 4.015560e-01
425 5.966840e-01 1.464000e-03 4.018520e-01
426 5.964200e-01 1.516000e-03 4.020640e-01
427 5.961160e-01 1.572000e-03 4.023120e-01
428 5.958200e-01 1.624000e-03 4.025560e-01
429 5.955040e-01 1.640000e-03 4.028560e-01
430 5.952080e-01 1.584000e-03 4.032080e-01
431 5.948400e-01 1.680000e-03 4.034800e-01
432 5.945000e-01 1.716000e-03 4.037840e-01
433 5.941360e-01 1.772000e-03 4.040920e-01
434 5.938600e-01 1.740000e-03 4.044000e-01
435 5.936000e-01 1.708000e-03 4.046920e-01
436 5.933320e-01 1.668000e-03 4.050000e-01
437 5.931200e-01 1.624000e-03 4.052560e-01
438 5.928600e-01 1.580000e-03 4.055600e-01
439 5.926240e-01 1.516000e-03 4.058600e-01
440 5.924280e-01 1.476000e-03 4.060960e-01
441 5.921600e-01 1.448000e-03 4.063920e-01
442 5.918680e-01 1.448000e-03 4.066840e-01
443 5.916040e-01 1.412000e-03 4.069840e-01
444 5.913440e-01 1.404000e-03 4.072520e-01
445 5.911360e-01 1.392000e-03 4.074720e-01
446 5.908920e-01 1.392000e-03 4.077160e-01
447 5.906720e-01 1.364000e-03 4.079640e-01
448 5.904240e-01 1.380000e-03 4.081960e-01
449 5.902120e-01 1.268000e-03 4.085200e-01
450 5.899880e-01 1.240000e-03 4.087720e-01
451 5.898040e-01 1.216000e-03 4.089800e-01
452 5.895920e-01 1.184000e-03 4.092240e-01
453 5.893920e-01 1.136000e-03 4.094720e-01
454 5.892000e-01 1.132000e-03 4.096680e-01
455 5.890040e-01 1.132000e-03 4.098640e-01
456 5.888040e-01 1.160000e-03 4.100360e-01
457 5.885480e-01 1.184000e-03 4.102680e-01
458 5.883600e-01 1.128000e-03 4.105120e-01
459 5.881440e-01 1.144000e-03 4.107120e-01
460 5.879040e-01 1.176000e-03 4.109200e-01
461 5.876760e-01 1.212000e-03 4.111120e-01
462 5.874840e-01 1.200000e-03 4.113160e-01
463 5.872960e-01 1.192000e-03 4.115120e-01
464 5.871080e-01 1.176000e-03 4.117160e-01
465 5.869000e-01 1.220000e-03 4.118800e-01
466 5.866920e-01 1.264000e-03 4.120440e-01
467 5.864440e-01 1.292000e-03 4.122640e-01
468 5.861920e-01 1.296000e-03 4.125120e-01
469 5.859600e-01 1.300000e-03 4.127400e-01
470 5.857520e-01 1.296000e-03 4.129520e-01
471 5.855640e-01 1.296000e-03 4.131400e-01
472 5.853400e-01 1.296000e-03 4.133640e-01
473 5.851480e-01 1.284000e-03 4.135680e-01
474 5.849280e-01 1.304000e-03 4.137680e-01
475 5.847520e-01 1.272000e-03 4.139760e-01
476 5.845280e-01 1.280000e-03 4.141920e-01
477 5.843040e-01 1.308000e-03 4.143880e-01
478 5.841360e-01 1.260000e-03 4.146040e-01
479 5.839480e-01 1.236000e-03 4.148160e-01
480 5.837440e-01 1.236000e-03 4.150200e-01
481 5.834760e-01 1.300000e-03 4.152240e-01
482 5.832840e-01 1.248000e-03 4.154680e-01
483 5.830880e-01 1.228000e-03 4.156840e-01
484 5.829320e-01 1.196000e-03 4.158720e-01
485 5.827800e-01 1.112000e-03 4.161080e-01
486 5.825720e-01 1.132000e-03 4.162960e-01
487 5.824400e-01 1.044000e-03 4.165160e-01
488 5.822600e-01 1.012000e-03 4.167280e-01
489 5.821080e-01 9.840000e-04 4.169080e-01
490 5.819240e-01 9.600000e-04 4.171160e-01
491 5.817160e-01 9.760000e-04 4.173080e-01
492 5.815480e-01 9.720000e-04 4.174800e-01
493 5.813760e-01 9.920000e-04 4.176320e-01
494 5.811280e-01 1.064000e-03 4.178080e-01
495 5.809200e-01 1.088000e-03 4.179920e-01
496 5.807120e-01 1.104000e-03 4.181840e-01
497 5.805320e-01 1.108000e-03 4.183600e-01
498 5.803040e-01 1.128000e-03 4.185680e-01
499 5.801160e-01 1.124000e-03 4.187600e-01
500 5.799160e-01 1.116000e-03 4.189680e-01
