1 9.991720e-01 7.040000e-04 1.240000e-04
2 9.986840e-01 1.012000e-03 3.040000e-04
3 9.981600e-01 1.324000e-03 5.160000e-04
4 9.975480e-01 1.660000e-03 7.920000e-04
5 9.968200e-01 2.080000e-03 1.100000e-03
6 9.959960e-01 2.520000e-03 1.484000e-03
7 9.951560e-01 2.920000e-03 1.924000e-03
8 9.942040e-01 3.372000e-03 2.424000e-03
9 9.932000e-01 3.676000e-03 3.124000e-03
10 9.921640e-01 4.104000e-03 3.732000e-03
11 9.911200e-01 4.396000e-03 4.484000e-03
12 9.900680e-01 4.624000e-03 5.308000e-03
13 9.889040e-01 4.872000e-03 6.224000e-03
14 9.879320e-01 4.940000e-03 7.128000e-03
15 9.866000e-01 5.452000e-03 7.948000e-03
16 9.854880e-01 5.548000e-03 8.964000e-03
17 9.843560e-01 5.724000e-03 9.920000e-03
18 9.830640e-01 6.044000e-03 1.089200e-02
19 9.818840e-01 6.172000e-03 1.194400e-02
20 9.805480e-01 6.336000e-03 1.311600e-02
21 9.791960e-01 6.452000e-03 1.435200e-02
22 9.777040e-01 6.832000e-03 1.546400e-02
23 9.762240e-01 7.156000e-03 1.662000e-02
24 9.747200e-01 7.472000e-03 1.780800e-02
25 9.732040e-01 7.548000e-03 1.924800e-02
26 9.716120e-01 7.844000e-03 2.054400e-02
27 9.699280e-01 8.212000e-03 2.186000e-02
28 9.682400e-01 8.472000e-03 2.328800e-02
29 9.665560e-01 8.696000e-03 2.474800e-02
30 9.649720e-01 8.720000e-03 2.630800e-02
31 9.631560e-01 8.992000e-03 2.785200e-02
32 9.612960e-01 9.332000e-03 2.937200e-02
33 9.593480e-01 9.712000e-03 3.094000e-02
34 9.572920e-01 1.016000e-02 3.254800e-02
35 9.551480e-01 1.055600e-02 3.429600e-02
36 9.529600e-01 1.088800e-02 3.615200e-02
37 9.508640e-01 1.112800e-02 3.800800e-02
38 9.486840e-01 1.136000e-02 3.995600e-02
39 9.464840e-01 1.166000e-02 4.185600e-02
40 9.444320e-01 1.177600e-02 4.379200e-02
41 9.425760e-01 1.159200e-02 4.583200e-02
42 9.406920e-01 1.155600e-02 4.775200e-02
43 9.386720e-01 1.158000e-02 4.974800e-02
44 9.365400e-01 1.156800e-02 5.189200e-02
45 9.346640e-01 1.138000e-02 5.395600e-02
46 9.327920e-01 1.139200e-02 5.581600e-02
47 9.308400e-01 1.122400e-02 5.793600e-02
48 9.289680e-01 1.122400e-02 5.980800e-02
49 9.270440e-01 1.112400e-02 6.183200e-02
50 9.250720e-01 1.131200e-02 6.361600e-02
51 9.228800e-01 1.154400e-02 6.557600e-02
52 9.206240e-01 1.182400e-02 6.755200e-02
53 9.183440e-01 1.210000e-02 6.955600e-02
54 9.160760e-01 1.222400e-02 7.170000e-02
55 9.139440e-01 1.240000e-02 7.365600e-02
56 9.117000e-01 1.242800e-02 7.587200e-02
57 9.094240e-01 1.244800e-02 7.812800e-02
58 9.071240e-01 1.258400e-02 8.029200e-02
59 9.047760e-01 1.282400e-02 8.240000e-02
60 9.023920e-01 1.292400e-02 8.468400e-02
61 9.000680e-01 1.293600e-02 8.699600e-02
62 8.977880e-01 1.287200e-02 8.934000e-02
63 8.954720e-01 1.294800e-02 9.158000e-02
64 8.931960e-01 1.301200e-02 9.379200e-02
65 8.910040e-01 1.287600e-02 9.612000e-02
66 8.886160e-01 1.296000e-02 9.842400e-02
67 8.861120e-01 1.308000e-02 1.008080e-01
68 8.837680e-01 1.300400e-02 1.032280e-01
69 8.814120e-01 1.290000e-02 1.056880e-01
70 8.789960e-01 1.314400e-02 1.078600e-01
71 8.766840e-01 1.310800e-02 1.102080e-01
72 8.743640e-01 1.308800e-02 1.125480e-01
73 8.720200e-01 1.306800e-02 1.149120e-01
74 8.698600e-01 1.284400e-02 1.172960e-01
75 8.677400e-01 1.303600e-02 1.192240e-01
76 8.655840e-01 1.282800e-02 1.215880e-01
77 8.632400e-01 1.282400e-02 1.239360e-01
78 8.610720e-01 1.274800e-02 1.261800e-01
79 8.588320e-01 1.259600e-02 1.285720e-01
80 8.566520e-01 1.251200e-02 1.308360e-01
81 8.542960e-01 1.272400e-02 1.329800e-01
82 8.520720e-01 1.264000e-02 1.352880e-01
83 8.497360e-01 1.284400e-02 1.374200e-01
84 8.474000e-01 1.299200e-02 1.396080e-01
85 8.451120e-01 1.297200e-02 1.419160e-01
86 8.427560e-01 1.302800e-02 1.442160e-01
87 8.405200e-01 1.293600e-02 1.465440e-01
88 8.381760e-01 1.301200e-02 1.488120e-01
89 8.359440e-01 1.302800e-02 1.510280e-01
90 8.338960e-01 1.281600e-02 1.532880e-01
91 8.318800e-01 1.250800e-02 1.556120e-01
92 8.297800e-01 1.258400e-02 1.576360e-01
93 8.276400e-01 1.256800e-02 1.597920e-01
94 8.254880e-01 1.230400e-02 1.622080e-01
95 8.235520e-01 1.207600e-02 1.643720e-01
96 8.215320e-01 1.195200e-02 1.665160e-01
97 8.195360e-01 1.182400e-02 1.686400e-01
98 8.175400e-01 1.165600e-02 1.708040e-01
99 8.156400e-01 1.155600e-02 1.728040e-01
100 8.136960e-01 1.131600e-02 1.749880e-01
101 8.118680e-01 1.130000e-02 1.768320e-01
102 8.101000e-01 1.105200e-02 1.788480e-01
103 8.081200e-01 1.106800e-02 1.808120e-01
104 8.062920e-01 1.101200e-02 1.826960e-01
105 8.043960e-01 1.082000e-02 1.847840e-01
106 8.025120e-01 1.068400e-02 1.868040e-01
107 8.007200e-01 1.057200e-02 1.887080e-01
108 7.988920e-01 1.054000e-02 1.905680e-01
109 7.970720e-01 1.052000e-02 1.924080e-01
110 7.951560e-01 1.064800e-02 1.941960e-01
111 7.931960e-01 1.075600e-02 1.960480e-01
112 7.912840e-01 1.069200e-02 1.980240e-01
113 7.892320e-01 1.094400e-02 1.998240e-01
114 7.872840e-01 1.097600e-02 2.017400e-01
115 7.854040e-01 1.103600e-02 2.035600e-01
116 7.834920e-01 1.097600e-02 2.055320e-01
117 7.813640e-01 1.114800e-02 2.074880e-01
118 7.791720e-01 1.137600e-02 2.094520e-01
119 7.771560e-01 1.144400e-02 2.114000e-01
120 7.750480e-01 1.164800e-02 2.133040e-01
121 7.728280e-01 1.173200e-02 2.154400e-01
122 7.709680e-01 1.153600e-02 2.174960e-01
123 7.690960e-01 1.155600e-02 2.193480e-01
124 7.670120e-01 1.162800e-02 2.213600e-01
125 7.650480e-01 1.153200e-02 2.234200e-01
126 7.630280e-01 1.154400e-02 2.254280e-01
127 7.613000e-01 1.110400e-02 2.275960e-01
128 7.595400e-01 1.106400e-02 2.293960e-01
129 7.578640e-01 1.083200e-02 2.313040e-01
130 7.562000e-01 1.064800e-02 2.331520e-01
131 7.545560e-01 1.050400e-02 2.349400e-01
132 7.529400e-01 1.036000e-02 2.367000e-01
133 7.512000e-01 1.030800e-02 2.384920e-01
134 7.493400e-01 1.026000e-02 2.404000e-01
135 7.476680e-01 1.027200e-02 2.420600e-01
136 7.458280e-01 1.042800e-02 2.437440e-01
137 7.440280e-01 1.036800e-02 2.456040e-01
138 7.424560e-01 1.013200e-02 2.474120e-01
139 7.408120e-01 1.022000e-02 2.489680e-01
140 7.391560e-01 1.002000e-02 2.508240e-01
141 7.375680e-01 1.000000e-02 2.524320e-01
142 7.357600e-01 1.008400e-02 2.541560e-01
143 7.341200e-01 9.996000e-03 2.558840e-01
144 7.325720e-01 9.900000e-03 2.575280e-01
145 7.309120e-01 9.856000e-03 2.592320e-01
146 7.292880e-01 9.712000e-03 2.610000e-01
147 7.276560e-01 9.672000e-03 2.626720e-01
148 7.261560e-01 9.476000e-03 2.643680e-01
149 7.246320e-01 9.316000e-03 2.660520e-01
150 7.232080e-01 9.156000e-03 2.676360e-01
151 7.217600e-01 9.100000e-03 2.691400e-01
152 7.201520e-01 9.200000e-03 2.706480e-01
153 7.186880e-01 9.004000e-03 2.723080e-01
154 7.171080e-01 8.980000e-03 2.739120e-01
155 7.156280e-01 8.972000e-03 2.754000e-01
156 7.141240e-01 8.792000e-03 2.770840e-01
157 7.125440e-01 8.844000e-03 2.786120e-01
158 7.109520e-01 8.988000e-03 2.800600e-01
159 7.092920e-01 9.144000e-03 2.815640e-01
160 7.077440e-01 9.072000e-03 2.831840e-01
161 7.062360e-01 8.948000e-03 2.848160e-01
162 7.046600e-01 8.968000e-03 2.863720e-01
163 7.032080e-01 8.872000e-03 2.879200e-01
164 7.015480e-01 9.036000e-03 2.894160e-01
165 7.000240e-01 9.048000e-03 2.909280e-01
166 6.984760e-01 8.988000e-03 2.925360e-01
167 6.969480e-01 9.076000e-03 2.939760e-01
168 6.956360e-01 8.912000e-03 2.954520e-01
169 6.939800e-01 9.016000e-03 2.970040e-01
170 6.925000e-01 8.864000e-03 2.986360e-01
171 6.910640e-01 8.696000e-03 3.002400e-01
172 6.895920e-01 8.608000e-03 3.018000e-01
173 6.881520e-01 8.628000e-03 3.032200e-01
174 6.867200e-01 8.492000e-03 3.047880e-01
175 6.854720e-01 8.312000e-03 3.062160e-01
176 6.842000e-01 8.084000e-03 3.077160e-01
177 6.828480e-01 7.988000e-03 3.091640e-01
178 6.814840e-01 7.956000e-03 3.105600e-01
179 6.801320e-01 7.884000e-03 3.119840e-01
180 6.787560e-01 7.900000e-03 3.133440e-01
181 6.772600e-01 7.884000e-03 3.148560e-01
182 6.759280e-01 7.924000e-03 3.161480e-01
183 6.745400e-01 7.988000e-03 3.174720e-01
184 6.733880e-01 7.816000e-03 3.187960e-01
185 6.718840e-01 7.928000e-03 3.201880e-01
186 6.705280e-01 7.896000e-03 3.215760e-01
187 6.691280e-01 8.040000e-03 3.228320e-01
188 6.677880e-01 7.972000e-03 3.242400e-01
189 6.663360e-01 7.996000e-03 3.256680e-01
190 6.648400e-01 8.144000e-03 3.270160e-01
191 6.634120e-01 8.164000e-03 3.284240e-01
192 6.618320e-01 8.396000e-03 3.297720e-01
193 6.602800e-01 8.400000e-03 3.313200e-01
194 6.588560e-01 8.232000e-03 3.329120e-01
195 6.573800e-01 8.308000e-03 3.343120e-01
196 6.560320e-01 8.120000e-03 3.358480e-01
197 6.546640e-01 8.216000e-03 3.371200e-01
198 6.532080e-01 8.208000e-03 3.385840e-01
199 6.519840e-01 8.052000e-03 3.399640e-01
200 6.507040e-01 7.852000e-03 3.414440e-01
201 6.497120e-01 7.388000e-03 3.429000e-01
202 6.486200e-01 7.364000e-03 3.440160e-01
203 6.473960e-01 7.388000e-03 3.452160e-01
204 6.462680e-01 7.296000e-03 3.464360e-01
205 6.451840e-01 7.156000e-03 3.476600e-01
206 6.441840e-01 7.016000e-03 3.488000e-01
207 6.431120e-01 6.884000e-03 3.500040e-01
208 6.419720e-01 6.792000e-03 3.512360e-01
209 6.407560e-01 6.768000e-03 3.524760e-01
210 6.395560e-01 6.836000e-03 3.536080e-01
211 6.384160e-01 6.840000e-03 3.547440e-01
212 6.372640e-01 6.860000e-03 3.558760e-01
213 6.361400e-01 6.748000e-03 3.571120e-01
214 6.351280e-01 6.572000e-03 3.583000e-01
215 6.341120e-01 6.440000e-03 3.594480e-01
216 6.329960e-01 6.432000e-03 3.605720e-01
217 6.318680e-01 6.456000e-03 3.616760e-01
218 6.306360e-01 6.596000e-03 3.627680e-01
219 6.294520e-01 6.676000e-03 3.638720e-01
220 6.283800e-01 6.468000e-03 3.651520e-01
221 6.272920e-01 6.420000e-03 3.662880e-01
222 6.261200e-01 6.524000e-03 3.673560e-01
223 6.250480e-01 6.512000e-03 3.684400e-01
224 6.239680e-01 6.580000e-03 3.694520e-01
225 6.227800e-01 6.740000e-03 3.704800e-01
226 6.216240e-01 6.660000e-03 3.717160e-01
227 6.206160e-01 6.468000e-03 3.729160e-01
228 6.195920e-01 6.336000e-03 3.740720e-01
229 6.185840e-01 6.224000e-03 3.751920e-01
230 6.174280e-01 6.320000e-03 3.762520e-01
231 6.164040e-01 6.352000e-03 3.772440e-01
232 6.152480e-01 6.356000e-03 3.783960e-01
233 6.142320e-01 6.196000e-03 3.795720e-01
234 6.133160e-01 6.028000e-03 3.806560e-01
235 6.122120e-01 6.040000e-03 3.817480e-01
236 6.110400e-01 6.288000e-03 3.826720e-01
237 6.100040e-01 6.308000e-03 3.836880e-01
238 6.089680e-01 6.168000e-03 3.848640e-01
239 6.078880e-01 6.188000e-03 3.859240e-01
240 6.069280e-01 5.968000e-03 3.871040e-01
241 6.059680e-01 5.940000e-03 3.880920e-01
242 6.049880e-01 5.896000e-03 3.891160e-01
243 6.041640e-01 5.572000e-03 3.902640e-01
244 6.032880e-01 5.440000e-03 3.912720e-01
245 6.023960e-01 5.312000e-03 3.922920e-01
246 6.015000e-01 5.216000e-03 3.932840e-01
247 6.008080e-01 5.020000e-03 3.941720e-01
248 6.000480e-01 4.952000e-03 3.950000e-01
249 5.993320e-01 4.928000e-03 3.957400e-01
250 5.986200e-01 4.860000e-03 3.965200e-01
251 5.978160e-01 4.772000e-03 3.974120e-01
252 5.970640e-01 4.688000e-03 3.982480e-01
253 5.963520e-01 4.660000e-03 3.989880e-01
254 5.955000e-01 4.668000e-03 3.998320e-01
255 5.946240e-01 4.708000e-03 4.006680e-01
256 5.937920e-01 4.740000e-03 4.014680e-01
257 5.931200e-01 4.632000e-03 4.022480e-01
258 5.923960e-01 4.540000e-03 4.030640e-01
259 5.917760e-01 4.320000e-03 4.039040e-01
260 5.911200e-01 4.188000e-03 4.046920e-01
261 5.904920e-01 4.108000e-03 4.054000e-01
262 5.897400e-01 4.164000e-03 4.060960e-01
263 5.890720e-01 4.024000e-03 4.069040e-01
264 5.884680e-01 3.872000e-03 4.076600e-01
265 5.877520e-01 3.912000e-03 4.083360e-01
266 5.870640e-01 3.992000e-03 4.089440e-01
267 5.864520e-01 3.968000e-03 4.095800e-01
268 5.857720e-01 3.952000e-03 4.102760e-01
269 5.851600e-01 3.896000e-03 4.109440e-01
270 5.844040e-01 3.968000e-03 4.116280e-01
271 5.836840e-01 4.004000e-03 4.123120e-01
272 5.830440e-01 3.936000e-03 4.130200e-01
273 5.824360e-01 3.832000e-03 4.137320e-01
274 5.818480e-01 3.724000e-03 4.144280e-01
275 5.812360e-01 3.788000e-03 4.149760e-01
276 5.806400e-01 3.672000e-03 4.156880e-01
277 5.799840e-01 3.648000e-03 4.163680e-01
278 5.794000e-01 3.644000e-03 4.169560e-01
279 5.787840e-01 3.592000e-03 4.176240e-01
280 5.782280e-01 3.532000e-03 4.182400e-01
281 5.776440e-01 3.400000e-03 4.189560e-01
282 5.771160e-01 3.344000e-03 4.195400e-01
283 5.765640e-01 3.360000e-03 4.200760e-01
284 5.760800e-01 3.336000e-03 4.205840e-01
285 5.755120e-01 3.364000e-03 4.211240e-01
286 5.750000e-01 3.284000e-03 4.217160e-01
287 5.744000e-01 3.348000e-03 4.222520e-01
288 5.738360e-01 3.348000e-03 4.228160e-01
289 5.732680e-01 3.252000e-03 4.234800e-01
290 5.728080e-01 3.060000e-03 4.241320e-01
291 5.722920e-01 3.108000e-03 4.246000e-01
292 5.717680e-01 3.104000e-03 4.251280e-01
293 5.711520e-01 3.176000e-03 4.256720e-01
294 5.706280e-01 3.140000e-03 4.262320e-01
295 5.700280e-01 3.220000e-03 4.267520e-01
296 5.694520e-01 3.264000e-03 4.272840e-01
297 5.689520e-01 3.172000e-03 4.278760e-01
298 5.684360e-01 3.200000e-03 4.283640e-01
299 5.678560e-01 3.184000e-03 4.289600e-01
300 5.673400e-01 3.204000e-03 4.294560e-01
301 5.667800e-01 3.172000e-03 4.300480e-01
302 5.663160e-01 3.096000e-03 4.305880e-01
303 5.657800e-01 3.104000e-03 4.311160e-01
304 5.652480e-01 3.088000e-03 4.316640e-01
305 5.648000e-01 3.032000e-03 4.321680e-01
306 5.643600e-01 2.920000e-03 4.327200e-01
307 5.640320e-01 2.724000e-03 4.332440e-01
308 5.636560e-01 2.596000e-03 4.337480e-01
309 5.632560e-01 2.524000e-03 4.342200e-01
310 5.629160e-01 2.396000e-03 4.346880e-01
311 5.625840e-01 2.300000e-03 4.351160e-01
312 5.621920e-01 2.304000e-03 4.355040e-01
313 5.618840e-01 2.176000e-03 4.359400e-01
314 5.614600e-01 2.188000e-03 4.363520e-01
315 5.610600e-01 2.180000e-03 4.367600e-01
316 5.606880e-01 2.172000e-03 4.371400e-01
317 5.603000e-01 2.152000e-03 4.375480e-01
318 5.598880e-01 2.172000e-03 4.379400e-01
319 5.595160e-01 2.080000e-03 4.384040e-01
320 5.591400e-01 2.084000e-03 4.387760e-01
321 5.587320e-01 2.136000e-03 4.391320e-01
322 5.583160e-01 2.200000e-03 4.394840e-01
323 5.579280e-01 2.216000e-03 4.398560e-01
324 5.575280e-01 2.272000e-03 4.402000e-01
325 5.571720e-01 2.204000e-03 4.406240e-01
326 5.568240e-01 2.152000e-03 4.410240e-01
327 5.565480e-01 1.996000e-03 4.414560e-01
328 5.562680e-01 1.892000e-03 4.418400e-01
329 5.559760e-01 1.832000e-03 4.421920e-01
330 5.555680e-01 1.920000e-03 4.425120e-01
331 5.552920e-01 1.916000e-03 4.427920e-01
332 5.550240e-01 1.920000e-03 4.430560e-01
333 5.547760e-01 1.848000e-03 4.433760e-01
334 5.544880e-01 1.804000e-03 4.437080e-01
335 5.542280e-01 1.776000e-03 4.439960e-01
336 5.539160e-01 1.720000e-03 4.443640e-01
337 5.536560e-01 1.716000e-03 4.446280e-01
338 5.533960e-01 1.660000e-03 4.449440e-01
339 5.530760e-01 1.660000e-03 4.452640e-01
340 5.528240e-01 1.636000e-03 4.455400e-01
341 5.525760e-01 1.588000e-03 4.458360e-01
342 5.522520e-01 1.664000e-03 4.460840e-01
343 5.519480e-01 1.676000e-03 4.463760e-01
344 5.516080e-01 1.692000e-03 4.467000e-01
345 5.513640e-01 1.628000e-03 4.470080e-01
346 5.511280e-01 1.612000e-03 4.472600e-01
347 5.508320e-01 1.652000e-03 4.475160e-01
348 5.505720e-01 1.628000e-03 4.478000e-01
349 5.503600e-01 1.592000e-03 4.480480e-01
350 5.501160e-01 1.552000e-03 4.483320e-01
351 5.499080e-01 1.452000e-03 4.486400e-01
352 5.497400e-01 1.364000e-03 4.488960e-01
353 5.495360e-01 1.336000e-03 4.491280e-01
354 5.493680e-01 1.260000e-03 4.493720e-01
355 5.491920e-01 1.264000e-03 4.495440e-01
356 5.490320e-01 1.188000e-03 4.497800e-01
357 5.488720e-01 1.152000e-03 4.499760e-01
358 5.486960e-01 1.100000e-03 4.502040e-01
359 5.485560e-01 1.028000e-03 4.504160e-01
360 5.484200e-01 1.020000e-03 4.505600e-01
361 5.482720e-01 1.004000e-03 4.507240e-01
362 5.481240e-01 9.640000e-04 4.509120e-01
363 5.480000e-01 9.560000e-04 4.510440e-01
364 5.478680e-01 9.240000e-04 4.512080e-01
365 5.477280e-01 8.880000e-04 4.513840e-01
366 5.475960e-01 8.520000e-04 4.515520e-01
367 5.474880e-01 8.360000e-04 4.516760e-01
368 5.473120e-01 8.400000e-04 4.518480e-01
369 5.471600e-01 8.600000e-04 4.519800e-01
370 5.469920e-01 8.920000e-04 4.521160e-01
371 5.468600e-01 8.400000e-04 4.523000e-01
372 5.467320e-01 8.040000e-04 4.524640e-01
373 5.465960e-01 8.040000e-04 4.526000e-01
374 5.464320e-01 8.400000e-04 4.527280e-01
375 5.463080e-01 8.000000e-04 4.528920e-01
376 5.462080e-01 7.240000e-04 4.530680e-01
377 5.460960e-01 7.000000e-04 4.532040e-01
378 5.460120e-01 6.560000e-04 4.533320e-01
379 5.458760e-01 6.760000e-04 4.534480e-01
380 5.457400e-01 7.000000e-04 4.535600e-01
381 5.456160e-01 7.000000e-04 4.536840e-01
382 5.454880e-01 7.120000e-04 4.538000e-01
383 5.453880e-01 6.760000e-04 4.539360e-01
384 5.452560e-01 6.840000e-04 4.540600e-01
385 5.451360e-01 6.960000e-04 4.541680e-01
386 5.450480e-01 6.280000e-04 4.543240e-01
387 5.449360e-01 6.160000e-04 4.544480e-01
388 5.448920e-01 5.640000e-04 4.545440e-01
389 5.448160e-01 5.320000e-04 4.546520e-01
390 5.447680e-01 4.800000e-04 4.547520e-01
391 5.447200e-01 4.480000e-04 4.548320e-01
392 5.446720e-01 4.120000e-04 4.549160e-01
393 5.446000e-01 4.040000e-04 4.549960e-01
394 5.445520e-01 4.000000e-04 4.550480e-01
395 5.445000e-01 3.680000e-04 4.551320e-01
396 5.444560e-01 3.720000e-04 4.551720e-01
397 5.444080e-01 3.600000e-04 4.552320e-01
398 5.443560e-01 3.640000e-04 4.552800e-01
399 5.443080e-01 3.040000e-04 4.553880e-01
400 5.442640e-01 3.000000e-04 4.554360e-01
401 5.441840e-01 3.280000e-04 4.554880e-01
402 5.441240e-01 3.400000e-04 4.555360e-01
403 5.440320e-01 3.800000e-04 4.555880e-01
404 5.439680e-01 3.760000e-04 4.556560e-01
405 5.438840e-01 4.000000e-04 4.557160e-01
406 5.438200e-01 4.160000e-04 4.557640e-01
407 5.437560e-01 4.120000e-04 4.558320e-01
408 5.436960e-01 3.880000e-04 4.559160e-01
409 5.435720e-01 4.280000e-04 4.560000e-01
410 5.434480e-01 4.520000e-04 4.561000e-01
411 5.433680e-01 4.560000e-04 4.561760e-01
412 5.433200e-01 4.320000e-04 4.562480e-01
413 5.432280e-01 4.440000e-04 4.563280e-01
414 5.431680e-01 4.360000e-04 4.563960e-01
415 5.430800e-01 4.320000e-04 4.564880e-01
416 5.429960e-01 4.360000e-04 4.565680e-01
417 5.429240e-01 4.520000e-04 4.566240e-01
418 5.428480e-01 4.800000e-04 4.566720e-01
419 5.427560e-01 4.720000e-04 4.567720e-01
420 5.427080e-01 4.240000e-04 4.568680e-01
421 5.425960e-01 4.640000e-04 4.569400e-01
422 5.425160e-01 4.560000e-04 4.570280e-01
423 5.424440e-01 4.480000e-04 4.571080e-01
424 5.423680e-01 4.680000e-04 4.571640e-01
425 5.423040e-01 4.520000e-04 4.572440e-01
426 5.422440e-01 4.280000e-04 4.573280e-01
427 5.421880e-01 4.080000e-04 4.574040e-01
428 5.421360e-01 3.680000e-04 4.574960e-01
429 5.420520e-01 3.720000e-04 4.575760e-01
430 5.420160e-01 3.560000e-04 4.576280e-01
431 5.419360e-01 3.800000e-04 4.576840e-01
432 5.418760e-01 3.600000e-04 4.577640e-01
433 5.418320e-01 3.200000e-04 4.578480e-01
434 5.417720e-01 3.280000e-04 4.579000e-01
435 5.417400e-01 3.200000e-04 4.579400e-01
436 5.417040e-01 3.160000e-04 4.579800e-01
437 5.416680e-01 2.840000e-04 4.580480e-01
438 5.416480e-01 2.320000e-04 4.581200e-01
439 5.416200e-01 2.200000e-04 4.581600e-01
440 5.416040e-01 2.120000e-04 4.581840e-01
441 5.415960e-01 1.800000e-04 4.582240e-01
442 5.415880e-01 1.520000e-04 4.582600e-01
443 5.415720e-01 1.560000e-04 4.582720e-01
444 5.415560e-01 1.360000e-04 4.583080e-01
445 5.415360e-01 1.280000e-04 4.583360e-01
446 5.415320e-01 1.120000e-04 4.583560e-01
447 5.415120e-01 1.040000e-04 4.583840e-01
448 5.414960e-01 1.080000e-04 4.583960e-01
449 5.414880e-01 1.080000e-04 4.584040e-01
450 5.414840e-01 8.000000e-05 4.584360e-01
451 5.414720e-01 8.800000e-05 4.584400e-01
452 5.414600e-01 8.800000e-05 4.584520e-01
453 5.414480e-01 8.400000e-05 4.584680e-01
454 5.414480e-01 6.400000e-05 4.584880e-01
455 5.414400e-01 4.800000e-05 4.585120e-01
456 5.414360e-01 4.800000e-05 4.585160e-01
457 5.414240e-01 5.600000e-05 4.585200e-01
458 5.414120e-01 6.000000e-05 4.585280e-01
459 5.414000e-01 6.400000e-05 4.585360e-01
460 5.413920e-01 6.000000e-05 4.585480e-01
461 5.413920e-01 5.200000e-05 4.585560e-01
462 5.413880e-01 4.800000e-05 4.585640e-01
463 5.413880e-01 4.000000e-05 4.585720e-01
464 5.413840e-01 4.000000e-05 4.585760e-01
465 5.413840e-01 2.800000e-05 4.585880e-01
466 5.413840e-01 2.400000e-05 4.585920e-01
467 5.413840e-01 2.400000e-05 4.585920e-01
468 5.413840e-01 1.600000e-05 4.586000e-01
469 5.413840e-01 1.600000e-05 4.586000e-01
470 5.413800e-01 1.600000e-05 4.586040e-01
471 5.413800e-01 1.600000e-05 4.586040e-01
472 5.413800e-01 1.600000e-05 4.586040e-01
473 5.413800e-01 8.000000e-06 4.586120e-01
474 5.413800e-01 4.000000e-06 4.586160e-01
475 5.413800e-01 4.000000e-06 4.586160e-01
476 5.413760e-01 8.000000e-06 4.586160e-01
477 5.413760e-01 8.000000e-06 4.586160e-01
478 5.413760e-01 4.000000e-06 4.586200e-01
479 5.413760e-01 0.000000e+00 4.586240e-01
480 5.413760e-01 0.000000e+00 4.586240e-01
481 5.413760e-01 0.000000e+00 4.586240e-01
482 5.413760e-01 0.000000e+00 4.586240e-01
483 5.413760e-01 0.000000e+00 4.586240e-01
484 5.413760e-01 0.000000e+00 4.586240e-01
485 5.413760e-01 0.000000e+00 4.586240e-01
486 5.413760e-01 0.000000e+00 4.586240e-01
487 5.413760e-01 0.000000e+00 4.586240e-01
488 5.413760e-01 0.000000e+00 4.586240e-01
489 5.413760e-01 0.000000e+00 4.586240e-01
490 5.413760e-01 0.000000e+00 4.586240e-01
491 5.413760e-01 0.000000e+00 4.586240e-01
492 5.413760e-01 0.000000e+00 4.586240e-01
493 5.413760e-01 0.000000e+00 4.586240e-01
494 5.413760e-01 0.000000e+00 4.586240e-01
495 5.413760e-01 0.000000e+00 4.586240e-01
496 5.413760e-01 0.000000e+00 4.586240e-01
497 5.413760e-01 0.000000e+00 4.586240e-01
498 5.413760e-01 0.000000e+00 4.586240e-01
499 5.413760e-01 0.000000e+00 4.586240e-01
500 5.413760e-01 0.000000e+00 4.586240e-01
