1 9.992040e-01 7.120000e-04 8.400000e-05
2 9.985840e-01 1.160000e-03 2.560000e-04
3 9.979560e-01 1.556000e-03 4.880000e-04
4 9.973720e-01 1.832000e-03 7.960000e-04
5 9.967320e-01 2.196000e-03 1.072000e-03
6 9.959520e-01 2.652000e-03 1.396000e-03
7 9.952240e-01 2.860000e-03 1.916000e-03
8 9.942560e-01 3.300000e-03 2.444000e-03
9 9.932160e-01 3.700000e-03 3.084000e-03
10 9.922240e-01 4.048000e-03 3.728000e-03
11 9.911000e-01 4.476000e-03 4.424000e-03
12 9.899440e-01 4.868000e-03 5.188000e-03
13 9.887280e-01 5.196000e-03 6.076000e-03
14 9.874840e-01 5.520000e-03 6.996000e-03
15 9.863480e-01 5.632000e-03 8.020000e-03
16 9.851360e-01 5.820000e-03 9.044000e-03
17 9.840040e-01 5.904000e-03 1.009200e-02
18 9.826960e-01 6.128000e-03 1.117600e-02
19 9.815280e-01 6.248000e-03 1.222400e-02
20 9.802760e-01 6.428000e-03 1.329600e-02
21 9.788360e-01 6.684000e-03 1.448000e-02
22 9.773840e-01 6.984000e-03 1.563200e-02
23 9.758480e-01 7.188000e-03 1.696400e-02
24 9.743360e-01 7.360000e-03 1.830400e-02
25 9.728160e-01 7.556000e-03 1.962800e-02
26 9.713800e-01 7.584000e-03 2.103600e-02
27 9.699280e-01 7.712000e-03 2.236000e-02
28 9.682600e-01 8.032000e-03 2.370800e-02
29 9.665640e-01 8.220000e-03 2.521600e-02
30 9.649000e-01 8.432000e-03 2.666800e-02
31 9.631680e-01 8.640000e-03 2.819200e-02
32 9.613680e-01 8.908000e-03 2.972400e-02
33 9.596160e-01 9.196000e-03 3.118800e-02
34 9.579000e-01 9.208000e-03 3.289200e-02
35 9.562640e-01 9.164000e-03 3.457200e-02
36 9.543960e-01 9.380000e-03 3.622400e-02
37 9.525680e-01 9.416000e-03 3.801600e-02
38 9.508280e-01 9.504000e-03 3.966800e-02
39 9.492520e-01 9.424000e-03 4.132400e-02
40 9.475600e-01 9.460000e-03 4.298000e-02
41 9.458200e-01 9.568000e-03 4.461200e-02
42 9.440320e-01 9.684000e-03 4.628400e-02
43 9.421680e-01 9.864000e-03 4.796800e-02
44 9.403520e-01 9.984000e-03 4.966400e-02
45 9.385640e-01 1.000400e-02 5.143200e-02
46 9.367280e-01 1.006000e-02 5.321200e-02
47 9.348040e-01 1.016800e-02 5.502800e-02
48 9.330120e-01 1.012000e-02 5.686800e-02
49 9.313520e-01 9.952000e-03 5.869600e-02
50 9.297040e-01 9.892000e-03 6.040400e-02
51 9.280640e-01 9.968000e-03 6.196800e-02
52 9.263680e-01 9.796000e-03 6.383600e-02
53 9.245560e-01 9.896000e-03 6.554800e-02
54 9.227720e-01 9.976000e-03 6.725200e-02
55 9.209440e-01 9.940000e-03 6.911600e-02
56 9.189680e-01 1.012400e-02 7.090800e-02
57 9.171200e-01 1.016400e-02 7.271600e-02
58 9.152680e-01 1.020800e-02 7.452400e-02
59 9.133320e-01 1.027600e-02 7.639200e-02
60 9.113960e-01 1.042400e-02 7.818000e-02
61 9.095600e-01 1.052000e-02 7.992000e-02
62 9.077080e-01 1.050800e-02 8.178400e-02
63 9.059280e-01 1.042000e-02 8.365200e-02
64 9.040520e-01 1.044000e-02 8.550800e-02
65 9.021800e-01 1.048000e-02 8.734000e-02
66 9.003920e-01 1.037600e-02 8.923200e-02
67 8.987120e-01 1.011600e-02 9.117200e-02
68 8.969680e-01 9.972000e-03 9.306000e-02
69 8.950840e-01 1.009600e-02 9.482000e-02
70 8.931920e-01 1.016800e-02 9.664000e-02
71 8.914560e-01 1.012400e-02 9.842000e-02
72 8.896120e-01 1.017600e-02 1.002120e-01
73 8.877880e-01 1.014800e-02 1.020640e-01
74 8.859560e-01 1.026000e-02 1.037840e-01
75 8.841920e-01 1.020400e-02 1.056040e-01
76 8.824400e-01 1.017200e-02 1.073880e-01
77 8.806840e-01 1.013600e-02 1.091800e-01
78 8.788760e-01 1.025200e-02 1.108720e-01
79 8.769840e-01 1.020400e-02 1.128120e-01
80 8.752440e-01 1.028400e-02 1.144720e-01
81 8.735400e-01 1.024000e-02 1.162200e-01
82 8.718880e-01 1.026000e-02 1.178520e-01
83 8.702600e-01 1.006400e-02 1.196760e-01
84 8.685000e-01 1.002400e-02 1.214760e-01
85 8.668720e-01 9.880000e-03 1.232480e-01
86 8.651920e-01 9.700000e-03 1.251080e-01
87 8.635160e-01 9.768000e-03 1.267160e-01
88 8.619360e-01 9.700000e-03 1.283640e-01
89 8.601480e-01 9.700000e-03 1.301520e-01
90 8.586200e-01 9.656000e-03 1.317240e-01
91 8.570680e-01 9.588000e-03 1.333440e-01
92 8.555120e-01 9.516000e-03 1.349720e-01
93 8.539440e-01 9.520000e-03 1.365360e-01
94 8.522240e-01 9.468000e-03 1.383080e-01
95 8.506560e-01 9.352000e-03 1.399920e-01
96 8.490920e-01 9.220000e-03 1.416880e-01
97 8.475160e-01 9.184000e-03 1.433000e-01
98 8.459040e-01 9.300000e-03 1.447960e-01
99 8.439440e-01 9.636000e-03 1.464200e-01
100 8.422280e-01 9.736000e-03 1.480360e-01
101 8.405800e-01 9.636000e-03 1.497840e-01
102 8.388280e-01 9.828000e-03 1.513440e-01
103 8.369400e-01 9.992000e-03 1.530680e-01
104 8.353280e-01 9.980000e-03 1.546920e-01
105 8.336320e-01 9.844000e-03 1.565240e-01
106 8.319720e-01 9.712000e-03 1.583160e-01
107 8.303120e-01 9.632000e-03 1.600560e-01
108 8.287480e-01 9.400000e-03 1.618520e-01
109 8.271800e-01 9.284000e-03 1.635360e-01
110 8.256880e-01 9.076000e-03 1.652360e-01
111 8.242760e-01 8.788000e-03 1.669360e-01
112 8.227040e-01 8.868000e-03 1.684280e-01
113 8.211440e-01 8.824000e-03 1.700320e-01
114 8.193840e-01 9.052000e-03 1.715640e-01
115 8.176920e-01 9.228000e-03 1.730800e-01
116 8.158040e-01 9.496000e-03 1.747000e-01
117 8.141720e-01 9.492000e-03 1.763360e-01
118 8.124040e-01 9.592000e-03 1.780040e-01
119 8.105960e-01 9.688000e-03 1.797160e-01
120 8.088640e-01 9.708000e-03 1.814280e-01
121 8.072000e-01 9.640000e-03 1.831600e-01
122 8.053760e-01 9.692000e-03 1.849320e-01
123 8.037400e-01 9.716000e-03 1.865440e-01
124 8.019480e-01 9.724000e-03 1.883280e-01
125 8.002040e-01 9.552000e-03 1.902440e-01
126 7.986840e-01 9.508000e-03 1.918080e-01
127 7.971280e-01 9.380000e-03 1.934920e-01
128 7.954880e-01 9.452000e-03 1.950600e-01
129 7.940280e-01 9.412000e-03 1.965600e-01
130 7.925120e-01 9.208000e-03 1.982800e-01
131 7.908920e-01 9.232000e-03 1.998760e-01
132 7.894760e-01 9.180000e-03 2.013440e-01
133 7.879360e-01 9.200000e-03 2.028640e-01
134 7.863080e-01 9.148000e-03 2.045440e-01
135 7.848040e-01 9.044000e-03 2.061520e-01
136 7.830960e-01 9.208000e-03 2.076960e-01
137 7.814080e-01 9.276000e-03 2.093160e-01
138 7.795680e-01 9.400000e-03 2.110320e-01
139 7.778520e-01 9.376000e-03 2.127720e-01
140 7.761320e-01 9.524000e-03 2.143440e-01
141 7.744840e-01 9.568000e-03 2.159480e-01
142 7.729280e-01 9.528000e-03 2.175440e-01
143 7.713280e-01 9.428000e-03 2.192440e-01
144 7.697320e-01 9.408000e-03 2.208600e-01
145 7.682240e-01 9.304000e-03 2.224720e-01
146 7.665760e-01 9.276000e-03 2.241480e-01
147 7.649200e-01 9.216000e-03 2.258640e-01
148 7.632840e-01 9.292000e-03 2.274240e-01
149 7.615920e-01 9.384000e-03 2.290240e-01
150 7.600120e-01 9.224000e-03 2.307640e-01
151 7.584920e-01 9.212000e-03 2.322960e-01
152 7.570080e-01 9.112000e-03 2.338800e-01
153 7.557400e-01 8.804000e-03 2.354560e-01
154 7.542360e-01 8.644000e-03 2.371200e-01
155 7.527840e-01 8.604000e-03 2.386120e-01
156 7.513080e-01 8.424000e-03 2.402680e-01
157 7.499000e-01 8.364000e-03 2.417360e-01
158 7.482440e-01 8.656000e-03 2.431000e-01
159 7.467440e-01 8.716000e-03 2.445400e-01
160 7.452840e-01 8.620000e-03 2.460960e-01
161 7.438160e-01 8.648000e-03 2.475360e-01
162 7.422640e-01 8.744000e-03 2.489920e-01
163 7.407800e-01 8.652000e-03 2.505680e-01
164 7.393040e-01 8.592000e-03 2.521040e-01
165 7.378160e-01 8.580000e-03 2.536040e-01
166 7.364240e-01 8.492000e-03 2.550840e-01
167 7.350040e-01 8.512000e-03 2.564840e-01
168 7.334440e-01 8.584000e-03 2.579720e-01
169 7.319400e-01 8.516000e-03 2.595440e-01
170 7.305760e-01 8.588000e-03 2.608360e-01
171 7.291640e-01 8.400000e-03 2.624360e-01
172 7.277720e-01 8.432000e-03 2.637960e-01
173 7.264840e-01 8.192000e-03 2.653240e-01
174 7.250200e-01 8.256000e-03 2.667240e-01
175 7.237560e-01 8.060000e-03 2.681840e-01
176 7.223760e-01 7.980000e-03 2.696440e-01
177 7.209800e-01 7.992000e-03 2.710280e-01
178 7.195280e-01 7.984000e-03 2.724880e-01
179 7.180240e-01 7.908000e-03 2.740680e-01
180 7.166240e-01 7.828000e-03 2.755480e-01
181 7.150000e-01 8.084000e-03 2.769160e-01
182 7.137360e-01 8.012000e-03 2.782520e-01
183 7.123320e-01 7.960000e-03 2.797080e-01
184 7.110880e-01 7.772000e-03 2.811400e-01
185 7.097040e-01 7.640000e-03 2.826560e-01
186 7.083640e-01 7.596000e-03 2.840400e-01
187 7.070800e-01 7.444000e-03 2.854760e-01
188 7.058040e-01 7.348000e-03 2.868480e-01
189 7.045680e-01 7.316000e-03 2.881160e-01
190 7.034040e-01 7.160000e-03 2.894360e-01
191 7.022840e-01 6.944000e-03 2.907720e-01
192 7.010120e-01 7.160000e-03 2.918280e-01
193 6.997800e-01 7.172000e-03 2.930480e-01
194 6.985560e-01 7.180000e-03 2.942640e-01
195 6.973000e-01 7.076000e-03 2.956240e-01
196 6.961600e-01 6.976000e-03 2.968640e-01
197 6.950040e-01 6.904000e-03 2.980920e-01
198 6.938000e-01 6.940000e-03 2.992600e-01
199 6.926040e-01 6.840000e-03 3.005560e-01
200 6.912080e-01 7.000000e-03 3.017920e-01
201 6.898120e-01 7.048000e-03 3.031400e-01
202 6.884640e-01 7.072000e-03 3.044640e-01
203 6.873200e-01 6.984000e-03 3.056960e-01
204 6.860960e-01 6.984000e-03 3.069200e-01
205 6.848960e-01 6.980000e-03 3.081240e-01
206 6.837160e-01 7.028000e-03 3.092560e-01
207 6.824480e-01 6.984000e-03 3.105680e-01
208 6.813080e-01 6.864000e-03 3.118280e-01
209 6.800560e-01 6.888000e-03 3.130560e-01
210 6.786720e-01 7.096000e-03 3.142320e-01
211 6.774680e-01 7.036000e-03 3.154960e-01
212 6.762920e-01 7.004000e-03 3.167040e-01
213 6.752000e-01 6.868000e-03 3.179320e-01
214 6.740760e-01 6.800000e-03 3.191240e-01
215 6.728640e-01 6.760000e-03 3.203760e-01
216 6.716600e-01 6.680000e-03 3.216600e-01
217 6.704760e-01 6.848000e-03 3.226760e-01
218 6.692360e-01 7.004000e-03 3.237600e-01
219 6.681000e-01 6.980000e-03 3.249200e-01
220 6.670960e-01 6.796000e-03 3.261080e-01
221 6.660120e-01 6.620000e-03 3.273680e-01
222 6.649200e-01 6.464000e-03 3.286160e-01
223 6.638040e-01 6.504000e-03 3.296920e-01
224 6.627360e-01 6.484000e-03 3.307800e-01
225 6.617120e-01 6.336000e-03 3.319520e-01
226 6.606400e-01 6.416000e-03 3.329440e-01
227 6.595120e-01 6.548000e-03 3.339400e-01
228 6.583080e-01 6.644000e-03 3.350480e-01
229 6.572320e-01 6.612000e-03 3.361560e-01
230 6.561080e-01 6.668000e-03 3.372240e-01
231 6.550000e-01 6.692000e-03 3.383080e-01
232 6.538160e-01 6.752000e-03 3.394320e-01
233 6.526920e-01 6.648000e-03 3.406600e-01
234 6.516320e-01 6.544000e-03 3.418240e-01
235 6.506600e-01 6.456000e-03 3.428840e-01
236 6.495600e-01 6.572000e-03 3.438680e-01
237 6.484960e-01 6.600000e-03 3.449040e-01
238 6.474920e-01 6.588000e-03 3.459200e-01
239 6.464400e-01 6.496000e-03 3.470640e-01
240 6.454160e-01 6.348000e-03 3.482360e-01
241 6.443560e-01 6.204000e-03 3.494400e-01
242 6.433040e-01 6.212000e-03 3.504840e-01
243 6.424280e-01 5.988000e-03 3.515840e-01
244 6.414080e-01 5.960000e-03 3.526320e-01
245 6.403560e-01 6.068000e-03 3.535760e-01
246 6.393520e-01 6.032000e-03 3.546160e-01
247 6.383080e-01 6.056000e-03 3.556360e-01
248 6.372120e-01 6.136000e-03 3.566520e-01
249 6.362680e-01 5.940000e-03 3.577920e-01
250 6.352120e-01 5.940000e-03 3.588480e-01
251 6.342680e-01 5.892000e-03 3.598400e-01
252 6.333120e-01 5.876000e-03 3.608120e-01
253 6.323040e-01 5.944000e-03 3.617520e-01
254 6.314280e-01 5.740000e-03 3.628320e-01
255 6.304240e-01 5.736000e-03 3.638400e-01
256 6.294280e-01 5.796000e-03 3.647760e-01
257 6.284160e-01 5.832000e-03 3.657520e-01
258 6.274800e-01 5.736000e-03 3.667840e-01
259 6.265480e-01 5.744000e-03 3.677080e-01
260 6.256640e-01 5.632000e-03 3.687040e-01
261 6.246200e-01 5.780000e-03 3.696000e-01
262 6.237760e-01 5.592000e-03 3.706320e-01
263 6.229120e-01 5.500000e-03 3.715880e-01
264 6.218800e-01 5.572000e-03 3.725480e-01
265 6.209160e-01 5.624000e-03 3.734600e-01
266 6.199920e-01 5.572000e-03 3.744360e-01
267 6.191160e-01 5.436000e-03 3.754480e-01
268 6.182440e-01 5.440000e-03 3.763160e-01
269 6.174680e-01 5.376000e-03 3.771560e-01
270 6.166480e-01 5.408000e-03 3.779440e-01
271 6.158440e-01 5.164000e-03 3.789920e-01
272 6.150440e-01 5.064000e-03 3.798920e-01
273 6.141680e-01 5.056000e-03 3.807760e-01
274 6.133600e-01 4.864000e-03 3.817760e-01
275 6.126520e-01 4.836000e-03 3.825120e-01
276 6.118560e-01 4.660000e-03 3.834840e-01
277 6.110320e-01 4.648000e-03 3.843200e-01
278 6.103200e-01 4.472000e-03 3.852080e-01
279 6.095360e-01 4.468000e-03 3.859960e-01
280 6.086960e-01 4.512000e-03 3.867920e-01
281 6.079680e-01 4.404000e-03 3.876280e-01
282 6.071960e-01 4.356000e-03 3.884480e-01
283 6.065040e-01 4.328000e-03 3.891680e-01
284 6.057840e-01 4.268000e-03 3.899480e-01
285 6.050680e-01 4.152000e-03 3.907800e-01
286 6.042960e-01 4.112000e-03 3.915920e-01
287 6.034720e-01 4.140000e-03 3.923880e-01
288 6.027600e-01 4.076000e-03 3.931640e-01
289 6.020520e-01 4.100000e-03 3.938480e-01
290 6.014280e-01 3.980000e-03 3.945920e-01
291 6.008360e-01 3.844000e-03 3.953200e-01
292 6.002480e-01 3.744000e-03 3.960080e-01
293 5.997640e-01 3.588000e-03 3.966480e-01
294 5.992320e-01 3.648000e-03 3.971200e-01
295 5.985240e-01 3.764000e-03 3.977120e-01
296 5.979320e-01 3.628000e-03 3.984400e-01
297 5.974200e-01 3.512000e-03 3.990680e-01
298 5.968440e-01 3.460000e-03 3.996960e-01
299 5.963000e-01 3.404000e-03 4.002960e-01
300 5.957680e-01 3.360000e-03 4.008720e-01
301 5.950960e-01 3.372000e-03 4.015320e-01
302 5.945320e-01 3.304000e-03 4.021640e-01
303 5.940800e-01 3.204000e-03 4.027160e-01
304 5.936520e-01 3.132000e-03 4.032160e-01
305 5.931760e-01 3.008000e-03 4.038160e-01
306 5.926720e-01 2.960000e-03 4.043680e-01
307 5.922360e-01 2.864000e-03 4.049000e-01
308 5.918360e-01 2.740000e-03 4.054240e-01
309 5.914640e-01 2.708000e-03 4.058280e-01
310 5.910440e-01 2.600000e-03 4.063560e-01
311 5.906280e-01 2.552000e-03 4.068200e-01
312 5.902480e-01 2.500000e-03 4.072520e-01
313 5.898720e-01 2.544000e-03 4.075840e-01
314 5.894760e-01 2.528000e-03 4.079960e-01
315 5.890480e-01 2.532000e-03 4.084200e-01
316 5.886760e-01 2.404000e-03 4.089200e-01
317 5.882160e-01 2.440000e-03 4.093440e-01
318 5.877880e-01 2.384000e-03 4.098280e-01
319 5.873560e-01 2.396000e-03 4.102480e-01
320 5.870040e-01 2.324000e-03 4.106720e-01
321 5.865720e-01 2.404000e-03 4.110240e-01
322 5.861280e-01 2.492000e-03 4.113800e-01
323 5.857520e-01 2.416000e-03 4.118320e-01
324 5.852880e-01 2.428000e-03 4.122840e-01
325 5.849040e-01 2.432000e-03 4.126640e-01
326 5.844760e-01 2.356000e-03 4.131680e-01
327 5.841280e-01 2.296000e-03 4.135760e-01
328 5.837240e-01 2.352000e-03 4.139240e-01
329 5.832840e-01 2.388000e-03 4.143280e-01
330 5.828560e-01 2.336000e-03 4.148080e-01
331 5.825000e-01 2.232000e-03 4.152680e-01
332 5.821560e-01 2.232000e-03 4.156120e-01
333 5.817120e-01 2.228000e-03 4.160600e-01
334 5.812960e-01 2.228000e-03 4.164760e-01
335 5.809840e-01 2.184000e-03 4.168320e-01
336 5.806080e-01 2.192000e-03 4.172000e-01
337 5.802120e-01 2.204000e-03 4.175840e-01
338 5.797920e-01 2.204000e-03 4.180040e-01
339 5.793880e-01 2.200000e-03 4.184120e-01
340 5.790280e-01 2.124000e-03 4.188480e-01
341 5.785720e-01 2.172000e-03 4.192560e-01
342 5.781520e-01 2.276000e-03 4.195720e-01
343 5.777200e-01 2.252000e-03 4.200280e-01
344 5.772640e-01 2.296000e-03 4.204400e-01
345 5.768360e-01 2.372000e-03 4.207920e-01
346 5.764000e-01 2.388000e-03 4.212120e-01
347 5.759520e-01 2.480000e-03 4.215680e-01
348 5.755640e-01 2.416000e-03 4.220200e-01
349 5.752560e-01 2.376000e-03 4.223680e-01
350 5.749360e-01 2.296000e-03 4.227680e-01
351 5.745680e-01 2.224000e-03 4.232080e-01
352 5.741840e-01 2.200000e-03 4.236160e-01
353 5.738880e-01 2.080000e-03 4.240320e-01
354 5.736120e-01 2.000000e-03 4.243880e-01
355 5.733520e-01 1.956000e-03 4.246920e-01
356 5.729680e-01 1.992000e-03 4.250400e-01
357 5.726240e-01 1.948000e-03 4.254280e-01
358 5.722280e-01 1.948000e-03 4.258240e-01
359 5.719720e-01 1.924000e-03 4.261040e-01
360 5.716000e-01 1.996000e-03 4.264040e-01
361 5.712640e-01 1.988000e-03 4.267480e-01
362 5.709240e-01 1.960000e-03 4.271160e-01
363 5.705880e-01 1.932000e-03 4.274800e-01
364 5.702360e-01 2.008000e-03 4.277560e-01
365 5.698640e-01 1.972000e-03 4.281640e-01
366 5.695200e-01 1.996000e-03 4.284840e-01
367 5.692320e-01 1.900000e-03 4.288680e-01
368 5.689360e-01 1.868000e-03 4.291960e-01
369 5.686480e-01 1.856000e-03 4.294960e-01
370 5.683280e-01 1.832000e-03 4.298400e-01
371 5.680360e-01 1.740000e-03 4.302240e-01
372 5.677720e-01 1.672000e-03 4.305560e-01
373 5.675600e-01 1.568000e-03 4.308720e-01
374 5.673040e-01 1.516000e-03 4.311800e-01
375 5.669560e-01 1.584000e-03 4.314600e-01
376 5.667280e-01 1.532000e-03 4.317400e-01
377 5.664360e-01 1.572000e-03 4.319920e-01
378 5.661280e-01 1.648000e-03 4.322240e-01
379 5.658640e-01 1.600000e-03 4.325360e-01
380 5.655800e-01 1.564000e-03 4.328560e-01
381 5.653240e-01 1.540000e-03 4.331360e-01
382 5.650680e-01 1.548000e-03 4.333840e-01
383 5.648600e-01 1.452000e-03 4.336880e-01
384 5.645520e-01 1.408000e-03 4.340400e-01
385 5.642000e-01 1.456000e-03 4.343440e-01
386 5.638640e-01 1.564000e-03 4.345720e-01
387 5.636280e-01 1.468000e-03 4.349040e-01
388 5.633360e-01 1.464000e-03 4.352000e-01
389 5.631120e-01 1.412000e-03 4.354760e-01
390 5.628680e-01 1.416000e-03 4.357160e-01
391 5.626240e-01 1.452000e-03 4.359240e-01
392 5.624120e-01 1.388000e-03 4.362000e-01
393 5.621920e-01 1.328000e-03 4.364800e-01
394 5.619440e-01 1.376000e-03 4.366800e-01
395 5.616560e-01 1.416000e-03 4.369280e-01
396 5.614560e-01 1.356000e-03 4.371880e-01
397 5.611960e-01 1.372000e-03 4.374320e-01
398 5.609600e-01 1.392000e-03 4.376480e-01
399 5.607840e-01 1.332000e-03 4.378840e-01
400 5.605880e-01 1.300000e-03 4.381120e-01
401 5.604160e-01 1.268000e-03 4.383160e-01
402 5.602480e-01 1.244000e-03 4.385080e-01
403 5.601000e-01 1.160000e-03 4.387400e-01
404 5.599240e-01 1.132000e-03 4.389440e-01
405 5.596600e-01 1.224000e-03 4.391160e-01
406 5.594360e-01 1.192000e-03 4.393720e-01
407 5.592400e-01 1.180000e-03 4.395800e-01
408 5.590200e-01 1.212000e-03 4.397680e-01
409 5.588280e-01 1.184000e-03 4.399880e-01
410 5.586880e-01 1.104000e-03 4.402080e-01
411 5.585720e-01 1.000000e-03 4.404280e-01
412 5.584360e-01 1.016000e-03 4.405480e-01
413 5.582240e-01 1.056000e-03 4.407200e-01
414 5.581160e-01 1.004000e-03 4.408800e-01
415 5.579200e-01 1.000000e-03 4.410800e-01
416 5.577760e-01 9.520000e-04 4.412720e-01
417 5.576360e-01 9.200000e-04 4.414440e-01
418 5.574760e-01 9.520000e-04 4.415720e-01
419 5.573000e-01 9.360000e-04 4.417640e-01
420 5.571640e-01 9.200000e-04 4.419160e-01
421 5.570360e-01 9.080000e-04 4.420560e-01
422 5.568800e-01 8.640000e-04 4.422560e-01
423 5.567760e-01 8.560000e-04 4.423680e-01
424 5.566080e-01 8.680000e-04 4.425240e-01
425 5.564600e-01 8.360000e-04 4.427040e-01
426 5.563400e-01 8.320000e-04 4.428280e-01
427 5.562440e-01 8.000000e-04 4.429560e-01
428 5.561560e-01 7.800000e-04 4.430640e-01
429 5.559840e-01 8.160000e-04 4.432000e-01
430 5.558440e-01 8.400000e-04 4.433160e-01
431 5.557400e-01 8.240000e-04 4.434360e-01
432 5.556400e-01 7.800000e-04 4.435800e-01
433 5.555240e-01 8.080000e-04 4.436680e-01
434 5.554240e-01 7.840000e-04 4.437920e-01
435 5.553160e-01 7.560000e-04 4.439280e-01
436 5.552280e-01 6.840000e-04 4.440880e-01
437 5.551080e-01 6.640000e-04 4.442280e-01
438 5.550320e-01 6.440000e-04 4.443240e-01
439 5.549800e-01 5.920000e-04 4.444280e-01
440 5.549320e-01 5.200000e-04 4.445480e-01
441 5.548920e-01 4.960000e-04 4.446120e-01
442 5.548160e-01 5.000000e-04 4.446840e-01
443 5.547640e-01 4.760000e-04 4.447600e-01
444 5.546920e-01 4.680000e-04 4.448400e-01
445 5.546280e-01 4.640000e-04 4.449080e-01
446 5.545680e-01 4.600000e-04 4.449720e-01
447 5.544920e-01 4.520000e-04 4.450560e-01
448 5.544320e-01 4.280000e-04 4.451400e-01
449 5.543560e-01 4.400000e-04 4.452040e-01
450 5.543040e-01 4.000000e-04 4.452960e-01
451 5.542480e-01 3.720000e-04 4.453800e-01
452 5.542080e-01 3.560000e-04 4.454360e-01
453 5.541760e-01 3.280000e-04 4.454960e-01
454 5.541240e-01 3.320000e-04 4.455440e-01
455 5.540880e-01 3.160000e-04 4.455960e-01
456 5.540360e-01 3.280000e-04 4.456360e-01
457 5.539800e-01 3.160000e-04 4.457040e-01
458 5.539400e-01 3.040000e-04 4.457560e-01
459 5.538680e-01 3.320000e-04 4.458000e-01
460 5.538240e-01 3.280000e-04 4.458480e-01
461 5.537640e-01 3.120000e-04 4.459240e-01
462 5.537320e-01 2.800000e-04 4.459880e-01
463 5.536680e-01 2.920000e-04 4.460400e-01
464 5.536360e-01 2.840000e-04 4.460800e-01
465 5.535960e-01 2.720000e-04 4.461320e-01
466 5.535560e-01 2.680000e-04 4.461760e-01
467 5.535440e-01 2.320000e-04 4.462240e-01
468 5.535280e-01 2.000000e-04 4.462720e-01
469 5.535080e-01 1.880000e-04 4.463040e-01
470 5.534840e-01 2.000000e-04 4.463160e-01
471 5.534680e-01 1.760000e-04 4.463560e-01
472 5.534560e-01 1.560000e-04 4.463880e-01
473 5.534280e-01 1.440000e-04 4.464280e-01
474 5.534000e-01 1.560000e-04 4.464440e-01
475 5.533560e-01 1.720000e-04 4.464720e-01
476 5.533320e-01 1.720000e-04 4.464960e-01
477 5.533040e-01 1.720000e-04 4.465240e-01
478 5.532920e-01 1.720000e-04 4.465360e-01
479 5.532440e-01 2.000000e-04 4.465560e-01
480 5.532320e-01 1.720000e-04 4.465960e-01
481 5.532080e-01 1.600000e-04 4.466320e-01
482 5.531440e-01 1.880000e-04 4.466680e-01
483 5.531400e-01 1.760000e-04 4.466840e-01
484 5.531080e-01 1.920000e-04 4.467000e-01
485 5.530920e-01 1.680000e-04 4.467400e-01
486 5.530800e-01 1.640000e-04 4.467560e-01
487 5.530640e-01 1.520000e-04 4.467840e-01
488 5.530560e-01 1.360000e-04 4.468080e-01
489 5.530440e-01 1.280000e-04 4.468280e-01
490 5.530120e-01 1.360000e-04 4.468520e-01
491 5.530120e-01 1.040000e-04 4.468840e-01
492 5.529920e-01 9.600000e-05 4.469120e-01
493 5.529680e-01 1.120000e-04 4.469200e-01
494 5.529600e-01 1.080000e-04 4.469320e-01
495 5.529600e-01 9.200000e-05 4.469480e-01
496 5.529360e-01 9.600000e-05 4.469680e-01
497 5.529240e-01 8.800000e-05 4.469880e-01
498 5.529040e-01 9.200000e-05 4.470040e-01
499 5.529040e-01 6.800000e-05 4.470280e-01
500 5.528920e-01 6.800000e-05 4.470400e-01
