1 9.991920e-01 7.000000e-04 1.080000e-04
2 9.986600e-01 1.056000e-03 2.840000e-04
3 9.980040e-01 1.516000e-03 4.800000e-04
4 9.970440e-01 2.184000e-03 7.720000e-04
5 9.962320e-01 2.644000e-03 1.124000e-03
6 9.953400e-01 3.028000e-03 1.632000e-03
7 9.943680e-01 3.372000e-03 2.260000e-03
8 9.933120e-01 3.728000e-03 2.960000e-03
9 9.921800e-01 4.168000e-03 3.652000e-03
10 9.911720e-01 4.344000e-03 4.484000e-03
11 9.901320e-01 4.680000e-03 5.188000e-03
12 9.888960e-01 5.116000e-03 5.988000e-03
13 9.878000e-01 5.328000e-03 6.872000e-03
14 9.865800e-01 5.648000e-03 7.772000e-03
15 9.853480e-01 5.764000e-03 8.888000e-03
16 9.842160e-01 5.860000e-03 9.924000e-03
17 9.831280e-01 5.756000e-03 1.111600e-02
18 9.819320e-01 5.972000e-03 1.209600e-02
19 9.807280e-01 6.060000e-03 1.321200e-02
20 9.796840e-01 6.020000e-03 1.429600e-02
21 9.784600e-01 6.200000e-03 1.534000e-02
22 9.771960e-01 6.412000e-03 1.639200e-02
23 9.757440e-01 6.668000e-03 1.758800e-02
24 9.745200e-01 6.644000e-03 1.883600e-02
25 9.731480e-01 6.852000e-03 2.000000e-02
26 9.718040e-01 6.968000e-03 2.122800e-02
27 9.703680e-01 7.088000e-03 2.254400e-02
28 9.691000e-01 7.108000e-03 2.379200e-02
29 9.676880e-01 7.236000e-03 2.507600e-02
30 9.663200e-01 7.280000e-03 2.640000e-02
31 9.648920e-01 7.444000e-03 2.766400e-02
32 9.634200e-01 7.572000e-03 2.900800e-02
33 9.620120e-01 7.668000e-03 3.032000e-02
34 9.606960e-01 7.652000e-03 3.165200e-02
35 9.593440e-01 7.668000e-03 3.298800e-02
36 9.582040e-01 7.528000e-03 3.426800e-02
37 9.568760e-01 7.636000e-03 3.548800e-02
38 9.553680e-01 7.876000e-03 3.675600e-02
39 9.540160e-01 7.872000e-03 3.811200e-02
40 9.526880e-01 7.752000e-03 3.956000e-02
41 9.512960e-01 7.816000e-03 4.088800e-02
42 9.497960e-01 7.876000e-03 4.232800e-02
43 9.482040e-01 8.124000e-03 4.367200e-02
44 9.466000e-01 8.236000e-03 4.516400e-02
45 9.452440e-01 8.108000e-03 4.664800e-02
46 9.436640e-01 8.308000e-03 4.802800e-02
47 9.421480e-01 8.380000e-03 4.947200e-02
48 9.406840e-01 8.324000e-03 5.099200e-02
49 9.390280e-01 8.516000e-03 5.245600e-02
50 9.375200e-01 8.448000e-03 5.403200e-02
51 9.359080e-01 8.624000e-03 5.546800e-02
52 9.341560e-01 8.936000e-03 5.690800e-02
53 9.326520e-01 8.912000e-03 5.843600e-02
54 9.312160e-01 8.892000e-03 5.989200e-02
55 9.296200e-01 9.088000e-03 6.129200e-02
56 9.280520e-01 9.036000e-03 6.291200e-02
57 9.263280e-01 9.116000e-03 6.455600e-02
58 9.247040e-01 9.116000e-03 6.618000e-02
59 9.230560e-01 9.084000e-03 6.786000e-02
60 9.215760e-01 8.968000e-03 6.945600e-02
61 9.200760e-01 8.856000e-03 7.106800e-02
62 9.187320e-01 8.664000e-03 7.260400e-02
63 9.172960e-01 8.536000e-03 7.416800e-02
64 9.158200e-01 8.576000e-03 7.560400e-02
65 9.143600e-01 8.608000e-03 7.703200e-02
66 9.129560e-01 8.512000e-03 7.853200e-02
67 9.115640e-01 8.404000e-03 8.003200e-02
68 9.101280e-01 8.480000e-03 8.139200e-02
69 9.087280e-01 8.408000e-03 8.286400e-02
70 9.072600e-01 8.344000e-03 8.439600e-02
71 9.057240e-01 8.352000e-03 8.592400e-02
72 9.043200e-01 8.276000e-03 8.740400e-02
73 9.028480e-01 8.348000e-03 8.880400e-02
74 9.013880e-01 8.384000e-03 9.022800e-02
75 8.998720e-01 8.492000e-03 9.163600e-02
76 8.984040e-01 8.456000e-03 9.314000e-02
77 8.969960e-01 8.272000e-03 9.473200e-02
78 8.956120e-01 8.184000e-03 9.620400e-02
79 8.941680e-01 8.152000e-03 9.768000e-02
80 8.928560e-01 7.972000e-03 9.917200e-02
81 8.915080e-01 7.896000e-03 1.005960e-01
82 8.901840e-01 7.772000e-03 1.020440e-01
83 8.890360e-01 7.508000e-03 1.034560e-01
84 8.875880e-01 7.672000e-03 1.047400e-01
85 8.863920e-01 7.560000e-03 1.060480e-01
86 8.848960e-01 7.684000e-03 1.074200e-01
87 8.836040e-01 7.612000e-03 1.087840e-01
88 8.822240e-01 7.652000e-03 1.101240e-01
89 8.809680e-01 7.648000e-03 1.113840e-01
90 8.797760e-01 7.340000e-03 1.128840e-01
91 8.786080e-01 7.184000e-03 1.142080e-01
92 8.773520e-01 7.088000e-03 1.155600e-01
93 8.761480e-01 7.136000e-03 1.167160e-01
94 8.747640e-01 7.228000e-03 1.180080e-01
95 8.734240e-01 7.420000e-03 1.191560e-01
96 8.720400e-01 7.496000e-03 1.204640e-01
97 8.706480e-01 7.652000e-03 1.217000e-01
98 8.693160e-01 7.720000e-03 1.229640e-01
99 8.679880e-01 7.780000e-03 1.242320e-01
100 8.666000e-01 7.720000e-03 1.256800e-01
101 8.652280e-01 7.808000e-03 1.269640e-01
102 8.641200e-01 7.572000e-03 1.283080e-01
103 8.628320e-01 7.528000e-03 1.296400e-01
104 8.617080e-01 7.292000e-03 1.310000e-01
105 8.604760e-01 7.300000e-03 1.322240e-01
106 8.591600e-01 7.472000e-03 1.333680e-01
107 8.577800e-01 7.548000e-03 1.346720e-01
108 8.564440e-01 7.532000e-03 1.360240e-01
109 8.550800e-01 7.480000e-03 1.374400e-01
110 8.538720e-01 7.324000e-03 1.388040e-01
111 8.526520e-01 7.276000e-03 1.400720e-01
112 8.514960e-01 7.208000e-03 1.412960e-01
113 8.501280e-01 7.336000e-03 1.425360e-01
114 8.489280e-01 7.152000e-03 1.439200e-01
115 8.477080e-01 7.180000e-03 1.451120e-01
116 8.463280e-01 7.384000e-03 1.462880e-01
117 8.450880e-01 7.392000e-03 1.475200e-01
118 8.438880e-01 7.232000e-03 1.488800e-01
119 8.425480e-01 7.380000e-03 1.500720e-01
120 8.412160e-01 7.372000e-03 1.514120e-01
121 8.400040e-01 7.352000e-03 1.526440e-01
122 8.387000e-01 7.388000e-03 1.539120e-01
123 8.375000e-01 7.340000e-03 1.551600e-01
124 8.363200e-01 7.184000e-03 1.564960e-01
125 8.350200e-01 7.152000e-03 1.578280e-01
126 8.338960e-01 7.084000e-03 1.590200e-01
127 8.327200e-01 6.912000e-03 1.603680e-01
128 8.313920e-01 6.924000e-03 1.616840e-01
129 8.304760e-01 6.448000e-03 1.630760e-01
130 8.293520e-01 6.396000e-03 1.642520e-01
131 8.281760e-01 6.396000e-03 1.654280e-01
132 8.272360e-01 6.220000e-03 1.665440e-01
133 8.263200e-01 6.076000e-03 1.676040e-01
134 8.253440e-01 6.108000e-03 1.685480e-01
135 8.242680e-01 6.096000e-03 1.696360e-01
136 8.232000e-01 6.124000e-03 1.706760e-01
137 8.221520e-01 6.160000e-03 1.716880e-01
138 8.211720e-01 6.088000e-03 1.727400e-01
139 8.200720e-01 6.160000e-03 1.737680e-01
140 8.191680e-01 5.972000e-03 1.748600e-01
141 8.179800e-01 6.084000e-03 1.759360e-01
142 8.169520e-01 6.156000e-03 1.768920e-01
143 8.159600e-01 6.028000e-03 1.780120e-01
144 8.149000e-01 6.012000e-03 1.790880e-01
145 8.139680e-01 5.816000e-03 1.802160e-01
146 8.129680e-01 5.892000e-03 1.811400e-01
147 8.120120e-01 5.944000e-03 1.820440e-01
148 8.110520e-01 5.916000e-03 1.830320e-01
149 8.102720e-01 5.656000e-03 1.840720e-01
150 8.093560e-01 5.636000e-03 1.850080e-01
151 8.084360e-01 5.576000e-03 1.859880e-01
152 8.074320e-01 5.488000e-03 1.870800e-01
153 8.065880e-01 5.384000e-03 1.880280e-01
154 8.057080e-01 5.328000e-03 1.889640e-01
155 8.046880e-01 5.356000e-03 1.899560e-01
156 8.037600e-01 5.380000e-03 1.908600e-01
157 8.028880e-01 5.304000e-03 1.918080e-01
158 8.020120e-01 5.284000e-03 1.927040e-01
159 8.010960e-01 5.268000e-03 1.936360e-01
160 8.003200e-01 5.184000e-03 1.944960e-01
161 7.995120e-01 5.148000e-03 1.953400e-01
162 7.986680e-01 5.072000e-03 1.962600e-01
163 7.977200e-01 5.064000e-03 1.972160e-01
164 7.968840e-01 5.056000e-03 1.980600e-01
165 7.961400e-01 4.840000e-03 1.990200e-01
166 7.952840e-01 4.888000e-03 1.998280e-01
167 7.945320e-01 4.768000e-03 2.007000e-01
168 7.938760e-01 4.600000e-03 2.015240e-01
169 7.930280e-01 4.592000e-03 2.023800e-01
170 7.923280e-01 4.476000e-03 2.031960e-01
171 7.915640e-01 4.460000e-03 2.039760e-01
172 7.907840e-01 4.504000e-03 2.047120e-01
173 7.899840e-01 4.580000e-03 2.054360e-01
174 7.891360e-01 4.612000e-03 2.062520e-01
175 7.883240e-01 4.636000e-03 2.070400e-01
176 7.875720e-01 4.584000e-03 2.078440e-01
177 7.867040e-01 4.576000e-03 2.087200e-01
178 7.858320e-01 4.644000e-03 2.095240e-01
179 7.849440e-01 4.680000e-03 2.103760e-01
180 7.839960e-01 4.744000e-03 2.112600e-01
181 7.831680e-01 4.828000e-03 2.120040e-01
182 7.822680e-01 4.944000e-03 2.127880e-01
183 7.814120e-01 4.980000e-03 2.136080e-01
184 7.804880e-01 5.032000e-03 2.144800e-01
185 7.797040e-01 4.868000e-03 2.154280e-01
186 7.788440e-01 4.876000e-03 2.162800e-01
187 7.779000e-01 4.932000e-03 2.171680e-01
188 7.770040e-01 5.020000e-03 2.179760e-01
189 7.761640e-01 5.032000e-03 2.188040e-01
190 7.752920e-01 5.076000e-03 2.196320e-01
191 7.744520e-01 4.952000e-03 2.205960e-01
192 7.736080e-01 4.900000e-03 2.214920e-01
193 7.727520e-01 4.896000e-03 2.223520e-01
194 7.718960e-01 4.924000e-03 2.231800e-01
195 7.711000e-01 4.868000e-03 2.240320e-01
196 7.703200e-01 4.836000e-03 2.248440e-01
197 7.695120e-01 4.768000e-03 2.257200e-01
198 7.687920e-01 4.628000e-03 2.265800e-01
199 7.680040e-01 4.584000e-03 2.274120e-01
200 7.671880e-01 4.604000e-03 2.282080e-01
201 7.665600e-01 4.444000e-03 2.289960e-01
202 7.658280e-01 4.496000e-03 2.296760e-01
203 7.650680e-01 4.484000e-03 2.304480e-01
204 7.644720e-01 4.228000e-03 2.313000e-01
205 7.637880e-01 4.196000e-03 2.320160e-01
206 7.630120e-01 4.208000e-03 2.327800e-01
207 7.622760e-01 4.192000e-03 2.335320e-01
208 7.615320e-01 4.164000e-03 2.343040e-01
209 7.607920e-01 4.156000e-03 2.350520e-01
210 7.601040e-01 4.192000e-03 2.357040e-01
211 7.593640e-01 4.244000e-03 2.363920e-01
212 7.586840e-01 4.244000e-03 2.370720e-01
213 7.580720e-01 4.108000e-03 2.378200e-01
214 7.574640e-01 4.008000e-03 2.385280e-01
215 7.569200e-01 3.924000e-03 2.391560e-01
216 7.562760e-01 3.888000e-03 2.398360e-01
217 7.555760e-01 3.864000e-03 2.405600e-01
218 7.549640e-01 3.820000e-03 2.412160e-01
219 7.543440e-01 3.660000e-03 2.419960e-01
220 7.538200e-01 3.584000e-03 2.425960e-01
221 7.532040e-01 3.552000e-03 2.432440e-01
222 7.525280e-01 3.644000e-03 2.438280e-01
223 7.518280e-01 3.752000e-03 2.444200e-01
224 7.512320e-01 3.656000e-03 2.451120e-01
225 7.506040e-01 3.580000e-03 2.458160e-01
226 7.500800e-01 3.556000e-03 2.463640e-01
227 7.494600e-01 3.540000e-03 2.470000e-01
228 7.488960e-01 3.548000e-03 2.475560e-01
229 7.482760e-01 3.544000e-03 2.481800e-01
230 7.475880e-01 3.600000e-03 2.488120e-01
231 7.469800e-01 3.660000e-03 2.493600e-01
232 7.462920e-01 3.748000e-03 2.499600e-01
233 7.456080e-01 3.804000e-03 2.505880e-01
234 7.449760e-01 3.852000e-03 2.511720e-01
235 7.443240e-01 3.908000e-03 2.517680e-01
236 7.436520e-01 3.940000e-03 2.524080e-01
237 7.430160e-01 3.860000e-03 2.531240e-01
238 7.423840e-01 3.916000e-03 2.537000e-01
239 7.416920e-01 3.864000e-03 2.544440e-01
240 7.410680e-01 3.708000e-03 2.552240e-01
241 7.404880e-01 3.652000e-03 2.558600e-01
242 7.398400e-01 3.692000e-03 2.564680e-01
243 7.392280e-01 3.668000e-03 2.571040e-01
244 7.384960e-01 3.760000e-03 2.577440e-01
245 7.379080e-01 3.680000e-03 2.584120e-01
246 7.372280e-01 3.680000e-03 2.590920e-01
247 7.365400e-01 3.700000e-03 2.597600e-01
248 7.358920e-01 3.652000e-03 2.604560e-01
249 7.353360e-01 3.612000e-03 2.610520e-01
250 7.347520e-01 3.564000e-03 2.616840e-01
251 7.341440e-01 3.592000e-03 2.622640e-01
252 7.335800e-01 3.484000e-03 2.629360e-01
253 7.328960e-01 3.544000e-03 2.635600e-01
254 7.322440e-01 3.604000e-03 2.641520e-01
255 7.315200e-01 3.616000e-03 2.648640e-01
256 7.308800e-01 3.592000e-03 2.655280e-01
257 7.302720e-01 3.572000e-03 2.661560e-01
258 7.296720e-01 3.596000e-03 2.667320e-01
259 7.291160e-01 3.520000e-03 2.673640e-01
260 7.285360e-01 3.452000e-03 2.680120e-01
261 7.280320e-01 3.368000e-03 2.686000e-01
262 7.274200e-01 3.380000e-03 2.692000e-01
263 7.268520e-01 3.284000e-03 2.698640e-01
264 7.263080e-01 3.256000e-03 2.704360e-01
265 7.257880e-01 3.156000e-03 2.710560e-01
266 7.253040e-01 3.100000e-03 2.715960e-01
267 7.248040e-01 3.088000e-03 2.721080e-01
268 7.243320e-01 2.932000e-03 2.727360e-01
269 7.237400e-01 3.024000e-03 2.732360e-01
270 7.230920e-01 3.076000e-03 2.738320e-01
271 7.225280e-01 3.032000e-03 2.744400e-01
272 7.220280e-01 2.992000e-03 2.749800e-01
273 7.215240e-01 3.024000e-03 2.754520e-01
274 7.209640e-01 3.048000e-03 2.759880e-01
275 7.203560e-01 3.112000e-03 2.765320e-01
276 7.198040e-01 3.100000e-03 2.770960e-01
277 7.192360e-01 3.168000e-03 2.775960e-01
278 7.186760e-01 3.176000e-03 2.781480e-01
279 7.180960e-01 3.208000e-03 2.786960e-01
280 7.175720e-01 3.168000e-03 2.792600e-01
281 7.170640e-01 3.120000e-03 2.798160e-01
282 7.165760e-01 3.068000e-03 2.803560e-01
283 7.161280e-01 3.016000e-03 2.808560e-01
284 7.155800e-01 3.068000e-03 2.813520e-01
285 7.151320e-01 2.892000e-03 2.819760e-01
286 7.146240e-01 2.868000e-03 2.825080e-01
287 7.140600e-01 2.964000e-03 2.829760e-01
288 7.136200e-01 2.900000e-03 2.834800e-01
289 7.131120e-01 2.936000e-03 2.839520e-01
290 7.126240e-01 2.952000e-03 2.844240e-01
291 7.120920e-01 3.000000e-03 2.849080e-01
292 7.115960e-01 2.924000e-03 2.854800e-01
293 7.111760e-01 2.888000e-03 2.859360e-01
294 7.106720e-01 2.852000e-03 2.864760e-01
295 7.102000e-01 2.836000e-03 2.869640e-01
296 7.096200e-01 2.912000e-03 2.874680e-01
297 7.092080e-01 2.796000e-03 2.879960e-01
298 7.086920e-01 2.836000e-03 2.884720e-01
299 7.081680e-01 2.892000e-03 2.889400e-01
300 7.076240e-01 2.936000e-03 2.894400e-01
301 7.070720e-01 2.968000e-03 2.899600e-01
302 7.065920e-01 2.932000e-03 2.904760e-01
303 7.060960e-01 2.940000e-03 2.909640e-01
304 7.055680e-01 2.964000e-03 2.914680e-01
305 7.049760e-01 2.988000e-03 2.920360e-01
306 7.044560e-01 2.892000e-03 2.926520e-01
307 7.038440e-01 3.024000e-03 2.931320e-01
308 7.032640e-01 3.028000e-03 2.937080e-01
309 7.027320e-01 3.028000e-03 2.942400e-01
310 7.022160e-01 3.064000e-03 2.947200e-01
311 7.016040e-01 3.176000e-03 2.952200e-01
312 7.009480e-01 3.296000e-03 2.957560e-01
313 7.004360e-01 3.212000e-03 2.963520e-01
314 6.999440e-01 3.112000e-03 2.969440e-01
315 6.994400e-01 3.076000e-03 2.974840e-01
316 6.990400e-01 2.972000e-03 2.979880e-01
317 6.984840e-01 3.000000e-03 2.985160e-01
318 6.980960e-01 2.848000e-03 2.990560e-01
319 6.977280e-01 2.772000e-03 2.995000e-01
320 6.972600e-01 2.772000e-03 2.999680e-01
321 6.969200e-01 2.664000e-03 3.004160e-01
322 6.965320e-01 2.564000e-03 3.009040e-01
323 6.960880e-01 2.564000e-03 3.013480e-01
324 6.956800e-01 2.532000e-03 3.017880e-01
325 6.952000e-01 2.552000e-03 3.022480e-01
326 6.947440e-01 2.604000e-03 3.026520e-01
327 6.942840e-01 2.672000e-03 3.030440e-01
328 6.938160e-01 2.604000e-03 3.035800e-01
329 6.933720e-01 2.596000e-03 3.040320e-01
330 6.928800e-01 2.696000e-03 3.044240e-01
331 6.923600e-01 2.816000e-03 3.048240e-01
332 6.918960e-01 2.804000e-03 3.053000e-01
333 6.915440e-01 2.672000e-03 3.057840e-01
334 6.911080e-01 2.632000e-03 3.062600e-01
335 6.907120e-01 2.628000e-03 3.066600e-01
336 6.902240e-01 2.648000e-03 3.071280e-01
337 6.898760e-01 2.484000e-03 3.076400e-01
338 6.894400e-01 2.544000e-03 3.080160e-01
339 6.890520e-01 2.500000e-03 3.084480e-01
340 6.887080e-01 2.392000e-03 3.089000e-01
341 6.883200e-01 2.316000e-03 3.093640e-01
342 6.879280e-01 2.296000e-03 3.097760e-01
343 6.875760e-01 2.232000e-03 3.101920e-01
344 6.872640e-01 2.212000e-03 3.105240e-01
345 6.868920e-01 2.268000e-03 3.108400e-01
346 6.864880e-01 2.276000e-03 3.112360e-01
347 6.861000e-01 2.304000e-03 3.115960e-01
348 6.856960e-01 2.340000e-03 3.119640e-01
349 6.852720e-01 2.380000e-03 3.123480e-01
350 6.848320e-01 2.440000e-03 3.127280e-01
351 6.843440e-01 2.448000e-03 3.132080e-01
352 6.840120e-01 2.344000e-03 3.136440e-01
353 6.836600e-01 2.264000e-03 3.140760e-01
354 6.833280e-01 2.132000e-03 3.145400e-01
355 6.829240e-01 2.196000e-03 3.148800e-01
356 6.826080e-01 2.156000e-03 3.152360e-01
357 6.822120e-01 2.164000e-03 3.156240e-01
358 6.818560e-01 2.180000e-03 3.159640e-01
359 6.814080e-01 2.212000e-03 3.163800e-01
360 6.810160e-01 2.248000e-03 3.167360e-01
361 6.805440e-01 2.356000e-03 3.171000e-01
362 6.801120e-01 2.392000e-03 3.174960e-01
363 6.795960e-01 2.464000e-03 3.179400e-01
364 6.791760e-01 2.408000e-03 3.184160e-01
365 6.787840e-01 2.336000e-03 3.188800e-01
366 6.783520e-01 2.388000e-03 3.192600e-01
367 6.779640e-01 2.348000e-03 3.196880e-01
368 6.774640e-01 2.480000e-03 3.200560e-01
369 6.769840e-01 2.492000e-03 3.205240e-01
370 6.765680e-01 2.488000e-03 3.209440e-01
371 6.761600e-01 2.412000e-03 3.214280e-01
372 6.758360e-01 2.352000e-03 3.218120e-01
373 6.754080e-01 2.364000e-03 3.222280e-01
374 6.750040e-01 2.392000e-03 3.226040e-01
375 6.745520e-01 2.436000e-03 3.230120e-01
376 6.740440e-01 2.476000e-03 3.234800e-01
377 6.735440e-01 2.520000e-03 3.239360e-01
378 6.731960e-01 2.464000e-03 3.243400e-01
379 6.727440e-01 2.540000e-03 3.247160e-01
380 6.723600e-01 2.552000e-03 3.250880e-01
381 6.719240e-01 2.564000e-03 3.255120e-01
382 6.715680e-01 2.468000e-03 3.259640e-01
383 6.712200e-01 2.384000e-03 3.263960e-01
384 6.709120e-01 2.236000e-03 3.268520e-01
385 6.705840e-01 2.156000e-03 3.272600e-01
386 6.701840e-01 2.220000e-03 3.275960e-01
387 6.697960e-01 2.224000e-03 3.279800e-01
388 6.694440e-01 2.124000e-03 3.284320e-01
389 6.692000e-01 1.988000e-03 3.288120e-01
390 6.690160e-01 1.788000e-03 3.291960e-01
391 6.687440e-01 1.712000e-03 3.295440e-01
392 6.685080e-01 1.628000e-03 3.298640e-01
393 6.682200e-01 1.568000e-03 3.302120e-01
394 6.679440e-01 1.556000e-03 3.305000e-01
395 6.677080e-01 1.532000e-03 3.307600e-01
396 6.674200e-01 1.544000e-03 3.310360e-01
397 6.672000e-01 1.412000e-03 3.313880e-01
398 6.669360e-01 1.432000e-03 3.316320e-01
399 6.666880e-01 1.416000e-03 3.318960e-01
400 6.664400e-01 1.416000e-03 3.321440e-01
401 6.661840e-01 1.444000e-03 3.323720e-01
402 6.659800e-01 1.416000e-03 3.326040e-01
403 6.656880e-01 1.492000e-03 3.328200e-01
404 6.654160e-01 1.488000e-03 3.330960e-01
405 6.651520e-01 1.524000e-03 3.333240e-01
406 6.649320e-01 1.484000e-03 3.335840e-01
407 6.646920e-01 1.488000e-03 3.338200e-01
408 6.644520e-01 1.420000e-03 3.341280e-01
409 6.642120e-01 1.448000e-03 3.343400e-01
410 6.639560e-01 1.424000e-03 3.346200e-01
411 6.637400e-01 1.388000e-03 3.348720e-01
412 6.635240e-01 1.360000e-03 3.351160e-01
413 6.632840e-01 1.384000e-03 3.353320e-01
414 6.630760e-01 1.376000e-03 3.355480e-01
415 6.628360e-01 1.396000e-03 3.357680e-01
416 6.625800e-01 1.372000e-03 3.360480e-01
417 6.622640e-01 1.520000e-03 3.362160e-01
418 6.619840e-01 1.580000e-03 3.364360e-01
419 6.616560e-01 1.668000e-03 3.366760e-01
420 6.614120e-01 1.580000e-03 3.370080e-01
421 6.610720e-01 1.672000e-03 3.372560e-01
422 6.608000e-01 1.616000e-03 3.375840e-01
423 6.604760e-01 1.656000e-03 3.378680e-01
424 6.601440e-01 1.624000e-03 3.382320e-01
425 6.598640e-01 1.600000e-03 3.385360e-01
426 6.596000e-01 1.580000e-03 3.388200e-01
427 6.593480e-01 1.616000e-03 3.390360e-01
428 6.591200e-01 1.536000e-03 3.393440e-01
429 6.589080e-01 1.556000e-03 3.395360e-01
430 6.586880e-01 1.484000e-03 3.398280e-01
431 6.584520e-01 1.460000e-03 3.400880e-01
432 6.582000e-01 1.456000e-03 3.403440e-01
433 6.580200e-01 1.388000e-03 3.405920e-01
434 6.577920e-01 1.356000e-03 3.408520e-01
435 6.575200e-01 1.352000e-03 3.411280e-01
436 6.573040e-01 1.312000e-03 3.413840e-01
437 6.571040e-01 1.236000e-03 3.416600e-01
438 6.569480e-01 1.180000e-03 3.418720e-01
439 6.567880e-01 1.152000e-03 3.420600e-01
440 6.566480e-01 1.124000e-03 3.422280e-01
441 6.564160e-01 1.152000e-03 3.424320e-01
442 6.562400e-01 1.164000e-03 3.425960e-01
443 6.560520e-01 1.172000e-03 3.427760e-01
444 6.558840e-01 1.140000e-03 3.429760e-01
445 6.556600e-01 1.156000e-03 3.431840e-01
446 6.554200e-01 1.168000e-03 3.434120e-01
447 6.552360e-01 1.204000e-03 3.435600e-01
448 6.550080e-01 1.216000e-03 3.437760e-01
449 6.547960e-01 1.244000e-03 3.439600e-01
450 6.545520e-01 1.240000e-03 3.442080e-01
451 6.543720e-01 1.200000e-03 3.444280e-01
452 6.542200e-01 1.152000e-03 3.446280e-01
453 6.540960e-01 1.100000e-03 3.448040e-01
454 6.539400e-01 1.092000e-03 3.449680e-01
455 6.537360e-01 1.104000e-03 3.451600e-01
456 6.536280e-01 1.056000e-03 3.453160e-01
457 6.534120e-01 1.072000e-03 3.455160e-01
458 6.532320e-01 1.084000e-03 3.456840e-01
459 6.529760e-01 1.156000e-03 3.458680e-01
460 6.528000e-01 1.132000e-03 3.460680e-01
461 6.526120e-01 1.108000e-03 3.462800e-01
462 6.524560e-01 1.084000e-03 3.464600e-01
463 6.522640e-01 1.064000e-03 3.466720e-01
464 6.521160e-01 1.028000e-03 3.468560e-01
465 6.519680e-01 9.920000e-04 3.470400e-01
466 6.518400e-01 9.760000e-04 3.471840e-01
467 6.516600e-01 1.008000e-03 3.473320e-01
468 6.515000e-01 9.840000e-04 3.475160e-01
469 6.513400e-01 9.480000e-04 3.477120e-01
470 6.511240e-01 9.360000e-04 3.479400e-01
471 6.509200e-01 9.800000e-04 3.481000e-01
472 6.507280e-01 1.004000e-03 3.482680e-01
473 6.505320e-01 1.016000e-03 3.484520e-01
474 6.503560e-01 1.020000e-03 3.486240e-01
475 6.502000e-01 9.720000e-04 3.488280e-01
476 6.500920e-01 9.040000e-04 3.490040e-01
477 6.499080e-01 9.320000e-04 3.491600e-01
478 6.497160e-01 9.520000e-04 3.493320e-01
479 6.495520e-01 9.640000e-04 3.494840e-01
480 6.494000e-01 9.680000e-04 3.496320e-01
481 6.492920e-01 9.240000e-04 3.497840e-01
482 6.491520e-01 8.680000e-04 3.499800e-01
483 6.489840e-01 8.840000e-04 3.501320e-01
484 6.488200e-01 9.280000e-04 3.502520e-01
485 6.486360e-01 9.360000e-04 3.504280e-01
486 6.484240e-01 9.680000e-04 3.506080e-01
487 6.482360e-01 9.640000e-04 3.508000e-01
488 6.480560e-01 9.480000e-04 3.509960e-01
489 6.479000e-01 9.680000e-04 3.511320e-01
490 6.477600e-01 8.800000e-04 3.513600e-01
491 6.476400e-01 8.200000e-04 3.515400e-01
492 6.474960e-01 8.120000e-04 3.516920e-01
493 6.473480e-01 8.440000e-04 3.518080e-01
494 6.471840e-01 9.040000e-04 3.519120e-01
495 6.470360e-01 8.240000e-04 3.521400e-01
496 6.468880e-01 8.160000e-04 3.522960e-01
497 6.467560e-01 8.000000e-04 3.524440e-01
498 6.466240e-01 8.360000e-04 3.525400e-01
499 6.464440e-01 9.280000e-04 3.526280e-01
500 6.462800e-01 9.240000e-04 3.527960e-01
