1 9.991880e-01 7.280000e-04 8.400000e-05
2 9.986120e-01 1.160000e-03 2.280000e-04
3 9.978440e-01 1.684000e-03 4.720000e-04
4 9.970160e-01 2.120000e-03 8.640000e-04
5 9.961920e-01 2.540000e-03 1.268000e-03
6 9.952640e-01 2.984000e-03 1.752000e-03
7 9.942800e-01 3.308000e-03 2.412000e-03
8 9.933800e-01 3.568000e-03 3.052000e-03
9 9.923320e-01 3.916000e-03 3.752000e-03
10 9.912680e-01 4.296000e-03 4.436000e-03
11 9.901240e-01 4.644000e-03 5.232000e-03
12 9.889040e-01 5.092000e-03 6.004000e-03
13 9.876320e-01 5.460000e-03 6.908000e-03
14 9.864120e-01 5.692000e-03 7.896000e-03
15 9.852120e-01 5.916000e-03 8.872000e-03
16 9.839680e-01 6.120000e-03 9.912000e-03
17 9.826120e-01 6.408000e-03 1.098000e-02
18 9.813080e-01 6.656000e-03 1.203600e-02
19 9.798840e-01 6.908000e-03 1.320800e-02
20 9.785040e-01 7.032000e-03 1.446400e-02
21 9.770760e-01 7.156000e-03 1.576800e-02
22 9.757080e-01 7.196000e-03 1.709600e-02
23 9.743080e-01 7.200000e-03 1.849200e-02
24 9.728920e-01 7.260000e-03 1.984800e-02
25 9.715760e-01 7.340000e-03 2.108400e-02
26 9.701600e-01 7.464000e-03 2.237600e-02
27 9.688480e-01 7.420000e-03 2.373200e-02
28 9.675400e-01 7.404000e-03 2.505600e-02
29 9.661760e-01 7.416000e-03 2.640800e-02
30 9.648360e-01 7.388000e-03 2.777600e-02
31 9.633840e-01 7.564000e-03 2.905200e-02
32 9.619240e-01 7.612000e-03 3.046400e-02
33 9.604960e-01 7.644000e-03 3.186000e-02
34 9.591240e-01 7.660000e-03 3.321600e-02
35 9.576200e-01 7.736000e-03 3.464400e-02
36 9.561200e-01 7.924000e-03 3.595600e-02
37 9.548680e-01 7.772000e-03 3.736000e-02
38 9.534640e-01 7.804000e-03 3.873200e-02
39 9.520480e-01 7.992000e-03 3.996000e-02
40 9.506280e-01 8.012000e-03 4.136000e-02
41 9.491240e-01 8.160000e-03 4.271600e-02
42 9.476480e-01 8.208000e-03 4.414400e-02
43 9.461000e-01 8.348000e-03 4.555200e-02
44 9.447240e-01 8.276000e-03 4.700000e-02
45 9.433200e-01 8.128000e-03 4.855200e-02
46 9.418800e-01 8.204000e-03 4.991600e-02
47 9.404200e-01 8.248000e-03 5.133200e-02
48 9.389320e-01 8.312000e-03 5.275600e-02
49 9.374280e-01 8.332000e-03 5.424000e-02
50 9.360680e-01 8.216000e-03 5.571600e-02
51 9.345920e-01 8.160000e-03 5.724800e-02
52 9.330680e-01 8.260000e-03 5.867200e-02
53 9.315640e-01 8.176000e-03 6.026000e-02
54 9.299200e-01 8.460000e-03 6.162000e-02
55 9.284480e-01 8.444000e-03 6.310800e-02
56 9.268840e-01 8.556000e-03 6.456000e-02
57 9.253120e-01 8.584000e-03 6.610400e-02
58 9.237080e-01 8.660000e-03 6.763200e-02
59 9.219200e-01 8.860000e-03 6.922000e-02
60 9.203720e-01 9.008000e-03 7.062000e-02
61 9.188960e-01 8.864000e-03 7.224000e-02
62 9.173120e-01 8.844000e-03 7.384400e-02
63 9.158600e-01 8.844000e-03 7.529600e-02
64 9.143160e-01 8.820000e-03 7.686400e-02
65 9.125120e-01 9.008000e-03 7.848000e-02
66 9.108520e-01 9.144000e-03 8.000400e-02
67 9.093840e-01 9.036000e-03 8.158000e-02
68 9.077160e-01 9.076000e-03 8.320800e-02
69 9.062480e-01 9.056000e-03 8.469600e-02
70 9.047720e-01 8.876000e-03 8.635200e-02
71 9.033240e-01 8.768000e-03 8.790800e-02
72 9.017160e-01 8.732000e-03 8.955200e-02
73 9.001800e-01 8.804000e-03 9.101600e-02
74 8.986520e-01 8.800000e-03 9.254800e-02
75 8.971240e-01 8.612000e-03 9.426400e-02
76 8.956320e-01 8.688000e-03 9.568000e-02
77 8.939680e-01 8.872000e-03 9.716000e-02
78 8.922880e-01 9.044000e-03 9.866800e-02
79 8.906240e-01 9.128000e-03 1.002480e-01
80 8.889600e-01 9.312000e-03 1.017280e-01
81 8.874680e-01 9.120000e-03 1.034120e-01
82 8.857920e-01 9.232000e-03 1.049760e-01
83 8.842000e-01 9.276000e-03 1.065240e-01
84 8.826160e-01 9.252000e-03 1.081320e-01
85 8.810720e-01 9.160000e-03 1.097680e-01
86 8.793480e-01 9.200000e-03 1.114520e-01
87 8.776360e-01 9.424000e-03 1.129400e-01
88 8.760320e-01 9.472000e-03 1.144960e-01
89 8.743840e-01 9.560000e-03 1.160560e-01
90 8.727600e-01 9.556000e-03 1.176840e-01
91 8.711040e-01 9.608000e-03 1.192880e-01
92 8.693800e-01 9.648000e-03 1.209720e-01
93 8.678200e-01 9.568000e-03 1.226120e-01
94 8.660000e-01 9.684000e-03 1.243160e-01
95 8.644280e-01 9.428000e-03 1.261440e-01
96 8.629080e-01 9.348000e-03 1.277440e-01
97 8.614320e-01 9.256000e-03 1.293120e-01
98 8.601000e-01 9.004000e-03 1.308960e-01
99 8.586920e-01 8.964000e-03 1.323440e-01
100 8.571040e-01 9.028000e-03 1.338680e-01
101 8.556000e-01 8.960000e-03 1.354400e-01
102 8.539040e-01 9.084000e-03 1.370120e-01
103 8.522680e-01 8.976000e-03 1.387560e-01
104 8.508520e-01 8.788000e-03 1.403600e-01
105 8.493920e-01 8.680000e-03 1.419280e-01
106 8.478760e-01 8.684000e-03 1.434400e-01
107 8.465840e-01 8.452000e-03 1.449640e-01
108 8.451960e-01 8.236000e-03 1.465680e-01
109 8.438640e-01 8.184000e-03 1.479520e-01
110 8.423200e-01 8.192000e-03 1.494880e-01
111 8.408640e-01 8.108000e-03 1.510280e-01
112 8.394000e-01 8.144000e-03 1.524560e-01
113 8.378840e-01 8.324000e-03 1.537920e-01
114 8.364080e-01 8.364000e-03 1.552280e-01
115 8.349320e-01 8.344000e-03 1.567240e-01
116 8.334320e-01 8.404000e-03 1.581640e-01
117 8.318160e-01 8.620000e-03 1.595640e-01
118 8.304120e-01 8.500000e-03 1.610880e-01
119 8.291240e-01 8.224000e-03 1.626520e-01
120 8.278040e-01 8.108000e-03 1.640880e-01
121 8.265120e-01 8.124000e-03 1.653640e-01
122 8.252520e-01 8.008000e-03 1.667400e-01
123 8.240240e-01 7.940000e-03 1.680360e-01
124 8.228240e-01 7.784000e-03 1.693920e-01
125 8.217200e-01 7.472000e-03 1.708080e-01
126 8.205400e-01 7.424000e-03 1.720360e-01
127 8.193160e-01 7.456000e-03 1.732280e-01
128 8.180760e-01 7.456000e-03 1.744680e-01
129 8.168640e-01 7.308000e-03 1.758280e-01
130 8.156760e-01 7.200000e-03 1.771240e-01
131 8.147120e-01 7.016000e-03 1.782720e-01
132 8.136480e-01 6.860000e-03 1.794920e-01
133 8.125240e-01 6.776000e-03 1.807000e-01
134 8.114440e-01 6.740000e-03 1.818160e-01
135 8.103160e-01 6.700000e-03 1.829840e-01
136 8.091200e-01 6.616000e-03 1.842640e-01
137 8.079760e-01 6.752000e-03 1.852720e-01
138 8.067400e-01 6.832000e-03 1.864280e-01
139 8.055480e-01 6.820000e-03 1.876320e-01
140 8.042760e-01 6.856000e-03 1.888680e-01
141 8.029840e-01 6.980000e-03 1.900360e-01
142 8.016920e-01 7.028000e-03 1.912800e-01
143 8.002560e-01 7.172000e-03 1.925720e-01
144 7.987920e-01 7.340000e-03 1.938680e-01
145 7.975240e-01 7.372000e-03 1.951040e-01
146 7.963360e-01 7.152000e-03 1.965120e-01
147 7.950760e-01 7.096000e-03 1.978280e-01
148 7.937560e-01 7.236000e-03 1.990080e-01
149 7.925120e-01 7.088000e-03 2.004000e-01
150 7.912720e-01 7.052000e-03 2.016760e-01
151 7.901400e-01 6.900000e-03 2.029600e-01
152 7.889040e-01 6.924000e-03 2.041720e-01
153 7.877160e-01 6.940000e-03 2.053440e-01
154 7.864240e-01 7.052000e-03 2.065240e-01
155 7.852640e-01 7.012000e-03 2.077240e-01
156 7.840360e-01 6.928000e-03 2.090360e-01
157 7.829360e-01 6.784000e-03 2.102800e-01
158 7.816720e-01 6.836000e-03 2.114920e-01
159 7.805240e-01 6.944000e-03 2.125320e-01
160 7.794000e-01 6.796000e-03 2.138040e-01
161 7.783160e-01 6.812000e-03 2.148720e-01
162 7.770880e-01 6.776000e-03 2.161360e-01
163 7.758920e-01 6.732000e-03 2.173760e-01
164 7.747800e-01 6.704000e-03 2.185160e-01
165 7.736400e-01 6.640000e-03 2.197200e-01
166 7.724440e-01 6.588000e-03 2.209680e-01
167 7.712600e-01 6.536000e-03 2.222040e-01
168 7.699680e-01 6.640000e-03 2.233920e-01
169 7.688000e-01 6.592000e-03 2.246080e-01
170 7.676600e-01 6.552000e-03 2.257880e-01
171 7.664280e-01 6.700000e-03 2.268720e-01
172 7.653280e-01 6.612000e-03 2.280600e-01
173 7.643080e-01 6.552000e-03 2.291400e-01
174 7.632720e-01 6.372000e-03 2.303560e-01
175 7.623160e-01 6.228000e-03 2.314560e-01
176 7.613480e-01 6.032000e-03 2.326200e-01
177 7.604400e-01 5.928000e-03 2.336320e-01
178 7.595440e-01 5.812000e-03 2.346440e-01
179 7.586160e-01 5.776000e-03 2.356080e-01
180 7.574760e-01 5.964000e-03 2.365600e-01
181 7.564920e-01 5.864000e-03 2.376440e-01
182 7.556040e-01 5.720000e-03 2.386760e-01
183 7.545080e-01 5.796000e-03 2.396960e-01
184 7.534720e-01 5.764000e-03 2.407640e-01
185 7.524360e-01 5.852000e-03 2.417120e-01
186 7.513040e-01 5.900000e-03 2.427960e-01
187 7.501360e-01 6.040000e-03 2.438240e-01
188 7.490440e-01 6.148000e-03 2.448080e-01
189 7.480120e-01 6.144000e-03 2.458440e-01
190 7.470920e-01 6.044000e-03 2.468640e-01
191 7.462000e-01 5.836000e-03 2.479640e-01
192 7.452400e-01 5.864000e-03 2.488960e-01
193 7.442800e-01 5.784000e-03 2.499360e-01
194 7.433080e-01 5.760000e-03 2.509320e-01
195 7.423680e-01 5.660000e-03 2.519720e-01
196 7.413480e-01 5.656000e-03 2.529960e-01
197 7.402440e-01 5.912000e-03 2.538440e-01
198 7.392040e-01 6.008000e-03 2.547880e-01
199 7.381800e-01 5.920000e-03 2.559000e-01
200 7.371080e-01 6.028000e-03 2.568640e-01
201 7.359960e-01 6.008000e-03 2.579960e-01
202 7.349600e-01 5.940000e-03 2.591000e-01
203 7.340040e-01 5.900000e-03 2.600960e-01
204 7.330200e-01 5.880000e-03 2.611000e-01
205 7.321360e-01 5.776000e-03 2.620880e-01
206 7.312600e-01 5.536000e-03 2.632040e-01
207 7.302560e-01 5.732000e-03 2.640120e-01
208 7.292320e-01 5.748000e-03 2.650200e-01
209 7.281280e-01 5.800000e-03 2.660720e-01
210 7.270720e-01 5.768000e-03 2.671600e-01
211 7.261160e-01 5.728000e-03 2.681560e-01
212 7.250520e-01 5.804000e-03 2.691440e-01
213 7.240840e-01 5.684000e-03 2.702320e-01
214 7.231160e-01 5.644000e-03 2.712400e-01
215 7.221560e-01 5.656000e-03 2.721880e-01
216 7.212520e-01 5.524000e-03 2.732240e-01
217 7.202760e-01 5.472000e-03 2.742520e-01
218 7.192600e-01 5.604000e-03 2.751360e-01
219 7.182520e-01 5.744000e-03 2.760040e-01
220 7.172960e-01 5.768000e-03 2.769360e-01
221 7.163600e-01 5.648000e-03 2.779920e-01
222 7.153680e-01 5.568000e-03 2.790640e-01
223 7.144400e-01 5.556000e-03 2.800040e-01
224 7.135640e-01 5.432000e-03 2.810040e-01
225 7.126440e-01 5.436000e-03 2.819200e-01
226 7.117200e-01 5.456000e-03 2.828240e-01
227 7.107680e-01 5.472000e-03 2.837600e-01
228 7.098880e-01 5.416000e-03 2.846960e-01
229 7.089520e-01 5.344000e-03 2.857040e-01
230 7.081520e-01 5.244000e-03 2.866040e-01
231 7.072720e-01 5.276000e-03 2.874520e-01
232 7.063680e-01 5.160000e-03 2.884720e-01
233 7.055120e-01 5.132000e-03 2.893560e-01
234 7.046760e-01 5.116000e-03 2.902080e-01
235 7.037920e-01 5.144000e-03 2.910640e-01
236 7.028840e-01 5.140000e-03 2.919760e-01
237 7.020920e-01 4.992000e-03 2.929160e-01
238 7.011760e-01 5.012000e-03 2.938120e-01
239 7.003560e-01 4.904000e-03 2.947400e-01
240 6.995040e-01 4.948000e-03 2.955480e-01
241 6.987160e-01 4.772000e-03 2.965120e-01
242 6.980080e-01 4.680000e-03 2.973120e-01
243 6.972320e-01 4.592000e-03 2.981760e-01
244 6.965120e-01 4.556000e-03 2.989320e-01
245 6.956920e-01 4.660000e-03 2.996480e-01
246 6.947680e-01 4.744000e-03 3.004880e-01
247 6.938920e-01 4.864000e-03 3.012440e-01
248 6.931080e-01 4.708000e-03 3.021840e-01
249 6.923720e-01 4.676000e-03 3.029520e-01
250 6.915320e-01 4.724000e-03 3.037440e-01
251 6.907040e-01 4.680000e-03 3.046160e-01
252 6.899560e-01 4.600000e-03 3.054440e-01
253 6.891000e-01 4.696000e-03 3.062040e-01
254 6.882280e-01 4.836000e-03 3.069360e-01
255 6.873440e-01 4.868000e-03 3.077880e-01
256 6.865720e-01 4.712000e-03 3.087160e-01
257 6.857920e-01 4.568000e-03 3.096400e-01
258 6.850960e-01 4.472000e-03 3.104320e-01
259 6.844240e-01 4.312000e-03 3.112640e-01
260 6.837080e-01 4.312000e-03 3.119800e-01
261 6.830360e-01 4.156000e-03 3.128080e-01
262 6.822400e-01 4.204000e-03 3.135560e-01
263 6.815520e-01 4.176000e-03 3.142720e-01
264 6.808200e-01 4.228000e-03 3.149520e-01
265 6.802520e-01 4.072000e-03 3.156760e-01
266 6.795760e-01 4.052000e-03 3.163720e-01
267 6.790200e-01 3.856000e-03 3.171240e-01
268 6.785080e-01 3.616000e-03 3.178760e-01
269 6.779480e-01 3.528000e-03 3.185240e-01
270 6.773840e-01 3.456000e-03 3.191600e-01
271 6.767960e-01 3.496000e-03 3.197080e-01
272 6.762640e-01 3.448000e-03 3.202880e-01
273 6.756920e-01 3.408000e-03 3.209000e-01
274 6.751880e-01 3.340000e-03 3.214720e-01
275 6.745600e-01 3.408000e-03 3.220320e-01
276 6.740120e-01 3.324000e-03 3.226640e-01
277 6.734480e-01 3.308000e-03 3.232440e-01
278 6.728240e-01 3.336000e-03 3.238400e-01
279 6.721920e-01 3.328000e-03 3.244800e-01
280 6.716200e-01 3.380000e-03 3.250000e-01
281 6.711040e-01 3.264000e-03 3.256320e-01
282 6.706160e-01 3.268000e-03 3.261160e-01
283 6.701080e-01 3.236000e-03 3.266560e-01
284 6.695440e-01 3.196000e-03 3.272600e-01
285 6.690360e-01 3.116000e-03 3.278480e-01
286 6.684480e-01 3.224000e-03 3.283280e-01
287 6.679480e-01 3.212000e-03 3.288400e-01
288 6.675240e-01 3.196000e-03 3.292800e-01
289 6.669600e-01 3.180000e-03 3.298600e-01
290 6.664160e-01 3.208000e-03 3.303760e-01
291 6.658560e-01 3.180000e-03 3.309640e-01
292 6.652840e-01 3.224000e-03 3.314920e-01
293 6.646920e-01 3.284000e-03 3.320240e-01
294 6.641400e-01 3.248000e-03 3.326120e-01
295 6.635920e-01 3.216000e-03 3.331920e-01
296 6.629080e-01 3.336000e-03 3.337560e-01
297 6.623680e-01 3.252000e-03 3.343800e-01
298 6.618480e-01 3.284000e-03 3.348680e-01
299 6.612680e-01 3.304000e-03 3.354280e-01
300 6.605320e-01 3.532000e-03 3.359360e-01
301 6.599480e-01 3.520000e-03 3.365320e-01
302 6.593080e-01 3.560000e-03 3.371320e-01
303 6.587840e-01 3.560000e-03 3.376560e-01
304 6.582600e-01 3.512000e-03 3.382280e-01
305 6.577280e-01 3.456000e-03 3.388160e-01
306 6.571480e-01 3.444000e-03 3.394080e-01
307 6.566480e-01 3.344000e-03 3.400080e-01
308 6.562280e-01 3.216000e-03 3.405560e-01
309 6.557120e-01 3.188000e-03 3.411000e-01
310 6.552360e-01 3.164000e-03 3.416000e-01
311 6.546560e-01 3.128000e-03 3.422160e-01
312 6.541240e-01 3.108000e-03 3.427680e-01
313 6.535880e-01 3.076000e-03 3.433360e-01
314 6.531480e-01 2.964000e-03 3.438880e-01
315 6.527080e-01 2.884000e-03 3.444080e-01
316 6.521800e-01 2.960000e-03 3.448600e-01
317 6.516200e-01 2.976000e-03 3.454040e-01
318 6.511280e-01 2.948000e-03 3.459240e-01
319 6.506880e-01 2.796000e-03 3.465160e-01
320 6.502760e-01 2.660000e-03 3.470640e-01
321 6.498360e-01 2.564000e-03 3.476000e-01
322 6.494240e-01 2.552000e-03 3.480240e-01
323 6.490640e-01 2.448000e-03 3.484880e-01
324 6.486640e-01 2.380000e-03 3.489560e-01
325 6.482080e-01 2.384000e-03 3.494080e-01
326 6.477920e-01 2.372000e-03 3.498360e-01
327 6.473720e-01 2.292000e-03 3.503360e-01
328 6.469840e-01 2.268000e-03 3.507480e-01
329 6.465920e-01 2.288000e-03 3.511200e-01
330 6.462680e-01 2.152000e-03 3.515800e-01
331 6.458680e-01 2.160000e-03 3.519720e-01
332 6.454720e-01 2.120000e-03 3.524080e-01
333 6.451960e-01 2.032000e-03 3.527720e-01
334 6.449120e-01 1.964000e-03 3.531240e-01
335 6.445560e-01 1.960000e-03 3.534840e-01
336 6.442040e-01 1.880000e-03 3.539160e-01
337 6.439480e-01 1.832000e-03 3.542200e-01
338 6.436640e-01 1.784000e-03 3.545520e-01
339 6.433920e-01 1.740000e-03 3.548680e-01
340 6.431480e-01 1.652000e-03 3.552000e-01
341 6.429360e-01 1.576000e-03 3.554880e-01
342 6.426960e-01 1.548000e-03 3.557560e-01
343 6.424440e-01 1.576000e-03 3.559800e-01
344 6.421880e-01 1.540000e-03 3.562720e-01
345 6.419440e-01 1.552000e-03 3.565040e-01
346 6.417400e-01 1.508000e-03 3.567520e-01
347 6.415320e-01 1.432000e-03 3.570360e-01
348 6.413200e-01 1.360000e-03 3.573200e-01
349 6.410840e-01 1.356000e-03 3.575600e-01
350 6.408080e-01 1.368000e-03 3.578240e-01
351 6.405120e-01 1.420000e-03 3.580680e-01
352 6.402840e-01 1.400000e-03 3.583160e-01
353 6.400320e-01 1.408000e-03 3.585600e-01
354 6.397680e-01 1.400000e-03 3.588320e-01
355 6.395120e-01 1.320000e-03 3.591680e-01
356 6.392880e-01 1.340000e-03 3.593720e-01
357 6.390680e-01 1.340000e-03 3.595920e-01
358 6.387640e-01 1.436000e-03 3.598000e-01
359 6.385040e-01 1.392000e-03 3.601040e-01
360 6.382160e-01 1.408000e-03 3.603760e-01
361 6.379680e-01 1.396000e-03 3.606360e-01
362 6.377640e-01 1.404000e-03 3.608320e-01
363 6.375480e-01 1.396000e-03 3.610560e-01
364 6.373120e-01 1.472000e-03 3.612160e-01
365 6.371480e-01 1.412000e-03 3.614400e-01
366 6.369680e-01 1.376000e-03 3.616560e-01
367 6.368400e-01 1.280000e-03 3.618800e-01
368 6.366760e-01 1.220000e-03 3.621040e-01
369 6.364920e-01 1.196000e-03 3.623120e-01
370 6.363240e-01 1.176000e-03 3.625000e-01
371 6.361680e-01 1.116000e-03 3.627160e-01
372 6.359880e-01 1.104000e-03 3.629080e-01
373 6.358160e-01 1.104000e-03 3.630800e-01
374 6.356800e-01 1.020000e-03 3.633000e-01
375 6.355240e-01 9.640000e-04 3.635120e-01
376 6.353600e-01 9.840000e-04 3.636560e-01
377 6.351600e-01 1.028000e-03 3.638120e-01
378 6.350120e-01 1.008000e-03 3.639800e-01
379 6.348200e-01 1.016000e-03 3.641640e-01
380 6.346880e-01 9.520000e-04 3.643600e-01
381 6.345400e-01 9.240000e-04 3.645360e-01
382 6.343440e-01 9.880000e-04 3.646680e-01
383 6.341800e-01 9.320000e-04 3.648880e-01
384 6.340800e-01 8.360000e-04 3.650840e-01
385 6.339280e-01 8.360000e-04 3.652360e-01
386 6.337040e-01 9.120000e-04 3.653840e-01
387 6.335240e-01 9.600000e-04 3.655160e-01
388 6.333760e-01 8.840000e-04 3.657400e-01
389 6.332240e-01 7.960000e-04 3.659800e-01
390 6.330640e-01 8.040000e-04 3.661320e-01
391 6.329040e-01 8.080000e-04 3.662880e-01
392 6.327400e-01 8.400000e-04 3.664200e-01
393 6.325840e-01 8.480000e-04 3.665680e-01
394 6.324440e-01 8.640000e-04 3.666920e-01
395 6.323000e-01 8.640000e-04 3.668360e-01
396 6.321080e-01 8.800000e-04 3.670120e-01
397 6.319480e-01 8.280000e-04 3.672240e-01
398 6.317920e-01 8.480000e-04 3.673600e-01
399 6.315920e-01 8.880000e-04 3.675200e-01
400 6.313640e-01 9.520000e-04 3.676840e-01
401 6.311280e-01 9.920000e-04 3.678800e-01
402 6.309520e-01 1.000000e-03 3.680480e-01
403 6.308040e-01 9.400000e-04 3.682560e-01
404 6.306120e-01 9.320000e-04 3.684560e-01
405 6.303960e-01 1.040000e-03 3.685640e-01
406 6.302280e-01 1.028000e-03 3.687440e-01
407 6.300400e-01 1.036000e-03 3.689240e-01
408 6.298920e-01 1.012000e-03 3.690960e-01
409 6.297280e-01 1.004000e-03 3.692680e-01
410 6.295560e-01 1.020000e-03 3.694240e-01
411 6.293920e-01 1.024000e-03 3.695840e-01
412 6.292440e-01 9.640000e-04 3.697920e-01
413 6.290920e-01 9.600000e-04 3.699480e-01
414 6.289280e-01 9.440000e-04 3.701280e-01
415 6.287680e-01 9.160000e-04 3.703160e-01
416 6.286000e-01 9.720000e-04 3.704280e-01
417 6.284560e-01 9.120000e-04 3.706320e-01
418 6.282640e-01 9.120000e-04 3.708240e-01
419 6.281360e-01 8.640000e-04 3.710000e-01
420 6.280120e-01 8.400000e-04 3.711480e-01
421 6.278920e-01 8.400000e-04 3.712680e-01
422 6.277440e-01 8.240000e-04 3.714320e-01
423 6.276240e-01 7.960000e-04 3.715800e-01
424 6.275120e-01 8.000000e-04 3.716880e-01
425 6.274360e-01 7.680000e-04 3.717960e-01
426 6.272880e-01 8.320000e-04 3.718800e-01
427 6.271520e-01 8.440000e-04 3.720040e-01
428 6.270200e-01 8.640000e-04 3.721160e-01
429 6.269040e-01 8.680000e-04 3.722280e-01
430 6.267520e-01 8.480000e-04 3.724000e-01
431 6.266160e-01 8.360000e-04 3.725480e-01
432 6.265400e-01 7.720000e-04 3.726880e-01
433 6.263240e-01 8.600000e-04 3.728160e-01
434 6.261560e-01 9.160000e-04 3.729280e-01
435 6.259560e-01 9.560000e-04 3.730880e-01
436 6.258600e-01 8.760000e-04 3.732640e-01
437 6.257200e-01 8.320000e-04 3.734480e-01
438 6.255800e-01 8.200000e-04 3.736000e-01
439 6.254440e-01 8.120000e-04 3.737440e-01
440 6.253480e-01 8.120000e-04 3.738400e-01
441 6.252000e-01 8.600000e-04 3.739400e-01
442 6.250560e-01 8.440000e-04 3.741000e-01
443 6.249200e-01 8.520000e-04 3.742280e-01
444 6.247800e-01 8.240000e-04 3.743960e-01
445 6.246840e-01 7.360000e-04 3.745800e-01
446 6.245480e-01 7.480000e-04 3.747040e-01
447 6.244040e-01 8.080000e-04 3.747880e-01
448 6.243000e-01 7.680000e-04 3.749320e-01
449 6.241400e-01 7.760000e-04 3.750840e-01
450 6.239920e-01 7.960000e-04 3.752120e-01
451 6.238800e-01 7.760000e-04 3.753440e-01
452 6.237560e-01 7.720000e-04 3.754720e-01
453 6.236280e-01 8.040000e-04 3.755680e-01
454 6.235320e-01 7.400000e-04 3.757280e-01
455 6.233680e-01 7.720000e-04 3.758600e-01
456 6.232720e-01 7.400000e-04 3.759880e-01
457 6.231520e-01 7.080000e-04 3.761400e-01
458 6.230640e-01 6.360000e-04 3.763000e-01
459 6.229760e-01 6.000000e-04 3.764240e-01
460 6.228560e-01 6.320000e-04 3.765120e-01
461 6.227480e-01 6.040000e-04 3.766480e-01
462 6.226000e-01 6.280000e-04 3.767720e-01
463 6.224880e-01 6.240000e-04 3.768880e-01
464 6.223600e-01 6.360000e-04 3.770040e-01
465 6.221920e-01 7.000000e-04 3.771080e-01
466 6.220280e-01 7.200000e-04 3.772520e-01
467 6.219040e-01 7.120000e-04 3.773840e-01
468 6.217640e-01 7.200000e-04 3.775160e-01
469 6.216240e-01 7.280000e-04 3.776480e-01
470 6.214920e-01 7.360000e-04 3.777720e-01
471 6.213200e-01 7.680000e-04 3.779120e-01
472 6.211600e-01 8.240000e-04 3.780160e-01
473 6.210040e-01 8.480000e-04 3.781480e-01
474 6.208880e-01 8.360000e-04 3.782760e-01
475 6.207440e-01 8.720000e-04 3.783840e-01
476 6.206400e-01 8.080000e-04 3.785520e-01
477 6.205120e-01 8.040000e-04 3.786840e-01
478 6.203920e-01 7.920000e-04 3.788160e-01
479 6.202440e-01 7.840000e-04 3.789720e-01
480 6.201200e-01 7.600000e-04 3.791200e-01
481 6.199520e-01 8.040000e-04 3.792440e-01
482 6.197760e-01 8.560000e-04 3.793680e-01
483 6.196600e-01 8.040000e-04 3.795360e-01
484 6.195400e-01 8.000000e-04 3.796600e-01
485 6.193840e-01 8.320000e-04 3.797840e-01
486 6.192120e-01 8.360000e-04 3.799520e-01
487 6.190440e-01 8.200000e-04 3.801360e-01
488 6.188560e-01 8.960000e-04 3.802480e-01
489 6.186920e-01 9.240000e-04 3.803840e-01
490 6.185760e-01 9.000000e-04 3.805240e-01
491 6.184280e-01 8.920000e-04 3.806800e-01
492 6.182600e-01 9.080000e-04 3.808320e-01
493 6.180920e-01 9.120000e-04 3.809960e-01
494 6.179200e-01 9.320000e-04 3.811480e-01
495 6.177600e-01 9.280000e-04 3.813120e-01
496 6.176000e-01 9.440000e-04 3.814560e-01
497 6.174080e-01 9.680000e-04 3.816240e-01
498 6.172800e-01 9.360000e-04 3.817840e-01
499 6.171600e-01 8.800000e-04 3.819600e-01
500 6.169680e-01 9.120000e-04 3.821200e-01
