1 9.992600e-01 6.400000e-04 1.000000e-04
2 9.987200e-01 1.016000e-03 2.640000e-04
3 9.980640e-01 1.488000e-03 4.480000e-04
4 9.973040e-01 1.916000e-03 7.800000e-04
5 9.964680e-01 2.356000e-03 1.176000e-03
6 9.956000e-01 2.812000e-03 1.588000e-03
7 9.946240e-01 3.288000e-03 2.088000e-03
8 9.936680e-01 3.608000e-03 2.724000e-03
9 9.926960e-01 3.864000e-03 3.440000e-03
10 9.918160e-01 4.060000e-03 4.124000e-03
11 9.908600e-01 4.316000e-03 4.824000e-03
12 9.898600e-01 4.600000e-03 5.540000e-03
13 9.888480e-01 4.720000e-03 6.432000e-03
14 9.878720e-01 4.940000e-03 7.188000e-03
15 9.868280e-01 5.120000e-03 8.052000e-03
16 9.857760e-01 5.264000e-03 8.960000e-03
17 9.846040e-01 5.532000e-03 9.864000e-03
18 9.834080e-01 5.844000e-03 1.074800e-02
19 9.821360e-01 6.060000e-03 1.180400e-02
20 9.807400e-01 6.436000e-03 1.282400e-02
21 9.793400e-01 6.620000e-03 1.404000e-02
22 9.779240e-01 6.812000e-03 1.526400e-02
23 9.764720e-01 7.056000e-03 1.647200e-02
24 9.750720e-01 7.240000e-03 1.768800e-02
25 9.736000e-01 7.424000e-03 1.897600e-02
26 9.721680e-01 7.468000e-03 2.036400e-02
27 9.707800e-01 7.472000e-03 2.174800e-02
28 9.691240e-01 7.660000e-03 2.321600e-02
29 9.677520e-01 7.740000e-03 2.450800e-02
30 9.662960e-01 7.824000e-03 2.588000e-02
31 9.647080e-01 8.092000e-03 2.720000e-02
32 9.631920e-01 8.120000e-03 2.868800e-02
33 9.616680e-01 8.128000e-03 3.020400e-02
34 9.602200e-01 8.164000e-03 3.161600e-02
35 9.586480e-01 8.172000e-03 3.318000e-02
36 9.571800e-01 8.220000e-03 3.460000e-02
37 9.555440e-01 8.452000e-03 3.600400e-02
38 9.540720e-01 8.344000e-03 3.758400e-02
39 9.524080e-01 8.580000e-03 3.901200e-02
40 9.509040e-01 8.508000e-03 4.058800e-02
41 9.495160e-01 8.408000e-03 4.207600e-02
42 9.479800e-01 8.460000e-03 4.356000e-02
43 9.464920e-01 8.416000e-03 4.509200e-02
44 9.450080e-01 8.436000e-03 4.655600e-02
45 9.434200e-01 8.536000e-03 4.804400e-02
46 9.417160e-01 8.760000e-03 4.952400e-02
47 9.401000e-01 8.996000e-03 5.090400e-02
48 9.385200e-01 8.956000e-03 5.252400e-02
49 9.369040e-01 8.852000e-03 5.424400e-02
50 9.352040e-01 9.032000e-03 5.576400e-02
51 9.335440e-01 9.228000e-03 5.722800e-02
52 9.317760e-01 9.348000e-03 5.887600e-02
53 9.299280e-01 9.632000e-03 6.044000e-02
54 9.281480e-01 9.656000e-03 6.219600e-02
55 9.267160e-01 9.444000e-03 6.384000e-02
56 9.251480e-01 9.360000e-03 6.549200e-02
57 9.234680e-01 9.392000e-03 6.714000e-02
58 9.219240e-01 9.284000e-03 6.879200e-02
59 9.202760e-01 9.384000e-03 7.034000e-02
60 9.186920e-01 9.380000e-03 7.192800e-02
61 9.169440e-01 9.364000e-03 7.369200e-02
62 9.153280e-01 9.412000e-03 7.526000e-02
63 9.136720e-01 9.536000e-03 7.679200e-02
64 9.118800e-01 9.712000e-03 7.840800e-02
65 9.102840e-01 9.536000e-03 8.018000e-02
66 9.085880e-01 9.556000e-03 8.185600e-02
67 9.069040e-01 9.580000e-03 8.351600e-02
68 9.052360e-01 9.628000e-03 8.513600e-02
69 9.035760e-01 9.724000e-03 8.670000e-02
70 9.020360e-01 9.464000e-03 8.850000e-02
71 9.005400e-01 9.332000e-03 9.012800e-02
72 8.989040e-01 9.460000e-03 9.163600e-02
73 8.972040e-01 9.524000e-03 9.327200e-02
74 8.956640e-01 9.408000e-03 9.492800e-02
75 8.938400e-01 9.528000e-03 9.663200e-02
76 8.923960e-01 9.332000e-03 9.827200e-02
77 8.909120e-01 9.144000e-03 9.994400e-02
78 8.893360e-01 9.112000e-03 1.015520e-01
79 8.878000e-01 8.960000e-03 1.032400e-01
80 8.861680e-01 8.996000e-03 1.048360e-01
81 8.846360e-01 8.984000e-03 1.063800e-01
82 8.831160e-01 9.004000e-03 1.078800e-01
83 8.815160e-01 9.028000e-03 1.094560e-01
84 8.799840e-01 8.936000e-03 1.110800e-01
85 8.783960e-01 8.988000e-03 1.126160e-01
86 8.766600e-01 9.072000e-03 1.142680e-01
87 8.751920e-01 8.760000e-03 1.160480e-01
88 8.737040e-01 8.592000e-03 1.177040e-01
89 8.722760e-01 8.520000e-03 1.192040e-01
90 8.708040e-01 8.528000e-03 1.206680e-01
91 8.693600e-01 8.528000e-03 1.221120e-01
92 8.678800e-01 8.620000e-03 1.235000e-01
93 8.662920e-01 8.608000e-03 1.251000e-01
94 8.648120e-01 8.540000e-03 1.266480e-01
95 8.631520e-01 8.700000e-03 1.281480e-01
96 8.617960e-01 8.532000e-03 1.296720e-01
97 8.601760e-01 8.728000e-03 1.310960e-01
98 8.586760e-01 8.708000e-03 1.326160e-01
99 8.572880e-01 8.668000e-03 1.340440e-01
100 8.558560e-01 8.564000e-03 1.355800e-01
101 8.544800e-01 8.468000e-03 1.370520e-01
102 8.529840e-01 8.428000e-03 1.385880e-01
103 8.513600e-01 8.524000e-03 1.401160e-01
104 8.499480e-01 8.548000e-03 1.415040e-01
105 8.482520e-01 8.784000e-03 1.429640e-01
106 8.467440e-01 8.700000e-03 1.445560e-01
107 8.451840e-01 8.728000e-03 1.460880e-01
108 8.436640e-01 8.764000e-03 1.475720e-01
109 8.420440e-01 8.848000e-03 1.491080e-01
110 8.404840e-01 8.872000e-03 1.506440e-01
111 8.390320e-01 8.844000e-03 1.521240e-01
112 8.375440e-01 8.752000e-03 1.537040e-01
113 8.359400e-01 8.796000e-03 1.552640e-01
114 8.343160e-01 8.892000e-03 1.567920e-01
115 8.327720e-01 8.856000e-03 1.583720e-01
116 8.313240e-01 8.780000e-03 1.598960e-01
117 8.298440e-01 8.732000e-03 1.614240e-01
118 8.283080e-01 8.720000e-03 1.629720e-01
119 8.268560e-01 8.652000e-03 1.644920e-01
120 8.254640e-01 8.636000e-03 1.659000e-01
121 8.240600e-01 8.716000e-03 1.672240e-01
122 8.225880e-01 8.568000e-03 1.688440e-01
123 8.211880e-01 8.560000e-03 1.702520e-01
124 8.196840e-01 8.568000e-03 1.717480e-01
125 8.180960e-01 8.644000e-03 1.732600e-01
126 8.165560e-01 8.776000e-03 1.746680e-01
127 8.152160e-01 8.576000e-03 1.762080e-01
128 8.137160e-01 8.576000e-03 1.777080e-01
129 8.123280e-01 8.484000e-03 1.791880e-01
130 8.110560e-01 8.248000e-03 1.806960e-01
131 8.096520e-01 8.272000e-03 1.820760e-01
132 8.083320e-01 8.268000e-03 1.834000e-01
133 8.070160e-01 8.120000e-03 1.848640e-01
134 8.056920e-01 8.060000e-03 1.862480e-01
135 8.045280e-01 7.908000e-03 1.875640e-01
136 8.035280e-01 7.416000e-03 1.890560e-01
137 8.022960e-01 7.448000e-03 1.902560e-01
138 8.009680e-01 7.464000e-03 1.915680e-01
139 7.997280e-01 7.460000e-03 1.928120e-01
140 7.985320e-01 7.284000e-03 1.941840e-01
141 7.973440e-01 7.240000e-03 1.954160e-01
142 7.960520e-01 7.492000e-03 1.964560e-01
143 7.947360e-01 7.548000e-03 1.977160e-01
144 7.934520e-01 7.508000e-03 1.990400e-01
145 7.920520e-01 7.528000e-03 2.004200e-01
146 7.906640e-01 7.616000e-03 2.017200e-01
147 7.894200e-01 7.640000e-03 2.029400e-01
148 7.880760e-01 7.648000e-03 2.042760e-01
149 7.867200e-01 7.712000e-03 2.055680e-01
150 7.853960e-01 7.636000e-03 2.069680e-01
151 7.840280e-01 7.672000e-03 2.083000e-01
152 7.827160e-01 7.728000e-03 2.095560e-01
153 7.813400e-01 7.772000e-03 2.108880e-01
154 7.798680e-01 7.900000e-03 2.122320e-01
155 7.786040e-01 7.744000e-03 2.136520e-01
156 7.772360e-01 7.780000e-03 2.149840e-01
157 7.759760e-01 7.688000e-03 2.163360e-01
158 7.747600e-01 7.572000e-03 2.176680e-01
159 7.735880e-01 7.344000e-03 2.190680e-01
160 7.723600e-01 7.400000e-03 2.202400e-01
161 7.711720e-01 7.284000e-03 2.215440e-01
162 7.700880e-01 7.152000e-03 2.227600e-01
163 7.686840e-01 7.384000e-03 2.239320e-01
164 7.673480e-01 7.460000e-03 2.251920e-01
165 7.659800e-01 7.580000e-03 2.264400e-01
166 7.646800e-01 7.652000e-03 2.276680e-01
167 7.632560e-01 7.596000e-03 2.291480e-01
168 7.620440e-01 7.460000e-03 2.304960e-01
169 7.606760e-01 7.488000e-03 2.318360e-01
170 7.593000e-01 7.604000e-03 2.330960e-01
171 7.579760e-01 7.812000e-03 2.342120e-01
172 7.564440e-01 8.004000e-03 2.355520e-01
173 7.551320e-01 7.856000e-03 2.370120e-01
174 7.537680e-01 7.908000e-03 2.383240e-01
175 7.526640e-01 7.600000e-03 2.397360e-01
176 7.514760e-01 7.464000e-03 2.410600e-01
177 7.502240e-01 7.484000e-03 2.422920e-01
178 7.489960e-01 7.460000e-03 2.435440e-01
179 7.477640e-01 7.428000e-03 2.448080e-01
180 7.465440e-01 7.324000e-03 2.461320e-01
181 7.453720e-01 7.204000e-03 2.474240e-01
182 7.442440e-01 7.160000e-03 2.485960e-01
183 7.430400e-01 7.076000e-03 2.498840e-01
184 7.417960e-01 6.980000e-03 2.512240e-01
185 7.407280e-01 6.888000e-03 2.523840e-01
186 7.397200e-01 6.740000e-03 2.535400e-01
187 7.385040e-01 6.724000e-03 2.547720e-01
188 7.373720e-01 6.584000e-03 2.560440e-01
189 7.361600e-01 6.644000e-03 2.571960e-01
190 7.350160e-01 6.660000e-03 2.583240e-01
191 7.337960e-01 6.784000e-03 2.594200e-01
192 7.325560e-01 6.844000e-03 2.606000e-01
193 7.314960e-01 6.704000e-03 2.618000e-01
194 7.305120e-01 6.508000e-03 2.629800e-01
195 7.294520e-01 6.600000e-03 2.639480e-01
196 7.283040e-01 6.728000e-03 2.649680e-01
197 7.272040e-01 6.556000e-03 2.662400e-01
198 7.260560e-01 6.420000e-03 2.675240e-01
199 7.249040e-01 6.416000e-03 2.686800e-01
200 7.238960e-01 6.364000e-03 2.697400e-01
201 7.227880e-01 6.400000e-03 2.708120e-01
202 7.218160e-01 6.260000e-03 2.719240e-01
203 7.207360e-01 6.180000e-03 2.730840e-01
204 7.196080e-01 6.280000e-03 2.741120e-01
205 7.185720e-01 6.184000e-03 2.752440e-01
206 7.175240e-01 6.132000e-03 2.763440e-01
207 7.164640e-01 6.040000e-03 2.774960e-01
208 7.155800e-01 5.920000e-03 2.785000e-01
209 7.147240e-01 5.724000e-03 2.795520e-01
210 7.138000e-01 5.668000e-03 2.805320e-01
211 7.130080e-01 5.480000e-03 2.815120e-01
212 7.120520e-01 5.436000e-03 2.825120e-01
213 7.112120e-01 5.312000e-03 2.834760e-01
214 7.102920e-01 5.384000e-03 2.843240e-01
215 7.093640e-01 5.400000e-03 2.852360e-01
216 7.084160e-01 5.468000e-03 2.861160e-01
217 7.076800e-01 5.280000e-03 2.870400e-01
218 7.068560e-01 5.120000e-03 2.880240e-01
219 7.058960e-01 5.252000e-03 2.888520e-01
220 7.051040e-01 5.172000e-03 2.897240e-01
221 7.041640e-01 5.128000e-03 2.907080e-01
222 7.033320e-01 5.016000e-03 2.916520e-01
223 7.024160e-01 5.064000e-03 2.925200e-01
224 7.015520e-01 5.016000e-03 2.934320e-01
225 7.005200e-01 5.176000e-03 2.943040e-01
226 6.997040e-01 5.100000e-03 2.951960e-01
227 6.988600e-01 5.152000e-03 2.959880e-01
228 6.980800e-01 5.020000e-03 2.969000e-01
229 6.974520e-01 4.876000e-03 2.976720e-01
230 6.967200e-01 4.784000e-03 2.984960e-01
231 6.960400e-01 4.672000e-03 2.992880e-01
232 6.952520e-01 4.672000e-03 3.000760e-01
233 6.944200e-01 4.720000e-03 3.008600e-01
234 6.935360e-01 4.808000e-03 3.016560e-01
235 6.927400e-01 4.820000e-03 3.024400e-01
236 6.920840e-01 4.612000e-03 3.033040e-01
237 6.913080e-01 4.520000e-03 3.041720e-01
238 6.904640e-01 4.648000e-03 3.048880e-01
239 6.895200e-01 4.776000e-03 3.057040e-01
240 6.886040e-01 4.844000e-03 3.065520e-01
241 6.877760e-01 4.800000e-03 3.074240e-01
242 6.869200e-01 4.776000e-03 3.083040e-01
243 6.861160e-01 4.832000e-03 3.090520e-01
244 6.852760e-01 4.740000e-03 3.099840e-01
245 6.845720e-01 4.672000e-03 3.107560e-01
246 6.837520e-01 4.600000e-03 3.116480e-01
247 6.829640e-01 4.692000e-03 3.123440e-01
248 6.820800e-01 4.768000e-03 3.131520e-01
249 6.812880e-01 4.788000e-03 3.139240e-01
250 6.803960e-01 4.868000e-03 3.147360e-01
251 6.795760e-01 4.888000e-03 3.155360e-01
252 6.788120e-01 4.848000e-03 3.163400e-01
253 6.780080e-01 4.788000e-03 3.172040e-01
254 6.771960e-01 4.776000e-03 3.180280e-01
255 6.763760e-01 4.676000e-03 3.189480e-01
256 6.755680e-01 4.688000e-03 3.197440e-01
257 6.747480e-01 4.708000e-03 3.205440e-01
258 6.740680e-01 4.496000e-03 3.214360e-01
259 6.734080e-01 4.400000e-03 3.221920e-01
260 6.728040e-01 4.228000e-03 3.229680e-01
261 6.722040e-01 4.040000e-03 3.237560e-01
262 6.715040e-01 4.020000e-03 3.244760e-01
263 6.709800e-01 3.844000e-03 3.251760e-01
264 6.703400e-01 3.860000e-03 3.258000e-01
265 6.696160e-01 3.928000e-03 3.264560e-01
266 6.689280e-01 3.844000e-03 3.272280e-01
267 6.682800e-01 3.800000e-03 3.279200e-01
268 6.676920e-01 3.684000e-03 3.286240e-01
269 6.670880e-01 3.616000e-03 3.292960e-01
270 6.665640e-01 3.556000e-03 3.298800e-01
271 6.658800e-01 3.576000e-03 3.305440e-01
272 6.653000e-01 3.504000e-03 3.311960e-01
273 6.646640e-01 3.504000e-03 3.318320e-01
274 6.640560e-01 3.480000e-03 3.324640e-01
275 6.634520e-01 3.468000e-03 3.330800e-01
276 6.628160e-01 3.536000e-03 3.336480e-01
277 6.622280e-01 3.560000e-03 3.342120e-01
278 6.616000e-01 3.580000e-03 3.348200e-01
279 6.609720e-01 3.576000e-03 3.354520e-01
280 6.603400e-01 3.616000e-03 3.360440e-01
281 6.597280e-01 3.600000e-03 3.366720e-01
282 6.591760e-01 3.648000e-03 3.371760e-01
283 6.586560e-01 3.488000e-03 3.378560e-01
284 6.581160e-01 3.424000e-03 3.384600e-01
285 6.575320e-01 3.492000e-03 3.389760e-01
286 6.569560e-01 3.464000e-03 3.395800e-01
287 6.564000e-01 3.388000e-03 3.402120e-01
288 6.557560e-01 3.464000e-03 3.407800e-01
289 6.551920e-01 3.380000e-03 3.414280e-01
290 6.545320e-01 3.468000e-03 3.420000e-01
291 6.540040e-01 3.348000e-03 3.426480e-01
292 6.533840e-01 3.504000e-03 3.431120e-01
293 6.527360e-01 3.540000e-03 3.437240e-01
294 6.520360e-01 3.580000e-03 3.443840e-01
295 6.514120e-01 3.636000e-03 3.449520e-01
296 6.507720e-01 3.640000e-03 3.455880e-01
297 6.501040e-01 3.700000e-03 3.461960e-01
298 6.494840e-01 3.616000e-03 3.469000e-01
299 6.488920e-01 3.480000e-03 3.476280e-01
300 6.483240e-01 3.488000e-03 3.481880e-01
301 6.478160e-01 3.424000e-03 3.487600e-01
302 6.473440e-01 3.276000e-03 3.493800e-01
303 6.467880e-01 3.264000e-03 3.499480e-01
304 6.462520e-01 3.184000e-03 3.505640e-01
305 6.456800e-01 3.212000e-03 3.511080e-01
306 6.451720e-01 3.188000e-03 3.516400e-01
307 6.445280e-01 3.376000e-03 3.520960e-01
308 6.440240e-01 3.244000e-03 3.527320e-01
309 6.435640e-01 3.148000e-03 3.532880e-01
310 6.430240e-01 3.192000e-03 3.537840e-01
311 6.425800e-01 3.080000e-03 3.543400e-01
312 6.420960e-01 3.052000e-03 3.548520e-01
313 6.416680e-01 2.964000e-03 3.553680e-01
314 6.412560e-01 2.936000e-03 3.558080e-01
315 6.408640e-01 2.884000e-03 3.562520e-01
316 6.404160e-01 2.796000e-03 3.567880e-01
317 6.399080e-01 2.832000e-03 3.572600e-01
318 6.394360e-01 2.848000e-03 3.577160e-01
319 6.389680e-01 2.800000e-03 3.582320e-01
320 6.384520e-01 2.764000e-03 3.587840e-01
321 6.380440e-01 2.640000e-03 3.593160e-01
322 6.376320e-01 2.576000e-03 3.597920e-01
323 6.371880e-01 2.576000e-03 3.602360e-01
324 6.367600e-01 2.560000e-03 3.606800e-01
325 6.362200e-01 2.616000e-03 3.611640e-01
326 6.357320e-01 2.668000e-03 3.616000e-01
327 6.352680e-01 2.660000e-03 3.620720e-01
328 6.348000e-01 2.568000e-03 3.626320e-01
329 6.342520e-01 2.688000e-03 3.630600e-01
330 6.338080e-01 2.636000e-03 3.635560e-01
331 6.333960e-01 2.560000e-03 3.640440e-01
332 6.329080e-01 2.648000e-03 3.644440e-01
333 6.324280e-01 2.704000e-03 3.648680e-01
334 6.320320e-01 2.668000e-03 3.653000e-01
335 6.316480e-01 2.604000e-03 3.657480e-01
336 6.312280e-01 2.532000e-03 3.662400e-01
337 6.309200e-01 2.392000e-03 3.666880e-01
338 6.305600e-01 2.352000e-03 3.670880e-01
339 6.301800e-01 2.324000e-03 3.674960e-01
340 6.298320e-01 2.248000e-03 3.679200e-01
341 6.295160e-01 2.168000e-03 3.683160e-01
342 6.291640e-01 2.204000e-03 3.686320e-01
343 6.287880e-01 2.176000e-03 3.690360e-01
344 6.284240e-01 2.120000e-03 3.694560e-01
345 6.280880e-01 2.116000e-03 3.697960e-01
346 6.277600e-01 2.096000e-03 3.701440e-01
347 6.274880e-01 1.996000e-03 3.705160e-01
348 6.271680e-01 1.976000e-03 3.708560e-01
349 6.268280e-01 1.932000e-03 3.712400e-01
350 6.265400e-01 1.852000e-03 3.716080e-01
351 6.262480e-01 1.808000e-03 3.719440e-01
352 6.260200e-01 1.644000e-03 3.723360e-01
353 6.257400e-01 1.688000e-03 3.725720e-01
354 6.254040e-01 1.760000e-03 3.728360e-01
355 6.251920e-01 1.712000e-03 3.730960e-01
356 6.250040e-01 1.620000e-03 3.733760e-01
357 6.247760e-01 1.556000e-03 3.736680e-01
358 6.245680e-01 1.520000e-03 3.739120e-01
359 6.243480e-01 1.428000e-03 3.742240e-01
360 6.241320e-01 1.412000e-03 3.744560e-01
361 6.238640e-01 1.420000e-03 3.747160e-01
362 6.236240e-01 1.412000e-03 3.749640e-01
363 6.234200e-01 1.404000e-03 3.751760e-01
364 6.232040e-01 1.384000e-03 3.754120e-01
365 6.230120e-01 1.356000e-03 3.756320e-01
366 6.228200e-01 1.312000e-03 3.758680e-01
367 6.225880e-01 1.324000e-03 3.760880e-01
368 6.223880e-01 1.228000e-03 3.763840e-01
369 6.221520e-01 1.268000e-03 3.765800e-01
370 6.218480e-01 1.360000e-03 3.767920e-01
371 6.215240e-01 1.468000e-03 3.770080e-01
372 6.213040e-01 1.412000e-03 3.772840e-01
373 6.210200e-01 1.460000e-03 3.775200e-01
374 6.207720e-01 1.484000e-03 3.777440e-01
375 6.205200e-01 1.544000e-03 3.779360e-01
376 6.202680e-01 1.564000e-03 3.781680e-01
377 6.199520e-01 1.568000e-03 3.784800e-01
378 6.196680e-01 1.564000e-03 3.787680e-01
379 6.194000e-01 1.556000e-03 3.790440e-01
380 6.191200e-01 1.528000e-03 3.793520e-01
381 6.188360e-01 1.572000e-03 3.795920e-01
382 6.185040e-01 1.604000e-03 3.798920e-01
383 6.182040e-01 1.632000e-03 3.801640e-01
384 6.179520e-01 1.592000e-03 3.804560e-01
385 6.177640e-01 1.576000e-03 3.806600e-01
386 6.175400e-01 1.520000e-03 3.809400e-01
387 6.173000e-01 1.512000e-03 3.811880e-01
388 6.171080e-01 1.340000e-03 3.815520e-01
389 6.168840e-01 1.368000e-03 3.817480e-01
390 6.166760e-01 1.336000e-03 3.819880e-01
391 6.164800e-01 1.308000e-03 3.822120e-01
392 6.163520e-01 1.244000e-03 3.824040e-01
393 6.161840e-01 1.188000e-03 3.826280e-01
394 6.160240e-01 1.144000e-03 3.828320e-01
395 6.158600e-01 1.100000e-03 3.830400e-01
396 6.156840e-01 1.128000e-03 3.831880e-01
397 6.155280e-01 1.092000e-03 3.833800e-01
398 6.153880e-01 1.040000e-03 3.835720e-01
399 6.152400e-01 1.000000e-03 3.837600e-01
400 6.151280e-01 9.440000e-04 3.839280e-01
401 6.149520e-01 9.280000e-04 3.841200e-01
402 6.148520e-01 8.400000e-04 3.843080e-01
403 6.147080e-01 8.440000e-04 3.844480e-01
404 6.145560e-01 8.360000e-04 3.846080e-01
405 6.144280e-01 8.200000e-04 3.847520e-01
406 6.142720e-01 8.440000e-04 3.848840e-01
407 6.140880e-01 8.360000e-04 3.850760e-01
408 6.139520e-01 8.200000e-04 3.852280e-01
409 6.138320e-01 7.720000e-04 3.853960e-01
410 6.137000e-01 7.520000e-04 3.855480e-01
411 6.135880e-01 7.560000e-04 3.856560e-01
412 6.134520e-01 7.760000e-04 3.857720e-01
413 6.133560e-01 7.120000e-04 3.859320e-01
414 6.132520e-01 6.800000e-04 3.860680e-01
415 6.131720e-01 6.320000e-04 3.861960e-01
416 6.131000e-01 6.240000e-04 3.862760e-01
417 6.130080e-01 6.320000e-04 3.863600e-01
418 6.128560e-01 6.800000e-04 3.864640e-01
419 6.127160e-01 7.280000e-04 3.865560e-01
420 6.125400e-01 7.640000e-04 3.866960e-01
421 6.124000e-01 8.200000e-04 3.867800e-01
422 6.122920e-01 7.560000e-04 3.869520e-01
423 6.122040e-01 7.120000e-04 3.870840e-01
424 6.121040e-01 6.880000e-04 3.872080e-01
425 6.119920e-01 6.640000e-04 3.873440e-01
426 6.119040e-01 6.560000e-04 3.874400e-01
427 6.118000e-01 6.560000e-04 3.875440e-01
428 6.117040e-01 6.480000e-04 3.876480e-01
429 6.116000e-01 6.600000e-04 3.877400e-01
430 6.115000e-01 6.400000e-04 3.878600e-01
431 6.114120e-01 6.240000e-04 3.879640e-01
432 6.113440e-01 5.720000e-04 3.880840e-01
433 6.112880e-01 5.320000e-04 3.881800e-01
434 6.111960e-01 5.120000e-04 3.882920e-01
435 6.110880e-01 5.440000e-04 3.883680e-01
436 6.109880e-01 5.640000e-04 3.884480e-01
437 6.108920e-01 5.720000e-04 3.885360e-01
438 6.107800e-01 5.760000e-04 3.886440e-01
439 6.106920e-01 5.680000e-04 3.887400e-01
440 6.106160e-01 5.280000e-04 3.888560e-01
441 6.105040e-01 5.440000e-04 3.889520e-01
442 6.104040e-01 5.360000e-04 3.890600e-01
443 6.102680e-01 5.640000e-04 3.891680e-01
444 6.101800e-01 5.440000e-04 3.892760e-01
445 6.101120e-01 5.120000e-04 3.893760e-01
446 6.100040e-01 5.280000e-04 3.894680e-01
447 6.099360e-01 4.760000e-04 3.895880e-01
448 6.098240e-01 5.280000e-04 3.896480e-01
449 6.097360e-01 5.160000e-04 3.897480e-01
450 6.096400e-01 5.080000e-04 3.898520e-01
451 6.095480e-01 5.280000e-04 3.899240e-01
452 6.094280e-01 5.680000e-04 3.900040e-01
453 6.093120e-01 5.840000e-04 3.901040e-01
454 6.092240e-01 5.800000e-04 3.901960e-01
455 6.091160e-01 5.600000e-04 3.903240e-01
456 6.090120e-01 5.560000e-04 3.904320e-01
457 6.088960e-01 5.840000e-04 3.905200e-01
458 6.088040e-01 6.080000e-04 3.905880e-01
459 6.087320e-01 5.280000e-04 3.907400e-01
460 6.086160e-01 5.640000e-04 3.908200e-01
461 6.084960e-01 5.920000e-04 3.909120e-01
462 6.083880e-01 6.080000e-04 3.910040e-01
463 6.082920e-01 6.080000e-04 3.911000e-01
464 6.082280e-01 5.760000e-04 3.911960e-01
465 6.081200e-01 5.960000e-04 3.912840e-01
466 6.080400e-01 5.440000e-04 3.914160e-01
467 6.079720e-01 5.000000e-04 3.915280e-01
468 6.079040e-01 4.800000e-04 3.916160e-01
469 6.078320e-01 4.640000e-04 3.917040e-01
470 6.077680e-01 4.560000e-04 3.917760e-01
471 6.077040e-01 4.400000e-04 3.918560e-01
472 6.076320e-01 4.160000e-04 3.919520e-01
473 6.075520e-01 4.280000e-04 3.920200e-01
474 6.074640e-01 4.400000e-04 3.920960e-01
475 6.074120e-01 3.960000e-04 3.921920e-01
476 6.073640e-01 3.600000e-04 3.922760e-01
477 6.073160e-01 3.680000e-04 3.923160e-01
478 6.072560e-01 3.720000e-04 3.923720e-01
479 6.072080e-01 3.280000e-04 3.924640e-01
480 6.071720e-01 3.200000e-04 3.925080e-01
481 6.071320e-01 3.000000e-04 3.925680e-01
482 6.070720e-01 3.120000e-04 3.926160e-01
483 6.070120e-01 3.240000e-04 3.926640e-01
484 6.069840e-01 3.040000e-04 3.927120e-01
485 6.069680e-01 2.840000e-04 3.927480e-01
486 6.069320e-01 2.640000e-04 3.928040e-01
487 6.068880e-01 2.600000e-04 3.928520e-01
488 6.068560e-01 2.720000e-04 3.928720e-01
489 6.068040e-01 2.720000e-04 3.929240e-01
490 6.067720e-01 2.440000e-04 3.929840e-01
491 6.067320e-01 2.360000e-04 3.930320e-01
492 6.066720e-01 2.360000e-04 3.930920e-01
493 6.066400e-01 2.280000e-04 3.931320e-01
494 6.066200e-01 2.040000e-04 3.931760e-01
495 6.066040e-01 1.880000e-04 3.932080e-01
496 6.065840e-01 1.960000e-04 3.932200e-01
497 6.065440e-01 1.920000e-04 3.932640e-01
498 6.065120e-01 1.880000e-04 3.933000e-01
499 6.064800e-01 2.040000e-04 3.933160e-01
500 6.064440e-01 2.120000e-04 3.933440e-01
