1 9.991600e-01 7.520000e-04 8.800000e-05
2 9.985360e-01 1.200000e-03 2.640000e-04
3 9.978960e-01 1.584000e-03 5.200000e-04
4 9.970880e-01 2.036000e-03 8.760000e-04
5 9.962320e-01 2.524000e-03 1.244000e-03
6 9.952120e-01 3.092000e-03 1.696000e-03
7 9.942360e-01 3.452000e-03 2.312000e-03
8 9.931200e-01 3.900000e-03 2.980000e-03
9 9.919600e-01 4.320000e-03 3.720000e-03
10 9.906920e-01 4.812000e-03 4.496000e-03
11 9.893280e-01 5.320000e-03 5.352000e-03
12 9.880640e-01 5.544000e-03 6.392000e-03
13 9.867640e-01 5.824000e-03 7.412000e-03
14 9.855480e-01 5.984000e-03 8.468000e-03
15 9.842520e-01 6.272000e-03 9.476000e-03
16 9.828600e-01 6.564000e-03 1.057600e-02
17 9.812920e-01 6.940000e-03 1.176800e-02
18 9.799600e-01 7.036000e-03 1.300400e-02
19 9.784640e-01 7.416000e-03 1.412000e-02
20 9.769760e-01 7.544000e-03 1.548000e-02
21 9.754480e-01 7.728000e-03 1.682400e-02
22 9.739400e-01 7.920000e-03 1.814000e-02
23 9.723040e-01 8.180000e-03 1.951600e-02
24 9.707320e-01 8.284000e-03 2.098400e-02
25 9.692840e-01 8.268000e-03 2.244800e-02
26 9.679080e-01 8.224000e-03 2.386800e-02
27 9.663600e-01 8.312000e-03 2.532800e-02
28 9.648280e-01 8.396000e-03 2.677600e-02
29 9.630560e-01 8.572000e-03 2.837200e-02
30 9.615960e-01 8.428000e-03 2.997600e-02
31 9.599440e-01 8.560000e-03 3.149600e-02
32 9.582360e-01 8.660000e-03 3.310400e-02
33 9.563600e-01 9.164000e-03 3.447600e-02
34 9.544600e-01 9.388000e-03 3.615200e-02
35 9.527560e-01 9.512000e-03 3.773200e-02
36 9.509480e-01 9.612000e-03 3.944000e-02
37 9.493240e-01 9.504000e-03 4.117200e-02
38 9.475480e-01 9.736000e-03 4.271600e-02
39 9.457280e-01 9.784000e-03 4.448800e-02
40 9.438880e-01 1.005200e-02 4.606000e-02
41 9.422000e-01 1.005200e-02 4.774800e-02
42 9.404800e-01 1.008400e-02 4.943600e-02
43 9.388320e-01 1.001600e-02 5.115200e-02
44 9.369360e-01 1.013600e-02 5.292800e-02
45 9.350520e-01 1.023200e-02 5.471600e-02
46 9.331040e-01 1.039200e-02 5.650400e-02
47 9.312880e-01 1.029600e-02 5.841600e-02
48 9.293960e-01 1.032800e-02 6.027600e-02
49 9.276160e-01 1.025600e-02 6.212800e-02
50 9.256480e-01 1.060400e-02 6.374800e-02
51 9.238680e-01 1.053600e-02 6.559600e-02
52 9.219800e-01 1.042000e-02 6.760000e-02
53 9.201600e-01 1.045200e-02 6.938800e-02
54 9.182920e-01 1.058800e-02 7.112000e-02
55 9.164920e-01 1.067200e-02 7.283600e-02
56 9.145560e-01 1.066000e-02 7.478400e-02
57 9.125720e-01 1.079600e-02 7.663200e-02
58 9.105840e-01 1.082400e-02 7.859200e-02
59 9.086720e-01 1.087600e-02 8.045200e-02
60 9.066360e-01 1.106000e-02 8.230400e-02
61 9.047920e-01 1.098400e-02 8.422400e-02
62 9.027560e-01 1.111600e-02 8.612800e-02
63 9.007840e-01 1.117600e-02 8.804000e-02
64 8.988240e-01 1.111200e-02 9.006400e-02
65 8.971400e-01 1.079200e-02 9.206800e-02
66 8.953920e-01 1.075200e-02 9.385600e-02
67 8.935600e-01 1.054800e-02 9.589200e-02
68 8.919440e-01 1.040800e-02 9.764800e-02
69 8.899040e-01 1.054000e-02 9.955600e-02
70 8.881040e-01 1.053200e-02 1.013640e-01
71 8.863760e-01 1.037600e-02 1.032480e-01
72 8.845200e-01 1.042400e-02 1.050560e-01
73 8.829280e-01 1.006800e-02 1.070040e-01
74 8.812840e-01 1.001200e-02 1.087040e-01
75 8.796360e-01 9.964000e-03 1.104000e-01
76 8.780080e-01 9.784000e-03 1.122080e-01
77 8.763160e-01 9.724000e-03 1.139600e-01
78 8.746640e-01 9.628000e-03 1.157080e-01
79 8.730960e-01 9.596000e-03 1.173080e-01
80 8.714360e-01 9.544000e-03 1.190200e-01
81 8.699240e-01 9.312000e-03 1.207640e-01
82 8.683680e-01 9.304000e-03 1.223280e-01
83 8.666720e-01 9.480000e-03 1.238480e-01
84 8.651000e-01 9.400000e-03 1.255000e-01
85 8.635360e-01 9.288000e-03 1.271760e-01
86 8.617560e-01 9.452000e-03 1.287920e-01
87 8.600440e-01 9.548000e-03 1.304080e-01
88 8.582440e-01 9.756000e-03 1.320000e-01
89 8.564560e-01 9.892000e-03 1.336520e-01
90 8.545840e-01 1.004000e-02 1.353760e-01
91 8.527440e-01 1.010000e-02 1.371560e-01
92 8.510080e-01 1.013200e-02 1.388600e-01
93 8.492320e-01 1.022000e-02 1.405480e-01
94 8.473000e-01 1.029200e-02 1.424080e-01
95 8.455360e-01 1.018800e-02 1.442760e-01
96 8.439360e-01 1.003200e-02 1.460320e-01
97 8.422360e-01 9.876000e-03 1.478880e-01
98 8.405480e-01 9.932000e-03 1.495200e-01
99 8.387760e-01 9.888000e-03 1.513360e-01
100 8.370880e-01 9.880000e-03 1.530320e-01
101 8.352040e-01 9.932000e-03 1.548640e-01
102 8.333240e-01 1.008400e-02 1.565920e-01
103 8.314800e-01 1.018400e-02 1.583360e-01
104 8.296160e-01 1.030000e-02 1.600840e-01
105 8.276000e-01 1.045200e-02 1.619480e-01
106 8.256840e-01 1.078000e-02 1.635360e-01
107 8.236520e-01 1.088000e-02 1.654680e-01
108 8.216240e-01 1.097200e-02 1.674040e-01
109 8.196640e-01 1.096800e-02 1.693680e-01
110 8.177040e-01 1.104000e-02 1.712560e-01
111 8.157520e-01 1.103200e-02 1.732160e-01
112 8.139520e-01 1.095600e-02 1.750920e-01
113 8.120360e-01 1.084000e-02 1.771240e-01
114 8.100600e-01 1.098400e-02 1.789560e-01
115 8.082120e-01 1.094800e-02 1.808400e-01
116 8.064200e-01 1.074800e-02 1.828320e-01
117 8.046280e-01 1.055200e-02 1.848200e-01
118 8.026640e-01 1.068400e-02 1.866520e-01
119 8.008120e-01 1.060800e-02 1.885800e-01
120 7.991120e-01 1.048800e-02 1.904000e-01
121 7.973560e-01 1.032400e-02 1.923200e-01
122 7.955840e-01 1.023600e-02 1.941800e-01
123 7.938640e-01 1.021200e-02 1.959240e-01
124 7.922280e-01 9.908000e-03 1.978640e-01
125 7.906160e-01 9.804000e-03 1.995800e-01
126 7.889080e-01 9.728000e-03 2.013640e-01
127 7.872760e-01 9.608000e-03 2.031160e-01
128 7.858000e-01 9.528000e-03 2.046720e-01
129 7.843000e-01 9.388000e-03 2.063120e-01
130 7.826680e-01 9.332000e-03 2.080000e-01
131 7.810640e-01 9.456000e-03 2.094800e-01
132 7.795680e-01 9.152000e-03 2.112800e-01
133 7.780280e-01 9.132000e-03 2.128400e-01
134 7.764920e-01 9.048000e-03 2.144600e-01
135 7.749640e-01 9.080000e-03 2.159560e-01
136 7.733880e-01 9.072000e-03 2.175400e-01
137 7.720280e-01 8.864000e-03 2.191080e-01
138 7.707200e-01 8.592000e-03 2.206880e-01
139 7.693240e-01 8.428000e-03 2.222480e-01
140 7.677680e-01 8.588000e-03 2.236440e-01
141 7.663360e-01 8.528000e-03 2.251360e-01
142 7.648040e-01 8.604000e-03 2.265920e-01
143 7.633080e-01 8.540000e-03 2.281520e-01
144 7.617840e-01 8.596000e-03 2.296200e-01
145 7.602880e-01 8.604000e-03 2.311080e-01
146 7.590240e-01 8.332000e-03 2.326440e-01
147 7.575560e-01 8.420000e-03 2.340240e-01
148 7.560040e-01 8.468000e-03 2.355280e-01
149 7.546840e-01 8.316000e-03 2.370000e-01
150 7.531720e-01 8.476000e-03 2.383520e-01
151 7.516560e-01 8.492000e-03 2.398520e-01
152 7.500280e-01 8.696000e-03 2.412760e-01
153 7.485600e-01 8.532000e-03 2.429080e-01
154 7.470600e-01 8.468000e-03 2.444720e-01
155 7.457040e-01 8.324000e-03 2.459720e-01
156 7.441760e-01 8.440000e-03 2.473840e-01
157 7.427760e-01 8.276000e-03 2.489480e-01
158 7.411760e-01 8.232000e-03 2.505920e-01
159 7.398080e-01 8.240000e-03 2.519520e-01
160 7.384880e-01 8.148000e-03 2.533640e-01
161 7.371280e-01 8.004000e-03 2.548680e-01
162 7.359400e-01 7.788000e-03 2.562720e-01
163 7.346680e-01 7.680000e-03 2.576520e-01
164 7.335120e-01 7.524000e-03 2.589640e-01
165 7.323280e-01 7.480000e-03 2.601920e-01
166 7.309360e-01 7.696000e-03 2.613680e-01
167 7.296800e-01 7.508000e-03 2.628120e-01
168 7.284960e-01 7.396000e-03 2.641080e-01
169 7.271280e-01 7.444000e-03 2.654280e-01
170 7.258880e-01 7.432000e-03 2.666800e-01
171 7.246000e-01 7.400000e-03 2.680000e-01
172 7.232840e-01 7.388000e-03 2.693280e-01
173 7.217960e-01 7.520000e-03 2.706840e-01
174 7.205840e-01 7.484000e-03 2.719320e-01
175 7.195280e-01 7.256000e-03 2.732160e-01
176 7.183600e-01 7.152000e-03 2.744880e-01
177 7.172560e-01 7.096000e-03 2.756480e-01
178 7.160760e-01 7.136000e-03 2.767880e-01
179 7.149280e-01 7.108000e-03 2.779640e-01
180 7.137800e-01 7.040000e-03 2.791800e-01
181 7.125560e-01 7.100000e-03 2.803440e-01
182 7.114360e-01 7.016000e-03 2.815480e-01
183 7.103280e-01 6.932000e-03 2.827400e-01
184 7.092680e-01 6.876000e-03 2.838560e-01
185 7.082520e-01 6.852000e-03 2.848960e-01
186 7.072080e-01 6.752000e-03 2.860400e-01
187 7.061880e-01 6.652000e-03 2.871600e-01
188 7.050560e-01 6.648000e-03 2.882960e-01
189 7.040240e-01 6.556000e-03 2.894200e-01
190 7.030360e-01 6.500000e-03 2.904640e-01
191 7.018720e-01 6.644000e-03 2.914840e-01
192 7.007560e-01 6.596000e-03 2.926480e-01
193 6.997400e-01 6.408000e-03 2.938520e-01
194 6.986600e-01 6.316000e-03 2.950240e-01
195 6.975920e-01 6.268000e-03 2.961400e-01
196 6.965360e-01 6.204000e-03 2.972600e-01
197 6.955320e-01 6.032000e-03 2.984360e-01
198 6.945640e-01 6.000000e-03 2.994360e-01
199 6.935840e-01 5.856000e-03 3.005600e-01
200 6.925040e-01 5.860000e-03 3.016360e-01
201 6.915720e-01 5.796000e-03 3.026320e-01
202 6.906040e-01 5.836000e-03 3.035600e-01
203 6.893960e-01 6.020000e-03 3.045840e-01
204 6.884560e-01 5.916000e-03 3.056280e-01
205 6.874400e-01 5.908000e-03 3.066520e-01
206 6.863800e-01 5.940000e-03 3.076800e-01
207 6.853800e-01 5.712000e-03 3.089080e-01
208 6.844840e-01 5.600000e-03 3.099160e-01
209 6.836040e-01 5.540000e-03 3.108560e-01
210 6.826560e-01 5.540000e-03 3.118040e-01
211 6.815320e-01 5.644000e-03 3.128240e-01
212 6.805160e-01 5.648000e-03 3.138360e-01
213 6.795960e-01 5.540000e-03 3.148640e-01
214 6.785800e-01 5.440000e-03 3.159800e-01
215 6.776480e-01 5.476000e-03 3.168760e-01
216 6.766560e-01 5.420000e-03 3.179240e-01
217 6.757320e-01 5.336000e-03 3.189320e-01
218 6.747600e-01 5.432000e-03 3.198080e-01
219 6.739440e-01 5.240000e-03 3.208160e-01
220 6.732160e-01 5.060000e-03 3.217240e-01
221 6.722920e-01 5.004000e-03 3.227040e-01
222 6.715480e-01 4.924000e-03 3.235280e-01
223 6.707520e-01 4.824000e-03 3.244240e-01
224 6.699280e-01 4.812000e-03 3.252600e-01
225 6.691480e-01 4.732000e-03 3.261200e-01
226 6.682760e-01 4.808000e-03 3.269160e-01
227 6.674960e-01 4.776000e-03 3.277280e-01
228 6.667320e-01 4.708000e-03 3.285600e-01
229 6.659720e-01 4.516000e-03 3.295120e-01
230 6.652560e-01 4.484000e-03 3.302600e-01
231 6.646320e-01 4.312000e-03 3.310560e-01
232 6.639360e-01 4.320000e-03 3.317440e-01
233 6.631800e-01 4.328000e-03 3.324920e-01
234 6.623920e-01 4.468000e-03 3.331400e-01
235 6.617080e-01 4.412000e-03 3.338800e-01
236 6.608600e-01 4.504000e-03 3.346360e-01
237 6.601000e-01 4.436000e-03 3.354640e-01
238 6.592800e-01 4.496000e-03 3.362240e-01
239 6.584600e-01 4.480000e-03 3.370600e-01
240 6.577240e-01 4.496000e-03 3.377800e-01
241 6.570360e-01 4.436000e-03 3.385280e-01
242 6.562840e-01 4.416000e-03 3.393000e-01
243 6.554920e-01 4.408000e-03 3.401000e-01
244 6.546920e-01 4.532000e-03 3.407760e-01
245 6.539440e-01 4.440000e-03 3.416160e-01
246 6.532200e-01 4.344000e-03 3.424360e-01
247 6.524400e-01 4.324000e-03 3.432360e-01
248 6.517200e-01 4.248000e-03 3.440320e-01
249 6.511000e-01 4.112000e-03 3.447880e-01
250 6.505040e-01 3.992000e-03 3.455040e-01
251 6.497680e-01 3.988000e-03 3.462440e-01
252 6.490680e-01 4.020000e-03 3.469120e-01
253 6.483440e-01 4.052000e-03 3.476040e-01
254 6.477360e-01 3.956000e-03 3.483080e-01
255 6.471280e-01 3.924000e-03 3.489480e-01
256 6.465520e-01 3.796000e-03 3.496520e-01
257 6.459800e-01 3.724000e-03 3.502960e-01
258 6.453720e-01 3.680000e-03 3.509480e-01
259 6.449040e-01 3.512000e-03 3.515840e-01
260 6.443280e-01 3.564000e-03 3.521080e-01
261 6.437280e-01 3.568000e-03 3.527040e-01
262 6.430880e-01 3.592000e-03 3.533200e-01
263 6.424120e-01 3.660000e-03 3.539280e-01
264 6.417720e-01 3.564000e-03 3.546640e-01
265 6.411640e-01 3.592000e-03 3.552440e-01
266 6.405800e-01 3.540000e-03 3.558800e-01
267 6.399720e-01 3.540000e-03 3.564880e-01
268 6.393280e-01 3.548000e-03 3.571240e-01
269 6.386880e-01 3.648000e-03 3.576640e-01
270 6.380680e-01 3.596000e-03 3.583360e-01
271 6.374640e-01 3.640000e-03 3.588960e-01
272 6.368520e-01 3.496000e-03 3.596520e-01
273 6.362280e-01 3.468000e-03 3.603040e-01
274 6.355520e-01 3.516000e-03 3.609320e-01
275 6.349440e-01 3.544000e-03 3.615120e-01
276 6.343800e-01 3.508000e-03 3.621120e-01
277 6.337320e-01 3.500000e-03 3.627680e-01
278 6.330960e-01 3.536000e-03 3.633680e-01
279 6.325600e-01 3.464000e-03 3.639760e-01
280 6.319840e-01 3.420000e-03 3.645960e-01
281 6.313960e-01 3.444000e-03 3.651600e-01
282 6.307480e-01 3.448000e-03 3.658040e-01
283 6.301480e-01 3.548000e-03 3.663040e-01
284 6.296080e-01 3.504000e-03 3.668880e-01
285 6.289800e-01 3.512000e-03 3.675080e-01
286 6.282840e-01 3.596000e-03 3.681200e-01
287 6.277520e-01 3.420000e-03 3.688280e-01
288 6.271280e-01 3.408000e-03 3.694640e-01
289 6.265600e-01 3.420000e-03 3.700200e-01
290 6.259000e-01 3.448000e-03 3.706520e-01
291 6.252040e-01 3.504000e-03 3.712920e-01
292 6.245720e-01 3.556000e-03 3.718720e-01
293 6.239640e-01 3.544000e-03 3.724920e-01
294 6.232480e-01 3.648000e-03 3.731040e-01
295 6.225600e-01 3.752000e-03 3.736880e-01
296 6.218960e-01 3.692000e-03 3.744120e-01
297 6.211600e-01 3.780000e-03 3.750600e-01
298 6.204960e-01 3.812000e-03 3.756920e-01
299 6.198840e-01 3.744000e-03 3.763720e-01
300 6.193360e-01 3.536000e-03 3.771280e-01
301 6.187680e-01 3.404000e-03 3.778280e-01
302 6.181560e-01 3.284000e-03 3.785600e-01
303 6.175520e-01 3.352000e-03 3.790960e-01
304 6.169920e-01 3.400000e-03 3.796080e-01
305 6.164080e-01 3.344000e-03 3.802480e-01
306 6.158560e-01 3.344000e-03 3.808000e-01
307 6.154080e-01 3.276000e-03 3.813160e-01
308 6.149480e-01 3.216000e-03 3.818360e-01
309 6.143800e-01 3.220000e-03 3.824000e-01
310 6.138680e-01 3.184000e-03 3.829480e-01
311 6.133920e-01 3.108000e-03 3.835000e-01
312 6.128640e-01 3.128000e-03 3.840080e-01
313 6.124240e-01 2.984000e-03 3.845920e-01
314 6.120720e-01 2.828000e-03 3.851000e-01
315 6.117480e-01 2.712000e-03 3.855400e-01
316 6.113560e-01 2.628000e-03 3.860160e-01
317 6.109280e-01 2.620000e-03 3.864520e-01
318 6.104600e-01 2.620000e-03 3.869200e-01
319 6.100400e-01 2.596000e-03 3.873640e-01
320 6.096400e-01 2.576000e-03 3.877840e-01
321 6.092360e-01 2.480000e-03 3.882840e-01
322 6.087640e-01 2.500000e-03 3.887360e-01
323 6.083000e-01 2.508000e-03 3.891920e-01
324 6.078880e-01 2.444000e-03 3.896680e-01
325 6.074440e-01 2.412000e-03 3.901440e-01
326 6.069880e-01 2.456000e-03 3.905560e-01
327 6.065200e-01 2.488000e-03 3.909920e-01
328 6.060680e-01 2.520000e-03 3.914120e-01
329 6.055600e-01 2.560000e-03 3.918800e-01
330 6.051520e-01 2.480000e-03 3.923680e-01
331 6.047000e-01 2.468000e-03 3.928320e-01
332 6.042920e-01 2.368000e-03 3.933400e-01
333 6.039400e-01 2.276000e-03 3.937840e-01
334 6.035560e-01 2.272000e-03 3.941720e-01
335 6.031600e-01 2.300000e-03 3.945400e-01
336 6.028080e-01 2.304000e-03 3.948880e-01
337 6.024600e-01 2.216000e-03 3.953240e-01
338 6.021360e-01 2.160000e-03 3.957040e-01
339 6.017960e-01 2.104000e-03 3.961000e-01
340 6.014360e-01 2.100000e-03 3.964640e-01
341 6.010800e-01 2.068000e-03 3.968520e-01
342 6.007320e-01 2.024000e-03 3.972440e-01
343 6.003400e-01 2.024000e-03 3.976360e-01
344 6.000120e-01 2.060000e-03 3.979280e-01
345 5.997080e-01 2.000000e-03 3.982920e-01
346 5.994280e-01 1.936000e-03 3.986360e-01
347 5.991960e-01 1.816000e-03 3.989880e-01
348 5.989400e-01 1.776000e-03 3.992840e-01
349 5.985880e-01 1.812000e-03 3.996000e-01
350 5.982520e-01 1.808000e-03 3.999400e-01
351 5.978560e-01 1.944000e-03 4.002000e-01
352 5.974640e-01 2.044000e-03 4.004920e-01
353 5.970520e-01 2.112000e-03 4.008360e-01
354 5.967440e-01 2.008000e-03 4.012480e-01
355 5.965000e-01 1.876000e-03 4.016240e-01
356 5.961440e-01 1.932000e-03 4.019240e-01
357 5.957840e-01 1.988000e-03 4.022280e-01
358 5.955160e-01 1.912000e-03 4.025720e-01
359 5.951880e-01 1.928000e-03 4.028840e-01
360 5.948840e-01 1.904000e-03 4.032120e-01
361 5.945960e-01 1.860000e-03 4.035440e-01
362 5.943200e-01 1.812000e-03 4.038680e-01
363 5.940000e-01 1.796000e-03 4.042040e-01
364 5.936760e-01 1.856000e-03 4.044680e-01
365 5.933800e-01 1.852000e-03 4.047680e-01
366 5.930480e-01 1.864000e-03 4.050880e-01
367 5.927640e-01 1.784000e-03 4.054520e-01
368 5.924200e-01 1.780000e-03 4.058000e-01
369 5.921760e-01 1.700000e-03 4.061240e-01
370 5.919120e-01 1.668000e-03 4.064200e-01
371 5.915960e-01 1.628000e-03 4.067760e-01
372 5.913360e-01 1.616000e-03 4.070480e-01
373 5.910160e-01 1.680000e-03 4.073040e-01
374 5.906880e-01 1.760000e-03 4.075520e-01
375 5.903760e-01 1.752000e-03 4.078720e-01
376 5.901560e-01 1.668000e-03 4.081760e-01
377 5.899000e-01 1.604000e-03 4.084960e-01
378 5.896000e-01 1.616000e-03 4.087840e-01
379 5.893480e-01 1.568000e-03 4.090840e-01
380 5.891160e-01 1.548000e-03 4.093360e-01
381 5.888400e-01 1.592000e-03 4.095680e-01
382 5.885880e-01 1.528000e-03 4.098840e-01
383 5.883720e-01 1.480000e-03 4.101480e-01
384 5.881040e-01 1.548000e-03 4.103480e-01
385 5.879200e-01 1.452000e-03 4.106280e-01
386 5.877320e-01 1.452000e-03 4.108160e-01
387 5.875120e-01 1.392000e-03 4.110960e-01
388 5.873400e-01 1.328000e-03 4.113320e-01
389 5.871360e-01 1.304000e-03 4.115600e-01
390 5.869840e-01 1.236000e-03 4.117800e-01
391 5.867960e-01 1.156000e-03 4.120480e-01
392 5.866280e-01 1.136000e-03 4.122360e-01
393 5.864680e-01 1.080000e-03 4.124520e-01
394 5.862520e-01 1.108000e-03 4.126400e-01
395 5.860760e-01 1.068000e-03 4.128560e-01
396 5.858720e-01 1.112000e-03 4.130160e-01
397 5.856640e-01 1.128000e-03 4.132080e-01
398 5.854360e-01 1.124000e-03 4.134400e-01
399 5.852000e-01 1.120000e-03 4.136800e-01
400 5.849880e-01 1.112000e-03 4.139000e-01
401 5.847240e-01 1.204000e-03 4.140720e-01
402 5.844360e-01 1.288000e-03 4.142760e-01
403 5.842480e-01 1.240000e-03 4.145120e-01
404 5.840120e-01 1.292000e-03 4.146960e-01
405 5.837600e-01 1.292000e-03 4.149480e-01
406 5.834880e-01 1.360000e-03 4.151520e-01
407 5.832520e-01 1.360000e-03 4.153880e-01
408 5.829880e-01 1.412000e-03 4.156000e-01
409 5.827600e-01 1.372000e-03 4.158680e-01
410 5.825160e-01 1.328000e-03 4.161560e-01
411 5.822920e-01 1.324000e-03 4.163840e-01
412 5.821360e-01 1.240000e-03 4.166240e-01
413 5.819440e-01 1.184000e-03 4.168720e-01
414 5.817320e-01 1.236000e-03 4.170320e-01
415 5.815240e-01 1.236000e-03 4.172400e-01
416 5.813760e-01 1.172000e-03 4.174520e-01
417 5.812400e-01 1.092000e-03 4.176680e-01
418 5.811080e-01 1.032000e-03 4.178600e-01
419 5.809680e-01 1.016000e-03 4.180160e-01
420 5.808400e-01 1.016000e-03 4.181440e-01
421 5.807120e-01 9.920000e-04 4.182960e-01
422 5.805880e-01 9.240000e-04 4.184880e-01
423 5.804640e-01 9.040000e-04 4.186320e-01
424 5.803440e-01 8.400000e-04 4.188160e-01
425 5.802360e-01 7.920000e-04 4.189720e-01
426 5.801240e-01 7.200000e-04 4.191560e-01
427 5.800560e-01 6.560000e-04 4.192880e-01
428 5.799520e-01 6.600000e-04 4.193880e-01
429 5.798640e-01 6.400000e-04 4.194960e-01
430 5.797640e-01 6.360000e-04 4.196000e-01
431 5.796600e-01 6.400000e-04 4.197000e-01
432 5.795720e-01 6.240000e-04 4.198040e-01
433 5.794720e-01 6.120000e-04 4.199160e-01
434 5.793880e-01 5.640000e-04 4.200480e-01
435 5.792880e-01 5.640000e-04 4.201480e-01
436 5.791680e-01 6.080000e-04 4.202240e-01
437 5.790800e-01 5.800000e-04 4.203400e-01
438 5.789720e-01 5.960000e-04 4.204320e-01
439 5.789000e-01 5.880000e-04 4.205120e-01
440 5.787880e-01 5.720000e-04 4.206400e-01
441 5.786520e-01 6.080000e-04 4.207400e-01
442 5.785560e-01 6.000000e-04 4.208440e-01
443 5.784480e-01 5.960000e-04 4.209560e-01
444 5.783280e-01 6.040000e-04 4.210680e-01
445 5.782080e-01 5.920000e-04 4.212000e-01
446 5.780960e-01 5.920000e-04 4.213120e-01
447 5.779120e-01 6.800000e-04 4.214080e-01
448 5.777880e-01 6.920000e-04 4.215200e-01
449 5.776480e-01 7.360000e-04 4.216160e-01
450 5.775160e-01 7.400000e-04 4.217440e-01
451 5.773840e-01 7.480000e-04 4.218680e-01
452 5.772520e-01 7.520000e-04 4.219960e-01
453 5.771160e-01 7.480000e-04 4.221360e-01
454 5.770120e-01 6.960000e-04 4.222920e-01
455 5.768800e-01 7.160000e-04 4.224040e-01
456 5.767600e-01 7.080000e-04 4.225320e-01
457 5.766560e-01 6.800000e-04 4.226640e-01
458 5.765600e-01 6.560000e-04 4.227840e-01
459 5.764680e-01 6.280000e-04 4.229040e-01
460 5.763480e-01 6.440000e-04 4.230080e-01
461 5.762400e-01 6.480000e-04 4.231120e-01
462 5.761760e-01 6.040000e-04 4.232200e-01
463 5.760800e-01 6.040000e-04 4.233160e-01
464 5.759880e-01 6.160000e-04 4.233960e-01
465 5.759160e-01 6.080000e-04 4.234760e-01
466 5.757640e-01 6.280000e-04 4.236080e-01
467 5.756600e-01 6.360000e-04 4.237040e-01
468 5.755040e-01 7.200000e-04 4.237760e-01
469 5.753520e-01 7.440000e-04 4.239040e-01
470 5.751760e-01 7.720000e-04 4.240520e-01
471 5.750360e-01 7.840000e-04 4.241800e-01
472 5.749360e-01 7.400000e-04 4.243240e-01
473 5.748040e-01 7.440000e-04 4.244520e-01
474 5.747160e-01 7.200000e-04 4.245640e-01
475 5.745520e-01 7.400000e-04 4.247080e-01
476 5.743920e-01 7.440000e-04 4.248640e-01
477 5.742840e-01 7.640000e-04 4.249520e-01
478 5.741640e-01 7.440000e-04 4.250920e-01
479 5.740000e-01 7.760000e-04 4.252240e-01
480 5.738760e-01 7.320000e-04 4.253920e-01
481 5.737640e-01 7.280000e-04 4.255080e-01
482 5.736560e-01 6.920000e-04 4.256520e-01
483 5.735680e-01 6.600000e-04 4.257720e-01
484 5.734920e-01 6.320000e-04 4.258760e-01
485 5.734160e-01 6.080000e-04 4.259760e-01
486 5.733040e-01 6.120000e-04 4.260840e-01
487 5.731800e-01 6.160000e-04 4.262040e-01
488 5.730960e-01 5.840000e-04 4.263200e-01
489 5.730120e-01 5.840000e-04 4.264040e-01
490 5.729360e-01 5.440000e-04 4.265200e-01
491 5.728920e-01 4.960000e-04 4.266120e-01
492 5.728280e-01 5.160000e-04 4.266560e-01
493 5.727440e-01 5.080000e-04 4.267480e-01
494 5.726840e-01 4.480000e-04 4.268680e-01
495 5.725800e-01 4.800000e-04 4.269400e-01
496 5.724880e-01 4.800000e-04 4.270320e-01
497 5.723680e-01 5.200000e-04 4.271120e-01
498 5.722680e-01 5.400000e-04 4.271920e-01
499 5.721440e-01 5.720000e-04 4.272840e-01
500 5.720240e-01 5.760000e-04 4.274000e-01
