1 9.992400e-01 6.520000e-04 1.080000e-04
2 9.987960e-01 9.440000e-04 2.600000e-04
3 9.982080e-01 1.284000e-03 5.080000e-04
4 9.975640e-01 1.656000e-03 7.800000e-04
5 9.969800e-01 1.908000e-03 1.112000e-03
6 9.961640e-01 2.356000e-03 1.480000e-03
7 9.954560e-01 2.668000e-03 1.876000e-03
8 9.946360e-01 3.048000e-03 2.316000e-03
9 9.938080e-01 3.328000e-03 2.864000e-03
10 9.929320e-01 3.588000e-03 3.480000e-03
11 9.920680e-01 3.816000e-03 4.116000e-03
12 9.911720e-01 4.072000e-03 4.756000e-03
13 9.902080e-01 4.228000e-03 5.564000e-03
14 9.891760e-01 4.432000e-03 6.392000e-03
15 9.881160e-01 4.716000e-03 7.168000e-03
16 9.869280e-01 5.096000e-03 7.976000e-03
17 9.857760e-01 5.324000e-03 8.900000e-03
18 9.846320e-01 5.580000e-03 9.788000e-03
19 9.833480e-01 5.864000e-03 1.078800e-02
20 9.819280e-01 6.272000e-03 1.180000e-02
21 9.806480e-01 6.428000e-03 1.292400e-02
22 9.793040e-01 6.576000e-03 1.412000e-02
23 9.780080e-01 6.640000e-03 1.535200e-02
24 9.767200e-01 6.704000e-03 1.657600e-02
25 9.756000e-01 6.620000e-03 1.778000e-02
26 9.743360e-01 6.776000e-03 1.888800e-02
27 9.730600e-01 6.880000e-03 2.006000e-02
28 9.717640e-01 6.988000e-03 2.124800e-02
29 9.705880e-01 6.996000e-03 2.241600e-02
30 9.692440e-01 7.052000e-03 2.370400e-02
31 9.677280e-01 7.352000e-03 2.492000e-02
32 9.661640e-01 7.636000e-03 2.620000e-02
33 9.645600e-01 7.856000e-03 2.758400e-02
34 9.630080e-01 7.936000e-03 2.905600e-02
35 9.615400e-01 8.072000e-03 3.038800e-02
36 9.600440e-01 8.196000e-03 3.176000e-02
37 9.585200e-01 8.292000e-03 3.318800e-02
38 9.569240e-01 8.460000e-03 3.461600e-02
39 9.553880e-01 8.500000e-03 3.611200e-02
40 9.538360e-01 8.580000e-03 3.758400e-02
41 9.521560e-01 8.772000e-03 3.907200e-02
42 9.505640e-01 8.968000e-03 4.046800e-02
43 9.488800e-01 9.136000e-03 4.198400e-02
44 9.471560e-01 9.268000e-03 4.357600e-02
45 9.455320e-01 9.304000e-03 4.516400e-02
46 9.438680e-01 9.296000e-03 4.683600e-02
47 9.421120e-01 9.384000e-03 4.850400e-02
48 9.405480e-01 9.316000e-03 5.013600e-02
49 9.386800e-01 9.484000e-03 5.183600e-02
50 9.369760e-01 9.408000e-03 5.361600e-02
51 9.353560e-01 9.412000e-03 5.523200e-02
52 9.335800e-01 9.564000e-03 5.685600e-02
53 9.317640e-01 9.672000e-03 5.856400e-02
54 9.298320e-01 9.924000e-03 6.024400e-02
55 9.279720e-01 1.006000e-02 6.196800e-02
56 9.261040e-01 1.005600e-02 6.384000e-02
57 9.242640e-01 1.007600e-02 6.566000e-02
58 9.223960e-01 1.013600e-02 6.746800e-02
59 9.205240e-01 1.005600e-02 6.942000e-02
60 9.187520e-01 9.956000e-03 7.129200e-02
61 9.169320e-01 9.936000e-03 7.313200e-02
62 9.148960e-01 1.030000e-02 7.480400e-02
63 9.129920e-01 1.040400e-02 7.660400e-02
64 9.112560e-01 1.036800e-02 7.837600e-02
65 9.094720e-01 1.042400e-02 8.010400e-02
66 9.077640e-01 1.018400e-02 8.205200e-02
67 9.061200e-01 1.010000e-02 8.378000e-02
68 9.044000e-01 1.007200e-02 8.552800e-02
69 9.026360e-01 1.008800e-02 8.727600e-02
70 9.009240e-01 1.012400e-02 8.895200e-02
71 8.993520e-01 9.756000e-03 9.089200e-02
72 8.976680e-01 9.760000e-03 9.257200e-02
73 8.959120e-01 9.820000e-03 9.426800e-02
74 8.940040e-01 9.848000e-03 9.614800e-02
75 8.924080e-01 9.752000e-03 9.784000e-02
76 8.908120e-01 9.732000e-03 9.945600e-02
77 8.891000e-01 9.724000e-03 1.011760e-01
78 8.873000e-01 9.876000e-03 1.028240e-01
79 8.857640e-01 9.724000e-03 1.045120e-01
80 8.841560e-01 9.500000e-03 1.063440e-01
81 8.825440e-01 9.336000e-03 1.081200e-01
82 8.808280e-01 9.348000e-03 1.098240e-01
83 8.792320e-01 9.316000e-03 1.114520e-01
84 8.776640e-01 9.236000e-03 1.131000e-01
85 8.758720e-01 9.428000e-03 1.147000e-01
86 8.743680e-01 9.356000e-03 1.162760e-01
87 8.725920e-01 9.356000e-03 1.180520e-01
88 8.708320e-01 9.528000e-03 1.196400e-01
89 8.693000e-01 9.468000e-03 1.212320e-01
90 8.676440e-01 9.456000e-03 1.229000e-01
91 8.659840e-01 9.540000e-03 1.244760e-01
92 8.644400e-01 9.452000e-03 1.261080e-01
93 8.629240e-01 9.252000e-03 1.278240e-01
94 8.613040e-01 9.272000e-03 1.294240e-01
95 8.594880e-01 9.420000e-03 1.310920e-01
96 8.578640e-01 9.316000e-03 1.328200e-01
97 8.560920e-01 9.596000e-03 1.343120e-01
98 8.544880e-01 9.512000e-03 1.360000e-01
99 8.528080e-01 9.516000e-03 1.376760e-01
100 8.511920e-01 9.456000e-03 1.393520e-01
101 8.494920e-01 9.528000e-03 1.409800e-01
102 8.479640e-01 9.344000e-03 1.426920e-01
103 8.463560e-01 9.336000e-03 1.443080e-01
104 8.446360e-01 9.384000e-03 1.459800e-01
105 8.430800e-01 9.352000e-03 1.475680e-01
106 8.415840e-01 9.228000e-03 1.491880e-01
107 8.401600e-01 9.104000e-03 1.507360e-01
108 8.387880e-01 8.848000e-03 1.523640e-01
109 8.373080e-01 8.736000e-03 1.539560e-01
110 8.357760e-01 8.796000e-03 1.554280e-01
111 8.343280e-01 8.720000e-03 1.569520e-01
112 8.327120e-01 8.868000e-03 1.584200e-01
113 8.313000e-01 8.752000e-03 1.599480e-01
114 8.300800e-01 8.556000e-03 1.613640e-01
115 8.286000e-01 8.404000e-03 1.629960e-01
116 8.271000e-01 8.424000e-03 1.644760e-01
117 8.255600e-01 8.440000e-03 1.660000e-01
118 8.240480e-01 8.552000e-03 1.674000e-01
119 8.226120e-01 8.528000e-03 1.688600e-01
120 8.211960e-01 8.472000e-03 1.703320e-01
121 8.199520e-01 8.196000e-03 1.718520e-01
122 8.186560e-01 8.092000e-03 1.732520e-01
123 8.173080e-01 8.128000e-03 1.745640e-01
124 8.160720e-01 8.040000e-03 1.758880e-01
125 8.146200e-01 8.064000e-03 1.773160e-01
126 8.133960e-01 7.876000e-03 1.787280e-01
127 8.121000e-01 7.896000e-03 1.800040e-01
128 8.110480e-01 7.540000e-03 1.814120e-01
129 8.098160e-01 7.440000e-03 1.827440e-01
130 8.085000e-01 7.400000e-03 1.841000e-01
131 8.072040e-01 7.272000e-03 1.855240e-01
132 8.059480e-01 7.232000e-03 1.868200e-01
133 8.046920e-01 7.192000e-03 1.881160e-01
134 8.034760e-01 7.108000e-03 1.894160e-01
135 8.022000e-01 7.140000e-03 1.906600e-01
136 8.010600e-01 7.112000e-03 1.918280e-01
137 7.998000e-01 7.080000e-03 1.931200e-01
138 7.985160e-01 7.024000e-03 1.944600e-01
139 7.973640e-01 6.900000e-03 1.957360e-01
140 7.961600e-01 6.980000e-03 1.968600e-01
141 7.949640e-01 7.016000e-03 1.980200e-01
142 7.938200e-01 6.900000e-03 1.992800e-01
143 7.927000e-01 6.856000e-03 2.004440e-01
144 7.914600e-01 6.948000e-03 2.015920e-01
145 7.903120e-01 6.884000e-03 2.028040e-01
146 7.891680e-01 6.772000e-03 2.040600e-01
147 7.880680e-01 6.704000e-03 2.052280e-01
148 7.867720e-01 6.924000e-03 2.063040e-01
149 7.855680e-01 6.920000e-03 2.075120e-01
150 7.843400e-01 6.920000e-03 2.087400e-01
151 7.831440e-01 6.824000e-03 2.100320e-01
152 7.819880e-01 6.724000e-03 2.112880e-01
153 7.807200e-01 6.800000e-03 2.124800e-01
154 7.794480e-01 6.880000e-03 2.136720e-01
155 7.782920e-01 6.852000e-03 2.148560e-01
156 7.772120e-01 6.744000e-03 2.160440e-01
157 7.760080e-01 6.904000e-03 2.170880e-01
158 7.747040e-01 6.992000e-03 2.183040e-01
159 7.734600e-01 7.024000e-03 2.195160e-01
160 7.723640e-01 6.872000e-03 2.207640e-01
161 7.712520e-01 6.732000e-03 2.220160e-01
162 7.701680e-01 6.604000e-03 2.232280e-01
163 7.692200e-01 6.360000e-03 2.244200e-01
164 7.682560e-01 6.180000e-03 2.255640e-01
165 7.671160e-01 6.220000e-03 2.266640e-01
166 7.660240e-01 6.280000e-03 2.276960e-01
167 7.648960e-01 6.312000e-03 2.287920e-01
168 7.637360e-01 6.284000e-03 2.299800e-01
169 7.626760e-01 6.296000e-03 2.310280e-01
170 7.617680e-01 6.176000e-03 2.320560e-01
171 7.608200e-01 6.060000e-03 2.331200e-01
172 7.599600e-01 5.812000e-03 2.342280e-01
173 7.590320e-01 5.712000e-03 2.352560e-01
174 7.580800e-01 5.688000e-03 2.362320e-01
175 7.570360e-01 5.808000e-03 2.371560e-01
176 7.560600e-01 5.820000e-03 2.381200e-01
177 7.550680e-01 5.712000e-03 2.392200e-01
178 7.540880e-01 5.680000e-03 2.402320e-01
179 7.531200e-01 5.660000e-03 2.412200e-01
180 7.521480e-01 5.556000e-03 2.422960e-01
181 7.511800e-01 5.492000e-03 2.433280e-01
182 7.502600e-01 5.384000e-03 2.443560e-01
183 7.494200e-01 5.280000e-03 2.453000e-01
184 7.485640e-01 5.144000e-03 2.462920e-01
185 7.477600e-01 5.176000e-03 2.470640e-01
186 7.468520e-01 5.192000e-03 2.479560e-01
187 7.459600e-01 5.216000e-03 2.488240e-01
188 7.451000e-01 5.124000e-03 2.497760e-01
189 7.440880e-01 5.172000e-03 2.507400e-01
190 7.431960e-01 5.188000e-03 2.516160e-01
191 7.423280e-01 5.128000e-03 2.525440e-01
192 7.414480e-01 5.184000e-03 2.533680e-01
193 7.405680e-01 5.152000e-03 2.542800e-01
194 7.396240e-01 5.160000e-03 2.552160e-01
195 7.387440e-01 5.084000e-03 2.561720e-01
196 7.378200e-01 5.124000e-03 2.570560e-01
197 7.369760e-01 5.108000e-03 2.579160e-01
198 7.360600e-01 5.120000e-03 2.588200e-01
199 7.351080e-01 5.176000e-03 2.597160e-01
200 7.341320e-01 5.320000e-03 2.605480e-01
201 7.331760e-01 5.368000e-03 2.614560e-01
202 7.322760e-01 5.288000e-03 2.624360e-01
203 7.313880e-01 5.172000e-03 2.634400e-01
204 7.304920e-01 5.196000e-03 2.643120e-01
205 7.296920e-01 5.152000e-03 2.651560e-01
206 7.288240e-01 5.072000e-03 2.661040e-01
207 7.279160e-01 5.124000e-03 2.669600e-01
208 7.270240e-01 5.096000e-03 2.678800e-01
209 7.261400e-01 5.148000e-03 2.687120e-01
210 7.252360e-01 5.172000e-03 2.695920e-01
211 7.244120e-01 5.044000e-03 2.705440e-01
212 7.235840e-01 4.980000e-03 2.714360e-01
213 7.225960e-01 5.092000e-03 2.723120e-01
214 7.218320e-01 4.944000e-03 2.732240e-01
215 7.209200e-01 4.952000e-03 2.741280e-01
216 7.201400e-01 4.900000e-03 2.749600e-01
217 7.193080e-01 4.896000e-03 2.757960e-01
218 7.185560e-01 4.776000e-03 2.766680e-01
219 7.178160e-01 4.660000e-03 2.775240e-01
220 7.169920e-01 4.656000e-03 2.783520e-01
221 7.162000e-01 4.656000e-03 2.791440e-01
222 7.153280e-01 4.680000e-03 2.799920e-01
223 7.145440e-01 4.548000e-03 2.809080e-01
224 7.136720e-01 4.632000e-03 2.816960e-01
225 7.128920e-01 4.580000e-03 2.825280e-01
226 7.121760e-01 4.512000e-03 2.833120e-01
227 7.115720e-01 4.308000e-03 2.841200e-01
228 7.109320e-01 4.188000e-03 2.848800e-01
229 7.102840e-01 4.100000e-03 2.856160e-01
230 7.095920e-01 4.080000e-03 2.863280e-01
231 7.089200e-01 4.008000e-03 2.870720e-01
232 7.083320e-01 3.888000e-03 2.877800e-01
233 7.077640e-01 3.824000e-03 2.884120e-01
234 7.071400e-01 3.836000e-03 2.890240e-01
235 7.064880e-01 3.872000e-03 2.896400e-01
236 7.058760e-01 3.860000e-03 2.902640e-01
237 7.052760e-01 3.804000e-03 2.909200e-01
238 7.045960e-01 3.940000e-03 2.914640e-01
239 7.040760e-01 3.816000e-03 2.921080e-01
240 7.034520e-01 3.732000e-03 2.928160e-01
241 7.028840e-01 3.620000e-03 2.934960e-01
242 7.023440e-01 3.504000e-03 2.941520e-01
243 7.018120e-01 3.412000e-03 2.947760e-01
244 7.012440e-01 3.376000e-03 2.953800e-01
245 7.007880e-01 3.140000e-03 2.960720e-01
246 7.003000e-01 3.092000e-03 2.966080e-01
247 6.997120e-01 3.116000e-03 2.971720e-01
248 6.990880e-01 3.156000e-03 2.977560e-01
249 6.985280e-01 3.160000e-03 2.983120e-01
250 6.980080e-01 3.132000e-03 2.988600e-01
251 6.975000e-01 3.016000e-03 2.994840e-01
252 6.969400e-01 3.040000e-03 3.000200e-01
253 6.965120e-01 2.972000e-03 3.005160e-01
254 6.960880e-01 2.884000e-03 3.010280e-01
255 6.955680e-01 2.920000e-03 3.015120e-01
256 6.951560e-01 2.896000e-03 3.019480e-01
257 6.946960e-01 2.812000e-03 3.024920e-01
258 6.942000e-01 2.844000e-03 3.029560e-01
259 6.937160e-01 2.812000e-03 3.034720e-01
260 6.932560e-01 2.760000e-03 3.039840e-01
261 6.928040e-01 2.676000e-03 3.045200e-01
262 6.923520e-01 2.744000e-03 3.049040e-01
263 6.919000e-01 2.684000e-03 3.054160e-01
264 6.913920e-01 2.692000e-03 3.059160e-01
265 6.910360e-01 2.648000e-03 3.063160e-01
266 6.906120e-01 2.612000e-03 3.067760e-01
267 6.901800e-01 2.604000e-03 3.072160e-01
268 6.897520e-01 2.604000e-03 3.076440e-01
269 6.893480e-01 2.576000e-03 3.080760e-01
270 6.889200e-01 2.628000e-03 3.084520e-01
271 6.884640e-01 2.636000e-03 3.089000e-01
272 6.880560e-01 2.644000e-03 3.093000e-01
273 6.875280e-01 2.724000e-03 3.097480e-01
274 6.870680e-01 2.664000e-03 3.102680e-01
275 6.865800e-01 2.660000e-03 3.107600e-01
276 6.861480e-01 2.600000e-03 3.112520e-01
277 6.856560e-01 2.616000e-03 3.117280e-01
278 6.853320e-01 2.492000e-03 3.121760e-01
279 6.849400e-01 2.460000e-03 3.126000e-01
280 6.845080e-01 2.444000e-03 3.130480e-01
281 6.840240e-01 2.512000e-03 3.134640e-01
282 6.835440e-01 2.568000e-03 3.138880e-01
283 6.831360e-01 2.560000e-03 3.143040e-01
284 6.826440e-01 2.592000e-03 3.147640e-01
285 6.822360e-01 2.568000e-03 3.151960e-01
286 6.817920e-01 2.548000e-03 3.156600e-01
287 6.813800e-01 2.492000e-03 3.161280e-01
288 6.809160e-01 2.528000e-03 3.165560e-01
289 6.804560e-01 2.564000e-03 3.169800e-01
290 6.800560e-01 2.568000e-03 3.173760e-01
291 6.796760e-01 2.448000e-03 3.178760e-01
292 6.792640e-01 2.412000e-03 3.183240e-01
293 6.788320e-01 2.440000e-03 3.187280e-01
294 6.784040e-01 2.488000e-03 3.191080e-01
295 6.780200e-01 2.456000e-03 3.195240e-01
296 6.775680e-01 2.504000e-03 3.199280e-01
297 6.771400e-01 2.484000e-03 3.203760e-01
298 6.766360e-01 2.564000e-03 3.208000e-01
299 6.761560e-01 2.624000e-03 3.212200e-01
300 6.757640e-01 2.544000e-03 3.216920e-01
301 6.753040e-01 2.548000e-03 3.221480e-01
302 6.748040e-01 2.604000e-03 3.225920e-01
303 6.744400e-01 2.524000e-03 3.230360e-01
304 6.739520e-01 2.556000e-03 3.234920e-01
305 6.734800e-01 2.600000e-03 3.239200e-01
306 6.730480e-01 2.612000e-03 3.243400e-01
307 6.726360e-01 2.536000e-03 3.248280e-01
308 6.721320e-01 2.604000e-03 3.252640e-01
309 6.716960e-01 2.600000e-03 3.257040e-01
310 6.712880e-01 2.492000e-03 3.262200e-01
311 6.709200e-01 2.456000e-03 3.266240e-01
312 6.705760e-01 2.368000e-03 3.270560e-01
313 6.702320e-01 2.276000e-03 3.274920e-01
314 6.698440e-01 2.288000e-03 3.278680e-01
315 6.695720e-01 2.144000e-03 3.282840e-01
316 6.691880e-01 2.208000e-03 3.286040e-01
317 6.689000e-01 2.176000e-03 3.289240e-01
318 6.685600e-01 2.152000e-03 3.292880e-01
319 6.681720e-01 2.236000e-03 3.295920e-01
320 6.677880e-01 2.120000e-03 3.300920e-01
321 6.673800e-01 2.104000e-03 3.305160e-01
322 6.669000e-01 2.192000e-03 3.309080e-01
323 6.664440e-01 2.232000e-03 3.313240e-01
324 6.660400e-01 2.284000e-03 3.316760e-01
325 6.656560e-01 2.272000e-03 3.320720e-01
326 6.652560e-01 2.284000e-03 3.324600e-01
327 6.648960e-01 2.260000e-03 3.328440e-01
328 6.645200e-01 2.192000e-03 3.332880e-01
329 6.641760e-01 2.168000e-03 3.336560e-01
330 6.638360e-01 2.104000e-03 3.340600e-01
331 6.634880e-01 2.144000e-03 3.343680e-01
332 6.632120e-01 2.016000e-03 3.347720e-01
333 6.628600e-01 2.012000e-03 3.351280e-01
334 6.625360e-01 2.060000e-03 3.354040e-01
335 6.622480e-01 2.000000e-03 3.357520e-01
336 6.618560e-01 2.076000e-03 3.360680e-01
337 6.615600e-01 2.072000e-03 3.363680e-01
338 6.612920e-01 1.980000e-03 3.367280e-01
339 6.609240e-01 2.036000e-03 3.370400e-01
340 6.606120e-01 2.000000e-03 3.373880e-01
341 6.603160e-01 1.952000e-03 3.377320e-01
342 6.599800e-01 1.908000e-03 3.381120e-01
343 6.595800e-01 1.940000e-03 3.384800e-01
344 6.591960e-01 2.012000e-03 3.387920e-01
345 6.587440e-01 2.116000e-03 3.391400e-01
346 6.582680e-01 2.192000e-03 3.395400e-01
347 6.578040e-01 2.312000e-03 3.398840e-01
348 6.574320e-01 2.284000e-03 3.402840e-01
349 6.570800e-01 2.212000e-03 3.407080e-01
350 6.567040e-01 2.216000e-03 3.410800e-01
351 6.564440e-01 2.068000e-03 3.414880e-01
352 6.561120e-01 2.004000e-03 3.418840e-01
353 6.557480e-01 2.020000e-03 3.422320e-01
354 6.553680e-01 2.044000e-03 3.425880e-01
355 6.550440e-01 2.020000e-03 3.429360e-01
356 6.546600e-01 2.064000e-03 3.432760e-01
357 6.542320e-01 2.092000e-03 3.436760e-01
358 6.538520e-01 2.224000e-03 3.439240e-01
359 6.534880e-01 2.240000e-03 3.442720e-01
360 6.531600e-01 2.192000e-03 3.446480e-01
361 6.528320e-01 2.140000e-03 3.450280e-01
362 6.524400e-01 2.084000e-03 3.454760e-01
363 6.520640e-01 2.108000e-03 3.458280e-01
364 6.516680e-01 2.112000e-03 3.462200e-01
365 6.512840e-01 2.124000e-03 3.465920e-01
366 6.509520e-01 2.136000e-03 3.469120e-01
367 6.505480e-01 2.152000e-03 3.473000e-01
368 6.501080e-01 2.268000e-03 3.476240e-01
369 6.496880e-01 2.312000e-03 3.480000e-01
370 6.492560e-01 2.288000e-03 3.484560e-01
371 6.489080e-01 2.180000e-03 3.489120e-01
372 6.485240e-01 2.208000e-03 3.492680e-01
373 6.482240e-01 2.104000e-03 3.496720e-01
374 6.479320e-01 1.964000e-03 3.501040e-01
375 6.475720e-01 1.976000e-03 3.504520e-01
376 6.471720e-01 1.948000e-03 3.508800e-01
377 6.468800e-01 1.856000e-03 3.512640e-01
378 6.466480e-01 1.728000e-03 3.516240e-01
379 6.464080e-01 1.680000e-03 3.519120e-01
380 6.462000e-01 1.604000e-03 3.521960e-01
381 6.458400e-01 1.684000e-03 3.524760e-01
382 6.455720e-01 1.648000e-03 3.527800e-01
383 6.452440e-01 1.680000e-03 3.530760e-01
384 6.448800e-01 1.704000e-03 3.534160e-01
385 6.445280e-01 1.752000e-03 3.537200e-01
386 6.441800e-01 1.748000e-03 3.540720e-01
387 6.438280e-01 1.800000e-03 3.543720e-01
388 6.434320e-01 1.900000e-03 3.546680e-01
389 6.430840e-01 1.900000e-03 3.550160e-01
390 6.427040e-01 1.960000e-03 3.553360e-01
391 6.423480e-01 1.964000e-03 3.556880e-01
392 6.419920e-01 2.000000e-03 3.560080e-01
393 6.416400e-01 2.012000e-03 3.563480e-01
394 6.412680e-01 2.036000e-03 3.566960e-01
395 6.409080e-01 2.084000e-03 3.570080e-01
396 6.405240e-01 2.072000e-03 3.574040e-01
397 6.401920e-01 2.060000e-03 3.577480e-01
398 6.398520e-01 2.044000e-03 3.581040e-01
399 6.395600e-01 2.008000e-03 3.584320e-01
400 6.392360e-01 2.012000e-03 3.587520e-01
401 6.388840e-01 2.044000e-03 3.590720e-01
402 6.386000e-01 1.940000e-03 3.594600e-01
403 6.382480e-01 1.928000e-03 3.598240e-01
404 6.378840e-01 1.956000e-03 3.601600e-01
405 6.375800e-01 1.928000e-03 3.604920e-01
406 6.372000e-01 2.008000e-03 3.607920e-01
407 6.368240e-01 2.080000e-03 3.610960e-01
408 6.364240e-01 2.064000e-03 3.615120e-01
409 6.360800e-01 2.064000e-03 3.618560e-01
410 6.356680e-01 2.112000e-03 3.622200e-01
411 6.353200e-01 2.112000e-03 3.625680e-01
412 6.349400e-01 2.120000e-03 3.629400e-01
413 6.345520e-01 2.152000e-03 3.632960e-01
414 6.341680e-01 2.196000e-03 3.636360e-01
415 6.338320e-01 2.216000e-03 3.639520e-01
416 6.334960e-01 2.164000e-03 3.643400e-01
417 6.330920e-01 2.244000e-03 3.646640e-01
418 6.326800e-01 2.272000e-03 3.650480e-01
419 6.323240e-01 2.196000e-03 3.654800e-01
420 6.319000e-01 2.272000e-03 3.658280e-01
421 6.315840e-01 2.140000e-03 3.662760e-01
422 6.311840e-01 2.080000e-03 3.667360e-01
423 6.308440e-01 2.040000e-03 3.671160e-01
424 6.305760e-01 1.932000e-03 3.674920e-01
425 6.302840e-01 1.856000e-03 3.678600e-01
426 6.300000e-01 1.784000e-03 3.682160e-01
427 6.297200e-01 1.760000e-03 3.685200e-01
428 6.294240e-01 1.740000e-03 3.688360e-01
429 6.290760e-01 1.744000e-03 3.691800e-01
430 6.287600e-01 1.728000e-03 3.695120e-01
431 6.284400e-01 1.720000e-03 3.698400e-01
432 6.281240e-01 1.752000e-03 3.701240e-01
433 6.277520e-01 1.796000e-03 3.704520e-01
434 6.274840e-01 1.744000e-03 3.707720e-01
435 6.271040e-01 1.840000e-03 3.710560e-01
436 6.268280e-01 1.840000e-03 3.713320e-01
437 6.265400e-01 1.792000e-03 3.716680e-01
438 6.261840e-01 1.824000e-03 3.719920e-01
439 6.259280e-01 1.792000e-03 3.722800e-01
440 6.256920e-01 1.724000e-03 3.725840e-01
441 6.254840e-01 1.636000e-03 3.728800e-01
442 6.252520e-01 1.588000e-03 3.731600e-01
443 6.249720e-01 1.580000e-03 3.734480e-01
444 6.247280e-01 1.568000e-03 3.737040e-01
445 6.244800e-01 1.536000e-03 3.739840e-01
446 6.241960e-01 1.564000e-03 3.742400e-01
447 6.238960e-01 1.616000e-03 3.744880e-01
448 6.236520e-01 1.564000e-03 3.747840e-01
449 6.234120e-01 1.532000e-03 3.750560e-01
450 6.231880e-01 1.492000e-03 3.753200e-01
451 6.229520e-01 1.456000e-03 3.755920e-01
452 6.227200e-01 1.416000e-03 3.758640e-01
453 6.224920e-01 1.372000e-03 3.761360e-01
454 6.222960e-01 1.368000e-03 3.763360e-01
455 6.220920e-01 1.344000e-03 3.765640e-01
456 6.218920e-01 1.316000e-03 3.767920e-01
457 6.216520e-01 1.268000e-03 3.770800e-01
458 6.214520e-01 1.268000e-03 3.772800e-01
459 6.212440e-01 1.240000e-03 3.775160e-01
460 6.210040e-01 1.288000e-03 3.777080e-01
461 6.206800e-01 1.428000e-03 3.778920e-01
462 6.204320e-01 1.408000e-03 3.781600e-01
463 6.201840e-01 1.440000e-03 3.783760e-01
464 6.199280e-01 1.456000e-03 3.786160e-01
465 6.197240e-01 1.408000e-03 3.788680e-01
466 6.194640e-01 1.416000e-03 3.791200e-01
467 6.192120e-01 1.448000e-03 3.793400e-01
468 6.189080e-01 1.516000e-03 3.795760e-01
469 6.186120e-01 1.576000e-03 3.798120e-01
470 6.183720e-01 1.532000e-03 3.800960e-01
471 6.182040e-01 1.428000e-03 3.803680e-01
472 6.179800e-01 1.392000e-03 3.806280e-01
473 6.177760e-01 1.376000e-03 3.808480e-01
474 6.175680e-01 1.352000e-03 3.810800e-01
475 6.173200e-01 1.320000e-03 3.813600e-01
476 6.170840e-01 1.288000e-03 3.816280e-01
477 6.167760e-01 1.416000e-03 3.818080e-01
478 6.164920e-01 1.396000e-03 3.821120e-01
479 6.162680e-01 1.328000e-03 3.824040e-01
480 6.160360e-01 1.348000e-03 3.826160e-01
481 6.158240e-01 1.332000e-03 3.828440e-01
482 6.156120e-01 1.296000e-03 3.830920e-01
483 6.154240e-01 1.256000e-03 3.833200e-01
484 6.152080e-01 1.228000e-03 3.835640e-01
485 6.150480e-01 1.168000e-03 3.837840e-01
486 6.148440e-01 1.172000e-03 3.839840e-01
487 6.146360e-01 1.144000e-03 3.842200e-01
488 6.144320e-01 1.164000e-03 3.844040e-01
489 6.141160e-01 1.328000e-03 3.845560e-01
490 6.138440e-01 1.388000e-03 3.847680e-01
491 6.136240e-01 1.384000e-03 3.849920e-01
492 6.134000e-01 1.352000e-03 3.852480e-01
493 6.132000e-01 1.316000e-03 3.854840e-01
494 6.129560e-01 1.324000e-03 3.857200e-01
495 6.127760e-01 1.308000e-03 3.859160e-01
496 6.125880e-01 1.252000e-03 3.861600e-01
497 6.124080e-01 1.216000e-03 3.863760e-01
498 6.121680e-01 1.248000e-03 3.865840e-01
499 6.119800e-01 1.232000e-03 3.867880e-01
500 6.118040e-01 1.180000e-03 3.870160e-01
