1 9.993240e-01 6.040000e-04 7.200000e-05
2 9.988760e-01 9.320000e-04 1.920000e-04
3 9.982800e-01 1.268000e-03 4.520000e-04
4 9.976200e-01 1.628000e-03 7.520000e-04
5 9.969600e-01 2.008000e-03 1.032000e-03
6 9.961600e-01 2.384000e-03 1.456000e-03
7 9.951720e-01 2.904000e-03 1.924000e-03
8 9.940640e-01 3.416000e-03 2.520000e-03
9 9.930600e-01 3.828000e-03 3.112000e-03
10 9.918680e-01 4.348000e-03 3.784000e-03
11 9.908000e-01 4.564000e-03 4.636000e-03
12 9.897600e-01 4.784000e-03 5.456000e-03
13 9.887040e-01 4.984000e-03 6.312000e-03
14 9.875440e-01 5.380000e-03 7.076000e-03
15 9.863320e-01 5.564000e-03 8.104000e-03
16 9.851120e-01 5.720000e-03 9.168000e-03
17 9.839520e-01 5.948000e-03 1.010000e-02
18 9.827800e-01 6.000000e-03 1.122000e-02
19 9.816160e-01 6.100000e-03 1.228400e-02
20 9.804680e-01 6.088000e-03 1.344400e-02
21 9.792360e-01 6.196000e-03 1.456800e-02
22 9.781040e-01 6.152000e-03 1.574400e-02
23 9.769480e-01 6.156000e-03 1.689600e-02
24 9.758720e-01 6.136000e-03 1.799200e-02
25 9.745640e-01 6.324000e-03 1.911200e-02
26 9.733040e-01 6.476000e-03 2.022000e-02
27 9.718720e-01 6.772000e-03 2.135600e-02
28 9.705480e-01 6.892000e-03 2.256000e-02
29 9.691200e-01 7.040000e-03 2.384000e-02
30 9.677280e-01 7.156000e-03 2.511600e-02
31 9.663280e-01 7.360000e-03 2.631200e-02
32 9.648480e-01 7.620000e-03 2.753200e-02
33 9.632760e-01 7.692000e-03 2.903200e-02
34 9.617480e-01 7.864000e-03 3.038800e-02
35 9.602920e-01 7.916000e-03 3.179200e-02
36 9.586800e-01 8.092000e-03 3.322800e-02
37 9.570680e-01 8.204000e-03 3.472800e-02
38 9.555960e-01 8.232000e-03 3.617200e-02
39 9.539240e-01 8.396000e-03 3.768000e-02
40 9.522760e-01 8.432000e-03 3.929200e-02
41 9.505680e-01 8.724000e-03 4.070800e-02
42 9.486160e-01 9.032000e-03 4.235200e-02
43 9.469320e-01 9.032000e-03 4.403600e-02
44 9.451520e-01 9.216000e-03 4.563200e-02
45 9.433120e-01 9.400000e-03 4.728800e-02
46 9.414600e-01 9.592000e-03 4.894800e-02
47 9.395400e-01 9.800000e-03 5.066000e-02
48 9.378560e-01 9.796000e-03 5.234800e-02
49 9.359640e-01 1.012000e-02 5.391600e-02
50 9.340120e-01 1.021600e-02 5.577200e-02
51 9.321720e-01 1.018800e-02 5.764000e-02
52 9.304560e-01 1.007200e-02 5.947200e-02
53 9.286880e-01 1.012000e-02 6.119200e-02
54 9.269680e-01 9.984000e-03 6.304800e-02
55 9.252200e-01 1.013600e-02 6.464400e-02
56 9.232520e-01 1.027200e-02 6.647600e-02
57 9.214400e-01 1.028000e-02 6.828000e-02
58 9.197160e-01 1.022000e-02 7.006400e-02
59 9.177920e-01 1.042800e-02 7.178000e-02
60 9.159680e-01 1.046400e-02 7.356800e-02
61 9.140680e-01 1.058000e-02 7.535200e-02
62 9.121520e-01 1.058400e-02 7.726400e-02
63 9.101600e-01 1.071600e-02 7.912400e-02
64 9.083480e-01 1.070800e-02 8.094400e-02
65 9.064320e-01 1.074400e-02 8.282400e-02
66 9.044720e-01 1.077600e-02 8.475200e-02
67 9.027520e-01 1.060400e-02 8.664400e-02
68 9.008560e-01 1.072400e-02 8.842000e-02
69 8.989760e-01 1.074800e-02 9.027600e-02
70 8.971160e-01 1.066400e-02 9.222000e-02
71 8.953600e-01 1.049600e-02 9.414400e-02
72 8.936840e-01 1.020400e-02 9.611200e-02
73 8.919720e-01 1.023600e-02 9.779200e-02
74 8.901840e-01 1.020400e-02 9.961200e-02
75 8.885400e-01 1.003200e-02 1.014280e-01
76 8.868320e-01 1.017600e-02 1.029920e-01
77 8.851400e-01 1.010800e-02 1.047520e-01
78 8.834000e-01 1.021200e-02 1.063880e-01
79 8.817720e-01 1.004400e-02 1.081840e-01
80 8.800680e-01 1.002400e-02 1.099080e-01
81 8.781880e-01 1.017600e-02 1.116360e-01
82 8.765160e-01 9.952000e-03 1.135320e-01
83 8.750280e-01 9.728000e-03 1.152440e-01
84 8.732280e-01 9.656000e-03 1.171160e-01
85 8.716440e-01 9.544000e-03 1.188120e-01
86 8.700480e-01 9.396000e-03 1.205560e-01
87 8.683600e-01 9.460000e-03 1.221800e-01
88 8.666480e-01 9.444000e-03 1.239080e-01
89 8.647760e-01 9.568000e-03 1.256560e-01
90 8.630960e-01 9.492000e-03 1.274120e-01
91 8.612440e-01 9.688000e-03 1.290680e-01
92 8.595880e-01 9.644000e-03 1.307680e-01
93 8.577760e-01 9.756000e-03 1.324680e-01
94 8.561320e-01 9.736000e-03 1.341320e-01
95 8.544440e-01 9.692000e-03 1.358640e-01
96 8.527840e-01 9.672000e-03 1.375440e-01
97 8.510600e-01 9.708000e-03 1.392320e-01
98 8.493640e-01 9.848000e-03 1.407880e-01
99 8.476440e-01 9.840000e-03 1.425160e-01
100 8.461160e-01 9.632000e-03 1.442520e-01
101 8.445360e-01 9.556000e-03 1.459080e-01
102 8.430720e-01 9.340000e-03 1.475880e-01
103 8.416120e-01 9.260000e-03 1.491280e-01
104 8.401800e-01 9.184000e-03 1.506360e-01
105 8.387760e-01 8.988000e-03 1.522360e-01
106 8.374200e-01 8.772000e-03 1.538080e-01
107 8.360960e-01 8.676000e-03 1.552280e-01
108 8.349160e-01 8.448000e-03 1.566360e-01
109 8.336360e-01 8.340000e-03 1.580240e-01
110 8.323200e-01 8.256000e-03 1.594240e-01
111 8.310320e-01 8.152000e-03 1.608160e-01
112 8.296200e-01 8.064000e-03 1.623160e-01
113 8.282840e-01 7.936000e-03 1.637800e-01
114 8.269720e-01 7.728000e-03 1.653000e-01
115 8.255720e-01 7.788000e-03 1.666400e-01
116 8.242040e-01 7.736000e-03 1.680600e-01
117 8.228000e-01 7.848000e-03 1.693520e-01
118 8.214000e-01 7.824000e-03 1.707760e-01
119 8.199760e-01 7.920000e-03 1.721040e-01
120 8.185080e-01 8.012000e-03 1.734800e-01
121 8.171520e-01 7.928000e-03 1.749200e-01
122 8.157360e-01 8.020000e-03 1.762440e-01
123 8.142600e-01 8.096000e-03 1.776440e-01
124 8.128760e-01 8.032000e-03 1.790920e-01
125 8.115080e-01 7.944000e-03 1.805480e-01
126 8.099960e-01 8.004000e-03 1.820000e-01
127 8.087560e-01 7.776000e-03 1.834680e-01
128 8.073600e-01 7.876000e-03 1.847640e-01
129 8.061280e-01 7.748000e-03 1.861240e-01
130 8.047640e-01 7.712000e-03 1.875240e-01
131 8.034600e-01 7.648000e-03 1.888920e-01
132 8.021640e-01 7.616000e-03 1.902200e-01
133 8.008280e-01 7.560000e-03 1.916120e-01
134 7.996080e-01 7.468000e-03 1.929240e-01
135 7.982760e-01 7.288000e-03 1.944360e-01
136 7.971760e-01 7.072000e-03 1.957520e-01
137 7.960040e-01 6.992000e-03 1.970040e-01
138 7.947680e-01 7.008000e-03 1.982240e-01
139 7.935920e-01 6.916000e-03 1.994920e-01
140 7.923200e-01 6.900000e-03 2.007800e-01
141 7.910920e-01 6.856000e-03 2.020520e-01
142 7.898840e-01 6.872000e-03 2.032440e-01
143 7.887320e-01 6.900000e-03 2.043680e-01
144 7.875680e-01 6.924000e-03 2.055080e-01
145 7.864400e-01 6.884000e-03 2.066760e-01
146 7.852800e-01 6.812000e-03 2.079080e-01
147 7.841600e-01 6.684000e-03 2.091560e-01
148 7.830680e-01 6.556000e-03 2.103760e-01
149 7.819680e-01 6.508000e-03 2.115240e-01
150 7.808840e-01 6.452000e-03 2.126640e-01
151 7.797240e-01 6.460000e-03 2.138160e-01
152 7.786240e-01 6.444000e-03 2.149320e-01
153 7.775040e-01 6.516000e-03 2.159800e-01
154 7.764520e-01 6.440000e-03 2.171080e-01
155 7.753880e-01 6.496000e-03 2.181160e-01
156 7.743280e-01 6.408000e-03 2.192640e-01
157 7.732280e-01 6.304000e-03 2.204680e-01
158 7.722520e-01 6.100000e-03 2.216480e-01
159 7.711680e-01 6.180000e-03 2.226520e-01
160 7.702080e-01 6.004000e-03 2.237880e-01
161 7.692960e-01 5.980000e-03 2.247240e-01
162 7.683440e-01 5.892000e-03 2.257640e-01
163 7.673840e-01 5.756000e-03 2.268600e-01
164 7.664200e-01 5.576000e-03 2.280040e-01
165 7.655000e-01 5.532000e-03 2.289680e-01
166 7.645480e-01 5.376000e-03 2.300760e-01
167 7.637200e-01 5.360000e-03 2.309200e-01
168 7.627600e-01 5.300000e-03 2.319400e-01
169 7.617880e-01 5.364000e-03 2.328480e-01
170 7.608280e-01 5.372000e-03 2.338000e-01
171 7.599080e-01 5.356000e-03 2.347360e-01
172 7.589680e-01 5.324000e-03 2.357080e-01
173 7.578640e-01 5.428000e-03 2.367080e-01
174 7.567920e-01 5.468000e-03 2.377400e-01
175 7.558360e-01 5.472000e-03 2.386920e-01
176 7.549920e-01 5.364000e-03 2.396440e-01
177 7.540440e-01 5.244000e-03 2.407120e-01
178 7.532360e-01 5.168000e-03 2.415960e-01
179 7.523760e-01 5.124000e-03 2.425000e-01
180 7.514720e-01 5.096000e-03 2.434320e-01
181 7.505920e-01 5.112000e-03 2.442960e-01
182 7.497160e-01 5.112000e-03 2.451720e-01
183 7.489200e-01 5.028000e-03 2.460520e-01
184 7.481000e-01 4.936000e-03 2.469640e-01
185 7.472520e-01 4.872000e-03 2.478760e-01
186 7.463720e-01 4.900000e-03 2.487280e-01
187 7.456080e-01 4.888000e-03 2.495040e-01
188 7.448160e-01 4.752000e-03 2.504320e-01
189 7.439160e-01 4.848000e-03 2.512360e-01
190 7.430040e-01 4.912000e-03 2.520840e-01
191 7.422800e-01 4.688000e-03 2.530320e-01
192 7.415040e-01 4.764000e-03 2.537320e-01
193 7.408200e-01 4.684000e-03 2.544960e-01
194 7.400880e-01 4.652000e-03 2.552600e-01
195 7.393640e-01 4.564000e-03 2.560720e-01
196 7.385360e-01 4.588000e-03 2.568760e-01
197 7.378200e-01 4.540000e-03 2.576400e-01
198 7.370400e-01 4.512000e-03 2.584480e-01
199 7.363680e-01 4.496000e-03 2.591360e-01
200 7.356640e-01 4.532000e-03 2.598040e-01
201 7.349240e-01 4.528000e-03 2.605480e-01
202 7.341800e-01 4.456000e-03 2.613640e-01
203 7.334320e-01 4.464000e-03 2.621040e-01
204 7.326720e-01 4.448000e-03 2.628800e-01
205 7.319560e-01 4.340000e-03 2.637040e-01
206 7.312960e-01 4.264000e-03 2.644400e-01
207 7.305800e-01 4.248000e-03 2.651720e-01
208 7.298640e-01 4.256000e-03 2.658800e-01
209 7.291760e-01 4.256000e-03 2.665680e-01
210 7.284320e-01 4.176000e-03 2.673920e-01
211 7.276480e-01 4.284000e-03 2.680680e-01
212 7.269800e-01 4.172000e-03 2.688480e-01
213 7.264120e-01 3.936000e-03 2.696520e-01
214 7.258440e-01 3.856000e-03 2.703000e-01
215 7.251560e-01 3.852000e-03 2.709920e-01
216 7.244920e-01 3.868000e-03 2.716400e-01
217 7.238800e-01 3.780000e-03 2.723400e-01
218 7.233000e-01 3.636000e-03 2.730640e-01
219 7.228120e-01 3.492000e-03 2.736960e-01
220 7.221680e-01 3.556000e-03 2.742760e-01
221 7.216880e-01 3.468000e-03 2.748440e-01
222 7.210960e-01 3.484000e-03 2.754200e-01
223 7.205160e-01 3.508000e-03 2.759760e-01
224 7.199040e-01 3.520000e-03 2.765760e-01
225 7.192520e-01 3.536000e-03 2.772120e-01
226 7.186120e-01 3.576000e-03 2.778120e-01
227 7.179840e-01 3.568000e-03 2.784480e-01
228 7.173560e-01 3.612000e-03 2.790320e-01
229 7.167040e-01 3.700000e-03 2.795960e-01
230 7.161080e-01 3.604000e-03 2.802880e-01
231 7.153520e-01 3.860000e-03 2.807880e-01
232 7.147160e-01 3.856000e-03 2.814280e-01
233 7.141240e-01 3.760000e-03 2.821160e-01
234 7.135600e-01 3.664000e-03 2.827760e-01
235 7.129120e-01 3.692000e-03 2.833960e-01
236 7.123520e-01 3.624000e-03 2.840240e-01
237 7.117520e-01 3.572000e-03 2.846760e-01
238 7.111800e-01 3.536000e-03 2.852840e-01
239 7.105520e-01 3.572000e-03 2.858760e-01
240 7.100560e-01 3.440000e-03 2.865040e-01
241 7.094840e-01 3.456000e-03 2.870600e-01
242 7.089480e-01 3.364000e-03 2.876880e-01
243 7.084160e-01 3.276000e-03 2.883080e-01
244 7.078560e-01 3.288000e-03 2.888560e-01
245 7.073440e-01 3.224000e-03 2.894320e-01
246 7.068600e-01 3.128000e-03 2.900120e-01
247 7.064320e-01 2.972000e-03 2.905960e-01
248 7.059280e-01 3.040000e-03 2.910320e-01
249 7.053280e-01 3.072000e-03 2.916000e-01
250 7.048120e-01 3.044000e-03 2.921440e-01
251 7.041600e-01 3.184000e-03 2.926560e-01
252 7.035520e-01 3.188000e-03 2.932600e-01
253 7.029440e-01 3.188000e-03 2.938680e-01
254 7.023440e-01 3.192000e-03 2.944640e-01
255 7.018480e-01 3.120000e-03 2.950320e-01
256 7.013680e-01 2.980000e-03 2.956520e-01
257 7.009040e-01 2.940000e-03 2.961560e-01
258 7.003800e-01 2.928000e-03 2.966920e-01
259 6.999600e-01 2.880000e-03 2.971600e-01
260 6.995320e-01 2.792000e-03 2.976760e-01
261 6.990360e-01 2.868000e-03 2.980960e-01
262 6.985320e-01 2.904000e-03 2.985640e-01
263 6.979800e-01 2.964000e-03 2.990560e-01
264 6.975000e-01 3.004000e-03 2.994960e-01
265 6.970040e-01 3.020000e-03 2.999760e-01
266 6.964640e-01 2.996000e-03 3.005400e-01
267 6.959000e-01 2.980000e-03 3.011200e-01
268 6.953880e-01 2.980000e-03 3.016320e-01
269 6.948400e-01 2.992000e-03 3.021680e-01
270 6.943080e-01 2.988000e-03 3.027040e-01
271 6.937360e-01 3.064000e-03 3.032000e-01
272 6.931960e-01 3.080000e-03 3.037240e-01
273 6.926560e-01 3.032000e-03 3.043120e-01
274 6.921200e-01 3.072000e-03 3.048080e-01
275 6.916480e-01 2.932000e-03 3.054200e-01
276 6.911880e-01 2.892000e-03 3.059200e-01
277 6.906600e-01 2.920000e-03 3.064200e-01
278 6.902080e-01 2.928000e-03 3.068640e-01
279 6.897280e-01 2.916000e-03 3.073560e-01
280 6.893080e-01 2.856000e-03 3.078360e-01
281 6.888640e-01 2.832000e-03 3.083040e-01
282 6.884080e-01 2.832000e-03 3.087600e-01
283 6.880040e-01 2.760000e-03 3.092360e-01
284 6.875480e-01 2.740000e-03 3.097120e-01
285 6.870960e-01 2.676000e-03 3.102280e-01
286 6.867360e-01 2.568000e-03 3.106960e-01
287 6.863520e-01 2.488000e-03 3.111600e-01
288 6.860280e-01 2.416000e-03 3.115560e-01
289 6.857600e-01 2.288000e-03 3.119520e-01
290 6.854560e-01 2.180000e-03 3.123640e-01
291 6.850680e-01 2.148000e-03 3.127840e-01
292 6.847280e-01 2.108000e-03 3.131640e-01
293 6.843920e-01 2.052000e-03 3.135560e-01
294 6.840200e-01 2.024000e-03 3.139560e-01
295 6.836640e-01 2.084000e-03 3.142520e-01
296 6.833320e-01 2.052000e-03 3.146160e-01
297 6.829880e-01 2.060000e-03 3.149520e-01
298 6.826080e-01 2.136000e-03 3.152560e-01
299 6.821560e-01 2.240000e-03 3.156040e-01
300 6.818160e-01 2.172000e-03 3.160120e-01
301 6.814880e-01 2.172000e-03 3.163400e-01
302 6.811400e-01 2.140000e-03 3.167200e-01
303 6.807840e-01 2.100000e-03 3.171160e-01
304 6.804560e-01 2.064000e-03 3.174800e-01
305 6.801600e-01 2.020000e-03 3.178200e-01
306 6.798400e-01 1.980000e-03 3.181800e-01
307 6.795720e-01 1.912000e-03 3.185160e-01
308 6.792640e-01 1.956000e-03 3.187800e-01
309 6.789880e-01 1.876000e-03 3.191360e-01
310 6.786960e-01 1.800000e-03 3.195040e-01
311 6.784440e-01 1.744000e-03 3.198120e-01
312 6.781400e-01 1.708000e-03 3.201520e-01
313 6.778360e-01 1.708000e-03 3.204560e-01
314 6.775400e-01 1.680000e-03 3.207800e-01
315 6.772440e-01 1.672000e-03 3.210840e-01
316 6.769400e-01 1.640000e-03 3.214200e-01
317 6.767200e-01 1.576000e-03 3.217040e-01
318 6.764640e-01 1.600000e-03 3.219360e-01
319 6.761560e-01 1.628000e-03 3.222160e-01
320 6.758840e-01 1.648000e-03 3.224680e-01
321 6.756200e-01 1.620000e-03 3.227600e-01
322 6.753440e-01 1.660000e-03 3.229960e-01
323 6.751040e-01 1.616000e-03 3.232800e-01
324 6.748120e-01 1.648000e-03 3.235400e-01
325 6.745120e-01 1.656000e-03 3.238320e-01
326 6.742200e-01 1.628000e-03 3.241520e-01
327 6.739000e-01 1.704000e-03 3.243960e-01
328 6.735680e-01 1.700000e-03 3.247320e-01
329 6.733080e-01 1.704000e-03 3.249880e-01
330 6.730120e-01 1.684000e-03 3.253040e-01
331 6.726280e-01 1.764000e-03 3.256080e-01
332 6.723200e-01 1.784000e-03 3.258960e-01
333 6.719600e-01 1.828000e-03 3.262120e-01
334 6.717160e-01 1.716000e-03 3.265680e-01
335 6.714040e-01 1.736000e-03 3.268600e-01
336 6.711120e-01 1.748000e-03 3.271400e-01
337 6.708640e-01 1.744000e-03 3.273920e-01
338 6.705760e-01 1.764000e-03 3.276600e-01
339 6.703040e-01 1.744000e-03 3.279520e-01
340 6.700560e-01 1.668000e-03 3.282760e-01
341 6.697480e-01 1.716000e-03 3.285360e-01
342 6.695040e-01 1.716000e-03 3.287800e-01
343 6.692480e-01 1.680000e-03 3.290720e-01
344 6.690000e-01 1.584000e-03 3.294160e-01
345 6.687480e-01 1.540000e-03 3.297120e-01
346 6.684920e-01 1.564000e-03 3.299440e-01
347 6.682600e-01 1.524000e-03 3.302160e-01
348 6.680320e-01 1.552000e-03 3.304160e-01
349 6.677840e-01 1.548000e-03 3.306680e-01
350 6.675480e-01 1.520000e-03 3.309320e-01
351 6.672400e-01 1.552000e-03 3.312080e-01
352 6.670120e-01 1.476000e-03 3.315120e-01
353 6.667520e-01 1.436000e-03 3.318120e-01
354 6.665360e-01 1.488000e-03 3.319760e-01
355 6.663240e-01 1.480000e-03 3.321960e-01
356 6.660920e-01 1.420000e-03 3.324880e-01
357 6.658480e-01 1.444000e-03 3.327080e-01
358 6.656440e-01 1.408000e-03 3.329480e-01
359 6.653320e-01 1.448000e-03 3.332200e-01
360 6.651320e-01 1.408000e-03 3.334600e-01
361 6.648320e-01 1.468000e-03 3.337000e-01
362 6.646120e-01 1.476000e-03 3.339120e-01
363 6.642960e-01 1.516000e-03 3.341880e-01
364 6.640480e-01 1.464000e-03 3.344880e-01
365 6.637760e-01 1.540000e-03 3.346840e-01
366 6.635040e-01 1.560000e-03 3.349360e-01
367 6.632280e-01 1.536000e-03 3.352360e-01
368 6.629680e-01 1.532000e-03 3.355000e-01
369 6.627480e-01 1.488000e-03 3.357640e-01
370 6.624360e-01 1.548000e-03 3.360160e-01
371 6.621400e-01 1.580000e-03 3.362800e-01
372 6.618720e-01 1.608000e-03 3.365200e-01
373 6.616120e-01 1.648000e-03 3.367400e-01
374 6.613440e-01 1.628000e-03 3.370280e-01
375 6.610400e-01 1.680000e-03 3.372800e-01
376 6.608040e-01 1.596000e-03 3.376000e-01
377 6.604960e-01 1.648000e-03 3.378560e-01
378 6.601680e-01 1.704000e-03 3.381280e-01
379 6.598320e-01 1.748000e-03 3.384200e-01
380 6.595160e-01 1.744000e-03 3.387400e-01
381 6.591880e-01 1.720000e-03 3.390920e-01
382 6.588400e-01 1.848000e-03 3.393120e-01
383 6.584800e-01 1.912000e-03 3.396080e-01
384 6.581400e-01 1.948000e-03 3.399120e-01
385 6.578320e-01 1.876000e-03 3.402920e-01
386 6.575480e-01 1.908000e-03 3.405440e-01
387 6.572560e-01 1.804000e-03 3.409400e-01
388 6.569880e-01 1.784000e-03 3.412280e-01
389 6.567000e-01 1.792000e-03 3.415080e-01
390 6.564480e-01 1.688000e-03 3.418640e-01
391 6.561920e-01 1.644000e-03 3.421640e-01
392 6.559760e-01 1.592000e-03 3.424320e-01
393 6.557880e-01 1.532000e-03 3.426800e-01
394 6.555560e-01 1.508000e-03 3.429360e-01
395 6.553240e-01 1.492000e-03 3.431840e-01
396 6.551480e-01 1.448000e-03 3.434040e-01
397 6.548800e-01 1.512000e-03 3.436080e-01
398 6.546520e-01 1.508000e-03 3.438400e-01
399 6.544800e-01 1.416000e-03 3.441040e-01
400 6.542720e-01 1.360000e-03 3.443680e-01
401 6.540840e-01 1.300000e-03 3.446160e-01
402 6.538880e-01 1.276000e-03 3.448360e-01
403 6.536680e-01 1.260000e-03 3.450720e-01
404 6.534680e-01 1.248000e-03 3.452840e-01
405 6.533000e-01 1.216000e-03 3.454840e-01
406 6.530600e-01 1.288000e-03 3.456520e-01
407 6.528240e-01 1.320000e-03 3.458560e-01
408 6.526720e-01 1.300000e-03 3.460280e-01
409 6.524440e-01 1.300000e-03 3.462560e-01
410 6.522800e-01 1.232000e-03 3.464880e-01
411 6.520120e-01 1.256000e-03 3.467320e-01
412 6.517920e-01 1.304000e-03 3.469040e-01
413 6.516200e-01 1.312000e-03 3.470680e-01
414 6.514120e-01 1.276000e-03 3.473120e-01
415 6.511200e-01 1.344000e-03 3.475360e-01
416 6.508520e-01 1.400000e-03 3.477480e-01
417 6.506040e-01 1.408000e-03 3.479880e-01
418 6.503520e-01 1.420000e-03 3.482280e-01
419 6.501560e-01 1.408000e-03 3.484360e-01
420 6.499080e-01 1.464000e-03 3.486280e-01
421 6.496320e-01 1.524000e-03 3.488440e-01
422 6.493680e-01 1.456000e-03 3.491760e-01
423 6.491520e-01 1.404000e-03 3.494440e-01
424 6.489560e-01 1.384000e-03 3.496600e-01
425 6.487240e-01 1.396000e-03 3.498800e-01
426 6.484040e-01 1.500000e-03 3.500960e-01
427 6.481720e-01 1.436000e-03 3.503920e-01
428 6.479160e-01 1.440000e-03 3.506440e-01
429 6.476880e-01 1.412000e-03 3.509000e-01
430 6.474600e-01 1.412000e-03 3.511280e-01
431 6.472000e-01 1.448000e-03 3.513520e-01
432 6.469040e-01 1.540000e-03 3.515560e-01
433 6.466800e-01 1.528000e-03 3.517920e-01
434 6.464520e-01 1.480000e-03 3.520680e-01
435 6.462400e-01 1.480000e-03 3.522800e-01
436 6.460520e-01 1.384000e-03 3.525640e-01
437 6.458520e-01 1.360000e-03 3.527880e-01
438 6.456320e-01 1.284000e-03 3.530840e-01
439 6.454200e-01 1.252000e-03 3.533280e-01
440 6.452200e-01 1.184000e-03 3.535960e-01
441 6.450440e-01 1.144000e-03 3.538120e-01
442 6.448720e-01 1.156000e-03 3.539720e-01
443 6.446440e-01 1.148000e-03 3.542080e-01
444 6.444960e-01 1.092000e-03 3.544120e-01
445 6.443560e-01 1.020000e-03 3.546240e-01
446 6.441800e-01 1.024000e-03 3.547960e-01
447 6.440120e-01 1.004000e-03 3.549840e-01
448 6.438640e-01 1.020000e-03 3.551160e-01
449 6.437080e-01 1.004000e-03 3.552880e-01
450 6.435880e-01 9.720000e-04 3.554400e-01
451 6.434360e-01 9.280000e-04 3.556360e-01
452 6.433120e-01 8.440000e-04 3.558440e-01
453 6.431920e-01 8.320000e-04 3.559760e-01
454 6.430560e-01 8.080000e-04 3.561360e-01
455 6.429160e-01 7.920000e-04 3.562920e-01
456 6.427520e-01 8.280000e-04 3.564200e-01
457 6.426400e-01 7.920000e-04 3.565680e-01
458 6.424760e-01 8.080000e-04 3.567160e-01
459 6.423280e-01 8.400000e-04 3.568320e-01
460 6.422000e-01 8.280000e-04 3.569720e-01
461 6.420680e-01 8.120000e-04 3.571200e-01
462 6.419480e-01 7.920000e-04 3.572600e-01
463 6.417800e-01 8.360000e-04 3.573840e-01
464 6.416520e-01 8.080000e-04 3.575400e-01
465 6.415600e-01 7.520000e-04 3.576880e-01
466 6.414480e-01 7.400000e-04 3.578120e-01
467 6.413000e-01 7.440000e-04 3.579560e-01
468 6.411840e-01 7.600000e-04 3.580560e-01
469 6.410520e-01 7.120000e-04 3.582360e-01
470 6.409160e-01 7.360000e-04 3.583480e-01
471 6.407960e-01 7.320000e-04 3.584720e-01
472 6.406440e-01 7.680000e-04 3.585880e-01
473 6.405520e-01 7.240000e-04 3.587240e-01
474 6.404440e-01 7.080000e-04 3.588480e-01
475 6.403400e-01 7.120000e-04 3.589480e-01
476 6.402280e-01 7.080000e-04 3.590640e-01
477 6.401080e-01 7.160000e-04 3.591760e-01
478 6.399920e-01 7.320000e-04 3.592760e-01
479 6.398760e-01 7.200000e-04 3.594040e-01
480 6.397480e-01 7.200000e-04 3.595320e-01
481 6.396120e-01 7.240000e-04 3.596640e-01
482 6.394760e-01 7.640000e-04 3.597600e-01
483 6.393560e-01 7.640000e-04 3.598800e-01
484 6.392320e-01 7.320000e-04 3.600360e-01
485 6.391240e-01 7.200000e-04 3.601560e-01
486 6.390600e-01 6.440000e-04 3.602960e-01
487 6.389720e-01 6.440000e-04 3.603840e-01
488 6.389200e-01 5.960000e-04 3.604840e-01
489 6.388480e-01 5.480000e-04 3.606040e-01
490 6.387800e-01 5.200000e-04 3.607000e-01
491 6.387240e-01 4.760000e-04 3.608000e-01
492 6.386840e-01 4.360000e-04 3.608800e-01
493 6.386520e-01 4.320000e-04 3.609160e-01
494 6.385840e-01 4.040000e-04 3.610120e-01
495 6.385240e-01 3.840000e-04 3.610920e-01
496 6.384640e-01 4.040000e-04 3.611320e-01
497 6.384080e-01 3.760000e-04 3.612160e-01
498 6.383280e-01 3.880000e-04 3.612840e-01
499 6.382160e-01 4.400000e-04 3.613440e-01
500 6.381240e-01 4.560000e-04 3.614200e-01
