1 9.992240e-01 6.880000e-04 8.800000e-05
2 9.986800e-01 1.048000e-03 2.720000e-04
3 9.980800e-01 1.472000e-03 4.480000e-04
4 9.974120e-01 1.820000e-03 7.680000e-04
5 9.966000e-01 2.268000e-03 1.132000e-03
6 9.956680e-01 2.784000e-03 1.548000e-03
7 9.946960e-01 3.216000e-03 2.088000e-03
8 9.936760e-01 3.652000e-03 2.672000e-03
9 9.926160e-01 4.016000e-03 3.368000e-03
10 9.915880e-01 4.264000e-03 4.148000e-03
11 9.904720e-01 4.628000e-03 4.900000e-03
12 9.893640e-01 4.956000e-03 5.680000e-03
13 9.881560e-01 5.272000e-03 6.572000e-03
14 9.870240e-01 5.468000e-03 7.508000e-03
15 9.857440e-01 5.856000e-03 8.400000e-03
16 9.844320e-01 6.112000e-03 9.456000e-03
17 9.831200e-01 6.336000e-03 1.054400e-02
18 9.817360e-01 6.580000e-03 1.168400e-02
19 9.804800e-01 6.660000e-03 1.286000e-02
20 9.789920e-01 6.904000e-03 1.410400e-02
21 9.775480e-01 7.148000e-03 1.530400e-02
22 9.759960e-01 7.380000e-03 1.662400e-02
23 9.745040e-01 7.600000e-03 1.789600e-02
24 9.729960e-01 7.692000e-03 1.931200e-02
25 9.715720e-01 7.828000e-03 2.060000e-02
26 9.699240e-01 8.188000e-03 2.188800e-02
27 9.683000e-01 8.372000e-03 2.332800e-02
28 9.667400e-01 8.484000e-03 2.477600e-02
29 9.651000e-01 8.652000e-03 2.624800e-02
30 9.633480e-01 8.832000e-03 2.782000e-02
31 9.617560e-01 8.756000e-03 2.948800e-02
32 9.600080e-01 8.848000e-03 3.114400e-02
33 9.581840e-01 9.072000e-03 3.274400e-02
34 9.563320e-01 9.364000e-03 3.430400e-02
35 9.546200e-01 9.372000e-03 3.600800e-02
36 9.528560e-01 9.460000e-03 3.768400e-02
37 9.510200e-01 9.724000e-03 3.925600e-02
38 9.492280e-01 9.688000e-03 4.108400e-02
39 9.473080e-01 9.892000e-03 4.280000e-02
40 9.455720e-01 9.808000e-03 4.462000e-02
41 9.437120e-01 9.832000e-03 4.645600e-02
42 9.418200e-01 1.006800e-02 4.811200e-02
43 9.401120e-01 9.964000e-03 4.992400e-02
44 9.383480e-01 1.002400e-02 5.162800e-02
45 9.363720e-01 1.023600e-02 5.339200e-02
46 9.345040e-01 1.033600e-02 5.516000e-02
47 9.326680e-01 1.038000e-02 5.695200e-02
48 9.308240e-01 1.045600e-02 5.872000e-02
49 9.290360e-01 1.043200e-02 6.053200e-02
50 9.272280e-01 1.030000e-02 6.247200e-02
51 9.255360e-01 1.015600e-02 6.430800e-02
52 9.238320e-01 1.002400e-02 6.614400e-02
53 9.222040e-01 9.808000e-03 6.798800e-02
54 9.202400e-01 1.003600e-02 6.972400e-02
55 9.183120e-01 9.980000e-03 7.170800e-02
56 9.165280e-01 9.980000e-03 7.349200e-02
57 9.145840e-01 1.020000e-02 7.521600e-02
58 9.126320e-01 1.047200e-02 7.689600e-02
59 9.106120e-01 1.054800e-02 7.884000e-02
60 9.087520e-01 1.058800e-02 8.066000e-02
61 9.067360e-01 1.070400e-02 8.256000e-02
62 9.048240e-01 1.067200e-02 8.450400e-02
63 9.029000e-01 1.076000e-02 8.634000e-02
64 9.010800e-01 1.068000e-02 8.824000e-02
65 8.990360e-01 1.088400e-02 9.008000e-02
66 8.971320e-01 1.090400e-02 9.196400e-02
67 8.953560e-01 1.080800e-02 9.383600e-02
68 8.934960e-01 1.088400e-02 9.562000e-02
69 8.917200e-01 1.071200e-02 9.756800e-02
70 8.898240e-01 1.073200e-02 9.944400e-02
71 8.879000e-01 1.086800e-02 1.012320e-01
72 8.858920e-01 1.094400e-02 1.031640e-01
73 8.841040e-01 1.088000e-02 1.050160e-01
74 8.823320e-01 1.083200e-02 1.068360e-01
75 8.804040e-01 1.091600e-02 1.086800e-01
76 8.786560e-01 1.082000e-02 1.105240e-01
77 8.768600e-01 1.074400e-02 1.123960e-01
78 8.749720e-01 1.069200e-02 1.143360e-01
79 8.730880e-01 1.066800e-02 1.162440e-01
80 8.711800e-01 1.071600e-02 1.181040e-01
81 8.692000e-01 1.087200e-02 1.199280e-01
82 8.671920e-01 1.091600e-02 1.218920e-01
83 8.654200e-01 1.082400e-02 1.237560e-01
84 8.634640e-01 1.084400e-02 1.256920e-01
85 8.616280e-01 1.086800e-02 1.275040e-01
86 8.596800e-01 1.092400e-02 1.293960e-01
87 8.577120e-01 1.092400e-02 1.313640e-01
88 8.559320e-01 1.064400e-02 1.334240e-01
89 8.539400e-01 1.080400e-02 1.352560e-01
90 8.520840e-01 1.069200e-02 1.372240e-01
91 8.500920e-01 1.092000e-02 1.389880e-01
92 8.482680e-01 1.084000e-02 1.408920e-01
93 8.465840e-01 1.047600e-02 1.429400e-01
94 8.447120e-01 1.062400e-02 1.446640e-01
95 8.429640e-01 1.052000e-02 1.465160e-01
96 8.411720e-01 1.041600e-02 1.484120e-01
97 8.392800e-01 1.053200e-02 1.501880e-01
98 8.375520e-01 1.041200e-02 1.520360e-01
99 8.358720e-01 1.022000e-02 1.539080e-01
100 8.342160e-01 9.984000e-03 1.558000e-01
101 8.324600e-01 9.980000e-03 1.575600e-01
102 8.307080e-01 9.968000e-03 1.593240e-01
103 8.290840e-01 9.820000e-03 1.610960e-01
104 8.273800e-01 9.796000e-03 1.628240e-01
105 8.257840e-01 9.624000e-03 1.645920e-01
106 8.240480e-01 9.740000e-03 1.662120e-01
107 8.225360e-01 9.492000e-03 1.679720e-01
108 8.210040e-01 9.284000e-03 1.697120e-01
109 8.196000e-01 9.028000e-03 1.713720e-01
110 8.181760e-01 8.904000e-03 1.729200e-01
111 8.167320e-01 8.896000e-03 1.743720e-01
112 8.150840e-01 9.136000e-03 1.757800e-01
113 8.136160e-01 9.112000e-03 1.772720e-01
114 8.121280e-01 8.964000e-03 1.789080e-01
115 8.106600e-01 8.828000e-03 1.805120e-01
116 8.092360e-01 8.772000e-03 1.819920e-01
117 8.078400e-01 8.672000e-03 1.834880e-01
118 8.064440e-01 8.636000e-03 1.849200e-01
119 8.050000e-01 8.520000e-03 1.864800e-01
120 8.034240e-01 8.644000e-03 1.879320e-01
121 8.019880e-01 8.564000e-03 1.894480e-01
122 8.004920e-01 8.608000e-03 1.909000e-01
123 7.990880e-01 8.460000e-03 1.924520e-01
124 7.974800e-01 8.624000e-03 1.938960e-01
125 7.960040e-01 8.600000e-03 1.953960e-01
126 7.946160e-01 8.388000e-03 1.969960e-01
127 7.933480e-01 8.196000e-03 1.984560e-01
128 7.920120e-01 8.192000e-03 1.997960e-01
129 7.906640e-01 8.064000e-03 2.012720e-01
130 7.892920e-01 7.996000e-03 2.027120e-01
131 7.878840e-01 8.076000e-03 2.040400e-01
132 7.864720e-01 7.968000e-03 2.055600e-01
133 7.851400e-01 7.904000e-03 2.069560e-01
134 7.838040e-01 7.808000e-03 2.083880e-01
135 7.824520e-01 7.764000e-03 2.097840e-01
136 7.811720e-01 7.704000e-03 2.111240e-01
137 7.798880e-01 7.720000e-03 2.123920e-01
138 7.786480e-01 7.688000e-03 2.136640e-01
139 7.773360e-01 7.636000e-03 2.150280e-01
140 7.762000e-01 7.404000e-03 2.163960e-01
141 7.750960e-01 7.280000e-03 2.176240e-01
142 7.739080e-01 7.220000e-03 2.188720e-01
143 7.727720e-01 6.976000e-03 2.202520e-01
144 7.716440e-01 6.816000e-03 2.215400e-01
145 7.705080e-01 6.680000e-03 2.228120e-01
146 7.693400e-01 6.732000e-03 2.239280e-01
147 7.682400e-01 6.656000e-03 2.251040e-01
148 7.670880e-01 6.648000e-03 2.262640e-01
149 7.659440e-01 6.632000e-03 2.274240e-01
150 7.648040e-01 6.724000e-03 2.284720e-01
151 7.637080e-01 6.616000e-03 2.296760e-01
152 7.625040e-01 6.688000e-03 2.308080e-01
153 7.614840e-01 6.372000e-03 2.321440e-01
154 7.604280e-01 6.224000e-03 2.333480e-01
155 7.593520e-01 6.232000e-03 2.344160e-01
156 7.583520e-01 6.136000e-03 2.355120e-01
157 7.572000e-01 6.136000e-03 2.366640e-01
158 7.561760e-01 6.148000e-03 2.376760e-01
159 7.551080e-01 6.124000e-03 2.387680e-01
160 7.541000e-01 6.072000e-03 2.398280e-01
161 7.532000e-01 5.884000e-03 2.409160e-01
162 7.521600e-01 5.908000e-03 2.419320e-01
163 7.511640e-01 5.760000e-03 2.430760e-01
164 7.503000e-01 5.640000e-03 2.440600e-01
165 7.493520e-01 5.648000e-03 2.450000e-01
166 7.484280e-01 5.588000e-03 2.459840e-01
167 7.475320e-01 5.600000e-03 2.468680e-01
168 7.465960e-01 5.472000e-03 2.479320e-01
169 7.455680e-01 5.548000e-03 2.488840e-01
170 7.446440e-01 5.528000e-03 2.498280e-01
171 7.436440e-01 5.676000e-03 2.506800e-01
172 7.426520e-01 5.604000e-03 2.517440e-01
173 7.417080e-01 5.548000e-03 2.527440e-01
174 7.406760e-01 5.552000e-03 2.537720e-01
175 7.397680e-01 5.456000e-03 2.547760e-01
176 7.388760e-01 5.452000e-03 2.556720e-01
177 7.379720e-01 5.368000e-03 2.566600e-01
178 7.371160e-01 5.332000e-03 2.575520e-01
179 7.361920e-01 5.348000e-03 2.584600e-01
180 7.352080e-01 5.424000e-03 2.593680e-01
181 7.342200e-01 5.476000e-03 2.603040e-01
182 7.333360e-01 5.436000e-03 2.612280e-01
183 7.323160e-01 5.504000e-03 2.621800e-01
184 7.312840e-01 5.572000e-03 2.631440e-01
185 7.302680e-01 5.584000e-03 2.641480e-01
186 7.292120e-01 5.648000e-03 2.651400e-01
187 7.283160e-01 5.592000e-03 2.660920e-01
188 7.273400e-01 5.516000e-03 2.671440e-01
189 7.262600e-01 5.676000e-03 2.680640e-01
190 7.252640e-01 5.704000e-03 2.690320e-01
191 7.244120e-01 5.580000e-03 2.700080e-01
192 7.234000e-01 5.592000e-03 2.710080e-01
193 7.224360e-01 5.476000e-03 2.720880e-01
194 7.214360e-01 5.516000e-03 2.730480e-01
195 7.204000e-01 5.564000e-03 2.740360e-01
196 7.194440e-01 5.528000e-03 2.750280e-01
197 7.184640e-01 5.596000e-03 2.759400e-01
198 7.174320e-01 5.568000e-03 2.770000e-01
199 7.164800e-01 5.644000e-03 2.778760e-01
200 7.155680e-01 5.664000e-03 2.787680e-01
201 7.146520e-01 5.656000e-03 2.796920e-01
202 7.137040e-01 5.720000e-03 2.805760e-01
203 7.127120e-01 5.708000e-03 2.815800e-01
204 7.118920e-01 5.568000e-03 2.825400e-01
205 7.109120e-01 5.528000e-03 2.835600e-01
206 7.099600e-01 5.496000e-03 2.845440e-01
207 7.090400e-01 5.412000e-03 2.855480e-01
208 7.081600e-01 5.308000e-03 2.865320e-01
209 7.072400e-01 5.400000e-03 2.873600e-01
210 7.063680e-01 5.248000e-03 2.883840e-01
211 7.055480e-01 5.068000e-03 2.893840e-01
212 7.047040e-01 4.972000e-03 2.903240e-01
213 7.037760e-01 5.056000e-03 2.911680e-01
214 7.030120e-01 5.028000e-03 2.919600e-01
215 7.021600e-01 5.032000e-03 2.928080e-01
216 7.013880e-01 4.880000e-03 2.937320e-01
217 7.006400e-01 4.744000e-03 2.946160e-01
218 6.998440e-01 4.688000e-03 2.954680e-01
219 6.990880e-01 4.636000e-03 2.962760e-01
220 6.982040e-01 4.680000e-03 2.971160e-01
221 6.973760e-01 4.688000e-03 2.979360e-01
222 6.966000e-01 4.696000e-03 2.987040e-01
223 6.958120e-01 4.672000e-03 2.995160e-01
224 6.949480e-01 4.588000e-03 3.004640e-01
225 6.940920e-01 4.664000e-03 3.012440e-01
226 6.931960e-01 4.864000e-03 3.019400e-01
227 6.923120e-01 5.016000e-03 3.026720e-01
228 6.913880e-01 5.064000e-03 3.035480e-01
229 6.905640e-01 5.112000e-03 3.043240e-01
230 6.897760e-01 5.028000e-03 3.051960e-01
231 6.887560e-01 5.172000e-03 3.060720e-01
232 6.879320e-01 5.012000e-03 3.070560e-01
233 6.870520e-01 4.940000e-03 3.080080e-01
234 6.861520e-01 5.064000e-03 3.087840e-01
235 6.852800e-01 5.048000e-03 3.096720e-01
236 6.844200e-01 5.024000e-03 3.105560e-01
237 6.836920e-01 4.976000e-03 3.113320e-01
238 6.828640e-01 4.924000e-03 3.122120e-01
239 6.820840e-01 4.840000e-03 3.130760e-01
240 6.812920e-01 4.784000e-03 3.139240e-01
241 6.804800e-01 4.772000e-03 3.147480e-01
242 6.796760e-01 4.704000e-03 3.156200e-01
243 6.788240e-01 4.776000e-03 3.164000e-01
244 6.779520e-01 4.796000e-03 3.172520e-01
245 6.771040e-01 4.844000e-03 3.180520e-01
246 6.763560e-01 4.804000e-03 3.188400e-01
247 6.755080e-01 4.804000e-03 3.196880e-01
248 6.746760e-01 4.772000e-03 3.205520e-01
249 6.737800e-01 4.804000e-03 3.214160e-01
250 6.729680e-01 4.760000e-03 3.222720e-01
251 6.721800e-01 4.760000e-03 3.230600e-01
252 6.713560e-01 4.712000e-03 3.239320e-01
253 6.704920e-01 4.724000e-03 3.247840e-01
254 6.696440e-01 4.732000e-03 3.256240e-01
255 6.688640e-01 4.676000e-03 3.264600e-01
256 6.680920e-01 4.632000e-03 3.272760e-01
257 6.673200e-01 4.616000e-03 3.280640e-01
258 6.666480e-01 4.504000e-03 3.288480e-01
259 6.658920e-01 4.572000e-03 3.295360e-01
260 6.652840e-01 4.420000e-03 3.302960e-01
261 6.644880e-01 4.408000e-03 3.311040e-01
262 6.636960e-01 4.400000e-03 3.319040e-01
263 6.628960e-01 4.460000e-03 3.326440e-01
264 6.621640e-01 4.352000e-03 3.334840e-01
265 6.614120e-01 4.296000e-03 3.342920e-01
266 6.606080e-01 4.348000e-03 3.350440e-01
267 6.599200e-01 4.364000e-03 3.357160e-01
268 6.591160e-01 4.444000e-03 3.364400e-01
269 6.583320e-01 4.432000e-03 3.372360e-01
270 6.576440e-01 4.308000e-03 3.380480e-01
271 6.568840e-01 4.384000e-03 3.387320e-01
272 6.561040e-01 4.380000e-03 3.395160e-01
273 6.554120e-01 4.288000e-03 3.403000e-01
274 6.546480e-01 4.256000e-03 3.410960e-01
275 6.540160e-01 4.068000e-03 3.419160e-01
276 6.534240e-01 3.936000e-03 3.426400e-01
277 6.527680e-01 4.000000e-03 3.432320e-01
278 6.521560e-01 3.928000e-03 3.439160e-01
279 6.515920e-01 3.768000e-03 3.446400e-01
280 6.509720e-01 3.808000e-03 3.452200e-01
281 6.503360e-01 3.808000e-03 3.458560e-01
282 6.496960e-01 3.768000e-03 3.465360e-01
283 6.491080e-01 3.736000e-03 3.471560e-01
284 6.485240e-01 3.640000e-03 3.478360e-01
285 6.479360e-01 3.620000e-03 3.484440e-01
286 6.473640e-01 3.552000e-03 3.490840e-01
287 6.466880e-01 3.592000e-03 3.497200e-01
288 6.460600e-01 3.584000e-03 3.503560e-01
289 6.454320e-01 3.576000e-03 3.509920e-01
290 6.447520e-01 3.656000e-03 3.515920e-01
291 6.440600e-01 3.720000e-03 3.522200e-01
292 6.433520e-01 3.732000e-03 3.529160e-01
293 6.426920e-01 3.788000e-03 3.535200e-01
294 6.421120e-01 3.724000e-03 3.541640e-01
295 6.414600e-01 3.604000e-03 3.549360e-01
296 6.408400e-01 3.468000e-03 3.556920e-01
297 6.401880e-01 3.532000e-03 3.562800e-01
298 6.396160e-01 3.460000e-03 3.569240e-01
299 6.390800e-01 3.396000e-03 3.575240e-01
300 6.383640e-01 3.520000e-03 3.581160e-01
301 6.377240e-01 3.520000e-03 3.587560e-01
302 6.370400e-01 3.528000e-03 3.594320e-01
303 6.364000e-01 3.524000e-03 3.600760e-01
304 6.357440e-01 3.640000e-03 3.606160e-01
305 6.351080e-01 3.552000e-03 3.613400e-01
306 6.345000e-01 3.476000e-03 3.620240e-01
307 6.338400e-01 3.472000e-03 3.626880e-01
308 6.332600e-01 3.432000e-03 3.633080e-01
309 6.326640e-01 3.400000e-03 3.639360e-01
310 6.320000e-01 3.412000e-03 3.645880e-01
311 6.314000e-01 3.312000e-03 3.652880e-01
312 6.306240e-01 3.472000e-03 3.659040e-01
313 6.298360e-01 3.672000e-03 3.664920e-01
314 6.290560e-01 3.780000e-03 3.671640e-01
315 6.284160e-01 3.760000e-03 3.678240e-01
316 6.277840e-01 3.744000e-03 3.684720e-01
317 6.271320e-01 3.728000e-03 3.691400e-01
318 6.265280e-01 3.684000e-03 3.697880e-01
319 6.259200e-01 3.684000e-03 3.703960e-01
320 6.252000e-01 3.796000e-03 3.710040e-01
321 6.245880e-01 3.728000e-03 3.716840e-01
322 6.240760e-01 3.640000e-03 3.722840e-01
323 6.234640e-01 3.672000e-03 3.728640e-01
324 6.227680e-01 3.728000e-03 3.735040e-01
325 6.221200e-01 3.780000e-03 3.741000e-01
326 6.214600e-01 3.892000e-03 3.746480e-01
327 6.207800e-01 3.824000e-03 3.753960e-01
328 6.200640e-01 3.912000e-03 3.760240e-01
329 6.194400e-01 3.948000e-03 3.766120e-01
330 6.186440e-01 4.112000e-03 3.772440e-01
331 6.179280e-01 4.164000e-03 3.779080e-01
332 6.173040e-01 4.028000e-03 3.786680e-01
333 6.167240e-01 3.908000e-03 3.793680e-01
334 6.160640e-01 3.856000e-03 3.800800e-01
335 6.154760e-01 3.796000e-03 3.807280e-01
336 6.149400e-01 3.696000e-03 3.813640e-01
337 6.142640e-01 3.768000e-03 3.819680e-01
338 6.137000e-01 3.596000e-03 3.827040e-01
339 6.131400e-01 3.584000e-03 3.832760e-01
340 6.124640e-01 3.752000e-03 3.837840e-01
341 6.117920e-01 3.756000e-03 3.844520e-01
342 6.112720e-01 3.588000e-03 3.851400e-01
343 6.106800e-01 3.496000e-03 3.858240e-01
344 6.100480e-01 3.444000e-03 3.865080e-01
345 6.094240e-01 3.456000e-03 3.871200e-01
346 6.089000e-01 3.408000e-03 3.876920e-01
347 6.084680e-01 3.276000e-03 3.882560e-01
348 6.079080e-01 3.260000e-03 3.888320e-01
349 6.073840e-01 3.256000e-03 3.893600e-01
350 6.068640e-01 3.180000e-03 3.899560e-01
351 6.062560e-01 3.196000e-03 3.905480e-01
352 6.056000e-01 3.252000e-03 3.911480e-01
353 6.050600e-01 3.208000e-03 3.917320e-01
354 6.044800e-01 3.264000e-03 3.922560e-01
355 6.039480e-01 3.228000e-03 3.928240e-01
356 6.034240e-01 3.176000e-03 3.934000e-01
357 6.028640e-01 3.208000e-03 3.939280e-01
358 6.023760e-01 3.072000e-03 3.945520e-01
359 6.018960e-01 3.032000e-03 3.950720e-01
360 6.014360e-01 3.008000e-03 3.955560e-01
361 6.009480e-01 2.968000e-03 3.960840e-01
362 6.004280e-01 3.024000e-03 3.965480e-01
363 5.999120e-01 3.076000e-03 3.970120e-01
364 5.994520e-01 2.972000e-03 3.975760e-01
365 5.989280e-01 2.952000e-03 3.981200e-01
366 5.983360e-01 3.036000e-03 3.986280e-01
367 5.978600e-01 2.996000e-03 3.991440e-01
368 5.973080e-01 2.996000e-03 3.996960e-01
369 5.967760e-01 2.880000e-03 4.003440e-01
370 5.962680e-01 2.824000e-03 4.009080e-01
371 5.957760e-01 2.828000e-03 4.013960e-01
372 5.954440e-01 2.660000e-03 4.018960e-01
373 5.950520e-01 2.572000e-03 4.023760e-01
374 5.945400e-01 2.604000e-03 4.028560e-01
375 5.941600e-01 2.536000e-03 4.033040e-01
376 5.937640e-01 2.456000e-03 4.037800e-01
377 5.933280e-01 2.504000e-03 4.041680e-01
378 5.929240e-01 2.504000e-03 4.045720e-01
379 5.925400e-01 2.516000e-03 4.049440e-01
380 5.921360e-01 2.532000e-03 4.053320e-01
381 5.916720e-01 2.604000e-03 4.057240e-01
382 5.912480e-01 2.564000e-03 4.061880e-01
383 5.908640e-01 2.540000e-03 4.065960e-01
384 5.904720e-01 2.424000e-03 4.071040e-01
385 5.901240e-01 2.308000e-03 4.075680e-01
386 5.897080e-01 2.304000e-03 4.079880e-01
387 5.893400e-01 2.212000e-03 4.084480e-01
388 5.890360e-01 2.140000e-03 4.088240e-01
389 5.887640e-01 2.028000e-03 4.092080e-01
390 5.885400e-01 1.912000e-03 4.095480e-01
391 5.882280e-01 1.908000e-03 4.098640e-01
392 5.879160e-01 1.892000e-03 4.101920e-01
393 5.875800e-01 1.844000e-03 4.105760e-01
394 5.872040e-01 1.972000e-03 4.108240e-01
395 5.867760e-01 2.052000e-03 4.111720e-01
396 5.864040e-01 2.124000e-03 4.114720e-01
397 5.859760e-01 2.164000e-03 4.118600e-01
398 5.856360e-01 2.116000e-03 4.122480e-01
399 5.852600e-01 2.152000e-03 4.125880e-01
400 5.848680e-01 2.200000e-03 4.129320e-01
401 5.845880e-01 2.076000e-03 4.133360e-01
402 5.842720e-01 2.024000e-03 4.137040e-01
403 5.839400e-01 2.028000e-03 4.140320e-01
404 5.836120e-01 1.968000e-03 4.144200e-01
405 5.833320e-01 1.908000e-03 4.147600e-01
406 5.829880e-01 1.916000e-03 4.150960e-01
407 5.827000e-01 1.864000e-03 4.154360e-01
408 5.823720e-01 1.864000e-03 4.157640e-01
409 5.819960e-01 1.972000e-03 4.160320e-01
410 5.816760e-01 1.884000e-03 4.164400e-01
411 5.813480e-01 1.824000e-03 4.168280e-01
412 5.810200e-01 1.844000e-03 4.171360e-01
413 5.806280e-01 1.912000e-03 4.174600e-01
414 5.803160e-01 1.880000e-03 4.178040e-01
415 5.800120e-01 1.840000e-03 4.181480e-01
416 5.797280e-01 1.764000e-03 4.185080e-01
417 5.794320e-01 1.808000e-03 4.187600e-01
418 5.791440e-01 1.808000e-03 4.190480e-01
419 5.788960e-01 1.744000e-03 4.193600e-01
420 5.786360e-01 1.668000e-03 4.196960e-01
421 5.783360e-01 1.656000e-03 4.200080e-01
422 5.780320e-01 1.672000e-03 4.202960e-01
423 5.778240e-01 1.596000e-03 4.205800e-01
424 5.775960e-01 1.568000e-03 4.208360e-01
425 5.773280e-01 1.540000e-03 4.211320e-01
426 5.770640e-01 1.560000e-03 4.213760e-01
427 5.768720e-01 1.468000e-03 4.216600e-01
428 5.766360e-01 1.472000e-03 4.218920e-01
429 5.764400e-01 1.420000e-03 4.221400e-01
430 5.761880e-01 1.400000e-03 4.224120e-01
431 5.760120e-01 1.308000e-03 4.226800e-01
432 5.758120e-01 1.300000e-03 4.228880e-01
433 5.756240e-01 1.268000e-03 4.231080e-01
434 5.754160e-01 1.260000e-03 4.233240e-01
435 5.752000e-01 1.300000e-03 4.235000e-01
436 5.750400e-01 1.256000e-03 4.237040e-01
437 5.748680e-01 1.216000e-03 4.239160e-01
438 5.746640e-01 1.200000e-03 4.241360e-01
439 5.744480e-01 1.180000e-03 4.243720e-01
440 5.742480e-01 1.188000e-03 4.245640e-01
441 5.740400e-01 1.228000e-03 4.247320e-01
442 5.738320e-01 1.204000e-03 4.249640e-01
443 5.736880e-01 1.168000e-03 4.251440e-01
444 5.735000e-01 1.196000e-03 4.253040e-01
445 5.733080e-01 1.152000e-03 4.255400e-01
446 5.730760e-01 1.188000e-03 4.257360e-01
447 5.729400e-01 1.112000e-03 4.259480e-01
448 5.727960e-01 1.080000e-03 4.261240e-01
449 5.726760e-01 1.004000e-03 4.263200e-01
450 5.725360e-01 9.320000e-04 4.265320e-01
451 5.723920e-01 8.880000e-04 4.267200e-01
452 5.722560e-01 8.120000e-04 4.269320e-01
453 5.721560e-01 7.640000e-04 4.270800e-01
454 5.720120e-01 8.000000e-04 4.271880e-01
455 5.718560e-01 8.280000e-04 4.273160e-01
456 5.717320e-01 8.520000e-04 4.274160e-01
457 5.716360e-01 7.880000e-04 4.275760e-01
458 5.715320e-01 7.440000e-04 4.277240e-01
459 5.714240e-01 7.560000e-04 4.278200e-01
460 5.712840e-01 7.520000e-04 4.279640e-01
461 5.711680e-01 7.760000e-04 4.280560e-01
462 5.710240e-01 7.840000e-04 4.281920e-01
463 5.708720e-01 7.920000e-04 4.283360e-01
464 5.707560e-01 7.360000e-04 4.285080e-01
465 5.706280e-01 7.360000e-04 4.286360e-01
466 5.705240e-01 6.840000e-04 4.287920e-01
467 5.703560e-01 7.320000e-04 4.289120e-01
468 5.701840e-01 7.640000e-04 4.290520e-01
469 5.700240e-01 7.880000e-04 4.291880e-01
470 5.698840e-01 8.080000e-04 4.293080e-01
471 5.697160e-01 8.120000e-04 4.294720e-01
472 5.695320e-01 8.560000e-04 4.296120e-01
473 5.693080e-01 9.360000e-04 4.297560e-01
474 5.691040e-01 1.012000e-03 4.298840e-01
475 5.689560e-01 1.000000e-03 4.300440e-01
476 5.687560e-01 9.560000e-04 4.302880e-01
477 5.685840e-01 9.640000e-04 4.304520e-01
478 5.683240e-01 1.068000e-03 4.306080e-01
479 5.680720e-01 1.116000e-03 4.308120e-01
480 5.678400e-01 1.100000e-03 4.310600e-01
481 5.676880e-01 1.072000e-03 4.312400e-01
482 5.674440e-01 1.140000e-03 4.314160e-01
483 5.673080e-01 1.080000e-03 4.316120e-01
484 5.671480e-01 1.032000e-03 4.318200e-01
485 5.669000e-01 1.080000e-03 4.320200e-01
486 5.667200e-01 1.076000e-03 4.322040e-01
487 5.665440e-01 1.060000e-03 4.323960e-01
488 5.664280e-01 9.160000e-04 4.326560e-01
489 5.663000e-01 8.880000e-04 4.328120e-01
490 5.661280e-01 9.520000e-04 4.329200e-01
491 5.659280e-01 9.440000e-04 4.331280e-01
492 5.657760e-01 9.480000e-04 4.332760e-01
493 5.656480e-01 8.720000e-04 4.334800e-01
494 5.654960e-01 8.520000e-04 4.336520e-01
495 5.653440e-01 8.680000e-04 4.337880e-01
496 5.651800e-01 9.120000e-04 4.339080e-01
497 5.649840e-01 9.480000e-04 4.340680e-01
498 5.648040e-01 9.640000e-04 4.342320e-01
499 5.646640e-01 9.280000e-04 4.344080e-01
500 5.645200e-01 8.960000e-04 4.345840e-01
