1 9.992840e-01 6.360000e-04 8.000000e-05
2 9.987600e-01 1.016000e-03 2.240000e-04
3 9.980720e-01 1.452000e-03 4.760000e-04
4 9.973640e-01 1.856000e-03 7.800000e-04
5 9.965920e-01 2.280000e-03 1.128000e-03
6 9.956600e-01 2.812000e-03 1.528000e-03
7 9.948560e-01 3.160000e-03 1.984000e-03
8 9.939480e-01 3.428000e-03 2.624000e-03
9 9.929880e-01 3.820000e-03 3.192000e-03
10 9.920040e-01 4.064000e-03 3.932000e-03
11 9.910000e-01 4.412000e-03 4.588000e-03
12 9.899640e-01 4.680000e-03 5.356000e-03
13 9.888520e-01 4.928000e-03 6.220000e-03
14 9.876440e-01 5.264000e-03 7.092000e-03
15 9.865360e-01 5.360000e-03 8.104000e-03
16 9.853560e-01 5.676000e-03 8.968000e-03
17 9.841520e-01 5.868000e-03 9.980000e-03
18 9.828000e-01 6.228000e-03 1.097200e-02
19 9.815360e-01 6.260000e-03 1.220400e-02
20 9.801720e-01 6.588000e-03 1.324000e-02
21 9.789080e-01 6.604000e-03 1.448800e-02
22 9.776360e-01 6.672000e-03 1.569200e-02
23 9.763320e-01 6.852000e-03 1.681600e-02
24 9.750480e-01 6.904000e-03 1.804800e-02
25 9.738000e-01 6.896000e-03 1.930400e-02
26 9.724200e-01 7.036000e-03 2.054400e-02
27 9.710240e-01 7.064000e-03 2.191200e-02
28 9.695240e-01 7.332000e-03 2.314400e-02
29 9.680080e-01 7.636000e-03 2.435600e-02
30 9.665240e-01 7.768000e-03 2.570800e-02
31 9.650400e-01 7.896000e-03 2.706400e-02
32 9.636640e-01 7.792000e-03 2.854400e-02
33 9.622520e-01 7.780000e-03 2.996800e-02
34 9.607360e-01 7.848000e-03 3.141600e-02
35 9.593000e-01 7.936000e-03 3.276400e-02
36 9.579400e-01 7.964000e-03 3.409600e-02
37 9.564920e-01 8.040000e-03 3.546800e-02
38 9.549480e-01 8.296000e-03 3.675600e-02
39 9.534480e-01 8.348000e-03 3.820400e-02
40 9.519440e-01 8.292000e-03 3.976400e-02
41 9.504360e-01 8.408000e-03 4.115600e-02
42 9.488480e-01 8.484000e-03 4.266800e-02
43 9.473760e-01 8.260000e-03 4.436400e-02
44 9.459400e-01 8.272000e-03 4.578800e-02
45 9.444440e-01 8.264000e-03 4.729200e-02
46 9.427920e-01 8.516000e-03 4.869200e-02
47 9.412160e-01 8.728000e-03 5.005600e-02
48 9.397440e-01 8.740000e-03 5.151600e-02
49 9.383240e-01 8.644000e-03 5.303200e-02
50 9.369080e-01 8.536000e-03 5.455600e-02
51 9.356200e-01 8.432000e-03 5.594800e-02
52 9.342280e-01 8.412000e-03 5.736000e-02
53 9.327920e-01 8.520000e-03 5.868800e-02
54 9.311960e-01 8.572000e-03 6.023200e-02
55 9.295160e-01 8.764000e-03 6.172000e-02
56 9.279560e-01 8.816000e-03 6.322800e-02
57 9.263000e-01 9.080000e-03 6.462000e-02
58 9.247760e-01 9.116000e-03 6.610800e-02
59 9.231080e-01 9.192000e-03 6.770000e-02
60 9.215560e-01 9.188000e-03 6.925600e-02
61 9.200120e-01 9.108000e-03 7.088000e-02
62 9.184760e-01 8.872000e-03 7.265200e-02
63 9.168720e-01 8.916000e-03 7.421200e-02
64 9.153320e-01 8.880000e-03 7.578800e-02
65 9.137800e-01 8.780000e-03 7.744000e-02
66 9.122280e-01 8.808000e-03 7.896400e-02
67 9.106640e-01 8.832000e-03 8.050400e-02
68 9.092360e-01 8.764000e-03 8.200000e-02
69 9.077720e-01 8.676000e-03 8.355200e-02
70 9.063360e-01 8.536000e-03 8.512800e-02
71 9.049480e-01 8.480000e-03 8.657200e-02
72 9.033680e-01 8.504000e-03 8.812800e-02
73 9.017760e-01 8.604000e-03 8.962000e-02
74 9.001600e-01 8.656000e-03 9.118400e-02
75 8.985680e-01 8.744000e-03 9.268800e-02
76 8.969480e-01 8.872000e-03 9.418000e-02
77 8.952840e-01 9.088000e-03 9.562800e-02
78 8.936360e-01 9.228000e-03 9.713600e-02
79 8.917880e-01 9.460000e-03 9.875200e-02
80 8.900440e-01 9.536000e-03 1.004200e-01
81 8.883640e-01 9.484000e-03 1.021520e-01
82 8.867360e-01 9.464000e-03 1.038000e-01
83 8.849920e-01 9.528000e-03 1.054800e-01
84 8.834600e-01 9.444000e-03 1.070960e-01
85 8.818360e-01 9.448000e-03 1.087160e-01
86 8.803160e-01 9.204000e-03 1.104800e-01
87 8.787600e-01 9.188000e-03 1.120520e-01
88 8.773000e-01 9.048000e-03 1.136520e-01
89 8.757120e-01 9.020000e-03 1.152680e-01
90 8.743040e-01 8.852000e-03 1.168440e-01
91 8.727640e-01 8.864000e-03 1.183720e-01
92 8.711640e-01 8.940000e-03 1.198960e-01
93 8.695600e-01 9.052000e-03 1.213880e-01
94 8.680480e-01 9.012000e-03 1.229400e-01
95 8.663880e-01 9.072000e-03 1.245400e-01
96 8.647160e-01 9.276000e-03 1.260080e-01
97 8.628720e-01 9.516000e-03 1.276120e-01
98 8.611480e-01 9.632000e-03 1.292200e-01
99 8.594000e-01 9.736000e-03 1.308640e-01
100 8.577240e-01 9.724000e-03 1.325520e-01
101 8.559760e-01 9.880000e-03 1.341440e-01
102 8.543880e-01 9.776000e-03 1.358360e-01
103 8.526640e-01 9.796000e-03 1.375400e-01
104 8.508480e-01 9.884000e-03 1.392680e-01
105 8.492840e-01 9.748000e-03 1.409680e-01
106 8.474440e-01 9.828000e-03 1.427280e-01
107 8.458000e-01 9.728000e-03 1.444720e-01
108 8.441720e-01 9.644000e-03 1.461840e-01
109 8.425080e-01 9.640000e-03 1.478520e-01
110 8.408240e-01 9.536000e-03 1.496400e-01
111 8.391720e-01 9.496000e-03 1.513320e-01
112 8.374400e-01 9.716000e-03 1.528440e-01
113 8.357400e-01 9.716000e-03 1.545440e-01
114 8.342400e-01 9.388000e-03 1.563720e-01
115 8.326560e-01 9.360000e-03 1.579840e-01
116 8.311120e-01 9.148000e-03 1.597400e-01
117 8.295400e-01 9.216000e-03 1.612440e-01
118 8.279920e-01 9.128000e-03 1.628800e-01
119 8.263440e-01 9.204000e-03 1.644520e-01
120 8.247400e-01 9.232000e-03 1.660280e-01
121 8.229720e-01 9.420000e-03 1.676080e-01
122 8.212000e-01 9.492000e-03 1.693080e-01
123 8.196480e-01 9.440000e-03 1.709120e-01
124 8.180040e-01 9.556000e-03 1.724400e-01
125 8.163840e-01 9.468000e-03 1.741480e-01
126 8.146360e-01 9.560000e-03 1.758040e-01
127 8.129840e-01 9.464000e-03 1.775520e-01
128 8.113280e-01 9.528000e-03 1.791440e-01
129 8.097760e-01 9.524000e-03 1.807000e-01
130 8.080120e-01 9.472000e-03 1.825160e-01
131 8.063240e-01 9.384000e-03 1.842920e-01
132 8.047280e-01 9.164000e-03 1.861080e-01
133 8.030720e-01 9.208000e-03 1.877200e-01
134 8.014840e-01 9.168000e-03 1.893480e-01
135 7.997720e-01 9.196000e-03 1.910320e-01
136 7.982000e-01 9.168000e-03 1.926320e-01
137 7.966640e-01 9.200000e-03 1.941360e-01
138 7.953320e-01 8.840000e-03 1.958280e-01
139 7.937840e-01 8.768000e-03 1.974480e-01
140 7.921560e-01 8.772000e-03 1.990720e-01
141 7.906440e-01 8.724000e-03 2.006320e-01
142 7.891640e-01 8.564000e-03 2.022720e-01
143 7.875040e-01 8.788000e-03 2.037080e-01
144 7.860800e-01 8.824000e-03 2.050960e-01
145 7.847120e-01 8.764000e-03 2.065240e-01
146 7.833520e-01 8.604000e-03 2.080440e-01
147 7.819840e-01 8.420000e-03 2.095960e-01
148 7.805520e-01 8.316000e-03 2.111320e-01
149 7.792480e-01 8.216000e-03 2.125360e-01
150 7.779800e-01 8.208000e-03 2.138120e-01
151 7.766520e-01 8.036000e-03 2.153120e-01
152 7.754760e-01 7.784000e-03 2.167400e-01
153 7.742040e-01 7.744000e-03 2.180520e-01
154 7.729480e-01 7.628000e-03 2.194240e-01
155 7.715120e-01 7.716000e-03 2.207720e-01
156 7.700600e-01 7.780000e-03 2.221600e-01
157 7.686600e-01 7.756000e-03 2.235840e-01
158 7.672960e-01 7.764000e-03 2.249400e-01
159 7.660040e-01 7.696000e-03 2.263000e-01
160 7.645560e-01 7.728000e-03 2.277160e-01
161 7.633040e-01 7.632000e-03 2.290640e-01
162 7.621080e-01 7.604000e-03 2.302880e-01
163 7.607400e-01 7.636000e-03 2.316240e-01
164 7.592320e-01 7.764000e-03 2.330040e-01
165 7.579680e-01 7.812000e-03 2.342200e-01
166 7.567360e-01 7.616000e-03 2.356480e-01
167 7.554160e-01 7.732000e-03 2.368520e-01
168 7.542000e-01 7.604000e-03 2.381960e-01
169 7.530160e-01 7.436000e-03 2.395480e-01
170 7.518440e-01 7.252000e-03 2.409040e-01
171 7.506920e-01 7.124000e-03 2.421840e-01
172 7.496040e-01 7.068000e-03 2.433280e-01
173 7.484120e-01 6.988000e-03 2.446000e-01
174 7.473120e-01 6.912000e-03 2.457760e-01
175 7.460600e-01 6.988000e-03 2.469520e-01
176 7.448240e-01 7.028000e-03 2.481480e-01
177 7.437240e-01 6.848000e-03 2.494280e-01
178 7.426520e-01 6.696000e-03 2.506520e-01
179 7.416720e-01 6.384000e-03 2.519440e-01
180 7.406080e-01 6.324000e-03 2.530680e-01
181 7.396080e-01 6.268000e-03 2.541240e-01
182 7.385880e-01 6.092000e-03 2.553200e-01
183 7.375640e-01 6.036000e-03 2.564000e-01
184 7.365680e-01 6.032000e-03 2.574000e-01
185 7.355320e-01 5.980000e-03 2.584880e-01
186 7.346920e-01 5.764000e-03 2.595440e-01
187 7.337640e-01 5.636000e-03 2.606000e-01
188 7.327840e-01 5.608000e-03 2.616080e-01
189 7.319080e-01 5.508000e-03 2.625840e-01
190 7.309480e-01 5.528000e-03 2.635240e-01
191 7.300600e-01 5.372000e-03 2.645680e-01
192 7.291680e-01 5.260000e-03 2.655720e-01
193 7.281360e-01 5.324000e-03 2.665400e-01
194 7.271520e-01 5.356000e-03 2.674920e-01
195 7.262720e-01 5.316000e-03 2.684120e-01
196 7.254040e-01 5.292000e-03 2.693040e-01
197 7.244840e-01 5.200000e-03 2.703160e-01
198 7.236120e-01 5.164000e-03 2.712240e-01
199 7.226560e-01 5.244000e-03 2.721000e-01
200 7.216760e-01 5.352000e-03 2.729720e-01
201 7.207400e-01 5.380000e-03 2.738800e-01
202 7.198120e-01 5.300000e-03 2.748880e-01
203 7.188800e-01 5.256000e-03 2.758640e-01
204 7.179240e-01 5.268000e-03 2.768080e-01
205 7.169680e-01 5.292000e-03 2.777400e-01
206 7.159440e-01 5.376000e-03 2.786800e-01
207 7.148960e-01 5.380000e-03 2.797240e-01
208 7.139200e-01 5.400000e-03 2.806800e-01
209 7.129720e-01 5.376000e-03 2.816520e-01
210 7.119000e-01 5.424000e-03 2.826760e-01
211 7.109120e-01 5.436000e-03 2.836520e-01
212 7.098200e-01 5.640000e-03 2.845400e-01
213 7.087720e-01 5.632000e-03 2.855960e-01
214 7.076720e-01 5.796000e-03 2.865320e-01
215 7.066800e-01 5.672000e-03 2.876480e-01
216 7.057720e-01 5.516000e-03 2.887120e-01
217 7.048800e-01 5.500000e-03 2.896200e-01
218 7.040320e-01 5.380000e-03 2.905880e-01
219 7.031520e-01 5.284000e-03 2.915640e-01
220 7.022200e-01 5.304000e-03 2.924760e-01
221 7.012920e-01 5.288000e-03 2.934200e-01
222 7.004320e-01 5.188000e-03 2.943800e-01
223 6.994000e-01 5.244000e-03 2.953560e-01
224 6.984240e-01 5.304000e-03 2.962720e-01
225 6.974280e-01 5.404000e-03 2.971680e-01
226 6.964920e-01 5.376000e-03 2.981320e-01
227 6.954600e-01 5.456000e-03 2.990840e-01
228 6.945320e-01 5.564000e-03 2.999040e-01
229 6.936640e-01 5.444000e-03 3.008920e-01
230 6.927720e-01 5.444000e-03 3.017840e-01
231 6.919120e-01 5.348000e-03 3.027400e-01
232 6.909480e-01 5.328000e-03 3.037240e-01
233 6.901240e-01 5.220000e-03 3.046560e-01
234 6.891040e-01 5.268000e-03 3.056280e-01
235 6.881840e-01 5.336000e-03 3.064800e-01
236 6.872640e-01 5.252000e-03 3.074840e-01
237 6.864240e-01 5.248000e-03 3.083280e-01
238 6.854280e-01 5.240000e-03 3.093320e-01
239 6.844760e-01 5.236000e-03 3.102880e-01
240 6.834760e-01 5.356000e-03 3.111680e-01
241 6.825960e-01 5.300000e-03 3.121040e-01
242 6.818640e-01 5.104000e-03 3.130320e-01
243 6.810480e-01 5.044000e-03 3.139080e-01
244 6.802120e-01 4.972000e-03 3.148160e-01
245 6.794800e-01 4.872000e-03 3.156480e-01
246 6.786840e-01 4.800000e-03 3.165160e-01
247 6.780160e-01 4.528000e-03 3.174560e-01
248 6.772840e-01 4.476000e-03 3.182400e-01
249 6.767080e-01 4.348000e-03 3.189440e-01
250 6.759360e-01 4.412000e-03 3.196520e-01
251 6.752320e-01 4.344000e-03 3.204240e-01
252 6.745800e-01 4.136000e-03 3.212840e-01
253 6.739400e-01 4.148000e-03 3.219120e-01
254 6.732600e-01 4.056000e-03 3.226840e-01
255 6.726200e-01 4.048000e-03 3.233320e-01
256 6.721120e-01 3.912000e-03 3.239760e-01
257 6.714840e-01 3.856000e-03 3.246600e-01
258 6.708920e-01 3.796000e-03 3.253120e-01
259 6.702600e-01 3.812000e-03 3.259280e-01
260 6.695240e-01 3.800000e-03 3.266760e-01
261 6.688680e-01 3.808000e-03 3.273240e-01
262 6.681800e-01 3.816000e-03 3.280040e-01
263 6.675120e-01 3.652000e-03 3.288360e-01
264 6.668120e-01 3.684000e-03 3.295040e-01
265 6.661440e-01 3.744000e-03 3.301120e-01
266 6.653920e-01 3.836000e-03 3.307720e-01
267 6.647000e-01 3.916000e-03 3.313840e-01
268 6.640880e-01 3.852000e-03 3.320600e-01
269 6.633560e-01 3.912000e-03 3.327320e-01
270 6.627080e-01 3.836000e-03 3.334560e-01
271 6.620040e-01 3.980000e-03 3.340160e-01
272 6.613680e-01 3.832000e-03 3.348000e-01
273 6.606800e-01 3.820000e-03 3.355000e-01
274 6.601240e-01 3.808000e-03 3.360680e-01
275 6.594800e-01 3.712000e-03 3.368080e-01
276 6.588280e-01 3.744000e-03 3.374280e-01
277 6.581760e-01 3.740000e-03 3.380840e-01
278 6.575720e-01 3.676000e-03 3.387520e-01
279 6.569920e-01 3.568000e-03 3.394400e-01
280 6.564080e-01 3.520000e-03 3.400720e-01
281 6.558200e-01 3.428000e-03 3.407520e-01
282 6.551960e-01 3.520000e-03 3.412840e-01
283 6.546640e-01 3.336000e-03 3.420000e-01
284 6.540720e-01 3.344000e-03 3.425840e-01
285 6.536400e-01 3.144000e-03 3.432160e-01
286 6.530960e-01 3.144000e-03 3.437600e-01
287 6.525800e-01 3.056000e-03 3.443640e-01
288 6.520520e-01 3.044000e-03 3.449040e-01
289 6.515560e-01 3.004000e-03 3.454400e-01
290 6.511000e-01 2.944000e-03 3.459560e-01
291 6.506600e-01 2.896000e-03 3.464440e-01
292 6.502200e-01 2.816000e-03 3.469640e-01
293 6.497920e-01 2.796000e-03 3.474120e-01
294 6.493440e-01 2.640000e-03 3.480160e-01
295 6.488440e-01 2.692000e-03 3.484640e-01
296 6.484200e-01 2.680000e-03 3.489000e-01
297 6.480000e-01 2.660000e-03 3.493400e-01
298 6.475320e-01 2.616000e-03 3.498520e-01
299 6.471280e-01 2.520000e-03 3.503520e-01
300 6.467640e-01 2.500000e-03 3.507360e-01
301 6.463880e-01 2.400000e-03 3.512120e-01
302 6.460320e-01 2.336000e-03 3.516320e-01
303 6.457040e-01 2.288000e-03 3.520080e-01
304 6.453320e-01 2.284000e-03 3.523840e-01
305 6.448360e-01 2.320000e-03 3.528440e-01
306 6.445200e-01 2.200000e-03 3.532800e-01
307 6.441440e-01 2.140000e-03 3.537160e-01
308 6.437920e-01 2.128000e-03 3.540800e-01
309 6.434520e-01 2.120000e-03 3.544280e-01
310 6.431000e-01 2.076000e-03 3.548240e-01
311 6.427600e-01 2.060000e-03 3.551800e-01
312 6.424120e-01 2.080000e-03 3.555080e-01
313 6.420840e-01 2.056000e-03 3.558600e-01
314 6.417080e-01 2.108000e-03 3.561840e-01
315 6.413360e-01 2.032000e-03 3.566320e-01
316 6.410040e-01 1.996000e-03 3.570000e-01
317 6.406760e-01 1.948000e-03 3.573760e-01
318 6.403640e-01 1.940000e-03 3.576960e-01
319 6.400560e-01 1.880000e-03 3.580640e-01
320 6.398120e-01 1.772000e-03 3.584160e-01
321 6.395840e-01 1.632000e-03 3.587840e-01
322 6.393240e-01 1.600000e-03 3.590760e-01
323 6.390480e-01 1.624000e-03 3.593280e-01
324 6.387960e-01 1.544000e-03 3.596600e-01
325 6.385600e-01 1.552000e-03 3.598880e-01
326 6.382960e-01 1.572000e-03 3.601320e-01
327 6.380120e-01 1.576000e-03 3.604120e-01
328 6.377680e-01 1.540000e-03 3.606920e-01
329 6.374480e-01 1.540000e-03 3.610120e-01
330 6.371880e-01 1.536000e-03 3.612760e-01
331 6.368800e-01 1.568000e-03 3.615520e-01
332 6.366360e-01 1.468000e-03 3.618960e-01
333 6.363840e-01 1.504000e-03 3.621120e-01
334 6.361840e-01 1.460000e-03 3.623560e-01
335 6.359000e-01 1.464000e-03 3.626360e-01
336 6.357000e-01 1.476000e-03 3.628240e-01
337 6.354720e-01 1.448000e-03 3.630800e-01
338 6.352280e-01 1.444000e-03 3.633280e-01
339 6.349920e-01 1.432000e-03 3.635760e-01
340 6.348240e-01 1.360000e-03 3.638160e-01
341 6.346040e-01 1.380000e-03 3.640160e-01
342 6.344480e-01 1.304000e-03 3.642480e-01
343 6.342640e-01 1.248000e-03 3.644880e-01
344 6.341200e-01 1.144000e-03 3.647360e-01
345 6.339120e-01 1.172000e-03 3.649160e-01
346 6.337480e-01 1.112000e-03 3.651400e-01
347 6.335560e-01 1.080000e-03 3.653640e-01
348 6.332960e-01 1.132000e-03 3.655720e-01
349 6.330440e-01 1.204000e-03 3.657520e-01
350 6.328880e-01 1.136000e-03 3.659760e-01
351 6.326480e-01 1.180000e-03 3.661720e-01
352 6.323680e-01 1.236000e-03 3.663960e-01
353 6.321360e-01 1.296000e-03 3.665680e-01
354 6.318320e-01 1.348000e-03 3.668200e-01
355 6.315480e-01 1.324000e-03 3.671280e-01
356 6.313000e-01 1.372000e-03 3.673280e-01
357 6.310320e-01 1.336000e-03 3.676320e-01
358 6.307320e-01 1.368000e-03 3.679000e-01
359 6.305280e-01 1.372000e-03 3.681000e-01
360 6.302440e-01 1.424000e-03 3.683320e-01
361 6.298920e-01 1.536000e-03 3.685720e-01
362 6.296040e-01 1.540000e-03 3.688560e-01
363 6.293800e-01 1.504000e-03 3.691160e-01
364 6.291480e-01 1.436000e-03 3.694160e-01
365 6.288920e-01 1.476000e-03 3.696320e-01
366 6.286480e-01 1.440000e-03 3.699120e-01
367 6.284160e-01 1.448000e-03 3.701360e-01
368 6.282040e-01 1.392000e-03 3.704040e-01
369 6.280000e-01 1.336000e-03 3.706640e-01
370 6.277600e-01 1.324000e-03 3.709160e-01
371 6.275200e-01 1.320000e-03 3.711600e-01
372 6.273040e-01 1.304000e-03 3.713920e-01
373 6.270920e-01 1.276000e-03 3.716320e-01
374 6.269160e-01 1.232000e-03 3.718520e-01
375 6.267080e-01 1.204000e-03 3.720880e-01
376 6.265280e-01 1.212000e-03 3.722600e-01
377 6.263840e-01 1.136000e-03 3.724800e-01
378 6.262040e-01 1.064000e-03 3.727320e-01
379 6.260280e-01 1.060000e-03 3.729120e-01
380 6.258400e-01 1.040000e-03 3.731200e-01
381 6.256800e-01 1.016000e-03 3.733040e-01
382 6.255440e-01 9.440000e-04 3.735120e-01
383 6.253760e-01 9.320000e-04 3.736920e-01
384 6.252520e-01 8.960000e-04 3.738520e-01
385 6.251080e-01 8.840000e-04 3.740080e-01
386 6.249440e-01 8.840000e-04 3.741720e-01
387 6.248080e-01 8.840000e-04 3.743080e-01
388 6.246440e-01 8.880000e-04 3.744680e-01
389 6.244640e-01 9.160000e-04 3.746200e-01
390 6.242760e-01 9.240000e-04 3.748000e-01
391 6.240800e-01 9.520000e-04 3.749680e-01
392 6.239240e-01 9.080000e-04 3.751680e-01
393 6.237360e-01 9.280000e-04 3.753360e-01
394 6.236120e-01 8.960000e-04 3.754920e-01
395 6.234560e-01 8.960000e-04 3.756480e-01
396 6.233120e-01 8.880000e-04 3.758000e-01
397 6.231760e-01 8.720000e-04 3.759520e-01
398 6.230280e-01 8.400000e-04 3.761320e-01
399 6.228960e-01 8.640000e-04 3.762400e-01
400 6.227960e-01 7.840000e-04 3.764200e-01
401 6.226920e-01 7.400000e-04 3.765680e-01
402 6.225880e-01 7.080000e-04 3.767040e-01
403 6.224320e-01 7.400000e-04 3.768280e-01
404 6.223400e-01 7.120000e-04 3.769480e-01
405 6.222320e-01 7.080000e-04 3.770600e-01
406 6.221200e-01 6.880000e-04 3.771920e-01
407 6.220080e-01 6.920000e-04 3.773000e-01
408 6.218960e-01 6.840000e-04 3.774200e-01
409 6.217800e-01 6.480000e-04 3.775720e-01
410 6.216400e-01 7.080000e-04 3.776520e-01
411 6.215200e-01 7.120000e-04 3.777680e-01
412 6.214440e-01 6.640000e-04 3.778920e-01
413 6.213480e-01 6.520000e-04 3.780000e-01
414 6.212960e-01 6.000000e-04 3.781040e-01
415 6.212360e-01 5.520000e-04 3.782120e-01
416 6.211720e-01 5.280000e-04 3.783000e-01
417 6.211080e-01 5.200000e-04 3.783720e-01
418 6.210160e-01 5.240000e-04 3.784600e-01
419 6.209560e-01 5.040000e-04 3.785400e-01
420 6.208880e-01 4.640000e-04 3.786480e-01
421 6.208360e-01 4.280000e-04 3.787360e-01
422 6.207720e-01 4.200000e-04 3.788080e-01
423 6.207080e-01 4.120000e-04 3.788800e-01
424 6.206200e-01 4.040000e-04 3.789760e-01
425 6.205440e-01 4.000000e-04 3.790560e-01
426 6.204760e-01 3.920000e-04 3.791320e-01
427 6.203960e-01 4.080000e-04 3.791960e-01
428 6.202640e-01 4.640000e-04 3.792720e-01
429 6.201400e-01 5.320000e-04 3.793280e-01
430 6.200320e-01 5.320000e-04 3.794360e-01
431 6.198880e-01 5.920000e-04 3.795200e-01
432 6.197560e-01 6.280000e-04 3.796160e-01
433 6.196320e-01 6.440000e-04 3.797240e-01
434 6.194800e-01 6.560000e-04 3.798640e-01
435 6.193640e-01 6.840000e-04 3.799520e-01
436 6.192680e-01 6.560000e-04 3.800760e-01
437 6.191800e-01 6.360000e-04 3.801840e-01
438 6.191240e-01 5.880000e-04 3.802880e-01
439 6.190200e-01 5.960000e-04 3.803840e-01
440 6.189280e-01 5.920000e-04 3.804800e-01
441 6.188320e-01 6.120000e-04 3.805560e-01
442 6.187440e-01 5.960000e-04 3.806600e-01
443 6.186440e-01 5.800000e-04 3.807760e-01
444 6.185520e-01 6.000000e-04 3.808480e-01
445 6.184520e-01 6.280000e-04 3.809200e-01
446 6.183960e-01 5.760000e-04 3.810280e-01
447 6.183080e-01 5.560000e-04 3.811360e-01
448 6.182600e-01 5.280000e-04 3.812120e-01
449 6.181720e-01 5.080000e-04 3.813200e-01
450 6.181200e-01 5.040000e-04 3.813760e-01
451 6.180360e-01 4.920000e-04 3.814720e-01
452 6.180160e-01 4.440000e-04 3.815400e-01
453 6.179560e-01 4.160000e-04 3.816280e-01
454 6.179240e-01 3.760000e-04 3.817000e-01
455 6.178840e-01 3.520000e-04 3.817640e-01
456 6.178400e-01 2.960000e-04 3.818640e-01
457 6.177960e-01 2.920000e-04 3.819120e-01
458 6.177560e-01 2.760000e-04 3.819680e-01
459 6.177160e-01 2.840000e-04 3.820000e-01
460 6.176840e-01 2.680000e-04 3.820480e-01
461 6.176320e-01 2.680000e-04 3.821000e-01
462 6.175880e-01 2.480000e-04 3.821640e-01
463 6.175400e-01 2.480000e-04 3.822120e-01
464 6.174960e-01 2.400000e-04 3.822640e-01
465 6.174680e-01 2.200000e-04 3.823120e-01
466 6.174280e-01 2.160000e-04 3.823560e-01
467 6.173920e-01 2.000000e-04 3.824080e-01
468 6.173400e-01 2.280000e-04 3.824320e-01
469 6.173120e-01 2.120000e-04 3.824760e-01
470 6.173040e-01 1.840000e-04 3.825120e-01
471 6.172440e-01 2.280000e-04 3.825280e-01
472 6.172160e-01 2.040000e-04 3.825800e-01
473 6.172000e-01 1.920000e-04 3.826080e-01
474 6.171880e-01 1.840000e-04 3.826280e-01
475 6.171600e-01 1.960000e-04 3.826440e-01
476 6.171320e-01 1.960000e-04 3.826720e-01
477 6.171200e-01 1.720000e-04 3.827080e-01
478 6.171000e-01 1.760000e-04 3.827240e-01
479 6.170920e-01 1.520000e-04 3.827560e-01
480 6.170840e-01 1.400000e-04 3.827760e-01
481 6.170720e-01 1.240000e-04 3.828040e-01
482 6.170560e-01 1.200000e-04 3.828240e-01
483 6.170360e-01 1.280000e-04 3.828360e-01
484 6.170280e-01 1.240000e-04 3.828480e-01
485 6.170160e-01 1.040000e-04 3.828800e-01
486 6.170080e-01 9.200000e-05 3.829000e-01
487 6.169960e-01 9.600000e-05 3.829080e-01
488 6.169920e-01 8.000000e-05 3.829280e-01
489 6.169840e-01 7.600000e-05 3.829400e-01
490 6.169840e-01 5.600000e-05 3.829600e-01
491 6.169800e-01 5.200000e-05 3.829680e-01
492 6.169680e-01 6.000000e-05 3.829720e-01
493 6.169680e-01 4.800000e-05 3.829840e-01
494 6.169560e-01 6.000000e-05 3.829840e-01
495 6.169440e-01 6.000000e-05 3.829960e-01
496 6.169400e-01 5.600000e-05 3.830040e-01
497 6.169280e-01 5.600000e-05 3.830160e-01
498 6.169200e-01 6.400000e-05 3.830160e-01
499 6.168840e-01 8.800000e-05 3.830280e-01
500 6.168640e-01 1.040000e-04 3.830320e-01
