1 9.992640e-01 6.600000e-04 7.600000e-05
2 9.987640e-01 1.008000e-03 2.280000e-04
3 9.980840e-01 1.484000e-03 4.320000e-04
4 9.975160e-01 1.780000e-03 7.040000e-04
5 9.967760e-01 2.172000e-03 1.052000e-03
6 9.959520e-01 2.624000e-03 1.424000e-03
7 9.950400e-01 3.036000e-03 1.924000e-03
8 9.941120e-01 3.372000e-03 2.516000e-03
9 9.932080e-01 3.680000e-03 3.112000e-03
10 9.922480e-01 3.964000e-03 3.788000e-03
11 9.912360e-01 4.196000e-03 4.568000e-03
12 9.902720e-01 4.372000e-03 5.356000e-03
13 9.890120e-01 4.920000e-03 6.068000e-03
14 9.878400e-01 5.216000e-03 6.944000e-03
15 9.866000e-01 5.608000e-03 7.792000e-03
16 9.854480e-01 5.796000e-03 8.756000e-03
17 9.840560e-01 6.188000e-03 9.756000e-03
18 9.827760e-01 6.468000e-03 1.075600e-02
19 9.814120e-01 6.624000e-03 1.196400e-02
20 9.800440e-01 6.872000e-03 1.308400e-02
21 9.788240e-01 6.864000e-03 1.431200e-02
22 9.773320e-01 7.296000e-03 1.537200e-02
23 9.759600e-01 7.348000e-03 1.669200e-02
24 9.747200e-01 7.256000e-03 1.802400e-02
25 9.733880e-01 7.348000e-03 1.926400e-02
26 9.719600e-01 7.508000e-03 2.053200e-02
27 9.702960e-01 7.872000e-03 2.183200e-02
28 9.688360e-01 7.880000e-03 2.328400e-02
29 9.674240e-01 7.860000e-03 2.471600e-02
30 9.660080e-01 7.992000e-03 2.600000e-02
31 9.643920e-01 8.360000e-03 2.724800e-02
32 9.628920e-01 8.376000e-03 2.873200e-02
33 9.613000e-01 8.480000e-03 3.022000e-02
34 9.597520e-01 8.592000e-03 3.165600e-02
35 9.581640e-01 8.668000e-03 3.316800e-02
36 9.564640e-01 8.896000e-03 3.464000e-02
37 9.548600e-01 8.848000e-03 3.629200e-02
38 9.533520e-01 8.784000e-03 3.786400e-02
39 9.517840e-01 8.680000e-03 3.953600e-02
40 9.501440e-01 8.860000e-03 4.099600e-02
41 9.484960e-01 8.968000e-03 4.253600e-02
42 9.470560e-01 8.728000e-03 4.421600e-02
43 9.455160e-01 8.856000e-03 4.562800e-02
44 9.439640e-01 8.900000e-03 4.713600e-02
45 9.424640e-01 8.888000e-03 4.864800e-02
46 9.409920e-01 8.756000e-03 5.025200e-02
47 9.392040e-01 9.020000e-03 5.177600e-02
48 9.376680e-01 8.948000e-03 5.338400e-02
49 9.361640e-01 8.900000e-03 5.493600e-02
50 9.346600e-01 8.772000e-03 5.656800e-02
51 9.331040e-01 8.816000e-03 5.808000e-02
52 9.315200e-01 8.876000e-03 5.960400e-02
53 9.300800e-01 8.792000e-03 6.112800e-02
54 9.285400e-01 8.792000e-03 6.266800e-02
55 9.268640e-01 8.904000e-03 6.423200e-02
56 9.252000e-01 9.100000e-03 6.570000e-02
57 9.235360e-01 9.144000e-03 6.732000e-02
58 9.217320e-01 9.324000e-03 6.894400e-02
59 9.201160e-01 9.360000e-03 7.052400e-02
60 9.182200e-01 9.680000e-03 7.210000e-02
61 9.163800e-01 9.732000e-03 7.388800e-02
62 9.144760e-01 9.908000e-03 7.561600e-02
63 9.127320e-01 9.912000e-03 7.735600e-02
64 9.111040e-01 9.772000e-03 7.912400e-02
65 9.095040e-01 9.636000e-03 8.086000e-02
66 9.078120e-01 9.564000e-03 8.262400e-02
67 9.062760e-01 9.388000e-03 8.433600e-02
68 9.045240e-01 9.576000e-03 8.590000e-02
69 9.028360e-01 9.684000e-03 8.748000e-02
70 9.010320e-01 9.796000e-03 8.917200e-02
71 8.993120e-01 9.844000e-03 9.084400e-02
72 8.974800e-01 9.820000e-03 9.270000e-02
73 8.956280e-01 9.888000e-03 9.448400e-02
74 8.940680e-01 9.604000e-03 9.632800e-02
75 8.921480e-01 9.872000e-03 9.798000e-02
76 8.904120e-01 9.936000e-03 9.965200e-02
77 8.885600e-01 9.984000e-03 1.014560e-01
78 8.867000e-01 1.023600e-02 1.030640e-01
79 8.848840e-01 1.024800e-02 1.048680e-01
80 8.830880e-01 1.031600e-02 1.065960e-01
81 8.812720e-01 1.022800e-02 1.085000e-01
82 8.794720e-01 1.024400e-02 1.102840e-01
83 8.777560e-01 1.016000e-02 1.120840e-01
84 8.760520e-01 1.011200e-02 1.138360e-01
85 8.741400e-01 1.027200e-02 1.155880e-01
86 8.723840e-01 1.013600e-02 1.174800e-01
87 8.705360e-01 1.020400e-02 1.192600e-01
88 8.687200e-01 1.015200e-02 1.211280e-01
89 8.668360e-01 1.032000e-02 1.228440e-01
90 8.651400e-01 1.024400e-02 1.246160e-01
91 8.632800e-01 1.028400e-02 1.264360e-01
92 8.615400e-01 1.026400e-02 1.281960e-01
93 8.597680e-01 1.022000e-02 1.300120e-01
94 8.579360e-01 1.022800e-02 1.318360e-01
95 8.560440e-01 1.031600e-02 1.336400e-01
96 8.541240e-01 1.049200e-02 1.353840e-01
97 8.521320e-01 1.061200e-02 1.372560e-01
98 8.502080e-01 1.062800e-02 1.391640e-01
99 8.482840e-01 1.061200e-02 1.411040e-01
100 8.462360e-01 1.078400e-02 1.429800e-01
101 8.442360e-01 1.088400e-02 1.448800e-01
102 8.423960e-01 1.074000e-02 1.468640e-01
103 8.405160e-01 1.074000e-02 1.487440e-01
104 8.386720e-01 1.075600e-02 1.505720e-01
105 8.368280e-01 1.062400e-02 1.525480e-01
106 8.349920e-01 1.052800e-02 1.544800e-01
107 8.330960e-01 1.058800e-02 1.563160e-01
108 8.312920e-01 1.052400e-02 1.581840e-01
109 8.292840e-01 1.067200e-02 1.600440e-01
110 8.274560e-01 1.071600e-02 1.618280e-01
111 8.255600e-01 1.075200e-02 1.636880e-01
112 8.236680e-01 1.064000e-02 1.656920e-01
113 8.218640e-01 1.078400e-02 1.673520e-01
114 8.201040e-01 1.058000e-02 1.693160e-01
115 8.182720e-01 1.061200e-02 1.711160e-01
116 8.162960e-01 1.063200e-02 1.730720e-01
117 8.143560e-01 1.074400e-02 1.749000e-01
118 8.125880e-01 1.050800e-02 1.769040e-01
119 8.107280e-01 1.053600e-02 1.787360e-01
120 8.088600e-01 1.061600e-02 1.805240e-01
121 8.070800e-01 1.054800e-02 1.823720e-01
122 8.050440e-01 1.058000e-02 1.843760e-01
123 8.033240e-01 1.062800e-02 1.860480e-01
124 8.015920e-01 1.040000e-02 1.880080e-01
125 7.998080e-01 1.032800e-02 1.898640e-01
126 7.979640e-01 1.045200e-02 1.915840e-01
127 7.962760e-01 1.020000e-02 1.935240e-01
128 7.943840e-01 1.030400e-02 1.953120e-01
129 7.924640e-01 1.048400e-02 1.970520e-01
130 7.906640e-01 1.042400e-02 1.989120e-01
131 7.888400e-01 1.039200e-02 2.007680e-01
132 7.870240e-01 1.033600e-02 2.026400e-01
133 7.854080e-01 1.012000e-02 2.044720e-01
134 7.836400e-01 1.016800e-02 2.061920e-01
135 7.818520e-01 1.024400e-02 2.079040e-01
136 7.801360e-01 1.002000e-02 2.098440e-01
137 7.785600e-01 9.852000e-03 2.115880e-01
138 7.769520e-01 9.736000e-03 2.133120e-01
139 7.751640e-01 9.748000e-03 2.150880e-01
140 7.734400e-01 9.728000e-03 2.168320e-01
141 7.718040e-01 9.656000e-03 2.185400e-01
142 7.699880e-01 9.916000e-03 2.200960e-01
143 7.683160e-01 9.940000e-03 2.217440e-01
144 7.665600e-01 1.012800e-02 2.233120e-01
145 7.647720e-01 1.023200e-02 2.249960e-01
146 7.630400e-01 1.023600e-02 2.267240e-01
147 7.611800e-01 1.021600e-02 2.286040e-01
148 7.594560e-01 1.012800e-02 2.304160e-01
149 7.576840e-01 1.018800e-02 2.321280e-01
150 7.559280e-01 1.010400e-02 2.339680e-01
151 7.542600e-01 1.006400e-02 2.356760e-01
152 7.525760e-01 1.011600e-02 2.373080e-01
153 7.510120e-01 9.880000e-03 2.391080e-01
154 7.492480e-01 1.001200e-02 2.407400e-01
155 7.476560e-01 9.912000e-03 2.424320e-01
156 7.460160e-01 9.868000e-03 2.441160e-01
157 7.445680e-01 9.692000e-03 2.457400e-01
158 7.429520e-01 9.744000e-03 2.473040e-01
159 7.412920e-01 9.624000e-03 2.490840e-01
160 7.397320e-01 9.548000e-03 2.507200e-01
161 7.381680e-01 9.504000e-03 2.523280e-01
162 7.366560e-01 9.400000e-03 2.539440e-01
163 7.351360e-01 9.312000e-03 2.555520e-01
164 7.335120e-01 9.420000e-03 2.570680e-01
165 7.320400e-01 9.132000e-03 2.588280e-01
166 7.305200e-01 8.988000e-03 2.604920e-01
167 7.291040e-01 8.776000e-03 2.621200e-01
168 7.276200e-01 8.760000e-03 2.636200e-01
169 7.261640e-01 8.688000e-03 2.651480e-01
170 7.245760e-01 8.756000e-03 2.666680e-01
171 7.231600e-01 8.676000e-03 2.681640e-01
172 7.217560e-01 8.612000e-03 2.696320e-01
173 7.201560e-01 8.640000e-03 2.712040e-01
174 7.187680e-01 8.464000e-03 2.727680e-01
175 7.172760e-01 8.496000e-03 2.742280e-01
176 7.158360e-01 8.528000e-03 2.756360e-01
177 7.144640e-01 8.452000e-03 2.770840e-01
178 7.131960e-01 8.248000e-03 2.785560e-01
179 7.117520e-01 8.176000e-03 2.800720e-01
180 7.104720e-01 8.024000e-03 2.815040e-01
181 7.089840e-01 8.012000e-03 2.830040e-01
182 7.076600e-01 7.908000e-03 2.844320e-01
183 7.064240e-01 7.672000e-03 2.859040e-01
184 7.052440e-01 7.500000e-03 2.872560e-01
185 7.041000e-01 7.460000e-03 2.884400e-01
186 7.028880e-01 7.392000e-03 2.897200e-01
187 7.016720e-01 7.376000e-03 2.909520e-01
188 7.004480e-01 7.240000e-03 2.923120e-01
189 6.992760e-01 7.244000e-03 2.934800e-01
190 6.980200e-01 7.232000e-03 2.947480e-01
191 6.967600e-01 7.304000e-03 2.959360e-01
192 6.953760e-01 7.484000e-03 2.971400e-01
193 6.940920e-01 7.308000e-03 2.986000e-01
194 6.927440e-01 7.396000e-03 2.998600e-01
195 6.914960e-01 7.300000e-03 3.012040e-01
196 6.902000e-01 7.348000e-03 3.024520e-01
197 6.887960e-01 7.484000e-03 3.037200e-01
198 6.875200e-01 7.420000e-03 3.050600e-01
199 6.862440e-01 7.288000e-03 3.064680e-01
200 6.849200e-01 7.324000e-03 3.077560e-01
201 6.837200e-01 7.196000e-03 3.090840e-01
202 6.826000e-01 7.096000e-03 3.103040e-01
203 6.815680e-01 6.924000e-03 3.115080e-01
204 6.804320e-01 6.832000e-03 3.127360e-01
205 6.792880e-01 6.804000e-03 3.139080e-01
206 6.782360e-01 6.636000e-03 3.151280e-01
207 6.769160e-01 6.760000e-03 3.163240e-01
208 6.757560e-01 6.724000e-03 3.175200e-01
209 6.745720e-01 6.700000e-03 3.187280e-01
210 6.733280e-01 6.796000e-03 3.198760e-01
211 6.721640e-01 6.796000e-03 3.210400e-01
212 6.710560e-01 6.704000e-03 3.222400e-01
213 6.699400e-01 6.672000e-03 3.233880e-01
214 6.688120e-01 6.716000e-03 3.244720e-01
215 6.676960e-01 6.640000e-03 3.256640e-01
216 6.666440e-01 6.464000e-03 3.268920e-01
217 6.654840e-01 6.592000e-03 3.279240e-01
218 6.643120e-01 6.688000e-03 3.290000e-01
219 6.632480e-01 6.660000e-03 3.300920e-01
220 6.621080e-01 6.560000e-03 3.313320e-01
221 6.611560e-01 6.400000e-03 3.324440e-01
222 6.601600e-01 6.268000e-03 3.335720e-01
223 6.590360e-01 6.372000e-03 3.345920e-01
224 6.579320e-01 6.308000e-03 3.357600e-01
225 6.568280e-01 6.300000e-03 3.368720e-01
226 6.558640e-01 6.148000e-03 3.379880e-01
227 6.546680e-01 6.228000e-03 3.391040e-01
228 6.535760e-01 6.200000e-03 3.402240e-01
229 6.524760e-01 6.288000e-03 3.412360e-01
230 6.513240e-01 6.308000e-03 3.423680e-01
231 6.502600e-01 6.312000e-03 3.434280e-01
232 6.491800e-01 6.268000e-03 3.445520e-01
233 6.481240e-01 6.264000e-03 3.456120e-01
234 6.470960e-01 6.136000e-03 3.467680e-01
235 6.459640e-01 6.140000e-03 3.478960e-01
236 6.449520e-01 6.088000e-03 3.489600e-01
237 6.438760e-01 6.188000e-03 3.499360e-01
238 6.428760e-01 6.140000e-03 3.509840e-01
239 6.418960e-01 6.224000e-03 3.518800e-01
240 6.410000e-01 6.044000e-03 3.529560e-01
241 6.400240e-01 5.992000e-03 3.539840e-01
242 6.391360e-01 5.820000e-03 3.550440e-01
243 6.382640e-01 5.668000e-03 3.560680e-01
244 6.374040e-01 5.552000e-03 3.570440e-01
245 6.365800e-01 5.452000e-03 3.579680e-01
246 6.357760e-01 5.272000e-03 3.589520e-01
247 6.348640e-01 5.284000e-03 3.598520e-01
248 6.339520e-01 5.420000e-03 3.606280e-01
249 6.330160e-01 5.344000e-03 3.616400e-01
250 6.321040e-01 5.400000e-03 3.624960e-01
251 6.312320e-01 5.312000e-03 3.634560e-01
252 6.305320e-01 5.156000e-03 3.643120e-01
253 6.298040e-01 5.004000e-03 3.651920e-01
254 6.289760e-01 4.964000e-03 3.660600e-01
255 6.281360e-01 4.924000e-03 3.669400e-01
256 6.272520e-01 4.876000e-03 3.678720e-01
257 6.264280e-01 4.776000e-03 3.687960e-01
258 6.256400e-01 4.736000e-03 3.696240e-01
259 6.247400e-01 4.808000e-03 3.704520e-01
260 6.237680e-01 4.988000e-03 3.712440e-01
261 6.227720e-01 5.008000e-03 3.722200e-01
262 6.219640e-01 4.968000e-03 3.730680e-01
263 6.212440e-01 4.792000e-03 3.739640e-01
264 6.205240e-01 4.696000e-03 3.747800e-01
265 6.196600e-01 4.728000e-03 3.756120e-01
266 6.189720e-01 4.500000e-03 3.765280e-01
267 6.182400e-01 4.500000e-03 3.772600e-01
268 6.175520e-01 4.400000e-03 3.780480e-01
269 6.168480e-01 4.464000e-03 3.786880e-01
270 6.161080e-01 4.444000e-03 3.794480e-01
271 6.153480e-01 4.440000e-03 3.802120e-01
272 6.146320e-01 4.316000e-03 3.810520e-01
273 6.138240e-01 4.352000e-03 3.818240e-01
274 6.130360e-01 4.416000e-03 3.825480e-01
275 6.123000e-01 4.440000e-03 3.832600e-01
276 6.116640e-01 4.364000e-03 3.839720e-01
277 6.110200e-01 4.288000e-03 3.846920e-01
278 6.103720e-01 4.276000e-03 3.853520e-01
279 6.096360e-01 4.216000e-03 3.861480e-01
280 6.089360e-01 4.204000e-03 3.868600e-01
281 6.082560e-01 4.180000e-03 3.875640e-01
282 6.074720e-01 4.176000e-03 3.883520e-01
283 6.067680e-01 4.200000e-03 3.890320e-01
284 6.060040e-01 4.304000e-03 3.896920e-01
285 6.053160e-01 4.212000e-03 3.904720e-01
286 6.045480e-01 4.236000e-03 3.912160e-01
287 6.038960e-01 4.152000e-03 3.919520e-01
288 6.031760e-01 4.156000e-03 3.926680e-01
289 6.025400e-01 4.068000e-03 3.933920e-01
290 6.019520e-01 3.916000e-03 3.941320e-01
291 6.012960e-01 3.888000e-03 3.948160e-01
292 6.006720e-01 3.804000e-03 3.955240e-01
293 5.999800e-01 3.804000e-03 3.962160e-01
294 5.993320e-01 3.836000e-03 3.968320e-01
295 5.987880e-01 3.700000e-03 3.975120e-01
296 5.981040e-01 3.760000e-03 3.981360e-01
297 5.975040e-01 3.644000e-03 3.988520e-01
298 5.967840e-01 3.748000e-03 3.994680e-01
299 5.961720e-01 3.728000e-03 4.001000e-01
300 5.956440e-01 3.636000e-03 4.007200e-01
301 5.949960e-01 3.616000e-03 4.013880e-01
302 5.944440e-01 3.536000e-03 4.020200e-01
303 5.937640e-01 3.660000e-03 4.025760e-01
304 5.931560e-01 3.652000e-03 4.031920e-01
305 5.924920e-01 3.732000e-03 4.037760e-01
306 5.918680e-01 3.796000e-03 4.043360e-01
307 5.911800e-01 3.812000e-03 4.050080e-01
308 5.905360e-01 3.840000e-03 4.056240e-01
309 5.899960e-01 3.748000e-03 4.062560e-01
310 5.893720e-01 3.696000e-03 4.069320e-01
311 5.887080e-01 3.672000e-03 4.076200e-01
312 5.881000e-01 3.680000e-03 4.082200e-01
313 5.875600e-01 3.676000e-03 4.087640e-01
314 5.869920e-01 3.608000e-03 4.094000e-01
315 5.865080e-01 3.436000e-03 4.100560e-01
316 5.860640e-01 3.312000e-03 4.106240e-01
317 5.856240e-01 3.196000e-03 4.111800e-01
318 5.851000e-01 3.200000e-03 4.117000e-01
319 5.845120e-01 3.208000e-03 4.122800e-01
320 5.838480e-01 3.284000e-03 4.128680e-01
321 5.832000e-01 3.336000e-03 4.134640e-01
322 5.826240e-01 3.348000e-03 4.140280e-01
323 5.820960e-01 3.156000e-03 4.147480e-01
324 5.814720e-01 3.284000e-03 4.152440e-01
325 5.809280e-01 3.280000e-03 4.157920e-01
326 5.803840e-01 3.232000e-03 4.163840e-01
327 5.798720e-01 3.144000e-03 4.169840e-01
328 5.793560e-01 3.120000e-03 4.175240e-01
329 5.788280e-01 3.072000e-03 4.181000e-01
330 5.783480e-01 2.992000e-03 4.186600e-01
331 5.778560e-01 2.964000e-03 4.191800e-01
332 5.772880e-01 2.968000e-03 4.197440e-01
333 5.768720e-01 2.816000e-03 4.203120e-01
334 5.764440e-01 2.756000e-03 4.208000e-01
335 5.759680e-01 2.736000e-03 4.212960e-01
336 5.755160e-01 2.744000e-03 4.217400e-01
337 5.750800e-01 2.680000e-03 4.222400e-01
338 5.746120e-01 2.696000e-03 4.226920e-01
339 5.741960e-01 2.652000e-03 4.231520e-01
340 5.736400e-01 2.700000e-03 4.236600e-01
341 5.730520e-01 2.784000e-03 4.241640e-01
342 5.726240e-01 2.772000e-03 4.246040e-01
343 5.722080e-01 2.704000e-03 4.250880e-01
344 5.718000e-01 2.648000e-03 4.255520e-01
345 5.712640e-01 2.748000e-03 4.259880e-01
346 5.707880e-01 2.808000e-03 4.264040e-01
347 5.703800e-01 2.756000e-03 4.268640e-01
348 5.699800e-01 2.596000e-03 4.274240e-01
349 5.696000e-01 2.520000e-03 4.278800e-01
350 5.692240e-01 2.432000e-03 4.283440e-01
351 5.688160e-01 2.392000e-03 4.287920e-01
352 5.683680e-01 2.364000e-03 4.292680e-01
353 5.680040e-01 2.344000e-03 4.296520e-01
354 5.675560e-01 2.384000e-03 4.300600e-01
355 5.671800e-01 2.252000e-03 4.305680e-01
356 5.668320e-01 2.236000e-03 4.309320e-01
357 5.664440e-01 2.184000e-03 4.313720e-01
358 5.660640e-01 2.160000e-03 4.317760e-01
359 5.656880e-01 2.184000e-03 4.321280e-01
360 5.653200e-01 2.148000e-03 4.325320e-01
361 5.649760e-01 2.140000e-03 4.328840e-01
362 5.646320e-01 2.128000e-03 4.332400e-01
363 5.642080e-01 2.132000e-03 4.336600e-01
364 5.638920e-01 2.020000e-03 4.340880e-01
365 5.636360e-01 1.900000e-03 4.344640e-01
366 5.633800e-01 1.820000e-03 4.348000e-01
367 5.631000e-01 1.732000e-03 4.351680e-01
368 5.627960e-01 1.796000e-03 4.354080e-01
369 5.624920e-01 1.832000e-03 4.356760e-01
370 5.622320e-01 1.760000e-03 4.360080e-01
371 5.619760e-01 1.680000e-03 4.363440e-01
372 5.617360e-01 1.616000e-03 4.366480e-01
373 5.615600e-01 1.440000e-03 4.370000e-01
374 5.613520e-01 1.400000e-03 4.372480e-01
375 5.611160e-01 1.388000e-03 4.374960e-01
376 5.608360e-01 1.444000e-03 4.377200e-01
377 5.605200e-01 1.548000e-03 4.379320e-01
378 5.601560e-01 1.612000e-03 4.382320e-01
379 5.598440e-01 1.656000e-03 4.385000e-01
380 5.594960e-01 1.684000e-03 4.388200e-01
381 5.591280e-01 1.784000e-03 4.390880e-01
382 5.587960e-01 1.788000e-03 4.394160e-01
383 5.584200e-01 1.792000e-03 4.397880e-01
384 5.580720e-01 1.792000e-03 4.401360e-01
385 5.577840e-01 1.820000e-03 4.403960e-01
386 5.574040e-01 1.860000e-03 4.407360e-01
387 5.570720e-01 1.868000e-03 4.410600e-01
388 5.567080e-01 1.900000e-03 4.413920e-01
389 5.563360e-01 2.012000e-03 4.416520e-01
390 5.559960e-01 2.028000e-03 4.419760e-01
391 5.557360e-01 1.940000e-03 4.423240e-01
392 5.553560e-01 2.032000e-03 4.426120e-01
393 5.549800e-01 1.984000e-03 4.430360e-01
394 5.546000e-01 2.000000e-03 4.434000e-01
395 5.542560e-01 1.972000e-03 4.437720e-01
396 5.539600e-01 1.920000e-03 4.441200e-01
397 5.536360e-01 1.872000e-03 4.444920e-01
398 5.533080e-01 1.900000e-03 4.447920e-01
399 5.529280e-01 1.940000e-03 4.451320e-01
400 5.526000e-01 2.028000e-03 4.453720e-01
401 5.523040e-01 2.004000e-03 4.456920e-01
402 5.520160e-01 1.952000e-03 4.460320e-01
403 5.516240e-01 1.960000e-03 4.464160e-01
404 5.513200e-01 1.864000e-03 4.468160e-01
405 5.510000e-01 1.828000e-03 4.471720e-01
406 5.507320e-01 1.764000e-03 4.475040e-01
407 5.504200e-01 1.756000e-03 4.478240e-01
408 5.501160e-01 1.776000e-03 4.481080e-01
409 5.498080e-01 1.756000e-03 4.484360e-01
410 5.495360e-01 1.712000e-03 4.487520e-01
411 5.492800e-01 1.680000e-03 4.490400e-01
412 5.489200e-01 1.740000e-03 4.493400e-01
413 5.486120e-01 1.748000e-03 4.496400e-01
414 5.482680e-01 1.772000e-03 4.499600e-01
415 5.479680e-01 1.700000e-03 4.503320e-01
416 5.477360e-01 1.624000e-03 4.506400e-01
417 5.473840e-01 1.724000e-03 4.508920e-01
418 5.471120e-01 1.744000e-03 4.511440e-01
419 5.468560e-01 1.676000e-03 4.514680e-01
420 5.465720e-01 1.688000e-03 4.517400e-01
421 5.462840e-01 1.672000e-03 4.520440e-01
422 5.459920e-01 1.700000e-03 4.523080e-01
423 5.456840e-01 1.748000e-03 4.525680e-01
424 5.453840e-01 1.784000e-03 4.528320e-01
425 5.450800e-01 1.768000e-03 4.531520e-01
426 5.448240e-01 1.692000e-03 4.534840e-01
427 5.445720e-01 1.648000e-03 4.537800e-01
428 5.443200e-01 1.648000e-03 4.540320e-01
429 5.440920e-01 1.600000e-03 4.543080e-01
430 5.438200e-01 1.592000e-03 4.545880e-01
431 5.435760e-01 1.596000e-03 4.548280e-01
432 5.434120e-01 1.480000e-03 4.551080e-01
433 5.431240e-01 1.516000e-03 4.553600e-01
434 5.428360e-01 1.508000e-03 4.556560e-01
435 5.425760e-01 1.488000e-03 4.559360e-01
436 5.423120e-01 1.500000e-03 4.561880e-01
437 5.421000e-01 1.472000e-03 4.564280e-01
438 5.418800e-01 1.464000e-03 4.566560e-01
439 5.416000e-01 1.516000e-03 4.568840e-01
440 5.414200e-01 1.424000e-03 4.571560e-01
441 5.411800e-01 1.384000e-03 4.574360e-01
442 5.409680e-01 1.376000e-03 4.576560e-01
443 5.407520e-01 1.312000e-03 4.579360e-01
444 5.405240e-01 1.320000e-03 4.581560e-01
445 5.403000e-01 1.356000e-03 4.583440e-01
446 5.399880e-01 1.456000e-03 4.585560e-01
447 5.397000e-01 1.488000e-03 4.588120e-01
448 5.394280e-01 1.492000e-03 4.590800e-01
449 5.391880e-01 1.472000e-03 4.593400e-01
450 5.389120e-01 1.500000e-03 4.595880e-01
451 5.387000e-01 1.448000e-03 4.598520e-01
452 5.384800e-01 1.436000e-03 4.600840e-01
453 5.382840e-01 1.424000e-03 4.602920e-01
454 5.381080e-01 1.360000e-03 4.605320e-01
455 5.378920e-01 1.260000e-03 4.608480e-01
456 5.377520e-01 1.180000e-03 4.610680e-01
457 5.375840e-01 1.108000e-03 4.613080e-01
458 5.374560e-01 1.028000e-03 4.615160e-01
459 5.373040e-01 9.840000e-04 4.617120e-01
460 5.371360e-01 1.012000e-03 4.618520e-01
461 5.370200e-01 9.640000e-04 4.620160e-01
462 5.368920e-01 9.400000e-04 4.621680e-01
463 5.367720e-01 9.160000e-04 4.623120e-01
464 5.366120e-01 9.280000e-04 4.624600e-01
465 5.364840e-01 9.160000e-04 4.626000e-01
466 5.363640e-01 8.600000e-04 4.627760e-01
467 5.361720e-01 9.200000e-04 4.629080e-01
468 5.359920e-01 9.360000e-04 4.630720e-01
469 5.358160e-01 9.560000e-04 4.632280e-01
470 5.355960e-01 1.004000e-03 4.634000e-01
471 5.354040e-01 1.064000e-03 4.635320e-01
472 5.352200e-01 1.100000e-03 4.636800e-01
473 5.349320e-01 1.172000e-03 4.638960e-01
474 5.346960e-01 1.184000e-03 4.641200e-01
475 5.345120e-01 1.164000e-03 4.643240e-01
476 5.342960e-01 1.176000e-03 4.645280e-01
477 5.341000e-01 1.132000e-03 4.647680e-01
478 5.339680e-01 1.088000e-03 4.649440e-01
479 5.338120e-01 1.052000e-03 4.651360e-01
480 5.336440e-01 9.920000e-04 4.653640e-01
481 5.334640e-01 9.960000e-04 4.655400e-01
482 5.332880e-01 9.760000e-04 4.657360e-01
483 5.330960e-01 1.048000e-03 4.658560e-01
484 5.328840e-01 1.140000e-03 4.659760e-01
485 5.326720e-01 1.164000e-03 4.661640e-01
486 5.324160e-01 1.232000e-03 4.663520e-01
487 5.321920e-01 1.224000e-03 4.665840e-01
488 5.319880e-01 1.240000e-03 4.667720e-01
489 5.317640e-01 1.244000e-03 4.669920e-01
490 5.315680e-01 1.296000e-03 4.671360e-01
491 5.313880e-01 1.180000e-03 4.674320e-01
492 5.312160e-01 1.144000e-03 4.676400e-01
493 5.310520e-01 1.144000e-03 4.678040e-01
494 5.308240e-01 1.136000e-03 4.680400e-01
495 5.306680e-01 1.104000e-03 4.682280e-01
496 5.304880e-01 1.104000e-03 4.684080e-01
497 5.303080e-01 1.088000e-03 4.686040e-01
498 5.301040e-01 1.140000e-03 4.687560e-01
499 5.299400e-01 1.116000e-03 4.689440e-01
500 5.297600e-01 1.108000e-03 4.691320e-01
