1 9.992280e-01 6.760000e-04 9.600000e-05
2 9.987760e-01 9.800000e-04 2.440000e-04
3 9.981840e-01 1.384000e-03 4.320000e-04
4 9.974240e-01 1.876000e-03 7.000000e-04
5 9.967720e-01 2.184000e-03 1.044000e-03
6 9.959640e-01 2.560000e-03 1.476000e-03
7 9.951640e-01 2.900000e-03 1.936000e-03
8 9.943600e-01 3.236000e-03 2.404000e-03
9 9.933440e-01 3.668000e-03 2.988000e-03
10 9.922920e-01 4.028000e-03 3.680000e-03
11 9.912360e-01 4.348000e-03 4.416000e-03
12 9.901960e-01 4.632000e-03 5.172000e-03
13 9.891240e-01 4.876000e-03 6.000000e-03
14 9.880160e-01 5.128000e-03 6.856000e-03
15 9.868640e-01 5.324000e-03 7.812000e-03
16 9.856160e-01 5.564000e-03 8.820000e-03
17 9.845080e-01 5.716000e-03 9.776000e-03
18 9.832720e-01 5.944000e-03 1.078400e-02
19 9.820360e-01 6.108000e-03 1.185600e-02
20 9.807640e-01 6.324000e-03 1.291200e-02
21 9.794680e-01 6.508000e-03 1.402400e-02
22 9.782440e-01 6.552000e-03 1.520400e-02
23 9.770160e-01 6.604000e-03 1.638000e-02
24 9.757080e-01 6.820000e-03 1.747200e-02
25 9.743160e-01 6.976000e-03 1.870800e-02
26 9.728360e-01 7.180000e-03 1.998400e-02
27 9.714400e-01 7.336000e-03 2.122400e-02
28 9.700280e-01 7.416000e-03 2.255600e-02
29 9.684560e-01 7.712000e-03 2.383200e-02
30 9.669880e-01 7.896000e-03 2.511600e-02
31 9.653680e-01 8.084000e-03 2.654800e-02
32 9.639160e-01 8.092000e-03 2.799200e-02
33 9.624000e-01 8.200000e-03 2.940000e-02
34 9.609600e-01 8.356000e-03 3.068400e-02
35 9.594240e-01 8.536000e-03 3.204000e-02
36 9.577960e-01 8.608000e-03 3.359600e-02
37 9.561520e-01 8.648000e-03 3.520000e-02
38 9.544880e-01 8.900000e-03 3.661200e-02
39 9.530160e-01 8.776000e-03 3.820800e-02
40 9.515360e-01 8.724000e-03 3.974000e-02
41 9.499560e-01 8.708000e-03 4.133600e-02
42 9.483400e-01 8.880000e-03 4.278000e-02
43 9.467640e-01 8.932000e-03 4.430400e-02
44 9.452440e-01 8.984000e-03 4.577200e-02
45 9.436480e-01 9.008000e-03 4.734400e-02
46 9.421440e-01 8.900000e-03 4.895600e-02
47 9.405320e-01 9.020000e-03 5.044800e-02
48 9.388520e-01 9.180000e-03 5.196800e-02
49 9.369960e-01 9.328000e-03 5.367600e-02
50 9.351640e-01 9.568000e-03 5.526800e-02
51 9.332920e-01 9.740000e-03 5.696800e-02
52 9.314600e-01 9.920000e-03 5.862000e-02
53 9.296400e-01 9.976000e-03 6.038400e-02
54 9.277440e-01 1.014400e-02 6.211200e-02
55 9.260080e-01 1.020400e-02 6.378800e-02
56 9.241160e-01 1.026000e-02 6.562400e-02
57 9.223960e-01 1.030800e-02 6.729600e-02
58 9.208080e-01 1.004400e-02 6.914800e-02
59 9.191760e-01 9.884000e-03 7.094000e-02
60 9.174440e-01 9.956000e-03 7.260000e-02
61 9.156880e-01 1.000000e-02 7.431200e-02
62 9.139600e-01 9.928000e-03 7.611200e-02
63 9.124160e-01 9.752000e-03 7.783200e-02
64 9.106120e-01 9.800000e-03 7.958800e-02
65 9.090160e-01 9.608000e-03 8.137600e-02
66 9.074240e-01 9.524000e-03 8.305200e-02
67 9.058480e-01 9.404000e-03 8.474800e-02
68 9.044120e-01 9.068000e-03 8.652000e-02
69 9.028560e-01 9.064000e-03 8.808000e-02
70 9.013480e-01 8.984000e-03 8.966800e-02
71 8.998160e-01 8.964000e-03 9.122000e-02
72 8.980760e-01 9.036000e-03 9.288800e-02
73 8.963880e-01 9.076000e-03 9.453600e-02
74 8.947760e-01 9.056000e-03 9.616800e-02
75 8.930560e-01 9.144000e-03 9.780000e-02
76 8.913840e-01 9.132000e-03 9.948400e-02
77 8.897880e-01 9.108000e-03 1.011040e-01
78 8.880240e-01 9.132000e-03 1.028440e-01
79 8.866040e-01 9.100000e-03 1.042960e-01
80 8.851760e-01 8.976000e-03 1.058480e-01
81 8.836320e-01 8.812000e-03 1.075560e-01
82 8.822600e-01 8.504000e-03 1.092360e-01
83 8.806280e-01 8.888000e-03 1.104840e-01
84 8.789000e-01 9.028000e-03 1.120720e-01
85 8.772800e-01 8.988000e-03 1.137320e-01
86 8.757920e-01 8.928000e-03 1.152800e-01
87 8.743000e-01 8.848000e-03 1.168520e-01
88 8.728160e-01 8.828000e-03 1.183560e-01
89 8.712400e-01 8.860000e-03 1.199000e-01
90 8.697960e-01 8.672000e-03 1.215320e-01
91 8.682920e-01 8.772000e-03 1.229360e-01
92 8.668200e-01 8.860000e-03 1.243200e-01
93 8.651640e-01 9.016000e-03 1.258200e-01
94 8.636480e-01 8.912000e-03 1.274400e-01
95 8.621920e-01 8.768000e-03 1.290400e-01
96 8.607200e-01 8.764000e-03 1.305160e-01
97 8.591800e-01 8.792000e-03 1.320280e-01
98 8.575040e-01 9.008000e-03 1.334880e-01
99 8.561080e-01 8.976000e-03 1.349160e-01
100 8.546440e-01 8.908000e-03 1.364480e-01
101 8.530960e-01 8.924000e-03 1.379800e-01
102 8.517120e-01 8.892000e-03 1.393960e-01
103 8.501520e-01 8.940000e-03 1.409080e-01
104 8.485840e-01 9.000000e-03 1.424160e-01
105 8.470680e-01 8.928000e-03 1.440040e-01
106 8.455400e-01 8.848000e-03 1.456120e-01
107 8.440720e-01 8.652000e-03 1.472760e-01
108 8.426880e-01 8.624000e-03 1.486880e-01
109 8.413280e-01 8.592000e-03 1.500800e-01
110 8.397280e-01 8.660000e-03 1.516120e-01
111 8.384040e-01 8.524000e-03 1.530720e-01
112 8.370880e-01 8.304000e-03 1.546080e-01
113 8.358960e-01 8.100000e-03 1.560040e-01
114 8.346440e-01 7.892000e-03 1.574640e-01
115 8.332520e-01 8.012000e-03 1.587360e-01
116 8.320200e-01 7.768000e-03 1.602120e-01
117 8.308360e-01 7.564000e-03 1.616000e-01
118 8.296520e-01 7.408000e-03 1.629400e-01
119 8.284360e-01 7.432000e-03 1.641320e-01
120 8.271920e-01 7.252000e-03 1.655560e-01
121 8.258920e-01 7.248000e-03 1.668600e-01
122 8.244800e-01 7.512000e-03 1.680080e-01
123 8.231080e-01 7.484000e-03 1.694080e-01
124 8.217320e-01 7.584000e-03 1.706840e-01
125 8.204800e-01 7.544000e-03 1.719760e-01
126 8.190160e-01 7.748000e-03 1.732360e-01
127 8.177960e-01 7.576000e-03 1.746280e-01
128 8.166040e-01 7.428000e-03 1.759680e-01
129 8.153800e-01 7.252000e-03 1.773680e-01
130 8.141920e-01 7.164000e-03 1.786440e-01
131 8.130880e-01 7.108000e-03 1.798040e-01
132 8.119400e-01 6.984000e-03 1.810760e-01
133 8.107280e-01 6.852000e-03 1.824200e-01
134 8.096600e-01 6.732000e-03 1.836080e-01
135 8.084880e-01 6.804000e-03 1.847080e-01
136 8.071880e-01 7.004000e-03 1.858080e-01
137 8.059760e-01 7.012000e-03 1.870120e-01
138 8.047040e-01 6.972000e-03 1.883240e-01
139 8.034080e-01 7.000000e-03 1.895920e-01
140 8.021640e-01 7.048000e-03 1.907880e-01
141 8.010520e-01 6.836000e-03 1.921120e-01
142 7.998480e-01 6.928000e-03 1.932240e-01
143 7.987080e-01 6.868000e-03 1.944240e-01
144 7.976040e-01 6.652000e-03 1.957440e-01
145 7.964880e-01 6.740000e-03 1.967720e-01
146 7.953200e-01 6.748000e-03 1.979320e-01
147 7.942120e-01 6.732000e-03 1.990560e-01
148 7.929720e-01 6.760000e-03 2.002680e-01
149 7.919360e-01 6.720000e-03 2.013440e-01
150 7.908280e-01 6.632000e-03 2.025400e-01
151 7.897280e-01 6.572000e-03 2.037000e-01
152 7.886320e-01 6.516000e-03 2.048520e-01
153 7.876080e-01 6.444000e-03 2.059480e-01
154 7.866120e-01 6.324000e-03 2.070640e-01
155 7.854880e-01 6.196000e-03 2.083160e-01
156 7.845680e-01 6.076000e-03 2.093560e-01
157 7.836000e-01 5.948000e-03 2.104520e-01
158 7.826280e-01 5.920000e-03 2.114520e-01
159 7.816280e-01 5.876000e-03 2.124960e-01
160 7.806360e-01 5.944000e-03 2.134200e-01
161 7.796440e-01 6.012000e-03 2.143440e-01
162 7.785640e-01 6.140000e-03 2.152960e-01
163 7.774880e-01 6.204000e-03 2.163080e-01
164 7.765080e-01 6.272000e-03 2.172200e-01
165 7.755320e-01 6.192000e-03 2.182760e-01
166 7.745600e-01 6.116000e-03 2.193240e-01
167 7.734840e-01 6.124000e-03 2.203920e-01
168 7.724880e-01 6.068000e-03 2.214440e-01
169 7.714480e-01 6.052000e-03 2.225000e-01
170 7.704720e-01 5.944000e-03 2.235840e-01
171 7.696000e-01 5.864000e-03 2.245360e-01
172 7.686120e-01 5.920000e-03 2.254680e-01
173 7.674560e-01 6.036000e-03 2.265080e-01
174 7.664480e-01 5.944000e-03 2.276080e-01
175 7.654280e-01 5.840000e-03 2.287320e-01
176 7.644120e-01 5.732000e-03 2.298560e-01
177 7.634720e-01 5.636000e-03 2.308920e-01
178 7.624520e-01 5.684000e-03 2.318640e-01
179 7.615200e-01 5.580000e-03 2.329000e-01
180 7.605040e-01 5.608000e-03 2.338880e-01
181 7.593600e-01 5.772000e-03 2.348680e-01
182 7.581960e-01 5.876000e-03 2.359280e-01
183 7.570680e-01 5.908000e-03 2.370240e-01
184 7.558400e-01 6.004000e-03 2.381560e-01
185 7.548600e-01 5.992000e-03 2.391480e-01
186 7.538040e-01 6.048000e-03 2.401480e-01
187 7.526720e-01 6.164000e-03 2.411640e-01
188 7.515840e-01 6.180000e-03 2.422360e-01
189 7.506680e-01 6.016000e-03 2.433160e-01
190 7.495120e-01 6.064000e-03 2.444240e-01
191 7.485200e-01 5.952000e-03 2.455280e-01
192 7.475240e-01 5.884000e-03 2.465920e-01
193 7.465520e-01 5.808000e-03 2.476400e-01
194 7.455760e-01 5.736000e-03 2.486880e-01
195 7.446880e-01 5.576000e-03 2.497360e-01
196 7.438120e-01 5.480000e-03 2.507080e-01
197 7.429560e-01 5.428000e-03 2.516160e-01
198 7.420720e-01 5.312000e-03 2.526160e-01
199 7.412280e-01 5.224000e-03 2.535480e-01
200 7.402400e-01 5.296000e-03 2.544640e-01
201 7.393640e-01 5.252000e-03 2.553840e-01
202 7.385400e-01 5.176000e-03 2.562840e-01
203 7.376840e-01 5.156000e-03 2.571600e-01
204 7.368680e-01 5.160000e-03 2.579720e-01
205 7.360200e-01 5.196000e-03 2.587840e-01
206 7.351760e-01 5.060000e-03 2.597640e-01
207 7.342440e-01 5.008000e-03 2.607480e-01
208 7.332920e-01 5.136000e-03 2.615720e-01
209 7.324160e-01 5.132000e-03 2.624520e-01
210 7.316600e-01 4.912000e-03 2.634280e-01
211 7.307920e-01 4.904000e-03 2.643040e-01
212 7.299520e-01 4.884000e-03 2.651640e-01
213 7.291840e-01 4.776000e-03 2.660400e-01
214 7.283040e-01 4.904000e-03 2.667920e-01
215 7.274760e-01 4.920000e-03 2.676040e-01
216 7.265680e-01 4.880000e-03 2.685520e-01
217 7.257120e-01 4.928000e-03 2.693600e-01
218 7.247840e-01 5.032000e-03 2.701840e-01
219 7.237840e-01 5.172000e-03 2.710440e-01
220 7.229080e-01 5.108000e-03 2.719840e-01
221 7.219360e-01 5.124000e-03 2.729400e-01
222 7.208840e-01 5.304000e-03 2.738120e-01
223 7.198680e-01 5.400000e-03 2.747320e-01
224 7.188000e-01 5.548000e-03 2.756520e-01
225 7.178400e-01 5.512000e-03 2.766480e-01
226 7.169560e-01 5.416000e-03 2.776280e-01
227 7.159760e-01 5.380000e-03 2.786440e-01
228 7.150960e-01 5.400000e-03 2.795040e-01
229 7.142240e-01 5.316000e-03 2.804600e-01
230 7.132760e-01 5.364000e-03 2.813600e-01
231 7.123840e-01 5.236000e-03 2.823800e-01
232 7.115000e-01 5.204000e-03 2.832960e-01
233 7.107280e-01 5.056000e-03 2.842160e-01
234 7.099600e-01 4.964000e-03 2.850760e-01
235 7.091080e-01 4.952000e-03 2.859400e-01
236 7.083320e-01 4.924000e-03 2.867440e-01
237 7.074040e-01 4.992000e-03 2.876040e-01
238 7.065840e-01 4.972000e-03 2.884440e-01
239 7.058080e-01 4.812000e-03 2.893800e-01
240 7.050240e-01 4.756000e-03 2.902200e-01
241 7.041480e-01 4.848000e-03 2.910040e-01
242 7.032720e-01 4.824000e-03 2.919040e-01
243 7.024240e-01 4.796000e-03 2.927800e-01
244 7.016760e-01 4.776000e-03 2.935480e-01
245 7.008800e-01 4.672000e-03 2.944480e-01
246 7.001000e-01 4.640000e-03 2.952600e-01
247 6.993240e-01 4.524000e-03 2.961520e-01
248 6.985640e-01 4.548000e-03 2.968880e-01
249 6.978200e-01 4.488000e-03 2.976920e-01
250 6.969960e-01 4.556000e-03 2.984480e-01
251 6.962800e-01 4.452000e-03 2.992680e-01
252 6.954960e-01 4.516000e-03 2.999880e-01
253 6.947920e-01 4.492000e-03 3.007160e-01
254 6.940320e-01 4.448000e-03 3.015200e-01
255 6.931840e-01 4.572000e-03 3.022440e-01
256 6.923960e-01 4.608000e-03 3.029960e-01
257 6.915560e-01 4.552000e-03 3.038920e-01
258 6.907400e-01 4.552000e-03 3.047080e-01
259 6.900000e-01 4.504000e-03 3.054960e-01
260 6.893760e-01 4.364000e-03 3.062600e-01
261 6.887160e-01 4.356000e-03 3.069280e-01
262 6.880280e-01 4.228000e-03 3.077440e-01
263 6.873680e-01 4.184000e-03 3.084480e-01
264 6.867640e-01 4.040000e-03 3.091960e-01
265 6.862120e-01 3.820000e-03 3.099680e-01
266 6.854760e-01 3.804000e-03 3.107200e-01
267 6.847720e-01 3.868000e-03 3.113600e-01
268 6.840680e-01 3.852000e-03 3.120800e-01
269 6.833000e-01 3.976000e-03 3.127240e-01
270 6.824960e-01 4.064000e-03 3.134400e-01
271 6.816880e-01 4.148000e-03 3.141640e-01
272 6.809520e-01 4.188000e-03 3.148600e-01
273 6.801840e-01 4.280000e-03 3.155360e-01
274 6.794360e-01 4.288000e-03 3.162760e-01
275 6.788320e-01 4.140000e-03 3.170280e-01
276 6.781840e-01 4.044000e-03 3.177720e-01
277 6.776120e-01 3.912000e-03 3.184760e-01
278 6.769840e-01 3.844000e-03 3.191720e-01
279 6.762680e-01 3.808000e-03 3.199240e-01
280 6.755960e-01 3.716000e-03 3.206880e-01
281 6.749160e-01 3.732000e-03 3.213520e-01
282 6.743440e-01 3.736000e-03 3.219200e-01
283 6.737760e-01 3.712000e-03 3.225120e-01
284 6.732240e-01 3.560000e-03 3.232160e-01
285 6.726040e-01 3.612000e-03 3.237840e-01
286 6.720080e-01 3.616000e-03 3.243760e-01
287 6.713480e-01 3.536000e-03 3.251160e-01
288 6.707120e-01 3.580000e-03 3.257080e-01
289 6.701240e-01 3.528000e-03 3.263480e-01
290 6.695040e-01 3.524000e-03 3.269720e-01
291 6.688600e-01 3.556000e-03 3.275840e-01
292 6.682680e-01 3.532000e-03 3.282000e-01
293 6.675960e-01 3.592000e-03 3.288120e-01
294 6.670000e-01 3.584000e-03 3.294160e-01
295 6.663640e-01 3.596000e-03 3.300400e-01
296 6.656960e-01 3.624000e-03 3.306800e-01
297 6.650040e-01 3.644000e-03 3.313520e-01
298 6.642800e-01 3.768000e-03 3.319520e-01
299 6.636720e-01 3.672000e-03 3.326560e-01
300 6.629840e-01 3.652000e-03 3.333640e-01
301 6.623760e-01 3.628000e-03 3.339960e-01
302 6.618440e-01 3.560000e-03 3.345960e-01
303 6.611720e-01 3.564000e-03 3.352640e-01
304 6.606360e-01 3.488000e-03 3.358760e-01
305 6.601320e-01 3.372000e-03 3.364960e-01
306 6.595240e-01 3.352000e-03 3.371240e-01
307 6.590000e-01 3.272000e-03 3.377280e-01
308 6.584720e-01 3.172000e-03 3.383560e-01
309 6.578600e-01 3.204000e-03 3.389360e-01
310 6.572720e-01 3.172000e-03 3.395560e-01
311 6.567160e-01 3.148000e-03 3.401360e-01
312 6.561360e-01 3.172000e-03 3.406920e-01
313 6.555880e-01 3.252000e-03 3.411600e-01
314 6.550080e-01 3.332000e-03 3.416600e-01
315 6.544200e-01 3.276000e-03 3.423040e-01
316 6.537680e-01 3.340000e-03 3.428920e-01
317 6.531920e-01 3.384000e-03 3.434240e-01
318 6.525560e-01 3.372000e-03 3.440720e-01
319 6.519480e-01 3.360000e-03 3.446920e-01
320 6.513080e-01 3.360000e-03 3.453320e-01
321 6.506760e-01 3.408000e-03 3.459160e-01
322 6.500720e-01 3.416000e-03 3.465120e-01
323 6.494480e-01 3.396000e-03 3.471560e-01
324 6.488040e-01 3.404000e-03 3.477920e-01
325 6.482000e-01 3.424000e-03 3.483760e-01
326 6.476080e-01 3.372000e-03 3.490200e-01
327 6.470520e-01 3.332000e-03 3.496160e-01
328 6.465120e-01 3.260000e-03 3.502280e-01
329 6.460360e-01 3.196000e-03 3.507680e-01
330 6.455360e-01 3.128000e-03 3.513360e-01
331 6.450680e-01 3.036000e-03 3.518960e-01
332 6.446240e-01 2.952000e-03 3.524240e-01
333 6.441480e-01 2.940000e-03 3.529120e-01
334 6.437560e-01 2.748000e-03 3.534960e-01
335 6.433160e-01 2.716000e-03 3.539680e-01
336 6.429000e-01 2.648000e-03 3.544520e-01
337 6.424320e-01 2.660000e-03 3.549080e-01
338 6.420080e-01 2.628000e-03 3.553640e-01
339 6.415720e-01 2.572000e-03 3.558560e-01
340 6.411920e-01 2.444000e-03 3.563640e-01
341 6.408160e-01 2.420000e-03 3.567640e-01
342 6.405280e-01 2.288000e-03 3.571840e-01
343 6.401840e-01 2.196000e-03 3.576200e-01
344 6.399000e-01 2.116000e-03 3.579840e-01
345 6.395800e-01 2.016000e-03 3.584040e-01
346 6.392040e-01 1.936000e-03 3.588600e-01
347 6.388720e-01 1.904000e-03 3.592240e-01
348 6.385960e-01 1.860000e-03 3.595440e-01
349 6.382800e-01 1.836000e-03 3.598840e-01
350 6.379560e-01 1.864000e-03 3.601800e-01
351 6.375720e-01 1.896000e-03 3.605320e-01
352 6.371960e-01 1.984000e-03 3.608200e-01
353 6.368880e-01 1.968000e-03 3.611440e-01
354 6.365000e-01 2.016000e-03 3.614840e-01
355 6.361440e-01 1.984000e-03 3.618720e-01
356 6.357480e-01 2.048000e-03 3.622040e-01
357 6.353720e-01 2.136000e-03 3.624920e-01
358 6.350160e-01 2.064000e-03 3.629200e-01
359 6.346400e-01 2.060000e-03 3.633000e-01
360 6.342880e-01 2.092000e-03 3.636200e-01
361 6.339800e-01 2.068000e-03 3.639520e-01
362 6.335960e-01 2.084000e-03 3.643200e-01
363 6.332480e-01 2.100000e-03 3.646520e-01
364 6.329600e-01 2.056000e-03 3.649840e-01
365 6.326560e-01 1.992000e-03 3.653520e-01
366 6.323800e-01 1.900000e-03 3.657200e-01
367 6.321040e-01 1.820000e-03 3.660760e-01
368 6.318920e-01 1.736000e-03 3.663720e-01
369 6.316400e-01 1.700000e-03 3.666600e-01
370 6.313920e-01 1.680000e-03 3.669280e-01
371 6.311000e-01 1.644000e-03 3.672560e-01
372 6.308160e-01 1.640000e-03 3.675440e-01
373 6.304960e-01 1.696000e-03 3.678080e-01
374 6.302360e-01 1.688000e-03 3.680760e-01
375 6.299720e-01 1.656000e-03 3.683720e-01
376 6.296880e-01 1.616000e-03 3.686960e-01
377 6.293440e-01 1.716000e-03 3.689400e-01
378 6.290360e-01 1.688000e-03 3.692760e-01
379 6.287480e-01 1.668000e-03 3.695840e-01
380 6.284720e-01 1.668000e-03 3.698600e-01
381 6.281600e-01 1.664000e-03 3.701760e-01
382 6.278200e-01 1.692000e-03 3.704880e-01
383 6.275000e-01 1.688000e-03 3.708120e-01
384 6.272880e-01 1.604000e-03 3.711080e-01
385 6.270080e-01 1.596000e-03 3.713960e-01
386 6.267360e-01 1.604000e-03 3.716600e-01
387 6.264880e-01 1.568000e-03 3.719440e-01
388 6.262600e-01 1.500000e-03 3.722400e-01
389 6.260880e-01 1.416000e-03 3.724960e-01
390 6.258280e-01 1.444000e-03 3.727280e-01
391 6.255360e-01 1.488000e-03 3.729760e-01
392 6.252560e-01 1.472000e-03 3.732720e-01
393 6.249760e-01 1.496000e-03 3.735280e-01
394 6.246840e-01 1.524000e-03 3.737920e-01
395 6.243880e-01 1.536000e-03 3.740760e-01
396 6.241080e-01 1.564000e-03 3.743280e-01
397 6.238920e-01 1.564000e-03 3.745440e-01
398 6.236280e-01 1.524000e-03 3.748480e-01
399 6.233360e-01 1.548000e-03 3.751160e-01
400 6.230960e-01 1.480000e-03 3.754240e-01
401 6.228880e-01 1.360000e-03 3.757520e-01
402 6.226960e-01 1.312000e-03 3.759920e-01
403 6.225480e-01 1.268000e-03 3.761840e-01
404 6.223080e-01 1.256000e-03 3.764360e-01
405 6.221040e-01 1.248000e-03 3.766480e-01
406 6.218920e-01 1.272000e-03 3.768360e-01
407 6.216680e-01 1.268000e-03 3.770640e-01
408 6.213520e-01 1.340000e-03 3.773080e-01
409 6.211000e-01 1.356000e-03 3.775440e-01
410 6.208480e-01 1.376000e-03 3.777760e-01
411 6.206080e-01 1.452000e-03 3.779400e-01
412 6.203680e-01 1.436000e-03 3.781960e-01
413 6.201400e-01 1.408000e-03 3.784520e-01
414 6.199440e-01 1.388000e-03 3.786680e-01
415 6.197200e-01 1.356000e-03 3.789240e-01
416 6.194720e-01 1.316000e-03 3.792120e-01
417 6.192480e-01 1.304000e-03 3.794480e-01
418 6.189640e-01 1.364000e-03 3.796720e-01
419 6.187160e-01 1.424000e-03 3.798600e-01
420 6.185280e-01 1.328000e-03 3.801440e-01
421 6.183160e-01 1.332000e-03 3.803520e-01
422 6.180680e-01 1.372000e-03 3.805600e-01
423 6.178440e-01 1.392000e-03 3.807640e-01
424 6.176200e-01 1.360000e-03 3.810200e-01
425 6.174160e-01 1.340000e-03 3.812440e-01
426 6.172040e-01 1.288000e-03 3.815080e-01
427 6.169800e-01 1.220000e-03 3.818000e-01
428 6.167680e-01 1.228000e-03 3.820040e-01
429 6.166160e-01 1.172000e-03 3.822120e-01
430 6.164240e-01 1.120000e-03 3.824560e-01
431 6.162160e-01 1.100000e-03 3.826840e-01
432 6.160400e-01 1.072000e-03 3.828880e-01
433 6.158400e-01 1.072000e-03 3.830880e-01
434 6.156320e-01 1.064000e-03 3.833040e-01
435 6.154840e-01 1.036000e-03 3.834800e-01
436 6.152920e-01 1.052000e-03 3.836560e-01
437 6.151320e-01 1.076000e-03 3.837920e-01
438 6.148880e-01 1.112000e-03 3.840000e-01
439 6.147040e-01 1.052000e-03 3.842440e-01
440 6.144480e-01 1.088000e-03 3.844640e-01
441 6.142240e-01 1.136000e-03 3.846400e-01
442 6.140080e-01 1.136000e-03 3.848560e-01
443 6.138640e-01 1.084000e-03 3.850520e-01
444 6.136840e-01 1.064000e-03 3.852520e-01
445 6.135120e-01 1.008000e-03 3.854800e-01
446 6.133320e-01 9.680000e-04 3.857000e-01
447 6.131400e-01 9.760000e-04 3.858840e-01
448 6.129320e-01 1.036000e-03 3.860320e-01
449 6.127520e-01 1.040000e-03 3.862080e-01
450 6.125440e-01 1.040000e-03 3.864160e-01
451 6.123040e-01 1.092000e-03 3.866040e-01
452 6.120840e-01 1.132000e-03 3.867840e-01
453 6.118720e-01 1.172000e-03 3.869560e-01
454 6.117040e-01 1.124000e-03 3.871720e-01
455 6.114600e-01 1.160000e-03 3.873800e-01
456 6.111920e-01 1.212000e-03 3.875960e-01
457 6.109240e-01 1.268000e-03 3.878080e-01
458 6.106600e-01 1.336000e-03 3.880040e-01
459 6.103880e-01 1.392000e-03 3.882200e-01
460 6.101880e-01 1.404000e-03 3.884080e-01
461 6.099400e-01 1.420000e-03 3.886400e-01
462 6.097440e-01 1.388000e-03 3.888680e-01
463 6.095320e-01 1.356000e-03 3.891120e-01
464 6.093000e-01 1.328000e-03 3.893720e-01
465 6.091080e-01 1.332000e-03 3.895600e-01
466 6.089280e-01 1.272000e-03 3.898000e-01
467 6.087480e-01 1.236000e-03 3.900160e-01
468 6.085200e-01 1.244000e-03 3.902360e-01
469 6.084000e-01 1.112000e-03 3.904880e-01
470 6.082320e-01 1.112000e-03 3.906560e-01
471 6.080480e-01 1.108000e-03 3.908440e-01
472 6.078760e-01 1.092000e-03 3.910320e-01
473 6.077040e-01 1.112000e-03 3.911840e-01
474 6.075560e-01 1.044000e-03 3.914000e-01
475 6.074200e-01 1.004000e-03 3.915760e-01
476 6.072240e-01 1.036000e-03 3.917400e-01
477 6.070800e-01 1.020000e-03 3.919000e-01
478 6.068800e-01 1.052000e-03 3.920680e-01
479 6.066400e-01 1.068000e-03 3.922920e-01
480 6.064400e-01 1.112000e-03 3.924480e-01
481 6.062680e-01 1.076000e-03 3.926560e-01
482 6.061440e-01 9.800000e-04 3.928760e-01
483 6.060320e-01 9.360000e-04 3.930320e-01
484 6.058920e-01 9.280000e-04 3.931800e-01
485 6.056760e-01 9.840000e-04 3.933400e-01
486 6.055720e-01 8.920000e-04 3.935360e-01
487 6.054280e-01 8.720000e-04 3.937000e-01
488 6.053640e-01 7.840000e-04 3.938520e-01
489 6.053120e-01 6.640000e-04 3.940240e-01
490 6.052160e-01 6.560000e-04 3.941280e-01
491 6.050760e-01 7.240000e-04 3.942000e-01
492 6.049480e-01 7.600000e-04 3.942920e-01
493 6.048200e-01 7.920000e-04 3.943880e-01
494 6.047000e-01 7.520000e-04 3.945480e-01
495 6.046280e-01 6.800000e-04 3.946920e-01
496 6.045080e-01 7.000000e-04 3.947920e-01
497 6.044200e-01 6.840000e-04 3.948960e-01
498 6.042960e-01 6.840000e-04 3.950200e-01
499 6.041720e-01 7.320000e-04 3.950960e-01
500 6.040360e-01 7.320000e-04 3.952320e-01
