1 9.992080e-01 7.040000e-04 8.800000e-05
2 9.986360e-01 1.104000e-03 2.600000e-04
3 9.978720e-01 1.616000e-03 5.120000e-04
4 9.971080e-01 2.032000e-03 8.600000e-04
5 9.962920e-01 2.404000e-03 1.304000e-03
6 9.953920e-01 2.832000e-03 1.776000e-03
7 9.944960e-01 3.180000e-03 2.324000e-03
8 9.936640e-01 3.436000e-03 2.900000e-03
9 9.926800e-01 3.868000e-03 3.452000e-03
10 9.915560e-01 4.316000e-03 4.128000e-03
11 9.903960e-01 4.688000e-03 4.916000e-03
12 9.893520e-01 4.856000e-03 5.792000e-03
13 9.882240e-01 5.056000e-03 6.720000e-03
14 9.869680e-01 5.352000e-03 7.680000e-03
15 9.856360e-01 5.808000e-03 8.556000e-03
16 9.844200e-01 5.944000e-03 9.636000e-03
17 9.832120e-01 6.180000e-03 1.060800e-02
18 9.820080e-01 6.332000e-03 1.166000e-02
19 9.806480e-01 6.580000e-03 1.277200e-02
20 9.793920e-01 6.636000e-03 1.397200e-02
21 9.780680e-01 6.832000e-03 1.510000e-02
22 9.766520e-01 7.028000e-03 1.632000e-02
23 9.752040e-01 7.208000e-03 1.758800e-02
24 9.736960e-01 7.516000e-03 1.878800e-02
25 9.721800e-01 7.644000e-03 2.017600e-02
26 9.707160e-01 7.816000e-03 2.146800e-02
27 9.692920e-01 7.772000e-03 2.293600e-02
28 9.677920e-01 7.980000e-03 2.422800e-02
29 9.664440e-01 7.932000e-03 2.562400e-02
30 9.649680e-01 8.024000e-03 2.700800e-02
31 9.635040e-01 7.960000e-03 2.853600e-02
32 9.620720e-01 7.948000e-03 2.998000e-02
33 9.607640e-01 8.004000e-03 3.123200e-02
34 9.594400e-01 7.888000e-03 3.267200e-02
35 9.581680e-01 7.796000e-03 3.403600e-02
36 9.569560e-01 7.648000e-03 3.539600e-02
37 9.554480e-01 7.896000e-03 3.665600e-02
38 9.538160e-01 8.080000e-03 3.810400e-02
39 9.522120e-01 8.360000e-03 3.942800e-02
40 9.505760e-01 8.500000e-03 4.092400e-02
41 9.489040e-01 8.680000e-03 4.241600e-02
42 9.473000e-01 8.816000e-03 4.388400e-02
43 9.457440e-01 8.776000e-03 4.548000e-02
44 9.441720e-01 8.892000e-03 4.693600e-02
45 9.427240e-01 8.840000e-03 4.843600e-02
46 9.410280e-01 9.028000e-03 4.994400e-02
47 9.392080e-01 9.324000e-03 5.146800e-02
48 9.374320e-01 9.468000e-03 5.310000e-02
49 9.357080e-01 9.528000e-03 5.476400e-02
50 9.339080e-01 9.612000e-03 5.648000e-02
51 9.320800e-01 9.764000e-03 5.815600e-02
52 9.302680e-01 9.812000e-03 5.992000e-02
53 9.286520e-01 9.728000e-03 6.162000e-02
54 9.268480e-01 9.804000e-03 6.334800e-02
55 9.251320e-01 9.856000e-03 6.501200e-02
56 9.232320e-01 1.001600e-02 6.675200e-02
57 9.214000e-01 1.003600e-02 6.856400e-02
58 9.196240e-01 1.000800e-02 7.036800e-02
59 9.178040e-01 1.008400e-02 7.211200e-02
60 9.161080e-01 1.010000e-02 7.379200e-02
61 9.143200e-01 1.004400e-02 7.563600e-02
62 9.127960e-01 9.912000e-03 7.729200e-02
63 9.110960e-01 9.824000e-03 7.908000e-02
64 9.094920e-01 9.712000e-03 8.079600e-02
65 9.077000e-01 9.848000e-03 8.245200e-02
66 9.059080e-01 9.912000e-03 8.418000e-02
67 9.041440e-01 1.008800e-02 8.576800e-02
68 9.024480e-01 9.960000e-03 8.759200e-02
69 9.008000e-01 9.868000e-03 8.933200e-02
70 8.990880e-01 9.968000e-03 9.094400e-02
71 8.975360e-01 9.764000e-03 9.270000e-02
72 8.960520e-01 9.572000e-03 9.437600e-02
73 8.944240e-01 9.432000e-03 9.614400e-02
74 8.927920e-01 9.360000e-03 9.784800e-02
75 8.911840e-01 9.340000e-03 9.947600e-02
76 8.897080e-01 9.216000e-03 1.010760e-01
77 8.882520e-01 9.152000e-03 1.025960e-01
78 8.867360e-01 8.932000e-03 1.043320e-01
79 8.852680e-01 8.824000e-03 1.059080e-01
80 8.835680e-01 9.060000e-03 1.073720e-01
81 8.819680e-01 9.084000e-03 1.089480e-01
82 8.804760e-01 8.896000e-03 1.106280e-01
83 8.788720e-01 8.992000e-03 1.121360e-01
84 8.773000e-01 9.172000e-03 1.135280e-01
85 8.756200e-01 9.316000e-03 1.150640e-01
86 8.740040e-01 9.396000e-03 1.166000e-01
87 8.723560e-01 9.464000e-03 1.181800e-01
88 8.706360e-01 9.664000e-03 1.197000e-01
89 8.690400e-01 9.460000e-03 1.215000e-01
90 8.674920e-01 9.380000e-03 1.231280e-01
91 8.658440e-01 9.476000e-03 1.246800e-01
92 8.642320e-01 9.544000e-03 1.262240e-01
93 8.625800e-01 9.564000e-03 1.278560e-01
94 8.608720e-01 9.660000e-03 1.294680e-01
95 8.592480e-01 9.632000e-03 1.311200e-01
96 8.574480e-01 9.780000e-03 1.327720e-01
97 8.558440e-01 9.784000e-03 1.343720e-01
98 8.542080e-01 9.904000e-03 1.358880e-01
99 8.525200e-01 9.852000e-03 1.376280e-01
100 8.509360e-01 9.684000e-03 1.393800e-01
101 8.492880e-01 9.628000e-03 1.410840e-01
102 8.477200e-01 9.500000e-03 1.427800e-01
103 8.461840e-01 9.396000e-03 1.444200e-01
104 8.445880e-01 9.448000e-03 1.459640e-01
105 8.429120e-01 9.508000e-03 1.475800e-01
106 8.414000e-01 9.440000e-03 1.491600e-01
107 8.396520e-01 9.448000e-03 1.509000e-01
108 8.379400e-01 9.468000e-03 1.525920e-01
109 8.362840e-01 9.596000e-03 1.541200e-01
110 8.347360e-01 9.456000e-03 1.558080e-01
111 8.331200e-01 9.428000e-03 1.574520e-01
112 8.315120e-01 9.476000e-03 1.590120e-01
113 8.298800e-01 9.404000e-03 1.607160e-01
114 8.283000e-01 9.332000e-03 1.623680e-01
115 8.268880e-01 9.132000e-03 1.639800e-01
116 8.252920e-01 9.180000e-03 1.655280e-01
117 8.236880e-01 9.196000e-03 1.671160e-01
118 8.220280e-01 9.252000e-03 1.687200e-01
119 8.202680e-01 9.412000e-03 1.703200e-01
120 8.185360e-01 9.484000e-03 1.719800e-01
121 8.166280e-01 9.728000e-03 1.736440e-01
122 8.148960e-01 9.844000e-03 1.752600e-01
123 8.134000e-01 9.696000e-03 1.769040e-01
124 8.116360e-01 9.780000e-03 1.785840e-01
125 8.099600e-01 9.764000e-03 1.802760e-01
126 8.081280e-01 1.000800e-02 1.818640e-01
127 8.063880e-01 9.928000e-03 1.836840e-01
128 8.048040e-01 9.844000e-03 1.853520e-01
129 8.032120e-01 9.740000e-03 1.870480e-01
130 8.015800e-01 9.524000e-03 1.888960e-01
131 7.999520e-01 9.404000e-03 1.906440e-01
132 7.982840e-01 9.556000e-03 1.921600e-01
133 7.966240e-01 9.576000e-03 1.938000e-01
134 7.950280e-01 9.408000e-03 1.955640e-01
135 7.934800e-01 9.264000e-03 1.972560e-01
136 7.920560e-01 9.080000e-03 1.988640e-01
137 7.904880e-01 9.048000e-03 2.004640e-01
138 7.890640e-01 8.860000e-03 2.020760e-01
139 7.876280e-01 8.808000e-03 2.035640e-01
140 7.863400e-01 8.544000e-03 2.051160e-01
141 7.849960e-01 8.448000e-03 2.065560e-01
142 7.834240e-01 8.548000e-03 2.080280e-01
143 7.818520e-01 8.580000e-03 2.095680e-01
144 7.803040e-01 8.480000e-03 2.112160e-01
145 7.787680e-01 8.460000e-03 2.127720e-01
146 7.774880e-01 8.320000e-03 2.141920e-01
147 7.760160e-01 8.356000e-03 2.156280e-01
148 7.745360e-01 8.320000e-03 2.171440e-01
149 7.730320e-01 8.412000e-03 2.185560e-01
150 7.715680e-01 8.372000e-03 2.200600e-01
151 7.700800e-01 8.364000e-03 2.215560e-01
152 7.686680e-01 8.252000e-03 2.230800e-01
153 7.671520e-01 8.308000e-03 2.245400e-01
154 7.657080e-01 8.396000e-03 2.258960e-01
155 7.642800e-01 8.300000e-03 2.274200e-01
156 7.627480e-01 8.384000e-03 2.288680e-01
157 7.615480e-01 8.092000e-03 2.303600e-01
158 7.604040e-01 7.904000e-03 2.316920e-01
159 7.591920e-01 7.764000e-03 2.330440e-01
160 7.578880e-01 7.820000e-03 2.342920e-01
161 7.564480e-01 7.908000e-03 2.356440e-01
162 7.551120e-01 7.792000e-03 2.370960e-01
163 7.538000e-01 7.636000e-03 2.385640e-01
164 7.524800e-01 7.568000e-03 2.399520e-01
165 7.512560e-01 7.552000e-03 2.411920e-01
166 7.498240e-01 7.644000e-03 2.425320e-01
167 7.485120e-01 7.692000e-03 2.437960e-01
168 7.471440e-01 7.588000e-03 2.452680e-01
169 7.457960e-01 7.652000e-03 2.465520e-01
170 7.444880e-01 7.656000e-03 2.478560e-01
171 7.431000e-01 7.684000e-03 2.492160e-01
172 7.416800e-01 7.780000e-03 2.505400e-01
173 7.403320e-01 7.688000e-03 2.519800e-01
174 7.390120e-01 7.584000e-03 2.534040e-01
175 7.377440e-01 7.468000e-03 2.547880e-01
176 7.365000e-01 7.384000e-03 2.561160e-01
177 7.352840e-01 7.216000e-03 2.575000e-01
178 7.339760e-01 7.236000e-03 2.587880e-01
179 7.326880e-01 7.044000e-03 2.602680e-01
180 7.315000e-01 6.944000e-03 2.615560e-01
181 7.302760e-01 6.956000e-03 2.627680e-01
182 7.291160e-01 6.816000e-03 2.640680e-01
183 7.280040e-01 6.852000e-03 2.651440e-01
184 7.268160e-01 6.888000e-03 2.662960e-01
185 7.254680e-01 7.092000e-03 2.674400e-01
186 7.241160e-01 7.144000e-03 2.687400e-01
187 7.227280e-01 7.348000e-03 2.699240e-01
188 7.213240e-01 7.500000e-03 2.711760e-01
189 7.198600e-01 7.616000e-03 2.725240e-01
190 7.185320e-01 7.568000e-03 2.739000e-01
191 7.171720e-01 7.456000e-03 2.753720e-01
192 7.159280e-01 7.392000e-03 2.766800e-01
193 7.146800e-01 7.372000e-03 2.779480e-01
194 7.134880e-01 7.336000e-03 2.791760e-01
195 7.123240e-01 7.272000e-03 2.804040e-01
196 7.111680e-01 7.212000e-03 2.816200e-01
197 7.099800e-01 7.096000e-03 2.829240e-01
198 7.088560e-01 6.956000e-03 2.841880e-01
199 7.075560e-01 7.128000e-03 2.853160e-01
200 7.063360e-01 7.128000e-03 2.865360e-01
201 7.049760e-01 7.240000e-03 2.877840e-01
202 7.037800e-01 7.092000e-03 2.891280e-01
203 7.026080e-01 6.924000e-03 2.904680e-01
204 7.013480e-01 6.940000e-03 2.917120e-01
205 7.001480e-01 6.952000e-03 2.929000e-01
206 6.990440e-01 6.760000e-03 2.941960e-01
207 6.977560e-01 6.772000e-03 2.954720e-01
208 6.964400e-01 6.884000e-03 2.966760e-01
209 6.951480e-01 6.920000e-03 2.979320e-01
210 6.939520e-01 6.984000e-03 2.990640e-01
211 6.926760e-01 7.100000e-03 3.002240e-01
212 6.915520e-01 7.060000e-03 3.013880e-01
213 6.904680e-01 6.928000e-03 3.026040e-01
214 6.894760e-01 6.760000e-03 3.037640e-01
215 6.884240e-01 6.640000e-03 3.049360e-01
216 6.874080e-01 6.516000e-03 3.060760e-01
217 6.863760e-01 6.464000e-03 3.071600e-01
218 6.852520e-01 6.448000e-03 3.083000e-01
219 6.841640e-01 6.312000e-03 3.095240e-01
220 6.831520e-01 6.252000e-03 3.105960e-01
221 6.819800e-01 6.308000e-03 3.117120e-01
222 6.808520e-01 6.308000e-03 3.128400e-01
223 6.798160e-01 6.260000e-03 3.139240e-01
224 6.788360e-01 6.196000e-03 3.149680e-01
225 6.777480e-01 6.104000e-03 3.161480e-01
226 6.765880e-01 6.312000e-03 3.171000e-01
227 6.754600e-01 6.280000e-03 3.182600e-01
228 6.743800e-01 6.104000e-03 3.195160e-01
229 6.734040e-01 6.068000e-03 3.205280e-01
230 6.724080e-01 5.928000e-03 3.216640e-01
231 6.714920e-01 5.832000e-03 3.226760e-01
232 6.705480e-01 5.636000e-03 3.238160e-01
233 6.695320e-01 5.608000e-03 3.248600e-01
234 6.684960e-01 5.648000e-03 3.258560e-01
235 6.675960e-01 5.532000e-03 3.268720e-01
236 6.664840e-01 5.688000e-03 3.278280e-01
237 6.655440e-01 5.552000e-03 3.289040e-01
238 6.646680e-01 5.488000e-03 3.298440e-01
239 6.636000e-01 5.628000e-03 3.307720e-01
240 6.626360e-01 5.652000e-03 3.317120e-01
241 6.617120e-01 5.524000e-03 3.327640e-01
242 6.608120e-01 5.480000e-03 3.337080e-01
243 6.598560e-01 5.484000e-03 3.346600e-01
244 6.590480e-01 5.376000e-03 3.355760e-01
245 6.582440e-01 5.264000e-03 3.364920e-01
246 6.574000e-01 5.212000e-03 3.373880e-01
247 6.564200e-01 5.272000e-03 3.383080e-01
248 6.555840e-01 5.184000e-03 3.392320e-01
249 6.547360e-01 5.108000e-03 3.401560e-01
250 6.538600e-01 5.112000e-03 3.410280e-01
251 6.530240e-01 5.028000e-03 3.419480e-01
252 6.521400e-01 4.976000e-03 3.428840e-01
253 6.511800e-01 5.068000e-03 3.437520e-01
254 6.502000e-01 5.300000e-03 3.445000e-01
255 6.492920e-01 5.296000e-03 3.454120e-01
256 6.483720e-01 5.304000e-03 3.463240e-01
257 6.475200e-01 5.340000e-03 3.471400e-01
258 6.466080e-01 5.336000e-03 3.480560e-01
259 6.456280e-01 5.360000e-03 3.490120e-01
260 6.448160e-01 5.208000e-03 3.499760e-01
261 6.439120e-01 5.068000e-03 3.510200e-01
262 6.429720e-01 5.156000e-03 3.518720e-01
263 6.421880e-01 5.012000e-03 3.528000e-01
264 6.414320e-01 4.912000e-03 3.536560e-01
265 6.407080e-01 4.808000e-03 3.544840e-01
266 6.399640e-01 4.740000e-03 3.552960e-01
267 6.391960e-01 4.624000e-03 3.561800e-01
268 6.385960e-01 4.428000e-03 3.569760e-01
269 6.378360e-01 4.528000e-03 3.576360e-01
270 6.370760e-01 4.588000e-03 3.583360e-01
271 6.361720e-01 4.648000e-03 3.591800e-01
272 6.354560e-01 4.652000e-03 3.598920e-01
273 6.346640e-01 4.604000e-03 3.607320e-01
274 6.339360e-01 4.484000e-03 3.615800e-01
275 6.331880e-01 4.376000e-03 3.624360e-01
276 6.324120e-01 4.368000e-03 3.632200e-01
277 6.315680e-01 4.472000e-03 3.639600e-01
278 6.307440e-01 4.460000e-03 3.647960e-01
279 6.300640e-01 4.332000e-03 3.656040e-01
280 6.293480e-01 4.364000e-03 3.662880e-01
281 6.285560e-01 4.332000e-03 3.671120e-01
282 6.277240e-01 4.392000e-03 3.678840e-01
283 6.269960e-01 4.304000e-03 3.687000e-01
284 6.263560e-01 4.216000e-03 3.694280e-01
285 6.256800e-01 4.176000e-03 3.701440e-01
286 6.249920e-01 4.232000e-03 3.707760e-01
287 6.242800e-01 4.296000e-03 3.714240e-01
288 6.236680e-01 4.120000e-03 3.722120e-01
289 6.230120e-01 4.084000e-03 3.729040e-01
290 6.222640e-01 4.140000e-03 3.735960e-01
291 6.216080e-01 4.136000e-03 3.742560e-01
292 6.209120e-01 4.112000e-03 3.749760e-01
293 6.201920e-01 4.088000e-03 3.757200e-01
294 6.194520e-01 4.028000e-03 3.765200e-01
295 6.187960e-01 3.936000e-03 3.772680e-01
296 6.182120e-01 3.868000e-03 3.779200e-01
297 6.175600e-01 3.880000e-03 3.785600e-01
298 6.169640e-01 3.788000e-03 3.792480e-01
299 6.164000e-01 3.640000e-03 3.799600e-01
300 6.158480e-01 3.484000e-03 3.806680e-01
301 6.152440e-01 3.424000e-03 3.813320e-01
302 6.147520e-01 3.288000e-03 3.819600e-01
303 6.141760e-01 3.292000e-03 3.825320e-01
304 6.136840e-01 3.176000e-03 3.831400e-01
305 6.131440e-01 3.144000e-03 3.837120e-01
306 6.126120e-01 3.128000e-03 3.842600e-01
307 6.120680e-01 3.196000e-03 3.847360e-01
308 6.114840e-01 3.224000e-03 3.852920e-01
309 6.109680e-01 3.116000e-03 3.859160e-01
310 6.105160e-01 3.008000e-03 3.864760e-01
311 6.100240e-01 3.024000e-03 3.869520e-01
312 6.094920e-01 3.132000e-03 3.873760e-01
313 6.090360e-01 3.048000e-03 3.879160e-01
314 6.086640e-01 2.912000e-03 3.884240e-01
315 6.081480e-01 2.872000e-03 3.889800e-01
316 6.077320e-01 2.776000e-03 3.894920e-01
317 6.073280e-01 2.764000e-03 3.899080e-01
318 6.068680e-01 2.808000e-03 3.903240e-01
319 6.063360e-01 2.872000e-03 3.907920e-01
320 6.059400e-01 2.816000e-03 3.912440e-01
321 6.054160e-01 2.788000e-03 3.917960e-01
322 6.049680e-01 2.792000e-03 3.922400e-01
323 6.045240e-01 2.800000e-03 3.926760e-01
324 6.040480e-01 2.812000e-03 3.931400e-01
325 6.035760e-01 2.888000e-03 3.935360e-01
326 6.031120e-01 2.828000e-03 3.940600e-01
327 6.026960e-01 2.784000e-03 3.945200e-01
328 6.022560e-01 2.720000e-03 3.950240e-01
329 6.017920e-01 2.760000e-03 3.954480e-01
330 6.015040e-01 2.572000e-03 3.959240e-01
331 6.011280e-01 2.528000e-03 3.963440e-01
332 6.007680e-01 2.400000e-03 3.968320e-01
333 6.003240e-01 2.424000e-03 3.972520e-01
334 5.999200e-01 2.472000e-03 3.976080e-01
335 5.994200e-01 2.516000e-03 3.980640e-01
336 5.989920e-01 2.468000e-03 3.985400e-01
337 5.984800e-01 2.604000e-03 3.989160e-01
338 5.979480e-01 2.608000e-03 3.994440e-01
339 5.975680e-01 2.500000e-03 3.999320e-01
340 5.971080e-01 2.520000e-03 4.003720e-01
341 5.966800e-01 2.560000e-03 4.007600e-01
342 5.963520e-01 2.392000e-03 4.012560e-01
343 5.960440e-01 2.352000e-03 4.016040e-01
344 5.955880e-01 2.452000e-03 4.019600e-01
345 5.951240e-01 2.456000e-03 4.024200e-01
346 5.946920e-01 2.508000e-03 4.028000e-01
347 5.942040e-01 2.656000e-03 4.031400e-01
348 5.938080e-01 2.584000e-03 4.036080e-01
349 5.934320e-01 2.568000e-03 4.040000e-01
350 5.929520e-01 2.592000e-03 4.044560e-01
351 5.925840e-01 2.440000e-03 4.049760e-01
352 5.921760e-01 2.480000e-03 4.053440e-01
353 5.917320e-01 2.468000e-03 4.058000e-01
354 5.913840e-01 2.492000e-03 4.061240e-01
355 5.909160e-01 2.556000e-03 4.065280e-01
356 5.904880e-01 2.556000e-03 4.069560e-01
357 5.900840e-01 2.520000e-03 4.073960e-01
358 5.896360e-01 2.528000e-03 4.078360e-01
359 5.891760e-01 2.624000e-03 4.082000e-01
360 5.887120e-01 2.676000e-03 4.086120e-01
361 5.882080e-01 2.788000e-03 4.090040e-01
362 5.877360e-01 2.792000e-03 4.094720e-01
363 5.873280e-01 2.732000e-03 4.099400e-01
364 5.868320e-01 2.760000e-03 4.104080e-01
365 5.864440e-01 2.808000e-03 4.107480e-01
366 5.859360e-01 2.812000e-03 4.112520e-01
367 5.855440e-01 2.728000e-03 4.117280e-01
368 5.851200e-01 2.720000e-03 4.121600e-01
369 5.847440e-01 2.688000e-03 4.125680e-01
370 5.842840e-01 2.676000e-03 4.130400e-01
371 5.837760e-01 2.656000e-03 4.135680e-01
372 5.833520e-01 2.660000e-03 4.139880e-01
373 5.829680e-01 2.608000e-03 4.144240e-01
374 5.824880e-01 2.676000e-03 4.148360e-01
375 5.820640e-01 2.592000e-03 4.153440e-01
376 5.816640e-01 2.576000e-03 4.157600e-01
377 5.812360e-01 2.592000e-03 4.161720e-01
378 5.808680e-01 2.508000e-03 4.166240e-01
379 5.804360e-01 2.580000e-03 4.169840e-01
380 5.799160e-01 2.672000e-03 4.174120e-01
381 5.793520e-01 2.720000e-03 4.179280e-01
382 5.789520e-01 2.676000e-03 4.183720e-01
383 5.785600e-01 2.688000e-03 4.187520e-01
384 5.781480e-01 2.576000e-03 4.192760e-01
385 5.777480e-01 2.528000e-03 4.197240e-01
386 5.773560e-01 2.532000e-03 4.201120e-01
387 5.769800e-01 2.496000e-03 4.205240e-01
388 5.765400e-01 2.508000e-03 4.209520e-01
389 5.761960e-01 2.460000e-03 4.213440e-01
390 5.757400e-01 2.500000e-03 4.217600e-01
391 5.752760e-01 2.548000e-03 4.221760e-01
392 5.748560e-01 2.528000e-03 4.226160e-01
393 5.744560e-01 2.520000e-03 4.230240e-01
394 5.740520e-01 2.524000e-03 4.234240e-01
395 5.736880e-01 2.472000e-03 4.238400e-01
396 5.732560e-01 2.488000e-03 4.242560e-01
397 5.728320e-01 2.568000e-03 4.246000e-01
398 5.724000e-01 2.488000e-03 4.251120e-01
399 5.720880e-01 2.380000e-03 4.255320e-01
400 5.718080e-01 2.224000e-03 4.259680e-01
401 5.715240e-01 2.112000e-03 4.263640e-01
402 5.712080e-01 2.072000e-03 4.267200e-01
403 5.707840e-01 2.144000e-03 4.270720e-01
404 5.704400e-01 2.116000e-03 4.274440e-01
405 5.699680e-01 2.208000e-03 4.278240e-01
406 5.695720e-01 2.192000e-03 4.282360e-01
407 5.691480e-01 2.240000e-03 4.286120e-01
408 5.687440e-01 2.284000e-03 4.289720e-01
409 5.683680e-01 2.188000e-03 4.294440e-01
410 5.679480e-01 2.132000e-03 4.299200e-01
411 5.674720e-01 2.196000e-03 4.303320e-01
412 5.671120e-01 2.180000e-03 4.307080e-01
413 5.667120e-01 2.204000e-03 4.310840e-01
414 5.663360e-01 2.184000e-03 4.314800e-01
415 5.659120e-01 2.220000e-03 4.318680e-01
416 5.654880e-01 2.324000e-03 4.321880e-01
417 5.651440e-01 2.300000e-03 4.325560e-01
418 5.647600e-01 2.284000e-03 4.329560e-01
419 5.643800e-01 2.280000e-03 4.333400e-01
420 5.639920e-01 2.252000e-03 4.337560e-01
421 5.636240e-01 2.236000e-03 4.341400e-01
422 5.633240e-01 2.168000e-03 4.345080e-01
423 5.629720e-01 2.152000e-03 4.348760e-01
424 5.626960e-01 2.040000e-03 4.352640e-01
425 5.622800e-01 2.132000e-03 4.355880e-01
426 5.619400e-01 2.084000e-03 4.359760e-01
427 5.616320e-01 2.024000e-03 4.363440e-01
428 5.612320e-01 2.064000e-03 4.367040e-01
429 5.608160e-01 2.172000e-03 4.370120e-01
430 5.603480e-01 2.252000e-03 4.374000e-01
431 5.599720e-01 2.196000e-03 4.378320e-01
432 5.595960e-01 2.144000e-03 4.382600e-01
433 5.591640e-01 2.124000e-03 4.387120e-01
434 5.588200e-01 2.168000e-03 4.390120e-01
435 5.584120e-01 2.180000e-03 4.394080e-01
436 5.580160e-01 2.172000e-03 4.398120e-01
437 5.576360e-01 2.176000e-03 4.401880e-01
438 5.572200e-01 2.168000e-03 4.406120e-01
439 5.568000e-01 2.228000e-03 4.409720e-01
440 5.564640e-01 2.140000e-03 4.413960e-01
441 5.561360e-01 2.084000e-03 4.417800e-01
442 5.558680e-01 1.932000e-03 4.422000e-01
443 5.555480e-01 1.876000e-03 4.425760e-01
444 5.553160e-01 1.788000e-03 4.428960e-01
445 5.550680e-01 1.724000e-03 4.432080e-01
446 5.548200e-01 1.680000e-03 4.435000e-01
447 5.545720e-01 1.644000e-03 4.437840e-01
448 5.543040e-01 1.672000e-03 4.440240e-01
449 5.540440e-01 1.644000e-03 4.443120e-01
450 5.538000e-01 1.572000e-03 4.446280e-01
451 5.535920e-01 1.540000e-03 4.448680e-01
452 5.534120e-01 1.456000e-03 4.451320e-01
453 5.532080e-01 1.384000e-03 4.454080e-01
454 5.530080e-01 1.344000e-03 4.456480e-01
455 5.527840e-01 1.388000e-03 4.458280e-01
456 5.525880e-01 1.352000e-03 4.460600e-01
457 5.523840e-01 1.372000e-03 4.462440e-01
458 5.521160e-01 1.424000e-03 4.464600e-01
459 5.518760e-01 1.452000e-03 4.466720e-01
460 5.516920e-01 1.384000e-03 4.469240e-01
461 5.514920e-01 1.368000e-03 4.471400e-01
462 5.513160e-01 1.292000e-03 4.473920e-01
463 5.511680e-01 1.220000e-03 4.476120e-01
464 5.509720e-01 1.236000e-03 4.477920e-01
465 5.508080e-01 1.196000e-03 4.479960e-01
466 5.506560e-01 1.124000e-03 4.482200e-01
467 5.505200e-01 1.060000e-03 4.484200e-01
468 5.503640e-01 1.012000e-03 4.486240e-01
469 5.502520e-01 9.160000e-04 4.488320e-01
470 5.501640e-01 8.520000e-04 4.489840e-01
471 5.500480e-01 8.200000e-04 4.491320e-01
472 5.499160e-01 8.000000e-04 4.492840e-01
473 5.497680e-01 8.040000e-04 4.494280e-01
474 5.496320e-01 7.680000e-04 4.496000e-01
475 5.495200e-01 7.240000e-04 4.497560e-01
476 5.494240e-01 6.920000e-04 4.498840e-01
477 5.492880e-01 6.680000e-04 4.500440e-01
478 5.491640e-01 7.040000e-04 4.501320e-01
479 5.490560e-01 7.040000e-04 4.502400e-01
480 5.489640e-01 6.720000e-04 4.503640e-01
481 5.489040e-01 6.000000e-04 4.504960e-01
482 5.487880e-01 6.120000e-04 4.506000e-01
483 5.486960e-01 6.040000e-04 4.507000e-01
484 5.485720e-01 5.920000e-04 4.508360e-01
485 5.484320e-01 6.280000e-04 4.509400e-01
486 5.483160e-01 6.560000e-04 4.510280e-01
487 5.481520e-01 6.960000e-04 4.511520e-01
488 5.480640e-01 6.640000e-04 4.512720e-01
489 5.479680e-01 6.600000e-04 4.513720e-01
490 5.478600e-01 6.400000e-04 4.515000e-01
491 5.477320e-01 6.720000e-04 4.515960e-01
492 5.476120e-01 6.720000e-04 4.517160e-01
493 5.475120e-01 6.640000e-04 4.518240e-01
494 5.473680e-01 7.160000e-04 4.519160e-01
495 5.472480e-01 7.000000e-04 4.520520e-01
496 5.471160e-01 6.920000e-04 4.521920e-01
497 5.470160e-01 6.800000e-04 4.523040e-01
498 5.468360e-01 7.200000e-04 4.524440e-01
499 5.466920e-01 7.280000e-04 4.525800e-01
500 5.465120e-01 7.920000e-04 4.526960e-01
