1 9.991880e-01 7.120000e-04 1.000000e-04
2 9.986440e-01 1.112000e-03 2.440000e-04
3 9.980120e-01 1.512000e-03 4.760000e-04
4 9.973280e-01 1.904000e-03 7.680000e-04
5 9.963480e-01 2.564000e-03 1.088000e-03
6 9.954000e-01 3.008000e-03 1.592000e-03
7 9.945840e-01 3.208000e-03 2.208000e-03
8 9.936200e-01 3.548000e-03 2.832000e-03
9 9.925560e-01 3.988000e-03 3.456000e-03
10 9.915080e-01 4.324000e-03 4.168000e-03
11 9.904480e-01 4.540000e-03 5.012000e-03
12 9.894080e-01 4.772000e-03 5.820000e-03
13 9.883840e-01 5.012000e-03 6.604000e-03
14 9.872640e-01 5.224000e-03 7.512000e-03
15 9.861480e-01 5.400000e-03 8.452000e-03
16 9.848800e-01 5.660000e-03 9.460000e-03
17 9.837680e-01 5.832000e-03 1.040000e-02
18 9.825360e-01 6.072000e-03 1.139200e-02
19 9.812760e-01 6.220000e-03 1.250400e-02
20 9.800120e-01 6.452000e-03 1.353600e-02
21 9.785840e-01 6.740000e-03 1.467600e-02
22 9.771400e-01 6.924000e-03 1.593600e-02
23 9.755760e-01 7.156000e-03 1.726800e-02
24 9.741320e-01 7.372000e-03 1.849600e-02
25 9.724480e-01 7.796000e-03 1.975600e-02
26 9.706520e-01 8.252000e-03 2.109600e-02
27 9.688920e-01 8.624000e-03 2.248400e-02
28 9.669760e-01 8.920000e-03 2.410400e-02
29 9.650880e-01 9.192000e-03 2.572000e-02
30 9.630040e-01 9.728000e-03 2.726800e-02
31 9.611040e-01 9.900000e-03 2.899600e-02
32 9.593040e-01 9.936000e-03 3.076000e-02
33 9.573680e-01 1.002000e-02 3.261200e-02
34 9.554120e-01 1.015200e-02 3.443600e-02
35 9.533640e-01 1.034000e-02 3.629600e-02
36 9.513800e-01 1.052000e-02 3.810000e-02
37 9.493200e-01 1.058000e-02 4.010000e-02
38 9.473240e-01 1.077200e-02 4.190400e-02
39 9.454240e-01 1.079200e-02 4.378400e-02
40 9.435720e-01 1.080400e-02 4.562400e-02
41 9.414520e-01 1.094400e-02 4.760400e-02
42 9.394000e-01 1.101200e-02 4.958800e-02
43 9.371920e-01 1.117600e-02 5.163200e-02
44 9.352600e-01 1.108000e-02 5.366000e-02
45 9.331360e-01 1.137600e-02 5.548800e-02
46 9.312120e-01 1.119200e-02 5.759600e-02
47 9.290680e-01 1.141600e-02 5.951600e-02
48 9.269880e-01 1.165600e-02 6.135600e-02
49 9.248200e-01 1.170000e-02 6.348000e-02
50 9.226600e-01 1.162800e-02 6.571200e-02
51 9.207400e-01 1.143200e-02 6.782800e-02
52 9.186760e-01 1.158400e-02 6.974000e-02
53 9.166280e-01 1.151200e-02 7.186000e-02
54 9.145760e-01 1.158000e-02 7.384400e-02
55 9.127280e-01 1.142000e-02 7.585200e-02
56 9.108200e-01 1.137200e-02 7.780800e-02
57 9.087440e-01 1.153200e-02 7.972400e-02
58 9.068040e-01 1.143600e-02 8.176000e-02
59 9.048760e-01 1.138400e-02 8.374000e-02
60 9.030320e-01 1.116800e-02 8.580000e-02
61 9.011600e-01 1.125600e-02 8.758400e-02
62 8.992080e-01 1.121600e-02 8.957600e-02
63 8.972960e-01 1.124400e-02 9.146000e-02
64 8.953160e-01 1.137600e-02 9.330800e-02
65 8.932920e-01 1.127600e-02 9.543200e-02
66 8.914440e-01 1.105200e-02 9.750400e-02
67 8.894680e-01 1.099600e-02 9.953600e-02
68 8.876680e-01 1.088800e-02 1.014440e-01
69 8.858480e-01 1.075600e-02 1.033960e-01
70 8.840400e-01 1.063600e-02 1.053240e-01
71 8.821520e-01 1.066000e-02 1.071880e-01
72 8.805320e-01 1.042400e-02 1.090440e-01
73 8.787520e-01 1.019200e-02 1.110560e-01
74 8.768160e-01 1.034400e-02 1.128400e-01
75 8.749040e-01 1.036400e-02 1.147320e-01
76 8.730200e-01 1.044800e-02 1.165320e-01
77 8.712400e-01 1.043200e-02 1.183280e-01
78 8.693840e-01 1.052800e-02 1.200880e-01
79 8.675760e-01 1.056800e-02 1.218560e-01
80 8.658840e-01 1.039600e-02 1.237200e-01
81 8.640640e-01 1.044400e-02 1.254920e-01
82 8.623720e-01 1.031200e-02 1.273160e-01
83 8.605440e-01 1.038000e-02 1.290760e-01
84 8.588360e-01 1.015600e-02 1.310080e-01
85 8.573280e-01 9.728000e-03 1.329440e-01
86 8.557080e-01 9.672000e-03 1.346200e-01
87 8.541200e-01 9.584000e-03 1.362960e-01
88 8.525120e-01 9.520000e-03 1.379680e-01
89 8.510360e-01 9.328000e-03 1.396360e-01
90 8.494440e-01 9.232000e-03 1.413240e-01
91 8.477400e-01 9.200000e-03 1.430600e-01
92 8.460240e-01 9.180000e-03 1.447960e-01
93 8.446440e-01 8.920000e-03 1.464360e-01
94 8.430800e-01 8.800000e-03 1.481200e-01
95 8.414720e-01 8.828000e-03 1.497000e-01
96 8.399160e-01 8.744000e-03 1.513400e-01
97 8.382800e-01 8.756000e-03 1.529640e-01
98 8.367840e-01 8.732000e-03 1.544840e-01
99 8.353240e-01 8.684000e-03 1.559920e-01
100 8.338920e-01 8.532000e-03 1.575760e-01
101 8.323360e-01 8.600000e-03 1.590640e-01
102 8.306920e-01 8.656000e-03 1.606520e-01
103 8.292920e-01 8.448000e-03 1.622600e-01
104 8.277200e-01 8.464000e-03 1.638160e-01
105 8.263360e-01 8.444000e-03 1.652200e-01
106 8.247880e-01 8.592000e-03 1.666200e-01
107 8.232200e-01 8.568000e-03 1.682120e-01
108 8.218280e-01 8.396000e-03 1.697760e-01
109 8.204080e-01 8.320000e-03 1.712720e-01
110 8.190920e-01 8.212000e-03 1.726960e-01
111 8.177720e-01 8.136000e-03 1.740920e-01
112 8.163680e-01 8.208000e-03 1.754240e-01
113 8.147880e-01 8.320000e-03 1.768920e-01
114 8.132960e-01 8.244000e-03 1.784600e-01
115 8.117160e-01 8.344000e-03 1.799400e-01
116 8.102040e-01 8.420000e-03 1.813760e-01
117 8.086840e-01 8.264000e-03 1.830520e-01
118 8.073560e-01 8.236000e-03 1.844080e-01
119 8.058520e-01 8.328000e-03 1.858200e-01
120 8.044640e-01 8.196000e-03 1.873400e-01
121 8.030200e-01 8.228000e-03 1.887520e-01
122 8.016360e-01 8.220000e-03 1.901440e-01
123 8.002760e-01 8.260000e-03 1.914640e-01
124 7.988120e-01 8.360000e-03 1.928280e-01
125 7.975560e-01 8.196000e-03 1.942480e-01
126 7.961400e-01 8.156000e-03 1.957040e-01
127 7.949280e-01 7.888000e-03 1.971840e-01
128 7.936720e-01 7.896000e-03 1.984320e-01
129 7.923160e-01 7.856000e-03 1.998280e-01
130 7.909560e-01 7.900000e-03 2.011440e-01
131 7.895960e-01 7.788000e-03 2.026160e-01
132 7.881440e-01 7.744000e-03 2.041120e-01
133 7.867160e-01 7.876000e-03 2.054080e-01
134 7.854800e-01 7.688000e-03 2.068320e-01
135 7.842280e-01 7.680000e-03 2.080920e-01
136 7.828240e-01 7.840000e-03 2.093360e-01
137 7.814120e-01 8.004000e-03 2.105840e-01
138 7.801320e-01 7.860000e-03 2.120080e-01
139 7.788560e-01 7.900000e-03 2.132440e-01
140 7.774880e-01 7.944000e-03 2.145680e-01
141 7.761640e-01 7.936000e-03 2.159000e-01
142 7.747400e-01 8.028000e-03 2.172320e-01
143 7.734640e-01 7.928000e-03 2.186080e-01
144 7.721560e-01 7.852000e-03 2.199920e-01
145 7.709440e-01 7.676000e-03 2.213800e-01
146 7.696840e-01 7.624000e-03 2.226920e-01
147 7.683960e-01 7.688000e-03 2.239160e-01
148 7.671400e-01 7.636000e-03 2.252240e-01
149 7.659160e-01 7.508000e-03 2.265760e-01
150 7.646600e-01 7.432000e-03 2.279080e-01
151 7.633040e-01 7.480000e-03 2.292160e-01
152 7.621920e-01 7.340000e-03 2.304680e-01
153 7.608840e-01 7.352000e-03 2.317640e-01
154 7.597280e-01 7.228000e-03 2.330440e-01
155 7.585080e-01 7.220000e-03 2.342720e-01
156 7.574520e-01 7.052000e-03 2.354960e-01
157 7.562280e-01 7.116000e-03 2.366560e-01
158 7.550400e-01 7.152000e-03 2.378080e-01
159 7.536760e-01 7.260000e-03 2.390640e-01
160 7.526000e-01 6.964000e-03 2.404360e-01
161 7.513040e-01 7.084000e-03 2.416120e-01
162 7.500320e-01 7.276000e-03 2.426920e-01
163 7.487800e-01 7.204000e-03 2.440160e-01
164 7.474160e-01 7.280000e-03 2.453040e-01
165 7.460960e-01 7.384000e-03 2.465200e-01
166 7.447960e-01 7.404000e-03 2.478000e-01
167 7.434560e-01 7.528000e-03 2.490160e-01
168 7.420600e-01 7.616000e-03 2.503240e-01
169 7.407840e-01 7.636000e-03 2.515800e-01
170 7.395360e-01 7.564000e-03 2.529000e-01
171 7.383480e-01 7.464000e-03 2.541880e-01
172 7.371240e-01 7.420000e-03 2.554560e-01
173 7.359640e-01 7.188000e-03 2.568480e-01
174 7.347440e-01 7.252000e-03 2.580040e-01
175 7.337080e-01 6.912000e-03 2.593800e-01
176 7.325520e-01 6.820000e-03 2.606280e-01
177 7.313760e-01 6.816000e-03 2.618080e-01
178 7.302040e-01 6.796000e-03 2.630000e-01
179 7.290240e-01 6.860000e-03 2.641160e-01
180 7.279000e-01 6.800000e-03 2.653000e-01
181 7.268920e-01 6.620000e-03 2.664880e-01
182 7.256840e-01 6.596000e-03 2.677200e-01
183 7.243960e-01 6.804000e-03 2.688000e-01
184 7.231240e-01 6.820000e-03 2.700560e-01
185 7.219480e-01 6.744000e-03 2.713080e-01
186 7.207880e-01 6.728000e-03 2.724840e-01
187 7.195480e-01 6.840000e-03 2.736120e-01
188 7.182360e-01 6.896000e-03 2.748680e-01
189 7.170080e-01 6.900000e-03 2.760920e-01
190 7.157520e-01 6.944000e-03 2.773040e-01
191 7.145200e-01 7.016000e-03 2.784640e-01
192 7.134400e-01 6.868000e-03 2.796920e-01
193 7.123000e-01 6.836000e-03 2.808640e-01
194 7.111480e-01 6.780000e-03 2.820720e-01
195 7.101320e-01 6.612000e-03 2.832560e-01
196 7.091880e-01 6.460000e-03 2.843520e-01
197 7.081280e-01 6.460000e-03 2.854120e-01
198 7.070880e-01 6.360000e-03 2.865520e-01
199 7.062160e-01 6.104000e-03 2.876800e-01
200 7.052400e-01 5.908000e-03 2.888520e-01
201 7.042520e-01 5.796000e-03 2.899520e-01
202 7.033120e-01 5.696000e-03 2.909920e-01
203 7.024280e-01 5.544000e-03 2.920280e-01
204 7.015280e-01 5.488000e-03 2.929840e-01
205 7.006680e-01 5.360000e-03 2.939720e-01
206 6.997800e-01 5.264000e-03 2.949560e-01
207 6.988480e-01 5.180000e-03 2.959720e-01
208 6.979440e-01 5.092000e-03 2.969640e-01
209 6.970680e-01 5.024000e-03 2.979080e-01
210 6.962280e-01 5.004000e-03 2.987680e-01
211 6.954600e-01 4.820000e-03 2.997200e-01
212 6.946200e-01 4.788000e-03 3.005920e-01
213 6.938160e-01 4.660000e-03 3.015240e-01
214 6.930400e-01 4.632000e-03 3.023280e-01
215 6.922800e-01 4.624000e-03 3.030960e-01
216 6.914840e-01 4.632000e-03 3.038840e-01
217 6.905800e-01 4.704000e-03 3.047160e-01
218 6.898080e-01 4.576000e-03 3.056160e-01
219 6.891520e-01 4.404000e-03 3.064440e-01
220 6.884520e-01 4.352000e-03 3.071960e-01
221 6.877520e-01 4.352000e-03 3.078960e-01
222 6.869760e-01 4.344000e-03 3.086800e-01
223 6.862360e-01 4.284000e-03 3.094800e-01
224 6.855600e-01 4.284000e-03 3.101560e-01
225 6.847960e-01 4.320000e-03 3.108840e-01
226 6.840240e-01 4.440000e-03 3.115360e-01
227 6.831680e-01 4.552000e-03 3.122800e-01
228 6.824760e-01 4.476000e-03 3.130480e-01
229 6.817960e-01 4.328000e-03 3.138760e-01
230 6.811880e-01 4.168000e-03 3.146440e-01
231 6.806680e-01 3.980000e-03 3.153520e-01
232 6.801760e-01 3.776000e-03 3.160480e-01
233 6.796640e-01 3.696000e-03 3.166400e-01
234 6.792240e-01 3.492000e-03 3.172840e-01
235 6.787280e-01 3.404000e-03 3.178680e-01
236 6.782640e-01 3.328000e-03 3.184080e-01
237 6.777960e-01 3.324000e-03 3.188800e-01
238 6.773120e-01 3.296000e-03 3.193920e-01
239 6.768440e-01 3.240000e-03 3.199160e-01
240 6.763160e-01 3.248000e-03 3.204360e-01
241 6.758320e-01 3.068000e-03 3.211000e-01
242 6.753320e-01 2.992000e-03 3.216760e-01
243 6.748960e-01 2.952000e-03 3.221520e-01
244 6.744600e-01 2.904000e-03 3.226360e-01
245 6.738880e-01 2.968000e-03 3.231440e-01
246 6.733840e-01 2.868000e-03 3.237480e-01
247 6.729120e-01 2.788000e-03 3.243000e-01
248 6.724880e-01 2.756000e-03 3.247560e-01
249 6.720360e-01 2.704000e-03 3.252600e-01
250 6.714080e-01 2.892000e-03 3.257000e-01
251 6.709520e-01 2.876000e-03 3.261720e-01
252 6.705240e-01 2.696000e-03 3.267800e-01
253 6.700600e-01 2.660000e-03 3.272800e-01
254 6.696680e-01 2.568000e-03 3.277640e-01
255 6.692080e-01 2.572000e-03 3.282200e-01
256 6.687440e-01 2.612000e-03 3.286440e-01
257 6.683000e-01 2.540000e-03 3.291600e-01
258 6.678960e-01 2.512000e-03 3.295920e-01
259 6.675640e-01 2.432000e-03 3.300040e-01
260 6.672080e-01 2.464000e-03 3.303280e-01
261 6.667480e-01 2.440000e-03 3.308120e-01
262 6.663600e-01 2.412000e-03 3.312280e-01
263 6.660080e-01 2.356000e-03 3.316360e-01
264 6.657240e-01 2.268000e-03 3.320080e-01
265 6.652240e-01 2.372000e-03 3.324040e-01
266 6.648200e-01 2.332000e-03 3.328480e-01
267 6.645200e-01 2.220000e-03 3.332600e-01
268 6.642000e-01 2.176000e-03 3.336240e-01
269 6.638960e-01 2.136000e-03 3.339680e-01
270 6.635960e-01 2.064000e-03 3.343400e-01
271 6.632480e-01 1.996000e-03 3.347560e-01
272 6.629640e-01 1.948000e-03 3.350880e-01
273 6.626280e-01 1.936000e-03 3.354360e-01
274 6.623120e-01 1.940000e-03 3.357480e-01
275 6.620040e-01 1.848000e-03 3.361480e-01
276 6.616400e-01 1.892000e-03 3.364680e-01
277 6.612760e-01 1.936000e-03 3.367880e-01
278 6.609480e-01 1.940000e-03 3.371120e-01
279 6.606560e-01 1.916000e-03 3.374280e-01
280 6.603880e-01 1.864000e-03 3.377480e-01
281 6.599560e-01 1.960000e-03 3.380840e-01
282 6.596120e-01 1.980000e-03 3.384080e-01
283 6.592520e-01 1.972000e-03 3.387760e-01
284 6.589160e-01 1.964000e-03 3.391200e-01
285 6.585920e-01 1.948000e-03 3.394600e-01
286 6.582680e-01 1.924000e-03 3.398080e-01
287 6.580160e-01 1.780000e-03 3.402040e-01
288 6.577000e-01 1.840000e-03 3.404600e-01
289 6.573920e-01 1.780000e-03 3.408280e-01
290 6.570200e-01 1.856000e-03 3.411240e-01
291 6.566840e-01 1.860000e-03 3.414560e-01
292 6.562760e-01 1.984000e-03 3.417400e-01
293 6.560240e-01 1.920000e-03 3.420560e-01
294 6.556800e-01 1.940000e-03 3.423800e-01
295 6.552960e-01 1.944000e-03 3.427600e-01
296 6.549320e-01 2.016000e-03 3.430520e-01
297 6.545320e-01 2.060000e-03 3.434080e-01
298 6.541480e-01 2.128000e-03 3.437240e-01
299 6.538440e-01 2.076000e-03 3.440800e-01
300 6.535440e-01 1.956000e-03 3.445000e-01
301 6.532960e-01 1.868000e-03 3.448360e-01
302 6.528960e-01 1.912000e-03 3.451920e-01
303 6.525480e-01 1.904000e-03 3.455480e-01
304 6.522680e-01 1.860000e-03 3.458720e-01
305 6.518840e-01 1.904000e-03 3.462120e-01
306 6.516000e-01 1.864000e-03 3.465360e-01
307 6.512520e-01 1.876000e-03 3.468720e-01
308 6.508840e-01 1.896000e-03 3.472200e-01
309 6.505960e-01 1.876000e-03 3.475280e-01
310 6.503040e-01 1.856000e-03 3.478400e-01
311 6.500040e-01 1.796000e-03 3.482000e-01
312 6.497520e-01 1.780000e-03 3.484680e-01
313 6.494880e-01 1.780000e-03 3.487320e-01
314 6.491600e-01 1.812000e-03 3.490280e-01
315 6.488920e-01 1.796000e-03 3.493120e-01
316 6.485800e-01 1.780000e-03 3.496400e-01
317 6.482720e-01 1.772000e-03 3.499560e-01
318 6.479880e-01 1.776000e-03 3.502360e-01
319 6.476920e-01 1.728000e-03 3.505800e-01
320 6.473880e-01 1.748000e-03 3.508640e-01
321 6.470600e-01 1.820000e-03 3.511200e-01
322 6.467560e-01 1.804000e-03 3.514400e-01
323 6.465080e-01 1.712000e-03 3.517800e-01
324 6.462520e-01 1.584000e-03 3.521640e-01
325 6.460840e-01 1.504000e-03 3.524120e-01
326 6.459160e-01 1.384000e-03 3.527000e-01
327 6.457240e-01 1.240000e-03 3.530360e-01
328 6.455920e-01 1.164000e-03 3.532440e-01
329 6.453800e-01 1.156000e-03 3.534640e-01
330 6.451960e-01 1.184000e-03 3.536200e-01
331 6.450120e-01 1.180000e-03 3.538080e-01
332 6.448480e-01 1.112000e-03 3.540400e-01
333 6.446920e-01 1.068000e-03 3.542400e-01
334 6.445040e-01 1.088000e-03 3.544080e-01
335 6.442960e-01 1.096000e-03 3.546080e-01
336 6.441640e-01 1.008000e-03 3.548280e-01
337 6.440560e-01 9.200000e-04 3.550240e-01
338 6.439080e-01 9.000000e-04 3.551920e-01
339 6.438080e-01 8.800000e-04 3.553120e-01
340 6.436840e-01 8.680000e-04 3.554480e-01
341 6.435360e-01 8.720000e-04 3.555920e-01
342 6.434040e-01 8.360000e-04 3.557600e-01
343 6.432320e-01 8.760000e-04 3.558920e-01
344 6.430240e-01 9.480000e-04 3.560280e-01
345 6.429280e-01 8.920000e-04 3.561800e-01
346 6.427360e-01 9.080000e-04 3.563560e-01
347 6.425960e-01 8.520000e-04 3.565520e-01
348 6.424880e-01 7.920000e-04 3.567200e-01
349 6.423280e-01 7.880000e-04 3.568840e-01
350 6.421920e-01 8.360000e-04 3.569720e-01
351 6.420520e-01 8.520000e-04 3.570960e-01
352 6.419760e-01 7.640000e-04 3.572600e-01
353 6.418560e-01 7.480000e-04 3.573960e-01
354 6.417400e-01 7.240000e-04 3.575360e-01
355 6.416360e-01 6.800000e-04 3.576840e-01
356 6.415520e-01 6.320000e-04 3.578160e-01
357 6.414280e-01 6.480000e-04 3.579240e-01
358 6.413040e-01 6.720000e-04 3.580240e-01
359 6.411960e-01 6.600000e-04 3.581440e-01
360 6.410760e-01 6.640000e-04 3.582600e-01
361 6.409680e-01 6.400000e-04 3.583920e-01
362 6.408880e-01 6.200000e-04 3.584920e-01
363 6.408120e-01 5.920000e-04 3.585960e-01
364 6.407640e-01 5.240000e-04 3.587120e-01
365 6.407200e-01 4.680000e-04 3.588120e-01
366 6.406480e-01 4.840000e-04 3.588680e-01
367 6.405760e-01 4.680000e-04 3.589560e-01
368 6.405360e-01 4.320000e-04 3.590320e-01
369 6.404920e-01 4.120000e-04 3.590960e-01
370 6.404320e-01 3.680000e-04 3.592000e-01
371 6.403600e-01 3.520000e-04 3.592880e-01
372 6.402720e-01 3.760000e-04 3.593520e-01
373 6.402120e-01 3.680000e-04 3.594200e-01
374 6.401520e-01 3.640000e-04 3.594840e-01
375 6.400640e-01 4.120000e-04 3.595240e-01
376 6.399960e-01 4.160000e-04 3.595880e-01
377 6.398960e-01 4.560000e-04 3.596480e-01
378 6.398440e-01 4.480000e-04 3.597080e-01
379 6.397280e-01 4.960000e-04 3.597760e-01
380 6.396560e-01 4.840000e-04 3.598600e-01
381 6.395760e-01 4.880000e-04 3.599360e-01
382 6.394840e-01 4.800000e-04 3.600360e-01
383 6.394040e-01 4.920000e-04 3.601040e-01
384 6.392920e-01 5.080000e-04 3.602000e-01
385 6.392040e-01 5.080000e-04 3.602880e-01
386 6.390920e-01 5.240000e-04 3.603840e-01
387 6.390000e-01 5.400000e-04 3.604600e-01
388 6.389120e-01 5.120000e-04 3.605760e-01
389 6.388120e-01 5.280000e-04 3.606600e-01
390 6.386880e-01 5.600000e-04 3.607520e-01
391 6.385840e-01 5.840000e-04 3.608320e-01
392 6.384560e-01 6.120000e-04 3.609320e-01
393 6.383680e-01 5.960000e-04 3.610360e-01
394 6.383040e-01 5.600000e-04 3.611360e-01
395 6.382120e-01 5.440000e-04 3.612440e-01
396 6.381080e-01 5.600000e-04 3.613320e-01
397 6.380000e-01 5.840000e-04 3.614160e-01
398 6.379240e-01 5.480000e-04 3.615280e-01
399 6.377720e-01 6.320000e-04 3.615960e-01
400 6.376480e-01 6.360000e-04 3.617160e-01
401 6.375600e-01 6.280000e-04 3.618120e-01
402 6.373920e-01 7.040000e-04 3.619040e-01
403 6.372440e-01 7.080000e-04 3.620480e-01
404 6.371040e-01 7.280000e-04 3.621680e-01
405 6.370000e-01 6.920000e-04 3.623080e-01
406 6.368360e-01 7.200000e-04 3.624440e-01
407 6.367000e-01 7.600000e-04 3.625400e-01
408 6.365600e-01 7.720000e-04 3.626680e-01
409 6.364400e-01 7.840000e-04 3.627760e-01
410 6.363360e-01 7.160000e-04 3.629480e-01
411 6.362200e-01 7.040000e-04 3.630760e-01
412 6.361240e-01 6.520000e-04 3.632240e-01
413 6.360040e-01 6.440000e-04 3.633520e-01
414 6.358920e-01 6.560000e-04 3.634520e-01
415 6.357920e-01 6.280000e-04 3.635800e-01
416 6.356680e-01 6.200000e-04 3.637120e-01
417 6.355680e-01 6.160000e-04 3.638160e-01
418 6.354560e-01 6.200000e-04 3.639240e-01
419 6.353280e-01 6.280000e-04 3.640440e-01
420 6.352440e-01 5.880000e-04 3.641680e-01
421 6.351280e-01 6.160000e-04 3.642560e-01
422 6.350400e-01 5.680000e-04 3.643920e-01
423 6.349480e-01 5.880000e-04 3.644640e-01
424 6.348720e-01 5.800000e-04 3.645480e-01
425 6.348080e-01 5.200000e-04 3.646720e-01
426 6.346720e-01 5.760000e-04 3.647520e-01
427 6.345840e-01 5.800000e-04 3.648360e-01
428 6.344920e-01 5.240000e-04 3.649840e-01
429 6.343960e-01 4.880000e-04 3.651160e-01
430 6.343400e-01 4.680000e-04 3.651920e-01
431 6.342440e-01 4.840000e-04 3.652720e-01
432 6.341840e-01 4.600000e-04 3.653560e-01
433 6.341280e-01 4.400000e-04 3.654320e-01
434 6.340480e-01 4.480000e-04 3.655040e-01
435 6.339560e-01 4.800000e-04 3.655640e-01
436 6.338720e-01 4.800000e-04 3.656480e-01
437 6.337960e-01 4.400000e-04 3.657640e-01
438 6.336920e-01 4.480000e-04 3.658600e-01
439 6.335920e-01 4.440000e-04 3.659640e-01
440 6.334960e-01 4.840000e-04 3.660200e-01
441 6.334080e-01 4.800000e-04 3.661120e-01
442 6.333320e-01 4.560000e-04 3.662120e-01
443 6.332520e-01 4.560000e-04 3.662920e-01
444 6.331360e-01 4.720000e-04 3.663920e-01
445 6.330600e-01 4.800000e-04 3.664600e-01
446 6.329800e-01 4.560000e-04 3.665640e-01
447 6.329080e-01 4.280000e-04 3.666640e-01
448 6.327720e-01 4.920000e-04 3.667360e-01
449 6.326880e-01 4.680000e-04 3.668440e-01
450 6.325760e-01 4.760000e-04 3.669480e-01
451 6.324800e-01 5.040000e-04 3.670160e-01
452 6.323600e-01 5.640000e-04 3.670760e-01
453 6.322440e-01 5.800000e-04 3.671760e-01
454 6.321600e-01 5.600000e-04 3.672800e-01
455 6.320840e-01 5.320000e-04 3.673840e-01
456 6.319320e-01 6.040000e-04 3.674640e-01
457 6.317960e-01 6.120000e-04 3.675920e-01
458 6.316720e-01 6.440000e-04 3.676840e-01
459 6.315040e-01 6.560000e-04 3.678400e-01
460 6.314080e-01 6.520000e-04 3.679400e-01
461 6.312760e-01 6.840000e-04 3.680400e-01
462 6.311240e-01 7.160000e-04 3.681600e-01
463 6.310160e-01 7.080000e-04 3.682760e-01
464 6.309240e-01 6.840000e-04 3.683920e-01
465 6.308400e-01 6.160000e-04 3.685440e-01
466 6.307800e-01 5.800000e-04 3.686400e-01
467 6.306960e-01 5.600000e-04 3.687440e-01
468 6.306240e-01 5.240000e-04 3.688520e-01
469 6.305400e-01 5.240000e-04 3.689360e-01
470 6.304280e-01 5.520000e-04 3.690200e-01
471 6.303120e-01 5.760000e-04 3.691120e-01
472 6.302200e-01 5.880000e-04 3.691920e-01
473 6.301320e-01 5.720000e-04 3.692960e-01
474 6.300120e-01 6.040000e-04 3.693840e-01
475 6.298840e-01 6.360000e-04 3.694800e-01
476 6.297680e-01 6.240000e-04 3.696080e-01
477 6.296400e-01 6.840000e-04 3.696760e-01
478 6.295280e-01 6.920000e-04 3.697800e-01
479 6.293520e-01 7.320000e-04 3.699160e-01
480 6.292360e-01 7.200000e-04 3.700440e-01
481 6.291240e-01 7.040000e-04 3.701720e-01
482 6.289960e-01 7.120000e-04 3.702920e-01
483 6.288960e-01 6.640000e-04 3.704400e-01
484 6.287520e-01 6.920000e-04 3.705560e-01
485 6.286360e-01 6.720000e-04 3.706920e-01
486 6.285240e-01 6.840000e-04 3.707920e-01
487 6.283960e-01 6.920000e-04 3.709120e-01
488 6.282560e-01 7.240000e-04 3.710200e-01
489 6.281240e-01 7.440000e-04 3.711320e-01
490 6.279640e-01 7.960000e-04 3.712400e-01
491 6.278200e-01 7.760000e-04 3.714040e-01
492 6.276800e-01 7.640000e-04 3.715560e-01
493 6.275720e-01 7.560000e-04 3.716720e-01
494 6.273760e-01 8.160000e-04 3.718080e-01
495 6.272480e-01 7.440000e-04 3.720080e-01
496 6.271360e-01 7.400000e-04 3.721240e-01
497 6.270440e-01 7.320000e-04 3.722240e-01
498 6.269640e-01 6.840000e-04 3.723520e-01
499 6.268480e-01 6.560000e-04 3.724960e-01
500 6.267320e-01 6.400000e-04 3.726280e-01
