1 9.991560e-01 7.400000e-04 1.040000e-04
2 9.986360e-01 1.132000e-03 2.320000e-04
3 9.981800e-01 1.332000e-03 4.880000e-04
4 9.975080e-01 1.724000e-03 7.680000e-04
5 9.969040e-01 2.064000e-03 1.032000e-03
6 9.961400e-01 2.404000e-03 1.456000e-03
7 9.952600e-01 2.748000e-03 1.992000e-03
8 9.944040e-01 3.120000e-03 2.476000e-03
9 9.934360e-01 3.580000e-03 2.984000e-03
10 9.925000e-01 3.832000e-03 3.668000e-03
11 9.915480e-01 4.068000e-03 4.384000e-03
12 9.906320e-01 4.300000e-03 5.068000e-03
13 9.897480e-01 4.412000e-03 5.840000e-03
14 9.888320e-01 4.512000e-03 6.656000e-03
15 9.878920e-01 4.612000e-03 7.496000e-03
16 9.868880e-01 4.852000e-03 8.260000e-03
17 9.858120e-01 5.020000e-03 9.168000e-03
18 9.846800e-01 5.256000e-03 1.006400e-02
19 9.833760e-01 5.648000e-03 1.097600e-02
20 9.822320e-01 5.684000e-03 1.208400e-02
21 9.811520e-01 5.764000e-03 1.308400e-02
22 9.800880e-01 5.816000e-03 1.409600e-02
23 9.788600e-01 6.056000e-03 1.508400e-02
24 9.776080e-01 6.240000e-03 1.615200e-02
25 9.763080e-01 6.408000e-03 1.728400e-02
26 9.751120e-01 6.360000e-03 1.852800e-02
27 9.738120e-01 6.544000e-03 1.964400e-02
28 9.726680e-01 6.520000e-03 2.081200e-02
29 9.714440e-01 6.512000e-03 2.204400e-02
30 9.699600e-01 6.900000e-03 2.314000e-02
31 9.686480e-01 6.928000e-03 2.442400e-02
32 9.674000e-01 6.948000e-03 2.565200e-02
33 9.659840e-01 7.096000e-03 2.692000e-02
34 9.648360e-01 6.988000e-03 2.817600e-02
35 9.635280e-01 7.084000e-03 2.938800e-02
36 9.622400e-01 7.184000e-03 3.057600e-02
37 9.608120e-01 7.232000e-03 3.195600e-02
38 9.594480e-01 7.300000e-03 3.325200e-02
39 9.581440e-01 7.264000e-03 3.459200e-02
40 9.567280e-01 7.476000e-03 3.579600e-02
41 9.554240e-01 7.540000e-03 3.703600e-02
42 9.540800e-01 7.672000e-03 3.824800e-02
43 9.526280e-01 7.760000e-03 3.961200e-02
44 9.510560e-01 7.896000e-03 4.104800e-02
45 9.495880e-01 7.828000e-03 4.258400e-02
46 9.482960e-01 7.800000e-03 4.390400e-02
47 9.468800e-01 7.912000e-03 4.520800e-02
48 9.454800e-01 7.812000e-03 4.670800e-02
49 9.441560e-01 7.832000e-03 4.801200e-02
50 9.427880e-01 7.744000e-03 4.946800e-02
51 9.413560e-01 7.844000e-03 5.080000e-02
52 9.399400e-01 7.892000e-03 5.216800e-02
53 9.384360e-01 8.020000e-03 5.354400e-02
54 9.368800e-01 8.000000e-03 5.512000e-02
55 9.355360e-01 7.900000e-03 5.656400e-02
56 9.342080e-01 7.880000e-03 5.791200e-02
57 9.329200e-01 7.808000e-03 5.927200e-02
58 9.315360e-01 7.792000e-03 6.067200e-02
59 9.302520e-01 7.660000e-03 6.208800e-02
60 9.288400e-01 7.704000e-03 6.345600e-02
61 9.274080e-01 7.868000e-03 6.472400e-02
62 9.260200e-01 7.724000e-03 6.625600e-02
63 9.246920e-01 7.680000e-03 6.762800e-02
64 9.232280e-01 7.612000e-03 6.916000e-02
65 9.217960e-01 7.640000e-03 7.056400e-02
66 9.202440e-01 7.756000e-03 7.200000e-02
67 9.188360e-01 7.888000e-03 7.327600e-02
68 9.174600e-01 7.824000e-03 7.471600e-02
69 9.160040e-01 7.984000e-03 7.601200e-02
70 9.146520e-01 7.904000e-03 7.744400e-02
71 9.132720e-01 7.936000e-03 7.879200e-02
72 9.119160e-01 7.784000e-03 8.030000e-02
73 9.105560e-01 7.744000e-03 8.170000e-02
74 9.092880e-01 7.624000e-03 8.308800e-02
75 9.078840e-01 7.676000e-03 8.444000e-02
76 9.063920e-01 7.916000e-03 8.569200e-02
77 9.049040e-01 8.044000e-03 8.705200e-02
78 9.035160e-01 8.072000e-03 8.841200e-02
79 9.021680e-01 8.140000e-03 8.969200e-02
80 9.006680e-01 8.096000e-03 9.123600e-02
81 8.992720e-01 8.060000e-03 9.266800e-02
82 8.977920e-01 8.076000e-03 9.413200e-02
83 8.963800e-01 8.188000e-03 9.543200e-02
84 8.949160e-01 8.252000e-03 9.683200e-02
85 8.934960e-01 8.204000e-03 9.830000e-02
86 8.920480e-01 8.196000e-03 9.975600e-02
87 8.906080e-01 8.148000e-03 1.012440e-01
88 8.893000e-01 8.036000e-03 1.026640e-01
89 8.878720e-01 7.972000e-03 1.041560e-01
90 8.864560e-01 8.008000e-03 1.055360e-01
91 8.850920e-01 7.948000e-03 1.069600e-01
92 8.837280e-01 7.892000e-03 1.083800e-01
93 8.824200e-01 7.736000e-03 1.098440e-01
94 8.812520e-01 7.480000e-03 1.112680e-01
95 8.800320e-01 7.460000e-03 1.125080e-01
96 8.787800e-01 7.444000e-03 1.137760e-01
97 8.774560e-01 7.420000e-03 1.151240e-01
98 8.762840e-01 7.320000e-03 1.163960e-01
99 8.748720e-01 7.432000e-03 1.176960e-01
100 8.734520e-01 7.496000e-03 1.190520e-01
101 8.720240e-01 7.620000e-03 1.203560e-01
102 8.707600e-01 7.616000e-03 1.216240e-01
103 8.692640e-01 7.820000e-03 1.229160e-01
104 8.679800e-01 7.696000e-03 1.243240e-01
105 8.666240e-01 7.752000e-03 1.256240e-01
106 8.652040e-01 7.816000e-03 1.269800e-01
107 8.639000e-01 7.868000e-03 1.282320e-01
108 8.625400e-01 7.904000e-03 1.295560e-01
109 8.612000e-01 7.972000e-03 1.308280e-01
110 8.598960e-01 7.852000e-03 1.322520e-01
111 8.586160e-01 7.716000e-03 1.336680e-01
112 8.573480e-01 7.696000e-03 1.349560e-01
113 8.561960e-01 7.452000e-03 1.363520e-01
114 8.548760e-01 7.432000e-03 1.376920e-01
115 8.537600e-01 7.324000e-03 1.389160e-01
116 8.526280e-01 7.120000e-03 1.402520e-01
117 8.515960e-01 6.868000e-03 1.415360e-01
118 8.503720e-01 6.956000e-03 1.426720e-01
119 8.491560e-01 6.888000e-03 1.439560e-01
120 8.479880e-01 6.780000e-03 1.452320e-01
121 8.468720e-01 6.712000e-03 1.464160e-01
122 8.456320e-01 6.744000e-03 1.476240e-01
123 8.442880e-01 6.916000e-03 1.487960e-01
124 8.431080e-01 6.888000e-03 1.500040e-01
125 8.419120e-01 6.860000e-03 1.512280e-01
126 8.407400e-01 6.920000e-03 1.523400e-01
127 8.395800e-01 6.832000e-03 1.535880e-01
128 8.384600e-01 6.800000e-03 1.547400e-01
129 8.374040e-01 6.548000e-03 1.560480e-01
130 8.363600e-01 6.424000e-03 1.572160e-01
131 8.352360e-01 6.408000e-03 1.583560e-01
132 8.340800e-01 6.268000e-03 1.596520e-01
133 8.330600e-01 6.288000e-03 1.606520e-01
134 8.319600e-01 6.244000e-03 1.617960e-01
135 8.309600e-01 6.168000e-03 1.628720e-01
136 8.300040e-01 6.088000e-03 1.639080e-01
137 8.289280e-01 6.052000e-03 1.650200e-01
138 8.279120e-01 5.940000e-03 1.661480e-01
139 8.268240e-01 6.000000e-03 1.671760e-01
140 8.257840e-01 5.960000e-03 1.682560e-01
141 8.248360e-01 5.864000e-03 1.693000e-01
142 8.239560e-01 5.780000e-03 1.702640e-01
143 8.230120e-01 5.636000e-03 1.713520e-01
144 8.221000e-01 5.528000e-03 1.723720e-01
145 8.211720e-01 5.540000e-03 1.732880e-01
146 8.201720e-01 5.540000e-03 1.742880e-01
147 8.192440e-01 5.560000e-03 1.751960e-01
148 8.183880e-01 5.468000e-03 1.761440e-01
149 8.173320e-01 5.632000e-03 1.770360e-01
150 8.161960e-01 5.700000e-03 1.781040e-01
151 8.152560e-01 5.776000e-03 1.789680e-01
152 8.142640e-01 5.700000e-03 1.800360e-01
153 8.133880e-01 5.596000e-03 1.810160e-01
154 8.125920e-01 5.408000e-03 1.820000e-01
155 8.117080e-01 5.264000e-03 1.830280e-01
156 8.108280e-01 5.264000e-03 1.839080e-01
157 8.098160e-01 5.272000e-03 1.849120e-01
158 8.088440e-01 5.240000e-03 1.859160e-01
159 8.079320e-01 5.232000e-03 1.868360e-01
160 8.071600e-01 5.080000e-03 1.877600e-01
161 8.062920e-01 5.020000e-03 1.886880e-01
162 8.053080e-01 5.180000e-03 1.895120e-01
163 8.043360e-01 5.260000e-03 1.904040e-01
164 8.033000e-01 5.336000e-03 1.913640e-01
165 8.023680e-01 5.320000e-03 1.923120e-01
166 8.014600e-01 5.240000e-03 1.933000e-01
167 8.004400e-01 5.388000e-03 1.941720e-01
168 7.995160e-01 5.280000e-03 1.952040e-01
169 7.986680e-01 5.192000e-03 1.961400e-01
170 7.977760e-01 5.172000e-03 1.970520e-01
171 7.968000e-01 5.220000e-03 1.979800e-01
172 7.959720e-01 5.068000e-03 1.989600e-01
173 7.950640e-01 5.164000e-03 1.997720e-01
174 7.940600e-01 5.220000e-03 2.007200e-01
175 7.930880e-01 5.348000e-03 2.015640e-01
176 7.922400e-01 5.156000e-03 2.026040e-01
177 7.914440e-01 5.132000e-03 2.034240e-01
178 7.905080e-01 5.176000e-03 2.043160e-01
179 7.896680e-01 5.060000e-03 2.052720e-01
180 7.886800e-01 5.248000e-03 2.060720e-01
181 7.878280e-01 5.120000e-03 2.070520e-01
182 7.870000e-01 5.148000e-03 2.078520e-01
183 7.860400e-01 5.144000e-03 2.088160e-01
184 7.850040e-01 5.312000e-03 2.096840e-01
185 7.840720e-01 5.268000e-03 2.106600e-01
186 7.831000e-01 5.336000e-03 2.115640e-01
187 7.821480e-01 5.332000e-03 2.125200e-01
188 7.812160e-01 5.308000e-03 2.134760e-01
189 7.801920e-01 5.340000e-03 2.144680e-01
190 7.791800e-01 5.344000e-03 2.154760e-01
191 7.782960e-01 5.292000e-03 2.164120e-01
192 7.772720e-01 5.372000e-03 2.173560e-01
193 7.762840e-01 5.468000e-03 2.182480e-01
194 7.754840e-01 5.420000e-03 2.190960e-01
195 7.746040e-01 5.440000e-03 2.199560e-01
196 7.738600e-01 5.236000e-03 2.209040e-01
197 7.729920e-01 5.220000e-03 2.217880e-01
198 7.721320e-01 5.192000e-03 2.226760e-01
199 7.714320e-01 5.024000e-03 2.235440e-01
200 7.706360e-01 5.012000e-03 2.243520e-01
201 7.697440e-01 5.076000e-03 2.251800e-01
202 7.688880e-01 5.056000e-03 2.260560e-01
203 7.681680e-01 4.896000e-03 2.269360e-01
204 7.672720e-01 4.960000e-03 2.277680e-01
205 7.664440e-01 4.988000e-03 2.285680e-01
206 7.656840e-01 4.932000e-03 2.293840e-01
207 7.649080e-01 4.912000e-03 2.301800e-01
208 7.640160e-01 5.060000e-03 2.309240e-01
209 7.631120e-01 5.024000e-03 2.318640e-01
210 7.623320e-01 5.000000e-03 2.326680e-01
211 7.614960e-01 4.976000e-03 2.335280e-01
212 7.605720e-01 5.056000e-03 2.343720e-01
213 7.598240e-01 5.040000e-03 2.351360e-01
214 7.589960e-01 5.024000e-03 2.359800e-01
215 7.581400e-01 5.004000e-03 2.368560e-01
216 7.573520e-01 4.956000e-03 2.376920e-01
217 7.565400e-01 4.820000e-03 2.386400e-01
218 7.558560e-01 4.736000e-03 2.394080e-01
219 7.552000e-01 4.520000e-03 2.402800e-01
220 7.545080e-01 4.384000e-03 2.411080e-01
221 7.539000e-01 4.284000e-03 2.418160e-01
222 7.531680e-01 4.316000e-03 2.425160e-01
223 7.524600e-01 4.348000e-03 2.431920e-01
224 7.516560e-01 4.292000e-03 2.440520e-01
225 7.508680e-01 4.300000e-03 2.448320e-01
226 7.501120e-01 4.300000e-03 2.455880e-01
227 7.495000e-01 4.168000e-03 2.463320e-01
228 7.488480e-01 4.132000e-03 2.470200e-01
229 7.481640e-01 4.172000e-03 2.476640e-01
230 7.475560e-01 4.064000e-03 2.483800e-01
231 7.469280e-01 3.972000e-03 2.491000e-01
232 7.462720e-01 3.980000e-03 2.497480e-01
233 7.455640e-01 4.092000e-03 2.503440e-01
234 7.448920e-01 4.052000e-03 2.510560e-01
235 7.442880e-01 4.008000e-03 2.517040e-01
236 7.435640e-01 4.008000e-03 2.524280e-01
237 7.430120e-01 3.748000e-03 2.532400e-01
238 7.424760e-01 3.664000e-03 2.538600e-01
239 7.418960e-01 3.612000e-03 2.544920e-01
240 7.412680e-01 3.644000e-03 2.550880e-01
241 7.406400e-01 3.616000e-03 2.557440e-01
242 7.400040e-01 3.612000e-03 2.563840e-01
243 7.393040e-01 3.744000e-03 2.569520e-01
244 7.386240e-01 3.764000e-03 2.576120e-01
245 7.379520e-01 3.732000e-03 2.583160e-01
246 7.373160e-01 3.688000e-03 2.589960e-01
247 7.367440e-01 3.540000e-03 2.597160e-01
248 7.360640e-01 3.636000e-03 2.603000e-01
249 7.353520e-01 3.676000e-03 2.609720e-01
250 7.347200e-01 3.744000e-03 2.615360e-01
251 7.341560e-01 3.684000e-03 2.621600e-01
252 7.335600e-01 3.680000e-03 2.627600e-01
253 7.328800e-01 3.676000e-03 2.634440e-01
254 7.322760e-01 3.668000e-03 2.640560e-01
255 7.315760e-01 3.696000e-03 2.647280e-01
256 7.308680e-01 3.792000e-03 2.653400e-01
257 7.302120e-01 3.792000e-03 2.659960e-01
258 7.295640e-01 3.800000e-03 2.666360e-01
259 7.289480e-01 3.800000e-03 2.672520e-01
260 7.283280e-01 3.664000e-03 2.680080e-01
261 7.278040e-01 3.552000e-03 2.686440e-01
262 7.271600e-01 3.624000e-03 2.692160e-01
263 7.265520e-01 3.532000e-03 2.699160e-01
264 7.258920e-01 3.544000e-03 2.705640e-01
265 7.253080e-01 3.524000e-03 2.711680e-01
266 7.246800e-01 3.536000e-03 2.717840e-01
267 7.241600e-01 3.476000e-03 2.723640e-01
268 7.236120e-01 3.448000e-03 2.729400e-01
269 7.230360e-01 3.420000e-03 2.735440e-01
270 7.225480e-01 3.352000e-03 2.741000e-01
271 7.220520e-01 3.340000e-03 2.746080e-01
272 7.214640e-01 3.292000e-03 2.752440e-01
273 7.207800e-01 3.428000e-03 2.757920e-01
274 7.202000e-01 3.476000e-03 2.763240e-01
275 7.195440e-01 3.472000e-03 2.769840e-01
276 7.189040e-01 3.516000e-03 2.775800e-01
277 7.182960e-01 3.512000e-03 2.781920e-01
278 7.177800e-01 3.400000e-03 2.788200e-01
279 7.172840e-01 3.364000e-03 2.793520e-01
280 7.166680e-01 3.392000e-03 2.799400e-01
281 7.160720e-01 3.396000e-03 2.805320e-01
282 7.156000e-01 3.300000e-03 2.811000e-01
283 7.151040e-01 3.216000e-03 2.816800e-01
284 7.144520e-01 3.304000e-03 2.822440e-01
285 7.138840e-01 3.308000e-03 2.828080e-01
286 7.133520e-01 3.320000e-03 2.833280e-01
287 7.128760e-01 3.120000e-03 2.840040e-01
288 7.124960e-01 3.052000e-03 2.844520e-01
289 7.120440e-01 3.028000e-03 2.849280e-01
290 7.115960e-01 3.000000e-03 2.854040e-01
291 7.110960e-01 2.904000e-03 2.860000e-01
292 7.106720e-01 2.812000e-03 2.865160e-01
293 7.102600e-01 2.692000e-03 2.870480e-01
294 7.098560e-01 2.716000e-03 2.874280e-01
295 7.093800e-01 2.772000e-03 2.878480e-01
296 7.089000e-01 2.740000e-03 2.883600e-01
297 7.084480e-01 2.592000e-03 2.889600e-01
298 7.079080e-01 2.604000e-03 2.894880e-01
299 7.073600e-01 2.668000e-03 2.899720e-01
300 7.068280e-01 2.692000e-03 2.904800e-01
301 7.063600e-01 2.696000e-03 2.909440e-01
302 7.059080e-01 2.736000e-03 2.913560e-01
303 7.054600e-01 2.696000e-03 2.918440e-01
304 7.049960e-01 2.740000e-03 2.922640e-01
305 7.044960e-01 2.828000e-03 2.926760e-01
306 7.040840e-01 2.748000e-03 2.931680e-01
307 7.036960e-01 2.624000e-03 2.936800e-01
308 7.032880e-01 2.580000e-03 2.941320e-01
309 7.029760e-01 2.492000e-03 2.945320e-01
310 7.025960e-01 2.424000e-03 2.949800e-01
311 7.022080e-01 2.388000e-03 2.954040e-01
312 7.017080e-01 2.420000e-03 2.958720e-01
313 7.012440e-01 2.500000e-03 2.962560e-01
314 7.008600e-01 2.452000e-03 2.966880e-01
315 7.004800e-01 2.436000e-03 2.970840e-01
316 7.001320e-01 2.404000e-03 2.974640e-01
317 6.997680e-01 2.332000e-03 2.979000e-01
318 6.993440e-01 2.368000e-03 2.982880e-01
319 6.989480e-01 2.272000e-03 2.987800e-01
320 6.984920e-01 2.284000e-03 2.992240e-01
321 6.981040e-01 2.292000e-03 2.996040e-01
322 6.976400e-01 2.372000e-03 2.999880e-01
323 6.972160e-01 2.396000e-03 3.003880e-01
324 6.967960e-01 2.432000e-03 3.007720e-01
325 6.963800e-01 2.456000e-03 3.011640e-01
326 6.959920e-01 2.380000e-03 3.016280e-01
327 6.956400e-01 2.308000e-03 3.020520e-01
328 6.951920e-01 2.332000e-03 3.024760e-01
329 6.947720e-01 2.368000e-03 3.028600e-01
330 6.943600e-01 2.392000e-03 3.032480e-01
331 6.940160e-01 2.316000e-03 3.036680e-01
332 6.937200e-01 2.224000e-03 3.040560e-01
333 6.933800e-01 2.168000e-03 3.044520e-01
334 6.930400e-01 2.088000e-03 3.048720e-01
335 6.927640e-01 1.940000e-03 3.052960e-01
336 6.925000e-01 1.868000e-03 3.056320e-01
337 6.922640e-01 1.768000e-03 3.059680e-01
338 6.919320e-01 1.784000e-03 3.062840e-01
339 6.916200e-01 1.808000e-03 3.065720e-01
340 6.913000e-01 1.784000e-03 3.069160e-01
341 6.910400e-01 1.704000e-03 3.072560e-01
342 6.907960e-01 1.664000e-03 3.075400e-01
343 6.905960e-01 1.560000e-03 3.078440e-01
344 6.903440e-01 1.520000e-03 3.081360e-01
345 6.900280e-01 1.596000e-03 3.083760e-01
346 6.896800e-01 1.688000e-03 3.086320e-01
347 6.893720e-01 1.720000e-03 3.089080e-01
348 6.890600e-01 1.684000e-03 3.092560e-01
349 6.887480e-01 1.716000e-03 3.095360e-01
350 6.885320e-01 1.668000e-03 3.098000e-01
351 6.882800e-01 1.608000e-03 3.101120e-01
352 6.880720e-01 1.540000e-03 3.103880e-01
353 6.877480e-01 1.600000e-03 3.106520e-01
354 6.875040e-01 1.556000e-03 3.109400e-01
355 6.872640e-01 1.548000e-03 3.111880e-01
356 6.869720e-01 1.628000e-03 3.114000e-01
357 6.866920e-01 1.576000e-03 3.117320e-01
358 6.863720e-01 1.604000e-03 3.120240e-01
359 6.860240e-01 1.668000e-03 3.123080e-01
360 6.856920e-01 1.724000e-03 3.125840e-01
361 6.853160e-01 1.816000e-03 3.128680e-01
362 6.849520e-01 1.840000e-03 3.132080e-01
363 6.846520e-01 1.828000e-03 3.135200e-01
364 6.843200e-01 1.832000e-03 3.138480e-01
365 6.840800e-01 1.756000e-03 3.141640e-01
366 6.837880e-01 1.712000e-03 3.145000e-01
367 6.835520e-01 1.688000e-03 3.147600e-01
368 6.833160e-01 1.640000e-03 3.150440e-01
369 6.830640e-01 1.628000e-03 3.153080e-01
370 6.828800e-01 1.548000e-03 3.155720e-01
371 6.826120e-01 1.528000e-03 3.158600e-01
372 6.823480e-01 1.480000e-03 3.161720e-01
373 6.821120e-01 1.448000e-03 3.164400e-01
374 6.818920e-01 1.404000e-03 3.167040e-01
375 6.816200e-01 1.424000e-03 3.169560e-01
376 6.813640e-01 1.428000e-03 3.172080e-01
377 6.810760e-01 1.460000e-03 3.174640e-01
378 6.808360e-01 1.512000e-03 3.176520e-01
379 6.805840e-01 1.508000e-03 3.179080e-01
380 6.803520e-01 1.512000e-03 3.181360e-01
381 6.800560e-01 1.528000e-03 3.184160e-01
382 6.797280e-01 1.636000e-03 3.186360e-01
383 6.795040e-01 1.604000e-03 3.188920e-01
384 6.792360e-01 1.568000e-03 3.191960e-01
385 6.789400e-01 1.636000e-03 3.194240e-01
386 6.786400e-01 1.640000e-03 3.197200e-01
387 6.783160e-01 1.728000e-03 3.199560e-01
388 6.780000e-01 1.740000e-03 3.202600e-01
389 6.776360e-01 1.788000e-03 3.205760e-01
390 6.772440e-01 1.816000e-03 3.209400e-01
391 6.768800e-01 1.880000e-03 3.212400e-01
392 6.765480e-01 1.892000e-03 3.215600e-01
393 6.762360e-01 1.852000e-03 3.219120e-01
394 6.759200e-01 1.832000e-03 3.222480e-01
395 6.756040e-01 1.872000e-03 3.225240e-01
396 6.753720e-01 1.796000e-03 3.228320e-01
397 6.750880e-01 1.756000e-03 3.231560e-01
398 6.748360e-01 1.664000e-03 3.235000e-01
399 6.745360e-01 1.664000e-03 3.238000e-01
400 6.742360e-01 1.636000e-03 3.241280e-01
401 6.740040e-01 1.596000e-03 3.244000e-01
402 6.737360e-01 1.544000e-03 3.247200e-01
403 6.735120e-01 1.584000e-03 3.249040e-01
404 6.732520e-01 1.596000e-03 3.251520e-01
405 6.729760e-01 1.568000e-03 3.254560e-01
406 6.727280e-01 1.516000e-03 3.257560e-01
407 6.724800e-01 1.528000e-03 3.259920e-01
408 6.722000e-01 1.548000e-03 3.262520e-01
409 6.719760e-01 1.496000e-03 3.265280e-01
410 6.717160e-01 1.476000e-03 3.268080e-01
411 6.715240e-01 1.408000e-03 3.270680e-01
412 6.712520e-01 1.444000e-03 3.273040e-01
413 6.710520e-01 1.388000e-03 3.275600e-01
414 6.708560e-01 1.340000e-03 3.278040e-01
415 6.706920e-01 1.244000e-03 3.280640e-01
416 6.705400e-01 1.208000e-03 3.282520e-01
417 6.703640e-01 1.168000e-03 3.284680e-01
418 6.702080e-01 1.136000e-03 3.286560e-01
419 6.700320e-01 1.068000e-03 3.289000e-01
420 6.698880e-01 1.052000e-03 3.290600e-01
421 6.697320e-01 1.032000e-03 3.292360e-01
422 6.696000e-01 9.400000e-04 3.294600e-01
423 6.694680e-01 9.200000e-04 3.296120e-01
424 6.693160e-01 8.960000e-04 3.297880e-01
425 6.691680e-01 8.880000e-04 3.299440e-01
426 6.690280e-01 8.760000e-04 3.300960e-01
427 6.689000e-01 8.760000e-04 3.302240e-01
428 6.687680e-01 8.720000e-04 3.303600e-01
429 6.686560e-01 8.520000e-04 3.304920e-01
430 6.685080e-01 8.720000e-04 3.306200e-01
431 6.684080e-01 8.160000e-04 3.307760e-01
432 6.683040e-01 7.600000e-04 3.309360e-01
433 6.682080e-01 7.440000e-04 3.310480e-01
434 6.681240e-01 7.080000e-04 3.311680e-01
435 6.680520e-01 6.560000e-04 3.312920e-01
436 6.679680e-01 6.360000e-04 3.313960e-01
437 6.678760e-01 5.840000e-04 3.315400e-01
438 6.678200e-01 5.040000e-04 3.316760e-01
439 6.677360e-01 5.040000e-04 3.317600e-01
440 6.676440e-01 5.280000e-04 3.318280e-01
441 6.675280e-01 5.280000e-04 3.319440e-01
442 6.674520e-01 5.120000e-04 3.320360e-01
443 6.673680e-01 5.400000e-04 3.320920e-01
444 6.672680e-01 5.400000e-04 3.321920e-01
445 6.671240e-01 6.120000e-04 3.322640e-01
446 6.670000e-01 6.320000e-04 3.323680e-01
447 6.668720e-01 6.520000e-04 3.324760e-01
448 6.667880e-01 6.120000e-04 3.326000e-01
449 6.666520e-01 6.800000e-04 3.326680e-01
450 6.665080e-01 6.880000e-04 3.328040e-01
451 6.663720e-01 7.360000e-04 3.328920e-01
452 6.662160e-01 7.600000e-04 3.330240e-01
453 6.660720e-01 7.680000e-04 3.331600e-01
454 6.659400e-01 7.520000e-04 3.333080e-01
455 6.658360e-01 7.440000e-04 3.334200e-01
456 6.656880e-01 7.800000e-04 3.335320e-01
457 6.655840e-01 6.880000e-04 3.337280e-01
458 6.654760e-01 6.600000e-04 3.338640e-01
459 6.653400e-01 6.600000e-04 3.340000e-01
460 6.652200e-01 6.560000e-04 3.341240e-01
461 6.650920e-01 6.720000e-04 3.342360e-01
462 6.649640e-01 6.840000e-04 3.343520e-01
463 6.648640e-01 6.840000e-04 3.344520e-01
464 6.647200e-01 6.960000e-04 3.345840e-01
465 6.645840e-01 7.320000e-04 3.346840e-01
466 6.644960e-01 7.080000e-04 3.347960e-01
467 6.644040e-01 6.720000e-04 3.349240e-01
468 6.642920e-01 6.720000e-04 3.350360e-01
469 6.642080e-01 6.360000e-04 3.351560e-01
470 6.641360e-01 5.760000e-04 3.352880e-01
471 6.640520e-01 5.400000e-04 3.354080e-01
472 6.639760e-01 5.320000e-04 3.354920e-01
473 6.639080e-01 5.200000e-04 3.355720e-01
474 6.638440e-01 4.640000e-04 3.356920e-01
475 6.638040e-01 4.120000e-04 3.357840e-01
476 6.637760e-01 3.760000e-04 3.358480e-01
477 6.637000e-01 3.840000e-04 3.359160e-01
478 6.636240e-01 3.920000e-04 3.359840e-01
479 6.635200e-01 4.200000e-04 3.360600e-01
480 6.634600e-01 3.920000e-04 3.361480e-01
481 6.633960e-01 3.800000e-04 3.362240e-01
482 6.633640e-01 3.360000e-04 3.363000e-01
483 6.633320e-01 3.160000e-04 3.363520e-01
484 6.633080e-01 2.960000e-04 3.363960e-01
485 6.632720e-01 2.880000e-04 3.364400e-01
486 6.632480e-01 2.680000e-04 3.364840e-01
487 6.632240e-01 2.560000e-04 3.365200e-01
488 6.631880e-01 2.480000e-04 3.365640e-01
489 6.631440e-01 2.520000e-04 3.366040e-01
490 6.630840e-01 2.520000e-04 3.366640e-01
491 6.630000e-01 3.000000e-04 3.367000e-01
492 6.629040e-01 3.600000e-04 3.367360e-01
493 6.628480e-01 3.680000e-04 3.367840e-01
494 6.627880e-01 3.640000e-04 3.368480e-01
495 6.627280e-01 3.560000e-04 3.369160e-01
496 6.626640e-01 3.480000e-04 3.369880e-01
497 6.626040e-01 3.480000e-04 3.370480e-01
498 6.625720e-01 3.160000e-04 3.371120e-01
499 6.625200e-01 3.360000e-04 3.371440e-01
500 6.624920e-01 3.040000e-04 3.372040e-01
