1 9.992400e-01 6.560000e-04 1.040000e-04
2 9.986560e-01 1.060000e-03 2.840000e-04
3 9.980840e-01 1.384000e-03 5.320000e-04
4 9.974960e-01 1.732000e-03 7.720000e-04
5 9.967200e-01 2.116000e-03 1.164000e-03
6 9.958240e-01 2.648000e-03 1.528000e-03
7 9.948800e-01 3.132000e-03 1.988000e-03
8 9.937840e-01 3.664000e-03 2.552000e-03
9 9.928440e-01 3.872000e-03 3.284000e-03
10 9.917560e-01 4.344000e-03 3.900000e-03
11 9.905680e-01 4.680000e-03 4.752000e-03
12 9.895320e-01 4.896000e-03 5.572000e-03
13 9.884520e-01 5.140000e-03 6.408000e-03
14 9.872920e-01 5.332000e-03 7.376000e-03
15 9.860600e-01 5.568000e-03 8.372000e-03
16 9.849120e-01 5.812000e-03 9.276000e-03
17 9.836280e-01 5.984000e-03 1.038800e-02
18 9.822200e-01 6.248000e-03 1.153200e-02
19 9.811040e-01 6.356000e-03 1.254000e-02
20 9.799520e-01 6.428000e-03 1.362000e-02
21 9.787160e-01 6.592000e-03 1.469200e-02
22 9.774040e-01 6.612000e-03 1.598400e-02
23 9.760600e-01 6.848000e-03 1.709200e-02
24 9.745960e-01 7.064000e-03 1.834000e-02
25 9.732000e-01 7.216000e-03 1.958400e-02
26 9.717440e-01 7.344000e-03 2.091200e-02
27 9.702520e-01 7.524000e-03 2.222400e-02
28 9.688720e-01 7.636000e-03 2.349200e-02
29 9.674120e-01 7.748000e-03 2.484000e-02
30 9.659160e-01 7.844000e-03 2.624000e-02
31 9.642000e-01 8.108000e-03 2.769200e-02
32 9.626800e-01 8.156000e-03 2.916400e-02
33 9.610440e-01 8.372000e-03 3.058400e-02
34 9.595440e-01 8.464000e-03 3.199200e-02
35 9.579400e-01 8.448000e-03 3.361200e-02
36 9.564000e-01 8.560000e-03 3.504000e-02
37 9.548640e-01 8.484000e-03 3.665200e-02
38 9.532720e-01 8.720000e-03 3.800800e-02
39 9.516800e-01 8.700000e-03 3.962000e-02
40 9.502280e-01 8.640000e-03 4.113200e-02
41 9.486720e-01 8.608000e-03 4.272000e-02
42 9.471440e-01 8.636000e-03 4.422000e-02
43 9.457800e-01 8.604000e-03 4.561600e-02
44 9.442800e-01 8.524000e-03 4.719600e-02
45 9.429840e-01 8.232000e-03 4.878400e-02
46 9.415280e-01 8.180000e-03 5.029200e-02
47 9.401040e-01 8.144000e-03 5.175200e-02
48 9.386200e-01 8.152000e-03 5.322800e-02
49 9.372120e-01 8.200000e-03 5.458800e-02
50 9.356080e-01 8.408000e-03 5.598400e-02
51 9.340840e-01 8.464000e-03 5.745200e-02
52 9.326760e-01 8.468000e-03 5.885600e-02
53 9.311400e-01 8.728000e-03 6.013200e-02
54 9.296640e-01 8.588000e-03 6.174800e-02
55 9.282560e-01 8.548000e-03 6.319600e-02
56 9.267320e-01 8.672000e-03 6.459600e-02
57 9.253440e-01 8.524000e-03 6.613200e-02
58 9.240040e-01 8.344000e-03 6.765200e-02
59 9.226480e-01 8.304000e-03 6.904800e-02
60 9.212840e-01 8.200000e-03 7.051600e-02
61 9.199200e-01 8.128000e-03 7.195200e-02
62 9.185000e-01 8.020000e-03 7.348000e-02
63 9.171240e-01 7.872000e-03 7.500400e-02
64 9.159720e-01 7.624000e-03 7.640400e-02
65 9.145560e-01 7.724000e-03 7.772000e-02
66 9.131840e-01 7.864000e-03 7.895200e-02
67 9.117120e-01 7.984000e-03 8.030400e-02
68 9.102520e-01 7.948000e-03 8.180000e-02
69 9.089560e-01 7.904000e-03 8.314000e-02
70 9.076240e-01 7.892000e-03 8.448400e-02
71 9.061760e-01 7.996000e-03 8.582800e-02
72 9.047000e-01 8.004000e-03 8.729600e-02
73 9.032880e-01 7.844000e-03 8.886800e-02
74 9.019720e-01 7.804000e-03 9.022400e-02
75 9.007080e-01 7.708000e-03 9.158400e-02
76 8.993240e-01 7.664000e-03 9.301200e-02
77 8.979280e-01 7.832000e-03 9.424000e-02
78 8.964640e-01 8.036000e-03 9.550000e-02
79 8.950480e-01 7.996000e-03 9.695600e-02
80 8.937400e-01 7.852000e-03 9.840800e-02
81 8.924440e-01 7.704000e-03 9.985200e-02
82 8.912280e-01 7.676000e-03 1.010960e-01
83 8.900200e-01 7.572000e-03 1.024080e-01
84 8.887480e-01 7.476000e-03 1.037760e-01
85 8.875600e-01 7.396000e-03 1.050440e-01
86 8.864720e-01 7.164000e-03 1.063640e-01
87 8.851600e-01 7.104000e-03 1.077360e-01
88 8.840440e-01 6.900000e-03 1.090560e-01
89 8.828400e-01 6.756000e-03 1.104040e-01
90 8.816880e-01 6.720000e-03 1.115920e-01
91 8.804800e-01 6.868000e-03 1.126520e-01
92 8.794240e-01 6.736000e-03 1.138400e-01
93 8.784160e-01 6.616000e-03 1.149680e-01
94 8.773120e-01 6.564000e-03 1.161240e-01
95 8.762640e-01 6.464000e-03 1.172720e-01
96 8.751480e-01 6.536000e-03 1.183160e-01
97 8.741160e-01 6.468000e-03 1.194160e-01
98 8.729000e-01 6.528000e-03 1.205720e-01
99 8.718240e-01 6.332000e-03 1.218440e-01
100 8.708360e-01 6.180000e-03 1.229840e-01
101 8.697840e-01 6.116000e-03 1.241000e-01
102 8.687120e-01 6.164000e-03 1.251240e-01
103 8.676040e-01 6.172000e-03 1.262240e-01
104 8.665800e-01 6.136000e-03 1.272840e-01
105 8.656600e-01 6.096000e-03 1.282440e-01
106 8.646520e-01 5.980000e-03 1.293680e-01
107 8.637360e-01 5.884000e-03 1.303800e-01
108 8.627960e-01 5.856000e-03 1.313480e-01
109 8.619120e-01 5.816000e-03 1.322720e-01
110 8.610440e-01 5.676000e-03 1.332800e-01
111 8.601720e-01 5.508000e-03 1.343200e-01
112 8.592200e-01 5.512000e-03 1.352680e-01
113 8.582320e-01 5.460000e-03 1.363080e-01
114 8.574120e-01 5.404000e-03 1.371840e-01
115 8.564440e-01 5.468000e-03 1.380880e-01
116 8.554160e-01 5.536000e-03 1.390480e-01
117 8.544280e-01 5.492000e-03 1.400800e-01
118 8.533440e-01 5.612000e-03 1.410440e-01
119 8.524600e-01 5.584000e-03 1.419560e-01
120 8.516120e-01 5.452000e-03 1.429360e-01
121 8.507400e-01 5.280000e-03 1.439800e-01
122 8.498000e-01 5.312000e-03 1.448880e-01
123 8.489000e-01 5.304000e-03 1.457960e-01
124 8.480200e-01 5.344000e-03 1.466360e-01
125 8.470600e-01 5.404000e-03 1.475360e-01
126 8.462000e-01 5.320000e-03 1.484800e-01
127 8.454200e-01 5.268000e-03 1.493120e-01
128 8.445600e-01 5.224000e-03 1.502160e-01
129 8.436520e-01 5.300000e-03 1.510480e-01
130 8.427880e-01 5.196000e-03 1.520160e-01
131 8.418520e-01 5.208000e-03 1.529400e-01
132 8.410840e-01 5.088000e-03 1.538280e-01
133 8.401560e-01 5.076000e-03 1.547680e-01
134 8.393640e-01 5.032000e-03 1.556040e-01
135 8.385040e-01 5.028000e-03 1.564680e-01
136 8.376920e-01 5.008000e-03 1.573000e-01
137 8.368200e-01 5.008000e-03 1.581720e-01
138 8.360280e-01 4.868000e-03 1.591040e-01
139 8.350720e-01 4.952000e-03 1.599760e-01
140 8.341960e-01 4.920000e-03 1.608840e-01
141 8.332640e-01 5.016000e-03 1.617200e-01
142 8.323840e-01 5.048000e-03 1.625680e-01
143 8.315240e-01 5.056000e-03 1.634200e-01
144 8.305840e-01 5.052000e-03 1.643640e-01
145 8.295160e-01 5.260000e-03 1.652240e-01
146 8.285520e-01 5.388000e-03 1.660600e-01
147 8.275760e-01 5.564000e-03 1.668600e-01
148 8.266000e-01 5.652000e-03 1.677480e-01
149 8.256880e-01 5.588000e-03 1.687240e-01
150 8.247800e-01 5.544000e-03 1.696760e-01
151 8.237760e-01 5.588000e-03 1.706360e-01
152 8.229240e-01 5.376000e-03 1.717000e-01
153 8.220520e-01 5.192000e-03 1.727560e-01
154 8.212320e-01 5.132000e-03 1.736360e-01
155 8.201320e-01 5.324000e-03 1.745440e-01
156 8.192360e-01 5.244000e-03 1.755200e-01
157 8.182240e-01 5.332000e-03 1.764440e-01
158 8.172880e-01 5.348000e-03 1.773640e-01
159 8.164040e-01 5.360000e-03 1.782360e-01
160 8.156680e-01 5.188000e-03 1.791440e-01
161 8.147720e-01 5.220000e-03 1.800080e-01
162 8.138920e-01 5.156000e-03 1.809520e-01
163 8.130880e-01 5.004000e-03 1.819080e-01
164 8.123080e-01 4.920000e-03 1.827720e-01
165 8.114760e-01 4.852000e-03 1.836720e-01
166 8.106160e-01 4.900000e-03 1.844840e-01
167 8.096600e-01 4.960000e-03 1.853800e-01
168 8.086960e-01 5.080000e-03 1.862240e-01
169 8.078400e-01 5.080000e-03 1.870800e-01
170 8.069680e-01 5.084000e-03 1.879480e-01
171 8.060920e-01 5.164000e-03 1.887440e-01
172 8.052040e-01 5.172000e-03 1.896240e-01
173 8.043320e-01 5.144000e-03 1.905240e-01
174 8.033800e-01 5.124000e-03 1.914960e-01
175 8.023360e-01 5.360000e-03 1.923040e-01
176 8.014640e-01 5.244000e-03 1.932920e-01
177 8.005160e-01 5.388000e-03 1.940960e-01
178 7.996920e-01 5.220000e-03 1.950880e-01
179 7.988920e-01 5.124000e-03 1.959840e-01
180 7.980720e-01 5.120000e-03 1.968080e-01
181 7.973000e-01 5.060000e-03 1.976400e-01
182 7.965400e-01 4.980000e-03 1.984800e-01
183 7.957240e-01 4.844000e-03 1.994320e-01
184 7.948360e-01 4.852000e-03 2.003120e-01
185 7.939920e-01 4.932000e-03 2.010760e-01
186 7.930080e-01 5.028000e-03 2.019640e-01
187 7.920640e-01 5.032000e-03 2.029040e-01
188 7.911400e-01 5.080000e-03 2.037800e-01
189 7.902120e-01 5.120000e-03 2.046680e-01
190 7.892000e-01 5.196000e-03 2.056040e-01
191 7.884120e-01 5.136000e-03 2.064520e-01
192 7.874640e-01 5.344000e-03 2.071920e-01
193 7.865920e-01 5.332000e-03 2.080760e-01
194 7.856440e-01 5.252000e-03 2.091040e-01
195 7.848440e-01 5.140000e-03 2.100160e-01
196 7.840040e-01 5.108000e-03 2.108880e-01
197 7.831280e-01 5.020000e-03 2.118520e-01
198 7.823200e-01 4.944000e-03 2.127360e-01
199 7.816960e-01 4.680000e-03 2.136240e-01
200 7.808960e-01 4.656000e-03 2.144480e-01
201 7.802280e-01 4.516000e-03 2.152560e-01
202 7.794760e-01 4.552000e-03 2.159720e-01
203 7.786920e-01 4.572000e-03 2.167360e-01
204 7.779680e-01 4.500000e-03 2.175320e-01
205 7.772120e-01 4.472000e-03 2.183160e-01
206 7.765080e-01 4.444000e-03 2.190480e-01
207 7.758320e-01 4.272000e-03 2.198960e-01
208 7.751480e-01 4.172000e-03 2.206800e-01
209 7.744320e-01 4.128000e-03 2.214400e-01
210 7.737120e-01 4.104000e-03 2.221840e-01
211 7.729680e-01 4.180000e-03 2.228520e-01
212 7.722800e-01 4.188000e-03 2.235320e-01
213 7.714280e-01 4.312000e-03 2.242600e-01
214 7.707560e-01 4.192000e-03 2.250520e-01
215 7.700480e-01 4.260000e-03 2.256920e-01
216 7.692840e-01 4.252000e-03 2.264640e-01
217 7.686560e-01 4.196000e-03 2.271480e-01
218 7.679960e-01 4.128000e-03 2.278760e-01
219 7.672880e-01 4.164000e-03 2.285480e-01
220 7.666120e-01 4.160000e-03 2.292280e-01
221 7.659880e-01 4.032000e-03 2.299800e-01
222 7.652560e-01 4.068000e-03 2.306760e-01
223 7.645960e-01 4.020000e-03 2.313840e-01
224 7.639160e-01 4.068000e-03 2.320160e-01
225 7.633520e-01 3.848000e-03 2.328000e-01
226 7.628520e-01 3.720000e-03 2.334280e-01
227 7.621680e-01 3.792000e-03 2.340400e-01
228 7.615480e-01 3.780000e-03 2.346720e-01
229 7.609080e-01 3.788000e-03 2.353040e-01
230 7.602960e-01 3.760000e-03 2.359440e-01
231 7.596800e-01 3.768000e-03 2.365520e-01
232 7.590240e-01 3.800000e-03 2.371760e-01
233 7.583480e-01 3.776000e-03 2.378760e-01
234 7.576680e-01 3.744000e-03 2.385880e-01
235 7.570120e-01 3.836000e-03 2.391520e-01
236 7.563840e-01 3.828000e-03 2.397880e-01
237 7.557440e-01 3.724000e-03 2.405320e-01
238 7.550800e-01 3.736000e-03 2.411840e-01
239 7.545440e-01 3.608000e-03 2.418480e-01
240 7.540000e-01 3.444000e-03 2.425560e-01
241 7.533800e-01 3.400000e-03 2.432200e-01
242 7.527280e-01 3.464000e-03 2.438080e-01
243 7.521200e-01 3.440000e-03 2.444400e-01
244 7.513800e-01 3.524000e-03 2.450960e-01
245 7.506840e-01 3.660000e-03 2.456560e-01
246 7.500000e-01 3.708000e-03 2.462920e-01
247 7.493480e-01 3.660000e-03 2.469920e-01
248 7.486760e-01 3.756000e-03 2.475680e-01
249 7.480200e-01 3.732000e-03 2.482480e-01
250 7.473960e-01 3.768000e-03 2.488360e-01
251 7.467680e-01 3.752000e-03 2.494800e-01
252 7.461440e-01 3.720000e-03 2.501360e-01
253 7.454920e-01 3.764000e-03 2.507440e-01
254 7.449640e-01 3.612000e-03 2.514240e-01
255 7.443040e-01 3.624000e-03 2.520720e-01
256 7.437160e-01 3.560000e-03 2.527240e-01
257 7.431760e-01 3.484000e-03 2.533400e-01
258 7.426200e-01 3.432000e-03 2.539480e-01
259 7.421640e-01 3.356000e-03 2.544800e-01
260 7.416720e-01 3.304000e-03 2.550240e-01
261 7.412320e-01 3.212000e-03 2.555560e-01
262 7.407560e-01 3.084000e-03 2.561600e-01
263 7.402600e-01 3.032000e-03 2.567080e-01
264 7.397040e-01 3.052000e-03 2.572440e-01
265 7.392560e-01 2.952000e-03 2.577920e-01
266 7.386960e-01 2.984000e-03 2.583200e-01
267 7.382040e-01 2.960000e-03 2.588360e-01
268 7.378240e-01 2.824000e-03 2.593520e-01
269 7.374240e-01 2.752000e-03 2.598240e-01
270 7.370000e-01 2.700000e-03 2.603000e-01
271 7.365880e-01 2.560000e-03 2.608520e-01
272 7.361320e-01 2.592000e-03 2.612760e-01
273 7.356880e-01 2.560000e-03 2.617520e-01
274 7.352160e-01 2.504000e-03 2.622800e-01
275 7.348320e-01 2.508000e-03 2.626600e-01
276 7.344000e-01 2.508000e-03 2.630920e-01
277 7.339480e-01 2.536000e-03 2.635160e-01
278 7.334560e-01 2.600000e-03 2.639440e-01
279 7.330840e-01 2.488000e-03 2.644280e-01
280 7.326440e-01 2.516000e-03 2.648400e-01
281 7.322240e-01 2.532000e-03 2.652440e-01
282 7.318640e-01 2.432000e-03 2.657040e-01
283 7.315040e-01 2.344000e-03 2.661520e-01
284 7.311480e-01 2.300000e-03 2.665520e-01
285 7.308120e-01 2.224000e-03 2.669640e-01
286 7.305200e-01 2.072000e-03 2.674080e-01
287 7.302320e-01 1.972000e-03 2.677960e-01
288 7.299280e-01 1.888000e-03 2.681840e-01
289 7.296320e-01 1.824000e-03 2.685440e-01
290 7.293360e-01 1.776000e-03 2.688880e-01
291 7.290480e-01 1.704000e-03 2.692480e-01
292 7.287720e-01 1.716000e-03 2.695120e-01
293 7.284640e-01 1.780000e-03 2.697560e-01
294 7.281240e-01 1.852000e-03 2.700240e-01
295 7.277480e-01 1.892000e-03 2.703600e-01
296 7.273280e-01 2.000000e-03 2.706720e-01
297 7.269480e-01 2.072000e-03 2.709800e-01
298 7.265600e-01 2.080000e-03 2.713600e-01
299 7.261880e-01 2.100000e-03 2.717120e-01
300 7.258480e-01 2.104000e-03 2.720480e-01
301 7.255440e-01 2.000000e-03 2.724560e-01
302 7.252360e-01 1.944000e-03 2.728200e-01
303 7.249720e-01 1.916000e-03 2.731120e-01
304 7.246800e-01 1.896000e-03 2.734240e-01
305 7.243480e-01 1.912000e-03 2.737400e-01
306 7.240720e-01 1.848000e-03 2.740800e-01
307 7.237680e-01 1.800000e-03 2.744320e-01
308 7.234240e-01 1.840000e-03 2.747360e-01
309 7.230840e-01 1.888000e-03 2.750280e-01
310 7.228160e-01 1.760000e-03 2.754240e-01
311 7.225400e-01 1.788000e-03 2.756720e-01
312 7.222600e-01 1.724000e-03 2.760160e-01
313 7.219400e-01 1.788000e-03 2.762720e-01
314 7.216600e-01 1.776000e-03 2.765640e-01
315 7.213720e-01 1.776000e-03 2.768520e-01
316 7.211240e-01 1.712000e-03 2.771640e-01
317 7.208440e-01 1.724000e-03 2.774320e-01
318 7.205480e-01 1.696000e-03 2.777560e-01
319 7.203480e-01 1.548000e-03 2.781040e-01
320 7.201200e-01 1.512000e-03 2.783680e-01
321 7.199040e-01 1.452000e-03 2.786440e-01
322 7.197280e-01 1.360000e-03 2.789120e-01
323 7.195640e-01 1.276000e-03 2.791600e-01
324 7.193640e-01 1.220000e-03 2.794160e-01
325 7.191560e-01 1.224000e-03 2.796200e-01
326 7.189320e-01 1.256000e-03 2.798120e-01
327 7.187040e-01 1.252000e-03 2.800440e-01
328 7.185240e-01 1.248000e-03 2.802280e-01
329 7.182920e-01 1.256000e-03 2.804520e-01
330 7.180680e-01 1.260000e-03 2.806720e-01
331 7.178920e-01 1.196000e-03 2.809120e-01
332 7.177120e-01 1.188000e-03 2.811000e-01
333 7.174800e-01 1.168000e-03 2.813520e-01
334 7.172840e-01 1.140000e-03 2.815760e-01
335 7.170920e-01 1.116000e-03 2.817920e-01
336 7.168960e-01 1.092000e-03 2.820120e-01
337 7.166400e-01 1.140000e-03 2.822200e-01
338 7.164120e-01 1.168000e-03 2.824200e-01
339 7.162240e-01 1.140000e-03 2.826360e-01
340 7.160360e-01 1.108000e-03 2.828560e-01
341 7.158080e-01 1.172000e-03 2.830200e-01
342 7.155920e-01 1.212000e-03 2.831960e-01
343 7.153920e-01 1.172000e-03 2.834360e-01
344 7.150800e-01 1.232000e-03 2.836880e-01
345 7.148560e-01 1.232000e-03 2.839120e-01
346 7.146640e-01 1.188000e-03 2.841480e-01
347 7.144440e-01 1.220000e-03 2.843360e-01
348 7.142560e-01 1.156000e-03 2.845880e-01
349 7.140320e-01 1.216000e-03 2.847520e-01
350 7.138320e-01 1.160000e-03 2.850080e-01
351 7.136440e-01 1.124000e-03 2.852320e-01
352 7.134520e-01 1.084000e-03 2.854640e-01
353 7.132960e-01 1.068000e-03 2.856360e-01
354 7.131680e-01 1.008000e-03 2.858240e-01
355 7.130120e-01 9.560000e-04 2.860320e-01
356 7.127960e-01 1.000000e-03 2.862040e-01
357 7.126440e-01 9.440000e-04 2.864120e-01
358 7.125360e-01 9.040000e-04 2.865600e-01
359 7.124040e-01 8.920000e-04 2.867040e-01
360 7.122480e-01 8.720000e-04 2.868800e-01
361 7.121080e-01 8.560000e-04 2.870360e-01
362 7.119760e-01 8.560000e-04 2.871680e-01
363 7.118720e-01 7.960000e-04 2.873320e-01
364 7.116640e-01 8.880000e-04 2.874480e-01
365 7.114680e-01 9.440000e-04 2.875880e-01
366 7.112400e-01 1.004000e-03 2.877560e-01
367 7.110560e-01 1.016000e-03 2.879280e-01
368 7.108600e-01 1.052000e-03 2.880880e-01
369 7.106640e-01 1.060000e-03 2.882760e-01
370 7.105400e-01 1.004000e-03 2.884560e-01
371 7.103120e-01 1.008000e-03 2.886800e-01
372 7.101480e-01 9.840000e-04 2.888680e-01
373 7.099600e-01 1.004000e-03 2.890360e-01
374 7.097040e-01 1.116000e-03 2.891800e-01
375 7.095520e-01 1.100000e-03 2.893480e-01
376 7.093640e-01 1.132000e-03 2.895040e-01
377 7.092080e-01 1.032000e-03 2.897600e-01
378 7.090280e-01 1.012000e-03 2.899600e-01
379 7.088480e-01 1.028000e-03 2.901240e-01
380 7.086400e-01 1.076000e-03 2.902840e-01
381 7.084680e-01 1.052000e-03 2.904800e-01
382 7.082880e-01 1.016000e-03 2.906960e-01
383 7.081280e-01 9.840000e-04 2.908880e-01
384 7.078360e-01 1.076000e-03 2.910880e-01
385 7.076680e-01 1.040000e-03 2.912920e-01
386 7.074800e-01 1.072000e-03 2.914480e-01
387 7.072720e-01 1.100000e-03 2.916280e-01
388 7.070880e-01 1.096000e-03 2.918160e-01
389 7.068680e-01 1.132000e-03 2.920000e-01
390 7.065920e-01 1.224000e-03 2.921840e-01
391 7.063520e-01 1.244000e-03 2.924040e-01
392 7.061680e-01 1.168000e-03 2.926640e-01
393 7.059240e-01 1.184000e-03 2.928920e-01
394 7.057320e-01 1.176000e-03 2.930920e-01
395 7.055960e-01 1.080000e-03 2.933240e-01
396 7.053360e-01 1.088000e-03 2.935760e-01
397 7.052000e-01 1.036000e-03 2.937640e-01
398 7.050200e-01 1.040000e-03 2.939400e-01
399 7.048960e-01 1.020000e-03 2.940840e-01
400 7.048080e-01 9.280000e-04 2.942640e-01
401 7.046480e-01 8.920000e-04 2.944600e-01
402 7.044880e-01 9.120000e-04 2.946000e-01
403 7.043480e-01 8.880000e-04 2.947640e-01
404 7.042160e-01 8.440000e-04 2.949400e-01
405 7.040440e-01 9.040000e-04 2.950520e-01
406 7.038560e-01 8.880000e-04 2.952560e-01
407 7.036800e-01 9.240000e-04 2.953960e-01
408 7.034200e-01 1.036000e-03 2.955440e-01
409 7.032440e-01 1.008000e-03 2.957480e-01
410 7.030160e-01 1.028000e-03 2.959560e-01
411 7.028200e-01 1.040000e-03 2.961400e-01
412 7.026200e-01 1.048000e-03 2.963320e-01
413 7.024000e-01 1.092000e-03 2.965080e-01
414 7.022440e-01 1.076000e-03 2.966800e-01
415 7.019960e-01 1.152000e-03 2.968520e-01
416 7.017280e-01 1.208000e-03 2.970640e-01
417 7.014880e-01 1.164000e-03 2.973480e-01
418 7.013000e-01 1.144000e-03 2.975560e-01
419 7.011240e-01 1.152000e-03 2.977240e-01
420 7.008760e-01 1.180000e-03 2.979440e-01
421 7.006640e-01 1.216000e-03 2.981200e-01
422 7.004080e-01 1.232000e-03 2.983600e-01
423 7.001640e-01 1.268000e-03 2.985680e-01
424 6.999160e-01 1.256000e-03 2.988280e-01
425 6.997800e-01 1.184000e-03 2.990360e-01
426 6.995240e-01 1.192000e-03 2.992840e-01
427 6.993320e-01 1.132000e-03 2.995360e-01
428 6.991240e-01 1.128000e-03 2.997480e-01
429 6.989440e-01 1.100000e-03 2.999560e-01
430 6.987320e-01 1.128000e-03 3.001400e-01
431 6.985760e-01 1.072000e-03 3.003520e-01
432 6.984280e-01 1.024000e-03 3.005480e-01
433 6.982960e-01 9.440000e-04 3.007600e-01
434 6.981160e-01 9.240000e-04 3.009600e-01
435 6.979440e-01 9.320000e-04 3.011240e-01
436 6.977960e-01 9.160000e-04 3.012880e-01
437 6.976760e-01 8.600000e-04 3.014640e-01
438 6.974880e-01 9.320000e-04 3.015800e-01
439 6.973160e-01 9.360000e-04 3.017480e-01
440 6.971000e-01 9.960000e-04 3.019040e-01
441 6.969160e-01 1.016000e-03 3.020680e-01
442 6.966720e-01 1.064000e-03 3.022640e-01
443 6.963480e-01 1.212000e-03 3.024400e-01
444 6.961240e-01 1.236000e-03 3.026400e-01
445 6.958600e-01 1.272000e-03 3.028680e-01
446 6.955640e-01 1.304000e-03 3.031320e-01
447 6.953120e-01 1.356000e-03 3.033320e-01
448 6.950560e-01 1.332000e-03 3.036120e-01
449 6.948160e-01 1.320000e-03 3.038640e-01
450 6.946040e-01 1.304000e-03 3.040920e-01
451 6.943640e-01 1.348000e-03 3.042880e-01
452 6.941440e-01 1.352000e-03 3.045040e-01
453 6.939640e-01 1.248000e-03 3.047880e-01
454 6.937360e-01 1.256000e-03 3.050080e-01
455 6.935400e-01 1.236000e-03 3.052240e-01
456 6.933000e-01 1.296000e-03 3.054040e-01
457 6.930200e-01 1.360000e-03 3.056200e-01
458 6.927520e-01 1.380000e-03 3.058680e-01
459 6.925680e-01 1.364000e-03 3.060680e-01
460 6.923560e-01 1.348000e-03 3.062960e-01
461 6.920880e-01 1.352000e-03 3.065600e-01
462 6.918800e-01 1.328000e-03 3.067920e-01
463 6.916360e-01 1.328000e-03 3.070360e-01
464 6.914120e-01 1.360000e-03 3.072280e-01
465 6.912000e-01 1.336000e-03 3.074640e-01
466 6.910360e-01 1.248000e-03 3.077160e-01
467 6.908560e-01 1.236000e-03 3.079080e-01
468 6.906680e-01 1.164000e-03 3.081680e-01
469 6.904320e-01 1.192000e-03 3.083760e-01
470 6.902320e-01 1.236000e-03 3.085320e-01
471 6.900960e-01 1.144000e-03 3.087600e-01
472 6.899440e-01 1.100000e-03 3.089560e-01
473 6.898400e-01 1.004000e-03 3.091560e-01
474 6.896840e-01 9.960000e-04 3.093200e-01
475 6.895160e-01 1.012000e-03 3.094720e-01
476 6.893960e-01 9.520000e-04 3.096520e-01
477 6.892040e-01 9.640000e-04 3.098320e-01
478 6.890560e-01 9.480000e-04 3.099960e-01
479 6.888560e-01 9.920000e-04 3.101520e-01
480 6.886760e-01 9.920000e-04 3.103320e-01
481 6.885200e-01 9.520000e-04 3.105280e-01
482 6.883520e-01 9.960000e-04 3.106520e-01
483 6.881760e-01 1.008000e-03 3.108160e-01
484 6.879920e-01 1.040000e-03 3.109680e-01
485 6.878280e-01 1.028000e-03 3.111440e-01
486 6.876000e-01 1.076000e-03 3.113240e-01
487 6.874040e-01 1.104000e-03 3.114920e-01
488 6.872480e-01 1.020000e-03 3.117320e-01
489 6.870800e-01 9.960000e-04 3.119240e-01
490 6.868960e-01 9.760000e-04 3.121280e-01
491 6.866640e-01 1.028000e-03 3.123080e-01
492 6.864640e-01 1.048000e-03 3.124880e-01
493 6.862600e-01 1.052000e-03 3.126880e-01
494 6.860760e-01 1.044000e-03 3.128800e-01
495 6.859040e-01 1.064000e-03 3.130320e-01
496 6.857440e-01 1.004000e-03 3.132520e-01
497 6.855720e-01 9.880000e-04 3.134400e-01
498 6.854040e-01 1.012000e-03 3.135840e-01
499 6.852240e-01 1.004000e-03 3.137720e-01
500 6.850360e-01 1.032000e-03 3.139320e-01
