1 9.992120e-01 6.880000e-04 1.000000e-04
2 9.986520e-01 1.104000e-03 2.440000e-04
3 9.980600e-01 1.460000e-03 4.800000e-04
4 9.973680e-01 1.868000e-03 7.640000e-04
5 9.965360e-01 2.376000e-03 1.088000e-03
6 9.956440e-01 2.860000e-03 1.496000e-03
7 9.946920e-01 3.332000e-03 1.976000e-03
8 9.936920e-01 3.720000e-03 2.588000e-03
9 9.926560e-01 4.092000e-03 3.252000e-03
10 9.916400e-01 4.264000e-03 4.096000e-03
11 9.904360e-01 4.740000e-03 4.824000e-03
12 9.893080e-01 5.044000e-03 5.648000e-03
13 9.880920e-01 5.368000e-03 6.540000e-03
14 9.867520e-01 5.728000e-03 7.520000e-03
15 9.855360e-01 5.924000e-03 8.540000e-03
16 9.840480e-01 6.300000e-03 9.652000e-03
17 9.824920e-01 6.856000e-03 1.065200e-02
18 9.810200e-01 7.064000e-03 1.191600e-02
19 9.797080e-01 7.144000e-03 1.314800e-02
20 9.780920e-01 7.460000e-03 1.444800e-02
21 9.764880e-01 7.780000e-03 1.573200e-02
22 9.748600e-01 7.976000e-03 1.716400e-02
23 9.732840e-01 8.160000e-03 1.855600e-02
24 9.716840e-01 8.284000e-03 2.003200e-02
25 9.701240e-01 8.328000e-03 2.154800e-02
26 9.685920e-01 8.384000e-03 2.302400e-02
27 9.669040e-01 8.576000e-03 2.452000e-02
28 9.652240e-01 8.672000e-03 2.610400e-02
29 9.634520e-01 9.048000e-03 2.750000e-02
30 9.617200e-01 9.248000e-03 2.903200e-02
31 9.598720e-01 9.416000e-03 3.071200e-02
32 9.580480e-01 9.568000e-03 3.238400e-02
33 9.561000e-01 1.000400e-02 3.389600e-02
34 9.541880e-01 1.018000e-02 3.563200e-02
35 9.523960e-01 1.008800e-02 3.751600e-02
36 9.504480e-01 1.034400e-02 3.920800e-02
37 9.485400e-01 1.049600e-02 4.096400e-02
38 9.466520e-01 1.056000e-02 4.278800e-02
39 9.445760e-01 1.068800e-02 4.473600e-02
40 9.426680e-01 1.074800e-02 4.658400e-02
41 9.406440e-01 1.097600e-02 4.838000e-02
42 9.388280e-01 1.085600e-02 5.031600e-02
43 9.367000e-01 1.116000e-02 5.214000e-02
44 9.349000e-01 1.115600e-02 5.394400e-02
45 9.329320e-01 1.105600e-02 5.601200e-02
46 9.309200e-01 1.106000e-02 5.802000e-02
47 9.289600e-01 1.110800e-02 5.993200e-02
48 9.267360e-01 1.133200e-02 6.193200e-02
49 9.248080e-01 1.121600e-02 6.397600e-02
50 9.227960e-01 1.126000e-02 6.594400e-02
51 9.205560e-01 1.153600e-02 6.790800e-02
52 9.184200e-01 1.164800e-02 6.993200e-02
53 9.163120e-01 1.177200e-02 7.191600e-02
54 9.141120e-01 1.194000e-02 7.394800e-02
55 9.119160e-01 1.213200e-02 7.595200e-02
56 9.097280e-01 1.205600e-02 7.821600e-02
57 9.076440e-01 1.188800e-02 8.046800e-02
58 9.053320e-01 1.200000e-02 8.266800e-02
59 9.029760e-01 1.232400e-02 8.470000e-02
60 9.010240e-01 1.209200e-02 8.688400e-02
61 8.987160e-01 1.229600e-02 8.898800e-02
62 8.964360e-01 1.232000e-02 9.124400e-02
63 8.942480e-01 1.236000e-02 9.339200e-02
64 8.919640e-01 1.248400e-02 9.555200e-02
65 8.896760e-01 1.266800e-02 9.765600e-02
66 8.873400e-01 1.265200e-02 1.000080e-01
67 8.850600e-01 1.256000e-02 1.023800e-01
68 8.827960e-01 1.270400e-02 1.045000e-01
69 8.803920e-01 1.283600e-02 1.067720e-01
70 8.781120e-01 1.297200e-02 1.089160e-01
71 8.759760e-01 1.281600e-02 1.112080e-01
72 8.737520e-01 1.281200e-02 1.134360e-01
73 8.713840e-01 1.288800e-02 1.157280e-01
74 8.691240e-01 1.268800e-02 1.181880e-01
75 8.669280e-01 1.270800e-02 1.203640e-01
76 8.648760e-01 1.256800e-02 1.225560e-01
77 8.626200e-01 1.269200e-02 1.246880e-01
78 8.603520e-01 1.283200e-02 1.268160e-01
79 8.581320e-01 1.279200e-02 1.290760e-01
80 8.559120e-01 1.286000e-02 1.312280e-01
81 8.537360e-01 1.283600e-02 1.334280e-01
82 8.514400e-01 1.296400e-02 1.355960e-01
83 8.493120e-01 1.283200e-02 1.378560e-01
84 8.471280e-01 1.284000e-02 1.400320e-01
85 8.450800e-01 1.261200e-02 1.423080e-01
86 8.429720e-01 1.232400e-02 1.447040e-01
87 8.409280e-01 1.235200e-02 1.467200e-01
88 8.388120e-01 1.222800e-02 1.489600e-01
89 8.367160e-01 1.219600e-02 1.510880e-01
90 8.346440e-01 1.205200e-02 1.533040e-01
91 8.324600e-01 1.206800e-02 1.554720e-01
92 8.303240e-01 1.216800e-02 1.575080e-01
93 8.281680e-01 1.215200e-02 1.596800e-01
94 8.262120e-01 1.205200e-02 1.617360e-01
95 8.240600e-01 1.206000e-02 1.638800e-01
96 8.219200e-01 1.214400e-02 1.659360e-01
97 8.197880e-01 1.231200e-02 1.679000e-01
98 8.175560e-01 1.255200e-02 1.698920e-01
99 8.152880e-01 1.255200e-02 1.721600e-01
100 8.132120e-01 1.232800e-02 1.744600e-01
101 8.109360e-01 1.244000e-02 1.766240e-01
102 8.085160e-01 1.261600e-02 1.788680e-01
103 8.064440e-01 1.253200e-02 1.810240e-01
104 8.039400e-01 1.274800e-02 1.833120e-01
105 8.015680e-01 1.294400e-02 1.854880e-01
106 7.991920e-01 1.310800e-02 1.877000e-01
107 7.971440e-01 1.278800e-02 1.900680e-01
108 7.949520e-01 1.262000e-02 1.924280e-01
109 7.926320e-01 1.277200e-02 1.945960e-01
110 7.905640e-01 1.263200e-02 1.968040e-01
111 7.884840e-01 1.244800e-02 1.990680e-01
112 7.865120e-01 1.220400e-02 2.012840e-01
113 7.846520e-01 1.217200e-02 2.031760e-01
114 7.827080e-01 1.214800e-02 2.051440e-01
115 7.807080e-01 1.209600e-02 2.071960e-01
116 7.785800e-01 1.213600e-02 2.092840e-01
117 7.765960e-01 1.192800e-02 2.114760e-01
118 7.743640e-01 1.209200e-02 2.135440e-01
119 7.723760e-01 1.194400e-02 2.156800e-01
120 7.704400e-01 1.172800e-02 2.178320e-01
121 7.684120e-01 1.169200e-02 2.198960e-01
122 7.665480e-01 1.152000e-02 2.219320e-01
123 7.646840e-01 1.133600e-02 2.239800e-01
124 7.628560e-01 1.118000e-02 2.259640e-01
125 7.608800e-01 1.121200e-02 2.279080e-01
126 7.590000e-01 1.116800e-02 2.298320e-01
127 7.569960e-01 1.124800e-02 2.317560e-01
128 7.551360e-01 1.119200e-02 2.336720e-01
129 7.531080e-01 1.120800e-02 2.356840e-01
130 7.511680e-01 1.117600e-02 2.376560e-01
131 7.492800e-01 1.103200e-02 2.396880e-01
132 7.473400e-01 1.110400e-02 2.415560e-01
133 7.455080e-01 1.100800e-02 2.434840e-01
134 7.437440e-01 1.096800e-02 2.452880e-01
135 7.419840e-01 1.086000e-02 2.471560e-01
136 7.400360e-01 1.085600e-02 2.491080e-01
137 7.382280e-01 1.056800e-02 2.512040e-01
138 7.363520e-01 1.049200e-02 2.531560e-01
139 7.346240e-01 1.032400e-02 2.550520e-01
140 7.329160e-01 1.022400e-02 2.568600e-01
141 7.311880e-01 1.012800e-02 2.586840e-01
142 7.293560e-01 1.018400e-02 2.604600e-01
143 7.276480e-01 1.013600e-02 2.622160e-01
144 7.260880e-01 9.960000e-03 2.639520e-01
145 7.245360e-01 9.724000e-03 2.657400e-01
146 7.230080e-01 9.560000e-03 2.674320e-01
147 7.213720e-01 9.592000e-03 2.690360e-01
148 7.198080e-01 9.556000e-03 2.706360e-01
149 7.181320e-01 9.600000e-03 2.722680e-01
150 7.164680e-01 9.460000e-03 2.740720e-01
151 7.149440e-01 9.344000e-03 2.757120e-01
152 7.131520e-01 9.560000e-03 2.772880e-01
153 7.114600e-01 9.616000e-03 2.789240e-01
154 7.099160e-01 9.460000e-03 2.806240e-01
155 7.083640e-01 9.336000e-03 2.823000e-01
156 7.065960e-01 9.420000e-03 2.839840e-01
157 7.049800e-01 9.404000e-03 2.856160e-01
158 7.033400e-01 9.308000e-03 2.873520e-01
159 7.018200e-01 9.284000e-03 2.888960e-01
160 7.003400e-01 9.084000e-03 2.905760e-01
161 6.988440e-01 9.052000e-03 2.921040e-01
162 6.972200e-01 9.164000e-03 2.936160e-01
163 6.956320e-01 9.156000e-03 2.952120e-01
164 6.941480e-01 9.060000e-03 2.967920e-01
165 6.924600e-01 9.312000e-03 2.982280e-01
166 6.908120e-01 9.304000e-03 2.998840e-01
167 6.892640e-01 9.224000e-03 3.015120e-01
168 6.875520e-01 9.336000e-03 3.031120e-01
169 6.860160e-01 9.144000e-03 3.048400e-01
170 6.842920e-01 9.404000e-03 3.063040e-01
171 6.827080e-01 9.324000e-03 3.079680e-01
172 6.810600e-01 9.324000e-03 3.096160e-01
173 6.794880e-01 9.396000e-03 3.111160e-01
174 6.779960e-01 9.260000e-03 3.127440e-01
175 6.764320e-01 9.140000e-03 3.144280e-01
176 6.750600e-01 8.936000e-03 3.160040e-01
177 6.734840e-01 8.972000e-03 3.175440e-01
178 6.719360e-01 9.076000e-03 3.189880e-01
179 6.703400e-01 9.144000e-03 3.205160e-01
180 6.689320e-01 8.936000e-03 3.221320e-01
181 6.673360e-01 9.020000e-03 3.236440e-01
182 6.658840e-01 9.060000e-03 3.250560e-01
183 6.645040e-01 8.964000e-03 3.265320e-01
184 6.631520e-01 8.784000e-03 3.280640e-01
185 6.617000e-01 8.700000e-03 3.296000e-01
186 6.602760e-01 8.700000e-03 3.310240e-01
187 6.587840e-01 8.676000e-03 3.325400e-01
188 6.572400e-01 8.628000e-03 3.341320e-01
189 6.556960e-01 8.612000e-03 3.356920e-01
190 6.542600e-01 8.544000e-03 3.371960e-01
191 6.526920e-01 8.640000e-03 3.386680e-01
192 6.511760e-01 8.680000e-03 3.401440e-01
193 6.498560e-01 8.432000e-03 3.417120e-01
194 6.484120e-01 8.332000e-03 3.432560e-01
195 6.469960e-01 8.256000e-03 3.447480e-01
196 6.455000e-01 8.208000e-03 3.462920e-01
197 6.440800e-01 8.200000e-03 3.477200e-01
198 6.426720e-01 8.180000e-03 3.491480e-01
199 6.412800e-01 8.156000e-03 3.505640e-01
200 6.400040e-01 8.064000e-03 3.519320e-01
201 6.385440e-01 8.000000e-03 3.534560e-01
202 6.372200e-01 7.948000e-03 3.548320e-01
203 6.357640e-01 8.144000e-03 3.560920e-01
204 6.343160e-01 8.244000e-03 3.574400e-01
205 6.328120e-01 8.224000e-03 3.589640e-01
206 6.314160e-01 8.280000e-03 3.603040e-01
207 6.300320e-01 8.276000e-03 3.616920e-01
208 6.286320e-01 8.116000e-03 3.632520e-01
209 6.272600e-01 8.080000e-03 3.646600e-01
210 6.258120e-01 8.032000e-03 3.661560e-01
211 6.244920e-01 7.940000e-03 3.675680e-01
212 6.231360e-01 8.048000e-03 3.688160e-01
213 6.216920e-01 8.168000e-03 3.701400e-01
214 6.203280e-01 8.048000e-03 3.716240e-01
215 6.189040e-01 8.072000e-03 3.730240e-01
216 6.175440e-01 8.028000e-03 3.744280e-01
217 6.161680e-01 7.960000e-03 3.758720e-01
218 6.149480e-01 7.668000e-03 3.773840e-01
219 6.136680e-01 7.624000e-03 3.787080e-01
220 6.124800e-01 7.392000e-03 3.801280e-01
221 6.113360e-01 7.196000e-03 3.814680e-01
222 6.101600e-01 6.992000e-03 3.828480e-01
223 6.089960e-01 6.984000e-03 3.840200e-01
224 6.078480e-01 6.996000e-03 3.851560e-01
225 6.066440e-01 6.948000e-03 3.864080e-01
226 6.055320e-01 6.812000e-03 3.876560e-01
227 6.044400e-01 6.592000e-03 3.889680e-01
228 6.034240e-01 6.568000e-03 3.900080e-01
229 6.024560e-01 6.412000e-03 3.911320e-01
230 6.014800e-01 6.292000e-03 3.922280e-01
231 6.004640e-01 6.264000e-03 3.932720e-01
232 5.994840e-01 6.220000e-03 3.942960e-01
233 5.985080e-01 6.088000e-03 3.954040e-01
234 5.974640e-01 6.040000e-03 3.964960e-01
235 5.964600e-01 5.980000e-03 3.975600e-01
236 5.953560e-01 5.976000e-03 3.986680e-01
237 5.942960e-01 5.940000e-03 3.997640e-01
238 5.932640e-01 5.796000e-03 4.009400e-01
239 5.921600e-01 5.956000e-03 4.018840e-01
240 5.911440e-01 5.960000e-03 4.028960e-01
241 5.902360e-01 5.732000e-03 4.040320e-01
242 5.893200e-01 5.684000e-03 4.049960e-01
243 5.883600e-01 5.652000e-03 4.059880e-01
244 5.873520e-01 5.672000e-03 4.069760e-01
245 5.864440e-01 5.644000e-03 4.079120e-01
246 5.854200e-01 5.748000e-03 4.088320e-01
247 5.844640e-01 5.720000e-03 4.098160e-01
248 5.835160e-01 5.656000e-03 4.108280e-01
249 5.825040e-01 5.624000e-03 4.118720e-01
250 5.815640e-01 5.636000e-03 4.128000e-01
251 5.806960e-01 5.460000e-03 4.138440e-01
252 5.798640e-01 5.328000e-03 4.148080e-01
253 5.789480e-01 5.312000e-03 4.157400e-01
254 5.781200e-01 5.192000e-03 4.166880e-01
255 5.773320e-01 5.164000e-03 4.175040e-01
256 5.765920e-01 4.964000e-03 4.184440e-01
257 5.758560e-01 4.828000e-03 4.193160e-01
258 5.751240e-01 4.632000e-03 4.202440e-01
259 5.743560e-01 4.600000e-03 4.210440e-01
260 5.735640e-01 4.656000e-03 4.217800e-01
261 5.728280e-01 4.728000e-03 4.224440e-01
262 5.721440e-01 4.600000e-03 4.232560e-01
263 5.714120e-01 4.504000e-03 4.240840e-01
264 5.704400e-01 4.720000e-03 4.248400e-01
265 5.695360e-01 4.868000e-03 4.255960e-01
266 5.686280e-01 4.848000e-03 4.265240e-01
267 5.677960e-01 4.800000e-03 4.274040e-01
268 5.669720e-01 4.772000e-03 4.282560e-01
269 5.661960e-01 4.772000e-03 4.290320e-01
270 5.653760e-01 4.816000e-03 4.298080e-01
271 5.645720e-01 4.820000e-03 4.306080e-01
272 5.637800e-01 4.780000e-03 4.314400e-01
273 5.629560e-01 4.788000e-03 4.322560e-01
274 5.621480e-01 4.788000e-03 4.330640e-01
275 5.614640e-01 4.668000e-03 4.338680e-01
276 5.606640e-01 4.784000e-03 4.345520e-01
277 5.598160e-01 4.788000e-03 4.353960e-01
278 5.590120e-01 4.752000e-03 4.362360e-01
279 5.582240e-01 4.700000e-03 4.370760e-01
280 5.575280e-01 4.616000e-03 4.378560e-01
281 5.567680e-01 4.624000e-03 4.386080e-01
282 5.560960e-01 4.552000e-03 4.393520e-01
283 5.554280e-01 4.436000e-03 4.401360e-01
284 5.547880e-01 4.336000e-03 4.408760e-01
285 5.541320e-01 4.316000e-03 4.415520e-01
286 5.534680e-01 4.288000e-03 4.422440e-01
287 5.529040e-01 4.068000e-03 4.430280e-01
288 5.524040e-01 3.804000e-03 4.437920e-01
289 5.519320e-01 3.620000e-03 4.444480e-01
290 5.514160e-01 3.544000e-03 4.450400e-01
291 5.508400e-01 3.540000e-03 4.456200e-01
292 5.503400e-01 3.420000e-03 4.462400e-01
293 5.499440e-01 3.304000e-03 4.467520e-01
294 5.495560e-01 3.148000e-03 4.472960e-01
295 5.490960e-01 2.980000e-03 4.479240e-01
296 5.487360e-01 2.828000e-03 4.484360e-01
297 5.483080e-01 2.724000e-03 4.489680e-01
298 5.478880e-01 2.676000e-03 4.494360e-01
299 5.475160e-01 2.552000e-03 4.499320e-01
300 5.471520e-01 2.476000e-03 4.503720e-01
301 5.467640e-01 2.460000e-03 4.507760e-01
302 5.463880e-01 2.348000e-03 4.512640e-01
303 5.460480e-01 2.320000e-03 4.516320e-01
304 5.456200e-01 2.348000e-03 4.520320e-01
305 5.451360e-01 2.384000e-03 4.524800e-01
306 5.447720e-01 2.372000e-03 4.528560e-01
307 5.443680e-01 2.396000e-03 4.532360e-01
308 5.439040e-01 2.460000e-03 4.536360e-01
309 5.434960e-01 2.404000e-03 4.541000e-01
310 5.430080e-01 2.456000e-03 4.545360e-01
311 5.425400e-01 2.416000e-03 4.550440e-01
312 5.421480e-01 2.364000e-03 4.554880e-01
313 5.418120e-01 2.284000e-03 4.559040e-01
314 5.414520e-01 2.220000e-03 4.563280e-01
315 5.410800e-01 2.160000e-03 4.567600e-01
316 5.407600e-01 2.048000e-03 4.571920e-01
317 5.404240e-01 1.988000e-03 4.575880e-01
318 5.401120e-01 1.928000e-03 4.579600e-01
319 5.398320e-01 1.872000e-03 4.582960e-01
320 5.394800e-01 1.876000e-03 4.586440e-01
321 5.392000e-01 1.832000e-03 4.589680e-01
322 5.389000e-01 1.824000e-03 4.592760e-01
323 5.385240e-01 1.880000e-03 4.595960e-01
324 5.381400e-01 1.872000e-03 4.599880e-01
325 5.377360e-01 2.000000e-03 4.602640e-01
326 5.373720e-01 2.036000e-03 4.605920e-01
327 5.369880e-01 2.076000e-03 4.609360e-01
328 5.366720e-01 2.024000e-03 4.613040e-01
329 5.363120e-01 2.068000e-03 4.616200e-01
330 5.359840e-01 2.036000e-03 4.619800e-01
331 5.356720e-01 2.036000e-03 4.622920e-01
332 5.353280e-01 2.032000e-03 4.626400e-01
333 5.349600e-01 2.088000e-03 4.629520e-01
334 5.346600e-01 2.040000e-03 4.633000e-01
335 5.343480e-01 1.996000e-03 4.636560e-01
336 5.340600e-01 1.992000e-03 4.639480e-01
337 5.337600e-01 2.004000e-03 4.642360e-01
338 5.334720e-01 1.988000e-03 4.645400e-01
339 5.332280e-01 1.928000e-03 4.648440e-01
340 5.329680e-01 1.856000e-03 4.651760e-01
341 5.326840e-01 1.844000e-03 4.654720e-01
342 5.323800e-01 1.868000e-03 4.657520e-01
343 5.321080e-01 1.832000e-03 4.660600e-01
344 5.317560e-01 1.864000e-03 4.663800e-01
345 5.313760e-01 1.924000e-03 4.667000e-01
346 5.311200e-01 1.808000e-03 4.670720e-01
347 5.308440e-01 1.736000e-03 4.674200e-01
348 5.305480e-01 1.724000e-03 4.677280e-01
349 5.302600e-01 1.700000e-03 4.680400e-01
350 5.300680e-01 1.612000e-03 4.683200e-01
351 5.298040e-01 1.636000e-03 4.685600e-01
352 5.295840e-01 1.604000e-03 4.688120e-01
353 5.293080e-01 1.580000e-03 4.691120e-01
354 5.291280e-01 1.532000e-03 4.693400e-01
355 5.289040e-01 1.476000e-03 4.696200e-01
356 5.286040e-01 1.536000e-03 4.698600e-01
357 5.283400e-01 1.568000e-03 4.700920e-01
358 5.280960e-01 1.568000e-03 4.703360e-01
359 5.278200e-01 1.556000e-03 4.706240e-01
360 5.275080e-01 1.612000e-03 4.708800e-01
361 5.271640e-01 1.672000e-03 4.711640e-01
362 5.268200e-01 1.712000e-03 4.714680e-01
363 5.265680e-01 1.664000e-03 4.717680e-01
364 5.262880e-01 1.668000e-03 4.720440e-01
365 5.259360e-01 1.720000e-03 4.723440e-01
366 5.255760e-01 1.764000e-03 4.726600e-01
367 5.252720e-01 1.692000e-03 4.730360e-01
368 5.249880e-01 1.684000e-03 4.733280e-01
369 5.247000e-01 1.644000e-03 4.736560e-01
370 5.243920e-01 1.680000e-03 4.739280e-01
371 5.240680e-01 1.724000e-03 4.742080e-01
372 5.238120e-01 1.708000e-03 4.744800e-01
373 5.235280e-01 1.676000e-03 4.747960e-01
374 5.232560e-01 1.632000e-03 4.751120e-01
375 5.229880e-01 1.660000e-03 4.753520e-01
376 5.227640e-01 1.652000e-03 4.755840e-01
377 5.224960e-01 1.580000e-03 4.759240e-01
378 5.222800e-01 1.524000e-03 4.761960e-01
379 5.219600e-01 1.592000e-03 4.764480e-01
380 5.216880e-01 1.592000e-03 4.767200e-01
381 5.214040e-01 1.560000e-03 4.770360e-01
382 5.211400e-01 1.524000e-03 4.773360e-01
383 5.208840e-01 1.544000e-03 4.775720e-01
384 5.206200e-01 1.548000e-03 4.778320e-01
385 5.203480e-01 1.612000e-03 4.780400e-01
386 5.201200e-01 1.544000e-03 4.783360e-01
387 5.198800e-01 1.512000e-03 4.786080e-01
388 5.196640e-01 1.500000e-03 4.788360e-01
389 5.194680e-01 1.480000e-03 4.790520e-01
390 5.192320e-01 1.440000e-03 4.793280e-01
391 5.190440e-01 1.372000e-03 4.795840e-01
392 5.187880e-01 1.352000e-03 4.798600e-01
393 5.185320e-01 1.384000e-03 4.800840e-01
394 5.183080e-01 1.348000e-03 4.803440e-01
395 5.180680e-01 1.364000e-03 4.805680e-01
396 5.178000e-01 1.404000e-03 4.807960e-01
397 5.175280e-01 1.436000e-03 4.810360e-01
398 5.172560e-01 1.480000e-03 4.812640e-01
399 5.170520e-01 1.472000e-03 4.814760e-01
400 5.167920e-01 1.456000e-03 4.817520e-01
401 5.165000e-01 1.512000e-03 4.819880e-01
402 5.162640e-01 1.452000e-03 4.822840e-01
403 5.159760e-01 1.480000e-03 4.825440e-01
404 5.157680e-01 1.400000e-03 4.828320e-01
405 5.155320e-01 1.344000e-03 4.831240e-01
406 5.153880e-01 1.244000e-03 4.833680e-01
407 5.152040e-01 1.184000e-03 4.836120e-01
408 5.149960e-01 1.168000e-03 4.838360e-01
409 5.147600e-01 1.244000e-03 4.839960e-01
410 5.145520e-01 1.172000e-03 4.842760e-01
411 5.143600e-01 1.120000e-03 4.845200e-01
412 5.142040e-01 1.076000e-03 4.847200e-01
413 5.139760e-01 1.124000e-03 4.849000e-01
414 5.137680e-01 1.128000e-03 4.851040e-01
415 5.135760e-01 1.132000e-03 4.852920e-01
416 5.133440e-01 1.172000e-03 4.854840e-01
417 5.131280e-01 1.196000e-03 4.856760e-01
418 5.129160e-01 1.200000e-03 4.858840e-01
419 5.127320e-01 1.188000e-03 4.860800e-01
420 5.125520e-01 1.180000e-03 4.862680e-01
421 5.123120e-01 1.184000e-03 4.865040e-01
422 5.121200e-01 1.208000e-03 4.866720e-01
423 5.119400e-01 1.200000e-03 4.868600e-01
424 5.116880e-01 1.212000e-03 4.871000e-01
425 5.114720e-01 1.256000e-03 4.872720e-01
426 5.112880e-01 1.204000e-03 4.875080e-01
427 5.110240e-01 1.256000e-03 4.877200e-01
428 5.108600e-01 1.220000e-03 4.879200e-01
429 5.106520e-01 1.180000e-03 4.881680e-01
430 5.104640e-01 1.160000e-03 4.883760e-01
431 5.103000e-01 1.140000e-03 4.885600e-01
432 5.101120e-01 1.128000e-03 4.887600e-01
433 5.099600e-01 1.104000e-03 4.889360e-01
434 5.097320e-01 1.164000e-03 4.891040e-01
435 5.095560e-01 1.128000e-03 4.893160e-01
436 5.093880e-01 1.096000e-03 4.895160e-01
437 5.092680e-01 1.008000e-03 4.897240e-01
438 5.091400e-01 9.320000e-04 4.899280e-01
439 5.090240e-01 9.080000e-04 4.900680e-01
440 5.088760e-01 8.920000e-04 4.902320e-01
441 5.087320e-01 8.960000e-04 4.903720e-01
442 5.085920e-01 8.760000e-04 4.905320e-01
443 5.084600e-01 9.000000e-04 4.906400e-01
444 5.083040e-01 9.280000e-04 4.907680e-01
445 5.081520e-01 9.200000e-04 4.909280e-01
446 5.080000e-01 9.120000e-04 4.910880e-01
447 5.078560e-01 9.200000e-04 4.912240e-01
448 5.077360e-01 8.920000e-04 4.913720e-01
449 5.075800e-01 8.640000e-04 4.915560e-01
450 5.074640e-01 8.680000e-04 4.916680e-01
451 5.073080e-01 8.880000e-04 4.918040e-01
452 5.071280e-01 9.400000e-04 4.919320e-01
453 5.069680e-01 9.320000e-04 4.921000e-01
454 5.068280e-01 9.040000e-04 4.922680e-01
455 5.066680e-01 8.680000e-04 4.924640e-01
456 5.065480e-01 8.440000e-04 4.926080e-01
457 5.063640e-01 8.800000e-04 4.927560e-01
458 5.062200e-01 8.800000e-04 4.929000e-01
459 5.060560e-01 8.800000e-04 4.930640e-01
460 5.058920e-01 9.000000e-04 4.932080e-01
461 5.057600e-01 8.760000e-04 4.933640e-01
462 5.056080e-01 8.800000e-04 4.935120e-01
463 5.054680e-01 9.160000e-04 4.936160e-01
464 5.053280e-01 8.800000e-04 4.937920e-01
465 5.051920e-01 8.400000e-04 4.939680e-01
466 5.050640e-01 8.280000e-04 4.941080e-01
467 5.049240e-01 8.080000e-04 4.942680e-01
468 5.048240e-01 7.640000e-04 4.944120e-01
469 5.046760e-01 8.000000e-04 4.945240e-01
470 5.045240e-01 8.080000e-04 4.946680e-01
471 5.044480e-01 7.440000e-04 4.948080e-01
472 5.043360e-01 7.320000e-04 4.949320e-01
473 5.042160e-01 7.160000e-04 4.950680e-01
474 5.040880e-01 7.160000e-04 4.951960e-01
475 5.039720e-01 6.840000e-04 4.953440e-01
476 5.038400e-01 6.800000e-04 4.954800e-01
477 5.037480e-01 6.320000e-04 4.956200e-01
478 5.036320e-01 6.480000e-04 4.957200e-01
479 5.035120e-01 6.080000e-04 4.958800e-01
480 5.034200e-01 5.480000e-04 4.960320e-01
481 5.032760e-01 6.200000e-04 4.961040e-01
482 5.031520e-01 6.440000e-04 4.962040e-01
483 5.030280e-01 6.480000e-04 4.963240e-01
484 5.029360e-01 6.480000e-04 4.964160e-01
485 5.028200e-01 6.560000e-04 4.965240e-01
486 5.026960e-01 6.480000e-04 4.966560e-01
487 5.025720e-01 6.720000e-04 4.967560e-01
488 5.024600e-01 6.400000e-04 4.969000e-01
489 5.023680e-01 6.160000e-04 4.970160e-01
490 5.022400e-01 6.080000e-04 4.971520e-01
491 5.020840e-01 6.640000e-04 4.972520e-01
492 5.018880e-01 7.640000e-04 4.973480e-01
493 5.017360e-01 7.920000e-04 4.974720e-01
494 5.015920e-01 8.280000e-04 4.975800e-01
495 5.014480e-01 7.960000e-04 4.977560e-01
496 5.013640e-01 7.520000e-04 4.978840e-01
497 5.012880e-01 7.080000e-04 4.980040e-01
498 5.011960e-01 6.720000e-04 4.981320e-01
499 5.011200e-01 6.160000e-04 4.982640e-01
500 5.009960e-01 6.320000e-04 4.983720e-01
