1 9.992960e-01 6.040000e-04 1.000000e-04
2 9.988400e-01 9.320000e-04 2.280000e-04
3 9.982600e-01 1.308000e-03 4.320000e-04
4 9.975120e-01 1.776000e-03 7.120000e-04
5 9.967480e-01 2.160000e-03 1.092000e-03
6 9.958920e-01 2.616000e-03 1.492000e-03
7 9.950400e-01 2.984000e-03 1.976000e-03
8 9.942000e-01 3.304000e-03 2.496000e-03
9 9.933520e-01 3.600000e-03 3.048000e-03
10 9.925040e-01 3.852000e-03 3.644000e-03
11 9.916080e-01 4.068000e-03 4.324000e-03
12 9.905240e-01 4.344000e-03 5.132000e-03
13 9.895000e-01 4.572000e-03 5.928000e-03
14 9.884920e-01 4.692000e-03 6.816000e-03
15 9.873920e-01 4.928000e-03 7.680000e-03
16 9.862640e-01 5.184000e-03 8.552000e-03
17 9.852000e-01 5.372000e-03 9.428000e-03
18 9.840160e-01 5.572000e-03 1.041200e-02
19 9.828120e-01 5.856000e-03 1.133200e-02
20 9.816320e-01 5.976000e-03 1.239200e-02
21 9.804160e-01 6.084000e-03 1.350000e-02
22 9.791400e-01 6.336000e-03 1.452400e-02
23 9.780280e-01 6.292000e-03 1.568000e-02
24 9.768240e-01 6.496000e-03 1.668000e-02
25 9.757200e-01 6.484000e-03 1.779600e-02
26 9.745960e-01 6.444000e-03 1.896000e-02
27 9.732200e-01 6.788000e-03 1.999200e-02
28 9.718000e-01 6.952000e-03 2.124800e-02
29 9.704640e-01 6.976000e-03 2.256000e-02
30 9.691040e-01 6.988000e-03 2.390800e-02
31 9.676520e-01 7.240000e-03 2.510800e-02
32 9.662720e-01 7.316000e-03 2.641200e-02
33 9.647520e-01 7.592000e-03 2.765600e-02
34 9.633280e-01 7.748000e-03 2.892400e-02
35 9.619680e-01 7.812000e-03 3.022000e-02
36 9.606120e-01 7.740000e-03 3.164800e-02
37 9.592680e-01 7.852000e-03 3.288000e-02
38 9.578040e-01 7.936000e-03 3.426000e-02
39 9.563560e-01 8.008000e-03 3.563600e-02
40 9.548000e-01 8.064000e-03 3.713600e-02
41 9.533400e-01 8.180000e-03 3.848000e-02
42 9.519360e-01 8.096000e-03 3.996800e-02
43 9.505680e-01 7.980000e-03 4.145200e-02
44 9.492280e-01 7.940000e-03 4.283200e-02
45 9.479080e-01 7.920000e-03 4.417200e-02
46 9.464360e-01 8.092000e-03 4.547200e-02
47 9.449120e-01 8.284000e-03 4.680400e-02
48 9.435480e-01 8.124000e-03 4.832800e-02
49 9.419880e-01 8.300000e-03 4.971200e-02
50 9.404880e-01 8.304000e-03 5.120800e-02
51 9.388400e-01 8.504000e-03 5.265600e-02
52 9.371880e-01 8.612000e-03 5.420000e-02
53 9.356960e-01 8.688000e-03 5.561600e-02
54 9.340560e-01 8.740000e-03 5.720400e-02
55 9.324400e-01 8.732000e-03 5.882800e-02
56 9.308800e-01 8.808000e-03 6.031200e-02
57 9.292840e-01 8.744000e-03 6.197200e-02
58 9.276360e-01 8.788000e-03 6.357600e-02
59 9.259000e-01 8.956000e-03 6.514400e-02
60 9.242680e-01 9.048000e-03 6.668400e-02
61 9.226160e-01 8.988000e-03 6.839600e-02
62 9.212840e-01 8.708000e-03 7.000800e-02
63 9.198240e-01 8.600000e-03 7.157600e-02
64 9.182680e-01 8.620000e-03 7.311200e-02
65 9.168560e-01 8.568000e-03 7.457600e-02
66 9.152600e-01 8.604000e-03 7.613600e-02
67 9.136520e-01 8.652000e-03 7.769600e-02
68 9.119360e-01 8.804000e-03 7.926000e-02
69 9.102240e-01 9.008000e-03 8.076800e-02
70 9.084200e-01 9.340000e-03 8.224000e-02
71 9.068520e-01 9.248000e-03 8.390000e-02
72 9.053360e-01 9.092000e-03 8.557200e-02
73 9.038960e-01 9.004000e-03 8.710000e-02
74 9.023560e-01 8.948000e-03 8.869600e-02
75 9.009400e-01 8.812000e-03 9.024800e-02
76 8.993440e-01 8.876000e-03 9.178000e-02
77 8.976440e-01 9.128000e-03 9.322800e-02
78 8.960120e-01 9.200000e-03 9.478800e-02
79 8.944000e-01 9.180000e-03 9.642000e-02
80 8.926040e-01 9.328000e-03 9.806800e-02
81 8.911840e-01 8.988000e-03 9.982800e-02
82 8.895920e-01 8.932000e-03 1.014760e-01
83 8.879680e-01 9.024000e-03 1.030080e-01
84 8.865720e-01 8.880000e-03 1.045480e-01
85 8.850240e-01 8.816000e-03 1.061600e-01
86 8.835920e-01 8.700000e-03 1.077080e-01
87 8.821800e-01 8.652000e-03 1.091680e-01
88 8.807760e-01 8.548000e-03 1.106760e-01
89 8.792480e-01 8.528000e-03 1.122240e-01
90 8.779240e-01 8.388000e-03 1.136880e-01
91 8.765000e-01 8.360000e-03 1.151400e-01
92 8.751680e-01 8.204000e-03 1.166280e-01
93 8.737760e-01 8.296000e-03 1.179280e-01
94 8.721680e-01 8.456000e-03 1.193760e-01
95 8.705960e-01 8.472000e-03 1.209320e-01
96 8.691800e-01 8.352000e-03 1.224680e-01
97 8.676760e-01 8.364000e-03 1.239600e-01
98 8.661480e-01 8.396000e-03 1.254560e-01
99 8.646800e-01 8.428000e-03 1.268920e-01
100 8.632000e-01 8.444000e-03 1.283560e-01
101 8.617200e-01 8.424000e-03 1.298560e-01
102 8.603080e-01 8.388000e-03 1.313040e-01
103 8.588000e-01 8.340000e-03 1.328600e-01
104 8.572840e-01 8.384000e-03 1.343320e-01
105 8.556560e-01 8.488000e-03 1.358560e-01
106 8.542400e-01 8.500000e-03 1.372600e-01
107 8.527480e-01 8.432000e-03 1.388200e-01
108 8.513280e-01 8.392000e-03 1.402800e-01
109 8.497600e-01 8.476000e-03 1.417640e-01
110 8.481840e-01 8.544000e-03 1.432720e-01
111 8.467560e-01 8.576000e-03 1.446680e-01
112 8.453800e-01 8.536000e-03 1.460840e-01
113 8.440960e-01 8.348000e-03 1.475560e-01
114 8.425000e-01 8.480000e-03 1.490200e-01
115 8.409000e-01 8.568000e-03 1.505320e-01
116 8.393880e-01 8.616000e-03 1.519960e-01
117 8.377520e-01 8.808000e-03 1.534400e-01
118 8.361880e-01 8.896000e-03 1.549160e-01
119 8.345480e-01 8.964000e-03 1.564880e-01
120 8.330760e-01 8.888000e-03 1.580360e-01
121 8.314720e-01 8.772000e-03 1.597560e-01
122 8.299120e-01 8.740000e-03 1.613480e-01
123 8.283160e-01 8.832000e-03 1.628520e-01
124 8.268000e-01 8.864000e-03 1.643360e-01
125 8.254040e-01 8.744000e-03 1.658520e-01
126 8.239000e-01 8.752000e-03 1.673480e-01
127 8.223520e-01 8.748000e-03 1.689000e-01
128 8.209000e-01 8.644000e-03 1.704560e-01
129 8.193960e-01 8.648000e-03 1.719560e-01
130 8.178920e-01 8.664000e-03 1.734440e-01
131 8.162080e-01 8.852000e-03 1.749400e-01
132 8.146640e-01 8.856000e-03 1.764800e-01
133 8.131160e-01 8.796000e-03 1.780880e-01
134 8.115800e-01 8.700000e-03 1.797200e-01
135 8.102920e-01 8.500000e-03 1.812080e-01
136 8.089000e-01 8.356000e-03 1.827440e-01
137 8.074280e-01 8.224000e-03 1.843480e-01
138 8.061520e-01 8.216000e-03 1.856320e-01
139 8.048120e-01 7.972000e-03 1.872160e-01
140 8.034680e-01 7.860000e-03 1.886720e-01
141 8.021960e-01 7.744000e-03 1.900600e-01
142 8.008880e-01 7.708000e-03 1.914040e-01
143 7.996560e-01 7.560000e-03 1.927840e-01
144 7.984880e-01 7.320000e-03 1.941920e-01
145 7.972080e-01 7.404000e-03 1.953880e-01
146 7.960240e-01 7.232000e-03 1.967440e-01
147 7.948400e-01 7.072000e-03 1.980880e-01
148 7.937040e-01 6.892000e-03 1.994040e-01
149 7.924160e-01 6.988000e-03 2.005960e-01
150 7.912400e-01 6.888000e-03 2.018720e-01
151 7.900160e-01 6.852000e-03 2.031320e-01
152 7.888960e-01 6.768000e-03 2.043360e-01
153 7.877680e-01 6.728000e-03 2.055040e-01
154 7.865840e-01 6.784000e-03 2.066320e-01
155 7.853040e-01 6.836000e-03 2.078600e-01
156 7.841400e-01 6.844000e-03 2.090160e-01
157 7.829280e-01 6.976000e-03 2.100960e-01
158 7.817520e-01 6.896000e-03 2.113520e-01
159 7.805440e-01 6.956000e-03 2.125000e-01
160 7.794120e-01 6.756000e-03 2.138320e-01
161 7.781720e-01 6.824000e-03 2.150040e-01
162 7.770560e-01 6.804000e-03 2.161400e-01
163 7.758480e-01 6.696000e-03 2.174560e-01
164 7.747200e-01 6.704000e-03 2.185760e-01
165 7.736120e-01 6.668000e-03 2.197200e-01
166 7.725000e-01 6.600000e-03 2.209000e-01
167 7.713520e-01 6.644000e-03 2.220040e-01
168 7.702720e-01 6.636000e-03 2.230920e-01
169 7.692320e-01 6.476000e-03 2.242920e-01
170 7.681920e-01 6.356000e-03 2.254520e-01
171 7.669800e-01 6.640000e-03 2.263800e-01
172 7.657920e-01 6.636000e-03 2.275720e-01
173 7.646000e-01 6.704000e-03 2.286960e-01
174 7.635240e-01 6.504000e-03 2.299720e-01
175 7.623560e-01 6.524000e-03 2.311200e-01
176 7.612280e-01 6.436000e-03 2.323360e-01
177 7.601200e-01 6.428000e-03 2.334520e-01
178 7.590000e-01 6.464000e-03 2.345360e-01
179 7.579520e-01 6.404000e-03 2.356440e-01
180 7.569960e-01 6.396000e-03 2.366080e-01
181 7.560360e-01 6.328000e-03 2.376360e-01
182 7.550000e-01 6.276000e-03 2.387240e-01
183 7.539920e-01 6.220000e-03 2.397880e-01
184 7.530160e-01 6.012000e-03 2.409720e-01
185 7.520160e-01 5.968000e-03 2.420160e-01
186 7.511080e-01 5.716000e-03 2.431760e-01
187 7.501800e-01 5.624000e-03 2.441960e-01
188 7.492480e-01 5.508000e-03 2.452440e-01
189 7.483400e-01 5.388000e-03 2.462720e-01
190 7.474920e-01 5.236000e-03 2.472720e-01
191 7.467440e-01 5.004000e-03 2.482520e-01
192 7.459080e-01 4.968000e-03 2.491240e-01
193 7.451720e-01 4.936000e-03 2.498920e-01
194 7.444480e-01 4.752000e-03 2.508000e-01
195 7.436600e-01 4.728000e-03 2.516120e-01
196 7.428040e-01 4.708000e-03 2.524880e-01
197 7.419800e-01 4.736000e-03 2.532840e-01
198 7.411120e-01 4.740000e-03 2.541480e-01
199 7.403200e-01 4.760000e-03 2.549200e-01
200 7.395360e-01 4.672000e-03 2.557920e-01
201 7.387400e-01 4.692000e-03 2.565680e-01
202 7.380080e-01 4.668000e-03 2.573240e-01
203 7.372440e-01 4.520000e-03 2.582360e-01
204 7.364160e-01 4.536000e-03 2.590480e-01
205 7.356160e-01 4.548000e-03 2.598360e-01
206 7.348960e-01 4.436000e-03 2.606680e-01
207 7.342520e-01 4.264000e-03 2.614840e-01
208 7.335840e-01 4.176000e-03 2.622400e-01
209 7.328600e-01 4.140000e-03 2.630000e-01
210 7.321520e-01 4.152000e-03 2.636960e-01
211 7.314800e-01 4.132000e-03 2.643880e-01
212 7.307120e-01 4.196000e-03 2.650920e-01
213 7.299800e-01 4.164000e-03 2.658560e-01
214 7.291840e-01 4.080000e-03 2.667360e-01
215 7.284600e-01 4.048000e-03 2.674920e-01
216 7.275560e-01 4.264000e-03 2.681800e-01
217 7.266760e-01 4.392000e-03 2.689320e-01
218 7.258600e-01 4.400000e-03 2.697400e-01
219 7.250440e-01 4.364000e-03 2.705920e-01
220 7.243880e-01 4.204000e-03 2.714080e-01
221 7.236360e-01 4.272000e-03 2.720920e-01
222 7.229320e-01 4.252000e-03 2.728160e-01
223 7.222960e-01 4.120000e-03 2.735840e-01
224 7.215160e-01 4.164000e-03 2.743200e-01
225 7.207920e-01 4.144000e-03 2.750640e-01
226 7.200560e-01 4.216000e-03 2.757280e-01
227 7.193360e-01 4.108000e-03 2.765560e-01
228 7.185720e-01 4.184000e-03 2.772440e-01
229 7.179480e-01 4.180000e-03 2.778720e-01
230 7.173000e-01 4.084000e-03 2.786160e-01
231 7.167360e-01 3.900000e-03 2.793640e-01
232 7.161000e-01 3.860000e-03 2.800400e-01
233 7.154000e-01 3.948000e-03 2.806520e-01
234 7.147840e-01 3.888000e-03 2.813280e-01
235 7.141960e-01 3.816000e-03 2.819880e-01
236 7.135600e-01 3.772000e-03 2.826680e-01
237 7.129800e-01 3.668000e-03 2.833520e-01
238 7.123480e-01 3.680000e-03 2.839720e-01
239 7.117400e-01 3.604000e-03 2.846560e-01
240 7.111400e-01 3.568000e-03 2.852920e-01
241 7.105160e-01 3.516000e-03 2.859680e-01
242 7.098680e-01 3.532000e-03 2.866000e-01
243 7.092960e-01 3.500000e-03 2.872040e-01
244 7.085720e-01 3.672000e-03 2.877560e-01
245 7.079440e-01 3.716000e-03 2.883400e-01
246 7.073160e-01 3.684000e-03 2.890000e-01
247 7.066520e-01 3.624000e-03 2.897240e-01
248 7.059880e-01 3.480000e-03 2.905320e-01
249 7.053840e-01 3.420000e-03 2.911960e-01
250 7.047360e-01 3.504000e-03 2.917600e-01
251 7.039960e-01 3.596000e-03 2.924080e-01
252 7.033520e-01 3.548000e-03 2.931000e-01
253 7.028520e-01 3.416000e-03 2.937320e-01
254 7.023080e-01 3.340000e-03 2.943520e-01
255 7.017360e-01 3.324000e-03 2.949400e-01
256 7.011880e-01 3.280000e-03 2.955320e-01
257 7.005920e-01 3.240000e-03 2.961680e-01
258 6.999960e-01 3.216000e-03 2.967880e-01
259 6.994840e-01 3.212000e-03 2.973040e-01
260 6.989520e-01 3.188000e-03 2.978600e-01
261 6.984000e-01 3.268000e-03 2.983320e-01
262 6.979240e-01 3.200000e-03 2.988760e-01
263 6.973840e-01 3.160000e-03 2.994560e-01
264 6.967800e-01 3.264000e-03 2.999560e-01
265 6.962560e-01 3.144000e-03 3.006000e-01
266 6.956920e-01 3.132000e-03 3.011760e-01
267 6.951240e-01 3.140000e-03 3.017360e-01
268 6.945160e-01 3.116000e-03 3.023680e-01
269 6.939800e-01 3.124000e-03 3.028960e-01
270 6.933680e-01 3.156000e-03 3.034760e-01
271 6.927480e-01 3.212000e-03 3.040400e-01
272 6.920840e-01 3.412000e-03 3.045040e-01
273 6.915040e-01 3.472000e-03 3.050240e-01
274 6.909080e-01 3.480000e-03 3.056120e-01
275 6.903760e-01 3.404000e-03 3.062200e-01
276 6.898200e-01 3.436000e-03 3.067440e-01
277 6.892840e-01 3.428000e-03 3.072880e-01
278 6.888240e-01 3.352000e-03 3.078240e-01
279 6.882280e-01 3.364000e-03 3.084080e-01
280 6.877480e-01 3.304000e-03 3.089480e-01
281 6.873600e-01 3.096000e-03 3.095440e-01
282 6.869680e-01 2.904000e-03 3.101280e-01
283 6.866160e-01 2.704000e-03 3.106800e-01
284 6.862360e-01 2.620000e-03 3.111440e-01
285 6.858320e-01 2.576000e-03 3.115920e-01
286 6.854120e-01 2.608000e-03 3.119800e-01
287 6.849760e-01 2.564000e-03 3.124600e-01
288 6.845720e-01 2.496000e-03 3.129320e-01
289 6.842440e-01 2.384000e-03 3.133720e-01
290 6.838480e-01 2.364000e-03 3.137880e-01
291 6.835200e-01 2.360000e-03 3.141200e-01
292 6.831520e-01 2.320000e-03 3.145280e-01
293 6.827280e-01 2.344000e-03 3.149280e-01
294 6.823120e-01 2.340000e-03 3.153480e-01
295 6.819280e-01 2.336000e-03 3.157360e-01
296 6.815480e-01 2.292000e-03 3.161600e-01
297 6.810440e-01 2.412000e-03 3.165440e-01
298 6.805960e-01 2.432000e-03 3.169720e-01
299 6.801280e-01 2.460000e-03 3.174120e-01
300 6.796120e-01 2.488000e-03 3.179000e-01
301 6.791240e-01 2.544000e-03 3.183320e-01
302 6.786680e-01 2.484000e-03 3.188480e-01
303 6.780840e-01 2.656000e-03 3.192600e-01
304 6.775200e-01 2.700000e-03 3.197800e-01
305 6.770560e-01 2.672000e-03 3.202720e-01
306 6.765920e-01 2.668000e-03 3.207400e-01
307 6.760560e-01 2.760000e-03 3.211840e-01
308 6.755640e-01 2.768000e-03 3.216680e-01
309 6.751360e-01 2.736000e-03 3.221280e-01
310 6.746120e-01 2.788000e-03 3.226000e-01
311 6.741840e-01 2.644000e-03 3.231720e-01
312 6.736800e-01 2.660000e-03 3.236600e-01
313 6.732280e-01 2.664000e-03 3.241080e-01
314 6.727760e-01 2.580000e-03 3.246440e-01
315 6.723720e-01 2.524000e-03 3.251040e-01
316 6.720080e-01 2.472000e-03 3.255200e-01
317 6.716800e-01 2.336000e-03 3.259840e-01
318 6.713640e-01 2.212000e-03 3.264240e-01
319 6.709800e-01 2.152000e-03 3.268680e-01
320 6.706240e-01 2.164000e-03 3.272120e-01
321 6.702800e-01 2.144000e-03 3.275760e-01
322 6.698560e-01 2.160000e-03 3.279840e-01
323 6.693800e-01 2.200000e-03 3.284200e-01
324 6.690040e-01 2.212000e-03 3.287840e-01
325 6.685560e-01 2.332000e-03 3.291120e-01
326 6.681200e-01 2.344000e-03 3.295360e-01
327 6.676960e-01 2.380000e-03 3.299240e-01
328 6.673680e-01 2.292000e-03 3.303400e-01
329 6.669640e-01 2.304000e-03 3.307320e-01
330 6.665800e-01 2.348000e-03 3.310720e-01
331 6.661240e-01 2.352000e-03 3.315240e-01
332 6.656840e-01 2.396000e-03 3.319200e-01
333 6.652800e-01 2.392000e-03 3.323280e-01
334 6.649320e-01 2.316000e-03 3.327520e-01
335 6.646320e-01 2.192000e-03 3.331760e-01
336 6.642880e-01 2.156000e-03 3.335560e-01
337 6.640680e-01 2.032000e-03 3.339000e-01
338 6.638360e-01 1.944000e-03 3.342200e-01
339 6.635960e-01 1.848000e-03 3.345560e-01
340 6.633640e-01 1.724000e-03 3.349120e-01
341 6.631000e-01 1.664000e-03 3.352360e-01
342 6.628840e-01 1.548000e-03 3.355680e-01
343 6.626920e-01 1.440000e-03 3.358680e-01
344 6.624600e-01 1.416000e-03 3.361240e-01
345 6.622400e-01 1.412000e-03 3.363480e-01
346 6.620440e-01 1.404000e-03 3.365520e-01
347 6.618120e-01 1.456000e-03 3.367320e-01
348 6.615680e-01 1.412000e-03 3.370200e-01
349 6.613960e-01 1.332000e-03 3.372720e-01
350 6.612040e-01 1.344000e-03 3.374520e-01
351 6.609960e-01 1.308000e-03 3.376960e-01
352 6.607800e-01 1.296000e-03 3.379240e-01
353 6.606080e-01 1.252000e-03 3.381400e-01
354 6.603760e-01 1.252000e-03 3.383720e-01
355 6.601320e-01 1.300000e-03 3.385680e-01
356 6.598960e-01 1.288000e-03 3.388160e-01
357 6.596760e-01 1.300000e-03 3.390240e-01
358 6.594720e-01 1.324000e-03 3.392040e-01
359 6.592400e-01 1.328000e-03 3.394320e-01
360 6.589800e-01 1.364000e-03 3.396560e-01
361 6.588000e-01 1.292000e-03 3.399080e-01
362 6.585760e-01 1.304000e-03 3.401200e-01
363 6.584000e-01 1.224000e-03 3.403760e-01
364 6.581760e-01 1.200000e-03 3.406240e-01
365 6.580560e-01 1.092000e-03 3.408520e-01
366 6.579120e-01 1.048000e-03 3.410400e-01
367 6.577520e-01 1.028000e-03 3.412200e-01
368 6.576360e-01 9.400000e-04 3.414240e-01
369 6.574880e-01 9.200000e-04 3.415920e-01
370 6.573000e-01 9.440000e-04 3.417560e-01
371 6.571040e-01 9.680000e-04 3.419280e-01
372 6.568840e-01 1.028000e-03 3.420880e-01
373 6.567360e-01 9.400000e-04 3.423240e-01
374 6.565920e-01 9.280000e-04 3.424800e-01
375 6.564400e-01 9.480000e-04 3.426120e-01
376 6.563000e-01 8.840000e-04 3.428160e-01
377 6.561600e-01 8.960000e-04 3.429440e-01
378 6.560520e-01 8.280000e-04 3.431200e-01
379 6.559000e-01 8.400000e-04 3.432600e-01
380 6.557720e-01 8.360000e-04 3.433920e-01
381 6.556600e-01 8.080000e-04 3.435320e-01
382 6.554800e-01 8.400000e-04 3.436800e-01
383 6.553040e-01 8.840000e-04 3.438120e-01
384 6.551560e-01 8.360000e-04 3.440080e-01
385 6.550520e-01 7.520000e-04 3.441960e-01
386 6.549640e-01 6.960000e-04 3.443400e-01
387 6.548720e-01 6.400000e-04 3.444880e-01
388 6.547640e-01 6.200000e-04 3.446160e-01
389 6.547000e-01 5.800000e-04 3.447200e-01
390 6.546120e-01 5.760000e-04 3.448120e-01
391 6.545200e-01 5.920000e-04 3.448880e-01
392 6.544040e-01 6.120000e-04 3.449840e-01
393 6.543160e-01 5.720000e-04 3.451120e-01
394 6.542080e-01 5.680000e-04 3.452240e-01
395 6.541280e-01 5.520000e-04 3.453200e-01
396 6.540120e-01 5.440000e-04 3.454440e-01
397 6.539000e-01 5.360000e-04 3.455640e-01
398 6.537920e-01 5.640000e-04 3.456440e-01
399 6.537280e-01 5.320000e-04 3.457400e-01
400 6.536680e-01 4.760000e-04 3.458560e-01
401 6.535800e-01 4.760000e-04 3.459440e-01
402 6.535000e-01 4.480000e-04 3.460520e-01
403 6.534280e-01 4.320000e-04 3.461400e-01
404 6.533200e-01 4.760000e-04 3.462040e-01
405 6.532680e-01 4.560000e-04 3.462760e-01
406 6.531840e-01 4.600000e-04 3.463560e-01
407 6.531280e-01 4.440000e-04 3.464280e-01
408 6.530560e-01 4.440000e-04 3.465000e-01
409 6.529880e-01 4.560000e-04 3.465560e-01
410 6.529200e-01 4.520000e-04 3.466280e-01
411 6.528480e-01 4.320000e-04 3.467200e-01
412 6.527880e-01 4.240000e-04 3.467880e-01
413 6.527240e-01 4.240000e-04 3.468520e-01
414 6.526280e-01 4.440000e-04 3.469280e-01
415 6.525560e-01 4.440000e-04 3.470000e-01
416 6.524880e-01 4.080000e-04 3.471040e-01
417 6.523920e-01 4.480000e-04 3.471600e-01
418 6.522920e-01 4.960000e-04 3.472120e-01
419 6.522040e-01 5.160000e-04 3.472800e-01
420 6.520720e-01 5.560000e-04 3.473720e-01
421 6.519680e-01 5.640000e-04 3.474680e-01
422 6.518480e-01 5.640000e-04 3.475880e-01
423 6.517360e-01 6.000000e-04 3.476640e-01
424 6.516120e-01 6.280000e-04 3.477600e-01
425 6.514760e-01 5.880000e-04 3.479360e-01
426 6.513320e-01 6.320000e-04 3.480360e-01
427 6.511480e-01 6.920000e-04 3.481600e-01
428 6.510160e-01 6.760000e-04 3.483080e-01
429 6.509240e-01 6.360000e-04 3.484400e-01
430 6.508520e-01 6.040000e-04 3.485440e-01
431 6.507680e-01 5.760000e-04 3.486560e-01
432 6.506920e-01 5.520000e-04 3.487560e-01
433 6.506040e-01 5.080000e-04 3.488880e-01
434 6.505160e-01 4.920000e-04 3.489920e-01
435 6.504280e-01 4.920000e-04 3.490800e-01
436 6.503600e-01 4.640000e-04 3.491760e-01
437 6.503040e-01 4.480000e-04 3.492480e-01
438 6.502520e-01 3.920000e-04 3.493560e-01
439 6.502240e-01 3.560000e-04 3.494200e-01
440 6.501680e-01 3.240000e-04 3.495080e-01
441 6.500840e-01 3.440000e-04 3.495720e-01
442 6.500280e-01 3.320000e-04 3.496400e-01
443 6.499440e-01 3.480000e-04 3.497080e-01
444 6.498480e-01 4.120000e-04 3.497400e-01
445 6.497800e-01 4.160000e-04 3.498040e-01
446 6.496960e-01 4.320000e-04 3.498720e-01
447 6.496160e-01 4.200000e-04 3.499640e-01
448 6.494960e-01 4.480000e-04 3.500560e-01
449 6.493880e-01 4.720000e-04 3.501400e-01
450 6.492400e-01 5.160000e-04 3.502440e-01
451 6.491480e-01 5.080000e-04 3.503440e-01
452 6.490000e-01 5.360000e-04 3.504640e-01
453 6.488720e-01 5.680000e-04 3.505600e-01
454 6.487440e-01 6.040000e-04 3.506520e-01
455 6.486440e-01 5.760000e-04 3.507800e-01
456 6.485200e-01 5.640000e-04 3.509160e-01
457 6.484280e-01 5.720000e-04 3.510000e-01
458 6.482960e-01 5.960000e-04 3.511080e-01
459 6.481960e-01 5.880000e-04 3.512160e-01
460 6.480680e-01 6.080000e-04 3.513240e-01
461 6.479720e-01 5.600000e-04 3.514680e-01
462 6.478760e-01 5.480000e-04 3.515760e-01
463 6.477640e-01 5.720000e-04 3.516640e-01
464 6.476280e-01 6.240000e-04 3.517480e-01
465 6.475040e-01 6.480000e-04 3.518480e-01
466 6.473400e-01 6.760000e-04 3.519840e-01
467 6.472400e-01 6.480000e-04 3.521120e-01
468 6.471160e-01 6.520000e-04 3.522320e-01
469 6.470080e-01 6.280000e-04 3.523640e-01
470 6.469080e-01 6.280000e-04 3.524640e-01
471 6.468200e-01 6.120000e-04 3.525680e-01
472 6.467200e-01 6.200000e-04 3.526600e-01
473 6.466360e-01 5.760000e-04 3.527880e-01
474 6.465800e-01 5.640000e-04 3.528560e-01
475 6.465120e-01 5.400000e-04 3.529480e-01
476 6.464160e-01 5.600000e-04 3.530240e-01
477 6.463240e-01 5.560000e-04 3.531200e-01
478 6.462280e-01 5.280000e-04 3.532440e-01
479 6.461560e-01 5.040000e-04 3.533400e-01
480 6.460840e-01 4.720000e-04 3.534440e-01
481 6.460200e-01 4.640000e-04 3.535160e-01
482 6.459640e-01 4.400000e-04 3.535960e-01
483 6.459000e-01 4.400000e-04 3.536600e-01
484 6.457560e-01 4.960000e-04 3.537480e-01
485 6.456920e-01 4.920000e-04 3.538160e-01
486 6.456080e-01 4.920000e-04 3.539000e-01
487 6.455320e-01 4.840000e-04 3.539840e-01
488 6.454400e-01 5.000000e-04 3.540600e-01
489 6.453360e-01 5.280000e-04 3.541360e-01
490 6.452600e-01 5.040000e-04 3.542360e-01
491 6.451720e-01 4.840000e-04 3.543440e-01
492 6.451080e-01 4.680000e-04 3.544240e-01
493 6.449760e-01 5.200000e-04 3.545040e-01
494 6.448600e-01 5.680000e-04 3.545720e-01
495 6.447360e-01 6.280000e-04 3.546360e-01
496 6.446280e-01 6.440000e-04 3.547280e-01
497 6.444720e-01 7.160000e-04 3.548120e-01
498 6.443160e-01 7.280000e-04 3.549560e-01
499 6.441680e-01 7.400000e-04 3.550920e-01
500 6.440200e-01 7.360000e-04 3.552440e-01
