1 9.991520e-01 7.400000e-04 1.080000e-04
2 9.984840e-01 1.264000e-03 2.520000e-04
3 9.977080e-01 1.816000e-03 4.760000e-04
4 9.969520e-01 2.260000e-03 7.880000e-04
5 9.960760e-01 2.704000e-03 1.220000e-03
6 9.953320e-01 2.968000e-03 1.700000e-03
7 9.944440e-01 3.296000e-03 2.260000e-03
8 9.935040e-01 3.612000e-03 2.884000e-03
9 9.925920e-01 3.912000e-03 3.496000e-03
10 9.915800e-01 4.188000e-03 4.232000e-03
11 9.907360e-01 4.232000e-03 5.032000e-03
12 9.896760e-01 4.556000e-03 5.768000e-03
13 9.885960e-01 4.796000e-03 6.608000e-03
14 9.874600e-01 5.144000e-03 7.396000e-03
15 9.862560e-01 5.476000e-03 8.268000e-03
16 9.849560e-01 5.660000e-03 9.384000e-03
17 9.838440e-01 5.700000e-03 1.045600e-02
18 9.826000e-01 6.044000e-03 1.135600e-02
19 9.813400e-01 6.196000e-03 1.246400e-02
20 9.800720e-01 6.316000e-03 1.361200e-02
21 9.789200e-01 6.364000e-03 1.471600e-02
22 9.776840e-01 6.464000e-03 1.585200e-02
23 9.763240e-01 6.576000e-03 1.710000e-02
24 9.751000e-01 6.568000e-03 1.833200e-02
25 9.737440e-01 6.688000e-03 1.956800e-02
26 9.724120e-01 6.816000e-03 2.077200e-02
27 9.710240e-01 7.096000e-03 2.188000e-02
28 9.696280e-01 7.344000e-03 2.302800e-02
29 9.680360e-01 7.656000e-03 2.430800e-02
30 9.664520e-01 7.852000e-03 2.569600e-02
31 9.649400e-01 7.928000e-03 2.713200e-02
32 9.633600e-01 8.024000e-03 2.861600e-02
33 9.617440e-01 8.200000e-03 3.005600e-02
34 9.600560e-01 8.384000e-03 3.156000e-02
35 9.584480e-01 8.564000e-03 3.298800e-02
36 9.569720e-01 8.468000e-03 3.456000e-02
37 9.554120e-01 8.544000e-03 3.604400e-02
38 9.538040e-01 8.616000e-03 3.758000e-02
39 9.522120e-01 8.728000e-03 3.906000e-02
40 9.506960e-01 8.744000e-03 4.056000e-02
41 9.491280e-01 8.768000e-03 4.210400e-02
42 9.474880e-01 8.788000e-03 4.372400e-02
43 9.457400e-01 9.076000e-03 4.518400e-02
44 9.439800e-01 9.256000e-03 4.676400e-02
45 9.424680e-01 9.236000e-03 4.829600e-02
46 9.408720e-01 9.316000e-03 4.981200e-02
47 9.392440e-01 9.288000e-03 5.146800e-02
48 9.375200e-01 9.380000e-03 5.310000e-02
49 9.358080e-01 9.356000e-03 5.483600e-02
50 9.340040e-01 9.464000e-03 5.653200e-02
51 9.322120e-01 9.424000e-03 5.836400e-02
52 9.305080e-01 9.444000e-03 6.004800e-02
53 9.288280e-01 9.472000e-03 6.170000e-02
54 9.272000e-01 9.452000e-03 6.334800e-02
55 9.255400e-01 9.512000e-03 6.494800e-02
56 9.237160e-01 9.640000e-03 6.664400e-02
57 9.221760e-01 9.540000e-03 6.828400e-02
58 9.204120e-01 9.544000e-03 7.004400e-02
59 9.184640e-01 9.876000e-03 7.166000e-02
60 9.165200e-01 1.000800e-02 7.347200e-02
61 9.145000e-01 1.036400e-02 7.513600e-02
62 9.126600e-01 1.045200e-02 7.688800e-02
63 9.107520e-01 1.036400e-02 7.888400e-02
64 9.089720e-01 1.033200e-02 8.069600e-02
65 9.069240e-01 1.050800e-02 8.256800e-02
66 9.050800e-01 1.046800e-02 8.445200e-02
67 9.032680e-01 1.046000e-02 8.627200e-02
68 9.013440e-01 1.058800e-02 8.806800e-02
69 8.995160e-01 1.062000e-02 8.986400e-02
70 8.976600e-01 1.063200e-02 9.170800e-02
71 8.958600e-01 1.062800e-02 9.351200e-02
72 8.942080e-01 1.038400e-02 9.540800e-02
73 8.924960e-01 1.014800e-02 9.735600e-02
74 8.908040e-01 9.948000e-03 9.924800e-02
75 8.890120e-01 1.002400e-02 1.009640e-01
76 8.871800e-01 1.023600e-02 1.025840e-01
77 8.855040e-01 1.014000e-02 1.043560e-01
78 8.836280e-01 1.019200e-02 1.061800e-01
79 8.818800e-01 1.023600e-02 1.078840e-01
80 8.799640e-01 1.029200e-02 1.097440e-01
81 8.782240e-01 1.022400e-02 1.115520e-01
82 8.763440e-01 1.029200e-02 1.133640e-01
83 8.746000e-01 1.020800e-02 1.151920e-01
84 8.728480e-01 1.013600e-02 1.170160e-01
85 8.710680e-01 1.018000e-02 1.187520e-01
86 8.693840e-01 1.004800e-02 1.205680e-01
87 8.678120e-01 9.860000e-03 1.223280e-01
88 8.661280e-01 9.940000e-03 1.239320e-01
89 8.645600e-01 9.684000e-03 1.257560e-01
90 8.628120e-01 9.728000e-03 1.274600e-01
91 8.609360e-01 9.828000e-03 1.292360e-01
92 8.592600e-01 9.712000e-03 1.310280e-01
93 8.577000e-01 9.448000e-03 1.328520e-01
94 8.561280e-01 9.312000e-03 1.345600e-01
95 8.545520e-01 9.256000e-03 1.361920e-01
96 8.530960e-01 9.008000e-03 1.378960e-01
97 8.515520e-01 8.904000e-03 1.395440e-01
98 8.501000e-01 8.904000e-03 1.409960e-01
99 8.485840e-01 8.868000e-03 1.425480e-01
100 8.472520e-01 8.672000e-03 1.440760e-01
101 8.458760e-01 8.504000e-03 1.456200e-01
102 8.445320e-01 8.376000e-03 1.470920e-01
103 8.431600e-01 8.268000e-03 1.485720e-01
104 8.417560e-01 8.208000e-03 1.500360e-01
105 8.402280e-01 8.380000e-03 1.513920e-01
106 8.389200e-01 8.244000e-03 1.528360e-01
107 8.375160e-01 8.124000e-03 1.543600e-01
108 8.360040e-01 8.212000e-03 1.557840e-01
109 8.345360e-01 8.328000e-03 1.571360e-01
110 8.330280e-01 8.476000e-03 1.584960e-01
111 8.315400e-01 8.516000e-03 1.599440e-01
112 8.300640e-01 8.480000e-03 1.614560e-01
113 8.285640e-01 8.532000e-03 1.629040e-01
114 8.270960e-01 8.436000e-03 1.644680e-01
115 8.257960e-01 8.284000e-03 1.659200e-01
116 8.243560e-01 8.312000e-03 1.673320e-01
117 8.230000e-01 8.208000e-03 1.687920e-01
118 8.215360e-01 8.232000e-03 1.702320e-01
119 8.199840e-01 8.376000e-03 1.716400e-01
120 8.186160e-01 8.260000e-03 1.731240e-01
121 8.169720e-01 8.412000e-03 1.746160e-01
122 8.155960e-01 8.328000e-03 1.760760e-01
123 8.142560e-01 8.360000e-03 1.773840e-01
124 8.129160e-01 8.336000e-03 1.787480e-01
125 8.115680e-01 8.356000e-03 1.800760e-01
126 8.100720e-01 8.364000e-03 1.815640e-01
127 8.086080e-01 8.392000e-03 1.830000e-01
128 8.072040e-01 8.308000e-03 1.844880e-01
129 8.058720e-01 8.120000e-03 1.860080e-01
130 8.045640e-01 8.068000e-03 1.873680e-01
131 8.031120e-01 8.044000e-03 1.888440e-01
132 8.016160e-01 8.164000e-03 1.902200e-01
133 8.000760e-01 8.264000e-03 1.916600e-01
134 7.986920e-01 8.260000e-03 1.930480e-01
135 7.973240e-01 8.108000e-03 1.945680e-01
136 7.960120e-01 7.976000e-03 1.960120e-01
137 7.946480e-01 7.932000e-03 1.974200e-01
138 7.933520e-01 7.820000e-03 1.988280e-01
139 7.920440e-01 7.880000e-03 2.000760e-01
140 7.906160e-01 7.968000e-03 2.014160e-01
141 7.891800e-01 8.036000e-03 2.027840e-01
142 7.878280e-01 8.152000e-03 2.040200e-01
143 7.865000e-01 8.080000e-03 2.054200e-01
144 7.850000e-01 8.124000e-03 2.068760e-01
145 7.834200e-01 8.296000e-03 2.082840e-01
146 7.818120e-01 8.384000e-03 2.098040e-01
147 7.803400e-01 8.352000e-03 2.113080e-01
148 7.789280e-01 8.336000e-03 2.127360e-01
149 7.774280e-01 8.316000e-03 2.142560e-01
150 7.759520e-01 8.244000e-03 2.158040e-01
151 7.745360e-01 8.264000e-03 2.172000e-01
152 7.732320e-01 8.120000e-03 2.186480e-01
153 7.719720e-01 7.980000e-03 2.200480e-01
154 7.706320e-01 7.928000e-03 2.214400e-01
155 7.694640e-01 7.580000e-03 2.229560e-01
156 7.681560e-01 7.588000e-03 2.242560e-01
157 7.667640e-01 7.692000e-03 2.255440e-01
158 7.655680e-01 7.544000e-03 2.268880e-01
159 7.643080e-01 7.396000e-03 2.282960e-01
160 7.630280e-01 7.428000e-03 2.295440e-01
161 7.618520e-01 7.264000e-03 2.308840e-01
162 7.604480e-01 7.548000e-03 2.320040e-01
163 7.592320e-01 7.408000e-03 2.333600e-01
164 7.579960e-01 7.364000e-03 2.346400e-01
165 7.567440e-01 7.312000e-03 2.359440e-01
166 7.555520e-01 7.308000e-03 2.371400e-01
167 7.543680e-01 7.264000e-03 2.383680e-01
168 7.531600e-01 7.192000e-03 2.396480e-01
169 7.518920e-01 7.204000e-03 2.409040e-01
170 7.505880e-01 7.104000e-03 2.423080e-01
171 7.493120e-01 7.116000e-03 2.435720e-01
172 7.481280e-01 7.040000e-03 2.448320e-01
173 7.470040e-01 6.928000e-03 2.460680e-01
174 7.458080e-01 6.876000e-03 2.473160e-01
175 7.446080e-01 6.956000e-03 2.484360e-01
176 7.433400e-01 6.948000e-03 2.497120e-01
177 7.420320e-01 7.080000e-03 2.508880e-01
178 7.409240e-01 6.972000e-03 2.521040e-01
179 7.398360e-01 6.752000e-03 2.534120e-01
180 7.387760e-01 6.596000e-03 2.546280e-01
181 7.376400e-01 6.576000e-03 2.557840e-01
182 7.367080e-01 6.264000e-03 2.570280e-01
183 7.357000e-01 6.196000e-03 2.581040e-01
184 7.346840e-01 6.152000e-03 2.591640e-01
185 7.335760e-01 6.144000e-03 2.602800e-01
186 7.325320e-01 6.088000e-03 2.613800e-01
187 7.314120e-01 6.052000e-03 2.625360e-01
188 7.302040e-01 6.228000e-03 2.635680e-01
189 7.292480e-01 6.080000e-03 2.646720e-01
190 7.283640e-01 5.908000e-03 2.657280e-01
191 7.274640e-01 5.860000e-03 2.666760e-01
192 7.265200e-01 5.888000e-03 2.675920e-01
193 7.256280e-01 5.812000e-03 2.685600e-01
194 7.246840e-01 5.696000e-03 2.696200e-01
195 7.237600e-01 5.628000e-03 2.706120e-01
196 7.228280e-01 5.564000e-03 2.716080e-01
197 7.219520e-01 5.476000e-03 2.725720e-01
198 7.209960e-01 5.464000e-03 2.735400e-01
199 7.200320e-01 5.448000e-03 2.745200e-01
200 7.191040e-01 5.396000e-03 2.755000e-01
201 7.183120e-01 5.256000e-03 2.764320e-01
202 7.174560e-01 5.296000e-03 2.772480e-01
203 7.165160e-01 5.324000e-03 2.781600e-01
204 7.157000e-01 5.236000e-03 2.790640e-01
205 7.147720e-01 5.316000e-03 2.799120e-01
206 7.139840e-01 5.172000e-03 2.808440e-01
207 7.132520e-01 5.000000e-03 2.817480e-01
208 7.125160e-01 4.916000e-03 2.825680e-01
209 7.117600e-01 4.816000e-03 2.834240e-01
210 7.110600e-01 4.740000e-03 2.842000e-01
211 7.102440e-01 4.792000e-03 2.849640e-01
212 7.094560e-01 4.732000e-03 2.858120e-01
213 7.087560e-01 4.676000e-03 2.865680e-01
214 7.080760e-01 4.516000e-03 2.874080e-01
215 7.073400e-01 4.456000e-03 2.882040e-01
216 7.066400e-01 4.468000e-03 2.888920e-01
217 7.058400e-01 4.452000e-03 2.897080e-01
218 7.051680e-01 4.376000e-03 2.904560e-01
219 7.044960e-01 4.364000e-03 2.911400e-01
220 7.037440e-01 4.404000e-03 2.918520e-01
221 7.029960e-01 4.392000e-03 2.926120e-01
222 7.022600e-01 4.336000e-03 2.934040e-01
223 7.016040e-01 4.208000e-03 2.941880e-01
224 7.009320e-01 4.112000e-03 2.949560e-01
225 7.001480e-01 4.236000e-03 2.956160e-01
226 6.994840e-01 4.224000e-03 2.962920e-01
227 6.987480e-01 4.196000e-03 2.970560e-01
228 6.980760e-01 4.104000e-03 2.978200e-01
229 6.973200e-01 4.136000e-03 2.985440e-01
230 6.966520e-01 4.088000e-03 2.992600e-01
231 6.960000e-01 3.980000e-03 3.000200e-01
232 6.953560e-01 3.944000e-03 3.007000e-01
233 6.946640e-01 3.920000e-03 3.014160e-01
234 6.940520e-01 3.856000e-03 3.020920e-01
235 6.934880e-01 3.816000e-03 3.026960e-01
236 6.928680e-01 3.832000e-03 3.033000e-01
237 6.922760e-01 3.784000e-03 3.039400e-01
238 6.916680e-01 3.824000e-03 3.045080e-01
239 6.909680e-01 3.864000e-03 3.051680e-01
240 6.904200e-01 3.820000e-03 3.057600e-01
241 6.898240e-01 3.772000e-03 3.064040e-01
242 6.892480e-01 3.652000e-03 3.071000e-01
243 6.887720e-01 3.480000e-03 3.077480e-01
244 6.882600e-01 3.444000e-03 3.082960e-01
245 6.878160e-01 3.248000e-03 3.089360e-01
246 6.873320e-01 3.140000e-03 3.095280e-01
247 6.869320e-01 3.068000e-03 3.100000e-01
248 6.863680e-01 3.140000e-03 3.104920e-01
249 6.859000e-01 3.020000e-03 3.110800e-01
250 6.854440e-01 2.900000e-03 3.116560e-01
251 6.850000e-01 2.872000e-03 3.121280e-01
252 6.844880e-01 2.872000e-03 3.126400e-01
253 6.840920e-01 2.792000e-03 3.131160e-01
254 6.837040e-01 2.776000e-03 3.135200e-01
255 6.832960e-01 2.688000e-03 3.140160e-01
256 6.829360e-01 2.528000e-03 3.145360e-01
257 6.825280e-01 2.452000e-03 3.150200e-01
258 6.822040e-01 2.360000e-03 3.154360e-01
259 6.818320e-01 2.332000e-03 3.158360e-01
260 6.815400e-01 2.252000e-03 3.162080e-01
261 6.812600e-01 2.152000e-03 3.165880e-01
262 6.809600e-01 2.072000e-03 3.169680e-01
263 6.805880e-01 2.116000e-03 3.172960e-01
264 6.803000e-01 2.032000e-03 3.176680e-01
265 6.800720e-01 1.912000e-03 3.180160e-01
266 6.797560e-01 1.872000e-03 3.183720e-01
267 6.794320e-01 1.872000e-03 3.186960e-01
268 6.791360e-01 1.848000e-03 3.190160e-01
269 6.788240e-01 1.812000e-03 3.193640e-01
270 6.784640e-01 1.856000e-03 3.196800e-01
271 6.782040e-01 1.804000e-03 3.199920e-01
272 6.778760e-01 1.848000e-03 3.202760e-01
273 6.775200e-01 1.960000e-03 3.205200e-01
274 6.772320e-01 1.908000e-03 3.208600e-01
275 6.769360e-01 1.908000e-03 3.211560e-01
276 6.765840e-01 1.900000e-03 3.215160e-01
277 6.762560e-01 1.900000e-03 3.218440e-01
278 6.759520e-01 1.892000e-03 3.221560e-01
279 6.756360e-01 1.908000e-03 3.224560e-01
280 6.752840e-01 1.892000e-03 3.228240e-01
281 6.749040e-01 2.000000e-03 3.230960e-01
282 6.746160e-01 1.952000e-03 3.234320e-01
283 6.742840e-01 1.944000e-03 3.237720e-01
284 6.739520e-01 1.932000e-03 3.241160e-01
285 6.736520e-01 1.916000e-03 3.244320e-01
286 6.733560e-01 1.904000e-03 3.247400e-01
287 6.730400e-01 1.872000e-03 3.250880e-01
288 6.726760e-01 1.928000e-03 3.253960e-01
289 6.723600e-01 1.920000e-03 3.257200e-01
290 6.720840e-01 1.824000e-03 3.260920e-01
291 6.717960e-01 1.800000e-03 3.264040e-01
292 6.715320e-01 1.824000e-03 3.266440e-01
293 6.712400e-01 1.812000e-03 3.269480e-01
294 6.709840e-01 1.752000e-03 3.272640e-01
295 6.707560e-01 1.684000e-03 3.275600e-01
296 6.705040e-01 1.596000e-03 3.279000e-01
297 6.702760e-01 1.560000e-03 3.281640e-01
298 6.699560e-01 1.624000e-03 3.284200e-01
299 6.696240e-01 1.696000e-03 3.286800e-01
300 6.692520e-01 1.776000e-03 3.289720e-01
301 6.689040e-01 1.792000e-03 3.293040e-01
302 6.685800e-01 1.816000e-03 3.296040e-01
303 6.682920e-01 1.772000e-03 3.299360e-01
304 6.680680e-01 1.680000e-03 3.302520e-01
305 6.677000e-01 1.864000e-03 3.304360e-01
306 6.674360e-01 1.832000e-03 3.307320e-01
307 6.671520e-01 1.860000e-03 3.309880e-01
308 6.669120e-01 1.796000e-03 3.312920e-01
309 6.665840e-01 1.752000e-03 3.316640e-01
310 6.663520e-01 1.676000e-03 3.319720e-01
311 6.660680e-01 1.680000e-03 3.322520e-01
312 6.657560e-01 1.676000e-03 3.325680e-01
313 6.655200e-01 1.608000e-03 3.328720e-01
314 6.652640e-01 1.576000e-03 3.331600e-01
315 6.650000e-01 1.564000e-03 3.334360e-01
316 6.647120e-01 1.564000e-03 3.337240e-01
317 6.644360e-01 1.556000e-03 3.340080e-01
318 6.641000e-01 1.584000e-03 3.343160e-01
319 6.637760e-01 1.648000e-03 3.345760e-01
320 6.634880e-01 1.636000e-03 3.348760e-01
321 6.632200e-01 1.636000e-03 3.351440e-01
322 6.628840e-01 1.712000e-03 3.354040e-01
323 6.626000e-01 1.708000e-03 3.356920e-01
324 6.623080e-01 1.664000e-03 3.360280e-01
325 6.620200e-01 1.644000e-03 3.363360e-01
326 6.617160e-01 1.672000e-03 3.366120e-01
327 6.614280e-01 1.672000e-03 3.369000e-01
328 6.611840e-01 1.616000e-03 3.372000e-01
329 6.609280e-01 1.608000e-03 3.374640e-01
330 6.606240e-01 1.680000e-03 3.376960e-01
331 6.603320e-01 1.652000e-03 3.380160e-01
332 6.601000e-01 1.572000e-03 3.383280e-01
333 6.598680e-01 1.516000e-03 3.386160e-01
334 6.596320e-01 1.512000e-03 3.388560e-01
335 6.593960e-01 1.456000e-03 3.391480e-01
336 6.591360e-01 1.468000e-03 3.393960e-01
337 6.588520e-01 1.468000e-03 3.396800e-01
338 6.586200e-01 1.408000e-03 3.399720e-01
339 6.582840e-01 1.416000e-03 3.403000e-01
340 6.580000e-01 1.436000e-03 3.405640e-01
341 6.576640e-01 1.468000e-03 3.408680e-01
342 6.573720e-01 1.528000e-03 3.411000e-01
343 6.570760e-01 1.564000e-03 3.413600e-01
344 6.568280e-01 1.536000e-03 3.416360e-01
345 6.565600e-01 1.560000e-03 3.418800e-01
346 6.562920e-01 1.580000e-03 3.421280e-01
347 6.560280e-01 1.588000e-03 3.423840e-01
348 6.557640e-01 1.608000e-03 3.426280e-01
349 6.554800e-01 1.596000e-03 3.429240e-01
350 6.552920e-01 1.532000e-03 3.431760e-01
351 6.550720e-01 1.500000e-03 3.434280e-01
352 6.548680e-01 1.472000e-03 3.436600e-01
353 6.546440e-01 1.416000e-03 3.439400e-01
354 6.544000e-01 1.444000e-03 3.441560e-01
355 6.541720e-01 1.408000e-03 3.444200e-01
356 6.539720e-01 1.340000e-03 3.446880e-01
357 6.538280e-01 1.236000e-03 3.449360e-01
358 6.536560e-01 1.216000e-03 3.451280e-01
359 6.535120e-01 1.156000e-03 3.453320e-01
360 6.533360e-01 1.124000e-03 3.455400e-01
361 6.532280e-01 1.012000e-03 3.457600e-01
362 6.531120e-01 9.680000e-04 3.459200e-01
363 6.529960e-01 9.360000e-04 3.460680e-01
364 6.528400e-01 9.480000e-04 3.462120e-01
365 6.526840e-01 8.960000e-04 3.464200e-01
366 6.525640e-01 8.880000e-04 3.465480e-01
367 6.524440e-01 8.800000e-04 3.466760e-01
368 6.523320e-01 8.520000e-04 3.468160e-01
369 6.522480e-01 7.880000e-04 3.469640e-01
370 6.521400e-01 7.600000e-04 3.471000e-01
371 6.520480e-01 7.080000e-04 3.472440e-01
372 6.519640e-01 6.760000e-04 3.473600e-01
373 6.518360e-01 6.880000e-04 3.474760e-01
374 6.517680e-01 6.520000e-04 3.475800e-01
375 6.516720e-01 6.360000e-04 3.476920e-01
376 6.515800e-01 6.000000e-04 3.478200e-01
377 6.515080e-01 5.720000e-04 3.479200e-01
378 6.514120e-01 5.440000e-04 3.480440e-01
379 6.513200e-01 5.360000e-04 3.481440e-01
380 6.512680e-01 4.760000e-04 3.482560e-01
381 6.512200e-01 4.440000e-04 3.483360e-01
382 6.511440e-01 4.480000e-04 3.484080e-01
383 6.510960e-01 4.200000e-04 3.484840e-01
384 6.510000e-01 4.560000e-04 3.485440e-01
385 6.509440e-01 4.360000e-04 3.486200e-01
386 6.508840e-01 4.360000e-04 3.486800e-01
387 6.508160e-01 4.280000e-04 3.487560e-01
388 6.507680e-01 4.080000e-04 3.488240e-01
389 6.506880e-01 4.080000e-04 3.489040e-01
390 6.506200e-01 3.640000e-04 3.490160e-01
391 6.505800e-01 3.480000e-04 3.490720e-01
392 6.505160e-01 3.720000e-04 3.491120e-01
393 6.504400e-01 3.720000e-04 3.491880e-01
394 6.503560e-01 4.200000e-04 3.492240e-01
395 6.502480e-01 4.520000e-04 3.493000e-01
396 6.501080e-01 5.360000e-04 3.493560e-01
397 6.500520e-01 5.000000e-04 3.494480e-01
398 6.499480e-01 5.160000e-04 3.495360e-01
399 6.498200e-01 5.200000e-04 3.496600e-01
400 6.496800e-01 5.960000e-04 3.497240e-01
401 6.495280e-01 6.560000e-04 3.498160e-01
402 6.494280e-01 6.680000e-04 3.499040e-01
403 6.492840e-01 6.640000e-04 3.500520e-01
404 6.491600e-01 6.640000e-04 3.501760e-01
405 6.490080e-01 7.080000e-04 3.502840e-01
406 6.489440e-01 6.520000e-04 3.504040e-01
407 6.488240e-01 6.640000e-04 3.505120e-01
408 6.487760e-01 5.880000e-04 3.506360e-01
409 6.487120e-01 5.520000e-04 3.507360e-01
410 6.486360e-01 5.440000e-04 3.508200e-01
411 6.485560e-01 5.360000e-04 3.509080e-01
412 6.484720e-01 5.360000e-04 3.509920e-01
413 6.484080e-01 5.160000e-04 3.510760e-01
414 6.483520e-01 4.600000e-04 3.511880e-01
415 6.482840e-01 4.520000e-04 3.512640e-01
416 6.482000e-01 4.640000e-04 3.513360e-01
417 6.481240e-01 4.600000e-04 3.514160e-01
418 6.480360e-01 4.680000e-04 3.514960e-01
419 6.479400e-01 4.840000e-04 3.515760e-01
420 6.478720e-01 4.840000e-04 3.516440e-01
421 6.478040e-01 4.560000e-04 3.517400e-01
422 6.477560e-01 4.320000e-04 3.518120e-01
423 6.477000e-01 4.080000e-04 3.518920e-01
424 6.476560e-01 3.680000e-04 3.519760e-01
425 6.476160e-01 3.360000e-04 3.520480e-01
426 6.475560e-01 3.320000e-04 3.521120e-01
427 6.475320e-01 3.120000e-04 3.521560e-01
428 6.475040e-01 2.840000e-04 3.522120e-01
429 6.474720e-01 2.480000e-04 3.522800e-01
430 6.474480e-01 2.360000e-04 3.523160e-01
431 6.474040e-01 2.400000e-04 3.523560e-01
432 6.473640e-01 2.600000e-04 3.523760e-01
433 6.473320e-01 2.560000e-04 3.524120e-01
434 6.472840e-01 2.520000e-04 3.524640e-01
435 6.472320e-01 2.640000e-04 3.525040e-01
436 6.471600e-01 2.880000e-04 3.525520e-01
437 6.471280e-01 2.760000e-04 3.525960e-01
438 6.470760e-01 2.760000e-04 3.526480e-01
439 6.470280e-01 2.640000e-04 3.527080e-01
440 6.469760e-01 2.880000e-04 3.527360e-01
441 6.469480e-01 2.640000e-04 3.527880e-01
442 6.468960e-01 2.560000e-04 3.528480e-01
443 6.468680e-01 2.320000e-04 3.529000e-01
444 6.468000e-01 2.600000e-04 3.529400e-01
445 6.467560e-01 2.640000e-04 3.529800e-01
446 6.467320e-01 2.320000e-04 3.530360e-01
447 6.466720e-01 2.680000e-04 3.530600e-01
448 6.466160e-01 3.000000e-04 3.530840e-01
449 6.465320e-01 3.360000e-04 3.531320e-01
450 6.464640e-01 3.200000e-04 3.532160e-01
451 6.464200e-01 2.840000e-04 3.532960e-01
452 6.463800e-01 2.720000e-04 3.533480e-01
453 6.463320e-01 2.840000e-04 3.533840e-01
454 6.463040e-01 2.840000e-04 3.534120e-01
455 6.462520e-01 2.880000e-04 3.534600e-01
456 6.462280e-01 2.360000e-04 3.535360e-01
457 6.462080e-01 2.120000e-04 3.535800e-01
458 6.461680e-01 2.120000e-04 3.536200e-01
459 6.461480e-01 1.920000e-04 3.536600e-01
460 6.461200e-01 1.800000e-04 3.537000e-01
461 6.460840e-01 1.840000e-04 3.537320e-01
462 6.460480e-01 1.960000e-04 3.537560e-01
463 6.460120e-01 1.960000e-04 3.537920e-01
464 6.459840e-01 1.960000e-04 3.538200e-01
465 6.459560e-01 1.720000e-04 3.538720e-01
466 6.459000e-01 1.960000e-04 3.539040e-01
467 6.458800e-01 1.800000e-04 3.539400e-01
468 6.458240e-01 1.960000e-04 3.539800e-01
469 6.457840e-01 1.960000e-04 3.540200e-01
470 6.457640e-01 1.720000e-04 3.540640e-01
471 6.457320e-01 1.800000e-04 3.540880e-01
472 6.456920e-01 1.840000e-04 3.541240e-01
473 6.456760e-01 1.840000e-04 3.541400e-01
474 6.456280e-01 2.160000e-04 3.541560e-01
475 6.455920e-01 2.160000e-04 3.541920e-01
476 6.455560e-01 2.160000e-04 3.542280e-01
477 6.455280e-01 2.160000e-04 3.542560e-01
478 6.454640e-01 2.400000e-04 3.542960e-01
479 6.454240e-01 2.400000e-04 3.543360e-01
480 6.453680e-01 2.360000e-04 3.543960e-01
481 6.453440e-01 2.120000e-04 3.544440e-01
482 6.453080e-01 2.240000e-04 3.544680e-01
483 6.452600e-01 2.200000e-04 3.545200e-01
484 6.452040e-01 2.600000e-04 3.545360e-01
485 6.451240e-01 3.120000e-04 3.545640e-01
486 6.450480e-01 3.240000e-04 3.546280e-01
487 6.449720e-01 3.480000e-04 3.546800e-01
488 6.449360e-01 3.320000e-04 3.547320e-01
489 6.448880e-01 3.400000e-04 3.547720e-01
490 6.448200e-01 3.400000e-04 3.548400e-01
491 6.447720e-01 3.480000e-04 3.548800e-01
492 6.446880e-01 3.680000e-04 3.549440e-01
493 6.446000e-01 3.920000e-04 3.550080e-01
494 6.445440e-01 3.800000e-04 3.550760e-01
495 6.445280e-01 3.240000e-04 3.551480e-01
496 6.444880e-01 3.160000e-04 3.551960e-01
497 6.444360e-01 3.080000e-04 3.552560e-01
498 6.443960e-01 2.880000e-04 3.553160e-01
499 6.443280e-01 3.200000e-04 3.553520e-01
500 6.442880e-01 3.080000e-04 3.554040e-01
