1 9.992480e-01 6.520000e-04 1.000000e-04
2 9.987640e-01 1.036000e-03 2.000000e-04
3 9.981880e-01 1.360000e-03 4.520000e-04
4 9.974120e-01 1.824000e-03 7.640000e-04
5 9.967120e-01 2.208000e-03 1.080000e-03
6 9.959000e-01 2.560000e-03 1.540000e-03
7 9.949440e-01 3.100000e-03 1.956000e-03
8 9.939240e-01 3.576000e-03 2.500000e-03
9 9.928760e-01 3.980000e-03 3.144000e-03
10 9.918520e-01 4.296000e-03 3.852000e-03
11 9.907040e-01 4.720000e-03 4.576000e-03
12 9.895880e-01 4.956000e-03 5.456000e-03
13 9.884880e-01 5.136000e-03 6.376000e-03
14 9.873600e-01 5.448000e-03 7.192000e-03
15 9.860840e-01 5.716000e-03 8.200000e-03
16 9.848360e-01 5.976000e-03 9.188000e-03
17 9.835200e-01 6.284000e-03 1.019600e-02
18 9.821000e-01 6.640000e-03 1.126000e-02
19 9.808880e-01 6.584000e-03 1.252800e-02
20 9.794720e-01 6.740000e-03 1.378800e-02
21 9.781560e-01 6.800000e-03 1.504400e-02
22 9.768600e-01 6.924000e-03 1.621600e-02
23 9.753440e-01 7.284000e-03 1.737200e-02
24 9.737520e-01 7.472000e-03 1.877600e-02
25 9.723560e-01 7.532000e-03 2.011200e-02
26 9.709240e-01 7.744000e-03 2.133200e-02
27 9.693120e-01 7.980000e-03 2.270800e-02
28 9.679360e-01 7.840000e-03 2.422400e-02
29 9.663280e-01 8.028000e-03 2.564400e-02
30 9.647400e-01 8.184000e-03 2.707600e-02
31 9.631680e-01 8.368000e-03 2.846400e-02
32 9.616240e-01 8.480000e-03 2.989600e-02
33 9.600600e-01 8.680000e-03 3.126000e-02
34 9.585280e-01 8.764000e-03 3.270800e-02
35 9.568920e-01 8.856000e-03 3.425200e-02
36 9.551320e-01 9.064000e-03 3.580400e-02
37 9.534800e-01 9.152000e-03 3.736800e-02
38 9.516880e-01 9.288000e-03 3.902400e-02
39 9.499880e-01 9.404000e-03 4.060800e-02
40 9.483120e-01 9.436000e-03 4.225200e-02
41 9.464720e-01 9.688000e-03 4.384000e-02
42 9.447520e-01 9.764000e-03 4.548400e-02
43 9.430600e-01 9.792000e-03 4.714800e-02
44 9.412520e-01 9.756000e-03 4.899200e-02
45 9.394520e-01 9.852000e-03 5.069600e-02
46 9.376160e-01 1.016000e-02 5.222400e-02
47 9.358920e-01 1.012800e-02 5.398000e-02
48 9.341960e-01 1.009600e-02 5.570800e-02
49 9.324640e-01 1.008400e-02 5.745200e-02
50 9.308680e-01 9.860000e-03 5.927200e-02
51 9.291320e-01 9.812000e-03 6.105600e-02
52 9.275640e-01 9.668000e-03 6.276800e-02
53 9.258160e-01 9.796000e-03 6.438800e-02
54 9.242400e-01 9.688000e-03 6.607200e-02
55 9.225600e-01 9.676000e-03 6.776400e-02
56 9.206880e-01 9.904000e-03 6.940800e-02
57 9.190760e-01 9.872000e-03 7.105200e-02
58 9.172560e-01 9.916000e-03 7.282800e-02
59 9.154960e-01 9.888000e-03 7.461600e-02
60 9.137640e-01 9.972000e-03 7.626400e-02
61 9.119640e-01 1.009600e-02 7.794000e-02
62 9.102000e-01 1.009200e-02 7.970800e-02
63 9.083560e-01 1.021200e-02 8.143200e-02
64 9.065040e-01 1.022800e-02 8.326800e-02
65 9.046000e-01 1.032800e-02 8.507200e-02
66 9.028280e-01 1.030000e-02 8.687200e-02
67 9.010040e-01 1.029600e-02 8.870000e-02
68 8.992760e-01 1.023200e-02 9.049200e-02
69 8.975360e-01 1.012000e-02 9.234400e-02
70 8.958680e-01 1.007600e-02 9.405600e-02
71 8.942200e-01 9.952000e-03 9.582800e-02
72 8.925360e-01 9.808000e-03 9.765600e-02
73 8.911200e-01 9.508000e-03 9.937200e-02
74 8.895880e-01 9.420000e-03 1.009920e-01
75 8.880440e-01 9.208000e-03 1.027480e-01
76 8.865840e-01 9.148000e-03 1.042680e-01
77 8.849240e-01 9.224000e-03 1.058520e-01
78 8.834200e-01 9.100000e-03 1.074800e-01
79 8.817760e-01 9.208000e-03 1.090160e-01
80 8.803120e-01 9.008000e-03 1.106800e-01
81 8.788080e-01 8.896000e-03 1.122960e-01
82 8.772640e-01 8.848000e-03 1.138880e-01
83 8.759160e-01 8.676000e-03 1.154080e-01
84 8.743880e-01 8.696000e-03 1.169160e-01
85 8.728640e-01 8.828000e-03 1.183080e-01
86 8.713160e-01 8.676000e-03 1.200080e-01
87 8.697040e-01 8.788000e-03 1.215080e-01
88 8.683240e-01 8.680000e-03 1.229960e-01
89 8.667880e-01 8.672000e-03 1.245400e-01
90 8.652880e-01 8.688000e-03 1.260240e-01
91 8.636120e-01 8.848000e-03 1.275400e-01
92 8.621120e-01 8.796000e-03 1.290920e-01
93 8.606960e-01 8.592000e-03 1.307120e-01
94 8.592960e-01 8.628000e-03 1.320760e-01
95 8.576360e-01 8.708000e-03 1.336560e-01
96 8.562960e-01 8.576000e-03 1.351280e-01
97 8.547320e-01 8.728000e-03 1.365400e-01
98 8.532760e-01 8.804000e-03 1.379200e-01
99 8.516600e-01 9.020000e-03 1.393200e-01
100 8.501760e-01 8.968000e-03 1.408560e-01
101 8.486440e-01 8.848000e-03 1.425080e-01
102 8.470240e-01 8.836000e-03 1.441400e-01
103 8.455120e-01 8.816000e-03 1.456720e-01
104 8.439320e-01 8.960000e-03 1.471080e-01
105 8.422480e-01 9.136000e-03 1.486160e-01
106 8.407240e-01 9.112000e-03 1.501640e-01
107 8.390840e-01 9.072000e-03 1.518440e-01
108 8.376040e-01 8.956000e-03 1.534400e-01
109 8.359520e-01 9.016000e-03 1.550320e-01
110 8.344520e-01 8.972000e-03 1.565760e-01
111 8.329360e-01 9.016000e-03 1.580480e-01
112 8.315120e-01 8.852000e-03 1.596360e-01
113 8.300000e-01 8.860000e-03 1.611400e-01
114 8.285760e-01 8.816000e-03 1.626080e-01
115 8.270640e-01 8.724000e-03 1.642120e-01
116 8.254160e-01 8.768000e-03 1.658160e-01
117 8.237880e-01 8.944000e-03 1.672680e-01
118 8.220960e-01 8.976000e-03 1.689280e-01
119 8.201160e-01 9.356000e-03 1.705280e-01
120 8.183000e-01 9.532000e-03 1.721680e-01
121 8.165600e-01 9.620000e-03 1.738200e-01
122 8.148240e-01 9.608000e-03 1.755680e-01
123 8.131720e-01 9.624000e-03 1.772040e-01
124 8.116400e-01 9.384000e-03 1.789760e-01
125 8.100560e-01 9.268000e-03 1.806760e-01
126 8.084400e-01 9.224000e-03 1.823360e-01
127 8.068960e-01 9.124000e-03 1.839800e-01
128 8.053720e-01 9.108000e-03 1.855200e-01
129 8.037360e-01 9.100000e-03 1.871640e-01
130 8.021400e-01 9.156000e-03 1.887040e-01
131 8.005400e-01 8.976000e-03 1.904840e-01
132 7.989400e-01 9.184000e-03 1.918760e-01
133 7.974000e-01 9.164000e-03 1.934360e-01
134 7.957120e-01 9.328000e-03 1.949600e-01
135 7.940440e-01 9.340000e-03 1.966160e-01
136 7.923360e-01 9.412000e-03 1.982520e-01
137 7.908880e-01 9.176000e-03 1.999360e-01
138 7.894600e-01 8.908000e-03 2.016320e-01
139 7.879960e-01 8.896000e-03 2.031080e-01
140 7.864320e-01 8.900000e-03 2.046680e-01
141 7.849600e-01 8.756000e-03 2.062840e-01
142 7.834920e-01 8.592000e-03 2.079160e-01
143 7.819280e-01 8.632000e-03 2.094400e-01
144 7.803080e-01 8.824000e-03 2.108680e-01
145 7.788280e-01 8.876000e-03 2.122960e-01
146 7.772440e-01 8.988000e-03 2.137680e-01
147 7.757480e-01 8.836000e-03 2.154160e-01
148 7.743680e-01 8.688000e-03 2.169440e-01
149 7.729440e-01 8.760000e-03 2.182960e-01
150 7.715640e-01 8.596000e-03 2.198400e-01
151 7.699840e-01 8.704000e-03 2.213120e-01
152 7.686240e-01 8.584000e-03 2.227920e-01
153 7.672720e-01 8.396000e-03 2.243320e-01
154 7.658120e-01 8.388000e-03 2.258000e-01
155 7.644560e-01 8.176000e-03 2.273680e-01
156 7.630920e-01 8.116000e-03 2.287920e-01
157 7.619120e-01 8.072000e-03 2.300160e-01
158 7.606120e-01 7.988000e-03 2.314000e-01
159 7.594000e-01 7.844000e-03 2.327560e-01
160 7.581800e-01 7.636000e-03 2.341840e-01
161 7.570160e-01 7.552000e-03 2.354320e-01
162 7.558160e-01 7.532000e-03 2.366520e-01
163 7.546840e-01 7.252000e-03 2.380640e-01
164 7.534160e-01 7.184000e-03 2.394000e-01
165 7.521600e-01 7.260000e-03 2.405800e-01
166 7.510280e-01 7.216000e-03 2.417560e-01
167 7.497680e-01 7.160000e-03 2.430720e-01
168 7.486560e-01 7.064000e-03 2.442800e-01
169 7.476200e-01 6.928000e-03 2.454520e-01
170 7.465160e-01 6.848000e-03 2.466360e-01
171 7.455080e-01 6.640000e-03 2.478520e-01
172 7.445840e-01 6.376000e-03 2.490400e-01
173 7.436880e-01 6.232000e-03 2.500800e-01
174 7.428440e-01 5.888000e-03 2.512680e-01
175 7.418600e-01 5.836000e-03 2.523040e-01
176 7.409440e-01 5.736000e-03 2.533200e-01
177 7.401520e-01 5.600000e-03 2.542480e-01
178 7.393560e-01 5.316000e-03 2.553280e-01
179 7.385880e-01 5.144000e-03 2.562680e-01
180 7.378160e-01 5.032000e-03 2.571520e-01
181 7.370160e-01 5.044000e-03 2.579400e-01
182 7.362240e-01 4.908000e-03 2.588680e-01
183 7.355520e-01 4.628000e-03 2.598200e-01
184 7.348200e-01 4.524000e-03 2.606560e-01
185 7.340560e-01 4.412000e-03 2.615320e-01
186 7.332320e-01 4.528000e-03 2.622400e-01
187 7.324080e-01 4.520000e-03 2.630720e-01
188 7.314400e-01 4.752000e-03 2.638080e-01
189 7.304760e-01 4.980000e-03 2.645440e-01
190 7.296800e-01 4.920000e-03 2.654000e-01
191 7.287880e-01 4.880000e-03 2.663320e-01
192 7.280240e-01 4.768000e-03 2.672080e-01
193 7.272040e-01 4.756000e-03 2.680400e-01
194 7.265000e-01 4.652000e-03 2.688480e-01
195 7.257080e-01 4.676000e-03 2.696160e-01
196 7.250240e-01 4.572000e-03 2.704040e-01
197 7.242040e-01 4.616000e-03 2.711800e-01
198 7.233720e-01 4.732000e-03 2.718960e-01
199 7.224960e-01 4.804000e-03 2.727000e-01
200 7.217640e-01 4.768000e-03 2.734680e-01
201 7.209560e-01 4.720000e-03 2.743240e-01
202 7.203240e-01 4.576000e-03 2.751000e-01
203 7.196520e-01 4.504000e-03 2.758440e-01
204 7.188840e-01 4.356000e-03 2.767600e-01
205 7.182960e-01 4.188000e-03 2.775160e-01
206 7.176480e-01 4.116000e-03 2.782360e-01
207 7.169760e-01 4.040000e-03 2.789840e-01
208 7.162800e-01 4.104000e-03 2.796160e-01
209 7.157560e-01 3.880000e-03 2.803640e-01
210 7.151880e-01 3.744000e-03 2.810680e-01
211 7.146080e-01 3.616000e-03 2.817760e-01
212 7.140640e-01 3.536000e-03 2.824000e-01
213 7.134600e-01 3.580000e-03 2.829600e-01
214 7.129200e-01 3.436000e-03 2.836440e-01
215 7.123480e-01 3.408000e-03 2.842440e-01
216 7.117880e-01 3.404000e-03 2.848080e-01
217 7.110480e-01 3.576000e-03 2.853760e-01
218 7.103920e-01 3.616000e-03 2.859920e-01
219 7.097200e-01 3.700000e-03 2.865800e-01
220 7.090240e-01 3.812000e-03 2.871640e-01
221 7.083240e-01 3.888000e-03 2.877880e-01
222 7.076200e-01 3.912000e-03 2.884680e-01
223 7.069200e-01 3.932000e-03 2.891480e-01
224 7.062880e-01 3.888000e-03 2.898240e-01
225 7.056200e-01 3.972000e-03 2.904080e-01
226 7.049400e-01 3.940000e-03 2.911200e-01
227 7.043280e-01 3.860000e-03 2.918120e-01
228 7.037560e-01 3.756000e-03 2.924880e-01
229 7.031520e-01 3.752000e-03 2.930960e-01
230 7.025480e-01 3.704000e-03 2.937480e-01
231 7.019760e-01 3.612000e-03 2.944120e-01
232 7.013040e-01 3.716000e-03 2.949800e-01
233 7.007520e-01 3.696000e-03 2.955520e-01
234 7.002000e-01 3.556000e-03 2.962440e-01
235 6.996600e-01 3.456000e-03 2.968840e-01
236 6.991680e-01 3.328000e-03 2.975040e-01
237 6.986800e-01 3.224000e-03 2.980960e-01
238 6.982360e-01 3.108000e-03 2.986560e-01
239 6.977280e-01 3.100000e-03 2.991720e-01
240 6.973040e-01 3.008000e-03 2.996880e-01
241 6.968560e-01 2.940000e-03 3.002040e-01
242 6.963800e-01 2.900000e-03 3.007200e-01
243 6.958200e-01 2.916000e-03 3.012640e-01
244 6.953680e-01 2.832000e-03 3.018000e-01
245 6.949400e-01 2.796000e-03 3.022640e-01
246 6.945000e-01 2.732000e-03 3.027680e-01
247 6.940680e-01 2.660000e-03 3.032720e-01
248 6.935880e-01 2.696000e-03 3.037160e-01
249 6.931600e-01 2.672000e-03 3.041680e-01
250 6.927680e-01 2.580000e-03 3.046520e-01
251 6.923720e-01 2.476000e-03 3.051520e-01
252 6.919520e-01 2.516000e-03 3.055320e-01
253 6.914440e-01 2.644000e-03 3.059120e-01
254 6.910160e-01 2.616000e-03 3.063680e-01
255 6.906000e-01 2.600000e-03 3.068000e-01
256 6.901120e-01 2.620000e-03 3.072680e-01
257 6.896960e-01 2.640000e-03 3.076640e-01
258 6.891920e-01 2.696000e-03 3.081120e-01
259 6.887800e-01 2.668000e-03 3.085520e-01
260 6.882560e-01 2.716000e-03 3.090280e-01
261 6.876440e-01 2.816000e-03 3.095400e-01
262 6.871400e-01 2.768000e-03 3.100920e-01
263 6.865720e-01 2.784000e-03 3.106440e-01
264 6.860520e-01 2.880000e-03 3.110680e-01
265 6.854560e-01 2.956000e-03 3.115880e-01
266 6.849040e-01 3.044000e-03 3.120520e-01
267 6.843640e-01 3.060000e-03 3.125760e-01
268 6.838560e-01 3.020000e-03 3.131240e-01
269 6.833160e-01 3.020000e-03 3.136640e-01
270 6.828360e-01 2.968000e-03 3.141960e-01
271 6.823640e-01 2.928000e-03 3.147080e-01
272 6.819280e-01 2.760000e-03 3.153120e-01
273 6.815360e-01 2.656000e-03 3.158080e-01
274 6.810440e-01 2.700000e-03 3.162560e-01
275 6.805920e-01 2.644000e-03 3.167640e-01
276 6.801320e-01 2.636000e-03 3.172320e-01
277 6.797440e-01 2.528000e-03 3.177280e-01
278 6.793200e-01 2.520000e-03 3.181600e-01
279 6.788240e-01 2.608000e-03 3.185680e-01
280 6.783200e-01 2.652000e-03 3.190280e-01
281 6.777200e-01 2.812000e-03 3.194680e-01
282 6.773080e-01 2.816000e-03 3.198760e-01
283 6.767960e-01 2.880000e-03 3.203240e-01
284 6.763320e-01 2.872000e-03 3.207960e-01
285 6.758440e-01 2.880000e-03 3.212760e-01
286 6.753760e-01 2.888000e-03 3.217360e-01
287 6.749680e-01 2.916000e-03 3.221160e-01
288 6.745200e-01 2.928000e-03 3.225520e-01
289 6.740400e-01 3.000000e-03 3.229600e-01
290 6.735600e-01 2.988000e-03 3.234520e-01
291 6.729760e-01 3.040000e-03 3.239840e-01
292 6.725480e-01 2.912000e-03 3.245400e-01
293 6.720840e-01 2.932000e-03 3.249840e-01
294 6.715760e-01 2.880000e-03 3.255440e-01
295 6.711440e-01 2.804000e-03 3.260520e-01
296 6.705840e-01 2.880000e-03 3.265360e-01
297 6.701400e-01 2.848000e-03 3.270120e-01
298 6.695320e-01 2.960000e-03 3.275080e-01
299 6.689960e-01 2.948000e-03 3.280560e-01
300 6.685280e-01 2.908000e-03 3.285640e-01
301 6.679600e-01 2.984000e-03 3.290560e-01
302 6.674640e-01 2.992000e-03 3.295440e-01
303 6.669320e-01 2.976000e-03 3.300920e-01
304 6.663360e-01 3.052000e-03 3.306120e-01
305 6.658640e-01 2.944000e-03 3.311920e-01
306 6.653800e-01 2.880000e-03 3.317400e-01
307 6.648880e-01 2.844000e-03 3.322680e-01
308 6.644640e-01 2.772000e-03 3.327640e-01
309 6.640680e-01 2.764000e-03 3.331680e-01
310 6.635120e-01 2.836000e-03 3.336520e-01
311 6.630960e-01 2.796000e-03 3.341080e-01
312 6.625960e-01 2.796000e-03 3.346080e-01
313 6.620080e-01 2.884000e-03 3.351080e-01
314 6.615400e-01 2.848000e-03 3.356120e-01
315 6.610640e-01 2.716000e-03 3.362200e-01
316 6.606200e-01 2.700000e-03 3.366800e-01
317 6.601080e-01 2.692000e-03 3.372000e-01
318 6.597360e-01 2.568000e-03 3.376960e-01
319 6.593120e-01 2.580000e-03 3.381080e-01
320 6.588680e-01 2.628000e-03 3.385040e-01
321 6.583520e-01 2.672000e-03 3.389760e-01
322 6.579760e-01 2.596000e-03 3.394280e-01
323 6.574720e-01 2.632000e-03 3.398960e-01
324 6.570000e-01 2.704000e-03 3.402960e-01
325 6.565600e-01 2.696000e-03 3.407440e-01
326 6.561160e-01 2.648000e-03 3.412360e-01
327 6.556640e-01 2.688000e-03 3.416480e-01
328 6.552040e-01 2.752000e-03 3.420440e-01
329 6.546800e-01 2.872000e-03 3.424480e-01
330 6.542480e-01 2.788000e-03 3.429640e-01
331 6.538160e-01 2.768000e-03 3.434160e-01
332 6.534240e-01 2.748000e-03 3.438280e-01
333 6.530120e-01 2.644000e-03 3.443440e-01
334 6.525840e-01 2.564000e-03 3.448520e-01
335 6.521080e-01 2.636000e-03 3.452560e-01
336 6.516840e-01 2.564000e-03 3.457520e-01
337 6.512920e-01 2.532000e-03 3.461760e-01
338 6.508360e-01 2.576000e-03 3.465880e-01
339 6.503400e-01 2.600000e-03 3.470600e-01
340 6.499360e-01 2.556000e-03 3.475080e-01
341 6.495520e-01 2.508000e-03 3.479400e-01
342 6.490640e-01 2.588000e-03 3.483480e-01
343 6.486640e-01 2.560000e-03 3.487760e-01
344 6.482960e-01 2.452000e-03 3.492520e-01
345 6.479360e-01 2.372000e-03 3.496920e-01
346 6.476080e-01 2.264000e-03 3.501280e-01
347 6.472680e-01 2.200000e-03 3.505320e-01
348 6.469200e-01 2.216000e-03 3.508640e-01
349 6.466320e-01 2.136000e-03 3.512320e-01
350 6.462600e-01 2.144000e-03 3.515960e-01
351 6.459480e-01 2.120000e-03 3.519320e-01
352 6.456120e-01 2.148000e-03 3.522400e-01
353 6.453360e-01 2.000000e-03 3.526640e-01
354 6.450360e-01 1.916000e-03 3.530480e-01
355 6.447640e-01 1.844000e-03 3.533920e-01
356 6.445120e-01 1.700000e-03 3.537880e-01
357 6.443120e-01 1.572000e-03 3.541160e-01
358 6.440560e-01 1.488000e-03 3.544560e-01
359 6.437280e-01 1.500000e-03 3.547720e-01
360 6.434560e-01 1.524000e-03 3.550200e-01
361 6.431880e-01 1.572000e-03 3.552400e-01
362 6.429240e-01 1.544000e-03 3.555320e-01
363 6.426400e-01 1.552000e-03 3.558080e-01
364 6.423560e-01 1.540000e-03 3.561040e-01
365 6.421120e-01 1.516000e-03 3.563720e-01
366 6.418400e-01 1.588000e-03 3.565720e-01
367 6.415880e-01 1.516000e-03 3.568960e-01
368 6.413400e-01 1.492000e-03 3.571680e-01
369 6.410440e-01 1.524000e-03 3.574320e-01
370 6.408360e-01 1.480000e-03 3.576840e-01
371 6.406240e-01 1.444000e-03 3.579320e-01
372 6.403360e-01 1.500000e-03 3.581640e-01
373 6.400800e-01 1.508000e-03 3.584120e-01
374 6.398000e-01 1.508000e-03 3.586920e-01
375 6.394560e-01 1.548000e-03 3.589960e-01
376 6.391800e-01 1.576000e-03 3.592440e-01
377 6.388320e-01 1.620000e-03 3.595480e-01
378 6.384640e-01 1.672000e-03 3.598640e-01
379 6.381560e-01 1.724000e-03 3.601200e-01
380 6.378640e-01 1.728000e-03 3.604080e-01
381 6.375600e-01 1.760000e-03 3.606800e-01
382 6.373200e-01 1.652000e-03 3.610280e-01
383 6.370000e-01 1.680000e-03 3.613200e-01
384 6.366720e-01 1.716000e-03 3.616120e-01
385 6.363960e-01 1.688000e-03 3.619160e-01
386 6.361000e-01 1.716000e-03 3.621840e-01
387 6.358680e-01 1.636000e-03 3.624960e-01
388 6.355520e-01 1.664000e-03 3.627840e-01
389 6.352840e-01 1.712000e-03 3.630040e-01
390 6.350200e-01 1.676000e-03 3.633040e-01
391 6.347320e-01 1.660000e-03 3.636080e-01
392 6.344480e-01 1.680000e-03 3.638720e-01
393 6.341360e-01 1.672000e-03 3.641920e-01
394 6.338320e-01 1.656000e-03 3.645120e-01
395 6.335600e-01 1.652000e-03 3.647880e-01
396 6.332600e-01 1.676000e-03 3.650640e-01
397 6.330720e-01 1.588000e-03 3.653400e-01
398 6.328320e-01 1.556000e-03 3.656120e-01
399 6.325880e-01 1.580000e-03 3.658320e-01
400 6.323680e-01 1.540000e-03 3.660920e-01
401 6.321160e-01 1.508000e-03 3.663760e-01
402 6.318640e-01 1.464000e-03 3.666720e-01
403 6.316400e-01 1.416000e-03 3.669440e-01
404 6.314440e-01 1.392000e-03 3.671640e-01
405 6.312640e-01 1.344000e-03 3.673920e-01
406 6.310520e-01 1.292000e-03 3.676560e-01
407 6.308520e-01 1.256000e-03 3.678920e-01
408 6.306600e-01 1.228000e-03 3.681120e-01
409 6.304920e-01 1.200000e-03 3.683080e-01
410 6.302720e-01 1.200000e-03 3.685280e-01
411 6.301000e-01 1.144000e-03 3.687560e-01
412 6.299360e-01 1.116000e-03 3.689480e-01
413 6.297560e-01 1.116000e-03 3.691280e-01
414 6.295520e-01 1.072000e-03 3.693760e-01
415 6.293440e-01 1.108000e-03 3.695480e-01
416 6.291880e-01 1.052000e-03 3.697600e-01
417 6.290480e-01 1.016000e-03 3.699360e-01
418 6.289080e-01 9.600000e-04 3.701320e-01
419 6.287760e-01 9.120000e-04 3.703120e-01
420 6.286320e-01 9.080000e-04 3.704600e-01
421 6.285160e-01 8.160000e-04 3.706680e-01
422 6.284240e-01 7.520000e-04 3.708240e-01
423 6.282880e-01 7.640000e-04 3.709480e-01
424 6.281120e-01 7.920000e-04 3.710960e-01
425 6.279520e-01 8.000000e-04 3.712480e-01
426 6.278000e-01 7.800000e-04 3.714200e-01
427 6.276600e-01 7.920000e-04 3.715480e-01
428 6.274120e-01 8.880000e-04 3.717000e-01
429 6.272240e-01 9.000000e-04 3.718760e-01
430 6.270480e-01 9.200000e-04 3.720320e-01
431 6.268680e-01 9.280000e-04 3.722040e-01
432 6.266920e-01 9.600000e-04 3.723480e-01
433 6.265120e-01 9.320000e-04 3.725560e-01
434 6.263120e-01 9.720000e-04 3.727160e-01
435 6.261800e-01 9.080000e-04 3.729120e-01
436 6.260080e-01 8.880000e-04 3.731040e-01
437 6.258080e-01 9.080000e-04 3.732840e-01
438 6.256200e-01 9.080000e-04 3.734720e-01
439 6.254400e-01 9.080000e-04 3.736520e-01
440 6.253080e-01 9.000000e-04 3.737920e-01
441 6.251600e-01 9.160000e-04 3.739240e-01
442 6.249600e-01 9.360000e-04 3.741040e-01
443 6.247960e-01 9.200000e-04 3.742840e-01
444 6.246240e-01 9.160000e-04 3.744600e-01
445 6.244760e-01 9.080000e-04 3.746160e-01
446 6.243400e-01 9.360000e-04 3.747240e-01
447 6.241680e-01 9.640000e-04 3.748680e-01
448 6.240440e-01 9.400000e-04 3.750160e-01
449 6.239080e-01 8.200000e-04 3.752720e-01
450 6.238080e-01 7.560000e-04 3.754360e-01
451 6.236640e-01 7.720000e-04 3.755640e-01
452 6.235320e-01 7.360000e-04 3.757320e-01
453 6.234280e-01 7.080000e-04 3.758640e-01
454 6.233560e-01 6.120000e-04 3.760320e-01
455 6.232400e-01 6.280000e-04 3.761320e-01
456 6.231320e-01 6.160000e-04 3.762520e-01
457 6.230560e-01 6.240000e-04 3.763200e-01
458 6.229360e-01 6.400000e-04 3.764240e-01
459 6.228320e-01 6.520000e-04 3.765160e-01
460 6.227400e-01 6.240000e-04 3.766360e-01
461 6.226520e-01 5.880000e-04 3.767600e-01
462 6.225440e-01 6.040000e-04 3.768520e-01
463 6.224680e-01 5.600000e-04 3.769720e-01
464 6.223920e-01 5.480000e-04 3.770600e-01
465 6.222840e-01 5.760000e-04 3.771400e-01
466 6.222080e-01 5.600000e-04 3.772320e-01
467 6.220920e-01 5.920000e-04 3.773160e-01
468 6.219920e-01 5.920000e-04 3.774160e-01
469 6.219000e-01 5.480000e-04 3.775520e-01
470 6.218080e-01 5.600000e-04 3.776320e-01
471 6.217120e-01 5.960000e-04 3.776920e-01
472 6.216240e-01 6.000000e-04 3.777760e-01
473 6.215480e-01 5.520000e-04 3.779000e-01
474 6.214720e-01 5.480000e-04 3.779800e-01
475 6.214200e-01 5.040000e-04 3.780760e-01
476 6.213360e-01 4.760000e-04 3.781880e-01
477 6.212480e-01 4.760000e-04 3.782760e-01
478 6.211520e-01 5.040000e-04 3.783440e-01
479 6.210920e-01 4.840000e-04 3.784240e-01
480 6.210200e-01 4.640000e-04 3.785160e-01
481 6.209360e-01 4.440000e-04 3.786200e-01
482 6.208680e-01 4.120000e-04 3.787200e-01
483 6.207760e-01 4.280000e-04 3.787960e-01
484 6.206800e-01 4.920000e-04 3.788280e-01
485 6.205880e-01 5.000000e-04 3.789120e-01
486 6.205040e-01 4.880000e-04 3.790080e-01
487 6.204240e-01 4.640000e-04 3.791120e-01
488 6.203480e-01 4.840000e-04 3.791680e-01
489 6.202920e-01 4.720000e-04 3.792360e-01
490 6.202400e-01 4.640000e-04 3.792960e-01
491 6.202080e-01 3.880000e-04 3.794040e-01
492 6.201600e-01 3.680000e-04 3.794720e-01
493 6.201120e-01 3.640000e-04 3.795240e-01
494 6.200640e-01 3.360000e-04 3.796000e-01
495 6.200240e-01 3.320000e-04 3.796440e-01
496 6.200000e-01 2.840000e-04 3.797160e-01
497 6.199440e-01 3.000000e-04 3.797560e-01
498 6.198760e-01 3.160000e-04 3.798080e-01
499 6.198560e-01 2.880000e-04 3.798560e-01
500 6.198080e-01 2.960000e-04 3.798960e-01
