1 9.992520e-01 6.520000e-04 9.600000e-05
2 9.987080e-01 1.084000e-03 2.080000e-04
3 9.980320e-01 1.516000e-03 4.520000e-04
4 9.973400e-01 1.860000e-03 8.000000e-04
5 9.965920e-01 2.280000e-03 1.128000e-03
6 9.956960e-01 2.736000e-03 1.568000e-03
7 9.949840e-01 2.860000e-03 2.156000e-03
8 9.941760e-01 3.212000e-03 2.612000e-03
9 9.932560e-01 3.560000e-03 3.184000e-03
10 9.922640e-01 3.908000e-03 3.828000e-03
11 9.912240e-01 4.296000e-03 4.480000e-03
12 9.900520e-01 4.692000e-03 5.256000e-03
13 9.889920e-01 4.852000e-03 6.156000e-03
14 9.878480e-01 5.132000e-03 7.020000e-03
15 9.865760e-01 5.440000e-03 7.984000e-03
16 9.852600e-01 5.708000e-03 9.032000e-03
17 9.839400e-01 5.948000e-03 1.011200e-02
18 9.825160e-01 6.296000e-03 1.118800e-02
19 9.812960e-01 6.308000e-03 1.239600e-02
20 9.798280e-01 6.564000e-03 1.360800e-02
21 9.785480e-01 6.700000e-03 1.475200e-02
22 9.771000e-01 6.968000e-03 1.593200e-02
23 9.758760e-01 6.920000e-03 1.720400e-02
24 9.744600e-01 7.092000e-03 1.844800e-02
25 9.730000e-01 7.368000e-03 1.963200e-02
26 9.716960e-01 7.396000e-03 2.090800e-02
27 9.702520e-01 7.528000e-03 2.222000e-02
28 9.687200e-01 7.692000e-03 2.358800e-02
29 9.672680e-01 7.820000e-03 2.491200e-02
30 9.656520e-01 8.080000e-03 2.626800e-02
31 9.639360e-01 8.100000e-03 2.796400e-02
32 9.623560e-01 8.296000e-03 2.934800e-02
33 9.608080e-01 8.500000e-03 3.069200e-02
34 9.593240e-01 8.476000e-03 3.220000e-02
35 9.578960e-01 8.328000e-03 3.377600e-02
36 9.565120e-01 8.168000e-03 3.532000e-02
37 9.551840e-01 8.212000e-03 3.660400e-02
38 9.539400e-01 7.992000e-03 3.806800e-02
39 9.524640e-01 8.060000e-03 3.947600e-02
40 9.510160e-01 8.012000e-03 4.097200e-02
41 9.495520e-01 8.072000e-03 4.237600e-02
42 9.480720e-01 8.160000e-03 4.376800e-02
43 9.465200e-01 8.320000e-03 4.516000e-02
44 9.449800e-01 8.316000e-03 4.670400e-02
45 9.435360e-01 8.244000e-03 4.822000e-02
46 9.420360e-01 8.252000e-03 4.971200e-02
47 9.406840e-01 8.208000e-03 5.110800e-02
48 9.393240e-01 8.100000e-03 5.257600e-02
49 9.379520e-01 8.188000e-03 5.386000e-02
50 9.364440e-01 8.304000e-03 5.525200e-02
51 9.351880e-01 8.080000e-03 5.673200e-02
52 9.339320e-01 7.952000e-03 5.811600e-02
53 9.325560e-01 7.936000e-03 5.950800e-02
54 9.310480e-01 8.024000e-03 6.092800e-02
55 9.295640e-01 8.224000e-03 6.221200e-02
56 9.281720e-01 8.176000e-03 6.365200e-02
57 9.265880e-01 8.492000e-03 6.492000e-02
58 9.250960e-01 8.484000e-03 6.642000e-02
59 9.235360e-01 8.456000e-03 6.800800e-02
60 9.220040e-01 8.532000e-03 6.946400e-02
61 9.204240e-01 8.648000e-03 7.092800e-02
62 9.188400e-01 8.916000e-03 7.224400e-02
63 9.172040e-01 8.928000e-03 7.386800e-02
64 9.157400e-01 8.788000e-03 7.547200e-02
65 9.143320e-01 8.504000e-03 7.716400e-02
66 9.129400e-01 8.492000e-03 7.856800e-02
67 9.115440e-01 8.412000e-03 8.004400e-02
68 9.101960e-01 8.324000e-03 8.148000e-02
69 9.089360e-01 8.068000e-03 8.299600e-02
70 9.076640e-01 7.984000e-03 8.435200e-02
71 9.061240e-01 8.248000e-03 8.562800e-02
72 9.046280e-01 8.260000e-03 8.711200e-02
73 9.032080e-01 8.180000e-03 8.861200e-02
74 9.016000e-01 8.348000e-03 9.005200e-02
75 9.001920e-01 8.196000e-03 9.161200e-02
76 8.986720e-01 8.148000e-03 9.318000e-02
77 8.972200e-01 8.104000e-03 9.467600e-02
78 8.958160e-01 8.148000e-03 9.603600e-02
79 8.944800e-01 8.012000e-03 9.750800e-02
80 8.931440e-01 7.864000e-03 9.899200e-02
81 8.916280e-01 8.156000e-03 1.002160e-01
82 8.902080e-01 8.212000e-03 1.015800e-01
83 8.888000e-01 8.152000e-03 1.030480e-01
84 8.872520e-01 8.344000e-03 1.044040e-01
85 8.855640e-01 8.568000e-03 1.058680e-01
86 8.839960e-01 8.648000e-03 1.073560e-01
87 8.824920e-01 8.672000e-03 1.088360e-01
88 8.809600e-01 8.628000e-03 1.104120e-01
89 8.794920e-01 8.596000e-03 1.119120e-01
90 8.780120e-01 8.460000e-03 1.135280e-01
91 8.766920e-01 8.416000e-03 1.148920e-01
92 8.753800e-01 8.312000e-03 1.163080e-01
93 8.740160e-01 8.204000e-03 1.177800e-01
94 8.725400e-01 8.308000e-03 1.191520e-01
95 8.710120e-01 8.400000e-03 1.205880e-01
96 8.696720e-01 8.232000e-03 1.220960e-01
97 8.683800e-01 7.964000e-03 1.236560e-01
98 8.670240e-01 7.816000e-03 1.251600e-01
99 8.658680e-01 7.580000e-03 1.265520e-01
100 8.644760e-01 7.620000e-03 1.279040e-01
101 8.631200e-01 7.636000e-03 1.292440e-01
102 8.616800e-01 7.784000e-03 1.305360e-01
103 8.602000e-01 8.012000e-03 1.317880e-01
104 8.586840e-01 8.232000e-03 1.330840e-01
105 8.571520e-01 8.288000e-03 1.345600e-01
106 8.555800e-01 8.412000e-03 1.360080e-01
107 8.540760e-01 8.456000e-03 1.374680e-01
108 8.526240e-01 8.400000e-03 1.389760e-01
109 8.509640e-01 8.504000e-03 1.405320e-01
110 8.495040e-01 8.408000e-03 1.420880e-01
111 8.480960e-01 8.332000e-03 1.435720e-01
112 8.467880e-01 8.124000e-03 1.450880e-01
113 8.454960e-01 7.920000e-03 1.465840e-01
114 8.440520e-01 7.932000e-03 1.480160e-01
115 8.426240e-01 7.968000e-03 1.494080e-01
116 8.410640e-01 8.200000e-03 1.507360e-01
117 8.394240e-01 8.408000e-03 1.521680e-01
118 8.379320e-01 8.492000e-03 1.535760e-01
119 8.365920e-01 8.472000e-03 1.549360e-01
120 8.352560e-01 8.364000e-03 1.563800e-01
121 8.338120e-01 8.444000e-03 1.577440e-01
122 8.322800e-01 8.392000e-03 1.593280e-01
123 8.306800e-01 8.492000e-03 1.608280e-01
124 8.291160e-01 8.500000e-03 1.623840e-01
125 8.276600e-01 8.460000e-03 1.638800e-01
126 8.262040e-01 8.328000e-03 1.654680e-01
127 8.247480e-01 8.408000e-03 1.668440e-01
128 8.232960e-01 8.332000e-03 1.683720e-01
129 8.218960e-01 8.232000e-03 1.698720e-01
130 8.204520e-01 8.216000e-03 1.713320e-01
131 8.190680e-01 8.244000e-03 1.726880e-01
132 8.175840e-01 8.224000e-03 1.741920e-01
133 8.161840e-01 8.144000e-03 1.756720e-01
134 8.148560e-01 7.952000e-03 1.771920e-01
135 8.136400e-01 7.732000e-03 1.786280e-01
136 8.124520e-01 7.524000e-03 1.800240e-01
137 8.113040e-01 7.376000e-03 1.813200e-01
138 8.101320e-01 7.192000e-03 1.826760e-01
139 8.089720e-01 7.080000e-03 1.839480e-01
140 8.076880e-01 7.144000e-03 1.851680e-01
141 8.065440e-01 7.044000e-03 1.864120e-01
142 8.053800e-01 6.880000e-03 1.877400e-01
143 8.041560e-01 6.932000e-03 1.889120e-01
144 8.029000e-01 6.968000e-03 1.901320e-01
145 8.016560e-01 6.972000e-03 1.913720e-01
146 8.004600e-01 6.988000e-03 1.925520e-01
147 7.991480e-01 7.100000e-03 1.937520e-01
148 7.978520e-01 7.084000e-03 1.950640e-01
149 7.965760e-01 7.092000e-03 1.963320e-01
150 7.953120e-01 7.164000e-03 1.975240e-01
151 7.941400e-01 7.048000e-03 1.988120e-01
152 7.929000e-01 7.052000e-03 2.000480e-01
153 7.915440e-01 7.196000e-03 2.012600e-01
154 7.902480e-01 7.112000e-03 2.026400e-01
155 7.890000e-01 6.988000e-03 2.040120e-01
156 7.877040e-01 7.096000e-03 2.052000e-01
157 7.865120e-01 7.036000e-03 2.064520e-01
158 7.851560e-01 7.160000e-03 2.076840e-01
159 7.838440e-01 7.196000e-03 2.089600e-01
160 7.824600e-01 7.260000e-03 2.102800e-01
161 7.810520e-01 7.420000e-03 2.115280e-01
162 7.796240e-01 7.500000e-03 2.128760e-01
163 7.783400e-01 7.504000e-03 2.141560e-01
164 7.771240e-01 7.376000e-03 2.155000e-01
165 7.758400e-01 7.472000e-03 2.166880e-01
166 7.745160e-01 7.512000e-03 2.179720e-01
167 7.732080e-01 7.460000e-03 2.193320e-01
168 7.717960e-01 7.624000e-03 2.205800e-01
169 7.704720e-01 7.636000e-03 2.218920e-01
170 7.691640e-01 7.444000e-03 2.233920e-01
171 7.679360e-01 7.428000e-03 2.246360e-01
172 7.667080e-01 7.344000e-03 2.259480e-01
173 7.654360e-01 7.352000e-03 2.272120e-01
174 7.641360e-01 7.336000e-03 2.285280e-01
175 7.628800e-01 7.404000e-03 2.297160e-01
176 7.615760e-01 7.352000e-03 2.310720e-01
177 7.603800e-01 7.316000e-03 2.323040e-01
178 7.591920e-01 7.280000e-03 2.335280e-01
179 7.580000e-01 7.240000e-03 2.347600e-01
180 7.568640e-01 7.152000e-03 2.359840e-01
181 7.555840e-01 7.120000e-03 2.372960e-01
182 7.544520e-01 7.104000e-03 2.384440e-01
183 7.532360e-01 7.108000e-03 2.396560e-01
184 7.521200e-01 7.052000e-03 2.408280e-01
185 7.509320e-01 7.060000e-03 2.420080e-01
186 7.496760e-01 7.040000e-03 2.432840e-01
187 7.482920e-01 7.192000e-03 2.445160e-01
188 7.469960e-01 7.168000e-03 2.458360e-01
189 7.457320e-01 7.228000e-03 2.470400e-01
190 7.445440e-01 7.116000e-03 2.483400e-01
191 7.432520e-01 7.184000e-03 2.495640e-01
192 7.421160e-01 6.884000e-03 2.510000e-01
193 7.410160e-01 6.748000e-03 2.522360e-01
194 7.398480e-01 6.680000e-03 2.534720e-01
195 7.386840e-01 6.760000e-03 2.545560e-01
196 7.376480e-01 6.676000e-03 2.556760e-01
197 7.363480e-01 6.764000e-03 2.568880e-01
198 7.352640e-01 6.708000e-03 2.580280e-01
199 7.343320e-01 6.496000e-03 2.591720e-01
200 7.333600e-01 6.412000e-03 2.602280e-01
201 7.323280e-01 6.332000e-03 2.613400e-01
202 7.313600e-01 6.140000e-03 2.625000e-01
203 7.303200e-01 6.088000e-03 2.635920e-01
204 7.293160e-01 5.892000e-03 2.647920e-01
205 7.282240e-01 6.028000e-03 2.657480e-01
206 7.271040e-01 6.084000e-03 2.668120e-01
207 7.260320e-01 6.148000e-03 2.678200e-01
208 7.249560e-01 6.012000e-03 2.690320e-01
209 7.239080e-01 5.968000e-03 2.701240e-01
210 7.228600e-01 5.880000e-03 2.712600e-01
211 7.218160e-01 5.956000e-03 2.722280e-01
212 7.208600e-01 5.936000e-03 2.732040e-01
213 7.199120e-01 5.792000e-03 2.742960e-01
214 7.189560e-01 5.792000e-03 2.752520e-01
215 7.180000e-01 5.804000e-03 2.761960e-01
216 7.169360e-01 5.816000e-03 2.772480e-01
217 7.159320e-01 5.784000e-03 2.782840e-01
218 7.149040e-01 5.736000e-03 2.793600e-01
219 7.140320e-01 5.656000e-03 2.803120e-01
220 7.130680e-01 5.668000e-03 2.812640e-01
221 7.120680e-01 5.684000e-03 2.822480e-01
222 7.110800e-01 5.640000e-03 2.832800e-01
223 7.101000e-01 5.648000e-03 2.842520e-01
224 7.092760e-01 5.476000e-03 2.852480e-01
225 7.083200e-01 5.440000e-03 2.862400e-01
226 7.073960e-01 5.464000e-03 2.871400e-01
227 7.065080e-01 5.448000e-03 2.880440e-01
228 7.056960e-01 5.316000e-03 2.889880e-01
229 7.048440e-01 5.252000e-03 2.899040e-01
230 7.039560e-01 5.172000e-03 2.908720e-01
231 7.030760e-01 5.140000e-03 2.917840e-01
232 7.021360e-01 5.148000e-03 2.927160e-01
233 7.012640e-01 5.136000e-03 2.936000e-01
234 7.003880e-01 5.080000e-03 2.945320e-01
235 6.994080e-01 5.152000e-03 2.954400e-01
236 6.984480e-01 5.212000e-03 2.963400e-01
237 6.975280e-01 5.224000e-03 2.972480e-01
238 6.966640e-01 5.176000e-03 2.981600e-01
239 6.958000e-01 5.164000e-03 2.990360e-01
240 6.949040e-01 5.108000e-03 2.999880e-01
241 6.940800e-01 5.052000e-03 3.008680e-01
242 6.932080e-01 5.024000e-03 3.017680e-01
243 6.924200e-01 4.880000e-03 3.027000e-01
244 6.915480e-01 4.792000e-03 3.036600e-01
245 6.907440e-01 4.736000e-03 3.045200e-01
246 6.900200e-01 4.692000e-03 3.052880e-01
247 6.892040e-01 4.596000e-03 3.062000e-01
248 6.884160e-01 4.580000e-03 3.070040e-01
249 6.875640e-01 4.588000e-03 3.078480e-01
250 6.867320e-01 4.612000e-03 3.086560e-01
251 6.858840e-01 4.644000e-03 3.094720e-01
252 6.851200e-01 4.504000e-03 3.103760e-01
253 6.843640e-01 4.532000e-03 3.111040e-01
254 6.836920e-01 4.508000e-03 3.118000e-01
255 6.828640e-01 4.548000e-03 3.125880e-01
256 6.822280e-01 4.372000e-03 3.134000e-01
257 6.815400e-01 4.316000e-03 3.141440e-01
258 6.808000e-01 4.308000e-03 3.148920e-01
259 6.800080e-01 4.276000e-03 3.157160e-01
260 6.791960e-01 4.300000e-03 3.165040e-01
261 6.784040e-01 4.252000e-03 3.173440e-01
262 6.776560e-01 4.176000e-03 3.181680e-01
263 6.768920e-01 4.200000e-03 3.189080e-01
264 6.761200e-01 4.200000e-03 3.196800e-01
265 6.754520e-01 4.064000e-03 3.204840e-01
266 6.746960e-01 4.088000e-03 3.212160e-01
267 6.739200e-01 4.184000e-03 3.218960e-01
268 6.730920e-01 4.232000e-03 3.226760e-01
269 6.723400e-01 4.204000e-03 3.234560e-01
270 6.715640e-01 4.224000e-03 3.242120e-01
271 6.708800e-01 4.184000e-03 3.249360e-01
272 6.700800e-01 4.288000e-03 3.256320e-01
273 6.692840e-01 4.328000e-03 3.263880e-01
274 6.686000e-01 4.312000e-03 3.270880e-01
275 6.678640e-01 4.308000e-03 3.278280e-01
276 6.671640e-01 4.276000e-03 3.285600e-01
277 6.664680e-01 4.268000e-03 3.292640e-01
278 6.658680e-01 4.204000e-03 3.299280e-01
279 6.650960e-01 4.288000e-03 3.306160e-01
280 6.644200e-01 4.152000e-03 3.314280e-01
281 6.637280e-01 4.120000e-03 3.321520e-01
282 6.630640e-01 4.120000e-03 3.328160e-01
283 6.623680e-01 4.024000e-03 3.336080e-01
284 6.617040e-01 4.036000e-03 3.342600e-01
285 6.610280e-01 3.988000e-03 3.349840e-01
286 6.603240e-01 4.020000e-03 3.356560e-01
287 6.596320e-01 3.988000e-03 3.363800e-01
288 6.590880e-01 3.952000e-03 3.369600e-01
289 6.583560e-01 3.992000e-03 3.376520e-01
290 6.576560e-01 3.964000e-03 3.383800e-01
291 6.570280e-01 3.888000e-03 3.390840e-01
292 6.563920e-01 3.880000e-03 3.397280e-01
293 6.556800e-01 3.932000e-03 3.403880e-01
294 6.550760e-01 3.812000e-03 3.411120e-01
295 6.544680e-01 3.656000e-03 3.418760e-01
296 6.539560e-01 3.548000e-03 3.424960e-01
297 6.534200e-01 3.468000e-03 3.431120e-01
298 6.528000e-01 3.472000e-03 3.437280e-01
299 6.522120e-01 3.460000e-03 3.443280e-01
300 6.516880e-01 3.404000e-03 3.449080e-01
301 6.511160e-01 3.348000e-03 3.455360e-01
302 6.505400e-01 3.364000e-03 3.460960e-01
303 6.498920e-01 3.400000e-03 3.467080e-01
304 6.492840e-01 3.496000e-03 3.472200e-01
305 6.487240e-01 3.420000e-03 3.478560e-01
306 6.481200e-01 3.468000e-03 3.484120e-01
307 6.475760e-01 3.328000e-03 3.490960e-01
308 6.469560e-01 3.448000e-03 3.495960e-01
309 6.462600e-01 3.596000e-03 3.501440e-01
310 6.457040e-01 3.620000e-03 3.506760e-01
311 6.450840e-01 3.524000e-03 3.513920e-01
312 6.445640e-01 3.416000e-03 3.520200e-01
313 6.440120e-01 3.432000e-03 3.525560e-01
314 6.434160e-01 3.444000e-03 3.531400e-01
315 6.428960e-01 3.352000e-03 3.537520e-01
316 6.422520e-01 3.376000e-03 3.543720e-01
317 6.417160e-01 3.388000e-03 3.548960e-01
318 6.411920e-01 3.268000e-03 3.555400e-01
319 6.408000e-01 3.068000e-03 3.561320e-01
320 6.403480e-01 2.960000e-03 3.566920e-01
321 6.399600e-01 2.816000e-03 3.572240e-01
322 6.395400e-01 2.724000e-03 3.577360e-01
323 6.391200e-01 2.668000e-03 3.582120e-01
324 6.386440e-01 2.700000e-03 3.586560e-01
325 6.381960e-01 2.640000e-03 3.591640e-01
326 6.377120e-01 2.656000e-03 3.596320e-01
327 6.372880e-01 2.624000e-03 3.600880e-01
328 6.369200e-01 2.580000e-03 3.605000e-01
329 6.365360e-01 2.504000e-03 3.609600e-01
330 6.361720e-01 2.376000e-03 3.614520e-01
331 6.358000e-01 2.348000e-03 3.618520e-01
332 6.353800e-01 2.400000e-03 3.622200e-01
333 6.349440e-01 2.480000e-03 3.625760e-01
334 6.345080e-01 2.476000e-03 3.630160e-01
335 6.341160e-01 2.372000e-03 3.635120e-01
336 6.336840e-01 2.424000e-03 3.638920e-01
337 6.332440e-01 2.488000e-03 3.642680e-01
338 6.329160e-01 2.324000e-03 3.647600e-01
339 6.325480e-01 2.272000e-03 3.651800e-01
340 6.322240e-01 2.184000e-03 3.655920e-01
341 6.318520e-01 2.152000e-03 3.659960e-01
342 6.315400e-01 2.108000e-03 3.663520e-01
343 6.312040e-01 2.092000e-03 3.667040e-01
344 6.309760e-01 1.952000e-03 3.670720e-01
345 6.305800e-01 1.984000e-03 3.674360e-01
346 6.302320e-01 1.964000e-03 3.678040e-01
347 6.298680e-01 1.980000e-03 3.681520e-01
348 6.295000e-01 2.048000e-03 3.684520e-01
349 6.291680e-01 1.972000e-03 3.688600e-01
350 6.288760e-01 1.932000e-03 3.691920e-01
351 6.285520e-01 1.932000e-03 3.695160e-01
352 6.282480e-01 1.940000e-03 3.698120e-01
353 6.279880e-01 1.872000e-03 3.701400e-01
354 6.276360e-01 1.964000e-03 3.704000e-01
355 6.273360e-01 1.948000e-03 3.707160e-01
356 6.270000e-01 1.996000e-03 3.710040e-01
357 6.267360e-01 1.948000e-03 3.713160e-01
358 6.264240e-01 1.916000e-03 3.716600e-01
359 6.260840e-01 1.916000e-03 3.720000e-01
360 6.257920e-01 1.820000e-03 3.723880e-01
361 6.254800e-01 1.848000e-03 3.726720e-01
362 6.252320e-01 1.792000e-03 3.729760e-01
363 6.250120e-01 1.680000e-03 3.733080e-01
364 6.247320e-01 1.692000e-03 3.735760e-01
365 6.244720e-01 1.680000e-03 3.738480e-01
366 6.241560e-01 1.676000e-03 3.741680e-01
367 6.239200e-01 1.664000e-03 3.744160e-01
368 6.236920e-01 1.612000e-03 3.746960e-01
369 6.234440e-01 1.576000e-03 3.749800e-01
370 6.232000e-01 1.588000e-03 3.752120e-01
371 6.229320e-01 1.560000e-03 3.755080e-01
372 6.227040e-01 1.528000e-03 3.757680e-01
373 6.224720e-01 1.520000e-03 3.760080e-01
374 6.222280e-01 1.524000e-03 3.762480e-01
375 6.219360e-01 1.512000e-03 3.765520e-01
376 6.216760e-01 1.564000e-03 3.767600e-01
377 6.214200e-01 1.536000e-03 3.770440e-01
378 6.211600e-01 1.552000e-03 3.772880e-01
379 6.209240e-01 1.476000e-03 3.776000e-01
380 6.207280e-01 1.400000e-03 3.778720e-01
381 6.204160e-01 1.496000e-03 3.780880e-01
382 6.201880e-01 1.512000e-03 3.783000e-01
383 6.199920e-01 1.376000e-03 3.786320e-01
384 6.197840e-01 1.320000e-03 3.788960e-01
385 6.196240e-01 1.260000e-03 3.791160e-01
386 6.193760e-01 1.292000e-03 3.793320e-01
387 6.191400e-01 1.296000e-03 3.795640e-01
388 6.188920e-01 1.296000e-03 3.798120e-01
389 6.186400e-01 1.288000e-03 3.800720e-01
390 6.183800e-01 1.332000e-03 3.802880e-01
391 6.181680e-01 1.304000e-03 3.805280e-01
392 6.179080e-01 1.316000e-03 3.807760e-01
393 6.177040e-01 1.288000e-03 3.810080e-01
394 6.174280e-01 1.352000e-03 3.812200e-01
395 6.172400e-01 1.332000e-03 3.814280e-01
396 6.170400e-01 1.328000e-03 3.816320e-01
397 6.168560e-01 1.244000e-03 3.819000e-01
398 6.166560e-01 1.236000e-03 3.821080e-01
399 6.164800e-01 1.192000e-03 3.823280e-01
400 6.163280e-01 1.152000e-03 3.825200e-01
401 6.161400e-01 1.128000e-03 3.827320e-01
402 6.159200e-01 1.128000e-03 3.829520e-01
403 6.156800e-01 1.156000e-03 3.831640e-01
404 6.154280e-01 1.216000e-03 3.833560e-01
405 6.152040e-01 1.204000e-03 3.835920e-01
406 6.149640e-01 1.248000e-03 3.837880e-01
407 6.147280e-01 1.256000e-03 3.840160e-01
408 6.145360e-01 1.264000e-03 3.842000e-01
409 6.143400e-01 1.276000e-03 3.843840e-01
410 6.141600e-01 1.268000e-03 3.845720e-01
411 6.139360e-01 1.264000e-03 3.848000e-01
412 6.137320e-01 1.192000e-03 3.850760e-01
413 6.135880e-01 1.136000e-03 3.852760e-01
414 6.133640e-01 1.164000e-03 3.854720e-01
415 6.132040e-01 1.096000e-03 3.857000e-01
416 6.130400e-01 1.084000e-03 3.858760e-01
417 6.128760e-01 1.076000e-03 3.860480e-01
418 6.126680e-01 1.084000e-03 3.862480e-01
419 6.124640e-01 1.116000e-03 3.864200e-01
420 6.122960e-01 1.072000e-03 3.866320e-01
421 6.120920e-01 1.032000e-03 3.868760e-01
422 6.119120e-01 1.036000e-03 3.870520e-01
423 6.117520e-01 9.840000e-04 3.872640e-01
424 6.116040e-01 9.520000e-04 3.874440e-01
425 6.114280e-01 9.840000e-04 3.875880e-01
426 6.112520e-01 9.400000e-04 3.878080e-01
427 6.110800e-01 9.560000e-04 3.879640e-01
428 6.109280e-01 9.240000e-04 3.881480e-01
429 6.107480e-01 9.240000e-04 3.883280e-01
430 6.105920e-01 9.840000e-04 3.884240e-01
431 6.104320e-01 9.600000e-04 3.886080e-01
432 6.102480e-01 9.800000e-04 3.887720e-01
433 6.100760e-01 9.520000e-04 3.889720e-01
434 6.099400e-01 9.360000e-04 3.891240e-01
435 6.097640e-01 9.640000e-04 3.892720e-01
436 6.095640e-01 9.920000e-04 3.894440e-01
437 6.093920e-01 1.000000e-03 3.896080e-01
438 6.092400e-01 9.520000e-04 3.898080e-01
439 6.091080e-01 9.120000e-04 3.899800e-01
440 6.089640e-01 8.680000e-04 3.901680e-01
441 6.088680e-01 8.360000e-04 3.902960e-01
442 6.087680e-01 7.640000e-04 3.904680e-01
443 6.086520e-01 7.560000e-04 3.905920e-01
444 6.085200e-01 7.920000e-04 3.906880e-01
445 6.083680e-01 8.120000e-04 3.908200e-01
446 6.082120e-01 8.360000e-04 3.909520e-01
447 6.080920e-01 8.600000e-04 3.910480e-01
448 6.079080e-01 8.920000e-04 3.912000e-01
449 6.077840e-01 8.880000e-04 3.913280e-01
450 6.076240e-01 8.720000e-04 3.915040e-01
451 6.074880e-01 9.040000e-04 3.916080e-01
452 6.073760e-01 8.800000e-04 3.917440e-01
453 6.073040e-01 7.920000e-04 3.919040e-01
454 6.072000e-01 7.720000e-04 3.920280e-01
455 6.070880e-01 7.440000e-04 3.921680e-01
456 6.070080e-01 7.000000e-04 3.922920e-01
457 6.069320e-01 6.600000e-04 3.924080e-01
458 6.068600e-01 6.040000e-04 3.925360e-01
459 6.067880e-01 5.480000e-04 3.926640e-01
460 6.066960e-01 5.480000e-04 3.927560e-01
461 6.066120e-01 5.320000e-04 3.928560e-01
462 6.065120e-01 5.640000e-04 3.929240e-01
463 6.063960e-01 6.040000e-04 3.930000e-01
464 6.063080e-01 5.880000e-04 3.931040e-01
465 6.062480e-01 5.280000e-04 3.932240e-01
466 6.061760e-01 5.520000e-04 3.932720e-01
467 6.061240e-01 4.880000e-04 3.933880e-01
468 6.060040e-01 5.400000e-04 3.934560e-01
469 6.058960e-01 5.600000e-04 3.935440e-01
470 6.057520e-01 5.880000e-04 3.936600e-01
471 6.056480e-01 5.800000e-04 3.937720e-01
472 6.055320e-01 5.960000e-04 3.938720e-01
473 6.054160e-01 6.040000e-04 3.939800e-01
474 6.053160e-01 6.080000e-04 3.940760e-01
475 6.052280e-01 5.840000e-04 3.941880e-01
476 6.051320e-01 6.000000e-04 3.942680e-01
477 6.050600e-01 5.680000e-04 3.943720e-01
478 6.049560e-01 5.440000e-04 3.945000e-01
479 6.048560e-01 5.560000e-04 3.945880e-01
480 6.047400e-01 5.960000e-04 3.946640e-01
481 6.046320e-01 5.920000e-04 3.947760e-01
482 6.045160e-01 6.040000e-04 3.948800e-01
483 6.043720e-01 6.440000e-04 3.949840e-01
484 6.042000e-01 7.200000e-04 3.950800e-01
485 6.040840e-01 6.920000e-04 3.952240e-01
486 6.040040e-01 6.520000e-04 3.953440e-01
487 6.039280e-01 6.160000e-04 3.954560e-01
488 6.038560e-01 5.720000e-04 3.955720e-01
489 6.037880e-01 5.400000e-04 3.956720e-01
490 6.037040e-01 5.560000e-04 3.957400e-01
491 6.036200e-01 5.520000e-04 3.958280e-01
492 6.035360e-01 5.800000e-04 3.958840e-01
493 6.034400e-01 5.880000e-04 3.959720e-01
494 6.033160e-01 6.000000e-04 3.960840e-01
495 6.032240e-01 5.920000e-04 3.961840e-01
496 6.030880e-01 6.560000e-04 3.962560e-01
497 6.029480e-01 6.640000e-04 3.963880e-01
498 6.028360e-01 6.800000e-04 3.964840e-01
499 6.027200e-01 6.280000e-04 3.966520e-01
500 6.025480e-01 6.800000e-04 3.967720e-01
