1 9.992440e-01 6.840000e-04 7.200000e-05
2 9.987320e-01 1.044000e-03 2.240000e-04
3 9.980880e-01 1.460000e-03 4.520000e-04
4 9.974840e-01 1.804000e-03 7.120000e-04
5 9.967400e-01 2.188000e-03 1.072000e-03
6 9.957320e-01 2.752000e-03 1.516000e-03
7 9.948360e-01 3.116000e-03 2.048000e-03
8 9.939560e-01 3.396000e-03 2.648000e-03
9 9.930720e-01 3.656000e-03 3.272000e-03
10 9.920960e-01 3.984000e-03 3.920000e-03
11 9.909280e-01 4.476000e-03 4.596000e-03
12 9.897480e-01 4.788000e-03 5.464000e-03
13 9.885240e-01 5.124000e-03 6.352000e-03
14 9.874280e-01 5.340000e-03 7.232000e-03
15 9.863040e-01 5.512000e-03 8.184000e-03
16 9.850400e-01 5.836000e-03 9.124000e-03
17 9.839840e-01 5.852000e-03 1.016400e-02
18 9.828120e-01 6.016000e-03 1.117200e-02
19 9.816040e-01 6.084000e-03 1.231200e-02
20 9.803680e-01 6.160000e-03 1.347200e-02
21 9.790640e-01 6.376000e-03 1.456000e-02
22 9.779040e-01 6.360000e-03 1.573600e-02
23 9.766320e-01 6.468000e-03 1.690000e-02
24 9.753320e-01 6.632000e-03 1.803600e-02
25 9.739680e-01 6.908000e-03 1.912400e-02
26 9.724560e-01 7.088000e-03 2.045600e-02
27 9.709720e-01 7.336000e-03 2.169200e-02
28 9.696520e-01 7.360000e-03 2.298800e-02
29 9.682560e-01 7.432000e-03 2.431200e-02
30 9.667640e-01 7.540000e-03 2.569600e-02
31 9.653520e-01 7.508000e-03 2.714000e-02
32 9.637640e-01 7.720000e-03 2.851600e-02
33 9.623200e-01 7.760000e-03 2.992000e-02
34 9.608720e-01 7.736000e-03 3.139200e-02
35 9.594320e-01 7.748000e-03 3.282000e-02
36 9.579480e-01 7.896000e-03 3.415600e-02
37 9.564400e-01 8.028000e-03 3.553200e-02
38 9.550800e-01 7.972000e-03 3.694800e-02
39 9.536360e-01 8.008000e-03 3.835600e-02
40 9.522560e-01 8.000000e-03 3.974400e-02
41 9.509440e-01 7.888000e-03 4.116800e-02
42 9.495200e-01 7.792000e-03 4.268800e-02
43 9.482720e-01 7.660000e-03 4.406800e-02
44 9.470360e-01 7.504000e-03 4.546000e-02
45 9.457680e-01 7.496000e-03 4.673600e-02
46 9.445280e-01 7.440000e-03 4.803200e-02
47 9.431240e-01 7.576000e-03 4.930000e-02
48 9.418160e-01 7.604000e-03 5.058000e-02
49 9.404760e-01 7.592000e-03 5.193200e-02
50 9.391280e-01 7.596000e-03 5.327600e-02
51 9.376640e-01 7.576000e-03 5.476000e-02
52 9.362200e-01 7.772000e-03 5.600800e-02
53 9.348280e-01 7.840000e-03 5.733200e-02
54 9.334240e-01 7.916000e-03 5.866000e-02
55 9.318960e-01 8.152000e-03 5.995200e-02
56 9.305280e-01 8.056000e-03 6.141600e-02
57 9.291400e-01 8.064000e-03 6.279600e-02
58 9.277440e-01 8.056000e-03 6.420000e-02
59 9.262120e-01 8.156000e-03 6.563200e-02
60 9.248320e-01 8.084000e-03 6.708400e-02
61 9.233160e-01 8.124000e-03 6.856000e-02
62 9.220120e-01 8.140000e-03 6.984800e-02
63 9.205120e-01 8.284000e-03 7.120400e-02
64 9.191160e-01 8.236000e-03 7.264800e-02
65 9.177480e-01 8.152000e-03 7.410000e-02
66 9.163120e-01 8.168000e-03 7.552000e-02
67 9.148960e-01 8.136000e-03 7.696800e-02
68 9.133840e-01 8.196000e-03 7.842000e-02
69 9.118160e-01 8.276000e-03 7.990800e-02
70 9.101920e-01 8.440000e-03 8.136800e-02
71 9.086320e-01 8.632000e-03 8.273600e-02
72 9.070400e-01 8.684000e-03 8.427600e-02
73 9.054280e-01 8.664000e-03 8.590800e-02
74 9.038280e-01 8.716000e-03 8.745600e-02
75 9.023280e-01 8.660000e-03 8.901200e-02
76 9.008320e-01 8.620000e-03 9.054800e-02
77 8.991280e-01 8.728000e-03 9.214400e-02
78 8.974960e-01 8.800000e-03 9.370400e-02
79 8.959640e-01 8.864000e-03 9.517200e-02
80 8.943440e-01 8.816000e-03 9.684000e-02
81 8.928000e-01 8.844000e-03 9.835600e-02
82 8.913160e-01 8.856000e-03 9.982800e-02
83 8.897200e-01 8.904000e-03 1.013760e-01
84 8.882520e-01 8.832000e-03 1.029160e-01
85 8.868800e-01 8.528000e-03 1.045920e-01
86 8.853240e-01 8.476000e-03 1.062000e-01
87 8.837080e-01 8.672000e-03 1.076200e-01
88 8.822240e-01 8.848000e-03 1.089280e-01
89 8.806200e-01 8.872000e-03 1.105080e-01
90 8.790120e-01 8.928000e-03 1.120600e-01
91 8.775320e-01 8.880000e-03 1.135880e-01
92 8.760120e-01 8.860000e-03 1.151280e-01
93 8.743920e-01 8.876000e-03 1.167320e-01
94 8.729120e-01 8.928000e-03 1.181600e-01
95 8.715960e-01 8.772000e-03 1.196320e-01
96 8.701080e-01 8.648000e-03 1.212440e-01
97 8.687880e-01 8.496000e-03 1.227160e-01
98 8.673680e-01 8.368000e-03 1.242640e-01
99 8.658600e-01 8.304000e-03 1.258360e-01
100 8.644400e-01 8.356000e-03 1.272040e-01
101 8.630600e-01 8.312000e-03 1.286280e-01
102 8.615680e-01 8.352000e-03 1.300800e-01
103 8.600600e-01 8.428000e-03 1.315120e-01
104 8.586040e-01 8.580000e-03 1.328160e-01
105 8.570160e-01 8.656000e-03 1.343280e-01
106 8.556400e-01 8.392000e-03 1.359680e-01
107 8.540440e-01 8.464000e-03 1.374920e-01
108 8.525560e-01 8.504000e-03 1.389400e-01
109 8.510240e-01 8.516000e-03 1.404600e-01
110 8.495880e-01 8.508000e-03 1.419040e-01
111 8.480760e-01 8.552000e-03 1.433720e-01
112 8.467320e-01 8.376000e-03 1.448920e-01
113 8.452480e-01 8.420000e-03 1.463320e-01
114 8.438280e-01 8.292000e-03 1.478800e-01
115 8.422840e-01 8.336000e-03 1.493800e-01
116 8.408880e-01 8.288000e-03 1.508240e-01
117 8.393840e-01 8.356000e-03 1.522600e-01
118 8.378680e-01 8.316000e-03 1.538160e-01
119 8.364160e-01 8.316000e-03 1.552680e-01
120 8.350320e-01 8.220000e-03 1.567480e-01
121 8.337080e-01 8.036000e-03 1.582560e-01
122 8.324560e-01 7.860000e-03 1.596840e-01
123 8.310640e-01 7.748000e-03 1.611880e-01
124 8.297520e-01 7.588000e-03 1.626600e-01
125 8.285080e-01 7.448000e-03 1.640440e-01
126 8.270800e-01 7.544000e-03 1.653760e-01
127 8.257040e-01 7.648000e-03 1.666480e-01
128 8.243200e-01 7.684000e-03 1.679960e-01
129 8.229080e-01 7.832000e-03 1.692600e-01
130 8.215520e-01 7.828000e-03 1.706200e-01
131 8.199880e-01 7.932000e-03 1.720800e-01
132 8.184560e-01 8.036000e-03 1.735080e-01
133 8.169920e-01 8.084000e-03 1.749240e-01
134 8.154960e-01 8.248000e-03 1.762560e-01
135 8.140480e-01 8.328000e-03 1.776240e-01
136 8.127160e-01 8.184000e-03 1.791000e-01
137 8.113360e-01 8.208000e-03 1.804560e-01
138 8.098800e-01 8.312000e-03 1.818080e-01
139 8.084560e-01 8.288000e-03 1.832560e-01
140 8.070080e-01 8.396000e-03 1.845960e-01
141 8.055160e-01 8.596000e-03 1.858880e-01
142 8.040480e-01 8.568000e-03 1.873840e-01
143 8.025800e-01 8.624000e-03 1.887960e-01
144 8.010760e-01 8.636000e-03 1.902880e-01
145 7.997800e-01 8.336000e-03 1.918840e-01
146 7.984000e-01 8.228000e-03 1.933720e-01
147 7.970040e-01 8.228000e-03 1.947680e-01
148 7.955840e-01 8.276000e-03 1.961400e-01
149 7.941520e-01 8.236000e-03 1.976120e-01
150 7.928280e-01 8.196000e-03 1.989760e-01
151 7.915160e-01 8.024000e-03 2.004600e-01
152 7.902520e-01 7.936000e-03 2.018120e-01
153 7.889920e-01 7.832000e-03 2.031760e-01
154 7.878600e-01 7.524000e-03 2.046160e-01
155 7.865840e-01 7.372000e-03 2.060440e-01
156 7.851120e-01 7.584000e-03 2.073040e-01
157 7.839360e-01 7.460000e-03 2.086040e-01
158 7.826720e-01 7.216000e-03 2.101120e-01
159 7.813600e-01 7.316000e-03 2.113240e-01
160 7.800720e-01 7.268000e-03 2.126600e-01
161 7.787840e-01 7.324000e-03 2.138920e-01
162 7.776080e-01 7.264000e-03 2.151280e-01
163 7.762080e-01 7.388000e-03 2.164040e-01
164 7.749760e-01 7.344000e-03 2.176800e-01
165 7.737600e-01 7.208000e-03 2.190320e-01
166 7.723320e-01 7.376000e-03 2.202920e-01
167 7.710000e-01 7.304000e-03 2.216960e-01
168 7.696160e-01 7.312000e-03 2.230720e-01
169 7.681640e-01 7.520000e-03 2.243160e-01
170 7.668080e-01 7.588000e-03 2.256040e-01
171 7.654280e-01 7.708000e-03 2.268640e-01
172 7.640960e-01 7.788000e-03 2.281160e-01
173 7.628440e-01 7.680000e-03 2.294760e-01
174 7.615560e-01 7.568000e-03 2.308760e-01
175 7.602120e-01 7.600000e-03 2.321880e-01
176 7.589480e-01 7.432000e-03 2.336200e-01
177 7.574560e-01 7.588000e-03 2.349560e-01
178 7.561680e-01 7.540000e-03 2.362920e-01
179 7.548040e-01 7.512000e-03 2.376840e-01
180 7.535520e-01 7.312000e-03 2.391360e-01
181 7.523080e-01 7.200000e-03 2.404920e-01
182 7.510720e-01 7.204000e-03 2.417240e-01
183 7.498520e-01 7.216000e-03 2.429320e-01
184 7.485760e-01 7.160000e-03 2.442640e-01
185 7.474480e-01 7.016000e-03 2.455360e-01
186 7.463280e-01 6.756000e-03 2.469160e-01
187 7.452760e-01 6.656000e-03 2.480680e-01
188 7.441880e-01 6.508000e-03 2.493040e-01
189 7.432320e-01 6.404000e-03 2.503640e-01
190 7.422000e-01 6.312000e-03 2.514880e-01
191 7.411880e-01 6.264000e-03 2.525480e-01
192 7.401000e-01 6.148000e-03 2.537520e-01
193 7.389400e-01 6.124000e-03 2.549360e-01
194 7.378480e-01 6.080000e-03 2.560720e-01
195 7.367520e-01 6.100000e-03 2.571480e-01
196 7.358320e-01 5.988000e-03 2.581800e-01
197 7.348440e-01 5.800000e-03 2.593560e-01
198 7.338600e-01 5.728000e-03 2.604120e-01
199 7.326840e-01 5.940000e-03 2.613760e-01
200 7.316040e-01 5.988000e-03 2.624080e-01
201 7.307640e-01 5.784000e-03 2.634520e-01
202 7.298520e-01 5.648000e-03 2.645000e-01
203 7.290360e-01 5.456000e-03 2.655080e-01
204 7.281320e-01 5.476000e-03 2.663920e-01
205 7.272520e-01 5.504000e-03 2.672440e-01
206 7.263320e-01 5.452000e-03 2.682160e-01
207 7.254560e-01 5.468000e-03 2.690760e-01
208 7.246280e-01 5.276000e-03 2.700960e-01
209 7.237000e-01 5.296000e-03 2.710040e-01
210 7.227680e-01 5.340000e-03 2.718920e-01
211 7.218040e-01 5.304000e-03 2.728920e-01
212 7.209320e-01 5.240000e-03 2.738280e-01
213 7.200480e-01 5.220000e-03 2.747320e-01
214 7.192080e-01 5.208000e-03 2.755840e-01
215 7.182480e-01 5.228000e-03 2.765240e-01
216 7.174200e-01 5.100000e-03 2.774800e-01
217 7.165920e-01 5.048000e-03 2.783600e-01
218 7.157080e-01 5.088000e-03 2.792040e-01
219 7.148120e-01 5.096000e-03 2.800920e-01
220 7.141320e-01 4.860000e-03 2.810080e-01
221 7.132960e-01 4.860000e-03 2.818440e-01
222 7.125240e-01 4.756000e-03 2.827200e-01
223 7.116480e-01 4.852000e-03 2.835000e-01
224 7.107840e-01 4.868000e-03 2.843480e-01
225 7.099600e-01 4.912000e-03 2.851280e-01
226 7.090520e-01 4.900000e-03 2.860480e-01
227 7.081840e-01 4.812000e-03 2.870040e-01
228 7.073240e-01 4.808000e-03 2.878680e-01
229 7.064800e-01 4.820000e-03 2.887000e-01
230 7.056520e-01 4.848000e-03 2.895000e-01
231 7.046800e-01 4.912000e-03 2.904080e-01
232 7.037880e-01 4.968000e-03 2.912440e-01
233 7.029760e-01 4.872000e-03 2.921520e-01
234 7.021160e-01 4.860000e-03 2.930240e-01
235 7.013680e-01 4.732000e-03 2.939000e-01
236 7.005200e-01 4.664000e-03 2.948160e-01
237 6.998240e-01 4.612000e-03 2.955640e-01
238 6.991320e-01 4.432000e-03 2.964360e-01
239 6.985040e-01 4.284000e-03 2.972120e-01
240 6.977880e-01 4.288000e-03 2.979240e-01
241 6.970920e-01 4.212000e-03 2.986960e-01
242 6.964080e-01 4.176000e-03 2.994160e-01
243 6.957000e-01 4.184000e-03 3.001160e-01
244 6.950280e-01 4.096000e-03 3.008760e-01
245 6.942200e-01 4.256000e-03 3.015240e-01
246 6.935480e-01 4.232000e-03 3.022200e-01
247 6.928320e-01 4.176000e-03 3.029920e-01
248 6.921600e-01 4.096000e-03 3.037440e-01
249 6.914800e-01 3.972000e-03 3.045480e-01
250 6.907760e-01 4.028000e-03 3.051960e-01
251 6.901520e-01 3.916000e-03 3.059320e-01
252 6.893800e-01 4.028000e-03 3.065920e-01
253 6.887320e-01 3.872000e-03 3.073960e-01
254 6.881040e-01 3.828000e-03 3.080680e-01
255 6.874640e-01 3.748000e-03 3.087880e-01
256 6.868040e-01 3.852000e-03 3.093440e-01
257 6.861640e-01 3.728000e-03 3.101080e-01
258 6.856040e-01 3.684000e-03 3.107120e-01
259 6.849200e-01 3.704000e-03 3.113760e-01
260 6.842040e-01 3.740000e-03 3.120560e-01
261 6.835080e-01 3.812000e-03 3.126800e-01
262 6.828320e-01 3.864000e-03 3.133040e-01
263 6.821480e-01 3.912000e-03 3.139400e-01
264 6.813720e-01 3.976000e-03 3.146520e-01
265 6.806960e-01 3.940000e-03 3.153640e-01
266 6.799360e-01 3.992000e-03 3.160720e-01
267 6.792320e-01 4.004000e-03 3.167640e-01
268 6.785400e-01 4.020000e-03 3.174400e-01
269 6.778760e-01 3.940000e-03 3.181840e-01
270 6.771920e-01 3.896000e-03 3.189120e-01
271 6.764680e-01 3.952000e-03 3.195800e-01
272 6.758680e-01 3.828000e-03 3.203040e-01
273 6.752920e-01 3.664000e-03 3.210440e-01
274 6.747280e-01 3.608000e-03 3.216640e-01
275 6.741120e-01 3.704000e-03 3.221840e-01
276 6.736240e-01 3.616000e-03 3.227600e-01
277 6.730480e-01 3.456000e-03 3.234960e-01
278 6.724560e-01 3.364000e-03 3.241800e-01
279 6.719080e-01 3.396000e-03 3.246960e-01
280 6.713520e-01 3.416000e-03 3.252320e-01
281 6.707200e-01 3.448000e-03 3.258320e-01
282 6.701200e-01 3.420000e-03 3.264600e-01
283 6.696040e-01 3.288000e-03 3.271080e-01
284 6.690680e-01 3.260000e-03 3.276720e-01
285 6.685040e-01 3.244000e-03 3.282520e-01
286 6.678440e-01 3.360000e-03 3.287960e-01
287 6.672640e-01 3.324000e-03 3.294120e-01
288 6.667400e-01 3.192000e-03 3.300680e-01
289 6.662680e-01 3.140000e-03 3.305920e-01
290 6.657920e-01 3.076000e-03 3.311320e-01
291 6.652480e-01 3.140000e-03 3.316120e-01
292 6.646440e-01 3.192000e-03 3.321640e-01
293 6.641400e-01 3.052000e-03 3.328080e-01
294 6.636160e-01 2.992000e-03 3.333920e-01
295 6.631800e-01 2.864000e-03 3.339560e-01
296 6.626920e-01 2.900000e-03 3.344080e-01
297 6.621240e-01 2.928000e-03 3.349480e-01
298 6.615000e-01 3.080000e-03 3.354200e-01
299 6.610600e-01 3.008000e-03 3.359320e-01
300 6.605640e-01 2.996000e-03 3.364400e-01
301 6.601560e-01 2.860000e-03 3.369840e-01
302 6.597240e-01 2.792000e-03 3.374840e-01
303 6.592200e-01 2.772000e-03 3.380080e-01
304 6.586840e-01 2.852000e-03 3.384640e-01
305 6.581760e-01 2.868000e-03 3.389560e-01
306 6.576320e-01 2.896000e-03 3.394720e-01
307 6.571360e-01 2.880000e-03 3.399840e-01
308 6.566000e-01 2.892000e-03 3.405080e-01
309 6.561360e-01 2.880000e-03 3.409840e-01
310 6.556120e-01 2.860000e-03 3.415280e-01
311 6.550800e-01 2.860000e-03 3.420600e-01
312 6.545960e-01 2.868000e-03 3.425360e-01
313 6.540440e-01 2.940000e-03 3.430160e-01
314 6.535440e-01 2.888000e-03 3.435680e-01
315 6.530440e-01 2.936000e-03 3.440200e-01
316 6.525560e-01 2.864000e-03 3.445800e-01
317 6.521160e-01 2.804000e-03 3.450800e-01
318 6.517760e-01 2.524000e-03 3.457000e-01
319 6.513840e-01 2.516000e-03 3.461000e-01
320 6.508960e-01 2.532000e-03 3.465720e-01
321 6.505040e-01 2.428000e-03 3.470680e-01
322 6.501480e-01 2.356000e-03 3.474960e-01
323 6.497640e-01 2.356000e-03 3.478800e-01
324 6.493680e-01 2.348000e-03 3.482840e-01
325 6.489280e-01 2.352000e-03 3.487200e-01
326 6.485360e-01 2.320000e-03 3.491440e-01
327 6.482000e-01 2.252000e-03 3.495480e-01
328 6.479080e-01 2.120000e-03 3.499720e-01
329 6.476080e-01 2.048000e-03 3.503440e-01
330 6.472840e-01 1.988000e-03 3.507280e-01
331 6.469640e-01 1.984000e-03 3.510520e-01
332 6.466680e-01 1.920000e-03 3.514120e-01
333 6.464160e-01 1.776000e-03 3.518080e-01
334 6.461320e-01 1.708000e-03 3.521600e-01
335 6.458560e-01 1.668000e-03 3.524760e-01
336 6.456200e-01 1.640000e-03 3.527400e-01
337 6.453400e-01 1.608000e-03 3.530520e-01
338 6.449360e-01 1.724000e-03 3.533400e-01
339 6.445600e-01 1.796000e-03 3.536440e-01
340 6.442440e-01 1.740000e-03 3.540160e-01
341 6.439680e-01 1.680000e-03 3.543520e-01
342 6.436320e-01 1.688000e-03 3.546800e-01
343 6.432880e-01 1.748000e-03 3.549640e-01
344 6.429240e-01 1.808000e-03 3.552680e-01
345 6.425880e-01 1.816000e-03 3.555960e-01
346 6.422680e-01 1.724000e-03 3.560080e-01
347 6.419080e-01 1.784000e-03 3.563080e-01
348 6.415640e-01 1.808000e-03 3.566280e-01
349 6.412920e-01 1.820000e-03 3.568880e-01
350 6.409640e-01 1.800000e-03 3.572360e-01
351 6.406360e-01 1.816000e-03 3.575480e-01
352 6.403080e-01 1.852000e-03 3.578400e-01
353 6.399520e-01 1.908000e-03 3.581400e-01
354 6.396400e-01 1.928000e-03 3.584320e-01
355 6.392760e-01 1.996000e-03 3.587280e-01
356 6.389360e-01 1.952000e-03 3.591120e-01
357 6.385920e-01 1.932000e-03 3.594760e-01
358 6.382120e-01 1.916000e-03 3.598720e-01
359 6.378800e-01 1.964000e-03 3.601560e-01
360 6.376200e-01 1.872000e-03 3.605080e-01
361 6.372920e-01 1.816000e-03 3.608920e-01
362 6.369160e-01 1.852000e-03 3.612320e-01
363 6.365720e-01 1.864000e-03 3.615640e-01
364 6.362400e-01 1.836000e-03 3.619240e-01
365 6.358680e-01 1.908000e-03 3.622240e-01
366 6.355080e-01 1.924000e-03 3.625680e-01
367 6.351480e-01 1.984000e-03 3.628680e-01
368 6.347520e-01 2.036000e-03 3.632120e-01
369 6.344000e-01 2.040000e-03 3.635600e-01
370 6.340920e-01 1.992000e-03 3.639160e-01
371 6.337400e-01 1.880000e-03 3.643800e-01
372 6.334640e-01 1.824000e-03 3.647120e-01
373 6.332000e-01 1.764000e-03 3.650360e-01
374 6.329440e-01 1.756000e-03 3.653000e-01
375 6.326360e-01 1.784000e-03 3.655800e-01
376 6.323400e-01 1.756000e-03 3.659040e-01
377 6.320840e-01 1.732000e-03 3.661840e-01
378 6.318320e-01 1.648000e-03 3.665200e-01
379 6.316080e-01 1.592000e-03 3.668000e-01
380 6.313280e-01 1.576000e-03 3.670960e-01
381 6.311200e-01 1.536000e-03 3.673440e-01
382 6.308480e-01 1.504000e-03 3.676480e-01
383 6.306360e-01 1.444000e-03 3.679200e-01
384 6.303680e-01 1.456000e-03 3.681760e-01
385 6.300760e-01 1.540000e-03 3.683840e-01
386 6.298000e-01 1.580000e-03 3.686200e-01
387 6.295640e-01 1.604000e-03 3.688320e-01
388 6.293280e-01 1.536000e-03 3.691360e-01
389 6.290880e-01 1.564000e-03 3.693480e-01
390 6.288600e-01 1.496000e-03 3.696440e-01
391 6.286480e-01 1.484000e-03 3.698680e-01
392 6.284800e-01 1.404000e-03 3.701160e-01
393 6.282480e-01 1.372000e-03 3.703800e-01
394 6.280920e-01 1.312000e-03 3.705960e-01
395 6.278720e-01 1.280000e-03 3.708480e-01
396 6.276160e-01 1.316000e-03 3.710680e-01
397 6.273840e-01 1.356000e-03 3.712600e-01
398 6.271160e-01 1.360000e-03 3.715240e-01
399 6.269240e-01 1.312000e-03 3.717640e-01
400 6.267440e-01 1.256000e-03 3.720000e-01
401 6.265280e-01 1.240000e-03 3.722320e-01
402 6.263520e-01 1.256000e-03 3.723920e-01
403 6.260920e-01 1.288000e-03 3.726200e-01
404 6.258960e-01 1.272000e-03 3.728320e-01
405 6.256840e-01 1.288000e-03 3.730280e-01
406 6.254240e-01 1.296000e-03 3.732800e-01
407 6.251480e-01 1.328000e-03 3.735240e-01
408 6.248400e-01 1.428000e-03 3.737320e-01
409 6.245960e-01 1.436000e-03 3.739680e-01
410 6.244560e-01 1.280000e-03 3.742640e-01
411 6.243240e-01 1.196000e-03 3.744800e-01
412 6.241560e-01 1.208000e-03 3.746360e-01
413 6.239800e-01 1.204000e-03 3.748160e-01
414 6.237520e-01 1.236000e-03 3.750120e-01
415 6.235560e-01 1.224000e-03 3.752200e-01
416 6.233960e-01 1.248000e-03 3.753560e-01
417 6.231840e-01 1.256000e-03 3.755600e-01
418 6.229960e-01 1.212000e-03 3.757920e-01
419 6.227600e-01 1.256000e-03 3.759840e-01
420 6.225560e-01 1.244000e-03 3.762000e-01
421 6.223440e-01 1.216000e-03 3.764400e-01
422 6.221440e-01 1.208000e-03 3.766480e-01
423 6.219040e-01 1.264000e-03 3.768320e-01
424 6.217000e-01 1.192000e-03 3.771080e-01
425 6.215200e-01 1.200000e-03 3.772800e-01
426 6.213080e-01 1.236000e-03 3.774560e-01
427 6.210600e-01 1.316000e-03 3.776240e-01
428 6.208400e-01 1.316000e-03 3.778440e-01
429 6.205840e-01 1.372000e-03 3.780440e-01
430 6.204080e-01 1.324000e-03 3.782680e-01
431 6.201440e-01 1.340000e-03 3.785160e-01
432 6.199680e-01 1.304000e-03 3.787280e-01
433 6.198080e-01 1.276000e-03 3.789160e-01
434 6.196160e-01 1.256000e-03 3.791280e-01
435 6.194520e-01 1.208000e-03 3.793400e-01
436 6.192800e-01 1.212000e-03 3.795080e-01
437 6.190280e-01 1.244000e-03 3.797280e-01
438 6.188160e-01 1.224000e-03 3.799600e-01
439 6.185880e-01 1.232000e-03 3.801800e-01
440 6.183960e-01 1.232000e-03 3.803720e-01
441 6.181200e-01 1.344000e-03 3.805360e-01
442 6.178800e-01 1.280000e-03 3.808400e-01
443 6.176800e-01 1.296000e-03 3.810240e-01
444 6.174400e-01 1.288000e-03 3.812720e-01
445 6.172560e-01 1.252000e-03 3.814920e-01
446 6.170320e-01 1.224000e-03 3.817440e-01
447 6.168680e-01 1.164000e-03 3.819680e-01
448 6.166280e-01 1.240000e-03 3.821320e-01
449 6.164080e-01 1.224000e-03 3.823680e-01
450 6.161720e-01 1.268000e-03 3.825600e-01
451 6.160040e-01 1.172000e-03 3.828240e-01
452 6.158200e-01 1.148000e-03 3.830320e-01
453 6.156360e-01 1.116000e-03 3.832480e-01
454 6.154360e-01 1.116000e-03 3.834480e-01
455 6.152360e-01 1.088000e-03 3.836760e-01
456 6.150560e-01 1.092000e-03 3.838520e-01
457 6.148440e-01 1.084000e-03 3.840720e-01
458 6.146840e-01 1.036000e-03 3.842800e-01
459 6.145200e-01 1.024000e-03 3.844560e-01
460 6.144040e-01 9.440000e-04 3.846520e-01
461 6.143040e-01 8.840000e-04 3.848120e-01
462 6.141360e-01 8.760000e-04 3.849880e-01
463 6.139840e-01 8.680000e-04 3.851480e-01
464 6.138440e-01 8.480000e-04 3.853080e-01
465 6.136920e-01 8.320000e-04 3.854760e-01
466 6.135600e-01 8.200000e-04 3.856200e-01
467 6.134400e-01 7.560000e-04 3.858040e-01
468 6.133240e-01 7.320000e-04 3.859440e-01
469 6.132200e-01 7.320000e-04 3.860480e-01
470 6.131120e-01 7.480000e-04 3.861400e-01
471 6.130360e-01 7.120000e-04 3.862520e-01
472 6.129360e-01 7.280000e-04 3.863360e-01
473 6.128280e-01 7.320000e-04 3.864400e-01
474 6.127240e-01 7.040000e-04 3.865720e-01
475 6.126360e-01 6.600000e-04 3.867040e-01
476 6.125560e-01 6.040000e-04 3.868400e-01
477 6.124840e-01 5.600000e-04 3.869560e-01
478 6.124120e-01 5.080000e-04 3.870800e-01
479 6.122800e-01 5.280000e-04 3.871920e-01
480 6.121480e-01 5.840000e-04 3.872680e-01
481 6.120400e-01 6.080000e-04 3.873520e-01
482 6.119440e-01 6.080000e-04 3.874480e-01
483 6.118160e-01 6.160000e-04 3.875680e-01
484 6.117280e-01 6.360000e-04 3.876360e-01
485 6.115880e-01 6.560000e-04 3.877560e-01
486 6.115120e-01 6.240000e-04 3.878640e-01
487 6.114160e-01 5.960000e-04 3.879880e-01
488 6.112800e-01 6.400000e-04 3.880800e-01
489 6.111320e-01 6.800000e-04 3.881880e-01
490 6.110040e-01 6.960000e-04 3.883000e-01
491 6.109240e-01 6.560000e-04 3.884200e-01
492 6.108440e-01 6.280000e-04 3.885280e-01
493 6.107480e-01 6.160000e-04 3.886360e-01
494 6.106680e-01 5.880000e-04 3.887440e-01
495 6.105800e-01 5.640000e-04 3.888560e-01
496 6.105080e-01 5.280000e-04 3.889640e-01
497 6.104480e-01 4.840000e-04 3.890680e-01
498 6.103720e-01 4.600000e-04 3.891680e-01
499 6.103320e-01 4.240000e-04 3.892440e-01
500 6.102680e-01 4.120000e-04 3.893200e-01
