1 9.992000e-01 7.560000e-04 4.400000e-05
2 9.987440e-01 1.076000e-03 1.800000e-04
3 9.980080e-01 1.584000e-03 4.080000e-04
4 9.972960e-01 2.004000e-03 7.000000e-04
5 9.964760e-01 2.448000e-03 1.076000e-03
6 9.955440e-01 2.884000e-03 1.572000e-03
7 9.946600e-01 3.276000e-03 2.064000e-03
8 9.937200e-01 3.484000e-03 2.796000e-03
9 9.927080e-01 3.856000e-03 3.436000e-03
10 9.917080e-01 4.220000e-03 4.072000e-03
11 9.906400e-01 4.524000e-03 4.836000e-03
12 9.895000e-01 4.828000e-03 5.672000e-03
13 9.883520e-01 5.116000e-03 6.532000e-03
14 9.871440e-01 5.452000e-03 7.404000e-03
15 9.859680e-01 5.580000e-03 8.452000e-03
16 9.847920e-01 5.816000e-03 9.392000e-03
17 9.835080e-01 6.068000e-03 1.042400e-02
18 9.822680e-01 6.172000e-03 1.156000e-02
19 9.810680e-01 6.292000e-03 1.264000e-02
20 9.798520e-01 6.456000e-03 1.369200e-02
21 9.785600e-01 6.620000e-03 1.482000e-02
22 9.771440e-01 6.968000e-03 1.588800e-02
23 9.757320e-01 7.168000e-03 1.710000e-02
24 9.743280e-01 7.400000e-03 1.827200e-02
25 9.728080e-01 7.560000e-03 1.963200e-02
26 9.712480e-01 7.752000e-03 2.100000e-02
27 9.698240e-01 7.836000e-03 2.234000e-02
28 9.682400e-01 8.020000e-03 2.374000e-02
29 9.667360e-01 8.084000e-03 2.518000e-02
30 9.651720e-01 8.256000e-03 2.657200e-02
31 9.635760e-01 8.344000e-03 2.808000e-02
32 9.620240e-01 8.364000e-03 2.961200e-02
33 9.604960e-01 8.488000e-03 3.101600e-02
34 9.589520e-01 8.508000e-03 3.254000e-02
35 9.571520e-01 8.800000e-03 3.404800e-02
36 9.555040e-01 8.872000e-03 3.562400e-02
37 9.538840e-01 8.904000e-03 3.721200e-02
38 9.524200e-01 8.880000e-03 3.870000e-02
39 9.508560e-01 8.872000e-03 4.027200e-02
40 9.492960e-01 8.940000e-03 4.176400e-02
41 9.477040e-01 8.976000e-03 4.332000e-02
42 9.460280e-01 9.092000e-03 4.488000e-02
43 9.444520e-01 9.036000e-03 4.651200e-02
44 9.427160e-01 9.092000e-03 4.819200e-02
45 9.409840e-01 9.240000e-03 4.977600e-02
46 9.392800e-01 9.388000e-03 5.133200e-02
47 9.375840e-01 9.492000e-03 5.292400e-02
48 9.359320e-01 9.352000e-03 5.471600e-02
49 9.341920e-01 9.364000e-03 5.644400e-02
50 9.322560e-01 9.684000e-03 5.806000e-02
51 9.304480e-01 9.856000e-03 5.969600e-02
52 9.284720e-01 1.003200e-02 6.149600e-02
53 9.265800e-01 1.019600e-02 6.322400e-02
54 9.247920e-01 1.016000e-02 6.504800e-02
55 9.231720e-01 9.996000e-03 6.683200e-02
56 9.215680e-01 9.672000e-03 6.876000e-02
57 9.199080e-01 9.676000e-03 7.041600e-02
58 9.184040e-01 9.516000e-03 7.208000e-02
59 9.167960e-01 9.536000e-03 7.366800e-02
60 9.151560e-01 9.568000e-03 7.527600e-02
61 9.135000e-01 9.580000e-03 7.692000e-02
62 9.118400e-01 9.588000e-03 7.857200e-02
63 9.102760e-01 9.416000e-03 8.030800e-02
64 9.086600e-01 9.384000e-03 8.195600e-02
65 9.069680e-01 9.400000e-03 8.363200e-02
66 9.053160e-01 9.436000e-03 8.524800e-02
67 9.037280e-01 9.448000e-03 8.682400e-02
68 9.018880e-01 9.688000e-03 8.842400e-02
69 9.001480e-01 9.804000e-03 9.004800e-02
70 8.984240e-01 9.776000e-03 9.180000e-02
71 8.965720e-01 9.980000e-03 9.344800e-02
72 8.948640e-01 1.000800e-02 9.512800e-02
73 8.930080e-01 1.006400e-02 9.692800e-02
74 8.912640e-01 1.007600e-02 9.866000e-02
75 8.895440e-01 1.003600e-02 1.004200e-01
76 8.878960e-01 9.864000e-03 1.022400e-01
77 8.860040e-01 1.012400e-02 1.038720e-01
78 8.842560e-01 1.006000e-02 1.056840e-01
79 8.823760e-01 1.018400e-02 1.074400e-01
80 8.805920e-01 1.011600e-02 1.092920e-01
81 8.788920e-01 1.008800e-02 1.110200e-01
82 8.771200e-01 1.015600e-02 1.127240e-01
83 8.753160e-01 1.013600e-02 1.145480e-01
84 8.734760e-01 1.023600e-02 1.162880e-01
85 8.718840e-01 1.004800e-02 1.180680e-01
86 8.700840e-01 1.014800e-02 1.197680e-01
87 8.683800e-01 1.008800e-02 1.215320e-01
88 8.665840e-01 1.028800e-02 1.231280e-01
89 8.648960e-01 1.004800e-02 1.250560e-01
90 8.630720e-01 1.016400e-02 1.267640e-01
91 8.614080e-01 1.013600e-02 1.284560e-01
92 8.598440e-01 1.004000e-02 1.301160e-01
93 8.579000e-01 1.017600e-02 1.319240e-01
94 8.562080e-01 1.012400e-02 1.336680e-01
95 8.543200e-01 1.037600e-02 1.353040e-01
96 8.524960e-01 1.029600e-02 1.372080e-01
97 8.505480e-01 1.042800e-02 1.390240e-01
98 8.486800e-01 1.041600e-02 1.409040e-01
99 8.467040e-01 1.057200e-02 1.427240e-01
100 8.450560e-01 1.028800e-02 1.446560e-01
101 8.430080e-01 1.066400e-02 1.463280e-01
102 8.412720e-01 1.056800e-02 1.481600e-01
103 8.395080e-01 1.045600e-02 1.500360e-01
104 8.375480e-01 1.063600e-02 1.518160e-01
105 8.357360e-01 1.064400e-02 1.536200e-01
106 8.339360e-01 1.060800e-02 1.554560e-01
107 8.320960e-01 1.050800e-02 1.573960e-01
108 8.304080e-01 1.039200e-02 1.592000e-01
109 8.287360e-01 1.018000e-02 1.610840e-01
110 8.268920e-01 1.017200e-02 1.629360e-01
111 8.252280e-01 1.020000e-02 1.645720e-01
112 8.235200e-01 1.013600e-02 1.663440e-01
113 8.217680e-01 1.009200e-02 1.681400e-01
114 8.199440e-01 1.004000e-02 1.700160e-01
115 8.182600e-01 9.996000e-03 1.717440e-01
116 8.163400e-01 1.014800e-02 1.735120e-01
117 8.146520e-01 1.016800e-02 1.751800e-01
118 8.128920e-01 1.004400e-02 1.770640e-01
119 8.110040e-01 1.007600e-02 1.789200e-01
120 8.094400e-01 1.002000e-02 1.805400e-01
121 8.077440e-01 1.004000e-02 1.822160e-01
122 8.061200e-01 9.772000e-03 1.841080e-01
123 8.046080e-01 9.656000e-03 1.857360e-01
124 8.030560e-01 9.600000e-03 1.873440e-01
125 8.013040e-01 9.628000e-03 1.890680e-01
126 7.996240e-01 9.684000e-03 1.906920e-01
127 7.979040e-01 9.688000e-03 1.924080e-01
128 7.962360e-01 9.588000e-03 1.941760e-01
129 7.946440e-01 9.476000e-03 1.958800e-01
130 7.929360e-01 9.588000e-03 1.974760e-01
131 7.912360e-01 9.732000e-03 1.990320e-01
132 7.896880e-01 9.532000e-03 2.007800e-01
133 7.880480e-01 9.508000e-03 2.024440e-01
134 7.865080e-01 9.468000e-03 2.040240e-01
135 7.850240e-01 9.244000e-03 2.057320e-01
136 7.832680e-01 9.252000e-03 2.074800e-01
137 7.817480e-01 9.020000e-03 2.092320e-01
138 7.801200e-01 9.168000e-03 2.107120e-01
139 7.784400e-01 9.252000e-03 2.123080e-01
140 7.767600e-01 9.332000e-03 2.139080e-01
141 7.750040e-01 9.444000e-03 2.155520e-01
142 7.732680e-01 9.620000e-03 2.171120e-01
143 7.717680e-01 9.304000e-03 2.189280e-01
144 7.702920e-01 9.168000e-03 2.205400e-01
145 7.687480e-01 9.180000e-03 2.220720e-01
146 7.672600e-01 9.044000e-03 2.236960e-01
147 7.657240e-01 9.084000e-03 2.251920e-01
148 7.641840e-01 8.988000e-03 2.268280e-01
149 7.626000e-01 8.876000e-03 2.285240e-01
150 7.611200e-01 8.848000e-03 2.300320e-01
151 7.596440e-01 8.860000e-03 2.314960e-01
152 7.580400e-01 8.860000e-03 2.331000e-01
153 7.566440e-01 8.832000e-03 2.345240e-01
154 7.552240e-01 8.644000e-03 2.361320e-01
155 7.537720e-01 8.608000e-03 2.376200e-01
156 7.521920e-01 8.584000e-03 2.392240e-01
157 7.506320e-01 8.584000e-03 2.407840e-01
158 7.492160e-01 8.548000e-03 2.422360e-01
159 7.477400e-01 8.504000e-03 2.437560e-01
160 7.462560e-01 8.476000e-03 2.452680e-01
161 7.448680e-01 8.356000e-03 2.467760e-01
162 7.433080e-01 8.484000e-03 2.482080e-01
163 7.418880e-01 8.512000e-03 2.496000e-01
164 7.403080e-01 8.656000e-03 2.510360e-01
165 7.388280e-01 8.564000e-03 2.526080e-01
166 7.371680e-01 8.776000e-03 2.540560e-01
167 7.356560e-01 8.764000e-03 2.555800e-01
168 7.343200e-01 8.684000e-03 2.569960e-01
169 7.331360e-01 8.348000e-03 2.585160e-01
170 7.319120e-01 8.200000e-03 2.598880e-01
171 7.304240e-01 8.356000e-03 2.612200e-01
172 7.290680e-01 8.184000e-03 2.627480e-01
173 7.277440e-01 8.180000e-03 2.640760e-01
174 7.262840e-01 8.256000e-03 2.654600e-01
175 7.250440e-01 7.908000e-03 2.670480e-01
176 7.237720e-01 7.800000e-03 2.684280e-01
177 7.224480e-01 7.732000e-03 2.698200e-01
178 7.212600e-01 7.576000e-03 2.711640e-01
179 7.199640e-01 7.536000e-03 2.725000e-01
180 7.186320e-01 7.452000e-03 2.739160e-01
181 7.172640e-01 7.516000e-03 2.752200e-01
182 7.160280e-01 7.408000e-03 2.765640e-01
183 7.147200e-01 7.376000e-03 2.779040e-01
184 7.133280e-01 7.528000e-03 2.791440e-01
185 7.119920e-01 7.508000e-03 2.805000e-01
186 7.106800e-01 7.596000e-03 2.817240e-01
187 7.094080e-01 7.552000e-03 2.830400e-01
188 7.082240e-01 7.424000e-03 2.843520e-01
189 7.069720e-01 7.424000e-03 2.856040e-01
190 7.057920e-01 7.268000e-03 2.869400e-01
191 7.045520e-01 7.204000e-03 2.882440e-01
192 7.032480e-01 7.284000e-03 2.894680e-01
193 7.021280e-01 7.264000e-03 2.906080e-01
194 7.007760e-01 7.376000e-03 2.918480e-01
195 6.996040e-01 7.444000e-03 2.929520e-01
196 6.984600e-01 7.208000e-03 2.943320e-01
197 6.974120e-01 6.988000e-03 2.956000e-01
198 6.963080e-01 7.020000e-03 2.966720e-01
199 6.952400e-01 6.748000e-03 2.980120e-01
200 6.942280e-01 6.592000e-03 2.991800e-01
201 6.932520e-01 6.440000e-03 3.003080e-01
202 6.921760e-01 6.436000e-03 3.013880e-01
203 6.911680e-01 6.344000e-03 3.024880e-01
204 6.901360e-01 6.232000e-03 3.036320e-01
205 6.891360e-01 6.176000e-03 3.046880e-01
206 6.880680e-01 6.276000e-03 3.056560e-01
207 6.870440e-01 6.284000e-03 3.066720e-01
208 6.860000e-01 6.260000e-03 3.077400e-01
209 6.850400e-01 6.072000e-03 3.088880e-01
210 6.841440e-01 6.000000e-03 3.098560e-01
211 6.832240e-01 5.948000e-03 3.108280e-01
212 6.823600e-01 5.736000e-03 3.119040e-01
213 6.814680e-01 5.640000e-03 3.128920e-01
214 6.804760e-01 5.712000e-03 3.138120e-01
215 6.796200e-01 5.620000e-03 3.147600e-01
216 6.788560e-01 5.508000e-03 3.156360e-01
217 6.780160e-01 5.440000e-03 3.165440e-01
218 6.772560e-01 5.292000e-03 3.174520e-01
219 6.764240e-01 5.224000e-03 3.183520e-01
220 6.756240e-01 5.052000e-03 3.193240e-01
221 6.748400e-01 4.972000e-03 3.201880e-01
222 6.739320e-01 5.072000e-03 3.209960e-01
223 6.730960e-01 5.008000e-03 3.218960e-01
224 6.721640e-01 5.132000e-03 3.227040e-01
225 6.711840e-01 5.240000e-03 3.235760e-01
226 6.702200e-01 5.340000e-03 3.244400e-01
227 6.694120e-01 5.280000e-03 3.253080e-01
228 6.685440e-01 5.304000e-03 3.261520e-01
229 6.677520e-01 5.204000e-03 3.270440e-01
230 6.669080e-01 5.172000e-03 3.279200e-01
231 6.661320e-01 5.060000e-03 3.288080e-01
232 6.652440e-01 5.100000e-03 3.296560e-01
233 6.645160e-01 5.000000e-03 3.304840e-01
234 6.638280e-01 4.824000e-03 3.313480e-01
235 6.631440e-01 4.732000e-03 3.321240e-01
236 6.623880e-01 4.672000e-03 3.329400e-01
237 6.616560e-01 4.544000e-03 3.338000e-01
238 6.610320e-01 4.400000e-03 3.345680e-01
239 6.603120e-01 4.348000e-03 3.353400e-01
240 6.595800e-01 4.328000e-03 3.360920e-01
241 6.589640e-01 4.204000e-03 3.368320e-01
242 6.582680e-01 4.148000e-03 3.375840e-01
243 6.576000e-01 4.028000e-03 3.383720e-01
244 6.570880e-01 3.832000e-03 3.390800e-01
245 6.564240e-01 3.772000e-03 3.398040e-01
246 6.557400e-01 3.844000e-03 3.404160e-01
247 6.550800e-01 3.760000e-03 3.411600e-01
248 6.544840e-01 3.692000e-03 3.418240e-01
249 6.537240e-01 3.740000e-03 3.425360e-01
250 6.531440e-01 3.596000e-03 3.432600e-01
251 6.526360e-01 3.580000e-03 3.437840e-01
252 6.520200e-01 3.524000e-03 3.444560e-01
253 6.514520e-01 3.472000e-03 3.450760e-01
254 6.509560e-01 3.388000e-03 3.456560e-01
255 6.505040e-01 3.220000e-03 3.462760e-01
256 6.499400e-01 3.248000e-03 3.468120e-01
257 6.493720e-01 3.260000e-03 3.473680e-01
258 6.487840e-01 3.288000e-03 3.479280e-01
259 6.483480e-01 3.092000e-03 3.485600e-01
260 6.478760e-01 2.904000e-03 3.492200e-01
261 6.473280e-01 3.004000e-03 3.496680e-01
262 6.469040e-01 2.980000e-03 3.501160e-01
263 6.464480e-01 2.964000e-03 3.505880e-01
264 6.459560e-01 2.992000e-03 3.510520e-01
265 6.455520e-01 2.900000e-03 3.515480e-01
266 6.451200e-01 2.796000e-03 3.520840e-01
267 6.446760e-01 2.776000e-03 3.525480e-01
268 6.442960e-01 2.692000e-03 3.530120e-01
269 6.439200e-01 2.588000e-03 3.534920e-01
270 6.434720e-01 2.632000e-03 3.538960e-01
271 6.430800e-01 2.512000e-03 3.544080e-01
272 6.427560e-01 2.448000e-03 3.547960e-01
273 6.424400e-01 2.360000e-03 3.552000e-01
274 6.420880e-01 2.308000e-03 3.556040e-01
275 6.417840e-01 2.180000e-03 3.560360e-01
276 6.415320e-01 2.056000e-03 3.564120e-01
277 6.411520e-01 2.092000e-03 3.567560e-01
278 6.408200e-01 2.120000e-03 3.570600e-01
279 6.404680e-01 2.060000e-03 3.574720e-01
280 6.401680e-01 1.992000e-03 3.578400e-01
281 6.398240e-01 2.016000e-03 3.581600e-01
282 6.394800e-01 2.048000e-03 3.584720e-01
283 6.391040e-01 2.068000e-03 3.588280e-01
284 6.387240e-01 2.072000e-03 3.592040e-01
285 6.382920e-01 2.128000e-03 3.595800e-01
286 6.379000e-01 2.112000e-03 3.599880e-01
287 6.374600e-01 2.156000e-03 3.603840e-01
288 6.371040e-01 2.140000e-03 3.607560e-01
289 6.367880e-01 2.088000e-03 3.611240e-01
290 6.364480e-01 2.036000e-03 3.615160e-01
291 6.361360e-01 2.012000e-03 3.618520e-01
292 6.357600e-01 1.972000e-03 3.622680e-01
293 6.354680e-01 1.932000e-03 3.626000e-01
294 6.352160e-01 1.828000e-03 3.629560e-01
295 6.349160e-01 1.804000e-03 3.632800e-01
296 6.345680e-01 1.840000e-03 3.635920e-01
297 6.342600e-01 1.816000e-03 3.639240e-01
298 6.339600e-01 1.836000e-03 3.642040e-01
299 6.336560e-01 1.828000e-03 3.645160e-01
300 6.333320e-01 1.828000e-03 3.648400e-01
301 6.330400e-01 1.768000e-03 3.651920e-01
302 6.328120e-01 1.708000e-03 3.654800e-01
303 6.325080e-01 1.708000e-03 3.657840e-01
304 6.322240e-01 1.756000e-03 3.660200e-01
305 6.319400e-01 1.700000e-03 3.663600e-01
306 6.316480e-01 1.680000e-03 3.666720e-01
307 6.314440e-01 1.596000e-03 3.669600e-01
308 6.312520e-01 1.512000e-03 3.672360e-01
309 6.310480e-01 1.456000e-03 3.674960e-01
310 6.308480e-01 1.384000e-03 3.677680e-01
311 6.306080e-01 1.376000e-03 3.680160e-01
312 6.303600e-01 1.376000e-03 3.682640e-01
313 6.301960e-01 1.304000e-03 3.685000e-01
314 6.299920e-01 1.260000e-03 3.687480e-01
315 6.297560e-01 1.268000e-03 3.689760e-01
316 6.295440e-01 1.268000e-03 3.691880e-01
317 6.293760e-01 1.220000e-03 3.694040e-01
318 6.292080e-01 1.144000e-03 3.696480e-01
319 6.290320e-01 1.072000e-03 3.698960e-01
320 6.288560e-01 1.068000e-03 3.700760e-01
321 6.286560e-01 1.104000e-03 3.702400e-01
322 6.284480e-01 1.160000e-03 3.703920e-01
323 6.281720e-01 1.248000e-03 3.705800e-01
324 6.278880e-01 1.316000e-03 3.707960e-01
325 6.276160e-01 1.356000e-03 3.710280e-01
326 6.274040e-01 1.288000e-03 3.713080e-01
327 6.271880e-01 1.308000e-03 3.715040e-01
328 6.269480e-01 1.300000e-03 3.717520e-01
329 6.267000e-01 1.336000e-03 3.719640e-01
330 6.264600e-01 1.292000e-03 3.722480e-01
331 6.262520e-01 1.192000e-03 3.725560e-01
332 6.260280e-01 1.172000e-03 3.728000e-01
333 6.258440e-01 1.156000e-03 3.730000e-01
334 6.256200e-01 1.132000e-03 3.732480e-01
335 6.254280e-01 1.136000e-03 3.734360e-01
336 6.252920e-01 1.100000e-03 3.736080e-01
337 6.251560e-01 1.044000e-03 3.738000e-01
338 6.249600e-01 1.056000e-03 3.739840e-01
339 6.247800e-01 1.088000e-03 3.741320e-01
340 6.245760e-01 1.112000e-03 3.743120e-01
341 6.243640e-01 1.160000e-03 3.744760e-01
342 6.241840e-01 1.160000e-03 3.746560e-01
343 6.240200e-01 1.156000e-03 3.748240e-01
344 6.238960e-01 1.072000e-03 3.750320e-01
345 6.237880e-01 1.012000e-03 3.752000e-01
346 6.236600e-01 9.800000e-04 3.753600e-01
347 6.235480e-01 9.880000e-04 3.754640e-01
348 6.234280e-01 9.760000e-04 3.755960e-01
349 6.232920e-01 9.560000e-04 3.757520e-01
350 6.231800e-01 8.920000e-04 3.759280e-01
351 6.230520e-01 8.880000e-04 3.760600e-01
352 6.228480e-01 9.400000e-04 3.762120e-01
353 6.226760e-01 9.880000e-04 3.763360e-01
354 6.224720e-01 1.016000e-03 3.765120e-01
355 6.223080e-01 1.020000e-03 3.766720e-01
356 6.221800e-01 9.880000e-04 3.768320e-01
357 6.220120e-01 1.000000e-03 3.769880e-01
358 6.218400e-01 1.024000e-03 3.771360e-01
359 6.216320e-01 1.068000e-03 3.773000e-01
360 6.214720e-01 1.020000e-03 3.775080e-01
361 6.212440e-01 1.064000e-03 3.776920e-01
362 6.210920e-01 1.056000e-03 3.778520e-01
363 6.208640e-01 1.112000e-03 3.780240e-01
364 6.207000e-01 1.104000e-03 3.781960e-01
365 6.205080e-01 1.120000e-03 3.783720e-01
366 6.202920e-01 1.096000e-03 3.786120e-01
367 6.200640e-01 1.116000e-03 3.788200e-01
368 6.198720e-01 1.152000e-03 3.789760e-01
369 6.196640e-01 1.172000e-03 3.791640e-01
370 6.194000e-01 1.232000e-03 3.793680e-01
371 6.192120e-01 1.200000e-03 3.795880e-01
372 6.190880e-01 1.100000e-03 3.798120e-01
373 6.189680e-01 1.056000e-03 3.799760e-01
374 6.188000e-01 1.052000e-03 3.801480e-01
375 6.185840e-01 1.072000e-03 3.803440e-01
376 6.184440e-01 1.040000e-03 3.805160e-01
377 6.182480e-01 1.020000e-03 3.807320e-01
378 6.180680e-01 1.012000e-03 3.809200e-01
379 6.178760e-01 1.000000e-03 3.811240e-01
380 6.176600e-01 1.052000e-03 3.812880e-01
381 6.174160e-01 1.116000e-03 3.814680e-01
382 6.172360e-01 1.096000e-03 3.816680e-01
383 6.171120e-01 1.072000e-03 3.818160e-01
384 6.169640e-01 1.012000e-03 3.820240e-01
385 6.167840e-01 1.072000e-03 3.821440e-01
386 6.166360e-01 1.024000e-03 3.823400e-01
387 6.164800e-01 1.004000e-03 3.825160e-01
388 6.163720e-01 9.000000e-04 3.827280e-01
389 6.162200e-01 9.120000e-04 3.828680e-01
390 6.160040e-01 9.840000e-04 3.830120e-01
391 6.158520e-01 9.240000e-04 3.832240e-01
392 6.156640e-01 9.840000e-04 3.833520e-01
393 6.154560e-01 1.016000e-03 3.835280e-01
394 6.152720e-01 1.016000e-03 3.837120e-01
395 6.151440e-01 9.440000e-04 3.839120e-01
396 6.150560e-01 8.960000e-04 3.840480e-01
397 6.149000e-01 8.520000e-04 3.842480e-01
398 6.147760e-01 8.480000e-04 3.843760e-01
399 6.146040e-01 8.760000e-04 3.845200e-01
400 6.143920e-01 9.000000e-04 3.847080e-01
401 6.141720e-01 9.440000e-04 3.848840e-01
402 6.140520e-01 9.200000e-04 3.850280e-01
403 6.138960e-01 8.760000e-04 3.852280e-01
404 6.137120e-01 9.240000e-04 3.853640e-01
405 6.136120e-01 8.480000e-04 3.855400e-01
406 6.134760e-01 8.280000e-04 3.856960e-01
407 6.132640e-01 9.040000e-04 3.858320e-01
408 6.130040e-01 9.920000e-04 3.860040e-01
409 6.128400e-01 1.012000e-03 3.861480e-01
410 6.126480e-01 1.036000e-03 3.863160e-01
411 6.124520e-01 1.044000e-03 3.865040e-01
412 6.122000e-01 1.096000e-03 3.867040e-01
413 6.120200e-01 1.092000e-03 3.868880e-01
414 6.118080e-01 1.132000e-03 3.870600e-01
415 6.116040e-01 1.192000e-03 3.872040e-01
416 6.113400e-01 1.220000e-03 3.874400e-01
417 6.111200e-01 1.236000e-03 3.876440e-01
418 6.108760e-01 1.276000e-03 3.878480e-01
419 6.105800e-01 1.324000e-03 3.880960e-01
420 6.102280e-01 1.380000e-03 3.883920e-01
421 6.099760e-01 1.416000e-03 3.886080e-01
422 6.097440e-01 1.436000e-03 3.888200e-01
423 6.095000e-01 1.400000e-03 3.891000e-01
424 6.092880e-01 1.404000e-03 3.893080e-01
425 6.090920e-01 1.352000e-03 3.895560e-01
426 6.088640e-01 1.344000e-03 3.897920e-01
427 6.086760e-01 1.288000e-03 3.900360e-01
428 6.084880e-01 1.248000e-03 3.902640e-01
429 6.083360e-01 1.212000e-03 3.904520e-01
430 6.081680e-01 1.092000e-03 3.907400e-01
431 6.080080e-01 1.052000e-03 3.909400e-01
432 6.078080e-01 1.096000e-03 3.910960e-01
433 6.076240e-01 1.100000e-03 3.912760e-01
434 6.074400e-01 1.128000e-03 3.914320e-01
435 6.072360e-01 1.096000e-03 3.916680e-01
436 6.070560e-01 1.088000e-03 3.918560e-01
437 6.068640e-01 1.128000e-03 3.920080e-01
438 6.066320e-01 1.188000e-03 3.921800e-01
439 6.064120e-01 1.152000e-03 3.924360e-01
440 6.062080e-01 1.116000e-03 3.926760e-01
441 6.060080e-01 1.104000e-03 3.928880e-01
442 6.058760e-01 1.028000e-03 3.930960e-01
443 6.056680e-01 1.040000e-03 3.932920e-01
444 6.054000e-01 1.132000e-03 3.934680e-01
445 6.051720e-01 1.196000e-03 3.936320e-01
446 6.050240e-01 1.120000e-03 3.938560e-01
447 6.048600e-01 1.056000e-03 3.940840e-01
448 6.046480e-01 1.092000e-03 3.942600e-01
449 6.044480e-01 1.088000e-03 3.944640e-01
450 6.042800e-01 1.040000e-03 3.946800e-01
451 6.041120e-01 1.088000e-03 3.948000e-01
452 6.039600e-01 1.068000e-03 3.949720e-01
453 6.037640e-01 1.068000e-03 3.951680e-01
454 6.035960e-01 1.024000e-03 3.953800e-01
455 6.034520e-01 9.240000e-04 3.956240e-01
456 6.032720e-01 9.560000e-04 3.957720e-01
457 6.030440e-01 1.068000e-03 3.958880e-01
458 6.028840e-01 1.056000e-03 3.960600e-01
459 6.027160e-01 1.056000e-03 3.962280e-01
460 6.025240e-01 1.088000e-03 3.963880e-01
461 6.023160e-01 1.108000e-03 3.965760e-01
462 6.021520e-01 1.060000e-03 3.967880e-01
463 6.020280e-01 1.000000e-03 3.969720e-01
464 6.019000e-01 8.960000e-04 3.972040e-01
465 6.017520e-01 8.840000e-04 3.973640e-01
466 6.016000e-01 8.760000e-04 3.975240e-01
467 6.015040e-01 8.640000e-04 3.976320e-01
468 6.013280e-01 8.680000e-04 3.978040e-01
469 6.011520e-01 8.880000e-04 3.979600e-01
470 6.009480e-01 9.520000e-04 3.981000e-01
471 6.007520e-01 9.560000e-04 3.982920e-01
472 6.005800e-01 9.360000e-04 3.984840e-01
473 6.003920e-01 9.480000e-04 3.986600e-01
474 6.002160e-01 9.360000e-04 3.988480e-01
475 6.000960e-01 8.440000e-04 3.990600e-01
476 5.999840e-01 8.080000e-04 3.992080e-01
477 5.998480e-01 8.120000e-04 3.993400e-01
478 5.996960e-01 8.000000e-04 3.995040e-01
479 5.995600e-01 7.880000e-04 3.996520e-01
480 5.994360e-01 7.680000e-04 3.997960e-01
481 5.992960e-01 7.880000e-04 3.999160e-01
482 5.991520e-01 7.400000e-04 4.001080e-01
483 5.990440e-01 7.240000e-04 4.002320e-01
484 5.989520e-01 6.800000e-04 4.003680e-01
485 5.989000e-01 6.040000e-04 4.004960e-01
486 5.987920e-01 6.120000e-04 4.005960e-01
487 5.986840e-01 6.000000e-04 4.007160e-01
488 5.985880e-01 6.160000e-04 4.007960e-01
489 5.984920e-01 6.160000e-04 4.008920e-01
490 5.984040e-01 6.120000e-04 4.009840e-01
491 5.982920e-01 6.160000e-04 4.010920e-01
492 5.982120e-01 5.920000e-04 4.011960e-01
493 5.981240e-01 5.480000e-04 4.013280e-01
494 5.980280e-01 5.400000e-04 4.014320e-01
495 5.979480e-01 5.600000e-04 4.014920e-01
496 5.979080e-01 5.480000e-04 4.015440e-01
497 5.978600e-01 5.080000e-04 4.016320e-01
498 5.978240e-01 4.440000e-04 4.017320e-01
499 5.977760e-01 4.120000e-04 4.018120e-01
500 5.977400e-01 3.840000e-04 4.018760e-01
