1 9.992640e-01 6.560000e-04 8.000000e-05
2 9.987760e-01 1.016000e-03 2.080000e-04
3 9.980800e-01 1.520000e-03 4.000000e-04
4 9.972360e-01 2.056000e-03 7.080000e-04
5 9.963120e-01 2.616000e-03 1.072000e-03
6 9.954200e-01 2.964000e-03 1.616000e-03
7 9.944360e-01 3.468000e-03 2.096000e-03
8 9.934560e-01 3.796000e-03 2.748000e-03
9 9.925120e-01 3.948000e-03 3.540000e-03
10 9.915040e-01 4.268000e-03 4.228000e-03
11 9.902800e-01 4.672000e-03 5.048000e-03
12 9.891160e-01 4.988000e-03 5.896000e-03
13 9.879720e-01 5.268000e-03 6.760000e-03
14 9.867920e-01 5.512000e-03 7.696000e-03
15 9.855560e-01 5.756000e-03 8.688000e-03
16 9.843480e-01 6.040000e-03 9.612000e-03
17 9.829840e-01 6.372000e-03 1.064400e-02
18 9.817560e-01 6.468000e-03 1.177600e-02
19 9.804720e-01 6.608000e-03 1.292000e-02
20 9.792160e-01 6.704000e-03 1.408000e-02
21 9.778440e-01 6.904000e-03 1.525200e-02
22 9.764680e-01 7.024000e-03 1.650800e-02
23 9.750000e-01 7.316000e-03 1.768400e-02
24 9.734880e-01 7.548000e-03 1.896400e-02
25 9.719600e-01 7.784000e-03 2.025600e-02
26 9.704560e-01 7.944000e-03 2.160000e-02
27 9.689440e-01 8.108000e-03 2.294800e-02
28 9.673840e-01 8.228000e-03 2.438800e-02
29 9.659360e-01 8.220000e-03 2.584400e-02
30 9.645120e-01 8.092000e-03 2.739600e-02
31 9.629120e-01 8.356000e-03 2.873200e-02
32 9.615720e-01 8.208000e-03 3.022000e-02
33 9.601680e-01 8.168000e-03 3.166400e-02
34 9.586960e-01 8.256000e-03 3.304800e-02
35 9.572200e-01 8.256000e-03 3.452400e-02
36 9.556720e-01 8.312000e-03 3.601600e-02
37 9.541800e-01 8.392000e-03 3.742800e-02
38 9.525560e-01 8.528000e-03 3.891600e-02
39 9.510040e-01 8.572000e-03 4.042400e-02
40 9.494080e-01 8.804000e-03 4.178800e-02
41 9.478920e-01 8.732000e-03 4.337600e-02
42 9.464440e-01 8.648000e-03 4.490800e-02
43 9.448960e-01 8.708000e-03 4.639600e-02
44 9.432840e-01 8.840000e-03 4.787600e-02
45 9.415720e-01 8.896000e-03 4.953200e-02
46 9.398520e-01 9.044000e-03 5.110400e-02
47 9.381200e-01 9.200000e-03 5.268000e-02
48 9.364680e-01 9.260000e-03 5.427200e-02
49 9.348480e-01 9.288000e-03 5.586400e-02
50 9.331160e-01 9.396000e-03 5.748800e-02
51 9.315040e-01 9.348000e-03 5.914800e-02
52 9.297960e-01 9.540000e-03 6.066400e-02
53 9.278800e-01 9.680000e-03 6.244000e-02
54 9.261240e-01 9.784000e-03 6.409200e-02
55 9.243960e-01 9.840000e-03 6.576400e-02
56 9.225080e-01 9.996000e-03 6.749600e-02
57 9.208680e-01 9.896000e-03 6.923600e-02
58 9.192120e-01 9.884000e-03 7.090400e-02
59 9.174680e-01 9.820000e-03 7.271200e-02
60 9.156880e-01 9.884000e-03 7.442800e-02
61 9.140080e-01 9.824000e-03 7.616800e-02
62 9.121600e-01 9.884000e-03 7.795600e-02
63 9.103640e-01 9.876000e-03 7.976000e-02
64 9.086240e-01 9.848000e-03 8.152800e-02
65 9.068560e-01 9.928000e-03 8.321600e-02
66 9.049760e-01 1.012400e-02 8.490000e-02
67 9.031600e-01 1.013600e-02 8.670400e-02
68 9.014600e-01 1.011200e-02 8.842800e-02
69 8.997040e-01 1.016000e-02 9.013600e-02
70 8.979880e-01 9.944000e-03 9.206800e-02
71 8.964480e-01 9.812000e-03 9.374000e-02
72 8.948040e-01 9.804000e-03 9.539200e-02
73 8.931240e-01 9.820000e-03 9.705600e-02
74 8.913160e-01 1.003600e-02 9.864800e-02
75 8.895680e-01 1.010400e-02 1.003280e-01
76 8.877560e-01 1.015200e-02 1.020920e-01
77 8.860840e-01 9.976000e-03 1.039400e-01
78 8.843520e-01 9.896000e-03 1.057520e-01
79 8.826720e-01 9.868000e-03 1.074600e-01
80 8.811040e-01 9.784000e-03 1.091120e-01
81 8.795400e-01 9.532000e-03 1.109280e-01
82 8.780320e-01 9.456000e-03 1.125120e-01
83 8.764680e-01 9.356000e-03 1.141760e-01
84 8.746280e-01 9.660000e-03 1.157120e-01
85 8.730360e-01 9.608000e-03 1.173560e-01
86 8.714240e-01 9.468000e-03 1.191080e-01
87 8.698480e-01 9.384000e-03 1.207680e-01
88 8.683120e-01 9.236000e-03 1.224520e-01
89 8.667720e-01 9.168000e-03 1.240600e-01
90 8.652240e-01 9.176000e-03 1.256000e-01
91 8.636080e-01 9.196000e-03 1.271960e-01
92 8.621160e-01 9.096000e-03 1.287880e-01
93 8.605160e-01 8.884000e-03 1.306000e-01
94 8.590680e-01 8.816000e-03 1.321160e-01
95 8.574840e-01 8.952000e-03 1.335640e-01
96 8.559320e-01 8.908000e-03 1.351600e-01
97 8.543240e-01 8.976000e-03 1.367000e-01
98 8.527080e-01 8.980000e-03 1.383120e-01
99 8.510960e-01 9.000000e-03 1.399040e-01
100 8.496320e-01 8.876000e-03 1.414920e-01
101 8.480160e-01 8.856000e-03 1.431280e-01
102 8.464600e-01 8.808000e-03 1.447320e-01
103 8.448480e-01 8.956000e-03 1.461960e-01
104 8.431440e-01 9.100000e-03 1.477560e-01
105 8.415360e-01 9.172000e-03 1.492920e-01
106 8.399000e-01 9.188000e-03 1.509120e-01
107 8.382920e-01 9.280000e-03 1.524280e-01
108 8.366200e-01 9.428000e-03 1.539520e-01
109 8.350000e-01 9.392000e-03 1.556080e-01
110 8.334400e-01 9.372000e-03 1.571880e-01
111 8.318880e-01 9.220000e-03 1.588920e-01
112 8.304000e-01 9.196000e-03 1.604040e-01
113 8.288280e-01 9.088000e-03 1.620840e-01
114 8.273600e-01 8.936000e-03 1.637040e-01
115 8.256800e-01 9.192000e-03 1.651280e-01
116 8.240240e-01 9.168000e-03 1.668080e-01
117 8.223280e-01 9.216000e-03 1.684560e-01
118 8.206080e-01 9.240000e-03 1.701520e-01
119 8.187080e-01 9.520000e-03 1.717720e-01
120 8.171320e-01 9.448000e-03 1.734200e-01
121 8.154800e-01 9.368000e-03 1.751520e-01
122 8.137440e-01 9.540000e-03 1.767160e-01
123 8.121080e-01 9.564000e-03 1.783280e-01
124 8.105000e-01 9.400000e-03 1.801000e-01
125 8.087440e-01 9.556000e-03 1.817000e-01
126 8.070360e-01 9.656000e-03 1.833080e-01
127 8.054000e-01 9.684000e-03 1.849160e-01
128 8.037960e-01 9.628000e-03 1.865760e-01
129 8.021360e-01 9.656000e-03 1.882080e-01
130 8.005240e-01 9.580000e-03 1.898960e-01
131 7.989840e-01 9.472000e-03 1.915440e-01
132 7.974800e-01 9.396000e-03 1.931240e-01
133 7.959840e-01 9.140000e-03 1.948760e-01
134 7.945280e-01 8.948000e-03 1.965240e-01
135 7.930400e-01 8.784000e-03 1.981760e-01
136 7.915880e-01 8.692000e-03 1.997200e-01
137 7.903600e-01 8.564000e-03 2.010760e-01
138 7.891120e-01 8.376000e-03 2.025120e-01
139 7.876920e-01 8.340000e-03 2.039680e-01
140 7.863800e-01 8.248000e-03 2.053720e-01
141 7.850720e-01 8.076000e-03 2.068520e-01
142 7.837320e-01 7.972000e-03 2.082960e-01
143 7.824880e-01 7.748000e-03 2.097640e-01
144 7.811920e-01 7.576000e-03 2.112320e-01
145 7.799840e-01 7.500000e-03 2.125160e-01
146 7.787160e-01 7.432000e-03 2.138520e-01
147 7.774720e-01 7.396000e-03 2.151320e-01
148 7.762120e-01 7.368000e-03 2.164200e-01
149 7.750240e-01 7.264000e-03 2.177120e-01
150 7.738800e-01 7.180000e-03 2.189400e-01
151 7.727160e-01 7.076000e-03 2.202080e-01
152 7.716480e-01 6.872000e-03 2.214800e-01
153 7.705160e-01 6.820000e-03 2.226640e-01
154 7.693600e-01 6.916000e-03 2.237240e-01
155 7.682840e-01 6.712000e-03 2.250040e-01
156 7.671800e-01 6.632000e-03 2.261880e-01
157 7.659840e-01 6.724000e-03 2.272920e-01
158 7.647680e-01 6.736000e-03 2.284960e-01
159 7.638040e-01 6.640000e-03 2.295560e-01
160 7.626920e-01 6.624000e-03 2.306840e-01
161 7.615880e-01 6.540000e-03 2.318720e-01
162 7.605200e-01 6.472000e-03 2.330080e-01
163 7.594920e-01 6.432000e-03 2.340760e-01
164 7.583520e-01 6.552000e-03 2.350960e-01
165 7.574200e-01 6.416000e-03 2.361640e-01
166 7.562040e-01 6.508000e-03 2.372880e-01
167 7.551000e-01 6.520000e-03 2.383800e-01
168 7.539640e-01 6.604000e-03 2.394320e-01
169 7.528480e-01 6.680000e-03 2.404720e-01
170 7.517480e-01 6.568000e-03 2.416840e-01
171 7.505640e-01 6.564000e-03 2.428720e-01
172 7.494520e-01 6.620000e-03 2.439280e-01
173 7.483680e-01 6.520000e-03 2.451120e-01
174 7.472600e-01 6.432000e-03 2.463080e-01
175 7.461760e-01 6.324000e-03 2.475000e-01
176 7.452080e-01 6.276000e-03 2.485160e-01
177 7.440800e-01 6.324000e-03 2.495960e-01
178 7.429320e-01 6.280000e-03 2.507880e-01
179 7.418560e-01 6.312000e-03 2.518320e-01
180 7.407680e-01 6.268000e-03 2.529640e-01
181 7.396040e-01 6.340000e-03 2.540560e-01
182 7.384640e-01 6.448000e-03 2.550880e-01
183 7.373520e-01 6.440000e-03 2.562080e-01
184 7.362080e-01 6.428000e-03 2.573640e-01
185 7.351120e-01 6.428000e-03 2.584600e-01
186 7.341240e-01 6.232000e-03 2.596440e-01
187 7.331800e-01 6.104000e-03 2.607160e-01
188 7.320960e-01 6.112000e-03 2.617920e-01
189 7.310360e-01 6.168000e-03 2.627960e-01
190 7.301240e-01 6.104000e-03 2.637720e-01
191 7.291080e-01 6.088000e-03 2.648040e-01
192 7.280400e-01 6.052000e-03 2.659080e-01
193 7.269600e-01 6.088000e-03 2.669520e-01
194 7.258960e-01 6.076000e-03 2.680280e-01
195 7.249520e-01 5.948000e-03 2.691000e-01
196 7.238880e-01 5.860000e-03 2.702520e-01
197 7.228680e-01 5.976000e-03 2.711560e-01
198 7.218880e-01 5.904000e-03 2.722080e-01
199 7.207520e-01 6.056000e-03 2.731920e-01
200 7.197360e-01 5.984000e-03 2.742800e-01
201 7.185800e-01 6.076000e-03 2.753440e-01
202 7.175360e-01 6.052000e-03 2.764120e-01
203 7.164040e-01 6.168000e-03 2.774280e-01
204 7.154600e-01 6.036000e-03 2.785040e-01
205 7.144240e-01 5.932000e-03 2.796440e-01
206 7.133600e-01 5.964000e-03 2.806760e-01
207 7.124360e-01 5.788000e-03 2.817760e-01
208 7.114960e-01 5.712000e-03 2.827920e-01
209 7.106080e-01 5.496000e-03 2.838960e-01
210 7.097400e-01 5.320000e-03 2.849400e-01
211 7.087600e-01 5.396000e-03 2.858440e-01
212 7.077960e-01 5.476000e-03 2.867280e-01
213 7.069160e-01 5.340000e-03 2.877440e-01
214 7.059880e-01 5.344000e-03 2.886680e-01
215 7.049920e-01 5.460000e-03 2.895480e-01
216 7.039000e-01 5.512000e-03 2.905880e-01
217 7.028000e-01 5.680000e-03 2.915200e-01
218 7.016960e-01 5.740000e-03 2.925640e-01
219 7.006680e-01 5.844000e-03 2.934880e-01
220 6.997040e-01 5.748000e-03 2.945480e-01
221 6.987400e-01 5.624000e-03 2.956360e-01
222 6.977000e-01 5.584000e-03 2.967160e-01
223 6.966160e-01 5.568000e-03 2.978160e-01
224 6.956280e-01 5.592000e-03 2.987800e-01
225 6.945120e-01 5.688000e-03 2.998000e-01
226 6.935560e-01 5.756000e-03 3.006880e-01
227 6.925880e-01 5.716000e-03 3.016960e-01
228 6.917040e-01 5.612000e-03 3.026840e-01
229 6.907480e-01 5.628000e-03 3.036240e-01
230 6.898520e-01 5.460000e-03 3.046880e-01
231 6.888400e-01 5.472000e-03 3.056880e-01
232 6.878720e-01 5.444000e-03 3.066840e-01
233 6.869560e-01 5.352000e-03 3.076920e-01
234 6.860480e-01 5.316000e-03 3.086360e-01
235 6.850920e-01 5.272000e-03 3.096360e-01
236 6.841120e-01 5.300000e-03 3.105880e-01
237 6.832120e-01 5.264000e-03 3.115240e-01
238 6.823560e-01 5.272000e-03 3.123720e-01
239 6.814480e-01 5.228000e-03 3.133240e-01
240 6.806120e-01 5.232000e-03 3.141560e-01
241 6.798360e-01 5.040000e-03 3.151240e-01
242 6.790520e-01 4.972000e-03 3.159760e-01
243 6.783080e-01 4.776000e-03 3.169160e-01
244 6.775320e-01 4.664000e-03 3.178040e-01
245 6.769000e-01 4.432000e-03 3.186680e-01
246 6.763600e-01 4.188000e-03 3.194520e-01
247 6.756640e-01 4.220000e-03 3.201160e-01
248 6.750520e-01 4.132000e-03 3.208160e-01
249 6.744160e-01 4.048000e-03 3.215360e-01
250 6.738080e-01 3.816000e-03 3.223760e-01
251 6.732360e-01 3.720000e-03 3.230440e-01
252 6.726160e-01 3.828000e-03 3.235560e-01
253 6.720200e-01 3.796000e-03 3.241840e-01
254 6.714560e-01 3.660000e-03 3.248840e-01
255 6.708280e-01 3.620000e-03 3.255520e-01
256 6.702360e-01 3.548000e-03 3.262160e-01
257 6.696520e-01 3.484000e-03 3.268640e-01
258 6.689680e-01 3.572000e-03 3.274600e-01
259 6.683320e-01 3.520000e-03 3.281480e-01
260 6.677320e-01 3.520000e-03 3.287480e-01
261 6.670760e-01 3.568000e-03 3.293560e-01
262 6.664800e-01 3.528000e-03 3.299920e-01
263 6.658000e-01 3.552000e-03 3.306480e-01
264 6.652240e-01 3.508000e-03 3.312680e-01
265 6.645480e-01 3.600000e-03 3.318520e-01
266 6.638840e-01 3.608000e-03 3.325080e-01
267 6.633280e-01 3.540000e-03 3.331320e-01
268 6.625760e-01 3.608000e-03 3.338160e-01
269 6.619640e-01 3.584000e-03 3.344520e-01
270 6.613640e-01 3.504000e-03 3.351320e-01
271 6.607320e-01 3.444000e-03 3.358240e-01
272 6.601440e-01 3.420000e-03 3.364360e-01
273 6.595400e-01 3.392000e-03 3.370680e-01
274 6.589560e-01 3.324000e-03 3.377200e-01
275 6.583520e-01 3.312000e-03 3.383360e-01
276 6.578000e-01 3.324000e-03 3.388760e-01
277 6.572480e-01 3.256000e-03 3.394960e-01
278 6.566280e-01 3.384000e-03 3.399880e-01
279 6.560200e-01 3.388000e-03 3.405920e-01
280 6.553560e-01 3.396000e-03 3.412480e-01
281 6.547760e-01 3.292000e-03 3.419320e-01
282 6.542040e-01 3.268000e-03 3.425280e-01
283 6.535120e-01 3.372000e-03 3.431160e-01
284 6.528600e-01 3.404000e-03 3.437360e-01
285 6.521800e-01 3.404000e-03 3.444160e-01
286 6.516120e-01 3.348000e-03 3.450400e-01
287 6.510680e-01 3.368000e-03 3.455640e-01
288 6.505360e-01 3.328000e-03 3.461360e-01
289 6.500320e-01 3.212000e-03 3.467560e-01
290 6.494680e-01 3.304000e-03 3.472280e-01
291 6.489320e-01 3.324000e-03 3.477440e-01
292 6.483240e-01 3.404000e-03 3.482720e-01
293 6.477640e-01 3.424000e-03 3.488120e-01
294 6.473000e-01 3.280000e-03 3.494200e-01
295 6.467600e-01 3.296000e-03 3.499440e-01
296 6.461960e-01 3.340000e-03 3.504640e-01
297 6.456760e-01 3.276000e-03 3.510480e-01
298 6.452440e-01 3.088000e-03 3.516680e-01
299 6.446560e-01 3.108000e-03 3.522360e-01
300 6.441160e-01 3.108000e-03 3.527760e-01
301 6.436000e-01 3.056000e-03 3.533440e-01
302 6.430880e-01 2.984000e-03 3.539280e-01
303 6.426440e-01 2.988000e-03 3.543680e-01
304 6.421480e-01 2.992000e-03 3.548600e-01
305 6.416360e-01 2.992000e-03 3.553720e-01
306 6.411280e-01 2.976000e-03 3.558960e-01
307 6.406040e-01 2.992000e-03 3.564040e-01
308 6.400680e-01 3.088000e-03 3.568440e-01
309 6.394440e-01 3.080000e-03 3.574760e-01
310 6.388960e-01 3.092000e-03 3.580120e-01
311 6.383440e-01 3.052000e-03 3.586040e-01
312 6.378400e-01 3.028000e-03 3.591320e-01
313 6.374040e-01 2.952000e-03 3.596440e-01
314 6.369600e-01 2.888000e-03 3.601520e-01
315 6.363880e-01 2.984000e-03 3.606280e-01
316 6.358080e-01 3.032000e-03 3.611600e-01
317 6.353000e-01 2.988000e-03 3.617120e-01
318 6.346680e-01 3.068000e-03 3.622640e-01
319 6.340240e-01 3.140000e-03 3.628360e-01
320 6.334560e-01 3.140000e-03 3.634040e-01
321 6.329400e-01 3.108000e-03 3.639520e-01
322 6.324600e-01 3.092000e-03 3.644480e-01
323 6.319720e-01 3.052000e-03 3.649760e-01
324 6.314880e-01 2.992000e-03 3.655200e-01
325 6.309200e-01 3.044000e-03 3.660360e-01
326 6.303200e-01 3.172000e-03 3.665080e-01
327 6.298080e-01 3.140000e-03 3.670520e-01
328 6.293120e-01 3.060000e-03 3.676280e-01
329 6.287440e-01 3.104000e-03 3.681520e-01
330 6.281720e-01 3.124000e-03 3.687040e-01
331 6.275160e-01 3.176000e-03 3.693080e-01
332 6.269680e-01 3.220000e-03 3.698120e-01
333 6.263560e-01 3.320000e-03 3.703240e-01
334 6.258000e-01 3.280000e-03 3.709200e-01
335 6.252040e-01 3.292000e-03 3.715040e-01
336 6.246160e-01 3.244000e-03 3.721400e-01
337 6.239600e-01 3.348000e-03 3.726920e-01
338 6.232400e-01 3.488000e-03 3.732720e-01
339 6.225200e-01 3.660000e-03 3.738200e-01
340 6.219240e-01 3.592000e-03 3.744840e-01
341 6.212920e-01 3.544000e-03 3.751640e-01
342 6.207760e-01 3.452000e-03 3.757720e-01
343 6.202480e-01 3.360000e-03 3.763920e-01
344 6.196800e-01 3.348000e-03 3.769720e-01
345 6.190640e-01 3.412000e-03 3.775240e-01
346 6.184840e-01 3.340000e-03 3.781760e-01
347 6.178800e-01 3.412000e-03 3.787080e-01
348 6.172080e-01 3.516000e-03 3.792760e-01
349 6.165400e-01 3.500000e-03 3.799600e-01
350 6.160080e-01 3.444000e-03 3.805480e-01
351 6.153760e-01 3.484000e-03 3.811400e-01
352 6.148720e-01 3.464000e-03 3.816640e-01
353 6.143040e-01 3.388000e-03 3.823080e-01
354 6.137200e-01 3.356000e-03 3.829240e-01
355 6.131720e-01 3.308000e-03 3.835200e-01
356 6.125640e-01 3.312000e-03 3.841240e-01
357 6.119240e-01 3.356000e-03 3.847200e-01
358 6.114000e-01 3.308000e-03 3.852920e-01
359 6.108360e-01 3.276000e-03 3.858880e-01
360 6.102480e-01 3.296000e-03 3.864560e-01
361 6.096640e-01 3.344000e-03 3.869920e-01
362 6.090640e-01 3.344000e-03 3.875920e-01
363 6.085160e-01 3.340000e-03 3.881440e-01
364 6.079240e-01 3.296000e-03 3.887800e-01
365 6.073560e-01 3.344000e-03 3.893000e-01
366 6.069000e-01 3.200000e-03 3.899000e-01
367 6.063520e-01 3.196000e-03 3.904520e-01
368 6.058800e-01 3.156000e-03 3.909640e-01
369 6.054560e-01 3.028000e-03 3.915160e-01
370 6.050440e-01 2.892000e-03 3.920640e-01
371 6.046360e-01 2.908000e-03 3.924560e-01
372 6.042080e-01 2.880000e-03 3.929120e-01
373 6.037760e-01 2.792000e-03 3.934320e-01
374 6.032960e-01 2.800000e-03 3.939040e-01
375 6.028200e-01 2.800000e-03 3.943800e-01
376 6.022840e-01 2.932000e-03 3.947840e-01
377 6.018360e-01 2.848000e-03 3.953160e-01
378 6.013640e-01 2.856000e-03 3.957800e-01
379 6.008120e-01 2.964000e-03 3.962240e-01
380 6.003880e-01 2.920000e-03 3.966920e-01
381 5.999640e-01 2.844000e-03 3.971920e-01
382 5.994240e-01 2.932000e-03 3.976440e-01
383 5.989480e-01 2.888000e-03 3.981640e-01
384 5.984680e-01 2.856000e-03 3.986760e-01
385 5.980480e-01 2.828000e-03 3.991240e-01
386 5.976160e-01 2.812000e-03 3.995720e-01
387 5.970440e-01 2.952000e-03 4.000040e-01
388 5.965200e-01 3.016000e-03 4.004640e-01
389 5.960200e-01 3.060000e-03 4.009200e-01
390 5.955080e-01 3.032000e-03 4.014600e-01
391 5.950720e-01 2.984000e-03 4.019440e-01
392 5.946640e-01 2.952000e-03 4.023840e-01
393 5.941440e-01 2.928000e-03 4.029280e-01
394 5.937120e-01 2.892000e-03 4.033960e-01
395 5.932960e-01 2.780000e-03 4.039240e-01
396 5.928800e-01 2.748000e-03 4.043720e-01
397 5.924400e-01 2.692000e-03 4.048680e-01
398 5.919880e-01 2.712000e-03 4.053000e-01
399 5.914920e-01 2.716000e-03 4.057920e-01
400 5.910440e-01 2.708000e-03 4.062480e-01
401 5.906160e-01 2.720000e-03 4.066640e-01
402 5.901760e-01 2.724000e-03 4.071000e-01
403 5.897080e-01 2.744000e-03 4.075480e-01
404 5.892520e-01 2.696000e-03 4.080520e-01
405 5.887960e-01 2.688000e-03 4.085160e-01
406 5.884240e-01 2.528000e-03 4.090480e-01
407 5.879880e-01 2.548000e-03 4.094640e-01
408 5.876480e-01 2.524000e-03 4.098280e-01
409 5.872320e-01 2.460000e-03 4.103080e-01
410 5.867880e-01 2.488000e-03 4.107240e-01
411 5.863760e-01 2.404000e-03 4.112200e-01
412 5.859520e-01 2.352000e-03 4.116960e-01
413 5.855760e-01 2.296000e-03 4.121280e-01
414 5.851920e-01 2.300000e-03 4.125080e-01
415 5.847480e-01 2.384000e-03 4.128680e-01
416 5.843960e-01 2.268000e-03 4.133360e-01
417 5.840680e-01 2.164000e-03 4.137680e-01
418 5.837320e-01 2.104000e-03 4.141640e-01
419 5.834200e-01 2.052000e-03 4.145280e-01
420 5.830720e-01 2.124000e-03 4.148040e-01
421 5.827200e-01 2.104000e-03 4.151760e-01
422 5.823760e-01 2.108000e-03 4.155160e-01
423 5.819960e-01 2.116000e-03 4.158880e-01
424 5.816400e-01 2.084000e-03 4.162760e-01
425 5.812480e-01 2.096000e-03 4.166560e-01
426 5.808600e-01 2.096000e-03 4.170440e-01
427 5.804800e-01 2.148000e-03 4.173720e-01
428 5.800560e-01 2.220000e-03 4.177240e-01
429 5.796320e-01 2.304000e-03 4.180640e-01
430 5.792600e-01 2.320000e-03 4.184200e-01
431 5.789680e-01 2.168000e-03 4.188640e-01
432 5.786400e-01 2.124000e-03 4.192360e-01
433 5.783120e-01 2.100000e-03 4.195880e-01
434 5.778520e-01 2.236000e-03 4.199120e-01
435 5.774320e-01 2.312000e-03 4.202560e-01
436 5.770880e-01 2.304000e-03 4.206080e-01
437 5.767600e-01 2.268000e-03 4.209720e-01
438 5.764400e-01 2.228000e-03 4.213320e-01
439 5.760880e-01 2.256000e-03 4.216560e-01
440 5.756560e-01 2.296000e-03 4.220480e-01
441 5.752640e-01 2.248000e-03 4.224880e-01
442 5.749400e-01 2.136000e-03 4.229240e-01
443 5.746400e-01 2.032000e-03 4.233280e-01
444 5.743480e-01 1.924000e-03 4.237280e-01
445 5.740280e-01 1.892000e-03 4.240800e-01
446 5.736760e-01 1.928000e-03 4.243960e-01
447 5.733600e-01 1.916000e-03 4.247240e-01
448 5.730600e-01 1.900000e-03 4.250400e-01
449 5.727560e-01 1.864000e-03 4.253800e-01
450 5.725080e-01 1.820000e-03 4.256720e-01
451 5.722600e-01 1.788000e-03 4.259520e-01
452 5.719360e-01 1.748000e-03 4.263160e-01
453 5.716560e-01 1.672000e-03 4.266720e-01
454 5.714120e-01 1.652000e-03 4.269360e-01
455 5.711520e-01 1.708000e-03 4.271400e-01
456 5.708800e-01 1.664000e-03 4.274560e-01
457 5.706320e-01 1.604000e-03 4.277640e-01
458 5.704080e-01 1.548000e-03 4.280440e-01
459 5.702040e-01 1.452000e-03 4.283440e-01
460 5.699560e-01 1.468000e-03 4.285760e-01
461 5.696600e-01 1.548000e-03 4.287920e-01
462 5.693560e-01 1.592000e-03 4.290520e-01
463 5.690520e-01 1.624000e-03 4.293240e-01
464 5.687640e-01 1.608000e-03 4.296280e-01
465 5.685080e-01 1.576000e-03 4.299160e-01
466 5.682360e-01 1.600000e-03 4.301640e-01
467 5.679800e-01 1.592000e-03 4.304280e-01
468 5.676920e-01 1.592000e-03 4.307160e-01
469 5.673920e-01 1.604000e-03 4.310040e-01
470 5.671240e-01 1.604000e-03 4.312720e-01
471 5.668480e-01 1.524000e-03 4.316280e-01
472 5.666040e-01 1.488000e-03 4.319080e-01
473 5.663200e-01 1.528000e-03 4.321520e-01
474 5.660760e-01 1.460000e-03 4.324640e-01
475 5.658400e-01 1.444000e-03 4.327160e-01
476 5.655720e-01 1.472000e-03 4.329560e-01
477 5.652680e-01 1.504000e-03 4.332280e-01
478 5.649880e-01 1.480000e-03 4.335320e-01
479 5.647400e-01 1.504000e-03 4.337560e-01
480 5.645280e-01 1.412000e-03 4.340600e-01
481 5.642800e-01 1.364000e-03 4.343560e-01
482 5.640840e-01 1.324000e-03 4.345920e-01
483 5.638880e-01 1.292000e-03 4.348200e-01
484 5.636760e-01 1.296000e-03 4.350280e-01
485 5.635080e-01 1.204000e-03 4.352880e-01
486 5.633000e-01 1.228000e-03 4.354720e-01
487 5.631200e-01 1.204000e-03 4.356760e-01
488 5.629280e-01 1.184000e-03 4.358880e-01
489 5.627640e-01 1.180000e-03 4.360560e-01
490 5.625600e-01 1.176000e-03 4.362640e-01
491 5.623800e-01 1.152000e-03 4.364680e-01
492 5.620760e-01 1.240000e-03 4.366840e-01
493 5.618080e-01 1.268000e-03 4.369240e-01
494 5.616120e-01 1.240000e-03 4.371480e-01
495 5.613240e-01 1.332000e-03 4.373440e-01
496 5.610680e-01 1.280000e-03 4.376520e-01
497 5.608480e-01 1.248000e-03 4.379040e-01
498 5.605640e-01 1.332000e-03 4.381040e-01
499 5.602520e-01 1.444000e-03 4.383040e-01
500 5.600200e-01 1.436000e-03 4.385440e-01
