1 9.992960e-01 5.920000e-04 1.120000e-04
2 9.988400e-01 9.160000e-04 2.440000e-04
3 9.983200e-01 1.216000e-03 4.640000e-04
4 9.976680e-01 1.604000e-03 7.280000e-04
5 9.970480e-01 1.880000e-03 1.072000e-03
6 9.962480e-01 2.372000e-03 1.380000e-03
7 9.953360e-01 2.832000e-03 1.832000e-03
8 9.944160e-01 3.224000e-03 2.360000e-03
9 9.933880e-01 3.664000e-03 2.948000e-03
10 9.924040e-01 3.960000e-03 3.636000e-03
11 9.914960e-01 4.108000e-03 4.396000e-03
12 9.904280e-01 4.396000e-03 5.176000e-03
13 9.894680e-01 4.624000e-03 5.908000e-03
14 9.882280e-01 5.096000e-03 6.676000e-03
15 9.871840e-01 5.216000e-03 7.600000e-03
16 9.861200e-01 5.376000e-03 8.504000e-03
17 9.851200e-01 5.404000e-03 9.476000e-03
18 9.839840e-01 5.516000e-03 1.050000e-02
19 9.829120e-01 5.508000e-03 1.158000e-02
20 9.818120e-01 5.572000e-03 1.261600e-02
21 9.807040e-01 5.676000e-03 1.362000e-02
22 9.794200e-01 5.984000e-03 1.459600e-02
23 9.782680e-01 6.156000e-03 1.557600e-02
24 9.771560e-01 6.184000e-03 1.666000e-02
25 9.759920e-01 6.244000e-03 1.776400e-02
26 9.748880e-01 6.240000e-03 1.887200e-02
27 9.737160e-01 6.364000e-03 1.992000e-02
28 9.727280e-01 6.328000e-03 2.094400e-02
29 9.717840e-01 6.172000e-03 2.204400e-02
30 9.707720e-01 6.144000e-03 2.308400e-02
31 9.696640e-01 6.108000e-03 2.422800e-02
32 9.686000e-01 6.092000e-03 2.530800e-02
33 9.674800e-01 6.092000e-03 2.642800e-02
34 9.662320e-01 6.260000e-03 2.750800e-02
35 9.650400e-01 6.260000e-03 2.870000e-02
36 9.638560e-01 6.384000e-03 2.976000e-02
37 9.625800e-01 6.560000e-03 3.086000e-02
38 9.612640e-01 6.724000e-03 3.201200e-02
39 9.598360e-01 6.912000e-03 3.325200e-02
40 9.585000e-01 7.024000e-03 3.447600e-02
41 9.571680e-01 7.112000e-03 3.572000e-02
42 9.557240e-01 7.216000e-03 3.706000e-02
43 9.544360e-01 7.200000e-03 3.836400e-02
44 9.530280e-01 7.236000e-03 3.973600e-02
45 9.515880e-01 7.396000e-03 4.101600e-02
46 9.501240e-01 7.644000e-03 4.223200e-02
47 9.485760e-01 7.844000e-03 4.358000e-02
48 9.471000e-01 7.928000e-03 4.497200e-02
49 9.455760e-01 8.160000e-03 4.626400e-02
50 9.441240e-01 8.144000e-03 4.773200e-02
51 9.426040e-01 8.348000e-03 4.904800e-02
52 9.410280e-01 8.588000e-03 5.038400e-02
53 9.395120e-01 8.724000e-03 5.176400e-02
54 9.379280e-01 8.788000e-03 5.328400e-02
55 9.364280e-01 8.680000e-03 5.489200e-02
56 9.349800e-01 8.632000e-03 5.638800e-02
57 9.336040e-01 8.372000e-03 5.802400e-02
58 9.321320e-01 8.268000e-03 5.960000e-02
59 9.307960e-01 8.088000e-03 6.111600e-02
60 9.294240e-01 8.088000e-03 6.248800e-02
61 9.279520e-01 8.116000e-03 6.393200e-02
62 9.265480e-01 8.024000e-03 6.542800e-02
63 9.250840e-01 8.188000e-03 6.672800e-02
64 9.236960e-01 8.168000e-03 6.813600e-02
65 9.223000e-01 8.072000e-03 6.962800e-02
66 9.209840e-01 8.000000e-03 7.101600e-02
67 9.196560e-01 7.980000e-03 7.236400e-02
68 9.182760e-01 7.992000e-03 7.373200e-02
69 9.167080e-01 8.112000e-03 7.518000e-02
70 9.150120e-01 8.344000e-03 7.664400e-02
71 9.134880e-01 8.200000e-03 7.831200e-02
72 9.118880e-01 8.424000e-03 7.968800e-02
73 9.102800e-01 8.424000e-03 8.129600e-02
74 9.085840e-01 8.624000e-03 8.279200e-02
75 9.069120e-01 8.788000e-03 8.430000e-02
76 9.053000e-01 8.784000e-03 8.591600e-02
77 9.035160e-01 9.072000e-03 8.741200e-02
78 9.018840e-01 9.124000e-03 8.899200e-02
79 9.002600e-01 9.116000e-03 9.062400e-02
80 8.987000e-01 9.056000e-03 9.224400e-02
81 8.971440e-01 9.016000e-03 9.384000e-02
82 8.956800e-01 8.860000e-03 9.546000e-02
83 8.941360e-01 8.984000e-03 9.688000e-02
84 8.927080e-01 8.880000e-03 9.841200e-02
85 8.910760e-01 8.924000e-03 1.000000e-01
86 8.895400e-01 8.868000e-03 1.015920e-01
87 8.878720e-01 8.964000e-03 1.031640e-01
88 8.861920e-01 9.052000e-03 1.047560e-01
89 8.842880e-01 9.420000e-03 1.062920e-01
90 8.824000e-01 9.676000e-03 1.079240e-01
91 8.806760e-01 9.700000e-03 1.096240e-01
92 8.790000e-01 9.640000e-03 1.113600e-01
93 8.772280e-01 9.724000e-03 1.130480e-01
94 8.753960e-01 9.844000e-03 1.147600e-01
95 8.736680e-01 9.804000e-03 1.165280e-01
96 8.719440e-01 9.856000e-03 1.182000e-01
97 8.703920e-01 9.752000e-03 1.198560e-01
98 8.687880e-01 9.664000e-03 1.215480e-01
99 8.671080e-01 9.848000e-03 1.230440e-01
100 8.651960e-01 1.010400e-02 1.247000e-01
101 8.634760e-01 1.023200e-02 1.262920e-01
102 8.617720e-01 1.016800e-02 1.280600e-01
103 8.600760e-01 1.009200e-02 1.298320e-01
104 8.583280e-01 9.992000e-03 1.316800e-01
105 8.567040e-01 9.904000e-03 1.333920e-01
106 8.550240e-01 9.916000e-03 1.350600e-01
107 8.532000e-01 9.948000e-03 1.368520e-01
108 8.516240e-01 9.800000e-03 1.385760e-01
109 8.499120e-01 9.760000e-03 1.403280e-01
110 8.482040e-01 9.732000e-03 1.420640e-01
111 8.465720e-01 9.580000e-03 1.438480e-01
112 8.448640e-01 9.660000e-03 1.454760e-01
113 8.430600e-01 9.800000e-03 1.471400e-01
114 8.411560e-01 9.824000e-03 1.490200e-01
115 8.393240e-01 1.004800e-02 1.506280e-01
116 8.375680e-01 9.908000e-03 1.525240e-01
117 8.356240e-01 1.001600e-02 1.543600e-01
118 8.339120e-01 1.004400e-02 1.560440e-01
119 8.321440e-01 1.006800e-02 1.577880e-01
120 8.304400e-01 1.007200e-02 1.594880e-01
121 8.287800e-01 9.928000e-03 1.612920e-01
122 8.270360e-01 1.001600e-02 1.629480e-01
123 8.256040e-01 9.620000e-03 1.647760e-01
124 8.241400e-01 9.384000e-03 1.664760e-01
125 8.224480e-01 9.424000e-03 1.681280e-01
126 8.208760e-01 9.380000e-03 1.697440e-01
127 8.193720e-01 9.120000e-03 1.715080e-01
128 8.179280e-01 8.940000e-03 1.731320e-01
129 8.164120e-01 8.924000e-03 1.746640e-01
130 8.148960e-01 8.936000e-03 1.761680e-01
131 8.133920e-01 8.964000e-03 1.776440e-01
132 8.118400e-01 8.820000e-03 1.793400e-01
133 8.104000e-01 8.732000e-03 1.808680e-01
134 8.090120e-01 8.624000e-03 1.823640e-01
135 8.075880e-01 8.520000e-03 1.838920e-01
136 8.061280e-01 8.408000e-03 1.854640e-01
137 8.047160e-01 8.236000e-03 1.870480e-01
138 8.031840e-01 8.368000e-03 1.884480e-01
139 8.017440e-01 8.356000e-03 1.899000e-01
140 8.003360e-01 8.372000e-03 1.912920e-01
141 7.987920e-01 8.444000e-03 1.927640e-01
142 7.972880e-01 8.340000e-03 1.943720e-01
143 7.959800e-01 8.172000e-03 1.958480e-01
144 7.945000e-01 8.240000e-03 1.972600e-01
145 7.931200e-01 8.164000e-03 1.987160e-01
146 7.919080e-01 7.844000e-03 2.002480e-01
147 7.906280e-01 7.740000e-03 2.016320e-01
148 7.893920e-01 7.692000e-03 2.029160e-01
149 7.881800e-01 7.552000e-03 2.042680e-01
150 7.870040e-01 7.396000e-03 2.056000e-01
151 7.857120e-01 7.400000e-03 2.068880e-01
152 7.845960e-01 7.236000e-03 2.081680e-01
153 7.834240e-01 7.120000e-03 2.094560e-01
154 7.822840e-01 6.952000e-03 2.107640e-01
155 7.810800e-01 6.992000e-03 2.119280e-01
156 7.798400e-01 7.032000e-03 2.131280e-01
157 7.785800e-01 7.072000e-03 2.143480e-01
158 7.774640e-01 6.836000e-03 2.157000e-01
159 7.763640e-01 6.700000e-03 2.169360e-01
160 7.753440e-01 6.560000e-03 2.180960e-01
161 7.743120e-01 6.344000e-03 2.193440e-01
162 7.731320e-01 6.340000e-03 2.205280e-01
163 7.719320e-01 6.464000e-03 2.216040e-01
164 7.708760e-01 6.368000e-03 2.227560e-01
165 7.698040e-01 6.244000e-03 2.239520e-01
166 7.687960e-01 6.060000e-03 2.251440e-01
167 7.677760e-01 5.992000e-03 2.262320e-01
168 7.667400e-01 5.936000e-03 2.273240e-01
169 7.658600e-01 5.752000e-03 2.283880e-01
170 7.649400e-01 5.676000e-03 2.293840e-01
171 7.639800e-01 5.632000e-03 2.303880e-01
172 7.629560e-01 5.580000e-03 2.314640e-01
173 7.621040e-01 5.452000e-03 2.324440e-01
174 7.612040e-01 5.340000e-03 2.334560e-01
175 7.602480e-01 5.452000e-03 2.343000e-01
176 7.591200e-01 5.580000e-03 2.353000e-01
177 7.580200e-01 5.696000e-03 2.362840e-01
178 7.570600e-01 5.648000e-03 2.372920e-01
179 7.560720e-01 5.612000e-03 2.383160e-01
180 7.550240e-01 5.620000e-03 2.393560e-01
181 7.539640e-01 5.700000e-03 2.403360e-01
182 7.529640e-01 5.660000e-03 2.413760e-01
183 7.520320e-01 5.604000e-03 2.423640e-01
184 7.510920e-01 5.568000e-03 2.433400e-01
185 7.502080e-01 5.396000e-03 2.443960e-01
186 7.493160e-01 5.400000e-03 2.452840e-01
187 7.484600e-01 5.336000e-03 2.462040e-01
188 7.475240e-01 5.352000e-03 2.471240e-01
189 7.466800e-01 5.248000e-03 2.480720e-01
190 7.458400e-01 5.124000e-03 2.490360e-01
191 7.450960e-01 5.000000e-03 2.499040e-01
192 7.443360e-01 4.916000e-03 2.507480e-01
193 7.435400e-01 4.900000e-03 2.515600e-01
194 7.428000e-01 4.796000e-03 2.524040e-01
195 7.420080e-01 4.716000e-03 2.532760e-01
196 7.410800e-01 4.828000e-03 2.540920e-01
197 7.402320e-01 4.792000e-03 2.549760e-01
198 7.394040e-01 4.800000e-03 2.557960e-01
199 7.387520e-01 4.688000e-03 2.565600e-01
200 7.378960e-01 4.760000e-03 2.573440e-01
201 7.371160e-01 4.604000e-03 2.582800e-01
202 7.363800e-01 4.564000e-03 2.590560e-01
203 7.355360e-01 4.712000e-03 2.597520e-01
204 7.347360e-01 4.704000e-03 2.605600e-01
205 7.338480e-01 4.780000e-03 2.613720e-01
206 7.330760e-01 4.772000e-03 2.621520e-01
207 7.324120e-01 4.644000e-03 2.629440e-01
208 7.317640e-01 4.560000e-03 2.636760e-01
209 7.311040e-01 4.452000e-03 2.644440e-01
210 7.303200e-01 4.480000e-03 2.652000e-01
211 7.296640e-01 4.400000e-03 2.659360e-01
212 7.289440e-01 4.364000e-03 2.666920e-01
213 7.281960e-01 4.372000e-03 2.674320e-01
214 7.274680e-01 4.412000e-03 2.681200e-01
215 7.266480e-01 4.508000e-03 2.688440e-01
216 7.260760e-01 4.280000e-03 2.696440e-01
217 7.253520e-01 4.308000e-03 2.703400e-01
218 7.247640e-01 4.160000e-03 2.710760e-01
219 7.240960e-01 4.100000e-03 2.718040e-01
220 7.234120e-01 4.032000e-03 2.725560e-01
221 7.227360e-01 4.088000e-03 2.731760e-01
222 7.220880e-01 4.068000e-03 2.738440e-01
223 7.214880e-01 3.928000e-03 2.745840e-01
224 7.209200e-01 3.848000e-03 2.752320e-01
225 7.202840e-01 3.784000e-03 2.759320e-01
226 7.196960e-01 3.628000e-03 2.766760e-01
227 7.191320e-01 3.608000e-03 2.772600e-01
228 7.186040e-01 3.532000e-03 2.778640e-01
229 7.179400e-01 3.544000e-03 2.785160e-01
230 7.174480e-01 3.444000e-03 2.791080e-01
231 7.168960e-01 3.488000e-03 2.796160e-01
232 7.163640e-01 3.444000e-03 2.801920e-01
233 7.158320e-01 3.356000e-03 2.808120e-01
234 7.152680e-01 3.320000e-03 2.814120e-01
235 7.147120e-01 3.272000e-03 2.820160e-01
236 7.141960e-01 3.196000e-03 2.826080e-01
237 7.137200e-01 3.132000e-03 2.831480e-01
238 7.131000e-01 3.288000e-03 2.836120e-01
239 7.125120e-01 3.344000e-03 2.841440e-01
240 7.120240e-01 3.244000e-03 2.847320e-01
241 7.114480e-01 3.236000e-03 2.853160e-01
242 7.108440e-01 3.244000e-03 2.859120e-01
243 7.103960e-01 3.116000e-03 2.864880e-01
244 7.098240e-01 3.184000e-03 2.869920e-01
245 7.092480e-01 3.264000e-03 2.874880e-01
246 7.086640e-01 3.304000e-03 2.880320e-01
247 7.080560e-01 3.336000e-03 2.886080e-01
248 7.074600e-01 3.376000e-03 2.891640e-01
249 7.068320e-01 3.424000e-03 2.897440e-01
250 7.062800e-01 3.356000e-03 2.903640e-01
251 7.057760e-01 3.264000e-03 2.909600e-01
252 7.051440e-01 3.312000e-03 2.915440e-01
253 7.045800e-01 3.380000e-03 2.920400e-01
254 7.040200e-01 3.372000e-03 2.926080e-01
255 7.035560e-01 3.144000e-03 2.933000e-01
256 7.030200e-01 3.068000e-03 2.939120e-01
257 7.024640e-01 3.076000e-03 2.944600e-01
258 7.019600e-01 3.004000e-03 2.950360e-01
259 7.015760e-01 2.820000e-03 2.956040e-01
260 7.011960e-01 2.680000e-03 2.961240e-01
261 7.007240e-01 2.700000e-03 2.965760e-01
262 7.002960e-01 2.652000e-03 2.970520e-01
263 6.998760e-01 2.648000e-03 2.974760e-01
264 6.994880e-01 2.552000e-03 2.979600e-01
265 6.990240e-01 2.580000e-03 2.983960e-01
266 6.986400e-01 2.564000e-03 2.987960e-01
267 6.981400e-01 2.604000e-03 2.992560e-01
268 6.976960e-01 2.572000e-03 2.997320e-01
269 6.972440e-01 2.568000e-03 3.001880e-01
270 6.968400e-01 2.492000e-03 3.006680e-01
271 6.964640e-01 2.452000e-03 3.010840e-01
272 6.960880e-01 2.332000e-03 3.015800e-01
273 6.956800e-01 2.252000e-03 3.020680e-01
274 6.953640e-01 2.148000e-03 3.024880e-01
275 6.950880e-01 2.008000e-03 3.029040e-01
276 6.947280e-01 2.004000e-03 3.032680e-01
277 6.942720e-01 2.172000e-03 3.035560e-01
278 6.939280e-01 2.128000e-03 3.039440e-01
279 6.935000e-01 2.152000e-03 3.043480e-01
280 6.929960e-01 2.204000e-03 3.048000e-01
281 6.926000e-01 2.192000e-03 3.052080e-01
282 6.922040e-01 2.248000e-03 3.055480e-01
283 6.917960e-01 2.200000e-03 3.060040e-01
284 6.913440e-01 2.300000e-03 3.063560e-01
285 6.909720e-01 2.260000e-03 3.067680e-01
286 6.906120e-01 2.204000e-03 3.071840e-01
287 6.902120e-01 2.156000e-03 3.076320e-01
288 6.898880e-01 2.148000e-03 3.079640e-01
289 6.895680e-01 2.088000e-03 3.083440e-01
290 6.891800e-01 2.104000e-03 3.087160e-01
291 6.888080e-01 2.088000e-03 3.091040e-01
292 6.884840e-01 2.092000e-03 3.094240e-01
293 6.881440e-01 2.092000e-03 3.097640e-01
294 6.877920e-01 2.064000e-03 3.101440e-01
295 6.874480e-01 2.064000e-03 3.104880e-01
296 6.871760e-01 1.996000e-03 3.108280e-01
297 6.868760e-01 1.908000e-03 3.112160e-01
298 6.865760e-01 1.832000e-03 3.115920e-01
299 6.862360e-01 1.872000e-03 3.118920e-01
300 6.859960e-01 1.872000e-03 3.121320e-01
301 6.856040e-01 1.924000e-03 3.124720e-01
302 6.852840e-01 1.872000e-03 3.128440e-01
303 6.849280e-01 1.956000e-03 3.131160e-01
304 6.845360e-01 2.020000e-03 3.134440e-01
305 6.841320e-01 2.052000e-03 3.138160e-01
306 6.837240e-01 2.108000e-03 3.141680e-01
307 6.833160e-01 2.112000e-03 3.145720e-01
308 6.829760e-01 2.128000e-03 3.148960e-01
309 6.826800e-01 2.064000e-03 3.152560e-01
310 6.823240e-01 2.044000e-03 3.156320e-01
311 6.820320e-01 1.972000e-03 3.159960e-01
312 6.817080e-01 1.972000e-03 3.163200e-01
313 6.813560e-01 1.996000e-03 3.166480e-01
314 6.810160e-01 2.000000e-03 3.169840e-01
315 6.806760e-01 1.976000e-03 3.173480e-01
316 6.803640e-01 1.952000e-03 3.176840e-01
317 6.800600e-01 1.932000e-03 3.180080e-01
318 6.796560e-01 1.956000e-03 3.183880e-01
319 6.793000e-01 1.996000e-03 3.187040e-01
320 6.789280e-01 1.980000e-03 3.190920e-01
321 6.786160e-01 1.980000e-03 3.194040e-01
322 6.783280e-01 1.888000e-03 3.197840e-01
323 6.780160e-01 1.912000e-03 3.200720e-01
324 6.777080e-01 1.876000e-03 3.204160e-01
325 6.773680e-01 1.948000e-03 3.206840e-01
326 6.770800e-01 1.880000e-03 3.210400e-01
327 6.768440e-01 1.808000e-03 3.213480e-01
328 6.765000e-01 1.852000e-03 3.216480e-01
329 6.762440e-01 1.756000e-03 3.220000e-01
330 6.759480e-01 1.760000e-03 3.222920e-01
331 6.757120e-01 1.668000e-03 3.226200e-01
332 6.755120e-01 1.584000e-03 3.229040e-01
333 6.753120e-01 1.464000e-03 3.232240e-01
334 6.751360e-01 1.372000e-03 3.234920e-01
335 6.749320e-01 1.312000e-03 3.237560e-01
336 6.747160e-01 1.328000e-03 3.239560e-01
337 6.744360e-01 1.376000e-03 3.241880e-01
338 6.741800e-01 1.380000e-03 3.244400e-01
339 6.739600e-01 1.336000e-03 3.247040e-01
340 6.737400e-01 1.360000e-03 3.249000e-01
341 6.735440e-01 1.320000e-03 3.251360e-01
342 6.733520e-01 1.256000e-03 3.253920e-01
343 6.731560e-01 1.236000e-03 3.256080e-01
344 6.729320e-01 1.260000e-03 3.258080e-01
345 6.727000e-01 1.260000e-03 3.260400e-01
346 6.724360e-01 1.332000e-03 3.262320e-01
347 6.722280e-01 1.328000e-03 3.264440e-01
348 6.719120e-01 1.424000e-03 3.266640e-01
349 6.716840e-01 1.380000e-03 3.269360e-01
350 6.714320e-01 1.356000e-03 3.272120e-01
351 6.711720e-01 1.356000e-03 3.274720e-01
352 6.709280e-01 1.360000e-03 3.277120e-01
353 6.707240e-01 1.272000e-03 3.280040e-01
354 6.705000e-01 1.248000e-03 3.282520e-01
355 6.702200e-01 1.296000e-03 3.284840e-01
356 6.700080e-01 1.316000e-03 3.286760e-01
357 6.697960e-01 1.260000e-03 3.289440e-01
358 6.695400e-01 1.276000e-03 3.291840e-01
359 6.693680e-01 1.248000e-03 3.293840e-01
360 6.691080e-01 1.308000e-03 3.295840e-01
361 6.689120e-01 1.296000e-03 3.297920e-01
362 6.687640e-01 1.180000e-03 3.300560e-01
363 6.685760e-01 1.204000e-03 3.302200e-01
364 6.683400e-01 1.232000e-03 3.304280e-01
365 6.680640e-01 1.352000e-03 3.305840e-01
366 6.677600e-01 1.408000e-03 3.308320e-01
367 6.676080e-01 1.352000e-03 3.310400e-01
368 6.674160e-01 1.356000e-03 3.312280e-01
369 6.672560e-01 1.280000e-03 3.314640e-01
370 6.670920e-01 1.252000e-03 3.316560e-01
371 6.668960e-01 1.228000e-03 3.318760e-01
372 6.667360e-01 1.192000e-03 3.320720e-01
373 6.665360e-01 1.180000e-03 3.322840e-01
374 6.663520e-01 1.116000e-03 3.325320e-01
375 6.660600e-01 1.232000e-03 3.327080e-01
376 6.657920e-01 1.316000e-03 3.328920e-01
377 6.655680e-01 1.348000e-03 3.330840e-01
378 6.653520e-01 1.316000e-03 3.333320e-01
379 6.650920e-01 1.376000e-03 3.335320e-01
380 6.648240e-01 1.388000e-03 3.337880e-01
381 6.645680e-01 1.428000e-03 3.340040e-01
382 6.643760e-01 1.324000e-03 3.343000e-01
383 6.641800e-01 1.292000e-03 3.345280e-01
384 6.639440e-01 1.292000e-03 3.347640e-01
385 6.637200e-01 1.300000e-03 3.349800e-01
386 6.635000e-01 1.304000e-03 3.351960e-01
387 6.632720e-01 1.300000e-03 3.354280e-01
388 6.631040e-01 1.216000e-03 3.356800e-01
389 6.628640e-01 1.232000e-03 3.359040e-01
390 6.626840e-01 1.236000e-03 3.360800e-01
391 6.625080e-01 1.184000e-03 3.363080e-01
392 6.622760e-01 1.248000e-03 3.364760e-01
393 6.619960e-01 1.304000e-03 3.367000e-01
394 6.617960e-01 1.276000e-03 3.369280e-01
395 6.614920e-01 1.312000e-03 3.371960e-01
396 6.612800e-01 1.284000e-03 3.374360e-01
397 6.610840e-01 1.244000e-03 3.376720e-01
398 6.608480e-01 1.256000e-03 3.378960e-01
399 6.606680e-01 1.260000e-03 3.380720e-01
400 6.604960e-01 1.236000e-03 3.382680e-01
401 6.602200e-01 1.308000e-03 3.384720e-01
402 6.600000e-01 1.244000e-03 3.387560e-01
403 6.597560e-01 1.276000e-03 3.389680e-01
404 6.595360e-01 1.268000e-03 3.391960e-01
405 6.593280e-01 1.304000e-03 3.393680e-01
406 6.591200e-01 1.268000e-03 3.396120e-01
407 6.589160e-01 1.268000e-03 3.398160e-01
408 6.586480e-01 1.276000e-03 3.400760e-01
409 6.585160e-01 1.196000e-03 3.402880e-01
410 6.583560e-01 1.156000e-03 3.404880e-01
411 6.581320e-01 1.204000e-03 3.406640e-01
412 6.579240e-01 1.180000e-03 3.408960e-01
413 6.577480e-01 1.140000e-03 3.411120e-01
414 6.575280e-01 1.176000e-03 3.412960e-01
415 6.573320e-01 1.160000e-03 3.415080e-01
416 6.571000e-01 1.148000e-03 3.417520e-01
417 6.569280e-01 1.092000e-03 3.419800e-01
418 6.567200e-01 1.056000e-03 3.422240e-01
419 6.565200e-01 1.048000e-03 3.424320e-01
420 6.563160e-01 1.072000e-03 3.426120e-01
421 6.561840e-01 1.016000e-03 3.428000e-01
422 6.560000e-01 1.024000e-03 3.429760e-01
423 6.557920e-01 1.036000e-03 3.431720e-01
424 6.556240e-01 1.008000e-03 3.433680e-01
425 6.554200e-01 1.028000e-03 3.435520e-01
426 6.552200e-01 1.068000e-03 3.437120e-01
427 6.550560e-01 1.024000e-03 3.439200e-01
428 6.548880e-01 1.048000e-03 3.440640e-01
429 6.546800e-01 1.080000e-03 3.442400e-01
430 6.544680e-01 1.124000e-03 3.444080e-01
431 6.542360e-01 1.164000e-03 3.446000e-01
432 6.540000e-01 1.212000e-03 3.447880e-01
433 6.537800e-01 1.212000e-03 3.450080e-01
434 6.535680e-01 1.184000e-03 3.452480e-01
435 6.533720e-01 1.140000e-03 3.454880e-01
436 6.531640e-01 1.176000e-03 3.456600e-01
437 6.529560e-01 1.188000e-03 3.458560e-01
438 6.527240e-01 1.212000e-03 3.460640e-01
439 6.525000e-01 1.276000e-03 3.462240e-01
440 6.522640e-01 1.288000e-03 3.464480e-01
441 6.520840e-01 1.300000e-03 3.466160e-01
442 6.518360e-01 1.324000e-03 3.468400e-01
443 6.516200e-01 1.312000e-03 3.470680e-01
444 6.514040e-01 1.308000e-03 3.472880e-01
445 6.512120e-01 1.284000e-03 3.475040e-01
446 6.509880e-01 1.240000e-03 3.477720e-01
447 6.507840e-01 1.228000e-03 3.479880e-01
448 6.505760e-01 1.288000e-03 3.481360e-01
449 6.503080e-01 1.320000e-03 3.483720e-01
450 6.500880e-01 1.304000e-03 3.486080e-01
451 6.499000e-01 1.232000e-03 3.488680e-01
452 6.496920e-01 1.216000e-03 3.490920e-01
453 6.495080e-01 1.156000e-03 3.493360e-01
454 6.493200e-01 1.180000e-03 3.495000e-01
455 6.491760e-01 1.092000e-03 3.497320e-01
456 6.489760e-01 1.076000e-03 3.499480e-01
457 6.488000e-01 1.060000e-03 3.501400e-01
458 6.486400e-01 1.028000e-03 3.503320e-01
459 6.484280e-01 1.072000e-03 3.505000e-01
460 6.482280e-01 1.084000e-03 3.506880e-01
461 6.480400e-01 1.080000e-03 3.508800e-01
462 6.478640e-01 1.068000e-03 3.510680e-01
463 6.476040e-01 1.152000e-03 3.512440e-01
464 6.474000e-01 1.120000e-03 3.514800e-01
465 6.472280e-01 1.068000e-03 3.517040e-01
466 6.471000e-01 1.024000e-03 3.518760e-01
467 6.469240e-01 1.052000e-03 3.520240e-01
468 6.467760e-01 1.016000e-03 3.522080e-01
469 6.465920e-01 1.036000e-03 3.523720e-01
470 6.464400e-01 9.880000e-04 3.525720e-01
471 6.463000e-01 9.600000e-04 3.527400e-01
472 6.461120e-01 9.720000e-04 3.529160e-01
473 6.459160e-01 9.840000e-04 3.531000e-01
474 6.457480e-01 9.880000e-04 3.532640e-01
475 6.455480e-01 9.840000e-04 3.534680e-01
476 6.453960e-01 9.760000e-04 3.536280e-01
477 6.452080e-01 9.760000e-04 3.538160e-01
478 6.449800e-01 1.032000e-03 3.539880e-01
479 6.447880e-01 1.016000e-03 3.541960e-01
480 6.445520e-01 1.112000e-03 3.543360e-01
481 6.443400e-01 1.164000e-03 3.544960e-01
482 6.441440e-01 1.124000e-03 3.547320e-01
483 6.439080e-01 1.136000e-03 3.549560e-01
484 6.437600e-01 1.104000e-03 3.551360e-01
485 6.435560e-01 1.120000e-03 3.553240e-01
486 6.433440e-01 1.148000e-03 3.555080e-01
487 6.431320e-01 1.160000e-03 3.557080e-01
488 6.429600e-01 1.164000e-03 3.558760e-01
489 6.427640e-01 1.116000e-03 3.561200e-01
490 6.426080e-01 1.080000e-03 3.563120e-01
491 6.424560e-01 1.032000e-03 3.565120e-01
492 6.423520e-01 9.920000e-04 3.566560e-01
493 6.422680e-01 8.880000e-04 3.568440e-01
494 6.421400e-01 8.440000e-04 3.570160e-01
495 6.419960e-01 8.120000e-04 3.571920e-01
496 6.418720e-01 8.040000e-04 3.573240e-01
497 6.417560e-01 8.120000e-04 3.574320e-01
498 6.416920e-01 7.400000e-04 3.575680e-01
499 6.416160e-01 6.800000e-04 3.577040e-01
500 6.414880e-01 7.240000e-04 3.577880e-01
