1 9.991920e-01 7.160000e-04 9.200000e-05
2 9.986960e-01 1.056000e-03 2.480000e-04
3 9.980720e-01 1.460000e-03 4.680000e-04
4 9.972760e-01 1.924000e-03 8.000000e-04
5 9.964280e-01 2.416000e-03 1.156000e-03
6 9.954400e-01 2.928000e-03 1.632000e-03
7 9.944600e-01 3.324000e-03 2.216000e-03
8 9.935320e-01 3.632000e-03 2.836000e-03
9 9.925360e-01 3.924000e-03 3.540000e-03
10 9.915680e-01 4.220000e-03 4.212000e-03
11 9.905720e-01 4.484000e-03 4.944000e-03
12 9.895200e-01 4.820000e-03 5.660000e-03
13 9.884560e-01 5.072000e-03 6.472000e-03
14 9.874000e-01 5.096000e-03 7.504000e-03
15 9.863560e-01 5.128000e-03 8.516000e-03
16 9.851840e-01 5.396000e-03 9.420000e-03
17 9.841880e-01 5.476000e-03 1.033600e-02
18 9.830160e-01 5.712000e-03 1.127200e-02
19 9.818800e-01 5.888000e-03 1.223200e-02
20 9.808200e-01 5.928000e-03 1.325200e-02
21 9.797160e-01 6.080000e-03 1.420400e-02
22 9.785120e-01 6.192000e-03 1.529600e-02
23 9.773840e-01 6.284000e-03 1.633200e-02
24 9.761960e-01 6.408000e-03 1.739600e-02
25 9.749080e-01 6.460000e-03 1.863200e-02
26 9.735920e-01 6.592000e-03 1.981600e-02
27 9.722080e-01 6.784000e-03 2.100800e-02
28 9.709240e-01 7.004000e-03 2.207200e-02
29 9.695800e-01 7.232000e-03 2.318800e-02
30 9.681440e-01 7.328000e-03 2.452800e-02
31 9.667440e-01 7.372000e-03 2.588400e-02
32 9.653600e-01 7.336000e-03 2.730400e-02
33 9.640520e-01 7.412000e-03 2.853600e-02
34 9.627280e-01 7.476000e-03 2.979600e-02
35 9.613760e-01 7.500000e-03 3.112400e-02
36 9.600600e-01 7.520000e-03 3.242000e-02
37 9.588760e-01 7.468000e-03 3.365600e-02
38 9.575160e-01 7.440000e-03 3.504400e-02
39 9.562600e-01 7.312000e-03 3.642800e-02
40 9.549480e-01 7.248000e-03 3.780400e-02
41 9.537720e-01 7.020000e-03 3.920800e-02
42 9.523120e-01 7.296000e-03 4.039200e-02
43 9.507920e-01 7.536000e-03 4.167200e-02
44 9.494080e-01 7.496000e-03 4.309600e-02
45 9.480320e-01 7.524000e-03 4.444400e-02
46 9.466000e-01 7.664000e-03 4.573600e-02
47 9.451000e-01 7.864000e-03 4.703600e-02
48 9.437600e-01 7.892000e-03 4.834800e-02
49 9.421920e-01 8.100000e-03 4.970800e-02
50 9.405520e-01 8.268000e-03 5.118000e-02
51 9.389360e-01 8.444000e-03 5.262000e-02
52 9.373320e-01 8.572000e-03 5.409600e-02
53 9.357280e-01 8.668000e-03 5.560400e-02
54 9.341600e-01 8.684000e-03 5.715600e-02
55 9.326160e-01 8.620000e-03 5.876400e-02
56 9.311040e-01 8.796000e-03 6.010000e-02
57 9.295560e-01 8.736000e-03 6.170800e-02
58 9.279520e-01 8.728000e-03 6.332000e-02
59 9.263200e-01 8.808000e-03 6.487200e-02
60 9.246960e-01 8.848000e-03 6.645600e-02
61 9.231120e-01 8.852000e-03 6.803600e-02
62 9.214560e-01 8.952000e-03 6.959200e-02
63 9.196640e-01 9.236000e-03 7.110000e-02
64 9.179800e-01 9.284000e-03 7.273600e-02
65 9.161040e-01 9.492000e-03 7.440400e-02
66 9.143960e-01 9.588000e-03 7.601600e-02
67 9.127440e-01 9.488000e-03 7.776800e-02
68 9.111880e-01 9.356000e-03 7.945600e-02
69 9.095240e-01 9.412000e-03 8.106400e-02
70 9.079560e-01 9.380000e-03 8.266400e-02
71 9.064320e-01 9.396000e-03 8.417200e-02
72 9.046280e-01 9.556000e-03 8.581600e-02
73 9.029360e-01 9.712000e-03 8.735200e-02
74 9.013320e-01 9.684000e-03 8.898400e-02
75 8.996960e-01 9.656000e-03 9.064800e-02
76 8.982440e-01 9.376000e-03 9.238000e-02
77 8.968960e-01 9.052000e-03 9.405200e-02
78 8.952760e-01 9.116000e-03 9.560800e-02
79 8.939440e-01 8.832000e-03 9.722400e-02
80 8.924360e-01 8.868000e-03 9.869600e-02
81 8.909920e-01 8.712000e-03 1.002960e-01
82 8.895280e-01 8.632000e-03 1.018400e-01
83 8.879240e-01 8.652000e-03 1.034240e-01
84 8.864240e-01 8.648000e-03 1.049280e-01
85 8.850640e-01 8.552000e-03 1.063840e-01
86 8.836280e-01 8.660000e-03 1.077120e-01
87 8.822560e-01 8.656000e-03 1.090880e-01
88 8.808240e-01 8.600000e-03 1.105760e-01
89 8.791480e-01 8.796000e-03 1.120560e-01
90 8.776760e-01 8.780000e-03 1.135440e-01
91 8.761760e-01 8.788000e-03 1.150360e-01
92 8.745680e-01 8.820000e-03 1.166120e-01
93 8.731720e-01 8.812000e-03 1.180160e-01
94 8.717640e-01 8.832000e-03 1.194040e-01
95 8.702680e-01 8.732000e-03 1.210000e-01
96 8.689360e-01 8.536000e-03 1.225280e-01
97 8.676440e-01 8.288000e-03 1.240680e-01
98 8.661080e-01 8.444000e-03 1.254480e-01
99 8.646680e-01 8.440000e-03 1.268920e-01
100 8.633280e-01 8.320000e-03 1.283520e-01
101 8.620560e-01 8.012000e-03 1.299320e-01
102 8.606760e-01 7.944000e-03 1.313800e-01
103 8.593400e-01 7.960000e-03 1.327000e-01
104 8.580040e-01 7.960000e-03 1.340360e-01
105 8.566120e-01 7.968000e-03 1.354200e-01
106 8.551680e-01 8.052000e-03 1.367800e-01
107 8.537600e-01 8.000000e-03 1.382400e-01
108 8.525320e-01 7.972000e-03 1.394960e-01
109 8.512680e-01 7.768000e-03 1.409640e-01
110 8.500840e-01 7.656000e-03 1.422600e-01
111 8.486720e-01 7.608000e-03 1.437200e-01
112 8.474680e-01 7.444000e-03 1.450880e-01
113 8.461320e-01 7.488000e-03 1.463800e-01
114 8.448080e-01 7.600000e-03 1.475920e-01
115 8.434040e-01 7.632000e-03 1.489640e-01
116 8.420240e-01 7.776000e-03 1.502000e-01
117 8.405480e-01 7.952000e-03 1.515000e-01
118 8.391040e-01 7.968000e-03 1.529280e-01
119 8.376680e-01 7.924000e-03 1.544080e-01
120 8.363160e-01 7.808000e-03 1.558760e-01
121 8.349280e-01 7.944000e-03 1.571280e-01
122 8.335800e-01 8.020000e-03 1.584000e-01
123 8.322720e-01 7.960000e-03 1.597680e-01
124 8.309680e-01 7.864000e-03 1.611680e-01
125 8.297760e-01 7.788000e-03 1.624360e-01
126 8.287320e-01 7.472000e-03 1.637960e-01
127 8.277240e-01 7.256000e-03 1.650200e-01
128 8.266000e-01 7.104000e-03 1.662960e-01
129 8.255280e-01 7.036000e-03 1.674360e-01
130 8.243400e-01 6.920000e-03 1.687400e-01
131 8.231280e-01 6.832000e-03 1.700400e-01
132 8.218280e-01 6.944000e-03 1.712280e-01
133 8.204640e-01 7.048000e-03 1.724880e-01
134 8.194240e-01 6.848000e-03 1.737280e-01
135 8.182000e-01 6.920000e-03 1.748800e-01
136 8.170400e-01 6.828000e-03 1.761320e-01
137 8.158520e-01 6.748000e-03 1.774000e-01
138 8.145960e-01 6.796000e-03 1.786080e-01
139 8.134000e-01 6.796000e-03 1.798040e-01
140 8.120560e-01 7.072000e-03 1.808720e-01
141 8.108280e-01 6.896000e-03 1.822760e-01
142 8.097320e-01 6.812000e-03 1.834560e-01
143 8.084440e-01 6.864000e-03 1.846920e-01
144 8.073040e-01 6.820000e-03 1.858760e-01
145 8.060600e-01 6.852000e-03 1.870880e-01
146 8.049440e-01 6.644000e-03 1.884120e-01
147 8.036680e-01 6.744000e-03 1.895880e-01
148 8.024600e-01 6.776000e-03 1.907640e-01
149 8.012840e-01 6.752000e-03 1.919640e-01
150 8.002240e-01 6.636000e-03 1.931400e-01
151 7.991520e-01 6.600000e-03 1.942480e-01
152 7.981400e-01 6.340000e-03 1.955200e-01
153 7.971640e-01 6.316000e-03 1.965200e-01
154 7.959960e-01 6.432000e-03 1.975720e-01
155 7.948680e-01 6.504000e-03 1.986280e-01
156 7.938160e-01 6.456000e-03 1.997280e-01
157 7.927920e-01 6.352000e-03 2.008560e-01
158 7.916680e-01 6.332000e-03 2.020000e-01
159 7.905600e-01 6.456000e-03 2.029840e-01
160 7.893400e-01 6.456000e-03 2.042040e-01
161 7.883400e-01 6.344000e-03 2.053160e-01
162 7.872640e-01 6.264000e-03 2.064720e-01
163 7.862920e-01 6.000000e-03 2.077080e-01
164 7.853080e-01 5.944000e-03 2.087480e-01
165 7.843040e-01 5.852000e-03 2.098440e-01
166 7.832880e-01 5.856000e-03 2.108560e-01
167 7.823080e-01 5.848000e-03 2.118440e-01
168 7.811800e-01 5.900000e-03 2.129200e-01
169 7.800760e-01 5.880000e-03 2.140440e-01
170 7.791040e-01 5.832000e-03 2.150640e-01
171 7.780920e-01 5.792000e-03 2.161160e-01
172 7.772960e-01 5.692000e-03 2.170120e-01
173 7.764200e-01 5.524000e-03 2.180560e-01
174 7.754440e-01 5.436000e-03 2.191200e-01
175 7.746560e-01 5.232000e-03 2.201120e-01
176 7.737400e-01 5.236000e-03 2.210240e-01
177 7.728040e-01 5.232000e-03 2.219640e-01
178 7.719160e-01 5.116000e-03 2.229680e-01
179 7.710080e-01 5.144000e-03 2.238480e-01
180 7.702000e-01 5.048000e-03 2.247520e-01
181 7.693680e-01 5.036000e-03 2.255960e-01
182 7.685240e-01 4.968000e-03 2.265080e-01
183 7.675680e-01 5.088000e-03 2.273440e-01
184 7.667520e-01 5.044000e-03 2.282040e-01
185 7.659400e-01 5.048000e-03 2.290120e-01
186 7.651120e-01 5.032000e-03 2.298560e-01
187 7.642920e-01 4.968000e-03 2.307400e-01
188 7.635360e-01 4.956000e-03 2.315080e-01
189 7.627840e-01 4.880000e-03 2.323360e-01
190 7.619760e-01 4.812000e-03 2.332120e-01
191 7.611920e-01 4.708000e-03 2.341000e-01
192 7.603240e-01 4.732000e-03 2.349440e-01
193 7.594760e-01 4.776000e-03 2.357480e-01
194 7.586400e-01 4.708000e-03 2.366520e-01
195 7.578120e-01 4.684000e-03 2.375040e-01
196 7.570600e-01 4.652000e-03 2.382880e-01
197 7.562200e-01 4.740000e-03 2.390400e-01
198 7.552680e-01 4.920000e-03 2.398120e-01
199 7.544000e-01 4.984000e-03 2.406160e-01
200 7.534520e-01 4.976000e-03 2.415720e-01
201 7.525480e-01 5.032000e-03 2.424200e-01
202 7.517800e-01 4.868000e-03 2.433520e-01
203 7.510520e-01 4.800000e-03 2.441480e-01
204 7.503680e-01 4.588000e-03 2.450440e-01
205 7.496880e-01 4.484000e-03 2.458280e-01
206 7.489000e-01 4.524000e-03 2.465760e-01
207 7.481600e-01 4.412000e-03 2.474280e-01
208 7.473480e-01 4.448000e-03 2.482040e-01
209 7.467120e-01 4.292000e-03 2.489960e-01
210 7.460040e-01 4.224000e-03 2.497720e-01
211 7.453520e-01 4.236000e-03 2.504120e-01
212 7.445840e-01 4.328000e-03 2.510880e-01
213 7.439280e-01 4.212000e-03 2.518600e-01
214 7.433200e-01 4.116000e-03 2.525640e-01
215 7.426520e-01 4.100000e-03 2.532480e-01
216 7.420240e-01 4.024000e-03 2.539520e-01
217 7.414080e-01 3.936000e-03 2.546560e-01
218 7.408040e-01 3.904000e-03 2.552920e-01
219 7.401440e-01 3.896000e-03 2.559600e-01
220 7.395520e-01 3.876000e-03 2.565720e-01
221 7.389600e-01 3.808000e-03 2.572320e-01
222 7.383720e-01 3.800000e-03 2.578280e-01
223 7.378360e-01 3.676000e-03 2.584880e-01
224 7.372680e-01 3.620000e-03 2.591120e-01
225 7.365920e-01 3.580000e-03 2.598280e-01
226 7.359720e-01 3.476000e-03 2.605520e-01
227 7.353560e-01 3.460000e-03 2.611840e-01
228 7.347120e-01 3.468000e-03 2.618200e-01
229 7.341200e-01 3.420000e-03 2.624600e-01
230 7.334680e-01 3.488000e-03 2.630440e-01
231 7.328200e-01 3.504000e-03 2.636760e-01
232 7.321440e-01 3.512000e-03 2.643440e-01
233 7.315880e-01 3.540000e-03 2.648720e-01
234 7.310480e-01 3.508000e-03 2.654440e-01
235 7.304280e-01 3.492000e-03 2.660800e-01
236 7.298280e-01 3.468000e-03 2.667040e-01
237 7.291040e-01 3.660000e-03 2.672360e-01
238 7.281680e-01 3.960000e-03 2.678720e-01
239 7.274040e-01 3.948000e-03 2.686480e-01
240 7.266960e-01 3.892000e-03 2.694120e-01
241 7.259120e-01 3.956000e-03 2.701320e-01
242 7.251760e-01 4.000000e-03 2.708240e-01
243 7.243440e-01 4.096000e-03 2.715600e-01
244 7.236000e-01 4.104000e-03 2.722960e-01
245 7.229720e-01 3.996000e-03 2.730320e-01
246 7.222880e-01 3.904000e-03 2.738080e-01
247 7.216400e-01 3.888000e-03 2.744720e-01
248 7.210520e-01 3.832000e-03 2.751160e-01
249 7.204400e-01 3.844000e-03 2.757160e-01
250 7.198080e-01 3.836000e-03 2.763560e-01
251 7.191120e-01 3.804000e-03 2.770840e-01
252 7.183560e-01 3.848000e-03 2.777960e-01
253 7.176000e-01 3.908000e-03 2.784920e-01
254 7.169160e-01 3.896000e-03 2.791880e-01
255 7.161680e-01 3.956000e-03 2.798760e-01
256 7.155040e-01 3.988000e-03 2.805080e-01
257 7.148520e-01 3.908000e-03 2.812400e-01
258 7.141080e-01 4.036000e-03 2.818560e-01
259 7.134640e-01 3.984000e-03 2.825520e-01
260 7.127160e-01 3.996000e-03 2.832880e-01
261 7.121160e-01 3.932000e-03 2.839520e-01
262 7.115200e-01 3.848000e-03 2.846320e-01
263 7.109880e-01 3.644000e-03 2.853680e-01
264 7.104240e-01 3.620000e-03 2.859560e-01
265 7.098800e-01 3.596000e-03 2.865240e-01
266 7.093040e-01 3.568000e-03 2.871280e-01
267 7.086160e-01 3.604000e-03 2.877800e-01
268 7.079280e-01 3.660000e-03 2.884120e-01
269 7.073920e-01 3.508000e-03 2.891000e-01
270 7.067880e-01 3.412000e-03 2.898000e-01
271 7.062080e-01 3.372000e-03 2.904200e-01
272 7.056640e-01 3.308000e-03 2.910280e-01
273 7.051320e-01 3.292000e-03 2.915760e-01
274 7.046320e-01 3.216000e-03 2.921520e-01
275 7.040840e-01 3.256000e-03 2.926600e-01
276 7.035720e-01 3.192000e-03 2.932360e-01
277 7.030160e-01 3.220000e-03 2.937640e-01
278 7.025760e-01 3.176000e-03 2.942480e-01
279 7.020640e-01 3.144000e-03 2.947920e-01
280 7.015480e-01 3.132000e-03 2.953200e-01
281 7.009840e-01 3.088000e-03 2.959280e-01
282 7.004800e-01 3.052000e-03 2.964680e-01
283 6.999680e-01 3.052000e-03 2.969800e-01
284 6.995040e-01 3.012000e-03 2.974840e-01
285 6.990360e-01 3.080000e-03 2.978840e-01
286 6.985880e-01 2.960000e-03 2.984520e-01
287 6.981080e-01 2.872000e-03 2.990200e-01
288 6.976600e-01 2.868000e-03 2.994720e-01
289 6.971760e-01 2.876000e-03 2.999480e-01
290 6.966400e-01 2.968000e-03 3.003920e-01
291 6.961040e-01 2.988000e-03 3.009080e-01
292 6.956160e-01 3.012000e-03 3.013720e-01
293 6.951320e-01 3.012000e-03 3.018560e-01
294 6.946320e-01 2.968000e-03 3.024000e-01
295 6.940760e-01 3.048000e-03 3.028760e-01
296 6.936000e-01 2.976000e-03 3.034240e-01
297 6.930560e-01 3.020000e-03 3.039240e-01
298 6.926080e-01 2.912000e-03 3.044800e-01
299 6.920720e-01 3.036000e-03 3.048920e-01
300 6.915320e-01 2.976000e-03 3.054920e-01
301 6.910360e-01 2.908000e-03 3.060560e-01
302 6.905920e-01 2.876000e-03 3.065320e-01
303 6.900880e-01 2.856000e-03 3.070560e-01
304 6.896240e-01 2.908000e-03 3.074680e-01
305 6.891640e-01 2.848000e-03 3.079880e-01
306 6.886760e-01 2.844000e-03 3.084800e-01
307 6.882760e-01 2.732000e-03 3.089920e-01
308 6.877280e-01 2.704000e-03 3.095680e-01
309 6.872640e-01 2.768000e-03 3.099680e-01
310 6.867440e-01 2.784000e-03 3.104720e-01
311 6.862360e-01 2.816000e-03 3.109480e-01
312 6.857120e-01 2.816000e-03 3.114720e-01
313 6.852320e-01 2.788000e-03 3.119800e-01
314 6.848240e-01 2.728000e-03 3.124480e-01
315 6.844400e-01 2.620000e-03 3.129400e-01
316 6.839840e-01 2.568000e-03 3.134480e-01
317 6.835400e-01 2.524000e-03 3.139360e-01
318 6.831080e-01 2.420000e-03 3.144720e-01
319 6.826200e-01 2.468000e-03 3.149120e-01
320 6.821600e-01 2.504000e-03 3.153360e-01
321 6.816680e-01 2.552000e-03 3.157800e-01
322 6.811560e-01 2.636000e-03 3.162080e-01
323 6.806400e-01 2.676000e-03 3.166840e-01
324 6.801080e-01 2.720000e-03 3.171720e-01
325 6.796840e-01 2.676000e-03 3.176400e-01
326 6.791960e-01 2.688000e-03 3.181160e-01
327 6.787160e-01 2.764000e-03 3.185200e-01
328 6.782320e-01 2.760000e-03 3.190080e-01
329 6.776560e-01 2.928000e-03 3.194160e-01
330 6.770480e-01 3.028000e-03 3.199240e-01
331 6.766440e-01 2.904000e-03 3.204520e-01
332 6.761280e-01 2.892000e-03 3.209800e-01
333 6.755840e-01 2.876000e-03 3.215400e-01
334 6.751000e-01 2.864000e-03 3.220360e-01
335 6.746440e-01 2.804000e-03 3.225520e-01
336 6.741200e-01 2.776000e-03 3.231040e-01
337 6.737000e-01 2.720000e-03 3.235800e-01
338 6.733520e-01 2.572000e-03 3.240760e-01
339 6.729760e-01 2.400000e-03 3.246240e-01
340 6.725640e-01 2.424000e-03 3.250120e-01
341 6.721840e-01 2.324000e-03 3.254920e-01
342 6.717920e-01 2.276000e-03 3.259320e-01
343 6.714160e-01 2.292000e-03 3.262920e-01
344 6.710120e-01 2.300000e-03 3.266880e-01
345 6.706480e-01 2.324000e-03 3.270280e-01
346 6.702800e-01 2.340000e-03 3.273800e-01
347 6.698280e-01 2.384000e-03 3.277880e-01
348 6.693760e-01 2.428000e-03 3.281960e-01
349 6.689440e-01 2.480000e-03 3.285760e-01
350 6.685280e-01 2.504000e-03 3.289680e-01
351 6.681640e-01 2.428000e-03 3.294080e-01
352 6.677360e-01 2.392000e-03 3.298720e-01
353 6.673960e-01 2.296000e-03 3.303080e-01
354 6.669480e-01 2.328000e-03 3.307240e-01
355 6.665640e-01 2.332000e-03 3.311040e-01
356 6.661560e-01 2.276000e-03 3.315680e-01
357 6.657000e-01 2.392000e-03 3.319080e-01
358 6.653440e-01 2.336000e-03 3.323200e-01
359 6.649920e-01 2.256000e-03 3.327520e-01
360 6.645880e-01 2.304000e-03 3.331080e-01
361 6.642000e-01 2.264000e-03 3.335360e-01
362 6.639480e-01 2.108000e-03 3.339440e-01
363 6.636680e-01 1.968000e-03 3.343640e-01
364 6.634120e-01 1.876000e-03 3.347120e-01
365 6.631240e-01 1.820000e-03 3.350560e-01
366 6.627400e-01 1.956000e-03 3.353040e-01
367 6.624640e-01 1.852000e-03 3.356840e-01
368 6.621760e-01 1.800000e-03 3.360240e-01
369 6.619120e-01 1.788000e-03 3.363000e-01
370 6.616200e-01 1.756000e-03 3.366240e-01
371 6.612960e-01 1.792000e-03 3.369120e-01
372 6.609800e-01 1.800000e-03 3.372200e-01
373 6.607120e-01 1.816000e-03 3.374720e-01
374 6.604480e-01 1.776000e-03 3.377760e-01
375 6.602200e-01 1.684000e-03 3.380960e-01
376 6.599800e-01 1.640000e-03 3.383800e-01
377 6.597280e-01 1.636000e-03 3.386360e-01
378 6.594200e-01 1.668000e-03 3.389120e-01
379 6.591240e-01 1.728000e-03 3.391480e-01
380 6.588640e-01 1.708000e-03 3.394280e-01
381 6.586080e-01 1.680000e-03 3.397120e-01
382 6.583080e-01 1.712000e-03 3.399800e-01
383 6.579360e-01 1.828000e-03 3.402360e-01
384 6.576560e-01 1.800000e-03 3.405440e-01
385 6.573160e-01 1.796000e-03 3.408880e-01
386 6.570720e-01 1.692000e-03 3.412360e-01
387 6.568040e-01 1.636000e-03 3.415600e-01
388 6.565960e-01 1.544000e-03 3.418600e-01
389 6.563840e-01 1.496000e-03 3.421200e-01
390 6.561560e-01 1.432000e-03 3.424120e-01
391 6.559440e-01 1.388000e-03 3.426680e-01
392 6.557560e-01 1.368000e-03 3.428760e-01
393 6.555240e-01 1.356000e-03 3.431200e-01
394 6.552360e-01 1.364000e-03 3.434000e-01
395 6.550000e-01 1.364000e-03 3.436360e-01
396 6.547400e-01 1.380000e-03 3.438800e-01
397 6.544880e-01 1.400000e-03 3.441120e-01
398 6.542200e-01 1.408000e-03 3.443720e-01
399 6.539880e-01 1.412000e-03 3.446000e-01
400 6.537040e-01 1.460000e-03 3.448360e-01
401 6.534560e-01 1.468000e-03 3.450760e-01
402 6.531600e-01 1.548000e-03 3.452920e-01
403 6.528840e-01 1.552000e-03 3.455640e-01
404 6.526000e-01 1.552000e-03 3.458480e-01
405 6.523320e-01 1.540000e-03 3.461280e-01
406 6.520720e-01 1.536000e-03 3.463920e-01
407 6.517600e-01 1.564000e-03 3.466760e-01
408 6.514880e-01 1.544000e-03 3.469680e-01
409 6.511920e-01 1.604000e-03 3.472040e-01
410 6.508920e-01 1.636000e-03 3.474720e-01
411 6.506040e-01 1.608000e-03 3.477880e-01
412 6.503720e-01 1.520000e-03 3.481080e-01
413 6.501680e-01 1.428000e-03 3.484040e-01
414 6.499360e-01 1.440000e-03 3.486240e-01
415 6.497200e-01 1.452000e-03 3.488280e-01
416 6.494360e-01 1.460000e-03 3.491040e-01
417 6.491600e-01 1.460000e-03 3.493800e-01
418 6.488440e-01 1.572000e-03 3.495840e-01
419 6.485120e-01 1.664000e-03 3.498240e-01
420 6.482240e-01 1.648000e-03 3.501280e-01
421 6.479880e-01 1.596000e-03 3.504160e-01
422 6.477160e-01 1.604000e-03 3.506800e-01
423 6.473960e-01 1.652000e-03 3.509520e-01
424 6.471640e-01 1.620000e-03 3.512160e-01
425 6.468040e-01 1.740000e-03 3.514560e-01
426 6.465200e-01 1.688000e-03 3.517920e-01
427 6.462480e-01 1.636000e-03 3.521160e-01
428 6.460000e-01 1.612000e-03 3.523880e-01
429 6.456800e-01 1.620000e-03 3.527000e-01
430 6.454480e-01 1.564000e-03 3.529880e-01
431 6.452280e-01 1.476000e-03 3.532960e-01
432 6.450120e-01 1.432000e-03 3.535560e-01
433 6.448160e-01 1.376000e-03 3.538080e-01
434 6.445680e-01 1.360000e-03 3.540720e-01
435 6.443400e-01 1.328000e-03 3.543320e-01
436 6.441400e-01 1.260000e-03 3.546000e-01
437 6.439440e-01 1.200000e-03 3.548560e-01
438 6.437160e-01 1.268000e-03 3.550160e-01
439 6.434760e-01 1.264000e-03 3.552600e-01
440 6.433000e-01 1.248000e-03 3.554520e-01
441 6.430720e-01 1.288000e-03 3.556400e-01
442 6.428080e-01 1.308000e-03 3.558840e-01
443 6.425880e-01 1.252000e-03 3.561600e-01
444 6.424080e-01 1.200000e-03 3.563920e-01
445 6.422640e-01 1.168000e-03 3.565680e-01
446 6.421200e-01 1.092000e-03 3.567880e-01
447 6.419400e-01 1.064000e-03 3.569960e-01
448 6.417720e-01 1.064000e-03 3.571640e-01
449 6.415800e-01 1.068000e-03 3.573520e-01
450 6.413960e-01 1.080000e-03 3.575240e-01
451 6.411800e-01 1.092000e-03 3.577280e-01
452 6.410280e-01 1.056000e-03 3.579160e-01
453 6.409000e-01 9.680000e-04 3.581320e-01
454 6.407960e-01 9.360000e-04 3.582680e-01
455 6.406520e-01 9.240000e-04 3.584240e-01
456 6.405240e-01 9.480000e-04 3.585280e-01
457 6.403840e-01 8.960000e-04 3.587200e-01
458 6.401840e-01 9.560000e-04 3.588600e-01
459 6.399960e-01 9.880000e-04 3.590160e-01
460 6.397960e-01 1.020000e-03 3.591840e-01
461 6.396480e-01 9.640000e-04 3.593880e-01
462 6.395080e-01 9.400000e-04 3.595520e-01
463 6.394240e-01 9.080000e-04 3.596680e-01
464 6.393040e-01 8.840000e-04 3.598120e-01
465 6.391520e-01 8.760000e-04 3.599720e-01
466 6.390160e-01 8.360000e-04 3.601480e-01
467 6.388640e-01 8.320000e-04 3.603040e-01
468 6.387360e-01 8.080000e-04 3.604560e-01
469 6.386040e-01 7.880000e-04 3.606080e-01
470 6.384680e-01 8.080000e-04 3.607240e-01
471 6.383000e-01 8.360000e-04 3.608640e-01
472 6.381280e-01 8.960000e-04 3.609760e-01
473 6.379400e-01 9.320000e-04 3.611280e-01
474 6.377360e-01 9.280000e-04 3.613360e-01
475 6.376040e-01 8.720000e-04 3.615240e-01
476 6.374200e-01 8.800000e-04 3.617000e-01
477 6.372600e-01 8.680000e-04 3.618720e-01
478 6.370840e-01 8.880000e-04 3.620280e-01
479 6.369320e-01 8.560000e-04 3.622120e-01
480 6.367560e-01 8.680000e-04 3.623760e-01
481 6.365760e-01 8.840000e-04 3.625400e-01
482 6.364440e-01 8.720000e-04 3.626840e-01
483 6.363360e-01 8.200000e-04 3.628440e-01
484 6.362600e-01 7.560000e-04 3.629840e-01
485 6.361320e-01 7.200000e-04 3.631480e-01
486 6.360200e-01 7.480000e-04 3.632320e-01
487 6.359120e-01 7.480000e-04 3.633400e-01
488 6.357800e-01 7.480000e-04 3.634720e-01
489 6.356680e-01 7.600000e-04 3.635720e-01
490 6.355120e-01 7.800000e-04 3.637080e-01
491 6.353360e-01 8.360000e-04 3.638280e-01
492 6.352240e-01 8.120000e-04 3.639640e-01
493 6.350320e-01 8.960000e-04 3.640720e-01
494 6.348560e-01 8.800000e-04 3.642640e-01
495 6.346920e-01 9.200000e-04 3.643880e-01
496 6.345040e-01 9.800000e-04 3.645160e-01
497 6.342680e-01 1.032000e-03 3.647000e-01
498 6.340880e-01 9.840000e-04 3.649280e-01
499 6.338760e-01 1.004000e-03 3.651200e-01
500 6.337280e-01 1.000000e-03 3.652720e-01
