1 9.991680e-01 7.040000e-04 1.280000e-04
2 9.985880e-01 1.116000e-03 2.960000e-04
3 9.979640e-01 1.528000e-03 5.080000e-04
4 9.972640e-01 1.920000e-03 8.160000e-04
5 9.964680e-01 2.360000e-03 1.172000e-03
6 9.956440e-01 2.736000e-03 1.620000e-03
7 9.948360e-01 3.044000e-03 2.120000e-03
8 9.938920e-01 3.472000e-03 2.636000e-03
9 9.929920e-01 3.708000e-03 3.300000e-03
10 9.920400e-01 3.960000e-03 4.000000e-03
11 9.908960e-01 4.464000e-03 4.640000e-03
12 9.897080e-01 4.880000e-03 5.412000e-03
13 9.884320e-01 5.236000e-03 6.332000e-03
14 9.871000e-01 5.648000e-03 7.252000e-03
15 9.856280e-01 5.992000e-03 8.380000e-03
16 9.842720e-01 6.312000e-03 9.416000e-03
17 9.827400e-01 6.760000e-03 1.050000e-02
18 9.813920e-01 6.936000e-03 1.167200e-02
19 9.799600e-01 7.040000e-03 1.300000e-02
20 9.784920e-01 7.316000e-03 1.419200e-02
21 9.770760e-01 7.416000e-03 1.550800e-02
22 9.756720e-01 7.476000e-03 1.685200e-02
23 9.741840e-01 7.536000e-03 1.828000e-02
24 9.726320e-01 7.724000e-03 1.964400e-02
25 9.711080e-01 7.924000e-03 2.096800e-02
26 9.695840e-01 8.068000e-03 2.234800e-02
27 9.680640e-01 8.248000e-03 2.368800e-02
28 9.665040e-01 8.276000e-03 2.522000e-02
29 9.651240e-01 8.280000e-03 2.659600e-02
30 9.634680e-01 8.536000e-03 2.799600e-02
31 9.617640e-01 8.696000e-03 2.954000e-02
32 9.601200e-01 8.852000e-03 3.102800e-02
33 9.585840e-01 8.844000e-03 3.257200e-02
34 9.571720e-01 8.668000e-03 3.416000e-02
35 9.557200e-01 8.528000e-03 3.575200e-02
36 9.542560e-01 8.516000e-03 3.722800e-02
37 9.526680e-01 8.432000e-03 3.890000e-02
38 9.512400e-01 8.304000e-03 4.045600e-02
39 9.497480e-01 8.504000e-03 4.174800e-02
40 9.482440e-01 8.584000e-03 4.317200e-02
41 9.467680e-01 8.484000e-03 4.474800e-02
42 9.453040e-01 8.432000e-03 4.626400e-02
43 9.437200e-01 8.564000e-03 4.771600e-02
44 9.421680e-01 8.528000e-03 4.930400e-02
45 9.407840e-01 8.516000e-03 5.070000e-02
46 9.392520e-01 8.584000e-03 5.216400e-02
47 9.377760e-01 8.576000e-03 5.364800e-02
48 9.362720e-01 8.580000e-03 5.514800e-02
49 9.348760e-01 8.596000e-03 5.652800e-02
50 9.333880e-01 8.496000e-03 5.811600e-02
51 9.319600e-01 8.252000e-03 5.978800e-02
52 9.304480e-01 8.292000e-03 6.126000e-02
53 9.291080e-01 8.072000e-03 6.282000e-02
54 9.275680e-01 8.160000e-03 6.427200e-02
55 9.261000e-01 8.296000e-03 6.560400e-02
56 9.246880e-01 8.060000e-03 6.725200e-02
57 9.233360e-01 7.944000e-03 6.872000e-02
58 9.218400e-01 8.080000e-03 7.008000e-02
59 9.203400e-01 8.228000e-03 7.143200e-02
60 9.187440e-01 8.364000e-03 7.289200e-02
61 9.171800e-01 8.368000e-03 7.445200e-02
62 9.156120e-01 8.488000e-03 7.590000e-02
63 9.138000e-01 8.776000e-03 7.742400e-02
64 9.122160e-01 8.748000e-03 7.903600e-02
65 9.107240e-01 8.668000e-03 8.060800e-02
66 9.091680e-01 8.724000e-03 8.210800e-02
67 9.075920e-01 8.868000e-03 8.354000e-02
68 9.062080e-01 8.720000e-03 8.507200e-02
69 9.048600e-01 8.524000e-03 8.661600e-02
70 9.032360e-01 8.620000e-03 8.814400e-02
71 9.017080e-01 8.580000e-03 8.971200e-02
72 9.001000e-01 8.744000e-03 9.115600e-02
73 8.983880e-01 8.940000e-03 9.267200e-02
74 8.968320e-01 8.936000e-03 9.423200e-02
75 8.953120e-01 8.988000e-03 9.570000e-02
76 8.937280e-01 9.140000e-03 9.713200e-02
77 8.921360e-01 9.104000e-03 9.876000e-02
78 8.904360e-01 9.192000e-03 1.003720e-01
79 8.888720e-01 9.156000e-03 1.019720e-01
80 8.873520e-01 9.028000e-03 1.036200e-01
81 8.856520e-01 9.064000e-03 1.052840e-01
82 8.840400e-01 9.044000e-03 1.069160e-01
83 8.826560e-01 8.912000e-03 1.084320e-01
84 8.809480e-01 9.020000e-03 1.100320e-01
85 8.794800e-01 8.836000e-03 1.116840e-01
86 8.780080e-01 8.760000e-03 1.132320e-01
87 8.764680e-01 8.660000e-03 1.148720e-01
88 8.749320e-01 8.584000e-03 1.164840e-01
89 8.733320e-01 8.652000e-03 1.180160e-01
90 8.719280e-01 8.548000e-03 1.195240e-01
91 8.704160e-01 8.656000e-03 1.209280e-01
92 8.688440e-01 8.824000e-03 1.223320e-01
93 8.673040e-01 8.856000e-03 1.238400e-01
94 8.659520e-01 8.528000e-03 1.255200e-01
95 8.644840e-01 8.388000e-03 1.271280e-01
96 8.629360e-01 8.344000e-03 1.287200e-01
97 8.614440e-01 8.416000e-03 1.301400e-01
98 8.599480e-01 8.468000e-03 1.315840e-01
99 8.585120e-01 8.472000e-03 1.330160e-01
100 8.570640e-01 8.344000e-03 1.345920e-01
101 8.556080e-01 8.340000e-03 1.360520e-01
102 8.541720e-01 8.296000e-03 1.375320e-01
103 8.526720e-01 8.256000e-03 1.390720e-01
104 8.512920e-01 8.140000e-03 1.405680e-01
105 8.498240e-01 8.108000e-03 1.420680e-01
106 8.485400e-01 7.980000e-03 1.434800e-01
107 8.472320e-01 7.832000e-03 1.449360e-01
108 8.459840e-01 7.824000e-03 1.461920e-01
109 8.445880e-01 7.792000e-03 1.476200e-01
110 8.433040e-01 7.748000e-03 1.489480e-01
111 8.420240e-01 7.728000e-03 1.502480e-01
112 8.408520e-01 7.580000e-03 1.515680e-01
113 8.396840e-01 7.352000e-03 1.529640e-01
114 8.384800e-01 7.272000e-03 1.542480e-01
115 8.373760e-01 7.124000e-03 1.555000e-01
116 8.362480e-01 7.000000e-03 1.567520e-01
117 8.350360e-01 6.900000e-03 1.580640e-01
118 8.339680e-01 6.744000e-03 1.592880e-01
119 8.328960e-01 6.584000e-03 1.605200e-01
120 8.319440e-01 6.256000e-03 1.618000e-01
121 8.308600e-01 6.264000e-03 1.628760e-01
122 8.298400e-01 6.164000e-03 1.639960e-01
123 8.289280e-01 6.048000e-03 1.650240e-01
124 8.279240e-01 5.972000e-03 1.661040e-01
125 8.270800e-01 5.788000e-03 1.671320e-01
126 8.261440e-01 5.684000e-03 1.681720e-01
127 8.250000e-01 5.828000e-03 1.691720e-01
128 8.239280e-01 5.884000e-03 1.701880e-01
129 8.230120e-01 5.808000e-03 1.711800e-01
130 8.220480e-01 5.796000e-03 1.721560e-01
131 8.210920e-01 5.728000e-03 1.731800e-01
132 8.200080e-01 5.800000e-03 1.741920e-01
133 8.190920e-01 5.684000e-03 1.752240e-01
134 8.180160e-01 5.736000e-03 1.762480e-01
135 8.170200e-01 5.720000e-03 1.772600e-01
136 8.161920e-01 5.552000e-03 1.782560e-01
137 8.152720e-01 5.588000e-03 1.791400e-01
138 8.142720e-01 5.648000e-03 1.800800e-01
139 8.132280e-01 5.688000e-03 1.810840e-01
140 8.122240e-01 5.692000e-03 1.820840e-01
141 8.112920e-01 5.588000e-03 1.831200e-01
142 8.104600e-01 5.380000e-03 1.841600e-01
143 8.095160e-01 5.344000e-03 1.851400e-01
144 8.085640e-01 5.332000e-03 1.861040e-01
145 8.076840e-01 5.276000e-03 1.870400e-01
146 8.067600e-01 5.312000e-03 1.879280e-01
147 8.057960e-01 5.388000e-03 1.888160e-01
148 8.048840e-01 5.464000e-03 1.896520e-01
149 8.038160e-01 5.620000e-03 1.905640e-01
150 8.028200e-01 5.628000e-03 1.915520e-01
151 8.018720e-01 5.600000e-03 1.925280e-01
152 8.009760e-01 5.444000e-03 1.935800e-01
153 7.999160e-01 5.572000e-03 1.945120e-01
154 7.989160e-01 5.632000e-03 1.954520e-01
155 7.978400e-01 5.568000e-03 1.965920e-01
156 7.968240e-01 5.604000e-03 1.975720e-01
157 7.959760e-01 5.504000e-03 1.985200e-01
158 7.949600e-01 5.588000e-03 1.994520e-01
159 7.939640e-01 5.556000e-03 2.004800e-01
160 7.929800e-01 5.672000e-03 2.013480e-01
161 7.920680e-01 5.568000e-03 2.023640e-01
162 7.910360e-01 5.696000e-03 2.032680e-01
163 7.899600e-01 5.716000e-03 2.043240e-01
164 7.888120e-01 5.928000e-03 2.052600e-01
165 7.877320e-01 5.860000e-03 2.064080e-01
166 7.867120e-01 5.800000e-03 2.074880e-01
167 7.857600e-01 5.644000e-03 2.085960e-01
168 7.846600e-01 5.800000e-03 2.095400e-01
169 7.835320e-01 5.916000e-03 2.105520e-01
170 7.824160e-01 6.040000e-03 2.115440e-01
171 7.814440e-01 5.900000e-03 2.126560e-01
172 7.805760e-01 5.712000e-03 2.137120e-01
173 7.795520e-01 5.748000e-03 2.147000e-01
174 7.784720e-01 5.884000e-03 2.156440e-01
175 7.775080e-01 5.748000e-03 2.167440e-01
176 7.764960e-01 5.796000e-03 2.177080e-01
177 7.755120e-01 5.768000e-03 2.187200e-01
178 7.744960e-01 5.672000e-03 2.198320e-01
179 7.734400e-01 5.764000e-03 2.207960e-01
180 7.724040e-01 5.800000e-03 2.217960e-01
181 7.714200e-01 5.776000e-03 2.228040e-01
182 7.704920e-01 5.612000e-03 2.238960e-01
183 7.695800e-01 5.512000e-03 2.249080e-01
184 7.687120e-01 5.396000e-03 2.258920e-01
185 7.677920e-01 5.388000e-03 2.268200e-01
186 7.668920e-01 5.388000e-03 2.277200e-01
187 7.659240e-01 5.332000e-03 2.287440e-01
188 7.650040e-01 5.308000e-03 2.296880e-01
189 7.640880e-01 5.356000e-03 2.305560e-01
190 7.630840e-01 5.328000e-03 2.315880e-01
191 7.621640e-01 5.320000e-03 2.325160e-01
192 7.611000e-01 5.384000e-03 2.335160e-01
193 7.600440e-01 5.536000e-03 2.344200e-01
194 7.590400e-01 5.440000e-03 2.355200e-01
195 7.581000e-01 5.456000e-03 2.364440e-01
196 7.571440e-01 5.336000e-03 2.375200e-01
197 7.563080e-01 5.212000e-03 2.384800e-01
198 7.554560e-01 5.132000e-03 2.394120e-01
199 7.546280e-01 5.104000e-03 2.402680e-01
200 7.538640e-01 4.940000e-03 2.411960e-01
201 7.530480e-01 5.024000e-03 2.419280e-01
202 7.521440e-01 4.984000e-03 2.428720e-01
203 7.512000e-01 5.164000e-03 2.436360e-01
204 7.502160e-01 5.188000e-03 2.445960e-01
205 7.492240e-01 5.284000e-03 2.454920e-01
206 7.483440e-01 5.224000e-03 2.464320e-01
207 7.472760e-01 5.416000e-03 2.473080e-01
208 7.463760e-01 5.336000e-03 2.482880e-01
209 7.455080e-01 5.308000e-03 2.491840e-01
210 7.444520e-01 5.500000e-03 2.500480e-01
211 7.433400e-01 5.656000e-03 2.510040e-01
212 7.423440e-01 5.624000e-03 2.520320e-01
213 7.413840e-01 5.556000e-03 2.530600e-01
214 7.404600e-01 5.508000e-03 2.540320e-01
215 7.395040e-01 5.456000e-03 2.550400e-01
216 7.384440e-01 5.636000e-03 2.559200e-01
217 7.375520e-01 5.520000e-03 2.569280e-01
218 7.364200e-01 5.748000e-03 2.578320e-01
219 7.354640e-01 5.648000e-03 2.588880e-01
220 7.345200e-01 5.512000e-03 2.599680e-01
221 7.335320e-01 5.568000e-03 2.609000e-01
222 7.326400e-01 5.488000e-03 2.618720e-01
223 7.315960e-01 5.624000e-03 2.627800e-01
224 7.306160e-01 5.580000e-03 2.638040e-01
225 7.297680e-01 5.488000e-03 2.647440e-01
226 7.287760e-01 5.564000e-03 2.656600e-01
227 7.278960e-01 5.540000e-03 2.665640e-01
228 7.268760e-01 5.640000e-03 2.674840e-01
229 7.259640e-01 5.600000e-03 2.684360e-01
230 7.250240e-01 5.644000e-03 2.693320e-01
231 7.240840e-01 5.616000e-03 2.703000e-01
232 7.233000e-01 5.444000e-03 2.712560e-01
233 7.224360e-01 5.452000e-03 2.721120e-01
234 7.214960e-01 5.436000e-03 2.730680e-01
235 7.205800e-01 5.468000e-03 2.739520e-01
236 7.196720e-01 5.372000e-03 2.749560e-01
237 7.186680e-01 5.484000e-03 2.758480e-01
238 7.177160e-01 5.416000e-03 2.768680e-01
239 7.167920e-01 5.360000e-03 2.778480e-01
240 7.158640e-01 5.436000e-03 2.787000e-01
241 7.150600e-01 5.304000e-03 2.796360e-01
242 7.141000e-01 5.316000e-03 2.805840e-01
243 7.132120e-01 5.284000e-03 2.815040e-01
244 7.124440e-01 5.172000e-03 2.823840e-01
245 7.115640e-01 5.184000e-03 2.832520e-01
246 7.106840e-01 5.164000e-03 2.841520e-01
247 7.097360e-01 5.260000e-03 2.850040e-01
248 7.087880e-01 5.308000e-03 2.859040e-01
249 7.076560e-01 5.536000e-03 2.868080e-01
250 7.066400e-01 5.532000e-03 2.878280e-01
251 7.057960e-01 5.484000e-03 2.887200e-01
252 7.047600e-01 5.604000e-03 2.896360e-01
253 7.038280e-01 5.536000e-03 2.906360e-01
254 7.028760e-01 5.452000e-03 2.916720e-01
255 7.019080e-01 5.424000e-03 2.926680e-01
256 7.009320e-01 5.480000e-03 2.935880e-01
257 6.999080e-01 5.504000e-03 2.945880e-01
258 6.988160e-01 5.588000e-03 2.955960e-01
259 6.977560e-01 5.688000e-03 2.965560e-01
260 6.966680e-01 5.776000e-03 2.975560e-01
261 6.956600e-01 5.840000e-03 2.985000e-01
262 6.945640e-01 5.920000e-03 2.995160e-01
263 6.936440e-01 5.836000e-03 3.005200e-01
264 6.925640e-01 5.952000e-03 3.014840e-01
265 6.915560e-01 5.980000e-03 3.024640e-01
266 6.905360e-01 6.052000e-03 3.034120e-01
267 6.895640e-01 5.872000e-03 3.045640e-01
268 6.885600e-01 5.872000e-03 3.055680e-01
269 6.875920e-01 5.928000e-03 3.064800e-01
270 6.867400e-01 5.688000e-03 3.075720e-01
271 6.857880e-01 5.632000e-03 3.085800e-01
272 6.849400e-01 5.556000e-03 3.095040e-01
273 6.840160e-01 5.520000e-03 3.104640e-01
274 6.832000e-01 5.336000e-03 3.114640e-01
275 6.823640e-01 5.240000e-03 3.123960e-01
276 6.815760e-01 5.056000e-03 3.133680e-01
277 6.807760e-01 5.052000e-03 3.141720e-01
278 6.800160e-01 5.052000e-03 3.149320e-01
279 6.791560e-01 5.080000e-03 3.157640e-01
280 6.782760e-01 5.196000e-03 3.165280e-01
281 6.773960e-01 5.196000e-03 3.174080e-01
282 6.765400e-01 5.144000e-03 3.183160e-01
283 6.756200e-01 5.236000e-03 3.191440e-01
284 6.747920e-01 5.200000e-03 3.200080e-01
285 6.739880e-01 5.040000e-03 3.209720e-01
286 6.732880e-01 4.888000e-03 3.218240e-01
287 6.724640e-01 4.896000e-03 3.226400e-01
288 6.715720e-01 4.876000e-03 3.235520e-01
289 6.706640e-01 4.908000e-03 3.244280e-01
290 6.697840e-01 4.988000e-03 3.252280e-01
291 6.689520e-01 4.956000e-03 3.260920e-01
292 6.681200e-01 4.948000e-03 3.269320e-01
293 6.673000e-01 4.968000e-03 3.277320e-01
294 6.665080e-01 4.876000e-03 3.286160e-01
295 6.656960e-01 4.836000e-03 3.294680e-01
296 6.648600e-01 4.824000e-03 3.303160e-01
297 6.639920e-01 4.864000e-03 3.311440e-01
298 6.630880e-01 4.884000e-03 3.320280e-01
299 6.622000e-01 4.888000e-03 3.329120e-01
300 6.613600e-01 4.864000e-03 3.337760e-01
301 6.605760e-01 4.836000e-03 3.345880e-01
302 6.598200e-01 4.712000e-03 3.354680e-01
303 6.590280e-01 4.768000e-03 3.362040e-01
304 6.582440e-01 4.796000e-03 3.369600e-01
305 6.575280e-01 4.676000e-03 3.377960e-01
306 6.567640e-01 4.648000e-03 3.385880e-01
307 6.559320e-01 4.624000e-03 3.394440e-01
308 6.551440e-01 4.640000e-03 3.402160e-01
309 6.543680e-01 4.580000e-03 3.410520e-01
310 6.536840e-01 4.480000e-03 3.418360e-01
311 6.530280e-01 4.308000e-03 3.426640e-01
312 6.523400e-01 4.260000e-03 3.434000e-01
313 6.516640e-01 4.128000e-03 3.442080e-01
314 6.509920e-01 4.108000e-03 3.449000e-01
315 6.503200e-01 4.176000e-03 3.455040e-01
316 6.497040e-01 4.008000e-03 3.462880e-01
317 6.491560e-01 3.824000e-03 3.470200e-01
318 6.484600e-01 3.824000e-03 3.477160e-01
319 6.478040e-01 3.844000e-03 3.483520e-01
320 6.471040e-01 3.920000e-03 3.489760e-01
321 6.464760e-01 3.828000e-03 3.496960e-01
322 6.459400e-01 3.664000e-03 3.503960e-01
323 6.454040e-01 3.568000e-03 3.510280e-01
324 6.448680e-01 3.404000e-03 3.517280e-01
325 6.443040e-01 3.368000e-03 3.523280e-01
326 6.437240e-01 3.384000e-03 3.528920e-01
327 6.431320e-01 3.476000e-03 3.533920e-01
328 6.426040e-01 3.464000e-03 3.539320e-01
329 6.419920e-01 3.488000e-03 3.545200e-01
330 6.414320e-01 3.460000e-03 3.551080e-01
331 6.408480e-01 3.488000e-03 3.556640e-01
332 6.403040e-01 3.476000e-03 3.562200e-01
333 6.397920e-01 3.372000e-03 3.568360e-01
334 6.393200e-01 3.236000e-03 3.574440e-01
335 6.387920e-01 3.228000e-03 3.579800e-01
336 6.382720e-01 3.160000e-03 3.585680e-01
337 6.377840e-01 3.096000e-03 3.591200e-01
338 6.372960e-01 3.072000e-03 3.596320e-01
339 6.367880e-01 3.068000e-03 3.601440e-01
340 6.362720e-01 3.100000e-03 3.606280e-01
341 6.358320e-01 2.968000e-03 3.612000e-01
342 6.353600e-01 2.908000e-03 3.617320e-01
343 6.349280e-01 2.872000e-03 3.622000e-01
344 6.344920e-01 2.752000e-03 3.627560e-01
345 6.340520e-01 2.676000e-03 3.632720e-01
346 6.337280e-01 2.572000e-03 3.637000e-01
347 6.333200e-01 2.528000e-03 3.641520e-01
348 6.328920e-01 2.516000e-03 3.645920e-01
349 6.325480e-01 2.368000e-03 3.650840e-01
350 6.322480e-01 2.240000e-03 3.655120e-01
351 6.318080e-01 2.324000e-03 3.658680e-01
352 6.314840e-01 2.196000e-03 3.663200e-01
353 6.311520e-01 2.104000e-03 3.667440e-01
354 6.307320e-01 2.184000e-03 3.670840e-01
355 6.303880e-01 2.132000e-03 3.674800e-01
356 6.300360e-01 2.080000e-03 3.678840e-01
357 6.297520e-01 2.000000e-03 3.682480e-01
358 6.294040e-01 2.020000e-03 3.685760e-01
359 6.290760e-01 2.024000e-03 3.689000e-01
360 6.287080e-01 2.056000e-03 3.692360e-01
361 6.283520e-01 2.040000e-03 3.696080e-01
362 6.279600e-01 2.080000e-03 3.699600e-01
363 6.275560e-01 2.136000e-03 3.703080e-01
364 6.272320e-01 2.056000e-03 3.707120e-01
365 6.269200e-01 2.020000e-03 3.710600e-01
366 6.266080e-01 1.976000e-03 3.714160e-01
367 6.262360e-01 2.040000e-03 3.717240e-01
368 6.258760e-01 2.116000e-03 3.720080e-01
369 6.254720e-01 2.152000e-03 3.723760e-01
370 6.251280e-01 2.148000e-03 3.727240e-01
371 6.247840e-01 2.120000e-03 3.730960e-01
372 6.244760e-01 2.096000e-03 3.734280e-01
373 6.241360e-01 2.056000e-03 3.738080e-01
374 6.237520e-01 2.044000e-03 3.742040e-01
375 6.233520e-01 1.996000e-03 3.746520e-01
376 6.229680e-01 2.012000e-03 3.750200e-01
377 6.226400e-01 1.952000e-03 3.754080e-01
378 6.223160e-01 1.904000e-03 3.757800e-01
379 6.219840e-01 1.848000e-03 3.761680e-01
380 6.217520e-01 1.720000e-03 3.765280e-01
381 6.214080e-01 1.752000e-03 3.768400e-01
382 6.211400e-01 1.680000e-03 3.771800e-01
383 6.208840e-01 1.636000e-03 3.774800e-01
384 6.206600e-01 1.560000e-03 3.777800e-01
385 6.204240e-01 1.496000e-03 3.780800e-01
386 6.202480e-01 1.404000e-03 3.783480e-01
387 6.200000e-01 1.368000e-03 3.786320e-01
388 6.197480e-01 1.352000e-03 3.789000e-01
389 6.195200e-01 1.304000e-03 3.791760e-01
390 6.192560e-01 1.324000e-03 3.794200e-01
391 6.190360e-01 1.300000e-03 3.796640e-01
392 6.188760e-01 1.200000e-03 3.799240e-01
393 6.187000e-01 1.192000e-03 3.801080e-01
394 6.184840e-01 1.212000e-03 3.803040e-01
395 6.182520e-01 1.212000e-03 3.805360e-01
396 6.180320e-01 1.236000e-03 3.807320e-01
397 6.177440e-01 1.276000e-03 3.809800e-01
398 6.175440e-01 1.280000e-03 3.811760e-01
399 6.173000e-01 1.280000e-03 3.814200e-01
400 6.170520e-01 1.304000e-03 3.816440e-01
401 6.168320e-01 1.248000e-03 3.819200e-01
402 6.166040e-01 1.244000e-03 3.821520e-01
403 6.163400e-01 1.316000e-03 3.823440e-01
404 6.161560e-01 1.288000e-03 3.825560e-01
405 6.159360e-01 1.300000e-03 3.827640e-01
406 6.157040e-01 1.400000e-03 3.828960e-01
407 6.154400e-01 1.428000e-03 3.831320e-01
408 6.152160e-01 1.396000e-03 3.833880e-01
409 6.150320e-01 1.356000e-03 3.836120e-01
410 6.148320e-01 1.332000e-03 3.838360e-01
411 6.146720e-01 1.232000e-03 3.840960e-01
412 6.144920e-01 1.176000e-03 3.843320e-01
413 6.143680e-01 1.080000e-03 3.845520e-01
414 6.141680e-01 1.036000e-03 3.847960e-01
415 6.139600e-01 1.028000e-03 3.850120e-01
416 6.138040e-01 9.880000e-04 3.852080e-01
417 6.136320e-01 9.840000e-04 3.853840e-01
418 6.134520e-01 9.800000e-04 3.855680e-01
419 6.132600e-01 1.044000e-03 3.856960e-01
420 6.130840e-01 1.024000e-03 3.858920e-01
421 6.129160e-01 1.080000e-03 3.860040e-01
422 6.127400e-01 1.072000e-03 3.861880e-01
423 6.125960e-01 1.032000e-03 3.863720e-01
424 6.124640e-01 9.680000e-04 3.865680e-01
425 6.123360e-01 9.480000e-04 3.867160e-01
426 6.121680e-01 9.520000e-04 3.868800e-01
427 6.120480e-01 8.720000e-04 3.870800e-01
428 6.119320e-01 8.440000e-04 3.872240e-01
429 6.118400e-01 7.760000e-04 3.873840e-01
430 6.117080e-01 8.000000e-04 3.874920e-01
431 6.115880e-01 7.640000e-04 3.876480e-01
432 6.114680e-01 7.560000e-04 3.877760e-01
433 6.113360e-01 7.120000e-04 3.879520e-01
434 6.111960e-01 7.160000e-04 3.880880e-01
435 6.111160e-01 6.480000e-04 3.882360e-01
436 6.109880e-01 6.640000e-04 3.883480e-01
437 6.108480e-01 7.080000e-04 3.884440e-01
438 6.107280e-01 7.480000e-04 3.885240e-01
439 6.106200e-01 7.400000e-04 3.886400e-01
440 6.104360e-01 7.920000e-04 3.887720e-01
441 6.102800e-01 7.960000e-04 3.889240e-01
442 6.100960e-01 8.400000e-04 3.890640e-01
443 6.098880e-01 8.920000e-04 3.892200e-01
444 6.097000e-01 9.400000e-04 3.893600e-01
445 6.095520e-01 9.000000e-04 3.895480e-01
446 6.094080e-01 8.960000e-04 3.896960e-01
447 6.092120e-01 9.280000e-04 3.898600e-01
448 6.089360e-01 1.052000e-03 3.900120e-01
449 6.087520e-01 1.028000e-03 3.902200e-01
450 6.084800e-01 1.124000e-03 3.903960e-01
451 6.082440e-01 1.128000e-03 3.906280e-01
452 6.080440e-01 1.096000e-03 3.908600e-01
453 6.078800e-01 1.064000e-03 3.910560e-01
454 6.076680e-01 1.076000e-03 3.912560e-01
455 6.075360e-01 1.040000e-03 3.914240e-01
456 6.073160e-01 1.008000e-03 3.916760e-01
457 6.071520e-01 1.004000e-03 3.918440e-01
458 6.069720e-01 9.880000e-04 3.920400e-01
459 6.068360e-01 9.200000e-04 3.922440e-01
460 6.066920e-01 8.840000e-04 3.924240e-01
461 6.065200e-01 9.160000e-04 3.925640e-01
462 6.063280e-01 9.800000e-04 3.926920e-01
463 6.061480e-01 9.880000e-04 3.928640e-01
464 6.060240e-01 9.280000e-04 3.930480e-01
465 6.059320e-01 8.800000e-04 3.931880e-01
466 6.058120e-01 8.560000e-04 3.933320e-01
467 6.056520e-01 8.440000e-04 3.935040e-01
468 6.055400e-01 8.080000e-04 3.936520e-01
469 6.054080e-01 8.240000e-04 3.937680e-01
470 6.053240e-01 7.880000e-04 3.938880e-01
471 6.051920e-01 8.160000e-04 3.939920e-01
472 6.050640e-01 8.400000e-04 3.940960e-01
473 6.049160e-01 8.480000e-04 3.942360e-01
474 6.048320e-01 7.960000e-04 3.943720e-01
475 6.047520e-01 7.520000e-04 3.944960e-01
476 6.046520e-01 7.160000e-04 3.946320e-01
477 6.045240e-01 7.280000e-04 3.947480e-01
478 6.044280e-01 6.920000e-04 3.948800e-01
479 6.043800e-01 5.960000e-04 3.950240e-01
480 6.043160e-01 5.800000e-04 3.951040e-01
481 6.042440e-01 5.440000e-04 3.952120e-01
482 6.041680e-01 5.280000e-04 3.953040e-01
483 6.040600e-01 5.560000e-04 3.953840e-01
484 6.039640e-01 5.440000e-04 3.954920e-01
485 6.038800e-01 5.440000e-04 3.955760e-01
486 6.037760e-01 5.600000e-04 3.956640e-01
487 6.036200e-01 6.440000e-04 3.957360e-01
488 6.035120e-01 6.280000e-04 3.958600e-01
489 6.034200e-01 6.280000e-04 3.959520e-01
490 6.033120e-01 6.240000e-04 3.960640e-01
491 6.032320e-01 5.760000e-04 3.961920e-01
492 6.031120e-01 6.000000e-04 3.962880e-01
493 6.029960e-01 5.720000e-04 3.964320e-01
494 6.028960e-01 5.880000e-04 3.965160e-01
495 6.028280e-01 5.640000e-04 3.966080e-01
496 6.027480e-01 5.680000e-04 3.966840e-01
497 6.026560e-01 5.360000e-04 3.968080e-01
498 6.025640e-01 5.200000e-04 3.969160e-01
499 6.024680e-01 5.400000e-04 3.969920e-01
500 6.023760e-01 5.480000e-04 3.970760e-01
