1 9.992280e-01 6.840000e-04 8.800000e-05
2 9.987640e-01 1.000000e-03 2.360000e-04
3 9.981200e-01 1.404000e-03 4.760000e-04
4 9.974280e-01 1.760000e-03 8.120000e-04
5 9.966520e-01 2.208000e-03 1.140000e-03
6 9.959360e-01 2.516000e-03 1.548000e-03
7 9.951920e-01 2.740000e-03 2.068000e-03
8 9.944760e-01 2.980000e-03 2.544000e-03
9 9.937520e-01 3.104000e-03 3.144000e-03
10 9.929280e-01 3.392000e-03 3.680000e-03
11 9.920480e-01 3.684000e-03 4.268000e-03
12 9.911520e-01 4.004000e-03 4.844000e-03
13 9.902160e-01 4.256000e-03 5.528000e-03
14 9.892240e-01 4.440000e-03 6.336000e-03
15 9.882000e-01 4.720000e-03 7.080000e-03
16 9.871520e-01 4.836000e-03 8.012000e-03
17 9.861920e-01 4.908000e-03 8.900000e-03
18 9.851760e-01 5.016000e-03 9.808000e-03
19 9.841800e-01 5.160000e-03 1.066000e-02
20 9.830880e-01 5.396000e-03 1.151600e-02
21 9.819920e-01 5.496000e-03 1.251200e-02
22 9.808000e-01 5.716000e-03 1.348400e-02
23 9.796360e-01 5.932000e-03 1.443200e-02
24 9.784640e-01 6.124000e-03 1.541200e-02
25 9.773240e-01 6.144000e-03 1.653200e-02
26 9.761560e-01 6.296000e-03 1.754800e-02
27 9.748360e-01 6.592000e-03 1.857200e-02
28 9.735560e-01 6.732000e-03 1.971200e-02
29 9.722240e-01 6.752000e-03 2.102400e-02
30 9.709440e-01 6.856000e-03 2.220000e-02
31 9.696200e-01 6.960000e-03 2.342000e-02
32 9.682920e-01 7.116000e-03 2.459200e-02
33 9.668520e-01 7.296000e-03 2.585200e-02
34 9.655720e-01 7.332000e-03 2.709600e-02
35 9.642360e-01 7.432000e-03 2.833200e-02
36 9.630720e-01 7.248000e-03 2.968000e-02
37 9.617400e-01 7.328000e-03 3.093200e-02
38 9.602680e-01 7.544000e-03 3.218800e-02
39 9.589800e-01 7.412000e-03 3.360800e-02
40 9.574840e-01 7.676000e-03 3.484000e-02
41 9.560680e-01 7.836000e-03 3.609600e-02
42 9.546400e-01 7.856000e-03 3.750400e-02
43 9.531720e-01 8.012000e-03 3.881600e-02
44 9.519160e-01 7.772000e-03 4.031200e-02
45 9.505400e-01 7.816000e-03 4.164400e-02
46 9.491480e-01 7.964000e-03 4.288800e-02
47 9.478400e-01 7.884000e-03 4.427600e-02
48 9.463960e-01 7.992000e-03 4.561200e-02
49 9.448880e-01 8.064000e-03 4.704800e-02
50 9.434720e-01 8.116000e-03 4.841200e-02
51 9.418560e-01 8.248000e-03 4.989600e-02
52 9.403240e-01 8.380000e-03 5.129600e-02
53 9.388800e-01 8.248000e-03 5.287200e-02
54 9.374200e-01 8.296000e-03 5.428400e-02
55 9.357840e-01 8.576000e-03 5.564000e-02
56 9.341800e-01 8.680000e-03 5.714000e-02
57 9.326600e-01 8.596000e-03 5.874400e-02
58 9.312240e-01 8.588000e-03 6.018800e-02
59 9.295400e-01 8.720000e-03 6.174000e-02
60 9.279440e-01 8.744000e-03 6.331200e-02
61 9.264880e-01 8.572000e-03 6.494000e-02
62 9.248800e-01 8.780000e-03 6.634000e-02
63 9.231760e-01 8.976000e-03 6.784800e-02
64 9.216440e-01 8.824000e-03 6.953200e-02
65 9.201280e-01 8.812000e-03 7.106000e-02
66 9.184760e-01 8.936000e-03 7.258800e-02
67 9.168320e-01 9.012000e-03 7.415600e-02
68 9.152120e-01 9.196000e-03 7.559200e-02
69 9.135960e-01 9.224000e-03 7.718000e-02
70 9.119800e-01 9.052000e-03 7.896800e-02
71 9.104680e-01 9.116000e-03 8.041600e-02
72 9.089160e-01 9.144000e-03 8.194000e-02
73 9.074400e-01 9.084000e-03 8.347600e-02
74 9.059160e-01 9.124000e-03 8.496000e-02
75 9.042760e-01 9.124000e-03 8.660000e-02
76 9.024920e-01 9.376000e-03 8.813200e-02
77 9.007320e-01 9.504000e-03 8.976400e-02
78 8.990480e-01 9.536000e-03 9.141600e-02
79 8.972720e-01 9.612000e-03 9.311600e-02
80 8.955640e-01 9.552000e-03 9.488400e-02
81 8.939240e-01 9.472000e-03 9.660400e-02
82 8.924320e-01 9.280000e-03 9.828800e-02
83 8.909960e-01 9.000000e-03 1.000040e-01
84 8.893840e-01 9.072000e-03 1.015440e-01
85 8.879000e-01 9.000000e-03 1.031000e-01
86 8.864520e-01 8.948000e-03 1.046000e-01
87 8.850480e-01 8.768000e-03 1.061840e-01
88 8.835160e-01 8.624000e-03 1.078600e-01
89 8.821240e-01 8.504000e-03 1.093720e-01
90 8.806680e-01 8.384000e-03 1.109480e-01
91 8.792360e-01 8.268000e-03 1.124960e-01
92 8.776560e-01 8.384000e-03 1.139600e-01
93 8.762440e-01 8.260000e-03 1.154960e-01
94 8.747800e-01 8.208000e-03 1.170120e-01
95 8.732880e-01 8.244000e-03 1.184680e-01
96 8.719240e-01 8.172000e-03 1.199040e-01
97 8.704720e-01 8.036000e-03 1.214920e-01
98 8.690840e-01 7.960000e-03 1.229560e-01
99 8.677920e-01 7.792000e-03 1.244160e-01
100 8.664000e-01 7.788000e-03 1.258120e-01
101 8.650880e-01 7.672000e-03 1.272400e-01
102 8.638840e-01 7.460000e-03 1.286560e-01
103 8.625080e-01 7.528000e-03 1.299640e-01
104 8.610920e-01 7.516000e-03 1.313920e-01
105 8.597520e-01 7.516000e-03 1.327320e-01
106 8.583520e-01 7.584000e-03 1.340640e-01
107 8.569560e-01 7.608000e-03 1.354360e-01
108 8.557400e-01 7.476000e-03 1.367840e-01
109 8.543880e-01 7.696000e-03 1.379160e-01
110 8.530680e-01 7.716000e-03 1.392160e-01
111 8.517920e-01 7.712000e-03 1.404960e-01
112 8.505400e-01 7.636000e-03 1.418240e-01
113 8.493280e-01 7.632000e-03 1.430400e-01
114 8.478520e-01 7.788000e-03 1.443600e-01
115 8.465840e-01 7.628000e-03 1.457880e-01
116 8.453320e-01 7.592000e-03 1.470760e-01
117 8.439840e-01 7.628000e-03 1.483880e-01
118 8.425840e-01 7.704000e-03 1.497120e-01
119 8.411840e-01 7.760000e-03 1.510560e-01
120 8.397760e-01 7.844000e-03 1.523800e-01
121 8.384880e-01 7.720000e-03 1.537920e-01
122 8.373400e-01 7.584000e-03 1.550760e-01
123 8.361880e-01 7.308000e-03 1.565040e-01
124 8.351960e-01 6.932000e-03 1.578720e-01
125 8.341000e-01 6.844000e-03 1.590560e-01
126 8.328880e-01 6.784000e-03 1.603280e-01
127 8.317160e-01 6.708000e-03 1.615760e-01
128 8.305160e-01 6.756000e-03 1.627280e-01
129 8.291360e-01 6.976000e-03 1.638880e-01
130 8.280240e-01 6.956000e-03 1.650200e-01
131 8.268080e-01 6.928000e-03 1.662640e-01
132 8.255920e-01 6.856000e-03 1.675520e-01
133 8.243960e-01 6.912000e-03 1.686920e-01
134 8.231640e-01 7.004000e-03 1.698320e-01
135 8.217800e-01 7.120000e-03 1.711000e-01
136 8.206000e-01 7.036000e-03 1.723640e-01
137 8.195160e-01 6.916000e-03 1.735680e-01
138 8.183400e-01 6.840000e-03 1.748200e-01
139 8.172720e-01 6.776000e-03 1.759520e-01
140 8.161400e-01 6.780000e-03 1.770800e-01
141 8.152280e-01 6.504000e-03 1.782680e-01
142 8.142000e-01 6.396000e-03 1.794040e-01
143 8.130240e-01 6.452000e-03 1.805240e-01
144 8.118920e-01 6.560000e-03 1.815480e-01
145 8.107440e-01 6.612000e-03 1.826440e-01
146 8.095880e-01 6.576000e-03 1.838360e-01
147 8.087120e-01 6.372000e-03 1.849160e-01
148 8.077440e-01 6.256000e-03 1.860000e-01
149 8.067120e-01 6.200000e-03 1.870880e-01
150 8.056520e-01 6.092000e-03 1.882560e-01
151 8.046640e-01 5.920000e-03 1.894160e-01
152 8.037880e-01 5.716000e-03 1.904960e-01
153 8.029120e-01 5.632000e-03 1.914560e-01
154 8.020360e-01 5.472000e-03 1.924920e-01
155 8.011960e-01 5.356000e-03 1.934480e-01
156 8.003560e-01 5.304000e-03 1.943400e-01
157 7.993960e-01 5.212000e-03 1.953920e-01
158 7.983920e-01 5.260000e-03 1.963480e-01
159 7.974640e-01 5.308000e-03 1.972280e-01
160 7.965800e-01 5.248000e-03 1.981720e-01
161 7.956760e-01 5.228000e-03 1.990960e-01
162 7.947360e-01 5.228000e-03 2.000360e-01
163 7.938280e-01 5.268000e-03 2.009040e-01
164 7.928840e-01 5.304000e-03 2.018120e-01
165 7.919760e-01 5.296000e-03 2.027280e-01
166 7.909760e-01 5.292000e-03 2.037320e-01
167 7.899720e-01 5.304000e-03 2.047240e-01
168 7.890640e-01 5.276000e-03 2.056600e-01
169 7.881320e-01 5.320000e-03 2.065480e-01
170 7.873040e-01 5.280000e-03 2.074160e-01
171 7.863360e-01 5.284000e-03 2.083800e-01
172 7.854720e-01 5.196000e-03 2.093320e-01
173 7.846240e-01 5.164000e-03 2.102120e-01
174 7.836880e-01 5.124000e-03 2.111880e-01
175 7.828280e-01 5.160000e-03 2.120120e-01
176 7.819400e-01 5.204000e-03 2.128560e-01
177 7.810200e-01 5.268000e-03 2.137120e-01
178 7.801520e-01 5.240000e-03 2.146080e-01
179 7.792760e-01 5.160000e-03 2.155640e-01
180 7.783400e-01 5.236000e-03 2.164240e-01
181 7.774880e-01 5.172000e-03 2.173400e-01
182 7.766560e-01 5.132000e-03 2.182120e-01
183 7.757720e-01 5.208000e-03 2.190200e-01
184 7.747640e-01 5.216000e-03 2.200200e-01
185 7.737480e-01 5.264000e-03 2.209880e-01
186 7.726400e-01 5.516000e-03 2.218440e-01
187 7.716960e-01 5.556000e-03 2.227480e-01
188 7.706320e-01 5.592000e-03 2.237760e-01
189 7.696960e-01 5.644000e-03 2.246600e-01
190 7.686840e-01 5.688000e-03 2.256280e-01
191 7.677040e-01 5.652000e-03 2.266440e-01
192 7.667360e-01 5.640000e-03 2.276240e-01
193 7.657560e-01 5.572000e-03 2.286720e-01
194 7.647240e-01 5.688000e-03 2.295880e-01
195 7.637200e-01 5.808000e-03 2.304720e-01
196 7.626760e-01 5.920000e-03 2.314040e-01
197 7.615600e-01 6.020000e-03 2.324200e-01
198 7.606080e-01 5.904000e-03 2.334880e-01
199 7.597400e-01 5.724000e-03 2.345360e-01
200 7.589840e-01 5.440000e-03 2.355760e-01
201 7.580240e-01 5.444000e-03 2.365320e-01
202 7.572160e-01 5.396000e-03 2.373880e-01
203 7.563560e-01 5.356000e-03 2.382880e-01
204 7.555320e-01 5.236000e-03 2.392320e-01
205 7.547480e-01 5.184000e-03 2.400680e-01
206 7.539200e-01 5.068000e-03 2.410120e-01
207 7.530200e-01 5.128000e-03 2.418520e-01
208 7.522120e-01 5.092000e-03 2.426960e-01
209 7.512400e-01 5.204000e-03 2.435560e-01
210 7.503440e-01 5.192000e-03 2.444640e-01
211 7.493440e-01 5.300000e-03 2.453560e-01
212 7.483920e-01 5.316000e-03 2.462920e-01
213 7.475720e-01 5.124000e-03 2.473040e-01
214 7.465920e-01 5.216000e-03 2.481920e-01
215 7.457360e-01 5.100000e-03 2.491640e-01
216 7.448600e-01 5.024000e-03 2.501160e-01
217 7.440040e-01 5.056000e-03 2.509400e-01
218 7.431400e-01 5.048000e-03 2.518120e-01
219 7.422160e-01 5.140000e-03 2.526440e-01
220 7.413160e-01 5.196000e-03 2.534880e-01
221 7.404680e-01 5.164000e-03 2.543680e-01
222 7.397080e-01 5.036000e-03 2.552560e-01
223 7.388480e-01 4.952000e-03 2.562000e-01
224 7.380480e-01 4.832000e-03 2.571200e-01
225 7.372400e-01 4.824000e-03 2.579360e-01
226 7.363680e-01 4.884000e-03 2.587480e-01
227 7.355560e-01 4.840000e-03 2.596040e-01
228 7.348040e-01 4.604000e-03 2.605920e-01
229 7.340480e-01 4.572000e-03 2.613800e-01
230 7.333800e-01 4.436000e-03 2.621840e-01
231 7.326320e-01 4.440000e-03 2.629280e-01
232 7.320200e-01 4.188000e-03 2.637920e-01
233 7.314040e-01 4.048000e-03 2.645480e-01
234 7.307680e-01 3.944000e-03 2.652880e-01
235 7.301880e-01 3.828000e-03 2.659840e-01
236 7.296920e-01 3.688000e-03 2.666200e-01
237 7.290720e-01 3.580000e-03 2.673480e-01
238 7.285480e-01 3.484000e-03 2.679680e-01
239 7.279600e-01 3.464000e-03 2.685760e-01
240 7.274160e-01 3.360000e-03 2.692240e-01
241 7.268360e-01 3.268000e-03 2.698960e-01
242 7.262040e-01 3.340000e-03 2.704560e-01
243 7.255640e-01 3.440000e-03 2.709960e-01
244 7.249920e-01 3.344000e-03 2.716640e-01
245 7.244080e-01 3.336000e-03 2.722560e-01
246 7.238440e-01 3.336000e-03 2.728200e-01
247 7.233200e-01 3.296000e-03 2.733840e-01
248 7.227960e-01 3.340000e-03 2.738640e-01
249 7.222560e-01 3.236000e-03 2.745080e-01
250 7.217720e-01 3.136000e-03 2.750920e-01
251 7.212840e-01 3.040000e-03 2.756760e-01
252 7.208800e-01 2.916000e-03 2.762040e-01
253 7.203920e-01 2.964000e-03 2.766440e-01
254 7.198600e-01 2.940000e-03 2.772000e-01
255 7.193320e-01 3.032000e-03 2.776360e-01
256 7.188240e-01 3.020000e-03 2.781560e-01
257 7.182800e-01 3.008000e-03 2.787120e-01
258 7.176960e-01 3.072000e-03 2.792320e-01
259 7.170360e-01 3.276000e-03 2.796880e-01
260 7.164040e-01 3.316000e-03 2.802800e-01
261 7.158600e-01 3.352000e-03 2.807880e-01
262 7.152200e-01 3.352000e-03 2.814280e-01
263 7.147000e-01 3.328000e-03 2.819720e-01
264 7.142360e-01 3.176000e-03 2.825880e-01
265 7.137280e-01 3.048000e-03 2.832240e-01
266 7.131520e-01 3.092000e-03 2.837560e-01
267 7.126680e-01 3.008000e-03 2.843240e-01
268 7.121680e-01 2.968000e-03 2.848640e-01
269 7.117040e-01 2.892000e-03 2.854040e-01
270 7.113200e-01 2.744000e-03 2.859360e-01
271 7.108960e-01 2.636000e-03 2.864680e-01
272 7.104000e-01 2.652000e-03 2.869480e-01
273 7.099000e-01 2.728000e-03 2.873720e-01
274 7.095120e-01 2.604000e-03 2.878840e-01
275 7.090800e-01 2.564000e-03 2.883560e-01
276 7.087160e-01 2.504000e-03 2.887800e-01
277 7.083960e-01 2.392000e-03 2.892120e-01
278 7.080000e-01 2.356000e-03 2.896440e-01
279 7.076120e-01 2.336000e-03 2.900520e-01
280 7.072440e-01 2.284000e-03 2.904720e-01
281 7.068040e-01 2.352000e-03 2.908440e-01
282 7.063440e-01 2.428000e-03 2.912280e-01
283 7.059760e-01 2.372000e-03 2.916520e-01
284 7.056120e-01 2.360000e-03 2.920280e-01
285 7.052720e-01 2.276000e-03 2.924520e-01
286 7.048920e-01 2.304000e-03 2.928040e-01
287 7.045520e-01 2.192000e-03 2.932560e-01
288 7.042160e-01 2.132000e-03 2.936520e-01
289 7.038920e-01 2.084000e-03 2.940240e-01
290 7.036000e-01 2.036000e-03 2.943640e-01
291 7.032920e-01 2.048000e-03 2.946600e-01
292 7.028960e-01 1.996000e-03 2.951080e-01
293 7.025920e-01 1.992000e-03 2.954160e-01
294 7.022600e-01 1.924000e-03 2.958160e-01
295 7.019440e-01 1.956000e-03 2.961000e-01
296 7.015840e-01 1.956000e-03 2.964600e-01
297 7.013520e-01 1.812000e-03 2.968360e-01
298 7.010720e-01 1.792000e-03 2.971360e-01
299 7.007160e-01 1.836000e-03 2.974480e-01
300 7.004720e-01 1.760000e-03 2.977680e-01
301 7.001640e-01 1.720000e-03 2.981160e-01
302 6.998480e-01 1.672000e-03 2.984800e-01
303 6.995480e-01 1.664000e-03 2.987880e-01
304 6.992280e-01 1.692000e-03 2.990800e-01
305 6.988720e-01 1.724000e-03 2.994040e-01
306 6.985560e-01 1.728000e-03 2.997160e-01
307 6.982760e-01 1.728000e-03 2.999960e-01
308 6.980160e-01 1.684000e-03 3.003000e-01
309 6.977040e-01 1.728000e-03 3.005680e-01
310 6.973760e-01 1.728000e-03 3.008960e-01
311 6.970840e-01 1.668000e-03 3.012480e-01
312 6.967440e-01 1.700000e-03 3.015560e-01
313 6.964360e-01 1.716000e-03 3.018480e-01
314 6.961440e-01 1.732000e-03 3.021240e-01
315 6.958280e-01 1.736000e-03 3.024360e-01
316 6.954960e-01 1.780000e-03 3.027240e-01
317 6.951600e-01 1.788000e-03 3.030520e-01
318 6.947600e-01 1.888000e-03 3.033520e-01
319 6.943320e-01 1.992000e-03 3.036760e-01
320 6.939400e-01 2.016000e-03 3.040440e-01
321 6.936360e-01 1.980000e-03 3.043840e-01
322 6.932240e-01 2.048000e-03 3.047280e-01
323 6.928760e-01 1.956000e-03 3.051680e-01
324 6.924840e-01 2.020000e-03 3.054960e-01
325 6.920960e-01 2.032000e-03 3.058720e-01
326 6.917760e-01 2.020000e-03 3.062040e-01
327 6.913840e-01 1.984000e-03 3.066320e-01
328 6.910720e-01 1.964000e-03 3.069640e-01
329 6.906960e-01 1.924000e-03 3.073800e-01
330 6.903640e-01 1.920000e-03 3.077160e-01
331 6.899560e-01 1.980000e-03 3.080640e-01
332 6.896480e-01 1.972000e-03 3.083800e-01
333 6.892880e-01 1.964000e-03 3.087480e-01
334 6.889800e-01 1.912000e-03 3.091080e-01
335 6.886960e-01 1.816000e-03 3.094880e-01
336 6.884520e-01 1.688000e-03 3.098600e-01
337 6.881840e-01 1.660000e-03 3.101560e-01
338 6.879000e-01 1.676000e-03 3.104240e-01
339 6.875600e-01 1.680000e-03 3.107600e-01
340 6.872520e-01 1.652000e-03 3.110960e-01
341 6.869840e-01 1.620000e-03 3.113960e-01
342 6.867320e-01 1.604000e-03 3.116640e-01
343 6.864920e-01 1.588000e-03 3.119200e-01
344 6.862400e-01 1.568000e-03 3.121920e-01
345 6.860440e-01 1.516000e-03 3.124400e-01
346 6.858400e-01 1.468000e-03 3.126920e-01
347 6.856320e-01 1.388000e-03 3.129800e-01
348 6.854680e-01 1.316000e-03 3.132160e-01
349 6.852680e-01 1.232000e-03 3.135000e-01
350 6.850640e-01 1.248000e-03 3.136880e-01
351 6.848720e-01 1.220000e-03 3.139080e-01
352 6.846360e-01 1.240000e-03 3.141240e-01
353 6.844880e-01 1.164000e-03 3.143480e-01
354 6.843240e-01 1.160000e-03 3.145160e-01
355 6.841600e-01 1.156000e-03 3.146840e-01
356 6.839360e-01 1.200000e-03 3.148640e-01
357 6.837480e-01 1.156000e-03 3.150960e-01
358 6.834920e-01 1.184000e-03 3.153240e-01
359 6.832800e-01 1.160000e-03 3.155600e-01
360 6.830920e-01 1.148000e-03 3.157600e-01
361 6.828880e-01 1.144000e-03 3.159680e-01
362 6.826800e-01 1.180000e-03 3.161400e-01
363 6.824800e-01 1.180000e-03 3.163400e-01
364 6.823000e-01 1.148000e-03 3.165520e-01
365 6.821320e-01 1.156000e-03 3.167120e-01
366 6.818960e-01 1.208000e-03 3.168960e-01
367 6.817040e-01 1.184000e-03 3.171120e-01
368 6.814400e-01 1.284000e-03 3.172760e-01
369 6.812400e-01 1.236000e-03 3.175240e-01
370 6.810600e-01 1.184000e-03 3.177560e-01
371 6.808880e-01 1.140000e-03 3.179720e-01
372 6.806760e-01 1.120000e-03 3.182040e-01
373 6.805000e-01 1.092000e-03 3.184080e-01
374 6.802480e-01 1.156000e-03 3.185960e-01
375 6.800840e-01 1.144000e-03 3.187720e-01
376 6.798520e-01 1.196000e-03 3.189520e-01
377 6.796800e-01 1.156000e-03 3.191640e-01
378 6.794400e-01 1.204000e-03 3.193560e-01
379 6.792320e-01 1.148000e-03 3.196200e-01
380 6.789640e-01 1.196000e-03 3.198400e-01
381 6.787160e-01 1.256000e-03 3.200280e-01
382 6.784680e-01 1.308000e-03 3.202240e-01
383 6.782320e-01 1.312000e-03 3.204560e-01
384 6.779560e-01 1.344000e-03 3.207000e-01
385 6.776680e-01 1.372000e-03 3.209600e-01
386 6.774040e-01 1.420000e-03 3.211760e-01
387 6.771760e-01 1.388000e-03 3.214360e-01
388 6.769400e-01 1.364000e-03 3.216960e-01
389 6.767280e-01 1.368000e-03 3.219040e-01
390 6.765040e-01 1.340000e-03 3.221560e-01
391 6.762600e-01 1.344000e-03 3.223960e-01
392 6.760800e-01 1.360000e-03 3.225600e-01
393 6.759080e-01 1.328000e-03 3.227640e-01
394 6.757400e-01 1.324000e-03 3.229360e-01
395 6.754840e-01 1.388000e-03 3.231280e-01
396 6.752320e-01 1.364000e-03 3.234040e-01
397 6.749800e-01 1.364000e-03 3.236560e-01
398 6.747680e-01 1.304000e-03 3.239280e-01
399 6.746160e-01 1.256000e-03 3.241280e-01
400 6.744200e-01 1.260000e-03 3.243200e-01
401 6.742480e-01 1.228000e-03 3.245240e-01
402 6.740120e-01 1.236000e-03 3.247520e-01
403 6.737760e-01 1.252000e-03 3.249720e-01
404 6.735640e-01 1.280000e-03 3.251560e-01
405 6.733720e-01 1.260000e-03 3.253680e-01
406 6.732560e-01 1.124000e-03 3.256200e-01
407 6.730880e-01 1.120000e-03 3.257920e-01
408 6.728960e-01 1.112000e-03 3.259920e-01
409 6.727520e-01 1.052000e-03 3.261960e-01
410 6.725760e-01 1.056000e-03 3.263680e-01
411 6.723640e-01 1.060000e-03 3.265760e-01
412 6.721480e-01 1.096000e-03 3.267560e-01
413 6.719240e-01 1.144000e-03 3.269320e-01
414 6.717200e-01 1.152000e-03 3.271280e-01
415 6.714960e-01 1.176000e-03 3.273280e-01
416 6.713240e-01 1.108000e-03 3.275680e-01
417 6.711920e-01 1.044000e-03 3.277640e-01
418 6.710440e-01 1.024000e-03 3.279320e-01
419 6.708800e-01 1.008000e-03 3.281120e-01
420 6.707400e-01 9.640000e-04 3.282960e-01
421 6.706400e-01 9.120000e-04 3.284480e-01
422 6.704960e-01 9.120000e-04 3.285920e-01
423 6.703440e-01 8.520000e-04 3.288040e-01
424 6.702200e-01 8.080000e-04 3.289720e-01
425 6.700840e-01 7.600000e-04 3.291560e-01
426 6.699560e-01 7.480000e-04 3.292960e-01
427 6.698600e-01 7.360000e-04 3.294040e-01
428 6.697320e-01 7.680000e-04 3.295000e-01
429 6.695920e-01 8.080000e-04 3.296000e-01
430 6.694120e-01 8.560000e-04 3.297320e-01
431 6.692400e-01 8.360000e-04 3.299240e-01
432 6.690800e-01 8.280000e-04 3.300920e-01
433 6.689160e-01 8.400000e-04 3.302440e-01
434 6.686960e-01 9.400000e-04 3.303640e-01
435 6.684680e-01 1.052000e-03 3.304800e-01
436 6.682760e-01 1.076000e-03 3.306480e-01
437 6.681160e-01 1.064000e-03 3.308200e-01
438 6.679680e-01 1.020000e-03 3.310120e-01
439 6.678000e-01 9.800000e-04 3.312200e-01
440 6.676200e-01 9.760000e-04 3.314040e-01
441 6.674760e-01 9.440000e-04 3.315800e-01
442 6.673160e-01 9.400000e-04 3.317440e-01
443 6.671400e-01 9.840000e-04 3.318760e-01
444 6.670000e-01 9.080000e-04 3.320920e-01
445 6.668560e-01 8.800000e-04 3.322640e-01
446 6.667160e-01 8.680000e-04 3.324160e-01
447 6.665760e-01 8.720000e-04 3.325520e-01
448 6.664440e-01 8.200000e-04 3.327360e-01
449 6.663280e-01 7.880000e-04 3.328840e-01
450 6.661600e-01 8.120000e-04 3.330280e-01
451 6.660320e-01 8.080000e-04 3.331600e-01
452 6.658920e-01 7.880000e-04 3.333200e-01
453 6.657960e-01 7.440000e-04 3.334600e-01
454 6.656680e-01 7.320000e-04 3.336000e-01
455 6.655560e-01 6.920000e-04 3.337520e-01
456 6.654080e-01 7.320000e-04 3.338600e-01
457 6.652520e-01 7.360000e-04 3.340120e-01
458 6.650880e-01 7.760000e-04 3.341360e-01
459 6.649200e-01 7.720000e-04 3.343080e-01
460 6.647640e-01 8.000000e-04 3.344360e-01
461 6.645800e-01 8.360000e-04 3.345840e-01
462 6.644480e-01 7.920000e-04 3.347600e-01
463 6.642920e-01 8.080000e-04 3.349000e-01
464 6.641280e-01 8.480000e-04 3.350240e-01
465 6.639480e-01 9.040000e-04 3.351480e-01
466 6.638160e-01 8.680000e-04 3.353160e-01
467 6.636960e-01 7.960000e-04 3.355080e-01
468 6.635560e-01 8.000000e-04 3.356440e-01
469 6.634320e-01 7.680000e-04 3.358000e-01
470 6.632840e-01 8.160000e-04 3.359000e-01
471 6.631720e-01 7.800000e-04 3.360480e-01
472 6.630560e-01 7.760000e-04 3.361680e-01
473 6.629440e-01 7.720000e-04 3.362840e-01
474 6.628160e-01 7.560000e-04 3.364280e-01
475 6.626920e-01 7.560000e-04 3.365520e-01
476 6.625720e-01 7.560000e-04 3.366720e-01
477 6.624560e-01 7.480000e-04 3.367960e-01
478 6.623560e-01 7.360000e-04 3.369080e-01
479 6.622800e-01 6.760000e-04 3.370440e-01
480 6.621720e-01 6.440000e-04 3.371840e-01
481 6.620440e-01 6.320000e-04 3.373240e-01
482 6.619400e-01 6.200000e-04 3.374400e-01
483 6.618360e-01 5.880000e-04 3.375760e-01
484 6.617440e-01 5.800000e-04 3.376760e-01
485 6.616080e-01 6.000000e-04 3.377920e-01
486 6.614720e-01 6.400000e-04 3.378880e-01
487 6.613640e-01 6.320000e-04 3.380040e-01
488 6.612280e-01 6.480000e-04 3.381240e-01
489 6.610640e-01 6.840000e-04 3.382520e-01
490 6.609520e-01 6.880000e-04 3.383600e-01
491 6.608400e-01 7.040000e-04 3.384560e-01
492 6.607360e-01 6.840000e-04 3.385800e-01
493 6.606240e-01 6.480000e-04 3.387280e-01
494 6.605040e-01 6.400000e-04 3.388560e-01
495 6.604200e-01 6.240000e-04 3.389560e-01
496 6.603200e-01 6.120000e-04 3.390680e-01
497 6.602360e-01 5.800000e-04 3.391840e-01
498 6.601440e-01 5.600000e-04 3.392960e-01
499 6.600560e-01 5.560000e-04 3.393880e-01
500 6.599480e-01 5.720000e-04 3.394800e-01
