1 9.992600e-01 6.640000e-04 7.600000e-05
2 9.987280e-01 1.060000e-03 2.120000e-04
3 9.981240e-01 1.452000e-03 4.240000e-04
4 9.974240e-01 1.860000e-03 7.160000e-04
5 9.966960e-01 2.216000e-03 1.088000e-03
6 9.959000e-01 2.544000e-03 1.556000e-03
7 9.951200e-01 2.816000e-03 2.064000e-03
8 9.942360e-01 3.164000e-03 2.600000e-03
9 9.932600e-01 3.596000e-03 3.144000e-03
10 9.922240e-01 4.080000e-03 3.696000e-03
11 9.911240e-01 4.448000e-03 4.428000e-03
12 9.900520e-01 4.728000e-03 5.220000e-03
13 9.889120e-01 5.112000e-03 5.976000e-03
14 9.877120e-01 5.436000e-03 6.852000e-03
15 9.865480e-01 5.508000e-03 7.944000e-03
16 9.854240e-01 5.640000e-03 8.936000e-03
17 9.841800e-01 5.912000e-03 9.908000e-03
18 9.828600e-01 6.224000e-03 1.091600e-02
19 9.815680e-01 6.324000e-03 1.210800e-02
20 9.801400e-01 6.764000e-03 1.309600e-02
21 9.787160e-01 7.008000e-03 1.427600e-02
22 9.772280e-01 7.364000e-03 1.540800e-02
23 9.757720e-01 7.552000e-03 1.667600e-02
24 9.742000e-01 7.904000e-03 1.789600e-02
25 9.724800e-01 8.192000e-03 1.932800e-02
26 9.707680e-01 8.408000e-03 2.082400e-02
27 9.688320e-01 8.864000e-03 2.230400e-02
28 9.671480e-01 8.944000e-03 2.390800e-02
29 9.655000e-01 9.108000e-03 2.539200e-02
30 9.638360e-01 9.188000e-03 2.697600e-02
31 9.620000e-01 9.372000e-03 2.862800e-02
32 9.602960e-01 9.444000e-03 3.026000e-02
33 9.585160e-01 9.612000e-03 3.187200e-02
34 9.566600e-01 9.680000e-03 3.366000e-02
35 9.547920e-01 9.836000e-03 3.537200e-02
36 9.529280e-01 9.920000e-03 3.715200e-02
37 9.511040e-01 1.018000e-02 3.871600e-02
38 9.491600e-01 1.040800e-02 4.043200e-02
39 9.471440e-01 1.054800e-02 4.230800e-02
40 9.452560e-01 1.069200e-02 4.405200e-02
41 9.432400e-01 1.082400e-02 4.593600e-02
42 9.413720e-01 1.090000e-02 4.772800e-02
43 9.392880e-01 1.102000e-02 4.969200e-02
44 9.373640e-01 1.098800e-02 5.164800e-02
45 9.355240e-01 1.090400e-02 5.357200e-02
46 9.337520e-01 1.076400e-02 5.548400e-02
47 9.318360e-01 1.066000e-02 5.750400e-02
48 9.299760e-01 1.059600e-02 5.942800e-02
49 9.279640e-01 1.070800e-02 6.132800e-02
50 9.260080e-01 1.087600e-02 6.311600e-02
51 9.241200e-01 1.079200e-02 6.508800e-02
52 9.220640e-01 1.088800e-02 6.704800e-02
53 9.201840e-01 1.088400e-02 6.893200e-02
54 9.183040e-01 1.101200e-02 7.068400e-02
55 9.163360e-01 1.095600e-02 7.270800e-02
56 9.144160e-01 1.099600e-02 7.458800e-02
57 9.125000e-01 1.084000e-02 7.666000e-02
58 9.107040e-01 1.086800e-02 7.842800e-02
59 9.088440e-01 1.070400e-02 8.045200e-02
60 9.068120e-01 1.092000e-02 8.226800e-02
61 9.049840e-01 1.079200e-02 8.422400e-02
62 9.030720e-01 1.086400e-02 8.606400e-02
63 9.010360e-01 1.111200e-02 8.785200e-02
64 8.991520e-01 1.088400e-02 8.996400e-02
65 8.973400e-01 1.084400e-02 9.181600e-02
66 8.953680e-01 1.101600e-02 9.361600e-02
67 8.932600e-01 1.116400e-02 9.557600e-02
68 8.911880e-01 1.123200e-02 9.758000e-02
69 8.891480e-01 1.125200e-02 9.960000e-02
70 8.870120e-01 1.130800e-02 1.016800e-01
71 8.849680e-01 1.143200e-02 1.036000e-01
72 8.825840e-01 1.181600e-02 1.056000e-01
73 8.805480e-01 1.189200e-02 1.075600e-01
74 8.783440e-01 1.206400e-02 1.095920e-01
75 8.763800e-01 1.193200e-02 1.116880e-01
76 8.742800e-01 1.183600e-02 1.138840e-01
77 8.724800e-01 1.152000e-02 1.160000e-01
78 8.708000e-01 1.117600e-02 1.180240e-01
79 8.689880e-01 1.100000e-02 1.200120e-01
80 8.672160e-01 1.084800e-02 1.219360e-01
81 8.654640e-01 1.058000e-02 1.239560e-01
82 8.635920e-01 1.054800e-02 1.258600e-01
83 8.619680e-01 1.034000e-02 1.276920e-01
84 8.601200e-01 1.038000e-02 1.295000e-01
85 8.582920e-01 1.042800e-02 1.312800e-01
86 8.564520e-01 1.043200e-02 1.331160e-01
87 8.547440e-01 1.024800e-02 1.350080e-01
88 8.530840e-01 1.022400e-02 1.366920e-01
89 8.513320e-01 1.022800e-02 1.384400e-01
90 8.495280e-01 1.026400e-02 1.402080e-01
91 8.478200e-01 1.021200e-02 1.419680e-01
92 8.459800e-01 1.044000e-02 1.435800e-01
93 8.443640e-01 1.003200e-02 1.456040e-01
94 8.428920e-01 9.776000e-03 1.473320e-01
95 8.413280e-01 9.684000e-03 1.489880e-01
96 8.397120e-01 9.456000e-03 1.508320e-01
97 8.379760e-01 9.588000e-03 1.524360e-01
98 8.363000e-01 9.532000e-03 1.541680e-01
99 8.347200e-01 9.496000e-03 1.557840e-01
100 8.330800e-01 9.508000e-03 1.574120e-01
101 8.315040e-01 9.332000e-03 1.591640e-01
102 8.299480e-01 9.268000e-03 1.607840e-01
103 8.282040e-01 9.360000e-03 1.624360e-01
104 8.266280e-01 9.208000e-03 1.641640e-01
105 8.249080e-01 9.248000e-03 1.658440e-01
106 8.233200e-01 9.284000e-03 1.673960e-01
107 8.216520e-01 9.376000e-03 1.689720e-01
108 8.198600e-01 9.456000e-03 1.706840e-01
109 8.182280e-01 9.372000e-03 1.724000e-01
110 8.166880e-01 9.252000e-03 1.740600e-01
111 8.152400e-01 9.176000e-03 1.755840e-01
112 8.136960e-01 9.112000e-03 1.771920e-01
113 8.122600e-01 8.944000e-03 1.787960e-01
114 8.107200e-01 9.036000e-03 1.802440e-01
115 8.092560e-01 8.924000e-03 1.818200e-01
116 8.078680e-01 8.796000e-03 1.833360e-01
117 8.064480e-01 8.800000e-03 1.847520e-01
118 8.050600e-01 8.724000e-03 1.862160e-01
119 8.037800e-01 8.548000e-03 1.876720e-01
120 8.023160e-01 8.472000e-03 1.892120e-01
121 8.007640e-01 8.544000e-03 1.906920e-01
122 7.993880e-01 8.404000e-03 1.922080e-01
123 7.979480e-01 8.408000e-03 1.936440e-01
124 7.964040e-01 8.620000e-03 1.949760e-01
125 7.948440e-01 8.772000e-03 1.963840e-01
126 7.932600e-01 8.948000e-03 1.977920e-01
127 7.918360e-01 8.872000e-03 1.992920e-01
128 7.903080e-01 8.864000e-03 2.008280e-01
129 7.888520e-01 8.792000e-03 2.023560e-01
130 7.872040e-01 9.004000e-03 2.037920e-01
131 7.856560e-01 8.988000e-03 2.053560e-01
132 7.841600e-01 8.940000e-03 2.069000e-01
133 7.823960e-01 9.072000e-03 2.085320e-01
134 7.809080e-01 9.052000e-03 2.100400e-01
135 7.795000e-01 8.988000e-03 2.115120e-01
136 7.782160e-01 8.712000e-03 2.130720e-01
137 7.768840e-01 8.628000e-03 2.144880e-01
138 7.755040e-01 8.492000e-03 2.160040e-01
139 7.740920e-01 8.508000e-03 2.174000e-01
140 7.727480e-01 8.336000e-03 2.189160e-01
141 7.714240e-01 8.116000e-03 2.204600e-01
142 7.700600e-01 8.012000e-03 2.219280e-01
143 7.686680e-01 8.004000e-03 2.233280e-01
144 7.672720e-01 7.836000e-03 2.248920e-01
145 7.658720e-01 7.904000e-03 2.262240e-01
146 7.645280e-01 7.820000e-03 2.276520e-01
147 7.632360e-01 7.752000e-03 2.290120e-01
148 7.619880e-01 7.592000e-03 2.304200e-01
149 7.606040e-01 7.592000e-03 2.318040e-01
150 7.593600e-01 7.524000e-03 2.331160e-01
151 7.581120e-01 7.404000e-03 2.344840e-01
152 7.567320e-01 7.564000e-03 2.357040e-01
153 7.553120e-01 7.588000e-03 2.371000e-01
154 7.539920e-01 7.664000e-03 2.383440e-01
155 7.526400e-01 7.648000e-03 2.397120e-01
156 7.511720e-01 7.868000e-03 2.409600e-01
157 7.498160e-01 7.824000e-03 2.423600e-01
158 7.485680e-01 7.652000e-03 2.437800e-01
159 7.472360e-01 7.624000e-03 2.451400e-01
160 7.461360e-01 7.412000e-03 2.464520e-01
161 7.449760e-01 7.208000e-03 2.478160e-01
162 7.437200e-01 7.232000e-03 2.490480e-01
163 7.425480e-01 7.120000e-03 2.503320e-01
164 7.414640e-01 6.912000e-03 2.516240e-01
165 7.402040e-01 7.076000e-03 2.527200e-01
166 7.389040e-01 7.128000e-03 2.539680e-01
167 7.378400e-01 7.016000e-03 2.551440e-01
168 7.365280e-01 6.996000e-03 2.564760e-01
169 7.353720e-01 6.952000e-03 2.576760e-01
170 7.342120e-01 6.964000e-03 2.588240e-01
171 7.331120e-01 6.804000e-03 2.600840e-01
172 7.319280e-01 6.744000e-03 2.613280e-01
173 7.307400e-01 6.772000e-03 2.624880e-01
174 7.295440e-01 6.748000e-03 2.637080e-01
175 7.284520e-01 6.704000e-03 2.648440e-01
176 7.272240e-01 6.772000e-03 2.660040e-01
177 7.261640e-01 6.740000e-03 2.670960e-01
178 7.250840e-01 6.620000e-03 2.682960e-01
179 7.239280e-01 6.612000e-03 2.694600e-01
180 7.228880e-01 6.544000e-03 2.705680e-01
181 7.218200e-01 6.452000e-03 2.717280e-01
182 7.208000e-01 6.348000e-03 2.728520e-01
183 7.197160e-01 6.360000e-03 2.739240e-01
184 7.186640e-01 6.332000e-03 2.750040e-01
185 7.176360e-01 6.276000e-03 2.760880e-01
186 7.166160e-01 6.208000e-03 2.771760e-01
187 7.155360e-01 6.132000e-03 2.783320e-01
188 7.145320e-01 6.072000e-03 2.793960e-01
189 7.134560e-01 6.092000e-03 2.804520e-01
190 7.125120e-01 5.908000e-03 2.815800e-01
191 7.114120e-01 5.964000e-03 2.826240e-01
192 7.104760e-01 5.904000e-03 2.836200e-01
193 7.096560e-01 5.736000e-03 2.846080e-01
194 7.088320e-01 5.516000e-03 2.856520e-01
195 7.079280e-01 5.412000e-03 2.866600e-01
196 7.071480e-01 5.196000e-03 2.876560e-01
197 7.062680e-01 5.148000e-03 2.885840e-01
198 7.055080e-01 5.012000e-03 2.894800e-01
199 7.046200e-01 5.064000e-03 2.903160e-01
200 7.037840e-01 5.064000e-03 2.911520e-01
201 7.028720e-01 5.056000e-03 2.920720e-01
202 7.020480e-01 5.060000e-03 2.928920e-01
203 7.012240e-01 5.036000e-03 2.937400e-01
204 7.002720e-01 5.096000e-03 2.946320e-01
205 6.993680e-01 5.012000e-03 2.956200e-01
206 6.984240e-01 5.032000e-03 2.965440e-01
207 6.976240e-01 4.988000e-03 2.973880e-01
208 6.967480e-01 4.976000e-03 2.982760e-01
209 6.959160e-01 4.876000e-03 2.992080e-01
210 6.951600e-01 4.820000e-03 3.000200e-01
211 6.944680e-01 4.676000e-03 3.008560e-01
212 6.936520e-01 4.704000e-03 3.016440e-01
213 6.928960e-01 4.588000e-03 3.025160e-01
214 6.921400e-01 4.528000e-03 3.033320e-01
215 6.913720e-01 4.460000e-03 3.041680e-01
216 6.906640e-01 4.304000e-03 3.050320e-01
217 6.899680e-01 4.228000e-03 3.058040e-01
218 6.892320e-01 4.284000e-03 3.064840e-01
219 6.885040e-01 4.244000e-03 3.072520e-01
220 6.877240e-01 4.256000e-03 3.080200e-01
221 6.869960e-01 4.352000e-03 3.086520e-01
222 6.862520e-01 4.392000e-03 3.093560e-01
223 6.853800e-01 4.592000e-03 3.100280e-01
224 6.846240e-01 4.560000e-03 3.108160e-01
225 6.839000e-01 4.420000e-03 3.116800e-01
226 6.830920e-01 4.528000e-03 3.123800e-01
227 6.821760e-01 4.652000e-03 3.131720e-01
228 6.813840e-01 4.628000e-03 3.139880e-01
229 6.806840e-01 4.468000e-03 3.148480e-01
230 6.800400e-01 4.400000e-03 3.155600e-01
231 6.793680e-01 4.196000e-03 3.164360e-01
232 6.786280e-01 4.264000e-03 3.171080e-01
233 6.778680e-01 4.248000e-03 3.178840e-01
234 6.771480e-01 4.248000e-03 3.186040e-01
235 6.763800e-01 4.408000e-03 3.192120e-01
236 6.757360e-01 4.188000e-03 3.200760e-01
237 6.749760e-01 4.240000e-03 3.207840e-01
238 6.742360e-01 4.232000e-03 3.215320e-01
239 6.735360e-01 4.208000e-03 3.222560e-01
240 6.727600e-01 4.240000e-03 3.230000e-01
241 6.721200e-01 4.148000e-03 3.237320e-01
242 6.713560e-01 4.124000e-03 3.245200e-01
243 6.705720e-01 4.128000e-03 3.253000e-01
244 6.697320e-01 4.276000e-03 3.259920e-01
245 6.689080e-01 4.332000e-03 3.267600e-01
246 6.680440e-01 4.380000e-03 3.275760e-01
247 6.672440e-01 4.404000e-03 3.283520e-01
248 6.664400e-01 4.508000e-03 3.290520e-01
249 6.656000e-01 4.496000e-03 3.299040e-01
250 6.648720e-01 4.400000e-03 3.307280e-01
251 6.641520e-01 4.284000e-03 3.315640e-01
252 6.634760e-01 4.296000e-03 3.322280e-01
253 6.628000e-01 4.180000e-03 3.330200e-01
254 6.620680e-01 4.172000e-03 3.337600e-01
255 6.614480e-01 4.108000e-03 3.344440e-01
256 6.608000e-01 4.120000e-03 3.350800e-01
257 6.601800e-01 4.100000e-03 3.357200e-01
258 6.594880e-01 4.012000e-03 3.365000e-01
259 6.588480e-01 3.916000e-03 3.372360e-01
260 6.581200e-01 3.980000e-03 3.379000e-01
261 6.574440e-01 4.028000e-03 3.385280e-01
262 6.567480e-01 3.972000e-03 3.392800e-01
263 6.560800e-01 3.948000e-03 3.399720e-01
264 6.553240e-01 3.980000e-03 3.406960e-01
265 6.547280e-01 3.876000e-03 3.413960e-01
266 6.540680e-01 3.836000e-03 3.420960e-01
267 6.534160e-01 3.824000e-03 3.427600e-01
268 6.527600e-01 3.780000e-03 3.434600e-01
269 6.521600e-01 3.656000e-03 3.441840e-01
270 6.514760e-01 3.752000e-03 3.447720e-01
271 6.508800e-01 3.652000e-03 3.454680e-01
272 6.502760e-01 3.648000e-03 3.460760e-01
273 6.496000e-01 3.688000e-03 3.467120e-01
274 6.488760e-01 3.688000e-03 3.474360e-01
275 6.484120e-01 3.524000e-03 3.480640e-01
276 6.477720e-01 3.540000e-03 3.486880e-01
277 6.471400e-01 3.520000e-03 3.493400e-01
278 6.465320e-01 3.484000e-03 3.499840e-01
279 6.458560e-01 3.564000e-03 3.505800e-01
280 6.453080e-01 3.488000e-03 3.512040e-01
281 6.447200e-01 3.432000e-03 3.518480e-01
282 6.440560e-01 3.548000e-03 3.523960e-01
283 6.434440e-01 3.516000e-03 3.530400e-01
284 6.427480e-01 3.636000e-03 3.536160e-01
285 6.421880e-01 3.576000e-03 3.542360e-01
286 6.416320e-01 3.440000e-03 3.549280e-01
287 6.411840e-01 3.336000e-03 3.554800e-01
288 6.406480e-01 3.320000e-03 3.560320e-01
289 6.400480e-01 3.360000e-03 3.565920e-01
290 6.395760e-01 3.192000e-03 3.572320e-01
291 6.391080e-01 3.116000e-03 3.577760e-01
292 6.386640e-01 3.012000e-03 3.583240e-01
293 6.381440e-01 2.968000e-03 3.588880e-01
294 6.375960e-01 3.044000e-03 3.593600e-01
295 6.371160e-01 3.056000e-03 3.598280e-01
296 6.366240e-01 2.972000e-03 3.604040e-01
297 6.361120e-01 3.028000e-03 3.608600e-01
298 6.356280e-01 3.012000e-03 3.613600e-01
299 6.351480e-01 2.976000e-03 3.618760e-01
300 6.346320e-01 2.976000e-03 3.623920e-01
301 6.341000e-01 2.880000e-03 3.630200e-01
302 6.335280e-01 2.912000e-03 3.635600e-01
303 6.330080e-01 2.968000e-03 3.640240e-01
304 6.324880e-01 2.960000e-03 3.645520e-01
305 6.319800e-01 2.916000e-03 3.651040e-01
306 6.314280e-01 3.008000e-03 3.655640e-01
307 6.308320e-01 3.048000e-03 3.661200e-01
308 6.302480e-01 3.044000e-03 3.667080e-01
309 6.297040e-01 3.076000e-03 3.672200e-01
310 6.292080e-01 2.984000e-03 3.678080e-01
311 6.286520e-01 3.004000e-03 3.683440e-01
312 6.281960e-01 2.980000e-03 3.688240e-01
313 6.276240e-01 3.044000e-03 3.693320e-01
314 6.270640e-01 3.076000e-03 3.698600e-01
315 6.266040e-01 3.048000e-03 3.703480e-01
316 6.261200e-01 3.020000e-03 3.708600e-01
317 6.256320e-01 2.928000e-03 3.714400e-01
318 6.252200e-01 2.860000e-03 3.719200e-01
319 6.247320e-01 2.800000e-03 3.724680e-01
320 6.242360e-01 2.828000e-03 3.729360e-01
321 6.238360e-01 2.724000e-03 3.734400e-01
322 6.233960e-01 2.652000e-03 3.739520e-01
323 6.230080e-01 2.664000e-03 3.743280e-01
324 6.226480e-01 2.584000e-03 3.747680e-01
325 6.223040e-01 2.500000e-03 3.751960e-01
326 6.219240e-01 2.404000e-03 3.756720e-01
327 6.216040e-01 2.332000e-03 3.760640e-01
328 6.213600e-01 2.180000e-03 3.764600e-01
329 6.210960e-01 2.032000e-03 3.768720e-01
330 6.207880e-01 1.980000e-03 3.772320e-01
331 6.204200e-01 2.044000e-03 3.775360e-01
332 6.201360e-01 1.936000e-03 3.779280e-01
333 6.199000e-01 1.824000e-03 3.782760e-01
334 6.196280e-01 1.788000e-03 3.785840e-01
335 6.193320e-01 1.752000e-03 3.789160e-01
336 6.190480e-01 1.704000e-03 3.792480e-01
337 6.187880e-01 1.632000e-03 3.795800e-01
338 6.185400e-01 1.616000e-03 3.798440e-01
339 6.182560e-01 1.596000e-03 3.801480e-01
340 6.180040e-01 1.588000e-03 3.804080e-01
341 6.177200e-01 1.604000e-03 3.806760e-01
342 6.175080e-01 1.504000e-03 3.809880e-01
343 6.173040e-01 1.436000e-03 3.812600e-01
344 6.170840e-01 1.460000e-03 3.814560e-01
345 6.169200e-01 1.384000e-03 3.816960e-01
346 6.167280e-01 1.348000e-03 3.819240e-01
347 6.165800e-01 1.276000e-03 3.821440e-01
348 6.164320e-01 1.212000e-03 3.823560e-01
349 6.162240e-01 1.228000e-03 3.825480e-01
350 6.160360e-01 1.180000e-03 3.827840e-01
351 6.158600e-01 1.124000e-03 3.830160e-01
352 6.156520e-01 1.112000e-03 3.832360e-01
353 6.154800e-01 1.116000e-03 3.834040e-01
354 6.153080e-01 1.096000e-03 3.835960e-01
355 6.151280e-01 1.080000e-03 3.837920e-01
356 6.149200e-01 1.096000e-03 3.839840e-01
357 6.147560e-01 1.032000e-03 3.842120e-01
358 6.145120e-01 1.100000e-03 3.843880e-01
359 6.143040e-01 1.128000e-03 3.845680e-01
360 6.140760e-01 1.180000e-03 3.847440e-01
361 6.138360e-01 1.252000e-03 3.849120e-01
362 6.136040e-01 1.296000e-03 3.851000e-01
363 6.133560e-01 1.280000e-03 3.853640e-01
364 6.131120e-01 1.308000e-03 3.855800e-01
365 6.128320e-01 1.348000e-03 3.858200e-01
366 6.126400e-01 1.324000e-03 3.860360e-01
367 6.124000e-01 1.356000e-03 3.862440e-01
368 6.121920e-01 1.336000e-03 3.864720e-01
369 6.119400e-01 1.368000e-03 3.866920e-01
370 6.117280e-01 1.348000e-03 3.869240e-01
371 6.114560e-01 1.392000e-03 3.871520e-01
372 6.112480e-01 1.384000e-03 3.873680e-01
373 6.110800e-01 1.296000e-03 3.876240e-01
374 6.108720e-01 1.320000e-03 3.878080e-01
375 6.106080e-01 1.320000e-03 3.880720e-01
376 6.103800e-01 1.340000e-03 3.882800e-01
377 6.101520e-01 1.336000e-03 3.885120e-01
378 6.098880e-01 1.384000e-03 3.887280e-01
379 6.096200e-01 1.452000e-03 3.889280e-01
380 6.093320e-01 1.464000e-03 3.892040e-01
381 6.090640e-01 1.472000e-03 3.894640e-01
382 6.087920e-01 1.484000e-03 3.897240e-01
383 6.085080e-01 1.492000e-03 3.900000e-01
384 6.082400e-01 1.448000e-03 3.903120e-01
385 6.080360e-01 1.416000e-03 3.905480e-01
386 6.077880e-01 1.428000e-03 3.907840e-01
387 6.075600e-01 1.420000e-03 3.910200e-01
388 6.072960e-01 1.452000e-03 3.912520e-01
389 6.070240e-01 1.432000e-03 3.915440e-01
390 6.068200e-01 1.412000e-03 3.917680e-01
391 6.066120e-01 1.356000e-03 3.920320e-01
392 6.063560e-01 1.376000e-03 3.922680e-01
393 6.060320e-01 1.444000e-03 3.925240e-01
394 6.057160e-01 1.480000e-03 3.928040e-01
395 6.053960e-01 1.568000e-03 3.930360e-01
396 6.051320e-01 1.552000e-03 3.933160e-01
397 6.048680e-01 1.536000e-03 3.935960e-01
398 6.045720e-01 1.568000e-03 3.938600e-01
399 6.043520e-01 1.564000e-03 3.940840e-01
400 6.041360e-01 1.488000e-03 3.943760e-01
401 6.038480e-01 1.492000e-03 3.946600e-01
402 6.036000e-01 1.484000e-03 3.949160e-01
403 6.034320e-01 1.416000e-03 3.951520e-01
404 6.032160e-01 1.396000e-03 3.953880e-01
405 6.029320e-01 1.436000e-03 3.956320e-01
406 6.026400e-01 1.456000e-03 3.959040e-01
407 6.023360e-01 1.472000e-03 3.961920e-01
408 6.021200e-01 1.388000e-03 3.964920e-01
409 6.019040e-01 1.372000e-03 3.967240e-01
410 6.016520e-01 1.416000e-03 3.969320e-01
411 6.014600e-01 1.356000e-03 3.971840e-01
412 6.013000e-01 1.336000e-03 3.973640e-01
413 6.010760e-01 1.352000e-03 3.975720e-01
414 6.008840e-01 1.340000e-03 3.977760e-01
415 6.006720e-01 1.332000e-03 3.979960e-01
416 6.004600e-01 1.320000e-03 3.982200e-01
417 6.002560e-01 1.244000e-03 3.985000e-01
418 6.000200e-01 1.280000e-03 3.987000e-01
419 5.998040e-01 1.288000e-03 3.989080e-01
420 5.995680e-01 1.300000e-03 3.991320e-01
421 5.993400e-01 1.260000e-03 3.994000e-01
422 5.992080e-01 1.152000e-03 3.996400e-01
423 5.989880e-01 1.184000e-03 3.998280e-01
424 5.988040e-01 1.172000e-03 4.000240e-01
425 5.985680e-01 1.192000e-03 4.002400e-01
426 5.983280e-01 1.216000e-03 4.004560e-01
427 5.981080e-01 1.240000e-03 4.006520e-01
428 5.978560e-01 1.276000e-03 4.008680e-01
429 5.975600e-01 1.308000e-03 4.011320e-01
430 5.973440e-01 1.332000e-03 4.013240e-01
431 5.971040e-01 1.352000e-03 4.015440e-01
432 5.968960e-01 1.328000e-03 4.017760e-01
433 5.966760e-01 1.292000e-03 4.020320e-01
434 5.964520e-01 1.328000e-03 4.022200e-01
435 5.962120e-01 1.328000e-03 4.024600e-01
436 5.959760e-01 1.332000e-03 4.026920e-01
437 5.956920e-01 1.392000e-03 4.029160e-01
438 5.954560e-01 1.344000e-03 4.032000e-01
439 5.951920e-01 1.352000e-03 4.034560e-01
440 5.949480e-01 1.404000e-03 4.036480e-01
441 5.947360e-01 1.388000e-03 4.038760e-01
442 5.945280e-01 1.376000e-03 4.040960e-01
443 5.943000e-01 1.348000e-03 4.043520e-01
444 5.940480e-01 1.392000e-03 4.045600e-01
445 5.938840e-01 1.328000e-03 4.047880e-01
446 5.936000e-01 1.396000e-03 4.050040e-01
447 5.933800e-01 1.324000e-03 4.052960e-01
448 5.931280e-01 1.336000e-03 4.055360e-01
449 5.929600e-01 1.284000e-03 4.057560e-01
450 5.927320e-01 1.336000e-03 4.059320e-01
451 5.925440e-01 1.280000e-03 4.061760e-01
452 5.923480e-01 1.252000e-03 4.064000e-01
453 5.921400e-01 1.288000e-03 4.065720e-01
454 5.919600e-01 1.268000e-03 4.067720e-01
455 5.917760e-01 1.216000e-03 4.070080e-01
456 5.915160e-01 1.296000e-03 4.071880e-01
457 5.912760e-01 1.304000e-03 4.074200e-01
458 5.911040e-01 1.272000e-03 4.076240e-01
459 5.908360e-01 1.300000e-03 4.078640e-01
460 5.905880e-01 1.356000e-03 4.080560e-01
461 5.903680e-01 1.344000e-03 4.082880e-01
462 5.901880e-01 1.316000e-03 4.084960e-01
463 5.899600e-01 1.352000e-03 4.086880e-01
464 5.897760e-01 1.284000e-03 4.089400e-01
465 5.896040e-01 1.240000e-03 4.091560e-01
466 5.894400e-01 1.184000e-03 4.093760e-01
467 5.892200e-01 1.200000e-03 4.095800e-01
468 5.890120e-01 1.172000e-03 4.098160e-01
469 5.887480e-01 1.212000e-03 4.100400e-01
470 5.885440e-01 1.180000e-03 4.102760e-01
471 5.883640e-01 1.192000e-03 4.104440e-01
472 5.881440e-01 1.256000e-03 4.106000e-01
473 5.879920e-01 1.208000e-03 4.108000e-01
474 5.878120e-01 1.140000e-03 4.110480e-01
475 5.876320e-01 1.096000e-03 4.112720e-01
476 5.874760e-01 1.060000e-03 4.114640e-01
477 5.873400e-01 1.004000e-03 4.116560e-01
478 5.872080e-01 9.080000e-04 4.118840e-01
479 5.870680e-01 8.840000e-04 4.120480e-01
480 5.869640e-01 8.280000e-04 4.122080e-01
481 5.868320e-01 8.200000e-04 4.123480e-01
482 5.867080e-01 8.400000e-04 4.124520e-01
483 5.864960e-01 9.360000e-04 4.125680e-01
484 5.862680e-01 9.760000e-04 4.127560e-01
485 5.860480e-01 1.036000e-03 4.129160e-01
486 5.858600e-01 1.048000e-03 4.130920e-01
487 5.856960e-01 1.052000e-03 4.132520e-01
488 5.855440e-01 1.020000e-03 4.134360e-01
489 5.853760e-01 1.044000e-03 4.135800e-01
490 5.852520e-01 9.720000e-04 4.137760e-01
491 5.851200e-01 9.560000e-04 4.139240e-01
492 5.849880e-01 9.160000e-04 4.140960e-01
493 5.848400e-01 8.920000e-04 4.142680e-01
494 5.847400e-01 7.760000e-04 4.144840e-01
495 5.846480e-01 7.600000e-04 4.145920e-01
496 5.845680e-01 6.800000e-04 4.147520e-01
497 5.844880e-01 6.680000e-04 4.148440e-01
498 5.844280e-01 6.040000e-04 4.149680e-01
499 5.843160e-01 6.240000e-04 4.150600e-01
500 5.842400e-01 6.040000e-04 4.151560e-01
