1 9.992000e-01 6.960000e-04 1.040000e-04
2 9.986600e-01 1.092000e-03 2.480000e-04
3 9.979480e-01 1.580000e-03 4.720000e-04
4 9.972640e-01 1.956000e-03 7.800000e-04
5 9.964880e-01 2.356000e-03 1.156000e-03
6 9.956120e-01 2.816000e-03 1.572000e-03
7 9.947720e-01 3.136000e-03 2.092000e-03
8 9.938600e-01 3.460000e-03 2.680000e-03
9 9.928600e-01 3.844000e-03 3.296000e-03
10 9.918400e-01 4.128000e-03 4.032000e-03
11 9.907520e-01 4.396000e-03 4.852000e-03
12 9.897240e-01 4.544000e-03 5.732000e-03
13 9.885840e-01 4.844000e-03 6.572000e-03
14 9.874240e-01 5.176000e-03 7.400000e-03
15 9.863160e-01 5.204000e-03 8.480000e-03
16 9.852280e-01 5.424000e-03 9.348000e-03
17 9.840360e-01 5.580000e-03 1.038400e-02
18 9.826040e-01 6.012000e-03 1.138400e-02
19 9.814160e-01 6.148000e-03 1.243600e-02
20 9.800800e-01 6.340000e-03 1.358000e-02
21 9.789600e-01 6.452000e-03 1.458800e-02
22 9.775200e-01 6.656000e-03 1.582400e-02
23 9.762000e-01 6.772000e-03 1.702800e-02
24 9.747960e-01 6.912000e-03 1.829200e-02
25 9.733360e-01 7.204000e-03 1.946000e-02
26 9.719320e-01 7.308000e-03 2.076000e-02
27 9.704320e-01 7.548000e-03 2.202000e-02
28 9.689280e-01 7.736000e-03 2.333600e-02
29 9.674640e-01 7.760000e-03 2.477600e-02
30 9.658720e-01 7.840000e-03 2.628800e-02
31 9.643880e-01 7.984000e-03 2.762800e-02
32 9.628840e-01 8.148000e-03 2.896800e-02
33 9.613280e-01 8.276000e-03 3.039600e-02
34 9.597080e-01 8.388000e-03 3.190400e-02
35 9.581280e-01 8.364000e-03 3.350800e-02
36 9.565680e-01 8.400000e-03 3.503200e-02
37 9.551040e-01 8.412000e-03 3.648400e-02
38 9.535320e-01 8.472000e-03 3.799600e-02
39 9.520240e-01 8.476000e-03 3.950000e-02
40 9.503320e-01 8.688000e-03 4.098000e-02
41 9.486040e-01 9.048000e-03 4.234800e-02
42 9.470200e-01 8.960000e-03 4.402000e-02
43 9.453280e-01 9.180000e-03 4.549200e-02
44 9.434720e-01 9.388000e-03 4.714000e-02
45 9.416720e-01 9.508000e-03 4.882000e-02
46 9.398440e-01 9.624000e-03 5.053200e-02
47 9.379600e-01 9.776000e-03 5.226400e-02
48 9.362840e-01 9.700000e-03 5.401600e-02
49 9.347200e-01 9.508000e-03 5.577200e-02
50 9.329440e-01 9.624000e-03 5.743200e-02
51 9.311280e-01 9.808000e-03 5.906400e-02
52 9.294200e-01 9.832000e-03 6.074800e-02
53 9.277920e-01 9.624000e-03 6.258400e-02
54 9.260280e-01 9.772000e-03 6.420000e-02
55 9.243400e-01 9.652000e-03 6.600800e-02
56 9.225400e-01 9.748000e-03 6.771200e-02
57 9.208840e-01 9.832000e-03 6.928400e-02
58 9.191440e-01 9.900000e-03 7.095600e-02
59 9.175160e-01 9.828000e-03 7.265600e-02
60 9.158920e-01 9.768000e-03 7.434000e-02
61 9.141440e-01 9.708000e-03 7.614800e-02
62 9.125240e-01 9.512000e-03 7.796400e-02
63 9.108800e-01 9.416000e-03 7.970400e-02
64 9.092960e-01 9.288000e-03 8.141600e-02
65 9.077720e-01 9.268000e-03 8.296000e-02
66 9.061600e-01 9.300000e-03 8.454000e-02
67 9.045760e-01 9.240000e-03 8.618400e-02
68 9.027360e-01 9.460000e-03 8.780400e-02
69 9.011880e-01 9.392000e-03 8.942000e-02
70 8.995360e-01 9.340000e-03 9.112400e-02
71 8.979560e-01 9.160000e-03 9.288400e-02
72 8.962560e-01 9.240000e-03 9.450400e-02
73 8.946760e-01 9.236000e-03 9.608800e-02
74 8.930200e-01 9.284000e-03 9.769600e-02
75 8.913000e-01 9.296000e-03 9.940400e-02
76 8.896720e-01 9.388000e-03 1.009400e-01
77 8.881560e-01 9.432000e-03 1.024120e-01
78 8.866680e-01 9.240000e-03 1.040920e-01
79 8.852280e-01 9.220000e-03 1.055520e-01
80 8.835880e-01 9.280000e-03 1.071320e-01
81 8.820240e-01 9.356000e-03 1.086200e-01
82 8.803400e-01 9.292000e-03 1.103680e-01
83 8.786440e-01 9.328000e-03 1.120280e-01
84 8.770360e-01 9.216000e-03 1.137480e-01
85 8.753280e-01 9.224000e-03 1.154480e-01
86 8.737320e-01 9.172000e-03 1.170960e-01
87 8.721280e-01 9.104000e-03 1.187680e-01
88 8.707480e-01 8.892000e-03 1.203600e-01
89 8.693000e-01 8.728000e-03 1.219720e-01
90 8.677360e-01 8.912000e-03 1.233520e-01
91 8.661640e-01 8.816000e-03 1.250200e-01
92 8.647640e-01 8.680000e-03 1.265560e-01
93 8.634960e-01 8.392000e-03 1.281120e-01
94 8.622200e-01 8.188000e-03 1.295920e-01
95 8.608960e-01 8.048000e-03 1.310560e-01
96 8.595240e-01 8.120000e-03 1.323560e-01
97 8.582000e-01 7.952000e-03 1.338480e-01
98 8.567840e-01 7.924000e-03 1.352920e-01
99 8.555560e-01 7.916000e-03 1.365280e-01
100 8.541800e-01 7.764000e-03 1.380560e-01
101 8.530400e-01 7.564000e-03 1.393960e-01
102 8.518840e-01 7.404000e-03 1.407120e-01
103 8.507440e-01 7.256000e-03 1.420000e-01
104 8.497480e-01 6.956000e-03 1.432960e-01
105 8.485160e-01 6.928000e-03 1.445560e-01
106 8.475400e-01 6.596000e-03 1.458640e-01
107 8.465440e-01 6.508000e-03 1.469480e-01
108 8.454240e-01 6.472000e-03 1.481040e-01
109 8.443280e-01 6.436000e-03 1.492360e-01
110 8.431800e-01 6.460000e-03 1.503600e-01
111 8.420240e-01 6.404000e-03 1.515720e-01
112 8.408360e-01 6.444000e-03 1.527200e-01
113 8.397600e-01 6.476000e-03 1.537640e-01
114 8.387440e-01 6.336000e-03 1.549200e-01
115 8.376520e-01 6.308000e-03 1.560400e-01
116 8.365280e-01 6.396000e-03 1.570760e-01
117 8.354720e-01 6.352000e-03 1.581760e-01
118 8.345320e-01 6.172000e-03 1.592960e-01
119 8.334920e-01 6.056000e-03 1.604520e-01
120 8.324400e-01 5.988000e-03 1.615720e-01
121 8.315360e-01 5.780000e-03 1.626840e-01
122 8.305600e-01 5.756000e-03 1.636840e-01
123 8.295000e-01 5.772000e-03 1.647280e-01
124 8.285880e-01 5.680000e-03 1.657320e-01
125 8.275880e-01 5.684000e-03 1.667280e-01
126 8.265760e-01 5.628000e-03 1.677960e-01
127 8.255640e-01 5.652000e-03 1.687840e-01
128 8.246440e-01 5.620000e-03 1.697360e-01
129 8.235520e-01 5.680000e-03 1.707680e-01
130 8.226160e-01 5.660000e-03 1.717240e-01
131 8.216920e-01 5.548000e-03 1.727600e-01
132 8.206960e-01 5.664000e-03 1.736400e-01
133 8.197960e-01 5.560000e-03 1.746440e-01
134 8.188920e-01 5.424000e-03 1.756840e-01
135 8.179640e-01 5.412000e-03 1.766240e-01
136 8.169960e-01 5.464000e-03 1.775400e-01
137 8.160360e-01 5.460000e-03 1.785040e-01
138 8.150200e-01 5.632000e-03 1.793480e-01
139 8.140440e-01 5.684000e-03 1.802720e-01
140 8.130680e-01 5.624000e-03 1.813080e-01
141 8.121680e-01 5.548000e-03 1.822840e-01
142 8.112960e-01 5.452000e-03 1.832520e-01
143 8.103840e-01 5.360000e-03 1.842560e-01
144 8.096680e-01 5.188000e-03 1.851440e-01
145 8.087560e-01 5.216000e-03 1.860280e-01
146 8.080520e-01 5.040000e-03 1.869080e-01
147 8.071840e-01 5.028000e-03 1.877880e-01
148 8.063560e-01 5.004000e-03 1.886400e-01
149 8.053840e-01 5.128000e-03 1.894880e-01
150 8.044920e-01 5.152000e-03 1.903560e-01
151 8.036160e-01 5.088000e-03 1.912960e-01
152 8.027800e-01 5.076000e-03 1.921440e-01
153 8.019080e-01 5.084000e-03 1.930080e-01
154 8.010320e-01 5.028000e-03 1.939400e-01
155 8.001000e-01 5.052000e-03 1.948480e-01
156 7.991400e-01 5.064000e-03 1.957960e-01
157 7.981440e-01 5.216000e-03 1.966400e-01
158 7.972440e-01 5.112000e-03 1.976440e-01
159 7.965040e-01 4.940000e-03 1.985560e-01
160 7.957400e-01 4.764000e-03 1.994960e-01
161 7.949600e-01 4.696000e-03 2.003440e-01
162 7.941880e-01 4.624000e-03 2.011880e-01
163 7.934800e-01 4.580000e-03 2.019400e-01
164 7.927560e-01 4.548000e-03 2.026960e-01
165 7.918960e-01 4.708000e-03 2.033960e-01
166 7.911640e-01 4.592000e-03 2.042440e-01
167 7.905400e-01 4.428000e-03 2.050320e-01
168 7.897400e-01 4.532000e-03 2.057280e-01
169 7.890320e-01 4.456000e-03 2.065120e-01
170 7.883120e-01 4.392000e-03 2.072960e-01
171 7.874960e-01 4.480000e-03 2.080240e-01
172 7.868080e-01 4.356000e-03 2.088360e-01
173 7.859920e-01 4.360000e-03 2.096480e-01
174 7.852280e-01 4.352000e-03 2.104200e-01
175 7.845520e-01 4.312000e-03 2.111360e-01
176 7.837480e-01 4.332000e-03 2.119200e-01
177 7.829800e-01 4.276000e-03 2.127440e-01
178 7.822160e-01 4.332000e-03 2.134520e-01
179 7.815080e-01 4.324000e-03 2.141680e-01
180 7.807960e-01 4.344000e-03 2.148600e-01
181 7.801520e-01 4.188000e-03 2.156600e-01
182 7.793800e-01 4.192000e-03 2.164280e-01
183 7.786800e-01 4.156000e-03 2.171640e-01
184 7.778960e-01 4.260000e-03 2.178440e-01
185 7.771360e-01 4.316000e-03 2.185480e-01
186 7.763400e-01 4.240000e-03 2.194200e-01
187 7.757160e-01 4.136000e-03 2.201480e-01
188 7.751760e-01 3.944000e-03 2.208800e-01
189 7.745280e-01 3.880000e-03 2.215920e-01
190 7.738800e-01 3.840000e-03 2.222800e-01
191 7.733040e-01 3.736000e-03 2.229600e-01
192 7.725960e-01 3.780000e-03 2.236240e-01
193 7.719920e-01 3.804000e-03 2.242040e-01
194 7.713440e-01 3.784000e-03 2.248720e-01
195 7.706440e-01 3.800000e-03 2.255560e-01
196 7.700320e-01 3.732000e-03 2.262360e-01
197 7.694960e-01 3.620000e-03 2.268840e-01
198 7.689120e-01 3.584000e-03 2.275040e-01
199 7.683200e-01 3.520000e-03 2.281600e-01
200 7.677280e-01 3.588000e-03 2.286840e-01
201 7.671960e-01 3.448000e-03 2.293560e-01
202 7.666320e-01 3.388000e-03 2.299800e-01
203 7.660960e-01 3.412000e-03 2.304920e-01
204 7.655640e-01 3.292000e-03 2.311440e-01
205 7.650160e-01 3.260000e-03 2.317240e-01
206 7.646000e-01 3.068000e-03 2.323320e-01
207 7.640640e-01 3.096000e-03 2.328400e-01
208 7.635560e-01 3.056000e-03 2.333880e-01
209 7.629320e-01 3.176000e-03 2.338920e-01
210 7.623080e-01 3.288000e-03 2.344040e-01
211 7.617320e-01 3.280000e-03 2.349880e-01
212 7.610360e-01 3.456000e-03 2.355080e-01
213 7.603720e-01 3.552000e-03 2.360760e-01
214 7.597880e-01 3.520000e-03 2.366920e-01
215 7.592240e-01 3.488000e-03 2.372880e-01
216 7.585800e-01 3.564000e-03 2.378560e-01
217 7.579160e-01 3.656000e-03 2.384280e-01
218 7.573680e-01 3.532000e-03 2.391000e-01
219 7.567840e-01 3.456000e-03 2.397600e-01
220 7.561280e-01 3.540000e-03 2.403320e-01
221 7.554720e-01 3.576000e-03 2.409520e-01
222 7.548720e-01 3.528000e-03 2.416000e-01
223 7.542000e-01 3.612000e-03 2.421880e-01
224 7.537000e-01 3.524000e-03 2.427760e-01
225 7.530600e-01 3.608000e-03 2.433320e-01
226 7.524400e-01 3.644000e-03 2.439160e-01
227 7.519320e-01 3.572000e-03 2.444960e-01
228 7.513960e-01 3.608000e-03 2.449960e-01
229 7.507840e-01 3.668000e-03 2.455480e-01
230 7.502280e-01 3.548000e-03 2.462240e-01
231 7.496600e-01 3.432000e-03 2.469080e-01
232 7.490680e-01 3.456000e-03 2.474760e-01
233 7.485880e-01 3.264000e-03 2.481480e-01
234 7.480040e-01 3.248000e-03 2.487480e-01
235 7.474800e-01 3.136000e-03 2.493840e-01
236 7.469640e-01 3.104000e-03 2.499320e-01
237 7.464200e-01 3.092000e-03 2.504880e-01
238 7.459280e-01 2.988000e-03 2.510840e-01
239 7.454400e-01 3.004000e-03 2.515560e-01
240 7.450240e-01 2.848000e-03 2.521280e-01
241 7.445720e-01 2.816000e-03 2.526120e-01
242 7.440520e-01 2.796000e-03 2.531520e-01
243 7.435640e-01 2.712000e-03 2.537240e-01
244 7.430400e-01 2.736000e-03 2.542240e-01
245 7.425800e-01 2.676000e-03 2.547440e-01
246 7.421600e-01 2.700000e-03 2.551400e-01
247 7.417480e-01 2.680000e-03 2.555720e-01
248 7.412760e-01 2.628000e-03 2.560960e-01
249 7.407840e-01 2.720000e-03 2.564960e-01
250 7.403120e-01 2.680000e-03 2.570080e-01
251 7.399520e-01 2.516000e-03 2.575320e-01
252 7.394880e-01 2.536000e-03 2.579760e-01
253 7.390280e-01 2.540000e-03 2.584320e-01
254 7.386680e-01 2.464000e-03 2.588680e-01
255 7.382800e-01 2.464000e-03 2.592560e-01
256 7.378400e-01 2.532000e-03 2.596280e-01
257 7.374440e-01 2.500000e-03 2.600560e-01
258 7.370360e-01 2.416000e-03 2.605480e-01
259 7.366480e-01 2.388000e-03 2.609640e-01
260 7.361680e-01 2.420000e-03 2.614120e-01
261 7.357840e-01 2.328000e-03 2.618880e-01
262 7.353600e-01 2.352000e-03 2.622880e-01
263 7.349760e-01 2.252000e-03 2.627720e-01
264 7.346360e-01 2.224000e-03 2.631400e-01
265 7.342440e-01 2.224000e-03 2.635320e-01
266 7.338640e-01 2.208000e-03 2.639280e-01
267 7.335240e-01 2.200000e-03 2.642760e-01
268 7.331920e-01 2.132000e-03 2.646760e-01
269 7.328480e-01 2.032000e-03 2.651200e-01
270 7.324600e-01 2.120000e-03 2.654200e-01
271 7.320760e-01 2.188000e-03 2.657360e-01
272 7.317000e-01 2.192000e-03 2.661080e-01
273 7.313320e-01 2.164000e-03 2.665040e-01
274 7.310520e-01 2.052000e-03 2.668960e-01
275 7.307160e-01 1.956000e-03 2.673280e-01
276 7.304240e-01 1.884000e-03 2.676920e-01
277 7.301160e-01 1.892000e-03 2.679920e-01
278 7.298360e-01 1.800000e-03 2.683640e-01
279 7.295280e-01 1.848000e-03 2.686240e-01
280 7.292760e-01 1.840000e-03 2.688840e-01
281 7.290160e-01 1.776000e-03 2.692080e-01
282 7.286600e-01 1.844000e-03 2.694960e-01
283 7.283560e-01 1.832000e-03 2.698120e-01
284 7.279920e-01 1.804000e-03 2.702040e-01
285 7.276600e-01 1.836000e-03 2.705040e-01
286 7.273360e-01 1.788000e-03 2.708760e-01
287 7.270360e-01 1.772000e-03 2.711920e-01
288 7.267880e-01 1.716000e-03 2.714960e-01
289 7.264960e-01 1.720000e-03 2.717840e-01
290 7.262440e-01 1.676000e-03 2.720800e-01
291 7.260000e-01 1.608000e-03 2.723920e-01
292 7.256840e-01 1.644000e-03 2.726720e-01
293 7.253680e-01 1.644000e-03 2.729880e-01
294 7.250920e-01 1.632000e-03 2.732760e-01
295 7.248640e-01 1.576000e-03 2.735600e-01
296 7.245760e-01 1.596000e-03 2.738280e-01
297 7.242680e-01 1.592000e-03 2.741400e-01
298 7.239560e-01 1.596000e-03 2.744480e-01
299 7.236160e-01 1.636000e-03 2.747480e-01
300 7.233520e-01 1.548000e-03 2.751000e-01
301 7.231240e-01 1.520000e-03 2.753560e-01
302 7.228120e-01 1.600000e-03 2.755880e-01
303 7.225520e-01 1.592000e-03 2.758560e-01
304 7.223280e-01 1.532000e-03 2.761400e-01
305 7.220240e-01 1.536000e-03 2.764400e-01
306 7.216920e-01 1.504000e-03 2.768040e-01
307 7.214240e-01 1.564000e-03 2.770120e-01
308 7.211400e-01 1.560000e-03 2.773000e-01
309 7.208040e-01 1.612000e-03 2.775840e-01
310 7.205160e-01 1.552000e-03 2.779320e-01
311 7.202440e-01 1.568000e-03 2.781880e-01
312 7.199480e-01 1.528000e-03 2.785240e-01
313 7.196840e-01 1.580000e-03 2.787360e-01
314 7.194520e-01 1.500000e-03 2.790480e-01
315 7.191920e-01 1.500000e-03 2.793080e-01
316 7.189080e-01 1.544000e-03 2.795480e-01
317 7.186000e-01 1.600000e-03 2.798000e-01
318 7.182960e-01 1.672000e-03 2.800320e-01
319 7.179400e-01 1.676000e-03 2.803840e-01
320 7.176600e-01 1.664000e-03 2.806760e-01
321 7.174240e-01 1.512000e-03 2.810640e-01
322 7.171440e-01 1.552000e-03 2.813040e-01
323 7.168800e-01 1.532000e-03 2.815880e-01
324 7.166480e-01 1.492000e-03 2.818600e-01
325 7.163600e-01 1.524000e-03 2.821160e-01
326 7.161320e-01 1.436000e-03 2.824320e-01
327 7.159120e-01 1.412000e-03 2.826760e-01
328 7.157120e-01 1.420000e-03 2.828680e-01
329 7.155160e-01 1.304000e-03 2.831800e-01
330 7.152760e-01 1.296000e-03 2.834280e-01
331 7.150560e-01 1.244000e-03 2.837000e-01
332 7.148200e-01 1.288000e-03 2.838920e-01
333 7.145920e-01 1.260000e-03 2.841480e-01
334 7.143880e-01 1.232000e-03 2.843800e-01
335 7.141240e-01 1.284000e-03 2.845920e-01
336 7.139000e-01 1.260000e-03 2.848400e-01
337 7.136560e-01 1.288000e-03 2.850560e-01
338 7.134520e-01 1.272000e-03 2.852760e-01
339 7.132160e-01 1.196000e-03 2.855880e-01
340 7.129880e-01 1.224000e-03 2.857880e-01
341 7.127560e-01 1.228000e-03 2.860160e-01
342 7.124800e-01 1.304000e-03 2.862160e-01
343 7.121480e-01 1.436000e-03 2.864160e-01
344 7.118720e-01 1.472000e-03 2.866560e-01
345 7.116280e-01 1.432000e-03 2.869400e-01
346 7.113960e-01 1.380000e-03 2.872240e-01
347 7.111600e-01 1.392000e-03 2.874480e-01
348 7.109520e-01 1.384000e-03 2.876640e-01
349 7.107440e-01 1.328000e-03 2.879280e-01
350 7.104920e-01 1.348000e-03 2.881600e-01
351 7.102440e-01 1.352000e-03 2.884040e-01
352 7.100600e-01 1.272000e-03 2.886680e-01
353 7.098280e-01 1.328000e-03 2.888440e-01
354 7.095960e-01 1.280000e-03 2.891240e-01
355 7.093360e-01 1.308000e-03 2.893560e-01
356 7.090840e-01 1.288000e-03 2.896280e-01
357 7.088320e-01 1.304000e-03 2.898640e-01
358 7.086000e-01 1.304000e-03 2.900960e-01
359 7.083920e-01 1.260000e-03 2.903480e-01
360 7.081960e-01 1.212000e-03 2.905920e-01
361 7.079640e-01 1.244000e-03 2.907920e-01
362 7.077720e-01 1.224000e-03 2.910040e-01
363 7.075960e-01 1.180000e-03 2.912240e-01
364 7.074240e-01 1.136000e-03 2.914400e-01
365 7.072360e-01 1.108000e-03 2.916560e-01
366 7.071000e-01 1.060000e-03 2.918400e-01
367 7.069480e-01 1.044000e-03 2.920080e-01
368 7.068160e-01 9.440000e-04 2.922400e-01
369 7.066280e-01 9.920000e-04 2.923800e-01
370 7.064920e-01 1.004000e-03 2.925040e-01
371 7.063360e-01 9.720000e-04 2.926920e-01
372 7.061520e-01 9.840000e-04 2.928640e-01
373 7.059840e-01 9.800000e-04 2.930360e-01
374 7.057680e-01 1.036000e-03 2.931960e-01
375 7.056400e-01 9.760000e-04 2.933840e-01
376 7.054880e-01 9.320000e-04 2.935800e-01
377 7.053600e-01 8.920000e-04 2.937480e-01
378 7.052000e-01 9.080000e-04 2.938920e-01
379 7.051200e-01 8.400000e-04 2.940400e-01
380 7.050120e-01 8.240000e-04 2.941640e-01
381 7.048760e-01 8.560000e-04 2.942680e-01
382 7.047400e-01 8.440000e-04 2.944160e-01
383 7.045840e-01 8.120000e-04 2.946040e-01
384 7.044640e-01 8.120000e-04 2.947240e-01
385 7.043400e-01 7.760000e-04 2.948840e-01
386 7.041760e-01 8.200000e-04 2.950040e-01
387 7.040040e-01 9.000000e-04 2.950960e-01
388 7.038920e-01 8.600000e-04 2.952480e-01
389 7.037520e-01 8.640000e-04 2.953840e-01
390 7.035760e-01 8.600000e-04 2.955640e-01
391 7.034400e-01 8.400000e-04 2.957200e-01
392 7.033240e-01 8.280000e-04 2.958480e-01
393 7.031720e-01 8.560000e-04 2.959720e-01
394 7.030640e-01 8.400000e-04 2.960960e-01
395 7.029440e-01 8.160000e-04 2.962400e-01
396 7.027880e-01 8.480000e-04 2.963640e-01
397 7.026240e-01 8.480000e-04 2.965280e-01
398 7.024880e-01 8.440000e-04 2.966680e-01
399 7.023280e-01 8.240000e-04 2.968480e-01
400 7.021280e-01 8.880000e-04 2.969840e-01
401 7.019360e-01 8.920000e-04 2.971720e-01
402 7.018080e-01 8.960000e-04 2.972960e-01
403 7.015800e-01 9.960000e-04 2.974240e-01
404 7.014560e-01 9.240000e-04 2.976200e-01
405 7.012760e-01 9.360000e-04 2.977880e-01
406 7.011560e-01 8.840000e-04 2.979600e-01
407 7.009760e-01 9.160000e-04 2.981080e-01
408 7.008120e-01 9.440000e-04 2.982440e-01
409 7.006280e-01 9.520000e-04 2.984200e-01
410 7.004920e-01 9.080000e-04 2.986000e-01
411 7.003080e-01 9.280000e-04 2.987640e-01
412 7.002000e-01 8.680000e-04 2.989320e-01
413 7.000480e-01 8.560000e-04 2.990960e-01
414 6.999280e-01 8.000000e-04 2.992720e-01
415 6.997600e-01 8.360000e-04 2.994040e-01
416 6.996280e-01 8.280000e-04 2.995440e-01
417 6.994800e-01 7.880000e-04 2.997320e-01
418 6.993120e-01 8.360000e-04 2.998520e-01
419 6.991920e-01 8.400000e-04 2.999680e-01
420 6.990120e-01 8.600000e-04 3.001280e-01
421 6.988640e-01 8.440000e-04 3.002920e-01
422 6.987040e-01 8.880000e-04 3.004080e-01
423 6.984960e-01 8.840000e-04 3.006200e-01
424 6.983640e-01 8.760000e-04 3.007600e-01
425 6.982200e-01 9.080000e-04 3.008720e-01
426 6.980400e-01 9.160000e-04 3.010440e-01
427 6.977960e-01 9.840000e-04 3.012200e-01
428 6.976360e-01 9.960000e-04 3.013680e-01
429 6.974720e-01 9.800000e-04 3.015480e-01
430 6.973680e-01 9.480000e-04 3.016840e-01
431 6.972240e-01 9.040000e-04 3.018720e-01
432 6.970920e-01 8.840000e-04 3.020240e-01
433 6.969960e-01 8.800000e-04 3.021240e-01
434 6.968960e-01 8.520000e-04 3.022520e-01
435 6.968360e-01 7.640000e-04 3.024000e-01
436 6.967640e-01 6.880000e-04 3.025480e-01
437 6.966720e-01 6.720000e-04 3.026560e-01
438 6.965880e-01 6.440000e-04 3.027680e-01
439 6.965200e-01 6.280000e-04 3.028520e-01
440 6.964440e-01 5.880000e-04 3.029680e-01
441 6.963800e-01 5.520000e-04 3.030680e-01
442 6.963200e-01 5.400000e-04 3.031400e-01
443 6.962480e-01 5.240000e-04 3.032280e-01
444 6.962120e-01 4.680000e-04 3.033200e-01
445 6.961840e-01 4.120000e-04 3.034040e-01
446 6.961400e-01 4.080000e-04 3.034520e-01
447 6.960920e-01 4.040000e-04 3.035040e-01
448 6.960680e-01 3.720000e-04 3.035600e-01
449 6.959920e-01 4.000000e-04 3.036080e-01
450 6.959280e-01 3.960000e-04 3.036760e-01
451 6.958480e-01 3.960000e-04 3.037560e-01
452 6.957440e-01 4.280000e-04 3.038280e-01
453 6.956640e-01 4.320000e-04 3.039040e-01
454 6.955600e-01 4.560000e-04 3.039840e-01
455 6.955200e-01 4.040000e-04 3.040760e-01
456 6.954480e-01 4.080000e-04 3.041440e-01
457 6.953720e-01 4.360000e-04 3.041920e-01
458 6.953040e-01 4.160000e-04 3.042800e-01
459 6.952400e-01 4.000000e-04 3.043600e-01
460 6.951840e-01 3.880000e-04 3.044280e-01
461 6.951440e-01 3.640000e-04 3.044920e-01
462 6.950960e-01 3.560000e-04 3.045480e-01
463 6.949960e-01 3.640000e-04 3.046400e-01
464 6.949440e-01 3.360000e-04 3.047200e-01
465 6.948640e-01 3.560000e-04 3.047800e-01
466 6.947960e-01 3.600000e-04 3.048440e-01
467 6.947440e-01 3.400000e-04 3.049160e-01
468 6.946880e-01 3.360000e-04 3.049760e-01
469 6.946440e-01 3.440000e-04 3.050120e-01
470 6.945440e-01 3.920000e-04 3.050640e-01
471 6.944880e-01 3.560000e-04 3.051560e-01
472 6.943960e-01 3.800000e-04 3.052240e-01
473 6.943280e-01 3.840000e-04 3.052880e-01
474 6.942800e-01 3.560000e-04 3.053640e-01
475 6.942080e-01 3.680000e-04 3.054240e-01
476 6.941320e-01 3.680000e-04 3.055000e-01
477 6.940720e-01 3.800000e-04 3.055480e-01
478 6.940280e-01 3.600000e-04 3.056120e-01
479 6.939560e-01 3.440000e-04 3.057000e-01
480 6.939080e-01 3.280000e-04 3.057640e-01
481 6.938640e-01 3.320000e-04 3.058040e-01
482 6.938040e-01 3.320000e-04 3.058640e-01
483 6.937840e-01 3.000000e-04 3.059160e-01
484 6.937600e-01 2.880000e-04 3.059520e-01
485 6.937200e-01 2.760000e-04 3.060040e-01
486 6.937040e-01 2.440000e-04 3.060520e-01
487 6.936680e-01 2.240000e-04 3.061080e-01
488 6.936160e-01 2.280000e-04 3.061560e-01
489 6.935280e-01 2.800000e-04 3.061920e-01
490 6.934720e-01 3.040000e-04 3.062240e-01
491 6.934400e-01 2.880000e-04 3.062720e-01
492 6.933920e-01 2.720000e-04 3.063360e-01
493 6.933520e-01 2.480000e-04 3.064000e-01
494 6.933080e-01 2.760000e-04 3.064160e-01
495 6.932280e-01 2.960000e-04 3.064760e-01
496 6.932040e-01 2.560000e-04 3.065400e-01
497 6.931640e-01 2.560000e-04 3.065800e-01
498 6.931360e-01 2.560000e-04 3.066080e-01
499 6.931200e-01 2.280000e-04 3.066520e-01
500 6.930920e-01 2.200000e-04 3.066880e-01
