1 9.992800e-01 6.520000e-04 6.800000e-05
2 9.987800e-01 1.020000e-03 2.000000e-04
3 9.982360e-01 1.332000e-03 4.320000e-04
4 9.976840e-01 1.636000e-03 6.800000e-04
5 9.969520e-01 2.064000e-03 9.840000e-04
6 9.960680e-01 2.504000e-03 1.428000e-03
7 9.951960e-01 2.824000e-03 1.980000e-03
8 9.943400e-01 3.164000e-03 2.496000e-03
9 9.934320e-01 3.404000e-03 3.164000e-03
10 9.923520e-01 3.888000e-03 3.760000e-03
11 9.912160e-01 4.252000e-03 4.532000e-03
12 9.902160e-01 4.480000e-03 5.304000e-03
13 9.891440e-01 4.740000e-03 6.116000e-03
14 9.880000e-01 5.024000e-03 6.976000e-03
15 9.868360e-01 5.244000e-03 7.920000e-03
16 9.854400e-01 5.724000e-03 8.836000e-03
17 9.841640e-01 5.996000e-03 9.840000e-03
18 9.830080e-01 6.056000e-03 1.093600e-02
19 9.817280e-01 6.264000e-03 1.200800e-02
20 9.804760e-01 6.512000e-03 1.301200e-02
21 9.791120e-01 6.680000e-03 1.420800e-02
22 9.776960e-01 6.860000e-03 1.544400e-02
23 9.762000e-01 7.124000e-03 1.667600e-02
24 9.746240e-01 7.380000e-03 1.799600e-02
25 9.729880e-01 7.748000e-03 1.926400e-02
26 9.714160e-01 7.896000e-03 2.068800e-02
27 9.697480e-01 8.348000e-03 2.190400e-02
28 9.680680e-01 8.480000e-03 2.345200e-02
29 9.665160e-01 8.572000e-03 2.491200e-02
30 9.647600e-01 8.796000e-03 2.644400e-02
31 9.632000e-01 8.768000e-03 2.803200e-02
32 9.616480e-01 8.784000e-03 2.956800e-02
33 9.600840e-01 8.696000e-03 3.122000e-02
34 9.585680e-01 8.800000e-03 3.263200e-02
35 9.568760e-01 9.012000e-03 3.411200e-02
36 9.552240e-01 8.936000e-03 3.584000e-02
37 9.535320e-01 9.024000e-03 3.744400e-02
38 9.518800e-01 9.096000e-03 3.902400e-02
39 9.501800e-01 9.096000e-03 4.072400e-02
40 9.483920e-01 9.304000e-03 4.230400e-02
41 9.466840e-01 9.508000e-03 4.380800e-02
42 9.448480e-01 9.544000e-03 4.560800e-02
43 9.431480e-01 9.516000e-03 4.733600e-02
44 9.412640e-01 9.804000e-03 4.893200e-02
45 9.394720e-01 9.824000e-03 5.070400e-02
46 9.374720e-01 9.880000e-03 5.264800e-02
47 9.356360e-01 9.772000e-03 5.459200e-02
48 9.337920e-01 9.948000e-03 5.626000e-02
49 9.320040e-01 9.984000e-03 5.801200e-02
50 9.302000e-01 9.892000e-03 5.990800e-02
51 9.285240e-01 9.828000e-03 6.164800e-02
52 9.265800e-01 1.016400e-02 6.325600e-02
53 9.247880e-01 1.015600e-02 6.505600e-02
54 9.230840e-01 1.014000e-02 6.677600e-02
55 9.211400e-01 1.030000e-02 6.856000e-02
56 9.193840e-01 1.027600e-02 7.034000e-02
57 9.177040e-01 1.023200e-02 7.206400e-02
58 9.157520e-01 1.032800e-02 7.392000e-02
59 9.138680e-01 1.047200e-02 7.566000e-02
60 9.120080e-01 1.038400e-02 7.760800e-02
61 9.101840e-01 1.048800e-02 7.932800e-02
62 9.082600e-01 1.057600e-02 8.116400e-02
63 9.062200e-01 1.069200e-02 8.308800e-02
64 9.044440e-01 1.074800e-02 8.480800e-02
65 9.025520e-01 1.087600e-02 8.657200e-02
66 9.005200e-01 1.094000e-02 8.854000e-02
67 8.984280e-01 1.108000e-02 9.049200e-02
68 8.961640e-01 1.147200e-02 9.236400e-02
69 8.941520e-01 1.145600e-02 9.439200e-02
70 8.920120e-01 1.153200e-02 9.645600e-02
71 8.898600e-01 1.175600e-02 9.838400e-02
72 8.878480e-01 1.191200e-02 1.002400e-01
73 8.857680e-01 1.192800e-02 1.023040e-01
74 8.835920e-01 1.212000e-02 1.042880e-01
75 8.814360e-01 1.216400e-02 1.064000e-01
76 8.791640e-01 1.234000e-02 1.084960e-01
77 8.771880e-01 1.214000e-02 1.106720e-01
78 8.749240e-01 1.235200e-02 1.127240e-01
79 8.728400e-01 1.239600e-02 1.147640e-01
80 8.708200e-01 1.220800e-02 1.169720e-01
81 8.686640e-01 1.228800e-02 1.190480e-01
82 8.667000e-01 1.217600e-02 1.211240e-01
83 8.645160e-01 1.230000e-02 1.231840e-01
84 8.625760e-01 1.213600e-02 1.252880e-01
85 8.604360e-01 1.201600e-02 1.275480e-01
86 8.584880e-01 1.182000e-02 1.296920e-01
87 8.565800e-01 1.170000e-02 1.317200e-01
88 8.546560e-01 1.165200e-02 1.336920e-01
89 8.526840e-01 1.164400e-02 1.356720e-01
90 8.507440e-01 1.155600e-02 1.377000e-01
91 8.487120e-01 1.150000e-02 1.397880e-01
92 8.465440e-01 1.168000e-02 1.417760e-01
93 8.444440e-01 1.171200e-02 1.438440e-01
94 8.422840e-01 1.176400e-02 1.459520e-01
95 8.400880e-01 1.204800e-02 1.478640e-01
96 8.376920e-01 1.256800e-02 1.497400e-01
97 8.354600e-01 1.265200e-02 1.518880e-01
98 8.334040e-01 1.251600e-02 1.540800e-01
99 8.312200e-01 1.256000e-02 1.562200e-01
100 8.290840e-01 1.269200e-02 1.582240e-01
101 8.269880e-01 1.260400e-02 1.604080e-01
102 8.249720e-01 1.246800e-02 1.625600e-01
103 8.229600e-01 1.231200e-02 1.647280e-01
104 8.209200e-01 1.198800e-02 1.670920e-01
105 8.190240e-01 1.184000e-02 1.691360e-01
106 8.170760e-01 1.180800e-02 1.711160e-01
107 8.151800e-01 1.168400e-02 1.731360e-01
108 8.131520e-01 1.165200e-02 1.751960e-01
109 8.113080e-01 1.147200e-02 1.772200e-01
110 8.095320e-01 1.137600e-02 1.790920e-01
111 8.074600e-01 1.141200e-02 1.811280e-01
112 8.054400e-01 1.146800e-02 1.830920e-01
113 8.036320e-01 1.119200e-02 1.851760e-01
114 8.018040e-01 1.113600e-02 1.870600e-01
115 8.000560e-01 1.084800e-02 1.890960e-01
116 7.981760e-01 1.084800e-02 1.909760e-01
117 7.962880e-01 1.080400e-02 1.929080e-01
118 7.943560e-01 1.086800e-02 1.947760e-01
119 7.923840e-01 1.087200e-02 1.967440e-01
120 7.903640e-01 1.091600e-02 1.987200e-01
121 7.884800e-01 1.099200e-02 2.005280e-01
122 7.865760e-01 1.102400e-02 2.024000e-01
123 7.843440e-01 1.124000e-02 2.044160e-01
124 7.824600e-01 1.124800e-02 2.062920e-01
125 7.806120e-01 1.114000e-02 2.082480e-01
126 7.787040e-01 1.106400e-02 2.102320e-01
127 7.768840e-01 1.087200e-02 2.122440e-01
128 7.751360e-01 1.075600e-02 2.141080e-01
129 7.733240e-01 1.074400e-02 2.159320e-01
130 7.714080e-01 1.063200e-02 2.179600e-01
131 7.695840e-01 1.064800e-02 2.197680e-01
132 7.677040e-01 1.062400e-02 2.216720e-01
133 7.659800e-01 1.027200e-02 2.237480e-01
134 7.641120e-01 1.030000e-02 2.255880e-01
135 7.623760e-01 1.006400e-02 2.275600e-01
136 7.606640e-01 9.996000e-03 2.293400e-01
137 7.590680e-01 9.972000e-03 2.309600e-01
138 7.573200e-01 1.002800e-02 2.326520e-01
139 7.555840e-01 9.952000e-03 2.344640e-01
140 7.537600e-01 1.000400e-02 2.362360e-01
141 7.521400e-01 9.820000e-03 2.380400e-01
142 7.506200e-01 9.540000e-03 2.398400e-01
143 7.491480e-01 9.380000e-03 2.414720e-01
144 7.477760e-01 9.112000e-03 2.431120e-01
145 7.462720e-01 9.136000e-03 2.445920e-01
146 7.447640e-01 9.164000e-03 2.460720e-01
147 7.434000e-01 9.060000e-03 2.475400e-01
148 7.418560e-01 9.012000e-03 2.491320e-01
149 7.403480e-01 8.924000e-03 2.507280e-01
150 7.389960e-01 8.676000e-03 2.523280e-01
151 7.375920e-01 8.600000e-03 2.538080e-01
152 7.361120e-01 8.512000e-03 2.553760e-01
153 7.346240e-01 8.600000e-03 2.567760e-01
154 7.330040e-01 8.664000e-03 2.583320e-01
155 7.315160e-01 8.520000e-03 2.599640e-01
156 7.300120e-01 8.432000e-03 2.615560e-01
157 7.285640e-01 8.448000e-03 2.629880e-01
158 7.271720e-01 8.340000e-03 2.644880e-01
159 7.259280e-01 8.156000e-03 2.659160e-01
160 7.246320e-01 7.940000e-03 2.674280e-01
161 7.233440e-01 7.872000e-03 2.687840e-01
162 7.220800e-01 7.612000e-03 2.703080e-01
163 7.210480e-01 7.324000e-03 2.716280e-01
164 7.199640e-01 7.000000e-03 2.730360e-01
165 7.186600e-01 7.072000e-03 2.742680e-01
166 7.174920e-01 6.972000e-03 2.755360e-01
167 7.162520e-01 6.984000e-03 2.767640e-01
168 7.150240e-01 7.060000e-03 2.779160e-01
169 7.137440e-01 7.068000e-03 2.791880e-01
170 7.125440e-01 7.024000e-03 2.804320e-01
171 7.112320e-01 7.060000e-03 2.817080e-01
172 7.097960e-01 7.232000e-03 2.829720e-01
173 7.084560e-01 7.276000e-03 2.842680e-01
174 7.072560e-01 7.256000e-03 2.854880e-01
175 7.059640e-01 7.320000e-03 2.867160e-01
176 7.047640e-01 7.320000e-03 2.879160e-01
177 7.034640e-01 7.432000e-03 2.891040e-01
178 7.021720e-01 7.388000e-03 2.904400e-01
179 7.008840e-01 7.412000e-03 2.917040e-01
180 6.995320e-01 7.456000e-03 2.930120e-01
181 6.982960e-01 7.340000e-03 2.943640e-01
182 6.970000e-01 7.468000e-03 2.955320e-01
183 6.957800e-01 7.332000e-03 2.968880e-01
184 6.944640e-01 7.348000e-03 2.981880e-01
185 6.933000e-01 7.216000e-03 2.994840e-01
186 6.921680e-01 7.060000e-03 3.007720e-01
187 6.910360e-01 6.924000e-03 3.020400e-01
188 6.897000e-01 7.096000e-03 3.032040e-01
189 6.884280e-01 7.056000e-03 3.045160e-01
190 6.871720e-01 7.112000e-03 3.057160e-01
191 6.859600e-01 7.056000e-03 3.069840e-01
192 6.848080e-01 6.924000e-03 3.082680e-01
193 6.836600e-01 6.792000e-03 3.095480e-01
194 6.825240e-01 6.616000e-03 3.108600e-01
195 6.813440e-01 6.600000e-03 3.120560e-01
196 6.802120e-01 6.712000e-03 3.130760e-01
197 6.790960e-01 6.640000e-03 3.142640e-01
198 6.779720e-01 6.736000e-03 3.152920e-01
199 6.769560e-01 6.608000e-03 3.164360e-01
200 6.758040e-01 6.596000e-03 3.176000e-01
201 6.747280e-01 6.568000e-03 3.187040e-01
202 6.735360e-01 6.504000e-03 3.199600e-01
203 6.723880e-01 6.552000e-03 3.210600e-01
204 6.713840e-01 6.484000e-03 3.221320e-01
205 6.702840e-01 6.396000e-03 3.233200e-01
206 6.692320e-01 6.384000e-03 3.243840e-01
207 6.682000e-01 6.300000e-03 3.255000e-01
208 6.672120e-01 6.176000e-03 3.266120e-01
209 6.661240e-01 6.272000e-03 3.276040e-01
210 6.651240e-01 6.232000e-03 3.286440e-01
211 6.639480e-01 6.204000e-03 3.298480e-01
212 6.627600e-01 6.296000e-03 3.309440e-01
213 6.617880e-01 6.320000e-03 3.318920e-01
214 6.606560e-01 6.332000e-03 3.330120e-01
215 6.595680e-01 6.360000e-03 3.340720e-01
216 6.585120e-01 6.324000e-03 3.351640e-01
217 6.574200e-01 6.232000e-03 3.363480e-01
218 6.562600e-01 6.224000e-03 3.375160e-01
219 6.552720e-01 6.168000e-03 3.385600e-01
220 6.540800e-01 6.200000e-03 3.397200e-01
221 6.530200e-01 6.240000e-03 3.407400e-01
222 6.520040e-01 6.128000e-03 3.418680e-01
223 6.509720e-01 6.120000e-03 3.429080e-01
224 6.501040e-01 5.876000e-03 3.440200e-01
225 6.491000e-01 5.804000e-03 3.450960e-01
226 6.482240e-01 5.684000e-03 3.460920e-01
227 6.472000e-01 5.612000e-03 3.471880e-01
228 6.461960e-01 5.608000e-03 3.481960e-01
229 6.451760e-01 5.664000e-03 3.491600e-01
230 6.441960e-01 5.732000e-03 3.500720e-01
231 6.431600e-01 5.688000e-03 3.511520e-01
232 6.421440e-01 5.760000e-03 3.520960e-01
233 6.412280e-01 5.640000e-03 3.531320e-01
234 6.402240e-01 5.628000e-03 3.541480e-01
235 6.392440e-01 5.576000e-03 3.551800e-01
236 6.381960e-01 5.700000e-03 3.561040e-01
237 6.372160e-01 5.680000e-03 3.571040e-01
238 6.361720e-01 5.728000e-03 3.581000e-01
239 6.351400e-01 5.800000e-03 3.590600e-01
240 6.340400e-01 5.844000e-03 3.601160e-01
241 6.328760e-01 5.956000e-03 3.611680e-01
242 6.318200e-01 5.864000e-03 3.623160e-01
243 6.308320e-01 5.860000e-03 3.633080e-01
244 6.298880e-01 5.836000e-03 3.642760e-01
245 6.289400e-01 5.808000e-03 3.652520e-01
246 6.278560e-01 5.804000e-03 3.663400e-01
247 6.269200e-01 5.712000e-03 3.673680e-01
248 6.260440e-01 5.604000e-03 3.683520e-01
249 6.252240e-01 5.432000e-03 3.693440e-01
250 6.242800e-01 5.400000e-03 3.703200e-01
251 6.233400e-01 5.416000e-03 3.712440e-01
252 6.225560e-01 5.224000e-03 3.722200e-01
253 6.216080e-01 5.172000e-03 3.732200e-01
254 6.207600e-01 5.124000e-03 3.741160e-01
255 6.198720e-01 5.156000e-03 3.749720e-01
256 6.190040e-01 5.212000e-03 3.757840e-01
257 6.179520e-01 5.408000e-03 3.766400e-01
258 6.168240e-01 5.608000e-03 3.775680e-01
259 6.158800e-01 5.540000e-03 3.785800e-01
260 6.148240e-01 5.556000e-03 3.796200e-01
261 6.137840e-01 5.724000e-03 3.804920e-01
262 6.127280e-01 5.680000e-03 3.815920e-01
263 6.117040e-01 5.648000e-03 3.826480e-01
264 6.107440e-01 5.688000e-03 3.835680e-01
265 6.099320e-01 5.464000e-03 3.846040e-01
266 6.090560e-01 5.360000e-03 3.855840e-01
267 6.083120e-01 5.076000e-03 3.866120e-01
268 6.074400e-01 5.148000e-03 3.874120e-01
269 6.065440e-01 5.264000e-03 3.881920e-01
270 6.057160e-01 5.220000e-03 3.890640e-01
271 6.047600e-01 5.316000e-03 3.899240e-01
272 6.037400e-01 5.392000e-03 3.908680e-01
273 6.028480e-01 5.388000e-03 3.917640e-01
274 6.017840e-01 5.496000e-03 3.927200e-01
275 6.007800e-01 5.544000e-03 3.936760e-01
276 5.996240e-01 5.752000e-03 3.946240e-01
277 5.987080e-01 5.728000e-03 3.955640e-01
278 5.977160e-01 5.744000e-03 3.965400e-01
279 5.966440e-01 5.808000e-03 3.975480e-01
280 5.956440e-01 5.904000e-03 3.984520e-01
281 5.945480e-01 5.872000e-03 3.995800e-01
282 5.934400e-01 5.984000e-03 4.005760e-01
283 5.924120e-01 5.964000e-03 4.016240e-01
284 5.914160e-01 5.880000e-03 4.027040e-01
285 5.905360e-01 5.820000e-03 4.036440e-01
286 5.895280e-01 5.936000e-03 4.045360e-01
287 5.884600e-01 5.900000e-03 4.056400e-01
288 5.876160e-01 5.760000e-03 4.066240e-01
289 5.867200e-01 5.528000e-03 4.077520e-01
290 5.858360e-01 5.392000e-03 4.087720e-01
291 5.849960e-01 5.316000e-03 4.096880e-01
292 5.842600e-01 5.124000e-03 4.106160e-01
293 5.833360e-01 5.128000e-03 4.115360e-01
294 5.825000e-01 5.120000e-03 4.123800e-01
295 5.815000e-01 5.168000e-03 4.133320e-01
296 5.805000e-01 5.132000e-03 4.143680e-01
297 5.797600e-01 4.960000e-03 4.152800e-01
298 5.788640e-01 4.948000e-03 4.161880e-01
299 5.778600e-01 5.100000e-03 4.170400e-01
300 5.769520e-01 5.108000e-03 4.179400e-01
301 5.759120e-01 5.316000e-03 4.187720e-01
302 5.749920e-01 5.348000e-03 4.196600e-01
303 5.740480e-01 5.240000e-03 4.207120e-01
304 5.730960e-01 5.284000e-03 4.216200e-01
305 5.721920e-01 5.340000e-03 4.224680e-01
306 5.713200e-01 5.300000e-03 4.233800e-01
307 5.704680e-01 5.244000e-03 4.242880e-01
308 5.696600e-01 5.112000e-03 4.252280e-01
309 5.688160e-01 5.092000e-03 4.260920e-01
310 5.679080e-01 5.108000e-03 4.269840e-01
311 5.670080e-01 5.144000e-03 4.278480e-01
312 5.661200e-01 5.132000e-03 4.287480e-01
313 5.653200e-01 5.072000e-03 4.296080e-01
314 5.645840e-01 4.876000e-03 4.305400e-01
315 5.637240e-01 4.800000e-03 4.314760e-01
316 5.629280e-01 4.788000e-03 4.322840e-01
317 5.622040e-01 4.680000e-03 4.331160e-01
318 5.614840e-01 4.504000e-03 4.340120e-01
319 5.608160e-01 4.392000e-03 4.347920e-01
320 5.601480e-01 4.324000e-03 4.355280e-01
321 5.594600e-01 4.228000e-03 4.363120e-01
322 5.587800e-01 4.080000e-03 4.371400e-01
323 5.580560e-01 3.988000e-03 4.379560e-01
324 5.574600e-01 3.880000e-03 4.386600e-01
325 5.567680e-01 3.908000e-03 4.393240e-01
326 5.561320e-01 3.880000e-03 4.399880e-01
327 5.554680e-01 3.876000e-03 4.406560e-01
328 5.548080e-01 3.832000e-03 4.413600e-01
329 5.541880e-01 3.760000e-03 4.420520e-01
330 5.535600e-01 3.772000e-03 4.426680e-01
331 5.529000e-01 3.752000e-03 4.433480e-01
332 5.523280e-01 3.720000e-03 4.439520e-01
333 5.517280e-01 3.788000e-03 4.444840e-01
334 5.511760e-01 3.764000e-03 4.450600e-01
335 5.505920e-01 3.704000e-03 4.457040e-01
336 5.500360e-01 3.544000e-03 4.464200e-01
337 5.494040e-01 3.484000e-03 4.471120e-01
338 5.488000e-01 3.424000e-03 4.477760e-01
339 5.482480e-01 3.360000e-03 4.483920e-01
340 5.477440e-01 3.308000e-03 4.489480e-01
341 5.472640e-01 3.160000e-03 4.495760e-01
342 5.466560e-01 3.216000e-03 4.501280e-01
343 5.462080e-01 3.120000e-03 4.506720e-01
344 5.458040e-01 3.032000e-03 4.511640e-01
345 5.453320e-01 2.964000e-03 4.517040e-01
346 5.448880e-01 2.840000e-03 4.522720e-01
347 5.444560e-01 2.784000e-03 4.527600e-01
348 5.438760e-01 2.864000e-03 4.532600e-01
349 5.434120e-01 2.772000e-03 4.538160e-01
350 5.429720e-01 2.744000e-03 4.542840e-01
351 5.425480e-01 2.716000e-03 4.547360e-01
352 5.420120e-01 2.812000e-03 4.551760e-01
353 5.415480e-01 2.764000e-03 4.556880e-01
354 5.410920e-01 2.748000e-03 4.561600e-01
355 5.406200e-01 2.748000e-03 4.566320e-01
356 5.401600e-01 2.768000e-03 4.570720e-01
357 5.395760e-01 2.836000e-03 4.575880e-01
358 5.390800e-01 2.884000e-03 4.580360e-01
359 5.386560e-01 2.844000e-03 4.585000e-01
360 5.381720e-01 2.868000e-03 4.589600e-01
361 5.377160e-01 2.784000e-03 4.595000e-01
362 5.372680e-01 2.700000e-03 4.600320e-01
363 5.368360e-01 2.628000e-03 4.605360e-01
364 5.363640e-01 2.628000e-03 4.610080e-01
365 5.358360e-01 2.712000e-03 4.614520e-01
366 5.352320e-01 2.828000e-03 4.619400e-01
367 5.347400e-01 2.864000e-03 4.623960e-01
368 5.342080e-01 2.912000e-03 4.628800e-01
369 5.337640e-01 2.832000e-03 4.634040e-01
370 5.333000e-01 2.796000e-03 4.639040e-01
371 5.327640e-01 2.912000e-03 4.643240e-01
372 5.322320e-01 2.928000e-03 4.648400e-01
373 5.317440e-01 2.904000e-03 4.653520e-01
374 5.312240e-01 2.880000e-03 4.658960e-01
375 5.307440e-01 2.848000e-03 4.664080e-01
376 5.301960e-01 2.844000e-03 4.669600e-01
377 5.297000e-01 2.824000e-03 4.674760e-01
378 5.292360e-01 2.800000e-03 4.679640e-01
379 5.287840e-01 2.732000e-03 4.684840e-01
380 5.283720e-01 2.668000e-03 4.689600e-01
381 5.278640e-01 2.708000e-03 4.694280e-01
382 5.274800e-01 2.644000e-03 4.698760e-01
383 5.270880e-01 2.540000e-03 4.703720e-01
384 5.267120e-01 2.512000e-03 4.707760e-01
385 5.262920e-01 2.488000e-03 4.712200e-01
386 5.258320e-01 2.476000e-03 4.716920e-01
387 5.253600e-01 2.444000e-03 4.721960e-01
388 5.249360e-01 2.396000e-03 4.726680e-01
389 5.245960e-01 2.292000e-03 4.731120e-01
390 5.242040e-01 2.308000e-03 4.734880e-01
391 5.238320e-01 2.352000e-03 4.738160e-01
392 5.234600e-01 2.296000e-03 4.742440e-01
393 5.230720e-01 2.228000e-03 4.747000e-01
394 5.226520e-01 2.232000e-03 4.751160e-01
395 5.221920e-01 2.356000e-03 4.754520e-01
396 5.217160e-01 2.444000e-03 4.758400e-01
397 5.212640e-01 2.420000e-03 4.763160e-01
398 5.208520e-01 2.420000e-03 4.767280e-01
399 5.204720e-01 2.372000e-03 4.771560e-01
400 5.200320e-01 2.376000e-03 4.775920e-01
401 5.196360e-01 2.316000e-03 4.780480e-01
402 5.191840e-01 2.316000e-03 4.785000e-01
403 5.187120e-01 2.408000e-03 4.788800e-01
404 5.182760e-01 2.404000e-03 4.793200e-01
405 5.178440e-01 2.364000e-03 4.797920e-01
406 5.173880e-01 2.384000e-03 4.802280e-01
407 5.169840e-01 2.332000e-03 4.806840e-01
408 5.165320e-01 2.376000e-03 4.810920e-01
409 5.161600e-01 2.344000e-03 4.814960e-01
410 5.157560e-01 2.364000e-03 4.818800e-01
411 5.152920e-01 2.404000e-03 4.823040e-01
412 5.148600e-01 2.420000e-03 4.827200e-01
413 5.143120e-01 2.592000e-03 4.830960e-01
414 5.138040e-01 2.624000e-03 4.835720e-01
415 5.133600e-01 2.616000e-03 4.840240e-01
416 5.129680e-01 2.496000e-03 4.845360e-01
417 5.126080e-01 2.380000e-03 4.850120e-01
418 5.122160e-01 2.340000e-03 4.854440e-01
419 5.118120e-01 2.296000e-03 4.858920e-01
420 5.114000e-01 2.216000e-03 4.863840e-01
421 5.109960e-01 2.240000e-03 4.867640e-01
422 5.105840e-01 2.224000e-03 4.871920e-01
423 5.102680e-01 2.156000e-03 4.875760e-01
424 5.099520e-01 2.120000e-03 4.879280e-01
425 5.095800e-01 2.120000e-03 4.883000e-01
426 5.092320e-01 2.116000e-03 4.886520e-01
427 5.088960e-01 2.092000e-03 4.890120e-01
428 5.085760e-01 2.024000e-03 4.894000e-01
429 5.083480e-01 1.952000e-03 4.897000e-01
430 5.080080e-01 1.976000e-03 4.900160e-01
431 5.076360e-01 1.976000e-03 4.903880e-01
432 5.073600e-01 1.908000e-03 4.907320e-01
433 5.070400e-01 1.960000e-03 4.910000e-01
434 5.067040e-01 1.972000e-03 4.913240e-01
435 5.063440e-01 2.016000e-03 4.916400e-01
436 5.060120e-01 2.020000e-03 4.919680e-01
437 5.056600e-01 2.012000e-03 4.923280e-01
438 5.053560e-01 1.928000e-03 4.927160e-01
439 5.049840e-01 2.008000e-03 4.930080e-01
440 5.045640e-01 2.036000e-03 4.934000e-01
441 5.043000e-01 1.984000e-03 4.937160e-01
442 5.039840e-01 1.928000e-03 4.940880e-01
443 5.036640e-01 1.912000e-03 4.944240e-01
444 5.033640e-01 1.852000e-03 4.947840e-01
445 5.030400e-01 1.828000e-03 4.951320e-01
446 5.028040e-01 1.760000e-03 4.954360e-01
447 5.025800e-01 1.660000e-03 4.957600e-01
448 5.023440e-01 1.596000e-03 4.960600e-01
449 5.021400e-01 1.544000e-03 4.963160e-01
450 5.019040e-01 1.552000e-03 4.965440e-01
451 5.016080e-01 1.608000e-03 4.967840e-01
452 5.012960e-01 1.612000e-03 4.970920e-01
453 5.009760e-01 1.632000e-03 4.973920e-01
454 5.006720e-01 1.672000e-03 4.976560e-01
455 5.003720e-01 1.664000e-03 4.979640e-01
456 5.000320e-01 1.748000e-03 4.982200e-01
457 4.997360e-01 1.664000e-03 4.986000e-01
458 4.995000e-01 1.612000e-03 4.988880e-01
459 4.992240e-01 1.588000e-03 4.991880e-01
460 4.989480e-01 1.556000e-03 4.994960e-01
461 4.987440e-01 1.536000e-03 4.997200e-01
462 4.984800e-01 1.556000e-03 4.999640e-01
463 4.982320e-01 1.576000e-03 5.001920e-01
464 4.978960e-01 1.632000e-03 5.004720e-01
465 4.975960e-01 1.588000e-03 5.008160e-01
466 4.973480e-01 1.580000e-03 5.010720e-01
467 4.971080e-01 1.576000e-03 5.013160e-01
468 4.968640e-01 1.572000e-03 5.015640e-01
469 4.965800e-01 1.592000e-03 5.018280e-01
470 4.962720e-01 1.684000e-03 5.020440e-01
471 4.959880e-01 1.708000e-03 5.023040e-01
472 4.957160e-01 1.612000e-03 5.026720e-01
473 4.955120e-01 1.552000e-03 5.029360e-01
474 4.952640e-01 1.516000e-03 5.032200e-01
475 4.949920e-01 1.504000e-03 5.035040e-01
476 4.947320e-01 1.488000e-03 5.037800e-01
477 4.945840e-01 1.328000e-03 5.040880e-01
478 4.943480e-01 1.292000e-03 5.043600e-01
479 4.941440e-01 1.232000e-03 5.046240e-01
480 4.938960e-01 1.200000e-03 5.049040e-01
481 4.937280e-01 1.180000e-03 5.050920e-01
482 4.935120e-01 1.196000e-03 5.052920e-01
483 4.933120e-01 1.252000e-03 5.054360e-01
484 4.931320e-01 1.224000e-03 5.056440e-01
485 4.929760e-01 1.180000e-03 5.058440e-01
486 4.927800e-01 1.228000e-03 5.059920e-01
487 4.926280e-01 1.152000e-03 5.062200e-01
488 4.925160e-01 1.080000e-03 5.064040e-01
489 4.923560e-01 1.012000e-03 5.066320e-01
490 4.922200e-01 9.920000e-04 5.067880e-01
491 4.920720e-01 1.008000e-03 5.069200e-01
492 4.919680e-01 9.280000e-04 5.071040e-01
493 4.918440e-01 8.880000e-04 5.072680e-01
494 4.917360e-01 8.240000e-04 5.074400e-01
495 4.916040e-01 8.360000e-04 5.075600e-01
496 4.914720e-01 8.440000e-04 5.076840e-01
497 4.913760e-01 8.280000e-04 5.077960e-01
498 4.912720e-01 7.680000e-04 5.079600e-01
499 4.911640e-01 7.240000e-04 5.081120e-01
500 4.910960e-01 6.800000e-04 5.082240e-01
