1 9.993240e-01 5.840000e-04 9.200000e-05
2 9.989280e-01 8.000000e-04 2.720000e-04
3 9.985240e-01 1.072000e-03 4.040000e-04
4 9.979960e-01 1.396000e-03 6.080000e-04
5 9.974560e-01 1.652000e-03 8.920000e-04
6 9.968720e-01 1.928000e-03 1.200000e-03
7 9.960800e-01 2.344000e-03 1.576000e-03
8 9.951960e-01 2.804000e-03 2.000000e-03
9 9.944000e-01 3.088000e-03 2.512000e-03
10 9.935040e-01 3.344000e-03 3.152000e-03
11 9.925960e-01 3.652000e-03 3.752000e-03
12 9.915680e-01 4.000000e-03 4.432000e-03
13 9.907280e-01 4.092000e-03 5.180000e-03
14 9.897040e-01 4.320000e-03 5.976000e-03
15 9.886480e-01 4.580000e-03 6.772000e-03
16 9.876480e-01 4.844000e-03 7.508000e-03
17 9.865400e-01 5.124000e-03 8.336000e-03
18 9.854800e-01 5.208000e-03 9.312000e-03
19 9.842160e-01 5.592000e-03 1.019200e-02
20 9.829280e-01 5.852000e-03 1.122000e-02
21 9.817280e-01 6.048000e-03 1.222400e-02
22 9.805600e-01 5.992000e-03 1.344800e-02
23 9.793800e-01 6.044000e-03 1.457600e-02
24 9.782320e-01 6.092000e-03 1.567600e-02
25 9.770680e-01 6.220000e-03 1.671200e-02
26 9.759080e-01 6.348000e-03 1.774400e-02
27 9.746480e-01 6.536000e-03 1.881600e-02
28 9.735960e-01 6.452000e-03 1.995200e-02
29 9.724200e-01 6.468000e-03 2.111200e-02
30 9.712400e-01 6.356000e-03 2.240400e-02
31 9.700600e-01 6.408000e-03 2.353200e-02
32 9.688200e-01 6.520000e-03 2.466000e-02
33 9.675640e-01 6.740000e-03 2.569600e-02
34 9.661640e-01 7.028000e-03 2.680800e-02
35 9.647280e-01 7.200000e-03 2.807200e-02
36 9.634480e-01 7.148000e-03 2.940400e-02
37 9.620800e-01 7.324000e-03 3.059600e-02
38 9.607120e-01 7.420000e-03 3.186800e-02
39 9.592960e-01 7.552000e-03 3.315200e-02
40 9.579440e-01 7.624000e-03 3.443200e-02
41 9.565720e-01 7.624000e-03 3.580400e-02
42 9.553080e-01 7.528000e-03 3.716400e-02
43 9.540360e-01 7.564000e-03 3.840000e-02
44 9.526640e-01 7.632000e-03 3.970400e-02
45 9.512920e-01 7.668000e-03 4.104000e-02
46 9.498160e-01 7.872000e-03 4.231200e-02
47 9.483880e-01 7.900000e-03 4.371200e-02
48 9.470200e-01 7.888000e-03 4.509200e-02
49 9.455840e-01 7.988000e-03 4.642800e-02
50 9.440400e-01 8.212000e-03 4.774800e-02
51 9.425640e-01 8.280000e-03 4.915600e-02
52 9.411800e-01 8.164000e-03 5.065600e-02
53 9.397320e-01 8.260000e-03 5.200800e-02
54 9.383840e-01 8.160000e-03 5.345600e-02
55 9.369160e-01 8.096000e-03 5.498800e-02
56 9.354840e-01 8.008000e-03 5.650800e-02
57 9.341520e-01 7.968000e-03 5.788000e-02
58 9.328480e-01 7.744000e-03 5.940800e-02
59 9.315760e-01 7.736000e-03 6.068800e-02
60 9.303520e-01 7.720000e-03 6.192800e-02
61 9.290720e-01 7.664000e-03 6.326400e-02
62 9.278200e-01 7.532000e-03 6.464800e-02
63 9.266160e-01 7.432000e-03 6.595200e-02
64 9.253640e-01 7.420000e-03 6.721600e-02
65 9.242920e-01 7.228000e-03 6.848000e-02
66 9.229640e-01 7.336000e-03 6.970000e-02
67 9.217200e-01 7.264000e-03 7.101600e-02
68 9.205400e-01 7.208000e-03 7.225200e-02
69 9.192640e-01 7.268000e-03 7.346800e-02
70 9.179720e-01 7.304000e-03 7.472400e-02
71 9.167800e-01 7.232000e-03 7.598800e-02
72 9.155680e-01 7.080000e-03 7.735200e-02
73 9.143520e-01 7.184000e-03 7.846400e-02
74 9.131440e-01 7.080000e-03 7.977600e-02
75 9.118920e-01 6.876000e-03 8.123200e-02
76 9.106520e-01 6.964000e-03 8.238400e-02
77 9.092960e-01 7.092000e-03 8.361200e-02
78 9.080840e-01 7.136000e-03 8.478000e-02
79 9.068560e-01 6.932000e-03 8.621200e-02
80 9.057880e-01 6.680000e-03 8.753200e-02
81 9.047600e-01 6.688000e-03 8.855200e-02
82 9.036480e-01 6.544000e-03 8.980800e-02
83 9.026080e-01 6.472000e-03 9.092000e-02
84 9.015960e-01 6.312000e-03 9.209200e-02
85 9.006200e-01 6.172000e-03 9.320800e-02
86 8.995320e-01 6.244000e-03 9.422400e-02
87 8.986320e-01 5.992000e-03 9.537600e-02
88 8.976360e-01 5.976000e-03 9.638800e-02
89 8.967160e-01 5.864000e-03 9.742000e-02
90 8.957040e-01 5.832000e-03 9.846400e-02
91 8.946800e-01 5.804000e-03 9.951600e-02
92 8.937320e-01 5.768000e-03 1.005000e-01
93 8.924680e-01 5.864000e-03 1.016680e-01
94 8.914360e-01 5.804000e-03 1.027600e-01
95 8.904800e-01 5.720000e-03 1.038000e-01
96 8.893720e-01 5.896000e-03 1.047320e-01
97 8.882760e-01 5.920000e-03 1.058040e-01
98 8.872560e-01 5.864000e-03 1.068800e-01
99 8.862080e-01 5.920000e-03 1.078720e-01
100 8.850920e-01 5.928000e-03 1.089800e-01
101 8.841120e-01 5.912000e-03 1.099760e-01
102 8.830840e-01 5.888000e-03 1.110280e-01
103 8.819760e-01 5.908000e-03 1.121160e-01
104 8.809760e-01 5.848000e-03 1.131760e-01
105 8.800480e-01 5.792000e-03 1.141600e-01
106 8.791200e-01 5.728000e-03 1.151520e-01
107 8.781280e-01 5.724000e-03 1.161480e-01
108 8.770640e-01 5.820000e-03 1.171160e-01
109 8.761280e-01 5.668000e-03 1.182040e-01
110 8.752400e-01 5.600000e-03 1.191600e-01
111 8.743320e-01 5.488000e-03 1.201800e-01
112 8.734720e-01 5.328000e-03 1.212000e-01
113 8.724800e-01 5.440000e-03 1.220800e-01
114 8.715280e-01 5.460000e-03 1.230120e-01
115 8.704800e-01 5.660000e-03 1.238600e-01
116 8.695000e-01 5.732000e-03 1.247680e-01
117 8.684040e-01 5.784000e-03 1.258120e-01
118 8.676040e-01 5.568000e-03 1.268280e-01
119 8.665560e-01 5.648000e-03 1.277960e-01
120 8.654880e-01 5.756000e-03 1.287560e-01
121 8.645040e-01 5.736000e-03 1.297600e-01
122 8.634120e-01 5.788000e-03 1.308000e-01
123 8.622760e-01 5.940000e-03 1.317840e-01
124 8.613040e-01 5.868000e-03 1.328280e-01
125 8.604120e-01 5.848000e-03 1.337400e-01
126 8.594840e-01 5.740000e-03 1.347760e-01
127 8.586200e-01 5.632000e-03 1.357480e-01
128 8.576800e-01 5.596000e-03 1.367240e-01
129 8.566680e-01 5.728000e-03 1.376040e-01
130 8.557480e-01 5.716000e-03 1.385360e-01
131 8.548160e-01 5.532000e-03 1.396520e-01
132 8.538800e-01 5.412000e-03 1.407080e-01
133 8.529640e-01 5.476000e-03 1.415600e-01
134 8.521720e-01 5.244000e-03 1.425840e-01
135 8.513360e-01 5.116000e-03 1.435480e-01
136 8.505440e-01 4.992000e-03 1.444640e-01
137 8.496280e-01 4.984000e-03 1.453880e-01
138 8.486760e-01 5.060000e-03 1.462640e-01
139 8.477720e-01 5.076000e-03 1.471520e-01
140 8.468880e-01 5.044000e-03 1.480680e-01
141 8.459840e-01 5.068000e-03 1.489480e-01
142 8.452560e-01 4.912000e-03 1.498320e-01
143 8.444560e-01 4.836000e-03 1.507080e-01
144 8.436480e-01 4.828000e-03 1.515240e-01
145 8.429160e-01 4.644000e-03 1.524400e-01
146 8.421400e-01 4.588000e-03 1.532720e-01
147 8.412760e-01 4.716000e-03 1.540080e-01
148 8.403240e-01 4.804000e-03 1.548720e-01
149 8.394240e-01 4.892000e-03 1.556840e-01
150 8.384200e-01 5.092000e-03 1.564880e-01
151 8.375320e-01 5.108000e-03 1.573600e-01
152 8.366400e-01 5.180000e-03 1.581800e-01
153 8.358160e-01 5.176000e-03 1.590080e-01
154 8.348880e-01 5.156000e-03 1.599560e-01
155 8.338920e-01 5.272000e-03 1.608360e-01
156 8.328560e-01 5.384000e-03 1.617600e-01
157 8.319160e-01 5.300000e-03 1.627840e-01
158 8.310200e-01 5.388000e-03 1.635920e-01
159 8.300280e-01 5.384000e-03 1.645880e-01
160 8.291040e-01 5.448000e-03 1.654480e-01
161 8.282120e-01 5.388000e-03 1.664000e-01
162 8.272480e-01 5.420000e-03 1.673320e-01
163 8.263600e-01 5.268000e-03 1.683720e-01
164 8.253880e-01 5.328000e-03 1.692840e-01
165 8.244800e-01 5.324000e-03 1.701960e-01
166 8.235240e-01 5.308000e-03 1.711680e-01
167 8.225600e-01 5.340000e-03 1.721000e-01
168 8.216160e-01 5.292000e-03 1.730920e-01
169 8.207000e-01 5.284000e-03 1.740160e-01
170 8.198320e-01 5.284000e-03 1.748840e-01
171 8.191120e-01 5.020000e-03 1.758680e-01
172 8.184520e-01 4.832000e-03 1.767160e-01
173 8.177880e-01 4.700000e-03 1.775120e-01
174 8.170360e-01 4.712000e-03 1.782520e-01
175 8.162640e-01 4.772000e-03 1.789640e-01
176 8.153880e-01 4.780000e-03 1.798320e-01
177 8.147040e-01 4.612000e-03 1.806840e-01
178 8.139280e-01 4.656000e-03 1.814160e-01
179 8.132000e-01 4.644000e-03 1.821560e-01
180 8.124120e-01 4.632000e-03 1.829560e-01
181 8.115040e-01 4.736000e-03 1.837600e-01
182 8.106440e-01 4.776000e-03 1.845800e-01
183 8.098480e-01 4.784000e-03 1.853680e-01
184 8.089720e-01 4.720000e-03 1.863080e-01
185 8.081480e-01 4.664000e-03 1.871880e-01
186 8.072600e-01 4.716000e-03 1.880240e-01
187 8.064760e-01 4.644000e-03 1.888800e-01
188 8.056080e-01 4.628000e-03 1.897640e-01
189 8.048000e-01 4.604000e-03 1.905960e-01
190 8.040400e-01 4.560000e-03 1.914000e-01
191 8.031400e-01 4.716000e-03 1.921440e-01
192 8.023520e-01 4.648000e-03 1.930000e-01
193 8.016280e-01 4.576000e-03 1.937960e-01
194 8.007640e-01 4.656000e-03 1.945800e-01
195 7.999280e-01 4.688000e-03 1.953840e-01
196 7.992360e-01 4.700000e-03 1.960640e-01
197 7.984320e-01 4.756000e-03 1.968120e-01
198 7.974920e-01 4.880000e-03 1.976280e-01
199 7.966840e-01 4.896000e-03 1.984200e-01
200 7.957000e-01 5.028000e-03 1.992720e-01
201 7.948080e-01 5.048000e-03 2.001440e-01
202 7.939320e-01 5.024000e-03 2.010440e-01
203 7.929760e-01 5.076000e-03 2.019480e-01
204 7.921040e-01 5.000000e-03 2.028960e-01
205 7.912040e-01 5.044000e-03 2.037520e-01
206 7.903040e-01 4.976000e-03 2.047200e-01
207 7.895120e-01 4.960000e-03 2.055280e-01
208 7.887560e-01 4.828000e-03 2.064160e-01
209 7.879760e-01 4.896000e-03 2.071280e-01
210 7.871760e-01 4.720000e-03 2.081040e-01
211 7.863240e-01 4.732000e-03 2.089440e-01
212 7.854240e-01 4.728000e-03 2.098480e-01
213 7.847160e-01 4.596000e-03 2.106880e-01
214 7.838360e-01 4.768000e-03 2.113960e-01
215 7.828640e-01 4.952000e-03 2.121840e-01
216 7.819000e-01 5.108000e-03 2.129920e-01
217 7.810200e-01 5.096000e-03 2.138840e-01
218 7.800880e-01 5.224000e-03 2.146880e-01
219 7.792800e-01 5.208000e-03 2.155120e-01
220 7.784200e-01 5.068000e-03 2.165120e-01
221 7.776560e-01 4.928000e-03 2.174160e-01
222 7.768800e-01 4.944000e-03 2.181760e-01
223 7.761000e-01 4.976000e-03 2.189240e-01
224 7.753520e-01 4.808000e-03 2.198400e-01
225 7.744480e-01 4.868000e-03 2.206840e-01
226 7.736640e-01 4.860000e-03 2.214760e-01
227 7.727760e-01 4.944000e-03 2.222800e-01
228 7.719040e-01 4.852000e-03 2.232440e-01
229 7.709640e-01 4.936000e-03 2.241000e-01
230 7.700680e-01 4.972000e-03 2.249600e-01
231 7.690960e-01 5.116000e-03 2.257880e-01
232 7.680280e-01 5.376000e-03 2.265960e-01
233 7.670360e-01 5.524000e-03 2.274400e-01
234 7.661640e-01 5.348000e-03 2.284880e-01
235 7.652560e-01 5.264000e-03 2.294800e-01
236 7.644400e-01 5.256000e-03 2.303040e-01
237 7.635880e-01 5.196000e-03 2.312160e-01
238 7.627440e-01 5.060000e-03 2.321960e-01
239 7.619640e-01 5.036000e-03 2.330000e-01
240 7.610560e-01 5.076000e-03 2.338680e-01
241 7.603240e-01 4.928000e-03 2.347480e-01
242 7.594640e-01 4.992000e-03 2.355440e-01
243 7.587160e-01 4.940000e-03 2.363440e-01
244 7.579960e-01 4.840000e-03 2.371640e-01
245 7.571720e-01 4.796000e-03 2.380320e-01
246 7.563240e-01 4.904000e-03 2.387720e-01
247 7.554600e-01 4.956000e-03 2.395840e-01
248 7.546760e-01 4.980000e-03 2.403440e-01
249 7.538960e-01 4.864000e-03 2.412400e-01
250 7.531520e-01 4.688000e-03 2.421600e-01
251 7.524000e-01 4.672000e-03 2.429280e-01
252 7.516880e-01 4.508000e-03 2.438040e-01
253 7.509440e-01 4.448000e-03 2.446080e-01
254 7.501600e-01 4.532000e-03 2.453080e-01
255 7.494240e-01 4.476000e-03 2.461000e-01
256 7.487520e-01 4.372000e-03 2.468760e-01
257 7.480000e-01 4.244000e-03 2.477560e-01
258 7.473160e-01 4.204000e-03 2.484800e-01
259 7.466160e-01 4.128000e-03 2.492560e-01
260 7.460360e-01 3.956000e-03 2.500080e-01
261 7.454280e-01 3.908000e-03 2.506640e-01
262 7.447840e-01 3.844000e-03 2.513720e-01
263 7.442400e-01 3.688000e-03 2.520720e-01
264 7.436440e-01 3.672000e-03 2.526840e-01
265 7.430800e-01 3.672000e-03 2.532480e-01
266 7.424040e-01 3.676000e-03 2.539200e-01
267 7.418440e-01 3.644000e-03 2.545120e-01
268 7.412320e-01 3.660000e-03 2.551080e-01
269 7.406320e-01 3.556000e-03 2.558120e-01
270 7.399960e-01 3.572000e-03 2.564320e-01
271 7.394600e-01 3.400000e-03 2.571400e-01
272 7.389040e-01 3.432000e-03 2.576640e-01
273 7.383520e-01 3.368000e-03 2.582800e-01
274 7.377920e-01 3.256000e-03 2.589520e-01
275 7.372320e-01 3.140000e-03 2.596280e-01
276 7.365600e-01 3.300000e-03 2.601400e-01
277 7.358680e-01 3.404000e-03 2.607280e-01
278 7.352200e-01 3.404000e-03 2.613760e-01
279 7.345960e-01 3.400000e-03 2.620040e-01
280 7.339000e-01 3.488000e-03 2.626120e-01
281 7.332880e-01 3.400000e-03 2.633120e-01
282 7.327080e-01 3.400000e-03 2.638920e-01
283 7.321520e-01 3.304000e-03 2.645440e-01
284 7.314800e-01 3.436000e-03 2.650840e-01
285 7.308800e-01 3.416000e-03 2.657040e-01
286 7.304000e-01 3.228000e-03 2.663720e-01
287 7.298800e-01 3.132000e-03 2.669880e-01
288 7.293320e-01 3.088000e-03 2.675800e-01
289 7.287520e-01 3.180000e-03 2.680680e-01
290 7.282600e-01 3.148000e-03 2.685920e-01
291 7.277400e-01 3.076000e-03 2.691840e-01
292 7.272640e-01 3.004000e-03 2.697320e-01
293 7.267560e-01 2.988000e-03 2.702560e-01
294 7.262600e-01 2.920000e-03 2.708200e-01
295 7.258160e-01 2.852000e-03 2.713320e-01
296 7.252880e-01 2.852000e-03 2.718600e-01
297 7.247880e-01 2.900000e-03 2.723120e-01
298 7.243040e-01 2.868000e-03 2.728280e-01
299 7.239120e-01 2.796000e-03 2.732920e-01
300 7.234000e-01 2.832000e-03 2.737680e-01
301 7.229720e-01 2.784000e-03 2.742440e-01
302 7.225000e-01 2.760000e-03 2.747400e-01
303 7.220760e-01 2.700000e-03 2.752240e-01
304 7.215400e-01 2.696000e-03 2.757640e-01
305 7.211160e-01 2.600000e-03 2.762840e-01
306 7.206240e-01 2.708000e-03 2.766680e-01
307 7.202200e-01 2.688000e-03 2.770920e-01
308 7.197440e-01 2.680000e-03 2.775760e-01
309 7.192920e-01 2.656000e-03 2.780520e-01
310 7.188120e-01 2.636000e-03 2.785520e-01
311 7.183880e-01 2.600000e-03 2.790120e-01
312 7.180040e-01 2.544000e-03 2.794520e-01
313 7.175360e-01 2.564000e-03 2.799000e-01
314 7.170840e-01 2.584000e-03 2.803320e-01
315 7.165840e-01 2.624000e-03 2.807920e-01
316 7.161320e-01 2.664000e-03 2.812040e-01
317 7.157640e-01 2.604000e-03 2.816320e-01
318 7.153200e-01 2.584000e-03 2.820960e-01
319 7.149080e-01 2.572000e-03 2.825200e-01
320 7.144200e-01 2.652000e-03 2.829280e-01
321 7.139400e-01 2.656000e-03 2.834040e-01
322 7.135000e-01 2.676000e-03 2.838240e-01
323 7.130640e-01 2.668000e-03 2.842680e-01
324 7.125640e-01 2.672000e-03 2.847640e-01
325 7.120080e-01 2.764000e-03 2.852280e-01
326 7.115920e-01 2.692000e-03 2.857160e-01
327 7.111040e-01 2.720000e-03 2.861760e-01
328 7.105360e-01 2.800000e-03 2.866640e-01
329 7.100680e-01 2.804000e-03 2.871280e-01
330 7.096760e-01 2.728000e-03 2.875960e-01
331 7.092280e-01 2.692000e-03 2.880800e-01
332 7.088000e-01 2.608000e-03 2.885920e-01
333 7.083840e-01 2.536000e-03 2.890800e-01
334 7.079680e-01 2.468000e-03 2.895640e-01
335 7.075760e-01 2.456000e-03 2.899680e-01
336 7.071480e-01 2.404000e-03 2.904480e-01
337 7.067080e-01 2.348000e-03 2.909440e-01
338 7.063240e-01 2.248000e-03 2.914280e-01
339 7.059440e-01 2.236000e-03 2.918200e-01
340 7.055720e-01 2.168000e-03 2.922600e-01
341 7.052280e-01 2.076000e-03 2.926960e-01
342 7.049360e-01 2.020000e-03 2.930440e-01
343 7.046800e-01 1.908000e-03 2.934120e-01
344 7.043440e-01 1.864000e-03 2.937920e-01
345 7.040360e-01 1.788000e-03 2.941760e-01
346 7.037480e-01 1.808000e-03 2.944440e-01
347 7.034480e-01 1.772000e-03 2.947800e-01
348 7.031160e-01 1.756000e-03 2.951280e-01
349 7.027720e-01 1.792000e-03 2.954360e-01
350 7.023800e-01 1.824000e-03 2.957960e-01
351 7.020400e-01 1.868000e-03 2.960920e-01
352 7.016640e-01 1.940000e-03 2.963960e-01
353 7.013120e-01 1.980000e-03 2.967080e-01
354 7.010120e-01 1.960000e-03 2.970280e-01
355 7.006080e-01 1.948000e-03 2.974440e-01
356 7.002680e-01 1.936000e-03 2.977960e-01
357 6.999920e-01 1.876000e-03 2.981320e-01
358 6.996120e-01 1.932000e-03 2.984560e-01
359 6.992320e-01 1.968000e-03 2.988000e-01
360 6.988800e-01 2.012000e-03 2.991080e-01
361 6.985160e-01 2.000000e-03 2.994840e-01
362 6.981320e-01 2.032000e-03 2.998360e-01
363 6.978320e-01 1.932000e-03 3.002360e-01
364 6.975000e-01 1.960000e-03 3.005400e-01
365 6.970840e-01 2.032000e-03 3.008840e-01
366 6.967000e-01 2.040000e-03 3.012600e-01
367 6.963840e-01 2.032000e-03 3.015840e-01
368 6.960640e-01 2.044000e-03 3.018920e-01
369 6.957240e-01 2.048000e-03 3.022280e-01
370 6.954080e-01 2.008000e-03 3.025840e-01
371 6.950800e-01 2.032000e-03 3.028880e-01
372 6.947600e-01 2.024000e-03 3.032160e-01
373 6.944000e-01 2.084000e-03 3.035160e-01
374 6.940680e-01 2.056000e-03 3.038760e-01
375 6.937040e-01 2.024000e-03 3.042720e-01
376 6.933000e-01 2.112000e-03 3.045880e-01
377 6.929760e-01 2.088000e-03 3.049360e-01
378 6.926680e-01 2.024000e-03 3.053080e-01
379 6.923560e-01 1.968000e-03 3.056760e-01
380 6.920880e-01 1.904000e-03 3.060080e-01
381 6.917920e-01 1.916000e-03 3.062920e-01
382 6.915480e-01 1.816000e-03 3.066360e-01
383 6.912840e-01 1.724000e-03 3.069920e-01
384 6.910640e-01 1.680000e-03 3.072560e-01
385 6.907920e-01 1.592000e-03 3.076160e-01
386 6.905280e-01 1.540000e-03 3.079320e-01
387 6.902720e-01 1.588000e-03 3.081400e-01
388 6.899920e-01 1.576000e-03 3.084320e-01
389 6.897120e-01 1.608000e-03 3.086800e-01
390 6.894240e-01 1.628000e-03 3.089480e-01
391 6.890680e-01 1.648000e-03 3.092840e-01
392 6.887880e-01 1.696000e-03 3.095160e-01
393 6.885400e-01 1.632000e-03 3.098280e-01
394 6.882680e-01 1.680000e-03 3.100520e-01
395 6.879400e-01 1.764000e-03 3.102960e-01
396 6.876280e-01 1.760000e-03 3.106120e-01
397 6.873680e-01 1.732000e-03 3.109000e-01
398 6.871280e-01 1.656000e-03 3.112160e-01
399 6.868520e-01 1.672000e-03 3.114760e-01
400 6.866640e-01 1.592000e-03 3.117440e-01
401 6.864880e-01 1.524000e-03 3.119880e-01
402 6.862800e-01 1.468000e-03 3.122520e-01
403 6.860640e-01 1.448000e-03 3.124880e-01
404 6.857600e-01 1.532000e-03 3.127080e-01
405 6.855200e-01 1.528000e-03 3.129520e-01
406 6.852400e-01 1.504000e-03 3.132560e-01
407 6.849480e-01 1.496000e-03 3.135560e-01
408 6.846280e-01 1.460000e-03 3.139120e-01
409 6.843000e-01 1.516000e-03 3.141840e-01
410 6.840520e-01 1.448000e-03 3.145000e-01
411 6.838400e-01 1.412000e-03 3.147480e-01
412 6.835320e-01 1.468000e-03 3.150000e-01
413 6.832560e-01 1.488000e-03 3.152560e-01
414 6.829280e-01 1.524000e-03 3.155480e-01
415 6.826840e-01 1.512000e-03 3.158040e-01
416 6.823920e-01 1.572000e-03 3.160360e-01
417 6.820720e-01 1.604000e-03 3.163240e-01
418 6.818120e-01 1.568000e-03 3.166200e-01
419 6.816160e-01 1.464000e-03 3.169200e-01
420 6.814320e-01 1.388000e-03 3.171800e-01
421 6.812000e-01 1.364000e-03 3.174360e-01
422 6.809920e-01 1.352000e-03 3.176560e-01
423 6.808120e-01 1.324000e-03 3.178640e-01
424 6.806160e-01 1.336000e-03 3.180480e-01
425 6.804040e-01 1.344000e-03 3.182520e-01
426 6.801360e-01 1.352000e-03 3.185120e-01
427 6.799000e-01 1.320000e-03 3.187800e-01
428 6.796760e-01 1.336000e-03 3.189880e-01
429 6.794720e-01 1.316000e-03 3.192120e-01
430 6.792320e-01 1.348000e-03 3.194200e-01
431 6.790360e-01 1.344000e-03 3.196200e-01
432 6.787840e-01 1.348000e-03 3.198680e-01
433 6.785720e-01 1.368000e-03 3.200600e-01
434 6.783160e-01 1.360000e-03 3.203240e-01
435 6.780560e-01 1.356000e-03 3.205880e-01
436 6.778480e-01 1.368000e-03 3.207840e-01
437 6.775800e-01 1.384000e-03 3.210360e-01
438 6.773800e-01 1.352000e-03 3.212680e-01
439 6.772040e-01 1.296000e-03 3.215000e-01
440 6.770040e-01 1.232000e-03 3.217640e-01
441 6.767800e-01 1.232000e-03 3.219880e-01
442 6.765240e-01 1.324000e-03 3.221520e-01
443 6.762960e-01 1.376000e-03 3.223280e-01
444 6.760120e-01 1.432000e-03 3.225560e-01
445 6.757760e-01 1.448000e-03 3.227760e-01
446 6.755520e-01 1.420000e-03 3.230280e-01
447 6.753080e-01 1.400000e-03 3.232920e-01
448 6.750920e-01 1.424000e-03 3.234840e-01
449 6.747960e-01 1.476000e-03 3.237280e-01
450 6.745480e-01 1.472000e-03 3.239800e-01
451 6.742880e-01 1.460000e-03 3.242520e-01
452 6.740080e-01 1.536000e-03 3.244560e-01
453 6.737560e-01 1.532000e-03 3.247120e-01
454 6.735360e-01 1.436000e-03 3.250280e-01
455 6.733280e-01 1.428000e-03 3.252440e-01
456 6.730840e-01 1.440000e-03 3.254760e-01
457 6.728520e-01 1.384000e-03 3.257640e-01
458 6.726760e-01 1.268000e-03 3.260560e-01
459 6.724840e-01 1.220000e-03 3.262960e-01
460 6.723160e-01 1.168000e-03 3.265160e-01
461 6.721520e-01 1.180000e-03 3.266680e-01
462 6.719880e-01 1.164000e-03 3.268480e-01
463 6.717800e-01 1.184000e-03 3.270360e-01
464 6.715760e-01 1.192000e-03 3.272320e-01
465 6.713520e-01 1.268000e-03 3.273800e-01
466 6.711080e-01 1.248000e-03 3.276440e-01
467 6.708920e-01 1.252000e-03 3.278560e-01
468 6.706920e-01 1.208000e-03 3.281000e-01
469 6.705160e-01 1.212000e-03 3.282720e-01
470 6.702920e-01 1.224000e-03 3.284840e-01
471 6.700760e-01 1.228000e-03 3.286960e-01
472 6.698680e-01 1.244000e-03 3.288880e-01
473 6.696440e-01 1.232000e-03 3.291240e-01
474 6.694240e-01 1.252000e-03 3.293240e-01
475 6.692360e-01 1.220000e-03 3.295440e-01
476 6.691040e-01 1.192000e-03 3.297040e-01
477 6.689040e-01 1.164000e-03 3.299320e-01
478 6.686960e-01 1.172000e-03 3.301320e-01
479 6.685160e-01 1.120000e-03 3.303640e-01
480 6.683280e-01 1.104000e-03 3.305680e-01
481 6.681280e-01 1.108000e-03 3.307640e-01
482 6.679320e-01 1.108000e-03 3.309600e-01
483 6.676760e-01 1.184000e-03 3.311400e-01
484 6.675000e-01 1.200000e-03 3.313000e-01
485 6.672680e-01 1.132000e-03 3.316000e-01
486 6.670920e-01 1.108000e-03 3.318000e-01
487 6.669440e-01 1.060000e-03 3.319960e-01
488 6.667240e-01 1.112000e-03 3.321640e-01
489 6.665440e-01 1.136000e-03 3.323200e-01
490 6.663280e-01 1.180000e-03 3.324920e-01
491 6.661080e-01 1.204000e-03 3.326880e-01
492 6.659080e-01 1.200000e-03 3.328920e-01
493 6.657880e-01 1.100000e-03 3.331120e-01
494 6.656320e-01 1.056000e-03 3.333120e-01
495 6.654200e-01 1.064000e-03 3.335160e-01
496 6.652680e-01 1.064000e-03 3.336680e-01
497 6.651080e-01 1.064000e-03 3.338280e-01
498 6.649720e-01 1.028000e-03 3.340000e-01
499 6.648200e-01 1.000000e-03 3.341800e-01
500 6.647080e-01 9.160000e-04 3.343760e-01
