1 9.992120e-01 7.040000e-04 8.400000e-05
2 9.986480e-01 1.124000e-03 2.280000e-04
3 9.980080e-01 1.516000e-03 4.760000e-04
4 9.973400e-01 1.908000e-03 7.520000e-04
5 9.965040e-01 2.400000e-03 1.096000e-03
6 9.956680e-01 2.808000e-03 1.524000e-03
7 9.947160e-01 3.240000e-03 2.044000e-03
8 9.938880e-01 3.492000e-03 2.620000e-03
9 9.930480e-01 3.740000e-03 3.212000e-03
10 9.920680e-01 4.080000e-03 3.852000e-03
11 9.910400e-01 4.300000e-03 4.660000e-03
12 9.900960e-01 4.416000e-03 5.488000e-03
13 9.891880e-01 4.576000e-03 6.236000e-03
14 9.882000e-01 4.800000e-03 7.000000e-03
15 9.871320e-01 5.024000e-03 7.844000e-03
16 9.861120e-01 5.148000e-03 8.740000e-03
17 9.850400e-01 5.296000e-03 9.664000e-03
18 9.839360e-01 5.388000e-03 1.067600e-02
19 9.828680e-01 5.432000e-03 1.170000e-02
20 9.818160e-01 5.344000e-03 1.284000e-02
21 9.806560e-01 5.552000e-03 1.379200e-02
22 9.793920e-01 5.864000e-03 1.474400e-02
23 9.781480e-01 6.016000e-03 1.583600e-02
24 9.769000e-01 6.228000e-03 1.687200e-02
25 9.756440e-01 6.356000e-03 1.800000e-02
26 9.742400e-01 6.704000e-03 1.905600e-02
27 9.727960e-01 7.000000e-03 2.020400e-02
28 9.713480e-01 7.272000e-03 2.138000e-02
29 9.697120e-01 7.560000e-03 2.272800e-02
30 9.682320e-01 7.612000e-03 2.415600e-02
31 9.666960e-01 7.748000e-03 2.555600e-02
32 9.651920e-01 7.900000e-03 2.690800e-02
33 9.637400e-01 7.844000e-03 2.841600e-02
34 9.622360e-01 7.928000e-03 2.983600e-02
35 9.608920e-01 7.856000e-03 3.125200e-02
36 9.595160e-01 7.872000e-03 3.261200e-02
37 9.581000e-01 7.988000e-03 3.391200e-02
38 9.566080e-01 8.076000e-03 3.531600e-02
39 9.551880e-01 8.152000e-03 3.666000e-02
40 9.535880e-01 8.360000e-03 3.805200e-02
41 9.520080e-01 8.496000e-03 3.949600e-02
42 9.502800e-01 8.756000e-03 4.096400e-02
43 9.487400e-01 8.708000e-03 4.255200e-02
44 9.470960e-01 8.936000e-03 4.396800e-02
45 9.455200e-01 8.912000e-03 4.556800e-02
46 9.439480e-01 8.924000e-03 4.712800e-02
47 9.424720e-01 8.864000e-03 4.866400e-02
48 9.407320e-01 9.140000e-03 5.012800e-02
49 9.392200e-01 9.032000e-03 5.174800e-02
50 9.374600e-01 9.216000e-03 5.332400e-02
51 9.355840e-01 9.476000e-03 5.494000e-02
52 9.337720e-01 9.660000e-03 5.656800e-02
53 9.318840e-01 9.680000e-03 5.843600e-02
54 9.304320e-01 9.360000e-03 6.020800e-02
55 9.286640e-01 9.480000e-03 6.185600e-02
56 9.270120e-01 9.476000e-03 6.351200e-02
57 9.251160e-01 9.680000e-03 6.520400e-02
58 9.234840e-01 9.552000e-03 6.696400e-02
59 9.218600e-01 9.488000e-03 6.865200e-02
60 9.200400e-01 9.700000e-03 7.026000e-02
61 9.183280e-01 9.584000e-03 7.208800e-02
62 9.168960e-01 9.360000e-03 7.374400e-02
63 9.153800e-01 9.204000e-03 7.541600e-02
64 9.139080e-01 9.152000e-03 7.694000e-02
65 9.123720e-01 9.020000e-03 7.860800e-02
66 9.108960e-01 8.848000e-03 8.025600e-02
67 9.093480e-01 8.904000e-03 8.174800e-02
68 9.078960e-01 8.924000e-03 8.318000e-02
69 9.064440e-01 8.868000e-03 8.468800e-02
70 9.048240e-01 8.936000e-03 8.624000e-02
71 9.031640e-01 9.148000e-03 8.768800e-02
72 9.014440e-01 9.264000e-03 8.929200e-02
73 8.998600e-01 9.132000e-03 9.100800e-02
74 8.982640e-01 9.204000e-03 9.253200e-02
75 8.964200e-01 9.472000e-03 9.410800e-02
76 8.948280e-01 9.488000e-03 9.568400e-02
77 8.933280e-01 9.416000e-03 9.725600e-02
78 8.916320e-01 9.412000e-03 9.895600e-02
79 8.900120e-01 9.252000e-03 1.007360e-01
80 8.884880e-01 9.072000e-03 1.024400e-01
81 8.870280e-01 9.028000e-03 1.039440e-01
82 8.854520e-01 8.948000e-03 1.056000e-01
83 8.838520e-01 8.976000e-03 1.071720e-01
84 8.821800e-01 9.088000e-03 1.087320e-01
85 8.804120e-01 9.368000e-03 1.102200e-01
86 8.786800e-01 9.452000e-03 1.118680e-01
87 8.768800e-01 9.580000e-03 1.135400e-01
88 8.751720e-01 9.552000e-03 1.152760e-01
89 8.733320e-01 9.800000e-03 1.168680e-01
90 8.713320e-01 1.007600e-02 1.185920e-01
91 8.695560e-01 1.014000e-02 1.203040e-01
92 8.676320e-01 1.029200e-02 1.220760e-01
93 8.657720e-01 1.042400e-02 1.238040e-01
94 8.639720e-01 1.031200e-02 1.257160e-01
95 8.620600e-01 1.037200e-02 1.275680e-01
96 8.602480e-01 1.033600e-02 1.294160e-01
97 8.584720e-01 1.028000e-02 1.312480e-01
98 8.568280e-01 1.007200e-02 1.331000e-01
99 8.548160e-01 1.031600e-02 1.348680e-01
100 8.529600e-01 1.041600e-02 1.366240e-01
101 8.511400e-01 1.039600e-02 1.384640e-01
102 8.492480e-01 1.056400e-02 1.401880e-01
103 8.473840e-01 1.063600e-02 1.419800e-01
104 8.454840e-01 1.056800e-02 1.439480e-01
105 8.435000e-01 1.054400e-02 1.459560e-01
106 8.417560e-01 1.039600e-02 1.478480e-01
107 8.401400e-01 1.034400e-02 1.495160e-01
108 8.382280e-01 1.044000e-02 1.513320e-01
109 8.363080e-01 1.056000e-02 1.531320e-01
110 8.345280e-01 1.060000e-02 1.548720e-01
111 8.326720e-01 1.043200e-02 1.568960e-01
112 8.308880e-01 1.037600e-02 1.587360e-01
113 8.290200e-01 1.040000e-02 1.605800e-01
114 8.272840e-01 1.022400e-02 1.624920e-01
115 8.256200e-01 1.020400e-02 1.641760e-01
116 8.238040e-01 1.012800e-02 1.660680e-01
117 8.219160e-01 1.020800e-02 1.678760e-01
118 8.203080e-01 1.000800e-02 1.696840e-01
119 8.186440e-01 9.812000e-03 1.715440e-01
120 8.171120e-01 9.500000e-03 1.733880e-01
121 8.156080e-01 9.388000e-03 1.750040e-01
122 8.140040e-01 9.432000e-03 1.765640e-01
123 8.125960e-01 9.220000e-03 1.781840e-01
124 8.110360e-01 9.152000e-03 1.798120e-01
125 8.093920e-01 9.268000e-03 1.813400e-01
126 8.080120e-01 9.180000e-03 1.828080e-01
127 8.065680e-01 8.980000e-03 1.844520e-01
128 8.051480e-01 8.760000e-03 1.860920e-01
129 8.038560e-01 8.512000e-03 1.876320e-01
130 8.024280e-01 8.308000e-03 1.892640e-01
131 8.010760e-01 8.188000e-03 1.907360e-01
132 7.997400e-01 8.112000e-03 1.921480e-01
133 7.983800e-01 8.108000e-03 1.935120e-01
134 7.970080e-01 8.044000e-03 1.949480e-01
135 7.955720e-01 8.152000e-03 1.962760e-01
136 7.941200e-01 8.316000e-03 1.975640e-01
137 7.927480e-01 8.200000e-03 1.990520e-01
138 7.914000e-01 8.036000e-03 2.005640e-01
139 7.899840e-01 8.060000e-03 2.019560e-01
140 7.887720e-01 7.844000e-03 2.033840e-01
141 7.875120e-01 7.768000e-03 2.047200e-01
142 7.862560e-01 7.672000e-03 2.060720e-01
143 7.850640e-01 7.580000e-03 2.073560e-01
144 7.838200e-01 7.472000e-03 2.087080e-01
145 7.828440e-01 7.200000e-03 2.099560e-01
146 7.815560e-01 7.196000e-03 2.112480e-01
147 7.805080e-01 6.992000e-03 2.125000e-01
148 7.794040e-01 6.848000e-03 2.137480e-01
149 7.779520e-01 7.040000e-03 2.150080e-01
150 7.767920e-01 7.000000e-03 2.162080e-01
151 7.755480e-01 7.064000e-03 2.173880e-01
152 7.743800e-01 7.016000e-03 2.186040e-01
153 7.731960e-01 6.992000e-03 2.198120e-01
154 7.719960e-01 7.048000e-03 2.209560e-01
155 7.707160e-01 7.012000e-03 2.222720e-01
156 7.694600e-01 6.992000e-03 2.235480e-01
157 7.682680e-01 6.868000e-03 2.248640e-01
158 7.671400e-01 6.800000e-03 2.260600e-01
159 7.660240e-01 6.704000e-03 2.272720e-01
160 7.648280e-01 6.724000e-03 2.284480e-01
161 7.636520e-01 6.756000e-03 2.295920e-01
162 7.625960e-01 6.596000e-03 2.308080e-01
163 7.613320e-01 6.676000e-03 2.319920e-01
164 7.601400e-01 6.636000e-03 2.332240e-01
165 7.590120e-01 6.576000e-03 2.344120e-01
166 7.579160e-01 6.620000e-03 2.354640e-01
167 7.567480e-01 6.748000e-03 2.365040e-01
168 7.556520e-01 6.752000e-03 2.375960e-01
169 7.544000e-01 6.804000e-03 2.387960e-01
170 7.532960e-01 6.772000e-03 2.399320e-01
171 7.519720e-01 7.016000e-03 2.410120e-01
172 7.506880e-01 7.092000e-03 2.422200e-01
173 7.494920e-01 7.072000e-03 2.434360e-01
174 7.483640e-01 6.932000e-03 2.447040e-01
175 7.473520e-01 6.740000e-03 2.459080e-01
176 7.464320e-01 6.432000e-03 2.471360e-01
177 7.454560e-01 6.316000e-03 2.482280e-01
178 7.444360e-01 6.412000e-03 2.491520e-01
179 7.434080e-01 6.400000e-03 2.501920e-01
180 7.424080e-01 6.236000e-03 2.513560e-01
181 7.413760e-01 6.172000e-03 2.524520e-01
182 7.404840e-01 5.968000e-03 2.535480e-01
183 7.394800e-01 5.972000e-03 2.545480e-01
184 7.385640e-01 5.808000e-03 2.556280e-01
185 7.376400e-01 5.684000e-03 2.566760e-01
186 7.367000e-01 5.620000e-03 2.576800e-01
187 7.358680e-01 5.444000e-03 2.586880e-01
188 7.350240e-01 5.408000e-03 2.595680e-01
189 7.340640e-01 5.420000e-03 2.605160e-01
190 7.331640e-01 5.456000e-03 2.613800e-01
191 7.321440e-01 5.512000e-03 2.623440e-01
192 7.312160e-01 5.500000e-03 2.632840e-01
193 7.303680e-01 5.512000e-03 2.641200e-01
194 7.293480e-01 5.480000e-03 2.651720e-01
195 7.284080e-01 5.432000e-03 2.661600e-01
196 7.274040e-01 5.472000e-03 2.671240e-01
197 7.264400e-01 5.404000e-03 2.681560e-01
198 7.254080e-01 5.456000e-03 2.691360e-01
199 7.244600e-01 5.388000e-03 2.701520e-01
200 7.234520e-01 5.556000e-03 2.709920e-01
201 7.224720e-01 5.576000e-03 2.719520e-01
202 7.216240e-01 5.420000e-03 2.729560e-01
203 7.206520e-01 5.500000e-03 2.738480e-01
204 7.196320e-01 5.628000e-03 2.747400e-01
205 7.187040e-01 5.528000e-03 2.757680e-01
206 7.177160e-01 5.616000e-03 2.766680e-01
207 7.167920e-01 5.556000e-03 2.776520e-01
208 7.158480e-01 5.488000e-03 2.786640e-01
209 7.148520e-01 5.540000e-03 2.796080e-01
210 7.139240e-01 5.604000e-03 2.804720e-01
211 7.130600e-01 5.480000e-03 2.814600e-01
212 7.122200e-01 5.424000e-03 2.823560e-01
213 7.111920e-01 5.524000e-03 2.832840e-01
214 7.102000e-01 5.580000e-03 2.842200e-01
215 7.092360e-01 5.664000e-03 2.851000e-01
216 7.083360e-01 5.572000e-03 2.860920e-01
217 7.074600e-01 5.524000e-03 2.870160e-01
218 7.065600e-01 5.488000e-03 2.879520e-01
219 7.055960e-01 5.476000e-03 2.889280e-01
220 7.047240e-01 5.416000e-03 2.898600e-01
221 7.038160e-01 5.312000e-03 2.908720e-01
222 7.028680e-01 5.392000e-03 2.917400e-01
223 7.020360e-01 5.332000e-03 2.926320e-01
224 7.011800e-01 5.276000e-03 2.935440e-01
225 7.003560e-01 5.092000e-03 2.945520e-01
226 6.995160e-01 5.028000e-03 2.954560e-01
227 6.986640e-01 4.968000e-03 2.963680e-01
228 6.978080e-01 4.984000e-03 2.972080e-01
229 6.969360e-01 4.976000e-03 2.980880e-01
230 6.961200e-01 4.888000e-03 2.989920e-01
231 6.952280e-01 4.816000e-03 2.999560e-01
232 6.942840e-01 4.928000e-03 3.007880e-01
233 6.934840e-01 4.844000e-03 3.016720e-01
234 6.926520e-01 4.888000e-03 3.024600e-01
235 6.917240e-01 4.968000e-03 3.033080e-01
236 6.907440e-01 5.072000e-03 3.041840e-01
237 6.898800e-01 4.956000e-03 3.051640e-01
238 6.889280e-01 5.096000e-03 3.059760e-01
239 6.880400e-01 5.028000e-03 3.069320e-01
240 6.872360e-01 4.864000e-03 3.079000e-01
241 6.863560e-01 4.980000e-03 3.086640e-01
242 6.855480e-01 4.928000e-03 3.095240e-01
243 6.847400e-01 4.856000e-03 3.104040e-01
244 6.840400e-01 4.688000e-03 3.112720e-01
245 6.833480e-01 4.544000e-03 3.121080e-01
246 6.826000e-01 4.512000e-03 3.128880e-01
247 6.819440e-01 4.372000e-03 3.136840e-01
248 6.811720e-01 4.272000e-03 3.145560e-01
249 6.804520e-01 4.220000e-03 3.153280e-01
250 6.797000e-01 4.312000e-03 3.159880e-01
251 6.790480e-01 4.132000e-03 3.168200e-01
252 6.784720e-01 4.028000e-03 3.175000e-01
253 6.778840e-01 3.868000e-03 3.182480e-01
254 6.772880e-01 3.808000e-03 3.189040e-01
255 6.767080e-01 3.656000e-03 3.196360e-01
256 6.761080e-01 3.552000e-03 3.203400e-01
257 6.754880e-01 3.496000e-03 3.210160e-01
258 6.748800e-01 3.520000e-03 3.216000e-01
259 6.742880e-01 3.552000e-03 3.221600e-01
260 6.736040e-01 3.680000e-03 3.227160e-01
261 6.728680e-01 3.736000e-03 3.233960e-01
262 6.722000e-01 3.728000e-03 3.240720e-01
263 6.714720e-01 3.764000e-03 3.247640e-01
264 6.707560e-01 3.860000e-03 3.253840e-01
265 6.701600e-01 3.780000e-03 3.260600e-01
266 6.695320e-01 3.732000e-03 3.267360e-01
267 6.687880e-01 3.808000e-03 3.274040e-01
268 6.680360e-01 3.904000e-03 3.280600e-01
269 6.673360e-01 3.896000e-03 3.287680e-01
270 6.665920e-01 4.000000e-03 3.294080e-01
271 6.660200e-01 3.940000e-03 3.300400e-01
272 6.653560e-01 3.952000e-03 3.306920e-01
273 6.646240e-01 3.916000e-03 3.314600e-01
274 6.641040e-01 3.792000e-03 3.321040e-01
275 6.633160e-01 3.964000e-03 3.327200e-01
276 6.625280e-01 4.028000e-03 3.334440e-01
277 6.617440e-01 3.996000e-03 3.342600e-01
278 6.610040e-01 3.992000e-03 3.350040e-01
279 6.603240e-01 3.972000e-03 3.357040e-01
280 6.595880e-01 4.036000e-03 3.363760e-01
281 6.588400e-01 4.068000e-03 3.370920e-01
282 6.581560e-01 4.068000e-03 3.377760e-01
283 6.574360e-01 3.996000e-03 3.385680e-01
284 6.567080e-01 4.052000e-03 3.392400e-01
285 6.560240e-01 4.056000e-03 3.399200e-01
286 6.552640e-01 4.120000e-03 3.406160e-01
287 6.545400e-01 4.148000e-03 3.413120e-01
288 6.538560e-01 4.164000e-03 3.419800e-01
289 6.532160e-01 3.904000e-03 3.428800e-01
290 6.525920e-01 3.860000e-03 3.435480e-01
291 6.519360e-01 3.772000e-03 3.442920e-01
292 6.512560e-01 3.832000e-03 3.449120e-01
293 6.505680e-01 3.904000e-03 3.455280e-01
294 6.497560e-01 4.044000e-03 3.462000e-01
295 6.490320e-01 3.976000e-03 3.469920e-01
296 6.483280e-01 3.968000e-03 3.477040e-01
297 6.476920e-01 3.912000e-03 3.483960e-01
298 6.471320e-01 3.744000e-03 3.491240e-01
299 6.464960e-01 3.700000e-03 3.498040e-01
300 6.459000e-01 3.612000e-03 3.504880e-01
301 6.453240e-01 3.564000e-03 3.511120e-01
302 6.447120e-01 3.548000e-03 3.517400e-01
303 6.440280e-01 3.652000e-03 3.523200e-01
304 6.434680e-01 3.556000e-03 3.529760e-01
305 6.429360e-01 3.472000e-03 3.535920e-01
306 6.422560e-01 3.552000e-03 3.541920e-01
307 6.417360e-01 3.448000e-03 3.548160e-01
308 6.410880e-01 3.424000e-03 3.554880e-01
309 6.405040e-01 3.360000e-03 3.561360e-01
310 6.399960e-01 3.256000e-03 3.567480e-01
311 6.395320e-01 3.180000e-03 3.572880e-01
312 6.388960e-01 3.296000e-03 3.578080e-01
313 6.383320e-01 3.300000e-03 3.583680e-01
314 6.378520e-01 3.276000e-03 3.588720e-01
315 6.372840e-01 3.296000e-03 3.594200e-01
316 6.367120e-01 3.244000e-03 3.600440e-01
317 6.362120e-01 3.184000e-03 3.606040e-01
318 6.357320e-01 3.104000e-03 3.611640e-01
319 6.352360e-01 3.000000e-03 3.617640e-01
320 6.347240e-01 2.988000e-03 3.622880e-01
321 6.341760e-01 3.024000e-03 3.628000e-01
322 6.336000e-01 3.120000e-03 3.632800e-01
323 6.330760e-01 3.172000e-03 3.637520e-01
324 6.325080e-01 3.164000e-03 3.643280e-01
325 6.319320e-01 3.104000e-03 3.649640e-01
326 6.313280e-01 3.232000e-03 3.654400e-01
327 6.306080e-01 3.428000e-03 3.659640e-01
328 6.300040e-01 3.408000e-03 3.665880e-01
329 6.293640e-01 3.432000e-03 3.672040e-01
330 6.287160e-01 3.540000e-03 3.677440e-01
331 6.281120e-01 3.520000e-03 3.683680e-01
332 6.275680e-01 3.424000e-03 3.690080e-01
333 6.270720e-01 3.312000e-03 3.696160e-01
334 6.265480e-01 3.324000e-03 3.701280e-01
335 6.260240e-01 3.276000e-03 3.707000e-01
336 6.254680e-01 3.184000e-03 3.713480e-01
337 6.250360e-01 3.128000e-03 3.718360e-01
338 6.245680e-01 3.108000e-03 3.723240e-01
339 6.240560e-01 3.092000e-03 3.728520e-01
340 6.236240e-01 3.104000e-03 3.732720e-01
341 6.231920e-01 3.020000e-03 3.737880e-01
342 6.226600e-01 3.028000e-03 3.743120e-01
343 6.221520e-01 3.060000e-03 3.747880e-01
344 6.216880e-01 3.032000e-03 3.752800e-01
345 6.212400e-01 2.916000e-03 3.758440e-01
346 6.208360e-01 2.848000e-03 3.763160e-01
347 6.204400e-01 2.764000e-03 3.767960e-01
348 6.199600e-01 2.692000e-03 3.773480e-01
349 6.194560e-01 2.700000e-03 3.778440e-01
350 6.189560e-01 2.732000e-03 3.783120e-01
351 6.186040e-01 2.628000e-03 3.787680e-01
352 6.182680e-01 2.520000e-03 3.792120e-01
353 6.179200e-01 2.424000e-03 3.796560e-01
354 6.175800e-01 2.360000e-03 3.800600e-01
355 6.173120e-01 2.268000e-03 3.804200e-01
356 6.169440e-01 2.212000e-03 3.808440e-01
357 6.166840e-01 2.092000e-03 3.812240e-01
358 6.164240e-01 1.928000e-03 3.816480e-01
359 6.161520e-01 1.876000e-03 3.819720e-01
360 6.159120e-01 1.788000e-03 3.823000e-01
361 6.156080e-01 1.740000e-03 3.826520e-01
362 6.153480e-01 1.736000e-03 3.829160e-01
363 6.151400e-01 1.676000e-03 3.831840e-01
364 6.148920e-01 1.652000e-03 3.834560e-01
365 6.146320e-01 1.660000e-03 3.837080e-01
366 6.143680e-01 1.608000e-03 3.840240e-01
367 6.141400e-01 1.560000e-03 3.843000e-01
368 6.138480e-01 1.600000e-03 3.845520e-01
369 6.136240e-01 1.536000e-03 3.848400e-01
370 6.134000e-01 1.508000e-03 3.850920e-01
371 6.131080e-01 1.552000e-03 3.853400e-01
372 6.128360e-01 1.624000e-03 3.855400e-01
373 6.125440e-01 1.620000e-03 3.858360e-01
374 6.122760e-01 1.580000e-03 3.861440e-01
375 6.120160e-01 1.572000e-03 3.864120e-01
376 6.117400e-01 1.588000e-03 3.866720e-01
377 6.115200e-01 1.548000e-03 3.869320e-01
378 6.112400e-01 1.604000e-03 3.871560e-01
379 6.109520e-01 1.576000e-03 3.874720e-01
380 6.106880e-01 1.560000e-03 3.877520e-01
381 6.103760e-01 1.584000e-03 3.880400e-01
382 6.101320e-01 1.532000e-03 3.883360e-01
383 6.098800e-01 1.512000e-03 3.886080e-01
384 6.095800e-01 1.552000e-03 3.888680e-01
385 6.093320e-01 1.500000e-03 3.891680e-01
386 6.091200e-01 1.476000e-03 3.894040e-01
387 6.089000e-01 1.504000e-03 3.895960e-01
388 6.085960e-01 1.508000e-03 3.898960e-01
389 6.082760e-01 1.504000e-03 3.902200e-01
390 6.080320e-01 1.460000e-03 3.905080e-01
391 6.077680e-01 1.484000e-03 3.907480e-01
392 6.075240e-01 1.424000e-03 3.910520e-01
393 6.072560e-01 1.428000e-03 3.913160e-01
394 6.069920e-01 1.408000e-03 3.916000e-01
395 6.067800e-01 1.360000e-03 3.918600e-01
396 6.065560e-01 1.384000e-03 3.920600e-01
397 6.063520e-01 1.340000e-03 3.923080e-01
398 6.061640e-01 1.332000e-03 3.925040e-01
399 6.059760e-01 1.292000e-03 3.927320e-01
400 6.058120e-01 1.192000e-03 3.929960e-01
401 6.056440e-01 1.164000e-03 3.931920e-01
402 6.055560e-01 1.016000e-03 3.934280e-01
403 6.053880e-01 1.016000e-03 3.935960e-01
404 6.051960e-01 1.040000e-03 3.937640e-01
405 6.050040e-01 1.048000e-03 3.939480e-01
406 6.048400e-01 1.044000e-03 3.941160e-01
407 6.046440e-01 1.084000e-03 3.942720e-01
408 6.044440e-01 1.056000e-03 3.945000e-01
409 6.042480e-01 1.084000e-03 3.946680e-01
410 6.041040e-01 1.060000e-03 3.948360e-01
411 6.039040e-01 1.088000e-03 3.950080e-01
412 6.037240e-01 1.092000e-03 3.951840e-01
413 6.035920e-01 9.960000e-04 3.954120e-01
414 6.034760e-01 9.440000e-04 3.955800e-01
415 6.032960e-01 9.760000e-04 3.957280e-01
416 6.031360e-01 9.760000e-04 3.958880e-01
417 6.029800e-01 9.640000e-04 3.960560e-01
418 6.028360e-01 9.440000e-04 3.962200e-01
419 6.026800e-01 9.840000e-04 3.963360e-01
420 6.025480e-01 9.160000e-04 3.965360e-01
421 6.024120e-01 9.160000e-04 3.966720e-01
422 6.022360e-01 9.520000e-04 3.968120e-01
423 6.020960e-01 9.360000e-04 3.969680e-01
424 6.019720e-01 9.040000e-04 3.971240e-01
425 6.018360e-01 9.200000e-04 3.972440e-01
426 6.017160e-01 8.840000e-04 3.974000e-01
427 6.015920e-01 8.720000e-04 3.975360e-01
428 6.014560e-01 8.320000e-04 3.977120e-01
429 6.012720e-01 8.760000e-04 3.978520e-01
430 6.011440e-01 8.600000e-04 3.979960e-01
431 6.009600e-01 9.040000e-04 3.981360e-01
432 6.008360e-01 8.880000e-04 3.982760e-01
433 6.007120e-01 8.720000e-04 3.984160e-01
434 6.005760e-01 8.360000e-04 3.985880e-01
435 6.004600e-01 7.920000e-04 3.987480e-01
436 6.003880e-01 7.320000e-04 3.988800e-01
437 6.003120e-01 6.760000e-04 3.990120e-01
438 6.002600e-01 6.200000e-04 3.991200e-01
439 6.001800e-01 5.840000e-04 3.992360e-01
440 6.000800e-01 4.920000e-04 3.994280e-01
441 5.999960e-01 5.040000e-04 3.995000e-01
442 5.998960e-01 4.960000e-04 3.996080e-01
443 5.997960e-01 5.000000e-04 3.997040e-01
444 5.996640e-01 5.400000e-04 3.997960e-01
445 5.995520e-01 5.360000e-04 3.999120e-01
446 5.994440e-01 5.640000e-04 3.999920e-01
447 5.992760e-01 6.480000e-04 4.000760e-01
448 5.991720e-01 6.600000e-04 4.001680e-01
449 5.990800e-01 6.560000e-04 4.002640e-01
450 5.990120e-01 6.160000e-04 4.003720e-01
451 5.989240e-01 5.880000e-04 4.004880e-01
452 5.988120e-01 6.040000e-04 4.005840e-01
453 5.987200e-01 6.280000e-04 4.006520e-01
454 5.986280e-01 6.160000e-04 4.007560e-01
455 5.985560e-01 5.800000e-04 4.008640e-01
456 5.984600e-01 5.840000e-04 4.009560e-01
457 5.983800e-01 5.600000e-04 4.010600e-01
458 5.982920e-01 5.320000e-04 4.011760e-01
459 5.981920e-01 5.760000e-04 4.012320e-01
460 5.980840e-01 5.800000e-04 4.013360e-01
461 5.979680e-01 6.000000e-04 4.014320e-01
462 5.978800e-01 5.560000e-04 4.015640e-01
463 5.977880e-01 5.240000e-04 4.016880e-01
464 5.977120e-01 5.360000e-04 4.017520e-01
465 5.976360e-01 5.000000e-04 4.018640e-01
466 5.975240e-01 5.160000e-04 4.019600e-01
467 5.974200e-01 5.000000e-04 4.020800e-01
468 5.973240e-01 5.120000e-04 4.021640e-01
469 5.972200e-01 5.480000e-04 4.022320e-01
470 5.971480e-01 5.200000e-04 4.023320e-01
471 5.970880e-01 5.160000e-04 4.023960e-01
472 5.970480e-01 4.840000e-04 4.024680e-01
473 5.969960e-01 4.760000e-04 4.025280e-01
474 5.969400e-01 4.760000e-04 4.025840e-01
475 5.969040e-01 4.200000e-04 4.026760e-01
476 5.968800e-01 3.480000e-04 4.027720e-01
477 5.968560e-01 2.760000e-04 4.028680e-01
478 5.968240e-01 2.520000e-04 4.029240e-01
479 5.968160e-01 2.440000e-04 4.029400e-01
480 5.967840e-01 2.280000e-04 4.029880e-01
481 5.967760e-01 1.920000e-04 4.030320e-01
482 5.967600e-01 1.800000e-04 4.030600e-01
483 5.967240e-01 1.920000e-04 4.030840e-01
484 5.967120e-01 1.800000e-04 4.031080e-01
485 5.966880e-01 1.480000e-04 4.031640e-01
486 5.966520e-01 1.560000e-04 4.031920e-01
487 5.966040e-01 1.680000e-04 4.032280e-01
488 5.965760e-01 1.480000e-04 4.032760e-01
489 5.965600e-01 1.520000e-04 4.032880e-01
490 5.965440e-01 1.600000e-04 4.032960e-01
491 5.965320e-01 1.440000e-04 4.033240e-01
492 5.965080e-01 1.440000e-04 4.033480e-01
493 5.964440e-01 1.960000e-04 4.033600e-01
494 5.964160e-01 1.880000e-04 4.033960e-01
495 5.964080e-01 1.680000e-04 4.034240e-01
496 5.964000e-01 1.320000e-04 4.034680e-01
497 5.963800e-01 1.200000e-04 4.035000e-01
498 5.963640e-01 1.160000e-04 4.035200e-01
499 5.963440e-01 1.240000e-04 4.035320e-01
500 5.963040e-01 1.400000e-04 4.035560e-01
