1 9.992000e-01 7.120000e-04 8.800000e-05
2 9.986320e-01 1.104000e-03 2.640000e-04
3 9.979400e-01 1.564000e-03 4.960000e-04
4 9.972120e-01 1.932000e-03 8.560000e-04
5 9.964960e-01 2.268000e-03 1.236000e-03
6 9.956680e-01 2.648000e-03 1.684000e-03
7 9.948200e-01 3.000000e-03 2.180000e-03
8 9.938600e-01 3.404000e-03 2.736000e-03
9 9.929280e-01 3.692000e-03 3.380000e-03
10 9.918920e-01 4.016000e-03 4.092000e-03
11 9.909080e-01 4.252000e-03 4.840000e-03
12 9.899680e-01 4.392000e-03 5.640000e-03
13 9.889560e-01 4.636000e-03 6.408000e-03
14 9.878720e-01 4.860000e-03 7.268000e-03
15 9.869360e-01 4.972000e-03 8.092000e-03
16 9.858360e-01 5.172000e-03 8.992000e-03
17 9.847440e-01 5.324000e-03 9.932000e-03
18 9.836280e-01 5.496000e-03 1.087600e-02
19 9.825600e-01 5.696000e-03 1.174400e-02
20 9.815160e-01 5.836000e-03 1.264800e-02
21 9.803720e-01 6.056000e-03 1.357200e-02
22 9.791320e-01 6.136000e-03 1.473200e-02
23 9.780160e-01 6.152000e-03 1.583200e-02
24 9.768560e-01 6.084000e-03 1.706000e-02
25 9.756960e-01 6.076000e-03 1.822800e-02
26 9.745480e-01 6.172000e-03 1.928000e-02
27 9.734600e-01 6.136000e-03 2.040400e-02
28 9.720960e-01 6.352000e-03 2.155200e-02
29 9.707840e-01 6.600000e-03 2.261600e-02
30 9.694600e-01 6.816000e-03 2.372400e-02
31 9.681400e-01 6.860000e-03 2.500000e-02
32 9.669160e-01 6.876000e-03 2.620800e-02
33 9.655520e-01 6.944000e-03 2.750400e-02
34 9.641960e-01 7.128000e-03 2.867600e-02
35 9.626520e-01 7.352000e-03 2.999600e-02
36 9.610960e-01 7.540000e-03 3.136400e-02
37 9.595360e-01 7.692000e-03 3.277200e-02
38 9.580240e-01 7.788000e-03 3.418800e-02
39 9.565800e-01 7.936000e-03 3.548400e-02
40 9.549280e-01 8.160000e-03 3.691200e-02
41 9.533200e-01 8.328000e-03 3.835200e-02
42 9.515560e-01 8.668000e-03 3.977600e-02
43 9.497720e-01 8.968000e-03 4.126000e-02
44 9.480360e-01 9.192000e-03 4.277200e-02
45 9.463120e-01 9.436000e-03 4.425200e-02
46 9.446080e-01 9.504000e-03 4.588800e-02
47 9.429840e-01 9.528000e-03 4.748800e-02
48 9.414000e-01 9.556000e-03 4.904400e-02
49 9.396120e-01 9.680000e-03 5.070800e-02
50 9.378560e-01 9.820000e-03 5.232400e-02
51 9.361120e-01 9.668000e-03 5.422000e-02
52 9.344000e-01 9.576000e-03 5.602400e-02
53 9.324920e-01 9.904000e-03 5.760400e-02
54 9.306520e-01 9.908000e-03 5.944000e-02
55 9.288080e-01 9.928000e-03 6.126400e-02
56 9.269440e-01 1.014800e-02 6.290800e-02
57 9.252080e-01 1.006400e-02 6.472800e-02
58 9.234040e-01 1.035600e-02 6.624000e-02
59 9.217440e-01 1.032800e-02 6.792800e-02
60 9.199840e-01 1.021200e-02 6.980400e-02
61 9.181440e-01 1.020400e-02 7.165200e-02
62 9.164040e-01 1.007600e-02 7.352000e-02
63 9.148000e-01 9.924000e-03 7.527600e-02
64 9.132160e-01 9.816000e-03 7.696800e-02
65 9.115360e-01 9.704000e-03 7.876000e-02
66 9.098280e-01 9.844000e-03 8.032800e-02
67 9.082640e-01 9.584000e-03 8.215200e-02
68 9.067040e-01 9.548000e-03 8.374800e-02
69 9.049760e-01 9.648000e-03 8.537600e-02
70 9.033520e-01 9.608000e-03 8.704000e-02
71 9.017960e-01 9.444000e-03 8.876000e-02
72 9.003040e-01 9.180000e-03 9.051600e-02
73 8.987840e-01 9.212000e-03 9.200400e-02
74 8.972640e-01 9.084000e-03 9.365200e-02
75 8.956400e-01 8.972000e-03 9.538800e-02
76 8.939560e-01 9.048000e-03 9.699600e-02
77 8.923080e-01 9.084000e-03 9.860800e-02
78 8.907680e-01 9.012000e-03 1.002200e-01
79 8.891200e-01 9.088000e-03 1.017920e-01
80 8.875080e-01 9.044000e-03 1.034480e-01
81 8.858400e-01 9.172000e-03 1.049880e-01
82 8.841960e-01 9.200000e-03 1.066040e-01
83 8.825040e-01 9.200000e-03 1.082960e-01
84 8.808080e-01 9.176000e-03 1.100160e-01
85 8.792200e-01 9.200000e-03 1.115800e-01
86 8.776840e-01 9.084000e-03 1.132320e-01
87 8.760280e-01 9.324000e-03 1.146480e-01
88 8.743600e-01 9.352000e-03 1.162880e-01
89 8.726360e-01 9.444000e-03 1.179200e-01
90 8.709080e-01 9.484000e-03 1.196080e-01
91 8.694240e-01 9.256000e-03 1.213200e-01
92 8.679960e-01 9.056000e-03 1.229480e-01
93 8.665520e-01 8.904000e-03 1.245440e-01
94 8.649040e-01 9.028000e-03 1.260680e-01
95 8.633120e-01 9.048000e-03 1.276400e-01
96 8.617720e-01 9.060000e-03 1.291680e-01
97 8.602160e-01 8.948000e-03 1.308360e-01
98 8.587120e-01 8.952000e-03 1.323360e-01
99 8.571160e-01 8.912000e-03 1.339720e-01
100 8.555760e-01 8.836000e-03 1.355880e-01
101 8.540680e-01 8.704000e-03 1.372280e-01
102 8.525280e-01 8.764000e-03 1.387080e-01
103 8.509560e-01 8.828000e-03 1.402160e-01
104 8.495560e-01 8.616000e-03 1.418280e-01
105 8.481880e-01 8.572000e-03 1.432400e-01
106 8.467480e-01 8.540000e-03 1.447120e-01
107 8.453600e-01 8.404000e-03 1.462360e-01
108 8.439720e-01 8.496000e-03 1.475320e-01
109 8.423520e-01 8.588000e-03 1.490600e-01
110 8.409760e-01 8.584000e-03 1.504400e-01
111 8.395880e-01 8.524000e-03 1.518880e-01
112 8.381360e-01 8.492000e-03 1.533720e-01
113 8.365400e-01 8.704000e-03 1.547560e-01
114 8.351680e-01 8.572000e-03 1.562600e-01
115 8.338160e-01 8.496000e-03 1.576880e-01
116 8.324920e-01 8.324000e-03 1.591840e-01
117 8.311600e-01 8.156000e-03 1.606840e-01
118 8.298000e-01 8.144000e-03 1.620560e-01
119 8.284680e-01 8.084000e-03 1.634480e-01
120 8.271960e-01 7.884000e-03 1.649200e-01
121 8.257640e-01 8.028000e-03 1.662080e-01
122 8.245160e-01 7.880000e-03 1.676040e-01
123 8.231440e-01 8.036000e-03 1.688200e-01
124 8.218560e-01 7.912000e-03 1.702320e-01
125 8.204320e-01 8.060000e-03 1.715080e-01
126 8.190760e-01 7.948000e-03 1.729760e-01
127 8.177120e-01 7.944000e-03 1.743440e-01
128 8.163960e-01 7.728000e-03 1.758760e-01
129 8.151680e-01 7.664000e-03 1.771680e-01
130 8.138360e-01 7.704000e-03 1.784600e-01
131 8.125120e-01 7.616000e-03 1.798720e-01
132 8.112080e-01 7.648000e-03 1.811440e-01
133 8.098560e-01 7.768000e-03 1.823760e-01
134 8.084680e-01 7.792000e-03 1.837400e-01
135 8.071480e-01 7.636000e-03 1.852160e-01
136 8.056440e-01 7.684000e-03 1.866720e-01
137 8.042680e-01 7.640000e-03 1.880920e-01
138 8.028720e-01 7.744000e-03 1.893840e-01
139 8.015120e-01 7.776000e-03 1.907120e-01
140 8.002880e-01 7.732000e-03 1.919800e-01
141 7.990360e-01 7.576000e-03 1.933880e-01
142 7.977760e-01 7.476000e-03 1.947480e-01
143 7.965480e-01 7.568000e-03 1.958840e-01
144 7.952560e-01 7.572000e-03 1.971720e-01
145 7.940480e-01 7.448000e-03 1.985040e-01
146 7.929360e-01 7.384000e-03 1.996800e-01
147 7.917720e-01 7.340000e-03 2.008880e-01
148 7.905400e-01 7.264000e-03 2.021960e-01
149 7.894080e-01 7.280000e-03 2.033120e-01
150 7.880960e-01 7.272000e-03 2.046320e-01
151 7.867600e-01 7.416000e-03 2.058240e-01
152 7.855400e-01 7.316000e-03 2.071440e-01
153 7.843720e-01 7.108000e-03 2.085200e-01
154 7.831640e-01 7.020000e-03 2.098160e-01
155 7.820320e-01 6.900000e-03 2.110680e-01
156 7.807960e-01 7.028000e-03 2.121760e-01
157 7.796840e-01 6.972000e-03 2.133440e-01
158 7.785640e-01 6.820000e-03 2.146160e-01
159 7.774360e-01 6.676000e-03 2.158880e-01
160 7.762520e-01 6.712000e-03 2.170360e-01
161 7.751160e-01 6.656000e-03 2.182280e-01
162 7.739520e-01 6.676000e-03 2.193720e-01
163 7.727400e-01 6.680000e-03 2.205800e-01
164 7.715840e-01 6.620000e-03 2.217960e-01
165 7.704400e-01 6.652000e-03 2.229080e-01
166 7.693880e-01 6.572000e-03 2.240400e-01
167 7.683040e-01 6.468000e-03 2.252280e-01
168 7.671920e-01 6.588000e-03 2.262200e-01
169 7.659280e-01 6.780000e-03 2.272920e-01
170 7.647160e-01 6.708000e-03 2.285760e-01
171 7.635360e-01 6.808000e-03 2.296560e-01
172 7.623520e-01 6.804000e-03 2.308440e-01
173 7.611720e-01 6.812000e-03 2.320160e-01
174 7.601640e-01 6.632000e-03 2.332040e-01
175 7.590640e-01 6.548000e-03 2.343880e-01
176 7.580200e-01 6.408000e-03 2.355720e-01
177 7.570840e-01 6.248000e-03 2.366680e-01
178 7.561240e-01 6.216000e-03 2.376600e-01
179 7.548840e-01 6.376000e-03 2.387400e-01
180 7.537080e-01 6.404000e-03 2.398880e-01
181 7.526000e-01 6.276000e-03 2.411240e-01
182 7.514880e-01 6.188000e-03 2.423240e-01
183 7.503240e-01 6.268000e-03 2.434080e-01
184 7.491680e-01 6.368000e-03 2.444640e-01
185 7.480360e-01 6.252000e-03 2.457120e-01
186 7.468600e-01 6.392000e-03 2.467480e-01
187 7.456680e-01 6.464000e-03 2.478680e-01
188 7.445680e-01 6.388000e-03 2.490440e-01
189 7.433520e-01 6.512000e-03 2.501360e-01
190 7.422560e-01 6.432000e-03 2.513120e-01
191 7.410760e-01 6.644000e-03 2.522800e-01
192 7.399800e-01 6.620000e-03 2.534000e-01
193 7.388920e-01 6.592000e-03 2.545160e-01
194 7.376520e-01 6.692000e-03 2.556560e-01
195 7.364840e-01 6.620000e-03 2.568960e-01
196 7.354000e-01 6.492000e-03 2.581080e-01
197 7.342760e-01 6.520000e-03 2.592040e-01
198 7.331880e-01 6.440000e-03 2.603720e-01
199 7.321160e-01 6.384000e-03 2.615000e-01
200 7.310920e-01 6.388000e-03 2.625200e-01
201 7.301560e-01 6.284000e-03 2.635600e-01
202 7.291280e-01 6.204000e-03 2.646680e-01
203 7.281360e-01 6.172000e-03 2.656920e-01
204 7.271360e-01 6.132000e-03 2.667320e-01
205 7.259400e-01 6.200000e-03 2.678600e-01
206 7.249000e-01 6.228000e-03 2.688720e-01
207 7.237280e-01 6.192000e-03 2.700800e-01
208 7.227200e-01 6.092000e-03 2.711880e-01
209 7.216640e-01 6.144000e-03 2.721920e-01
210 7.207560e-01 5.916000e-03 2.733280e-01
211 7.197800e-01 5.868000e-03 2.743520e-01
212 7.189200e-01 5.808000e-03 2.752720e-01
213 7.179000e-01 5.868000e-03 2.762320e-01
214 7.169680e-01 5.776000e-03 2.772560e-01
215 7.160480e-01 5.672000e-03 2.782800e-01
216 7.150320e-01 5.708000e-03 2.792600e-01
217 7.140680e-01 5.660000e-03 2.802720e-01
218 7.130680e-01 5.664000e-03 2.812680e-01
219 7.120200e-01 5.568000e-03 2.824120e-01
220 7.110560e-01 5.544000e-03 2.834000e-01
221 7.101760e-01 5.360000e-03 2.844640e-01
222 7.092160e-01 5.400000e-03 2.853840e-01
223 7.082880e-01 5.356000e-03 2.863560e-01
224 7.073600e-01 5.324000e-03 2.873160e-01
225 7.064680e-01 5.288000e-03 2.882440e-01
226 7.055760e-01 5.268000e-03 2.891560e-01
227 7.046640e-01 5.244000e-03 2.900920e-01
228 7.038760e-01 5.136000e-03 2.909880e-01
229 7.031520e-01 4.968000e-03 2.918800e-01
230 7.025480e-01 4.652000e-03 2.928000e-01
231 7.018120e-01 4.516000e-03 2.936720e-01
232 7.010600e-01 4.520000e-03 2.944200e-01
233 7.003120e-01 4.504000e-03 2.951840e-01
234 6.995960e-01 4.464000e-03 2.959400e-01
235 6.988160e-01 4.448000e-03 2.967360e-01
236 6.981520e-01 4.356000e-03 2.974920e-01
237 6.973680e-01 4.408000e-03 2.982240e-01
238 6.967560e-01 4.228000e-03 2.990160e-01
239 6.960200e-01 4.160000e-03 2.998200e-01
240 6.953240e-01 4.064000e-03 3.006120e-01
241 6.945760e-01 4.052000e-03 3.013720e-01
242 6.940360e-01 3.876000e-03 3.020880e-01
243 6.932640e-01 4.044000e-03 3.026920e-01
244 6.926400e-01 4.004000e-03 3.033560e-01
245 6.919880e-01 4.052000e-03 3.039600e-01
246 6.913000e-01 3.960000e-03 3.047400e-01
247 6.906000e-01 4.020000e-03 3.053800e-01
248 6.900360e-01 3.920000e-03 3.060440e-01
249 6.893360e-01 3.976000e-03 3.066880e-01
250 6.887080e-01 3.964000e-03 3.073280e-01
251 6.880800e-01 3.936000e-03 3.079840e-01
252 6.873880e-01 3.972000e-03 3.086400e-01
253 6.867360e-01 3.892000e-03 3.093720e-01
254 6.859800e-01 4.016000e-03 3.100040e-01
255 6.852760e-01 3.932000e-03 3.107920e-01
256 6.844240e-01 4.096000e-03 3.114800e-01
257 6.837080e-01 4.180000e-03 3.121120e-01
258 6.829360e-01 4.216000e-03 3.128480e-01
259 6.821280e-01 4.292000e-03 3.135800e-01
260 6.814360e-01 4.196000e-03 3.143680e-01
261 6.807080e-01 4.156000e-03 3.151360e-01
262 6.799560e-01 4.216000e-03 3.158280e-01
263 6.791480e-01 4.328000e-03 3.165240e-01
264 6.784920e-01 4.276000e-03 3.172320e-01
265 6.777600e-01 4.228000e-03 3.180120e-01
266 6.770840e-01 4.120000e-03 3.187960e-01
267 6.763400e-01 4.152000e-03 3.195080e-01
268 6.755600e-01 4.216000e-03 3.202240e-01
269 6.748320e-01 4.228000e-03 3.209400e-01
270 6.740760e-01 4.208000e-03 3.217160e-01
271 6.733640e-01 4.116000e-03 3.225200e-01
272 6.727840e-01 3.916000e-03 3.233000e-01
273 6.721160e-01 3.808000e-03 3.240760e-01
274 6.714160e-01 3.788000e-03 3.247960e-01
275 6.707560e-01 3.732000e-03 3.255120e-01
276 6.699800e-01 3.776000e-03 3.262440e-01
277 6.693520e-01 3.748000e-03 3.269000e-01
278 6.686040e-01 3.832000e-03 3.275640e-01
279 6.678960e-01 3.928000e-03 3.281760e-01
280 6.672360e-01 3.824000e-03 3.289400e-01
281 6.665480e-01 3.844000e-03 3.296080e-01
282 6.657600e-01 3.932000e-03 3.303080e-01
283 6.650480e-01 3.952000e-03 3.310000e-01
284 6.643520e-01 4.004000e-03 3.316440e-01
285 6.636600e-01 3.936000e-03 3.324040e-01
286 6.628240e-01 4.112000e-03 3.330640e-01
287 6.620600e-01 4.084000e-03 3.338560e-01
288 6.613720e-01 4.092000e-03 3.345360e-01
289 6.606240e-01 4.152000e-03 3.352240e-01
290 6.599560e-01 4.092000e-03 3.359520e-01
291 6.593720e-01 3.972000e-03 3.366560e-01
292 6.587600e-01 3.804000e-03 3.374360e-01
293 6.581400e-01 3.840000e-03 3.380200e-01
294 6.574680e-01 3.848000e-03 3.386840e-01
295 6.568480e-01 3.788000e-03 3.393640e-01
296 6.561080e-01 3.856000e-03 3.400360e-01
297 6.554840e-01 3.836000e-03 3.406800e-01
298 6.548040e-01 3.956000e-03 3.412400e-01
299 6.541680e-01 3.932000e-03 3.419000e-01
300 6.534880e-01 3.912000e-03 3.426000e-01
301 6.529960e-01 3.728000e-03 3.432760e-01
302 6.524440e-01 3.612000e-03 3.439440e-01
303 6.519080e-01 3.516000e-03 3.445760e-01
304 6.514440e-01 3.324000e-03 3.452320e-01
305 6.508520e-01 3.416000e-03 3.457320e-01
306 6.503520e-01 3.352000e-03 3.462960e-01
307 6.498400e-01 3.304000e-03 3.468560e-01
308 6.491760e-01 3.384000e-03 3.474400e-01
309 6.486160e-01 3.396000e-03 3.479880e-01
310 6.479640e-01 3.384000e-03 3.486520e-01
311 6.473920e-01 3.440000e-03 3.491680e-01
312 6.468280e-01 3.324000e-03 3.498480e-01
313 6.462520e-01 3.320000e-03 3.504280e-01
314 6.456880e-01 3.264000e-03 3.510480e-01
315 6.451920e-01 3.264000e-03 3.515440e-01
316 6.446240e-01 3.216000e-03 3.521600e-01
317 6.441360e-01 3.140000e-03 3.527240e-01
318 6.436120e-01 3.144000e-03 3.532440e-01
319 6.430800e-01 3.108000e-03 3.538120e-01
320 6.425680e-01 3.028000e-03 3.544040e-01
321 6.419760e-01 3.092000e-03 3.549320e-01
322 6.412920e-01 3.204000e-03 3.555040e-01
323 6.407720e-01 3.192000e-03 3.560360e-01
324 6.402960e-01 3.176000e-03 3.565280e-01
325 6.398040e-01 3.040000e-03 3.571560e-01
326 6.393200e-01 3.048000e-03 3.576320e-01
327 6.388640e-01 2.976000e-03 3.581600e-01
328 6.384120e-01 2.872000e-03 3.587160e-01
329 6.378760e-01 2.988000e-03 3.591360e-01
330 6.372720e-01 3.132000e-03 3.595960e-01
331 6.366560e-01 3.236000e-03 3.601080e-01
332 6.361320e-01 3.232000e-03 3.606360e-01
333 6.355480e-01 3.268000e-03 3.611840e-01
334 6.350440e-01 3.216000e-03 3.617400e-01
335 6.345480e-01 3.168000e-03 3.622840e-01
336 6.341720e-01 3.024000e-03 3.628040e-01
337 6.337440e-01 2.940000e-03 3.633160e-01
338 6.333080e-01 2.860000e-03 3.638320e-01
339 6.328320e-01 2.856000e-03 3.643120e-01
340 6.323640e-01 2.752000e-03 3.648840e-01
341 6.319320e-01 2.708000e-03 3.653600e-01
342 6.315320e-01 2.676000e-03 3.657920e-01
343 6.310240e-01 2.820000e-03 3.661560e-01
344 6.305240e-01 2.820000e-03 3.666560e-01
345 6.300360e-01 2.836000e-03 3.671280e-01
346 6.295560e-01 2.832000e-03 3.676120e-01
347 6.291760e-01 2.728000e-03 3.680960e-01
348 6.287080e-01 2.708000e-03 3.685840e-01
349 6.283240e-01 2.620000e-03 3.690560e-01
350 6.279600e-01 2.604000e-03 3.694360e-01
351 6.275080e-01 2.608000e-03 3.698840e-01
352 6.270760e-01 2.624000e-03 3.703000e-01
353 6.266120e-01 2.604000e-03 3.707840e-01
354 6.261880e-01 2.548000e-03 3.712640e-01
355 6.257720e-01 2.468000e-03 3.717600e-01
356 6.253800e-01 2.452000e-03 3.721680e-01
357 6.249640e-01 2.456000e-03 3.725800e-01
358 6.245600e-01 2.420000e-03 3.730200e-01
359 6.241400e-01 2.392000e-03 3.734680e-01
360 6.237320e-01 2.400000e-03 3.738680e-01
361 6.233760e-01 2.304000e-03 3.743200e-01
362 6.229880e-01 2.252000e-03 3.747600e-01
363 6.225800e-01 2.212000e-03 3.752080e-01
364 6.221280e-01 2.280000e-03 3.755920e-01
365 6.217400e-01 2.252000e-03 3.760080e-01
366 6.213000e-01 2.268000e-03 3.764320e-01
367 6.208960e-01 2.272000e-03 3.768320e-01
368 6.204680e-01 2.352000e-03 3.771800e-01
369 6.200560e-01 2.412000e-03 3.775320e-01
370 6.196040e-01 2.456000e-03 3.779400e-01
371 6.191840e-01 2.452000e-03 3.783640e-01
372 6.187520e-01 2.472000e-03 3.787760e-01
373 6.183400e-01 2.396000e-03 3.792640e-01
374 6.178520e-01 2.488000e-03 3.796600e-01
375 6.173720e-01 2.492000e-03 3.801360e-01
376 6.170000e-01 2.520000e-03 3.804800e-01
377 6.165280e-01 2.560000e-03 3.809120e-01
378 6.160520e-01 2.600000e-03 3.813480e-01
379 6.156960e-01 2.520000e-03 3.817840e-01
380 6.152320e-01 2.604000e-03 3.821640e-01
381 6.147320e-01 2.672000e-03 3.825960e-01
382 6.142840e-01 2.672000e-03 3.830440e-01
383 6.138640e-01 2.668000e-03 3.834680e-01
384 6.133680e-01 2.604000e-03 3.840280e-01
385 6.128480e-01 2.616000e-03 3.845360e-01
386 6.124440e-01 2.552000e-03 3.850040e-01
387 6.120400e-01 2.528000e-03 3.854320e-01
388 6.115560e-01 2.632000e-03 3.858120e-01
389 6.110840e-01 2.652000e-03 3.862640e-01
390 6.107520e-01 2.540000e-03 3.867080e-01
391 6.103160e-01 2.540000e-03 3.871440e-01
392 6.098560e-01 2.568000e-03 3.875760e-01
393 6.094160e-01 2.516000e-03 3.880680e-01
394 6.089600e-01 2.548000e-03 3.884920e-01
395 6.085960e-01 2.408000e-03 3.889960e-01
396 6.082760e-01 2.324000e-03 3.894000e-01
397 6.078960e-01 2.248000e-03 3.898560e-01
398 6.074720e-01 2.292000e-03 3.902360e-01
399 6.071840e-01 2.160000e-03 3.906560e-01
400 6.067880e-01 2.076000e-03 3.911360e-01
401 6.064240e-01 2.024000e-03 3.915520e-01
402 6.060520e-01 2.000000e-03 3.919480e-01
403 6.057120e-01 2.012000e-03 3.922760e-01
404 6.053240e-01 2.068000e-03 3.926080e-01
405 6.049680e-01 2.028000e-03 3.930040e-01
406 6.046000e-01 2.036000e-03 3.933640e-01
407 6.041960e-01 2.124000e-03 3.936800e-01
408 6.038160e-01 2.112000e-03 3.940720e-01
409 6.034360e-01 2.136000e-03 3.944280e-01
410 6.030680e-01 2.116000e-03 3.948160e-01
411 6.027280e-01 2.096000e-03 3.951760e-01
412 6.024360e-01 2.048000e-03 3.955160e-01
413 6.020880e-01 2.000000e-03 3.959120e-01
414 6.016720e-01 2.104000e-03 3.962240e-01
415 6.013440e-01 2.068000e-03 3.965880e-01
416 6.009800e-01 2.056000e-03 3.969640e-01
417 6.006040e-01 2.016000e-03 3.973800e-01
418 6.003120e-01 1.976000e-03 3.977120e-01
419 6.000160e-01 1.952000e-03 3.980320e-01
420 5.996880e-01 1.948000e-03 3.983640e-01
421 5.994440e-01 1.852000e-03 3.987040e-01
422 5.991480e-01 1.816000e-03 3.990360e-01
423 5.987920e-01 1.888000e-03 3.993200e-01
424 5.985200e-01 1.772000e-03 3.997080e-01
425 5.982360e-01 1.772000e-03 3.999920e-01
426 5.978960e-01 1.756000e-03 4.003480e-01
427 5.975880e-01 1.760000e-03 4.006520e-01
428 5.973360e-01 1.736000e-03 4.009280e-01
429 5.970880e-01 1.720000e-03 4.011920e-01
430 5.968600e-01 1.664000e-03 4.014760e-01
431 5.966400e-01 1.640000e-03 4.017200e-01
432 5.964440e-01 1.532000e-03 4.020240e-01
433 5.961800e-01 1.580000e-03 4.022400e-01
434 5.959360e-01 1.556000e-03 4.025080e-01
435 5.956440e-01 1.552000e-03 4.028040e-01
436 5.953680e-01 1.552000e-03 4.030800e-01
437 5.951520e-01 1.468000e-03 4.033800e-01
438 5.949320e-01 1.416000e-03 4.036520e-01
439 5.947120e-01 1.388000e-03 4.039000e-01
440 5.945200e-01 1.356000e-03 4.041240e-01
441 5.942480e-01 1.412000e-03 4.043400e-01
442 5.940240e-01 1.376000e-03 4.046000e-01
443 5.938320e-01 1.296000e-03 4.048720e-01
444 5.936120e-01 1.284000e-03 4.051040e-01
445 5.934400e-01 1.244000e-03 4.053160e-01
446 5.932640e-01 1.224000e-03 4.055120e-01
447 5.930440e-01 1.224000e-03 4.057320e-01
448 5.928360e-01 1.156000e-03 4.060080e-01
449 5.926600e-01 1.160000e-03 4.061800e-01
450 5.924360e-01 1.156000e-03 4.064080e-01
451 5.922520e-01 1.160000e-03 4.065880e-01
452 5.920480e-01 1.164000e-03 4.067880e-01
453 5.918560e-01 1.176000e-03 4.069680e-01
454 5.916320e-01 1.160000e-03 4.072080e-01
455 5.914480e-01 1.108000e-03 4.074440e-01
456 5.912400e-01 1.124000e-03 4.076360e-01
457 5.910760e-01 1.112000e-03 4.078120e-01
458 5.908880e-01 1.080000e-03 4.080320e-01
459 5.907120e-01 1.084000e-03 4.082040e-01
460 5.905560e-01 1.072000e-03 4.083720e-01
461 5.904040e-01 9.920000e-04 4.086040e-01
462 5.902880e-01 9.240000e-04 4.087880e-01
463 5.902000e-01 8.280000e-04 4.089720e-01
464 5.901000e-01 7.800000e-04 4.091200e-01
465 5.900040e-01 7.120000e-04 4.092840e-01
466 5.899320e-01 6.200000e-04 4.094480e-01
467 5.898400e-01 6.200000e-04 4.095400e-01
468 5.897480e-01 5.960000e-04 4.096560e-01
469 5.896920e-01 5.600000e-04 4.097480e-01
470 5.896280e-01 5.680000e-04 4.098040e-01
471 5.895760e-01 4.880000e-04 4.099360e-01
472 5.895040e-01 4.760000e-04 4.100200e-01
473 5.894440e-01 4.760000e-04 4.100800e-01
474 5.893080e-01 5.280000e-04 4.101640e-01
475 5.892000e-01 5.560000e-04 4.102440e-01
476 5.890720e-01 5.800000e-04 4.103480e-01
477 5.889600e-01 5.840000e-04 4.104560e-01
478 5.888400e-01 6.120000e-04 4.105480e-01
479 5.887240e-01 6.360000e-04 4.106400e-01
480 5.886240e-01 6.440000e-04 4.107320e-01
481 5.885040e-01 6.520000e-04 4.108440e-01
482 5.883560e-01 6.920000e-04 4.109520e-01
483 5.882120e-01 7.200000e-04 4.110680e-01
484 5.880840e-01 7.240000e-04 4.111920e-01
485 5.879600e-01 7.120000e-04 4.113280e-01
486 5.878600e-01 6.960000e-04 4.114440e-01
487 5.877160e-01 7.520000e-04 4.115320e-01
488 5.875360e-01 7.960000e-04 4.116680e-01
489 5.874400e-01 7.040000e-04 4.118560e-01
490 5.873080e-01 7.560000e-04 4.119360e-01
491 5.871880e-01 7.320000e-04 4.120800e-01
492 5.870600e-01 7.360000e-04 4.122040e-01
493 5.869480e-01 7.280000e-04 4.123240e-01
494 5.868360e-01 7.120000e-04 4.124520e-01
495 5.867160e-01 7.040000e-04 4.125800e-01
496 5.866360e-01 6.560000e-04 4.127080e-01
497 5.865040e-01 7.120000e-04 4.127840e-01
498 5.864360e-01 6.320000e-04 4.129320e-01
499 5.863120e-01 6.520000e-04 4.130360e-01
500 5.861840e-01 6.840000e-04 4.131320e-01
