1 9.991920e-01 7.280000e-04 8.000000e-05
2 9.985960e-01 1.172000e-03 2.320000e-04
3 9.979640e-01 1.556000e-03 4.800000e-04
4 9.971840e-01 2.040000e-03 7.760000e-04
5 9.962800e-01 2.644000e-03 1.076000e-03
6 9.952960e-01 3.104000e-03 1.600000e-03
7 9.941280e-01 3.708000e-03 2.164000e-03
8 9.930920e-01 4.192000e-03 2.716000e-03
9 9.919640e-01 4.488000e-03 3.548000e-03
10 9.908280e-01 4.852000e-03 4.320000e-03
11 9.896520e-01 5.164000e-03 5.184000e-03
12 9.882840e-01 5.608000e-03 6.108000e-03
13 9.869640e-01 5.900000e-03 7.136000e-03
14 9.856320e-01 6.244000e-03 8.124000e-03
15 9.840680e-01 6.692000e-03 9.240000e-03
16 9.825200e-01 7.140000e-03 1.034000e-02
17 9.809360e-01 7.400000e-03 1.166400e-02
18 9.793720e-01 7.620000e-03 1.300800e-02
19 9.777040e-01 7.916000e-03 1.438000e-02
20 9.761680e-01 8.244000e-03 1.558800e-02
21 9.745800e-01 8.280000e-03 1.714000e-02
22 9.727600e-01 8.592000e-03 1.864800e-02
23 9.710600e-01 8.676000e-03 2.026400e-02
24 9.693080e-01 8.904000e-03 2.178800e-02
25 9.674920e-01 9.140000e-03 2.336800e-02
26 9.657240e-01 9.268000e-03 2.500800e-02
27 9.639560e-01 9.392000e-03 2.665200e-02
28 9.621840e-01 9.496000e-03 2.832000e-02
29 9.605560e-01 9.460000e-03 2.998400e-02
30 9.586800e-01 9.852000e-03 3.146800e-02
31 9.567920e-01 1.000000e-02 3.320800e-02
32 9.549160e-01 1.010400e-02 3.498000e-02
33 9.530720e-01 1.005600e-02 3.687200e-02
34 9.510480e-01 1.035600e-02 3.859600e-02
35 9.490560e-01 1.048400e-02 4.046000e-02
36 9.471200e-01 1.060400e-02 4.227600e-02
37 9.451000e-01 1.062800e-02 4.427200e-02
38 9.431440e-01 1.054800e-02 4.630800e-02
39 9.411160e-01 1.070800e-02 4.817600e-02
40 9.391800e-01 1.079200e-02 5.002800e-02
41 9.372280e-01 1.092000e-02 5.185200e-02
42 9.352400e-01 1.113600e-02 5.362400e-02
43 9.332200e-01 1.126000e-02 5.552000e-02
44 9.313640e-01 1.105200e-02 5.758400e-02
45 9.295880e-01 1.103600e-02 5.937600e-02
46 9.277640e-01 1.105600e-02 6.118000e-02
47 9.259360e-01 1.092800e-02 6.313600e-02
48 9.239680e-01 1.093200e-02 6.510000e-02
49 9.219600e-01 1.104000e-02 6.700000e-02
50 9.199400e-01 1.115600e-02 6.890400e-02
51 9.178560e-01 1.138000e-02 7.076400e-02
52 9.158920e-01 1.142000e-02 7.268800e-02
53 9.140080e-01 1.139600e-02 7.459600e-02
54 9.121040e-01 1.137600e-02 7.652000e-02
55 9.100520e-01 1.151200e-02 7.843600e-02
56 9.081520e-01 1.147600e-02 8.037200e-02
57 9.060480e-01 1.160000e-02 8.235200e-02
58 9.040360e-01 1.167600e-02 8.428800e-02
59 9.021120e-01 1.174400e-02 8.614400e-02
60 9.000080e-01 1.187200e-02 8.812000e-02
61 8.979360e-01 1.200000e-02 9.006400e-02
62 8.959360e-01 1.203600e-02 9.202800e-02
63 8.937240e-01 1.204400e-02 9.423200e-02
64 8.917720e-01 1.198400e-02 9.624400e-02
65 8.897480e-01 1.193600e-02 9.831600e-02
66 8.877720e-01 1.194800e-02 1.002800e-01
67 8.857360e-01 1.193600e-02 1.023280e-01
68 8.838080e-01 1.180800e-02 1.043840e-01
69 8.817000e-01 1.182000e-02 1.064800e-01
70 8.796120e-01 1.186000e-02 1.085280e-01
71 8.774840e-01 1.190400e-02 1.106120e-01
72 8.755120e-01 1.182800e-02 1.126600e-01
73 8.734600e-01 1.168800e-02 1.148520e-01
74 8.712600e-01 1.189600e-02 1.168440e-01
75 8.690280e-01 1.182800e-02 1.191440e-01
76 8.670040e-01 1.184400e-02 1.211520e-01
77 8.649040e-01 1.178400e-02 1.233120e-01
78 8.628080e-01 1.196800e-02 1.252240e-01
79 8.607920e-01 1.172000e-02 1.274880e-01
80 8.587280e-01 1.177200e-02 1.295000e-01
81 8.566160e-01 1.188400e-02 1.315000e-01
82 8.545600e-01 1.196800e-02 1.334720e-01
83 8.526640e-01 1.171200e-02 1.356240e-01
84 8.504360e-01 1.184000e-02 1.377240e-01
85 8.483000e-01 1.192400e-02 1.397760e-01
86 8.463240e-01 1.186400e-02 1.418120e-01
87 8.439360e-01 1.217600e-02 1.438880e-01
88 8.418320e-01 1.212400e-02 1.460440e-01
89 8.396680e-01 1.218000e-02 1.481520e-01
90 8.374960e-01 1.221200e-02 1.502920e-01
91 8.353560e-01 1.227600e-02 1.523680e-01
92 8.334000e-01 1.199200e-02 1.546080e-01
93 8.315240e-01 1.170400e-02 1.567720e-01
94 8.294600e-01 1.162000e-02 1.589200e-01
95 8.274440e-01 1.172400e-02 1.608320e-01
96 8.255680e-01 1.166400e-02 1.627680e-01
97 8.235840e-01 1.156800e-02 1.648480e-01
98 8.215240e-01 1.149600e-02 1.669800e-01
99 8.195400e-01 1.150800e-02 1.689520e-01
100 8.176960e-01 1.129200e-02 1.710120e-01
101 8.157440e-01 1.118400e-02 1.730720e-01
102 8.138120e-01 1.103600e-02 1.751520e-01
103 8.118840e-01 1.088400e-02 1.772320e-01
104 8.100880e-01 1.085200e-02 1.790600e-01
105 8.082720e-01 1.103200e-02 1.806960e-01
106 8.065640e-01 1.079600e-02 1.826400e-01
107 8.047200e-01 1.071200e-02 1.845680e-01
108 8.030480e-01 1.065600e-02 1.862960e-01
109 8.011080e-01 1.078800e-02 1.881040e-01
110 7.993160e-01 1.056400e-02 1.901200e-01
111 7.976280e-01 1.049600e-02 1.918760e-01
112 7.957960e-01 1.043200e-02 1.937720e-01
113 7.941160e-01 1.024400e-02 1.956400e-01
114 7.923720e-01 1.012400e-02 1.975040e-01
115 7.905960e-01 1.012400e-02 1.992800e-01
116 7.889520e-01 1.002400e-02 2.010240e-01
117 7.874240e-01 9.744000e-03 2.028320e-01
118 7.857600e-01 9.864000e-03 2.043760e-01
119 7.840320e-01 9.888000e-03 2.060800e-01
120 7.823960e-01 9.748000e-03 2.078560e-01
121 7.807240e-01 9.792000e-03 2.094840e-01
122 7.790760e-01 9.740000e-03 2.111840e-01
123 7.775040e-01 9.488000e-03 2.130080e-01
124 7.758920e-01 9.388000e-03 2.147200e-01
125 7.742520e-01 9.536000e-03 2.162120e-01
126 7.724480e-01 9.652000e-03 2.179000e-01
127 7.706160e-01 9.756000e-03 2.196280e-01
128 7.689640e-01 9.632000e-03 2.214040e-01
129 7.671160e-01 9.840000e-03 2.230440e-01
130 7.654240e-01 9.884000e-03 2.246920e-01
131 7.639960e-01 9.468000e-03 2.265360e-01
132 7.622480e-01 9.576000e-03 2.281760e-01
133 7.606160e-01 9.420000e-03 2.299640e-01
134 7.589280e-01 9.480000e-03 2.315920e-01
135 7.574440e-01 9.316000e-03 2.332400e-01
136 7.559840e-01 9.080000e-03 2.349360e-01
137 7.543720e-01 9.088000e-03 2.365400e-01
138 7.527800e-01 9.072000e-03 2.381480e-01
139 7.511640e-01 9.120000e-03 2.397160e-01
140 7.496000e-01 9.100000e-03 2.413000e-01
141 7.481560e-01 8.836000e-03 2.430080e-01
142 7.465160e-01 8.956000e-03 2.445280e-01
143 7.448120e-01 9.036000e-03 2.461520e-01
144 7.431760e-01 9.140000e-03 2.476840e-01
145 7.415080e-01 9.136000e-03 2.493560e-01
146 7.398920e-01 9.136000e-03 2.509720e-01
147 7.383640e-01 9.144000e-03 2.524920e-01
148 7.367800e-01 8.908000e-03 2.543120e-01
149 7.352320e-01 8.828000e-03 2.559400e-01
150 7.336720e-01 8.804000e-03 2.575240e-01
151 7.322120e-01 8.728000e-03 2.590600e-01
152 7.308960e-01 8.536000e-03 2.605680e-01
153 7.296440e-01 8.304000e-03 2.620520e-01
154 7.285120e-01 8.140000e-03 2.633480e-01
155 7.272560e-01 8.004000e-03 2.647400e-01
156 7.260560e-01 7.828000e-03 2.661160e-01
157 7.248840e-01 7.572000e-03 2.675440e-01
158 7.235800e-01 7.632000e-03 2.687880e-01
159 7.223640e-01 7.524000e-03 2.701120e-01
160 7.210960e-01 7.420000e-03 2.714840e-01
161 7.197200e-01 7.640000e-03 2.726400e-01
162 7.182840e-01 7.672000e-03 2.740440e-01
163 7.169240e-01 7.588000e-03 2.754880e-01
164 7.157000e-01 7.456000e-03 2.768440e-01
165 7.144400e-01 7.336000e-03 2.782240e-01
166 7.131600e-01 7.216000e-03 2.796240e-01
167 7.119440e-01 7.260000e-03 2.807960e-01
168 7.106040e-01 7.360000e-03 2.820360e-01
169 7.094160e-01 7.276000e-03 2.833080e-01
170 7.082360e-01 7.280000e-03 2.844840e-01
171 7.070760e-01 7.152000e-03 2.857720e-01
172 7.058680e-01 7.188000e-03 2.869440e-01
173 7.046280e-01 7.224000e-03 2.881480e-01
174 7.034000e-01 7.184000e-03 2.894160e-01
175 7.021080e-01 7.212000e-03 2.906800e-01
176 7.008920e-01 7.188000e-03 2.919200e-01
177 6.997040e-01 7.032000e-03 2.932640e-01
178 6.986120e-01 6.936000e-03 2.944520e-01
179 6.974800e-01 6.808000e-03 2.957120e-01
180 6.964640e-01 6.688000e-03 2.968480e-01
181 6.954880e-01 6.484000e-03 2.980280e-01
182 6.944760e-01 6.460000e-03 2.990640e-01
183 6.934160e-01 6.460000e-03 3.001240e-01
184 6.923400e-01 6.408000e-03 3.012520e-01
185 6.913560e-01 6.188000e-03 3.024560e-01
186 6.903400e-01 6.264000e-03 3.033960e-01
187 6.892720e-01 6.192000e-03 3.045360e-01
188 6.880920e-01 6.196000e-03 3.057120e-01
189 6.870240e-01 6.196000e-03 3.067800e-01
190 6.860160e-01 6.112000e-03 3.078720e-01
191 6.849400e-01 6.232000e-03 3.088280e-01
192 6.840400e-01 6.028000e-03 3.099320e-01
193 6.830000e-01 6.108000e-03 3.108920e-01
194 6.819520e-01 6.064000e-03 3.119840e-01
195 6.809200e-01 6.092000e-03 3.129880e-01
196 6.799320e-01 5.960000e-03 3.141080e-01
197 6.790040e-01 5.864000e-03 3.151320e-01
198 6.781120e-01 5.764000e-03 3.161240e-01
199 6.769920e-01 5.856000e-03 3.171520e-01
200 6.758520e-01 6.052000e-03 3.180960e-01
201 6.747680e-01 5.992000e-03 3.192400e-01
202 6.736560e-01 5.980000e-03 3.203640e-01
203 6.726160e-01 5.876000e-03 3.215080e-01
204 6.716840e-01 5.888000e-03 3.224280e-01
205 6.705960e-01 5.904000e-03 3.235000e-01
206 6.696080e-01 5.900000e-03 3.244920e-01
207 6.686400e-01 5.764000e-03 3.255960e-01
208 6.678080e-01 5.660000e-03 3.265320e-01
209 6.669880e-01 5.392000e-03 3.276200e-01
210 6.661520e-01 5.320000e-03 3.285280e-01
211 6.652880e-01 5.248000e-03 3.294640e-01
212 6.644040e-01 5.216000e-03 3.303800e-01
213 6.635080e-01 5.156000e-03 3.313360e-01
214 6.627840e-01 4.976000e-03 3.322400e-01
215 6.620360e-01 4.840000e-03 3.331240e-01
216 6.613200e-01 4.776000e-03 3.339040e-01
217 6.605560e-01 4.792000e-03 3.346520e-01
218 6.597840e-01 4.700000e-03 3.355160e-01
219 6.589680e-01 4.676000e-03 3.363560e-01
220 6.582680e-01 4.544000e-03 3.371880e-01
221 6.575880e-01 4.444000e-03 3.379680e-01
222 6.569280e-01 4.388000e-03 3.386840e-01
223 6.562640e-01 4.312000e-03 3.394240e-01
224 6.555400e-01 4.232000e-03 3.402280e-01
225 6.548640e-01 4.216000e-03 3.409200e-01
226 6.541360e-01 4.296000e-03 3.415680e-01
227 6.533160e-01 4.324000e-03 3.423600e-01
228 6.526840e-01 4.208000e-03 3.431080e-01
229 6.519440e-01 4.220000e-03 3.438360e-01
230 6.512320e-01 4.240000e-03 3.445280e-01
231 6.504280e-01 4.332000e-03 3.452400e-01
232 6.496160e-01 4.392000e-03 3.459920e-01
233 6.488280e-01 4.452000e-03 3.467200e-01
234 6.481320e-01 4.336000e-03 3.475320e-01
235 6.474800e-01 4.184000e-03 3.483360e-01
236 6.467880e-01 4.100000e-03 3.491120e-01
237 6.461520e-01 4.036000e-03 3.498120e-01
238 6.455680e-01 3.860000e-03 3.505720e-01
239 6.450520e-01 3.668000e-03 3.512800e-01
240 6.444440e-01 3.672000e-03 3.518840e-01
241 6.439480e-01 3.492000e-03 3.525600e-01
242 6.433600e-01 3.512000e-03 3.531280e-01
243 6.428680e-01 3.444000e-03 3.536880e-01
244 6.423000e-01 3.428000e-03 3.542720e-01
245 6.417960e-01 3.416000e-03 3.547880e-01
246 6.413160e-01 3.320000e-03 3.553640e-01
247 6.408200e-01 3.288000e-03 3.558920e-01
248 6.403280e-01 3.216000e-03 3.564560e-01
249 6.397760e-01 3.196000e-03 3.570280e-01
250 6.392720e-01 3.212000e-03 3.575160e-01
251 6.387840e-01 3.148000e-03 3.580680e-01
252 6.383040e-01 3.068000e-03 3.586280e-01
253 6.378160e-01 2.972000e-03 3.592120e-01
254 6.373640e-01 2.908000e-03 3.597280e-01
255 6.368240e-01 2.912000e-03 3.602640e-01
256 6.363000e-01 2.876000e-03 3.608240e-01
257 6.358040e-01 2.912000e-03 3.612840e-01
258 6.352600e-01 2.984000e-03 3.617560e-01
259 6.347640e-01 2.980000e-03 3.622560e-01
260 6.342800e-01 2.956000e-03 3.627640e-01
261 6.336760e-01 2.980000e-03 3.633440e-01
262 6.332120e-01 2.820000e-03 3.639680e-01
263 6.327560e-01 2.820000e-03 3.644240e-01
264 6.323120e-01 2.760000e-03 3.649280e-01
265 6.319040e-01 2.672000e-03 3.654240e-01
266 6.314040e-01 2.716000e-03 3.658800e-01
267 6.310160e-01 2.612000e-03 3.663720e-01
268 6.305200e-01 2.608000e-03 3.668720e-01
269 6.301000e-01 2.572000e-03 3.673280e-01
270 6.296640e-01 2.612000e-03 3.677240e-01
271 6.291280e-01 2.672000e-03 3.682000e-01
272 6.286280e-01 2.696000e-03 3.686760e-01
273 6.281520e-01 2.696000e-03 3.691520e-01
274 6.277400e-01 2.660000e-03 3.696000e-01
275 6.273520e-01 2.588000e-03 3.700600e-01
276 6.269000e-01 2.528000e-03 3.705720e-01
277 6.265280e-01 2.448000e-03 3.710240e-01
278 6.261840e-01 2.276000e-03 3.715400e-01
279 6.258720e-01 2.208000e-03 3.719200e-01
280 6.255360e-01 2.160000e-03 3.723040e-01
281 6.252080e-01 2.068000e-03 3.727240e-01
282 6.249360e-01 2.052000e-03 3.730120e-01
283 6.246560e-01 1.952000e-03 3.733920e-01
284 6.243760e-01 1.888000e-03 3.737360e-01
285 6.240720e-01 1.812000e-03 3.741160e-01
286 6.237600e-01 1.792000e-03 3.744480e-01
287 6.234040e-01 1.800000e-03 3.747960e-01
288 6.231040e-01 1.820000e-03 3.750760e-01
289 6.227600e-01 1.840000e-03 3.754000e-01
290 6.224320e-01 1.824000e-03 3.757440e-01
291 6.220880e-01 1.796000e-03 3.761160e-01
292 6.218560e-01 1.676000e-03 3.764680e-01
293 6.215600e-01 1.708000e-03 3.767320e-01
294 6.213000e-01 1.680000e-03 3.770200e-01
295 6.210120e-01 1.660000e-03 3.773280e-01
296 6.207240e-01 1.696000e-03 3.775800e-01
297 6.204400e-01 1.656000e-03 3.779040e-01
298 6.202680e-01 1.540000e-03 3.781920e-01
299 6.200280e-01 1.496000e-03 3.784760e-01
300 6.197680e-01 1.536000e-03 3.786960e-01
301 6.194600e-01 1.516000e-03 3.790240e-01
302 6.191720e-01 1.492000e-03 3.793360e-01
303 6.188960e-01 1.516000e-03 3.795880e-01
304 6.186720e-01 1.500000e-03 3.798280e-01
305 6.183320e-01 1.588000e-03 3.800800e-01
306 6.180760e-01 1.584000e-03 3.803400e-01
307 6.178120e-01 1.608000e-03 3.805800e-01
308 6.175520e-01 1.560000e-03 3.808880e-01
309 6.172720e-01 1.628000e-03 3.811000e-01
310 6.169760e-01 1.632000e-03 3.813920e-01
311 6.167480e-01 1.576000e-03 3.816760e-01
312 6.164520e-01 1.588000e-03 3.819600e-01
313 6.162520e-01 1.516000e-03 3.822320e-01
314 6.159480e-01 1.556000e-03 3.824960e-01
315 6.157000e-01 1.520000e-03 3.827800e-01
316 6.155000e-01 1.464000e-03 3.830360e-01
317 6.152560e-01 1.484000e-03 3.832600e-01
318 6.150360e-01 1.468000e-03 3.834960e-01
319 6.147960e-01 1.468000e-03 3.837360e-01
320 6.145560e-01 1.428000e-03 3.840160e-01
321 6.143120e-01 1.356000e-03 3.843320e-01
322 6.140320e-01 1.404000e-03 3.845640e-01
323 6.138320e-01 1.356000e-03 3.848120e-01
324 6.135400e-01 1.436000e-03 3.850240e-01
325 6.132840e-01 1.416000e-03 3.853000e-01
326 6.130440e-01 1.376000e-03 3.855800e-01
327 6.128240e-01 1.396000e-03 3.857800e-01
328 6.126400e-01 1.344000e-03 3.860160e-01
329 6.124560e-01 1.332000e-03 3.862120e-01
330 6.122080e-01 1.320000e-03 3.864720e-01
331 6.119960e-01 1.328000e-03 3.866760e-01
332 6.118360e-01 1.220000e-03 3.869440e-01
333 6.116280e-01 1.180000e-03 3.871920e-01
334 6.114200e-01 1.208000e-03 3.873720e-01
335 6.112400e-01 1.200000e-03 3.875600e-01
336 6.110680e-01 1.168000e-03 3.877640e-01
337 6.108960e-01 1.136000e-03 3.879680e-01
338 6.107120e-01 1.148000e-03 3.881400e-01
339 6.104560e-01 1.196000e-03 3.883480e-01
340 6.102360e-01 1.232000e-03 3.885320e-01
341 6.100280e-01 1.180000e-03 3.887920e-01
342 6.097880e-01 1.188000e-03 3.890240e-01
343 6.095160e-01 1.244000e-03 3.892400e-01
344 6.093240e-01 1.216000e-03 3.894600e-01
345 6.091000e-01 1.260000e-03 3.896400e-01
346 6.087880e-01 1.360000e-03 3.898520e-01
347 6.085960e-01 1.340000e-03 3.900640e-01
348 6.083880e-01 1.328000e-03 3.902840e-01
349 6.081880e-01 1.320000e-03 3.904920e-01
350 6.080040e-01 1.296000e-03 3.907000e-01
351 6.078200e-01 1.256000e-03 3.909240e-01
352 6.076320e-01 1.196000e-03 3.911720e-01
353 6.074560e-01 1.136000e-03 3.914080e-01
354 6.072480e-01 1.140000e-03 3.916120e-01
355 6.071320e-01 1.064000e-03 3.918040e-01
356 6.069760e-01 1.024000e-03 3.920000e-01
357 6.068320e-01 1.028000e-03 3.921400e-01
358 6.067120e-01 9.880000e-04 3.923000e-01
359 6.065520e-01 1.016000e-03 3.924320e-01
360 6.064520e-01 9.360000e-04 3.926120e-01
361 6.063360e-01 8.880000e-04 3.927760e-01
362 6.062080e-01 8.200000e-04 3.929720e-01
363 6.061280e-01 7.600000e-04 3.931120e-01
364 6.059960e-01 7.680000e-04 3.932360e-01
365 6.058560e-01 7.600000e-04 3.933840e-01
366 6.057560e-01 7.680000e-04 3.934760e-01
367 6.056240e-01 7.600000e-04 3.936160e-01
368 6.055000e-01 7.360000e-04 3.937640e-01
369 6.053560e-01 7.640000e-04 3.938800e-01
370 6.052400e-01 7.480000e-04 3.940120e-01
371 6.051120e-01 7.640000e-04 3.941240e-01
372 6.049520e-01 7.920000e-04 3.942560e-01
373 6.048160e-01 7.800000e-04 3.944040e-01
374 6.047080e-01 7.640000e-04 3.945280e-01
375 6.045880e-01 7.920000e-04 3.946200e-01
376 6.044240e-01 8.520000e-04 3.947240e-01
377 6.042600e-01 8.800000e-04 3.948600e-01
378 6.041200e-01 8.440000e-04 3.950360e-01
379 6.039160e-01 8.960000e-04 3.951880e-01
380 6.037680e-01 8.920000e-04 3.953400e-01
381 6.036080e-01 8.640000e-04 3.955280e-01
382 6.034680e-01 8.320000e-04 3.957000e-01
383 6.033680e-01 8.080000e-04 3.958240e-01
384 6.032560e-01 7.880000e-04 3.959560e-01
385 6.031520e-01 7.400000e-04 3.961080e-01
386 6.030760e-01 7.360000e-04 3.961880e-01
387 6.029480e-01 7.560000e-04 3.962960e-01
388 6.028360e-01 7.240000e-04 3.964400e-01
389 6.027040e-01 7.400000e-04 3.965560e-01
390 6.025960e-01 7.200000e-04 3.966840e-01
391 6.024560e-01 7.160000e-04 3.968280e-01
392 6.022800e-01 7.280000e-04 3.969920e-01
393 6.021280e-01 7.440000e-04 3.971280e-01
394 6.019760e-01 7.600000e-04 3.972640e-01
395 6.018320e-01 7.840000e-04 3.973840e-01
396 6.016960e-01 7.840000e-04 3.975200e-01
397 6.015760e-01 7.720000e-04 3.976520e-01
398 6.013920e-01 8.440000e-04 3.977640e-01
399 6.012640e-01 8.080000e-04 3.979280e-01
400 6.011440e-01 7.720000e-04 3.980840e-01
401 6.010280e-01 7.320000e-04 3.982400e-01
402 6.009320e-01 7.200000e-04 3.983480e-01
403 6.008200e-01 6.840000e-04 3.984960e-01
404 6.007480e-01 6.400000e-04 3.986120e-01
405 6.006280e-01 6.280000e-04 3.987440e-01
406 6.005400e-01 5.760000e-04 3.988840e-01
407 6.004320e-01 5.920000e-04 3.989760e-01
408 6.003280e-01 5.680000e-04 3.991040e-01
409 6.002680e-01 5.400000e-04 3.991920e-01
410 6.002120e-01 4.880000e-04 3.993000e-01
411 6.001400e-01 4.840000e-04 3.993760e-01
412 6.000840e-01 4.520000e-04 3.994640e-01
413 6.000160e-01 4.400000e-04 3.995440e-01
414 5.999840e-01 3.960000e-04 3.996200e-01
415 5.999200e-01 3.760000e-04 3.997040e-01
416 5.998440e-01 4.120000e-04 3.997440e-01
417 5.997800e-01 4.000000e-04 3.998200e-01
418 5.996920e-01 4.040000e-04 3.999040e-01
419 5.995840e-01 4.360000e-04 3.999800e-01
420 5.994880e-01 4.680000e-04 4.000440e-01
421 5.994320e-01 4.560000e-04 4.001120e-01
422 5.993320e-01 4.800000e-04 4.001880e-01
423 5.992080e-01 5.480000e-04 4.002440e-01
424 5.991240e-01 5.320000e-04 4.003440e-01
425 5.990280e-01 5.640000e-04 4.004080e-01
426 5.989600e-01 5.720000e-04 4.004680e-01
427 5.988720e-01 5.720000e-04 4.005560e-01
428 5.987800e-01 6.040000e-04 4.006160e-01
429 5.987040e-01 5.600000e-04 4.007360e-01
430 5.986200e-01 5.280000e-04 4.008520e-01
431 5.985320e-01 5.160000e-04 4.009520e-01
432 5.984160e-01 5.520000e-04 4.010320e-01
433 5.983360e-01 4.840000e-04 4.011800e-01
434 5.982560e-01 4.640000e-04 4.012800e-01
435 5.982000e-01 4.320000e-04 4.013680e-01
436 5.981320e-01 4.240000e-04 4.014440e-01
437 5.980200e-01 4.640000e-04 4.015160e-01
438 5.979200e-01 5.080000e-04 4.015720e-01
439 5.978440e-01 4.720000e-04 4.016840e-01
440 5.977200e-01 5.040000e-04 4.017760e-01
441 5.976320e-01 4.960000e-04 4.018720e-01
442 5.975400e-01 4.840000e-04 4.019760e-01
443 5.974480e-01 4.880000e-04 4.020640e-01
444 5.973920e-01 4.800000e-04 4.021280e-01
445 5.973240e-01 4.480000e-04 4.022280e-01
446 5.972560e-01 4.360000e-04 4.023080e-01
447 5.971840e-01 4.120000e-04 4.024040e-01
448 5.971160e-01 3.800000e-04 4.025040e-01
449 5.970640e-01 3.400000e-04 4.025960e-01
450 5.970280e-01 3.120000e-04 4.026600e-01
451 5.969680e-01 3.240000e-04 4.027080e-01
452 5.969160e-01 3.160000e-04 4.027680e-01
453 5.968560e-01 3.200000e-04 4.028240e-01
454 5.967960e-01 3.200000e-04 4.028840e-01
455 5.966920e-01 3.600000e-04 4.029480e-01
456 5.965960e-01 3.920000e-04 4.030120e-01
457 5.965040e-01 4.080000e-04 4.030880e-01
458 5.964480e-01 3.960000e-04 4.031560e-01
459 5.964040e-01 3.840000e-04 4.032120e-01
460 5.963080e-01 4.080000e-04 4.032840e-01
461 5.962440e-01 4.040000e-04 4.033520e-01
462 5.961560e-01 4.280000e-04 4.034160e-01
463 5.960720e-01 4.480000e-04 4.034800e-01
464 5.960040e-01 4.480000e-04 4.035480e-01
465 5.958880e-01 4.760000e-04 4.036360e-01
466 5.958200e-01 4.960000e-04 4.036840e-01
467 5.957480e-01 5.200000e-04 4.037320e-01
468 5.956440e-01 5.520000e-04 4.038040e-01
469 5.955800e-01 4.960000e-04 4.039240e-01
470 5.955080e-01 4.880000e-04 4.040040e-01
471 5.954440e-01 4.760000e-04 4.040800e-01
472 5.953520e-01 5.040000e-04 4.041440e-01
473 5.952840e-01 4.560000e-04 4.042600e-01
474 5.952160e-01 4.800000e-04 4.043040e-01
475 5.951240e-01 5.080000e-04 4.043680e-01
476 5.950800e-01 4.520000e-04 4.044680e-01
477 5.950120e-01 4.440000e-04 4.045440e-01
478 5.949200e-01 4.840000e-04 4.045960e-01
479 5.948840e-01 4.520000e-04 4.046640e-01
480 5.948320e-01 4.480000e-04 4.047200e-01
481 5.947520e-01 4.360000e-04 4.048120e-01
482 5.947120e-01 4.040000e-04 4.048840e-01
483 5.946480e-01 3.840000e-04 4.049680e-01
484 5.946000e-01 3.760000e-04 4.050240e-01
485 5.945480e-01 3.720000e-04 4.050800e-01
486 5.945200e-01 3.360000e-04 4.051440e-01
487 5.944880e-01 3.280000e-04 4.051840e-01
488 5.944400e-01 3.360000e-04 4.052240e-01
489 5.944040e-01 3.200000e-04 4.052760e-01
490 5.943480e-01 3.240000e-04 4.053280e-01
491 5.943240e-01 2.920000e-04 4.053840e-01
492 5.942920e-01 2.800000e-04 4.054280e-01
493 5.942560e-01 3.040000e-04 4.054400e-01
494 5.942160e-01 2.920000e-04 4.054920e-01
495 5.941920e-01 2.720000e-04 4.055360e-01
496 5.941480e-01 2.800000e-04 4.055720e-01
497 5.941240e-01 2.600000e-04 4.056160e-01
498 5.940920e-01 2.280000e-04 4.056800e-01
499 5.940680e-01 2.080000e-04 4.057240e-01
500 5.940360e-01 2.200000e-04 4.057440e-01
