1 9.991040e-01 7.600000e-04 1.360000e-04
2 9.986160e-01 1.104000e-03 2.800000e-04
3 9.980240e-01 1.512000e-03 4.640000e-04
4 9.972880e-01 1.968000e-03 7.440000e-04
5 9.964240e-01 2.456000e-03 1.120000e-03
6 9.954800e-01 2.880000e-03 1.640000e-03
7 9.946120e-01 3.196000e-03 2.192000e-03
8 9.936480e-01 3.620000e-03 2.732000e-03
9 9.926880e-01 3.928000e-03 3.384000e-03
10 9.916960e-01 4.212000e-03 4.092000e-03
11 9.907240e-01 4.424000e-03 4.852000e-03
12 9.895960e-01 4.848000e-03 5.556000e-03
13 9.883800e-01 5.144000e-03 6.476000e-03
14 9.872520e-01 5.344000e-03 7.404000e-03
15 9.860880e-01 5.548000e-03 8.364000e-03
16 9.848600e-01 5.796000e-03 9.344000e-03
17 9.834480e-01 6.128000e-03 1.042400e-02
18 9.820800e-01 6.424000e-03 1.149600e-02
19 9.809800e-01 6.308000e-03 1.271200e-02
20 9.796720e-01 6.404000e-03 1.392400e-02
21 9.784120e-01 6.548000e-03 1.504000e-02
22 9.770760e-01 6.736000e-03 1.618800e-02
23 9.758160e-01 6.840000e-03 1.734400e-02
24 9.745360e-01 6.864000e-03 1.860000e-02
25 9.731720e-01 7.028000e-03 1.980000e-02
26 9.717360e-01 7.288000e-03 2.097600e-02
27 9.704640e-01 7.164000e-03 2.237200e-02
28 9.692040e-01 7.164000e-03 2.363200e-02
29 9.678680e-01 7.316000e-03 2.481600e-02
30 9.664640e-01 7.312000e-03 2.622400e-02
31 9.650280e-01 7.540000e-03 2.743200e-02
32 9.635840e-01 7.588000e-03 2.882800e-02
33 9.619800e-01 7.860000e-03 3.016000e-02
34 9.604480e-01 7.996000e-03 3.155600e-02
35 9.589840e-01 7.936000e-03 3.308000e-02
36 9.574960e-01 8.128000e-03 3.437600e-02
37 9.559480e-01 8.212000e-03 3.584000e-02
38 9.542040e-01 8.476000e-03 3.732000e-02
39 9.524400e-01 8.828000e-03 3.873200e-02
40 9.508040e-01 8.972000e-03 4.022400e-02
41 9.488960e-01 9.452000e-03 4.165200e-02
42 9.470280e-01 9.592000e-03 4.338000e-02
43 9.453480e-01 9.468000e-03 4.518400e-02
44 9.436760e-01 9.508000e-03 4.681600e-02
45 9.420240e-01 9.324000e-03 4.865200e-02
46 9.404160e-01 9.276000e-03 5.030800e-02
47 9.388400e-01 9.168000e-03 5.199200e-02
48 9.372080e-01 9.292000e-03 5.350000e-02
49 9.357360e-01 9.080000e-03 5.518400e-02
50 9.341440e-01 9.168000e-03 5.668800e-02
51 9.325600e-01 9.200000e-03 5.824000e-02
52 9.309240e-01 9.192000e-03 5.988400e-02
53 9.293400e-01 9.220000e-03 6.144000e-02
54 9.277280e-01 9.108000e-03 6.316400e-02
55 9.259920e-01 9.320000e-03 6.468800e-02
56 9.242360e-01 9.404000e-03 6.636000e-02
57 9.225880e-01 9.364000e-03 6.804800e-02
58 9.209480e-01 9.372000e-03 6.968000e-02
59 9.193240e-01 9.440000e-03 7.123600e-02
60 9.177600e-01 9.412000e-03 7.282800e-02
61 9.160840e-01 9.448000e-03 7.446800e-02
62 9.145480e-01 9.464000e-03 7.598800e-02
63 9.128080e-01 9.404000e-03 7.778800e-02
64 9.111200e-01 9.416000e-03 7.946400e-02
65 9.094720e-01 9.444000e-03 8.108400e-02
66 9.074880e-01 9.916000e-03 8.259600e-02
67 9.055320e-01 1.012400e-02 8.434400e-02
68 9.035280e-01 1.039600e-02 8.607600e-02
69 9.015400e-01 1.049200e-02 8.796800e-02
70 8.997680e-01 1.054400e-02 8.968800e-02
71 8.978720e-01 1.047600e-02 9.165200e-02
72 8.958840e-01 1.050800e-02 9.360800e-02
73 8.939680e-01 1.058000e-02 9.545200e-02
74 8.920280e-01 1.067600e-02 9.729600e-02
75 8.902280e-01 1.056800e-02 9.920400e-02
76 8.882960e-01 1.063200e-02 1.010720e-01
77 8.865480e-01 1.048000e-02 1.029720e-01
78 8.847760e-01 1.040400e-02 1.048200e-01
79 8.831480e-01 1.024000e-02 1.066120e-01
80 8.815680e-01 1.010800e-02 1.083240e-01
81 8.799160e-01 9.984000e-03 1.101000e-01
82 8.784360e-01 9.880000e-03 1.116840e-01
83 8.766600e-01 9.816000e-03 1.135240e-01
84 8.749760e-01 9.812000e-03 1.152120e-01
85 8.731680e-01 9.784000e-03 1.170480e-01
86 8.715560e-01 9.648000e-03 1.187960e-01
87 8.699680e-01 9.448000e-03 1.205840e-01
88 8.684640e-01 9.280000e-03 1.222560e-01
89 8.669800e-01 9.176000e-03 1.238440e-01
90 8.654560e-01 9.036000e-03 1.255080e-01
91 8.640200e-01 8.908000e-03 1.270720e-01
92 8.626320e-01 8.768000e-03 1.286000e-01
93 8.611680e-01 8.696000e-03 1.301360e-01
94 8.596320e-01 8.696000e-03 1.316720e-01
95 8.581240e-01 8.752000e-03 1.331240e-01
96 8.565640e-01 8.908000e-03 1.345280e-01
97 8.552120e-01 8.584000e-03 1.362040e-01
98 8.537040e-01 8.664000e-03 1.376320e-01
99 8.521560e-01 8.624000e-03 1.392200e-01
100 8.506880e-01 8.564000e-03 1.407480e-01
101 8.493280e-01 8.428000e-03 1.422440e-01
102 8.478680e-01 8.456000e-03 1.436760e-01
103 8.466040e-01 8.312000e-03 1.450840e-01
104 8.450120e-01 8.544000e-03 1.464440e-01
105 8.437440e-01 8.152000e-03 1.481040e-01
106 8.423880e-01 8.060000e-03 1.495520e-01
107 8.409040e-01 8.120000e-03 1.509760e-01
108 8.394960e-01 8.120000e-03 1.523840e-01
109 8.380560e-01 8.136000e-03 1.538080e-01
110 8.365120e-01 8.324000e-03 1.551640e-01
111 8.349360e-01 8.460000e-03 1.566040e-01
112 8.333800e-01 8.548000e-03 1.580720e-01
113 8.318360e-01 8.496000e-03 1.596680e-01
114 8.303000e-01 8.648000e-03 1.610520e-01
115 8.289200e-01 8.468000e-03 1.626120e-01
116 8.274120e-01 8.472000e-03 1.641160e-01
117 8.259120e-01 8.452000e-03 1.656360e-01
118 8.246400e-01 8.344000e-03 1.670160e-01
119 8.231360e-01 8.364000e-03 1.685000e-01
120 8.217680e-01 8.352000e-03 1.698800e-01
121 8.203720e-01 8.372000e-03 1.712560e-01
122 8.190760e-01 8.256000e-03 1.726680e-01
123 8.176680e-01 8.304000e-03 1.740280e-01
124 8.161880e-01 8.240000e-03 1.755720e-01
125 8.148920e-01 8.240000e-03 1.768680e-01
126 8.135360e-01 8.124000e-03 1.783400e-01
127 8.121920e-01 8.172000e-03 1.796360e-01
128 8.107400e-01 8.244000e-03 1.810160e-01
129 8.095200e-01 8.180000e-03 1.823000e-01
130 8.082840e-01 7.956000e-03 1.837600e-01
131 8.070120e-01 7.828000e-03 1.851600e-01
132 8.056520e-01 7.836000e-03 1.865120e-01
133 8.042880e-01 7.740000e-03 1.879720e-01
134 8.030320e-01 7.672000e-03 1.892960e-01
135 8.015800e-01 7.784000e-03 1.906360e-01
136 8.001640e-01 7.800000e-03 1.920360e-01
137 7.986320e-01 7.996000e-03 1.933720e-01
138 7.973600e-01 7.860000e-03 1.947800e-01
139 7.960120e-01 7.816000e-03 1.961720e-01
140 7.946560e-01 7.768000e-03 1.975760e-01
141 7.934000e-01 7.792000e-03 1.988080e-01
142 7.920640e-01 7.732000e-03 2.002040e-01
143 7.907720e-01 7.588000e-03 2.016400e-01
144 7.894480e-01 7.708000e-03 2.028440e-01
145 7.881120e-01 7.764000e-03 2.041240e-01
146 7.868880e-01 7.668000e-03 2.054440e-01
147 7.856760e-01 7.640000e-03 2.066840e-01
148 7.846240e-01 7.464000e-03 2.079120e-01
149 7.834360e-01 7.436000e-03 2.091280e-01
150 7.820920e-01 7.396000e-03 2.105120e-01
151 7.808640e-01 7.280000e-03 2.118560e-01
152 7.797080e-01 7.160000e-03 2.131320e-01
153 7.786320e-01 6.996000e-03 2.143720e-01
154 7.776280e-01 6.852000e-03 2.155200e-01
155 7.764640e-01 6.744000e-03 2.167920e-01
156 7.753480e-01 6.700000e-03 2.179520e-01
157 7.743080e-01 6.540000e-03 2.191520e-01
158 7.732640e-01 6.448000e-03 2.202880e-01
159 7.722040e-01 6.416000e-03 2.213800e-01
160 7.711800e-01 6.260000e-03 2.225600e-01
161 7.702360e-01 6.132000e-03 2.236320e-01
162 7.693040e-01 5.936000e-03 2.247600e-01
163 7.684760e-01 5.764000e-03 2.257600e-01
164 7.675600e-01 5.668000e-03 2.267720e-01
165 7.666200e-01 5.604000e-03 2.277760e-01
166 7.656920e-01 5.596000e-03 2.287120e-01
167 7.645960e-01 5.620000e-03 2.297840e-01
168 7.635520e-01 5.684000e-03 2.307640e-01
169 7.624360e-01 5.788000e-03 2.317760e-01
170 7.614680e-01 5.620000e-03 2.329120e-01
171 7.606600e-01 5.456000e-03 2.338840e-01
172 7.597680e-01 5.344000e-03 2.348880e-01
173 7.588640e-01 5.232000e-03 2.359040e-01
174 7.578600e-01 5.300000e-03 2.368400e-01
175 7.569920e-01 5.256000e-03 2.377520e-01
176 7.560920e-01 5.192000e-03 2.387160e-01
177 7.551960e-01 5.116000e-03 2.396880e-01
178 7.543640e-01 5.096000e-03 2.405400e-01
179 7.534120e-01 5.184000e-03 2.414040e-01
180 7.525120e-01 5.260000e-03 2.422280e-01
181 7.515120e-01 5.296000e-03 2.431920e-01
182 7.505800e-01 5.304000e-03 2.441160e-01
183 7.496080e-01 5.292000e-03 2.451000e-01
184 7.486520e-01 5.292000e-03 2.460560e-01
185 7.476560e-01 5.404000e-03 2.469400e-01
186 7.467520e-01 5.304000e-03 2.479440e-01
187 7.458040e-01 5.320000e-03 2.488760e-01
188 7.447160e-01 5.448000e-03 2.498360e-01
189 7.436800e-01 5.572000e-03 2.507480e-01
190 7.426720e-01 5.632000e-03 2.516960e-01
191 7.416800e-01 5.700000e-03 2.526200e-01
192 7.407720e-01 5.736000e-03 2.534920e-01
193 7.397760e-01 5.608000e-03 2.546160e-01
194 7.389000e-01 5.632000e-03 2.554680e-01
195 7.380720e-01 5.356000e-03 2.565720e-01
196 7.371400e-01 5.320000e-03 2.575400e-01
197 7.362680e-01 5.168000e-03 2.585640e-01
198 7.353480e-01 5.220000e-03 2.594320e-01
199 7.343600e-01 5.308000e-03 2.603320e-01
200 7.334080e-01 5.208000e-03 2.613840e-01
201 7.325760e-01 5.156000e-03 2.622680e-01
202 7.316800e-01 5.104000e-03 2.632160e-01
203 7.308440e-01 5.060000e-03 2.640960e-01
204 7.300600e-01 4.888000e-03 2.650520e-01
205 7.292520e-01 4.724000e-03 2.660240e-01
206 7.284960e-01 4.724000e-03 2.667800e-01
207 7.277040e-01 4.592000e-03 2.677040e-01
208 7.268880e-01 4.576000e-03 2.685360e-01
209 7.260880e-01 4.632000e-03 2.692800e-01
210 7.253400e-01 4.640000e-03 2.700200e-01
211 7.245800e-01 4.560000e-03 2.708600e-01
212 7.238880e-01 4.460000e-03 2.716520e-01
213 7.231400e-01 4.408000e-03 2.724520e-01
214 7.222800e-01 4.564000e-03 2.731560e-01
215 7.214200e-01 4.664000e-03 2.739160e-01
216 7.205600e-01 4.676000e-03 2.747640e-01
217 7.196560e-01 4.724000e-03 2.756200e-01
218 7.187240e-01 4.848000e-03 2.764280e-01
219 7.178960e-01 4.796000e-03 2.773080e-01
220 7.171000e-01 4.812000e-03 2.780880e-01
221 7.162240e-01 4.864000e-03 2.789120e-01
222 7.154640e-01 4.712000e-03 2.798240e-01
223 7.146960e-01 4.644000e-03 2.806600e-01
224 7.138160e-01 4.728000e-03 2.814560e-01
225 7.129280e-01 4.792000e-03 2.822800e-01
226 7.121200e-01 4.704000e-03 2.831760e-01
227 7.113840e-01 4.708000e-03 2.839080e-01
228 7.106000e-01 4.632000e-03 2.847680e-01
229 7.098480e-01 4.436000e-03 2.857160e-01
230 7.090120e-01 4.468000e-03 2.865200e-01
231 7.083360e-01 4.336000e-03 2.873280e-01
232 7.076680e-01 4.280000e-03 2.880520e-01
233 7.068560e-01 4.316000e-03 2.888280e-01
234 7.060520e-01 4.304000e-03 2.896440e-01
235 7.054480e-01 4.312000e-03 2.902400e-01
236 7.047680e-01 4.156000e-03 2.910760e-01
237 7.041280e-01 4.096000e-03 2.917760e-01
238 7.034840e-01 4.004000e-03 2.925120e-01
239 7.029080e-01 3.832000e-03 2.932600e-01
240 7.022240e-01 3.656000e-03 2.941200e-01
241 7.016320e-01 3.564000e-03 2.948040e-01
242 7.009560e-01 3.576000e-03 2.954680e-01
243 7.003520e-01 3.620000e-03 2.960280e-01
244 6.997240e-01 3.548000e-03 2.967280e-01
245 6.990200e-01 3.628000e-03 2.973520e-01
246 6.983160e-01 3.696000e-03 2.979880e-01
247 6.976480e-01 3.652000e-03 2.987000e-01
248 6.969720e-01 3.628000e-03 2.994000e-01
249 6.962760e-01 3.696000e-03 3.000280e-01
250 6.956240e-01 3.656000e-03 3.007200e-01
251 6.950200e-01 3.584000e-03 3.013960e-01
252 6.943920e-01 3.660000e-03 3.019480e-01
253 6.937720e-01 3.672000e-03 3.025560e-01
254 6.931840e-01 3.648000e-03 3.031680e-01
255 6.925480e-01 3.672000e-03 3.037800e-01
256 6.919040e-01 3.652000e-03 3.044440e-01
257 6.912880e-01 3.680000e-03 3.050320e-01
258 6.906240e-01 3.776000e-03 3.056000e-01
259 6.899600e-01 3.804000e-03 3.062360e-01
260 6.892800e-01 3.868000e-03 3.068520e-01
261 6.886800e-01 3.840000e-03 3.074800e-01
262 6.880920e-01 3.768000e-03 3.081400e-01
263 6.874160e-01 3.792000e-03 3.087920e-01
264 6.868280e-01 3.804000e-03 3.093680e-01
265 6.861440e-01 3.668000e-03 3.101880e-01
266 6.854080e-01 3.820000e-03 3.107720e-01
267 6.847880e-01 3.808000e-03 3.114040e-01
268 6.841880e-01 3.696000e-03 3.121160e-01
269 6.835320e-01 3.688000e-03 3.127800e-01
270 6.827720e-01 3.840000e-03 3.133880e-01
271 6.820920e-01 3.956000e-03 3.139520e-01
272 6.814480e-01 3.892000e-03 3.146600e-01
273 6.808200e-01 3.828000e-03 3.153520e-01
274 6.802880e-01 3.636000e-03 3.160760e-01
275 6.797000e-01 3.612000e-03 3.166880e-01
276 6.791400e-01 3.612000e-03 3.172480e-01
277 6.785600e-01 3.544000e-03 3.178960e-01
278 6.780200e-01 3.504000e-03 3.184760e-01
279 6.773760e-01 3.592000e-03 3.190320e-01
280 6.767480e-01 3.628000e-03 3.196240e-01
281 6.761160e-01 3.572000e-03 3.203120e-01
282 6.755720e-01 3.584000e-03 3.208440e-01
283 6.749200e-01 3.620000e-03 3.214600e-01
284 6.743200e-01 3.608000e-03 3.220720e-01
285 6.737840e-01 3.524000e-03 3.226920e-01
286 6.731840e-01 3.552000e-03 3.232640e-01
287 6.726480e-01 3.492000e-03 3.238600e-01
288 6.720120e-01 3.540000e-03 3.244480e-01
289 6.713960e-01 3.468000e-03 3.251360e-01
290 6.709520e-01 3.320000e-03 3.257280e-01
291 6.704840e-01 3.216000e-03 3.263000e-01
292 6.699600e-01 3.180000e-03 3.268600e-01
293 6.694640e-01 3.112000e-03 3.274240e-01
294 6.689280e-01 3.048000e-03 3.280240e-01
295 6.683920e-01 3.168000e-03 3.284400e-01
296 6.678920e-01 3.136000e-03 3.289720e-01
297 6.674440e-01 3.100000e-03 3.294560e-01
298 6.670520e-01 2.888000e-03 3.300600e-01
299 6.666640e-01 2.812000e-03 3.305240e-01
300 6.662360e-01 2.716000e-03 3.310480e-01
301 6.659000e-01 2.556000e-03 3.315440e-01
302 6.655280e-01 2.444000e-03 3.320280e-01
303 6.652080e-01 2.372000e-03 3.324200e-01
304 6.648800e-01 2.284000e-03 3.328360e-01
305 6.645080e-01 2.304000e-03 3.331880e-01
306 6.641080e-01 2.320000e-03 3.335720e-01
307 6.636920e-01 2.364000e-03 3.339440e-01
308 6.633640e-01 2.256000e-03 3.343800e-01
309 6.630360e-01 2.172000e-03 3.347920e-01
310 6.627800e-01 2.056000e-03 3.351640e-01
311 6.624920e-01 1.972000e-03 3.355360e-01
312 6.622040e-01 1.944000e-03 3.358520e-01
313 6.618960e-01 1.880000e-03 3.362240e-01
314 6.615680e-01 1.920000e-03 3.365120e-01
315 6.612640e-01 1.872000e-03 3.368640e-01
316 6.610280e-01 1.792000e-03 3.371800e-01
317 6.607560e-01 1.792000e-03 3.374520e-01
318 6.604160e-01 1.792000e-03 3.377920e-01
319 6.601160e-01 1.768000e-03 3.381160e-01
320 6.597160e-01 1.836000e-03 3.384480e-01
321 6.593840e-01 1.888000e-03 3.387280e-01
322 6.589880e-01 1.960000e-03 3.390520e-01
323 6.586040e-01 2.004000e-03 3.393920e-01
324 6.582440e-01 2.016000e-03 3.397400e-01
325 6.579600e-01 1.988000e-03 3.400520e-01
326 6.576320e-01 2.008000e-03 3.403600e-01
327 6.573080e-01 1.988000e-03 3.407040e-01
328 6.570040e-01 1.988000e-03 3.410080e-01
329 6.567200e-01 1.900000e-03 3.413800e-01
330 6.564640e-01 1.856000e-03 3.416800e-01
331 6.562040e-01 1.792000e-03 3.420040e-01
332 6.560000e-01 1.680000e-03 3.423200e-01
333 6.556840e-01 1.692000e-03 3.426240e-01
334 6.554600e-01 1.640000e-03 3.429000e-01
335 6.551640e-01 1.648000e-03 3.431880e-01
336 6.548760e-01 1.624000e-03 3.435000e-01
337 6.545640e-01 1.640000e-03 3.437960e-01
338 6.542400e-01 1.700000e-03 3.440600e-01
339 6.539160e-01 1.772000e-03 3.443120e-01
340 6.535760e-01 1.792000e-03 3.446320e-01
341 6.532960e-01 1.804000e-03 3.449000e-01
342 6.530800e-01 1.752000e-03 3.451680e-01
343 6.528120e-01 1.740000e-03 3.454480e-01
344 6.525560e-01 1.728000e-03 3.457160e-01
345 6.522560e-01 1.744000e-03 3.460000e-01
346 6.519360e-01 1.768000e-03 3.462960e-01
347 6.516280e-01 1.816000e-03 3.465560e-01
348 6.513200e-01 1.836000e-03 3.468440e-01
349 6.509120e-01 1.960000e-03 3.471280e-01
350 6.505400e-01 1.960000e-03 3.475000e-01
351 6.502080e-01 1.936000e-03 3.478560e-01
352 6.498840e-01 1.908000e-03 3.482080e-01
353 6.495240e-01 1.916000e-03 3.485600e-01
354 6.492280e-01 1.924000e-03 3.488480e-01
355 6.489480e-01 1.888000e-03 3.491640e-01
356 6.486760e-01 1.840000e-03 3.494840e-01
357 6.483160e-01 1.844000e-03 3.498400e-01
358 6.480320e-01 1.856000e-03 3.501120e-01
359 6.476560e-01 1.920000e-03 3.504240e-01
360 6.473040e-01 1.940000e-03 3.507560e-01
361 6.469200e-01 1.992000e-03 3.510880e-01
362 6.466640e-01 1.872000e-03 3.514640e-01
363 6.463640e-01 1.828000e-03 3.518080e-01
364 6.460440e-01 1.784000e-03 3.521720e-01
365 6.457200e-01 1.772000e-03 3.525080e-01
366 6.454800e-01 1.692000e-03 3.528280e-01
367 6.452160e-01 1.680000e-03 3.531040e-01
368 6.449680e-01 1.632000e-03 3.534000e-01
369 6.446960e-01 1.572000e-03 3.537320e-01
370 6.444840e-01 1.536000e-03 3.539800e-01
371 6.442680e-01 1.436000e-03 3.542960e-01
372 6.440400e-01 1.444000e-03 3.545160e-01
373 6.437760e-01 1.448000e-03 3.547760e-01
374 6.435240e-01 1.412000e-03 3.550640e-01
375 6.432640e-01 1.440000e-03 3.552960e-01
376 6.430200e-01 1.432000e-03 3.555480e-01
377 6.428440e-01 1.304000e-03 3.558520e-01
378 6.426320e-01 1.300000e-03 3.560680e-01
379 6.424040e-01 1.300000e-03 3.562960e-01
380 6.422240e-01 1.240000e-03 3.565360e-01
381 6.420000e-01 1.272000e-03 3.567280e-01
382 6.416240e-01 1.436000e-03 3.569400e-01
383 6.413880e-01 1.416000e-03 3.571960e-01
384 6.411640e-01 1.460000e-03 3.573760e-01
385 6.409040e-01 1.444000e-03 3.576520e-01
386 6.406880e-01 1.412000e-03 3.579000e-01
387 6.404800e-01 1.372000e-03 3.581480e-01
388 6.402760e-01 1.316000e-03 3.584080e-01
389 6.400440e-01 1.316000e-03 3.586400e-01
390 6.398520e-01 1.244000e-03 3.589040e-01
391 6.396800e-01 1.152000e-03 3.591680e-01
392 6.394960e-01 1.132000e-03 3.593720e-01
393 6.392880e-01 1.112000e-03 3.596000e-01
394 6.390920e-01 1.128000e-03 3.597800e-01
395 6.388760e-01 1.180000e-03 3.599440e-01
396 6.386760e-01 1.156000e-03 3.601680e-01
397 6.385000e-01 1.088000e-03 3.604120e-01
398 6.383320e-01 1.048000e-03 3.606200e-01
399 6.381600e-01 1.020000e-03 3.608200e-01
400 6.379400e-01 1.056000e-03 3.610040e-01
401 6.377560e-01 1.072000e-03 3.611720e-01
402 6.375640e-01 1.032000e-03 3.614040e-01
403 6.373800e-01 1.020000e-03 3.616000e-01
404 6.371800e-01 1.028000e-03 3.617920e-01
405 6.370240e-01 9.920000e-04 3.619840e-01
406 6.368840e-01 9.560000e-04 3.621600e-01
407 6.367400e-01 9.520000e-04 3.623080e-01
408 6.365920e-01 9.560000e-04 3.624520e-01
409 6.364680e-01 9.240000e-04 3.626080e-01
410 6.362800e-01 1.004000e-03 3.627160e-01
411 6.361120e-01 9.600000e-04 3.629280e-01
412 6.359400e-01 9.480000e-04 3.631120e-01
413 6.357880e-01 9.560000e-04 3.632560e-01
414 6.355960e-01 9.560000e-04 3.634480e-01
415 6.354040e-01 9.800000e-04 3.636160e-01
416 6.352880e-01 9.600000e-04 3.637520e-01
417 6.351560e-01 9.760000e-04 3.638680e-01
418 6.349600e-01 9.920000e-04 3.640480e-01
419 6.347080e-01 1.028000e-03 3.642640e-01
420 6.345000e-01 1.028000e-03 3.644720e-01
421 6.343440e-01 9.760000e-04 3.646800e-01
422 6.342000e-01 9.640000e-04 3.648360e-01
423 6.340560e-01 9.360000e-04 3.650080e-01
424 6.338800e-01 9.520000e-04 3.651680e-01
425 6.337280e-01 9.720000e-04 3.653000e-01
426 6.336040e-01 9.280000e-04 3.654680e-01
427 6.334800e-01 8.920000e-04 3.656280e-01
428 6.333120e-01 9.160000e-04 3.657720e-01
429 6.331400e-01 9.240000e-04 3.659360e-01
430 6.330040e-01 9.000000e-04 3.660960e-01
431 6.329000e-01 8.240000e-04 3.662760e-01
432 6.327760e-01 7.920000e-04 3.664320e-01
433 6.326320e-01 7.840000e-04 3.665840e-01
434 6.325280e-01 7.560000e-04 3.667160e-01
435 6.324320e-01 7.040000e-04 3.668640e-01
436 6.323520e-01 6.960000e-04 3.669520e-01
437 6.322480e-01 6.960000e-04 3.670560e-01
438 6.321480e-01 7.000000e-04 3.671520e-01
439 6.320520e-01 6.760000e-04 3.672720e-01
440 6.319680e-01 6.840000e-04 3.673480e-01
441 6.318440e-01 6.960000e-04 3.674600e-01
442 6.317440e-01 6.840000e-04 3.675720e-01
443 6.316640e-01 6.560000e-04 3.676800e-01
444 6.315720e-01 6.440000e-04 3.677840e-01
445 6.314800e-01 6.360000e-04 3.678840e-01
446 6.314240e-01 5.920000e-04 3.679840e-01
447 6.313280e-01 6.000000e-04 3.680720e-01
448 6.312240e-01 6.040000e-04 3.681720e-01
449 6.311200e-01 6.200000e-04 3.682600e-01
450 6.310280e-01 5.760000e-04 3.683960e-01
451 6.308840e-01 6.160000e-04 3.685000e-01
452 6.307960e-01 5.960000e-04 3.686080e-01
453 6.307120e-01 5.960000e-04 3.686920e-01
454 6.306280e-01 6.080000e-04 3.687640e-01
455 6.304960e-01 6.240000e-04 3.688800e-01
456 6.303720e-01 6.120000e-04 3.690160e-01
457 6.302680e-01 6.200000e-04 3.691120e-01
458 6.302240e-01 5.720000e-04 3.692040e-01
459 6.301320e-01 5.600000e-04 3.693080e-01
460 6.300320e-01 6.080000e-04 3.693600e-01
461 6.299040e-01 6.320000e-04 3.694640e-01
462 6.297760e-01 6.440000e-04 3.695800e-01
463 6.296280e-01 6.680000e-04 3.697040e-01
464 6.294920e-01 6.960000e-04 3.698120e-01
465 6.293920e-01 7.000000e-04 3.699080e-01
466 6.293040e-01 6.480000e-04 3.700480e-01
467 6.291760e-01 6.720000e-04 3.701520e-01
468 6.290560e-01 6.840000e-04 3.702600e-01
469 6.289360e-01 6.880000e-04 3.703760e-01
470 6.288040e-01 7.080000e-04 3.704880e-01
471 6.286640e-01 6.920000e-04 3.706440e-01
472 6.285400e-01 6.600000e-04 3.708000e-01
473 6.283480e-01 7.400000e-04 3.709120e-01
474 6.282520e-01 7.000000e-04 3.710480e-01
475 6.281600e-01 6.800000e-04 3.711600e-01
476 6.280880e-01 6.280000e-04 3.712840e-01
477 6.279840e-01 6.240000e-04 3.713920e-01
478 6.278640e-01 6.320000e-04 3.715040e-01
479 6.277400e-01 6.200000e-04 3.716400e-01
480 6.276280e-01 6.200000e-04 3.717520e-01
481 6.275360e-01 6.120000e-04 3.718520e-01
482 6.274240e-01 6.320000e-04 3.719440e-01
483 6.273320e-01 6.040000e-04 3.720640e-01
484 6.271960e-01 6.280000e-04 3.721760e-01
485 6.271200e-01 6.040000e-04 3.722760e-01
486 6.270320e-01 5.760000e-04 3.723920e-01
487 6.269280e-01 5.920000e-04 3.724800e-01
488 6.268040e-01 5.720000e-04 3.726240e-01
489 6.267240e-01 5.600000e-04 3.727160e-01
490 6.266360e-01 5.600000e-04 3.728040e-01
491 6.265560e-01 5.720000e-04 3.728720e-01
492 6.264760e-01 5.720000e-04 3.729520e-01
493 6.264240e-01 5.040000e-04 3.730720e-01
494 6.263440e-01 4.920000e-04 3.731640e-01
495 6.262360e-01 5.120000e-04 3.732520e-01
496 6.261080e-01 5.080000e-04 3.733840e-01
497 6.260400e-01 4.400000e-04 3.735200e-01
498 6.259720e-01 3.960000e-04 3.736320e-01
499 6.259000e-01 4.120000e-04 3.736880e-01
500 6.257760e-01 4.440000e-04 3.737800e-01
