1 9.990680e-01 8.360000e-04 9.600000e-05
2 9.984680e-01 1.268000e-03 2.640000e-04
3 9.977760e-01 1.676000e-03 5.480000e-04
4 9.969920e-01 2.184000e-03 8.240000e-04
5 9.961120e-01 2.660000e-03 1.228000e-03
6 9.950680e-01 3.244000e-03 1.688000e-03
7 9.941640e-01 3.660000e-03 2.176000e-03
8 9.931120e-01 4.060000e-03 2.828000e-03
9 9.920560e-01 4.408000e-03 3.536000e-03
10 9.908920e-01 4.752000e-03 4.356000e-03
11 9.897800e-01 4.976000e-03 5.244000e-03
12 9.885840e-01 5.196000e-03 6.220000e-03
13 9.873480e-01 5.532000e-03 7.120000e-03
14 9.860120e-01 5.940000e-03 8.048000e-03
15 9.847320e-01 6.284000e-03 8.984000e-03
16 9.833720e-01 6.580000e-03 1.004800e-02
17 9.821280e-01 6.744000e-03 1.112800e-02
18 9.807080e-01 6.892000e-03 1.240000e-02
19 9.793120e-01 7.112000e-03 1.357600e-02
20 9.778040e-01 7.348000e-03 1.484800e-02
21 9.763200e-01 7.500000e-03 1.618000e-02
22 9.748880e-01 7.532000e-03 1.758000e-02
23 9.732400e-01 7.732000e-03 1.902800e-02
24 9.717080e-01 7.896000e-03 2.039600e-02
25 9.701120e-01 8.132000e-03 2.175600e-02
26 9.685920e-01 8.152000e-03 2.325600e-02
27 9.671720e-01 8.116000e-03 2.471200e-02
28 9.655520e-01 8.280000e-03 2.616800e-02
29 9.639560e-01 8.340000e-03 2.770400e-02
30 9.623920e-01 8.512000e-03 2.909600e-02
31 9.608720e-01 8.572000e-03 3.055600e-02
32 9.594560e-01 8.488000e-03 3.205600e-02
33 9.577960e-01 8.660000e-03 3.354400e-02
34 9.563120e-01 8.592000e-03 3.509600e-02
35 9.548160e-01 8.704000e-03 3.648000e-02
36 9.532400e-01 8.776000e-03 3.798400e-02
37 9.515640e-01 8.940000e-03 3.949600e-02
38 9.501800e-01 8.784000e-03 4.103600e-02
39 9.487160e-01 8.652000e-03 4.263200e-02
40 9.472120e-01 8.792000e-03 4.399600e-02
41 9.455920e-01 8.852000e-03 4.555600e-02
42 9.442120e-01 8.528000e-03 4.726000e-02
43 9.427000e-01 8.604000e-03 4.869600e-02
44 9.412000e-01 8.520000e-03 5.028000e-02
45 9.397960e-01 8.428000e-03 5.177600e-02
46 9.381600e-01 8.684000e-03 5.315600e-02
47 9.366800e-01 8.676000e-03 5.464400e-02
48 9.351200e-01 8.724000e-03 5.615600e-02
49 9.335760e-01 8.580000e-03 5.784400e-02
50 9.320640e-01 8.568000e-03 5.936800e-02
51 9.306680e-01 8.592000e-03 6.074000e-02
52 9.291320e-01 8.704000e-03 6.216400e-02
53 9.276920e-01 8.732000e-03 6.357600e-02
54 9.261240e-01 8.760000e-03 6.511600e-02
55 9.246120e-01 8.668000e-03 6.672000e-02
56 9.229280e-01 8.720000e-03 6.835200e-02
57 9.213800e-01 8.684000e-03 6.993600e-02
58 9.198880e-01 8.608000e-03 7.150400e-02
59 9.184200e-01 8.672000e-03 7.290800e-02
60 9.168800e-01 8.684000e-03 7.443600e-02
61 9.154720e-01 8.592000e-03 7.593600e-02
62 9.140920e-01 8.424000e-03 7.748400e-02
63 9.125720e-01 8.484000e-03 7.894400e-02
64 9.108960e-01 8.740000e-03 8.036400e-02
65 9.093960e-01 8.640000e-03 8.196400e-02
66 9.078800e-01 8.584000e-03 8.353600e-02
67 9.065200e-01 8.452000e-03 8.502800e-02
68 9.051440e-01 8.400000e-03 8.645600e-02
69 9.036760e-01 8.432000e-03 8.789200e-02
70 9.022840e-01 8.308000e-03 8.940800e-02
71 9.007960e-01 8.312000e-03 9.089200e-02
72 8.993320e-01 8.416000e-03 9.225200e-02
73 8.979200e-01 8.336000e-03 9.374400e-02
74 8.964320e-01 8.304000e-03 9.526400e-02
75 8.951880e-01 8.052000e-03 9.676000e-02
76 8.936840e-01 8.156000e-03 9.816000e-02
77 8.924480e-01 7.952000e-03 9.960000e-02
78 8.911160e-01 7.848000e-03 1.010360e-01
79 8.898480e-01 7.928000e-03 1.022240e-01
80 8.885680e-01 7.808000e-03 1.036240e-01
81 8.871920e-01 7.904000e-03 1.049040e-01
82 8.858480e-01 7.732000e-03 1.064200e-01
83 8.846200e-01 7.588000e-03 1.077920e-01
84 8.831920e-01 7.540000e-03 1.092680e-01
85 8.819440e-01 7.536000e-03 1.105200e-01
86 8.806120e-01 7.568000e-03 1.118200e-01
87 8.794200e-01 7.420000e-03 1.131600e-01
88 8.781960e-01 7.292000e-03 1.145120e-01
89 8.769720e-01 7.324000e-03 1.157040e-01
90 8.757600e-01 7.196000e-03 1.170440e-01
91 8.745880e-01 7.112000e-03 1.183000e-01
92 8.731920e-01 7.232000e-03 1.195760e-01
93 8.718120e-01 7.336000e-03 1.208520e-01
94 8.706280e-01 7.244000e-03 1.221280e-01
95 8.693200e-01 7.244000e-03 1.234360e-01
96 8.681560e-01 7.104000e-03 1.247400e-01
97 8.670160e-01 6.960000e-03 1.260240e-01
98 8.657000e-01 7.032000e-03 1.272680e-01
99 8.646160e-01 6.896000e-03 1.284880e-01
100 8.633720e-01 6.964000e-03 1.296640e-01
101 8.621040e-01 7.052000e-03 1.308440e-01
102 8.610400e-01 6.972000e-03 1.319880e-01
103 8.598920e-01 6.904000e-03 1.332040e-01
104 8.587240e-01 6.884000e-03 1.343920e-01
105 8.574280e-01 6.888000e-03 1.356840e-01
106 8.562600e-01 6.940000e-03 1.368000e-01
107 8.549880e-01 6.972000e-03 1.380400e-01
108 8.537000e-01 7.080000e-03 1.392200e-01
109 8.523880e-01 7.088000e-03 1.405240e-01
110 8.511200e-01 7.076000e-03 1.418040e-01
111 8.497600e-01 7.248000e-03 1.429920e-01
112 8.485160e-01 7.340000e-03 1.441440e-01
113 8.473040e-01 7.332000e-03 1.453640e-01
114 8.461240e-01 7.376000e-03 1.465000e-01
115 8.448280e-01 7.412000e-03 1.477600e-01
116 8.435640e-01 7.244000e-03 1.491920e-01
117 8.422480e-01 7.192000e-03 1.505600e-01
118 8.409960e-01 7.176000e-03 1.518280e-01
119 8.399040e-01 6.964000e-03 1.531320e-01
120 8.386720e-01 7.012000e-03 1.543160e-01
121 8.375040e-01 6.912000e-03 1.555840e-01
122 8.363440e-01 6.900000e-03 1.567560e-01
123 8.352960e-01 6.768000e-03 1.579360e-01
124 8.341600e-01 6.752000e-03 1.590880e-01
125 8.330840e-01 6.672000e-03 1.602440e-01
126 8.319080e-01 6.788000e-03 1.613040e-01
127 8.307080e-01 6.844000e-03 1.624480e-01
128 8.294760e-01 6.844000e-03 1.636800e-01
129 8.283200e-01 6.788000e-03 1.648920e-01
130 8.272040e-01 6.680000e-03 1.661160e-01
131 8.262360e-01 6.436000e-03 1.673280e-01
132 8.252520e-01 6.316000e-03 1.684320e-01
133 8.241360e-01 6.320000e-03 1.695440e-01
134 8.230640e-01 6.288000e-03 1.706480e-01
135 8.221240e-01 6.088000e-03 1.717880e-01
136 8.211000e-01 6.008000e-03 1.728920e-01
137 8.199760e-01 6.048000e-03 1.739760e-01
138 8.189320e-01 6.132000e-03 1.749360e-01
139 8.178120e-01 6.256000e-03 1.759320e-01
140 8.167480e-01 6.220000e-03 1.770320e-01
141 8.157440e-01 6.228000e-03 1.780280e-01
142 8.146200e-01 6.404000e-03 1.789760e-01
143 8.136040e-01 6.284000e-03 1.801120e-01
144 8.127360e-01 6.104000e-03 1.811600e-01
145 8.118640e-01 5.932000e-03 1.822040e-01
146 8.109320e-01 5.716000e-03 1.833520e-01
147 8.100240e-01 5.488000e-03 1.844880e-01
148 8.090120e-01 5.472000e-03 1.855160e-01
149 8.080760e-01 5.372000e-03 1.865520e-01
150 8.072080e-01 5.240000e-03 1.875520e-01
151 8.062800e-01 5.220000e-03 1.885000e-01
152 8.053560e-01 5.140000e-03 1.895040e-01
153 8.044560e-01 5.168000e-03 1.903760e-01
154 8.035320e-01 5.164000e-03 1.913040e-01
155 8.025480e-01 5.240000e-03 1.922120e-01
156 8.015680e-01 5.364000e-03 1.930680e-01
157 8.005920e-01 5.404000e-03 1.940040e-01
158 7.996640e-01 5.524000e-03 1.948120e-01
159 7.987640e-01 5.500000e-03 1.957360e-01
160 7.977360e-01 5.580000e-03 1.966840e-01
161 7.966720e-01 5.740000e-03 1.975880e-01
162 7.956000e-01 5.876000e-03 1.985240e-01
163 7.944840e-01 5.900000e-03 1.996160e-01
164 7.932760e-01 6.180000e-03 2.005440e-01
165 7.922920e-01 6.152000e-03 2.015560e-01
166 7.913080e-01 6.004000e-03 2.026880e-01
167 7.903680e-01 5.832000e-03 2.038000e-01
168 7.894560e-01 5.684000e-03 2.048600e-01
169 7.885680e-01 5.672000e-03 2.057600e-01
170 7.875560e-01 5.616000e-03 2.068280e-01
171 7.866440e-01 5.516000e-03 2.078400e-01
172 7.857760e-01 5.384000e-03 2.088400e-01
173 7.849560e-01 5.152000e-03 2.098920e-01
174 7.840880e-01 5.180000e-03 2.107320e-01
175 7.831840e-01 5.196000e-03 2.116200e-01
176 7.824000e-01 5.116000e-03 2.124840e-01
177 7.817040e-01 4.920000e-03 2.133760e-01
178 7.809560e-01 4.824000e-03 2.142200e-01
179 7.802320e-01 4.620000e-03 2.151480e-01
180 7.794520e-01 4.580000e-03 2.159680e-01
181 7.787720e-01 4.536000e-03 2.166920e-01
182 7.779440e-01 4.608000e-03 2.174480e-01
183 7.770280e-01 4.660000e-03 2.183120e-01
184 7.762520e-01 4.652000e-03 2.190960e-01
185 7.755040e-01 4.588000e-03 2.199080e-01
186 7.748360e-01 4.432000e-03 2.207320e-01
187 7.742240e-01 4.364000e-03 2.214120e-01
188 7.735720e-01 4.200000e-03 2.222280e-01
189 7.728400e-01 4.164000e-03 2.229960e-01
190 7.722080e-01 4.020000e-03 2.237720e-01
191 7.715160e-01 3.996000e-03 2.244880e-01
192 7.707840e-01 4.068000e-03 2.251480e-01
193 7.700400e-01 4.224000e-03 2.257360e-01
194 7.692800e-01 4.296000e-03 2.264240e-01
195 7.684840e-01 4.256000e-03 2.272600e-01
196 7.676160e-01 4.508000e-03 2.278760e-01
197 7.668720e-01 4.560000e-03 2.285680e-01
198 7.661360e-01 4.464000e-03 2.294000e-01
199 7.653920e-01 4.352000e-03 2.302560e-01
200 7.645400e-01 4.460000e-03 2.310000e-01
201 7.637720e-01 4.492000e-03 2.317360e-01
202 7.630400e-01 4.528000e-03 2.324320e-01
203 7.623040e-01 4.476000e-03 2.332200e-01
204 7.615120e-01 4.528000e-03 2.339600e-01
205 7.607440e-01 4.456000e-03 2.348000e-01
206 7.599880e-01 4.432000e-03 2.355800e-01
207 7.591800e-01 4.460000e-03 2.363600e-01
208 7.584680e-01 4.416000e-03 2.371160e-01
209 7.575320e-01 4.664000e-03 2.378040e-01
210 7.567080e-01 4.620000e-03 2.386720e-01
211 7.559120e-01 4.640000e-03 2.394480e-01
212 7.552720e-01 4.428000e-03 2.403000e-01
213 7.545560e-01 4.348000e-03 2.410960e-01
214 7.537800e-01 4.352000e-03 2.418680e-01
215 7.529400e-01 4.488000e-03 2.425720e-01
216 7.520880e-01 4.632000e-03 2.432800e-01
217 7.513040e-01 4.600000e-03 2.440960e-01
218 7.504600e-01 4.604000e-03 2.449360e-01
219 7.496240e-01 4.648000e-03 2.457280e-01
220 7.488920e-01 4.556000e-03 2.465520e-01
221 7.481320e-01 4.472000e-03 2.473960e-01
222 7.474240e-01 4.388000e-03 2.481880e-01
223 7.465920e-01 4.424000e-03 2.489840e-01
224 7.458200e-01 4.472000e-03 2.497080e-01
225 7.450360e-01 4.472000e-03 2.504920e-01
226 7.442240e-01 4.532000e-03 2.512440e-01
227 7.434120e-01 4.508000e-03 2.520800e-01
228 7.427280e-01 4.476000e-03 2.527960e-01
229 7.420000e-01 4.352000e-03 2.536480e-01
230 7.413000e-01 4.296000e-03 2.544040e-01
231 7.406040e-01 4.244000e-03 2.551520e-01
232 7.398440e-01 4.296000e-03 2.558600e-01
233 7.390560e-01 4.340000e-03 2.566040e-01
234 7.383440e-01 4.264000e-03 2.573920e-01
235 7.377280e-01 4.076000e-03 2.581960e-01
236 7.370600e-01 4.012000e-03 2.589280e-01
237 7.364160e-01 3.956000e-03 2.596280e-01
238 7.357040e-01 3.960000e-03 2.603360e-01
239 7.350840e-01 3.904000e-03 2.610120e-01
240 7.344280e-01 3.888000e-03 2.616840e-01
241 7.336400e-01 3.968000e-03 2.623920e-01
242 7.329800e-01 3.916000e-03 2.631040e-01
243 7.323240e-01 3.944000e-03 2.637320e-01
244 7.315560e-01 4.012000e-03 2.644320e-01
245 7.308040e-01 4.024000e-03 2.651720e-01
246 7.300920e-01 3.992000e-03 2.659160e-01
247 7.293080e-01 4.008000e-03 2.666840e-01
248 7.285800e-01 3.980000e-03 2.674400e-01
249 7.280520e-01 3.732000e-03 2.682160e-01
250 7.275560e-01 3.644000e-03 2.688000e-01
251 7.270880e-01 3.548000e-03 2.693640e-01
252 7.265080e-01 3.460000e-03 2.700320e-01
253 7.259360e-01 3.372000e-03 2.706920e-01
254 7.252960e-01 3.360000e-03 2.713440e-01
255 7.247120e-01 3.292000e-03 2.719960e-01
256 7.242040e-01 3.200000e-03 2.725960e-01
257 7.237120e-01 3.192000e-03 2.730960e-01
258 7.230640e-01 3.296000e-03 2.736400e-01
259 7.224760e-01 3.212000e-03 2.743120e-01
260 7.218720e-01 3.260000e-03 2.748680e-01
261 7.213200e-01 3.144000e-03 2.755360e-01
262 7.207720e-01 3.216000e-03 2.760120e-01
263 7.202280e-01 3.140000e-03 2.766320e-01
264 7.196960e-01 3.096000e-03 2.772080e-01
265 7.191040e-01 3.196000e-03 2.777000e-01
266 7.184640e-01 3.268000e-03 2.782680e-01
267 7.178640e-01 3.332000e-03 2.788040e-01
268 7.173400e-01 3.224000e-03 2.794360e-01
269 7.168040e-01 3.132000e-03 2.800640e-01
270 7.164040e-01 3.052000e-03 2.805440e-01
271 7.159960e-01 2.984000e-03 2.810200e-01
272 7.154800e-01 2.956000e-03 2.815640e-01
273 7.150280e-01 2.840000e-03 2.821320e-01
274 7.145920e-01 2.756000e-03 2.826520e-01
275 7.141120e-01 2.792000e-03 2.830960e-01
276 7.136440e-01 2.748000e-03 2.836080e-01
277 7.132160e-01 2.668000e-03 2.841160e-01
278 7.128600e-01 2.616000e-03 2.845240e-01
279 7.124560e-01 2.552000e-03 2.849920e-01
280 7.121000e-01 2.508000e-03 2.853920e-01
281 7.116800e-01 2.476000e-03 2.858440e-01
282 7.111760e-01 2.580000e-03 2.862440e-01
283 7.107560e-01 2.576000e-03 2.866680e-01
284 7.103240e-01 2.504000e-03 2.871720e-01
285 7.099400e-01 2.476000e-03 2.875840e-01
286 7.095240e-01 2.548000e-03 2.879280e-01
287 7.091440e-01 2.524000e-03 2.883320e-01
288 7.087520e-01 2.468000e-03 2.887800e-01
289 7.083720e-01 2.436000e-03 2.891920e-01
290 7.079600e-01 2.380000e-03 2.896600e-01
291 7.076440e-01 2.256000e-03 2.901000e-01
292 7.072480e-01 2.232000e-03 2.905200e-01
293 7.069320e-01 2.128000e-03 2.909400e-01
294 7.065840e-01 2.152000e-03 2.912640e-01
295 7.061880e-01 2.176000e-03 2.916360e-01
296 7.057720e-01 2.220000e-03 2.920080e-01
297 7.053640e-01 2.224000e-03 2.924120e-01
298 7.049960e-01 2.268000e-03 2.927360e-01
299 7.045080e-01 2.336000e-03 2.931560e-01
300 7.040640e-01 2.372000e-03 2.935640e-01
301 7.036840e-01 2.276000e-03 2.940400e-01
302 7.032840e-01 2.288000e-03 2.944280e-01
303 7.029040e-01 2.268000e-03 2.948280e-01
304 7.025360e-01 2.208000e-03 2.952560e-01
305 7.021520e-01 2.200000e-03 2.956480e-01
306 7.016800e-01 2.280000e-03 2.960400e-01
307 7.013280e-01 2.288000e-03 2.963840e-01
308 7.010160e-01 2.204000e-03 2.967800e-01
309 7.006040e-01 2.248000e-03 2.971480e-01
310 7.002040e-01 2.256000e-03 2.975400e-01
311 6.998320e-01 2.196000e-03 2.979720e-01
312 6.994120e-01 2.252000e-03 2.983360e-01
313 6.989680e-01 2.328000e-03 2.987040e-01
314 6.985320e-01 2.336000e-03 2.991320e-01
315 6.981440e-01 2.316000e-03 2.995400e-01
316 6.977160e-01 2.340000e-03 2.999440e-01
317 6.973480e-01 2.276000e-03 3.003760e-01
318 6.969640e-01 2.332000e-03 3.007040e-01
319 6.965640e-01 2.308000e-03 3.011280e-01
320 6.961600e-01 2.304000e-03 3.015360e-01
321 6.956040e-01 2.452000e-03 3.019440e-01
322 6.951880e-01 2.424000e-03 3.023880e-01
323 6.946960e-01 2.456000e-03 3.028480e-01
324 6.942760e-01 2.480000e-03 3.032440e-01
325 6.938560e-01 2.432000e-03 3.037120e-01
326 6.934840e-01 2.432000e-03 3.040840e-01
327 6.931080e-01 2.404000e-03 3.044880e-01
328 6.926520e-01 2.428000e-03 3.049200e-01
329 6.921600e-01 2.564000e-03 3.052760e-01
330 6.918480e-01 2.460000e-03 3.056920e-01
331 6.914120e-01 2.436000e-03 3.061520e-01
332 6.910040e-01 2.420000e-03 3.065760e-01
333 6.905800e-01 2.428000e-03 3.069920e-01
334 6.902360e-01 2.372000e-03 3.073920e-01
335 6.898920e-01 2.320000e-03 3.077880e-01
336 6.895480e-01 2.232000e-03 3.082200e-01
337 6.891920e-01 2.232000e-03 3.085760e-01
338 6.888920e-01 2.152000e-03 3.089560e-01
339 6.885880e-01 2.104000e-03 3.093080e-01
340 6.882320e-01 2.076000e-03 3.096920e-01
341 6.879640e-01 2.024000e-03 3.100120e-01
342 6.877120e-01 1.908000e-03 3.103800e-01
343 6.874160e-01 1.896000e-03 3.106880e-01
344 6.871520e-01 1.824000e-03 3.110240e-01
345 6.869360e-01 1.708000e-03 3.113560e-01
346 6.867120e-01 1.588000e-03 3.117000e-01
347 6.864680e-01 1.588000e-03 3.119440e-01
348 6.862800e-01 1.488000e-03 3.122320e-01
349 6.860000e-01 1.496000e-03 3.125040e-01
350 6.857880e-01 1.412000e-03 3.128000e-01
351 6.856120e-01 1.376000e-03 3.130120e-01
352 6.854480e-01 1.280000e-03 3.132720e-01
353 6.852200e-01 1.304000e-03 3.134760e-01
354 6.850160e-01 1.268000e-03 3.137160e-01
355 6.848880e-01 1.200000e-03 3.139120e-01
356 6.847200e-01 1.144000e-03 3.141360e-01
357 6.845760e-01 1.084000e-03 3.143400e-01
358 6.844240e-01 1.036000e-03 3.145400e-01
359 6.842520e-01 1.024000e-03 3.147240e-01
360 6.841240e-01 1.020000e-03 3.148560e-01
361 6.839440e-01 1.060000e-03 3.149960e-01
362 6.838000e-01 1.044000e-03 3.151560e-01
363 6.836520e-01 9.680000e-04 3.153800e-01
364 6.835040e-01 9.080000e-04 3.155880e-01
365 6.833320e-01 9.360000e-04 3.157320e-01
366 6.831840e-01 9.480000e-04 3.158680e-01
367 6.829680e-01 9.880000e-04 3.160440e-01
368 6.827640e-01 1.012000e-03 3.162240e-01
369 6.826240e-01 9.680000e-04 3.164080e-01
370 6.824960e-01 9.520000e-04 3.165520e-01
371 6.823640e-01 8.920000e-04 3.167440e-01
372 6.822440e-01 8.720000e-04 3.168840e-01
373 6.820680e-01 9.200000e-04 3.170120e-01
374 6.818880e-01 9.200000e-04 3.171920e-01
375 6.817680e-01 8.560000e-04 3.173760e-01
376 6.816040e-01 8.520000e-04 3.175440e-01
377 6.814560e-01 8.600000e-04 3.176840e-01
378 6.813080e-01 8.520000e-04 3.178400e-01
379 6.811440e-01 8.640000e-04 3.179920e-01
380 6.810200e-01 8.400000e-04 3.181400e-01
381 6.808720e-01 8.520000e-04 3.182760e-01
382 6.807160e-01 8.360000e-04 3.184480e-01
383 6.805760e-01 8.160000e-04 3.186080e-01
384 6.803960e-01 8.640000e-04 3.187400e-01
385 6.802640e-01 8.240000e-04 3.189120e-01
386 6.801240e-01 8.520000e-04 3.190240e-01
387 6.799720e-01 8.000000e-04 3.192280e-01
388 6.798560e-01 7.760000e-04 3.193680e-01
389 6.796840e-01 7.840000e-04 3.195320e-01
390 6.795000e-01 8.480000e-04 3.196520e-01
391 6.793320e-01 8.800000e-04 3.197880e-01
392 6.792160e-01 8.560000e-04 3.199280e-01
393 6.790280e-01 9.080000e-04 3.200640e-01
394 6.789080e-01 8.680000e-04 3.202240e-01
395 6.787760e-01 8.480000e-04 3.203760e-01
396 6.786640e-01 8.280000e-04 3.205080e-01
397 6.785200e-01 8.160000e-04 3.206640e-01
398 6.783800e-01 7.920000e-04 3.208280e-01
399 6.782520e-01 8.000000e-04 3.209480e-01
400 6.780840e-01 8.280000e-04 3.210880e-01
401 6.779120e-01 8.000000e-04 3.212880e-01
402 6.777480e-01 8.120000e-04 3.214400e-01
403 6.775920e-01 8.240000e-04 3.215840e-01
404 6.774720e-01 7.480000e-04 3.217800e-01
405 6.773280e-01 7.400000e-04 3.219320e-01
406 6.772360e-01 7.240000e-04 3.220400e-01
407 6.771720e-01 6.440000e-04 3.221840e-01
408 6.770600e-01 6.320000e-04 3.223080e-01
409 6.769640e-01 6.480000e-04 3.223880e-01
410 6.768240e-01 6.840000e-04 3.224920e-01
411 6.767360e-01 6.280000e-04 3.226360e-01
412 6.766360e-01 6.440000e-04 3.227200e-01
413 6.764720e-01 7.080000e-04 3.228200e-01
414 6.763440e-01 7.320000e-04 3.229240e-01
415 6.762560e-01 6.280000e-04 3.231160e-01
416 6.761360e-01 6.320000e-04 3.232320e-01
417 6.759560e-01 6.520000e-04 3.233920e-01
418 6.758520e-01 6.400000e-04 3.235080e-01
419 6.757160e-01 6.560000e-04 3.236280e-01
420 6.755520e-01 6.960000e-04 3.237520e-01
421 6.754080e-01 6.920000e-04 3.239000e-01
422 6.752640e-01 7.040000e-04 3.240320e-01
423 6.751000e-01 7.400000e-04 3.241600e-01
424 6.749640e-01 7.560000e-04 3.242800e-01
425 6.748520e-01 7.560000e-04 3.243920e-01
426 6.747360e-01 7.640000e-04 3.245000e-01
427 6.746280e-01 7.160000e-04 3.246560e-01
428 6.745280e-01 6.480000e-04 3.248240e-01
429 6.744600e-01 6.320000e-04 3.249080e-01
430 6.743920e-01 6.040000e-04 3.250040e-01
431 6.742920e-01 5.920000e-04 3.251160e-01
432 6.742240e-01 5.640000e-04 3.252120e-01
433 6.741200e-01 5.560000e-04 3.253240e-01
434 6.740200e-01 5.280000e-04 3.254520e-01
435 6.738920e-01 5.680000e-04 3.255400e-01
436 6.737880e-01 5.360000e-04 3.256760e-01
437 6.737160e-01 4.800000e-04 3.258040e-01
438 6.736600e-01 4.640000e-04 3.258760e-01
439 6.735760e-01 4.800000e-04 3.259440e-01
440 6.734880e-01 4.840000e-04 3.260280e-01
441 6.734040e-01 4.800000e-04 3.261160e-01
442 6.732800e-01 5.160000e-04 3.262040e-01
443 6.731520e-01 5.400000e-04 3.263080e-01
444 6.730240e-01 5.480000e-04 3.264280e-01
445 6.729240e-01 5.600000e-04 3.265160e-01
446 6.728320e-01 5.400000e-04 3.266280e-01
447 6.727760e-01 4.960000e-04 3.267280e-01
448 6.727160e-01 4.920000e-04 3.267920e-01
449 6.726680e-01 4.440000e-04 3.268880e-01
450 6.726160e-01 4.000000e-04 3.269840e-01
451 6.725760e-01 3.800000e-04 3.270440e-01
452 6.725120e-01 3.840000e-04 3.271040e-01
453 6.724760e-01 3.480000e-04 3.271760e-01
454 6.723800e-01 3.760000e-04 3.272440e-01
455 6.723280e-01 3.680000e-04 3.273040e-01
456 6.722840e-01 3.520000e-04 3.273640e-01
457 6.722200e-01 3.520000e-04 3.274280e-01
458 6.721360e-01 3.680000e-04 3.274960e-01
459 6.720640e-01 3.920000e-04 3.275440e-01
460 6.720160e-01 3.600000e-04 3.276240e-01
461 6.719240e-01 3.800000e-04 3.276960e-01
462 6.718480e-01 3.760000e-04 3.277760e-01
463 6.717680e-01 3.960000e-04 3.278360e-01
464 6.716840e-01 4.160000e-04 3.279000e-01
465 6.716040e-01 4.280000e-04 3.279680e-01
466 6.715160e-01 4.640000e-04 3.280200e-01
467 6.714320e-01 4.520000e-04 3.281160e-01
468 6.713800e-01 3.960000e-04 3.282240e-01
469 6.713280e-01 3.640000e-04 3.283080e-01
470 6.712800e-01 3.480000e-04 3.283720e-01
471 6.712160e-01 3.400000e-04 3.284440e-01
472 6.711800e-01 3.040000e-04 3.285160e-01
473 6.710920e-01 3.080000e-04 3.286000e-01
474 6.710360e-01 3.200000e-04 3.286440e-01
475 6.709760e-01 3.480000e-04 3.286760e-01
476 6.709280e-01 3.240000e-04 3.287480e-01
477 6.708800e-01 3.080000e-04 3.288120e-01
478 6.708360e-01 2.920000e-04 3.288720e-01
479 6.708080e-01 2.640000e-04 3.289280e-01
480 6.707800e-01 2.440000e-04 3.289760e-01
481 6.707360e-01 2.720000e-04 3.289920e-01
482 6.707120e-01 2.640000e-04 3.290240e-01
483 6.706800e-01 2.680000e-04 3.290520e-01
484 6.706480e-01 2.480000e-04 3.291040e-01
485 6.706160e-01 2.520000e-04 3.291320e-01
486 6.705800e-01 2.360000e-04 3.291840e-01
487 6.705480e-01 2.480000e-04 3.292040e-01
488 6.705360e-01 2.240000e-04 3.292400e-01
489 6.705040e-01 2.160000e-04 3.292800e-01
490 6.704560e-01 2.200000e-04 3.293240e-01
491 6.704360e-01 2.120000e-04 3.293520e-01
492 6.704280e-01 2.000000e-04 3.293720e-01
493 6.704200e-01 1.600000e-04 3.294200e-01
494 6.704040e-01 1.520000e-04 3.294440e-01
495 6.703960e-01 1.400000e-04 3.294640e-01
496 6.703920e-01 1.320000e-04 3.294760e-01
497 6.703800e-01 1.200000e-04 3.295000e-01
498 6.703800e-01 1.000000e-04 3.295200e-01
499 6.703800e-01 8.000000e-05 3.295400e-01
500 6.703800e-01 6.400000e-05 3.295560e-01
