1 9.992320e-01 6.920000e-04 7.600000e-05
2 9.985960e-01 1.152000e-03 2.520000e-04
3 9.979680e-01 1.512000e-03 5.200000e-04
4 9.972720e-01 1.872000e-03 8.560000e-04
5 9.964480e-01 2.324000e-03 1.228000e-03
6 9.957400e-01 2.564000e-03 1.696000e-03
7 9.949240e-01 2.904000e-03 2.172000e-03
8 9.941400e-01 3.144000e-03 2.716000e-03
9 9.933440e-01 3.356000e-03 3.300000e-03
10 9.924600e-01 3.680000e-03 3.860000e-03
11 9.915320e-01 3.872000e-03 4.596000e-03
12 9.904840e-01 4.176000e-03 5.340000e-03
13 9.893960e-01 4.444000e-03 6.160000e-03
14 9.884000e-01 4.644000e-03 6.956000e-03
15 9.872840e-01 4.940000e-03 7.776000e-03
16 9.861000e-01 5.272000e-03 8.628000e-03
17 9.848280e-01 5.672000e-03 9.500000e-03
18 9.834440e-01 6.108000e-03 1.044800e-02
19 9.820360e-01 6.416000e-03 1.154800e-02
20 9.807640e-01 6.400000e-03 1.283600e-02
21 9.796560e-01 6.476000e-03 1.386800e-02
22 9.783880e-01 6.564000e-03 1.504800e-02
23 9.770840e-01 6.820000e-03 1.609600e-02
24 9.757320e-01 6.996000e-03 1.727200e-02
25 9.743280e-01 7.176000e-03 1.849600e-02
26 9.729200e-01 7.340000e-03 1.974000e-02
27 9.713600e-01 7.692000e-03 2.094800e-02
28 9.695840e-01 8.008000e-03 2.240800e-02
29 9.679480e-01 8.324000e-03 2.372800e-02
30 9.663400e-01 8.416000e-03 2.524400e-02
31 9.647920e-01 8.600000e-03 2.660800e-02
32 9.631960e-01 8.536000e-03 2.826800e-02
33 9.614560e-01 8.664000e-03 2.988000e-02
34 9.599280e-01 8.520000e-03 3.155200e-02
35 9.582640e-01 8.796000e-03 3.294000e-02
36 9.565320e-01 9.012000e-03 3.445600e-02
37 9.549040e-01 9.040000e-03 3.605600e-02
38 9.530480e-01 9.308000e-03 3.764400e-02
39 9.513880e-01 9.272000e-03 3.934000e-02
40 9.494920e-01 9.404000e-03 4.110400e-02
41 9.478480e-01 9.464000e-03 4.268800e-02
42 9.461080e-01 9.556000e-03 4.433600e-02
43 9.442920e-01 9.792000e-03 4.591600e-02
44 9.425680e-01 9.988000e-03 4.744400e-02
45 9.406640e-01 1.011600e-02 4.922000e-02
46 9.386920e-01 1.031200e-02 5.099600e-02
47 9.367520e-01 1.039600e-02 5.285200e-02
48 9.347600e-01 1.038000e-02 5.486000e-02
49 9.329320e-01 1.033200e-02 5.673600e-02
50 9.311960e-01 1.008800e-02 5.871600e-02
51 9.295720e-01 9.892000e-03 6.053600e-02
52 9.278520e-01 9.936000e-03 6.221200e-02
53 9.260080e-01 9.868000e-03 6.412400e-02
54 9.242120e-01 9.900000e-03 6.588800e-02
55 9.224800e-01 9.976000e-03 6.754400e-02
56 9.206440e-01 9.988000e-03 6.936800e-02
57 9.186520e-01 1.006000e-02 7.128800e-02
58 9.166560e-01 1.022400e-02 7.312000e-02
59 9.147400e-01 1.029200e-02 7.496800e-02
60 9.128360e-01 1.036800e-02 7.679600e-02
61 9.109440e-01 1.051200e-02 7.854400e-02
62 9.090120e-01 1.061200e-02 8.037600e-02
63 9.072000e-01 1.052000e-02 8.228000e-02
64 9.052240e-01 1.068000e-02 8.409600e-02
65 9.033640e-01 1.074800e-02 8.588800e-02
66 9.014760e-01 1.068000e-02 8.784400e-02
67 8.997600e-01 1.054400e-02 8.969600e-02
68 8.978880e-01 1.053200e-02 9.158000e-02
69 8.960080e-01 1.044400e-02 9.354800e-02
70 8.942560e-01 1.033600e-02 9.540800e-02
71 8.925800e-01 1.008800e-02 9.733200e-02
72 8.907440e-01 9.968000e-03 9.928800e-02
73 8.888800e-01 1.016800e-02 1.009520e-01
74 8.869640e-01 1.019600e-02 1.028400e-01
75 8.849720e-01 1.045200e-02 1.045760e-01
76 8.831880e-01 1.034800e-02 1.064640e-01
77 8.813440e-01 1.032400e-02 1.083320e-01
78 8.793960e-01 1.047600e-02 1.101280e-01
79 8.774760e-01 1.048800e-02 1.120360e-01
80 8.756200e-01 1.048800e-02 1.138920e-01
81 8.737800e-01 1.042000e-02 1.158000e-01
82 8.718800e-01 1.047200e-02 1.176480e-01
83 8.700640e-01 1.037200e-02 1.195640e-01
84 8.682600e-01 1.030800e-02 1.214320e-01
85 8.664920e-01 1.040000e-02 1.231080e-01
86 8.648040e-01 1.035600e-02 1.248400e-01
87 8.629360e-01 1.042000e-02 1.266440e-01
88 8.611800e-01 1.044400e-02 1.283760e-01
89 8.594560e-01 1.034400e-02 1.302000e-01
90 8.576840e-01 1.025600e-02 1.320600e-01
91 8.560600e-01 1.020400e-02 1.337360e-01
92 8.544560e-01 1.012400e-02 1.354200e-01
93 8.528560e-01 1.003200e-02 1.371120e-01
94 8.511960e-01 9.948000e-03 1.388560e-01
95 8.493680e-01 1.002800e-02 1.406040e-01
96 8.476360e-01 9.988000e-03 1.423760e-01
97 8.459280e-01 9.936000e-03 1.441360e-01
98 8.444360e-01 9.612000e-03 1.459520e-01
99 8.428920e-01 9.396000e-03 1.477120e-01
100 8.413960e-01 9.280000e-03 1.493240e-01
101 8.397880e-01 9.264000e-03 1.509480e-01
102 8.382760e-01 9.112000e-03 1.526120e-01
103 8.367760e-01 9.000000e-03 1.542240e-01
104 8.352960e-01 8.820000e-03 1.558840e-01
105 8.336600e-01 9.080000e-03 1.572600e-01
106 8.320920e-01 9.060000e-03 1.588480e-01
107 8.306040e-01 8.960000e-03 1.604360e-01
108 8.290720e-01 8.756000e-03 1.621720e-01
109 8.276000e-01 8.788000e-03 1.636120e-01
110 8.259720e-01 8.820000e-03 1.652080e-01
111 8.243200e-01 8.880000e-03 1.668000e-01
112 8.227000e-01 8.908000e-03 1.683920e-01
113 8.210160e-01 9.092000e-03 1.698920e-01
114 8.193320e-01 9.264000e-03 1.714040e-01
115 8.176400e-01 9.296000e-03 1.730640e-01
116 8.161000e-01 9.120000e-03 1.747800e-01
117 8.146320e-01 9.032000e-03 1.763360e-01
118 8.130120e-01 8.932000e-03 1.780560e-01
119 8.113720e-01 8.924000e-03 1.797040e-01
120 8.099080e-01 8.804000e-03 1.812880e-01
121 8.082920e-01 8.912000e-03 1.827960e-01
122 8.067320e-01 9.008000e-03 1.842600e-01
123 8.050760e-01 9.212000e-03 1.857120e-01
124 8.033240e-01 9.392000e-03 1.872840e-01
125 8.017320e-01 9.256000e-03 1.890120e-01
126 8.000960e-01 9.312000e-03 1.905920e-01
127 7.984680e-01 9.392000e-03 1.921400e-01
128 7.967120e-01 9.504000e-03 1.937840e-01
129 7.950520e-01 9.356000e-03 1.955920e-01
130 7.935160e-01 9.244000e-03 1.972400e-01
131 7.919600e-01 9.240000e-03 1.988000e-01
132 7.903360e-01 9.268000e-03 2.003960e-01
133 7.886480e-01 9.256000e-03 2.020960e-01
134 7.869960e-01 9.332000e-03 2.036720e-01
135 7.855120e-01 9.268000e-03 2.052200e-01
136 7.841720e-01 8.964000e-03 2.068640e-01
137 7.827720e-01 8.852000e-03 2.083760e-01
138 7.813680e-01 8.800000e-03 2.098320e-01
139 7.799560e-01 8.792000e-03 2.112520e-01
140 7.784920e-01 8.716000e-03 2.127920e-01
141 7.769800e-01 8.636000e-03 2.143840e-01
142 7.756120e-01 8.448000e-03 2.159400e-01
143 7.742960e-01 8.312000e-03 2.173920e-01
144 7.729640e-01 8.148000e-03 2.188880e-01
145 7.715080e-01 8.176000e-03 2.203160e-01
146 7.701720e-01 8.208000e-03 2.216200e-01
147 7.687240e-01 8.340000e-03 2.229360e-01
148 7.671640e-01 8.384000e-03 2.244520e-01
149 7.657760e-01 8.304000e-03 2.259200e-01
150 7.643160e-01 8.308000e-03 2.273760e-01
151 7.630280e-01 8.192000e-03 2.287800e-01
152 7.616360e-01 8.172000e-03 2.301920e-01
153 7.603160e-01 7.944000e-03 2.317400e-01
154 7.588800e-01 8.120000e-03 2.330000e-01
155 7.573960e-01 8.124000e-03 2.344800e-01
156 7.559000e-01 8.268000e-03 2.358320e-01
157 7.544440e-01 8.216000e-03 2.373400e-01
158 7.529240e-01 8.404000e-03 2.386720e-01
159 7.515640e-01 8.336000e-03 2.401000e-01
160 7.502720e-01 8.232000e-03 2.414960e-01
161 7.487200e-01 8.288000e-03 2.429920e-01
162 7.472560e-01 8.272000e-03 2.444720e-01
163 7.459200e-01 8.044000e-03 2.460360e-01
164 7.446560e-01 7.936000e-03 2.474080e-01
165 7.433880e-01 7.624000e-03 2.489880e-01
166 7.421800e-01 7.484000e-03 2.503360e-01
167 7.408520e-01 7.572000e-03 2.515760e-01
168 7.397360e-01 7.512000e-03 2.527520e-01
169 7.385480e-01 7.396000e-03 2.540560e-01
170 7.371040e-01 7.548000e-03 2.553480e-01
171 7.356520e-01 7.532000e-03 2.568160e-01
172 7.342440e-01 7.608000e-03 2.581480e-01
173 7.328560e-01 7.536000e-03 2.596080e-01
174 7.314680e-01 7.572000e-03 2.609600e-01
175 7.302200e-01 7.548000e-03 2.622320e-01
176 7.290120e-01 7.504000e-03 2.634840e-01
177 7.278560e-01 7.436000e-03 2.647080e-01
178 7.266640e-01 7.228000e-03 2.661080e-01
179 7.255800e-01 7.112000e-03 2.673080e-01
180 7.243360e-01 7.168000e-03 2.684960e-01
181 7.232320e-01 7.040000e-03 2.697280e-01
182 7.221640e-01 6.860000e-03 2.709760e-01
183 7.211200e-01 6.892000e-03 2.719880e-01
184 7.200080e-01 6.864000e-03 2.731280e-01
185 7.188440e-01 6.796000e-03 2.743600e-01
186 7.175760e-01 6.960000e-03 2.754640e-01
187 7.164840e-01 6.828000e-03 2.766880e-01
188 7.152880e-01 6.864000e-03 2.778480e-01
189 7.140200e-01 7.052000e-03 2.789280e-01
190 7.128400e-01 7.028000e-03 2.801320e-01
191 7.115520e-01 7.084000e-03 2.813640e-01
192 7.101120e-01 7.384000e-03 2.825040e-01
193 7.088840e-01 7.300000e-03 2.838160e-01
194 7.076080e-01 7.380000e-03 2.850120e-01
195 7.063880e-01 7.444000e-03 2.861680e-01
196 7.051640e-01 7.304000e-03 2.875320e-01
197 7.040000e-01 7.264000e-03 2.887360e-01
198 7.028240e-01 7.132000e-03 2.900440e-01
199 7.016320e-01 7.096000e-03 2.912720e-01
200 7.005240e-01 6.908000e-03 2.925680e-01
201 6.992320e-01 6.976000e-03 2.937920e-01
202 6.981600e-01 6.780000e-03 2.950600e-01
203 6.970080e-01 6.684000e-03 2.963080e-01
204 6.958080e-01 6.836000e-03 2.973560e-01
205 6.945680e-01 6.948000e-03 2.984840e-01
206 6.934800e-01 6.756000e-03 2.997640e-01
207 6.923400e-01 6.780000e-03 3.008800e-01
208 6.912200e-01 6.784000e-03 3.019960e-01
209 6.900840e-01 6.792000e-03 3.031240e-01
210 6.890880e-01 6.612000e-03 3.043000e-01
211 6.879840e-01 6.644000e-03 3.053720e-01
212 6.867480e-01 6.644000e-03 3.066080e-01
213 6.856680e-01 6.544000e-03 3.077880e-01
214 6.847280e-01 6.260000e-03 3.090120e-01
215 6.837760e-01 6.092000e-03 3.101320e-01
216 6.828160e-01 5.976000e-03 3.112080e-01
217 6.819880e-01 5.768000e-03 3.122440e-01
218 6.810600e-01 5.720000e-03 3.132200e-01
219 6.801800e-01 5.592000e-03 3.142280e-01
220 6.793160e-01 5.488000e-03 3.151960e-01
221 6.783880e-01 5.492000e-03 3.161200e-01
222 6.774080e-01 5.500000e-03 3.170920e-01
223 6.764160e-01 5.620000e-03 3.179640e-01
224 6.754120e-01 5.688000e-03 3.189000e-01
225 6.745200e-01 5.556000e-03 3.199240e-01
226 6.736840e-01 5.488000e-03 3.208280e-01
227 6.727600e-01 5.348000e-03 3.218920e-01
228 6.719960e-01 5.104000e-03 3.229000e-01
229 6.711720e-01 5.140000e-03 3.236880e-01
230 6.702600e-01 5.172000e-03 3.245680e-01
231 6.693800e-01 5.272000e-03 3.253480e-01
232 6.684440e-01 5.260000e-03 3.262960e-01
233 6.675440e-01 5.284000e-03 3.271720e-01
234 6.668000e-01 5.252000e-03 3.279480e-01
235 6.659200e-01 5.156000e-03 3.289240e-01
236 6.651200e-01 5.080000e-03 3.298000e-01
237 6.642480e-01 4.944000e-03 3.308080e-01
238 6.633520e-01 4.984000e-03 3.316640e-01
239 6.625320e-01 5.072000e-03 3.323960e-01
240 6.616760e-01 5.080000e-03 3.332440e-01
241 6.608960e-01 4.928000e-03 3.341760e-01
242 6.602480e-01 4.632000e-03 3.351200e-01
243 6.595560e-01 4.472000e-03 3.359720e-01
244 6.588800e-01 4.368000e-03 3.367520e-01
245 6.581640e-01 4.276000e-03 3.375600e-01
246 6.574720e-01 4.252000e-03 3.382760e-01
247 6.566960e-01 4.280000e-03 3.390240e-01
248 6.560440e-01 4.260000e-03 3.396960e-01
249 6.553280e-01 4.252000e-03 3.404200e-01
250 6.547360e-01 4.148000e-03 3.411160e-01
251 6.541080e-01 4.016000e-03 3.418760e-01
252 6.534120e-01 4.028000e-03 3.425600e-01
253 6.526800e-01 3.976000e-03 3.433440e-01
254 6.518640e-01 4.112000e-03 3.440240e-01
255 6.512000e-01 4.052000e-03 3.447480e-01
256 6.505200e-01 4.036000e-03 3.454440e-01
257 6.497560e-01 4.016000e-03 3.462280e-01
258 6.491120e-01 3.960000e-03 3.469280e-01
259 6.484840e-01 3.940000e-03 3.475760e-01
260 6.477400e-01 3.980000e-03 3.482800e-01
261 6.470160e-01 3.944000e-03 3.490400e-01
262 6.462840e-01 3.892000e-03 3.498240e-01
263 6.456480e-01 3.824000e-03 3.505280e-01
264 6.450880e-01 3.768000e-03 3.511440e-01
265 6.444760e-01 3.660000e-03 3.518640e-01
266 6.439520e-01 3.500000e-03 3.525480e-01
267 6.434440e-01 3.440000e-03 3.531160e-01
268 6.428960e-01 3.340000e-03 3.537640e-01
269 6.424040e-01 3.236000e-03 3.543600e-01
270 6.419320e-01 3.188000e-03 3.548800e-01
271 6.414560e-01 3.068000e-03 3.554760e-01
272 6.409480e-01 2.956000e-03 3.560960e-01
273 6.404880e-01 2.852000e-03 3.566600e-01
274 6.400120e-01 2.776000e-03 3.572120e-01
275 6.395720e-01 2.724000e-03 3.577040e-01
276 6.392240e-01 2.596000e-03 3.581800e-01
277 6.388640e-01 2.488000e-03 3.586480e-01
278 6.384240e-01 2.512000e-03 3.590640e-01
279 6.380800e-01 2.460000e-03 3.594600e-01
280 6.376960e-01 2.380000e-03 3.599240e-01
281 6.373200e-01 2.352000e-03 3.603280e-01
282 6.369640e-01 2.320000e-03 3.607160e-01
283 6.365640e-01 2.244000e-03 3.611920e-01
284 6.361720e-01 2.260000e-03 3.615680e-01
285 6.357960e-01 2.224000e-03 3.619800e-01
286 6.354640e-01 2.180000e-03 3.623560e-01
287 6.351360e-01 2.108000e-03 3.627560e-01
288 6.347680e-01 2.160000e-03 3.630720e-01
289 6.344240e-01 2.128000e-03 3.634480e-01
290 6.340760e-01 2.092000e-03 3.638320e-01
291 6.337880e-01 1.948000e-03 3.642640e-01
292 6.334000e-01 1.932000e-03 3.646680e-01
293 6.330400e-01 1.964000e-03 3.649960e-01
294 6.327280e-01 1.852000e-03 3.654200e-01
295 6.323560e-01 1.840000e-03 3.658040e-01
296 6.320240e-01 1.828000e-03 3.661480e-01
297 6.316400e-01 1.848000e-03 3.665120e-01
298 6.312160e-01 1.908000e-03 3.668760e-01
299 6.308560e-01 1.932000e-03 3.672120e-01
300 6.304640e-01 1.928000e-03 3.676080e-01
301 6.301160e-01 1.952000e-03 3.679320e-01
302 6.298000e-01 1.836000e-03 3.683640e-01
303 6.294240e-01 1.896000e-03 3.686800e-01
304 6.290560e-01 1.940000e-03 3.690040e-01
305 6.286120e-01 2.020000e-03 3.693680e-01
306 6.282480e-01 2.012000e-03 3.697400e-01
307 6.279480e-01 2.008000e-03 3.700440e-01
308 6.276480e-01 1.996000e-03 3.703560e-01
309 6.273280e-01 1.948000e-03 3.707240e-01
310 6.270240e-01 1.948000e-03 3.710280e-01
311 6.266960e-01 1.968000e-03 3.713360e-01
312 6.264400e-01 1.892000e-03 3.716680e-01
313 6.261840e-01 1.792000e-03 3.720240e-01
314 6.259200e-01 1.796000e-03 3.722840e-01
315 6.256760e-01 1.696000e-03 3.726280e-01
316 6.254200e-01 1.648000e-03 3.729320e-01
317 6.251560e-01 1.648000e-03 3.731960e-01
318 6.248840e-01 1.572000e-03 3.735440e-01
319 6.245000e-01 1.664000e-03 3.738360e-01
320 6.242640e-01 1.604000e-03 3.741320e-01
321 6.239080e-01 1.696000e-03 3.743960e-01
322 6.235800e-01 1.712000e-03 3.747080e-01
323 6.232120e-01 1.740000e-03 3.750480e-01
324 6.229280e-01 1.728000e-03 3.753440e-01
325 6.226040e-01 1.780000e-03 3.756160e-01
326 6.223360e-01 1.744000e-03 3.759200e-01
327 6.220400e-01 1.748000e-03 3.762120e-01
328 6.217800e-01 1.712000e-03 3.765080e-01
329 6.215080e-01 1.720000e-03 3.767720e-01
330 6.211880e-01 1.816000e-03 3.769960e-01
331 6.209640e-01 1.704000e-03 3.773320e-01
332 6.207600e-01 1.556000e-03 3.776840e-01
333 6.205520e-01 1.460000e-03 3.779880e-01
334 6.202840e-01 1.500000e-03 3.782160e-01
335 6.200360e-01 1.448000e-03 3.785160e-01
336 6.198560e-01 1.368000e-03 3.787760e-01
337 6.196760e-01 1.296000e-03 3.790280e-01
338 6.194640e-01 1.336000e-03 3.792000e-01
339 6.192320e-01 1.352000e-03 3.794160e-01
340 6.190480e-01 1.336000e-03 3.796160e-01
341 6.187920e-01 1.304000e-03 3.799040e-01
342 6.185760e-01 1.276000e-03 3.801480e-01
343 6.184000e-01 1.228000e-03 3.803720e-01
344 6.182160e-01 1.220000e-03 3.805640e-01
345 6.179520e-01 1.300000e-03 3.807480e-01
346 6.177440e-01 1.208000e-03 3.810480e-01
347 6.175440e-01 1.228000e-03 3.812280e-01
348 6.172960e-01 1.256000e-03 3.814480e-01
349 6.170720e-01 1.224000e-03 3.817040e-01
350 6.169040e-01 1.156000e-03 3.819400e-01
351 6.166720e-01 1.220000e-03 3.821080e-01
352 6.164040e-01 1.280000e-03 3.823160e-01
353 6.161360e-01 1.296000e-03 3.825680e-01
354 6.158960e-01 1.312000e-03 3.827920e-01
355 6.156800e-01 1.304000e-03 3.830160e-01
356 6.154200e-01 1.276000e-03 3.833040e-01
357 6.151880e-01 1.308000e-03 3.835040e-01
358 6.149440e-01 1.288000e-03 3.837680e-01
359 6.147040e-01 1.308000e-03 3.839880e-01
360 6.145200e-01 1.256000e-03 3.842240e-01
361 6.143840e-01 1.184000e-03 3.844320e-01
362 6.141920e-01 1.200000e-03 3.846080e-01
363 6.140680e-01 1.120000e-03 3.848120e-01
364 6.139160e-01 1.076000e-03 3.850080e-01
365 6.137440e-01 1.060000e-03 3.851960e-01
366 6.136280e-01 1.008000e-03 3.853640e-01
367 6.134080e-01 1.056000e-03 3.855360e-01
368 6.132360e-01 1.044000e-03 3.857200e-01
369 6.130960e-01 1.036000e-03 3.858680e-01
370 6.129760e-01 9.720000e-04 3.860520e-01
371 6.128200e-01 9.440000e-04 3.862360e-01
372 6.126760e-01 9.240000e-04 3.864000e-01
373 6.124960e-01 9.640000e-04 3.865400e-01
374 6.123760e-01 9.320000e-04 3.866920e-01
375 6.122080e-01 9.480000e-04 3.868440e-01
376 6.120560e-01 9.320000e-04 3.870120e-01
377 6.119320e-01 8.760000e-04 3.871920e-01
378 6.117960e-01 8.640000e-04 3.873400e-01
379 6.116520e-01 8.160000e-04 3.875320e-01
380 6.115160e-01 7.920000e-04 3.876920e-01
381 6.113600e-01 8.480000e-04 3.877920e-01
382 6.112360e-01 8.480000e-04 3.879160e-01
383 6.110800e-01 8.560000e-04 3.880640e-01
384 6.108840e-01 8.760000e-04 3.882400e-01
385 6.107040e-01 8.920000e-04 3.884040e-01
386 6.105280e-01 8.840000e-04 3.885880e-01
387 6.103280e-01 9.440000e-04 3.887280e-01
388 6.101560e-01 9.600000e-04 3.888840e-01
389 6.099560e-01 1.008000e-03 3.890360e-01
390 6.096960e-01 1.068000e-03 3.892360e-01
391 6.094800e-01 1.076000e-03 3.894440e-01
392 6.093160e-01 1.048000e-03 3.896360e-01
393 6.091440e-01 1.008000e-03 3.898480e-01
394 6.089600e-01 9.840000e-04 3.900560e-01
395 6.087800e-01 9.680000e-04 3.902520e-01
396 6.085800e-01 9.360000e-04 3.904840e-01
397 6.084120e-01 9.720000e-04 3.906160e-01
398 6.082600e-01 9.760000e-04 3.907640e-01
399 6.080680e-01 9.960000e-04 3.909360e-01
400 6.078760e-01 1.008000e-03 3.911160e-01
401 6.077320e-01 9.960000e-04 3.912720e-01
402 6.075240e-01 1.028000e-03 3.914480e-01
403 6.073640e-01 1.000000e-03 3.916360e-01
404 6.072280e-01 9.600000e-04 3.918120e-01
405 6.070320e-01 9.880000e-04 3.919800e-01
406 6.068640e-01 9.760000e-04 3.921600e-01
407 6.067000e-01 9.200000e-04 3.923800e-01
408 6.065280e-01 9.240000e-04 3.925480e-01
409 6.064000e-01 8.880000e-04 3.927120e-01
410 6.062480e-01 8.760000e-04 3.928760e-01
411 6.061600e-01 8.160000e-04 3.930240e-01
412 6.060520e-01 7.520000e-04 3.931960e-01
413 6.059320e-01 7.080000e-04 3.933600e-01
414 6.058000e-01 7.040000e-04 3.934960e-01
415 6.057160e-01 7.120000e-04 3.935720e-01
416 6.056000e-01 7.240000e-04 3.936760e-01
417 6.054200e-01 7.760000e-04 3.938040e-01
418 6.052200e-01 8.040000e-04 3.939760e-01
419 6.050840e-01 8.040000e-04 3.941120e-01
420 6.049680e-01 8.120000e-04 3.942200e-01
421 6.048000e-01 8.200000e-04 3.943800e-01
422 6.046200e-01 8.320000e-04 3.945480e-01
423 6.044680e-01 8.240000e-04 3.947080e-01
424 6.043240e-01 7.920000e-04 3.948840e-01
425 6.041120e-01 8.800000e-04 3.950080e-01
426 6.039760e-01 8.800000e-04 3.951440e-01
427 6.038160e-01 8.600000e-04 3.953240e-01
428 6.036920e-01 8.520000e-04 3.954560e-01
429 6.035040e-01 8.840000e-04 3.956120e-01
430 6.033560e-01 8.920000e-04 3.957520e-01
431 6.032080e-01 8.600000e-04 3.959320e-01
432 6.030760e-01 8.200000e-04 3.961040e-01
433 6.029120e-01 8.320000e-04 3.962560e-01
434 6.027560e-01 8.440000e-04 3.964000e-01
435 6.026080e-01 8.440000e-04 3.965480e-01
436 6.023840e-01 9.040000e-04 3.967120e-01
437 6.022240e-01 9.160000e-04 3.968600e-01
438 6.020840e-01 9.120000e-04 3.970040e-01
439 6.019360e-01 9.120000e-04 3.971520e-01
440 6.018120e-01 9.080000e-04 3.972800e-01
441 6.016760e-01 8.920000e-04 3.974320e-01
442 6.015560e-01 9.040000e-04 3.975400e-01
443 6.014000e-01 8.960000e-04 3.977040e-01
444 6.012840e-01 8.240000e-04 3.978920e-01
445 6.011400e-01 8.560000e-04 3.980040e-01
446 6.009640e-01 8.760000e-04 3.981600e-01
447 6.007880e-01 9.200000e-04 3.982920e-01
448 6.006080e-01 9.400000e-04 3.984520e-01
449 6.004400e-01 9.120000e-04 3.986480e-01
450 6.002560e-01 9.520000e-04 3.987920e-01
451 6.001440e-01 8.640000e-04 3.989920e-01
452 6.000600e-01 7.920000e-04 3.991480e-01
453 5.999280e-01 7.920000e-04 3.992800e-01
454 5.998120e-01 7.840000e-04 3.994040e-01
455 5.997040e-01 7.920000e-04 3.995040e-01
456 5.995920e-01 7.680000e-04 3.996400e-01
457 5.994880e-01 7.360000e-04 3.997760e-01
458 5.993760e-01 7.040000e-04 3.999200e-01
459 5.992400e-01 7.080000e-04 4.000520e-01
460 5.991080e-01 7.040000e-04 4.001880e-01
461 5.990160e-01 7.320000e-04 4.002520e-01
462 5.989120e-01 6.800000e-04 4.004080e-01
463 5.988120e-01 6.800000e-04 4.005080e-01
464 5.987080e-01 6.840000e-04 4.006080e-01
465 5.985840e-01 6.760000e-04 4.007400e-01
466 5.984400e-01 7.120000e-04 4.008480e-01
467 5.982680e-01 7.720000e-04 4.009600e-01
468 5.981520e-01 7.360000e-04 4.011120e-01
469 5.980480e-01 7.320000e-04 4.012200e-01
470 5.979120e-01 7.360000e-04 4.013520e-01
471 5.978440e-01 6.200000e-04 4.015360e-01
472 5.977440e-01 6.280000e-04 4.016280e-01
473 5.976760e-01 6.160000e-04 4.017080e-01
474 5.975520e-01 6.400000e-04 4.018080e-01
475 5.974200e-01 6.880000e-04 4.018920e-01
476 5.972720e-01 7.160000e-04 4.020120e-01
477 5.971520e-01 6.960000e-04 4.021520e-01
478 5.970480e-01 6.640000e-04 4.022880e-01
479 5.969520e-01 6.400000e-04 4.024080e-01
480 5.968400e-01 6.280000e-04 4.025320e-01
481 5.967640e-01 6.280000e-04 4.026080e-01
482 5.966760e-01 5.840000e-04 4.027400e-01
483 5.966040e-01 5.440000e-04 4.028520e-01
484 5.965120e-01 5.480000e-04 4.029400e-01
485 5.964280e-01 5.480000e-04 4.030240e-01
486 5.963160e-01 5.440000e-04 4.031400e-01
487 5.962280e-01 5.360000e-04 4.032360e-01
488 5.961240e-01 5.520000e-04 4.033240e-01
489 5.960080e-01 5.520000e-04 4.034400e-01
490 5.959040e-01 5.720000e-04 4.035240e-01
491 5.957720e-01 6.080000e-04 4.036200e-01
492 5.956840e-01 5.720000e-04 4.037440e-01
493 5.955600e-01 6.160000e-04 4.038240e-01
494 5.954040e-01 6.800000e-04 4.039160e-01
495 5.952840e-01 6.920000e-04 4.040240e-01
496 5.951720e-01 6.440000e-04 4.041840e-01
497 5.950640e-01 6.160000e-04 4.043200e-01
498 5.949840e-01 5.760000e-04 4.044400e-01
499 5.949120e-01 5.120000e-04 4.045760e-01
500 5.948320e-01 4.640000e-04 4.047040e-01
