1 9.992400e-01 6.840000e-04 7.600000e-05
2 9.987480e-01 9.800000e-04 2.720000e-04
3 9.981440e-01 1.340000e-03 5.160000e-04
4 9.974800e-01 1.676000e-03 8.440000e-04
5 9.967920e-01 2.052000e-03 1.156000e-03
6 9.958680e-01 2.604000e-03 1.528000e-03
7 9.949680e-01 3.012000e-03 2.020000e-03
8 9.940360e-01 3.428000e-03 2.536000e-03
9 9.930160e-01 3.784000e-03 3.200000e-03
10 9.920120e-01 4.084000e-03 3.904000e-03
11 9.910000e-01 4.368000e-03 4.632000e-03
12 9.898440e-01 4.776000e-03 5.380000e-03
13 9.885960e-01 5.156000e-03 6.248000e-03
14 9.874400e-01 5.312000e-03 7.248000e-03
15 9.861840e-01 5.532000e-03 8.284000e-03
16 9.849000e-01 5.716000e-03 9.384000e-03
17 9.837120e-01 5.884000e-03 1.040400e-02
18 9.823560e-01 6.124000e-03 1.152000e-02
19 9.809680e-01 6.432000e-03 1.260000e-02
20 9.798800e-01 6.480000e-03 1.364000e-02
21 9.786440e-01 6.588000e-03 1.476800e-02
22 9.773720e-01 6.684000e-03 1.594400e-02
23 9.762360e-01 6.664000e-03 1.710000e-02
24 9.750480e-01 6.684000e-03 1.826800e-02
25 9.739240e-01 6.536000e-03 1.954000e-02
26 9.728000e-01 6.500000e-03 2.070000e-02
27 9.715360e-01 6.624000e-03 2.184000e-02
28 9.702000e-01 6.756000e-03 2.304400e-02
29 9.689160e-01 6.820000e-03 2.426400e-02
30 9.677120e-01 6.788000e-03 2.550000e-02
31 9.665480e-01 6.852000e-03 2.660000e-02
32 9.654040e-01 6.840000e-03 2.775600e-02
33 9.641600e-01 6.892000e-03 2.894800e-02
34 9.629240e-01 6.872000e-03 3.020400e-02
35 9.615920e-01 6.924000e-03 3.148400e-02
36 9.603240e-01 6.912000e-03 3.276400e-02
37 9.591280e-01 6.808000e-03 3.406400e-02
38 9.578040e-01 6.928000e-03 3.526800e-02
39 9.563760e-01 7.128000e-03 3.649600e-02
40 9.551520e-01 7.104000e-03 3.774400e-02
41 9.538720e-01 7.008000e-03 3.912000e-02
42 9.525280e-01 7.168000e-03 4.030400e-02
43 9.512720e-01 7.156000e-03 4.157200e-02
44 9.499600e-01 7.232000e-03 4.280800e-02
45 9.485720e-01 7.380000e-03 4.404800e-02
46 9.472880e-01 7.440000e-03 4.527200e-02
47 9.459160e-01 7.508000e-03 4.657600e-02
48 9.444080e-01 7.720000e-03 4.787200e-02
49 9.429280e-01 7.876000e-03 4.919600e-02
50 9.415600e-01 7.844000e-03 5.059600e-02
51 9.402880e-01 7.708000e-03 5.200400e-02
52 9.389360e-01 7.676000e-03 5.338800e-02
53 9.375800e-01 7.652000e-03 5.476800e-02
54 9.364440e-01 7.480000e-03 5.607600e-02
55 9.351040e-01 7.500000e-03 5.739600e-02
56 9.337520e-01 7.440000e-03 5.880800e-02
57 9.324840e-01 7.440000e-03 6.007600e-02
58 9.311200e-01 7.512000e-03 6.136800e-02
59 9.297200e-01 7.588000e-03 6.269200e-02
60 9.283320e-01 7.664000e-03 6.400400e-02
61 9.270480e-01 7.596000e-03 6.535600e-02
62 9.256280e-01 7.500000e-03 6.687200e-02
63 9.244640e-01 7.508000e-03 6.802800e-02
64 9.232360e-01 7.316000e-03 6.944800e-02
65 9.220480e-01 7.160000e-03 7.079200e-02
66 9.207600e-01 7.096000e-03 7.214400e-02
67 9.196680e-01 6.952000e-03 7.338000e-02
68 9.184160e-01 7.000000e-03 7.458400e-02
69 9.173040e-01 6.892000e-03 7.580400e-02
70 9.160080e-01 6.988000e-03 7.700400e-02
71 9.147760e-01 6.964000e-03 7.826000e-02
72 9.134040e-01 7.136000e-03 7.946000e-02
73 9.119920e-01 7.228000e-03 8.078000e-02
74 9.107120e-01 7.268000e-03 8.202000e-02
75 9.092720e-01 7.352000e-03 8.337600e-02
76 9.080080e-01 7.380000e-03 8.461200e-02
77 9.067920e-01 7.300000e-03 8.590800e-02
78 9.054360e-01 7.376000e-03 8.718800e-02
79 9.040080e-01 7.568000e-03 8.842400e-02
80 9.024800e-01 7.772000e-03 8.974800e-02
81 9.010680e-01 7.916000e-03 9.101600e-02
82 8.996640e-01 7.956000e-03 9.238000e-02
83 8.982720e-01 7.820000e-03 9.390800e-02
84 8.967360e-01 8.000000e-03 9.526400e-02
85 8.953600e-01 7.984000e-03 9.665600e-02
86 8.940240e-01 7.924000e-03 9.805200e-02
87 8.926320e-01 7.928000e-03 9.944000e-02
88 8.910960e-01 7.956000e-03 1.009480e-01
89 8.898360e-01 7.860000e-03 1.023040e-01
90 8.883640e-01 7.896000e-03 1.037400e-01
91 8.868960e-01 8.008000e-03 1.050960e-01
92 8.854760e-01 8.188000e-03 1.063360e-01
93 8.840200e-01 8.236000e-03 1.077440e-01
94 8.824520e-01 8.436000e-03 1.091120e-01
95 8.809800e-01 8.352000e-03 1.106680e-01
96 8.795280e-01 8.244000e-03 1.122280e-01
97 8.780520e-01 8.288000e-03 1.136600e-01
98 8.765520e-01 8.264000e-03 1.151840e-01
99 8.749680e-01 8.396000e-03 1.166360e-01
100 8.734840e-01 8.300000e-03 1.182160e-01
101 8.719560e-01 8.336000e-03 1.197080e-01
102 8.704760e-01 8.424000e-03 1.211000e-01
103 8.690120e-01 8.364000e-03 1.226240e-01
104 8.674360e-01 8.492000e-03 1.240720e-01
105 8.660560e-01 8.300000e-03 1.256440e-01
106 8.645680e-01 8.316000e-03 1.271160e-01
107 8.631920e-01 8.056000e-03 1.287520e-01
108 8.617120e-01 8.124000e-03 1.301640e-01
109 8.603600e-01 7.916000e-03 1.317240e-01
110 8.589920e-01 7.956000e-03 1.330520e-01
111 8.576600e-01 7.828000e-03 1.345120e-01
112 8.563960e-01 7.740000e-03 1.358640e-01
113 8.551600e-01 7.632000e-03 1.372080e-01
114 8.538200e-01 7.744000e-03 1.384360e-01
115 8.524560e-01 7.628000e-03 1.399160e-01
116 8.511680e-01 7.584000e-03 1.412480e-01
117 8.498720e-01 7.512000e-03 1.426160e-01
118 8.486160e-01 7.424000e-03 1.439600e-01
119 8.474720e-01 7.268000e-03 1.452600e-01
120 8.461240e-01 7.324000e-03 1.465520e-01
121 8.448920e-01 7.344000e-03 1.477640e-01
122 8.436000e-01 7.332000e-03 1.490680e-01
123 8.422440e-01 7.420000e-03 1.503360e-01
124 8.411480e-01 7.280000e-03 1.515720e-01
125 8.397600e-01 7.408000e-03 1.528320e-01
126 8.384360e-01 7.548000e-03 1.540160e-01
127 8.371600e-01 7.484000e-03 1.553560e-01
128 8.357600e-01 7.648000e-03 1.565920e-01
129 8.344000e-01 7.588000e-03 1.580120e-01
130 8.331200e-01 7.520000e-03 1.593600e-01
131 8.318440e-01 7.432000e-03 1.607240e-01
132 8.304600e-01 7.524000e-03 1.620160e-01
133 8.291120e-01 7.528000e-03 1.633600e-01
134 8.278480e-01 7.464000e-03 1.646880e-01
135 8.265680e-01 7.540000e-03 1.658920e-01
136 8.254000e-01 7.456000e-03 1.671440e-01
137 8.242800e-01 7.308000e-03 1.684120e-01
138 8.231160e-01 7.116000e-03 1.697680e-01
139 8.219480e-01 7.060000e-03 1.709920e-01
140 8.208000e-01 6.912000e-03 1.722880e-01
141 8.196160e-01 6.988000e-03 1.733960e-01
142 8.184720e-01 6.940000e-03 1.745880e-01
143 8.173640e-01 6.868000e-03 1.757680e-01
144 8.161560e-01 6.864000e-03 1.769800e-01
145 8.148920e-01 6.952000e-03 1.781560e-01
146 8.136720e-01 7.016000e-03 1.793120e-01
147 8.124560e-01 7.028000e-03 1.805160e-01
148 8.113240e-01 6.876000e-03 1.818000e-01
149 8.102440e-01 6.880000e-03 1.828760e-01
150 8.091760e-01 6.808000e-03 1.840160e-01
151 8.081160e-01 6.740000e-03 1.851440e-01
152 8.069760e-01 6.712000e-03 1.863120e-01
153 8.058880e-01 6.612000e-03 1.875000e-01
154 8.047880e-01 6.532000e-03 1.886800e-01
155 8.036800e-01 6.436000e-03 1.898840e-01
156 8.025440e-01 6.436000e-03 1.910200e-01
157 8.014720e-01 6.368000e-03 1.921600e-01
158 8.003320e-01 6.432000e-03 1.932360e-01
159 7.991800e-01 6.408000e-03 1.944120e-01
160 7.980640e-01 6.388000e-03 1.955480e-01
161 7.969360e-01 6.364000e-03 1.967000e-01
162 7.958280e-01 6.452000e-03 1.977200e-01
163 7.947600e-01 6.344000e-03 1.988960e-01
164 7.937240e-01 6.284000e-03 1.999920e-01
165 7.926040e-01 6.292000e-03 2.011040e-01
166 7.914520e-01 6.332000e-03 2.022160e-01
167 7.902600e-01 6.392000e-03 2.033480e-01
168 7.891480e-01 6.460000e-03 2.043920e-01
169 7.879600e-01 6.608000e-03 2.054320e-01
170 7.868720e-01 6.508000e-03 2.066200e-01
171 7.856840e-01 6.532000e-03 2.077840e-01
172 7.844880e-01 6.628000e-03 2.088840e-01
173 7.833440e-01 6.608000e-03 2.100480e-01
174 7.821040e-01 6.660000e-03 2.112360e-01
175 7.811600e-01 6.456000e-03 2.123840e-01
176 7.799080e-01 6.564000e-03 2.135280e-01
177 7.789080e-01 6.348000e-03 2.147440e-01
178 7.778560e-01 6.308000e-03 2.158360e-01
179 7.767360e-01 6.348000e-03 2.169160e-01
180 7.755040e-01 6.504000e-03 2.179920e-01
181 7.744640e-01 6.372000e-03 2.191640e-01
182 7.734880e-01 6.232000e-03 2.202800e-01
183 7.725600e-01 6.004000e-03 2.214360e-01
184 7.715760e-01 5.936000e-03 2.224880e-01
185 7.705680e-01 5.904000e-03 2.235280e-01
186 7.696280e-01 5.912000e-03 2.244600e-01
187 7.686840e-01 5.900000e-03 2.254160e-01
188 7.678040e-01 5.784000e-03 2.264120e-01
189 7.668920e-01 5.688000e-03 2.274200e-01
190 7.658520e-01 5.712000e-03 2.284360e-01
191 7.649200e-01 5.664000e-03 2.294160e-01
192 7.639480e-01 5.584000e-03 2.304680e-01
193 7.630760e-01 5.548000e-03 2.313760e-01
194 7.621200e-01 5.484000e-03 2.323960e-01
195 7.610640e-01 5.624000e-03 2.333120e-01
196 7.600440e-01 5.652000e-03 2.343040e-01
197 7.590320e-01 5.740000e-03 2.352280e-01
198 7.580560e-01 5.652000e-03 2.362920e-01
199 7.571160e-01 5.640000e-03 2.372440e-01
200 7.562000e-01 5.536000e-03 2.382640e-01
201 7.552600e-01 5.508000e-03 2.392320e-01
202 7.543360e-01 5.492000e-03 2.401720e-01
203 7.534560e-01 5.448000e-03 2.410960e-01
204 7.524880e-01 5.508000e-03 2.420040e-01
205 7.515240e-01 5.552000e-03 2.429240e-01
206 7.505560e-01 5.584000e-03 2.438600e-01
207 7.496200e-01 5.468000e-03 2.449120e-01
208 7.486760e-01 5.404000e-03 2.459200e-01
209 7.477040e-01 5.404000e-03 2.468920e-01
210 7.467920e-01 5.340000e-03 2.478680e-01
211 7.459640e-01 5.240000e-03 2.487960e-01
212 7.450640e-01 5.220000e-03 2.497160e-01
213 7.441880e-01 5.284000e-03 2.505280e-01
214 7.432960e-01 5.228000e-03 2.514760e-01
215 7.422320e-01 5.360000e-03 2.524080e-01
216 7.412240e-01 5.448000e-03 2.533280e-01
217 7.402320e-01 5.460000e-03 2.543080e-01
218 7.392880e-01 5.488000e-03 2.552240e-01
219 7.382720e-01 5.508000e-03 2.562200e-01
220 7.373080e-01 5.300000e-03 2.573920e-01
221 7.363880e-01 5.256000e-03 2.583560e-01
222 7.352920e-01 5.492000e-03 2.592160e-01
223 7.344080e-01 5.448000e-03 2.601440e-01
224 7.333760e-01 5.584000e-03 2.610400e-01
225 7.323960e-01 5.532000e-03 2.620720e-01
226 7.313640e-01 5.588000e-03 2.630480e-01
227 7.305160e-01 5.404000e-03 2.640800e-01
228 7.296320e-01 5.304000e-03 2.650640e-01
229 7.287960e-01 5.136000e-03 2.660680e-01
230 7.278840e-01 5.112000e-03 2.670040e-01
231 7.269200e-01 5.132000e-03 2.679480e-01
232 7.260600e-01 5.044000e-03 2.688960e-01
233 7.251160e-01 5.176000e-03 2.697080e-01
234 7.241360e-01 5.224000e-03 2.706400e-01
235 7.231040e-01 5.308000e-03 2.715880e-01
236 7.220680e-01 5.452000e-03 2.724800e-01
237 7.211080e-01 5.448000e-03 2.734440e-01
238 7.200640e-01 5.536000e-03 2.744000e-01
239 7.189720e-01 5.652000e-03 2.753760e-01
240 7.178960e-01 5.728000e-03 2.763760e-01
241 7.167560e-01 5.916000e-03 2.773280e-01
242 7.157520e-01 5.928000e-03 2.783200e-01
243 7.147320e-01 5.904000e-03 2.793640e-01
244 7.136800e-01 5.988000e-03 2.803320e-01
245 7.127480e-01 5.892000e-03 2.813600e-01
246 7.117200e-01 5.816000e-03 2.824640e-01
247 7.107040e-01 5.844000e-03 2.834520e-01
248 7.097120e-01 5.840000e-03 2.844480e-01
249 7.088160e-01 5.588000e-03 2.855960e-01
250 7.079040e-01 5.504000e-03 2.865920e-01
251 7.069480e-01 5.496000e-03 2.875560e-01
252 7.058920e-01 5.568000e-03 2.885400e-01
253 7.050160e-01 5.464000e-03 2.895200e-01
254 7.042120e-01 5.248000e-03 2.905400e-01
255 7.033120e-01 5.228000e-03 2.914600e-01
256 7.024040e-01 5.300000e-03 2.922960e-01
257 7.015400e-01 5.068000e-03 2.933920e-01
258 7.006680e-01 4.980000e-03 2.943520e-01
259 6.998440e-01 4.952000e-03 2.952040e-01
260 6.989840e-01 4.852000e-03 2.961640e-01
261 6.980600e-01 4.804000e-03 2.971360e-01
262 6.971400e-01 4.836000e-03 2.980240e-01
263 6.963360e-01 4.836000e-03 2.988280e-01
264 6.955080e-01 4.880000e-03 2.996120e-01
265 6.946480e-01 4.904000e-03 3.004480e-01
266 6.938720e-01 4.832000e-03 3.012960e-01
267 6.930040e-01 4.836000e-03 3.021600e-01
268 6.921800e-01 4.816000e-03 3.030040e-01
269 6.914160e-01 4.720000e-03 3.038640e-01
270 6.906240e-01 4.736000e-03 3.046400e-01
271 6.898360e-01 4.708000e-03 3.054560e-01
272 6.890080e-01 4.716000e-03 3.062760e-01
273 6.881880e-01 4.740000e-03 3.070720e-01
274 6.872880e-01 4.708000e-03 3.080040e-01
275 6.864960e-01 4.684000e-03 3.088200e-01
276 6.856120e-01 4.740000e-03 3.096480e-01
277 6.848760e-01 4.732000e-03 3.103920e-01
278 6.842680e-01 4.452000e-03 3.112800e-01
279 6.834880e-01 4.432000e-03 3.120800e-01
280 6.826920e-01 4.464000e-03 3.128440e-01
281 6.820080e-01 4.236000e-03 3.137560e-01
282 6.812560e-01 4.176000e-03 3.145680e-01
283 6.806040e-01 4.052000e-03 3.153440e-01
284 6.798360e-01 4.096000e-03 3.160680e-01
285 6.790240e-01 4.156000e-03 3.168200e-01
286 6.782520e-01 4.212000e-03 3.175360e-01
287 6.774080e-01 4.296000e-03 3.182960e-01
288 6.767080e-01 4.244000e-03 3.190480e-01
289 6.759720e-01 4.212000e-03 3.198160e-01
290 6.751920e-01 4.224000e-03 3.205840e-01
291 6.745000e-01 4.172000e-03 3.213280e-01
292 6.737840e-01 4.164000e-03 3.220520e-01
293 6.731080e-01 4.192000e-03 3.227000e-01
294 6.724400e-01 4.112000e-03 3.234480e-01
295 6.717560e-01 4.132000e-03 3.241120e-01
296 6.711120e-01 4.024000e-03 3.248640e-01
297 6.704840e-01 3.920000e-03 3.255960e-01
298 6.698200e-01 3.944000e-03 3.262360e-01
299 6.691080e-01 4.016000e-03 3.268760e-01
300 6.685040e-01 3.984000e-03 3.275120e-01
301 6.678960e-01 3.948000e-03 3.281560e-01
302 6.672600e-01 3.972000e-03 3.287680e-01
303 6.666080e-01 3.968000e-03 3.294240e-01
304 6.661080e-01 3.640000e-03 3.302520e-01
305 6.654560e-01 3.560000e-03 3.309840e-01
306 6.648080e-01 3.624000e-03 3.315680e-01
307 6.641320e-01 3.708000e-03 3.321600e-01
308 6.635040e-01 3.740000e-03 3.327560e-01
309 6.627600e-01 3.908000e-03 3.333320e-01
310 6.621360e-01 3.912000e-03 3.339520e-01
311 6.615120e-01 3.808000e-03 3.346800e-01
312 6.609120e-01 3.772000e-03 3.353160e-01
313 6.602880e-01 3.708000e-03 3.360040e-01
314 6.596680e-01 3.724000e-03 3.366080e-01
315 6.590560e-01 3.644000e-03 3.373000e-01
316 6.584600e-01 3.584000e-03 3.379560e-01
317 6.579000e-01 3.468000e-03 3.386320e-01
318 6.573240e-01 3.376000e-03 3.393000e-01
319 6.567120e-01 3.408000e-03 3.398800e-01
320 6.561200e-01 3.368000e-03 3.405120e-01
321 6.555480e-01 3.412000e-03 3.410400e-01
322 6.549720e-01 3.316000e-03 3.417120e-01
323 6.543880e-01 3.384000e-03 3.422280e-01
324 6.537560e-01 3.348000e-03 3.428960e-01
325 6.531920e-01 3.336000e-03 3.434720e-01
326 6.526760e-01 3.300000e-03 3.440240e-01
327 6.521280e-01 3.256000e-03 3.446160e-01
328 6.515000e-01 3.380000e-03 3.451200e-01
329 6.509320e-01 3.372000e-03 3.456960e-01
330 6.502600e-01 3.400000e-03 3.463400e-01
331 6.497400e-01 3.300000e-03 3.469600e-01
332 6.492600e-01 3.244000e-03 3.474960e-01
333 6.486920e-01 3.292000e-03 3.480160e-01
334 6.482000e-01 3.216000e-03 3.485840e-01
335 6.476520e-01 3.280000e-03 3.490680e-01
336 6.471840e-01 3.136000e-03 3.496800e-01
337 6.466760e-01 3.160000e-03 3.501640e-01
338 6.461360e-01 3.160000e-03 3.507040e-01
339 6.456680e-01 3.092000e-03 3.512400e-01
340 6.452080e-01 3.000000e-03 3.517920e-01
341 6.448400e-01 2.860000e-03 3.523000e-01
342 6.443600e-01 2.804000e-03 3.528360e-01
343 6.439360e-01 2.744000e-03 3.533200e-01
344 6.434120e-01 2.812000e-03 3.537760e-01
345 6.428880e-01 2.904000e-03 3.542080e-01
346 6.424920e-01 2.832000e-03 3.546760e-01
347 6.420800e-01 2.740000e-03 3.551800e-01
348 6.415720e-01 2.760000e-03 3.556680e-01
349 6.410680e-01 2.720000e-03 3.562120e-01
350 6.405920e-01 2.728000e-03 3.566800e-01
351 6.400200e-01 2.804000e-03 3.571760e-01
352 6.395000e-01 2.848000e-03 3.576520e-01
353 6.389680e-01 2.892000e-03 3.581400e-01
354 6.383920e-01 2.920000e-03 3.586880e-01
355 6.378640e-01 2.836000e-03 3.593000e-01
356 6.373720e-01 2.768000e-03 3.598600e-01
357 6.369920e-01 2.708000e-03 3.603000e-01
358 6.365680e-01 2.592000e-03 3.608400e-01
359 6.360640e-01 2.660000e-03 3.612760e-01
360 6.356280e-01 2.656000e-03 3.617160e-01
361 6.351960e-01 2.624000e-03 3.621800e-01
362 6.348160e-01 2.596000e-03 3.625880e-01
363 6.344280e-01 2.584000e-03 3.629880e-01
364 6.339840e-01 2.616000e-03 3.634000e-01
365 6.335640e-01 2.576000e-03 3.638600e-01
366 6.331160e-01 2.596000e-03 3.642880e-01
367 6.327040e-01 2.540000e-03 3.647560e-01
368 6.323000e-01 2.560000e-03 3.651400e-01
369 6.318200e-01 2.592000e-03 3.655880e-01
370 6.313240e-01 2.656000e-03 3.660200e-01
371 6.309400e-01 2.584000e-03 3.664760e-01
372 6.305120e-01 2.620000e-03 3.668680e-01
373 6.300520e-01 2.640000e-03 3.673080e-01
374 6.296240e-01 2.632000e-03 3.677440e-01
375 6.291360e-01 2.624000e-03 3.682400e-01
376 6.287280e-01 2.548000e-03 3.687240e-01
377 6.283360e-01 2.488000e-03 3.691760e-01
378 6.279080e-01 2.492000e-03 3.696000e-01
379 6.275040e-01 2.456000e-03 3.700400e-01
380 6.270840e-01 2.396000e-03 3.705200e-01
381 6.267960e-01 2.276000e-03 3.709280e-01
382 6.264800e-01 2.192000e-03 3.713280e-01
383 6.261680e-01 2.140000e-03 3.716920e-01
384 6.258480e-01 2.064000e-03 3.720880e-01
385 6.254640e-01 2.052000e-03 3.724840e-01
386 6.250640e-01 2.148000e-03 3.727880e-01
387 6.246200e-01 2.300000e-03 3.730800e-01
388 6.242840e-01 2.220000e-03 3.734960e-01
389 6.239880e-01 2.084000e-03 3.739280e-01
390 6.236400e-01 2.064000e-03 3.742960e-01
391 6.232920e-01 2.052000e-03 3.746560e-01
392 6.230080e-01 1.988000e-03 3.750040e-01
393 6.226960e-01 1.976000e-03 3.753280e-01
394 6.223760e-01 1.956000e-03 3.756680e-01
395 6.220520e-01 1.920000e-03 3.760280e-01
396 6.217600e-01 1.908000e-03 3.763320e-01
397 6.214920e-01 1.836000e-03 3.766720e-01
398 6.211920e-01 1.844000e-03 3.769640e-01
399 6.209920e-01 1.688000e-03 3.773200e-01
400 6.207400e-01 1.688000e-03 3.775720e-01
401 6.205000e-01 1.652000e-03 3.778480e-01
402 6.202680e-01 1.580000e-03 3.781520e-01
403 6.200120e-01 1.564000e-03 3.784240e-01
404 6.197600e-01 1.568000e-03 3.786720e-01
405 6.194960e-01 1.548000e-03 3.789560e-01
406 6.192320e-01 1.556000e-03 3.792120e-01
407 6.189240e-01 1.568000e-03 3.795080e-01
408 6.187120e-01 1.476000e-03 3.798120e-01
409 6.184960e-01 1.424000e-03 3.800800e-01
410 6.182600e-01 1.444000e-03 3.802960e-01
411 6.179840e-01 1.440000e-03 3.805760e-01
412 6.177680e-01 1.460000e-03 3.807720e-01
413 6.174800e-01 1.484000e-03 3.810360e-01
414 6.172240e-01 1.444000e-03 3.813320e-01
415 6.169760e-01 1.428000e-03 3.815960e-01
416 6.167160e-01 1.456000e-03 3.818280e-01
417 6.164400e-01 1.448000e-03 3.821120e-01
418 6.161920e-01 1.468000e-03 3.823400e-01
419 6.159880e-01 1.420000e-03 3.825920e-01
420 6.157680e-01 1.392000e-03 3.828400e-01
421 6.155360e-01 1.368000e-03 3.830960e-01
422 6.153200e-01 1.392000e-03 3.832880e-01
423 6.151600e-01 1.308000e-03 3.835320e-01
424 6.149720e-01 1.316000e-03 3.837120e-01
425 6.147440e-01 1.320000e-03 3.839360e-01
426 6.144760e-01 1.364000e-03 3.841600e-01
427 6.142120e-01 1.388000e-03 3.844000e-01
428 6.139960e-01 1.332000e-03 3.846720e-01
429 6.137480e-01 1.364000e-03 3.848880e-01
430 6.135160e-01 1.328000e-03 3.851560e-01
431 6.133000e-01 1.284000e-03 3.854160e-01
432 6.130760e-01 1.280000e-03 3.856440e-01
433 6.128120e-01 1.280000e-03 3.859080e-01
434 6.125880e-01 1.276000e-03 3.861360e-01
435 6.123600e-01 1.232000e-03 3.864080e-01
436 6.122480e-01 1.180000e-03 3.865720e-01
437 6.121240e-01 1.104000e-03 3.867720e-01
438 6.119440e-01 1.064000e-03 3.869920e-01
439 6.118040e-01 1.036000e-03 3.871600e-01
440 6.116480e-01 1.024000e-03 3.873280e-01
441 6.114920e-01 9.800000e-04 3.875280e-01
442 6.113560e-01 9.520000e-04 3.876920e-01
443 6.111680e-01 9.800000e-04 3.878520e-01
444 6.109640e-01 1.004000e-03 3.880320e-01
445 6.107280e-01 1.000000e-03 3.882720e-01
446 6.105560e-01 9.840000e-04 3.884600e-01
447 6.104160e-01 9.440000e-04 3.886400e-01
448 6.102080e-01 9.920000e-04 3.888000e-01
449 6.099920e-01 9.760000e-04 3.890320e-01
450 6.097520e-01 1.024000e-03 3.892240e-01
451 6.095360e-01 1.020000e-03 3.894440e-01
452 6.093800e-01 1.028000e-03 3.895920e-01
453 6.092560e-01 1.004000e-03 3.897400e-01
454 6.090040e-01 1.032000e-03 3.899640e-01
455 6.088120e-01 1.044000e-03 3.901440e-01
456 6.086480e-01 1.056000e-03 3.902960e-01
457 6.084960e-01 1.008000e-03 3.904960e-01
458 6.083800e-01 9.480000e-04 3.906720e-01
459 6.082440e-01 8.880000e-04 3.908680e-01
460 6.080920e-01 8.920000e-04 3.910160e-01
461 6.079920e-01 8.440000e-04 3.911640e-01
462 6.078520e-01 8.280000e-04 3.913200e-01
463 6.077200e-01 8.400000e-04 3.914400e-01
464 6.075800e-01 8.240000e-04 3.915960e-01
465 6.073840e-01 8.880000e-04 3.917280e-01
466 6.072200e-01 8.400000e-04 3.919400e-01
467 6.070640e-01 8.440000e-04 3.920920e-01
468 6.069120e-01 8.320000e-04 3.922560e-01
469 6.068240e-01 8.040000e-04 3.923720e-01
470 6.067120e-01 7.920000e-04 3.924960e-01
471 6.066000e-01 7.600000e-04 3.926400e-01
472 6.065000e-01 7.200000e-04 3.927800e-01
473 6.064240e-01 6.640000e-04 3.929120e-01
474 6.063240e-01 6.200000e-04 3.930560e-01
475 6.062360e-01 6.160000e-04 3.931480e-01
476 6.061000e-01 6.360000e-04 3.932640e-01
477 6.059840e-01 6.800000e-04 3.933360e-01
478 6.058160e-01 7.520000e-04 3.934320e-01
479 6.056960e-01 7.400000e-04 3.935640e-01
480 6.055600e-01 7.240000e-04 3.937160e-01
481 6.054080e-01 7.240000e-04 3.938680e-01
482 6.052200e-01 7.760000e-04 3.940040e-01
483 6.050440e-01 8.120000e-04 3.941440e-01
484 6.048800e-01 8.280000e-04 3.942920e-01
485 6.047560e-01 8.040000e-04 3.944400e-01
486 6.046000e-01 8.280000e-04 3.945720e-01
487 6.043840e-01 8.840000e-04 3.947320e-01
488 6.041600e-01 9.120000e-04 3.949280e-01
489 6.039840e-01 9.240000e-04 3.950920e-01
490 6.037800e-01 9.640000e-04 3.952560e-01
491 6.035840e-01 1.012000e-03 3.954040e-01
492 6.034160e-01 1.004000e-03 3.955800e-01
493 6.032120e-01 1.008000e-03 3.957800e-01
494 6.030280e-01 9.760000e-04 3.959960e-01
495 6.028160e-01 9.840000e-04 3.962000e-01
496 6.026200e-01 1.000000e-03 3.963800e-01
497 6.024640e-01 9.600000e-04 3.965760e-01
498 6.023000e-01 9.160000e-04 3.967840e-01
499 6.021640e-01 8.760000e-04 3.969600e-01
500 6.019960e-01 8.760000e-04 3.971280e-01
