1 9.992320e-01 6.520000e-04 1.160000e-04
2 9.987080e-01 1.000000e-03 2.920000e-04
3 9.982000e-01 1.336000e-03 4.640000e-04
4 9.974640e-01 1.820000e-03 7.160000e-04
5 9.967040e-01 2.236000e-03 1.060000e-03
6 9.959360e-01 2.564000e-03 1.500000e-03
7 9.951360e-01 2.872000e-03 1.992000e-03
8 9.942400e-01 3.232000e-03 2.528000e-03
9 9.933480e-01 3.512000e-03 3.140000e-03
10 9.924560e-01 3.740000e-03 3.804000e-03
11 9.914280e-01 4.076000e-03 4.496000e-03
12 9.904320e-01 4.340000e-03 5.228000e-03
13 9.895600e-01 4.484000e-03 5.956000e-03
14 9.885120e-01 4.688000e-03 6.800000e-03
15 9.874280e-01 4.892000e-03 7.680000e-03
16 9.863080e-01 5.200000e-03 8.492000e-03
17 9.852560e-01 5.376000e-03 9.368000e-03
18 9.841640e-01 5.540000e-03 1.029600e-02
19 9.831240e-01 5.672000e-03 1.120400e-02
20 9.819520e-01 5.752000e-03 1.229600e-02
21 9.806920e-01 5.976000e-03 1.333200e-02
22 9.796440e-01 5.824000e-03 1.453200e-02
23 9.784080e-01 6.056000e-03 1.553600e-02
24 9.771040e-01 6.220000e-03 1.667600e-02
25 9.757680e-01 6.500000e-03 1.773200e-02
26 9.746720e-01 6.356000e-03 1.897200e-02
27 9.734120e-01 6.540000e-03 2.004800e-02
28 9.721520e-01 6.644000e-03 2.120400e-02
29 9.707520e-01 6.872000e-03 2.237600e-02
30 9.693600e-01 7.036000e-03 2.360400e-02
31 9.680560e-01 7.088000e-03 2.485600e-02
32 9.666360e-01 7.364000e-03 2.600000e-02
33 9.653240e-01 7.428000e-03 2.724800e-02
34 9.639880e-01 7.504000e-03 2.850800e-02
35 9.627400e-01 7.444000e-03 2.981600e-02
36 9.613720e-01 7.492000e-03 3.113600e-02
37 9.600160e-01 7.576000e-03 3.240800e-02
38 9.587400e-01 7.484000e-03 3.377600e-02
39 9.574240e-01 7.572000e-03 3.500400e-02
40 9.561280e-01 7.588000e-03 3.628400e-02
41 9.548240e-01 7.512000e-03 3.766400e-02
42 9.534840e-01 7.620000e-03 3.889600e-02
43 9.521160e-01 7.432000e-03 4.045200e-02
44 9.506640e-01 7.556000e-03 4.178000e-02
45 9.492720e-01 7.552000e-03 4.317600e-02
46 9.478520e-01 7.492000e-03 4.465600e-02
47 9.465240e-01 7.344000e-03 4.613200e-02
48 9.451520e-01 7.348000e-03 4.750000e-02
49 9.437840e-01 7.436000e-03 4.878000e-02
50 9.424160e-01 7.496000e-03 5.008800e-02
51 9.410320e-01 7.432000e-03 5.153600e-02
52 9.397280e-01 7.392000e-03 5.288000e-02
53 9.383480e-01 7.440000e-03 5.421200e-02
54 9.369280e-01 7.424000e-03 5.564800e-02
55 9.353040e-01 7.756000e-03 5.694000e-02
56 9.338360e-01 7.956000e-03 5.820800e-02
57 9.323440e-01 8.164000e-03 5.949200e-02
58 9.306520e-01 8.412000e-03 6.093600e-02
59 9.289680e-01 8.628000e-03 6.240400e-02
60 9.273840e-01 8.708000e-03 6.390800e-02
61 9.257600e-01 8.844000e-03 6.539600e-02
62 9.241840e-01 8.864000e-03 6.695200e-02
63 9.227520e-01 8.752000e-03 6.849600e-02
64 9.212440e-01 8.696000e-03 7.006000e-02
65 9.196640e-01 8.764000e-03 7.157200e-02
66 9.182040e-01 8.772000e-03 7.302400e-02
67 9.166880e-01 8.720000e-03 7.459200e-02
68 9.151400e-01 8.700000e-03 7.616000e-02
69 9.137720e-01 8.444000e-03 7.778400e-02
70 9.123560e-01 8.392000e-03 7.925200e-02
71 9.107960e-01 8.456000e-03 8.074800e-02
72 9.093480e-01 8.500000e-03 8.215200e-02
73 9.078360e-01 8.484000e-03 8.368000e-02
74 9.062880e-01 8.500000e-03 8.521200e-02
75 9.048240e-01 8.440000e-03 8.673600e-02
76 9.033800e-01 8.348000e-03 8.827200e-02
77 9.020360e-01 8.224000e-03 8.974000e-02
78 9.006760e-01 8.232000e-03 9.109200e-02
79 8.993120e-01 8.156000e-03 9.253200e-02
80 8.978560e-01 8.300000e-03 9.384400e-02
81 8.964560e-01 8.236000e-03 9.530800e-02
82 8.951520e-01 8.128000e-03 9.672000e-02
83 8.938800e-01 7.996000e-03 9.812400e-02
84 8.925640e-01 7.928000e-03 9.950800e-02
85 8.912240e-01 7.836000e-03 1.009400e-01
86 8.899160e-01 7.752000e-03 1.023320e-01
87 8.887280e-01 7.636000e-03 1.036360e-01
88 8.873920e-01 7.612000e-03 1.049960e-01
89 8.861680e-01 7.588000e-03 1.062440e-01
90 8.848240e-01 7.660000e-03 1.075160e-01
91 8.836120e-01 7.604000e-03 1.087840e-01
92 8.822600e-01 7.500000e-03 1.102400e-01
93 8.809640e-01 7.492000e-03 1.115440e-01
94 8.797120e-01 7.448000e-03 1.128400e-01
95 8.783360e-01 7.456000e-03 1.142080e-01
96 8.770560e-01 7.444000e-03 1.155000e-01
97 8.757400e-01 7.464000e-03 1.167960e-01
98 8.743560e-01 7.504000e-03 1.181400e-01
99 8.730880e-01 7.464000e-03 1.194480e-01
100 8.716640e-01 7.460000e-03 1.208760e-01
101 8.702120e-01 7.448000e-03 1.223400e-01
102 8.688040e-01 7.532000e-03 1.236640e-01
103 8.673480e-01 7.644000e-03 1.250080e-01
104 8.659160e-01 7.748000e-03 1.263360e-01
105 8.645880e-01 7.676000e-03 1.277360e-01
106 8.631480e-01 7.772000e-03 1.290800e-01
107 8.619160e-01 7.780000e-03 1.303040e-01
108 8.605480e-01 7.708000e-03 1.317440e-01
109 8.592520e-01 7.696000e-03 1.330520e-01
110 8.578680e-01 7.800000e-03 1.343320e-01
111 8.562440e-01 8.108000e-03 1.356480e-01
112 8.546800e-01 8.320000e-03 1.370000e-01
113 8.532680e-01 8.284000e-03 1.384480e-01
114 8.517600e-01 8.296000e-03 1.399440e-01
115 8.503760e-01 8.208000e-03 1.414160e-01
116 8.489320e-01 8.328000e-03 1.427400e-01
117 8.474880e-01 8.416000e-03 1.440960e-01
118 8.461200e-01 8.304000e-03 1.455760e-01
119 8.448720e-01 8.164000e-03 1.469640e-01
120 8.435920e-01 7.908000e-03 1.485000e-01
121 8.424040e-01 7.632000e-03 1.499640e-01
122 8.412640e-01 7.564000e-03 1.511720e-01
123 8.399880e-01 7.508000e-03 1.525040e-01
124 8.386560e-01 7.552000e-03 1.537920e-01
125 8.372440e-01 7.872000e-03 1.548840e-01
126 8.359200e-01 7.868000e-03 1.562120e-01
127 8.344360e-01 7.968000e-03 1.575960e-01
128 8.331680e-01 7.952000e-03 1.588800e-01
129 8.318800e-01 7.800000e-03 1.603200e-01
130 8.304800e-01 7.908000e-03 1.616120e-01
131 8.290560e-01 7.932000e-03 1.630120e-01
132 8.277560e-01 7.844000e-03 1.644000e-01
133 8.266280e-01 7.456000e-03 1.659160e-01
134 8.255320e-01 7.264000e-03 1.672040e-01
135 8.243200e-01 7.272000e-03 1.684080e-01
136 8.231000e-01 7.300000e-03 1.696000e-01
137 8.219080e-01 7.316000e-03 1.707760e-01
138 8.206880e-01 7.240000e-03 1.720720e-01
139 8.195320e-01 7.232000e-03 1.732360e-01
140 8.182680e-01 7.240000e-03 1.744920e-01
141 8.169920e-01 7.256000e-03 1.757520e-01
142 8.158920e-01 7.100000e-03 1.770080e-01
143 8.146280e-01 7.100000e-03 1.782720e-01
144 8.133440e-01 7.104000e-03 1.795520e-01
145 8.120480e-01 7.192000e-03 1.807600e-01
146 8.108120e-01 7.136000e-03 1.820520e-01
147 8.094840e-01 7.036000e-03 1.834800e-01
148 8.084560e-01 6.956000e-03 1.845880e-01
149 8.074160e-01 6.756000e-03 1.858280e-01
150 8.063520e-01 6.688000e-03 1.869600e-01
151 8.052720e-01 6.496000e-03 1.882320e-01
152 8.041840e-01 6.480000e-03 1.893360e-01
153 8.029720e-01 6.500000e-03 1.905280e-01
154 8.019400e-01 6.432000e-03 1.916280e-01
155 8.008600e-01 6.368000e-03 1.927720e-01
156 7.998000e-01 6.340000e-03 1.938600e-01
157 7.987840e-01 6.216000e-03 1.950000e-01
158 7.978560e-01 6.092000e-03 1.960520e-01
159 7.969560e-01 5.940000e-03 1.971040e-01
160 7.960120e-01 5.892000e-03 1.980960e-01
161 7.948960e-01 5.968000e-03 1.991360e-01
162 7.939400e-01 5.912000e-03 2.001480e-01
163 7.928800e-01 5.940000e-03 2.011800e-01
164 7.919160e-01 5.900000e-03 2.021840e-01
165 7.909320e-01 5.844000e-03 2.032240e-01
166 7.899640e-01 5.808000e-03 2.042280e-01
167 7.890400e-01 5.736000e-03 2.052240e-01
168 7.880040e-01 5.892000e-03 2.061040e-01
169 7.869400e-01 5.992000e-03 2.070680e-01
170 7.858200e-01 6.012000e-03 2.081680e-01
171 7.847000e-01 6.164000e-03 2.091360e-01
172 7.835640e-01 6.328000e-03 2.101080e-01
173 7.822760e-01 6.500000e-03 2.112240e-01
174 7.810440e-01 6.612000e-03 2.123440e-01
175 7.799200e-01 6.664000e-03 2.134160e-01
176 7.787880e-01 6.696000e-03 2.145160e-01
177 7.776000e-01 6.856000e-03 2.155440e-01
178 7.762920e-01 6.920000e-03 2.167880e-01
179 7.751640e-01 6.804000e-03 2.180320e-01
180 7.740880e-01 6.672000e-03 2.192400e-01
181 7.729920e-01 6.616000e-03 2.203920e-01
182 7.720080e-01 6.412000e-03 2.215800e-01
183 7.709480e-01 6.464000e-03 2.225880e-01
184 7.698280e-01 6.428000e-03 2.237440e-01
185 7.688040e-01 6.344000e-03 2.248520e-01
186 7.677040e-01 6.316000e-03 2.259800e-01
187 7.666000e-01 6.248000e-03 2.271520e-01
188 7.654320e-01 6.344000e-03 2.282240e-01
189 7.642600e-01 6.444000e-03 2.292960e-01
190 7.633000e-01 6.184000e-03 2.305160e-01
191 7.623320e-01 6.028000e-03 2.316400e-01
192 7.612600e-01 5.992000e-03 2.327480e-01
193 7.601960e-01 5.952000e-03 2.338520e-01
194 7.593000e-01 5.816000e-03 2.348840e-01
195 7.583520e-01 5.696000e-03 2.359520e-01
196 7.573600e-01 5.728000e-03 2.369120e-01
197 7.563840e-01 5.664000e-03 2.379520e-01
198 7.553880e-01 5.592000e-03 2.390200e-01
199 7.543920e-01 5.644000e-03 2.399640e-01
200 7.534120e-01 5.736000e-03 2.408520e-01
201 7.525640e-01 5.656000e-03 2.417800e-01
202 7.516480e-01 5.524000e-03 2.428280e-01
203 7.507640e-01 5.472000e-03 2.437640e-01
204 7.497360e-01 5.488000e-03 2.447760e-01
205 7.487800e-01 5.348000e-03 2.458720e-01
206 7.479760e-01 5.268000e-03 2.467560e-01
207 7.471280e-01 5.248000e-03 2.476240e-01
208 7.462920e-01 5.168000e-03 2.485400e-01
209 7.454720e-01 5.072000e-03 2.494560e-01
210 7.447200e-01 4.960000e-03 2.503200e-01
211 7.438800e-01 4.980000e-03 2.511400e-01
212 7.430680e-01 4.864000e-03 2.520680e-01
213 7.421160e-01 4.948000e-03 2.529360e-01
214 7.413480e-01 4.784000e-03 2.538680e-01
215 7.404800e-01 4.780000e-03 2.547400e-01
216 7.396440e-01 4.720000e-03 2.556360e-01
217 7.388000e-01 4.800000e-03 2.564000e-01
218 7.379760e-01 4.904000e-03 2.571200e-01
219 7.372160e-01 4.756000e-03 2.580280e-01
220 7.362600e-01 4.852000e-03 2.588880e-01
221 7.354880e-01 4.752000e-03 2.597600e-01
222 7.347840e-01 4.636000e-03 2.605800e-01
223 7.340120e-01 4.556000e-03 2.614320e-01
224 7.332880e-01 4.480000e-03 2.622320e-01
225 7.324720e-01 4.500000e-03 2.630280e-01
226 7.318480e-01 4.340000e-03 2.638120e-01
227 7.311200e-01 4.388000e-03 2.644920e-01
228 7.303920e-01 4.320000e-03 2.652880e-01
229 7.297480e-01 4.252000e-03 2.660000e-01
230 7.291440e-01 4.144000e-03 2.667120e-01
231 7.284480e-01 4.036000e-03 2.675160e-01
232 7.278200e-01 3.928000e-03 2.682520e-01
233 7.271080e-01 4.056000e-03 2.688360e-01
234 7.262400e-01 4.264000e-03 2.694960e-01
235 7.255080e-01 4.200000e-03 2.702920e-01
236 7.248240e-01 4.112000e-03 2.710640e-01
237 7.242000e-01 3.968000e-03 2.718320e-01
238 7.234520e-01 3.988000e-03 2.725600e-01
239 7.227360e-01 4.000000e-03 2.732640e-01
240 7.220560e-01 3.924000e-03 2.740200e-01
241 7.213800e-01 3.892000e-03 2.747280e-01
242 7.207320e-01 3.868000e-03 2.754000e-01
243 7.201200e-01 3.796000e-03 2.760840e-01
244 7.194440e-01 3.776000e-03 2.767800e-01
245 7.187840e-01 3.792000e-03 2.774240e-01
246 7.179920e-01 3.884000e-03 2.781240e-01
247 7.173120e-01 3.948000e-03 2.787400e-01
248 7.165120e-01 4.012000e-03 2.794760e-01
249 7.157640e-01 4.128000e-03 2.801080e-01
250 7.150920e-01 4.160000e-03 2.807480e-01
251 7.144200e-01 4.124000e-03 2.814560e-01
252 7.137760e-01 4.020000e-03 2.822040e-01
253 7.130600e-01 4.012000e-03 2.829280e-01
254 7.123720e-01 4.000000e-03 2.836280e-01
255 7.117760e-01 3.912000e-03 2.843120e-01
256 7.112760e-01 3.692000e-03 2.850320e-01
257 7.107160e-01 3.596000e-03 2.856880e-01
258 7.101520e-01 3.468000e-03 2.863800e-01
259 7.096480e-01 3.320000e-03 2.870320e-01
260 7.091360e-01 3.172000e-03 2.876920e-01
261 7.086200e-01 3.128000e-03 2.882520e-01
262 7.080280e-01 3.212000e-03 2.887600e-01
263 7.074840e-01 3.204000e-03 2.893120e-01
264 7.069960e-01 3.088000e-03 2.899160e-01
265 7.064520e-01 3.092000e-03 2.904560e-01
266 7.058720e-01 3.168000e-03 2.909600e-01
267 7.053520e-01 3.048000e-03 2.916000e-01
268 7.048800e-01 3.016000e-03 2.921040e-01
269 7.043280e-01 3.088000e-03 2.925840e-01
270 7.037560e-01 3.188000e-03 2.930560e-01
271 7.031840e-01 3.208000e-03 2.936080e-01
272 7.026240e-01 3.304000e-03 2.940720e-01
273 7.021200e-01 3.260000e-03 2.946200e-01
274 7.015040e-01 3.320000e-03 2.951760e-01
275 7.009160e-01 3.320000e-03 2.957640e-01
276 7.003240e-01 3.348000e-03 2.963280e-01
277 6.997640e-01 3.272000e-03 2.969640e-01
278 6.991280e-01 3.324000e-03 2.975480e-01
279 6.986160e-01 3.348000e-03 2.980360e-01
280 6.979320e-01 3.412000e-03 2.986560e-01
281 6.972880e-01 3.472000e-03 2.992400e-01
282 6.965200e-01 3.612000e-03 2.998680e-01
283 6.958760e-01 3.600000e-03 3.005240e-01
284 6.952120e-01 3.572000e-03 3.012160e-01
285 6.945960e-01 3.580000e-03 3.018240e-01
286 6.940080e-01 3.476000e-03 3.025160e-01
287 6.933320e-01 3.504000e-03 3.031640e-01
288 6.926560e-01 3.532000e-03 3.038120e-01
289 6.919880e-01 3.564000e-03 3.044480e-01
290 6.914080e-01 3.536000e-03 3.050560e-01
291 6.906880e-01 3.684000e-03 3.056280e-01
292 6.899960e-01 3.700000e-03 3.063040e-01
293 6.893920e-01 3.628000e-03 3.069800e-01
294 6.888040e-01 3.632000e-03 3.075640e-01
295 6.882560e-01 3.556000e-03 3.081880e-01
296 6.876680e-01 3.464000e-03 3.088680e-01
297 6.871200e-01 3.360000e-03 3.095200e-01
298 6.866200e-01 3.244000e-03 3.101360e-01
299 6.861040e-01 3.220000e-03 3.106760e-01
300 6.856120e-01 3.184000e-03 3.112040e-01
301 6.850400e-01 3.144000e-03 3.118160e-01
302 6.845800e-01 3.096000e-03 3.123240e-01
303 6.840600e-01 3.128000e-03 3.128120e-01
304 6.835520e-01 3.112000e-03 3.133360e-01
305 6.830600e-01 3.112000e-03 3.138280e-01
306 6.826120e-01 3.072000e-03 3.143160e-01
307 6.821800e-01 2.972000e-03 3.148480e-01
308 6.817200e-01 2.904000e-03 3.153760e-01
309 6.813440e-01 2.816000e-03 3.158400e-01
310 6.809600e-01 2.792000e-03 3.162480e-01
311 6.806000e-01 2.624000e-03 3.167760e-01
312 6.801680e-01 2.644000e-03 3.171880e-01
313 6.797600e-01 2.552000e-03 3.176880e-01
314 6.793600e-01 2.484000e-03 3.181560e-01
315 6.788960e-01 2.444000e-03 3.186600e-01
316 6.784240e-01 2.420000e-03 3.191560e-01
317 6.779880e-01 2.440000e-03 3.195720e-01
318 6.775360e-01 2.508000e-03 3.199560e-01
319 6.770880e-01 2.552000e-03 3.203600e-01
320 6.767240e-01 2.472000e-03 3.208040e-01
321 6.762640e-01 2.544000e-03 3.211920e-01
322 6.759120e-01 2.420000e-03 3.216680e-01
323 6.754400e-01 2.504000e-03 3.220560e-01
324 6.749960e-01 2.476000e-03 3.225280e-01
325 6.746000e-01 2.472000e-03 3.229280e-01
326 6.742120e-01 2.416000e-03 3.233720e-01
327 6.738640e-01 2.348000e-03 3.237880e-01
328 6.734520e-01 2.416000e-03 3.241320e-01
329 6.729960e-01 2.352000e-03 3.246520e-01
330 6.726320e-01 2.268000e-03 3.251000e-01
331 6.723080e-01 2.136000e-03 3.255560e-01
332 6.718920e-01 2.204000e-03 3.259040e-01
333 6.714880e-01 2.244000e-03 3.262680e-01
334 6.710640e-01 2.240000e-03 3.266960e-01
335 6.707240e-01 2.224000e-03 3.270520e-01
336 6.703440e-01 2.204000e-03 3.274520e-01
337 6.700640e-01 2.084000e-03 3.278520e-01
338 6.697520e-01 2.060000e-03 3.281880e-01
339 6.693760e-01 2.084000e-03 3.285400e-01
340 6.689800e-01 2.116000e-03 3.289040e-01
341 6.686760e-01 2.004000e-03 3.293200e-01
342 6.682320e-01 2.004000e-03 3.297640e-01
343 6.678800e-01 2.052000e-03 3.300680e-01
344 6.674800e-01 2.084000e-03 3.304360e-01
345 6.670320e-01 2.160000e-03 3.308080e-01
346 6.665720e-01 2.244000e-03 3.311840e-01
347 6.661760e-01 2.240000e-03 3.315840e-01
348 6.657680e-01 2.236000e-03 3.319960e-01
349 6.653440e-01 2.244000e-03 3.324120e-01
350 6.650080e-01 2.256000e-03 3.327360e-01
351 6.647160e-01 2.200000e-03 3.330840e-01
352 6.643160e-01 2.208000e-03 3.334760e-01
353 6.639680e-01 2.200000e-03 3.338320e-01
354 6.636200e-01 2.156000e-03 3.342240e-01
355 6.632520e-01 2.064000e-03 3.346840e-01
356 6.629360e-01 2.060000e-03 3.350040e-01
357 6.626080e-01 2.068000e-03 3.353240e-01
358 6.622000e-01 2.128000e-03 3.356720e-01
359 6.618000e-01 2.124000e-03 3.360760e-01
360 6.614600e-01 2.076000e-03 3.364640e-01
361 6.611160e-01 2.016000e-03 3.368680e-01
362 6.607680e-01 1.976000e-03 3.372560e-01
363 6.603840e-01 2.088000e-03 3.375280e-01
364 6.600080e-01 2.128000e-03 3.378640e-01
365 6.595960e-01 2.128000e-03 3.382760e-01
366 6.592120e-01 2.196000e-03 3.385920e-01
367 6.588760e-01 2.172000e-03 3.389520e-01
368 6.585920e-01 2.072000e-03 3.393360e-01
369 6.581640e-01 2.112000e-03 3.397240e-01
370 6.577760e-01 2.104000e-03 3.401200e-01
371 6.574080e-01 2.192000e-03 3.404000e-01
372 6.570400e-01 2.092000e-03 3.408680e-01
373 6.566800e-01 2.096000e-03 3.412240e-01
374 6.563720e-01 2.080000e-03 3.415480e-01
375 6.560120e-01 2.020000e-03 3.419680e-01
376 6.555400e-01 2.132000e-03 3.423280e-01
377 6.551760e-01 2.020000e-03 3.428040e-01
378 6.548320e-01 2.028000e-03 3.431400e-01
379 6.544720e-01 2.004000e-03 3.435240e-01
380 6.541760e-01 1.964000e-03 3.438600e-01
381 6.537840e-01 2.040000e-03 3.441760e-01
382 6.534200e-01 2.080000e-03 3.445000e-01
383 6.530480e-01 2.052000e-03 3.449000e-01
384 6.526520e-01 2.040000e-03 3.453080e-01
385 6.522800e-01 2.036000e-03 3.456840e-01
386 6.519320e-01 1.964000e-03 3.461040e-01
387 6.516760e-01 1.936000e-03 3.463880e-01
388 6.513520e-01 1.880000e-03 3.467680e-01
389 6.510360e-01 1.816000e-03 3.471480e-01
390 6.507440e-01 1.784000e-03 3.474720e-01
391 6.504000e-01 1.816000e-03 3.477840e-01
392 6.500360e-01 1.816000e-03 3.481480e-01
393 6.496640e-01 1.908000e-03 3.484280e-01
394 6.493480e-01 1.892000e-03 3.487600e-01
395 6.490240e-01 1.940000e-03 3.490360e-01
396 6.486800e-01 1.864000e-03 3.494560e-01
397 6.483560e-01 1.896000e-03 3.497480e-01
398 6.480440e-01 1.896000e-03 3.500600e-01
399 6.477600e-01 1.820000e-03 3.504200e-01
400 6.474480e-01 1.848000e-03 3.507040e-01
401 6.471600e-01 1.848000e-03 3.509920e-01
402 6.468960e-01 1.768000e-03 3.513360e-01
403 6.465680e-01 1.768000e-03 3.516640e-01
404 6.462720e-01 1.716000e-03 3.520120e-01
405 6.460280e-01 1.656000e-03 3.523160e-01
406 6.457320e-01 1.684000e-03 3.525840e-01
407 6.454800e-01 1.644000e-03 3.528760e-01
408 6.452520e-01 1.612000e-03 3.531360e-01
409 6.450000e-01 1.636000e-03 3.533640e-01
410 6.446760e-01 1.680000e-03 3.536440e-01
411 6.443160e-01 1.732000e-03 3.539520e-01
412 6.440640e-01 1.628000e-03 3.543080e-01
413 6.437920e-01 1.608000e-03 3.546000e-01
414 6.435080e-01 1.640000e-03 3.548520e-01
415 6.432280e-01 1.564000e-03 3.552080e-01
416 6.430040e-01 1.500000e-03 3.554960e-01
417 6.427960e-01 1.432000e-03 3.557720e-01
418 6.425600e-01 1.440000e-03 3.560000e-01
419 6.423600e-01 1.368000e-03 3.562720e-01
420 6.421120e-01 1.352000e-03 3.565360e-01
421 6.418480e-01 1.372000e-03 3.567800e-01
422 6.415880e-01 1.276000e-03 3.571360e-01
423 6.413720e-01 1.332000e-03 3.572960e-01
424 6.412000e-01 1.264000e-03 3.575360e-01
425 6.410360e-01 1.216000e-03 3.577480e-01
426 6.408400e-01 1.232000e-03 3.579280e-01
427 6.406800e-01 1.168000e-03 3.581520e-01
428 6.405040e-01 1.156000e-03 3.583400e-01
429 6.403160e-01 1.140000e-03 3.585440e-01
430 6.401240e-01 1.128000e-03 3.587480e-01
431 6.399200e-01 1.136000e-03 3.589440e-01
432 6.397520e-01 1.084000e-03 3.591640e-01
433 6.396280e-01 1.000000e-03 3.593720e-01
434 6.395040e-01 9.600000e-04 3.595360e-01
435 6.393640e-01 9.200000e-04 3.597160e-01
436 6.391920e-01 9.640000e-04 3.598440e-01
437 6.390480e-01 9.440000e-04 3.600080e-01
438 6.389080e-01 9.000000e-04 3.601920e-01
439 6.387440e-01 9.120000e-04 3.603440e-01
440 6.385760e-01 9.280000e-04 3.604960e-01
441 6.383760e-01 9.600000e-04 3.606640e-01
442 6.382280e-01 9.160000e-04 3.608560e-01
443 6.381440e-01 8.200000e-04 3.610360e-01
444 6.380040e-01 7.920000e-04 3.612040e-01
445 6.379040e-01 6.880000e-04 3.614080e-01
446 6.377920e-01 7.080000e-04 3.615000e-01
447 6.376960e-01 6.640000e-04 3.616400e-01
448 6.375960e-01 6.400000e-04 3.617640e-01
449 6.374880e-01 6.560000e-04 3.618560e-01
450 6.374000e-01 6.440000e-04 3.619560e-01
451 6.372600e-01 7.080000e-04 3.620320e-01
452 6.371000e-01 7.320000e-04 3.621680e-01
453 6.369440e-01 7.520000e-04 3.623040e-01
454 6.367600e-01 7.880000e-04 3.624520e-01
455 6.366000e-01 8.040000e-04 3.625960e-01
456 6.364120e-01 8.440000e-04 3.627440e-01
457 6.362720e-01 8.520000e-04 3.628760e-01
458 6.361720e-01 7.840000e-04 3.630440e-01
459 6.360440e-01 7.960000e-04 3.631600e-01
460 6.359160e-01 7.400000e-04 3.633440e-01
461 6.357880e-01 7.560000e-04 3.634560e-01
462 6.357040e-01 6.920000e-04 3.636040e-01
463 6.356240e-01 6.120000e-04 3.637640e-01
464 6.355400e-01 6.000000e-04 3.638600e-01
465 6.354440e-01 6.080000e-04 3.639480e-01
466 6.354000e-01 5.520000e-04 3.640480e-01
467 6.353240e-01 5.320000e-04 3.641440e-01
468 6.352800e-01 4.880000e-04 3.642320e-01
469 6.351840e-01 5.080000e-04 3.643080e-01
470 6.351360e-01 4.640000e-04 3.644000e-01
471 6.350480e-01 4.880000e-04 3.644640e-01
472 6.349800e-01 4.640000e-04 3.645560e-01
473 6.349480e-01 4.280000e-04 3.646240e-01
474 6.349080e-01 3.920000e-04 3.647000e-01
475 6.348760e-01 3.560000e-04 3.647680e-01
476 6.348480e-01 3.040000e-04 3.648480e-01
477 6.348040e-01 3.040000e-04 3.648920e-01
478 6.347480e-01 2.880000e-04 3.649640e-01
479 6.347120e-01 2.880000e-04 3.650000e-01
480 6.346920e-01 2.480000e-04 3.650600e-01
481 6.346200e-01 2.760000e-04 3.651040e-01
482 6.345800e-01 2.520000e-04 3.651680e-01
483 6.345520e-01 2.480000e-04 3.652000e-01
484 6.345120e-01 2.520000e-04 3.652360e-01
485 6.344600e-01 2.760000e-04 3.652640e-01
486 6.344000e-01 2.880000e-04 3.653120e-01
487 6.343280e-01 3.080000e-04 3.653640e-01
488 6.342560e-01 3.280000e-04 3.654160e-01
489 6.342160e-01 3.280000e-04 3.654560e-01
490 6.341120e-01 3.800000e-04 3.655080e-01
491 6.340240e-01 4.000000e-04 3.655760e-01
492 6.339520e-01 3.840000e-04 3.656640e-01
493 6.338720e-01 4.040000e-04 3.657240e-01
494 6.337640e-01 4.400000e-04 3.657960e-01
495 6.336840e-01 4.400000e-04 3.658760e-01
496 6.335920e-01 4.200000e-04 3.659880e-01
497 6.335200e-01 4.440000e-04 3.660360e-01
498 6.334040e-01 4.720000e-04 3.661240e-01
499 6.333200e-01 4.800000e-04 3.662000e-01
500 6.332320e-01 4.880000e-04 3.662800e-01
