1 9.992440e-01 6.480000e-04 1.080000e-04
2 9.988240e-01 8.880000e-04 2.880000e-04
3 9.981560e-01 1.348000e-03 4.960000e-04
4 9.975240e-01 1.720000e-03 7.560000e-04
5 9.968760e-01 2.068000e-03 1.056000e-03
6 9.961000e-01 2.456000e-03 1.444000e-03
7 9.952280e-01 2.844000e-03 1.928000e-03
8 9.943000e-01 3.240000e-03 2.460000e-03
9 9.933600e-01 3.588000e-03 3.052000e-03
10 9.923480e-01 3.928000e-03 3.724000e-03
11 9.913720e-01 4.204000e-03 4.424000e-03
12 9.902600e-01 4.616000e-03 5.124000e-03
13 9.891480e-01 4.924000e-03 5.928000e-03
14 9.880880e-01 5.144000e-03 6.768000e-03
15 9.870080e-01 5.236000e-03 7.756000e-03
16 9.858640e-01 5.428000e-03 8.708000e-03
17 9.848320e-01 5.644000e-03 9.524000e-03
18 9.836000e-01 5.888000e-03 1.051200e-02
19 9.824080e-01 6.108000e-03 1.148400e-02
20 9.812400e-01 6.208000e-03 1.255200e-02
21 9.801000e-01 6.380000e-03 1.352000e-02
22 9.790040e-01 6.464000e-03 1.453200e-02
23 9.777720e-01 6.628000e-03 1.560000e-02
24 9.765600e-01 6.668000e-03 1.677200e-02
25 9.753080e-01 6.816000e-03 1.787600e-02
26 9.741240e-01 6.716000e-03 1.916000e-02
27 9.728360e-01 6.852000e-03 2.031200e-02
28 9.716680e-01 6.760000e-03 2.157200e-02
29 9.704400e-01 6.816000e-03 2.274400e-02
30 9.692840e-01 6.760000e-03 2.395600e-02
31 9.680960e-01 6.732000e-03 2.517200e-02
32 9.669320e-01 6.692000e-03 2.637600e-02
33 9.657480e-01 6.608000e-03 2.764400e-02
34 9.646520e-01 6.620000e-03 2.872800e-02
35 9.635200e-01 6.624000e-03 2.985600e-02
36 9.624640e-01 6.476000e-03 3.106000e-02
37 9.612520e-01 6.564000e-03 3.218400e-02
38 9.602080e-01 6.512000e-03 3.328000e-02
39 9.590920e-01 6.448000e-03 3.446000e-02
40 9.579880e-01 6.452000e-03 3.556000e-02
41 9.567840e-01 6.564000e-03 3.665200e-02
42 9.555800e-01 6.612000e-03 3.780800e-02
43 9.543320e-01 6.696000e-03 3.897200e-02
44 9.532080e-01 6.664000e-03 4.012800e-02
45 9.521200e-01 6.508000e-03 4.137200e-02
46 9.509520e-01 6.452000e-03 4.259600e-02
47 9.498640e-01 6.372000e-03 4.376400e-02
48 9.487760e-01 6.352000e-03 4.487200e-02
49 9.476440e-01 6.292000e-03 4.606400e-02
50 9.464240e-01 6.364000e-03 4.721200e-02
51 9.454040e-01 6.308000e-03 4.828800e-02
52 9.443280e-01 6.320000e-03 4.935200e-02
53 9.431840e-01 6.244000e-03 5.057200e-02
54 9.422160e-01 6.148000e-03 5.163600e-02
55 9.411960e-01 6.148000e-03 5.265600e-02
56 9.401520e-01 6.056000e-03 5.379200e-02
57 9.391640e-01 5.936000e-03 5.490000e-02
58 9.381000e-01 6.020000e-03 5.588000e-02
59 9.371120e-01 5.984000e-03 5.690400e-02
60 9.360320e-01 6.048000e-03 5.792000e-02
61 9.351280e-01 5.956000e-03 5.891600e-02
62 9.339920e-01 6.008000e-03 6.000000e-02
63 9.329320e-01 6.036000e-03 6.103200e-02
64 9.318640e-01 6.000000e-03 6.213600e-02
65 9.308080e-01 6.004000e-03 6.318800e-02
66 9.297880e-01 5.932000e-03 6.428000e-02
67 9.287680e-01 5.868000e-03 6.536400e-02
68 9.277880e-01 5.792000e-03 6.642000e-02
69 9.267680e-01 5.792000e-03 6.744000e-02
70 9.257080e-01 5.804000e-03 6.848800e-02
71 9.246680e-01 5.828000e-03 6.950400e-02
72 9.237000e-01 5.788000e-03 7.051200e-02
73 9.225800e-01 5.888000e-03 7.153200e-02
74 9.215360e-01 5.924000e-03 7.254000e-02
75 9.205200e-01 5.944000e-03 7.353600e-02
76 9.196280e-01 5.772000e-03 7.460000e-02
77 9.187800e-01 5.632000e-03 7.558800e-02
78 9.176960e-01 5.768000e-03 7.653600e-02
79 9.166680e-01 5.796000e-03 7.753600e-02
80 9.155520e-01 5.772000e-03 7.867600e-02
81 9.144720e-01 5.868000e-03 7.966000e-02
82 9.134600e-01 5.868000e-03 8.067200e-02
83 9.125000e-01 5.768000e-03 8.173200e-02
84 9.114480e-01 5.708000e-03 8.284400e-02
85 9.104600e-01 5.760000e-03 8.378000e-02
86 9.095240e-01 5.700000e-03 8.477600e-02
87 9.085480e-01 5.640000e-03 8.581200e-02
88 9.076640e-01 5.580000e-03 8.675600e-02
89 9.066920e-01 5.544000e-03 8.776400e-02
90 9.055640e-01 5.760000e-03 8.867600e-02
91 9.046680e-01 5.528000e-03 8.980400e-02
92 9.037480e-01 5.460000e-03 9.079200e-02
93 9.029000e-01 5.312000e-03 9.178800e-02
94 9.018400e-01 5.464000e-03 9.269600e-02
95 9.008320e-01 5.544000e-03 9.362400e-02
96 8.997200e-01 5.612000e-03 9.466800e-02
97 8.986040e-01 5.828000e-03 9.556800e-02
98 8.975520e-01 5.868000e-03 9.658000e-02
99 8.963720e-01 5.988000e-03 9.764000e-02
100 8.953000e-01 6.120000e-03 9.858000e-02
101 8.941120e-01 6.212000e-03 9.967600e-02
102 8.929680e-01 6.292000e-03 1.007400e-01
103 8.916320e-01 6.504000e-03 1.018640e-01
104 8.903040e-01 6.704000e-03 1.029920e-01
105 8.889760e-01 6.832000e-03 1.041920e-01
106 8.877080e-01 6.916000e-03 1.053760e-01
107 8.865640e-01 6.764000e-03 1.066720e-01
108 8.854040e-01 6.704000e-03 1.078920e-01
109 8.841720e-01 6.848000e-03 1.089800e-01
110 8.829360e-01 6.868000e-03 1.101960e-01
111 8.816880e-01 6.876000e-03 1.114360e-01
112 8.804920e-01 6.932000e-03 1.125760e-01
113 8.792920e-01 6.884000e-03 1.138240e-01
114 8.780760e-01 6.860000e-03 1.150640e-01
115 8.769720e-01 6.780000e-03 1.162480e-01
116 8.756480e-01 6.972000e-03 1.173800e-01
117 8.742520e-01 7.052000e-03 1.186960e-01
118 8.729960e-01 7.116000e-03 1.198880e-01
119 8.716400e-01 7.272000e-03 1.210880e-01
120 8.703200e-01 7.268000e-03 1.224120e-01
121 8.690560e-01 7.232000e-03 1.237120e-01
122 8.678080e-01 7.392000e-03 1.248000e-01
123 8.666120e-01 7.216000e-03 1.261720e-01
124 8.653840e-01 7.268000e-03 1.273480e-01
125 8.641240e-01 7.232000e-03 1.286440e-01
126 8.629640e-01 7.172000e-03 1.298640e-01
127 8.617360e-01 7.132000e-03 1.311320e-01
128 8.605280e-01 7.160000e-03 1.323120e-01
129 8.593400e-01 7.060000e-03 1.336000e-01
130 8.581640e-01 7.124000e-03 1.347120e-01
131 8.570800e-01 6.928000e-03 1.359920e-01
132 8.559280e-01 6.912000e-03 1.371600e-01
133 8.547440e-01 6.804000e-03 1.384520e-01
134 8.535840e-01 6.656000e-03 1.397600e-01
135 8.524680e-01 6.564000e-03 1.409680e-01
136 8.514600e-01 6.352000e-03 1.421880e-01
137 8.505360e-01 6.220000e-03 1.432440e-01
138 8.495920e-01 6.116000e-03 1.442920e-01
139 8.485040e-01 6.208000e-03 1.452880e-01
140 8.475120e-01 6.072000e-03 1.464160e-01
141 8.465800e-01 5.872000e-03 1.475480e-01
142 8.455360e-01 5.880000e-03 1.485840e-01
143 8.444320e-01 6.088000e-03 1.494800e-01
144 8.434440e-01 6.116000e-03 1.504400e-01
145 8.423480e-01 6.092000e-03 1.515600e-01
146 8.413400e-01 6.144000e-03 1.525160e-01
147 8.402040e-01 6.180000e-03 1.536160e-01
148 8.390600e-01 6.288000e-03 1.546520e-01
149 8.379160e-01 6.336000e-03 1.557480e-01
150 8.368040e-01 6.276000e-03 1.569200e-01
151 8.356640e-01 6.184000e-03 1.581520e-01
152 8.345960e-01 6.180000e-03 1.592240e-01
153 8.336200e-01 6.048000e-03 1.603320e-01
154 8.326520e-01 5.976000e-03 1.613720e-01
155 8.316560e-01 5.992000e-03 1.623520e-01
156 8.306240e-01 5.960000e-03 1.634160e-01
157 8.297880e-01 5.816000e-03 1.643960e-01
158 8.288920e-01 5.688000e-03 1.654200e-01
159 8.280800e-01 5.548000e-03 1.663720e-01
160 8.271440e-01 5.496000e-03 1.673600e-01
161 8.261240e-01 5.472000e-03 1.684040e-01
162 8.251280e-01 5.476000e-03 1.693960e-01
163 8.242040e-01 5.456000e-03 1.703400e-01
164 8.231840e-01 5.556000e-03 1.712600e-01
165 8.221440e-01 5.668000e-03 1.721880e-01
166 8.210720e-01 5.652000e-03 1.732760e-01
167 8.200120e-01 5.692000e-03 1.742960e-01
168 8.190080e-01 5.688000e-03 1.753040e-01
169 8.178800e-01 5.812000e-03 1.763080e-01
170 8.168240e-01 5.904000e-03 1.772720e-01
171 8.157800e-01 6.012000e-03 1.782080e-01
172 8.148640e-01 5.892000e-03 1.792440e-01
173 8.138760e-01 5.840000e-03 1.802840e-01
174 8.128360e-01 5.880000e-03 1.812840e-01
175 8.118240e-01 6.088000e-03 1.820880e-01
176 8.107240e-01 6.112000e-03 1.831640e-01
177 8.098680e-01 5.888000e-03 1.842440e-01
178 8.087960e-01 5.936000e-03 1.852680e-01
179 8.078000e-01 5.932000e-03 1.862680e-01
180 8.067600e-01 5.980000e-03 1.872600e-01
181 8.056880e-01 6.024000e-03 1.882880e-01
182 8.046080e-01 6.064000e-03 1.893280e-01
183 8.035080e-01 6.120000e-03 1.903720e-01
184 8.025120e-01 6.040000e-03 1.914480e-01
185 8.015880e-01 5.928000e-03 1.924840e-01
186 8.007840e-01 5.748000e-03 1.934680e-01
187 7.997320e-01 5.828000e-03 1.944400e-01
188 7.987080e-01 5.884000e-03 1.954080e-01
189 7.977080e-01 5.880000e-03 1.964120e-01
190 7.967400e-01 5.812000e-03 1.974480e-01
191 7.959280e-01 5.620000e-03 1.984520e-01
192 7.950960e-01 5.456000e-03 1.994480e-01
193 7.942240e-01 5.404000e-03 2.003720e-01
194 7.935200e-01 5.184000e-03 2.012960e-01
195 7.926040e-01 5.140000e-03 2.022560e-01
196 7.917600e-01 5.140000e-03 2.031000e-01
197 7.908560e-01 5.140000e-03 2.040040e-01
198 7.899600e-01 5.068000e-03 2.049720e-01
199 7.890800e-01 5.016000e-03 2.059040e-01
200 7.881720e-01 5.064000e-03 2.067640e-01
201 7.872960e-01 4.932000e-03 2.077720e-01
202 7.864480e-01 5.016000e-03 2.085360e-01
203 7.858680e-01 4.776000e-03 2.093560e-01
204 7.851600e-01 4.704000e-03 2.101360e-01
205 7.845920e-01 4.540000e-03 2.108680e-01
206 7.839680e-01 4.320000e-03 2.117120e-01
207 7.833400e-01 4.252000e-03 2.124080e-01
208 7.827120e-01 4.092000e-03 2.131960e-01
209 7.820120e-01 4.096000e-03 2.138920e-01
210 7.812840e-01 4.084000e-03 2.146320e-01
211 7.805240e-01 4.124000e-03 2.153520e-01
212 7.798680e-01 4.104000e-03 2.160280e-01
213 7.792240e-01 4.060000e-03 2.167160e-01
214 7.785520e-01 4.076000e-03 2.173720e-01
215 7.778800e-01 3.972000e-03 2.181480e-01
216 7.771560e-01 3.980000e-03 2.188640e-01
217 7.764440e-01 3.976000e-03 2.195800e-01
218 7.756640e-01 4.076000e-03 2.202600e-01
219 7.749920e-01 3.916000e-03 2.210920e-01
220 7.742760e-01 3.956000e-03 2.217680e-01
221 7.735800e-01 3.864000e-03 2.225560e-01
222 7.729560e-01 3.824000e-03 2.232200e-01
223 7.723880e-01 3.664000e-03 2.239480e-01
224 7.718640e-01 3.496000e-03 2.246400e-01
225 7.711600e-01 3.640000e-03 2.252000e-01
226 7.706440e-01 3.556000e-03 2.258000e-01
227 7.700000e-01 3.560000e-03 2.264400e-01
228 7.694000e-01 3.540000e-03 2.270600e-01
229 7.688760e-01 3.532000e-03 2.275920e-01
230 7.682520e-01 3.624000e-03 2.281240e-01
231 7.676640e-01 3.564000e-03 2.287720e-01
232 7.670760e-01 3.536000e-03 2.293880e-01
233 7.665080e-01 3.436000e-03 2.300560e-01
234 7.659040e-01 3.504000e-03 2.305920e-01
235 7.653360e-01 3.508000e-03 2.311560e-01
236 7.647800e-01 3.436000e-03 2.317840e-01
237 7.642240e-01 3.432000e-03 2.323440e-01
238 7.636800e-01 3.344000e-03 2.329760e-01
239 7.631320e-01 3.308000e-03 2.335600e-01
240 7.626000e-01 3.248000e-03 2.341520e-01
241 7.620160e-01 3.356000e-03 2.346280e-01
242 7.614280e-01 3.388000e-03 2.351840e-01
243 7.608320e-01 3.336000e-03 2.358320e-01
244 7.603000e-01 3.288000e-03 2.364120e-01
245 7.598200e-01 3.260000e-03 2.369200e-01
246 7.593000e-01 3.276000e-03 2.374240e-01
247 7.586200e-01 3.372000e-03 2.380080e-01
248 7.580400e-01 3.320000e-03 2.386400e-01
249 7.575160e-01 3.344000e-03 2.391400e-01
250 7.570560e-01 3.268000e-03 2.396760e-01
251 7.564680e-01 3.248000e-03 2.402840e-01
252 7.559120e-01 3.316000e-03 2.407720e-01
253 7.554120e-01 3.164000e-03 2.414240e-01
254 7.548320e-01 3.164000e-03 2.420040e-01
255 7.542840e-01 3.172000e-03 2.425440e-01
256 7.537960e-01 3.056000e-03 2.431480e-01
257 7.533040e-01 3.028000e-03 2.436680e-01
258 7.528680e-01 2.848000e-03 2.442840e-01
259 7.523720e-01 2.868000e-03 2.447600e-01
260 7.519000e-01 2.836000e-03 2.452640e-01
261 7.515000e-01 2.724000e-03 2.457760e-01
262 7.509720e-01 2.792000e-03 2.462360e-01
263 7.505080e-01 2.780000e-03 2.467120e-01
264 7.500480e-01 2.772000e-03 2.471800e-01
265 7.494760e-01 2.808000e-03 2.477160e-01
266 7.490360e-01 2.796000e-03 2.481680e-01
267 7.485520e-01 2.832000e-03 2.486160e-01
268 7.481120e-01 2.784000e-03 2.491040e-01
269 7.476840e-01 2.688000e-03 2.496280e-01
270 7.471840e-01 2.688000e-03 2.501280e-01
271 7.467400e-01 2.736000e-03 2.505240e-01
272 7.463760e-01 2.620000e-03 2.510040e-01
273 7.459880e-01 2.600000e-03 2.514120e-01
274 7.455720e-01 2.588000e-03 2.518400e-01
275 7.451200e-01 2.600000e-03 2.522800e-01
276 7.447640e-01 2.536000e-03 2.527000e-01
277 7.444320e-01 2.460000e-03 2.531080e-01
278 7.440560e-01 2.456000e-03 2.534880e-01
279 7.437160e-01 2.340000e-03 2.539440e-01
280 7.433920e-01 2.292000e-03 2.543160e-01
281 7.430000e-01 2.272000e-03 2.547280e-01
282 7.426880e-01 2.208000e-03 2.551040e-01
283 7.423720e-01 2.144000e-03 2.554840e-01
284 7.419680e-01 2.124000e-03 2.559080e-01
285 7.416320e-01 2.068000e-03 2.563000e-01
286 7.412600e-01 2.104000e-03 2.566360e-01
287 7.408760e-01 2.076000e-03 2.570480e-01
288 7.405240e-01 2.032000e-03 2.574440e-01
289 7.401280e-01 2.076000e-03 2.577960e-01
290 7.397640e-01 2.052000e-03 2.581840e-01
291 7.393480e-01 2.080000e-03 2.585720e-01
292 7.389880e-01 2.028000e-03 2.589840e-01
293 7.386400e-01 2.000000e-03 2.593600e-01
294 7.382600e-01 1.992000e-03 2.597480e-01
295 7.379160e-01 1.976000e-03 2.601080e-01
296 7.375520e-01 1.956000e-03 2.604920e-01
297 7.371760e-01 2.060000e-03 2.607640e-01
298 7.368240e-01 2.076000e-03 2.611000e-01
299 7.364720e-01 2.096000e-03 2.614320e-01
300 7.361640e-01 2.076000e-03 2.617600e-01
301 7.357560e-01 2.180000e-03 2.620640e-01
302 7.354120e-01 2.188000e-03 2.624000e-01
303 7.349760e-01 2.256000e-03 2.627680e-01
304 7.345720e-01 2.316000e-03 2.631120e-01
305 7.341480e-01 2.384000e-03 2.634680e-01
306 7.336760e-01 2.400000e-03 2.639240e-01
307 7.332000e-01 2.420000e-03 2.643800e-01
308 7.327480e-01 2.528000e-03 2.647240e-01
309 7.323080e-01 2.484000e-03 2.652080e-01
310 7.319560e-01 2.396000e-03 2.656480e-01
311 7.315080e-01 2.380000e-03 2.661120e-01
312 7.310640e-01 2.444000e-03 2.664920e-01
313 7.306800e-01 2.364000e-03 2.669560e-01
314 7.303840e-01 2.280000e-03 2.673360e-01
315 7.300720e-01 2.192000e-03 2.677360e-01
316 7.297000e-01 2.228000e-03 2.680720e-01
317 7.293640e-01 2.208000e-03 2.684280e-01
318 7.291040e-01 2.016000e-03 2.688800e-01
319 7.287480e-01 2.080000e-03 2.691720e-01
320 7.283800e-01 2.100000e-03 2.695200e-01
321 7.280520e-01 2.128000e-03 2.698200e-01
322 7.276440e-01 2.152000e-03 2.702040e-01
323 7.272320e-01 2.204000e-03 2.705640e-01
324 7.268600e-01 2.176000e-03 2.709640e-01
325 7.265720e-01 2.112000e-03 2.713160e-01
326 7.262320e-01 2.060000e-03 2.717080e-01
327 7.259160e-01 1.980000e-03 2.721040e-01
328 7.256120e-01 1.948000e-03 2.724400e-01
329 7.252360e-01 2.048000e-03 2.727160e-01
330 7.249640e-01 1.948000e-03 2.730880e-01
331 7.247040e-01 1.852000e-03 2.734440e-01
332 7.243920e-01 1.812000e-03 2.737960e-01
333 7.240600e-01 1.832000e-03 2.741080e-01
334 7.237440e-01 1.800000e-03 2.744560e-01
335 7.234880e-01 1.748000e-03 2.747640e-01
336 7.231640e-01 1.732000e-03 2.751040e-01
337 7.228240e-01 1.780000e-03 2.753960e-01
338 7.225200e-01 1.724000e-03 2.757560e-01
339 7.221680e-01 1.776000e-03 2.760560e-01
340 7.219000e-01 1.756000e-03 2.763440e-01
341 7.216120e-01 1.744000e-03 2.766440e-01
342 7.212480e-01 1.808000e-03 2.769440e-01
343 7.209360e-01 1.828000e-03 2.772360e-01
344 7.206200e-01 1.868000e-03 2.775120e-01
345 7.202600e-01 1.940000e-03 2.778000e-01
346 7.198800e-01 1.928000e-03 2.781920e-01
347 7.195360e-01 1.920000e-03 2.785440e-01
348 7.192280e-01 1.892000e-03 2.788800e-01
349 7.189520e-01 1.816000e-03 2.792320e-01
350 7.186680e-01 1.800000e-03 2.795320e-01
351 7.184440e-01 1.720000e-03 2.798360e-01
352 7.181520e-01 1.756000e-03 2.800920e-01
353 7.178360e-01 1.792000e-03 2.803720e-01
354 7.175400e-01 1.788000e-03 2.806720e-01
355 7.172520e-01 1.696000e-03 2.810520e-01
356 7.169880e-01 1.640000e-03 2.813720e-01
357 7.166640e-01 1.696000e-03 2.816400e-01
358 7.163200e-01 1.780000e-03 2.819000e-01
359 7.160240e-01 1.760000e-03 2.822160e-01
360 7.157160e-01 1.708000e-03 2.825760e-01
361 7.154000e-01 1.680000e-03 2.829200e-01
362 7.151120e-01 1.676000e-03 2.832120e-01
363 7.147720e-01 1.760000e-03 2.834680e-01
364 7.145080e-01 1.704000e-03 2.837880e-01
365 7.142200e-01 1.644000e-03 2.841360e-01
366 7.139760e-01 1.576000e-03 2.844480e-01
367 7.137320e-01 1.580000e-03 2.846880e-01
368 7.134640e-01 1.616000e-03 2.849200e-01
369 7.131920e-01 1.532000e-03 2.852760e-01
370 7.129840e-01 1.480000e-03 2.855360e-01
371 7.127920e-01 1.460000e-03 2.857480e-01
372 7.125440e-01 1.436000e-03 2.860200e-01
373 7.122800e-01 1.448000e-03 2.862720e-01
374 7.120440e-01 1.456000e-03 2.865000e-01
375 7.118240e-01 1.404000e-03 2.867720e-01
376 7.115960e-01 1.388000e-03 2.870160e-01
377 7.112960e-01 1.472000e-03 2.872320e-01
378 7.109680e-01 1.580000e-03 2.874520e-01
379 7.106960e-01 1.620000e-03 2.876840e-01
380 7.103960e-01 1.616000e-03 2.879880e-01
381 7.100640e-01 1.704000e-03 2.882320e-01
382 7.096960e-01 1.816000e-03 2.884880e-01
383 7.093440e-01 1.788000e-03 2.888680e-01
384 7.090000e-01 1.804000e-03 2.891960e-01
385 7.085760e-01 1.864000e-03 2.895600e-01
386 7.082320e-01 1.876000e-03 2.898920e-01
387 7.078840e-01 1.920000e-03 2.901960e-01
388 7.075000e-01 1.996000e-03 2.905040e-01
389 7.071800e-01 2.004000e-03 2.908160e-01
390 7.068600e-01 1.976000e-03 2.911640e-01
391 7.064480e-01 2.072000e-03 2.914800e-01
392 7.060800e-01 2.104000e-03 2.918160e-01
393 7.057440e-01 2.100000e-03 2.921560e-01
394 7.054680e-01 2.052000e-03 2.924800e-01
395 7.051560e-01 2.012000e-03 2.928320e-01
396 7.049040e-01 1.948000e-03 2.931480e-01
397 7.046040e-01 1.944000e-03 2.934520e-01
398 7.043600e-01 1.808000e-03 2.938320e-01
399 7.040400e-01 1.804000e-03 2.941560e-01
400 7.037200e-01 1.820000e-03 2.944600e-01
401 7.034400e-01 1.804000e-03 2.947560e-01
402 7.031960e-01 1.664000e-03 2.951400e-01
403 7.029560e-01 1.620000e-03 2.954240e-01
404 7.026320e-01 1.668000e-03 2.957000e-01
405 7.024040e-01 1.560000e-03 2.960360e-01
406 7.021960e-01 1.512000e-03 2.962920e-01
407 7.019560e-01 1.540000e-03 2.965040e-01
408 7.017640e-01 1.456000e-03 2.967800e-01
409 7.015200e-01 1.428000e-03 2.970520e-01
410 7.012680e-01 1.420000e-03 2.973120e-01
411 7.010520e-01 1.400000e-03 2.975480e-01
412 7.008120e-01 1.300000e-03 2.978880e-01
413 7.006000e-01 1.312000e-03 2.980880e-01
414 7.004160e-01 1.264000e-03 2.983200e-01
415 7.002560e-01 1.164000e-03 2.985800e-01
416 7.001160e-01 1.132000e-03 2.987520e-01
417 6.999320e-01 1.144000e-03 2.989240e-01
418 6.997560e-01 1.136000e-03 2.991080e-01
419 6.996440e-01 1.032000e-03 2.993240e-01
420 6.994720e-01 1.016000e-03 2.995120e-01
421 6.993200e-01 9.600000e-04 2.997200e-01
422 6.992000e-01 8.720000e-04 2.999280e-01
423 6.990720e-01 8.760000e-04 3.000520e-01
424 6.989720e-01 8.280000e-04 3.002000e-01
425 6.988440e-01 7.920000e-04 3.003640e-01
426 6.987400e-01 7.680000e-04 3.004920e-01
427 6.986440e-01 7.120000e-04 3.006440e-01
428 6.985360e-01 6.760000e-04 3.007880e-01
429 6.983880e-01 7.000000e-04 3.009120e-01
430 6.981680e-01 8.200000e-04 3.010120e-01
431 6.980320e-01 8.320000e-04 3.011360e-01
432 6.978640e-01 8.440000e-04 3.012920e-01
433 6.977280e-01 8.720000e-04 3.014000e-01
434 6.975840e-01 8.560000e-04 3.015600e-01
435 6.974320e-01 8.640000e-04 3.017040e-01
436 6.973240e-01 8.560000e-04 3.018200e-01
437 6.972240e-01 8.200000e-04 3.019560e-01
438 6.971080e-01 8.360000e-04 3.020560e-01
439 6.970480e-01 7.200000e-04 3.022320e-01
440 6.969200e-01 7.120000e-04 3.023680e-01
441 6.968120e-01 7.040000e-04 3.024840e-01
442 6.967080e-01 6.960000e-04 3.025960e-01
443 6.966400e-01 6.480000e-04 3.027120e-01
444 6.965160e-01 6.880000e-04 3.027960e-01
445 6.964400e-01 6.400000e-04 3.029200e-01
446 6.963520e-01 6.360000e-04 3.030120e-01
447 6.961920e-01 7.000000e-04 3.031080e-01
448 6.961080e-01 6.760000e-04 3.032160e-01
449 6.960280e-01 6.560000e-04 3.033160e-01
450 6.959680e-01 5.920000e-04 3.034400e-01
451 6.959400e-01 4.840000e-04 3.035760e-01
452 6.958640e-01 4.680000e-04 3.036680e-01
453 6.957960e-01 4.440000e-04 3.037600e-01
454 6.957200e-01 4.200000e-04 3.038600e-01
455 6.956640e-01 3.640000e-04 3.039720e-01
456 6.956000e-01 3.720000e-04 3.040280e-01
457 6.955240e-01 3.800000e-04 3.040960e-01
458 6.954400e-01 4.040000e-04 3.041560e-01
459 6.953440e-01 4.120000e-04 3.042440e-01
460 6.952520e-01 4.400000e-04 3.043080e-01
461 6.951720e-01 4.640000e-04 3.043640e-01
462 6.950840e-01 4.800000e-04 3.044360e-01
463 6.949720e-01 5.000000e-04 3.045280e-01
464 6.948640e-01 4.960000e-04 3.046400e-01
465 6.947800e-01 5.080000e-04 3.047120e-01
466 6.947160e-01 4.560000e-04 3.048280e-01
467 6.946480e-01 4.240000e-04 3.049280e-01
468 6.945600e-01 4.280000e-04 3.050120e-01
469 6.945120e-01 3.880000e-04 3.051000e-01
470 6.944680e-01 3.440000e-04 3.051880e-01
471 6.944280e-01 3.040000e-04 3.052680e-01
472 6.943880e-01 2.960000e-04 3.053160e-01
473 6.943480e-01 2.840000e-04 3.053680e-01
474 6.943240e-01 2.600000e-04 3.054160e-01
475 6.942760e-01 2.760000e-04 3.054480e-01
476 6.942240e-01 2.800000e-04 3.054960e-01
477 6.942040e-01 2.480000e-04 3.055480e-01
478 6.941520e-01 2.360000e-04 3.056120e-01
479 6.941280e-01 2.280000e-04 3.056440e-01
480 6.941000e-01 2.080000e-04 3.056920e-01
481 6.940280e-01 2.320000e-04 3.057400e-01
482 6.939640e-01 2.640000e-04 3.057720e-01
483 6.938680e-01 3.080000e-04 3.058240e-01
484 6.937920e-01 3.160000e-04 3.058920e-01
485 6.937320e-01 3.160000e-04 3.059520e-01
486 6.936840e-01 3.000000e-04 3.060160e-01
487 6.935840e-01 3.520000e-04 3.060640e-01
488 6.934920e-01 3.760000e-04 3.061320e-01
489 6.933960e-01 3.960000e-04 3.062080e-01
490 6.933320e-01 3.920000e-04 3.062760e-01
491 6.932320e-01 4.400000e-04 3.063280e-01
492 6.931760e-01 4.080000e-04 3.064160e-01
493 6.931080e-01 4.040000e-04 3.064880e-01
494 6.930000e-01 4.240000e-04 3.065760e-01
495 6.929360e-01 4.000000e-04 3.066640e-01
496 6.928800e-01 3.680000e-04 3.067520e-01
497 6.928120e-01 3.640000e-04 3.068240e-01
498 6.927400e-01 3.560000e-04 3.069040e-01
499 6.927040e-01 3.240000e-04 3.069720e-01
500 6.926360e-01 3.680000e-04 3.069960e-01
