1 9.993080e-01 6.120000e-04 8.000000e-05
2 9.987280e-01 1.060000e-03 2.120000e-04
3 9.980600e-01 1.484000e-03 4.560000e-04
4 9.973160e-01 1.920000e-03 7.640000e-04
5 9.965320e-01 2.312000e-03 1.156000e-03
6 9.955000e-01 2.940000e-03 1.560000e-03
7 9.945400e-01 3.412000e-03 2.048000e-03
8 9.935320e-01 3.684000e-03 2.784000e-03
9 9.924480e-01 4.132000e-03 3.420000e-03
10 9.913240e-01 4.504000e-03 4.172000e-03
11 9.900920e-01 4.884000e-03 5.024000e-03
12 9.888800e-01 5.228000e-03 5.892000e-03
13 9.877560e-01 5.348000e-03 6.896000e-03
14 9.865200e-01 5.668000e-03 7.812000e-03
15 9.854120e-01 5.792000e-03 8.796000e-03
16 9.842000e-01 5.944000e-03 9.856000e-03
17 9.829800e-01 6.236000e-03 1.078400e-02
18 9.815760e-01 6.588000e-03 1.183600e-02
19 9.803240e-01 6.728000e-03 1.294800e-02
20 9.790080e-01 6.872000e-03 1.412000e-02
21 9.777760e-01 6.888000e-03 1.533600e-02
22 9.763240e-01 7.164000e-03 1.651200e-02
23 9.750400e-01 7.192000e-03 1.776800e-02
24 9.736200e-01 7.332000e-03 1.904800e-02
25 9.722040e-01 7.520000e-03 2.027600e-02
26 9.706240e-01 7.752000e-03 2.162400e-02
27 9.691480e-01 7.828000e-03 2.302400e-02
28 9.676360e-01 7.988000e-03 2.437600e-02
29 9.659680e-01 8.232000e-03 2.580000e-02
30 9.644040e-01 8.364000e-03 2.723200e-02
31 9.627240e-01 8.480000e-03 2.879600e-02
32 9.610640e-01 8.564000e-03 3.037200e-02
33 9.593240e-01 8.740000e-03 3.193600e-02
34 9.576760e-01 8.848000e-03 3.347600e-02
35 9.560480e-01 8.888000e-03 3.506400e-02
36 9.544720e-01 8.936000e-03 3.659200e-02
37 9.526960e-01 9.160000e-03 3.814400e-02
38 9.512600e-01 9.168000e-03 3.957200e-02
39 9.494680e-01 9.416000e-03 4.111600e-02
40 9.478200e-01 9.444000e-03 4.273600e-02
41 9.460720e-01 9.492000e-03 4.443600e-02
42 9.443440e-01 9.688000e-03 4.596800e-02
43 9.426840e-01 9.728000e-03 4.758800e-02
44 9.409160e-01 9.908000e-03 4.917600e-02
45 9.392440e-01 9.692000e-03 5.106400e-02
46 9.373800e-01 9.968000e-03 5.265200e-02
47 9.357280e-01 9.844000e-03 5.442800e-02
48 9.341200e-01 9.736000e-03 5.614400e-02
49 9.323880e-01 9.684000e-03 5.792800e-02
50 9.306120e-01 9.736000e-03 5.965200e-02
51 9.287560e-01 9.868000e-03 6.137600e-02
52 9.269240e-01 9.848000e-03 6.322800e-02
53 9.251400e-01 9.940000e-03 6.492000e-02
54 9.232880e-01 9.888000e-03 6.682400e-02
55 9.215480e-01 9.744000e-03 6.870800e-02
56 9.198200e-01 9.688000e-03 7.049200e-02
57 9.181640e-01 9.692000e-03 7.214400e-02
58 9.164760e-01 9.744000e-03 7.378000e-02
59 9.150640e-01 9.348000e-03 7.558800e-02
60 9.135000e-01 9.328000e-03 7.717200e-02
61 9.118280e-01 9.436000e-03 7.873600e-02
62 9.101120e-01 9.648000e-03 8.024000e-02
63 9.084160e-01 9.640000e-03 8.194400e-02
64 9.068560e-01 9.520000e-03 8.362400e-02
65 9.052120e-01 9.344000e-03 8.544400e-02
66 9.033680e-01 9.548000e-03 8.708400e-02
67 9.016880e-01 9.608000e-03 8.870400e-02
68 9.001640e-01 9.476000e-03 9.036000e-02
69 8.985240e-01 9.468000e-03 9.200800e-02
70 8.970000e-01 9.292000e-03 9.370800e-02
71 8.954720e-01 9.168000e-03 9.536000e-02
72 8.938400e-01 9.168000e-03 9.699200e-02
73 8.921440e-01 9.280000e-03 9.857600e-02
74 8.906800e-01 8.960000e-03 1.003600e-01
75 8.889320e-01 9.212000e-03 1.018560e-01
76 8.873040e-01 9.256000e-03 1.034400e-01
77 8.856080e-01 9.320000e-03 1.050720e-01
78 8.839720e-01 9.316000e-03 1.067120e-01
79 8.823240e-01 9.364000e-03 1.083120e-01
80 8.805960e-01 9.500000e-03 1.099040e-01
81 8.788280e-01 9.476000e-03 1.116960e-01
82 8.771440e-01 9.556000e-03 1.133000e-01
83 8.754120e-01 9.560000e-03 1.150280e-01
84 8.737600e-01 9.548000e-03 1.166920e-01
85 8.720840e-01 9.544000e-03 1.183720e-01
86 8.703920e-01 9.536000e-03 1.200720e-01
87 8.685760e-01 9.632000e-03 1.217920e-01
88 8.669400e-01 9.548000e-03 1.235120e-01
89 8.652080e-01 9.660000e-03 1.251320e-01
90 8.633600e-01 9.932000e-03 1.267080e-01
91 8.616240e-01 9.856000e-03 1.285200e-01
92 8.599760e-01 9.852000e-03 1.301720e-01
93 8.583760e-01 9.736000e-03 1.318880e-01
94 8.570120e-01 9.336000e-03 1.336520e-01
95 8.554720e-01 9.328000e-03 1.352000e-01
96 8.538480e-01 9.400000e-03 1.367520e-01
97 8.521400e-01 9.484000e-03 1.383760e-01
98 8.504720e-01 9.484000e-03 1.400440e-01
99 8.490600e-01 9.152000e-03 1.417880e-01
100 8.475600e-01 9.080000e-03 1.433600e-01
101 8.461360e-01 8.940000e-03 1.449240e-01
102 8.448560e-01 8.608000e-03 1.465360e-01
103 8.434920e-01 8.520000e-03 1.479880e-01
104 8.419920e-01 8.516000e-03 1.494920e-01
105 8.404800e-01 8.564000e-03 1.509560e-01
106 8.388840e-01 8.788000e-03 1.523280e-01
107 8.373880e-01 8.880000e-03 1.537320e-01
108 8.358000e-01 8.944000e-03 1.552560e-01
109 8.341960e-01 9.020000e-03 1.567840e-01
110 8.325320e-01 9.072000e-03 1.583960e-01
111 8.309760e-01 9.108000e-03 1.599160e-01
112 8.293360e-01 9.176000e-03 1.614880e-01
113 8.277080e-01 9.100000e-03 1.631920e-01
114 8.261560e-01 9.000000e-03 1.648440e-01
115 8.243640e-01 9.096000e-03 1.665400e-01
116 8.228200e-01 9.116000e-03 1.680640e-01
117 8.212680e-01 9.016000e-03 1.697160e-01
118 8.196160e-01 9.116000e-03 1.712680e-01
119 8.181800e-01 9.012000e-03 1.728080e-01
120 8.167800e-01 8.732000e-03 1.744880e-01
121 8.153960e-01 8.648000e-03 1.759560e-01
122 8.139840e-01 8.464000e-03 1.775520e-01
123 8.125880e-01 8.468000e-03 1.789440e-01
124 8.112160e-01 8.460000e-03 1.803240e-01
125 8.098360e-01 8.324000e-03 1.818400e-01
126 8.084000e-01 8.424000e-03 1.831760e-01
127 8.069240e-01 8.344000e-03 1.847320e-01
128 8.054920e-01 8.408000e-03 1.861000e-01
129 8.039840e-01 8.396000e-03 1.876200e-01
130 8.025560e-01 8.420000e-03 1.890240e-01
131 8.010400e-01 8.540000e-03 1.904200e-01
132 7.997480e-01 8.376000e-03 1.918760e-01
133 7.983640e-01 8.316000e-03 1.933200e-01
134 7.969080e-01 8.396000e-03 1.946960e-01
135 7.956160e-01 8.388000e-03 1.959960e-01
136 7.942400e-01 8.392000e-03 1.973680e-01
137 7.930120e-01 8.124000e-03 1.988640e-01
138 7.916520e-01 8.144000e-03 2.002040e-01
139 7.903840e-01 7.904000e-03 2.017120e-01
140 7.891040e-01 7.696000e-03 2.032000e-01
141 7.877320e-01 7.744000e-03 2.045240e-01
142 7.864080e-01 7.772000e-03 2.058200e-01
143 7.849840e-01 7.880000e-03 2.071360e-01
144 7.835360e-01 7.864000e-03 2.086000e-01
145 7.821800e-01 7.972000e-03 2.098480e-01
146 7.808800e-01 7.904000e-03 2.112160e-01
147 7.793000e-01 8.048000e-03 2.126520e-01
148 7.778040e-01 8.144000e-03 2.140520e-01
149 7.763800e-01 8.284000e-03 2.153360e-01
150 7.749400e-01 8.312000e-03 2.167480e-01
151 7.735800e-01 8.240000e-03 2.181800e-01
152 7.720920e-01 8.224000e-03 2.196840e-01
153 7.707400e-01 8.096000e-03 2.211640e-01
154 7.693400e-01 8.016000e-03 2.226440e-01
155 7.680680e-01 7.888000e-03 2.240440e-01
156 7.667120e-01 7.764000e-03 2.255240e-01
157 7.654120e-01 7.784000e-03 2.268040e-01
158 7.641840e-01 7.472000e-03 2.283440e-01
159 7.629440e-01 7.404000e-03 2.296520e-01
160 7.615840e-01 7.536000e-03 2.308800e-01
161 7.602600e-01 7.448000e-03 2.322920e-01
162 7.590240e-01 7.284000e-03 2.336920e-01
163 7.578160e-01 7.144000e-03 2.350400e-01
164 7.566840e-01 6.956000e-03 2.363600e-01
165 7.554560e-01 6.980000e-03 2.375640e-01
166 7.542440e-01 7.032000e-03 2.387240e-01
167 7.530640e-01 7.012000e-03 2.399240e-01
168 7.519440e-01 6.920000e-03 2.411360e-01
169 7.508200e-01 6.868000e-03 2.423120e-01
170 7.496120e-01 6.880000e-03 2.435080e-01
171 7.486080e-01 6.748000e-03 2.446440e-01
172 7.475400e-01 6.644000e-03 2.458160e-01
173 7.464200e-01 6.620000e-03 2.469600e-01
174 7.452840e-01 6.600000e-03 2.481160e-01
175 7.440920e-01 6.696000e-03 2.492120e-01
176 7.429880e-01 6.628000e-03 2.503840e-01
177 7.418680e-01 6.544000e-03 2.515880e-01
178 7.406960e-01 6.508000e-03 2.527960e-01
179 7.395440e-01 6.624000e-03 2.538320e-01
180 7.384320e-01 6.448000e-03 2.551200e-01
181 7.372920e-01 6.504000e-03 2.562040e-01
182 7.362280e-01 6.516000e-03 2.572560e-01
183 7.350960e-01 6.524000e-03 2.583800e-01
184 7.338960e-01 6.596000e-03 2.595080e-01
185 7.327920e-01 6.532000e-03 2.606760e-01
186 7.317600e-01 6.512000e-03 2.617280e-01
187 7.305880e-01 6.596000e-03 2.628160e-01
188 7.294080e-01 6.628000e-03 2.639640e-01
189 7.281880e-01 6.660000e-03 2.651520e-01
190 7.270200e-01 6.544000e-03 2.664360e-01
191 7.259160e-01 6.460000e-03 2.676240e-01
192 7.248600e-01 6.512000e-03 2.686280e-01
193 7.237200e-01 6.464000e-03 2.698160e-01
194 7.226480e-01 6.492000e-03 2.708600e-01
195 7.214920e-01 6.476000e-03 2.720320e-01
196 7.204760e-01 6.220000e-03 2.733040e-01
197 7.196480e-01 5.932000e-03 2.744200e-01
198 7.187960e-01 5.848000e-03 2.753560e-01
199 7.177440e-01 5.812000e-03 2.764440e-01
200 7.168160e-01 5.788000e-03 2.773960e-01
201 7.158560e-01 5.736000e-03 2.784080e-01
202 7.148960e-01 5.696000e-03 2.794080e-01
203 7.138000e-01 5.804000e-03 2.803960e-01
204 7.129040e-01 5.660000e-03 2.814360e-01
205 7.118960e-01 5.616000e-03 2.824880e-01
206 7.108560e-01 5.760000e-03 2.833840e-01
207 7.098000e-01 5.672000e-03 2.845280e-01
208 7.087520e-01 5.620000e-03 2.856280e-01
209 7.078400e-01 5.488000e-03 2.866720e-01
210 7.068080e-01 5.620000e-03 2.875720e-01
211 7.058680e-01 5.608000e-03 2.885240e-01
212 7.049720e-01 5.504000e-03 2.895240e-01
213 7.041600e-01 5.396000e-03 2.904440e-01
214 7.033000e-01 5.308000e-03 2.913920e-01
215 7.024000e-01 5.288000e-03 2.923120e-01
216 7.012480e-01 5.556000e-03 2.931960e-01
217 7.003080e-01 5.412000e-03 2.942800e-01
218 6.993000e-01 5.384000e-03 2.953160e-01
219 6.982960e-01 5.432000e-03 2.962720e-01
220 6.972960e-01 5.496000e-03 2.972080e-01
221 6.963120e-01 5.580000e-03 2.981080e-01
222 6.954400e-01 5.536000e-03 2.990240e-01
223 6.944960e-01 5.456000e-03 3.000480e-01
224 6.934200e-01 5.608000e-03 3.009720e-01
225 6.924280e-01 5.648000e-03 3.019240e-01
226 6.914800e-01 5.552000e-03 3.029680e-01
227 6.906120e-01 5.472000e-03 3.039160e-01
228 6.896280e-01 5.448000e-03 3.049240e-01
229 6.887640e-01 5.388000e-03 3.058480e-01
230 6.879440e-01 5.264000e-03 3.067920e-01
231 6.871000e-01 5.212000e-03 3.076880e-01
232 6.862200e-01 5.280000e-03 3.085000e-01
233 6.854080e-01 5.208000e-03 3.093840e-01
234 6.845880e-01 5.096000e-03 3.103160e-01
235 6.837560e-01 5.056000e-03 3.111880e-01
236 6.830320e-01 4.940000e-03 3.120280e-01
237 6.822080e-01 4.928000e-03 3.128640e-01
238 6.813680e-01 4.916000e-03 3.137160e-01
239 6.806160e-01 4.856000e-03 3.145280e-01
240 6.798600e-01 4.800000e-03 3.153400e-01
241 6.792200e-01 4.544000e-03 3.162360e-01
242 6.783920e-01 4.560000e-03 3.170480e-01
243 6.776160e-01 4.592000e-03 3.177920e-01
244 6.768360e-01 4.592000e-03 3.185720e-01
245 6.762240e-01 4.460000e-03 3.193160e-01
246 6.754480e-01 4.540000e-03 3.200120e-01
247 6.746200e-01 4.568000e-03 3.208120e-01
248 6.738080e-01 4.628000e-03 3.215640e-01
249 6.729480e-01 4.756000e-03 3.222960e-01
250 6.719120e-01 4.932000e-03 3.231560e-01
251 6.710200e-01 4.964000e-03 3.240160e-01
252 6.700960e-01 5.028000e-03 3.248760e-01
253 6.691720e-01 5.040000e-03 3.257880e-01
254 6.682400e-01 5.116000e-03 3.266440e-01
255 6.673040e-01 5.228000e-03 3.274680e-01
256 6.663520e-01 5.236000e-03 3.284120e-01
257 6.655280e-01 5.152000e-03 3.293200e-01
258 6.645640e-01 5.136000e-03 3.303000e-01
259 6.637440e-01 5.116000e-03 3.311400e-01
260 6.628720e-01 5.036000e-03 3.320920e-01
261 6.620720e-01 4.904000e-03 3.330240e-01
262 6.613280e-01 4.832000e-03 3.338400e-01
263 6.605240e-01 4.832000e-03 3.346440e-01
264 6.595800e-01 4.756000e-03 3.356640e-01
265 6.587880e-01 4.628000e-03 3.365840e-01
266 6.580320e-01 4.580000e-03 3.373880e-01
267 6.573160e-01 4.500000e-03 3.381840e-01
268 6.564720e-01 4.488000e-03 3.390400e-01
269 6.557440e-01 4.496000e-03 3.397600e-01
270 6.549720e-01 4.496000e-03 3.405320e-01
271 6.542160e-01 4.472000e-03 3.413120e-01
272 6.534800e-01 4.388000e-03 3.421320e-01
273 6.526600e-01 4.320000e-03 3.430200e-01
274 6.518480e-01 4.380000e-03 3.437720e-01
275 6.510520e-01 4.476000e-03 3.444720e-01
276 6.502280e-01 4.508000e-03 3.452640e-01
277 6.493120e-01 4.664000e-03 3.460240e-01
278 6.484400e-01 4.684000e-03 3.468760e-01
279 6.475640e-01 4.680000e-03 3.477560e-01
280 6.467000e-01 4.748000e-03 3.485520e-01
281 6.458440e-01 4.780000e-03 3.493760e-01
282 6.450520e-01 4.852000e-03 3.500960e-01
283 6.442280e-01 4.944000e-03 3.508280e-01
284 6.433640e-01 4.912000e-03 3.517240e-01
285 6.425680e-01 4.900000e-03 3.525320e-01
286 6.417400e-01 4.860000e-03 3.534000e-01
287 6.409640e-01 4.840000e-03 3.541960e-01
288 6.402400e-01 4.768000e-03 3.549920e-01
289 6.394720e-01 4.704000e-03 3.558240e-01
290 6.387400e-01 4.612000e-03 3.566480e-01
291 6.380040e-01 4.536000e-03 3.574600e-01
292 6.373600e-01 4.348000e-03 3.582920e-01
293 6.366520e-01 4.300000e-03 3.590480e-01
294 6.359640e-01 4.224000e-03 3.598120e-01
295 6.352600e-01 4.248000e-03 3.604920e-01
296 6.345400e-01 4.208000e-03 3.612520e-01
297 6.337360e-01 4.296000e-03 3.619680e-01
298 6.330840e-01 4.256000e-03 3.626600e-01
299 6.324080e-01 4.164000e-03 3.634280e-01
300 6.316840e-01 4.168000e-03 3.641480e-01
301 6.309720e-01 4.072000e-03 3.649560e-01
302 6.303480e-01 4.056000e-03 3.655960e-01
303 6.296360e-01 4.092000e-03 3.662720e-01
304 6.289680e-01 4.040000e-03 3.669920e-01
305 6.282080e-01 4.152000e-03 3.676400e-01
306 6.274040e-01 4.248000e-03 3.683480e-01
307 6.265840e-01 4.320000e-03 3.690960e-01
308 6.258480e-01 4.280000e-03 3.698720e-01
309 6.250920e-01 4.288000e-03 3.706200e-01
310 6.243800e-01 4.348000e-03 3.712720e-01
311 6.236960e-01 4.204000e-03 3.721000e-01
312 6.229720e-01 4.184000e-03 3.728440e-01
313 6.222440e-01 4.196000e-03 3.735600e-01
314 6.215760e-01 4.164000e-03 3.742600e-01
315 6.209000e-01 4.152000e-03 3.749480e-01
316 6.201800e-01 4.148000e-03 3.756720e-01
317 6.193000e-01 4.320000e-03 3.763800e-01
318 6.184480e-01 4.372000e-03 3.771800e-01
319 6.176560e-01 4.424000e-03 3.779200e-01
320 6.167320e-01 4.512000e-03 3.787560e-01
321 6.159920e-01 4.444000e-03 3.795640e-01
322 6.152360e-01 4.416000e-03 3.803480e-01
323 6.145040e-01 4.380000e-03 3.811160e-01
324 6.136840e-01 4.440000e-03 3.818760e-01
325 6.129760e-01 4.388000e-03 3.826360e-01
326 6.121640e-01 4.436000e-03 3.834000e-01
327 6.113600e-01 4.496000e-03 3.841440e-01
328 6.106880e-01 4.360000e-03 3.849520e-01
329 6.099600e-01 4.316000e-03 3.857240e-01
330 6.093320e-01 4.176000e-03 3.864920e-01
331 6.087120e-01 4.096000e-03 3.871920e-01
332 6.080520e-01 4.036000e-03 3.879120e-01
333 6.074520e-01 3.860000e-03 3.886880e-01
334 6.068960e-01 3.756000e-03 3.893480e-01
335 6.063720e-01 3.668000e-03 3.899600e-01
336 6.058080e-01 3.624000e-03 3.905680e-01
337 6.052280e-01 3.640000e-03 3.911320e-01
338 6.045840e-01 3.596000e-03 3.918200e-01
339 6.040400e-01 3.592000e-03 3.923680e-01
340 6.034600e-01 3.488000e-03 3.930520e-01
341 6.029240e-01 3.392000e-03 3.936840e-01
342 6.024440e-01 3.348000e-03 3.942080e-01
343 6.018800e-01 3.304000e-03 3.948160e-01
344 6.013080e-01 3.368000e-03 3.953240e-01
345 6.007080e-01 3.344000e-03 3.959480e-01
346 6.001120e-01 3.348000e-03 3.965400e-01
347 5.996200e-01 3.196000e-03 3.971840e-01
348 5.991120e-01 3.200000e-03 3.976880e-01
349 5.986320e-01 3.124000e-03 3.982440e-01
350 5.980520e-01 3.164000e-03 3.987840e-01
351 5.975880e-01 3.076000e-03 3.993360e-01
352 5.970400e-01 3.092000e-03 3.998680e-01
353 5.964520e-01 3.092000e-03 4.004560e-01
354 5.958000e-01 3.204000e-03 4.009960e-01
355 5.951960e-01 3.244000e-03 4.015600e-01
356 5.947080e-01 3.160000e-03 4.021320e-01
357 5.941880e-01 3.160000e-03 4.026520e-01
358 5.937800e-01 2.988000e-03 4.032320e-01
359 5.933560e-01 2.824000e-03 4.038200e-01
360 5.929360e-01 2.808000e-03 4.042560e-01
361 5.924480e-01 2.740000e-03 4.048120e-01
362 5.920400e-01 2.676000e-03 4.052840e-01
363 5.916280e-01 2.648000e-03 4.057240e-01
364 5.912920e-01 2.464000e-03 4.062440e-01
365 5.908760e-01 2.492000e-03 4.066320e-01
366 5.905360e-01 2.380000e-03 4.070840e-01
367 5.901720e-01 2.300000e-03 4.075280e-01
368 5.898680e-01 2.200000e-03 4.079320e-01
369 5.895360e-01 2.172000e-03 4.082920e-01
370 5.891880e-01 2.128000e-03 4.086840e-01
371 5.889000e-01 1.964000e-03 4.091360e-01
372 5.886280e-01 1.844000e-03 4.095280e-01
373 5.883680e-01 1.848000e-03 4.097840e-01
374 5.879880e-01 1.972000e-03 4.100400e-01
375 5.876520e-01 1.988000e-03 4.103600e-01
376 5.873360e-01 1.948000e-03 4.107160e-01
377 5.870680e-01 1.860000e-03 4.110720e-01
378 5.867240e-01 1.872000e-03 4.114040e-01
379 5.863680e-01 1.884000e-03 4.117480e-01
380 5.860680e-01 1.844000e-03 4.120880e-01
381 5.858240e-01 1.776000e-03 4.124000e-01
382 5.855040e-01 1.832000e-03 4.126640e-01
383 5.851560e-01 1.816000e-03 4.130280e-01
384 5.848360e-01 1.816000e-03 4.133480e-01
385 5.845600e-01 1.760000e-03 4.136800e-01
386 5.842720e-01 1.688000e-03 4.140400e-01
387 5.840080e-01 1.688000e-03 4.143040e-01
388 5.837400e-01 1.680000e-03 4.145800e-01
389 5.834760e-01 1.656000e-03 4.148680e-01
390 5.831520e-01 1.684000e-03 4.151640e-01
391 5.828880e-01 1.656000e-03 4.154560e-01
392 5.826600e-01 1.596000e-03 4.157440e-01
393 5.824280e-01 1.588000e-03 4.159840e-01
394 5.821640e-01 1.592000e-03 4.162440e-01
395 5.819520e-01 1.512000e-03 4.165360e-01
396 5.817280e-01 1.448000e-03 4.168240e-01
397 5.815360e-01 1.388000e-03 4.170760e-01
398 5.813600e-01 1.296000e-03 4.173440e-01
399 5.811360e-01 1.320000e-03 4.175440e-01
400 5.808960e-01 1.324000e-03 4.177800e-01
401 5.806520e-01 1.332000e-03 4.180160e-01
402 5.803960e-01 1.336000e-03 4.182680e-01
403 5.801840e-01 1.320000e-03 4.184960e-01
404 5.799640e-01 1.268000e-03 4.187680e-01
405 5.796800e-01 1.324000e-03 4.189960e-01
406 5.794520e-01 1.336000e-03 4.192120e-01
407 5.792680e-01 1.296000e-03 4.194360e-01
408 5.790080e-01 1.352000e-03 4.196400e-01
409 5.787880e-01 1.316000e-03 4.198960e-01
410 5.785760e-01 1.292000e-03 4.201320e-01
411 5.783800e-01 1.280000e-03 4.203400e-01
412 5.782200e-01 1.164000e-03 4.206160e-01
413 5.780520e-01 1.088000e-03 4.208600e-01
414 5.779120e-01 1.028000e-03 4.210600e-01
415 5.777200e-01 1.016000e-03 4.212640e-01
416 5.775800e-01 9.360000e-04 4.214840e-01
417 5.774120e-01 9.400000e-04 4.216480e-01
418 5.772800e-01 9.240000e-04 4.217960e-01
419 5.771520e-01 8.440000e-04 4.220040e-01
420 5.770080e-01 8.240000e-04 4.221680e-01
421 5.768720e-01 8.440000e-04 4.222840e-01
422 5.767480e-01 8.240000e-04 4.224280e-01
423 5.765880e-01 8.120000e-04 4.226000e-01
424 5.764160e-01 8.280000e-04 4.227560e-01
425 5.762560e-01 8.600000e-04 4.228840e-01
426 5.760840e-01 8.760000e-04 4.230400e-01
427 5.759160e-01 9.080000e-04 4.231760e-01
428 5.757720e-01 9.120000e-04 4.233160e-01
429 5.756400e-01 8.480000e-04 4.235120e-01
430 5.755080e-01 8.160000e-04 4.236760e-01
431 5.754160e-01 7.360000e-04 4.238480e-01
432 5.752920e-01 7.560000e-04 4.239520e-01
433 5.751960e-01 7.360000e-04 4.240680e-01
434 5.750400e-01 7.360000e-04 4.242240e-01
435 5.749400e-01 7.280000e-04 4.243320e-01
436 5.747920e-01 7.480000e-04 4.244600e-01
437 5.746440e-01 7.240000e-04 4.246320e-01
438 5.745440e-01 7.040000e-04 4.247520e-01
439 5.744680e-01 6.800000e-04 4.248520e-01
440 5.743320e-01 7.120000e-04 4.249560e-01
441 5.742040e-01 7.040000e-04 4.250920e-01
442 5.740920e-01 7.120000e-04 4.251960e-01
443 5.739840e-01 6.920000e-04 4.253240e-01
444 5.739280e-01 6.240000e-04 4.254480e-01
445 5.738080e-01 6.720000e-04 4.255200e-01
446 5.736920e-01 6.640000e-04 4.256440e-01
447 5.735920e-01 6.600000e-04 4.257480e-01
448 5.734360e-01 7.240000e-04 4.258400e-01
449 5.733160e-01 7.240000e-04 4.259600e-01
450 5.731720e-01 7.600000e-04 4.260680e-01
451 5.730080e-01 8.080000e-04 4.261840e-01
452 5.728360e-01 8.360000e-04 4.263280e-01
453 5.727200e-01 8.200000e-04 4.264600e-01
454 5.725640e-01 8.240000e-04 4.266120e-01
455 5.724760e-01 8.000000e-04 4.267240e-01
456 5.723640e-01 7.560000e-04 4.268800e-01
457 5.722360e-01 7.760000e-04 4.269880e-01
458 5.721000e-01 7.640000e-04 4.271360e-01
459 5.719760e-01 7.560000e-04 4.272680e-01
460 5.718880e-01 7.160000e-04 4.273960e-01
461 5.718040e-01 6.840000e-04 4.275120e-01
462 5.716840e-01 6.960000e-04 4.276200e-01
463 5.715680e-01 7.120000e-04 4.277200e-01
464 5.714760e-01 6.880000e-04 4.278360e-01
465 5.713480e-01 6.920000e-04 4.279600e-01
466 5.712120e-01 7.240000e-04 4.280640e-01
467 5.710320e-01 7.880000e-04 4.281800e-01
468 5.709280e-01 7.760000e-04 4.282960e-01
469 5.708000e-01 7.680000e-04 4.284320e-01
470 5.707240e-01 7.240000e-04 4.285520e-01
471 5.706080e-01 7.040000e-04 4.286880e-01
472 5.705240e-01 6.440000e-04 4.288320e-01
473 5.704000e-01 6.360000e-04 4.289640e-01
474 5.702880e-01 6.520000e-04 4.290600e-01
475 5.702040e-01 6.160000e-04 4.291800e-01
476 5.700440e-01 6.840000e-04 4.292720e-01
477 5.699000e-01 7.160000e-04 4.293840e-01
478 5.697360e-01 7.640000e-04 4.295000e-01
479 5.695720e-01 8.000000e-04 4.296280e-01
480 5.694120e-01 8.160000e-04 4.297720e-01
481 5.692040e-01 8.760000e-04 4.299200e-01
482 5.690320e-01 9.000000e-04 4.300680e-01
483 5.688960e-01 9.120000e-04 4.301920e-01
484 5.687200e-01 9.240000e-04 4.303560e-01
485 5.685240e-01 9.520000e-04 4.305240e-01
486 5.683480e-01 9.840000e-04 4.306680e-01
487 5.681520e-01 9.960000e-04 4.308520e-01
488 5.680040e-01 9.800000e-04 4.310160e-01
489 5.678200e-01 9.720000e-04 4.312080e-01
490 5.676600e-01 9.520000e-04 4.313880e-01
491 5.674560e-01 9.880000e-04 4.315560e-01
492 5.672840e-01 9.880000e-04 4.317280e-01
493 5.671040e-01 9.880000e-04 4.319080e-01
494 5.669280e-01 1.008000e-03 4.320640e-01
495 5.667880e-01 9.320000e-04 4.322800e-01
496 5.666520e-01 9.040000e-04 4.324440e-01
497 5.665120e-01 9.320000e-04 4.325560e-01
498 5.663800e-01 8.920000e-04 4.327280e-01
499 5.662320e-01 9.040000e-04 4.328640e-01
500 5.660800e-01 8.960000e-04 4.330240e-01
