1 9.992080e-01 6.920000e-04 1.000000e-04
2 9.986760e-01 1.080000e-03 2.440000e-04
3 9.979800e-01 1.552000e-03 4.680000e-04
4 9.971480e-01 2.060000e-03 7.920000e-04
5 9.963520e-01 2.464000e-03 1.184000e-03
6 9.954960e-01 2.876000e-03 1.628000e-03
7 9.945040e-01 3.316000e-03 2.180000e-03
8 9.937520e-01 3.472000e-03 2.776000e-03
9 9.927960e-01 3.868000e-03 3.336000e-03
10 9.918240e-01 4.168000e-03 4.008000e-03
11 9.909640e-01 4.216000e-03 4.820000e-03
12 9.898960e-01 4.532000e-03 5.572000e-03
13 9.888720e-01 4.696000e-03 6.432000e-03
14 9.878880e-01 4.784000e-03 7.328000e-03
15 9.867280e-01 5.072000e-03 8.200000e-03
16 9.856720e-01 5.308000e-03 9.020000e-03
17 9.845960e-01 5.500000e-03 9.904000e-03
18 9.833960e-01 5.744000e-03 1.086000e-02
19 9.821560e-01 6.036000e-03 1.180800e-02
20 9.808160e-01 6.268000e-03 1.291600e-02
21 9.794880e-01 6.500000e-03 1.401200e-02
22 9.782000e-01 6.704000e-03 1.509600e-02
23 9.769120e-01 6.824000e-03 1.626400e-02
24 9.756080e-01 6.784000e-03 1.760800e-02
25 9.743000e-01 6.924000e-03 1.877600e-02
26 9.729680e-01 7.136000e-03 1.989600e-02
27 9.714280e-01 7.488000e-03 2.108400e-02
28 9.699640e-01 7.708000e-03 2.232800e-02
29 9.684880e-01 7.888000e-03 2.362400e-02
30 9.669360e-01 7.936000e-03 2.512800e-02
31 9.652920e-01 8.260000e-03 2.644800e-02
32 9.636920e-01 8.400000e-03 2.790800e-02
33 9.620480e-01 8.544000e-03 2.940800e-02
34 9.602800e-01 8.796000e-03 3.092400e-02
35 9.584520e-01 9.116000e-03 3.243200e-02
36 9.567280e-01 9.196000e-03 3.407600e-02
37 9.551000e-01 9.164000e-03 3.573600e-02
38 9.535560e-01 9.052000e-03 3.739200e-02
39 9.519360e-01 9.024000e-03 3.904000e-02
40 9.502120e-01 9.184000e-03 4.060400e-02
41 9.484000e-01 9.300000e-03 4.230000e-02
42 9.466880e-01 9.280000e-03 4.403200e-02
43 9.450480e-01 9.384000e-03 4.556800e-02
44 9.434040e-01 9.284000e-03 4.731200e-02
45 9.417160e-01 9.336000e-03 4.894800e-02
46 9.401480e-01 9.152000e-03 5.070000e-02
47 9.383920e-01 9.268000e-03 5.234000e-02
48 9.367680e-01 9.292000e-03 5.394000e-02
49 9.351280e-01 9.356000e-03 5.551600e-02
50 9.334920e-01 9.440000e-03 5.706800e-02
51 9.319720e-01 9.200000e-03 5.882800e-02
52 9.302520e-01 9.276000e-03 6.047200e-02
53 9.286640e-01 9.388000e-03 6.194800e-02
54 9.269560e-01 9.356000e-03 6.368800e-02
55 9.252640e-01 9.464000e-03 6.527200e-02
56 9.235240e-01 9.516000e-03 6.696000e-02
57 9.218680e-01 9.452000e-03 6.868000e-02
58 9.202280e-01 9.288000e-03 7.048400e-02
59 9.185560e-01 9.328000e-03 7.211600e-02
60 9.169240e-01 9.404000e-03 7.367200e-02
61 9.152960e-01 9.364000e-03 7.534000e-02
62 9.137920e-01 9.304000e-03 7.690400e-02
63 9.123400e-01 9.192000e-03 7.846800e-02
64 9.108440e-01 9.160000e-03 7.999600e-02
65 9.094080e-01 8.972000e-03 8.162000e-02
66 9.078640e-01 9.080000e-03 8.305600e-02
67 9.062840e-01 9.008000e-03 8.470800e-02
68 9.049200e-01 8.800000e-03 8.628000e-02
69 9.034280e-01 8.700000e-03 8.787200e-02
70 9.021320e-01 8.472000e-03 8.939600e-02
71 9.008320e-01 8.292000e-03 9.087600e-02
72 8.996320e-01 8.012000e-03 9.235600e-02
73 8.982200e-01 8.040000e-03 9.374000e-02
74 8.967440e-01 8.076000e-03 9.518000e-02
75 8.952080e-01 8.188000e-03 9.660400e-02
76 8.937800e-01 8.244000e-03 9.797600e-02
77 8.923240e-01 8.188000e-03 9.948800e-02
78 8.909400e-01 8.220000e-03 1.008400e-01
79 8.895840e-01 8.168000e-03 1.022480e-01
80 8.880080e-01 8.412000e-03 1.035800e-01
81 8.865120e-01 8.428000e-03 1.050600e-01
82 8.848800e-01 8.516000e-03 1.066040e-01
83 8.834320e-01 8.432000e-03 1.081360e-01
84 8.819920e-01 8.372000e-03 1.096360e-01
85 8.802480e-01 8.656000e-03 1.110960e-01
86 8.786600e-01 8.836000e-03 1.125040e-01
87 8.772080e-01 8.772000e-03 1.140200e-01
88 8.757480e-01 8.764000e-03 1.154880e-01
89 8.740760e-01 8.840000e-03 1.170840e-01
90 8.726680e-01 8.696000e-03 1.186360e-01
91 8.712680e-01 8.432000e-03 1.203000e-01
92 8.698560e-01 8.388000e-03 1.217560e-01
93 8.686440e-01 8.188000e-03 1.231680e-01
94 8.672120e-01 8.208000e-03 1.245800e-01
95 8.659520e-01 8.064000e-03 1.259840e-01
96 8.646200e-01 7.956000e-03 1.274240e-01
97 8.633480e-01 7.788000e-03 1.288640e-01
98 8.619960e-01 7.800000e-03 1.302040e-01
99 8.605520e-01 7.816000e-03 1.316320e-01
100 8.591440e-01 7.904000e-03 1.329520e-01
101 8.577920e-01 7.932000e-03 1.342760e-01
102 8.564360e-01 7.976000e-03 1.355880e-01
103 8.550600e-01 8.020000e-03 1.369200e-01
104 8.537360e-01 8.012000e-03 1.382520e-01
105 8.524080e-01 7.916000e-03 1.396760e-01
106 8.512320e-01 7.688000e-03 1.410800e-01
107 8.500000e-01 7.500000e-03 1.425000e-01
108 8.487480e-01 7.504000e-03 1.437480e-01
109 8.475040e-01 7.440000e-03 1.450560e-01
110 8.462560e-01 7.356000e-03 1.463880e-01
111 8.450600e-01 7.304000e-03 1.476360e-01
112 8.438440e-01 7.100000e-03 1.490560e-01
113 8.425280e-01 7.184000e-03 1.502880e-01
114 8.412560e-01 7.096000e-03 1.516480e-01
115 8.400320e-01 7.028000e-03 1.529400e-01
116 8.388400e-01 7.064000e-03 1.540960e-01
117 8.375920e-01 6.904000e-03 1.555040e-01
118 8.365560e-01 6.816000e-03 1.566280e-01
119 8.354160e-01 6.748000e-03 1.578360e-01
120 8.342600e-01 6.624000e-03 1.591160e-01
121 8.330240e-01 6.776000e-03 1.602000e-01
122 8.318600e-01 6.748000e-03 1.613920e-01
123 8.307440e-01 6.740000e-03 1.625160e-01
124 8.296520e-01 6.648000e-03 1.637000e-01
125 8.286160e-01 6.520000e-03 1.648640e-01
126 8.274360e-01 6.588000e-03 1.659760e-01
127 8.262200e-01 6.624000e-03 1.671560e-01
128 8.251640e-01 6.504000e-03 1.683320e-01
129 8.241200e-01 6.420000e-03 1.694600e-01
130 8.230120e-01 6.444000e-03 1.705440e-01
131 8.219040e-01 6.480000e-03 1.716160e-01
132 8.208560e-01 6.376000e-03 1.727680e-01
133 8.196520e-01 6.536000e-03 1.738120e-01
134 8.186200e-01 6.440000e-03 1.749400e-01
135 8.175760e-01 6.292000e-03 1.761320e-01
136 8.165960e-01 6.128000e-03 1.772760e-01
137 8.154520e-01 6.080000e-03 1.784680e-01
138 8.143880e-01 6.108000e-03 1.795040e-01
139 8.133160e-01 6.144000e-03 1.805400e-01
140 8.121800e-01 6.228000e-03 1.815920e-01
141 8.112040e-01 6.248000e-03 1.825480e-01
142 8.101640e-01 6.028000e-03 1.838080e-01
143 8.090680e-01 6.072000e-03 1.848600e-01
144 8.080320e-01 6.096000e-03 1.858720e-01
145 8.071280e-01 5.904000e-03 1.869680e-01
146 8.060600e-01 5.992000e-03 1.879480e-01
147 8.049400e-01 5.948000e-03 1.891120e-01
148 8.040000e-01 5.908000e-03 1.900920e-01
149 8.030600e-01 5.652000e-03 1.912880e-01
150 8.021320e-01 5.612000e-03 1.922560e-01
151 8.010920e-01 5.748000e-03 1.931600e-01
152 8.001920e-01 5.620000e-03 1.941880e-01
153 7.992640e-01 5.564000e-03 1.951720e-01
154 7.982880e-01 5.572000e-03 1.961400e-01
155 7.972800e-01 5.568000e-03 1.971520e-01
156 7.962160e-01 5.724000e-03 1.980600e-01
157 7.952200e-01 5.796000e-03 1.989840e-01
158 7.942480e-01 5.828000e-03 1.999240e-01
159 7.932880e-01 5.736000e-03 2.009760e-01
160 7.922800e-01 5.820000e-03 2.019000e-01
161 7.911880e-01 5.876000e-03 2.029360e-01
162 7.903000e-01 5.760000e-03 2.039400e-01
163 7.893520e-01 5.676000e-03 2.049720e-01
164 7.885600e-01 5.412000e-03 2.060280e-01
165 7.875520e-01 5.512000e-03 2.069360e-01
166 7.867040e-01 5.404000e-03 2.078920e-01
167 7.858680e-01 5.436000e-03 2.086960e-01
168 7.849240e-01 5.408000e-03 2.096680e-01
169 7.839720e-01 5.456000e-03 2.105720e-01
170 7.829080e-01 5.580000e-03 2.115120e-01
171 7.817320e-01 5.764000e-03 2.125040e-01
172 7.804760e-01 5.836000e-03 2.136880e-01
173 7.793800e-01 5.856000e-03 2.147640e-01
174 7.782240e-01 6.052000e-03 2.157240e-01
175 7.773080e-01 5.864000e-03 2.168280e-01
176 7.762520e-01 5.936000e-03 2.178120e-01
177 7.752480e-01 5.896000e-03 2.188560e-01
178 7.742920e-01 5.864000e-03 2.198440e-01
179 7.732600e-01 5.824000e-03 2.209160e-01
180 7.722920e-01 5.764000e-03 2.219440e-01
181 7.712560e-01 5.816000e-03 2.229280e-01
182 7.703000e-01 5.764000e-03 2.239360e-01
183 7.693640e-01 5.708000e-03 2.249280e-01
184 7.685280e-01 5.556000e-03 2.259160e-01
185 7.676800e-01 5.456000e-03 2.268640e-01
186 7.668160e-01 5.408000e-03 2.277760e-01
187 7.659600e-01 5.340000e-03 2.287000e-01
188 7.651360e-01 5.280000e-03 2.295840e-01
189 7.642720e-01 5.300000e-03 2.304280e-01
190 7.634000e-01 5.344000e-03 2.312560e-01
191 7.626760e-01 5.124000e-03 2.322000e-01
192 7.619680e-01 5.056000e-03 2.329760e-01
193 7.612560e-01 4.832000e-03 2.339120e-01
194 7.604680e-01 4.732000e-03 2.348000e-01
195 7.597200e-01 4.704000e-03 2.355760e-01
196 7.589680e-01 4.736000e-03 2.362960e-01
197 7.581520e-01 4.828000e-03 2.370200e-01
198 7.573040e-01 4.740000e-03 2.379560e-01
199 7.564800e-01 4.724000e-03 2.387960e-01
200 7.556320e-01 4.720000e-03 2.396480e-01
201 7.548600e-01 4.580000e-03 2.405600e-01
202 7.540920e-01 4.508000e-03 2.414000e-01
203 7.533120e-01 4.620000e-03 2.420680e-01
204 7.524360e-01 4.712000e-03 2.428520e-01
205 7.516960e-01 4.648000e-03 2.436560e-01
206 7.509440e-01 4.540000e-03 2.445160e-01
207 7.501240e-01 4.600000e-03 2.452760e-01
208 7.493520e-01 4.552000e-03 2.460960e-01
209 7.486400e-01 4.436000e-03 2.469240e-01
210 7.478680e-01 4.492000e-03 2.476400e-01
211 7.470440e-01 4.572000e-03 2.483840e-01
212 7.462240e-01 4.532000e-03 2.492440e-01
213 7.455000e-01 4.440000e-03 2.500600e-01
214 7.447080e-01 4.324000e-03 2.509680e-01
215 7.439560e-01 4.360000e-03 2.516840e-01
216 7.432720e-01 4.204000e-03 2.525240e-01
217 7.426240e-01 4.100000e-03 2.532760e-01
218 7.418720e-01 4.104000e-03 2.540240e-01
219 7.412080e-01 4.116000e-03 2.546760e-01
220 7.405000e-01 4.164000e-03 2.553360e-01
221 7.397240e-01 4.196000e-03 2.560800e-01
222 7.389400e-01 4.244000e-03 2.568160e-01
223 7.381960e-01 4.240000e-03 2.575640e-01
224 7.374520e-01 4.152000e-03 2.583960e-01
225 7.365440e-01 4.264000e-03 2.591920e-01
226 7.359200e-01 4.156000e-03 2.599240e-01
227 7.352480e-01 4.136000e-03 2.606160e-01
228 7.344920e-01 4.200000e-03 2.613080e-01
229 7.337000e-01 4.188000e-03 2.621120e-01
230 7.330760e-01 4.196000e-03 2.627280e-01
231 7.324080e-01 4.108000e-03 2.634840e-01
232 7.318600e-01 3.824000e-03 2.643160e-01
233 7.311800e-01 3.792000e-03 2.650280e-01
234 7.305840e-01 3.772000e-03 2.656440e-01
235 7.299880e-01 3.716000e-03 2.662960e-01
236 7.294920e-01 3.544000e-03 2.669640e-01
237 7.290080e-01 3.424000e-03 2.675680e-01
238 7.285320e-01 3.368000e-03 2.681000e-01
239 7.279680e-01 3.440000e-03 2.685920e-01
240 7.274360e-01 3.404000e-03 2.691600e-01
241 7.269480e-01 3.296000e-03 2.697560e-01
242 7.264080e-01 3.272000e-03 2.703200e-01
243 7.258000e-01 3.312000e-03 2.708880e-01
244 7.252840e-01 3.316000e-03 2.714000e-01
245 7.247240e-01 3.272000e-03 2.720040e-01
246 7.241680e-01 3.352000e-03 2.724800e-01
247 7.235360e-01 3.472000e-03 2.729920e-01
248 7.229200e-01 3.480000e-03 2.736000e-01
249 7.223520e-01 3.476000e-03 2.741720e-01
250 7.217680e-01 3.440000e-03 2.747920e-01
251 7.212080e-01 3.484000e-03 2.753080e-01
252 7.206880e-01 3.316000e-03 2.759960e-01
253 7.202000e-01 3.276000e-03 2.765240e-01
254 7.196520e-01 3.268000e-03 2.770800e-01
255 7.190920e-01 3.248000e-03 2.776600e-01
256 7.186240e-01 3.168000e-03 2.782080e-01
257 7.181960e-01 3.068000e-03 2.787360e-01
258 7.177560e-01 3.036000e-03 2.792080e-01
259 7.173600e-01 2.888000e-03 2.797520e-01
260 7.169000e-01 2.736000e-03 2.803640e-01
261 7.165080e-01 2.612000e-03 2.808800e-01
262 7.161080e-01 2.544000e-03 2.813480e-01
263 7.156520e-01 2.584000e-03 2.817640e-01
264 7.152240e-01 2.608000e-03 2.821680e-01
265 7.147840e-01 2.592000e-03 2.826240e-01
266 7.142840e-01 2.724000e-03 2.829920e-01
267 7.137840e-01 2.744000e-03 2.834720e-01
268 7.133000e-01 2.728000e-03 2.839720e-01
269 7.127840e-01 2.728000e-03 2.844880e-01
270 7.122320e-01 2.800000e-03 2.849680e-01
271 7.117680e-01 2.824000e-03 2.854080e-01
272 7.111880e-01 2.896000e-03 2.859160e-01
273 7.107400e-01 2.772000e-03 2.864880e-01
274 7.102120e-01 2.872000e-03 2.869160e-01
275 7.097080e-01 2.872000e-03 2.874200e-01
276 7.090840e-01 2.980000e-03 2.879360e-01
277 7.084960e-01 3.008000e-03 2.884960e-01
278 7.079200e-01 3.112000e-03 2.889680e-01
279 7.073520e-01 3.088000e-03 2.895600e-01
280 7.067120e-01 3.212000e-03 2.900760e-01
281 7.061640e-01 3.244000e-03 2.905920e-01
282 7.056920e-01 3.112000e-03 2.911960e-01
283 7.051840e-01 3.092000e-03 2.917240e-01
284 7.047280e-01 3.024000e-03 2.922480e-01
285 7.041880e-01 3.060000e-03 2.927520e-01
286 7.036600e-01 3.112000e-03 2.932280e-01
287 7.030520e-01 3.156000e-03 2.937920e-01
288 7.023960e-01 3.156000e-03 2.944480e-01
289 7.018520e-01 3.128000e-03 2.950200e-01
290 7.013000e-01 3.104000e-03 2.955960e-01
291 7.007680e-01 3.024000e-03 2.962080e-01
292 7.003120e-01 2.884000e-03 2.968040e-01
293 6.998040e-01 2.864000e-03 2.973320e-01
294 6.992440e-01 2.916000e-03 2.978400e-01
295 6.987400e-01 2.916000e-03 2.983440e-01
296 6.982760e-01 2.808000e-03 2.989160e-01
297 6.977280e-01 2.880000e-03 2.993920e-01
298 6.971480e-01 2.968000e-03 2.998840e-01
299 6.967000e-01 2.912000e-03 3.003880e-01
300 6.962320e-01 2.804000e-03 3.009640e-01
301 6.958640e-01 2.700000e-03 3.014360e-01
302 6.954600e-01 2.648000e-03 3.018920e-01
303 6.949600e-01 2.744000e-03 3.022960e-01
304 6.944680e-01 2.804000e-03 3.027280e-01
305 6.939480e-01 2.860000e-03 3.031920e-01
306 6.933040e-01 2.884000e-03 3.038120e-01
307 6.928120e-01 2.848000e-03 3.043400e-01
308 6.922960e-01 2.888000e-03 3.048160e-01
309 6.917600e-01 2.968000e-03 3.052720e-01
310 6.912680e-01 2.952000e-03 3.057800e-01
311 6.907160e-01 3.084000e-03 3.062000e-01
312 6.901480e-01 3.128000e-03 3.067240e-01
313 6.896600e-01 3.044000e-03 3.072960e-01
314 6.892080e-01 2.984000e-03 3.078080e-01
315 6.886720e-01 2.976000e-03 3.083520e-01
316 6.881360e-01 2.988000e-03 3.088760e-01
317 6.875760e-01 3.060000e-03 3.093640e-01
318 6.870680e-01 3.028000e-03 3.099040e-01
319 6.866040e-01 3.016000e-03 3.103800e-01
320 6.861560e-01 2.988000e-03 3.108560e-01
321 6.856640e-01 2.948000e-03 3.113880e-01
322 6.851840e-01 2.940000e-03 3.118760e-01
323 6.847160e-01 2.836000e-03 3.124480e-01
324 6.842720e-01 2.832000e-03 3.128960e-01
325 6.837680e-01 2.784000e-03 3.134480e-01
326 6.833280e-01 2.816000e-03 3.138560e-01
327 6.828520e-01 2.756000e-03 3.143920e-01
328 6.823880e-01 2.700000e-03 3.149120e-01
329 6.819920e-01 2.656000e-03 3.153520e-01
330 6.815240e-01 2.728000e-03 3.157480e-01
331 6.810680e-01 2.648000e-03 3.162840e-01
332 6.806560e-01 2.568000e-03 3.167760e-01
333 6.802600e-01 2.520000e-03 3.172200e-01
334 6.798800e-01 2.444000e-03 3.176760e-01
335 6.794080e-01 2.436000e-03 3.181560e-01
336 6.790880e-01 2.404000e-03 3.185080e-01
337 6.787360e-01 2.344000e-03 3.189200e-01
338 6.783160e-01 2.324000e-03 3.193600e-01
339 6.779640e-01 2.236000e-03 3.198000e-01
340 6.776440e-01 2.192000e-03 3.201640e-01
341 6.772840e-01 2.076000e-03 3.206400e-01
342 6.770040e-01 2.048000e-03 3.209480e-01
343 6.766840e-01 2.020000e-03 3.212960e-01
344 6.763880e-01 2.000000e-03 3.216120e-01
345 6.760800e-01 1.996000e-03 3.219240e-01
346 6.756880e-01 2.032000e-03 3.222800e-01
347 6.753200e-01 2.032000e-03 3.226480e-01
348 6.749960e-01 2.008000e-03 3.229960e-01
349 6.746880e-01 1.928000e-03 3.233840e-01
350 6.743360e-01 1.916000e-03 3.237480e-01
351 6.740360e-01 1.916000e-03 3.240480e-01
352 6.736880e-01 1.952000e-03 3.243600e-01
353 6.734080e-01 1.880000e-03 3.247120e-01
354 6.730920e-01 1.916000e-03 3.249920e-01
355 6.727840e-01 1.868000e-03 3.253480e-01
356 6.724800e-01 1.860000e-03 3.256600e-01
357 6.721520e-01 1.836000e-03 3.260120e-01
358 6.718880e-01 1.800000e-03 3.263120e-01
359 6.715840e-01 1.788000e-03 3.266280e-01
360 6.712640e-01 1.844000e-03 3.268920e-01
361 6.710280e-01 1.752000e-03 3.272200e-01
362 6.707200e-01 1.760000e-03 3.275200e-01
363 6.704840e-01 1.704000e-03 3.278120e-01
364 6.703080e-01 1.620000e-03 3.280720e-01
365 6.700600e-01 1.608000e-03 3.283320e-01
366 6.698040e-01 1.576000e-03 3.286200e-01
367 6.695080e-01 1.544000e-03 3.289480e-01
368 6.691960e-01 1.608000e-03 3.291960e-01
369 6.689360e-01 1.580000e-03 3.294840e-01
370 6.686000e-01 1.592000e-03 3.298080e-01
371 6.682120e-01 1.684000e-03 3.301040e-01
372 6.678640e-01 1.744000e-03 3.303920e-01
373 6.675760e-01 1.708000e-03 3.307160e-01
374 6.672840e-01 1.748000e-03 3.309680e-01
375 6.670120e-01 1.736000e-03 3.312520e-01
376 6.667320e-01 1.704000e-03 3.315640e-01
377 6.664920e-01 1.648000e-03 3.318600e-01
378 6.661800e-01 1.592000e-03 3.322280e-01
379 6.659360e-01 1.540000e-03 3.325240e-01
380 6.656160e-01 1.576000e-03 3.328080e-01
381 6.653880e-01 1.552000e-03 3.330600e-01
382 6.650960e-01 1.596000e-03 3.333080e-01
383 6.648680e-01 1.576000e-03 3.335560e-01
384 6.646200e-01 1.580000e-03 3.338000e-01
385 6.644080e-01 1.504000e-03 3.340880e-01
386 6.641480e-01 1.500000e-03 3.343520e-01
387 6.638920e-01 1.504000e-03 3.346040e-01
388 6.636840e-01 1.448000e-03 3.348680e-01
389 6.634280e-01 1.432000e-03 3.351400e-01
390 6.631640e-01 1.412000e-03 3.354240e-01
391 6.628920e-01 1.468000e-03 3.356400e-01
392 6.626080e-01 1.448000e-03 3.359440e-01
393 6.622840e-01 1.516000e-03 3.362000e-01
394 6.619480e-01 1.532000e-03 3.365200e-01
395 6.616600e-01 1.548000e-03 3.367920e-01
396 6.613320e-01 1.620000e-03 3.370480e-01
397 6.610720e-01 1.552000e-03 3.373760e-01
398 6.608280e-01 1.472000e-03 3.377000e-01
399 6.606120e-01 1.416000e-03 3.379720e-01
400 6.604080e-01 1.392000e-03 3.382000e-01
401 6.601720e-01 1.428000e-03 3.384000e-01
402 6.599200e-01 1.444000e-03 3.386360e-01
403 6.595840e-01 1.548000e-03 3.388680e-01
404 6.592680e-01 1.564000e-03 3.391680e-01
405 6.589840e-01 1.584000e-03 3.394320e-01
406 6.587280e-01 1.572000e-03 3.397000e-01
407 6.585360e-01 1.476000e-03 3.399880e-01
408 6.583120e-01 1.460000e-03 3.402280e-01
409 6.580600e-01 1.504000e-03 3.404360e-01
410 6.577560e-01 1.536000e-03 3.407080e-01
411 6.574960e-01 1.524000e-03 3.409800e-01
412 6.571840e-01 1.572000e-03 3.412440e-01
413 6.569280e-01 1.516000e-03 3.415560e-01
414 6.566200e-01 1.592000e-03 3.417880e-01
415 6.563280e-01 1.544000e-03 3.421280e-01
416 6.560760e-01 1.492000e-03 3.424320e-01
417 6.558000e-01 1.524000e-03 3.426760e-01
418 6.555400e-01 1.580000e-03 3.428800e-01
419 6.552640e-01 1.640000e-03 3.430960e-01
420 6.550000e-01 1.632000e-03 3.433680e-01
421 6.547600e-01 1.600000e-03 3.436400e-01
422 6.545040e-01 1.580000e-03 3.439160e-01
423 6.542080e-01 1.556000e-03 3.442360e-01
424 6.538800e-01 1.592000e-03 3.445280e-01
425 6.536240e-01 1.588000e-03 3.447880e-01
426 6.534000e-01 1.564000e-03 3.450360e-01
427 6.531600e-01 1.532000e-03 3.453080e-01
428 6.528960e-01 1.516000e-03 3.455880e-01
429 6.526320e-01 1.524000e-03 3.458440e-01
430 6.523600e-01 1.468000e-03 3.461720e-01
431 6.521440e-01 1.416000e-03 3.464400e-01
432 6.519040e-01 1.376000e-03 3.467200e-01
433 6.517120e-01 1.344000e-03 3.469440e-01
434 6.515320e-01 1.312000e-03 3.471560e-01
435 6.513640e-01 1.284000e-03 3.473520e-01
436 6.511400e-01 1.252000e-03 3.476080e-01
437 6.509200e-01 1.252000e-03 3.478280e-01
438 6.507160e-01 1.240000e-03 3.480440e-01
439 6.505560e-01 1.172000e-03 3.482720e-01
440 6.503240e-01 1.256000e-03 3.484200e-01
441 6.500760e-01 1.308000e-03 3.486160e-01
442 6.498720e-01 1.316000e-03 3.488120e-01
443 6.496680e-01 1.260000e-03 3.490720e-01
444 6.494640e-01 1.260000e-03 3.492760e-01
445 6.492840e-01 1.228000e-03 3.494880e-01
446 6.491200e-01 1.184000e-03 3.496960e-01
447 6.488720e-01 1.224000e-03 3.499040e-01
448 6.486320e-01 1.228000e-03 3.501400e-01
449 6.484120e-01 1.196000e-03 3.503920e-01
450 6.482240e-01 1.184000e-03 3.505920e-01
451 6.479720e-01 1.200000e-03 3.508280e-01
452 6.477040e-01 1.308000e-03 3.509880e-01
453 6.474120e-01 1.388000e-03 3.512000e-01
454 6.472280e-01 1.344000e-03 3.514280e-01
455 6.470000e-01 1.364000e-03 3.516360e-01
456 6.467640e-01 1.344000e-03 3.518920e-01
457 6.464960e-01 1.368000e-03 3.521360e-01
458 6.462080e-01 1.440000e-03 3.523520e-01
459 6.459040e-01 1.508000e-03 3.525880e-01
460 6.455960e-01 1.576000e-03 3.528280e-01
461 6.452560e-01 1.568000e-03 3.531760e-01
462 6.449240e-01 1.676000e-03 3.534000e-01
463 6.446880e-01 1.588000e-03 3.537240e-01
464 6.444000e-01 1.608000e-03 3.539920e-01
465 6.441160e-01 1.648000e-03 3.542360e-01
466 6.438520e-01 1.616000e-03 3.545320e-01
467 6.436240e-01 1.572000e-03 3.548040e-01
468 6.434280e-01 1.504000e-03 3.550680e-01
469 6.431520e-01 1.460000e-03 3.553880e-01
470 6.429280e-01 1.440000e-03 3.556320e-01
471 6.426600e-01 1.460000e-03 3.558800e-01
472 6.423400e-01 1.496000e-03 3.561640e-01
473 6.421080e-01 1.452000e-03 3.564400e-01
474 6.418480e-01 1.496000e-03 3.566560e-01
475 6.415080e-01 1.636000e-03 3.568560e-01
476 6.412520e-01 1.612000e-03 3.571360e-01
477 6.410560e-01 1.544000e-03 3.574000e-01
478 6.408400e-01 1.464000e-03 3.576960e-01
479 6.406240e-01 1.468000e-03 3.579080e-01
480 6.403920e-01 1.476000e-03 3.581320e-01
481 6.401440e-01 1.496000e-03 3.583600e-01
482 6.398640e-01 1.520000e-03 3.586160e-01
483 6.396240e-01 1.456000e-03 3.589200e-01
484 6.393640e-01 1.440000e-03 3.591960e-01
485 6.391960e-01 1.360000e-03 3.594440e-01
486 6.389560e-01 1.376000e-03 3.596680e-01
487 6.387560e-01 1.348000e-03 3.598960e-01
488 6.385760e-01 1.300000e-03 3.601240e-01
489 6.383800e-01 1.264000e-03 3.603560e-01
490 6.381600e-01 1.252000e-03 3.605880e-01
491 6.379920e-01 1.196000e-03 3.608120e-01
492 6.378320e-01 1.088000e-03 3.610800e-01
493 6.376680e-01 1.088000e-03 3.612440e-01
494 6.374640e-01 1.168000e-03 3.613680e-01
495 6.372520e-01 1.156000e-03 3.615920e-01
496 6.370880e-01 1.144000e-03 3.617680e-01
497 6.368680e-01 1.180000e-03 3.619520e-01
498 6.366800e-01 1.148000e-03 3.621720e-01
499 6.364800e-01 1.136000e-03 3.623840e-01
500 6.362880e-01 1.124000e-03 3.625880e-01
