1 9.992200e-01 6.640000e-04 1.160000e-04
2 9.986400e-01 1.112000e-03 2.480000e-04
3 9.979360e-01 1.576000e-03 4.880000e-04
4 9.971600e-01 2.024000e-03 8.160000e-04
5 9.963200e-01 2.488000e-03 1.192000e-03
6 9.954040e-01 2.904000e-03 1.692000e-03
7 9.944680e-01 3.316000e-03 2.216000e-03
8 9.935480e-01 3.572000e-03 2.880000e-03
9 9.925400e-01 3.908000e-03 3.552000e-03
10 9.914800e-01 4.252000e-03 4.268000e-03
11 9.904600e-01 4.388000e-03 5.152000e-03
12 9.894320e-01 4.636000e-03 5.932000e-03
13 9.883680e-01 4.860000e-03 6.772000e-03
14 9.873080e-01 5.092000e-03 7.600000e-03
15 9.862080e-01 5.316000e-03 8.476000e-03
16 9.850160e-01 5.512000e-03 9.472000e-03
17 9.837480e-01 5.784000e-03 1.046800e-02
18 9.824520e-01 5.988000e-03 1.156000e-02
19 9.813640e-01 5.980000e-03 1.265600e-02
20 9.802560e-01 5.992000e-03 1.375200e-02
21 9.790640e-01 6.132000e-03 1.480400e-02
22 9.778640e-01 6.236000e-03 1.590000e-02
23 9.767120e-01 6.240000e-03 1.704800e-02
24 9.755640e-01 6.288000e-03 1.814800e-02
25 9.743360e-01 6.344000e-03 1.932000e-02
26 9.730760e-01 6.412000e-03 2.051200e-02
27 9.718920e-01 6.436000e-03 2.167200e-02
28 9.706080e-01 6.568000e-03 2.282400e-02
29 9.693680e-01 6.560000e-03 2.407200e-02
30 9.679880e-01 6.688000e-03 2.532400e-02
31 9.667320e-01 6.776000e-03 2.649200e-02
32 9.654040e-01 6.980000e-03 2.761600e-02
33 9.641720e-01 6.964000e-03 2.886400e-02
34 9.629040e-01 7.012000e-03 3.008400e-02
35 9.615640e-01 7.092000e-03 3.134400e-02
36 9.603120e-01 7.052000e-03 3.263600e-02
37 9.591320e-01 6.884000e-03 3.398400e-02
38 9.580080e-01 6.764000e-03 3.522800e-02
39 9.566680e-01 6.864000e-03 3.646800e-02
40 9.554000e-01 6.880000e-03 3.772000e-02
41 9.542560e-01 6.816000e-03 3.892800e-02
42 9.529400e-01 6.924000e-03 4.013600e-02
43 9.515840e-01 6.976000e-03 4.144000e-02
44 9.502240e-01 7.116000e-03 4.266000e-02
45 9.488160e-01 7.180000e-03 4.400400e-02
46 9.475520e-01 7.112000e-03 4.533600e-02
47 9.460480e-01 7.376000e-03 4.657600e-02
48 9.445320e-01 7.704000e-03 4.776400e-02
49 9.431840e-01 7.664000e-03 4.915200e-02
50 9.416440e-01 7.772000e-03 5.058400e-02
51 9.401480e-01 7.860000e-03 5.199200e-02
52 9.386520e-01 7.920000e-03 5.342800e-02
53 9.373040e-01 7.896000e-03 5.480000e-02
54 9.359320e-01 7.912000e-03 5.615600e-02
55 9.346120e-01 7.864000e-03 5.752400e-02
56 9.333600e-01 7.728000e-03 5.891200e-02
57 9.319520e-01 7.840000e-03 6.020800e-02
58 9.305440e-01 7.832000e-03 6.162400e-02
59 9.291960e-01 7.724000e-03 6.308000e-02
60 9.279520e-01 7.532000e-03 6.451600e-02
61 9.265400e-01 7.572000e-03 6.588800e-02
62 9.252600e-01 7.576000e-03 6.716400e-02
63 9.238080e-01 7.784000e-03 6.840800e-02
64 9.222880e-01 7.944000e-03 6.976800e-02
65 9.209200e-01 7.840000e-03 7.124000e-02
66 9.196280e-01 7.792000e-03 7.258000e-02
67 9.181480e-01 7.796000e-03 7.405600e-02
68 9.167160e-01 7.772000e-03 7.551200e-02
69 9.151600e-01 7.888000e-03 7.695200e-02
70 9.135920e-01 7.984000e-03 7.842400e-02
71 9.120680e-01 8.112000e-03 7.982000e-02
72 9.106120e-01 8.232000e-03 8.115600e-02
73 9.091840e-01 8.316000e-03 8.250000e-02
74 9.078800e-01 8.176000e-03 8.394400e-02
75 9.063560e-01 8.240000e-03 8.540400e-02
76 9.048440e-01 8.352000e-03 8.680400e-02
77 9.034560e-01 8.344000e-03 8.820000e-02
78 9.020920e-01 8.252000e-03 8.965600e-02
79 9.006320e-01 8.296000e-03 9.107200e-02
80 8.991400e-01 8.308000e-03 9.255200e-02
81 8.975760e-01 8.388000e-03 9.403600e-02
82 8.960520e-01 8.412000e-03 9.553600e-02
83 8.944800e-01 8.532000e-03 9.698800e-02
84 8.930360e-01 8.532000e-03 9.843200e-02
85 8.914600e-01 8.700000e-03 9.984000e-02
86 8.899760e-01 8.668000e-03 1.013560e-01
87 8.884600e-01 8.576000e-03 1.029640e-01
88 8.869760e-01 8.500000e-03 1.045240e-01
89 8.855360e-01 8.368000e-03 1.060960e-01
90 8.840040e-01 8.468000e-03 1.075280e-01
91 8.826640e-01 8.344000e-03 1.089920e-01
92 8.810760e-01 8.496000e-03 1.104280e-01
93 8.794840e-01 8.500000e-03 1.120160e-01
94 8.779160e-01 8.552000e-03 1.135320e-01
95 8.761360e-01 8.876000e-03 1.149880e-01
96 8.745400e-01 8.908000e-03 1.165520e-01
97 8.729560e-01 8.896000e-03 1.181480e-01
98 8.716600e-01 8.780000e-03 1.195600e-01
99 8.700080e-01 8.832000e-03 1.211600e-01
100 8.684840e-01 8.848000e-03 1.226680e-01
101 8.669240e-01 8.776000e-03 1.243000e-01
102 8.656200e-01 8.592000e-03 1.257880e-01
103 8.641800e-01 8.484000e-03 1.273360e-01
104 8.627720e-01 8.352000e-03 1.288760e-01
105 8.614720e-01 8.148000e-03 1.303800e-01
106 8.600400e-01 8.032000e-03 1.319280e-01
107 8.587000e-01 8.112000e-03 1.331880e-01
108 8.573920e-01 7.948000e-03 1.346600e-01
109 8.559320e-01 8.032000e-03 1.360360e-01
110 8.546000e-01 7.880000e-03 1.375200e-01
111 8.534240e-01 7.624000e-03 1.389520e-01
112 8.520800e-01 7.660000e-03 1.402600e-01
113 8.506000e-01 7.924000e-03 1.414760e-01
114 8.491680e-01 7.980000e-03 1.428520e-01
115 8.477880e-01 8.080000e-03 1.441320e-01
116 8.462680e-01 8.232000e-03 1.455000e-01
117 8.449840e-01 8.040000e-03 1.469760e-01
118 8.435760e-01 8.064000e-03 1.483600e-01
119 8.424440e-01 7.648000e-03 1.499080e-01
120 8.412200e-01 7.688000e-03 1.510920e-01
121 8.398480e-01 7.680000e-03 1.524720e-01
122 8.386520e-01 7.480000e-03 1.538680e-01
123 8.372360e-01 7.528000e-03 1.552360e-01
124 8.359280e-01 7.336000e-03 1.567360e-01
125 8.346160e-01 7.500000e-03 1.578840e-01
126 8.334240e-01 7.416000e-03 1.591600e-01
127 8.321360e-01 7.368000e-03 1.604960e-01
128 8.309760e-01 7.272000e-03 1.617520e-01
129 8.297320e-01 7.244000e-03 1.630240e-01
130 8.286160e-01 7.128000e-03 1.642560e-01
131 8.274640e-01 7.076000e-03 1.654600e-01
132 8.264880e-01 6.904000e-03 1.666080e-01
133 8.252720e-01 6.956000e-03 1.677720e-01
134 8.241640e-01 7.008000e-03 1.688280e-01
135 8.231160e-01 6.780000e-03 1.701040e-01
136 8.220520e-01 6.652000e-03 1.712960e-01
137 8.209840e-01 6.616000e-03 1.724000e-01
138 8.199720e-01 6.548000e-03 1.734800e-01
139 8.188800e-01 6.572000e-03 1.745480e-01
140 8.176920e-01 6.524000e-03 1.757840e-01
141 8.164760e-01 6.596000e-03 1.769280e-01
142 8.154760e-01 6.380000e-03 1.781440e-01
143 8.144400e-01 6.352000e-03 1.792080e-01
144 8.133720e-01 6.256000e-03 1.803720e-01
145 8.124800e-01 5.988000e-03 1.815320e-01
146 8.114840e-01 5.936000e-03 1.825800e-01
147 8.103760e-01 6.052000e-03 1.835720e-01
148 8.093200e-01 6.096000e-03 1.845840e-01
149 8.082880e-01 6.092000e-03 1.856200e-01
150 8.072600e-01 6.132000e-03 1.866080e-01
151 8.061920e-01 6.084000e-03 1.877240e-01
152 8.049920e-01 6.144000e-03 1.888640e-01
153 8.039120e-01 6.132000e-03 1.899560e-01
154 8.028600e-01 6.104000e-03 1.910360e-01
155 8.019720e-01 5.844000e-03 1.921840e-01
156 8.010200e-01 5.780000e-03 1.932000e-01
157 8.000400e-01 5.752000e-03 1.942080e-01
158 7.991920e-01 5.628000e-03 1.951800e-01
159 7.983240e-01 5.616000e-03 1.960600e-01
160 7.974240e-01 5.580000e-03 1.969960e-01
161 7.964400e-01 5.580000e-03 1.979800e-01
162 7.956040e-01 5.524000e-03 1.988720e-01
163 7.946880e-01 5.392000e-03 1.999200e-01
164 7.938040e-01 5.412000e-03 2.007840e-01
165 7.927640e-01 5.496000e-03 2.017400e-01
166 7.919480e-01 5.348000e-03 2.027040e-01
167 7.911240e-01 5.228000e-03 2.036480e-01
168 7.902200e-01 5.328000e-03 2.044520e-01
169 7.894240e-01 5.120000e-03 2.054560e-01
170 7.885920e-01 4.992000e-03 2.064160e-01
171 7.877800e-01 4.980000e-03 2.072400e-01
172 7.868640e-01 5.056000e-03 2.080800e-01
173 7.860080e-01 5.008000e-03 2.089840e-01
174 7.852000e-01 4.904000e-03 2.098960e-01
175 7.842680e-01 4.900000e-03 2.108320e-01
176 7.834720e-01 4.800000e-03 2.117280e-01
177 7.825880e-01 4.900000e-03 2.125120e-01
178 7.817640e-01 4.820000e-03 2.134160e-01
179 7.809680e-01 4.824000e-03 2.142080e-01
180 7.801680e-01 4.740000e-03 2.150920e-01
181 7.792000e-01 4.828000e-03 2.159720e-01
182 7.783520e-01 4.844000e-03 2.168040e-01
183 7.773480e-01 5.020000e-03 2.176320e-01
184 7.763960e-01 5.060000e-03 2.185440e-01
185 7.753680e-01 5.164000e-03 2.194680e-01
186 7.744720e-01 5.140000e-03 2.203880e-01
187 7.735440e-01 5.172000e-03 2.212840e-01
188 7.726720e-01 5.180000e-03 2.221480e-01
189 7.717960e-01 5.128000e-03 2.230760e-01
190 7.707600e-01 5.220000e-03 2.240200e-01
191 7.697680e-01 5.304000e-03 2.249280e-01
192 7.688800e-01 5.200000e-03 2.259200e-01
193 7.679200e-01 5.204000e-03 2.268760e-01
194 7.669720e-01 5.324000e-03 2.277040e-01
195 7.661520e-01 5.280000e-03 2.285680e-01
196 7.653560e-01 5.232000e-03 2.294120e-01
197 7.643240e-01 5.384000e-03 2.302920e-01
198 7.633800e-01 5.388000e-03 2.312320e-01
199 7.622720e-01 5.464000e-03 2.322640e-01
200 7.612920e-01 5.496000e-03 2.332120e-01
201 7.602240e-01 5.500000e-03 2.342760e-01
202 7.592360e-01 5.576000e-03 2.351880e-01
203 7.582440e-01 5.564000e-03 2.361920e-01
204 7.571480e-01 5.640000e-03 2.372120e-01
205 7.558800e-01 5.900000e-03 2.382200e-01
206 7.548080e-01 5.936000e-03 2.392560e-01
207 7.537760e-01 5.932000e-03 2.402920e-01
208 7.527400e-01 5.976000e-03 2.412840e-01
209 7.518200e-01 5.820000e-03 2.423600e-01
210 7.508120e-01 5.792000e-03 2.433960e-01
211 7.497640e-01 5.880000e-03 2.443560e-01
212 7.487120e-01 5.888000e-03 2.454000e-01
213 7.478000e-01 5.756000e-03 2.464440e-01
214 7.467320e-01 5.724000e-03 2.475440e-01
215 7.458240e-01 5.548000e-03 2.486280e-01
216 7.449360e-01 5.392000e-03 2.496720e-01
217 7.440560e-01 5.312000e-03 2.506320e-01
218 7.431600e-01 5.364000e-03 2.514760e-01
219 7.422640e-01 5.364000e-03 2.523720e-01
220 7.412920e-01 5.404000e-03 2.533040e-01
221 7.403360e-01 5.368000e-03 2.542960e-01
222 7.393840e-01 5.440000e-03 2.551760e-01
223 7.383600e-01 5.440000e-03 2.562000e-01
224 7.373000e-01 5.500000e-03 2.572000e-01
225 7.363080e-01 5.600000e-03 2.580920e-01
226 7.352360e-01 5.648000e-03 2.591160e-01
227 7.342240e-01 5.656000e-03 2.601200e-01
228 7.331800e-01 5.708000e-03 2.611120e-01
229 7.321480e-01 5.724000e-03 2.621280e-01
230 7.312640e-01 5.584000e-03 2.631520e-01
231 7.302920e-01 5.712000e-03 2.639960e-01
232 7.293640e-01 5.636000e-03 2.650000e-01
233 7.283960e-01 5.556000e-03 2.660480e-01
234 7.274520e-01 5.520000e-03 2.670280e-01
235 7.265400e-01 5.492000e-03 2.679680e-01
236 7.256040e-01 5.528000e-03 2.688680e-01
237 7.246160e-01 5.592000e-03 2.697920e-01
238 7.237080e-01 5.572000e-03 2.707200e-01
239 7.227000e-01 5.640000e-03 2.716600e-01
240 7.218640e-01 5.360000e-03 2.727760e-01
241 7.209160e-01 5.276000e-03 2.738080e-01
242 7.200440e-01 5.224000e-03 2.747320e-01
243 7.192640e-01 5.036000e-03 2.757000e-01
244 7.183600e-01 5.032000e-03 2.766080e-01
245 7.175160e-01 4.976000e-03 2.775080e-01
246 7.166400e-01 4.924000e-03 2.784360e-01
247 7.158520e-01 4.904000e-03 2.792440e-01
248 7.150120e-01 4.896000e-03 2.800920e-01
249 7.141600e-01 4.860000e-03 2.809800e-01
250 7.133920e-01 4.808000e-03 2.818000e-01
251 7.125440e-01 4.892000e-03 2.825640e-01
252 7.116400e-01 4.932000e-03 2.834280e-01
253 7.107680e-01 4.976000e-03 2.842560e-01
254 7.100000e-01 4.820000e-03 2.851800e-01
255 7.092360e-01 4.704000e-03 2.860600e-01
256 7.084760e-01 4.700000e-03 2.868240e-01
257 7.075840e-01 4.868000e-03 2.875480e-01
258 7.068400e-01 4.788000e-03 2.883720e-01
259 7.060560e-01 4.704000e-03 2.892400e-01
260 7.052320e-01 4.716000e-03 2.900520e-01
261 7.044680e-01 4.692000e-03 2.908400e-01
262 7.037480e-01 4.592000e-03 2.916600e-01
263 7.030320e-01 4.464000e-03 2.925040e-01
264 7.023800e-01 4.284000e-03 2.933360e-01
265 7.016160e-01 4.304000e-03 2.940800e-01
266 7.009960e-01 4.172000e-03 2.948320e-01
267 7.003440e-01 4.108000e-03 2.955480e-01
268 6.997040e-01 4.048000e-03 2.962480e-01
269 6.990000e-01 4.028000e-03 2.969720e-01
270 6.983240e-01 3.952000e-03 2.977240e-01
271 6.976960e-01 3.924000e-03 2.983800e-01
272 6.969520e-01 3.976000e-03 2.990720e-01
273 6.962400e-01 4.048000e-03 2.997120e-01
274 6.955240e-01 3.956000e-03 3.005200e-01
275 6.949080e-01 3.880000e-03 3.012120e-01
276 6.942600e-01 3.808000e-03 3.019320e-01
277 6.936160e-01 3.780000e-03 3.026040e-01
278 6.929400e-01 3.816000e-03 3.032440e-01
279 6.923840e-01 3.672000e-03 3.039440e-01
280 6.917040e-01 3.712000e-03 3.045840e-01
281 6.911800e-01 3.592000e-03 3.052280e-01
282 6.905520e-01 3.520000e-03 3.059280e-01
283 6.899280e-01 3.564000e-03 3.065080e-01
284 6.893680e-01 3.468000e-03 3.071640e-01
285 6.888600e-01 3.404000e-03 3.077360e-01
286 6.882080e-01 3.456000e-03 3.083360e-01
287 6.876120e-01 3.376000e-03 3.090120e-01
288 6.870000e-01 3.368000e-03 3.096320e-01
289 6.864000e-01 3.412000e-03 3.101880e-01
290 6.857120e-01 3.464000e-03 3.108240e-01
291 6.850680e-01 3.528000e-03 3.114040e-01
292 6.845080e-01 3.448000e-03 3.120440e-01
293 6.839840e-01 3.464000e-03 3.125520e-01
294 6.833520e-01 3.508000e-03 3.131400e-01
295 6.827720e-01 3.500000e-03 3.137280e-01
296 6.820200e-01 3.696000e-03 3.142840e-01
297 6.814040e-01 3.608000e-03 3.149880e-01
298 6.807880e-01 3.600000e-03 3.156120e-01
299 6.801960e-01 3.432000e-03 3.163720e-01
300 6.797320e-01 3.360000e-03 3.169080e-01
301 6.791840e-01 3.372000e-03 3.174440e-01
302 6.785080e-01 3.516000e-03 3.179760e-01
303 6.779560e-01 3.376000e-03 3.186680e-01
304 6.773000e-01 3.456000e-03 3.192440e-01
305 6.766840e-01 3.464000e-03 3.198520e-01
306 6.760640e-01 3.484000e-03 3.204520e-01
307 6.754640e-01 3.572000e-03 3.209640e-01
308 6.747600e-01 3.668000e-03 3.215720e-01
309 6.741640e-01 3.660000e-03 3.221760e-01
310 6.735680e-01 3.660000e-03 3.227720e-01
311 6.728760e-01 3.724000e-03 3.234000e-01
312 6.722560e-01 3.620000e-03 3.241240e-01
313 6.716480e-01 3.576000e-03 3.247760e-01
314 6.711480e-01 3.472000e-03 3.253800e-01
315 6.705320e-01 3.540000e-03 3.259280e-01
316 6.699680e-01 3.496000e-03 3.265360e-01
317 6.693440e-01 3.548000e-03 3.271080e-01
318 6.687080e-01 3.588000e-03 3.277040e-01
319 6.680920e-01 3.608000e-03 3.283000e-01
320 6.675800e-01 3.448000e-03 3.289720e-01
321 6.670520e-01 3.308000e-03 3.296400e-01
322 6.665800e-01 3.212000e-03 3.302080e-01
323 6.660320e-01 3.264000e-03 3.307040e-01
324 6.655320e-01 3.248000e-03 3.312200e-01
325 6.649800e-01 3.252000e-03 3.317680e-01
326 6.645200e-01 3.212000e-03 3.322680e-01
327 6.640760e-01 3.084000e-03 3.328400e-01
328 6.635760e-01 2.968000e-03 3.334560e-01
329 6.631080e-01 2.936000e-03 3.339560e-01
330 6.626200e-01 2.904000e-03 3.344760e-01
331 6.621440e-01 2.832000e-03 3.350240e-01
332 6.617080e-01 2.780000e-03 3.355120e-01
333 6.612880e-01 2.688000e-03 3.360240e-01
334 6.609360e-01 2.612000e-03 3.364520e-01
335 6.604880e-01 2.592000e-03 3.369200e-01
336 6.601280e-01 2.512000e-03 3.373600e-01
337 6.597880e-01 2.400000e-03 3.378120e-01
338 6.594040e-01 2.364000e-03 3.382320e-01
339 6.589960e-01 2.356000e-03 3.386480e-01
340 6.585720e-01 2.356000e-03 3.390720e-01
341 6.581720e-01 2.340000e-03 3.394880e-01
342 6.577200e-01 2.328000e-03 3.399520e-01
343 6.572960e-01 2.372000e-03 3.403320e-01
344 6.568480e-01 2.404000e-03 3.407480e-01
345 6.564600e-01 2.344000e-03 3.411960e-01
346 6.561080e-01 2.312000e-03 3.415800e-01
347 6.558120e-01 2.200000e-03 3.419880e-01
348 6.554800e-01 2.228000e-03 3.422920e-01
349 6.552120e-01 2.100000e-03 3.426880e-01
350 6.547920e-01 2.144000e-03 3.430640e-01
351 6.544440e-01 2.184000e-03 3.433720e-01
352 6.541560e-01 2.108000e-03 3.437360e-01
353 6.538360e-01 2.124000e-03 3.440400e-01
354 6.535120e-01 2.024000e-03 3.444640e-01
355 6.532080e-01 1.972000e-03 3.448200e-01
356 6.528520e-01 1.956000e-03 3.451920e-01
357 6.525560e-01 1.884000e-03 3.455600e-01
358 6.522480e-01 1.860000e-03 3.458920e-01
359 6.519000e-01 1.912000e-03 3.461880e-01
360 6.515320e-01 1.960000e-03 3.465080e-01
361 6.512080e-01 1.908000e-03 3.468840e-01
362 6.509160e-01 1.900000e-03 3.471840e-01
363 6.507120e-01 1.784000e-03 3.475040e-01
364 6.504240e-01 1.796000e-03 3.477800e-01
365 6.501240e-01 1.776000e-03 3.481000e-01
366 6.498280e-01 1.792000e-03 3.483800e-01
367 6.495440e-01 1.752000e-03 3.487040e-01
368 6.492520e-01 1.764000e-03 3.489840e-01
369 6.490040e-01 1.668000e-03 3.493280e-01
370 6.487880e-01 1.628000e-03 3.495840e-01
371 6.485360e-01 1.632000e-03 3.498320e-01
372 6.482440e-01 1.640000e-03 3.501160e-01
373 6.479400e-01 1.696000e-03 3.503640e-01
374 6.476680e-01 1.692000e-03 3.506400e-01
375 6.473480e-01 1.764000e-03 3.508880e-01
376 6.469920e-01 1.808000e-03 3.512000e-01
377 6.467560e-01 1.732000e-03 3.515120e-01
378 6.463840e-01 1.760000e-03 3.518560e-01
379 6.461000e-01 1.756000e-03 3.521440e-01
380 6.458160e-01 1.760000e-03 3.524240e-01
381 6.454920e-01 1.840000e-03 3.526680e-01
382 6.451640e-01 1.820000e-03 3.530160e-01
383 6.448560e-01 1.808000e-03 3.533360e-01
384 6.445000e-01 1.892000e-03 3.536080e-01
385 6.441760e-01 1.876000e-03 3.539480e-01
386 6.438680e-01 1.872000e-03 3.542600e-01
387 6.435200e-01 1.928000e-03 3.545520e-01
388 6.431520e-01 1.972000e-03 3.548760e-01
389 6.427680e-01 2.072000e-03 3.551600e-01
390 6.423960e-01 2.060000e-03 3.555440e-01
391 6.421400e-01 1.964000e-03 3.558960e-01
392 6.418520e-01 1.936000e-03 3.562120e-01
393 6.415400e-01 1.912000e-03 3.565480e-01
394 6.412400e-01 1.944000e-03 3.568160e-01
395 6.409560e-01 1.940000e-03 3.571040e-01
396 6.406160e-01 1.904000e-03 3.574800e-01
397 6.402560e-01 1.956000e-03 3.577880e-01
398 6.398800e-01 1.988000e-03 3.581320e-01
399 6.395880e-01 1.972000e-03 3.584400e-01
400 6.392040e-01 2.040000e-03 3.587560e-01
401 6.388280e-01 2.052000e-03 3.591200e-01
402 6.385680e-01 1.952000e-03 3.594800e-01
403 6.382600e-01 1.932000e-03 3.598080e-01
404 6.378720e-01 1.980000e-03 3.601480e-01
405 6.376320e-01 1.900000e-03 3.604680e-01
406 6.373480e-01 1.896000e-03 3.607560e-01
407 6.370440e-01 1.856000e-03 3.611000e-01
408 6.368320e-01 1.808000e-03 3.613600e-01
409 6.365200e-01 1.828000e-03 3.616520e-01
410 6.362040e-01 1.820000e-03 3.619760e-01
411 6.359280e-01 1.684000e-03 3.623880e-01
412 6.356360e-01 1.644000e-03 3.627200e-01
413 6.353320e-01 1.724000e-03 3.629440e-01
414 6.350520e-01 1.668000e-03 3.632800e-01
415 6.347680e-01 1.616000e-03 3.636160e-01
416 6.345680e-01 1.572000e-03 3.638600e-01
417 6.343440e-01 1.472000e-03 3.641840e-01
418 6.341120e-01 1.452000e-03 3.644360e-01
419 6.338800e-01 1.412000e-03 3.647080e-01
420 6.336840e-01 1.392000e-03 3.649240e-01
421 6.334120e-01 1.428000e-03 3.651600e-01
422 6.331680e-01 1.428000e-03 3.654040e-01
423 6.329440e-01 1.440000e-03 3.656160e-01
424 6.327640e-01 1.376000e-03 3.658600e-01
425 6.325200e-01 1.404000e-03 3.660760e-01
426 6.322960e-01 1.356000e-03 3.663480e-01
427 6.321320e-01 1.256000e-03 3.666120e-01
428 6.319520e-01 1.256000e-03 3.667920e-01
429 6.316880e-01 1.276000e-03 3.670360e-01
430 6.314800e-01 1.308000e-03 3.672120e-01
431 6.312720e-01 1.328000e-03 3.674000e-01
432 6.311080e-01 1.248000e-03 3.676440e-01
433 6.309040e-01 1.240000e-03 3.678560e-01
434 6.306480e-01 1.272000e-03 3.680800e-01
435 6.303480e-01 1.424000e-03 3.682280e-01
436 6.300760e-01 1.380000e-03 3.685440e-01
437 6.298680e-01 1.384000e-03 3.687480e-01
438 6.295720e-01 1.444000e-03 3.689840e-01
439 6.292800e-01 1.464000e-03 3.692560e-01
440 6.289960e-01 1.488000e-03 3.695160e-01
441 6.287160e-01 1.532000e-03 3.697520e-01
442 6.284360e-01 1.520000e-03 3.700440e-01
443 6.282000e-01 1.508000e-03 3.702920e-01
444 6.279360e-01 1.536000e-03 3.705280e-01
445 6.276600e-01 1.488000e-03 3.708520e-01
446 6.274200e-01 1.444000e-03 3.711360e-01
447 6.272240e-01 1.384000e-03 3.713920e-01
448 6.270440e-01 1.304000e-03 3.716520e-01
449 6.268280e-01 1.328000e-03 3.718440e-01
450 6.266480e-01 1.240000e-03 3.721120e-01
451 6.264400e-01 1.248000e-03 3.723120e-01
452 6.261840e-01 1.256000e-03 3.725600e-01
453 6.259360e-01 1.320000e-03 3.727440e-01
454 6.257320e-01 1.352000e-03 3.729160e-01
455 6.254600e-01 1.400000e-03 3.731400e-01
456 6.252320e-01 1.332000e-03 3.734360e-01
457 6.249480e-01 1.380000e-03 3.736720e-01
458 6.247080e-01 1.336000e-03 3.739560e-01
459 6.244560e-01 1.300000e-03 3.742440e-01
460 6.242040e-01 1.320000e-03 3.744760e-01
461 6.239720e-01 1.308000e-03 3.747200e-01
462 6.237480e-01 1.324000e-03 3.749280e-01
463 6.235400e-01 1.332000e-03 3.751280e-01
464 6.233880e-01 1.260000e-03 3.753520e-01
465 6.232240e-01 1.216000e-03 3.755600e-01
466 6.229920e-01 1.188000e-03 3.758200e-01
467 6.228040e-01 1.140000e-03 3.760560e-01
468 6.226080e-01 1.132000e-03 3.762600e-01
469 6.223600e-01 1.176000e-03 3.764640e-01
470 6.221120e-01 1.216000e-03 3.766720e-01
471 6.218720e-01 1.172000e-03 3.769560e-01
472 6.217560e-01 1.056000e-03 3.771880e-01
473 6.216120e-01 1.028000e-03 3.773600e-01
474 6.214160e-01 1.056000e-03 3.775280e-01
475 6.212520e-01 1.048000e-03 3.777000e-01
476 6.210880e-01 1.016000e-03 3.778960e-01
477 6.209520e-01 9.760000e-04 3.780720e-01
478 6.208360e-01 8.920000e-04 3.782720e-01
479 6.206440e-01 9.120000e-04 3.784440e-01
480 6.204880e-01 9.080000e-04 3.786040e-01
481 6.203560e-01 8.680000e-04 3.787760e-01
482 6.201680e-01 8.600000e-04 3.789720e-01
483 6.199920e-01 9.000000e-04 3.791080e-01
484 6.198120e-01 9.120000e-04 3.792760e-01
485 6.196400e-01 9.040000e-04 3.794560e-01
486 6.194800e-01 8.800000e-04 3.796400e-01
487 6.193040e-01 8.840000e-04 3.798120e-01
488 6.191400e-01 9.080000e-04 3.799520e-01
489 6.190080e-01 9.040000e-04 3.800880e-01
490 6.188640e-01 8.720000e-04 3.802640e-01
491 6.187000e-01 8.920000e-04 3.804080e-01
492 6.185200e-01 8.760000e-04 3.806040e-01
493 6.183600e-01 8.960000e-04 3.807440e-01
494 6.181880e-01 8.400000e-04 3.809720e-01
495 6.180320e-01 8.520000e-04 3.811160e-01
496 6.178720e-01 9.160000e-04 3.812120e-01
497 6.176840e-01 9.040000e-04 3.814120e-01
498 6.175640e-01 9.200000e-04 3.815160e-01
499 6.173960e-01 9.240000e-04 3.816800e-01
500 6.172400e-01 9.560000e-04 3.818040e-01
