1 9.992240e-01 6.720000e-04 1.040000e-04
2 9.986280e-01 1.120000e-03 2.520000e-04
3 9.980000e-01 1.544000e-03 4.560000e-04
4 9.972520e-01 1.944000e-03 8.040000e-04
5 9.965280e-01 2.336000e-03 1.136000e-03
6 9.956520e-01 2.748000e-03 1.600000e-03
7 9.947880e-01 3.052000e-03 2.160000e-03
8 9.937320e-01 3.484000e-03 2.784000e-03
9 9.927400e-01 3.932000e-03 3.328000e-03
10 9.916040e-01 4.308000e-03 4.088000e-03
11 9.906600e-01 4.480000e-03 4.860000e-03
12 9.896240e-01 4.720000e-03 5.656000e-03
13 9.885640e-01 4.916000e-03 6.520000e-03
14 9.874480e-01 5.072000e-03 7.480000e-03
15 9.863600e-01 5.172000e-03 8.468000e-03
16 9.852320e-01 5.368000e-03 9.400000e-03
17 9.840200e-01 5.672000e-03 1.030800e-02
18 9.826840e-01 5.972000e-03 1.134400e-02
19 9.813120e-01 6.244000e-03 1.244400e-02
20 9.800600e-01 6.328000e-03 1.361200e-02
21 9.788320e-01 6.544000e-03 1.462400e-02
22 9.776960e-01 6.484000e-03 1.582000e-02
23 9.765200e-01 6.516000e-03 1.696400e-02
24 9.752880e-01 6.680000e-03 1.803200e-02
25 9.739800e-01 6.872000e-03 1.914800e-02
26 9.726080e-01 6.996000e-03 2.039600e-02
27 9.712800e-01 7.072000e-03 2.164800e-02
28 9.699120e-01 7.140000e-03 2.294800e-02
29 9.687080e-01 7.140000e-03 2.415200e-02
30 9.674400e-01 7.168000e-03 2.539200e-02
31 9.663720e-01 6.960000e-03 2.666800e-02
32 9.651280e-01 6.932000e-03 2.794000e-02
33 9.638640e-01 6.956000e-03 2.918000e-02
34 9.624960e-01 7.108000e-03 3.039600e-02
35 9.611960e-01 7.120000e-03 3.168400e-02
36 9.598560e-01 7.160000e-03 3.298400e-02
37 9.584840e-01 7.136000e-03 3.438000e-02
38 9.569880e-01 7.284000e-03 3.572800e-02
39 9.554760e-01 7.536000e-03 3.698800e-02
40 9.539800e-01 7.656000e-03 3.836400e-02
41 9.525680e-01 7.764000e-03 3.966800e-02
42 9.510920e-01 7.796000e-03 4.111200e-02
43 9.497920e-01 7.740000e-03 4.246800e-02
44 9.484160e-01 7.896000e-03 4.368800e-02
45 9.470000e-01 7.884000e-03 4.511600e-02
46 9.456040e-01 7.992000e-03 4.640400e-02
47 9.441640e-01 7.964000e-03 4.787200e-02
48 9.427760e-01 8.056000e-03 4.916800e-02
49 9.414120e-01 7.936000e-03 5.065200e-02
50 9.400160e-01 7.912000e-03 5.207200e-02
51 9.385880e-01 7.884000e-03 5.352800e-02
52 9.371000e-01 8.088000e-03 5.481200e-02
53 9.356560e-01 8.000000e-03 5.634400e-02
54 9.341600e-01 8.072000e-03 5.776800e-02
55 9.328240e-01 7.948000e-03 5.922800e-02
56 9.314680e-01 7.928000e-03 6.060400e-02
57 9.299800e-01 8.024000e-03 6.199600e-02
58 9.283880e-01 8.204000e-03 6.340800e-02
59 9.269680e-01 8.180000e-03 6.485200e-02
60 9.256120e-01 8.092000e-03 6.629600e-02
61 9.240520e-01 8.204000e-03 6.774400e-02
62 9.225000e-01 8.312000e-03 6.918800e-02
63 9.210040e-01 8.236000e-03 7.076000e-02
64 9.194440e-01 8.308000e-03 7.224800e-02
65 9.180760e-01 8.236000e-03 7.368800e-02
66 9.165200e-01 8.396000e-03 7.508400e-02
67 9.149760e-01 8.464000e-03 7.656000e-02
68 9.135600e-01 8.348000e-03 7.809200e-02
69 9.121080e-01 8.276000e-03 7.961600e-02
70 9.105240e-01 8.364000e-03 8.111200e-02
71 9.090360e-01 8.364000e-03 8.260000e-02
72 9.076320e-01 8.332000e-03 8.403600e-02
73 9.062080e-01 8.276000e-03 8.551600e-02
74 9.045720e-01 8.404000e-03 8.702400e-02
75 9.032040e-01 8.376000e-03 8.842000e-02
76 9.016520e-01 8.556000e-03 8.979200e-02
77 9.001040e-01 8.552000e-03 9.134400e-02
78 8.986000e-01 8.592000e-03 9.280800e-02
79 8.971480e-01 8.632000e-03 9.422000e-02
80 8.957560e-01 8.436000e-03 9.580800e-02
81 8.942920e-01 8.448000e-03 9.726000e-02
82 8.929480e-01 8.400000e-03 9.865200e-02
83 8.912520e-01 8.612000e-03 1.001360e-01
84 8.898280e-01 8.416000e-03 1.017560e-01
85 8.884080e-01 8.420000e-03 1.031720e-01
86 8.869760e-01 8.384000e-03 1.046400e-01
87 8.855160e-01 8.336000e-03 1.061480e-01
88 8.839720e-01 8.464000e-03 1.075640e-01
89 8.824520e-01 8.564000e-03 1.089840e-01
90 8.808200e-01 8.624000e-03 1.105560e-01
91 8.793320e-01 8.608000e-03 1.120600e-01
92 8.778480e-01 8.756000e-03 1.133960e-01
93 8.762800e-01 8.756000e-03 1.149640e-01
94 8.747040e-01 8.888000e-03 1.164080e-01
95 8.732680e-01 8.860000e-03 1.178720e-01
96 8.717160e-01 8.756000e-03 1.195280e-01
97 8.702920e-01 8.504000e-03 1.212040e-01
98 8.688760e-01 8.508000e-03 1.226160e-01
99 8.673360e-01 8.424000e-03 1.242400e-01
100 8.658480e-01 8.412000e-03 1.257400e-01
101 8.644160e-01 8.444000e-03 1.271400e-01
102 8.629560e-01 8.544000e-03 1.285000e-01
103 8.614720e-01 8.504000e-03 1.300240e-01
104 8.601360e-01 8.324000e-03 1.315400e-01
105 8.587400e-01 8.220000e-03 1.330400e-01
106 8.574400e-01 8.112000e-03 1.344480e-01
107 8.559600e-01 8.032000e-03 1.360080e-01
108 8.546680e-01 7.896000e-03 1.374360e-01
109 8.533520e-01 7.900000e-03 1.387480e-01
110 8.521840e-01 7.728000e-03 1.400880e-01
111 8.508200e-01 7.796000e-03 1.413840e-01
112 8.494720e-01 7.836000e-03 1.426920e-01
113 8.481680e-01 7.644000e-03 1.441880e-01
114 8.470480e-01 7.360000e-03 1.455920e-01
115 8.457760e-01 7.292000e-03 1.469320e-01
116 8.447160e-01 7.092000e-03 1.481920e-01
117 8.435600e-01 6.916000e-03 1.495240e-01
118 8.423680e-01 6.992000e-03 1.506400e-01
119 8.412600e-01 6.960000e-03 1.517800e-01
120 8.400680e-01 6.852000e-03 1.530800e-01
121 8.389760e-01 6.604000e-03 1.544200e-01
122 8.378560e-01 6.464000e-03 1.556800e-01
123 8.366160e-01 6.564000e-03 1.568200e-01
124 8.355640e-01 6.464000e-03 1.579720e-01
125 8.345520e-01 6.428000e-03 1.590200e-01
126 8.333720e-01 6.340000e-03 1.602880e-01
127 8.321680e-01 6.400000e-03 1.614320e-01
128 8.311520e-01 6.344000e-03 1.625040e-01
129 8.300440e-01 6.212000e-03 1.637440e-01
130 8.288800e-01 6.264000e-03 1.648560e-01
131 8.277800e-01 6.352000e-03 1.658680e-01
132 8.265480e-01 6.504000e-03 1.669480e-01
133 8.254080e-01 6.488000e-03 1.681040e-01
134 8.243080e-01 6.508000e-03 1.691840e-01
135 8.231680e-01 6.544000e-03 1.702880e-01
136 8.219560e-01 6.632000e-03 1.714120e-01
137 8.208560e-01 6.568000e-03 1.725760e-01
138 8.197080e-01 6.524000e-03 1.737680e-01
139 8.187080e-01 6.376000e-03 1.749160e-01
140 8.176640e-01 6.312000e-03 1.760240e-01
141 8.165560e-01 6.384000e-03 1.770600e-01
142 8.154240e-01 6.368000e-03 1.782080e-01
143 8.142360e-01 6.336000e-03 1.794280e-01
144 8.131600e-01 6.268000e-03 1.805720e-01
145 8.120320e-01 6.324000e-03 1.816440e-01
146 8.109760e-01 6.184000e-03 1.828400e-01
147 8.098000e-01 6.240000e-03 1.839600e-01
148 8.087240e-01 6.308000e-03 1.849680e-01
149 8.075960e-01 6.400000e-03 1.860040e-01
150 8.064560e-01 6.432000e-03 1.871120e-01
151 8.053320e-01 6.484000e-03 1.881840e-01
152 8.042960e-01 6.304000e-03 1.894000e-01
153 8.031680e-01 6.404000e-03 1.904280e-01
154 8.020680e-01 6.372000e-03 1.915600e-01
155 8.008440e-01 6.520000e-03 1.926360e-01
156 7.998160e-01 6.344000e-03 1.938400e-01
157 7.987520e-01 6.344000e-03 1.949040e-01
158 7.975400e-01 6.488000e-03 1.959720e-01
159 7.965200e-01 6.324000e-03 1.971560e-01
160 7.953600e-01 6.400000e-03 1.982400e-01
161 7.942600e-01 6.384000e-03 1.993560e-01
162 7.930720e-01 6.452000e-03 2.004760e-01
163 7.918960e-01 6.412000e-03 2.016920e-01
164 7.908520e-01 6.420000e-03 2.027280e-01
165 7.896680e-01 6.564000e-03 2.037680e-01
166 7.884920e-01 6.580000e-03 2.049280e-01
167 7.873560e-01 6.492000e-03 2.061520e-01
168 7.862880e-01 6.396000e-03 2.073160e-01
169 7.851680e-01 6.368000e-03 2.084640e-01
170 7.840680e-01 6.372000e-03 2.095600e-01
171 7.830880e-01 6.160000e-03 2.107520e-01
172 7.820880e-01 6.152000e-03 2.117600e-01
173 7.811200e-01 5.960000e-03 2.129200e-01
174 7.801360e-01 5.924000e-03 2.139400e-01
175 7.792560e-01 5.668000e-03 2.150760e-01
176 7.783000e-01 5.468000e-03 2.162320e-01
177 7.773840e-01 5.376000e-03 2.172400e-01
178 7.765600e-01 5.228000e-03 2.182120e-01
179 7.756680e-01 5.156000e-03 2.191760e-01
180 7.748160e-01 5.084000e-03 2.201000e-01
181 7.740040e-01 5.012000e-03 2.209840e-01
182 7.732000e-01 4.884000e-03 2.219160e-01
183 7.723520e-01 4.904000e-03 2.227440e-01
184 7.715960e-01 4.788000e-03 2.236160e-01
185 7.707840e-01 4.824000e-03 2.243920e-01
186 7.699960e-01 4.712000e-03 2.252920e-01
187 7.691760e-01 4.832000e-03 2.259920e-01
188 7.683040e-01 4.860000e-03 2.268360e-01
189 7.674720e-01 4.808000e-03 2.277200e-01
190 7.666360e-01 4.848000e-03 2.285160e-01
191 7.658160e-01 4.928000e-03 2.292560e-01
192 7.649040e-01 5.060000e-03 2.300360e-01
193 7.639360e-01 5.008000e-03 2.310560e-01
194 7.630200e-01 4.980000e-03 2.320000e-01
195 7.620960e-01 5.060000e-03 2.328440e-01
196 7.612600e-01 4.916000e-03 2.338240e-01
197 7.604160e-01 4.876000e-03 2.347080e-01
198 7.595520e-01 4.832000e-03 2.356160e-01
199 7.586520e-01 4.908000e-03 2.364400e-01
200 7.579320e-01 4.748000e-03 2.373200e-01
201 7.571960e-01 4.652000e-03 2.381520e-01
202 7.563720e-01 4.700000e-03 2.389280e-01
203 7.554760e-01 4.808000e-03 2.397160e-01
204 7.546760e-01 4.760000e-03 2.405640e-01
205 7.538760e-01 4.820000e-03 2.413040e-01
206 7.531680e-01 4.732000e-03 2.421000e-01
207 7.523160e-01 4.740000e-03 2.429440e-01
208 7.515600e-01 4.588000e-03 2.438520e-01
209 7.507200e-01 4.652000e-03 2.446280e-01
210 7.499160e-01 4.716000e-03 2.453680e-01
211 7.489960e-01 4.820000e-03 2.461840e-01
212 7.480240e-01 4.932000e-03 2.470440e-01
213 7.472360e-01 4.872000e-03 2.478920e-01
214 7.463160e-01 4.956000e-03 2.487280e-01
215 7.454440e-01 4.984000e-03 2.495720e-01
216 7.447200e-01 4.884000e-03 2.503960e-01
217 7.439000e-01 4.900000e-03 2.512000e-01
218 7.429480e-01 4.948000e-03 2.521040e-01
219 7.420720e-01 4.960000e-03 2.529680e-01
220 7.411640e-01 5.120000e-03 2.537160e-01
221 7.402200e-01 5.304000e-03 2.544760e-01
222 7.393360e-01 5.220000e-03 2.554440e-01
223 7.385520e-01 5.152000e-03 2.562960e-01
224 7.377160e-01 5.080000e-03 2.572040e-01
225 7.369480e-01 4.924000e-03 2.581280e-01
226 7.361360e-01 4.940000e-03 2.589240e-01
227 7.354400e-01 4.836000e-03 2.597240e-01
228 7.346440e-01 4.916000e-03 2.604400e-01
229 7.339640e-01 4.812000e-03 2.612240e-01
230 7.332680e-01 4.652000e-03 2.620800e-01
231 7.325440e-01 4.564000e-03 2.628920e-01
232 7.318480e-01 4.384000e-03 2.637680e-01
233 7.310760e-01 4.388000e-03 2.645360e-01
234 7.303000e-01 4.392000e-03 2.653080e-01
235 7.296520e-01 4.336000e-03 2.660120e-01
236 7.289560e-01 4.312000e-03 2.667320e-01
237 7.283560e-01 4.204000e-03 2.674400e-01
238 7.276480e-01 4.176000e-03 2.681760e-01
239 7.270720e-01 4.020000e-03 2.689080e-01
240 7.264600e-01 3.936000e-03 2.696040e-01
241 7.259040e-01 3.828000e-03 2.702680e-01
242 7.252080e-01 3.880000e-03 2.709120e-01
243 7.246640e-01 3.752000e-03 2.715840e-01
244 7.240360e-01 3.672000e-03 2.722920e-01
245 7.233280e-01 3.820000e-03 2.728520e-01
246 7.227360e-01 3.756000e-03 2.735080e-01
247 7.220880e-01 3.656000e-03 2.742560e-01
248 7.214720e-01 3.628000e-03 2.749000e-01
249 7.208680e-01 3.644000e-03 2.754880e-01
250 7.203680e-01 3.540000e-03 2.760920e-01
251 7.197480e-01 3.516000e-03 2.767360e-01
252 7.192760e-01 3.420000e-03 2.773040e-01
253 7.186560e-01 3.448000e-03 2.778960e-01
254 7.180040e-01 3.508000e-03 2.784880e-01
255 7.174240e-01 3.480000e-03 2.790960e-01
256 7.166640e-01 3.560000e-03 2.797760e-01
257 7.160440e-01 3.568000e-03 2.803880e-01
258 7.153480e-01 3.640000e-03 2.810120e-01
259 7.146480e-01 3.736000e-03 2.816160e-01
260 7.139160e-01 3.808000e-03 2.822760e-01
261 7.131360e-01 3.856000e-03 2.830080e-01
262 7.124840e-01 3.792000e-03 2.837240e-01
263 7.118800e-01 3.588000e-03 2.845320e-01
264 7.112120e-01 3.676000e-03 2.851120e-01
265 7.106760e-01 3.540000e-03 2.857840e-01
266 7.100720e-01 3.500000e-03 2.864280e-01
267 7.095160e-01 3.408000e-03 2.870760e-01
268 7.090280e-01 3.312000e-03 2.876600e-01
269 7.085280e-01 3.236000e-03 2.882360e-01
270 7.080760e-01 3.188000e-03 2.887360e-01
271 7.076440e-01 3.048000e-03 2.893080e-01
272 7.072520e-01 2.860000e-03 2.898880e-01
273 7.068560e-01 2.772000e-03 2.903720e-01
274 7.064840e-01 2.752000e-03 2.907640e-01
275 7.060400e-01 2.692000e-03 2.912680e-01
276 7.055760e-01 2.672000e-03 2.917520e-01
277 7.051320e-01 2.728000e-03 2.921400e-01
278 7.047400e-01 2.716000e-03 2.925440e-01
279 7.042760e-01 2.680000e-03 2.930440e-01
280 7.038320e-01 2.692000e-03 2.934760e-01
281 7.034040e-01 2.736000e-03 2.938600e-01
282 7.029000e-01 2.788000e-03 2.943120e-01
283 7.024720e-01 2.684000e-03 2.948440e-01
284 7.020200e-01 2.668000e-03 2.953120e-01
285 7.015040e-01 2.688000e-03 2.958080e-01
286 7.011240e-01 2.628000e-03 2.962480e-01
287 7.007360e-01 2.604000e-03 2.966600e-01
288 7.003560e-01 2.624000e-03 2.970200e-01
289 7.000200e-01 2.480000e-03 2.975000e-01
290 6.997000e-01 2.424000e-03 2.978760e-01
291 6.994040e-01 2.280000e-03 2.983160e-01
292 6.990920e-01 2.200000e-03 2.987080e-01
293 6.987560e-01 2.152000e-03 2.990920e-01
294 6.984040e-01 2.164000e-03 2.994320e-01
295 6.979880e-01 2.164000e-03 2.998480e-01
296 6.976080e-01 2.164000e-03 3.002280e-01
297 6.971720e-01 2.224000e-03 3.006040e-01
298 6.968280e-01 2.212000e-03 3.009600e-01
299 6.964960e-01 2.092000e-03 3.014120e-01
300 6.962080e-01 1.972000e-03 3.018200e-01
301 6.959120e-01 1.924000e-03 3.021640e-01
302 6.956440e-01 1.824000e-03 3.025320e-01
303 6.953360e-01 1.772000e-03 3.028920e-01
304 6.949600e-01 1.764000e-03 3.032760e-01
305 6.946680e-01 1.792000e-03 3.035400e-01
306 6.943200e-01 1.860000e-03 3.038200e-01
307 6.939960e-01 1.844000e-03 3.041600e-01
308 6.937320e-01 1.804000e-03 3.044640e-01
309 6.934800e-01 1.692000e-03 3.048280e-01
310 6.931760e-01 1.696000e-03 3.051280e-01
311 6.929320e-01 1.640000e-03 3.054280e-01
312 6.926200e-01 1.660000e-03 3.057200e-01
313 6.923240e-01 1.668000e-03 3.060080e-01
314 6.920800e-01 1.620000e-03 3.063000e-01
315 6.918440e-01 1.588000e-03 3.065680e-01
316 6.915480e-01 1.596000e-03 3.068560e-01
317 6.912480e-01 1.664000e-03 3.070880e-01
318 6.909440e-01 1.692000e-03 3.073640e-01
319 6.906360e-01 1.692000e-03 3.076720e-01
320 6.903520e-01 1.700000e-03 3.079480e-01
321 6.900080e-01 1.740000e-03 3.082520e-01
322 6.897120e-01 1.744000e-03 3.085440e-01
323 6.893640e-01 1.788000e-03 3.088480e-01
324 6.891280e-01 1.688000e-03 3.091840e-01
325 6.888720e-01 1.704000e-03 3.094240e-01
326 6.886280e-01 1.672000e-03 3.097000e-01
327 6.883280e-01 1.708000e-03 3.099640e-01
328 6.880840e-01 1.676000e-03 3.102400e-01
329 6.878720e-01 1.636000e-03 3.104920e-01
330 6.876600e-01 1.516000e-03 3.108240e-01
331 6.874360e-01 1.404000e-03 3.111600e-01
332 6.872400e-01 1.388000e-03 3.113720e-01
333 6.870040e-01 1.380000e-03 3.116160e-01
334 6.867920e-01 1.328000e-03 3.118800e-01
335 6.865080e-01 1.424000e-03 3.120680e-01
336 6.863000e-01 1.388000e-03 3.123120e-01
337 6.861120e-01 1.340000e-03 3.125480e-01
338 6.858120e-01 1.400000e-03 3.127880e-01
339 6.856040e-01 1.360000e-03 3.130360e-01
340 6.854040e-01 1.376000e-03 3.132200e-01
341 6.851640e-01 1.392000e-03 3.134440e-01
342 6.849560e-01 1.360000e-03 3.136840e-01
343 6.847000e-01 1.404000e-03 3.138960e-01
344 6.844480e-01 1.464000e-03 3.140880e-01
345 6.842520e-01 1.380000e-03 3.143680e-01
346 6.840560e-01 1.356000e-03 3.145880e-01
347 6.838800e-01 1.320000e-03 3.148000e-01
348 6.836600e-01 1.288000e-03 3.150520e-01
349 6.834880e-01 1.180000e-03 3.153320e-01
350 6.833240e-01 1.156000e-03 3.155200e-01
351 6.831440e-01 1.104000e-03 3.157520e-01
352 6.829560e-01 1.108000e-03 3.159360e-01
353 6.828320e-01 1.008000e-03 3.161600e-01
354 6.826320e-01 1.024000e-03 3.163440e-01
355 6.824240e-01 1.060000e-03 3.165160e-01
356 6.822800e-01 1.032000e-03 3.166880e-01
357 6.820920e-01 1.008000e-03 3.169000e-01
358 6.819400e-01 9.960000e-04 3.170640e-01
359 6.817400e-01 9.800000e-04 3.172800e-01
360 6.815560e-01 1.008000e-03 3.174360e-01
361 6.813480e-01 1.056000e-03 3.175960e-01
362 6.811720e-01 1.044000e-03 3.177840e-01
363 6.810080e-01 1.024000e-03 3.179680e-01
364 6.808280e-01 1.016000e-03 3.181560e-01
365 6.806200e-01 1.036000e-03 3.183440e-01
366 6.804360e-01 1.004000e-03 3.185600e-01
367 6.802640e-01 1.020000e-03 3.187160e-01
368 6.800280e-01 1.036000e-03 3.189360e-01
369 6.798400e-01 9.920000e-04 3.191680e-01
370 6.796400e-01 1.020000e-03 3.193400e-01
371 6.794240e-01 1.032000e-03 3.195440e-01
372 6.792520e-01 9.480000e-04 3.198000e-01
373 6.790480e-01 1.000000e-03 3.199520e-01
374 6.789400e-01 9.640000e-04 3.200960e-01
375 6.787240e-01 9.960000e-04 3.202800e-01
376 6.784960e-01 1.044000e-03 3.204600e-01
377 6.783040e-01 1.028000e-03 3.206680e-01
378 6.781200e-01 1.084000e-03 3.207960e-01
379 6.779440e-01 1.040000e-03 3.210160e-01
380 6.778000e-01 9.880000e-04 3.212120e-01
381 6.776160e-01 1.032000e-03 3.213520e-01
382 6.774080e-01 1.048000e-03 3.215440e-01
383 6.772360e-01 1.008000e-03 3.217560e-01
384 6.769960e-01 1.084000e-03 3.219200e-01
385 6.768120e-01 1.116000e-03 3.220720e-01
386 6.766120e-01 1.108000e-03 3.222800e-01
387 6.764200e-01 1.056000e-03 3.225240e-01
388 6.762280e-01 1.084000e-03 3.226880e-01
389 6.760840e-01 1.052000e-03 3.228640e-01
390 6.759920e-01 9.600000e-04 3.230480e-01
391 6.758480e-01 9.320000e-04 3.232200e-01
392 6.757080e-01 8.760000e-04 3.234160e-01
393 6.755360e-01 8.880000e-04 3.235760e-01
394 6.754040e-01 7.920000e-04 3.238040e-01
395 6.752560e-01 7.920000e-04 3.239520e-01
396 6.751080e-01 7.960000e-04 3.240960e-01
397 6.750280e-01 7.480000e-04 3.242240e-01
398 6.748840e-01 7.200000e-04 3.243960e-01
399 6.747360e-01 7.240000e-04 3.245400e-01
400 6.746080e-01 7.960000e-04 3.245960e-01
401 6.744360e-01 8.480000e-04 3.247160e-01
402 6.742440e-01 9.440000e-04 3.248120e-01
403 6.740040e-01 1.040000e-03 3.249560e-01
404 6.738360e-01 1.040000e-03 3.251240e-01
405 6.736400e-01 1.068000e-03 3.252920e-01
406 6.734680e-01 1.052000e-03 3.254800e-01
407 6.733640e-01 9.800000e-04 3.256560e-01
408 6.732160e-01 9.800000e-04 3.258040e-01
409 6.730920e-01 8.880000e-04 3.260200e-01
410 6.729520e-01 8.680000e-04 3.261800e-01
411 6.728040e-01 8.720000e-04 3.263240e-01
412 6.726240e-01 9.160000e-04 3.264600e-01
413 6.724520e-01 8.840000e-04 3.266640e-01
414 6.722880e-01 9.320000e-04 3.267800e-01
415 6.720800e-01 9.760000e-04 3.269440e-01
416 6.718240e-01 1.068000e-03 3.271080e-01
417 6.716280e-01 1.060000e-03 3.273120e-01
418 6.713560e-01 1.160000e-03 3.274840e-01
419 6.711400e-01 1.192000e-03 3.276680e-01
420 6.709480e-01 1.212000e-03 3.278400e-01
421 6.706840e-01 1.268000e-03 3.280480e-01
422 6.704640e-01 1.308000e-03 3.282280e-01
423 6.702120e-01 1.296000e-03 3.284920e-01
424 6.699480e-01 1.336000e-03 3.287160e-01
425 6.697040e-01 1.384000e-03 3.289120e-01
426 6.694440e-01 1.368000e-03 3.291880e-01
427 6.691840e-01 1.420000e-03 3.293960e-01
428 6.689680e-01 1.432000e-03 3.296000e-01
429 6.687520e-01 1.416000e-03 3.298320e-01
430 6.685320e-01 1.436000e-03 3.300320e-01
431 6.683000e-01 1.344000e-03 3.303560e-01
432 6.680920e-01 1.308000e-03 3.306000e-01
433 6.678960e-01 1.300000e-03 3.308040e-01
434 6.677120e-01 1.256000e-03 3.310320e-01
435 6.675000e-01 1.272000e-03 3.312280e-01
436 6.672720e-01 1.328000e-03 3.314000e-01
437 6.669720e-01 1.404000e-03 3.316240e-01
438 6.667240e-01 1.396000e-03 3.318800e-01
439 6.665400e-01 1.312000e-03 3.321480e-01
440 6.663640e-01 1.248000e-03 3.323880e-01
441 6.661920e-01 1.204000e-03 3.326040e-01
442 6.660400e-01 1.116000e-03 3.328440e-01
443 6.658640e-01 1.020000e-03 3.331160e-01
444 6.657360e-01 9.560000e-04 3.333080e-01
445 6.656160e-01 9.520000e-04 3.334320e-01
446 6.654640e-01 9.360000e-04 3.336000e-01
447 6.653800e-01 8.480000e-04 3.337720e-01
448 6.652400e-01 7.960000e-04 3.339640e-01
449 6.651520e-01 7.520000e-04 3.340960e-01
450 6.650680e-01 7.040000e-04 3.342280e-01
451 6.649800e-01 6.640000e-04 3.343560e-01
452 6.649160e-01 6.440000e-04 3.344400e-01
453 6.648640e-01 5.720000e-04 3.345640e-01
454 6.647720e-01 5.280000e-04 3.347000e-01
455 6.647080e-01 4.800000e-04 3.348120e-01
456 6.646680e-01 4.480000e-04 3.348840e-01
457 6.645840e-01 4.600000e-04 3.349560e-01
458 6.645240e-01 4.440000e-04 3.350320e-01
459 6.644840e-01 4.000000e-04 3.351160e-01
460 6.644440e-01 3.440000e-04 3.352120e-01
461 6.643840e-01 3.520000e-04 3.352640e-01
462 6.643480e-01 3.000000e-04 3.353520e-01
463 6.643280e-01 2.560000e-04 3.354160e-01
464 6.643040e-01 2.360000e-04 3.354600e-01
465 6.642880e-01 2.040000e-04 3.355080e-01
466 6.642600e-01 1.960000e-04 3.355440e-01
467 6.642440e-01 1.720000e-04 3.355840e-01
468 6.642160e-01 1.760000e-04 3.356080e-01
469 6.642040e-01 1.560000e-04 3.356400e-01
470 6.641800e-01 1.520000e-04 3.356680e-01
471 6.641560e-01 1.440000e-04 3.357000e-01
472 6.641440e-01 1.320000e-04 3.357240e-01
473 6.641200e-01 1.480000e-04 3.357320e-01
474 6.640920e-01 1.600000e-04 3.357480e-01
475 6.640440e-01 1.840000e-04 3.357720e-01
476 6.640120e-01 1.800000e-04 3.358080e-01
477 6.639760e-01 1.880000e-04 3.358360e-01
478 6.639400e-01 1.960000e-04 3.358640e-01
479 6.639040e-01 2.000000e-04 3.358960e-01
480 6.638320e-01 2.320000e-04 3.359360e-01
481 6.638000e-01 2.240000e-04 3.359760e-01
482 6.637600e-01 2.240000e-04 3.360160e-01
483 6.637320e-01 2.080000e-04 3.360600e-01
484 6.636800e-01 2.280000e-04 3.360920e-01
485 6.636520e-01 2.080000e-04 3.361400e-01
486 6.636280e-01 2.080000e-04 3.361640e-01
487 6.635640e-01 2.160000e-04 3.362200e-01
488 6.635320e-01 2.200000e-04 3.362480e-01
489 6.635120e-01 2.040000e-04 3.362840e-01
490 6.634800e-01 2.120000e-04 3.363080e-01
491 6.634520e-01 2.040000e-04 3.363440e-01
492 6.634000e-01 2.200000e-04 3.363800e-01
493 6.633600e-01 2.080000e-04 3.364320e-01
494 6.633160e-01 2.160000e-04 3.364680e-01
495 6.632680e-01 2.280000e-04 3.365040e-01
496 6.632440e-01 2.160000e-04 3.365400e-01
497 6.632240e-01 1.800000e-04 3.365960e-01
498 6.631920e-01 1.840000e-04 3.366240e-01
499 6.631440e-01 2.080000e-04 3.366480e-01
500 6.631040e-01 1.960000e-04 3.367000e-01
