1 9.991920e-01 7.000000e-04 1.080000e-04
2 9.985880e-01 1.116000e-03 2.960000e-04
3 9.979280e-01 1.568000e-03 5.040000e-04
4 9.971600e-01 2.012000e-03 8.280000e-04
5 9.962880e-01 2.456000e-03 1.256000e-03
6 9.954080e-01 2.888000e-03 1.704000e-03
7 9.943680e-01 3.368000e-03 2.264000e-03
8 9.934160e-01 3.672000e-03 2.912000e-03
9 9.922200e-01 4.104000e-03 3.676000e-03
10 9.910360e-01 4.492000e-03 4.472000e-03
11 9.897640e-01 4.936000e-03 5.300000e-03
12 9.885120e-01 5.236000e-03 6.252000e-03
13 9.872640e-01 5.512000e-03 7.224000e-03
14 9.861000e-01 5.712000e-03 8.188000e-03
15 9.848160e-01 5.908000e-03 9.276000e-03
16 9.836320e-01 6.136000e-03 1.023200e-02
17 9.821160e-01 6.496000e-03 1.138800e-02
18 9.806160e-01 6.760000e-03 1.262400e-02
19 9.790960e-01 7.052000e-03 1.385200e-02
20 9.775160e-01 7.328000e-03 1.515600e-02
21 9.759800e-01 7.540000e-03 1.648000e-02
22 9.744880e-01 7.652000e-03 1.786000e-02
23 9.728760e-01 7.864000e-03 1.926000e-02
24 9.712680e-01 8.124000e-03 2.060800e-02
25 9.698120e-01 8.144000e-03 2.204400e-02
26 9.680360e-01 8.500000e-03 2.346400e-02
27 9.663640e-01 8.696000e-03 2.494000e-02
28 9.645720e-01 8.900000e-03 2.652800e-02
29 9.630040e-01 8.776000e-03 2.822000e-02
30 9.613720e-01 8.796000e-03 2.983200e-02
31 9.596960e-01 8.900000e-03 3.140400e-02
32 9.578440e-01 9.124000e-03 3.303200e-02
33 9.561840e-01 9.140000e-03 3.467600e-02
34 9.545040e-01 9.240000e-03 3.625600e-02
35 9.528040e-01 9.236000e-03 3.796000e-02
36 9.512840e-01 9.204000e-03 3.951200e-02
37 9.495800e-01 9.292000e-03 4.112800e-02
38 9.480400e-01 9.176000e-03 4.278400e-02
39 9.463280e-01 9.328000e-03 4.434400e-02
40 9.447280e-01 9.256000e-03 4.601600e-02
41 9.430040e-01 9.236000e-03 4.776000e-02
42 9.412720e-01 9.280000e-03 4.944800e-02
43 9.396120e-01 9.336000e-03 5.105200e-02
44 9.379240e-01 9.392000e-03 5.268400e-02
45 9.359040e-01 9.788000e-03 5.430800e-02
46 9.340800e-01 9.784000e-03 5.613600e-02
47 9.321240e-01 1.011200e-02 5.776400e-02
48 9.302440e-01 1.022400e-02 5.953200e-02
49 9.281720e-01 1.049200e-02 6.133600e-02
50 9.263440e-01 1.049200e-02 6.316400e-02
51 9.244480e-01 1.059600e-02 6.495600e-02
52 9.225720e-01 1.048400e-02 6.694400e-02
53 9.206080e-01 1.056800e-02 6.882400e-02
54 9.185440e-01 1.096000e-02 7.049600e-02
55 9.165520e-01 1.107200e-02 7.237600e-02
56 9.145240e-01 1.102400e-02 7.445200e-02
57 9.124800e-01 1.124400e-02 7.627600e-02
58 9.103680e-01 1.118800e-02 7.844400e-02
59 9.083200e-01 1.136400e-02 8.031600e-02
60 9.063640e-01 1.122800e-02 8.240800e-02
61 9.041360e-01 1.157200e-02 8.429200e-02
62 9.021120e-01 1.160000e-02 8.628800e-02
63 8.999000e-01 1.182400e-02 8.827600e-02
64 8.977520e-01 1.188800e-02 9.036000e-02
65 8.954760e-01 1.200800e-02 9.251600e-02
66 8.932920e-01 1.203600e-02 9.467200e-02
67 8.911320e-01 1.217600e-02 9.669200e-02
68 8.891680e-01 1.200800e-02 9.882400e-02
69 8.871680e-01 1.196400e-02 1.008680e-01
70 8.851360e-01 1.195200e-02 1.029120e-01
71 8.832000e-01 1.175200e-02 1.050480e-01
72 8.813080e-01 1.176400e-02 1.069280e-01
73 8.791120e-01 1.183200e-02 1.090560e-01
74 8.771200e-01 1.179600e-02 1.110840e-01
75 8.750960e-01 1.177600e-02 1.131280e-01
76 8.731200e-01 1.170000e-02 1.151800e-01
77 8.712680e-01 1.150800e-02 1.172240e-01
78 8.695520e-01 1.113200e-02 1.193160e-01
79 8.678400e-01 1.086800e-02 1.212920e-01
80 8.660720e-01 1.077200e-02 1.231560e-01
81 8.642480e-01 1.071200e-02 1.250400e-01
82 8.622000e-01 1.078800e-02 1.270120e-01
83 8.602680e-01 1.070800e-02 1.290240e-01
84 8.582320e-01 1.095200e-02 1.308160e-01
85 8.562720e-01 1.097600e-02 1.327520e-01
86 8.543040e-01 1.092400e-02 1.347720e-01
87 8.522680e-01 1.098000e-02 1.367520e-01
88 8.502360e-01 1.106800e-02 1.386960e-01
89 8.484080e-01 1.099200e-02 1.406000e-01
90 8.465720e-01 1.098800e-02 1.424400e-01
91 8.446360e-01 1.106400e-02 1.443000e-01
92 8.428440e-01 1.109200e-02 1.460640e-01
93 8.410920e-01 1.089600e-02 1.480120e-01
94 8.392160e-01 1.082400e-02 1.499600e-01
95 8.372960e-01 1.079600e-02 1.519080e-01
96 8.355160e-01 1.069600e-02 1.537880e-01
97 8.337440e-01 1.051200e-02 1.557440e-01
98 8.318960e-01 1.048800e-02 1.576160e-01
99 8.301280e-01 1.033200e-02 1.595400e-01
100 8.285160e-01 1.011600e-02 1.613680e-01
101 8.267440e-01 1.002000e-02 1.632360e-01
102 8.250000e-01 1.008400e-02 1.649160e-01
103 8.233080e-01 9.964000e-03 1.667280e-01
104 8.214680e-01 1.011200e-02 1.684200e-01
105 8.195200e-01 1.031600e-02 1.701640e-01
106 8.177040e-01 1.036800e-02 1.719280e-01
107 8.159840e-01 1.022800e-02 1.737880e-01
108 8.143400e-01 1.021200e-02 1.754480e-01
109 8.126160e-01 1.016800e-02 1.772160e-01
110 8.108720e-01 1.023600e-02 1.788920e-01
111 8.089400e-01 1.029200e-02 1.807680e-01
112 8.070040e-01 1.050800e-02 1.824880e-01
113 8.051400e-01 1.053200e-02 1.843280e-01
114 8.033920e-01 1.045200e-02 1.861560e-01
115 8.013720e-01 1.072000e-02 1.879080e-01
116 7.994400e-01 1.066400e-02 1.898960e-01
117 7.976360e-01 1.064400e-02 1.917200e-01
118 7.958720e-01 1.043200e-02 1.936960e-01
119 7.939520e-01 1.050800e-02 1.955400e-01
120 7.920720e-01 1.059200e-02 1.973360e-01
121 7.902520e-01 1.048400e-02 1.992640e-01
122 7.884640e-01 1.046400e-02 2.010720e-01
123 7.866080e-01 1.056800e-02 2.028240e-01
124 7.847680e-01 1.047200e-02 2.047600e-01
125 7.829760e-01 1.047200e-02 2.065520e-01
126 7.812400e-01 1.043600e-02 2.083240e-01
127 7.795360e-01 1.030000e-02 2.101640e-01
128 7.778360e-01 1.015600e-02 2.120080e-01
129 7.760160e-01 1.025200e-02 2.137320e-01
130 7.744640e-01 9.948000e-03 2.155880e-01
131 7.728160e-01 9.816000e-03 2.173680e-01
132 7.711120e-01 9.756000e-03 2.191320e-01
133 7.693760e-01 9.712000e-03 2.209120e-01
134 7.675840e-01 9.784000e-03 2.226320e-01
135 7.658240e-01 9.900000e-03 2.242760e-01
136 7.640200e-01 9.820000e-03 2.261600e-01
137 7.622560e-01 9.812000e-03 2.279320e-01
138 7.606160e-01 9.808000e-03 2.295760e-01
139 7.588560e-01 9.872000e-03 2.312720e-01
140 7.572080e-01 9.784000e-03 2.330080e-01
141 7.555200e-01 9.700000e-03 2.347800e-01
142 7.539920e-01 9.508000e-03 2.365000e-01
143 7.524160e-01 9.488000e-03 2.380960e-01
144 7.507800e-01 9.556000e-03 2.396640e-01
145 7.493640e-01 9.352000e-03 2.412840e-01
146 7.477640e-01 9.272000e-03 2.429640e-01
147 7.462000e-01 9.280000e-03 2.445200e-01
148 7.445560e-01 9.200000e-03 2.462440e-01
149 7.432160e-01 8.900000e-03 2.478840e-01
150 7.417320e-01 8.792000e-03 2.494760e-01
151 7.401000e-01 8.956000e-03 2.509440e-01
152 7.385000e-01 9.004000e-03 2.524960e-01
153 7.371240e-01 8.828000e-03 2.540480e-01
154 7.356840e-01 8.748000e-03 2.555680e-01
155 7.344000e-01 8.588000e-03 2.570120e-01
156 7.329640e-01 8.604000e-03 2.584320e-01
157 7.316840e-01 8.312000e-03 2.600040e-01
158 7.303960e-01 8.068000e-03 2.615360e-01
159 7.289720e-01 8.100000e-03 2.629280e-01
160 7.277480e-01 7.896000e-03 2.643560e-01
161 7.264400e-01 7.952000e-03 2.656080e-01
162 7.251160e-01 7.904000e-03 2.669800e-01
163 7.239040e-01 7.724000e-03 2.683720e-01
164 7.226640e-01 7.556000e-03 2.697800e-01
165 7.212280e-01 7.632000e-03 2.711400e-01
166 7.199840e-01 7.572000e-03 2.724440e-01
167 7.188080e-01 7.384000e-03 2.738080e-01
168 7.176720e-01 7.188000e-03 2.751400e-01
169 7.165240e-01 7.008000e-03 2.764680e-01
170 7.154320e-01 6.892000e-03 2.776760e-01
171 7.142400e-01 6.884000e-03 2.788760e-01
172 7.130440e-01 6.892000e-03 2.800640e-01
173 7.118840e-01 6.860000e-03 2.812560e-01
174 7.107360e-01 6.848000e-03 2.824160e-01
175 7.096240e-01 6.768000e-03 2.836080e-01
176 7.084240e-01 6.748000e-03 2.848280e-01
177 7.071960e-01 6.808000e-03 2.859960e-01
178 7.059200e-01 6.896000e-03 2.871840e-01
179 7.047000e-01 6.928000e-03 2.883720e-01
180 7.034560e-01 6.988000e-03 2.895560e-01
181 7.022440e-01 6.996000e-03 2.907600e-01
182 7.009080e-01 7.072000e-03 2.920200e-01
183 6.999000e-01 6.976000e-03 2.931240e-01
184 6.987800e-01 6.836000e-03 2.943840e-01
185 6.976320e-01 6.796000e-03 2.955720e-01
186 6.964840e-01 6.812000e-03 2.967040e-01
187 6.952920e-01 6.728000e-03 2.979800e-01
188 6.941320e-01 6.616000e-03 2.992520e-01
189 6.931560e-01 6.400000e-03 3.004440e-01
190 6.921040e-01 6.348000e-03 3.015480e-01
191 6.910880e-01 6.260000e-03 3.026520e-01
192 6.900000e-01 6.308000e-03 3.036920e-01
193 6.886880e-01 6.524000e-03 3.047880e-01
194 6.874400e-01 6.636000e-03 3.059240e-01
195 6.863040e-01 6.700000e-03 3.069960e-01
196 6.852320e-01 6.504000e-03 3.082640e-01
197 6.841440e-01 6.256000e-03 3.096000e-01
198 6.831400e-01 6.180000e-03 3.106800e-01
199 6.820880e-01 6.196000e-03 3.117160e-01
200 6.811080e-01 6.120000e-03 3.127720e-01
201 6.799680e-01 6.196000e-03 3.138360e-01
202 6.788840e-01 6.188000e-03 3.149280e-01
203 6.778000e-01 6.212000e-03 3.159880e-01
204 6.767760e-01 6.092000e-03 3.171320e-01
205 6.756160e-01 6.128000e-03 3.182560e-01
206 6.745720e-01 5.988000e-03 3.194400e-01
207 6.735520e-01 6.008000e-03 3.204400e-01
208 6.724880e-01 5.968000e-03 3.215440e-01
209 6.714880e-01 5.884000e-03 3.226280e-01
210 6.707000e-01 5.592000e-03 3.237080e-01
211 6.696520e-01 5.688000e-03 3.246600e-01
212 6.687760e-01 5.600000e-03 3.256240e-01
213 6.678040e-01 5.628000e-03 3.265680e-01
214 6.668000e-01 5.660000e-03 3.275400e-01
215 6.658640e-01 5.668000e-03 3.284680e-01
216 6.649720e-01 5.572000e-03 3.294560e-01
217 6.641000e-01 5.440000e-03 3.304600e-01
218 6.632480e-01 5.344000e-03 3.314080e-01
219 6.622800e-01 5.336000e-03 3.323840e-01
220 6.612160e-01 5.436000e-03 3.333480e-01
221 6.603840e-01 5.292000e-03 3.343240e-01
222 6.594040e-01 5.328000e-03 3.352680e-01
223 6.584600e-01 5.300000e-03 3.362400e-01
224 6.575640e-01 5.216000e-03 3.372200e-01
225 6.566520e-01 5.148000e-03 3.382000e-01
226 6.556960e-01 5.196000e-03 3.391080e-01
227 6.547840e-01 5.248000e-03 3.399680e-01
228 6.539520e-01 5.128000e-03 3.409200e-01
229 6.531600e-01 5.024000e-03 3.418160e-01
230 6.523560e-01 4.992000e-03 3.426520e-01
231 6.514640e-01 5.084000e-03 3.434520e-01
232 6.506120e-01 5.000000e-03 3.443880e-01
233 6.497880e-01 4.844000e-03 3.453680e-01
234 6.489800e-01 4.784000e-03 3.462360e-01
235 6.482280e-01 4.676000e-03 3.470960e-01
236 6.474440e-01 4.684000e-03 3.478720e-01
237 6.466080e-01 4.708000e-03 3.486840e-01
238 6.457720e-01 4.776000e-03 3.494520e-01
239 6.449800e-01 4.664000e-03 3.503560e-01
240 6.440960e-01 4.664000e-03 3.512400e-01
241 6.434080e-01 4.444000e-03 3.521480e-01
242 6.426640e-01 4.376000e-03 3.529600e-01
243 6.420040e-01 4.244000e-03 3.537520e-01
244 6.413120e-01 4.264000e-03 3.544240e-01
245 6.405600e-01 4.200000e-03 3.552400e-01
246 6.398920e-01 4.212000e-03 3.558960e-01
247 6.391680e-01 4.240000e-03 3.565920e-01
248 6.384760e-01 4.184000e-03 3.573400e-01
249 6.378280e-01 4.112000e-03 3.580600e-01
250 6.372200e-01 4.008000e-03 3.587720e-01
251 6.366680e-01 3.976000e-03 3.593560e-01
252 6.360480e-01 3.936000e-03 3.600160e-01
253 6.353360e-01 3.988000e-03 3.606760e-01
254 6.346400e-01 4.016000e-03 3.613440e-01
255 6.340000e-01 3.928000e-03 3.620720e-01
256 6.333160e-01 3.880000e-03 3.628040e-01
257 6.327880e-01 3.808000e-03 3.634040e-01
258 6.320160e-01 3.888000e-03 3.640960e-01
259 6.313560e-01 3.876000e-03 3.647680e-01
260 6.308120e-01 3.784000e-03 3.654040e-01
261 6.301280e-01 3.844000e-03 3.660280e-01
262 6.294680e-01 3.824000e-03 3.667080e-01
263 6.288720e-01 3.852000e-03 3.672760e-01
264 6.282320e-01 3.796000e-03 3.679720e-01
265 6.275240e-01 3.912000e-03 3.685640e-01
266 6.267280e-01 3.980000e-03 3.692920e-01
267 6.261120e-01 3.932000e-03 3.699560e-01
268 6.253880e-01 3.928000e-03 3.706840e-01
269 6.246920e-01 3.876000e-03 3.714320e-01
270 6.240080e-01 3.876000e-03 3.721160e-01
271 6.232880e-01 4.020000e-03 3.726920e-01
272 6.226200e-01 3.972000e-03 3.734080e-01
273 6.219320e-01 3.936000e-03 3.741320e-01
274 6.212720e-01 3.868000e-03 3.748600e-01
275 6.205840e-01 3.904000e-03 3.755120e-01
276 6.196240e-01 4.156000e-03 3.762200e-01
277 6.188680e-01 4.172000e-03 3.769600e-01
278 6.180680e-01 4.220000e-03 3.777120e-01
279 6.172760e-01 4.216000e-03 3.785080e-01
280 6.165760e-01 4.200000e-03 3.792240e-01
281 6.157840e-01 4.256000e-03 3.799600e-01
282 6.149640e-01 4.332000e-03 3.807040e-01
283 6.142800e-01 4.260000e-03 3.814600e-01
284 6.136960e-01 4.008000e-03 3.822960e-01
285 6.130240e-01 3.964000e-03 3.830120e-01
286 6.123640e-01 3.956000e-03 3.836800e-01
287 6.118080e-01 3.808000e-03 3.843840e-01
288 6.111520e-01 3.812000e-03 3.850360e-01
289 6.106120e-01 3.696000e-03 3.856920e-01
290 6.099080e-01 3.732000e-03 3.863600e-01
291 6.092040e-01 3.776000e-03 3.870200e-01
292 6.085840e-01 3.740000e-03 3.876760e-01
293 6.080600e-01 3.700000e-03 3.882400e-01
294 6.074960e-01 3.588000e-03 3.889160e-01
295 6.069440e-01 3.536000e-03 3.895200e-01
296 6.063600e-01 3.460000e-03 3.901800e-01
297 6.057840e-01 3.556000e-03 3.906600e-01
298 6.052360e-01 3.368000e-03 3.913960e-01
299 6.046520e-01 3.360000e-03 3.919880e-01
300 6.040400e-01 3.448000e-03 3.925120e-01
301 6.035240e-01 3.348000e-03 3.931280e-01
302 6.029840e-01 3.244000e-03 3.937720e-01
303 6.023960e-01 3.248000e-03 3.943560e-01
304 6.018720e-01 3.176000e-03 3.949520e-01
305 6.014800e-01 3.056000e-03 3.954640e-01
306 6.010280e-01 3.044000e-03 3.959280e-01
307 6.006280e-01 2.920000e-03 3.964520e-01
308 6.002240e-01 2.868000e-03 3.969080e-01
309 5.998400e-01 2.800000e-03 3.973600e-01
310 5.995200e-01 2.576000e-03 3.979040e-01
311 5.991520e-01 2.556000e-03 3.982920e-01
312 5.988640e-01 2.416000e-03 3.987200e-01
313 5.985160e-01 2.384000e-03 3.991000e-01
314 5.981720e-01 2.312000e-03 3.995160e-01
315 5.978440e-01 2.236000e-03 3.999200e-01
316 5.975480e-01 2.096000e-03 4.003560e-01
317 5.972480e-01 2.020000e-03 4.007320e-01
318 5.969920e-01 1.908000e-03 4.011000e-01
319 5.966680e-01 1.892000e-03 4.014400e-01
320 5.964080e-01 1.828000e-03 4.017640e-01
321 5.961400e-01 1.752000e-03 4.021080e-01
322 5.958600e-01 1.732000e-03 4.024080e-01
323 5.955320e-01 1.716000e-03 4.027520e-01
324 5.952120e-01 1.772000e-03 4.030160e-01
325 5.949440e-01 1.764000e-03 4.032920e-01
326 5.946680e-01 1.668000e-03 4.036640e-01
327 5.943560e-01 1.696000e-03 4.039480e-01
328 5.940360e-01 1.636000e-03 4.043280e-01
329 5.938120e-01 1.568000e-03 4.046200e-01
330 5.935120e-01 1.604000e-03 4.048840e-01
331 5.932040e-01 1.668000e-03 4.051280e-01
332 5.929080e-01 1.636000e-03 4.054560e-01
333 5.925600e-01 1.696000e-03 4.057440e-01
334 5.922680e-01 1.708000e-03 4.060240e-01
335 5.919920e-01 1.696000e-03 4.063120e-01
336 5.917920e-01 1.612000e-03 4.065960e-01
337 5.915440e-01 1.604000e-03 4.068520e-01
338 5.912840e-01 1.532000e-03 4.071840e-01
339 5.910640e-01 1.468000e-03 4.074680e-01
340 5.907840e-01 1.440000e-03 4.077760e-01
341 5.905360e-01 1.428000e-03 4.080360e-01
342 5.902600e-01 1.416000e-03 4.083240e-01
343 5.900000e-01 1.432000e-03 4.085680e-01
344 5.897840e-01 1.384000e-03 4.088320e-01
345 5.894960e-01 1.420000e-03 4.090840e-01
346 5.891800e-01 1.476000e-03 4.093440e-01
347 5.888960e-01 1.496000e-03 4.096080e-01
348 5.885640e-01 1.548000e-03 4.098880e-01
349 5.882240e-01 1.556000e-03 4.102200e-01
350 5.879400e-01 1.572000e-03 4.104880e-01
351 5.876960e-01 1.540000e-03 4.107640e-01
352 5.874200e-01 1.532000e-03 4.110480e-01
353 5.870880e-01 1.604000e-03 4.113080e-01
354 5.868080e-01 1.668000e-03 4.115240e-01
355 5.865680e-01 1.576000e-03 4.118560e-01
356 5.863360e-01 1.540000e-03 4.121240e-01
357 5.861840e-01 1.444000e-03 4.123720e-01
358 5.859880e-01 1.384000e-03 4.126280e-01
359 5.857440e-01 1.372000e-03 4.128840e-01
360 5.855160e-01 1.304000e-03 4.131800e-01
361 5.852600e-01 1.360000e-03 4.133800e-01
362 5.850440e-01 1.364000e-03 4.135920e-01
363 5.848040e-01 1.304000e-03 4.138920e-01
364 5.845160e-01 1.336000e-03 4.141480e-01
365 5.843200e-01 1.312000e-03 4.143680e-01
366 5.840960e-01 1.256000e-03 4.146480e-01
367 5.839040e-01 1.220000e-03 4.148760e-01
368 5.836880e-01 1.220000e-03 4.150920e-01
369 5.834520e-01 1.264000e-03 4.152840e-01
370 5.832560e-01 1.228000e-03 4.155160e-01
371 5.830160e-01 1.264000e-03 4.157200e-01
372 5.827880e-01 1.304000e-03 4.159080e-01
373 5.825640e-01 1.280000e-03 4.161560e-01
374 5.823400e-01 1.280000e-03 4.163800e-01
375 5.821280e-01 1.232000e-03 4.166400e-01
376 5.818600e-01 1.288000e-03 4.168520e-01
377 5.816320e-01 1.256000e-03 4.171120e-01
378 5.813840e-01 1.284000e-03 4.173320e-01
379 5.810880e-01 1.372000e-03 4.175400e-01
380 5.808600e-01 1.356000e-03 4.177840e-01
381 5.806240e-01 1.376000e-03 4.180000e-01
382 5.803880e-01 1.396000e-03 4.182160e-01
383 5.801640e-01 1.364000e-03 4.184720e-01
384 5.799160e-01 1.344000e-03 4.187400e-01
385 5.796280e-01 1.464000e-03 4.189080e-01
386 5.793400e-01 1.488000e-03 4.191720e-01
387 5.790640e-01 1.464000e-03 4.194720e-01
388 5.788480e-01 1.408000e-03 4.197440e-01
389 5.785880e-01 1.452000e-03 4.199600e-01
390 5.783560e-01 1.428000e-03 4.202160e-01
391 5.781040e-01 1.416000e-03 4.204800e-01
392 5.778640e-01 1.416000e-03 4.207200e-01
393 5.776520e-01 1.388000e-03 4.209600e-01
394 5.773880e-01 1.364000e-03 4.212480e-01
395 5.771720e-01 1.376000e-03 4.214520e-01
396 5.769760e-01 1.292000e-03 4.217320e-01
397 5.767960e-01 1.236000e-03 4.219680e-01
398 5.764760e-01 1.364000e-03 4.221600e-01
399 5.762360e-01 1.424000e-03 4.223400e-01
400 5.760480e-01 1.364000e-03 4.225880e-01
401 5.758160e-01 1.340000e-03 4.228440e-01
402 5.756200e-01 1.336000e-03 4.230440e-01
403 5.753480e-01 1.316000e-03 4.233360e-01
404 5.751120e-01 1.288000e-03 4.236000e-01
405 5.748800e-01 1.272000e-03 4.238480e-01
406 5.746720e-01 1.260000e-03 4.240680e-01
407 5.743680e-01 1.388000e-03 4.242440e-01
408 5.741240e-01 1.388000e-03 4.244880e-01
409 5.738720e-01 1.352000e-03 4.247760e-01
410 5.736520e-01 1.320000e-03 4.250280e-01
411 5.733080e-01 1.424000e-03 4.252680e-01
412 5.730480e-01 1.400000e-03 4.255520e-01
413 5.727640e-01 1.396000e-03 4.258400e-01
414 5.725480e-01 1.328000e-03 4.261240e-01
415 5.722800e-01 1.368000e-03 4.263520e-01
416 5.720440e-01 1.364000e-03 4.265920e-01
417 5.717880e-01 1.404000e-03 4.268080e-01
418 5.715960e-01 1.408000e-03 4.269960e-01
419 5.713840e-01 1.388000e-03 4.272280e-01
420 5.711240e-01 1.396000e-03 4.274800e-01
421 5.708160e-01 1.436000e-03 4.277480e-01
422 5.705960e-01 1.416000e-03 4.279880e-01
423 5.703280e-01 1.448000e-03 4.282240e-01
424 5.701000e-01 1.508000e-03 4.283920e-01
425 5.698280e-01 1.512000e-03 4.286600e-01
426 5.695840e-01 1.516000e-03 4.289000e-01
427 5.693520e-01 1.416000e-03 4.292320e-01
428 5.691120e-01 1.424000e-03 4.294640e-01
429 5.687920e-01 1.476000e-03 4.297320e-01
430 5.685400e-01 1.556000e-03 4.299040e-01
431 5.683160e-01 1.484000e-03 4.302000e-01
432 5.681120e-01 1.408000e-03 4.304800e-01
433 5.679280e-01 1.368000e-03 4.307040e-01
434 5.676880e-01 1.356000e-03 4.309560e-01
435 5.674440e-01 1.360000e-03 4.311960e-01
436 5.672280e-01 1.332000e-03 4.314400e-01
437 5.670320e-01 1.356000e-03 4.316120e-01
438 5.667920e-01 1.352000e-03 4.318560e-01
439 5.665560e-01 1.364000e-03 4.320800e-01
440 5.663120e-01 1.344000e-03 4.323440e-01
441 5.660960e-01 1.320000e-03 4.325840e-01
442 5.658600e-01 1.348000e-03 4.327920e-01
443 5.656120e-01 1.368000e-03 4.330200e-01
444 5.653120e-01 1.436000e-03 4.332520e-01
445 5.650440e-01 1.440000e-03 4.335160e-01
446 5.647360e-01 1.496000e-03 4.337680e-01
447 5.645320e-01 1.456000e-03 4.340120e-01
448 5.642840e-01 1.444000e-03 4.342720e-01
449 5.640760e-01 1.388000e-03 4.345360e-01
450 5.638280e-01 1.408000e-03 4.347640e-01
451 5.636480e-01 1.380000e-03 4.349720e-01
452 5.634080e-01 1.384000e-03 4.352080e-01
453 5.631600e-01 1.392000e-03 4.354480e-01
454 5.629640e-01 1.344000e-03 4.356920e-01
455 5.626720e-01 1.396000e-03 4.359320e-01
456 5.623760e-01 1.480000e-03 4.361440e-01
457 5.620880e-01 1.556000e-03 4.363560e-01
458 5.618200e-01 1.568000e-03 4.366120e-01
459 5.616120e-01 1.528000e-03 4.368600e-01
460 5.613760e-01 1.476000e-03 4.371480e-01
461 5.611160e-01 1.488000e-03 4.373960e-01
462 5.608640e-01 1.508000e-03 4.376280e-01
463 5.606560e-01 1.416000e-03 4.379280e-01
464 5.603920e-01 1.448000e-03 4.381600e-01
465 5.601640e-01 1.400000e-03 4.384360e-01
466 5.599440e-01 1.412000e-03 4.386440e-01
467 5.596680e-01 1.428000e-03 4.389040e-01
468 5.594080e-01 1.440000e-03 4.391520e-01
469 5.591720e-01 1.432000e-03 4.393960e-01
470 5.589600e-01 1.384000e-03 4.396560e-01
471 5.587400e-01 1.384000e-03 4.398760e-01
472 5.585040e-01 1.372000e-03 4.401240e-01
473 5.582760e-01 1.364000e-03 4.403600e-01
474 5.579800e-01 1.432000e-03 4.405880e-01
475 5.577320e-01 1.432000e-03 4.408360e-01
476 5.575240e-01 1.376000e-03 4.411000e-01
477 5.572440e-01 1.404000e-03 4.413520e-01
478 5.569800e-01 1.384000e-03 4.416360e-01
479 5.567760e-01 1.324000e-03 4.419000e-01
480 5.565720e-01 1.300000e-03 4.421280e-01
481 5.563800e-01 1.264000e-03 4.423560e-01
482 5.561520e-01 1.296000e-03 4.425520e-01
483 5.559080e-01 1.316000e-03 4.427760e-01
484 5.557640e-01 1.264000e-03 4.429720e-01
485 5.555920e-01 1.180000e-03 4.432280e-01
486 5.554240e-01 1.132000e-03 4.434440e-01
487 5.552960e-01 1.052000e-03 4.436520e-01
488 5.551720e-01 9.600000e-04 4.438680e-01
489 5.550800e-01 9.280000e-04 4.439920e-01
490 5.549080e-01 9.440000e-04 4.441480e-01
491 5.548000e-01 8.680000e-04 4.443320e-01
492 5.546520e-01 8.560000e-04 4.444920e-01
493 5.545200e-01 8.320000e-04 4.446480e-01
494 5.544560e-01 7.440000e-04 4.448000e-01
495 5.543560e-01 7.280000e-04 4.449160e-01
496 5.542600e-01 7.160000e-04 4.450240e-01
497 5.541880e-01 6.960000e-04 4.451160e-01
498 5.541120e-01 6.760000e-04 4.452120e-01
499 5.540360e-01 6.280000e-04 4.453360e-01
500 5.539520e-01 6.080000e-04 4.454400e-01
