1 9.992240e-01 6.760000e-04 1.000000e-04
2 9.988360e-01 9.240000e-04 2.400000e-04
3 9.982520e-01 1.348000e-03 4.000000e-04
4 9.976040e-01 1.716000e-03 6.800000e-04
5 9.969080e-01 2.108000e-03 9.840000e-04
6 9.961880e-01 2.420000e-03 1.392000e-03
7 9.953200e-01 2.764000e-03 1.916000e-03
8 9.944080e-01 3.152000e-03 2.440000e-03
9 9.934360e-01 3.476000e-03 3.088000e-03
10 9.924240e-01 3.820000e-03 3.756000e-03
11 9.915040e-01 4.132000e-03 4.364000e-03
12 9.904560e-01 4.456000e-03 5.088000e-03
13 9.894640e-01 4.680000e-03 5.856000e-03
14 9.883480e-01 4.952000e-03 6.700000e-03
15 9.872920e-01 5.124000e-03 7.584000e-03
16 9.862680e-01 5.192000e-03 8.540000e-03
17 9.851960e-01 5.292000e-03 9.512000e-03
18 9.841280e-01 5.380000e-03 1.049200e-02
19 9.831160e-01 5.400000e-03 1.148400e-02
20 9.820600e-01 5.496000e-03 1.244400e-02
21 9.809480e-01 5.720000e-03 1.333200e-02
22 9.798920e-01 5.696000e-03 1.441200e-02
23 9.788040e-01 5.836000e-03 1.536000e-02
24 9.776080e-01 5.988000e-03 1.640400e-02
25 9.765320e-01 6.052000e-03 1.741600e-02
26 9.752600e-01 6.312000e-03 1.842800e-02
27 9.741000e-01 6.452000e-03 1.944800e-02
28 9.728840e-01 6.528000e-03 2.058800e-02
29 9.717200e-01 6.536000e-03 2.174400e-02
30 9.705960e-01 6.484000e-03 2.292000e-02
31 9.694200e-01 6.592000e-03 2.398800e-02
32 9.682760e-01 6.544000e-03 2.518000e-02
33 9.670320e-01 6.564000e-03 2.640400e-02
34 9.657440e-01 6.620000e-03 2.763600e-02
35 9.645040e-01 6.636000e-03 2.886000e-02
36 9.634280e-01 6.480000e-03 3.009200e-02
37 9.621720e-01 6.612000e-03 3.121600e-02
38 9.609680e-01 6.668000e-03 3.236400e-02
39 9.597480e-01 6.820000e-03 3.343200e-02
40 9.585040e-01 6.960000e-03 3.453600e-02
41 9.571600e-01 7.128000e-03 3.571200e-02
42 9.558400e-01 7.312000e-03 3.684800e-02
43 9.544800e-01 7.392000e-03 3.812800e-02
44 9.531200e-01 7.372000e-03 3.950800e-02
45 9.518640e-01 7.436000e-03 4.070000e-02
46 9.506000e-01 7.372000e-03 4.202800e-02
47 9.493800e-01 7.300000e-03 4.332000e-02
48 9.480880e-01 7.320000e-03 4.459200e-02
49 9.468880e-01 7.288000e-03 4.582400e-02
50 9.456200e-01 7.232000e-03 4.714800e-02
51 9.441680e-01 7.384000e-03 4.844800e-02
52 9.429160e-01 7.352000e-03 4.973200e-02
53 9.415000e-01 7.460000e-03 5.104000e-02
54 9.401000e-01 7.592000e-03 5.230800e-02
55 9.387040e-01 7.608000e-03 5.368800e-02
56 9.375240e-01 7.460000e-03 5.501600e-02
57 9.363520e-01 7.332000e-03 5.631600e-02
58 9.350800e-01 7.276000e-03 5.764400e-02
59 9.338960e-01 7.072000e-03 5.903200e-02
60 9.327320e-01 6.976000e-03 6.029200e-02
61 9.314640e-01 7.064000e-03 6.147200e-02
62 9.301000e-01 7.048000e-03 6.285200e-02
63 9.287360e-01 7.048000e-03 6.421600e-02
64 9.273560e-01 7.108000e-03 6.553600e-02
65 9.260120e-01 7.316000e-03 6.667200e-02
66 9.246600e-01 7.468000e-03 6.787200e-02
67 9.232000e-01 7.664000e-03 6.913600e-02
68 9.217040e-01 7.832000e-03 7.046400e-02
69 9.202480e-01 7.832000e-03 7.192000e-02
70 9.189360e-01 7.812000e-03 7.325200e-02
71 9.174040e-01 7.928000e-03 7.466800e-02
72 9.160840e-01 8.008000e-03 7.590800e-02
73 9.147120e-01 7.956000e-03 7.733200e-02
74 9.134160e-01 7.820000e-03 7.876400e-02
75 9.121440e-01 7.740000e-03 8.011600e-02
76 9.107240e-01 7.700000e-03 8.157600e-02
77 9.092120e-01 7.828000e-03 8.296000e-02
78 9.077880e-01 7.760000e-03 8.445200e-02
79 9.064440e-01 7.824000e-03 8.573200e-02
80 9.049800e-01 7.920000e-03 8.710000e-02
81 9.036320e-01 7.928000e-03 8.844000e-02
82 9.021880e-01 8.048000e-03 8.976400e-02
83 9.006720e-01 8.080000e-03 9.124800e-02
84 8.992240e-01 8.072000e-03 9.270400e-02
85 8.977480e-01 8.128000e-03 9.412400e-02
86 8.964880e-01 7.920000e-03 9.559200e-02
87 8.952160e-01 7.700000e-03 9.708400e-02
88 8.937640e-01 7.772000e-03 9.846400e-02
89 8.926240e-01 7.624000e-03 9.975200e-02
90 8.912920e-01 7.596000e-03 1.011120e-01
91 8.897480e-01 7.800000e-03 1.024520e-01
92 8.883000e-01 7.872000e-03 1.038280e-01
93 8.868480e-01 8.092000e-03 1.050600e-01
94 8.852880e-01 8.248000e-03 1.064640e-01
95 8.840040e-01 8.020000e-03 1.079760e-01
96 8.826200e-01 8.100000e-03 1.092800e-01
97 8.811880e-01 8.128000e-03 1.106840e-01
98 8.797600e-01 8.176000e-03 1.120640e-01
99 8.785160e-01 7.956000e-03 1.135280e-01
100 8.771480e-01 7.868000e-03 1.149840e-01
101 8.759640e-01 7.628000e-03 1.164080e-01
102 8.745560e-01 7.760000e-03 1.176840e-01
103 8.730920e-01 7.820000e-03 1.190880e-01
104 8.717840e-01 7.704000e-03 1.205120e-01
105 8.704440e-01 7.680000e-03 1.218760e-01
106 8.689520e-01 7.792000e-03 1.232560e-01
107 8.675960e-01 7.756000e-03 1.246480e-01
108 8.662320e-01 7.720000e-03 1.260480e-01
109 8.649000e-01 7.664000e-03 1.274360e-01
110 8.636120e-01 7.536000e-03 1.288520e-01
111 8.623240e-01 7.584000e-03 1.300920e-01
112 8.610160e-01 7.596000e-03 1.313880e-01
113 8.598240e-01 7.488000e-03 1.326880e-01
114 8.584800e-01 7.536000e-03 1.339840e-01
115 8.570640e-01 7.532000e-03 1.354040e-01
116 8.558440e-01 7.352000e-03 1.368040e-01
117 8.545320e-01 7.380000e-03 1.380880e-01
118 8.533080e-01 7.424000e-03 1.392680e-01
119 8.520920e-01 7.276000e-03 1.406320e-01
120 8.507600e-01 7.260000e-03 1.419800e-01
121 8.494920e-01 7.252000e-03 1.432560e-01
122 8.482640e-01 7.156000e-03 1.445800e-01
123 8.471160e-01 7.032000e-03 1.458520e-01
124 8.459280e-01 7.052000e-03 1.470200e-01
125 8.448400e-01 6.960000e-03 1.482000e-01
126 8.436640e-01 7.004000e-03 1.493320e-01
127 8.424120e-01 7.064000e-03 1.505240e-01
128 8.412240e-01 6.988000e-03 1.517880e-01
129 8.400040e-01 7.028000e-03 1.529680e-01
130 8.386600e-01 7.216000e-03 1.541240e-01
131 8.375080e-01 7.056000e-03 1.554360e-01
132 8.363600e-01 7.016000e-03 1.566240e-01
133 8.351200e-01 7.052000e-03 1.578280e-01
134 8.340280e-01 6.968000e-03 1.590040e-01
135 8.327960e-01 6.952000e-03 1.602520e-01
136 8.315040e-01 7.012000e-03 1.614840e-01
137 8.302640e-01 7.052000e-03 1.626840e-01
138 8.291520e-01 6.916000e-03 1.639320e-01
139 8.279480e-01 6.964000e-03 1.650880e-01
140 8.268720e-01 6.856000e-03 1.662720e-01
141 8.257720e-01 6.808000e-03 1.674200e-01
142 8.248840e-01 6.504000e-03 1.686120e-01
143 8.237080e-01 6.612000e-03 1.696800e-01
144 8.226880e-01 6.424000e-03 1.708880e-01
145 8.217680e-01 6.256000e-03 1.719760e-01
146 8.208440e-01 6.100000e-03 1.730560e-01
147 8.198160e-01 6.176000e-03 1.740080e-01
148 8.187720e-01 6.288000e-03 1.749400e-01
149 8.178800e-01 6.132000e-03 1.759880e-01
150 8.167880e-01 6.120000e-03 1.770920e-01
151 8.158800e-01 5.888000e-03 1.782320e-01
152 8.149240e-01 5.764000e-03 1.793120e-01
153 8.140760e-01 5.500000e-03 1.804240e-01
154 8.130920e-01 5.580000e-03 1.813280e-01
155 8.120760e-01 5.660000e-03 1.822640e-01
156 8.111880e-01 5.536000e-03 1.832760e-01
157 8.102360e-01 5.368000e-03 1.843960e-01
158 8.093560e-01 5.296000e-03 1.853480e-01
159 8.083720e-01 5.352000e-03 1.862760e-01
160 8.074000e-01 5.404000e-03 1.871960e-01
161 8.064240e-01 5.420000e-03 1.881560e-01
162 8.055160e-01 5.392000e-03 1.890920e-01
163 8.047080e-01 5.300000e-03 1.899920e-01
164 8.038560e-01 5.288000e-03 1.908560e-01
165 8.031040e-01 5.192000e-03 1.917040e-01
166 8.020920e-01 5.244000e-03 1.926640e-01
167 8.008840e-01 5.516000e-03 1.936000e-01
168 7.997480e-01 5.628000e-03 1.946240e-01
169 7.986840e-01 5.676000e-03 1.956400e-01
170 7.975360e-01 5.708000e-03 1.967560e-01
171 7.965000e-01 5.700000e-03 1.978000e-01
172 7.955160e-01 5.640000e-03 1.988440e-01
173 7.945600e-01 5.580000e-03 1.998600e-01
174 7.935920e-01 5.548000e-03 2.008600e-01
175 7.925920e-01 5.652000e-03 2.017560e-01
176 7.916680e-01 5.640000e-03 2.026920e-01
177 7.907840e-01 5.572000e-03 2.036440e-01
178 7.899200e-01 5.420000e-03 2.046600e-01
179 7.890920e-01 5.296000e-03 2.056120e-01
180 7.883520e-01 5.124000e-03 2.065240e-01
181 7.875360e-01 5.060000e-03 2.074040e-01
182 7.868080e-01 4.908000e-03 2.082840e-01
183 7.858400e-01 4.988000e-03 2.091720e-01
184 7.850880e-01 4.888000e-03 2.100240e-01
185 7.842200e-01 4.916000e-03 2.108640e-01
186 7.834360e-01 4.832000e-03 2.117320e-01
187 7.825600e-01 4.804000e-03 2.126360e-01
188 7.817600e-01 4.672000e-03 2.135680e-01
189 7.809280e-01 4.792000e-03 2.142800e-01
190 7.800160e-01 4.852000e-03 2.151320e-01
191 7.792160e-01 4.976000e-03 2.158080e-01
192 7.784840e-01 4.840000e-03 2.166760e-01
193 7.776280e-01 4.912000e-03 2.174600e-01
194 7.768320e-01 4.860000e-03 2.183080e-01
195 7.759240e-01 4.864000e-03 2.192120e-01
196 7.752120e-01 4.732000e-03 2.200560e-01
197 7.744200e-01 4.660000e-03 2.209200e-01
198 7.736280e-01 4.584000e-03 2.217880e-01
199 7.728000e-01 4.552000e-03 2.226480e-01
200 7.720320e-01 4.600000e-03 2.233680e-01
201 7.712360e-01 4.636000e-03 2.241280e-01
202 7.704480e-01 4.516000e-03 2.250360e-01
203 7.697960e-01 4.396000e-03 2.258080e-01
204 7.690520e-01 4.356000e-03 2.265920e-01
205 7.684720e-01 4.144000e-03 2.273840e-01
206 7.678480e-01 4.048000e-03 2.281040e-01
207 7.670960e-01 4.160000e-03 2.287440e-01
208 7.663960e-01 4.208000e-03 2.293960e-01
209 7.656320e-01 4.176000e-03 2.301920e-01
210 7.649400e-01 4.204000e-03 2.308560e-01
211 7.642040e-01 4.160000e-03 2.316360e-01
212 7.636200e-01 4.164000e-03 2.322160e-01
213 7.629520e-01 4.164000e-03 2.328840e-01
214 7.623120e-01 3.980000e-03 2.337080e-01
215 7.617440e-01 3.908000e-03 2.343480e-01
216 7.610560e-01 3.872000e-03 2.350720e-01
217 7.604040e-01 3.876000e-03 2.357200e-01
218 7.597560e-01 3.864000e-03 2.363800e-01
219 7.591240e-01 3.880000e-03 2.369960e-01
220 7.585400e-01 3.772000e-03 2.376880e-01
221 7.579120e-01 3.708000e-03 2.383800e-01
222 7.572800e-01 3.748000e-03 2.389720e-01
223 7.566600e-01 3.740000e-03 2.396000e-01
224 7.560120e-01 3.672000e-03 2.403160e-01
225 7.554160e-01 3.700000e-03 2.408840e-01
226 7.547800e-01 3.624000e-03 2.415960e-01
227 7.541120e-01 3.676000e-03 2.422120e-01
228 7.534720e-01 3.652000e-03 2.428760e-01
229 7.529320e-01 3.584000e-03 2.434840e-01
230 7.523000e-01 3.588000e-03 2.441120e-01
231 7.516320e-01 3.628000e-03 2.447400e-01
232 7.510960e-01 3.564000e-03 2.453400e-01
233 7.504880e-01 3.608000e-03 2.459040e-01
234 7.498200e-01 3.676000e-03 2.465040e-01
235 7.492640e-01 3.640000e-03 2.470960e-01
236 7.486800e-01 3.508000e-03 2.478120e-01
237 7.481440e-01 3.524000e-03 2.483320e-01
238 7.475920e-01 3.424000e-03 2.489840e-01
239 7.470240e-01 3.340000e-03 2.496360e-01
240 7.464960e-01 3.248000e-03 2.502560e-01
241 7.460960e-01 3.012000e-03 2.508920e-01
242 7.456040e-01 2.976000e-03 2.514200e-01
243 7.451760e-01 2.900000e-03 2.519240e-01
244 7.446640e-01 2.872000e-03 2.524640e-01
245 7.442960e-01 2.684000e-03 2.530200e-01
246 7.438720e-01 2.552000e-03 2.535760e-01
247 7.434880e-01 2.500000e-03 2.540120e-01
248 7.430240e-01 2.524000e-03 2.544520e-01
249 7.425920e-01 2.520000e-03 2.548880e-01
250 7.421760e-01 2.528000e-03 2.552960e-01
251 7.417760e-01 2.452000e-03 2.557720e-01
252 7.413000e-01 2.444000e-03 2.562560e-01
253 7.408760e-01 2.460000e-03 2.566640e-01
254 7.404200e-01 2.512000e-03 2.570680e-01
255 7.399840e-01 2.580000e-03 2.574360e-01
256 7.394360e-01 2.672000e-03 2.578920e-01
257 7.389400e-01 2.708000e-03 2.583520e-01
258 7.385280e-01 2.640000e-03 2.588320e-01
259 7.380840e-01 2.636000e-03 2.592800e-01
260 7.376600e-01 2.576000e-03 2.597640e-01
261 7.371960e-01 2.620000e-03 2.601840e-01
262 7.368320e-01 2.464000e-03 2.607040e-01
263 7.364320e-01 2.504000e-03 2.610640e-01
264 7.360280e-01 2.448000e-03 2.615240e-01
265 7.356120e-01 2.432000e-03 2.619560e-01
266 7.351680e-01 2.392000e-03 2.624400e-01
267 7.347720e-01 2.328000e-03 2.629000e-01
268 7.343880e-01 2.300000e-03 2.633120e-01
269 7.339760e-01 2.312000e-03 2.637120e-01
270 7.336400e-01 2.200000e-03 2.641600e-01
271 7.332000e-01 2.292000e-03 2.645080e-01
272 7.328080e-01 2.316000e-03 2.648760e-01
273 7.324440e-01 2.304000e-03 2.652520e-01
274 7.321360e-01 2.188000e-03 2.656760e-01
275 7.318240e-01 2.132000e-03 2.660440e-01
276 7.314880e-01 2.140000e-03 2.663720e-01
277 7.311840e-01 2.036000e-03 2.667800e-01
278 7.308360e-01 2.016000e-03 2.671480e-01
279 7.304560e-01 2.076000e-03 2.674680e-01
280 7.302000e-01 2.020000e-03 2.677800e-01
281 7.298760e-01 2.020000e-03 2.681040e-01
282 7.295800e-01 1.936000e-03 2.684840e-01
283 7.292800e-01 1.932000e-03 2.687880e-01
284 7.290440e-01 1.772000e-03 2.691840e-01
285 7.287320e-01 1.752000e-03 2.695160e-01
286 7.284120e-01 1.768000e-03 2.698200e-01
287 7.281960e-01 1.744000e-03 2.700600e-01
288 7.279200e-01 1.752000e-03 2.703280e-01
289 7.276240e-01 1.732000e-03 2.706440e-01
290 7.273640e-01 1.688000e-03 2.709480e-01
291 7.270440e-01 1.696000e-03 2.712600e-01
292 7.267200e-01 1.756000e-03 2.715240e-01
293 7.263240e-01 1.828000e-03 2.718480e-01
294 7.259200e-01 1.892000e-03 2.721880e-01
295 7.255640e-01 1.876000e-03 2.725600e-01
296 7.252360e-01 1.824000e-03 2.729400e-01
297 7.248360e-01 1.916000e-03 2.732480e-01
298 7.244560e-01 1.920000e-03 2.736240e-01
299 7.241720e-01 1.880000e-03 2.739480e-01
300 7.239320e-01 1.844000e-03 2.742240e-01
301 7.235840e-01 1.872000e-03 2.745440e-01
302 7.231880e-01 1.888000e-03 2.749240e-01
303 7.228640e-01 1.892000e-03 2.752440e-01
304 7.225280e-01 1.856000e-03 2.756160e-01
305 7.221520e-01 1.892000e-03 2.759560e-01
306 7.217960e-01 1.896000e-03 2.763080e-01
307 7.215280e-01 1.796000e-03 2.766760e-01
308 7.211760e-01 1.836000e-03 2.769880e-01
309 7.208240e-01 1.800000e-03 2.773760e-01
310 7.205320e-01 1.776000e-03 2.776920e-01
311 7.202200e-01 1.816000e-03 2.779640e-01
312 7.199320e-01 1.784000e-03 2.782840e-01
313 7.196320e-01 1.776000e-03 2.785920e-01
314 7.193080e-01 1.744000e-03 2.789480e-01
315 7.190000e-01 1.692000e-03 2.793080e-01
316 7.187640e-01 1.640000e-03 2.795960e-01
317 7.185240e-01 1.608000e-03 2.798680e-01
318 7.182680e-01 1.572000e-03 2.801600e-01
319 7.180120e-01 1.532000e-03 2.804560e-01
320 7.178200e-01 1.460000e-03 2.807200e-01
321 7.175880e-01 1.456000e-03 2.809560e-01
322 7.173520e-01 1.460000e-03 2.811880e-01
323 7.171800e-01 1.356000e-03 2.814640e-01
324 7.170040e-01 1.296000e-03 2.817000e-01
325 7.168040e-01 1.292000e-03 2.819040e-01
326 7.165920e-01 1.296000e-03 2.821120e-01
327 7.164080e-01 1.240000e-03 2.823520e-01
328 7.162720e-01 1.200000e-03 2.825280e-01
329 7.160840e-01 1.208000e-03 2.827080e-01
330 7.159400e-01 1.172000e-03 2.828880e-01
331 7.157200e-01 1.200000e-03 2.830800e-01
332 7.155800e-01 1.148000e-03 2.832720e-01
333 7.153560e-01 1.140000e-03 2.835040e-01
334 7.152080e-01 1.108000e-03 2.836840e-01
335 7.150280e-01 1.084000e-03 2.838880e-01
336 7.148640e-01 1.064000e-03 2.840720e-01
337 7.147320e-01 9.960000e-04 2.842720e-01
338 7.145520e-01 1.044000e-03 2.844040e-01
339 7.143560e-01 1.008000e-03 2.846360e-01
340 7.142200e-01 9.400000e-04 2.848400e-01
341 7.140440e-01 9.640000e-04 2.849920e-01
342 7.138760e-01 9.320000e-04 2.851920e-01
343 7.137680e-01 8.840000e-04 2.853480e-01
344 7.135680e-01 9.360000e-04 2.854960e-01
345 7.134040e-01 9.360000e-04 2.856600e-01
346 7.132720e-01 8.840000e-04 2.858440e-01
347 7.131200e-01 8.880000e-04 2.859920e-01
348 7.129760e-01 8.880000e-04 2.861360e-01
349 7.128320e-01 9.040000e-04 2.862640e-01
350 7.126800e-01 9.160000e-04 2.864040e-01
351 7.124760e-01 9.240000e-04 2.866000e-01
352 7.122720e-01 9.760000e-04 2.867520e-01
353 7.121440e-01 9.200000e-04 2.869360e-01
354 7.120200e-01 8.640000e-04 2.871160e-01
355 7.119000e-01 8.360000e-04 2.872640e-01
356 7.117240e-01 8.680000e-04 2.874080e-01
357 7.115640e-01 8.880000e-04 2.875480e-01
358 7.114200e-01 9.200000e-04 2.876600e-01
359 7.112800e-01 8.960000e-04 2.878240e-01
360 7.111440e-01 8.760000e-04 2.879800e-01
361 7.109680e-01 8.800000e-04 2.881520e-01
362 7.108280e-01 8.880000e-04 2.882840e-01
363 7.106800e-01 9.120000e-04 2.884080e-01
364 7.105680e-01 8.680000e-04 2.885640e-01
365 7.104360e-01 8.200000e-04 2.887440e-01
366 7.102920e-01 7.560000e-04 2.889520e-01
367 7.102040e-01 7.160000e-04 2.890800e-01
368 7.100600e-01 7.160000e-04 2.892240e-01
369 7.099200e-01 7.320000e-04 2.893480e-01
370 7.097960e-01 7.400000e-04 2.894640e-01
371 7.096760e-01 7.600000e-04 2.895640e-01
372 7.095960e-01 6.760000e-04 2.897280e-01
373 7.095040e-01 6.280000e-04 2.898680e-01
374 7.094160e-01 6.000000e-04 2.899840e-01
375 7.093040e-01 6.080000e-04 2.900880e-01
376 7.092000e-01 5.960000e-04 2.902040e-01
377 7.090760e-01 5.880000e-04 2.903360e-01
378 7.089600e-01 6.120000e-04 2.904280e-01
379 7.088680e-01 6.080000e-04 2.905240e-01
380 7.087920e-01 5.760000e-04 2.906320e-01
381 7.086960e-01 5.600000e-04 2.907440e-01
382 7.086120e-01 5.440000e-04 2.908440e-01
383 7.085040e-01 5.280000e-04 2.909680e-01
384 7.084200e-01 5.400000e-04 2.910400e-01
385 7.083240e-01 5.720000e-04 2.911040e-01
386 7.082680e-01 5.320000e-04 2.912000e-01
387 7.082080e-01 5.040000e-04 2.912880e-01
388 7.081440e-01 4.640000e-04 2.913920e-01
389 7.080680e-01 4.720000e-04 2.914600e-01
390 7.079920e-01 4.560000e-04 2.915520e-01
391 7.079360e-01 4.200000e-04 2.916440e-01
392 7.078600e-01 4.080000e-04 2.917320e-01
393 7.078000e-01 4.040000e-04 2.917960e-01
394 7.077080e-01 4.720000e-04 2.918200e-01
395 7.076320e-01 4.800000e-04 2.918880e-01
396 7.075480e-01 4.360000e-04 2.920160e-01
397 7.074760e-01 4.240000e-04 2.921000e-01
398 7.074120e-01 4.240000e-04 2.921640e-01
399 7.073440e-01 4.160000e-04 2.922400e-01
400 7.072520e-01 4.240000e-04 2.923240e-01
401 7.071600e-01 4.320000e-04 2.924080e-01
402 7.070920e-01 4.200000e-04 2.924880e-01
403 7.069720e-01 4.680000e-04 2.925600e-01
404 7.069040e-01 4.520000e-04 2.926440e-01
405 7.068160e-01 4.800000e-04 2.927040e-01
406 7.067160e-01 4.840000e-04 2.928000e-01
407 7.066200e-01 5.000000e-04 2.928800e-01
408 7.065320e-01 5.040000e-04 2.929640e-01
409 7.064560e-01 4.720000e-04 2.930720e-01
410 7.063600e-01 4.880000e-04 2.931520e-01
411 7.062960e-01 4.880000e-04 2.932160e-01
412 7.062400e-01 4.560000e-04 2.933040e-01
413 7.061520e-01 4.880000e-04 2.933600e-01
414 7.061040e-01 4.400000e-04 2.934560e-01
415 7.060480e-01 4.160000e-04 2.935360e-01
416 7.059880e-01 4.240000e-04 2.935880e-01
417 7.059000e-01 4.600000e-04 2.936400e-01
418 7.057720e-01 5.200000e-04 2.937080e-01
419 7.056480e-01 5.520000e-04 2.938000e-01
420 7.055120e-01 5.800000e-04 2.939080e-01
421 7.054160e-01 5.760000e-04 2.940080e-01
422 7.052720e-01 6.680000e-04 2.940600e-01
423 7.051240e-01 7.080000e-04 2.941680e-01
424 7.049360e-01 7.520000e-04 2.943120e-01
425 7.047840e-01 7.720000e-04 2.944440e-01
426 7.046640e-01 7.640000e-04 2.945720e-01
427 7.045120e-01 7.720000e-04 2.947160e-01
428 7.043760e-01 7.320000e-04 2.948920e-01
429 7.042400e-01 7.000000e-04 2.950600e-01
430 7.041240e-01 6.960000e-04 2.951800e-01
431 7.040200e-01 6.760000e-04 2.953040e-01
432 7.038680e-01 6.920000e-04 2.954400e-01
433 7.037400e-01 6.920000e-04 2.955680e-01
434 7.035720e-01 7.680000e-04 2.956600e-01
435 7.034280e-01 8.080000e-04 2.957640e-01
436 7.033320e-01 7.400000e-04 2.959280e-01
437 7.032400e-01 7.000000e-04 2.960600e-01
438 7.031400e-01 6.760000e-04 2.961840e-01
439 7.030520e-01 6.440000e-04 2.963040e-01
440 7.029160e-01 6.360000e-04 2.964480e-01
441 7.028480e-01 6.120000e-04 2.965400e-01
442 7.027600e-01 5.760000e-04 2.966640e-01
443 7.026800e-01 5.160000e-04 2.968040e-01
444 7.026320e-01 4.520000e-04 2.969160e-01
445 7.024960e-01 4.960000e-04 2.970080e-01
446 7.024080e-01 5.040000e-04 2.970880e-01
447 7.022800e-01 5.520000e-04 2.971680e-01
448 7.021960e-01 5.520000e-04 2.972520e-01
449 7.021120e-01 5.640000e-04 2.973240e-01
450 7.019920e-01 6.120000e-04 2.973960e-01
451 7.018440e-01 6.400000e-04 2.975160e-01
452 7.016880e-01 7.240000e-04 2.975880e-01
453 7.015400e-01 7.480000e-04 2.977120e-01
454 7.014080e-01 7.640000e-04 2.978280e-01
455 7.012920e-01 7.600000e-04 2.979480e-01
456 7.011480e-01 7.400000e-04 2.981120e-01
457 7.010520e-01 7.000000e-04 2.982480e-01
458 7.008760e-01 7.400000e-04 2.983840e-01
459 7.007720e-01 6.840000e-04 2.985440e-01
460 7.006480e-01 6.960000e-04 2.986560e-01
461 7.004600e-01 7.840000e-04 2.987560e-01
462 7.003200e-01 7.720000e-04 2.989080e-01
463 7.002240e-01 7.760000e-04 2.990000e-01
464 7.000520e-01 8.160000e-04 2.991320e-01
465 6.999200e-01 8.120000e-04 2.992680e-01
466 6.997960e-01 8.240000e-04 2.993800e-01
467 6.996160e-01 8.960000e-04 2.994880e-01
468 6.994520e-01 9.240000e-04 2.996240e-01
469 6.993600e-01 8.560000e-04 2.997840e-01
470 6.992720e-01 7.920000e-04 2.999360e-01
471 6.991880e-01 7.520000e-04 3.000600e-01
472 6.991160e-01 7.120000e-04 3.001720e-01
473 6.990360e-01 6.680000e-04 3.002960e-01
474 6.989480e-01 6.360000e-04 3.004160e-01
475 6.988760e-01 6.000000e-04 3.005240e-01
476 6.988080e-01 5.720000e-04 3.006200e-01
477 6.987280e-01 5.240000e-04 3.007480e-01
478 6.986880e-01 4.720000e-04 3.008400e-01
479 6.986200e-01 4.920000e-04 3.008880e-01
480 6.985680e-01 4.800000e-04 3.009520e-01
481 6.984800e-01 5.000000e-04 3.010200e-01
482 6.984240e-01 4.760000e-04 3.011000e-01
483 6.983560e-01 4.440000e-04 3.012000e-01
484 6.983080e-01 4.240000e-04 3.012680e-01
485 6.982320e-01 4.560000e-04 3.013120e-01
486 6.981520e-01 5.040000e-04 3.013440e-01
487 6.980400e-01 5.200000e-04 3.014400e-01
488 6.979240e-01 5.520000e-04 3.015240e-01
489 6.978120e-01 6.040000e-04 3.015840e-01
490 6.976720e-01 6.520000e-04 3.016760e-01
491 6.975680e-01 6.000000e-04 3.018320e-01
492 6.974440e-01 6.160000e-04 3.019400e-01
493 6.973160e-01 6.440000e-04 3.020400e-01
494 6.971480e-01 6.880000e-04 3.021640e-01
495 6.970240e-01 6.840000e-04 3.022920e-01
496 6.969000e-01 7.160000e-04 3.023840e-01
497 6.967960e-01 6.800000e-04 3.025240e-01
498 6.967240e-01 6.560000e-04 3.026200e-01
499 6.965800e-01 6.880000e-04 3.027320e-01
500 6.965320e-01 6.360000e-04 3.028320e-01
