1 9.992840e-01 6.240000e-04 9.200000e-05
2 9.987920e-01 9.240000e-04 2.840000e-04
3 9.982360e-01 1.252000e-03 5.120000e-04
4 9.975080e-01 1.752000e-03 7.400000e-04
5 9.968440e-01 1.996000e-03 1.160000e-03
6 9.961560e-01 2.360000e-03 1.484000e-03
7 9.953280e-01 2.724000e-03 1.948000e-03
8 9.945200e-01 3.068000e-03 2.412000e-03
9 9.935920e-01 3.408000e-03 3.000000e-03
10 9.925480e-01 3.796000e-03 3.656000e-03
11 9.914360e-01 4.244000e-03 4.320000e-03
12 9.904200e-01 4.460000e-03 5.120000e-03
13 9.892680e-01 4.788000e-03 5.944000e-03
14 9.880840e-01 5.104000e-03 6.812000e-03
15 9.868760e-01 5.304000e-03 7.820000e-03
16 9.855680e-01 5.584000e-03 8.848000e-03
17 9.842920e-01 5.840000e-03 9.868000e-03
18 9.828840e-01 6.248000e-03 1.086800e-02
19 9.814960e-01 6.576000e-03 1.192800e-02
20 9.800080e-01 6.912000e-03 1.308000e-02
21 9.786360e-01 7.200000e-03 1.416400e-02
22 9.770960e-01 7.484000e-03 1.542000e-02
23 9.756880e-01 7.740000e-03 1.657200e-02
24 9.743360e-01 7.744000e-03 1.792000e-02
25 9.728120e-01 7.908000e-03 1.928000e-02
26 9.713160e-01 8.012000e-03 2.067200e-02
27 9.699680e-01 7.948000e-03 2.208400e-02
28 9.686280e-01 7.916000e-03 2.345600e-02
29 9.672320e-01 8.036000e-03 2.473200e-02
30 9.658480e-01 7.960000e-03 2.619200e-02
31 9.645240e-01 7.860000e-03 2.761600e-02
32 9.630600e-01 7.944000e-03 2.899600e-02
33 9.614760e-01 8.000000e-03 3.052400e-02
34 9.601080e-01 7.892000e-03 3.200000e-02
35 9.586320e-01 7.992000e-03 3.337600e-02
36 9.571040e-01 8.052000e-03 3.484400e-02
37 9.557080e-01 8.052000e-03 3.624000e-02
38 9.541840e-01 8.136000e-03 3.768000e-02
39 9.528560e-01 8.012000e-03 3.913200e-02
40 9.514400e-01 8.060000e-03 4.050000e-02
41 9.499280e-01 8.204000e-03 4.186800e-02
42 9.484280e-01 8.196000e-03 4.337600e-02
43 9.468560e-01 8.292000e-03 4.485200e-02
44 9.453400e-01 8.192000e-03 4.646800e-02
45 9.438560e-01 8.236000e-03 4.790800e-02
46 9.424800e-01 8.316000e-03 4.920400e-02
47 9.408520e-01 8.516000e-03 5.063200e-02
48 9.392760e-01 8.628000e-03 5.209600e-02
49 9.377320e-01 8.676000e-03 5.359200e-02
50 9.361440e-01 8.748000e-03 5.510800e-02
51 9.345120e-01 8.816000e-03 5.667200e-02
52 9.330400e-01 8.680000e-03 5.828000e-02
53 9.313960e-01 8.896000e-03 5.970800e-02
54 9.298880e-01 8.896000e-03 6.121600e-02
55 9.284920e-01 8.604000e-03 6.290400e-02
56 9.269360e-01 8.636000e-03 6.442800e-02
57 9.253200e-01 8.792000e-03 6.588800e-02
58 9.237800e-01 8.724000e-03 6.749600e-02
59 9.222280e-01 8.684000e-03 6.908800e-02
60 9.207760e-01 8.692000e-03 7.053200e-02
61 9.193200e-01 8.652000e-03 7.202800e-02
62 9.178000e-01 8.684000e-03 7.351600e-02
63 9.163280e-01 8.720000e-03 7.495200e-02
64 9.150000e-01 8.668000e-03 7.633200e-02
65 9.134520e-01 8.668000e-03 7.788000e-02
66 9.119920e-01 8.624000e-03 7.938400e-02
67 9.106440e-01 8.580000e-03 8.077600e-02
68 9.092520e-01 8.340000e-03 8.240800e-02
69 9.076760e-01 8.416000e-03 8.390800e-02
70 9.062200e-01 8.492000e-03 8.528800e-02
71 9.048760e-01 8.404000e-03 8.672000e-02
72 9.034880e-01 8.324000e-03 8.818800e-02
73 9.020480e-01 8.264000e-03 8.968800e-02
74 9.005440e-01 8.280000e-03 9.117600e-02
75 8.989440e-01 8.296000e-03 9.276000e-02
76 8.972920e-01 8.488000e-03 9.422000e-02
77 8.956040e-01 8.612000e-03 9.578400e-02
78 8.940680e-01 8.672000e-03 9.726000e-02
79 8.926720e-01 8.512000e-03 9.881600e-02
80 8.910320e-01 8.616000e-03 1.003520e-01
81 8.892480e-01 8.968000e-03 1.017840e-01
82 8.877520e-01 8.768000e-03 1.034800e-01
83 8.860480e-01 8.876000e-03 1.050760e-01
84 8.845040e-01 8.944000e-03 1.065520e-01
85 8.829200e-01 9.044000e-03 1.080360e-01
86 8.814400e-01 9.000000e-03 1.095600e-01
87 8.798280e-01 9.108000e-03 1.110640e-01
88 8.784200e-01 8.936000e-03 1.126440e-01
89 8.768920e-01 8.812000e-03 1.142960e-01
90 8.754240e-01 8.820000e-03 1.157560e-01
91 8.739080e-01 8.692000e-03 1.174000e-01
92 8.724160e-01 8.596000e-03 1.189880e-01
93 8.709560e-01 8.492000e-03 1.205520e-01
94 8.695200e-01 8.508000e-03 1.219720e-01
95 8.681280e-01 8.432000e-03 1.234400e-01
96 8.667600e-01 8.332000e-03 1.249080e-01
97 8.653680e-01 8.216000e-03 1.264160e-01
98 8.639280e-01 8.340000e-03 1.277320e-01
99 8.625400e-01 8.268000e-03 1.291920e-01
100 8.610920e-01 8.308000e-03 1.306000e-01
101 8.596480e-01 8.440000e-03 1.319120e-01
102 8.581520e-01 8.504000e-03 1.333440e-01
103 8.566840e-01 8.456000e-03 1.348600e-01
104 8.552680e-01 8.336000e-03 1.363960e-01
105 8.539800e-01 8.140000e-03 1.378800e-01
106 8.525720e-01 8.108000e-03 1.393200e-01
107 8.510880e-01 8.128000e-03 1.407840e-01
108 8.497600e-01 8.096000e-03 1.421440e-01
109 8.485240e-01 7.880000e-03 1.435960e-01
110 8.472160e-01 7.888000e-03 1.448960e-01
111 8.460240e-01 7.732000e-03 1.462440e-01
112 8.448600e-01 7.476000e-03 1.476640e-01
113 8.436080e-01 7.468000e-03 1.489240e-01
114 8.423320e-01 7.360000e-03 1.503080e-01
115 8.411080e-01 7.316000e-03 1.515760e-01
116 8.399080e-01 7.260000e-03 1.528320e-01
117 8.384800e-01 7.320000e-03 1.542000e-01
118 8.371880e-01 7.292000e-03 1.555200e-01
119 8.358440e-01 7.360000e-03 1.567960e-01
120 8.344000e-01 7.456000e-03 1.581440e-01
121 8.330280e-01 7.580000e-03 1.593920e-01
122 8.317760e-01 7.520000e-03 1.607040e-01
123 8.303760e-01 7.712000e-03 1.619120e-01
124 8.289760e-01 7.788000e-03 1.632360e-01
125 8.278040e-01 7.592000e-03 1.646040e-01
126 8.266240e-01 7.520000e-03 1.658560e-01
127 8.253120e-01 7.532000e-03 1.671560e-01
128 8.240640e-01 7.404000e-03 1.685320e-01
129 8.227360e-01 7.536000e-03 1.697280e-01
130 8.215640e-01 7.456000e-03 1.709800e-01
131 8.201880e-01 7.288000e-03 1.725240e-01
132 8.189720e-01 7.284000e-03 1.737440e-01
133 8.177960e-01 7.108000e-03 1.750960e-01
134 8.165880e-01 7.144000e-03 1.762680e-01
135 8.152640e-01 7.292000e-03 1.774440e-01
136 8.141360e-01 7.192000e-03 1.786720e-01
137 8.128880e-01 7.160000e-03 1.799520e-01
138 8.116320e-01 7.176000e-03 1.811920e-01
139 8.103120e-01 7.224000e-03 1.824640e-01
140 8.089280e-01 7.324000e-03 1.837480e-01
141 8.075960e-01 7.364000e-03 1.850400e-01
142 8.061240e-01 7.548000e-03 1.863280e-01
143 8.046640e-01 7.764000e-03 1.875720e-01
144 8.031960e-01 7.720000e-03 1.890840e-01
145 8.017960e-01 7.744000e-03 1.904600e-01
146 8.004760e-01 7.700000e-03 1.918240e-01
147 7.994320e-01 7.292000e-03 1.932760e-01
148 7.982640e-01 7.156000e-03 1.945800e-01
149 7.971240e-01 6.976000e-03 1.959000e-01
150 7.959520e-01 6.828000e-03 1.972200e-01
151 7.948880e-01 6.732000e-03 1.983800e-01
152 7.936440e-01 6.684000e-03 1.996720e-01
153 7.924000e-01 6.800000e-03 2.008000e-01
154 7.912520e-01 6.652000e-03 2.020960e-01
155 7.902160e-01 6.520000e-03 2.032640e-01
156 7.890840e-01 6.512000e-03 2.044040e-01
157 7.878280e-01 6.668000e-03 2.055040e-01
158 7.866440e-01 6.768000e-03 2.065880e-01
159 7.855160e-01 6.660000e-03 2.078240e-01
160 7.844040e-01 6.632000e-03 2.089640e-01
161 7.833760e-01 6.328000e-03 2.102960e-01
162 7.824720e-01 6.172000e-03 2.113560e-01
163 7.814480e-01 6.072000e-03 2.124800e-01
164 7.804280e-01 5.980000e-03 2.135920e-01
165 7.793200e-01 5.984000e-03 2.146960e-01
166 7.782720e-01 5.916000e-03 2.158120e-01
167 7.772880e-01 5.836000e-03 2.168760e-01
168 7.762680e-01 5.788000e-03 2.179440e-01
169 7.751760e-01 5.800000e-03 2.190240e-01
170 7.742760e-01 5.696000e-03 2.200280e-01
171 7.732800e-01 5.732000e-03 2.209880e-01
172 7.721560e-01 5.824000e-03 2.220200e-01
173 7.710680e-01 5.888000e-03 2.230440e-01
174 7.701960e-01 5.744000e-03 2.240600e-01
175 7.692040e-01 5.668000e-03 2.251280e-01
176 7.683200e-01 5.696000e-03 2.259840e-01
177 7.674320e-01 5.708000e-03 2.268600e-01
178 7.665480e-01 5.712000e-03 2.277400e-01
179 7.654920e-01 5.748000e-03 2.287600e-01
180 7.644520e-01 5.724000e-03 2.298240e-01
181 7.634280e-01 5.652000e-03 2.309200e-01
182 7.624080e-01 5.624000e-03 2.319680e-01
183 7.613040e-01 5.784000e-03 2.329120e-01
184 7.602720e-01 5.760000e-03 2.339680e-01
185 7.591960e-01 5.788000e-03 2.350160e-01
186 7.582160e-01 5.812000e-03 2.359720e-01
187 7.571080e-01 5.836000e-03 2.370560e-01
188 7.560960e-01 5.772000e-03 2.381320e-01
189 7.551720e-01 5.700000e-03 2.391280e-01
190 7.541320e-01 5.744000e-03 2.401240e-01
191 7.532120e-01 5.712000e-03 2.410760e-01
192 7.524240e-01 5.420000e-03 2.421560e-01
193 7.515520e-01 5.324000e-03 2.431240e-01
194 7.506200e-01 5.264000e-03 2.441160e-01
195 7.498760e-01 5.092000e-03 2.450320e-01
196 7.489920e-01 5.020000e-03 2.459880e-01
197 7.480960e-01 5.044000e-03 2.468600e-01
198 7.474080e-01 4.912000e-03 2.476800e-01
199 7.465600e-01 4.928000e-03 2.485120e-01
200 7.458000e-01 4.804000e-03 2.493960e-01
201 7.450280e-01 4.732000e-03 2.502400e-01
202 7.442880e-01 4.700000e-03 2.510120e-01
203 7.435840e-01 4.596000e-03 2.518200e-01
204 7.429200e-01 4.524000e-03 2.525560e-01
205 7.422480e-01 4.340000e-03 2.534120e-01
206 7.414440e-01 4.392000e-03 2.541640e-01
207 7.407240e-01 4.368000e-03 2.549080e-01
208 7.400800e-01 4.320000e-03 2.556000e-01
209 7.392320e-01 4.432000e-03 2.563360e-01
210 7.385560e-01 4.288000e-03 2.571560e-01
211 7.377960e-01 4.272000e-03 2.579320e-01
212 7.369960e-01 4.356000e-03 2.586480e-01
213 7.362960e-01 4.184000e-03 2.595200e-01
214 7.356720e-01 4.008000e-03 2.603200e-01
215 7.350360e-01 3.944000e-03 2.610200e-01
216 7.344720e-01 3.772000e-03 2.617560e-01
217 7.338600e-01 3.772000e-03 2.623680e-01
218 7.332040e-01 3.684000e-03 2.631120e-01
219 7.325040e-01 3.740000e-03 2.637560e-01
220 7.318760e-01 3.764000e-03 2.643600e-01
221 7.313280e-01 3.696000e-03 2.649760e-01
222 7.306360e-01 3.720000e-03 2.656440e-01
223 7.298640e-01 3.880000e-03 2.662560e-01
224 7.292200e-01 3.848000e-03 2.669320e-01
225 7.286160e-01 3.792000e-03 2.675920e-01
226 7.279760e-01 3.720000e-03 2.683040e-01
227 7.273720e-01 3.688000e-03 2.689400e-01
228 7.267400e-01 3.656000e-03 2.696040e-01
229 7.261160e-01 3.632000e-03 2.702520e-01
230 7.255080e-01 3.640000e-03 2.708520e-01
231 7.248560e-01 3.568000e-03 2.715760e-01
232 7.241560e-01 3.644000e-03 2.722000e-01
233 7.235560e-01 3.664000e-03 2.727800e-01
234 7.229200e-01 3.684000e-03 2.733960e-01
235 7.223280e-01 3.640000e-03 2.740320e-01
236 7.217320e-01 3.600000e-03 2.746680e-01
237 7.211880e-01 3.536000e-03 2.752760e-01
238 7.206160e-01 3.468000e-03 2.759160e-01
239 7.200120e-01 3.516000e-03 2.764720e-01
240 7.193880e-01 3.608000e-03 2.770040e-01
241 7.188000e-01 3.592000e-03 2.776080e-01
242 7.181920e-01 3.476000e-03 2.783320e-01
243 7.175000e-01 3.612000e-03 2.788880e-01
244 7.168800e-01 3.572000e-03 2.795480e-01
245 7.162880e-01 3.576000e-03 2.801360e-01
246 7.157720e-01 3.464000e-03 2.807640e-01
247 7.151480e-01 3.496000e-03 2.813560e-01
248 7.144720e-01 3.512000e-03 2.820160e-01
249 7.138240e-01 3.524000e-03 2.826520e-01
250 7.131360e-01 3.668000e-03 2.831960e-01
251 7.124360e-01 3.656000e-03 2.839080e-01
252 7.117480e-01 3.700000e-03 2.845520e-01
253 7.110640e-01 3.688000e-03 2.852480e-01
254 7.104720e-01 3.616000e-03 2.859120e-01
255 7.098360e-01 3.564000e-03 2.866000e-01
256 7.092160e-01 3.584000e-03 2.872000e-01
257 7.086160e-01 3.568000e-03 2.878160e-01
258 7.079400e-01 3.636000e-03 2.884240e-01
259 7.074000e-01 3.552000e-03 2.890480e-01
260 7.067640e-01 3.476000e-03 2.897600e-01
261 7.061880e-01 3.460000e-03 2.903520e-01
262 7.056760e-01 3.428000e-03 2.908960e-01
263 7.051520e-01 3.396000e-03 2.914520e-01
264 7.045720e-01 3.452000e-03 2.919760e-01
265 7.040200e-01 3.400000e-03 2.925800e-01
266 7.034160e-01 3.388000e-03 2.931960e-01
267 7.027880e-01 3.420000e-03 2.937920e-01
268 7.022680e-01 3.368000e-03 2.943640e-01
269 7.017600e-01 3.328000e-03 2.949120e-01
270 7.012240e-01 3.248000e-03 2.955280e-01
271 7.007000e-01 3.152000e-03 2.961480e-01
272 7.002040e-01 3.100000e-03 2.966960e-01
273 6.996080e-01 3.188000e-03 2.972040e-01
274 6.990240e-01 3.252000e-03 2.977240e-01
275 6.984480e-01 3.272000e-03 2.982800e-01
276 6.978920e-01 3.272000e-03 2.988360e-01
277 6.972240e-01 3.356000e-03 2.994200e-01
278 6.966680e-01 3.348000e-03 2.999840e-01
279 6.961440e-01 3.280000e-03 3.005760e-01
280 6.957000e-01 3.124000e-03 3.011760e-01
281 6.952200e-01 3.096000e-03 3.016840e-01
282 6.946960e-01 3.084000e-03 3.022200e-01
283 6.941880e-01 3.052000e-03 3.027600e-01
284 6.937200e-01 3.020000e-03 3.032600e-01
285 6.932040e-01 2.968000e-03 3.038280e-01
286 6.927600e-01 2.944000e-03 3.042960e-01
287 6.923040e-01 2.832000e-03 3.048640e-01
288 6.918160e-01 2.808000e-03 3.053760e-01
289 6.913720e-01 2.712000e-03 3.059160e-01
290 6.909280e-01 2.700000e-03 3.063720e-01
291 6.904800e-01 2.700000e-03 3.068200e-01
292 6.899760e-01 2.676000e-03 3.073480e-01
293 6.895200e-01 2.720000e-03 3.077600e-01
294 6.890840e-01 2.728000e-03 3.081880e-01
295 6.886320e-01 2.716000e-03 3.086520e-01
296 6.880960e-01 2.764000e-03 3.091400e-01
297 6.875440e-01 2.872000e-03 3.095840e-01
298 6.870480e-01 2.864000e-03 3.100880e-01
299 6.866160e-01 2.860000e-03 3.105240e-01
300 6.861520e-01 2.844000e-03 3.110040e-01
301 6.855840e-01 2.872000e-03 3.115440e-01
302 6.850720e-01 2.840000e-03 3.120880e-01
303 6.846840e-01 2.764000e-03 3.125520e-01
304 6.842960e-01 2.688000e-03 3.130160e-01
305 6.838960e-01 2.624000e-03 3.134800e-01
306 6.835360e-01 2.496000e-03 3.139680e-01
307 6.831520e-01 2.548000e-03 3.143000e-01
308 6.827840e-01 2.452000e-03 3.147640e-01
309 6.823440e-01 2.444000e-03 3.152120e-01
310 6.819240e-01 2.428000e-03 3.156480e-01
311 6.814520e-01 2.484000e-03 3.160640e-01
312 6.810160e-01 2.456000e-03 3.165280e-01
313 6.805480e-01 2.496000e-03 3.169560e-01
314 6.801280e-01 2.436000e-03 3.174360e-01
315 6.796600e-01 2.548000e-03 3.177920e-01
316 6.792400e-01 2.488000e-03 3.182720e-01
317 6.787760e-01 2.464000e-03 3.187600e-01
318 6.784280e-01 2.404000e-03 3.191680e-01
319 6.780880e-01 2.300000e-03 3.196120e-01
320 6.777280e-01 2.236000e-03 3.200360e-01
321 6.773560e-01 2.228000e-03 3.204160e-01
322 6.769240e-01 2.284000e-03 3.207920e-01
323 6.765360e-01 2.312000e-03 3.211520e-01
324 6.762280e-01 2.216000e-03 3.215560e-01
325 6.758720e-01 2.136000e-03 3.219920e-01
326 6.755480e-01 2.048000e-03 3.224040e-01
327 6.752520e-01 2.028000e-03 3.227200e-01
328 6.749440e-01 1.972000e-03 3.230840e-01
329 6.745160e-01 2.060000e-03 3.234240e-01
330 6.741400e-01 2.092000e-03 3.237680e-01
331 6.738200e-01 2.068000e-03 3.241120e-01
332 6.734200e-01 2.120000e-03 3.244600e-01
333 6.730080e-01 2.172000e-03 3.248200e-01
334 6.725960e-01 2.208000e-03 3.251960e-01
335 6.721640e-01 2.300000e-03 3.255360e-01
336 6.717360e-01 2.328000e-03 3.259360e-01
337 6.713440e-01 2.284000e-03 3.263720e-01
338 6.709000e-01 2.372000e-03 3.267280e-01
339 6.704640e-01 2.372000e-03 3.271640e-01
340 6.699600e-01 2.464000e-03 3.275760e-01
341 6.695560e-01 2.388000e-03 3.280560e-01
342 6.691440e-01 2.356000e-03 3.285000e-01
343 6.686400e-01 2.456000e-03 3.289040e-01
344 6.682040e-01 2.476000e-03 3.293200e-01
345 6.676920e-01 2.632000e-03 3.296760e-01
346 6.672400e-01 2.612000e-03 3.301480e-01
347 6.667960e-01 2.536000e-03 3.306680e-01
348 6.663400e-01 2.556000e-03 3.311040e-01
349 6.659560e-01 2.548000e-03 3.314960e-01
350 6.655240e-01 2.552000e-03 3.319240e-01
351 6.651960e-01 2.472000e-03 3.323320e-01
352 6.648240e-01 2.392000e-03 3.327840e-01
353 6.644640e-01 2.328000e-03 3.332080e-01
354 6.641000e-01 2.256000e-03 3.336440e-01
355 6.637120e-01 2.304000e-03 3.339840e-01
356 6.633320e-01 2.248000e-03 3.344200e-01
357 6.630120e-01 2.184000e-03 3.348040e-01
358 6.626880e-01 2.096000e-03 3.352160e-01
359 6.624040e-01 1.992000e-03 3.356040e-01
360 6.620080e-01 2.124000e-03 3.358680e-01
361 6.616400e-01 2.152000e-03 3.362080e-01
362 6.613080e-01 2.072000e-03 3.366200e-01
363 6.610400e-01 2.044000e-03 3.369160e-01
364 6.607760e-01 1.956000e-03 3.372680e-01
365 6.605200e-01 1.840000e-03 3.376400e-01
366 6.602480e-01 1.780000e-03 3.379720e-01
367 6.600000e-01 1.680000e-03 3.383200e-01
368 6.597000e-01 1.760000e-03 3.385400e-01
369 6.594040e-01 1.756000e-03 3.388400e-01
370 6.590800e-01 1.800000e-03 3.391200e-01
371 6.588000e-01 1.828000e-03 3.393720e-01
372 6.584800e-01 1.832000e-03 3.396880e-01
373 6.581880e-01 1.812000e-03 3.400000e-01
374 6.579280e-01 1.756000e-03 3.403160e-01
375 6.576160e-01 1.712000e-03 3.406720e-01
376 6.573600e-01 1.616000e-03 3.410240e-01
377 6.570920e-01 1.632000e-03 3.412760e-01
378 6.568040e-01 1.656000e-03 3.415400e-01
379 6.564960e-01 1.652000e-03 3.418520e-01
380 6.562200e-01 1.668000e-03 3.421120e-01
381 6.559840e-01 1.652000e-03 3.423640e-01
382 6.557000e-01 1.664000e-03 3.426360e-01
383 6.553960e-01 1.680000e-03 3.429240e-01
384 6.550320e-01 1.732000e-03 3.432360e-01
385 6.547280e-01 1.796000e-03 3.434760e-01
386 6.543400e-01 1.860000e-03 3.438000e-01
387 6.539800e-01 1.908000e-03 3.441120e-01
388 6.537200e-01 1.848000e-03 3.444320e-01
389 6.533960e-01 1.892000e-03 3.447120e-01
390 6.530200e-01 1.972000e-03 3.450080e-01
391 6.526920e-01 2.004000e-03 3.453040e-01
392 6.523840e-01 1.980000e-03 3.456360e-01
393 6.520920e-01 1.944000e-03 3.459640e-01
394 6.517360e-01 1.960000e-03 3.463040e-01
395 6.514480e-01 1.904000e-03 3.466480e-01
396 6.511240e-01 1.868000e-03 3.470080e-01
397 6.508600e-01 1.784000e-03 3.473560e-01
398 6.506120e-01 1.732000e-03 3.476560e-01
399 6.503240e-01 1.724000e-03 3.479520e-01
400 6.500360e-01 1.700000e-03 3.482640e-01
401 6.496520e-01 1.672000e-03 3.486760e-01
402 6.493640e-01 1.656000e-03 3.489800e-01
403 6.490640e-01 1.656000e-03 3.492800e-01
404 6.488120e-01 1.632000e-03 3.495560e-01
405 6.485200e-01 1.648000e-03 3.498320e-01
406 6.482640e-01 1.672000e-03 3.500640e-01
407 6.480360e-01 1.664000e-03 3.503000e-01
408 6.477840e-01 1.608000e-03 3.506080e-01
409 6.475720e-01 1.472000e-03 3.509560e-01
410 6.473680e-01 1.492000e-03 3.511400e-01
411 6.471520e-01 1.436000e-03 3.514120e-01
412 6.468840e-01 1.436000e-03 3.516800e-01
413 6.466360e-01 1.416000e-03 3.519480e-01
414 6.463640e-01 1.440000e-03 3.521960e-01
415 6.460880e-01 1.424000e-03 3.524880e-01
416 6.458280e-01 1.448000e-03 3.527240e-01
417 6.455360e-01 1.464000e-03 3.530000e-01
418 6.452520e-01 1.492000e-03 3.532560e-01
419 6.449360e-01 1.516000e-03 3.535480e-01
420 6.446120e-01 1.608000e-03 3.537800e-01
421 6.443000e-01 1.616000e-03 3.540840e-01
422 6.441120e-01 1.496000e-03 3.543920e-01
423 6.438960e-01 1.468000e-03 3.546360e-01
424 6.437240e-01 1.372000e-03 3.549040e-01
425 6.435240e-01 1.348000e-03 3.551280e-01
426 6.432880e-01 1.340000e-03 3.553720e-01
427 6.430720e-01 1.296000e-03 3.556320e-01
428 6.429000e-01 1.268000e-03 3.558320e-01
429 6.426680e-01 1.316000e-03 3.560160e-01
430 6.424280e-01 1.272000e-03 3.563000e-01
431 6.422200e-01 1.252000e-03 3.565280e-01
432 6.420520e-01 1.212000e-03 3.567360e-01
433 6.419480e-01 1.092000e-03 3.569600e-01
434 6.418080e-01 1.064000e-03 3.571280e-01
435 6.416600e-01 1.052000e-03 3.572880e-01
436 6.415520e-01 9.920000e-04 3.574560e-01
437 6.414280e-01 9.320000e-04 3.576400e-01
438 6.413280e-01 8.720000e-04 3.578000e-01
439 6.412080e-01 8.280000e-04 3.579640e-01
440 6.411240e-01 7.440000e-04 3.581320e-01
441 6.410400e-01 7.160000e-04 3.582440e-01
442 6.409760e-01 6.640000e-04 3.583600e-01
443 6.408600e-01 6.920000e-04 3.584480e-01
444 6.407680e-01 6.680000e-04 3.585640e-01
445 6.406320e-01 7.000000e-04 3.586680e-01
446 6.405280e-01 6.880000e-04 3.587840e-01
447 6.404120e-01 7.080000e-04 3.588800e-01
448 6.402800e-01 7.000000e-04 3.590200e-01
449 6.401600e-01 7.080000e-04 3.591320e-01
450 6.400680e-01 6.560000e-04 3.592760e-01
451 6.399080e-01 7.000000e-04 3.593920e-01
452 6.397760e-01 7.200000e-04 3.595040e-01
453 6.396600e-01 7.000000e-04 3.596400e-01
454 6.395720e-01 6.760000e-04 3.597520e-01
455 6.394840e-01 6.360000e-04 3.598800e-01
456 6.393840e-01 6.120000e-04 3.600040e-01
457 6.393280e-01 5.640000e-04 3.601080e-01
458 6.392480e-01 5.000000e-04 3.602520e-01
459 6.391480e-01 5.160000e-04 3.603360e-01
460 6.390680e-01 4.960000e-04 3.604360e-01
461 6.390000e-01 5.040000e-04 3.604960e-01
462 6.389320e-01 5.160000e-04 3.605520e-01
463 6.387960e-01 5.800000e-04 3.606240e-01
464 6.386880e-01 5.840000e-04 3.607280e-01
465 6.385800e-01 5.960000e-04 3.608240e-01
466 6.384800e-01 5.680000e-04 3.609520e-01
467 6.384120e-01 5.080000e-04 3.610800e-01
468 6.383640e-01 4.640000e-04 3.611720e-01
469 6.382640e-01 4.960000e-04 3.612400e-01
470 6.381640e-01 5.120000e-04 3.613240e-01
471 6.380280e-01 5.480000e-04 3.614240e-01
472 6.379240e-01 5.480000e-04 3.615280e-01
473 6.378080e-01 5.760000e-04 3.616160e-01
474 6.376840e-01 5.840000e-04 3.617320e-01
475 6.375440e-01 6.160000e-04 3.618400e-01
476 6.374280e-01 6.200000e-04 3.619520e-01
477 6.372920e-01 6.240000e-04 3.620840e-01
478 6.371800e-01 6.360000e-04 3.621840e-01
479 6.370680e-01 6.200000e-04 3.623120e-01
480 6.369760e-01 5.880000e-04 3.624360e-01
481 6.369080e-01 5.600000e-04 3.625320e-01
482 6.368280e-01 5.080000e-04 3.626640e-01
483 6.367480e-01 5.160000e-04 3.627360e-01
484 6.366640e-01 4.960000e-04 3.628400e-01
485 6.365920e-01 4.880000e-04 3.629200e-01
486 6.364840e-01 5.040000e-04 3.630120e-01
487 6.364160e-01 4.760000e-04 3.631080e-01
488 6.362960e-01 4.920000e-04 3.632120e-01
489 6.362080e-01 4.800000e-04 3.633120e-01
490 6.361080e-01 5.040000e-04 3.633880e-01
491 6.360120e-01 5.240000e-04 3.634640e-01
492 6.359280e-01 5.120000e-04 3.635600e-01
493 6.358120e-01 5.640000e-04 3.636240e-01
494 6.357040e-01 5.760000e-04 3.637200e-01
495 6.355960e-01 6.080000e-04 3.637960e-01
496 6.354920e-01 5.720000e-04 3.639360e-01
497 6.354200e-01 5.320000e-04 3.640480e-01
498 6.352920e-01 5.520000e-04 3.641560e-01
499 6.352000e-01 5.400000e-04 3.642600e-01
500 6.351040e-01 5.280000e-04 3.643680e-01
