1 9.992880e-01 6.520000e-04 6.000000e-05
2 9.987040e-01 1.088000e-03 2.080000e-04
3 9.980840e-01 1.528000e-03 3.880000e-04
4 9.972960e-01 2.020000e-03 6.840000e-04
5 9.964240e-01 2.484000e-03 1.092000e-03
6 9.954200e-01 3.000000e-03 1.580000e-03
7 9.944080e-01 3.412000e-03 2.180000e-03
8 9.934280e-01 3.712000e-03 2.860000e-03
9 9.924680e-01 4.084000e-03 3.448000e-03
10 9.914640e-01 4.380000e-03 4.156000e-03
11 9.904520e-01 4.596000e-03 4.952000e-03
12 9.892080e-01 5.060000e-03 5.732000e-03
13 9.879720e-01 5.388000e-03 6.640000e-03
14 9.868680e-01 5.512000e-03 7.620000e-03
15 9.856360e-01 5.792000e-03 8.572000e-03
16 9.842680e-01 6.052000e-03 9.680000e-03
17 9.826680e-01 6.620000e-03 1.071200e-02
18 9.812720e-01 6.960000e-03 1.176800e-02
19 9.797400e-01 7.228000e-03 1.303200e-02
20 9.781240e-01 7.592000e-03 1.428400e-02
21 9.765680e-01 7.728000e-03 1.570400e-02
22 9.750080e-01 7.868000e-03 1.712400e-02
23 9.731760e-01 8.328000e-03 1.849600e-02
24 9.715440e-01 8.564000e-03 1.989200e-02
25 9.696960e-01 8.968000e-03 2.133600e-02
26 9.678200e-01 9.204000e-03 2.297600e-02
27 9.659840e-01 9.400000e-03 2.461600e-02
28 9.640200e-01 9.744000e-03 2.623600e-02
29 9.621280e-01 9.952000e-03 2.792000e-02
30 9.602640e-01 9.988000e-03 2.974800e-02
31 9.585320e-01 9.992000e-03 3.147600e-02
32 9.567920e-01 1.017200e-02 3.303600e-02
33 9.549960e-01 1.038800e-02 3.461600e-02
34 9.530680e-01 1.052400e-02 3.640800e-02
35 9.512520e-01 1.034400e-02 3.840400e-02
36 9.495120e-01 1.021200e-02 4.027600e-02
37 9.477880e-01 1.020800e-02 4.200400e-02
38 9.459480e-01 1.021600e-02 4.383600e-02
39 9.441280e-01 1.024800e-02 4.562400e-02
40 9.423160e-01 1.024400e-02 4.744000e-02
41 9.405320e-01 1.032800e-02 4.914000e-02
42 9.385480e-01 1.043200e-02 5.102000e-02
43 9.366600e-01 1.043200e-02 5.290800e-02
44 9.345600e-01 1.067200e-02 5.476800e-02
45 9.324520e-01 1.082000e-02 5.672800e-02
46 9.304560e-01 1.099200e-02 5.855200e-02
47 9.283880e-01 1.100400e-02 6.060800e-02
48 9.262400e-01 1.129200e-02 6.246800e-02
49 9.241800e-01 1.154400e-02 6.427600e-02
50 9.221320e-01 1.165200e-02 6.621600e-02
51 9.200960e-01 1.160400e-02 6.830000e-02
52 9.181600e-01 1.136400e-02 7.047600e-02
53 9.161120e-01 1.134800e-02 7.254000e-02
54 9.143520e-01 1.122000e-02 7.442800e-02
55 9.123960e-01 1.118000e-02 7.642400e-02
56 9.103320e-01 1.118400e-02 7.848400e-02
57 9.082040e-01 1.141200e-02 8.038400e-02
58 9.062040e-01 1.142400e-02 8.237200e-02
59 9.040600e-01 1.148000e-02 8.446000e-02
60 9.021520e-01 1.153200e-02 8.631600e-02
61 9.000600e-01 1.138400e-02 8.855600e-02
62 8.980920e-01 1.135600e-02 9.055200e-02
63 8.961240e-01 1.136800e-02 9.250800e-02
64 8.942600e-01 1.134000e-02 9.440000e-02
65 8.923000e-01 1.132400e-02 9.637600e-02
66 8.905160e-01 1.109600e-02 9.838800e-02
67 8.884000e-01 1.120400e-02 1.003960e-01
68 8.864400e-01 1.116400e-02 1.023960e-01
69 8.843800e-01 1.142400e-02 1.041960e-01
70 8.823360e-01 1.142400e-02 1.062400e-01
71 8.802400e-01 1.142000e-02 1.083400e-01
72 8.782840e-01 1.133600e-02 1.103800e-01
73 8.763920e-01 1.127600e-02 1.123320e-01
74 8.743760e-01 1.128400e-02 1.143400e-01
75 8.721160e-01 1.151600e-02 1.163680e-01
76 8.699200e-01 1.175600e-02 1.183240e-01
77 8.679080e-01 1.158800e-02 1.205040e-01
78 8.657400e-01 1.180400e-02 1.224560e-01
79 8.637440e-01 1.178000e-02 1.244760e-01
80 8.617800e-01 1.160000e-02 1.266200e-01
81 8.595640e-01 1.178000e-02 1.286560e-01
82 8.572040e-01 1.196000e-02 1.308360e-01
83 8.550840e-01 1.180000e-02 1.331160e-01
84 8.529280e-01 1.188400e-02 1.351880e-01
85 8.506800e-01 1.207200e-02 1.372480e-01
86 8.486120e-01 1.203200e-02 1.393560e-01
87 8.464880e-01 1.197200e-02 1.415400e-01
88 8.444200e-01 1.195600e-02 1.436240e-01
89 8.424160e-01 1.206400e-02 1.455200e-01
90 8.404960e-01 1.193600e-02 1.475680e-01
91 8.384760e-01 1.186000e-02 1.496640e-01
92 8.366520e-01 1.162800e-02 1.517200e-01
93 8.345360e-01 1.174400e-02 1.537200e-01
94 8.324200e-01 1.173200e-02 1.558480e-01
95 8.304200e-01 1.164400e-02 1.579360e-01
96 8.283280e-01 1.165600e-02 1.600160e-01
97 8.263920e-01 1.164800e-02 1.619600e-01
98 8.243640e-01 1.171200e-02 1.639240e-01
99 8.223240e-01 1.145600e-02 1.662200e-01
100 8.203920e-01 1.134000e-02 1.682680e-01
101 8.185320e-01 1.119600e-02 1.702720e-01
102 8.166920e-01 1.123600e-02 1.720720e-01
103 8.148280e-01 1.112400e-02 1.740480e-01
104 8.129960e-01 1.086800e-02 1.761360e-01
105 8.112240e-01 1.075600e-02 1.780200e-01
106 8.094880e-01 1.063200e-02 1.798800e-01
107 8.076080e-01 1.075200e-02 1.816400e-01
108 8.059040e-01 1.050800e-02 1.835880e-01
109 8.041080e-01 1.044000e-02 1.854520e-01
110 8.024280e-01 1.020400e-02 1.873680e-01
111 8.007800e-01 1.013600e-02 1.890840e-01
112 7.989680e-01 1.028800e-02 1.907440e-01
113 7.969720e-01 1.040800e-02 1.926200e-01
114 7.952040e-01 1.033200e-02 1.944640e-01
115 7.936960e-01 1.002000e-02 1.962840e-01
116 7.920760e-01 9.788000e-03 1.981360e-01
117 7.903400e-01 9.712000e-03 1.999480e-01
118 7.886360e-01 9.684000e-03 2.016800e-01
119 7.869080e-01 9.636000e-03 2.034560e-01
120 7.851240e-01 9.696000e-03 2.051800e-01
121 7.833480e-01 9.764000e-03 2.068880e-01
122 7.815880e-01 9.880000e-03 2.085320e-01
123 7.797800e-01 9.864000e-03 2.103560e-01
124 7.780080e-01 1.009600e-02 2.118960e-01
125 7.761400e-01 1.016800e-02 2.136920e-01
126 7.744280e-01 1.007200e-02 2.155000e-01
127 7.727000e-01 1.008000e-02 2.172200e-01
128 7.712240e-01 9.904000e-03 2.188720e-01
129 7.697480e-01 9.756000e-03 2.204960e-01
130 7.681720e-01 9.572000e-03 2.222560e-01
131 7.665680e-01 9.500000e-03 2.239320e-01
132 7.649280e-01 9.576000e-03 2.254960e-01
133 7.632600e-01 9.752000e-03 2.269880e-01
134 7.616160e-01 9.772000e-03 2.286120e-01
135 7.597400e-01 9.916000e-03 2.303440e-01
136 7.580040e-01 9.916000e-03 2.320800e-01
137 7.563240e-01 1.002000e-02 2.336560e-01
138 7.547080e-01 9.932000e-03 2.353600e-01
139 7.530840e-01 9.868000e-03 2.370480e-01
140 7.513840e-01 9.704000e-03 2.389120e-01
141 7.497160e-01 9.684000e-03 2.406000e-01
142 7.481000e-01 9.672000e-03 2.422280e-01
143 7.465160e-01 9.488000e-03 2.439960e-01
144 7.449920e-01 9.344000e-03 2.456640e-01
145 7.435120e-01 9.276000e-03 2.472120e-01
146 7.419080e-01 9.268000e-03 2.488240e-01
147 7.401760e-01 9.444000e-03 2.503800e-01
148 7.385120e-01 9.444000e-03 2.520440e-01
149 7.369840e-01 9.292000e-03 2.537240e-01
150 7.353080e-01 9.464000e-03 2.552280e-01
151 7.335760e-01 9.488000e-03 2.569360e-01
152 7.317640e-01 9.664000e-03 2.585720e-01
153 7.301200e-01 9.472000e-03 2.604080e-01
154 7.285360e-01 9.356000e-03 2.621080e-01
155 7.269320e-01 9.424000e-03 2.636440e-01
156 7.253200e-01 9.376000e-03 2.653040e-01
157 7.237920e-01 9.336000e-03 2.668720e-01
158 7.223040e-01 9.184000e-03 2.685120e-01
159 7.206520e-01 9.180000e-03 2.701680e-01
160 7.189360e-01 9.240000e-03 2.718240e-01
161 7.174280e-01 9.180000e-03 2.733920e-01
162 7.157640e-01 9.152000e-03 2.750840e-01
163 7.141480e-01 9.224000e-03 2.766280e-01
164 7.125000e-01 9.236000e-03 2.782640e-01
165 7.108160e-01 9.244000e-03 2.799400e-01
166 7.092640e-01 9.104000e-03 2.816320e-01
167 7.076560e-01 9.212000e-03 2.831320e-01
168 7.061360e-01 9.156000e-03 2.847080e-01
169 7.046840e-01 8.996000e-03 2.863200e-01
170 7.031520e-01 9.020000e-03 2.878280e-01
171 7.016920e-01 8.776000e-03 2.895320e-01
172 7.001000e-01 8.868000e-03 2.910320e-01
173 6.985960e-01 8.736000e-03 2.926680e-01
174 6.970560e-01 8.760000e-03 2.941840e-01
175 6.956000e-01 8.828000e-03 2.955720e-01
176 6.941960e-01 8.624000e-03 2.971800e-01
177 6.927600e-01 8.428000e-03 2.988120e-01
178 6.912800e-01 8.560000e-03 3.001600e-01
179 6.897120e-01 8.684000e-03 3.016040e-01
180 6.883240e-01 8.564000e-03 3.031120e-01
181 6.868040e-01 8.512000e-03 3.046840e-01
182 6.855200e-01 8.284000e-03 3.061960e-01
183 6.841800e-01 8.292000e-03 3.075280e-01
184 6.829640e-01 8.148000e-03 3.088880e-01
185 6.817280e-01 8.012000e-03 3.102600e-01
186 6.804480e-01 8.024000e-03 3.115280e-01
187 6.791160e-01 8.016000e-03 3.128680e-01
188 6.779360e-01 7.664000e-03 3.144000e-01
189 6.767280e-01 7.516000e-03 3.157560e-01
190 6.755360e-01 7.500000e-03 3.169640e-01
191 6.742480e-01 7.472000e-03 3.182800e-01
192 6.731080e-01 7.340000e-03 3.195520e-01
193 6.720440e-01 7.168000e-03 3.207880e-01
194 6.709600e-01 7.012000e-03 3.220280e-01
195 6.698880e-01 6.912000e-03 3.232000e-01
196 6.688520e-01 6.652000e-03 3.244960e-01
197 6.678640e-01 6.448000e-03 3.256880e-01
198 6.668200e-01 6.448000e-03 3.267320e-01
199 6.656800e-01 6.524000e-03 3.277960e-01
200 6.645200e-01 6.664000e-03 3.288160e-01
201 6.634520e-01 6.580000e-03 3.299680e-01
202 6.625440e-01 6.304000e-03 3.311520e-01
203 6.614840e-01 6.280000e-03 3.322360e-01
204 6.604800e-01 6.244000e-03 3.332760e-01
205 6.594800e-01 6.048000e-03 3.344720e-01
206 6.585320e-01 6.024000e-03 3.354440e-01
207 6.575000e-01 6.004000e-03 3.364960e-01
208 6.565120e-01 5.900000e-03 3.375880e-01
209 6.555840e-01 5.788000e-03 3.386280e-01
210 6.545560e-01 5.856000e-03 3.395880e-01
211 6.537040e-01 5.704000e-03 3.405920e-01
212 6.527960e-01 5.600000e-03 3.416040e-01
213 6.518240e-01 5.600000e-03 3.425760e-01
214 6.508040e-01 5.672000e-03 3.435240e-01
215 6.498080e-01 5.660000e-03 3.445320e-01
216 6.488840e-01 5.644000e-03 3.454720e-01
217 6.479680e-01 5.656000e-03 3.463760e-01
218 6.470600e-01 5.568000e-03 3.473720e-01
219 6.461800e-01 5.584000e-03 3.482360e-01
220 6.452720e-01 5.544000e-03 3.491840e-01
221 6.444720e-01 5.404000e-03 3.501240e-01
222 6.436400e-01 5.396000e-03 3.509640e-01
223 6.428120e-01 5.332000e-03 3.518560e-01
224 6.420440e-01 5.088000e-03 3.528680e-01
225 6.412440e-01 5.032000e-03 3.537240e-01
226 6.405200e-01 4.760000e-03 3.547200e-01
227 6.396600e-01 4.824000e-03 3.555160e-01
228 6.388520e-01 4.812000e-03 3.563360e-01
229 6.379800e-01 4.836000e-03 3.571840e-01
230 6.370800e-01 4.908000e-03 3.580120e-01
231 6.361560e-01 4.992000e-03 3.588520e-01
232 6.353840e-01 4.864000e-03 3.597520e-01
233 6.346480e-01 4.724000e-03 3.606280e-01
234 6.338920e-01 4.604000e-03 3.615040e-01
235 6.330040e-01 4.596000e-03 3.624000e-01
236 6.322120e-01 4.544000e-03 3.632440e-01
237 6.313200e-01 4.552000e-03 3.641280e-01
238 6.304360e-01 4.576000e-03 3.649880e-01
239 6.296800e-01 4.520000e-03 3.658000e-01
240 6.288400e-01 4.568000e-03 3.665920e-01
241 6.279520e-01 4.724000e-03 3.673240e-01
242 6.270880e-01 4.752000e-03 3.681600e-01
243 6.262280e-01 4.760000e-03 3.690120e-01
244 6.254560e-01 4.660000e-03 3.698840e-01
245 6.246280e-01 4.620000e-03 3.707520e-01
246 6.237280e-01 4.828000e-03 3.714440e-01
247 6.228560e-01 4.852000e-03 3.722920e-01
248 6.220320e-01 4.880000e-03 3.730880e-01
249 6.211280e-01 4.908000e-03 3.739640e-01
250 6.203320e-01 4.828000e-03 3.748400e-01
251 6.196240e-01 4.688000e-03 3.756880e-01
252 6.189040e-01 4.560000e-03 3.765360e-01
253 6.181920e-01 4.452000e-03 3.773560e-01
254 6.175080e-01 4.372000e-03 3.781200e-01
255 6.167280e-01 4.408000e-03 3.788640e-01
256 6.159920e-01 4.428000e-03 3.795800e-01
257 6.153120e-01 4.216000e-03 3.804720e-01
258 6.146120e-01 4.056000e-03 3.813320e-01
259 6.139720e-01 4.048000e-03 3.819800e-01
260 6.133040e-01 3.992000e-03 3.827040e-01
261 6.125960e-01 3.992000e-03 3.834120e-01
262 6.118640e-01 3.992000e-03 3.841440e-01
263 6.110640e-01 4.148000e-03 3.847880e-01
264 6.103880e-01 4.052000e-03 3.855600e-01
265 6.096760e-01 4.036000e-03 3.862880e-01
266 6.089800e-01 4.016000e-03 3.870040e-01
267 6.083040e-01 4.024000e-03 3.876720e-01
268 6.075960e-01 4.064000e-03 3.883400e-01
269 6.068640e-01 4.044000e-03 3.890920e-01
270 6.062160e-01 4.056000e-03 3.897280e-01
271 6.055640e-01 3.920000e-03 3.905160e-01
272 6.049320e-01 3.996000e-03 3.910720e-01
273 6.043200e-01 3.992000e-03 3.916880e-01
274 6.036360e-01 4.080000e-03 3.922840e-01
275 6.030160e-01 3.980000e-03 3.930040e-01
276 6.024160e-01 3.836000e-03 3.937480e-01
277 6.017720e-01 3.768000e-03 3.944600e-01
278 6.011480e-01 3.800000e-03 3.950520e-01
279 6.005320e-01 3.728000e-03 3.957400e-01
280 5.999160e-01 3.740000e-03 3.963440e-01
281 5.993040e-01 3.740000e-03 3.969560e-01
282 5.986960e-01 3.800000e-03 3.975040e-01
283 5.980040e-01 3.768000e-03 3.982280e-01
284 5.973520e-01 3.720000e-03 3.989280e-01
285 5.967080e-01 3.736000e-03 3.995560e-01
286 5.960200e-01 3.708000e-03 4.002720e-01
287 5.954240e-01 3.692000e-03 4.008840e-01
288 5.948160e-01 3.624000e-03 4.015600e-01
289 5.942040e-01 3.584000e-03 4.022120e-01
290 5.936480e-01 3.604000e-03 4.027480e-01
291 5.931200e-01 3.404000e-03 4.034760e-01
292 5.924360e-01 3.524000e-03 4.040400e-01
293 5.918760e-01 3.396000e-03 4.047280e-01
294 5.912000e-01 3.432000e-03 4.053680e-01
295 5.906840e-01 3.328000e-03 4.059880e-01
296 5.900800e-01 3.372000e-03 4.065480e-01
297 5.893920e-01 3.512000e-03 4.070960e-01
298 5.888120e-01 3.500000e-03 4.076880e-01
299 5.883400e-01 3.368000e-03 4.082920e-01
300 5.878240e-01 3.300000e-03 4.088760e-01
301 5.872440e-01 3.288000e-03 4.094680e-01
302 5.867280e-01 3.236000e-03 4.100360e-01
303 5.862440e-01 3.144000e-03 4.106120e-01
304 5.857080e-01 3.184000e-03 4.111080e-01
305 5.851560e-01 3.216000e-03 4.116280e-01
306 5.846920e-01 3.060000e-03 4.122480e-01
307 5.840560e-01 3.208000e-03 4.127360e-01
308 5.834760e-01 3.200000e-03 4.133240e-01
309 5.828800e-01 3.260000e-03 4.138600e-01
310 5.823240e-01 3.272000e-03 4.144040e-01
311 5.817920e-01 3.176000e-03 4.150320e-01
312 5.813160e-01 3.060000e-03 4.156240e-01
313 5.807120e-01 3.128000e-03 4.161600e-01
314 5.802400e-01 3.016000e-03 4.167440e-01
315 5.797040e-01 3.040000e-03 4.172560e-01
316 5.792160e-01 3.052000e-03 4.177320e-01
317 5.787600e-01 3.052000e-03 4.181880e-01
318 5.782200e-01 3.028000e-03 4.187520e-01
319 5.777200e-01 3.000000e-03 4.192800e-01
320 5.772560e-01 2.984000e-03 4.197600e-01
321 5.768120e-01 2.980000e-03 4.202080e-01
322 5.764080e-01 2.916000e-03 4.206760e-01
323 5.759840e-01 2.900000e-03 4.211160e-01
324 5.755640e-01 2.880000e-03 4.215560e-01
325 5.750800e-01 2.788000e-03 4.221320e-01
326 5.746600e-01 2.776000e-03 4.225640e-01
327 5.742120e-01 2.752000e-03 4.230360e-01
328 5.738360e-01 2.740000e-03 4.234240e-01
329 5.733480e-01 2.740000e-03 4.239120e-01
330 5.728600e-01 2.716000e-03 4.244240e-01
331 5.724040e-01 2.676000e-03 4.249200e-01
332 5.719360e-01 2.760000e-03 4.253040e-01
333 5.714520e-01 2.772000e-03 4.257760e-01
334 5.710160e-01 2.680000e-03 4.263040e-01
335 5.706040e-01 2.684000e-03 4.267120e-01
336 5.703000e-01 2.540000e-03 4.271600e-01
337 5.699320e-01 2.436000e-03 4.276320e-01
338 5.695960e-01 2.352000e-03 4.280520e-01
339 5.692800e-01 2.304000e-03 4.284160e-01
340 5.689720e-01 2.240000e-03 4.287880e-01
341 5.685560e-01 2.248000e-03 4.291960e-01
342 5.682400e-01 2.176000e-03 4.295840e-01
343 5.679800e-01 2.020000e-03 4.300000e-01
344 5.677200e-01 1.968000e-03 4.303120e-01
345 5.673720e-01 1.964000e-03 4.306640e-01
346 5.670640e-01 1.928000e-03 4.310080e-01
347 5.667400e-01 1.996000e-03 4.312640e-01
348 5.664320e-01 1.932000e-03 4.316360e-01
349 5.660920e-01 1.924000e-03 4.319840e-01
350 5.658360e-01 1.816000e-03 4.323480e-01
351 5.655200e-01 1.872000e-03 4.326080e-01
352 5.651480e-01 1.836000e-03 4.330160e-01
353 5.648840e-01 1.804000e-03 4.333120e-01
354 5.646400e-01 1.780000e-03 4.335800e-01
355 5.643200e-01 1.792000e-03 4.338880e-01
356 5.640160e-01 1.856000e-03 4.341280e-01
357 5.636680e-01 1.848000e-03 4.344840e-01
358 5.633720e-01 1.844000e-03 4.347840e-01
359 5.630160e-01 1.924000e-03 4.350600e-01
360 5.626680e-01 1.912000e-03 4.354200e-01
361 5.623360e-01 1.920000e-03 4.357440e-01
362 5.619920e-01 1.936000e-03 4.360720e-01
363 5.616480e-01 2.004000e-03 4.363480e-01
364 5.613160e-01 2.016000e-03 4.366680e-01
365 5.610320e-01 1.980000e-03 4.369880e-01
366 5.607160e-01 2.012000e-03 4.372720e-01
367 5.604040e-01 1.984000e-03 4.376120e-01
368 5.600560e-01 2.000000e-03 4.379440e-01
369 5.597120e-01 1.996000e-03 4.382920e-01
370 5.594080e-01 1.996000e-03 4.385960e-01
371 5.591360e-01 1.924000e-03 4.389400e-01
372 5.587760e-01 1.928000e-03 4.392960e-01
373 5.584680e-01 1.904000e-03 4.396280e-01
374 5.582160e-01 1.816000e-03 4.399680e-01
375 5.579280e-01 1.804000e-03 4.402680e-01
376 5.576600e-01 1.688000e-03 4.406520e-01
377 5.573920e-01 1.660000e-03 4.409480e-01
378 5.571320e-01 1.636000e-03 4.412320e-01
379 5.568360e-01 1.636000e-03 4.415280e-01
380 5.565040e-01 1.696000e-03 4.418000e-01
381 5.562840e-01 1.676000e-03 4.420400e-01
382 5.559800e-01 1.712000e-03 4.423080e-01
383 5.556800e-01 1.736000e-03 4.425840e-01
384 5.554160e-01 1.696000e-03 4.428880e-01
385 5.551400e-01 1.704000e-03 4.431560e-01
386 5.548560e-01 1.736000e-03 4.434080e-01
387 5.545840e-01 1.656000e-03 4.437600e-01
388 5.543200e-01 1.652000e-03 4.440280e-01
389 5.540120e-01 1.664000e-03 4.443240e-01
390 5.538280e-01 1.556000e-03 4.446160e-01
391 5.535760e-01 1.480000e-03 4.449440e-01
392 5.533400e-01 1.416000e-03 4.452440e-01
393 5.529920e-01 1.540000e-03 4.454680e-01
394 5.526080e-01 1.632000e-03 4.457600e-01
395 5.522520e-01 1.628000e-03 4.461200e-01
396 5.520080e-01 1.600000e-03 4.463920e-01
397 5.516920e-01 1.648000e-03 4.466600e-01
398 5.514360e-01 1.592000e-03 4.469720e-01
399 5.511720e-01 1.576000e-03 4.472520e-01
400 5.508040e-01 1.596000e-03 4.476000e-01
401 5.505520e-01 1.588000e-03 4.478600e-01
402 5.503040e-01 1.580000e-03 4.481160e-01
403 5.500640e-01 1.540000e-03 4.483960e-01
404 5.498160e-01 1.516000e-03 4.486680e-01
405 5.495160e-01 1.560000e-03 4.489240e-01
406 5.492600e-01 1.512000e-03 4.492280e-01
407 5.489560e-01 1.584000e-03 4.494600e-01
408 5.487640e-01 1.528000e-03 4.497080e-01
409 5.485280e-01 1.576000e-03 4.498960e-01
410 5.482480e-01 1.568000e-03 4.501840e-01
411 5.479520e-01 1.532000e-03 4.505160e-01
412 5.476640e-01 1.520000e-03 4.508160e-01
413 5.474320e-01 1.504000e-03 4.510640e-01
414 5.471720e-01 1.476000e-03 4.513520e-01
415 5.469240e-01 1.508000e-03 4.515680e-01
416 5.466240e-01 1.540000e-03 4.518360e-01
417 5.463680e-01 1.540000e-03 4.520920e-01
418 5.460760e-01 1.532000e-03 4.523920e-01
419 5.457400e-01 1.608000e-03 4.526520e-01
420 5.454560e-01 1.548000e-03 4.529960e-01
421 5.452120e-01 1.516000e-03 4.532720e-01
422 5.449920e-01 1.456000e-03 4.535520e-01
423 5.447680e-01 1.404000e-03 4.538280e-01
424 5.445480e-01 1.404000e-03 4.540480e-01
425 5.443600e-01 1.368000e-03 4.542720e-01
426 5.442080e-01 1.276000e-03 4.545160e-01
427 5.440400e-01 1.216000e-03 4.547440e-01
428 5.438480e-01 1.196000e-03 4.549560e-01
429 5.436800e-01 1.124000e-03 4.551960e-01
430 5.434880e-01 1.144000e-03 4.553680e-01
431 5.433120e-01 1.136000e-03 4.555520e-01
432 5.431080e-01 1.120000e-03 4.557720e-01
433 5.429600e-01 1.084000e-03 4.559560e-01
434 5.428080e-01 1.032000e-03 4.561600e-01
435 5.426240e-01 1.068000e-03 4.563080e-01
436 5.424600e-01 1.024000e-03 4.565160e-01
437 5.423000e-01 1.008000e-03 4.566920e-01
438 5.421400e-01 9.920000e-04 4.568680e-01
439 5.419760e-01 9.840000e-04 4.570400e-01
440 5.417680e-01 1.028000e-03 4.572040e-01
441 5.415560e-01 1.060000e-03 4.573840e-01
442 5.413680e-01 1.076000e-03 4.575560e-01
443 5.411400e-01 1.144000e-03 4.577160e-01
444 5.409440e-01 1.108000e-03 4.579480e-01
445 5.407400e-01 1.144000e-03 4.581160e-01
446 5.405400e-01 1.088000e-03 4.583720e-01
447 5.403880e-01 1.036000e-03 4.585760e-01
448 5.401920e-01 1.028000e-03 4.587800e-01
449 5.400040e-01 1.076000e-03 4.589200e-01
450 5.398000e-01 1.116000e-03 4.590840e-01
451 5.396480e-01 1.088000e-03 4.592640e-01
452 5.394520e-01 1.108000e-03 4.594400e-01
453 5.392800e-01 1.080000e-03 4.596400e-01
454 5.391160e-01 1.092000e-03 4.597920e-01
455 5.388920e-01 1.136000e-03 4.599720e-01
456 5.387520e-01 1.120000e-03 4.601280e-01
457 5.385440e-01 1.132000e-03 4.603240e-01
458 5.383120e-01 1.200000e-03 4.604880e-01
459 5.381000e-01 1.248000e-03 4.606520e-01
460 5.378640e-01 1.268000e-03 4.608680e-01
461 5.375880e-01 1.356000e-03 4.610560e-01
462 5.373840e-01 1.300000e-03 4.613160e-01
463 5.371520e-01 1.288000e-03 4.615600e-01
464 5.369600e-01 1.292000e-03 4.617480e-01
465 5.367520e-01 1.284000e-03 4.619640e-01
466 5.365800e-01 1.224000e-03 4.621960e-01
467 5.364320e-01 1.124000e-03 4.624440e-01
468 5.362920e-01 1.068000e-03 4.626400e-01
469 5.361280e-01 1.040000e-03 4.628320e-01
470 5.359720e-01 1.020000e-03 4.630080e-01
471 5.358440e-01 9.640000e-04 4.631920e-01
472 5.357160e-01 9.520000e-04 4.633320e-01
473 5.355840e-01 9.160000e-04 4.635000e-01
474 5.354520e-01 9.160000e-04 4.636320e-01
475 5.353040e-01 9.120000e-04 4.637840e-01
476 5.351880e-01 8.680000e-04 4.639440e-01
477 5.350480e-01 8.280000e-04 4.641240e-01
478 5.348720e-01 8.840000e-04 4.642440e-01
479 5.347120e-01 8.600000e-04 4.644280e-01
480 5.345560e-01 8.200000e-04 4.646240e-01
481 5.343400e-01 8.720000e-04 4.647880e-01
482 5.341680e-01 9.120000e-04 4.649200e-01
483 5.340160e-01 9.080000e-04 4.650760e-01
484 5.338760e-01 9.080000e-04 4.652160e-01
485 5.337200e-01 8.800000e-04 4.654000e-01
486 5.336040e-01 8.360000e-04 4.655600e-01
487 5.334520e-01 8.760000e-04 4.656720e-01
488 5.333200e-01 8.240000e-04 4.658560e-01
489 5.332360e-01 7.280000e-04 4.660360e-01
490 5.331240e-01 7.080000e-04 4.661680e-01
491 5.330040e-01 7.320000e-04 4.662640e-01
492 5.328800e-01 7.640000e-04 4.663560e-01
493 5.327440e-01 7.600000e-04 4.664960e-01
494 5.326080e-01 7.800000e-04 4.666120e-01
495 5.325320e-01 7.040000e-04 4.667640e-01
496 5.324560e-01 6.760000e-04 4.668680e-01
497 5.323440e-01 6.400000e-04 4.670160e-01
498 5.322440e-01 6.200000e-04 4.671360e-01
499 5.321800e-01 5.680000e-04 4.672520e-01
500 5.320920e-01 5.320000e-04 4.673760e-01
