1 9.991720e-01 7.400000e-04 8.800000e-05
2 9.986080e-01 1.176000e-03 2.160000e-04
3 9.980240e-01 1.540000e-03 4.360000e-04
4 9.972320e-01 2.016000e-03 7.520000e-04
5 9.964480e-01 2.448000e-03 1.104000e-03
6 9.955240e-01 2.912000e-03 1.564000e-03
7 9.945800e-01 3.296000e-03 2.124000e-03
8 9.936440e-01 3.648000e-03 2.708000e-03
9 9.926320e-01 4.000000e-03 3.368000e-03
10 9.916120e-01 4.268000e-03 4.120000e-03
11 9.905800e-01 4.504000e-03 4.916000e-03
12 9.895800e-01 4.640000e-03 5.780000e-03
13 9.884800e-01 4.956000e-03 6.564000e-03
14 9.875040e-01 5.076000e-03 7.420000e-03
15 9.863080e-01 5.500000e-03 8.192000e-03
16 9.850720e-01 5.660000e-03 9.268000e-03
17 9.838200e-01 5.876000e-03 1.030400e-02
18 9.827920e-01 5.800000e-03 1.140800e-02
19 9.817280e-01 5.816000e-03 1.245600e-02
20 9.806240e-01 5.972000e-03 1.340400e-02
21 9.794800e-01 6.024000e-03 1.449600e-02
22 9.784720e-01 5.948000e-03 1.558000e-02
23 9.772720e-01 6.052000e-03 1.667600e-02
24 9.760520e-01 6.260000e-03 1.768800e-02
25 9.748080e-01 6.324000e-03 1.886800e-02
26 9.734440e-01 6.596000e-03 1.996000e-02
27 9.720520e-01 6.844000e-03 2.110400e-02
28 9.706800e-01 6.940000e-03 2.238000e-02
29 9.691440e-01 7.212000e-03 2.364400e-02
30 9.677680e-01 7.288000e-03 2.494400e-02
31 9.664480e-01 7.264000e-03 2.628800e-02
32 9.650640e-01 7.480000e-03 2.745600e-02
33 9.636560e-01 7.528000e-03 2.881600e-02
34 9.621640e-01 7.716000e-03 3.012000e-02
35 9.607000e-01 7.836000e-03 3.146400e-02
36 9.592400e-01 7.908000e-03 3.285200e-02
37 9.577040e-01 8.108000e-03 3.418800e-02
38 9.561000e-01 8.280000e-03 3.562000e-02
39 9.546560e-01 8.256000e-03 3.708800e-02
40 9.530520e-01 8.396000e-03 3.855200e-02
41 9.515360e-01 8.308000e-03 4.015600e-02
42 9.498720e-01 8.340000e-03 4.178800e-02
43 9.484160e-01 8.380000e-03 4.320400e-02
44 9.468600e-01 8.412000e-03 4.472800e-02
45 9.453880e-01 8.548000e-03 4.606400e-02
46 9.439720e-01 8.560000e-03 4.746800e-02
47 9.423920e-01 8.660000e-03 4.894800e-02
48 9.407960e-01 8.776000e-03 5.042800e-02
49 9.393040e-01 8.724000e-03 5.197200e-02
50 9.377360e-01 8.800000e-03 5.346400e-02
51 9.361840e-01 8.820000e-03 5.499600e-02
52 9.344920e-01 8.928000e-03 5.658000e-02
53 9.326720e-01 9.084000e-03 5.824400e-02
54 9.310040e-01 9.124000e-03 5.987200e-02
55 9.292720e-01 9.136000e-03 6.159200e-02
56 9.277320e-01 9.128000e-03 6.314000e-02
57 9.260480e-01 9.380000e-03 6.457200e-02
58 9.245040e-01 9.360000e-03 6.613600e-02
59 9.227000e-01 9.460000e-03 6.784000e-02
60 9.210960e-01 9.456000e-03 6.944800e-02
61 9.194560e-01 9.528000e-03 7.101600e-02
62 9.177000e-01 9.500000e-03 7.280000e-02
63 9.159080e-01 9.632000e-03 7.446000e-02
64 9.141040e-01 9.624000e-03 7.627200e-02
65 9.123800e-01 9.616000e-03 7.800400e-02
66 9.109000e-01 9.392000e-03 7.970800e-02
67 9.091800e-01 9.496000e-03 8.132400e-02
68 9.074800e-01 9.424000e-03 8.309600e-02
69 9.059360e-01 9.352000e-03 8.471200e-02
70 9.043760e-01 9.368000e-03 8.625600e-02
71 9.028120e-01 9.212000e-03 8.797600e-02
72 9.010880e-01 9.296000e-03 8.961600e-02
73 8.992520e-01 9.588000e-03 9.116000e-02
74 8.974760e-01 9.560000e-03 9.296400e-02
75 8.956280e-01 9.728000e-03 9.464400e-02
76 8.939080e-01 9.816000e-03 9.627600e-02
77 8.922720e-01 9.644000e-03 9.808400e-02
78 8.905720e-01 9.772000e-03 9.965600e-02
79 8.888680e-01 9.864000e-03 1.012680e-01
80 8.871120e-01 9.736000e-03 1.031520e-01
81 8.855400e-01 9.612000e-03 1.048480e-01
82 8.837800e-01 9.800000e-03 1.064200e-01
83 8.821160e-01 9.612000e-03 1.082720e-01
84 8.805200e-01 9.612000e-03 1.098680e-01
85 8.788600e-01 9.632000e-03 1.115080e-01
86 8.772480e-01 9.616000e-03 1.131360e-01
87 8.754400e-01 9.680000e-03 1.148800e-01
88 8.738040e-01 9.756000e-03 1.164400e-01
89 8.720480e-01 9.832000e-03 1.181200e-01
90 8.703800e-01 9.872000e-03 1.197480e-01
91 8.686960e-01 9.860000e-03 1.214440e-01
92 8.669240e-01 9.856000e-03 1.232200e-01
93 8.653520e-01 9.652000e-03 1.249960e-01
94 8.638160e-01 9.540000e-03 1.266440e-01
95 8.622680e-01 9.348000e-03 1.283840e-01
96 8.606400e-01 9.384000e-03 1.299760e-01
97 8.590640e-01 9.220000e-03 1.317160e-01
98 8.575720e-01 8.992000e-03 1.334360e-01
99 8.558840e-01 9.128000e-03 1.349880e-01
100 8.541920e-01 9.192000e-03 1.366160e-01
101 8.526960e-01 9.196000e-03 1.381080e-01
102 8.511280e-01 9.300000e-03 1.395720e-01
103 8.495520e-01 9.360000e-03 1.410880e-01
104 8.479440e-01 9.224000e-03 1.428320e-01
105 8.463400e-01 9.120000e-03 1.445400e-01
106 8.446960e-01 9.128000e-03 1.461760e-01
107 8.430920e-01 9.200000e-03 1.477080e-01
108 8.415080e-01 9.224000e-03 1.492680e-01
109 8.398880e-01 9.268000e-03 1.508440e-01
110 8.381840e-01 9.216000e-03 1.526000e-01
111 8.364680e-01 9.192000e-03 1.543400e-01
112 8.348080e-01 9.168000e-03 1.560240e-01
113 8.329960e-01 9.372000e-03 1.576320e-01
114 8.313240e-01 9.404000e-03 1.592720e-01
115 8.296000e-01 9.524000e-03 1.608760e-01
116 8.279720e-01 9.492000e-03 1.625360e-01
117 8.263720e-01 9.468000e-03 1.641600e-01
118 8.248320e-01 9.384000e-03 1.657840e-01
119 8.232720e-01 9.248000e-03 1.674800e-01
120 8.216720e-01 9.212000e-03 1.691160e-01
121 8.202120e-01 9.112000e-03 1.706760e-01
122 8.187000e-01 8.884000e-03 1.724160e-01
123 8.172400e-01 8.740000e-03 1.740200e-01
124 8.158000e-01 8.680000e-03 1.755200e-01
125 8.140840e-01 8.784000e-03 1.771320e-01
126 8.126320e-01 8.624000e-03 1.787440e-01
127 8.109720e-01 8.644000e-03 1.803840e-01
128 8.093840e-01 8.556000e-03 1.820600e-01
129 8.077520e-01 8.648000e-03 1.836000e-01
130 8.062680e-01 8.500000e-03 1.852320e-01
131 8.046840e-01 8.596000e-03 1.867200e-01
132 8.031560e-01 8.816000e-03 1.880280e-01
133 8.015440e-01 8.880000e-03 1.895760e-01
134 8.000160e-01 8.760000e-03 1.912240e-01
135 7.987520e-01 8.496000e-03 1.927520e-01
136 7.974520e-01 8.344000e-03 1.942040e-01
137 7.961560e-01 8.084000e-03 1.957600e-01
138 7.948560e-01 7.912000e-03 1.972320e-01
139 7.936480e-01 7.808000e-03 1.985440e-01
140 7.924600e-01 7.720000e-03 1.998200e-01
141 7.912040e-01 7.624000e-03 2.011720e-01
142 7.899440e-01 7.520000e-03 2.025360e-01
143 7.886680e-01 7.524000e-03 2.038080e-01
144 7.873600e-01 7.604000e-03 2.050360e-01
145 7.862040e-01 7.464000e-03 2.063320e-01
146 7.850120e-01 7.336000e-03 2.076520e-01
147 7.837840e-01 7.428000e-03 2.087880e-01
148 7.824280e-01 7.492000e-03 2.100800e-01
149 7.813040e-01 7.356000e-03 2.113400e-01
150 7.802040e-01 7.156000e-03 2.126400e-01
151 7.790400e-01 7.192000e-03 2.137680e-01
152 7.778440e-01 7.096000e-03 2.150600e-01
153 7.766720e-01 6.936000e-03 2.163920e-01
154 7.756280e-01 6.716000e-03 2.176560e-01
155 7.746680e-01 6.520000e-03 2.188120e-01
156 7.735200e-01 6.512000e-03 2.199680e-01
157 7.725000e-01 6.312000e-03 2.211880e-01
158 7.714080e-01 6.352000e-03 2.222400e-01
159 7.702800e-01 6.488000e-03 2.232320e-01
160 7.692440e-01 6.420000e-03 2.243360e-01
161 7.681560e-01 6.492000e-03 2.253520e-01
162 7.670600e-01 6.480000e-03 2.264600e-01
163 7.660360e-01 6.392000e-03 2.275720e-01
164 7.650040e-01 6.284000e-03 2.287120e-01
165 7.640160e-01 6.188000e-03 2.297960e-01
166 7.630720e-01 5.964000e-03 2.309640e-01
167 7.620760e-01 5.900000e-03 2.320240e-01
168 7.609680e-01 5.920000e-03 2.331120e-01
169 7.599960e-01 5.932000e-03 2.340720e-01
170 7.588880e-01 6.032000e-03 2.350800e-01
171 7.579040e-01 5.952000e-03 2.361440e-01
172 7.569400e-01 5.916000e-03 2.371440e-01
173 7.560280e-01 5.724000e-03 2.382480e-01
174 7.551080e-01 5.620000e-03 2.392720e-01
175 7.542080e-01 5.532000e-03 2.402600e-01
176 7.533240e-01 5.492000e-03 2.411840e-01
177 7.524240e-01 5.540000e-03 2.420360e-01
178 7.516520e-01 5.348000e-03 2.430000e-01
179 7.507080e-01 5.384000e-03 2.439080e-01
180 7.497160e-01 5.444000e-03 2.448400e-01
181 7.487760e-01 5.404000e-03 2.458200e-01
182 7.479320e-01 5.264000e-03 2.468040e-01
183 7.468440e-01 5.464000e-03 2.476920e-01
184 7.459560e-01 5.488000e-03 2.485560e-01
185 7.450000e-01 5.420000e-03 2.495800e-01
186 7.440680e-01 5.440000e-03 2.504920e-01
187 7.429880e-01 5.596000e-03 2.514160e-01
188 7.420200e-01 5.616000e-03 2.523640e-01
189 7.410280e-01 5.608000e-03 2.533640e-01
190 7.400960e-01 5.680000e-03 2.542240e-01
191 7.391240e-01 5.636000e-03 2.552400e-01
192 7.381400e-01 5.728000e-03 2.561320e-01
193 7.373080e-01 5.564000e-03 2.571280e-01
194 7.363520e-01 5.592000e-03 2.580560e-01
195 7.352920e-01 5.732000e-03 2.589760e-01
196 7.343160e-01 5.708000e-03 2.599760e-01
197 7.332480e-01 5.776000e-03 2.609760e-01
198 7.323840e-01 5.668000e-03 2.619480e-01
199 7.314160e-01 5.584000e-03 2.630000e-01
200 7.304360e-01 5.536000e-03 2.640280e-01
201 7.294800e-01 5.316000e-03 2.652040e-01
202 7.285360e-01 5.312000e-03 2.661520e-01
203 7.275720e-01 5.344000e-03 2.670840e-01
204 7.266560e-01 5.364000e-03 2.679800e-01
205 7.257880e-01 5.272000e-03 2.689400e-01
206 7.249160e-01 5.260000e-03 2.698240e-01
207 7.240600e-01 5.196000e-03 2.707440e-01
208 7.231640e-01 5.220000e-03 2.716160e-01
209 7.222320e-01 5.264000e-03 2.725040e-01
210 7.213680e-01 5.232000e-03 2.734000e-01
211 7.205880e-01 5.192000e-03 2.742200e-01
212 7.197360e-01 5.176000e-03 2.750880e-01
213 7.188640e-01 5.124000e-03 2.760120e-01
214 7.180360e-01 5.120000e-03 2.768440e-01
215 7.172560e-01 4.980000e-03 2.777640e-01
216 7.163400e-01 4.976000e-03 2.786840e-01
217 7.155640e-01 4.952000e-03 2.794840e-01
218 7.147240e-01 4.964000e-03 2.803120e-01
219 7.139480e-01 4.800000e-03 2.812520e-01
220 7.132200e-01 4.596000e-03 2.821840e-01
221 7.125240e-01 4.508000e-03 2.829680e-01
222 7.118080e-01 4.440000e-03 2.837520e-01
223 7.110600e-01 4.340000e-03 2.846000e-01
224 7.102480e-01 4.412000e-03 2.853400e-01
225 7.094920e-01 4.420000e-03 2.860880e-01
226 7.087120e-01 4.460000e-03 2.868280e-01
227 7.079360e-01 4.508000e-03 2.875560e-01
228 7.072040e-01 4.448000e-03 2.883480e-01
229 7.063000e-01 4.556000e-03 2.891440e-01
230 7.054400e-01 4.568000e-03 2.899920e-01
231 7.045840e-01 4.700000e-03 2.907160e-01
232 7.037400e-01 4.716000e-03 2.915440e-01
233 7.029040e-01 4.676000e-03 2.924200e-01
234 7.022920e-01 4.452000e-03 2.932560e-01
235 7.015920e-01 4.372000e-03 2.940360e-01
236 7.009480e-01 4.260000e-03 2.947920e-01
237 7.002960e-01 4.204000e-03 2.955000e-01
238 6.995800e-01 4.204000e-03 2.962160e-01
239 6.987360e-01 4.296000e-03 2.969680e-01
240 6.980360e-01 4.236000e-03 2.977280e-01
241 6.971960e-01 4.324000e-03 2.984800e-01
242 6.963680e-01 4.320000e-03 2.993120e-01
243 6.955640e-01 4.400000e-03 3.000360e-01
244 6.947720e-01 4.392000e-03 3.008360e-01
245 6.939600e-01 4.508000e-03 3.015320e-01
246 6.932280e-01 4.572000e-03 3.022000e-01
247 6.923720e-01 4.560000e-03 3.030680e-01
248 6.916480e-01 4.480000e-03 3.038720e-01
249 6.909520e-01 4.332000e-03 3.047160e-01
250 6.902440e-01 4.372000e-03 3.053840e-01
251 6.894880e-01 4.316000e-03 3.061960e-01
252 6.886840e-01 4.292000e-03 3.070240e-01
253 6.878200e-01 4.404000e-03 3.077760e-01
254 6.870760e-01 4.380000e-03 3.085440e-01
255 6.863240e-01 4.348000e-03 3.093280e-01
256 6.855600e-01 4.400000e-03 3.100400e-01
257 6.849160e-01 4.312000e-03 3.107720e-01
258 6.841760e-01 4.320000e-03 3.115040e-01
259 6.834080e-01 4.428000e-03 3.121640e-01
260 6.824040e-01 4.648000e-03 3.129480e-01
261 6.816320e-01 4.692000e-03 3.136760e-01
262 6.806920e-01 4.820000e-03 3.144880e-01
263 6.797600e-01 4.968000e-03 3.152720e-01
264 6.788520e-01 4.980000e-03 3.161680e-01
265 6.779920e-01 4.904000e-03 3.171040e-01
266 6.772600e-01 4.740000e-03 3.180000e-01
267 6.764600e-01 4.672000e-03 3.188680e-01
268 6.757560e-01 4.604000e-03 3.196400e-01
269 6.749960e-01 4.504000e-03 3.205000e-01
270 6.742160e-01 4.388000e-03 3.213960e-01
271 6.734280e-01 4.464000e-03 3.221080e-01
272 6.725960e-01 4.624000e-03 3.227800e-01
273 6.718240e-01 4.640000e-03 3.235360e-01
274 6.711440e-01 4.508000e-03 3.243480e-01
275 6.704480e-01 4.432000e-03 3.251200e-01
276 6.697360e-01 4.372000e-03 3.258920e-01
277 6.690880e-01 4.300000e-03 3.266120e-01
278 6.683680e-01 4.252000e-03 3.273800e-01
279 6.677560e-01 4.136000e-03 3.281080e-01
280 6.671080e-01 4.156000e-03 3.287360e-01
281 6.664120e-01 4.148000e-03 3.294400e-01
282 6.657640e-01 4.112000e-03 3.301240e-01
283 6.651000e-01 3.960000e-03 3.309400e-01
284 6.644120e-01 3.980000e-03 3.316080e-01
285 6.637600e-01 4.000000e-03 3.322400e-01
286 6.630440e-01 3.960000e-03 3.329960e-01
287 6.623520e-01 3.964000e-03 3.336840e-01
288 6.617480e-01 3.852000e-03 3.344000e-01
289 6.611360e-01 3.832000e-03 3.350320e-01
290 6.604320e-01 3.860000e-03 3.357080e-01
291 6.597640e-01 3.888000e-03 3.363480e-01
292 6.591000e-01 3.960000e-03 3.369400e-01
293 6.585600e-01 3.896000e-03 3.375440e-01
294 6.578400e-01 3.936000e-03 3.382240e-01
295 6.571440e-01 3.960000e-03 3.388960e-01
296 6.564720e-01 3.908000e-03 3.396200e-01
297 6.559280e-01 3.836000e-03 3.402360e-01
298 6.552640e-01 3.828000e-03 3.409080e-01
299 6.545760e-01 3.840000e-03 3.415840e-01
300 6.539600e-01 3.780000e-03 3.422600e-01
301 6.533960e-01 3.672000e-03 3.429320e-01
302 6.527400e-01 3.632000e-03 3.436280e-01
303 6.520000e-01 3.756000e-03 3.442440e-01
304 6.514360e-01 3.648000e-03 3.449160e-01
305 6.507640e-01 3.764000e-03 3.454720e-01
306 6.501600e-01 3.624000e-03 3.462160e-01
307 6.495880e-01 3.540000e-03 3.468720e-01
308 6.490080e-01 3.472000e-03 3.475200e-01
309 6.484640e-01 3.472000e-03 3.480640e-01
310 6.479320e-01 3.384000e-03 3.486840e-01
311 6.473560e-01 3.380000e-03 3.492640e-01
312 6.467400e-01 3.356000e-03 3.499040e-01
313 6.462880e-01 3.240000e-03 3.504720e-01
314 6.458320e-01 3.096000e-03 3.510720e-01
315 6.454080e-01 3.084000e-03 3.515080e-01
316 6.448920e-01 3.096000e-03 3.520120e-01
317 6.444040e-01 3.064000e-03 3.525320e-01
318 6.439280e-01 3.112000e-03 3.529600e-01
319 6.434840e-01 3.028000e-03 3.534880e-01
320 6.430080e-01 2.948000e-03 3.540440e-01
321 6.426120e-01 2.868000e-03 3.545200e-01
322 6.422000e-01 2.788000e-03 3.550120e-01
323 6.418560e-01 2.644000e-03 3.555000e-01
324 6.413880e-01 2.616000e-03 3.559960e-01
325 6.410160e-01 2.556000e-03 3.564280e-01
326 6.405480e-01 2.608000e-03 3.568440e-01
327 6.401120e-01 2.536000e-03 3.573520e-01
328 6.397040e-01 2.508000e-03 3.577880e-01
329 6.393880e-01 2.404000e-03 3.582080e-01
330 6.389680e-01 2.340000e-03 3.586920e-01
331 6.386360e-01 2.356000e-03 3.590080e-01
332 6.382640e-01 2.320000e-03 3.594160e-01
333 6.379400e-01 2.248000e-03 3.598120e-01
334 6.375520e-01 2.224000e-03 3.602240e-01
335 6.372000e-01 2.204000e-03 3.605960e-01
336 6.368160e-01 2.232000e-03 3.609520e-01
337 6.364120e-01 2.240000e-03 3.613480e-01
338 6.360000e-01 2.240000e-03 3.617600e-01
339 6.356960e-01 2.144000e-03 3.621600e-01
340 6.353640e-01 2.084000e-03 3.625520e-01
341 6.350120e-01 2.076000e-03 3.629120e-01
342 6.346240e-01 2.044000e-03 3.633320e-01
343 6.342480e-01 2.124000e-03 3.636280e-01
344 6.339080e-01 2.076000e-03 3.640160e-01
345 6.335600e-01 2.104000e-03 3.643360e-01
346 6.332000e-01 2.068000e-03 3.647320e-01
347 6.328080e-01 2.100000e-03 3.650920e-01
348 6.323840e-01 2.164000e-03 3.654520e-01
349 6.319640e-01 2.212000e-03 3.658240e-01
350 6.315800e-01 2.264000e-03 3.661560e-01
351 6.311400e-01 2.280000e-03 3.665800e-01
352 6.307160e-01 2.280000e-03 3.670040e-01
353 6.303680e-01 2.208000e-03 3.674240e-01
354 6.299880e-01 2.228000e-03 3.677840e-01
355 6.295680e-01 2.304000e-03 3.681280e-01
356 6.292800e-01 2.156000e-03 3.685640e-01
357 6.289920e-01 2.120000e-03 3.688880e-01
358 6.286440e-01 2.160000e-03 3.691960e-01
359 6.283600e-01 2.048000e-03 3.695920e-01
360 6.280120e-01 2.068000e-03 3.699200e-01
361 6.277400e-01 2.036000e-03 3.702240e-01
362 6.273920e-01 2.032000e-03 3.705760e-01
363 6.270560e-01 2.032000e-03 3.709120e-01
364 6.267400e-01 1.984000e-03 3.712760e-01
365 6.264320e-01 1.956000e-03 3.716120e-01
366 6.261360e-01 1.892000e-03 3.719720e-01
367 6.257800e-01 1.928000e-03 3.722920e-01
368 6.255000e-01 1.828000e-03 3.726720e-01
369 6.251640e-01 1.880000e-03 3.729560e-01
370 6.249080e-01 1.772000e-03 3.733200e-01
371 6.246200e-01 1.820000e-03 3.735600e-01
372 6.242960e-01 1.836000e-03 3.738680e-01
373 6.239640e-01 1.800000e-03 3.742360e-01
374 6.237520e-01 1.708000e-03 3.745400e-01
375 6.234200e-01 1.728000e-03 3.748520e-01
376 6.231160e-01 1.736000e-03 3.751480e-01
377 6.229160e-01 1.652000e-03 3.754320e-01
378 6.226680e-01 1.612000e-03 3.757200e-01
379 6.224000e-01 1.632000e-03 3.759680e-01
380 6.221280e-01 1.648000e-03 3.762240e-01
381 6.218520e-01 1.584000e-03 3.765640e-01
382 6.215720e-01 1.580000e-03 3.768480e-01
383 6.212600e-01 1.600000e-03 3.771400e-01
384 6.209560e-01 1.668000e-03 3.773760e-01
385 6.207400e-01 1.608000e-03 3.776520e-01
386 6.205200e-01 1.600000e-03 3.778800e-01
387 6.203080e-01 1.492000e-03 3.782000e-01
388 6.201400e-01 1.388000e-03 3.784720e-01
389 6.199120e-01 1.404000e-03 3.786840e-01
390 6.197200e-01 1.292000e-03 3.789880e-01
391 6.195040e-01 1.256000e-03 3.792400e-01
392 6.191880e-01 1.368000e-03 3.794440e-01
393 6.188680e-01 1.488000e-03 3.796440e-01
394 6.185960e-01 1.488000e-03 3.799160e-01
395 6.183280e-01 1.492000e-03 3.801800e-01
396 6.180280e-01 1.528000e-03 3.804440e-01
397 6.177440e-01 1.484000e-03 3.807720e-01
398 6.175120e-01 1.464000e-03 3.810240e-01
399 6.172080e-01 1.524000e-03 3.812680e-01
400 6.169320e-01 1.520000e-03 3.815480e-01
401 6.167000e-01 1.500000e-03 3.818000e-01
402 6.164520e-01 1.472000e-03 3.820760e-01
403 6.162400e-01 1.444000e-03 3.823160e-01
404 6.159920e-01 1.432000e-03 3.825760e-01
405 6.157880e-01 1.416000e-03 3.827960e-01
406 6.156120e-01 1.380000e-03 3.830080e-01
407 6.154520e-01 1.324000e-03 3.832240e-01
408 6.152200e-01 1.308000e-03 3.834720e-01
409 6.150240e-01 1.260000e-03 3.837160e-01
410 6.148280e-01 1.188000e-03 3.839840e-01
411 6.146280e-01 1.224000e-03 3.841480e-01
412 6.144640e-01 1.168000e-03 3.843680e-01
413 6.142640e-01 1.188000e-03 3.845480e-01
414 6.140800e-01 1.148000e-03 3.847720e-01
415 6.139000e-01 1.120000e-03 3.849800e-01
416 6.137480e-01 1.112000e-03 3.851400e-01
417 6.136240e-01 1.064000e-03 3.853120e-01
418 6.134760e-01 1.020000e-03 3.855040e-01
419 6.133520e-01 9.440000e-04 3.857040e-01
420 6.132320e-01 9.360000e-04 3.858320e-01
421 6.130520e-01 9.440000e-04 3.860040e-01
422 6.129240e-01 8.920000e-04 3.861840e-01
423 6.127920e-01 8.920000e-04 3.863160e-01
424 6.127200e-01 8.040000e-04 3.864760e-01
425 6.126160e-01 7.640000e-04 3.866200e-01
426 6.125120e-01 7.200000e-04 3.867680e-01
427 6.123880e-01 6.680000e-04 3.869440e-01
428 6.122600e-01 6.680000e-04 3.870720e-01
429 6.121040e-01 7.120000e-04 3.871840e-01
430 6.119240e-01 8.280000e-04 3.872480e-01
431 6.118000e-01 8.320000e-04 3.873680e-01
432 6.115960e-01 8.840000e-04 3.875200e-01
433 6.114440e-01 8.840000e-04 3.876720e-01
434 6.112880e-01 8.680000e-04 3.878440e-01
435 6.111720e-01 8.320000e-04 3.879960e-01
436 6.110160e-01 8.560000e-04 3.881280e-01
437 6.108920e-01 7.560000e-04 3.883520e-01
438 6.107560e-01 7.560000e-04 3.884880e-01
439 6.105920e-01 7.680000e-04 3.886400e-01
440 6.104400e-01 7.840000e-04 3.887760e-01
441 6.103160e-01 7.600000e-04 3.889240e-01
442 6.102200e-01 6.880000e-04 3.890920e-01
443 6.101000e-01 6.880000e-04 3.892120e-01
444 6.099920e-01 6.720000e-04 3.893360e-01
445 6.098760e-01 6.440000e-04 3.894800e-01
446 6.097800e-01 6.400000e-04 3.895800e-01
447 6.096720e-01 6.520000e-04 3.896760e-01
448 6.096200e-01 5.920000e-04 3.897880e-01
449 6.094840e-01 6.080000e-04 3.899080e-01
450 6.093880e-01 5.920000e-04 3.900200e-01
451 6.093000e-01 6.160000e-04 3.900840e-01
452 6.091960e-01 6.160000e-04 3.901880e-01
453 6.091000e-01 5.880000e-04 3.903120e-01
454 6.090120e-01 6.000000e-04 3.903880e-01
455 6.089000e-01 5.960000e-04 3.905040e-01
456 6.088200e-01 5.920000e-04 3.905880e-01
457 6.086760e-01 6.360000e-04 3.906880e-01
458 6.085600e-01 6.440000e-04 3.907960e-01
459 6.084240e-01 6.840000e-04 3.908920e-01
460 6.083280e-01 6.600000e-04 3.910120e-01
461 6.082360e-01 6.440000e-04 3.911200e-01
462 6.081240e-01 6.400000e-04 3.912360e-01
463 6.080000e-01 6.720000e-04 3.913280e-01
464 6.078960e-01 6.440000e-04 3.914600e-01
465 6.077200e-01 7.080000e-04 3.915720e-01
466 6.075960e-01 6.920000e-04 3.917120e-01
467 6.074800e-01 6.880000e-04 3.918320e-01
468 6.073520e-01 7.240000e-04 3.919240e-01
469 6.071680e-01 7.520000e-04 3.920800e-01
470 6.070080e-01 8.120000e-04 3.921800e-01
471 6.069160e-01 7.520000e-04 3.923320e-01
472 6.068200e-01 7.120000e-04 3.924680e-01
473 6.067320e-01 6.720000e-04 3.925960e-01
474 6.066040e-01 7.320000e-04 3.926640e-01
475 6.064840e-01 7.040000e-04 3.928120e-01
476 6.063560e-01 6.920000e-04 3.929520e-01
477 6.062400e-01 7.160000e-04 3.930440e-01
478 6.061640e-01 6.800000e-04 3.931560e-01
479 6.060840e-01 6.400000e-04 3.932760e-01
480 6.059240e-01 6.840000e-04 3.933920e-01
481 6.058280e-01 6.720000e-04 3.935000e-01
482 6.057280e-01 6.480000e-04 3.936240e-01
483 6.055800e-01 6.840000e-04 3.937360e-01
484 6.054880e-01 6.680000e-04 3.938440e-01
485 6.053520e-01 7.120000e-04 3.939360e-01
486 6.052720e-01 6.920000e-04 3.940360e-01
487 6.051560e-01 6.880000e-04 3.941560e-01
488 6.050440e-01 6.520000e-04 3.943040e-01
489 6.049680e-01 6.520000e-04 3.943800e-01
490 6.048960e-01 6.080000e-04 3.944960e-01
491 6.048080e-01 5.840000e-04 3.946080e-01
492 6.047360e-01 5.360000e-04 3.947280e-01
493 6.046520e-01 5.520000e-04 3.947960e-01
494 6.045400e-01 5.920000e-04 3.948680e-01
495 6.044560e-01 5.760000e-04 3.949680e-01
496 6.043040e-01 6.280000e-04 3.950680e-01
497 6.041960e-01 6.120000e-04 3.951920e-01
498 6.040680e-01 6.440000e-04 3.952880e-01
499 6.039880e-01 5.920000e-04 3.954200e-01
500 6.038880e-01 5.640000e-04 3.955480e-01
