1 9.992320e-01 6.640000e-04 1.040000e-04
2 9.987120e-01 1.036000e-03 2.520000e-04
3 9.979880e-01 1.552000e-03 4.600000e-04
4 9.972520e-01 1.956000e-03 7.920000e-04
5 9.964480e-01 2.432000e-03 1.120000e-03
6 9.955600e-01 2.852000e-03 1.588000e-03
7 9.946320e-01 3.252000e-03 2.116000e-03
8 9.936280e-01 3.620000e-03 2.752000e-03
9 9.926000e-01 3.996000e-03 3.404000e-03
10 9.914960e-01 4.376000e-03 4.128000e-03
11 9.903200e-01 4.720000e-03 4.960000e-03
12 9.891200e-01 5.056000e-03 5.824000e-03
13 9.879920e-01 5.204000e-03 6.804000e-03
14 9.869520e-01 5.396000e-03 7.652000e-03
15 9.857680e-01 5.704000e-03 8.528000e-03
16 9.844360e-01 6.012000e-03 9.552000e-03
17 9.832920e-01 6.008000e-03 1.070000e-02
18 9.822640e-01 5.964000e-03 1.177200e-02
19 9.809880e-01 6.128000e-03 1.288400e-02
20 9.795720e-01 6.352000e-03 1.407600e-02
21 9.782000e-01 6.520000e-03 1.528000e-02
22 9.768160e-01 6.824000e-03 1.636000e-02
23 9.755240e-01 6.980000e-03 1.749600e-02
24 9.740960e-01 7.120000e-03 1.878400e-02
25 9.728200e-01 7.120000e-03 2.006000e-02
26 9.714440e-01 7.232000e-03 2.132400e-02
27 9.701920e-01 7.188000e-03 2.262000e-02
28 9.688520e-01 7.244000e-03 2.390400e-02
29 9.674960e-01 7.356000e-03 2.514800e-02
30 9.661240e-01 7.476000e-03 2.640000e-02
31 9.647920e-01 7.500000e-03 2.770800e-02
32 9.633480e-01 7.648000e-03 2.900400e-02
33 9.619760e-01 7.664000e-03 3.036000e-02
34 9.604640e-01 7.924000e-03 3.161200e-02
35 9.591600e-01 7.924000e-03 3.291600e-02
36 9.575680e-01 8.032000e-03 3.440000e-02
37 9.560560e-01 8.156000e-03 3.578800e-02
38 9.544560e-01 8.332000e-03 3.721200e-02
39 9.528200e-01 8.536000e-03 3.864400e-02
40 9.512800e-01 8.552000e-03 4.016800e-02
41 9.495640e-01 8.748000e-03 4.168800e-02
42 9.480400e-01 8.760000e-03 4.320000e-02
43 9.464200e-01 8.924000e-03 4.465600e-02
44 9.447080e-01 9.112000e-03 4.618000e-02
45 9.431120e-01 9.060000e-03 4.782800e-02
46 9.416000e-01 9.012000e-03 4.938800e-02
47 9.400280e-01 9.100000e-03 5.087200e-02
48 9.383640e-01 9.184000e-03 5.245200e-02
49 9.366760e-01 9.248000e-03 5.407600e-02
50 9.349720e-01 9.304000e-03 5.572400e-02
51 9.334000e-01 9.264000e-03 5.733600e-02
52 9.318440e-01 9.224000e-03 5.893200e-02
53 9.304400e-01 8.880000e-03 6.068000e-02
54 9.288320e-01 8.920000e-03 6.224800e-02
55 9.273160e-01 8.824000e-03 6.386000e-02
56 9.257920e-01 8.708000e-03 6.550000e-02
57 9.242920e-01 8.736000e-03 6.697200e-02
58 9.226920e-01 8.884000e-03 6.842400e-02
59 9.212240e-01 8.760000e-03 7.001600e-02
60 9.196760e-01 8.856000e-03 7.146800e-02
61 9.183080e-01 8.588000e-03 7.310400e-02
62 9.167000e-01 8.796000e-03 7.450400e-02
63 9.152040e-01 8.808000e-03 7.598800e-02
64 9.135480e-01 8.900000e-03 7.755200e-02
65 9.119400e-01 8.908000e-03 7.915200e-02
66 9.104080e-01 8.964000e-03 8.062800e-02
67 9.087040e-01 9.092000e-03 8.220400e-02
68 9.071640e-01 9.028000e-03 8.380800e-02
69 9.056080e-01 8.988000e-03 8.540400e-02
70 9.040400e-01 8.980000e-03 8.698000e-02
71 9.024880e-01 8.892000e-03 8.862000e-02
72 9.010000e-01 8.928000e-03 9.007200e-02
73 8.995320e-01 8.860000e-03 9.160800e-02
74 8.979680e-01 8.804000e-03 9.322800e-02
75 8.965080e-01 8.732000e-03 9.476000e-02
76 8.949440e-01 8.680000e-03 9.637600e-02
77 8.934600e-01 8.628000e-03 9.791200e-02
78 8.919360e-01 8.708000e-03 9.935600e-02
79 8.903680e-01 8.868000e-03 1.007640e-01
80 8.889600e-01 8.684000e-03 1.023560e-01
81 8.874680e-01 8.680000e-03 1.038520e-01
82 8.858960e-01 8.864000e-03 1.052400e-01
83 8.842800e-01 8.948000e-03 1.067720e-01
84 8.827080e-01 8.948000e-03 1.083440e-01
85 8.809600e-01 9.072000e-03 1.099680e-01
86 8.793560e-01 9.100000e-03 1.115440e-01
87 8.776880e-01 9.128000e-03 1.131840e-01
88 8.759920e-01 9.264000e-03 1.147440e-01
89 8.742640e-01 9.336000e-03 1.164000e-01
90 8.727160e-01 9.072000e-03 1.182120e-01
91 8.711280e-01 9.100000e-03 1.197720e-01
92 8.694440e-01 9.204000e-03 1.213520e-01
93 8.677680e-01 9.200000e-03 1.230320e-01
94 8.661280e-01 9.220000e-03 1.246520e-01
95 8.644880e-01 9.396000e-03 1.261160e-01
96 8.627720e-01 9.464000e-03 1.277640e-01
97 8.611560e-01 9.552000e-03 1.292920e-01
98 8.595920e-01 9.392000e-03 1.310160e-01
99 8.579720e-01 9.348000e-03 1.326800e-01
100 8.563840e-01 9.324000e-03 1.342920e-01
101 8.549600e-01 8.984000e-03 1.360560e-01
102 8.534280e-01 8.832000e-03 1.377400e-01
103 8.521480e-01 8.500000e-03 1.393520e-01
104 8.506600e-01 8.356000e-03 1.409840e-01
105 8.493720e-01 8.176000e-03 1.424520e-01
106 8.479360e-01 8.192000e-03 1.438720e-01
107 8.465560e-01 8.144000e-03 1.453000e-01
108 8.452320e-01 8.060000e-03 1.467080e-01
109 8.439960e-01 7.920000e-03 1.480840e-01
110 8.425760e-01 8.008000e-03 1.494160e-01
111 8.410280e-01 8.164000e-03 1.508080e-01
112 8.394320e-01 8.284000e-03 1.522840e-01
113 8.378360e-01 8.304000e-03 1.538600e-01
114 8.365200e-01 8.136000e-03 1.553440e-01
115 8.351160e-01 8.124000e-03 1.567600e-01
116 8.338360e-01 8.000000e-03 1.581640e-01
117 8.325200e-01 7.812000e-03 1.596680e-01
118 8.312000e-01 7.692000e-03 1.611080e-01
119 8.299560e-01 7.532000e-03 1.625120e-01
120 8.286840e-01 7.536000e-03 1.637800e-01
121 8.274280e-01 7.412000e-03 1.651600e-01
122 8.262080e-01 7.280000e-03 1.665120e-01
123 8.251520e-01 7.080000e-03 1.677680e-01
124 8.239200e-01 7.044000e-03 1.690360e-01
125 8.226120e-01 7.068000e-03 1.703200e-01
126 8.213680e-01 7.140000e-03 1.714920e-01
127 8.200680e-01 7.144000e-03 1.727880e-01
128 8.189080e-01 6.964000e-03 1.741280e-01
129 8.176880e-01 6.952000e-03 1.753600e-01
130 8.163600e-01 7.092000e-03 1.765480e-01
131 8.150400e-01 7.264000e-03 1.776960e-01
132 8.137680e-01 7.264000e-03 1.789680e-01
133 8.125120e-01 7.312000e-03 1.801760e-01
134 8.112160e-01 7.344000e-03 1.814400e-01
135 8.097800e-01 7.488000e-03 1.827320e-01
136 8.083480e-01 7.484000e-03 1.841680e-01
137 8.070520e-01 7.460000e-03 1.854880e-01
138 8.058320e-01 7.356000e-03 1.868120e-01
139 8.045520e-01 7.328000e-03 1.881200e-01
140 8.032480e-01 7.352000e-03 1.894000e-01
141 8.020960e-01 7.148000e-03 1.907560e-01
142 8.007720e-01 7.260000e-03 1.919680e-01
143 7.995320e-01 7.192000e-03 1.932760e-01
144 7.983480e-01 7.108000e-03 1.945440e-01
145 7.972000e-01 7.028000e-03 1.957720e-01
146 7.959480e-01 7.108000e-03 1.969440e-01
147 7.946840e-01 7.072000e-03 1.982440e-01
148 7.935160e-01 6.976000e-03 1.995080e-01
149 7.923280e-01 7.084000e-03 2.005880e-01
150 7.911560e-01 6.972000e-03 2.018720e-01
151 7.899520e-01 6.972000e-03 2.030760e-01
152 7.886880e-01 7.080000e-03 2.042320e-01
153 7.875280e-01 6.996000e-03 2.054760e-01
154 7.862840e-01 7.076000e-03 2.066400e-01
155 7.850280e-01 7.144000e-03 2.078280e-01
156 7.837320e-01 7.248000e-03 2.090200e-01
157 7.825040e-01 7.244000e-03 2.102520e-01
158 7.812160e-01 7.216000e-03 2.115680e-01
159 7.800240e-01 7.040000e-03 2.129360e-01
160 7.788000e-01 7.104000e-03 2.140960e-01
161 7.775800e-01 7.028000e-03 2.153920e-01
162 7.762280e-01 7.068000e-03 2.167040e-01
163 7.749920e-01 6.960000e-03 2.180480e-01
164 7.738800e-01 6.924000e-03 2.191960e-01
165 7.727000e-01 6.876000e-03 2.204240e-01
166 7.715160e-01 6.792000e-03 2.216920e-01
167 7.704560e-01 6.676000e-03 2.228680e-01
168 7.694720e-01 6.452000e-03 2.240760e-01
169 7.685120e-01 6.404000e-03 2.250840e-01
170 7.674680e-01 6.432000e-03 2.261000e-01
171 7.663600e-01 6.436000e-03 2.272040e-01
172 7.653120e-01 6.368000e-03 2.283200e-01
173 7.643880e-01 6.124000e-03 2.294880e-01
174 7.632360e-01 6.192000e-03 2.305720e-01
175 7.622480e-01 6.016000e-03 2.317360e-01
176 7.612280e-01 5.892000e-03 2.328800e-01
177 7.602360e-01 5.856000e-03 2.339080e-01
178 7.592840e-01 5.880000e-03 2.348360e-01
179 7.582960e-01 5.916000e-03 2.357880e-01
180 7.572560e-01 5.860000e-03 2.368840e-01
181 7.563440e-01 5.744000e-03 2.379120e-01
182 7.552200e-01 5.788000e-03 2.389920e-01
183 7.542960e-01 5.840000e-03 2.398640e-01
184 7.532840e-01 5.792000e-03 2.409240e-01
185 7.523800e-01 5.596000e-03 2.420240e-01
186 7.513800e-01 5.536000e-03 2.430840e-01
187 7.504560e-01 5.524000e-03 2.440200e-01
188 7.496000e-01 5.464000e-03 2.449360e-01
189 7.488000e-01 5.340000e-03 2.458600e-01
190 7.478880e-01 5.264000e-03 2.468480e-01
191 7.471080e-01 5.220000e-03 2.476720e-01
192 7.462320e-01 5.244000e-03 2.485240e-01
193 7.454640e-01 5.184000e-03 2.493520e-01
194 7.445920e-01 5.148000e-03 2.502600e-01
195 7.436680e-01 5.196000e-03 2.511360e-01
196 7.428040e-01 5.156000e-03 2.520400e-01
197 7.419720e-01 5.048000e-03 2.529800e-01
198 7.411200e-01 5.212000e-03 2.536680e-01
199 7.402360e-01 5.080000e-03 2.546840e-01
200 7.392960e-01 5.112000e-03 2.555920e-01
201 7.383560e-01 5.224000e-03 2.564200e-01
202 7.373720e-01 5.236000e-03 2.573920e-01
203 7.364360e-01 5.288000e-03 2.582760e-01
204 7.354560e-01 5.308000e-03 2.592360e-01
205 7.345200e-01 5.256000e-03 2.602240e-01
206 7.334200e-01 5.364000e-03 2.612160e-01
207 7.324640e-01 5.448000e-03 2.620880e-01
208 7.313760e-01 5.636000e-03 2.629880e-01
209 7.303720e-01 5.744000e-03 2.638840e-01
210 7.293400e-01 5.764000e-03 2.648960e-01
211 7.283880e-01 5.644000e-03 2.659680e-01
212 7.274640e-01 5.540000e-03 2.669960e-01
213 7.265280e-01 5.456000e-03 2.680160e-01
214 7.257040e-01 5.324000e-03 2.689720e-01
215 7.248800e-01 5.276000e-03 2.698440e-01
216 7.239080e-01 5.296000e-03 2.707960e-01
217 7.230560e-01 5.252000e-03 2.716920e-01
218 7.220720e-01 5.360000e-03 2.725680e-01
219 7.210640e-01 5.400000e-03 2.735360e-01
220 7.201880e-01 5.308000e-03 2.745040e-01
221 7.194320e-01 5.196000e-03 2.753720e-01
222 7.184760e-01 5.216000e-03 2.763080e-01
223 7.175360e-01 5.216000e-03 2.772480e-01
224 7.166240e-01 5.228000e-03 2.781480e-01
225 7.157560e-01 5.200000e-03 2.790440e-01
226 7.150120e-01 5.068000e-03 2.799200e-01
227 7.142520e-01 4.852000e-03 2.808960e-01
228 7.134760e-01 4.868000e-03 2.816560e-01
229 7.127280e-01 4.744000e-03 2.825280e-01
230 7.120360e-01 4.504000e-03 2.834600e-01
231 7.113440e-01 4.420000e-03 2.842360e-01
232 7.106640e-01 4.288000e-03 2.850480e-01
233 7.099320e-01 4.288000e-03 2.857800e-01
234 7.091800e-01 4.328000e-03 2.864920e-01
235 7.085160e-01 4.316000e-03 2.871680e-01
236 7.078080e-01 4.216000e-03 2.879760e-01
237 7.070920e-01 4.160000e-03 2.887480e-01
238 7.064680e-01 4.028000e-03 2.895040e-01
239 7.058440e-01 3.920000e-03 2.902360e-01
240 7.051880e-01 4.004000e-03 2.908080e-01
241 7.045120e-01 3.996000e-03 2.914920e-01
242 7.038640e-01 3.916000e-03 2.922200e-01
243 7.031560e-01 3.968000e-03 2.928760e-01
244 7.026120e-01 3.904000e-03 2.934840e-01
245 7.020280e-01 3.856000e-03 2.941160e-01
246 7.014960e-01 3.752000e-03 2.947520e-01
247 7.009120e-01 3.720000e-03 2.953680e-01
248 7.002080e-01 3.668000e-03 2.961240e-01
249 6.996280e-01 3.604000e-03 2.967680e-01
250 6.989520e-01 3.604000e-03 2.974440e-01
251 6.983800e-01 3.544000e-03 2.980760e-01
252 6.977480e-01 3.604000e-03 2.986480e-01
253 6.970280e-01 3.772000e-03 2.992000e-01
254 6.962320e-01 3.876000e-03 2.998920e-01
255 6.955720e-01 3.836000e-03 3.005920e-01
256 6.948760e-01 3.884000e-03 3.012400e-01
257 6.941600e-01 3.988000e-03 3.018520e-01
258 6.935000e-01 3.904000e-03 3.025960e-01
259 6.928200e-01 3.848000e-03 3.033320e-01
260 6.921160e-01 3.860000e-03 3.040240e-01
261 6.913160e-01 3.904000e-03 3.047800e-01
262 6.907400e-01 3.828000e-03 3.054320e-01
263 6.902040e-01 3.636000e-03 3.061600e-01
264 6.895840e-01 3.612000e-03 3.068040e-01
265 6.889800e-01 3.584000e-03 3.074360e-01
266 6.883320e-01 3.568000e-03 3.081000e-01
267 6.877160e-01 3.532000e-03 3.087520e-01
268 6.870840e-01 3.480000e-03 3.094360e-01
269 6.865280e-01 3.376000e-03 3.100960e-01
270 6.859560e-01 3.384000e-03 3.106600e-01
271 6.853840e-01 3.416000e-03 3.112000e-01
272 6.847760e-01 3.440000e-03 3.117840e-01
273 6.843440e-01 3.280000e-03 3.123760e-01
274 6.837880e-01 3.284000e-03 3.129280e-01
275 6.832680e-01 3.172000e-03 3.135600e-01
276 6.827400e-01 3.184000e-03 3.140760e-01
277 6.822440e-01 3.124000e-03 3.146320e-01
278 6.818120e-01 3.048000e-03 3.151400e-01
279 6.813400e-01 3.044000e-03 3.156160e-01
280 6.809200e-01 2.916000e-03 3.161640e-01
281 6.804240e-01 2.880000e-03 3.166960e-01
282 6.799240e-01 2.900000e-03 3.171760e-01
283 6.794600e-01 2.844000e-03 3.176960e-01
284 6.790520e-01 2.700000e-03 3.182480e-01
285 6.785840e-01 2.680000e-03 3.187360e-01
286 6.780400e-01 2.692000e-03 3.192680e-01
287 6.775840e-01 2.760000e-03 3.196560e-01
288 6.770360e-01 2.868000e-03 3.200960e-01
289 6.764680e-01 2.972000e-03 3.205600e-01
290 6.758960e-01 3.016000e-03 3.210880e-01
291 6.754120e-01 2.956000e-03 3.216320e-01
292 6.750400e-01 2.880000e-03 3.220800e-01
293 6.745280e-01 2.840000e-03 3.226320e-01
294 6.739520e-01 2.896000e-03 3.231520e-01
295 6.734400e-01 2.908000e-03 3.236520e-01
296 6.730240e-01 2.764000e-03 3.242120e-01
297 6.725800e-01 2.764000e-03 3.246560e-01
298 6.720600e-01 2.796000e-03 3.251440e-01
299 6.716480e-01 2.752000e-03 3.256000e-01
300 6.712240e-01 2.708000e-03 3.260680e-01
301 6.707680e-01 2.656000e-03 3.265760e-01
302 6.703200e-01 2.588000e-03 3.270920e-01
303 6.699800e-01 2.484000e-03 3.275360e-01
304 6.694960e-01 2.540000e-03 3.279640e-01
305 6.691200e-01 2.480000e-03 3.284000e-01
306 6.686560e-01 2.476000e-03 3.288680e-01
307 6.682240e-01 2.504000e-03 3.292720e-01
308 6.677360e-01 2.492000e-03 3.297720e-01
309 6.673320e-01 2.464000e-03 3.302040e-01
310 6.669600e-01 2.416000e-03 3.306240e-01
311 6.666600e-01 2.324000e-03 3.310160e-01
312 6.662120e-01 2.380000e-03 3.314080e-01
313 6.657520e-01 2.396000e-03 3.318520e-01
314 6.652560e-01 2.488000e-03 3.322560e-01
315 6.648400e-01 2.396000e-03 3.327640e-01
316 6.643720e-01 2.460000e-03 3.331680e-01
317 6.639080e-01 2.472000e-03 3.336200e-01
318 6.634240e-01 2.568000e-03 3.340080e-01
319 6.628640e-01 2.736000e-03 3.344000e-01
320 6.623280e-01 2.780000e-03 3.348920e-01
321 6.617920e-01 2.880000e-03 3.353280e-01
322 6.612520e-01 2.868000e-03 3.358800e-01
323 6.608120e-01 2.736000e-03 3.364520e-01
324 6.604000e-01 2.632000e-03 3.369680e-01
325 6.599080e-01 2.628000e-03 3.374640e-01
326 6.595040e-01 2.652000e-03 3.378440e-01
327 6.591240e-01 2.608000e-03 3.382680e-01
328 6.587480e-01 2.532000e-03 3.387200e-01
329 6.583800e-01 2.460000e-03 3.391600e-01
330 6.579200e-01 2.484000e-03 3.395960e-01
331 6.575680e-01 2.388000e-03 3.400440e-01
332 6.572320e-01 2.336000e-03 3.404320e-01
333 6.568600e-01 2.356000e-03 3.407840e-01
334 6.564320e-01 2.320000e-03 3.412480e-01
335 6.560240e-01 2.232000e-03 3.417440e-01
336 6.556280e-01 2.296000e-03 3.420760e-01
337 6.552760e-01 2.252000e-03 3.424720e-01
338 6.548880e-01 2.264000e-03 3.428480e-01
339 6.545200e-01 2.300000e-03 3.431800e-01
340 6.541400e-01 2.312000e-03 3.435480e-01
341 6.538160e-01 2.180000e-03 3.440040e-01
342 6.534080e-01 2.188000e-03 3.444040e-01
343 6.530640e-01 2.160000e-03 3.447760e-01
344 6.527320e-01 2.096000e-03 3.451720e-01
345 6.523560e-01 2.088000e-03 3.455560e-01
346 6.519400e-01 2.144000e-03 3.459160e-01
347 6.516720e-01 1.996000e-03 3.463320e-01
348 6.513840e-01 1.928000e-03 3.466880e-01
349 6.509800e-01 2.016000e-03 3.470040e-01
350 6.507240e-01 1.912000e-03 3.473640e-01
351 6.504200e-01 1.884000e-03 3.476960e-01
352 6.501080e-01 1.928000e-03 3.479640e-01
353 6.497400e-01 2.000000e-03 3.482600e-01
354 6.495080e-01 1.912000e-03 3.485800e-01
355 6.492320e-01 1.812000e-03 3.489560e-01
356 6.488840e-01 1.888000e-03 3.492280e-01
357 6.486080e-01 1.852000e-03 3.495400e-01
358 6.481920e-01 1.884000e-03 3.499240e-01
359 6.477800e-01 1.948000e-03 3.502720e-01
360 6.474920e-01 1.924000e-03 3.505840e-01
361 6.471280e-01 1.976000e-03 3.508960e-01
362 6.467280e-01 2.060000e-03 3.512120e-01
363 6.462840e-01 2.192000e-03 3.515240e-01
364 6.458320e-01 2.224000e-03 3.519440e-01
365 6.454360e-01 2.232000e-03 3.523320e-01
366 6.451360e-01 2.076000e-03 3.527880e-01
367 6.447920e-01 2.092000e-03 3.531160e-01
368 6.444080e-01 2.124000e-03 3.534680e-01
369 6.440560e-01 2.076000e-03 3.538680e-01
370 6.437240e-01 2.032000e-03 3.542440e-01
371 6.434360e-01 2.024000e-03 3.545400e-01
372 6.431200e-01 1.992000e-03 3.548880e-01
373 6.428680e-01 1.928000e-03 3.552040e-01
374 6.425160e-01 1.964000e-03 3.555200e-01
375 6.422360e-01 1.924000e-03 3.558400e-01
376 6.419720e-01 1.852000e-03 3.561760e-01
377 6.417080e-01 1.748000e-03 3.565440e-01
378 6.414840e-01 1.636000e-03 3.568800e-01
379 6.412360e-01 1.672000e-03 3.570920e-01
380 6.410120e-01 1.640000e-03 3.573480e-01
381 6.407600e-01 1.652000e-03 3.575880e-01
382 6.404920e-01 1.564000e-03 3.579440e-01
383 6.402800e-01 1.452000e-03 3.582680e-01
384 6.400400e-01 1.432000e-03 3.585280e-01
385 6.397960e-01 1.448000e-03 3.587560e-01
386 6.395960e-01 1.352000e-03 3.590520e-01
387 6.393520e-01 1.380000e-03 3.592680e-01
388 6.391400e-01 1.316000e-03 3.595440e-01
389 6.389760e-01 1.280000e-03 3.597440e-01
390 6.387280e-01 1.344000e-03 3.599280e-01
391 6.385160e-01 1.268000e-03 3.602160e-01
392 6.383360e-01 1.256000e-03 3.604080e-01
393 6.381600e-01 1.228000e-03 3.606120e-01
394 6.379680e-01 1.160000e-03 3.608720e-01
395 6.378040e-01 1.104000e-03 3.610920e-01
396 6.376120e-01 1.096000e-03 3.612920e-01
397 6.374120e-01 1.116000e-03 3.614720e-01
398 6.371760e-01 1.124000e-03 3.617000e-01
399 6.369920e-01 1.116000e-03 3.618920e-01
400 6.368120e-01 1.088000e-03 3.621000e-01
401 6.365840e-01 1.128000e-03 3.622880e-01
402 6.363400e-01 1.192000e-03 3.624680e-01
403 6.361080e-01 1.272000e-03 3.626200e-01
404 6.358560e-01 1.312000e-03 3.628320e-01
405 6.356000e-01 1.352000e-03 3.630480e-01
406 6.353120e-01 1.376000e-03 3.633120e-01
407 6.350760e-01 1.372000e-03 3.635520e-01
408 6.347960e-01 1.404000e-03 3.638000e-01
409 6.345080e-01 1.380000e-03 3.641120e-01
410 6.342200e-01 1.444000e-03 3.643360e-01
411 6.339720e-01 1.444000e-03 3.645840e-01
412 6.335640e-01 1.604000e-03 3.648320e-01
413 6.333120e-01 1.548000e-03 3.651400e-01
414 6.329920e-01 1.616000e-03 3.653920e-01
415 6.327760e-01 1.552000e-03 3.656720e-01
416 6.325040e-01 1.620000e-03 3.658760e-01
417 6.323280e-01 1.560000e-03 3.661120e-01
418 6.320800e-01 1.564000e-03 3.663560e-01
419 6.318160e-01 1.588000e-03 3.665960e-01
420 6.316560e-01 1.492000e-03 3.668520e-01
421 6.314480e-01 1.452000e-03 3.671000e-01
422 6.312440e-01 1.424000e-03 3.673320e-01
423 6.310680e-01 1.360000e-03 3.675720e-01
424 6.308720e-01 1.316000e-03 3.678120e-01
425 6.306400e-01 1.316000e-03 3.680440e-01
426 6.304320e-01 1.288000e-03 3.682800e-01
427 6.301520e-01 1.392000e-03 3.684560e-01
428 6.299280e-01 1.400000e-03 3.686720e-01
429 6.296760e-01 1.444000e-03 3.688800e-01
430 6.294640e-01 1.400000e-03 3.691360e-01
431 6.291600e-01 1.492000e-03 3.693480e-01
432 6.288560e-01 1.540000e-03 3.696040e-01
433 6.285560e-01 1.548000e-03 3.698960e-01
434 6.282440e-01 1.616000e-03 3.701400e-01
435 6.279800e-01 1.564000e-03 3.704560e-01
436 6.277040e-01 1.516000e-03 3.707800e-01
437 6.274240e-01 1.488000e-03 3.710880e-01
438 6.271880e-01 1.436000e-03 3.713760e-01
439 6.269120e-01 1.484000e-03 3.716040e-01
440 6.266560e-01 1.496000e-03 3.718480e-01
441 6.263800e-01 1.512000e-03 3.721080e-01
442 6.261160e-01 1.480000e-03 3.724040e-01
443 6.258440e-01 1.560000e-03 3.725960e-01
444 6.255840e-01 1.528000e-03 3.728880e-01
445 6.253120e-01 1.588000e-03 3.731000e-01
446 6.250560e-01 1.564000e-03 3.733800e-01
447 6.248720e-01 1.524000e-03 3.736040e-01
448 6.246320e-01 1.584000e-03 3.737840e-01
449 6.244280e-01 1.500000e-03 3.740720e-01
450 6.242320e-01 1.420000e-03 3.743480e-01
451 6.239880e-01 1.352000e-03 3.746600e-01
452 6.237560e-01 1.384000e-03 3.748600e-01
453 6.235560e-01 1.340000e-03 3.751040e-01
454 6.233040e-01 1.392000e-03 3.753040e-01
455 6.231040e-01 1.376000e-03 3.755200e-01
456 6.228960e-01 1.360000e-03 3.757440e-01
457 6.226760e-01 1.356000e-03 3.759680e-01
458 6.224720e-01 1.356000e-03 3.761720e-01
459 6.222400e-01 1.400000e-03 3.763600e-01
460 6.220120e-01 1.364000e-03 3.766240e-01
461 6.217960e-01 1.336000e-03 3.768680e-01
462 6.216120e-01 1.260000e-03 3.771280e-01
463 6.214520e-01 1.204000e-03 3.773440e-01
464 6.212080e-01 1.244000e-03 3.775480e-01
465 6.209640e-01 1.320000e-03 3.777160e-01
466 6.207800e-01 1.252000e-03 3.779680e-01
467 6.206000e-01 1.288000e-03 3.781120e-01
468 6.204120e-01 1.248000e-03 3.783400e-01
469 6.202080e-01 1.192000e-03 3.786000e-01
470 6.200760e-01 1.152000e-03 3.787720e-01
471 6.198920e-01 1.156000e-03 3.789520e-01
472 6.196680e-01 1.176000e-03 3.791560e-01
473 6.194280e-01 1.200000e-03 3.793720e-01
474 6.192560e-01 1.236000e-03 3.795080e-01
475 6.190840e-01 1.184000e-03 3.797320e-01
476 6.189000e-01 1.168000e-03 3.799320e-01
477 6.186560e-01 1.208000e-03 3.801360e-01
478 6.184880e-01 1.112000e-03 3.804000e-01
479 6.183360e-01 1.064000e-03 3.806000e-01
480 6.181840e-01 1.028000e-03 3.807880e-01
481 6.180440e-01 9.960000e-04 3.809600e-01
482 6.179400e-01 9.360000e-04 3.811240e-01
483 6.177720e-01 9.240000e-04 3.813040e-01
484 6.176160e-01 9.080000e-04 3.814760e-01
485 6.174960e-01 8.880000e-04 3.816160e-01
486 6.173840e-01 8.200000e-04 3.817960e-01
487 6.172080e-01 8.600000e-04 3.819320e-01
488 6.170440e-01 8.840000e-04 3.820720e-01
489 6.168840e-01 9.120000e-04 3.822040e-01
490 6.167400e-01 8.840000e-04 3.823760e-01
491 6.165760e-01 9.480000e-04 3.824760e-01
492 6.164320e-01 9.440000e-04 3.826240e-01
493 6.162840e-01 9.160000e-04 3.828000e-01
494 6.161800e-01 8.640000e-04 3.829560e-01
495 6.160600e-01 8.400000e-04 3.831000e-01
496 6.159320e-01 8.120000e-04 3.832560e-01
497 6.158200e-01 8.000000e-04 3.833800e-01
498 6.156840e-01 7.960000e-04 3.835200e-01
499 6.155360e-01 7.960000e-04 3.836680e-01
500 6.154320e-01 7.600000e-04 3.838080e-01
