1 9.991520e-01 7.640000e-04 8.400000e-05
2 9.986680e-01 1.104000e-03 2.280000e-04
3 9.980080e-01 1.568000e-03 4.240000e-04
4 9.972000e-01 2.024000e-03 7.760000e-04
5 9.963320e-01 2.476000e-03 1.192000e-03
6 9.953760e-01 2.972000e-03 1.652000e-03
7 9.942560e-01 3.468000e-03 2.276000e-03
8 9.930880e-01 3.976000e-03 2.936000e-03
9 9.920600e-01 4.176000e-03 3.764000e-03
10 9.910120e-01 4.476000e-03 4.512000e-03
11 9.899040e-01 4.796000e-03 5.300000e-03
12 9.887160e-01 5.192000e-03 6.092000e-03
13 9.874320e-01 5.540000e-03 7.028000e-03
14 9.862840e-01 5.680000e-03 8.036000e-03
15 9.849160e-01 6.016000e-03 9.068000e-03
16 9.837080e-01 6.196000e-03 1.009600e-02
17 9.822560e-01 6.512000e-03 1.123200e-02
18 9.809080e-01 6.800000e-03 1.229200e-02
19 9.795760e-01 6.820000e-03 1.360400e-02
20 9.781760e-01 7.040000e-03 1.478400e-02
21 9.769120e-01 6.980000e-03 1.610800e-02
22 9.753640e-01 7.324000e-03 1.731200e-02
23 9.738200e-01 7.452000e-03 1.872800e-02
24 9.723160e-01 7.492000e-03 2.019200e-02
25 9.707320e-01 7.752000e-03 2.151600e-02
26 9.691960e-01 7.968000e-03 2.283600e-02
27 9.676600e-01 8.052000e-03 2.428800e-02
28 9.661560e-01 8.156000e-03 2.568800e-02
29 9.647360e-01 8.096000e-03 2.716800e-02
30 9.632480e-01 8.136000e-03 2.861600e-02
31 9.618840e-01 8.084000e-03 3.003200e-02
32 9.603800e-01 8.108000e-03 3.151200e-02
33 9.588880e-01 8.108000e-03 3.300400e-02
34 9.572560e-01 8.448000e-03 3.429600e-02
35 9.555720e-01 8.668000e-03 3.576000e-02
36 9.539320e-01 8.744000e-03 3.732400e-02
37 9.523040e-01 8.852000e-03 3.884400e-02
38 9.507000e-01 8.868000e-03 4.043200e-02
39 9.489720e-01 8.980000e-03 4.204800e-02
40 9.473000e-01 9.036000e-03 4.366400e-02
41 9.457200e-01 8.964000e-03 4.531600e-02
42 9.442480e-01 8.888000e-03 4.686400e-02
43 9.427160e-01 8.828000e-03 4.845600e-02
44 9.411120e-01 8.776000e-03 5.011200e-02
45 9.394800e-01 8.908000e-03 5.161200e-02
46 9.377960e-01 9.012000e-03 5.319200e-02
47 9.360840e-01 9.196000e-03 5.472000e-02
48 9.344560e-01 9.192000e-03 5.635200e-02
49 9.327480e-01 9.264000e-03 5.798800e-02
50 9.313560e-01 9.088000e-03 5.955600e-02
51 9.296480e-01 9.340000e-03 6.101200e-02
52 9.281800e-01 9.340000e-03 6.248000e-02
53 9.266080e-01 9.328000e-03 6.406400e-02
54 9.248440e-01 9.412000e-03 6.574400e-02
55 9.231360e-01 9.404000e-03 6.746000e-02
56 9.216920e-01 9.256000e-03 6.905200e-02
57 9.201920e-01 9.064000e-03 7.074400e-02
58 9.187720e-01 8.836000e-03 7.239200e-02
59 9.174000e-01 8.668000e-03 7.393200e-02
60 9.161080e-01 8.476000e-03 7.541600e-02
61 9.146320e-01 8.560000e-03 7.680800e-02
62 9.132720e-01 8.456000e-03 7.827200e-02
63 9.119120e-01 8.404000e-03 7.968400e-02
64 9.104440e-01 8.504000e-03 8.105200e-02
65 9.088840e-01 8.444000e-03 8.267200e-02
66 9.073320e-01 8.532000e-03 8.413600e-02
67 9.059160e-01 8.376000e-03 8.570800e-02
68 9.042400e-01 8.652000e-03 8.710800e-02
69 9.026320e-01 8.716000e-03 8.865200e-02
70 9.010480e-01 8.764000e-03 9.018800e-02
71 8.996360e-01 8.736000e-03 9.162800e-02
72 8.981560e-01 8.688000e-03 9.315600e-02
73 8.965000e-01 8.848000e-03 9.465200e-02
74 8.949560e-01 8.784000e-03 9.626000e-02
75 8.932720e-01 9.064000e-03 9.766400e-02
76 8.915120e-01 9.132000e-03 9.935600e-02
77 8.899040e-01 9.020000e-03 1.010760e-01
78 8.882680e-01 9.020000e-03 1.027120e-01
79 8.865080e-01 9.140000e-03 1.043520e-01
80 8.847920e-01 9.244000e-03 1.059640e-01
81 8.833080e-01 9.160000e-03 1.075320e-01
82 8.817440e-01 9.080000e-03 1.091760e-01
83 8.802360e-01 8.980000e-03 1.107840e-01
84 8.788880e-01 8.760000e-03 1.123520e-01
85 8.774760e-01 8.532000e-03 1.139920e-01
86 8.758320e-01 8.644000e-03 1.155240e-01
87 8.742560e-01 8.688000e-03 1.170560e-01
88 8.725480e-01 8.824000e-03 1.186280e-01
89 8.709080e-01 8.916000e-03 1.201760e-01
90 8.693320e-01 8.968000e-03 1.217000e-01
91 8.675400e-01 9.128000e-03 1.233320e-01
92 8.659640e-01 9.136000e-03 1.249000e-01
93 8.644400e-01 9.004000e-03 1.265560e-01
94 8.627320e-01 9.112000e-03 1.281560e-01
95 8.610480e-01 9.140000e-03 1.298120e-01
96 8.594760e-01 8.968000e-03 1.315560e-01
97 8.580160e-01 8.800000e-03 1.331840e-01
98 8.564960e-01 8.892000e-03 1.346120e-01
99 8.550720e-01 8.764000e-03 1.361640e-01
100 8.535120e-01 8.756000e-03 1.377320e-01
101 8.518480e-01 8.884000e-03 1.392680e-01
102 8.503640e-01 8.692000e-03 1.409440e-01
103 8.488200e-01 8.748000e-03 1.424320e-01
104 8.473120e-01 8.728000e-03 1.439600e-01
105 8.457280e-01 8.764000e-03 1.455080e-01
106 8.440440e-01 8.892000e-03 1.470640e-01
107 8.424240e-01 8.876000e-03 1.487000e-01
108 8.408080e-01 8.784000e-03 1.504080e-01
109 8.391440e-01 8.776000e-03 1.520800e-01
110 8.375080e-01 8.948000e-03 1.535440e-01
111 8.359280e-01 9.020000e-03 1.550520e-01
112 8.342600e-01 9.096000e-03 1.566440e-01
113 8.328240e-01 8.864000e-03 1.583120e-01
114 8.312880e-01 8.852000e-03 1.598600e-01
115 8.298440e-01 8.748000e-03 1.614080e-01
116 8.284000e-01 8.704000e-03 1.628960e-01
117 8.270200e-01 8.528000e-03 1.644520e-01
118 8.254600e-01 8.596000e-03 1.659440e-01
119 8.240640e-01 8.492000e-03 1.674440e-01
120 8.226680e-01 8.428000e-03 1.689040e-01
121 8.210480e-01 8.636000e-03 1.703160e-01
122 8.195280e-01 8.704000e-03 1.717680e-01
123 8.180080e-01 8.656000e-03 1.733360e-01
124 8.164880e-01 8.572000e-03 1.749400e-01
125 8.149960e-01 8.564000e-03 1.764400e-01
126 8.135640e-01 8.512000e-03 1.779240e-01
127 8.119880e-01 8.504000e-03 1.795080e-01
128 8.105680e-01 8.288000e-03 1.811440e-01
129 8.092120e-01 8.120000e-03 1.826680e-01
130 8.079560e-01 7.900000e-03 1.841440e-01
131 8.067080e-01 7.772000e-03 1.855200e-01
132 8.054120e-01 7.672000e-03 1.869160e-01
133 8.040600e-01 7.776000e-03 1.881640e-01
134 8.025640e-01 7.940000e-03 1.894960e-01
135 8.011040e-01 8.032000e-03 1.908640e-01
136 7.997080e-01 7.992000e-03 1.923000e-01
137 7.983080e-01 8.000000e-03 1.936920e-01
138 7.968480e-01 8.136000e-03 1.950160e-01
139 7.955400e-01 8.032000e-03 1.964280e-01
140 7.941960e-01 7.936000e-03 1.978680e-01
141 7.927840e-01 7.992000e-03 1.992240e-01
142 7.913880e-01 7.964000e-03 2.006480e-01
143 7.900040e-01 7.912000e-03 2.020840e-01
144 7.886600e-01 7.992000e-03 2.033480e-01
145 7.871760e-01 8.116000e-03 2.047080e-01
146 7.858680e-01 8.092000e-03 2.060400e-01
147 7.845600e-01 7.968000e-03 2.074720e-01
148 7.831840e-01 7.840000e-03 2.089760e-01
149 7.818360e-01 7.764000e-03 2.104000e-01
150 7.805840e-01 7.704000e-03 2.117120e-01
151 7.792200e-01 7.684000e-03 2.130960e-01
152 7.779160e-01 7.688000e-03 2.143960e-01
153 7.766600e-01 7.724000e-03 2.156160e-01
154 7.752880e-01 7.780000e-03 2.169320e-01
155 7.741440e-01 7.596000e-03 2.182600e-01
156 7.730600e-01 7.476000e-03 2.194640e-01
157 7.718080e-01 7.440000e-03 2.207520e-01
158 7.704880e-01 7.452000e-03 2.220600e-01
159 7.691960e-01 7.332000e-03 2.234720e-01
160 7.680640e-01 7.168000e-03 2.247680e-01
161 7.668160e-01 7.192000e-03 2.259920e-01
162 7.655960e-01 7.184000e-03 2.272200e-01
163 7.644040e-01 7.112000e-03 2.284840e-01
164 7.633320e-01 6.976000e-03 2.296920e-01
165 7.621720e-01 6.860000e-03 2.309680e-01
166 7.609720e-01 6.844000e-03 2.321840e-01
167 7.599640e-01 6.612000e-03 2.334240e-01
168 7.589040e-01 6.556000e-03 2.345400e-01
169 7.578240e-01 6.560000e-03 2.356160e-01
170 7.567640e-01 6.500000e-03 2.367360e-01
171 7.557200e-01 6.396000e-03 2.378840e-01
172 7.546760e-01 6.240000e-03 2.390840e-01
173 7.536600e-01 6.240000e-03 2.401000e-01
174 7.526080e-01 6.160000e-03 2.412320e-01
175 7.516280e-01 6.020000e-03 2.423520e-01
176 7.506400e-01 5.880000e-03 2.434800e-01
177 7.497360e-01 5.800000e-03 2.444640e-01
178 7.487680e-01 5.756000e-03 2.454760e-01
179 7.477640e-01 5.740000e-03 2.464960e-01
180 7.465720e-01 6.000000e-03 2.474280e-01
181 7.455280e-01 5.940000e-03 2.485320e-01
182 7.445880e-01 5.784000e-03 2.496280e-01
183 7.436240e-01 5.768000e-03 2.506080e-01
184 7.425280e-01 5.964000e-03 2.515080e-01
185 7.415440e-01 6.000000e-03 2.524560e-01
186 7.405840e-01 5.864000e-03 2.535520e-01
187 7.396680e-01 5.788000e-03 2.545440e-01
188 7.386160e-01 5.840000e-03 2.555440e-01
189 7.377240e-01 5.728000e-03 2.565480e-01
190 7.368160e-01 5.588000e-03 2.575960e-01
191 7.358760e-01 5.600000e-03 2.585240e-01
192 7.349040e-01 5.596000e-03 2.595000e-01
193 7.338560e-01 5.700000e-03 2.604440e-01
194 7.329640e-01 5.572000e-03 2.614640e-01
195 7.319960e-01 5.500000e-03 2.625040e-01
196 7.311200e-01 5.300000e-03 2.635800e-01
197 7.301880e-01 5.348000e-03 2.644640e-01
198 7.293200e-01 5.368000e-03 2.653120e-01
199 7.283840e-01 5.392000e-03 2.662240e-01
200 7.274960e-01 5.420000e-03 2.670840e-01
201 7.267080e-01 5.208000e-03 2.680840e-01
202 7.258000e-01 5.192000e-03 2.690080e-01
203 7.250480e-01 4.972000e-03 2.699800e-01
204 7.244040e-01 4.752000e-03 2.708440e-01
205 7.236600e-01 4.672000e-03 2.716680e-01
206 7.228760e-01 4.668000e-03 2.724560e-01
207 7.221240e-01 4.600000e-03 2.732760e-01
208 7.212080e-01 4.624000e-03 2.741680e-01
209 7.203160e-01 4.696000e-03 2.749880e-01
210 7.194000e-01 4.768000e-03 2.758320e-01
211 7.184880e-01 4.892000e-03 2.766200e-01
212 7.176520e-01 4.804000e-03 2.775440e-01
213 7.167880e-01 4.796000e-03 2.784160e-01
214 7.160080e-01 4.756000e-03 2.792360e-01
215 7.152640e-01 4.684000e-03 2.800520e-01
216 7.145520e-01 4.636000e-03 2.808120e-01
217 7.136720e-01 4.724000e-03 2.816040e-01
218 7.128000e-01 4.820000e-03 2.823800e-01
219 7.119720e-01 4.864000e-03 2.831640e-01
220 7.111880e-01 4.844000e-03 2.839680e-01
221 7.103840e-01 4.836000e-03 2.847800e-01
222 7.095560e-01 4.904000e-03 2.855400e-01
223 7.087520e-01 4.824000e-03 2.864240e-01
224 7.079400e-01 4.812000e-03 2.872480e-01
225 7.071680e-01 4.712000e-03 2.881200e-01
226 7.062800e-01 4.788000e-03 2.889320e-01
227 7.054720e-01 4.796000e-03 2.897320e-01
228 7.047680e-01 4.608000e-03 2.906240e-01
229 7.041000e-01 4.508000e-03 2.913920e-01
230 7.033240e-01 4.536000e-03 2.921400e-01
231 7.026160e-01 4.512000e-03 2.928720e-01
232 7.019600e-01 4.352000e-03 2.936880e-01
233 7.012400e-01 4.320000e-03 2.944400e-01
234 7.005800e-01 4.256000e-03 2.951640e-01
235 6.999000e-01 4.160000e-03 2.959400e-01
236 6.991280e-01 4.280000e-03 2.965920e-01
237 6.984800e-01 4.300000e-03 2.972200e-01
238 6.979080e-01 4.184000e-03 2.979080e-01
239 6.972240e-01 4.152000e-03 2.986240e-01
240 6.965640e-01 4.104000e-03 2.993320e-01
241 6.959560e-01 3.916000e-03 3.001280e-01
242 6.953920e-01 3.804000e-03 3.008040e-01
243 6.948120e-01 3.724000e-03 3.014640e-01
244 6.942520e-01 3.656000e-03 3.020920e-01
245 6.937120e-01 3.624000e-03 3.026640e-01
246 6.931320e-01 3.532000e-03 3.033360e-01
247 6.925920e-01 3.516000e-03 3.038920e-01
248 6.920200e-01 3.516000e-03 3.044640e-01
249 6.914680e-01 3.388000e-03 3.051440e-01
250 6.909120e-01 3.388000e-03 3.057000e-01
251 6.904240e-01 3.320000e-03 3.062560e-01
252 6.899160e-01 3.260000e-03 3.068240e-01
253 6.893200e-01 3.296000e-03 3.073840e-01
254 6.887320e-01 3.316000e-03 3.079520e-01
255 6.882840e-01 3.180000e-03 3.085360e-01
256 6.878160e-01 3.128000e-03 3.090560e-01
257 6.872640e-01 3.084000e-03 3.096520e-01
258 6.867920e-01 2.980000e-03 3.102280e-01
259 6.864160e-01 2.820000e-03 3.107640e-01
260 6.859520e-01 2.744000e-03 3.113040e-01
261 6.855160e-01 2.692000e-03 3.117920e-01
262 6.851160e-01 2.636000e-03 3.122480e-01
263 6.846440e-01 2.636000e-03 3.127200e-01
264 6.842800e-01 2.544000e-03 3.131760e-01
265 6.838040e-01 2.608000e-03 3.135880e-01
266 6.833560e-01 2.620000e-03 3.140240e-01
267 6.829440e-01 2.668000e-03 3.143880e-01
268 6.825280e-01 2.608000e-03 3.148640e-01
269 6.821240e-01 2.620000e-03 3.152560e-01
270 6.817400e-01 2.536000e-03 3.157240e-01
271 6.813400e-01 2.472000e-03 3.161880e-01
272 6.809360e-01 2.524000e-03 3.165400e-01
273 6.805760e-01 2.464000e-03 3.169600e-01
274 6.801840e-01 2.428000e-03 3.173880e-01
275 6.797640e-01 2.436000e-03 3.178000e-01
276 6.794160e-01 2.432000e-03 3.181520e-01
277 6.789880e-01 2.448000e-03 3.185640e-01
278 6.785440e-01 2.444000e-03 3.190120e-01
279 6.781160e-01 2.460000e-03 3.194240e-01
280 6.776880e-01 2.408000e-03 3.199040e-01
281 6.772720e-01 2.388000e-03 3.203400e-01
282 6.769040e-01 2.288000e-03 3.208080e-01
283 6.765600e-01 2.268000e-03 3.211720e-01
284 6.761800e-01 2.200000e-03 3.216200e-01
285 6.758520e-01 2.152000e-03 3.219960e-01
286 6.754400e-01 2.228000e-03 3.223320e-01
287 6.751360e-01 2.140000e-03 3.227240e-01
288 6.747880e-01 2.156000e-03 3.230560e-01
289 6.744320e-01 2.144000e-03 3.234240e-01
290 6.740760e-01 2.116000e-03 3.238080e-01
291 6.737440e-01 2.076000e-03 3.241800e-01
292 6.734640e-01 2.008000e-03 3.245280e-01
293 6.731080e-01 1.960000e-03 3.249320e-01
294 6.727440e-01 1.972000e-03 3.252840e-01
295 6.723840e-01 1.988000e-03 3.256280e-01
296 6.719400e-01 2.080000e-03 3.259800e-01
297 6.715800e-01 2.092000e-03 3.263280e-01
298 6.712400e-01 2.060000e-03 3.267000e-01
299 6.708400e-01 2.076000e-03 3.270840e-01
300 6.703960e-01 2.220000e-03 3.273840e-01
301 6.699720e-01 2.208000e-03 3.278200e-01
302 6.696240e-01 2.168000e-03 3.282080e-01
303 6.692280e-01 2.180000e-03 3.285920e-01
304 6.688600e-01 2.212000e-03 3.289280e-01
305 6.684720e-01 2.192000e-03 3.293360e-01
306 6.680840e-01 2.208000e-03 3.297080e-01
307 6.676520e-01 2.256000e-03 3.300920e-01
308 6.672760e-01 2.268000e-03 3.304560e-01
309 6.668920e-01 2.240000e-03 3.308680e-01
310 6.666080e-01 2.136000e-03 3.312560e-01
311 6.662040e-01 2.160000e-03 3.316360e-01
312 6.658040e-01 2.168000e-03 3.320280e-01
313 6.654520e-01 2.108000e-03 3.324400e-01
314 6.650840e-01 2.096000e-03 3.328200e-01
315 6.645840e-01 2.216000e-03 3.332000e-01
316 6.642440e-01 2.224000e-03 3.335320e-01
317 6.639320e-01 2.192000e-03 3.338760e-01
318 6.634240e-01 2.344000e-03 3.342320e-01
319 6.630360e-01 2.344000e-03 3.346200e-01
320 6.627200e-01 2.220000e-03 3.350600e-01
321 6.623640e-01 2.188000e-03 3.354480e-01
322 6.620800e-01 2.076000e-03 3.358440e-01
323 6.617280e-01 2.056000e-03 3.362160e-01
324 6.614640e-01 2.052000e-03 3.364840e-01
325 6.611680e-01 2.048000e-03 3.367840e-01
326 6.608720e-01 1.956000e-03 3.371720e-01
327 6.605640e-01 1.956000e-03 3.374800e-01
328 6.602960e-01 1.904000e-03 3.378000e-01
329 6.600120e-01 1.880000e-03 3.381080e-01
330 6.598080e-01 1.796000e-03 3.383960e-01
331 6.595560e-01 1.768000e-03 3.386760e-01
332 6.593120e-01 1.740000e-03 3.389480e-01
333 6.590360e-01 1.764000e-03 3.392000e-01
334 6.587840e-01 1.704000e-03 3.395120e-01
335 6.584640e-01 1.728000e-03 3.398080e-01
336 6.582160e-01 1.688000e-03 3.400960e-01
337 6.579560e-01 1.644000e-03 3.404000e-01
338 6.577160e-01 1.596000e-03 3.406880e-01
339 6.575360e-01 1.508000e-03 3.409560e-01
340 6.572720e-01 1.504000e-03 3.412240e-01
341 6.569920e-01 1.552000e-03 3.414560e-01
342 6.566920e-01 1.596000e-03 3.417120e-01
343 6.564280e-01 1.600000e-03 3.419720e-01
344 6.561240e-01 1.620000e-03 3.422560e-01
345 6.557720e-01 1.728000e-03 3.425000e-01
346 6.554680e-01 1.760000e-03 3.427720e-01
347 6.551720e-01 1.724000e-03 3.431040e-01
348 6.548400e-01 1.712000e-03 3.434480e-01
349 6.545400e-01 1.724000e-03 3.437360e-01
350 6.542360e-01 1.736000e-03 3.440280e-01
351 6.538920e-01 1.760000e-03 3.443480e-01
352 6.536280e-01 1.732000e-03 3.446400e-01
353 6.533840e-01 1.692000e-03 3.449240e-01
354 6.531320e-01 1.644000e-03 3.452240e-01
355 6.528240e-01 1.700000e-03 3.454760e-01
356 6.525520e-01 1.644000e-03 3.458040e-01
357 6.522680e-01 1.644000e-03 3.460880e-01
358 6.519880e-01 1.668000e-03 3.463440e-01
359 6.517760e-01 1.624000e-03 3.466000e-01
360 6.514720e-01 1.596000e-03 3.469320e-01
361 6.511920e-01 1.612000e-03 3.471960e-01
362 6.509600e-01 1.584000e-03 3.474560e-01
363 6.507120e-01 1.540000e-03 3.477480e-01
364 6.504640e-01 1.488000e-03 3.480480e-01
365 6.502480e-01 1.508000e-03 3.482440e-01
366 6.499720e-01 1.496000e-03 3.485320e-01
367 6.497360e-01 1.484000e-03 3.487800e-01
368 6.494240e-01 1.532000e-03 3.490440e-01
369 6.491800e-01 1.524000e-03 3.492960e-01
370 6.488920e-01 1.520000e-03 3.495880e-01
371 6.486160e-01 1.520000e-03 3.498640e-01
372 6.483640e-01 1.540000e-03 3.500960e-01
373 6.481080e-01 1.528000e-03 3.503640e-01
374 6.478680e-01 1.500000e-03 3.506320e-01
375 6.476400e-01 1.508000e-03 3.508520e-01
376 6.474280e-01 1.444000e-03 3.511280e-01
377 6.472720e-01 1.372000e-03 3.513560e-01
378 6.471280e-01 1.300000e-03 3.515720e-01
379 6.469360e-01 1.292000e-03 3.517720e-01
380 6.467120e-01 1.268000e-03 3.520200e-01
381 6.465400e-01 1.248000e-03 3.522120e-01
382 6.462960e-01 1.288000e-03 3.524160e-01
383 6.460960e-01 1.228000e-03 3.526760e-01
384 6.458440e-01 1.272000e-03 3.528840e-01
385 6.456360e-01 1.252000e-03 3.531120e-01
386 6.454600e-01 1.172000e-03 3.533680e-01
387 6.452520e-01 1.132000e-03 3.536160e-01
388 6.450440e-01 1.116000e-03 3.538400e-01
389 6.448920e-01 1.116000e-03 3.539920e-01
390 6.446720e-01 1.140000e-03 3.541880e-01
391 6.444960e-01 1.168000e-03 3.543360e-01
392 6.443800e-01 1.060000e-03 3.545600e-01
393 6.442160e-01 9.880000e-04 3.547960e-01
394 6.440600e-01 9.720000e-04 3.549680e-01
395 6.438640e-01 1.020000e-03 3.551160e-01
396 6.436680e-01 1.028000e-03 3.553040e-01
397 6.435320e-01 9.640000e-04 3.555040e-01
398 6.434000e-01 9.320000e-04 3.556680e-01
399 6.432600e-01 9.080000e-04 3.558320e-01
400 6.431360e-01 8.960000e-04 3.559680e-01
401 6.430040e-01 8.440000e-04 3.561520e-01
402 6.428320e-01 8.400000e-04 3.563280e-01
403 6.427160e-01 7.920000e-04 3.564920e-01
404 6.425400e-01 7.960000e-04 3.566640e-01
405 6.423480e-01 8.560000e-04 3.567960e-01
406 6.421880e-01 8.680000e-04 3.569440e-01
407 6.419640e-01 9.480000e-04 3.570880e-01
408 6.417840e-01 9.640000e-04 3.572520e-01
409 6.416560e-01 9.040000e-04 3.574400e-01
410 6.415240e-01 8.440000e-04 3.576320e-01
411 6.413720e-01 8.320000e-04 3.577960e-01
412 6.412560e-01 8.200000e-04 3.579240e-01
413 6.411320e-01 8.040000e-04 3.580640e-01
414 6.410200e-01 7.560000e-04 3.582240e-01
415 6.409280e-01 7.160000e-04 3.583560e-01
416 6.408560e-01 6.960000e-04 3.584480e-01
417 6.407720e-01 6.400000e-04 3.585880e-01
418 6.406760e-01 6.560000e-04 3.586680e-01
419 6.405720e-01 6.440000e-04 3.587840e-01
420 6.404120e-01 7.080000e-04 3.588800e-01
421 6.402880e-01 7.440000e-04 3.589680e-01
422 6.401600e-01 7.000000e-04 3.591400e-01
423 6.400520e-01 6.760000e-04 3.592720e-01
424 6.398960e-01 7.400000e-04 3.593640e-01
425 6.397440e-01 7.440000e-04 3.595120e-01
426 6.395640e-01 8.120000e-04 3.596240e-01
427 6.394320e-01 8.040000e-04 3.597640e-01
428 6.393040e-01 7.840000e-04 3.599120e-01
429 6.391520e-01 7.840000e-04 3.600640e-01
430 6.389640e-01 8.360000e-04 3.602000e-01
431 6.388160e-01 8.320000e-04 3.603520e-01
432 6.387000e-01 8.000000e-04 3.605000e-01
433 6.385240e-01 8.560000e-04 3.606200e-01
434 6.383840e-01 8.520000e-04 3.607640e-01
435 6.382120e-01 8.440000e-04 3.609440e-01
436 6.380280e-01 8.400000e-04 3.611320e-01
437 6.378800e-01 8.240000e-04 3.612960e-01
438 6.377720e-01 7.840000e-04 3.614440e-01
439 6.376200e-01 7.800000e-04 3.616000e-01
440 6.374160e-01 8.480000e-04 3.617360e-01
441 6.372360e-01 8.880000e-04 3.618760e-01
442 6.371280e-01 8.440000e-04 3.620280e-01
443 6.369360e-01 9.160000e-04 3.621480e-01
444 6.367360e-01 9.280000e-04 3.623360e-01
445 6.365160e-01 9.720000e-04 3.625120e-01
446 6.362920e-01 1.048000e-03 3.626600e-01
447 6.360760e-01 1.028000e-03 3.628960e-01
448 6.358960e-01 1.012000e-03 3.630920e-01
449 6.357640e-01 9.480000e-04 3.632880e-01
450 6.355600e-01 1.004000e-03 3.634360e-01
451 6.353200e-01 1.092000e-03 3.635880e-01
452 6.351160e-01 1.060000e-03 3.638240e-01
453 6.349320e-01 1.052000e-03 3.640160e-01
454 6.347800e-01 1.016000e-03 3.642040e-01
455 6.345640e-01 1.056000e-03 3.643800e-01
456 6.343960e-01 1.012000e-03 3.645920e-01
457 6.342200e-01 1.060000e-03 3.647200e-01
458 6.340400e-01 1.076000e-03 3.648840e-01
459 6.338560e-01 1.072000e-03 3.650720e-01
460 6.337000e-01 1.040000e-03 3.652600e-01
461 6.335200e-01 1.024000e-03 3.654560e-01
462 6.333880e-01 9.880000e-04 3.656240e-01
463 6.332560e-01 9.320000e-04 3.658120e-01
464 6.331800e-01 7.960000e-04 3.660240e-01
465 6.330920e-01 7.560000e-04 3.661520e-01
466 6.330160e-01 7.320000e-04 3.662520e-01
467 6.328840e-01 7.320000e-04 3.663840e-01
468 6.328080e-01 6.920000e-04 3.665000e-01
469 6.327160e-01 6.880000e-04 3.665960e-01
470 6.325880e-01 7.200000e-04 3.666920e-01
471 6.324840e-01 7.200000e-04 3.667960e-01
472 6.323320e-01 7.800000e-04 3.668880e-01
473 6.322040e-01 7.880000e-04 3.670080e-01
474 6.320680e-01 8.040000e-04 3.671280e-01
475 6.319320e-01 7.960000e-04 3.672720e-01
476 6.317480e-01 8.360000e-04 3.674160e-01
477 6.315920e-01 8.440000e-04 3.675640e-01
478 6.314800e-01 8.520000e-04 3.676680e-01
479 6.312760e-01 8.800000e-04 3.678440e-01
480 6.311320e-01 9.040000e-04 3.679640e-01
481 6.309840e-01 8.480000e-04 3.681680e-01
482 6.308440e-01 8.960000e-04 3.682600e-01
483 6.307240e-01 8.520000e-04 3.684240e-01
484 6.305960e-01 8.520000e-04 3.685520e-01
485 6.304720e-01 8.520000e-04 3.686760e-01
486 6.303400e-01 8.240000e-04 3.688360e-01
487 6.302200e-01 8.480000e-04 3.689320e-01
488 6.300320e-01 9.120000e-04 3.690560e-01
489 6.298840e-01 9.080000e-04 3.692080e-01
490 6.297200e-01 9.240000e-04 3.693560e-01
491 6.295120e-01 9.720000e-04 3.695160e-01
492 6.293520e-01 9.960000e-04 3.696520e-01
493 6.292000e-01 9.760000e-04 3.698240e-01
494 6.290680e-01 9.800000e-04 3.699520e-01
495 6.289600e-01 9.360000e-04 3.701040e-01
496 6.287880e-01 9.520000e-04 3.702600e-01
497 6.286520e-01 9.040000e-04 3.704440e-01
498 6.285000e-01 9.160000e-04 3.705840e-01
499 6.283960e-01 8.680000e-04 3.707360e-01
500 6.282800e-01 8.280000e-04 3.708920e-01
