1 9.991000e-01 8.320000e-04 6.800000e-05
2 9.985160e-01 1.244000e-03 2.400000e-04
3 9.977840e-01 1.740000e-03 4.760000e-04
4 9.969320e-01 2.256000e-03 8.120000e-04
5 9.958840e-01 2.916000e-03 1.200000e-03
6 9.948360e-01 3.360000e-03 1.804000e-03
7 9.936600e-01 4.028000e-03 2.312000e-03
8 9.922800e-01 4.620000e-03 3.100000e-03
9 9.909960e-01 4.972000e-03 4.032000e-03
10 9.898280e-01 5.264000e-03 4.908000e-03
11 9.885240e-01 5.536000e-03 5.940000e-03
12 9.872920e-01 5.792000e-03 6.916000e-03
13 9.858320e-01 6.232000e-03 7.936000e-03
14 9.844520e-01 6.492000e-03 9.056000e-03
15 9.831080e-01 6.648000e-03 1.024400e-02
16 9.816640e-01 6.788000e-03 1.154800e-02
17 9.802440e-01 7.052000e-03 1.270400e-02
18 9.788480e-01 7.268000e-03 1.388400e-02
19 9.774160e-01 7.372000e-03 1.521200e-02
20 9.760160e-01 7.476000e-03 1.650800e-02
21 9.746440e-01 7.524000e-03 1.783200e-02
22 9.731720e-01 7.676000e-03 1.915200e-02
23 9.717120e-01 7.808000e-03 2.048000e-02
24 9.703720e-01 7.896000e-03 2.173200e-02
25 9.689520e-01 7.776000e-03 2.327200e-02
26 9.673360e-01 8.108000e-03 2.455600e-02
27 9.657440e-01 8.316000e-03 2.594000e-02
28 9.643240e-01 8.268000e-03 2.740800e-02
29 9.626520e-01 8.564000e-03 2.878400e-02
30 9.609800e-01 8.684000e-03 3.033600e-02
31 9.594120e-01 8.708000e-03 3.188000e-02
32 9.576920e-01 8.848000e-03 3.346000e-02
33 9.561280e-01 8.844000e-03 3.502800e-02
34 9.544840e-01 8.844000e-03 3.667200e-02
35 9.528640e-01 8.956000e-03 3.818000e-02
36 9.511240e-01 9.060000e-03 3.981600e-02
37 9.494560e-01 9.064000e-03 4.148000e-02
38 9.477840e-01 9.252000e-03 4.296400e-02
39 9.461720e-01 9.148000e-03 4.468000e-02
40 9.445600e-01 9.204000e-03 4.623600e-02
41 9.427920e-01 9.264000e-03 4.794400e-02
42 9.411760e-01 9.244000e-03 4.958000e-02
43 9.393760e-01 9.388000e-03 5.123600e-02
44 9.378480e-01 9.244000e-03 5.290800e-02
45 9.361800e-01 9.316000e-03 5.450400e-02
46 9.343680e-01 9.376000e-03 5.625600e-02
47 9.325080e-01 9.492000e-03 5.800000e-02
48 9.307560e-01 9.552000e-03 5.969200e-02
49 9.289640e-01 9.648000e-03 6.138800e-02
50 9.270320e-01 9.868000e-03 6.310000e-02
51 9.251960e-01 9.948000e-03 6.485600e-02
52 9.232560e-01 1.006800e-02 6.667600e-02
53 9.215000e-01 1.007600e-02 6.842400e-02
54 9.196840e-01 1.022800e-02 7.008800e-02
55 9.178400e-01 1.026000e-02 7.190000e-02
56 9.160520e-01 1.023200e-02 7.371600e-02
57 9.141840e-01 1.014400e-02 7.567200e-02
58 9.124600e-01 1.004400e-02 7.749600e-02
59 9.106360e-01 1.020000e-02 7.916400e-02
60 9.087400e-01 1.034800e-02 8.091200e-02
61 9.070560e-01 1.035600e-02 8.258800e-02
62 9.052160e-01 1.034400e-02 8.444000e-02
63 9.034600e-01 1.031600e-02 8.622400e-02
64 9.015760e-01 1.047200e-02 8.795200e-02
65 8.997520e-01 1.052400e-02 8.972400e-02
66 8.977080e-01 1.074800e-02 9.154400e-02
67 8.957800e-01 1.083200e-02 9.338800e-02
68 8.939080e-01 1.084800e-02 9.524400e-02
69 8.919800e-01 1.090800e-02 9.711200e-02
70 8.900320e-01 1.085200e-02 9.911600e-02
71 8.880120e-01 1.100800e-02 1.009800e-01
72 8.859920e-01 1.099600e-02 1.030120e-01
73 8.840880e-01 1.076000e-02 1.051520e-01
74 8.820200e-01 1.104800e-02 1.069320e-01
75 8.802000e-01 1.088000e-02 1.089200e-01
76 8.784600e-01 1.086000e-02 1.106800e-01
77 8.766240e-01 1.080400e-02 1.125720e-01
78 8.747520e-01 1.087600e-02 1.143720e-01
79 8.729360e-01 1.071200e-02 1.163520e-01
80 8.710480e-01 1.063600e-02 1.183160e-01
81 8.690960e-01 1.073600e-02 1.201680e-01
82 8.672320e-01 1.069600e-02 1.220720e-01
83 8.654480e-01 1.074400e-02 1.238080e-01
84 8.635600e-01 1.084800e-02 1.255920e-01
85 8.618120e-01 1.067200e-02 1.275160e-01
86 8.600240e-01 1.068000e-02 1.292960e-01
87 8.583640e-01 1.041600e-02 1.312200e-01
88 8.566040e-01 1.039200e-02 1.330040e-01
89 8.546800e-01 1.035200e-02 1.349680e-01
90 8.528080e-01 1.037600e-02 1.368160e-01
91 8.509600e-01 1.033200e-02 1.387080e-01
92 8.493560e-01 1.017600e-02 1.404680e-01
93 8.476560e-01 1.028400e-02 1.420600e-01
94 8.458560e-01 1.033200e-02 1.438120e-01
95 8.441560e-01 1.034000e-02 1.455040e-01
96 8.423840e-01 1.033200e-02 1.472840e-01
97 8.407320e-01 1.009200e-02 1.491760e-01
98 8.391760e-01 1.009200e-02 1.507320e-01
99 8.374440e-01 9.924000e-03 1.526320e-01
100 8.358000e-01 9.792000e-03 1.544080e-01
101 8.343120e-01 9.612000e-03 1.560760e-01
102 8.326960e-01 9.492000e-03 1.578120e-01
103 8.311200e-01 9.276000e-03 1.596040e-01
104 8.295680e-01 9.288000e-03 1.611440e-01
105 8.278720e-01 9.260000e-03 1.628680e-01
106 8.261000e-01 9.384000e-03 1.645160e-01
107 8.246200e-01 9.124000e-03 1.662560e-01
108 8.231000e-01 9.052000e-03 1.678480e-01
109 8.216600e-01 8.892000e-03 1.694480e-01
110 8.203080e-01 8.772000e-03 1.709200e-01
111 8.187320e-01 8.740000e-03 1.725280e-01
112 8.171240e-01 8.876000e-03 1.740000e-01
113 8.156680e-01 8.920000e-03 1.754120e-01
114 8.140840e-01 8.976000e-03 1.769400e-01
115 8.125000e-01 8.876000e-03 1.786240e-01
116 8.109120e-01 8.820000e-03 1.802680e-01
117 8.093560e-01 8.872000e-03 1.817720e-01
118 8.078920e-01 8.836000e-03 1.832720e-01
119 8.065360e-01 8.784000e-03 1.846800e-01
120 8.051960e-01 8.576000e-03 1.862280e-01
121 8.037360e-01 8.612000e-03 1.876520e-01
122 8.022080e-01 8.716000e-03 1.890760e-01
123 8.007120e-01 8.692000e-03 1.905960e-01
124 7.990440e-01 8.984000e-03 1.919720e-01
125 7.974720e-01 9.096000e-03 1.934320e-01
126 7.959240e-01 9.036000e-03 1.950400e-01
127 7.942440e-01 9.080000e-03 1.966760e-01
128 7.926400e-01 9.048000e-03 1.983120e-01
129 7.911760e-01 8.960000e-03 1.998640e-01
130 7.896440e-01 8.884000e-03 2.014720e-01
131 7.882280e-01 8.760000e-03 2.030120e-01
132 7.867000e-01 8.644000e-03 2.046560e-01
133 7.850880e-01 8.648000e-03 2.062640e-01
134 7.837480e-01 8.448000e-03 2.078040e-01
135 7.825040e-01 8.320000e-03 2.091760e-01
136 7.811320e-01 8.120000e-03 2.107480e-01
137 7.798560e-01 7.868000e-03 2.122760e-01
138 7.787280e-01 7.672000e-03 2.136000e-01
139 7.775000e-01 7.668000e-03 2.148320e-01
140 7.761520e-01 7.656000e-03 2.161920e-01
141 7.749280e-01 7.640000e-03 2.174320e-01
142 7.735440e-01 7.708000e-03 2.187480e-01
143 7.721960e-01 7.740000e-03 2.200640e-01
144 7.709040e-01 7.644000e-03 2.214520e-01
145 7.695360e-01 7.720000e-03 2.227440e-01
146 7.681760e-01 7.644000e-03 2.241800e-01
147 7.669560e-01 7.424000e-03 2.256200e-01
148 7.656560e-01 7.464000e-03 2.268800e-01
149 7.643480e-01 7.448000e-03 2.282040e-01
150 7.631200e-01 7.368000e-03 2.295120e-01
151 7.618120e-01 7.408000e-03 2.307800e-01
152 7.605240e-01 7.364000e-03 2.321120e-01
153 7.592360e-01 7.408000e-03 2.333560e-01
154 7.579200e-01 7.520000e-03 2.345600e-01
155 7.566760e-01 7.576000e-03 2.357480e-01
156 7.554200e-01 7.456000e-03 2.371240e-01
157 7.542080e-01 7.304000e-03 2.384880e-01
158 7.529440e-01 7.292000e-03 2.397640e-01
159 7.516880e-01 7.212000e-03 2.411000e-01
160 7.505400e-01 7.128000e-03 2.423320e-01
161 7.493160e-01 7.172000e-03 2.435120e-01
162 7.480080e-01 7.352000e-03 2.446400e-01
163 7.466360e-01 7.408000e-03 2.459560e-01
164 7.452400e-01 7.436000e-03 2.473240e-01
165 7.438880e-01 7.548000e-03 2.485640e-01
166 7.423680e-01 7.760000e-03 2.498720e-01
167 7.410160e-01 7.892000e-03 2.510920e-01
168 7.395560e-01 7.912000e-03 2.525320e-01
169 7.381080e-01 7.908000e-03 2.539840e-01
170 7.367440e-01 7.888000e-03 2.553680e-01
171 7.353360e-01 7.908000e-03 2.567560e-01
172 7.339280e-01 8.012000e-03 2.580600e-01
173 7.324200e-01 8.220000e-03 2.593600e-01
174 7.309280e-01 8.256000e-03 2.608160e-01
175 7.296000e-01 8.084000e-03 2.623160e-01
176 7.280520e-01 8.048000e-03 2.639000e-01
177 7.266160e-01 8.136000e-03 2.652480e-01
178 7.252320e-01 7.988000e-03 2.667800e-01
179 7.238640e-01 7.952000e-03 2.681840e-01
180 7.227920e-01 7.708000e-03 2.695000e-01
181 7.215320e-01 7.604000e-03 2.708640e-01
182 7.203200e-01 7.540000e-03 2.721400e-01
183 7.190320e-01 7.532000e-03 2.734360e-01
184 7.177360e-01 7.488000e-03 2.747760e-01
185 7.165800e-01 7.332000e-03 2.760880e-01
186 7.152920e-01 7.420000e-03 2.772880e-01
187 7.141200e-01 7.360000e-03 2.785200e-01
188 7.128600e-01 7.268000e-03 2.798720e-01
189 7.117400e-01 7.072000e-03 2.811880e-01
190 7.105040e-01 7.004000e-03 2.824920e-01
191 7.093920e-01 6.980000e-03 2.836280e-01
192 7.083240e-01 6.800000e-03 2.848760e-01
193 7.074240e-01 6.620000e-03 2.859560e-01
194 7.064680e-01 6.528000e-03 2.870040e-01
195 7.053960e-01 6.452000e-03 2.881520e-01
196 7.044920e-01 6.256000e-03 2.892520e-01
197 7.034760e-01 6.232000e-03 2.902920e-01
198 7.025040e-01 6.136000e-03 2.913600e-01
199 7.015000e-01 6.032000e-03 2.924680e-01
200 7.005600e-01 5.896000e-03 2.935440e-01
201 6.996080e-01 5.772000e-03 2.946200e-01
202 6.986000e-01 5.768000e-03 2.956320e-01
203 6.977880e-01 5.500000e-03 2.967120e-01
204 6.969440e-01 5.380000e-03 2.976760e-01
205 6.961320e-01 5.248000e-03 2.986200e-01
206 6.952840e-01 5.064000e-03 2.996520e-01
207 6.944480e-01 4.972000e-03 3.005800e-01
208 6.936760e-01 4.900000e-03 3.014240e-01
209 6.929720e-01 4.708000e-03 3.023200e-01
210 6.921400e-01 4.756000e-03 3.031040e-01
211 6.913040e-01 4.840000e-03 3.038560e-01
212 6.904760e-01 4.828000e-03 3.046960e-01
213 6.896040e-01 4.812000e-03 3.055840e-01
214 6.887560e-01 4.812000e-03 3.064320e-01
215 6.879080e-01 4.748000e-03 3.073440e-01
216 6.871520e-01 4.692000e-03 3.081560e-01
217 6.862360e-01 4.852000e-03 3.089120e-01
218 6.854000e-01 4.912000e-03 3.096880e-01
219 6.844440e-01 5.008000e-03 3.105480e-01
220 6.835560e-01 4.944000e-03 3.115000e-01
221 6.825560e-01 5.044000e-03 3.124000e-01
222 6.816560e-01 5.056000e-03 3.132880e-01
223 6.807120e-01 5.088000e-03 3.142000e-01
224 6.797400e-01 5.148000e-03 3.151120e-01
225 6.787800e-01 5.236000e-03 3.159840e-01
226 6.778680e-01 5.288000e-03 3.168440e-01
227 6.770120e-01 5.236000e-03 3.177520e-01
228 6.761960e-01 5.280000e-03 3.185240e-01
229 6.752480e-01 5.248000e-03 3.195040e-01
230 6.743800e-01 5.196000e-03 3.204240e-01
231 6.734760e-01 5.152000e-03 3.213720e-01
232 6.726760e-01 5.024000e-03 3.223000e-01
233 6.718720e-01 5.008000e-03 3.231200e-01
234 6.708560e-01 5.152000e-03 3.239920e-01
235 6.699200e-01 5.080000e-03 3.250000e-01
236 6.690120e-01 5.060000e-03 3.259280e-01
237 6.680880e-01 5.088000e-03 3.268240e-01
238 6.670600e-01 5.248000e-03 3.276920e-01
239 6.661840e-01 5.248000e-03 3.285680e-01
240 6.654360e-01 5.080000e-03 3.294840e-01
241 6.647160e-01 4.948000e-03 3.303360e-01
242 6.639440e-01 4.852000e-03 3.312040e-01
243 6.632440e-01 4.680000e-03 3.320760e-01
244 6.624840e-01 4.708000e-03 3.328080e-01
245 6.617400e-01 4.636000e-03 3.336240e-01
246 6.610160e-01 4.540000e-03 3.344440e-01
247 6.602800e-01 4.484000e-03 3.352360e-01
248 6.596200e-01 4.400000e-03 3.359800e-01
249 6.590440e-01 4.236000e-03 3.367200e-01
250 6.584360e-01 4.104000e-03 3.374600e-01
251 6.577320e-01 4.060000e-03 3.382080e-01
252 6.571240e-01 3.976000e-03 3.389000e-01
253 6.564560e-01 3.940000e-03 3.396040e-01
254 6.558320e-01 3.916000e-03 3.402520e-01
255 6.552880e-01 3.812000e-03 3.409000e-01
256 6.547480e-01 3.752000e-03 3.415000e-01
257 6.540880e-01 3.808000e-03 3.421040e-01
258 6.534840e-01 3.692000e-03 3.428240e-01
259 6.527520e-01 3.732000e-03 3.435160e-01
260 6.520840e-01 3.772000e-03 3.441440e-01
261 6.515400e-01 3.684000e-03 3.447760e-01
262 6.508520e-01 3.792000e-03 3.453560e-01
263 6.502920e-01 3.752000e-03 3.459560e-01
264 6.496600e-01 3.696000e-03 3.466440e-01
265 6.491000e-01 3.592000e-03 3.473080e-01
266 6.484760e-01 3.612000e-03 3.479120e-01
267 6.478800e-01 3.580000e-03 3.485400e-01
268 6.472040e-01 3.592000e-03 3.492040e-01
269 6.466600e-01 3.480000e-03 3.498600e-01
270 6.461000e-01 3.392000e-03 3.505080e-01
271 6.456280e-01 3.304000e-03 3.510680e-01
272 6.450600e-01 3.324000e-03 3.516160e-01
273 6.445800e-01 3.252000e-03 3.521680e-01
274 6.440640e-01 3.256000e-03 3.526800e-01
275 6.436520e-01 3.160000e-03 3.531880e-01
276 6.431360e-01 3.084000e-03 3.537800e-01
277 6.426200e-01 2.992000e-03 3.543880e-01
278 6.421400e-01 2.904000e-03 3.549560e-01
279 6.416320e-01 2.844000e-03 3.555240e-01
280 6.411800e-01 2.800000e-03 3.560200e-01
281 6.407960e-01 2.752000e-03 3.564520e-01
282 6.404120e-01 2.684000e-03 3.569040e-01
283 6.400120e-01 2.644000e-03 3.573440e-01
284 6.395880e-01 2.596000e-03 3.578160e-01
285 6.391440e-01 2.580000e-03 3.582760e-01
286 6.387440e-01 2.504000e-03 3.587520e-01
287 6.383360e-01 2.520000e-03 3.591440e-01
288 6.378440e-01 2.520000e-03 3.596360e-01
289 6.374080e-01 2.472000e-03 3.601200e-01
290 6.369640e-01 2.480000e-03 3.605560e-01
291 6.366080e-01 2.392000e-03 3.610000e-01
292 6.362240e-01 2.436000e-03 3.613400e-01
293 6.356960e-01 2.524000e-03 3.617800e-01
294 6.352640e-01 2.488000e-03 3.622480e-01
295 6.348160e-01 2.428000e-03 3.627560e-01
296 6.344160e-01 2.388000e-03 3.631960e-01
297 6.339920e-01 2.432000e-03 3.635760e-01
298 6.335240e-01 2.472000e-03 3.640040e-01
299 6.330640e-01 2.540000e-03 3.643960e-01
300 6.325880e-01 2.612000e-03 3.648000e-01
301 6.322440e-01 2.544000e-03 3.652120e-01
302 6.317920e-01 2.524000e-03 3.656840e-01
303 6.314080e-01 2.384000e-03 3.662080e-01
304 6.310160e-01 2.316000e-03 3.666680e-01
305 6.306760e-01 2.252000e-03 3.670720e-01
306 6.302840e-01 2.280000e-03 3.674360e-01
307 6.298520e-01 2.272000e-03 3.678760e-01
308 6.294000e-01 2.324000e-03 3.682760e-01
309 6.290360e-01 2.204000e-03 3.687600e-01
310 6.286360e-01 2.256000e-03 3.691080e-01
311 6.282400e-01 2.260000e-03 3.695000e-01
312 6.278200e-01 2.288000e-03 3.698920e-01
313 6.274480e-01 2.288000e-03 3.702640e-01
314 6.270560e-01 2.280000e-03 3.706640e-01
315 6.266320e-01 2.256000e-03 3.711120e-01
316 6.262080e-01 2.304000e-03 3.714880e-01
317 6.257880e-01 2.352000e-03 3.718600e-01
318 6.253720e-01 2.356000e-03 3.722720e-01
319 6.250000e-01 2.292000e-03 3.727080e-01
320 6.246520e-01 2.248000e-03 3.731000e-01
321 6.242280e-01 2.244000e-03 3.735280e-01
322 6.238240e-01 2.252000e-03 3.739240e-01
323 6.234200e-01 2.240000e-03 3.743400e-01
324 6.230680e-01 2.180000e-03 3.747520e-01
325 6.226640e-01 2.176000e-03 3.751600e-01
326 6.222320e-01 2.216000e-03 3.755520e-01
327 6.218400e-01 2.240000e-03 3.759200e-01
328 6.214720e-01 2.240000e-03 3.762880e-01
329 6.210040e-01 2.300000e-03 3.766960e-01
330 6.205840e-01 2.296000e-03 3.771200e-01
331 6.201840e-01 2.296000e-03 3.775200e-01
332 6.197320e-01 2.380000e-03 3.778880e-01
333 6.193600e-01 2.360000e-03 3.782800e-01
334 6.189640e-01 2.288000e-03 3.787480e-01
335 6.185680e-01 2.236000e-03 3.791960e-01
336 6.182000e-01 2.220000e-03 3.795800e-01
337 6.178360e-01 2.176000e-03 3.799880e-01
338 6.174800e-01 2.128000e-03 3.803920e-01
339 6.171240e-01 2.096000e-03 3.807800e-01
340 6.167880e-01 2.024000e-03 3.811880e-01
341 6.164360e-01 2.004000e-03 3.815600e-01
342 6.160760e-01 2.024000e-03 3.819000e-01
343 6.156800e-01 2.028000e-03 3.822920e-01
344 6.153280e-01 1.992000e-03 3.826800e-01
345 6.150120e-01 1.940000e-03 3.830480e-01
346 6.147000e-01 1.860000e-03 3.834400e-01
347 6.144400e-01 1.828000e-03 3.837320e-01
348 6.141760e-01 1.840000e-03 3.839840e-01
349 6.138800e-01 1.752000e-03 3.843680e-01
350 6.135880e-01 1.708000e-03 3.847040e-01
351 6.133360e-01 1.592000e-03 3.850720e-01
352 6.131360e-01 1.556000e-03 3.853080e-01
353 6.128720e-01 1.504000e-03 3.856240e-01
354 6.126160e-01 1.516000e-03 3.858680e-01
355 6.123800e-01 1.500000e-03 3.861200e-01
356 6.121520e-01 1.408000e-03 3.864400e-01
357 6.119160e-01 1.412000e-03 3.866720e-01
358 6.116840e-01 1.456000e-03 3.868600e-01
359 6.114800e-01 1.384000e-03 3.871360e-01
360 6.112400e-01 1.392000e-03 3.873680e-01
361 6.110120e-01 1.364000e-03 3.876240e-01
362 6.107720e-01 1.356000e-03 3.878720e-01
363 6.105600e-01 1.348000e-03 3.880920e-01
364 6.104040e-01 1.232000e-03 3.883640e-01
365 6.102360e-01 1.164000e-03 3.886000e-01
366 6.100800e-01 1.144000e-03 3.887760e-01
367 6.099120e-01 1.132000e-03 3.889560e-01
368 6.097600e-01 1.112000e-03 3.891280e-01
369 6.096120e-01 1.040000e-03 3.893480e-01
370 6.094640e-01 1.036000e-03 3.895000e-01
371 6.093000e-01 1.040000e-03 3.896600e-01
372 6.091240e-01 1.072000e-03 3.898040e-01
373 6.089560e-01 1.032000e-03 3.900120e-01
374 6.087480e-01 1.056000e-03 3.901960e-01
375 6.085400e-01 1.108000e-03 3.903520e-01
376 6.083560e-01 1.084000e-03 3.905600e-01
377 6.082080e-01 1.044000e-03 3.907480e-01
378 6.080080e-01 1.056000e-03 3.909360e-01
379 6.078280e-01 1.056000e-03 3.911160e-01
380 6.076560e-01 1.080000e-03 3.912640e-01
381 6.074880e-01 1.092000e-03 3.914200e-01
382 6.073040e-01 1.068000e-03 3.916280e-01
383 6.071520e-01 1.024000e-03 3.918240e-01
384 6.069800e-01 1.008000e-03 3.920120e-01
385 6.068640e-01 9.440000e-04 3.921920e-01
386 6.067040e-01 9.320000e-04 3.923640e-01
387 6.065600e-01 9.240000e-04 3.925160e-01
388 6.064480e-01 8.600000e-04 3.926920e-01
389 6.063520e-01 8.360000e-04 3.928120e-01
390 6.062480e-01 7.880000e-04 3.929640e-01
391 6.061440e-01 8.120000e-04 3.930440e-01
392 6.060160e-01 8.120000e-04 3.931720e-01
393 6.058800e-01 8.080000e-04 3.933120e-01
394 6.057800e-01 8.000000e-04 3.934200e-01
395 6.056360e-01 7.920000e-04 3.935720e-01
396 6.055280e-01 7.120000e-04 3.937600e-01
397 6.053920e-01 7.200000e-04 3.938880e-01
398 6.052480e-01 7.200000e-04 3.940320e-01
399 6.051320e-01 7.240000e-04 3.941440e-01
400 6.050040e-01 7.200000e-04 3.942760e-01
401 6.048920e-01 7.120000e-04 3.943960e-01
402 6.047560e-01 7.320000e-04 3.945120e-01
403 6.046480e-01 6.880000e-04 3.946640e-01
404 6.045480e-01 6.600000e-04 3.947920e-01
405 6.044640e-01 6.240000e-04 3.949120e-01
406 6.043440e-01 6.040000e-04 3.950520e-01
407 6.042160e-01 6.360000e-04 3.951480e-01
408 6.040960e-01 6.600000e-04 3.952440e-01
409 6.040040e-01 6.040000e-04 3.953920e-01
410 6.039120e-01 5.960000e-04 3.954920e-01
411 6.038160e-01 5.840000e-04 3.956000e-01
412 6.037240e-01 5.800000e-04 3.956960e-01
413 6.036280e-01 5.840000e-04 3.957880e-01
414 6.035240e-01 6.120000e-04 3.958640e-01
415 6.034480e-01 5.640000e-04 3.959880e-01
416 6.033360e-01 6.080000e-04 3.960560e-01
417 6.032080e-01 6.160000e-04 3.961760e-01
418 6.031360e-01 5.560000e-04 3.963080e-01
419 6.030520e-01 5.560000e-04 3.963920e-01
420 6.029440e-01 5.640000e-04 3.964920e-01
421 6.028520e-01 5.720000e-04 3.965760e-01
422 6.027600e-01 5.520000e-04 3.966880e-01
423 6.026640e-01 5.400000e-04 3.967960e-01
424 6.026000e-01 5.160000e-04 3.968840e-01
425 6.025600e-01 4.840000e-04 3.969560e-01
426 6.025040e-01 4.600000e-04 3.970360e-01
427 6.024440e-01 4.320000e-04 3.971240e-01
428 6.023800e-01 4.080000e-04 3.972120e-01
429 6.023120e-01 4.120000e-04 3.972760e-01
430 6.022480e-01 3.920000e-04 3.973600e-01
431 6.021720e-01 3.840000e-04 3.974440e-01
432 6.020640e-01 4.680000e-04 3.974680e-01
433 6.019960e-01 4.480000e-04 3.975560e-01
434 6.019560e-01 4.040000e-04 3.976400e-01
435 6.019400e-01 3.600000e-04 3.977000e-01
436 6.018960e-01 3.360000e-04 3.977680e-01
437 6.018560e-01 3.200000e-04 3.978240e-01
438 6.018080e-01 3.080000e-04 3.978840e-01
439 6.017720e-01 3.040000e-04 3.979240e-01
440 6.017200e-01 2.800000e-04 3.980000e-01
441 6.016960e-01 2.720000e-04 3.980320e-01
442 6.016720e-01 2.560000e-04 3.980720e-01
443 6.016080e-01 2.840000e-04 3.981080e-01
444 6.015600e-01 2.760000e-04 3.981640e-01
445 6.015040e-01 2.800000e-04 3.982160e-01
446 6.014200e-01 3.040000e-04 3.982760e-01
447 6.013600e-01 3.000000e-04 3.983400e-01
448 6.012880e-01 3.120000e-04 3.984000e-01
449 6.012320e-01 3.040000e-04 3.984640e-01
450 6.011400e-01 3.640000e-04 3.984960e-01
451 6.010440e-01 4.120000e-04 3.985440e-01
452 6.009320e-01 4.720000e-04 3.985960e-01
453 6.008480e-01 4.760000e-04 3.986760e-01
454 6.007680e-01 4.800000e-04 3.987520e-01
455 6.006920e-01 4.600000e-04 3.988480e-01
456 6.006240e-01 4.400000e-04 3.989360e-01
457 6.005960e-01 4.040000e-04 3.990000e-01
458 6.005400e-01 3.720000e-04 3.990880e-01
459 6.004800e-01 3.800000e-04 3.991400e-01
460 6.004080e-01 3.800000e-04 3.992120e-01
461 6.003400e-01 3.840000e-04 3.992760e-01
462 6.002440e-01 3.800000e-04 3.993760e-01
463 6.001640e-01 3.840000e-04 3.994520e-01
464 6.000800e-01 4.040000e-04 3.995160e-01
465 5.999760e-01 4.400000e-04 3.995840e-01
466 5.998760e-01 4.720000e-04 3.996520e-01
467 5.997880e-01 4.760000e-04 3.997360e-01
468 5.997200e-01 4.480000e-04 3.998320e-01
469 5.996600e-01 4.200000e-04 3.999200e-01
470 5.995920e-01 3.960000e-04 4.000120e-01
471 5.995120e-01 4.080000e-04 4.000800e-01
472 5.994600e-01 3.960000e-04 4.001440e-01
473 5.994000e-01 3.680000e-04 4.002320e-01
474 5.993800e-01 3.240000e-04 4.002960e-01
475 5.993520e-01 2.760000e-04 4.003720e-01
476 5.993320e-01 2.360000e-04 4.004320e-01
477 5.993000e-01 2.320000e-04 4.004680e-01
478 5.992720e-01 2.320000e-04 4.004960e-01
479 5.992400e-01 2.440000e-04 4.005160e-01
480 5.992200e-01 2.160000e-04 4.005640e-01
481 5.991840e-01 2.160000e-04 4.006000e-01
482 5.991640e-01 1.960000e-04 4.006400e-01
483 5.991360e-01 1.840000e-04 4.006800e-01
484 5.991000e-01 1.760000e-04 4.007240e-01
485 5.990720e-01 1.600000e-04 4.007680e-01
486 5.990320e-01 1.680000e-04 4.008000e-01
487 5.989680e-01 2.040000e-04 4.008280e-01
488 5.989040e-01 2.400000e-04 4.008560e-01
489 5.988680e-01 2.320000e-04 4.009000e-01
490 5.988360e-01 2.280000e-04 4.009360e-01
491 5.987760e-01 2.720000e-04 4.009520e-01
492 5.987360e-01 2.760000e-04 4.009880e-01
493 5.987120e-01 2.360000e-04 4.010520e-01
494 5.986600e-01 2.640000e-04 4.010760e-01
495 5.986040e-01 2.800000e-04 4.011160e-01
496 5.985360e-01 3.200000e-04 4.011440e-01
497 5.984640e-01 3.400000e-04 4.011960e-01
498 5.984240e-01 3.160000e-04 4.012600e-01
499 5.983960e-01 2.840000e-04 4.013200e-01
500 5.983720e-01 2.720000e-04 4.013560e-01
