1 9.992000e-01 7.040000e-04 9.600000e-05
2 9.987800e-01 9.760000e-04 2.440000e-04
3 9.982320e-01 1.360000e-03 4.080000e-04
4 9.974920e-01 1.832000e-03 6.760000e-04
5 9.967760e-01 2.236000e-03 9.880000e-04
6 9.959320e-01 2.700000e-03 1.368000e-03
7 9.949440e-01 3.084000e-03 1.972000e-03
8 9.940480e-01 3.324000e-03 2.628000e-03
9 9.931320e-01 3.620000e-03 3.248000e-03
10 9.922840e-01 3.872000e-03 3.844000e-03
11 9.912480e-01 4.136000e-03 4.616000e-03
12 9.902040e-01 4.500000e-03 5.296000e-03
13 9.890680e-01 4.832000e-03 6.100000e-03
14 9.879120e-01 5.108000e-03 6.980000e-03
15 9.867600e-01 5.312000e-03 7.928000e-03
16 9.855720e-01 5.492000e-03 8.936000e-03
17 9.843800e-01 5.696000e-03 9.924000e-03
18 9.829880e-01 6.060000e-03 1.095200e-02
19 9.816320e-01 6.392000e-03 1.197600e-02
20 9.803280e-01 6.608000e-03 1.306400e-02
21 9.789000e-01 6.860000e-03 1.424000e-02
22 9.773600e-01 7.096000e-03 1.554400e-02
23 9.760120e-01 7.212000e-03 1.677600e-02
24 9.744600e-01 7.420000e-03 1.812000e-02
25 9.730360e-01 7.584000e-03 1.938000e-02
26 9.715160e-01 7.776000e-03 2.070800e-02
27 9.700120e-01 7.876000e-03 2.211200e-02
28 9.684080e-01 8.168000e-03 2.342400e-02
29 9.668080e-01 8.508000e-03 2.468400e-02
30 9.651680e-01 8.684000e-03 2.614800e-02
31 9.633680e-01 8.900000e-03 2.773200e-02
32 9.616800e-01 9.080000e-03 2.924000e-02
33 9.599760e-01 9.148000e-03 3.087600e-02
34 9.583920e-01 9.164000e-03 3.244400e-02
35 9.568200e-01 9.356000e-03 3.382400e-02
36 9.551400e-01 9.220000e-03 3.564000e-02
37 9.535000e-01 9.168000e-03 3.733200e-02
38 9.517800e-01 9.196000e-03 3.902400e-02
39 9.500040e-01 9.364000e-03 4.063200e-02
40 9.482120e-01 9.480000e-03 4.230800e-02
41 9.465280e-01 9.556000e-03 4.391600e-02
42 9.448200e-01 9.672000e-03 4.550800e-02
43 9.430840e-01 9.812000e-03 4.710400e-02
44 9.413800e-01 9.764000e-03 4.885600e-02
45 9.396920e-01 9.712000e-03 5.059600e-02
46 9.379320e-01 9.724000e-03 5.234400e-02
47 9.363960e-01 9.576000e-03 5.402800e-02
48 9.348480e-01 9.320000e-03 5.583200e-02
49 9.331880e-01 9.248000e-03 5.756400e-02
50 9.315640e-01 9.200000e-03 5.923600e-02
51 9.299480e-01 9.252000e-03 6.080000e-02
52 9.283560e-01 9.220000e-03 6.242400e-02
53 9.267600e-01 9.220000e-03 6.402000e-02
54 9.250680e-01 9.356000e-03 6.557600e-02
55 9.232080e-01 9.628000e-03 6.716400e-02
56 9.213640e-01 9.780000e-03 6.885600e-02
57 9.195160e-01 9.904000e-03 7.058000e-02
58 9.178160e-01 9.948000e-03 7.223600e-02
59 9.161840e-01 9.752000e-03 7.406400e-02
60 9.145040e-01 9.612000e-03 7.588400e-02
61 9.127080e-01 9.752000e-03 7.754000e-02
62 9.110080e-01 9.800000e-03 7.919200e-02
63 9.092960e-01 9.772000e-03 8.093200e-02
64 9.075920e-01 9.736000e-03 8.267200e-02
65 9.059040e-01 9.872000e-03 8.422400e-02
66 9.041400e-01 9.948000e-03 8.591200e-02
67 9.024880e-01 9.860000e-03 8.765200e-02
68 9.006800e-01 9.908000e-03 8.941200e-02
69 8.991280e-01 9.660000e-03 9.121200e-02
70 8.974320e-01 9.432000e-03 9.313600e-02
71 8.957600e-01 9.456000e-03 9.478400e-02
72 8.941520e-01 9.436000e-03 9.641200e-02
73 8.925240e-01 9.328000e-03 9.814800e-02
74 8.907520e-01 9.512000e-03 9.973600e-02
75 8.891160e-01 9.568000e-03 1.013160e-01
76 8.875000e-01 9.616000e-03 1.028840e-01
77 8.857800e-01 9.876000e-03 1.043440e-01
78 8.839920e-01 9.972000e-03 1.060360e-01
79 8.822240e-01 1.003200e-02 1.077440e-01
80 8.806320e-01 9.908000e-03 1.094600e-01
81 8.789400e-01 9.764000e-03 1.112960e-01
82 8.772840e-01 9.764000e-03 1.129520e-01
83 8.756640e-01 9.696000e-03 1.146400e-01
84 8.739480e-01 9.724000e-03 1.163280e-01
85 8.721120e-01 9.828000e-03 1.180600e-01
86 8.704400e-01 9.756000e-03 1.198040e-01
87 8.687240e-01 9.916000e-03 1.213600e-01
88 8.669440e-01 9.984000e-03 1.230720e-01
89 8.652640e-01 9.776000e-03 1.249600e-01
90 8.637120e-01 9.548000e-03 1.267400e-01
91 8.620680e-01 9.488000e-03 1.284440e-01
92 8.605480e-01 9.332000e-03 1.301200e-01
93 8.590800e-01 9.268000e-03 1.316520e-01
94 8.575360e-01 9.272000e-03 1.331920e-01
95 8.559480e-01 9.148000e-03 1.349040e-01
96 8.544840e-01 9.040000e-03 1.364760e-01
97 8.527920e-01 9.016000e-03 1.381920e-01
98 8.511760e-01 8.976000e-03 1.398480e-01
99 8.494840e-01 9.064000e-03 1.414520e-01
100 8.479320e-01 9.012000e-03 1.430560e-01
101 8.462200e-01 9.136000e-03 1.446440e-01
102 8.445240e-01 9.200000e-03 1.462760e-01
103 8.428880e-01 9.160000e-03 1.479520e-01
104 8.412400e-01 9.160000e-03 1.496000e-01
105 8.395440e-01 9.268000e-03 1.511880e-01
106 8.380200e-01 9.100000e-03 1.528800e-01
107 8.364680e-01 9.148000e-03 1.543840e-01
108 8.348640e-01 9.124000e-03 1.560120e-01
109 8.332280e-01 9.236000e-03 1.575360e-01
110 8.316880e-01 9.200000e-03 1.591120e-01
111 8.300400e-01 9.188000e-03 1.607720e-01
112 8.283960e-01 9.172000e-03 1.624320e-01
113 8.269120e-01 9.024000e-03 1.640640e-01
114 8.255080e-01 8.936000e-03 1.655560e-01
115 8.240960e-01 8.712000e-03 1.671920e-01
116 8.224760e-01 8.836000e-03 1.686880e-01
117 8.209080e-01 8.960000e-03 1.701320e-01
118 8.192760e-01 8.976000e-03 1.717480e-01
119 8.178040e-01 8.856000e-03 1.733400e-01
120 8.162160e-01 8.972000e-03 1.748120e-01
121 8.145600e-01 9.088000e-03 1.763520e-01
122 8.127720e-01 9.364000e-03 1.778640e-01
123 8.111040e-01 9.448000e-03 1.794480e-01
124 8.094800e-01 9.412000e-03 1.811080e-01
125 8.078720e-01 9.312000e-03 1.828160e-01
126 8.062240e-01 9.388000e-03 1.843880e-01
127 8.045680e-01 9.316000e-03 1.861160e-01
128 8.030680e-01 9.192000e-03 1.877400e-01
129 8.012760e-01 9.312000e-03 1.894120e-01
130 7.996720e-01 9.288000e-03 1.910400e-01
131 7.980400e-01 9.300000e-03 1.926600e-01
132 7.964600e-01 9.204000e-03 1.943360e-01
133 7.950320e-01 9.024000e-03 1.959440e-01
134 7.935480e-01 8.988000e-03 1.974640e-01
135 7.921120e-01 8.880000e-03 1.990080e-01
136 7.907080e-01 8.700000e-03 2.005920e-01
137 7.892320e-01 8.720000e-03 2.020480e-01
138 7.876960e-01 8.776000e-03 2.035280e-01
139 7.862800e-01 8.504000e-03 2.052160e-01
140 7.847480e-01 8.432000e-03 2.068200e-01
141 7.833800e-01 8.196000e-03 2.084240e-01
142 7.818760e-01 8.204000e-03 2.099200e-01
143 7.804880e-01 8.144000e-03 2.113680e-01
144 7.790200e-01 8.316000e-03 2.126640e-01
145 7.775080e-01 8.328000e-03 2.141640e-01
146 7.759680e-01 8.344000e-03 2.156880e-01
147 7.744560e-01 8.460000e-03 2.170840e-01
148 7.728800e-01 8.520000e-03 2.186000e-01
149 7.714600e-01 8.428000e-03 2.201120e-01
150 7.699840e-01 8.360000e-03 2.216560e-01
151 7.686240e-01 8.200000e-03 2.231760e-01
152 7.670520e-01 8.188000e-03 2.247600e-01
153 7.655320e-01 8.216000e-03 2.262520e-01
154 7.640480e-01 8.304000e-03 2.276480e-01
155 7.625400e-01 8.464000e-03 2.289960e-01
156 7.609160e-01 8.712000e-03 2.303720e-01
157 7.593680e-01 8.772000e-03 2.318600e-01
158 7.579240e-01 8.712000e-03 2.333640e-01
159 7.562640e-01 8.828000e-03 2.349080e-01
160 7.548720e-01 8.752000e-03 2.363760e-01
161 7.534600e-01 8.720000e-03 2.378200e-01
162 7.521080e-01 8.520000e-03 2.393720e-01
163 7.507640e-01 8.384000e-03 2.408520e-01
164 7.494640e-01 8.204000e-03 2.423320e-01
165 7.481200e-01 8.156000e-03 2.437240e-01
166 7.468480e-01 7.888000e-03 2.452640e-01
167 7.455880e-01 7.916000e-03 2.464960e-01
168 7.445000e-01 7.628000e-03 2.478720e-01
169 7.434640e-01 7.332000e-03 2.492040e-01
170 7.424160e-01 7.096000e-03 2.504880e-01
171 7.414040e-01 6.828000e-03 2.517680e-01
172 7.402440e-01 6.840000e-03 2.529160e-01
173 7.389400e-01 6.896000e-03 2.541640e-01
174 7.378840e-01 6.688000e-03 2.554280e-01
175 7.367040e-01 6.812000e-03 2.564840e-01
176 7.356040e-01 6.780000e-03 2.576160e-01
177 7.344080e-01 6.820000e-03 2.587720e-01
178 7.332240e-01 6.808000e-03 2.599680e-01
179 7.319960e-01 6.912000e-03 2.610920e-01
180 7.309040e-01 6.764000e-03 2.623320e-01
181 7.297680e-01 6.688000e-03 2.635440e-01
182 7.286120e-01 6.696000e-03 2.646920e-01
183 7.273320e-01 6.816000e-03 2.658520e-01
184 7.261920e-01 6.860000e-03 2.669480e-01
185 7.252280e-01 6.664000e-03 2.681080e-01
186 7.241840e-01 6.572000e-03 2.692440e-01
187 7.231000e-01 6.496000e-03 2.704040e-01
188 7.219800e-01 6.508000e-03 2.715120e-01
189 7.207840e-01 6.744000e-03 2.724720e-01
190 7.195640e-01 6.668000e-03 2.737680e-01
191 7.184040e-01 6.760000e-03 2.748360e-01
192 7.172400e-01 6.796000e-03 2.759640e-01
193 7.161680e-01 6.656000e-03 2.771760e-01
194 7.150960e-01 6.544000e-03 2.783600e-01
195 7.141360e-01 6.456000e-03 2.794080e-01
196 7.131080e-01 6.384000e-03 2.805080e-01
197 7.120200e-01 6.156000e-03 2.818240e-01
198 7.109480e-01 6.144000e-03 2.829080e-01
199 7.097080e-01 6.108000e-03 2.841840e-01
200 7.085760e-01 6.132000e-03 2.852920e-01
201 7.074120e-01 6.108000e-03 2.864800e-01
202 7.062360e-01 6.216000e-03 2.875480e-01
203 7.051360e-01 6.208000e-03 2.886560e-01
204 7.040720e-01 6.192000e-03 2.897360e-01
205 7.029480e-01 6.168000e-03 2.908840e-01
206 7.018200e-01 6.136000e-03 2.920440e-01
207 7.007320e-01 6.108000e-03 2.931600e-01
208 6.996760e-01 6.156000e-03 2.941680e-01
209 6.986080e-01 6.136000e-03 2.952560e-01
210 6.975320e-01 6.112000e-03 2.963560e-01
211 6.964000e-01 6.088000e-03 2.975120e-01
212 6.953680e-01 6.024000e-03 2.986080e-01
213 6.943360e-01 5.976000e-03 2.996880e-01
214 6.934160e-01 5.832000e-03 3.007520e-01
215 6.924000e-01 5.860000e-03 3.017400e-01
216 6.915480e-01 5.728000e-03 3.027240e-01
217 6.905640e-01 5.672000e-03 3.037640e-01
218 6.897120e-01 5.568000e-03 3.047200e-01
219 6.887040e-01 5.596000e-03 3.057000e-01
220 6.879880e-01 5.384000e-03 3.066280e-01
221 6.872040e-01 5.244000e-03 3.075520e-01
222 6.864480e-01 5.108000e-03 3.084440e-01
223 6.856560e-01 5.000000e-03 3.093440e-01
224 6.848320e-01 4.936000e-03 3.102320e-01
225 6.841360e-01 4.776000e-03 3.110880e-01
226 6.832120e-01 4.860000e-03 3.119280e-01
227 6.824600e-01 4.740000e-03 3.128000e-01
228 6.817680e-01 4.660000e-03 3.135720e-01
229 6.810440e-01 4.620000e-03 3.143360e-01
230 6.803760e-01 4.516000e-03 3.151080e-01
231 6.796560e-01 4.360000e-03 3.159840e-01
232 6.789120e-01 4.296000e-03 3.167920e-01
233 6.781000e-01 4.328000e-03 3.175720e-01
234 6.774360e-01 4.140000e-03 3.184240e-01
235 6.767560e-01 4.088000e-03 3.191560e-01
236 6.760720e-01 4.064000e-03 3.198640e-01
237 6.753160e-01 4.116000e-03 3.205680e-01
238 6.744200e-01 4.328000e-03 3.212520e-01
239 6.736440e-01 4.332000e-03 3.220240e-01
240 6.729520e-01 4.300000e-03 3.227480e-01
241 6.721880e-01 4.212000e-03 3.236000e-01
242 6.714480e-01 4.156000e-03 3.243960e-01
243 6.706160e-01 4.292000e-03 3.250920e-01
244 6.698880e-01 4.216000e-03 3.258960e-01
245 6.690480e-01 4.312000e-03 3.266400e-01
246 6.682800e-01 4.388000e-03 3.273320e-01
247 6.676160e-01 4.208000e-03 3.281760e-01
248 6.669000e-01 4.072000e-03 3.290280e-01
249 6.662960e-01 4.020000e-03 3.296840e-01
250 6.656040e-01 4.012000e-03 3.303840e-01
251 6.650200e-01 3.880000e-03 3.311000e-01
252 6.644000e-01 3.748000e-03 3.318520e-01
253 6.638440e-01 3.704000e-03 3.324520e-01
254 6.632720e-01 3.620000e-03 3.331080e-01
255 6.626400e-01 3.604000e-03 3.337560e-01
256 6.620640e-01 3.596000e-03 3.343400e-01
257 6.614560e-01 3.552000e-03 3.349920e-01
258 6.607640e-01 3.568000e-03 3.356680e-01
259 6.601960e-01 3.576000e-03 3.362280e-01
260 6.594760e-01 3.560000e-03 3.369640e-01
261 6.588720e-01 3.556000e-03 3.375720e-01
262 6.582040e-01 3.584000e-03 3.382120e-01
263 6.575720e-01 3.556000e-03 3.388720e-01
264 6.569520e-01 3.480000e-03 3.395680e-01
265 6.563320e-01 3.440000e-03 3.402280e-01
266 6.557000e-01 3.484000e-03 3.408160e-01
267 6.551360e-01 3.424000e-03 3.414400e-01
268 6.544960e-01 3.508000e-03 3.419960e-01
269 6.539240e-01 3.448000e-03 3.426280e-01
270 6.534160e-01 3.280000e-03 3.433040e-01
271 6.529040e-01 3.184000e-03 3.439120e-01
272 6.524160e-01 3.084000e-03 3.445000e-01
273 6.519200e-01 3.108000e-03 3.449720e-01
274 6.513880e-01 3.136000e-03 3.454760e-01
275 6.508680e-01 3.036000e-03 3.460960e-01
276 6.503480e-01 2.960000e-03 3.466920e-01
277 6.498080e-01 2.992000e-03 3.472000e-01
278 6.492680e-01 2.972000e-03 3.477600e-01
279 6.487480e-01 3.024000e-03 3.482280e-01
280 6.481640e-01 3.024000e-03 3.488120e-01
281 6.476480e-01 3.076000e-03 3.492760e-01
282 6.470840e-01 3.072000e-03 3.498440e-01
283 6.464800e-01 3.128000e-03 3.503920e-01
284 6.458360e-01 3.200000e-03 3.509640e-01
285 6.451760e-01 3.268000e-03 3.515560e-01
286 6.446720e-01 3.164000e-03 3.521640e-01
287 6.441840e-01 3.136000e-03 3.526800e-01
288 6.435800e-01 3.164000e-03 3.532560e-01
289 6.430080e-01 3.172000e-03 3.538200e-01
290 6.425040e-01 3.096000e-03 3.544000e-01
291 6.418760e-01 3.152000e-03 3.549720e-01
292 6.413680e-01 3.084000e-03 3.555480e-01
293 6.408680e-01 3.072000e-03 3.560600e-01
294 6.403680e-01 3.052000e-03 3.565800e-01
295 6.398960e-01 2.920000e-03 3.571840e-01
296 6.393800e-01 2.904000e-03 3.577160e-01
297 6.388600e-01 2.880000e-03 3.582600e-01
298 6.384560e-01 2.816000e-03 3.587280e-01
299 6.379560e-01 2.788000e-03 3.592560e-01
300 6.374760e-01 2.780000e-03 3.597440e-01
301 6.368960e-01 2.900000e-03 3.602040e-01
302 6.364120e-01 2.852000e-03 3.607360e-01
303 6.359760e-01 2.796000e-03 3.612280e-01
304 6.355200e-01 2.760000e-03 3.617200e-01
305 6.350200e-01 2.820000e-03 3.621600e-01
306 6.346000e-01 2.744000e-03 3.626560e-01
307 6.341360e-01 2.712000e-03 3.631520e-01
308 6.337480e-01 2.624000e-03 3.636280e-01
309 6.333320e-01 2.580000e-03 3.640880e-01
310 6.329520e-01 2.536000e-03 3.645120e-01
311 6.324160e-01 2.660000e-03 3.649240e-01
312 6.319160e-01 2.672000e-03 3.654120e-01
313 6.314160e-01 2.676000e-03 3.659080e-01
314 6.309000e-01 2.648000e-03 3.664520e-01
315 6.303680e-01 2.784000e-03 3.668480e-01
316 6.299800e-01 2.708000e-03 3.673120e-01
317 6.294640e-01 2.868000e-03 3.676680e-01
318 6.290400e-01 2.844000e-03 3.681160e-01
319 6.284960e-01 2.792000e-03 3.687120e-01
320 6.280560e-01 2.768000e-03 3.691760e-01
321 6.276520e-01 2.752000e-03 3.695960e-01
322 6.272760e-01 2.652000e-03 3.700720e-01
323 6.268000e-01 2.636000e-03 3.705640e-01
324 6.264000e-01 2.488000e-03 3.711120e-01
325 6.259520e-01 2.472000e-03 3.715760e-01
326 6.255480e-01 2.452000e-03 3.720000e-01
327 6.251240e-01 2.428000e-03 3.724480e-01
328 6.247280e-01 2.372000e-03 3.729000e-01
329 6.242720e-01 2.420000e-03 3.733080e-01
330 6.237920e-01 2.488000e-03 3.737200e-01
331 6.233640e-01 2.428000e-03 3.742080e-01
332 6.229280e-01 2.424000e-03 3.746480e-01
333 6.224840e-01 2.448000e-03 3.750680e-01
334 6.221160e-01 2.364000e-03 3.755200e-01
335 6.217200e-01 2.324000e-03 3.759560e-01
336 6.213760e-01 2.224000e-03 3.764000e-01
337 6.210240e-01 2.132000e-03 3.768440e-01
338 6.206200e-01 2.148000e-03 3.772320e-01
339 6.203000e-01 2.132000e-03 3.775680e-01
340 6.200080e-01 2.036000e-03 3.779560e-01
341 6.197360e-01 2.020000e-03 3.782440e-01
342 6.194400e-01 1.980000e-03 3.785800e-01
343 6.191400e-01 1.948000e-03 3.789120e-01
344 6.188440e-01 1.936000e-03 3.792200e-01
345 6.185120e-01 1.952000e-03 3.795360e-01
346 6.181600e-01 1.992000e-03 3.798480e-01
347 6.178640e-01 1.908000e-03 3.802280e-01
348 6.176000e-01 1.824000e-03 3.805760e-01
349 6.173720e-01 1.748000e-03 3.808800e-01
350 6.171080e-01 1.712000e-03 3.811800e-01
351 6.168560e-01 1.696000e-03 3.814480e-01
352 6.165080e-01 1.732000e-03 3.817600e-01
353 6.162040e-01 1.756000e-03 3.820400e-01
354 6.158920e-01 1.780000e-03 3.823280e-01
355 6.156720e-01 1.720000e-03 3.826080e-01
356 6.153920e-01 1.752000e-03 3.828560e-01
357 6.151480e-01 1.712000e-03 3.831400e-01
358 6.149200e-01 1.680000e-03 3.834000e-01
359 6.146200e-01 1.648000e-03 3.837320e-01
360 6.143440e-01 1.656000e-03 3.840000e-01
361 6.140160e-01 1.628000e-03 3.843560e-01
362 6.137680e-01 1.564000e-03 3.846680e-01
363 6.135200e-01 1.552000e-03 3.849280e-01
364 6.132440e-01 1.496000e-03 3.852600e-01
365 6.130200e-01 1.440000e-03 3.855400e-01
366 6.127720e-01 1.420000e-03 3.858080e-01
367 6.125520e-01 1.384000e-03 3.860640e-01
368 6.122600e-01 1.432000e-03 3.863080e-01
369 6.120240e-01 1.408000e-03 3.865680e-01
370 6.117840e-01 1.368000e-03 3.868480e-01
371 6.115200e-01 1.412000e-03 3.870680e-01
372 6.113600e-01 1.336000e-03 3.873040e-01
373 6.112040e-01 1.240000e-03 3.875560e-01
374 6.110000e-01 1.236000e-03 3.877640e-01
375 6.108560e-01 1.160000e-03 3.879840e-01
376 6.106960e-01 1.108000e-03 3.881960e-01
377 6.105760e-01 9.760000e-04 3.884480e-01
378 6.104160e-01 9.480000e-04 3.886360e-01
379 6.102120e-01 9.560000e-04 3.888320e-01
380 6.100520e-01 9.360000e-04 3.890120e-01
381 6.098920e-01 9.000000e-04 3.892080e-01
382 6.097720e-01 9.000000e-04 3.893280e-01
383 6.095960e-01 9.400000e-04 3.894640e-01
384 6.094280e-01 9.360000e-04 3.896360e-01
385 6.092480e-01 9.400000e-04 3.898120e-01
386 6.091160e-01 9.200000e-04 3.899640e-01
387 6.090080e-01 8.400000e-04 3.901520e-01
388 6.089040e-01 7.760000e-04 3.903200e-01
389 6.087920e-01 7.640000e-04 3.904440e-01
390 6.086400e-01 8.120000e-04 3.905480e-01
391 6.085000e-01 8.200000e-04 3.906800e-01
392 6.084040e-01 7.360000e-04 3.908600e-01
393 6.082600e-01 7.360000e-04 3.910040e-01
394 6.081720e-01 6.960000e-04 3.911320e-01
395 6.080880e-01 6.920000e-04 3.912200e-01
396 6.080040e-01 6.360000e-04 3.913600e-01
397 6.079160e-01 6.360000e-04 3.914480e-01
398 6.078160e-01 6.280000e-04 3.915560e-01
399 6.077080e-01 6.480000e-04 3.916440e-01
400 6.075680e-01 7.120000e-04 3.917200e-01
401 6.074520e-01 6.840000e-04 3.918640e-01
402 6.073440e-01 6.680000e-04 3.919880e-01
403 6.072600e-01 6.600000e-04 3.920800e-01
404 6.071840e-01 5.920000e-04 3.922240e-01
405 6.070600e-01 6.480000e-04 3.922920e-01
406 6.069440e-01 6.600000e-04 3.923960e-01
407 6.068360e-01 6.520000e-04 3.925120e-01
408 6.067320e-01 6.720000e-04 3.925960e-01
409 6.066440e-01 6.480000e-04 3.927080e-01
410 6.065160e-01 6.560000e-04 3.928280e-01
411 6.064240e-01 6.240000e-04 3.929520e-01
412 6.063320e-01 5.880000e-04 3.930800e-01
413 6.061960e-01 6.240000e-04 3.931800e-01
414 6.061040e-01 6.160000e-04 3.932800e-01
415 6.060160e-01 6.040000e-04 3.933800e-01
416 6.059240e-01 5.760000e-04 3.935000e-01
417 6.058360e-01 5.600000e-04 3.936040e-01
418 6.057200e-01 5.440000e-04 3.937360e-01
419 6.056120e-01 5.520000e-04 3.938360e-01
420 6.055240e-01 5.560000e-04 3.939200e-01
421 6.054000e-01 6.280000e-04 3.939720e-01
422 6.052760e-01 6.360000e-04 3.940880e-01
423 6.052080e-01 5.920000e-04 3.942000e-01
424 6.051440e-01 5.480000e-04 3.943080e-01
425 6.050360e-01 5.320000e-04 3.944320e-01
426 6.049640e-01 5.240000e-04 3.945120e-01
427 6.048640e-01 5.400000e-04 3.945960e-01
428 6.047440e-01 6.120000e-04 3.946440e-01
429 6.046560e-01 6.160000e-04 3.947280e-01
430 6.045640e-01 6.160000e-04 3.948200e-01
431 6.044520e-01 6.240000e-04 3.949240e-01
432 6.043160e-01 6.600000e-04 3.950240e-01
433 6.042280e-01 6.320000e-04 3.951400e-01
434 6.041440e-01 6.240000e-04 3.952320e-01
435 6.040400e-01 6.200000e-04 3.953400e-01
436 6.039520e-01 6.240000e-04 3.954240e-01
437 6.038320e-01 6.480000e-04 3.955200e-01
438 6.037280e-01 6.440000e-04 3.956280e-01
439 6.036120e-01 6.360000e-04 3.957520e-01
440 6.035240e-01 6.040000e-04 3.958720e-01
441 6.034320e-01 5.840000e-04 3.959840e-01
442 6.033400e-01 6.120000e-04 3.960480e-01
443 6.032480e-01 6.280000e-04 3.961240e-01
444 6.031480e-01 5.800000e-04 3.962720e-01
445 6.030760e-01 5.640000e-04 3.963600e-01
446 6.030000e-01 5.360000e-04 3.964640e-01
447 6.029160e-01 5.120000e-04 3.965720e-01
448 6.028360e-01 5.120000e-04 3.966520e-01
449 6.027520e-01 5.080000e-04 3.967400e-01
450 6.026760e-01 4.440000e-04 3.968800e-01
451 6.026280e-01 4.160000e-04 3.969560e-01
452 6.025640e-01 4.000000e-04 3.970360e-01
453 6.025040e-01 4.040000e-04 3.970920e-01
454 6.024520e-01 3.520000e-04 3.971960e-01
455 6.024000e-01 3.480000e-04 3.972520e-01
456 6.023520e-01 3.160000e-04 3.973320e-01
457 6.023200e-01 2.720000e-04 3.974080e-01
458 6.022840e-01 2.480000e-04 3.974680e-01
459 6.022520e-01 2.440000e-04 3.975040e-01
460 6.022000e-01 2.440000e-04 3.975560e-01
461 6.021160e-01 2.840000e-04 3.976000e-01
462 6.020640e-01 2.880000e-04 3.976480e-01
463 6.019960e-01 3.200000e-04 3.976840e-01
464 6.019280e-01 3.440000e-04 3.977280e-01
465 6.018840e-01 3.320000e-04 3.977840e-01
466 6.018360e-01 3.360000e-04 3.978280e-01
467 6.017880e-01 3.200000e-04 3.978920e-01
468 6.017640e-01 2.680000e-04 3.979680e-01
469 6.017240e-01 2.720000e-04 3.980040e-01
470 6.016880e-01 2.560000e-04 3.980560e-01
471 6.016560e-01 2.360000e-04 3.981080e-01
472 6.016360e-01 2.080000e-04 3.981560e-01
473 6.016040e-01 2.200000e-04 3.981760e-01
474 6.015840e-01 2.040000e-04 3.982120e-01
475 6.015440e-01 2.240000e-04 3.982320e-01
476 6.015240e-01 2.000000e-04 3.982760e-01
477 6.014960e-01 2.080000e-04 3.982960e-01
478 6.014640e-01 1.920000e-04 3.983440e-01
479 6.014280e-01 2.040000e-04 3.983680e-01
480 6.014080e-01 1.920000e-04 3.984000e-01
481 6.013840e-01 2.040000e-04 3.984120e-01
482 6.013480e-01 2.080000e-04 3.984440e-01
483 6.012800e-01 2.280000e-04 3.984920e-01
484 6.012480e-01 2.040000e-04 3.985480e-01
485 6.011840e-01 2.200000e-04 3.985960e-01
486 6.011560e-01 2.360000e-04 3.986080e-01
487 6.011120e-01 2.360000e-04 3.986520e-01
488 6.010960e-01 2.160000e-04 3.986880e-01
489 6.010360e-01 2.360000e-04 3.987280e-01
490 6.010280e-01 2.000000e-04 3.987720e-01
491 6.009880e-01 2.120000e-04 3.988000e-01
492 6.009720e-01 1.840000e-04 3.988440e-01
493 6.009400e-01 1.920000e-04 3.988680e-01
494 6.009240e-01 1.760000e-04 3.989000e-01
495 6.008920e-01 1.720000e-04 3.989360e-01
496 6.008800e-01 1.520000e-04 3.989680e-01
497 6.008680e-01 1.400000e-04 3.989920e-01
498 6.008320e-01 1.400000e-04 3.990280e-01
499 6.008240e-01 1.200000e-04 3.990560e-01
500 6.008080e-01 1.120000e-04 3.990800e-01
