1 9.992560e-01 6.000000e-04 1.440000e-04
2 9.987280e-01 1.000000e-03 2.720000e-04
3 9.980440e-01 1.464000e-03 4.920000e-04
4 9.974080e-01 1.848000e-03 7.440000e-04
5 9.966840e-01 2.196000e-03 1.120000e-03
6 9.959240e-01 2.580000e-03 1.496000e-03
7 9.950920e-01 3.000000e-03 1.908000e-03
8 9.942280e-01 3.316000e-03 2.456000e-03
9 9.933760e-01 3.516000e-03 3.108000e-03
10 9.925520e-01 3.668000e-03 3.780000e-03
11 9.916200e-01 3.928000e-03 4.452000e-03
12 9.906960e-01 4.120000e-03 5.184000e-03
13 9.898560e-01 4.200000e-03 5.944000e-03
14 9.888840e-01 4.308000e-03 6.808000e-03
15 9.880160e-01 4.296000e-03 7.688000e-03
16 9.870200e-01 4.548000e-03 8.432000e-03
17 9.860360e-01 4.716000e-03 9.248000e-03
18 9.850040e-01 4.868000e-03 1.012800e-02
19 9.839800e-01 4.980000e-03 1.104000e-02
20 9.828040e-01 5.364000e-03 1.183200e-02
21 9.815560e-01 5.636000e-03 1.280800e-02
22 9.803520e-01 5.908000e-03 1.374000e-02
23 9.790960e-01 5.960000e-03 1.494400e-02
24 9.779600e-01 5.972000e-03 1.606800e-02
25 9.768160e-01 6.084000e-03 1.710000e-02
26 9.756360e-01 6.148000e-03 1.821600e-02
27 9.744160e-01 6.216000e-03 1.936800e-02
28 9.731480e-01 6.340000e-03 2.051200e-02
29 9.718960e-01 6.516000e-03 2.158800e-02
30 9.705840e-01 6.752000e-03 2.266400e-02
31 9.692800e-01 6.920000e-03 2.380000e-02
32 9.679800e-01 6.948000e-03 2.507200e-02
33 9.666720e-01 7.028000e-03 2.630000e-02
34 9.653680e-01 7.008000e-03 2.762400e-02
35 9.642400e-01 6.808000e-03 2.895200e-02
36 9.630240e-01 6.900000e-03 3.007600e-02
37 9.617880e-01 6.808000e-03 3.140400e-02
38 9.604840e-01 6.856000e-03 3.266000e-02
39 9.592920e-01 6.808000e-03 3.390000e-02
40 9.580120e-01 6.924000e-03 3.506400e-02
41 9.567160e-01 6.884000e-03 3.640000e-02
42 9.553160e-01 7.116000e-03 3.756800e-02
43 9.540200e-01 7.228000e-03 3.875200e-02
44 9.527000e-01 7.240000e-03 4.006000e-02
45 9.513360e-01 7.360000e-03 4.130400e-02
46 9.499760e-01 7.448000e-03 4.257600e-02
47 9.487360e-01 7.316000e-03 4.394800e-02
48 9.474640e-01 7.300000e-03 4.523600e-02
49 9.460240e-01 7.452000e-03 4.652400e-02
50 9.446160e-01 7.476000e-03 4.790800e-02
51 9.431040e-01 7.668000e-03 4.922800e-02
52 9.418000e-01 7.676000e-03 5.052400e-02
53 9.404840e-01 7.536000e-03 5.198000e-02
54 9.389680e-01 7.668000e-03 5.336400e-02
55 9.375920e-01 7.768000e-03 5.464000e-02
56 9.361480e-01 7.872000e-03 5.598000e-02
57 9.347080e-01 7.884000e-03 5.740800e-02
58 9.331920e-01 8.100000e-03 5.870800e-02
59 9.318160e-01 8.188000e-03 5.999600e-02
60 9.304320e-01 8.128000e-03 6.144000e-02
61 9.291080e-01 8.116000e-03 6.277600e-02
62 9.276640e-01 8.060000e-03 6.427600e-02
63 9.263280e-01 7.964000e-03 6.570800e-02
64 9.250360e-01 7.900000e-03 6.706400e-02
65 9.236440e-01 7.976000e-03 6.838000e-02
66 9.221720e-01 8.048000e-03 6.978000e-02
67 9.208360e-01 7.980000e-03 7.118400e-02
68 9.194240e-01 7.980000e-03 7.259600e-02
69 9.181600e-01 7.900000e-03 7.394000e-02
70 9.168120e-01 7.928000e-03 7.526000e-02
71 9.154440e-01 7.960000e-03 7.659600e-02
72 9.141920e-01 7.800000e-03 7.800800e-02
73 9.128200e-01 7.792000e-03 7.938800e-02
74 9.114360e-01 7.820000e-03 8.074400e-02
75 9.099720e-01 8.104000e-03 8.192400e-02
76 9.085080e-01 8.260000e-03 8.323200e-02
77 9.070760e-01 8.300000e-03 8.462400e-02
78 9.057320e-01 8.084000e-03 8.618400e-02
79 9.043880e-01 7.936000e-03 8.767600e-02
80 9.030920e-01 7.920000e-03 8.898800e-02
81 9.017240e-01 7.872000e-03 9.040400e-02
82 9.004480e-01 7.668000e-03 9.188400e-02
83 8.991480e-01 7.660000e-03 9.319200e-02
84 8.977960e-01 7.712000e-03 9.449200e-02
85 8.963680e-01 7.956000e-03 9.567600e-02
86 8.949560e-01 7.860000e-03 9.718400e-02
87 8.936240e-01 7.772000e-03 9.860400e-02
88 8.921680e-01 7.780000e-03 1.000520e-01
89 8.908000e-01 7.736000e-03 1.014640e-01
90 8.893280e-01 7.904000e-03 1.027680e-01
91 8.878880e-01 8.060000e-03 1.040520e-01
92 8.865840e-01 7.940000e-03 1.054760e-01
93 8.851960e-01 7.960000e-03 1.068440e-01
94 8.839160e-01 7.900000e-03 1.081840e-01
95 8.826000e-01 7.868000e-03 1.095320e-01
96 8.813240e-01 7.764000e-03 1.109120e-01
97 8.800640e-01 7.620000e-03 1.123160e-01
98 8.787160e-01 7.732000e-03 1.135520e-01
99 8.774240e-01 7.640000e-03 1.149360e-01
100 8.760320e-01 7.672000e-03 1.162960e-01
101 8.746480e-01 7.692000e-03 1.176600e-01
102 8.733440e-01 7.644000e-03 1.190120e-01
103 8.719840e-01 7.772000e-03 1.202440e-01
104 8.706200e-01 7.816000e-03 1.215640e-01
105 8.694160e-01 7.544000e-03 1.230400e-01
106 8.682360e-01 7.392000e-03 1.243720e-01
107 8.669840e-01 7.392000e-03 1.256240e-01
108 8.657080e-01 7.424000e-03 1.268680e-01
109 8.644360e-01 7.264000e-03 1.283000e-01
110 8.631080e-01 7.196000e-03 1.296960e-01
111 8.617160e-01 7.420000e-03 1.308640e-01
112 8.604360e-01 7.408000e-03 1.321560e-01
113 8.591080e-01 7.432000e-03 1.334600e-01
114 8.578080e-01 7.400000e-03 1.347920e-01
115 8.564880e-01 7.324000e-03 1.361880e-01
116 8.552120e-01 7.220000e-03 1.375680e-01
117 8.538440e-01 7.364000e-03 1.387920e-01
118 8.526960e-01 7.108000e-03 1.401960e-01
119 8.513720e-01 7.212000e-03 1.414160e-01
120 8.500720e-01 7.172000e-03 1.427560e-01
121 8.486800e-01 7.368000e-03 1.439520e-01
122 8.473400e-01 7.512000e-03 1.451480e-01
123 8.461400e-01 7.468000e-03 1.463920e-01
124 8.447800e-01 7.364000e-03 1.478560e-01
125 8.435720e-01 7.424000e-03 1.490040e-01
126 8.424240e-01 7.324000e-03 1.502520e-01
127 8.411840e-01 7.276000e-03 1.515400e-01
128 8.400240e-01 7.192000e-03 1.527840e-01
129 8.388160e-01 7.068000e-03 1.541160e-01
130 8.377080e-01 6.920000e-03 1.553720e-01
131 8.365840e-01 6.836000e-03 1.565800e-01
132 8.354920e-01 6.724000e-03 1.577840e-01
133 8.342360e-01 6.884000e-03 1.588800e-01
134 8.330400e-01 6.804000e-03 1.601560e-01
135 8.318280e-01 6.756000e-03 1.614160e-01
136 8.307120e-01 6.716000e-03 1.625720e-01
137 8.296280e-01 6.624000e-03 1.637480e-01
138 8.284400e-01 6.568000e-03 1.649920e-01
139 8.272960e-01 6.540000e-03 1.661640e-01
140 8.261680e-01 6.500000e-03 1.673320e-01
141 8.248840e-01 6.708000e-03 1.684080e-01
142 8.236960e-01 6.776000e-03 1.695280e-01
143 8.225280e-01 6.856000e-03 1.706160e-01
144 8.212800e-01 6.948000e-03 1.717720e-01
145 8.199960e-01 6.992000e-03 1.730120e-01
146 8.188520e-01 6.952000e-03 1.741960e-01
147 8.176920e-01 6.788000e-03 1.755200e-01
148 8.166160e-01 6.740000e-03 1.766440e-01
149 8.155000e-01 6.736000e-03 1.777640e-01
150 8.143720e-01 6.740000e-03 1.788880e-01
151 8.131920e-01 6.652000e-03 1.801560e-01
152 8.122400e-01 6.416000e-03 1.813440e-01
153 8.111920e-01 6.304000e-03 1.825040e-01
154 8.102040e-01 6.232000e-03 1.835640e-01
155 8.092560e-01 6.000000e-03 1.847440e-01
156 8.084080e-01 5.780000e-03 1.858120e-01
157 8.075280e-01 5.676000e-03 1.867960e-01
158 8.065880e-01 5.644000e-03 1.877680e-01
159 8.058320e-01 5.428000e-03 1.887400e-01
160 8.049040e-01 5.388000e-03 1.897080e-01
161 8.040240e-01 5.340000e-03 1.906360e-01
162 8.030480e-01 5.460000e-03 1.914920e-01
163 8.020920e-01 5.452000e-03 1.924560e-01
164 8.012000e-01 5.368000e-03 1.934320e-01
165 8.002240e-01 5.352000e-03 1.944240e-01
166 7.993280e-01 5.308000e-03 1.953640e-01
167 7.983320e-01 5.380000e-03 1.962880e-01
168 7.975320e-01 5.304000e-03 1.971640e-01
169 7.966680e-01 5.292000e-03 1.980400e-01
170 7.958680e-01 5.080000e-03 1.990520e-01
171 7.950800e-01 4.940000e-03 1.999800e-01
172 7.943840e-01 4.648000e-03 2.009680e-01
173 7.937040e-01 4.492000e-03 2.018040e-01
174 7.929240e-01 4.472000e-03 2.026040e-01
175 7.922800e-01 4.352000e-03 2.033680e-01
176 7.915600e-01 4.328000e-03 2.041120e-01
177 7.909120e-01 4.224000e-03 2.048640e-01
178 7.901320e-01 4.304000e-03 2.055640e-01
179 7.895680e-01 4.024000e-03 2.064080e-01
180 7.888840e-01 4.096000e-03 2.070200e-01
181 7.883040e-01 4.016000e-03 2.076800e-01
182 7.876280e-01 3.892000e-03 2.084800e-01
183 7.869880e-01 3.808000e-03 2.092040e-01
184 7.864160e-01 3.724000e-03 2.098600e-01
185 7.858880e-01 3.636000e-03 2.104760e-01
186 7.854360e-01 3.508000e-03 2.110560e-01
187 7.849840e-01 3.284000e-03 2.117320e-01
188 7.844920e-01 3.256000e-03 2.122520e-01
189 7.839360e-01 3.248000e-03 2.128160e-01
190 7.834120e-01 3.260000e-03 2.133280e-01
191 7.829680e-01 3.140000e-03 2.138920e-01
192 7.825200e-01 3.064000e-03 2.144160e-01
193 7.821080e-01 2.888000e-03 2.150040e-01
194 7.815960e-01 2.920000e-03 2.154840e-01
195 7.811200e-01 2.964000e-03 2.159160e-01
196 7.806720e-01 2.916000e-03 2.164120e-01
197 7.801680e-01 2.948000e-03 2.168840e-01
198 7.796840e-01 2.952000e-03 2.173640e-01
199 7.792120e-01 2.916000e-03 2.178720e-01
200 7.787920e-01 2.892000e-03 2.183160e-01
201 7.782880e-01 2.868000e-03 2.188440e-01
202 7.778880e-01 2.768000e-03 2.193440e-01
203 7.774520e-01 2.680000e-03 2.198680e-01
204 7.770600e-01 2.656000e-03 2.202840e-01
205 7.765280e-01 2.708000e-03 2.207640e-01
206 7.760440e-01 2.740000e-03 2.212160e-01
207 7.755360e-01 2.784000e-03 2.216800e-01
208 7.750200e-01 2.820000e-03 2.221600e-01
209 7.745480e-01 2.784000e-03 2.226680e-01
210 7.741320e-01 2.664000e-03 2.232040e-01
211 7.737920e-01 2.532000e-03 2.236760e-01
212 7.733960e-01 2.532000e-03 2.240720e-01
213 7.730520e-01 2.476000e-03 2.244720e-01
214 7.726240e-01 2.492000e-03 2.248840e-01
215 7.721800e-01 2.504000e-03 2.253160e-01
216 7.717720e-01 2.416000e-03 2.258120e-01
217 7.713440e-01 2.416000e-03 2.262400e-01
218 7.709680e-01 2.436000e-03 2.265960e-01
219 7.704520e-01 2.492000e-03 2.270560e-01
220 7.699880e-01 2.532000e-03 2.274800e-01
221 7.695800e-01 2.516000e-03 2.279040e-01
222 7.690920e-01 2.648000e-03 2.282600e-01
223 7.686800e-01 2.560000e-03 2.287600e-01
224 7.682040e-01 2.524000e-03 2.292720e-01
225 7.677400e-01 2.592000e-03 2.296680e-01
226 7.673120e-01 2.620000e-03 2.300680e-01
227 7.667800e-01 2.792000e-03 2.304280e-01
228 7.662880e-01 2.812000e-03 2.309000e-01
229 7.657800e-01 2.892000e-03 2.313280e-01
230 7.652600e-01 2.908000e-03 2.318320e-01
231 7.647320e-01 2.944000e-03 2.323240e-01
232 7.643200e-01 2.856000e-03 2.328240e-01
233 7.638560e-01 2.808000e-03 2.333360e-01
234 7.634280e-01 2.772000e-03 2.338000e-01
235 7.629400e-01 2.732000e-03 2.343280e-01
236 7.624200e-01 2.828000e-03 2.347520e-01
237 7.618760e-01 2.864000e-03 2.352600e-01
238 7.613760e-01 2.840000e-03 2.357840e-01
239 7.608400e-01 2.908000e-03 2.362520e-01
240 7.602600e-01 2.948000e-03 2.367920e-01
241 7.596720e-01 2.992000e-03 2.373360e-01
242 7.591080e-01 3.028000e-03 2.378640e-01
243 7.585840e-01 3.024000e-03 2.383920e-01
244 7.580040e-01 3.064000e-03 2.389320e-01
245 7.574280e-01 3.164000e-03 2.394080e-01
246 7.568840e-01 3.136000e-03 2.399800e-01
247 7.563240e-01 3.172000e-03 2.405040e-01
248 7.558080e-01 3.108000e-03 2.410840e-01
249 7.553040e-01 3.036000e-03 2.416600e-01
250 7.548200e-01 2.920000e-03 2.422600e-01
251 7.543440e-01 2.928000e-03 2.427280e-01
252 7.538600e-01 2.912000e-03 2.432280e-01
253 7.534040e-01 2.844000e-03 2.437520e-01
254 7.529200e-01 2.840000e-03 2.442400e-01
255 7.525240e-01 2.708000e-03 2.447680e-01
256 7.520400e-01 2.780000e-03 2.451800e-01
257 7.516560e-01 2.616000e-03 2.457280e-01
258 7.512360e-01 2.532000e-03 2.462320e-01
259 7.508680e-01 2.452000e-03 2.466800e-01
260 7.504800e-01 2.356000e-03 2.471640e-01
261 7.501240e-01 2.324000e-03 2.475520e-01
262 7.497480e-01 2.356000e-03 2.478960e-01
263 7.492760e-01 2.356000e-03 2.483680e-01
264 7.488680e-01 2.292000e-03 2.488400e-01
265 7.485040e-01 2.248000e-03 2.492480e-01
266 7.481120e-01 2.260000e-03 2.496280e-01
267 7.477680e-01 2.240000e-03 2.499920e-01
268 7.473480e-01 2.288000e-03 2.503640e-01
269 7.469360e-01 2.264000e-03 2.508000e-01
270 7.465320e-01 2.236000e-03 2.512320e-01
271 7.460880e-01 2.276000e-03 2.516360e-01
272 7.456560e-01 2.368000e-03 2.519760e-01
273 7.452440e-01 2.332000e-03 2.524240e-01
274 7.449120e-01 2.240000e-03 2.528480e-01
275 7.445680e-01 2.212000e-03 2.532200e-01
276 7.441840e-01 2.184000e-03 2.536320e-01
277 7.437520e-01 2.160000e-03 2.540880e-01
278 7.433360e-01 2.164000e-03 2.545000e-01
279 7.429080e-01 2.196000e-03 2.548960e-01
280 7.424760e-01 2.184000e-03 2.553400e-01
281 7.419800e-01 2.300000e-03 2.557200e-01
282 7.416080e-01 2.184000e-03 2.562080e-01
283 7.412040e-01 2.188000e-03 2.566080e-01
284 7.408120e-01 2.164000e-03 2.570240e-01
285 7.404200e-01 2.112000e-03 2.574680e-01
286 7.400480e-01 2.092000e-03 2.578600e-01
287 7.396640e-01 2.104000e-03 2.582320e-01
288 7.393200e-01 2.076000e-03 2.586040e-01
289 7.390200e-01 2.012000e-03 2.589680e-01
290 7.386760e-01 2.016000e-03 2.593080e-01
291 7.383560e-01 2.000000e-03 2.596440e-01
292 7.380600e-01 1.956000e-03 2.599840e-01
293 7.377760e-01 1.868000e-03 2.603560e-01
294 7.375360e-01 1.788000e-03 2.606760e-01
295 7.373120e-01 1.680000e-03 2.610080e-01
296 7.370400e-01 1.696000e-03 2.612640e-01
297 7.368240e-01 1.632000e-03 2.615440e-01
298 7.365240e-01 1.668000e-03 2.618080e-01
299 7.362240e-01 1.728000e-03 2.620480e-01
300 7.359160e-01 1.764000e-03 2.623200e-01
301 7.356240e-01 1.776000e-03 2.626000e-01
302 7.353160e-01 1.756000e-03 2.629280e-01
303 7.350400e-01 1.716000e-03 2.632440e-01
304 7.347000e-01 1.800000e-03 2.635000e-01
305 7.343360e-01 1.864000e-03 2.638000e-01
306 7.340320e-01 1.848000e-03 2.641200e-01
307 7.336840e-01 1.820000e-03 2.644960e-01
308 7.333720e-01 1.780000e-03 2.648480e-01
309 7.330120e-01 1.756000e-03 2.652320e-01
310 7.326720e-01 1.780000e-03 2.655480e-01
311 7.323320e-01 1.832000e-03 2.658360e-01
312 7.320320e-01 1.820000e-03 2.661480e-01
313 7.316920e-01 1.844000e-03 2.664640e-01
314 7.313520e-01 1.848000e-03 2.668000e-01
315 7.309720e-01 1.900000e-03 2.671280e-01
316 7.305840e-01 1.992000e-03 2.674240e-01
317 7.301880e-01 2.064000e-03 2.677480e-01
318 7.297240e-01 2.148000e-03 2.681280e-01
319 7.293440e-01 2.172000e-03 2.684840e-01
320 7.289800e-01 2.220000e-03 2.688000e-01
321 7.286000e-01 2.200000e-03 2.692000e-01
322 7.281680e-01 2.284000e-03 2.695480e-01
323 7.276840e-01 2.292000e-03 2.700240e-01
324 7.272400e-01 2.336000e-03 2.704240e-01
325 7.268840e-01 2.304000e-03 2.708120e-01
326 7.263560e-01 2.412000e-03 2.712320e-01
327 7.259680e-01 2.344000e-03 2.716880e-01
328 7.255200e-01 2.380000e-03 2.721000e-01
329 7.251400e-01 2.344000e-03 2.725160e-01
330 7.247080e-01 2.368000e-03 2.729240e-01
331 7.243640e-01 2.336000e-03 2.733000e-01
332 7.239680e-01 2.304000e-03 2.737280e-01
333 7.235880e-01 2.220000e-03 2.741920e-01
334 7.232400e-01 2.136000e-03 2.746240e-01
335 7.229040e-01 2.104000e-03 2.749920e-01
336 7.225800e-01 2.064000e-03 2.753560e-01
337 7.221960e-01 2.112000e-03 2.756920e-01
338 7.218360e-01 2.108000e-03 2.760560e-01
339 7.215280e-01 2.008000e-03 2.764640e-01
340 7.212440e-01 1.920000e-03 2.768360e-01
341 7.208520e-01 2.036000e-03 2.771120e-01
342 7.206120e-01 1.916000e-03 2.774720e-01
343 7.203320e-01 1.912000e-03 2.777560e-01
344 7.200760e-01 1.816000e-03 2.781080e-01
345 7.198120e-01 1.712000e-03 2.784760e-01
346 7.195760e-01 1.680000e-03 2.787440e-01
347 7.193320e-01 1.632000e-03 2.790360e-01
348 7.191320e-01 1.520000e-03 2.793480e-01
349 7.189200e-01 1.504000e-03 2.795760e-01
350 7.186960e-01 1.460000e-03 2.798440e-01
351 7.185240e-01 1.336000e-03 2.801400e-01
352 7.183800e-01 1.260000e-03 2.803600e-01
353 7.182400e-01 1.212000e-03 2.805480e-01
354 7.180600e-01 1.204000e-03 2.807360e-01
355 7.178720e-01 1.172000e-03 2.809560e-01
356 7.176280e-01 1.208000e-03 2.811640e-01
357 7.174840e-01 1.144000e-03 2.813720e-01
358 7.172680e-01 1.128000e-03 2.816040e-01
359 7.170080e-01 1.168000e-03 2.818240e-01
360 7.167440e-01 1.192000e-03 2.820640e-01
361 7.165960e-01 1.148000e-03 2.822560e-01
362 7.164040e-01 1.184000e-03 2.824120e-01
363 7.162400e-01 1.168000e-03 2.825920e-01
364 7.161280e-01 1.080000e-03 2.827920e-01
365 7.159720e-01 1.080000e-03 2.829480e-01
366 7.158240e-01 1.024000e-03 2.831520e-01
367 7.156400e-01 1.012000e-03 2.833480e-01
368 7.155120e-01 9.320000e-04 2.835560e-01
369 7.153920e-01 8.880000e-04 2.837200e-01
370 7.152120e-01 8.880000e-04 2.839000e-01
371 7.150480e-01 9.200000e-04 2.840320e-01
372 7.148880e-01 9.360000e-04 2.841760e-01
373 7.147680e-01 8.680000e-04 2.843640e-01
374 7.146200e-01 8.640000e-04 2.845160e-01
375 7.144600e-01 8.240000e-04 2.847160e-01
376 7.143280e-01 8.320000e-04 2.848400e-01
377 7.141720e-01 8.600000e-04 2.849680e-01
378 7.140160e-01 9.040000e-04 2.850800e-01
379 7.138840e-01 9.040000e-04 2.852120e-01
380 7.137520e-01 8.880000e-04 2.853600e-01
381 7.136200e-01 8.680000e-04 2.855120e-01
382 7.134720e-01 8.600000e-04 2.856680e-01
383 7.133000e-01 8.920000e-04 2.858080e-01
384 7.131520e-01 9.160000e-04 2.859320e-01
385 7.129800e-01 9.320000e-04 2.860880e-01
386 7.128560e-01 9.080000e-04 2.862360e-01
387 7.127160e-01 8.760000e-04 2.864080e-01
388 7.126080e-01 8.080000e-04 2.865840e-01
389 7.124600e-01 8.160000e-04 2.867240e-01
390 7.123400e-01 7.960000e-04 2.868640e-01
391 7.122160e-01 7.680000e-04 2.870160e-01
392 7.121000e-01 7.360000e-04 2.871640e-01
393 7.119720e-01 7.560000e-04 2.872720e-01
394 7.118680e-01 7.360000e-04 2.873960e-01
395 7.117640e-01 6.960000e-04 2.875400e-01
396 7.116320e-01 7.480000e-04 2.876200e-01
397 7.115120e-01 7.480000e-04 2.877400e-01
398 7.114080e-01 7.320000e-04 2.878600e-01
399 7.112880e-01 7.200000e-04 2.879920e-01
400 7.112080e-01 6.480000e-04 2.881440e-01
401 7.111160e-01 6.280000e-04 2.882560e-01
402 7.110000e-01 6.400000e-04 2.883600e-01
403 7.108920e-01 6.200000e-04 2.884880e-01
404 7.107840e-01 6.240000e-04 2.885920e-01
405 7.106680e-01 6.200000e-04 2.887120e-01
406 7.105280e-01 6.520000e-04 2.888200e-01
407 7.103520e-01 6.920000e-04 2.889560e-01
408 7.101640e-01 7.720000e-04 2.890640e-01
409 7.100360e-01 7.480000e-04 2.892160e-01
410 7.099000e-01 7.640000e-04 2.893360e-01
411 7.097760e-01 7.280000e-04 2.894960e-01
412 7.096400e-01 7.320000e-04 2.896280e-01
413 7.095240e-01 7.320000e-04 2.897440e-01
414 7.093600e-01 7.320000e-04 2.899080e-01
415 7.091920e-01 7.920000e-04 2.900160e-01
416 7.089880e-01 8.720000e-04 2.901400e-01
417 7.087800e-01 9.520000e-04 2.902680e-01
418 7.085680e-01 1.032000e-03 2.904000e-01
419 7.083680e-01 1.064000e-03 2.905680e-01
420 7.082000e-01 1.072000e-03 2.907280e-01
421 7.079800e-01 1.076000e-03 2.909440e-01
422 7.077360e-01 1.124000e-03 2.911400e-01
423 7.075320e-01 1.188000e-03 2.912800e-01
424 7.073080e-01 1.180000e-03 2.915120e-01
425 7.070840e-01 1.168000e-03 2.917480e-01
426 7.068840e-01 1.160000e-03 2.919560e-01
427 7.066800e-01 1.216000e-03 2.921040e-01
428 7.064640e-01 1.244000e-03 2.922920e-01
429 7.062720e-01 1.248000e-03 2.924800e-01
430 7.060920e-01 1.200000e-03 2.927080e-01
431 7.059160e-01 1.184000e-03 2.929000e-01
432 7.057760e-01 1.072000e-03 2.931520e-01
433 7.055960e-01 1.064000e-03 2.933400e-01
434 7.054200e-01 1.080000e-03 2.935000e-01
435 7.052280e-01 1.104000e-03 2.936680e-01
436 7.049920e-01 1.140000e-03 2.938680e-01
437 7.048080e-01 1.176000e-03 2.940160e-01
438 7.046360e-01 1.100000e-03 2.942640e-01
439 7.045160e-01 1.028000e-03 2.944560e-01
440 7.043840e-01 9.800000e-04 2.946360e-01
441 7.042240e-01 9.760000e-04 2.948000e-01
442 7.040560e-01 1.012000e-03 2.949320e-01
443 7.039560e-01 9.440000e-04 2.951000e-01
444 7.037720e-01 9.480000e-04 2.952800e-01
445 7.035680e-01 9.720000e-04 2.954600e-01
446 7.033960e-01 9.600000e-04 2.956440e-01
447 7.032560e-01 8.840000e-04 2.958600e-01
448 7.031040e-01 8.680000e-04 2.960280e-01
449 7.029400e-01 8.920000e-04 2.961680e-01
450 7.027800e-01 9.160000e-04 2.963040e-01
451 7.026200e-01 9.080000e-04 2.964720e-01
452 7.024720e-01 9.120000e-04 2.966160e-01
453 7.023560e-01 8.640000e-04 2.967800e-01
454 7.022440e-01 8.360000e-04 2.969200e-01
455 7.021520e-01 8.120000e-04 2.970360e-01
456 7.020440e-01 7.680000e-04 2.971880e-01
457 7.019040e-01 7.680000e-04 2.973280e-01
458 7.017880e-01 7.680000e-04 2.974440e-01
459 7.016680e-01 7.720000e-04 2.975600e-01
460 7.015600e-01 7.520000e-04 2.976880e-01
461 7.014440e-01 7.600000e-04 2.977960e-01
462 7.013600e-01 7.440000e-04 2.978960e-01
463 7.012720e-01 6.920000e-04 2.980360e-01
464 7.011600e-01 6.920000e-04 2.981480e-01
465 7.010480e-01 6.720000e-04 2.982800e-01
466 7.009440e-01 6.680000e-04 2.983880e-01
467 7.008080e-01 7.080000e-04 2.984840e-01
468 7.006800e-01 7.200000e-04 2.986000e-01
469 7.005960e-01 6.720000e-04 2.987320e-01
470 7.004960e-01 6.520000e-04 2.988520e-01
471 7.003920e-01 6.600000e-04 2.989480e-01
472 7.003120e-01 5.880000e-04 2.991000e-01
473 7.002400e-01 5.840000e-04 2.991760e-01
474 7.001720e-01 5.280000e-04 2.993000e-01
475 7.000840e-01 5.600000e-04 2.993560e-01
476 6.999680e-01 5.400000e-04 2.994920e-01
477 6.998760e-01 5.560000e-04 2.995680e-01
478 6.997480e-01 5.760000e-04 2.996760e-01
479 6.996240e-01 5.920000e-04 2.997840e-01
480 6.995600e-01 5.680000e-04 2.998720e-01
481 6.994680e-01 5.720000e-04 2.999600e-01
482 6.993440e-01 6.240000e-04 3.000320e-01
483 6.992120e-01 6.200000e-04 3.001680e-01
484 6.990680e-01 6.440000e-04 3.002880e-01
485 6.989280e-01 6.600000e-04 3.004120e-01
486 6.987840e-01 7.000000e-04 3.005160e-01
487 6.986600e-01 7.520000e-04 3.005880e-01
488 6.985440e-01 7.440000e-04 3.007120e-01
489 6.984520e-01 7.160000e-04 3.008320e-01
490 6.983400e-01 7.040000e-04 3.009560e-01
491 6.982120e-01 7.160000e-04 3.010720e-01
492 6.981320e-01 6.720000e-04 3.011960e-01
493 6.980240e-01 6.800000e-04 3.012960e-01
494 6.979360e-01 6.440000e-04 3.014200e-01
495 6.978240e-01 6.600000e-04 3.015160e-01
496 6.977240e-01 6.560000e-04 3.016200e-01
497 6.975640e-01 6.800000e-04 3.017560e-01
498 6.973600e-01 7.680000e-04 3.018720e-01
499 6.972640e-01 7.360000e-04 3.020000e-01
500 6.971440e-01 7.080000e-04 3.021480e-01
