1 9.992840e-01 6.240000e-04 9.200000e-05
2 9.987880e-01 9.840000e-04 2.280000e-04
3 9.982040e-01 1.344000e-03 4.520000e-04
4 9.974560e-01 1.868000e-03 6.760000e-04
5 9.967160e-01 2.260000e-03 1.024000e-03
6 9.958400e-01 2.724000e-03 1.436000e-03
7 9.949600e-01 3.112000e-03 1.928000e-03
8 9.939840e-01 3.532000e-03 2.484000e-03
9 9.929960e-01 3.904000e-03 3.100000e-03
10 9.920400e-01 4.180000e-03 3.780000e-03
11 9.911080e-01 4.412000e-03 4.480000e-03
12 9.900440e-01 4.680000e-03 5.276000e-03
13 9.889400e-01 4.920000e-03 6.140000e-03
14 9.878520e-01 5.172000e-03 6.976000e-03
15 9.867240e-01 5.352000e-03 7.924000e-03
16 9.857080e-01 5.432000e-03 8.860000e-03
17 9.845560e-01 5.508000e-03 9.936000e-03
18 9.835600e-01 5.452000e-03 1.098800e-02
19 9.822640e-01 5.740000e-03 1.199600e-02
20 9.810840e-01 5.860000e-03 1.305600e-02
21 9.800400e-01 5.832000e-03 1.412800e-02
22 9.789600e-01 5.812000e-03 1.522800e-02
23 9.778040e-01 5.960000e-03 1.623600e-02
24 9.765880e-01 6.092000e-03 1.732000e-02
25 9.753280e-01 6.272000e-03 1.840000e-02
26 9.740720e-01 6.320000e-03 1.960800e-02
27 9.728240e-01 6.356000e-03 2.082000e-02
28 9.716880e-01 6.344000e-03 2.196800e-02
29 9.704920e-01 6.484000e-03 2.302400e-02
30 9.691440e-01 6.588000e-03 2.426800e-02
31 9.677920e-01 6.792000e-03 2.541600e-02
32 9.662360e-01 7.192000e-03 2.657200e-02
33 9.648600e-01 7.228000e-03 2.791200e-02
34 9.634720e-01 7.320000e-03 2.920800e-02
35 9.621680e-01 7.460000e-03 3.037200e-02
36 9.609080e-01 7.312000e-03 3.178000e-02
37 9.595520e-01 7.312000e-03 3.313600e-02
38 9.581760e-01 7.472000e-03 3.435200e-02
39 9.569440e-01 7.392000e-03 3.566400e-02
40 9.555960e-01 7.384000e-03 3.702000e-02
41 9.544440e-01 7.216000e-03 3.834000e-02
42 9.531240e-01 7.340000e-03 3.953600e-02
43 9.518960e-01 7.208000e-03 4.089600e-02
44 9.505320e-01 7.292000e-03 4.217600e-02
45 9.491160e-01 7.376000e-03 4.350800e-02
46 9.476880e-01 7.548000e-03 4.476400e-02
47 9.462640e-01 7.516000e-03 4.622000e-02
48 9.450280e-01 7.476000e-03 4.749600e-02
49 9.437280e-01 7.556000e-03 4.871600e-02
50 9.424080e-01 7.540000e-03 5.005200e-02
51 9.410280e-01 7.604000e-03 5.136800e-02
52 9.395720e-01 7.580000e-03 5.284800e-02
53 9.382880e-01 7.504000e-03 5.420800e-02
54 9.369160e-01 7.544000e-03 5.554000e-02
55 9.354120e-01 7.724000e-03 5.686400e-02
56 9.338680e-01 7.952000e-03 5.818000e-02
57 9.323840e-01 7.956000e-03 5.966000e-02
58 9.309240e-01 8.048000e-03 6.102800e-02
59 9.292600e-01 8.268000e-03 6.247200e-02
60 9.277520e-01 8.356000e-03 6.389200e-02
61 9.262040e-01 8.440000e-03 6.535600e-02
62 9.246920e-01 8.532000e-03 6.677600e-02
63 9.230640e-01 8.744000e-03 6.819200e-02
64 9.213720e-01 8.904000e-03 6.972400e-02
65 9.198200e-01 8.840000e-03 7.134000e-02
66 9.183760e-01 8.672000e-03 7.295200e-02
67 9.168040e-01 8.744000e-03 7.445200e-02
68 9.150680e-01 8.860000e-03 7.607200e-02
69 9.134760e-01 8.904000e-03 7.762000e-02
70 9.119600e-01 8.880000e-03 7.916000e-02
71 9.103360e-01 9.020000e-03 8.064400e-02
72 9.089840e-01 8.692000e-03 8.232400e-02
73 9.074040e-01 8.816000e-03 8.378000e-02
74 9.058200e-01 8.948000e-03 8.523200e-02
75 9.042520e-01 8.824000e-03 8.692400e-02
76 9.028160e-01 8.676000e-03 8.850800e-02
77 9.013160e-01 8.704000e-03 8.998000e-02
78 8.998600e-01 8.716000e-03 9.142400e-02
79 8.984720e-01 8.672000e-03 9.285600e-02
80 8.971360e-01 8.624000e-03 9.424000e-02
81 8.957840e-01 8.344000e-03 9.587200e-02
82 8.944240e-01 8.252000e-03 9.732400e-02
83 8.930920e-01 8.276000e-03 9.863200e-02
84 8.917360e-01 8.248000e-03 1.000160e-01
85 8.901880e-01 8.344000e-03 1.014680e-01
86 8.888720e-01 8.276000e-03 1.028520e-01
87 8.875000e-01 8.244000e-03 1.042560e-01
88 8.861800e-01 8.212000e-03 1.056080e-01
89 8.848400e-01 8.084000e-03 1.070760e-01
90 8.835680e-01 7.916000e-03 1.085160e-01
91 8.821320e-01 8.008000e-03 1.098600e-01
92 8.805960e-01 8.048000e-03 1.113560e-01
93 8.791960e-01 7.968000e-03 1.128360e-01
94 8.776760e-01 8.124000e-03 1.142000e-01
95 8.761280e-01 8.316000e-03 1.155560e-01
96 8.746920e-01 8.288000e-03 1.170200e-01
97 8.731080e-01 8.448000e-03 1.184440e-01
98 8.715360e-01 8.440000e-03 1.200240e-01
99 8.701760e-01 8.316000e-03 1.215080e-01
100 8.687920e-01 8.252000e-03 1.229560e-01
101 8.675200e-01 7.968000e-03 1.245120e-01
102 8.663440e-01 7.808000e-03 1.258480e-01
103 8.648600e-01 7.832000e-03 1.273080e-01
104 8.635840e-01 7.776000e-03 1.286400e-01
105 8.620360e-01 7.956000e-03 1.300080e-01
106 8.606000e-01 8.040000e-03 1.313600e-01
107 8.591840e-01 8.100000e-03 1.327160e-01
108 8.576600e-01 8.168000e-03 1.341720e-01
109 8.563080e-01 8.120000e-03 1.355720e-01
110 8.548600e-01 8.280000e-03 1.368600e-01
111 8.533280e-01 8.408000e-03 1.382640e-01
112 8.518720e-01 8.308000e-03 1.398200e-01
113 8.505800e-01 8.044000e-03 1.413760e-01
114 8.491960e-01 8.008000e-03 1.427960e-01
115 8.479400e-01 7.996000e-03 1.440640e-01
116 8.466120e-01 7.956000e-03 1.454320e-01
117 8.453440e-01 7.868000e-03 1.467880e-01
118 8.443120e-01 7.556000e-03 1.481320e-01
119 8.431720e-01 7.356000e-03 1.494720e-01
120 8.418680e-01 7.304000e-03 1.508280e-01
121 8.405520e-01 7.272000e-03 1.521760e-01
122 8.393000e-01 7.240000e-03 1.534600e-01
123 8.380640e-01 7.172000e-03 1.547640e-01
124 8.368280e-01 7.104000e-03 1.560680e-01
125 8.356680e-01 6.972000e-03 1.573600e-01
126 8.344000e-01 7.092000e-03 1.585080e-01
127 8.330680e-01 7.220000e-03 1.597120e-01
128 8.317480e-01 7.272000e-03 1.609800e-01
129 8.305040e-01 7.252000e-03 1.622440e-01
130 8.293360e-01 7.160000e-03 1.635040e-01
131 8.281120e-01 7.172000e-03 1.647160e-01
132 8.269080e-01 7.156000e-03 1.659360e-01
133 8.256720e-01 7.168000e-03 1.671600e-01
134 8.244640e-01 6.968000e-03 1.685680e-01
135 8.233240e-01 6.796000e-03 1.698800e-01
136 8.223120e-01 6.484000e-03 1.712040e-01
137 8.211480e-01 6.448000e-03 1.724040e-01
138 8.200160e-01 6.504000e-03 1.734800e-01
139 8.188120e-01 6.652000e-03 1.745360e-01
140 8.176800e-01 6.572000e-03 1.757480e-01
141 8.165720e-01 6.480000e-03 1.769480e-01
142 8.154680e-01 6.376000e-03 1.781560e-01
143 8.142440e-01 6.556000e-03 1.792000e-01
144 8.130640e-01 6.608000e-03 1.803280e-01
145 8.117800e-01 6.756000e-03 1.814640e-01
146 8.105640e-01 6.856000e-03 1.825800e-01
147 8.093800e-01 6.836000e-03 1.837840e-01
148 8.081960e-01 6.836000e-03 1.849680e-01
149 8.070480e-01 6.772000e-03 1.861800e-01
150 8.059520e-01 6.708000e-03 1.873400e-01
151 8.047920e-01 6.776000e-03 1.884320e-01
152 8.035920e-01 6.812000e-03 1.895960e-01
153 8.024400e-01 6.760000e-03 1.908000e-01
154 8.012640e-01 6.800000e-03 1.919360e-01
155 8.001240e-01 6.744000e-03 1.931320e-01
156 7.990680e-01 6.648000e-03 1.942840e-01
157 7.980920e-01 6.492000e-03 1.954160e-01
158 7.971320e-01 6.268000e-03 1.966000e-01
159 7.960680e-01 6.256000e-03 1.976760e-01
160 7.948160e-01 6.456000e-03 1.987280e-01
161 7.934880e-01 6.588000e-03 1.999240e-01
162 7.925160e-01 6.368000e-03 2.011160e-01
163 7.913800e-01 6.412000e-03 2.022080e-01
164 7.903480e-01 6.288000e-03 2.033640e-01
165 7.891920e-01 6.404000e-03 2.044040e-01
166 7.882480e-01 6.188000e-03 2.055640e-01
167 7.872200e-01 6.176000e-03 2.066040e-01
168 7.862720e-01 6.136000e-03 2.075920e-01
169 7.852160e-01 6.036000e-03 2.087480e-01
170 7.842120e-01 5.920000e-03 2.098680e-01
171 7.832480e-01 5.872000e-03 2.108800e-01
172 7.821880e-01 5.948000e-03 2.118640e-01
173 7.811680e-01 5.868000e-03 2.129640e-01
174 7.800760e-01 5.996000e-03 2.139280e-01
175 7.789720e-01 6.156000e-03 2.148720e-01
176 7.779080e-01 6.200000e-03 2.158920e-01
177 7.769240e-01 6.148000e-03 2.169280e-01
178 7.759600e-01 6.084000e-03 2.179560e-01
179 7.748680e-01 6.084000e-03 2.190480e-01
180 7.738520e-01 6.000000e-03 2.201480e-01
181 7.728480e-01 5.920000e-03 2.212320e-01
182 7.717800e-01 5.968000e-03 2.222520e-01
183 7.707320e-01 6.056000e-03 2.232120e-01
184 7.696840e-01 6.020000e-03 2.242960e-01
185 7.686640e-01 5.888000e-03 2.254480e-01
186 7.676520e-01 5.864000e-03 2.264840e-01
187 7.666720e-01 5.880000e-03 2.274480e-01
188 7.654600e-01 6.044000e-03 2.284960e-01
189 7.643600e-01 6.064000e-03 2.295760e-01
190 7.633200e-01 5.924000e-03 2.307560e-01
191 7.622840e-01 5.880000e-03 2.318360e-01
192 7.614560e-01 5.720000e-03 2.328240e-01
193 7.604320e-01 5.788000e-03 2.337800e-01
194 7.595000e-01 5.592000e-03 2.349080e-01
195 7.583920e-01 5.772000e-03 2.358360e-01
196 7.573280e-01 5.812000e-03 2.368600e-01
197 7.563760e-01 5.736000e-03 2.378880e-01
198 7.554120e-01 5.724000e-03 2.388640e-01
199 7.544640e-01 5.692000e-03 2.398440e-01
200 7.535440e-01 5.612000e-03 2.408440e-01
201 7.527360e-01 5.536000e-03 2.417280e-01
202 7.519560e-01 5.336000e-03 2.427080e-01
203 7.511640e-01 5.164000e-03 2.436720e-01
204 7.503440e-01 5.028000e-03 2.446280e-01
205 7.496080e-01 4.940000e-03 2.454520e-01
206 7.486840e-01 5.044000e-03 2.462720e-01
207 7.477520e-01 5.092000e-03 2.471560e-01
208 7.468960e-01 4.972000e-03 2.481320e-01
209 7.459520e-01 4.964000e-03 2.490840e-01
210 7.451000e-01 4.892000e-03 2.500080e-01
211 7.442120e-01 4.996000e-03 2.507920e-01
212 7.433800e-01 4.892000e-03 2.517280e-01
213 7.424760e-01 4.956000e-03 2.525680e-01
214 7.417520e-01 4.796000e-03 2.534520e-01
215 7.409320e-01 4.772000e-03 2.542960e-01
216 7.401400e-01 4.652000e-03 2.552080e-01
217 7.393360e-01 4.708000e-03 2.559560e-01
218 7.385400e-01 4.680000e-03 2.567800e-01
219 7.378080e-01 4.648000e-03 2.575440e-01
220 7.370360e-01 4.628000e-03 2.583360e-01
221 7.361760e-01 4.676000e-03 2.591480e-01
222 7.353640e-01 4.748000e-03 2.598880e-01
223 7.344440e-01 4.884000e-03 2.606720e-01
224 7.335760e-01 4.932000e-03 2.614920e-01
225 7.328120e-01 4.860000e-03 2.623280e-01
226 7.320480e-01 4.884000e-03 2.630680e-01
227 7.312040e-01 4.936000e-03 2.638600e-01
228 7.303840e-01 4.896000e-03 2.647200e-01
229 7.296720e-01 4.800000e-03 2.655280e-01
230 7.288040e-01 4.788000e-03 2.664080e-01
231 7.279280e-01 4.872000e-03 2.672000e-01
232 7.272040e-01 4.768000e-03 2.680280e-01
233 7.263760e-01 4.756000e-03 2.688680e-01
234 7.254840e-01 4.892000e-03 2.696240e-01
235 7.246640e-01 4.832000e-03 2.705040e-01
236 7.238120e-01 4.892000e-03 2.712960e-01
237 7.228880e-01 4.976000e-03 2.721360e-01
238 7.220280e-01 5.052000e-03 2.729200e-01
239 7.212000e-01 5.060000e-03 2.737400e-01
240 7.204080e-01 4.964000e-03 2.746280e-01
241 7.196920e-01 4.836000e-03 2.754720e-01
242 7.189760e-01 4.708000e-03 2.763160e-01
243 7.183200e-01 4.620000e-03 2.770600e-01
244 7.176760e-01 4.452000e-03 2.778720e-01
245 7.170560e-01 4.324000e-03 2.786200e-01
246 7.163880e-01 4.240000e-03 2.793720e-01
247 7.156560e-01 4.164000e-03 2.801800e-01
248 7.150440e-01 4.088000e-03 2.808680e-01
249 7.144120e-01 4.048000e-03 2.815400e-01
250 7.139320e-01 3.748000e-03 2.823200e-01
251 7.134520e-01 3.624000e-03 2.829240e-01
252 7.128360e-01 3.596000e-03 2.835680e-01
253 7.123400e-01 3.516000e-03 2.841440e-01
254 7.118080e-01 3.532000e-03 2.846600e-01
255 7.112960e-01 3.408000e-03 2.852960e-01
256 7.107680e-01 3.400000e-03 2.858320e-01
257 7.102760e-01 3.276000e-03 2.864480e-01
258 7.098000e-01 3.236000e-03 2.869640e-01
259 7.093840e-01 3.116000e-03 2.875000e-01
260 7.088520e-01 3.124000e-03 2.880240e-01
261 7.082960e-01 3.080000e-03 2.886240e-01
262 7.079000e-01 2.984000e-03 2.891160e-01
263 7.073680e-01 2.968000e-03 2.896640e-01
264 7.068880e-01 2.956000e-03 2.901560e-01
265 7.063280e-01 3.008000e-03 2.906640e-01
266 7.058840e-01 2.896000e-03 2.912200e-01
267 7.052880e-01 3.064000e-03 2.916480e-01
268 7.048320e-01 2.904000e-03 2.922640e-01
269 7.043000e-01 2.900000e-03 2.928000e-01
270 7.037760e-01 2.872000e-03 2.933520e-01
271 7.033720e-01 2.764000e-03 2.938640e-01
272 7.028960e-01 2.756000e-03 2.943480e-01
273 7.024920e-01 2.600000e-03 2.949080e-01
274 7.019800e-01 2.600000e-03 2.954200e-01
275 7.015560e-01 2.568000e-03 2.958760e-01
276 7.010640e-01 2.532000e-03 2.964040e-01
277 7.006080e-01 2.552000e-03 2.968400e-01
278 7.002160e-01 2.468000e-03 2.973160e-01
279 6.998160e-01 2.452000e-03 2.977320e-01
280 6.993720e-01 2.500000e-03 2.981280e-01
281 6.988960e-01 2.528000e-03 2.985760e-01
282 6.984720e-01 2.508000e-03 2.990200e-01
283 6.980880e-01 2.448000e-03 2.994640e-01
284 6.976440e-01 2.460000e-03 2.998960e-01
285 6.972360e-01 2.468000e-03 3.002960e-01
286 6.968480e-01 2.420000e-03 3.007320e-01
287 6.964920e-01 2.388000e-03 3.011200e-01
288 6.961080e-01 2.316000e-03 3.015760e-01
289 6.956880e-01 2.432000e-03 3.018800e-01
290 6.952280e-01 2.484000e-03 3.022880e-01
291 6.948040e-01 2.492000e-03 3.027040e-01
292 6.943440e-01 2.512000e-03 3.031440e-01
293 6.938960e-01 2.540000e-03 3.035640e-01
294 6.935800e-01 2.368000e-03 3.040520e-01
295 6.931360e-01 2.408000e-03 3.044560e-01
296 6.927800e-01 2.348000e-03 3.048720e-01
297 6.925160e-01 2.236000e-03 3.052480e-01
298 6.921840e-01 2.136000e-03 3.056800e-01
299 6.918360e-01 2.136000e-03 3.060280e-01
300 6.914880e-01 2.112000e-03 3.064000e-01
301 6.911600e-01 2.060000e-03 3.067800e-01
302 6.908360e-01 2.028000e-03 3.071360e-01
303 6.904920e-01 2.056000e-03 3.074520e-01
304 6.901600e-01 2.068000e-03 3.077720e-01
305 6.898280e-01 1.988000e-03 3.081840e-01
306 6.895320e-01 1.920000e-03 3.085480e-01
307 6.891600e-01 1.932000e-03 3.089080e-01
308 6.888600e-01 1.904000e-03 3.092360e-01
309 6.885400e-01 1.864000e-03 3.095960e-01
310 6.881760e-01 1.892000e-03 3.099320e-01
311 6.878240e-01 1.916000e-03 3.102600e-01
312 6.874920e-01 1.908000e-03 3.106000e-01
313 6.872280e-01 1.836000e-03 3.109360e-01
314 6.869080e-01 1.828000e-03 3.112640e-01
315 6.866720e-01 1.760000e-03 3.115680e-01
316 6.863240e-01 1.828000e-03 3.118480e-01
317 6.859480e-01 1.856000e-03 3.121960e-01
318 6.856960e-01 1.804000e-03 3.125000e-01
319 6.854480e-01 1.732000e-03 3.128200e-01
320 6.851680e-01 1.736000e-03 3.130960e-01
321 6.848400e-01 1.852000e-03 3.133080e-01
322 6.845240e-01 1.840000e-03 3.136360e-01
323 6.842840e-01 1.728000e-03 3.139880e-01
324 6.840360e-01 1.644000e-03 3.143200e-01
325 6.837200e-01 1.644000e-03 3.146360e-01
326 6.833880e-01 1.676000e-03 3.149360e-01
327 6.831360e-01 1.588000e-03 3.152760e-01
328 6.829480e-01 1.476000e-03 3.155760e-01
329 6.827000e-01 1.476000e-03 3.158240e-01
330 6.824680e-01 1.428000e-03 3.161040e-01
331 6.822600e-01 1.360000e-03 3.163800e-01
332 6.819560e-01 1.416000e-03 3.166280e-01
333 6.816960e-01 1.424000e-03 3.168800e-01
334 6.814600e-01 1.400000e-03 3.171400e-01
335 6.812600e-01 1.344000e-03 3.173960e-01
336 6.811040e-01 1.312000e-03 3.175840e-01
337 6.808920e-01 1.276000e-03 3.178320e-01
338 6.807000e-01 1.252000e-03 3.180480e-01
339 6.805000e-01 1.256000e-03 3.182440e-01
340 6.802200e-01 1.324000e-03 3.184560e-01
341 6.799560e-01 1.340000e-03 3.187040e-01
342 6.797160e-01 1.336000e-03 3.189480e-01
343 6.794640e-01 1.344000e-03 3.191920e-01
344 6.792840e-01 1.264000e-03 3.194520e-01
345 6.790480e-01 1.316000e-03 3.196360e-01
346 6.788000e-01 1.344000e-03 3.198560e-01
347 6.785240e-01 1.380000e-03 3.200960e-01
348 6.782400e-01 1.396000e-03 3.203640e-01
349 6.780960e-01 1.284000e-03 3.206200e-01
350 6.778480e-01 1.320000e-03 3.208320e-01
351 6.775400e-01 1.360000e-03 3.211000e-01
352 6.772880e-01 1.344000e-03 3.213680e-01
353 6.769880e-01 1.428000e-03 3.215840e-01
354 6.767000e-01 1.504000e-03 3.217960e-01
355 6.764280e-01 1.560000e-03 3.220120e-01
356 6.761520e-01 1.540000e-03 3.223080e-01
357 6.759200e-01 1.452000e-03 3.226280e-01
358 6.756360e-01 1.504000e-03 3.228600e-01
359 6.753440e-01 1.500000e-03 3.231560e-01
360 6.751160e-01 1.464000e-03 3.234200e-01
361 6.748520e-01 1.500000e-03 3.236480e-01
362 6.746080e-01 1.420000e-03 3.239720e-01
363 6.743960e-01 1.408000e-03 3.241960e-01
364 6.741200e-01 1.416000e-03 3.244640e-01
365 6.739000e-01 1.420000e-03 3.246800e-01
366 6.736800e-01 1.396000e-03 3.249240e-01
367 6.735000e-01 1.324000e-03 3.251760e-01
368 6.732720e-01 1.320000e-03 3.254080e-01
369 6.731120e-01 1.224000e-03 3.256640e-01
370 6.729440e-01 1.144000e-03 3.259120e-01
371 6.727800e-01 1.096000e-03 3.261240e-01
372 6.726240e-01 1.020000e-03 3.263560e-01
373 6.724280e-01 9.760000e-04 3.265960e-01
374 6.722840e-01 9.480000e-04 3.267680e-01
375 6.720880e-01 9.880000e-04 3.269240e-01
376 6.718760e-01 9.840000e-04 3.271400e-01
377 6.716800e-01 1.036000e-03 3.272840e-01
378 6.715200e-01 1.004000e-03 3.274760e-01
379 6.713720e-01 9.920000e-04 3.276360e-01
380 6.712120e-01 9.800000e-04 3.278080e-01
381 6.710320e-01 1.008000e-03 3.279600e-01
382 6.708680e-01 9.840000e-04 3.281480e-01
383 6.706920e-01 1.000000e-03 3.283080e-01
384 6.704800e-01 1.040000e-03 3.284800e-01
385 6.703280e-01 1.036000e-03 3.286360e-01
386 6.701960e-01 9.920000e-04 3.288120e-01
387 6.700120e-01 1.004000e-03 3.289840e-01
388 6.698200e-01 9.920000e-04 3.291880e-01
389 6.696520e-01 9.560000e-04 3.293920e-01
390 6.694480e-01 9.760000e-04 3.295760e-01
391 6.692520e-01 9.960000e-04 3.297520e-01
392 6.690160e-01 1.064000e-03 3.299200e-01
393 6.687440e-01 1.148000e-03 3.301080e-01
394 6.685760e-01 1.120000e-03 3.303040e-01
395 6.684040e-01 1.096000e-03 3.305000e-01
396 6.681920e-01 1.128000e-03 3.306800e-01
397 6.678920e-01 1.212000e-03 3.308960e-01
398 6.676600e-01 1.232000e-03 3.311080e-01
399 6.674160e-01 1.236000e-03 3.313480e-01
400 6.672080e-01 1.212000e-03 3.315800e-01
401 6.670080e-01 1.200000e-03 3.317920e-01
402 6.668160e-01 1.144000e-03 3.320400e-01
403 6.666400e-01 1.104000e-03 3.322560e-01
404 6.664200e-01 1.112000e-03 3.324680e-01
405 6.662240e-01 1.072000e-03 3.327040e-01
406 6.659480e-01 1.144000e-03 3.329080e-01
407 6.657200e-01 1.144000e-03 3.331360e-01
408 6.654560e-01 1.224000e-03 3.333200e-01
409 6.651600e-01 1.300000e-03 3.335400e-01
410 6.648520e-01 1.392000e-03 3.337560e-01
411 6.645960e-01 1.408000e-03 3.339960e-01
412 6.643080e-01 1.452000e-03 3.342400e-01
413 6.640360e-01 1.432000e-03 3.345320e-01
414 6.637400e-01 1.472000e-03 3.347880e-01
415 6.634800e-01 1.436000e-03 3.350840e-01
416 6.632840e-01 1.380000e-03 3.353360e-01
417 6.630400e-01 1.356000e-03 3.356040e-01
418 6.627840e-01 1.404000e-03 3.358120e-01
419 6.625720e-01 1.356000e-03 3.360720e-01
420 6.622800e-01 1.428000e-03 3.362920e-01
421 6.620600e-01 1.396000e-03 3.365440e-01
422 6.617840e-01 1.400000e-03 3.368160e-01
423 6.615400e-01 1.332000e-03 3.371280e-01
424 6.612200e-01 1.440000e-03 3.373400e-01
425 6.609920e-01 1.432000e-03 3.375760e-01
426 6.606760e-01 1.524000e-03 3.378000e-01
427 6.604120e-01 1.436000e-03 3.381520e-01
428 6.601720e-01 1.448000e-03 3.383800e-01
429 6.599120e-01 1.436000e-03 3.386520e-01
430 6.596840e-01 1.412000e-03 3.389040e-01
431 6.594120e-01 1.480000e-03 3.391080e-01
432 6.591920e-01 1.484000e-03 3.393240e-01
433 6.589840e-01 1.404000e-03 3.396120e-01
434 6.588120e-01 1.332000e-03 3.398560e-01
435 6.586520e-01 1.252000e-03 3.400960e-01
436 6.584920e-01 1.204000e-03 3.403040e-01
437 6.583280e-01 1.156000e-03 3.405160e-01
438 6.581560e-01 1.108000e-03 3.407360e-01
439 6.580640e-01 1.008000e-03 3.409280e-01
440 6.579360e-01 9.800000e-04 3.410840e-01
441 6.577840e-01 9.680000e-04 3.412480e-01
442 6.576720e-01 8.960000e-04 3.414320e-01
443 6.575840e-01 8.480000e-04 3.415680e-01
444 6.574120e-01 8.960000e-04 3.416920e-01
445 6.573160e-01 8.720000e-04 3.418120e-01
446 6.572080e-01 8.480000e-04 3.419440e-01
447 6.571120e-01 7.840000e-04 3.421040e-01
448 6.570080e-01 7.600000e-04 3.422320e-01
449 6.568920e-01 7.160000e-04 3.423920e-01
450 6.567760e-01 7.320000e-04 3.424920e-01
451 6.566440e-01 7.360000e-04 3.426200e-01
452 6.564920e-01 7.720000e-04 3.427360e-01
453 6.563480e-01 8.000000e-04 3.428520e-01
454 6.562280e-01 7.840000e-04 3.429880e-01
455 6.561280e-01 7.400000e-04 3.431320e-01
456 6.560120e-01 7.200000e-04 3.432680e-01
457 6.558680e-01 7.320000e-04 3.434000e-01
458 6.557520e-01 7.160000e-04 3.435320e-01
459 6.556000e-01 7.280000e-04 3.436720e-01
460 6.554760e-01 7.600000e-04 3.437640e-01
461 6.553520e-01 7.280000e-04 3.439200e-01
462 6.552160e-01 7.520000e-04 3.440320e-01
463 6.550880e-01 7.080000e-04 3.442040e-01
464 6.549440e-01 7.000000e-04 3.443560e-01
465 6.547600e-01 7.080000e-04 3.445320e-01
466 6.545960e-01 7.320000e-04 3.446720e-01
467 6.544240e-01 7.640000e-04 3.448120e-01
468 6.542600e-01 8.080000e-04 3.449320e-01
469 6.541200e-01 8.040000e-04 3.450760e-01
470 6.539400e-01 8.480000e-04 3.452120e-01
471 6.537480e-01 8.560000e-04 3.453960e-01
472 6.535320e-01 9.280000e-04 3.455400e-01
473 6.533000e-01 9.760000e-04 3.457240e-01
474 6.531480e-01 1.000000e-03 3.458520e-01
475 6.529440e-01 9.840000e-04 3.460720e-01
476 6.527880e-01 1.008000e-03 3.462040e-01
477 6.526280e-01 9.920000e-04 3.463800e-01
478 6.524240e-01 9.920000e-04 3.465840e-01
479 6.522480e-01 1.000000e-03 3.467520e-01
480 6.520520e-01 1.040000e-03 3.469080e-01
481 6.518880e-01 1.016000e-03 3.470960e-01
482 6.517000e-01 1.064000e-03 3.472360e-01
483 6.514360e-01 1.104000e-03 3.474600e-01
484 6.512160e-01 1.136000e-03 3.476480e-01
485 6.509520e-01 1.208000e-03 3.478400e-01
486 6.507360e-01 1.268000e-03 3.479960e-01
487 6.504840e-01 1.316000e-03 3.482000e-01
488 6.502480e-01 1.308000e-03 3.484440e-01
489 6.499920e-01 1.332000e-03 3.486760e-01
490 6.498040e-01 1.300000e-03 3.488960e-01
491 6.495800e-01 1.308000e-03 3.491120e-01
492 6.493640e-01 1.264000e-03 3.493720e-01
493 6.491200e-01 1.228000e-03 3.496520e-01
494 6.488800e-01 1.236000e-03 3.498840e-01
495 6.486360e-01 1.244000e-03 3.501200e-01
496 6.484400e-01 1.204000e-03 3.503560e-01
497 6.482480e-01 1.128000e-03 3.506240e-01
498 6.481000e-01 1.052000e-03 3.508480e-01
499 6.479800e-01 9.880000e-04 3.510320e-01
500 6.478760e-01 9.480000e-04 3.511760e-01
