1 9.992120e-01 6.880000e-04 1.000000e-04
2 9.986600e-01 1.108000e-03 2.320000e-04
3 9.979440e-01 1.556000e-03 5.000000e-04
4 9.972000e-01 1.984000e-03 8.160000e-04
5 9.963000e-01 2.520000e-03 1.180000e-03
6 9.954040e-01 2.920000e-03 1.676000e-03
7 9.944600e-01 3.232000e-03 2.308000e-03
8 9.935480e-01 3.576000e-03 2.876000e-03
9 9.924360e-01 4.072000e-03 3.492000e-03
10 9.912600e-01 4.584000e-03 4.156000e-03
11 9.898760e-01 5.076000e-03 5.048000e-03
12 9.885880e-01 5.356000e-03 6.056000e-03
13 9.873240e-01 5.656000e-03 7.020000e-03
14 9.859640e-01 6.108000e-03 7.928000e-03
15 9.846200e-01 6.380000e-03 9.000000e-03
16 9.831120e-01 6.696000e-03 1.019200e-02
17 9.817080e-01 6.888000e-03 1.140400e-02
18 9.803040e-01 7.060000e-03 1.263600e-02
19 9.788320e-01 7.340000e-03 1.382800e-02
20 9.774080e-01 7.388000e-03 1.520400e-02
21 9.759160e-01 7.496000e-03 1.658800e-02
22 9.743400e-01 7.652000e-03 1.800800e-02
23 9.727800e-01 7.848000e-03 1.937200e-02
24 9.712960e-01 7.896000e-03 2.080800e-02
25 9.698280e-01 7.996000e-03 2.217600e-02
26 9.682760e-01 8.000000e-03 2.372400e-02
27 9.665400e-01 8.296000e-03 2.516400e-02
28 9.649640e-01 8.416000e-03 2.662000e-02
29 9.632280e-01 8.704000e-03 2.806800e-02
30 9.616200e-01 8.784000e-03 2.959600e-02
31 9.596560e-01 9.124000e-03 3.122000e-02
32 9.577480e-01 9.472000e-03 3.278000e-02
33 9.559560e-01 9.576000e-03 3.446800e-02
34 9.542760e-01 9.628000e-03 3.609600e-02
35 9.525560e-01 9.512000e-03 3.793200e-02
36 9.506520e-01 9.764000e-03 3.958400e-02
37 9.488240e-01 9.960000e-03 4.121600e-02
38 9.469880e-01 1.010000e-02 4.291200e-02
39 9.452680e-01 1.010400e-02 4.462800e-02
40 9.434880e-01 1.014800e-02 4.636400e-02
41 9.417520e-01 1.011200e-02 4.813600e-02
42 9.399480e-01 1.023200e-02 4.982000e-02
43 9.382640e-01 1.006800e-02 5.166800e-02
44 9.366280e-01 9.848000e-03 5.352400e-02
45 9.348560e-01 9.976000e-03 5.516800e-02
46 9.331840e-01 9.820000e-03 5.699600e-02
47 9.314600e-01 9.892000e-03 5.864800e-02
48 9.297400e-01 9.828000e-03 6.043200e-02
49 9.280440e-01 9.980000e-03 6.197600e-02
50 9.261480e-01 1.007600e-02 6.377600e-02
51 9.243680e-01 1.013200e-02 6.550000e-02
52 9.227280e-01 9.940000e-03 6.733200e-02
53 9.211320e-01 9.788000e-03 6.908000e-02
54 9.196080e-01 9.544000e-03 7.084800e-02
55 9.181280e-01 9.264000e-03 7.260800e-02
56 9.165640e-01 9.244000e-03 7.419200e-02
57 9.151240e-01 8.996000e-03 7.588000e-02
58 9.135920e-01 8.984000e-03 7.742400e-02
59 9.121080e-01 9.052000e-03 7.884000e-02
60 9.105920e-01 9.064000e-03 8.034400e-02
61 9.090840e-01 8.892000e-03 8.202400e-02
62 9.074920e-01 8.916000e-03 8.359200e-02
63 9.060400e-01 8.944000e-03 8.501600e-02
64 9.046160e-01 8.812000e-03 8.657200e-02
65 9.030040e-01 8.896000e-03 8.810000e-02
66 9.015280e-01 8.952000e-03 8.952000e-02
67 9.000880e-01 8.936000e-03 9.097600e-02
68 8.985080e-01 9.076000e-03 9.241600e-02
69 8.969320e-01 9.156000e-03 9.391200e-02
70 8.954520e-01 8.944000e-03 9.560400e-02
71 8.940040e-01 8.776000e-03 9.722000e-02
72 8.925400e-01 8.740000e-03 9.872000e-02
73 8.910200e-01 8.680000e-03 1.003000e-01
74 8.894840e-01 8.652000e-03 1.018640e-01
75 8.879680e-01 8.664000e-03 1.033680e-01
76 8.864320e-01 8.712000e-03 1.048560e-01
77 8.848520e-01 8.752000e-03 1.063960e-01
78 8.833560e-01 8.636000e-03 1.080080e-01
79 8.819040e-01 8.536000e-03 1.095600e-01
80 8.804600e-01 8.436000e-03 1.111040e-01
81 8.788760e-01 8.508000e-03 1.126160e-01
82 8.773840e-01 8.516000e-03 1.141000e-01
83 8.758480e-01 8.556000e-03 1.155960e-01
84 8.742800e-01 8.684000e-03 1.170360e-01
85 8.728040e-01 8.656000e-03 1.185400e-01
86 8.712480e-01 8.740000e-03 1.200120e-01
87 8.697440e-01 8.708000e-03 1.215480e-01
88 8.682080e-01 8.816000e-03 1.229760e-01
89 8.666440e-01 8.812000e-03 1.245440e-01
90 8.651880e-01 8.680000e-03 1.261320e-01
91 8.637280e-01 8.740000e-03 1.275320e-01
92 8.622200e-01 8.684000e-03 1.290960e-01
93 8.607160e-01 8.576000e-03 1.307080e-01
94 8.592640e-01 8.476000e-03 1.322600e-01
95 8.578400e-01 8.420000e-03 1.337400e-01
96 8.563880e-01 8.428000e-03 1.351840e-01
97 8.550880e-01 8.264000e-03 1.366480e-01
98 8.536000e-01 8.284000e-03 1.381160e-01
99 8.521880e-01 8.156000e-03 1.396560e-01
100 8.506120e-01 8.268000e-03 1.411200e-01
101 8.493240e-01 8.136000e-03 1.425400e-01
102 8.479760e-01 7.980000e-03 1.440440e-01
103 8.466760e-01 7.856000e-03 1.454680e-01
104 8.453600e-01 7.700000e-03 1.469400e-01
105 8.440280e-01 7.724000e-03 1.482480e-01
106 8.427200e-01 7.664000e-03 1.496160e-01
107 8.412880e-01 7.616000e-03 1.510960e-01
108 8.400320e-01 7.612000e-03 1.523560e-01
109 8.387280e-01 7.476000e-03 1.537960e-01
110 8.375120e-01 7.300000e-03 1.551880e-01
111 8.361800e-01 7.300000e-03 1.565200e-01
112 8.348440e-01 7.412000e-03 1.577440e-01
113 8.336280e-01 7.404000e-03 1.589680e-01
114 8.323840e-01 7.336000e-03 1.602800e-01
115 8.308640e-01 7.524000e-03 1.616120e-01
116 8.296320e-01 7.584000e-03 1.627840e-01
117 8.283160e-01 7.628000e-03 1.640560e-01
118 8.269960e-01 7.680000e-03 1.653240e-01
119 8.256600e-01 7.708000e-03 1.666320e-01
120 8.243280e-01 7.700000e-03 1.679720e-01
121 8.230760e-01 7.608000e-03 1.693160e-01
122 8.218400e-01 7.580000e-03 1.705800e-01
123 8.206080e-01 7.488000e-03 1.719040e-01
124 8.193440e-01 7.468000e-03 1.731880e-01
125 8.180320e-01 7.484000e-03 1.744840e-01
126 8.167840e-01 7.476000e-03 1.757400e-01
127 8.155240e-01 7.536000e-03 1.769400e-01
128 8.142200e-01 7.468000e-03 1.783120e-01
129 8.130400e-01 7.360000e-03 1.796000e-01
130 8.118080e-01 7.384000e-03 1.808080e-01
131 8.104880e-01 7.296000e-03 1.822160e-01
132 8.093040e-01 7.072000e-03 1.836240e-01
133 8.082280e-01 6.832000e-03 1.849400e-01
134 8.070040e-01 6.780000e-03 1.862160e-01
135 8.057800e-01 6.756000e-03 1.874640e-01
136 8.045280e-01 6.732000e-03 1.887400e-01
137 8.033400e-01 6.736000e-03 1.899240e-01
138 8.021400e-01 6.752000e-03 1.911080e-01
139 8.009160e-01 6.780000e-03 1.923040e-01
140 7.996440e-01 6.888000e-03 1.934680e-01
141 7.984000e-01 7.004000e-03 1.945960e-01
142 7.971560e-01 7.052000e-03 1.957920e-01
143 7.959800e-01 6.872000e-03 1.971480e-01
144 7.946800e-01 7.016000e-03 1.983040e-01
145 7.934760e-01 7.048000e-03 1.994760e-01
146 7.922680e-01 7.028000e-03 2.007040e-01
147 7.909640e-01 7.140000e-03 2.018960e-01
148 7.897680e-01 7.204000e-03 2.030280e-01
149 7.884240e-01 7.220000e-03 2.043560e-01
150 7.871920e-01 7.172000e-03 2.056360e-01
151 7.859480e-01 7.176000e-03 2.068760e-01
152 7.847160e-01 7.108000e-03 2.081760e-01
153 7.836800e-01 6.828000e-03 2.094920e-01
154 7.826040e-01 6.744000e-03 2.106520e-01
155 7.814000e-01 6.868000e-03 2.117320e-01
156 7.802320e-01 6.868000e-03 2.129000e-01
157 7.790320e-01 6.972000e-03 2.139960e-01
158 7.781120e-01 6.708000e-03 2.151800e-01
159 7.770120e-01 6.640000e-03 2.163480e-01
160 7.759240e-01 6.680000e-03 2.173960e-01
161 7.748160e-01 6.548000e-03 2.186360e-01
162 7.737160e-01 6.580000e-03 2.197040e-01
163 7.725680e-01 6.664000e-03 2.207680e-01
164 7.713000e-01 6.780000e-03 2.219200e-01
165 7.700520e-01 6.900000e-03 2.230480e-01
166 7.688240e-01 6.864000e-03 2.243120e-01
167 7.675360e-01 6.904000e-03 2.255600e-01
168 7.663320e-01 6.868000e-03 2.268000e-01
169 7.652360e-01 6.780000e-03 2.279840e-01
170 7.640160e-01 6.744000e-03 2.292400e-01
171 7.627560e-01 6.712000e-03 2.305320e-01
172 7.616800e-01 6.616000e-03 2.317040e-01
173 7.605840e-01 6.444000e-03 2.329720e-01
174 7.594760e-01 6.512000e-03 2.340120e-01
175 7.584800e-01 6.268000e-03 2.352520e-01
176 7.574120e-01 6.176000e-03 2.364120e-01
177 7.562040e-01 6.312000e-03 2.374840e-01
178 7.550040e-01 6.400000e-03 2.385960e-01
179 7.537640e-01 6.564000e-03 2.396720e-01
180 7.526200e-01 6.520000e-03 2.408600e-01
181 7.514240e-01 6.516000e-03 2.420600e-01
182 7.501080e-01 6.688000e-03 2.432040e-01
183 7.487000e-01 6.912000e-03 2.443880e-01
184 7.475800e-01 6.868000e-03 2.455520e-01
185 7.463240e-01 6.888000e-03 2.467880e-01
186 7.451480e-01 6.776000e-03 2.480760e-01
187 7.439960e-01 6.764000e-03 2.492400e-01
188 7.427160e-01 6.920000e-03 2.503640e-01
189 7.415800e-01 6.872000e-03 2.515480e-01
190 7.403440e-01 6.992000e-03 2.526640e-01
191 7.390720e-01 7.112000e-03 2.538160e-01
192 7.379000e-01 7.036000e-03 2.550640e-01
193 7.366160e-01 7.044000e-03 2.563400e-01
194 7.353560e-01 7.072000e-03 2.575720e-01
195 7.341080e-01 7.084000e-03 2.588080e-01
196 7.328480e-01 7.120000e-03 2.600320e-01
197 7.316080e-01 7.040000e-03 2.613520e-01
198 7.305040e-01 6.924000e-03 2.625720e-01
199 7.293080e-01 6.876000e-03 2.638160e-01
200 7.282280e-01 6.844000e-03 2.649280e-01
201 7.270920e-01 6.780000e-03 2.661280e-01
202 7.259640e-01 6.784000e-03 2.672520e-01
203 7.247880e-01 6.920000e-03 2.682920e-01
204 7.236800e-01 6.780000e-03 2.695400e-01
205 7.227680e-01 6.548000e-03 2.706840e-01
206 7.216400e-01 6.612000e-03 2.717480e-01
207 7.205080e-01 6.528000e-03 2.729640e-01
208 7.195880e-01 6.388000e-03 2.740240e-01
209 7.185880e-01 6.208000e-03 2.752040e-01
210 7.177400e-01 6.092000e-03 2.761680e-01
211 7.168120e-01 6.032000e-03 2.771560e-01
212 7.159760e-01 5.736000e-03 2.782880e-01
213 7.150000e-01 5.720000e-03 2.792800e-01
214 7.142760e-01 5.564000e-03 2.801600e-01
215 7.134520e-01 5.408000e-03 2.811400e-01
216 7.125040e-01 5.396000e-03 2.821000e-01
217 7.117320e-01 5.172000e-03 2.830960e-01
218 7.107440e-01 5.216000e-03 2.840400e-01
219 7.098640e-01 5.236000e-03 2.849000e-01
220 7.089760e-01 5.204000e-03 2.858200e-01
221 7.081520e-01 5.112000e-03 2.867360e-01
222 7.072640e-01 5.136000e-03 2.876000e-01
223 7.064520e-01 5.004000e-03 2.885440e-01
224 7.055200e-01 5.168000e-03 2.893120e-01
225 7.046760e-01 5.172000e-03 2.901520e-01
226 7.038160e-01 5.064000e-03 2.911200e-01
227 7.030680e-01 4.884000e-03 2.920480e-01
228 7.023400e-01 4.712000e-03 2.929480e-01
229 7.014680e-01 4.744000e-03 2.937880e-01
230 7.006360e-01 4.708000e-03 2.946560e-01
231 6.998040e-01 4.688000e-03 2.955080e-01
232 6.990800e-01 4.584000e-03 2.963360e-01
233 6.983080e-01 4.492000e-03 2.972000e-01
234 6.975480e-01 4.356000e-03 2.980960e-01
235 6.967200e-01 4.396000e-03 2.988840e-01
236 6.958920e-01 4.376000e-03 2.997320e-01
237 6.951440e-01 4.368000e-03 3.004880e-01
238 6.944960e-01 4.308000e-03 3.011960e-01
239 6.937600e-01 4.236000e-03 3.020040e-01
240 6.929960e-01 4.368000e-03 3.026360e-01
241 6.923200e-01 4.332000e-03 3.033480e-01
242 6.915840e-01 4.336000e-03 3.040800e-01
243 6.908400e-01 4.248000e-03 3.049120e-01
244 6.901640e-01 4.148000e-03 3.056880e-01
245 6.894200e-01 4.112000e-03 3.064680e-01
246 6.887880e-01 4.024000e-03 3.071880e-01
247 6.881240e-01 4.040000e-03 3.078360e-01
248 6.873680e-01 4.064000e-03 3.085680e-01
249 6.866880e-01 3.960000e-03 3.093520e-01
250 6.860440e-01 3.884000e-03 3.100720e-01
251 6.853560e-01 3.880000e-03 3.107640e-01
252 6.846400e-01 3.876000e-03 3.114840e-01
253 6.840040e-01 3.716000e-03 3.122800e-01
254 6.833960e-01 3.640000e-03 3.129640e-01
255 6.828080e-01 3.604000e-03 3.135880e-01
256 6.821600e-01 3.640000e-03 3.142000e-01
257 6.815120e-01 3.576000e-03 3.149120e-01
258 6.809720e-01 3.480000e-03 3.155480e-01
259 6.804800e-01 3.372000e-03 3.161480e-01
260 6.799440e-01 3.352000e-03 3.167040e-01
261 6.793280e-01 3.336000e-03 3.173360e-01
262 6.787880e-01 3.224000e-03 3.179880e-01
263 6.783240e-01 3.148000e-03 3.185280e-01
264 6.778080e-01 3.116000e-03 3.190760e-01
265 6.773480e-01 3.004000e-03 3.196480e-01
266 6.766800e-01 3.116000e-03 3.202040e-01
267 6.761040e-01 3.144000e-03 3.207520e-01
268 6.756160e-01 3.116000e-03 3.212680e-01
269 6.751400e-01 3.116000e-03 3.217440e-01
270 6.746440e-01 3.028000e-03 3.223280e-01
271 6.741480e-01 2.992000e-03 3.228600e-01
272 6.735800e-01 3.024000e-03 3.233960e-01
273 6.731280e-01 2.908000e-03 3.239640e-01
274 6.726880e-01 2.808000e-03 3.245040e-01
275 6.721680e-01 2.856000e-03 3.249760e-01
276 6.716320e-01 2.852000e-03 3.255160e-01
277 6.710760e-01 2.880000e-03 3.260440e-01
278 6.705520e-01 2.880000e-03 3.265680e-01
279 6.700960e-01 2.836000e-03 3.270680e-01
280 6.696120e-01 2.896000e-03 3.274920e-01
281 6.690920e-01 2.864000e-03 3.280440e-01
282 6.685800e-01 2.844000e-03 3.285760e-01
283 6.680960e-01 2.808000e-03 3.290960e-01
284 6.675560e-01 2.824000e-03 3.296200e-01
285 6.670160e-01 2.828000e-03 3.301560e-01
286 6.664720e-01 2.860000e-03 3.306680e-01
287 6.659080e-01 2.892000e-03 3.312000e-01
288 6.654480e-01 2.808000e-03 3.317440e-01
289 6.649200e-01 2.856000e-03 3.322240e-01
290 6.643480e-01 2.884000e-03 3.327680e-01
291 6.638280e-01 2.856000e-03 3.333160e-01
292 6.632760e-01 2.928000e-03 3.337960e-01
293 6.627080e-01 3.020000e-03 3.342720e-01
294 6.622880e-01 2.896000e-03 3.348160e-01
295 6.619040e-01 2.728000e-03 3.353680e-01
296 6.614960e-01 2.692000e-03 3.358120e-01
297 6.610840e-01 2.636000e-03 3.362800e-01
298 6.606480e-01 2.652000e-03 3.367000e-01
299 6.602400e-01 2.572000e-03 3.371880e-01
300 6.597800e-01 2.568000e-03 3.376520e-01
301 6.593840e-01 2.492000e-03 3.381240e-01
302 6.590040e-01 2.464000e-03 3.385320e-01
303 6.586920e-01 2.404000e-03 3.389040e-01
304 6.582880e-01 2.380000e-03 3.393320e-01
305 6.578760e-01 2.364000e-03 3.397600e-01
306 6.573240e-01 2.516000e-03 3.401600e-01
307 6.568480e-01 2.548000e-03 3.406040e-01
308 6.563680e-01 2.660000e-03 3.409720e-01
309 6.558760e-01 2.664000e-03 3.414600e-01
310 6.553920e-01 2.608000e-03 3.420000e-01
311 6.548960e-01 2.604000e-03 3.425000e-01
312 6.544760e-01 2.656000e-03 3.428680e-01
313 6.540920e-01 2.564000e-03 3.433440e-01
314 6.535720e-01 2.672000e-03 3.437560e-01
315 6.531240e-01 2.660000e-03 3.442160e-01
316 6.527040e-01 2.632000e-03 3.446640e-01
317 6.522640e-01 2.592000e-03 3.451440e-01
318 6.518240e-01 2.556000e-03 3.456200e-01
319 6.513560e-01 2.716000e-03 3.459280e-01
320 6.508120e-01 2.728000e-03 3.464600e-01
321 6.503120e-01 2.764000e-03 3.469240e-01
322 6.497960e-01 2.816000e-03 3.473880e-01
323 6.492920e-01 2.852000e-03 3.478560e-01
324 6.489040e-01 2.760000e-03 3.483360e-01
325 6.484920e-01 2.656000e-03 3.488520e-01
326 6.480800e-01 2.648000e-03 3.492720e-01
327 6.476280e-01 2.636000e-03 3.497360e-01
328 6.472560e-01 2.540000e-03 3.502040e-01
329 6.468360e-01 2.568000e-03 3.505960e-01
330 6.464080e-01 2.512000e-03 3.510800e-01
331 6.460400e-01 2.436000e-03 3.515240e-01
332 6.456880e-01 2.372000e-03 3.519400e-01
333 6.452960e-01 2.340000e-03 3.523640e-01
334 6.449280e-01 2.316000e-03 3.527560e-01
335 6.445400e-01 2.348000e-03 3.531120e-01
336 6.441080e-01 2.328000e-03 3.535640e-01
337 6.437400e-01 2.196000e-03 3.540640e-01
338 6.432920e-01 2.264000e-03 3.544440e-01
339 6.428720e-01 2.284000e-03 3.548440e-01
340 6.424760e-01 2.236000e-03 3.552880e-01
341 6.420440e-01 2.252000e-03 3.557040e-01
342 6.415680e-01 2.352000e-03 3.560800e-01
343 6.411200e-01 2.380000e-03 3.565000e-01
344 6.407640e-01 2.300000e-03 3.569360e-01
345 6.403800e-01 2.228000e-03 3.573920e-01
346 6.399920e-01 2.204000e-03 3.578040e-01
347 6.396200e-01 2.192000e-03 3.581880e-01
348 6.392560e-01 2.236000e-03 3.585080e-01
349 6.388760e-01 2.256000e-03 3.588680e-01
350 6.383960e-01 2.328000e-03 3.592760e-01
351 6.379640e-01 2.324000e-03 3.597120e-01
352 6.374880e-01 2.364000e-03 3.601480e-01
353 6.370440e-01 2.380000e-03 3.605760e-01
354 6.367320e-01 2.284000e-03 3.609840e-01
355 6.363000e-01 2.280000e-03 3.614200e-01
356 6.358640e-01 2.340000e-03 3.617960e-01
357 6.354440e-01 2.352000e-03 3.622040e-01
358 6.350880e-01 2.344000e-03 3.625680e-01
359 6.346760e-01 2.264000e-03 3.630600e-01
360 6.342680e-01 2.280000e-03 3.634520e-01
361 6.338760e-01 2.264000e-03 3.638600e-01
362 6.334120e-01 2.336000e-03 3.642520e-01
363 6.330280e-01 2.300000e-03 3.646720e-01
364 6.326120e-01 2.268000e-03 3.651200e-01
365 6.322160e-01 2.324000e-03 3.654600e-01
366 6.318760e-01 2.228000e-03 3.658960e-01
367 6.314560e-01 2.216000e-03 3.663280e-01
368 6.310560e-01 2.252000e-03 3.666920e-01
369 6.307320e-01 2.192000e-03 3.670760e-01
370 6.303600e-01 2.236000e-03 3.674040e-01
371 6.299600e-01 2.300000e-03 3.677400e-01
372 6.295120e-01 2.316000e-03 3.681720e-01
373 6.291240e-01 2.324000e-03 3.685520e-01
374 6.288080e-01 2.200000e-03 3.689920e-01
375 6.284360e-01 2.168000e-03 3.693960e-01
376 6.281000e-01 2.120000e-03 3.697800e-01
377 6.277480e-01 2.096000e-03 3.701560e-01
378 6.273720e-01 2.076000e-03 3.705520e-01
379 6.270240e-01 2.040000e-03 3.709360e-01
380 6.267600e-01 1.908000e-03 3.713320e-01
381 6.263800e-01 1.916000e-03 3.717040e-01
382 6.260040e-01 1.968000e-03 3.720280e-01
383 6.255920e-01 2.016000e-03 3.723920e-01
384 6.252160e-01 2.036000e-03 3.727480e-01
385 6.248760e-01 2.036000e-03 3.730880e-01
386 6.245400e-01 2.020000e-03 3.734400e-01
387 6.242360e-01 1.976000e-03 3.737880e-01
388 6.239320e-01 1.944000e-03 3.741240e-01
389 6.236680e-01 1.836000e-03 3.744960e-01
390 6.233960e-01 1.836000e-03 3.747680e-01
391 6.230800e-01 1.824000e-03 3.750960e-01
392 6.228520e-01 1.772000e-03 3.753760e-01
393 6.225520e-01 1.824000e-03 3.756240e-01
394 6.222120e-01 1.784000e-03 3.760040e-01
395 6.219320e-01 1.720000e-03 3.763480e-01
396 6.216080e-01 1.760000e-03 3.766320e-01
397 6.213680e-01 1.680000e-03 3.769520e-01
398 6.211120e-01 1.696000e-03 3.771920e-01
399 6.208560e-01 1.636000e-03 3.775080e-01
400 6.206240e-01 1.604000e-03 3.777720e-01
401 6.204040e-01 1.552000e-03 3.780440e-01
402 6.202120e-01 1.476000e-03 3.783120e-01
403 6.200320e-01 1.448000e-03 3.785200e-01
404 6.198320e-01 1.388000e-03 3.787800e-01
405 6.197120e-01 1.260000e-03 3.790280e-01
406 6.195600e-01 1.192000e-03 3.792480e-01
407 6.194160e-01 1.136000e-03 3.794480e-01
408 6.192640e-01 1.056000e-03 3.796800e-01
409 6.191040e-01 1.044000e-03 3.798520e-01
410 6.189760e-01 9.880000e-04 3.800360e-01
411 6.188520e-01 9.200000e-04 3.802280e-01
412 6.187280e-01 8.640000e-04 3.804080e-01
413 6.186440e-01 7.800000e-04 3.805760e-01
414 6.185600e-01 7.200000e-04 3.807200e-01
415 6.184440e-01 7.120000e-04 3.808440e-01
416 6.183240e-01 7.000000e-04 3.809760e-01
417 6.182320e-01 6.680000e-04 3.811000e-01
418 6.181600e-01 6.120000e-04 3.812280e-01
419 6.180600e-01 5.880000e-04 3.813520e-01
420 6.179760e-01 5.640000e-04 3.814600e-01
421 6.179040e-01 5.360000e-04 3.815600e-01
422 6.178600e-01 4.920000e-04 3.816480e-01
423 6.177640e-01 4.960000e-04 3.817400e-01
424 6.176680e-01 4.960000e-04 3.818360e-01
425 6.175760e-01 4.880000e-04 3.819360e-01
426 6.175160e-01 4.560000e-04 3.820280e-01
427 6.174040e-01 4.720000e-04 3.821240e-01
428 6.173120e-01 4.720000e-04 3.822160e-01
429 6.171920e-01 5.320000e-04 3.822760e-01
430 6.170920e-01 5.400000e-04 3.823680e-01
431 6.169960e-01 5.200000e-04 3.824840e-01
432 6.168920e-01 5.200000e-04 3.825880e-01
433 6.167560e-01 5.800000e-04 3.826640e-01
434 6.166640e-01 5.840000e-04 3.827520e-01
435 6.165360e-01 6.200000e-04 3.828440e-01
436 6.163800e-01 6.960000e-04 3.829240e-01
437 6.162200e-01 7.360000e-04 3.830440e-01
438 6.160960e-01 7.000000e-04 3.832040e-01
439 6.159760e-01 6.760000e-04 3.833480e-01
440 6.158360e-01 7.480000e-04 3.834160e-01
441 6.157080e-01 7.800000e-04 3.835120e-01
442 6.155480e-01 7.840000e-04 3.836680e-01
443 6.154600e-01 7.040000e-04 3.838360e-01
444 6.153600e-01 6.880000e-04 3.839520e-01
445 6.152720e-01 6.640000e-04 3.840640e-01
446 6.151640e-01 6.480000e-04 3.841880e-01
447 6.150800e-01 6.360000e-04 3.842840e-01
448 6.149600e-01 6.680000e-04 3.843720e-01
449 6.148040e-01 7.040000e-04 3.844920e-01
450 6.146440e-01 7.800000e-04 3.845760e-01
451 6.144680e-01 8.280000e-04 3.847040e-01
452 6.143280e-01 8.240000e-04 3.848480e-01
453 6.142200e-01 8.080000e-04 3.849720e-01
454 6.140720e-01 8.280000e-04 3.851000e-01
455 6.139840e-01 7.560000e-04 3.852600e-01
456 6.138760e-01 7.360000e-04 3.853880e-01
457 6.137640e-01 7.440000e-04 3.854920e-01
458 6.136560e-01 7.480000e-04 3.855960e-01
459 6.135560e-01 7.360000e-04 3.857080e-01
460 6.134760e-01 6.600000e-04 3.858640e-01
461 6.133720e-01 6.400000e-04 3.859880e-01
462 6.132440e-01 6.720000e-04 3.860840e-01
463 6.131000e-01 6.880000e-04 3.862120e-01
464 6.129440e-01 7.200000e-04 3.863360e-01
465 6.127880e-01 7.440000e-04 3.864680e-01
466 6.126080e-01 7.800000e-04 3.866120e-01
467 6.124600e-01 8.000000e-04 3.867400e-01
468 6.123440e-01 7.720000e-04 3.868840e-01
469 6.122200e-01 7.720000e-04 3.870080e-01
470 6.121240e-01 7.560000e-04 3.871200e-01
471 6.119960e-01 8.040000e-04 3.872000e-01
472 6.118760e-01 8.040000e-04 3.873200e-01
473 6.117880e-01 7.000000e-04 3.875120e-01
474 6.116680e-01 6.680000e-04 3.876640e-01
475 6.115480e-01 6.880000e-04 3.877640e-01
476 6.114040e-01 7.080000e-04 3.878880e-01
477 6.113240e-01 6.680000e-04 3.880080e-01
478 6.112040e-01 6.360000e-04 3.881600e-01
479 6.110840e-01 6.400000e-04 3.882760e-01
480 6.109960e-01 6.040000e-04 3.884000e-01
481 6.108680e-01 6.280000e-04 3.885040e-01
482 6.107600e-01 6.160000e-04 3.886240e-01
483 6.106440e-01 6.240000e-04 3.887320e-01
484 6.104960e-01 6.800000e-04 3.888240e-01
485 6.103600e-01 6.920000e-04 3.889480e-01
486 6.102440e-01 6.800000e-04 3.890760e-01
487 6.101360e-01 6.680000e-04 3.891960e-01
488 6.100640e-01 6.200000e-04 3.893160e-01
489 6.099360e-01 6.400000e-04 3.894240e-01
490 6.098960e-01 5.680000e-04 3.895360e-01
491 6.098360e-01 5.200000e-04 3.896440e-01
492 6.097200e-01 5.280000e-04 3.897520e-01
493 6.096600e-01 4.880000e-04 3.898520e-01
494 6.095760e-01 4.840000e-04 3.899400e-01
495 6.095160e-01 4.680000e-04 3.900160e-01
496 6.094360e-01 4.640000e-04 3.901000e-01
497 6.093840e-01 4.320000e-04 3.901840e-01
498 6.092800e-01 4.600000e-04 3.902600e-01
499 6.091640e-01 5.080000e-04 3.903280e-01
500 6.091160e-01 4.440000e-04 3.904400e-01
