1 9.993000e-01 5.880000e-04 1.120000e-04
2 9.988760e-01 9.080000e-04 2.160000e-04
3 9.982240e-01 1.392000e-03 3.840000e-04
4 9.975520e-01 1.752000e-03 6.960000e-04
5 9.968880e-01 2.056000e-03 1.056000e-03
6 9.962080e-01 2.360000e-03 1.432000e-03
7 9.954920e-01 2.656000e-03 1.852000e-03
8 9.948600e-01 2.824000e-03 2.316000e-03
9 9.942320e-01 2.960000e-03 2.808000e-03
10 9.934600e-01 3.196000e-03 3.344000e-03
11 9.927240e-01 3.468000e-03 3.808000e-03
12 9.918960e-01 3.696000e-03 4.408000e-03
13 9.911440e-01 3.752000e-03 5.104000e-03
14 9.903320e-01 3.884000e-03 5.784000e-03
15 9.895760e-01 3.936000e-03 6.488000e-03
16 9.887200e-01 4.196000e-03 7.084000e-03
17 9.878400e-01 4.316000e-03 7.844000e-03
18 9.868040e-01 4.600000e-03 8.596000e-03
19 9.858520e-01 4.868000e-03 9.280000e-03
20 9.848160e-01 5.136000e-03 1.004800e-02
21 9.838840e-01 5.136000e-03 1.098000e-02
22 9.829200e-01 5.148000e-03 1.193200e-02
23 9.820080e-01 5.068000e-03 1.292400e-02
24 9.810480e-01 5.184000e-03 1.376800e-02
25 9.800160e-01 5.340000e-03 1.464400e-02
26 9.790640e-01 5.332000e-03 1.560400e-02
27 9.781440e-01 5.392000e-03 1.646400e-02
28 9.769680e-01 5.592000e-03 1.744000e-02
29 9.758240e-01 5.796000e-03 1.838000e-02
30 9.746680e-01 5.912000e-03 1.942000e-02
31 9.734320e-01 6.204000e-03 2.036400e-02
32 9.721880e-01 6.340000e-03 2.147200e-02
33 9.709920e-01 6.484000e-03 2.252400e-02
34 9.699200e-01 6.412000e-03 2.366800e-02
35 9.687000e-01 6.540000e-03 2.476000e-02
36 9.675520e-01 6.644000e-03 2.580400e-02
37 9.663440e-01 6.760000e-03 2.689600e-02
38 9.650680e-01 6.912000e-03 2.802000e-02
39 9.637840e-01 7.040000e-03 2.917600e-02
40 9.625600e-01 7.004000e-03 3.043600e-02
41 9.613720e-01 6.876000e-03 3.175200e-02
42 9.602920e-01 6.728000e-03 3.298000e-02
43 9.591760e-01 6.704000e-03 3.412000e-02
44 9.579560e-01 6.720000e-03 3.532400e-02
45 9.567120e-01 6.856000e-03 3.643200e-02
46 9.555120e-01 6.872000e-03 3.761600e-02
47 9.543520e-01 6.780000e-03 3.886800e-02
48 9.530920e-01 6.916000e-03 3.999200e-02
49 9.519680e-01 6.788000e-03 4.124400e-02
50 9.507800e-01 6.768000e-03 4.245200e-02
51 9.494560e-01 6.872000e-03 4.367200e-02
52 9.481400e-01 7.120000e-03 4.474000e-02
53 9.467080e-01 7.316000e-03 4.597600e-02
54 9.455840e-01 7.248000e-03 4.716800e-02
55 9.443840e-01 7.120000e-03 4.849600e-02
56 9.431560e-01 7.192000e-03 4.965200e-02
57 9.420840e-01 7.012000e-03 5.090400e-02
58 9.408600e-01 7.112000e-03 5.202800e-02
59 9.397440e-01 6.988000e-03 5.326800e-02
60 9.385640e-01 6.932000e-03 5.450400e-02
61 9.373080e-01 7.060000e-03 5.563200e-02
62 9.361120e-01 7.128000e-03 5.676000e-02
63 9.349400e-01 7.096000e-03 5.796400e-02
64 9.337480e-01 7.060000e-03 5.919200e-02
65 9.327320e-01 6.704000e-03 6.056400e-02
66 9.316440e-01 6.564000e-03 6.179200e-02
67 9.306720e-01 6.376000e-03 6.295200e-02
68 9.295440e-01 6.340000e-03 6.411600e-02
69 9.285440e-01 6.220000e-03 6.523600e-02
70 9.276960e-01 5.944000e-03 6.636000e-02
71 9.265840e-01 6.016000e-03 6.740000e-02
72 9.255160e-01 6.000000e-03 6.848400e-02
73 9.244080e-01 6.108000e-03 6.948400e-02
74 9.233960e-01 6.032000e-03 7.057200e-02
75 9.224680e-01 5.904000e-03 7.162800e-02
76 9.214720e-01 5.944000e-03 7.258400e-02
77 9.204360e-01 5.884000e-03 7.368000e-02
78 9.193720e-01 5.964000e-03 7.466400e-02
79 9.182680e-01 5.940000e-03 7.579200e-02
80 9.171800e-01 5.972000e-03 7.684800e-02
81 9.161080e-01 6.008000e-03 7.788400e-02
82 9.150480e-01 5.996000e-03 7.895600e-02
83 9.141440e-01 5.956000e-03 7.990000e-02
84 9.130520e-01 6.012000e-03 8.093600e-02
85 9.121120e-01 6.024000e-03 8.186400e-02
86 9.110680e-01 5.900000e-03 8.303200e-02
87 9.100080e-01 5.952000e-03 8.404000e-02
88 9.090120e-01 5.812000e-03 8.517600e-02
89 9.079240e-01 5.864000e-03 8.621200e-02
90 9.069280e-01 5.876000e-03 8.719600e-02
91 9.059240e-01 5.816000e-03 8.826000e-02
92 9.049520e-01 5.736000e-03 8.931200e-02
93 9.039280e-01 5.804000e-03 9.026800e-02
94 9.029480e-01 5.784000e-03 9.126800e-02
95 9.019160e-01 5.852000e-03 9.223200e-02
96 9.009360e-01 5.812000e-03 9.325200e-02
97 9.000520e-01 5.684000e-03 9.426400e-02
98 8.992720e-01 5.520000e-03 9.520800e-02
99 8.983000e-01 5.564000e-03 9.613600e-02
100 8.974120e-01 5.488000e-03 9.710000e-02
101 8.966360e-01 5.376000e-03 9.798800e-02
102 8.958280e-01 5.168000e-03 9.900400e-02
103 8.950360e-01 5.076000e-03 9.988800e-02
104 8.942840e-01 4.908000e-03 1.008080e-01
105 8.933680e-01 4.892000e-03 1.017400e-01
106 8.926480e-01 4.808000e-03 1.025440e-01
107 8.917320e-01 4.952000e-03 1.033160e-01
108 8.908480e-01 4.940000e-03 1.042120e-01
109 8.898960e-01 5.076000e-03 1.050280e-01
110 8.888640e-01 5.268000e-03 1.058680e-01
111 8.878560e-01 5.380000e-03 1.067640e-01
112 8.868920e-01 5.308000e-03 1.078000e-01
113 8.859200e-01 5.388000e-03 1.086920e-01
114 8.849800e-01 5.420000e-03 1.096000e-01
115 8.839920e-01 5.356000e-03 1.106520e-01
116 8.831200e-01 5.328000e-03 1.115520e-01
117 8.823000e-01 5.156000e-03 1.125440e-01
118 8.813920e-01 5.216000e-03 1.133920e-01
119 8.804720e-01 5.276000e-03 1.142520e-01
120 8.793640e-01 5.488000e-03 1.151480e-01
121 8.784040e-01 5.552000e-03 1.160440e-01
122 8.774520e-01 5.580000e-03 1.169680e-01
123 8.764680e-01 5.532000e-03 1.180000e-01
124 8.754280e-01 5.656000e-03 1.189160e-01
125 8.744200e-01 5.668000e-03 1.199120e-01
126 8.734760e-01 5.588000e-03 1.209360e-01
127 8.724840e-01 5.628000e-03 1.218880e-01
128 8.714600e-01 5.592000e-03 1.229480e-01
129 8.704560e-01 5.608000e-03 1.239360e-01
130 8.695120e-01 5.516000e-03 1.249720e-01
131 8.687360e-01 5.284000e-03 1.259800e-01
132 8.678680e-01 5.224000e-03 1.269080e-01
133 8.671240e-01 5.144000e-03 1.277320e-01
134 8.663520e-01 4.988000e-03 1.286600e-01
135 8.655840e-01 4.952000e-03 1.294640e-01
136 8.648440e-01 4.868000e-03 1.302880e-01
137 8.639800e-01 4.880000e-03 1.311400e-01
138 8.632840e-01 4.724000e-03 1.319920e-01
139 8.624760e-01 4.652000e-03 1.328720e-01
140 8.616720e-01 4.644000e-03 1.336840e-01
141 8.608480e-01 4.612000e-03 1.345400e-01
142 8.599880e-01 4.692000e-03 1.353200e-01
143 8.591920e-01 4.580000e-03 1.362280e-01
144 8.583600e-01 4.644000e-03 1.369960e-01
145 8.575920e-01 4.636000e-03 1.377720e-01
146 8.568600e-01 4.580000e-03 1.385600e-01
147 8.560840e-01 4.536000e-03 1.393800e-01
148 8.552600e-01 4.496000e-03 1.402440e-01
149 8.545920e-01 4.316000e-03 1.410920e-01
150 8.539240e-01 4.324000e-03 1.417520e-01
151 8.531520e-01 4.300000e-03 1.425480e-01
152 8.523480e-01 4.432000e-03 1.432200e-01
153 8.516080e-01 4.416000e-03 1.439760e-01
154 8.508320e-01 4.328000e-03 1.448400e-01
155 8.500000e-01 4.456000e-03 1.455440e-01
156 8.492840e-01 4.440000e-03 1.462760e-01
157 8.484600e-01 4.480000e-03 1.470600e-01
158 8.476400e-01 4.504000e-03 1.478560e-01
159 8.468200e-01 4.484000e-03 1.486960e-01
160 8.460320e-01 4.464000e-03 1.495040e-01
161 8.452480e-01 4.416000e-03 1.503360e-01
162 8.445280e-01 4.524000e-03 1.509480e-01
163 8.436360e-01 4.620000e-03 1.517440e-01
164 8.428320e-01 4.624000e-03 1.525440e-01
165 8.420840e-01 4.492000e-03 1.534240e-01
166 8.413160e-01 4.492000e-03 1.541920e-01
167 8.405440e-01 4.448000e-03 1.550080e-01
168 8.397440e-01 4.472000e-03 1.557840e-01
169 8.387960e-01 4.668000e-03 1.565360e-01
170 8.378560e-01 4.796000e-03 1.573480e-01
171 8.369880e-01 4.836000e-03 1.581760e-01
172 8.361680e-01 4.804000e-03 1.590280e-01
173 8.352520e-01 4.908000e-03 1.598400e-01
174 8.344840e-01 4.764000e-03 1.607520e-01
175 8.336920e-01 4.752000e-03 1.615560e-01
176 8.329640e-01 4.616000e-03 1.624200e-01
177 8.322360e-01 4.708000e-03 1.630560e-01
178 8.315120e-01 4.548000e-03 1.639400e-01
179 8.308640e-01 4.392000e-03 1.647440e-01
180 8.300840e-01 4.424000e-03 1.654920e-01
181 8.293320e-01 4.488000e-03 1.661800e-01
182 8.287000e-01 4.400000e-03 1.669000e-01
183 8.280480e-01 4.324000e-03 1.676280e-01
184 8.274920e-01 4.100000e-03 1.684080e-01
185 8.268680e-01 3.996000e-03 1.691360e-01
186 8.263160e-01 3.844000e-03 1.698400e-01
187 8.257440e-01 3.720000e-03 1.705360e-01
188 8.251960e-01 3.592000e-03 1.712120e-01
189 8.247240e-01 3.488000e-03 1.717880e-01
190 8.241800e-01 3.460000e-03 1.723600e-01
191 8.236880e-01 3.348000e-03 1.729640e-01
192 8.232200e-01 3.308000e-03 1.734720e-01
193 8.227120e-01 3.284000e-03 1.740040e-01
194 8.222200e-01 3.212000e-03 1.745680e-01
195 8.216560e-01 3.208000e-03 1.751360e-01
196 8.211120e-01 3.168000e-03 1.757200e-01
197 8.206040e-01 3.148000e-03 1.762480e-01
198 8.201120e-01 3.072000e-03 1.768160e-01
199 8.195440e-01 3.124000e-03 1.773320e-01
200 8.190840e-01 3.056000e-03 1.778600e-01
201 8.185120e-01 3.160000e-03 1.783280e-01
202 8.179280e-01 3.136000e-03 1.789360e-01
203 8.173880e-01 3.200000e-03 1.794120e-01
204 8.169280e-01 3.128000e-03 1.799440e-01
205 8.162800e-01 3.160000e-03 1.805600e-01
206 8.157320e-01 3.144000e-03 1.811240e-01
207 8.153320e-01 3.012000e-03 1.816560e-01
208 8.148280e-01 2.924000e-03 1.822480e-01
209 8.143240e-01 2.908000e-03 1.827680e-01
210 8.138760e-01 2.904000e-03 1.832200e-01
211 8.134080e-01 2.852000e-03 1.837400e-01
212 8.129280e-01 2.868000e-03 1.842040e-01
213 8.124240e-01 2.864000e-03 1.847120e-01
214 8.119040e-01 2.820000e-03 1.852760e-01
215 8.113880e-01 2.840000e-03 1.857720e-01
216 8.108960e-01 2.868000e-03 1.862360e-01
217 8.103520e-01 2.900000e-03 1.867480e-01
218 8.097400e-01 2.996000e-03 1.872640e-01
219 8.092320e-01 3.016000e-03 1.877520e-01
220 8.086280e-01 3.096000e-03 1.882760e-01
221 8.079680e-01 3.316000e-03 1.887160e-01
222 8.073720e-01 3.324000e-03 1.893040e-01
223 8.067560e-01 3.436000e-03 1.898080e-01
224 8.061640e-01 3.440000e-03 1.903960e-01
225 8.055880e-01 3.396000e-03 1.910160e-01
226 8.050440e-01 3.380000e-03 1.915760e-01
227 8.044400e-01 3.392000e-03 1.921680e-01
228 8.039360e-01 3.344000e-03 1.927200e-01
229 8.034000e-01 3.320000e-03 1.932800e-01
230 8.029160e-01 3.236000e-03 1.938480e-01
231 8.022920e-01 3.360000e-03 1.943480e-01
232 8.017880e-01 3.352000e-03 1.948600e-01
233 8.012160e-01 3.288000e-03 1.954960e-01
234 8.006680e-01 3.216000e-03 1.961160e-01
235 8.001800e-01 3.192000e-03 1.966280e-01
236 7.997560e-01 3.020000e-03 1.972240e-01
237 7.992280e-01 3.000000e-03 1.977720e-01
238 7.987080e-01 2.976000e-03 1.983160e-01
239 7.982040e-01 2.964000e-03 1.988320e-01
240 7.976800e-01 2.928000e-03 1.993920e-01
241 7.971600e-01 2.956000e-03 1.998840e-01
242 7.966000e-01 2.952000e-03 2.004480e-01
243 7.959800e-01 3.040000e-03 2.009800e-01
244 7.954400e-01 3.032000e-03 2.015280e-01
245 7.949000e-01 3.020000e-03 2.020800e-01
246 7.944480e-01 2.896000e-03 2.026560e-01
247 7.938880e-01 2.928000e-03 2.031840e-01
248 7.933760e-01 2.956000e-03 2.036680e-01
249 7.929040e-01 2.872000e-03 2.042240e-01
250 7.923920e-01 2.788000e-03 2.048200e-01
251 7.919440e-01 2.764000e-03 2.052920e-01
252 7.914520e-01 2.776000e-03 2.057720e-01
253 7.909480e-01 2.824000e-03 2.062280e-01
254 7.905000e-01 2.824000e-03 2.066760e-01
255 7.901240e-01 2.796000e-03 2.070800e-01
256 7.896880e-01 2.732000e-03 2.075800e-01
257 7.893520e-01 2.640000e-03 2.080080e-01
258 7.889320e-01 2.640000e-03 2.084280e-01
259 7.884360e-01 2.692000e-03 2.088720e-01
260 7.880640e-01 2.588000e-03 2.093480e-01
261 7.876240e-01 2.572000e-03 2.098040e-01
262 7.870640e-01 2.656000e-03 2.102800e-01
263 7.867080e-01 2.584000e-03 2.107080e-01
264 7.863200e-01 2.476000e-03 2.112040e-01
265 7.859400e-01 2.472000e-03 2.115880e-01
266 7.855800e-01 2.424000e-03 2.119960e-01
267 7.851520e-01 2.484000e-03 2.123640e-01
268 7.848000e-01 2.364000e-03 2.128360e-01
269 7.844880e-01 2.284000e-03 2.132280e-01
270 7.840640e-01 2.336000e-03 2.136000e-01
271 7.835400e-01 2.472000e-03 2.139880e-01
272 7.829880e-01 2.580000e-03 2.144320e-01
273 7.825400e-01 2.612000e-03 2.148480e-01
274 7.820600e-01 2.648000e-03 2.152920e-01
275 7.815080e-01 2.716000e-03 2.157760e-01
276 7.810400e-01 2.656000e-03 2.163040e-01
277 7.806160e-01 2.704000e-03 2.166800e-01
278 7.801160e-01 2.700000e-03 2.171840e-01
279 7.795720e-01 2.716000e-03 2.177120e-01
280 7.791240e-01 2.736000e-03 2.181400e-01
281 7.786800e-01 2.636000e-03 2.186840e-01
282 7.782280e-01 2.664000e-03 2.191080e-01
283 7.777680e-01 2.604000e-03 2.196280e-01
284 7.773160e-01 2.660000e-03 2.200240e-01
285 7.768720e-01 2.660000e-03 2.204680e-01
286 7.764160e-01 2.656000e-03 2.209280e-01
287 7.759520e-01 2.676000e-03 2.213720e-01
288 7.754520e-01 2.708000e-03 2.218400e-01
289 7.750240e-01 2.624000e-03 2.223520e-01
290 7.745880e-01 2.580000e-03 2.228320e-01
291 7.742160e-01 2.528000e-03 2.232560e-01
292 7.737960e-01 2.524000e-03 2.236800e-01
293 7.733440e-01 2.488000e-03 2.241680e-01
294 7.729480e-01 2.440000e-03 2.246120e-01
295 7.724920e-01 2.448000e-03 2.250600e-01
296 7.719800e-01 2.564000e-03 2.254560e-01
297 7.715360e-01 2.580000e-03 2.258840e-01
298 7.710880e-01 2.600000e-03 2.263120e-01
299 7.706040e-01 2.668000e-03 2.267280e-01
300 7.700560e-01 2.716000e-03 2.272280e-01
301 7.695920e-01 2.732000e-03 2.276760e-01
302 7.691120e-01 2.700000e-03 2.281880e-01
303 7.686240e-01 2.696000e-03 2.286800e-01
304 7.681960e-01 2.716000e-03 2.290880e-01
305 7.676120e-01 2.872000e-03 2.295160e-01
306 7.670520e-01 2.864000e-03 2.300840e-01
307 7.665320e-01 2.876000e-03 2.305920e-01
308 7.659480e-01 2.928000e-03 2.311240e-01
309 7.654640e-01 2.832000e-03 2.317040e-01
310 7.648720e-01 2.924000e-03 2.322040e-01
311 7.643080e-01 3.008000e-03 2.326840e-01
312 7.637720e-01 3.028000e-03 2.332000e-01
313 7.631640e-01 3.156000e-03 2.336800e-01
314 7.625600e-01 3.192000e-03 2.342480e-01
315 7.619360e-01 3.296000e-03 2.347680e-01
316 7.612840e-01 3.376000e-03 2.353400e-01
317 7.607120e-01 3.300000e-03 2.359880e-01
318 7.601480e-01 3.232000e-03 2.366200e-01
319 7.596240e-01 3.160000e-03 2.372160e-01
320 7.590040e-01 3.280000e-03 2.377160e-01
321 7.584000e-01 3.364000e-03 2.382360e-01
322 7.578320e-01 3.356000e-03 2.388120e-01
323 7.573760e-01 3.280000e-03 2.393440e-01
324 7.568240e-01 3.296000e-03 2.398800e-01
325 7.562720e-01 3.292000e-03 2.404360e-01
326 7.556480e-01 3.376000e-03 2.409760e-01
327 7.551440e-01 3.304000e-03 2.415520e-01
328 7.546240e-01 3.280000e-03 2.420960e-01
329 7.541120e-01 3.180000e-03 2.427080e-01
330 7.535760e-01 3.156000e-03 2.432680e-01
331 7.530640e-01 3.156000e-03 2.437800e-01
332 7.525880e-01 3.084000e-03 2.443280e-01
333 7.520640e-01 3.040000e-03 2.448960e-01
334 7.516280e-01 2.972000e-03 2.454000e-01
335 7.511280e-01 2.948000e-03 2.459240e-01
336 7.506360e-01 2.940000e-03 2.464240e-01
337 7.499880e-01 3.084000e-03 2.469280e-01
338 7.494640e-01 3.048000e-03 2.474880e-01
339 7.490600e-01 2.912000e-03 2.480280e-01
340 7.485880e-01 2.800000e-03 2.486120e-01
341 7.481120e-01 2.816000e-03 2.490720e-01
342 7.475280e-01 2.868000e-03 2.496040e-01
343 7.469600e-01 2.960000e-03 2.500800e-01
344 7.464760e-01 2.908000e-03 2.506160e-01
345 7.460680e-01 2.812000e-03 2.511200e-01
346 7.456200e-01 2.752000e-03 2.516280e-01
347 7.451360e-01 2.776000e-03 2.520880e-01
348 7.447240e-01 2.724000e-03 2.525520e-01
349 7.442880e-01 2.680000e-03 2.530320e-01
350 7.438120e-01 2.724000e-03 2.534640e-01
351 7.433960e-01 2.640000e-03 2.539640e-01
352 7.430240e-01 2.592000e-03 2.543840e-01
353 7.426640e-01 2.528000e-03 2.548080e-01
354 7.422000e-01 2.492000e-03 2.553080e-01
355 7.417920e-01 2.440000e-03 2.557680e-01
356 7.414040e-01 2.392000e-03 2.562040e-01
357 7.410840e-01 2.300000e-03 2.566160e-01
358 7.407120e-01 2.272000e-03 2.570160e-01
359 7.403720e-01 2.212000e-03 2.574160e-01
360 7.400120e-01 2.172000e-03 2.578160e-01
361 7.396400e-01 2.164000e-03 2.581960e-01
362 7.391920e-01 2.268000e-03 2.585400e-01
363 7.387800e-01 2.312000e-03 2.589080e-01
364 7.384320e-01 2.268000e-03 2.593000e-01
365 7.380680e-01 2.248000e-03 2.596840e-01
366 7.376760e-01 2.248000e-03 2.600760e-01
367 7.372880e-01 2.300000e-03 2.604120e-01
368 7.368560e-01 2.276000e-03 2.608680e-01
369 7.364520e-01 2.332000e-03 2.612160e-01
370 7.359560e-01 2.396000e-03 2.616480e-01
371 7.355680e-01 2.384000e-03 2.620480e-01
372 7.351320e-01 2.364000e-03 2.625040e-01
373 7.347640e-01 2.272000e-03 2.629640e-01
374 7.343200e-01 2.340000e-03 2.633400e-01
375 7.339120e-01 2.272000e-03 2.638160e-01
376 7.335720e-01 2.200000e-03 2.642280e-01
377 7.331680e-01 2.216000e-03 2.646160e-01
378 7.328320e-01 2.240000e-03 2.649280e-01
379 7.323760e-01 2.332000e-03 2.652920e-01
380 7.320320e-01 2.256000e-03 2.657120e-01
381 7.315920e-01 2.276000e-03 2.661320e-01
382 7.311880e-01 2.260000e-03 2.665520e-01
383 7.309120e-01 2.188000e-03 2.669000e-01
384 7.305240e-01 2.232000e-03 2.672440e-01
385 7.302600e-01 2.120000e-03 2.676200e-01
386 7.299000e-01 2.092000e-03 2.680080e-01
387 7.295400e-01 2.116000e-03 2.683440e-01
388 7.292360e-01 2.084000e-03 2.686800e-01
389 7.289040e-01 1.980000e-03 2.691160e-01
390 7.285880e-01 1.968000e-03 2.694440e-01
391 7.282360e-01 1.932000e-03 2.698320e-01
392 7.279160e-01 1.872000e-03 2.702120e-01
393 7.276040e-01 1.820000e-03 2.705760e-01
394 7.273200e-01 1.792000e-03 2.708880e-01
395 7.270280e-01 1.804000e-03 2.711680e-01
396 7.267600e-01 1.764000e-03 2.714760e-01
397 7.265080e-01 1.772000e-03 2.717200e-01
398 7.262000e-01 1.728000e-03 2.720720e-01
399 7.259800e-01 1.676000e-03 2.723440e-01
400 7.257640e-01 1.568000e-03 2.726680e-01
401 7.255680e-01 1.484000e-03 2.729480e-01
402 7.252920e-01 1.528000e-03 2.731800e-01
403 7.250560e-01 1.452000e-03 2.734920e-01
404 7.248280e-01 1.424000e-03 2.737480e-01
405 7.245720e-01 1.468000e-03 2.739600e-01
406 7.243400e-01 1.448000e-03 2.742120e-01
407 7.240640e-01 1.516000e-03 2.744200e-01
408 7.238320e-01 1.484000e-03 2.746840e-01
409 7.235400e-01 1.552000e-03 2.749080e-01
410 7.232880e-01 1.540000e-03 2.751720e-01
411 7.230640e-01 1.480000e-03 2.754560e-01
412 7.228200e-01 1.472000e-03 2.757080e-01
413 7.225440e-01 1.464000e-03 2.759920e-01
414 7.222640e-01 1.476000e-03 2.762600e-01
415 7.220560e-01 1.476000e-03 2.764680e-01
416 7.218320e-01 1.428000e-03 2.767400e-01
417 7.216200e-01 1.424000e-03 2.769560e-01
418 7.213720e-01 1.472000e-03 2.771560e-01
419 7.210800e-01 1.516000e-03 2.774040e-01
420 7.208760e-01 1.412000e-03 2.777120e-01
421 7.206320e-01 1.436000e-03 2.779320e-01
422 7.204320e-01 1.392000e-03 2.781760e-01
423 7.201880e-01 1.400000e-03 2.784120e-01
424 7.200000e-01 1.356000e-03 2.786440e-01
425 7.197040e-01 1.460000e-03 2.788360e-01
426 7.193800e-01 1.528000e-03 2.790920e-01
427 7.190600e-01 1.616000e-03 2.793240e-01
428 7.187520e-01 1.680000e-03 2.795680e-01
429 7.184320e-01 1.708000e-03 2.798600e-01
430 7.181600e-01 1.696000e-03 2.801440e-01
431 7.178920e-01 1.680000e-03 2.804280e-01
432 7.175880e-01 1.692000e-03 2.807200e-01
433 7.173600e-01 1.556000e-03 2.810840e-01
434 7.170960e-01 1.572000e-03 2.813320e-01
435 7.168680e-01 1.532000e-03 2.816000e-01
436 7.166160e-01 1.540000e-03 2.818440e-01
437 7.164040e-01 1.452000e-03 2.821440e-01
438 7.162120e-01 1.416000e-03 2.823720e-01
439 7.160000e-01 1.296000e-03 2.827040e-01
440 7.157640e-01 1.344000e-03 2.828920e-01
441 7.155600e-01 1.308000e-03 2.831320e-01
442 7.153840e-01 1.288000e-03 2.833280e-01
443 7.151680e-01 1.236000e-03 2.835960e-01
444 7.150160e-01 1.160000e-03 2.838240e-01
445 7.148640e-01 1.088000e-03 2.840480e-01
446 7.147080e-01 1.048000e-03 2.842440e-01
447 7.145720e-01 9.880000e-04 2.844400e-01
448 7.144200e-01 9.880000e-04 2.845920e-01
449 7.142920e-01 9.560000e-04 2.847520e-01
450 7.140920e-01 9.440000e-04 2.849640e-01
451 7.139440e-01 9.360000e-04 2.851200e-01
452 7.137520e-01 9.440000e-04 2.853040e-01
453 7.135960e-01 9.480000e-04 2.854560e-01
454 7.134360e-01 8.840000e-04 2.856800e-01
455 7.132520e-01 9.160000e-04 2.858320e-01
456 7.131080e-01 8.840000e-04 2.860080e-01
457 7.128960e-01 9.280000e-04 2.861760e-01
458 7.126640e-01 1.032000e-03 2.863040e-01
459 7.125080e-01 1.000000e-03 2.864920e-01
460 7.123600e-01 9.640000e-04 2.866760e-01
461 7.122040e-01 9.200000e-04 2.868760e-01
462 7.120520e-01 8.840000e-04 2.870640e-01
463 7.118760e-01 9.320000e-04 2.871920e-01
464 7.116880e-01 9.640000e-04 2.873480e-01
465 7.115200e-01 9.640000e-04 2.875160e-01
466 7.113480e-01 9.320000e-04 2.877200e-01
467 7.111960e-01 9.320000e-04 2.878720e-01
468 7.109920e-01 9.520000e-04 2.880560e-01
469 7.108240e-01 9.600000e-04 2.882160e-01
470 7.106080e-01 1.024000e-03 2.883680e-01
471 7.104440e-01 9.680000e-04 2.885880e-01
472 7.102440e-01 9.720000e-04 2.887840e-01
473 7.101000e-01 9.360000e-04 2.889640e-01
474 7.099240e-01 9.440000e-04 2.891320e-01
475 7.097560e-01 9.400000e-04 2.893040e-01
476 7.096040e-01 9.120000e-04 2.894840e-01
477 7.094200e-01 9.280000e-04 2.896520e-01
478 7.093080e-01 8.560000e-04 2.898360e-01
479 7.092160e-01 7.840000e-04 2.900000e-01
480 7.091080e-01 7.720000e-04 2.901200e-01
481 7.089360e-01 8.120000e-04 2.902520e-01
482 7.088400e-01 7.520000e-04 2.904080e-01
483 7.087120e-01 7.240000e-04 2.905640e-01
484 7.085840e-01 7.600000e-04 2.906560e-01
485 7.084560e-01 7.960000e-04 2.907480e-01
486 7.083640e-01 7.560000e-04 2.908800e-01
487 7.082240e-01 7.800000e-04 2.909960e-01
488 7.081160e-01 7.400000e-04 2.911440e-01
489 7.079400e-01 7.680000e-04 2.912920e-01
490 7.078240e-01 7.360000e-04 2.914400e-01
491 7.077120e-01 7.520000e-04 2.915360e-01
492 7.076000e-01 7.480000e-04 2.916520e-01
493 7.074280e-01 7.920000e-04 2.917800e-01
494 7.072920e-01 7.640000e-04 2.919440e-01
495 7.071760e-01 7.680000e-04 2.920560e-01
496 7.070600e-01 7.440000e-04 2.921960e-01
497 7.069320e-01 7.520000e-04 2.923160e-01
498 7.068520e-01 7.160000e-04 2.924320e-01
499 7.067320e-01 7.200000e-04 2.925480e-01
500 7.065920e-01 7.400000e-04 2.926680e-01
