1 9.992720e-01 6.200000e-04 1.080000e-04
2 9.988200e-01 9.440000e-04 2.360000e-04
3 9.981520e-01 1.424000e-03 4.240000e-04
4 9.973960e-01 1.916000e-03 6.880000e-04
5 9.966160e-01 2.352000e-03 1.032000e-03
6 9.957520e-01 2.748000e-03 1.500000e-03
7 9.948640e-01 3.140000e-03 1.996000e-03
8 9.940680e-01 3.364000e-03 2.568000e-03
9 9.931120e-01 3.688000e-03 3.200000e-03
10 9.921320e-01 4.076000e-03 3.792000e-03
11 9.911240e-01 4.360000e-03 4.516000e-03
12 9.901240e-01 4.584000e-03 5.292000e-03
13 9.890200e-01 4.804000e-03 6.176000e-03
14 9.878360e-01 5.032000e-03 7.132000e-03
15 9.865080e-01 5.424000e-03 8.068000e-03
16 9.854360e-01 5.524000e-03 9.040000e-03
17 9.842240e-01 5.820000e-03 9.956000e-03
18 9.831160e-01 5.852000e-03 1.103200e-02
19 9.820360e-01 5.832000e-03 1.213200e-02
20 9.809400e-01 5.900000e-03 1.316000e-02
21 9.796440e-01 6.148000e-03 1.420800e-02
22 9.783720e-01 6.408000e-03 1.522000e-02
23 9.769640e-01 6.676000e-03 1.636000e-02
24 9.754120e-01 7.156000e-03 1.743200e-02
25 9.738440e-01 7.440000e-03 1.871600e-02
26 9.722400e-01 7.816000e-03 1.994400e-02
27 9.707720e-01 7.992000e-03 2.123600e-02
28 9.692200e-01 8.232000e-03 2.254800e-02
29 9.677120e-01 8.288000e-03 2.400000e-02
30 9.662120e-01 8.304000e-03 2.548400e-02
31 9.646480e-01 8.292000e-03 2.706000e-02
32 9.632920e-01 8.228000e-03 2.848000e-02
33 9.618280e-01 8.124000e-03 3.004800e-02
34 9.602920e-01 8.180000e-03 3.152800e-02
35 9.586120e-01 8.484000e-03 3.290400e-02
36 9.568920e-01 8.680000e-03 3.442800e-02
37 9.549480e-01 9.072000e-03 3.598000e-02
38 9.533240e-01 9.176000e-03 3.750000e-02
39 9.514240e-01 9.440000e-03 3.913600e-02
40 9.496520e-01 9.576000e-03 4.077200e-02
41 9.478120e-01 9.716000e-03 4.247200e-02
42 9.459120e-01 9.928000e-03 4.416000e-02
43 9.440680e-01 1.000000e-02 4.593200e-02
44 9.421560e-01 1.017200e-02 4.767200e-02
45 9.405400e-01 9.996000e-03 4.946400e-02
46 9.387000e-01 1.011600e-02 5.118400e-02
47 9.370000e-01 9.992000e-03 5.300800e-02
48 9.351840e-01 1.005600e-02 5.476000e-02
49 9.334080e-01 9.964000e-03 5.662800e-02
50 9.317480e-01 9.756000e-03 5.849600e-02
51 9.298600e-01 9.928000e-03 6.021200e-02
52 9.280760e-01 9.772000e-03 6.215200e-02
53 9.263000e-01 9.888000e-03 6.381200e-02
54 9.243560e-01 1.010400e-02 6.554000e-02
55 9.225640e-01 1.011200e-02 6.732400e-02
56 9.207840e-01 1.010400e-02 6.911200e-02
57 9.190040e-01 1.004400e-02 7.095200e-02
58 9.172600e-01 9.992000e-03 7.274800e-02
59 9.155200e-01 9.992000e-03 7.448800e-02
60 9.139640e-01 9.768000e-03 7.626800e-02
61 9.124400e-01 9.580000e-03 7.798000e-02
62 9.109560e-01 9.380000e-03 7.966400e-02
63 9.096320e-01 9.188000e-03 8.118000e-02
64 9.081520e-01 9.020000e-03 8.282800e-02
65 9.067080e-01 8.828000e-03 8.446400e-02
66 9.052120e-01 8.852000e-03 8.593600e-02
67 9.038520e-01 8.832000e-03 8.731600e-02
68 9.023480e-01 8.920000e-03 8.873200e-02
69 9.007720e-01 8.988000e-03 9.024000e-02
70 8.992080e-01 9.100000e-03 9.169200e-02
71 8.977640e-01 8.880000e-03 9.335600e-02
72 8.962640e-01 8.896000e-03 9.484000e-02
73 8.948440e-01 8.856000e-03 9.630000e-02
74 8.932560e-01 8.860000e-03 9.788400e-02
75 8.914720e-01 9.064000e-03 9.946400e-02
76 8.897240e-01 9.200000e-03 1.010760e-01
77 8.881280e-01 9.156000e-03 1.027160e-01
78 8.864240e-01 9.316000e-03 1.042600e-01
79 8.849320e-01 9.188000e-03 1.058800e-01
80 8.831720e-01 9.332000e-03 1.074960e-01
81 8.813760e-01 9.640000e-03 1.089840e-01
82 8.797400e-01 9.712000e-03 1.105480e-01
83 8.778600e-01 9.844000e-03 1.122960e-01
84 8.759360e-01 9.972000e-03 1.140920e-01
85 8.740800e-01 1.021200e-02 1.157080e-01
86 8.722640e-01 1.023600e-02 1.175000e-01
87 8.705360e-01 1.016000e-02 1.193040e-01
88 8.686920e-01 1.026400e-02 1.210440e-01
89 8.670280e-01 1.011200e-02 1.228600e-01
90 8.652400e-01 1.007200e-02 1.246880e-01
91 8.635440e-01 1.014400e-02 1.263120e-01
92 8.617280e-01 1.009600e-02 1.281760e-01
93 8.598800e-01 1.026400e-02 1.298560e-01
94 8.581480e-01 1.015600e-02 1.316960e-01
95 8.564800e-01 9.956000e-03 1.335640e-01
96 8.547360e-01 9.976000e-03 1.352880e-01
97 8.529720e-01 1.001200e-02 1.370160e-01
98 8.512960e-01 9.964000e-03 1.387400e-01
99 8.496080e-01 9.988000e-03 1.404040e-01
100 8.479520e-01 9.896000e-03 1.421520e-01
101 8.462760e-01 9.672000e-03 1.440520e-01
102 8.446400e-01 9.628000e-03 1.457320e-01
103 8.430800e-01 9.420000e-03 1.475000e-01
104 8.413640e-01 9.484000e-03 1.491520e-01
105 8.396040e-01 9.516000e-03 1.508800e-01
106 8.379120e-01 9.576000e-03 1.525120e-01
107 8.362040e-01 9.700000e-03 1.540960e-01
108 8.344160e-01 9.704000e-03 1.558800e-01
109 8.327320e-01 9.748000e-03 1.575200e-01
110 8.309400e-01 9.976000e-03 1.590840e-01
111 8.293200e-01 9.804000e-03 1.608760e-01
112 8.276240e-01 9.724000e-03 1.626520e-01
113 8.259840e-01 9.664000e-03 1.643520e-01
114 8.242760e-01 9.744000e-03 1.659800e-01
115 8.225520e-01 9.856000e-03 1.675920e-01
116 8.208440e-01 9.800000e-03 1.693560e-01
117 8.191360e-01 9.816000e-03 1.710480e-01
118 8.173800e-01 9.844000e-03 1.727760e-01
119 8.157280e-01 9.848000e-03 1.744240e-01
120 8.140520e-01 9.716000e-03 1.762320e-01
121 8.124960e-01 9.588000e-03 1.779160e-01
122 8.107360e-01 9.772000e-03 1.794920e-01
123 8.090480e-01 9.780000e-03 1.811720e-01
124 8.074040e-01 9.760000e-03 1.828360e-01
125 8.058000e-01 9.584000e-03 1.846160e-01
126 8.043120e-01 9.292000e-03 1.863960e-01
127 8.028200e-01 9.208000e-03 1.879720e-01
128 8.013160e-01 8.996000e-03 1.896880e-01
129 7.997440e-01 8.816000e-03 1.914400e-01
130 7.982560e-01 8.804000e-03 1.929400e-01
131 7.967680e-01 8.732000e-03 1.945000e-01
132 7.952920e-01 8.592000e-03 1.961160e-01
133 7.938960e-01 8.448000e-03 1.976560e-01
134 7.924680e-01 8.380000e-03 1.991520e-01
135 7.910120e-01 8.356000e-03 2.006320e-01
136 7.895840e-01 8.328000e-03 2.020880e-01
137 7.881240e-01 8.284000e-03 2.035920e-01
138 7.867280e-01 8.196000e-03 2.050760e-01
139 7.853960e-01 8.024000e-03 2.065800e-01
140 7.840240e-01 8.020000e-03 2.079560e-01
141 7.826520e-01 7.916000e-03 2.094320e-01
142 7.812280e-01 7.936000e-03 2.108360e-01
143 7.798320e-01 7.908000e-03 2.122600e-01
144 7.783840e-01 7.968000e-03 2.136480e-01
145 7.769720e-01 8.008000e-03 2.150200e-01
146 7.754640e-01 8.188000e-03 2.163480e-01
147 7.741600e-01 8.044000e-03 2.177960e-01
148 7.728880e-01 7.912000e-03 2.192000e-01
149 7.715120e-01 7.872000e-03 2.206160e-01
150 7.701280e-01 7.900000e-03 2.219720e-01
151 7.687440e-01 7.980000e-03 2.232760e-01
152 7.674520e-01 7.852000e-03 2.246960e-01
153 7.660440e-01 7.940000e-03 2.260160e-01
154 7.648040e-01 7.860000e-03 2.273360e-01
155 7.634200e-01 7.988000e-03 2.285920e-01
156 7.620800e-01 7.924000e-03 2.299960e-01
157 7.607360e-01 7.992000e-03 2.312720e-01
158 7.596040e-01 7.864000e-03 2.325320e-01
159 7.585280e-01 7.592000e-03 2.338800e-01
160 7.575280e-01 7.264000e-03 2.352080e-01
161 7.564880e-01 6.964000e-03 2.365480e-01
162 7.554040e-01 6.804000e-03 2.377920e-01
163 7.543640e-01 6.568000e-03 2.390680e-01
164 7.532000e-01 6.624000e-03 2.401760e-01
165 7.520960e-01 6.536000e-03 2.413680e-01
166 7.511400e-01 6.444000e-03 2.424160e-01
167 7.501560e-01 6.320000e-03 2.435240e-01
168 7.491880e-01 6.224000e-03 2.445880e-01
169 7.481440e-01 6.200000e-03 2.456560e-01
170 7.471120e-01 6.104000e-03 2.467840e-01
171 7.462040e-01 6.036000e-03 2.477600e-01
172 7.451840e-01 5.944000e-03 2.488720e-01
173 7.441680e-01 5.984000e-03 2.498480e-01
174 7.430800e-01 5.928000e-03 2.509920e-01
175 7.419720e-01 5.976000e-03 2.520520e-01
176 7.409080e-01 5.912000e-03 2.531800e-01
177 7.398360e-01 5.984000e-03 2.541800e-01
178 7.390520e-01 5.740000e-03 2.552080e-01
179 7.381080e-01 5.604000e-03 2.562880e-01
180 7.371920e-01 5.472000e-03 2.573360e-01
181 7.363120e-01 5.468000e-03 2.582200e-01
182 7.353600e-01 5.432000e-03 2.592080e-01
183 7.345960e-01 5.116000e-03 2.602880e-01
184 7.337640e-01 5.128000e-03 2.611080e-01
185 7.329760e-01 5.028000e-03 2.619960e-01
186 7.321720e-01 4.980000e-03 2.628480e-01
187 7.314200e-01 4.860000e-03 2.637200e-01
188 7.306080e-01 4.768000e-03 2.646240e-01
189 7.298360e-01 4.696000e-03 2.654680e-01
190 7.289000e-01 4.644000e-03 2.664560e-01
191 7.281400e-01 4.576000e-03 2.672840e-01
192 7.272120e-01 4.700000e-03 2.680880e-01
193 7.262840e-01 4.780000e-03 2.689360e-01
194 7.253440e-01 4.928000e-03 2.697280e-01
195 7.244400e-01 5.004000e-03 2.705560e-01
196 7.234960e-01 4.968000e-03 2.715360e-01
197 7.227160e-01 5.004000e-03 2.722800e-01
198 7.218640e-01 4.884000e-03 2.732520e-01
199 7.211440e-01 4.708000e-03 2.741480e-01
200 7.204720e-01 4.556000e-03 2.749720e-01
201 7.197600e-01 4.412000e-03 2.758280e-01
202 7.189800e-01 4.480000e-03 2.765400e-01
203 7.183240e-01 4.404000e-03 2.772720e-01
204 7.175640e-01 4.468000e-03 2.779680e-01
205 7.168760e-01 4.376000e-03 2.787480e-01
206 7.161320e-01 4.280000e-03 2.795880e-01
207 7.153800e-01 4.292000e-03 2.803280e-01
208 7.146440e-01 4.308000e-03 2.810480e-01
209 7.139320e-01 4.176000e-03 2.818920e-01
210 7.132760e-01 4.040000e-03 2.826840e-01
211 7.125360e-01 4.076000e-03 2.833880e-01
212 7.118760e-01 4.080000e-03 2.840440e-01
213 7.112160e-01 4.088000e-03 2.846960e-01
214 7.104640e-01 4.096000e-03 2.854400e-01
215 7.098880e-01 3.996000e-03 2.861160e-01
216 7.092680e-01 3.876000e-03 2.868560e-01
217 7.085800e-01 3.840000e-03 2.875800e-01
218 7.079520e-01 3.808000e-03 2.882400e-01
219 7.073880e-01 3.704000e-03 2.889080e-01
220 7.068120e-01 3.548000e-03 2.896400e-01
221 7.062280e-01 3.504000e-03 2.902680e-01
222 7.055280e-01 3.600000e-03 2.908720e-01
223 7.048640e-01 3.568000e-03 2.915680e-01
224 7.043440e-01 3.400000e-03 2.922560e-01
225 7.037800e-01 3.344000e-03 2.928760e-01
226 7.032000e-01 3.360000e-03 2.934400e-01
227 7.025680e-01 3.380000e-03 2.940520e-01
228 7.020760e-01 3.304000e-03 2.946200e-01
229 7.015680e-01 3.268000e-03 2.951640e-01
230 7.011280e-01 3.168000e-03 2.957040e-01
231 7.005800e-01 3.192000e-03 2.962280e-01
232 7.001400e-01 3.100000e-03 2.967600e-01
233 6.996520e-01 3.032000e-03 2.973160e-01
234 6.992120e-01 2.920000e-03 2.978680e-01
235 6.987000e-01 2.884000e-03 2.984160e-01
236 6.982360e-01 2.800000e-03 2.989640e-01
237 6.978520e-01 2.652000e-03 2.994960e-01
238 6.973680e-01 2.680000e-03 2.999520e-01
239 6.968040e-01 2.748000e-03 3.004480e-01
240 6.963680e-01 2.660000e-03 3.009720e-01
241 6.958800e-01 2.684000e-03 3.014360e-01
242 6.954480e-01 2.648000e-03 3.019040e-01
243 6.949040e-01 2.712000e-03 3.023840e-01
244 6.944080e-01 2.704000e-03 3.028880e-01
245 6.939600e-01 2.700000e-03 3.033400e-01
246 6.935040e-01 2.680000e-03 3.038160e-01
247 6.930800e-01 2.624000e-03 3.042960e-01
248 6.926400e-01 2.608000e-03 3.047520e-01
249 6.922200e-01 2.572000e-03 3.052080e-01
250 6.918440e-01 2.492000e-03 3.056640e-01
251 6.914760e-01 2.388000e-03 3.061360e-01
252 6.911440e-01 2.304000e-03 3.065520e-01
253 6.907840e-01 2.204000e-03 3.070120e-01
254 6.903960e-01 2.200000e-03 3.074040e-01
255 6.900360e-01 2.132000e-03 3.078320e-01
256 6.895840e-01 2.228000e-03 3.081880e-01
257 6.891720e-01 2.248000e-03 3.085800e-01
258 6.887920e-01 2.264000e-03 3.089440e-01
259 6.883960e-01 2.268000e-03 3.093360e-01
260 6.880600e-01 2.276000e-03 3.096640e-01
261 6.876400e-01 2.300000e-03 3.100600e-01
262 6.872480e-01 2.272000e-03 3.104800e-01
263 6.868960e-01 2.212000e-03 3.108920e-01
264 6.865880e-01 2.120000e-03 3.112920e-01
265 6.862440e-01 2.100000e-03 3.116560e-01
266 6.860000e-01 1.936000e-03 3.120640e-01
267 6.857120e-01 1.912000e-03 3.123760e-01
268 6.854200e-01 1.936000e-03 3.126440e-01
269 6.851360e-01 1.872000e-03 3.129920e-01
270 6.848600e-01 1.852000e-03 3.132880e-01
271 6.845040e-01 1.900000e-03 3.135960e-01
272 6.842440e-01 1.820000e-03 3.139360e-01
273 6.839560e-01 1.796000e-03 3.142480e-01
274 6.836600e-01 1.788000e-03 3.145520e-01
275 6.834040e-01 1.732000e-03 3.148640e-01
276 6.831320e-01 1.752000e-03 3.151160e-01
277 6.828200e-01 1.764000e-03 3.154160e-01
278 6.825400e-01 1.708000e-03 3.157520e-01
279 6.822560e-01 1.684000e-03 3.160600e-01
280 6.819880e-01 1.672000e-03 3.163400e-01
281 6.817400e-01 1.592000e-03 3.166680e-01
282 6.814560e-01 1.592000e-03 3.169520e-01
283 6.812400e-01 1.552000e-03 3.172080e-01
284 6.809680e-01 1.540000e-03 3.174920e-01
285 6.807400e-01 1.508000e-03 3.177520e-01
286 6.805200e-01 1.476000e-03 3.180040e-01
287 6.802920e-01 1.416000e-03 3.182920e-01
288 6.800360e-01 1.404000e-03 3.185600e-01
289 6.798240e-01 1.356000e-03 3.188200e-01
290 6.795600e-01 1.396000e-03 3.190440e-01
291 6.792880e-01 1.416000e-03 3.192960e-01
292 6.789960e-01 1.456000e-03 3.195480e-01
293 6.787120e-01 1.444000e-03 3.198440e-01
294 6.784200e-01 1.472000e-03 3.201080e-01
295 6.781680e-01 1.460000e-03 3.203720e-01
296 6.778720e-01 1.556000e-03 3.205720e-01
297 6.776640e-01 1.480000e-03 3.208560e-01
298 6.774200e-01 1.468000e-03 3.211120e-01
299 6.771000e-01 1.472000e-03 3.214280e-01
300 6.767800e-01 1.488000e-03 3.217320e-01
301 6.764920e-01 1.504000e-03 3.220040e-01
302 6.762760e-01 1.456000e-03 3.222680e-01
303 6.759800e-01 1.532000e-03 3.224880e-01
304 6.757160e-01 1.540000e-03 3.227440e-01
305 6.754440e-01 1.508000e-03 3.230480e-01
306 6.751640e-01 1.492000e-03 3.233440e-01
307 6.748120e-01 1.524000e-03 3.236640e-01
308 6.745160e-01 1.560000e-03 3.239240e-01
309 6.742800e-01 1.512000e-03 3.242080e-01
310 6.740040e-01 1.572000e-03 3.244240e-01
311 6.737000e-01 1.532000e-03 3.247680e-01
312 6.734400e-01 1.472000e-03 3.250880e-01
313 6.731960e-01 1.456000e-03 3.253480e-01
314 6.729320e-01 1.428000e-03 3.256400e-01
315 6.726960e-01 1.428000e-03 3.258760e-01
316 6.724160e-01 1.448000e-03 3.261360e-01
317 6.721480e-01 1.520000e-03 3.263320e-01
318 6.718880e-01 1.496000e-03 3.266160e-01
319 6.715640e-01 1.516000e-03 3.269200e-01
320 6.713000e-01 1.496000e-03 3.272040e-01
321 6.710880e-01 1.412000e-03 3.275000e-01
322 6.708320e-01 1.404000e-03 3.277640e-01
323 6.705400e-01 1.396000e-03 3.280640e-01
324 6.702760e-01 1.388000e-03 3.283360e-01
325 6.699920e-01 1.480000e-03 3.285280e-01
326 6.696880e-01 1.528000e-03 3.287840e-01
327 6.694240e-01 1.592000e-03 3.289840e-01
328 6.691360e-01 1.608000e-03 3.292560e-01
329 6.687680e-01 1.604000e-03 3.296280e-01
330 6.684960e-01 1.616000e-03 3.298880e-01
331 6.681520e-01 1.664000e-03 3.301840e-01
332 6.678400e-01 1.696000e-03 3.304640e-01
333 6.675320e-01 1.732000e-03 3.307360e-01
334 6.672160e-01 1.740000e-03 3.310440e-01
335 6.669280e-01 1.744000e-03 3.313280e-01
336 6.667120e-01 1.660000e-03 3.316280e-01
337 6.664440e-01 1.592000e-03 3.319640e-01
338 6.661920e-01 1.596000e-03 3.322120e-01
339 6.659480e-01 1.572000e-03 3.324800e-01
340 6.656840e-01 1.564000e-03 3.327520e-01
341 6.653440e-01 1.668000e-03 3.329880e-01
342 6.649600e-01 1.744000e-03 3.332960e-01
343 6.646480e-01 1.744000e-03 3.336080e-01
344 6.643480e-01 1.836000e-03 3.338160e-01
345 6.640720e-01 1.800000e-03 3.341280e-01
346 6.637160e-01 1.792000e-03 3.344920e-01
347 6.634040e-01 1.812000e-03 3.347840e-01
348 6.630600e-01 1.824000e-03 3.351160e-01
349 6.626760e-01 1.904000e-03 3.354200e-01
350 6.623480e-01 1.864000e-03 3.357880e-01
351 6.619880e-01 1.868000e-03 3.361440e-01
352 6.616080e-01 1.936000e-03 3.364560e-01
353 6.612600e-01 1.864000e-03 3.368760e-01
354 6.609360e-01 1.844000e-03 3.372200e-01
355 6.605240e-01 1.956000e-03 3.375200e-01
356 6.601760e-01 1.908000e-03 3.379160e-01
357 6.598520e-01 1.904000e-03 3.382440e-01
358 6.595760e-01 1.856000e-03 3.385680e-01
359 6.592720e-01 1.820000e-03 3.389080e-01
360 6.590000e-01 1.784000e-03 3.392160e-01
361 6.587040e-01 1.824000e-03 3.394720e-01
362 6.585160e-01 1.660000e-03 3.398240e-01
363 6.582640e-01 1.612000e-03 3.401240e-01
364 6.579800e-01 1.656000e-03 3.403640e-01
365 6.576360e-01 1.672000e-03 3.406920e-01
366 6.573000e-01 1.716000e-03 3.409840e-01
367 6.569960e-01 1.760000e-03 3.412440e-01
368 6.568000e-01 1.648000e-03 3.415520e-01
369 6.566000e-01 1.564000e-03 3.418360e-01
370 6.563440e-01 1.548000e-03 3.421080e-01
371 6.561160e-01 1.480000e-03 3.424040e-01
372 6.559080e-01 1.492000e-03 3.426000e-01
373 6.556800e-01 1.464000e-03 3.428560e-01
374 6.555200e-01 1.384000e-03 3.430960e-01
375 6.553080e-01 1.372000e-03 3.433200e-01
376 6.551200e-01 1.276000e-03 3.436040e-01
377 6.549840e-01 1.216000e-03 3.438000e-01
378 6.548480e-01 1.172000e-03 3.439800e-01
379 6.546920e-01 1.152000e-03 3.441560e-01
380 6.545800e-01 1.116000e-03 3.443040e-01
381 6.544560e-01 1.044000e-03 3.445000e-01
382 6.542880e-01 1.032000e-03 3.446800e-01
383 6.541800e-01 9.800000e-04 3.448400e-01
384 6.540480e-01 9.440000e-04 3.450080e-01
385 6.539080e-01 9.040000e-04 3.451880e-01
386 6.537480e-01 8.880000e-04 3.453640e-01
387 6.535360e-01 9.200000e-04 3.455440e-01
388 6.533520e-01 9.480000e-04 3.457000e-01
389 6.531880e-01 9.040000e-04 3.459080e-01
390 6.529960e-01 9.520000e-04 3.460520e-01
391 6.528840e-01 9.320000e-04 3.461840e-01
392 6.527440e-01 9.080000e-04 3.463480e-01
393 6.526240e-01 8.640000e-04 3.465120e-01
394 6.524920e-01 8.520000e-04 3.466560e-01
395 6.523800e-01 8.160000e-04 3.468040e-01
396 6.522880e-01 7.960000e-04 3.469160e-01
397 6.521840e-01 7.160000e-04 3.471000e-01
398 6.520080e-01 7.640000e-04 3.472280e-01
399 6.518600e-01 7.680000e-04 3.473720e-01
400 6.516840e-01 8.440000e-04 3.474720e-01
401 6.515280e-01 8.440000e-04 3.476280e-01
402 6.513480e-01 9.200000e-04 3.477320e-01
403 6.511480e-01 9.480000e-04 3.479040e-01
404 6.509280e-01 9.800000e-04 3.480920e-01
405 6.506960e-01 1.040000e-03 3.482640e-01
406 6.504680e-01 1.100000e-03 3.484320e-01
407 6.502400e-01 1.088000e-03 3.486720e-01
408 6.499800e-01 1.204000e-03 3.488160e-01
409 6.498000e-01 1.172000e-03 3.490280e-01
410 6.495640e-01 1.184000e-03 3.492520e-01
411 6.493600e-01 1.148000e-03 3.494920e-01
412 6.491600e-01 1.132000e-03 3.497080e-01
413 6.489680e-01 1.128000e-03 3.499040e-01
414 6.488240e-01 1.092000e-03 3.500840e-01
415 6.486680e-01 1.032000e-03 3.503000e-01
416 6.484880e-01 1.004000e-03 3.505080e-01
417 6.483440e-01 9.680000e-04 3.506880e-01
418 6.481560e-01 1.000000e-03 3.508440e-01
419 6.480040e-01 1.004000e-03 3.509920e-01
420 6.478240e-01 1.000000e-03 3.511760e-01
421 6.477040e-01 9.240000e-04 3.513720e-01
422 6.475400e-01 8.760000e-04 3.515840e-01
423 6.474240e-01 8.440000e-04 3.517320e-01
424 6.472920e-01 8.040000e-04 3.519040e-01
425 6.470800e-01 9.200000e-04 3.520000e-01
426 6.468760e-01 9.760000e-04 3.521480e-01
427 6.466800e-01 1.016000e-03 3.523040e-01
428 6.465240e-01 1.024000e-03 3.524520e-01
429 6.464120e-01 9.640000e-04 3.526240e-01
430 6.462600e-01 9.480000e-04 3.527920e-01
431 6.460640e-01 9.600000e-04 3.529760e-01
432 6.458840e-01 9.800000e-04 3.531360e-01
433 6.456200e-01 1.028000e-03 3.533520e-01
434 6.454440e-01 1.016000e-03 3.535400e-01
435 6.452400e-01 1.028000e-03 3.537320e-01
436 6.451120e-01 9.920000e-04 3.538960e-01
437 6.450000e-01 9.360000e-04 3.540640e-01
438 6.448600e-01 9.360000e-04 3.542040e-01
439 6.446520e-01 9.960000e-04 3.543520e-01
440 6.445240e-01 9.200000e-04 3.545560e-01
441 6.443880e-01 8.840000e-04 3.547280e-01
442 6.442840e-01 8.040000e-04 3.549120e-01
443 6.441280e-01 8.440000e-04 3.550280e-01
444 6.440080e-01 8.000000e-04 3.551920e-01
445 6.438680e-01 8.000000e-04 3.553320e-01
446 6.437280e-01 8.080000e-04 3.554640e-01
447 6.436040e-01 8.080000e-04 3.555880e-01
448 6.434600e-01 8.120000e-04 3.557280e-01
449 6.433120e-01 8.320000e-04 3.558560e-01
450 6.431840e-01 8.040000e-04 3.560120e-01
451 6.430200e-01 8.520000e-04 3.561280e-01
452 6.428080e-01 9.280000e-04 3.562640e-01
453 6.426120e-01 9.240000e-04 3.564640e-01
454 6.423480e-01 1.016000e-03 3.566360e-01
455 6.420960e-01 1.036000e-03 3.568680e-01
456 6.418600e-01 1.104000e-03 3.570360e-01
457 6.416520e-01 1.108000e-03 3.572400e-01
458 6.413640e-01 1.212000e-03 3.574240e-01
459 6.411240e-01 1.236000e-03 3.576400e-01
460 6.409320e-01 1.196000e-03 3.578720e-01
461 6.407240e-01 1.176000e-03 3.581000e-01
462 6.404680e-01 1.208000e-03 3.583240e-01
463 6.402160e-01 1.264000e-03 3.585200e-01
464 6.399640e-01 1.292000e-03 3.587440e-01
465 6.397960e-01 1.244000e-03 3.589600e-01
466 6.395280e-01 1.340000e-03 3.591320e-01
467 6.393320e-01 1.236000e-03 3.594320e-01
468 6.390680e-01 1.304000e-03 3.596280e-01
469 6.388480e-01 1.312000e-03 3.598400e-01
470 6.386320e-01 1.296000e-03 3.600720e-01
471 6.383720e-01 1.252000e-03 3.603760e-01
472 6.381800e-01 1.184000e-03 3.606360e-01
473 6.380000e-01 1.160000e-03 3.608400e-01
474 6.377720e-01 1.208000e-03 3.610200e-01
475 6.375680e-01 1.196000e-03 3.612360e-01
476 6.373560e-01 1.200000e-03 3.614440e-01
477 6.371680e-01 1.180000e-03 3.616520e-01
478 6.370000e-01 1.164000e-03 3.618360e-01
479 6.368560e-01 1.136000e-03 3.620080e-01
480 6.366640e-01 1.176000e-03 3.621600e-01
481 6.364400e-01 1.160000e-03 3.624000e-01
482 6.362360e-01 1.152000e-03 3.626120e-01
483 6.360440e-01 1.144000e-03 3.628120e-01
484 6.358600e-01 1.084000e-03 3.630560e-01
485 6.356880e-01 1.064000e-03 3.632480e-01
486 6.355120e-01 1.052000e-03 3.634360e-01
487 6.353520e-01 1.040000e-03 3.636080e-01
488 6.351960e-01 1.052000e-03 3.637520e-01
489 6.350040e-01 1.072000e-03 3.639240e-01
490 6.348240e-01 1.088000e-03 3.640880e-01
491 6.346760e-01 1.048000e-03 3.642760e-01
492 6.344640e-01 1.088000e-03 3.644480e-01
493 6.342800e-01 1.076000e-03 3.646440e-01
494 6.341040e-01 1.020000e-03 3.648760e-01
495 6.339320e-01 1.008000e-03 3.650600e-01
496 6.338240e-01 9.280000e-04 3.652480e-01
497 6.336800e-01 8.920000e-04 3.654280e-01
498 6.335720e-01 7.920000e-04 3.656360e-01
499 6.333960e-01 8.240000e-04 3.657800e-01
500 6.332880e-01 7.800000e-04 3.659320e-01
