1 9.991920e-01 7.120000e-04 9.600000e-05
2 9.986160e-01 1.148000e-03 2.360000e-04
3 9.980080e-01 1.572000e-03 4.200000e-04
4 9.972640e-01 2.016000e-03 7.200000e-04
5 9.963680e-01 2.552000e-03 1.080000e-03
6 9.953600e-01 3.032000e-03 1.608000e-03
7 9.944200e-01 3.360000e-03 2.220000e-03
8 9.934040e-01 3.792000e-03 2.804000e-03
9 9.923400e-01 4.176000e-03 3.484000e-03
10 9.913080e-01 4.424000e-03 4.268000e-03
11 9.902120e-01 4.688000e-03 5.100000e-03
12 9.891000e-01 5.008000e-03 5.892000e-03
13 9.878760e-01 5.288000e-03 6.836000e-03
14 9.866240e-01 5.528000e-03 7.848000e-03
15 9.853640e-01 5.716000e-03 8.920000e-03
16 9.841920e-01 5.944000e-03 9.864000e-03
17 9.829880e-01 6.116000e-03 1.089600e-02
18 9.817720e-01 6.160000e-03 1.206800e-02
19 9.804520e-01 6.416000e-03 1.313200e-02
20 9.792000e-01 6.484000e-03 1.431600e-02
21 9.780240e-01 6.464000e-03 1.551200e-02
22 9.767800e-01 6.644000e-03 1.657600e-02
23 9.751600e-01 7.068000e-03 1.777200e-02
24 9.738360e-01 7.104000e-03 1.906000e-02
25 9.723280e-01 7.324000e-03 2.034800e-02
26 9.709720e-01 7.256000e-03 2.177200e-02
27 9.694840e-01 7.468000e-03 2.304800e-02
28 9.679080e-01 7.812000e-03 2.428000e-02
29 9.664040e-01 7.864000e-03 2.573200e-02
30 9.649080e-01 7.840000e-03 2.725200e-02
31 9.633120e-01 8.036000e-03 2.865200e-02
32 9.617360e-01 8.172000e-03 3.009200e-02
33 9.601040e-01 8.436000e-03 3.146000e-02
34 9.584320e-01 8.652000e-03 3.291600e-02
35 9.568320e-01 8.752000e-03 3.441600e-02
36 9.552680e-01 8.788000e-03 3.594400e-02
37 9.537400e-01 8.744000e-03 3.751600e-02
38 9.521880e-01 8.732000e-03 3.908000e-02
39 9.504560e-01 8.932000e-03 4.061200e-02
40 9.488000e-01 8.988000e-03 4.221200e-02
41 9.472640e-01 8.844000e-03 4.389200e-02
42 9.454920e-01 9.012000e-03 4.549600e-02
43 9.438320e-01 8.996000e-03 4.717200e-02
44 9.422280e-01 9.084000e-03 4.868800e-02
45 9.405160e-01 9.244000e-03 5.024000e-02
46 9.386920e-01 9.348000e-03 5.196000e-02
47 9.369800e-01 9.352000e-03 5.366800e-02
48 9.351960e-01 9.484000e-03 5.532000e-02
49 9.335240e-01 9.472000e-03 5.700400e-02
50 9.317520e-01 9.484000e-03 5.876400e-02
51 9.298920e-01 9.784000e-03 6.032400e-02
52 9.282040e-01 9.876000e-03 6.192000e-02
53 9.262480e-01 1.014000e-02 6.361200e-02
54 9.242960e-01 1.030000e-02 6.540400e-02
55 9.222680e-01 1.053600e-02 6.719600e-02
56 9.202920e-01 1.073200e-02 6.897600e-02
57 9.184120e-01 1.066800e-02 7.092000e-02
58 9.165960e-01 1.062800e-02 7.277600e-02
59 9.148640e-01 1.050000e-02 7.463600e-02
60 9.129240e-01 1.062000e-02 7.645600e-02
61 9.111240e-01 1.054400e-02 7.833200e-02
62 9.093120e-01 1.043600e-02 8.025200e-02
63 9.075960e-01 1.032000e-02 8.208400e-02
64 9.058480e-01 1.010400e-02 8.404800e-02
65 9.042040e-01 9.972000e-03 8.582400e-02
66 9.024200e-01 1.016400e-02 8.741600e-02
67 9.007320e-01 1.012000e-02 8.914800e-02
68 8.991880e-01 9.936000e-03 9.087600e-02
69 8.974920e-01 9.912000e-03 9.259600e-02
70 8.959880e-01 9.580000e-03 9.443200e-02
71 8.943280e-01 9.736000e-03 9.593600e-02
72 8.927160e-01 9.720000e-03 9.756400e-02
73 8.909880e-01 9.840000e-03 9.917200e-02
74 8.893840e-01 9.672000e-03 1.009440e-01
75 8.876920e-01 9.636000e-03 1.026720e-01
76 8.862440e-01 9.480000e-03 1.042760e-01
77 8.846760e-01 9.356000e-03 1.059680e-01
78 8.830560e-01 9.488000e-03 1.074560e-01
79 8.815320e-01 9.184000e-03 1.092840e-01
80 8.801000e-01 8.980000e-03 1.109200e-01
81 8.784440e-01 9.080000e-03 1.124760e-01
82 8.768200e-01 9.052000e-03 1.141280e-01
83 8.751240e-01 9.104000e-03 1.157720e-01
84 8.736440e-01 8.988000e-03 1.173680e-01
85 8.720360e-01 8.972000e-03 1.189920e-01
86 8.704560e-01 8.920000e-03 1.206240e-01
87 8.688360e-01 8.976000e-03 1.221880e-01
88 8.672160e-01 8.996000e-03 1.237880e-01
89 8.656840e-01 9.032000e-03 1.252840e-01
90 8.641680e-01 9.032000e-03 1.268000e-01
91 8.625520e-01 9.152000e-03 1.282960e-01
92 8.609000e-01 9.184000e-03 1.299160e-01
93 8.592440e-01 9.192000e-03 1.315640e-01
94 8.576680e-01 9.044000e-03 1.332880e-01
95 8.560400e-01 9.052000e-03 1.349080e-01
96 8.546040e-01 8.824000e-03 1.365720e-01
97 8.529440e-01 8.964000e-03 1.380920e-01
98 8.513240e-01 9.068000e-03 1.396080e-01
99 8.496840e-01 9.048000e-03 1.412680e-01
100 8.481440e-01 9.048000e-03 1.428080e-01
101 8.465520e-01 9.164000e-03 1.442840e-01
102 8.450640e-01 9.040000e-03 1.458960e-01
103 8.436440e-01 8.792000e-03 1.475640e-01
104 8.422720e-01 8.660000e-03 1.490680e-01
105 8.406320e-01 8.836000e-03 1.505320e-01
106 8.390920e-01 8.856000e-03 1.520520e-01
107 8.377240e-01 8.592000e-03 1.536840e-01
108 8.363000e-01 8.588000e-03 1.551120e-01
109 8.349360e-01 8.460000e-03 1.566040e-01
110 8.336840e-01 8.296000e-03 1.580200e-01
111 8.322120e-01 8.352000e-03 1.594360e-01
112 8.307600e-01 8.392000e-03 1.608480e-01
113 8.290840e-01 8.516000e-03 1.624000e-01
114 8.276960e-01 8.384000e-03 1.639200e-01
115 8.262920e-01 8.320000e-03 1.653880e-01
116 8.247640e-01 8.484000e-03 1.667520e-01
117 8.231800e-01 8.596000e-03 1.682240e-01
118 8.216680e-01 8.624000e-03 1.697080e-01
119 8.201000e-01 8.760000e-03 1.711400e-01
120 8.186600e-01 8.672000e-03 1.726680e-01
121 8.173080e-01 8.580000e-03 1.741120e-01
122 8.158240e-01 8.460000e-03 1.757160e-01
123 8.143960e-01 8.288000e-03 1.773160e-01
124 8.129920e-01 8.200000e-03 1.788080e-01
125 8.115520e-01 8.120000e-03 1.803280e-01
126 8.102320e-01 8.040000e-03 1.817280e-01
127 8.088200e-01 8.072000e-03 1.831080e-01
128 8.074120e-01 8.076000e-03 1.845120e-01
129 8.060120e-01 8.136000e-03 1.858520e-01
130 8.045840e-01 8.200000e-03 1.872160e-01
131 8.033680e-01 7.916000e-03 1.887160e-01
132 8.020800e-01 7.700000e-03 1.902200e-01
133 8.007720e-01 7.760000e-03 1.914680e-01
134 7.994960e-01 7.660000e-03 1.928440e-01
135 7.980800e-01 7.704000e-03 1.942160e-01
136 7.967400e-01 7.732000e-03 1.955280e-01
137 7.953240e-01 7.788000e-03 1.968880e-01
138 7.940200e-01 7.716000e-03 1.982640e-01
139 7.924520e-01 7.868000e-03 1.996800e-01
140 7.910160e-01 7.968000e-03 2.010160e-01
141 7.895400e-01 8.068000e-03 2.023920e-01
142 7.880720e-01 8.088000e-03 2.038400e-01
143 7.867040e-01 8.068000e-03 2.052280e-01
144 7.851960e-01 8.164000e-03 2.066400e-01
145 7.835680e-01 8.368000e-03 2.080640e-01
146 7.822600e-01 8.164000e-03 2.095760e-01
147 7.806480e-01 8.436000e-03 2.109160e-01
148 7.793320e-01 8.288000e-03 2.123800e-01
149 7.779640e-01 8.212000e-03 2.138240e-01
150 7.766360e-01 8.112000e-03 2.152520e-01
151 7.753000e-01 8.076000e-03 2.166240e-01
152 7.740760e-01 7.828000e-03 2.180960e-01
153 7.729160e-01 7.628000e-03 2.194560e-01
154 7.717360e-01 7.592000e-03 2.206720e-01
155 7.706280e-01 7.428000e-03 2.219440e-01
156 7.693840e-01 7.440000e-03 2.231760e-01
157 7.682720e-01 7.276000e-03 2.244520e-01
158 7.670040e-01 7.192000e-03 2.258040e-01
159 7.657520e-01 7.216000e-03 2.270320e-01
160 7.645240e-01 7.188000e-03 2.282880e-01
161 7.633080e-01 7.116000e-03 2.295760e-01
162 7.621400e-01 7.040000e-03 2.308200e-01
163 7.609120e-01 6.952000e-03 2.321360e-01
164 7.597000e-01 6.976000e-03 2.333240e-01
165 7.584560e-01 7.060000e-03 2.344840e-01
166 7.572960e-01 6.968000e-03 2.357360e-01
167 7.560920e-01 7.056000e-03 2.368520e-01
168 7.548920e-01 7.008000e-03 2.381000e-01
169 7.534760e-01 7.076000e-03 2.394480e-01
170 7.522200e-01 7.080000e-03 2.407000e-01
171 7.509120e-01 7.132000e-03 2.419560e-01
172 7.495880e-01 7.232000e-03 2.431800e-01
173 7.481640e-01 7.296000e-03 2.445400e-01
174 7.468520e-01 7.304000e-03 2.458440e-01
175 7.455360e-01 7.308000e-03 2.471560e-01
176 7.444160e-01 7.156000e-03 2.484280e-01
177 7.430040e-01 7.336000e-03 2.496600e-01
178 7.416880e-01 7.240000e-03 2.510720e-01
179 7.404040e-01 7.180000e-03 2.524160e-01
180 7.391680e-01 7.136000e-03 2.536960e-01
181 7.380280e-01 7.000000e-03 2.549720e-01
182 7.369080e-01 6.944000e-03 2.561480e-01
183 7.358840e-01 6.820000e-03 2.572960e-01
184 7.347160e-01 6.808000e-03 2.584760e-01
185 7.335640e-01 6.820000e-03 2.596160e-01
186 7.325120e-01 6.560000e-03 2.609280e-01
187 7.314120e-01 6.468000e-03 2.621200e-01
188 7.302720e-01 6.532000e-03 2.631960e-01
189 7.291440e-01 6.560000e-03 2.642960e-01
190 7.278920e-01 6.760000e-03 2.653480e-01
191 7.267560e-01 6.624000e-03 2.666200e-01
192 7.257080e-01 6.504000e-03 2.677880e-01
193 7.246320e-01 6.308000e-03 2.690600e-01
194 7.235520e-01 6.204000e-03 2.702440e-01
195 7.224800e-01 6.276000e-03 2.712440e-01
196 7.213320e-01 6.200000e-03 2.724680e-01
197 7.203600e-01 6.036000e-03 2.736040e-01
198 7.194000e-01 5.896000e-03 2.747040e-01
199 7.183400e-01 5.888000e-03 2.757720e-01
200 7.172080e-01 6.008000e-03 2.767840e-01
201 7.161240e-01 6.152000e-03 2.777240e-01
202 7.151280e-01 6.076000e-03 2.787960e-01
203 7.140720e-01 6.056000e-03 2.798720e-01
204 7.129680e-01 6.104000e-03 2.809280e-01
205 7.120240e-01 5.860000e-03 2.821160e-01
206 7.110560e-01 5.788000e-03 2.831560e-01
207 7.100680e-01 5.716000e-03 2.842160e-01
208 7.092560e-01 5.468000e-03 2.852760e-01
209 7.083920e-01 5.432000e-03 2.861760e-01
210 7.074480e-01 5.356000e-03 2.871960e-01
211 7.064760e-01 5.340000e-03 2.881840e-01
212 7.054760e-01 5.444000e-03 2.890800e-01
213 7.044560e-01 5.528000e-03 2.900160e-01
214 7.035280e-01 5.476000e-03 2.909960e-01
215 7.025720e-01 5.424000e-03 2.920040e-01
216 7.016560e-01 5.404000e-03 2.929400e-01
217 7.007600e-01 5.320000e-03 2.939200e-01
218 6.998360e-01 5.248000e-03 2.949160e-01
219 6.989280e-01 5.268000e-03 2.958040e-01
220 6.980880e-01 5.108000e-03 2.968040e-01
221 6.971240e-01 5.216000e-03 2.976600e-01
222 6.962640e-01 5.212000e-03 2.985240e-01
223 6.952920e-01 5.216000e-03 2.994920e-01
224 6.943680e-01 5.232000e-03 3.004000e-01
225 6.936120e-01 5.124000e-03 3.012640e-01
226 6.927040e-01 5.096000e-03 3.022000e-01
227 6.918440e-01 5.156000e-03 3.030000e-01
228 6.909440e-01 5.200000e-03 3.038560e-01
229 6.900080e-01 5.272000e-03 3.047200e-01
230 6.891120e-01 5.252000e-03 3.056360e-01
231 6.881240e-01 5.224000e-03 3.066520e-01
232 6.872120e-01 5.276000e-03 3.075120e-01
233 6.862800e-01 5.268000e-03 3.084520e-01
234 6.853320e-01 5.276000e-03 3.093920e-01
235 6.842680e-01 5.388000e-03 3.103440e-01
236 6.834440e-01 5.284000e-03 3.112720e-01
237 6.824440e-01 5.352000e-03 3.122040e-01
238 6.815560e-01 5.348000e-03 3.130960e-01
239 6.807920e-01 5.172000e-03 3.140360e-01
240 6.799560e-01 5.188000e-03 3.148560e-01
241 6.791880e-01 5.080000e-03 3.157320e-01
242 6.784080e-01 4.960000e-03 3.166320e-01
243 6.775440e-01 5.016000e-03 3.174400e-01
244 6.766960e-01 4.936000e-03 3.183680e-01
245 6.756640e-01 5.056000e-03 3.192800e-01
246 6.746680e-01 5.216000e-03 3.201160e-01
247 6.737040e-01 5.292000e-03 3.210040e-01
248 6.727920e-01 5.420000e-03 3.217880e-01
249 6.719320e-01 5.304000e-03 3.227640e-01
250 6.709840e-01 5.316000e-03 3.237000e-01
251 6.701400e-01 5.312000e-03 3.245480e-01
252 6.693560e-01 5.168000e-03 3.254760e-01
253 6.687040e-01 4.884000e-03 3.264120e-01
254 6.678640e-01 4.960000e-03 3.271760e-01
255 6.670720e-01 4.888000e-03 3.280400e-01
256 6.662240e-01 4.796000e-03 3.289800e-01
257 6.654880e-01 4.644000e-03 3.298680e-01
258 6.647640e-01 4.516000e-03 3.307200e-01
259 6.640320e-01 4.476000e-03 3.314920e-01
260 6.633840e-01 4.256000e-03 3.323600e-01
261 6.626320e-01 4.252000e-03 3.331160e-01
262 6.619000e-01 4.204000e-03 3.338960e-01
263 6.610680e-01 4.256000e-03 3.346760e-01
264 6.603160e-01 4.280000e-03 3.354040e-01
265 6.595800e-01 4.272000e-03 3.361480e-01
266 6.587800e-01 4.332000e-03 3.368880e-01
267 6.580560e-01 4.284000e-03 3.376600e-01
268 6.572120e-01 4.332000e-03 3.384560e-01
269 6.562920e-01 4.508000e-03 3.392000e-01
270 6.556240e-01 4.352000e-03 3.400240e-01
271 6.549320e-01 4.332000e-03 3.407360e-01
272 6.542400e-01 4.340000e-03 3.414200e-01
273 6.534520e-01 4.328000e-03 3.422200e-01
274 6.526920e-01 4.384000e-03 3.429240e-01
275 6.519600e-01 4.368000e-03 3.436720e-01
276 6.512720e-01 4.288000e-03 3.444400e-01
277 6.506200e-01 4.132000e-03 3.452480e-01
278 6.498000e-01 4.276000e-03 3.459240e-01
279 6.491280e-01 4.216000e-03 3.466560e-01
280 6.484280e-01 4.168000e-03 3.474040e-01
281 6.477480e-01 4.116000e-03 3.481360e-01
282 6.469560e-01 4.276000e-03 3.487680e-01
283 6.461240e-01 4.320000e-03 3.495560e-01
284 6.453280e-01 4.308000e-03 3.503640e-01
285 6.444440e-01 4.588000e-03 3.509680e-01
286 6.436200e-01 4.644000e-03 3.517360e-01
287 6.428040e-01 4.712000e-03 3.524840e-01
288 6.419440e-01 4.720000e-03 3.533360e-01
289 6.411720e-01 4.724000e-03 3.541040e-01
290 6.403120e-01 4.760000e-03 3.549280e-01
291 6.395800e-01 4.644000e-03 3.557760e-01
292 6.389320e-01 4.460000e-03 3.566080e-01
293 6.381520e-01 4.484000e-03 3.573640e-01
294 6.374840e-01 4.312000e-03 3.582040e-01
295 6.367280e-01 4.300000e-03 3.589720e-01
296 6.360120e-01 4.328000e-03 3.596600e-01
297 6.353320e-01 4.280000e-03 3.603880e-01
298 6.346760e-01 4.276000e-03 3.610480e-01
299 6.339760e-01 4.236000e-03 3.617880e-01
300 6.333000e-01 4.212000e-03 3.624880e-01
301 6.326640e-01 4.060000e-03 3.632760e-01
302 6.320040e-01 4.148000e-03 3.638480e-01
303 6.312480e-01 4.164000e-03 3.645880e-01
304 6.305040e-01 4.164000e-03 3.653320e-01
305 6.297720e-01 4.152000e-03 3.660760e-01
306 6.291440e-01 4.104000e-03 3.667520e-01
307 6.284320e-01 4.052000e-03 3.675160e-01
308 6.277960e-01 4.012000e-03 3.681920e-01
309 6.269080e-01 4.188000e-03 3.689040e-01
310 6.262320e-01 4.220000e-03 3.695480e-01
311 6.256440e-01 4.072000e-03 3.702840e-01
312 6.249600e-01 4.040000e-03 3.710000e-01
313 6.243520e-01 3.908000e-03 3.717400e-01
314 6.236520e-01 3.868000e-03 3.724800e-01
315 6.229800e-01 3.872000e-03 3.731480e-01
316 6.223680e-01 3.784000e-03 3.738480e-01
317 6.218360e-01 3.704000e-03 3.744600e-01
318 6.212280e-01 3.600000e-03 3.751720e-01
319 6.206160e-01 3.576000e-03 3.758080e-01
320 6.200360e-01 3.480000e-03 3.764840e-01
321 6.194640e-01 3.412000e-03 3.771240e-01
322 6.189080e-01 3.392000e-03 3.777000e-01
323 6.184000e-01 3.296000e-03 3.783040e-01
324 6.177120e-01 3.460000e-03 3.788280e-01
325 6.171040e-01 3.468000e-03 3.794280e-01
326 6.165880e-01 3.464000e-03 3.799480e-01
327 6.160560e-01 3.388000e-03 3.805560e-01
328 6.155840e-01 3.260000e-03 3.811560e-01
329 6.151080e-01 3.036000e-03 3.818560e-01
330 6.145160e-01 3.104000e-03 3.823800e-01
331 6.139800e-01 3.080000e-03 3.829400e-01
332 6.134480e-01 3.060000e-03 3.834920e-01
333 6.128920e-01 3.120000e-03 3.839880e-01
334 6.123920e-01 3.076000e-03 3.845320e-01
335 6.118880e-01 3.088000e-03 3.850240e-01
336 6.113600e-01 3.024000e-03 3.856160e-01
337 6.108920e-01 2.964000e-03 3.861440e-01
338 6.104800e-01 2.864000e-03 3.866560e-01
339 6.100080e-01 2.820000e-03 3.871720e-01
340 6.095560e-01 2.764000e-03 3.876800e-01
341 6.090640e-01 2.808000e-03 3.881280e-01
342 6.086080e-01 2.796000e-03 3.885960e-01
343 6.080960e-01 2.772000e-03 3.891320e-01
344 6.077040e-01 2.636000e-03 3.896600e-01
345 6.073320e-01 2.520000e-03 3.901480e-01
346 6.069880e-01 2.460000e-03 3.905520e-01
347 6.065640e-01 2.476000e-03 3.909600e-01
348 6.060400e-01 2.560000e-03 3.914000e-01
349 6.056440e-01 2.488000e-03 3.918680e-01
350 6.051640e-01 2.488000e-03 3.923480e-01
351 6.047520e-01 2.380000e-03 3.928680e-01
352 6.043400e-01 2.408000e-03 3.932520e-01
353 6.039520e-01 2.372000e-03 3.936760e-01
354 6.035160e-01 2.364000e-03 3.941200e-01
355 6.030680e-01 2.488000e-03 3.944440e-01
356 6.026720e-01 2.504000e-03 3.948240e-01
357 6.022640e-01 2.476000e-03 3.952600e-01
358 6.018720e-01 2.436000e-03 3.956920e-01
359 6.014120e-01 2.500000e-03 3.960880e-01
360 6.008920e-01 2.568000e-03 3.965400e-01
361 6.004240e-01 2.624000e-03 3.969520e-01
362 6.000760e-01 2.512000e-03 3.974120e-01
363 5.996560e-01 2.420000e-03 3.979240e-01
364 5.992120e-01 2.508000e-03 3.982800e-01
365 5.988240e-01 2.492000e-03 3.986840e-01
366 5.983160e-01 2.564000e-03 3.991200e-01
367 5.978760e-01 2.540000e-03 3.995840e-01
368 5.973840e-01 2.588000e-03 4.000280e-01
369 5.970600e-01 2.452000e-03 4.004880e-01
370 5.966560e-01 2.448000e-03 4.008960e-01
371 5.962360e-01 2.508000e-03 4.012560e-01
372 5.957520e-01 2.560000e-03 4.016880e-01
373 5.954040e-01 2.532000e-03 4.020640e-01
374 5.950040e-01 2.420000e-03 4.025760e-01
375 5.946400e-01 2.372000e-03 4.029880e-01
376 5.942400e-01 2.452000e-03 4.033080e-01
377 5.939080e-01 2.408000e-03 4.036840e-01
378 5.934800e-01 2.408000e-03 4.041120e-01
379 5.931800e-01 2.348000e-03 4.044720e-01
380 5.927880e-01 2.320000e-03 4.048920e-01
381 5.924400e-01 2.272000e-03 4.052880e-01
382 5.921120e-01 2.196000e-03 4.056920e-01
383 5.916920e-01 2.332000e-03 4.059760e-01
384 5.913560e-01 2.224000e-03 4.064200e-01
385 5.910480e-01 2.124000e-03 4.068280e-01
386 5.907240e-01 2.048000e-03 4.072280e-01
387 5.903200e-01 2.136000e-03 4.075440e-01
388 5.899920e-01 2.136000e-03 4.078720e-01
389 5.896480e-01 2.156000e-03 4.081960e-01
390 5.892880e-01 2.220000e-03 4.084920e-01
391 5.888520e-01 2.332000e-03 4.088160e-01
392 5.885760e-01 2.216000e-03 4.092080e-01
393 5.882720e-01 2.116000e-03 4.096120e-01
394 5.880040e-01 2.028000e-03 4.099680e-01
395 5.877080e-01 2.020000e-03 4.102720e-01
396 5.873640e-01 2.036000e-03 4.106000e-01
397 5.870280e-01 2.040000e-03 4.109320e-01
398 5.867880e-01 1.912000e-03 4.113000e-01
399 5.864800e-01 1.900000e-03 4.116200e-01
400 5.861920e-01 1.848000e-03 4.119600e-01
401 5.858680e-01 1.852000e-03 4.122800e-01
402 5.855320e-01 1.872000e-03 4.125960e-01
403 5.851880e-01 1.844000e-03 4.129680e-01
404 5.848160e-01 1.892000e-03 4.132920e-01
405 5.844720e-01 1.908000e-03 4.136200e-01
406 5.841440e-01 1.924000e-03 4.139320e-01
407 5.838240e-01 1.952000e-03 4.142240e-01
408 5.834800e-01 1.912000e-03 4.146080e-01
409 5.831600e-01 1.860000e-03 4.149800e-01
410 5.828000e-01 1.940000e-03 4.152600e-01
411 5.824000e-01 2.016000e-03 4.155840e-01
412 5.819840e-01 2.044000e-03 4.159720e-01
413 5.816320e-01 2.008000e-03 4.163600e-01
414 5.813400e-01 1.960000e-03 4.167000e-01
415 5.810160e-01 1.992000e-03 4.169920e-01
416 5.806560e-01 2.020000e-03 4.173240e-01
417 5.802440e-01 2.112000e-03 4.176440e-01
418 5.799480e-01 2.016000e-03 4.180360e-01
419 5.796440e-01 1.964000e-03 4.183920e-01
420 5.793520e-01 1.880000e-03 4.187680e-01
421 5.790640e-01 1.820000e-03 4.191160e-01
422 5.787880e-01 1.796000e-03 4.194160e-01
423 5.785440e-01 1.740000e-03 4.197160e-01
424 5.783080e-01 1.708000e-03 4.199840e-01
425 5.780920e-01 1.608000e-03 4.203000e-01
426 5.778720e-01 1.552000e-03 4.205760e-01
427 5.776520e-01 1.464000e-03 4.208840e-01
428 5.774560e-01 1.388000e-03 4.211560e-01
429 5.772680e-01 1.348000e-03 4.213840e-01
430 5.770640e-01 1.300000e-03 4.216360e-01
431 5.769040e-01 1.256000e-03 4.218400e-01
432 5.766760e-01 1.256000e-03 4.220680e-01
433 5.764240e-01 1.300000e-03 4.222760e-01
434 5.761240e-01 1.416000e-03 4.224600e-01
435 5.758840e-01 1.400000e-03 4.227160e-01
436 5.756920e-01 1.336000e-03 4.229720e-01
437 5.754640e-01 1.336000e-03 4.232000e-01
438 5.752360e-01 1.336000e-03 4.234280e-01
439 5.750560e-01 1.312000e-03 4.236320e-01
440 5.747840e-01 1.356000e-03 4.238600e-01
441 5.745720e-01 1.320000e-03 4.241080e-01
442 5.743960e-01 1.328000e-03 4.242760e-01
443 5.742000e-01 1.292000e-03 4.245080e-01
444 5.740400e-01 1.144000e-03 4.248160e-01
445 5.738720e-01 1.048000e-03 4.250800e-01
446 5.737600e-01 9.600000e-04 4.252800e-01
447 5.736600e-01 8.840000e-04 4.254560e-01
448 5.735680e-01 8.160000e-04 4.256160e-01
449 5.734280e-01 8.000000e-04 4.257720e-01
450 5.733480e-01 7.080000e-04 4.259440e-01
451 5.732600e-01 6.760000e-04 4.260640e-01
452 5.731480e-01 6.920000e-04 4.261600e-01
453 5.729960e-01 7.240000e-04 4.262800e-01
454 5.728480e-01 7.120000e-04 4.264400e-01
455 5.727120e-01 7.160000e-04 4.265720e-01
456 5.725560e-01 7.480000e-04 4.266960e-01
457 5.724360e-01 7.160000e-04 4.268480e-01
458 5.723720e-01 6.440000e-04 4.269840e-01
459 5.722440e-01 6.640000e-04 4.270920e-01
460 5.720960e-01 7.120000e-04 4.271920e-01
461 5.719880e-01 7.200000e-04 4.272920e-01
462 5.718800e-01 7.040000e-04 4.274160e-01
463 5.717440e-01 7.240000e-04 4.275320e-01
464 5.716320e-01 7.440000e-04 4.276240e-01
465 5.715240e-01 7.360000e-04 4.277400e-01
466 5.713640e-01 7.920000e-04 4.278440e-01
467 5.712200e-01 7.920000e-04 4.279880e-01
468 5.710760e-01 7.800000e-04 4.281440e-01
469 5.709560e-01 7.840000e-04 4.282600e-01
470 5.708200e-01 8.080000e-04 4.283720e-01
471 5.707560e-01 7.120000e-04 4.285320e-01
472 5.706600e-01 6.840000e-04 4.286560e-01
473 5.705160e-01 7.080000e-04 4.287760e-01
474 5.704040e-01 7.120000e-04 4.288840e-01
475 5.702720e-01 7.160000e-04 4.290120e-01
476 5.701400e-01 7.320000e-04 4.291280e-01
477 5.699960e-01 7.400000e-04 4.292640e-01
478 5.698600e-01 7.480000e-04 4.293920e-01
479 5.697360e-01 7.280000e-04 4.295360e-01
480 5.696080e-01 7.440000e-04 4.296480e-01
481 5.694800e-01 7.480000e-04 4.297720e-01
482 5.693320e-01 7.680000e-04 4.299000e-01
483 5.691760e-01 7.920000e-04 4.300320e-01
484 5.689880e-01 8.720000e-04 4.301400e-01
485 5.688360e-01 8.800000e-04 4.302840e-01
486 5.687200e-01 8.480000e-04 4.304320e-01
487 5.685880e-01 8.560000e-04 4.305560e-01
488 5.684680e-01 8.240000e-04 4.307080e-01
489 5.683440e-01 8.240000e-04 4.308320e-01
490 5.682440e-01 7.880000e-04 4.309680e-01
491 5.681160e-01 7.960000e-04 4.310880e-01
492 5.679840e-01 8.040000e-04 4.312120e-01
493 5.678800e-01 7.360000e-04 4.313840e-01
494 5.677800e-01 7.280000e-04 4.314920e-01
495 5.676680e-01 7.240000e-04 4.316080e-01
496 5.675760e-01 7.400000e-04 4.316840e-01
497 5.674760e-01 7.640000e-04 4.317600e-01
498 5.673240e-01 7.680000e-04 4.319080e-01
499 5.671880e-01 7.680000e-04 4.320440e-01
500 5.670840e-01 7.280000e-04 4.321880e-01
