1 9.991680e-01 7.000000e-04 1.320000e-04
2 9.986520e-01 1.088000e-03 2.600000e-04
3 9.980720e-01 1.428000e-03 5.000000e-04
4 9.973280e-01 1.856000e-03 8.160000e-04
5 9.964840e-01 2.356000e-03 1.160000e-03
6 9.956640e-01 2.756000e-03 1.580000e-03
7 9.947560e-01 3.208000e-03 2.036000e-03
8 9.938120e-01 3.528000e-03 2.660000e-03
9 9.928920e-01 3.828000e-03 3.280000e-03
10 9.920400e-01 3.940000e-03 4.020000e-03
11 9.910760e-01 4.192000e-03 4.732000e-03
12 9.901240e-01 4.436000e-03 5.440000e-03
13 9.889240e-01 4.880000e-03 6.196000e-03
14 9.876760e-01 5.256000e-03 7.068000e-03
15 9.863800e-01 5.744000e-03 7.876000e-03
16 9.851200e-01 6.000000e-03 8.880000e-03
17 9.840560e-01 6.012000e-03 9.932000e-03
18 9.828720e-01 6.184000e-03 1.094400e-02
19 9.814400e-01 6.552000e-03 1.200800e-02
20 9.800000e-01 6.736000e-03 1.326400e-02
21 9.787080e-01 6.816000e-03 1.447600e-02
22 9.773440e-01 6.948000e-03 1.570800e-02
23 9.758640e-01 7.168000e-03 1.696800e-02
24 9.744360e-01 7.352000e-03 1.821200e-02
25 9.730440e-01 7.444000e-03 1.951200e-02
26 9.716240e-01 7.408000e-03 2.096800e-02
27 9.701960e-01 7.512000e-03 2.229200e-02
28 9.686400e-01 7.788000e-03 2.357200e-02
29 9.671440e-01 7.976000e-03 2.488000e-02
30 9.656800e-01 8.012000e-03 2.630800e-02
31 9.640320e-01 8.380000e-03 2.758800e-02
32 9.623960e-01 8.580000e-03 2.902400e-02
33 9.609000e-01 8.632000e-03 3.046800e-02
34 9.593000e-01 8.680000e-03 3.202000e-02
35 9.577480e-01 8.696000e-03 3.355600e-02
36 9.562360e-01 8.736000e-03 3.502800e-02
37 9.544760e-01 8.868000e-03 3.665600e-02
38 9.529600e-01 8.828000e-03 3.821200e-02
39 9.514400e-01 8.732000e-03 3.982800e-02
40 9.500560e-01 8.676000e-03 4.126800e-02
41 9.486600e-01 8.576000e-03 4.276400e-02
42 9.471880e-01 8.516000e-03 4.429600e-02
43 9.455760e-01 8.692000e-03 4.573200e-02
44 9.440680e-01 8.580000e-03 4.735200e-02
45 9.423360e-01 8.720000e-03 4.894400e-02
46 9.405840e-01 8.812000e-03 5.060400e-02
47 9.390360e-01 8.784000e-03 5.218000e-02
48 9.374000e-01 8.908000e-03 5.369200e-02
49 9.358280e-01 8.844000e-03 5.532800e-02
50 9.342400e-01 8.888000e-03 5.687200e-02
51 9.326920e-01 8.916000e-03 5.839200e-02
52 9.310160e-01 8.992000e-03 5.999200e-02
53 9.294680e-01 8.932000e-03 6.160000e-02
54 9.279080e-01 8.844000e-03 6.324800e-02
55 9.264840e-01 8.840000e-03 6.467600e-02
56 9.247680e-01 9.008000e-03 6.622400e-02
57 9.230440e-01 9.048000e-03 6.790800e-02
58 9.212920e-01 9.260000e-03 6.944800e-02
59 9.196120e-01 9.428000e-03 7.096000e-02
60 9.179320e-01 9.524000e-03 7.254400e-02
61 9.163120e-01 9.444000e-03 7.424400e-02
62 9.145720e-01 9.492000e-03 7.593600e-02
63 9.129600e-01 9.408000e-03 7.763200e-02
64 9.113120e-01 9.440000e-03 7.924800e-02
65 9.098040e-01 9.276000e-03 8.092000e-02
66 9.081760e-01 9.276000e-03 8.254800e-02
67 9.065320e-01 9.216000e-03 8.425200e-02
68 9.049360e-01 9.024000e-03 8.604000e-02
69 9.032200e-01 9.144000e-03 8.763600e-02
70 9.016520e-01 9.136000e-03 8.921200e-02
71 9.001200e-01 9.120000e-03 9.076000e-02
72 8.982440e-01 9.312000e-03 9.244400e-02
73 8.964920e-01 9.472000e-03 9.403600e-02
74 8.946640e-01 9.452000e-03 9.588400e-02
75 8.929400e-01 9.484000e-03 9.757600e-02
76 8.911160e-01 9.484000e-03 9.940000e-02
77 8.894200e-01 9.576000e-03 1.010040e-01
78 8.877560e-01 9.668000e-03 1.025760e-01
79 8.859800e-01 9.704000e-03 1.043160e-01
80 8.840760e-01 9.836000e-03 1.060880e-01
81 8.821480e-01 9.960000e-03 1.078920e-01
82 8.802200e-01 1.023200e-02 1.095480e-01
83 8.782440e-01 1.032800e-02 1.114280e-01
84 8.763760e-01 1.042000e-02 1.132040e-01
85 8.748240e-01 1.015600e-02 1.150200e-01
86 8.732160e-01 1.004000e-02 1.167440e-01
87 8.716320e-01 9.936000e-03 1.184320e-01
88 8.700720e-01 9.740000e-03 1.201880e-01
89 8.684800e-01 9.464000e-03 1.220560e-01
90 8.671200e-01 9.196000e-03 1.236840e-01
91 8.656440e-01 9.020000e-03 1.253360e-01
92 8.641360e-01 8.888000e-03 1.269760e-01
93 8.625840e-01 8.896000e-03 1.285200e-01
94 8.610360e-01 8.904000e-03 1.300600e-01
95 8.594440e-01 9.004000e-03 1.315520e-01
96 8.578880e-01 9.036000e-03 1.330760e-01
97 8.563320e-01 9.132000e-03 1.345360e-01
98 8.548880e-01 9.028000e-03 1.360840e-01
99 8.534000e-01 8.880000e-03 1.377200e-01
100 8.518040e-01 8.812000e-03 1.393840e-01
101 8.502760e-01 8.808000e-03 1.409160e-01
102 8.486680e-01 8.964000e-03 1.423680e-01
103 8.469920e-01 9.188000e-03 1.438200e-01
104 8.453800e-01 9.160000e-03 1.454600e-01
105 8.437840e-01 9.080000e-03 1.471360e-01
106 8.422360e-01 8.956000e-03 1.488080e-01
107 8.406800e-01 8.968000e-03 1.503520e-01
108 8.392560e-01 8.996000e-03 1.517480e-01
109 8.378120e-01 8.924000e-03 1.532640e-01
110 8.361880e-01 8.912000e-03 1.549000e-01
111 8.347280e-01 8.900000e-03 1.563720e-01
112 8.329520e-01 9.004000e-03 1.580440e-01
113 8.312480e-01 9.044000e-03 1.597080e-01
114 8.296360e-01 9.060000e-03 1.613040e-01
115 8.277560e-01 9.468000e-03 1.627760e-01
116 8.262080e-01 9.276000e-03 1.645160e-01
117 8.245000e-01 9.408000e-03 1.660920e-01
118 8.228360e-01 9.352000e-03 1.678120e-01
119 8.211000e-01 9.340000e-03 1.695600e-01
120 8.194240e-01 9.368000e-03 1.712080e-01
121 8.179440e-01 9.176000e-03 1.728800e-01
122 8.164160e-01 9.260000e-03 1.743240e-01
123 8.147800e-01 9.248000e-03 1.759720e-01
124 8.133600e-01 9.016000e-03 1.776240e-01
125 8.118960e-01 8.880000e-03 1.792240e-01
126 8.104880e-01 8.896000e-03 1.806160e-01
127 8.090880e-01 8.820000e-03 1.820920e-01
128 8.077560e-01 8.672000e-03 1.835720e-01
129 8.064200e-01 8.600000e-03 1.849800e-01
130 8.051280e-01 8.300000e-03 1.865720e-01
131 8.037600e-01 8.152000e-03 1.880880e-01
132 8.024800e-01 8.092000e-03 1.894280e-01
133 8.011800e-01 7.960000e-03 1.908600e-01
134 7.999360e-01 7.860000e-03 1.922040e-01
135 7.985920e-01 7.832000e-03 1.935760e-01
136 7.972320e-01 7.836000e-03 1.949320e-01
137 7.958920e-01 7.892000e-03 1.962160e-01
138 7.945880e-01 7.856000e-03 1.975560e-01
139 7.933120e-01 7.776000e-03 1.989120e-01
140 7.920320e-01 7.608000e-03 2.003600e-01
141 7.907920e-01 7.600000e-03 2.016080e-01
142 7.895080e-01 7.616000e-03 2.028760e-01
143 7.883640e-01 7.392000e-03 2.042440e-01
144 7.870600e-01 7.336000e-03 2.056040e-01
145 7.858640e-01 7.160000e-03 2.069760e-01
146 7.846480e-01 7.220000e-03 2.081320e-01
147 7.834360e-01 7.108000e-03 2.094560e-01
148 7.822520e-01 6.972000e-03 2.107760e-01
149 7.812200e-01 6.888000e-03 2.118920e-01
150 7.802480e-01 6.612000e-03 2.131400e-01
151 7.791200e-01 6.576000e-03 2.143040e-01
152 7.779560e-01 6.628000e-03 2.154160e-01
153 7.768840e-01 6.600000e-03 2.165160e-01
154 7.757320e-01 6.688000e-03 2.175800e-01
155 7.746240e-01 6.572000e-03 2.188040e-01
156 7.733440e-01 6.708000e-03 2.199480e-01
157 7.722120e-01 6.680000e-03 2.211080e-01
158 7.711440e-01 6.492000e-03 2.223640e-01
159 7.699440e-01 6.536000e-03 2.235200e-01
160 7.687640e-01 6.640000e-03 2.245960e-01
161 7.675360e-01 6.608000e-03 2.258560e-01
162 7.663000e-01 6.536000e-03 2.271640e-01
163 7.652760e-01 6.572000e-03 2.281520e-01
164 7.642800e-01 6.400000e-03 2.293200e-01
165 7.631320e-01 6.376000e-03 2.304920e-01
166 7.621560e-01 6.268000e-03 2.315760e-01
167 7.611720e-01 6.096000e-03 2.327320e-01
168 7.602560e-01 5.904000e-03 2.338400e-01
169 7.591920e-01 5.920000e-03 2.348880e-01
170 7.582720e-01 5.864000e-03 2.358640e-01
171 7.574200e-01 5.712000e-03 2.368680e-01
172 7.564960e-01 5.644000e-03 2.378600e-01
173 7.556200e-01 5.560000e-03 2.388200e-01
174 7.547080e-01 5.588000e-03 2.397040e-01
175 7.536960e-01 5.560000e-03 2.407440e-01
176 7.527640e-01 5.476000e-03 2.417600e-01
177 7.518960e-01 5.456000e-03 2.426480e-01
178 7.507840e-01 5.652000e-03 2.435640e-01
179 7.497280e-01 5.716000e-03 2.445560e-01
180 7.487360e-01 5.720000e-03 2.455440e-01
181 7.478720e-01 5.568000e-03 2.465600e-01
182 7.468400e-01 5.548000e-03 2.476120e-01
183 7.459880e-01 5.308000e-03 2.487040e-01
184 7.451680e-01 5.212000e-03 2.496200e-01
185 7.442560e-01 5.136000e-03 2.506080e-01
186 7.432120e-01 5.292000e-03 2.514960e-01
187 7.423200e-01 5.276000e-03 2.524040e-01
188 7.413640e-01 5.308000e-03 2.533280e-01
189 7.403440e-01 5.340000e-03 2.543160e-01
190 7.395160e-01 5.232000e-03 2.552520e-01
191 7.385960e-01 5.116000e-03 2.562880e-01
192 7.376680e-01 5.140000e-03 2.571920e-01
193 7.367440e-01 5.140000e-03 2.581160e-01
194 7.358240e-01 5.196000e-03 2.589800e-01
195 7.349760e-01 5.144000e-03 2.598800e-01
196 7.340160e-01 5.060000e-03 2.609240e-01
197 7.330120e-01 5.140000e-03 2.618480e-01
198 7.321720e-01 5.076000e-03 2.627520e-01
199 7.314200e-01 4.996000e-03 2.635840e-01
200 7.306120e-01 4.976000e-03 2.644120e-01
201 7.298040e-01 4.948000e-03 2.652480e-01
202 7.290000e-01 4.824000e-03 2.661760e-01
203 7.282720e-01 4.708000e-03 2.670200e-01
204 7.273120e-01 4.808000e-03 2.678800e-01
205 7.265520e-01 4.704000e-03 2.687440e-01
206 7.257320e-01 4.720000e-03 2.695480e-01
207 7.250640e-01 4.532000e-03 2.704040e-01
208 7.243600e-01 4.400000e-03 2.712400e-01
209 7.236360e-01 4.408000e-03 2.719560e-01
210 7.229560e-01 4.232000e-03 2.728120e-01
211 7.223920e-01 4.108000e-03 2.735000e-01
212 7.218480e-01 4.028000e-03 2.741240e-01
213 7.211720e-01 3.928000e-03 2.749000e-01
214 7.204600e-01 3.928000e-03 2.756120e-01
215 7.198400e-01 3.828000e-03 2.763320e-01
216 7.191840e-01 3.736000e-03 2.770800e-01
217 7.184880e-01 3.732000e-03 2.777800e-01
218 7.178760e-01 3.708000e-03 2.784160e-01
219 7.172400e-01 3.668000e-03 2.790920e-01
220 7.165560e-01 3.728000e-03 2.797160e-01
221 7.158560e-01 3.824000e-03 2.803200e-01
222 7.152320e-01 3.728000e-03 2.810400e-01
223 7.145920e-01 3.772000e-03 2.816360e-01
224 7.138720e-01 3.904000e-03 2.822240e-01
225 7.131680e-01 4.024000e-03 2.828080e-01
226 7.125160e-01 3.980000e-03 2.835040e-01
227 7.117640e-01 4.024000e-03 2.842120e-01
228 7.109920e-01 4.144000e-03 2.848640e-01
229 7.102200e-01 4.180000e-03 2.856000e-01
230 7.094440e-01 4.236000e-03 2.863200e-01
231 7.087520e-01 4.180000e-03 2.870680e-01
232 7.080520e-01 4.224000e-03 2.877240e-01
233 7.074120e-01 4.172000e-03 2.884160e-01
234 7.067520e-01 4.168000e-03 2.890800e-01
235 7.060920e-01 4.072000e-03 2.898360e-01
236 7.054200e-01 4.040000e-03 2.905400e-01
237 7.047960e-01 4.036000e-03 2.911680e-01
238 7.041720e-01 3.864000e-03 2.919640e-01
239 7.036400e-01 3.708000e-03 2.926520e-01
240 7.030680e-01 3.656000e-03 2.932760e-01
241 7.023360e-01 3.684000e-03 2.939800e-01
242 7.017920e-01 3.556000e-03 2.946520e-01
243 7.011000e-01 3.612000e-03 2.952880e-01
244 7.004560e-01 3.564000e-03 2.959800e-01
245 6.999120e-01 3.480000e-03 2.966080e-01
246 6.993880e-01 3.404000e-03 2.972080e-01
247 6.988600e-01 3.332000e-03 2.978080e-01
248 6.983480e-01 3.316000e-03 2.983360e-01
249 6.978520e-01 3.240000e-03 2.989080e-01
250 6.973360e-01 3.144000e-03 2.995200e-01
251 6.968720e-01 3.088000e-03 3.000400e-01
252 6.963320e-01 3.084000e-03 3.005840e-01
253 6.958240e-01 3.072000e-03 3.011040e-01
254 6.954080e-01 2.936000e-03 3.016560e-01
255 6.949640e-01 2.780000e-03 3.022560e-01
256 6.944880e-01 2.800000e-03 3.027120e-01
257 6.941040e-01 2.668000e-03 3.032280e-01
258 6.936440e-01 2.692000e-03 3.036640e-01
259 6.931680e-01 2.720000e-03 3.041120e-01
260 6.926640e-01 2.796000e-03 3.045400e-01
261 6.922000e-01 2.732000e-03 3.050680e-01
262 6.917360e-01 2.732000e-03 3.055320e-01
263 6.912440e-01 2.808000e-03 3.059480e-01
264 6.907720e-01 2.752000e-03 3.064760e-01
265 6.903040e-01 2.828000e-03 3.068680e-01
266 6.897840e-01 2.900000e-03 3.073160e-01
267 6.893000e-01 2.948000e-03 3.077520e-01
268 6.886800e-01 3.108000e-03 3.082120e-01
269 6.880920e-01 3.220000e-03 3.086880e-01
270 6.875280e-01 3.220000e-03 3.092520e-01
271 6.869360e-01 3.216000e-03 3.098480e-01
272 6.864120e-01 3.172000e-03 3.104160e-01
273 6.858240e-01 3.268000e-03 3.109080e-01
274 6.853360e-01 3.104000e-03 3.115600e-01
275 6.848600e-01 3.112000e-03 3.120280e-01
276 6.843600e-01 3.060000e-03 3.125800e-01
277 6.837600e-01 3.084000e-03 3.131560e-01
278 6.833760e-01 2.940000e-03 3.136840e-01
279 6.829880e-01 2.912000e-03 3.141000e-01
280 6.824360e-01 2.980000e-03 3.145840e-01
281 6.819880e-01 2.904000e-03 3.151080e-01
282 6.814720e-01 2.964000e-03 3.155640e-01
283 6.809880e-01 2.964000e-03 3.160480e-01
284 6.805840e-01 2.792000e-03 3.166240e-01
285 6.801040e-01 2.732000e-03 3.171640e-01
286 6.797080e-01 2.600000e-03 3.176920e-01
287 6.792120e-01 2.624000e-03 3.181640e-01
288 6.787880e-01 2.632000e-03 3.185800e-01
289 6.783160e-01 2.636000e-03 3.190480e-01
290 6.779000e-01 2.580000e-03 3.195200e-01
291 6.774320e-01 2.620000e-03 3.199480e-01
292 6.769240e-01 2.692000e-03 3.203840e-01
293 6.764920e-01 2.632000e-03 3.208760e-01
294 6.761200e-01 2.528000e-03 3.213520e-01
295 6.756960e-01 2.588000e-03 3.217160e-01
296 6.752520e-01 2.588000e-03 3.221600e-01
297 6.747680e-01 2.568000e-03 3.226640e-01
298 6.743360e-01 2.564000e-03 3.231000e-01
299 6.739280e-01 2.524000e-03 3.235480e-01
300 6.734760e-01 2.504000e-03 3.240200e-01
301 6.730480e-01 2.532000e-03 3.244200e-01
302 6.726360e-01 2.512000e-03 3.248520e-01
303 6.722640e-01 2.460000e-03 3.252760e-01
304 6.717640e-01 2.536000e-03 3.257000e-01
305 6.713240e-01 2.580000e-03 3.260960e-01
306 6.709640e-01 2.488000e-03 3.265480e-01
307 6.705840e-01 2.388000e-03 3.270280e-01
308 6.702240e-01 2.328000e-03 3.274480e-01
309 6.698240e-01 2.392000e-03 3.277840e-01
310 6.694760e-01 2.320000e-03 3.282040e-01
311 6.690720e-01 2.324000e-03 3.286040e-01
312 6.685480e-01 2.432000e-03 3.290200e-01
313 6.680920e-01 2.504000e-03 3.294040e-01
314 6.677040e-01 2.436000e-03 3.298600e-01
315 6.673240e-01 2.432000e-03 3.302440e-01
316 6.668840e-01 2.468000e-03 3.306480e-01
317 6.665160e-01 2.444000e-03 3.310400e-01
318 6.661160e-01 2.384000e-03 3.315000e-01
319 6.657400e-01 2.380000e-03 3.318800e-01
320 6.653040e-01 2.388000e-03 3.323080e-01
321 6.648280e-01 2.440000e-03 3.327320e-01
322 6.643960e-01 2.440000e-03 3.331640e-01
323 6.640200e-01 2.328000e-03 3.336520e-01
324 6.636000e-01 2.300000e-03 3.341000e-01
325 6.632320e-01 2.256000e-03 3.345120e-01
326 6.627720e-01 2.348000e-03 3.348800e-01
327 6.623640e-01 2.276000e-03 3.353600e-01
328 6.620200e-01 2.212000e-03 3.357680e-01
329 6.616800e-01 2.200000e-03 3.361200e-01
330 6.612880e-01 2.180000e-03 3.365320e-01
331 6.609120e-01 2.240000e-03 3.368480e-01
332 6.605920e-01 2.200000e-03 3.372080e-01
333 6.602720e-01 2.128000e-03 3.376000e-01
334 6.599040e-01 2.148000e-03 3.379480e-01
335 6.595280e-01 2.128000e-03 3.383440e-01
336 6.590640e-01 2.248000e-03 3.386880e-01
337 6.586360e-01 2.240000e-03 3.391240e-01
338 6.582080e-01 2.292000e-03 3.395000e-01
339 6.578040e-01 2.296000e-03 3.399000e-01
340 6.573200e-01 2.388000e-03 3.402920e-01
341 6.569640e-01 2.328000e-03 3.407080e-01
342 6.565880e-01 2.284000e-03 3.411280e-01
343 6.562280e-01 2.200000e-03 3.415720e-01
344 6.558560e-01 2.144000e-03 3.420000e-01
345 6.554360e-01 2.164000e-03 3.424000e-01
346 6.550640e-01 2.240000e-03 3.426960e-01
347 6.546880e-01 2.172000e-03 3.431400e-01
348 6.543520e-01 2.164000e-03 3.434840e-01
349 6.540320e-01 2.100000e-03 3.438680e-01
350 6.536960e-01 2.048000e-03 3.442560e-01
351 6.533480e-01 2.052000e-03 3.446000e-01
352 6.529600e-01 2.056000e-03 3.449840e-01
353 6.526280e-01 1.996000e-03 3.453760e-01
354 6.523560e-01 1.972000e-03 3.456720e-01
355 6.520800e-01 1.916000e-03 3.460040e-01
356 6.517880e-01 1.880000e-03 3.463320e-01
357 6.515120e-01 1.804000e-03 3.466840e-01
358 6.512680e-01 1.712000e-03 3.470200e-01
359 6.509640e-01 1.732000e-03 3.473040e-01
360 6.506320e-01 1.724000e-03 3.476440e-01
361 6.502520e-01 1.792000e-03 3.479560e-01
362 6.499640e-01 1.776000e-03 3.482600e-01
363 6.496640e-01 1.812000e-03 3.485240e-01
364 6.493160e-01 1.812000e-03 3.488720e-01
365 6.489680e-01 1.820000e-03 3.492120e-01
366 6.486400e-01 1.836000e-03 3.495240e-01
367 6.482520e-01 1.940000e-03 3.498080e-01
368 6.478480e-01 2.024000e-03 3.501280e-01
369 6.474840e-01 2.024000e-03 3.504920e-01
370 6.471640e-01 1.968000e-03 3.508680e-01
371 6.467760e-01 2.008000e-03 3.512160e-01
372 6.464000e-01 2.016000e-03 3.515840e-01
373 6.460400e-01 2.000000e-03 3.519600e-01
374 6.457280e-01 2.076000e-03 3.521960e-01
375 6.453640e-01 2.080000e-03 3.525560e-01
376 6.450000e-01 2.048000e-03 3.529520e-01
377 6.447440e-01 1.968000e-03 3.532880e-01
378 6.444280e-01 1.936000e-03 3.536360e-01
379 6.440680e-01 1.972000e-03 3.539600e-01
380 6.438840e-01 1.852000e-03 3.542640e-01
381 6.436840e-01 1.744000e-03 3.545720e-01
382 6.434400e-01 1.684000e-03 3.548760e-01
383 6.431880e-01 1.628000e-03 3.551840e-01
384 6.429000e-01 1.616000e-03 3.554840e-01
385 6.426200e-01 1.572000e-03 3.558080e-01
386 6.423600e-01 1.584000e-03 3.560560e-01
387 6.420560e-01 1.584000e-03 3.563600e-01
388 6.417880e-01 1.588000e-03 3.566240e-01
389 6.414840e-01 1.560000e-03 3.569560e-01
390 6.412480e-01 1.500000e-03 3.572520e-01
391 6.410680e-01 1.480000e-03 3.574520e-01
392 6.407920e-01 1.460000e-03 3.577480e-01
393 6.405120e-01 1.484000e-03 3.580040e-01
394 6.402240e-01 1.528000e-03 3.582480e-01
395 6.398800e-01 1.596000e-03 3.585240e-01
396 6.395440e-01 1.684000e-03 3.587720e-01
397 6.391960e-01 1.748000e-03 3.590560e-01
398 6.388560e-01 1.776000e-03 3.593680e-01
399 6.385400e-01 1.772000e-03 3.596880e-01
400 6.381840e-01 1.788000e-03 3.600280e-01
401 6.378680e-01 1.780000e-03 3.603520e-01
402 6.375360e-01 1.784000e-03 3.606800e-01
403 6.372160e-01 1.784000e-03 3.610000e-01
404 6.368920e-01 1.808000e-03 3.613000e-01
405 6.365480e-01 1.876000e-03 3.615760e-01
406 6.361720e-01 1.944000e-03 3.618840e-01
407 6.358960e-01 1.856000e-03 3.622480e-01
408 6.355880e-01 1.804000e-03 3.626080e-01
409 6.352880e-01 1.792000e-03 3.629200e-01
410 6.350600e-01 1.724000e-03 3.632160e-01
411 6.347960e-01 1.700000e-03 3.635040e-01
412 6.344880e-01 1.756000e-03 3.637560e-01
413 6.342560e-01 1.704000e-03 3.640400e-01
414 6.340240e-01 1.640000e-03 3.643360e-01
415 6.337480e-01 1.648000e-03 3.646040e-01
416 6.335000e-01 1.612000e-03 3.648880e-01
417 6.332400e-01 1.560000e-03 3.652000e-01
418 6.330120e-01 1.520000e-03 3.654680e-01
419 6.327840e-01 1.460000e-03 3.657560e-01
420 6.325520e-01 1.448000e-03 3.660000e-01
421 6.322360e-01 1.552000e-03 3.662120e-01
422 6.319600e-01 1.548000e-03 3.664920e-01
423 6.316960e-01 1.548000e-03 3.667560e-01
424 6.314560e-01 1.516000e-03 3.670280e-01
425 6.312520e-01 1.424000e-03 3.673240e-01
426 6.309840e-01 1.488000e-03 3.675280e-01
427 6.307160e-01 1.524000e-03 3.677600e-01
428 6.304320e-01 1.528000e-03 3.680400e-01
429 6.301280e-01 1.572000e-03 3.683000e-01
430 6.298880e-01 1.580000e-03 3.685320e-01
431 6.296360e-01 1.548000e-03 3.688160e-01
432 6.293520e-01 1.580000e-03 3.690680e-01
433 6.291640e-01 1.500000e-03 3.693360e-01
434 6.290080e-01 1.384000e-03 3.696080e-01
435 6.288640e-01 1.320000e-03 3.698160e-01
436 6.286800e-01 1.268000e-03 3.700520e-01
437 6.284240e-01 1.284000e-03 3.702920e-01
438 6.282200e-01 1.304000e-03 3.704760e-01
439 6.280120e-01 1.304000e-03 3.706840e-01
440 6.278640e-01 1.244000e-03 3.708920e-01
441 6.277000e-01 1.176000e-03 3.711240e-01
442 6.275600e-01 1.072000e-03 3.713680e-01
443 6.273680e-01 1.084000e-03 3.715480e-01
444 6.271720e-01 1.140000e-03 3.716880e-01
445 6.269680e-01 1.164000e-03 3.718680e-01
446 6.268240e-01 1.148000e-03 3.720280e-01
447 6.266320e-01 1.132000e-03 3.722360e-01
448 6.264360e-01 1.120000e-03 3.724440e-01
449 6.262520e-01 1.104000e-03 3.726440e-01
450 6.260080e-01 1.160000e-03 3.728320e-01
451 6.257760e-01 1.192000e-03 3.730320e-01
452 6.255240e-01 1.232000e-03 3.732440e-01
453 6.252360e-01 1.292000e-03 3.734720e-01
454 6.249440e-01 1.412000e-03 3.736440e-01
455 6.247160e-01 1.436000e-03 3.738480e-01
456 6.244240e-01 1.456000e-03 3.741200e-01
457 6.241960e-01 1.456000e-03 3.743480e-01
458 6.239800e-01 1.364000e-03 3.746560e-01
459 6.237640e-01 1.344000e-03 3.748920e-01
460 6.235360e-01 1.404000e-03 3.750600e-01
461 6.232080e-01 1.520000e-03 3.752720e-01
462 6.228960e-01 1.560000e-03 3.755440e-01
463 6.226440e-01 1.548000e-03 3.758080e-01
464 6.223120e-01 1.624000e-03 3.760640e-01
465 6.219760e-01 1.724000e-03 3.763000e-01
466 6.216440e-01 1.636000e-03 3.767200e-01
467 6.213160e-01 1.680000e-03 3.770040e-01
468 6.210080e-01 1.616000e-03 3.773760e-01
469 6.206400e-01 1.688000e-03 3.776720e-01
470 6.202480e-01 1.784000e-03 3.779680e-01
471 6.199040e-01 1.828000e-03 3.782680e-01
472 6.195560e-01 1.860000e-03 3.785840e-01
473 6.192280e-01 1.856000e-03 3.789160e-01
474 6.188800e-01 1.924000e-03 3.791960e-01
475 6.185320e-01 1.924000e-03 3.795440e-01
476 6.181680e-01 1.928000e-03 3.799040e-01
477 6.178160e-01 1.964000e-03 3.802200e-01
478 6.173680e-01 2.040000e-03 3.805920e-01
479 6.170200e-01 2.044000e-03 3.809360e-01
480 6.166520e-01 2.008000e-03 3.813400e-01
481 6.163320e-01 1.952000e-03 3.817160e-01
482 6.160200e-01 1.944000e-03 3.820360e-01
483 6.157000e-01 1.980000e-03 3.823200e-01
484 6.153520e-01 1.960000e-03 3.826880e-01
485 6.150680e-01 1.860000e-03 3.830720e-01
486 6.148200e-01 1.792000e-03 3.833880e-01
487 6.145880e-01 1.652000e-03 3.837600e-01
488 6.143280e-01 1.616000e-03 3.840560e-01
489 6.141680e-01 1.508000e-03 3.843240e-01
490 6.139800e-01 1.480000e-03 3.845400e-01
491 6.137640e-01 1.496000e-03 3.847400e-01
492 6.135560e-01 1.484000e-03 3.849600e-01
493 6.132920e-01 1.516000e-03 3.851920e-01
494 6.130480e-01 1.460000e-03 3.854920e-01
495 6.128200e-01 1.432000e-03 3.857480e-01
496 6.125240e-01 1.528000e-03 3.859480e-01
497 6.122680e-01 1.532000e-03 3.862000e-01
498 6.119720e-01 1.532000e-03 3.864960e-01
499 6.116960e-01 1.568000e-03 3.867360e-01
500 6.113800e-01 1.588000e-03 3.870320e-01
