1 9.992120e-01 6.960000e-04 9.200000e-05
2 9.986560e-01 1.076000e-03 2.680000e-04
3 9.980400e-01 1.452000e-03 5.080000e-04
4 9.972760e-01 1.912000e-03 8.120000e-04
5 9.966200e-01 2.192000e-03 1.188000e-03
6 9.958800e-01 2.484000e-03 1.636000e-03
7 9.950800e-01 2.812000e-03 2.108000e-03
8 9.943800e-01 3.060000e-03 2.560000e-03
9 9.934640e-01 3.416000e-03 3.120000e-03
10 9.926720e-01 3.568000e-03 3.760000e-03
11 9.917160e-01 3.824000e-03 4.460000e-03
12 9.908160e-01 4.036000e-03 5.148000e-03
13 9.897280e-01 4.448000e-03 5.824000e-03
14 9.886800e-01 4.728000e-03 6.592000e-03
15 9.875840e-01 5.024000e-03 7.392000e-03
16 9.863120e-01 5.460000e-03 8.228000e-03
17 9.852000e-01 5.620000e-03 9.180000e-03
18 9.839840e-01 5.800000e-03 1.021600e-02
19 9.827400e-01 6.012000e-03 1.124800e-02
20 9.816080e-01 6.188000e-03 1.220400e-02
21 9.802760e-01 6.488000e-03 1.323600e-02
22 9.788560e-01 6.852000e-03 1.429200e-02
23 9.775520e-01 6.856000e-03 1.559200e-02
24 9.760720e-01 7.108000e-03 1.682000e-02
25 9.745720e-01 7.376000e-03 1.805200e-02
26 9.732040e-01 7.364000e-03 1.943200e-02
27 9.716680e-01 7.596000e-03 2.073600e-02
28 9.700280e-01 7.916000e-03 2.205600e-02
29 9.684360e-01 8.108000e-03 2.345600e-02
30 9.668920e-01 8.252000e-03 2.485600e-02
31 9.652840e-01 8.360000e-03 2.635600e-02
32 9.636680e-01 8.572000e-03 2.776000e-02
33 9.618880e-01 8.884000e-03 2.922800e-02
34 9.602560e-01 8.920000e-03 3.082400e-02
35 9.585080e-01 8.960000e-03 3.253200e-02
36 9.568640e-01 9.052000e-03 3.408400e-02
37 9.551800e-01 9.140000e-03 3.568000e-02
38 9.534520e-01 9.220000e-03 3.732800e-02
39 9.516560e-01 9.480000e-03 3.886400e-02
40 9.497520e-01 9.708000e-03 4.054000e-02
41 9.478560e-01 9.896000e-03 4.224800e-02
42 9.461040e-01 9.884000e-03 4.401200e-02
43 9.442200e-01 9.936000e-03 4.584400e-02
44 9.424640e-01 9.952000e-03 4.758400e-02
45 9.405880e-01 9.952000e-03 4.946000e-02
46 9.385880e-01 1.016000e-02 5.125200e-02
47 9.366960e-01 1.010800e-02 5.319600e-02
48 9.349200e-01 1.003200e-02 5.504800e-02
49 9.330480e-01 1.017200e-02 5.678000e-02
50 9.311760e-01 1.032800e-02 5.849600e-02
51 9.294320e-01 1.022000e-02 6.034800e-02
52 9.275560e-01 1.016000e-02 6.228400e-02
53 9.259680e-01 1.001200e-02 6.402000e-02
54 9.242320e-01 1.005600e-02 6.571200e-02
55 9.225360e-01 1.000800e-02 6.745600e-02
56 9.210040e-01 9.768000e-03 6.922800e-02
57 9.194200e-01 9.728000e-03 7.085200e-02
58 9.179160e-01 9.624000e-03 7.246000e-02
59 9.162400e-01 9.592000e-03 7.416800e-02
60 9.146880e-01 9.496000e-03 7.581600e-02
61 9.130040e-01 9.560000e-03 7.743600e-02
62 9.113360e-01 9.616000e-03 7.904800e-02
63 9.097360e-01 9.652000e-03 8.061200e-02
64 9.080920e-01 9.508000e-03 8.240000e-02
65 9.064920e-01 9.432000e-03 8.407600e-02
66 9.049800e-01 9.272000e-03 8.574800e-02
67 9.034000e-01 9.140000e-03 8.746000e-02
68 9.018560e-01 9.016000e-03 8.912800e-02
69 9.001960e-01 9.220000e-03 9.058400e-02
70 8.986360e-01 9.196000e-03 9.216800e-02
71 8.971200e-01 9.136000e-03 9.374400e-02
72 8.955880e-01 8.952000e-03 9.546000e-02
73 8.939520e-01 9.032000e-03 9.701600e-02
74 8.922400e-01 9.184000e-03 9.857600e-02
75 8.906400e-01 8.988000e-03 1.003720e-01
76 8.891200e-01 9.016000e-03 1.018640e-01
77 8.876720e-01 9.008000e-03 1.033200e-01
78 8.860040e-01 9.108000e-03 1.048880e-01
79 8.842680e-01 9.300000e-03 1.064320e-01
80 8.826480e-01 9.408000e-03 1.079440e-01
81 8.810360e-01 9.452000e-03 1.095120e-01
82 8.794200e-01 9.360000e-03 1.112200e-01
83 8.778240e-01 9.500000e-03 1.126760e-01
84 8.760600e-01 9.544000e-03 1.143960e-01
85 8.743080e-01 9.712000e-03 1.159800e-01
86 8.727320e-01 9.692000e-03 1.175760e-01
87 8.710800e-01 9.636000e-03 1.192840e-01
88 8.695560e-01 9.532000e-03 1.209120e-01
89 8.679440e-01 9.556000e-03 1.225000e-01
90 8.664240e-01 9.476000e-03 1.241000e-01
91 8.647960e-01 9.460000e-03 1.257440e-01
92 8.632320e-01 9.440000e-03 1.273280e-01
93 8.616280e-01 9.312000e-03 1.290600e-01
94 8.599720e-01 9.424000e-03 1.306040e-01
95 8.582280e-01 9.640000e-03 1.321320e-01
96 8.565360e-01 9.652000e-03 1.338120e-01
97 8.549720e-01 9.596000e-03 1.354320e-01
98 8.533120e-01 9.576000e-03 1.371120e-01
99 8.514960e-01 9.664000e-03 1.388400e-01
100 8.498960e-01 9.632000e-03 1.404720e-01
101 8.480720e-01 9.592000e-03 1.423360e-01
102 8.463320e-01 9.588000e-03 1.440800e-01
103 8.447360e-01 9.584000e-03 1.456800e-01
104 8.431560e-01 9.376000e-03 1.474680e-01
105 8.414640e-01 9.452000e-03 1.490840e-01
106 8.398560e-01 9.352000e-03 1.507920e-01
107 8.382280e-01 9.460000e-03 1.523120e-01
108 8.366800e-01 9.276000e-03 1.540440e-01
109 8.349040e-01 9.276000e-03 1.558200e-01
110 8.332080e-01 9.344000e-03 1.574480e-01
111 8.316320e-01 9.332000e-03 1.590360e-01
112 8.300640e-01 9.308000e-03 1.606280e-01
113 8.284680e-01 9.268000e-03 1.622640e-01
114 8.270360e-01 9.100000e-03 1.638640e-01
115 8.254720e-01 9.028000e-03 1.655000e-01
116 8.240040e-01 9.076000e-03 1.669200e-01
117 8.225480e-01 8.920000e-03 1.685320e-01
118 8.210920e-01 8.872000e-03 1.700360e-01
119 8.196200e-01 8.848000e-03 1.715320e-01
120 8.181440e-01 8.724000e-03 1.731320e-01
121 8.166760e-01 8.512000e-03 1.748120e-01
122 8.151880e-01 8.572000e-03 1.762400e-01
123 8.136920e-01 8.616000e-03 1.776920e-01
124 8.123280e-01 8.428000e-03 1.792440e-01
125 8.108800e-01 8.456000e-03 1.806640e-01
126 8.093880e-01 8.732000e-03 1.818800e-01
127 8.076800e-01 8.996000e-03 1.833240e-01
128 8.060280e-01 9.072000e-03 1.849000e-01
129 8.043680e-01 9.052000e-03 1.865800e-01
130 8.028040e-01 9.048000e-03 1.881480e-01
131 8.014480e-01 8.820000e-03 1.897320e-01
132 8.000520e-01 8.704000e-03 1.912440e-01
133 7.986960e-01 8.512000e-03 1.927920e-01
134 7.973360e-01 8.396000e-03 1.942680e-01
135 7.959840e-01 8.236000e-03 1.957800e-01
136 7.947360e-01 8.076000e-03 1.971880e-01
137 7.933240e-01 8.156000e-03 1.985200e-01
138 7.920400e-01 8.032000e-03 1.999280e-01
139 7.907680e-01 8.000000e-03 2.012320e-01
140 7.893680e-01 8.076000e-03 2.025560e-01
141 7.880360e-01 7.860000e-03 2.041040e-01
142 7.867720e-01 7.780000e-03 2.054480e-01
143 7.855040e-01 7.688000e-03 2.068080e-01
144 7.843640e-01 7.460000e-03 2.081760e-01
145 7.831840e-01 7.424000e-03 2.093920e-01
146 7.819520e-01 7.512000e-03 2.105360e-01
147 7.808520e-01 7.220000e-03 2.119280e-01
148 7.796760e-01 7.132000e-03 2.131920e-01
149 7.784680e-01 6.960000e-03 2.145720e-01
150 7.772840e-01 6.892000e-03 2.158240e-01
151 7.762640e-01 6.764000e-03 2.169720e-01
152 7.751000e-01 6.844000e-03 2.180560e-01
153 7.740080e-01 6.720000e-03 2.192720e-01
154 7.729200e-01 6.592000e-03 2.204880e-01
155 7.717960e-01 6.652000e-03 2.215520e-01
156 7.706760e-01 6.640000e-03 2.226840e-01
157 7.695680e-01 6.592000e-03 2.238400e-01
158 7.684560e-01 6.496000e-03 2.250480e-01
159 7.674440e-01 6.428000e-03 2.261280e-01
160 7.664760e-01 6.200000e-03 2.273240e-01
161 7.655480e-01 5.984000e-03 2.284680e-01
162 7.645640e-01 5.972000e-03 2.294640e-01
163 7.636200e-01 5.876000e-03 2.305040e-01
164 7.626760e-01 5.744000e-03 2.315800e-01
165 7.618320e-01 5.528000e-03 2.326400e-01
166 7.610200e-01 5.328000e-03 2.336520e-01
167 7.600280e-01 5.500000e-03 2.344720e-01
168 7.592680e-01 5.296000e-03 2.354360e-01
169 7.584840e-01 5.144000e-03 2.363720e-01
170 7.576840e-01 5.040000e-03 2.372760e-01
171 7.568440e-01 5.044000e-03 2.381120e-01
172 7.560320e-01 5.032000e-03 2.389360e-01
173 7.550840e-01 4.956000e-03 2.399600e-01
174 7.542160e-01 4.932000e-03 2.408520e-01
175 7.533360e-01 5.040000e-03 2.416240e-01
176 7.524720e-01 4.944000e-03 2.425840e-01
177 7.517720e-01 4.852000e-03 2.433760e-01
178 7.510520e-01 4.736000e-03 2.442120e-01
179 7.503080e-01 4.688000e-03 2.450040e-01
180 7.496040e-01 4.704000e-03 2.456920e-01
181 7.487800e-01 4.692000e-03 2.465280e-01
182 7.478880e-01 4.696000e-03 2.474160e-01
183 7.471600e-01 4.572000e-03 2.482680e-01
184 7.463480e-01 4.556000e-03 2.490960e-01
185 7.455440e-01 4.556000e-03 2.499000e-01
186 7.447640e-01 4.512000e-03 2.507240e-01
187 7.440960e-01 4.400000e-03 2.515040e-01
188 7.432840e-01 4.408000e-03 2.523080e-01
189 7.425640e-01 4.408000e-03 2.530280e-01
190 7.417760e-01 4.308000e-03 2.539160e-01
191 7.410160e-01 4.384000e-03 2.546000e-01
192 7.403560e-01 4.280000e-03 2.553640e-01
193 7.396800e-01 4.260000e-03 2.560600e-01
194 7.390840e-01 4.144000e-03 2.567720e-01
195 7.384360e-01 4.068000e-03 2.574960e-01
196 7.378480e-01 3.908000e-03 2.582440e-01
197 7.371760e-01 3.868000e-03 2.589560e-01
198 7.365320e-01 3.792000e-03 2.596760e-01
199 7.358720e-01 3.752000e-03 2.603760e-01
200 7.352280e-01 3.760000e-03 2.610120e-01
201 7.345760e-01 3.668000e-03 2.617560e-01
202 7.340080e-01 3.648000e-03 2.623440e-01
203 7.333680e-01 3.704000e-03 2.629280e-01
204 7.326040e-01 3.864000e-03 2.635320e-01
205 7.319120e-01 3.860000e-03 2.642280e-01
206 7.311600e-01 4.008000e-03 2.648320e-01
207 7.305840e-01 3.932000e-03 2.654840e-01
208 7.299600e-01 3.912000e-03 2.661280e-01
209 7.293600e-01 3.928000e-03 2.667120e-01
210 7.286640e-01 3.912000e-03 2.674240e-01
211 7.280880e-01 3.780000e-03 2.681320e-01
212 7.275200e-01 3.656000e-03 2.688240e-01
213 7.269560e-01 3.556000e-03 2.694880e-01
214 7.263800e-01 3.412000e-03 2.702080e-01
215 7.258320e-01 3.372000e-03 2.707960e-01
216 7.252120e-01 3.424000e-03 2.713640e-01
217 7.246320e-01 3.376000e-03 2.719920e-01
218 7.241000e-01 3.256000e-03 2.726440e-01
219 7.234840e-01 3.340000e-03 2.731760e-01
220 7.228880e-01 3.408000e-03 2.737040e-01
221 7.222400e-01 3.528000e-03 2.742320e-01
222 7.217160e-01 3.476000e-03 2.748080e-01
223 7.210840e-01 3.508000e-03 2.754080e-01
224 7.205000e-01 3.544000e-03 2.759560e-01
225 7.199440e-01 3.480000e-03 2.765760e-01
226 7.193360e-01 3.512000e-03 2.771520e-01
227 7.187480e-01 3.456000e-03 2.777960e-01
228 7.180440e-01 3.544000e-03 2.784120e-01
229 7.175280e-01 3.516000e-03 2.789560e-01
230 7.170200e-01 3.404000e-03 2.795760e-01
231 7.164840e-01 3.316000e-03 2.802000e-01
232 7.159680e-01 3.296000e-03 2.807360e-01
233 7.154680e-01 3.248000e-03 2.812840e-01
234 7.150200e-01 3.144000e-03 2.818360e-01
235 7.144840e-01 3.136000e-03 2.823800e-01
236 7.140000e-01 3.060000e-03 2.829400e-01
237 7.133800e-01 3.192000e-03 2.834280e-01
238 7.128720e-01 3.220000e-03 2.839080e-01
239 7.122960e-01 3.272000e-03 2.844320e-01
240 7.118520e-01 3.212000e-03 2.849360e-01
241 7.114000e-01 3.040000e-03 2.855600e-01
242 7.109840e-01 2.944000e-03 2.860720e-01
243 7.104640e-01 2.988000e-03 2.865480e-01
244 7.099640e-01 2.936000e-03 2.871000e-01
245 7.095240e-01 2.860000e-03 2.876160e-01
246 7.091480e-01 2.716000e-03 2.881360e-01
247 7.086520e-01 2.728000e-03 2.886200e-01
248 7.081120e-01 2.776000e-03 2.891120e-01
249 7.077320e-01 2.700000e-03 2.895680e-01
250 7.071920e-01 2.708000e-03 2.901000e-01
251 7.067200e-01 2.696000e-03 2.905840e-01
252 7.062080e-01 2.728000e-03 2.910640e-01
253 7.057680e-01 2.704000e-03 2.915280e-01
254 7.053120e-01 2.736000e-03 2.919520e-01
255 7.048680e-01 2.636000e-03 2.924960e-01
256 7.043080e-01 2.776000e-03 2.929160e-01
257 7.036840e-01 2.904000e-03 2.934120e-01
258 7.032200e-01 2.752000e-03 2.940280e-01
259 7.027400e-01 2.772000e-03 2.944880e-01
260 7.021720e-01 2.872000e-03 2.949560e-01
261 7.017560e-01 2.748000e-03 2.954960e-01
262 7.012360e-01 2.704000e-03 2.960600e-01
263 7.008160e-01 2.696000e-03 2.964880e-01
264 7.003760e-01 2.692000e-03 2.969320e-01
265 6.998360e-01 2.776000e-03 2.973880e-01
266 6.993480e-01 2.720000e-03 2.979320e-01
267 6.989280e-01 2.624000e-03 2.984480e-01
268 6.984480e-01 2.596000e-03 2.989560e-01
269 6.979640e-01 2.584000e-03 2.994520e-01
270 6.975040e-01 2.584000e-03 2.999120e-01
271 6.971000e-01 2.528000e-03 3.003720e-01
272 6.966640e-01 2.504000e-03 3.008320e-01
273 6.961800e-01 2.560000e-03 3.012600e-01
274 6.957480e-01 2.540000e-03 3.017120e-01
275 6.952800e-01 2.580000e-03 3.021400e-01
276 6.948360e-01 2.532000e-03 3.026320e-01
277 6.945000e-01 2.412000e-03 3.030880e-01
278 6.941000e-01 2.376000e-03 3.035240e-01
279 6.937160e-01 2.316000e-03 3.039680e-01
280 6.933440e-01 2.276000e-03 3.043800e-01
281 6.929880e-01 2.228000e-03 3.047840e-01
282 6.926160e-01 2.152000e-03 3.052320e-01
283 6.922600e-01 2.156000e-03 3.055840e-01
284 6.919800e-01 2.096000e-03 3.059240e-01
285 6.916520e-01 2.104000e-03 3.062440e-01
286 6.913600e-01 2.000000e-03 3.066400e-01
287 6.911080e-01 1.928000e-03 3.069640e-01
288 6.907280e-01 1.944000e-03 3.073280e-01
289 6.904000e-01 1.884000e-03 3.077160e-01
290 6.900240e-01 1.952000e-03 3.080240e-01
291 6.896760e-01 1.916000e-03 3.084080e-01
292 6.893280e-01 1.944000e-03 3.087280e-01
293 6.890320e-01 1.904000e-03 3.090640e-01
294 6.886760e-01 1.940000e-03 3.093840e-01
295 6.882840e-01 2.008000e-03 3.097080e-01
296 6.878360e-01 2.084000e-03 3.100800e-01
297 6.874280e-01 2.200000e-03 3.103720e-01
298 6.870640e-01 2.212000e-03 3.107240e-01
299 6.867040e-01 2.164000e-03 3.111320e-01
300 6.863160e-01 2.140000e-03 3.115440e-01
301 6.860120e-01 2.036000e-03 3.119520e-01
302 6.857600e-01 1.936000e-03 3.123040e-01
303 6.854640e-01 1.932000e-03 3.126040e-01
304 6.851800e-01 1.916000e-03 3.129040e-01
305 6.849320e-01 1.880000e-03 3.131880e-01
306 6.846560e-01 1.768000e-03 3.135760e-01
307 6.844200e-01 1.708000e-03 3.138720e-01
308 6.841440e-01 1.660000e-03 3.141960e-01
309 6.838920e-01 1.592000e-03 3.145160e-01
310 6.837000e-01 1.484000e-03 3.148160e-01
311 6.834760e-01 1.464000e-03 3.150600e-01
312 6.831520e-01 1.532000e-03 3.153160e-01
313 6.828400e-01 1.548000e-03 3.156120e-01
314 6.825280e-01 1.556000e-03 3.159160e-01
315 6.822960e-01 1.552000e-03 3.161520e-01
316 6.820200e-01 1.540000e-03 3.164400e-01
317 6.817280e-01 1.576000e-03 3.166960e-01
318 6.814000e-01 1.664000e-03 3.169360e-01
319 6.811640e-01 1.612000e-03 3.172240e-01
320 6.809080e-01 1.604000e-03 3.174880e-01
321 6.806680e-01 1.544000e-03 3.177880e-01
322 6.805080e-01 1.420000e-03 3.180720e-01
323 6.803160e-01 1.368000e-03 3.183160e-01
324 6.800960e-01 1.392000e-03 3.185120e-01
325 6.798760e-01 1.364000e-03 3.187600e-01
326 6.796840e-01 1.360000e-03 3.189560e-01
327 6.795040e-01 1.272000e-03 3.192240e-01
328 6.792880e-01 1.236000e-03 3.194760e-01
329 6.791040e-01 1.200000e-03 3.196960e-01
330 6.789280e-01 1.164000e-03 3.199080e-01
331 6.787280e-01 1.120000e-03 3.201520e-01
332 6.785320e-01 1.112000e-03 3.203560e-01
333 6.782840e-01 1.192000e-03 3.205240e-01
334 6.781200e-01 1.120000e-03 3.207600e-01
335 6.778880e-01 1.148000e-03 3.209640e-01
336 6.777400e-01 1.084000e-03 3.211760e-01
337 6.775200e-01 1.100000e-03 3.213800e-01
338 6.773920e-01 1.008000e-03 3.216000e-01
339 6.771960e-01 9.960000e-04 3.218080e-01
340 6.770240e-01 1.024000e-03 3.219520e-01
341 6.768640e-01 9.840000e-04 3.221520e-01
342 6.767320e-01 9.600000e-04 3.223080e-01
343 6.765600e-01 1.004000e-03 3.224360e-01
344 6.763720e-01 9.800000e-04 3.226480e-01
345 6.761680e-01 1.032000e-03 3.228000e-01
346 6.759480e-01 1.044000e-03 3.230080e-01
347 6.757480e-01 1.108000e-03 3.231440e-01
348 6.754560e-01 1.208000e-03 3.233360e-01
349 6.752360e-01 1.232000e-03 3.235320e-01
350 6.749760e-01 1.280000e-03 3.237440e-01
351 6.747640e-01 1.276000e-03 3.239600e-01
352 6.745800e-01 1.280000e-03 3.241400e-01
353 6.743840e-01 1.264000e-03 3.243520e-01
354 6.742200e-01 1.208000e-03 3.245720e-01
355 6.740680e-01 1.164000e-03 3.247680e-01
356 6.739080e-01 1.116000e-03 3.249760e-01
357 6.737080e-01 1.128000e-03 3.251640e-01
358 6.735120e-01 1.112000e-03 3.253760e-01
359 6.733400e-01 1.076000e-03 3.255840e-01
360 6.732120e-01 1.056000e-03 3.257320e-01
361 6.730600e-01 1.036000e-03 3.259040e-01
362 6.729120e-01 1.012000e-03 3.260760e-01
363 6.728240e-01 9.840000e-04 3.261920e-01
364 6.727000e-01 9.120000e-04 3.263880e-01
365 6.725920e-01 8.760000e-04 3.265320e-01
366 6.724840e-01 7.960000e-04 3.267200e-01
367 6.723720e-01 7.960000e-04 3.268320e-01
368 6.722480e-01 7.760000e-04 3.269760e-01
369 6.721320e-01 7.640000e-04 3.271040e-01
370 6.720200e-01 7.440000e-04 3.272360e-01
371 6.719000e-01 7.400000e-04 3.273600e-01
372 6.717440e-01 7.400000e-04 3.275160e-01
373 6.716240e-01 7.280000e-04 3.276480e-01
374 6.714600e-01 7.840000e-04 3.277560e-01
375 6.713360e-01 7.920000e-04 3.278720e-01
376 6.712240e-01 7.600000e-04 3.280160e-01
377 6.711120e-01 7.400000e-04 3.281480e-01
378 6.709960e-01 7.360000e-04 3.282680e-01
379 6.708720e-01 6.760000e-04 3.284520e-01
380 6.707320e-01 6.760000e-04 3.285920e-01
381 6.705240e-01 7.800000e-04 3.286960e-01
382 6.703560e-01 8.160000e-04 3.288280e-01
383 6.701080e-01 9.240000e-04 3.289680e-01
384 6.699400e-01 9.160000e-04 3.291440e-01
385 6.697680e-01 9.520000e-04 3.292800e-01
386 6.696120e-01 9.360000e-04 3.294520e-01
387 6.694720e-01 9.200000e-04 3.296080e-01
388 6.693080e-01 9.400000e-04 3.297520e-01
389 6.691360e-01 9.160000e-04 3.299480e-01
390 6.689640e-01 9.360000e-04 3.301000e-01
391 6.688320e-01 9.480000e-04 3.302200e-01
392 6.686640e-01 9.880000e-04 3.303480e-01
393 6.685200e-01 9.520000e-04 3.305280e-01
394 6.683960e-01 9.040000e-04 3.307000e-01
395 6.682880e-01 8.320000e-04 3.308800e-01
396 6.682240e-01 7.440000e-04 3.310320e-01
397 6.681160e-01 7.360000e-04 3.311480e-01
398 6.680120e-01 7.000000e-04 3.312880e-01
399 6.678760e-01 7.160000e-04 3.314080e-01
400 6.677520e-01 7.200000e-04 3.315280e-01
401 6.676400e-01 6.720000e-04 3.316880e-01
402 6.675640e-01 6.480000e-04 3.317880e-01
403 6.674640e-01 6.160000e-04 3.319200e-01
404 6.673840e-01 5.720000e-04 3.320440e-01
405 6.672640e-01 6.040000e-04 3.321320e-01
406 6.671560e-01 6.320000e-04 3.322120e-01
407 6.670800e-01 6.320000e-04 3.322880e-01
408 6.670040e-01 5.960000e-04 3.324000e-01
409 6.669280e-01 5.360000e-04 3.325360e-01
410 6.668600e-01 5.320000e-04 3.326080e-01
411 6.667640e-01 5.320000e-04 3.327040e-01
412 6.666680e-01 5.560000e-04 3.327760e-01
413 6.665640e-01 5.600000e-04 3.328760e-01
414 6.664960e-01 5.360000e-04 3.329680e-01
415 6.664320e-01 5.160000e-04 3.330520e-01
416 6.663800e-01 4.840000e-04 3.331360e-01
417 6.663400e-01 4.480000e-04 3.332120e-01
418 6.663040e-01 4.200000e-04 3.332760e-01
419 6.662240e-01 4.200000e-04 3.333560e-01
420 6.661840e-01 3.880000e-04 3.334280e-01
421 6.661280e-01 3.680000e-04 3.335040e-01
422 6.660800e-01 3.400000e-04 3.335800e-01
423 6.660200e-01 3.160000e-04 3.336640e-01
424 6.659880e-01 2.960000e-04 3.337160e-01
425 6.659360e-01 2.880000e-04 3.337760e-01
426 6.659120e-01 2.560000e-04 3.338320e-01
427 6.658840e-01 2.560000e-04 3.338600e-01
428 6.658520e-01 2.440000e-04 3.339040e-01
429 6.658280e-01 2.280000e-04 3.339440e-01
430 6.658160e-01 2.040000e-04 3.339800e-01
431 6.657960e-01 1.760000e-04 3.340280e-01
432 6.657880e-01 1.400000e-04 3.340720e-01
433 6.657840e-01 1.120000e-04 3.341040e-01
434 6.657760e-01 1.080000e-04 3.341160e-01
435 6.657720e-01 9.200000e-05 3.341360e-01
436 6.657520e-01 9.600000e-05 3.341520e-01
437 6.657400e-01 8.400000e-05 3.341760e-01
438 6.657200e-01 9.600000e-05 3.341840e-01
439 6.656800e-01 1.200000e-04 3.342000e-01
440 6.656520e-01 1.240000e-04 3.342240e-01
441 6.656320e-01 1.240000e-04 3.342440e-01
442 6.655760e-01 1.600000e-04 3.342640e-01
443 6.655480e-01 1.760000e-04 3.342760e-01
444 6.655200e-01 1.600000e-04 3.343200e-01
445 6.655040e-01 1.560000e-04 3.343400e-01
446 6.654920e-01 1.360000e-04 3.343720e-01
447 6.654600e-01 1.520000e-04 3.343880e-01
448 6.654320e-01 1.560000e-04 3.344120e-01
449 6.653920e-01 1.640000e-04 3.344440e-01
450 6.653640e-01 1.800000e-04 3.344560e-01
451 6.653360e-01 1.680000e-04 3.344960e-01
452 6.653080e-01 1.640000e-04 3.345280e-01
453 6.652600e-01 1.680000e-04 3.345720e-01
454 6.652200e-01 1.720000e-04 3.346080e-01
455 6.651840e-01 1.720000e-04 3.346440e-01
456 6.651440e-01 2.080000e-04 3.346480e-01
457 6.651200e-01 1.880000e-04 3.346920e-01
458 6.651000e-01 1.880000e-04 3.347120e-01
459 6.650720e-01 1.920000e-04 3.347360e-01
460 6.650160e-01 2.000000e-04 3.347840e-01
461 6.649560e-01 2.160000e-04 3.348280e-01
462 6.649200e-01 2.120000e-04 3.348680e-01
463 6.648840e-01 2.080000e-04 3.349080e-01
464 6.648600e-01 2.000000e-04 3.349400e-01
465 6.648400e-01 2.040000e-04 3.349560e-01
466 6.648280e-01 1.720000e-04 3.350000e-01
467 6.648160e-01 1.360000e-04 3.350480e-01
468 6.647920e-01 1.400000e-04 3.350680e-01
469 6.647520e-01 1.360000e-04 3.351120e-01
470 6.647320e-01 1.240000e-04 3.351440e-01
471 6.647120e-01 1.320000e-04 3.351560e-01
472 6.647000e-01 1.200000e-04 3.351800e-01
473 6.646960e-01 1.000000e-04 3.352040e-01
474 6.646880e-01 1.000000e-04 3.352120e-01
475 6.646760e-01 1.000000e-04 3.352240e-01
476 6.646680e-01 8.800000e-05 3.352440e-01
477 6.646640e-01 8.000000e-05 3.352560e-01
478 6.646600e-01 8.000000e-05 3.352600e-01
479 6.646600e-01 7.200000e-05 3.352680e-01
480 6.646480e-01 7.600000e-05 3.352760e-01
481 6.646480e-01 6.800000e-05 3.352840e-01
482 6.646360e-01 6.800000e-05 3.352960e-01
483 6.646280e-01 6.400000e-05 3.353080e-01
484 6.646160e-01 6.800000e-05 3.353160e-01
485 6.646120e-01 6.000000e-05 3.353280e-01
486 6.646040e-01 6.400000e-05 3.353320e-01
487 6.645880e-01 6.800000e-05 3.353440e-01
488 6.645840e-01 6.800000e-05 3.353480e-01
489 6.645720e-01 6.400000e-05 3.353640e-01
490 6.645720e-01 5.600000e-05 3.353720e-01
491 6.645680e-01 4.000000e-05 3.353920e-01
492 6.645600e-01 4.000000e-05 3.354000e-01
493 6.645600e-01 3.200000e-05 3.354080e-01
494 6.645560e-01 3.600000e-05 3.354080e-01
495 6.645520e-01 4.000000e-05 3.354080e-01
496 6.645360e-01 4.800000e-05 3.354160e-01
497 6.645280e-01 5.200000e-05 3.354200e-01
498 6.645200e-01 5.200000e-05 3.354280e-01
499 6.645200e-01 4.800000e-05 3.354320e-01
500 6.645200e-01 4.000000e-05 3.354400e-01
