1 9.992400e-01 6.560000e-04 1.040000e-04
2 9.987720e-01 9.600000e-04 2.680000e-04
3 9.982880e-01 1.260000e-03 4.520000e-04
4 9.975920e-01 1.688000e-03 7.200000e-04
5 9.970240e-01 1.912000e-03 1.064000e-03
6 9.963280e-01 2.244000e-03 1.428000e-03
7 9.956360e-01 2.544000e-03 1.820000e-03
8 9.947880e-01 2.968000e-03 2.244000e-03
9 9.938640e-01 3.368000e-03 2.768000e-03
10 9.929200e-01 3.600000e-03 3.480000e-03
11 9.920160e-01 3.808000e-03 4.176000e-03
12 9.911200e-01 4.024000e-03 4.856000e-03
13 9.901480e-01 4.204000e-03 5.648000e-03
14 9.891560e-01 4.496000e-03 6.348000e-03
15 9.880240e-01 4.860000e-03 7.116000e-03
16 9.869600e-01 4.988000e-03 8.052000e-03
17 9.858280e-01 5.192000e-03 8.980000e-03
18 9.846400e-01 5.500000e-03 9.860000e-03
19 9.834280e-01 5.708000e-03 1.086400e-02
20 9.823320e-01 5.804000e-03 1.186400e-02
21 9.809640e-01 6.156000e-03 1.288000e-02
22 9.797880e-01 6.220000e-03 1.399200e-02
23 9.783880e-01 6.520000e-03 1.509200e-02
24 9.770080e-01 6.720000e-03 1.627200e-02
25 9.755000e-01 7.028000e-03 1.747200e-02
26 9.739680e-01 7.228000e-03 1.880400e-02
27 9.725760e-01 7.316000e-03 2.010800e-02
28 9.710920e-01 7.464000e-03 2.144400e-02
29 9.695800e-01 7.620000e-03 2.280000e-02
30 9.681040e-01 7.784000e-03 2.411200e-02
31 9.665160e-01 8.060000e-03 2.542400e-02
32 9.647920e-01 8.416000e-03 2.679200e-02
33 9.632040e-01 8.384000e-03 2.841200e-02
34 9.615040e-01 8.660000e-03 2.983600e-02
35 9.598480e-01 8.872000e-03 3.128000e-02
36 9.582280e-01 8.808000e-03 3.296400e-02
37 9.564240e-01 9.072000e-03 3.450400e-02
38 9.546320e-01 9.224000e-03 3.614400e-02
39 9.529600e-01 9.396000e-03 3.764400e-02
40 9.511120e-01 9.592000e-03 3.929600e-02
41 9.493800e-01 9.688000e-03 4.093200e-02
42 9.476960e-01 9.700000e-03 4.260400e-02
43 9.458880e-01 9.876000e-03 4.423600e-02
44 9.441880e-01 9.908000e-03 4.590400e-02
45 9.425480e-01 9.804000e-03 4.764800e-02
46 9.410000e-01 9.756000e-03 4.924400e-02
47 9.392600e-01 9.772000e-03 5.096800e-02
48 9.375960e-01 9.844000e-03 5.256000e-02
49 9.357800e-01 9.988000e-03 5.423200e-02
50 9.341640e-01 9.684000e-03 5.615200e-02
51 9.325880e-01 9.276000e-03 5.813600e-02
52 9.309000e-01 9.320000e-03 5.978000e-02
53 9.293440e-01 9.216000e-03 6.144000e-02
54 9.276520e-01 9.228000e-03 6.312000e-02
55 9.260560e-01 9.096000e-03 6.484800e-02
56 9.243680e-01 9.312000e-03 6.632000e-02
57 9.226320e-01 9.460000e-03 6.790800e-02
58 9.209320e-01 9.508000e-03 6.956000e-02
59 9.192800e-01 9.520000e-03 7.120000e-02
60 9.175360e-01 9.696000e-03 7.276800e-02
61 9.157520e-01 9.840000e-03 7.440800e-02
62 9.140960e-01 9.764000e-03 7.614000e-02
63 9.123160e-01 9.896000e-03 7.778800e-02
64 9.105160e-01 9.908000e-03 7.957600e-02
65 9.086760e-01 1.015200e-02 8.117200e-02
66 9.068600e-01 1.019600e-02 8.294400e-02
67 9.050480e-01 1.029600e-02 8.465600e-02
68 9.032600e-01 1.029600e-02 8.644400e-02
69 9.015480e-01 1.022400e-02 8.822800e-02
70 8.998560e-01 1.010800e-02 9.003600e-02
71 8.981800e-01 9.996000e-03 9.182400e-02
72 8.965240e-01 1.004800e-02 9.342800e-02
73 8.950000e-01 9.892000e-03 9.510800e-02
74 8.933960e-01 9.816000e-03 9.678800e-02
75 8.915640e-01 1.002800e-02 9.840800e-02
76 8.899560e-01 9.928000e-03 1.001160e-01
77 8.881560e-01 1.002800e-02 1.018160e-01
78 8.863280e-01 1.004800e-02 1.036240e-01
79 8.844760e-01 1.022000e-02 1.053040e-01
80 8.827400e-01 1.009600e-02 1.071640e-01
81 8.808360e-01 1.017600e-02 1.089880e-01
82 8.790280e-01 1.030000e-02 1.106720e-01
83 8.772280e-01 1.029600e-02 1.124760e-01
84 8.755400e-01 1.005200e-02 1.144080e-01
85 8.738560e-01 9.964000e-03 1.161800e-01
86 8.722000e-01 9.916000e-03 1.178840e-01
87 8.703560e-01 1.000800e-02 1.196360e-01
88 8.686200e-01 9.944000e-03 1.214360e-01
89 8.668480e-01 9.872000e-03 1.232800e-01
90 8.650600e-01 1.005200e-02 1.248880e-01
91 8.633880e-01 9.836000e-03 1.267760e-01
92 8.618160e-01 9.608000e-03 1.285760e-01
93 8.602520e-01 9.500000e-03 1.302480e-01
94 8.586520e-01 9.456000e-03 1.318920e-01
95 8.569680e-01 9.436000e-03 1.335960e-01
96 8.553280e-01 9.380000e-03 1.352920e-01
97 8.538000e-01 9.312000e-03 1.368880e-01
98 8.523120e-01 9.276000e-03 1.384120e-01
99 8.507080e-01 9.204000e-03 1.400880e-01
100 8.491720e-01 8.968000e-03 1.418600e-01
101 8.477000e-01 8.844000e-03 1.434560e-01
102 8.462120e-01 8.792000e-03 1.449960e-01
103 8.446640e-01 8.684000e-03 1.466520e-01
104 8.432520e-01 8.580000e-03 1.481680e-01
105 8.416440e-01 8.628000e-03 1.497280e-01
106 8.400040e-01 8.876000e-03 1.511200e-01
107 8.384440e-01 8.820000e-03 1.527360e-01
108 8.368080e-01 8.988000e-03 1.542040e-01
109 8.351640e-01 9.116000e-03 1.557200e-01
110 8.335880e-01 9.144000e-03 1.572680e-01
111 8.318960e-01 9.192000e-03 1.589120e-01
112 8.303680e-01 9.140000e-03 1.604920e-01
113 8.286680e-01 9.356000e-03 1.619760e-01
114 8.270240e-01 9.420000e-03 1.635560e-01
115 8.252600e-01 9.580000e-03 1.651600e-01
116 8.236160e-01 9.520000e-03 1.668640e-01
117 8.219240e-01 9.464000e-03 1.686120e-01
118 8.203400e-01 9.360000e-03 1.703000e-01
119 8.189080e-01 9.216000e-03 1.718760e-01
120 8.175520e-01 8.972000e-03 1.734760e-01
121 8.161720e-01 8.852000e-03 1.749760e-01
122 8.146200e-01 8.916000e-03 1.764640e-01
123 8.132720e-01 8.712000e-03 1.780160e-01
124 8.117800e-01 8.672000e-03 1.795480e-01
125 8.102360e-01 8.648000e-03 1.811160e-01
126 8.087520e-01 8.532000e-03 1.827160e-01
127 8.073640e-01 8.420000e-03 1.842160e-01
128 8.059680e-01 8.304000e-03 1.857280e-01
129 8.046240e-01 8.184000e-03 1.871920e-01
130 8.032160e-01 8.176000e-03 1.886080e-01
131 8.016880e-01 8.308000e-03 1.900040e-01
132 8.003600e-01 8.116000e-03 1.915240e-01
133 7.990400e-01 7.948000e-03 1.930120e-01
134 7.976400e-01 8.104000e-03 1.942560e-01
135 7.963600e-01 7.984000e-03 1.956560e-01
136 7.950560e-01 7.920000e-03 1.970240e-01
137 7.936520e-01 8.004000e-03 1.983440e-01
138 7.923040e-01 7.992000e-03 1.997040e-01
139 7.908760e-01 8.064000e-03 2.010600e-01
140 7.894480e-01 8.092000e-03 2.024600e-01
141 7.879040e-01 8.284000e-03 2.038120e-01
142 7.864280e-01 8.296000e-03 2.052760e-01
143 7.849440e-01 8.376000e-03 2.066800e-01
144 7.834320e-01 8.384000e-03 2.081840e-01
145 7.819160e-01 8.436000e-03 2.096480e-01
146 7.803600e-01 8.416000e-03 2.112240e-01
147 7.788000e-01 8.576000e-03 2.126240e-01
148 7.774240e-01 8.328000e-03 2.142480e-01
149 7.761560e-01 8.128000e-03 2.157160e-01
150 7.747720e-01 8.152000e-03 2.170760e-01
151 7.735320e-01 7.976000e-03 2.184920e-01
152 7.722840e-01 7.916000e-03 2.198000e-01
153 7.709920e-01 7.836000e-03 2.211720e-01
154 7.696000e-01 7.988000e-03 2.224120e-01
155 7.683480e-01 7.872000e-03 2.237800e-01
156 7.669920e-01 7.844000e-03 2.251640e-01
157 7.657680e-01 7.636000e-03 2.265960e-01
158 7.646080e-01 7.460000e-03 2.279320e-01
159 7.633760e-01 7.400000e-03 2.292240e-01
160 7.621400e-01 7.236000e-03 2.306240e-01
161 7.610040e-01 7.132000e-03 2.318640e-01
162 7.598040e-01 7.088000e-03 2.331080e-01
163 7.586320e-01 7.040000e-03 2.343280e-01
164 7.574360e-01 7.020000e-03 2.355440e-01
165 7.561360e-01 7.164000e-03 2.367000e-01
166 7.549840e-01 7.064000e-03 2.379520e-01
167 7.538320e-01 6.976000e-03 2.391920e-01
168 7.526880e-01 6.836000e-03 2.404760e-01
169 7.515520e-01 6.756000e-03 2.416920e-01
170 7.504440e-01 6.640000e-03 2.429160e-01
171 7.491960e-01 6.804000e-03 2.440000e-01
172 7.481520e-01 6.640000e-03 2.452080e-01
173 7.470920e-01 6.556000e-03 2.463520e-01
174 7.460760e-01 6.444000e-03 2.474800e-01
175 7.450800e-01 6.336000e-03 2.485840e-01
176 7.440360e-01 6.280000e-03 2.496840e-01
177 7.429080e-01 6.308000e-03 2.507840e-01
178 7.418760e-01 6.176000e-03 2.519480e-01
179 7.408800e-01 6.040000e-03 2.530800e-01
180 7.398520e-01 6.064000e-03 2.540840e-01
181 7.389120e-01 5.996000e-03 2.550920e-01
182 7.379600e-01 5.916000e-03 2.561240e-01
183 7.368760e-01 6.024000e-03 2.571000e-01
184 7.358400e-01 6.152000e-03 2.580080e-01
185 7.348840e-01 6.148000e-03 2.589680e-01
186 7.338120e-01 6.096000e-03 2.600920e-01
187 7.327800e-01 6.132000e-03 2.610880e-01
188 7.317680e-01 6.136000e-03 2.620960e-01
189 7.307520e-01 5.988000e-03 2.632600e-01
190 7.297120e-01 6.080000e-03 2.642080e-01
191 7.287560e-01 5.940000e-03 2.653040e-01
192 7.277920e-01 5.916000e-03 2.662920e-01
193 7.268080e-01 5.884000e-03 2.673080e-01
194 7.258640e-01 5.860000e-03 2.682760e-01
195 7.250240e-01 5.648000e-03 2.693280e-01
196 7.241440e-01 5.460000e-03 2.703960e-01
197 7.232600e-01 5.428000e-03 2.713120e-01
198 7.224520e-01 5.356000e-03 2.721920e-01
199 7.216440e-01 5.212000e-03 2.731440e-01
200 7.208000e-01 5.092000e-03 2.741080e-01
201 7.199840e-01 5.040000e-03 2.749760e-01
202 7.191720e-01 5.008000e-03 2.758200e-01
203 7.182880e-01 5.020000e-03 2.766920e-01
204 7.173440e-01 5.112000e-03 2.775440e-01
205 7.164160e-01 5.272000e-03 2.783120e-01
206 7.155240e-01 5.284000e-03 2.791920e-01
207 7.146600e-01 5.176000e-03 2.801640e-01
208 7.136160e-01 5.300000e-03 2.810840e-01
209 7.127520e-01 5.280000e-03 2.819680e-01
210 7.118080e-01 5.348000e-03 2.828440e-01
211 7.108200e-01 5.408000e-03 2.837720e-01
212 7.098520e-01 5.380000e-03 2.847680e-01
213 7.088880e-01 5.412000e-03 2.857000e-01
214 7.079560e-01 5.364000e-03 2.866800e-01
215 7.070160e-01 5.284000e-03 2.877000e-01
216 7.061480e-01 5.312000e-03 2.885400e-01
217 7.050880e-01 5.416000e-03 2.894960e-01
218 7.041520e-01 5.476000e-03 2.903720e-01
219 7.031920e-01 5.432000e-03 2.913760e-01
220 7.023800e-01 5.280000e-03 2.923400e-01
221 7.016240e-01 5.156000e-03 2.932200e-01
222 7.008040e-01 5.096000e-03 2.941000e-01
223 7.000880e-01 4.884000e-03 2.950280e-01
224 6.992880e-01 4.840000e-03 2.958720e-01
225 6.985440e-01 4.852000e-03 2.966040e-01
226 6.977960e-01 4.808000e-03 2.973960e-01
227 6.970560e-01 4.728000e-03 2.982160e-01
228 6.963000e-01 4.596000e-03 2.991040e-01
229 6.954920e-01 4.528000e-03 2.999800e-01
230 6.948520e-01 4.376000e-03 3.007720e-01
231 6.942440e-01 4.192000e-03 3.015640e-01
232 6.935840e-01 4.116000e-03 3.023000e-01
233 6.929080e-01 4.040000e-03 3.030520e-01
234 6.922400e-01 4.064000e-03 3.036960e-01
235 6.916320e-01 3.916000e-03 3.044520e-01
236 6.909120e-01 3.976000e-03 3.051120e-01
237 6.901120e-01 4.100000e-03 3.057880e-01
238 6.893320e-01 4.092000e-03 3.065760e-01
239 6.885760e-01 4.140000e-03 3.072840e-01
240 6.878640e-01 4.188000e-03 3.079480e-01
241 6.871080e-01 4.172000e-03 3.087200e-01
242 6.864560e-01 4.084000e-03 3.094600e-01
243 6.857400e-01 4.132000e-03 3.101280e-01
244 6.850120e-01 4.148000e-03 3.108400e-01
245 6.842680e-01 4.220000e-03 3.115120e-01
246 6.835880e-01 4.184000e-03 3.122280e-01
247 6.827680e-01 4.356000e-03 3.128760e-01
248 6.820400e-01 4.336000e-03 3.136240e-01
249 6.813880e-01 4.296000e-03 3.143160e-01
250 6.806720e-01 4.380000e-03 3.149480e-01
251 6.799240e-01 4.316000e-03 3.157600e-01
252 6.792480e-01 4.240000e-03 3.165120e-01
253 6.785720e-01 4.252000e-03 3.171760e-01
254 6.779960e-01 4.084000e-03 3.179200e-01
255 6.773800e-01 3.960000e-03 3.186600e-01
256 6.768160e-01 3.836000e-03 3.193480e-01
257 6.761640e-01 3.864000e-03 3.199720e-01
258 6.756080e-01 3.812000e-03 3.205800e-01
259 6.750720e-01 3.740000e-03 3.211880e-01
260 6.743760e-01 3.716000e-03 3.219080e-01
261 6.738280e-01 3.532000e-03 3.226400e-01
262 6.732240e-01 3.452000e-03 3.233240e-01
263 6.727040e-01 3.380000e-03 3.239160e-01
264 6.720560e-01 3.392000e-03 3.245520e-01
265 6.714400e-01 3.372000e-03 3.251880e-01
266 6.707160e-01 3.588000e-03 3.256960e-01
267 6.700520e-01 3.532000e-03 3.264160e-01
268 6.695160e-01 3.420000e-03 3.270640e-01
269 6.689560e-01 3.340000e-03 3.277040e-01
270 6.683320e-01 3.388000e-03 3.282800e-01
271 6.677080e-01 3.428000e-03 3.288640e-01
272 6.671200e-01 3.324000e-03 3.295560e-01
273 6.665320e-01 3.320000e-03 3.301480e-01
274 6.658800e-01 3.328000e-03 3.307920e-01
275 6.652640e-01 3.300000e-03 3.314360e-01
276 6.647120e-01 3.312000e-03 3.319760e-01
277 6.640880e-01 3.388000e-03 3.325240e-01
278 6.634960e-01 3.468000e-03 3.330360e-01
279 6.627960e-01 3.560000e-03 3.336440e-01
280 6.621800e-01 3.528000e-03 3.342920e-01
281 6.616040e-01 3.436000e-03 3.349600e-01
282 6.609920e-01 3.496000e-03 3.355120e-01
283 6.604080e-01 3.472000e-03 3.361200e-01
284 6.599120e-01 3.356000e-03 3.367320e-01
285 6.593840e-01 3.356000e-03 3.372600e-01
286 6.587840e-01 3.308000e-03 3.379080e-01
287 6.582600e-01 3.264000e-03 3.384760e-01
288 6.577440e-01 3.208000e-03 3.390480e-01
289 6.571440e-01 3.216000e-03 3.396400e-01
290 6.566400e-01 3.192000e-03 3.401680e-01
291 6.561160e-01 3.172000e-03 3.407120e-01
292 6.555880e-01 3.112000e-03 3.413000e-01
293 6.551160e-01 3.032000e-03 3.418520e-01
294 6.546760e-01 2.924000e-03 3.424000e-01
295 6.542520e-01 2.888000e-03 3.428600e-01
296 6.538280e-01 2.796000e-03 3.433760e-01
297 6.533920e-01 2.728000e-03 3.438800e-01
298 6.529400e-01 2.684000e-03 3.443760e-01
299 6.523960e-01 2.732000e-03 3.448720e-01
300 6.519640e-01 2.692000e-03 3.453440e-01
301 6.515880e-01 2.644000e-03 3.457680e-01
302 6.511200e-01 2.640000e-03 3.462400e-01
303 6.507520e-01 2.504000e-03 3.467440e-01
304 6.504280e-01 2.412000e-03 3.471600e-01
305 6.500760e-01 2.296000e-03 3.476280e-01
306 6.497640e-01 2.136000e-03 3.481000e-01
307 6.494720e-01 2.052000e-03 3.484760e-01
308 6.492120e-01 1.936000e-03 3.488520e-01
309 6.489320e-01 1.800000e-03 3.492680e-01
310 6.485880e-01 1.828000e-03 3.495840e-01
311 6.483080e-01 1.760000e-03 3.499320e-01
312 6.481160e-01 1.600000e-03 3.502840e-01
313 6.478360e-01 1.612000e-03 3.505520e-01
314 6.475200e-01 1.648000e-03 3.508320e-01
315 6.472120e-01 1.692000e-03 3.510960e-01
316 6.468800e-01 1.684000e-03 3.514360e-01
317 6.466160e-01 1.608000e-03 3.517760e-01
318 6.463680e-01 1.580000e-03 3.520520e-01
319 6.460880e-01 1.544000e-03 3.523680e-01
320 6.457880e-01 1.564000e-03 3.526480e-01
321 6.455760e-01 1.444000e-03 3.529800e-01
322 6.453840e-01 1.392000e-03 3.532240e-01
323 6.451960e-01 1.308000e-03 3.534960e-01
324 6.450000e-01 1.304000e-03 3.536960e-01
325 6.448560e-01 1.256000e-03 3.538880e-01
326 6.446200e-01 1.304000e-03 3.540760e-01
327 6.444440e-01 1.288000e-03 3.542680e-01
328 6.441320e-01 1.376000e-03 3.544920e-01
329 6.438200e-01 1.460000e-03 3.547200e-01
330 6.435480e-01 1.384000e-03 3.550680e-01
331 6.432720e-01 1.392000e-03 3.553360e-01
332 6.430400e-01 1.380000e-03 3.555800e-01
333 6.427560e-01 1.448000e-03 3.557960e-01
334 6.425120e-01 1.476000e-03 3.560120e-01
335 6.422160e-01 1.492000e-03 3.562920e-01
336 6.419360e-01 1.520000e-03 3.565440e-01
337 6.416600e-01 1.548000e-03 3.567920e-01
338 6.414400e-01 1.484000e-03 3.570760e-01
339 6.411840e-01 1.524000e-03 3.572920e-01
340 6.409440e-01 1.456000e-03 3.576000e-01
341 6.407360e-01 1.404000e-03 3.578600e-01
342 6.405640e-01 1.316000e-03 3.581200e-01
343 6.403680e-01 1.300000e-03 3.583320e-01
344 6.402040e-01 1.216000e-03 3.585800e-01
345 6.400640e-01 1.156000e-03 3.587800e-01
346 6.399240e-01 1.104000e-03 3.589720e-01
347 6.397880e-01 1.012000e-03 3.592000e-01
348 6.396280e-01 1.008000e-03 3.593640e-01
349 6.394600e-01 9.840000e-04 3.595560e-01
350 6.392840e-01 1.020000e-03 3.596960e-01
351 6.391520e-01 1.012000e-03 3.598360e-01
352 6.390200e-01 9.800000e-04 3.600000e-01
353 6.387920e-01 1.048000e-03 3.601600e-01
354 6.386240e-01 1.052000e-03 3.603240e-01
355 6.384680e-01 1.048000e-03 3.604840e-01
356 6.382960e-01 9.920000e-04 3.607120e-01
357 6.381960e-01 9.040000e-04 3.609000e-01
358 6.380720e-01 8.400000e-04 3.610880e-01
359 6.379520e-01 8.000000e-04 3.612480e-01
360 6.378600e-01 7.240000e-04 3.614160e-01
361 6.377080e-01 7.440000e-04 3.615480e-01
362 6.375800e-01 7.480000e-04 3.616720e-01
363 6.374800e-01 7.280000e-04 3.617920e-01
364 6.373640e-01 7.200000e-04 3.619160e-01
365 6.372720e-01 6.400000e-04 3.620880e-01
366 6.371680e-01 6.280000e-04 3.622040e-01
367 6.370720e-01 6.200000e-04 3.623080e-01
368 6.369640e-01 6.240000e-04 3.624120e-01
369 6.368200e-01 6.800000e-04 3.625000e-01
370 6.367120e-01 6.560000e-04 3.626320e-01
371 6.365840e-01 6.840000e-04 3.627320e-01
372 6.364840e-01 6.600000e-04 3.628560e-01
373 6.363680e-01 6.800000e-04 3.629520e-01
374 6.362640e-01 6.720000e-04 3.630640e-01
375 6.361400e-01 6.680000e-04 3.631920e-01
376 6.360680e-01 6.440000e-04 3.632880e-01
377 6.359800e-01 6.240000e-04 3.633960e-01
378 6.359120e-01 5.720000e-04 3.635160e-01
379 6.358200e-01 5.200000e-04 3.636600e-01
380 6.357040e-01 5.520000e-04 3.637440e-01
381 6.356400e-01 5.120000e-04 3.638480e-01
382 6.356000e-01 4.400000e-04 3.639600e-01
383 6.355480e-01 4.200000e-04 3.640320e-01
384 6.355000e-01 4.120000e-04 3.640880e-01
385 6.354440e-01 3.760000e-04 3.641800e-01
386 6.353640e-01 3.760000e-04 3.642600e-01
387 6.353440e-01 3.120000e-04 3.643440e-01
388 6.352840e-01 3.080000e-04 3.644080e-01
389 6.352120e-01 3.240000e-04 3.644640e-01
390 6.351240e-01 3.600000e-04 3.645160e-01
391 6.350440e-01 3.960000e-04 3.645600e-01
392 6.349920e-01 3.760000e-04 3.646320e-01
393 6.349520e-01 3.360000e-04 3.647120e-01
394 6.349160e-01 3.040000e-04 3.647800e-01
395 6.348960e-01 2.680000e-04 3.648360e-01
396 6.348600e-01 2.520000e-04 3.648880e-01
397 6.348440e-01 2.200000e-04 3.649360e-01
398 6.348360e-01 1.720000e-04 3.649920e-01
399 6.348000e-01 1.800000e-04 3.650200e-01
400 6.347800e-01 1.760000e-04 3.650440e-01
401 6.347640e-01 1.560000e-04 3.650800e-01
402 6.347360e-01 1.520000e-04 3.651120e-01
403 6.347000e-01 1.680000e-04 3.651320e-01
404 6.346640e-01 1.640000e-04 3.651720e-01
405 6.346480e-01 1.720000e-04 3.651800e-01
406 6.346120e-01 1.880000e-04 3.652000e-01
407 6.345920e-01 1.800000e-04 3.652280e-01
408 6.345680e-01 1.640000e-04 3.652680e-01
409 6.345160e-01 1.760000e-04 3.653080e-01
410 6.344920e-01 1.600000e-04 3.653480e-01
411 6.344760e-01 1.640000e-04 3.653600e-01
412 6.344440e-01 1.680000e-04 3.653880e-01
413 6.344320e-01 1.520000e-04 3.654160e-01
414 6.344040e-01 1.480000e-04 3.654480e-01
415 6.343920e-01 1.400000e-04 3.654680e-01
416 6.343680e-01 1.440000e-04 3.654880e-01
417 6.343360e-01 1.400000e-04 3.655240e-01
418 6.343240e-01 1.320000e-04 3.655440e-01
419 6.342920e-01 1.360000e-04 3.655720e-01
420 6.342520e-01 1.600000e-04 3.655880e-01
421 6.342200e-01 1.600000e-04 3.656200e-01
422 6.342040e-01 1.560000e-04 3.656400e-01
423 6.341600e-01 1.720000e-04 3.656680e-01
424 6.341320e-01 1.760000e-04 3.656920e-01
425 6.340960e-01 1.840000e-04 3.657200e-01
426 6.340400e-01 1.960000e-04 3.657640e-01
427 6.339960e-01 2.160000e-04 3.657880e-01
428 6.339600e-01 2.160000e-04 3.658240e-01
429 6.339160e-01 2.360000e-04 3.658480e-01
430 6.338960e-01 2.040000e-04 3.659000e-01
431 6.338600e-01 2.160000e-04 3.659240e-01
432 6.338200e-01 2.200000e-04 3.659600e-01
433 6.337920e-01 2.080000e-04 3.660000e-01
434 6.337520e-01 2.280000e-04 3.660200e-01
435 6.337200e-01 2.400000e-04 3.660400e-01
436 6.336640e-01 2.400000e-04 3.660960e-01
437 6.336440e-01 2.240000e-04 3.661320e-01
438 6.336160e-01 2.240000e-04 3.661600e-01
439 6.335640e-01 2.280000e-04 3.662080e-01
440 6.335320e-01 2.120000e-04 3.662560e-01
441 6.335040e-01 2.040000e-04 3.662920e-01
442 6.334560e-01 2.240000e-04 3.663200e-01
443 6.334000e-01 2.400000e-04 3.663600e-01
444 6.333640e-01 2.320000e-04 3.664040e-01
445 6.333240e-01 2.240000e-04 3.664520e-01
446 6.332960e-01 2.200000e-04 3.664840e-01
447 6.332600e-01 2.080000e-04 3.665320e-01
448 6.332320e-01 2.040000e-04 3.665640e-01
449 6.332200e-01 1.840000e-04 3.665960e-01
450 6.332080e-01 1.680000e-04 3.666240e-01
451 6.332040e-01 1.440000e-04 3.666520e-01
452 6.331920e-01 1.280000e-04 3.666800e-01
453 6.331840e-01 1.120000e-04 3.667040e-01
454 6.331640e-01 1.080000e-04 3.667280e-01
455 6.331440e-01 8.400000e-05 3.667720e-01
456 6.331400e-01 7.600000e-05 3.667840e-01
457 6.331000e-01 1.000000e-04 3.668000e-01
458 6.330680e-01 1.120000e-04 3.668200e-01
459 6.330560e-01 1.080000e-04 3.668360e-01
460 6.330480e-01 1.000000e-04 3.668520e-01
461 6.330160e-01 1.000000e-04 3.668840e-01
462 6.329840e-01 9.600000e-05 3.669200e-01
463 6.329640e-01 1.120000e-04 3.669240e-01
464 6.329520e-01 1.200000e-04 3.669280e-01
465 6.329280e-01 1.280000e-04 3.669440e-01
466 6.328880e-01 1.480000e-04 3.669640e-01
467 6.328320e-01 1.880000e-04 3.669800e-01
468 6.327960e-01 1.920000e-04 3.670120e-01
469 6.327760e-01 1.800000e-04 3.670440e-01
470 6.327440e-01 1.760000e-04 3.670800e-01
471 6.326920e-01 1.960000e-04 3.671120e-01
472 6.326520e-01 2.120000e-04 3.671360e-01
473 6.326280e-01 2.040000e-04 3.671680e-01
474 6.326080e-01 2.040000e-04 3.671880e-01
475 6.325800e-01 2.080000e-04 3.672120e-01
476 6.325400e-01 2.120000e-04 3.672480e-01
477 6.325040e-01 2.320000e-04 3.672640e-01
478 6.324880e-01 2.000000e-04 3.673120e-01
479 6.324520e-01 2.000000e-04 3.673480e-01
480 6.324240e-01 1.880000e-04 3.673880e-01
481 6.323800e-01 2.000000e-04 3.674200e-01
482 6.323080e-01 2.320000e-04 3.674600e-01
483 6.322480e-01 2.560000e-04 3.674960e-01
484 6.321960e-01 2.600000e-04 3.675440e-01
485 6.321280e-01 2.840000e-04 3.675880e-01
486 6.320240e-01 3.320000e-04 3.676440e-01
487 6.319720e-01 3.280000e-04 3.677000e-01
488 6.319480e-01 2.840000e-04 3.677680e-01
489 6.318640e-01 3.280000e-04 3.678080e-01
490 6.318200e-01 3.040000e-04 3.678760e-01
491 6.317720e-01 2.840000e-04 3.679440e-01
492 6.317320e-01 3.080000e-04 3.679600e-01
493 6.316720e-01 2.960000e-04 3.680320e-01
494 6.316360e-01 2.960000e-04 3.680680e-01
495 6.315680e-01 2.480000e-04 3.681840e-01
496 6.315360e-01 2.120000e-04 3.682520e-01
497 6.314880e-01 2.160000e-04 3.682960e-01
498 6.314360e-01 2.240000e-04 3.683400e-01
499 6.313880e-01 2.320000e-04 3.683800e-01
500 6.313400e-01 2.520000e-04 3.684080e-01
