1 9.990880e-01 8.200000e-04 9.200000e-05
2 9.984400e-01 1.296000e-03 2.640000e-04
3 9.977440e-01 1.740000e-03 5.160000e-04
4 9.967560e-01 2.420000e-03 8.240000e-04
5 9.957120e-01 3.012000e-03 1.276000e-03
6 9.946880e-01 3.476000e-03 1.836000e-03
7 9.935280e-01 4.004000e-03 2.468000e-03
8 9.922720e-01 4.452000e-03 3.276000e-03
9 9.912040e-01 4.688000e-03 4.108000e-03
10 9.900600e-01 4.948000e-03 4.992000e-03
11 9.888520e-01 5.248000e-03 5.900000e-03
12 9.875680e-01 5.556000e-03 6.876000e-03
13 9.863640e-01 5.728000e-03 7.908000e-03
14 9.851000e-01 6.040000e-03 8.860000e-03
15 9.837280e-01 6.412000e-03 9.860000e-03
16 9.821920e-01 6.768000e-03 1.104000e-02
17 9.806760e-01 7.160000e-03 1.216400e-02
18 9.791240e-01 7.400000e-03 1.347600e-02
19 9.778120e-01 7.352000e-03 1.483600e-02
20 9.762760e-01 7.484000e-03 1.624000e-02
21 9.748200e-01 7.740000e-03 1.744000e-02
22 9.733800e-01 7.884000e-03 1.873600e-02
23 9.718000e-01 8.052000e-03 2.014800e-02
24 9.702240e-01 8.360000e-03 2.141600e-02
25 9.685520e-01 8.536000e-03 2.291200e-02
26 9.669760e-01 8.576000e-03 2.444800e-02
27 9.654720e-01 8.692000e-03 2.583600e-02
28 9.639440e-01 8.692000e-03 2.736400e-02
29 9.622680e-01 8.880000e-03 2.885200e-02
30 9.608360e-01 8.796000e-03 3.036800e-02
31 9.591840e-01 8.852000e-03 3.196400e-02
32 9.575520e-01 8.980000e-03 3.346800e-02
33 9.559120e-01 9.036000e-03 3.505200e-02
34 9.540880e-01 9.320000e-03 3.659200e-02
35 9.522880e-01 9.504000e-03 3.820800e-02
36 9.504080e-01 9.772000e-03 3.982000e-02
37 9.487640e-01 9.680000e-03 4.155600e-02
38 9.469280e-01 9.752000e-03 4.332000e-02
39 9.450880e-01 9.656000e-03 4.525600e-02
40 9.433120e-01 9.744000e-03 4.694400e-02
41 9.416440e-01 9.696000e-03 4.866000e-02
42 9.398600e-01 9.944000e-03 5.019600e-02
43 9.381440e-01 9.904000e-03 5.195200e-02
44 9.363680e-01 9.916000e-03 5.371600e-02
45 9.347600e-01 9.760000e-03 5.548000e-02
46 9.330520e-01 9.768000e-03 5.718000e-02
47 9.311880e-01 9.968000e-03 5.884400e-02
48 9.293640e-01 1.000800e-02 6.062800e-02
49 9.275560e-01 1.006800e-02 6.237600e-02
50 9.257160e-01 1.020400e-02 6.408000e-02
51 9.238640e-01 1.028000e-02 6.585600e-02
52 9.221560e-01 1.020800e-02 6.763600e-02
53 9.203600e-01 1.035600e-02 6.928400e-02
54 9.184200e-01 1.056000e-02 7.102000e-02
55 9.165920e-01 1.047200e-02 7.293600e-02
56 9.146560e-01 1.062800e-02 7.471600e-02
57 9.126280e-01 1.070000e-02 7.667200e-02
58 9.108360e-01 1.057200e-02 7.859200e-02
59 9.089040e-01 1.081200e-02 8.028400e-02
60 9.069880e-01 1.077600e-02 8.223600e-02
61 9.050800e-01 1.069600e-02 8.422400e-02
62 9.031120e-01 1.076800e-02 8.612000e-02
63 9.012720e-01 1.079200e-02 8.793600e-02
64 8.994320e-01 1.084400e-02 8.972400e-02
65 8.976880e-01 1.080000e-02 9.151200e-02
66 8.958560e-01 1.073200e-02 9.341200e-02
67 8.939480e-01 1.070000e-02 9.535200e-02
68 8.922000e-01 1.058800e-02 9.721200e-02
69 8.903720e-01 1.059200e-02 9.903600e-02
70 8.885640e-01 1.057600e-02 1.008600e-01
71 8.867080e-01 1.047600e-02 1.028160e-01
72 8.850800e-01 1.017200e-02 1.047480e-01
73 8.833120e-01 1.017200e-02 1.065160e-01
74 8.814440e-01 1.035200e-02 1.082040e-01
75 8.796240e-01 1.048800e-02 1.098880e-01
76 8.778240e-01 1.058000e-02 1.115960e-01
77 8.760080e-01 1.053600e-02 1.134560e-01
78 8.741920e-01 1.047600e-02 1.153320e-01
79 8.723840e-01 1.048400e-02 1.171320e-01
80 8.705640e-01 1.037200e-02 1.190640e-01
81 8.687600e-01 1.032000e-02 1.209200e-01
82 8.671920e-01 1.013200e-02 1.226760e-01
83 8.655000e-01 9.996000e-03 1.245040e-01
84 8.636880e-01 1.010000e-02 1.262120e-01
85 8.618840e-01 1.007600e-02 1.280400e-01
86 8.600240e-01 1.009200e-02 1.298840e-01
87 8.583000e-01 1.017200e-02 1.315280e-01
88 8.566280e-01 1.003200e-02 1.333400e-01
89 8.548040e-01 1.016000e-02 1.350360e-01
90 8.530200e-01 1.027200e-02 1.367080e-01
91 8.510480e-01 1.048800e-02 1.384640e-01
92 8.491960e-01 1.048800e-02 1.403160e-01
93 8.472840e-01 1.056800e-02 1.421480e-01
94 8.453680e-01 1.063600e-02 1.439960e-01
95 8.435120e-01 1.054000e-02 1.459480e-01
96 8.415000e-01 1.064400e-02 1.478560e-01
97 8.395000e-01 1.062000e-02 1.498800e-01
98 8.377440e-01 1.054000e-02 1.517160e-01
99 8.358320e-01 1.047600e-02 1.536920e-01
100 8.341840e-01 1.039200e-02 1.554240e-01
101 8.325480e-01 1.022800e-02 1.572240e-01
102 8.306800e-01 1.038000e-02 1.589400e-01
103 8.288800e-01 1.027200e-02 1.608480e-01
104 8.272280e-01 1.022400e-02 1.625480e-01
105 8.256080e-01 1.003200e-02 1.643600e-01
106 8.237880e-01 1.023600e-02 1.659760e-01
107 8.219720e-01 1.019200e-02 1.678360e-01
108 8.203080e-01 1.018800e-02 1.695040e-01
109 8.186320e-01 1.026000e-02 1.711080e-01
110 8.169360e-01 1.000400e-02 1.730600e-01
111 8.151120e-01 1.004000e-02 1.748480e-01
112 8.134680e-01 9.904000e-03 1.766280e-01
113 8.117760e-01 9.812000e-03 1.784120e-01
114 8.100960e-01 9.860000e-03 1.800440e-01
115 8.084280e-01 9.780000e-03 1.817920e-01
116 8.066280e-01 9.828000e-03 1.835440e-01
117 8.047640e-01 9.780000e-03 1.854560e-01
118 8.032280e-01 9.592000e-03 1.871800e-01
119 8.015920e-01 9.488000e-03 1.889200e-01
120 7.996600e-01 9.840000e-03 1.905000e-01
121 7.979800e-01 9.828000e-03 1.921920e-01
122 7.963920e-01 9.828000e-03 1.937800e-01
123 7.947240e-01 9.724000e-03 1.955520e-01
124 7.930600e-01 9.680000e-03 1.972600e-01
125 7.913840e-01 9.712000e-03 1.989040e-01
126 7.897160e-01 9.772000e-03 2.005120e-01
127 7.879640e-01 9.700000e-03 2.023360e-01
128 7.864040e-01 9.660000e-03 2.039360e-01
129 7.847240e-01 9.588000e-03 2.056880e-01
130 7.831640e-01 9.388000e-03 2.074480e-01
131 7.814720e-01 9.536000e-03 2.089920e-01
132 7.798000e-01 9.596000e-03 2.106040e-01
133 7.782520e-01 9.568000e-03 2.121800e-01
134 7.768040e-01 9.276000e-03 2.139200e-01
135 7.753520e-01 9.088000e-03 2.155600e-01
136 7.739960e-01 8.904000e-03 2.171000e-01
137 7.725800e-01 8.792000e-03 2.186280e-01
138 7.712880e-01 8.460000e-03 2.202520e-01
139 7.700520e-01 8.236000e-03 2.217120e-01
140 7.685440e-01 8.304000e-03 2.231520e-01
141 7.673600e-01 8.116000e-03 2.245240e-01
142 7.660760e-01 8.112000e-03 2.258120e-01
143 7.646600e-01 8.068000e-03 2.272720e-01
144 7.633960e-01 7.852000e-03 2.287520e-01
145 7.622280e-01 7.628000e-03 2.301440e-01
146 7.610840e-01 7.508000e-03 2.314080e-01
147 7.596480e-01 7.640000e-03 2.327120e-01
148 7.583040e-01 7.644000e-03 2.340520e-01
149 7.571600e-01 7.584000e-03 2.352560e-01
150 7.558560e-01 7.532000e-03 2.366120e-01
151 7.545840e-01 7.392000e-03 2.380240e-01
152 7.534120e-01 7.180000e-03 2.394080e-01
153 7.522200e-01 7.208000e-03 2.405720e-01
154 7.510560e-01 7.168000e-03 2.417760e-01
155 7.497720e-01 7.228000e-03 2.430000e-01
156 7.483720e-01 7.440000e-03 2.441880e-01
157 7.471560e-01 7.504000e-03 2.453400e-01
158 7.461280e-01 7.260000e-03 2.466120e-01
159 7.447480e-01 7.352000e-03 2.479000e-01
160 7.436200e-01 7.108000e-03 2.492720e-01
161 7.423080e-01 7.272000e-03 2.504200e-01
162 7.411840e-01 7.204000e-03 2.516120e-01
163 7.399920e-01 7.220000e-03 2.527880e-01
164 7.387760e-01 7.308000e-03 2.539160e-01
165 7.375000e-01 7.288000e-03 2.552120e-01
166 7.361800e-01 7.252000e-03 2.565680e-01
167 7.347960e-01 7.396000e-03 2.578080e-01
168 7.336120e-01 7.300000e-03 2.590880e-01
169 7.324120e-01 7.272000e-03 2.603160e-01
170 7.310360e-01 7.296000e-03 2.616680e-01
171 7.299240e-01 7.232000e-03 2.628440e-01
172 7.287560e-01 7.200000e-03 2.640440e-01
173 7.276600e-01 6.908000e-03 2.654320e-01
174 7.265920e-01 6.860000e-03 2.665480e-01
175 7.255840e-01 6.632000e-03 2.677840e-01
176 7.245480e-01 6.384000e-03 2.690680e-01
177 7.233320e-01 6.484000e-03 2.701840e-01
178 7.222080e-01 6.412000e-03 2.713800e-01
179 7.211800e-01 6.276000e-03 2.725440e-01
180 7.201400e-01 6.344000e-03 2.735160e-01
181 7.189640e-01 6.404000e-03 2.746320e-01
182 7.177760e-01 6.400000e-03 2.758240e-01
183 7.168440e-01 6.216000e-03 2.769400e-01
184 7.158320e-01 6.196000e-03 2.779720e-01
185 7.148480e-01 6.056000e-03 2.790960e-01
186 7.138360e-01 5.956000e-03 2.802080e-01
187 7.126600e-01 6.024000e-03 2.813160e-01
188 7.117160e-01 5.964000e-03 2.823200e-01
189 7.106480e-01 5.992000e-03 2.833600e-01
190 7.096680e-01 5.816000e-03 2.845160e-01
191 7.085760e-01 5.948000e-03 2.854760e-01
192 7.075840e-01 5.968000e-03 2.864480e-01
193 7.065840e-01 6.032000e-03 2.873840e-01
194 7.055560e-01 5.972000e-03 2.884720e-01
195 7.045680e-01 5.900000e-03 2.895320e-01
196 7.035400e-01 5.940000e-03 2.905200e-01
197 7.027520e-01 5.724000e-03 2.915240e-01
198 7.018120e-01 5.696000e-03 2.924920e-01
199 7.008360e-01 5.768000e-03 2.933960e-01
200 7.000040e-01 5.536000e-03 2.944600e-01
201 6.992160e-01 5.304000e-03 2.954800e-01
202 6.982240e-01 5.288000e-03 2.964880e-01
203 6.973800e-01 5.156000e-03 2.974640e-01
204 6.965200e-01 5.072000e-03 2.984080e-01
205 6.956720e-01 5.052000e-03 2.992760e-01
206 6.946960e-01 5.172000e-03 3.001320e-01
207 6.937680e-01 5.220000e-03 3.010120e-01
208 6.929280e-01 5.128000e-03 3.019440e-01
209 6.920360e-01 5.132000e-03 3.028320e-01
210 6.910840e-01 5.224000e-03 3.036920e-01
211 6.901800e-01 5.204000e-03 3.046160e-01
212 6.892360e-01 5.264000e-03 3.055000e-01
213 6.883160e-01 5.212000e-03 3.064720e-01
214 6.874720e-01 5.164000e-03 3.073640e-01
215 6.864960e-01 5.232000e-03 3.082720e-01
216 6.856600e-01 5.172000e-03 3.091680e-01
217 6.848920e-01 5.040000e-03 3.100680e-01
218 6.841920e-01 4.868000e-03 3.109400e-01
219 6.834240e-01 4.844000e-03 3.117320e-01
220 6.826400e-01 4.864000e-03 3.124960e-01
221 6.819880e-01 4.688000e-03 3.133240e-01
222 6.813080e-01 4.424000e-03 3.142680e-01
223 6.805240e-01 4.484000e-03 3.149920e-01
224 6.798400e-01 4.404000e-03 3.157560e-01
225 6.791800e-01 4.428000e-03 3.163920e-01
226 6.784280e-01 4.340000e-03 3.172320e-01
227 6.776760e-01 4.348000e-03 3.179760e-01
228 6.770480e-01 4.256000e-03 3.186960e-01
229 6.762520e-01 4.200000e-03 3.195480e-01
230 6.755480e-01 4.160000e-03 3.202920e-01
231 6.747200e-01 4.236000e-03 3.210440e-01
232 6.739080e-01 4.280000e-03 3.218120e-01
233 6.731200e-01 4.212000e-03 3.226680e-01
234 6.723800e-01 4.248000e-03 3.233720e-01
235 6.716040e-01 4.280000e-03 3.241160e-01
236 6.708760e-01 4.276000e-03 3.248480e-01
237 6.701880e-01 4.260000e-03 3.255520e-01
238 6.694840e-01 4.176000e-03 3.263400e-01
239 6.688320e-01 4.152000e-03 3.270160e-01
240 6.681480e-01 4.184000e-03 3.276680e-01
241 6.675400e-01 4.044000e-03 3.284160e-01
242 6.669640e-01 3.892000e-03 3.291440e-01
243 6.663600e-01 3.784000e-03 3.298560e-01
244 6.657560e-01 3.636000e-03 3.306080e-01
245 6.650960e-01 3.656000e-03 3.312480e-01
246 6.644960e-01 3.696000e-03 3.318080e-01
247 6.639400e-01 3.608000e-03 3.324520e-01
248 6.633720e-01 3.560000e-03 3.330680e-01
249 6.628240e-01 3.452000e-03 3.337240e-01
250 6.622600e-01 3.444000e-03 3.342960e-01
251 6.617240e-01 3.380000e-03 3.348960e-01
252 6.612280e-01 3.200000e-03 3.355720e-01
253 6.606120e-01 3.224000e-03 3.361640e-01
254 6.601080e-01 3.152000e-03 3.367400e-01
255 6.595960e-01 3.068000e-03 3.373360e-01
256 6.591280e-01 2.880000e-03 3.379920e-01
257 6.586080e-01 2.880000e-03 3.385120e-01
258 6.580960e-01 2.812000e-03 3.390920e-01
259 6.575560e-01 2.876000e-03 3.395680e-01
260 6.570040e-01 2.916000e-03 3.400800e-01
261 6.565000e-01 2.872000e-03 3.406280e-01
262 6.559960e-01 2.888000e-03 3.411160e-01
263 6.555000e-01 2.908000e-03 3.415920e-01
264 6.550560e-01 2.836000e-03 3.421080e-01
265 6.546600e-01 2.836000e-03 3.425040e-01
266 6.542120e-01 2.828000e-03 3.429600e-01
267 6.537760e-01 2.724000e-03 3.435000e-01
268 6.533360e-01 2.684000e-03 3.439800e-01
269 6.529440e-01 2.572000e-03 3.444840e-01
270 6.525200e-01 2.544000e-03 3.449360e-01
271 6.520840e-01 2.500000e-03 3.454160e-01
272 6.516840e-01 2.492000e-03 3.458240e-01
273 6.512720e-01 2.408000e-03 3.463200e-01
274 6.508320e-01 2.444000e-03 3.467240e-01
275 6.504560e-01 2.344000e-03 3.472000e-01
276 6.500160e-01 2.384000e-03 3.476000e-01
277 6.495960e-01 2.408000e-03 3.479960e-01
278 6.491720e-01 2.388000e-03 3.484400e-01
279 6.487160e-01 2.424000e-03 3.488600e-01
280 6.482720e-01 2.376000e-03 3.493520e-01
281 6.478800e-01 2.364000e-03 3.497560e-01
282 6.473960e-01 2.484000e-03 3.501200e-01
283 6.469440e-01 2.480000e-03 3.505760e-01
284 6.464680e-01 2.560000e-03 3.509720e-01
285 6.460000e-01 2.572000e-03 3.514280e-01
286 6.454680e-01 2.704000e-03 3.518280e-01
287 6.449360e-01 2.800000e-03 3.522640e-01
288 6.444480e-01 2.812000e-03 3.527400e-01
289 6.439200e-01 2.844000e-03 3.532360e-01
290 6.434240e-01 2.812000e-03 3.537640e-01
291 6.428720e-01 2.884000e-03 3.542440e-01
292 6.422280e-01 3.040000e-03 3.547320e-01
293 6.416920e-01 2.948000e-03 3.553600e-01
294 6.412560e-01 2.944000e-03 3.558000e-01
295 6.408200e-01 2.784000e-03 3.563960e-01
296 6.403720e-01 2.764000e-03 3.568640e-01
297 6.398440e-01 2.864000e-03 3.572920e-01
298 6.394400e-01 2.808000e-03 3.577520e-01
299 6.389680e-01 2.784000e-03 3.582480e-01
300 6.385760e-01 2.720000e-03 3.587040e-01
301 6.381120e-01 2.716000e-03 3.591720e-01
302 6.376120e-01 2.756000e-03 3.596320e-01
303 6.372080e-01 2.668000e-03 3.601240e-01
304 6.367440e-01 2.680000e-03 3.605760e-01
305 6.363280e-01 2.640000e-03 3.610320e-01
306 6.358680e-01 2.624000e-03 3.615080e-01
307 6.353800e-01 2.592000e-03 3.620280e-01
308 6.349640e-01 2.556000e-03 3.624800e-01
309 6.344320e-01 2.652000e-03 3.629160e-01
310 6.338800e-01 2.728000e-03 3.633920e-01
311 6.333920e-01 2.728000e-03 3.638800e-01
312 6.329000e-01 2.756000e-03 3.643440e-01
313 6.323520e-01 2.820000e-03 3.648280e-01
314 6.318520e-01 2.836000e-03 3.653120e-01
315 6.313360e-01 2.884000e-03 3.657800e-01
316 6.308320e-01 2.832000e-03 3.663360e-01
317 6.303640e-01 2.800000e-03 3.668360e-01
318 6.299480e-01 2.724000e-03 3.673280e-01
319 6.295480e-01 2.596000e-03 3.678560e-01
320 6.292520e-01 2.436000e-03 3.683120e-01
321 6.288960e-01 2.396000e-03 3.687080e-01
322 6.284800e-01 2.396000e-03 3.691240e-01
323 6.279920e-01 2.532000e-03 3.694760e-01
324 6.275480e-01 2.596000e-03 3.698560e-01
325 6.270960e-01 2.628000e-03 3.702760e-01
326 6.265800e-01 2.676000e-03 3.707440e-01
327 6.261160e-01 2.716000e-03 3.711680e-01
328 6.256960e-01 2.616000e-03 3.716880e-01
329 6.252080e-01 2.652000e-03 3.721400e-01
330 6.247720e-01 2.572000e-03 3.726560e-01
331 6.243680e-01 2.524000e-03 3.731080e-01
332 6.239520e-01 2.488000e-03 3.735600e-01
333 6.235840e-01 2.424000e-03 3.739920e-01
334 6.231840e-01 2.356000e-03 3.744600e-01
335 6.227880e-01 2.340000e-03 3.748720e-01
336 6.223840e-01 2.316000e-03 3.753000e-01
337 6.220440e-01 2.228000e-03 3.757280e-01
338 6.216280e-01 2.256000e-03 3.761160e-01
339 6.213360e-01 2.168000e-03 3.764960e-01
340 6.209960e-01 2.120000e-03 3.768840e-01
341 6.207360e-01 1.968000e-03 3.772960e-01
342 6.204520e-01 1.908000e-03 3.776400e-01
343 6.200400e-01 2.004000e-03 3.779560e-01
344 6.197200e-01 2.024000e-03 3.782560e-01
345 6.194680e-01 1.888000e-03 3.786440e-01
346 6.191800e-01 1.800000e-03 3.790200e-01
347 6.188400e-01 1.820000e-03 3.793400e-01
348 6.184880e-01 1.816000e-03 3.796960e-01
349 6.182200e-01 1.760000e-03 3.800200e-01
350 6.180040e-01 1.700000e-03 3.802960e-01
351 6.177680e-01 1.628000e-03 3.806040e-01
352 6.174880e-01 1.548000e-03 3.809640e-01
353 6.172080e-01 1.580000e-03 3.812120e-01
354 6.169360e-01 1.644000e-03 3.814200e-01
355 6.166320e-01 1.640000e-03 3.817280e-01
356 6.163800e-01 1.632000e-03 3.819880e-01
357 6.162240e-01 1.480000e-03 3.822960e-01
358 6.159680e-01 1.440000e-03 3.825920e-01
359 6.157400e-01 1.352000e-03 3.829080e-01
360 6.154560e-01 1.412000e-03 3.831320e-01
361 6.152200e-01 1.436000e-03 3.833440e-01
362 6.149000e-01 1.488000e-03 3.836120e-01
363 6.146840e-01 1.452000e-03 3.838640e-01
364 6.144200e-01 1.432000e-03 3.841480e-01
365 6.141800e-01 1.444000e-03 3.843760e-01
366 6.139160e-01 1.452000e-03 3.846320e-01
367 6.136960e-01 1.408000e-03 3.848960e-01
368 6.134560e-01 1.344000e-03 3.852000e-01
369 6.132040e-01 1.392000e-03 3.854040e-01
370 6.130040e-01 1.324000e-03 3.856720e-01
371 6.128120e-01 1.288000e-03 3.859000e-01
372 6.126040e-01 1.284000e-03 3.861120e-01
373 6.123720e-01 1.272000e-03 3.863560e-01
374 6.121800e-01 1.244000e-03 3.865760e-01
375 6.119920e-01 1.228000e-03 3.867800e-01
376 6.118320e-01 1.260000e-03 3.869080e-01
377 6.116160e-01 1.260000e-03 3.871240e-01
378 6.114040e-01 1.248000e-03 3.873480e-01
379 6.112400e-01 1.180000e-03 3.875800e-01
380 6.110960e-01 1.136000e-03 3.877680e-01
381 6.109520e-01 1.096000e-03 3.879520e-01
382 6.107800e-01 1.076000e-03 3.881440e-01
383 6.105600e-01 1.160000e-03 3.882800e-01
384 6.103920e-01 1.112000e-03 3.884960e-01
385 6.102080e-01 1.100000e-03 3.886920e-01
386 6.100160e-01 1.144000e-03 3.888400e-01
387 6.098160e-01 1.100000e-03 3.890840e-01
388 6.096320e-01 1.128000e-03 3.892400e-01
389 6.094680e-01 1.092000e-03 3.894400e-01
390 6.092160e-01 1.228000e-03 3.895560e-01
391 6.090240e-01 1.188000e-03 3.897880e-01
392 6.087680e-01 1.228000e-03 3.900040e-01
393 6.085280e-01 1.264000e-03 3.902080e-01
394 6.083520e-01 1.240000e-03 3.904080e-01
395 6.081400e-01 1.264000e-03 3.905960e-01
396 6.079120e-01 1.248000e-03 3.908400e-01
397 6.076880e-01 1.284000e-03 3.910280e-01
398 6.075120e-01 1.252000e-03 3.912360e-01
399 6.073400e-01 1.244000e-03 3.914160e-01
400 6.071400e-01 1.236000e-03 3.916240e-01
401 6.069440e-01 1.192000e-03 3.918640e-01
402 6.067880e-01 1.160000e-03 3.920520e-01
403 6.066080e-01 1.136000e-03 3.922560e-01
404 6.063880e-01 1.120000e-03 3.924920e-01
405 6.061240e-01 1.192000e-03 3.926840e-01
406 6.058760e-01 1.224000e-03 3.929000e-01
407 6.056040e-01 1.316000e-03 3.930800e-01
408 6.053680e-01 1.328000e-03 3.933040e-01
409 6.051400e-01 1.308000e-03 3.935520e-01
410 6.049040e-01 1.340000e-03 3.937560e-01
411 6.047360e-01 1.264000e-03 3.940000e-01
412 6.045240e-01 1.260000e-03 3.942160e-01
413 6.043840e-01 1.204000e-03 3.944120e-01
414 6.042360e-01 1.132000e-03 3.946320e-01
415 6.040800e-01 1.072000e-03 3.948480e-01
416 6.038920e-01 1.080000e-03 3.950280e-01
417 6.037120e-01 1.060000e-03 3.952280e-01
418 6.035280e-01 1.080000e-03 3.953920e-01
419 6.033480e-01 1.060000e-03 3.955920e-01
420 6.031920e-01 9.840000e-04 3.958240e-01
421 6.029760e-01 1.060000e-03 3.959640e-01
422 6.027920e-01 1.040000e-03 3.961680e-01
423 6.025920e-01 1.052000e-03 3.963560e-01
424 6.024160e-01 1.076000e-03 3.965080e-01
425 6.022480e-01 1.016000e-03 3.967360e-01
426 6.021000e-01 1.000000e-03 3.969000e-01
427 6.019680e-01 9.360000e-04 3.970960e-01
428 6.018360e-01 9.080000e-04 3.972560e-01
429 6.017120e-01 8.920000e-04 3.973960e-01
430 6.015920e-01 8.640000e-04 3.975440e-01
431 6.014120e-01 9.400000e-04 3.976480e-01
432 6.012720e-01 9.480000e-04 3.977800e-01
433 6.011560e-01 9.120000e-04 3.979320e-01
434 6.010080e-01 8.800000e-04 3.981120e-01
435 6.009000e-01 8.400000e-04 3.982600e-01
436 6.007120e-01 8.800000e-04 3.984080e-01
437 6.006040e-01 8.120000e-04 3.985840e-01
438 6.004760e-01 7.920000e-04 3.987320e-01
439 6.003720e-01 7.600000e-04 3.988680e-01
440 6.002360e-01 7.600000e-04 3.990040e-01
441 6.001400e-01 6.840000e-04 3.991760e-01
442 6.000600e-01 6.560000e-04 3.992840e-01
443 5.999280e-01 6.680000e-04 3.994040e-01
444 5.998040e-01 6.480000e-04 3.995480e-01
445 5.996720e-01 6.800000e-04 3.996480e-01
446 5.995560e-01 6.600000e-04 3.997840e-01
447 5.993960e-01 7.360000e-04 3.998680e-01
448 5.992280e-01 7.760000e-04 3.999960e-01
449 5.991360e-01 6.800000e-04 4.001840e-01
450 5.990200e-01 6.760000e-04 4.003040e-01
451 5.988800e-01 6.880000e-04 4.004320e-01
452 5.988000e-01 6.440000e-04 4.005560e-01
453 5.986600e-01 6.800000e-04 4.006600e-01
454 5.985600e-01 6.880000e-04 4.007520e-01
455 5.984560e-01 7.160000e-04 4.008280e-01
456 5.983280e-01 7.320000e-04 4.009400e-01
457 5.982120e-01 7.320000e-04 4.010560e-01
458 5.980920e-01 7.280000e-04 4.011800e-01
459 5.979720e-01 6.880000e-04 4.013400e-01
460 5.978520e-01 6.320000e-04 4.015160e-01
461 5.977320e-01 6.440000e-04 4.016240e-01
462 5.975880e-01 6.760000e-04 4.017360e-01
463 5.974680e-01 6.600000e-04 4.018720e-01
464 5.973760e-01 6.560000e-04 4.019680e-01
465 5.972600e-01 6.400000e-04 4.021000e-01
466 5.971680e-01 6.040000e-04 4.022280e-01
467 5.970400e-01 6.480000e-04 4.023120e-01
468 5.969520e-01 6.000000e-04 4.024480e-01
469 5.968920e-01 5.720000e-04 4.025360e-01
470 5.967680e-01 5.720000e-04 4.026600e-01
471 5.966600e-01 5.880000e-04 4.027520e-01
472 5.965200e-01 6.440000e-04 4.028360e-01
473 5.964360e-01 6.040000e-04 4.029600e-01
474 5.963320e-01 6.280000e-04 4.030400e-01
475 5.962280e-01 6.080000e-04 4.031640e-01
476 5.961320e-01 6.000000e-04 4.032680e-01
477 5.960000e-01 6.320000e-04 4.033680e-01
478 5.958920e-01 6.040000e-04 4.035040e-01
479 5.957560e-01 6.160000e-04 4.036280e-01
480 5.956520e-01 6.160000e-04 4.037320e-01
481 5.955080e-01 6.680000e-04 4.038240e-01
482 5.953680e-01 6.680000e-04 4.039640e-01
483 5.952240e-01 6.960000e-04 4.040800e-01
484 5.951160e-01 6.800000e-04 4.042040e-01
485 5.950080e-01 6.640000e-04 4.043280e-01
486 5.949160e-01 6.320000e-04 4.044520e-01
487 5.947760e-01 6.800000e-04 4.045440e-01
488 5.946720e-01 6.640000e-04 4.046640e-01
489 5.945560e-01 6.840000e-04 4.047600e-01
490 5.944360e-01 7.040000e-04 4.048600e-01
491 5.943320e-01 6.600000e-04 4.050080e-01
492 5.942600e-01 6.600000e-04 4.050800e-01
493 5.941360e-01 6.800000e-04 4.051840e-01
494 5.940400e-01 6.680000e-04 4.052920e-01
495 5.939400e-01 6.320000e-04 4.054280e-01
496 5.938000e-01 6.200000e-04 4.055800e-01
497 5.937200e-01 5.760000e-04 4.057040e-01
498 5.936120e-01 6.000000e-04 4.057880e-01
499 5.935040e-01 6.040000e-04 4.058920e-01
500 5.934000e-01 6.080000e-04 4.059920e-01
