1 9.991920e-01 7.040000e-04 1.040000e-04
2 9.985960e-01 1.160000e-03 2.440000e-04
3 9.978880e-01 1.604000e-03 5.080000e-04
4 9.971920e-01 1.992000e-03 8.160000e-04
5 9.963520e-01 2.468000e-03 1.180000e-03
6 9.953920e-01 2.952000e-03 1.656000e-03
7 9.944280e-01 3.408000e-03 2.164000e-03
8 9.935040e-01 3.780000e-03 2.716000e-03
9 9.923320e-01 4.232000e-03 3.436000e-03
10 9.911680e-01 4.680000e-03 4.152000e-03
11 9.900280e-01 4.892000e-03 5.080000e-03
12 9.889600e-01 5.124000e-03 5.916000e-03
13 9.877720e-01 5.372000e-03 6.856000e-03
14 9.864600e-01 5.708000e-03 7.832000e-03
15 9.852640e-01 5.928000e-03 8.808000e-03
16 9.839280e-01 6.296000e-03 9.776000e-03
17 9.824480e-01 6.624000e-03 1.092800e-02
18 9.809120e-01 6.988000e-03 1.210000e-02
19 9.794760e-01 7.132000e-03 1.339200e-02
20 9.781440e-01 7.192000e-03 1.466400e-02
21 9.767880e-01 7.252000e-03 1.596000e-02
22 9.753800e-01 7.292000e-03 1.732800e-02
23 9.739200e-01 7.480000e-03 1.860000e-02
24 9.725280e-01 7.496000e-03 1.997600e-02
25 9.709480e-01 7.848000e-03 2.120400e-02
26 9.694160e-01 8.048000e-03 2.253600e-02
27 9.677960e-01 8.308000e-03 2.389600e-02
28 9.661520e-01 8.432000e-03 2.541600e-02
29 9.645240e-01 8.572000e-03 2.690400e-02
30 9.630400e-01 8.556000e-03 2.840400e-02
31 9.614320e-01 8.708000e-03 2.986000e-02
32 9.597680e-01 8.952000e-03 3.128000e-02
33 9.581000e-01 9.076000e-03 3.282400e-02
34 9.562320e-01 9.432000e-03 3.433600e-02
35 9.544400e-01 9.684000e-03 3.587600e-02
36 9.527240e-01 9.772000e-03 3.750400e-02
37 9.510160e-01 9.896000e-03 3.908800e-02
38 9.491840e-01 1.000400e-02 4.081200e-02
39 9.473800e-01 1.002800e-02 4.259200e-02
40 9.457320e-01 9.952000e-03 4.431600e-02
41 9.441200e-01 9.848000e-03 4.603200e-02
42 9.426400e-01 9.732000e-03 4.762800e-02
43 9.410040e-01 9.732000e-03 4.926400e-02
44 9.393480e-01 9.728000e-03 5.092400e-02
45 9.375320e-01 9.840000e-03 5.262800e-02
46 9.358320e-01 9.848000e-03 5.432000e-02
47 9.341000e-01 9.920000e-03 5.598000e-02
48 9.322720e-01 9.948000e-03 5.778000e-02
49 9.305520e-01 9.876000e-03 5.957200e-02
50 9.287520e-01 9.960000e-03 6.128800e-02
51 9.270600e-01 9.832000e-03 6.310800e-02
52 9.250720e-01 1.007600e-02 6.485200e-02
53 9.231600e-01 1.025600e-02 6.658400e-02
54 9.213480e-01 1.023600e-02 6.841600e-02
55 9.194720e-01 1.027200e-02 7.025600e-02
56 9.176680e-01 1.024800e-02 7.208400e-02
57 9.157480e-01 1.033600e-02 7.391600e-02
58 9.139640e-01 1.019200e-02 7.584400e-02
59 9.121000e-01 1.024400e-02 7.765600e-02
60 9.103560e-01 1.039600e-02 7.924800e-02
61 9.084840e-01 1.061600e-02 8.090000e-02
62 9.064080e-01 1.074000e-02 8.285200e-02
63 9.044280e-01 1.091200e-02 8.466000e-02
64 9.025560e-01 1.096400e-02 8.648000e-02
65 9.007440e-01 1.076800e-02 8.848800e-02
66 8.989320e-01 1.072000e-02 9.034800e-02
67 8.972440e-01 1.047200e-02 9.228400e-02
68 8.955520e-01 1.030800e-02 9.414000e-02
69 8.940440e-01 1.016400e-02 9.579200e-02
70 8.924080e-01 9.988000e-03 9.760400e-02
71 8.907400e-01 9.896000e-03 9.936400e-02
72 8.892280e-01 9.588000e-03 1.011840e-01
73 8.877080e-01 9.440000e-03 1.028520e-01
74 8.861040e-01 9.276000e-03 1.046200e-01
75 8.843880e-01 9.464000e-03 1.061480e-01
76 8.826720e-01 9.536000e-03 1.077920e-01
77 8.811760e-01 9.292000e-03 1.095320e-01
78 8.795040e-01 9.468000e-03 1.110280e-01
79 8.777960e-01 9.472000e-03 1.127320e-01
80 8.759280e-01 9.784000e-03 1.142880e-01
81 8.741600e-01 9.704000e-03 1.161360e-01
82 8.724400e-01 9.716000e-03 1.178440e-01
83 8.707680e-01 9.780000e-03 1.194520e-01
84 8.690400e-01 9.864000e-03 1.210960e-01
85 8.671520e-01 1.010800e-02 1.227400e-01
86 8.652920e-01 1.024800e-02 1.244600e-01
87 8.636400e-01 1.018400e-02 1.261760e-01
88 8.618120e-01 1.035600e-02 1.278320e-01
89 8.600840e-01 1.024400e-02 1.296720e-01
90 8.583120e-01 1.023200e-02 1.314560e-01
91 8.566560e-01 1.006800e-02 1.332760e-01
92 8.548840e-01 1.016800e-02 1.349480e-01
93 8.532920e-01 1.010800e-02 1.366000e-01
94 8.515800e-01 1.006800e-02 1.383520e-01
95 8.500000e-01 9.952000e-03 1.400480e-01
96 8.484360e-01 9.832000e-03 1.417320e-01
97 8.467080e-01 9.808000e-03 1.434840e-01
98 8.450160e-01 9.868000e-03 1.451160e-01
99 8.433880e-01 9.760000e-03 1.468520e-01
100 8.416360e-01 9.872000e-03 1.484920e-01
101 8.398040e-01 1.005600e-02 1.501400e-01
102 8.382160e-01 9.764000e-03 1.520200e-01
103 8.366960e-01 9.640000e-03 1.536640e-01
104 8.350480e-01 9.616000e-03 1.553360e-01
105 8.335520e-01 9.340000e-03 1.571080e-01
106 8.319600e-01 9.284000e-03 1.587560e-01
107 8.302760e-01 9.272000e-03 1.604520e-01
108 8.287720e-01 9.052000e-03 1.621760e-01
109 8.274080e-01 8.884000e-03 1.637080e-01
110 8.259720e-01 8.768000e-03 1.652600e-01
111 8.244240e-01 8.724000e-03 1.668520e-01
112 8.228760e-01 8.784000e-03 1.683400e-01
113 8.213920e-01 8.748000e-03 1.698600e-01
114 8.200440e-01 8.580000e-03 1.713760e-01
115 8.185920e-01 8.552000e-03 1.728560e-01
116 8.172480e-01 8.476000e-03 1.742760e-01
117 8.158360e-01 8.404000e-03 1.757600e-01
118 8.143800e-01 8.320000e-03 1.773000e-01
119 8.130200e-01 8.252000e-03 1.787280e-01
120 8.116520e-01 8.060000e-03 1.802880e-01
121 8.102800e-01 8.040000e-03 1.816800e-01
122 8.088640e-01 8.040000e-03 1.830960e-01
123 8.074880e-01 8.032000e-03 1.844800e-01
124 8.061000e-01 8.068000e-03 1.858320e-01
125 8.047080e-01 8.140000e-03 1.871520e-01
126 8.033200e-01 8.100000e-03 1.885800e-01
127 8.018960e-01 8.072000e-03 1.900320e-01
128 8.006440e-01 7.844000e-03 1.915120e-01
129 7.991680e-01 7.944000e-03 1.928880e-01
130 7.979520e-01 7.760000e-03 1.942880e-01
131 7.967720e-01 7.692000e-03 1.955360e-01
132 7.954480e-01 7.680000e-03 1.968720e-01
133 7.941680e-01 7.640000e-03 1.981920e-01
134 7.928360e-01 7.728000e-03 1.994360e-01
135 7.915480e-01 7.620000e-03 2.008320e-01
136 7.903520e-01 7.532000e-03 2.021160e-01
137 7.890880e-01 7.496000e-03 2.034160e-01
138 7.877960e-01 7.416000e-03 2.047880e-01
139 7.865120e-01 7.372000e-03 2.061160e-01
140 7.851360e-01 7.424000e-03 2.074400e-01
141 7.839200e-01 7.344000e-03 2.087360e-01
142 7.825600e-01 7.572000e-03 2.098680e-01
143 7.812440e-01 7.588000e-03 2.111680e-01
144 7.800000e-01 7.476000e-03 2.125240e-01
145 7.787440e-01 7.388000e-03 2.138680e-01
146 7.773360e-01 7.488000e-03 2.151760e-01
147 7.759680e-01 7.676000e-03 2.163560e-01
148 7.746440e-01 7.740000e-03 2.176160e-01
149 7.733560e-01 7.652000e-03 2.189920e-01
150 7.718880e-01 7.720000e-03 2.203920e-01
151 7.705800e-01 7.676000e-03 2.217440e-01
152 7.695000e-01 7.380000e-03 2.231200e-01
153 7.683240e-01 7.292000e-03 2.243840e-01
154 7.670480e-01 7.224000e-03 2.257280e-01
155 7.659360e-01 7.088000e-03 2.269760e-01
156 7.646960e-01 7.092000e-03 2.282120e-01
157 7.634800e-01 7.060000e-03 2.294600e-01
158 7.623640e-01 6.904000e-03 2.307320e-01
159 7.611600e-01 6.916000e-03 2.319240e-01
160 7.599360e-01 7.004000e-03 2.330600e-01
161 7.586600e-01 6.948000e-03 2.343920e-01
162 7.575040e-01 6.924000e-03 2.355720e-01
163 7.564240e-01 6.796000e-03 2.367800e-01
164 7.553800e-01 6.720000e-03 2.379000e-01
165 7.543200e-01 6.548000e-03 2.391320e-01
166 7.532880e-01 6.344000e-03 2.403680e-01
167 7.522600e-01 6.220000e-03 2.415200e-01
168 7.511760e-01 6.052000e-03 2.427720e-01
169 7.501960e-01 5.888000e-03 2.439160e-01
170 7.492520e-01 5.860000e-03 2.448880e-01
171 7.483120e-01 5.836000e-03 2.458520e-01
172 7.474560e-01 5.740000e-03 2.468040e-01
173 7.465920e-01 5.660000e-03 2.477480e-01
174 7.456520e-01 5.684000e-03 2.486640e-01
175 7.447360e-01 5.708000e-03 2.495560e-01
176 7.438320e-01 5.600000e-03 2.505680e-01
177 7.429440e-01 5.444000e-03 2.516120e-01
178 7.422960e-01 5.188000e-03 2.525160e-01
179 7.415800e-01 5.156000e-03 2.532640e-01
180 7.408800e-01 4.908000e-03 2.542120e-01
181 7.401480e-01 4.800000e-03 2.550520e-01
182 7.395320e-01 4.576000e-03 2.558920e-01
183 7.386960e-01 4.684000e-03 2.566200e-01
184 7.379200e-01 4.640000e-03 2.574400e-01
185 7.371440e-01 4.540000e-03 2.583160e-01
186 7.363600e-01 4.500000e-03 2.591400e-01
187 7.356400e-01 4.296000e-03 2.600640e-01
188 7.349280e-01 4.324000e-03 2.607480e-01
189 7.340920e-01 4.340000e-03 2.615680e-01
190 7.332640e-01 4.388000e-03 2.623480e-01
191 7.325040e-01 4.420000e-03 2.630760e-01
192 7.317600e-01 4.348000e-03 2.638920e-01
193 7.308880e-01 4.440000e-03 2.646720e-01
194 7.299200e-01 4.636000e-03 2.654440e-01
195 7.290840e-01 4.612000e-03 2.663040e-01
196 7.282680e-01 4.596000e-03 2.671360e-01
197 7.273840e-01 4.772000e-03 2.678440e-01
198 7.263760e-01 4.988000e-03 2.686360e-01
199 7.254280e-01 5.004000e-03 2.695680e-01
200 7.245680e-01 5.016000e-03 2.704160e-01
201 7.235520e-01 5.124000e-03 2.713240e-01
202 7.226800e-01 5.132000e-03 2.721880e-01
203 7.218360e-01 5.116000e-03 2.730480e-01
204 7.208960e-01 5.192000e-03 2.739120e-01
205 7.200160e-01 5.192000e-03 2.747920e-01
206 7.191360e-01 5.260000e-03 2.756040e-01
207 7.181520e-01 5.380000e-03 2.764680e-01
208 7.172040e-01 5.368000e-03 2.774280e-01
209 7.163040e-01 5.420000e-03 2.782760e-01
210 7.153120e-01 5.496000e-03 2.791920e-01
211 7.145200e-01 5.304000e-03 2.801760e-01
212 7.137160e-01 5.232000e-03 2.810520e-01
213 7.129560e-01 5.184000e-03 2.818600e-01
214 7.119480e-01 5.340000e-03 2.827120e-01
215 7.109280e-01 5.352000e-03 2.837200e-01
216 7.099560e-01 5.408000e-03 2.846360e-01
217 7.090920e-01 5.272000e-03 2.856360e-01
218 7.082920e-01 5.164000e-03 2.865440e-01
219 7.074400e-01 5.144000e-03 2.874160e-01
220 7.065920e-01 5.140000e-03 2.882680e-01
221 7.058920e-01 5.016000e-03 2.890920e-01
222 7.050960e-01 4.972000e-03 2.899320e-01
223 7.042480e-01 4.928000e-03 2.908240e-01
224 7.033760e-01 5.008000e-03 2.916160e-01
225 7.025000e-01 5.060000e-03 2.924400e-01
226 7.017200e-01 4.808000e-03 2.934720e-01
227 7.009040e-01 4.776000e-03 2.943200e-01
228 7.001240e-01 4.772000e-03 2.951040e-01
229 6.994160e-01 4.660000e-03 2.959240e-01
230 6.985200e-01 4.804000e-03 2.966760e-01
231 6.977520e-01 4.764000e-03 2.974840e-01
232 6.969280e-01 4.688000e-03 2.983840e-01
233 6.962720e-01 4.544000e-03 2.991840e-01
234 6.954720e-01 4.548000e-03 2.999800e-01
235 6.947280e-01 4.448000e-03 3.008240e-01
236 6.940000e-01 4.384000e-03 3.016160e-01
237 6.932120e-01 4.428000e-03 3.023600e-01
238 6.924560e-01 4.452000e-03 3.030920e-01
239 6.916720e-01 4.512000e-03 3.038160e-01
240 6.909680e-01 4.388000e-03 3.046440e-01
241 6.902000e-01 4.384000e-03 3.054160e-01
242 6.894480e-01 4.376000e-03 3.061760e-01
243 6.886840e-01 4.280000e-03 3.070360e-01
244 6.878680e-01 4.356000e-03 3.077760e-01
245 6.872160e-01 4.256000e-03 3.085280e-01
246 6.864920e-01 4.280000e-03 3.092280e-01
247 6.857880e-01 4.304000e-03 3.099080e-01
248 6.850760e-01 4.244000e-03 3.106800e-01
249 6.843200e-01 4.148000e-03 3.115320e-01
250 6.836280e-01 4.096000e-03 3.122760e-01
251 6.828520e-01 4.056000e-03 3.130920e-01
252 6.821840e-01 4.068000e-03 3.137480e-01
253 6.815440e-01 3.992000e-03 3.144640e-01
254 6.809440e-01 3.900000e-03 3.151560e-01
255 6.802440e-01 3.992000e-03 3.157640e-01
256 6.794560e-01 4.012000e-03 3.165320e-01
257 6.787960e-01 3.980000e-03 3.172240e-01
258 6.781960e-01 3.896000e-03 3.179080e-01
259 6.775120e-01 3.852000e-03 3.186360e-01
260 6.769800e-01 3.660000e-03 3.193600e-01
261 6.763360e-01 3.632000e-03 3.200320e-01
262 6.758320e-01 3.500000e-03 3.206680e-01
263 6.752480e-01 3.420000e-03 3.213320e-01
264 6.745680e-01 3.452000e-03 3.219800e-01
265 6.739800e-01 3.404000e-03 3.226160e-01
266 6.734120e-01 3.352000e-03 3.232360e-01
267 6.727360e-01 3.440000e-03 3.238240e-01
268 6.720880e-01 3.476000e-03 3.244360e-01
269 6.714400e-01 3.524000e-03 3.250360e-01
270 6.707920e-01 3.504000e-03 3.257040e-01
271 6.701080e-01 3.564000e-03 3.263280e-01
272 6.694480e-01 3.556000e-03 3.269960e-01
273 6.687160e-01 3.628000e-03 3.276560e-01
274 6.679760e-01 3.728000e-03 3.282960e-01
275 6.672920e-01 3.720000e-03 3.289880e-01
276 6.666000e-01 3.748000e-03 3.296520e-01
277 6.659720e-01 3.696000e-03 3.303320e-01
278 6.654240e-01 3.668000e-03 3.309080e-01
279 6.648120e-01 3.648000e-03 3.315400e-01
280 6.642440e-01 3.588000e-03 3.321680e-01
281 6.636720e-01 3.512000e-03 3.328160e-01
282 6.631240e-01 3.396000e-03 3.334800e-01
283 6.626200e-01 3.364000e-03 3.340160e-01
284 6.619720e-01 3.452000e-03 3.345760e-01
285 6.613280e-01 3.536000e-03 3.351360e-01
286 6.607360e-01 3.552000e-03 3.357120e-01
287 6.601680e-01 3.572000e-03 3.362600e-01
288 6.595240e-01 3.536000e-03 3.369400e-01
289 6.587880e-01 3.612000e-03 3.376000e-01
290 6.582120e-01 3.488000e-03 3.383000e-01
291 6.576080e-01 3.472000e-03 3.389200e-01
292 6.569720e-01 3.456000e-03 3.395720e-01
293 6.563280e-01 3.520000e-03 3.401520e-01
294 6.556960e-01 3.520000e-03 3.407840e-01
295 6.550360e-01 3.616000e-03 3.413480e-01
296 6.543880e-01 3.568000e-03 3.420440e-01
297 6.538000e-01 3.516000e-03 3.426840e-01
298 6.531200e-01 3.560000e-03 3.433200e-01
299 6.525520e-01 3.424000e-03 3.440240e-01
300 6.520200e-01 3.352000e-03 3.446280e-01
301 6.514040e-01 3.428000e-03 3.451680e-01
302 6.507640e-01 3.464000e-03 3.457720e-01
303 6.502480e-01 3.356000e-03 3.463960e-01
304 6.497240e-01 3.304000e-03 3.469720e-01
305 6.492360e-01 3.180000e-03 3.475840e-01
306 6.487200e-01 3.248000e-03 3.480320e-01
307 6.482520e-01 3.136000e-03 3.486120e-01
308 6.476880e-01 3.176000e-03 3.491360e-01
309 6.471320e-01 3.156000e-03 3.497120e-01
310 6.466360e-01 3.088000e-03 3.502760e-01
311 6.460760e-01 3.112000e-03 3.508120e-01
312 6.456400e-01 3.040000e-03 3.513200e-01
313 6.451200e-01 3.036000e-03 3.518440e-01
314 6.446760e-01 2.876000e-03 3.524480e-01
315 6.442480e-01 2.816000e-03 3.529360e-01
316 6.438000e-01 2.728000e-03 3.534720e-01
317 6.433160e-01 2.724000e-03 3.539600e-01
318 6.427680e-01 2.744000e-03 3.544880e-01
319 6.422680e-01 2.744000e-03 3.549880e-01
320 6.417480e-01 2.824000e-03 3.554280e-01
321 6.412440e-01 2.852000e-03 3.559040e-01
322 6.406760e-01 2.996000e-03 3.563280e-01
323 6.400840e-01 3.088000e-03 3.568280e-01
324 6.394320e-01 3.140000e-03 3.574280e-01
325 6.388480e-01 3.156000e-03 3.579960e-01
326 6.384240e-01 3.040000e-03 3.585360e-01
327 6.378800e-01 3.088000e-03 3.590320e-01
328 6.373080e-01 3.140000e-03 3.595520e-01
329 6.367920e-01 3.132000e-03 3.600760e-01
330 6.362680e-01 3.104000e-03 3.606280e-01
331 6.358040e-01 3.004000e-03 3.611920e-01
332 6.352880e-01 2.956000e-03 3.617560e-01
333 6.348760e-01 2.864000e-03 3.622600e-01
334 6.343440e-01 2.928000e-03 3.627280e-01
335 6.338240e-01 2.920000e-03 3.632560e-01
336 6.333160e-01 3.020000e-03 3.636640e-01
337 6.328080e-01 3.016000e-03 3.641760e-01
338 6.323160e-01 2.972000e-03 3.647120e-01
339 6.318160e-01 2.948000e-03 3.652360e-01
340 6.314160e-01 2.888000e-03 3.656960e-01
341 6.309680e-01 2.880000e-03 3.661520e-01
342 6.304960e-01 2.876000e-03 3.666280e-01
343 6.299920e-01 2.848000e-03 3.671600e-01
344 6.295480e-01 2.712000e-03 3.677400e-01
345 6.291640e-01 2.584000e-03 3.682520e-01
346 6.288080e-01 2.536000e-03 3.686560e-01
347 6.283840e-01 2.524000e-03 3.690920e-01
348 6.279840e-01 2.512000e-03 3.695040e-01
349 6.274840e-01 2.556000e-03 3.699600e-01
350 6.271200e-01 2.436000e-03 3.704440e-01
351 6.267240e-01 2.400000e-03 3.708760e-01
352 6.263920e-01 2.296000e-03 3.713120e-01
353 6.260160e-01 2.308000e-03 3.716760e-01
354 6.256440e-01 2.276000e-03 3.720800e-01
355 6.252360e-01 2.268000e-03 3.724960e-01
356 6.247880e-01 2.320000e-03 3.728920e-01
357 6.243000e-01 2.332000e-03 3.733680e-01
358 6.238800e-01 2.340000e-03 3.737800e-01
359 6.234320e-01 2.444000e-03 3.741240e-01
360 6.230320e-01 2.352000e-03 3.746160e-01
361 6.225720e-01 2.380000e-03 3.750480e-01
362 6.221640e-01 2.372000e-03 3.754640e-01
363 6.217600e-01 2.428000e-03 3.758120e-01
364 6.213680e-01 2.464000e-03 3.761680e-01
365 6.210040e-01 2.436000e-03 3.765600e-01
366 6.206840e-01 2.328000e-03 3.769880e-01
367 6.203520e-01 2.224000e-03 3.774240e-01
368 6.199880e-01 2.188000e-03 3.778240e-01
369 6.196760e-01 2.124000e-03 3.782000e-01
370 6.194000e-01 2.012000e-03 3.785880e-01
371 6.191520e-01 1.948000e-03 3.789000e-01
372 6.189000e-01 1.828000e-03 3.792720e-01
373 6.186560e-01 1.736000e-03 3.796080e-01
374 6.184120e-01 1.716000e-03 3.798720e-01
375 6.181760e-01 1.668000e-03 3.801560e-01
376 6.178800e-01 1.684000e-03 3.804360e-01
377 6.175880e-01 1.688000e-03 3.807240e-01
378 6.173800e-01 1.628000e-03 3.809920e-01
379 6.171640e-01 1.556000e-03 3.812800e-01
380 6.168920e-01 1.572000e-03 3.815360e-01
381 6.166440e-01 1.528000e-03 3.818280e-01
382 6.163440e-01 1.500000e-03 3.821560e-01
383 6.160520e-01 1.508000e-03 3.824400e-01
384 6.157160e-01 1.552000e-03 3.827320e-01
385 6.154680e-01 1.516000e-03 3.830160e-01
386 6.152240e-01 1.480000e-03 3.832960e-01
387 6.149480e-01 1.508000e-03 3.835440e-01
388 6.146560e-01 1.556000e-03 3.837880e-01
389 6.142960e-01 1.628000e-03 3.840760e-01
390 6.139840e-01 1.596000e-03 3.844200e-01
391 6.136840e-01 1.596000e-03 3.847200e-01
392 6.134400e-01 1.540000e-03 3.850200e-01
393 6.131720e-01 1.484000e-03 3.853440e-01
394 6.129480e-01 1.464000e-03 3.855880e-01
395 6.126520e-01 1.576000e-03 3.857720e-01
396 6.123440e-01 1.592000e-03 3.860640e-01
397 6.120440e-01 1.612000e-03 3.863440e-01
398 6.117120e-01 1.628000e-03 3.866600e-01
399 6.114000e-01 1.668000e-03 3.869320e-01
400 6.111360e-01 1.656000e-03 3.872080e-01
401 6.108440e-01 1.676000e-03 3.874800e-01
402 6.105920e-01 1.648000e-03 3.877600e-01
403 6.103520e-01 1.644000e-03 3.880040e-01
404 6.100720e-01 1.728000e-03 3.882000e-01
405 6.098080e-01 1.676000e-03 3.885160e-01
406 6.095360e-01 1.696000e-03 3.887680e-01
407 6.093320e-01 1.572000e-03 3.890960e-01
408 6.090560e-01 1.560000e-03 3.893840e-01
409 6.088080e-01 1.480000e-03 3.897120e-01
410 6.085240e-01 1.500000e-03 3.899760e-01
411 6.082920e-01 1.464000e-03 3.902440e-01
412 6.080840e-01 1.436000e-03 3.904800e-01
413 6.077560e-01 1.484000e-03 3.907600e-01
414 6.075160e-01 1.488000e-03 3.909960e-01
415 6.071880e-01 1.556000e-03 3.912560e-01
416 6.069040e-01 1.536000e-03 3.915600e-01
417 6.066360e-01 1.496000e-03 3.918680e-01
418 6.064040e-01 1.404000e-03 3.921920e-01
419 6.061560e-01 1.420000e-03 3.924240e-01
420 6.058880e-01 1.480000e-03 3.926320e-01
421 6.056960e-01 1.384000e-03 3.929200e-01
422 6.054840e-01 1.300000e-03 3.932160e-01
423 6.052400e-01 1.320000e-03 3.934400e-01
424 6.050120e-01 1.332000e-03 3.936560e-01
425 6.048040e-01 1.280000e-03 3.939160e-01
426 6.046240e-01 1.224000e-03 3.941520e-01
427 6.044120e-01 1.232000e-03 3.943560e-01
428 6.041360e-01 1.304000e-03 3.945600e-01
429 6.039240e-01 1.252000e-03 3.948240e-01
430 6.037720e-01 1.256000e-03 3.949720e-01
431 6.035560e-01 1.244000e-03 3.952000e-01
432 6.033800e-01 1.200000e-03 3.954200e-01
433 6.032400e-01 1.084000e-03 3.956760e-01
434 6.030320e-01 1.052000e-03 3.959160e-01
435 6.028640e-01 1.024000e-03 3.961120e-01
436 6.026680e-01 1.036000e-03 3.962960e-01
437 6.025080e-01 1.068000e-03 3.964240e-01
438 6.023440e-01 1.076000e-03 3.965800e-01
439 6.021320e-01 1.092000e-03 3.967760e-01
440 6.019480e-01 1.060000e-03 3.969920e-01
441 6.017680e-01 1.048000e-03 3.971840e-01
442 6.015680e-01 1.092000e-03 3.973400e-01
443 6.014160e-01 1.012000e-03 3.975720e-01
444 6.012640e-01 9.880000e-04 3.977480e-01
445 6.010360e-01 1.068000e-03 3.978960e-01
446 6.008640e-01 1.092000e-03 3.980440e-01
447 6.006760e-01 1.048000e-03 3.982760e-01
448 6.004360e-01 1.120000e-03 3.984440e-01
449 6.003120e-01 1.012000e-03 3.986760e-01
450 6.001280e-01 1.024000e-03 3.988480e-01
451 5.999040e-01 1.056000e-03 3.990400e-01
452 5.996840e-01 1.088000e-03 3.992280e-01
453 5.994280e-01 1.152000e-03 3.994200e-01
454 5.992600e-01 1.156000e-03 3.995840e-01
455 5.990520e-01 1.088000e-03 3.998600e-01
456 5.988920e-01 1.028000e-03 4.000800e-01
457 5.986640e-01 1.080000e-03 4.002560e-01
458 5.985280e-01 1.052000e-03 4.004200e-01
459 5.984000e-01 9.800000e-04 4.006200e-01
460 5.982800e-01 9.080000e-04 4.008120e-01
461 5.981600e-01 9.080000e-04 4.009320e-01
462 5.980600e-01 9.040000e-04 4.010360e-01
463 5.979280e-01 8.760000e-04 4.011960e-01
464 5.977840e-01 8.600000e-04 4.013560e-01
465 5.976640e-01 8.680000e-04 4.014680e-01
466 5.975520e-01 8.520000e-04 4.015960e-01
467 5.974400e-01 7.960000e-04 4.017640e-01
468 5.972840e-01 8.520000e-04 4.018640e-01
469 5.971320e-01 8.360000e-04 4.020320e-01
470 5.970320e-01 7.800000e-04 4.021880e-01
471 5.969080e-01 7.520000e-04 4.023400e-01
472 5.967480e-01 7.600000e-04 4.024920e-01
473 5.965960e-01 7.600000e-04 4.026440e-01
474 5.964640e-01 7.840000e-04 4.027520e-01
475 5.963800e-01 7.680000e-04 4.028520e-01
476 5.962720e-01 7.200000e-04 4.030080e-01
477 5.961120e-01 7.720000e-04 4.031160e-01
478 5.959680e-01 8.000000e-04 4.032320e-01
479 5.958240e-01 7.640000e-04 4.034120e-01
480 5.956960e-01 7.800000e-04 4.035240e-01
481 5.955720e-01 7.640000e-04 4.036640e-01
482 5.953840e-01 8.240000e-04 4.037920e-01
483 5.952120e-01 8.160000e-04 4.039720e-01
484 5.950560e-01 8.400000e-04 4.041040e-01
485 5.949240e-01 7.960000e-04 4.042800e-01
486 5.947720e-01 8.000000e-04 4.044280e-01
487 5.946240e-01 8.120000e-04 4.045640e-01
488 5.945120e-01 7.880000e-04 4.047000e-01
489 5.943760e-01 7.960000e-04 4.048280e-01
490 5.942760e-01 7.640000e-04 4.049600e-01
491 5.941640e-01 7.040000e-04 4.051320e-01
492 5.940280e-01 7.520000e-04 4.052200e-01
493 5.939200e-01 7.520000e-04 4.053280e-01
494 5.937880e-01 7.640000e-04 4.054480e-01
495 5.936360e-01 8.240000e-04 4.055400e-01
496 5.934840e-01 8.240000e-04 4.056920e-01
497 5.933800e-01 7.960000e-04 4.058240e-01
498 5.932400e-01 7.960000e-04 4.059640e-01
499 5.931360e-01 7.880000e-04 4.060760e-01
500 5.930280e-01 7.280000e-04 4.062440e-01
