1 9.992680e-01 6.360000e-04 9.600000e-05
2 9.988240e-01 9.240000e-04 2.520000e-04
3 9.982840e-01 1.252000e-03 4.640000e-04
4 9.976880e-01 1.632000e-03 6.800000e-04
5 9.968920e-01 2.092000e-03 1.016000e-03
6 9.961240e-01 2.472000e-03 1.404000e-03
7 9.951000e-01 2.996000e-03 1.904000e-03
8 9.941400e-01 3.408000e-03 2.452000e-03
9 9.930840e-01 3.928000e-03 2.988000e-03
10 9.920760e-01 4.288000e-03 3.636000e-03
11 9.911040e-01 4.396000e-03 4.500000e-03
12 9.899960e-01 4.728000e-03 5.276000e-03
13 9.888800e-01 5.028000e-03 6.092000e-03
14 9.876440e-01 5.336000e-03 7.020000e-03
15 9.864720e-01 5.648000e-03 7.880000e-03
16 9.852200e-01 5.768000e-03 9.012000e-03
17 9.839040e-01 6.068000e-03 1.002800e-02
18 9.826640e-01 6.332000e-03 1.100400e-02
19 9.814160e-01 6.556000e-03 1.202800e-02
20 9.800840e-01 6.712000e-03 1.320400e-02
21 9.787560e-01 7.024000e-03 1.422000e-02
22 9.773080e-01 7.128000e-03 1.556400e-02
23 9.760000e-01 7.140000e-03 1.686000e-02
24 9.746760e-01 7.224000e-03 1.810000e-02
25 9.731840e-01 7.496000e-03 1.932000e-02
26 9.717880e-01 7.604000e-03 2.060800e-02
27 9.705240e-01 7.572000e-03 2.190400e-02
28 9.691360e-01 7.736000e-03 2.312800e-02
29 9.677880e-01 7.792000e-03 2.442000e-02
30 9.665400e-01 7.700000e-03 2.576000e-02
31 9.650560e-01 7.716000e-03 2.722800e-02
32 9.636440e-01 7.740000e-03 2.861600e-02
33 9.621520e-01 7.848000e-03 3.000000e-02
34 9.604880e-01 8.108000e-03 3.140400e-02
35 9.588000e-01 8.304000e-03 3.289600e-02
36 9.572520e-01 8.444000e-03 3.430400e-02
37 9.555760e-01 8.616000e-03 3.580800e-02
38 9.539480e-01 8.812000e-03 3.724000e-02
39 9.522120e-01 8.984000e-03 3.880400e-02
40 9.505000e-01 9.164000e-03 4.033600e-02
41 9.486920e-01 9.404000e-03 4.190400e-02
42 9.469440e-01 9.444000e-03 4.361200e-02
43 9.451560e-01 9.620000e-03 4.522400e-02
44 9.435160e-01 9.716000e-03 4.676800e-02
45 9.417200e-01 9.952000e-03 4.832800e-02
46 9.398320e-01 1.006000e-02 5.010800e-02
47 9.380360e-01 1.008800e-02 5.187600e-02
48 9.363120e-01 1.000800e-02 5.368000e-02
49 9.345360e-01 1.014400e-02 5.532000e-02
50 9.329840e-01 9.952000e-03 5.706400e-02
51 9.313120e-01 9.868000e-03 5.882000e-02
52 9.293640e-01 9.924000e-03 6.071200e-02
53 9.276960e-01 9.952000e-03 6.235200e-02
54 9.259480e-01 9.964000e-03 6.408800e-02
55 9.240400e-01 1.026000e-02 6.570000e-02
56 9.222600e-01 1.019600e-02 6.754400e-02
57 9.204520e-01 1.035600e-02 6.919200e-02
58 9.187600e-01 1.027200e-02 7.096800e-02
59 9.169760e-01 1.033200e-02 7.269200e-02
60 9.150880e-01 1.054000e-02 7.437200e-02
61 9.132200e-01 1.065200e-02 7.612800e-02
62 9.113400e-01 1.063200e-02 7.802800e-02
63 9.094720e-01 1.060000e-02 7.992800e-02
64 9.077400e-01 1.053600e-02 8.172400e-02
65 9.058880e-01 1.052400e-02 8.358800e-02
66 9.041880e-01 1.025200e-02 8.556000e-02
67 9.023520e-01 1.022800e-02 8.742000e-02
68 9.006720e-01 1.019600e-02 8.913200e-02
69 8.989640e-01 1.036400e-02 9.067200e-02
70 8.971680e-01 1.027600e-02 9.255600e-02
71 8.953240e-01 1.012000e-02 9.455600e-02
72 8.935120e-01 1.021200e-02 9.627600e-02
73 8.916400e-01 1.041200e-02 9.794800e-02
74 8.899160e-01 1.039600e-02 9.968800e-02
75 8.883160e-01 1.028400e-02 1.014000e-01
76 8.865520e-01 1.037600e-02 1.030720e-01
77 8.848920e-01 1.016000e-02 1.049480e-01
78 8.832120e-01 1.010800e-02 1.066800e-01
79 8.814200e-01 1.012000e-02 1.084600e-01
80 8.797680e-01 9.920000e-03 1.103120e-01
81 8.781520e-01 9.780000e-03 1.120680e-01
82 8.766240e-01 9.588000e-03 1.137880e-01
83 8.751680e-01 9.312000e-03 1.155200e-01
84 8.737280e-01 9.072000e-03 1.172000e-01
85 8.723240e-01 9.032000e-03 1.186440e-01
86 8.707920e-01 9.004000e-03 1.202040e-01
87 8.694360e-01 8.692000e-03 1.218720e-01
88 8.680160e-01 8.608000e-03 1.233760e-01
89 8.665560e-01 8.524000e-03 1.249200e-01
90 8.649920e-01 8.628000e-03 1.263800e-01
91 8.635120e-01 8.668000e-03 1.278200e-01
92 8.619760e-01 8.728000e-03 1.292960e-01
93 8.604840e-01 8.668000e-03 1.308480e-01
94 8.589480e-01 8.452000e-03 1.326000e-01
95 8.573600e-01 8.540000e-03 1.341000e-01
96 8.557000e-01 8.724000e-03 1.355760e-01
97 8.542720e-01 8.676000e-03 1.370520e-01
98 8.528080e-01 8.656000e-03 1.385360e-01
99 8.512360e-01 8.728000e-03 1.400360e-01
100 8.496920e-01 8.672000e-03 1.416360e-01
101 8.481760e-01 8.564000e-03 1.432600e-01
102 8.465560e-01 8.608000e-03 1.448360e-01
103 8.450000e-01 8.576000e-03 1.464240e-01
104 8.435200e-01 8.568000e-03 1.479120e-01
105 8.420440e-01 8.508000e-03 1.494480e-01
106 8.405720e-01 8.512000e-03 1.509160e-01
107 8.391840e-01 8.412000e-03 1.524040e-01
108 8.378640e-01 8.312000e-03 1.538240e-01
109 8.365160e-01 8.196000e-03 1.552880e-01
110 8.351880e-01 8.120000e-03 1.566920e-01
111 8.337600e-01 8.332000e-03 1.579080e-01
112 8.321640e-01 8.508000e-03 1.593280e-01
113 8.307080e-01 8.548000e-03 1.607440e-01
114 8.292000e-01 8.584000e-03 1.622160e-01
115 8.277440e-01 8.504000e-03 1.637520e-01
116 8.262560e-01 8.440000e-03 1.653040e-01
117 8.248880e-01 8.392000e-03 1.667200e-01
118 8.233200e-01 8.448000e-03 1.682320e-01
119 8.218720e-01 8.352000e-03 1.697760e-01
120 8.204280e-01 8.268000e-03 1.713040e-01
121 8.188600e-01 8.360000e-03 1.727800e-01
122 8.174680e-01 8.340000e-03 1.741920e-01
123 8.160080e-01 8.312000e-03 1.756800e-01
124 8.144480e-01 8.388000e-03 1.771640e-01
125 8.128120e-01 8.512000e-03 1.786760e-01
126 8.112120e-01 8.468000e-03 1.803200e-01
127 8.096920e-01 8.560000e-03 1.817480e-01
128 8.082000e-01 8.684000e-03 1.831160e-01
129 8.066160e-01 8.704000e-03 1.846800e-01
130 8.050000e-01 8.708000e-03 1.862920e-01
131 8.035120e-01 8.792000e-03 1.876960e-01
132 8.019080e-01 8.848000e-03 1.892440e-01
133 8.002680e-01 8.940000e-03 1.907920e-01
134 7.987400e-01 8.896000e-03 1.923640e-01
135 7.970840e-01 9.080000e-03 1.938360e-01
136 7.954920e-01 9.076000e-03 1.954320e-01
137 7.939320e-01 9.032000e-03 1.970360e-01
138 7.923160e-01 9.048000e-03 1.986360e-01
139 7.907000e-01 9.076000e-03 2.002240e-01
140 7.890600e-01 9.104000e-03 2.018360e-01
141 7.874520e-01 9.140000e-03 2.034080e-01
142 7.858760e-01 9.220000e-03 2.049040e-01
143 7.840560e-01 9.368000e-03 2.065760e-01
144 7.824880e-01 9.392000e-03 2.081200e-01
145 7.809520e-01 9.316000e-03 2.097320e-01
146 7.795360e-01 9.088000e-03 2.113760e-01
147 7.778720e-01 9.140000e-03 2.129880e-01
148 7.762360e-01 9.232000e-03 2.145320e-01
149 7.745520e-01 9.352000e-03 2.160960e-01
150 7.728520e-01 9.364000e-03 2.177840e-01
151 7.711320e-01 9.416000e-03 2.194520e-01
152 7.694960e-01 9.276000e-03 2.212280e-01
153 7.679120e-01 9.344000e-03 2.227440e-01
154 7.664880e-01 9.156000e-03 2.243560e-01
155 7.650440e-01 8.936000e-03 2.260200e-01
156 7.636320e-01 8.764000e-03 2.276040e-01
157 7.621320e-01 8.628000e-03 2.292400e-01
158 7.608040e-01 8.404000e-03 2.307920e-01
159 7.592120e-01 8.460000e-03 2.323280e-01
160 7.578520e-01 8.400000e-03 2.337480e-01
161 7.565800e-01 8.240000e-03 2.351800e-01
162 7.551680e-01 8.308000e-03 2.365240e-01
163 7.537720e-01 8.184000e-03 2.380440e-01
164 7.522120e-01 8.372000e-03 2.394160e-01
165 7.507320e-01 8.332000e-03 2.409360e-01
166 7.495440e-01 8.136000e-03 2.423200e-01
167 7.481400e-01 8.136000e-03 2.437240e-01
168 7.469040e-01 8.060000e-03 2.450360e-01
169 7.455280e-01 7.940000e-03 2.465320e-01
170 7.442720e-01 7.876000e-03 2.478520e-01
171 7.429840e-01 7.672000e-03 2.493440e-01
172 7.418120e-01 7.612000e-03 2.505760e-01
173 7.404240e-01 7.732000e-03 2.518440e-01
174 7.391520e-01 7.644000e-03 2.532040e-01
175 7.378400e-01 7.676000e-03 2.544840e-01
176 7.366640e-01 7.492000e-03 2.558440e-01
177 7.355480e-01 7.324000e-03 2.571280e-01
178 7.344880e-01 7.116000e-03 2.583960e-01
179 7.332560e-01 6.956000e-03 2.597880e-01
180 7.321200e-01 6.960000e-03 2.609200e-01
181 7.310360e-01 6.744000e-03 2.622200e-01
182 7.297680e-01 6.920000e-03 2.633120e-01
183 7.287320e-01 6.684000e-03 2.645840e-01
184 7.276160e-01 6.632000e-03 2.657520e-01
185 7.265240e-01 6.612000e-03 2.668640e-01
186 7.254600e-01 6.412000e-03 2.681280e-01
187 7.244280e-01 6.292000e-03 2.692800e-01
188 7.232760e-01 6.392000e-03 2.703320e-01
189 7.222320e-01 6.272000e-03 2.714960e-01
190 7.210600e-01 6.380000e-03 2.725600e-01
191 7.199880e-01 6.304000e-03 2.737080e-01
192 7.188760e-01 6.376000e-03 2.747480e-01
193 7.177560e-01 6.348000e-03 2.758960e-01
194 7.165760e-01 6.496000e-03 2.769280e-01
195 7.154200e-01 6.544000e-03 2.780360e-01
196 7.144240e-01 6.384000e-03 2.791920e-01
197 7.134160e-01 6.232000e-03 2.803520e-01
198 7.124920e-01 6.048000e-03 2.814600e-01
199 7.114840e-01 6.004000e-03 2.825120e-01
200 7.103960e-01 6.116000e-03 2.834880e-01
201 7.093400e-01 6.124000e-03 2.845360e-01
202 7.082600e-01 6.136000e-03 2.856040e-01
203 7.071600e-01 6.124000e-03 2.867160e-01
204 7.061400e-01 6.056000e-03 2.878040e-01
205 7.051400e-01 6.052000e-03 2.888080e-01
206 7.040480e-01 6.064000e-03 2.898880e-01
207 7.030680e-01 6.064000e-03 2.908680e-01
208 7.020560e-01 6.024000e-03 2.919200e-01
209 7.011320e-01 5.848000e-03 2.930200e-01
210 7.002200e-01 5.804000e-03 2.939760e-01
211 6.992880e-01 5.724000e-03 2.949880e-01
212 6.983640e-01 5.624000e-03 2.960120e-01
213 6.975360e-01 5.492000e-03 2.969720e-01
214 6.966240e-01 5.472000e-03 2.979040e-01
215 6.957360e-01 5.436000e-03 2.988280e-01
216 6.948240e-01 5.408000e-03 2.997680e-01
217 6.940280e-01 5.256000e-03 3.007160e-01
218 6.932160e-01 5.144000e-03 3.016400e-01
219 6.922640e-01 5.272000e-03 3.024640e-01
220 6.912640e-01 5.432000e-03 3.033040e-01
221 6.902080e-01 5.540000e-03 3.042520e-01
222 6.893400e-01 5.496000e-03 3.051640e-01
223 6.884880e-01 5.524000e-03 3.059880e-01
224 6.875240e-01 5.608000e-03 3.068680e-01
225 6.866040e-01 5.620000e-03 3.077760e-01
226 6.857920e-01 5.468000e-03 3.087400e-01
227 6.848000e-01 5.464000e-03 3.097360e-01
228 6.838520e-01 5.436000e-03 3.107120e-01
229 6.829120e-01 5.460000e-03 3.116280e-01
230 6.819840e-01 5.440000e-03 3.125760e-01
231 6.809080e-01 5.616000e-03 3.134760e-01
232 6.798400e-01 5.752000e-03 3.144080e-01
233 6.787640e-01 5.936000e-03 3.153000e-01
234 6.777640e-01 6.004000e-03 3.162320e-01
235 6.766880e-01 6.036000e-03 3.172760e-01
236 6.756840e-01 5.952000e-03 3.183640e-01
237 6.747080e-01 5.896000e-03 3.193960e-01
238 6.738680e-01 5.716000e-03 3.204160e-01
239 6.729760e-01 5.568000e-03 3.214560e-01
240 6.721040e-01 5.408000e-03 3.224880e-01
241 6.711440e-01 5.360000e-03 3.234960e-01
242 6.703360e-01 5.292000e-03 3.243720e-01
243 6.695120e-01 5.300000e-03 3.251880e-01
244 6.685080e-01 5.436000e-03 3.260560e-01
245 6.677560e-01 5.268000e-03 3.269760e-01
246 6.668160e-01 5.272000e-03 3.279120e-01
247 6.660200e-01 5.216000e-03 3.287640e-01
248 6.651360e-01 5.164000e-03 3.297000e-01
249 6.641840e-01 5.136000e-03 3.306800e-01
250 6.632840e-01 5.128000e-03 3.315880e-01
251 6.624960e-01 5.016000e-03 3.324880e-01
252 6.616360e-01 5.032000e-03 3.333320e-01
253 6.607480e-01 5.004000e-03 3.342480e-01
254 6.598800e-01 4.972000e-03 3.351480e-01
255 6.589400e-01 5.048000e-03 3.360120e-01
256 6.580360e-01 5.132000e-03 3.368320e-01
257 6.570720e-01 5.244000e-03 3.376840e-01
258 6.562200e-01 5.204000e-03 3.385760e-01
259 6.553040e-01 5.324000e-03 3.393720e-01
260 6.542720e-01 5.516000e-03 3.402120e-01
261 6.533360e-01 5.412000e-03 3.412520e-01
262 6.524680e-01 5.396000e-03 3.421360e-01
263 6.514840e-01 5.480000e-03 3.430360e-01
264 6.504880e-01 5.532000e-03 3.439800e-01
265 6.495000e-01 5.572000e-03 3.449280e-01
266 6.485120e-01 5.580000e-03 3.459080e-01
267 6.476680e-01 5.460000e-03 3.468720e-01
268 6.466800e-01 5.424000e-03 3.478960e-01
269 6.458120e-01 5.292000e-03 3.488960e-01
270 6.448400e-01 5.328000e-03 3.498320e-01
271 6.438800e-01 5.352000e-03 3.507680e-01
272 6.429640e-01 5.416000e-03 3.516200e-01
273 6.420040e-01 5.352000e-03 3.526440e-01
274 6.410640e-01 5.364000e-03 3.535720e-01
275 6.401160e-01 5.396000e-03 3.544880e-01
276 6.392880e-01 5.296000e-03 3.554160e-01
277 6.384520e-01 5.236000e-03 3.563120e-01
278 6.375320e-01 5.312000e-03 3.571560e-01
279 6.365280e-01 5.416000e-03 3.580560e-01
280 6.357120e-01 5.424000e-03 3.588640e-01
281 6.350080e-01 5.160000e-03 3.598320e-01
282 6.341720e-01 5.144000e-03 3.606840e-01
283 6.333760e-01 5.080000e-03 3.615440e-01
284 6.326960e-01 4.928000e-03 3.623760e-01
285 6.318920e-01 4.904000e-03 3.632040e-01
286 6.310400e-01 5.020000e-03 3.639400e-01
287 6.301560e-01 5.044000e-03 3.648000e-01
288 6.292840e-01 4.992000e-03 3.657240e-01
289 6.284360e-01 4.956000e-03 3.666080e-01
290 6.275440e-01 4.928000e-03 3.675280e-01
291 6.265320e-01 5.152000e-03 3.683160e-01
292 6.256560e-01 5.048000e-03 3.692960e-01
293 6.247440e-01 4.896000e-03 3.703600e-01
294 6.239360e-01 4.796000e-03 3.712680e-01
295 6.232480e-01 4.672000e-03 3.720800e-01
296 6.224240e-01 4.632000e-03 3.729440e-01
297 6.215920e-01 4.508000e-03 3.739000e-01
298 6.208120e-01 4.464000e-03 3.747240e-01
299 6.200720e-01 4.412000e-03 3.755160e-01
300 6.193440e-01 4.412000e-03 3.762440e-01
301 6.186440e-01 4.308000e-03 3.770480e-01
302 6.178280e-01 4.332000e-03 3.778400e-01
303 6.172040e-01 4.276000e-03 3.785200e-01
304 6.164880e-01 4.216000e-03 3.792960e-01
305 6.158440e-01 4.168000e-03 3.799880e-01
306 6.151840e-01 4.028000e-03 3.807880e-01
307 6.145080e-01 4.012000e-03 3.814800e-01
308 6.138600e-01 3.948000e-03 3.821920e-01
309 6.131640e-01 3.932000e-03 3.829040e-01
310 6.124320e-01 3.988000e-03 3.835800e-01
311 6.117280e-01 4.052000e-03 3.842200e-01
312 6.111480e-01 3.920000e-03 3.849320e-01
313 6.104840e-01 3.912000e-03 3.856040e-01
314 6.097960e-01 3.920000e-03 3.862840e-01
315 6.091760e-01 3.888000e-03 3.869360e-01
316 6.085680e-01 3.824000e-03 3.876080e-01
317 6.079600e-01 3.764000e-03 3.882760e-01
318 6.073400e-01 3.732000e-03 3.889280e-01
319 6.066840e-01 3.764000e-03 3.895520e-01
320 6.060320e-01 3.712000e-03 3.902560e-01
321 6.054280e-01 3.716000e-03 3.908560e-01
322 6.048880e-01 3.660000e-03 3.914520e-01
323 6.042840e-01 3.588000e-03 3.921280e-01
324 6.037040e-01 3.556000e-03 3.927400e-01
325 6.032120e-01 3.392000e-03 3.933960e-01
326 6.026400e-01 3.392000e-03 3.939680e-01
327 6.020360e-01 3.348000e-03 3.946160e-01
328 6.016120e-01 3.188000e-03 3.952000e-01
329 6.010240e-01 3.220000e-03 3.957560e-01
330 6.004320e-01 3.300000e-03 3.962680e-01
331 5.998960e-01 3.256000e-03 3.968480e-01
332 5.993080e-01 3.316000e-03 3.973760e-01
333 5.987800e-01 3.252000e-03 3.979680e-01
334 5.981480e-01 3.320000e-03 3.985320e-01
335 5.975880e-01 3.268000e-03 3.991440e-01
336 5.970440e-01 3.168000e-03 3.997880e-01
337 5.965280e-01 3.060000e-03 4.004120e-01
338 5.959800e-01 3.128000e-03 4.008920e-01
339 5.955040e-01 3.040000e-03 4.014560e-01
340 5.950600e-01 2.892000e-03 4.020480e-01
341 5.945920e-01 2.848000e-03 4.025600e-01
342 5.941200e-01 2.868000e-03 4.030120e-01
343 5.936480e-01 2.828000e-03 4.035240e-01
344 5.932440e-01 2.716000e-03 4.040400e-01
345 5.927600e-01 2.652000e-03 4.045880e-01
346 5.923520e-01 2.672000e-03 4.049760e-01
347 5.919200e-01 2.716000e-03 4.053640e-01
348 5.914720e-01 2.728000e-03 4.058000e-01
349 5.909640e-01 2.700000e-03 4.063360e-01
350 5.905200e-01 2.684000e-03 4.067960e-01
351 5.900600e-01 2.696000e-03 4.072440e-01
352 5.896760e-01 2.560000e-03 4.077640e-01
353 5.893000e-01 2.536000e-03 4.081640e-01
354 5.888280e-01 2.580000e-03 4.085920e-01
355 5.883560e-01 2.564000e-03 4.090800e-01
356 5.879720e-01 2.532000e-03 4.094960e-01
357 5.875160e-01 2.612000e-03 4.098720e-01
358 5.871480e-01 2.572000e-03 4.102800e-01
359 5.867160e-01 2.568000e-03 4.107160e-01
360 5.863320e-01 2.508000e-03 4.111600e-01
361 5.860040e-01 2.344000e-03 4.116520e-01
362 5.856600e-01 2.316000e-03 4.120240e-01
363 5.852560e-01 2.312000e-03 4.124320e-01
364 5.848560e-01 2.404000e-03 4.127400e-01
365 5.844880e-01 2.356000e-03 4.131560e-01
366 5.841000e-01 2.336000e-03 4.135640e-01
367 5.837760e-01 2.268000e-03 4.139560e-01
368 5.834120e-01 2.244000e-03 4.143440e-01
369 5.830840e-01 2.156000e-03 4.147600e-01
370 5.828680e-01 2.036000e-03 4.150960e-01
371 5.826160e-01 1.920000e-03 4.154640e-01
372 5.822920e-01 1.912000e-03 4.157960e-01
373 5.819600e-01 1.904000e-03 4.161360e-01
374 5.817360e-01 1.856000e-03 4.164080e-01
375 5.814840e-01 1.784000e-03 4.167320e-01
376 5.811960e-01 1.792000e-03 4.170120e-01
377 5.809040e-01 1.744000e-03 4.173520e-01
378 5.805880e-01 1.780000e-03 4.176320e-01
379 5.802080e-01 1.828000e-03 4.179640e-01
380 5.798640e-01 1.856000e-03 4.182800e-01
381 5.795440e-01 1.848000e-03 4.186080e-01
382 5.792240e-01 1.904000e-03 4.188720e-01
383 5.789040e-01 1.840000e-03 4.192560e-01
384 5.785600e-01 1.764000e-03 4.196760e-01
385 5.781840e-01 1.828000e-03 4.199880e-01
386 5.778480e-01 1.876000e-03 4.202760e-01
387 5.774840e-01 1.912000e-03 4.206040e-01
388 5.772640e-01 1.812000e-03 4.209240e-01
389 5.770440e-01 1.696000e-03 4.212600e-01
390 5.767600e-01 1.716000e-03 4.215240e-01
391 5.764040e-01 1.780000e-03 4.218160e-01
392 5.761440e-01 1.656000e-03 4.222000e-01
393 5.758720e-01 1.640000e-03 4.224880e-01
394 5.756240e-01 1.596000e-03 4.227800e-01
395 5.753520e-01 1.568000e-03 4.230800e-01
396 5.750840e-01 1.596000e-03 4.233200e-01
397 5.748040e-01 1.564000e-03 4.236320e-01
398 5.744720e-01 1.600000e-03 4.239280e-01
399 5.741840e-01 1.608000e-03 4.242080e-01
400 5.738080e-01 1.712000e-03 4.244800e-01
401 5.734960e-01 1.740000e-03 4.247640e-01
402 5.731760e-01 1.768000e-03 4.250560e-01
403 5.727640e-01 1.860000e-03 4.253760e-01
404 5.723520e-01 1.916000e-03 4.257320e-01
405 5.720160e-01 1.904000e-03 4.260800e-01
406 5.717720e-01 1.764000e-03 4.264640e-01
407 5.714280e-01 1.776000e-03 4.267960e-01
408 5.709960e-01 1.896000e-03 4.271080e-01
409 5.706120e-01 1.928000e-03 4.274600e-01
410 5.702880e-01 1.888000e-03 4.278240e-01
411 5.699760e-01 1.816000e-03 4.282080e-01
412 5.696400e-01 1.880000e-03 4.284800e-01
413 5.692680e-01 2.000000e-03 4.287320e-01
414 5.688920e-01 2.076000e-03 4.290320e-01
415 5.685080e-01 2.088000e-03 4.294040e-01
416 5.681200e-01 2.084000e-03 4.297960e-01
417 5.678000e-01 2.108000e-03 4.300920e-01
418 5.674480e-01 2.112000e-03 4.304400e-01
419 5.671400e-01 2.036000e-03 4.308240e-01
420 5.667960e-01 2.024000e-03 4.311800e-01
421 5.664680e-01 1.944000e-03 4.315880e-01
422 5.661240e-01 1.964000e-03 4.319120e-01
423 5.657400e-01 2.012000e-03 4.322480e-01
424 5.653000e-01 2.028000e-03 4.326720e-01
425 5.649320e-01 2.076000e-03 4.329920e-01
426 5.645840e-01 2.052000e-03 4.333640e-01
427 5.643440e-01 1.996000e-03 4.336600e-01
428 5.640680e-01 1.936000e-03 4.339960e-01
429 5.637720e-01 1.924000e-03 4.343040e-01
430 5.633120e-01 2.068000e-03 4.346200e-01
431 5.629800e-01 2.028000e-03 4.349920e-01
432 5.626160e-01 2.108000e-03 4.352760e-01
433 5.622440e-01 2.092000e-03 4.356640e-01
434 5.619040e-01 2.060000e-03 4.360360e-01
435 5.614920e-01 2.212000e-03 4.362960e-01
436 5.610960e-01 2.244000e-03 4.366600e-01
437 5.607560e-01 2.196000e-03 4.370480e-01
438 5.604560e-01 2.156000e-03 4.373880e-01
439 5.601040e-01 2.112000e-03 4.377840e-01
440 5.597800e-01 2.052000e-03 4.381680e-01
441 5.594080e-01 2.084000e-03 4.385080e-01
442 5.590400e-01 2.084000e-03 4.388760e-01
443 5.587520e-01 2.068000e-03 4.391800e-01
444 5.584240e-01 2.008000e-03 4.395680e-01
445 5.580840e-01 2.008000e-03 4.399080e-01
446 5.577560e-01 1.940000e-03 4.403040e-01
447 5.573960e-01 1.960000e-03 4.406440e-01
448 5.570400e-01 1.960000e-03 4.410000e-01
449 5.566720e-01 1.956000e-03 4.413720e-01
450 5.563960e-01 1.892000e-03 4.417120e-01
451 5.561280e-01 1.764000e-03 4.421080e-01
452 5.558200e-01 1.788000e-03 4.423920e-01
453 5.554880e-01 1.752000e-03 4.427600e-01
454 5.552160e-01 1.724000e-03 4.430600e-01
455 5.549240e-01 1.688000e-03 4.433880e-01
456 5.546840e-01 1.692000e-03 4.436240e-01
457 5.544480e-01 1.604000e-03 4.439480e-01
458 5.542360e-01 1.512000e-03 4.442520e-01
459 5.539720e-01 1.500000e-03 4.445280e-01
460 5.536480e-01 1.556000e-03 4.447960e-01
461 5.534280e-01 1.484000e-03 4.450880e-01
462 5.532320e-01 1.452000e-03 4.453160e-01
463 5.530440e-01 1.376000e-03 4.455800e-01
464 5.528040e-01 1.372000e-03 4.458240e-01
465 5.526520e-01 1.332000e-03 4.460160e-01
466 5.524080e-01 1.320000e-03 4.462720e-01
467 5.521600e-01 1.360000e-03 4.464800e-01
468 5.519160e-01 1.364000e-03 4.467200e-01
469 5.517480e-01 1.284000e-03 4.469680e-01
470 5.515000e-01 1.300000e-03 4.472000e-01
471 5.513280e-01 1.308000e-03 4.473640e-01
472 5.510560e-01 1.368000e-03 4.475760e-01
473 5.508320e-01 1.332000e-03 4.478360e-01
474 5.505880e-01 1.372000e-03 4.480400e-01
475 5.503640e-01 1.316000e-03 4.483200e-01
476 5.501600e-01 1.284000e-03 4.485560e-01
477 5.499160e-01 1.308000e-03 4.487760e-01
478 5.497360e-01 1.316000e-03 4.489480e-01
479 5.495800e-01 1.280000e-03 4.491400e-01
480 5.493440e-01 1.280000e-03 4.493760e-01
481 5.491760e-01 1.244000e-03 4.495800e-01
482 5.490320e-01 1.236000e-03 4.497320e-01
483 5.487880e-01 1.216000e-03 4.499960e-01
484 5.485920e-01 1.256000e-03 4.501520e-01
485 5.483880e-01 1.216000e-03 4.503960e-01
486 5.482120e-01 1.136000e-03 4.506520e-01
487 5.480200e-01 1.112000e-03 4.508680e-01
488 5.479040e-01 1.092000e-03 4.510040e-01
489 5.477320e-01 1.036000e-03 4.512320e-01
490 5.475760e-01 1.016000e-03 4.514080e-01
491 5.473880e-01 1.032000e-03 4.515800e-01
492 5.472000e-01 1.020000e-03 4.517800e-01
493 5.470600e-01 1.040000e-03 4.519000e-01
494 5.469400e-01 9.920000e-04 4.520680e-01
495 5.468400e-01 9.200000e-04 4.522400e-01
496 5.467280e-01 9.000000e-04 4.523720e-01
497 5.465640e-01 8.960000e-04 4.525400e-01
498 5.464240e-01 9.320000e-04 4.526440e-01
499 5.463040e-01 8.800000e-04 4.528160e-01
500 5.462080e-01 8.120000e-04 4.529800e-01
