1 9.991760e-01 7.440000e-04 8.000000e-05
2 9.986400e-01 1.108000e-03 2.520000e-04
3 9.980840e-01 1.492000e-03 4.240000e-04
4 9.973400e-01 1.944000e-03 7.160000e-04
5 9.965280e-01 2.428000e-03 1.044000e-03
6 9.956040e-01 2.856000e-03 1.540000e-03
7 9.946840e-01 3.268000e-03 2.048000e-03
8 9.937360e-01 3.656000e-03 2.608000e-03
9 9.927440e-01 3.964000e-03 3.292000e-03
10 9.917720e-01 4.300000e-03 3.928000e-03
11 9.907880e-01 4.504000e-03 4.708000e-03
12 9.896240e-01 4.920000e-03 5.456000e-03
13 9.885400e-01 4.996000e-03 6.464000e-03
14 9.873960e-01 5.260000e-03 7.344000e-03
15 9.861160e-01 5.676000e-03 8.208000e-03
16 9.848480e-01 5.968000e-03 9.184000e-03
17 9.836080e-01 6.160000e-03 1.023200e-02
18 9.822240e-01 6.440000e-03 1.133600e-02
19 9.809320e-01 6.600000e-03 1.246800e-02
20 9.796040e-01 6.824000e-03 1.357200e-02
21 9.783160e-01 6.968000e-03 1.471600e-02
22 9.770400e-01 7.024000e-03 1.593600e-02
23 9.755680e-01 7.276000e-03 1.715600e-02
24 9.740440e-01 7.400000e-03 1.855600e-02
25 9.727040e-01 7.536000e-03 1.976000e-02
26 9.712440e-01 7.708000e-03 2.104800e-02
27 9.697840e-01 7.728000e-03 2.248800e-02
28 9.682720e-01 7.828000e-03 2.390000e-02
29 9.665640e-01 8.164000e-03 2.527200e-02
30 9.649560e-01 8.272000e-03 2.677200e-02
31 9.634200e-01 8.388000e-03 2.819200e-02
32 9.617400e-01 8.496000e-03 2.976400e-02
33 9.601000e-01 8.816000e-03 3.108400e-02
34 9.584560e-01 9.028000e-03 3.251600e-02
35 9.567600e-01 9.144000e-03 3.409600e-02
36 9.549840e-01 9.396000e-03 3.562000e-02
37 9.531200e-01 9.680000e-03 3.720000e-02
38 9.514040e-01 9.812000e-03 3.878400e-02
39 9.495600e-01 9.844000e-03 4.059600e-02
40 9.479480e-01 9.680000e-03 4.237200e-02
41 9.463560e-01 9.572000e-03 4.407200e-02
42 9.443440e-01 9.888000e-03 4.576800e-02
43 9.423920e-01 9.948000e-03 4.766000e-02
44 9.404440e-01 1.007600e-02 4.948000e-02
45 9.385720e-01 1.018800e-02 5.124000e-02
46 9.366000e-01 1.036400e-02 5.303600e-02
47 9.345880e-01 1.066800e-02 5.474400e-02
48 9.329440e-01 1.039600e-02 5.666000e-02
49 9.310880e-01 1.038800e-02 5.852400e-02
50 9.291600e-01 1.050000e-02 6.034000e-02
51 9.272040e-01 1.051200e-02 6.228400e-02
52 9.253720e-01 1.045600e-02 6.417200e-02
53 9.236800e-01 1.025600e-02 6.606400e-02
54 9.217080e-01 1.043600e-02 6.785600e-02
55 9.198240e-01 1.056000e-02 6.961600e-02
56 9.179920e-01 1.058800e-02 7.142000e-02
57 9.160360e-01 1.062800e-02 7.333600e-02
58 9.140520e-01 1.081600e-02 7.513200e-02
59 9.120320e-01 1.081200e-02 7.715600e-02
60 9.099240e-01 1.108000e-02 7.899600e-02
61 9.079720e-01 1.112400e-02 8.090400e-02
62 9.059400e-01 1.125600e-02 8.280400e-02
63 9.037200e-01 1.150000e-02 8.478000e-02
64 9.015440e-01 1.167600e-02 8.678000e-02
65 8.997120e-01 1.150400e-02 8.878400e-02
66 8.977560e-01 1.134000e-02 9.090400e-02
67 8.956440e-01 1.149200e-02 9.286400e-02
68 8.933920e-01 1.179200e-02 9.481600e-02
69 8.913080e-01 1.193200e-02 9.676000e-02
70 8.893080e-01 1.187600e-02 9.881600e-02
71 8.870520e-01 1.206800e-02 1.008800e-01
72 8.850000e-01 1.207600e-02 1.029240e-01
73 8.829320e-01 1.208000e-02 1.049880e-01
74 8.808520e-01 1.196800e-02 1.071800e-01
75 8.785560e-01 1.221600e-02 1.092280e-01
76 8.764440e-01 1.222000e-02 1.113360e-01
77 8.743080e-01 1.238000e-02 1.133120e-01
78 8.721240e-01 1.242800e-02 1.154480e-01
79 8.700040e-01 1.238400e-02 1.176120e-01
80 8.678920e-01 1.231200e-02 1.197960e-01
81 8.656680e-01 1.244800e-02 1.218840e-01
82 8.634680e-01 1.237600e-02 1.241560e-01
83 8.613800e-01 1.240000e-02 1.262200e-01
84 8.593640e-01 1.225600e-02 1.283800e-01
85 8.574920e-01 1.202800e-02 1.304800e-01
86 8.552360e-01 1.216000e-02 1.326040e-01
87 8.532120e-01 1.195600e-02 1.348320e-01
88 8.512200e-01 1.186800e-02 1.369120e-01
89 8.490960e-01 1.187600e-02 1.390280e-01
90 8.470120e-01 1.186800e-02 1.411200e-01
91 8.450080e-01 1.178800e-02 1.432040e-01
92 8.430000e-01 1.170400e-02 1.452960e-01
93 8.411080e-01 1.164800e-02 1.472440e-01
94 8.393200e-01 1.117200e-02 1.495080e-01
95 8.373920e-01 1.106800e-02 1.515400e-01
96 8.353440e-01 1.131600e-02 1.533400e-01
97 8.333960e-01 1.135200e-02 1.552520e-01
98 8.314960e-01 1.130800e-02 1.571960e-01
99 8.294120e-01 1.140800e-02 1.591800e-01
100 8.275000e-01 1.134800e-02 1.611520e-01
101 8.257480e-01 1.103200e-02 1.632200e-01
102 8.239680e-01 1.092800e-02 1.651040e-01
103 8.220680e-01 1.080000e-02 1.671320e-01
104 8.201800e-01 1.093600e-02 1.688840e-01
105 8.182400e-01 1.104000e-02 1.707200e-01
106 8.163600e-01 1.094000e-02 1.727000e-01
107 8.144720e-01 1.096400e-02 1.745640e-01
108 8.125280e-01 1.100000e-02 1.764720e-01
109 8.107400e-01 1.088400e-02 1.783760e-01
110 8.089400e-01 1.081200e-02 1.802480e-01
111 8.071600e-01 1.075200e-02 1.820880e-01
112 8.052960e-01 1.082800e-02 1.838760e-01
113 8.034720e-01 1.053200e-02 1.859960e-01
114 8.018520e-01 1.042000e-02 1.877280e-01
115 8.002120e-01 1.019200e-02 1.895960e-01
116 7.986360e-01 1.015200e-02 1.912120e-01
117 7.970400e-01 9.852000e-03 1.931080e-01
118 7.954760e-01 9.760000e-03 1.947640e-01
119 7.938920e-01 9.576000e-03 1.965320e-01
120 7.922640e-01 9.540000e-03 1.981960e-01
121 7.905280e-01 9.664000e-03 1.998080e-01
122 7.887520e-01 9.812000e-03 2.014360e-01
123 7.871560e-01 9.724000e-03 2.031200e-01
124 7.854280e-01 9.836000e-03 2.047360e-01
125 7.837720e-01 9.732000e-03 2.064960e-01
126 7.820720e-01 9.632000e-03 2.082960e-01
127 7.804600e-01 9.552000e-03 2.099880e-01
128 7.789400e-01 9.388000e-03 2.116720e-01
129 7.772680e-01 9.360000e-03 2.133720e-01
130 7.757080e-01 9.292000e-03 2.150000e-01
131 7.741480e-01 9.200000e-03 2.166520e-01
132 7.727040e-01 9.160000e-03 2.181360e-01
133 7.713080e-01 8.944000e-03 2.197480e-01
134 7.699200e-01 8.784000e-03 2.212960e-01
135 7.683880e-01 8.876000e-03 2.227360e-01
136 7.669600e-01 8.684000e-03 2.243560e-01
137 7.655640e-01 8.480000e-03 2.259560e-01
138 7.642600e-01 8.304000e-03 2.274360e-01
139 7.627960e-01 8.284000e-03 2.289200e-01
140 7.613920e-01 8.228000e-03 2.303800e-01
141 7.601120e-01 8.164000e-03 2.317240e-01
142 7.587880e-01 8.088000e-03 2.331240e-01
143 7.573520e-01 8.008000e-03 2.346400e-01
144 7.560240e-01 7.916000e-03 2.360600e-01
145 7.548320e-01 7.648000e-03 2.375200e-01
146 7.535280e-01 7.592000e-03 2.388800e-01
147 7.522880e-01 7.528000e-03 2.401840e-01
148 7.511400e-01 7.236000e-03 2.416240e-01
149 7.498240e-01 7.336000e-03 2.428400e-01
150 7.487120e-01 7.188000e-03 2.441000e-01
151 7.476160e-01 7.116000e-03 2.452680e-01
152 7.463560e-01 7.016000e-03 2.466280e-01
153 7.453600e-01 6.700000e-03 2.479400e-01
154 7.442680e-01 6.552000e-03 2.491800e-01
155 7.432520e-01 6.428000e-03 2.503200e-01
156 7.422000e-01 6.308000e-03 2.514920e-01
157 7.410840e-01 6.296000e-03 2.526200e-01
158 7.398640e-01 6.532000e-03 2.536040e-01
159 7.388320e-01 6.420000e-03 2.547480e-01
160 7.377600e-01 6.348000e-03 2.558920e-01
161 7.366960e-01 6.248000e-03 2.570560e-01
162 7.355360e-01 6.352000e-03 2.581120e-01
163 7.343960e-01 6.412000e-03 2.591920e-01
164 7.334000e-01 6.344000e-03 2.602560e-01
165 7.324480e-01 6.168000e-03 2.613840e-01
166 7.314120e-01 6.188000e-03 2.624000e-01
167 7.304240e-01 6.048000e-03 2.635280e-01
168 7.294200e-01 6.004000e-03 2.645760e-01
169 7.283960e-01 5.996000e-03 2.656080e-01
170 7.273640e-01 5.992000e-03 2.666440e-01
171 7.263680e-01 5.932000e-03 2.677000e-01
172 7.254080e-01 5.912000e-03 2.686800e-01
173 7.245120e-01 5.824000e-03 2.696640e-01
174 7.235280e-01 5.812000e-03 2.706600e-01
175 7.225560e-01 5.800000e-03 2.716440e-01
176 7.215600e-01 5.896000e-03 2.725440e-01
177 7.204800e-01 5.996000e-03 2.735240e-01
178 7.194160e-01 5.968000e-03 2.746160e-01
179 7.182720e-01 6.096000e-03 2.756320e-01
180 7.171160e-01 6.184000e-03 2.767000e-01
181 7.159600e-01 6.208000e-03 2.778320e-01
182 7.147840e-01 6.388000e-03 2.788280e-01
183 7.136640e-01 6.328000e-03 2.800080e-01
184 7.126320e-01 6.204000e-03 2.811640e-01
185 7.116080e-01 6.140000e-03 2.822520e-01
186 7.106520e-01 5.964000e-03 2.833840e-01
187 7.096200e-01 5.972000e-03 2.844080e-01
188 7.088160e-01 5.668000e-03 2.855160e-01
189 7.079560e-01 5.536000e-03 2.865080e-01
190 7.069920e-01 5.584000e-03 2.874240e-01
191 7.061440e-01 5.468000e-03 2.883880e-01
192 7.053760e-01 5.380000e-03 2.892440e-01
193 7.044240e-01 5.380000e-03 2.901960e-01
194 7.034600e-01 5.452000e-03 2.910880e-01
195 7.025400e-01 5.464000e-03 2.919960e-01
196 7.014360e-01 5.664000e-03 2.929000e-01
197 7.003240e-01 5.744000e-03 2.939320e-01
198 6.994200e-01 5.596000e-03 2.949840e-01
199 6.983680e-01 5.612000e-03 2.960200e-01
200 6.972600e-01 5.668000e-03 2.970720e-01
201 6.963280e-01 5.620000e-03 2.980520e-01
202 6.953840e-01 5.612000e-03 2.990040e-01
203 6.944280e-01 5.516000e-03 3.000560e-01
204 6.933920e-01 5.504000e-03 3.011040e-01
205 6.924520e-01 5.460000e-03 3.020880e-01
206 6.914520e-01 5.488000e-03 3.030600e-01
207 6.904400e-01 5.464000e-03 3.040960e-01
208 6.896440e-01 5.236000e-03 3.051200e-01
209 6.887920e-01 5.272000e-03 3.059360e-01
210 6.879240e-01 5.332000e-03 3.067440e-01
211 6.870240e-01 5.400000e-03 3.075760e-01
212 6.860920e-01 5.400000e-03 3.085080e-01
213 6.851640e-01 5.348000e-03 3.094880e-01
214 6.843080e-01 5.268000e-03 3.104240e-01
215 6.833840e-01 5.124000e-03 3.114920e-01
216 6.824600e-01 5.244000e-03 3.122960e-01
217 6.816120e-01 5.204000e-03 3.131840e-01
218 6.807400e-01 5.136000e-03 3.141240e-01
219 6.797640e-01 5.152000e-03 3.150840e-01
220 6.788880e-01 5.172000e-03 3.159400e-01
221 6.780440e-01 5.044000e-03 3.169120e-01
222 6.771400e-01 5.044000e-03 3.178160e-01
223 6.763760e-01 4.936000e-03 3.186880e-01
224 6.754640e-01 5.052000e-03 3.194840e-01
225 6.745280e-01 5.112000e-03 3.203600e-01
226 6.736400e-01 5.060000e-03 3.213000e-01
227 6.727000e-01 5.124000e-03 3.221760e-01
228 6.716760e-01 5.372000e-03 3.229520e-01
229 6.707320e-01 5.332000e-03 3.239360e-01
230 6.698360e-01 5.336000e-03 3.248280e-01
231 6.689840e-01 5.248000e-03 3.257680e-01
232 6.680480e-01 5.296000e-03 3.266560e-01
233 6.671400e-01 5.348000e-03 3.275120e-01
234 6.664200e-01 5.220000e-03 3.283600e-01
235 6.656120e-01 5.152000e-03 3.292360e-01
236 6.647440e-01 5.084000e-03 3.301720e-01
237 6.638800e-01 5.168000e-03 3.309520e-01
238 6.630680e-01 5.140000e-03 3.317920e-01
239 6.622600e-01 5.168000e-03 3.325720e-01
240 6.614480e-01 5.080000e-03 3.334720e-01
241 6.606000e-01 4.996000e-03 3.344040e-01
242 6.597400e-01 4.972000e-03 3.352880e-01
243 6.589400e-01 4.908000e-03 3.361520e-01
244 6.580760e-01 4.960000e-03 3.369640e-01
245 6.572800e-01 4.928000e-03 3.377920e-01
246 6.564720e-01 4.972000e-03 3.385560e-01
247 6.557960e-01 4.824000e-03 3.393800e-01
248 6.550440e-01 4.676000e-03 3.402800e-01
249 6.542840e-01 4.600000e-03 3.411160e-01
250 6.535040e-01 4.600000e-03 3.418960e-01
251 6.526720e-01 4.584000e-03 3.427440e-01
252 6.518800e-01 4.596000e-03 3.435240e-01
253 6.510840e-01 4.620000e-03 3.442960e-01
254 6.503160e-01 4.584000e-03 3.451000e-01
255 6.496640e-01 4.508000e-03 3.458280e-01
256 6.489640e-01 4.392000e-03 3.466440e-01
257 6.481360e-01 4.412000e-03 3.474520e-01
258 6.473360e-01 4.376000e-03 3.482880e-01
259 6.466840e-01 4.236000e-03 3.490800e-01
260 6.459920e-01 4.200000e-03 3.498080e-01
261 6.452960e-01 4.252000e-03 3.504520e-01
262 6.446120e-01 4.248000e-03 3.511400e-01
263 6.439000e-01 4.188000e-03 3.519120e-01
264 6.431680e-01 4.132000e-03 3.527000e-01
265 6.424840e-01 4.108000e-03 3.534080e-01
266 6.417920e-01 4.096000e-03 3.541120e-01
267 6.410480e-01 4.092000e-03 3.548600e-01
268 6.403320e-01 4.076000e-03 3.555920e-01
269 6.397160e-01 3.964000e-03 3.563200e-01
270 6.390040e-01 3.968000e-03 3.570280e-01
271 6.383240e-01 4.076000e-03 3.576000e-01
272 6.375640e-01 4.136000e-03 3.583000e-01
273 6.368600e-01 4.016000e-03 3.591240e-01
274 6.361960e-01 3.960000e-03 3.598440e-01
275 6.354960e-01 4.004000e-03 3.605000e-01
276 6.347240e-01 4.108000e-03 3.611680e-01
277 6.339960e-01 4.240000e-03 3.617640e-01
278 6.332280e-01 4.296000e-03 3.624760e-01
279 6.325200e-01 4.388000e-03 3.630920e-01
280 6.318080e-01 4.328000e-03 3.638640e-01
281 6.312120e-01 4.108000e-03 3.646800e-01
282 6.303520e-01 4.240000e-03 3.654080e-01
283 6.296200e-01 4.260000e-03 3.661200e-01
284 6.289200e-01 4.140000e-03 3.669400e-01
285 6.282480e-01 4.060000e-03 3.676920e-01
286 6.276080e-01 4.080000e-03 3.683120e-01
287 6.269040e-01 4.124000e-03 3.689720e-01
288 6.262680e-01 4.000000e-03 3.697320e-01
289 6.255280e-01 4.040000e-03 3.704320e-01
290 6.248040e-01 4.092000e-03 3.711040e-01
291 6.241480e-01 3.984000e-03 3.718680e-01
292 6.235920e-01 3.792000e-03 3.726160e-01
293 6.229800e-01 3.700000e-03 3.733200e-01
294 6.224320e-01 3.556000e-03 3.740120e-01
295 6.219040e-01 3.456000e-03 3.746400e-01
296 6.213720e-01 3.348000e-03 3.752800e-01
297 6.207680e-01 3.380000e-03 3.758520e-01
298 6.202000e-01 3.336000e-03 3.764640e-01
299 6.196880e-01 3.280000e-03 3.770320e-01
300 6.191960e-01 3.148000e-03 3.776560e-01
301 6.186560e-01 3.232000e-03 3.781120e-01
302 6.182240e-01 2.980000e-03 3.787960e-01
303 6.177120e-01 2.992000e-03 3.792960e-01
304 6.171800e-01 2.984000e-03 3.798360e-01
305 6.167640e-01 2.836000e-03 3.804000e-01
306 6.163160e-01 2.812000e-03 3.808720e-01
307 6.158520e-01 2.760000e-03 3.813880e-01
308 6.153360e-01 2.844000e-03 3.818200e-01
309 6.148760e-01 2.840000e-03 3.822840e-01
310 6.143920e-01 2.808000e-03 3.828000e-01
311 6.139160e-01 2.804000e-03 3.832800e-01
312 6.134960e-01 2.800000e-03 3.837040e-01
313 6.130320e-01 2.740000e-03 3.842280e-01
314 6.124400e-01 2.864000e-03 3.846960e-01
315 6.119680e-01 2.776000e-03 3.852560e-01
316 6.114840e-01 2.812000e-03 3.857040e-01
317 6.110080e-01 2.736000e-03 3.862560e-01
318 6.106320e-01 2.616000e-03 3.867520e-01
319 6.102040e-01 2.624000e-03 3.871720e-01
320 6.098120e-01 2.556000e-03 3.876320e-01
321 6.094880e-01 2.436000e-03 3.880760e-01
322 6.091160e-01 2.448000e-03 3.884360e-01
323 6.087360e-01 2.424000e-03 3.888400e-01
324 6.084080e-01 2.308000e-03 3.892840e-01
325 6.080240e-01 2.316000e-03 3.896600e-01
326 6.075880e-01 2.356000e-03 3.900560e-01
327 6.071800e-01 2.316000e-03 3.905040e-01
328 6.068000e-01 2.328000e-03 3.908720e-01
329 6.063440e-01 2.396000e-03 3.912600e-01
330 6.060000e-01 2.384000e-03 3.916160e-01
331 6.056240e-01 2.332000e-03 3.920440e-01
332 6.052560e-01 2.296000e-03 3.924480e-01
333 6.049240e-01 2.232000e-03 3.928440e-01
334 6.045600e-01 2.248000e-03 3.931920e-01
335 6.041960e-01 2.124000e-03 3.936800e-01
336 6.038000e-01 2.156000e-03 3.940440e-01
337 6.034480e-01 2.156000e-03 3.943960e-01
338 6.030640e-01 2.172000e-03 3.947640e-01
339 6.026680e-01 2.204000e-03 3.951280e-01
340 6.021280e-01 2.328000e-03 3.955440e-01
341 6.016560e-01 2.428000e-03 3.959160e-01
342 6.011840e-01 2.448000e-03 3.963680e-01
343 6.008000e-01 2.364000e-03 3.968360e-01
344 6.003520e-01 2.372000e-03 3.972760e-01
345 5.999040e-01 2.392000e-03 3.977040e-01
346 5.994800e-01 2.352000e-03 3.981680e-01
347 5.991760e-01 2.220000e-03 3.986040e-01
348 5.987720e-01 2.192000e-03 3.990360e-01
349 5.983840e-01 2.152000e-03 3.994640e-01
350 5.980000e-01 2.144000e-03 3.998560e-01
351 5.976560e-01 2.172000e-03 4.001720e-01
352 5.971960e-01 2.220000e-03 4.005840e-01
353 5.967720e-01 2.244000e-03 4.009840e-01
354 5.965080e-01 2.128000e-03 4.013640e-01
355 5.961720e-01 2.052000e-03 4.017760e-01
356 5.959080e-01 1.944000e-03 4.021480e-01
357 5.955480e-01 2.028000e-03 4.024240e-01
358 5.951960e-01 2.024000e-03 4.027800e-01
359 5.948640e-01 1.992000e-03 4.031440e-01
360 5.944920e-01 2.072000e-03 4.034360e-01
361 5.940920e-01 2.164000e-03 4.037440e-01
362 5.937280e-01 2.156000e-03 4.041160e-01
363 5.933080e-01 2.192000e-03 4.045000e-01
364 5.929320e-01 2.228000e-03 4.048400e-01
365 5.925760e-01 2.212000e-03 4.052120e-01
366 5.923000e-01 2.148000e-03 4.055520e-01
367 5.919680e-01 2.140000e-03 4.058920e-01
368 5.916240e-01 2.052000e-03 4.063240e-01
369 5.912880e-01 1.916000e-03 4.067960e-01
370 5.909880e-01 1.948000e-03 4.070640e-01
371 5.906680e-01 1.928000e-03 4.074040e-01
372 5.902840e-01 1.976000e-03 4.077400e-01
373 5.899200e-01 1.988000e-03 4.080920e-01
374 5.895480e-01 2.004000e-03 4.084480e-01
375 5.892800e-01 1.944000e-03 4.087760e-01
376 5.889240e-01 1.940000e-03 4.091360e-01
377 5.885600e-01 1.944000e-03 4.094960e-01
378 5.882040e-01 1.920000e-03 4.098760e-01
379 5.879320e-01 1.880000e-03 4.101880e-01
380 5.876800e-01 1.780000e-03 4.105400e-01
381 5.874720e-01 1.664000e-03 4.108640e-01
382 5.871920e-01 1.640000e-03 4.111680e-01
383 5.869160e-01 1.624000e-03 4.114600e-01
384 5.866520e-01 1.608000e-03 4.117400e-01
385 5.863400e-01 1.656000e-03 4.120040e-01
386 5.861120e-01 1.596000e-03 4.122920e-01
387 5.858480e-01 1.604000e-03 4.125480e-01
388 5.856120e-01 1.552000e-03 4.128360e-01
389 5.853920e-01 1.492000e-03 4.131160e-01
390 5.852000e-01 1.416000e-03 4.133840e-01
391 5.849600e-01 1.428000e-03 4.136120e-01
392 5.847000e-01 1.440000e-03 4.138600e-01
393 5.844720e-01 1.452000e-03 4.140760e-01
394 5.842200e-01 1.416000e-03 4.143640e-01
395 5.840400e-01 1.396000e-03 4.145640e-01
396 5.838080e-01 1.360000e-03 4.148320e-01
397 5.835800e-01 1.312000e-03 4.151080e-01
398 5.833440e-01 1.320000e-03 4.153360e-01
399 5.831360e-01 1.232000e-03 4.156320e-01
400 5.828960e-01 1.280000e-03 4.158240e-01
401 5.826480e-01 1.304000e-03 4.160480e-01
402 5.824080e-01 1.312000e-03 4.162800e-01
403 5.821440e-01 1.340000e-03 4.165160e-01
404 5.819040e-01 1.320000e-03 4.167760e-01
405 5.817000e-01 1.276000e-03 4.170240e-01
406 5.814960e-01 1.236000e-03 4.172680e-01
407 5.812960e-01 1.216000e-03 4.174880e-01
408 5.810840e-01 1.260000e-03 4.176560e-01
409 5.809040e-01 1.172000e-03 4.179240e-01
410 5.806720e-01 1.200000e-03 4.181280e-01
411 5.804440e-01 1.220000e-03 4.183360e-01
412 5.802120e-01 1.280000e-03 4.185080e-01
413 5.799920e-01 1.252000e-03 4.187560e-01
414 5.798000e-01 1.256000e-03 4.189440e-01
415 5.795840e-01 1.240000e-03 4.191760e-01
416 5.793280e-01 1.220000e-03 4.194520e-01
417 5.791600e-01 1.176000e-03 4.196640e-01
418 5.789680e-01 1.160000e-03 4.198720e-01
419 5.787680e-01 1.200000e-03 4.200320e-01
420 5.786120e-01 1.180000e-03 4.202080e-01
421 5.784400e-01 1.168000e-03 4.203920e-01
422 5.783320e-01 1.076000e-03 4.205920e-01
423 5.781560e-01 1.028000e-03 4.208160e-01
424 5.779760e-01 1.028000e-03 4.209960e-01
425 5.777280e-01 1.128000e-03 4.211440e-01
426 5.775480e-01 1.108000e-03 4.213440e-01
427 5.773560e-01 1.020000e-03 4.216240e-01
428 5.771680e-01 1.004000e-03 4.218280e-01
429 5.769160e-01 1.076000e-03 4.220080e-01
430 5.767160e-01 1.124000e-03 4.221600e-01
431 5.764880e-01 1.168000e-03 4.223440e-01
432 5.762280e-01 1.232000e-03 4.225400e-01
433 5.760080e-01 1.236000e-03 4.227560e-01
434 5.757640e-01 1.244000e-03 4.229920e-01
435 5.755960e-01 1.160000e-03 4.232440e-01
436 5.754520e-01 1.152000e-03 4.233960e-01
437 5.752960e-01 1.104000e-03 4.236000e-01
438 5.751720e-01 1.028000e-03 4.238000e-01
439 5.750240e-01 9.880000e-04 4.239880e-01
440 5.748680e-01 9.400000e-04 4.241920e-01
441 5.747040e-01 9.360000e-04 4.243600e-01
442 5.745360e-01 8.880000e-04 4.245760e-01
443 5.743760e-01 9.280000e-04 4.246960e-01
444 5.741400e-01 1.012000e-03 4.248480e-01
445 5.739400e-01 1.036000e-03 4.250240e-01
446 5.737520e-01 1.076000e-03 4.251720e-01
447 5.735200e-01 1.096000e-03 4.253840e-01
448 5.732680e-01 1.192000e-03 4.255400e-01
449 5.729920e-01 1.300000e-03 4.257080e-01
450 5.726840e-01 1.388000e-03 4.259280e-01
451 5.724760e-01 1.348000e-03 4.261760e-01
452 5.722800e-01 1.344000e-03 4.263760e-01
453 5.721080e-01 1.304000e-03 4.265880e-01
454 5.719520e-01 1.220000e-03 4.268280e-01
455 5.718120e-01 1.092000e-03 4.270960e-01
456 5.716880e-01 1.000000e-03 4.273120e-01
457 5.715160e-01 9.800000e-04 4.275040e-01
458 5.713760e-01 9.160000e-04 4.277080e-01
459 5.712280e-01 9.040000e-04 4.278680e-01
460 5.710640e-01 9.120000e-04 4.280240e-01
461 5.708920e-01 9.120000e-04 4.281960e-01
462 5.707080e-01 9.360000e-04 4.283560e-01
463 5.705400e-01 9.240000e-04 4.285360e-01
464 5.703320e-01 9.320000e-04 4.287360e-01
465 5.701560e-01 9.680000e-04 4.288760e-01
466 5.698800e-01 1.036000e-03 4.290840e-01
467 5.696560e-01 1.084000e-03 4.292600e-01
468 5.694360e-01 1.100000e-03 4.294640e-01
469 5.692560e-01 1.112000e-03 4.296320e-01
470 5.690680e-01 1.132000e-03 4.298000e-01
471 5.689120e-01 1.128000e-03 4.299600e-01
472 5.686800e-01 1.132000e-03 4.301880e-01
473 5.684800e-01 1.124000e-03 4.303960e-01
474 5.683080e-01 1.104000e-03 4.305880e-01
475 5.680840e-01 1.168000e-03 4.307480e-01
476 5.678760e-01 1.160000e-03 4.309640e-01
477 5.677440e-01 1.120000e-03 4.311360e-01
478 5.675440e-01 1.156000e-03 4.313000e-01
479 5.673240e-01 1.164000e-03 4.315120e-01
480 5.671080e-01 1.220000e-03 4.316720e-01
481 5.668720e-01 1.288000e-03 4.318400e-01
482 5.667160e-01 1.236000e-03 4.320480e-01
483 5.665320e-01 1.208000e-03 4.322600e-01
484 5.663240e-01 1.228000e-03 4.324480e-01
485 5.661240e-01 1.256000e-03 4.326200e-01
486 5.659560e-01 1.184000e-03 4.328600e-01
487 5.657880e-01 1.120000e-03 4.330920e-01
488 5.656440e-01 1.120000e-03 4.332360e-01
489 5.655200e-01 1.048000e-03 4.334320e-01
490 5.653680e-01 1.040000e-03 4.335920e-01
491 5.652360e-01 1.024000e-03 4.337400e-01
492 5.651200e-01 1.000000e-03 4.338800e-01
493 5.650160e-01 9.200000e-04 4.340640e-01
494 5.648080e-01 9.960000e-04 4.341960e-01
495 5.646240e-01 1.088000e-03 4.342880e-01
496 5.644360e-01 1.108000e-03 4.344560e-01
497 5.642800e-01 1.064000e-03 4.346560e-01
498 5.640640e-01 1.112000e-03 4.348240e-01
499 5.638600e-01 1.116000e-03 4.350240e-01
500 5.636600e-01 1.136000e-03 4.352040e-01
