1 9.991680e-01 7.560000e-04 7.600000e-05
2 9.984480e-01 1.324000e-03 2.280000e-04
3 9.976440e-01 1.856000e-03 5.000000e-04
4 9.967120e-01 2.408000e-03 8.800000e-04
5 9.958440e-01 2.876000e-03 1.280000e-03
6 9.946480e-01 3.552000e-03 1.800000e-03
7 9.934640e-01 4.036000e-03 2.500000e-03
8 9.922360e-01 4.468000e-03 3.296000e-03
9 9.909200e-01 4.984000e-03 4.096000e-03
10 9.895920e-01 5.372000e-03 5.036000e-03
11 9.882800e-01 5.712000e-03 6.008000e-03
12 9.869440e-01 5.924000e-03 7.132000e-03
13 9.856440e-01 6.132000e-03 8.224000e-03
14 9.842520e-01 6.436000e-03 9.312000e-03
15 9.829200e-01 6.648000e-03 1.043200e-02
16 9.815280e-01 6.836000e-03 1.163600e-02
17 9.800400e-01 7.100000e-03 1.286000e-02
18 9.785920e-01 7.292000e-03 1.411600e-02
19 9.770280e-01 7.644000e-03 1.532800e-02
20 9.755400e-01 7.752000e-03 1.670800e-02
21 9.741360e-01 7.868000e-03 1.799600e-02
22 9.727840e-01 7.816000e-03 1.940000e-02
23 9.714080e-01 7.816000e-03 2.077600e-02
24 9.699640e-01 7.908000e-03 2.212800e-02
25 9.686200e-01 7.832000e-03 2.354800e-02
26 9.671800e-01 7.864000e-03 2.495600e-02
27 9.658720e-01 7.860000e-03 2.626800e-02
28 9.644320e-01 7.848000e-03 2.772000e-02
29 9.630560e-01 7.912000e-03 2.903200e-02
30 9.615000e-01 8.048000e-03 3.045200e-02
31 9.601240e-01 8.144000e-03 3.173200e-02
32 9.584920e-01 8.332000e-03 3.317600e-02
33 9.570240e-01 8.316000e-03 3.466000e-02
34 9.555520e-01 8.396000e-03 3.605200e-02
35 9.539800e-01 8.584000e-03 3.743600e-02
36 9.524720e-01 8.576000e-03 3.895200e-02
37 9.508440e-01 8.700000e-03 4.045600e-02
38 9.493480e-01 8.556000e-03 4.209600e-02
39 9.478600e-01 8.620000e-03 4.352000e-02
40 9.462600e-01 8.680000e-03 4.506000e-02
41 9.445760e-01 8.712000e-03 4.671200e-02
42 9.430840e-01 8.692000e-03 4.822400e-02
43 9.415560e-01 8.780000e-03 4.966400e-02
44 9.400760e-01 8.540000e-03 5.138400e-02
45 9.385560e-01 8.516000e-03 5.292800e-02
46 9.370400e-01 8.492000e-03 5.446800e-02
47 9.354640e-01 8.596000e-03 5.594000e-02
48 9.339120e-01 8.660000e-03 5.742800e-02
49 9.323400e-01 8.776000e-03 5.888400e-02
50 9.308120e-01 8.764000e-03 6.042400e-02
51 9.293000e-01 8.732000e-03 6.196800e-02
52 9.278880e-01 8.616000e-03 6.349600e-02
53 9.263680e-01 8.672000e-03 6.496000e-02
54 9.248920e-01 8.584000e-03 6.652400e-02
55 9.233480e-01 8.580000e-03 6.807200e-02
56 9.218800e-01 8.472000e-03 6.964800e-02
57 9.205440e-01 8.336000e-03 7.112000e-02
58 9.191440e-01 8.292000e-03 7.256400e-02
59 9.177680e-01 8.216000e-03 7.401600e-02
60 9.162880e-01 8.292000e-03 7.542000e-02
61 9.147720e-01 8.572000e-03 7.665600e-02
62 9.132720e-01 8.652000e-03 7.807600e-02
63 9.116760e-01 8.804000e-03 7.952000e-02
64 9.102680e-01 8.660000e-03 8.107200e-02
65 9.087480e-01 8.556000e-03 8.269600e-02
66 9.071560e-01 8.724000e-03 8.412000e-02
67 9.056360e-01 8.712000e-03 8.565200e-02
68 9.040560e-01 8.772000e-03 8.717200e-02
69 9.025000e-01 8.796000e-03 8.870400e-02
70 9.008880e-01 8.872000e-03 9.024000e-02
71 8.993240e-01 8.808000e-03 9.186800e-02
72 8.977320e-01 8.924000e-03 9.334400e-02
73 8.961120e-01 8.892000e-03 9.499600e-02
74 8.945520e-01 9.008000e-03 9.644000e-02
75 8.930520e-01 8.920000e-03 9.802800e-02
76 8.914960e-01 8.960000e-03 9.954400e-02
77 8.899400e-01 8.956000e-03 1.011040e-01
78 8.882480e-01 9.004000e-03 1.027480e-01
79 8.867880e-01 8.796000e-03 1.044160e-01
80 8.852360e-01 8.900000e-03 1.058640e-01
81 8.837400e-01 8.804000e-03 1.074560e-01
82 8.824240e-01 8.656000e-03 1.089200e-01
83 8.811040e-01 8.528000e-03 1.103680e-01
84 8.797120e-01 8.508000e-03 1.117800e-01
85 8.784400e-01 8.264000e-03 1.132960e-01
86 8.772440e-01 8.160000e-03 1.145960e-01
87 8.760120e-01 7.880000e-03 1.161080e-01
88 8.747120e-01 7.788000e-03 1.175000e-01
89 8.734280e-01 7.784000e-03 1.187880e-01
90 8.721800e-01 7.792000e-03 1.200280e-01
91 8.709640e-01 7.640000e-03 1.213960e-01
92 8.697600e-01 7.508000e-03 1.227320e-01
93 8.684840e-01 7.600000e-03 1.239160e-01
94 8.673160e-01 7.352000e-03 1.253320e-01
95 8.661160e-01 7.236000e-03 1.266480e-01
96 8.648840e-01 7.212000e-03 1.279040e-01
97 8.635160e-01 7.304000e-03 1.291800e-01
98 8.621120e-01 7.536000e-03 1.303520e-01
99 8.606520e-01 7.764000e-03 1.315840e-01
100 8.590760e-01 7.996000e-03 1.329280e-01
101 8.577360e-01 7.984000e-03 1.342800e-01
102 8.562640e-01 8.076000e-03 1.356600e-01
103 8.548320e-01 8.000000e-03 1.371680e-01
104 8.534120e-01 7.928000e-03 1.386600e-01
105 8.519640e-01 7.968000e-03 1.400680e-01
106 8.504720e-01 8.104000e-03 1.414240e-01
107 8.491240e-01 8.020000e-03 1.428560e-01
108 8.476800e-01 8.096000e-03 1.442240e-01
109 8.463000e-01 8.076000e-03 1.456240e-01
110 8.449680e-01 7.980000e-03 1.470520e-01
111 8.436040e-01 8.044000e-03 1.483520e-01
112 8.423160e-01 8.004000e-03 1.496800e-01
113 8.409320e-01 8.080000e-03 1.509880e-01
114 8.396560e-01 7.832000e-03 1.525120e-01
115 8.382960e-01 7.836000e-03 1.538680e-01
116 8.370360e-01 7.728000e-03 1.552360e-01
117 8.357120e-01 7.764000e-03 1.565240e-01
118 8.344560e-01 7.680000e-03 1.578640e-01
119 8.331080e-01 7.656000e-03 1.592360e-01
120 8.318000e-01 7.576000e-03 1.606240e-01
121 8.305080e-01 7.532000e-03 1.619600e-01
122 8.293000e-01 7.468000e-03 1.632320e-01
123 8.280080e-01 7.436000e-03 1.645560e-01
124 8.268160e-01 7.412000e-03 1.657720e-01
125 8.253680e-01 7.436000e-03 1.671960e-01
126 8.241160e-01 7.252000e-03 1.686320e-01
127 8.228880e-01 7.080000e-03 1.700320e-01
128 8.216480e-01 7.192000e-03 1.711600e-01
129 8.204080e-01 7.184000e-03 1.724080e-01
130 8.190920e-01 7.296000e-03 1.736120e-01
131 8.178520e-01 7.296000e-03 1.748520e-01
132 8.167320e-01 7.016000e-03 1.762520e-01
133 8.154720e-01 7.076000e-03 1.774520e-01
134 8.142600e-01 7.056000e-03 1.786840e-01
135 8.132120e-01 6.852000e-03 1.799360e-01
136 8.121640e-01 6.764000e-03 1.810720e-01
137 8.109120e-01 6.828000e-03 1.822600e-01
138 8.098120e-01 6.720000e-03 1.834680e-01
139 8.086920e-01 6.672000e-03 1.846360e-01
140 8.076200e-01 6.528000e-03 1.858520e-01
141 8.065160e-01 6.480000e-03 1.870040e-01
142 8.054280e-01 6.476000e-03 1.880960e-01
143 8.044080e-01 6.332000e-03 1.892600e-01
144 8.033600e-01 6.260000e-03 1.903800e-01
145 8.023200e-01 6.104000e-03 1.915760e-01
146 8.012480e-01 6.176000e-03 1.925760e-01
147 8.001560e-01 6.236000e-03 1.936080e-01
148 7.990960e-01 6.252000e-03 1.946520e-01
149 7.979240e-01 6.352000e-03 1.957240e-01
150 7.968080e-01 6.492000e-03 1.967000e-01
151 7.958680e-01 6.268000e-03 1.978640e-01
152 7.949640e-01 5.996000e-03 1.990400e-01
153 7.939720e-01 6.040000e-03 1.999880e-01
154 7.929440e-01 6.016000e-03 2.010400e-01
155 7.919720e-01 5.928000e-03 2.021000e-01
156 7.911240e-01 5.792000e-03 2.030840e-01
157 7.902960e-01 5.756000e-03 2.039480e-01
158 7.894040e-01 5.592000e-03 2.050040e-01
159 7.885280e-01 5.556000e-03 2.059160e-01
160 7.875920e-01 5.460000e-03 2.069480e-01
161 7.867680e-01 5.364000e-03 2.078680e-01
162 7.859720e-01 5.184000e-03 2.088440e-01
163 7.851720e-01 5.116000e-03 2.097120e-01
164 7.842760e-01 5.160000e-03 2.105640e-01
165 7.833880e-01 5.120000e-03 2.114920e-01
166 7.825280e-01 5.104000e-03 2.123680e-01
167 7.815880e-01 5.124000e-03 2.132880e-01
168 7.807200e-01 5.156000e-03 2.141240e-01
169 7.798880e-01 5.032000e-03 2.150800e-01
170 7.790120e-01 5.096000e-03 2.158920e-01
171 7.780880e-01 5.084000e-03 2.168280e-01
172 7.773160e-01 4.924000e-03 2.177600e-01
173 7.763720e-01 5.008000e-03 2.186200e-01
174 7.756120e-01 4.872000e-03 2.195160e-01
175 7.749080e-01 4.748000e-03 2.203440e-01
176 7.740280e-01 4.860000e-03 2.211120e-01
177 7.732480e-01 4.812000e-03 2.219400e-01
178 7.725720e-01 4.648000e-03 2.227800e-01
179 7.718680e-01 4.520000e-03 2.236120e-01
180 7.712160e-01 4.452000e-03 2.243320e-01
181 7.706200e-01 4.268000e-03 2.251120e-01
182 7.699200e-01 4.276000e-03 2.258040e-01
183 7.692920e-01 4.212000e-03 2.264960e-01
184 7.685760e-01 4.228000e-03 2.271960e-01
185 7.678600e-01 4.136000e-03 2.280040e-01
186 7.671280e-01 4.084000e-03 2.287880e-01
187 7.663600e-01 4.108000e-03 2.295320e-01
188 7.657600e-01 3.952000e-03 2.302880e-01
189 7.650480e-01 3.984000e-03 2.309680e-01
190 7.643480e-01 4.032000e-03 2.316200e-01
191 7.636640e-01 4.068000e-03 2.322680e-01
192 7.630720e-01 3.964000e-03 2.329640e-01
193 7.624280e-01 4.012000e-03 2.335600e-01
194 7.617760e-01 4.040000e-03 2.341840e-01
195 7.610280e-01 4.080000e-03 2.348920e-01
196 7.604560e-01 3.972000e-03 2.355720e-01
197 7.598760e-01 3.872000e-03 2.362520e-01
198 7.592720e-01 3.764000e-03 2.369640e-01
199 7.586800e-01 3.752000e-03 2.375680e-01
200 7.579920e-01 3.680000e-03 2.383280e-01
201 7.573720e-01 3.656000e-03 2.389720e-01
202 7.568560e-01 3.488000e-03 2.396560e-01
203 7.562920e-01 3.428000e-03 2.402800e-01
204 7.558480e-01 3.228000e-03 2.409240e-01
205 7.554120e-01 3.024000e-03 2.415640e-01
206 7.550000e-01 2.904000e-03 2.420960e-01
207 7.545440e-01 2.824000e-03 2.426320e-01
208 7.540880e-01 2.824000e-03 2.430880e-01
209 7.536480e-01 2.756000e-03 2.435960e-01
210 7.531280e-01 2.792000e-03 2.440800e-01
211 7.526640e-01 2.796000e-03 2.445400e-01
212 7.522720e-01 2.720000e-03 2.450080e-01
213 7.518280e-01 2.704000e-03 2.454680e-01
214 7.513840e-01 2.692000e-03 2.459240e-01
215 7.509680e-01 2.604000e-03 2.464280e-01
216 7.505560e-01 2.528000e-03 2.469160e-01
217 7.501240e-01 2.476000e-03 2.474000e-01
218 7.496600e-01 2.488000e-03 2.478520e-01
219 7.492200e-01 2.412000e-03 2.483680e-01
220 7.488760e-01 2.344000e-03 2.487800e-01
221 7.484760e-01 2.344000e-03 2.491800e-01
222 7.481040e-01 2.344000e-03 2.495520e-01
223 7.476200e-01 2.388000e-03 2.499920e-01
224 7.471880e-01 2.440000e-03 2.503720e-01
225 7.467320e-01 2.504000e-03 2.507640e-01
226 7.462800e-01 2.548000e-03 2.511720e-01
227 7.458000e-01 2.516000e-03 2.516840e-01
228 7.452720e-01 2.572000e-03 2.521560e-01
229 7.448000e-01 2.600000e-03 2.526000e-01
230 7.442600e-01 2.632000e-03 2.531080e-01
231 7.437960e-01 2.588000e-03 2.536160e-01
232 7.433960e-01 2.564000e-03 2.540400e-01
233 7.429720e-01 2.552000e-03 2.544760e-01
234 7.425080e-01 2.556000e-03 2.549360e-01
235 7.421200e-01 2.476000e-03 2.554040e-01
236 7.416200e-01 2.532000e-03 2.558480e-01
237 7.411840e-01 2.568000e-03 2.562480e-01
238 7.407720e-01 2.536000e-03 2.566920e-01
239 7.403040e-01 2.520000e-03 2.571760e-01
240 7.398840e-01 2.488000e-03 2.576280e-01
241 7.395280e-01 2.416000e-03 2.580560e-01
242 7.391000e-01 2.428000e-03 2.584720e-01
243 7.385560e-01 2.520000e-03 2.589240e-01
244 7.380840e-01 2.592000e-03 2.593240e-01
245 7.375520e-01 2.664000e-03 2.597840e-01
246 7.370680e-01 2.648000e-03 2.602840e-01
247 7.365120e-01 2.708000e-03 2.607800e-01
248 7.360800e-01 2.640000e-03 2.612800e-01
249 7.355000e-01 2.748000e-03 2.617520e-01
250 7.349160e-01 2.748000e-03 2.623360e-01
251 7.343440e-01 2.892000e-03 2.627640e-01
252 7.338240e-01 2.904000e-03 2.632720e-01
253 7.332680e-01 2.988000e-03 2.637440e-01
254 7.327600e-01 3.044000e-03 2.641960e-01
255 7.323240e-01 2.968000e-03 2.647080e-01
256 7.317600e-01 3.008000e-03 2.652320e-01
257 7.311680e-01 3.104000e-03 2.657280e-01
258 7.306280e-01 3.016000e-03 2.663560e-01
259 7.302040e-01 2.928000e-03 2.668680e-01
260 7.298080e-01 2.828000e-03 2.673640e-01
261 7.293520e-01 2.812000e-03 2.678360e-01
262 7.289000e-01 2.832000e-03 2.682680e-01
263 7.283600e-01 2.808000e-03 2.688320e-01
264 7.279680e-01 2.760000e-03 2.692720e-01
265 7.274960e-01 2.708000e-03 2.697960e-01
266 7.270560e-01 2.744000e-03 2.702000e-01
267 7.265720e-01 2.700000e-03 2.707280e-01
268 7.260360e-01 2.732000e-03 2.712320e-01
269 7.255160e-01 2.744000e-03 2.717400e-01
270 7.250240e-01 2.856000e-03 2.721200e-01
271 7.245560e-01 2.728000e-03 2.727160e-01
272 7.240920e-01 2.676000e-03 2.732320e-01
273 7.237000e-01 2.620000e-03 2.736800e-01
274 7.232840e-01 2.596000e-03 2.741200e-01
275 7.228840e-01 2.512000e-03 2.746040e-01
276 7.224560e-01 2.492000e-03 2.750520e-01
277 7.220960e-01 2.376000e-03 2.755280e-01
278 7.217840e-01 2.292000e-03 2.759240e-01
279 7.214280e-01 2.296000e-03 2.762760e-01
280 7.211080e-01 2.144000e-03 2.767480e-01
281 7.208080e-01 2.104000e-03 2.770880e-01
282 7.204720e-01 2.056000e-03 2.774720e-01
283 7.202400e-01 1.912000e-03 2.778480e-01
284 7.200400e-01 1.792000e-03 2.781680e-01
285 7.197400e-01 1.856000e-03 2.784040e-01
286 7.194360e-01 1.820000e-03 2.787440e-01
287 7.192080e-01 1.712000e-03 2.790800e-01
288 7.189600e-01 1.648000e-03 2.793920e-01
289 7.186520e-01 1.676000e-03 2.796720e-01
290 7.183360e-01 1.660000e-03 2.800040e-01
291 7.180960e-01 1.600000e-03 2.803040e-01
292 7.178280e-01 1.584000e-03 2.805880e-01
293 7.174800e-01 1.628000e-03 2.808920e-01
294 7.171240e-01 1.672000e-03 2.812040e-01
295 7.168120e-01 1.720000e-03 2.814680e-01
296 7.165200e-01 1.752000e-03 2.817280e-01
297 7.161920e-01 1.756000e-03 2.820520e-01
298 7.158800e-01 1.792000e-03 2.823280e-01
299 7.156000e-01 1.784000e-03 2.826160e-01
300 7.153440e-01 1.708000e-03 2.829480e-01
301 7.150360e-01 1.684000e-03 2.832800e-01
302 7.147560e-01 1.684000e-03 2.835600e-01
303 7.145320e-01 1.648000e-03 2.838200e-01
304 7.143160e-01 1.620000e-03 2.840640e-01
305 7.140800e-01 1.560000e-03 2.843600e-01
306 7.138160e-01 1.520000e-03 2.846640e-01
307 7.135880e-01 1.508000e-03 2.849040e-01
308 7.133240e-01 1.536000e-03 2.851400e-01
309 7.130440e-01 1.548000e-03 2.854080e-01
310 7.128240e-01 1.504000e-03 2.856720e-01
311 7.125880e-01 1.456000e-03 2.859560e-01
312 7.123560e-01 1.472000e-03 2.861720e-01
313 7.120920e-01 1.508000e-03 2.864000e-01
314 7.118000e-01 1.520000e-03 2.866800e-01
315 7.114760e-01 1.576000e-03 2.869480e-01
316 7.112200e-01 1.564000e-03 2.872160e-01
317 7.108680e-01 1.604000e-03 2.875280e-01
318 7.105160e-01 1.680000e-03 2.878040e-01
319 7.101480e-01 1.776000e-03 2.880760e-01
320 7.097920e-01 1.812000e-03 2.883960e-01
321 7.094120e-01 1.936000e-03 2.886520e-01
322 7.091520e-01 1.876000e-03 2.889720e-01
323 7.089280e-01 1.776000e-03 2.892960e-01
324 7.086400e-01 1.724000e-03 2.896360e-01
325 7.083840e-01 1.692000e-03 2.899240e-01
326 7.081280e-01 1.648000e-03 2.902240e-01
327 7.079280e-01 1.540000e-03 2.905320e-01
328 7.076600e-01 1.548000e-03 2.907920e-01
329 7.074360e-01 1.556000e-03 2.910080e-01
330 7.072080e-01 1.548000e-03 2.912440e-01
331 7.069840e-01 1.452000e-03 2.915640e-01
332 7.067320e-01 1.452000e-03 2.918160e-01
333 7.064240e-01 1.496000e-03 2.920800e-01
334 7.061800e-01 1.448000e-03 2.923720e-01
335 7.059520e-01 1.428000e-03 2.926200e-01
336 7.056960e-01 1.452000e-03 2.928520e-01
337 7.054480e-01 1.432000e-03 2.931200e-01
338 7.052560e-01 1.328000e-03 2.934160e-01
339 7.050320e-01 1.324000e-03 2.936440e-01
340 7.048520e-01 1.220000e-03 2.939280e-01
341 7.046320e-01 1.200000e-03 2.941680e-01
342 7.044280e-01 1.184000e-03 2.943880e-01
343 7.042600e-01 1.084000e-03 2.946560e-01
344 7.040840e-01 1.056000e-03 2.948600e-01
345 7.038840e-01 1.084000e-03 2.950320e-01
346 7.037480e-01 1.028000e-03 2.952240e-01
347 7.036000e-01 1.020000e-03 2.953800e-01
348 7.034520e-01 9.720000e-04 2.955760e-01
349 7.033080e-01 9.640000e-04 2.957280e-01
350 7.031360e-01 9.320000e-04 2.959320e-01
351 7.029960e-01 9.240000e-04 2.960800e-01
352 7.028880e-01 8.520000e-04 2.962600e-01
353 7.027560e-01 8.400000e-04 2.964040e-01
354 7.025840e-01 8.160000e-04 2.966000e-01
355 7.024520e-01 8.240000e-04 2.967240e-01
356 7.023160e-01 8.040000e-04 2.968800e-01
357 7.021640e-01 8.280000e-04 2.970080e-01
358 7.020000e-01 8.520000e-04 2.971480e-01
359 7.017960e-01 8.840000e-04 2.973200e-01
360 7.016400e-01 8.480000e-04 2.975120e-01
361 7.015120e-01 8.600000e-04 2.976280e-01
362 7.013160e-01 9.160000e-04 2.977680e-01
363 7.011320e-01 9.560000e-04 2.979120e-01
364 7.010120e-01 8.640000e-04 2.981240e-01
365 7.008280e-01 9.200000e-04 2.982520e-01
366 7.006520e-01 9.360000e-04 2.984120e-01
367 7.005400e-01 8.880000e-04 2.985720e-01
368 7.004520e-01 8.680000e-04 2.986800e-01
369 7.003000e-01 8.760000e-04 2.988240e-01
370 7.001600e-01 8.680000e-04 2.989720e-01
371 7.000080e-01 8.920000e-04 2.991000e-01
372 6.998320e-01 8.880000e-04 2.992800e-01
373 6.996560e-01 9.120000e-04 2.994320e-01
374 6.995440e-01 8.880000e-04 2.995680e-01
375 6.994280e-01 8.360000e-04 2.997360e-01
376 6.993000e-01 8.160000e-04 2.998840e-01
377 6.992080e-01 7.800000e-04 3.000120e-01
378 6.991040e-01 7.920000e-04 3.001040e-01
379 6.989720e-01 8.000000e-04 3.002280e-01
380 6.988280e-01 8.360000e-04 3.003360e-01
381 6.987080e-01 7.920000e-04 3.005000e-01
382 6.985760e-01 7.720000e-04 3.006520e-01
383 6.984360e-01 7.800000e-04 3.007840e-01
384 6.982680e-01 8.320000e-04 3.009000e-01
385 6.980760e-01 8.720000e-04 3.010520e-01
386 6.979160e-01 8.960000e-04 3.011880e-01
387 6.977640e-01 8.760000e-04 3.013600e-01
388 6.976400e-01 8.560000e-04 3.015040e-01
389 6.974880e-01 8.280000e-04 3.016840e-01
390 6.973600e-01 7.880000e-04 3.018520e-01
391 6.972160e-01 7.760000e-04 3.020080e-01
392 6.971200e-01 7.560000e-04 3.021240e-01
393 6.970280e-01 6.960000e-04 3.022760e-01
394 6.969560e-01 6.560000e-04 3.023880e-01
395 6.968560e-01 6.760000e-04 3.024680e-01
396 6.967560e-01 6.480000e-04 3.025960e-01
397 6.966080e-01 6.680000e-04 3.027240e-01
398 6.964920e-01 6.440000e-04 3.028640e-01
399 6.963640e-01 6.400000e-04 3.029960e-01
400 6.961840e-01 7.120000e-04 3.031040e-01
401 6.960560e-01 7.160000e-04 3.032280e-01
402 6.959600e-01 6.640000e-04 3.033760e-01
403 6.957960e-01 7.040000e-04 3.035000e-01
404 6.956920e-01 6.600000e-04 3.036480e-01
405 6.955360e-01 6.800000e-04 3.037840e-01
406 6.954240e-01 7.160000e-04 3.038600e-01
407 6.952800e-01 7.040000e-04 3.040160e-01
408 6.951240e-01 7.080000e-04 3.041680e-01
409 6.950080e-01 6.920000e-04 3.043000e-01
410 6.949000e-01 6.840000e-04 3.044160e-01
411 6.947720e-01 6.920000e-04 3.045360e-01
412 6.946280e-01 7.160000e-04 3.046560e-01
413 6.944720e-01 7.680000e-04 3.047600e-01
414 6.943200e-01 8.040000e-04 3.048760e-01
415 6.941880e-01 8.080000e-04 3.050040e-01
416 6.940640e-01 8.040000e-04 3.051320e-01
417 6.939480e-01 7.760000e-04 3.052760e-01
418 6.938000e-01 7.800000e-04 3.054200e-01
419 6.936760e-01 7.720000e-04 3.055520e-01
420 6.935840e-01 7.480000e-04 3.056680e-01
421 6.934280e-01 7.680000e-04 3.058040e-01
422 6.932800e-01 7.920000e-04 3.059280e-01
423 6.931440e-01 8.000000e-04 3.060560e-01
424 6.929880e-01 7.840000e-04 3.062280e-01
425 6.928600e-01 7.840000e-04 3.063560e-01
426 6.926680e-01 8.480000e-04 3.064840e-01
427 6.925000e-01 8.800000e-04 3.066200e-01
428 6.923600e-01 8.760000e-04 3.067640e-01
429 6.922240e-01 8.880000e-04 3.068880e-01
430 6.920880e-01 8.800000e-04 3.070320e-01
431 6.919720e-01 8.840000e-04 3.071440e-01
432 6.918240e-01 8.880000e-04 3.072880e-01
433 6.917200e-01 8.680000e-04 3.074120e-01
434 6.915400e-01 8.400000e-04 3.076200e-01
435 6.914240e-01 8.120000e-04 3.077640e-01
436 6.912560e-01 9.080000e-04 3.078360e-01
437 6.911040e-01 9.160000e-04 3.079800e-01
438 6.909800e-01 8.840000e-04 3.081360e-01
439 6.908920e-01 8.240000e-04 3.082840e-01
440 6.908160e-01 7.720000e-04 3.084120e-01
441 6.907120e-01 7.520000e-04 3.085360e-01
442 6.906400e-01 7.160000e-04 3.086440e-01
443 6.905760e-01 6.960000e-04 3.087280e-01
444 6.904560e-01 7.120000e-04 3.088320e-01
445 6.903640e-01 6.760000e-04 3.089600e-01
446 6.902600e-01 6.480000e-04 3.090920e-01
447 6.901560e-01 5.840000e-04 3.092600e-01
448 6.900560e-01 6.280000e-04 3.093160e-01
449 6.899200e-01 6.400000e-04 3.094400e-01
450 6.898080e-01 6.560000e-04 3.095360e-01
451 6.897280e-01 6.320000e-04 3.096400e-01
452 6.896600e-01 6.200000e-04 3.097200e-01
453 6.895480e-01 6.680000e-04 3.097840e-01
454 6.894880e-01 6.400000e-04 3.098720e-01
455 6.894240e-01 5.640000e-04 3.100120e-01
456 6.893360e-01 5.600000e-04 3.101040e-01
457 6.892680e-01 5.200000e-04 3.102120e-01
458 6.892040e-01 4.680000e-04 3.103280e-01
459 6.891000e-01 4.800000e-04 3.104200e-01
460 6.890240e-01 4.720000e-04 3.105040e-01
461 6.888960e-01 5.480000e-04 3.105560e-01
462 6.888440e-01 4.960000e-04 3.106600e-01
463 6.887600e-01 5.080000e-04 3.107320e-01
464 6.886760e-01 5.200000e-04 3.108040e-01
465 6.885960e-01 4.920000e-04 3.109120e-01
466 6.885440e-01 4.560000e-04 3.110000e-01
467 6.884920e-01 4.360000e-04 3.110720e-01
468 6.884040e-01 4.480000e-04 3.111480e-01
469 6.883560e-01 4.120000e-04 3.112320e-01
470 6.882560e-01 3.960000e-04 3.113480e-01
471 6.881840e-01 4.000000e-04 3.114160e-01
472 6.881040e-01 4.120000e-04 3.114840e-01
473 6.880520e-01 4.040000e-04 3.115440e-01
474 6.879680e-01 4.200000e-04 3.116120e-01
475 6.879160e-01 4.000000e-04 3.116840e-01
476 6.878720e-01 3.960000e-04 3.117320e-01
477 6.878360e-01 3.400000e-04 3.118240e-01
478 6.877960e-01 3.160000e-04 3.118880e-01
479 6.877720e-01 2.760000e-04 3.119520e-01
480 6.877040e-01 2.840000e-04 3.120120e-01
481 6.876480e-01 3.000000e-04 3.120520e-01
482 6.876080e-01 2.840000e-04 3.121080e-01
483 6.875600e-01 2.880000e-04 3.121520e-01
484 6.874960e-01 2.960000e-04 3.122080e-01
485 6.874520e-01 2.640000e-04 3.122840e-01
486 6.874200e-01 2.400000e-04 3.123400e-01
487 6.873760e-01 2.520000e-04 3.123720e-01
488 6.873400e-01 2.560000e-04 3.124040e-01
489 6.872840e-01 2.480000e-04 3.124680e-01
490 6.872520e-01 2.080000e-04 3.125400e-01
491 6.872320e-01 2.160000e-04 3.125520e-01
492 6.872240e-01 2.040000e-04 3.125720e-01
493 6.872200e-01 1.680000e-04 3.126120e-01
494 6.872080e-01 1.480000e-04 3.126440e-01
495 6.872000e-01 1.400000e-04 3.126600e-01
496 6.872000e-01 1.000000e-04 3.127000e-01
497 6.871920e-01 9.600000e-05 3.127120e-01
498 6.871840e-01 7.200000e-05 3.127440e-01
499 6.871800e-01 6.800000e-05 3.127520e-01
500 6.871760e-01 6.400000e-05 3.127600e-01
