1 9.991800e-01 7.280000e-04 9.200000e-05
2 9.985360e-01 1.224000e-03 2.400000e-04
3 9.979560e-01 1.564000e-03 4.800000e-04
4 9.972600e-01 1.960000e-03 7.800000e-04
5 9.964720e-01 2.412000e-03 1.116000e-03
6 9.955720e-01 2.784000e-03 1.644000e-03
7 9.947080e-01 3.160000e-03 2.132000e-03
8 9.937920e-01 3.448000e-03 2.760000e-03
9 9.928120e-01 3.728000e-03 3.460000e-03
10 9.919400e-01 3.980000e-03 4.080000e-03
11 9.909320e-01 4.208000e-03 4.860000e-03
12 9.899360e-01 4.396000e-03 5.668000e-03
13 9.889240e-01 4.712000e-03 6.364000e-03
14 9.879080e-01 4.872000e-03 7.220000e-03
15 9.867680e-01 5.044000e-03 8.188000e-03
16 9.856680e-01 5.196000e-03 9.136000e-03
17 9.845160e-01 5.424000e-03 1.006000e-02
18 9.832720e-01 5.712000e-03 1.101600e-02
19 9.819880e-01 6.028000e-03 1.198400e-02
20 9.806320e-01 6.332000e-03 1.303600e-02
21 9.793040e-01 6.452000e-03 1.424400e-02
22 9.780840e-01 6.548000e-03 1.536800e-02
23 9.767000e-01 6.928000e-03 1.637200e-02
24 9.753240e-01 7.008000e-03 1.766800e-02
25 9.737720e-01 7.372000e-03 1.885600e-02
26 9.722800e-01 7.564000e-03 2.015600e-02
27 9.706240e-01 7.756000e-03 2.162000e-02
28 9.691240e-01 7.952000e-03 2.292400e-02
29 9.675200e-01 8.264000e-03 2.421600e-02
30 9.659040e-01 8.368000e-03 2.572800e-02
31 9.642200e-01 8.628000e-03 2.715200e-02
32 9.626720e-01 8.684000e-03 2.864400e-02
33 9.611840e-01 8.692000e-03 3.012400e-02
34 9.596880e-01 8.740000e-03 3.157200e-02
35 9.580520e-01 8.876000e-03 3.307200e-02
36 9.563800e-01 8.924000e-03 3.469600e-02
37 9.548360e-01 8.828000e-03 3.633600e-02
38 9.532200e-01 8.900000e-03 3.788000e-02
39 9.517520e-01 8.840000e-03 3.940800e-02
40 9.503040e-01 8.816000e-03 4.088000e-02
41 9.487280e-01 8.912000e-03 4.236000e-02
42 9.471480e-01 8.952000e-03 4.390000e-02
43 9.456480e-01 8.928000e-03 4.542400e-02
44 9.440560e-01 9.036000e-03 4.690800e-02
45 9.426280e-01 8.776000e-03 4.859600e-02
46 9.410680e-01 8.844000e-03 5.008800e-02
47 9.394400e-01 9.012000e-03 5.154800e-02
48 9.378480e-01 9.116000e-03 5.303600e-02
49 9.361440e-01 9.220000e-03 5.463600e-02
50 9.343760e-01 9.356000e-03 5.626800e-02
51 9.326240e-01 9.508000e-03 5.786800e-02
52 9.309800e-01 9.412000e-03 5.960800e-02
53 9.294560e-01 9.384000e-03 6.116000e-02
54 9.278000e-01 9.432000e-03 6.276800e-02
55 9.262160e-01 9.428000e-03 6.435600e-02
56 9.243840e-01 9.676000e-03 6.594000e-02
57 9.226080e-01 9.708000e-03 6.768400e-02
58 9.209960e-01 9.576000e-03 6.942800e-02
59 9.191160e-01 9.956000e-03 7.092800e-02
60 9.173720e-01 9.904000e-03 7.272400e-02
61 9.156040e-01 9.996000e-03 7.440000e-02
62 9.140320e-01 9.740000e-03 7.622800e-02
63 9.124200e-01 9.628000e-03 7.795200e-02
64 9.106160e-01 9.708000e-03 7.967600e-02
65 9.089560e-01 9.704000e-03 8.134000e-02
66 9.074480e-01 9.536000e-03 8.301600e-02
67 9.056440e-01 9.752000e-03 8.460400e-02
68 9.037800e-01 9.876000e-03 8.634400e-02
69 9.022040e-01 9.708000e-03 8.808800e-02
70 9.006560e-01 9.508000e-03 8.983600e-02
71 8.989480e-01 9.692000e-03 9.136000e-02
72 8.974400e-01 9.440000e-03 9.312000e-02
73 8.960360e-01 9.316000e-03 9.464800e-02
74 8.943480e-01 9.336000e-03 9.631600e-02
75 8.926680e-01 9.352000e-03 9.798000e-02
76 8.911400e-01 9.308000e-03 9.955200e-02
77 8.895080e-01 9.296000e-03 1.011960e-01
78 8.877360e-01 9.328000e-03 1.029360e-01
79 8.860640e-01 9.476000e-03 1.044600e-01
80 8.842920e-01 9.496000e-03 1.062120e-01
81 8.826840e-01 9.492000e-03 1.078240e-01
82 8.810400e-01 9.604000e-03 1.093560e-01
83 8.795520e-01 9.288000e-03 1.111600e-01
84 8.780120e-01 9.172000e-03 1.128160e-01
85 8.766720e-01 8.812000e-03 1.145160e-01
86 8.753400e-01 8.644000e-03 1.160160e-01
87 8.741120e-01 8.332000e-03 1.175560e-01
88 8.727240e-01 8.264000e-03 1.190120e-01
89 8.713840e-01 8.184000e-03 1.204320e-01
90 8.701000e-01 8.000000e-03 1.219000e-01
91 8.688440e-01 7.780000e-03 1.233760e-01
92 8.676360e-01 7.660000e-03 1.247040e-01
93 8.662360e-01 7.728000e-03 1.260360e-01
94 8.648920e-01 7.628000e-03 1.274800e-01
95 8.635640e-01 7.656000e-03 1.287800e-01
96 8.622400e-01 7.628000e-03 1.301320e-01
97 8.609160e-01 7.612000e-03 1.314720e-01
98 8.597040e-01 7.572000e-03 1.327240e-01
99 8.582840e-01 7.676000e-03 1.340400e-01
100 8.569680e-01 7.612000e-03 1.354200e-01
101 8.557320e-01 7.552000e-03 1.367160e-01
102 8.544320e-01 7.476000e-03 1.380920e-01
103 8.532320e-01 7.280000e-03 1.394880e-01
104 8.519280e-01 7.396000e-03 1.406760e-01
105 8.506320e-01 7.384000e-03 1.419840e-01
106 8.492920e-01 7.484000e-03 1.432240e-01
107 8.479560e-01 7.544000e-03 1.445000e-01
108 8.465800e-01 7.604000e-03 1.458160e-01
109 8.454680e-01 7.476000e-03 1.470560e-01
110 8.442680e-01 7.416000e-03 1.483160e-01
111 8.430920e-01 7.380000e-03 1.495280e-01
112 8.419280e-01 7.244000e-03 1.508280e-01
113 8.409200e-01 6.992000e-03 1.520880e-01
114 8.397920e-01 6.880000e-03 1.533280e-01
115 8.384720e-01 7.124000e-03 1.544040e-01
116 8.373600e-01 6.964000e-03 1.556760e-01
117 8.361440e-01 6.964000e-03 1.568920e-01
118 8.348160e-01 7.024000e-03 1.581600e-01
119 8.335760e-01 7.072000e-03 1.593520e-01
120 8.322840e-01 7.220000e-03 1.604960e-01
121 8.310520e-01 7.232000e-03 1.617160e-01
122 8.298240e-01 7.216000e-03 1.629600e-01
123 8.285200e-01 7.356000e-03 1.641240e-01
124 8.272120e-01 7.352000e-03 1.654360e-01
125 8.259880e-01 7.400000e-03 1.666120e-01
126 8.247680e-01 7.292000e-03 1.679400e-01
127 8.235560e-01 7.220000e-03 1.692240e-01
128 8.222560e-01 7.336000e-03 1.704080e-01
129 8.208160e-01 7.516000e-03 1.716680e-01
130 8.194840e-01 7.656000e-03 1.728600e-01
131 8.181000e-01 7.608000e-03 1.742920e-01
132 8.167600e-01 7.572000e-03 1.756680e-01
133 8.155000e-01 7.520000e-03 1.769800e-01
134 8.143240e-01 7.388000e-03 1.782880e-01
135 8.131320e-01 7.320000e-03 1.795480e-01
136 8.119240e-01 7.272000e-03 1.808040e-01
137 8.106360e-01 7.280000e-03 1.820840e-01
138 8.094840e-01 7.128000e-03 1.833880e-01
139 8.083040e-01 7.108000e-03 1.845880e-01
140 8.072320e-01 6.956000e-03 1.858120e-01
141 8.061520e-01 6.832000e-03 1.870160e-01
142 8.049720e-01 6.836000e-03 1.881920e-01
143 8.038800e-01 6.808000e-03 1.893120e-01
144 8.028040e-01 6.628000e-03 1.905680e-01
145 8.017560e-01 6.520000e-03 1.917240e-01
146 8.007680e-01 6.380000e-03 1.928520e-01
147 7.998200e-01 6.252000e-03 1.939280e-01
148 7.988520e-01 6.224000e-03 1.949240e-01
149 7.977800e-01 6.184000e-03 1.960360e-01
150 7.968600e-01 6.112000e-03 1.970280e-01
151 7.958120e-01 6.204000e-03 1.979840e-01
152 7.946720e-01 6.272000e-03 1.990560e-01
153 7.935720e-01 6.248000e-03 2.001800e-01
154 7.925320e-01 6.216000e-03 2.012520e-01
155 7.915400e-01 6.184000e-03 2.022760e-01
156 7.905240e-01 6.088000e-03 2.033880e-01
157 7.893960e-01 6.080000e-03 2.045240e-01
158 7.882400e-01 6.248000e-03 2.055120e-01
159 7.872840e-01 6.156000e-03 2.065600e-01
160 7.861120e-01 6.252000e-03 2.076360e-01
161 7.849480e-01 6.240000e-03 2.088120e-01
162 7.838960e-01 6.200000e-03 2.099040e-01
163 7.828840e-01 6.200000e-03 2.109160e-01
164 7.818120e-01 6.148000e-03 2.120400e-01
165 7.807760e-01 6.004000e-03 2.132200e-01
166 7.796600e-01 6.060000e-03 2.142800e-01
167 7.786080e-01 6.064000e-03 2.153280e-01
168 7.775400e-01 6.152000e-03 2.163080e-01
169 7.766000e-01 6.032000e-03 2.173680e-01
170 7.754880e-01 6.136000e-03 2.183760e-01
171 7.743360e-01 6.252000e-03 2.194120e-01
172 7.732960e-01 6.192000e-03 2.205120e-01
173 7.721760e-01 6.332000e-03 2.214920e-01
174 7.711120e-01 6.256000e-03 2.226320e-01
175 7.700040e-01 6.308000e-03 2.236880e-01
176 7.689520e-01 6.220000e-03 2.248280e-01
177 7.678440e-01 6.228000e-03 2.259280e-01
178 7.667920e-01 6.064000e-03 2.271440e-01
179 7.656600e-01 6.028000e-03 2.283120e-01
180 7.645520e-01 6.020000e-03 2.294280e-01
181 7.635080e-01 5.992000e-03 2.305000e-01
182 7.625400e-01 5.936000e-03 2.315240e-01
183 7.614080e-01 6.044000e-03 2.325480e-01
184 7.602800e-01 6.112000e-03 2.336080e-01
185 7.593040e-01 6.044000e-03 2.346520e-01
186 7.582640e-01 5.968000e-03 2.357680e-01
187 7.570960e-01 6.104000e-03 2.368000e-01
188 7.559840e-01 6.196000e-03 2.378200e-01
189 7.548840e-01 6.252000e-03 2.388640e-01
190 7.537960e-01 6.288000e-03 2.399160e-01
191 7.528440e-01 6.128000e-03 2.410280e-01
192 7.519040e-01 6.056000e-03 2.420400e-01
193 7.508840e-01 6.116000e-03 2.430000e-01
194 7.500200e-01 5.848000e-03 2.441320e-01
195 7.489800e-01 5.888000e-03 2.451320e-01
196 7.478720e-01 6.032000e-03 2.460960e-01
197 7.468520e-01 6.024000e-03 2.471240e-01
198 7.459280e-01 5.964000e-03 2.481080e-01
199 7.450240e-01 5.844000e-03 2.491320e-01
200 7.441640e-01 5.688000e-03 2.501480e-01
201 7.433560e-01 5.572000e-03 2.510720e-01
202 7.424400e-01 5.452000e-03 2.521080e-01
203 7.416160e-01 5.260000e-03 2.531240e-01
204 7.407880e-01 5.212000e-03 2.540000e-01
205 7.398880e-01 5.128000e-03 2.549840e-01
206 7.389800e-01 5.136000e-03 2.558840e-01
207 7.380520e-01 5.024000e-03 2.569240e-01
208 7.372040e-01 5.004000e-03 2.577920e-01
209 7.363000e-01 4.960000e-03 2.587400e-01
210 7.354040e-01 5.044000e-03 2.595520e-01
211 7.344160e-01 5.152000e-03 2.604320e-01
212 7.336560e-01 5.000000e-03 2.613440e-01
213 7.328720e-01 4.868000e-03 2.622600e-01
214 7.319800e-01 4.852000e-03 2.631680e-01
215 7.311800e-01 4.772000e-03 2.640480e-01
216 7.302680e-01 4.840000e-03 2.648920e-01
217 7.293080e-01 4.972000e-03 2.657200e-01
218 7.284880e-01 4.824000e-03 2.666880e-01
219 7.276480e-01 4.888000e-03 2.674640e-01
220 7.267440e-01 4.884000e-03 2.683720e-01
221 7.258920e-01 5.064000e-03 2.690440e-01
222 7.250960e-01 4.964000e-03 2.699400e-01
223 7.242560e-01 4.832000e-03 2.709120e-01
224 7.235040e-01 4.744000e-03 2.717520e-01
225 7.226560e-01 4.784000e-03 2.725600e-01
226 7.217920e-01 4.808000e-03 2.734000e-01
227 7.210160e-01 4.744000e-03 2.742400e-01
228 7.201960e-01 4.720000e-03 2.750840e-01
229 7.193520e-01 4.768000e-03 2.758800e-01
230 7.185400e-01 4.836000e-03 2.766240e-01
231 7.176240e-01 4.932000e-03 2.774440e-01
232 7.168560e-01 4.820000e-03 2.783240e-01
233 7.160720e-01 4.672000e-03 2.792560e-01
234 7.152720e-01 4.664000e-03 2.800640e-01
235 7.145080e-01 4.620000e-03 2.808720e-01
236 7.136200e-01 4.720000e-03 2.816600e-01
237 7.128440e-01 4.736000e-03 2.824200e-01
238 7.120160e-01 4.692000e-03 2.832920e-01
239 7.111440e-01 4.852000e-03 2.840040e-01
240 7.101800e-01 5.004000e-03 2.848160e-01
241 7.092800e-01 5.160000e-03 2.855600e-01
242 7.084040e-01 5.144000e-03 2.864520e-01
243 7.074960e-01 5.112000e-03 2.873920e-01
244 7.065880e-01 5.160000e-03 2.882520e-01
245 7.057600e-01 5.076000e-03 2.891640e-01
246 7.049680e-01 4.960000e-03 2.900720e-01
247 7.041200e-01 4.972000e-03 2.909080e-01
248 7.034440e-01 4.840000e-03 2.917160e-01
249 7.026560e-01 4.720000e-03 2.926240e-01
250 7.018560e-01 4.664000e-03 2.934800e-01
251 7.010080e-01 4.664000e-03 2.943280e-01
252 7.003400e-01 4.480000e-03 2.951800e-01
253 6.996200e-01 4.464000e-03 2.959160e-01
254 6.988600e-01 4.472000e-03 2.966680e-01
255 6.981200e-01 4.488000e-03 2.973920e-01
256 6.973680e-01 4.424000e-03 2.982080e-01
257 6.966640e-01 4.316000e-03 2.990200e-01
258 6.959680e-01 4.332000e-03 2.997000e-01
259 6.953000e-01 4.268000e-03 3.004320e-01
260 6.945720e-01 4.304000e-03 3.011240e-01
261 6.938440e-01 4.240000e-03 3.019160e-01
262 6.930600e-01 4.336000e-03 3.026040e-01
263 6.924560e-01 4.172000e-03 3.033720e-01
264 6.917560e-01 4.124000e-03 3.041200e-01
265 6.911800e-01 3.912000e-03 3.049080e-01
266 6.905120e-01 3.844000e-03 3.056440e-01
267 6.899160e-01 3.752000e-03 3.063320e-01
268 6.892200e-01 3.780000e-03 3.070000e-01
269 6.885280e-01 3.864000e-03 3.076080e-01
270 6.878200e-01 3.864000e-03 3.083160e-01
271 6.870760e-01 3.876000e-03 3.090480e-01
272 6.863400e-01 3.900000e-03 3.097600e-01
273 6.856360e-01 3.884000e-03 3.104800e-01
274 6.849520e-01 3.848000e-03 3.112000e-01
275 6.843480e-01 3.800000e-03 3.118520e-01
276 6.836440e-01 3.788000e-03 3.125680e-01
277 6.829160e-01 3.848000e-03 3.132360e-01
278 6.823240e-01 3.820000e-03 3.138560e-01
279 6.816320e-01 3.836000e-03 3.145320e-01
280 6.809200e-01 3.900000e-03 3.151800e-01
281 6.802040e-01 3.948000e-03 3.158480e-01
282 6.796240e-01 3.788000e-03 3.165880e-01
283 6.789960e-01 3.716000e-03 3.172880e-01
284 6.783280e-01 3.812000e-03 3.178600e-01
285 6.776920e-01 3.748000e-03 3.185600e-01
286 6.770240e-01 3.768000e-03 3.192080e-01
287 6.763680e-01 3.644000e-03 3.199880e-01
288 6.757360e-01 3.564000e-03 3.207000e-01
289 6.750800e-01 3.636000e-03 3.212840e-01
290 6.744800e-01 3.652000e-03 3.218680e-01
291 6.737880e-01 3.624000e-03 3.225880e-01
292 6.732200e-01 3.536000e-03 3.232440e-01
293 6.726200e-01 3.484000e-03 3.238960e-01
294 6.719560e-01 3.588000e-03 3.244560e-01
295 6.711360e-01 3.828000e-03 3.250360e-01
296 6.703880e-01 3.916000e-03 3.256960e-01
297 6.696880e-01 3.872000e-03 3.264400e-01
298 6.690080e-01 3.920000e-03 3.270720e-01
299 6.682760e-01 3.980000e-03 3.277440e-01
300 6.677280e-01 3.836000e-03 3.284360e-01
301 6.671720e-01 3.716000e-03 3.291120e-01
302 6.665520e-01 3.716000e-03 3.297320e-01
303 6.659560e-01 3.748000e-03 3.302960e-01
304 6.653240e-01 3.716000e-03 3.309600e-01
305 6.647120e-01 3.704000e-03 3.315840e-01
306 6.640120e-01 3.696000e-03 3.322920e-01
307 6.633960e-01 3.652000e-03 3.329520e-01
308 6.628360e-01 3.520000e-03 3.336440e-01
309 6.622200e-01 3.548000e-03 3.342320e-01
310 6.616240e-01 3.488000e-03 3.348880e-01
311 6.610640e-01 3.456000e-03 3.354800e-01
312 6.604360e-01 3.452000e-03 3.361120e-01
313 6.598440e-01 3.444000e-03 3.367120e-01
314 6.592880e-01 3.472000e-03 3.372400e-01
315 6.586600e-01 3.580000e-03 3.377600e-01
316 6.581440e-01 3.488000e-03 3.383680e-01
317 6.575560e-01 3.532000e-03 3.389120e-01
318 6.569400e-01 3.516000e-03 3.395440e-01
319 6.563640e-01 3.352000e-03 3.402840e-01
320 6.558920e-01 3.284000e-03 3.408240e-01
321 6.554320e-01 3.152000e-03 3.414160e-01
322 6.548600e-01 3.152000e-03 3.419880e-01
323 6.542040e-01 3.212000e-03 3.425840e-01
324 6.535800e-01 3.312000e-03 3.431080e-01
325 6.531040e-01 3.252000e-03 3.436440e-01
326 6.524320e-01 3.388000e-03 3.441800e-01
327 6.518920e-01 3.336000e-03 3.447720e-01
328 6.513080e-01 3.412000e-03 3.452800e-01
329 6.506920e-01 3.492000e-03 3.458160e-01
330 6.501000e-01 3.428000e-03 3.464720e-01
331 6.495440e-01 3.408000e-03 3.470480e-01
332 6.489120e-01 3.452000e-03 3.476360e-01
333 6.483160e-01 3.408000e-03 3.482760e-01
334 6.477200e-01 3.344000e-03 3.489360e-01
335 6.471640e-01 3.336000e-03 3.495000e-01
336 6.466400e-01 3.324000e-03 3.500360e-01
337 6.460840e-01 3.308000e-03 3.506080e-01
338 6.455640e-01 3.244000e-03 3.511920e-01
339 6.450160e-01 3.244000e-03 3.517400e-01
340 6.444480e-01 3.272000e-03 3.522800e-01
341 6.438960e-01 3.272000e-03 3.528320e-01
342 6.434920e-01 3.112000e-03 3.533960e-01
343 6.430360e-01 3.068000e-03 3.538960e-01
344 6.426200e-01 2.988000e-03 3.543920e-01
345 6.421120e-01 2.960000e-03 3.549280e-01
346 6.416440e-01 2.956000e-03 3.554000e-01
347 6.410440e-01 3.016000e-03 3.559400e-01
348 6.405160e-01 3.056000e-03 3.564280e-01
349 6.399360e-01 3.120000e-03 3.569440e-01
350 6.394960e-01 3.052000e-03 3.574520e-01
351 6.390200e-01 2.928000e-03 3.580520e-01
352 6.385840e-01 2.764000e-03 3.586520e-01
353 6.381560e-01 2.680000e-03 3.591640e-01
354 6.376280e-01 2.700000e-03 3.596720e-01
355 6.371760e-01 2.724000e-03 3.601000e-01
356 6.365840e-01 2.876000e-03 3.605400e-01
357 6.360480e-01 2.908000e-03 3.610440e-01
358 6.355640e-01 2.864000e-03 3.615720e-01
359 6.351920e-01 2.712000e-03 3.620960e-01
360 6.347640e-01 2.600000e-03 3.626360e-01
361 6.343720e-01 2.536000e-03 3.630920e-01
362 6.340720e-01 2.348000e-03 3.635800e-01
363 6.337160e-01 2.336000e-03 3.639480e-01
364 6.333760e-01 2.316000e-03 3.643080e-01
365 6.330000e-01 2.268000e-03 3.647320e-01
366 6.326880e-01 2.164000e-03 3.651480e-01
367 6.323680e-01 2.136000e-03 3.654960e-01
368 6.320440e-01 2.120000e-03 3.658360e-01
369 6.317280e-01 2.040000e-03 3.662320e-01
370 6.313160e-01 2.104000e-03 3.665800e-01
371 6.309560e-01 2.096000e-03 3.669480e-01
372 6.306560e-01 1.956000e-03 3.673880e-01
373 6.303160e-01 1.972000e-03 3.677120e-01
374 6.300160e-01 1.944000e-03 3.680400e-01
375 6.296480e-01 1.992000e-03 3.683600e-01
376 6.292320e-01 1.980000e-03 3.687880e-01
377 6.289560e-01 1.916000e-03 3.691280e-01
378 6.286240e-01 1.856000e-03 3.695200e-01
379 6.282680e-01 1.856000e-03 3.698760e-01
380 6.278920e-01 1.936000e-03 3.701720e-01
381 6.275720e-01 1.976000e-03 3.704520e-01
382 6.272720e-01 1.908000e-03 3.708200e-01
383 6.269400e-01 1.932000e-03 3.711280e-01
384 6.266360e-01 1.856000e-03 3.715080e-01
385 6.263720e-01 1.796000e-03 3.718320e-01
386 6.260760e-01 1.800000e-03 3.721240e-01
387 6.258080e-01 1.736000e-03 3.724560e-01
388 6.254160e-01 1.772000e-03 3.728120e-01
389 6.250640e-01 1.796000e-03 3.731400e-01
390 6.247040e-01 1.840000e-03 3.734560e-01
391 6.243280e-01 1.844000e-03 3.738280e-01
392 6.239600e-01 1.912000e-03 3.741280e-01
393 6.235960e-01 1.972000e-03 3.744320e-01
394 6.232800e-01 1.948000e-03 3.747720e-01
395 6.229560e-01 1.924000e-03 3.751200e-01
396 6.226280e-01 1.884000e-03 3.754880e-01
397 6.224000e-01 1.808000e-03 3.757920e-01
398 6.220960e-01 1.852000e-03 3.760520e-01
399 6.217640e-01 1.908000e-03 3.763280e-01
400 6.214600e-01 1.880000e-03 3.766600e-01
401 6.211560e-01 1.824000e-03 3.770200e-01
402 6.209240e-01 1.796000e-03 3.772800e-01
403 6.206000e-01 1.836000e-03 3.775640e-01
404 6.203120e-01 1.800000e-03 3.778880e-01
405 6.200280e-01 1.736000e-03 3.782360e-01
406 6.197560e-01 1.684000e-03 3.785600e-01
407 6.194280e-01 1.676000e-03 3.788960e-01
408 6.191120e-01 1.696000e-03 3.791920e-01
409 6.187920e-01 1.680000e-03 3.795280e-01
410 6.184800e-01 1.728000e-03 3.797920e-01
411 6.181080e-01 1.752000e-03 3.801400e-01
412 6.177240e-01 1.876000e-03 3.804000e-01
413 6.172600e-01 2.032000e-03 3.807080e-01
414 6.168800e-01 2.044000e-03 3.810760e-01
415 6.165000e-01 2.092000e-03 3.814080e-01
416 6.161120e-01 2.100000e-03 3.817880e-01
417 6.157880e-01 2.044000e-03 3.821680e-01
418 6.154760e-01 1.948000e-03 3.825760e-01
419 6.151640e-01 1.932000e-03 3.829040e-01
420 6.149200e-01 1.852000e-03 3.832280e-01
421 6.146040e-01 1.860000e-03 3.835360e-01
422 6.143040e-01 1.832000e-03 3.838640e-01
423 6.139200e-01 1.864000e-03 3.842160e-01
424 6.135800e-01 1.828000e-03 3.845920e-01
425 6.132760e-01 1.756000e-03 3.849680e-01
426 6.128840e-01 1.804000e-03 3.853120e-01
427 6.125240e-01 1.864000e-03 3.856120e-01
428 6.122320e-01 1.808000e-03 3.859600e-01
429 6.119640e-01 1.784000e-03 3.862520e-01
430 6.115720e-01 1.824000e-03 3.866040e-01
431 6.112320e-01 1.904000e-03 3.868640e-01
432 6.109280e-01 1.836000e-03 3.872360e-01
433 6.105760e-01 1.916000e-03 3.875080e-01
434 6.102480e-01 1.936000e-03 3.878160e-01
435 6.099680e-01 1.844000e-03 3.881880e-01
436 6.095880e-01 1.940000e-03 3.884720e-01
437 6.092720e-01 1.936000e-03 3.887920e-01
438 6.088560e-01 2.080000e-03 3.890640e-01
439 6.084920e-01 2.080000e-03 3.894280e-01
440 6.082680e-01 1.936000e-03 3.897960e-01
441 6.080080e-01 1.880000e-03 3.901120e-01
442 6.077480e-01 1.876000e-03 3.903760e-01
443 6.074720e-01 1.840000e-03 3.906880e-01
444 6.072440e-01 1.672000e-03 3.910840e-01
445 6.070320e-01 1.600000e-03 3.913680e-01
446 6.068040e-01 1.556000e-03 3.916400e-01
447 6.065200e-01 1.564000e-03 3.919160e-01
448 6.062160e-01 1.556000e-03 3.922280e-01
449 6.058600e-01 1.632000e-03 3.925080e-01
450 6.056160e-01 1.604000e-03 3.927800e-01
451 6.053680e-01 1.540000e-03 3.930920e-01
452 6.050960e-01 1.548000e-03 3.933560e-01
453 6.048040e-01 1.576000e-03 3.936200e-01
454 6.044880e-01 1.676000e-03 3.938360e-01
455 6.041960e-01 1.660000e-03 3.941440e-01
456 6.038640e-01 1.688000e-03 3.944480e-01
457 6.035400e-01 1.688000e-03 3.947720e-01
458 6.032640e-01 1.632000e-03 3.951040e-01
459 6.030040e-01 1.596000e-03 3.954000e-01
460 6.027960e-01 1.496000e-03 3.957080e-01
461 6.025920e-01 1.472000e-03 3.959360e-01
462 6.023040e-01 1.496000e-03 3.962000e-01
463 6.020160e-01 1.536000e-03 3.964480e-01
464 6.017200e-01 1.568000e-03 3.967120e-01
465 6.014480e-01 1.652000e-03 3.969000e-01
466 6.011600e-01 1.588000e-03 3.972520e-01
467 6.010040e-01 1.432000e-03 3.975640e-01
468 6.007720e-01 1.400000e-03 3.978280e-01
469 6.005400e-01 1.380000e-03 3.980800e-01
470 6.003160e-01 1.376000e-03 3.983080e-01
471 6.000280e-01 1.424000e-03 3.985480e-01
472 5.997040e-01 1.492000e-03 3.988040e-01
473 5.994480e-01 1.472000e-03 3.990800e-01
474 5.992320e-01 1.460000e-03 3.993080e-01
475 5.989600e-01 1.508000e-03 3.995320e-01
476 5.986960e-01 1.496000e-03 3.998080e-01
477 5.983920e-01 1.572000e-03 4.000360e-01
478 5.981160e-01 1.600000e-03 4.002840e-01
479 5.978840e-01 1.556000e-03 4.005600e-01
480 5.976200e-01 1.544000e-03 4.008360e-01
481 5.972680e-01 1.608000e-03 4.011240e-01
482 5.971040e-01 1.488000e-03 4.014080e-01
483 5.968840e-01 1.480000e-03 4.016360e-01
484 5.966960e-01 1.452000e-03 4.018520e-01
485 5.964280e-01 1.484000e-03 4.020880e-01
486 5.961360e-01 1.556000e-03 4.023080e-01
487 5.958760e-01 1.564000e-03 4.025600e-01
488 5.956560e-01 1.484000e-03 4.028600e-01
489 5.954520e-01 1.448000e-03 4.031000e-01
490 5.952040e-01 1.404000e-03 4.033920e-01
491 5.949920e-01 1.428000e-03 4.035800e-01
492 5.947160e-01 1.480000e-03 4.038040e-01
493 5.945080e-01 1.432000e-03 4.040600e-01
494 5.942240e-01 1.444000e-03 4.043320e-01
495 5.940080e-01 1.460000e-03 4.045320e-01
496 5.936920e-01 1.492000e-03 4.048160e-01
497 5.933960e-01 1.520000e-03 4.050840e-01
498 5.931440e-01 1.484000e-03 4.053720e-01
499 5.929080e-01 1.460000e-03 4.056320e-01
500 5.926160e-01 1.460000e-03 4.059240e-01
