1 9.991520e-01 7.400000e-04 1.080000e-04
2 9.985640e-01 1.140000e-03 2.960000e-04
3 9.978960e-01 1.604000e-03 5.000000e-04
4 9.970880e-01 2.068000e-03 8.440000e-04
5 9.962480e-01 2.560000e-03 1.192000e-03
6 9.954000e-01 2.884000e-03 1.716000e-03
7 9.944320e-01 3.320000e-03 2.248000e-03
8 9.934760e-01 3.672000e-03 2.852000e-03
9 9.923560e-01 4.108000e-03 3.536000e-03
10 9.911920e-01 4.520000e-03 4.288000e-03
11 9.901200e-01 4.756000e-03 5.124000e-03
12 9.889040e-01 5.152000e-03 5.944000e-03
13 9.877440e-01 5.312000e-03 6.944000e-03
14 9.865040e-01 5.688000e-03 7.808000e-03
15 9.852160e-01 6.004000e-03 8.780000e-03
16 9.838600e-01 6.320000e-03 9.820000e-03
17 9.823680e-01 6.628000e-03 1.100400e-02
18 9.807960e-01 6.952000e-03 1.225200e-02
19 9.792040e-01 7.184000e-03 1.361200e-02
20 9.778760e-01 7.332000e-03 1.479200e-02
21 9.764920e-01 7.440000e-03 1.606800e-02
22 9.749960e-01 7.608000e-03 1.739600e-02
23 9.734640e-01 7.800000e-03 1.873600e-02
24 9.719200e-01 7.976000e-03 2.010400e-02
25 9.704200e-01 8.104000e-03 2.147600e-02
26 9.689120e-01 8.192000e-03 2.289600e-02
27 9.674760e-01 8.112000e-03 2.441200e-02
28 9.659000e-01 8.160000e-03 2.594000e-02
29 9.642600e-01 8.332000e-03 2.740800e-02
30 9.626720e-01 8.576000e-03 2.875200e-02
31 9.611920e-01 8.500000e-03 3.030800e-02
32 9.596040e-01 8.644000e-03 3.175200e-02
33 9.580560e-01 8.656000e-03 3.328800e-02
34 9.564680e-01 8.576000e-03 3.495600e-02
35 9.546600e-01 8.944000e-03 3.639600e-02
36 9.530680e-01 9.152000e-03 3.778000e-02
37 9.513840e-01 9.256000e-03 3.936000e-02
38 9.497120e-01 9.376000e-03 4.091200e-02
39 9.481520e-01 9.212000e-03 4.263600e-02
40 9.466000e-01 9.124000e-03 4.427600e-02
41 9.450320e-01 9.108000e-03 4.586000e-02
42 9.434240e-01 9.144000e-03 4.743200e-02
43 9.419080e-01 9.124000e-03 4.896800e-02
44 9.401800e-01 9.372000e-03 5.044800e-02
45 9.384840e-01 9.340000e-03 5.217600e-02
46 9.366600e-01 9.416000e-03 5.392400e-02
47 9.349640e-01 9.408000e-03 5.562800e-02
48 9.333880e-01 9.380000e-03 5.723200e-02
49 9.317000e-01 9.300000e-03 5.900000e-02
50 9.301640e-01 9.292000e-03 6.054400e-02
51 9.285320e-01 9.212000e-03 6.225600e-02
52 9.270920e-01 8.956000e-03 6.395200e-02
53 9.255160e-01 9.076000e-03 6.540800e-02
54 9.238560e-01 9.248000e-03 6.689600e-02
55 9.221880e-01 9.216000e-03 6.859600e-02
56 9.204800e-01 9.292000e-03 7.022800e-02
57 9.188600e-01 9.364000e-03 7.177600e-02
58 9.172080e-01 9.412000e-03 7.338000e-02
59 9.155360e-01 9.440000e-03 7.502400e-02
60 9.137840e-01 9.552000e-03 7.666400e-02
61 9.119640e-01 9.720000e-03 7.831600e-02
62 9.103280e-01 9.584000e-03 8.008800e-02
63 9.088920e-01 9.416000e-03 8.169200e-02
64 9.072880e-01 9.460000e-03 8.325200e-02
65 9.055920e-01 9.412000e-03 8.499600e-02
66 9.038920e-01 9.368000e-03 8.674000e-02
67 9.021400e-01 9.380000e-03 8.848000e-02
68 9.005800e-01 9.304000e-03 9.011600e-02
69 8.990520e-01 9.208000e-03 9.174000e-02
70 8.975080e-01 9.172000e-03 9.332000e-02
71 8.959120e-01 9.320000e-03 9.476800e-02
72 8.942920e-01 9.288000e-03 9.642000e-02
73 8.926880e-01 9.204000e-03 9.810800e-02
74 8.910080e-01 9.148000e-03 9.984400e-02
75 8.893240e-01 9.284000e-03 1.013920e-01
76 8.876640e-01 9.276000e-03 1.030600e-01
77 8.859920e-01 9.448000e-03 1.045600e-01
78 8.844560e-01 9.308000e-03 1.062360e-01
79 8.827440e-01 9.408000e-03 1.078480e-01
80 8.808720e-01 9.604000e-03 1.095240e-01
81 8.792520e-01 9.580000e-03 1.111680e-01
82 8.775720e-01 9.576000e-03 1.128520e-01
83 8.759040e-01 9.600000e-03 1.144960e-01
84 8.743160e-01 9.644000e-03 1.160400e-01
85 8.728640e-01 9.348000e-03 1.177880e-01
86 8.711440e-01 9.340000e-03 1.195160e-01
87 8.695520e-01 9.212000e-03 1.212360e-01
88 8.678200e-01 9.420000e-03 1.227600e-01
89 8.661040e-01 9.464000e-03 1.244320e-01
90 8.643920e-01 9.548000e-03 1.260600e-01
91 8.627480e-01 9.444000e-03 1.278080e-01
92 8.612120e-01 9.512000e-03 1.292760e-01
93 8.596160e-01 9.380000e-03 1.310040e-01
94 8.580600e-01 9.368000e-03 1.325720e-01
95 8.564720e-01 9.288000e-03 1.342400e-01
96 8.549960e-01 9.252000e-03 1.357520e-01
97 8.536400e-01 8.968000e-03 1.373920e-01
98 8.521040e-01 8.976000e-03 1.389200e-01
99 8.503960e-01 9.188000e-03 1.404160e-01
100 8.487080e-01 9.356000e-03 1.419360e-01
101 8.469640e-01 9.440000e-03 1.435960e-01
102 8.453400e-01 9.356000e-03 1.453040e-01
103 8.437400e-01 9.252000e-03 1.470080e-01
104 8.420520e-01 9.296000e-03 1.486520e-01
105 8.405400e-01 9.224000e-03 1.502360e-01
106 8.388960e-01 9.340000e-03 1.517640e-01
107 8.372080e-01 9.424000e-03 1.533680e-01
108 8.354520e-01 9.472000e-03 1.550760e-01
109 8.337320e-01 9.528000e-03 1.567400e-01
110 8.320120e-01 9.600000e-03 1.583880e-01
111 8.302800e-01 9.604000e-03 1.601160e-01
112 8.284160e-01 9.748000e-03 1.618360e-01
113 8.269000e-01 9.672000e-03 1.634280e-01
114 8.251160e-01 9.808000e-03 1.650760e-01
115 8.234120e-01 9.836000e-03 1.667520e-01
116 8.217480e-01 9.756000e-03 1.684960e-01
117 8.200600e-01 9.724000e-03 1.702160e-01
118 8.186080e-01 9.512000e-03 1.718800e-01
119 8.168560e-01 9.752000e-03 1.733920e-01
120 8.152040e-01 9.796000e-03 1.750000e-01
121 8.136640e-01 9.544000e-03 1.767920e-01
122 8.122240e-01 9.356000e-03 1.784200e-01
123 8.108320e-01 9.252000e-03 1.799160e-01
124 8.092920e-01 9.152000e-03 1.815560e-01
125 8.078560e-01 8.912000e-03 1.832320e-01
126 8.064720e-01 8.736000e-03 1.847920e-01
127 8.051280e-01 8.508000e-03 1.863640e-01
128 8.036720e-01 8.584000e-03 1.877440e-01
129 8.021800e-01 8.492000e-03 1.893280e-01
130 8.006680e-01 8.504000e-03 1.908280e-01
131 7.994560e-01 8.212000e-03 1.923320e-01
132 7.981480e-01 8.004000e-03 1.938480e-01
133 7.968360e-01 7.960000e-03 1.952040e-01
134 7.954960e-01 7.780000e-03 1.967240e-01
135 7.941000e-01 7.820000e-03 1.980800e-01
136 7.928720e-01 7.832000e-03 1.992960e-01
137 7.916320e-01 7.680000e-03 2.006880e-01
138 7.903280e-01 7.720000e-03 2.019520e-01
139 7.889720e-01 7.744000e-03 2.032840e-01
140 7.877800e-01 7.544000e-03 2.046760e-01
141 7.867120e-01 7.196000e-03 2.060920e-01
142 7.855400e-01 7.092000e-03 2.073680e-01
143 7.843520e-01 6.976000e-03 2.086720e-01
144 7.832120e-01 6.904000e-03 2.098840e-01
145 7.819600e-01 7.000000e-03 2.110400e-01
146 7.807240e-01 7.056000e-03 2.122200e-01
147 7.794640e-01 7.012000e-03 2.135240e-01
148 7.781960e-01 7.092000e-03 2.147120e-01
149 7.770040e-01 7.052000e-03 2.159440e-01
150 7.757440e-01 7.088000e-03 2.171680e-01
151 7.745720e-01 6.896000e-03 2.185320e-01
152 7.732880e-01 7.032000e-03 2.196800e-01
153 7.720520e-01 7.064000e-03 2.208840e-01
154 7.707720e-01 7.024000e-03 2.222040e-01
155 7.695760e-01 6.916000e-03 2.235080e-01
156 7.681560e-01 7.160000e-03 2.246840e-01
157 7.668240e-01 7.208000e-03 2.259680e-01
158 7.657160e-01 7.004000e-03 2.272800e-01
159 7.645280e-01 6.896000e-03 2.285760e-01
160 7.633480e-01 6.844000e-03 2.298080e-01
161 7.623320e-01 6.696000e-03 2.309720e-01
162 7.612480e-01 6.592000e-03 2.321600e-01
163 7.601520e-01 6.536000e-03 2.333120e-01
164 7.589960e-01 6.560000e-03 2.344440e-01
165 7.579280e-01 6.472000e-03 2.356000e-01
166 7.569080e-01 6.308000e-03 2.367840e-01
167 7.557440e-01 6.304000e-03 2.379520e-01
168 7.545440e-01 6.356000e-03 2.391000e-01
169 7.533680e-01 6.432000e-03 2.402000e-01
170 7.522680e-01 6.340000e-03 2.413920e-01
171 7.511080e-01 6.444000e-03 2.424480e-01
172 7.500880e-01 6.296000e-03 2.436160e-01
173 7.489960e-01 6.388000e-03 2.446160e-01
174 7.480600e-01 6.284000e-03 2.456560e-01
175 7.471040e-01 6.068000e-03 2.468280e-01
176 7.460320e-01 6.056000e-03 2.479120e-01
177 7.450520e-01 6.040000e-03 2.489080e-01
178 7.440400e-01 5.956000e-03 2.500040e-01
179 7.429480e-01 5.972000e-03 2.510800e-01
180 7.420160e-01 5.828000e-03 2.521560e-01
181 7.410720e-01 5.668000e-03 2.532600e-01
182 7.400280e-01 5.716000e-03 2.542560e-01
183 7.390480e-01 5.760000e-03 2.551920e-01
184 7.382360e-01 5.592000e-03 2.561720e-01
185 7.373560e-01 5.496000e-03 2.571480e-01
186 7.362800e-01 5.676000e-03 2.580440e-01
187 7.353600e-01 5.548000e-03 2.590920e-01
188 7.342680e-01 5.576000e-03 2.601560e-01
189 7.333360e-01 5.508000e-03 2.611560e-01
190 7.324160e-01 5.464000e-03 2.621200e-01
191 7.314600e-01 5.508000e-03 2.630320e-01
192 7.305040e-01 5.404000e-03 2.640920e-01
193 7.296200e-01 5.368000e-03 2.650120e-01
194 7.287080e-01 5.372000e-03 2.659200e-01
195 7.277480e-01 5.452000e-03 2.668000e-01
196 7.268760e-01 5.352000e-03 2.677720e-01
197 7.259240e-01 5.340000e-03 2.687360e-01
198 7.250480e-01 5.308000e-03 2.696440e-01
199 7.242080e-01 5.176000e-03 2.706160e-01
200 7.233400e-01 5.188000e-03 2.714720e-01
201 7.223360e-01 5.344000e-03 2.723200e-01
202 7.213520e-01 5.428000e-03 2.732200e-01
203 7.204480e-01 5.416000e-03 2.741360e-01
204 7.195440e-01 5.312000e-03 2.751440e-01
205 7.187280e-01 5.184000e-03 2.760880e-01
206 7.178120e-01 5.128000e-03 2.770600e-01
207 7.168800e-01 5.140000e-03 2.779800e-01
208 7.161280e-01 4.972000e-03 2.789000e-01
209 7.154280e-01 4.816000e-03 2.797560e-01
210 7.147120e-01 4.592000e-03 2.806960e-01
211 7.139080e-01 4.624000e-03 2.814680e-01
212 7.130040e-01 4.716000e-03 2.822800e-01
213 7.122360e-01 4.720000e-03 2.830440e-01
214 7.114720e-01 4.676000e-03 2.838520e-01
215 7.106720e-01 4.716000e-03 2.846120e-01
216 7.099840e-01 4.644000e-03 2.853720e-01
217 7.091160e-01 4.780000e-03 2.861040e-01
218 7.081400e-01 5.012000e-03 2.868480e-01
219 7.072000e-01 5.124000e-03 2.876760e-01
220 7.062720e-01 5.196000e-03 2.885320e-01
221 7.053320e-01 5.224000e-03 2.894440e-01
222 7.044760e-01 5.184000e-03 2.903400e-01
223 7.035640e-01 5.248000e-03 2.911880e-01
224 7.027720e-01 5.176000e-03 2.920520e-01
225 7.018920e-01 5.092000e-03 2.930160e-01
226 7.010400e-01 5.048000e-03 2.939120e-01
227 7.002400e-01 4.916000e-03 2.948440e-01
228 6.994120e-01 4.996000e-03 2.955920e-01
229 6.985600e-01 4.960000e-03 2.964800e-01
230 6.978120e-01 4.808000e-03 2.973800e-01
231 6.970560e-01 4.656000e-03 2.982880e-01
232 6.962480e-01 4.656000e-03 2.990960e-01
233 6.955440e-01 4.528000e-03 2.999280e-01
234 6.948160e-01 4.400000e-03 3.007840e-01
235 6.940840e-01 4.472000e-03 3.014440e-01
236 6.932520e-01 4.460000e-03 3.022880e-01
237 6.925000e-01 4.540000e-03 3.029600e-01
238 6.916000e-01 4.684000e-03 3.037160e-01
239 6.907320e-01 4.784000e-03 3.044840e-01
240 6.899440e-01 4.652000e-03 3.054040e-01
241 6.892520e-01 4.460000e-03 3.062880e-01
242 6.885240e-01 4.384000e-03 3.070920e-01
243 6.877480e-01 4.340000e-03 3.079120e-01
244 6.870760e-01 4.228000e-03 3.086960e-01
245 6.862200e-01 4.360000e-03 3.094200e-01
246 6.853760e-01 4.472000e-03 3.101520e-01
247 6.845240e-01 4.540000e-03 3.109360e-01
248 6.836640e-01 4.616000e-03 3.117200e-01
249 6.828520e-01 4.600000e-03 3.125480e-01
250 6.821200e-01 4.536000e-03 3.133440e-01
251 6.813640e-01 4.504000e-03 3.141320e-01
252 6.806080e-01 4.472000e-03 3.149200e-01
253 6.798720e-01 4.436000e-03 3.156920e-01
254 6.791760e-01 4.356000e-03 3.164680e-01
255 6.784560e-01 4.276000e-03 3.172680e-01
256 6.777080e-01 4.328000e-03 3.179640e-01
257 6.769760e-01 4.324000e-03 3.187000e-01
258 6.763520e-01 4.184000e-03 3.194640e-01
259 6.756600e-01 4.164000e-03 3.201760e-01
260 6.750080e-01 4.136000e-03 3.208560e-01
261 6.743280e-01 4.132000e-03 3.215400e-01
262 6.735520e-01 4.160000e-03 3.222880e-01
263 6.728320e-01 4.156000e-03 3.230120e-01
264 6.720280e-01 4.204000e-03 3.237680e-01
265 6.712680e-01 4.144000e-03 3.245880e-01
266 6.705360e-01 4.140000e-03 3.253240e-01
267 6.697840e-01 4.120000e-03 3.260960e-01
268 6.691520e-01 4.008000e-03 3.268400e-01
269 6.684040e-01 4.148000e-03 3.274480e-01
270 6.676920e-01 4.228000e-03 3.280800e-01
271 6.670120e-01 4.192000e-03 3.287960e-01
272 6.664600e-01 4.052000e-03 3.294880e-01
273 6.658720e-01 3.932000e-03 3.301960e-01
274 6.652920e-01 3.820000e-03 3.308880e-01
275 6.647880e-01 3.716000e-03 3.314960e-01
276 6.642320e-01 3.548000e-03 3.322200e-01
277 6.636360e-01 3.528000e-03 3.328360e-01
278 6.631520e-01 3.372000e-03 3.334760e-01
279 6.625840e-01 3.292000e-03 3.341240e-01
280 6.619840e-01 3.288000e-03 3.347280e-01
281 6.613400e-01 3.400000e-03 3.352600e-01
282 6.607040e-01 3.468000e-03 3.358280e-01
283 6.601680e-01 3.408000e-03 3.364240e-01
284 6.594520e-01 3.584000e-03 3.369640e-01
285 6.587640e-01 3.652000e-03 3.375840e-01
286 6.582000e-01 3.612000e-03 3.381880e-01
287 6.575520e-01 3.648000e-03 3.388000e-01
288 6.570480e-01 3.492000e-03 3.394600e-01
289 6.565600e-01 3.424000e-03 3.400160e-01
290 6.560280e-01 3.300000e-03 3.406720e-01
291 6.555240e-01 3.260000e-03 3.412160e-01
292 6.549200e-01 3.324000e-03 3.417560e-01
293 6.543880e-01 3.228000e-03 3.423840e-01
294 6.537680e-01 3.284000e-03 3.429480e-01
295 6.533440e-01 3.164000e-03 3.434920e-01
296 6.529200e-01 3.068000e-03 3.440120e-01
297 6.523120e-01 3.176000e-03 3.445120e-01
298 6.517360e-01 3.216000e-03 3.450480e-01
299 6.512080e-01 3.216000e-03 3.455760e-01
300 6.506960e-01 3.156000e-03 3.461480e-01
301 6.502360e-01 3.012000e-03 3.467520e-01
302 6.497920e-01 2.936000e-03 3.472720e-01
303 6.493440e-01 2.900000e-03 3.477560e-01
304 6.488040e-01 2.928000e-03 3.482680e-01
305 6.483440e-01 2.864000e-03 3.487920e-01
306 6.478520e-01 2.864000e-03 3.492840e-01
307 6.474240e-01 2.792000e-03 3.497840e-01
308 6.469120e-01 2.812000e-03 3.502760e-01
309 6.463480e-01 2.832000e-03 3.508200e-01
310 6.458800e-01 2.748000e-03 3.513720e-01
311 6.453720e-01 2.840000e-03 3.517880e-01
312 6.448960e-01 2.856000e-03 3.522480e-01
313 6.442600e-01 2.992000e-03 3.527480e-01
314 6.436200e-01 3.116000e-03 3.532640e-01
315 6.430200e-01 3.176000e-03 3.538040e-01
316 6.424360e-01 3.240000e-03 3.543240e-01
317 6.418840e-01 3.184000e-03 3.549320e-01
318 6.414160e-01 3.076000e-03 3.555080e-01
319 6.409160e-01 3.012000e-03 3.560720e-01
320 6.405200e-01 2.828000e-03 3.566520e-01
321 6.400960e-01 2.804000e-03 3.571000e-01
322 6.396520e-01 2.736000e-03 3.576120e-01
323 6.392080e-01 2.688000e-03 3.581040e-01
324 6.387200e-01 2.800000e-03 3.584800e-01
325 6.383240e-01 2.768000e-03 3.589080e-01
326 6.380040e-01 2.596000e-03 3.594000e-01
327 6.375440e-01 2.648000e-03 3.598080e-01
328 6.371320e-01 2.576000e-03 3.602920e-01
329 6.367480e-01 2.516000e-03 3.607360e-01
330 6.362960e-01 2.504000e-03 3.612000e-01
331 6.358920e-01 2.472000e-03 3.616360e-01
332 6.355200e-01 2.468000e-03 3.620120e-01
333 6.351200e-01 2.448000e-03 3.624320e-01
334 6.348240e-01 2.284000e-03 3.628920e-01
335 6.344400e-01 2.264000e-03 3.632960e-01
336 6.341600e-01 2.116000e-03 3.637240e-01
337 6.338760e-01 1.988000e-03 3.641360e-01
338 6.335680e-01 1.972000e-03 3.644600e-01
339 6.332560e-01 1.968000e-03 3.647760e-01
340 6.328800e-01 2.020000e-03 3.651000e-01
341 6.325880e-01 1.912000e-03 3.655000e-01
342 6.323120e-01 1.888000e-03 3.658000e-01
343 6.320520e-01 1.820000e-03 3.661280e-01
344 6.317040e-01 1.900000e-03 3.663960e-01
345 6.313920e-01 1.896000e-03 3.667120e-01
346 6.311520e-01 1.860000e-03 3.669880e-01
347 6.308440e-01 1.804000e-03 3.673520e-01
348 6.305880e-01 1.788000e-03 3.676240e-01
349 6.302480e-01 1.800000e-03 3.679520e-01
350 6.298680e-01 1.908000e-03 3.682240e-01
351 6.295360e-01 1.940000e-03 3.685240e-01
352 6.291600e-01 2.020000e-03 3.688200e-01
353 6.288000e-01 2.020000e-03 3.691800e-01
354 6.284200e-01 2.064000e-03 3.695160e-01
355 6.281600e-01 2.020000e-03 3.698200e-01
356 6.278440e-01 1.948000e-03 3.702080e-01
357 6.275240e-01 1.920000e-03 3.705560e-01
358 6.272040e-01 1.908000e-03 3.708880e-01
359 6.268200e-01 1.920000e-03 3.712600e-01
360 6.264800e-01 1.908000e-03 3.716120e-01
361 6.261160e-01 1.940000e-03 3.719440e-01
362 6.257040e-01 2.036000e-03 3.722600e-01
363 6.253400e-01 2.012000e-03 3.726480e-01
364 6.249200e-01 2.096000e-03 3.729840e-01
365 6.245640e-01 2.104000e-03 3.733320e-01
366 6.242280e-01 2.068000e-03 3.737040e-01
367 6.238560e-01 2.092000e-03 3.740520e-01
368 6.235000e-01 2.124000e-03 3.743760e-01
369 6.231440e-01 2.132000e-03 3.747240e-01
370 6.227560e-01 2.072000e-03 3.751720e-01
371 6.224480e-01 2.040000e-03 3.755120e-01
372 6.220560e-01 2.104000e-03 3.758400e-01
373 6.216440e-01 2.140000e-03 3.762160e-01
374 6.212120e-01 2.176000e-03 3.766120e-01
375 6.208280e-01 2.112000e-03 3.770600e-01
376 6.205160e-01 2.164000e-03 3.773200e-01
377 6.201440e-01 2.136000e-03 3.777200e-01
378 6.197600e-01 2.072000e-03 3.781680e-01
379 6.195040e-01 1.924000e-03 3.785720e-01
380 6.192720e-01 1.844000e-03 3.788840e-01
381 6.189520e-01 1.848000e-03 3.792000e-01
382 6.186840e-01 1.800000e-03 3.795160e-01
383 6.184320e-01 1.728000e-03 3.798400e-01
384 6.181440e-01 1.700000e-03 3.801560e-01
385 6.179000e-01 1.668000e-03 3.804320e-01
386 6.175960e-01 1.712000e-03 3.806920e-01
387 6.173120e-01 1.744000e-03 3.809440e-01
388 6.170240e-01 1.668000e-03 3.813080e-01
389 6.167200e-01 1.688000e-03 3.815920e-01
390 6.164360e-01 1.748000e-03 3.818160e-01
391 6.161680e-01 1.740000e-03 3.820920e-01
392 6.158400e-01 1.796000e-03 3.823640e-01
393 6.155800e-01 1.768000e-03 3.826520e-01
394 6.152600e-01 1.780000e-03 3.829600e-01
395 6.149240e-01 1.780000e-03 3.832960e-01
396 6.146200e-01 1.760000e-03 3.836200e-01
397 6.143920e-01 1.628000e-03 3.839800e-01
398 6.141040e-01 1.652000e-03 3.842440e-01
399 6.137840e-01 1.724000e-03 3.844920e-01
400 6.134240e-01 1.800000e-03 3.847760e-01
401 6.130960e-01 1.808000e-03 3.850960e-01
402 6.126800e-01 1.892000e-03 3.854280e-01
403 6.123440e-01 1.916000e-03 3.857400e-01
404 6.119600e-01 1.892000e-03 3.861480e-01
405 6.116960e-01 1.852000e-03 3.864520e-01
406 6.113560e-01 1.884000e-03 3.867600e-01
407 6.111120e-01 1.760000e-03 3.871280e-01
408 6.108440e-01 1.756000e-03 3.874000e-01
409 6.106120e-01 1.704000e-03 3.876840e-01
410 6.103680e-01 1.652000e-03 3.879800e-01
411 6.100880e-01 1.648000e-03 3.882640e-01
412 6.098880e-01 1.548000e-03 3.885640e-01
413 6.096360e-01 1.552000e-03 3.888120e-01
414 6.093800e-01 1.488000e-03 3.891320e-01
415 6.091480e-01 1.476000e-03 3.893760e-01
416 6.088720e-01 1.436000e-03 3.896920e-01
417 6.086240e-01 1.412000e-03 3.899640e-01
418 6.084040e-01 1.396000e-03 3.902000e-01
419 6.082520e-01 1.308000e-03 3.904400e-01
420 6.080200e-01 1.336000e-03 3.906440e-01
421 6.078080e-01 1.276000e-03 3.909160e-01
422 6.075720e-01 1.268000e-03 3.911600e-01
423 6.074400e-01 1.228000e-03 3.913320e-01
424 6.072320e-01 1.244000e-03 3.915240e-01
425 6.070640e-01 1.188000e-03 3.917480e-01
426 6.068720e-01 1.240000e-03 3.918880e-01
427 6.066480e-01 1.220000e-03 3.921320e-01
428 6.064640e-01 1.256000e-03 3.922800e-01
429 6.062880e-01 1.156000e-03 3.925560e-01
430 6.060960e-01 1.144000e-03 3.927600e-01
431 6.059520e-01 1.100000e-03 3.929480e-01
432 6.057760e-01 1.080000e-03 3.931440e-01
433 6.056520e-01 1.056000e-03 3.932920e-01
434 6.055240e-01 9.720000e-04 3.935040e-01
435 6.054000e-01 9.240000e-04 3.936760e-01
436 6.052680e-01 8.960000e-04 3.938360e-01
437 6.051520e-01 8.640000e-04 3.939840e-01
438 6.050440e-01 8.200000e-04 3.941360e-01
439 6.049480e-01 7.920000e-04 3.942600e-01
440 6.048240e-01 7.720000e-04 3.944040e-01
441 6.047240e-01 7.120000e-04 3.945640e-01
442 6.046200e-01 6.680000e-04 3.947120e-01
443 6.044960e-01 6.640000e-04 3.948400e-01
444 6.044040e-01 6.520000e-04 3.949440e-01
445 6.043120e-01 6.200000e-04 3.950680e-01
446 6.042080e-01 6.360000e-04 3.951560e-01
447 6.041040e-01 6.600000e-04 3.952360e-01
448 6.039920e-01 6.240000e-04 3.953840e-01
449 6.038800e-01 6.720000e-04 3.954480e-01
450 6.037200e-01 6.840000e-04 3.955960e-01
451 6.035600e-01 6.960000e-04 3.957440e-01
452 6.034360e-01 6.920000e-04 3.958720e-01
453 6.033560e-01 6.320000e-04 3.960120e-01
454 6.032520e-01 6.280000e-04 3.961200e-01
455 6.031320e-01 6.160000e-04 3.962520e-01
456 6.030280e-01 6.240000e-04 3.963480e-01
457 6.029400e-01 5.800000e-04 3.964800e-01
458 6.028640e-01 5.320000e-04 3.966040e-01
459 6.027520e-01 5.240000e-04 3.967240e-01
460 6.026480e-01 5.040000e-04 3.968480e-01
461 6.025400e-01 5.120000e-04 3.969480e-01
462 6.024200e-01 5.320000e-04 3.970480e-01
463 6.023160e-01 5.400000e-04 3.971440e-01
464 6.022280e-01 5.440000e-04 3.972280e-01
465 6.021640e-01 5.080000e-04 3.973280e-01
466 6.021240e-01 4.840000e-04 3.973920e-01
467 6.020400e-01 4.920000e-04 3.974680e-01
468 6.019520e-01 4.800000e-04 3.975680e-01
469 6.018960e-01 4.720000e-04 3.976320e-01
470 6.018120e-01 4.720000e-04 3.977160e-01
471 6.017320e-01 4.480000e-04 3.978200e-01
472 6.016160e-01 4.920000e-04 3.978920e-01
473 6.015240e-01 4.920000e-04 3.979840e-01
474 6.014360e-01 4.560000e-04 3.981080e-01
475 6.013440e-01 4.800000e-04 3.981760e-01
476 6.012440e-01 5.160000e-04 3.982400e-01
477 6.011760e-01 5.080000e-04 3.983160e-01
478 6.010920e-01 4.800000e-04 3.984280e-01
479 6.010160e-01 4.920000e-04 3.984920e-01
480 6.009440e-01 5.040000e-04 3.985520e-01
481 6.008880e-01 4.640000e-04 3.986480e-01
482 6.007680e-01 4.960000e-04 3.987360e-01
483 6.006840e-01 4.760000e-04 3.988400e-01
484 6.006160e-01 4.960000e-04 3.988880e-01
485 6.005560e-01 4.520000e-04 3.989920e-01
486 6.004840e-01 4.400000e-04 3.990760e-01
487 6.003640e-01 4.880000e-04 3.991480e-01
488 6.002760e-01 4.760000e-04 3.992480e-01
489 6.001160e-01 5.320000e-04 3.993520e-01
490 5.999760e-01 6.040000e-04 3.994200e-01
491 5.998360e-01 6.520000e-04 3.995120e-01
492 5.996920e-01 6.800000e-04 3.996280e-01
493 5.995560e-01 7.080000e-04 3.997360e-01
494 5.994640e-01 6.880000e-04 3.998480e-01
495 5.993360e-01 7.080000e-04 3.999560e-01
496 5.992520e-01 6.720000e-04 4.000760e-01
497 5.991560e-01 6.480000e-04 4.001960e-01
498 5.989800e-01 7.080000e-04 4.003120e-01
499 5.988800e-01 6.800000e-04 4.004400e-01
500 5.987440e-01 6.960000e-04 4.005600e-01
