1 9.992000e-01 7.240000e-04 7.600000e-05
2 9.986480e-01 1.124000e-03 2.280000e-04
3 9.980560e-01 1.508000e-03 4.360000e-04
4 9.973720e-01 1.916000e-03 7.120000e-04
5 9.965040e-01 2.432000e-03 1.064000e-03
6 9.956280e-01 2.864000e-03 1.508000e-03
7 9.947160e-01 3.240000e-03 2.044000e-03
8 9.938080e-01 3.624000e-03 2.568000e-03
9 9.928160e-01 3.960000e-03 3.224000e-03
10 9.917040e-01 4.360000e-03 3.936000e-03
11 9.905280e-01 4.708000e-03 4.764000e-03
12 9.894800e-01 4.952000e-03 5.568000e-03
13 9.883480e-01 5.228000e-03 6.424000e-03
14 9.871480e-01 5.460000e-03 7.392000e-03
15 9.859120e-01 5.680000e-03 8.408000e-03
16 9.846080e-01 5.920000e-03 9.472000e-03
17 9.833480e-01 6.160000e-03 1.049200e-02
18 9.821080e-01 6.356000e-03 1.153600e-02
19 9.808400e-01 6.552000e-03 1.260800e-02
20 9.794760e-01 6.780000e-03 1.374400e-02
21 9.781760e-01 6.792000e-03 1.503200e-02
22 9.767680e-01 7.112000e-03 1.612000e-02
23 9.753280e-01 7.152000e-03 1.752000e-02
24 9.741320e-01 7.060000e-03 1.880800e-02
25 9.728480e-01 7.080000e-03 2.007200e-02
26 9.715200e-01 7.196000e-03 2.128400e-02
27 9.702080e-01 7.280000e-03 2.251200e-02
28 9.690120e-01 7.196000e-03 2.379200e-02
29 9.677320e-01 7.136000e-03 2.513200e-02
30 9.662640e-01 7.340000e-03 2.639600e-02
31 9.648800e-01 7.440000e-03 2.768000e-02
32 9.636520e-01 7.364000e-03 2.898400e-02
33 9.623880e-01 7.272000e-03 3.034000e-02
34 9.611200e-01 7.296000e-03 3.158400e-02
35 9.597880e-01 7.340000e-03 3.287200e-02
36 9.585680e-01 7.168000e-03 3.426400e-02
37 9.572560e-01 7.144000e-03 3.560000e-02
38 9.559840e-01 7.116000e-03 3.690000e-02
39 9.546400e-01 7.260000e-03 3.810000e-02
40 9.533160e-01 7.268000e-03 3.941600e-02
41 9.520840e-01 7.376000e-03 4.054000e-02
42 9.506960e-01 7.496000e-03 4.180800e-02
43 9.494160e-01 7.520000e-03 4.306400e-02
44 9.480000e-01 7.776000e-03 4.422400e-02
45 9.465320e-01 7.932000e-03 4.553600e-02
46 9.449760e-01 8.160000e-03 4.686400e-02
47 9.434960e-01 8.248000e-03 4.825600e-02
48 9.419160e-01 8.396000e-03 4.968800e-02
49 9.403600e-01 8.500000e-03 5.114000e-02
50 9.387320e-01 8.652000e-03 5.261600e-02
51 9.372560e-01 8.692000e-03 5.405200e-02
52 9.358000e-01 8.564000e-03 5.563600e-02
53 9.342800e-01 8.624000e-03 5.709600e-02
54 9.326880e-01 8.848000e-03 5.846400e-02
55 9.311400e-01 8.788000e-03 6.007200e-02
56 9.295720e-01 8.756000e-03 6.167200e-02
57 9.279640e-01 8.768000e-03 6.326800e-02
58 9.264720e-01 8.728000e-03 6.480000e-02
59 9.248800e-01 8.856000e-03 6.626400e-02
60 9.233600e-01 8.880000e-03 6.776000e-02
61 9.218080e-01 8.912000e-03 6.928000e-02
62 9.200760e-01 9.064000e-03 7.086000e-02
63 9.184960e-01 9.132000e-03 7.237200e-02
64 9.169160e-01 9.008000e-03 7.407600e-02
65 9.152160e-01 9.200000e-03 7.558400e-02
66 9.134760e-01 9.232000e-03 7.729200e-02
67 9.118040e-01 9.404000e-03 7.879200e-02
68 9.101000e-01 9.508000e-03 8.039200e-02
69 9.083880e-01 9.628000e-03 8.198400e-02
70 9.066680e-01 9.692000e-03 8.364000e-02
71 9.048360e-01 9.812000e-03 8.535200e-02
72 9.031560e-01 9.756000e-03 8.708800e-02
73 9.015160e-01 9.700000e-03 8.878400e-02
74 8.997680e-01 9.712000e-03 9.052000e-02
75 8.980240e-01 9.600000e-03 9.237600e-02
76 8.964240e-01 9.600000e-03 9.397600e-02
77 8.948120e-01 9.584000e-03 9.560400e-02
78 8.930160e-01 9.704000e-03 9.728000e-02
79 8.913920e-01 9.720000e-03 9.888800e-02
80 8.895160e-01 9.868000e-03 1.006160e-01
81 8.878920e-01 9.732000e-03 1.023760e-01
82 8.863000e-01 9.640000e-03 1.040600e-01
83 8.847560e-01 9.528000e-03 1.057160e-01
84 8.831680e-01 9.520000e-03 1.073120e-01
85 8.815880e-01 9.428000e-03 1.089840e-01
86 8.799280e-01 9.408000e-03 1.106640e-01
87 8.784520e-01 9.232000e-03 1.123160e-01
88 8.771760e-01 9.004000e-03 1.138200e-01
89 8.757480e-01 8.908000e-03 1.153440e-01
90 8.741320e-01 9.036000e-03 1.168320e-01
91 8.726320e-01 8.992000e-03 1.183760e-01
92 8.711080e-01 8.936000e-03 1.199560e-01
93 8.696840e-01 8.808000e-03 1.215080e-01
94 8.682480e-01 8.628000e-03 1.231240e-01
95 8.666640e-01 8.848000e-03 1.244880e-01
96 8.652280e-01 8.760000e-03 1.260120e-01
97 8.636840e-01 8.792000e-03 1.275240e-01
98 8.622120e-01 8.784000e-03 1.290040e-01
99 8.606320e-01 8.852000e-03 1.305160e-01
100 8.591920e-01 8.840000e-03 1.319680e-01
101 8.579360e-01 8.544000e-03 1.335200e-01
102 8.564560e-01 8.508000e-03 1.350360e-01
103 8.551400e-01 8.172000e-03 1.366880e-01
104 8.540040e-01 7.876000e-03 1.381200e-01
105 8.526800e-01 7.800000e-03 1.395200e-01
106 8.515320e-01 7.504000e-03 1.409640e-01
107 8.504000e-01 7.352000e-03 1.422480e-01
108 8.491680e-01 7.356000e-03 1.434760e-01
109 8.479760e-01 7.268000e-03 1.447560e-01
110 8.467960e-01 7.136000e-03 1.460680e-01
111 8.456480e-01 7.040000e-03 1.473120e-01
112 8.445080e-01 7.020000e-03 1.484720e-01
113 8.434160e-01 6.912000e-03 1.496720e-01
114 8.422000e-01 6.960000e-03 1.508400e-01
115 8.409120e-01 7.032000e-03 1.520560e-01
116 8.397280e-01 7.048000e-03 1.532240e-01
117 8.385320e-01 7.020000e-03 1.544480e-01
118 8.374240e-01 6.900000e-03 1.556760e-01
119 8.362800e-01 6.812000e-03 1.569080e-01
120 8.350160e-01 6.988000e-03 1.579960e-01
121 8.338000e-01 6.988000e-03 1.592120e-01
122 8.324560e-01 7.064000e-03 1.604800e-01
123 8.312600e-01 6.968000e-03 1.617720e-01
124 8.299040e-01 7.016000e-03 1.630800e-01
125 8.287920e-01 6.892000e-03 1.643160e-01
126 8.275920e-01 6.868000e-03 1.655400e-01
127 8.264120e-01 6.892000e-03 1.666960e-01
128 8.252960e-01 6.792000e-03 1.679120e-01
129 8.239400e-01 6.916000e-03 1.691440e-01
130 8.228400e-01 6.768000e-03 1.703920e-01
131 8.216200e-01 6.856000e-03 1.715240e-01
132 8.203440e-01 6.944000e-03 1.727120e-01
133 8.192280e-01 6.724000e-03 1.740480e-01
134 8.182760e-01 6.328000e-03 1.753960e-01
135 8.172400e-01 6.232000e-03 1.765280e-01
136 8.161760e-01 6.168000e-03 1.776560e-01
137 8.150720e-01 6.212000e-03 1.787160e-01
138 8.141040e-01 5.976000e-03 1.799200e-01
139 8.129640e-01 6.088000e-03 1.809480e-01
140 8.118560e-01 6.088000e-03 1.820560e-01
141 8.106960e-01 6.084000e-03 1.832200e-01
142 8.096320e-01 6.160000e-03 1.842080e-01
143 8.085880e-01 6.176000e-03 1.852360e-01
144 8.073000e-01 6.460000e-03 1.862400e-01
145 8.061720e-01 6.408000e-03 1.874200e-01
146 8.050560e-01 6.412000e-03 1.885320e-01
147 8.039800e-01 6.384000e-03 1.896360e-01
148 8.029240e-01 6.308000e-03 1.907680e-01
149 8.017840e-01 6.284000e-03 1.919320e-01
150 8.008400e-01 6.156000e-03 1.930040e-01
151 7.998400e-01 6.064000e-03 1.940960e-01
152 7.989080e-01 6.012000e-03 1.950800e-01
153 7.978880e-01 5.924000e-03 1.961880e-01
154 7.969600e-01 5.844000e-03 1.971960e-01
155 7.960520e-01 5.724000e-03 1.982240e-01
156 7.950360e-01 5.696000e-03 1.992680e-01
157 7.940560e-01 5.608000e-03 2.003360e-01
158 7.931760e-01 5.600000e-03 2.012240e-01
159 7.922760e-01 5.500000e-03 2.022240e-01
160 7.915280e-01 5.260000e-03 2.032120e-01
161 7.905680e-01 5.244000e-03 2.041880e-01
162 7.897280e-01 5.196000e-03 2.050760e-01
163 7.890360e-01 4.924000e-03 2.060400e-01
164 7.882240e-01 4.824000e-03 2.069520e-01
165 7.874040e-01 4.872000e-03 2.077240e-01
166 7.866760e-01 4.800000e-03 2.085240e-01
167 7.858680e-01 4.620000e-03 2.095120e-01
168 7.851680e-01 4.444000e-03 2.103880e-01
169 7.845360e-01 4.264000e-03 2.112000e-01
170 7.838560e-01 4.160000e-03 2.119840e-01
171 7.831160e-01 4.184000e-03 2.127000e-01
172 7.823960e-01 4.092000e-03 2.135120e-01
173 7.817120e-01 4.064000e-03 2.142240e-01
174 7.810480e-01 3.980000e-03 2.149720e-01
175 7.803440e-01 4.004000e-03 2.156520e-01
176 7.796280e-01 4.068000e-03 2.163040e-01
177 7.789120e-01 3.960000e-03 2.171280e-01
178 7.782080e-01 3.928000e-03 2.178640e-01
179 7.775040e-01 3.924000e-03 2.185720e-01
180 7.767400e-01 3.968000e-03 2.192920e-01
181 7.760480e-01 4.048000e-03 2.199040e-01
182 7.752320e-01 4.092000e-03 2.206760e-01
183 7.745480e-01 4.116000e-03 2.213360e-01
184 7.738440e-01 4.128000e-03 2.220280e-01
185 7.731960e-01 4.132000e-03 2.226720e-01
186 7.725160e-01 4.120000e-03 2.233640e-01
187 7.718280e-01 4.084000e-03 2.240880e-01
188 7.710800e-01 4.092000e-03 2.248280e-01
189 7.703400e-01 4.156000e-03 2.255040e-01
190 7.695480e-01 4.224000e-03 2.262280e-01
191 7.688640e-01 4.152000e-03 2.269840e-01
192 7.682520e-01 3.976000e-03 2.277720e-01
193 7.676160e-01 3.956000e-03 2.284280e-01
194 7.669480e-01 3.948000e-03 2.291040e-01
195 7.662000e-01 4.040000e-03 2.297600e-01
196 7.654280e-01 4.112000e-03 2.304600e-01
197 7.647640e-01 4.036000e-03 2.312000e-01
198 7.640680e-01 3.992000e-03 2.319400e-01
199 7.634120e-01 3.944000e-03 2.326440e-01
200 7.626800e-01 4.016000e-03 2.333040e-01
201 7.619320e-01 3.964000e-03 2.341040e-01
202 7.613720e-01 3.816000e-03 2.348120e-01
203 7.607760e-01 3.796000e-03 2.354280e-01
204 7.601840e-01 3.732000e-03 2.360840e-01
205 7.595240e-01 3.796000e-03 2.366800e-01
206 7.589160e-01 3.804000e-03 2.372800e-01
207 7.582360e-01 3.768000e-03 2.379960e-01
208 7.576440e-01 3.648000e-03 2.387080e-01
209 7.569840e-01 3.592000e-03 2.394240e-01
210 7.562480e-01 3.736000e-03 2.400160e-01
211 7.556000e-01 3.828000e-03 2.405720e-01
212 7.549480e-01 3.784000e-03 2.412680e-01
213 7.541920e-01 3.820000e-03 2.419880e-01
214 7.534760e-01 3.884000e-03 2.426400e-01
215 7.527880e-01 3.872000e-03 2.433400e-01
216 7.522280e-01 3.736000e-03 2.440360e-01
217 7.516120e-01 3.740000e-03 2.446480e-01
218 7.510480e-01 3.656000e-03 2.452960e-01
219 7.503880e-01 3.692000e-03 2.459200e-01
220 7.498840e-01 3.580000e-03 2.465360e-01
221 7.493640e-01 3.452000e-03 2.471840e-01
222 7.487520e-01 3.516000e-03 2.477320e-01
223 7.481160e-01 3.560000e-03 2.483240e-01
224 7.475360e-01 3.504000e-03 2.489600e-01
225 7.469840e-01 3.432000e-03 2.495840e-01
226 7.463400e-01 3.436000e-03 2.502240e-01
227 7.456480e-01 3.420000e-03 2.509320e-01
228 7.451000e-01 3.372000e-03 2.515280e-01
229 7.445480e-01 3.312000e-03 2.521400e-01
230 7.439000e-01 3.420000e-03 2.526800e-01
231 7.433360e-01 3.368000e-03 2.532960e-01
232 7.426320e-01 3.468000e-03 2.539000e-01
233 7.419600e-01 3.596000e-03 2.544440e-01
234 7.413120e-01 3.648000e-03 2.550400e-01
235 7.406400e-01 3.680000e-03 2.556800e-01
236 7.400360e-01 3.636000e-03 2.563280e-01
237 7.394960e-01 3.604000e-03 2.569000e-01
238 7.389120e-01 3.552000e-03 2.575360e-01
239 7.382160e-01 3.568000e-03 2.582160e-01
240 7.376120e-01 3.560000e-03 2.588280e-01
241 7.370360e-01 3.472000e-03 2.594920e-01
242 7.364920e-01 3.416000e-03 2.600920e-01
243 7.358760e-01 3.460000e-03 2.606640e-01
244 7.353160e-01 3.408000e-03 2.612760e-01
245 7.347960e-01 3.332000e-03 2.618720e-01
246 7.341520e-01 3.444000e-03 2.624040e-01
247 7.335680e-01 3.460000e-03 2.629720e-01
248 7.329560e-01 3.516000e-03 2.635280e-01
249 7.323360e-01 3.432000e-03 2.642320e-01
250 7.316880e-01 3.484000e-03 2.648280e-01
251 7.311160e-01 3.376000e-03 2.655080e-01
252 7.305960e-01 3.308000e-03 2.660960e-01
253 7.300600e-01 3.240000e-03 2.667000e-01
254 7.295880e-01 3.120000e-03 2.672920e-01
255 7.290640e-01 3.016000e-03 2.679200e-01
256 7.285040e-01 3.060000e-03 2.684360e-01
257 7.279600e-01 3.056000e-03 2.689840e-01
258 7.274600e-01 2.948000e-03 2.695920e-01
259 7.269680e-01 2.892000e-03 2.701400e-01
260 7.264600e-01 2.896000e-03 2.706440e-01
261 7.260080e-01 2.776000e-03 2.712160e-01
262 7.254800e-01 2.744000e-03 2.717760e-01
263 7.250000e-01 2.664000e-03 2.723360e-01
264 7.245280e-01 2.680000e-03 2.727920e-01
265 7.240360e-01 2.616000e-03 2.733480e-01
266 7.234760e-01 2.684000e-03 2.738400e-01
267 7.229640e-01 2.700000e-03 2.743360e-01
268 7.225040e-01 2.692000e-03 2.748040e-01
269 7.219760e-01 2.692000e-03 2.753320e-01
270 7.214480e-01 2.744000e-03 2.758080e-01
271 7.208920e-01 2.752000e-03 2.763560e-01
272 7.203640e-01 2.800000e-03 2.768360e-01
273 7.198800e-01 2.768000e-03 2.773520e-01
274 7.193080e-01 2.852000e-03 2.778400e-01
275 7.188200e-01 2.912000e-03 2.782680e-01
276 7.183600e-01 2.920000e-03 2.787200e-01
277 7.178800e-01 2.904000e-03 2.792160e-01
278 7.173640e-01 2.908000e-03 2.797280e-01
279 7.168440e-01 2.880000e-03 2.802760e-01
280 7.163320e-01 2.880000e-03 2.807880e-01
281 7.158320e-01 2.828000e-03 2.813400e-01
282 7.152520e-01 2.908000e-03 2.818400e-01
283 7.147760e-01 2.812000e-03 2.824120e-01
284 7.142640e-01 2.876000e-03 2.828600e-01
285 7.138480e-01 2.808000e-03 2.833440e-01
286 7.134400e-01 2.756000e-03 2.838040e-01
287 7.130760e-01 2.628000e-03 2.842960e-01
288 7.126960e-01 2.604000e-03 2.847000e-01
289 7.122920e-01 2.536000e-03 2.851720e-01
290 7.118720e-01 2.496000e-03 2.856320e-01
291 7.115080e-01 2.340000e-03 2.861520e-01
292 7.109640e-01 2.456000e-03 2.865800e-01
293 7.104360e-01 2.576000e-03 2.869880e-01
294 7.099760e-01 2.512000e-03 2.875120e-01
295 7.095880e-01 2.488000e-03 2.879240e-01
296 7.091960e-01 2.468000e-03 2.883360e-01
297 7.087840e-01 2.468000e-03 2.887480e-01
298 7.083160e-01 2.488000e-03 2.891960e-01
299 7.078440e-01 2.532000e-03 2.896240e-01
300 7.074520e-01 2.480000e-03 2.900680e-01
301 7.069560e-01 2.560000e-03 2.904840e-01
302 7.064640e-01 2.652000e-03 2.908840e-01
303 7.060360e-01 2.612000e-03 2.913520e-01
304 7.056520e-01 2.532000e-03 2.918160e-01
305 7.051880e-01 2.572000e-03 2.922400e-01
306 7.047840e-01 2.436000e-03 2.927800e-01
307 7.043400e-01 2.496000e-03 2.931640e-01
308 7.038760e-01 2.528000e-03 2.935960e-01
309 7.033600e-01 2.656000e-03 2.939840e-01
310 7.028720e-01 2.644000e-03 2.944840e-01
311 7.024560e-01 2.612000e-03 2.949320e-01
312 7.020240e-01 2.588000e-03 2.953880e-01
313 7.016240e-01 2.584000e-03 2.957920e-01
314 7.012120e-01 2.480000e-03 2.963080e-01
315 7.008400e-01 2.440000e-03 2.967200e-01
316 7.004400e-01 2.432000e-03 2.971280e-01
317 7.000320e-01 2.448000e-03 2.975200e-01
318 6.996840e-01 2.348000e-03 2.979680e-01
319 6.993240e-01 2.316000e-03 2.983600e-01
320 6.989840e-01 2.244000e-03 2.987720e-01
321 6.986520e-01 2.236000e-03 2.991120e-01
322 6.983040e-01 2.192000e-03 2.995040e-01
323 6.978920e-01 2.228000e-03 2.998800e-01
324 6.975400e-01 2.212000e-03 3.002480e-01
325 6.972160e-01 2.176000e-03 3.006080e-01
326 6.968480e-01 2.176000e-03 3.009760e-01
327 6.965280e-01 2.152000e-03 3.013200e-01
328 6.962600e-01 2.044000e-03 3.016960e-01
329 6.959280e-01 2.064000e-03 3.020080e-01
330 6.956240e-01 1.996000e-03 3.023800e-01
331 6.954120e-01 1.876000e-03 3.027120e-01
332 6.951520e-01 1.832000e-03 3.030160e-01
333 6.948360e-01 1.800000e-03 3.033640e-01
334 6.945120e-01 1.868000e-03 3.036200e-01
335 6.941800e-01 1.820000e-03 3.040000e-01
336 6.937800e-01 1.820000e-03 3.044000e-01
337 6.934760e-01 1.784000e-03 3.047400e-01
338 6.931600e-01 1.796000e-03 3.050440e-01
339 6.928240e-01 1.856000e-03 3.053200e-01
340 6.925400e-01 1.792000e-03 3.056680e-01
341 6.922080e-01 1.760000e-03 3.060320e-01
342 6.919440e-01 1.704000e-03 3.063520e-01
343 6.916520e-01 1.724000e-03 3.066240e-01
344 6.913240e-01 1.728000e-03 3.069480e-01
345 6.910480e-01 1.688000e-03 3.072640e-01
346 6.908120e-01 1.672000e-03 3.075160e-01
347 6.905640e-01 1.660000e-03 3.077760e-01
348 6.903280e-01 1.620000e-03 3.080520e-01
349 6.900480e-01 1.636000e-03 3.083160e-01
350 6.897600e-01 1.624000e-03 3.086160e-01
351 6.894920e-01 1.612000e-03 3.088960e-01
352 6.892520e-01 1.588000e-03 3.091600e-01
353 6.890000e-01 1.536000e-03 3.094640e-01
354 6.887760e-01 1.480000e-03 3.097440e-01
355 6.885200e-01 1.480000e-03 3.100000e-01
356 6.883400e-01 1.420000e-03 3.102400e-01
357 6.881040e-01 1.392000e-03 3.105040e-01
358 6.878520e-01 1.404000e-03 3.107440e-01
359 6.876120e-01 1.380000e-03 3.110080e-01
360 6.873000e-01 1.472000e-03 3.112280e-01
361 6.869960e-01 1.528000e-03 3.114760e-01
362 6.867200e-01 1.508000e-03 3.117720e-01
363 6.864520e-01 1.512000e-03 3.120360e-01
364 6.861800e-01 1.496000e-03 3.123240e-01
365 6.859320e-01 1.472000e-03 3.125960e-01
366 6.856400e-01 1.528000e-03 3.128320e-01
367 6.853680e-01 1.492000e-03 3.131400e-01
368 6.850880e-01 1.532000e-03 3.133800e-01
369 6.848000e-01 1.568000e-03 3.136320e-01
370 6.844960e-01 1.568000e-03 3.139360e-01
371 6.841800e-01 1.620000e-03 3.142000e-01
372 6.839000e-01 1.628000e-03 3.144720e-01
373 6.836160e-01 1.560000e-03 3.148240e-01
374 6.832640e-01 1.628000e-03 3.151080e-01
375 6.829720e-01 1.620000e-03 3.154080e-01
376 6.826560e-01 1.628000e-03 3.157160e-01
377 6.823640e-01 1.648000e-03 3.159880e-01
378 6.820920e-01 1.656000e-03 3.162520e-01
379 6.817680e-01 1.684000e-03 3.165480e-01
380 6.814800e-01 1.744000e-03 3.167760e-01
381 6.812320e-01 1.724000e-03 3.170440e-01
382 6.809000e-01 1.740000e-03 3.173600e-01
383 6.805440e-01 1.760000e-03 3.176960e-01
384 6.802640e-01 1.652000e-03 3.180840e-01
385 6.799760e-01 1.652000e-03 3.183720e-01
386 6.796760e-01 1.628000e-03 3.186960e-01
387 6.793200e-01 1.612000e-03 3.190680e-01
388 6.790400e-01 1.604000e-03 3.193560e-01
389 6.787440e-01 1.608000e-03 3.196480e-01
390 6.784720e-01 1.628000e-03 3.199000e-01
391 6.782640e-01 1.540000e-03 3.201960e-01
392 6.780080e-01 1.512000e-03 3.204800e-01
393 6.777960e-01 1.468000e-03 3.207360e-01
394 6.775560e-01 1.388000e-03 3.210560e-01
395 6.773200e-01 1.392000e-03 3.212880e-01
396 6.770840e-01 1.416000e-03 3.215000e-01
397 6.768240e-01 1.388000e-03 3.217880e-01
398 6.765800e-01 1.396000e-03 3.220240e-01
399 6.763400e-01 1.384000e-03 3.222760e-01
400 6.760880e-01 1.444000e-03 3.224680e-01
401 6.758400e-01 1.492000e-03 3.226680e-01
402 6.755880e-01 1.496000e-03 3.229160e-01
403 6.753200e-01 1.512000e-03 3.231680e-01
404 6.750080e-01 1.552000e-03 3.234400e-01
405 6.747560e-01 1.580000e-03 3.236640e-01
406 6.744600e-01 1.588000e-03 3.239520e-01
407 6.742120e-01 1.592000e-03 3.241960e-01
408 6.739560e-01 1.592000e-03 3.244520e-01
409 6.737640e-01 1.500000e-03 3.247360e-01
410 6.735240e-01 1.460000e-03 3.250160e-01
411 6.733200e-01 1.452000e-03 3.252280e-01
412 6.731680e-01 1.376000e-03 3.254560e-01
413 6.729680e-01 1.368000e-03 3.256640e-01
414 6.727440e-01 1.352000e-03 3.259040e-01
415 6.725600e-01 1.280000e-03 3.261600e-01
416 6.723880e-01 1.196000e-03 3.264160e-01
417 6.722440e-01 1.092000e-03 3.266640e-01
418 6.721280e-01 1.008000e-03 3.268640e-01
419 6.719240e-01 1.012000e-03 3.270640e-01
420 6.717120e-01 1.056000e-03 3.272320e-01
421 6.715280e-01 1.092000e-03 3.273800e-01
422 6.713800e-01 1.044000e-03 3.275760e-01
423 6.712200e-01 1.040000e-03 3.277400e-01
424 6.710840e-01 9.400000e-04 3.279760e-01
425 6.709080e-01 9.640000e-04 3.281280e-01
426 6.707440e-01 9.720000e-04 3.282840e-01
427 6.705960e-01 9.040000e-04 3.285000e-01
428 6.704600e-01 9.200000e-04 3.286200e-01
429 6.703200e-01 9.280000e-04 3.287520e-01
430 6.701440e-01 9.440000e-04 3.289120e-01
431 6.699760e-01 9.680000e-04 3.290560e-01
432 6.698400e-01 9.320000e-04 3.292280e-01
433 6.697160e-01 9.040000e-04 3.293800e-01
434 6.695680e-01 8.960000e-04 3.295360e-01
435 6.694440e-01 8.840000e-04 3.296720e-01
436 6.693520e-01 8.240000e-04 3.298240e-01
437 6.692680e-01 7.920000e-04 3.299400e-01
438 6.691760e-01 7.360000e-04 3.300880e-01
439 6.690960e-01 7.000000e-04 3.302040e-01
440 6.689880e-01 7.000000e-04 3.303120e-01
441 6.688920e-01 7.080000e-04 3.304000e-01
442 6.687600e-01 7.280000e-04 3.305120e-01
443 6.686440e-01 7.240000e-04 3.306320e-01
444 6.685280e-01 7.320000e-04 3.307400e-01
445 6.684280e-01 6.960000e-04 3.308760e-01
446 6.683240e-01 6.560000e-04 3.310200e-01
447 6.682520e-01 5.920000e-04 3.311560e-01
448 6.681960e-01 5.560000e-04 3.312480e-01
449 6.680600e-01 5.840000e-04 3.313560e-01
450 6.679760e-01 5.680000e-04 3.314560e-01
451 6.678680e-01 5.760000e-04 3.315560e-01
452 6.677880e-01 5.160000e-04 3.316960e-01
453 6.677200e-01 5.000000e-04 3.317800e-01
454 6.676600e-01 4.840000e-04 3.318560e-01
455 6.675440e-01 4.960000e-04 3.319600e-01
456 6.674320e-01 5.440000e-04 3.320240e-01
457 6.673320e-01 5.680000e-04 3.321000e-01
458 6.672320e-01 5.720000e-04 3.321960e-01
459 6.670920e-01 6.000000e-04 3.323080e-01
460 6.669680e-01 5.880000e-04 3.324440e-01
461 6.668880e-01 5.680000e-04 3.325440e-01
462 6.667680e-01 6.120000e-04 3.326200e-01
463 6.666600e-01 6.320000e-04 3.327080e-01
464 6.665440e-01 6.200000e-04 3.328360e-01
465 6.664400e-01 6.360000e-04 3.329240e-01
466 6.663480e-01 6.080000e-04 3.330440e-01
467 6.662560e-01 6.160000e-04 3.331280e-01
468 6.661720e-01 5.920000e-04 3.332360e-01
469 6.660680e-01 5.920000e-04 3.333400e-01
470 6.659240e-01 6.400000e-04 3.334360e-01
471 6.657560e-01 6.840000e-04 3.335600e-01
472 6.656680e-01 6.480000e-04 3.336840e-01
473 6.655200e-01 6.960000e-04 3.337840e-01
474 6.654520e-01 6.400000e-04 3.339080e-01
475 6.653360e-01 6.720000e-04 3.339920e-01
476 6.652280e-01 6.760000e-04 3.340960e-01
477 6.651360e-01 6.800000e-04 3.341840e-01
478 6.650560e-01 6.280000e-04 3.343160e-01
479 6.649680e-01 6.240000e-04 3.344080e-01
480 6.648800e-01 6.040000e-04 3.345160e-01
481 6.647960e-01 5.960000e-04 3.346080e-01
482 6.647320e-01 5.560000e-04 3.347120e-01
483 6.646800e-01 5.080000e-04 3.348120e-01
484 6.646040e-01 4.840000e-04 3.349120e-01
485 6.645320e-01 4.640000e-04 3.350040e-01
486 6.644640e-01 4.640000e-04 3.350720e-01
487 6.644320e-01 3.920000e-04 3.351760e-01
488 6.643640e-01 3.640000e-04 3.352720e-01
489 6.643040e-01 3.600000e-04 3.353360e-01
490 6.642520e-01 3.440000e-04 3.354040e-01
491 6.641960e-01 3.400000e-04 3.354640e-01
492 6.641600e-01 3.200000e-04 3.355200e-01
493 6.640920e-01 3.400000e-04 3.355680e-01
494 6.640320e-01 3.440000e-04 3.356240e-01
495 6.639720e-01 3.560000e-04 3.356720e-01
496 6.639320e-01 3.480000e-04 3.357200e-01
497 6.638840e-01 3.160000e-04 3.358000e-01
498 6.638520e-01 2.840000e-04 3.358640e-01
499 6.638120e-01 2.560000e-04 3.359320e-01
500 6.637760e-01 2.320000e-04 3.359920e-01
