1 9.991720e-01 7.200000e-04 1.080000e-04
2 9.986120e-01 1.104000e-03 2.840000e-04
3 9.979400e-01 1.596000e-03 4.640000e-04
4 9.971400e-01 2.040000e-03 8.200000e-04
5 9.964120e-01 2.384000e-03 1.204000e-03
6 9.955640e-01 2.788000e-03 1.648000e-03
7 9.947960e-01 3.028000e-03 2.176000e-03
8 9.939040e-01 3.396000e-03 2.700000e-03
9 9.930000e-01 3.708000e-03 3.292000e-03
10 9.920440e-01 3.888000e-03 4.068000e-03
11 9.911600e-01 4.028000e-03 4.812000e-03
12 9.901480e-01 4.272000e-03 5.580000e-03
13 9.890480e-01 4.636000e-03 6.316000e-03
14 9.879080e-01 5.000000e-03 7.092000e-03
15 9.866720e-01 5.324000e-03 8.004000e-03
16 9.855280e-01 5.492000e-03 8.980000e-03
17 9.841160e-01 5.896000e-03 9.988000e-03
18 9.829640e-01 6.052000e-03 1.098400e-02
19 9.815760e-01 6.308000e-03 1.211600e-02
20 9.802240e-01 6.472000e-03 1.330400e-02
21 9.787760e-01 6.652000e-03 1.457200e-02
22 9.773960e-01 6.780000e-03 1.582400e-02
23 9.759120e-01 7.228000e-03 1.686000e-02
24 9.744120e-01 7.368000e-03 1.822000e-02
25 9.728680e-01 7.604000e-03 1.952800e-02
26 9.714000e-01 7.800000e-03 2.080000e-02
27 9.699160e-01 7.928000e-03 2.215600e-02
28 9.685160e-01 8.020000e-03 2.346400e-02
29 9.670440e-01 8.068000e-03 2.488800e-02
30 9.655920e-01 8.028000e-03 2.638000e-02
31 9.641320e-01 8.104000e-03 2.776400e-02
32 9.625120e-01 8.236000e-03 2.925200e-02
33 9.611920e-01 8.000000e-03 3.080800e-02
34 9.598280e-01 7.940000e-03 3.223200e-02
35 9.583560e-01 7.976000e-03 3.366800e-02
36 9.569440e-01 7.924000e-03 3.513200e-02
37 9.554880e-01 7.952000e-03 3.656000e-02
38 9.539880e-01 8.004000e-03 3.800800e-02
39 9.525960e-01 7.876000e-03 3.952800e-02
40 9.512920e-01 7.804000e-03 4.090400e-02
41 9.498000e-01 7.952000e-03 4.224800e-02
42 9.482120e-01 8.120000e-03 4.366800e-02
43 9.466800e-01 8.216000e-03 4.510400e-02
44 9.452520e-01 8.120000e-03 4.662800e-02
45 9.439200e-01 8.024000e-03 4.805600e-02
46 9.425120e-01 8.172000e-03 4.931600e-02
47 9.410480e-01 8.184000e-03 5.076800e-02
48 9.397640e-01 8.044000e-03 5.219200e-02
49 9.383440e-01 7.932000e-03 5.372400e-02
50 9.368920e-01 7.996000e-03 5.511200e-02
51 9.354760e-01 7.952000e-03 5.657200e-02
52 9.337880e-01 8.260000e-03 5.795200e-02
53 9.321960e-01 8.384000e-03 5.942000e-02
54 9.307280e-01 8.584000e-03 6.068800e-02
55 9.291720e-01 8.760000e-03 6.206800e-02
56 9.276480e-01 8.744000e-03 6.360800e-02
57 9.262360e-01 8.592000e-03 6.517200e-02
58 9.245680e-01 8.628000e-03 6.680400e-02
59 9.231320e-01 8.632000e-03 6.823600e-02
60 9.216120e-01 8.684000e-03 6.970400e-02
61 9.200040e-01 8.836000e-03 7.116000e-02
62 9.184200e-01 8.764000e-03 7.281600e-02
63 9.168480e-01 8.864000e-03 7.428800e-02
64 9.153240e-01 8.784000e-03 7.589200e-02
65 9.136400e-01 8.928000e-03 7.743200e-02
66 9.122000e-01 8.800000e-03 7.900000e-02
67 9.106080e-01 8.900000e-03 8.049200e-02
68 9.091920e-01 8.952000e-03 8.185600e-02
69 9.075640e-01 9.068000e-03 8.336800e-02
70 9.059760e-01 8.960000e-03 8.506400e-02
71 9.043760e-01 9.028000e-03 8.659600e-02
72 9.025760e-01 9.220000e-03 8.820400e-02
73 9.009560e-01 9.256000e-03 8.978800e-02
74 8.992560e-01 9.284000e-03 9.146000e-02
75 8.976040e-01 9.292000e-03 9.310400e-02
76 8.960280e-01 9.244000e-03 9.472800e-02
77 8.944200e-01 9.384000e-03 9.619600e-02
78 8.927960e-01 9.364000e-03 9.784000e-02
79 8.911000e-01 9.396000e-03 9.950400e-02
80 8.895440e-01 9.232000e-03 1.012240e-01
81 8.879800e-01 9.136000e-03 1.028840e-01
82 8.862760e-01 9.140000e-03 1.045840e-01
83 8.846040e-01 9.188000e-03 1.062080e-01
84 8.828680e-01 9.356000e-03 1.077760e-01
85 8.812000e-01 9.356000e-03 1.094440e-01
86 8.794120e-01 9.500000e-03 1.110880e-01
87 8.777760e-01 9.496000e-03 1.127280e-01
88 8.761040e-01 9.528000e-03 1.143680e-01
89 8.745240e-01 9.360000e-03 1.161160e-01
90 8.729720e-01 9.268000e-03 1.177600e-01
91 8.713880e-01 9.072000e-03 1.195400e-01
92 8.698200e-01 8.984000e-03 1.211960e-01
93 8.682280e-01 9.136000e-03 1.226360e-01
94 8.664760e-01 9.212000e-03 1.243120e-01
95 8.647880e-01 9.284000e-03 1.259280e-01
96 8.632840e-01 9.120000e-03 1.275960e-01
97 8.616160e-01 9.184000e-03 1.292000e-01
98 8.600400e-01 9.196000e-03 1.307640e-01
99 8.584400e-01 9.176000e-03 1.323840e-01
100 8.569560e-01 9.048000e-03 1.339960e-01
101 8.554640e-01 8.948000e-03 1.355880e-01
102 8.539640e-01 8.932000e-03 1.371040e-01
103 8.524920e-01 8.852000e-03 1.386560e-01
104 8.511280e-01 8.764000e-03 1.401080e-01
105 8.497480e-01 8.528000e-03 1.417240e-01
106 8.484960e-01 8.328000e-03 1.431760e-01
107 8.470200e-01 8.260000e-03 1.447200e-01
108 8.455880e-01 8.236000e-03 1.461760e-01
109 8.440560e-01 8.368000e-03 1.475760e-01
110 8.425440e-01 8.416000e-03 1.490400e-01
111 8.410200e-01 8.296000e-03 1.506840e-01
112 8.395720e-01 8.312000e-03 1.521160e-01
113 8.380120e-01 8.340000e-03 1.536480e-01
114 8.365200e-01 8.360000e-03 1.551200e-01
115 8.350800e-01 8.356000e-03 1.565640e-01
116 8.337440e-01 8.220000e-03 1.580360e-01
117 8.324080e-01 8.176000e-03 1.594160e-01
118 8.310560e-01 8.176000e-03 1.607680e-01
119 8.296440e-01 8.188000e-03 1.621680e-01
120 8.282680e-01 8.144000e-03 1.635880e-01
121 8.269360e-01 8.028000e-03 1.650360e-01
122 8.256720e-01 7.928000e-03 1.664000e-01
123 8.243720e-01 7.776000e-03 1.678520e-01
124 8.228440e-01 7.924000e-03 1.692320e-01
125 8.215320e-01 7.944000e-03 1.705240e-01
126 8.202200e-01 7.796000e-03 1.719840e-01
127 8.188560e-01 7.748000e-03 1.733960e-01
128 8.175680e-01 7.724000e-03 1.747080e-01
129 8.161440e-01 7.772000e-03 1.760840e-01
130 8.148240e-01 7.768000e-03 1.774080e-01
131 8.135400e-01 7.768000e-03 1.786920e-01
132 8.120960e-01 7.612000e-03 1.802920e-01
133 8.108040e-01 7.688000e-03 1.815080e-01
134 8.094240e-01 7.688000e-03 1.828880e-01
135 8.081120e-01 7.712000e-03 1.841760e-01
136 8.067080e-01 7.764000e-03 1.855280e-01
137 8.054400e-01 7.572000e-03 1.869880e-01
138 8.041360e-01 7.616000e-03 1.882480e-01
139 8.028440e-01 7.536000e-03 1.896200e-01
140 8.016240e-01 7.464000e-03 1.909120e-01
141 8.003480e-01 7.512000e-03 1.921400e-01
142 7.990920e-01 7.464000e-03 1.934440e-01
143 7.977240e-01 7.504000e-03 1.947720e-01
144 7.964080e-01 7.412000e-03 1.961800e-01
145 7.950880e-01 7.364000e-03 1.975480e-01
146 7.936520e-01 7.536000e-03 1.988120e-01
147 7.923480e-01 7.528000e-03 2.001240e-01
148 7.909200e-01 7.760000e-03 2.013200e-01
149 7.895480e-01 7.772000e-03 2.026800e-01
150 7.881120e-01 7.724000e-03 2.041640e-01
151 7.868600e-01 7.588000e-03 2.055520e-01
152 7.855560e-01 7.592000e-03 2.068520e-01
153 7.843200e-01 7.432000e-03 2.082480e-01
154 7.829680e-01 7.520000e-03 2.095120e-01
155 7.816280e-01 7.520000e-03 2.108520e-01
156 7.803600e-01 7.412000e-03 2.122280e-01
157 7.792000e-01 7.360000e-03 2.134400e-01
158 7.780080e-01 7.224000e-03 2.147680e-01
159 7.768560e-01 7.168000e-03 2.159760e-01
160 7.756560e-01 7.160000e-03 2.171840e-01
161 7.744080e-01 7.128000e-03 2.184640e-01
162 7.732320e-01 7.104000e-03 2.196640e-01
163 7.721800e-01 6.840000e-03 2.209800e-01
164 7.710960e-01 6.632000e-03 2.222720e-01
165 7.701080e-01 6.528000e-03 2.233640e-01
166 7.690160e-01 6.444000e-03 2.245400e-01
167 7.679680e-01 6.420000e-03 2.256120e-01
168 7.668520e-01 6.448000e-03 2.267000e-01
169 7.656360e-01 6.516000e-03 2.278480e-01
170 7.645040e-01 6.560000e-03 2.289360e-01
171 7.632960e-01 6.556000e-03 2.301480e-01
172 7.621840e-01 6.416000e-03 2.314000e-01
173 7.610840e-01 6.368000e-03 2.325480e-01
174 7.600560e-01 6.336000e-03 2.336080e-01
175 7.590000e-01 6.296000e-03 2.347040e-01
176 7.579120e-01 6.256000e-03 2.358320e-01
177 7.569240e-01 6.180000e-03 2.368960e-01
178 7.558160e-01 6.204000e-03 2.379800e-01
179 7.545320e-01 6.392000e-03 2.390760e-01
180 7.535320e-01 6.272000e-03 2.401960e-01
181 7.525000e-01 6.200000e-03 2.413000e-01
182 7.513400e-01 6.256000e-03 2.424040e-01
183 7.503240e-01 6.144000e-03 2.435320e-01
184 7.492000e-01 6.252000e-03 2.445480e-01
185 7.480520e-01 6.256000e-03 2.456920e-01
186 7.469640e-01 6.240000e-03 2.467960e-01
187 7.459200e-01 6.072000e-03 2.480080e-01
188 7.450720e-01 5.912000e-03 2.490160e-01
189 7.441440e-01 5.768000e-03 2.500880e-01
190 7.432920e-01 5.632000e-03 2.510760e-01
191 7.423880e-01 5.556000e-03 2.520560e-01
192 7.415040e-01 5.480000e-03 2.530160e-01
193 7.406440e-01 5.380000e-03 2.539760e-01
194 7.398960e-01 5.224000e-03 2.548800e-01
195 7.390760e-01 5.148000e-03 2.557760e-01
196 7.381960e-01 5.156000e-03 2.566480e-01
197 7.374280e-01 5.124000e-03 2.574480e-01
198 7.365200e-01 5.228000e-03 2.582520e-01
199 7.356360e-01 5.212000e-03 2.591520e-01
200 7.346400e-01 5.336000e-03 2.600240e-01
201 7.337840e-01 5.264000e-03 2.609520e-01
202 7.329400e-01 5.060000e-03 2.620000e-01
203 7.320200e-01 5.100000e-03 2.628800e-01
204 7.311400e-01 5.148000e-03 2.637120e-01
205 7.302720e-01 5.020000e-03 2.647080e-01
206 7.293880e-01 5.020000e-03 2.655920e-01
207 7.285040e-01 4.996000e-03 2.665000e-01
208 7.276400e-01 4.984000e-03 2.673760e-01
209 7.267480e-01 4.948000e-03 2.683040e-01
210 7.258720e-01 4.980000e-03 2.691480e-01
211 7.250840e-01 5.016000e-03 2.699000e-01
212 7.242080e-01 5.028000e-03 2.707640e-01
213 7.234760e-01 4.856000e-03 2.716680e-01
214 7.227240e-01 4.892000e-03 2.723840e-01
215 7.219680e-01 4.764000e-03 2.732680e-01
216 7.212400e-01 4.760000e-03 2.740000e-01
217 7.205640e-01 4.636000e-03 2.748000e-01
218 7.199320e-01 4.412000e-03 2.756560e-01
219 7.192600e-01 4.316000e-03 2.764240e-01
220 7.184800e-01 4.356000e-03 2.771640e-01
221 7.177920e-01 4.252000e-03 2.779560e-01
222 7.170560e-01 4.208000e-03 2.787360e-01
223 7.163480e-01 4.164000e-03 2.794880e-01
224 7.156800e-01 4.068000e-03 2.802520e-01
225 7.150320e-01 3.932000e-03 2.810360e-01
226 7.143320e-01 3.872000e-03 2.817960e-01
227 7.136680e-01 3.852000e-03 2.824800e-01
228 7.130480e-01 3.748000e-03 2.832040e-01
229 7.125240e-01 3.656000e-03 2.838200e-01
230 7.118920e-01 3.660000e-03 2.844480e-01
231 7.111840e-01 3.760000e-03 2.850560e-01
232 7.103640e-01 3.984000e-03 2.856520e-01
233 7.096560e-01 4.048000e-03 2.862960e-01
234 7.089720e-01 4.052000e-03 2.869760e-01
235 7.082680e-01 4.040000e-03 2.876920e-01
236 7.076480e-01 4.028000e-03 2.883240e-01
237 7.069280e-01 4.076000e-03 2.889960e-01
238 7.061680e-01 4.072000e-03 2.897600e-01
239 7.055120e-01 4.144000e-03 2.903440e-01
240 7.049040e-01 3.976000e-03 2.911200e-01
241 7.042000e-01 3.992000e-03 2.918080e-01
242 7.035240e-01 3.960000e-03 2.925160e-01
243 7.027760e-01 4.044000e-03 2.931800e-01
244 7.021600e-01 3.960000e-03 2.938800e-01
245 7.014040e-01 4.056000e-03 2.945400e-01
246 7.007440e-01 3.980000e-03 2.952760e-01
247 7.000440e-01 3.988000e-03 2.959680e-01
248 6.994160e-01 3.928000e-03 2.966560e-01
249 6.989000e-01 3.816000e-03 2.972840e-01
250 6.982120e-01 3.804000e-03 2.979840e-01
251 6.976920e-01 3.608000e-03 2.987000e-01
252 6.971760e-01 3.528000e-03 2.992960e-01
253 6.966760e-01 3.396000e-03 2.999280e-01
254 6.961800e-01 3.348000e-03 3.004720e-01
255 6.954960e-01 3.372000e-03 3.011320e-01
256 6.949080e-01 3.388000e-03 3.017040e-01
257 6.942880e-01 3.384000e-03 3.023280e-01
258 6.937160e-01 3.356000e-03 3.029280e-01
259 6.931600e-01 3.368000e-03 3.034720e-01
260 6.926200e-01 3.368000e-03 3.040120e-01
261 6.920600e-01 3.344000e-03 3.045960e-01
262 6.915000e-01 3.304000e-03 3.051960e-01
263 6.909760e-01 3.288000e-03 3.057360e-01
264 6.903280e-01 3.348000e-03 3.063240e-01
265 6.897720e-01 3.260000e-03 3.069680e-01
266 6.891320e-01 3.400000e-03 3.074680e-01
267 6.884960e-01 3.356000e-03 3.081480e-01
268 6.878760e-01 3.388000e-03 3.087360e-01
269 6.872480e-01 3.444000e-03 3.093080e-01
270 6.866640e-01 3.540000e-03 3.097960e-01
271 6.860600e-01 3.456000e-03 3.104840e-01
272 6.854680e-01 3.528000e-03 3.110040e-01
273 6.849760e-01 3.476000e-03 3.115480e-01
274 6.844200e-01 3.516000e-03 3.120640e-01
275 6.840000e-01 3.376000e-03 3.126240e-01
276 6.834880e-01 3.244000e-03 3.132680e-01
277 6.830560e-01 3.172000e-03 3.137720e-01
278 6.825400e-01 3.168000e-03 3.142920e-01
279 6.820000e-01 3.176000e-03 3.148240e-01
280 6.814040e-01 3.176000e-03 3.154200e-01
281 6.808440e-01 3.128000e-03 3.160280e-01
282 6.802320e-01 3.276000e-03 3.164920e-01
283 6.796280e-01 3.324000e-03 3.170480e-01
284 6.790160e-01 3.312000e-03 3.176720e-01
285 6.784440e-01 3.324000e-03 3.182320e-01
286 6.778800e-01 3.272000e-03 3.188480e-01
287 6.773480e-01 3.252000e-03 3.194000e-01
288 6.767360e-01 3.224000e-03 3.200400e-01
289 6.761600e-01 3.236000e-03 3.206040e-01
290 6.756080e-01 3.240000e-03 3.211520e-01
291 6.751360e-01 3.140000e-03 3.217240e-01
292 6.745880e-01 3.080000e-03 3.223320e-01
293 6.741280e-01 2.980000e-03 3.228920e-01
294 6.736960e-01 2.840000e-03 3.234640e-01
295 6.732560e-01 2.832000e-03 3.239120e-01
296 6.728480e-01 2.780000e-03 3.243720e-01
297 6.724360e-01 2.744000e-03 3.248200e-01
298 6.719200e-01 2.788000e-03 3.252920e-01
299 6.714440e-01 2.772000e-03 3.257840e-01
300 6.710360e-01 2.704000e-03 3.262600e-01
301 6.706120e-01 2.656000e-03 3.267320e-01
302 6.700800e-01 2.696000e-03 3.272240e-01
303 6.696240e-01 2.768000e-03 3.276080e-01
304 6.690880e-01 2.844000e-03 3.280680e-01
305 6.686080e-01 2.824000e-03 3.285680e-01
306 6.681760e-01 2.812000e-03 3.290120e-01
307 6.677120e-01 2.724000e-03 3.295640e-01
308 6.673160e-01 2.636000e-03 3.300480e-01
309 6.668320e-01 2.592000e-03 3.305760e-01
310 6.663440e-01 2.640000e-03 3.310160e-01
311 6.658320e-01 2.740000e-03 3.314280e-01
312 6.653480e-01 2.708000e-03 3.319440e-01
313 6.649280e-01 2.712000e-03 3.323600e-01
314 6.645320e-01 2.552000e-03 3.329160e-01
315 6.640960e-01 2.548000e-03 3.333560e-01
316 6.637160e-01 2.524000e-03 3.337600e-01
317 6.632840e-01 2.520000e-03 3.341960e-01
318 6.627520e-01 2.576000e-03 3.346720e-01
319 6.622320e-01 2.588000e-03 3.351800e-01
320 6.617800e-01 2.548000e-03 3.356720e-01
321 6.612960e-01 2.656000e-03 3.360480e-01
322 6.607600e-01 2.712000e-03 3.365280e-01
323 6.602840e-01 2.752000e-03 3.369640e-01
324 6.598560e-01 2.704000e-03 3.374400e-01
325 6.592760e-01 2.776000e-03 3.379480e-01
326 6.587560e-01 2.872000e-03 3.383720e-01
327 6.583000e-01 2.804000e-03 3.388960e-01
328 6.577800e-01 2.792000e-03 3.394280e-01
329 6.573680e-01 2.700000e-03 3.399320e-01
330 6.568920e-01 2.676000e-03 3.404320e-01
331 6.564720e-01 2.600000e-03 3.409280e-01
332 6.560680e-01 2.492000e-03 3.414400e-01
333 6.555760e-01 2.584000e-03 3.418400e-01
334 6.551280e-01 2.552000e-03 3.423200e-01
335 6.547240e-01 2.528000e-03 3.427480e-01
336 6.542760e-01 2.488000e-03 3.432360e-01
337 6.538240e-01 2.516000e-03 3.436600e-01
338 6.533480e-01 2.516000e-03 3.441360e-01
339 6.529440e-01 2.476000e-03 3.445800e-01
340 6.525440e-01 2.492000e-03 3.449640e-01
341 6.521000e-01 2.508000e-03 3.453920e-01
342 6.516880e-01 2.516000e-03 3.457960e-01
343 6.512200e-01 2.544000e-03 3.462360e-01
344 6.507760e-01 2.580000e-03 3.466440e-01
345 6.504040e-01 2.524000e-03 3.470720e-01
346 6.499800e-01 2.572000e-03 3.474480e-01
347 6.495880e-01 2.548000e-03 3.478640e-01
348 6.491800e-01 2.548000e-03 3.482720e-01
349 6.488160e-01 2.520000e-03 3.486640e-01
350 6.484560e-01 2.440000e-03 3.491040e-01
351 6.480080e-01 2.432000e-03 3.495600e-01
352 6.476560e-01 2.376000e-03 3.499680e-01
353 6.472680e-01 2.304000e-03 3.504280e-01
354 6.469160e-01 2.240000e-03 3.508440e-01
355 6.465680e-01 2.260000e-03 3.511720e-01
356 6.461800e-01 2.228000e-03 3.515920e-01
357 6.458240e-01 2.192000e-03 3.519840e-01
358 6.454440e-01 2.208000e-03 3.523480e-01
359 6.450520e-01 2.192000e-03 3.527560e-01
360 6.447320e-01 2.124000e-03 3.531440e-01
361 6.444720e-01 1.956000e-03 3.535720e-01
362 6.441560e-01 1.888000e-03 3.539560e-01
363 6.438760e-01 1.856000e-03 3.542680e-01
364 6.435560e-01 1.868000e-03 3.545760e-01
365 6.433000e-01 1.828000e-03 3.548720e-01
366 6.430200e-01 1.812000e-03 3.551680e-01
367 6.426520e-01 1.916000e-03 3.554320e-01
368 6.423440e-01 1.868000e-03 3.557880e-01
369 6.421160e-01 1.792000e-03 3.560920e-01
370 6.418320e-01 1.776000e-03 3.563920e-01
371 6.415240e-01 1.764000e-03 3.567120e-01
372 6.412040e-01 1.800000e-03 3.569960e-01
373 6.408920e-01 1.744000e-03 3.573640e-01
374 6.405800e-01 1.768000e-03 3.576520e-01
375 6.402200e-01 1.772000e-03 3.580080e-01
376 6.398600e-01 1.868000e-03 3.582720e-01
377 6.394720e-01 1.936000e-03 3.585920e-01
378 6.390840e-01 2.048000e-03 3.588680e-01
379 6.388760e-01 1.916000e-03 3.592080e-01
380 6.385800e-01 1.832000e-03 3.595880e-01
381 6.383040e-01 1.764000e-03 3.599320e-01
382 6.380560e-01 1.724000e-03 3.602200e-01
383 6.378000e-01 1.736000e-03 3.604640e-01
384 6.375680e-01 1.644000e-03 3.607880e-01
385 6.373040e-01 1.612000e-03 3.610840e-01
386 6.370920e-01 1.524000e-03 3.613840e-01
387 6.368920e-01 1.480000e-03 3.616280e-01
388 6.367000e-01 1.432000e-03 3.618680e-01
389 6.364880e-01 1.404000e-03 3.621080e-01
390 6.362000e-01 1.464000e-03 3.623360e-01
391 6.359520e-01 1.416000e-03 3.626320e-01
392 6.356800e-01 1.400000e-03 3.629200e-01
393 6.354360e-01 1.328000e-03 3.632360e-01
394 6.352440e-01 1.260000e-03 3.634960e-01
395 6.350320e-01 1.228000e-03 3.637400e-01
396 6.348200e-01 1.240000e-03 3.639400e-01
397 6.345480e-01 1.284000e-03 3.641680e-01
398 6.342800e-01 1.348000e-03 3.643720e-01
399 6.340360e-01 1.312000e-03 3.646520e-01
400 6.338320e-01 1.320000e-03 3.648480e-01
401 6.336120e-01 1.296000e-03 3.650920e-01
402 6.333160e-01 1.356000e-03 3.653280e-01
403 6.330800e-01 1.336000e-03 3.655840e-01
404 6.327320e-01 1.468000e-03 3.658000e-01
405 6.324680e-01 1.476000e-03 3.660560e-01
406 6.322480e-01 1.444000e-03 3.663080e-01
407 6.319600e-01 1.468000e-03 3.665720e-01
408 6.316920e-01 1.456000e-03 3.668520e-01
409 6.314840e-01 1.412000e-03 3.671040e-01
410 6.313080e-01 1.380000e-03 3.673120e-01
411 6.310040e-01 1.444000e-03 3.675520e-01
412 6.307160e-01 1.500000e-03 3.677840e-01
413 6.304720e-01 1.496000e-03 3.680320e-01
414 6.301840e-01 1.520000e-03 3.682960e-01
415 6.299560e-01 1.444000e-03 3.686000e-01
416 6.297280e-01 1.396000e-03 3.688760e-01
417 6.294680e-01 1.420000e-03 3.691120e-01
418 6.291360e-01 1.548000e-03 3.693160e-01
419 6.288600e-01 1.560000e-03 3.695800e-01
420 6.285800e-01 1.500000e-03 3.699200e-01
421 6.282960e-01 1.540000e-03 3.701640e-01
422 6.280560e-01 1.544000e-03 3.704000e-01
423 6.278000e-01 1.540000e-03 3.706600e-01
424 6.275160e-01 1.528000e-03 3.709560e-01
425 6.272240e-01 1.544000e-03 3.712320e-01
426 6.269640e-01 1.564000e-03 3.714720e-01
427 6.267160e-01 1.464000e-03 3.718200e-01
428 6.264640e-01 1.468000e-03 3.720680e-01
429 6.261920e-01 1.492000e-03 3.723160e-01
430 6.259520e-01 1.488000e-03 3.725600e-01
431 6.256720e-01 1.444000e-03 3.728840e-01
432 6.253840e-01 1.432000e-03 3.731840e-01
433 6.251320e-01 1.452000e-03 3.734160e-01
434 6.248760e-01 1.464000e-03 3.736600e-01
435 6.246240e-01 1.444000e-03 3.739320e-01
436 6.244320e-01 1.336000e-03 3.742320e-01
437 6.242400e-01 1.292000e-03 3.744680e-01
438 6.240680e-01 1.240000e-03 3.746920e-01
439 6.239000e-01 1.132000e-03 3.749680e-01
440 6.237000e-01 1.116000e-03 3.751840e-01
441 6.234200e-01 1.228000e-03 3.753520e-01
442 6.232160e-01 1.188000e-03 3.755960e-01
443 6.230160e-01 1.224000e-03 3.757600e-01
444 6.228160e-01 1.232000e-03 3.759520e-01
445 6.226520e-01 1.200000e-03 3.761480e-01
446 6.223600e-01 1.288000e-03 3.763520e-01
447 6.221680e-01 1.252000e-03 3.765800e-01
448 6.219560e-01 1.248000e-03 3.767960e-01
449 6.217600e-01 1.260000e-03 3.769800e-01
450 6.215640e-01 1.272000e-03 3.771640e-01
451 6.213720e-01 1.196000e-03 3.774320e-01
452 6.211560e-01 1.220000e-03 3.776240e-01
453 6.209280e-01 1.216000e-03 3.778560e-01
454 6.207080e-01 1.212000e-03 3.780800e-01
455 6.205000e-01 1.240000e-03 3.782600e-01
456 6.202840e-01 1.216000e-03 3.785000e-01
457 6.200960e-01 1.224000e-03 3.786800e-01
458 6.198400e-01 1.224000e-03 3.789360e-01
459 6.195440e-01 1.276000e-03 3.791800e-01
460 6.193720e-01 1.224000e-03 3.794040e-01
461 6.191720e-01 1.224000e-03 3.796040e-01
462 6.189640e-01 1.204000e-03 3.798320e-01
463 6.187320e-01 1.264000e-03 3.800040e-01
464 6.185560e-01 1.228000e-03 3.802160e-01
465 6.183720e-01 1.228000e-03 3.804000e-01
466 6.182280e-01 1.160000e-03 3.806120e-01
467 6.181040e-01 1.096000e-03 3.808000e-01
468 6.179720e-01 1.080000e-03 3.809480e-01
469 6.178360e-01 1.040000e-03 3.811240e-01
470 6.176760e-01 1.000000e-03 3.813240e-01
471 6.174800e-01 1.020000e-03 3.815000e-01
472 6.172880e-01 1.056000e-03 3.816560e-01
473 6.170440e-01 1.084000e-03 3.818720e-01
474 6.168440e-01 1.088000e-03 3.820680e-01
475 6.166960e-01 1.056000e-03 3.822480e-01
476 6.165440e-01 1.012000e-03 3.824440e-01
477 6.163400e-01 1.032000e-03 3.826280e-01
478 6.161920e-01 9.920000e-04 3.828160e-01
479 6.159920e-01 1.012000e-03 3.829960e-01
480 6.158080e-01 1.008000e-03 3.831840e-01
481 6.156400e-01 1.000000e-03 3.833600e-01
482 6.155000e-01 1.008000e-03 3.834920e-01
483 6.153160e-01 1.012000e-03 3.836720e-01
484 6.151800e-01 9.640000e-04 3.838560e-01
485 6.150640e-01 9.400000e-04 3.839960e-01
486 6.149480e-01 8.640000e-04 3.841880e-01
487 6.148360e-01 8.200000e-04 3.843440e-01
488 6.146960e-01 8.400000e-04 3.844640e-01
489 6.145560e-01 7.960000e-04 3.846480e-01
490 6.144480e-01 7.520000e-04 3.848000e-01
491 6.142760e-01 8.000000e-04 3.849240e-01
492 6.140960e-01 8.640000e-04 3.850400e-01
493 6.139600e-01 8.520000e-04 3.851880e-01
494 6.138000e-01 8.520000e-04 3.853480e-01
495 6.136520e-01 8.240000e-04 3.855240e-01
496 6.135200e-01 8.360000e-04 3.856440e-01
497 6.133760e-01 8.480000e-04 3.857760e-01
498 6.132240e-01 8.640000e-04 3.859120e-01
499 6.130880e-01 8.320000e-04 3.860800e-01
500 6.130080e-01 7.240000e-04 3.862680e-01
