1 9.992760e-01 6.280000e-04 9.600000e-05
2 9.987800e-01 9.440000e-04 2.760000e-04
3 9.982960e-01 1.220000e-03 4.840000e-04
4 9.976600e-01 1.588000e-03 7.520000e-04
5 9.969400e-01 1.968000e-03 1.092000e-03
6 9.963160e-01 2.124000e-03 1.560000e-03
7 9.956680e-01 2.356000e-03 1.976000e-03
8 9.949200e-01 2.652000e-03 2.428000e-03
9 9.940960e-01 2.960000e-03 2.944000e-03
10 9.932720e-01 3.232000e-03 3.496000e-03
11 9.922360e-01 3.644000e-03 4.120000e-03
12 9.912400e-01 4.052000e-03 4.708000e-03
13 9.903920e-01 4.252000e-03 5.356000e-03
14 9.893800e-01 4.472000e-03 6.148000e-03
15 9.883560e-01 4.612000e-03 7.032000e-03
16 9.873400e-01 4.784000e-03 7.876000e-03
17 9.862680e-01 5.012000e-03 8.720000e-03
18 9.852080e-01 5.236000e-03 9.556000e-03
19 9.841280e-01 5.376000e-03 1.049600e-02
20 9.829360e-01 5.636000e-03 1.142800e-02
21 9.817120e-01 5.956000e-03 1.233200e-02
22 9.805720e-01 5.960000e-03 1.346800e-02
23 9.793000e-01 6.252000e-03 1.444800e-02
24 9.779000e-01 6.492000e-03 1.560800e-02
25 9.764600e-01 6.860000e-03 1.668000e-02
26 9.752160e-01 7.020000e-03 1.776400e-02
27 9.739040e-01 7.212000e-03 1.888400e-02
28 9.725400e-01 7.300000e-03 2.016000e-02
29 9.711520e-01 7.320000e-03 2.152800e-02
30 9.696120e-01 7.592000e-03 2.279600e-02
31 9.680640e-01 7.804000e-03 2.413200e-02
32 9.665880e-01 7.864000e-03 2.554800e-02
33 9.650640e-01 8.064000e-03 2.687200e-02
34 9.634040e-01 8.340000e-03 2.825600e-02
35 9.619280e-01 8.304000e-03 2.976800e-02
36 9.604040e-01 8.424000e-03 3.117200e-02
37 9.587080e-01 8.588000e-03 3.270400e-02
38 9.571320e-01 8.528000e-03 3.434000e-02
39 9.555680e-01 8.644000e-03 3.578800e-02
40 9.539920e-01 8.676000e-03 3.733200e-02
41 9.523800e-01 8.744000e-03 3.887600e-02
42 9.507160e-01 8.864000e-03 4.042000e-02
43 9.489160e-01 9.040000e-03 4.204400e-02
44 9.472840e-01 9.016000e-03 4.370000e-02
45 9.456520e-01 9.116000e-03 4.523200e-02
46 9.439960e-01 9.288000e-03 4.671600e-02
47 9.422320e-01 9.464000e-03 4.830400e-02
48 9.405880e-01 9.444000e-03 4.996800e-02
49 9.390200e-01 9.348000e-03 5.163200e-02
50 9.373480e-01 9.452000e-03 5.320000e-02
51 9.355520e-01 9.516000e-03 5.493200e-02
52 9.337200e-01 9.644000e-03 5.663600e-02
53 9.320720e-01 9.764000e-03 5.816400e-02
54 9.304040e-01 9.748000e-03 5.984800e-02
55 9.285960e-01 9.892000e-03 6.151200e-02
56 9.269560e-01 9.812000e-03 6.323200e-02
57 9.253120e-01 9.796000e-03 6.489200e-02
58 9.236160e-01 9.716000e-03 6.666800e-02
59 9.221160e-01 9.560000e-03 6.832400e-02
60 9.204840e-01 9.448000e-03 7.006800e-02
61 9.188400e-01 9.452000e-03 7.170800e-02
62 9.173200e-01 9.304000e-03 7.337600e-02
63 9.157280e-01 9.172000e-03 7.510000e-02
64 9.141560e-01 9.252000e-03 7.659200e-02
65 9.125800e-01 9.208000e-03 7.821200e-02
66 9.110440e-01 9.112000e-03 7.984400e-02
67 9.094920e-01 9.124000e-03 8.138400e-02
68 9.079680e-01 8.996000e-03 8.303600e-02
69 9.065080e-01 8.868000e-03 8.462400e-02
70 9.051000e-01 8.800000e-03 8.610000e-02
71 9.037040e-01 8.580000e-03 8.771600e-02
72 9.022320e-01 8.532000e-03 8.923600e-02
73 9.008200e-01 8.492000e-03 9.068800e-02
74 8.994200e-01 8.364000e-03 9.221600e-02
75 8.981080e-01 8.012000e-03 9.388000e-02
76 8.967600e-01 8.008000e-03 9.523200e-02
77 8.953600e-01 8.112000e-03 9.652800e-02
78 8.937680e-01 8.372000e-03 9.786000e-02
79 8.924120e-01 8.244000e-03 9.934400e-02
80 8.910160e-01 8.212000e-03 1.007720e-01
81 8.897520e-01 7.904000e-03 1.023440e-01
82 8.884520e-01 7.752000e-03 1.037960e-01
83 8.869880e-01 7.808000e-03 1.052040e-01
84 8.854960e-01 7.944000e-03 1.065600e-01
85 8.841280e-01 7.972000e-03 1.079000e-01
86 8.828280e-01 8.016000e-03 1.091560e-01
87 8.815120e-01 8.056000e-03 1.104320e-01
88 8.801680e-01 8.036000e-03 1.117960e-01
89 8.787680e-01 7.880000e-03 1.133520e-01
90 8.774040e-01 7.904000e-03 1.146920e-01
91 8.760680e-01 7.916000e-03 1.160160e-01
92 8.747160e-01 7.780000e-03 1.175040e-01
93 8.733200e-01 7.840000e-03 1.188400e-01
94 8.719240e-01 7.880000e-03 1.201960e-01
95 8.705880e-01 7.840000e-03 1.215720e-01
96 8.691320e-01 7.996000e-03 1.228720e-01
97 8.676640e-01 7.968000e-03 1.243680e-01
98 8.662760e-01 7.880000e-03 1.258440e-01
99 8.648960e-01 7.828000e-03 1.272760e-01
100 8.634680e-01 7.848000e-03 1.286840e-01
101 8.618720e-01 8.008000e-03 1.301200e-01
102 8.604080e-01 8.116000e-03 1.314760e-01
103 8.590360e-01 8.048000e-03 1.329160e-01
104 8.576280e-01 8.220000e-03 1.341520e-01
105 8.563400e-01 8.140000e-03 1.355200e-01
106 8.550160e-01 8.040000e-03 1.369440e-01
107 8.536640e-01 7.932000e-03 1.384040e-01
108 8.523600e-01 7.800000e-03 1.398400e-01
109 8.508560e-01 7.932000e-03 1.412120e-01
110 8.493920e-01 7.984000e-03 1.426240e-01
111 8.481440e-01 7.884000e-03 1.439720e-01
112 8.467440e-01 7.740000e-03 1.455160e-01
113 8.454360e-01 7.552000e-03 1.470120e-01
114 8.441760e-01 7.528000e-03 1.482960e-01
115 8.428360e-01 7.516000e-03 1.496480e-01
116 8.414200e-01 7.552000e-03 1.510280e-01
117 8.400840e-01 7.624000e-03 1.522920e-01
118 8.385720e-01 7.896000e-03 1.535320e-01
119 8.371680e-01 7.940000e-03 1.548920e-01
120 8.357880e-01 7.932000e-03 1.562800e-01
121 8.344160e-01 7.936000e-03 1.576480e-01
122 8.329800e-01 7.868000e-03 1.591520e-01
123 8.316600e-01 7.940000e-03 1.604000e-01
124 8.303600e-01 7.788000e-03 1.618520e-01
125 8.289640e-01 7.840000e-03 1.631960e-01
126 8.275040e-01 7.888000e-03 1.646080e-01
127 8.260320e-01 7.936000e-03 1.660320e-01
128 8.246240e-01 7.840000e-03 1.675360e-01
129 8.232960e-01 7.908000e-03 1.687960e-01
130 8.218680e-01 7.972000e-03 1.701600e-01
131 8.203000e-01 8.044000e-03 1.716560e-01
132 8.188800e-01 8.040000e-03 1.730800e-01
133 8.175480e-01 8.056000e-03 1.743960e-01
134 8.162320e-01 7.996000e-03 1.757720e-01
135 8.145760e-01 8.236000e-03 1.771880e-01
136 8.130600e-01 8.316000e-03 1.786240e-01
137 8.112960e-01 8.700000e-03 1.800040e-01
138 8.096840e-01 8.760000e-03 1.815560e-01
139 8.080720e-01 8.728000e-03 1.832000e-01
140 8.063080e-01 9.008000e-03 1.846840e-01
141 8.047000e-01 9.096000e-03 1.862040e-01
142 8.031480e-01 8.956000e-03 1.878960e-01
143 8.016920e-01 8.908000e-03 1.894000e-01
144 8.002720e-01 8.764000e-03 1.909640e-01
145 7.988600e-01 8.700000e-03 1.924400e-01
146 7.976200e-01 8.344000e-03 1.940360e-01
147 7.962120e-01 8.216000e-03 1.955720e-01
148 7.948800e-01 8.148000e-03 1.969720e-01
149 7.936440e-01 7.924000e-03 1.984320e-01
150 7.923160e-01 8.024000e-03 1.996600e-01
151 7.910800e-01 7.892000e-03 2.010280e-01
152 7.897520e-01 7.876000e-03 2.023720e-01
153 7.885280e-01 7.632000e-03 2.038400e-01
154 7.873440e-01 7.448000e-03 2.052080e-01
155 7.861640e-01 7.292000e-03 2.065440e-01
156 7.850840e-01 7.052000e-03 2.078640e-01
157 7.840600e-01 6.836000e-03 2.091040e-01
158 7.829200e-01 6.712000e-03 2.103680e-01
159 7.817960e-01 6.724000e-03 2.114800e-01
160 7.807280e-01 6.616000e-03 2.126560e-01
161 7.796400e-01 6.592000e-03 2.137680e-01
162 7.785040e-01 6.608000e-03 2.148880e-01
163 7.773720e-01 6.508000e-03 2.161200e-01
164 7.763560e-01 6.340000e-03 2.173040e-01
165 7.753080e-01 6.320000e-03 2.183720e-01
166 7.741600e-01 6.320000e-03 2.195200e-01
167 7.731480e-01 6.264000e-03 2.205880e-01
168 7.720960e-01 6.156000e-03 2.217480e-01
169 7.709840e-01 6.200000e-03 2.228160e-01
170 7.699640e-01 6.216000e-03 2.238200e-01
171 7.688320e-01 6.288000e-03 2.248800e-01
172 7.678080e-01 6.184000e-03 2.260080e-01
173 7.667200e-01 6.212000e-03 2.270680e-01
174 7.655680e-01 6.252000e-03 2.281800e-01
175 7.644160e-01 6.304000e-03 2.292800e-01
176 7.632600e-01 6.420000e-03 2.303200e-01
177 7.623800e-01 6.128000e-03 2.314920e-01
178 7.613680e-01 6.060000e-03 2.325720e-01
179 7.604960e-01 5.808000e-03 2.336960e-01
180 7.594920e-01 5.756000e-03 2.347520e-01
181 7.585680e-01 5.676000e-03 2.357560e-01
182 7.576360e-01 5.592000e-03 2.367720e-01
183 7.567400e-01 5.412000e-03 2.378480e-01
184 7.558400e-01 5.456000e-03 2.387040e-01
185 7.549640e-01 5.352000e-03 2.396840e-01
186 7.540480e-01 5.348000e-03 2.406040e-01
187 7.530640e-01 5.492000e-03 2.414440e-01
188 7.521280e-01 5.516000e-03 2.423560e-01
189 7.512320e-01 5.504000e-03 2.432640e-01
190 7.503960e-01 5.376000e-03 2.442280e-01
191 7.495040e-01 5.356000e-03 2.451400e-01
192 7.486440e-01 5.328000e-03 2.460280e-01
193 7.477040e-01 5.308000e-03 2.469880e-01
194 7.468040e-01 5.344000e-03 2.478520e-01
195 7.460320e-01 5.216000e-03 2.487520e-01
196 7.452200e-01 5.108000e-03 2.496720e-01
197 7.443880e-01 5.048000e-03 2.505640e-01
198 7.436640e-01 4.912000e-03 2.514240e-01
199 7.429120e-01 4.816000e-03 2.522720e-01
200 7.420880e-01 4.796000e-03 2.531160e-01
201 7.414120e-01 4.712000e-03 2.538760e-01
202 7.406440e-01 4.708000e-03 2.546480e-01
203 7.398480e-01 4.728000e-03 2.554240e-01
204 7.390520e-01 4.688000e-03 2.562600e-01
205 7.382080e-01 4.696000e-03 2.570960e-01
206 7.374840e-01 4.672000e-03 2.578440e-01
207 7.368360e-01 4.392000e-03 2.587720e-01
208 7.361120e-01 4.380000e-03 2.595080e-01
209 7.353800e-01 4.412000e-03 2.602080e-01
210 7.346520e-01 4.272000e-03 2.610760e-01
211 7.339360e-01 4.344000e-03 2.617200e-01
212 7.331520e-01 4.428000e-03 2.624200e-01
213 7.324640e-01 4.344000e-03 2.631920e-01
214 7.317320e-01 4.296000e-03 2.639720e-01
215 7.311240e-01 4.092000e-03 2.647840e-01
216 7.304680e-01 4.072000e-03 2.654600e-01
217 7.299800e-01 3.880000e-03 2.661400e-01
218 7.294240e-01 3.692000e-03 2.668840e-01
219 7.288960e-01 3.600000e-03 2.675040e-01
220 7.283480e-01 3.536000e-03 2.681160e-01
221 7.278120e-01 3.440000e-03 2.687480e-01
222 7.271840e-01 3.536000e-03 2.692800e-01
223 7.265880e-01 3.544000e-03 2.698680e-01
224 7.259360e-01 3.660000e-03 2.704040e-01
225 7.253320e-01 3.704000e-03 2.709640e-01
226 7.246720e-01 3.676000e-03 2.716520e-01
227 7.240000e-01 3.732000e-03 2.722680e-01
228 7.234360e-01 3.656000e-03 2.729080e-01
229 7.228240e-01 3.604000e-03 2.735720e-01
230 7.221000e-01 3.840000e-03 2.740600e-01
231 7.214760e-01 3.752000e-03 2.747720e-01
232 7.208440e-01 3.780000e-03 2.753760e-01
233 7.203000e-01 3.772000e-03 2.759280e-01
234 7.197480e-01 3.732000e-03 2.765200e-01
235 7.191840e-01 3.644000e-03 2.771720e-01
236 7.185440e-01 3.656000e-03 2.778000e-01
237 7.179800e-01 3.588000e-03 2.784320e-01
238 7.174680e-01 3.456000e-03 2.790760e-01
239 7.168920e-01 3.400000e-03 2.797080e-01
240 7.162360e-01 3.456000e-03 2.803080e-01
241 7.155760e-01 3.488000e-03 2.809360e-01
242 7.149680e-01 3.452000e-03 2.815800e-01
243 7.143760e-01 3.456000e-03 2.821680e-01
244 7.138320e-01 3.360000e-03 2.828080e-01
245 7.132000e-01 3.388000e-03 2.834120e-01
246 7.126160e-01 3.356000e-03 2.840280e-01
247 7.120560e-01 3.364000e-03 2.845800e-01
248 7.115480e-01 3.340000e-03 2.851120e-01
249 7.110680e-01 3.128000e-03 2.858040e-01
250 7.104280e-01 3.200000e-03 2.863720e-01
251 7.098840e-01 3.224000e-03 2.868920e-01
252 7.093480e-01 3.152000e-03 2.875000e-01
253 7.087200e-01 3.160000e-03 2.881200e-01
254 7.081840e-01 3.116000e-03 2.887000e-01
255 7.076800e-01 3.020000e-03 2.893000e-01
256 7.072520e-01 2.916000e-03 2.898320e-01
257 7.067320e-01 2.840000e-03 2.904280e-01
258 7.062400e-01 2.880000e-03 2.908800e-01
259 7.057880e-01 2.804000e-03 2.914080e-01
260 7.053800e-01 2.784000e-03 2.918360e-01
261 7.049360e-01 2.792000e-03 2.922720e-01
262 7.044840e-01 2.828000e-03 2.926880e-01
263 7.039960e-01 2.788000e-03 2.932160e-01
264 7.034680e-01 2.788000e-03 2.937440e-01
265 7.028800e-01 2.924000e-03 2.941960e-01
266 7.024080e-01 2.964000e-03 2.946280e-01
267 7.019240e-01 2.920000e-03 2.951560e-01
268 7.014440e-01 2.832000e-03 2.957240e-01
269 7.009400e-01 2.804000e-03 2.962560e-01
270 7.004280e-01 2.804000e-03 2.967680e-01
271 7.000280e-01 2.676000e-03 2.972960e-01
272 6.995280e-01 2.752000e-03 2.977200e-01
273 6.990440e-01 2.796000e-03 2.981600e-01
274 6.986480e-01 2.680000e-03 2.986720e-01
275 6.982400e-01 2.572000e-03 2.991880e-01
276 6.978360e-01 2.576000e-03 2.995880e-01
277 6.973960e-01 2.604000e-03 3.000000e-01
278 6.969680e-01 2.540000e-03 3.004920e-01
279 6.965680e-01 2.552000e-03 3.008800e-01
280 6.961280e-01 2.508000e-03 3.013640e-01
281 6.957920e-01 2.400000e-03 3.018080e-01
282 6.953920e-01 2.404000e-03 3.022040e-01
283 6.950760e-01 2.352000e-03 3.025720e-01
284 6.947400e-01 2.288000e-03 3.029720e-01
285 6.944320e-01 2.204000e-03 3.033640e-01
286 6.941320e-01 2.116000e-03 3.037520e-01
287 6.938280e-01 2.020000e-03 3.041520e-01
288 6.935400e-01 1.880000e-03 3.045800e-01
289 6.933120e-01 1.764000e-03 3.049240e-01
290 6.931760e-01 1.532000e-03 3.052920e-01
291 6.929360e-01 1.560000e-03 3.055040e-01
292 6.927080e-01 1.500000e-03 3.057920e-01
293 6.924920e-01 1.472000e-03 3.060360e-01
294 6.922360e-01 1.472000e-03 3.062920e-01
295 6.920000e-01 1.432000e-03 3.065680e-01
296 6.917640e-01 1.516000e-03 3.067200e-01
297 6.914840e-01 1.544000e-03 3.069720e-01
298 6.911880e-01 1.508000e-03 3.073040e-01
299 6.909720e-01 1.476000e-03 3.075520e-01
300 6.907960e-01 1.376000e-03 3.078280e-01
301 6.905840e-01 1.364000e-03 3.080520e-01
302 6.903440e-01 1.392000e-03 3.082640e-01
303 6.901560e-01 1.308000e-03 3.085360e-01
304 6.899920e-01 1.200000e-03 3.088080e-01
305 6.897840e-01 1.180000e-03 3.090360e-01
306 6.895760e-01 1.180000e-03 3.092440e-01
307 6.893560e-01 1.188000e-03 3.094560e-01
308 6.891400e-01 1.196000e-03 3.096640e-01
309 6.889280e-01 1.200000e-03 3.098720e-01
310 6.887000e-01 1.244000e-03 3.100560e-01
311 6.884640e-01 1.252000e-03 3.102840e-01
312 6.882680e-01 1.284000e-03 3.104480e-01
313 6.880560e-01 1.228000e-03 3.107160e-01
314 6.878760e-01 1.148000e-03 3.109760e-01
315 6.876560e-01 1.196000e-03 3.111480e-01
316 6.874520e-01 1.220000e-03 3.113280e-01
317 6.872080e-01 1.248000e-03 3.115440e-01
318 6.869200e-01 1.292000e-03 3.117880e-01
319 6.867160e-01 1.280000e-03 3.120040e-01
320 6.864320e-01 1.328000e-03 3.122400e-01
321 6.861640e-01 1.376000e-03 3.124600e-01
322 6.858880e-01 1.396000e-03 3.127160e-01
323 6.856760e-01 1.344000e-03 3.129800e-01
324 6.854360e-01 1.368000e-03 3.131960e-01
325 6.851520e-01 1.380000e-03 3.134680e-01
326 6.848640e-01 1.460000e-03 3.136760e-01
327 6.846720e-01 1.404000e-03 3.139240e-01
328 6.844920e-01 1.332000e-03 3.141760e-01
329 6.843120e-01 1.276000e-03 3.144120e-01
330 6.841040e-01 1.312000e-03 3.145840e-01
331 6.839160e-01 1.300000e-03 3.147840e-01
332 6.836960e-01 1.280000e-03 3.150240e-01
333 6.835040e-01 1.184000e-03 3.153120e-01
334 6.833400e-01 1.164000e-03 3.154960e-01
335 6.831600e-01 1.172000e-03 3.156680e-01
336 6.829680e-01 1.176000e-03 3.158560e-01
337 6.827480e-01 1.220000e-03 3.160320e-01
338 6.824920e-01 1.228000e-03 3.162800e-01
339 6.823160e-01 1.172000e-03 3.165120e-01
340 6.821360e-01 1.120000e-03 3.167440e-01
341 6.820040e-01 1.072000e-03 3.169240e-01
342 6.818120e-01 1.052000e-03 3.171360e-01
343 6.816680e-01 1.044000e-03 3.172880e-01
344 6.815160e-01 1.056000e-03 3.174280e-01
345 6.813080e-01 1.084000e-03 3.176080e-01
346 6.811080e-01 1.036000e-03 3.178560e-01
347 6.809640e-01 1.028000e-03 3.180080e-01
348 6.807520e-01 1.068000e-03 3.181800e-01
349 6.805840e-01 1.024000e-03 3.183920e-01
350 6.803800e-01 1.092000e-03 3.185280e-01
351 6.801840e-01 1.076000e-03 3.187400e-01
352 6.800320e-01 9.720000e-04 3.189960e-01
353 6.798440e-01 9.560000e-04 3.192000e-01
354 6.796400e-01 1.000000e-03 3.193600e-01
355 6.794160e-01 1.012000e-03 3.195720e-01
356 6.792280e-01 1.044000e-03 3.197280e-01
357 6.790360e-01 1.040000e-03 3.199240e-01
358 6.788000e-01 1.104000e-03 3.200960e-01
359 6.786000e-01 1.116000e-03 3.202840e-01
360 6.784640e-01 1.012000e-03 3.205240e-01
361 6.782960e-01 1.016000e-03 3.206880e-01
362 6.781000e-01 1.064000e-03 3.208360e-01
363 6.779360e-01 1.028000e-03 3.210360e-01
364 6.777920e-01 1.020000e-03 3.211880e-01
365 6.776560e-01 9.960000e-04 3.213480e-01
366 6.775120e-01 9.680000e-04 3.215200e-01
367 6.774280e-01 9.040000e-04 3.216680e-01
368 6.772760e-01 8.920000e-04 3.218320e-01
369 6.771920e-01 8.320000e-04 3.219760e-01
370 6.770720e-01 7.760000e-04 3.221520e-01
371 6.769320e-01 7.600000e-04 3.223080e-01
372 6.767880e-01 8.080000e-04 3.224040e-01
373 6.766960e-01 7.480000e-04 3.225560e-01
374 6.765960e-01 7.040000e-04 3.227000e-01
375 6.764400e-01 7.400000e-04 3.228200e-01
376 6.763400e-01 7.120000e-04 3.229480e-01
377 6.762520e-01 7.120000e-04 3.230360e-01
378 6.761080e-01 7.440000e-04 3.231480e-01
379 6.760200e-01 7.040000e-04 3.232760e-01
380 6.759280e-01 6.720000e-04 3.234000e-01
381 6.758320e-01 6.720000e-04 3.234960e-01
382 6.757160e-01 6.920000e-04 3.235920e-01
383 6.756280e-01 6.400000e-04 3.237320e-01
384 6.755080e-01 6.920000e-04 3.238000e-01
385 6.754000e-01 6.640000e-04 3.239360e-01
386 6.752880e-01 6.600000e-04 3.240520e-01
387 6.751640e-01 6.840000e-04 3.241520e-01
388 6.750240e-01 7.120000e-04 3.242640e-01
389 6.748720e-01 7.160000e-04 3.244120e-01
390 6.747680e-01 7.080000e-04 3.245240e-01
391 6.746400e-01 6.760000e-04 3.246840e-01
392 6.745600e-01 6.560000e-04 3.247840e-01
393 6.744680e-01 6.680000e-04 3.248640e-01
394 6.743360e-01 6.880000e-04 3.249760e-01
395 6.742160e-01 7.000000e-04 3.250840e-01
396 6.741320e-01 6.360000e-04 3.252320e-01
397 6.740320e-01 6.160000e-04 3.253520e-01
398 6.739320e-01 6.200000e-04 3.254480e-01
399 6.738320e-01 6.320000e-04 3.255360e-01
400 6.737040e-01 6.400000e-04 3.256560e-01
401 6.735720e-01 7.000000e-04 3.257280e-01
402 6.734360e-01 7.160000e-04 3.258480e-01
403 6.733120e-01 7.280000e-04 3.259600e-01
404 6.731840e-01 7.560000e-04 3.260600e-01
405 6.730240e-01 8.000000e-04 3.261760e-01
406 6.729040e-01 7.520000e-04 3.263440e-01
407 6.727520e-01 7.640000e-04 3.264840e-01
408 6.726160e-01 7.720000e-04 3.266120e-01
409 6.725000e-01 7.760000e-04 3.267240e-01
410 6.723560e-01 8.200000e-04 3.268240e-01
411 6.722520e-01 8.200000e-04 3.269280e-01
412 6.721120e-01 7.920000e-04 3.270960e-01
413 6.719960e-01 7.720000e-04 3.272320e-01
414 6.718640e-01 7.640000e-04 3.273720e-01
415 6.717280e-01 7.640000e-04 3.275080e-01
416 6.716320e-01 7.080000e-04 3.276600e-01
417 6.715040e-01 7.160000e-04 3.277800e-01
418 6.713960e-01 6.920000e-04 3.279120e-01
419 6.713040e-01 6.760000e-04 3.280200e-01
420 6.712280e-01 6.160000e-04 3.281560e-01
421 6.711680e-01 5.840000e-04 3.282480e-01
422 6.711000e-01 5.520000e-04 3.283480e-01
423 6.710600e-01 5.160000e-04 3.284240e-01
424 6.709960e-01 5.160000e-04 3.284880e-01
425 6.709560e-01 4.760000e-04 3.285680e-01
426 6.708720e-01 4.840000e-04 3.286440e-01
427 6.707880e-01 4.800000e-04 3.287320e-01
428 6.707480e-01 4.360000e-04 3.288160e-01
429 6.706960e-01 4.240000e-04 3.288800e-01
430 6.706320e-01 4.120000e-04 3.289560e-01
431 6.705680e-01 4.040000e-04 3.290280e-01
432 6.704240e-01 4.680000e-04 3.291080e-01
433 6.703400e-01 4.480000e-04 3.292120e-01
434 6.702720e-01 4.440000e-04 3.292840e-01
435 6.701680e-01 4.760000e-04 3.293560e-01
436 6.700960e-01 4.920000e-04 3.294120e-01
437 6.699800e-01 5.280000e-04 3.294920e-01
438 6.698640e-01 5.760000e-04 3.295600e-01
439 6.697240e-01 6.000000e-04 3.296760e-01
440 6.696240e-01 5.760000e-04 3.298000e-01
441 6.695160e-01 5.400000e-04 3.299440e-01
442 6.694120e-01 5.320000e-04 3.300560e-01
443 6.693520e-01 5.240000e-04 3.301240e-01
444 6.692800e-01 5.240000e-04 3.301960e-01
445 6.691920e-01 5.520000e-04 3.302560e-01
446 6.690360e-01 6.080000e-04 3.303560e-01
447 6.689240e-01 6.120000e-04 3.304640e-01
448 6.688160e-01 6.000000e-04 3.305840e-01
449 6.687800e-01 5.360000e-04 3.306840e-01
450 6.686840e-01 5.120000e-04 3.308040e-01
451 6.685880e-01 5.280000e-04 3.308840e-01
452 6.685160e-01 5.080000e-04 3.309760e-01
453 6.684360e-01 4.800000e-04 3.310840e-01
454 6.683560e-01 4.720000e-04 3.311720e-01
455 6.682760e-01 4.680000e-04 3.312560e-01
456 6.681960e-01 4.400000e-04 3.313640e-01
457 6.681320e-01 4.240000e-04 3.314440e-01
458 6.680880e-01 3.920000e-04 3.315200e-01
459 6.680480e-01 3.480000e-04 3.316040e-01
460 6.680160e-01 3.240000e-04 3.316600e-01
461 6.679760e-01 3.120000e-04 3.317120e-01
462 6.679480e-01 2.760000e-04 3.317760e-01
463 6.679240e-01 2.800000e-04 3.317960e-01
464 6.679040e-01 2.560000e-04 3.318400e-01
465 6.678720e-01 2.320000e-04 3.318960e-01
466 6.678440e-01 2.200000e-04 3.319360e-01
467 6.678080e-01 2.200000e-04 3.319720e-01
468 6.677840e-01 1.880000e-04 3.320280e-01
469 6.677600e-01 1.760000e-04 3.320640e-01
470 6.677440e-01 1.600000e-04 3.320960e-01
471 6.677200e-01 1.640000e-04 3.321160e-01
472 6.676720e-01 1.880000e-04 3.321400e-01
473 6.676400e-01 2.000000e-04 3.321600e-01
474 6.676240e-01 1.800000e-04 3.321960e-01
475 6.675920e-01 1.800000e-04 3.322280e-01
476 6.675600e-01 1.840000e-04 3.322560e-01
477 6.675240e-01 1.960000e-04 3.322800e-01
478 6.675040e-01 1.840000e-04 3.323120e-01
479 6.674600e-01 2.000000e-04 3.323400e-01
480 6.674560e-01 1.720000e-04 3.323720e-01
481 6.674200e-01 1.760000e-04 3.324040e-01
482 6.674000e-01 1.720000e-04 3.324280e-01
483 6.673680e-01 1.920000e-04 3.324400e-01
484 6.673320e-01 1.800000e-04 3.324880e-01
485 6.672920e-01 1.760000e-04 3.325320e-01
486 6.672800e-01 1.560000e-04 3.325640e-01
487 6.672640e-01 1.440000e-04 3.325920e-01
488 6.672480e-01 1.360000e-04 3.326160e-01
489 6.672320e-01 1.280000e-04 3.326400e-01
490 6.671960e-01 1.440000e-04 3.326600e-01
491 6.671480e-01 1.440000e-04 3.327080e-01
492 6.671200e-01 1.520000e-04 3.327280e-01
493 6.670960e-01 1.640000e-04 3.327400e-01
494 6.670840e-01 1.600000e-04 3.327560e-01
495 6.670720e-01 1.440000e-04 3.327840e-01
496 6.670600e-01 1.400000e-04 3.328000e-01
497 6.670400e-01 1.440000e-04 3.328160e-01
498 6.670160e-01 1.320000e-04 3.328520e-01
499 6.669920e-01 1.240000e-04 3.328840e-01
500 6.669760e-01 1.240000e-04 3.329000e-01
