1 9.991880e-01 6.880000e-04 1.240000e-04
2 9.987040e-01 1.036000e-03 2.600000e-04
3 9.980440e-01 1.440000e-03 5.160000e-04
4 9.973840e-01 1.812000e-03 8.040000e-04
5 9.965240e-01 2.312000e-03 1.164000e-03
6 9.958000e-01 2.644000e-03 1.556000e-03
7 9.949920e-01 2.884000e-03 2.124000e-03
8 9.941600e-01 3.172000e-03 2.668000e-03
9 9.932680e-01 3.464000e-03 3.268000e-03
10 9.922760e-01 3.872000e-03 3.852000e-03
11 9.913120e-01 4.116000e-03 4.572000e-03
12 9.902600e-01 4.516000e-03 5.224000e-03
13 9.891520e-01 4.804000e-03 6.044000e-03
14 9.880480e-01 5.220000e-03 6.732000e-03
15 9.868600e-01 5.596000e-03 7.544000e-03
16 9.854160e-01 6.088000e-03 8.496000e-03
17 9.841440e-01 6.260000e-03 9.596000e-03
18 9.827920e-01 6.656000e-03 1.055200e-02
19 9.813760e-01 6.856000e-03 1.176800e-02
20 9.799960e-01 6.988000e-03 1.301600e-02
21 9.784600e-01 7.168000e-03 1.437200e-02
22 9.769400e-01 7.304000e-03 1.575600e-02
23 9.755800e-01 7.380000e-03 1.704000e-02
24 9.742600e-01 7.436000e-03 1.830400e-02
25 9.726920e-01 7.712000e-03 1.959600e-02
26 9.711840e-01 7.776000e-03 2.104000e-02
27 9.696800e-01 7.940000e-03 2.238000e-02
28 9.683200e-01 7.964000e-03 2.371600e-02
29 9.668720e-01 7.996000e-03 2.513200e-02
30 9.653080e-01 8.060000e-03 2.663200e-02
31 9.637640e-01 8.112000e-03 2.812400e-02
32 9.622800e-01 8.072000e-03 2.964800e-02
33 9.608600e-01 7.976000e-03 3.116400e-02
34 9.593280e-01 8.084000e-03 3.258800e-02
35 9.577800e-01 8.232000e-03 3.398800e-02
36 9.562120e-01 8.376000e-03 3.541200e-02
37 9.546080e-01 8.520000e-03 3.687200e-02
38 9.528520e-01 8.820000e-03 3.832800e-02
39 9.513360e-01 8.816000e-03 3.984800e-02
40 9.497600e-01 8.784000e-03 4.145600e-02
41 9.482080e-01 8.680000e-03 4.311200e-02
42 9.468080e-01 8.840000e-03 4.435200e-02
43 9.450960e-01 9.096000e-03 4.580800e-02
44 9.432600e-01 9.280000e-03 4.746000e-02
45 9.414840e-01 9.420000e-03 4.909600e-02
46 9.397200e-01 9.564000e-03 5.071600e-02
47 9.379680e-01 9.592000e-03 5.244000e-02
48 9.363400e-01 9.516000e-03 5.414400e-02
49 9.347880e-01 9.488000e-03 5.572400e-02
50 9.332400e-01 9.332000e-03 5.742800e-02
51 9.317200e-01 9.264000e-03 5.901600e-02
52 9.302560e-01 9.028000e-03 6.071600e-02
53 9.287320e-01 9.004000e-03 6.226400e-02
54 9.273080e-01 8.944000e-03 6.374800e-02
55 9.257760e-01 8.836000e-03 6.538800e-02
56 9.241160e-01 9.012000e-03 6.687200e-02
57 9.223760e-01 9.060000e-03 6.856400e-02
58 9.209600e-01 9.024000e-03 7.001600e-02
59 9.194360e-01 9.068000e-03 7.149600e-02
60 9.176040e-01 9.444000e-03 7.295200e-02
61 9.157400e-01 9.656000e-03 7.460400e-02
62 9.141080e-01 9.584000e-03 7.630800e-02
63 9.124480e-01 9.620000e-03 7.793200e-02
64 9.108720e-01 9.500000e-03 7.962800e-02
65 9.091160e-01 9.580000e-03 8.130400e-02
66 9.074960e-01 9.544000e-03 8.296000e-02
67 9.058200e-01 9.636000e-03 8.454400e-02
68 9.041640e-01 9.428000e-03 8.640800e-02
69 9.025120e-01 9.420000e-03 8.806800e-02
70 9.009000e-01 9.540000e-03 8.956000e-02
71 8.993040e-01 9.516000e-03 9.118000e-02
72 8.976160e-01 9.536000e-03 9.284800e-02
73 8.957200e-01 9.680000e-03 9.460000e-02
74 8.941320e-01 9.492000e-03 9.637600e-02
75 8.927240e-01 9.304000e-03 9.797200e-02
76 8.911360e-01 9.368000e-03 9.949600e-02
77 8.894000e-01 9.532000e-03 1.010680e-01
78 8.877680e-01 9.464000e-03 1.027680e-01
79 8.861760e-01 9.404000e-03 1.044200e-01
80 8.845640e-01 9.300000e-03 1.061360e-01
81 8.829240e-01 9.412000e-03 1.076640e-01
82 8.811560e-01 9.588000e-03 1.092560e-01
83 8.794560e-01 9.540000e-03 1.110040e-01
84 8.779200e-01 9.412000e-03 1.126680e-01
85 8.762440e-01 9.368000e-03 1.143880e-01
86 8.745960e-01 9.356000e-03 1.160480e-01
87 8.729400e-01 9.400000e-03 1.176600e-01
88 8.713080e-01 9.472000e-03 1.192200e-01
89 8.696200e-01 9.396000e-03 1.209840e-01
90 8.678880e-01 9.532000e-03 1.225800e-01
91 8.661640e-01 9.608000e-03 1.242280e-01
92 8.643400e-01 9.808000e-03 1.258520e-01
93 8.626080e-01 9.668000e-03 1.277240e-01
94 8.611160e-01 9.448000e-03 1.294360e-01
95 8.593480e-01 9.652000e-03 1.310000e-01
96 8.577240e-01 9.428000e-03 1.328480e-01
97 8.561160e-01 9.508000e-03 1.343760e-01
98 8.545440e-01 9.444000e-03 1.360120e-01
99 8.528080e-01 9.552000e-03 1.376400e-01
100 8.512000e-01 9.468000e-03 1.393320e-01
101 8.495320e-01 9.536000e-03 1.409320e-01
102 8.479120e-01 9.416000e-03 1.426720e-01
103 8.462120e-01 9.380000e-03 1.444080e-01
104 8.445200e-01 9.476000e-03 1.460040e-01
105 8.429440e-01 9.576000e-03 1.474800e-01
106 8.412800e-01 9.536000e-03 1.491840e-01
107 8.396720e-01 9.476000e-03 1.508520e-01
108 8.381720e-01 9.288000e-03 1.525400e-01
109 8.367320e-01 9.084000e-03 1.541840e-01
110 8.352920e-01 8.792000e-03 1.559160e-01
111 8.339000e-01 8.552000e-03 1.575480e-01
112 8.324440e-01 8.500000e-03 1.590560e-01
113 8.310960e-01 8.416000e-03 1.604880e-01
114 8.296600e-01 8.468000e-03 1.618720e-01
115 8.280280e-01 8.716000e-03 1.632560e-01
116 8.265600e-01 8.516000e-03 1.649240e-01
117 8.250560e-01 8.528000e-03 1.664160e-01
118 8.234680e-01 8.644000e-03 1.678880e-01
119 8.219000e-01 8.628000e-03 1.694720e-01
120 8.203240e-01 8.776000e-03 1.709000e-01
121 8.188000e-01 8.808000e-03 1.723920e-01
122 8.174240e-01 8.716000e-03 1.738600e-01
123 8.157760e-01 8.944000e-03 1.752800e-01
124 8.143400e-01 8.920000e-03 1.767400e-01
125 8.130120e-01 8.652000e-03 1.783360e-01
126 8.115680e-01 8.616000e-03 1.798160e-01
127 8.101320e-01 8.524000e-03 1.813440e-01
128 8.085840e-01 8.560000e-03 1.828560e-01
129 8.070800e-01 8.568000e-03 1.843520e-01
130 8.056040e-01 8.428000e-03 1.859680e-01
131 8.040800e-01 8.496000e-03 1.874240e-01
132 8.026720e-01 8.532000e-03 1.887960e-01
133 8.012040e-01 8.580000e-03 1.902160e-01
134 7.997680e-01 8.412000e-03 1.918200e-01
135 7.982800e-01 8.392000e-03 1.933280e-01
136 7.968920e-01 8.356000e-03 1.947520e-01
137 7.954480e-01 8.324000e-03 1.962280e-01
138 7.941200e-01 8.120000e-03 1.977600e-01
139 7.928240e-01 7.956000e-03 1.992200e-01
140 7.913280e-01 8.132000e-03 2.005400e-01
141 7.899120e-01 8.204000e-03 2.018840e-01
142 7.884280e-01 8.136000e-03 2.034360e-01
143 7.870480e-01 8.160000e-03 2.047920e-01
144 7.856120e-01 8.052000e-03 2.063360e-01
145 7.841280e-01 8.132000e-03 2.077400e-01
146 7.828120e-01 8.004000e-03 2.091840e-01
147 7.815440e-01 7.912000e-03 2.105440e-01
148 7.801880e-01 7.880000e-03 2.119320e-01
149 7.787240e-01 7.956000e-03 2.133200e-01
150 7.774000e-01 7.904000e-03 2.146960e-01
151 7.760040e-01 7.928000e-03 2.160680e-01
152 7.746800e-01 7.816000e-03 2.175040e-01
153 7.732280e-01 7.968000e-03 2.188040e-01
154 7.719560e-01 7.964000e-03 2.200800e-01
155 7.706280e-01 7.796000e-03 2.215760e-01
156 7.691920e-01 8.032000e-03 2.227760e-01
157 7.677640e-01 8.156000e-03 2.240800e-01
158 7.663720e-01 8.152000e-03 2.254760e-01
159 7.649960e-01 7.952000e-03 2.270520e-01
160 7.635040e-01 8.004000e-03 2.284920e-01
161 7.622480e-01 7.792000e-03 2.299600e-01
162 7.609760e-01 7.568000e-03 2.314560e-01
163 7.597720e-01 7.484000e-03 2.327440e-01
164 7.585800e-01 7.448000e-03 2.339720e-01
165 7.572360e-01 7.600000e-03 2.351640e-01
166 7.558720e-01 7.680000e-03 2.364480e-01
167 7.546920e-01 7.452000e-03 2.378560e-01
168 7.535280e-01 7.324000e-03 2.391480e-01
169 7.522200e-01 7.292000e-03 2.404880e-01
170 7.510680e-01 7.144000e-03 2.417880e-01
171 7.499840e-01 6.860000e-03 2.431560e-01
172 7.489080e-01 6.732000e-03 2.443600e-01
173 7.479240e-01 6.484000e-03 2.455920e-01
174 7.467920e-01 6.428000e-03 2.467800e-01
175 7.457640e-01 6.496000e-03 2.477400e-01
176 7.447640e-01 6.408000e-03 2.488280e-01
177 7.436880e-01 6.356000e-03 2.499560e-01
178 7.426640e-01 6.304000e-03 2.510320e-01
179 7.416800e-01 6.148000e-03 2.521720e-01
180 7.406960e-01 6.016000e-03 2.532880e-01
181 7.397360e-01 5.844000e-03 2.544200e-01
182 7.387640e-01 5.780000e-03 2.554560e-01
183 7.378200e-01 5.660000e-03 2.565200e-01
184 7.367520e-01 5.684000e-03 2.575640e-01
185 7.355080e-01 5.904000e-03 2.585880e-01
186 7.344440e-01 5.924000e-03 2.596320e-01
187 7.333480e-01 6.004000e-03 2.606480e-01
188 7.321280e-01 6.192000e-03 2.616800e-01
189 7.311040e-01 6.052000e-03 2.628440e-01
190 7.300440e-01 6.020000e-03 2.639360e-01
191 7.289120e-01 6.044000e-03 2.650440e-01
192 7.277480e-01 6.188000e-03 2.660640e-01
193 7.267320e-01 6.200000e-03 2.670680e-01
194 7.257160e-01 6.084000e-03 2.682000e-01
195 7.246800e-01 5.972000e-03 2.693480e-01
196 7.235000e-01 6.140000e-03 2.703600e-01
197 7.223920e-01 6.108000e-03 2.715000e-01
198 7.213240e-01 6.044000e-03 2.726320e-01
199 7.202440e-01 6.160000e-03 2.735960e-01
200 7.190400e-01 6.384000e-03 2.745760e-01
201 7.179120e-01 6.404000e-03 2.756840e-01
202 7.168640e-01 6.272000e-03 2.768640e-01
203 7.158760e-01 6.196000e-03 2.779280e-01
204 7.148680e-01 6.088000e-03 2.790440e-01
205 7.139720e-01 5.920000e-03 2.801080e-01
206 7.130320e-01 5.876000e-03 2.810920e-01
207 7.121280e-01 5.800000e-03 2.820720e-01
208 7.111840e-01 5.740000e-03 2.830760e-01
209 7.103640e-01 5.580000e-03 2.840560e-01
210 7.095320e-01 5.508000e-03 2.849600e-01
211 7.086720e-01 5.356000e-03 2.859720e-01
212 7.078520e-01 5.220000e-03 2.869280e-01
213 7.069600e-01 5.224000e-03 2.878160e-01
214 7.060720e-01 5.220000e-03 2.887080e-01
215 7.052400e-01 5.092000e-03 2.896680e-01
216 7.044320e-01 5.020000e-03 2.905480e-01
217 7.036480e-01 4.872000e-03 2.914800e-01
218 7.028480e-01 4.804000e-03 2.923480e-01
219 7.020520e-01 4.776000e-03 2.931720e-01
220 7.012960e-01 4.628000e-03 2.940760e-01
221 7.004800e-01 4.568000e-03 2.949520e-01
222 6.996560e-01 4.596000e-03 2.957480e-01
223 6.989000e-01 4.496000e-03 2.966040e-01
224 6.981960e-01 4.348000e-03 2.974560e-01
225 6.974000e-01 4.364000e-03 2.982360e-01
226 6.966280e-01 4.360000e-03 2.990120e-01
227 6.959760e-01 4.308000e-03 2.997160e-01
228 6.953200e-01 4.104000e-03 3.005760e-01
229 6.946600e-01 4.056000e-03 3.012840e-01
230 6.939800e-01 4.072000e-03 3.019480e-01
231 6.932480e-01 4.036000e-03 3.027160e-01
232 6.925680e-01 3.972000e-03 3.034600e-01
233 6.918880e-01 3.960000e-03 3.041520e-01
234 6.912560e-01 3.832000e-03 3.049120e-01
235 6.906800e-01 3.700000e-03 3.056200e-01
236 6.900280e-01 3.748000e-03 3.062240e-01
237 6.894120e-01 3.688000e-03 3.069000e-01
238 6.887320e-01 3.752000e-03 3.075160e-01
239 6.880800e-01 3.796000e-03 3.081240e-01
240 6.873160e-01 3.864000e-03 3.088200e-01
241 6.865160e-01 3.928000e-03 3.095560e-01
242 6.858400e-01 3.964000e-03 3.101960e-01
243 6.851440e-01 3.956000e-03 3.109000e-01
244 6.843960e-01 4.008000e-03 3.115960e-01
245 6.838480e-01 3.820000e-03 3.123320e-01
246 6.832160e-01 3.728000e-03 3.130560e-01
247 6.825880e-01 3.656000e-03 3.137560e-01
248 6.819240e-01 3.712000e-03 3.143640e-01
249 6.812160e-01 3.800000e-03 3.149840e-01
250 6.807040e-01 3.676000e-03 3.156200e-01
251 6.800680e-01 3.680000e-03 3.162520e-01
252 6.793880e-01 3.716000e-03 3.168960e-01
253 6.787480e-01 3.688000e-03 3.175640e-01
254 6.782280e-01 3.568000e-03 3.182040e-01
255 6.776440e-01 3.572000e-03 3.187840e-01
256 6.770720e-01 3.524000e-03 3.194040e-01
257 6.764040e-01 3.616000e-03 3.199800e-01
258 6.757960e-01 3.556000e-03 3.206480e-01
259 6.752760e-01 3.436000e-03 3.212880e-01
260 6.746880e-01 3.492000e-03 3.218200e-01
261 6.741480e-01 3.384000e-03 3.224680e-01
262 6.735760e-01 3.364000e-03 3.230600e-01
263 6.730720e-01 3.348000e-03 3.235800e-01
264 6.726360e-01 3.244000e-03 3.241200e-01
265 6.721560e-01 3.180000e-03 3.246640e-01
266 6.716160e-01 3.184000e-03 3.252000e-01
267 6.711160e-01 3.180000e-03 3.257040e-01
268 6.706120e-01 3.048000e-03 3.263400e-01
269 6.700880e-01 3.060000e-03 3.268520e-01
270 6.695640e-01 3.112000e-03 3.273240e-01
271 6.689680e-01 3.200000e-03 3.278320e-01
272 6.683440e-01 3.196000e-03 3.284600e-01
273 6.677720e-01 3.228000e-03 3.290000e-01
274 6.671760e-01 3.336000e-03 3.294880e-01
275 6.665600e-01 3.328000e-03 3.301120e-01
276 6.659280e-01 3.344000e-03 3.307280e-01
277 6.653760e-01 3.312000e-03 3.313120e-01
278 6.648240e-01 3.264000e-03 3.319120e-01
279 6.642640e-01 3.224000e-03 3.325120e-01
280 6.637840e-01 3.176000e-03 3.330400e-01
281 6.632960e-01 3.180000e-03 3.335240e-01
282 6.627920e-01 3.104000e-03 3.341040e-01
283 6.622280e-01 3.056000e-03 3.347160e-01
284 6.616800e-01 3.068000e-03 3.352520e-01
285 6.610480e-01 3.156000e-03 3.357960e-01
286 6.604440e-01 3.132000e-03 3.364240e-01
287 6.599080e-01 3.060000e-03 3.370320e-01
288 6.593240e-01 3.156000e-03 3.375200e-01
289 6.586800e-01 3.220000e-03 3.381000e-01
290 6.582160e-01 3.076000e-03 3.387080e-01
291 6.576240e-01 3.096000e-03 3.392800e-01
292 6.570840e-01 3.064000e-03 3.398520e-01
293 6.565000e-01 3.108000e-03 3.403920e-01
294 6.560400e-01 3.060000e-03 3.409000e-01
295 6.556200e-01 2.980000e-03 3.414000e-01
296 6.551640e-01 2.964000e-03 3.418720e-01
297 6.546040e-01 2.992000e-03 3.424040e-01
298 6.540480e-01 3.012000e-03 3.429400e-01
299 6.536320e-01 2.984000e-03 3.433840e-01
300 6.530760e-01 3.084000e-03 3.438400e-01
301 6.525040e-01 3.072000e-03 3.444240e-01
302 6.519440e-01 3.132000e-03 3.449240e-01
303 6.513920e-01 3.108000e-03 3.455000e-01
304 6.507960e-01 3.188000e-03 3.460160e-01
305 6.501760e-01 3.212000e-03 3.466120e-01
306 6.495920e-01 3.244000e-03 3.471640e-01
307 6.491080e-01 3.148000e-03 3.477440e-01
308 6.485440e-01 3.128000e-03 3.483280e-01
309 6.479760e-01 3.088000e-03 3.489360e-01
310 6.474160e-01 3.168000e-03 3.494160e-01
311 6.469640e-01 3.120000e-03 3.499160e-01
312 6.464800e-01 3.108000e-03 3.504120e-01
313 6.459240e-01 3.172000e-03 3.509040e-01
314 6.454000e-01 3.104000e-03 3.514960e-01
315 6.449440e-01 2.980000e-03 3.520760e-01
316 6.444680e-01 2.972000e-03 3.525600e-01
317 6.438960e-01 3.080000e-03 3.530240e-01
318 6.435200e-01 2.928000e-03 3.535520e-01
319 6.430880e-01 2.896000e-03 3.540160e-01
320 6.426560e-01 2.892000e-03 3.544520e-01
321 6.422720e-01 2.760000e-03 3.549680e-01
322 6.418760e-01 2.704000e-03 3.554200e-01
323 6.414520e-01 2.644000e-03 3.559040e-01
324 6.411480e-01 2.488000e-03 3.563640e-01
325 6.407800e-01 2.424000e-03 3.567960e-01
326 6.404200e-01 2.368000e-03 3.572120e-01
327 6.400240e-01 2.380000e-03 3.575960e-01
328 6.396000e-01 2.364000e-03 3.580360e-01
329 6.391920e-01 2.384000e-03 3.584240e-01
330 6.387880e-01 2.388000e-03 3.588240e-01
331 6.383760e-01 2.364000e-03 3.592600e-01
332 6.379160e-01 2.444000e-03 3.596400e-01
333 6.374160e-01 2.516000e-03 3.600680e-01
334 6.370080e-01 2.508000e-03 3.604840e-01
335 6.365600e-01 2.564000e-03 3.608760e-01
336 6.362040e-01 2.496000e-03 3.613000e-01
337 6.357920e-01 2.492000e-03 3.617160e-01
338 6.353360e-01 2.548000e-03 3.621160e-01
339 6.349960e-01 2.476000e-03 3.625280e-01
340 6.346120e-01 2.376000e-03 3.630120e-01
341 6.343040e-01 2.232000e-03 3.634640e-01
342 6.339800e-01 2.232000e-03 3.637880e-01
343 6.336400e-01 2.188000e-03 3.641720e-01
344 6.333280e-01 2.112000e-03 3.645600e-01
345 6.330760e-01 2.060000e-03 3.648640e-01
346 6.327160e-01 2.068000e-03 3.652160e-01
347 6.323600e-01 2.108000e-03 3.655320e-01
348 6.320680e-01 1.996000e-03 3.659360e-01
349 6.317360e-01 1.908000e-03 3.663560e-01
350 6.313440e-01 1.936000e-03 3.667200e-01
351 6.310440e-01 1.932000e-03 3.670240e-01
352 6.306560e-01 1.952000e-03 3.673920e-01
353 6.302560e-01 2.004000e-03 3.677400e-01
354 6.299160e-01 1.988000e-03 3.680960e-01
355 6.295960e-01 1.920000e-03 3.684840e-01
356 6.293600e-01 1.860000e-03 3.687800e-01
357 6.290440e-01 1.804000e-03 3.691520e-01
358 6.287400e-01 1.808000e-03 3.694520e-01
359 6.284120e-01 1.796000e-03 3.697920e-01
360 6.280600e-01 1.792000e-03 3.701480e-01
361 6.277320e-01 1.772000e-03 3.704960e-01
362 6.273000e-01 1.844000e-03 3.708560e-01
363 6.269520e-01 1.864000e-03 3.711840e-01
364 6.265760e-01 1.932000e-03 3.714920e-01
365 6.262280e-01 1.912000e-03 3.718600e-01
366 6.258680e-01 1.964000e-03 3.721680e-01
367 6.255080e-01 1.988000e-03 3.725040e-01
368 6.251120e-01 2.020000e-03 3.728680e-01
369 6.248360e-01 1.928000e-03 3.732360e-01
370 6.245160e-01 1.908000e-03 3.735760e-01
371 6.242320e-01 1.856000e-03 3.739120e-01
372 6.239280e-01 1.848000e-03 3.742240e-01
373 6.236040e-01 1.860000e-03 3.745360e-01
374 6.232680e-01 1.848000e-03 3.748840e-01
375 6.230440e-01 1.704000e-03 3.752520e-01
376 6.228240e-01 1.648000e-03 3.755280e-01
377 6.225560e-01 1.600000e-03 3.758440e-01
378 6.223320e-01 1.548000e-03 3.761200e-01
379 6.219920e-01 1.568000e-03 3.764400e-01
380 6.216760e-01 1.632000e-03 3.766920e-01
381 6.213920e-01 1.648000e-03 3.769600e-01
382 6.210400e-01 1.704000e-03 3.772560e-01
383 6.207760e-01 1.696000e-03 3.775280e-01
384 6.205640e-01 1.624000e-03 3.778120e-01
385 6.203080e-01 1.612000e-03 3.780800e-01
386 6.200520e-01 1.580000e-03 3.783680e-01
387 6.197480e-01 1.588000e-03 3.786640e-01
388 6.194240e-01 1.628000e-03 3.789480e-01
389 6.191280e-01 1.668000e-03 3.792040e-01
390 6.189080e-01 1.592000e-03 3.795000e-01
391 6.186560e-01 1.536000e-03 3.798080e-01
392 6.184000e-01 1.548000e-03 3.800520e-01
393 6.181840e-01 1.496000e-03 3.803200e-01
394 6.179560e-01 1.416000e-03 3.806280e-01
395 6.177800e-01 1.316000e-03 3.809040e-01
396 6.175440e-01 1.356000e-03 3.811000e-01
397 6.172840e-01 1.336000e-03 3.813800e-01
398 6.170760e-01 1.336000e-03 3.815880e-01
399 6.168560e-01 1.304000e-03 3.818400e-01
400 6.166080e-01 1.224000e-03 3.821680e-01
401 6.164160e-01 1.188000e-03 3.823960e-01
402 6.161800e-01 1.260000e-03 3.825600e-01
403 6.159840e-01 1.260000e-03 3.827560e-01
404 6.157360e-01 1.312000e-03 3.829520e-01
405 6.154920e-01 1.336000e-03 3.831720e-01
406 6.152680e-01 1.348000e-03 3.833840e-01
407 6.150840e-01 1.364000e-03 3.835520e-01
408 6.148800e-01 1.316000e-03 3.838040e-01
409 6.145640e-01 1.392000e-03 3.840440e-01
410 6.143360e-01 1.404000e-03 3.842600e-01
411 6.141600e-01 1.304000e-03 3.845360e-01
412 6.139800e-01 1.240000e-03 3.847800e-01
413 6.137640e-01 1.204000e-03 3.850320e-01
414 6.135480e-01 1.228000e-03 3.852240e-01
415 6.133800e-01 1.172000e-03 3.854480e-01
416 6.132560e-01 1.096000e-03 3.856480e-01
417 6.130680e-01 1.060000e-03 3.858720e-01
418 6.129360e-01 1.032000e-03 3.860320e-01
419 6.127480e-01 1.044000e-03 3.862080e-01
420 6.125480e-01 1.096000e-03 3.863560e-01
421 6.123320e-01 1.136000e-03 3.865320e-01
422 6.121240e-01 1.156000e-03 3.867200e-01
423 6.119120e-01 1.172000e-03 3.869160e-01
424 6.117120e-01 1.168000e-03 3.871200e-01
425 6.115320e-01 1.132000e-03 3.873360e-01
426 6.113320e-01 1.136000e-03 3.875320e-01
427 6.111680e-01 1.112000e-03 3.877200e-01
428 6.109240e-01 1.128000e-03 3.879480e-01
429 6.107600e-01 1.088000e-03 3.881520e-01
430 6.105920e-01 1.020000e-03 3.883880e-01
431 6.104280e-01 1.012000e-03 3.885600e-01
432 6.102680e-01 1.020000e-03 3.887120e-01
433 6.101280e-01 9.800000e-04 3.888920e-01
434 6.099800e-01 9.320000e-04 3.890880e-01
435 6.098440e-01 9.240000e-04 3.892320e-01
436 6.096640e-01 9.560000e-04 3.893800e-01
437 6.095160e-01 9.160000e-04 3.895680e-01
438 6.093720e-01 8.880000e-04 3.897400e-01
439 6.092240e-01 8.560000e-04 3.899200e-01
440 6.090920e-01 8.200000e-04 3.900880e-01
441 6.089120e-01 8.240000e-04 3.902640e-01
442 6.087880e-01 7.760000e-04 3.904360e-01
443 6.086640e-01 7.480000e-04 3.905880e-01
444 6.085360e-01 7.200000e-04 3.907440e-01
445 6.084480e-01 6.680000e-04 3.908840e-01
446 6.083680e-01 6.160000e-04 3.910160e-01
447 6.082680e-01 6.120000e-04 3.911200e-01
448 6.081920e-01 5.680000e-04 3.912400e-01
449 6.081080e-01 5.760000e-04 3.913160e-01
450 6.080080e-01 5.840000e-04 3.914080e-01
451 6.079080e-01 5.920000e-04 3.915000e-01
452 6.078000e-01 6.120000e-04 3.915880e-01
453 6.077040e-01 6.120000e-04 3.916840e-01
454 6.076360e-01 5.800000e-04 3.917840e-01
455 6.076000e-01 5.440000e-04 3.918560e-01
456 6.075240e-01 5.320000e-04 3.919440e-01
457 6.075000e-01 4.520000e-04 3.920480e-01
458 6.074280e-01 4.600000e-04 3.921120e-01
459 6.073960e-01 4.240000e-04 3.921800e-01
460 6.073280e-01 4.200000e-04 3.922520e-01
461 6.073000e-01 3.680000e-04 3.923320e-01
462 6.072560e-01 3.600000e-04 3.923840e-01
463 6.072040e-01 3.400000e-04 3.924560e-01
464 6.071600e-01 3.080000e-04 3.925320e-01
465 6.070800e-01 3.640000e-04 3.925560e-01
466 6.070120e-01 3.720000e-04 3.926160e-01
467 6.069320e-01 3.920000e-04 3.926760e-01
468 6.068720e-01 3.800000e-04 3.927480e-01
469 6.067520e-01 4.600000e-04 3.927880e-01
470 6.066280e-01 5.000000e-04 3.928720e-01
471 6.064840e-01 5.680000e-04 3.929480e-01
472 6.063640e-01 6.240000e-04 3.930120e-01
473 6.062280e-01 6.320000e-04 3.931400e-01
474 6.061240e-01 6.200000e-04 3.932560e-01
475 6.059520e-01 6.960000e-04 3.933520e-01
476 6.058560e-01 6.720000e-04 3.934720e-01
477 6.057160e-01 6.560000e-04 3.936280e-01
478 6.055720e-01 6.840000e-04 3.937440e-01
479 6.054440e-01 7.120000e-04 3.938440e-01
480 6.052960e-01 7.440000e-04 3.939600e-01
481 6.052120e-01 6.920000e-04 3.940960e-01
482 6.050680e-01 7.400000e-04 3.941920e-01
483 6.049880e-01 6.800000e-04 3.943320e-01
484 6.048800e-01 6.720000e-04 3.944480e-01
485 6.047800e-01 6.720000e-04 3.945480e-01
486 6.047080e-01 6.000000e-04 3.946920e-01
487 6.046200e-01 5.640000e-04 3.948160e-01
488 6.045640e-01 5.160000e-04 3.949200e-01
489 6.044920e-01 5.080000e-04 3.950000e-01
490 6.043960e-01 5.000000e-04 3.951040e-01
491 6.043400e-01 4.720000e-04 3.951880e-01
492 6.042640e-01 4.640000e-04 3.952720e-01
493 6.041880e-01 4.880000e-04 3.953240e-01
494 6.040880e-01 5.240000e-04 3.953880e-01
495 6.039480e-01 5.800000e-04 3.954720e-01
496 6.038120e-01 5.760000e-04 3.956120e-01
497 6.037240e-01 5.720000e-04 3.957040e-01
498 6.036400e-01 5.600000e-04 3.958000e-01
499 6.035640e-01 5.320000e-04 3.959040e-01
500 6.035160e-01 5.000000e-04 3.959840e-01
