1 9.990240e-01 8.800000e-04 9.600000e-05
2 9.985120e-01 1.160000e-03 3.280000e-04
3 9.977440e-01 1.664000e-03 5.920000e-04
4 9.970040e-01 2.060000e-03 9.360000e-04
5 9.961720e-01 2.484000e-03 1.344000e-03
6 9.952360e-01 2.900000e-03 1.864000e-03
7 9.944680e-01 3.212000e-03 2.320000e-03
8 9.934600e-01 3.664000e-03 2.876000e-03
9 9.924040e-01 4.120000e-03 3.476000e-03
10 9.912800e-01 4.448000e-03 4.272000e-03
11 9.901520e-01 4.804000e-03 5.044000e-03
12 9.889480e-01 5.132000e-03 5.920000e-03
13 9.878240e-01 5.316000e-03 6.860000e-03
14 9.866000e-01 5.588000e-03 7.812000e-03
15 9.852120e-01 5.936000e-03 8.852000e-03
16 9.839840e-01 6.012000e-03 1.000400e-02
17 9.827960e-01 6.152000e-03 1.105200e-02
18 9.814800e-01 6.472000e-03 1.204800e-02
19 9.801680e-01 6.644000e-03 1.318800e-02
20 9.788960e-01 6.732000e-03 1.437200e-02
21 9.774880e-01 7.084000e-03 1.542800e-02
22 9.761360e-01 7.200000e-03 1.666400e-02
23 9.744960e-01 7.504000e-03 1.800000e-02
24 9.728880e-01 7.724000e-03 1.938800e-02
25 9.712680e-01 7.892000e-03 2.084000e-02
26 9.698920e-01 7.924000e-03 2.218400e-02
27 9.683560e-01 8.044000e-03 2.360000e-02
28 9.667640e-01 8.200000e-03 2.503600e-02
29 9.652960e-01 8.232000e-03 2.647200e-02
30 9.637960e-01 8.256000e-03 2.794800e-02
31 9.624280e-01 8.248000e-03 2.932400e-02
32 9.609080e-01 8.188000e-03 3.090400e-02
33 9.593040e-01 8.332000e-03 3.236400e-02
34 9.578080e-01 8.332000e-03 3.386000e-02
35 9.561520e-01 8.508000e-03 3.534000e-02
36 9.546640e-01 8.588000e-03 3.674800e-02
37 9.530880e-01 8.600000e-03 3.831200e-02
38 9.517200e-01 8.516000e-03 3.976400e-02
39 9.499480e-01 8.692000e-03 4.136000e-02
40 9.482920e-01 8.832000e-03 4.287600e-02
41 9.466440e-01 8.980000e-03 4.437600e-02
42 9.450400e-01 9.016000e-03 4.594400e-02
43 9.433760e-01 9.236000e-03 4.738800e-02
44 9.416560e-01 9.328000e-03 4.901600e-02
45 9.399320e-01 9.508000e-03 5.056000e-02
46 9.380880e-01 9.608000e-03 5.230400e-02
47 9.363120e-01 9.676000e-03 5.401200e-02
48 9.345880e-01 9.716000e-03 5.569600e-02
49 9.329040e-01 9.560000e-03 5.753600e-02
50 9.312320e-01 9.704000e-03 5.906400e-02
51 9.294240e-01 9.816000e-03 6.076000e-02
52 9.277760e-01 9.696000e-03 6.252800e-02
53 9.259560e-01 9.924000e-03 6.412000e-02
54 9.240280e-01 1.015200e-02 6.582000e-02
55 9.219520e-01 1.049600e-02 6.755200e-02
56 9.198800e-01 1.081600e-02 6.930400e-02
57 9.179840e-01 1.074000e-02 7.127600e-02
58 9.159760e-01 1.093600e-02 7.308800e-02
59 9.141520e-01 1.085200e-02 7.499600e-02
60 9.123520e-01 1.082000e-02 7.682800e-02
61 9.105160e-01 1.071200e-02 7.877200e-02
62 9.086600e-01 1.074400e-02 8.059600e-02
63 9.068760e-01 1.062800e-02 8.249600e-02
64 9.050160e-01 1.066400e-02 8.432000e-02
65 9.031200e-01 1.088000e-02 8.600000e-02
66 9.011400e-01 1.086400e-02 8.799600e-02
67 8.993320e-01 1.080400e-02 8.986400e-02
68 8.974520e-01 1.077600e-02 9.177200e-02
69 8.956240e-01 1.080000e-02 9.357600e-02
70 8.938000e-01 1.072400e-02 9.547600e-02
71 8.917840e-01 1.095200e-02 9.726400e-02
72 8.898080e-01 1.094000e-02 9.925200e-02
73 8.879880e-01 1.095200e-02 1.010600e-01
74 8.860480e-01 1.096000e-02 1.029920e-01
75 8.841560e-01 1.105600e-02 1.047880e-01
76 8.821720e-01 1.111200e-02 1.067160e-01
77 8.803560e-01 1.092400e-02 1.087200e-01
78 8.783920e-01 1.093600e-02 1.106720e-01
79 8.765160e-01 1.086400e-02 1.126200e-01
80 8.746320e-01 1.094000e-02 1.144280e-01
81 8.726960e-01 1.100400e-02 1.163000e-01
82 8.707680e-01 1.104000e-02 1.181920e-01
83 8.689920e-01 1.086000e-02 1.201480e-01
84 8.672640e-01 1.076400e-02 1.219720e-01
85 8.654680e-01 1.073200e-02 1.238000e-01
86 8.639680e-01 1.033200e-02 1.257000e-01
87 8.623520e-01 1.020000e-02 1.274480e-01
88 8.605720e-01 1.029200e-02 1.291360e-01
89 8.590120e-01 1.014800e-02 1.308400e-01
90 8.573560e-01 1.019600e-02 1.324480e-01
91 8.555760e-01 1.013600e-02 1.342880e-01
92 8.538680e-01 1.007200e-02 1.360600e-01
93 8.520440e-01 1.015200e-02 1.378040e-01
94 8.503200e-01 1.007600e-02 1.396040e-01
95 8.485240e-01 1.015200e-02 1.413240e-01
96 8.468640e-01 1.000000e-02 1.431360e-01
97 8.451160e-01 1.005600e-02 1.448280e-01
98 8.434280e-01 9.960000e-03 1.466120e-01
99 8.417120e-01 1.003600e-02 1.482520e-01
100 8.399600e-01 1.012400e-02 1.499160e-01
101 8.382200e-01 1.010000e-02 1.516800e-01
102 8.367200e-01 9.876000e-03 1.534040e-01
103 8.350120e-01 9.888000e-03 1.551000e-01
104 8.333400e-01 9.868000e-03 1.567920e-01
105 8.318520e-01 9.616000e-03 1.585320e-01
106 8.302840e-01 9.484000e-03 1.602320e-01
107 8.285760e-01 9.588000e-03 1.618360e-01
108 8.269680e-01 9.512000e-03 1.635200e-01
109 8.253080e-01 9.436000e-03 1.652560e-01
110 8.235760e-01 9.592000e-03 1.668320e-01
111 8.219800e-01 9.432000e-03 1.685880e-01
112 8.203680e-01 9.444000e-03 1.701880e-01
113 8.188200e-01 9.404000e-03 1.717760e-01
114 8.172480e-01 9.352000e-03 1.734000e-01
115 8.154960e-01 9.384000e-03 1.751200e-01
116 8.137840e-01 9.480000e-03 1.767360e-01
117 8.122840e-01 9.380000e-03 1.783360e-01
118 8.107840e-01 9.256000e-03 1.799600e-01
119 8.091080e-01 9.244000e-03 1.816480e-01
120 8.076320e-01 9.104000e-03 1.832640e-01
121 8.061120e-01 8.964000e-03 1.849240e-01
122 8.045240e-01 9.044000e-03 1.864320e-01
123 8.029240e-01 9.020000e-03 1.880560e-01
124 8.015280e-01 8.736000e-03 1.897360e-01
125 8.000360e-01 8.824000e-03 1.911400e-01
126 7.985920e-01 8.740000e-03 1.926680e-01
127 7.971080e-01 8.664000e-03 1.942280e-01
128 7.955680e-01 8.604000e-03 1.958280e-01
129 7.939920e-01 8.580000e-03 1.974280e-01
130 7.925640e-01 8.540000e-03 1.988960e-01
131 7.913120e-01 8.336000e-03 2.003520e-01
132 7.899840e-01 8.172000e-03 2.018440e-01
133 7.887120e-01 8.024000e-03 2.032640e-01
134 7.875000e-01 7.872000e-03 2.046280e-01
135 7.862520e-01 7.736000e-03 2.060120e-01
136 7.848080e-01 7.816000e-03 2.073760e-01
137 7.834120e-01 7.860000e-03 2.087280e-01
138 7.820160e-01 7.840000e-03 2.101440e-01
139 7.806480e-01 7.776000e-03 2.115760e-01
140 7.794760e-01 7.600000e-03 2.129240e-01
141 7.782560e-01 7.508000e-03 2.142360e-01
142 7.770200e-01 7.404000e-03 2.155760e-01
143 7.758840e-01 7.200000e-03 2.169160e-01
144 7.745800e-01 7.380000e-03 2.180400e-01
145 7.734160e-01 7.184000e-03 2.194000e-01
146 7.722440e-01 7.140000e-03 2.206160e-01
147 7.711760e-01 6.980000e-03 2.218440e-01
148 7.701360e-01 6.940000e-03 2.229240e-01
149 7.690120e-01 6.856000e-03 2.241320e-01
150 7.678920e-01 6.704000e-03 2.254040e-01
151 7.668360e-01 6.624000e-03 2.265400e-01
152 7.657760e-01 6.512000e-03 2.277120e-01
153 7.648040e-01 6.288000e-03 2.289080e-01
154 7.637960e-01 6.240000e-03 2.299640e-01
155 7.628000e-01 6.044000e-03 2.311560e-01
156 7.617600e-01 6.044000e-03 2.321960e-01
157 7.607200e-01 6.040000e-03 2.332400e-01
158 7.597560e-01 5.948000e-03 2.342960e-01
159 7.587920e-01 5.884000e-03 2.353240e-01
160 7.578800e-01 5.832000e-03 2.362880e-01
161 7.569520e-01 5.800000e-03 2.372480e-01
162 7.558800e-01 5.772000e-03 2.383480e-01
163 7.548560e-01 5.804000e-03 2.393400e-01
164 7.539160e-01 5.700000e-03 2.403840e-01
165 7.529120e-01 5.716000e-03 2.413720e-01
166 7.519160e-01 5.792000e-03 2.422920e-01
167 7.508400e-01 5.892000e-03 2.432680e-01
168 7.498400e-01 5.900000e-03 2.442600e-01
169 7.489440e-01 5.704000e-03 2.453520e-01
170 7.480280e-01 5.680000e-03 2.462920e-01
171 7.470600e-01 5.640000e-03 2.473000e-01
172 7.462040e-01 5.512000e-03 2.482840e-01
173 7.452720e-01 5.452000e-03 2.492760e-01
174 7.442320e-01 5.580000e-03 2.501880e-01
175 7.431800e-01 5.692000e-03 2.511280e-01
176 7.420200e-01 5.856000e-03 2.521240e-01
177 7.409760e-01 5.972000e-03 2.530520e-01
178 7.399040e-01 5.956000e-03 2.541400e-01
179 7.388920e-01 5.956000e-03 2.551520e-01
180 7.377160e-01 6.020000e-03 2.562640e-01
181 7.366400e-01 5.948000e-03 2.574120e-01
182 7.356000e-01 6.024000e-03 2.583760e-01
183 7.345480e-01 6.028000e-03 2.594240e-01
184 7.335560e-01 6.028000e-03 2.604160e-01
185 7.325880e-01 5.828000e-03 2.615840e-01
186 7.316680e-01 5.824000e-03 2.625080e-01
187 7.306160e-01 5.808000e-03 2.635760e-01
188 7.296360e-01 5.808000e-03 2.645560e-01
189 7.286600e-01 5.824000e-03 2.655160e-01
190 7.278120e-01 5.764000e-03 2.664240e-01
191 7.267320e-01 5.832000e-03 2.674360e-01
192 7.256760e-01 5.724000e-03 2.686000e-01
193 7.245600e-01 5.924000e-03 2.695160e-01
194 7.235960e-01 5.864000e-03 2.705400e-01
195 7.225320e-01 5.928000e-03 2.715400e-01
196 7.214400e-01 5.952000e-03 2.726080e-01
197 7.204160e-01 5.964000e-03 2.736200e-01
198 7.193000e-01 6.044000e-03 2.746560e-01
199 7.183040e-01 6.000000e-03 2.756960e-01
200 7.172280e-01 5.924000e-03 2.768480e-01
201 7.162040e-01 5.788000e-03 2.780080e-01
202 7.151360e-01 5.816000e-03 2.790480e-01
203 7.140920e-01 5.868000e-03 2.800400e-01
204 7.129800e-01 6.044000e-03 2.809760e-01
205 7.118360e-01 6.128000e-03 2.820360e-01
206 7.107080e-01 6.156000e-03 2.831360e-01
207 7.095080e-01 6.256000e-03 2.842360e-01
208 7.085480e-01 6.108000e-03 2.853440e-01
209 7.074680e-01 6.136000e-03 2.863960e-01
210 7.063280e-01 6.244000e-03 2.874280e-01
211 7.050920e-01 6.396000e-03 2.885120e-01
212 7.040080e-01 6.312000e-03 2.896800e-01
213 7.027400e-01 6.424000e-03 2.908360e-01
214 7.015920e-01 6.436000e-03 2.919720e-01
215 7.005720e-01 6.276000e-03 2.931520e-01
216 6.995760e-01 6.136000e-03 2.942880e-01
217 6.984280e-01 6.100000e-03 2.954720e-01
218 6.974360e-01 6.040000e-03 2.965240e-01
219 6.964960e-01 5.968000e-03 2.975360e-01
220 6.954480e-01 5.960000e-03 2.985920e-01
221 6.944440e-01 5.908000e-03 2.996480e-01
222 6.934480e-01 5.872000e-03 3.006800e-01
223 6.923880e-01 5.916000e-03 3.016960e-01
224 6.912840e-01 5.964000e-03 3.027520e-01
225 6.901400e-01 6.084000e-03 3.037760e-01
226 6.891480e-01 6.172000e-03 3.046800e-01
227 6.880080e-01 6.136000e-03 3.058560e-01
228 6.869160e-01 6.072000e-03 3.070120e-01
229 6.861240e-01 5.732000e-03 3.081440e-01
230 6.850880e-01 5.880000e-03 3.090320e-01
231 6.840480e-01 5.928000e-03 3.100240e-01
232 6.830920e-01 5.780000e-03 3.111280e-01
233 6.821880e-01 5.636000e-03 3.121760e-01
234 6.813240e-01 5.532000e-03 3.131440e-01
235 6.803560e-01 5.564000e-03 3.140800e-01
236 6.794520e-01 5.520000e-03 3.150280e-01
237 6.786880e-01 5.372000e-03 3.159400e-01
238 6.777400e-01 5.412000e-03 3.168480e-01
239 6.768200e-01 5.380000e-03 3.178000e-01
240 6.759280e-01 5.324000e-03 3.187480e-01
241 6.751000e-01 5.256000e-03 3.196440e-01
242 6.743160e-01 5.136000e-03 3.205480e-01
243 6.734120e-01 5.196000e-03 3.213920e-01
244 6.725400e-01 5.180000e-03 3.222800e-01
245 6.716280e-01 5.144000e-03 3.232280e-01
246 6.707520e-01 5.108000e-03 3.241400e-01
247 6.699760e-01 5.036000e-03 3.249880e-01
248 6.690400e-01 5.028000e-03 3.259320e-01
249 6.680840e-01 5.044000e-03 3.268720e-01
250 6.672000e-01 5.036000e-03 3.277640e-01
251 6.662280e-01 5.164000e-03 3.286080e-01
252 6.653720e-01 5.144000e-03 3.294840e-01
253 6.645400e-01 5.096000e-03 3.303640e-01
254 6.636240e-01 5.116000e-03 3.312600e-01
255 6.627320e-01 5.176000e-03 3.320920e-01
256 6.618960e-01 5.152000e-03 3.329520e-01
257 6.611240e-01 4.940000e-03 3.339360e-01
258 6.603080e-01 4.840000e-03 3.348520e-01
259 6.594000e-01 4.920000e-03 3.356800e-01
260 6.585560e-01 4.944000e-03 3.365000e-01
261 6.577280e-01 4.916000e-03 3.373560e-01
262 6.568040e-01 5.012000e-03 3.381840e-01
263 6.558880e-01 5.028000e-03 3.390840e-01
264 6.550040e-01 4.992000e-03 3.400040e-01
265 6.542320e-01 4.908000e-03 3.408600e-01
266 6.533240e-01 4.968000e-03 3.417080e-01
267 6.525200e-01 4.896000e-03 3.425840e-01
268 6.517800e-01 4.712000e-03 3.435080e-01
269 6.509760e-01 4.620000e-03 3.444040e-01
270 6.502320e-01 4.648000e-03 3.451200e-01
271 6.494600e-01 4.652000e-03 3.458880e-01
272 6.487000e-01 4.616000e-03 3.466840e-01
273 6.479880e-01 4.484000e-03 3.475280e-01
274 6.473200e-01 4.456000e-03 3.482240e-01
275 6.465560e-01 4.452000e-03 3.489920e-01
276 6.458240e-01 4.340000e-03 3.498360e-01
277 6.450800e-01 4.328000e-03 3.505920e-01
278 6.443600e-01 4.320000e-03 3.513200e-01
279 6.435480e-01 4.436000e-03 3.520160e-01
280 6.428640e-01 4.396000e-03 3.527400e-01
281 6.421680e-01 4.360000e-03 3.534720e-01
282 6.414440e-01 4.352000e-03 3.542040e-01
283 6.407880e-01 4.188000e-03 3.550240e-01
284 6.401760e-01 4.124000e-03 3.557000e-01
285 6.394200e-01 4.144000e-03 3.564360e-01
286 6.387280e-01 4.196000e-03 3.570760e-01
287 6.379800e-01 4.236000e-03 3.577840e-01
288 6.373720e-01 4.060000e-03 3.585680e-01
289 6.365560e-01 4.232000e-03 3.592120e-01
290 6.358320e-01 4.208000e-03 3.599600e-01
291 6.350160e-01 4.320000e-03 3.606640e-01
292 6.344040e-01 4.224000e-03 3.613720e-01
293 6.336880e-01 4.180000e-03 3.621320e-01
294 6.330240e-01 4.060000e-03 3.629160e-01
295 6.322720e-01 4.100000e-03 3.636280e-01
296 6.315680e-01 4.136000e-03 3.642960e-01
297 6.308160e-01 4.156000e-03 3.650280e-01
298 6.300520e-01 4.148000e-03 3.658000e-01
299 6.292080e-01 4.172000e-03 3.666200e-01
300 6.284320e-01 4.180000e-03 3.673880e-01
301 6.276240e-01 4.200000e-03 3.681760e-01
302 6.269720e-01 4.088000e-03 3.689400e-01
303 6.263480e-01 3.864000e-03 3.697880e-01
304 6.256360e-01 3.772000e-03 3.705920e-01
305 6.249520e-01 3.776000e-03 3.712720e-01
306 6.241600e-01 3.936000e-03 3.719040e-01
307 6.233880e-01 4.068000e-03 3.725440e-01
308 6.227120e-01 4.036000e-03 3.732520e-01
309 6.220600e-01 4.056000e-03 3.738840e-01
310 6.214800e-01 3.900000e-03 3.746200e-01
311 6.208800e-01 3.784000e-03 3.753360e-01
312 6.203080e-01 3.672000e-03 3.760200e-01
313 6.197120e-01 3.712000e-03 3.765760e-01
314 6.191360e-01 3.668000e-03 3.771960e-01
315 6.185040e-01 3.668000e-03 3.778280e-01
316 6.178680e-01 3.648000e-03 3.784840e-01
317 6.171480e-01 3.772000e-03 3.790800e-01
318 6.165960e-01 3.672000e-03 3.797320e-01
319 6.159240e-01 3.744000e-03 3.803320e-01
320 6.152680e-01 3.756000e-03 3.809760e-01
321 6.146400e-01 3.652000e-03 3.817080e-01
322 6.139240e-01 3.752000e-03 3.823240e-01
323 6.132520e-01 3.752000e-03 3.829960e-01
324 6.126000e-01 3.696000e-03 3.837040e-01
325 6.119520e-01 3.712000e-03 3.843360e-01
326 6.113080e-01 3.716000e-03 3.849760e-01
327 6.106200e-01 3.740000e-03 3.856400e-01
328 6.099200e-01 3.788000e-03 3.862920e-01
329 6.093640e-01 3.616000e-03 3.870200e-01
330 6.087080e-01 3.616000e-03 3.876760e-01
331 6.081280e-01 3.480000e-03 3.883920e-01
332 6.076240e-01 3.336000e-03 3.890400e-01
333 6.071560e-01 3.216000e-03 3.896280e-01
334 6.067320e-01 3.036000e-03 3.902320e-01
335 6.062760e-01 2.984000e-03 3.907400e-01
336 6.058840e-01 2.896000e-03 3.912200e-01
337 6.054600e-01 2.860000e-03 3.916800e-01
338 6.050160e-01 2.856000e-03 3.921280e-01
339 6.045160e-01 2.876000e-03 3.926080e-01
340 6.039840e-01 2.976000e-03 3.930400e-01
341 6.035320e-01 2.964000e-03 3.935040e-01
342 6.030640e-01 2.980000e-03 3.939560e-01
343 6.025960e-01 2.960000e-03 3.944440e-01
344 6.022760e-01 2.744000e-03 3.949800e-01
345 6.019040e-01 2.664000e-03 3.954320e-01
346 6.014800e-01 2.704000e-03 3.958160e-01
347 6.010680e-01 2.576000e-03 3.963560e-01
348 6.007000e-01 2.440000e-03 3.968600e-01
349 6.003560e-01 2.388000e-03 3.972560e-01
350 5.999520e-01 2.352000e-03 3.976960e-01
351 5.995920e-01 2.336000e-03 3.980720e-01
352 5.992560e-01 2.188000e-03 3.985560e-01
353 5.989040e-01 2.172000e-03 3.989240e-01
354 5.985080e-01 2.232000e-03 3.992600e-01
355 5.980760e-01 2.340000e-03 3.995840e-01
356 5.976160e-01 2.376000e-03 4.000080e-01
357 5.971280e-01 2.456000e-03 4.004160e-01
358 5.967200e-01 2.412000e-03 4.008680e-01
359 5.962960e-01 2.496000e-03 4.012080e-01
360 5.959040e-01 2.508000e-03 4.015880e-01
361 5.955480e-01 2.428000e-03 4.020240e-01
362 5.952320e-01 2.332000e-03 4.024360e-01
363 5.949160e-01 2.280000e-03 4.028040e-01
364 5.945440e-01 2.308000e-03 4.031480e-01
365 5.941520e-01 2.324000e-03 4.035240e-01
366 5.937520e-01 2.268000e-03 4.039800e-01
367 5.933160e-01 2.184000e-03 4.045000e-01
368 5.929680e-01 2.192000e-03 4.048400e-01
369 5.925800e-01 2.272000e-03 4.051480e-01
370 5.922240e-01 2.228000e-03 4.055480e-01
371 5.919080e-01 2.120000e-03 4.059720e-01
372 5.915160e-01 2.108000e-03 4.063760e-01
373 5.911000e-01 2.184000e-03 4.067160e-01
374 5.907960e-01 2.088000e-03 4.071160e-01
375 5.904640e-01 2.064000e-03 4.074720e-01
376 5.900920e-01 2.104000e-03 4.078040e-01
377 5.897880e-01 2.032000e-03 4.081800e-01
378 5.895200e-01 1.944000e-03 4.085360e-01
379 5.892480e-01 1.940000e-03 4.088120e-01
380 5.889240e-01 2.020000e-03 4.090560e-01
381 5.885200e-01 2.144000e-03 4.093360e-01
382 5.882360e-01 2.052000e-03 4.097120e-01
383 5.879560e-01 1.952000e-03 4.100920e-01
384 5.876160e-01 2.048000e-03 4.103360e-01
385 5.873080e-01 1.948000e-03 4.107440e-01
386 5.869800e-01 1.968000e-03 4.110520e-01
387 5.866720e-01 1.976000e-03 4.113520e-01
388 5.862200e-01 2.096000e-03 4.116840e-01
389 5.859240e-01 1.980000e-03 4.120960e-01
390 5.854720e-01 2.160000e-03 4.123680e-01
391 5.850520e-01 2.248000e-03 4.127000e-01
392 5.846080e-01 2.264000e-03 4.131280e-01
393 5.841600e-01 2.292000e-03 4.135480e-01
394 5.837640e-01 2.268000e-03 4.139680e-01
395 5.833480e-01 2.260000e-03 4.143920e-01
396 5.828760e-01 2.316000e-03 4.148080e-01
397 5.824840e-01 2.296000e-03 4.152200e-01
398 5.820040e-01 2.312000e-03 4.156840e-01
399 5.815280e-01 2.372000e-03 4.161000e-01
400 5.811280e-01 2.344000e-03 4.165280e-01
401 5.807440e-01 2.376000e-03 4.168800e-01
402 5.803160e-01 2.376000e-03 4.173080e-01
403 5.800440e-01 2.264000e-03 4.176920e-01
404 5.797040e-01 2.316000e-03 4.179800e-01
405 5.792960e-01 2.332000e-03 4.183720e-01
406 5.789560e-01 2.200000e-03 4.188440e-01
407 5.785560e-01 2.232000e-03 4.192120e-01
408 5.781600e-01 2.264000e-03 4.195760e-01
409 5.777560e-01 2.240000e-03 4.200040e-01
410 5.773840e-01 2.192000e-03 4.204240e-01
411 5.770160e-01 2.192000e-03 4.207920e-01
412 5.765960e-01 2.204000e-03 4.212000e-01
413 5.762160e-01 2.272000e-03 4.215120e-01
414 5.758280e-01 2.304000e-03 4.218680e-01
415 5.755320e-01 2.288000e-03 4.221800e-01
416 5.751840e-01 2.228000e-03 4.225880e-01
417 5.748240e-01 2.160000e-03 4.230160e-01
418 5.745120e-01 2.084000e-03 4.234040e-01
419 5.741600e-01 2.132000e-03 4.237080e-01
420 5.738320e-01 2.128000e-03 4.240400e-01
421 5.735200e-01 2.140000e-03 4.243400e-01
422 5.731720e-01 2.124000e-03 4.247040e-01
423 5.727840e-01 2.120000e-03 4.250960e-01
424 5.724160e-01 2.076000e-03 4.255080e-01
425 5.720400e-01 2.096000e-03 4.258640e-01
426 5.716320e-01 2.068000e-03 4.263000e-01
427 5.712400e-01 2.116000e-03 4.266440e-01
428 5.709240e-01 2.060000e-03 4.270160e-01
429 5.705840e-01 2.060000e-03 4.273560e-01
430 5.702120e-01 2.084000e-03 4.277040e-01
431 5.698760e-01 2.072000e-03 4.280520e-01
432 5.695400e-01 2.040000e-03 4.284200e-01
433 5.692400e-01 2.008000e-03 4.287520e-01
434 5.689080e-01 1.900000e-03 4.291920e-01
435 5.685000e-01 2.008000e-03 4.294920e-01
436 5.681880e-01 1.972000e-03 4.298400e-01
437 5.678560e-01 2.012000e-03 4.301320e-01
438 5.675400e-01 1.984000e-03 4.304760e-01
439 5.672040e-01 1.956000e-03 4.308400e-01
440 5.667840e-01 1.964000e-03 4.312520e-01
441 5.664000e-01 1.984000e-03 4.316160e-01
442 5.660480e-01 1.972000e-03 4.319800e-01
443 5.657600e-01 1.880000e-03 4.323600e-01
444 5.655000e-01 1.792000e-03 4.327080e-01
445 5.652880e-01 1.708000e-03 4.330040e-01
446 5.649880e-01 1.720000e-03 4.332920e-01
447 5.647000e-01 1.700000e-03 4.336000e-01
448 5.644120e-01 1.684000e-03 4.339040e-01
449 5.641040e-01 1.688000e-03 4.342080e-01
450 5.637720e-01 1.728000e-03 4.345000e-01
451 5.634280e-01 1.744000e-03 4.348280e-01
452 5.630640e-01 1.744000e-03 4.351920e-01
453 5.627200e-01 1.792000e-03 4.354880e-01
454 5.623320e-01 1.856000e-03 4.358120e-01
455 5.620840e-01 1.828000e-03 4.360880e-01
456 5.618440e-01 1.796000e-03 4.363600e-01
457 5.615280e-01 1.784000e-03 4.366880e-01
458 5.612320e-01 1.712000e-03 4.370560e-01
459 5.608800e-01 1.740000e-03 4.373800e-01
460 5.605760e-01 1.744000e-03 4.376800e-01
461 5.603200e-01 1.712000e-03 4.379680e-01
462 5.600720e-01 1.644000e-03 4.382840e-01
463 5.598840e-01 1.564000e-03 4.385520e-01
464 5.595880e-01 1.572000e-03 4.388400e-01
465 5.592880e-01 1.636000e-03 4.390760e-01
466 5.590640e-01 1.564000e-03 4.393720e-01
467 5.588000e-01 1.572000e-03 4.396280e-01
468 5.585760e-01 1.540000e-03 4.398840e-01
469 5.583520e-01 1.520000e-03 4.401280e-01
470 5.581360e-01 1.496000e-03 4.403680e-01
471 5.579480e-01 1.460000e-03 4.405920e-01
472 5.577880e-01 1.368000e-03 4.408440e-01
473 5.576440e-01 1.312000e-03 4.410440e-01
474 5.574880e-01 1.280000e-03 4.412320e-01
475 5.573400e-01 1.232000e-03 4.414280e-01
476 5.572280e-01 1.172000e-03 4.416000e-01
477 5.571000e-01 1.080000e-03 4.418200e-01
478 5.569520e-01 1.040000e-03 4.420080e-01
479 5.567840e-01 9.880000e-04 4.422280e-01
480 5.566720e-01 9.400000e-04 4.423880e-01
481 5.565160e-01 9.320000e-04 4.425520e-01
482 5.562960e-01 9.960000e-04 4.427080e-01
483 5.561000e-01 1.044000e-03 4.428560e-01
484 5.559160e-01 1.060000e-03 4.430240e-01
485 5.557320e-01 1.088000e-03 4.431800e-01
486 5.555160e-01 1.124000e-03 4.433600e-01
487 5.553360e-01 1.056000e-03 4.436080e-01
488 5.551520e-01 1.032000e-03 4.438160e-01
489 5.549920e-01 1.028000e-03 4.439800e-01
490 5.548160e-01 1.000000e-03 4.441840e-01
491 5.547040e-01 9.120000e-04 4.443840e-01
492 5.545240e-01 9.240000e-04 4.445520e-01
493 5.543320e-01 9.320000e-04 4.447360e-01
494 5.541920e-01 8.680000e-04 4.449400e-01
495 5.540200e-01 9.040000e-04 4.450760e-01
496 5.538800e-01 8.720000e-04 4.452480e-01
497 5.537800e-01 8.480000e-04 4.453720e-01
498 5.536520e-01 8.160000e-04 4.455320e-01
499 5.535840e-01 7.200000e-04 4.456960e-01
500 5.534440e-01 7.320000e-04 4.458240e-01
