1 9.992360e-01 6.720000e-04 9.200000e-05
2 9.987000e-01 1.064000e-03 2.360000e-04
3 9.980120e-01 1.504000e-03 4.840000e-04
4 9.973200e-01 1.884000e-03 7.960000e-04
5 9.964840e-01 2.276000e-03 1.240000e-03
6 9.956000e-01 2.776000e-03 1.624000e-03
7 9.946960e-01 3.148000e-03 2.156000e-03
8 9.937600e-01 3.556000e-03 2.684000e-03
9 9.927480e-01 3.980000e-03 3.272000e-03
10 9.917480e-01 4.272000e-03 3.980000e-03
11 9.907680e-01 4.516000e-03 4.716000e-03
12 9.898160e-01 4.668000e-03 5.516000e-03
13 9.887800e-01 4.824000e-03 6.396000e-03
14 9.876560e-01 5.080000e-03 7.264000e-03
15 9.864640e-01 5.388000e-03 8.148000e-03
16 9.852560e-01 5.604000e-03 9.140000e-03
17 9.840640e-01 5.808000e-03 1.012800e-02
18 9.827880e-01 6.056000e-03 1.115600e-02
19 9.815520e-01 6.260000e-03 1.218800e-02
20 9.800680e-01 6.520000e-03 1.341200e-02
21 9.788800e-01 6.428000e-03 1.469200e-02
22 9.774240e-01 6.724000e-03 1.585200e-02
23 9.759040e-01 6.944000e-03 1.715200e-02
24 9.744920e-01 7.272000e-03 1.823600e-02
25 9.730200e-01 7.412000e-03 1.956800e-02
26 9.716960e-01 7.356000e-03 2.094800e-02
27 9.702920e-01 7.356000e-03 2.235200e-02
28 9.687680e-01 7.640000e-03 2.359200e-02
29 9.672040e-01 7.780000e-03 2.501600e-02
30 9.656080e-01 8.028000e-03 2.636400e-02
31 9.640080e-01 8.112000e-03 2.788000e-02
32 9.625440e-01 8.136000e-03 2.932000e-02
33 9.609000e-01 8.376000e-03 3.072400e-02
34 9.593640e-01 8.452000e-03 3.218400e-02
35 9.577320e-01 8.620000e-03 3.364800e-02
36 9.560920e-01 8.704000e-03 3.520400e-02
37 9.543400e-01 8.956000e-03 3.670400e-02
38 9.527520e-01 8.872000e-03 3.837600e-02
39 9.509880e-01 9.140000e-03 3.987200e-02
40 9.492720e-01 9.272000e-03 4.145600e-02
41 9.474800e-01 9.532000e-03 4.298800e-02
42 9.457720e-01 9.516000e-03 4.471200e-02
43 9.441040e-01 9.472000e-03 4.642400e-02
44 9.423040e-01 9.620000e-03 4.807600e-02
45 9.404880e-01 9.680000e-03 4.983200e-02
46 9.387760e-01 9.720000e-03 5.150400e-02
47 9.370680e-01 9.716000e-03 5.321600e-02
48 9.353040e-01 9.808000e-03 5.488800e-02
49 9.336400e-01 9.816000e-03 5.654400e-02
50 9.318960e-01 9.756000e-03 5.834800e-02
51 9.301600e-01 9.776000e-03 6.006400e-02
52 9.283680e-01 9.988000e-03 6.164400e-02
53 9.265240e-01 1.007200e-02 6.340400e-02
54 9.247640e-01 1.004400e-02 6.519200e-02
55 9.228120e-01 1.014400e-02 6.704400e-02
56 9.210120e-01 1.011600e-02 6.887200e-02
57 9.191840e-01 1.015200e-02 7.066400e-02
58 9.173880e-01 1.022400e-02 7.238800e-02
59 9.156760e-01 1.018400e-02 7.414000e-02
60 9.138560e-01 1.025200e-02 7.589200e-02
61 9.120600e-01 1.043200e-02 7.750800e-02
62 9.102480e-01 1.041600e-02 7.933600e-02
63 9.085040e-01 1.044000e-02 8.105600e-02
64 9.065480e-01 1.043200e-02 8.302000e-02
65 9.048000e-01 1.039200e-02 8.480800e-02
66 9.030760e-01 1.041600e-02 8.650800e-02
67 9.012440e-01 1.046400e-02 8.829200e-02
68 8.994200e-01 1.039600e-02 9.018400e-02
69 8.975200e-01 1.057600e-02 9.190400e-02
70 8.957160e-01 1.055200e-02 9.373200e-02
71 8.939560e-01 1.065200e-02 9.539200e-02
72 8.921480e-01 1.057600e-02 9.727600e-02
73 8.903920e-01 1.048400e-02 9.912400e-02
74 8.886120e-01 1.046400e-02 1.009240e-01
75 8.866960e-01 1.055600e-02 1.027480e-01
76 8.848360e-01 1.052000e-02 1.046440e-01
77 8.829640e-01 1.067200e-02 1.063640e-01
78 8.810320e-01 1.086000e-02 1.081080e-01
79 8.790320e-01 1.091200e-02 1.100560e-01
80 8.771760e-01 1.088800e-02 1.119360e-01
81 8.752760e-01 1.086800e-02 1.138560e-01
82 8.733600e-01 1.099600e-02 1.156440e-01
83 8.715360e-01 1.084400e-02 1.176200e-01
84 8.697160e-01 1.056400e-02 1.197200e-01
85 8.679960e-01 1.052000e-02 1.214840e-01
86 8.661480e-01 1.042400e-02 1.234280e-01
87 8.642720e-01 1.047600e-02 1.252520e-01
88 8.623880e-01 1.048800e-02 1.271240e-01
89 8.604760e-01 1.057600e-02 1.289480e-01
90 8.586040e-01 1.056800e-02 1.308280e-01
91 8.569200e-01 1.031600e-02 1.327640e-01
92 8.550680e-01 1.034400e-02 1.345880e-01
93 8.531720e-01 1.040000e-02 1.364280e-01
94 8.514440e-01 1.019600e-02 1.383600e-01
95 8.494840e-01 1.047600e-02 1.400400e-01
96 8.475000e-01 1.061600e-02 1.418840e-01
97 8.456240e-01 1.055600e-02 1.438200e-01
98 8.436040e-01 1.083200e-02 1.455640e-01
99 8.416680e-01 1.083200e-02 1.475000e-01
100 8.398160e-01 1.076000e-02 1.494240e-01
101 8.379880e-01 1.073600e-02 1.512760e-01
102 8.363440e-01 1.040400e-02 1.532520e-01
103 8.346240e-01 1.036400e-02 1.550120e-01
104 8.328600e-01 1.041600e-02 1.567240e-01
105 8.311680e-01 1.024400e-02 1.585880e-01
106 8.294520e-01 1.011600e-02 1.604320e-01
107 8.277160e-01 1.014400e-02 1.621400e-01
108 8.258760e-01 1.032800e-02 1.637960e-01
109 8.239520e-01 1.043600e-02 1.656120e-01
110 8.221200e-01 1.044800e-02 1.674320e-01
111 8.203280e-01 1.047600e-02 1.691960e-01
112 8.184760e-01 1.046000e-02 1.710640e-01
113 8.167280e-01 1.035600e-02 1.729160e-01
114 8.149320e-01 1.034400e-02 1.747240e-01
115 8.132520e-01 1.030800e-02 1.764400e-01
116 8.115680e-01 1.023600e-02 1.781960e-01
117 8.098800e-01 1.023600e-02 1.798840e-01
118 8.081280e-01 1.017600e-02 1.816960e-01
119 8.066440e-01 9.852000e-03 1.835040e-01
120 8.048040e-01 9.972000e-03 1.852240e-01
121 8.032320e-01 9.844000e-03 1.869240e-01
122 8.016400e-01 9.660000e-03 1.887000e-01
123 7.999400e-01 9.692000e-03 1.903680e-01
124 7.983360e-01 9.668000e-03 1.919960e-01
125 7.968480e-01 9.504000e-03 1.936480e-01
126 7.953120e-01 9.492000e-03 1.951960e-01
127 7.937280e-01 9.492000e-03 1.967800e-01
128 7.922280e-01 9.256000e-03 1.985160e-01
129 7.907240e-01 9.104000e-03 2.001720e-01
130 7.892120e-01 8.988000e-03 2.018000e-01
131 7.877160e-01 9.004000e-03 2.032800e-01
132 7.862240e-01 8.828000e-03 2.049480e-01
133 7.846800e-01 8.820000e-03 2.065000e-01
134 7.831760e-01 8.860000e-03 2.079640e-01
135 7.818520e-01 8.592000e-03 2.095560e-01
136 7.803000e-01 8.592000e-03 2.111080e-01
137 7.788840e-01 8.504000e-03 2.126120e-01
138 7.774400e-01 8.528000e-03 2.140320e-01
139 7.760320e-01 8.484000e-03 2.154840e-01
140 7.746720e-01 8.440000e-03 2.168880e-01
141 7.732160e-01 8.488000e-03 2.182960e-01
142 7.716760e-01 8.428000e-03 2.198960e-01
143 7.703800e-01 8.228000e-03 2.213920e-01
144 7.690520e-01 8.124000e-03 2.228240e-01
145 7.677160e-01 8.024000e-03 2.242600e-01
146 7.665120e-01 7.804000e-03 2.256840e-01
147 7.652520e-01 7.840000e-03 2.269080e-01
148 7.639040e-01 7.732000e-03 2.283640e-01
149 7.626560e-01 7.652000e-03 2.296920e-01
150 7.613240e-01 7.676000e-03 2.310000e-01
151 7.600280e-01 7.732000e-03 2.322400e-01
152 7.588000e-01 7.660000e-03 2.335400e-01
153 7.576840e-01 7.444000e-03 2.348720e-01
154 7.564320e-01 7.392000e-03 2.361760e-01
155 7.552960e-01 7.304000e-03 2.374000e-01
156 7.540920e-01 7.312000e-03 2.385960e-01
157 7.528800e-01 7.208000e-03 2.399120e-01
158 7.515400e-01 7.280000e-03 2.411800e-01
159 7.504520e-01 7.172000e-03 2.423760e-01
160 7.492840e-01 7.156000e-03 2.435600e-01
161 7.480680e-01 7.072000e-03 2.448600e-01
162 7.469520e-01 7.008000e-03 2.460400e-01
163 7.458960e-01 6.824000e-03 2.472800e-01
164 7.447520e-01 6.764000e-03 2.484840e-01
165 7.437360e-01 6.592000e-03 2.496720e-01
166 7.426480e-01 6.536000e-03 2.508160e-01
167 7.415880e-01 6.404000e-03 2.520080e-01
168 7.406240e-01 6.264000e-03 2.531120e-01
169 7.396680e-01 6.036000e-03 2.542960e-01
170 7.386480e-01 6.132000e-03 2.552200e-01
171 7.375480e-01 6.176000e-03 2.562760e-01
172 7.365120e-01 6.172000e-03 2.573160e-01
173 7.355360e-01 6.180000e-03 2.582840e-01
174 7.344400e-01 6.200000e-03 2.593600e-01
175 7.334800e-01 6.076000e-03 2.604440e-01
176 7.324920e-01 5.980000e-03 2.615280e-01
177 7.315680e-01 5.692000e-03 2.627400e-01
178 7.306800e-01 5.604000e-03 2.637160e-01
179 7.296400e-01 5.596000e-03 2.647640e-01
180 7.287000e-01 5.516000e-03 2.657840e-01
181 7.277440e-01 5.576000e-03 2.666800e-01
182 7.267040e-01 5.672000e-03 2.676240e-01
183 7.256080e-01 5.744000e-03 2.686480e-01
184 7.245840e-01 5.724000e-03 2.696920e-01
185 7.235240e-01 5.784000e-03 2.706920e-01
186 7.224800e-01 5.820000e-03 2.717000e-01
187 7.213320e-01 5.888000e-03 2.727800e-01
188 7.203160e-01 5.816000e-03 2.738680e-01
189 7.191280e-01 5.968000e-03 2.749040e-01
190 7.179600e-01 6.072000e-03 2.759680e-01
191 7.168280e-01 6.204000e-03 2.769680e-01
192 7.157520e-01 6.208000e-03 2.780400e-01
193 7.148040e-01 6.112000e-03 2.790840e-01
194 7.138200e-01 6.116000e-03 2.800640e-01
195 7.127760e-01 6.028000e-03 2.811960e-01
196 7.118000e-01 5.920000e-03 2.822800e-01
197 7.108560e-01 5.876000e-03 2.832680e-01
198 7.097760e-01 5.872000e-03 2.843520e-01
199 7.088240e-01 5.772000e-03 2.854040e-01
200 7.078080e-01 5.936000e-03 2.862560e-01
201 7.067280e-01 6.012000e-03 2.872600e-01
202 7.057760e-01 5.932000e-03 2.882920e-01
203 7.048480e-01 5.880000e-03 2.892720e-01
204 7.039280e-01 5.856000e-03 2.902160e-01
205 7.028920e-01 5.752000e-03 2.913560e-01
206 7.017320e-01 5.964000e-03 2.923040e-01
207 7.006960e-01 6.048000e-03 2.932560e-01
208 6.995520e-01 6.052000e-03 2.943960e-01
209 6.985760e-01 5.992000e-03 2.954320e-01
210 6.974320e-01 6.080000e-03 2.964880e-01
211 6.964560e-01 6.004000e-03 2.975400e-01
212 6.954840e-01 5.860000e-03 2.986560e-01
213 6.944560e-01 5.972000e-03 2.995720e-01
214 6.933920e-01 5.904000e-03 3.007040e-01
215 6.924760e-01 5.800000e-03 3.017240e-01
216 6.914200e-01 5.924000e-03 3.026560e-01
217 6.904200e-01 5.828000e-03 3.037520e-01
218 6.894360e-01 5.780000e-03 3.047840e-01
219 6.883360e-01 5.876000e-03 3.057880e-01
220 6.871840e-01 6.016000e-03 3.068000e-01
221 6.861840e-01 6.008000e-03 3.078080e-01
222 6.851280e-01 6.004000e-03 3.088680e-01
223 6.841640e-01 6.028000e-03 3.098080e-01
224 6.832200e-01 5.860000e-03 3.109200e-01
225 6.822680e-01 5.916000e-03 3.118160e-01
226 6.811600e-01 5.968000e-03 3.128720e-01
227 6.800840e-01 5.980000e-03 3.139360e-01
228 6.790760e-01 6.004000e-03 3.149200e-01
229 6.780600e-01 6.008000e-03 3.159320e-01
230 6.770440e-01 5.940000e-03 3.170160e-01
231 6.760560e-01 5.940000e-03 3.180040e-01
232 6.750320e-01 5.968000e-03 3.190000e-01
233 6.740480e-01 5.884000e-03 3.200680e-01
234 6.730840e-01 5.880000e-03 3.210360e-01
235 6.720720e-01 5.932000e-03 3.219960e-01
236 6.711600e-01 5.744000e-03 3.230960e-01
237 6.703200e-01 5.624000e-03 3.240560e-01
238 6.693760e-01 5.664000e-03 3.249600e-01
239 6.683440e-01 5.800000e-03 3.258560e-01
240 6.673880e-01 5.732000e-03 3.268800e-01
241 6.663840e-01 5.812000e-03 3.278040e-01
242 6.653720e-01 5.868000e-03 3.287600e-01
243 6.643600e-01 5.856000e-03 3.297840e-01
244 6.633840e-01 5.884000e-03 3.307320e-01
245 6.624960e-01 5.660000e-03 3.318440e-01
246 6.616240e-01 5.548000e-03 3.328280e-01
247 6.607400e-01 5.404000e-03 3.338560e-01
248 6.598280e-01 5.392000e-03 3.347800e-01
249 6.588440e-01 5.456000e-03 3.357000e-01
250 6.578560e-01 5.508000e-03 3.366360e-01
251 6.568880e-01 5.496000e-03 3.376160e-01
252 6.558760e-01 5.512000e-03 3.386120e-01
253 6.549400e-01 5.444000e-03 3.396160e-01
254 6.540400e-01 5.448000e-03 3.405120e-01
255 6.530440e-01 5.540000e-03 3.414160e-01
256 6.521360e-01 5.412000e-03 3.424520e-01
257 6.512440e-01 5.276000e-03 3.434800e-01
258 6.503840e-01 5.264000e-03 3.443520e-01
259 6.494640e-01 5.260000e-03 3.452760e-01
260 6.486360e-01 5.092000e-03 3.462720e-01
261 6.478280e-01 4.920000e-03 3.472520e-01
262 6.469720e-01 4.888000e-03 3.481400e-01
263 6.461280e-01 4.904000e-03 3.489680e-01
264 6.451800e-01 4.848000e-03 3.499720e-01
265 6.442400e-01 4.980000e-03 3.507800e-01
266 6.433200e-01 5.020000e-03 3.516600e-01
267 6.424320e-01 5.060000e-03 3.525080e-01
268 6.414400e-01 5.132000e-03 3.534280e-01
269 6.404800e-01 5.244000e-03 3.542760e-01
270 6.393240e-01 5.496000e-03 3.551800e-01
271 6.384280e-01 5.336000e-03 3.562360e-01
272 6.374520e-01 5.380000e-03 3.571680e-01
273 6.364640e-01 5.476000e-03 3.580600e-01
274 6.355920e-01 5.496000e-03 3.589120e-01
275 6.348080e-01 5.352000e-03 3.598400e-01
276 6.340360e-01 5.220000e-03 3.607440e-01
277 6.332880e-01 5.084000e-03 3.616280e-01
278 6.324920e-01 4.976000e-03 3.625320e-01
279 6.316720e-01 4.896000e-03 3.634320e-01
280 6.310000e-01 4.784000e-03 3.642160e-01
281 6.303040e-01 4.640000e-03 3.650560e-01
282 6.295480e-01 4.596000e-03 3.658560e-01
283 6.287640e-01 4.600000e-03 3.666360e-01
284 6.280240e-01 4.508000e-03 3.674680e-01
285 6.273920e-01 4.344000e-03 3.682640e-01
286 6.267200e-01 4.332000e-03 3.689480e-01
287 6.260400e-01 4.196000e-03 3.697640e-01
288 6.253120e-01 4.240000e-03 3.704480e-01
289 6.245880e-01 4.252000e-03 3.711600e-01
290 6.238480e-01 4.308000e-03 3.718440e-01
291 6.230600e-01 4.208000e-03 3.727320e-01
292 6.222840e-01 4.260000e-03 3.734560e-01
293 6.215560e-01 4.276000e-03 3.741680e-01
294 6.208600e-01 4.232000e-03 3.749080e-01
295 6.202400e-01 4.124000e-03 3.756360e-01
296 6.194840e-01 4.160000e-03 3.763560e-01
297 6.187280e-01 4.168000e-03 3.771040e-01
298 6.180800e-01 4.104000e-03 3.778160e-01
299 6.174280e-01 4.044000e-03 3.785280e-01
300 6.167920e-01 3.932000e-03 3.792760e-01
301 6.160560e-01 4.004000e-03 3.799400e-01
302 6.153600e-01 4.160000e-03 3.804800e-01
303 6.146520e-01 4.168000e-03 3.811800e-01
304 6.139000e-01 4.204000e-03 3.818960e-01
305 6.133120e-01 4.084000e-03 3.826040e-01
306 6.127080e-01 3.980000e-03 3.833120e-01
307 6.121080e-01 3.832000e-03 3.840600e-01
308 6.115040e-01 3.744000e-03 3.847520e-01
309 6.110080e-01 3.556000e-03 3.854360e-01
310 6.104320e-01 3.416000e-03 3.861520e-01
311 6.098960e-01 3.312000e-03 3.867920e-01
312 6.094480e-01 3.284000e-03 3.872680e-01
313 6.090280e-01 3.156000e-03 3.878160e-01
314 6.085480e-01 3.144000e-03 3.883080e-01
315 6.079720e-01 3.168000e-03 3.888600e-01
316 6.074120e-01 3.176000e-03 3.894120e-01
317 6.068320e-01 3.224000e-03 3.899440e-01
318 6.062120e-01 3.292000e-03 3.904960e-01
319 6.056760e-01 3.224000e-03 3.911000e-01
320 6.051520e-01 3.220000e-03 3.916280e-01
321 6.045680e-01 3.252000e-03 3.921800e-01
322 6.039560e-01 3.268000e-03 3.927760e-01
323 6.033360e-01 3.324000e-03 3.933400e-01
324 6.027720e-01 3.284000e-03 3.939440e-01
325 6.022120e-01 3.264000e-03 3.945240e-01
326 6.016160e-01 3.336000e-03 3.950480e-01
327 6.009000e-01 3.408000e-03 3.956920e-01
328 6.002560e-01 3.420000e-03 3.963240e-01
329 5.996720e-01 3.424000e-03 3.969040e-01
330 5.990400e-01 3.480000e-03 3.974800e-01
331 5.983560e-01 3.548000e-03 3.980960e-01
332 5.976760e-01 3.512000e-03 3.988120e-01
333 5.970880e-01 3.484000e-03 3.994280e-01
334 5.966240e-01 3.312000e-03 4.000640e-01
335 5.961320e-01 3.180000e-03 4.006880e-01
336 5.955920e-01 3.164000e-03 4.012440e-01
337 5.951320e-01 3.032000e-03 4.018360e-01
338 5.948200e-01 2.872000e-03 4.023080e-01
339 5.943480e-01 2.860000e-03 4.027920e-01
340 5.938960e-01 2.804000e-03 4.033000e-01
341 5.935360e-01 2.712000e-03 4.037520e-01
342 5.931400e-01 2.588000e-03 4.042720e-01
343 5.928000e-01 2.524000e-03 4.046760e-01
344 5.924400e-01 2.428000e-03 4.051320e-01
345 5.920040e-01 2.416000e-03 4.055800e-01
346 5.915320e-01 2.416000e-03 4.060520e-01
347 5.910600e-01 2.472000e-03 4.064680e-01
348 5.906520e-01 2.444000e-03 4.069040e-01
349 5.902840e-01 2.428000e-03 4.072880e-01
350 5.898320e-01 2.472000e-03 4.076960e-01
351 5.895000e-01 2.332000e-03 4.081680e-01
352 5.891240e-01 2.304000e-03 4.085720e-01
353 5.886800e-01 2.384000e-03 4.089360e-01
354 5.883240e-01 2.292000e-03 4.093840e-01
355 5.879360e-01 2.268000e-03 4.097960e-01
356 5.875960e-01 2.216000e-03 4.101880e-01
357 5.872160e-01 2.168000e-03 4.106160e-01
358 5.868360e-01 2.152000e-03 4.110120e-01
359 5.864640e-01 2.124000e-03 4.114120e-01
360 5.861200e-01 2.084000e-03 4.117960e-01
361 5.858000e-01 2.072000e-03 4.121280e-01
362 5.855080e-01 2.044000e-03 4.124480e-01
363 5.851560e-01 2.040000e-03 4.128040e-01
364 5.849440e-01 1.888000e-03 4.131680e-01
365 5.846960e-01 1.808000e-03 4.134960e-01
366 5.843640e-01 1.856000e-03 4.137800e-01
367 5.839720e-01 1.908000e-03 4.141200e-01
368 5.835680e-01 1.948000e-03 4.144840e-01
369 5.832320e-01 1.948000e-03 4.148200e-01
370 5.829280e-01 1.940000e-03 4.151320e-01
371 5.826400e-01 1.900000e-03 4.154600e-01
372 5.823120e-01 1.916000e-03 4.157720e-01
373 5.820400e-01 1.792000e-03 4.161680e-01
374 5.816840e-01 1.848000e-03 4.164680e-01
375 5.814360e-01 1.780000e-03 4.167840e-01
376 5.811920e-01 1.664000e-03 4.171440e-01
377 5.809640e-01 1.592000e-03 4.174440e-01
378 5.807000e-01 1.584000e-03 4.177160e-01
379 5.804960e-01 1.508000e-03 4.179960e-01
380 5.802680e-01 1.480000e-03 4.182520e-01
381 5.800600e-01 1.392000e-03 4.185480e-01
382 5.798600e-01 1.344000e-03 4.187960e-01
383 5.796640e-01 1.288000e-03 4.190480e-01
384 5.794520e-01 1.280000e-03 4.192680e-01
385 5.793040e-01 1.252000e-03 4.194440e-01
386 5.791080e-01 1.228000e-03 4.196640e-01
387 5.789080e-01 1.204000e-03 4.198880e-01
388 5.786920e-01 1.224000e-03 4.200840e-01
389 5.784920e-01 1.280000e-03 4.202280e-01
390 5.783400e-01 1.232000e-03 4.204280e-01
391 5.781440e-01 1.192000e-03 4.206640e-01
392 5.779600e-01 1.152000e-03 4.208880e-01
393 5.777840e-01 1.104000e-03 4.211120e-01
394 5.775920e-01 1.060000e-03 4.213480e-01
395 5.774640e-01 1.004000e-03 4.215320e-01
396 5.773480e-01 9.120000e-04 4.217400e-01
397 5.772200e-01 9.120000e-04 4.218680e-01
398 5.770440e-01 9.040000e-04 4.220520e-01
399 5.769040e-01 8.400000e-04 4.222560e-01
400 5.767440e-01 8.600000e-04 4.223960e-01
401 5.766400e-01 8.120000e-04 4.225480e-01
402 5.764560e-01 8.200000e-04 4.227240e-01
403 5.763440e-01 8.120000e-04 4.228440e-01
404 5.762720e-01 7.320000e-04 4.229960e-01
405 5.761960e-01 6.760000e-04 4.231280e-01
406 5.761320e-01 5.920000e-04 4.232760e-01
407 5.760200e-01 6.040000e-04 4.233760e-01
408 5.759280e-01 5.760000e-04 4.234960e-01
409 5.758040e-01 6.240000e-04 4.235720e-01
410 5.757200e-01 6.160000e-04 4.236640e-01
411 5.756440e-01 5.920000e-04 4.237640e-01
412 5.755480e-01 6.000000e-04 4.238520e-01
413 5.754560e-01 5.920000e-04 4.239520e-01
414 5.753760e-01 5.720000e-04 4.240520e-01
415 5.753120e-01 5.280000e-04 4.241600e-01
416 5.751880e-01 5.920000e-04 4.242200e-01
417 5.750440e-01 6.400000e-04 4.243160e-01
418 5.748680e-01 7.120000e-04 4.244200e-01
419 5.747160e-01 7.280000e-04 4.245560e-01
420 5.745720e-01 7.440000e-04 4.246840e-01
421 5.744240e-01 8.000000e-04 4.247760e-01
422 5.742600e-01 8.440000e-04 4.248960e-01
423 5.741040e-01 8.560000e-04 4.250400e-01
424 5.739320e-01 8.680000e-04 4.252000e-01
425 5.737920e-01 8.560000e-04 4.253520e-01
426 5.736640e-01 8.280000e-04 4.255080e-01
427 5.735160e-01 7.760000e-04 4.257080e-01
428 5.733440e-01 7.840000e-04 4.258720e-01
429 5.732320e-01 7.480000e-04 4.260200e-01
430 5.730880e-01 7.560000e-04 4.261560e-01
431 5.729160e-01 8.040000e-04 4.262800e-01
432 5.727760e-01 7.800000e-04 4.264440e-01
433 5.726120e-01 7.840000e-04 4.266040e-01
434 5.724840e-01 7.600000e-04 4.267560e-01
435 5.723760e-01 7.200000e-04 4.269040e-01
436 5.722600e-01 7.440000e-04 4.269960e-01
437 5.721320e-01 7.480000e-04 4.271200e-01
438 5.720160e-01 7.200000e-04 4.272640e-01
439 5.719080e-01 7.080000e-04 4.273840e-01
440 5.718440e-01 6.280000e-04 4.275280e-01
441 5.717440e-01 6.000000e-04 4.276560e-01
442 5.716480e-01 5.720000e-04 4.277800e-01
443 5.715440e-01 5.600000e-04 4.278960e-01
444 5.714360e-01 5.400000e-04 4.280240e-01
445 5.713680e-01 5.280000e-04 4.281040e-01
446 5.712760e-01 5.240000e-04 4.282000e-01
447 5.712160e-01 5.000000e-04 4.282840e-01
448 5.711320e-01 4.720000e-04 4.283960e-01
449 5.710600e-01 4.800000e-04 4.284600e-01
450 5.710040e-01 4.480000e-04 4.285480e-01
451 5.709440e-01 4.440000e-04 4.286120e-01
452 5.708400e-01 4.680000e-04 4.286920e-01
453 5.707840e-01 4.240000e-04 4.287920e-01
454 5.707240e-01 4.040000e-04 4.288720e-01
455 5.706560e-01 3.840000e-04 4.289600e-01
456 5.706040e-01 3.440000e-04 4.290520e-01
457 5.705320e-01 3.560000e-04 4.291120e-01
458 5.704800e-01 3.440000e-04 4.291760e-01
459 5.704040e-01 3.520000e-04 4.292440e-01
460 5.703120e-01 3.920000e-04 4.292960e-01
461 5.702640e-01 3.480000e-04 4.293880e-01
462 5.702240e-01 3.040000e-04 4.294720e-01
463 5.701640e-01 3.000000e-04 4.295360e-01
464 5.700880e-01 3.240000e-04 4.295880e-01
465 5.700480e-01 3.200000e-04 4.296320e-01
466 5.699320e-01 3.640000e-04 4.297040e-01
467 5.698200e-01 4.240000e-04 4.297560e-01
468 5.696720e-01 5.040000e-04 4.298240e-01
469 5.695480e-01 5.400000e-04 4.299120e-01
470 5.694480e-01 5.400000e-04 4.300120e-01
471 5.693280e-01 5.400000e-04 4.301320e-01
472 5.691920e-01 5.800000e-04 4.302280e-01
473 5.690960e-01 5.960000e-04 4.303080e-01
474 5.689600e-01 6.520000e-04 4.303880e-01
475 5.687800e-01 7.320000e-04 4.304880e-01
476 5.686680e-01 7.160000e-04 4.306160e-01
477 5.685760e-01 6.840000e-04 4.307400e-01
478 5.684240e-01 7.400000e-04 4.308360e-01
479 5.682760e-01 7.320000e-04 4.309920e-01
480 5.681720e-01 6.840000e-04 4.311440e-01
481 5.680840e-01 6.280000e-04 4.312880e-01
482 5.680000e-01 5.720000e-04 4.314280e-01
483 5.679520e-01 5.040000e-04 4.315440e-01
484 5.678840e-01 4.960000e-04 4.316200e-01
485 5.678240e-01 4.640000e-04 4.317120e-01
486 5.677640e-01 4.480000e-04 4.317880e-01
487 5.676960e-01 4.400000e-04 4.318640e-01
488 5.676400e-01 4.360000e-04 4.319240e-01
489 5.675960e-01 4.200000e-04 4.319840e-01
490 5.675440e-01 3.920000e-04 4.320640e-01
491 5.675080e-01 3.600000e-04 4.321320e-01
492 5.674280e-01 3.720000e-04 4.322000e-01
493 5.673880e-01 3.560000e-04 4.322560e-01
494 5.673200e-01 3.680000e-04 4.323120e-01
495 5.672920e-01 3.120000e-04 4.323960e-01
496 5.672560e-01 2.840000e-04 4.324600e-01
497 5.672360e-01 2.600000e-04 4.325040e-01
498 5.672200e-01 2.440000e-04 4.325360e-01
499 5.671640e-01 2.600000e-04 4.325760e-01
500 5.671360e-01 2.480000e-04 4.326160e-01
