1 9.992280e-01 6.840000e-04 8.800000e-05
2 9.986960e-01 1.048000e-03 2.560000e-04
3 9.980000e-01 1.480000e-03 5.200000e-04
4 9.971960e-01 1.988000e-03 8.160000e-04
5 9.965040e-01 2.300000e-03 1.196000e-03
6 9.957000e-01 2.656000e-03 1.644000e-03
7 9.948080e-01 3.120000e-03 2.072000e-03
8 9.939360e-01 3.368000e-03 2.696000e-03
9 9.928960e-01 3.756000e-03 3.348000e-03
10 9.918400e-01 4.152000e-03 4.008000e-03
11 9.907400e-01 4.456000e-03 4.804000e-03
12 9.897520e-01 4.612000e-03 5.636000e-03
13 9.887120e-01 4.812000e-03 6.476000e-03
14 9.873960e-01 5.384000e-03 7.220000e-03
15 9.862680e-01 5.540000e-03 8.192000e-03
16 9.851240e-01 5.716000e-03 9.160000e-03
17 9.839080e-01 5.896000e-03 1.019600e-02
18 9.825800e-01 6.192000e-03 1.122800e-02
19 9.811920e-01 6.408000e-03 1.240000e-02
20 9.798760e-01 6.640000e-03 1.348400e-02
21 9.785760e-01 6.680000e-03 1.474400e-02
22 9.771000e-01 6.932000e-03 1.596800e-02
23 9.756840e-01 7.120000e-03 1.719600e-02
24 9.741400e-01 7.332000e-03 1.852800e-02
25 9.726840e-01 7.556000e-03 1.976000e-02
26 9.710800e-01 7.712000e-03 2.120800e-02
27 9.695640e-01 8.004000e-03 2.243200e-02
28 9.681720e-01 8.016000e-03 2.381200e-02
29 9.667280e-01 8.020000e-03 2.525200e-02
30 9.652560e-01 8.144000e-03 2.660000e-02
31 9.636320e-01 8.328000e-03 2.804000e-02
32 9.622200e-01 8.152000e-03 2.962800e-02
33 9.606280e-01 8.364000e-03 3.100800e-02
34 9.591400e-01 8.388000e-03 3.247200e-02
35 9.575960e-01 8.484000e-03 3.392000e-02
36 9.559840e-01 8.644000e-03 3.537200e-02
37 9.545960e-01 8.524000e-03 3.688000e-02
38 9.530160e-01 8.720000e-03 3.826400e-02
39 9.515640e-01 8.512000e-03 3.992400e-02
40 9.501440e-01 8.484000e-03 4.137200e-02
41 9.486200e-01 8.464000e-03 4.291600e-02
42 9.472280e-01 8.320000e-03 4.445200e-02
43 9.458120e-01 8.356000e-03 4.583200e-02
44 9.442200e-01 8.492000e-03 4.728800e-02
45 9.426920e-01 8.588000e-03 4.872000e-02
46 9.411440e-01 8.620000e-03 5.023600e-02
47 9.396520e-01 8.620000e-03 5.172800e-02
48 9.382720e-01 8.528000e-03 5.320000e-02
49 9.367080e-01 8.592000e-03 5.470000e-02
50 9.352280e-01 8.484000e-03 5.628800e-02
51 9.336840e-01 8.488000e-03 5.782800e-02
52 9.321760e-01 8.592000e-03 5.923200e-02
53 9.306440e-01 8.600000e-03 6.075600e-02
54 9.289400e-01 8.728000e-03 6.233200e-02
55 9.274040e-01 8.744000e-03 6.385200e-02
56 9.258720e-01 8.744000e-03 6.538400e-02
57 9.242800e-01 8.696000e-03 6.702400e-02
58 9.226600e-01 8.836000e-03 6.850400e-02
59 9.209800e-01 8.908000e-03 7.011200e-02
60 9.195800e-01 8.736000e-03 7.168400e-02
61 9.180560e-01 8.740000e-03 7.320400e-02
62 9.164440e-01 8.816000e-03 7.474000e-02
63 9.149120e-01 8.840000e-03 7.624800e-02
64 9.132640e-01 8.948000e-03 7.778800e-02
65 9.114920e-01 9.068000e-03 7.944000e-02
66 9.099760e-01 8.996000e-03 8.102800e-02
67 9.083720e-01 9.132000e-03 8.249600e-02
68 9.067800e-01 9.132000e-03 8.408800e-02
69 9.052320e-01 9.004000e-03 8.576400e-02
70 9.036800e-01 8.784000e-03 8.753600e-02
71 9.023840e-01 8.616000e-03 8.900000e-02
72 9.009880e-01 8.556000e-03 9.045600e-02
73 8.995040e-01 8.524000e-03 9.197200e-02
74 8.981400e-01 8.360000e-03 9.350000e-02
75 8.968320e-01 8.120000e-03 9.504800e-02
76 8.954840e-01 8.108000e-03 9.640800e-02
77 8.940480e-01 8.096000e-03 9.785600e-02
78 8.925880e-01 8.136000e-03 9.927600e-02
79 8.909840e-01 8.280000e-03 1.007360e-01
80 8.895760e-01 8.172000e-03 1.022520e-01
81 8.881400e-01 8.052000e-03 1.038080e-01
82 8.867440e-01 8.088000e-03 1.051680e-01
83 8.854160e-01 7.952000e-03 1.066320e-01
84 8.840320e-01 7.808000e-03 1.081600e-01
85 8.826640e-01 7.740000e-03 1.095960e-01
86 8.812840e-01 7.748000e-03 1.109680e-01
87 8.799240e-01 7.816000e-03 1.122600e-01
88 8.785040e-01 7.860000e-03 1.136360e-01
89 8.771400e-01 7.824000e-03 1.150360e-01
90 8.756080e-01 8.068000e-03 1.163240e-01
91 8.740960e-01 8.100000e-03 1.178040e-01
92 8.726880e-01 7.988000e-03 1.193240e-01
93 8.713600e-01 7.956000e-03 1.206840e-01
94 8.698640e-01 8.088000e-03 1.220480e-01
95 8.684840e-01 8.104000e-03 1.234120e-01
96 8.671480e-01 8.040000e-03 1.248120e-01
97 8.655840e-01 8.252000e-03 1.261640e-01
98 8.641240e-01 8.356000e-03 1.275200e-01
99 8.627160e-01 8.272000e-03 1.290120e-01
100 8.611680e-01 8.332000e-03 1.305000e-01
101 8.596640e-01 8.384000e-03 1.319520e-01
102 8.581400e-01 8.392000e-03 1.334680e-01
103 8.567800e-01 8.316000e-03 1.349040e-01
104 8.554040e-01 8.156000e-03 1.364400e-01
105 8.539440e-01 8.212000e-03 1.378440e-01
106 8.526600e-01 8.180000e-03 1.391600e-01
107 8.510480e-01 8.412000e-03 1.405400e-01
108 8.495960e-01 8.348000e-03 1.420560e-01
109 8.480680e-01 8.348000e-03 1.435840e-01
110 8.464880e-01 8.464000e-03 1.450480e-01
111 8.449080e-01 8.624000e-03 1.464680e-01
112 8.433480e-01 8.676000e-03 1.479760e-01
113 8.417440e-01 8.716000e-03 1.495400e-01
114 8.403000e-01 8.672000e-03 1.510280e-01
115 8.386520e-01 8.896000e-03 1.524520e-01
116 8.368760e-01 9.124000e-03 1.540000e-01
117 8.352360e-01 9.168000e-03 1.555960e-01
118 8.335560e-01 9.092000e-03 1.573520e-01
119 8.318680e-01 9.356000e-03 1.587760e-01
120 8.303520e-01 9.212000e-03 1.604360e-01
121 8.287920e-01 9.056000e-03 1.621520e-01
122 8.272480e-01 8.836000e-03 1.639160e-01
123 8.256000e-01 8.956000e-03 1.654440e-01
124 8.240160e-01 8.964000e-03 1.670200e-01
125 8.225000e-01 8.868000e-03 1.686320e-01
126 8.210040e-01 8.760000e-03 1.702360e-01
127 8.193800e-01 8.812000e-03 1.718080e-01
128 8.177120e-01 8.832000e-03 1.734560e-01
129 8.161360e-01 8.884000e-03 1.749800e-01
130 8.144800e-01 9.024000e-03 1.764960e-01
131 8.129520e-01 8.964000e-03 1.780840e-01
132 8.114160e-01 8.904000e-03 1.796800e-01
133 8.099160e-01 8.752000e-03 1.813320e-01
134 8.083760e-01 8.580000e-03 1.830440e-01
135 8.069720e-01 8.540000e-03 1.844880e-01
136 8.053840e-01 8.596000e-03 1.860200e-01
137 8.040360e-01 8.492000e-03 1.874720e-01
138 8.026760e-01 8.372000e-03 1.889520e-01
139 8.012520e-01 8.392000e-03 1.903560e-01
140 7.999360e-01 8.376000e-03 1.916880e-01
141 7.986040e-01 8.208000e-03 1.931880e-01
142 7.972080e-01 8.132000e-03 1.946600e-01
143 7.958440e-01 8.032000e-03 1.961240e-01
144 7.946400e-01 7.776000e-03 1.975840e-01
145 7.932760e-01 7.844000e-03 1.988800e-01
146 7.920800e-01 7.660000e-03 2.002600e-01
147 7.908560e-01 7.516000e-03 2.016280e-01
148 7.894600e-01 7.684000e-03 2.028560e-01
149 7.881760e-01 7.676000e-03 2.041480e-01
150 7.869800e-01 7.492000e-03 2.055280e-01
151 7.857200e-01 7.320000e-03 2.069600e-01
152 7.843000e-01 7.444000e-03 2.082560e-01
153 7.828960e-01 7.424000e-03 2.096800e-01
154 7.815480e-01 7.580000e-03 2.108720e-01
155 7.802000e-01 7.604000e-03 2.121960e-01
156 7.788480e-01 7.704000e-03 2.134480e-01
157 7.776440e-01 7.616000e-03 2.147400e-01
158 7.764360e-01 7.540000e-03 2.160240e-01
159 7.753240e-01 7.348000e-03 2.173280e-01
160 7.740320e-01 7.288000e-03 2.186800e-01
161 7.728240e-01 7.240000e-03 2.199360e-01
162 7.714840e-01 7.432000e-03 2.210840e-01
163 7.701360e-01 7.404000e-03 2.224600e-01
164 7.687680e-01 7.544000e-03 2.236880e-01
165 7.675240e-01 7.476000e-03 2.250000e-01
166 7.662400e-01 7.476000e-03 2.262840e-01
167 7.649240e-01 7.468000e-03 2.276080e-01
168 7.635960e-01 7.480000e-03 2.289240e-01
169 7.624400e-01 7.396000e-03 2.301640e-01
170 7.612360e-01 7.216000e-03 2.315480e-01
171 7.598480e-01 7.416000e-03 2.327360e-01
172 7.585520e-01 7.392000e-03 2.340560e-01
173 7.573680e-01 7.264000e-03 2.353680e-01
174 7.561480e-01 7.272000e-03 2.365800e-01
175 7.550360e-01 7.084000e-03 2.378800e-01
176 7.536760e-01 7.356000e-03 2.389680e-01
177 7.524040e-01 7.364000e-03 2.402320e-01
178 7.511280e-01 7.428000e-03 2.414440e-01
179 7.499280e-01 7.344000e-03 2.427280e-01
180 7.486520e-01 7.336000e-03 2.440120e-01
181 7.474360e-01 7.332000e-03 2.452320e-01
182 7.461480e-01 7.252000e-03 2.466000e-01
183 7.450360e-01 7.052000e-03 2.479120e-01
184 7.440280e-01 6.780000e-03 2.491920e-01
185 7.430040e-01 6.460000e-03 2.505360e-01
186 7.418840e-01 6.532000e-03 2.515840e-01
187 7.407600e-01 6.556000e-03 2.526840e-01
188 7.396120e-01 6.572000e-03 2.538160e-01
189 7.385520e-01 6.440000e-03 2.550080e-01
190 7.374760e-01 6.332000e-03 2.561920e-01
191 7.364280e-01 6.264000e-03 2.573080e-01
192 7.353440e-01 6.200000e-03 2.584560e-01
193 7.342600e-01 6.228000e-03 2.595120e-01
194 7.332360e-01 6.236000e-03 2.605280e-01
195 7.321040e-01 6.300000e-03 2.615960e-01
196 7.310280e-01 6.280000e-03 2.626920e-01
197 7.297720e-01 6.504000e-03 2.637240e-01
198 7.286320e-01 6.408000e-03 2.649600e-01
199 7.274920e-01 6.380000e-03 2.661280e-01
200 7.264720e-01 6.360000e-03 2.671680e-01
201 7.252720e-01 6.516000e-03 2.682120e-01
202 7.240560e-01 6.484000e-03 2.694600e-01
203 7.228760e-01 6.468000e-03 2.706560e-01
204 7.217280e-01 6.392000e-03 2.718800e-01
205 7.207640e-01 6.160000e-03 2.730760e-01
206 7.197720e-01 6.096000e-03 2.741320e-01
207 7.187360e-01 6.052000e-03 2.752120e-01
208 7.176320e-01 6.004000e-03 2.763640e-01
209 7.167600e-01 5.824000e-03 2.774160e-01
210 7.157600e-01 5.792000e-03 2.784480e-01
211 7.148760e-01 5.668000e-03 2.794560e-01
212 7.138560e-01 5.772000e-03 2.803720e-01
213 7.129280e-01 5.676000e-03 2.813960e-01
214 7.118240e-01 5.832000e-03 2.823440e-01
215 7.108280e-01 5.824000e-03 2.833480e-01
216 7.097720e-01 5.804000e-03 2.844240e-01
217 7.088280e-01 5.696000e-03 2.854760e-01
218 7.079680e-01 5.536000e-03 2.864960e-01
219 7.071720e-01 5.388000e-03 2.874400e-01
220 7.063160e-01 5.292000e-03 2.883920e-01
221 7.055080e-01 5.064000e-03 2.894280e-01
222 7.046120e-01 5.092000e-03 2.902960e-01
223 7.037600e-01 5.072000e-03 2.911680e-01
224 7.029600e-01 5.012000e-03 2.920280e-01
225 7.021320e-01 4.916000e-03 2.929520e-01
226 7.013160e-01 4.872000e-03 2.938120e-01
227 7.004880e-01 4.836000e-03 2.946760e-01
228 6.996520e-01 4.916000e-03 2.954320e-01
229 6.989440e-01 4.752000e-03 2.963040e-01
230 6.982320e-01 4.652000e-03 2.971160e-01
231 6.975080e-01 4.508000e-03 2.979840e-01
232 6.967880e-01 4.468000e-03 2.987440e-01
233 6.961000e-01 4.372000e-03 2.995280e-01
234 6.953520e-01 4.332000e-03 3.003160e-01
235 6.944400e-01 4.544000e-03 3.010160e-01
236 6.935720e-01 4.596000e-03 3.018320e-01
237 6.927280e-01 4.628000e-03 3.026440e-01
238 6.919920e-01 4.616000e-03 3.033920e-01
239 6.912560e-01 4.524000e-03 3.042200e-01
240 6.904720e-01 4.440000e-03 3.050880e-01
241 6.895520e-01 4.536000e-03 3.059120e-01
242 6.887680e-01 4.556000e-03 3.066760e-01
243 6.880160e-01 4.488000e-03 3.074960e-01
244 6.872520e-01 4.436000e-03 3.083120e-01
245 6.864960e-01 4.456000e-03 3.090480e-01
246 6.856080e-01 4.500000e-03 3.098920e-01
247 6.847080e-01 4.588000e-03 3.107040e-01
248 6.839440e-01 4.464000e-03 3.115920e-01
249 6.831240e-01 4.456000e-03 3.124200e-01
250 6.823440e-01 4.420000e-03 3.132360e-01
251 6.815320e-01 4.460000e-03 3.140080e-01
252 6.807360e-01 4.448000e-03 3.148160e-01
253 6.799400e-01 4.400000e-03 3.156600e-01
254 6.791520e-01 4.512000e-03 3.163360e-01
255 6.783920e-01 4.452000e-03 3.171560e-01
256 6.776000e-01 4.496000e-03 3.179040e-01
257 6.766640e-01 4.624000e-03 3.187120e-01
258 6.757160e-01 4.808000e-03 3.194760e-01
259 6.748320e-01 4.884000e-03 3.202840e-01
260 6.738680e-01 5.004000e-03 3.211280e-01
261 6.729360e-01 5.072000e-03 3.219920e-01
262 6.719440e-01 5.244000e-03 3.228120e-01
263 6.710440e-01 5.248000e-03 3.237080e-01
264 6.702200e-01 5.168000e-03 3.246120e-01
265 6.694200e-01 5.124000e-03 3.254560e-01
266 6.685000e-01 5.180000e-03 3.263200e-01
267 6.675520e-01 5.200000e-03 3.272480e-01
268 6.666920e-01 5.164000e-03 3.281440e-01
269 6.656520e-01 5.364000e-03 3.289840e-01
270 6.647200e-01 5.280000e-03 3.300000e-01
271 6.638320e-01 5.164000e-03 3.310040e-01
272 6.629720e-01 5.084000e-03 3.319440e-01
273 6.620440e-01 5.048000e-03 3.329080e-01
274 6.610160e-01 5.184000e-03 3.338000e-01
275 6.601600e-01 5.144000e-03 3.346960e-01
276 6.593800e-01 5.048000e-03 3.355720e-01
277 6.585440e-01 5.060000e-03 3.363960e-01
278 6.577400e-01 5.020000e-03 3.372400e-01
279 6.569960e-01 4.884000e-03 3.381200e-01
280 6.561320e-01 4.884000e-03 3.389840e-01
281 6.552520e-01 4.876000e-03 3.398720e-01
282 6.544200e-01 4.888000e-03 3.406920e-01
283 6.535640e-01 4.984000e-03 3.414520e-01
284 6.528280e-01 4.844000e-03 3.423280e-01
285 6.519880e-01 4.912000e-03 3.431000e-01
286 6.511600e-01 4.916000e-03 3.439240e-01
287 6.503200e-01 4.836000e-03 3.448440e-01
288 6.495040e-01 4.900000e-03 3.455960e-01
289 6.487880e-01 4.892000e-03 3.463200e-01
290 6.479280e-01 4.876000e-03 3.471960e-01
291 6.471160e-01 4.888000e-03 3.479960e-01
292 6.464120e-01 4.780000e-03 3.488080e-01
293 6.456720e-01 4.712000e-03 3.496160e-01
294 6.449400e-01 4.652000e-03 3.504080e-01
295 6.441760e-01 4.592000e-03 3.512320e-01
296 6.433960e-01 4.616000e-03 3.519880e-01
297 6.426320e-01 4.716000e-03 3.526520e-01
298 6.418320e-01 4.676000e-03 3.534920e-01
299 6.410760e-01 4.680000e-03 3.542440e-01
300 6.403360e-01 4.600000e-03 3.550640e-01
301 6.397280e-01 4.320000e-03 3.559520e-01
302 6.390480e-01 4.220000e-03 3.567320e-01
303 6.383920e-01 4.180000e-03 3.574280e-01
304 6.378680e-01 3.852000e-03 3.582800e-01
305 6.373720e-01 3.724000e-03 3.589040e-01
306 6.367640e-01 3.612000e-03 3.596240e-01
307 6.362080e-01 3.464000e-03 3.603280e-01
308 6.356360e-01 3.420000e-03 3.609440e-01
309 6.351440e-01 3.324000e-03 3.615320e-01
310 6.347240e-01 3.128000e-03 3.621480e-01
311 6.343720e-01 2.916000e-03 3.627120e-01
312 6.339960e-01 2.768000e-03 3.632360e-01
313 6.335720e-01 2.744000e-03 3.636840e-01
314 6.332040e-01 2.656000e-03 3.641400e-01
315 6.327560e-01 2.684000e-03 3.645600e-01
316 6.323000e-01 2.648000e-03 3.650520e-01
317 6.318880e-01 2.556000e-03 3.655560e-01
318 6.315040e-01 2.528000e-03 3.659680e-01
319 6.311440e-01 2.416000e-03 3.664400e-01
320 6.308320e-01 2.328000e-03 3.668400e-01
321 6.304080e-01 2.396000e-03 3.671960e-01
322 6.300760e-01 2.304000e-03 3.676200e-01
323 6.296480e-01 2.320000e-03 3.680320e-01
324 6.293560e-01 2.280000e-03 3.683640e-01
325 6.289880e-01 2.280000e-03 3.687320e-01
326 6.285840e-01 2.284000e-03 3.691320e-01
327 6.281520e-01 2.300000e-03 3.695480e-01
328 6.277880e-01 2.264000e-03 3.699480e-01
329 6.274280e-01 2.268000e-03 3.703040e-01
330 6.270040e-01 2.364000e-03 3.706320e-01
331 6.265440e-01 2.408000e-03 3.710480e-01
332 6.261800e-01 2.372000e-03 3.714480e-01
333 6.258080e-01 2.344000e-03 3.718480e-01
334 6.254280e-01 2.328000e-03 3.722440e-01
335 6.250760e-01 2.180000e-03 3.727440e-01
336 6.246760e-01 2.128000e-03 3.731960e-01
337 6.243360e-01 2.136000e-03 3.735280e-01
338 6.239840e-01 2.172000e-03 3.738440e-01
339 6.235400e-01 2.276000e-03 3.741840e-01
340 6.230800e-01 2.300000e-03 3.746200e-01
341 6.226080e-01 2.328000e-03 3.750640e-01
342 6.222600e-01 2.336000e-03 3.754040e-01
343 6.219720e-01 2.172000e-03 3.758560e-01
344 6.216280e-01 2.120000e-03 3.762520e-01
345 6.213080e-01 2.120000e-03 3.765720e-01
346 6.209200e-01 2.128000e-03 3.769520e-01
347 6.205680e-01 2.144000e-03 3.772880e-01
348 6.201800e-01 2.144000e-03 3.776760e-01
349 6.199040e-01 2.080000e-03 3.780160e-01
350 6.196360e-01 1.996000e-03 3.783680e-01
351 6.193240e-01 1.976000e-03 3.787000e-01
352 6.190000e-01 1.952000e-03 3.790480e-01
353 6.186720e-01 1.972000e-03 3.793560e-01
354 6.184040e-01 1.964000e-03 3.796320e-01
355 6.180920e-01 1.868000e-03 3.800400e-01
356 6.177520e-01 1.912000e-03 3.803360e-01
357 6.174800e-01 1.860000e-03 3.806600e-01
358 6.170960e-01 1.876000e-03 3.810280e-01
359 6.167760e-01 1.880000e-03 3.813440e-01
360 6.165080e-01 1.820000e-03 3.816720e-01
361 6.162040e-01 1.884000e-03 3.819120e-01
362 6.158800e-01 1.880000e-03 3.822400e-01
363 6.155840e-01 1.932000e-03 3.824840e-01
364 6.153160e-01 1.876000e-03 3.828080e-01
365 6.150720e-01 1.808000e-03 3.831200e-01
366 6.147760e-01 1.764000e-03 3.834600e-01
367 6.144400e-01 1.800000e-03 3.837600e-01
368 6.141640e-01 1.808000e-03 3.840280e-01
369 6.138680e-01 1.760000e-03 3.843720e-01
370 6.135800e-01 1.752000e-03 3.846680e-01
371 6.133280e-01 1.684000e-03 3.849880e-01
372 6.130240e-01 1.744000e-03 3.852320e-01
373 6.127040e-01 1.756000e-03 3.855400e-01
374 6.124320e-01 1.748000e-03 3.858200e-01
375 6.121120e-01 1.680000e-03 3.862080e-01
376 6.117560e-01 1.760000e-03 3.864840e-01
377 6.114080e-01 1.796000e-03 3.867960e-01
378 6.110880e-01 1.740000e-03 3.871720e-01
379 6.107120e-01 1.756000e-03 3.875320e-01
380 6.104040e-01 1.760000e-03 3.878360e-01
381 6.100200e-01 1.812000e-03 3.881680e-01
382 6.096600e-01 1.876000e-03 3.884640e-01
383 6.093000e-01 1.916000e-03 3.887840e-01
384 6.089440e-01 1.944000e-03 3.891120e-01
385 6.086600e-01 1.876000e-03 3.894640e-01
386 6.084360e-01 1.828000e-03 3.897360e-01
387 6.081680e-01 1.840000e-03 3.899920e-01
388 6.079080e-01 1.772000e-03 3.903200e-01
389 6.077120e-01 1.684000e-03 3.906040e-01
390 6.075200e-01 1.648000e-03 3.908320e-01
391 6.072000e-01 1.696000e-03 3.911040e-01
392 6.069200e-01 1.672000e-03 3.914080e-01
393 6.067040e-01 1.656000e-03 3.916400e-01
394 6.064400e-01 1.676000e-03 3.918840e-01
395 6.061600e-01 1.620000e-03 3.922200e-01
396 6.059160e-01 1.600000e-03 3.924840e-01
397 6.056120e-01 1.648000e-03 3.927400e-01
398 6.053680e-01 1.604000e-03 3.930280e-01
399 6.050840e-01 1.612000e-03 3.933040e-01
400 6.048120e-01 1.568000e-03 3.936200e-01
401 6.045480e-01 1.540000e-03 3.939120e-01
402 6.042800e-01 1.580000e-03 3.941400e-01
403 6.040240e-01 1.516000e-03 3.944600e-01
404 6.038160e-01 1.464000e-03 3.947200e-01
405 6.036200e-01 1.336000e-03 3.950440e-01
406 6.033840e-01 1.352000e-03 3.952640e-01
407 6.031840e-01 1.324000e-03 3.954920e-01
408 6.029680e-01 1.364000e-03 3.956680e-01
409 6.027400e-01 1.356000e-03 3.959040e-01
410 6.024680e-01 1.348000e-03 3.961840e-01
411 6.022200e-01 1.384000e-03 3.963960e-01
412 6.020320e-01 1.328000e-03 3.966400e-01
413 6.018080e-01 1.332000e-03 3.968600e-01
414 6.015240e-01 1.396000e-03 3.970800e-01
415 6.012680e-01 1.452000e-03 3.972800e-01
416 6.009880e-01 1.440000e-03 3.975720e-01
417 6.007320e-01 1.448000e-03 3.978200e-01
418 6.004000e-01 1.524000e-03 3.980760e-01
419 6.000920e-01 1.568000e-03 3.983400e-01
420 5.998200e-01 1.608000e-03 3.985720e-01
421 5.994880e-01 1.668000e-03 3.988440e-01
422 5.991880e-01 1.740000e-03 3.990720e-01
423 5.989240e-01 1.704000e-03 3.993720e-01
424 5.986840e-01 1.640000e-03 3.996760e-01
425 5.984800e-01 1.532000e-03 3.999880e-01
426 5.982400e-01 1.472000e-03 4.002880e-01
427 5.980040e-01 1.404000e-03 4.005920e-01
428 5.978000e-01 1.308000e-03 4.008920e-01
429 5.976440e-01 1.256000e-03 4.011000e-01
430 5.974840e-01 1.208000e-03 4.013080e-01
431 5.972800e-01 1.228000e-03 4.014920e-01
432 5.970600e-01 1.268000e-03 4.016720e-01
433 5.968480e-01 1.276000e-03 4.018760e-01
434 5.966760e-01 1.252000e-03 4.020720e-01
435 5.964960e-01 1.252000e-03 4.022520e-01
436 5.962520e-01 1.308000e-03 4.024400e-01
437 5.960360e-01 1.272000e-03 4.026920e-01
438 5.958000e-01 1.284000e-03 4.029160e-01
439 5.955560e-01 1.280000e-03 4.031640e-01
440 5.952760e-01 1.340000e-03 4.033840e-01
441 5.950120e-01 1.372000e-03 4.036160e-01
442 5.946880e-01 1.488000e-03 4.038240e-01
443 5.944640e-01 1.424000e-03 4.041120e-01
444 5.942880e-01 1.292000e-03 4.044200e-01
445 5.941120e-01 1.220000e-03 4.046680e-01
446 5.939240e-01 1.156000e-03 4.049200e-01
447 5.937560e-01 1.148000e-03 4.050960e-01
448 5.935360e-01 1.128000e-03 4.053360e-01
449 5.932720e-01 1.184000e-03 4.055440e-01
450 5.931080e-01 1.184000e-03 4.057080e-01
451 5.928600e-01 1.184000e-03 4.059560e-01
452 5.926280e-01 1.160000e-03 4.062120e-01
453 5.924440e-01 1.176000e-03 4.063800e-01
454 5.922320e-01 1.164000e-03 4.066040e-01
455 5.920200e-01 1.128000e-03 4.068520e-01
456 5.918560e-01 1.072000e-03 4.070720e-01
457 5.916280e-01 1.104000e-03 4.072680e-01
458 5.914280e-01 1.112000e-03 4.074600e-01
459 5.911880e-01 1.160000e-03 4.076520e-01
460 5.909680e-01 1.148000e-03 4.078840e-01
461 5.907160e-01 1.232000e-03 4.080520e-01
462 5.904840e-01 1.208000e-03 4.083080e-01
463 5.902880e-01 1.208000e-03 4.085040e-01
464 5.900960e-01 1.184000e-03 4.087200e-01
465 5.898520e-01 1.208000e-03 4.089400e-01
466 5.896640e-01 1.168000e-03 4.091680e-01
467 5.894320e-01 1.192000e-03 4.093760e-01
468 5.892280e-01 1.220000e-03 4.095520e-01
469 5.890000e-01 1.252000e-03 4.097480e-01
470 5.887280e-01 1.280000e-03 4.099920e-01
471 5.885320e-01 1.320000e-03 4.101480e-01
472 5.883400e-01 1.292000e-03 4.103680e-01
473 5.880760e-01 1.336000e-03 4.105880e-01
474 5.878120e-01 1.388000e-03 4.108000e-01
475 5.875680e-01 1.412000e-03 4.110200e-01
476 5.872640e-01 1.488000e-03 4.112480e-01
477 5.870680e-01 1.456000e-03 4.114760e-01
478 5.869040e-01 1.348000e-03 4.117480e-01
479 5.867120e-01 1.320000e-03 4.119680e-01
480 5.865360e-01 1.220000e-03 4.122440e-01
481 5.863640e-01 1.172000e-03 4.124640e-01
482 5.862120e-01 1.176000e-03 4.126120e-01
483 5.860680e-01 1.128000e-03 4.128040e-01
484 5.859360e-01 1.092000e-03 4.129720e-01
485 5.857240e-01 1.108000e-03 4.131680e-01
486 5.855400e-01 1.112000e-03 4.133480e-01
487 5.853520e-01 1.092000e-03 4.135560e-01
488 5.851760e-01 1.080000e-03 4.137440e-01
489 5.850160e-01 1.064000e-03 4.139200e-01
490 5.848800e-01 1.020000e-03 4.141000e-01
491 5.846520e-01 1.036000e-03 4.143120e-01
492 5.845000e-01 1.044000e-03 4.144560e-01
493 5.843520e-01 1.000000e-03 4.146480e-01
494 5.842640e-01 9.000000e-04 4.148360e-01
495 5.841640e-01 8.680000e-04 4.149680e-01
496 5.840040e-01 8.600000e-04 4.151360e-01
497 5.838640e-01 8.480000e-04 4.152880e-01
498 5.837160e-01 8.080000e-04 4.154760e-01
499 5.835840e-01 8.160000e-04 4.156000e-01
500 5.834480e-01 8.080000e-04 4.157440e-01
