1 9.992160e-01 7.120000e-04 7.200000e-05
2 9.986760e-01 1.132000e-03 1.920000e-04
3 9.980040e-01 1.584000e-03 4.120000e-04
4 9.972280e-01 2.020000e-03 7.520000e-04
5 9.964440e-01 2.400000e-03 1.156000e-03
6 9.955200e-01 2.888000e-03 1.592000e-03
7 9.945720e-01 3.288000e-03 2.140000e-03
8 9.935440e-01 3.724000e-03 2.732000e-03
9 9.924000e-01 4.168000e-03 3.432000e-03
10 9.914840e-01 4.280000e-03 4.236000e-03
11 9.904440e-01 4.476000e-03 5.080000e-03
12 9.893520e-01 4.760000e-03 5.888000e-03
13 9.882360e-01 5.052000e-03 6.712000e-03
14 9.871280e-01 5.224000e-03 7.648000e-03
15 9.859920e-01 5.348000e-03 8.660000e-03
16 9.847920e-01 5.680000e-03 9.528000e-03
17 9.835200e-01 5.916000e-03 1.056400e-02
18 9.823080e-01 6.140000e-03 1.155200e-02
19 9.812200e-01 6.104000e-03 1.267600e-02
20 9.799600e-01 6.264000e-03 1.377600e-02
21 9.786360e-01 6.524000e-03 1.484000e-02
22 9.774520e-01 6.608000e-03 1.594000e-02
23 9.761480e-01 6.724000e-03 1.712800e-02
24 9.747320e-01 7.024000e-03 1.824400e-02
25 9.734120e-01 7.036000e-03 1.955200e-02
26 9.719760e-01 7.172000e-03 2.085200e-02
27 9.704480e-01 7.360000e-03 2.219200e-02
28 9.688800e-01 7.700000e-03 2.342000e-02
29 9.673120e-01 7.988000e-03 2.470000e-02
30 9.658440e-01 8.140000e-03 2.601600e-02
31 9.644000e-01 8.056000e-03 2.754400e-02
32 9.628720e-01 8.128000e-03 2.900000e-02
33 9.613960e-01 8.268000e-03 3.033600e-02
34 9.598520e-01 8.300000e-03 3.184800e-02
35 9.581680e-01 8.540000e-03 3.329200e-02
36 9.565840e-01 8.700000e-03 3.471600e-02
37 9.548040e-01 8.972000e-03 3.622400e-02
38 9.530520e-01 9.168000e-03 3.778000e-02
39 9.513040e-01 9.492000e-03 3.920400e-02
40 9.496280e-01 9.460000e-03 4.091200e-02
41 9.480280e-01 9.352000e-03 4.262000e-02
42 9.462840e-01 9.488000e-03 4.422800e-02
43 9.445000e-01 9.704000e-03 4.579600e-02
44 9.426440e-01 9.776000e-03 4.758000e-02
45 9.409280e-01 9.824000e-03 4.924800e-02
46 9.392560e-01 9.708000e-03 5.103600e-02
47 9.376080e-01 9.616000e-03 5.277600e-02
48 9.359720e-01 9.560000e-03 5.446800e-02
49 9.344240e-01 9.556000e-03 5.602000e-02
50 9.328520e-01 9.524000e-03 5.762400e-02
51 9.313040e-01 9.292000e-03 5.940400e-02
52 9.298200e-01 8.988000e-03 6.119200e-02
53 9.283080e-01 8.796000e-03 6.289600e-02
54 9.268760e-01 8.688000e-03 6.443600e-02
55 9.253400e-01 8.684000e-03 6.597600e-02
56 9.238120e-01 8.660000e-03 6.752800e-02
57 9.222960e-01 8.604000e-03 6.910000e-02
58 9.209040e-01 8.524000e-03 7.057200e-02
59 9.194400e-01 8.544000e-03 7.201600e-02
60 9.180760e-01 8.376000e-03 7.354800e-02
61 9.166840e-01 8.300000e-03 7.501600e-02
62 9.153120e-01 8.272000e-03 7.641600e-02
63 9.138960e-01 8.160000e-03 7.794400e-02
64 9.124040e-01 8.284000e-03 7.931200e-02
65 9.110360e-01 8.104000e-03 8.086000e-02
66 9.096840e-01 8.072000e-03 8.224400e-02
67 9.083320e-01 7.880000e-03 8.378800e-02
68 9.068680e-01 7.936000e-03 8.519600e-02
69 9.054560e-01 7.952000e-03 8.659200e-02
70 9.041080e-01 7.892000e-03 8.800000e-02
71 9.026880e-01 7.932000e-03 8.938000e-02
72 9.012400e-01 8.032000e-03 9.072800e-02
73 8.998720e-01 7.988000e-03 9.214000e-02
74 8.984560e-01 7.920000e-03 9.362400e-02
75 8.969800e-01 8.008000e-03 9.501200e-02
76 8.957320e-01 7.812000e-03 9.645600e-02
77 8.945520e-01 7.560000e-03 9.788800e-02
78 8.932600e-01 7.568000e-03 9.917200e-02
79 8.919600e-01 7.516000e-03 1.005240e-01
80 8.907280e-01 7.448000e-03 1.018240e-01
81 8.896040e-01 7.260000e-03 1.031360e-01
82 8.882680e-01 7.456000e-03 1.042760e-01
83 8.869160e-01 7.492000e-03 1.055920e-01
84 8.857040e-01 7.344000e-03 1.069520e-01
85 8.842640e-01 7.468000e-03 1.082680e-01
86 8.830160e-01 7.412000e-03 1.095720e-01
87 8.817800e-01 7.548000e-03 1.106720e-01
88 8.803600e-01 7.736000e-03 1.119040e-01
89 8.790520e-01 7.664000e-03 1.132840e-01
90 8.776640e-01 7.736000e-03 1.146000e-01
91 8.762640e-01 7.744000e-03 1.159920e-01
92 8.750000e-01 7.588000e-03 1.174120e-01
93 8.738520e-01 7.412000e-03 1.187360e-01
94 8.726080e-01 7.400000e-03 1.199920e-01
95 8.713320e-01 7.384000e-03 1.212840e-01
96 8.701600e-01 7.236000e-03 1.226040e-01
97 8.689200e-01 7.256000e-03 1.238240e-01
98 8.677880e-01 7.072000e-03 1.251400e-01
99 8.665680e-01 7.084000e-03 1.263480e-01
100 8.655080e-01 6.948000e-03 1.275440e-01
101 8.642160e-01 7.092000e-03 1.286920e-01
102 8.631000e-01 6.976000e-03 1.299240e-01
103 8.618280e-01 7.112000e-03 1.310600e-01
104 8.605640e-01 7.172000e-03 1.322640e-01
105 8.592720e-01 7.172000e-03 1.335560e-01
106 8.580480e-01 7.100000e-03 1.348520e-01
107 8.569120e-01 6.888000e-03 1.362000e-01
108 8.556640e-01 6.940000e-03 1.373960e-01
109 8.545880e-01 6.728000e-03 1.386840e-01
110 8.535240e-01 6.600000e-03 1.398760e-01
111 8.523600e-01 6.660000e-03 1.409800e-01
112 8.512520e-01 6.568000e-03 1.421800e-01
113 8.500920e-01 6.540000e-03 1.433680e-01
114 8.489240e-01 6.580000e-03 1.444960e-01
115 8.477280e-01 6.592000e-03 1.456800e-01
116 8.465680e-01 6.628000e-03 1.468040e-01
117 8.452480e-01 6.780000e-03 1.479720e-01
118 8.440920e-01 6.704000e-03 1.492040e-01
119 8.430360e-01 6.612000e-03 1.503520e-01
120 8.417920e-01 6.608000e-03 1.516000e-01
121 8.407600e-01 6.524000e-03 1.527160e-01
122 8.397120e-01 6.400000e-03 1.538880e-01
123 8.387520e-01 6.284000e-03 1.549640e-01
124 8.378440e-01 6.068000e-03 1.560880e-01
125 8.368200e-01 6.040000e-03 1.571400e-01
126 8.357000e-01 6.028000e-03 1.582720e-01
127 8.345760e-01 6.052000e-03 1.593720e-01
128 8.335400e-01 5.988000e-03 1.604720e-01
129 8.324000e-01 6.124000e-03 1.614760e-01
130 8.312920e-01 6.196000e-03 1.625120e-01
131 8.301080e-01 6.364000e-03 1.635280e-01
132 8.289800e-01 6.488000e-03 1.645320e-01
133 8.279360e-01 6.432000e-03 1.656320e-01
134 8.268960e-01 6.336000e-03 1.667680e-01
135 8.258880e-01 6.208000e-03 1.679040e-01
136 8.249800e-01 6.060000e-03 1.689600e-01
137 8.239960e-01 5.940000e-03 1.700640e-01
138 8.228920e-01 6.092000e-03 1.710160e-01
139 8.218360e-01 6.076000e-03 1.720880e-01
140 8.208280e-01 6.048000e-03 1.731240e-01
141 8.197880e-01 6.060000e-03 1.741520e-01
142 8.187440e-01 6.100000e-03 1.751560e-01
143 8.176760e-01 6.104000e-03 1.762200e-01
144 8.165480e-01 6.176000e-03 1.772760e-01
145 8.155120e-01 6.204000e-03 1.782840e-01
146 8.143800e-01 6.312000e-03 1.793080e-01
147 8.132360e-01 6.396000e-03 1.803680e-01
148 8.121480e-01 6.468000e-03 1.813840e-01
149 8.111040e-01 6.360000e-03 1.825360e-01
150 8.100880e-01 6.228000e-03 1.836840e-01
151 8.090720e-01 6.012000e-03 1.849160e-01
152 8.081160e-01 5.868000e-03 1.860160e-01
153 8.070560e-01 6.024000e-03 1.869200e-01
154 8.060320e-01 6.100000e-03 1.878680e-01
155 8.049400e-01 6.064000e-03 1.889960e-01
156 8.038000e-01 6.148000e-03 1.900520e-01
157 8.028280e-01 6.044000e-03 1.911280e-01
158 8.019800e-01 5.860000e-03 1.921600e-01
159 8.010880e-01 5.732000e-03 1.931800e-01
160 8.002280e-01 5.620000e-03 1.941520e-01
161 7.992160e-01 5.772000e-03 1.950120e-01
162 7.982760e-01 5.700000e-03 1.960240e-01
163 7.971960e-01 5.836000e-03 1.969680e-01
164 7.961960e-01 5.836000e-03 1.979680e-01
165 7.953280e-01 5.604000e-03 1.990680e-01
166 7.944640e-01 5.484000e-03 2.000520e-01
167 7.934680e-01 5.488000e-03 2.010440e-01
168 7.924680e-01 5.512000e-03 2.020200e-01
169 7.915160e-01 5.516000e-03 2.029680e-01
170 7.904360e-01 5.672000e-03 2.038920e-01
171 7.894880e-01 5.572000e-03 2.049400e-01
172 7.886280e-01 5.472000e-03 2.059000e-01
173 7.877760e-01 5.400000e-03 2.068240e-01
174 7.868640e-01 5.452000e-03 2.076840e-01
175 7.859360e-01 5.416000e-03 2.086480e-01
176 7.851440e-01 5.304000e-03 2.095520e-01
177 7.843440e-01 5.148000e-03 2.105080e-01
178 7.833880e-01 5.256000e-03 2.113560e-01
179 7.825560e-01 5.148000e-03 2.122960e-01
180 7.816240e-01 5.288000e-03 2.130880e-01
181 7.807640e-01 5.244000e-03 2.139920e-01
182 7.798880e-01 5.280000e-03 2.148320e-01
183 7.789880e-01 5.224000e-03 2.157880e-01
184 7.781600e-01 5.168000e-03 2.166720e-01
185 7.773160e-01 5.164000e-03 2.175200e-01
186 7.764320e-01 5.224000e-03 2.183440e-01
187 7.756320e-01 5.204000e-03 2.191640e-01
188 7.746480e-01 5.192000e-03 2.201600e-01
189 7.737840e-01 5.136000e-03 2.210800e-01
190 7.729000e-01 5.136000e-03 2.219640e-01
191 7.721320e-01 4.996000e-03 2.228720e-01
192 7.713920e-01 4.892000e-03 2.237160e-01
193 7.706840e-01 4.696000e-03 2.246200e-01
194 7.697360e-01 4.900000e-03 2.253640e-01
195 7.688680e-01 4.972000e-03 2.261600e-01
196 7.680920e-01 4.812000e-03 2.270960e-01
197 7.673880e-01 4.636000e-03 2.279760e-01
198 7.666240e-01 4.592000e-03 2.287840e-01
199 7.659160e-01 4.560000e-03 2.295240e-01
200 7.652760e-01 4.384000e-03 2.303400e-01
201 7.645600e-01 4.280000e-03 2.311600e-01
202 7.638240e-01 4.252000e-03 2.319240e-01
203 7.631120e-01 4.188000e-03 2.327000e-01
204 7.624640e-01 4.072000e-03 2.334640e-01
205 7.617960e-01 4.052000e-03 2.341520e-01
206 7.612200e-01 3.940000e-03 2.348400e-01
207 7.605840e-01 3.884000e-03 2.355320e-01
208 7.599800e-01 3.788000e-03 2.362320e-01
209 7.593280e-01 3.824000e-03 2.368480e-01
210 7.585960e-01 3.872000e-03 2.375320e-01
211 7.579320e-01 3.908000e-03 2.381600e-01
212 7.572520e-01 3.904000e-03 2.388440e-01
213 7.566160e-01 3.840000e-03 2.395440e-01
214 7.559920e-01 3.800000e-03 2.402080e-01
215 7.554240e-01 3.696000e-03 2.408800e-01
216 7.549000e-01 3.544000e-03 2.415560e-01
217 7.542800e-01 3.516000e-03 2.422040e-01
218 7.537760e-01 3.420000e-03 2.428040e-01
219 7.532240e-01 3.372000e-03 2.434040e-01
220 7.526760e-01 3.296000e-03 2.440280e-01
221 7.521480e-01 3.204000e-03 2.446480e-01
222 7.514600e-01 3.336000e-03 2.452040e-01
223 7.508360e-01 3.320000e-03 2.458440e-01
224 7.502800e-01 3.328000e-03 2.463920e-01
225 7.497320e-01 3.332000e-03 2.469360e-01
226 7.491680e-01 3.292000e-03 2.475400e-01
227 7.485560e-01 3.368000e-03 2.480760e-01
228 7.480240e-01 3.272000e-03 2.487040e-01
229 7.474960e-01 3.256000e-03 2.492480e-01
230 7.469480e-01 3.308000e-03 2.497440e-01
231 7.463640e-01 3.340000e-03 2.502960e-01
232 7.459080e-01 3.176000e-03 2.509160e-01
233 7.453520e-01 3.172000e-03 2.514760e-01
234 7.447760e-01 3.164000e-03 2.520600e-01
235 7.442280e-01 3.160000e-03 2.526120e-01
236 7.437360e-01 3.112000e-03 2.531520e-01
237 7.432400e-01 3.028000e-03 2.537320e-01
238 7.427440e-01 3.048000e-03 2.542080e-01
239 7.421840e-01 3.000000e-03 2.548160e-01
240 7.417040e-01 2.952000e-03 2.553440e-01
241 7.411640e-01 3.036000e-03 2.558000e-01
242 7.406240e-01 3.080000e-03 2.562960e-01
243 7.401000e-01 3.076000e-03 2.568240e-01
244 7.395520e-01 3.044000e-03 2.574040e-01
245 7.390600e-01 2.972000e-03 2.579680e-01
246 7.386600e-01 2.900000e-03 2.584400e-01
247 7.380480e-01 2.992000e-03 2.589600e-01
248 7.375160e-01 3.136000e-03 2.593480e-01
249 7.370360e-01 3.068000e-03 2.598960e-01
250 7.365200e-01 3.084000e-03 2.603960e-01
251 7.359360e-01 3.108000e-03 2.609560e-01
252 7.353880e-01 3.116000e-03 2.614960e-01
253 7.349800e-01 2.952000e-03 2.620680e-01
254 7.345360e-01 2.908000e-03 2.625560e-01
255 7.340760e-01 2.836000e-03 2.630880e-01
256 7.336360e-01 2.832000e-03 2.635320e-01
257 7.331640e-01 2.884000e-03 2.639520e-01
258 7.327360e-01 2.764000e-03 2.645000e-01
259 7.323520e-01 2.676000e-03 2.649720e-01
260 7.319640e-01 2.608000e-03 2.654280e-01
261 7.316400e-01 2.492000e-03 2.658680e-01
262 7.312880e-01 2.404000e-03 2.663080e-01
263 7.309760e-01 2.296000e-03 2.667280e-01
264 7.305680e-01 2.352000e-03 2.670800e-01
265 7.301640e-01 2.304000e-03 2.675320e-01
266 7.297560e-01 2.400000e-03 2.678440e-01
267 7.293560e-01 2.360000e-03 2.682840e-01
268 7.289400e-01 2.396000e-03 2.686640e-01
269 7.285040e-01 2.368000e-03 2.691280e-01
270 7.280840e-01 2.360000e-03 2.695560e-01
271 7.277200e-01 2.412000e-03 2.698680e-01
272 7.273880e-01 2.348000e-03 2.702640e-01
273 7.271040e-01 2.228000e-03 2.706680e-01
274 7.268080e-01 2.156000e-03 2.710360e-01
275 7.264960e-01 2.132000e-03 2.713720e-01
276 7.262160e-01 2.072000e-03 2.717120e-01
277 7.259400e-01 1.944000e-03 2.721160e-01
278 7.256800e-01 1.840000e-03 2.724800e-01
279 7.253440e-01 1.884000e-03 2.727720e-01
280 7.250160e-01 1.868000e-03 2.731160e-01
281 7.247360e-01 1.816000e-03 2.734480e-01
282 7.245200e-01 1.748000e-03 2.737320e-01
283 7.243080e-01 1.636000e-03 2.740560e-01
284 7.240480e-01 1.640000e-03 2.743120e-01
285 7.238240e-01 1.620000e-03 2.745560e-01
286 7.235360e-01 1.644000e-03 2.748200e-01
287 7.233840e-01 1.496000e-03 2.751200e-01
288 7.231560e-01 1.460000e-03 2.753840e-01
289 7.229200e-01 1.460000e-03 2.756200e-01
290 7.226520e-01 1.456000e-03 2.758920e-01
291 7.224160e-01 1.444000e-03 2.761400e-01
292 7.222000e-01 1.412000e-03 2.763880e-01
293 7.218880e-01 1.492000e-03 2.766200e-01
294 7.216200e-01 1.484000e-03 2.768960e-01
295 7.212880e-01 1.492000e-03 2.772200e-01
296 7.210280e-01 1.496000e-03 2.774760e-01
297 7.207560e-01 1.480000e-03 2.777640e-01
298 7.204920e-01 1.488000e-03 2.780200e-01
299 7.202280e-01 1.520000e-03 2.782520e-01
300 7.198880e-01 1.604000e-03 2.785080e-01
301 7.195800e-01 1.612000e-03 2.788080e-01
302 7.192880e-01 1.608000e-03 2.791040e-01
303 7.188920e-01 1.700000e-03 2.794080e-01
304 7.185120e-01 1.732000e-03 2.797560e-01
305 7.182480e-01 1.688000e-03 2.800640e-01
306 7.179160e-01 1.760000e-03 2.803240e-01
307 7.176440e-01 1.700000e-03 2.806560e-01
308 7.173880e-01 1.664000e-03 2.809480e-01
309 7.170840e-01 1.668000e-03 2.812480e-01
310 7.167680e-01 1.656000e-03 2.815760e-01
311 7.165040e-01 1.612000e-03 2.818840e-01
312 7.161920e-01 1.668000e-03 2.821400e-01
313 7.158720e-01 1.644000e-03 2.824840e-01
314 7.155960e-01 1.652000e-03 2.827520e-01
315 7.153240e-01 1.612000e-03 2.830640e-01
316 7.149520e-01 1.680000e-03 2.833680e-01
317 7.146000e-01 1.720000e-03 2.836800e-01
318 7.142280e-01 1.752000e-03 2.840200e-01
319 7.139400e-01 1.768000e-03 2.842920e-01
320 7.136640e-01 1.720000e-03 2.846160e-01
321 7.133640e-01 1.752000e-03 2.848840e-01
322 7.130520e-01 1.784000e-03 2.851640e-01
323 7.128320e-01 1.664000e-03 2.855040e-01
324 7.125880e-01 1.628000e-03 2.857840e-01
325 7.123400e-01 1.608000e-03 2.860520e-01
326 7.120960e-01 1.532000e-03 2.863720e-01
327 7.118600e-01 1.512000e-03 2.866280e-01
328 7.115960e-01 1.508000e-03 2.868960e-01
329 7.113600e-01 1.480000e-03 2.871600e-01
330 7.111400e-01 1.436000e-03 2.874240e-01
331 7.109000e-01 1.416000e-03 2.876840e-01
332 7.107640e-01 1.344000e-03 2.878920e-01
333 7.105480e-01 1.348000e-03 2.881040e-01
334 7.103520e-01 1.276000e-03 2.883720e-01
335 7.101880e-01 1.252000e-03 2.885600e-01
336 7.099640e-01 1.272000e-03 2.887640e-01
337 7.096880e-01 1.356000e-03 2.889560e-01
338 7.094040e-01 1.412000e-03 2.891840e-01
339 7.092080e-01 1.376000e-03 2.894160e-01
340 7.089000e-01 1.396000e-03 2.897040e-01
341 7.087560e-01 1.304000e-03 2.899400e-01
342 7.085680e-01 1.220000e-03 2.902120e-01
343 7.084600e-01 1.148000e-03 2.903920e-01
344 7.083160e-01 1.108000e-03 2.905760e-01
345 7.081720e-01 1.056000e-03 2.907720e-01
346 7.080240e-01 9.840000e-04 2.909920e-01
347 7.078880e-01 1.008000e-03 2.911040e-01
348 7.077240e-01 9.760000e-04 2.913000e-01
349 7.075560e-01 9.920000e-04 2.914520e-01
350 7.074320e-01 9.680000e-04 2.916000e-01
351 7.072960e-01 9.600000e-04 2.917440e-01
352 7.071200e-01 9.680000e-04 2.919120e-01
353 7.069680e-01 9.760000e-04 2.920560e-01
354 7.068360e-01 9.560000e-04 2.922080e-01
355 7.067400e-01 8.480000e-04 2.924120e-01
356 7.066720e-01 7.840000e-04 2.925440e-01
357 7.065440e-01 7.520000e-04 2.927040e-01
358 7.064440e-01 7.200000e-04 2.928360e-01
359 7.063520e-01 6.560000e-04 2.929920e-01
360 7.062560e-01 6.640000e-04 2.930800e-01
361 7.061720e-01 6.320000e-04 2.931960e-01
362 7.061200e-01 5.520000e-04 2.933280e-01
363 7.060520e-01 5.200000e-04 2.934280e-01
364 7.060000e-01 4.720000e-04 2.935280e-01
365 7.058920e-01 4.680000e-04 2.936400e-01
366 7.058080e-01 4.760000e-04 2.937160e-01
367 7.057160e-01 4.960000e-04 2.937880e-01
368 7.055880e-01 5.080000e-04 2.939040e-01
369 7.055120e-01 4.840000e-04 2.940040e-01
370 7.053960e-01 5.080000e-04 2.940960e-01
371 7.053560e-01 4.600000e-04 2.941840e-01
372 7.052240e-01 5.400000e-04 2.942360e-01
373 7.051000e-01 5.640000e-04 2.943360e-01
374 7.049960e-01 5.520000e-04 2.944520e-01
375 7.049120e-01 5.560000e-04 2.945320e-01
376 7.048040e-01 5.880000e-04 2.946080e-01
377 7.047240e-01 5.720000e-04 2.947040e-01
378 7.046120e-01 6.080000e-04 2.947800e-01
379 7.045360e-01 5.720000e-04 2.948920e-01
380 7.044240e-01 5.680000e-04 2.950080e-01
381 7.043320e-01 5.520000e-04 2.951160e-01
382 7.042000e-01 6.000000e-04 2.952000e-01
383 7.041120e-01 5.960000e-04 2.952920e-01
384 7.040320e-01 5.840000e-04 2.953840e-01
385 7.039200e-01 6.040000e-04 2.954760e-01
386 7.038520e-01 5.760000e-04 2.955720e-01
387 7.037320e-01 6.120000e-04 2.956560e-01
388 7.036520e-01 5.920000e-04 2.957560e-01
389 7.035560e-01 5.960000e-04 2.958480e-01
390 7.034480e-01 5.840000e-04 2.959680e-01
391 7.033720e-01 5.600000e-04 2.960680e-01
392 7.032840e-01 5.560000e-04 2.961600e-01
393 7.032080e-01 5.400000e-04 2.962520e-01
394 7.031240e-01 5.120000e-04 2.963640e-01
395 7.030160e-01 5.360000e-04 2.964480e-01
396 7.029600e-01 4.840000e-04 2.965560e-01
397 7.028760e-01 5.080000e-04 2.966160e-01
398 7.027960e-01 5.120000e-04 2.966920e-01
399 7.027240e-01 4.600000e-04 2.968160e-01
400 7.026360e-01 4.640000e-04 2.969000e-01
401 7.025640e-01 4.600000e-04 2.969760e-01
402 7.024920e-01 4.480000e-04 2.970600e-01
403 7.024080e-01 4.360000e-04 2.971560e-01
404 7.023400e-01 4.080000e-04 2.972520e-01
405 7.022520e-01 4.000000e-04 2.973480e-01
406 7.021840e-01 3.840000e-04 2.974320e-01
407 7.020800e-01 4.240000e-04 2.974960e-01
408 7.019840e-01 4.480000e-04 2.975680e-01
409 7.018680e-01 5.000000e-04 2.976320e-01
410 7.017720e-01 5.520000e-04 2.976760e-01
411 7.016720e-01 5.440000e-04 2.977840e-01
412 7.015800e-01 5.360000e-04 2.978840e-01
413 7.014760e-01 5.400000e-04 2.979840e-01
414 7.013880e-01 4.880000e-04 2.981240e-01
415 7.013000e-01 4.800000e-04 2.982200e-01
416 7.012320e-01 4.680000e-04 2.983000e-01
417 7.011000e-01 4.960000e-04 2.984040e-01
418 7.009880e-01 5.120000e-04 2.985000e-01
419 7.009120e-01 5.280000e-04 2.985600e-01
420 7.008240e-01 5.400000e-04 2.986360e-01
421 7.007440e-01 5.600000e-04 2.986960e-01
422 7.006600e-01 5.520000e-04 2.987880e-01
423 7.005680e-01 5.280000e-04 2.989040e-01
424 7.004840e-01 5.080000e-04 2.990080e-01
425 7.003880e-01 5.400000e-04 2.990720e-01
426 7.003400e-01 5.000000e-04 2.991600e-01
427 7.002800e-01 4.520000e-04 2.992680e-01
428 7.001920e-01 4.840000e-04 2.993240e-01
429 7.001200e-01 4.600000e-04 2.994200e-01
430 7.000600e-01 4.440000e-04 2.994960e-01
431 6.999880e-01 4.120000e-04 2.996000e-01
432 6.999200e-01 4.280000e-04 2.996520e-01
433 6.997920e-01 4.800000e-04 2.997280e-01
434 6.997080e-01 4.640000e-04 2.998280e-01
435 6.995960e-01 4.720000e-04 2.999320e-01
436 6.994640e-01 5.280000e-04 3.000080e-01
437 6.993400e-01 5.520000e-04 3.001080e-01
438 6.992280e-01 5.440000e-04 3.002280e-01
439 6.990920e-01 5.640000e-04 3.003440e-01
440 6.989920e-01 5.880000e-04 3.004200e-01
441 6.989040e-01 5.840000e-04 3.005120e-01
442 6.987920e-01 6.040000e-04 3.006040e-01
443 6.986960e-01 6.200000e-04 3.006840e-01
444 6.986080e-01 5.880000e-04 3.008040e-01
445 6.985240e-01 5.680000e-04 3.009080e-01
446 6.984600e-01 5.400000e-04 3.010000e-01
447 6.983880e-01 5.400000e-04 3.010720e-01
448 6.982480e-01 5.960000e-04 3.011560e-01
449 6.981640e-01 5.680000e-04 3.012680e-01
450 6.980480e-01 6.000000e-04 3.013520e-01
451 6.979560e-01 6.080000e-04 3.014360e-01
452 6.978640e-01 6.240000e-04 3.015120e-01
453 6.977640e-01 6.120000e-04 3.016240e-01
454 6.976720e-01 5.960000e-04 3.017320e-01
455 6.976280e-01 5.480000e-04 3.018240e-01
456 6.975280e-01 5.560000e-04 3.019160e-01
457 6.974440e-01 5.440000e-04 3.020120e-01
458 6.973080e-01 6.000000e-04 3.020920e-01
459 6.972400e-01 5.840000e-04 3.021760e-01
460 6.971240e-01 6.320000e-04 3.022440e-01
461 6.969960e-01 6.480000e-04 3.023560e-01
462 6.968960e-01 6.240000e-04 3.024800e-01
463 6.967880e-01 6.200000e-04 3.025920e-01
464 6.966840e-01 6.280000e-04 3.026880e-01
465 6.965600e-01 6.600000e-04 3.027800e-01
466 6.964240e-01 6.640000e-04 3.029120e-01
467 6.962960e-01 6.720000e-04 3.030320e-01
468 6.961600e-01 6.880000e-04 3.031520e-01
469 6.960320e-01 7.120000e-04 3.032560e-01
470 6.958800e-01 7.360000e-04 3.033840e-01
471 6.956640e-01 8.160000e-04 3.035200e-01
472 6.954720e-01 8.800000e-04 3.036480e-01
473 6.952400e-01 9.360000e-04 3.038240e-01
474 6.950640e-01 9.840000e-04 3.039520e-01
475 6.948840e-01 1.040000e-03 3.040760e-01
476 6.947200e-01 1.032000e-03 3.042480e-01
477 6.945560e-01 1.032000e-03 3.044120e-01
478 6.943480e-01 1.072000e-03 3.045800e-01
479 6.941160e-01 1.120000e-03 3.047640e-01
480 6.939640e-01 1.080000e-03 3.049560e-01
481 6.937280e-01 1.104000e-03 3.051680e-01
482 6.935640e-01 1.020000e-03 3.054160e-01
483 6.934000e-01 1.000000e-03 3.056000e-01
484 6.932400e-01 9.880000e-04 3.057720e-01
485 6.930560e-01 1.008000e-03 3.059360e-01
486 6.929160e-01 9.920000e-04 3.060920e-01
487 6.927360e-01 1.000000e-03 3.062640e-01
488 6.926000e-01 9.440000e-04 3.064560e-01
489 6.924440e-01 9.800000e-04 3.065760e-01
490 6.922760e-01 9.720000e-04 3.067520e-01
491 6.921120e-01 9.880000e-04 3.069000e-01
492 6.919360e-01 9.720000e-04 3.070920e-01
493 6.917600e-01 9.960000e-04 3.072440e-01
494 6.915160e-01 1.068000e-03 3.074160e-01
495 6.913280e-01 1.116000e-03 3.075560e-01
496 6.911320e-01 1.124000e-03 3.077440e-01
497 6.910040e-01 1.032000e-03 3.079640e-01
498 6.908400e-01 1.000000e-03 3.081600e-01
499 6.906640e-01 9.840000e-04 3.083520e-01
500 6.904720e-01 1.044000e-03 3.084840e-01
