1 9.993080e-01 6.000000e-04 9.200000e-05
2 9.988400e-01 9.880000e-04 1.720000e-04
3 9.982360e-01 1.396000e-03 3.680000e-04
4 9.974320e-01 1.904000e-03 6.640000e-04
5 9.966680e-01 2.256000e-03 1.076000e-03
6 9.958400e-01 2.656000e-03 1.504000e-03
7 9.949400e-01 2.980000e-03 2.080000e-03
8 9.940720e-01 3.312000e-03 2.616000e-03
9 9.930920e-01 3.744000e-03 3.164000e-03
10 9.920960e-01 4.024000e-03 3.880000e-03
11 9.910960e-01 4.240000e-03 4.664000e-03
12 9.899680e-01 4.628000e-03 5.404000e-03
13 9.889600e-01 4.792000e-03 6.248000e-03
14 9.880160e-01 4.964000e-03 7.020000e-03
15 9.869480e-01 5.132000e-03 7.920000e-03
16 9.858520e-01 5.192000e-03 8.956000e-03
17 9.846360e-01 5.428000e-03 9.936000e-03
18 9.835760e-01 5.524000e-03 1.090000e-02
19 9.825880e-01 5.520000e-03 1.189200e-02
20 9.815400e-01 5.524000e-03 1.293600e-02
21 9.804640e-01 5.540000e-03 1.399600e-02
22 9.792880e-01 5.716000e-03 1.499600e-02
23 9.781320e-01 5.852000e-03 1.601600e-02
24 9.769320e-01 5.964000e-03 1.710400e-02
25 9.757640e-01 6.068000e-03 1.816800e-02
26 9.745600e-01 6.300000e-03 1.914000e-02
27 9.734120e-01 6.320000e-03 2.026800e-02
28 9.721880e-01 6.428000e-03 2.138400e-02
29 9.711040e-01 6.384000e-03 2.251200e-02
30 9.700640e-01 6.356000e-03 2.358000e-02
31 9.689040e-01 6.368000e-03 2.472800e-02
32 9.677480e-01 6.452000e-03 2.580000e-02
33 9.664640e-01 6.556000e-03 2.698000e-02
34 9.651800e-01 6.604000e-03 2.821600e-02
35 9.640320e-01 6.696000e-03 2.927200e-02
36 9.627760e-01 6.820000e-03 3.040400e-02
37 9.614560e-01 7.056000e-03 3.148800e-02
38 9.602120e-01 7.068000e-03 3.272000e-02
39 9.588360e-01 7.124000e-03 3.404000e-02
40 9.574800e-01 7.108000e-03 3.541200e-02
41 9.562080e-01 7.148000e-03 3.664400e-02
42 9.547520e-01 7.324000e-03 3.792400e-02
43 9.534360e-01 7.420000e-03 3.914400e-02
44 9.519160e-01 7.632000e-03 4.045200e-02
45 9.504360e-01 7.864000e-03 4.170000e-02
46 9.489320e-01 7.932000e-03 4.313600e-02
47 9.474920e-01 7.972000e-03 4.453600e-02
48 9.459760e-01 7.980000e-03 4.604400e-02
49 9.445480e-01 7.868000e-03 4.758400e-02
50 9.430800e-01 7.948000e-03 4.897200e-02
51 9.416040e-01 8.104000e-03 5.029200e-02
52 9.402200e-01 8.076000e-03 5.170400e-02
53 9.386480e-01 8.272000e-03 5.308000e-02
54 9.370040e-01 8.536000e-03 5.446000e-02
55 9.356480e-01 8.384000e-03 5.596800e-02
56 9.343280e-01 7.992000e-03 5.768000e-02
57 9.328720e-01 8.120000e-03 5.900800e-02
58 9.314920e-01 8.164000e-03 6.034400e-02
59 9.300120e-01 8.268000e-03 6.172000e-02
60 9.287440e-01 7.984000e-03 6.327200e-02
61 9.273920e-01 7.928000e-03 6.468000e-02
62 9.258520e-01 8.160000e-03 6.598800e-02
63 9.243680e-01 8.124000e-03 6.750800e-02
64 9.228400e-01 8.336000e-03 6.882400e-02
65 9.212440e-01 8.512000e-03 7.024400e-02
66 9.197160e-01 8.580000e-03 7.170400e-02
67 9.179440e-01 8.844000e-03 7.321200e-02
68 9.165720e-01 8.740000e-03 7.468800e-02
69 9.148560e-01 8.872000e-03 7.627200e-02
70 9.132040e-01 8.904000e-03 7.789200e-02
71 9.115720e-01 8.956000e-03 7.947200e-02
72 9.099840e-01 8.860000e-03 8.115600e-02
73 9.082800e-01 9.024000e-03 8.269600e-02
74 9.066200e-01 8.968000e-03 8.441200e-02
75 9.051080e-01 8.776000e-03 8.611600e-02
76 9.036560e-01 8.672000e-03 8.767200e-02
77 9.020920e-01 8.744000e-03 8.916400e-02
78 9.003440e-01 8.992000e-03 9.066400e-02
79 8.987000e-01 9.092000e-03 9.220800e-02
80 8.970680e-01 9.048000e-03 9.388400e-02
81 8.954000e-01 8.988000e-03 9.561200e-02
82 8.937120e-01 9.124000e-03 9.716400e-02
83 8.921440e-01 9.000000e-03 9.885600e-02
84 8.906040e-01 8.892000e-03 1.005040e-01
85 8.890680e-01 8.916000e-03 1.020160e-01
86 8.875680e-01 8.800000e-03 1.036320e-01
87 8.859440e-01 8.992000e-03 1.050640e-01
88 8.844880e-01 8.932000e-03 1.065800e-01
89 8.829280e-01 8.952000e-03 1.081200e-01
90 8.814320e-01 8.636000e-03 1.099320e-01
91 8.800880e-01 8.420000e-03 1.114920e-01
92 8.787040e-01 8.204000e-03 1.130920e-01
93 8.773840e-01 8.140000e-03 1.144760e-01
94 8.760760e-01 7.936000e-03 1.159880e-01
95 8.747720e-01 7.732000e-03 1.174960e-01
96 8.735200e-01 7.616000e-03 1.188640e-01
97 8.724440e-01 7.424000e-03 1.201320e-01
98 8.712800e-01 7.208000e-03 1.215120e-01
99 8.701120e-01 7.160000e-03 1.227280e-01
100 8.690600e-01 6.948000e-03 1.239920e-01
101 8.679800e-01 6.772000e-03 1.252480e-01
102 8.666760e-01 6.876000e-03 1.264480e-01
103 8.653840e-01 6.956000e-03 1.276600e-01
104 8.641840e-01 6.968000e-03 1.288480e-01
105 8.627840e-01 7.272000e-03 1.299440e-01
106 8.615400e-01 7.244000e-03 1.312160e-01
107 8.600800e-01 7.336000e-03 1.325840e-01
108 8.588840e-01 7.280000e-03 1.338360e-01
109 8.577080e-01 7.220000e-03 1.350720e-01
110 8.565080e-01 7.100000e-03 1.363920e-01
111 8.553520e-01 7.068000e-03 1.375800e-01
112 8.541160e-01 7.056000e-03 1.388280e-01
113 8.528760e-01 7.080000e-03 1.400440e-01
114 8.517680e-01 6.976000e-03 1.412560e-01
115 8.506600e-01 6.796000e-03 1.425440e-01
116 8.494840e-01 6.804000e-03 1.437120e-01
117 8.484240e-01 6.756000e-03 1.448200e-01
118 8.472720e-01 6.800000e-03 1.459280e-01
119 8.462680e-01 6.592000e-03 1.471400e-01
120 8.450640e-01 6.620000e-03 1.483160e-01
121 8.439280e-01 6.680000e-03 1.493920e-01
122 8.428800e-01 6.600000e-03 1.505200e-01
123 8.417440e-01 6.452000e-03 1.518040e-01
124 8.407400e-01 6.272000e-03 1.529880e-01
125 8.396880e-01 6.248000e-03 1.540640e-01
126 8.384600e-01 6.356000e-03 1.551840e-01
127 8.372640e-01 6.516000e-03 1.562200e-01
128 8.360800e-01 6.624000e-03 1.572960e-01
129 8.349560e-01 6.628000e-03 1.584160e-01
130 8.338600e-01 6.600000e-03 1.595400e-01
131 8.326600e-01 6.736000e-03 1.606040e-01
132 8.315560e-01 6.684000e-03 1.617600e-01
133 8.304200e-01 6.792000e-03 1.627880e-01
134 8.292040e-01 6.952000e-03 1.638440e-01
135 8.278720e-01 6.976000e-03 1.651520e-01
136 8.267640e-01 6.864000e-03 1.663720e-01
137 8.256440e-01 6.892000e-03 1.674640e-01
138 8.245160e-01 6.892000e-03 1.685920e-01
139 8.234040e-01 6.828000e-03 1.697680e-01
140 8.222720e-01 6.732000e-03 1.709960e-01
141 8.212040e-01 6.716000e-03 1.720800e-01
142 8.199640e-01 6.744000e-03 1.732920e-01
143 8.187600e-01 6.732000e-03 1.745080e-01
144 8.176880e-01 6.672000e-03 1.756400e-01
145 8.165280e-01 6.688000e-03 1.767840e-01
146 8.155280e-01 6.508000e-03 1.779640e-01
147 8.143600e-01 6.512000e-03 1.791280e-01
148 8.132760e-01 6.412000e-03 1.803120e-01
149 8.121200e-01 6.388000e-03 1.814920e-01
150 8.110880e-01 6.336000e-03 1.825760e-01
151 8.098600e-01 6.428000e-03 1.837120e-01
152 8.085520e-01 6.676000e-03 1.847720e-01
153 8.073280e-01 6.740000e-03 1.859320e-01
154 8.061200e-01 6.860000e-03 1.870200e-01
155 8.049760e-01 6.920000e-03 1.881040e-01
156 8.036640e-01 7.012000e-03 1.893240e-01
157 8.024000e-01 7.148000e-03 1.904520e-01
158 8.013160e-01 6.960000e-03 1.917240e-01
159 8.001240e-01 6.912000e-03 1.929640e-01
160 7.990040e-01 6.792000e-03 1.942040e-01
161 7.978840e-01 6.716000e-03 1.954000e-01
162 7.968600e-01 6.588000e-03 1.965520e-01
163 7.958000e-01 6.436000e-03 1.977640e-01
164 7.948480e-01 6.200000e-03 1.989520e-01
165 7.938000e-01 6.108000e-03 2.000920e-01
166 7.927640e-01 6.076000e-03 2.011600e-01
167 7.917720e-01 6.092000e-03 2.021360e-01
168 7.906920e-01 6.096000e-03 2.032120e-01
169 7.897800e-01 5.860000e-03 2.043600e-01
170 7.888720e-01 5.764000e-03 2.053640e-01
171 7.880320e-01 5.652000e-03 2.063160e-01
172 7.870480e-01 5.540000e-03 2.074120e-01
173 7.860600e-01 5.480000e-03 2.084600e-01
174 7.851080e-01 5.392000e-03 2.095000e-01
175 7.843800e-01 5.140000e-03 2.104800e-01
176 7.835080e-01 5.084000e-03 2.114080e-01
177 7.826760e-01 5.064000e-03 2.122600e-01
178 7.818560e-01 5.036000e-03 2.131080e-01
179 7.809880e-01 4.956000e-03 2.140560e-01
180 7.800720e-01 5.024000e-03 2.149040e-01
181 7.792200e-01 5.028000e-03 2.157520e-01
182 7.783400e-01 4.948000e-03 2.167120e-01
183 7.774040e-01 5.012000e-03 2.175840e-01
184 7.764480e-01 5.176000e-03 2.183760e-01
185 7.755240e-01 5.248000e-03 2.192280e-01
186 7.746640e-01 5.188000e-03 2.201480e-01
187 7.738240e-01 5.136000e-03 2.210400e-01
188 7.728800e-01 5.116000e-03 2.220040e-01
189 7.720400e-01 4.980000e-03 2.229800e-01
190 7.712040e-01 4.916000e-03 2.238800e-01
191 7.704360e-01 4.872000e-03 2.246920e-01
192 7.696920e-01 4.652000e-03 2.256560e-01
193 7.689120e-01 4.660000e-03 2.264280e-01
194 7.680960e-01 4.644000e-03 2.272600e-01
195 7.672840e-01 4.632000e-03 2.280840e-01
196 7.663600e-01 4.764000e-03 2.288760e-01
197 7.655200e-01 4.740000e-03 2.297400e-01
198 7.647760e-01 4.684000e-03 2.305400e-01
199 7.639200e-01 4.752000e-03 2.313280e-01
200 7.631680e-01 4.688000e-03 2.321440e-01
201 7.624920e-01 4.560000e-03 2.329480e-01
202 7.617760e-01 4.572000e-03 2.336520e-01
203 7.609920e-01 4.608000e-03 2.344000e-01
204 7.600960e-01 4.664000e-03 2.352400e-01
205 7.591800e-01 4.720000e-03 2.361000e-01
206 7.585480e-01 4.484000e-03 2.369680e-01
207 7.578480e-01 4.460000e-03 2.376920e-01
208 7.570240e-01 4.540000e-03 2.384360e-01
209 7.563080e-01 4.432000e-03 2.392600e-01
210 7.554680e-01 4.416000e-03 2.401160e-01
211 7.547640e-01 4.320000e-03 2.409160e-01
212 7.539280e-01 4.412000e-03 2.416600e-01
213 7.531440e-01 4.364000e-03 2.424920e-01
214 7.523160e-01 4.368000e-03 2.433160e-01
215 7.515600e-01 4.356000e-03 2.440840e-01
216 7.508520e-01 4.308000e-03 2.448400e-01
217 7.500280e-01 4.492000e-03 2.454800e-01
218 7.492320e-01 4.404000e-03 2.463640e-01
219 7.484400e-01 4.376000e-03 2.471840e-01
220 7.476400e-01 4.444000e-03 2.479160e-01
221 7.468240e-01 4.432000e-03 2.487440e-01
222 7.460120e-01 4.440000e-03 2.495480e-01
223 7.451280e-01 4.568000e-03 2.503040e-01
224 7.442520e-01 4.616000e-03 2.511320e-01
225 7.433160e-01 4.744000e-03 2.519400e-01
226 7.424160e-01 4.816000e-03 2.527680e-01
227 7.415440e-01 4.848000e-03 2.536080e-01
228 7.407280e-01 4.924000e-03 2.543480e-01
229 7.398600e-01 4.908000e-03 2.552320e-01
230 7.389720e-01 4.924000e-03 2.561040e-01
231 7.380280e-01 5.020000e-03 2.569520e-01
232 7.370800e-01 5.040000e-03 2.578800e-01
233 7.362360e-01 5.000000e-03 2.587640e-01
234 7.352720e-01 4.984000e-03 2.597440e-01
235 7.345040e-01 4.856000e-03 2.606400e-01
236 7.336720e-01 4.808000e-03 2.615200e-01
237 7.327960e-01 4.804000e-03 2.624000e-01
238 7.320880e-01 4.692000e-03 2.632200e-01
239 7.313360e-01 4.576000e-03 2.640880e-01
240 7.306160e-01 4.532000e-03 2.648520e-01
241 7.298920e-01 4.356000e-03 2.657520e-01
242 7.292000e-01 4.244000e-03 2.665560e-01
243 7.284320e-01 4.240000e-03 2.673280e-01
244 7.277720e-01 4.216000e-03 2.680120e-01
245 7.269960e-01 4.200000e-03 2.688040e-01
246 7.261640e-01 4.324000e-03 2.695120e-01
247 7.253520e-01 4.356000e-03 2.702920e-01
248 7.246200e-01 4.436000e-03 2.709440e-01
249 7.237480e-01 4.524000e-03 2.717280e-01
250 7.229240e-01 4.568000e-03 2.725080e-01
251 7.219920e-01 4.708000e-03 2.733000e-01
252 7.211040e-01 4.744000e-03 2.741520e-01
253 7.201960e-01 4.824000e-03 2.749800e-01
254 7.191720e-01 4.964000e-03 2.758640e-01
255 7.182880e-01 5.004000e-03 2.767080e-01
256 7.172400e-01 5.232000e-03 2.775280e-01
257 7.161840e-01 5.388000e-03 2.784280e-01
258 7.150880e-01 5.476000e-03 2.794360e-01
259 7.140880e-01 5.460000e-03 2.804520e-01
260 7.132240e-01 5.252000e-03 2.815240e-01
261 7.124400e-01 5.032000e-03 2.825280e-01
262 7.115880e-01 5.012000e-03 2.834000e-01
263 7.106440e-01 5.008000e-03 2.843480e-01
264 7.099000e-01 4.840000e-03 2.852600e-01
265 7.090440e-01 4.916000e-03 2.860400e-01
266 7.082000e-01 4.940000e-03 2.868600e-01
267 7.073080e-01 4.996000e-03 2.876960e-01
268 7.064720e-01 4.892000e-03 2.886360e-01
269 7.056600e-01 4.860000e-03 2.894800e-01
270 7.047840e-01 4.860000e-03 2.903560e-01
271 7.040040e-01 4.772000e-03 2.912240e-01
272 7.031720e-01 4.732000e-03 2.920960e-01
273 7.024960e-01 4.484000e-03 2.930200e-01
274 7.018600e-01 4.292000e-03 2.938480e-01
275 7.012360e-01 4.140000e-03 2.946240e-01
276 7.005840e-01 4.184000e-03 2.952320e-01
277 6.999400e-01 4.132000e-03 2.959280e-01
278 6.993360e-01 4.088000e-03 2.965760e-01
279 6.986920e-01 3.888000e-03 2.974200e-01
280 6.980600e-01 3.856000e-03 2.980840e-01
281 6.974320e-01 3.880000e-03 2.986880e-01
282 6.966280e-01 4.044000e-03 2.993280e-01
283 6.959480e-01 4.036000e-03 3.000160e-01
284 6.952640e-01 3.932000e-03 3.008040e-01
285 6.946320e-01 3.832000e-03 3.015360e-01
286 6.939680e-01 3.892000e-03 3.021400e-01
287 6.931560e-01 3.980000e-03 3.028640e-01
288 6.924320e-01 3.936000e-03 3.036320e-01
289 6.917240e-01 3.988000e-03 3.042880e-01
290 6.911080e-01 3.904000e-03 3.049880e-01
291 6.903520e-01 4.012000e-03 3.056360e-01
292 6.896280e-01 3.968000e-03 3.064040e-01
293 6.889040e-01 3.984000e-03 3.071120e-01
294 6.882920e-01 3.836000e-03 3.078720e-01
295 6.876800e-01 3.776000e-03 3.085440e-01
296 6.870280e-01 3.764000e-03 3.092080e-01
297 6.864640e-01 3.692000e-03 3.098440e-01
298 6.858400e-01 3.676000e-03 3.104840e-01
299 6.851920e-01 3.748000e-03 3.110600e-01
300 6.845440e-01 3.728000e-03 3.117280e-01
301 6.839760e-01 3.692000e-03 3.123320e-01
302 6.834600e-01 3.580000e-03 3.129600e-01
303 6.828560e-01 3.568000e-03 3.135760e-01
304 6.822920e-01 3.472000e-03 3.142360e-01
305 6.816240e-01 3.556000e-03 3.148200e-01
306 6.809840e-01 3.616000e-03 3.154000e-01
307 6.803400e-01 3.576000e-03 3.160840e-01
308 6.797280e-01 3.556000e-03 3.167160e-01
309 6.790920e-01 3.584000e-03 3.173240e-01
310 6.784400e-01 3.628000e-03 3.179320e-01
311 6.777880e-01 3.692000e-03 3.185200e-01
312 6.771040e-01 3.760000e-03 3.191360e-01
313 6.763560e-01 3.876000e-03 3.197680e-01
314 6.756840e-01 3.904000e-03 3.204120e-01
315 6.750160e-01 3.856000e-03 3.211280e-01
316 6.742960e-01 3.852000e-03 3.218520e-01
317 6.736800e-01 3.824000e-03 3.224960e-01
318 6.729920e-01 3.820000e-03 3.231880e-01
319 6.723200e-01 3.804000e-03 3.238760e-01
320 6.717800e-01 3.668000e-03 3.245520e-01
321 6.712280e-01 3.636000e-03 3.251360e-01
322 6.706120e-01 3.580000e-03 3.258080e-01
323 6.700160e-01 3.576000e-03 3.264080e-01
324 6.694320e-01 3.640000e-03 3.269280e-01
325 6.688840e-01 3.548000e-03 3.275680e-01
326 6.683360e-01 3.428000e-03 3.282360e-01
327 6.677880e-01 3.436000e-03 3.287760e-01
328 6.671800e-01 3.400000e-03 3.294200e-01
329 6.665720e-01 3.424000e-03 3.300040e-01
330 6.659920e-01 3.444000e-03 3.305640e-01
331 6.654800e-01 3.392000e-03 3.311280e-01
332 6.649840e-01 3.352000e-03 3.316640e-01
333 6.643840e-01 3.388000e-03 3.322280e-01
334 6.638880e-01 3.352000e-03 3.327600e-01
335 6.633000e-01 3.340000e-03 3.333600e-01
336 6.629000e-01 3.144000e-03 3.339560e-01
337 6.624040e-01 3.088000e-03 3.345080e-01
338 6.619200e-01 3.044000e-03 3.350360e-01
339 6.614760e-01 2.964000e-03 3.355600e-01
340 6.610160e-01 2.936000e-03 3.360480e-01
341 6.605600e-01 2.932000e-03 3.365080e-01
342 6.601480e-01 2.860000e-03 3.369920e-01
343 6.596520e-01 2.884000e-03 3.374640e-01
344 6.591200e-01 2.968000e-03 3.379120e-01
345 6.586000e-01 2.996000e-03 3.384040e-01
346 6.581160e-01 2.884000e-03 3.390000e-01
347 6.576280e-01 2.888000e-03 3.394840e-01
348 6.571800e-01 2.820000e-03 3.400000e-01
349 6.567320e-01 2.648000e-03 3.406200e-01
350 6.563640e-01 2.508000e-03 3.411280e-01
351 6.559760e-01 2.500000e-03 3.415240e-01
352 6.555360e-01 2.492000e-03 3.419720e-01
353 6.551280e-01 2.508000e-03 3.423640e-01
354 6.547560e-01 2.392000e-03 3.428520e-01
355 6.543120e-01 2.464000e-03 3.432240e-01
356 6.539160e-01 2.408000e-03 3.436760e-01
357 6.535440e-01 2.436000e-03 3.440200e-01
358 6.531440e-01 2.368000e-03 3.444880e-01
359 6.528480e-01 2.276000e-03 3.448760e-01
360 6.523960e-01 2.364000e-03 3.452400e-01
361 6.520200e-01 2.308000e-03 3.456720e-01
362 6.516200e-01 2.284000e-03 3.460960e-01
363 6.512280e-01 2.260000e-03 3.465120e-01
364 6.507880e-01 2.292000e-03 3.469200e-01
365 6.504120e-01 2.272000e-03 3.473160e-01
366 6.500280e-01 2.204000e-03 3.477680e-01
367 6.497000e-01 2.084000e-03 3.482160e-01
368 6.493760e-01 2.008000e-03 3.486160e-01
369 6.490280e-01 2.024000e-03 3.489480e-01
370 6.487080e-01 2.028000e-03 3.492640e-01
371 6.484200e-01 2.024000e-03 3.495560e-01
372 6.481040e-01 2.024000e-03 3.498720e-01
373 6.478080e-01 1.952000e-03 3.502400e-01
374 6.475160e-01 1.904000e-03 3.505800e-01
375 6.472240e-01 1.836000e-03 3.509400e-01
376 6.469480e-01 1.816000e-03 3.512360e-01
377 6.466680e-01 1.796000e-03 3.515360e-01
378 6.464440e-01 1.668000e-03 3.518880e-01
379 6.462200e-01 1.632000e-03 3.521480e-01
380 6.459640e-01 1.616000e-03 3.524200e-01
381 6.457520e-01 1.560000e-03 3.526880e-01
382 6.454480e-01 1.588000e-03 3.529640e-01
383 6.452080e-01 1.576000e-03 3.532160e-01
384 6.449760e-01 1.516000e-03 3.535080e-01
385 6.447560e-01 1.428000e-03 3.538160e-01
386 6.445360e-01 1.300000e-03 3.541640e-01
387 6.444000e-01 1.236000e-03 3.543640e-01
388 6.442320e-01 1.212000e-03 3.545560e-01
389 6.439760e-01 1.288000e-03 3.547360e-01
390 6.437200e-01 1.312000e-03 3.549680e-01
391 6.435160e-01 1.264000e-03 3.552200e-01
392 6.432800e-01 1.288000e-03 3.554320e-01
393 6.430920e-01 1.264000e-03 3.556440e-01
394 6.428760e-01 1.264000e-03 3.558600e-01
395 6.426360e-01 1.288000e-03 3.560760e-01
396 6.424480e-01 1.236000e-03 3.563160e-01
397 6.422400e-01 1.216000e-03 3.565440e-01
398 6.421000e-01 1.212000e-03 3.566880e-01
399 6.419440e-01 1.152000e-03 3.569040e-01
400 6.417400e-01 1.192000e-03 3.570680e-01
401 6.415600e-01 1.156000e-03 3.572840e-01
402 6.414520e-01 1.084000e-03 3.574640e-01
403 6.413240e-01 1.068000e-03 3.576080e-01
404 6.411840e-01 1.012000e-03 3.578040e-01
405 6.410480e-01 9.880000e-04 3.579640e-01
406 6.408800e-01 9.760000e-04 3.581440e-01
407 6.407720e-01 8.800000e-04 3.583480e-01
408 6.406000e-01 8.840000e-04 3.585160e-01
409 6.404040e-01 9.400000e-04 3.586560e-01
410 6.402440e-01 9.120000e-04 3.588440e-01
411 6.401400e-01 8.600000e-04 3.590000e-01
412 6.400040e-01 8.440000e-04 3.591520e-01
413 6.398960e-01 8.560000e-04 3.592480e-01
414 6.397960e-01 7.920000e-04 3.594120e-01
415 6.397160e-01 7.080000e-04 3.595760e-01
416 6.395600e-01 7.360000e-04 3.597040e-01
417 6.394480e-01 7.440000e-04 3.598080e-01
418 6.393360e-01 7.280000e-04 3.599360e-01
419 6.392080e-01 7.560000e-04 3.600360e-01
420 6.391000e-01 7.480000e-04 3.601520e-01
421 6.389680e-01 7.520000e-04 3.602800e-01
422 6.388160e-01 7.160000e-04 3.604680e-01
423 6.386760e-01 7.560000e-04 3.605680e-01
424 6.385360e-01 7.320000e-04 3.607320e-01
425 6.383640e-01 7.640000e-04 3.608720e-01
426 6.382360e-01 7.840000e-04 3.609800e-01
427 6.380520e-01 8.400000e-04 3.611080e-01
428 6.378720e-01 8.840000e-04 3.612440e-01
429 6.376960e-01 9.320000e-04 3.613720e-01
430 6.375520e-01 8.920000e-04 3.615560e-01
431 6.373760e-01 8.920000e-04 3.617320e-01
432 6.372240e-01 9.080000e-04 3.618680e-01
433 6.370480e-01 9.240000e-04 3.620280e-01
434 6.369080e-01 9.280000e-04 3.621640e-01
435 6.367280e-01 9.000000e-04 3.623720e-01
436 6.365960e-01 8.960000e-04 3.625080e-01
437 6.364840e-01 8.600000e-04 3.626560e-01
438 6.363440e-01 8.320000e-04 3.628240e-01
439 6.362040e-01 8.160000e-04 3.629800e-01
440 6.360480e-01 8.360000e-04 3.631160e-01
441 6.358880e-01 8.720000e-04 3.632400e-01
442 6.356960e-01 9.200000e-04 3.633840e-01
443 6.355800e-01 8.680000e-04 3.635520e-01
444 6.354320e-01 8.560000e-04 3.637120e-01
445 6.353320e-01 8.040000e-04 3.638640e-01
446 6.351640e-01 8.240000e-04 3.640120e-01
447 6.350520e-01 8.160000e-04 3.641320e-01
448 6.349160e-01 7.800000e-04 3.643040e-01
449 6.347920e-01 7.760000e-04 3.644320e-01
450 6.346800e-01 7.560000e-04 3.645640e-01
451 6.344880e-01 8.040000e-04 3.647080e-01
452 6.343120e-01 8.600000e-04 3.648280e-01
453 6.341800e-01 8.680000e-04 3.649520e-01
454 6.340240e-01 8.960000e-04 3.650800e-01
455 6.338640e-01 9.120000e-04 3.652240e-01
456 6.337440e-01 8.560000e-04 3.654000e-01
457 6.335720e-01 8.800000e-04 3.655480e-01
458 6.334280e-01 8.840000e-04 3.656880e-01
459 6.333040e-01 8.560000e-04 3.658400e-01
460 6.331960e-01 7.960000e-04 3.660080e-01
461 6.330600e-01 8.240000e-04 3.661160e-01
462 6.329120e-01 8.480000e-04 3.662400e-01
463 6.327320e-01 8.640000e-04 3.664040e-01
464 6.325920e-01 8.320000e-04 3.665760e-01
465 6.324200e-01 8.840000e-04 3.666960e-01
466 6.322280e-01 8.640000e-04 3.669080e-01
467 6.320240e-01 9.160000e-04 3.670600e-01
468 6.318280e-01 9.760000e-04 3.671960e-01
469 6.316960e-01 9.800000e-04 3.673240e-01
470 6.314960e-01 1.040000e-03 3.674640e-01
471 6.312960e-01 1.036000e-03 3.676680e-01
472 6.310960e-01 1.084000e-03 3.678200e-01
473 6.308880e-01 1.084000e-03 3.680280e-01
474 6.306360e-01 1.164000e-03 3.682000e-01
475 6.304000e-01 1.172000e-03 3.684280e-01
476 6.301520e-01 1.216000e-03 3.686320e-01
477 6.299040e-01 1.260000e-03 3.688360e-01
478 6.297040e-01 1.248000e-03 3.690480e-01
479 6.294400e-01 1.340000e-03 3.692200e-01
480 6.292200e-01 1.328000e-03 3.694520e-01
481 6.290320e-01 1.308000e-03 3.696600e-01
482 6.288080e-01 1.300000e-03 3.698920e-01
483 6.285960e-01 1.300000e-03 3.701040e-01
484 6.283120e-01 1.340000e-03 3.703480e-01
485 6.280920e-01 1.304000e-03 3.706040e-01
486 6.278600e-01 1.332000e-03 3.708080e-01
487 6.276520e-01 1.284000e-03 3.710640e-01
488 6.274360e-01 1.252000e-03 3.713120e-01
489 6.272080e-01 1.236000e-03 3.715560e-01
490 6.270440e-01 1.136000e-03 3.718200e-01
491 6.268520e-01 1.160000e-03 3.719880e-01
492 6.266760e-01 1.100000e-03 3.722240e-01
493 6.264840e-01 1.048000e-03 3.724680e-01
494 6.263240e-01 1.020000e-03 3.726560e-01
495 6.261560e-01 1.008000e-03 3.728360e-01
496 6.260080e-01 9.800000e-04 3.730120e-01
497 6.258160e-01 1.024000e-03 3.731600e-01
498 6.256480e-01 1.024000e-03 3.733280e-01
499 6.254840e-01 1.024000e-03 3.734920e-01
500 6.253120e-01 1.052000e-03 3.736360e-01
