1 9.991560e-01 7.800000e-04 6.400000e-05
2 9.986080e-01 1.156000e-03 2.360000e-04
3 9.979960e-01 1.524000e-03 4.800000e-04
4 9.972520e-01 1.988000e-03 7.600000e-04
5 9.965480e-01 2.332000e-03 1.120000e-03
6 9.958920e-01 2.500000e-03 1.608000e-03
7 9.949920e-01 2.888000e-03 2.120000e-03
8 9.940960e-01 3.288000e-03 2.616000e-03
9 9.931720e-01 3.568000e-03 3.260000e-03
10 9.922000e-01 3.836000e-03 3.964000e-03
11 9.911960e-01 4.192000e-03 4.612000e-03
12 9.901960e-01 4.424000e-03 5.380000e-03
13 9.892200e-01 4.620000e-03 6.160000e-03
14 9.881720e-01 4.804000e-03 7.024000e-03
15 9.871360e-01 5.024000e-03 7.840000e-03
16 9.860680e-01 5.220000e-03 8.712000e-03
17 9.848680e-01 5.516000e-03 9.616000e-03
18 9.836480e-01 5.748000e-03 1.060400e-02
19 9.823400e-01 5.956000e-03 1.170400e-02
20 9.810360e-01 6.092000e-03 1.287200e-02
21 9.796000e-01 6.392000e-03 1.400800e-02
22 9.782360e-01 6.528000e-03 1.523600e-02
23 9.770160e-01 6.636000e-03 1.634800e-02
24 9.757760e-01 6.708000e-03 1.751600e-02
25 9.744720e-01 6.940000e-03 1.858800e-02
26 9.732360e-01 6.848000e-03 1.991600e-02
27 9.718800e-01 6.936000e-03 2.118400e-02
28 9.706000e-01 7.004000e-03 2.239600e-02
29 9.692040e-01 7.176000e-03 2.362000e-02
30 9.676760e-01 7.428000e-03 2.489600e-02
31 9.661440e-01 7.660000e-03 2.619600e-02
32 9.647440e-01 7.788000e-03 2.746800e-02
33 9.632560e-01 7.928000e-03 2.881600e-02
34 9.618400e-01 8.040000e-03 3.012000e-02
35 9.604080e-01 7.848000e-03 3.174400e-02
36 9.589240e-01 8.024000e-03 3.305200e-02
37 9.574760e-01 8.016000e-03 3.450800e-02
38 9.561440e-01 7.940000e-03 3.591600e-02
39 9.548000e-01 7.876000e-03 3.732400e-02
40 9.536320e-01 7.632000e-03 3.873600e-02
41 9.522200e-01 7.796000e-03 3.998400e-02
42 9.506120e-01 8.004000e-03 4.138400e-02
43 9.491520e-01 8.128000e-03 4.272000e-02
44 9.475320e-01 8.288000e-03 4.418000e-02
45 9.457400e-01 8.608000e-03 4.565200e-02
46 9.442040e-01 8.524000e-03 4.727200e-02
47 9.425320e-01 8.736000e-03 4.873200e-02
48 9.409320e-01 8.860000e-03 5.020800e-02
49 9.393800e-01 8.828000e-03 5.179200e-02
50 9.378200e-01 8.796000e-03 5.338400e-02
51 9.361880e-01 8.784000e-03 5.502800e-02
52 9.346560e-01 8.772000e-03 5.657200e-02
53 9.330720e-01 8.940000e-03 5.798800e-02
54 9.314960e-01 8.912000e-03 5.959200e-02
55 9.299480e-01 8.856000e-03 6.119600e-02
56 9.281880e-01 9.096000e-03 6.271600e-02
57 9.264600e-01 9.156000e-03 6.438400e-02
58 9.247360e-01 9.312000e-03 6.595200e-02
59 9.230240e-01 9.424000e-03 6.755200e-02
60 9.212680e-01 9.524000e-03 6.920800e-02
61 9.196240e-01 9.392000e-03 7.098400e-02
62 9.179760e-01 9.324000e-03 7.270000e-02
63 9.162400e-01 9.452000e-03 7.430800e-02
64 9.145480e-01 9.516000e-03 7.593600e-02
65 9.129360e-01 9.536000e-03 7.752800e-02
66 9.114800e-01 9.420000e-03 7.910000e-02
67 9.100800e-01 9.120000e-03 8.080000e-02
68 9.084560e-01 9.128000e-03 8.241600e-02
69 9.069320e-01 9.036000e-03 8.403200e-02
70 9.052080e-01 9.212000e-03 8.558000e-02
71 9.036520e-01 9.232000e-03 8.711600e-02
72 9.020000e-01 9.404000e-03 8.859600e-02
73 9.004640e-01 9.332000e-03 9.020400e-02
74 8.987000e-01 9.424000e-03 9.187600e-02
75 8.970240e-01 9.416000e-03 9.356000e-02
76 8.953600e-01 9.392000e-03 9.524800e-02
77 8.936240e-01 9.484000e-03 9.689200e-02
78 8.919840e-01 9.392000e-03 9.862400e-02
79 8.902320e-01 9.560000e-03 1.002080e-01
80 8.886520e-01 9.576000e-03 1.017720e-01
81 8.871800e-01 9.384000e-03 1.034360e-01
82 8.855960e-01 9.236000e-03 1.051680e-01
83 8.838560e-01 9.312000e-03 1.068320e-01
84 8.823320e-01 9.220000e-03 1.084480e-01
85 8.808520e-01 9.276000e-03 1.098720e-01
86 8.793760e-01 9.068000e-03 1.115560e-01
87 8.776560e-01 9.208000e-03 1.131360e-01
88 8.759240e-01 9.256000e-03 1.148200e-01
89 8.743240e-01 9.120000e-03 1.165560e-01
90 8.728200e-01 9.052000e-03 1.181280e-01
91 8.712440e-01 9.084000e-03 1.196720e-01
92 8.696200e-01 9.124000e-03 1.212560e-01
93 8.678760e-01 9.140000e-03 1.229840e-01
94 8.663360e-01 9.076000e-03 1.245880e-01
95 8.646720e-01 9.148000e-03 1.261800e-01
96 8.630040e-01 9.160000e-03 1.278360e-01
97 8.613960e-01 9.168000e-03 1.294360e-01
98 8.597880e-01 9.204000e-03 1.310080e-01
99 8.581840e-01 9.068000e-03 1.327480e-01
100 8.567360e-01 9.004000e-03 1.342600e-01
101 8.551480e-01 9.100000e-03 1.357520e-01
102 8.537600e-01 8.892000e-03 1.373480e-01
103 8.522720e-01 8.680000e-03 1.390480e-01
104 8.506480e-01 8.780000e-03 1.405720e-01
105 8.491040e-01 8.712000e-03 1.421840e-01
106 8.476400e-01 8.600000e-03 1.437600e-01
107 8.461480e-01 8.516000e-03 1.453360e-01
108 8.446360e-01 8.640000e-03 1.467240e-01
109 8.430960e-01 8.568000e-03 1.483360e-01
110 8.416280e-01 8.624000e-03 1.497480e-01
111 8.402360e-01 8.508000e-03 1.512560e-01
112 8.388680e-01 8.300000e-03 1.528320e-01
113 8.374120e-01 8.344000e-03 1.542440e-01
114 8.359800e-01 8.392000e-03 1.556280e-01
115 8.343880e-01 8.536000e-03 1.570760e-01
116 8.331480e-01 8.380000e-03 1.584720e-01
117 8.316920e-01 8.340000e-03 1.599680e-01
118 8.304560e-01 8.192000e-03 1.613520e-01
119 8.290560e-01 8.152000e-03 1.627920e-01
120 8.277280e-01 8.072000e-03 1.642000e-01
121 8.263520e-01 8.000000e-03 1.656480e-01
122 8.251320e-01 7.912000e-03 1.669560e-01
123 8.238080e-01 7.876000e-03 1.683160e-01
124 8.225040e-01 7.768000e-03 1.697280e-01
125 8.212720e-01 7.584000e-03 1.711440e-01
126 8.199960e-01 7.444000e-03 1.725600e-01
127 8.188440e-01 7.376000e-03 1.737800e-01
128 8.176880e-01 7.192000e-03 1.751200e-01
129 8.163880e-01 7.204000e-03 1.764080e-01
130 8.152160e-01 7.200000e-03 1.775840e-01
131 8.140080e-01 7.148000e-03 1.788440e-01
132 8.131400e-01 6.680000e-03 1.801800e-01
133 8.121920e-01 6.356000e-03 1.814520e-01
134 8.112600e-01 6.216000e-03 1.825240e-01
135 8.101680e-01 6.248000e-03 1.835840e-01
136 8.092280e-01 6.140000e-03 1.846320e-01
137 8.082440e-01 6.080000e-03 1.856760e-01
138 8.072800e-01 5.884000e-03 1.868360e-01
139 8.063160e-01 5.852000e-03 1.878320e-01
140 8.053680e-01 5.832000e-03 1.888000e-01
141 8.045600e-01 5.652000e-03 1.897880e-01
142 8.036200e-01 5.636000e-03 1.907440e-01
143 8.027160e-01 5.520000e-03 1.917640e-01
144 8.017560e-01 5.552000e-03 1.926920e-01
145 8.009000e-01 5.444000e-03 1.936560e-01
146 7.999920e-01 5.360000e-03 1.946480e-01
147 7.989720e-01 5.432000e-03 1.955960e-01
148 7.979000e-01 5.484000e-03 1.966160e-01
149 7.969040e-01 5.468000e-03 1.976280e-01
150 7.959640e-01 5.456000e-03 1.985800e-01
151 7.950400e-01 5.412000e-03 1.995480e-01
152 7.940480e-01 5.476000e-03 2.004760e-01
153 7.930360e-01 5.484000e-03 2.014800e-01
154 7.920200e-01 5.508000e-03 2.024720e-01
155 7.910160e-01 5.496000e-03 2.034880e-01
156 7.900040e-01 5.544000e-03 2.044520e-01
157 7.891120e-01 5.452000e-03 2.054360e-01
158 7.882760e-01 5.396000e-03 2.063280e-01
159 7.873520e-01 5.372000e-03 2.072760e-01
160 7.864640e-01 5.344000e-03 2.081920e-01
161 7.856560e-01 5.152000e-03 2.091920e-01
162 7.849280e-01 5.052000e-03 2.100200e-01
163 7.841720e-01 4.924000e-03 2.109040e-01
164 7.833400e-01 4.908000e-03 2.117520e-01
165 7.824960e-01 4.852000e-03 2.126520e-01
166 7.816000e-01 4.868000e-03 2.135320e-01
167 7.807640e-01 4.816000e-03 2.144200e-01
168 7.799160e-01 4.844000e-03 2.152400e-01
169 7.790680e-01 4.892000e-03 2.160400e-01
170 7.782040e-01 4.880000e-03 2.169160e-01
171 7.773280e-01 4.916000e-03 2.177560e-01
172 7.764680e-01 4.892000e-03 2.186400e-01
173 7.756200e-01 4.916000e-03 2.194640e-01
174 7.748440e-01 4.892000e-03 2.202640e-01
175 7.740000e-01 4.812000e-03 2.211880e-01
176 7.732120e-01 4.816000e-03 2.219720e-01
177 7.723960e-01 4.796000e-03 2.228080e-01
178 7.715000e-01 4.840000e-03 2.236600e-01
179 7.707160e-01 4.856000e-03 2.244280e-01
180 7.698720e-01 4.788000e-03 2.253400e-01
181 7.691400e-01 4.644000e-03 2.262160e-01
182 7.683120e-01 4.608000e-03 2.270800e-01
183 7.676400e-01 4.472000e-03 2.278880e-01
184 7.669080e-01 4.396000e-03 2.286960e-01
185 7.661960e-01 4.404000e-03 2.294000e-01
186 7.654800e-01 4.396000e-03 2.301240e-01
187 7.648320e-01 4.316000e-03 2.308520e-01
188 7.641280e-01 4.160000e-03 2.317120e-01
189 7.634880e-01 4.056000e-03 2.324560e-01
190 7.627480e-01 4.120000e-03 2.331320e-01
191 7.620360e-01 4.024000e-03 2.339400e-01
192 7.614040e-01 3.960000e-03 2.346360e-01
193 7.606720e-01 4.008000e-03 2.353200e-01
194 7.601360e-01 3.896000e-03 2.359680e-01
195 7.595120e-01 3.884000e-03 2.366040e-01
196 7.588880e-01 3.864000e-03 2.372480e-01
197 7.584120e-01 3.704000e-03 2.378840e-01
198 7.577880e-01 3.760000e-03 2.384520e-01
199 7.572480e-01 3.632000e-03 2.391200e-01
200 7.567480e-01 3.604000e-03 2.396480e-01
201 7.562880e-01 3.444000e-03 2.402680e-01
202 7.556520e-01 3.544000e-03 2.408040e-01
203 7.550320e-01 3.576000e-03 2.413920e-01
204 7.544680e-01 3.460000e-03 2.420720e-01
205 7.537960e-01 3.560000e-03 2.426440e-01
206 7.532040e-01 3.604000e-03 2.431920e-01
207 7.525600e-01 3.616000e-03 2.438240e-01
208 7.518480e-01 3.636000e-03 2.445160e-01
209 7.512520e-01 3.596000e-03 2.451520e-01
210 7.506520e-01 3.608000e-03 2.457400e-01
211 7.500280e-01 3.596000e-03 2.463760e-01
212 7.493000e-01 3.696000e-03 2.470040e-01
213 7.486600e-01 3.720000e-03 2.476200e-01
214 7.479280e-01 3.804000e-03 2.482680e-01
215 7.472920e-01 3.688000e-03 2.490200e-01
216 7.466280e-01 3.664000e-03 2.497080e-01
217 7.458440e-01 3.760000e-03 2.503960e-01
218 7.449720e-01 3.876000e-03 2.511520e-01
219 7.441320e-01 4.048000e-03 2.518200e-01
220 7.433320e-01 4.152000e-03 2.525160e-01
221 7.425600e-01 4.244000e-03 2.531960e-01
222 7.418440e-01 4.268000e-03 2.538880e-01
223 7.410960e-01 4.272000e-03 2.546320e-01
224 7.403760e-01 4.228000e-03 2.553960e-01
225 7.396920e-01 4.188000e-03 2.561200e-01
226 7.388560e-01 4.372000e-03 2.567720e-01
227 7.381200e-01 4.324000e-03 2.575560e-01
228 7.373920e-01 4.280000e-03 2.583280e-01
229 7.366400e-01 4.284000e-03 2.590760e-01
230 7.359160e-01 4.264000e-03 2.598200e-01
231 7.351480e-01 4.316000e-03 2.605360e-01
232 7.343880e-01 4.356000e-03 2.612560e-01
233 7.335960e-01 4.372000e-03 2.620320e-01
234 7.328920e-01 4.244000e-03 2.628640e-01
235 7.321720e-01 4.272000e-03 2.635560e-01
236 7.315320e-01 4.012000e-03 2.644560e-01
237 7.309360e-01 3.936000e-03 2.651280e-01
238 7.302800e-01 3.944000e-03 2.657760e-01
239 7.296360e-01 3.940000e-03 2.664240e-01
240 7.290200e-01 3.924000e-03 2.670560e-01
241 7.284000e-01 3.876000e-03 2.677240e-01
242 7.276600e-01 3.928000e-03 2.684120e-01
243 7.269240e-01 3.920000e-03 2.691560e-01
244 7.262400e-01 3.956000e-03 2.698040e-01
245 7.256000e-01 3.928000e-03 2.704720e-01
246 7.248440e-01 3.920000e-03 2.712360e-01
247 7.241280e-01 3.976000e-03 2.718960e-01
248 7.234520e-01 3.936000e-03 2.726120e-01
249 7.228320e-01 3.920000e-03 2.732480e-01
250 7.221840e-01 3.920000e-03 2.738960e-01
251 7.216560e-01 3.768000e-03 2.745760e-01
252 7.210360e-01 3.740000e-03 2.752240e-01
253 7.204240e-01 3.612000e-03 2.759640e-01
254 7.198240e-01 3.552000e-03 2.766240e-01
255 7.191440e-01 3.648000e-03 2.772080e-01
256 7.185920e-01 3.544000e-03 2.778640e-01
257 7.178840e-01 3.612000e-03 2.785040e-01
258 7.173000e-01 3.588000e-03 2.791120e-01
259 7.167240e-01 3.500000e-03 2.797760e-01
260 7.161280e-01 3.548000e-03 2.803240e-01
261 7.156080e-01 3.352000e-03 2.810400e-01
262 7.151240e-01 3.264000e-03 2.816120e-01
263 7.145600e-01 3.136000e-03 2.823040e-01
264 7.139720e-01 3.224000e-03 2.828040e-01
265 7.133600e-01 3.252000e-03 2.833880e-01
266 7.128280e-01 3.164000e-03 2.840080e-01
267 7.122800e-01 3.116000e-03 2.846040e-01
268 7.116920e-01 3.152000e-03 2.851560e-01
269 7.111160e-01 3.176000e-03 2.857080e-01
270 7.104800e-01 3.248000e-03 2.862720e-01
271 7.099280e-01 3.296000e-03 2.867760e-01
272 7.092800e-01 3.348000e-03 2.873720e-01
273 7.087240e-01 3.292000e-03 2.879840e-01
274 7.081240e-01 3.396000e-03 2.884800e-01
275 7.074600e-01 3.488000e-03 2.890520e-01
276 7.069600e-01 3.360000e-03 2.896800e-01
277 7.063560e-01 3.348000e-03 2.902960e-01
278 7.058200e-01 3.320000e-03 2.908600e-01
279 7.053520e-01 3.160000e-03 2.914880e-01
280 7.048280e-01 3.172000e-03 2.920000e-01
281 7.042840e-01 3.192000e-03 2.925240e-01
282 7.037360e-01 3.112000e-03 2.931520e-01
283 7.031520e-01 3.168000e-03 2.936800e-01
284 7.026800e-01 3.124000e-03 2.941960e-01
285 7.020400e-01 3.192000e-03 2.947680e-01
286 7.014360e-01 3.224000e-03 2.953400e-01
287 7.008440e-01 3.248000e-03 2.959080e-01
288 7.002880e-01 3.280000e-03 2.964320e-01
289 6.997640e-01 3.208000e-03 2.970280e-01
290 6.993240e-01 3.132000e-03 2.975440e-01
291 6.988280e-01 3.048000e-03 2.981240e-01
292 6.983280e-01 2.996000e-03 2.986760e-01
293 6.978280e-01 2.940000e-03 2.992320e-01
294 6.972800e-01 3.120000e-03 2.996000e-01
295 6.968080e-01 3.076000e-03 3.001160e-01
296 6.964120e-01 2.996000e-03 3.005920e-01
297 6.959600e-01 2.952000e-03 3.010880e-01
298 6.954560e-01 2.936000e-03 3.016080e-01
299 6.950720e-01 2.880000e-03 3.020480e-01
300 6.945520e-01 2.844000e-03 3.026040e-01
301 6.941320e-01 2.848000e-03 3.030200e-01
302 6.936480e-01 2.808000e-03 3.035440e-01
303 6.931680e-01 2.788000e-03 3.040440e-01
304 6.927440e-01 2.744000e-03 3.045120e-01
305 6.923320e-01 2.720000e-03 3.049480e-01
306 6.919040e-01 2.708000e-03 3.053880e-01
307 6.914880e-01 2.652000e-03 3.058600e-01
308 6.910400e-01 2.696000e-03 3.062640e-01
309 6.905320e-01 2.732000e-03 3.067360e-01
310 6.899440e-01 2.784000e-03 3.072720e-01
311 6.894520e-01 2.708000e-03 3.078400e-01
312 6.889840e-01 2.724000e-03 3.082920e-01
313 6.885000e-01 2.756000e-03 3.087440e-01
314 6.880520e-01 2.680000e-03 3.092680e-01
315 6.876280e-01 2.552000e-03 3.098200e-01
316 6.872920e-01 2.416000e-03 3.102920e-01
317 6.868560e-01 2.388000e-03 3.107560e-01
318 6.865240e-01 2.364000e-03 3.111120e-01
319 6.861440e-01 2.380000e-03 3.114760e-01
320 6.858040e-01 2.316000e-03 3.118800e-01
321 6.854440e-01 2.296000e-03 3.122600e-01
322 6.851240e-01 2.144000e-03 3.127320e-01
323 6.848000e-01 2.096000e-03 3.131040e-01
324 6.845040e-01 1.992000e-03 3.135040e-01
325 6.842240e-01 1.900000e-03 3.138760e-01
326 6.838600e-01 1.932000e-03 3.142080e-01
327 6.835160e-01 1.944000e-03 3.145400e-01
328 6.831240e-01 2.020000e-03 3.148560e-01
329 6.828360e-01 1.920000e-03 3.152440e-01
330 6.824720e-01 2.004000e-03 3.155240e-01
331 6.820840e-01 2.084000e-03 3.158320e-01
332 6.817600e-01 2.052000e-03 3.161880e-01
333 6.814200e-01 2.040000e-03 3.165400e-01
334 6.811200e-01 1.968000e-03 3.169120e-01
335 6.808360e-01 1.936000e-03 3.172280e-01
336 6.805040e-01 1.928000e-03 3.175680e-01
337 6.802000e-01 1.860000e-03 3.179400e-01
338 6.798920e-01 1.832000e-03 3.182760e-01
339 6.795800e-01 1.884000e-03 3.185360e-01
340 6.792840e-01 1.844000e-03 3.188720e-01
341 6.789680e-01 1.860000e-03 3.191720e-01
342 6.785480e-01 1.960000e-03 3.194920e-01
343 6.781760e-01 2.052000e-03 3.197720e-01
344 6.778080e-01 2.016000e-03 3.201760e-01
345 6.774520e-01 1.984000e-03 3.205640e-01
346 6.770440e-01 1.992000e-03 3.209640e-01
347 6.767200e-01 1.976000e-03 3.213040e-01
348 6.763040e-01 2.028000e-03 3.216680e-01
349 6.759320e-01 2.032000e-03 3.220360e-01
350 6.755840e-01 2.024000e-03 3.223920e-01
351 6.751880e-01 2.048000e-03 3.227640e-01
352 6.747360e-01 2.160000e-03 3.231040e-01
353 6.744080e-01 2.124000e-03 3.234680e-01
354 6.740480e-01 2.108000e-03 3.238440e-01
355 6.735960e-01 2.224000e-03 3.241800e-01
356 6.732400e-01 2.192000e-03 3.245680e-01
357 6.728200e-01 2.232000e-03 3.249480e-01
358 6.723280e-01 2.340000e-03 3.253320e-01
359 6.719320e-01 2.296000e-03 3.257720e-01
360 6.715440e-01 2.292000e-03 3.261640e-01
361 6.711240e-01 2.296000e-03 3.265800e-01
362 6.707600e-01 2.328000e-03 3.269120e-01
363 6.703320e-01 2.328000e-03 3.273400e-01
364 6.699720e-01 2.296000e-03 3.277320e-01
365 6.695120e-01 2.388000e-03 3.281000e-01
366 6.690720e-01 2.440000e-03 3.284880e-01
367 6.686280e-01 2.400000e-03 3.289720e-01
368 6.682440e-01 2.428000e-03 3.293280e-01
369 6.677920e-01 2.440000e-03 3.297680e-01
370 6.674760e-01 2.284000e-03 3.302400e-01
371 6.671240e-01 2.208000e-03 3.306680e-01
372 6.667680e-01 2.180000e-03 3.310520e-01
373 6.664560e-01 2.108000e-03 3.314360e-01
374 6.660520e-01 2.152000e-03 3.317960e-01
375 6.657040e-01 2.164000e-03 3.321320e-01
376 6.652680e-01 2.272000e-03 3.324600e-01
377 6.649400e-01 2.212000e-03 3.328480e-01
378 6.646320e-01 2.104000e-03 3.332640e-01
379 6.643080e-01 2.096000e-03 3.335960e-01
380 6.640000e-01 1.996000e-03 3.340040e-01
381 6.636960e-01 2.064000e-03 3.342400e-01
382 6.633880e-01 2.024000e-03 3.345880e-01
383 6.630600e-01 2.044000e-03 3.348960e-01
384 6.627520e-01 1.988000e-03 3.352600e-01
385 6.624080e-01 2.012000e-03 3.355800e-01
386 6.620160e-01 2.040000e-03 3.359440e-01
387 6.616320e-01 2.112000e-03 3.362560e-01
388 6.612960e-01 2.088000e-03 3.366160e-01
389 6.610280e-01 2.044000e-03 3.369280e-01
390 6.606720e-01 2.056000e-03 3.372720e-01
391 6.604120e-01 1.960000e-03 3.376280e-01
392 6.601040e-01 1.940000e-03 3.379560e-01
393 6.597240e-01 2.004000e-03 3.382720e-01
394 6.593920e-01 1.964000e-03 3.386440e-01
395 6.590760e-01 1.980000e-03 3.389440e-01
396 6.586960e-01 2.000000e-03 3.393040e-01
397 6.583600e-01 1.964000e-03 3.396760e-01
398 6.580360e-01 1.976000e-03 3.399880e-01
399 6.576680e-01 2.036000e-03 3.402960e-01
400 6.573680e-01 1.980000e-03 3.406520e-01
401 6.569680e-01 2.008000e-03 3.410240e-01
402 6.566240e-01 1.972000e-03 3.414040e-01
403 6.563320e-01 1.892000e-03 3.417760e-01
404 6.560600e-01 1.828000e-03 3.421120e-01
405 6.557840e-01 1.772000e-03 3.424440e-01
406 6.554920e-01 1.764000e-03 3.427440e-01
407 6.552080e-01 1.768000e-03 3.430240e-01
408 6.549120e-01 1.740000e-03 3.433480e-01
409 6.545920e-01 1.776000e-03 3.436320e-01
410 6.542960e-01 1.784000e-03 3.439200e-01
411 6.539640e-01 1.792000e-03 3.442440e-01
412 6.536920e-01 1.716000e-03 3.445920e-01
413 6.534160e-01 1.688000e-03 3.448960e-01
414 6.531520e-01 1.616000e-03 3.452320e-01
415 6.528960e-01 1.612000e-03 3.454920e-01
416 6.525840e-01 1.596000e-03 3.458200e-01
417 6.522800e-01 1.636000e-03 3.460840e-01
418 6.519720e-01 1.668000e-03 3.463600e-01
419 6.517040e-01 1.616000e-03 3.466800e-01
420 6.514200e-01 1.636000e-03 3.469440e-01
421 6.511000e-01 1.696000e-03 3.472040e-01
422 6.508080e-01 1.688000e-03 3.475040e-01
423 6.504840e-01 1.708000e-03 3.478080e-01
424 6.501720e-01 1.688000e-03 3.481400e-01
425 6.498960e-01 1.632000e-03 3.484720e-01
426 6.495600e-01 1.680000e-03 3.487600e-01
427 6.492600e-01 1.692000e-03 3.490480e-01
428 6.489560e-01 1.724000e-03 3.493200e-01
429 6.486640e-01 1.628000e-03 3.497080e-01
430 6.484080e-01 1.608000e-03 3.499840e-01
431 6.481200e-01 1.608000e-03 3.502720e-01
432 6.479720e-01 1.456000e-03 3.505720e-01
433 6.477600e-01 1.372000e-03 3.508680e-01
434 6.475880e-01 1.288000e-03 3.511240e-01
435 6.474560e-01 1.220000e-03 3.513240e-01
436 6.472400e-01 1.220000e-03 3.515400e-01
437 6.469720e-01 1.260000e-03 3.517680e-01
438 6.467320e-01 1.288000e-03 3.519800e-01
439 6.465280e-01 1.280000e-03 3.521920e-01
440 6.463080e-01 1.252000e-03 3.524400e-01
441 6.461160e-01 1.260000e-03 3.526240e-01
442 6.459280e-01 1.220000e-03 3.528520e-01
443 6.457080e-01 1.192000e-03 3.531000e-01
444 6.455320e-01 1.184000e-03 3.532840e-01
445 6.453120e-01 1.180000e-03 3.535080e-01
446 6.451360e-01 1.156000e-03 3.537080e-01
447 6.449760e-01 1.108000e-03 3.539160e-01
448 6.448280e-01 1.032000e-03 3.541400e-01
449 6.446240e-01 1.088000e-03 3.542880e-01
450 6.444320e-01 1.092000e-03 3.544760e-01
451 6.442640e-01 1.116000e-03 3.546200e-01
452 6.441240e-01 1.032000e-03 3.548440e-01
453 6.439320e-01 1.028000e-03 3.550400e-01
454 6.437960e-01 9.600000e-04 3.552440e-01
455 6.435080e-01 1.084000e-03 3.554080e-01
456 6.432880e-01 1.092000e-03 3.556200e-01
457 6.431240e-01 1.060000e-03 3.558160e-01
458 6.429480e-01 1.040000e-03 3.560120e-01
459 6.427120e-01 1.088000e-03 3.562000e-01
460 6.425240e-01 1.084000e-03 3.563920e-01
461 6.423520e-01 1.044000e-03 3.566040e-01
462 6.422080e-01 1.008000e-03 3.567840e-01
463 6.420400e-01 1.040000e-03 3.569200e-01
464 6.418600e-01 1.084000e-03 3.570560e-01
465 6.416600e-01 1.052000e-03 3.572880e-01
466 6.414960e-01 1.044000e-03 3.574600e-01
467 6.413080e-01 1.036000e-03 3.576560e-01
468 6.411360e-01 1.044000e-03 3.578200e-01
469 6.409560e-01 1.024000e-03 3.580200e-01
470 6.407640e-01 1.028000e-03 3.582080e-01
471 6.405480e-01 1.060000e-03 3.583920e-01
472 6.403520e-01 1.092000e-03 3.585560e-01
473 6.401600e-01 1.064000e-03 3.587760e-01
474 6.399960e-01 1.072000e-03 3.589320e-01
475 6.398080e-01 1.084000e-03 3.591080e-01
476 6.396640e-01 1.028000e-03 3.593080e-01
477 6.395000e-01 1.012000e-03 3.594880e-01
478 6.393400e-01 1.016000e-03 3.596440e-01
479 6.391960e-01 9.920000e-04 3.598120e-01
480 6.390480e-01 9.720000e-04 3.599800e-01
481 6.388920e-01 9.440000e-04 3.601640e-01
482 6.387120e-01 9.960000e-04 3.602920e-01
483 6.385640e-01 9.680000e-04 3.604680e-01
484 6.384200e-01 9.520000e-04 3.606280e-01
485 6.382720e-01 9.640000e-04 3.607640e-01
486 6.381280e-01 9.360000e-04 3.609360e-01
487 6.379640e-01 9.560000e-04 3.610800e-01
488 6.377840e-01 9.720000e-04 3.612440e-01
489 6.375800e-01 1.008000e-03 3.614120e-01
490 6.373920e-01 1.000000e-03 3.616080e-01
491 6.372000e-01 1.040000e-03 3.617600e-01
492 6.370040e-01 1.056000e-03 3.619400e-01
493 6.368080e-01 1.128000e-03 3.620640e-01
494 6.365880e-01 1.168000e-03 3.622440e-01
495 6.363880e-01 1.168000e-03 3.624440e-01
496 6.362400e-01 1.060000e-03 3.627000e-01
497 6.360240e-01 1.068000e-03 3.629080e-01
498 6.358280e-01 1.076000e-03 3.630960e-01
499 6.356440e-01 1.064000e-03 3.632920e-01
500 6.355000e-01 1.020000e-03 3.634800e-01
