1 9.992240e-01 6.960000e-04 8.000000e-05
2 9.986440e-01 1.168000e-03 1.880000e-04
3 9.979320e-01 1.612000e-03 4.560000e-04
4 9.971840e-01 2.032000e-03 7.840000e-04
5 9.962680e-01 2.508000e-03 1.224000e-03
6 9.953040e-01 2.988000e-03 1.708000e-03
7 9.942640e-01 3.428000e-03 2.308000e-03
8 9.932480e-01 3.856000e-03 2.896000e-03
9 9.920720e-01 4.352000e-03 3.576000e-03
10 9.909760e-01 4.796000e-03 4.228000e-03
11 9.897760e-01 5.156000e-03 5.068000e-03
12 9.885520e-01 5.484000e-03 5.964000e-03
13 9.871880e-01 5.836000e-03 6.976000e-03
14 9.857640e-01 6.280000e-03 7.956000e-03
15 9.842000e-01 6.692000e-03 9.108000e-03
16 9.827080e-01 6.964000e-03 1.032800e-02
17 9.812360e-01 7.144000e-03 1.162000e-02
18 9.796600e-01 7.420000e-03 1.292000e-02
19 9.779480e-01 7.744000e-03 1.430800e-02
20 9.764600e-01 7.920000e-03 1.562000e-02
21 9.748280e-01 8.160000e-03 1.701200e-02
22 9.732560e-01 8.268000e-03 1.847600e-02
23 9.715880e-01 8.508000e-03 1.990400e-02
24 9.698520e-01 8.704000e-03 2.144400e-02
25 9.682760e-01 8.644000e-03 2.308000e-02
26 9.665800e-01 8.736000e-03 2.468400e-02
27 9.649800e-01 8.876000e-03 2.614400e-02
28 9.632480e-01 8.924000e-03 2.782800e-02
29 9.616960e-01 8.960000e-03 2.934400e-02
30 9.598920e-01 9.292000e-03 3.081600e-02
31 9.582880e-01 9.052000e-03 3.266000e-02
32 9.565480e-01 9.028000e-03 3.442400e-02
33 9.549640e-01 9.012000e-03 3.602400e-02
34 9.532440e-01 9.060000e-03 3.769600e-02
35 9.515320e-01 9.064000e-03 3.940400e-02
36 9.500520e-01 9.068000e-03 4.088000e-02
37 9.483200e-01 9.192000e-03 4.248800e-02
38 9.464440e-01 9.352000e-03 4.420400e-02
39 9.447680e-01 9.356000e-03 4.587600e-02
40 9.427240e-01 9.800000e-03 4.747600e-02
41 9.408240e-01 9.984000e-03 4.919200e-02
42 9.388280e-01 1.024800e-02 5.092400e-02
43 9.368720e-01 1.019600e-02 5.293200e-02
44 9.349200e-01 1.037200e-02 5.470800e-02
45 9.330200e-01 1.036000e-02 5.662000e-02
46 9.310480e-01 1.052800e-02 5.842400e-02
47 9.289880e-01 1.068400e-02 6.032800e-02
48 9.270840e-01 1.079200e-02 6.212400e-02
49 9.250120e-01 1.073600e-02 6.425200e-02
50 9.230840e-01 1.082400e-02 6.609200e-02
51 9.212960e-01 1.058000e-02 6.812400e-02
52 9.194360e-01 1.058800e-02 6.997600e-02
53 9.176160e-01 1.053600e-02 7.184800e-02
54 9.158520e-01 1.052800e-02 7.362000e-02
55 9.141000e-01 1.054400e-02 7.535600e-02
56 9.123160e-01 1.056000e-02 7.712400e-02
57 9.106000e-01 1.033600e-02 7.906400e-02
58 9.086920e-01 1.048400e-02 8.082400e-02
59 9.069640e-01 1.040000e-02 8.263600e-02
60 9.051760e-01 1.045200e-02 8.437200e-02
61 9.034600e-01 1.039600e-02 8.614400e-02
62 9.017520e-01 1.029200e-02 8.795600e-02
63 9.000680e-01 1.025200e-02 8.968000e-02
64 8.983880e-01 1.014400e-02 9.146800e-02
65 8.966080e-01 1.016800e-02 9.322400e-02
66 8.948880e-01 1.008400e-02 9.502800e-02
67 8.933160e-01 9.824000e-03 9.686000e-02
68 8.916640e-01 9.788000e-03 9.854800e-02
69 8.899240e-01 9.688000e-03 1.003880e-01
70 8.883640e-01 9.588000e-03 1.020480e-01
71 8.867360e-01 9.604000e-03 1.036600e-01
72 8.851800e-01 9.476000e-03 1.053440e-01
73 8.834600e-01 9.544000e-03 1.069960e-01
74 8.817120e-01 9.688000e-03 1.086000e-01
75 8.800040e-01 9.784000e-03 1.102120e-01
76 8.783720e-01 9.716000e-03 1.119120e-01
77 8.767640e-01 9.468000e-03 1.137680e-01
78 8.751920e-01 9.400000e-03 1.154080e-01
79 8.735760e-01 9.376000e-03 1.170480e-01
80 8.721120e-01 9.184000e-03 1.187040e-01
81 8.705680e-01 9.224000e-03 1.202080e-01
82 8.691360e-01 9.040000e-03 1.218240e-01
83 8.675360e-01 9.060000e-03 1.234040e-01
84 8.660080e-01 8.852000e-03 1.251400e-01
85 8.645240e-01 8.788000e-03 1.266880e-01
86 8.630680e-01 8.820000e-03 1.281120e-01
87 8.616000e-01 8.748000e-03 1.296520e-01
88 8.601760e-01 8.596000e-03 1.312280e-01
89 8.588280e-01 8.476000e-03 1.326960e-01
90 8.573480e-01 8.352000e-03 1.343000e-01
91 8.560120e-01 8.164000e-03 1.358240e-01
92 8.547640e-01 7.720000e-03 1.375160e-01
93 8.535160e-01 7.608000e-03 1.388760e-01
94 8.522440e-01 7.636000e-03 1.401200e-01
95 8.512120e-01 7.440000e-03 1.413480e-01
96 8.498640e-01 7.452000e-03 1.426840e-01
97 8.485840e-01 7.432000e-03 1.439840e-01
98 8.472200e-01 7.504000e-03 1.452760e-01
99 8.459400e-01 7.448000e-03 1.466120e-01
100 8.447600e-01 7.312000e-03 1.479280e-01
101 8.434720e-01 7.224000e-03 1.493040e-01
102 8.422200e-01 7.184000e-03 1.505960e-01
103 8.410600e-01 7.140000e-03 1.518000e-01
104 8.397640e-01 7.284000e-03 1.529520e-01
105 8.385280e-01 7.252000e-03 1.542200e-01
106 8.372200e-01 7.316000e-03 1.554640e-01
107 8.358680e-01 7.420000e-03 1.567120e-01
108 8.344960e-01 7.412000e-03 1.580920e-01
109 8.331880e-01 7.572000e-03 1.592400e-01
110 8.319080e-01 7.484000e-03 1.606080e-01
111 8.307120e-01 7.328000e-03 1.619600e-01
112 8.294680e-01 7.296000e-03 1.632360e-01
113 8.282400e-01 7.216000e-03 1.645440e-01
114 8.270280e-01 7.184000e-03 1.657880e-01
115 8.257080e-01 7.340000e-03 1.669520e-01
116 8.244400e-01 7.384000e-03 1.681760e-01
117 8.230400e-01 7.552000e-03 1.694080e-01
118 8.216640e-01 7.620000e-03 1.707160e-01
119 8.202080e-01 7.736000e-03 1.720560e-01
120 8.187840e-01 7.856000e-03 1.733600e-01
121 8.174200e-01 7.904000e-03 1.746760e-01
122 8.161400e-01 7.780000e-03 1.760800e-01
123 8.150920e-01 7.556000e-03 1.773520e-01
124 8.138040e-01 7.588000e-03 1.786080e-01
125 8.126040e-01 7.500000e-03 1.798960e-01
126 8.112840e-01 7.468000e-03 1.812480e-01
127 8.100000e-01 7.372000e-03 1.826280e-01
128 8.087400e-01 7.380000e-03 1.838800e-01
129 8.075040e-01 7.392000e-03 1.851040e-01
130 8.062120e-01 7.392000e-03 1.863960e-01
131 8.048680e-01 7.444000e-03 1.876880e-01
132 8.035600e-01 7.428000e-03 1.890120e-01
133 8.022520e-01 7.376000e-03 1.903720e-01
134 8.008400e-01 7.480000e-03 1.916800e-01
135 7.995480e-01 7.524000e-03 1.929280e-01
136 7.981640e-01 7.604000e-03 1.942320e-01
137 7.968440e-01 7.648000e-03 1.955080e-01
138 7.954440e-01 7.768000e-03 1.967880e-01
139 7.940760e-01 7.784000e-03 1.981400e-01
140 7.928760e-01 7.592000e-03 1.995320e-01
141 7.916120e-01 7.464000e-03 2.009240e-01
142 7.903920e-01 7.312000e-03 2.022960e-01
143 7.892520e-01 7.160000e-03 2.035880e-01
144 7.880800e-01 7.084000e-03 2.048360e-01
145 7.869320e-01 7.032000e-03 2.060360e-01
146 7.859480e-01 6.724000e-03 2.073280e-01
147 7.849000e-01 6.672000e-03 2.084280e-01
148 7.837120e-01 6.728000e-03 2.095600e-01
149 7.825560e-01 6.712000e-03 2.107320e-01
150 7.815520e-01 6.628000e-03 2.118200e-01
151 7.804400e-01 6.576000e-03 2.129840e-01
152 7.793680e-01 6.572000e-03 2.140600e-01
153 7.782760e-01 6.492000e-03 2.152320e-01
154 7.772320e-01 6.332000e-03 2.164360e-01
155 7.762240e-01 6.276000e-03 2.175000e-01
156 7.751360e-01 6.208000e-03 2.186560e-01
157 7.740480e-01 6.136000e-03 2.198160e-01
158 7.729720e-01 6.144000e-03 2.208840e-01
159 7.719520e-01 6.116000e-03 2.219320e-01
160 7.708600e-01 6.172000e-03 2.229680e-01
161 7.698480e-01 6.076000e-03 2.240760e-01
162 7.688880e-01 6.008000e-03 2.251040e-01
163 7.679040e-01 5.964000e-03 2.261320e-01
164 7.668200e-01 6.008000e-03 2.271720e-01
165 7.658520e-01 5.928000e-03 2.282200e-01
166 7.647200e-01 5.924000e-03 2.293560e-01
167 7.637080e-01 5.900000e-03 2.303920e-01
168 7.628680e-01 5.644000e-03 2.314880e-01
169 7.619200e-01 5.632000e-03 2.324480e-01
170 7.610160e-01 5.616000e-03 2.333680e-01
171 7.600880e-01 5.616000e-03 2.342960e-01
172 7.590600e-01 5.712000e-03 2.352280e-01
173 7.581320e-01 5.604000e-03 2.362640e-01
174 7.572200e-01 5.516000e-03 2.372640e-01
175 7.563440e-01 5.484000e-03 2.381720e-01
176 7.554120e-01 5.496000e-03 2.390920e-01
177 7.544080e-01 5.516000e-03 2.400760e-01
178 7.535080e-01 5.356000e-03 2.411360e-01
179 7.526640e-01 5.260000e-03 2.420760e-01
180 7.518320e-01 5.112000e-03 2.430560e-01
181 7.509640e-01 5.044000e-03 2.439920e-01
182 7.501920e-01 4.920000e-03 2.448880e-01
183 7.494640e-01 4.752000e-03 2.457840e-01
184 7.486400e-01 4.756000e-03 2.466040e-01
185 7.478520e-01 4.652000e-03 2.474960e-01
186 7.470960e-01 4.640000e-03 2.482640e-01
187 7.464040e-01 4.460000e-03 2.491360e-01
188 7.457360e-01 4.352000e-03 2.499120e-01
189 7.449000e-01 4.424000e-03 2.506760e-01
190 7.441960e-01 4.432000e-03 2.513720e-01
191 7.434560e-01 4.408000e-03 2.521360e-01
192 7.427440e-01 4.284000e-03 2.529720e-01
193 7.421280e-01 4.120000e-03 2.537520e-01
194 7.414720e-01 4.100000e-03 2.544280e-01
195 7.408520e-01 4.068000e-03 2.550800e-01
196 7.401200e-01 4.120000e-03 2.557600e-01
197 7.394200e-01 4.020000e-03 2.565600e-01
198 7.388080e-01 3.856000e-03 2.573360e-01
199 7.380480e-01 3.956000e-03 2.579960e-01
200 7.373040e-01 3.944000e-03 2.587520e-01
201 7.365320e-01 4.116000e-03 2.593520e-01
202 7.357280e-01 4.196000e-03 2.600760e-01
203 7.350200e-01 4.148000e-03 2.608320e-01
204 7.343080e-01 4.132000e-03 2.615600e-01
205 7.334400e-01 4.248000e-03 2.623120e-01
206 7.327040e-01 4.204000e-03 2.630920e-01
207 7.319880e-01 4.148000e-03 2.638640e-01
208 7.311640e-01 4.232000e-03 2.646040e-01
209 7.303040e-01 4.364000e-03 2.653320e-01
210 7.294640e-01 4.416000e-03 2.661200e-01
211 7.287440e-01 4.360000e-03 2.668960e-01
212 7.279840e-01 4.296000e-03 2.677200e-01
213 7.272840e-01 4.320000e-03 2.683960e-01
214 7.265600e-01 4.272000e-03 2.691680e-01
215 7.257640e-01 4.464000e-03 2.697720e-01
216 7.249560e-01 4.452000e-03 2.705920e-01
217 7.241120e-01 4.460000e-03 2.714280e-01
218 7.232880e-01 4.516000e-03 2.721960e-01
219 7.224040e-01 4.540000e-03 2.730560e-01
220 7.217000e-01 4.524000e-03 2.737760e-01
221 7.209360e-01 4.516000e-03 2.745480e-01
222 7.202920e-01 4.340000e-03 2.753680e-01
223 7.196120e-01 4.284000e-03 2.761040e-01
224 7.189400e-01 4.180000e-03 2.768800e-01
225 7.183760e-01 4.080000e-03 2.775440e-01
226 7.177520e-01 4.052000e-03 2.781960e-01
227 7.170640e-01 4.052000e-03 2.788840e-01
228 7.164160e-01 4.012000e-03 2.795720e-01
229 7.157360e-01 3.948000e-03 2.803160e-01
230 7.150960e-01 3.860000e-03 2.810440e-01
231 7.143920e-01 3.912000e-03 2.816960e-01
232 7.135720e-01 4.060000e-03 2.823680e-01
233 7.128840e-01 4.116000e-03 2.830000e-01
234 7.122000e-01 4.132000e-03 2.836680e-01
235 7.115160e-01 4.048000e-03 2.844360e-01
236 7.107880e-01 4.004000e-03 2.852080e-01
237 7.101000e-01 4.012000e-03 2.858880e-01
238 7.095040e-01 3.936000e-03 2.865600e-01
239 7.088840e-01 3.896000e-03 2.872200e-01
240 7.083440e-01 3.720000e-03 2.879360e-01
241 7.077080e-01 3.668000e-03 2.886240e-01
242 7.070480e-01 3.620000e-03 2.893320e-01
243 7.063680e-01 3.664000e-03 2.899680e-01
244 7.057960e-01 3.660000e-03 2.905440e-01
245 7.052280e-01 3.596000e-03 2.911760e-01
246 7.046640e-01 3.544000e-03 2.917920e-01
247 7.041240e-01 3.492000e-03 2.923840e-01
248 7.035040e-01 3.520000e-03 2.929760e-01
249 7.029000e-01 3.492000e-03 2.936080e-01
250 7.024400e-01 3.288000e-03 2.942720e-01
251 7.018880e-01 3.216000e-03 2.948960e-01
252 7.013520e-01 3.188000e-03 2.954600e-01
253 7.008440e-01 3.160000e-03 2.959960e-01
254 7.003040e-01 3.168000e-03 2.965280e-01
255 6.998040e-01 3.148000e-03 2.970480e-01
256 6.993360e-01 3.056000e-03 2.976080e-01
257 6.987840e-01 3.028000e-03 2.981880e-01
258 6.982360e-01 2.992000e-03 2.987720e-01
259 6.976920e-01 3.060000e-03 2.992480e-01
260 6.971360e-01 3.080000e-03 2.997840e-01
261 6.967040e-01 3.044000e-03 3.002520e-01
262 6.961240e-01 3.028000e-03 3.008480e-01
263 6.955600e-01 3.080000e-03 3.013600e-01
264 6.950320e-01 3.076000e-03 3.018920e-01
265 6.945000e-01 3.044000e-03 3.024560e-01
266 6.940000e-01 2.996000e-03 3.030040e-01
267 6.935240e-01 2.972000e-03 3.035040e-01
268 6.929600e-01 3.024000e-03 3.040160e-01
269 6.924280e-01 3.096000e-03 3.044760e-01
270 6.918320e-01 3.160000e-03 3.050080e-01
271 6.913920e-01 3.096000e-03 3.055120e-01
272 6.909520e-01 2.936000e-03 3.061120e-01
273 6.904120e-01 2.916000e-03 3.066720e-01
274 6.897960e-01 3.032000e-03 3.071720e-01
275 6.893240e-01 3.020000e-03 3.076560e-01
276 6.888040e-01 3.024000e-03 3.081720e-01
277 6.883040e-01 3.000000e-03 3.086960e-01
278 6.878320e-01 2.944000e-03 3.092240e-01
279 6.873720e-01 2.848000e-03 3.097800e-01
280 6.869680e-01 2.756000e-03 3.102760e-01
281 6.865520e-01 2.656000e-03 3.107920e-01
282 6.861320e-01 2.624000e-03 3.112440e-01
283 6.856600e-01 2.608000e-03 3.117320e-01
284 6.851720e-01 2.704000e-03 3.121240e-01
285 6.847280e-01 2.696000e-03 3.125760e-01
286 6.843520e-01 2.596000e-03 3.130520e-01
287 6.839320e-01 2.568000e-03 3.135000e-01
288 6.834440e-01 2.624000e-03 3.139320e-01
289 6.829000e-01 2.712000e-03 3.143880e-01
290 6.823920e-01 2.748000e-03 3.148600e-01
291 6.819520e-01 2.672000e-03 3.153760e-01
292 6.815000e-01 2.608000e-03 3.158920e-01
293 6.811160e-01 2.560000e-03 3.163240e-01
294 6.807000e-01 2.532000e-03 3.167680e-01
295 6.802440e-01 2.492000e-03 3.172640e-01
296 6.798240e-01 2.384000e-03 3.177920e-01
297 6.794720e-01 2.312000e-03 3.182160e-01
298 6.791360e-01 2.240000e-03 3.186240e-01
299 6.787680e-01 2.264000e-03 3.189680e-01
300 6.783640e-01 2.280000e-03 3.193560e-01
301 6.779440e-01 2.388000e-03 3.196680e-01
302 6.775800e-01 2.328000e-03 3.200920e-01
303 6.772400e-01 2.244000e-03 3.205160e-01
304 6.768960e-01 2.248000e-03 3.208560e-01
305 6.765160e-01 2.244000e-03 3.212400e-01
306 6.761400e-01 2.232000e-03 3.216280e-01
307 6.757680e-01 2.160000e-03 3.220720e-01
308 6.753960e-01 2.128000e-03 3.224760e-01
309 6.750000e-01 2.168000e-03 3.228320e-01
310 6.746280e-01 2.096000e-03 3.232760e-01
311 6.742360e-01 2.108000e-03 3.236560e-01
312 6.738680e-01 2.124000e-03 3.240080e-01
313 6.734520e-01 2.144000e-03 3.244040e-01
314 6.730400e-01 2.112000e-03 3.248480e-01
315 6.725880e-01 2.224000e-03 3.251880e-01
316 6.721840e-01 2.200000e-03 3.256160e-01
317 6.719080e-01 2.128000e-03 3.259640e-01
318 6.716160e-01 2.076000e-03 3.263080e-01
319 6.713200e-01 1.980000e-03 3.267000e-01
320 6.710600e-01 1.848000e-03 3.270920e-01
321 6.706960e-01 1.928000e-03 3.273760e-01
322 6.704080e-01 1.864000e-03 3.277280e-01
323 6.701160e-01 1.820000e-03 3.280640e-01
324 6.697840e-01 1.796000e-03 3.284200e-01
325 6.694240e-01 1.820000e-03 3.287560e-01
326 6.690240e-01 1.892000e-03 3.290840e-01
327 6.686760e-01 1.876000e-03 3.294480e-01
328 6.683280e-01 1.884000e-03 3.297880e-01
329 6.680520e-01 1.816000e-03 3.301320e-01
330 6.677320e-01 1.768000e-03 3.305000e-01
331 6.674480e-01 1.748000e-03 3.308040e-01
332 6.670920e-01 1.784000e-03 3.311240e-01
333 6.668400e-01 1.768000e-03 3.313920e-01
334 6.664960e-01 1.756000e-03 3.317480e-01
335 6.661800e-01 1.784000e-03 3.320360e-01
336 6.659160e-01 1.744000e-03 3.323400e-01
337 6.656360e-01 1.692000e-03 3.326720e-01
338 6.653640e-01 1.676000e-03 3.329600e-01
339 6.651160e-01 1.644000e-03 3.332400e-01
340 6.648000e-01 1.716000e-03 3.334840e-01
341 6.645320e-01 1.700000e-03 3.337680e-01
342 6.643160e-01 1.640000e-03 3.340440e-01
343 6.640840e-01 1.556000e-03 3.343600e-01
344 6.638000e-01 1.524000e-03 3.346760e-01
345 6.634360e-01 1.572000e-03 3.349920e-01
346 6.630840e-01 1.640000e-03 3.352760e-01
347 6.628040e-01 1.680000e-03 3.355160e-01
348 6.624640e-01 1.672000e-03 3.358640e-01
349 6.621240e-01 1.712000e-03 3.361640e-01
350 6.618560e-01 1.636000e-03 3.365080e-01
351 6.615600e-01 1.680000e-03 3.367600e-01
352 6.612800e-01 1.636000e-03 3.370840e-01
353 6.610160e-01 1.556000e-03 3.374280e-01
354 6.607480e-01 1.508000e-03 3.377440e-01
355 6.605320e-01 1.500000e-03 3.379680e-01
356 6.602160e-01 1.584000e-03 3.382000e-01
357 6.599760e-01 1.496000e-03 3.385280e-01
358 6.597680e-01 1.452000e-03 3.387800e-01
359 6.595680e-01 1.340000e-03 3.390920e-01
360 6.594120e-01 1.296000e-03 3.392920e-01
361 6.591680e-01 1.324000e-03 3.395080e-01
362 6.589800e-01 1.276000e-03 3.397440e-01
363 6.588080e-01 1.176000e-03 3.400160e-01
364 6.586560e-01 1.144000e-03 3.402000e-01
365 6.584520e-01 1.168000e-03 3.403800e-01
366 6.582880e-01 1.140000e-03 3.405720e-01
367 6.580800e-01 1.116000e-03 3.408040e-01
368 6.578800e-01 1.100000e-03 3.410200e-01
369 6.576840e-01 1.112000e-03 3.412040e-01
370 6.575120e-01 1.080000e-03 3.414080e-01
371 6.573000e-01 1.072000e-03 3.416280e-01
372 6.571120e-01 1.064000e-03 3.418240e-01
373 6.569520e-01 1.028000e-03 3.420200e-01
374 6.567800e-01 1.020000e-03 3.422000e-01
375 6.566320e-01 9.480000e-04 3.424200e-01
376 6.564800e-01 9.120000e-04 3.426080e-01
377 6.562720e-01 9.520000e-04 3.427760e-01
378 6.560720e-01 9.720000e-04 3.429560e-01
379 6.558960e-01 9.960000e-04 3.431080e-01
380 6.557240e-01 1.024000e-03 3.432520e-01
381 6.554920e-01 1.056000e-03 3.434520e-01
382 6.553440e-01 9.840000e-04 3.436720e-01
383 6.551400e-01 1.036000e-03 3.438240e-01
384 6.549960e-01 1.024000e-03 3.439800e-01
385 6.548360e-01 9.920000e-04 3.441720e-01
386 6.546800e-01 9.160000e-04 3.444040e-01
387 6.545600e-01 8.880000e-04 3.445520e-01
388 6.543880e-01 8.720000e-04 3.447400e-01
389 6.542600e-01 8.240000e-04 3.449160e-01
390 6.540640e-01 9.080000e-04 3.450280e-01
391 6.539160e-01 9.040000e-04 3.451800e-01
392 6.537720e-01 8.960000e-04 3.453320e-01
393 6.536520e-01 8.600000e-04 3.454880e-01
394 6.535680e-01 8.040000e-04 3.456280e-01
395 6.534240e-01 8.120000e-04 3.457640e-01
396 6.533160e-01 7.640000e-04 3.459200e-01
397 6.532080e-01 7.440000e-04 3.460480e-01
398 6.531080e-01 6.960000e-04 3.461960e-01
399 6.529960e-01 6.640000e-04 3.463400e-01
400 6.529400e-01 6.040000e-04 3.464560e-01
401 6.528680e-01 5.920000e-04 3.465400e-01
402 6.527920e-01 5.640000e-04 3.466440e-01
403 6.527120e-01 5.800000e-04 3.467080e-01
404 6.526360e-01 5.120000e-04 3.468520e-01
405 6.525560e-01 5.120000e-04 3.469320e-01
406 6.524920e-01 4.880000e-04 3.470200e-01
407 6.524360e-01 4.640000e-04 3.471000e-01
408 6.523720e-01 4.520000e-04 3.471760e-01
409 6.522800e-01 4.800000e-04 3.472400e-01
410 6.522040e-01 4.760000e-04 3.473200e-01
411 6.520760e-01 5.320000e-04 3.473920e-01
412 6.520200e-01 4.920000e-04 3.474880e-01
413 6.519240e-01 5.120000e-04 3.475640e-01
414 6.518240e-01 5.200000e-04 3.476560e-01
415 6.517320e-01 5.240000e-04 3.477440e-01
416 6.516480e-01 5.280000e-04 3.478240e-01
417 6.515840e-01 5.080000e-04 3.479080e-01
418 6.515280e-01 4.880000e-04 3.479840e-01
419 6.514640e-01 4.760000e-04 3.480600e-01
420 6.513680e-01 4.600000e-04 3.481720e-01
421 6.513160e-01 4.440000e-04 3.482400e-01
422 6.512600e-01 4.200000e-04 3.483200e-01
423 6.512000e-01 4.000000e-04 3.484000e-01
424 6.511040e-01 4.360000e-04 3.484600e-01
425 6.510440e-01 4.200000e-04 3.485360e-01
426 6.510320e-01 3.680000e-04 3.486000e-01
427 6.509840e-01 3.400000e-04 3.486760e-01
428 6.509600e-01 3.120000e-04 3.487280e-01
429 6.509040e-01 3.120000e-04 3.487840e-01
430 6.508280e-01 3.440000e-04 3.488280e-01
431 6.507880e-01 3.360000e-04 3.488760e-01
432 6.507400e-01 3.600000e-04 3.489000e-01
433 6.506960e-01 3.480000e-04 3.489560e-01
434 6.506560e-01 3.480000e-04 3.489960e-01
435 6.506080e-01 3.440000e-04 3.490480e-01
436 6.505520e-01 3.320000e-04 3.491160e-01
437 6.505120e-01 3.160000e-04 3.491720e-01
438 6.504760e-01 2.960000e-04 3.492280e-01
439 6.504400e-01 2.560000e-04 3.493040e-01
440 6.504040e-01 2.600000e-04 3.493360e-01
441 6.503800e-01 2.440000e-04 3.493760e-01
442 6.503520e-01 2.160000e-04 3.494320e-01
443 6.503200e-01 2.080000e-04 3.494720e-01
444 6.503120e-01 1.880000e-04 3.495000e-01
445 6.502960e-01 1.640000e-04 3.495400e-01
446 6.502800e-01 1.360000e-04 3.495840e-01
447 6.502720e-01 1.280000e-04 3.496000e-01
448 6.502520e-01 1.240000e-04 3.496240e-01
449 6.502280e-01 1.280000e-04 3.496440e-01
450 6.502240e-01 1.120000e-04 3.496640e-01
451 6.502160e-01 1.000000e-04 3.496840e-01
452 6.502040e-01 9.200000e-05 3.497040e-01
453 6.501800e-01 1.000000e-04 3.497200e-01
454 6.501600e-01 1.000000e-04 3.497400e-01
455 6.501520e-01 1.000000e-04 3.497480e-01
456 6.501240e-01 1.160000e-04 3.497600e-01
457 6.500960e-01 1.200000e-04 3.497840e-01
458 6.500800e-01 1.080000e-04 3.498120e-01
459 6.500520e-01 1.120000e-04 3.498360e-01
460 6.500280e-01 1.280000e-04 3.498440e-01
461 6.500160e-01 1.240000e-04 3.498600e-01
462 6.499960e-01 1.440000e-04 3.498600e-01
463 6.499560e-01 1.440000e-04 3.499000e-01
464 6.499040e-01 1.760000e-04 3.499200e-01
465 6.498880e-01 1.680000e-04 3.499440e-01
466 6.498520e-01 1.880000e-04 3.499600e-01
467 6.498320e-01 1.680000e-04 3.500000e-01
468 6.498200e-01 1.560000e-04 3.500240e-01
469 6.498080e-01 1.440000e-04 3.500480e-01
470 6.497920e-01 1.240000e-04 3.500840e-01
471 6.497880e-01 1.080000e-04 3.501040e-01
472 6.497680e-01 1.040000e-04 3.501280e-01
473 6.497360e-01 1.240000e-04 3.501400e-01
474 6.497160e-01 1.040000e-04 3.501800e-01
475 6.497000e-01 1.000000e-04 3.502000e-01
476 6.496520e-01 1.240000e-04 3.502240e-01
477 6.496160e-01 1.440000e-04 3.502400e-01
478 6.495840e-01 1.520000e-04 3.502640e-01
479 6.495440e-01 1.760000e-04 3.502800e-01
480 6.495200e-01 1.600000e-04 3.503200e-01
481 6.494920e-01 1.640000e-04 3.503440e-01
482 6.494800e-01 1.480000e-04 3.503720e-01
483 6.494600e-01 1.520000e-04 3.503880e-01
484 6.494320e-01 1.480000e-04 3.504200e-01
485 6.494080e-01 1.560000e-04 3.504360e-01
486 6.493800e-01 1.600000e-04 3.504600e-01
487 6.493320e-01 1.840000e-04 3.504840e-01
488 6.492840e-01 1.920000e-04 3.505240e-01
489 6.492480e-01 1.960000e-04 3.505560e-01
490 6.492080e-01 1.960000e-04 3.505960e-01
491 6.491520e-01 2.160000e-04 3.506320e-01
492 6.490960e-01 2.280000e-04 3.506760e-01
493 6.490520e-01 2.360000e-04 3.507120e-01
494 6.490160e-01 2.360000e-04 3.507480e-01
495 6.489720e-01 2.440000e-04 3.507840e-01
496 6.489320e-01 2.240000e-04 3.508440e-01
497 6.489040e-01 2.160000e-04 3.508800e-01
498 6.488760e-01 2.000000e-04 3.509240e-01
499 6.488280e-01 2.160000e-04 3.509560e-01
500 6.487720e-01 2.280000e-04 3.510000e-01
