1 9.992720e-01 6.120000e-04 1.160000e-04
2 9.988360e-01 9.600000e-04 2.040000e-04
3 9.981960e-01 1.372000e-03 4.320000e-04
4 9.975680e-01 1.716000e-03 7.160000e-04
5 9.967160e-01 2.200000e-03 1.084000e-03
6 9.957720e-01 2.772000e-03 1.456000e-03
7 9.947920e-01 3.264000e-03 1.944000e-03
8 9.937600e-01 3.728000e-03 2.512000e-03
9 9.926880e-01 4.052000e-03 3.260000e-03
10 9.916840e-01 4.284000e-03 4.032000e-03
11 9.906960e-01 4.516000e-03 4.788000e-03
12 9.895120e-01 4.852000e-03 5.636000e-03
13 9.883320e-01 5.180000e-03 6.488000e-03
14 9.871720e-01 5.356000e-03 7.472000e-03
15 9.859480e-01 5.620000e-03 8.432000e-03
16 9.846600e-01 6.016000e-03 9.324000e-03
17 9.834280e-01 6.224000e-03 1.034800e-02
18 9.819640e-01 6.556000e-03 1.148000e-02
19 9.805360e-01 6.872000e-03 1.259200e-02
20 9.792520e-01 7.024000e-03 1.372400e-02
21 9.776520e-01 7.340000e-03 1.500800e-02
22 9.761680e-01 7.416000e-03 1.641600e-02
23 9.747080e-01 7.652000e-03 1.764000e-02
24 9.731440e-01 7.768000e-03 1.908800e-02
25 9.716200e-01 7.928000e-03 2.045200e-02
26 9.700720e-01 8.152000e-03 2.177600e-02
27 9.685680e-01 8.240000e-03 2.319200e-02
28 9.670200e-01 8.360000e-03 2.462000e-02
29 9.653440e-01 8.444000e-03 2.621200e-02
30 9.638240e-01 8.508000e-03 2.766800e-02
31 9.622240e-01 8.632000e-03 2.914400e-02
32 9.606280e-01 8.776000e-03 3.059600e-02
33 9.589880e-01 8.768000e-03 3.224400e-02
34 9.574360e-01 8.848000e-03 3.371600e-02
35 9.557520e-01 9.052000e-03 3.519600e-02
36 9.542320e-01 9.084000e-03 3.668400e-02
37 9.526320e-01 9.056000e-03 3.831200e-02
38 9.510240e-01 9.212000e-03 3.976400e-02
39 9.493360e-01 9.328000e-03 4.133600e-02
40 9.477400e-01 9.364000e-03 4.289600e-02
41 9.458920e-01 9.684000e-03 4.442400e-02
42 9.440240e-01 9.884000e-03 4.609200e-02
43 9.420240e-01 1.009200e-02 4.788400e-02
44 9.401920e-01 1.010000e-02 4.970800e-02
45 9.381400e-01 1.040800e-02 5.145200e-02
46 9.360760e-01 1.062400e-02 5.330000e-02
47 9.342720e-01 1.058800e-02 5.514000e-02
48 9.325000e-01 1.043200e-02 5.706800e-02
49 9.307280e-01 1.045200e-02 5.882000e-02
50 9.289280e-01 1.041200e-02 6.066000e-02
51 9.272600e-01 1.031200e-02 6.242800e-02
52 9.255440e-01 1.012400e-02 6.433200e-02
53 9.236920e-01 1.029200e-02 6.601600e-02
54 9.217920e-01 1.027600e-02 6.793200e-02
55 9.199400e-01 1.034000e-02 6.972000e-02
56 9.180920e-01 1.044400e-02 7.146400e-02
57 9.161520e-01 1.055200e-02 7.329600e-02
58 9.143680e-01 1.037600e-02 7.525600e-02
59 9.126600e-01 1.047600e-02 7.686400e-02
60 9.109920e-01 1.045600e-02 7.855200e-02
61 9.092600e-01 1.016400e-02 8.057600e-02
62 9.076200e-01 1.002400e-02 8.235600e-02
63 9.059160e-01 1.005600e-02 8.402800e-02
64 9.042200e-01 1.002800e-02 8.575200e-02
65 9.025480e-01 9.832000e-03 8.762000e-02
66 9.009000e-01 9.896000e-03 8.920400e-02
67 8.991240e-01 9.944000e-03 9.093200e-02
68 8.973440e-01 1.006400e-02 9.259200e-02
69 8.955240e-01 1.018000e-02 9.429600e-02
70 8.937720e-01 1.024000e-02 9.598800e-02
71 8.919920e-01 1.016400e-02 9.784400e-02
72 8.903160e-01 1.004000e-02 9.964400e-02
73 8.884160e-01 1.019600e-02 1.013880e-01
74 8.867160e-01 1.014800e-02 1.031360e-01
75 8.850080e-01 1.022400e-02 1.047680e-01
76 8.833400e-01 1.021600e-02 1.064440e-01
77 8.815240e-01 1.033200e-02 1.081440e-01
78 8.796560e-01 1.042800e-02 1.099160e-01
79 8.778760e-01 1.027600e-02 1.118480e-01
80 8.760960e-01 1.017600e-02 1.137280e-01
81 8.743080e-01 1.023200e-02 1.154600e-01
82 8.723800e-01 1.033600e-02 1.172840e-01
83 8.705800e-01 1.006800e-02 1.193520e-01
84 8.687400e-01 1.015600e-02 1.211040e-01
85 8.670280e-01 1.004800e-02 1.229240e-01
86 8.650680e-01 1.022000e-02 1.247120e-01
87 8.630760e-01 1.045200e-02 1.264720e-01
88 8.611600e-01 1.060400e-02 1.282360e-01
89 8.593360e-01 1.058400e-02 1.300800e-01
90 8.577600e-01 1.032000e-02 1.319200e-01
91 8.559160e-01 1.043200e-02 1.336520e-01
92 8.540320e-01 1.055600e-02 1.354120e-01
93 8.522760e-01 1.050400e-02 1.372200e-01
94 8.503080e-01 1.058400e-02 1.391080e-01
95 8.485360e-01 1.040400e-02 1.410600e-01
96 8.468800e-01 1.028000e-02 1.428400e-01
97 8.450720e-01 1.025600e-02 1.446720e-01
98 8.433320e-01 1.029600e-02 1.463720e-01
99 8.415320e-01 1.018800e-02 1.482800e-01
100 8.397680e-01 1.002400e-02 1.502080e-01
101 8.382040e-01 9.880000e-03 1.519160e-01
102 8.365920e-01 9.788000e-03 1.536200e-01
103 8.350400e-01 9.708000e-03 1.552520e-01
104 8.335880e-01 9.504000e-03 1.569080e-01
105 8.320320e-01 9.424000e-03 1.585440e-01
106 8.305120e-01 9.244000e-03 1.602440e-01
107 8.289880e-01 9.136000e-03 1.618760e-01
108 8.274680e-01 9.008000e-03 1.635240e-01
109 8.259560e-01 8.952000e-03 1.650920e-01
110 8.242720e-01 9.096000e-03 1.666320e-01
111 8.226680e-01 9.088000e-03 1.682440e-01
112 8.211360e-01 8.952000e-03 1.699120e-01
113 8.196080e-01 8.888000e-03 1.715040e-01
114 8.180440e-01 8.916000e-03 1.730400e-01
115 8.166800e-01 8.792000e-03 1.745280e-01
116 8.152040e-01 8.648000e-03 1.761480e-01
117 8.136960e-01 8.716000e-03 1.775880e-01
118 8.122360e-01 8.616000e-03 1.791480e-01
119 8.109960e-01 8.244000e-03 1.807600e-01
120 8.095800e-01 8.248000e-03 1.821720e-01
121 8.081200e-01 8.176000e-03 1.837040e-01
122 8.066720e-01 8.268000e-03 1.850600e-01
123 8.052480e-01 8.264000e-03 1.864880e-01
124 8.037160e-01 8.416000e-03 1.878680e-01
125 8.022520e-01 8.404000e-03 1.893440e-01
126 8.007880e-01 8.392000e-03 1.908200e-01
127 7.993280e-01 8.536000e-03 1.921360e-01
128 7.980400e-01 8.272000e-03 1.936880e-01
129 7.965320e-01 8.256000e-03 1.952120e-01
130 7.952160e-01 8.164000e-03 1.966200e-01
131 7.937400e-01 8.224000e-03 1.980360e-01
132 7.925240e-01 8.048000e-03 1.994280e-01
133 7.911480e-01 8.048000e-03 2.008040e-01
134 7.898640e-01 7.880000e-03 2.022560e-01
135 7.884800e-01 7.968000e-03 2.035520e-01
136 7.871240e-01 7.932000e-03 2.049440e-01
137 7.858520e-01 7.816000e-03 2.063320e-01
138 7.845880e-01 7.632000e-03 2.077800e-01
139 7.833680e-01 7.512000e-03 2.091200e-01
140 7.821200e-01 7.452000e-03 2.104280e-01
141 7.808280e-01 7.428000e-03 2.117440e-01
142 7.795280e-01 7.376000e-03 2.130960e-01
143 7.782920e-01 7.336000e-03 2.143720e-01
144 7.768480e-01 7.540000e-03 2.156120e-01
145 7.753920e-01 7.756000e-03 2.168520e-01
146 7.740600e-01 7.768000e-03 2.181720e-01
147 7.726400e-01 7.968000e-03 2.193920e-01
148 7.712920e-01 7.984000e-03 2.207240e-01
149 7.697760e-01 8.064000e-03 2.221600e-01
150 7.685600e-01 7.816000e-03 2.236240e-01
151 7.674640e-01 7.524000e-03 2.250120e-01
152 7.662760e-01 7.420000e-03 2.263040e-01
153 7.652280e-01 7.256000e-03 2.275160e-01
154 7.640840e-01 7.104000e-03 2.288120e-01
155 7.629040e-01 7.044000e-03 2.300520e-01
156 7.616320e-01 7.112000e-03 2.312560e-01
157 7.604640e-01 6.992000e-03 2.325440e-01
158 7.591600e-01 7.024000e-03 2.338160e-01
159 7.579320e-01 7.096000e-03 2.349720e-01
160 7.567520e-01 6.880000e-03 2.363680e-01
161 7.557440e-01 6.692000e-03 2.375640e-01
162 7.545800e-01 6.648000e-03 2.387720e-01
163 7.534080e-01 6.556000e-03 2.400360e-01
164 7.523240e-01 6.540000e-03 2.411360e-01
165 7.510320e-01 6.720000e-03 2.422480e-01
166 7.499960e-01 6.544000e-03 2.434600e-01
167 7.489040e-01 6.440000e-03 2.446560e-01
168 7.478040e-01 6.480000e-03 2.457160e-01
169 7.467680e-01 6.420000e-03 2.468120e-01
170 7.456360e-01 6.492000e-03 2.478720e-01
171 7.445680e-01 6.404000e-03 2.490280e-01
172 7.434640e-01 6.372000e-03 2.501640e-01
173 7.423040e-01 6.424000e-03 2.512720e-01
174 7.412280e-01 6.356000e-03 2.524160e-01
175 7.401600e-01 6.260000e-03 2.535800e-01
176 7.389960e-01 6.376000e-03 2.546280e-01
177 7.378360e-01 6.472000e-03 2.556920e-01
178 7.366200e-01 6.480000e-03 2.569000e-01
179 7.355640e-01 6.428000e-03 2.580080e-01
180 7.345360e-01 6.404000e-03 2.590600e-01
181 7.335760e-01 6.308000e-03 2.601160e-01
182 7.326000e-01 6.204000e-03 2.611960e-01
183 7.314880e-01 6.328000e-03 2.621840e-01
184 7.305200e-01 6.136000e-03 2.633440e-01
185 7.295280e-01 6.088000e-03 2.643840e-01
186 7.285240e-01 6.012000e-03 2.654640e-01
187 7.274560e-01 6.120000e-03 2.664240e-01
188 7.263120e-01 6.084000e-03 2.676040e-01
189 7.253760e-01 5.956000e-03 2.686680e-01
190 7.244040e-01 5.880000e-03 2.697160e-01
191 7.233880e-01 5.796000e-03 2.708160e-01
192 7.223080e-01 5.780000e-03 2.719120e-01
193 7.213560e-01 5.756000e-03 2.728880e-01
194 7.204000e-01 5.696000e-03 2.739040e-01
195 7.193080e-01 5.776000e-03 2.749160e-01
196 7.183720e-01 5.672000e-03 2.759560e-01
197 7.174680e-01 5.544000e-03 2.769880e-01
198 7.166400e-01 5.408000e-03 2.779520e-01
199 7.157560e-01 5.352000e-03 2.788920e-01
200 7.149160e-01 5.280000e-03 2.798040e-01
201 7.141760e-01 5.148000e-03 2.806760e-01
202 7.132520e-01 5.220000e-03 2.815280e-01
203 7.123480e-01 5.260000e-03 2.823920e-01
204 7.114920e-01 5.232000e-03 2.832760e-01
205 7.106840e-01 5.132000e-03 2.841840e-01
206 7.097960e-01 5.044000e-03 2.851600e-01
207 7.089040e-01 5.108000e-03 2.859880e-01
208 7.079720e-01 5.220000e-03 2.868080e-01
209 7.071760e-01 5.176000e-03 2.876480e-01
210 7.062960e-01 5.148000e-03 2.885560e-01
211 7.054960e-01 5.152000e-03 2.893520e-01
212 7.046400e-01 5.132000e-03 2.902280e-01
213 7.038000e-01 5.076000e-03 2.911240e-01
214 7.028280e-01 5.248000e-03 2.919240e-01
215 7.020120e-01 5.116000e-03 2.928720e-01
216 7.010800e-01 5.224000e-03 2.936960e-01
217 7.002040e-01 5.204000e-03 2.945920e-01
218 6.993520e-01 5.140000e-03 2.955080e-01
219 6.984400e-01 5.208000e-03 2.963520e-01
220 6.976200e-01 5.148000e-03 2.972320e-01
221 6.968200e-01 5.068000e-03 2.981120e-01
222 6.960200e-01 4.980000e-03 2.990000e-01
223 6.951520e-01 4.996000e-03 2.998520e-01
224 6.942880e-01 5.004000e-03 3.007080e-01
225 6.934600e-01 4.844000e-03 3.016960e-01
226 6.926200e-01 4.888000e-03 3.024920e-01
227 6.917840e-01 4.948000e-03 3.032680e-01
228 6.909560e-01 4.920000e-03 3.041240e-01
229 6.900320e-01 4.972000e-03 3.049960e-01
230 6.891400e-01 5.072000e-03 3.057880e-01
231 6.883720e-01 4.964000e-03 3.066640e-01
232 6.875360e-01 4.888000e-03 3.075760e-01
233 6.866640e-01 4.840000e-03 3.084960e-01
234 6.859040e-01 4.724000e-03 3.093720e-01
235 6.851200e-01 4.640000e-03 3.102400e-01
236 6.843960e-01 4.568000e-03 3.110360e-01
237 6.836400e-01 4.476000e-03 3.118840e-01
238 6.829320e-01 4.396000e-03 3.126720e-01
239 6.822480e-01 4.352000e-03 3.134000e-01
240 6.815000e-01 4.320000e-03 3.141800e-01
241 6.808200e-01 4.268000e-03 3.149120e-01
242 6.802000e-01 4.092000e-03 3.157080e-01
243 6.795720e-01 4.032000e-03 3.163960e-01
244 6.789480e-01 4.004000e-03 3.170480e-01
245 6.783760e-01 3.880000e-03 3.177440e-01
246 6.776320e-01 3.932000e-03 3.184360e-01
247 6.769680e-01 3.900000e-03 3.191320e-01
248 6.764000e-01 3.772000e-03 3.198280e-01
249 6.757120e-01 3.764000e-03 3.205240e-01
250 6.750480e-01 3.744000e-03 3.212080e-01
251 6.743840e-01 3.768000e-03 3.218480e-01
252 6.738040e-01 3.660000e-03 3.225360e-01
253 6.731880e-01 3.588000e-03 3.232240e-01
254 6.725640e-01 3.556000e-03 3.238800e-01
255 6.719920e-01 3.512000e-03 3.244960e-01
256 6.713920e-01 3.556000e-03 3.250520e-01
257 6.708480e-01 3.520000e-03 3.256320e-01
258 6.702960e-01 3.448000e-03 3.262560e-01
259 6.697320e-01 3.384000e-03 3.268840e-01
260 6.691080e-01 3.536000e-03 3.273560e-01
261 6.684600e-01 3.536000e-03 3.280040e-01
262 6.677400e-01 3.644000e-03 3.286160e-01
263 6.670880e-01 3.692000e-03 3.292200e-01
264 6.664240e-01 3.708000e-03 3.298680e-01
265 6.657680e-01 3.696000e-03 3.305360e-01
266 6.651960e-01 3.668000e-03 3.311360e-01
267 6.645760e-01 3.608000e-03 3.318160e-01
268 6.639560e-01 3.520000e-03 3.325240e-01
269 6.634240e-01 3.436000e-03 3.331400e-01
270 6.627680e-01 3.456000e-03 3.337760e-01
271 6.621480e-01 3.452000e-03 3.344000e-01
272 6.615960e-01 3.456000e-03 3.349480e-01
273 6.610280e-01 3.440000e-03 3.355320e-01
274 6.606000e-01 3.260000e-03 3.361400e-01
275 6.600760e-01 3.236000e-03 3.366880e-01
276 6.595520e-01 3.204000e-03 3.372440e-01
277 6.590120e-01 3.180000e-03 3.378080e-01
278 6.585280e-01 3.096000e-03 3.383760e-01
279 6.580160e-01 3.032000e-03 3.389520e-01
280 6.574520e-01 3.132000e-03 3.394160e-01
281 6.567520e-01 3.260000e-03 3.399880e-01
282 6.561280e-01 3.268000e-03 3.406040e-01
283 6.555280e-01 3.304000e-03 3.411680e-01
284 6.548800e-01 3.460000e-03 3.416600e-01
285 6.541680e-01 3.572000e-03 3.422600e-01
286 6.536600e-01 3.380000e-03 3.429600e-01
287 6.532400e-01 3.184000e-03 3.435760e-01
288 6.526720e-01 3.204000e-03 3.441240e-01
289 6.521240e-01 3.124000e-03 3.447520e-01
290 6.516080e-01 3.148000e-03 3.452440e-01
291 6.511000e-01 3.048000e-03 3.458520e-01
292 6.506240e-01 3.004000e-03 3.463720e-01
293 6.501440e-01 2.904000e-03 3.469520e-01
294 6.496360e-01 2.852000e-03 3.475120e-01
295 6.490400e-01 3.000000e-03 3.479600e-01
296 6.483960e-01 3.048000e-03 3.485560e-01
297 6.479160e-01 2.980000e-03 3.491040e-01
298 6.473120e-01 3.056000e-03 3.496320e-01
299 6.467320e-01 3.156000e-03 3.501120e-01
300 6.462040e-01 3.192000e-03 3.506040e-01
301 6.456280e-01 3.240000e-03 3.511320e-01
302 6.450240e-01 3.328000e-03 3.516480e-01
303 6.444680e-01 3.260000e-03 3.522720e-01
304 6.438840e-01 3.300000e-03 3.528160e-01
305 6.433400e-01 3.272000e-03 3.533880e-01
306 6.428040e-01 3.188000e-03 3.540080e-01
307 6.422720e-01 3.164000e-03 3.545640e-01
308 6.417280e-01 3.120000e-03 3.551520e-01
309 6.411360e-01 3.256000e-03 3.556080e-01
310 6.407000e-01 3.132000e-03 3.561680e-01
311 6.401600e-01 3.088000e-03 3.567520e-01
312 6.396640e-01 3.036000e-03 3.573000e-01
313 6.392200e-01 2.904000e-03 3.578760e-01
314 6.387520e-01 2.864000e-03 3.583840e-01
315 6.383480e-01 2.812000e-03 3.588400e-01
316 6.379040e-01 2.836000e-03 3.592600e-01
317 6.375120e-01 2.752000e-03 3.597360e-01
318 6.370720e-01 2.688000e-03 3.602400e-01
319 6.366920e-01 2.532000e-03 3.607760e-01
320 6.362120e-01 2.516000e-03 3.612720e-01
321 6.358360e-01 2.432000e-03 3.617320e-01
322 6.354280e-01 2.420000e-03 3.621520e-01
323 6.349800e-01 2.420000e-03 3.626000e-01
324 6.345080e-01 2.396000e-03 3.630960e-01
325 6.340560e-01 2.408000e-03 3.635360e-01
326 6.336520e-01 2.360000e-03 3.639880e-01
327 6.332320e-01 2.352000e-03 3.644160e-01
328 6.328400e-01 2.368000e-03 3.647920e-01
329 6.324600e-01 2.296000e-03 3.652440e-01
330 6.320360e-01 2.268000e-03 3.656960e-01
331 6.315880e-01 2.264000e-03 3.661480e-01
332 6.311840e-01 2.292000e-03 3.665240e-01
333 6.308480e-01 2.196000e-03 3.669560e-01
334 6.304880e-01 2.176000e-03 3.673360e-01
335 6.301640e-01 2.136000e-03 3.677000e-01
336 6.298480e-01 2.104000e-03 3.680480e-01
337 6.294720e-01 2.160000e-03 3.683680e-01
338 6.291080e-01 2.088000e-03 3.688040e-01
339 6.286760e-01 2.104000e-03 3.692200e-01
340 6.283320e-01 2.056000e-03 3.696120e-01
341 6.280320e-01 1.944000e-03 3.700240e-01
342 6.277240e-01 1.924000e-03 3.703520e-01
343 6.273560e-01 1.908000e-03 3.707360e-01
344 6.270640e-01 1.852000e-03 3.710840e-01
345 6.267680e-01 1.828000e-03 3.714040e-01
346 6.264240e-01 1.904000e-03 3.716720e-01
347 6.260560e-01 1.924000e-03 3.720200e-01
348 6.257400e-01 1.916000e-03 3.723440e-01
349 6.254760e-01 1.848000e-03 3.726760e-01
350 6.252120e-01 1.768000e-03 3.730200e-01
351 6.249480e-01 1.736000e-03 3.733160e-01
352 6.247560e-01 1.608000e-03 3.736360e-01
353 6.245920e-01 1.440000e-03 3.739680e-01
354 6.243080e-01 1.468000e-03 3.742240e-01
355 6.240480e-01 1.476000e-03 3.744760e-01
356 6.237960e-01 1.488000e-03 3.747160e-01
357 6.235440e-01 1.472000e-03 3.749840e-01
358 6.232680e-01 1.492000e-03 3.752400e-01
359 6.230400e-01 1.432000e-03 3.755280e-01
360 6.228360e-01 1.340000e-03 3.758240e-01
361 6.226000e-01 1.304000e-03 3.760960e-01
362 6.223600e-01 1.332000e-03 3.763080e-01
363 6.222000e-01 1.260000e-03 3.765400e-01
364 6.220080e-01 1.204000e-03 3.767880e-01
365 6.218320e-01 1.116000e-03 3.770520e-01
366 6.216720e-01 1.080000e-03 3.772480e-01
367 6.214920e-01 1.088000e-03 3.774200e-01
368 6.213080e-01 1.104000e-03 3.775880e-01
369 6.210920e-01 1.176000e-03 3.777320e-01
370 6.208840e-01 1.140000e-03 3.779760e-01
371 6.207160e-01 1.112000e-03 3.781720e-01
372 6.204960e-01 1.168000e-03 3.783360e-01
373 6.201640e-01 1.260000e-03 3.785760e-01
374 6.198520e-01 1.356000e-03 3.787920e-01
375 6.195520e-01 1.400000e-03 3.790480e-01
376 6.192440e-01 1.460000e-03 3.792960e-01
377 6.190160e-01 1.412000e-03 3.795720e-01
378 6.187640e-01 1.408000e-03 3.798280e-01
379 6.185160e-01 1.432000e-03 3.800520e-01
380 6.182600e-01 1.436000e-03 3.803040e-01
381 6.179200e-01 1.504000e-03 3.805760e-01
382 6.175800e-01 1.568000e-03 3.808520e-01
383 6.173480e-01 1.548000e-03 3.811040e-01
384 6.170680e-01 1.604000e-03 3.813280e-01
385 6.167840e-01 1.644000e-03 3.815720e-01
386 6.164840e-01 1.664000e-03 3.818520e-01
387 6.162360e-01 1.628000e-03 3.821360e-01
388 6.159160e-01 1.724000e-03 3.823600e-01
389 6.155880e-01 1.736000e-03 3.826760e-01
390 6.152320e-01 1.784000e-03 3.829840e-01
391 6.149720e-01 1.748000e-03 3.832800e-01
392 6.147000e-01 1.740000e-03 3.835600e-01
393 6.144280e-01 1.692000e-03 3.838800e-01
394 6.141480e-01 1.696000e-03 3.841560e-01
395 6.139040e-01 1.584000e-03 3.845120e-01
396 6.135800e-01 1.596000e-03 3.848240e-01
397 6.133040e-01 1.640000e-03 3.850560e-01
398 6.130080e-01 1.684000e-03 3.853080e-01
399 6.127760e-01 1.584000e-03 3.856400e-01
400 6.125360e-01 1.548000e-03 3.859160e-01
401 6.122840e-01 1.528000e-03 3.861880e-01
402 6.120320e-01 1.488000e-03 3.864800e-01
403 6.118040e-01 1.504000e-03 3.866920e-01
404 6.116240e-01 1.452000e-03 3.869240e-01
405 6.114000e-01 1.392000e-03 3.872080e-01
406 6.111560e-01 1.412000e-03 3.874320e-01
407 6.109200e-01 1.388000e-03 3.876920e-01
408 6.106640e-01 1.404000e-03 3.879320e-01
409 6.104200e-01 1.372000e-03 3.882080e-01
410 6.101840e-01 1.392000e-03 3.884240e-01
411 6.099600e-01 1.388000e-03 3.886520e-01
412 6.097440e-01 1.344000e-03 3.889120e-01
413 6.095280e-01 1.372000e-03 3.891000e-01
414 6.092880e-01 1.320000e-03 3.893920e-01
415 6.090520e-01 1.340000e-03 3.896080e-01
416 6.088040e-01 1.372000e-03 3.898240e-01
417 6.085320e-01 1.424000e-03 3.900440e-01
418 6.083280e-01 1.380000e-03 3.902920e-01
419 6.080600e-01 1.452000e-03 3.904880e-01
420 6.078520e-01 1.380000e-03 3.907680e-01
421 6.076080e-01 1.364000e-03 3.910280e-01
422 6.073760e-01 1.308000e-03 3.913160e-01
423 6.071760e-01 1.304000e-03 3.915200e-01
424 6.069920e-01 1.248000e-03 3.917600e-01
425 6.067920e-01 1.220000e-03 3.919880e-01
426 6.066240e-01 1.180000e-03 3.921960e-01
427 6.064400e-01 1.144000e-03 3.924160e-01
428 6.062440e-01 1.152000e-03 3.926040e-01
429 6.060840e-01 1.136000e-03 3.927800e-01
430 6.059200e-01 1.124000e-03 3.929560e-01
431 6.057240e-01 1.080000e-03 3.931960e-01
432 6.055800e-01 1.012000e-03 3.934080e-01
433 6.053800e-01 9.920000e-04 3.936280e-01
434 6.051560e-01 1.020000e-03 3.938240e-01
435 6.049440e-01 1.052000e-03 3.940040e-01
436 6.048000e-01 1.020000e-03 3.941800e-01
437 6.046840e-01 9.440000e-04 3.943720e-01
438 6.045120e-01 9.280000e-04 3.945600e-01
439 6.043720e-01 9.200000e-04 3.947080e-01
440 6.042200e-01 8.920000e-04 3.948880e-01
441 6.041160e-01 8.640000e-04 3.950200e-01
442 6.039920e-01 8.480000e-04 3.951600e-01
443 6.038520e-01 8.320000e-04 3.953160e-01
444 6.037000e-01 7.880000e-04 3.955120e-01
445 6.035560e-01 8.160000e-04 3.956280e-01
446 6.034360e-01 7.800000e-04 3.957840e-01
447 6.032800e-01 8.120000e-04 3.959080e-01
448 6.031320e-01 8.000000e-04 3.960680e-01
449 6.030280e-01 7.760000e-04 3.961960e-01
450 6.028760e-01 8.200000e-04 3.963040e-01
451 6.027360e-01 8.160000e-04 3.964480e-01
452 6.026200e-01 8.120000e-04 3.965680e-01
453 6.025240e-01 7.840000e-04 3.966920e-01
454 6.023320e-01 8.440000e-04 3.968240e-01
455 6.021480e-01 8.920000e-04 3.969600e-01
456 6.020280e-01 8.800000e-04 3.970920e-01
457 6.018800e-01 8.560000e-04 3.972640e-01
458 6.017080e-01 8.720000e-04 3.974200e-01
459 6.015520e-01 8.640000e-04 3.975840e-01
460 6.013360e-01 9.400000e-04 3.977240e-01
461 6.011760e-01 9.320000e-04 3.978920e-01
462 6.010640e-01 9.160000e-04 3.980200e-01
463 6.009400e-01 8.680000e-04 3.981920e-01
464 6.008560e-01 8.440000e-04 3.983000e-01
465 6.007640e-01 7.880000e-04 3.984480e-01
466 6.006240e-01 7.760000e-04 3.986000e-01
467 6.005400e-01 7.280000e-04 3.987320e-01
468 6.003960e-01 7.400000e-04 3.988640e-01
469 6.002680e-01 7.440000e-04 3.989880e-01
470 6.001400e-01 7.480000e-04 3.991120e-01
471 5.999840e-01 7.320000e-04 3.992840e-01
472 5.998000e-01 7.680000e-04 3.994320e-01
473 5.996600e-01 7.640000e-04 3.995760e-01
474 5.994920e-01 7.840000e-04 3.997240e-01
475 5.993720e-01 7.560000e-04 3.998720e-01
476 5.992120e-01 7.840000e-04 4.000040e-01
477 5.990400e-01 8.120000e-04 4.001480e-01
478 5.988760e-01 8.680000e-04 4.002560e-01
479 5.987160e-01 8.920000e-04 4.003920e-01
480 5.985760e-01 8.680000e-04 4.005560e-01
481 5.983920e-01 9.160000e-04 4.006920e-01
482 5.982120e-01 9.280000e-04 4.008600e-01
483 5.980680e-01 9.200000e-04 4.010120e-01
484 5.978960e-01 9.320000e-04 4.011720e-01
485 5.977360e-01 9.400000e-04 4.013240e-01
486 5.975680e-01 9.520000e-04 4.014800e-01
487 5.974320e-01 9.120000e-04 4.016560e-01
488 5.973000e-01 8.640000e-04 4.018360e-01
489 5.971680e-01 8.600000e-04 4.019720e-01
490 5.970160e-01 8.480000e-04 4.021360e-01
491 5.968600e-01 8.720000e-04 4.022680e-01
492 5.966760e-01 8.760000e-04 4.024480e-01
493 5.965240e-01 9.280000e-04 4.025480e-01
494 5.963680e-01 9.040000e-04 4.027280e-01
495 5.962080e-01 9.000000e-04 4.028920e-01
496 5.960760e-01 8.800000e-04 4.030440e-01
497 5.959280e-01 8.720000e-04 4.032000e-01
498 5.957880e-01 8.800000e-04 4.033320e-01
499 5.957200e-01 8.080000e-04 4.034720e-01
500 5.955760e-01 8.320000e-04 4.035920e-01
