1 9.992520e-01 6.920000e-04 5.600000e-05
2 9.987200e-01 1.084000e-03 1.960000e-04
3 9.980440e-01 1.528000e-03 4.280000e-04
4 9.972760e-01 1.928000e-03 7.960000e-04
5 9.964760e-01 2.380000e-03 1.144000e-03
6 9.957040e-01 2.696000e-03 1.600000e-03
7 9.948040e-01 3.084000e-03 2.112000e-03
8 9.938680e-01 3.420000e-03 2.712000e-03
9 9.928320e-01 3.852000e-03 3.316000e-03
10 9.919560e-01 4.060000e-03 3.984000e-03
11 9.909280e-01 4.344000e-03 4.728000e-03
12 9.899400e-01 4.612000e-03 5.448000e-03
13 9.890560e-01 4.628000e-03 6.316000e-03
14 9.880160e-01 4.772000e-03 7.212000e-03
15 9.870280e-01 4.928000e-03 8.044000e-03
16 9.860080e-01 5.084000e-03 8.908000e-03
17 9.849480e-01 5.176000e-03 9.876000e-03
18 9.839440e-01 5.232000e-03 1.082400e-02
19 9.828840e-01 5.324000e-03 1.179200e-02
20 9.819040e-01 5.404000e-03 1.269200e-02
21 9.807960e-01 5.688000e-03 1.351600e-02
22 9.796640e-01 5.812000e-03 1.452400e-02
23 9.784040e-01 5.996000e-03 1.560000e-02
24 9.771480e-01 6.108000e-03 1.674400e-02
25 9.759360e-01 6.320000e-03 1.774400e-02
26 9.745880e-01 6.528000e-03 1.888400e-02
27 9.733840e-01 6.676000e-03 1.994000e-02
28 9.720360e-01 6.780000e-03 2.118400e-02
29 9.708400e-01 6.872000e-03 2.228800e-02
30 9.695840e-01 7.008000e-03 2.340800e-02
31 9.682280e-01 7.112000e-03 2.466000e-02
32 9.670120e-01 7.080000e-03 2.590800e-02
33 9.656400e-01 7.180000e-03 2.718000e-02
34 9.642360e-01 7.364000e-03 2.840000e-02
35 9.628480e-01 7.424000e-03 2.972800e-02
36 9.614680e-01 7.412000e-03 3.112000e-02
37 9.602120e-01 7.440000e-03 3.234800e-02
38 9.588680e-01 7.504000e-03 3.362800e-02
39 9.575960e-01 7.400000e-03 3.500400e-02
40 9.563480e-01 7.336000e-03 3.631600e-02
41 9.550080e-01 7.388000e-03 3.760400e-02
42 9.537160e-01 7.292000e-03 3.899200e-02
43 9.523000e-01 7.512000e-03 4.018800e-02
44 9.510360e-01 7.352000e-03 4.161200e-02
45 9.496640e-01 7.384000e-03 4.295200e-02
46 9.483640e-01 7.408000e-03 4.422800e-02
47 9.470480e-01 7.400000e-03 4.555200e-02
48 9.457320e-01 7.448000e-03 4.682000e-02
49 9.442440e-01 7.492000e-03 4.826400e-02
50 9.430240e-01 7.556000e-03 4.942000e-02
51 9.416720e-01 7.724000e-03 5.060400e-02
52 9.403360e-01 7.660000e-03 5.200400e-02
53 9.389560e-01 7.760000e-03 5.328400e-02
54 9.375600e-01 7.788000e-03 5.465200e-02
55 9.361200e-01 7.836000e-03 5.604400e-02
56 9.346400e-01 8.024000e-03 5.733600e-02
57 9.334160e-01 7.748000e-03 5.883600e-02
58 9.321720e-01 7.708000e-03 6.012000e-02
59 9.308560e-01 7.732000e-03 6.141200e-02
60 9.296520e-01 7.632000e-03 6.271600e-02
61 9.284440e-01 7.568000e-03 6.398800e-02
62 9.272880e-01 7.392000e-03 6.532000e-02
63 9.261160e-01 7.208000e-03 6.667600e-02
64 9.248760e-01 7.196000e-03 6.792800e-02
65 9.236040e-01 7.236000e-03 6.916000e-02
66 9.223400e-01 7.236000e-03 7.042400e-02
67 9.209960e-01 7.308000e-03 7.169600e-02
68 9.196520e-01 7.424000e-03 7.292400e-02
69 9.180880e-01 7.704000e-03 7.420800e-02
70 9.167560e-01 7.544000e-03 7.570000e-02
71 9.153480e-01 7.632000e-03 7.702000e-02
72 9.140560e-01 7.696000e-03 7.824800e-02
73 9.126760e-01 7.660000e-03 7.966400e-02
74 9.113000e-01 7.592000e-03 8.110800e-02
75 9.099200e-01 7.616000e-03 8.246400e-02
76 9.086440e-01 7.496000e-03 8.386000e-02
77 9.073800e-01 7.552000e-03 8.506800e-02
78 9.059960e-01 7.592000e-03 8.641200e-02
79 9.048440e-01 7.464000e-03 8.769200e-02
80 9.034080e-01 7.568000e-03 8.902400e-02
81 9.020720e-01 7.668000e-03 9.026000e-02
82 9.007680e-01 7.788000e-03 9.144400e-02
83 8.994280e-01 7.812000e-03 9.276000e-02
84 8.980320e-01 7.876000e-03 9.409200e-02
85 8.967920e-01 7.728000e-03 9.548000e-02
86 8.955320e-01 7.596000e-03 9.687200e-02
87 8.943640e-01 7.468000e-03 9.816800e-02
88 8.930440e-01 7.436000e-03 9.952000e-02
89 8.917720e-01 7.340000e-03 1.008880e-01
90 8.905440e-01 7.292000e-03 1.021640e-01
91 8.893040e-01 7.308000e-03 1.033880e-01
92 8.879600e-01 7.224000e-03 1.048160e-01
93 8.867760e-01 7.136000e-03 1.060880e-01
94 8.855160e-01 7.164000e-03 1.073200e-01
95 8.842160e-01 7.184000e-03 1.086000e-01
96 8.828720e-01 7.344000e-03 1.097840e-01
97 8.815920e-01 7.336000e-03 1.110720e-01
98 8.801880e-01 7.516000e-03 1.122960e-01
99 8.789120e-01 7.536000e-03 1.135520e-01
100 8.774880e-01 7.760000e-03 1.147520e-01
101 8.760480e-01 7.848000e-03 1.161040e-01
102 8.746320e-01 7.892000e-03 1.174760e-01
103 8.730600e-01 8.068000e-03 1.188720e-01
104 8.715000e-01 8.232000e-03 1.202680e-01
105 8.700120e-01 8.356000e-03 1.216320e-01
106 8.685080e-01 8.420000e-03 1.230720e-01
107 8.670400e-01 8.516000e-03 1.244440e-01
108 8.656120e-01 8.464000e-03 1.259240e-01
109 8.640800e-01 8.496000e-03 1.274240e-01
110 8.627080e-01 8.440000e-03 1.288520e-01
111 8.613280e-01 8.404000e-03 1.302680e-01
112 8.597800e-01 8.588000e-03 1.316320e-01
113 8.584000e-01 8.404000e-03 1.331960e-01
114 8.570520e-01 8.304000e-03 1.346440e-01
115 8.557480e-01 8.268000e-03 1.359840e-01
116 8.544000e-01 8.200000e-03 1.374000e-01
117 8.528840e-01 8.336000e-03 1.387800e-01
118 8.514520e-01 8.316000e-03 1.402320e-01
119 8.501360e-01 8.188000e-03 1.416760e-01
120 8.487680e-01 8.116000e-03 1.431160e-01
121 8.475000e-01 7.936000e-03 1.445640e-01
122 8.461440e-01 7.820000e-03 1.460360e-01
123 8.449600e-01 7.696000e-03 1.473440e-01
124 8.437320e-01 7.596000e-03 1.486720e-01
125 8.425120e-01 7.556000e-03 1.499320e-01
126 8.412920e-01 7.460000e-03 1.512480e-01
127 8.400040e-01 7.612000e-03 1.523840e-01
128 8.385920e-01 7.616000e-03 1.537920e-01
129 8.373240e-01 7.492000e-03 1.551840e-01
130 8.360600e-01 7.472000e-03 1.564680e-01
131 8.349120e-01 7.376000e-03 1.577120e-01
132 8.337120e-01 7.244000e-03 1.590440e-01
133 8.325440e-01 7.148000e-03 1.603080e-01
134 8.314000e-01 7.064000e-03 1.615360e-01
135 8.301920e-01 7.040000e-03 1.627680e-01
136 8.289240e-01 7.088000e-03 1.639880e-01
137 8.275600e-01 7.108000e-03 1.653320e-01
138 8.264640e-01 6.980000e-03 1.665560e-01
139 8.251880e-01 7.036000e-03 1.677760e-01
140 8.239000e-01 7.080000e-03 1.690200e-01
141 8.227600e-01 7.000000e-03 1.702400e-01
142 8.216880e-01 6.800000e-03 1.715120e-01
143 8.206120e-01 6.640000e-03 1.727480e-01
144 8.195920e-01 6.384000e-03 1.740240e-01
145 8.185720e-01 6.316000e-03 1.751120e-01
146 8.175400e-01 6.348000e-03 1.761120e-01
147 8.164560e-01 6.416000e-03 1.771280e-01
148 8.154680e-01 6.280000e-03 1.782520e-01
149 8.145160e-01 6.084000e-03 1.794000e-01
150 8.135640e-01 6.144000e-03 1.802920e-01
151 8.125360e-01 6.060000e-03 1.814040e-01
152 8.116160e-01 5.880000e-03 1.825040e-01
153 8.106640e-01 5.832000e-03 1.835040e-01
154 8.097200e-01 5.720000e-03 1.845600e-01
155 8.087040e-01 5.696000e-03 1.856000e-01
156 8.077480e-01 5.664000e-03 1.865880e-01
157 8.066600e-01 5.696000e-03 1.876440e-01
158 8.057400e-01 5.624000e-03 1.886360e-01
159 8.048640e-01 5.584000e-03 1.895520e-01
160 8.039680e-01 5.504000e-03 1.905280e-01
161 8.030240e-01 5.512000e-03 1.914640e-01
162 8.021280e-01 5.492000e-03 1.923800e-01
163 8.012680e-01 5.328000e-03 1.934040e-01
164 8.002680e-01 5.420000e-03 1.943120e-01
165 7.993000e-01 5.372000e-03 1.953280e-01
166 7.983120e-01 5.420000e-03 1.962680e-01
167 7.974120e-01 5.396000e-03 1.971920e-01
168 7.965360e-01 5.356000e-03 1.981080e-01
169 7.957160e-01 5.216000e-03 1.990680e-01
170 7.949640e-01 4.968000e-03 2.000680e-01
171 7.942360e-01 4.836000e-03 2.009280e-01
172 7.934680e-01 4.736000e-03 2.017960e-01
173 7.926840e-01 4.676000e-03 2.026400e-01
174 7.919160e-01 4.676000e-03 2.034080e-01
175 7.912240e-01 4.540000e-03 2.042360e-01
176 7.905400e-01 4.368000e-03 2.050920e-01
177 7.897280e-01 4.480000e-03 2.057920e-01
178 7.889160e-01 4.548000e-03 2.065360e-01
179 7.881120e-01 4.536000e-03 2.073520e-01
180 7.873320e-01 4.524000e-03 2.081440e-01
181 7.865640e-01 4.580000e-03 2.088560e-01
182 7.857480e-01 4.580000e-03 2.096720e-01
183 7.850360e-01 4.432000e-03 2.105320e-01
184 7.843240e-01 4.252000e-03 2.114240e-01
185 7.836240e-01 4.176000e-03 2.122000e-01
186 7.829360e-01 4.136000e-03 2.129280e-01
187 7.822200e-01 4.172000e-03 2.136080e-01
188 7.815160e-01 4.148000e-03 2.143360e-01
189 7.809480e-01 4.036000e-03 2.150160e-01
190 7.803280e-01 3.920000e-03 2.157520e-01
191 7.797120e-01 3.884000e-03 2.164040e-01
192 7.791760e-01 3.784000e-03 2.170400e-01
193 7.786800e-01 3.612000e-03 2.177080e-01
194 7.781840e-01 3.492000e-03 2.183240e-01
195 7.776080e-01 3.560000e-03 2.188320e-01
196 7.770800e-01 3.512000e-03 2.194080e-01
197 7.765520e-01 3.400000e-03 2.200480e-01
198 7.759920e-01 3.344000e-03 2.206640e-01
199 7.753320e-01 3.392000e-03 2.212760e-01
200 7.747760e-01 3.292000e-03 2.219320e-01
201 7.743480e-01 3.168000e-03 2.224840e-01
202 7.737960e-01 3.128000e-03 2.230760e-01
203 7.732920e-01 3.120000e-03 2.235880e-01
204 7.726840e-01 3.120000e-03 2.241960e-01
205 7.720800e-01 3.104000e-03 2.248160e-01
206 7.715760e-01 3.040000e-03 2.253840e-01
207 7.710080e-01 3.012000e-03 2.259800e-01
208 7.705280e-01 2.984000e-03 2.264880e-01
209 7.698440e-01 3.120000e-03 2.270360e-01
210 7.692320e-01 3.156000e-03 2.276120e-01
211 7.686760e-01 3.196000e-03 2.281280e-01
212 7.681280e-01 3.244000e-03 2.286280e-01
213 7.675120e-01 3.252000e-03 2.292360e-01
214 7.668920e-01 3.276000e-03 2.298320e-01
215 7.663000e-01 3.256000e-03 2.304440e-01
216 7.657760e-01 3.212000e-03 2.310120e-01
217 7.652080e-01 3.216000e-03 2.315760e-01
218 7.646240e-01 3.188000e-03 2.321880e-01
219 7.640920e-01 3.212000e-03 2.326960e-01
220 7.635440e-01 3.172000e-03 2.332840e-01
221 7.630400e-01 3.116000e-03 2.338440e-01
222 7.624480e-01 3.200000e-03 2.343520e-01
223 7.618760e-01 3.200000e-03 2.349240e-01
224 7.613760e-01 3.180000e-03 2.354440e-01
225 7.608880e-01 3.176000e-03 2.359360e-01
226 7.604040e-01 3.096000e-03 2.365000e-01
227 7.598480e-01 3.092000e-03 2.370600e-01
228 7.594000e-01 3.024000e-03 2.375760e-01
229 7.588560e-01 3.040000e-03 2.381040e-01
230 7.583360e-01 3.024000e-03 2.386400e-01
231 7.577920e-01 2.984000e-03 2.392240e-01
232 7.572960e-01 3.004000e-03 2.397000e-01
233 7.566480e-01 3.132000e-03 2.402200e-01
234 7.562120e-01 3.104000e-03 2.406840e-01
235 7.557080e-01 3.056000e-03 2.412360e-01
236 7.552760e-01 2.980000e-03 2.417440e-01
237 7.548640e-01 2.920000e-03 2.422160e-01
238 7.543800e-01 2.880000e-03 2.427400e-01
239 7.538960e-01 2.856000e-03 2.432480e-01
240 7.534440e-01 2.780000e-03 2.437760e-01
241 7.529840e-01 2.768000e-03 2.442480e-01
242 7.525240e-01 2.760000e-03 2.447160e-01
243 7.521760e-01 2.596000e-03 2.452280e-01
244 7.518240e-01 2.556000e-03 2.456200e-01
245 7.514880e-01 2.448000e-03 2.460640e-01
246 7.510600e-01 2.468000e-03 2.464720e-01
247 7.507480e-01 2.324000e-03 2.469280e-01
248 7.504040e-01 2.312000e-03 2.472840e-01
249 7.500440e-01 2.284000e-03 2.476720e-01
250 7.497160e-01 2.104000e-03 2.481800e-01
251 7.493640e-01 2.060000e-03 2.485760e-01
252 7.490880e-01 1.904000e-03 2.490080e-01
253 7.487400e-01 1.948000e-03 2.493120e-01
254 7.483440e-01 2.088000e-03 2.495680e-01
255 7.479880e-01 2.060000e-03 2.499520e-01
256 7.476320e-01 2.052000e-03 2.503160e-01
257 7.472400e-01 2.068000e-03 2.506920e-01
258 7.468880e-01 2.100000e-03 2.510120e-01
259 7.465800e-01 2.024000e-03 2.513960e-01
260 7.462800e-01 1.928000e-03 2.517920e-01
261 7.460120e-01 1.856000e-03 2.521320e-01
262 7.456960e-01 1.836000e-03 2.524680e-01
263 7.453120e-01 1.880000e-03 2.528080e-01
264 7.448440e-01 2.052000e-03 2.531040e-01
265 7.444200e-01 2.116000e-03 2.534640e-01
266 7.440040e-01 2.112000e-03 2.538840e-01
267 7.436360e-01 2.164000e-03 2.542000e-01
268 7.433080e-01 2.120000e-03 2.545720e-01
269 7.429520e-01 2.084000e-03 2.549640e-01
270 7.426440e-01 1.992000e-03 2.553640e-01
271 7.422520e-01 2.000000e-03 2.557480e-01
272 7.420200e-01 1.892000e-03 2.560880e-01
273 7.417360e-01 1.888000e-03 2.563760e-01
274 7.414240e-01 1.872000e-03 2.567040e-01
275 7.411400e-01 1.824000e-03 2.570360e-01
276 7.407720e-01 1.832000e-03 2.573960e-01
277 7.404200e-01 1.860000e-03 2.577200e-01
278 7.401360e-01 1.892000e-03 2.579720e-01
279 7.398840e-01 1.820000e-03 2.582960e-01
280 7.395680e-01 1.816000e-03 2.586160e-01
281 7.392400e-01 1.896000e-03 2.588640e-01
282 7.389520e-01 1.900000e-03 2.591480e-01
283 7.386040e-01 1.896000e-03 2.595000e-01
284 7.382640e-01 1.916000e-03 2.598200e-01
285 7.379680e-01 1.828000e-03 2.602040e-01
286 7.376560e-01 1.768000e-03 2.605760e-01
287 7.373800e-01 1.724000e-03 2.608960e-01
288 7.371000e-01 1.760000e-03 2.611400e-01
289 7.367680e-01 1.724000e-03 2.615080e-01
290 7.365160e-01 1.660000e-03 2.618240e-01
291 7.361760e-01 1.696000e-03 2.621280e-01
292 7.359000e-01 1.672000e-03 2.624280e-01
293 7.355560e-01 1.760000e-03 2.626840e-01
294 7.352000e-01 1.820000e-03 2.629800e-01
295 7.348520e-01 1.860000e-03 2.632880e-01
296 7.345360e-01 1.852000e-03 2.636120e-01
297 7.342160e-01 1.892000e-03 2.638920e-01
298 7.339520e-01 1.812000e-03 2.642360e-01
299 7.336720e-01 1.808000e-03 2.645200e-01
300 7.334080e-01 1.764000e-03 2.648280e-01
301 7.331840e-01 1.676000e-03 2.651400e-01
302 7.329280e-01 1.644000e-03 2.654280e-01
303 7.327280e-01 1.572000e-03 2.657000e-01
304 7.325120e-01 1.488000e-03 2.660000e-01
305 7.322520e-01 1.460000e-03 2.662880e-01
306 7.320240e-01 1.416000e-03 2.665600e-01
307 7.317560e-01 1.444000e-03 2.668000e-01
308 7.314960e-01 1.512000e-03 2.669920e-01
309 7.312680e-01 1.504000e-03 2.672280e-01
310 7.309920e-01 1.532000e-03 2.674760e-01
311 7.307200e-01 1.516000e-03 2.677640e-01
312 7.305360e-01 1.440000e-03 2.680240e-01
313 7.303640e-01 1.400000e-03 2.682360e-01
314 7.301520e-01 1.344000e-03 2.685040e-01
315 7.299480e-01 1.316000e-03 2.687360e-01
316 7.297640e-01 1.228000e-03 2.690080e-01
317 7.295800e-01 1.192000e-03 2.692280e-01
318 7.294240e-01 1.136000e-03 2.694400e-01
319 7.292120e-01 1.128000e-03 2.696600e-01
320 7.290560e-01 1.096000e-03 2.698480e-01
321 7.288880e-01 1.064000e-03 2.700480e-01
322 7.287360e-01 1.076000e-03 2.701880e-01
323 7.286200e-01 9.840000e-04 2.703960e-01
324 7.284000e-01 1.076000e-03 2.705240e-01
325 7.281840e-01 1.100000e-03 2.707160e-01
326 7.279560e-01 1.144000e-03 2.709000e-01
327 7.277120e-01 1.168000e-03 2.711200e-01
328 7.275240e-01 1.152000e-03 2.713240e-01
329 7.272840e-01 1.216000e-03 2.715000e-01
330 7.270880e-01 1.192000e-03 2.717200e-01
331 7.268880e-01 1.216000e-03 2.718960e-01
332 7.267080e-01 1.156000e-03 2.721360e-01
333 7.265120e-01 1.180000e-03 2.723080e-01
334 7.263120e-01 1.176000e-03 2.725120e-01
335 7.261160e-01 1.136000e-03 2.727480e-01
336 7.259360e-01 1.100000e-03 2.729640e-01
337 7.258280e-01 1.024000e-03 2.731480e-01
338 7.256720e-01 9.920000e-04 2.733360e-01
339 7.255360e-01 9.600000e-04 2.735040e-01
340 7.253920e-01 9.400000e-04 2.736680e-01
341 7.252360e-01 8.920000e-04 2.738720e-01
342 7.250200e-01 9.640000e-04 2.740160e-01
343 7.248480e-01 9.480000e-04 2.742040e-01
344 7.246880e-01 9.400000e-04 2.743720e-01
345 7.245440e-01 8.920000e-04 2.745640e-01
346 7.244120e-01 9.000000e-04 2.746880e-01
347 7.242680e-01 8.920000e-04 2.748400e-01
348 7.241280e-01 8.400000e-04 2.750320e-01
349 7.239840e-01 8.320000e-04 2.751840e-01
350 7.238160e-01 8.880000e-04 2.752960e-01
351 7.236320e-01 9.280000e-04 2.754400e-01
352 7.234800e-01 9.480000e-04 2.755720e-01
353 7.233440e-01 9.480000e-04 2.757080e-01
354 7.231840e-01 9.400000e-04 2.758760e-01
355 7.230160e-01 9.680000e-04 2.760160e-01
356 7.228200e-01 9.840000e-04 2.761960e-01
357 7.226200e-01 1.024000e-03 2.763560e-01
358 7.223920e-01 1.112000e-03 2.764960e-01
359 7.221320e-01 1.208000e-03 2.766600e-01
360 7.219040e-01 1.192000e-03 2.769040e-01
361 7.217080e-01 1.184000e-03 2.771080e-01
362 7.215720e-01 1.128000e-03 2.773000e-01
363 7.213960e-01 1.044000e-03 2.775600e-01
364 7.212440e-01 1.004000e-03 2.777520e-01
365 7.211240e-01 9.240000e-04 2.779520e-01
366 7.209200e-01 9.600000e-04 2.781200e-01
367 7.207320e-01 9.880000e-04 2.782800e-01
368 7.205480e-01 1.020000e-03 2.784320e-01
369 7.203240e-01 1.068000e-03 2.786080e-01
370 7.201280e-01 1.072000e-03 2.788000e-01
371 7.198720e-01 1.156000e-03 2.789720e-01
372 7.196560e-01 1.172000e-03 2.791720e-01
373 7.194400e-01 1.168000e-03 2.793920e-01
374 7.191960e-01 1.216000e-03 2.795880e-01
375 7.190120e-01 1.132000e-03 2.798560e-01
376 7.187800e-01 1.124000e-03 2.800960e-01
377 7.185480e-01 1.136000e-03 2.803160e-01
378 7.183280e-01 1.152000e-03 2.805200e-01
379 7.180680e-01 1.224000e-03 2.807080e-01
380 7.178120e-01 1.220000e-03 2.809680e-01
381 7.176160e-01 1.168000e-03 2.812160e-01
382 7.173840e-01 1.232000e-03 2.813840e-01
383 7.171560e-01 1.240000e-03 2.816040e-01
384 7.169200e-01 1.252000e-03 2.818280e-01
385 7.166360e-01 1.332000e-03 2.820320e-01
386 7.164320e-01 1.348000e-03 2.822200e-01
387 7.162000e-01 1.328000e-03 2.824720e-01
388 7.159760e-01 1.324000e-03 2.827000e-01
389 7.158080e-01 1.268000e-03 2.829240e-01
390 7.155680e-01 1.308000e-03 2.831240e-01
391 7.153600e-01 1.304000e-03 2.833360e-01
392 7.151280e-01 1.304000e-03 2.835680e-01
393 7.149360e-01 1.292000e-03 2.837720e-01
394 7.147920e-01 1.248000e-03 2.839600e-01
395 7.145480e-01 1.272000e-03 2.841800e-01
396 7.143800e-01 1.212000e-03 2.844080e-01
397 7.142680e-01 1.080000e-03 2.846520e-01
398 7.141240e-01 1.024000e-03 2.848520e-01
399 7.140080e-01 9.440000e-04 2.850480e-01
400 7.138440e-01 9.720000e-04 2.851840e-01
401 7.136880e-01 9.840000e-04 2.853280e-01
402 7.134840e-01 9.760000e-04 2.855400e-01
403 7.133400e-01 9.840000e-04 2.856760e-01
404 7.132160e-01 9.360000e-04 2.858480e-01
405 7.130840e-01 9.240000e-04 2.859920e-01
406 7.129160e-01 9.200000e-04 2.861640e-01
407 7.127120e-01 9.680000e-04 2.863200e-01
408 7.126160e-01 8.960000e-04 2.864880e-01
409 7.125440e-01 7.920000e-04 2.866640e-01
410 7.124400e-01 7.560000e-04 2.868040e-01
411 7.123400e-01 7.200000e-04 2.869400e-01
412 7.122160e-01 7.360000e-04 2.870480e-01
413 7.120720e-01 7.320000e-04 2.871960e-01
414 7.119440e-01 7.480000e-04 2.873080e-01
415 7.118280e-01 7.040000e-04 2.874680e-01
416 7.116760e-01 7.440000e-04 2.875800e-01
417 7.115080e-01 7.760000e-04 2.877160e-01
418 7.113560e-01 7.560000e-04 2.878880e-01
419 7.111920e-01 8.000000e-04 2.880080e-01
420 7.110480e-01 8.120000e-04 2.881400e-01
421 7.109040e-01 8.280000e-04 2.882680e-01
422 7.107960e-01 8.120000e-04 2.883920e-01
423 7.106680e-01 8.360000e-04 2.884960e-01
424 7.105280e-01 8.320000e-04 2.886400e-01
425 7.104200e-01 8.000000e-04 2.887800e-01
426 7.103320e-01 7.240000e-04 2.889440e-01
427 7.102200e-01 7.280000e-04 2.890520e-01
428 7.101240e-01 7.240000e-04 2.891520e-01
429 7.099760e-01 7.560000e-04 2.892680e-01
430 7.098880e-01 7.400000e-04 2.893720e-01
431 7.098080e-01 6.840000e-04 2.895080e-01
432 7.097080e-01 6.400000e-04 2.896520e-01
433 7.096360e-01 6.120000e-04 2.897520e-01
434 7.095120e-01 6.240000e-04 2.898640e-01
435 7.094160e-01 6.000000e-04 2.899840e-01
436 7.093480e-01 6.000000e-04 2.900520e-01
437 7.092520e-01 5.840000e-04 2.901640e-01
438 7.091640e-01 5.680000e-04 2.902680e-01
439 7.091040e-01 5.440000e-04 2.903520e-01
440 7.089720e-01 5.720000e-04 2.904560e-01
441 7.088720e-01 5.960000e-04 2.905320e-01
442 7.087840e-01 5.920000e-04 2.906240e-01
443 7.087320e-01 5.080000e-04 2.907600e-01
444 7.086600e-01 4.680000e-04 2.908720e-01
445 7.086120e-01 4.280000e-04 2.909600e-01
446 7.085600e-01 4.000000e-04 2.910400e-01
447 7.084520e-01 4.440000e-04 2.911040e-01
448 7.084160e-01 3.960000e-04 2.911880e-01
449 7.083840e-01 3.640000e-04 2.912520e-01
450 7.083600e-01 3.200000e-04 2.913200e-01
451 7.083360e-01 2.880000e-04 2.913760e-01
452 7.083080e-01 2.680000e-04 2.914240e-01
453 7.082720e-01 2.400000e-04 2.914880e-01
454 7.082400e-01 2.440000e-04 2.915160e-01
455 7.081840e-01 2.280000e-04 2.915880e-01
456 7.081440e-01 2.320000e-04 2.916240e-01
457 7.080840e-01 2.480000e-04 2.916680e-01
458 7.080400e-01 2.640000e-04 2.916960e-01
459 7.079800e-01 2.680000e-04 2.917520e-01
460 7.079160e-01 2.640000e-04 2.918200e-01
461 7.078600e-01 2.600000e-04 2.918800e-01
462 7.077960e-01 2.760000e-04 2.919280e-01
463 7.077520e-01 2.800000e-04 2.919680e-01
464 7.077080e-01 2.640000e-04 2.920280e-01
465 7.076520e-01 2.720000e-04 2.920760e-01
466 7.076200e-01 2.600000e-04 2.921200e-01
467 7.075600e-01 2.680000e-04 2.921720e-01
468 7.074960e-01 2.760000e-04 2.922280e-01
469 7.074280e-01 2.680000e-04 2.923040e-01
470 7.074000e-01 2.440000e-04 2.923560e-01
471 7.072920e-01 3.040000e-04 2.924040e-01
472 7.071800e-01 3.760000e-04 2.924440e-01
473 7.071040e-01 3.840000e-04 2.925120e-01
474 7.070360e-01 3.960000e-04 2.925680e-01
475 7.069440e-01 4.200000e-04 2.926360e-01
476 7.068680e-01 4.080000e-04 2.927240e-01
477 7.068200e-01 3.920000e-04 2.927880e-01
478 7.067480e-01 4.160000e-04 2.928360e-01
479 7.067040e-01 4.160000e-04 2.928800e-01
480 7.066600e-01 3.800000e-04 2.929600e-01
481 7.066000e-01 3.760000e-04 2.930240e-01
482 7.065440e-01 3.840000e-04 2.930720e-01
483 7.064680e-01 3.960000e-04 2.931360e-01
484 7.063560e-01 4.240000e-04 2.932200e-01
485 7.062280e-01 4.920000e-04 2.932800e-01
486 7.061160e-01 5.080000e-04 2.933760e-01
487 7.059640e-01 5.840000e-04 2.934520e-01
488 7.058440e-01 5.960000e-04 2.935600e-01
489 7.057200e-01 6.440000e-04 2.936360e-01
490 7.056360e-01 6.440000e-04 2.937200e-01
491 7.055640e-01 6.200000e-04 2.938160e-01
492 7.054920e-01 5.560000e-04 2.939520e-01
493 7.053440e-01 5.800000e-04 2.940760e-01
494 7.052480e-01 5.840000e-04 2.941680e-01
495 7.051480e-01 5.600000e-04 2.942920e-01
496 7.050320e-01 5.880000e-04 2.943800e-01
497 7.049360e-01 5.960000e-04 2.944680e-01
498 7.048200e-01 6.040000e-04 2.945760e-01
499 7.047200e-01 6.200000e-04 2.946600e-01
500 7.046040e-01 6.360000e-04 2.947600e-01
