1 9.991240e-01 7.800000e-04 9.600000e-05
2 9.986000e-01 1.156000e-03 2.440000e-04
3 9.979200e-01 1.552000e-03 5.280000e-04
4 9.971680e-01 1.960000e-03 8.720000e-04
5 9.963600e-01 2.344000e-03 1.296000e-03
6 9.954080e-01 2.864000e-03 1.728000e-03
7 9.944200e-01 3.384000e-03 2.196000e-03
8 9.935640e-01 3.552000e-03 2.884000e-03
9 9.924720e-01 4.052000e-03 3.476000e-03
10 9.913320e-01 4.400000e-03 4.268000e-03
11 9.901640e-01 4.836000e-03 5.000000e-03
12 9.889000e-01 5.140000e-03 5.960000e-03
13 9.877160e-01 5.484000e-03 6.800000e-03
14 9.863400e-01 5.888000e-03 7.772000e-03
15 9.849600e-01 6.188000e-03 8.852000e-03
16 9.836560e-01 6.372000e-03 9.972000e-03
17 9.822480e-01 6.604000e-03 1.114800e-02
18 9.809200e-01 6.752000e-03 1.232800e-02
19 9.795040e-01 6.928000e-03 1.356800e-02
20 9.780880e-01 7.152000e-03 1.476000e-02
21 9.767760e-01 7.184000e-03 1.604000e-02
22 9.753200e-01 7.188000e-03 1.749200e-02
23 9.739920e-01 7.152000e-03 1.885600e-02
24 9.726520e-01 7.252000e-03 2.009600e-02
25 9.711000e-01 7.640000e-03 2.126000e-02
26 9.696160e-01 7.740000e-03 2.264400e-02
27 9.681200e-01 7.816000e-03 2.406400e-02
28 9.668040e-01 7.716000e-03 2.548000e-02
29 9.654280e-01 7.700000e-03 2.687200e-02
30 9.639640e-01 7.812000e-03 2.822400e-02
31 9.625520e-01 7.952000e-03 2.949600e-02
32 9.611640e-01 8.012000e-03 3.082400e-02
33 9.597080e-01 7.880000e-03 3.241200e-02
34 9.582240e-01 7.900000e-03 3.387600e-02
35 9.567560e-01 8.024000e-03 3.522000e-02
36 9.552880e-01 8.104000e-03 3.660800e-02
37 9.537840e-01 8.256000e-03 3.796000e-02
38 9.523280e-01 8.348000e-03 3.932400e-02
39 9.506640e-01 8.552000e-03 4.078400e-02
40 9.491120e-01 8.640000e-03 4.224800e-02
41 9.476200e-01 8.452000e-03 4.392800e-02
42 9.461720e-01 8.388000e-03 4.544000e-02
43 9.446800e-01 8.404000e-03 4.691600e-02
44 9.429840e-01 8.488000e-03 4.852800e-02
45 9.415360e-01 8.488000e-03 4.997600e-02
46 9.400480e-01 8.484000e-03 5.146800e-02
47 9.382600e-01 8.784000e-03 5.295600e-02
48 9.367720e-01 8.728000e-03 5.450000e-02
49 9.352480e-01 8.540000e-03 5.621200e-02
50 9.336480e-01 8.700000e-03 5.765200e-02
51 9.321400e-01 8.784000e-03 5.907600e-02
52 9.304600e-01 8.968000e-03 6.057200e-02
53 9.289480e-01 8.792000e-03 6.226000e-02
54 9.273200e-01 8.944000e-03 6.373600e-02
55 9.257120e-01 8.984000e-03 6.530400e-02
56 9.241840e-01 8.912000e-03 6.690400e-02
57 9.225320e-01 8.916000e-03 6.855200e-02
58 9.208160e-01 8.972000e-03 7.021200e-02
59 9.192480e-01 9.080000e-03 7.167200e-02
60 9.174400e-01 9.284000e-03 7.327600e-02
61 9.155360e-01 9.572000e-03 7.489200e-02
62 9.137680e-01 9.592000e-03 7.664000e-02
63 9.122240e-01 9.488000e-03 7.828800e-02
64 9.105120e-01 9.532000e-03 7.995600e-02
65 9.087640e-01 9.692000e-03 8.154400e-02
66 9.070240e-01 9.640000e-03 8.333600e-02
67 9.053920e-01 9.740000e-03 8.486800e-02
68 9.035680e-01 9.648000e-03 8.678400e-02
69 9.018760e-01 9.580000e-03 8.854400e-02
70 9.002320e-01 9.424000e-03 9.034400e-02
71 8.984920e-01 9.448000e-03 9.206000e-02
72 8.967480e-01 9.688000e-03 9.356400e-02
73 8.950080e-01 9.764000e-03 9.522800e-02
74 8.932400e-01 9.700000e-03 9.706000e-02
75 8.915120e-01 9.660000e-03 9.882800e-02
76 8.897800e-01 9.740000e-03 1.004800e-01
77 8.879960e-01 9.764000e-03 1.022400e-01
78 8.864080e-01 9.620000e-03 1.039720e-01
79 8.845600e-01 9.668000e-03 1.057720e-01
80 8.829880e-01 9.580000e-03 1.074320e-01
81 8.811600e-01 9.776000e-03 1.090640e-01
82 8.793240e-01 9.888000e-03 1.107880e-01
83 8.775080e-01 1.001600e-02 1.124760e-01
84 8.756840e-01 1.008000e-02 1.142360e-01
85 8.740920e-01 9.848000e-03 1.160600e-01
86 8.724040e-01 9.812000e-03 1.177840e-01
87 8.707680e-01 9.672000e-03 1.195600e-01
88 8.690720e-01 9.624000e-03 1.213040e-01
89 8.673200e-01 9.636000e-03 1.230440e-01
90 8.653360e-01 1.000400e-02 1.246600e-01
91 8.635240e-01 1.011600e-02 1.263600e-01
92 8.615760e-01 1.037600e-02 1.280480e-01
93 8.597560e-01 1.049600e-02 1.297480e-01
94 8.578720e-01 1.066000e-02 1.314680e-01
95 8.562560e-01 1.050800e-02 1.332360e-01
96 8.545600e-01 1.036000e-02 1.350800e-01
97 8.528520e-01 1.034000e-02 1.368080e-01
98 8.511920e-01 1.016800e-02 1.386400e-01
99 8.496840e-01 9.948000e-03 1.403680e-01
100 8.479160e-01 9.940000e-03 1.421440e-01
101 8.464080e-01 9.660000e-03 1.439320e-01
102 8.447840e-01 9.476000e-03 1.457400e-01
103 8.432280e-01 9.412000e-03 1.473600e-01
104 8.415720e-01 9.376000e-03 1.490520e-01
105 8.399280e-01 9.448000e-03 1.506240e-01
106 8.382480e-01 9.504000e-03 1.522480e-01
107 8.366240e-01 9.452000e-03 1.539240e-01
108 8.349400e-01 9.548000e-03 1.555120e-01
109 8.331080e-01 9.752000e-03 1.571400e-01
110 8.312200e-01 9.904000e-03 1.588760e-01
111 8.293720e-01 1.010000e-02 1.605280e-01
112 8.276240e-01 1.016800e-02 1.622080e-01
113 8.258200e-01 1.028800e-02 1.638920e-01
114 8.240960e-01 1.030400e-02 1.656000e-01
115 8.222960e-01 1.040000e-02 1.673040e-01
116 8.203640e-01 1.055600e-02 1.690800e-01
117 8.186760e-01 1.042400e-02 1.709000e-01
118 8.168960e-01 1.034800e-02 1.727560e-01
119 8.150960e-01 1.032000e-02 1.745840e-01
120 8.133760e-01 1.020400e-02 1.764200e-01
121 8.117320e-01 9.920000e-03 1.783480e-01
122 8.099720e-01 9.968000e-03 1.800600e-01
123 8.082400e-01 1.000000e-02 1.817600e-01
124 8.065440e-01 9.900000e-03 1.835560e-01
125 8.049960e-01 9.736000e-03 1.852680e-01
126 8.033080e-01 9.672000e-03 1.870200e-01
127 8.017720e-01 9.500000e-03 1.887280e-01
128 8.001720e-01 9.532000e-03 1.902960e-01
129 7.985040e-01 9.676000e-03 1.918200e-01
130 7.969720e-01 9.464000e-03 1.935640e-01
131 7.953960e-01 9.356000e-03 1.952480e-01
132 7.939960e-01 9.152000e-03 1.968520e-01
133 7.924200e-01 9.180000e-03 1.984000e-01
134 7.908240e-01 9.104000e-03 2.000720e-01
135 7.892320e-01 9.144000e-03 2.016240e-01
136 7.875000e-01 9.208000e-03 2.032920e-01
137 7.860120e-01 9.132000e-03 2.048560e-01
138 7.845320e-01 8.912000e-03 2.065560e-01
139 7.829320e-01 9.136000e-03 2.079320e-01
140 7.813320e-01 9.076000e-03 2.095920e-01
141 7.797640e-01 9.088000e-03 2.111480e-01
142 7.781360e-01 9.104000e-03 2.127600e-01
143 7.766320e-01 9.028000e-03 2.143400e-01
144 7.750560e-01 8.968000e-03 2.159760e-01
145 7.736480e-01 8.772000e-03 2.175800e-01
146 7.722320e-01 8.720000e-03 2.190480e-01
147 7.708640e-01 8.572000e-03 2.205640e-01
148 7.695320e-01 8.480000e-03 2.219880e-01
149 7.680320e-01 8.460000e-03 2.235080e-01
150 7.665000e-01 8.560000e-03 2.249400e-01
151 7.650520e-01 8.608000e-03 2.263400e-01
152 7.635160e-01 8.700000e-03 2.277840e-01
153 7.620400e-01 8.620000e-03 2.293400e-01
154 7.606520e-01 8.572000e-03 2.307760e-01
155 7.591760e-01 8.640000e-03 2.321840e-01
156 7.578120e-01 8.480000e-03 2.337080e-01
157 7.563960e-01 8.504000e-03 2.351000e-01
158 7.550600e-01 8.512000e-03 2.364280e-01
159 7.535880e-01 8.608000e-03 2.378040e-01
160 7.521240e-01 8.608000e-03 2.392680e-01
161 7.506000e-01 8.620000e-03 2.407800e-01
162 7.491800e-01 8.536000e-03 2.422840e-01
163 7.479160e-01 8.416000e-03 2.436680e-01
164 7.466560e-01 8.356000e-03 2.449880e-01
165 7.455480e-01 8.000000e-03 2.464520e-01
166 7.442760e-01 7.960000e-03 2.477640e-01
167 7.430320e-01 7.736000e-03 2.492320e-01
168 7.417680e-01 7.664000e-03 2.505680e-01
169 7.405760e-01 7.508000e-03 2.519160e-01
170 7.395760e-01 7.268000e-03 2.531560e-01
171 7.382200e-01 7.308000e-03 2.544720e-01
172 7.369760e-01 7.224000e-03 2.558000e-01
173 7.357360e-01 7.260000e-03 2.570040e-01
174 7.345840e-01 7.144000e-03 2.582720e-01
175 7.334200e-01 7.112000e-03 2.594680e-01
176 7.322280e-01 7.108000e-03 2.606640e-01
177 7.309800e-01 7.140000e-03 2.618800e-01
178 7.297760e-01 7.072000e-03 2.631520e-01
179 7.286400e-01 7.068000e-03 2.642920e-01
180 7.274200e-01 7.148000e-03 2.654320e-01
181 7.260440e-01 7.172000e-03 2.667840e-01
182 7.248080e-01 7.192000e-03 2.680000e-01
183 7.234600e-01 7.224000e-03 2.693160e-01
184 7.222920e-01 7.156000e-03 2.705520e-01
185 7.210440e-01 7.220000e-03 2.717360e-01
186 7.197800e-01 7.236000e-03 2.729840e-01
187 7.185680e-01 7.192000e-03 2.742400e-01
188 7.174080e-01 7.144000e-03 2.754480e-01
189 7.161240e-01 7.216000e-03 2.766600e-01
190 7.148360e-01 7.224000e-03 2.779400e-01
191 7.136880e-01 7.092000e-03 2.792200e-01
192 7.127320e-01 6.928000e-03 2.803400e-01
193 7.115320e-01 6.820000e-03 2.816480e-01
194 7.103440e-01 6.892000e-03 2.827640e-01
195 7.090120e-01 6.988000e-03 2.840000e-01
196 7.078240e-01 6.952000e-03 2.852240e-01
197 7.065960e-01 7.024000e-03 2.863800e-01
198 7.053320e-01 6.972000e-03 2.876960e-01
199 7.040280e-01 7.196000e-03 2.887760e-01
200 7.028120e-01 7.132000e-03 2.900560e-01
201 7.015760e-01 7.076000e-03 2.913480e-01
202 7.002960e-01 7.156000e-03 2.925480e-01
203 6.988400e-01 7.488000e-03 2.936720e-01
204 6.973840e-01 7.736000e-03 2.948800e-01
205 6.960680e-01 7.684000e-03 2.962480e-01
206 6.945840e-01 7.724000e-03 2.976920e-01
207 6.931880e-01 7.768000e-03 2.990440e-01
208 6.919080e-01 7.792000e-03 3.003000e-01
209 6.905640e-01 7.876000e-03 3.015600e-01
210 6.890440e-01 7.980000e-03 3.029760e-01
211 6.877040e-01 7.944000e-03 3.043520e-01
212 6.862280e-01 7.996000e-03 3.057760e-01
213 6.848600e-01 7.992000e-03 3.071480e-01
214 6.833760e-01 8.008000e-03 3.086160e-01
215 6.821200e-01 7.884000e-03 3.099960e-01
216 6.809120e-01 7.612000e-03 3.114760e-01
217 6.796880e-01 7.576000e-03 3.127360e-01
218 6.783760e-01 7.584000e-03 3.140400e-01
219 6.770240e-01 7.684000e-03 3.152920e-01
220 6.756480e-01 7.692000e-03 3.166600e-01
221 6.741640e-01 7.792000e-03 3.180440e-01
222 6.726800e-01 7.952000e-03 3.193680e-01
223 6.712160e-01 7.996000e-03 3.207880e-01
224 6.697120e-01 8.132000e-03 3.221560e-01
225 6.684320e-01 8.024000e-03 3.235440e-01
226 6.670680e-01 7.944000e-03 3.249880e-01
227 6.657920e-01 7.868000e-03 3.263400e-01
228 6.643440e-01 8.020000e-03 3.276360e-01
229 6.629800e-01 8.068000e-03 3.289520e-01
230 6.618160e-01 7.800000e-03 3.303840e-01
231 6.606320e-01 7.656000e-03 3.317120e-01
232 6.592880e-01 7.620000e-03 3.330920e-01
233 6.580960e-01 7.432000e-03 3.344720e-01
234 6.568360e-01 7.384000e-03 3.357800e-01
235 6.556280e-01 7.268000e-03 3.371040e-01
236 6.544160e-01 7.200000e-03 3.383840e-01
237 6.531880e-01 7.116000e-03 3.396960e-01
238 6.519840e-01 7.124000e-03 3.408920e-01
239 6.508480e-01 7.096000e-03 3.420560e-01
240 6.497160e-01 6.880000e-03 3.434040e-01
241 6.486280e-01 6.784000e-03 3.445880e-01
242 6.475080e-01 6.736000e-03 3.457560e-01
243 6.465920e-01 6.564000e-03 3.468440e-01
244 6.455840e-01 6.476000e-03 3.479400e-01
245 6.446360e-01 6.300000e-03 3.490640e-01
246 6.437200e-01 6.256000e-03 3.500240e-01
247 6.427800e-01 6.136000e-03 3.510840e-01
248 6.417480e-01 6.116000e-03 3.521360e-01
249 6.408240e-01 6.108000e-03 3.530680e-01
250 6.398640e-01 6.120000e-03 3.540160e-01
251 6.387800e-01 6.312000e-03 3.549080e-01
252 6.376080e-01 6.348000e-03 3.560440e-01
253 6.365160e-01 6.340000e-03 3.571440e-01
254 6.354120e-01 6.264000e-03 3.583240e-01
255 6.343600e-01 6.260000e-03 3.593800e-01
256 6.333080e-01 6.228000e-03 3.604640e-01
257 6.324080e-01 6.020000e-03 3.615720e-01
258 6.314960e-01 5.832000e-03 3.626720e-01
259 6.304560e-01 5.832000e-03 3.637120e-01
260 6.295200e-01 5.736000e-03 3.647440e-01
261 6.284800e-01 5.704000e-03 3.658160e-01
262 6.275600e-01 5.700000e-03 3.667400e-01
263 6.264880e-01 5.784000e-03 3.677280e-01
264 6.255960e-01 5.720000e-03 3.686840e-01
265 6.246320e-01 5.708000e-03 3.696600e-01
266 6.236040e-01 5.708000e-03 3.706880e-01
267 6.227360e-01 5.564000e-03 3.717000e-01
268 6.219560e-01 5.392000e-03 3.726520e-01
269 6.210520e-01 5.424000e-03 3.735240e-01
270 6.202280e-01 5.396000e-03 3.743760e-01
271 6.192680e-01 5.400000e-03 3.753320e-01
272 6.183800e-01 5.380000e-03 3.762400e-01
273 6.174240e-01 5.376000e-03 3.772000e-01
274 6.165400e-01 5.368000e-03 3.780920e-01
275 6.156920e-01 5.284000e-03 3.790240e-01
276 6.148560e-01 5.172000e-03 3.799720e-01
277 6.139680e-01 5.164000e-03 3.808680e-01
278 6.132760e-01 4.992000e-03 3.817320e-01
279 6.125320e-01 4.856000e-03 3.826120e-01
280 6.116600e-01 4.892000e-03 3.834480e-01
281 6.107760e-01 4.824000e-03 3.844000e-01
282 6.097800e-01 4.892000e-03 3.853280e-01
283 6.088000e-01 4.944000e-03 3.862560e-01
284 6.079040e-01 4.956000e-03 3.871400e-01
285 6.070200e-01 5.000000e-03 3.879800e-01
286 6.060760e-01 5.076000e-03 3.888480e-01
287 6.051880e-01 5.136000e-03 3.896760e-01
288 6.044200e-01 5.072000e-03 3.905080e-01
289 6.035840e-01 4.940000e-03 3.914760e-01
290 6.028320e-01 4.824000e-03 3.923440e-01
291 6.021320e-01 4.648000e-03 3.932200e-01
292 6.013960e-01 4.584000e-03 3.940200e-01
293 6.006880e-01 4.492000e-03 3.948200e-01
294 6.000400e-01 4.344000e-03 3.956160e-01
295 5.993080e-01 4.312000e-03 3.963800e-01
296 5.985040e-01 4.380000e-03 3.971160e-01
297 5.978080e-01 4.292000e-03 3.979000e-01
298 5.970720e-01 4.236000e-03 3.986920e-01
299 5.964080e-01 4.136000e-03 3.994560e-01
300 5.957640e-01 4.148000e-03 4.000880e-01
301 5.951280e-01 4.124000e-03 4.007480e-01
302 5.944840e-01 4.016000e-03 4.015000e-01
303 5.937800e-01 4.092000e-03 4.021280e-01
304 5.931800e-01 4.004000e-03 4.028160e-01
305 5.925480e-01 4.000000e-03 4.034520e-01
306 5.919480e-01 3.908000e-03 4.041440e-01
307 5.913200e-01 3.896000e-03 4.047840e-01
308 5.906400e-01 3.856000e-03 4.055040e-01
309 5.900600e-01 3.804000e-03 4.061360e-01
310 5.893920e-01 3.868000e-03 4.067400e-01
311 5.887360e-01 3.824000e-03 4.074400e-01
312 5.880680e-01 3.864000e-03 4.080680e-01
313 5.874320e-01 3.840000e-03 4.087280e-01
314 5.868760e-01 3.808000e-03 4.093160e-01
315 5.863320e-01 3.728000e-03 4.099400e-01
316 5.858040e-01 3.620000e-03 4.105760e-01
317 5.852040e-01 3.588000e-03 4.112080e-01
318 5.846800e-01 3.556000e-03 4.117640e-01
319 5.840720e-01 3.512000e-03 4.124160e-01
320 5.835680e-01 3.372000e-03 4.130600e-01
321 5.830960e-01 3.256000e-03 4.136480e-01
322 5.825920e-01 3.152000e-03 4.142560e-01
323 5.820200e-01 3.160000e-03 4.148200e-01
324 5.815000e-01 3.092000e-03 4.154080e-01
325 5.809640e-01 3.120000e-03 4.159160e-01
326 5.804000e-01 3.152000e-03 4.164480e-01
327 5.798360e-01 3.136000e-03 4.170280e-01
328 5.793040e-01 3.168000e-03 4.175280e-01
329 5.787440e-01 3.204000e-03 4.180520e-01
330 5.780800e-01 3.316000e-03 4.186040e-01
331 5.773200e-01 3.584000e-03 4.190960e-01
332 5.766560e-01 3.588000e-03 4.197560e-01
333 5.759840e-01 3.604000e-03 4.204120e-01
334 5.754760e-01 3.408000e-03 4.211160e-01
335 5.749480e-01 3.368000e-03 4.216840e-01
336 5.744200e-01 3.252000e-03 4.223280e-01
337 5.739240e-01 3.140000e-03 4.229360e-01
338 5.734320e-01 3.100000e-03 4.234680e-01
339 5.729320e-01 3.108000e-03 4.239600e-01
340 5.724320e-01 3.028000e-03 4.245400e-01
341 5.718600e-01 3.080000e-03 4.250600e-01
342 5.713160e-01 3.112000e-03 4.255720e-01
343 5.708360e-01 3.100000e-03 4.260640e-01
344 5.703760e-01 3.052000e-03 4.265720e-01
345 5.699400e-01 2.948000e-03 4.271120e-01
346 5.695120e-01 2.944000e-03 4.275440e-01
347 5.690760e-01 2.808000e-03 4.281160e-01
348 5.686800e-01 2.688000e-03 4.286320e-01
349 5.681960e-01 2.684000e-03 4.291200e-01
350 5.677720e-01 2.604000e-03 4.296240e-01
351 5.673600e-01 2.588000e-03 4.300520e-01
352 5.669360e-01 2.520000e-03 4.305440e-01
353 5.664560e-01 2.564000e-03 4.309800e-01
354 5.659680e-01 2.572000e-03 4.314600e-01
355 5.654640e-01 2.628000e-03 4.319080e-01
356 5.649160e-01 2.716000e-03 4.323680e-01
357 5.644240e-01 2.704000e-03 4.328720e-01
358 5.640040e-01 2.668000e-03 4.333280e-01
359 5.634880e-01 2.716000e-03 4.337960e-01
360 5.630200e-01 2.676000e-03 4.343040e-01
361 5.625200e-01 2.704000e-03 4.347760e-01
362 5.620160e-01 2.716000e-03 4.352680e-01
363 5.614880e-01 2.700000e-03 4.358120e-01
364 5.610120e-01 2.696000e-03 4.362920e-01
365 5.605400e-01 2.664000e-03 4.367960e-01
366 5.601360e-01 2.556000e-03 4.373080e-01
367 5.597240e-01 2.544000e-03 4.377320e-01
368 5.593760e-01 2.428000e-03 4.381960e-01
369 5.590200e-01 2.360000e-03 4.386200e-01
370 5.587440e-01 2.228000e-03 4.390280e-01
371 5.584720e-01 2.148000e-03 4.393800e-01
372 5.582400e-01 1.988000e-03 4.397720e-01
373 5.579120e-01 2.012000e-03 4.400760e-01
374 5.576360e-01 1.980000e-03 4.403840e-01
375 5.573360e-01 1.976000e-03 4.406880e-01
376 5.570440e-01 1.928000e-03 4.410280e-01
377 5.567280e-01 2.000000e-03 4.412720e-01
378 5.564600e-01 1.900000e-03 4.416400e-01
379 5.562120e-01 1.888000e-03 4.419000e-01
380 5.559800e-01 1.728000e-03 4.422920e-01
381 5.557120e-01 1.668000e-03 4.426200e-01
382 5.554480e-01 1.612000e-03 4.429400e-01
383 5.552200e-01 1.556000e-03 4.432240e-01
384 5.549960e-01 1.572000e-03 4.434320e-01
385 5.547240e-01 1.600000e-03 4.436760e-01
386 5.545000e-01 1.532000e-03 4.439680e-01
387 5.542040e-01 1.544000e-03 4.442520e-01
388 5.539840e-01 1.488000e-03 4.445280e-01
389 5.538200e-01 1.344000e-03 4.448360e-01
390 5.535960e-01 1.368000e-03 4.450360e-01
391 5.533560e-01 1.376000e-03 4.452680e-01
392 5.531840e-01 1.292000e-03 4.455240e-01
393 5.530200e-01 1.220000e-03 4.457600e-01
394 5.528440e-01 1.184000e-03 4.459720e-01
395 5.526360e-01 1.160000e-03 4.462040e-01
396 5.523840e-01 1.244000e-03 4.463720e-01
397 5.521440e-01 1.276000e-03 4.465800e-01
398 5.519560e-01 1.284000e-03 4.467600e-01
399 5.517320e-01 1.260000e-03 4.470080e-01
400 5.515360e-01 1.264000e-03 4.472000e-01
401 5.513240e-01 1.288000e-03 4.473880e-01
402 5.511720e-01 1.224000e-03 4.476040e-01
403 5.509720e-01 1.200000e-03 4.478280e-01
404 5.507640e-01 1.232000e-03 4.480040e-01
405 5.505200e-01 1.264000e-03 4.482160e-01
406 5.503120e-01 1.268000e-03 4.484200e-01
407 5.501200e-01 1.184000e-03 4.486960e-01
408 5.499600e-01 1.156000e-03 4.488840e-01
409 5.498040e-01 1.096000e-03 4.491000e-01
410 5.496560e-01 1.008000e-03 4.493360e-01
411 5.494840e-01 9.960000e-04 4.495200e-01
412 5.493200e-01 9.520000e-04 4.497280e-01
413 5.491440e-01 9.480000e-04 4.499080e-01
414 5.489880e-01 9.160000e-04 4.500960e-01
415 5.488400e-01 9.040000e-04 4.502560e-01
416 5.486880e-01 8.560000e-04 4.504560e-01
417 5.485640e-01 8.360000e-04 4.506000e-01
418 5.484080e-01 8.240000e-04 4.507680e-01
419 5.482520e-01 8.560000e-04 4.508920e-01
420 5.480440e-01 9.360000e-04 4.510200e-01
421 5.478520e-01 9.360000e-04 4.512120e-01
422 5.476560e-01 9.520000e-04 4.513920e-01
423 5.475280e-01 9.280000e-04 4.515440e-01
424 5.473600e-01 9.320000e-04 4.517080e-01
425 5.472640e-01 8.840000e-04 4.518520e-01
426 5.471440e-01 8.800000e-04 4.519760e-01
427 5.469680e-01 9.280000e-04 4.521040e-01
428 5.467800e-01 9.280000e-04 4.522920e-01
429 5.465720e-01 9.880000e-04 4.524400e-01
430 5.464360e-01 9.520000e-04 4.526120e-01
431 5.462920e-01 9.000000e-04 4.528080e-01
432 5.461280e-01 9.000000e-04 4.529720e-01
433 5.459680e-01 9.040000e-04 4.531280e-01
434 5.457720e-01 9.240000e-04 4.533040e-01
435 5.456720e-01 8.680000e-04 4.534600e-01
436 5.455520e-01 8.680000e-04 4.535800e-01
437 5.454400e-01 8.440000e-04 4.537160e-01
438 5.453320e-01 7.800000e-04 4.538880e-01
439 5.452040e-01 8.000000e-04 4.539960e-01
440 5.450320e-01 8.000000e-04 4.541680e-01
441 5.448720e-01 8.080000e-04 4.543200e-01
442 5.447720e-01 7.840000e-04 4.544440e-01
443 5.446160e-01 8.160000e-04 4.545680e-01
444 5.444520e-01 8.240000e-04 4.547240e-01
445 5.442120e-01 9.040000e-04 4.548840e-01
446 5.440440e-01 9.280000e-04 4.550280e-01
447 5.439280e-01 8.720000e-04 4.552000e-01
448 5.437920e-01 8.440000e-04 4.553640e-01
449 5.436320e-01 8.280000e-04 4.555400e-01
450 5.434440e-01 8.760000e-04 4.556800e-01
451 5.432520e-01 9.400000e-04 4.558080e-01
452 5.431120e-01 9.520000e-04 4.559360e-01
453 5.429680e-01 8.920000e-04 4.561400e-01
454 5.427960e-01 9.120000e-04 4.562920e-01
455 5.426120e-01 9.160000e-04 4.564720e-01
456 5.424200e-01 9.560000e-04 4.566240e-01
457 5.422920e-01 9.080000e-04 4.568000e-01
458 5.421960e-01 8.360000e-04 4.569680e-01
459 5.420600e-01 8.040000e-04 4.571360e-01
460 5.419640e-01 7.600000e-04 4.572760e-01
461 5.418920e-01 7.240000e-04 4.573840e-01
462 5.417720e-01 6.800000e-04 4.575480e-01
463 5.416600e-01 6.600000e-04 4.576800e-01
464 5.415480e-01 6.480000e-04 4.578040e-01
465 5.414480e-01 6.480000e-04 4.579040e-01
466 5.413080e-01 6.520000e-04 4.580400e-01
467 5.412360e-01 6.400000e-04 4.581240e-01
468 5.411680e-01 6.160000e-04 4.582160e-01
469 5.410880e-01 5.600000e-04 4.583520e-01
470 5.410120e-01 5.160000e-04 4.584720e-01
471 5.409480e-01 5.000000e-04 4.585520e-01
472 5.408880e-01 4.840000e-04 4.586280e-01
473 5.407640e-01 5.400000e-04 4.586960e-01
474 5.406520e-01 5.560000e-04 4.587920e-01
475 5.405000e-01 6.080000e-04 4.588920e-01
476 5.403480e-01 6.440000e-04 4.590080e-01
477 5.402000e-01 6.680000e-04 4.591320e-01
478 5.400480e-01 6.880000e-04 4.592640e-01
479 5.399320e-01 6.800000e-04 4.593880e-01
480 5.397960e-01 6.960000e-04 4.595080e-01
481 5.397240e-01 6.400000e-04 4.596360e-01
482 5.396280e-01 6.280000e-04 4.597440e-01
483 5.395040e-01 6.280000e-04 4.598680e-01
484 5.393840e-01 6.240000e-04 4.599920e-01
485 5.392440e-01 6.760000e-04 4.600800e-01
486 5.390600e-01 7.200000e-04 4.602200e-01
487 5.389160e-01 7.560000e-04 4.603280e-01
488 5.387520e-01 8.280000e-04 4.604200e-01
489 5.385840e-01 8.440000e-04 4.605720e-01
490 5.384320e-01 8.240000e-04 4.607440e-01
491 5.383080e-01 8.400000e-04 4.608520e-01
492 5.381480e-01 8.760000e-04 4.609760e-01
493 5.380080e-01 8.560000e-04 4.611360e-01
494 5.378960e-01 8.160000e-04 4.612880e-01
495 5.377920e-01 8.080000e-04 4.614000e-01
496 5.376600e-01 7.880000e-04 4.615520e-01
497 5.375120e-01 8.040000e-04 4.616840e-01
498 5.374040e-01 7.840000e-04 4.618120e-01
499 5.372960e-01 7.560000e-04 4.619480e-01
500 5.371800e-01 7.760000e-04 4.620440e-01
