1 9.991760e-01 7.320000e-04 9.200000e-05
2 9.985640e-01 1.188000e-03 2.480000e-04
3 9.977880e-01 1.740000e-03 4.720000e-04
4 9.969840e-01 2.236000e-03 7.800000e-04
5 9.961520e-01 2.596000e-03 1.252000e-03
6 9.952880e-01 3.016000e-03 1.696000e-03
7 9.943080e-01 3.340000e-03 2.352000e-03
8 9.933560e-01 3.708000e-03 2.936000e-03
9 9.924280e-01 4.056000e-03 3.516000e-03
10 9.912800e-01 4.432000e-03 4.288000e-03
11 9.901520e-01 4.812000e-03 5.036000e-03
12 9.891160e-01 4.980000e-03 5.904000e-03
13 9.878720e-01 5.352000e-03 6.776000e-03
14 9.867320e-01 5.528000e-03 7.740000e-03
15 9.853520e-01 5.872000e-03 8.776000e-03
16 9.841600e-01 6.068000e-03 9.772000e-03
17 9.828480e-01 6.380000e-03 1.077200e-02
18 9.815200e-01 6.652000e-03 1.182800e-02
19 9.799880e-01 7.036000e-03 1.297600e-02
20 9.784320e-01 7.416000e-03 1.415200e-02
21 9.770200e-01 7.500000e-03 1.548000e-02
22 9.754600e-01 7.796000e-03 1.674400e-02
23 9.740280e-01 7.904000e-03 1.806800e-02
24 9.724200e-01 8.076000e-03 1.950400e-02
25 9.708040e-01 8.220000e-03 2.097600e-02
26 9.692040e-01 8.448000e-03 2.234800e-02
27 9.674760e-01 8.700000e-03 2.382400e-02
28 9.657600e-01 8.964000e-03 2.527600e-02
29 9.641320e-01 9.028000e-03 2.684000e-02
30 9.624600e-01 9.060000e-03 2.848000e-02
31 9.608320e-01 9.156000e-03 3.001200e-02
32 9.590360e-01 9.348000e-03 3.161600e-02
33 9.573880e-01 9.332000e-03 3.328000e-02
34 9.556720e-01 9.396000e-03 3.493200e-02
35 9.539360e-01 9.464000e-03 3.660000e-02
36 9.521120e-01 9.628000e-03 3.826000e-02
37 9.502240e-01 9.696000e-03 4.008000e-02
38 9.484480e-01 9.552000e-03 4.200000e-02
39 9.465600e-01 9.776000e-03 4.366400e-02
40 9.448360e-01 9.712000e-03 4.545200e-02
41 9.431200e-01 9.680000e-03 4.720000e-02
42 9.414240e-01 9.836000e-03 4.874000e-02
43 9.394800e-01 1.018400e-02 5.033600e-02
44 9.376120e-01 1.033200e-02 5.205600e-02
45 9.357600e-01 1.043600e-02 5.380400e-02
46 9.341200e-01 1.026800e-02 5.561200e-02
47 9.322440e-01 1.053600e-02 5.722000e-02
48 9.304480e-01 1.054400e-02 5.900800e-02
49 9.285320e-01 1.070400e-02 6.076400e-02
50 9.266400e-01 1.078800e-02 6.257200e-02
51 9.246880e-01 1.076400e-02 6.454800e-02
52 9.229440e-01 1.064400e-02 6.641200e-02
53 9.210920e-01 1.059600e-02 6.831200e-02
54 9.193280e-01 1.065600e-02 7.001600e-02
55 9.175120e-01 1.061200e-02 7.187600e-02
56 9.155440e-01 1.070800e-02 7.374800e-02
57 9.135800e-01 1.070000e-02 7.572000e-02
58 9.115000e-01 1.093600e-02 7.756400e-02
59 9.095440e-01 1.095600e-02 7.950000e-02
60 9.075680e-01 1.107200e-02 8.136000e-02
61 9.055680e-01 1.117600e-02 8.325600e-02
62 9.035080e-01 1.134400e-02 8.514800e-02
63 9.015080e-01 1.138800e-02 8.710400e-02
64 8.996440e-01 1.130800e-02 8.904800e-02
65 8.978120e-01 1.123200e-02 9.095600e-02
66 8.959120e-01 1.125600e-02 9.283200e-02
67 8.939800e-01 1.132000e-02 9.470000e-02
68 8.920880e-01 1.135200e-02 9.656000e-02
69 8.901520e-01 1.133600e-02 9.851200e-02
70 8.884160e-01 1.113200e-02 1.004520e-01
71 8.864840e-01 1.112000e-02 1.023960e-01
72 8.846640e-01 1.096800e-02 1.043680e-01
73 8.827480e-01 1.086800e-02 1.063840e-01
74 8.809240e-01 1.072400e-02 1.083520e-01
75 8.790120e-01 1.066800e-02 1.103200e-01
76 8.770840e-01 1.059200e-02 1.123240e-01
77 8.753360e-01 1.051600e-02 1.141480e-01
78 8.735160e-01 1.060000e-02 1.158840e-01
79 8.716400e-01 1.061600e-02 1.177440e-01
80 8.698920e-01 1.065600e-02 1.194520e-01
81 8.681880e-01 1.048400e-02 1.213280e-01
82 8.663520e-01 1.044000e-02 1.232080e-01
83 8.644800e-01 1.045200e-02 1.250680e-01
84 8.626680e-01 1.038400e-02 1.269480e-01
85 8.610000e-01 1.022800e-02 1.287720e-01
86 8.592480e-01 1.014000e-02 1.306120e-01
87 8.576520e-01 1.008000e-02 1.322680e-01
88 8.558240e-01 1.006000e-02 1.341160e-01
89 8.540640e-01 1.010000e-02 1.358360e-01
90 8.523560e-01 1.026400e-02 1.373800e-01
91 8.506440e-01 1.028000e-02 1.390760e-01
92 8.489160e-01 1.020800e-02 1.408760e-01
93 8.470960e-01 1.018400e-02 1.427200e-01
94 8.453240e-01 1.016000e-02 1.445160e-01
95 8.437480e-01 9.864000e-03 1.463880e-01
96 8.420160e-01 9.808000e-03 1.481760e-01
97 8.406000e-01 9.548000e-03 1.498520e-01
98 8.390680e-01 9.284000e-03 1.516480e-01
99 8.374160e-01 9.268000e-03 1.533160e-01
100 8.359000e-01 9.120000e-03 1.549800e-01
101 8.343360e-01 9.036000e-03 1.566280e-01
102 8.328760e-01 8.976000e-03 1.581480e-01
103 8.314320e-01 8.912000e-03 1.596560e-01
104 8.299800e-01 8.836000e-03 1.611840e-01
105 8.284480e-01 8.828000e-03 1.627240e-01
106 8.269000e-01 8.776000e-03 1.643240e-01
107 8.254000e-01 8.804000e-03 1.657960e-01
108 8.237880e-01 8.904000e-03 1.673080e-01
109 8.221240e-01 9.056000e-03 1.688200e-01
110 8.205200e-01 8.872000e-03 1.706080e-01
111 8.192360e-01 8.564000e-03 1.722000e-01
112 8.174960e-01 8.872000e-03 1.736320e-01
113 8.159520e-01 8.796000e-03 1.752520e-01
114 8.143400e-01 8.832000e-03 1.768280e-01
115 8.128600e-01 8.736000e-03 1.784040e-01
116 8.114040e-01 8.616000e-03 1.799800e-01
117 8.100040e-01 8.500000e-03 1.814960e-01
118 8.086320e-01 8.288000e-03 1.830800e-01
119 8.073840e-01 8.020000e-03 1.845960e-01
120 8.059560e-01 8.012000e-03 1.860320e-01
121 8.047120e-01 7.788000e-03 1.875000e-01
122 8.033520e-01 7.832000e-03 1.888160e-01
123 8.021000e-01 7.584000e-03 1.903160e-01
124 8.008040e-01 7.540000e-03 1.916560e-01
125 7.995520e-01 7.448000e-03 1.930000e-01
126 7.981600e-01 7.476000e-03 1.943640e-01
127 7.969560e-01 7.352000e-03 1.956920e-01
128 7.957600e-01 7.208000e-03 1.970320e-01
129 7.946240e-01 7.168000e-03 1.982080e-01
130 7.935160e-01 7.020000e-03 1.994640e-01
131 7.922680e-01 7.108000e-03 2.006240e-01
132 7.910040e-01 7.064000e-03 2.019320e-01
133 7.898320e-01 7.012000e-03 2.031560e-01
134 7.886480e-01 6.900000e-03 2.044520e-01
135 7.874960e-01 6.852000e-03 2.056520e-01
136 7.863720e-01 6.772000e-03 2.068560e-01
137 7.850640e-01 6.908000e-03 2.080280e-01
138 7.837880e-01 6.792000e-03 2.094200e-01
139 7.827480e-01 6.704000e-03 2.105480e-01
140 7.815600e-01 6.832000e-03 2.116080e-01
141 7.803400e-01 6.800000e-03 2.128600e-01
142 7.790760e-01 6.792000e-03 2.141320e-01
143 7.777040e-01 6.940000e-03 2.153560e-01
144 7.764080e-01 7.028000e-03 2.165640e-01
145 7.751520e-01 7.108000e-03 2.177400e-01
146 7.739160e-01 7.028000e-03 2.190560e-01
147 7.727040e-01 7.084000e-03 2.202120e-01
148 7.713560e-01 7.204000e-03 2.214400e-01
149 7.699680e-01 7.336000e-03 2.226960e-01
150 7.686880e-01 7.348000e-03 2.239640e-01
151 7.673640e-01 7.288000e-03 2.253480e-01
152 7.662920e-01 7.020000e-03 2.266880e-01
153 7.651560e-01 6.960000e-03 2.278840e-01
154 7.640400e-01 6.768000e-03 2.291920e-01
155 7.630000e-01 6.660000e-03 2.303400e-01
156 7.618840e-01 6.464000e-03 2.316520e-01
157 7.608120e-01 6.532000e-03 2.326560e-01
158 7.598360e-01 6.368000e-03 2.337960e-01
159 7.588120e-01 6.248000e-03 2.349400e-01
160 7.578080e-01 6.228000e-03 2.359640e-01
161 7.567320e-01 6.324000e-03 2.369440e-01
162 7.557160e-01 6.312000e-03 2.379720e-01
163 7.545880e-01 6.284000e-03 2.391280e-01
164 7.535440e-01 6.224000e-03 2.402320e-01
165 7.526080e-01 6.092000e-03 2.413000e-01
166 7.516000e-01 6.092000e-03 2.423080e-01
167 7.505800e-01 6.020000e-03 2.434000e-01
168 7.496240e-01 5.980000e-03 2.443960e-01
169 7.486480e-01 5.888000e-03 2.454640e-01
170 7.475800e-01 5.844000e-03 2.465760e-01
171 7.466440e-01 5.784000e-03 2.475720e-01
172 7.458160e-01 5.560000e-03 2.486240e-01
173 7.448960e-01 5.584000e-03 2.495200e-01
174 7.439240e-01 5.552000e-03 2.505240e-01
175 7.428960e-01 5.572000e-03 2.515320e-01
176 7.418520e-01 5.636000e-03 2.525120e-01
177 7.409920e-01 5.508000e-03 2.535000e-01
178 7.399200e-01 5.608000e-03 2.544720e-01
179 7.389440e-01 5.532000e-03 2.555240e-01
180 7.380440e-01 5.540000e-03 2.564160e-01
181 7.372240e-01 5.488000e-03 2.572880e-01
182 7.361440e-01 5.560000e-03 2.582960e-01
183 7.350840e-01 5.732000e-03 2.591840e-01
184 7.340880e-01 5.764000e-03 2.601480e-01
185 7.331440e-01 5.684000e-03 2.611720e-01
186 7.321960e-01 5.640000e-03 2.621640e-01
187 7.313480e-01 5.468000e-03 2.631840e-01
188 7.304440e-01 5.440000e-03 2.641160e-01
189 7.294760e-01 5.432000e-03 2.650920e-01
190 7.285240e-01 5.428000e-03 2.660480e-01
191 7.275280e-01 5.572000e-03 2.669000e-01
192 7.265840e-01 5.492000e-03 2.679240e-01
193 7.257360e-01 5.328000e-03 2.689360e-01
194 7.248840e-01 5.212000e-03 2.699040e-01
195 7.239520e-01 5.244000e-03 2.708040e-01
196 7.231280e-01 5.048000e-03 2.718240e-01
197 7.221800e-01 5.120000e-03 2.727000e-01
198 7.212720e-01 5.140000e-03 2.735880e-01
199 7.204240e-01 5.120000e-03 2.744560e-01
200 7.197080e-01 4.936000e-03 2.753560e-01
201 7.189560e-01 4.916000e-03 2.761280e-01
202 7.181880e-01 4.904000e-03 2.769080e-01
203 7.174080e-01 4.836000e-03 2.777560e-01
204 7.166960e-01 4.800000e-03 2.785040e-01
205 7.158000e-01 4.768000e-03 2.794320e-01
206 7.151240e-01 4.696000e-03 2.801800e-01
207 7.143240e-01 4.712000e-03 2.809640e-01
208 7.135600e-01 4.560000e-03 2.818800e-01
209 7.128680e-01 4.452000e-03 2.826800e-01
210 7.121800e-01 4.376000e-03 2.834440e-01
211 7.114720e-01 4.244000e-03 2.842840e-01
212 7.108080e-01 4.180000e-03 2.850120e-01
213 7.101840e-01 4.108000e-03 2.857080e-01
214 7.095560e-01 4.024000e-03 2.864200e-01
215 7.089240e-01 4.000000e-03 2.870760e-01
216 7.083160e-01 3.940000e-03 2.877440e-01
217 7.076440e-01 3.976000e-03 2.883800e-01
218 7.069800e-01 3.964000e-03 2.890560e-01
219 7.063760e-01 3.932000e-03 2.896920e-01
220 7.055840e-01 4.000000e-03 2.904160e-01
221 7.049480e-01 3.916000e-03 2.911360e-01
222 7.042240e-01 3.892000e-03 2.918840e-01
223 7.034760e-01 3.872000e-03 2.926520e-01
224 7.028640e-01 3.808000e-03 2.933280e-01
225 7.021680e-01 3.892000e-03 2.939400e-01
226 7.016200e-01 3.728000e-03 2.946520e-01
227 7.010200e-01 3.756000e-03 2.952240e-01
228 7.003960e-01 3.712000e-03 2.958920e-01
229 6.997000e-01 3.752000e-03 2.965480e-01
230 6.990800e-01 3.744000e-03 2.971760e-01
231 6.983920e-01 3.844000e-03 2.977640e-01
232 6.978080e-01 3.792000e-03 2.984000e-01
233 6.972280e-01 3.720000e-03 2.990520e-01
234 6.964720e-01 3.812000e-03 2.997160e-01
235 6.959640e-01 3.620000e-03 3.004160e-01
236 6.953760e-01 3.544000e-03 3.010800e-01
237 6.947280e-01 3.576000e-03 3.016960e-01
238 6.941040e-01 3.580000e-03 3.023160e-01
239 6.935280e-01 3.480000e-03 3.029920e-01
240 6.929000e-01 3.468000e-03 3.036320e-01
241 6.922160e-01 3.624000e-03 3.041600e-01
242 6.915760e-01 3.616000e-03 3.048080e-01
243 6.909920e-01 3.568000e-03 3.054400e-01
244 6.904360e-01 3.508000e-03 3.060560e-01
245 6.897880e-01 3.512000e-03 3.067000e-01
246 6.892080e-01 3.456000e-03 3.073360e-01
247 6.885680e-01 3.560000e-03 3.078720e-01
248 6.878760e-01 3.636000e-03 3.084880e-01
249 6.872240e-01 3.612000e-03 3.091640e-01
250 6.866840e-01 3.460000e-03 3.098560e-01
251 6.860640e-01 3.384000e-03 3.105520e-01
252 6.854680e-01 3.444000e-03 3.110880e-01
253 6.848680e-01 3.428000e-03 3.117040e-01
254 6.842680e-01 3.456000e-03 3.122760e-01
255 6.836320e-01 3.524000e-03 3.128440e-01
256 6.830000e-01 3.500000e-03 3.135000e-01
257 6.824080e-01 3.564000e-03 3.140280e-01
258 6.817400e-01 3.668000e-03 3.145920e-01
259 6.812280e-01 3.544000e-03 3.152280e-01
260 6.805960e-01 3.600000e-03 3.158040e-01
261 6.800120e-01 3.544000e-03 3.164440e-01
262 6.794520e-01 3.476000e-03 3.170720e-01
263 6.789880e-01 3.384000e-03 3.176280e-01
264 6.785640e-01 3.224000e-03 3.182120e-01
265 6.779920e-01 3.196000e-03 3.188120e-01
266 6.775200e-01 3.196000e-03 3.192840e-01
267 6.770080e-01 3.236000e-03 3.197560e-01
268 6.765400e-01 3.228000e-03 3.202320e-01
269 6.760440e-01 3.180000e-03 3.207760e-01
270 6.755560e-01 3.140000e-03 3.213040e-01
271 6.750520e-01 3.112000e-03 3.218360e-01
272 6.745800e-01 3.084000e-03 3.223360e-01
273 6.740880e-01 3.084000e-03 3.228280e-01
274 6.735800e-01 3.044000e-03 3.233760e-01
275 6.731360e-01 2.952000e-03 3.239120e-01
276 6.727080e-01 2.812000e-03 3.244800e-01
277 6.723040e-01 2.736000e-03 3.249600e-01
278 6.718440e-01 2.736000e-03 3.254200e-01
279 6.714040e-01 2.692000e-03 3.259040e-01
280 6.709640e-01 2.744000e-03 3.262920e-01
281 6.705120e-01 2.676000e-03 3.268120e-01
282 6.700160e-01 2.712000e-03 3.272720e-01
283 6.695400e-01 2.768000e-03 3.276920e-01
284 6.691320e-01 2.676000e-03 3.281920e-01
285 6.686720e-01 2.636000e-03 3.286920e-01
286 6.681640e-01 2.672000e-03 3.291640e-01
287 6.676800e-01 2.700000e-03 3.296200e-01
288 6.671560e-01 2.724000e-03 3.301200e-01
289 6.666640e-01 2.732000e-03 3.306040e-01
290 6.661080e-01 2.832000e-03 3.310600e-01
291 6.656200e-01 2.748000e-03 3.316320e-01
292 6.651640e-01 2.784000e-03 3.320520e-01
293 6.646480e-01 2.888000e-03 3.324640e-01
294 6.641560e-01 2.916000e-03 3.329280e-01
295 6.637040e-01 2.804000e-03 3.334920e-01
296 6.632200e-01 2.828000e-03 3.339520e-01
297 6.627240e-01 2.944000e-03 3.343320e-01
298 6.622680e-01 2.840000e-03 3.348920e-01
299 6.619360e-01 2.656000e-03 3.354080e-01
300 6.615120e-01 2.628000e-03 3.358600e-01
301 6.611000e-01 2.584000e-03 3.363160e-01
302 6.607000e-01 2.472000e-03 3.368280e-01
303 6.602840e-01 2.428000e-03 3.372880e-01
304 6.598720e-01 2.348000e-03 3.377800e-01
305 6.595160e-01 2.340000e-03 3.381440e-01
306 6.592080e-01 2.268000e-03 3.385240e-01
307 6.588560e-01 2.176000e-03 3.389680e-01
308 6.585200e-01 2.136000e-03 3.393440e-01
309 6.581800e-01 2.112000e-03 3.397080e-01
310 6.578440e-01 2.088000e-03 3.400680e-01
311 6.575840e-01 2.020000e-03 3.403960e-01
312 6.571800e-01 2.052000e-03 3.407680e-01
313 6.568040e-01 2.064000e-03 3.411320e-01
314 6.564560e-01 2.092000e-03 3.414520e-01
315 6.560960e-01 2.088000e-03 3.418160e-01
316 6.557880e-01 2.000000e-03 3.422120e-01
317 6.554640e-01 1.956000e-03 3.425800e-01
318 6.551560e-01 1.908000e-03 3.429360e-01
319 6.549080e-01 1.880000e-03 3.432120e-01
320 6.545880e-01 1.880000e-03 3.435320e-01
321 6.543120e-01 1.848000e-03 3.438400e-01
322 6.540160e-01 1.768000e-03 3.442160e-01
323 6.537360e-01 1.752000e-03 3.445120e-01
324 6.534680e-01 1.712000e-03 3.448200e-01
325 6.531920e-01 1.736000e-03 3.450720e-01
326 6.529240e-01 1.684000e-03 3.453920e-01
327 6.526600e-01 1.660000e-03 3.456800e-01
328 6.523680e-01 1.684000e-03 3.459480e-01
329 6.520680e-01 1.676000e-03 3.462560e-01
330 6.517880e-01 1.656000e-03 3.465560e-01
331 6.515240e-01 1.576000e-03 3.469000e-01
332 6.512000e-01 1.524000e-03 3.472760e-01
333 6.509280e-01 1.520000e-03 3.475520e-01
334 6.506600e-01 1.520000e-03 3.478200e-01
335 6.503480e-01 1.552000e-03 3.481000e-01
336 6.500720e-01 1.596000e-03 3.483320e-01
337 6.497440e-01 1.656000e-03 3.486000e-01
338 6.495080e-01 1.568000e-03 3.489240e-01
339 6.492040e-01 1.612000e-03 3.491840e-01
340 6.489000e-01 1.624000e-03 3.494760e-01
341 6.486240e-01 1.648000e-03 3.497280e-01
342 6.483120e-01 1.676000e-03 3.500120e-01
343 6.479800e-01 1.684000e-03 3.503360e-01
344 6.476880e-01 1.700000e-03 3.506120e-01
345 6.473720e-01 1.680000e-03 3.509480e-01
346 6.471040e-01 1.656000e-03 3.512400e-01
347 6.467840e-01 1.692000e-03 3.515240e-01
348 6.465640e-01 1.656000e-03 3.517800e-01
349 6.462960e-01 1.604000e-03 3.521000e-01
350 6.459880e-01 1.692000e-03 3.523200e-01
351 6.457320e-01 1.720000e-03 3.525480e-01
352 6.453600e-01 1.828000e-03 3.528120e-01
353 6.450920e-01 1.768000e-03 3.531400e-01
354 6.448320e-01 1.752000e-03 3.534160e-01
355 6.445440e-01 1.728000e-03 3.537280e-01
356 6.441560e-01 1.800000e-03 3.540440e-01
357 6.438400e-01 1.756000e-03 3.544040e-01
358 6.435440e-01 1.756000e-03 3.547000e-01
359 6.432800e-01 1.680000e-03 3.550400e-01
360 6.429480e-01 1.764000e-03 3.552880e-01
361 6.426600e-01 1.720000e-03 3.556200e-01
362 6.423080e-01 1.808000e-03 3.558840e-01
363 6.419800e-01 1.832000e-03 3.561880e-01
364 6.417040e-01 1.768000e-03 3.565280e-01
365 6.414120e-01 1.704000e-03 3.568840e-01
366 6.411240e-01 1.708000e-03 3.571680e-01
367 6.408800e-01 1.656000e-03 3.574640e-01
368 6.406720e-01 1.620000e-03 3.577080e-01
369 6.403960e-01 1.580000e-03 3.580240e-01
370 6.400960e-01 1.568000e-03 3.583360e-01
371 6.398840e-01 1.564000e-03 3.585520e-01
372 6.396200e-01 1.532000e-03 3.588480e-01
373 6.394600e-01 1.440000e-03 3.591000e-01
374 6.392800e-01 1.360000e-03 3.593600e-01
375 6.391040e-01 1.272000e-03 3.596240e-01
376 6.389240e-01 1.200000e-03 3.598760e-01
377 6.387920e-01 1.100000e-03 3.601080e-01
378 6.386560e-01 1.028000e-03 3.603160e-01
379 6.385080e-01 1.016000e-03 3.604760e-01
380 6.383440e-01 1.008000e-03 3.606480e-01
381 6.381760e-01 9.520000e-04 3.608720e-01
382 6.380600e-01 8.960000e-04 3.610440e-01
383 6.379440e-01 8.680000e-04 3.611880e-01
384 6.378120e-01 8.400000e-04 3.613480e-01
385 6.376840e-01 8.240000e-04 3.614920e-01
386 6.375720e-01 7.920000e-04 3.616360e-01
387 6.374080e-01 8.480000e-04 3.617440e-01
388 6.373120e-01 7.960000e-04 3.618920e-01
389 6.371960e-01 7.640000e-04 3.620400e-01
390 6.370520e-01 8.160000e-04 3.621320e-01
391 6.369400e-01 7.920000e-04 3.622680e-01
392 6.368040e-01 7.840000e-04 3.624120e-01
393 6.366800e-01 7.800000e-04 3.625400e-01
394 6.365680e-01 7.040000e-04 3.627280e-01
395 6.364440e-01 7.000000e-04 3.628560e-01
396 6.363360e-01 6.720000e-04 3.629920e-01
397 6.362000e-01 7.200000e-04 3.630800e-01
398 6.361160e-01 6.760000e-04 3.632080e-01
399 6.359600e-01 7.040000e-04 3.633360e-01
400 6.358160e-01 7.040000e-04 3.634800e-01
401 6.356760e-01 7.280000e-04 3.635960e-01
402 6.355520e-01 7.240000e-04 3.637240e-01
403 6.353840e-01 7.680000e-04 3.638480e-01
404 6.352240e-01 7.920000e-04 3.639840e-01
405 6.351160e-01 7.840000e-04 3.641000e-01
406 6.349960e-01 7.760000e-04 3.642280e-01
407 6.349160e-01 7.160000e-04 3.643680e-01
408 6.348200e-01 6.720000e-04 3.645080e-01
409 6.347480e-01 6.520000e-04 3.646000e-01
410 6.346640e-01 6.200000e-04 3.647160e-01
411 6.345880e-01 5.960000e-04 3.648160e-01
412 6.344600e-01 5.920000e-04 3.649480e-01
413 6.343840e-01 5.680000e-04 3.650480e-01
414 6.342920e-01 5.680000e-04 3.651400e-01
415 6.342080e-01 5.720000e-04 3.652200e-01
416 6.340680e-01 6.160000e-04 3.653160e-01
417 6.339720e-01 6.040000e-04 3.654240e-01
418 6.338520e-01 6.080000e-04 3.655400e-01
419 6.337600e-01 6.200000e-04 3.656200e-01
420 6.336720e-01 6.000000e-04 3.657280e-01
421 6.335640e-01 5.720000e-04 3.658640e-01
422 6.334640e-01 5.880000e-04 3.659480e-01
423 6.333720e-01 5.960000e-04 3.660320e-01
424 6.332880e-01 5.760000e-04 3.661360e-01
425 6.331920e-01 5.560000e-04 3.662520e-01
426 6.331080e-01 5.520000e-04 3.663400e-01
427 6.329880e-01 6.000000e-04 3.664120e-01
428 6.328880e-01 5.760000e-04 3.665360e-01
429 6.327960e-01 5.680000e-04 3.666360e-01
430 6.327040e-01 5.720000e-04 3.667240e-01
431 6.325800e-01 6.040000e-04 3.668160e-01
432 6.324880e-01 5.760000e-04 3.669360e-01
433 6.323840e-01 5.920000e-04 3.670240e-01
434 6.322640e-01 6.120000e-04 3.671240e-01
435 6.321640e-01 5.960000e-04 3.672400e-01
436 6.320320e-01 6.200000e-04 3.673480e-01
437 6.319240e-01 6.480000e-04 3.674280e-01
438 6.317960e-01 6.720000e-04 3.675320e-01
439 6.316360e-01 7.080000e-04 3.676560e-01
440 6.315280e-01 6.640000e-04 3.678080e-01
441 6.314040e-01 6.720000e-04 3.679240e-01
442 6.312680e-01 6.960000e-04 3.680360e-01
443 6.311480e-01 6.800000e-04 3.681720e-01
444 6.310720e-01 6.400000e-04 3.682880e-01
445 6.309600e-01 6.800000e-04 3.683600e-01
446 6.308440e-01 6.720000e-04 3.684840e-01
447 6.307680e-01 6.160000e-04 3.686160e-01
448 6.307040e-01 5.440000e-04 3.687520e-01
449 6.305920e-01 5.480000e-04 3.688600e-01
450 6.304960e-01 5.480000e-04 3.689560e-01
451 6.304160e-01 5.400000e-04 3.690440e-01
452 6.303520e-01 5.040000e-04 3.691440e-01
453 6.302800e-01 4.920000e-04 3.692280e-01
454 6.302280e-01 4.760000e-04 3.692960e-01
455 6.301800e-01 4.480000e-04 3.693720e-01
456 6.300680e-01 4.800000e-04 3.694520e-01
457 6.299360e-01 5.480000e-04 3.695160e-01
458 6.298320e-01 5.280000e-04 3.696400e-01
459 6.297160e-01 5.480000e-04 3.697360e-01
460 6.296400e-01 5.320000e-04 3.698280e-01
461 6.295920e-01 5.000000e-04 3.699080e-01
462 6.295160e-01 5.040000e-04 3.699800e-01
463 6.294400e-01 5.000000e-04 3.700600e-01
464 6.293440e-01 4.840000e-04 3.701720e-01
465 6.292240e-01 5.200000e-04 3.702560e-01
466 6.291000e-01 5.120000e-04 3.703880e-01
467 6.290000e-01 5.200000e-04 3.704800e-01
468 6.288920e-01 5.440000e-04 3.705640e-01
469 6.287840e-01 5.760000e-04 3.706400e-01
470 6.286760e-01 5.600000e-04 3.707640e-01
471 6.285280e-01 6.040000e-04 3.708680e-01
472 6.283400e-01 6.840000e-04 3.709760e-01
473 6.282160e-01 6.640000e-04 3.711200e-01
474 6.280960e-01 6.440000e-04 3.712600e-01
475 6.279680e-01 6.920000e-04 3.713400e-01
476 6.278280e-01 6.960000e-04 3.714760e-01
477 6.276840e-01 6.800000e-04 3.716360e-01
478 6.275520e-01 7.040000e-04 3.717440e-01
479 6.273960e-01 7.480000e-04 3.718560e-01
480 6.272120e-01 8.120000e-04 3.719760e-01
481 6.270360e-01 8.680000e-04 3.720960e-01
482 6.268720e-01 9.040000e-04 3.722240e-01
483 6.266920e-01 9.280000e-04 3.723800e-01
484 6.265400e-01 8.880000e-04 3.725720e-01
485 6.263560e-01 9.080000e-04 3.727360e-01
486 6.261960e-01 9.400000e-04 3.728640e-01
487 6.259960e-01 9.840000e-04 3.730200e-01
488 6.258440e-01 9.800000e-04 3.731760e-01
489 6.256720e-01 9.440000e-04 3.733840e-01
490 6.255320e-01 9.280000e-04 3.735400e-01
491 6.254040e-01 8.960000e-04 3.737000e-01
492 6.253160e-01 8.080000e-04 3.738760e-01
493 6.251800e-01 7.760000e-04 3.740440e-01
494 6.250360e-01 7.960000e-04 3.741680e-01
495 6.248400e-01 8.040000e-04 3.743560e-01
496 6.246440e-01 8.800000e-04 3.744760e-01
497 6.244840e-01 8.960000e-04 3.746200e-01
498 6.243440e-01 8.840000e-04 3.747720e-01
499 6.242360e-01 8.400000e-04 3.749240e-01
500 6.241080e-01 8.160000e-04 3.750760e-01
