1 9.992000e-01 6.960000e-04 1.040000e-04
2 9.987120e-01 1.012000e-03 2.760000e-04
3 9.980800e-01 1.448000e-03 4.720000e-04
4 9.973960e-01 1.884000e-03 7.200000e-04
5 9.967120e-01 2.268000e-03 1.020000e-03
6 9.958400e-01 2.740000e-03 1.420000e-03
7 9.949240e-01 3.168000e-03 1.908000e-03
8 9.939640e-01 3.580000e-03 2.456000e-03
9 9.928840e-01 4.012000e-03 3.104000e-03
10 9.918680e-01 4.208000e-03 3.924000e-03
11 9.907200e-01 4.568000e-03 4.712000e-03
12 9.894120e-01 4.968000e-03 5.620000e-03
13 9.882360e-01 5.248000e-03 6.516000e-03
14 9.869800e-01 5.672000e-03 7.348000e-03
15 9.856760e-01 5.852000e-03 8.472000e-03
16 9.843080e-01 6.192000e-03 9.500000e-03
17 9.829320e-01 6.496000e-03 1.057200e-02
18 9.816360e-01 6.568000e-03 1.179600e-02
19 9.803560e-01 6.784000e-03 1.286000e-02
20 9.790400e-01 6.844000e-03 1.411600e-02
21 9.777680e-01 6.904000e-03 1.532800e-02
22 9.763520e-01 7.144000e-03 1.650400e-02
23 9.749400e-01 7.384000e-03 1.767600e-02
24 9.734960e-01 7.552000e-03 1.895200e-02
25 9.721080e-01 7.496000e-03 2.039600e-02
26 9.706440e-01 7.652000e-03 2.170400e-02
27 9.692080e-01 7.728000e-03 2.306400e-02
28 9.679000e-01 7.620000e-03 2.448000e-02
29 9.665040e-01 7.668000e-03 2.582800e-02
30 9.651520e-01 7.680000e-03 2.716800e-02
31 9.637840e-01 7.756000e-03 2.846000e-02
32 9.623480e-01 7.824000e-03 2.982800e-02
33 9.608080e-01 8.040000e-03 3.115200e-02
34 9.592520e-01 8.288000e-03 3.246000e-02
35 9.577000e-01 8.408000e-03 3.389200e-02
36 9.561760e-01 8.432000e-03 3.539200e-02
37 9.548160e-01 8.408000e-03 3.677600e-02
38 9.534800e-01 8.228000e-03 3.829200e-02
39 9.520080e-01 8.208000e-03 3.978400e-02
40 9.504240e-01 8.204000e-03 4.137200e-02
41 9.489440e-01 8.260000e-03 4.279600e-02
42 9.472920e-01 8.440000e-03 4.426800e-02
43 9.458480e-01 8.364000e-03 4.578800e-02
44 9.442200e-01 8.548000e-03 4.723200e-02
45 9.427720e-01 8.372000e-03 4.885600e-02
46 9.412240e-01 8.396000e-03 5.038000e-02
47 9.396600e-01 8.432000e-03 5.190800e-02
48 9.381520e-01 8.480000e-03 5.336800e-02
49 9.366880e-01 8.548000e-03 5.476400e-02
50 9.351040e-01 8.400000e-03 5.649600e-02
51 9.336560e-01 8.244000e-03 5.810000e-02
52 9.320640e-01 8.316000e-03 5.962000e-02
53 9.305920e-01 8.352000e-03 6.105600e-02
54 9.291000e-01 8.252000e-03 6.264800e-02
55 9.278160e-01 8.092000e-03 6.409200e-02
56 9.263920e-01 7.976000e-03 6.563200e-02
57 9.248760e-01 8.028000e-03 6.709600e-02
58 9.233800e-01 8.188000e-03 6.843200e-02
59 9.221080e-01 8.012000e-03 6.988000e-02
60 9.206680e-01 8.084000e-03 7.124800e-02
61 9.191840e-01 8.192000e-03 7.262400e-02
62 9.176840e-01 8.276000e-03 7.404000e-02
63 9.161400e-01 8.280000e-03 7.558000e-02
64 9.145000e-01 8.436000e-03 7.706400e-02
65 9.130200e-01 8.516000e-03 7.846400e-02
66 9.117080e-01 8.308000e-03 7.998400e-02
67 9.103160e-01 8.336000e-03 8.134800e-02
68 9.089280e-01 8.324000e-03 8.274800e-02
69 9.076280e-01 8.264000e-03 8.410800e-02
70 9.062560e-01 8.244000e-03 8.550000e-02
71 9.047840e-01 8.252000e-03 8.696400e-02
72 9.034760e-01 8.028000e-03 8.849600e-02
73 9.019680e-01 8.156000e-03 8.987600e-02
74 9.005720e-01 8.088000e-03 9.134000e-02
75 8.992960e-01 7.940000e-03 9.276400e-02
76 8.979840e-01 7.924000e-03 9.409200e-02
77 8.967480e-01 7.804000e-03 9.544800e-02
78 8.955520e-01 7.668000e-03 9.678000e-02
79 8.943240e-01 7.612000e-03 9.806400e-02
80 8.930200e-01 7.612000e-03 9.936800e-02
81 8.919440e-01 7.416000e-03 1.006400e-01
82 8.907200e-01 7.372000e-03 1.019080e-01
83 8.894880e-01 7.336000e-03 1.031760e-01
84 8.881080e-01 7.452000e-03 1.044400e-01
85 8.868200e-01 7.372000e-03 1.058080e-01
86 8.855080e-01 7.272000e-03 1.072200e-01
87 8.840240e-01 7.524000e-03 1.084520e-01
88 8.823920e-01 7.852000e-03 1.097560e-01
89 8.809920e-01 7.916000e-03 1.110920e-01
90 8.795800e-01 7.940000e-03 1.124800e-01
91 8.781200e-01 8.028000e-03 1.138520e-01
92 8.767040e-01 8.000000e-03 1.152960e-01
93 8.754280e-01 7.860000e-03 1.167120e-01
94 8.739680e-01 7.808000e-03 1.182240e-01
95 8.724680e-01 7.960000e-03 1.195720e-01
96 8.712040e-01 7.816000e-03 1.209800e-01
97 8.699880e-01 7.616000e-03 1.223960e-01
98 8.688320e-01 7.472000e-03 1.236960e-01
99 8.675520e-01 7.288000e-03 1.251600e-01
100 8.662240e-01 7.380000e-03 1.263960e-01
101 8.649280e-01 7.384000e-03 1.276880e-01
102 8.632920e-01 7.708000e-03 1.290000e-01
103 8.619040e-01 7.672000e-03 1.304240e-01
104 8.605480e-01 7.664000e-03 1.317880e-01
105 8.593120e-01 7.608000e-03 1.330800e-01
106 8.581240e-01 7.440000e-03 1.344360e-01
107 8.568920e-01 7.308000e-03 1.358000e-01
108 8.556760e-01 7.228000e-03 1.370960e-01
109 8.544680e-01 7.184000e-03 1.383480e-01
110 8.532040e-01 7.052000e-03 1.397440e-01
111 8.519440e-01 7.060000e-03 1.409960e-01
112 8.507440e-01 7.084000e-03 1.421720e-01
113 8.495160e-01 7.120000e-03 1.433640e-01
114 8.483080e-01 7.036000e-03 1.446560e-01
115 8.471920e-01 6.956000e-03 1.458520e-01
116 8.459360e-01 6.848000e-03 1.472160e-01
117 8.447120e-01 6.916000e-03 1.483720e-01
118 8.434560e-01 7.004000e-03 1.495400e-01
119 8.422440e-01 7.028000e-03 1.507280e-01
120 8.409360e-01 7.104000e-03 1.519600e-01
121 8.395200e-01 7.124000e-03 1.533560e-01
122 8.381320e-01 7.300000e-03 1.545680e-01
123 8.368240e-01 7.268000e-03 1.559080e-01
124 8.355560e-01 7.276000e-03 1.571680e-01
125 8.343040e-01 7.208000e-03 1.584880e-01
126 8.330280e-01 7.192000e-03 1.597800e-01
127 8.318560e-01 6.960000e-03 1.611840e-01
128 8.307040e-01 6.944000e-03 1.623520e-01
129 8.294920e-01 6.900000e-03 1.636080e-01
130 8.284360e-01 6.696000e-03 1.648680e-01
131 8.273480e-01 6.596000e-03 1.660560e-01
132 8.261880e-01 6.532000e-03 1.672800e-01
133 8.251680e-01 6.472000e-03 1.683600e-01
134 8.241960e-01 6.284000e-03 1.695200e-01
135 8.232040e-01 6.064000e-03 1.707320e-01
136 8.222240e-01 6.056000e-03 1.717200e-01
137 8.210880e-01 6.148000e-03 1.727640e-01
138 8.199880e-01 6.212000e-03 1.738000e-01
139 8.189800e-01 6.092000e-03 1.749280e-01
140 8.178520e-01 6.224000e-03 1.759240e-01
141 8.168240e-01 6.200000e-03 1.769760e-01
142 8.156920e-01 6.272000e-03 1.780360e-01
143 8.145680e-01 6.340000e-03 1.790920e-01
144 8.133760e-01 6.492000e-03 1.801320e-01
145 8.122720e-01 6.396000e-03 1.813320e-01
146 8.111600e-01 6.296000e-03 1.825440e-01
147 8.100600e-01 6.220000e-03 1.837200e-01
148 8.089680e-01 6.240000e-03 1.847920e-01
149 8.080320e-01 6.136000e-03 1.858320e-01
150 8.070320e-01 6.028000e-03 1.869400e-01
151 8.059800e-01 6.068000e-03 1.879520e-01
152 8.049000e-01 6.160000e-03 1.889400e-01
153 8.039280e-01 6.000000e-03 1.900720e-01
154 8.028480e-01 5.848000e-03 1.913040e-01
155 8.017920e-01 5.900000e-03 1.923080e-01
156 8.007480e-01 5.828000e-03 1.934240e-01
157 7.997280e-01 5.884000e-03 1.943880e-01
158 7.989120e-01 5.684000e-03 1.954040e-01
159 7.979640e-01 5.600000e-03 1.964360e-01
160 7.970160e-01 5.544000e-03 1.974400e-01
161 7.961520e-01 5.372000e-03 1.984760e-01
162 7.952440e-01 5.336000e-03 1.994200e-01
163 7.945320e-01 4.916000e-03 2.005520e-01
164 7.937480e-01 4.820000e-03 2.014320e-01
165 7.929720e-01 4.672000e-03 2.023560e-01
166 7.922760e-01 4.508000e-03 2.032160e-01
167 7.915840e-01 4.376000e-03 2.040400e-01
168 7.908560e-01 4.320000e-03 2.048240e-01
169 7.901600e-01 4.244000e-03 2.055960e-01
170 7.894920e-01 4.120000e-03 2.063880e-01
171 7.887200e-01 4.136000e-03 2.071440e-01
172 7.881080e-01 4.076000e-03 2.078160e-01
173 7.874360e-01 4.004000e-03 2.085600e-01
174 7.866880e-01 4.040000e-03 2.092720e-01
175 7.859160e-01 4.020000e-03 2.100640e-01
176 7.852520e-01 4.016000e-03 2.107320e-01
177 7.845240e-01 4.052000e-03 2.114240e-01
178 7.837200e-01 4.196000e-03 2.120840e-01
179 7.828800e-01 4.384000e-03 2.127360e-01
180 7.820640e-01 4.476000e-03 2.134600e-01
181 7.812760e-01 4.524000e-03 2.142000e-01
182 7.805240e-01 4.364000e-03 2.151120e-01
183 7.798080e-01 4.340000e-03 2.158520e-01
184 7.789840e-01 4.320000e-03 2.166960e-01
185 7.782240e-01 4.284000e-03 2.174920e-01
186 7.775280e-01 4.236000e-03 2.182360e-01
187 7.768320e-01 4.192000e-03 2.189760e-01
188 7.761920e-01 4.116000e-03 2.196920e-01
189 7.755680e-01 4.060000e-03 2.203720e-01
190 7.749280e-01 3.884000e-03 2.211880e-01
191 7.742440e-01 3.840000e-03 2.219160e-01
192 7.735440e-01 3.884000e-03 2.225720e-01
193 7.729280e-01 3.820000e-03 2.232520e-01
194 7.721840e-01 3.936000e-03 2.238800e-01
195 7.714240e-01 4.040000e-03 2.245360e-01
196 7.706760e-01 4.128000e-03 2.251960e-01
197 7.700640e-01 3.992000e-03 2.259440e-01
198 7.694600e-01 3.892000e-03 2.266480e-01
199 7.688640e-01 3.736000e-03 2.274000e-01
200 7.682920e-01 3.632000e-03 2.280760e-01
201 7.677040e-01 3.680000e-03 2.286160e-01
202 7.671320e-01 3.676000e-03 2.291920e-01
203 7.665640e-01 3.616000e-03 2.298200e-01
204 7.659600e-01 3.652000e-03 2.303880e-01
205 7.653360e-01 3.660000e-03 2.310040e-01
206 7.647360e-01 3.676000e-03 2.315880e-01
207 7.640480e-01 3.744000e-03 2.322080e-01
208 7.634360e-01 3.792000e-03 2.327720e-01
209 7.627640e-01 3.676000e-03 2.335600e-01
210 7.621240e-01 3.684000e-03 2.341920e-01
211 7.615000e-01 3.652000e-03 2.348480e-01
212 7.607480e-01 3.808000e-03 2.354440e-01
213 7.601760e-01 3.728000e-03 2.360960e-01
214 7.596240e-01 3.636000e-03 2.367400e-01
215 7.590040e-01 3.600000e-03 2.373960e-01
216 7.584320e-01 3.496000e-03 2.380720e-01
217 7.579200e-01 3.380000e-03 2.387000e-01
218 7.573760e-01 3.396000e-03 2.392280e-01
219 7.568120e-01 3.328000e-03 2.398600e-01
220 7.563400e-01 3.204000e-03 2.404560e-01
221 7.558360e-01 3.168000e-03 2.409960e-01
222 7.553120e-01 3.136000e-03 2.415520e-01
223 7.548360e-01 3.072000e-03 2.420920e-01
224 7.543480e-01 2.984000e-03 2.426680e-01
225 7.538160e-01 3.108000e-03 2.430760e-01
226 7.532440e-01 3.116000e-03 2.436400e-01
227 7.527000e-01 3.128000e-03 2.441720e-01
228 7.521760e-01 3.108000e-03 2.447160e-01
229 7.517200e-01 3.092000e-03 2.451880e-01
230 7.512000e-01 2.968000e-03 2.458320e-01
231 7.507320e-01 2.968000e-03 2.463000e-01
232 7.502480e-01 2.972000e-03 2.467800e-01
233 7.496960e-01 2.976000e-03 2.473280e-01
234 7.492280e-01 3.000000e-03 2.477720e-01
235 7.488280e-01 2.904000e-03 2.482680e-01
236 7.484680e-01 2.776000e-03 2.487560e-01
237 7.479840e-01 2.804000e-03 2.492120e-01
238 7.475520e-01 2.828000e-03 2.496200e-01
239 7.470920e-01 2.772000e-03 2.501360e-01
240 7.466080e-01 2.752000e-03 2.506400e-01
241 7.462000e-01 2.704000e-03 2.510960e-01
242 7.457560e-01 2.624000e-03 2.516200e-01
243 7.453200e-01 2.512000e-03 2.521680e-01
244 7.447320e-01 2.632000e-03 2.526360e-01
245 7.442720e-01 2.684000e-03 2.530440e-01
246 7.439240e-01 2.612000e-03 2.534640e-01
247 7.434760e-01 2.540000e-03 2.539840e-01
248 7.430640e-01 2.524000e-03 2.544120e-01
249 7.426320e-01 2.508000e-03 2.548600e-01
250 7.421600e-01 2.556000e-03 2.552840e-01
251 7.417400e-01 2.552000e-03 2.557080e-01
252 7.412960e-01 2.536000e-03 2.561680e-01
253 7.408920e-01 2.476000e-03 2.566320e-01
254 7.405200e-01 2.396000e-03 2.570840e-01
255 7.401120e-01 2.288000e-03 2.576000e-01
256 7.396800e-01 2.280000e-03 2.580400e-01
257 7.392680e-01 2.316000e-03 2.584160e-01
258 7.388240e-01 2.308000e-03 2.588680e-01
259 7.384880e-01 2.276000e-03 2.592360e-01
260 7.381000e-01 2.280000e-03 2.596200e-01
261 7.376520e-01 2.312000e-03 2.600360e-01
262 7.372440e-01 2.320000e-03 2.604360e-01
263 7.368000e-01 2.388000e-03 2.608120e-01
264 7.364400e-01 2.340000e-03 2.612200e-01
265 7.360440e-01 2.352000e-03 2.616040e-01
266 7.356040e-01 2.328000e-03 2.620680e-01
267 7.352080e-01 2.276000e-03 2.625160e-01
268 7.348000e-01 2.276000e-03 2.629240e-01
269 7.344720e-01 2.188000e-03 2.633400e-01
270 7.341360e-01 2.192000e-03 2.636720e-01
271 7.337560e-01 2.168000e-03 2.640760e-01
272 7.333760e-01 2.156000e-03 2.644680e-01
273 7.329960e-01 2.136000e-03 2.648680e-01
274 7.326600e-01 2.132000e-03 2.652080e-01
275 7.323000e-01 2.156000e-03 2.655440e-01
276 7.319320e-01 2.156000e-03 2.659120e-01
277 7.316080e-01 2.172000e-03 2.662200e-01
278 7.313280e-01 2.100000e-03 2.665720e-01
279 7.309480e-01 2.096000e-03 2.669560e-01
280 7.306440e-01 1.968000e-03 2.673880e-01
281 7.303400e-01 1.920000e-03 2.677400e-01
282 7.300600e-01 1.824000e-03 2.681160e-01
283 7.297760e-01 1.764000e-03 2.684600e-01
284 7.294600e-01 1.804000e-03 2.687360e-01
285 7.291160e-01 1.872000e-03 2.690120e-01
286 7.288400e-01 1.824000e-03 2.693360e-01
287 7.285000e-01 1.816000e-03 2.696840e-01
288 7.282520e-01 1.696000e-03 2.700520e-01
289 7.280200e-01 1.592000e-03 2.703880e-01
290 7.277760e-01 1.584000e-03 2.706400e-01
291 7.275480e-01 1.548000e-03 2.709040e-01
292 7.272960e-01 1.580000e-03 2.711240e-01
293 7.270840e-01 1.528000e-03 2.713880e-01
294 7.268680e-01 1.440000e-03 2.716920e-01
295 7.266720e-01 1.392000e-03 2.719360e-01
296 7.265040e-01 1.352000e-03 2.721440e-01
297 7.263000e-01 1.344000e-03 2.723560e-01
298 7.261120e-01 1.316000e-03 2.725720e-01
299 7.258880e-01 1.316000e-03 2.727960e-01
300 7.257160e-01 1.260000e-03 2.730240e-01
301 7.255280e-01 1.272000e-03 2.732000e-01
302 7.253520e-01 1.256000e-03 2.733920e-01
303 7.251400e-01 1.248000e-03 2.736120e-01
304 7.249560e-01 1.228000e-03 2.738160e-01
305 7.247360e-01 1.260000e-03 2.740040e-01
306 7.245280e-01 1.244000e-03 2.742280e-01
307 7.243400e-01 1.220000e-03 2.744400e-01
308 7.241040e-01 1.236000e-03 2.746600e-01
309 7.239360e-01 1.164000e-03 2.749000e-01
310 7.237800e-01 1.136000e-03 2.750840e-01
311 7.236200e-01 1.168000e-03 2.752120e-01
312 7.234240e-01 1.156000e-03 2.754200e-01
313 7.232040e-01 1.200000e-03 2.755960e-01
314 7.229640e-01 1.240000e-03 2.757960e-01
315 7.228160e-01 1.156000e-03 2.760280e-01
316 7.226400e-01 1.124000e-03 2.762360e-01
317 7.223640e-01 1.176000e-03 2.764600e-01
318 7.221720e-01 1.164000e-03 2.766640e-01
319 7.219560e-01 1.140000e-03 2.769040e-01
320 7.217640e-01 1.096000e-03 2.771400e-01
321 7.214960e-01 1.128000e-03 2.773760e-01
322 7.212960e-01 1.108000e-03 2.775960e-01
323 7.211200e-01 1.080000e-03 2.778000e-01
324 7.208840e-01 1.096000e-03 2.780200e-01
325 7.206240e-01 1.192000e-03 2.781840e-01
326 7.204520e-01 1.160000e-03 2.783880e-01
327 7.202880e-01 1.136000e-03 2.785760e-01
328 7.200880e-01 1.160000e-03 2.787520e-01
329 7.199360e-01 1.160000e-03 2.789040e-01
330 7.197440e-01 1.184000e-03 2.790720e-01
331 7.195200e-01 1.236000e-03 2.792440e-01
332 7.193200e-01 1.248000e-03 2.794320e-01
333 7.190600e-01 1.320000e-03 2.796200e-01
334 7.188480e-01 1.280000e-03 2.798720e-01
335 7.186360e-01 1.272000e-03 2.800920e-01
336 7.184160e-01 1.236000e-03 2.803480e-01
337 7.182120e-01 1.240000e-03 2.805480e-01
338 7.179800e-01 1.276000e-03 2.807440e-01
339 7.177720e-01 1.240000e-03 2.809880e-01
340 7.175600e-01 1.248000e-03 2.811920e-01
341 7.173320e-01 1.260000e-03 2.814080e-01
342 7.171480e-01 1.256000e-03 2.815960e-01
343 7.169040e-01 1.260000e-03 2.818360e-01
344 7.166760e-01 1.308000e-03 2.820160e-01
345 7.164680e-01 1.256000e-03 2.822760e-01
346 7.162520e-01 1.244000e-03 2.825040e-01
347 7.160600e-01 1.196000e-03 2.827440e-01
348 7.159080e-01 1.120000e-03 2.829720e-01
349 7.157760e-01 1.036000e-03 2.831880e-01
350 7.156120e-01 1.044000e-03 2.833440e-01
351 7.154760e-01 9.640000e-04 2.835600e-01
352 7.153360e-01 9.640000e-04 2.837000e-01
353 7.151440e-01 9.840000e-04 2.838720e-01
354 7.149800e-01 9.760000e-04 2.840440e-01
355 7.148320e-01 9.520000e-04 2.842160e-01
356 7.146920e-01 9.240000e-04 2.843840e-01
357 7.145680e-01 8.960000e-04 2.845360e-01
358 7.144800e-01 8.000000e-04 2.847200e-01
359 7.143680e-01 8.040000e-04 2.848280e-01
360 7.142200e-01 8.120000e-04 2.849680e-01
361 7.140880e-01 7.920000e-04 2.851200e-01
362 7.139680e-01 7.920000e-04 2.852400e-01
363 7.138280e-01 7.920000e-04 2.853800e-01
364 7.136840e-01 8.080000e-04 2.855080e-01
365 7.136200e-01 7.560000e-04 2.856240e-01
366 7.135240e-01 7.120000e-04 2.857640e-01
367 7.134080e-01 7.000000e-04 2.858920e-01
368 7.132840e-01 6.880000e-04 2.860280e-01
369 7.131440e-01 6.520000e-04 2.862040e-01
370 7.129600e-01 7.240000e-04 2.863160e-01
371 7.128240e-01 7.760000e-04 2.864000e-01
372 7.126120e-01 8.720000e-04 2.865160e-01
373 7.124320e-01 8.240000e-04 2.867440e-01
374 7.122520e-01 8.720000e-04 2.868760e-01
375 7.120240e-01 9.320000e-04 2.870440e-01
376 7.118840e-01 9.000000e-04 2.872160e-01
377 7.117160e-01 9.480000e-04 2.873360e-01
378 7.115440e-01 9.840000e-04 2.874720e-01
379 7.113840e-01 9.200000e-04 2.876960e-01
380 7.112280e-01 9.360000e-04 2.878360e-01
381 7.110880e-01 8.280000e-04 2.880840e-01
382 7.109520e-01 8.160000e-04 2.882320e-01
383 7.107960e-01 8.280000e-04 2.883760e-01
384 7.106360e-01 8.680000e-04 2.884960e-01
385 7.104520e-01 8.840000e-04 2.886640e-01
386 7.102080e-01 9.560000e-04 2.888360e-01
387 7.100400e-01 9.760000e-04 2.889840e-01
388 7.098280e-01 1.020000e-03 2.891520e-01
389 7.096360e-01 1.016000e-03 2.893480e-01
390 7.094400e-01 1.044000e-03 2.895160e-01
391 7.092440e-01 1.048000e-03 2.897080e-01
392 7.090680e-01 1.056000e-03 2.898760e-01
393 7.088680e-01 1.048000e-03 2.900840e-01
394 7.086320e-01 1.052000e-03 2.903160e-01
395 7.085080e-01 9.600000e-04 2.905320e-01
396 7.083120e-01 1.000000e-03 2.906880e-01
397 7.081320e-01 1.024000e-03 2.908440e-01
398 7.079400e-01 1.016000e-03 2.910440e-01
399 7.077640e-01 9.920000e-04 2.912440e-01
400 7.076480e-01 9.680000e-04 2.913840e-01
401 7.074960e-01 1.012000e-03 2.914920e-01
402 7.073720e-01 9.400000e-04 2.916880e-01
403 7.072200e-01 9.880000e-04 2.917920e-01
404 7.071000e-01 9.440000e-04 2.919560e-01
405 7.069680e-01 9.400000e-04 2.920920e-01
406 7.068000e-01 9.520000e-04 2.922480e-01
407 7.066200e-01 9.440000e-04 2.924360e-01
408 7.064680e-01 9.280000e-04 2.926040e-01
409 7.063360e-01 8.800000e-04 2.927840e-01
410 7.062000e-01 8.240000e-04 2.929760e-01
411 7.060480e-01 8.400000e-04 2.931120e-01
412 7.058920e-01 8.800000e-04 2.932280e-01
413 7.057360e-01 8.920000e-04 2.933720e-01
414 7.056000e-01 8.360000e-04 2.935640e-01
415 7.054200e-01 8.640000e-04 2.937160e-01
416 7.053040e-01 8.120000e-04 2.938840e-01
417 7.051800e-01 7.840000e-04 2.940360e-01
418 7.050120e-01 8.240000e-04 2.941640e-01
419 7.048480e-01 8.280000e-04 2.943240e-01
420 7.047640e-01 7.640000e-04 2.944720e-01
421 7.045840e-01 8.040000e-04 2.946120e-01
422 7.044600e-01 8.000000e-04 2.947400e-01
423 7.042480e-01 8.920000e-04 2.948600e-01
424 7.041040e-01 8.400000e-04 2.950560e-01
425 7.039600e-01 8.200000e-04 2.952200e-01
426 7.037960e-01 8.520000e-04 2.953520e-01
427 7.035920e-01 9.200000e-04 2.954880e-01
428 7.034360e-01 9.080000e-04 2.956560e-01
429 7.033280e-01 8.800000e-04 2.957920e-01
430 7.032240e-01 8.040000e-04 2.959720e-01
431 7.030600e-01 8.040000e-04 2.961360e-01
432 7.029160e-01 8.240000e-04 2.962600e-01
433 7.028160e-01 8.040000e-04 2.963800e-01
434 7.026960e-01 7.760000e-04 2.965280e-01
435 7.025320e-01 7.960000e-04 2.966720e-01
436 7.023760e-01 8.120000e-04 2.968120e-01
437 7.021880e-01 8.640000e-04 2.969480e-01
438 7.020320e-01 8.720000e-04 2.970960e-01
439 7.018840e-01 8.520000e-04 2.972640e-01
440 7.017240e-01 8.480000e-04 2.974280e-01
441 7.015480e-01 8.560000e-04 2.975960e-01
442 7.013640e-01 8.480000e-04 2.977880e-01
443 7.012040e-01 8.640000e-04 2.979320e-01
444 7.010160e-01 8.840000e-04 2.981000e-01
445 7.008320e-01 9.160000e-04 2.982520e-01
446 7.006400e-01 9.280000e-04 2.984320e-01
447 7.005240e-01 8.800000e-04 2.985960e-01
448 7.004000e-01 8.400000e-04 2.987600e-01
449 7.003000e-01 7.960000e-04 2.989040e-01
450 7.002080e-01 7.720000e-04 2.990200e-01
451 7.000600e-01 7.760000e-04 2.991640e-01
452 6.998960e-01 8.040000e-04 2.993000e-01
453 6.997800e-01 7.640000e-04 2.994560e-01
454 6.996400e-01 7.640000e-04 2.995960e-01
455 6.994960e-01 7.880000e-04 2.997160e-01
456 6.993560e-01 7.960000e-04 2.998480e-01
457 6.992480e-01 7.520000e-04 3.000000e-01
458 6.991080e-01 7.600000e-04 3.001320e-01
459 6.989360e-01 8.440000e-04 3.002200e-01
460 6.987680e-01 8.800000e-04 3.003520e-01
461 6.986280e-01 8.960000e-04 3.004760e-01
462 6.985200e-01 8.480000e-04 3.006320e-01
463 6.983640e-01 8.320000e-04 3.008040e-01
464 6.982120e-01 8.480000e-04 3.009400e-01
465 6.981080e-01 8.120000e-04 3.010800e-01
466 6.979920e-01 7.640000e-04 3.012440e-01
467 6.978400e-01 7.880000e-04 3.013720e-01
468 6.976840e-01 8.320000e-04 3.014840e-01
469 6.975400e-01 8.320000e-04 3.016280e-01
470 6.974120e-01 8.240000e-04 3.017640e-01
471 6.973040e-01 8.000000e-04 3.018960e-01
472 6.971640e-01 8.480000e-04 3.019880e-01
473 6.970040e-01 8.720000e-04 3.021240e-01
474 6.968200e-01 9.320000e-04 3.022480e-01
475 6.966520e-01 9.480000e-04 3.024000e-01
476 6.965440e-01 8.560000e-04 3.026000e-01
477 6.964280e-01 8.360000e-04 3.027360e-01
478 6.962800e-01 8.760000e-04 3.028440e-01
479 6.961680e-01 8.120000e-04 3.030200e-01
480 6.960640e-01 7.640000e-04 3.031720e-01
481 6.959480e-01 7.560000e-04 3.032960e-01
482 6.958520e-01 7.120000e-04 3.034360e-01
483 6.957360e-01 7.080000e-04 3.035560e-01
484 6.956360e-01 6.920000e-04 3.036720e-01
485 6.955160e-01 6.840000e-04 3.038000e-01
486 6.954120e-01 6.520000e-04 3.039360e-01
487 6.953360e-01 6.320000e-04 3.040320e-01
488 6.952400e-01 6.000000e-04 3.041600e-01
489 6.950760e-01 6.840000e-04 3.042400e-01
490 6.949520e-01 7.240000e-04 3.043240e-01
491 6.948640e-01 6.960000e-04 3.044400e-01
492 6.947080e-01 7.240000e-04 3.045680e-01
493 6.946080e-01 6.880000e-04 3.047040e-01
494 6.944920e-01 6.960000e-04 3.048120e-01
495 6.944000e-01 7.000000e-04 3.049000e-01
496 6.942920e-01 6.920000e-04 3.050160e-01
497 6.941920e-01 7.200000e-04 3.050880e-01
498 6.940400e-01 7.760000e-04 3.051840e-01
499 6.939080e-01 8.160000e-04 3.052760e-01
500 6.937880e-01 7.960000e-04 3.054160e-01
