1 9.991920e-01 7.200000e-04 8.800000e-05
2 9.986960e-01 1.048000e-03 2.560000e-04
3 9.981160e-01 1.368000e-03 5.160000e-04
4 9.974200e-01 1.760000e-03 8.200000e-04
5 9.965920e-01 2.272000e-03 1.136000e-03
6 9.956680e-01 2.772000e-03 1.560000e-03
7 9.948720e-01 3.044000e-03 2.084000e-03
8 9.939560e-01 3.424000e-03 2.620000e-03
9 9.929520e-01 3.780000e-03 3.268000e-03
10 9.920040e-01 4.120000e-03 3.876000e-03
11 9.910920e-01 4.236000e-03 4.672000e-03
12 9.900440e-01 4.472000e-03 5.484000e-03
13 9.888760e-01 4.808000e-03 6.316000e-03
14 9.876040e-01 5.284000e-03 7.112000e-03
15 9.863640e-01 5.520000e-03 8.116000e-03
16 9.850800e-01 5.820000e-03 9.100000e-03
17 9.836920e-01 6.168000e-03 1.014000e-02
18 9.824640e-01 6.256000e-03 1.128000e-02
19 9.812440e-01 6.384000e-03 1.237200e-02
20 9.798880e-01 6.600000e-03 1.351200e-02
21 9.784480e-01 6.952000e-03 1.460000e-02
22 9.770720e-01 7.140000e-03 1.578800e-02
23 9.756200e-01 7.392000e-03 1.698800e-02
24 9.743120e-01 7.640000e-03 1.804800e-02
25 9.729160e-01 7.728000e-03 1.935600e-02
26 9.715040e-01 7.684000e-03 2.081200e-02
27 9.700560e-01 7.720000e-03 2.222400e-02
28 9.685880e-01 7.816000e-03 2.359600e-02
29 9.670240e-01 8.112000e-03 2.486400e-02
30 9.654720e-01 8.248000e-03 2.628000e-02
31 9.638720e-01 8.464000e-03 2.766400e-02
32 9.622840e-01 8.532000e-03 2.918400e-02
33 9.606160e-01 8.704000e-03 3.068000e-02
34 9.589680e-01 8.864000e-03 3.216800e-02
35 9.573360e-01 8.960000e-03 3.370400e-02
36 9.556480e-01 9.056000e-03 3.529600e-02
37 9.540120e-01 9.072000e-03 3.691600e-02
38 9.523960e-01 9.144000e-03 3.846000e-02
39 9.507640e-01 9.252000e-03 3.998400e-02
40 9.491880e-01 9.200000e-03 4.161200e-02
41 9.476360e-01 9.264000e-03 4.310000e-02
42 9.460320e-01 9.200000e-03 4.476800e-02
43 9.445000e-01 9.220000e-03 4.628000e-02
44 9.430400e-01 9.060000e-03 4.790000e-02
45 9.413320e-01 9.160000e-03 4.950800e-02
46 9.396400e-01 9.256000e-03 5.110400e-02
47 9.379960e-01 9.312000e-03 5.269200e-02
48 9.363800e-01 9.216000e-03 5.440400e-02
49 9.345920e-01 9.392000e-03 5.601600e-02
50 9.329680e-01 9.344000e-03 5.768800e-02
51 9.315240e-01 9.128000e-03 5.934800e-02
52 9.299240e-01 9.156000e-03 6.092000e-02
53 9.283880e-01 9.112000e-03 6.250000e-02
54 9.268440e-01 8.976000e-03 6.418000e-02
55 9.251520e-01 9.000000e-03 6.584800e-02
56 9.235880e-01 8.876000e-03 6.753600e-02
57 9.221080e-01 8.840000e-03 6.905200e-02
58 9.204760e-01 8.864000e-03 7.066000e-02
59 9.189240e-01 8.864000e-03 7.221200e-02
60 9.175360e-01 8.724000e-03 7.374000e-02
61 9.161600e-01 8.576000e-03 7.526400e-02
62 9.147800e-01 8.648000e-03 7.657200e-02
63 9.134840e-01 8.512000e-03 7.800400e-02
64 9.121480e-01 8.236000e-03 7.961600e-02
65 9.108040e-01 8.088000e-03 8.110800e-02
66 9.093680e-01 8.132000e-03 8.250000e-02
67 9.081360e-01 8.000000e-03 8.386400e-02
68 9.067520e-01 7.908000e-03 8.534000e-02
69 9.053880e-01 7.980000e-03 8.663200e-02
70 9.039360e-01 8.020000e-03 8.804400e-02
71 9.024360e-01 8.224000e-03 8.934000e-02
72 9.011000e-01 8.084000e-03 9.081600e-02
73 8.997520e-01 8.044000e-03 9.220400e-02
74 8.983160e-01 8.048000e-03 9.363600e-02
75 8.968120e-01 8.172000e-03 9.501600e-02
76 8.952160e-01 8.440000e-03 9.634400e-02
77 8.935680e-01 8.696000e-03 9.773600e-02
78 8.921000e-01 8.628000e-03 9.927200e-02
79 8.906640e-01 8.624000e-03 1.007120e-01
80 8.891520e-01 8.644000e-03 1.022040e-01
81 8.877160e-01 8.428000e-03 1.038560e-01
82 8.862720e-01 8.308000e-03 1.054200e-01
83 8.848520e-01 8.264000e-03 1.068840e-01
84 8.832120e-01 8.524000e-03 1.082640e-01
85 8.818000e-01 8.404000e-03 1.097960e-01
86 8.802880e-01 8.372000e-03 1.113400e-01
87 8.786880e-01 8.568000e-03 1.127440e-01
88 8.772840e-01 8.400000e-03 1.143160e-01
89 8.759560e-01 8.272000e-03 1.157720e-01
90 8.744240e-01 8.392000e-03 1.171840e-01
91 8.730480e-01 8.356000e-03 1.185960e-01
92 8.715280e-01 8.280000e-03 1.201920e-01
93 8.702480e-01 8.132000e-03 1.216200e-01
94 8.688200e-01 8.044000e-03 1.231360e-01
95 8.675520e-01 8.060000e-03 1.243880e-01
96 8.661760e-01 8.136000e-03 1.256880e-01
97 8.648480e-01 8.160000e-03 1.269920e-01
98 8.635120e-01 8.060000e-03 1.284280e-01
99 8.621800e-01 7.996000e-03 1.298240e-01
100 8.608600e-01 7.780000e-03 1.313600e-01
101 8.594760e-01 7.832000e-03 1.326920e-01
102 8.581560e-01 7.692000e-03 1.341520e-01
103 8.566280e-01 7.896000e-03 1.354760e-01
104 8.551360e-01 8.068000e-03 1.367960e-01
105 8.536720e-01 8.048000e-03 1.382800e-01
106 8.522160e-01 8.024000e-03 1.397600e-01
107 8.508080e-01 7.928000e-03 1.412640e-01
108 8.494240e-01 7.880000e-03 1.426960e-01
109 8.480000e-01 7.924000e-03 1.440760e-01
110 8.464880e-01 7.932000e-03 1.455800e-01
111 8.451480e-01 7.860000e-03 1.469920e-01
112 8.437560e-01 7.824000e-03 1.484200e-01
113 8.423160e-01 7.880000e-03 1.498040e-01
114 8.409640e-01 7.884000e-03 1.511520e-01
115 8.394920e-01 7.912000e-03 1.525960e-01
116 8.381520e-01 7.860000e-03 1.539880e-01
117 8.366320e-01 7.960000e-03 1.554080e-01
118 8.353200e-01 7.900000e-03 1.567800e-01
119 8.339520e-01 7.804000e-03 1.582440e-01
120 8.327000e-01 7.612000e-03 1.596880e-01
121 8.313200e-01 7.640000e-03 1.610400e-01
122 8.301400e-01 7.464000e-03 1.623960e-01
123 8.289120e-01 7.276000e-03 1.638120e-01
124 8.275720e-01 7.244000e-03 1.651840e-01
125 8.262760e-01 7.376000e-03 1.663480e-01
126 8.250040e-01 7.392000e-03 1.676040e-01
127 8.237200e-01 7.340000e-03 1.689400e-01
128 8.225240e-01 7.208000e-03 1.702680e-01
129 8.214120e-01 6.920000e-03 1.716680e-01
130 8.202320e-01 6.868000e-03 1.729000e-01
131 8.190800e-01 6.812000e-03 1.741080e-01
132 8.177720e-01 7.028000e-03 1.752000e-01
133 8.165760e-01 7.024000e-03 1.764000e-01
134 8.153800e-01 6.968000e-03 1.776520e-01
135 8.142280e-01 7.020000e-03 1.787520e-01
136 8.130840e-01 6.928000e-03 1.799880e-01
137 8.119080e-01 6.800000e-03 1.812920e-01
138 8.106880e-01 6.928000e-03 1.823840e-01
139 8.094800e-01 6.780000e-03 1.837400e-01
140 8.082640e-01 6.860000e-03 1.848760e-01
141 8.069960e-01 6.912000e-03 1.860920e-01
142 8.057800e-01 6.796000e-03 1.874240e-01
143 8.045640e-01 6.860000e-03 1.885760e-01
144 8.032320e-01 6.848000e-03 1.899200e-01
145 8.018560e-01 7.036000e-03 1.911080e-01
146 8.005960e-01 6.988000e-03 1.924160e-01
147 7.994480e-01 6.936000e-03 1.936160e-01
148 7.983240e-01 6.820000e-03 1.948560e-01
149 7.972440e-01 6.680000e-03 1.960760e-01
150 7.960240e-01 6.712000e-03 1.972640e-01
151 7.948840e-01 6.684000e-03 1.984320e-01
152 7.937720e-01 6.700000e-03 1.995280e-01
153 7.926520e-01 6.692000e-03 2.006560e-01
154 7.915480e-01 6.616000e-03 2.018360e-01
155 7.905040e-01 6.384000e-03 2.031120e-01
156 7.894680e-01 6.340000e-03 2.041920e-01
157 7.885040e-01 6.128000e-03 2.053680e-01
158 7.875720e-01 5.964000e-03 2.064640e-01
159 7.865600e-01 5.908000e-03 2.075320e-01
160 7.856120e-01 5.836000e-03 2.085520e-01
161 7.845440e-01 5.808000e-03 2.096480e-01
162 7.835840e-01 5.744000e-03 2.106720e-01
163 7.825840e-01 5.716000e-03 2.117000e-01
164 7.815840e-01 5.696000e-03 2.127200e-01
165 7.807000e-01 5.548000e-03 2.137520e-01
166 7.797440e-01 5.504000e-03 2.147520e-01
167 7.788720e-01 5.456000e-03 2.156720e-01
168 7.778960e-01 5.516000e-03 2.165880e-01
169 7.769480e-01 5.520000e-03 2.175320e-01
170 7.760880e-01 5.444000e-03 2.184680e-01
171 7.752760e-01 5.244000e-03 2.194800e-01
172 7.744040e-01 5.160000e-03 2.204360e-01
173 7.736080e-01 4.960000e-03 2.214320e-01
174 7.729120e-01 4.752000e-03 2.223360e-01
175 7.721320e-01 4.696000e-03 2.231720e-01
176 7.712440e-01 4.716000e-03 2.240400e-01
177 7.704160e-01 4.836000e-03 2.247480e-01
178 7.697120e-01 4.724000e-03 2.255640e-01
179 7.689360e-01 4.704000e-03 2.263600e-01
180 7.682240e-01 4.628000e-03 2.271480e-01
181 7.674040e-01 4.596000e-03 2.280000e-01
182 7.666400e-01 4.636000e-03 2.287240e-01
183 7.658680e-01 4.580000e-03 2.295520e-01
184 7.652000e-01 4.460000e-03 2.303400e-01
185 7.644760e-01 4.420000e-03 2.311040e-01
186 7.637240e-01 4.400000e-03 2.318760e-01
187 7.629960e-01 4.288000e-03 2.327160e-01
188 7.622000e-01 4.300000e-03 2.335000e-01
189 7.615360e-01 4.200000e-03 2.342640e-01
190 7.608440e-01 4.168000e-03 2.349880e-01
191 7.601320e-01 4.228000e-03 2.356400e-01
192 7.594080e-01 4.280000e-03 2.363120e-01
193 7.587160e-01 4.120000e-03 2.371640e-01
194 7.580400e-01 4.104000e-03 2.378560e-01
195 7.574400e-01 4.064000e-03 2.384960e-01
196 7.567600e-01 4.056000e-03 2.391840e-01
197 7.560720e-01 4.092000e-03 2.398360e-01
198 7.553960e-01 4.032000e-03 2.405720e-01
199 7.547240e-01 3.984000e-03 2.412920e-01
200 7.539080e-01 4.104000e-03 2.419880e-01
201 7.532120e-01 4.056000e-03 2.427320e-01
202 7.524720e-01 4.148000e-03 2.433800e-01
203 7.518000e-01 4.072000e-03 2.441280e-01
204 7.511040e-01 4.008000e-03 2.448880e-01
205 7.502560e-01 4.200000e-03 2.455440e-01
206 7.494680e-01 4.240000e-03 2.462920e-01
207 7.487480e-01 4.148000e-03 2.471040e-01
208 7.481080e-01 4.048000e-03 2.478440e-01
209 7.474400e-01 4.084000e-03 2.484760e-01
210 7.467680e-01 4.080000e-03 2.491520e-01
211 7.461200e-01 4.004000e-03 2.498760e-01
212 7.454240e-01 4.084000e-03 2.504920e-01
213 7.447160e-01 4.040000e-03 2.512440e-01
214 7.439000e-01 4.180000e-03 2.519200e-01
215 7.431040e-01 4.308000e-03 2.525880e-01
216 7.424600e-01 4.208000e-03 2.533320e-01
217 7.417200e-01 4.152000e-03 2.541280e-01
218 7.408880e-01 4.268000e-03 2.548440e-01
219 7.401880e-01 4.188000e-03 2.556240e-01
220 7.395240e-01 4.104000e-03 2.563720e-01
221 7.388520e-01 4.144000e-03 2.570040e-01
222 7.381040e-01 4.192000e-03 2.577040e-01
223 7.373400e-01 4.156000e-03 2.585040e-01
224 7.366680e-01 4.140000e-03 2.591920e-01
225 7.360600e-01 3.956000e-03 2.599840e-01
226 7.353920e-01 3.872000e-03 2.607360e-01
227 7.347440e-01 3.880000e-03 2.613760e-01
228 7.342120e-01 3.692000e-03 2.620960e-01
229 7.335120e-01 3.656000e-03 2.628320e-01
230 7.327440e-01 3.724000e-03 2.635320e-01
231 7.321360e-01 3.708000e-03 2.641560e-01
232 7.314360e-01 3.784000e-03 2.647800e-01
233 7.306760e-01 3.912000e-03 2.654120e-01
234 7.299520e-01 3.852000e-03 2.661960e-01
235 7.292240e-01 3.856000e-03 2.669200e-01
236 7.284440e-01 4.008000e-03 2.675480e-01
237 7.277080e-01 4.080000e-03 2.682120e-01
238 7.269240e-01 4.168000e-03 2.689080e-01
239 7.261400e-01 4.184000e-03 2.696760e-01
240 7.254480e-01 4.136000e-03 2.704160e-01
241 7.246080e-01 4.184000e-03 2.712080e-01
242 7.239160e-01 4.144000e-03 2.719400e-01
243 7.231680e-01 4.148000e-03 2.726840e-01
244 7.224160e-01 4.072000e-03 2.735120e-01
245 7.217360e-01 3.992000e-03 2.742720e-01
246 7.210600e-01 4.020000e-03 2.749200e-01
247 7.204480e-01 3.956000e-03 2.755960e-01
248 7.198400e-01 3.856000e-03 2.763040e-01
249 7.192440e-01 3.816000e-03 2.769400e-01
250 7.186400e-01 3.760000e-03 2.776000e-01
251 7.180120e-01 3.768000e-03 2.782200e-01
252 7.175000e-01 3.584000e-03 2.789160e-01
253 7.169440e-01 3.488000e-03 2.795680e-01
254 7.164160e-01 3.364000e-03 2.802200e-01
255 7.159320e-01 3.296000e-03 2.807720e-01
256 7.154200e-01 3.264000e-03 2.813160e-01
257 7.149160e-01 3.328000e-03 2.817560e-01
258 7.143920e-01 3.296000e-03 2.823120e-01
259 7.138160e-01 3.276000e-03 2.829080e-01
260 7.133160e-01 3.200000e-03 2.834840e-01
261 7.128280e-01 3.152000e-03 2.840200e-01
262 7.123200e-01 3.084000e-03 2.845960e-01
263 7.118760e-01 2.984000e-03 2.851400e-01
264 7.114360e-01 2.924000e-03 2.856400e-01
265 7.109720e-01 2.860000e-03 2.861680e-01
266 7.104120e-01 2.932000e-03 2.866560e-01
267 7.099400e-01 2.876000e-03 2.871840e-01
268 7.094160e-01 2.844000e-03 2.877400e-01
269 7.088720e-01 2.884000e-03 2.882440e-01
270 7.083160e-01 2.924000e-03 2.887600e-01
271 7.077840e-01 2.900000e-03 2.893160e-01
272 7.072760e-01 2.740000e-03 2.899840e-01
273 7.067440e-01 2.808000e-03 2.904480e-01
274 7.062560e-01 2.776000e-03 2.909680e-01
275 7.058960e-01 2.628000e-03 2.914760e-01
276 7.053520e-01 2.744000e-03 2.919040e-01
277 7.049440e-01 2.604000e-03 2.924520e-01
278 7.045280e-01 2.548000e-03 2.929240e-01
279 7.041320e-01 2.540000e-03 2.933280e-01
280 7.038480e-01 2.364000e-03 2.937880e-01
281 7.034320e-01 2.384000e-03 2.941840e-01
282 7.031280e-01 2.280000e-03 2.945920e-01
283 7.026880e-01 2.360000e-03 2.949520e-01
284 7.023120e-01 2.312000e-03 2.953760e-01
285 7.019680e-01 2.240000e-03 2.957920e-01
286 7.015800e-01 2.260000e-03 2.961600e-01
287 7.012640e-01 2.160000e-03 2.965760e-01
288 7.010320e-01 1.976000e-03 2.969920e-01
289 7.007640e-01 1.892000e-03 2.973440e-01
290 7.004560e-01 1.868000e-03 2.976760e-01
291 7.002080e-01 1.772000e-03 2.980200e-01
292 6.999360e-01 1.740000e-03 2.983240e-01
293 6.995840e-01 1.760000e-03 2.986560e-01
294 6.992880e-01 1.760000e-03 2.989520e-01
295 6.990000e-01 1.744000e-03 2.992560e-01
296 6.986960e-01 1.724000e-03 2.995800e-01
297 6.983680e-01 1.712000e-03 2.999200e-01
298 6.981480e-01 1.612000e-03 3.002400e-01
299 6.978840e-01 1.608000e-03 3.005080e-01
300 6.976920e-01 1.512000e-03 3.007960e-01
301 6.974600e-01 1.460000e-03 3.010800e-01
302 6.972040e-01 1.440000e-03 3.013560e-01
303 6.970000e-01 1.428000e-03 3.015720e-01
304 6.967640e-01 1.416000e-03 3.018200e-01
305 6.965120e-01 1.392000e-03 3.020960e-01
306 6.962640e-01 1.408000e-03 3.023280e-01
307 6.960000e-01 1.408000e-03 3.025920e-01
308 6.956880e-01 1.524000e-03 3.027880e-01
309 6.953640e-01 1.544000e-03 3.030920e-01
310 6.951280e-01 1.488000e-03 3.033840e-01
311 6.948960e-01 1.444000e-03 3.036600e-01
312 6.945920e-01 1.480000e-03 3.039280e-01
313 6.943200e-01 1.508000e-03 3.041720e-01
314 6.940880e-01 1.464000e-03 3.044480e-01
315 6.937840e-01 1.516000e-03 3.047000e-01
316 6.934880e-01 1.588000e-03 3.049240e-01
317 6.932520e-01 1.596000e-03 3.051520e-01
318 6.929920e-01 1.588000e-03 3.054200e-01
319 6.927440e-01 1.556000e-03 3.057000e-01
320 6.924960e-01 1.544000e-03 3.059600e-01
321 6.922840e-01 1.432000e-03 3.062840e-01
322 6.921280e-01 1.284000e-03 3.065880e-01
323 6.919160e-01 1.276000e-03 3.068080e-01
324 6.917120e-01 1.276000e-03 3.070120e-01
325 6.915520e-01 1.200000e-03 3.072480e-01
326 6.914080e-01 1.112000e-03 3.074800e-01
327 6.912360e-01 1.108000e-03 3.076560e-01
328 6.910160e-01 1.092000e-03 3.078920e-01
329 6.908800e-01 1.080000e-03 3.080400e-01
330 6.907320e-01 1.044000e-03 3.082240e-01
331 6.905440e-01 1.044000e-03 3.084120e-01
332 6.904040e-01 9.920000e-04 3.086040e-01
333 6.902160e-01 9.960000e-04 3.087880e-01
334 6.899960e-01 9.880000e-04 3.090160e-01
335 6.898080e-01 1.024000e-03 3.091680e-01
336 6.896360e-01 9.480000e-04 3.094160e-01
337 6.894840e-01 9.640000e-04 3.095520e-01
338 6.893000e-01 9.520000e-04 3.097480e-01
339 6.891280e-01 9.160000e-04 3.099560e-01
340 6.889880e-01 9.240000e-04 3.100880e-01
341 6.888160e-01 9.040000e-04 3.102800e-01
342 6.886760e-01 8.520000e-04 3.104720e-01
343 6.885320e-01 8.440000e-04 3.106240e-01
344 6.884080e-01 8.360000e-04 3.107560e-01
345 6.882200e-01 8.440000e-04 3.109360e-01
346 6.880840e-01 8.240000e-04 3.110920e-01
347 6.878880e-01 8.400000e-04 3.112720e-01
348 6.876960e-01 9.080000e-04 3.113960e-01
349 6.874920e-01 9.520000e-04 3.115560e-01
350 6.872720e-01 9.720000e-04 3.117560e-01
351 6.870480e-01 1.072000e-03 3.118800e-01
352 6.868440e-01 1.108000e-03 3.120480e-01
353 6.866560e-01 1.104000e-03 3.122400e-01
354 6.863960e-01 1.212000e-03 3.123920e-01
355 6.861800e-01 1.208000e-03 3.126120e-01
356 6.859320e-01 1.204000e-03 3.128640e-01
357 6.857640e-01 1.180000e-03 3.130560e-01
358 6.855800e-01 1.196000e-03 3.132240e-01
359 6.853200e-01 1.224000e-03 3.134560e-01
360 6.851080e-01 1.236000e-03 3.136560e-01
361 6.848800e-01 1.248000e-03 3.138720e-01
362 6.846760e-01 1.212000e-03 3.141120e-01
363 6.844800e-01 1.164000e-03 3.143560e-01
364 6.843240e-01 1.116000e-03 3.145600e-01
365 6.841200e-01 1.112000e-03 3.147680e-01
366 6.839600e-01 1.052000e-03 3.149880e-01
367 6.837960e-01 1.016000e-03 3.151880e-01
368 6.836080e-01 1.028000e-03 3.153640e-01
369 6.833920e-01 1.072000e-03 3.155360e-01
370 6.832400e-01 1.068000e-03 3.156920e-01
371 6.830520e-01 1.052000e-03 3.158960e-01
372 6.828440e-01 1.044000e-03 3.161120e-01
373 6.827040e-01 9.600000e-04 3.163360e-01
374 6.825080e-01 9.840000e-04 3.165080e-01
375 6.823440e-01 9.400000e-04 3.167160e-01
376 6.821320e-01 9.880000e-04 3.168800e-01
377 6.819560e-01 9.920000e-04 3.170520e-01
378 6.817840e-01 9.840000e-04 3.172320e-01
379 6.815920e-01 9.720000e-04 3.174360e-01
380 6.814760e-01 9.040000e-04 3.176200e-01
381 6.812920e-01 9.360000e-04 3.177720e-01
382 6.811160e-01 9.600000e-04 3.179240e-01
383 6.810000e-01 8.920000e-04 3.181080e-01
384 6.808520e-01 9.040000e-04 3.182440e-01
385 6.806720e-01 9.440000e-04 3.183840e-01
386 6.805320e-01 8.800000e-04 3.185880e-01
387 6.803920e-01 8.880000e-04 3.187200e-01
388 6.801880e-01 9.720000e-04 3.188400e-01
389 6.799920e-01 1.000000e-03 3.190080e-01
390 6.797960e-01 1.020000e-03 3.191840e-01
391 6.796120e-01 1.048000e-03 3.193400e-01
392 6.794360e-01 1.040000e-03 3.195240e-01
393 6.792560e-01 1.036000e-03 3.197080e-01
394 6.790880e-01 1.024000e-03 3.198880e-01
395 6.788720e-01 1.068000e-03 3.200600e-01
396 6.787280e-01 9.640000e-04 3.203080e-01
397 6.785920e-01 9.280000e-04 3.204800e-01
398 6.784080e-01 9.600000e-04 3.206320e-01
399 6.782320e-01 9.720000e-04 3.207960e-01
400 6.780640e-01 9.560000e-04 3.209800e-01
401 6.779000e-01 9.480000e-04 3.211520e-01
402 6.777400e-01 9.640000e-04 3.212960e-01
403 6.776160e-01 9.040000e-04 3.214800e-01
404 6.774760e-01 8.960000e-04 3.216280e-01
405 6.773480e-01 8.560000e-04 3.217960e-01
406 6.772200e-01 8.440000e-04 3.219360e-01
407 6.771400e-01 7.960000e-04 3.220640e-01
408 6.770400e-01 7.720000e-04 3.221880e-01
409 6.769320e-01 7.320000e-04 3.223360e-01
410 6.768640e-01 6.520000e-04 3.224840e-01
411 6.767880e-01 6.200000e-04 3.225920e-01
412 6.767000e-01 5.840000e-04 3.227160e-01
413 6.765920e-01 5.920000e-04 3.228160e-01
414 6.765560e-01 5.240000e-04 3.229200e-01
415 6.764640e-01 5.280000e-04 3.230080e-01
416 6.763880e-01 5.080000e-04 3.231040e-01
417 6.762800e-01 5.440000e-04 3.231760e-01
418 6.761920e-01 5.400000e-04 3.232680e-01
419 6.760800e-01 5.600000e-04 3.233600e-01
420 6.759920e-01 5.600000e-04 3.234480e-01
421 6.759280e-01 5.080000e-04 3.235640e-01
422 6.758640e-01 4.880000e-04 3.236480e-01
423 6.758080e-01 4.480000e-04 3.237440e-01
424 6.757480e-01 4.240000e-04 3.238280e-01
425 6.757040e-01 4.000000e-04 3.238960e-01
426 6.756440e-01 3.680000e-04 3.239880e-01
427 6.755760e-01 4.040000e-04 3.240200e-01
428 6.755400e-01 3.440000e-04 3.241160e-01
429 6.755200e-01 3.040000e-04 3.241760e-01
430 6.755040e-01 2.680000e-04 3.242280e-01
431 6.754880e-01 2.320000e-04 3.242800e-01
432 6.754640e-01 2.200000e-04 3.243160e-01
433 6.754440e-01 1.960000e-04 3.243600e-01
434 6.754360e-01 1.760000e-04 3.243880e-01
435 6.754200e-01 1.640000e-04 3.244160e-01
436 6.754000e-01 1.520000e-04 3.244480e-01
437 6.753920e-01 1.440000e-04 3.244640e-01
438 6.753760e-01 1.360000e-04 3.244880e-01
439 6.753480e-01 1.480000e-04 3.245040e-01
440 6.753200e-01 1.600000e-04 3.245200e-01
441 6.752960e-01 1.520000e-04 3.245520e-01
442 6.752640e-01 1.560000e-04 3.245800e-01
443 6.752280e-01 1.640000e-04 3.246080e-01
444 6.752040e-01 1.600000e-04 3.246360e-01
445 6.751840e-01 1.480000e-04 3.246680e-01
446 6.751560e-01 1.640000e-04 3.246800e-01
447 6.751360e-01 1.560000e-04 3.247080e-01
448 6.751120e-01 1.600000e-04 3.247280e-01
449 6.750800e-01 1.560000e-04 3.247640e-01
450 6.750560e-01 1.560000e-04 3.247880e-01
451 6.750280e-01 1.600000e-04 3.248120e-01
452 6.749880e-01 1.800000e-04 3.248320e-01
453 6.749440e-01 2.080000e-04 3.248480e-01
454 6.748200e-01 3.000000e-04 3.248800e-01
455 6.746920e-01 3.920000e-04 3.249160e-01
456 6.746360e-01 3.680000e-04 3.249960e-01
457 6.745640e-01 3.760000e-04 3.250600e-01
458 6.744560e-01 4.240000e-04 3.251200e-01
459 6.743920e-01 4.400000e-04 3.251680e-01
460 6.742920e-01 4.240000e-04 3.252840e-01
461 6.742040e-01 4.240000e-04 3.253720e-01
462 6.741240e-01 4.280000e-04 3.254480e-01
463 6.740400e-01 4.160000e-04 3.255440e-01
464 6.739800e-01 4.080000e-04 3.256120e-01
465 6.739280e-01 3.880000e-04 3.256840e-01
466 6.738920e-01 3.400000e-04 3.257680e-01
467 6.738320e-01 3.800000e-04 3.257880e-01
468 6.738000e-01 3.560000e-04 3.258440e-01
469 6.737560e-01 3.560000e-04 3.258880e-01
470 6.737040e-01 3.200000e-04 3.259760e-01
471 6.736480e-01 3.280000e-04 3.260240e-01
472 6.735960e-01 3.280000e-04 3.260760e-01
473 6.735640e-01 2.960000e-04 3.261400e-01
474 6.735160e-01 3.040000e-04 3.261800e-01
475 6.734760e-01 3.080000e-04 3.262160e-01
476 6.734400e-01 3.040000e-04 3.262560e-01
477 6.734280e-01 2.720000e-04 3.263000e-01
478 6.733920e-01 2.680000e-04 3.263400e-01
479 6.733320e-01 3.040000e-04 3.263640e-01
480 6.732920e-01 2.760000e-04 3.264320e-01
481 6.732520e-01 2.760000e-04 3.264720e-01
482 6.731560e-01 3.000000e-04 3.265440e-01
483 6.731000e-01 3.120000e-04 3.265880e-01
484 6.730440e-01 3.000000e-04 3.266560e-01
485 6.729680e-01 3.240000e-04 3.267080e-01
486 6.728840e-01 3.640000e-04 3.267520e-01
487 6.728320e-01 3.360000e-04 3.268320e-01
488 6.727400e-01 3.800000e-04 3.268800e-01
489 6.726800e-01 3.640000e-04 3.269560e-01
490 6.726160e-01 3.680000e-04 3.270160e-01
491 6.725640e-01 3.560000e-04 3.270800e-01
492 6.724920e-01 3.560000e-04 3.271520e-01
493 6.724200e-01 3.640000e-04 3.272160e-01
494 6.723520e-01 3.440000e-04 3.273040e-01
495 6.723240e-01 3.200000e-04 3.273560e-01
496 6.723000e-01 2.880000e-04 3.274120e-01
497 6.722400e-01 2.920000e-04 3.274680e-01
498 6.722120e-01 2.560000e-04 3.275320e-01
499 6.721920e-01 2.240000e-04 3.275840e-01
500 6.721680e-01 1.880000e-04 3.276440e-01
