1 9.992360e-01 6.520000e-04 1.120000e-04
2 9.987440e-01 9.840000e-04 2.720000e-04
3 9.981840e-01 1.316000e-03 5.000000e-04
4 9.975840e-01 1.648000e-03 7.680000e-04
5 9.968840e-01 2.020000e-03 1.096000e-03
6 9.960080e-01 2.484000e-03 1.508000e-03
7 9.952360e-01 2.748000e-03 2.016000e-03
8 9.944160e-01 2.940000e-03 2.644000e-03
9 9.936160e-01 3.224000e-03 3.160000e-03
10 9.925240e-01 3.772000e-03 3.704000e-03
11 9.915560e-01 4.024000e-03 4.420000e-03
12 9.906480e-01 4.176000e-03 5.176000e-03
13 9.896880e-01 4.372000e-03 5.940000e-03
14 9.885920e-01 4.712000e-03 6.696000e-03
15 9.874320e-01 5.020000e-03 7.548000e-03
16 9.862080e-01 5.308000e-03 8.484000e-03
17 9.849440e-01 5.500000e-03 9.556000e-03
18 9.836720e-01 5.844000e-03 1.048400e-02
19 9.824800e-01 6.032000e-03 1.148800e-02
20 9.812400e-01 6.184000e-03 1.257600e-02
21 9.800880e-01 6.412000e-03 1.350000e-02
22 9.788800e-01 6.476000e-03 1.464400e-02
23 9.775880e-01 6.556000e-03 1.585600e-02
24 9.763400e-01 6.528000e-03 1.713200e-02
25 9.751400e-01 6.628000e-03 1.823200e-02
26 9.739160e-01 6.696000e-03 1.938800e-02
27 9.725880e-01 6.800000e-03 2.061200e-02
28 9.712400e-01 6.968000e-03 2.179200e-02
29 9.699120e-01 7.040000e-03 2.304800e-02
30 9.685240e-01 7.224000e-03 2.425200e-02
31 9.672200e-01 7.152000e-03 2.562800e-02
32 9.659280e-01 7.092000e-03 2.698000e-02
33 9.646360e-01 7.112000e-03 2.825200e-02
34 9.633440e-01 7.252000e-03 2.940400e-02
35 9.619120e-01 7.448000e-03 3.064000e-02
36 9.604360e-01 7.632000e-03 3.193200e-02
37 9.590920e-01 7.552000e-03 3.335600e-02
38 9.578240e-01 7.660000e-03 3.451600e-02
39 9.563360e-01 7.748000e-03 3.591600e-02
40 9.547960e-01 7.880000e-03 3.732400e-02
41 9.534880e-01 7.908000e-03 3.860400e-02
42 9.521280e-01 7.976000e-03 3.989600e-02
43 9.507080e-01 8.016000e-03 4.127600e-02
44 9.492160e-01 8.128000e-03 4.265600e-02
45 9.478720e-01 8.024000e-03 4.410400e-02
46 9.465360e-01 7.960000e-03 4.550400e-02
47 9.449640e-01 8.088000e-03 4.694800e-02
48 9.435560e-01 7.960000e-03 4.848400e-02
49 9.422840e-01 7.976000e-03 4.974000e-02
50 9.407080e-01 8.200000e-03 5.109200e-02
51 9.391640e-01 8.380000e-03 5.245600e-02
52 9.376120e-01 8.412000e-03 5.397600e-02
53 9.361040e-01 8.516000e-03 5.538000e-02
54 9.345400e-01 8.516000e-03 5.694400e-02
55 9.330280e-01 8.476000e-03 5.849600e-02
56 9.315640e-01 8.420000e-03 6.001600e-02
57 9.300840e-01 8.404000e-03 6.151200e-02
58 9.285360e-01 8.448000e-03 6.301600e-02
59 9.270080e-01 8.444000e-03 6.454800e-02
60 9.254520e-01 8.564000e-03 6.598400e-02
61 9.238920e-01 8.664000e-03 6.744400e-02
62 9.222480e-01 8.752000e-03 6.900000e-02
63 9.207160e-01 8.860000e-03 7.042400e-02
64 9.191280e-01 8.824000e-03 7.204800e-02
65 9.175120e-01 8.852000e-03 7.363600e-02
66 9.159600e-01 8.840000e-03 7.520000e-02
67 9.144680e-01 8.824000e-03 7.670800e-02
68 9.129400e-01 8.592000e-03 7.846800e-02
69 9.115160e-01 8.524000e-03 7.996000e-02
70 9.099920e-01 8.644000e-03 8.136400e-02
71 9.085680e-01 8.520000e-03 8.291200e-02
72 9.071440e-01 8.448000e-03 8.440800e-02
73 9.057400e-01 8.328000e-03 8.593200e-02
74 9.042600e-01 8.364000e-03 8.737600e-02
75 9.029880e-01 8.140000e-03 8.887200e-02
76 9.015920e-01 8.088000e-03 9.032000e-02
77 9.002880e-01 8.068000e-03 9.164400e-02
78 8.990440e-01 8.124000e-03 9.283200e-02
79 8.978080e-01 8.088000e-03 9.410400e-02
80 8.965960e-01 7.848000e-03 9.555600e-02
81 8.953880e-01 7.652000e-03 9.696000e-02
82 8.941080e-01 7.648000e-03 9.824400e-02
83 8.928480e-01 7.636000e-03 9.951600e-02
84 8.916360e-01 7.408000e-03 1.009560e-01
85 8.905400e-01 7.280000e-03 1.021800e-01
86 8.892720e-01 7.264000e-03 1.034640e-01
87 8.880600e-01 7.216000e-03 1.047240e-01
88 8.869040e-01 7.036000e-03 1.060600e-01
89 8.858600e-01 6.856000e-03 1.072840e-01
90 8.847840e-01 6.704000e-03 1.085120e-01
91 8.836200e-01 6.812000e-03 1.095680e-01
92 8.824440e-01 6.768000e-03 1.107880e-01
93 8.812920e-01 6.744000e-03 1.119640e-01
94 8.802920e-01 6.632000e-03 1.130760e-01
95 8.791040e-01 6.648000e-03 1.142480e-01
96 8.780120e-01 6.532000e-03 1.154560e-01
97 8.768520e-01 6.548000e-03 1.166000e-01
98 8.757880e-01 6.376000e-03 1.178360e-01
99 8.746920e-01 6.284000e-03 1.190240e-01
100 8.736480e-01 6.152000e-03 1.202000e-01
101 8.726320e-01 6.104000e-03 1.212640e-01
102 8.714640e-01 6.164000e-03 1.223720e-01
103 8.703160e-01 6.268000e-03 1.234160e-01
104 8.691040e-01 6.308000e-03 1.245880e-01
105 8.678360e-01 6.460000e-03 1.257040e-01
106 8.667720e-01 6.308000e-03 1.269200e-01
107 8.657880e-01 6.304000e-03 1.279080e-01
108 8.646160e-01 6.420000e-03 1.289640e-01
109 8.633640e-01 6.536000e-03 1.301000e-01
110 8.623480e-01 6.464000e-03 1.311880e-01
111 8.612360e-01 6.448000e-03 1.323160e-01
112 8.600560e-01 6.436000e-03 1.335080e-01
113 8.587720e-01 6.504000e-03 1.347240e-01
114 8.574840e-01 6.640000e-03 1.358760e-01
115 8.563320e-01 6.628000e-03 1.370400e-01
116 8.551360e-01 6.680000e-03 1.381840e-01
117 8.540400e-01 6.684000e-03 1.392760e-01
118 8.529840e-01 6.628000e-03 1.403880e-01
119 8.518320e-01 6.680000e-03 1.414880e-01
120 8.507520e-01 6.648000e-03 1.426000e-01
121 8.496840e-01 6.556000e-03 1.437600e-01
122 8.485600e-01 6.484000e-03 1.449560e-01
123 8.474120e-01 6.512000e-03 1.460760e-01
124 8.461960e-01 6.516000e-03 1.472880e-01
125 8.451040e-01 6.456000e-03 1.484400e-01
126 8.439080e-01 6.608000e-03 1.494840e-01
127 8.427200e-01 6.524000e-03 1.507560e-01
128 8.416200e-01 6.440000e-03 1.519400e-01
129 8.404280e-01 6.544000e-03 1.530280e-01
130 8.393440e-01 6.480000e-03 1.541760e-01
131 8.381080e-01 6.692000e-03 1.552000e-01
132 8.369520e-01 6.736000e-03 1.563120e-01
133 8.357840e-01 6.804000e-03 1.574120e-01
134 8.347200e-01 6.604000e-03 1.586760e-01
135 8.335800e-01 6.608000e-03 1.598120e-01
136 8.324640e-01 6.448000e-03 1.610880e-01
137 8.314160e-01 6.488000e-03 1.620960e-01
138 8.301360e-01 6.700000e-03 1.631640e-01
139 8.290920e-01 6.572000e-03 1.643360e-01
140 8.279960e-01 6.388000e-03 1.656160e-01
141 8.267880e-01 6.444000e-03 1.667680e-01
142 8.256440e-01 6.364000e-03 1.679920e-01
143 8.244480e-01 6.336000e-03 1.692160e-01
144 8.232760e-01 6.404000e-03 1.703200e-01
145 8.221600e-01 6.440000e-03 1.714000e-01
146 8.209720e-01 6.504000e-03 1.725240e-01
147 8.198720e-01 6.448000e-03 1.736800e-01
148 8.188160e-01 6.396000e-03 1.747880e-01
149 8.175840e-01 6.596000e-03 1.758200e-01
150 8.164280e-01 6.676000e-03 1.768960e-01
151 8.152640e-01 6.796000e-03 1.779400e-01
152 8.140480e-01 6.952000e-03 1.790000e-01
153 8.128160e-01 6.952000e-03 1.802320e-01
154 8.117320e-01 6.892000e-03 1.813760e-01
155 8.105880e-01 6.784000e-03 1.826280e-01
156 8.095520e-01 6.500000e-03 1.839480e-01
157 8.085560e-01 6.352000e-03 1.850920e-01
158 8.074480e-01 6.328000e-03 1.862240e-01
159 8.064160e-01 6.184000e-03 1.874000e-01
160 8.052440e-01 6.248000e-03 1.885080e-01
161 8.042240e-01 6.160000e-03 1.896160e-01
162 8.032120e-01 6.084000e-03 1.907040e-01
163 8.020680e-01 6.168000e-03 1.917640e-01
164 8.008960e-01 6.180000e-03 1.929240e-01
165 7.998160e-01 6.148000e-03 1.940360e-01
166 7.986360e-01 6.240000e-03 1.951240e-01
167 7.974320e-01 6.364000e-03 1.962040e-01
168 7.963400e-01 6.456000e-03 1.972040e-01
169 7.951720e-01 6.408000e-03 1.984200e-01
170 7.940520e-01 6.400000e-03 1.995480e-01
171 7.929480e-01 6.296000e-03 2.007560e-01
172 7.919360e-01 6.252000e-03 2.018120e-01
173 7.909120e-01 6.172000e-03 2.029160e-01
174 7.897280e-01 6.172000e-03 2.041000e-01
175 7.885960e-01 6.240000e-03 2.051640e-01
176 7.874960e-01 6.236000e-03 2.062680e-01
177 7.864120e-01 6.176000e-03 2.074120e-01
178 7.853560e-01 6.180000e-03 2.084640e-01
179 7.842000e-01 6.360000e-03 2.094400e-01
180 7.830640e-01 6.388000e-03 2.105480e-01
181 7.818840e-01 6.352000e-03 2.117640e-01
182 7.806600e-01 6.436000e-03 2.129040e-01
183 7.795240e-01 6.400000e-03 2.140760e-01
184 7.783360e-01 6.424000e-03 2.152400e-01
185 7.772480e-01 6.396000e-03 2.163560e-01
186 7.762680e-01 6.260000e-03 2.174720e-01
187 7.749720e-01 6.324000e-03 2.187040e-01
188 7.737760e-01 6.300000e-03 2.199240e-01
189 7.726360e-01 6.360000e-03 2.210040e-01
190 7.712800e-01 6.576000e-03 2.221440e-01
191 7.700480e-01 6.740000e-03 2.232120e-01
192 7.689120e-01 6.660000e-03 2.244280e-01
193 7.677840e-01 6.596000e-03 2.256200e-01
194 7.667280e-01 6.372000e-03 2.269000e-01
195 7.656000e-01 6.320000e-03 2.280800e-01
196 7.644480e-01 6.248000e-03 2.293040e-01
197 7.633960e-01 6.284000e-03 2.303200e-01
198 7.623120e-01 6.196000e-03 2.314920e-01
199 7.613680e-01 6.096000e-03 2.325360e-01
200 7.603200e-01 6.004000e-03 2.336760e-01
201 7.593640e-01 6.012000e-03 2.346240e-01
202 7.584440e-01 5.884000e-03 2.356720e-01
203 7.575720e-01 5.652000e-03 2.367760e-01
204 7.567680e-01 5.484000e-03 2.377480e-01
205 7.558360e-01 5.456000e-03 2.387080e-01
206 7.548920e-01 5.388000e-03 2.397200e-01
207 7.539040e-01 5.516000e-03 2.405800e-01
208 7.529000e-01 5.604000e-03 2.414960e-01
209 7.519920e-01 5.452000e-03 2.425560e-01
210 7.511240e-01 5.344000e-03 2.435320e-01
211 7.502760e-01 5.232000e-03 2.444920e-01
212 7.493640e-01 5.196000e-03 2.454400e-01
213 7.484560e-01 5.124000e-03 2.464200e-01
214 7.476240e-01 5.088000e-03 2.472880e-01
215 7.466280e-01 5.152000e-03 2.482200e-01
216 7.457440e-01 5.176000e-03 2.490800e-01
217 7.448560e-01 5.232000e-03 2.499120e-01
218 7.440040e-01 5.140000e-03 2.508560e-01
219 7.432280e-01 5.040000e-03 2.517320e-01
220 7.423040e-01 4.976000e-03 2.527200e-01
221 7.413240e-01 5.116000e-03 2.535600e-01
222 7.404960e-01 5.120000e-03 2.543840e-01
223 7.396600e-01 5.048000e-03 2.552920e-01
224 7.387600e-01 5.000000e-03 2.562400e-01
225 7.378000e-01 5.144000e-03 2.570560e-01
226 7.369880e-01 5.140000e-03 2.578720e-01
227 7.362200e-01 4.996000e-03 2.587840e-01
228 7.354360e-01 4.920000e-03 2.596440e-01
229 7.348440e-01 4.704000e-03 2.604520e-01
230 7.340760e-01 4.608000e-03 2.613160e-01
231 7.333320e-01 4.588000e-03 2.620800e-01
232 7.325920e-01 4.568000e-03 2.628400e-01
233 7.318200e-01 4.544000e-03 2.636360e-01
234 7.310720e-01 4.480000e-03 2.644480e-01
235 7.303440e-01 4.376000e-03 2.652800e-01
236 7.296280e-01 4.320000e-03 2.660520e-01
237 7.289000e-01 4.284000e-03 2.668160e-01
238 7.282440e-01 4.308000e-03 2.674480e-01
239 7.275360e-01 4.276000e-03 2.681880e-01
240 7.267920e-01 4.292000e-03 2.689160e-01
241 7.261240e-01 4.308000e-03 2.695680e-01
242 7.254080e-01 4.344000e-03 2.702480e-01
243 7.246360e-01 4.296000e-03 2.710680e-01
244 7.239480e-01 4.200000e-03 2.718520e-01
245 7.233400e-01 4.012000e-03 2.726480e-01
246 7.226120e-01 4.000000e-03 2.733880e-01
247 7.218680e-01 4.124000e-03 2.740080e-01
248 7.211600e-01 4.040000e-03 2.748000e-01
249 7.204840e-01 3.992000e-03 2.755240e-01
250 7.197720e-01 4.068000e-03 2.761600e-01
251 7.190720e-01 4.048000e-03 2.768800e-01
252 7.184280e-01 3.988000e-03 2.775840e-01
253 7.178000e-01 3.948000e-03 2.782520e-01
254 7.171600e-01 3.860000e-03 2.789800e-01
255 7.164360e-01 3.812000e-03 2.797520e-01
256 7.158160e-01 3.824000e-03 2.803600e-01
257 7.152600e-01 3.700000e-03 2.810400e-01
258 7.147200e-01 3.544000e-03 2.817360e-01
259 7.142480e-01 3.428000e-03 2.823240e-01
260 7.137560e-01 3.308000e-03 2.829360e-01
261 7.131960e-01 3.332000e-03 2.834720e-01
262 7.126520e-01 3.216000e-03 2.841320e-01
263 7.120920e-01 3.228000e-03 2.846800e-01
264 7.116040e-01 3.168000e-03 2.852280e-01
265 7.110920e-01 3.068000e-03 2.858400e-01
266 7.105800e-01 3.120000e-03 2.863000e-01
267 7.100720e-01 3.060000e-03 2.868680e-01
268 7.095400e-01 3.048000e-03 2.874120e-01
269 7.090920e-01 2.952000e-03 2.879560e-01
270 7.085480e-01 2.980000e-03 2.884720e-01
271 7.080280e-01 2.972000e-03 2.890000e-01
272 7.074000e-01 3.120000e-03 2.894800e-01
273 7.068000e-01 3.116000e-03 2.900840e-01
274 7.062960e-01 3.128000e-03 2.905760e-01
275 7.057880e-01 3.140000e-03 2.910720e-01
276 7.053320e-01 2.988000e-03 2.916800e-01
277 7.049240e-01 2.900000e-03 2.921760e-01
278 7.043560e-01 3.048000e-03 2.925960e-01
279 7.037880e-01 3.048000e-03 2.931640e-01
280 7.033160e-01 2.992000e-03 2.936920e-01
281 7.027480e-01 3.000000e-03 2.942520e-01
282 7.022160e-01 3.080000e-03 2.947040e-01
283 7.017000e-01 3.088000e-03 2.952120e-01
284 7.011760e-01 3.120000e-03 2.957040e-01
285 7.006920e-01 3.016000e-03 2.962920e-01
286 7.001480e-01 3.000000e-03 2.968520e-01
287 6.996640e-01 2.964000e-03 2.973720e-01
288 6.992320e-01 2.908000e-03 2.978600e-01
289 6.987520e-01 2.896000e-03 2.983520e-01
290 6.983200e-01 2.884000e-03 2.987960e-01
291 6.978720e-01 2.824000e-03 2.993040e-01
292 6.974080e-01 2.792000e-03 2.998000e-01
293 6.969440e-01 2.828000e-03 3.002280e-01
294 6.965200e-01 2.780000e-03 3.007000e-01
295 6.960520e-01 2.732000e-03 3.012160e-01
296 6.956240e-01 2.620000e-03 3.017560e-01
297 6.952240e-01 2.600000e-03 3.021760e-01
298 6.948480e-01 2.480000e-03 3.026720e-01
299 6.944360e-01 2.492000e-03 3.030720e-01
300 6.940280e-01 2.496000e-03 3.034760e-01
301 6.936800e-01 2.436000e-03 3.038840e-01
302 6.933880e-01 2.244000e-03 3.043680e-01
303 6.930280e-01 2.240000e-03 3.047320e-01
304 6.926840e-01 2.192000e-03 3.051240e-01
305 6.923280e-01 2.208000e-03 3.054640e-01
306 6.919600e-01 2.204000e-03 3.058360e-01
307 6.916440e-01 2.152000e-03 3.062040e-01
308 6.913240e-01 2.068000e-03 3.066080e-01
309 6.909320e-01 2.096000e-03 3.069720e-01
310 6.905280e-01 2.072000e-03 3.074000e-01
311 6.902520e-01 2.044000e-03 3.077040e-01
312 6.899320e-01 2.028000e-03 3.080400e-01
313 6.896080e-01 1.996000e-03 3.083960e-01
314 6.892200e-01 2.032000e-03 3.087480e-01
315 6.888120e-01 2.032000e-03 3.091560e-01
316 6.884840e-01 2.000000e-03 3.095160e-01
317 6.881040e-01 2.008000e-03 3.098880e-01
318 6.877520e-01 1.920000e-03 3.103280e-01
319 6.873480e-01 1.964000e-03 3.106880e-01
320 6.870000e-01 1.988000e-03 3.110120e-01
321 6.866840e-01 1.972000e-03 3.113440e-01
322 6.862960e-01 2.028000e-03 3.116760e-01
323 6.859520e-01 1.992000e-03 3.120560e-01
324 6.856520e-01 2.032000e-03 3.123160e-01
325 6.852760e-01 2.032000e-03 3.126920e-01
326 6.849000e-01 2.064000e-03 3.130360e-01
327 6.845480e-01 2.040000e-03 3.134120e-01
328 6.842000e-01 1.984000e-03 3.138160e-01
329 6.838600e-01 2.004000e-03 3.141360e-01
330 6.835000e-01 2.008000e-03 3.144920e-01
331 6.831440e-01 2.020000e-03 3.148360e-01
332 6.827280e-01 2.104000e-03 3.151680e-01
333 6.823520e-01 2.112000e-03 3.155360e-01
334 6.820120e-01 2.116000e-03 3.158720e-01
335 6.816240e-01 2.144000e-03 3.162320e-01
336 6.813240e-01 2.116000e-03 3.165600e-01
337 6.810400e-01 2.108000e-03 3.168520e-01
338 6.806920e-01 2.072000e-03 3.172360e-01
339 6.803720e-01 2.012000e-03 3.176160e-01
340 6.800560e-01 1.944000e-03 3.180000e-01
341 6.798000e-01 1.884000e-03 3.183160e-01
342 6.794120e-01 1.940000e-03 3.186480e-01
343 6.790720e-01 1.888000e-03 3.190400e-01
344 6.787680e-01 1.884000e-03 3.193480e-01
345 6.784960e-01 1.844000e-03 3.196600e-01
346 6.781560e-01 1.876000e-03 3.199680e-01
347 6.778720e-01 1.856000e-03 3.202720e-01
348 6.775520e-01 1.892000e-03 3.205560e-01
349 6.772560e-01 1.868000e-03 3.208760e-01
350 6.768760e-01 1.924000e-03 3.212000e-01
351 6.765680e-01 1.908000e-03 3.215240e-01
352 6.762360e-01 1.924000e-03 3.218400e-01
353 6.759920e-01 1.880000e-03 3.221280e-01
354 6.756200e-01 1.972000e-03 3.224080e-01
355 6.752560e-01 2.004000e-03 3.227400e-01
356 6.748640e-01 1.992000e-03 3.231440e-01
357 6.744600e-01 2.044000e-03 3.234960e-01
358 6.741560e-01 2.028000e-03 3.238160e-01
359 6.737600e-01 2.072000e-03 3.241680e-01
360 6.734200e-01 2.080000e-03 3.245000e-01
361 6.730840e-01 2.060000e-03 3.248560e-01
362 6.727440e-01 1.988000e-03 3.252680e-01
363 6.724080e-01 2.032000e-03 3.255600e-01
364 6.720440e-01 2.044000e-03 3.259120e-01
365 6.717400e-01 1.988000e-03 3.262720e-01
366 6.714640e-01 1.956000e-03 3.265800e-01
367 6.711320e-01 1.912000e-03 3.269560e-01
368 6.708360e-01 1.884000e-03 3.272800e-01
369 6.705120e-01 1.912000e-03 3.275760e-01
370 6.703240e-01 1.796000e-03 3.278800e-01
371 6.700920e-01 1.704000e-03 3.282040e-01
372 6.698560e-01 1.644000e-03 3.285000e-01
373 6.696480e-01 1.488000e-03 3.288640e-01
374 6.694080e-01 1.456000e-03 3.291360e-01
375 6.692000e-01 1.460000e-03 3.293400e-01
376 6.689280e-01 1.488000e-03 3.295840e-01
377 6.686480e-01 1.584000e-03 3.297680e-01
378 6.683440e-01 1.572000e-03 3.300840e-01
379 6.680880e-01 1.600000e-03 3.303120e-01
380 6.678760e-01 1.532000e-03 3.305920e-01
381 6.676360e-01 1.500000e-03 3.308640e-01
382 6.674160e-01 1.456000e-03 3.311280e-01
383 6.672000e-01 1.448000e-03 3.313520e-01
384 6.670560e-01 1.380000e-03 3.315640e-01
385 6.668560e-01 1.376000e-03 3.317680e-01
386 6.666280e-01 1.332000e-03 3.320400e-01
387 6.664480e-01 1.264000e-03 3.322880e-01
388 6.662680e-01 1.220000e-03 3.325120e-01
389 6.660560e-01 1.216000e-03 3.327280e-01
390 6.658280e-01 1.244000e-03 3.329280e-01
391 6.656160e-01 1.260000e-03 3.331240e-01
392 6.653800e-01 1.252000e-03 3.333680e-01
393 6.651640e-01 1.224000e-03 3.336120e-01
394 6.649520e-01 1.244000e-03 3.338040e-01
395 6.647320e-01 1.288000e-03 3.339800e-01
396 6.644720e-01 1.336000e-03 3.341920e-01
397 6.642720e-01 1.316000e-03 3.344120e-01
398 6.640560e-01 1.268000e-03 3.346760e-01
399 6.638760e-01 1.172000e-03 3.349520e-01
400 6.636520e-01 1.208000e-03 3.351400e-01
401 6.634320e-01 1.196000e-03 3.353720e-01
402 6.632400e-01 1.156000e-03 3.356040e-01
403 6.630800e-01 1.104000e-03 3.358160e-01
404 6.628640e-01 1.136000e-03 3.360000e-01
405 6.626800e-01 1.076000e-03 3.362440e-01
406 6.624880e-01 1.080000e-03 3.364320e-01
407 6.622680e-01 1.148000e-03 3.365840e-01
408 6.620520e-01 1.172000e-03 3.367760e-01
409 6.617960e-01 1.248000e-03 3.369560e-01
410 6.616080e-01 1.284000e-03 3.371080e-01
411 6.614200e-01 1.308000e-03 3.372720e-01
412 6.612200e-01 1.256000e-03 3.375240e-01
413 6.610080e-01 1.260000e-03 3.377320e-01
414 6.608120e-01 1.264000e-03 3.379240e-01
415 6.606280e-01 1.192000e-03 3.381800e-01
416 6.604240e-01 1.148000e-03 3.384280e-01
417 6.602520e-01 1.136000e-03 3.386120e-01
418 6.600520e-01 1.108000e-03 3.388400e-01
419 6.598360e-01 1.124000e-03 3.390400e-01
420 6.596600e-01 1.116000e-03 3.392240e-01
421 6.594960e-01 1.060000e-03 3.394440e-01
422 6.592920e-01 1.124000e-03 3.395840e-01
423 6.590400e-01 1.156000e-03 3.398040e-01
424 6.588040e-01 1.204000e-03 3.399920e-01
425 6.585680e-01 1.228000e-03 3.402040e-01
426 6.583200e-01 1.268000e-03 3.404120e-01
427 6.581560e-01 1.228000e-03 3.406160e-01
428 6.579600e-01 1.244000e-03 3.407960e-01
429 6.577120e-01 1.292000e-03 3.409960e-01
430 6.575320e-01 1.264000e-03 3.412040e-01
431 6.572960e-01 1.252000e-03 3.414520e-01
432 6.570400e-01 1.324000e-03 3.416360e-01
433 6.568000e-01 1.344000e-03 3.418560e-01
434 6.565720e-01 1.336000e-03 3.420920e-01
435 6.563360e-01 1.296000e-03 3.423680e-01
436 6.561400e-01 1.304000e-03 3.425560e-01
437 6.559560e-01 1.252000e-03 3.427920e-01
438 6.557480e-01 1.288000e-03 3.429640e-01
439 6.555360e-01 1.216000e-03 3.432480e-01
440 6.553800e-01 1.128000e-03 3.434920e-01
441 6.552120e-01 1.156000e-03 3.436320e-01
442 6.550320e-01 1.124000e-03 3.438440e-01
443 6.548520e-01 1.108000e-03 3.440400e-01
444 6.546320e-01 1.120000e-03 3.442480e-01
445 6.544800e-01 1.076000e-03 3.444440e-01
446 6.543400e-01 1.048000e-03 3.446120e-01
447 6.541000e-01 1.144000e-03 3.447560e-01
448 6.539400e-01 1.060000e-03 3.450000e-01
449 6.536960e-01 1.136000e-03 3.451680e-01
450 6.535200e-01 1.112000e-03 3.453680e-01
451 6.533200e-01 1.100000e-03 3.455800e-01
452 6.529960e-01 1.192000e-03 3.458120e-01
453 6.527920e-01 1.212000e-03 3.459960e-01
454 6.525480e-01 1.268000e-03 3.461840e-01
455 6.522400e-01 1.368000e-03 3.463920e-01
456 6.519600e-01 1.416000e-03 3.466240e-01
457 6.515680e-01 1.552000e-03 3.468800e-01
458 6.512920e-01 1.532000e-03 3.471760e-01
459 6.509840e-01 1.588000e-03 3.474280e-01
460 6.507120e-01 1.648000e-03 3.476400e-01
461 6.504840e-01 1.556000e-03 3.479600e-01
462 6.502040e-01 1.512000e-03 3.482840e-01
463 6.499560e-01 1.488000e-03 3.485560e-01
464 6.496240e-01 1.572000e-03 3.488040e-01
465 6.493680e-01 1.568000e-03 3.490640e-01
466 6.491040e-01 1.536000e-03 3.493600e-01
467 6.487520e-01 1.620000e-03 3.496280e-01
468 6.484560e-01 1.640000e-03 3.499040e-01
469 6.482000e-01 1.608000e-03 3.501920e-01
470 6.479520e-01 1.560000e-03 3.504880e-01
471 6.477520e-01 1.488000e-03 3.507600e-01
472 6.474560e-01 1.520000e-03 3.510240e-01
473 6.471920e-01 1.528000e-03 3.512800e-01
474 6.469040e-01 1.576000e-03 3.515200e-01
475 6.466920e-01 1.468000e-03 3.518400e-01
476 6.463760e-01 1.524000e-03 3.521000e-01
477 6.460440e-01 1.612000e-03 3.523440e-01
478 6.457320e-01 1.660000e-03 3.526080e-01
479 6.454760e-01 1.628000e-03 3.528960e-01
480 6.452680e-01 1.552000e-03 3.531800e-01
481 6.450280e-01 1.564000e-03 3.534080e-01
482 6.447440e-01 1.556000e-03 3.537000e-01
483 6.444200e-01 1.648000e-03 3.539320e-01
484 6.441520e-01 1.608000e-03 3.542400e-01
485 6.438800e-01 1.616000e-03 3.545040e-01
486 6.436080e-01 1.640000e-03 3.547520e-01
487 6.433920e-01 1.596000e-03 3.550120e-01
488 6.431680e-01 1.576000e-03 3.552560e-01
489 6.429400e-01 1.520000e-03 3.555400e-01
490 6.426800e-01 1.532000e-03 3.557880e-01
491 6.424720e-01 1.476000e-03 3.560520e-01
492 6.422600e-01 1.424000e-03 3.563160e-01
493 6.420360e-01 1.372000e-03 3.565920e-01
494 6.418520e-01 1.300000e-03 3.568480e-01
495 6.416320e-01 1.320000e-03 3.570480e-01
496 6.414280e-01 1.284000e-03 3.572880e-01
497 6.411520e-01 1.308000e-03 3.575400e-01
498 6.408840e-01 1.348000e-03 3.577680e-01
499 6.406120e-01 1.348000e-03 3.580400e-01
500 6.403480e-01 1.324000e-03 3.583280e-01
