1 9.992720e-01 6.200000e-04 1.080000e-04
2 9.987040e-01 1.080000e-03 2.160000e-04
3 9.980880e-01 1.452000e-03 4.600000e-04
4 9.973240e-01 1.900000e-03 7.760000e-04
5 9.965880e-01 2.320000e-03 1.092000e-03
6 9.957640e-01 2.768000e-03 1.468000e-03
7 9.948200e-01 3.236000e-03 1.944000e-03
8 9.938720e-01 3.684000e-03 2.444000e-03
9 9.927360e-01 4.124000e-03 3.140000e-03
10 9.916640e-01 4.492000e-03 3.844000e-03
11 9.906280e-01 4.808000e-03 4.564000e-03
12 9.894800e-01 5.104000e-03 5.416000e-03
13 9.882480e-01 5.516000e-03 6.236000e-03
14 9.870760e-01 5.660000e-03 7.264000e-03
15 9.859280e-01 5.800000e-03 8.272000e-03
16 9.846800e-01 5.992000e-03 9.328000e-03
17 9.834600e-01 6.080000e-03 1.046000e-02
18 9.822800e-01 6.292000e-03 1.142800e-02
19 9.810960e-01 6.444000e-03 1.246000e-02
20 9.797680e-01 6.688000e-03 1.354400e-02
21 9.784240e-01 6.816000e-03 1.476000e-02
22 9.771360e-01 7.028000e-03 1.583600e-02
23 9.757760e-01 7.208000e-03 1.701600e-02
24 9.743960e-01 7.272000e-03 1.833200e-02
25 9.729920e-01 7.468000e-03 1.954000e-02
26 9.717160e-01 7.496000e-03 2.078800e-02
27 9.704400e-01 7.400000e-03 2.216000e-02
28 9.690600e-01 7.308000e-03 2.363200e-02
29 9.677000e-01 7.352000e-03 2.494800e-02
30 9.661440e-01 7.524000e-03 2.633200e-02
31 9.648480e-01 7.480000e-03 2.767200e-02
32 9.635040e-01 7.464000e-03 2.903200e-02
33 9.620320e-01 7.608000e-03 3.036000e-02
34 9.606120e-01 7.656000e-03 3.173200e-02
35 9.592280e-01 7.716000e-03 3.305600e-02
36 9.576600e-01 7.884000e-03 3.445600e-02
37 9.561920e-01 7.960000e-03 3.584800e-02
38 9.547200e-01 8.088000e-03 3.719200e-02
39 9.532240e-01 8.256000e-03 3.852000e-02
40 9.517680e-01 8.348000e-03 3.988400e-02
41 9.502720e-01 8.416000e-03 4.131200e-02
42 9.487120e-01 8.552000e-03 4.273600e-02
43 9.472000e-01 8.460000e-03 4.434000e-02
44 9.457080e-01 8.444000e-03 4.584800e-02
45 9.442720e-01 8.324000e-03 4.740400e-02
46 9.427280e-01 8.444000e-03 4.882800e-02
47 9.412000e-01 8.472000e-03 5.032800e-02
48 9.397560e-01 8.452000e-03 5.179200e-02
49 9.383240e-01 8.308000e-03 5.336800e-02
50 9.369320e-01 8.164000e-03 5.490400e-02
51 9.355600e-01 8.116000e-03 5.632400e-02
52 9.341440e-01 8.064000e-03 5.779200e-02
53 9.327080e-01 8.008000e-03 5.928400e-02
54 9.313440e-01 7.968000e-03 6.068800e-02
55 9.298360e-01 8.052000e-03 6.211200e-02
56 9.284240e-01 7.900000e-03 6.367600e-02
57 9.270480e-01 7.868000e-03 6.508400e-02
58 9.256720e-01 7.836000e-03 6.649200e-02
59 9.241880e-01 7.936000e-03 6.787600e-02
60 9.227640e-01 8.040000e-03 6.919600e-02
61 9.214040e-01 7.944000e-03 7.065200e-02
62 9.199920e-01 8.000000e-03 7.200800e-02
63 9.184800e-01 8.056000e-03 7.346400e-02
64 9.170120e-01 8.096000e-03 7.489200e-02
65 9.156280e-01 8.048000e-03 7.632400e-02
66 9.141200e-01 8.032000e-03 7.784800e-02
67 9.127120e-01 7.912000e-03 7.937600e-02
68 9.112320e-01 8.020000e-03 8.074800e-02
69 9.097320e-01 8.188000e-03 8.208000e-02
70 9.083880e-01 8.168000e-03 8.344400e-02
71 9.070120e-01 8.040000e-03 8.494800e-02
72 9.055120e-01 8.132000e-03 8.635600e-02
73 9.040800e-01 8.252000e-03 8.766800e-02
74 9.024360e-01 8.404000e-03 8.916000e-02
75 9.009000e-01 8.576000e-03 9.052400e-02
76 8.993520e-01 8.536000e-03 9.211200e-02
77 8.977480e-01 8.616000e-03 9.363600e-02
78 8.962080e-01 8.712000e-03 9.508000e-02
79 8.948000e-01 8.596000e-03 9.660400e-02
80 8.932240e-01 8.600000e-03 9.817600e-02
81 8.917440e-01 8.648000e-03 9.960800e-02
82 8.903240e-01 8.492000e-03 1.011840e-01
83 8.888560e-01 8.516000e-03 1.026280e-01
84 8.874240e-01 8.472000e-03 1.041040e-01
85 8.859680e-01 8.432000e-03 1.056000e-01
86 8.846840e-01 8.248000e-03 1.070680e-01
87 8.834080e-01 8.068000e-03 1.085240e-01
88 8.820000e-01 8.136000e-03 1.098640e-01
89 8.805440e-01 8.148000e-03 1.113080e-01
90 8.791360e-01 8.080000e-03 1.127840e-01
91 8.777000e-01 8.164000e-03 1.141360e-01
92 8.761760e-01 8.204000e-03 1.156200e-01
93 8.746640e-01 8.232000e-03 1.171040e-01
94 8.733200e-01 8.160000e-03 1.185200e-01
95 8.717640e-01 8.444000e-03 1.197920e-01
96 8.705200e-01 8.280000e-03 1.212000e-01
97 8.690720e-01 8.300000e-03 1.226280e-01
98 8.677480e-01 8.176000e-03 1.240760e-01
99 8.663040e-01 8.204000e-03 1.254920e-01
100 8.649320e-01 8.100000e-03 1.269680e-01
101 8.634760e-01 8.060000e-03 1.284640e-01
102 8.620800e-01 8.036000e-03 1.298840e-01
103 8.607360e-01 8.116000e-03 1.311480e-01
104 8.593720e-01 8.092000e-03 1.325360e-01
105 8.580720e-01 7.980000e-03 1.339480e-01
106 8.567040e-01 8.080000e-03 1.352160e-01
107 8.552680e-01 8.240000e-03 1.364920e-01
108 8.538200e-01 8.176000e-03 1.380040e-01
109 8.524160e-01 8.084000e-03 1.395000e-01
110 8.510040e-01 8.012000e-03 1.409840e-01
111 8.497040e-01 7.884000e-03 1.424120e-01
112 8.484560e-01 7.756000e-03 1.437880e-01
113 8.471400e-01 7.784000e-03 1.450760e-01
114 8.459040e-01 7.788000e-03 1.463080e-01
115 8.444920e-01 7.792000e-03 1.477160e-01
116 8.432080e-01 7.688000e-03 1.491040e-01
117 8.418880e-01 7.676000e-03 1.504360e-01
118 8.405600e-01 7.600000e-03 1.518400e-01
119 8.391720e-01 7.700000e-03 1.531280e-01
120 8.378200e-01 7.708000e-03 1.544720e-01
121 8.363840e-01 7.864000e-03 1.557520e-01
122 8.350320e-01 7.792000e-03 1.571760e-01
123 8.337000e-01 7.840000e-03 1.584600e-01
124 8.323520e-01 7.916000e-03 1.597320e-01
125 8.310920e-01 7.896000e-03 1.610120e-01
126 8.298920e-01 7.724000e-03 1.623840e-01
127 8.284040e-01 7.868000e-03 1.637280e-01
128 8.270480e-01 7.900000e-03 1.650520e-01
129 8.257760e-01 7.860000e-03 1.663640e-01
130 8.246920e-01 7.564000e-03 1.677440e-01
131 8.234000e-01 7.500000e-03 1.691000e-01
132 8.219960e-01 7.588000e-03 1.704160e-01
133 8.209000e-01 7.156000e-03 1.719440e-01
134 8.196920e-01 7.132000e-03 1.731760e-01
135 8.185120e-01 7.044000e-03 1.744440e-01
136 8.173120e-01 6.896000e-03 1.757920e-01
137 8.161960e-01 6.900000e-03 1.769040e-01
138 8.149960e-01 6.924000e-03 1.780800e-01
139 8.137280e-01 6.944000e-03 1.793280e-01
140 8.125960e-01 6.816000e-03 1.805880e-01
141 8.114080e-01 6.828000e-03 1.817640e-01
142 8.102640e-01 6.740000e-03 1.829960e-01
143 8.090360e-01 6.820000e-03 1.841440e-01
144 8.080320e-01 6.640000e-03 1.853280e-01
145 8.069640e-01 6.548000e-03 1.864880e-01
146 8.058000e-01 6.500000e-03 1.877000e-01
147 8.047760e-01 6.448000e-03 1.887760e-01
148 8.036240e-01 6.536000e-03 1.898400e-01
149 8.024440e-01 6.464000e-03 1.910920e-01
150 8.013000e-01 6.532000e-03 1.921680e-01
151 8.001640e-01 6.612000e-03 1.932240e-01
152 7.989480e-01 6.760000e-03 1.942920e-01
153 7.977960e-01 6.732000e-03 1.954720e-01
154 7.966400e-01 6.792000e-03 1.965680e-01
155 7.955320e-01 6.624000e-03 1.978440e-01
156 7.946240e-01 6.424000e-03 1.989520e-01
157 7.936720e-01 6.264000e-03 2.000640e-01
158 7.926440e-01 6.224000e-03 2.011320e-01
159 7.917320e-01 6.036000e-03 2.022320e-01
160 7.908280e-01 5.876000e-03 2.032960e-01
161 7.899200e-01 5.784000e-03 2.042960e-01
162 7.889920e-01 5.732000e-03 2.052760e-01
163 7.880480e-01 5.656000e-03 2.062960e-01
164 7.871280e-01 5.552000e-03 2.073200e-01
165 7.862440e-01 5.428000e-03 2.083280e-01
166 7.852480e-01 5.428000e-03 2.093240e-01
167 7.842800e-01 5.380000e-03 2.103400e-01
168 7.833360e-01 5.492000e-03 2.111720e-01
169 7.824840e-01 5.388000e-03 2.121280e-01
170 7.815680e-01 5.312000e-03 2.131200e-01
171 7.806160e-01 5.256000e-03 2.141280e-01
172 7.796280e-01 5.364000e-03 2.150080e-01
173 7.786200e-01 5.376000e-03 2.160040e-01
174 7.777840e-01 5.248000e-03 2.169680e-01
175 7.768640e-01 5.304000e-03 2.178320e-01
176 7.758920e-01 5.388000e-03 2.187200e-01
177 7.749640e-01 5.344000e-03 2.196920e-01
178 7.741040e-01 5.268000e-03 2.206280e-01
179 7.731440e-01 5.336000e-03 2.215200e-01
180 7.721880e-01 5.308000e-03 2.225040e-01
181 7.712200e-01 5.316000e-03 2.234640e-01
182 7.702360e-01 5.432000e-03 2.243320e-01
183 7.693200e-01 5.324000e-03 2.253560e-01
184 7.684400e-01 5.176000e-03 2.263840e-01
185 7.675440e-01 5.220000e-03 2.272360e-01
186 7.666640e-01 5.220000e-03 2.281160e-01
187 7.657160e-01 5.300000e-03 2.289840e-01
188 7.648360e-01 5.124000e-03 2.300400e-01
189 7.638640e-01 5.228000e-03 2.309080e-01
190 7.630640e-01 5.092000e-03 2.318440e-01
191 7.621920e-01 5.096000e-03 2.327120e-01
192 7.614040e-01 5.056000e-03 2.335400e-01
193 7.605560e-01 5.020000e-03 2.344240e-01
194 7.596600e-01 5.000000e-03 2.353400e-01
195 7.588920e-01 4.916000e-03 2.361920e-01
196 7.582480e-01 4.664000e-03 2.370880e-01
197 7.575280e-01 4.536000e-03 2.379360e-01
198 7.568720e-01 4.468000e-03 2.386600e-01
199 7.561760e-01 4.496000e-03 2.393280e-01
200 7.554920e-01 4.336000e-03 2.401720e-01
201 7.548920e-01 4.236000e-03 2.408720e-01
202 7.542000e-01 4.156000e-03 2.416440e-01
203 7.536680e-01 3.976000e-03 2.423560e-01
204 7.529880e-01 3.952000e-03 2.430600e-01
205 7.524080e-01 3.940000e-03 2.436520e-01
206 7.516720e-01 4.028000e-03 2.443000e-01
207 7.509240e-01 4.064000e-03 2.450120e-01
208 7.502720e-01 4.080000e-03 2.456480e-01
209 7.496800e-01 3.960000e-03 2.463600e-01
210 7.490920e-01 3.948000e-03 2.469600e-01
211 7.485160e-01 3.864000e-03 2.476200e-01
212 7.479720e-01 3.780000e-03 2.482480e-01
213 7.473680e-01 3.780000e-03 2.488520e-01
214 7.467000e-01 3.824000e-03 2.494760e-01
215 7.461320e-01 3.780000e-03 2.500880e-01
216 7.455360e-01 3.644000e-03 2.508200e-01
217 7.449000e-01 3.624000e-03 2.514760e-01
218 7.443160e-01 3.484000e-03 2.522000e-01
219 7.436520e-01 3.440000e-03 2.529080e-01
220 7.431000e-01 3.348000e-03 2.535520e-01
221 7.425480e-01 3.244000e-03 2.542080e-01
222 7.420360e-01 3.224000e-03 2.547400e-01
223 7.414520e-01 3.244000e-03 2.553040e-01
224 7.409040e-01 3.236000e-03 2.558600e-01
225 7.403680e-01 3.188000e-03 2.564440e-01
226 7.397760e-01 3.220000e-03 2.570040e-01
227 7.390720e-01 3.368000e-03 2.575600e-01
228 7.384080e-01 3.448000e-03 2.581440e-01
229 7.377520e-01 3.464000e-03 2.587840e-01
230 7.372200e-01 3.384000e-03 2.593960e-01
231 7.366880e-01 3.344000e-03 2.599680e-01
232 7.361560e-01 3.216000e-03 2.606280e-01
233 7.356320e-01 3.168000e-03 2.612000e-01
234 7.350800e-01 3.152000e-03 2.617680e-01
235 7.345760e-01 3.088000e-03 2.623360e-01
236 7.341080e-01 3.012000e-03 2.628800e-01
237 7.336040e-01 3.088000e-03 2.633080e-01
238 7.330640e-01 3.044000e-03 2.638920e-01
239 7.324600e-01 3.024000e-03 2.645160e-01
240 7.320480e-01 2.916000e-03 2.650360e-01
241 7.315280e-01 2.884000e-03 2.655880e-01
242 7.310600e-01 2.868000e-03 2.660720e-01
243 7.305160e-01 2.928000e-03 2.665560e-01
244 7.298920e-01 2.992000e-03 2.671160e-01
245 7.293080e-01 3.008000e-03 2.676840e-01
246 7.287480e-01 3.128000e-03 2.681240e-01
247 7.281560e-01 3.136000e-03 2.687080e-01
248 7.275920e-01 3.212000e-03 2.691960e-01
249 7.270040e-01 3.172000e-03 2.698240e-01
250 7.264080e-01 3.184000e-03 2.704080e-01
251 7.258800e-01 3.196000e-03 2.709240e-01
252 7.253240e-01 3.156000e-03 2.715200e-01
253 7.248040e-01 3.152000e-03 2.720440e-01
254 7.241680e-01 3.232000e-03 2.726000e-01
255 7.235600e-01 3.240000e-03 2.732000e-01
256 7.228240e-01 3.368000e-03 2.738080e-01
257 7.222920e-01 3.420000e-03 2.742880e-01
258 7.216600e-01 3.400000e-03 2.749400e-01
259 7.211120e-01 3.264000e-03 2.756240e-01
260 7.205240e-01 3.276000e-03 2.762000e-01
261 7.200400e-01 3.220000e-03 2.767400e-01
262 7.194760e-01 3.240000e-03 2.772840e-01
263 7.189960e-01 3.172000e-03 2.778320e-01
264 7.183320e-01 3.332000e-03 2.783360e-01
265 7.176920e-01 3.364000e-03 2.789440e-01
266 7.170360e-01 3.400000e-03 2.795640e-01
267 7.164560e-01 3.384000e-03 2.801600e-01
268 7.159120e-01 3.356000e-03 2.807320e-01
269 7.153520e-01 3.312000e-03 2.813360e-01
270 7.148080e-01 3.300000e-03 2.818920e-01
271 7.143560e-01 3.220000e-03 2.824240e-01
272 7.138480e-01 3.116000e-03 2.830360e-01
273 7.132720e-01 3.180000e-03 2.835480e-01
274 7.127480e-01 3.200000e-03 2.840520e-01
275 7.122800e-01 3.104000e-03 2.846160e-01
276 7.117200e-01 3.096000e-03 2.851840e-01
277 7.111720e-01 3.000000e-03 2.858280e-01
278 7.106280e-01 2.948000e-03 2.864240e-01
279 7.101040e-01 3.024000e-03 2.868720e-01
280 7.095360e-01 3.108000e-03 2.873560e-01
281 7.090200e-01 3.080000e-03 2.879000e-01
282 7.085920e-01 2.924000e-03 2.884840e-01
283 7.081920e-01 2.892000e-03 2.889160e-01
284 7.077920e-01 2.808000e-03 2.894000e-01
285 7.073760e-01 2.748000e-03 2.898760e-01
286 7.069560e-01 2.688000e-03 2.903560e-01
287 7.065520e-01 2.652000e-03 2.907960e-01
288 7.060680e-01 2.692000e-03 2.912400e-01
289 7.056200e-01 2.608000e-03 2.917720e-01
290 7.052160e-01 2.568000e-03 2.922160e-01
291 7.048120e-01 2.556000e-03 2.926320e-01
292 7.043640e-01 2.536000e-03 2.931000e-01
293 7.039400e-01 2.468000e-03 2.935920e-01
294 7.035200e-01 2.440000e-03 2.940400e-01
295 7.031160e-01 2.412000e-03 2.944720e-01
296 7.027800e-01 2.328000e-03 2.948920e-01
297 7.024360e-01 2.200000e-03 2.953640e-01
298 7.020840e-01 2.220000e-03 2.956960e-01
299 7.017280e-01 2.184000e-03 2.960880e-01
300 7.012920e-01 2.232000e-03 2.964760e-01
301 7.009400e-01 2.212000e-03 2.968480e-01
302 7.004840e-01 2.280000e-03 2.972360e-01
303 7.001600e-01 2.180000e-03 2.976600e-01
304 6.997880e-01 2.236000e-03 2.979760e-01
305 6.994600e-01 2.184000e-03 2.983560e-01
306 6.991440e-01 2.112000e-03 2.987440e-01
307 6.987520e-01 2.144000e-03 2.991040e-01
308 6.983200e-01 2.232000e-03 2.994480e-01
309 6.978720e-01 2.260000e-03 2.998680e-01
310 6.974840e-01 2.216000e-03 3.003000e-01
311 6.970320e-01 2.272000e-03 3.006960e-01
312 6.967120e-01 2.188000e-03 3.011000e-01
313 6.963840e-01 2.116000e-03 3.015000e-01
314 6.959520e-01 2.156000e-03 3.018920e-01
315 6.956520e-01 2.080000e-03 3.022680e-01
316 6.952480e-01 2.184000e-03 3.025680e-01
317 6.948280e-01 2.292000e-03 3.028800e-01
318 6.944800e-01 2.252000e-03 3.032680e-01
319 6.941480e-01 2.196000e-03 3.036560e-01
320 6.937760e-01 2.256000e-03 3.039680e-01
321 6.934080e-01 2.220000e-03 3.043720e-01
322 6.929320e-01 2.264000e-03 3.048040e-01
323 6.925360e-01 2.272000e-03 3.051920e-01
324 6.921560e-01 2.240000e-03 3.056040e-01
325 6.917360e-01 2.284000e-03 3.059800e-01
326 6.912720e-01 2.384000e-03 3.063440e-01
327 6.907840e-01 2.416000e-03 3.068000e-01
328 6.902840e-01 2.484000e-03 3.072320e-01
329 6.898360e-01 2.496000e-03 3.076680e-01
330 6.894320e-01 2.528000e-03 3.080400e-01
331 6.890160e-01 2.476000e-03 3.085080e-01
332 6.885880e-01 2.484000e-03 3.089280e-01
333 6.881600e-01 2.472000e-03 3.093680e-01
334 6.877520e-01 2.424000e-03 3.098240e-01
335 6.873440e-01 2.416000e-03 3.102400e-01
336 6.869160e-01 2.384000e-03 3.107000e-01
337 6.865760e-01 2.332000e-03 3.110920e-01
338 6.861920e-01 2.256000e-03 3.115520e-01
339 6.857280e-01 2.300000e-03 3.119720e-01
340 6.853920e-01 2.224000e-03 3.123840e-01
341 6.849640e-01 2.252000e-03 3.127840e-01
342 6.846400e-01 2.200000e-03 3.131600e-01
343 6.842680e-01 2.176000e-03 3.135560e-01
344 6.838640e-01 2.192000e-03 3.139440e-01
345 6.835040e-01 2.120000e-03 3.143760e-01
346 6.830920e-01 2.172000e-03 3.147360e-01
347 6.827640e-01 2.100000e-03 3.151360e-01
348 6.823080e-01 2.172000e-03 3.155200e-01
349 6.818720e-01 2.208000e-03 3.159200e-01
350 6.814600e-01 2.164000e-03 3.163760e-01
351 6.811320e-01 2.060000e-03 3.168080e-01
352 6.808120e-01 2.004000e-03 3.171840e-01
353 6.804480e-01 1.992000e-03 3.175600e-01
354 6.801080e-01 2.004000e-03 3.178880e-01
355 6.797600e-01 1.960000e-03 3.182800e-01
356 6.794400e-01 1.944000e-03 3.186160e-01
357 6.790880e-01 1.956000e-03 3.189560e-01
358 6.787720e-01 1.888000e-03 3.193400e-01
359 6.785120e-01 1.856000e-03 3.196320e-01
360 6.782800e-01 1.808000e-03 3.199120e-01
361 6.779760e-01 1.776000e-03 3.202480e-01
362 6.776520e-01 1.820000e-03 3.205280e-01
363 6.773080e-01 1.860000e-03 3.208320e-01
364 6.769360e-01 1.864000e-03 3.212000e-01
365 6.766200e-01 1.800000e-03 3.215800e-01
366 6.763360e-01 1.808000e-03 3.218560e-01
367 6.760320e-01 1.828000e-03 3.221400e-01
368 6.756440e-01 1.920000e-03 3.224360e-01
369 6.753200e-01 1.956000e-03 3.227240e-01
370 6.750240e-01 1.948000e-03 3.230280e-01
371 6.746840e-01 1.968000e-03 3.233480e-01
372 6.743720e-01 1.992000e-03 3.236360e-01
373 6.739960e-01 1.988000e-03 3.240160e-01
374 6.736440e-01 1.968000e-03 3.243880e-01
375 6.732960e-01 1.952000e-03 3.247520e-01
376 6.730680e-01 1.836000e-03 3.250960e-01
377 6.727720e-01 1.816000e-03 3.254120e-01
378 6.724480e-01 1.776000e-03 3.257760e-01
379 6.721680e-01 1.764000e-03 3.260680e-01
380 6.718760e-01 1.776000e-03 3.263480e-01
381 6.715880e-01 1.800000e-03 3.266120e-01
382 6.712200e-01 1.832000e-03 3.269480e-01
383 6.709520e-01 1.788000e-03 3.272600e-01
384 6.706480e-01 1.768000e-03 3.275840e-01
385 6.703640e-01 1.736000e-03 3.279000e-01
386 6.701080e-01 1.700000e-03 3.281920e-01
387 6.698120e-01 1.696000e-03 3.284920e-01
388 6.695320e-01 1.676000e-03 3.287920e-01
389 6.693440e-01 1.588000e-03 3.290680e-01
390 6.690520e-01 1.616000e-03 3.293320e-01
391 6.687760e-01 1.624000e-03 3.296000e-01
392 6.684720e-01 1.696000e-03 3.298320e-01
393 6.681840e-01 1.664000e-03 3.301520e-01
394 6.678960e-01 1.688000e-03 3.304160e-01
395 6.675520e-01 1.732000e-03 3.307160e-01
396 6.672000e-01 1.816000e-03 3.309840e-01
397 6.668440e-01 1.876000e-03 3.312800e-01
398 6.664960e-01 1.912000e-03 3.315920e-01
399 6.661760e-01 1.888000e-03 3.319360e-01
400 6.658640e-01 1.896000e-03 3.322400e-01
401 6.655360e-01 1.876000e-03 3.325880e-01
402 6.652080e-01 1.924000e-03 3.328680e-01
403 6.648760e-01 1.896000e-03 3.332280e-01
404 6.645480e-01 1.916000e-03 3.335360e-01
405 6.642320e-01 1.864000e-03 3.339040e-01
406 6.638760e-01 1.908000e-03 3.342160e-01
407 6.635040e-01 1.948000e-03 3.345480e-01
408 6.631040e-01 1.980000e-03 3.349160e-01
409 6.626960e-01 2.016000e-03 3.352880e-01
410 6.623680e-01 1.912000e-03 3.357200e-01
411 6.620440e-01 1.876000e-03 3.360800e-01
412 6.616400e-01 1.956000e-03 3.364040e-01
413 6.612840e-01 1.984000e-03 3.367320e-01
414 6.609440e-01 1.960000e-03 3.370960e-01
415 6.605600e-01 2.008000e-03 3.374320e-01
416 6.601840e-01 2.076000e-03 3.377400e-01
417 6.598280e-01 2.100000e-03 3.380720e-01
418 6.594400e-01 2.064000e-03 3.384960e-01
419 6.591400e-01 1.980000e-03 3.388800e-01
420 6.587520e-01 2.020000e-03 3.392280e-01
421 6.583080e-01 2.132000e-03 3.395600e-01
422 6.578880e-01 2.212000e-03 3.399000e-01
423 6.575160e-01 2.176000e-03 3.403080e-01
424 6.570560e-01 2.240000e-03 3.407040e-01
425 6.566560e-01 2.272000e-03 3.410720e-01
426 6.562680e-01 2.240000e-03 3.414920e-01
427 6.559840e-01 2.128000e-03 3.418880e-01
428 6.556200e-01 2.148000e-03 3.422320e-01
429 6.551960e-01 2.104000e-03 3.427000e-01
430 6.548360e-01 2.088000e-03 3.430760e-01
431 6.544040e-01 2.104000e-03 3.434920e-01
432 6.540720e-01 2.056000e-03 3.438720e-01
433 6.537600e-01 2.112000e-03 3.441280e-01
434 6.534560e-01 2.092000e-03 3.444520e-01
435 6.531680e-01 1.976000e-03 3.448560e-01
436 6.529600e-01 1.876000e-03 3.451640e-01
437 6.527240e-01 1.772000e-03 3.455040e-01
438 6.524320e-01 1.800000e-03 3.457680e-01
439 6.521600e-01 1.820000e-03 3.460200e-01
440 6.519640e-01 1.720000e-03 3.463160e-01
441 6.517000e-01 1.692000e-03 3.466080e-01
442 6.513600e-01 1.744000e-03 3.468960e-01
443 6.511400e-01 1.680000e-03 3.471800e-01
444 6.509400e-01 1.596000e-03 3.474640e-01
445 6.507320e-01 1.540000e-03 3.477280e-01
446 6.505160e-01 1.440000e-03 3.480440e-01
447 6.503200e-01 1.396000e-03 3.482840e-01
448 6.501240e-01 1.364000e-03 3.485120e-01
449 6.498840e-01 1.332000e-03 3.487840e-01
450 6.497200e-01 1.264000e-03 3.490160e-01
451 6.495160e-01 1.276000e-03 3.492080e-01
452 6.492560e-01 1.272000e-03 3.494720e-01
453 6.490280e-01 1.260000e-03 3.497120e-01
454 6.488600e-01 1.232000e-03 3.499080e-01
455 6.486200e-01 1.228000e-03 3.501520e-01
456 6.484240e-01 1.212000e-03 3.503640e-01
457 6.482080e-01 1.216000e-03 3.505760e-01
458 6.480320e-01 1.200000e-03 3.507680e-01
459 6.478160e-01 1.216000e-03 3.509680e-01
460 6.475680e-01 1.284000e-03 3.511480e-01
461 6.473680e-01 1.276000e-03 3.513560e-01
462 6.472160e-01 1.220000e-03 3.515640e-01
463 6.470080e-01 1.224000e-03 3.517680e-01
464 6.468120e-01 1.196000e-03 3.519920e-01
465 6.466040e-01 1.176000e-03 3.522200e-01
466 6.464160e-01 1.188000e-03 3.523960e-01
467 6.462160e-01 1.172000e-03 3.526120e-01
468 6.460400e-01 1.160000e-03 3.528000e-01
469 6.458800e-01 1.108000e-03 3.530120e-01
470 6.456760e-01 1.096000e-03 3.532280e-01
471 6.455840e-01 1.012000e-03 3.534040e-01
472 6.454200e-01 9.720000e-04 3.536080e-01
473 6.452520e-01 9.760000e-04 3.537720e-01
474 6.451320e-01 9.120000e-04 3.539560e-01
475 6.449840e-01 9.000000e-04 3.541160e-01
476 6.448520e-01 8.920000e-04 3.542560e-01
477 6.447640e-01 8.200000e-04 3.544160e-01
478 6.445880e-01 8.560000e-04 3.545560e-01
479 6.444240e-01 8.440000e-04 3.547320e-01
480 6.442520e-01 8.680000e-04 3.548800e-01
481 6.440880e-01 8.680000e-04 3.550440e-01
482 6.439320e-01 8.440000e-04 3.552240e-01
483 6.437800e-01 8.360000e-04 3.553840e-01
484 6.436720e-01 8.280000e-04 3.555000e-01
485 6.435760e-01 7.800000e-04 3.556440e-01
486 6.434480e-01 7.880000e-04 3.557640e-01
487 6.433040e-01 7.800000e-04 3.559160e-01
488 6.431880e-01 7.880000e-04 3.560240e-01
489 6.430320e-01 8.040000e-04 3.561640e-01
490 6.428920e-01 8.280000e-04 3.562800e-01
491 6.427400e-01 8.520000e-04 3.564080e-01
492 6.426120e-01 8.520000e-04 3.565360e-01
493 6.425040e-01 8.160000e-04 3.566800e-01
494 6.424000e-01 7.760000e-04 3.568240e-01
495 6.423240e-01 6.840000e-04 3.569920e-01
496 6.422520e-01 6.480000e-04 3.571000e-01
497 6.421360e-01 6.280000e-04 3.572360e-01
498 6.420520e-01 5.880000e-04 3.573600e-01
499 6.419800e-01 5.400000e-04 3.574800e-01
500 6.419280e-01 4.680000e-04 3.576040e-01
