1 9.992240e-01 6.720000e-04 1.040000e-04
2 9.987960e-01 9.920000e-04 2.120000e-04
3 9.981000e-01 1.448000e-03 4.520000e-04
4 9.973160e-01 1.948000e-03 7.360000e-04
5 9.964960e-01 2.364000e-03 1.140000e-03
6 9.957120e-01 2.680000e-03 1.608000e-03
7 9.948920e-01 2.916000e-03 2.192000e-03
8 9.940760e-01 3.184000e-03 2.740000e-03
9 9.933040e-01 3.428000e-03 3.268000e-03
10 9.924120e-01 3.728000e-03 3.860000e-03
11 9.915720e-01 3.852000e-03 4.576000e-03
12 9.906920e-01 4.040000e-03 5.268000e-03
13 9.898640e-01 4.112000e-03 6.024000e-03
14 9.888880e-01 4.332000e-03 6.780000e-03
15 9.881000e-01 4.372000e-03 7.528000e-03
16 9.872080e-01 4.560000e-03 8.232000e-03
17 9.862040e-01 4.728000e-03 9.068000e-03
18 9.851360e-01 5.016000e-03 9.848000e-03
19 9.841320e-01 5.216000e-03 1.065200e-02
20 9.830480e-01 5.284000e-03 1.166800e-02
21 9.819440e-01 5.464000e-03 1.259200e-02
22 9.806800e-01 5.804000e-03 1.351600e-02
23 9.793560e-01 6.104000e-03 1.454000e-02
24 9.780760e-01 6.404000e-03 1.552000e-02
25 9.768160e-01 6.444000e-03 1.674000e-02
26 9.756440e-01 6.512000e-03 1.784400e-02
27 9.742720e-01 6.640000e-03 1.908800e-02
28 9.729040e-01 6.884000e-03 2.021200e-02
29 9.714480e-01 6.996000e-03 2.155600e-02
30 9.700200e-01 7.272000e-03 2.270800e-02
31 9.684880e-01 7.592000e-03 2.392000e-02
32 9.670400e-01 7.736000e-03 2.522400e-02
33 9.656320e-01 7.860000e-03 2.650800e-02
34 9.643240e-01 7.752000e-03 2.792400e-02
35 9.629720e-01 7.776000e-03 2.925200e-02
36 9.616440e-01 7.800000e-03 3.055600e-02
37 9.603520e-01 7.812000e-03 3.183600e-02
38 9.589320e-01 7.808000e-03 3.326000e-02
39 9.573480e-01 8.036000e-03 3.461600e-02
40 9.558400e-01 7.996000e-03 3.616400e-02
41 9.543680e-01 8.196000e-03 3.743600e-02
42 9.530560e-01 8.104000e-03 3.884000e-02
43 9.515560e-01 8.208000e-03 4.023600e-02
44 9.501840e-01 8.120000e-03 4.169600e-02
45 9.487680e-01 8.040000e-03 4.319200e-02
46 9.471560e-01 8.236000e-03 4.460800e-02
47 9.456120e-01 8.344000e-03 4.604400e-02
48 9.440800e-01 8.332000e-03 4.758800e-02
49 9.426040e-01 8.328000e-03 4.906800e-02
50 9.411160e-01 8.384000e-03 5.050000e-02
51 9.397040e-01 8.280000e-03 5.201600e-02
52 9.381960e-01 8.264000e-03 5.354000e-02
53 9.368080e-01 8.332000e-03 5.486000e-02
54 9.352240e-01 8.556000e-03 5.622000e-02
55 9.335840e-01 8.616000e-03 5.780000e-02
56 9.320040e-01 8.680000e-03 5.931600e-02
57 9.304360e-01 8.808000e-03 6.075600e-02
58 9.289240e-01 8.772000e-03 6.230400e-02
59 9.274440e-01 8.596000e-03 6.396000e-02
60 9.260360e-01 8.524000e-03 6.544000e-02
61 9.244120e-01 8.668000e-03 6.692000e-02
62 9.229440e-01 8.592000e-03 6.846400e-02
63 9.214360e-01 8.600000e-03 6.996400e-02
64 9.198600e-01 8.752000e-03 7.138800e-02
65 9.182720e-01 8.708000e-03 7.302000e-02
66 9.167360e-01 8.752000e-03 7.451200e-02
67 9.151280e-01 8.884000e-03 7.598800e-02
68 9.135000e-01 9.012000e-03 7.748800e-02
69 9.116240e-01 9.308000e-03 7.906800e-02
70 9.098520e-01 9.452000e-03 8.069600e-02
71 9.080000e-01 9.640000e-03 8.236000e-02
72 9.063360e-01 9.584000e-03 8.408000e-02
73 9.046760e-01 9.672000e-03 8.565200e-02
74 9.030320e-01 9.676000e-03 8.729200e-02
75 9.013960e-01 9.616000e-03 8.898800e-02
76 8.999360e-01 9.388000e-03 9.067600e-02
77 8.981400e-01 9.544000e-03 9.231600e-02
78 8.964120e-01 9.560000e-03 9.402800e-02
79 8.945840e-01 9.652000e-03 9.576400e-02
80 8.928960e-01 9.660000e-03 9.744400e-02
81 8.911560e-01 9.792000e-03 9.905200e-02
82 8.893720e-01 9.880000e-03 1.007480e-01
83 8.876240e-01 9.996000e-03 1.023800e-01
84 8.861000e-01 9.872000e-03 1.040280e-01
85 8.843080e-01 9.936000e-03 1.057560e-01
86 8.827120e-01 9.820000e-03 1.074680e-01
87 8.810760e-01 9.952000e-03 1.089720e-01
88 8.794680e-01 9.944000e-03 1.105880e-01
89 8.779080e-01 9.756000e-03 1.123360e-01
90 8.764360e-01 9.532000e-03 1.140320e-01
91 8.748680e-01 9.504000e-03 1.156280e-01
92 8.731840e-01 9.504000e-03 1.173120e-01
93 8.714720e-01 9.560000e-03 1.189680e-01
94 8.698440e-01 9.580000e-03 1.205760e-01
95 8.682960e-01 9.472000e-03 1.222320e-01
96 8.668080e-01 9.288000e-03 1.239040e-01
97 8.653680e-01 9.068000e-03 1.255640e-01
98 8.640400e-01 8.836000e-03 1.271240e-01
99 8.626440e-01 8.624000e-03 1.287320e-01
100 8.612000e-01 8.548000e-03 1.302520e-01
101 8.597880e-01 8.368000e-03 1.318440e-01
102 8.584080e-01 8.292000e-03 1.333000e-01
103 8.569520e-01 8.272000e-03 1.347760e-01
104 8.555600e-01 8.240000e-03 1.362000e-01
105 8.541680e-01 8.124000e-03 1.377080e-01
106 8.527560e-01 8.104000e-03 1.391400e-01
107 8.512880e-01 8.228000e-03 1.404840e-01
108 8.499000e-01 8.220000e-03 1.418800e-01
109 8.485400e-01 8.108000e-03 1.433520e-01
110 8.472800e-01 8.044000e-03 1.446760e-01
111 8.459960e-01 7.876000e-03 1.461280e-01
112 8.448880e-01 7.604000e-03 1.475080e-01
113 8.436720e-01 7.500000e-03 1.488280e-01
114 8.424120e-01 7.532000e-03 1.500560e-01
115 8.411960e-01 7.340000e-03 1.514640e-01
116 8.398400e-01 7.392000e-03 1.527680e-01
117 8.386240e-01 7.304000e-03 1.540720e-01
118 8.375000e-01 7.188000e-03 1.553120e-01
119 8.362520e-01 7.168000e-03 1.565800e-01
120 8.349920e-01 7.176000e-03 1.578320e-01
121 8.336920e-01 7.288000e-03 1.590200e-01
122 8.323880e-01 7.288000e-03 1.603240e-01
123 8.311560e-01 7.248000e-03 1.615960e-01
124 8.299760e-01 7.148000e-03 1.628760e-01
125 8.287800e-01 7.172000e-03 1.640480e-01
126 8.277000e-01 6.940000e-03 1.653600e-01
127 8.266800e-01 6.716000e-03 1.666040e-01
128 8.255680e-01 6.736000e-03 1.676960e-01
129 8.244840e-01 6.640000e-03 1.688760e-01
130 8.233600e-01 6.656000e-03 1.699840e-01
131 8.221880e-01 6.604000e-03 1.712080e-01
132 8.210640e-01 6.596000e-03 1.723400e-01
133 8.199000e-01 6.576000e-03 1.735240e-01
134 8.188080e-01 6.396000e-03 1.747960e-01
135 8.175880e-01 6.560000e-03 1.758520e-01
136 8.163200e-01 6.580000e-03 1.771000e-01
137 8.151560e-01 6.564000e-03 1.782800e-01
138 8.140360e-01 6.548000e-03 1.794160e-01
139 8.128640e-01 6.676000e-03 1.804600e-01
140 8.116800e-01 6.724000e-03 1.815960e-01
141 8.103720e-01 6.844000e-03 1.827840e-01
142 8.092200e-01 6.752000e-03 1.840280e-01
143 8.079960e-01 6.880000e-03 1.851240e-01
144 8.068240e-01 6.820000e-03 1.863560e-01
145 8.057640e-01 6.788000e-03 1.874480e-01
146 8.046680e-01 6.628000e-03 1.887040e-01
147 8.035320e-01 6.676000e-03 1.897920e-01
148 8.024560e-01 6.580000e-03 1.909640e-01
149 8.013480e-01 6.632000e-03 1.920200e-01
150 8.001720e-01 6.680000e-03 1.931480e-01
151 7.990800e-01 6.596000e-03 1.943240e-01
152 7.980480e-01 6.384000e-03 1.955680e-01
153 7.970600e-01 6.296000e-03 1.966440e-01
154 7.959800e-01 6.232000e-03 1.977880e-01
155 7.949840e-01 6.172000e-03 1.988440e-01
156 7.938880e-01 6.160000e-03 1.999520e-01
157 7.927440e-01 6.332000e-03 2.009240e-01
158 7.917760e-01 6.148000e-03 2.020760e-01
159 7.907640e-01 6.172000e-03 2.030640e-01
160 7.897360e-01 6.144000e-03 2.041200e-01
161 7.887360e-01 6.112000e-03 2.051520e-01
162 7.877520e-01 5.936000e-03 2.063120e-01
163 7.867640e-01 5.904000e-03 2.073320e-01
164 7.858080e-01 5.816000e-03 2.083760e-01
165 7.848360e-01 5.848000e-03 2.093160e-01
166 7.837680e-01 5.928000e-03 2.103040e-01
167 7.828200e-01 5.928000e-03 2.112520e-01
168 7.818280e-01 5.976000e-03 2.121960e-01
169 7.807840e-01 5.984000e-03 2.132320e-01
170 7.797960e-01 5.892000e-03 2.143120e-01
171 7.787080e-01 5.944000e-03 2.153480e-01
172 7.776880e-01 5.844000e-03 2.164680e-01
173 7.765840e-01 5.848000e-03 2.175680e-01
174 7.756040e-01 5.800000e-03 2.185960e-01
175 7.745440e-01 5.916000e-03 2.195400e-01
176 7.734880e-01 6.028000e-03 2.204840e-01
177 7.724000e-01 6.120000e-03 2.214800e-01
178 7.711920e-01 6.112000e-03 2.226960e-01
179 7.701360e-01 6.192000e-03 2.236720e-01
180 7.690640e-01 6.156000e-03 2.247800e-01
181 7.680840e-01 6.040000e-03 2.258760e-01
182 7.669880e-01 6.188000e-03 2.268240e-01
183 7.658720e-01 6.236000e-03 2.278920e-01
184 7.647920e-01 6.212000e-03 2.289960e-01
185 7.637800e-01 6.140000e-03 2.300800e-01
186 7.628360e-01 5.992000e-03 2.311720e-01
187 7.619920e-01 5.804000e-03 2.322040e-01
188 7.610280e-01 5.848000e-03 2.331240e-01
189 7.599880e-01 5.764000e-03 2.342480e-01
190 7.589600e-01 5.824000e-03 2.352160e-01
191 7.578840e-01 5.984000e-03 2.361320e-01
192 7.568720e-01 5.936000e-03 2.371920e-01
193 7.556600e-01 6.176000e-03 2.381640e-01
194 7.546040e-01 6.136000e-03 2.392600e-01
195 7.535080e-01 6.188000e-03 2.403040e-01
196 7.525080e-01 6.164000e-03 2.413280e-01
197 7.515800e-01 5.964000e-03 2.424560e-01
198 7.505560e-01 6.068000e-03 2.433760e-01
199 7.495880e-01 5.952000e-03 2.444600e-01
200 7.486240e-01 5.932000e-03 2.454440e-01
201 7.477440e-01 5.856000e-03 2.464000e-01
202 7.468960e-01 5.600000e-03 2.475040e-01
203 7.460280e-01 5.520000e-03 2.484520e-01
204 7.450840e-01 5.468000e-03 2.494480e-01
205 7.443120e-01 5.240000e-03 2.504480e-01
206 7.434320e-01 5.280000e-03 2.512880e-01
207 7.426440e-01 5.160000e-03 2.521960e-01
208 7.417760e-01 5.072000e-03 2.531520e-01
209 7.409360e-01 5.048000e-03 2.540160e-01
210 7.401280e-01 4.904000e-03 2.549680e-01
211 7.392680e-01 4.940000e-03 2.557920e-01
212 7.384640e-01 4.900000e-03 2.566360e-01
213 7.376040e-01 4.816000e-03 2.575800e-01
214 7.368960e-01 4.700000e-03 2.584040e-01
215 7.361160e-01 4.596000e-03 2.592880e-01
216 7.353720e-01 4.580000e-03 2.600480e-01
217 7.346120e-01 4.596000e-03 2.607920e-01
218 7.339240e-01 4.496000e-03 2.615800e-01
219 7.332000e-01 4.428000e-03 2.623720e-01
220 7.324520e-01 4.400000e-03 2.631480e-01
221 7.317040e-01 4.336000e-03 2.639600e-01
222 7.309000e-01 4.380000e-03 2.647200e-01
223 7.301640e-01 4.388000e-03 2.654480e-01
224 7.293720e-01 4.328000e-03 2.663000e-01
225 7.285200e-01 4.336000e-03 2.671440e-01
226 7.278280e-01 4.224000e-03 2.679480e-01
227 7.270800e-01 4.272000e-03 2.686480e-01
228 7.263520e-01 4.192000e-03 2.694560e-01
229 7.257080e-01 4.036000e-03 2.702560e-01
230 7.250520e-01 4.004000e-03 2.709440e-01
231 7.243840e-01 4.008000e-03 2.716080e-01
232 7.235760e-01 4.120000e-03 2.723040e-01
233 7.230000e-01 3.992000e-03 2.730080e-01
234 7.222400e-01 4.064000e-03 2.736960e-01
235 7.215480e-01 4.096000e-03 2.743560e-01
236 7.208120e-01 4.072000e-03 2.751160e-01
237 7.201480e-01 3.992000e-03 2.758600e-01
238 7.193280e-01 4.160000e-03 2.765120e-01
239 7.185640e-01 4.208000e-03 2.772280e-01
240 7.178840e-01 4.260000e-03 2.778560e-01
241 7.172080e-01 4.172000e-03 2.786200e-01
242 7.165200e-01 4.152000e-03 2.793280e-01
243 7.159120e-01 3.936000e-03 2.801520e-01
244 7.153280e-01 3.880000e-03 2.807920e-01
245 7.147680e-01 3.732000e-03 2.815000e-01
246 7.142040e-01 3.716000e-03 2.820800e-01
247 7.136080e-01 3.572000e-03 2.828200e-01
248 7.130640e-01 3.568000e-03 2.833680e-01
249 7.125200e-01 3.440000e-03 2.840400e-01
250 7.119400e-01 3.396000e-03 2.846640e-01
251 7.114120e-01 3.284000e-03 2.853040e-01
252 7.108440e-01 3.208000e-03 2.859480e-01
253 7.103720e-01 3.088000e-03 2.865400e-01
254 7.098560e-01 3.032000e-03 2.871120e-01
255 7.094000e-01 3.004000e-03 2.875960e-01
256 7.089320e-01 3.012000e-03 2.880560e-01
257 7.083880e-01 3.056000e-03 2.885560e-01
258 7.078760e-01 2.988000e-03 2.891360e-01
259 7.073920e-01 2.900000e-03 2.897080e-01
260 7.068880e-01 2.900000e-03 2.902120e-01
261 7.064000e-01 2.884000e-03 2.907160e-01
262 7.058560e-01 2.928000e-03 2.912160e-01
263 7.054280e-01 2.804000e-03 2.917680e-01
264 7.049760e-01 2.796000e-03 2.922280e-01
265 7.046080e-01 2.672000e-03 2.927200e-01
266 7.041720e-01 2.720000e-03 2.931080e-01
267 7.037440e-01 2.676000e-03 2.935800e-01
268 7.032680e-01 2.660000e-03 2.940720e-01
269 7.028480e-01 2.624000e-03 2.945280e-01
270 7.023200e-01 2.680000e-03 2.950000e-01
271 7.018680e-01 2.684000e-03 2.954480e-01
272 7.013240e-01 2.808000e-03 2.958680e-01
273 7.007920e-01 2.836000e-03 2.963720e-01
274 7.002200e-01 2.904000e-03 2.968760e-01
275 6.997320e-01 2.844000e-03 2.974240e-01
276 6.992200e-01 2.860000e-03 2.979200e-01
277 6.987280e-01 2.860000e-03 2.984120e-01
278 6.981800e-01 2.932000e-03 2.988880e-01
279 6.977200e-01 2.908000e-03 2.993720e-01
280 6.972720e-01 2.792000e-03 2.999360e-01
281 6.966520e-01 2.896000e-03 3.004520e-01
282 6.962080e-01 2.812000e-03 3.009800e-01
283 6.956920e-01 2.800000e-03 3.015080e-01
284 6.952440e-01 2.724000e-03 3.020320e-01
285 6.948160e-01 2.700000e-03 3.024840e-01
286 6.943640e-01 2.704000e-03 3.029320e-01
287 6.939880e-01 2.572000e-03 3.034400e-01
288 6.935400e-01 2.532000e-03 3.039280e-01
289 6.931520e-01 2.520000e-03 3.043280e-01
290 6.927040e-01 2.520000e-03 3.047760e-01
291 6.922840e-01 2.516000e-03 3.052000e-01
292 6.918280e-01 2.588000e-03 3.055840e-01
293 6.913560e-01 2.544000e-03 3.061000e-01
294 6.909360e-01 2.596000e-03 3.064680e-01
295 6.904760e-01 2.544000e-03 3.069800e-01
296 6.900400e-01 2.512000e-03 3.074480e-01
297 6.896080e-01 2.528000e-03 3.078640e-01
298 6.892720e-01 2.436000e-03 3.082920e-01
299 6.889000e-01 2.340000e-03 3.087600e-01
300 6.884280e-01 2.448000e-03 3.091240e-01
301 6.880040e-01 2.392000e-03 3.096040e-01
302 6.875040e-01 2.520000e-03 3.099760e-01
303 6.870440e-01 2.580000e-03 3.103760e-01
304 6.865360e-01 2.696000e-03 3.107680e-01
305 6.859880e-01 2.820000e-03 3.111920e-01
306 6.855360e-01 2.720000e-03 3.117440e-01
307 6.850160e-01 2.712000e-03 3.122720e-01
308 6.845040e-01 2.760000e-03 3.127360e-01
309 6.840000e-01 2.720000e-03 3.132800e-01
310 6.835960e-01 2.612000e-03 3.137920e-01
311 6.831360e-01 2.600000e-03 3.142640e-01
312 6.826480e-01 2.656000e-03 3.146960e-01
313 6.820880e-01 2.760000e-03 3.151520e-01
314 6.815760e-01 2.828000e-03 3.155960e-01
315 6.811160e-01 2.820000e-03 3.160640e-01
316 6.805840e-01 2.796000e-03 3.166200e-01
317 6.800200e-01 2.860000e-03 3.171200e-01
318 6.795800e-01 2.800000e-03 3.176200e-01
319 6.791280e-01 2.724000e-03 3.181480e-01
320 6.786880e-01 2.704000e-03 3.186080e-01
321 6.781680e-01 2.740000e-03 3.190920e-01
322 6.777400e-01 2.684000e-03 3.195760e-01
323 6.772600e-01 2.612000e-03 3.201280e-01
324 6.768720e-01 2.492000e-03 3.206360e-01
325 6.765440e-01 2.364000e-03 3.210920e-01
326 6.761800e-01 2.324000e-03 3.214960e-01
327 6.757920e-01 2.296000e-03 3.219120e-01
328 6.753040e-01 2.428000e-03 3.222680e-01
329 6.748600e-01 2.368000e-03 3.227720e-01
330 6.744120e-01 2.420000e-03 3.231680e-01
331 6.740040e-01 2.356000e-03 3.236400e-01
332 6.736000e-01 2.376000e-03 3.240240e-01
333 6.731440e-01 2.424000e-03 3.244320e-01
334 6.727640e-01 2.400000e-03 3.248360e-01
335 6.724240e-01 2.280000e-03 3.252960e-01
336 6.719800e-01 2.332000e-03 3.256880e-01
337 6.714920e-01 2.464000e-03 3.260440e-01
338 6.710440e-01 2.464000e-03 3.264920e-01
339 6.706920e-01 2.316000e-03 3.269920e-01
340 6.703080e-01 2.252000e-03 3.274400e-01
341 6.699760e-01 2.196000e-03 3.278280e-01
342 6.696000e-01 2.228000e-03 3.281720e-01
343 6.692400e-01 2.132000e-03 3.286280e-01
344 6.688920e-01 2.120000e-03 3.289880e-01
345 6.686080e-01 2.064000e-03 3.293280e-01
346 6.683280e-01 2.020000e-03 3.296520e-01
347 6.679600e-01 2.032000e-03 3.300080e-01
348 6.676680e-01 2.016000e-03 3.303160e-01
349 6.673600e-01 1.932000e-03 3.307080e-01
350 6.670480e-01 1.928000e-03 3.310240e-01
351 6.667520e-01 1.968000e-03 3.312800e-01
352 6.664800e-01 1.852000e-03 3.316680e-01
353 6.661520e-01 1.860000e-03 3.319880e-01
354 6.658640e-01 1.792000e-03 3.323440e-01
355 6.655360e-01 1.824000e-03 3.326400e-01
356 6.652360e-01 1.772000e-03 3.329920e-01
357 6.649400e-01 1.804000e-03 3.332560e-01
358 6.646040e-01 1.860000e-03 3.335360e-01
359 6.642400e-01 1.880000e-03 3.338800e-01
360 6.638760e-01 1.892000e-03 3.342320e-01
361 6.635760e-01 1.800000e-03 3.346240e-01
362 6.632520e-01 1.768000e-03 3.349800e-01
363 6.629280e-01 1.788000e-03 3.352840e-01
364 6.626480e-01 1.780000e-03 3.355720e-01
365 6.623480e-01 1.728000e-03 3.359240e-01
366 6.620600e-01 1.740000e-03 3.362000e-01
367 6.618200e-01 1.676000e-03 3.365040e-01
368 6.615560e-01 1.656000e-03 3.367880e-01
369 6.612440e-01 1.748000e-03 3.370080e-01
370 6.609720e-01 1.756000e-03 3.372720e-01
371 6.606400e-01 1.796000e-03 3.375640e-01
372 6.602880e-01 1.808000e-03 3.379040e-01
373 6.600040e-01 1.772000e-03 3.382240e-01
374 6.597200e-01 1.680000e-03 3.386000e-01
375 6.594880e-01 1.620000e-03 3.388920e-01
376 6.592360e-01 1.576000e-03 3.391880e-01
377 6.589680e-01 1.516000e-03 3.395160e-01
378 6.587160e-01 1.524000e-03 3.397600e-01
379 6.584280e-01 1.540000e-03 3.400320e-01
380 6.580960e-01 1.580000e-03 3.403240e-01
381 6.577960e-01 1.596000e-03 3.406080e-01
382 6.574160e-01 1.716000e-03 3.408680e-01
383 6.571320e-01 1.672000e-03 3.411960e-01
384 6.568840e-01 1.632000e-03 3.414840e-01
385 6.565720e-01 1.688000e-03 3.417400e-01
386 6.561160e-01 1.832000e-03 3.420520e-01
387 6.557840e-01 1.808000e-03 3.424080e-01
388 6.555520e-01 1.732000e-03 3.427160e-01
389 6.553240e-01 1.672000e-03 3.430040e-01
390 6.549760e-01 1.740000e-03 3.432840e-01
391 6.546800e-01 1.688000e-03 3.436320e-01
392 6.543600e-01 1.656000e-03 3.439840e-01
393 6.540520e-01 1.680000e-03 3.442680e-01
394 6.537640e-01 1.676000e-03 3.445600e-01
395 6.534760e-01 1.604000e-03 3.449200e-01
396 6.531720e-01 1.628000e-03 3.452000e-01
397 6.528800e-01 1.620000e-03 3.455000e-01
398 6.526200e-01 1.648000e-03 3.457320e-01
399 6.523800e-01 1.600000e-03 3.460200e-01
400 6.521640e-01 1.564000e-03 3.462720e-01
401 6.519160e-01 1.532000e-03 3.465520e-01
402 6.517120e-01 1.512000e-03 3.467760e-01
403 6.514280e-01 1.520000e-03 3.470520e-01
404 6.511640e-01 1.532000e-03 3.473040e-01
405 6.508320e-01 1.568000e-03 3.476000e-01
406 6.505960e-01 1.508000e-03 3.478960e-01
407 6.504120e-01 1.420000e-03 3.481680e-01
408 6.501720e-01 1.356000e-03 3.484720e-01
409 6.500000e-01 1.272000e-03 3.487280e-01
410 6.497720e-01 1.252000e-03 3.489760e-01
411 6.496440e-01 1.180000e-03 3.491760e-01
412 6.494440e-01 1.180000e-03 3.493760e-01
413 6.492800e-01 1.140000e-03 3.495800e-01
414 6.491080e-01 1.108000e-03 3.497840e-01
415 6.488720e-01 1.200000e-03 3.499280e-01
416 6.486720e-01 1.164000e-03 3.501640e-01
417 6.484640e-01 1.184000e-03 3.503520e-01
418 6.482480e-01 1.200000e-03 3.505520e-01
419 6.480720e-01 1.188000e-03 3.507400e-01
420 6.478400e-01 1.212000e-03 3.509480e-01
421 6.476440e-01 1.224000e-03 3.511320e-01
422 6.474080e-01 1.200000e-03 3.513920e-01
423 6.472080e-01 1.224000e-03 3.515680e-01
424 6.470160e-01 1.208000e-03 3.517760e-01
425 6.467520e-01 1.264000e-03 3.519840e-01
426 6.464760e-01 1.280000e-03 3.522440e-01
427 6.462520e-01 1.272000e-03 3.524760e-01
428 6.460040e-01 1.340000e-03 3.526560e-01
429 6.457680e-01 1.356000e-03 3.528760e-01
430 6.455600e-01 1.356000e-03 3.530840e-01
431 6.453440e-01 1.368000e-03 3.532880e-01
432 6.451120e-01 1.304000e-03 3.535840e-01
433 6.448920e-01 1.296000e-03 3.538120e-01
434 6.446400e-01 1.344000e-03 3.540160e-01
435 6.444240e-01 1.328000e-03 3.542480e-01
436 6.442520e-01 1.248000e-03 3.545000e-01
437 6.440280e-01 1.276000e-03 3.546960e-01
438 6.437960e-01 1.288000e-03 3.549160e-01
439 6.435400e-01 1.312000e-03 3.551480e-01
440 6.433040e-01 1.300000e-03 3.553960e-01
441 6.431120e-01 1.312000e-03 3.555760e-01
442 6.428760e-01 1.356000e-03 3.557680e-01
443 6.426160e-01 1.340000e-03 3.560440e-01
444 6.423960e-01 1.324000e-03 3.562800e-01
445 6.422000e-01 1.304000e-03 3.564960e-01
446 6.420360e-01 1.232000e-03 3.567320e-01
447 6.418040e-01 1.248000e-03 3.569480e-01
448 6.415840e-01 1.236000e-03 3.571800e-01
449 6.413680e-01 1.188000e-03 3.574440e-01
450 6.411280e-01 1.216000e-03 3.576560e-01
451 6.408480e-01 1.296000e-03 3.578560e-01
452 6.406440e-01 1.284000e-03 3.580720e-01
453 6.403680e-01 1.360000e-03 3.582720e-01
454 6.400680e-01 1.372000e-03 3.585600e-01
455 6.397800e-01 1.424000e-03 3.587960e-01
456 6.395920e-01 1.348000e-03 3.590600e-01
457 6.393120e-01 1.348000e-03 3.593400e-01
458 6.390480e-01 1.360000e-03 3.595920e-01
459 6.387880e-01 1.384000e-03 3.598280e-01
460 6.385200e-01 1.392000e-03 3.600880e-01
461 6.382480e-01 1.412000e-03 3.603400e-01
462 6.379960e-01 1.408000e-03 3.605960e-01
463 6.377080e-01 1.388000e-03 3.609040e-01
464 6.374560e-01 1.404000e-03 3.611400e-01
465 6.372400e-01 1.352000e-03 3.614080e-01
466 6.370680e-01 1.280000e-03 3.616520e-01
467 6.369320e-01 1.232000e-03 3.618360e-01
468 6.367280e-01 1.236000e-03 3.620360e-01
469 6.364680e-01 1.308000e-03 3.622240e-01
470 6.362160e-01 1.352000e-03 3.624320e-01
471 6.359680e-01 1.348000e-03 3.626840e-01
472 6.357200e-01 1.384000e-03 3.628960e-01
473 6.354160e-01 1.452000e-03 3.631320e-01
474 6.351800e-01 1.452000e-03 3.633680e-01
475 6.349640e-01 1.408000e-03 3.636280e-01
476 6.347920e-01 1.368000e-03 3.638400e-01
477 6.345960e-01 1.276000e-03 3.641280e-01
478 6.344120e-01 1.236000e-03 3.643520e-01
479 6.342480e-01 1.228000e-03 3.645240e-01
480 6.340800e-01 1.184000e-03 3.647360e-01
481 6.338440e-01 1.232000e-03 3.649240e-01
482 6.337000e-01 1.168000e-03 3.651320e-01
483 6.334600e-01 1.180000e-03 3.653600e-01
484 6.332600e-01 1.156000e-03 3.655840e-01
485 6.330520e-01 1.148000e-03 3.658000e-01
486 6.328640e-01 1.168000e-03 3.659680e-01
487 6.326960e-01 1.140000e-03 3.661640e-01
488 6.324960e-01 1.140000e-03 3.663640e-01
489 6.323000e-01 1.168000e-03 3.665320e-01
490 6.321400e-01 1.156000e-03 3.667040e-01
491 6.318880e-01 1.212000e-03 3.669000e-01
492 6.317160e-01 1.168000e-03 3.671160e-01
493 6.315800e-01 1.100000e-03 3.673200e-01
494 6.314080e-01 1.056000e-03 3.675360e-01
495 6.312600e-01 1.028000e-03 3.677120e-01
496 6.310920e-01 1.016000e-03 3.678920e-01
497 6.308840e-01 1.004000e-03 3.681120e-01
498 6.307000e-01 1.024000e-03 3.682760e-01
499 6.305200e-01 1.008000e-03 3.684720e-01
500 6.303560e-01 9.720000e-04 3.686720e-01
