1 9.992200e-01 6.600000e-04 1.200000e-04
2 9.987000e-01 1.064000e-03 2.360000e-04
3 9.980520e-01 1.500000e-03 4.480000e-04
4 9.973440e-01 1.960000e-03 6.960000e-04
5 9.966920e-01 2.244000e-03 1.064000e-03
6 9.958400e-01 2.688000e-03 1.472000e-03
7 9.950520e-01 2.996000e-03 1.952000e-03
8 9.942200e-01 3.336000e-03 2.444000e-03
9 9.934440e-01 3.496000e-03 3.060000e-03
10 9.924640e-01 3.844000e-03 3.692000e-03
11 9.916040e-01 3.904000e-03 4.492000e-03
12 9.906240e-01 4.104000e-03 5.272000e-03
13 9.897120e-01 4.320000e-03 5.968000e-03
14 9.887080e-01 4.528000e-03 6.764000e-03
15 9.877520e-01 4.676000e-03 7.572000e-03
16 9.867360e-01 4.792000e-03 8.472000e-03
17 9.858920e-01 4.840000e-03 9.268000e-03
18 9.849120e-01 4.940000e-03 1.014800e-02
19 9.839400e-01 5.020000e-03 1.104000e-02
20 9.829680e-01 5.112000e-03 1.192000e-02
21 9.819800e-01 5.284000e-03 1.273600e-02
22 9.809120e-01 5.408000e-03 1.368000e-02
23 9.798400e-01 5.472000e-03 1.468800e-02
24 9.787160e-01 5.648000e-03 1.563600e-02
25 9.776360e-01 5.652000e-03 1.671200e-02
26 9.764120e-01 6.004000e-03 1.758400e-02
27 9.752920e-01 6.136000e-03 1.857200e-02
28 9.740120e-01 6.328000e-03 1.966000e-02
29 9.727360e-01 6.504000e-03 2.076000e-02
30 9.714280e-01 6.656000e-03 2.191600e-02
31 9.701680e-01 6.808000e-03 2.302400e-02
32 9.689080e-01 6.844000e-03 2.424800e-02
33 9.675240e-01 7.112000e-03 2.536400e-02
34 9.662680e-01 7.080000e-03 2.665200e-02
35 9.650560e-01 6.972000e-03 2.797200e-02
36 9.637960e-01 6.992000e-03 2.921200e-02
37 9.623880e-01 7.232000e-03 3.038000e-02
38 9.608320e-01 7.556000e-03 3.161200e-02
39 9.593880e-01 7.756000e-03 3.285600e-02
40 9.579280e-01 7.972000e-03 3.410000e-02
41 9.564200e-01 8.008000e-03 3.557200e-02
42 9.548760e-01 8.220000e-03 3.690400e-02
43 9.534520e-01 8.184000e-03 3.836400e-02
44 9.520440e-01 8.172000e-03 3.978400e-02
45 9.504120e-01 8.476000e-03 4.111200e-02
46 9.486720e-01 8.840000e-03 4.248800e-02
47 9.471840e-01 8.716000e-03 4.410000e-02
48 9.457280e-01 8.768000e-03 4.550400e-02
49 9.441800e-01 8.664000e-03 4.715600e-02
50 9.427440e-01 8.608000e-03 4.864800e-02
51 9.412640e-01 8.472000e-03 5.026400e-02
52 9.395880e-01 8.692000e-03 5.172000e-02
53 9.381520e-01 8.696000e-03 5.315200e-02
54 9.364160e-01 8.948000e-03 5.463600e-02
55 9.347520e-01 9.108000e-03 5.614000e-02
56 9.331000e-01 9.088000e-03 5.781200e-02
57 9.314400e-01 9.300000e-03 5.926000e-02
58 9.298880e-01 9.220000e-03 6.089200e-02
59 9.283080e-01 9.184000e-03 6.250800e-02
60 9.268040e-01 9.160000e-03 6.403600e-02
61 9.252600e-01 9.036000e-03 6.570400e-02
62 9.237680e-01 8.968000e-03 6.726400e-02
63 9.222440e-01 8.832000e-03 6.892400e-02
64 9.207920e-01 8.692000e-03 7.051600e-02
65 9.192600e-01 8.584000e-03 7.215600e-02
66 9.177000e-01 8.732000e-03 7.356800e-02
67 9.163640e-01 8.552000e-03 7.508400e-02
68 9.150560e-01 8.380000e-03 7.656400e-02
69 9.134800e-01 8.444000e-03 7.807600e-02
70 9.119880e-01 8.468000e-03 7.954400e-02
71 9.104360e-01 8.504000e-03 8.106000e-02
72 9.089000e-01 8.540000e-03 8.256000e-02
73 9.074120e-01 8.616000e-03 8.397200e-02
74 9.057720e-01 8.712000e-03 8.551600e-02
75 9.042640e-01 8.624000e-03 8.711200e-02
76 9.028240e-01 8.564000e-03 8.861200e-02
77 9.013520e-01 8.412000e-03 9.023600e-02
78 8.999160e-01 8.360000e-03 9.172400e-02
79 8.983840e-01 8.396000e-03 9.322000e-02
80 8.967800e-01 8.532000e-03 9.468800e-02
81 8.952880e-01 8.600000e-03 9.611200e-02
82 8.938640e-01 8.560000e-03 9.757600e-02
83 8.924480e-01 8.408000e-03 9.914400e-02
84 8.910440e-01 8.336000e-03 1.006200e-01
85 8.896480e-01 8.200000e-03 1.021520e-01
86 8.881880e-01 8.308000e-03 1.035040e-01
87 8.866960e-01 8.436000e-03 1.048680e-01
88 8.853280e-01 8.356000e-03 1.063160e-01
89 8.838200e-01 8.360000e-03 1.078200e-01
90 8.824040e-01 8.288000e-03 1.093080e-01
91 8.809600e-01 8.264000e-03 1.107760e-01
92 8.796160e-01 8.304000e-03 1.120800e-01
93 8.781600e-01 8.280000e-03 1.135600e-01
94 8.767280e-01 8.288000e-03 1.149840e-01
95 8.750040e-01 8.388000e-03 1.166080e-01
96 8.735320e-01 8.428000e-03 1.180400e-01
97 8.720680e-01 8.416000e-03 1.195160e-01
98 8.706840e-01 8.292000e-03 1.210240e-01
99 8.694560e-01 8.016000e-03 1.225280e-01
100 8.680720e-01 7.960000e-03 1.239680e-01
101 8.669880e-01 7.596000e-03 1.254160e-01
102 8.657400e-01 7.528000e-03 1.267320e-01
103 8.644720e-01 7.460000e-03 1.280680e-01
104 8.630440e-01 7.492000e-03 1.294640e-01
105 8.616960e-01 7.620000e-03 1.306840e-01
106 8.605280e-01 7.468000e-03 1.320040e-01
107 8.593520e-01 7.320000e-03 1.333280e-01
108 8.581920e-01 7.124000e-03 1.346840e-01
109 8.569600e-01 7.012000e-03 1.360280e-01
110 8.558360e-01 6.872000e-03 1.372920e-01
111 8.547200e-01 6.676000e-03 1.386040e-01
112 8.535560e-01 6.676000e-03 1.397680e-01
113 8.524440e-01 6.644000e-03 1.409120e-01
114 8.514720e-01 6.400000e-03 1.421280e-01
115 8.503960e-01 6.392000e-03 1.432120e-01
116 8.494920e-01 6.252000e-03 1.442560e-01
117 8.484360e-01 6.124000e-03 1.454400e-01
118 8.474680e-01 6.040000e-03 1.464920e-01
119 8.464640e-01 5.892000e-03 1.476440e-01
120 8.455040e-01 5.756000e-03 1.487400e-01
121 8.444280e-01 5.832000e-03 1.497400e-01
122 8.435560e-01 5.784000e-03 1.506600e-01
123 8.425080e-01 5.864000e-03 1.516280e-01
124 8.414600e-01 5.856000e-03 1.526840e-01
125 8.405000e-01 5.752000e-03 1.537480e-01
126 8.393280e-01 5.992000e-03 1.546800e-01
127 8.382040e-01 6.064000e-03 1.557320e-01
128 8.371880e-01 6.048000e-03 1.567640e-01
129 8.361520e-01 6.120000e-03 1.577280e-01
130 8.350440e-01 6.248000e-03 1.587080e-01
131 8.339360e-01 6.220000e-03 1.598440e-01
132 8.329120e-01 6.236000e-03 1.608520e-01
133 8.319920e-01 5.984000e-03 1.620240e-01
134 8.310240e-01 5.944000e-03 1.630320e-01
135 8.300200e-01 5.760000e-03 1.642200e-01
136 8.290680e-01 5.732000e-03 1.652000e-01
137 8.280880e-01 5.712000e-03 1.662000e-01
138 8.269600e-01 5.796000e-03 1.672440e-01
139 8.258520e-01 5.872000e-03 1.682760e-01
140 8.247360e-01 6.036000e-03 1.692280e-01
141 8.236960e-01 6.044000e-03 1.702600e-01
142 8.226920e-01 5.952000e-03 1.713560e-01
143 8.218680e-01 5.708000e-03 1.724240e-01
144 8.208680e-01 5.680000e-03 1.734520e-01
145 8.199360e-01 5.644000e-03 1.744200e-01
146 8.190760e-01 5.516000e-03 1.754080e-01
147 8.182400e-01 5.460000e-03 1.763000e-01
148 8.173560e-01 5.376000e-03 1.772680e-01
149 8.165560e-01 5.240000e-03 1.782040e-01
150 8.157320e-01 5.132000e-03 1.791360e-01
151 8.149720e-01 4.972000e-03 1.800560e-01
152 8.140640e-01 5.048000e-03 1.808880e-01
153 8.131160e-01 5.144000e-03 1.817400e-01
154 8.122560e-01 5.028000e-03 1.827160e-01
155 8.114520e-01 4.968000e-03 1.835800e-01
156 8.105760e-01 5.004000e-03 1.844200e-01
157 8.096160e-01 5.056000e-03 1.853280e-01
158 8.087640e-01 5.080000e-03 1.861560e-01
159 8.077560e-01 5.296000e-03 1.869480e-01
160 8.068880e-01 5.244000e-03 1.878680e-01
161 8.057800e-01 5.380000e-03 1.888400e-01
162 8.048480e-01 5.340000e-03 1.898120e-01
163 8.039600e-01 5.312000e-03 1.907280e-01
164 8.032160e-01 5.116000e-03 1.916680e-01
165 8.023920e-01 5.104000e-03 1.925040e-01
166 8.015080e-01 5.124000e-03 1.933680e-01
167 8.007440e-01 5.108000e-03 1.941480e-01
168 7.999560e-01 4.964000e-03 1.950800e-01
169 7.991240e-01 4.948000e-03 1.959280e-01
170 7.983080e-01 4.912000e-03 1.967800e-01
171 7.974880e-01 4.860000e-03 1.976520e-01
172 7.967280e-01 4.676000e-03 1.985960e-01
173 7.959560e-01 4.680000e-03 1.993640e-01
174 7.951000e-01 4.640000e-03 2.002600e-01
175 7.942640e-01 4.656000e-03 2.010800e-01
176 7.934440e-01 4.716000e-03 2.018400e-01
177 7.926400e-01 4.660000e-03 2.027000e-01
178 7.918720e-01 4.552000e-03 2.035760e-01
179 7.911200e-01 4.480000e-03 2.044000e-01
180 7.902680e-01 4.628000e-03 2.051040e-01
181 7.893400e-01 4.676000e-03 2.059840e-01
182 7.885040e-01 4.616000e-03 2.068800e-01
183 7.876040e-01 4.516000e-03 2.078800e-01
184 7.866520e-01 4.732000e-03 2.086160e-01
185 7.858080e-01 4.804000e-03 2.093880e-01
186 7.850080e-01 4.756000e-03 2.102360e-01
187 7.840480e-01 4.876000e-03 2.110760e-01
188 7.831480e-01 4.984000e-03 2.118680e-01
189 7.822280e-01 5.004000e-03 2.127680e-01
190 7.813880e-01 4.996000e-03 2.136160e-01
191 7.805760e-01 4.924000e-03 2.145000e-01
192 7.797080e-01 4.960000e-03 2.153320e-01
193 7.788440e-01 4.892000e-03 2.162640e-01
194 7.780080e-01 4.880000e-03 2.171120e-01
195 7.772760e-01 4.764000e-03 2.179600e-01
196 7.764960e-01 4.748000e-03 2.187560e-01
197 7.757080e-01 4.768000e-03 2.195240e-01
198 7.748760e-01 4.800000e-03 2.203240e-01
199 7.740640e-01 4.668000e-03 2.212680e-01
200 7.731800e-01 4.772000e-03 2.220480e-01
201 7.723880e-01 4.768000e-03 2.228440e-01
202 7.716120e-01 4.800000e-03 2.235880e-01
203 7.707880e-01 4.768000e-03 2.244440e-01
204 7.700880e-01 4.648000e-03 2.252640e-01
205 7.693000e-01 4.564000e-03 2.261360e-01
206 7.684360e-01 4.628000e-03 2.269360e-01
207 7.676280e-01 4.584000e-03 2.277880e-01
208 7.667960e-01 4.628000e-03 2.285760e-01
209 7.659680e-01 4.724000e-03 2.293080e-01
210 7.652480e-01 4.636000e-03 2.301160e-01
211 7.643960e-01 4.696000e-03 2.309080e-01
212 7.636680e-01 4.484000e-03 2.318480e-01
213 7.629880e-01 4.432000e-03 2.325800e-01
214 7.621600e-01 4.456000e-03 2.333840e-01
215 7.614200e-01 4.472000e-03 2.341080e-01
216 7.606560e-01 4.472000e-03 2.348720e-01
217 7.599320e-01 4.408000e-03 2.356600e-01
218 7.592080e-01 4.404000e-03 2.363880e-01
219 7.584760e-01 4.424000e-03 2.371000e-01
220 7.576600e-01 4.548000e-03 2.377920e-01
221 7.568840e-01 4.488000e-03 2.386280e-01
222 7.561640e-01 4.408000e-03 2.394280e-01
223 7.554040e-01 4.380000e-03 2.402160e-01
224 7.546920e-01 4.380000e-03 2.409280e-01
225 7.538800e-01 4.476000e-03 2.416440e-01
226 7.530680e-01 4.532000e-03 2.424000e-01
227 7.521160e-01 4.704000e-03 2.431800e-01
228 7.511800e-01 4.816000e-03 2.440040e-01
229 7.502960e-01 4.912000e-03 2.447920e-01
230 7.495360e-01 4.736000e-03 2.457280e-01
231 7.487880e-01 4.656000e-03 2.465560e-01
232 7.480600e-01 4.476000e-03 2.474640e-01
233 7.473600e-01 4.384000e-03 2.482560e-01
234 7.467000e-01 4.264000e-03 2.490360e-01
235 7.461320e-01 4.108000e-03 2.497600e-01
236 7.454840e-01 4.044000e-03 2.504720e-01
237 7.449160e-01 3.952000e-03 2.511320e-01
238 7.442320e-01 3.964000e-03 2.518040e-01
239 7.435680e-01 3.904000e-03 2.525280e-01
240 7.428840e-01 3.880000e-03 2.532360e-01
241 7.422840e-01 3.836000e-03 2.538800e-01
242 7.415760e-01 3.924000e-03 2.545000e-01
243 7.409320e-01 3.788000e-03 2.552800e-01
244 7.401760e-01 3.924000e-03 2.559000e-01
245 7.393360e-01 4.048000e-03 2.566160e-01
246 7.384640e-01 4.276000e-03 2.572600e-01
247 7.377400e-01 4.244000e-03 2.580160e-01
248 7.369800e-01 4.208000e-03 2.588120e-01
249 7.362680e-01 4.200000e-03 2.595320e-01
250 7.356640e-01 4.044000e-03 2.602920e-01
251 7.349840e-01 3.956000e-03 2.610600e-01
252 7.342960e-01 3.896000e-03 2.618080e-01
253 7.335320e-01 3.960000e-03 2.625080e-01
254 7.328480e-01 3.900000e-03 2.632520e-01
255 7.322400e-01 3.876000e-03 2.638840e-01
256 7.314000e-01 4.048000e-03 2.645520e-01
257 7.308480e-01 3.876000e-03 2.652760e-01
258 7.302120e-01 3.932000e-03 2.658560e-01
259 7.295120e-01 3.956000e-03 2.665320e-01
260 7.287920e-01 3.976000e-03 2.672320e-01
261 7.281520e-01 3.988000e-03 2.678600e-01
262 7.275320e-01 3.968000e-03 2.685000e-01
263 7.269320e-01 3.868000e-03 2.692000e-01
264 7.263640e-01 3.792000e-03 2.698440e-01
265 7.258800e-01 3.540000e-03 2.705800e-01
266 7.253680e-01 3.456000e-03 2.711760e-01
267 7.247880e-01 3.436000e-03 2.717760e-01
268 7.241600e-01 3.432000e-03 2.724080e-01
269 7.235200e-01 3.472000e-03 2.730080e-01
270 7.229400e-01 3.436000e-03 2.736240e-01
271 7.223080e-01 3.448000e-03 2.742440e-01
272 7.215960e-01 3.624000e-03 2.747800e-01
273 7.209160e-01 3.708000e-03 2.753760e-01
274 7.202840e-01 3.680000e-03 2.760360e-01
275 7.195960e-01 3.724000e-03 2.766800e-01
276 7.189920e-01 3.676000e-03 2.773320e-01
277 7.183000e-01 3.640000e-03 2.780600e-01
278 7.176720e-01 3.624000e-03 2.787040e-01
279 7.171200e-01 3.556000e-03 2.793240e-01
280 7.164960e-01 3.544000e-03 2.799600e-01
281 7.158440e-01 3.644000e-03 2.805120e-01
282 7.152480e-01 3.568000e-03 2.811840e-01
283 7.146120e-01 3.584000e-03 2.818040e-01
284 7.140360e-01 3.584000e-03 2.823800e-01
285 7.134440e-01 3.516000e-03 2.830400e-01
286 7.128480e-01 3.504000e-03 2.836480e-01
287 7.123320e-01 3.396000e-03 2.842720e-01
288 7.118160e-01 3.308000e-03 2.848760e-01
289 7.113760e-01 3.168000e-03 2.854560e-01
290 7.108040e-01 3.224000e-03 2.859720e-01
291 7.102760e-01 3.136000e-03 2.865880e-01
292 7.097240e-01 3.112000e-03 2.871640e-01
293 7.091680e-01 3.220000e-03 2.876120e-01
294 7.085760e-01 3.216000e-03 2.882080e-01
295 7.080000e-01 3.204000e-03 2.887960e-01
296 7.075600e-01 3.068000e-03 2.893720e-01
297 7.070800e-01 3.036000e-03 2.898840e-01
298 7.065720e-01 2.968000e-03 2.904600e-01
299 7.060520e-01 3.012000e-03 2.909360e-01
300 7.054760e-01 3.060000e-03 2.914640e-01
301 7.049400e-01 3.096000e-03 2.919640e-01
302 7.043040e-01 3.164000e-03 2.925320e-01
303 7.037760e-01 3.204000e-03 2.930200e-01
304 7.032080e-01 3.160000e-03 2.936320e-01
305 7.026240e-01 3.228000e-03 2.941480e-01
306 7.021000e-01 3.212000e-03 2.946880e-01
307 7.016040e-01 3.132000e-03 2.952640e-01
308 7.009680e-01 3.216000e-03 2.958160e-01
309 7.004680e-01 3.136000e-03 2.963960e-01
310 6.999200e-01 3.128000e-03 2.969520e-01
311 6.993440e-01 3.152000e-03 2.975040e-01
312 6.987880e-01 3.168000e-03 2.980440e-01
313 6.982400e-01 3.224000e-03 2.985360e-01
314 6.976360e-01 3.304000e-03 2.990600e-01
315 6.971240e-01 3.180000e-03 2.996960e-01
316 6.966560e-01 3.120000e-03 3.002240e-01
317 6.962040e-01 2.988000e-03 3.008080e-01
318 6.957840e-01 2.900000e-03 3.013160e-01
319 6.953360e-01 2.876000e-03 3.017880e-01
320 6.948840e-01 2.832000e-03 3.022840e-01
321 6.943960e-01 2.900000e-03 3.027040e-01
322 6.939160e-01 2.832000e-03 3.032520e-01
323 6.934680e-01 2.832000e-03 3.037000e-01
324 6.930040e-01 2.756000e-03 3.042400e-01
325 6.924760e-01 2.836000e-03 3.046880e-01
326 6.918520e-01 2.928000e-03 3.052200e-01
327 6.913720e-01 2.920000e-03 3.057080e-01
328 6.909280e-01 2.840000e-03 3.062320e-01
329 6.904680e-01 2.828000e-03 3.067040e-01
330 6.900600e-01 2.724000e-03 3.072160e-01
331 6.895520e-01 2.724000e-03 3.077240e-01
332 6.890840e-01 2.696000e-03 3.082200e-01
333 6.887360e-01 2.588000e-03 3.086760e-01
334 6.882920e-01 2.628000e-03 3.090800e-01
335 6.878480e-01 2.620000e-03 3.095320e-01
336 6.874760e-01 2.520000e-03 3.100040e-01
337 6.869800e-01 2.528000e-03 3.104920e-01
338 6.864760e-01 2.536000e-03 3.109880e-01
339 6.861160e-01 2.436000e-03 3.114480e-01
340 6.857920e-01 2.332000e-03 3.118760e-01
341 6.854360e-01 2.304000e-03 3.122600e-01
342 6.850720e-01 2.260000e-03 3.126680e-01
343 6.846960e-01 2.288000e-03 3.130160e-01
344 6.843600e-01 2.220000e-03 3.134200e-01
345 6.839720e-01 2.224000e-03 3.138040e-01
346 6.836240e-01 2.184000e-03 3.141920e-01
347 6.831960e-01 2.240000e-03 3.145640e-01
348 6.827520e-01 2.240000e-03 3.150080e-01
349 6.823280e-01 2.296000e-03 3.153760e-01
350 6.818520e-01 2.412000e-03 3.157360e-01
351 6.813920e-01 2.428000e-03 3.161800e-01
352 6.809600e-01 2.544000e-03 3.164960e-01
353 6.805800e-01 2.496000e-03 3.169240e-01
354 6.802480e-01 2.432000e-03 3.173200e-01
355 6.798520e-01 2.396000e-03 3.177520e-01
356 6.794840e-01 2.348000e-03 3.181680e-01
357 6.790920e-01 2.356000e-03 3.185520e-01
358 6.787240e-01 2.344000e-03 3.189320e-01
359 6.783080e-01 2.308000e-03 3.193840e-01
360 6.779360e-01 2.268000e-03 3.197960e-01
361 6.776000e-01 2.236000e-03 3.201640e-01
362 6.772640e-01 2.236000e-03 3.205000e-01
363 6.769160e-01 2.208000e-03 3.208760e-01
364 6.765520e-01 2.184000e-03 3.212640e-01
365 6.762120e-01 2.132000e-03 3.216560e-01
366 6.758160e-01 2.140000e-03 3.220440e-01
367 6.754720e-01 2.084000e-03 3.224440e-01
368 6.750160e-01 2.132000e-03 3.228520e-01
369 6.745840e-01 2.244000e-03 3.231720e-01
370 6.741760e-01 2.276000e-03 3.235480e-01
371 6.737160e-01 2.328000e-03 3.239560e-01
372 6.733280e-01 2.324000e-03 3.243480e-01
373 6.729680e-01 2.284000e-03 3.247480e-01
374 6.726680e-01 2.188000e-03 3.251440e-01
375 6.722680e-01 2.148000e-03 3.255840e-01
376 6.719120e-01 2.064000e-03 3.260240e-01
377 6.716120e-01 1.956000e-03 3.264320e-01
378 6.713400e-01 1.908000e-03 3.267520e-01
379 6.709480e-01 1.940000e-03 3.271120e-01
380 6.706080e-01 1.984000e-03 3.274080e-01
381 6.702400e-01 1.932000e-03 3.278280e-01
382 6.698840e-01 1.884000e-03 3.282320e-01
383 6.695840e-01 1.920000e-03 3.284960e-01
384 6.692920e-01 1.884000e-03 3.288240e-01
385 6.690920e-01 1.720000e-03 3.291880e-01
386 6.688640e-01 1.684000e-03 3.294520e-01
387 6.685880e-01 1.680000e-03 3.297320e-01
388 6.683200e-01 1.588000e-03 3.300920e-01
389 6.680760e-01 1.568000e-03 3.303560e-01
390 6.678240e-01 1.576000e-03 3.306000e-01
391 6.675480e-01 1.596000e-03 3.308560e-01
392 6.672680e-01 1.600000e-03 3.311320e-01
393 6.670400e-01 1.544000e-03 3.314160e-01
394 6.667800e-01 1.536000e-03 3.316840e-01
395 6.664760e-01 1.660000e-03 3.318640e-01
396 6.663040e-01 1.516000e-03 3.321800e-01
397 6.660960e-01 1.472000e-03 3.324320e-01
398 6.658000e-01 1.528000e-03 3.326720e-01
399 6.654680e-01 1.588000e-03 3.329440e-01
400 6.652120e-01 1.552000e-03 3.332360e-01
401 6.648800e-01 1.600000e-03 3.335200e-01
402 6.646360e-01 1.608000e-03 3.337560e-01
403 6.643520e-01 1.616000e-03 3.340320e-01
404 6.640080e-01 1.624000e-03 3.343680e-01
405 6.637160e-01 1.656000e-03 3.346280e-01
406 6.634200e-01 1.732000e-03 3.348480e-01
407 6.631200e-01 1.752000e-03 3.351280e-01
408 6.628840e-01 1.664000e-03 3.354520e-01
409 6.625840e-01 1.712000e-03 3.357040e-01
410 6.622960e-01 1.620000e-03 3.360840e-01
411 6.619680e-01 1.636000e-03 3.363960e-01
412 6.616920e-01 1.608000e-03 3.367000e-01
413 6.613760e-01 1.632000e-03 3.369920e-01
414 6.611600e-01 1.572000e-03 3.372680e-01
415 6.608240e-01 1.676000e-03 3.375000e-01
416 6.605320e-01 1.664000e-03 3.378040e-01
417 6.602720e-01 1.684000e-03 3.380440e-01
418 6.599880e-01 1.696000e-03 3.383160e-01
419 6.596920e-01 1.724000e-03 3.385840e-01
420 6.594040e-01 1.760000e-03 3.388360e-01
421 6.591000e-01 1.776000e-03 3.391240e-01
422 6.588720e-01 1.712000e-03 3.394160e-01
423 6.586400e-01 1.616000e-03 3.397440e-01
424 6.584400e-01 1.500000e-03 3.400600e-01
425 6.582400e-01 1.400000e-03 3.403600e-01
426 6.579680e-01 1.456000e-03 3.405760e-01
427 6.577240e-01 1.444000e-03 3.408320e-01
428 6.575280e-01 1.392000e-03 3.410800e-01
429 6.572760e-01 1.480000e-03 3.412440e-01
430 6.569920e-01 1.532000e-03 3.414760e-01
431 6.567320e-01 1.564000e-03 3.417040e-01
432 6.564920e-01 1.512000e-03 3.419960e-01
433 6.561760e-01 1.580000e-03 3.422440e-01
434 6.558840e-01 1.612000e-03 3.425040e-01
435 6.556440e-01 1.548000e-03 3.428080e-01
436 6.554280e-01 1.548000e-03 3.430240e-01
437 6.551480e-01 1.608000e-03 3.432440e-01
438 6.549320e-01 1.576000e-03 3.434920e-01
439 6.546920e-01 1.564000e-03 3.437440e-01
440 6.544240e-01 1.548000e-03 3.440280e-01
441 6.541920e-01 1.544000e-03 3.442640e-01
442 6.539000e-01 1.568000e-03 3.445320e-01
443 6.536040e-01 1.592000e-03 3.448040e-01
444 6.534280e-01 1.504000e-03 3.450680e-01
445 6.531960e-01 1.532000e-03 3.452720e-01
446 6.529360e-01 1.512000e-03 3.455520e-01
447 6.527480e-01 1.420000e-03 3.458320e-01
448 6.525360e-01 1.420000e-03 3.460440e-01
449 6.523280e-01 1.412000e-03 3.462600e-01
450 6.520640e-01 1.436000e-03 3.465000e-01
451 6.517920e-01 1.456000e-03 3.467520e-01
452 6.515720e-01 1.416000e-03 3.470120e-01
453 6.513760e-01 1.408000e-03 3.472160e-01
454 6.511120e-01 1.452000e-03 3.474360e-01
455 6.509560e-01 1.312000e-03 3.477320e-01
456 6.507360e-01 1.304000e-03 3.479600e-01
457 6.505240e-01 1.268000e-03 3.482080e-01
458 6.503320e-01 1.228000e-03 3.484400e-01
459 6.501560e-01 1.176000e-03 3.486680e-01
460 6.500000e-01 1.120000e-03 3.488800e-01
461 6.497880e-01 1.152000e-03 3.490600e-01
462 6.495880e-01 1.152000e-03 3.492600e-01
463 6.493680e-01 1.200000e-03 3.494320e-01
464 6.492440e-01 1.108000e-03 3.496480e-01
465 6.490560e-01 1.060000e-03 3.498840e-01
466 6.488880e-01 1.060000e-03 3.500520e-01
467 6.486560e-01 1.108000e-03 3.502360e-01
468 6.483960e-01 1.124000e-03 3.504800e-01
469 6.482160e-01 1.108000e-03 3.506760e-01
470 6.480200e-01 1.120000e-03 3.508600e-01
471 6.478320e-01 1.148000e-03 3.510200e-01
472 6.476880e-01 1.140000e-03 3.511720e-01
473 6.475440e-01 1.104000e-03 3.513520e-01
474 6.473800e-01 1.108000e-03 3.515120e-01
475 6.472120e-01 1.096000e-03 3.516920e-01
476 6.470520e-01 1.084000e-03 3.518640e-01
477 6.468880e-01 1.076000e-03 3.520360e-01
478 6.467320e-01 1.036000e-03 3.522320e-01
479 6.465600e-01 1.044000e-03 3.523960e-01
480 6.464520e-01 9.800000e-04 3.525680e-01
481 6.463120e-01 9.600000e-04 3.527280e-01
482 6.461880e-01 9.320000e-04 3.528800e-01
483 6.460840e-01 8.440000e-04 3.530720e-01
484 6.459880e-01 7.840000e-04 3.532280e-01
485 6.458920e-01 7.600000e-04 3.533480e-01
486 6.457960e-01 6.960000e-04 3.535080e-01
487 6.456920e-01 6.960000e-04 3.536120e-01
488 6.456120e-01 6.560000e-04 3.537320e-01
489 6.455360e-01 5.880000e-04 3.538760e-01
490 6.454880e-01 5.080000e-04 3.540040e-01
491 6.454200e-01 4.880000e-04 3.540920e-01
492 6.453760e-01 4.600000e-04 3.541640e-01
493 6.453240e-01 4.480000e-04 3.542280e-01
494 6.452680e-01 4.240000e-04 3.543080e-01
495 6.451600e-01 4.480000e-04 3.543920e-01
496 6.451000e-01 4.040000e-04 3.544960e-01
497 6.450520e-01 3.440000e-04 3.546040e-01
498 6.450120e-01 3.520000e-04 3.546360e-01
499 6.449440e-01 3.600000e-04 3.546960e-01
500 6.448560e-01 4.040000e-04 3.547400e-01
