1 9.991960e-01 7.080000e-04 9.600000e-05
2 9.986880e-01 1.012000e-03 3.000000e-04
3 9.980280e-01 1.492000e-03 4.800000e-04
4 9.973360e-01 1.936000e-03 7.280000e-04
5 9.964920e-01 2.388000e-03 1.120000e-03
6 9.957040e-01 2.712000e-03 1.584000e-03
7 9.948120e-01 3.068000e-03 2.120000e-03
8 9.939680e-01 3.364000e-03 2.668000e-03
9 9.931080e-01 3.556000e-03 3.336000e-03
10 9.921680e-01 3.836000e-03 3.996000e-03
11 9.912240e-01 4.084000e-03 4.692000e-03
12 9.903640e-01 4.256000e-03 5.380000e-03
13 9.893720e-01 4.436000e-03 6.192000e-03
14 9.884560e-01 4.500000e-03 7.044000e-03
15 9.876000e-01 4.536000e-03 7.864000e-03
16 9.867000e-01 4.508000e-03 8.792000e-03
17 9.858720e-01 4.532000e-03 9.596000e-03
18 9.848800e-01 4.668000e-03 1.045200e-02
19 9.837920e-01 4.980000e-03 1.122800e-02
20 9.828720e-01 5.100000e-03 1.202800e-02
21 9.817920e-01 5.300000e-03 1.290800e-02
22 9.806600e-01 5.508000e-03 1.383200e-02
23 9.795520e-01 5.608000e-03 1.484000e-02
24 9.786000e-01 5.420000e-03 1.598000e-02
25 9.776600e-01 5.384000e-03 1.695600e-02
26 9.768520e-01 5.172000e-03 1.797600e-02
27 9.757560e-01 5.300000e-03 1.894400e-02
28 9.747320e-01 5.396000e-03 1.987200e-02
29 9.737400e-01 5.376000e-03 2.088400e-02
30 9.726840e-01 5.496000e-03 2.182000e-02
31 9.716240e-01 5.556000e-03 2.282000e-02
32 9.705600e-01 5.652000e-03 2.378800e-02
33 9.695320e-01 5.656000e-03 2.481200e-02
34 9.685200e-01 5.608000e-03 2.587200e-02
35 9.674280e-01 5.692000e-03 2.688000e-02
36 9.663600e-01 5.860000e-03 2.778000e-02
37 9.653680e-01 5.720000e-03 2.891200e-02
38 9.642120e-01 5.824000e-03 2.996400e-02
39 9.631600e-01 5.976000e-03 3.086400e-02
40 9.620120e-01 6.076000e-03 3.191200e-02
41 9.609120e-01 6.104000e-03 3.298400e-02
42 9.599600e-01 6.004000e-03 3.403600e-02
43 9.587720e-01 6.192000e-03 3.503600e-02
44 9.576000e-01 6.328000e-03 3.607200e-02
45 9.563280e-01 6.596000e-03 3.707600e-02
46 9.551520e-01 6.528000e-03 3.832000e-02
47 9.539920e-01 6.552000e-03 3.945600e-02
48 9.527760e-01 6.588000e-03 4.063600e-02
49 9.516600e-01 6.628000e-03 4.171200e-02
50 9.506560e-01 6.504000e-03 4.284000e-02
51 9.495640e-01 6.536000e-03 4.390000e-02
52 9.485440e-01 6.412000e-03 4.504400e-02
53 9.473320e-01 6.620000e-03 4.604800e-02
54 9.461120e-01 6.624000e-03 4.726400e-02
55 9.448720e-01 6.696000e-03 4.843200e-02
56 9.437240e-01 6.636000e-03 4.964000e-02
57 9.425480e-01 6.628000e-03 5.082400e-02
58 9.414200e-01 6.500000e-03 5.208000e-02
59 9.401800e-01 6.500000e-03 5.332000e-02
60 9.389760e-01 6.620000e-03 5.440400e-02
61 9.377840e-01 6.724000e-03 5.549200e-02
62 9.365680e-01 6.804000e-03 5.662800e-02
63 9.352840e-01 6.904000e-03 5.781200e-02
64 9.340920e-01 6.800000e-03 5.910800e-02
65 9.327320e-01 7.008000e-03 6.026000e-02
66 9.313800e-01 7.144000e-03 6.147600e-02
67 9.301120e-01 7.216000e-03 6.267200e-02
68 9.289000e-01 7.216000e-03 6.388400e-02
69 9.278120e-01 7.036000e-03 6.515200e-02
70 9.264760e-01 7.028000e-03 6.649600e-02
71 9.250960e-01 7.068000e-03 6.783600e-02
72 9.236680e-01 7.328000e-03 6.900400e-02
73 9.222800e-01 7.416000e-03 7.030400e-02
74 9.209080e-01 7.552000e-03 7.154000e-02
75 9.196880e-01 7.412000e-03 7.290000e-02
76 9.184480e-01 7.324000e-03 7.422800e-02
77 9.170840e-01 7.348000e-03 7.556800e-02
78 9.157960e-01 7.412000e-03 7.679200e-02
79 9.145960e-01 7.280000e-03 7.812400e-02
80 9.134080e-01 7.212000e-03 7.938000e-02
81 9.122960e-01 7.076000e-03 8.062800e-02
82 9.110360e-01 7.100000e-03 8.186400e-02
83 9.098480e-01 7.084000e-03 8.306800e-02
84 9.087360e-01 7.020000e-03 8.424400e-02
85 9.076560e-01 6.972000e-03 8.537200e-02
86 9.065040e-01 6.936000e-03 8.656000e-02
87 9.052200e-01 7.016000e-03 8.776400e-02
88 9.041400e-01 6.860000e-03 8.900000e-02
89 9.028240e-01 7.064000e-03 9.011200e-02
90 9.015800e-01 7.100000e-03 9.132000e-02
91 9.001880e-01 7.256000e-03 9.255600e-02
92 8.988960e-01 7.408000e-03 9.369600e-02
93 8.975440e-01 7.324000e-03 9.513200e-02
94 8.963000e-01 7.300000e-03 9.640000e-02
95 8.949960e-01 7.256000e-03 9.774800e-02
96 8.937920e-01 7.324000e-03 9.888400e-02
97 8.924280e-01 7.404000e-03 1.001680e-01
98 8.911720e-01 7.304000e-03 1.015240e-01
99 8.899800e-01 7.212000e-03 1.028080e-01
100 8.887480e-01 7.200000e-03 1.040520e-01
101 8.875720e-01 6.932000e-03 1.054960e-01
102 8.863520e-01 6.932000e-03 1.067160e-01
103 8.851400e-01 6.892000e-03 1.079680e-01
104 8.836240e-01 7.164000e-03 1.092120e-01
105 8.823160e-01 7.292000e-03 1.103920e-01
106 8.810880e-01 7.192000e-03 1.117200e-01
107 8.798480e-01 7.140000e-03 1.130120e-01
108 8.786160e-01 7.112000e-03 1.142720e-01
109 8.772720e-01 7.340000e-03 1.153880e-01
110 8.760200e-01 7.364000e-03 1.166160e-01
111 8.745720e-01 7.488000e-03 1.179400e-01
112 8.731040e-01 7.660000e-03 1.192360e-01
113 8.717600e-01 7.628000e-03 1.206120e-01
114 8.703440e-01 7.692000e-03 1.219640e-01
115 8.689840e-01 7.572000e-03 1.234440e-01
116 8.676240e-01 7.696000e-03 1.246800e-01
117 8.663200e-01 7.780000e-03 1.259000e-01
118 8.648720e-01 7.848000e-03 1.272800e-01
119 8.634680e-01 7.948000e-03 1.285840e-01
120 8.619880e-01 8.092000e-03 1.299200e-01
121 8.606000e-01 8.072000e-03 1.313280e-01
122 8.593160e-01 7.984000e-03 1.327000e-01
123 8.580160e-01 7.844000e-03 1.341400e-01
124 8.566760e-01 7.804000e-03 1.355200e-01
125 8.554840e-01 7.688000e-03 1.368280e-01
126 8.543520e-01 7.544000e-03 1.381040e-01
127 8.531160e-01 7.568000e-03 1.393160e-01
128 8.519200e-01 7.420000e-03 1.406600e-01
129 8.506560e-01 7.324000e-03 1.420200e-01
130 8.493240e-01 7.332000e-03 1.433440e-01
131 8.481680e-01 7.232000e-03 1.446000e-01
132 8.469080e-01 7.152000e-03 1.459400e-01
133 8.457640e-01 7.060000e-03 1.471760e-01
134 8.445440e-01 6.948000e-03 1.485080e-01
135 8.431800e-01 6.968000e-03 1.498520e-01
136 8.419160e-01 6.936000e-03 1.511480e-01
137 8.407240e-01 6.860000e-03 1.524160e-01
138 8.396240e-01 6.756000e-03 1.536200e-01
139 8.383840e-01 6.832000e-03 1.547840e-01
140 8.372520e-01 6.852000e-03 1.558960e-01
141 8.359760e-01 6.956000e-03 1.570680e-01
142 8.347840e-01 6.960000e-03 1.582560e-01
143 8.335080e-01 7.000000e-03 1.594920e-01
144 8.322560e-01 7.004000e-03 1.607400e-01
145 8.311200e-01 7.032000e-03 1.618480e-01
146 8.299520e-01 6.888000e-03 1.631600e-01
147 8.288000e-01 6.872000e-03 1.643280e-01
148 8.277280e-01 6.608000e-03 1.656640e-01
149 8.266400e-01 6.580000e-03 1.667800e-01
150 8.256800e-01 6.392000e-03 1.679280e-01
151 8.245880e-01 6.392000e-03 1.690200e-01
152 8.234480e-01 6.320000e-03 1.702320e-01
153 8.224240e-01 6.296000e-03 1.712800e-01
154 8.213560e-01 6.144000e-03 1.725000e-01
155 8.204360e-01 5.920000e-03 1.736440e-01
156 8.195400e-01 5.824000e-03 1.746360e-01
157 8.186200e-01 5.884000e-03 1.754960e-01
158 8.176000e-01 5.812000e-03 1.765880e-01
159 8.165960e-01 5.820000e-03 1.775840e-01
160 8.156000e-01 5.860000e-03 1.785400e-01
161 8.145640e-01 5.952000e-03 1.794840e-01
162 8.136720e-01 5.740000e-03 1.805880e-01
163 8.127360e-01 5.656000e-03 1.816080e-01
164 8.117960e-01 5.576000e-03 1.826280e-01
165 8.108480e-01 5.456000e-03 1.836960e-01
166 8.098760e-01 5.388000e-03 1.847360e-01
167 8.089560e-01 5.356000e-03 1.856880e-01
168 8.079480e-01 5.404000e-03 1.866480e-01
169 8.069360e-01 5.476000e-03 1.875880e-01
170 8.061200e-01 5.452000e-03 1.884280e-01
171 8.050800e-01 5.624000e-03 1.892960e-01
172 8.041920e-01 5.564000e-03 1.902440e-01
173 8.031560e-01 5.656000e-03 1.911880e-01
174 8.021560e-01 5.784000e-03 1.920600e-01
175 8.011400e-01 5.804000e-03 1.930560e-01
176 8.000520e-01 5.924000e-03 1.940240e-01
177 7.990040e-01 6.000000e-03 1.949960e-01
178 7.980320e-01 5.912000e-03 1.960560e-01
179 7.971400e-01 5.796000e-03 1.970640e-01
180 7.960840e-01 5.816000e-03 1.981000e-01
181 7.950800e-01 5.764000e-03 1.991560e-01
182 7.941400e-01 5.812000e-03 2.000480e-01
183 7.932440e-01 5.580000e-03 2.011760e-01
184 7.922960e-01 5.536000e-03 2.021680e-01
185 7.913720e-01 5.500000e-03 2.031280e-01
186 7.903960e-01 5.504000e-03 2.041000e-01
187 7.895200e-01 5.396000e-03 2.050840e-01
188 7.885400e-01 5.400000e-03 2.060600e-01
189 7.876120e-01 5.432000e-03 2.069560e-01
190 7.866560e-01 5.420000e-03 2.079240e-01
191 7.857840e-01 5.420000e-03 2.087960e-01
192 7.849120e-01 5.280000e-03 2.098080e-01
193 7.839560e-01 5.316000e-03 2.107280e-01
194 7.830360e-01 5.252000e-03 2.117120e-01
195 7.821000e-01 5.324000e-03 2.125760e-01
196 7.811680e-01 5.428000e-03 2.134040e-01
197 7.802480e-01 5.376000e-03 2.143760e-01
198 7.793760e-01 5.284000e-03 2.153400e-01
199 7.785000e-01 5.204000e-03 2.162960e-01
200 7.777080e-01 5.072000e-03 2.172200e-01
201 7.768400e-01 5.096000e-03 2.180640e-01
202 7.760800e-01 5.068000e-03 2.188520e-01
203 7.752400e-01 5.028000e-03 2.197320e-01
204 7.744960e-01 5.012000e-03 2.204920e-01
205 7.737760e-01 4.824000e-03 2.214000e-01
206 7.729960e-01 4.736000e-03 2.222680e-01
207 7.721840e-01 4.752000e-03 2.230640e-01
208 7.714200e-01 4.564000e-03 2.240160e-01
209 7.704680e-01 4.692000e-03 2.248400e-01
210 7.696080e-01 4.720000e-03 2.256720e-01
211 7.688040e-01 4.700000e-03 2.264960e-01
212 7.680520e-01 4.668000e-03 2.272800e-01
213 7.673280e-01 4.680000e-03 2.279920e-01
214 7.665920e-01 4.612000e-03 2.287960e-01
215 7.658200e-01 4.544000e-03 2.296360e-01
216 7.650960e-01 4.536000e-03 2.303680e-01
217 7.644080e-01 4.500000e-03 2.310920e-01
218 7.637560e-01 4.400000e-03 2.318440e-01
219 7.629400e-01 4.436000e-03 2.326240e-01
220 7.621800e-01 4.400000e-03 2.334200e-01
221 7.614760e-01 4.324000e-03 2.342000e-01
222 7.607560e-01 4.276000e-03 2.349680e-01
223 7.601200e-01 4.144000e-03 2.357360e-01
224 7.594360e-01 4.116000e-03 2.364480e-01
225 7.586800e-01 4.104000e-03 2.372160e-01
226 7.579560e-01 4.072000e-03 2.379720e-01
227 7.573480e-01 4.016000e-03 2.386360e-01
228 7.567880e-01 3.880000e-03 2.393320e-01
229 7.561920e-01 3.888000e-03 2.399200e-01
230 7.554320e-01 3.984000e-03 2.405840e-01
231 7.547240e-01 3.972000e-03 2.413040e-01
232 7.541640e-01 3.836000e-03 2.420000e-01
233 7.536240e-01 3.656000e-03 2.427200e-01
234 7.530240e-01 3.536000e-03 2.434400e-01
235 7.524760e-01 3.472000e-03 2.440520e-01
236 7.519520e-01 3.344000e-03 2.447040e-01
237 7.515000e-01 3.232000e-03 2.452680e-01
238 7.510640e-01 3.056000e-03 2.458800e-01
239 7.506680e-01 2.952000e-03 2.463800e-01
240 7.502200e-01 2.932000e-03 2.468480e-01
241 7.498240e-01 2.760000e-03 2.474160e-01
242 7.493720e-01 2.752000e-03 2.478760e-01
243 7.490000e-01 2.620000e-03 2.483800e-01
244 7.486200e-01 2.604000e-03 2.487760e-01
245 7.482240e-01 2.640000e-03 2.491360e-01
246 7.477880e-01 2.576000e-03 2.496360e-01
247 7.474120e-01 2.560000e-03 2.500280e-01
248 7.470440e-01 2.560000e-03 2.503960e-01
249 7.467120e-01 2.448000e-03 2.508400e-01
250 7.463240e-01 2.400000e-03 2.512760e-01
251 7.458960e-01 2.456000e-03 2.516480e-01
252 7.455320e-01 2.424000e-03 2.520440e-01
253 7.452200e-01 2.316000e-03 2.524640e-01
254 7.449080e-01 2.208000e-03 2.528840e-01
255 7.445840e-01 2.196000e-03 2.532200e-01
256 7.442600e-01 2.144000e-03 2.535960e-01
257 7.438760e-01 2.156000e-03 2.539680e-01
258 7.435160e-01 2.172000e-03 2.543120e-01
259 7.431240e-01 2.100000e-03 2.547760e-01
260 7.428480e-01 1.996000e-03 2.551560e-01
261 7.424880e-01 1.980000e-03 2.555320e-01
262 7.421880e-01 1.940000e-03 2.558720e-01
263 7.418680e-01 2.008000e-03 2.561240e-01
264 7.415000e-01 2.048000e-03 2.564520e-01
265 7.411640e-01 2.040000e-03 2.567960e-01
266 7.408760e-01 1.984000e-03 2.571400e-01
267 7.404560e-01 2.064000e-03 2.574800e-01
268 7.401600e-01 2.012000e-03 2.578280e-01
269 7.397720e-01 2.080000e-03 2.581480e-01
270 7.394120e-01 2.088000e-03 2.585000e-01
271 7.390480e-01 2.116000e-03 2.588360e-01
272 7.386880e-01 2.112000e-03 2.592000e-01
273 7.384200e-01 2.012000e-03 2.595680e-01
274 7.381160e-01 1.988000e-03 2.598960e-01
275 7.377560e-01 2.016000e-03 2.602280e-01
276 7.374920e-01 1.968000e-03 2.605400e-01
277 7.371840e-01 1.916000e-03 2.609000e-01
278 7.369000e-01 1.884000e-03 2.612160e-01
279 7.364960e-01 1.912000e-03 2.615920e-01
280 7.361120e-01 1.940000e-03 2.619480e-01
281 7.357320e-01 1.972000e-03 2.622960e-01
282 7.354480e-01 1.896000e-03 2.626560e-01
283 7.351560e-01 1.844000e-03 2.630000e-01
284 7.347840e-01 1.888000e-03 2.633280e-01
285 7.344840e-01 1.872000e-03 2.636440e-01
286 7.341720e-01 1.800000e-03 2.640280e-01
287 7.338800e-01 1.788000e-03 2.643320e-01
288 7.335840e-01 1.784000e-03 2.646320e-01
289 7.332840e-01 1.756000e-03 2.649600e-01
290 7.329400e-01 1.856000e-03 2.652040e-01
291 7.326720e-01 1.800000e-03 2.655280e-01
292 7.323840e-01 1.796000e-03 2.658200e-01
293 7.321960e-01 1.672000e-03 2.661320e-01
294 7.318560e-01 1.688000e-03 2.664560e-01
295 7.316040e-01 1.684000e-03 2.667120e-01
296 7.312760e-01 1.716000e-03 2.670080e-01
297 7.309080e-01 1.776000e-03 2.673160e-01
298 7.305800e-01 1.756000e-03 2.676640e-01
299 7.302320e-01 1.736000e-03 2.680320e-01
300 7.299560e-01 1.768000e-03 2.682760e-01
301 7.297280e-01 1.648000e-03 2.686240e-01
302 7.294120e-01 1.656000e-03 2.689320e-01
303 7.291200e-01 1.600000e-03 2.692800e-01
304 7.288720e-01 1.580000e-03 2.695480e-01
305 7.286040e-01 1.504000e-03 2.698920e-01
306 7.283600e-01 1.444000e-03 2.701960e-01
307 7.280880e-01 1.480000e-03 2.704320e-01
308 7.278280e-01 1.456000e-03 2.707160e-01
309 7.275560e-01 1.472000e-03 2.709720e-01
310 7.273080e-01 1.456000e-03 2.712360e-01
311 7.271000e-01 1.384000e-03 2.715160e-01
312 7.268280e-01 1.440000e-03 2.717320e-01
313 7.266040e-01 1.408000e-03 2.719880e-01
314 7.263520e-01 1.380000e-03 2.722680e-01
315 7.261280e-01 1.392000e-03 2.724800e-01
316 7.258960e-01 1.308000e-03 2.727960e-01
317 7.256520e-01 1.348000e-03 2.730000e-01
318 7.254200e-01 1.348000e-03 2.732320e-01
319 7.251360e-01 1.360000e-03 2.735040e-01
320 7.248400e-01 1.460000e-03 2.737000e-01
321 7.245400e-01 1.508000e-03 2.739520e-01
322 7.242800e-01 1.504000e-03 2.742160e-01
323 7.240720e-01 1.468000e-03 2.744600e-01
324 7.238120e-01 1.396000e-03 2.747920e-01
325 7.235800e-01 1.396000e-03 2.750240e-01
326 7.233680e-01 1.328000e-03 2.753040e-01
327 7.231640e-01 1.320000e-03 2.755160e-01
328 7.229080e-01 1.320000e-03 2.757720e-01
329 7.226400e-01 1.300000e-03 2.760600e-01
330 7.223520e-01 1.388000e-03 2.762600e-01
331 7.221040e-01 1.396000e-03 2.765000e-01
332 7.218560e-01 1.404000e-03 2.767400e-01
333 7.216200e-01 1.336000e-03 2.770440e-01
334 7.213840e-01 1.360000e-03 2.772560e-01
335 7.210880e-01 1.392000e-03 2.775200e-01
336 7.208520e-01 1.372000e-03 2.777760e-01
337 7.206280e-01 1.360000e-03 2.780120e-01
338 7.203640e-01 1.428000e-03 2.782080e-01
339 7.201160e-01 1.440000e-03 2.784440e-01
340 7.199440e-01 1.356000e-03 2.787000e-01
341 7.197440e-01 1.344000e-03 2.789120e-01
342 7.195760e-01 1.304000e-03 2.791200e-01
343 7.193680e-01 1.244000e-03 2.793880e-01
344 7.192160e-01 1.172000e-03 2.796120e-01
345 7.189880e-01 1.164000e-03 2.798480e-01
346 7.188080e-01 1.124000e-03 2.800680e-01
347 7.186280e-01 1.088000e-03 2.802840e-01
348 7.184080e-01 1.112000e-03 2.804800e-01
349 7.181600e-01 1.140000e-03 2.807000e-01
350 7.178960e-01 1.220000e-03 2.808840e-01
351 7.176600e-01 1.240000e-03 2.811000e-01
352 7.173840e-01 1.280000e-03 2.813360e-01
353 7.171600e-01 1.272000e-03 2.815680e-01
354 7.169760e-01 1.264000e-03 2.817600e-01
355 7.167320e-01 1.324000e-03 2.819440e-01
356 7.165280e-01 1.264000e-03 2.822080e-01
357 7.163440e-01 1.228000e-03 2.824280e-01
358 7.161640e-01 1.204000e-03 2.826320e-01
359 7.159800e-01 1.220000e-03 2.828000e-01
360 7.156760e-01 1.304000e-03 2.830200e-01
361 7.154520e-01 1.316000e-03 2.832320e-01
362 7.152120e-01 1.316000e-03 2.834720e-01
363 7.149280e-01 1.384000e-03 2.836880e-01
364 7.146880e-01 1.392000e-03 2.839200e-01
365 7.144880e-01 1.348000e-03 2.841640e-01
366 7.142120e-01 1.368000e-03 2.844200e-01
367 7.140120e-01 1.352000e-03 2.846360e-01
368 7.137360e-01 1.404000e-03 2.848600e-01
369 7.134720e-01 1.372000e-03 2.851560e-01
370 7.131680e-01 1.452000e-03 2.853800e-01
371 7.129000e-01 1.408000e-03 2.856920e-01
372 7.126960e-01 1.384000e-03 2.859200e-01
373 7.124960e-01 1.316000e-03 2.861880e-01
374 7.122360e-01 1.364000e-03 2.864000e-01
375 7.119840e-01 1.408000e-03 2.866080e-01
376 7.116640e-01 1.496000e-03 2.868400e-01
377 7.113520e-01 1.540000e-03 2.871080e-01
378 7.111360e-01 1.472000e-03 2.873920e-01
379 7.109200e-01 1.436000e-03 2.876440e-01
380 7.106360e-01 1.468000e-03 2.878960e-01
381 7.103840e-01 1.496000e-03 2.881200e-01
382 7.101320e-01 1.488000e-03 2.883800e-01
383 7.099080e-01 1.448000e-03 2.886440e-01
384 7.096800e-01 1.480000e-03 2.888400e-01
385 7.094840e-01 1.408000e-03 2.891080e-01
386 7.092320e-01 1.456000e-03 2.893120e-01
387 7.090440e-01 1.400000e-03 2.895560e-01
388 7.088520e-01 1.360000e-03 2.897880e-01
389 7.086360e-01 1.380000e-03 2.899840e-01
390 7.083840e-01 1.360000e-03 2.902560e-01
391 7.081440e-01 1.380000e-03 2.904760e-01
392 7.079760e-01 1.320000e-03 2.907040e-01
393 7.077440e-01 1.336000e-03 2.909200e-01
394 7.075200e-01 1.328000e-03 2.911520e-01
395 7.073520e-01 1.204000e-03 2.914440e-01
396 7.071600e-01 1.188000e-03 2.916520e-01
397 7.069480e-01 1.120000e-03 2.919320e-01
398 7.067080e-01 1.124000e-03 2.921680e-01
399 7.065280e-01 1.148000e-03 2.923240e-01
400 7.063080e-01 1.156000e-03 2.925360e-01
401 7.061280e-01 1.184000e-03 2.926880e-01
402 7.058520e-01 1.288000e-03 2.928600e-01
403 7.056160e-01 1.228000e-03 2.931560e-01
404 7.053920e-01 1.256000e-03 2.933520e-01
405 7.052600e-01 1.184000e-03 2.935560e-01
406 7.050680e-01 1.128000e-03 2.938040e-01
407 7.048800e-01 1.128000e-03 2.939920e-01
408 7.047120e-01 1.056000e-03 2.942320e-01
409 7.045440e-01 1.048000e-03 2.944080e-01
410 7.043400e-01 1.100000e-03 2.945600e-01
411 7.041800e-01 1.088000e-03 2.947320e-01
412 7.039600e-01 1.156000e-03 2.948840e-01
413 7.037280e-01 1.116000e-03 2.951560e-01
414 7.034760e-01 1.208000e-03 2.953160e-01
415 7.032680e-01 1.260000e-03 2.954720e-01
416 7.030440e-01 1.224000e-03 2.957320e-01
417 7.028160e-01 1.192000e-03 2.959920e-01
418 7.026040e-01 1.172000e-03 2.962240e-01
419 7.024040e-01 1.120000e-03 2.964760e-01
420 7.021920e-01 1.148000e-03 2.966600e-01
421 7.019360e-01 1.204000e-03 2.968600e-01
422 7.016880e-01 1.208000e-03 2.971040e-01
423 7.014640e-01 1.216000e-03 2.973200e-01
424 7.012600e-01 1.180000e-03 2.975600e-01
425 7.010240e-01 1.248000e-03 2.977280e-01
426 7.008360e-01 1.236000e-03 2.979280e-01
427 7.006600e-01 1.176000e-03 2.981640e-01
428 7.004800e-01 1.148000e-03 2.983720e-01
429 7.002920e-01 1.168000e-03 2.985400e-01
430 7.001520e-01 1.060000e-03 2.987880e-01
431 6.999320e-01 1.128000e-03 2.989400e-01
432 6.997520e-01 1.144000e-03 2.991040e-01
433 6.995960e-01 1.148000e-03 2.992560e-01
434 6.994200e-01 1.140000e-03 2.994400e-01
435 6.992320e-01 1.128000e-03 2.996400e-01
436 6.989960e-01 1.176000e-03 2.998280e-01
437 6.987800e-01 1.224000e-03 2.999960e-01
438 6.985560e-01 1.244000e-03 3.002000e-01
439 6.983760e-01 1.176000e-03 3.004480e-01
440 6.981800e-01 1.188000e-03 3.006320e-01
441 6.979960e-01 1.164000e-03 3.008400e-01
442 6.978160e-01 1.088000e-03 3.010960e-01
443 6.976880e-01 9.840000e-04 3.013280e-01
444 6.974920e-01 1.012000e-03 3.014960e-01
445 6.972840e-01 1.032000e-03 3.016840e-01
446 6.971480e-01 9.840000e-04 3.018680e-01
447 6.969640e-01 1.048000e-03 3.019880e-01
448 6.967920e-01 1.028000e-03 3.021800e-01
449 6.966520e-01 9.760000e-04 3.023720e-01
450 6.964880e-01 9.800000e-04 3.025320e-01
451 6.963640e-01 9.560000e-04 3.026800e-01
452 6.962160e-01 9.280000e-04 3.028560e-01
453 6.960320e-01 9.600000e-04 3.030080e-01
454 6.958320e-01 9.720000e-04 3.031960e-01
455 6.956640e-01 9.480000e-04 3.033880e-01
456 6.954600e-01 9.640000e-04 3.035760e-01
457 6.952720e-01 1.004000e-03 3.037240e-01
458 6.950600e-01 1.000000e-03 3.039400e-01
459 6.949200e-01 8.960000e-04 3.041840e-01
460 6.948040e-01 9.000000e-04 3.042960e-01
461 6.945960e-01 9.440000e-04 3.044600e-01
462 6.944920e-01 9.400000e-04 3.045680e-01
463 6.943640e-01 8.760000e-04 3.047600e-01
464 6.942320e-01 8.760000e-04 3.048920e-01
465 6.940360e-01 9.280000e-04 3.050360e-01
466 6.938640e-01 9.600000e-04 3.051760e-01
467 6.936800e-01 9.800000e-04 3.053400e-01
468 6.935680e-01 9.440000e-04 3.054880e-01
469 6.933880e-01 9.440000e-04 3.056680e-01
470 6.932120e-01 9.640000e-04 3.058240e-01
471 6.930400e-01 9.680000e-04 3.059920e-01
472 6.928920e-01 9.640000e-04 3.061440e-01
473 6.927640e-01 9.600000e-04 3.062760e-01
474 6.926120e-01 9.600000e-04 3.064280e-01
475 6.924600e-01 9.160000e-04 3.066240e-01
476 6.923000e-01 9.120000e-04 3.067880e-01
477 6.921760e-01 9.280000e-04 3.068960e-01
478 6.920160e-01 9.360000e-04 3.070480e-01
479 6.919160e-01 8.880000e-04 3.071960e-01
480 6.917800e-01 8.520000e-04 3.073680e-01
481 6.916800e-01 8.000000e-04 3.075200e-01
482 6.915400e-01 7.960000e-04 3.076640e-01
483 6.913800e-01 8.040000e-04 3.078160e-01
484 6.912480e-01 7.720000e-04 3.079800e-01
485 6.911240e-01 7.080000e-04 3.081680e-01
486 6.910280e-01 6.840000e-04 3.082880e-01
487 6.909080e-01 7.200000e-04 3.083720e-01
488 6.908160e-01 6.800000e-04 3.085040e-01
489 6.906960e-01 6.640000e-04 3.086400e-01
490 6.905680e-01 6.600000e-04 3.087720e-01
491 6.904120e-01 6.760000e-04 3.089120e-01
492 6.903360e-01 6.360000e-04 3.090280e-01
493 6.902600e-01 6.160000e-04 3.091240e-01
494 6.901440e-01 6.160000e-04 3.092400e-01
495 6.899800e-01 6.680000e-04 3.093520e-01
496 6.898080e-01 7.520000e-04 3.094400e-01
497 6.895920e-01 8.360000e-04 3.095720e-01
498 6.893840e-01 9.040000e-04 3.097120e-01
499 6.892200e-01 9.240000e-04 3.098560e-01
500 6.890360e-01 9.240000e-04 3.100400e-01
