1 9.993000e-01 6.040000e-04 9.600000e-05
2 9.988760e-01 8.720000e-04 2.520000e-04
3 9.982120e-01 1.336000e-03 4.520000e-04
4 9.975160e-01 1.736000e-03 7.480000e-04
5 9.967840e-01 2.120000e-03 1.096000e-03
6 9.959440e-01 2.608000e-03 1.448000e-03
7 9.951920e-01 2.872000e-03 1.936000e-03
8 9.943800e-01 3.184000e-03 2.436000e-03
9 9.936400e-01 3.348000e-03 3.012000e-03
10 9.928320e-01 3.488000e-03 3.680000e-03
11 9.919640e-01 3.704000e-03 4.332000e-03
12 9.910520e-01 3.876000e-03 5.072000e-03
13 9.900560e-01 4.232000e-03 5.712000e-03
14 9.890520e-01 4.524000e-03 6.424000e-03
15 9.879800e-01 4.804000e-03 7.216000e-03
16 9.868800e-01 4.928000e-03 8.192000e-03
17 9.857920e-01 5.200000e-03 9.008000e-03
18 9.847440e-01 5.340000e-03 9.916000e-03
19 9.838440e-01 5.356000e-03 1.080000e-02
20 9.828000e-01 5.440000e-03 1.176000e-02
21 9.818280e-01 5.500000e-03 1.267200e-02
22 9.807640e-01 5.592000e-03 1.364400e-02
23 9.795600e-01 5.704000e-03 1.473600e-02
24 9.784160e-01 5.848000e-03 1.573600e-02
25 9.772240e-01 6.036000e-03 1.674000e-02
26 9.759960e-01 6.260000e-03 1.774400e-02
27 9.749320e-01 6.196000e-03 1.887200e-02
28 9.737520e-01 6.216000e-03 2.003200e-02
29 9.724600e-01 6.368000e-03 2.117200e-02
30 9.711560e-01 6.504000e-03 2.234000e-02
31 9.698280e-01 6.588000e-03 2.358400e-02
32 9.684760e-01 6.820000e-03 2.470400e-02
33 9.673440e-01 6.768000e-03 2.588800e-02
34 9.661600e-01 6.728000e-03 2.711200e-02
35 9.650400e-01 6.644000e-03 2.831600e-02
36 9.639040e-01 6.636000e-03 2.946000e-02
37 9.627000e-01 6.644000e-03 3.065600e-02
38 9.614200e-01 6.772000e-03 3.180800e-02
39 9.600920e-01 6.868000e-03 3.304000e-02
40 9.587040e-01 7.060000e-03 3.423600e-02
41 9.574520e-01 7.160000e-03 3.538800e-02
42 9.561320e-01 7.112000e-03 3.675600e-02
43 9.547480e-01 7.260000e-03 3.799200e-02
44 9.534880e-01 7.264000e-03 3.924800e-02
45 9.520680e-01 7.440000e-03 4.049200e-02
46 9.508280e-01 7.324000e-03 4.184800e-02
47 9.494640e-01 7.332000e-03 4.320400e-02
48 9.481000e-01 7.360000e-03 4.454000e-02
49 9.467600e-01 7.408000e-03 4.583200e-02
50 9.455320e-01 7.336000e-03 4.713200e-02
51 9.441760e-01 7.516000e-03 4.830800e-02
52 9.428120e-01 7.648000e-03 4.954000e-02
53 9.413760e-01 7.772000e-03 5.085200e-02
54 9.398080e-01 7.872000e-03 5.232000e-02
55 9.384520e-01 7.836000e-03 5.371200e-02
56 9.371280e-01 7.676000e-03 5.519600e-02
57 9.357680e-01 7.724000e-03 5.650800e-02
58 9.343600e-01 7.692000e-03 5.794800e-02
59 9.330960e-01 7.700000e-03 5.920400e-02
60 9.316960e-01 7.620000e-03 6.068400e-02
61 9.303360e-01 7.692000e-03 6.197200e-02
62 9.289200e-01 7.712000e-03 6.336800e-02
63 9.275800e-01 7.568000e-03 6.485200e-02
64 9.262720e-01 7.508000e-03 6.622000e-02
65 9.250320e-01 7.444000e-03 6.752400e-02
66 9.236960e-01 7.464000e-03 6.884000e-02
67 9.224400e-01 7.344000e-03 7.021600e-02
68 9.212240e-01 7.312000e-03 7.146400e-02
69 9.198800e-01 7.504000e-03 7.261600e-02
70 9.187320e-01 7.336000e-03 7.393200e-02
71 9.175040e-01 7.340000e-03 7.515600e-02
72 9.162800e-01 7.212000e-03 7.650800e-02
73 9.149920e-01 7.204000e-03 7.780400e-02
74 9.135280e-01 7.412000e-03 7.906000e-02
75 9.122280e-01 7.452000e-03 8.032000e-02
76 9.109800e-01 7.496000e-03 8.152400e-02
77 9.096640e-01 7.472000e-03 8.286400e-02
78 9.083880e-01 7.368000e-03 8.424400e-02
79 9.070640e-01 7.372000e-03 8.556400e-02
80 9.057640e-01 7.456000e-03 8.678000e-02
81 9.044480e-01 7.564000e-03 8.798800e-02
82 9.030960e-01 7.652000e-03 8.925200e-02
83 9.016960e-01 7.728000e-03 9.057600e-02
84 9.003480e-01 7.696000e-03 9.195600e-02
85 8.989240e-01 7.844000e-03 9.323200e-02
86 8.976000e-01 7.808000e-03 9.459200e-02
87 8.962600e-01 7.776000e-03 9.596400e-02
88 8.948960e-01 7.800000e-03 9.730400e-02
89 8.933600e-01 8.044000e-03 9.859600e-02
90 8.920120e-01 7.972000e-03 1.000160e-01
91 8.905000e-01 7.996000e-03 1.015040e-01
92 8.891160e-01 7.972000e-03 1.029120e-01
93 8.878520e-01 7.848000e-03 1.043000e-01
94 8.865280e-01 7.728000e-03 1.057440e-01
95 8.852240e-01 7.648000e-03 1.071280e-01
96 8.839520e-01 7.636000e-03 1.084120e-01
97 8.825480e-01 7.656000e-03 1.097960e-01
98 8.814840e-01 7.456000e-03 1.110600e-01
99 8.802120e-01 7.240000e-03 1.125480e-01
100 8.790840e-01 7.244000e-03 1.136720e-01
101 8.779240e-01 7.132000e-03 1.149440e-01
102 8.767120e-01 7.120000e-03 1.161680e-01
103 8.755160e-01 7.072000e-03 1.174120e-01
104 8.741960e-01 7.276000e-03 1.185280e-01
105 8.729160e-01 7.232000e-03 1.198520e-01
106 8.715920e-01 7.200000e-03 1.212080e-01
107 8.701720e-01 7.408000e-03 1.224200e-01
108 8.688200e-01 7.492000e-03 1.236880e-01
109 8.673960e-01 7.552000e-03 1.250520e-01
110 8.661280e-01 7.504000e-03 1.263680e-01
111 8.648000e-01 7.504000e-03 1.276960e-01
112 8.634280e-01 7.692000e-03 1.288800e-01
113 8.622080e-01 7.548000e-03 1.302440e-01
114 8.609680e-01 7.472000e-03 1.315600e-01
115 8.596360e-01 7.528000e-03 1.328360e-01
116 8.583680e-01 7.452000e-03 1.341800e-01
117 8.571360e-01 7.400000e-03 1.354640e-01
118 8.557880e-01 7.428000e-03 1.367840e-01
119 8.545440e-01 7.336000e-03 1.381200e-01
120 8.532040e-01 7.488000e-03 1.393080e-01
121 8.519280e-01 7.404000e-03 1.406680e-01
122 8.506400e-01 7.440000e-03 1.419200e-01
123 8.493600e-01 7.400000e-03 1.432400e-01
124 8.480280e-01 7.404000e-03 1.445680e-01
125 8.467880e-01 7.328000e-03 1.458840e-01
126 8.453640e-01 7.364000e-03 1.472720e-01
127 8.440280e-01 7.436000e-03 1.485360e-01
128 8.427640e-01 7.412000e-03 1.498240e-01
129 8.413280e-01 7.588000e-03 1.510840e-01
130 8.400240e-01 7.500000e-03 1.524760e-01
131 8.387520e-01 7.440000e-03 1.538080e-01
132 8.374160e-01 7.412000e-03 1.551720e-01
133 8.360960e-01 7.352000e-03 1.565520e-01
134 8.347240e-01 7.472000e-03 1.578040e-01
135 8.332200e-01 7.540000e-03 1.592400e-01
136 8.319800e-01 7.460000e-03 1.605600e-01
137 8.307600e-01 7.416000e-03 1.618240e-01
138 8.293720e-01 7.552000e-03 1.630760e-01
139 8.281760e-01 7.296000e-03 1.645280e-01
140 8.268720e-01 7.388000e-03 1.657400e-01
141 8.255920e-01 7.480000e-03 1.669280e-01
142 8.242400e-01 7.468000e-03 1.682920e-01
143 8.229040e-01 7.488000e-03 1.696080e-01
144 8.215400e-01 7.528000e-03 1.709320e-01
145 8.203120e-01 7.440000e-03 1.722480e-01
146 8.190920e-01 7.340000e-03 1.735680e-01
147 8.177800e-01 7.308000e-03 1.749120e-01
148 8.166400e-01 7.108000e-03 1.762520e-01
149 8.155920e-01 6.864000e-03 1.775440e-01
150 8.145040e-01 6.792000e-03 1.787040e-01
151 8.134000e-01 6.748000e-03 1.798520e-01
152 8.122280e-01 6.704000e-03 1.810680e-01
153 8.110720e-01 6.796000e-03 1.821320e-01
154 8.100160e-01 6.664000e-03 1.833200e-01
155 8.089400e-01 6.656000e-03 1.844040e-01
156 8.078560e-01 6.500000e-03 1.856440e-01
157 8.068960e-01 6.268000e-03 1.868360e-01
158 8.059760e-01 6.056000e-03 1.879680e-01
159 8.048960e-01 6.120000e-03 1.889840e-01
160 8.038240e-01 6.032000e-03 1.901440e-01
161 8.028080e-01 5.940000e-03 1.912520e-01
162 8.017120e-01 6.016000e-03 1.922720e-01
163 8.006560e-01 6.080000e-03 1.932640e-01
164 7.995000e-01 6.240000e-03 1.942600e-01
165 7.983760e-01 6.284000e-03 1.953400e-01
166 7.973400e-01 6.112000e-03 1.965480e-01
167 7.963160e-01 6.072000e-03 1.976120e-01
168 7.952480e-01 6.060000e-03 1.986920e-01
169 7.941960e-01 5.964000e-03 1.998400e-01
170 7.931920e-01 5.884000e-03 2.009240e-01
171 7.922160e-01 5.892000e-03 2.018920e-01
172 7.911600e-01 5.888000e-03 2.029520e-01
173 7.901640e-01 5.780000e-03 2.040560e-01
174 7.892360e-01 5.608000e-03 2.051560e-01
175 7.883800e-01 5.428000e-03 2.061920e-01
176 7.874080e-01 5.388000e-03 2.072040e-01
177 7.864840e-01 5.360000e-03 2.081560e-01
178 7.855600e-01 5.336000e-03 2.091040e-01
179 7.847920e-01 5.192000e-03 2.100160e-01
180 7.838720e-01 5.304000e-03 2.108240e-01
181 7.828600e-01 5.448000e-03 2.116920e-01
182 7.817720e-01 5.588000e-03 2.126400e-01
183 7.805640e-01 5.736000e-03 2.137000e-01
184 7.795080e-01 5.720000e-03 2.147720e-01
185 7.784360e-01 5.716000e-03 2.158480e-01
186 7.774400e-01 5.668000e-03 2.168920e-01
187 7.763640e-01 5.656000e-03 2.179800e-01
188 7.752440e-01 5.760000e-03 2.189960e-01
189 7.741600e-01 5.768000e-03 2.200720e-01
190 7.729960e-01 5.852000e-03 2.211520e-01
191 7.719560e-01 5.796000e-03 2.222480e-01
192 7.709720e-01 5.720000e-03 2.233080e-01
193 7.699800e-01 5.816000e-03 2.242040e-01
194 7.688720e-01 5.844000e-03 2.252840e-01
195 7.677920e-01 5.868000e-03 2.263400e-01
196 7.666280e-01 6.024000e-03 2.273480e-01
197 7.654880e-01 6.160000e-03 2.283520e-01
198 7.644360e-01 6.088000e-03 2.294760e-01
199 7.634840e-01 5.964000e-03 2.305520e-01
200 7.624880e-01 5.956000e-03 2.315560e-01
201 7.614440e-01 6.044000e-03 2.325120e-01
202 7.605280e-01 5.908000e-03 2.335640e-01
203 7.594000e-01 5.988000e-03 2.346120e-01
204 7.584320e-01 5.820000e-03 2.357480e-01
205 7.574720e-01 5.776000e-03 2.367520e-01
206 7.565640e-01 5.704000e-03 2.377320e-01
207 7.555440e-01 5.816000e-03 2.386400e-01
208 7.547280e-01 5.636000e-03 2.396360e-01
209 7.537880e-01 5.468000e-03 2.407440e-01
210 7.528880e-01 5.432000e-03 2.416800e-01
211 7.520080e-01 5.336000e-03 2.426560e-01
212 7.512840e-01 5.040000e-03 2.436760e-01
213 7.505200e-01 4.976000e-03 2.445040e-01
214 7.497080e-01 4.996000e-03 2.452960e-01
215 7.489160e-01 5.072000e-03 2.460120e-01
216 7.479320e-01 5.224000e-03 2.468440e-01
217 7.471560e-01 5.096000e-03 2.477480e-01
218 7.464000e-01 4.968000e-03 2.486320e-01
219 7.456560e-01 4.824000e-03 2.495200e-01
220 7.447600e-01 4.876000e-03 2.503640e-01
221 7.439800e-01 4.780000e-03 2.512400e-01
222 7.431120e-01 4.784000e-03 2.521040e-01
223 7.421160e-01 4.880000e-03 2.530040e-01
224 7.412320e-01 4.888000e-03 2.538800e-01
225 7.403040e-01 4.772000e-03 2.549240e-01
226 7.395560e-01 4.652000e-03 2.557920e-01
227 7.386680e-01 4.784000e-03 2.565480e-01
228 7.379200e-01 4.644000e-03 2.574360e-01
229 7.370680e-01 4.752000e-03 2.581800e-01
230 7.362640e-01 4.732000e-03 2.590040e-01
231 7.354320e-01 4.796000e-03 2.597720e-01
232 7.346040e-01 4.796000e-03 2.606000e-01
233 7.337800e-01 4.792000e-03 2.614280e-01
234 7.328680e-01 4.848000e-03 2.622840e-01
235 7.320200e-01 4.788000e-03 2.631920e-01
236 7.311840e-01 4.788000e-03 2.640280e-01
237 7.303440e-01 4.680000e-03 2.649760e-01
238 7.294560e-01 4.764000e-03 2.657800e-01
239 7.285560e-01 4.848000e-03 2.665960e-01
240 7.275800e-01 4.948000e-03 2.674720e-01
241 7.263920e-01 5.316000e-03 2.682920e-01
242 7.253800e-01 5.332000e-03 2.692880e-01
243 7.243880e-01 5.452000e-03 2.701600e-01
244 7.234520e-01 5.476000e-03 2.710720e-01
245 7.225720e-01 5.408000e-03 2.720200e-01
246 7.216600e-01 5.508000e-03 2.728320e-01
247 7.208200e-01 5.408000e-03 2.737720e-01
248 7.200000e-01 5.312000e-03 2.746880e-01
249 7.191320e-01 5.240000e-03 2.756280e-01
250 7.182360e-01 5.240000e-03 2.765240e-01
251 7.173880e-01 5.168000e-03 2.774440e-01
252 7.164080e-01 5.204000e-03 2.783880e-01
253 7.155520e-01 5.092000e-03 2.793560e-01
254 7.146920e-01 4.996000e-03 2.803120e-01
255 7.140120e-01 4.720000e-03 2.812680e-01
256 7.133800e-01 4.564000e-03 2.820560e-01
257 7.126640e-01 4.404000e-03 2.829320e-01
258 7.120080e-01 4.220000e-03 2.837720e-01
259 7.113640e-01 4.140000e-03 2.844960e-01
260 7.107440e-01 4.044000e-03 2.852120e-01
261 7.101840e-01 3.876000e-03 2.859400e-01
262 7.095400e-01 3.872000e-03 2.865880e-01
263 7.088440e-01 3.920000e-03 2.872360e-01
264 7.080840e-01 4.020000e-03 2.878960e-01
265 7.074360e-01 3.908000e-03 2.886560e-01
266 7.067320e-01 3.920000e-03 2.893480e-01
267 7.060760e-01 3.844000e-03 2.900800e-01
268 7.054400e-01 3.768000e-03 2.907920e-01
269 7.048440e-01 3.648000e-03 2.915080e-01
270 7.042920e-01 3.536000e-03 2.921720e-01
271 7.037040e-01 3.556000e-03 2.927400e-01
272 7.032080e-01 3.420000e-03 2.933720e-01
273 7.026600e-01 3.312000e-03 2.940280e-01
274 7.021360e-01 3.280000e-03 2.945840e-01
275 7.016680e-01 3.228000e-03 2.951040e-01
276 7.011520e-01 3.176000e-03 2.956720e-01
277 7.007000e-01 3.032000e-03 2.962680e-01
278 7.002160e-01 3.032000e-03 2.967520e-01
279 6.997840e-01 2.856000e-03 2.973600e-01
280 6.993400e-01 2.760000e-03 2.979000e-01
281 6.989560e-01 2.588000e-03 2.984560e-01
282 6.985720e-01 2.604000e-03 2.988240e-01
283 6.981400e-01 2.548000e-03 2.993120e-01
284 6.977320e-01 2.524000e-03 2.997440e-01
285 6.973840e-01 2.444000e-03 3.001720e-01
286 6.970000e-01 2.396000e-03 3.006040e-01
287 6.965920e-01 2.340000e-03 3.010680e-01
288 6.962040e-01 2.308000e-03 3.014880e-01
289 6.958120e-01 2.304000e-03 3.018840e-01
290 6.953920e-01 2.364000e-03 3.022440e-01
291 6.950280e-01 2.336000e-03 3.026360e-01
292 6.946080e-01 2.352000e-03 3.030400e-01
293 6.942200e-01 2.280000e-03 3.035000e-01
294 6.938240e-01 2.292000e-03 3.038840e-01
295 6.934680e-01 2.272000e-03 3.042600e-01
296 6.931040e-01 2.296000e-03 3.046000e-01
297 6.926120e-01 2.352000e-03 3.050360e-01
298 6.921720e-01 2.392000e-03 3.054360e-01
299 6.917960e-01 2.296000e-03 3.059080e-01
300 6.913520e-01 2.284000e-03 3.063640e-01
301 6.909280e-01 2.272000e-03 3.068000e-01
302 6.905280e-01 2.232000e-03 3.072400e-01
303 6.900440e-01 2.288000e-03 3.076680e-01
304 6.895880e-01 2.312000e-03 3.081000e-01
305 6.891120e-01 2.408000e-03 3.084800e-01
306 6.887240e-01 2.404000e-03 3.088720e-01
307 6.883040e-01 2.408000e-03 3.092880e-01
308 6.878920e-01 2.424000e-03 3.096840e-01
309 6.874240e-01 2.400000e-03 3.101760e-01
310 6.871640e-01 2.228000e-03 3.106080e-01
311 6.867920e-01 2.204000e-03 3.110040e-01
312 6.864200e-01 2.168000e-03 3.114120e-01
313 6.860280e-01 2.200000e-03 3.117720e-01
314 6.856080e-01 2.252000e-03 3.121400e-01
315 6.852080e-01 2.232000e-03 3.125600e-01
316 6.849280e-01 2.184000e-03 3.128880e-01
317 6.845880e-01 2.156000e-03 3.132560e-01
318 6.842560e-01 2.164000e-03 3.135800e-01
319 6.839280e-01 2.176000e-03 3.138960e-01
320 6.835920e-01 2.128000e-03 3.142800e-01
321 6.833240e-01 2.072000e-03 3.146040e-01
322 6.830120e-01 2.036000e-03 3.149520e-01
323 6.827600e-01 1.932000e-03 3.153080e-01
324 6.824320e-01 1.920000e-03 3.156480e-01
325 6.821160e-01 1.944000e-03 3.159400e-01
326 6.818000e-01 1.956000e-03 3.162440e-01
327 6.815320e-01 1.848000e-03 3.166200e-01
328 6.812680e-01 1.744000e-03 3.169880e-01
329 6.809680e-01 1.708000e-03 3.173240e-01
330 6.806800e-01 1.740000e-03 3.175800e-01
331 6.804520e-01 1.640000e-03 3.179080e-01
332 6.802560e-01 1.548000e-03 3.181960e-01
333 6.800440e-01 1.488000e-03 3.184680e-01
334 6.799040e-01 1.372000e-03 3.187240e-01
335 6.796280e-01 1.424000e-03 3.189480e-01
336 6.794200e-01 1.368000e-03 3.192120e-01
337 6.791840e-01 1.372000e-03 3.194440e-01
338 6.788880e-01 1.384000e-03 3.197280e-01
339 6.786640e-01 1.368000e-03 3.199680e-01
340 6.784280e-01 1.388000e-03 3.201840e-01
341 6.781880e-01 1.368000e-03 3.204440e-01
342 6.779400e-01 1.392000e-03 3.206680e-01
343 6.777680e-01 1.340000e-03 3.208920e-01
344 6.776120e-01 1.284000e-03 3.211040e-01
345 6.774280e-01 1.224000e-03 3.213480e-01
346 6.772720e-01 1.160000e-03 3.215680e-01
347 6.770640e-01 1.196000e-03 3.217400e-01
348 6.768280e-01 1.216000e-03 3.219560e-01
349 6.766480e-01 1.176000e-03 3.221760e-01
350 6.764720e-01 1.140000e-03 3.223880e-01
351 6.762960e-01 1.144000e-03 3.225600e-01
352 6.760960e-01 1.116000e-03 3.227880e-01
353 6.758880e-01 1.144000e-03 3.229680e-01
354 6.757080e-01 1.120000e-03 3.231720e-01
355 6.754840e-01 1.140000e-03 3.233760e-01
356 6.753360e-01 1.052000e-03 3.236120e-01
357 6.751360e-01 1.108000e-03 3.237560e-01
358 6.749480e-01 1.120000e-03 3.239320e-01
359 6.747640e-01 1.128000e-03 3.241080e-01
360 6.745200e-01 1.136000e-03 3.243440e-01
361 6.742760e-01 1.144000e-03 3.245800e-01
362 6.740600e-01 1.148000e-03 3.247920e-01
363 6.738520e-01 1.136000e-03 3.250120e-01
364 6.736240e-01 1.136000e-03 3.252400e-01
365 6.734120e-01 1.144000e-03 3.254440e-01
366 6.732080e-01 1.132000e-03 3.256600e-01
367 6.730480e-01 1.124000e-03 3.258280e-01
368 6.728680e-01 1.132000e-03 3.260000e-01
369 6.727000e-01 1.116000e-03 3.261840e-01
370 6.724920e-01 1.116000e-03 3.263920e-01
371 6.723320e-01 1.052000e-03 3.266160e-01
372 6.721040e-01 1.096000e-03 3.268000e-01
373 6.719160e-01 1.112000e-03 3.269720e-01
374 6.717440e-01 1.076000e-03 3.271800e-01
375 6.715840e-01 1.012000e-03 3.274040e-01
376 6.714200e-01 1.012000e-03 3.275680e-01
377 6.712600e-01 1.016000e-03 3.277240e-01
378 6.710800e-01 1.016000e-03 3.279040e-01
379 6.708640e-01 1.060000e-03 3.280760e-01
380 6.707280e-01 1.004000e-03 3.282680e-01
381 6.705840e-01 9.400000e-04 3.284760e-01
382 6.704680e-01 8.560000e-04 3.286760e-01
383 6.703480e-01 8.480000e-04 3.288040e-01
384 6.702160e-01 8.320000e-04 3.289520e-01
385 6.700320e-01 8.760000e-04 3.290920e-01
386 6.698920e-01 8.080000e-04 3.293000e-01
387 6.697120e-01 8.440000e-04 3.294440e-01
388 6.695920e-01 8.040000e-04 3.296040e-01
389 6.694040e-01 8.400000e-04 3.297560e-01
390 6.692520e-01 8.200000e-04 3.299280e-01
391 6.690960e-01 8.240000e-04 3.300800e-01
392 6.689120e-01 8.520000e-04 3.302360e-01
393 6.687240e-01 8.200000e-04 3.304560e-01
394 6.685880e-01 7.840000e-04 3.306280e-01
395 6.684600e-01 7.880000e-04 3.307520e-01
396 6.683240e-01 8.080000e-04 3.308680e-01
397 6.681520e-01 8.960000e-04 3.309520e-01
398 6.679680e-01 9.400000e-04 3.310920e-01
399 6.677200e-01 1.004000e-03 3.312760e-01
400 6.675440e-01 9.600000e-04 3.314960e-01
401 6.673840e-01 9.360000e-04 3.316800e-01
402 6.671680e-01 9.800000e-04 3.318520e-01
403 6.669480e-01 1.028000e-03 3.320240e-01
404 6.667000e-01 1.072000e-03 3.322280e-01
405 6.665160e-01 1.108000e-03 3.323760e-01
406 6.663320e-01 1.088000e-03 3.325800e-01
407 6.661720e-01 1.044000e-03 3.327840e-01
408 6.660360e-01 1.044000e-03 3.329200e-01
409 6.658800e-01 1.004000e-03 3.331160e-01
410 6.657080e-01 9.960000e-04 3.332960e-01
411 6.655640e-01 9.280000e-04 3.335080e-01
412 6.654240e-01 9.000000e-04 3.336760e-01
413 6.652680e-01 8.760000e-04 3.338560e-01
414 6.650840e-01 8.880000e-04 3.340280e-01
415 6.649320e-01 8.720000e-04 3.341960e-01
416 6.647720e-01 8.480000e-04 3.343800e-01
417 6.646040e-01 9.000000e-04 3.344960e-01
418 6.644280e-01 9.240000e-04 3.346480e-01
419 6.642720e-01 9.400000e-04 3.347880e-01
420 6.641160e-01 9.560000e-04 3.349280e-01
421 6.639560e-01 9.800000e-04 3.350640e-01
422 6.637760e-01 9.720000e-04 3.352520e-01
423 6.636640e-01 9.480000e-04 3.353880e-01
424 6.634760e-01 9.640000e-04 3.355600e-01
425 6.633160e-01 9.720000e-04 3.357120e-01
426 6.632200e-01 9.320000e-04 3.358480e-01
427 6.630520e-01 9.360000e-04 3.360120e-01
428 6.629320e-01 9.000000e-04 3.361680e-01
429 6.628080e-01 9.320000e-04 3.362600e-01
430 6.626320e-01 9.440000e-04 3.364240e-01
431 6.625120e-01 8.920000e-04 3.365960e-01
432 6.624040e-01 8.840000e-04 3.367120e-01
433 6.622960e-01 8.200000e-04 3.368840e-01
434 6.621400e-01 8.520000e-04 3.370080e-01
435 6.620320e-01 7.840000e-04 3.371840e-01
436 6.619000e-01 7.680000e-04 3.373320e-01
437 6.617680e-01 7.640000e-04 3.374680e-01
438 6.616360e-01 7.560000e-04 3.376080e-01
439 6.615320e-01 7.320000e-04 3.377360e-01
440 6.613880e-01 7.560000e-04 3.378560e-01
441 6.612800e-01 7.360000e-04 3.379840e-01
442 6.611400e-01 7.360000e-04 3.381240e-01
443 6.610520e-01 6.680000e-04 3.382800e-01
444 6.609840e-01 6.120000e-04 3.384040e-01
445 6.609080e-01 6.040000e-04 3.384880e-01
446 6.607960e-01 6.000000e-04 3.386040e-01
447 6.607000e-01 5.640000e-04 3.387360e-01
448 6.606200e-01 5.560000e-04 3.388240e-01
449 6.605160e-01 5.680000e-04 3.389160e-01
450 6.603960e-01 5.800000e-04 3.390240e-01
451 6.603200e-01 5.320000e-04 3.391480e-01
452 6.602440e-01 5.040000e-04 3.392520e-01
453 6.601640e-01 4.960000e-04 3.393400e-01
454 6.601000e-01 4.880000e-04 3.394120e-01
455 6.599760e-01 5.160000e-04 3.395080e-01
456 6.598920e-01 5.240000e-04 3.395840e-01
457 6.597560e-01 5.640000e-04 3.396800e-01
458 6.596400e-01 5.880000e-04 3.397720e-01
459 6.595640e-01 5.640000e-04 3.398720e-01
460 6.595200e-01 5.200000e-04 3.399600e-01
461 6.594520e-01 5.080000e-04 3.400400e-01
462 6.593800e-01 4.840000e-04 3.401360e-01
463 6.592960e-01 4.800000e-04 3.402240e-01
464 6.592160e-01 4.680000e-04 3.403160e-01
465 6.591200e-01 5.120000e-04 3.403680e-01
466 6.590280e-01 5.400000e-04 3.404320e-01
467 6.589440e-01 5.080000e-04 3.405480e-01
468 6.588360e-01 5.160000e-04 3.406480e-01
469 6.587520e-01 5.400000e-04 3.407080e-01
470 6.586400e-01 5.640000e-04 3.407960e-01
471 6.584840e-01 6.320000e-04 3.408840e-01
472 6.583760e-01 6.080000e-04 3.410160e-01
473 6.582320e-01 6.600000e-04 3.411080e-01
474 6.580920e-01 6.960000e-04 3.412120e-01
475 6.579760e-01 6.720000e-04 3.413520e-01
476 6.579000e-01 6.320000e-04 3.414680e-01
477 6.577320e-01 7.120000e-04 3.415560e-01
478 6.576040e-01 7.120000e-04 3.416840e-01
479 6.574600e-01 7.240000e-04 3.418160e-01
480 6.573720e-01 6.560000e-04 3.419720e-01
481 6.572840e-01 6.560000e-04 3.420600e-01
482 6.571880e-01 6.240000e-04 3.421880e-01
483 6.570800e-01 6.480000e-04 3.422720e-01
484 6.570000e-01 6.120000e-04 3.423880e-01
485 6.569000e-01 6.360000e-04 3.424640e-01
486 6.567720e-01 6.520000e-04 3.425760e-01
487 6.566640e-01 6.320000e-04 3.427040e-01
488 6.565720e-01 6.200000e-04 3.428080e-01
489 6.564720e-01 6.160000e-04 3.429120e-01
490 6.563600e-01 6.200000e-04 3.430200e-01
491 6.562480e-01 6.160000e-04 3.431360e-01
492 6.561240e-01 6.480000e-04 3.432280e-01
493 6.560360e-01 6.360000e-04 3.433280e-01
494 6.559640e-01 6.320000e-04 3.434040e-01
495 6.558600e-01 6.200000e-04 3.435200e-01
496 6.557880e-01 5.920000e-04 3.436200e-01
497 6.556920e-01 5.800000e-04 3.437280e-01
498 6.555880e-01 5.720000e-04 3.438400e-01
499 6.554560e-01 6.160000e-04 3.439280e-01
500 6.553640e-01 5.880000e-04 3.440480e-01
