1 9.992560e-01 6.440000e-04 1.000000e-04
2 9.987120e-01 1.064000e-03 2.240000e-04
3 9.981720e-01 1.408000e-03 4.200000e-04
4 9.974160e-01 1.860000e-03 7.240000e-04
5 9.965800e-01 2.360000e-03 1.060000e-03
6 9.957000e-01 2.872000e-03 1.428000e-03
7 9.948160e-01 3.200000e-03 1.984000e-03
8 9.938160e-01 3.592000e-03 2.592000e-03
9 9.928280e-01 3.900000e-03 3.272000e-03
10 9.918640e-01 4.252000e-03 3.884000e-03
11 9.909120e-01 4.456000e-03 4.632000e-03
12 9.899800e-01 4.624000e-03 5.396000e-03
13 9.889280e-01 4.792000e-03 6.280000e-03
14 9.879800e-01 4.884000e-03 7.136000e-03
15 9.869400e-01 5.076000e-03 7.984000e-03
16 9.857080e-01 5.432000e-03 8.860000e-03
17 9.846520e-01 5.624000e-03 9.724000e-03
18 9.833920e-01 5.872000e-03 1.073600e-02
19 9.820720e-01 6.072000e-03 1.185600e-02
20 9.808280e-01 6.316000e-03 1.285600e-02
21 9.795720e-01 6.464000e-03 1.396400e-02
22 9.781560e-01 6.732000e-03 1.511200e-02
23 9.768480e-01 6.992000e-03 1.616000e-02
24 9.754840e-01 7.068000e-03 1.744800e-02
25 9.742040e-01 7.056000e-03 1.874000e-02
26 9.728600e-01 7.124000e-03 2.001600e-02
27 9.716120e-01 7.272000e-03 2.111600e-02
28 9.702440e-01 7.264000e-03 2.249200e-02
29 9.687920e-01 7.452000e-03 2.375600e-02
30 9.672840e-01 7.672000e-03 2.504400e-02
31 9.658400e-01 7.752000e-03 2.640800e-02
32 9.644280e-01 7.920000e-03 2.765200e-02
33 9.629360e-01 7.992000e-03 2.907200e-02
34 9.613920e-01 8.092000e-03 3.051600e-02
35 9.597760e-01 8.344000e-03 3.188000e-02
36 9.582920e-01 8.340000e-03 3.336800e-02
37 9.568240e-01 8.300000e-03 3.487600e-02
38 9.553400e-01 8.344000e-03 3.631600e-02
39 9.539240e-01 8.384000e-03 3.769200e-02
40 9.522520e-01 8.636000e-03 3.911200e-02
41 9.504360e-01 8.964000e-03 4.060000e-02
42 9.488160e-01 9.048000e-03 4.213600e-02
43 9.470280e-01 9.288000e-03 4.368400e-02
44 9.453200e-01 9.436000e-03 4.524400e-02
45 9.436360e-01 9.528000e-03 4.683600e-02
46 9.418680e-01 9.652000e-03 4.848000e-02
47 9.400920e-01 9.688000e-03 5.022000e-02
48 9.384880e-01 9.664000e-03 5.184800e-02
49 9.369280e-01 9.560000e-03 5.351200e-02
50 9.350320e-01 9.816000e-03 5.515200e-02
51 9.333000e-01 9.936000e-03 5.676400e-02
52 9.315480e-01 1.003600e-02 5.841600e-02
53 9.298240e-01 9.896000e-03 6.028000e-02
54 9.282840e-01 9.668000e-03 6.204800e-02
55 9.266640e-01 9.776000e-03 6.356000e-02
56 9.249920e-01 9.696000e-03 6.531200e-02
57 9.232560e-01 9.680000e-03 6.706400e-02
58 9.215760e-01 9.620000e-03 6.880400e-02
59 9.199920e-01 9.660000e-03 7.034800e-02
60 9.183360e-01 9.612000e-03 7.205200e-02
61 9.166920e-01 9.576000e-03 7.373200e-02
62 9.150920e-01 9.644000e-03 7.526400e-02
63 9.136480e-01 9.412000e-03 7.694000e-02
64 9.121320e-01 9.324000e-03 7.854400e-02
65 9.106520e-01 9.140000e-03 8.020800e-02
66 9.091200e-01 8.956000e-03 8.192400e-02
67 9.076800e-01 8.852000e-03 8.346800e-02
68 9.062360e-01 8.832000e-03 8.493200e-02
69 9.044400e-01 9.108000e-03 8.645200e-02
70 9.028600e-01 9.008000e-03 8.813200e-02
71 9.013760e-01 8.936000e-03 8.968800e-02
72 8.999920e-01 8.720000e-03 9.128800e-02
73 8.985520e-01 8.628000e-03 9.282000e-02
74 8.970200e-01 8.724000e-03 9.425600e-02
75 8.955200e-01 8.680000e-03 9.580000e-02
76 8.938440e-01 8.888000e-03 9.726800e-02
77 8.923560e-01 8.748000e-03 9.889600e-02
78 8.907480e-01 8.948000e-03 1.003040e-01
79 8.891320e-01 9.096000e-03 1.017720e-01
80 8.875920e-01 8.992000e-03 1.034160e-01
81 8.861000e-01 8.924000e-03 1.049760e-01
82 8.847520e-01 8.868000e-03 1.063800e-01
83 8.830720e-01 8.984000e-03 1.079440e-01
84 8.813760e-01 9.120000e-03 1.095040e-01
85 8.799320e-01 9.088000e-03 1.109800e-01
86 8.783680e-01 9.056000e-03 1.125760e-01
87 8.769680e-01 8.852000e-03 1.141800e-01
88 8.757160e-01 8.548000e-03 1.157360e-01
89 8.743960e-01 8.348000e-03 1.172560e-01
90 8.730560e-01 8.328000e-03 1.186160e-01
91 8.716120e-01 8.332000e-03 1.200560e-01
92 8.702400e-01 8.216000e-03 1.215440e-01
93 8.688360e-01 8.228000e-03 1.229360e-01
94 8.673520e-01 8.356000e-03 1.242920e-01
95 8.660760e-01 8.192000e-03 1.257320e-01
96 8.646360e-01 8.248000e-03 1.271160e-01
97 8.632960e-01 8.152000e-03 1.285520e-01
98 8.619800e-01 8.068000e-03 1.299520e-01
99 8.606440e-01 8.000000e-03 1.313560e-01
100 8.593320e-01 8.004000e-03 1.326640e-01
101 8.579240e-01 8.092000e-03 1.339840e-01
102 8.563120e-01 8.292000e-03 1.353960e-01
103 8.549240e-01 8.244000e-03 1.368320e-01
104 8.534320e-01 8.272000e-03 1.382960e-01
105 8.519760e-01 8.228000e-03 1.397960e-01
106 8.505920e-01 8.276000e-03 1.411320e-01
107 8.492280e-01 8.208000e-03 1.425640e-01
108 8.477560e-01 8.244000e-03 1.440000e-01
109 8.462880e-01 8.324000e-03 1.453880e-01
110 8.450120e-01 8.256000e-03 1.467320e-01
111 8.434720e-01 8.456000e-03 1.480720e-01
112 8.421040e-01 8.452000e-03 1.494440e-01
113 8.407360e-01 8.316000e-03 1.509480e-01
114 8.392240e-01 8.272000e-03 1.525040e-01
115 8.377840e-01 8.392000e-03 1.538240e-01
116 8.361560e-01 8.524000e-03 1.553200e-01
117 8.347240e-01 8.604000e-03 1.566720e-01
118 8.333640e-01 8.520000e-03 1.581160e-01
119 8.319680e-01 8.444000e-03 1.595880e-01
120 8.306000e-01 8.092000e-03 1.613080e-01
121 8.293680e-01 7.992000e-03 1.626400e-01
122 8.279000e-01 8.036000e-03 1.640640e-01
123 8.265600e-01 8.040000e-03 1.654000e-01
124 8.251080e-01 8.224000e-03 1.666680e-01
125 8.237880e-01 8.144000e-03 1.680680e-01
126 8.225680e-01 7.892000e-03 1.695400e-01
127 8.212280e-01 7.856000e-03 1.709160e-01
128 8.199560e-01 7.876000e-03 1.721680e-01
129 8.186360e-01 7.748000e-03 1.736160e-01
130 8.173400e-01 7.804000e-03 1.748560e-01
131 8.160200e-01 7.796000e-03 1.761840e-01
132 8.145960e-01 7.856000e-03 1.775480e-01
133 8.133080e-01 7.776000e-03 1.789160e-01
134 8.120720e-01 7.732000e-03 1.801960e-01
135 8.108560e-01 7.492000e-03 1.816520e-01
136 8.096920e-01 7.416000e-03 1.828920e-01
137 8.086200e-01 7.144000e-03 1.842360e-01
138 8.076200e-01 6.824000e-03 1.855560e-01
139 8.065960e-01 6.620000e-03 1.867840e-01
140 8.055200e-01 6.612000e-03 1.878680e-01
141 8.042880e-01 6.780000e-03 1.889320e-01
142 8.030680e-01 6.788000e-03 1.901440e-01
143 8.019320e-01 6.736000e-03 1.913320e-01
144 8.007680e-01 6.672000e-03 1.925600e-01
145 7.996280e-01 6.524000e-03 1.938480e-01
146 7.984080e-01 6.564000e-03 1.950280e-01
147 7.972800e-01 6.512000e-03 1.962080e-01
148 7.960880e-01 6.632000e-03 1.972800e-01
149 7.950160e-01 6.600000e-03 1.983840e-01
150 7.939760e-01 6.336000e-03 1.996880e-01
151 7.928920e-01 6.376000e-03 2.007320e-01
152 7.917640e-01 6.384000e-03 2.018520e-01
153 7.907720e-01 6.324000e-03 2.029040e-01
154 7.896960e-01 6.360000e-03 2.039440e-01
155 7.885760e-01 6.348000e-03 2.050760e-01
156 7.874400e-01 6.380000e-03 2.061800e-01
157 7.864080e-01 6.284000e-03 2.073080e-01
158 7.853080e-01 6.328000e-03 2.083640e-01
159 7.841800e-01 6.496000e-03 2.093240e-01
160 7.831160e-01 6.376000e-03 2.105080e-01
161 7.820080e-01 6.420000e-03 2.115720e-01
162 7.809000e-01 6.448000e-03 2.126520e-01
163 7.798760e-01 6.264000e-03 2.138600e-01
164 7.789040e-01 6.116000e-03 2.149800e-01
165 7.779920e-01 6.032000e-03 2.159760e-01
166 7.770640e-01 5.992000e-03 2.169440e-01
167 7.761160e-01 5.900000e-03 2.179840e-01
168 7.752760e-01 5.672000e-03 2.190520e-01
169 7.742880e-01 5.788000e-03 2.199240e-01
170 7.733120e-01 5.772000e-03 2.209160e-01
171 7.722760e-01 5.848000e-03 2.218760e-01
172 7.713120e-01 5.760000e-03 2.229280e-01
173 7.702880e-01 5.688000e-03 2.240240e-01
174 7.693360e-01 5.708000e-03 2.249560e-01
175 7.683920e-01 5.712000e-03 2.258960e-01
176 7.673600e-01 5.732000e-03 2.269080e-01
177 7.664680e-01 5.700000e-03 2.278320e-01
178 7.655840e-01 5.644000e-03 2.287720e-01
179 7.645680e-01 5.652000e-03 2.297800e-01
180 7.636040e-01 5.512000e-03 2.308840e-01
181 7.626960e-01 5.428000e-03 2.318760e-01
182 7.618320e-01 5.388000e-03 2.327800e-01
183 7.609040e-01 5.408000e-03 2.336880e-01
184 7.600880e-01 5.312000e-03 2.346000e-01
185 7.593280e-01 5.156000e-03 2.355160e-01
186 7.585800e-01 4.928000e-03 2.364920e-01
187 7.576880e-01 4.968000e-03 2.373440e-01
188 7.567760e-01 4.952000e-03 2.382720e-01
189 7.560120e-01 4.828000e-03 2.391600e-01
190 7.552160e-01 4.736000e-03 2.400480e-01
191 7.543800e-01 4.768000e-03 2.408520e-01
192 7.535520e-01 4.712000e-03 2.417360e-01
193 7.527960e-01 4.588000e-03 2.426160e-01
194 7.520120e-01 4.600000e-03 2.433880e-01
195 7.511120e-01 4.736000e-03 2.441520e-01
196 7.503320e-01 4.576000e-03 2.450920e-01
197 7.495760e-01 4.548000e-03 2.458760e-01
198 7.488000e-01 4.564000e-03 2.466360e-01
199 7.479080e-01 4.736000e-03 2.473560e-01
200 7.469360e-01 4.924000e-03 2.481400e-01
201 7.461080e-01 4.972000e-03 2.489200e-01
202 7.452960e-01 4.916000e-03 2.497880e-01
203 7.444960e-01 4.944000e-03 2.505600e-01
204 7.438120e-01 4.720000e-03 2.514680e-01
205 7.431120e-01 4.572000e-03 2.523160e-01
206 7.424400e-01 4.412000e-03 2.531480e-01
207 7.417800e-01 4.296000e-03 2.539240e-01
208 7.411280e-01 4.208000e-03 2.546640e-01
209 7.404760e-01 4.092000e-03 2.554320e-01
210 7.398080e-01 4.060000e-03 2.561320e-01
211 7.392520e-01 3.948000e-03 2.568000e-01
212 7.386400e-01 3.956000e-03 2.574040e-01
213 7.379640e-01 4.000000e-03 2.580360e-01
214 7.372280e-01 3.948000e-03 2.588240e-01
215 7.364760e-01 3.940000e-03 2.595840e-01
216 7.357240e-01 4.068000e-03 2.602080e-01
217 7.349960e-01 4.128000e-03 2.608760e-01
218 7.343160e-01 4.092000e-03 2.615920e-01
219 7.336160e-01 4.092000e-03 2.622920e-01
220 7.329320e-01 4.004000e-03 2.630640e-01
221 7.322160e-01 3.980000e-03 2.638040e-01
222 7.314680e-01 4.052000e-03 2.644800e-01
223 7.308320e-01 3.988000e-03 2.651800e-01
224 7.301960e-01 3.952000e-03 2.658520e-01
225 7.295600e-01 3.908000e-03 2.665320e-01
226 7.290520e-01 3.732000e-03 2.672160e-01
227 7.284360e-01 3.720000e-03 2.678440e-01
228 7.278600e-01 3.604000e-03 2.685360e-01
229 7.273360e-01 3.524000e-03 2.691400e-01
230 7.268480e-01 3.388000e-03 2.697640e-01
231 7.262320e-01 3.424000e-03 2.703440e-01
232 7.256680e-01 3.328000e-03 2.710040e-01
233 7.251360e-01 3.260000e-03 2.716040e-01
234 7.245160e-01 3.372000e-03 2.721120e-01
235 7.239000e-01 3.408000e-03 2.726920e-01
236 7.232480e-01 3.472000e-03 2.732800e-01
237 7.226200e-01 3.372000e-03 2.740080e-01
238 7.220360e-01 3.332000e-03 2.746320e-01
239 7.213840e-01 3.456000e-03 2.751600e-01
240 7.207280e-01 3.532000e-03 2.757400e-01
241 7.201560e-01 3.500000e-03 2.763440e-01
242 7.195600e-01 3.480000e-03 2.769600e-01
243 7.188880e-01 3.468000e-03 2.776440e-01
244 7.183000e-01 3.544000e-03 2.781560e-01
245 7.176120e-01 3.728000e-03 2.786600e-01
246 7.169360e-01 3.736000e-03 2.793280e-01
247 7.163000e-01 3.696000e-03 2.800040e-01
248 7.157080e-01 3.632000e-03 2.806600e-01
249 7.151280e-01 3.532000e-03 2.813400e-01
250 7.146880e-01 3.412000e-03 2.819000e-01
251 7.142320e-01 3.308000e-03 2.824600e-01
252 7.136000e-01 3.356000e-03 2.830440e-01
253 7.130160e-01 3.292000e-03 2.836920e-01
254 7.125400e-01 3.260000e-03 2.842000e-01
255 7.120440e-01 3.192000e-03 2.847640e-01
256 7.114880e-01 3.168000e-03 2.853440e-01
257 7.109680e-01 3.088000e-03 2.859440e-01
258 7.104520e-01 3.064000e-03 2.864840e-01
259 7.099440e-01 3.024000e-03 2.870320e-01
260 7.093600e-01 3.064000e-03 2.875760e-01
261 7.088200e-01 3.116000e-03 2.880640e-01
262 7.083320e-01 3.036000e-03 2.886320e-01
263 7.078200e-01 3.028000e-03 2.891520e-01
264 7.072640e-01 3.064000e-03 2.896720e-01
265 7.068400e-01 2.976000e-03 2.901840e-01
266 7.063560e-01 2.936000e-03 2.907080e-01
267 7.059600e-01 2.724000e-03 2.913160e-01
268 7.054760e-01 2.668000e-03 2.918560e-01
269 7.049400e-01 2.680000e-03 2.923800e-01
270 7.044760e-01 2.692000e-03 2.928320e-01
271 7.040200e-01 2.696000e-03 2.932840e-01
272 7.035080e-01 2.760000e-03 2.937320e-01
273 7.030080e-01 2.752000e-03 2.942400e-01
274 7.025480e-01 2.736000e-03 2.947160e-01
275 7.020800e-01 2.724000e-03 2.951960e-01
276 7.016440e-01 2.708000e-03 2.956480e-01
277 7.011160e-01 2.820000e-03 2.960640e-01
278 7.005960e-01 2.848000e-03 2.965560e-01
279 7.001240e-01 2.836000e-03 2.970400e-01
280 6.996800e-01 2.748000e-03 2.975720e-01
281 6.992720e-01 2.620000e-03 2.981080e-01
282 6.987400e-01 2.696000e-03 2.985640e-01
283 6.983160e-01 2.712000e-03 2.989720e-01
284 6.978440e-01 2.792000e-03 2.993640e-01
285 6.973760e-01 2.832000e-03 2.997920e-01
286 6.968280e-01 2.980000e-03 3.001920e-01
287 6.961920e-01 3.060000e-03 3.007480e-01
288 6.956560e-01 3.072000e-03 3.012720e-01
289 6.952320e-01 2.968000e-03 3.018000e-01
290 6.947560e-01 2.932000e-03 3.023120e-01
291 6.942960e-01 2.928000e-03 3.027760e-01
292 6.938160e-01 2.856000e-03 3.033280e-01
293 6.932960e-01 2.892000e-03 3.038120e-01
294 6.929080e-01 2.752000e-03 3.043400e-01
295 6.924960e-01 2.688000e-03 3.048160e-01
296 6.921240e-01 2.600000e-03 3.052760e-01
297 6.916920e-01 2.596000e-03 3.057120e-01
298 6.912440e-01 2.628000e-03 3.061280e-01
299 6.908200e-01 2.608000e-03 3.065720e-01
300 6.904560e-01 2.480000e-03 3.070640e-01
301 6.900720e-01 2.436000e-03 3.074920e-01
302 6.897560e-01 2.348000e-03 3.078960e-01
303 6.894440e-01 2.240000e-03 3.083160e-01
304 6.891720e-01 2.096000e-03 3.087320e-01
305 6.888400e-01 2.128000e-03 3.090320e-01
306 6.885840e-01 2.068000e-03 3.093480e-01
307 6.883200e-01 2.064000e-03 3.096160e-01
308 6.880200e-01 2.048000e-03 3.099320e-01
309 6.877320e-01 1.972000e-03 3.102960e-01
310 6.875080e-01 1.880000e-03 3.106120e-01
311 6.872440e-01 1.864000e-03 3.108920e-01
312 6.869880e-01 1.848000e-03 3.111640e-01
313 6.868080e-01 1.692000e-03 3.115000e-01
314 6.865880e-01 1.584000e-03 3.118280e-01
315 6.863880e-01 1.512000e-03 3.121000e-01
316 6.861800e-01 1.456000e-03 3.123640e-01
317 6.859640e-01 1.408000e-03 3.126280e-01
318 6.857640e-01 1.336000e-03 3.129000e-01
319 6.855640e-01 1.280000e-03 3.131560e-01
320 6.853920e-01 1.240000e-03 3.133680e-01
321 6.851360e-01 1.316000e-03 3.135480e-01
322 6.848960e-01 1.368000e-03 3.137360e-01
323 6.846560e-01 1.396000e-03 3.139480e-01
324 6.844760e-01 1.372000e-03 3.141520e-01
325 6.842600e-01 1.304000e-03 3.144360e-01
326 6.840720e-01 1.268000e-03 3.146600e-01
327 6.838720e-01 1.244000e-03 3.148840e-01
328 6.837000e-01 1.208000e-03 3.150920e-01
329 6.834560e-01 1.236000e-03 3.153080e-01
330 6.832840e-01 1.216000e-03 3.155000e-01
331 6.831160e-01 1.196000e-03 3.156880e-01
332 6.829720e-01 1.108000e-03 3.159200e-01
333 6.827640e-01 1.108000e-03 3.161280e-01
334 6.825840e-01 1.080000e-03 3.163360e-01
335 6.823840e-01 1.064000e-03 3.165520e-01
336 6.822120e-01 1.064000e-03 3.167240e-01
337 6.820200e-01 1.112000e-03 3.168680e-01
338 6.818080e-01 1.120000e-03 3.170720e-01
339 6.816280e-01 1.108000e-03 3.172640e-01
340 6.814080e-01 1.160000e-03 3.174320e-01
341 6.811840e-01 1.156000e-03 3.176600e-01
342 6.809840e-01 1.144000e-03 3.178720e-01
343 6.807600e-01 1.192000e-03 3.180480e-01
344 6.806040e-01 1.180000e-03 3.182160e-01
345 6.803760e-01 1.224000e-03 3.184000e-01
346 6.802120e-01 1.188000e-03 3.186000e-01
347 6.799960e-01 1.228000e-03 3.187760e-01
348 6.798200e-01 1.148000e-03 3.190320e-01
349 6.795720e-01 1.200000e-03 3.192280e-01
350 6.793400e-01 1.204000e-03 3.194560e-01
351 6.791680e-01 1.164000e-03 3.196680e-01
352 6.789480e-01 1.188000e-03 3.198640e-01
353 6.787280e-01 1.160000e-03 3.201120e-01
354 6.785360e-01 1.164000e-03 3.203000e-01
355 6.782440e-01 1.200000e-03 3.205560e-01
356 6.779760e-01 1.236000e-03 3.207880e-01
357 6.777400e-01 1.244000e-03 3.210160e-01
358 6.775120e-01 1.280000e-03 3.212080e-01
359 6.772640e-01 1.276000e-03 3.214600e-01
360 6.770520e-01 1.260000e-03 3.216880e-01
361 6.768880e-01 1.204000e-03 3.219080e-01
362 6.766400e-01 1.212000e-03 3.221480e-01
363 6.764440e-01 1.204000e-03 3.223520e-01
364 6.762680e-01 1.208000e-03 3.225240e-01
365 6.760560e-01 1.196000e-03 3.227480e-01
366 6.758760e-01 1.144000e-03 3.229800e-01
367 6.756560e-01 1.156000e-03 3.231880e-01
368 6.755040e-01 1.124000e-03 3.233720e-01
369 6.752920e-01 1.148000e-03 3.235600e-01
370 6.751080e-01 1.148000e-03 3.237440e-01
371 6.749040e-01 1.160000e-03 3.239360e-01
372 6.746760e-01 1.196000e-03 3.241280e-01
373 6.744200e-01 1.240000e-03 3.243400e-01
374 6.741800e-01 1.244000e-03 3.245760e-01
375 6.739160e-01 1.224000e-03 3.248600e-01
376 6.736960e-01 1.224000e-03 3.250800e-01
377 6.735760e-01 1.124000e-03 3.253000e-01
378 6.734400e-01 1.016000e-03 3.255440e-01
379 6.732400e-01 1.044000e-03 3.257160e-01
380 6.731080e-01 9.440000e-04 3.259480e-01
381 6.729520e-01 9.840000e-04 3.260640e-01
382 6.727960e-01 1.004000e-03 3.262000e-01
383 6.726320e-01 1.020000e-03 3.263480e-01
384 6.725360e-01 9.480000e-04 3.265160e-01
385 6.724080e-01 8.840000e-04 3.267080e-01
386 6.722920e-01 8.680000e-04 3.268400e-01
387 6.721920e-01 8.360000e-04 3.269720e-01
388 6.720880e-01 7.880000e-04 3.271240e-01
389 6.719960e-01 7.960000e-04 3.272080e-01
390 6.718720e-01 8.040000e-04 3.273240e-01
391 6.717120e-01 8.080000e-04 3.274800e-01
392 6.715920e-01 7.880000e-04 3.276200e-01
393 6.714640e-01 8.000000e-04 3.277360e-01
394 6.713360e-01 7.720000e-04 3.278920e-01
395 6.712160e-01 7.760000e-04 3.280080e-01
396 6.711200e-01 7.600000e-04 3.281200e-01
397 6.710120e-01 7.600000e-04 3.282280e-01
398 6.708880e-01 7.400000e-04 3.283720e-01
399 6.707320e-01 7.640000e-04 3.285040e-01
400 6.706040e-01 7.720000e-04 3.286240e-01
401 6.704800e-01 7.840000e-04 3.287360e-01
402 6.703840e-01 7.160000e-04 3.289000e-01
403 6.703000e-01 6.920000e-04 3.290080e-01
404 6.702280e-01 6.680000e-04 3.291040e-01
405 6.701120e-01 6.800000e-04 3.292080e-01
406 6.700160e-01 6.600000e-04 3.293240e-01
407 6.699080e-01 6.720000e-04 3.294200e-01
408 6.697880e-01 6.640000e-04 3.295480e-01
409 6.696680e-01 6.200000e-04 3.297120e-01
410 6.695680e-01 6.280000e-04 3.298040e-01
411 6.694800e-01 6.240000e-04 3.298960e-01
412 6.694120e-01 5.840000e-04 3.300040e-01
413 6.692880e-01 6.080000e-04 3.301040e-01
414 6.691600e-01 5.920000e-04 3.302480e-01
415 6.690920e-01 5.720000e-04 3.303360e-01
416 6.689960e-01 5.520000e-04 3.304520e-01
417 6.689040e-01 5.640000e-04 3.305320e-01
418 6.687760e-01 5.680000e-04 3.306560e-01
419 6.686760e-01 5.960000e-04 3.307280e-01
420 6.685440e-01 6.040000e-04 3.308520e-01
421 6.684480e-01 6.240000e-04 3.309280e-01
422 6.683440e-01 5.640000e-04 3.310920e-01
423 6.682520e-01 5.720000e-04 3.311760e-01
424 6.681640e-01 5.640000e-04 3.312720e-01
425 6.680520e-01 5.960000e-04 3.313520e-01
426 6.679400e-01 6.000000e-04 3.314600e-01
427 6.678280e-01 6.120000e-04 3.315600e-01
428 6.677360e-01 6.160000e-04 3.316480e-01
429 6.676120e-01 6.240000e-04 3.317640e-01
430 6.675080e-01 6.360000e-04 3.318560e-01
431 6.674040e-01 6.520000e-04 3.319440e-01
432 6.672920e-01 6.720000e-04 3.320360e-01
433 6.672120e-01 6.120000e-04 3.321760e-01
434 6.671280e-01 5.920000e-04 3.322800e-01
435 6.670320e-01 5.720000e-04 3.323960e-01
436 6.669880e-01 5.400000e-04 3.324720e-01
437 6.669160e-01 5.120000e-04 3.325720e-01
438 6.668320e-01 5.200000e-04 3.326480e-01
439 6.667720e-01 4.920000e-04 3.327360e-01
440 6.666720e-01 5.000000e-04 3.328280e-01
441 6.665960e-01 5.320000e-04 3.328720e-01
442 6.665160e-01 5.440000e-04 3.329400e-01
443 6.664800e-01 4.560000e-04 3.330640e-01
444 6.664640e-01 4.160000e-04 3.331200e-01
445 6.663960e-01 3.920000e-04 3.332120e-01
446 6.663400e-01 3.560000e-04 3.333040e-01
447 6.662800e-01 3.320000e-04 3.333880e-01
448 6.662240e-01 3.320000e-04 3.334440e-01
449 6.661400e-01 3.760000e-04 3.334840e-01
450 6.660880e-01 3.400000e-04 3.335720e-01
451 6.660320e-01 3.200000e-04 3.336480e-01
452 6.659360e-01 3.600000e-04 3.337040e-01
453 6.658280e-01 4.080000e-04 3.337640e-01
454 6.657360e-01 4.480000e-04 3.338160e-01
455 6.656560e-01 4.160000e-04 3.339280e-01
456 6.655640e-01 4.320000e-04 3.340040e-01
457 6.654880e-01 4.360000e-04 3.340760e-01
458 6.654280e-01 4.280000e-04 3.341440e-01
459 6.653560e-01 4.440000e-04 3.342000e-01
460 6.652760e-01 4.360000e-04 3.342880e-01
461 6.651600e-01 4.480000e-04 3.343920e-01
462 6.650760e-01 4.480000e-04 3.344760e-01
463 6.650240e-01 4.200000e-04 3.345560e-01
464 6.649480e-01 4.360000e-04 3.346160e-01
465 6.648360e-01 4.520000e-04 3.347120e-01
466 6.647400e-01 4.520000e-04 3.348080e-01
467 6.646400e-01 4.520000e-04 3.349080e-01
468 6.645160e-01 5.040000e-04 3.349800e-01
469 6.643760e-01 5.520000e-04 3.350720e-01
470 6.642760e-01 5.640000e-04 3.351600e-01
471 6.641840e-01 5.880000e-04 3.352280e-01
472 6.640760e-01 6.080000e-04 3.353160e-01
473 6.639520e-01 6.160000e-04 3.354320e-01
474 6.638280e-01 6.360000e-04 3.355360e-01
475 6.636800e-01 6.560000e-04 3.356640e-01
476 6.635360e-01 7.000000e-04 3.357640e-01
477 6.634640e-01 6.240000e-04 3.359120e-01
478 6.633440e-01 6.240000e-04 3.360320e-01
479 6.632120e-01 6.520000e-04 3.361360e-01
480 6.631240e-01 6.360000e-04 3.362400e-01
481 6.630000e-01 6.280000e-04 3.363720e-01
482 6.628680e-01 6.440000e-04 3.364880e-01
483 6.627560e-01 6.760000e-04 3.365680e-01
484 6.626600e-01 6.800000e-04 3.366600e-01
485 6.625480e-01 7.040000e-04 3.367480e-01
486 6.624400e-01 6.720000e-04 3.368880e-01
487 6.623400e-01 6.560000e-04 3.370040e-01
488 6.622320e-01 6.680000e-04 3.371000e-01
489 6.621480e-01 6.720000e-04 3.371800e-01
490 6.620240e-01 6.960000e-04 3.372800e-01
491 6.619280e-01 6.720000e-04 3.374000e-01
492 6.618600e-01 6.360000e-04 3.375040e-01
493 6.617560e-01 6.080000e-04 3.376360e-01
494 6.616400e-01 6.080000e-04 3.377520e-01
495 6.615280e-01 6.080000e-04 3.378640e-01
496 6.614440e-01 5.600000e-04 3.379960e-01
497 6.613720e-01 5.360000e-04 3.380920e-01
498 6.613000e-01 4.960000e-04 3.382040e-01
499 6.612240e-01 4.800000e-04 3.382960e-01
500 6.611280e-01 5.160000e-04 3.383560e-01
