1 9.991640e-01 7.280000e-04 1.080000e-04
2 9.986280e-01 1.116000e-03 2.560000e-04
3 9.980040e-01 1.504000e-03 4.920000e-04
4 9.972440e-01 1.888000e-03 8.680000e-04
5 9.963960e-01 2.368000e-03 1.236000e-03
6 9.954720e-01 2.836000e-03 1.692000e-03
7 9.945880e-01 3.188000e-03 2.224000e-03
8 9.937040e-01 3.480000e-03 2.816000e-03
9 9.926680e-01 3.860000e-03 3.472000e-03
10 9.916240e-01 4.180000e-03 4.196000e-03
11 9.905720e-01 4.516000e-03 4.912000e-03
12 9.894600e-01 4.756000e-03 5.784000e-03
13 9.881360e-01 5.252000e-03 6.612000e-03
14 9.868880e-01 5.576000e-03 7.536000e-03
15 9.857480e-01 5.696000e-03 8.556000e-03
16 9.844080e-01 6.112000e-03 9.480000e-03
17 9.830520e-01 6.408000e-03 1.054000e-02
18 9.816040e-01 6.772000e-03 1.162400e-02
19 9.800480e-01 7.076000e-03 1.287600e-02
20 9.785680e-01 7.260000e-03 1.417200e-02
21 9.771840e-01 7.332000e-03 1.548400e-02
22 9.757240e-01 7.536000e-03 1.674000e-02
23 9.743000e-01 7.720000e-03 1.798000e-02
24 9.728040e-01 7.764000e-03 1.943200e-02
25 9.714160e-01 7.704000e-03 2.088000e-02
26 9.698360e-01 7.936000e-03 2.222800e-02
27 9.681920e-01 8.096000e-03 2.371200e-02
28 9.667200e-01 8.080000e-03 2.520000e-02
29 9.651320e-01 8.296000e-03 2.657200e-02
30 9.637000e-01 8.396000e-03 2.790400e-02
31 9.620680e-01 8.540000e-03 2.939200e-02
32 9.603720e-01 8.676000e-03 3.095200e-02
33 9.585880e-01 8.932000e-03 3.248000e-02
34 9.568520e-01 9.068000e-03 3.408000e-02
35 9.552200e-01 9.204000e-03 3.557600e-02
36 9.534880e-01 9.284000e-03 3.722800e-02
37 9.516720e-01 9.380000e-03 3.894800e-02
38 9.500640e-01 9.296000e-03 4.064000e-02
39 9.483480e-01 9.452000e-03 4.220000e-02
40 9.466440e-01 9.504000e-03 4.385200e-02
41 9.450560e-01 9.200000e-03 4.574400e-02
42 9.435680e-01 9.036000e-03 4.739600e-02
43 9.421520e-01 8.880000e-03 4.896800e-02
44 9.406280e-01 8.828000e-03 5.054400e-02
45 9.392200e-01 8.676000e-03 5.210400e-02
46 9.377400e-01 8.656000e-03 5.360400e-02
47 9.361080e-01 8.828000e-03 5.506400e-02
48 9.345400e-01 8.788000e-03 5.667200e-02
49 9.329720e-01 8.956000e-03 5.807200e-02
50 9.313880e-01 8.992000e-03 5.962000e-02
51 9.297600e-01 9.040000e-03 6.120000e-02
52 9.282600e-01 9.036000e-03 6.270400e-02
53 9.266480e-01 9.040000e-03 6.431200e-02
54 9.250360e-01 8.960000e-03 6.600400e-02
55 9.233480e-01 8.900000e-03 6.775200e-02
56 9.216520e-01 9.028000e-03 6.932000e-02
57 9.198920e-01 9.280000e-03 7.082800e-02
58 9.183400e-01 9.232000e-03 7.242800e-02
59 9.167880e-01 9.164000e-03 7.404800e-02
60 9.150200e-01 9.128000e-03 7.585200e-02
61 9.134760e-01 9.192000e-03 7.733200e-02
62 9.120920e-01 8.988000e-03 7.892000e-02
63 9.104920e-01 9.044000e-03 8.046400e-02
64 9.089200e-01 9.004000e-03 8.207600e-02
65 9.073440e-01 8.948000e-03 8.370800e-02
66 9.059600e-01 8.740000e-03 8.530000e-02
67 9.043920e-01 8.880000e-03 8.672800e-02
68 9.026280e-01 9.148000e-03 8.822400e-02
69 9.010080e-01 9.268000e-03 8.972400e-02
70 8.993400e-01 9.416000e-03 9.124400e-02
71 8.976840e-01 9.500000e-03 9.281600e-02
72 8.962280e-01 9.336000e-03 9.443600e-02
73 8.947640e-01 9.136000e-03 9.610000e-02
74 8.931680e-01 9.100000e-03 9.773200e-02
75 8.918240e-01 8.776000e-03 9.940000e-02
76 8.904240e-01 8.680000e-03 1.008960e-01
77 8.890800e-01 8.384000e-03 1.025360e-01
78 8.876720e-01 8.288000e-03 1.040400e-01
79 8.863080e-01 8.260000e-03 1.054320e-01
80 8.849480e-01 8.108000e-03 1.069440e-01
81 8.834120e-01 8.288000e-03 1.083000e-01
82 8.818440e-01 8.376000e-03 1.097800e-01
83 8.804160e-01 8.376000e-03 1.112080e-01
84 8.789000e-01 8.216000e-03 1.128840e-01
85 8.776720e-01 7.908000e-03 1.144200e-01
86 8.763720e-01 7.728000e-03 1.159000e-01
87 8.750480e-01 7.664000e-03 1.172880e-01
88 8.737720e-01 7.596000e-03 1.186320e-01
89 8.723800e-01 7.700000e-03 1.199200e-01
90 8.710240e-01 7.756000e-03 1.212200e-01
91 8.696280e-01 7.880000e-03 1.224920e-01
92 8.683880e-01 7.732000e-03 1.238800e-01
93 8.668240e-01 7.936000e-03 1.252400e-01
94 8.653400e-01 8.068000e-03 1.265920e-01
95 8.639480e-01 8.112000e-03 1.279400e-01
96 8.624640e-01 8.380000e-03 1.291560e-01
97 8.610640e-01 8.136000e-03 1.308000e-01
98 8.595160e-01 8.260000e-03 1.322240e-01
99 8.580000e-01 8.380000e-03 1.336200e-01
100 8.564320e-01 8.588000e-03 1.349800e-01
101 8.549840e-01 8.472000e-03 1.365440e-01
102 8.535240e-01 8.360000e-03 1.381160e-01
103 8.520600e-01 8.364000e-03 1.395760e-01
104 8.505560e-01 8.508000e-03 1.409360e-01
105 8.490920e-01 8.640000e-03 1.422680e-01
106 8.474200e-01 8.732000e-03 1.438480e-01
107 8.458960e-01 8.672000e-03 1.454320e-01
108 8.444480e-01 8.568000e-03 1.469840e-01
109 8.430080e-01 8.488000e-03 1.485040e-01
110 8.416960e-01 8.380000e-03 1.499240e-01
111 8.403160e-01 8.180000e-03 1.515040e-01
112 8.389960e-01 7.916000e-03 1.530880e-01
113 8.378280e-01 7.660000e-03 1.545120e-01
114 8.365280e-01 7.572000e-03 1.559000e-01
115 8.352560e-01 7.520000e-03 1.572240e-01
116 8.339760e-01 7.524000e-03 1.585000e-01
117 8.326080e-01 7.584000e-03 1.598080e-01
118 8.314280e-01 7.348000e-03 1.612240e-01
119 8.301800e-01 7.412000e-03 1.624080e-01
120 8.289600e-01 7.344000e-03 1.636960e-01
121 8.275640e-01 7.524000e-03 1.649120e-01
122 8.263120e-01 7.524000e-03 1.661640e-01
123 8.249560e-01 7.580000e-03 1.674640e-01
124 8.236440e-01 7.532000e-03 1.688240e-01
125 8.221280e-01 7.688000e-03 1.701840e-01
126 8.208280e-01 7.596000e-03 1.715760e-01
127 8.194480e-01 7.724000e-03 1.728280e-01
128 8.179920e-01 7.852000e-03 1.741560e-01
129 8.165720e-01 7.924000e-03 1.755040e-01
130 8.152200e-01 7.800000e-03 1.769800e-01
131 8.138680e-01 7.704000e-03 1.784280e-01
132 8.126040e-01 7.568000e-03 1.798280e-01
133 8.113840e-01 7.444000e-03 1.811720e-01
134 8.102160e-01 7.360000e-03 1.824240e-01
135 8.090160e-01 7.252000e-03 1.837320e-01
136 8.078440e-01 7.160000e-03 1.849960e-01
137 8.066920e-01 7.092000e-03 1.862160e-01
138 8.055520e-01 6.884000e-03 1.875640e-01
139 8.044480e-01 6.864000e-03 1.886880e-01
140 8.032920e-01 6.820000e-03 1.898880e-01
141 8.022280e-01 6.688000e-03 1.910840e-01
142 8.011240e-01 6.640000e-03 1.922360e-01
143 8.000400e-01 6.620000e-03 1.933400e-01
144 7.989920e-01 6.608000e-03 1.944000e-01
145 7.979120e-01 6.612000e-03 1.954760e-01
146 7.968880e-01 6.596000e-03 1.965160e-01
147 7.957320e-01 6.644000e-03 1.976240e-01
148 7.945320e-01 6.756000e-03 1.987120e-01
149 7.933800e-01 6.708000e-03 1.999120e-01
150 7.922400e-01 6.804000e-03 2.009560e-01
151 7.911440e-01 6.792000e-03 2.020640e-01
152 7.900360e-01 6.768000e-03 2.031960e-01
153 7.890480e-01 6.664000e-03 2.042880e-01
154 7.879480e-01 6.484000e-03 2.055680e-01
155 7.869760e-01 6.308000e-03 2.067160e-01
156 7.858640e-01 6.340000e-03 2.077960e-01
157 7.848000e-01 6.236000e-03 2.089640e-01
158 7.837160e-01 6.220000e-03 2.100640e-01
159 7.827360e-01 6.208000e-03 2.110560e-01
160 7.818480e-01 6.084000e-03 2.120680e-01
161 7.810160e-01 5.784000e-03 2.132000e-01
162 7.800360e-01 5.660000e-03 2.143040e-01
163 7.790160e-01 5.680000e-03 2.153040e-01
164 7.779960e-01 5.720000e-03 2.162840e-01
165 7.769280e-01 5.808000e-03 2.172640e-01
166 7.759120e-01 5.832000e-03 2.182560e-01
167 7.750360e-01 5.788000e-03 2.191760e-01
168 7.740920e-01 5.752000e-03 2.201560e-01
169 7.732640e-01 5.664000e-03 2.210720e-01
170 7.724160e-01 5.468000e-03 2.221160e-01
171 7.714360e-01 5.492000e-03 2.230720e-01
172 7.705160e-01 5.488000e-03 2.239960e-01
173 7.695920e-01 5.452000e-03 2.249560e-01
174 7.686840e-01 5.356000e-03 2.259600e-01
175 7.678000e-01 5.340000e-03 2.268600e-01
176 7.668520e-01 5.348000e-03 2.278000e-01
177 7.660200e-01 5.236000e-03 2.287440e-01
178 7.651840e-01 5.200000e-03 2.296160e-01
179 7.644480e-01 5.092000e-03 2.304600e-01
180 7.635200e-01 5.028000e-03 2.314520e-01
181 7.628040e-01 4.876000e-03 2.323200e-01
182 7.619840e-01 4.840000e-03 2.331760e-01
183 7.611840e-01 4.788000e-03 2.340280e-01
184 7.604720e-01 4.800000e-03 2.347280e-01
185 7.596240e-01 4.868000e-03 2.355080e-01
186 7.587840e-01 4.876000e-03 2.363400e-01
187 7.579560e-01 4.808000e-03 2.372360e-01
188 7.571680e-01 4.772000e-03 2.380600e-01
189 7.565120e-01 4.564000e-03 2.389240e-01
190 7.559080e-01 4.476000e-03 2.396160e-01
191 7.552640e-01 4.308000e-03 2.404280e-01
192 7.546480e-01 4.168000e-03 2.411840e-01
193 7.539200e-01 4.156000e-03 2.419240e-01
194 7.533160e-01 4.008000e-03 2.426760e-01
195 7.526280e-01 4.036000e-03 2.433360e-01
196 7.519200e-01 3.980000e-03 2.441000e-01
197 7.511840e-01 4.060000e-03 2.447560e-01
198 7.505240e-01 4.028000e-03 2.454480e-01
199 7.498800e-01 3.908000e-03 2.462120e-01
200 7.492560e-01 3.800000e-03 2.469440e-01
201 7.486360e-01 3.760000e-03 2.476040e-01
202 7.480200e-01 3.704000e-03 2.482760e-01
203 7.474640e-01 3.592000e-03 2.489440e-01
204 7.469120e-01 3.492000e-03 2.495960e-01
205 7.464040e-01 3.388000e-03 2.502080e-01
206 7.458120e-01 3.420000e-03 2.507680e-01
207 7.451920e-01 3.496000e-03 2.513120e-01
208 7.446440e-01 3.376000e-03 2.519800e-01
209 7.440200e-01 3.400000e-03 2.525800e-01
210 7.433840e-01 3.428000e-03 2.531880e-01
211 7.427160e-01 3.420000e-03 2.538640e-01
212 7.420760e-01 3.404000e-03 2.545200e-01
213 7.414200e-01 3.404000e-03 2.551760e-01
214 7.408000e-01 3.448000e-03 2.557520e-01
215 7.402480e-01 3.352000e-03 2.564000e-01
216 7.396160e-01 3.456000e-03 2.569280e-01
217 7.390360e-01 3.340000e-03 2.576240e-01
218 7.386040e-01 3.200000e-03 2.581960e-01
219 7.380600e-01 3.256000e-03 2.586840e-01
220 7.374640e-01 3.292000e-03 2.592440e-01
221 7.370000e-01 3.204000e-03 2.597960e-01
222 7.365080e-01 3.120000e-03 2.603720e-01
223 7.360000e-01 3.120000e-03 2.608800e-01
224 7.355000e-01 3.072000e-03 2.614280e-01
225 7.349880e-01 2.984000e-03 2.620280e-01
226 7.344760e-01 2.984000e-03 2.625400e-01
227 7.339160e-01 3.028000e-03 2.630560e-01
228 7.334760e-01 2.860000e-03 2.636640e-01
229 7.329640e-01 2.832000e-03 2.642040e-01
230 7.325000e-01 2.796000e-03 2.647040e-01
231 7.319800e-01 2.780000e-03 2.652400e-01
232 7.314840e-01 2.712000e-03 2.658040e-01
233 7.309760e-01 2.764000e-03 2.662600e-01
234 7.304920e-01 2.716000e-03 2.667920e-01
235 7.299560e-01 2.752000e-03 2.672920e-01
236 7.294240e-01 2.736000e-03 2.678400e-01
237 7.289720e-01 2.696000e-03 2.683320e-01
238 7.284840e-01 2.752000e-03 2.687640e-01
239 7.280800e-01 2.704000e-03 2.692160e-01
240 7.276720e-01 2.660000e-03 2.696680e-01
241 7.272240e-01 2.668000e-03 2.701080e-01
242 7.269000e-01 2.568000e-03 2.705320e-01
243 7.265400e-01 2.488000e-03 2.709720e-01
244 7.261760e-01 2.424000e-03 2.714000e-01
245 7.258760e-01 2.348000e-03 2.717760e-01
246 7.254840e-01 2.332000e-03 2.721840e-01
247 7.251440e-01 2.232000e-03 2.726240e-01
248 7.247280e-01 2.280000e-03 2.729920e-01
249 7.241840e-01 2.420000e-03 2.733960e-01
250 7.237200e-01 2.460000e-03 2.738200e-01
251 7.233480e-01 2.412000e-03 2.742400e-01
252 7.229000e-01 2.468000e-03 2.746320e-01
253 7.225200e-01 2.376000e-03 2.751040e-01
254 7.221160e-01 2.364000e-03 2.755200e-01
255 7.217000e-01 2.360000e-03 2.759400e-01
256 7.213200e-01 2.296000e-03 2.763840e-01
257 7.209600e-01 2.260000e-03 2.767800e-01
258 7.205160e-01 2.360000e-03 2.771240e-01
259 7.200320e-01 2.512000e-03 2.774560e-01
260 7.195600e-01 2.568000e-03 2.778720e-01
261 7.191480e-01 2.464000e-03 2.783880e-01
262 7.187840e-01 2.368000e-03 2.788480e-01
263 7.183680e-01 2.348000e-03 2.792840e-01
264 7.179720e-01 2.268000e-03 2.797600e-01
265 7.176720e-01 2.208000e-03 2.801200e-01
266 7.173240e-01 2.148000e-03 2.805280e-01
267 7.168800e-01 2.188000e-03 2.809320e-01
268 7.164160e-01 2.236000e-03 2.813480e-01
269 7.159960e-01 2.308000e-03 2.816960e-01
270 7.156360e-01 2.240000e-03 2.821240e-01
271 7.153480e-01 2.176000e-03 2.824760e-01
272 7.149760e-01 2.232000e-03 2.827920e-01
273 7.145480e-01 2.288000e-03 2.831640e-01
274 7.141760e-01 2.300000e-03 2.835240e-01
275 7.138680e-01 2.184000e-03 2.839480e-01
276 7.134920e-01 2.148000e-03 2.843600e-01
277 7.131440e-01 2.088000e-03 2.847680e-01
278 7.128320e-01 2.044000e-03 2.851240e-01
279 7.124280e-01 2.172000e-03 2.854000e-01
280 7.120920e-01 2.140000e-03 2.857680e-01
281 7.118080e-01 2.100000e-03 2.860920e-01
282 7.114840e-01 2.084000e-03 2.864320e-01
283 7.111240e-01 2.064000e-03 2.868120e-01
284 7.108600e-01 1.900000e-03 2.872400e-01
285 7.105520e-01 1.884000e-03 2.875640e-01
286 7.102600e-01 1.856000e-03 2.878840e-01
287 7.099880e-01 1.780000e-03 2.882320e-01
288 7.096680e-01 1.804000e-03 2.885280e-01
289 7.093640e-01 1.700000e-03 2.889360e-01
290 7.090880e-01 1.648000e-03 2.892640e-01
291 7.087960e-01 1.592000e-03 2.896120e-01
292 7.085480e-01 1.504000e-03 2.899480e-01
293 7.082400e-01 1.544000e-03 2.902160e-01
294 7.079640e-01 1.580000e-03 2.904560e-01
295 7.077080e-01 1.536000e-03 2.907560e-01
296 7.074880e-01 1.532000e-03 2.909800e-01
297 7.072080e-01 1.552000e-03 2.912400e-01
298 7.069880e-01 1.504000e-03 2.915080e-01
299 7.067600e-01 1.480000e-03 2.917600e-01
300 7.065800e-01 1.388000e-03 2.920320e-01
301 7.063640e-01 1.364000e-03 2.922720e-01
302 7.061680e-01 1.316000e-03 2.925160e-01
303 7.059240e-01 1.340000e-03 2.927360e-01
304 7.056920e-01 1.352000e-03 2.929560e-01
305 7.054880e-01 1.336000e-03 2.931760e-01
306 7.052960e-01 1.344000e-03 2.933600e-01
307 7.050480e-01 1.344000e-03 2.936080e-01
308 7.048480e-01 1.236000e-03 2.939160e-01
309 7.046680e-01 1.168000e-03 2.941640e-01
310 7.045200e-01 1.020000e-03 2.944600e-01
311 7.043640e-01 1.008000e-03 2.946280e-01
312 7.042400e-01 9.720000e-04 2.947880e-01
313 7.041200e-01 9.280000e-04 2.949520e-01
314 7.039960e-01 8.960000e-04 2.951080e-01
315 7.038320e-01 8.600000e-04 2.953080e-01
316 7.037280e-01 8.320000e-04 2.954400e-01
317 7.035880e-01 8.240000e-04 2.955880e-01
318 7.034480e-01 8.360000e-04 2.957160e-01
319 7.033280e-01 8.080000e-04 2.958640e-01
320 7.031920e-01 8.080000e-04 2.960000e-01
321 7.030200e-01 8.560000e-04 2.961240e-01
322 7.029160e-01 7.920000e-04 2.962920e-01
323 7.027760e-01 8.080000e-04 2.964160e-01
324 7.025880e-01 8.720000e-04 2.965400e-01
325 7.024200e-01 8.880000e-04 2.966920e-01
326 7.022520e-01 9.080000e-04 2.968400e-01
327 7.020680e-01 9.240000e-04 2.970080e-01
328 7.018600e-01 1.004000e-03 2.971360e-01
329 7.016560e-01 1.012000e-03 2.973320e-01
330 7.014640e-01 1.028000e-03 2.975080e-01
331 7.012920e-01 1.028000e-03 2.976800e-01
332 7.011200e-01 1.008000e-03 2.978720e-01
333 7.009440e-01 1.012000e-03 2.980440e-01
334 7.007440e-01 1.032000e-03 2.982240e-01
335 7.005240e-01 1.128000e-03 2.983480e-01
336 7.003600e-01 1.080000e-03 2.985600e-01
337 7.001760e-01 1.104000e-03 2.987200e-01
338 6.999920e-01 1.040000e-03 2.989680e-01
339 6.998280e-01 1.020000e-03 2.991520e-01
340 6.996880e-01 9.960000e-04 2.993160e-01
341 6.995560e-01 9.400000e-04 2.995040e-01
342 6.994360e-01 8.600000e-04 2.997040e-01
343 6.993000e-01 8.520000e-04 2.998480e-01
344 6.992000e-01 7.760000e-04 3.000240e-01
345 6.991040e-01 7.480000e-04 3.001480e-01
346 6.989960e-01 7.240000e-04 3.002800e-01
347 6.988960e-01 6.880000e-04 3.004160e-01
348 6.988360e-01 6.120000e-04 3.005520e-01
349 6.987080e-01 6.040000e-04 3.006880e-01
350 6.986320e-01 5.720000e-04 3.007960e-01
351 6.985280e-01 5.640000e-04 3.009080e-01
352 6.984240e-01 5.760000e-04 3.010000e-01
353 6.983400e-01 5.840000e-04 3.010760e-01
354 6.982160e-01 6.120000e-04 3.011720e-01
355 6.981120e-01 6.200000e-04 3.012680e-01
356 6.980360e-01 5.920000e-04 3.013720e-01
357 6.979800e-01 5.320000e-04 3.014880e-01
358 6.979080e-01 5.040000e-04 3.015880e-01
359 6.978760e-01 4.080000e-04 3.017160e-01
360 6.978360e-01 4.000000e-04 3.017640e-01
361 6.978160e-01 3.600000e-04 3.018240e-01
362 6.977600e-01 3.560000e-04 3.018840e-01
363 6.977000e-01 3.400000e-04 3.019600e-01
364 6.976400e-01 3.480000e-04 3.020120e-01
365 6.976040e-01 3.480000e-04 3.020480e-01
366 6.975360e-01 3.560000e-04 3.021080e-01
367 6.974640e-01 3.560000e-04 3.021800e-01
368 6.974120e-01 3.440000e-04 3.022440e-01
369 6.973760e-01 3.160000e-04 3.023080e-01
370 6.973400e-01 2.920000e-04 3.023680e-01
371 6.972960e-01 2.800000e-04 3.024240e-01
372 6.972600e-01 2.640000e-04 3.024760e-01
373 6.972400e-01 2.440000e-04 3.025160e-01
374 6.972040e-01 2.160000e-04 3.025800e-01
375 6.971840e-01 2.000000e-04 3.026160e-01
376 6.971280e-01 2.120000e-04 3.026600e-01
377 6.970880e-01 2.040000e-04 3.027080e-01
378 6.970640e-01 1.880000e-04 3.027480e-01
379 6.970160e-01 2.200000e-04 3.027640e-01
380 6.969600e-01 2.360000e-04 3.028040e-01
381 6.969120e-01 2.320000e-04 3.028560e-01
382 6.968640e-01 2.400000e-04 3.028960e-01
383 6.968280e-01 2.280000e-04 3.029440e-01
384 6.967920e-01 2.160000e-04 3.029920e-01
385 6.967680e-01 2.160000e-04 3.030160e-01
386 6.967480e-01 1.920000e-04 3.030600e-01
387 6.967320e-01 1.600000e-04 3.031080e-01
388 6.967120e-01 1.480000e-04 3.031400e-01
389 6.966960e-01 1.560000e-04 3.031480e-01
390 6.966720e-01 1.560000e-04 3.031720e-01
391 6.966280e-01 1.880000e-04 3.031840e-01
392 6.965840e-01 1.880000e-04 3.032280e-01
393 6.965560e-01 2.040000e-04 3.032400e-01
394 6.965160e-01 2.120000e-04 3.032720e-01
395 6.964880e-01 2.080000e-04 3.033040e-01
396 6.964520e-01 2.040000e-04 3.033440e-01
397 6.964360e-01 1.840000e-04 3.033800e-01
398 6.964160e-01 1.760000e-04 3.034080e-01
399 6.963880e-01 1.640000e-04 3.034480e-01
400 6.963720e-01 1.560000e-04 3.034720e-01
401 6.963520e-01 1.480000e-04 3.035000e-01
402 6.963200e-01 1.640000e-04 3.035160e-01
403 6.962800e-01 1.720000e-04 3.035480e-01
404 6.962440e-01 1.840000e-04 3.035720e-01
405 6.962360e-01 1.640000e-04 3.036000e-01
406 6.962160e-01 1.440000e-04 3.036400e-01
407 6.961960e-01 1.360000e-04 3.036680e-01
408 6.961640e-01 1.440000e-04 3.036920e-01
409 6.961440e-01 1.440000e-04 3.037120e-01
410 6.961280e-01 1.400000e-04 3.037320e-01
411 6.961080e-01 1.360000e-04 3.037560e-01
412 6.960840e-01 1.480000e-04 3.037680e-01
413 6.960800e-01 1.360000e-04 3.037840e-01
414 6.960680e-01 1.360000e-04 3.037960e-01
415 6.960680e-01 1.240000e-04 3.038080e-01
416 6.960600e-01 1.240000e-04 3.038160e-01
417 6.960600e-01 9.600000e-05 3.038440e-01
418 6.960440e-01 1.000000e-04 3.038560e-01
419 6.960240e-01 8.800000e-05 3.038880e-01
420 6.960200e-01 8.000000e-05 3.039000e-01
421 6.960200e-01 7.600000e-05 3.039040e-01
422 6.960120e-01 7.600000e-05 3.039120e-01
423 6.960040e-01 8.000000e-05 3.039160e-01
424 6.959960e-01 6.800000e-05 3.039360e-01
425 6.959880e-01 6.000000e-05 3.039520e-01
426 6.959840e-01 6.000000e-05 3.039560e-01
427 6.959840e-01 5.200000e-05 3.039640e-01
428 6.959720e-01 6.000000e-05 3.039680e-01
429 6.959640e-01 6.000000e-05 3.039760e-01
430 6.959520e-01 7.200000e-05 3.039760e-01
431 6.959360e-01 6.800000e-05 3.039960e-01
432 6.959320e-01 5.200000e-05 3.040160e-01
433 6.959120e-01 6.400000e-05 3.040240e-01
434 6.958960e-01 6.000000e-05 3.040440e-01
435 6.958880e-01 5.600000e-05 3.040560e-01
436 6.958720e-01 6.000000e-05 3.040680e-01
437 6.958480e-01 6.400000e-05 3.040880e-01
438 6.958320e-01 5.600000e-05 3.041120e-01
439 6.958160e-01 5.200000e-05 3.041320e-01
440 6.958120e-01 4.800000e-05 3.041400e-01
441 6.958000e-01 5.200000e-05 3.041480e-01
442 6.957720e-01 6.800000e-05 3.041600e-01
443 6.957480e-01 8.000000e-05 3.041720e-01
444 6.957200e-01 8.400000e-05 3.041960e-01
445 6.957080e-01 9.200000e-05 3.042000e-01
446 6.956800e-01 1.120000e-04 3.042080e-01
447 6.956280e-01 1.560000e-04 3.042160e-01
448 6.956040e-01 1.560000e-04 3.042400e-01
449 6.955840e-01 1.560000e-04 3.042600e-01
450 6.955440e-01 1.600000e-04 3.042960e-01
451 6.955040e-01 1.800000e-04 3.043160e-01
452 6.954720e-01 1.560000e-04 3.043720e-01
453 6.954560e-01 1.360000e-04 3.044080e-01
454 6.954280e-01 1.280000e-04 3.044440e-01
455 6.954080e-01 1.280000e-04 3.044640e-01
456 6.953840e-01 1.360000e-04 3.044800e-01
457 6.953680e-01 1.440000e-04 3.044880e-01
458 6.953320e-01 1.560000e-04 3.045120e-01
459 6.953080e-01 1.480000e-04 3.045440e-01
460 6.952600e-01 1.600000e-04 3.045800e-01
461 6.952440e-01 1.440000e-04 3.046120e-01
462 6.952080e-01 1.440000e-04 3.046480e-01
463 6.951880e-01 1.440000e-04 3.046680e-01
464 6.951680e-01 1.440000e-04 3.046880e-01
465 6.951560e-01 1.280000e-04 3.047160e-01
466 6.951360e-01 1.200000e-04 3.047440e-01
467 6.951200e-01 1.200000e-04 3.047600e-01
468 6.950640e-01 1.600000e-04 3.047760e-01
469 6.949880e-01 2.080000e-04 3.048040e-01
470 6.949320e-01 2.440000e-04 3.048240e-01
471 6.948920e-01 2.360000e-04 3.048720e-01
472 6.948640e-01 2.240000e-04 3.049120e-01
473 6.948560e-01 2.080000e-04 3.049360e-01
474 6.948000e-01 2.240000e-04 3.049760e-01
475 6.947760e-01 2.080000e-04 3.050160e-01
476 6.947240e-01 2.240000e-04 3.050520e-01
477 6.946880e-01 2.200000e-04 3.050920e-01
478 6.946680e-01 2.080000e-04 3.051240e-01
479 6.946320e-01 1.760000e-04 3.051920e-01
480 6.946160e-01 1.560000e-04 3.052280e-01
481 6.945880e-01 1.720000e-04 3.052400e-01
482 6.945520e-01 2.000000e-04 3.052480e-01
483 6.945080e-01 2.120000e-04 3.052800e-01
484 6.944440e-01 2.280000e-04 3.053280e-01
485 6.943960e-01 2.520000e-04 3.053520e-01
486 6.943720e-01 2.400000e-04 3.053880e-01
487 6.943320e-01 2.320000e-04 3.054360e-01
488 6.943040e-01 2.240000e-04 3.054720e-01
489 6.942680e-01 2.160000e-04 3.055160e-01
490 6.942120e-01 2.480000e-04 3.055400e-01
491 6.941840e-01 2.400000e-04 3.055760e-01
492 6.941680e-01 2.040000e-04 3.056280e-01
493 6.941160e-01 2.400000e-04 3.056440e-01
494 6.940760e-01 2.360000e-04 3.056880e-01
495 6.940440e-01 2.240000e-04 3.057320e-01
496 6.940160e-01 2.240000e-04 3.057600e-01
497 6.939880e-01 2.280000e-04 3.057840e-01
498 6.939480e-01 2.320000e-04 3.058200e-01
499 6.939240e-01 2.080000e-04 3.058680e-01
500 6.938920e-01 2.240000e-04 3.058840e-01
