1 9.992000e-01 7.120000e-04 8.800000e-05
2 9.987000e-01 1.068000e-03 2.320000e-04
3 9.980680e-01 1.480000e-03 4.520000e-04
4 9.972840e-01 1.992000e-03 7.240000e-04
5 9.965520e-01 2.360000e-03 1.088000e-03
6 9.957000e-01 2.792000e-03 1.508000e-03
7 9.947600e-01 3.124000e-03 2.116000e-03
8 9.936920e-01 3.684000e-03 2.624000e-03
9 9.926960e-01 3.940000e-03 3.364000e-03
10 9.916080e-01 4.276000e-03 4.116000e-03
11 9.906640e-01 4.400000e-03 4.936000e-03
12 9.897000e-01 4.568000e-03 5.732000e-03
13 9.887000e-01 4.760000e-03 6.540000e-03
14 9.875800e-01 5.036000e-03 7.384000e-03
15 9.866520e-01 5.104000e-03 8.244000e-03
16 9.857320e-01 5.128000e-03 9.140000e-03
17 9.847480e-01 5.232000e-03 1.002000e-02
18 9.837040e-01 5.284000e-03 1.101200e-02
19 9.824320e-01 5.556000e-03 1.201200e-02
20 9.812360e-01 5.856000e-03 1.290800e-02
21 9.801520e-01 6.052000e-03 1.379600e-02
22 9.789120e-01 6.220000e-03 1.486800e-02
23 9.777400e-01 6.328000e-03 1.593200e-02
24 9.766360e-01 6.216000e-03 1.714800e-02
25 9.754560e-01 6.328000e-03 1.821600e-02
26 9.743560e-01 6.332000e-03 1.931200e-02
27 9.731280e-01 6.436000e-03 2.043600e-02
28 9.720400e-01 6.392000e-03 2.156800e-02
29 9.708600e-01 6.496000e-03 2.264400e-02
30 9.698520e-01 6.420000e-03 2.372800e-02
31 9.687320e-01 6.416000e-03 2.485200e-02
32 9.676200e-01 6.276000e-03 2.610400e-02
33 9.664400e-01 6.392000e-03 2.716800e-02
34 9.651440e-01 6.560000e-03 2.829600e-02
35 9.637160e-01 6.828000e-03 2.945600e-02
36 9.625040e-01 6.764000e-03 3.073200e-02
37 9.612600e-01 6.672000e-03 3.206800e-02
38 9.599160e-01 6.752000e-03 3.333200e-02
39 9.585480e-01 6.976000e-03 3.447600e-02
40 9.571600e-01 7.108000e-03 3.573200e-02
41 9.558600e-01 7.260000e-03 3.688000e-02
42 9.546000e-01 7.156000e-03 3.824400e-02
43 9.531680e-01 7.280000e-03 3.955200e-02
44 9.518720e-01 7.248000e-03 4.088000e-02
45 9.503240e-01 7.464000e-03 4.221200e-02
46 9.488280e-01 7.616000e-03 4.355600e-02
47 9.473400e-01 7.720000e-03 4.494000e-02
48 9.457720e-01 7.876000e-03 4.635200e-02
49 9.442240e-01 8.060000e-03 4.771600e-02
50 9.427320e-01 8.044000e-03 4.922400e-02
51 9.412760e-01 8.140000e-03 5.058400e-02
52 9.395720e-01 8.484000e-03 5.194400e-02
53 9.379720e-01 8.420000e-03 5.360800e-02
54 9.363400e-01 8.616000e-03 5.504400e-02
55 9.346200e-01 8.912000e-03 5.646800e-02
56 9.329840e-01 8.936000e-03 5.808000e-02
57 9.311480e-01 9.252000e-03 5.960000e-02
58 9.294280e-01 9.448000e-03 6.112400e-02
59 9.276120e-01 9.552000e-03 6.283600e-02
60 9.257560e-01 9.716000e-03 6.452800e-02
61 9.241200e-01 9.652000e-03 6.622800e-02
62 9.225720e-01 9.456000e-03 6.797200e-02
63 9.208440e-01 9.560000e-03 6.959600e-02
64 9.191840e-01 9.668000e-03 7.114800e-02
65 9.176800e-01 9.352000e-03 7.296800e-02
66 9.160160e-01 9.400000e-03 7.458400e-02
67 9.144800e-01 9.328000e-03 7.619200e-02
68 9.128800e-01 9.408000e-03 7.771200e-02
69 9.112480e-01 9.344000e-03 7.940800e-02
70 9.097680e-01 9.164000e-03 8.106800e-02
71 9.082800e-01 9.000000e-03 8.272000e-02
72 9.066520e-01 8.988000e-03 8.436000e-02
73 9.052280e-01 8.828000e-03 8.594400e-02
74 9.036360e-01 8.872000e-03 8.749200e-02
75 9.020440e-01 8.904000e-03 8.905200e-02
76 9.005600e-01 8.868000e-03 9.057200e-02
77 8.990360e-01 8.844000e-03 9.212000e-02
78 8.973920e-01 9.104000e-03 9.350400e-02
79 8.958000e-01 9.020000e-03 9.518000e-02
80 8.942840e-01 8.912000e-03 9.680400e-02
81 8.926640e-01 8.856000e-03 9.848000e-02
82 8.911120e-01 8.804000e-03 1.000840e-01
83 8.897600e-01 8.564000e-03 1.016760e-01
84 8.884200e-01 8.472000e-03 1.031080e-01
85 8.870520e-01 8.268000e-03 1.046800e-01
86 8.857960e-01 7.984000e-03 1.062200e-01
87 8.845520e-01 7.788000e-03 1.076600e-01
88 8.832600e-01 7.720000e-03 1.090200e-01
89 8.819280e-01 7.540000e-03 1.105320e-01
90 8.806480e-01 7.412000e-03 1.119400e-01
91 8.795120e-01 7.284000e-03 1.132040e-01
92 8.781000e-01 7.464000e-03 1.144360e-01
93 8.768440e-01 7.404000e-03 1.157520e-01
94 8.755720e-01 7.420000e-03 1.170080e-01
95 8.744120e-01 7.256000e-03 1.183320e-01
96 8.731440e-01 7.296000e-03 1.195600e-01
97 8.718880e-01 7.368000e-03 1.207440e-01
98 8.704760e-01 7.496000e-03 1.220280e-01
99 8.690800e-01 7.656000e-03 1.232640e-01
100 8.677960e-01 7.508000e-03 1.246960e-01
101 8.663680e-01 7.724000e-03 1.259080e-01
102 8.649680e-01 7.804000e-03 1.272280e-01
103 8.636640e-01 7.704000e-03 1.286320e-01
104 8.623920e-01 7.656000e-03 1.299520e-01
105 8.611400e-01 7.468000e-03 1.313920e-01
106 8.600040e-01 7.296000e-03 1.327000e-01
107 8.585800e-01 7.472000e-03 1.339480e-01
108 8.572480e-01 7.564000e-03 1.351880e-01
109 8.557760e-01 7.740000e-03 1.364840e-01
110 8.544040e-01 7.680000e-03 1.379160e-01
111 8.531320e-01 7.600000e-03 1.392680e-01
112 8.518400e-01 7.576000e-03 1.405840e-01
113 8.506640e-01 7.432000e-03 1.419040e-01
114 8.494760e-01 7.272000e-03 1.432520e-01
115 8.482960e-01 7.144000e-03 1.445600e-01
116 8.471520e-01 7.084000e-03 1.457640e-01
117 8.459520e-01 7.088000e-03 1.469600e-01
118 8.448520e-01 6.984000e-03 1.481640e-01
119 8.436360e-01 7.084000e-03 1.492800e-01
120 8.424360e-01 7.104000e-03 1.504600e-01
121 8.412040e-01 7.212000e-03 1.515840e-01
122 8.400000e-01 7.088000e-03 1.529120e-01
123 8.388600e-01 6.948000e-03 1.541920e-01
124 8.375400e-01 7.152000e-03 1.553080e-01
125 8.362440e-01 7.256000e-03 1.565000e-01
126 8.349480e-01 7.276000e-03 1.577760e-01
127 8.335480e-01 7.452000e-03 1.590000e-01
128 8.323120e-01 7.388000e-03 1.603000e-01
129 8.309480e-01 7.416000e-03 1.616360e-01
130 8.295560e-01 7.492000e-03 1.629520e-01
131 8.282880e-01 7.320000e-03 1.643920e-01
132 8.269360e-01 7.556000e-03 1.655080e-01
133 8.256040e-01 7.604000e-03 1.667920e-01
134 8.242200e-01 7.796000e-03 1.679840e-01
135 8.229880e-01 7.692000e-03 1.693200e-01
136 8.216640e-01 7.732000e-03 1.706040e-01
137 8.203600e-01 7.732000e-03 1.719080e-01
138 8.191920e-01 7.588000e-03 1.732200e-01
139 8.180960e-01 7.456000e-03 1.744480e-01
140 8.169040e-01 7.468000e-03 1.756280e-01
141 8.157000e-01 7.308000e-03 1.769920e-01
142 8.144960e-01 7.328000e-03 1.781760e-01
143 8.133240e-01 7.124000e-03 1.795520e-01
144 8.122320e-01 6.948000e-03 1.808200e-01
145 8.110200e-01 6.916000e-03 1.820640e-01
146 8.098720e-01 6.816000e-03 1.833120e-01
147 8.087280e-01 6.752000e-03 1.845200e-01
148 8.075160e-01 6.780000e-03 1.857040e-01
149 8.063640e-01 6.640000e-03 1.869960e-01
150 8.052960e-01 6.564000e-03 1.881400e-01
151 8.042160e-01 6.388000e-03 1.893960e-01
152 8.031000e-01 6.400000e-03 1.905000e-01
153 8.020400e-01 6.316000e-03 1.916440e-01
154 8.011640e-01 6.128000e-03 1.927080e-01
155 8.002240e-01 6.000000e-03 1.937760e-01
156 7.992240e-01 5.984000e-03 1.947920e-01
157 7.982480e-01 5.896000e-03 1.958560e-01
158 7.973320e-01 5.736000e-03 1.969320e-01
159 7.962800e-01 5.772000e-03 1.979480e-01
160 7.951800e-01 5.964000e-03 1.988560e-01
161 7.940520e-01 6.048000e-03 1.999000e-01
162 7.928840e-01 6.220000e-03 2.008960e-01
163 7.917320e-01 6.296000e-03 2.019720e-01
164 7.906960e-01 6.208000e-03 2.030960e-01
165 7.895800e-01 6.144000e-03 2.042760e-01
166 7.886360e-01 6.076000e-03 2.052880e-01
167 7.876880e-01 5.916000e-03 2.063960e-01
168 7.867560e-01 5.932000e-03 2.073120e-01
169 7.858480e-01 5.904000e-03 2.082480e-01
170 7.848680e-01 5.892000e-03 2.092400e-01
171 7.839440e-01 5.856000e-03 2.102000e-01
172 7.828960e-01 5.848000e-03 2.112560e-01
173 7.820640e-01 5.724000e-03 2.122120e-01
174 7.811280e-01 5.648000e-03 2.132240e-01
175 7.803120e-01 5.464000e-03 2.142240e-01
176 7.794920e-01 5.348000e-03 2.151600e-01
177 7.786520e-01 5.328000e-03 2.160200e-01
178 7.778880e-01 5.100000e-03 2.170120e-01
179 7.771120e-01 5.008000e-03 2.178800e-01
180 7.762200e-01 5.092000e-03 2.186880e-01
181 7.754560e-01 4.900000e-03 2.196440e-01
182 7.747840e-01 4.596000e-03 2.206200e-01
183 7.740960e-01 4.396000e-03 2.215080e-01
184 7.733360e-01 4.380000e-03 2.222840e-01
185 7.726160e-01 4.212000e-03 2.231720e-01
186 7.718840e-01 4.224000e-03 2.238920e-01
187 7.711800e-01 4.212000e-03 2.246080e-01
188 7.704880e-01 4.128000e-03 2.253840e-01
189 7.697640e-01 4.152000e-03 2.260840e-01
190 7.689960e-01 4.132000e-03 2.268720e-01
191 7.683880e-01 3.976000e-03 2.276360e-01
192 7.677200e-01 3.948000e-03 2.283320e-01
193 7.669440e-01 4.044000e-03 2.290120e-01
194 7.660960e-01 4.228000e-03 2.296760e-01
195 7.653480e-01 4.204000e-03 2.304480e-01
196 7.644400e-01 4.364000e-03 2.311960e-01
197 7.637440e-01 4.244000e-03 2.320120e-01
198 7.630360e-01 4.136000e-03 2.328280e-01
199 7.623720e-01 4.104000e-03 2.335240e-01
200 7.616520e-01 4.088000e-03 2.342600e-01
201 7.608720e-01 4.236000e-03 2.348920e-01
202 7.601040e-01 4.268000e-03 2.356280e-01
203 7.594480e-01 4.224000e-03 2.363280e-01
204 7.586160e-01 4.292000e-03 2.370920e-01
205 7.576960e-01 4.432000e-03 2.378720e-01
206 7.568000e-01 4.480000e-03 2.387200e-01
207 7.559760e-01 4.560000e-03 2.394640e-01
208 7.552320e-01 4.528000e-03 2.402400e-01
209 7.545040e-01 4.536000e-03 2.409600e-01
210 7.537320e-01 4.560000e-03 2.417080e-01
211 7.530760e-01 4.392000e-03 2.425320e-01
212 7.523680e-01 4.324000e-03 2.433080e-01
213 7.515800e-01 4.396000e-03 2.440240e-01
214 7.508560e-01 4.396000e-03 2.447480e-01
215 7.501320e-01 4.324000e-03 2.455440e-01
216 7.493560e-01 4.404000e-03 2.462400e-01
217 7.486560e-01 4.296000e-03 2.470480e-01
218 7.479840e-01 4.144000e-03 2.478720e-01
219 7.472240e-01 4.156000e-03 2.486200e-01
220 7.464600e-01 4.196000e-03 2.493440e-01
221 7.457920e-01 4.136000e-03 2.500720e-01
222 7.450000e-01 4.168000e-03 2.508320e-01
223 7.443280e-01 3.996000e-03 2.516760e-01
224 7.435720e-01 4.036000e-03 2.523920e-01
225 7.428240e-01 4.104000e-03 2.530720e-01
226 7.421160e-01 4.052000e-03 2.538320e-01
227 7.414800e-01 3.996000e-03 2.545240e-01
228 7.408280e-01 3.980000e-03 2.551920e-01
229 7.402280e-01 3.780000e-03 2.559920e-01
230 7.395280e-01 3.756000e-03 2.567160e-01
231 7.388400e-01 3.704000e-03 2.574560e-01
232 7.382000e-01 3.684000e-03 2.581160e-01
233 7.373880e-01 3.860000e-03 2.587520e-01
234 7.367600e-01 3.816000e-03 2.594240e-01
235 7.360720e-01 3.868000e-03 2.600600e-01
236 7.352800e-01 4.000000e-03 2.607200e-01
237 7.346440e-01 3.944000e-03 2.614120e-01
238 7.340600e-01 3.824000e-03 2.621160e-01
239 7.333080e-01 3.864000e-03 2.628280e-01
240 7.326080e-01 3.888000e-03 2.635040e-01
241 7.318760e-01 3.900000e-03 2.642240e-01
242 7.310040e-01 4.112000e-03 2.648840e-01
243 7.302040e-01 4.160000e-03 2.656360e-01
244 7.295280e-01 4.068000e-03 2.664040e-01
245 7.288800e-01 4.048000e-03 2.670720e-01
246 7.282200e-01 4.060000e-03 2.677200e-01
247 7.275400e-01 3.972000e-03 2.684880e-01
248 7.268600e-01 3.968000e-03 2.691720e-01
249 7.261920e-01 3.752000e-03 2.700560e-01
250 7.256200e-01 3.644000e-03 2.707360e-01
251 7.249720e-01 3.648000e-03 2.713800e-01
252 7.243200e-01 3.656000e-03 2.720240e-01
253 7.237280e-01 3.584000e-03 2.726880e-01
254 7.231520e-01 3.464000e-03 2.733840e-01
255 7.226440e-01 3.344000e-03 2.740120e-01
256 7.221040e-01 3.312000e-03 2.745840e-01
257 7.214760e-01 3.356000e-03 2.751680e-01
258 7.210160e-01 3.280000e-03 2.757040e-01
259 7.204040e-01 3.328000e-03 2.762680e-01
260 7.198000e-01 3.288000e-03 2.769120e-01
261 7.191400e-01 3.328000e-03 2.775320e-01
262 7.185120e-01 3.360000e-03 2.781280e-01
263 7.179160e-01 3.380000e-03 2.787040e-01
264 7.172120e-01 3.500000e-03 2.792880e-01
265 7.164960e-01 3.608000e-03 2.798960e-01
266 7.157040e-01 3.760000e-03 2.805360e-01
267 7.149800e-01 3.816000e-03 2.812040e-01
268 7.142520e-01 3.856000e-03 2.818920e-01
269 7.133560e-01 4.116000e-03 2.825280e-01
270 7.125600e-01 4.192000e-03 2.832480e-01
271 7.117840e-01 4.280000e-03 2.839360e-01
272 7.110480e-01 4.240000e-03 2.847120e-01
273 7.102240e-01 4.348000e-03 2.854280e-01
274 7.094760e-01 4.232000e-03 2.862920e-01
275 7.087320e-01 4.184000e-03 2.870840e-01
276 7.080880e-01 4.024000e-03 2.878880e-01
277 7.073840e-01 4.052000e-03 2.885640e-01
278 7.067120e-01 4.100000e-03 2.891880e-01
279 7.060040e-01 4.068000e-03 2.899280e-01
280 7.053440e-01 4.068000e-03 2.905880e-01
281 7.046600e-01 4.040000e-03 2.913000e-01
282 7.038800e-01 4.064000e-03 2.920560e-01
283 7.031040e-01 4.168000e-03 2.927280e-01
284 7.023480e-01 4.260000e-03 2.933920e-01
285 7.016120e-01 4.196000e-03 2.941920e-01
286 7.008120e-01 4.272000e-03 2.949160e-01
287 6.999520e-01 4.404000e-03 2.956440e-01
288 6.991720e-01 4.388000e-03 2.964400e-01
289 6.983480e-01 4.492000e-03 2.971600e-01
290 6.976600e-01 4.392000e-03 2.979480e-01
291 6.969440e-01 4.280000e-03 2.987760e-01
292 6.962600e-01 4.276000e-03 2.994640e-01
293 6.954720e-01 4.360000e-03 3.001680e-01
294 6.947280e-01 4.328000e-03 3.009440e-01
295 6.939920e-01 4.284000e-03 3.017240e-01
296 6.932800e-01 4.228000e-03 3.024920e-01
297 6.925880e-01 4.236000e-03 3.031760e-01
298 6.918360e-01 4.260000e-03 3.039040e-01
299 6.911640e-01 4.208000e-03 3.046280e-01
300 6.905280e-01 4.156000e-03 3.053160e-01
301 6.899200e-01 4.024000e-03 3.060560e-01
302 6.892440e-01 4.064000e-03 3.066920e-01
303 6.885560e-01 4.056000e-03 3.073880e-01
304 6.879080e-01 4.064000e-03 3.080280e-01
305 6.873040e-01 3.976000e-03 3.087200e-01
306 6.867400e-01 3.796000e-03 3.094640e-01
307 6.860880e-01 3.680000e-03 3.102320e-01
308 6.855560e-01 3.556000e-03 3.108880e-01
309 6.849880e-01 3.572000e-03 3.114400e-01
310 6.845000e-01 3.384000e-03 3.121160e-01
311 6.837720e-01 3.556000e-03 3.126720e-01
312 6.831520e-01 3.592000e-03 3.132560e-01
313 6.825600e-01 3.644000e-03 3.137960e-01
314 6.818720e-01 3.672000e-03 3.144560e-01
315 6.812080e-01 3.692000e-03 3.151000e-01
316 6.805080e-01 3.796000e-03 3.156960e-01
317 6.799360e-01 3.660000e-03 3.164040e-01
318 6.794120e-01 3.472000e-03 3.171160e-01
319 6.788680e-01 3.436000e-03 3.176960e-01
320 6.783240e-01 3.364000e-03 3.183120e-01
321 6.776600e-01 3.416000e-03 3.189240e-01
322 6.770760e-01 3.436000e-03 3.194880e-01
323 6.764800e-01 3.520000e-03 3.200000e-01
324 6.758120e-01 3.516000e-03 3.206720e-01
325 6.752760e-01 3.492000e-03 3.212320e-01
326 6.746680e-01 3.508000e-03 3.218240e-01
327 6.741280e-01 3.376000e-03 3.224960e-01
328 6.737000e-01 3.144000e-03 3.231560e-01
329 6.732120e-01 3.160000e-03 3.236280e-01
330 6.727040e-01 3.060000e-03 3.242360e-01
331 6.722960e-01 2.928000e-03 3.247760e-01
332 6.717560e-01 2.964000e-03 3.252800e-01
333 6.712000e-01 2.960000e-03 3.258400e-01
334 6.707800e-01 2.872000e-03 3.263480e-01
335 6.703840e-01 2.828000e-03 3.267880e-01
336 6.698360e-01 2.848000e-03 3.273160e-01
337 6.693880e-01 2.864000e-03 3.277480e-01
338 6.688000e-01 2.896000e-03 3.283040e-01
339 6.683080e-01 2.864000e-03 3.288280e-01
340 6.678560e-01 2.860000e-03 3.292840e-01
341 6.673760e-01 2.812000e-03 3.298120e-01
342 6.669080e-01 2.804000e-03 3.302880e-01
343 6.664840e-01 2.692000e-03 3.308240e-01
344 6.660280e-01 2.772000e-03 3.312000e-01
345 6.656400e-01 2.676000e-03 3.316840e-01
346 6.651840e-01 2.636000e-03 3.321800e-01
347 6.646520e-01 2.716000e-03 3.326320e-01
348 6.642480e-01 2.640000e-03 3.331120e-01
349 6.638480e-01 2.624000e-03 3.335280e-01
350 6.635000e-01 2.552000e-03 3.339480e-01
351 6.630360e-01 2.556000e-03 3.344080e-01
352 6.626440e-01 2.496000e-03 3.348600e-01
353 6.622400e-01 2.420000e-03 3.353400e-01
354 6.619120e-01 2.280000e-03 3.358080e-01
355 6.615080e-01 2.256000e-03 3.362360e-01
356 6.611800e-01 2.276000e-03 3.365440e-01
357 6.608040e-01 2.284000e-03 3.369120e-01
358 6.604200e-01 2.316000e-03 3.372640e-01
359 6.600800e-01 2.212000e-03 3.377080e-01
360 6.597680e-01 2.116000e-03 3.381160e-01
361 6.594560e-01 2.112000e-03 3.384320e-01
362 6.591400e-01 2.100000e-03 3.387600e-01
363 6.587600e-01 2.140000e-03 3.391000e-01
364 6.584880e-01 2.080000e-03 3.394320e-01
365 6.581520e-01 2.100000e-03 3.397480e-01
366 6.577920e-01 2.084000e-03 3.401240e-01
367 6.573800e-01 2.144000e-03 3.404760e-01
368 6.570120e-01 2.120000e-03 3.408680e-01
369 6.566680e-01 2.128000e-03 3.412040e-01
370 6.563440e-01 2.100000e-03 3.415560e-01
371 6.559800e-01 2.052000e-03 3.419680e-01
372 6.556920e-01 1.976000e-03 3.423320e-01
373 6.553720e-01 2.020000e-03 3.426080e-01
374 6.549560e-01 2.068000e-03 3.429760e-01
375 6.545560e-01 2.156000e-03 3.432880e-01
376 6.541240e-01 2.188000e-03 3.436880e-01
377 6.537760e-01 2.164000e-03 3.440600e-01
378 6.534000e-01 2.192000e-03 3.444080e-01
379 6.530800e-01 2.144000e-03 3.447760e-01
380 6.527600e-01 2.084000e-03 3.451560e-01
381 6.524320e-01 2.096000e-03 3.454720e-01
382 6.521160e-01 2.024000e-03 3.458600e-01
383 6.517920e-01 1.932000e-03 3.462760e-01
384 6.514360e-01 1.912000e-03 3.466520e-01
385 6.510920e-01 1.880000e-03 3.470280e-01
386 6.507400e-01 1.932000e-03 3.473280e-01
387 6.504160e-01 1.852000e-03 3.477320e-01
388 6.499200e-01 2.012000e-03 3.480680e-01
389 6.495320e-01 2.004000e-03 3.484640e-01
390 6.492200e-01 2.032000e-03 3.487480e-01
391 6.489040e-01 1.956000e-03 3.491400e-01
392 6.485400e-01 2.028000e-03 3.494320e-01
393 6.481440e-01 2.064000e-03 3.497920e-01
394 6.478240e-01 2.000000e-03 3.501760e-01
395 6.473880e-01 2.100000e-03 3.505120e-01
396 6.470240e-01 2.112000e-03 3.508640e-01
397 6.466960e-01 2.108000e-03 3.511960e-01
398 6.463760e-01 2.084000e-03 3.515400e-01
399 6.460240e-01 2.076000e-03 3.519000e-01
400 6.457000e-01 2.052000e-03 3.522480e-01
401 6.453320e-01 2.032000e-03 3.526360e-01
402 6.449880e-01 2.024000e-03 3.529880e-01
403 6.446840e-01 2.044000e-03 3.532720e-01
404 6.443360e-01 1.952000e-03 3.537120e-01
405 6.440680e-01 1.892000e-03 3.540400e-01
406 6.437240e-01 1.880000e-03 3.543960e-01
407 6.434640e-01 1.848000e-03 3.546880e-01
408 6.431560e-01 1.780000e-03 3.550640e-01
409 6.428960e-01 1.776000e-03 3.553280e-01
410 6.426320e-01 1.776000e-03 3.555920e-01
411 6.423480e-01 1.704000e-03 3.559480e-01
412 6.421240e-01 1.620000e-03 3.562560e-01
413 6.418440e-01 1.640000e-03 3.565160e-01
414 6.415920e-01 1.608000e-03 3.568000e-01
415 6.413440e-01 1.596000e-03 3.570600e-01
416 6.409480e-01 1.764000e-03 3.572880e-01
417 6.405920e-01 1.800000e-03 3.576080e-01
418 6.402880e-01 1.776000e-03 3.579360e-01
419 6.399480e-01 1.776000e-03 3.582760e-01
420 6.396120e-01 1.792000e-03 3.585960e-01
421 6.393040e-01 1.764000e-03 3.589320e-01
422 6.389560e-01 1.808000e-03 3.592360e-01
423 6.385120e-01 1.980000e-03 3.595080e-01
424 6.381360e-01 1.984000e-03 3.598800e-01
425 6.378520e-01 1.912000e-03 3.602360e-01
426 6.375240e-01 1.896000e-03 3.605800e-01
427 6.372720e-01 1.880000e-03 3.608480e-01
428 6.369480e-01 1.908000e-03 3.611440e-01
429 6.366560e-01 1.900000e-03 3.614440e-01
430 6.363760e-01 1.880000e-03 3.617440e-01
431 6.361680e-01 1.732000e-03 3.621000e-01
432 6.359320e-01 1.708000e-03 3.623600e-01
433 6.356840e-01 1.656000e-03 3.626600e-01
434 6.354600e-01 1.616000e-03 3.629240e-01
435 6.352040e-01 1.580000e-03 3.632160e-01
436 6.349680e-01 1.492000e-03 3.635400e-01
437 6.347400e-01 1.456000e-03 3.638040e-01
438 6.344720e-01 1.424000e-03 3.641040e-01
439 6.342640e-01 1.360000e-03 3.643760e-01
440 6.340200e-01 1.392000e-03 3.645880e-01
441 6.337920e-01 1.380000e-03 3.648280e-01
442 6.335200e-01 1.404000e-03 3.650760e-01
443 6.333080e-01 1.372000e-03 3.653200e-01
444 6.330040e-01 1.436000e-03 3.655600e-01
445 6.327360e-01 1.400000e-03 3.658640e-01
446 6.325280e-01 1.296000e-03 3.661760e-01
447 6.323200e-01 1.256000e-03 3.664240e-01
448 6.321320e-01 1.196000e-03 3.666720e-01
449 6.319280e-01 1.216000e-03 3.668560e-01
450 6.316880e-01 1.256000e-03 3.670560e-01
451 6.314280e-01 1.276000e-03 3.672960e-01
452 6.311440e-01 1.328000e-03 3.675280e-01
453 6.308840e-01 1.352000e-03 3.677640e-01
454 6.305560e-01 1.460000e-03 3.679840e-01
455 6.302800e-01 1.464000e-03 3.682560e-01
456 6.300080e-01 1.456000e-03 3.685360e-01
457 6.298240e-01 1.392000e-03 3.687840e-01
458 6.295720e-01 1.396000e-03 3.690320e-01
459 6.292800e-01 1.508000e-03 3.692120e-01
460 6.290240e-01 1.488000e-03 3.694880e-01
461 6.287840e-01 1.476000e-03 3.697400e-01
462 6.285120e-01 1.508000e-03 3.699800e-01
463 6.282480e-01 1.488000e-03 3.702640e-01
464 6.280280e-01 1.456000e-03 3.705160e-01
465 6.277920e-01 1.452000e-03 3.707560e-01
466 6.275080e-01 1.476000e-03 3.710160e-01
467 6.272720e-01 1.412000e-03 3.713160e-01
468 6.270600e-01 1.336000e-03 3.716040e-01
469 6.268800e-01 1.292000e-03 3.718280e-01
470 6.266320e-01 1.316000e-03 3.720520e-01
471 6.264320e-01 1.216000e-03 3.723520e-01
472 6.262320e-01 1.188000e-03 3.725800e-01
473 6.260360e-01 1.216000e-03 3.727480e-01
474 6.258400e-01 1.160000e-03 3.730000e-01
475 6.256480e-01 1.176000e-03 3.731760e-01
476 6.254680e-01 1.132000e-03 3.734000e-01
477 6.252880e-01 1.084000e-03 3.736280e-01
478 6.251400e-01 1.028000e-03 3.738320e-01
479 6.249840e-01 9.720000e-04 3.740440e-01
480 6.248080e-01 9.840000e-04 3.742080e-01
481 6.246040e-01 9.920000e-04 3.744040e-01
482 6.244080e-01 9.760000e-04 3.746160e-01
483 6.242360e-01 9.920000e-04 3.747720e-01
484 6.240560e-01 1.012000e-03 3.749320e-01
485 6.238680e-01 1.008000e-03 3.751240e-01
486 6.236840e-01 1.044000e-03 3.752720e-01
487 6.234640e-01 1.068000e-03 3.754680e-01
488 6.232000e-01 1.148000e-03 3.756520e-01
489 6.230160e-01 1.124000e-03 3.758600e-01
490 6.228040e-01 1.144000e-03 3.760520e-01
491 6.226640e-01 1.088000e-03 3.762480e-01
492 6.224160e-01 1.176000e-03 3.764080e-01
493 6.221920e-01 1.188000e-03 3.766200e-01
494 6.219840e-01 1.200000e-03 3.768160e-01
495 6.217320e-01 1.248000e-03 3.770200e-01
496 6.214800e-01 1.296000e-03 3.772240e-01
497 6.212720e-01 1.236000e-03 3.774920e-01
498 6.210680e-01 1.204000e-03 3.777280e-01
499 6.208160e-01 1.264000e-03 3.779200e-01
500 6.205600e-01 1.320000e-03 3.781200e-01
