1 9.993360e-01 5.320000e-04 1.320000e-04
2 9.988360e-01 9.240000e-04 2.400000e-04
3 9.983280e-01 1.212000e-03 4.600000e-04
4 9.976840e-01 1.608000e-03 7.080000e-04
5 9.970840e-01 1.908000e-03 1.008000e-03
6 9.964320e-01 2.208000e-03 1.360000e-03
7 9.957040e-01 2.512000e-03 1.784000e-03
8 9.949000e-01 2.776000e-03 2.324000e-03
9 9.941600e-01 3.016000e-03 2.824000e-03
10 9.933120e-01 3.336000e-03 3.352000e-03
11 9.925120e-01 3.540000e-03 3.948000e-03
12 9.916720e-01 3.636000e-03 4.692000e-03
13 9.907440e-01 3.944000e-03 5.312000e-03
14 9.897480e-01 4.220000e-03 6.032000e-03
15 9.889000e-01 4.240000e-03 6.860000e-03
16 9.880800e-01 4.352000e-03 7.568000e-03
17 9.871560e-01 4.460000e-03 8.384000e-03
18 9.863240e-01 4.464000e-03 9.212000e-03
19 9.853360e-01 4.708000e-03 9.956000e-03
20 9.844800e-01 4.820000e-03 1.070000e-02
21 9.834800e-01 4.972000e-03 1.154800e-02
22 9.824440e-01 5.092000e-03 1.246400e-02
23 9.814600e-01 5.204000e-03 1.333600e-02
24 9.804640e-01 5.232000e-03 1.430400e-02
25 9.796080e-01 5.116000e-03 1.527600e-02
26 9.786040e-01 5.164000e-03 1.623200e-02
27 9.776520e-01 5.224000e-03 1.712400e-02
28 9.767520e-01 5.112000e-03 1.813600e-02
29 9.758320e-01 5.192000e-03 1.897600e-02
30 9.747560e-01 5.272000e-03 1.997200e-02
31 9.739160e-01 5.172000e-03 2.091200e-02
32 9.730960e-01 5.044000e-03 2.186000e-02
33 9.721800e-01 4.960000e-03 2.286000e-02
34 9.712920e-01 4.984000e-03 2.372400e-02
35 9.702960e-01 4.952000e-03 2.475200e-02
36 9.692840e-01 5.084000e-03 2.563200e-02
37 9.682720e-01 5.236000e-03 2.649200e-02
38 9.672760e-01 5.308000e-03 2.741600e-02
39 9.662960e-01 5.452000e-03 2.825200e-02
40 9.652080e-01 5.512000e-03 2.928000e-02
41 9.642280e-01 5.532000e-03 3.024000e-02
42 9.631800e-01 5.664000e-03 3.115600e-02
43 9.621000e-01 5.740000e-03 3.216000e-02
44 9.610320e-01 5.868000e-03 3.310000e-02
45 9.596840e-01 6.212000e-03 3.410400e-02
46 9.583760e-01 6.424000e-03 3.520000e-02
47 9.571080e-01 6.464000e-03 3.642800e-02
48 9.559440e-01 6.524000e-03 3.753200e-02
49 9.548280e-01 6.476000e-03 3.869600e-02
50 9.536760e-01 6.484000e-03 3.984000e-02
51 9.525440e-01 6.520000e-03 4.093600e-02
52 9.513080e-01 6.584000e-03 4.210800e-02
53 9.500680e-01 6.692000e-03 4.324000e-02
54 9.488880e-01 6.672000e-03 4.444000e-02
55 9.476760e-01 6.648000e-03 4.567600e-02
56 9.464800e-01 6.648000e-03 4.687200e-02
57 9.453240e-01 6.616000e-03 4.806000e-02
58 9.442000e-01 6.624000e-03 4.917600e-02
59 9.432000e-01 6.452000e-03 5.034800e-02
60 9.421160e-01 6.488000e-03 5.139600e-02
61 9.409760e-01 6.452000e-03 5.257200e-02
62 9.398040e-01 6.556000e-03 5.364000e-02
63 9.386400e-01 6.584000e-03 5.477600e-02
64 9.374240e-01 6.704000e-03 5.587200e-02
65 9.362680e-01 6.660000e-03 5.707200e-02
66 9.350920e-01 6.580000e-03 5.832800e-02
67 9.339000e-01 6.616000e-03 5.948400e-02
68 9.328000e-01 6.560000e-03 6.064000e-02
69 9.316400e-01 6.564000e-03 6.179600e-02
70 9.306080e-01 6.552000e-03 6.284000e-02
71 9.294840e-01 6.552000e-03 6.396400e-02
72 9.285160e-01 6.304000e-03 6.518000e-02
73 9.274400e-01 6.208000e-03 6.635200e-02
74 9.263880e-01 6.188000e-03 6.742400e-02
75 9.253640e-01 6.108000e-03 6.852800e-02
76 9.243800e-01 6.072000e-03 6.954800e-02
77 9.233880e-01 6.068000e-03 7.054400e-02
78 9.223240e-01 6.184000e-03 7.149200e-02
79 9.212880e-01 6.188000e-03 7.252400e-02
80 9.203120e-01 6.116000e-03 7.357200e-02
81 9.193840e-01 5.892000e-03 7.472400e-02
82 9.183400e-01 5.936000e-03 7.572400e-02
83 9.171920e-01 6.052000e-03 7.675600e-02
84 9.162600e-01 5.944000e-03 7.779600e-02
85 9.153280e-01 5.852000e-03 7.882000e-02
86 9.143280e-01 5.912000e-03 7.976000e-02
87 9.133560e-01 5.840000e-03 8.080400e-02
88 9.122960e-01 5.924000e-03 8.178000e-02
89 9.112280e-01 5.956000e-03 8.281600e-02
90 9.102440e-01 5.900000e-03 8.385600e-02
91 9.092720e-01 5.780000e-03 8.494800e-02
92 9.082600e-01 5.832000e-03 8.590800e-02
93 9.072680e-01 5.904000e-03 8.682800e-02
94 9.062560e-01 5.832000e-03 8.791200e-02
95 9.053040e-01 5.808000e-03 8.888800e-02
96 9.044120e-01 5.556000e-03 9.003200e-02
97 9.035360e-01 5.520000e-03 9.094400e-02
98 9.026520e-01 5.404000e-03 9.194400e-02
99 9.018080e-01 5.264000e-03 9.292800e-02
100 9.008400e-01 5.400000e-03 9.376000e-02
101 9.000320e-01 5.360000e-03 9.460800e-02
102 8.992080e-01 5.200000e-03 9.559200e-02
103 8.981760e-01 5.372000e-03 9.645200e-02
104 8.971800e-01 5.428000e-03 9.739200e-02
105 8.961800e-01 5.520000e-03 9.830000e-02
106 8.950800e-01 5.628000e-03 9.929200e-02
107 8.939280e-01 5.808000e-03 1.002640e-01
108 8.928920e-01 5.832000e-03 1.012760e-01
109 8.917520e-01 5.944000e-03 1.023040e-01
110 8.906360e-01 6.004000e-03 1.033600e-01
111 8.896480e-01 5.900000e-03 1.044520e-01
112 8.887320e-01 5.804000e-03 1.054640e-01
113 8.879080e-01 5.624000e-03 1.064680e-01
114 8.869720e-01 5.620000e-03 1.074080e-01
115 8.860880e-01 5.564000e-03 1.083480e-01
116 8.853120e-01 5.348000e-03 1.093400e-01
117 8.844800e-01 5.272000e-03 1.102480e-01
118 8.835960e-01 5.092000e-03 1.113120e-01
119 8.827520e-01 5.144000e-03 1.121040e-01
120 8.819160e-01 5.088000e-03 1.129960e-01
121 8.810640e-01 5.080000e-03 1.138560e-01
122 8.800120e-01 5.168000e-03 1.148200e-01
123 8.791120e-01 5.184000e-03 1.157040e-01
124 8.781560e-01 5.284000e-03 1.165600e-01
125 8.771280e-01 5.376000e-03 1.174960e-01
126 8.761280e-01 5.320000e-03 1.185520e-01
127 8.752680e-01 5.220000e-03 1.195120e-01
128 8.743120e-01 5.264000e-03 1.204240e-01
129 8.732600e-01 5.336000e-03 1.214040e-01
130 8.723600e-01 5.336000e-03 1.223040e-01
131 8.715160e-01 5.320000e-03 1.231640e-01
132 8.706680e-01 5.228000e-03 1.241040e-01
133 8.697880e-01 5.148000e-03 1.250640e-01
134 8.688040e-01 5.228000e-03 1.259680e-01
135 8.680080e-01 5.224000e-03 1.267680e-01
136 8.671400e-01 5.168000e-03 1.276920e-01
137 8.662600e-01 5.172000e-03 1.285680e-01
138 8.653600e-01 5.260000e-03 1.293800e-01
139 8.643440e-01 5.460000e-03 1.301960e-01
140 8.635080e-01 5.444000e-03 1.310480e-01
141 8.626120e-01 5.436000e-03 1.319520e-01
142 8.616960e-01 5.388000e-03 1.329160e-01
143 8.607240e-01 5.432000e-03 1.338440e-01
144 8.598200e-01 5.328000e-03 1.348520e-01
145 8.590080e-01 5.212000e-03 1.357800e-01
146 8.581720e-01 5.120000e-03 1.367080e-01
147 8.573520e-01 5.072000e-03 1.375760e-01
148 8.564480e-01 5.020000e-03 1.385320e-01
149 8.555400e-01 5.028000e-03 1.394320e-01
150 8.547200e-01 5.032000e-03 1.402480e-01
151 8.537960e-01 5.076000e-03 1.411280e-01
152 8.530400e-01 4.912000e-03 1.420480e-01
153 8.522360e-01 4.820000e-03 1.429440e-01
154 8.514880e-01 4.700000e-03 1.438120e-01
155 8.505920e-01 4.800000e-03 1.446080e-01
156 8.496840e-01 4.808000e-03 1.455080e-01
157 8.488360e-01 4.816000e-03 1.463480e-01
158 8.480080e-01 4.844000e-03 1.471480e-01
159 8.472600e-01 4.800000e-03 1.479400e-01
160 8.464320e-01 4.872000e-03 1.486960e-01
161 8.455760e-01 4.892000e-03 1.495320e-01
162 8.447200e-01 4.932000e-03 1.503480e-01
163 8.438320e-01 4.900000e-03 1.512680e-01
164 8.430000e-01 4.820000e-03 1.521800e-01
165 8.422480e-01 4.632000e-03 1.531200e-01
166 8.415560e-01 4.612000e-03 1.538320e-01
167 8.407800e-01 4.712000e-03 1.545080e-01
168 8.399480e-01 4.708000e-03 1.553440e-01
169 8.391160e-01 4.644000e-03 1.562400e-01
170 8.383800e-01 4.564000e-03 1.570560e-01
171 8.375600e-01 4.540000e-03 1.579000e-01
172 8.368640e-01 4.464000e-03 1.586720e-01
173 8.360880e-01 4.476000e-03 1.594360e-01
174 8.353040e-01 4.436000e-03 1.602600e-01
175 8.343240e-01 4.608000e-03 1.610680e-01
176 8.333480e-01 4.816000e-03 1.618360e-01
177 8.325000e-01 4.788000e-03 1.627120e-01
178 8.317400e-01 4.748000e-03 1.635120e-01
179 8.309240e-01 4.780000e-03 1.642960e-01
180 8.301800e-01 4.648000e-03 1.651720e-01
181 8.294040e-01 4.604000e-03 1.659920e-01
182 8.286240e-01 4.512000e-03 1.668640e-01
183 8.278360e-01 4.464000e-03 1.677000e-01
184 8.271600e-01 4.392000e-03 1.684480e-01
185 8.264560e-01 4.384000e-03 1.691600e-01
186 8.257880e-01 4.336000e-03 1.698760e-01
187 8.250360e-01 4.300000e-03 1.706640e-01
188 8.242520e-01 4.328000e-03 1.714200e-01
189 8.235400e-01 4.388000e-03 1.720720e-01
190 8.226680e-01 4.564000e-03 1.727680e-01
191 8.219080e-01 4.560000e-03 1.735320e-01
192 8.212240e-01 4.488000e-03 1.742880e-01
193 8.204720e-01 4.396000e-03 1.751320e-01
194 8.197240e-01 4.328000e-03 1.759480e-01
195 8.190680e-01 4.300000e-03 1.766320e-01
196 8.183400e-01 4.376000e-03 1.772840e-01
197 8.177000e-01 4.380000e-03 1.779200e-01
198 8.169880e-01 4.260000e-03 1.787520e-01
199 8.162520e-01 4.232000e-03 1.795160e-01
200 8.155480e-01 4.208000e-03 1.802440e-01
201 8.148200e-01 4.256000e-03 1.809240e-01
202 8.140480e-01 4.300000e-03 1.816520e-01
203 8.134000e-01 4.224000e-03 1.823760e-01
204 8.126160e-01 4.252000e-03 1.831320e-01
205 8.117360e-01 4.344000e-03 1.839200e-01
206 8.110640e-01 4.244000e-03 1.846920e-01
207 8.103240e-01 4.320000e-03 1.853560e-01
208 8.096160e-01 4.248000e-03 1.861360e-01
209 8.088280e-01 4.352000e-03 1.868200e-01
210 8.080400e-01 4.384000e-03 1.875760e-01
211 8.073080e-01 4.420000e-03 1.882720e-01
212 8.066120e-01 4.332000e-03 1.890560e-01
213 8.058440e-01 4.300000e-03 1.898560e-01
214 8.051280e-01 4.308000e-03 1.905640e-01
215 8.043600e-01 4.376000e-03 1.912640e-01
216 8.036960e-01 4.288000e-03 1.920160e-01
217 8.029920e-01 4.204000e-03 1.928040e-01
218 8.022680e-01 4.276000e-03 1.934560e-01
219 8.015560e-01 4.240000e-03 1.942040e-01
220 8.008880e-01 4.132000e-03 1.949800e-01
221 8.002400e-01 4.016000e-03 1.957440e-01
222 7.995640e-01 4.000000e-03 1.964360e-01
223 7.989320e-01 4.020000e-03 1.970480e-01
224 7.982480e-01 4.024000e-03 1.977280e-01
225 7.975600e-01 3.976000e-03 1.984640e-01
226 7.969680e-01 3.916000e-03 1.991160e-01
227 7.964040e-01 3.812000e-03 1.997840e-01
228 7.958040e-01 3.760000e-03 2.004360e-01
229 7.952240e-01 3.668000e-03 2.011080e-01
230 7.946200e-01 3.648000e-03 2.017320e-01
231 7.939200e-01 3.724000e-03 2.023560e-01
232 7.932920e-01 3.728000e-03 2.029800e-01
233 7.925440e-01 3.784000e-03 2.036720e-01
234 7.918480e-01 3.832000e-03 2.043200e-01
235 7.911520e-01 3.852000e-03 2.049960e-01
236 7.905040e-01 3.776000e-03 2.057200e-01
237 7.898680e-01 3.764000e-03 2.063680e-01
238 7.892760e-01 3.732000e-03 2.069920e-01
239 7.887280e-01 3.652000e-03 2.076200e-01
240 7.881160e-01 3.536000e-03 2.083480e-01
241 7.874680e-01 3.476000e-03 2.090560e-01
242 7.869000e-01 3.492000e-03 2.096080e-01
243 7.862520e-01 3.592000e-03 2.101560e-01
244 7.856680e-01 3.616000e-03 2.107160e-01
245 7.850840e-01 3.528000e-03 2.113880e-01
246 7.845280e-01 3.376000e-03 2.120960e-01
247 7.840320e-01 3.304000e-03 2.126640e-01
248 7.835120e-01 3.280000e-03 2.132080e-01
249 7.830440e-01 3.184000e-03 2.137720e-01
250 7.824240e-01 3.208000e-03 2.143680e-01
251 7.818680e-01 3.148000e-03 2.149840e-01
252 7.813960e-01 3.060000e-03 2.155440e-01
253 7.808880e-01 3.096000e-03 2.160160e-01
254 7.803960e-01 3.064000e-03 2.165400e-01
255 7.798560e-01 3.152000e-03 2.169920e-01
256 7.793200e-01 3.048000e-03 2.176320e-01
257 7.787600e-01 3.036000e-03 2.182040e-01
258 7.782280e-01 3.068000e-03 2.187040e-01
259 7.777120e-01 3.036000e-03 2.192520e-01
260 7.772840e-01 2.956000e-03 2.197600e-01
261 7.768120e-01 2.960000e-03 2.202280e-01
262 7.763520e-01 2.948000e-03 2.207000e-01
263 7.759800e-01 2.856000e-03 2.211640e-01
264 7.754640e-01 2.832000e-03 2.217040e-01
265 7.749880e-01 2.808000e-03 2.222040e-01
266 7.744560e-01 2.828000e-03 2.227160e-01
267 7.740520e-01 2.760000e-03 2.231880e-01
268 7.735960e-01 2.704000e-03 2.237000e-01
269 7.731240e-01 2.772000e-03 2.241040e-01
270 7.725960e-01 2.804000e-03 2.246000e-01
271 7.720640e-01 2.812000e-03 2.251240e-01
272 7.715320e-01 2.804000e-03 2.256640e-01
273 7.711160e-01 2.724000e-03 2.261600e-01
274 7.706160e-01 2.808000e-03 2.265760e-01
275 7.701240e-01 2.788000e-03 2.270880e-01
276 7.697120e-01 2.700000e-03 2.275880e-01
277 7.693360e-01 2.688000e-03 2.279760e-01
278 7.689320e-01 2.644000e-03 2.284240e-01
279 7.685400e-01 2.556000e-03 2.289040e-01
280 7.680880e-01 2.616000e-03 2.292960e-01
281 7.676600e-01 2.588000e-03 2.297520e-01
282 7.672400e-01 2.564000e-03 2.301960e-01
283 7.668400e-01 2.512000e-03 2.306480e-01
284 7.664160e-01 2.488000e-03 2.310960e-01
285 7.660880e-01 2.428000e-03 2.314840e-01
286 7.656880e-01 2.388000e-03 2.319240e-01
287 7.654040e-01 2.236000e-03 2.323600e-01
288 7.650880e-01 2.136000e-03 2.327760e-01
289 7.647200e-01 2.156000e-03 2.331240e-01
290 7.644240e-01 2.012000e-03 2.335640e-01
291 7.640800e-01 1.992000e-03 2.339280e-01
292 7.637440e-01 1.968000e-03 2.342880e-01
293 7.634120e-01 1.924000e-03 2.346640e-01
294 7.630760e-01 1.912000e-03 2.350120e-01
295 7.627120e-01 1.932000e-03 2.353560e-01
296 7.624000e-01 1.884000e-03 2.357160e-01
297 7.620440e-01 1.888000e-03 2.360680e-01
298 7.617160e-01 1.920000e-03 2.363640e-01
299 7.613480e-01 2.008000e-03 2.366440e-01
300 7.608440e-01 2.100000e-03 2.370560e-01
301 7.604320e-01 2.144000e-03 2.374240e-01
302 7.600040e-01 2.232000e-03 2.377640e-01
303 7.595960e-01 2.248000e-03 2.381560e-01
304 7.590560e-01 2.392000e-03 2.385520e-01
305 7.586520e-01 2.344000e-03 2.390040e-01
306 7.582200e-01 2.360000e-03 2.394200e-01
307 7.578160e-01 2.352000e-03 2.398320e-01
308 7.573840e-01 2.368000e-03 2.402480e-01
309 7.570120e-01 2.240000e-03 2.407480e-01
310 7.566720e-01 2.156000e-03 2.411720e-01
311 7.563280e-01 2.076000e-03 2.415960e-01
312 7.559880e-01 2.020000e-03 2.419920e-01
313 7.555960e-01 2.032000e-03 2.423720e-01
314 7.552320e-01 2.044000e-03 2.427240e-01
315 7.548920e-01 2.068000e-03 2.430400e-01
316 7.544600e-01 2.096000e-03 2.434440e-01
317 7.540840e-01 2.080000e-03 2.438360e-01
318 7.537440e-01 2.104000e-03 2.441520e-01
319 7.533760e-01 2.116000e-03 2.445080e-01
320 7.529640e-01 2.140000e-03 2.448960e-01
321 7.525520e-01 2.196000e-03 2.452520e-01
322 7.522600e-01 2.116000e-03 2.456240e-01
323 7.519320e-01 2.060000e-03 2.460080e-01
324 7.515880e-01 2.016000e-03 2.463960e-01
325 7.513120e-01 1.928000e-03 2.467600e-01
326 7.509760e-01 1.948000e-03 2.470760e-01
327 7.506320e-01 1.928000e-03 2.474400e-01
328 7.502640e-01 1.960000e-03 2.477760e-01
329 7.498400e-01 2.068000e-03 2.480920e-01
330 7.495600e-01 2.068000e-03 2.483720e-01
331 7.492160e-01 2.020000e-03 2.487640e-01
332 7.488600e-01 2.036000e-03 2.491040e-01
333 7.484880e-01 2.092000e-03 2.494200e-01
334 7.481200e-01 2.112000e-03 2.497680e-01
335 7.478160e-01 1.976000e-03 2.502080e-01
336 7.474960e-01 1.892000e-03 2.506120e-01
337 7.471040e-01 1.972000e-03 2.509240e-01
338 7.468040e-01 1.940000e-03 2.512560e-01
339 7.464880e-01 1.888000e-03 2.516240e-01
340 7.462440e-01 1.820000e-03 2.519360e-01
341 7.459480e-01 1.804000e-03 2.522480e-01
342 7.456440e-01 1.824000e-03 2.525320e-01
343 7.453280e-01 1.832000e-03 2.528400e-01
344 7.450480e-01 1.840000e-03 2.531120e-01
345 7.447920e-01 1.792000e-03 2.534160e-01
346 7.445080e-01 1.756000e-03 2.537360e-01
347 7.441680e-01 1.740000e-03 2.540920e-01
348 7.439120e-01 1.708000e-03 2.543800e-01
349 7.434840e-01 1.816000e-03 2.547000e-01
350 7.431280e-01 1.844000e-03 2.550280e-01
351 7.427920e-01 1.872000e-03 2.553360e-01
352 7.424560e-01 1.900000e-03 2.556440e-01
353 7.421760e-01 1.828000e-03 2.559960e-01
354 7.419280e-01 1.712000e-03 2.563600e-01
355 7.416160e-01 1.748000e-03 2.566360e-01
356 7.412880e-01 1.764000e-03 2.569480e-01
357 7.409600e-01 1.772000e-03 2.572680e-01
358 7.407000e-01 1.748000e-03 2.575520e-01
359 7.404480e-01 1.720000e-03 2.578320e-01
360 7.401840e-01 1.640000e-03 2.581760e-01
361 7.399480e-01 1.556000e-03 2.584960e-01
362 7.397120e-01 1.548000e-03 2.587400e-01
363 7.395400e-01 1.432000e-03 2.590280e-01
364 7.393120e-01 1.432000e-03 2.592560e-01
365 7.390000e-01 1.476000e-03 2.595240e-01
366 7.387960e-01 1.404000e-03 2.598000e-01
367 7.385200e-01 1.400000e-03 2.600800e-01
368 7.382640e-01 1.420000e-03 2.603160e-01
369 7.380120e-01 1.432000e-03 2.605560e-01
370 7.377680e-01 1.436000e-03 2.607960e-01
371 7.374920e-01 1.452000e-03 2.610560e-01
372 7.372680e-01 1.440000e-03 2.612920e-01
373 7.370680e-01 1.444000e-03 2.614880e-01
374 7.367880e-01 1.524000e-03 2.616880e-01
375 7.365320e-01 1.580000e-03 2.618880e-01
376 7.362080e-01 1.620000e-03 2.621720e-01
377 7.358880e-01 1.660000e-03 2.624520e-01
378 7.355360e-01 1.740000e-03 2.627240e-01
379 7.352240e-01 1.788000e-03 2.629880e-01
380 7.347920e-01 1.888000e-03 2.633200e-01
381 7.344960e-01 1.844000e-03 2.636600e-01
382 7.342080e-01 1.752000e-03 2.640400e-01
383 7.339360e-01 1.712000e-03 2.643520e-01
384 7.336080e-01 1.724000e-03 2.646680e-01
385 7.332920e-01 1.696000e-03 2.650120e-01
386 7.330440e-01 1.664000e-03 2.652920e-01
387 7.327480e-01 1.704000e-03 2.655480e-01
388 7.325000e-01 1.660000e-03 2.658400e-01
389 7.322600e-01 1.632000e-03 2.661080e-01
390 7.319040e-01 1.644000e-03 2.664520e-01
391 7.316240e-01 1.580000e-03 2.667960e-01
392 7.313080e-01 1.632000e-03 2.670600e-01
393 7.309600e-01 1.712000e-03 2.673280e-01
394 7.305320e-01 1.800000e-03 2.676680e-01
395 7.302200e-01 1.796000e-03 2.679840e-01
396 7.298720e-01 1.868000e-03 2.682600e-01
397 7.295480e-01 1.856000e-03 2.685960e-01
398 7.291560e-01 1.960000e-03 2.688840e-01
399 7.287160e-01 2.040000e-03 2.692440e-01
400 7.283800e-01 1.948000e-03 2.696720e-01
401 7.280080e-01 1.964000e-03 2.700280e-01
402 7.276960e-01 1.940000e-03 2.703640e-01
403 7.272960e-01 1.948000e-03 2.707560e-01
404 7.268960e-01 1.984000e-03 2.711200e-01
405 7.266160e-01 1.944000e-03 2.714400e-01
406 7.263400e-01 1.884000e-03 2.717760e-01
407 7.260800e-01 1.844000e-03 2.720760e-01
408 7.256840e-01 1.940000e-03 2.723760e-01
409 7.252240e-01 2.064000e-03 2.727120e-01
410 7.249040e-01 2.072000e-03 2.730240e-01
411 7.245400e-01 2.088000e-03 2.733720e-01
412 7.242520e-01 1.976000e-03 2.737720e-01
413 7.238960e-01 2.004000e-03 2.741000e-01
414 7.236120e-01 1.932000e-03 2.744560e-01
415 7.233720e-01 1.812000e-03 2.748160e-01
416 7.231440e-01 1.692000e-03 2.751640e-01
417 7.229320e-01 1.604000e-03 2.754640e-01
418 7.227240e-01 1.564000e-03 2.757120e-01
419 7.223680e-01 1.656000e-03 2.759760e-01
420 7.220760e-01 1.660000e-03 2.762640e-01
421 7.218600e-01 1.596000e-03 2.765440e-01
422 7.215760e-01 1.620000e-03 2.768040e-01
423 7.212840e-01 1.520000e-03 2.771960e-01
424 7.209840e-01 1.604000e-03 2.774120e-01
425 7.206920e-01 1.608000e-03 2.777000e-01
426 7.203640e-01 1.656000e-03 2.779800e-01
427 7.200400e-01 1.708000e-03 2.782520e-01
428 7.197360e-01 1.688000e-03 2.785760e-01
429 7.194000e-01 1.808000e-03 2.787920e-01
430 7.189920e-01 1.892000e-03 2.791160e-01
431 7.187600e-01 1.820000e-03 2.794200e-01
432 7.184840e-01 1.772000e-03 2.797440e-01
433 7.181440e-01 1.756000e-03 2.801000e-01
434 7.178720e-01 1.720000e-03 2.804080e-01
435 7.175360e-01 1.780000e-03 2.806840e-01
436 7.172040e-01 1.808000e-03 2.809880e-01
437 7.169640e-01 1.744000e-03 2.812920e-01
438 7.167160e-01 1.708000e-03 2.815760e-01
439 7.164520e-01 1.648000e-03 2.819000e-01
440 7.161840e-01 1.604000e-03 2.822120e-01
441 7.159360e-01 1.568000e-03 2.824960e-01
442 7.156960e-01 1.600000e-03 2.827040e-01
443 7.154520e-01 1.540000e-03 2.830080e-01
444 7.151800e-01 1.480000e-03 2.833400e-01
445 7.149080e-01 1.476000e-03 2.836160e-01
446 7.146760e-01 1.452000e-03 2.838720e-01
447 7.144320e-01 1.472000e-03 2.840960e-01
448 7.141680e-01 1.524000e-03 2.843080e-01
449 7.138400e-01 1.592000e-03 2.845680e-01
450 7.134480e-01 1.688000e-03 2.848640e-01
451 7.132000e-01 1.624000e-03 2.851760e-01
452 7.129120e-01 1.664000e-03 2.854240e-01
453 7.126120e-01 1.696000e-03 2.856920e-01
454 7.123800e-01 1.700000e-03 2.859200e-01
455 7.121080e-01 1.624000e-03 2.862680e-01
456 7.118320e-01 1.608000e-03 2.865600e-01
457 7.116240e-01 1.516000e-03 2.868600e-01
458 7.114000e-01 1.464000e-03 2.871360e-01
459 7.111360e-01 1.464000e-03 2.874000e-01
460 7.107760e-01 1.588000e-03 2.876360e-01
461 7.105320e-01 1.572000e-03 2.878960e-01
462 7.102080e-01 1.672000e-03 2.881200e-01
463 7.099360e-01 1.668000e-03 2.883960e-01
464 7.096320e-01 1.648000e-03 2.887200e-01
465 7.093200e-01 1.648000e-03 2.890320e-01
466 7.090280e-01 1.616000e-03 2.893560e-01
467 7.087440e-01 1.620000e-03 2.896360e-01
468 7.084600e-01 1.624000e-03 2.899160e-01
469 7.081480e-01 1.656000e-03 2.901960e-01
470 7.079040e-01 1.612000e-03 2.904840e-01
471 7.076040e-01 1.608000e-03 2.907880e-01
472 7.072880e-01 1.636000e-03 2.910760e-01
473 7.070000e-01 1.644000e-03 2.913560e-01
474 7.067560e-01 1.576000e-03 2.916680e-01
475 7.064840e-01 1.608000e-03 2.919080e-01
476 7.062280e-01 1.648000e-03 2.921240e-01
477 7.059880e-01 1.548000e-03 2.924640e-01
478 7.057240e-01 1.528000e-03 2.927480e-01
479 7.055040e-01 1.476000e-03 2.930200e-01
480 7.052600e-01 1.520000e-03 2.932200e-01
481 7.050560e-01 1.476000e-03 2.934680e-01
482 7.048360e-01 1.440000e-03 2.937240e-01
483 7.045480e-01 1.464000e-03 2.939880e-01
484 7.042960e-01 1.448000e-03 2.942560e-01
485 7.040160e-01 1.468000e-03 2.945160e-01
486 7.037440e-01 1.472000e-03 2.947840e-01
487 7.035240e-01 1.440000e-03 2.950360e-01
488 7.032640e-01 1.444000e-03 2.952920e-01
489 7.030280e-01 1.488000e-03 2.954840e-01
490 7.028120e-01 1.488000e-03 2.957000e-01
491 7.025840e-01 1.488000e-03 2.959280e-01
492 7.023760e-01 1.400000e-03 2.962240e-01
493 7.021960e-01 1.352000e-03 2.964520e-01
494 7.020160e-01 1.352000e-03 2.966320e-01
495 7.018160e-01 1.316000e-03 2.968680e-01
496 7.015160e-01 1.312000e-03 2.971720e-01
497 7.012760e-01 1.300000e-03 2.974240e-01
498 7.010480e-01 1.336000e-03 2.976160e-01
499 7.008240e-01 1.332000e-03 2.978440e-01
500 7.005560e-01 1.364000e-03 2.980800e-01
