1 9.991600e-01 7.280000e-04 1.120000e-04
2 9.986560e-01 1.088000e-03 2.560000e-04
3 9.980320e-01 1.484000e-03 4.840000e-04
4 9.973400e-01 1.952000e-03 7.080000e-04
5 9.965320e-01 2.344000e-03 1.124000e-03
6 9.955520e-01 2.812000e-03 1.636000e-03
7 9.946800e-01 3.128000e-03 2.192000e-03
8 9.937840e-01 3.416000e-03 2.800000e-03
9 9.929400e-01 3.656000e-03 3.404000e-03
10 9.920640e-01 3.796000e-03 4.140000e-03
11 9.912240e-01 3.960000e-03 4.816000e-03
12 9.902200e-01 4.212000e-03 5.568000e-03
13 9.892160e-01 4.432000e-03 6.352000e-03
14 9.881680e-01 4.716000e-03 7.116000e-03
15 9.871120e-01 5.060000e-03 7.828000e-03
16 9.857800e-01 5.516000e-03 8.704000e-03
17 9.846080e-01 5.752000e-03 9.640000e-03
18 9.834440e-01 5.936000e-03 1.062000e-02
19 9.822200e-01 6.196000e-03 1.158400e-02
20 9.809720e-01 6.400000e-03 1.262800e-02
21 9.799400e-01 6.324000e-03 1.373600e-02
22 9.787600e-01 6.428000e-03 1.481200e-02
23 9.776240e-01 6.452000e-03 1.592400e-02
24 9.763600e-01 6.552000e-03 1.708800e-02
25 9.749480e-01 6.808000e-03 1.824400e-02
26 9.735920e-01 6.880000e-03 1.952800e-02
27 9.721560e-01 7.184000e-03 2.066000e-02
28 9.707120e-01 7.428000e-03 2.186000e-02
29 9.693760e-01 7.476000e-03 2.314800e-02
30 9.680040e-01 7.484000e-03 2.451200e-02
31 9.665320e-01 7.452000e-03 2.601600e-02
32 9.651880e-01 7.464000e-03 2.734800e-02
33 9.637040e-01 7.672000e-03 2.862400e-02
34 9.623480e-01 7.632000e-03 3.002000e-02
35 9.610720e-01 7.464000e-03 3.146400e-02
36 9.596560e-01 7.548000e-03 3.279600e-02
37 9.581560e-01 7.800000e-03 3.404400e-02
38 9.567520e-01 7.816000e-03 3.543200e-02
39 9.551840e-01 7.968000e-03 3.684800e-02
40 9.534720e-01 8.264000e-03 3.826400e-02
41 9.520080e-01 8.240000e-03 3.975200e-02
42 9.506800e-01 8.272000e-03 4.104800e-02
43 9.492560e-01 8.280000e-03 4.246400e-02
44 9.477600e-01 8.388000e-03 4.385200e-02
45 9.462840e-01 8.348000e-03 4.536800e-02
46 9.448480e-01 8.364000e-03 4.678800e-02
47 9.434200e-01 8.356000e-03 4.822400e-02
48 9.420280e-01 8.216000e-03 4.975600e-02
49 9.407880e-01 8.048000e-03 5.116400e-02
50 9.393520e-01 8.044000e-03 5.260400e-02
51 9.381280e-01 7.788000e-03 5.408400e-02
52 9.367120e-01 7.844000e-03 5.544400e-02
53 9.351920e-01 7.920000e-03 5.688800e-02
54 9.337920e-01 7.928000e-03 5.828000e-02
55 9.323600e-01 7.972000e-03 5.966800e-02
56 9.310080e-01 7.972000e-03 6.102000e-02
57 9.295480e-01 7.912000e-03 6.254000e-02
58 9.281240e-01 7.948000e-03 6.392800e-02
59 9.265720e-01 8.076000e-03 6.535200e-02
60 9.249800e-01 8.180000e-03 6.684000e-02
61 9.234320e-01 8.288000e-03 6.828000e-02
62 9.220080e-01 8.336000e-03 6.965600e-02
63 9.204120e-01 8.408000e-03 7.118000e-02
64 9.188560e-01 8.480000e-03 7.266400e-02
65 9.173480e-01 8.496000e-03 7.415600e-02
66 9.158760e-01 8.512000e-03 7.561200e-02
67 9.144520e-01 8.400000e-03 7.714800e-02
68 9.130440e-01 8.392000e-03 7.856400e-02
69 9.115440e-01 8.444000e-03 8.001200e-02
70 9.100160e-01 8.480000e-03 8.150400e-02
71 9.086720e-01 8.340000e-03 8.298800e-02
72 9.073400e-01 8.256000e-03 8.440400e-02
73 9.060440e-01 8.184000e-03 8.577200e-02
74 9.046040e-01 8.308000e-03 8.708800e-02
75 9.030520e-01 8.360000e-03 8.858800e-02
76 9.016840e-01 8.316000e-03 9.000000e-02
77 9.002080e-01 8.420000e-03 9.137200e-02
78 8.988640e-01 8.356000e-03 9.278000e-02
79 8.974720e-01 8.224000e-03 9.430400e-02
80 8.961360e-01 8.192000e-03 9.567200e-02
81 8.947400e-01 8.192000e-03 9.706800e-02
82 8.932760e-01 8.212000e-03 9.851200e-02
83 8.917040e-01 8.400000e-03 9.989600e-02
84 8.901960e-01 8.460000e-03 1.013440e-01
85 8.887040e-01 8.360000e-03 1.029360e-01
86 8.872440e-01 8.280000e-03 1.044760e-01
87 8.858400e-01 8.196000e-03 1.059640e-01
88 8.844520e-01 8.100000e-03 1.074480e-01
89 8.831800e-01 7.964000e-03 1.088560e-01
90 8.817520e-01 7.896000e-03 1.103520e-01
91 8.804040e-01 7.904000e-03 1.116920e-01
92 8.790840e-01 7.752000e-03 1.131640e-01
93 8.776880e-01 7.780000e-03 1.145320e-01
94 8.763760e-01 7.632000e-03 1.159920e-01
95 8.749480e-01 7.652000e-03 1.174000e-01
96 8.735480e-01 7.604000e-03 1.188480e-01
97 8.720400e-01 7.816000e-03 1.201440e-01
98 8.705200e-01 7.916000e-03 1.215640e-01
99 8.690640e-01 8.032000e-03 1.229040e-01
100 8.676760e-01 8.084000e-03 1.242400e-01
101 8.662280e-01 7.960000e-03 1.258120e-01
102 8.648360e-01 8.004000e-03 1.271600e-01
103 8.634560e-01 7.996000e-03 1.285480e-01
104 8.621080e-01 8.076000e-03 1.298160e-01
105 8.606880e-01 8.116000e-03 1.311960e-01
106 8.593200e-01 8.000000e-03 1.326800e-01
107 8.577440e-01 8.332000e-03 1.339240e-01
108 8.562440e-01 8.368000e-03 1.353880e-01
109 8.549360e-01 8.208000e-03 1.368560e-01
110 8.536200e-01 8.144000e-03 1.382360e-01
111 8.521760e-01 8.208000e-03 1.396160e-01
112 8.507760e-01 8.168000e-03 1.410560e-01
113 8.494080e-01 8.100000e-03 1.424920e-01
114 8.481440e-01 7.848000e-03 1.440080e-01
115 8.469400e-01 7.728000e-03 1.453320e-01
116 8.456080e-01 7.880000e-03 1.465120e-01
117 8.441640e-01 8.008000e-03 1.478280e-01
118 8.426920e-01 8.080000e-03 1.492280e-01
119 8.414840e-01 7.844000e-03 1.506720e-01
120 8.401560e-01 7.760000e-03 1.520840e-01
121 8.388240e-01 7.716000e-03 1.534600e-01
122 8.376480e-01 7.592000e-03 1.547600e-01
123 8.363480e-01 7.508000e-03 1.561440e-01
124 8.347920e-01 7.744000e-03 1.574640e-01
125 8.333920e-01 7.852000e-03 1.587560e-01
126 8.320560e-01 7.760000e-03 1.601840e-01
127 8.307360e-01 7.704000e-03 1.615600e-01
128 8.294080e-01 7.628000e-03 1.629640e-01
129 8.280680e-01 7.568000e-03 1.643640e-01
130 8.268800e-01 7.456000e-03 1.656640e-01
131 8.255720e-01 7.400000e-03 1.670280e-01
132 8.242640e-01 7.384000e-03 1.683520e-01
133 8.229400e-01 7.444000e-03 1.696160e-01
134 8.216920e-01 7.404000e-03 1.709040e-01
135 8.205040e-01 7.380000e-03 1.721160e-01
136 8.192480e-01 7.364000e-03 1.733880e-01
137 8.180400e-01 7.268000e-03 1.746920e-01
138 8.167480e-01 7.336000e-03 1.759160e-01
139 8.152800e-01 7.500000e-03 1.772200e-01
140 8.138880e-01 7.616000e-03 1.784960e-01
141 8.127600e-01 7.380000e-03 1.798600e-01
142 8.115560e-01 7.296000e-03 1.811480e-01
143 8.104560e-01 7.076000e-03 1.824680e-01
144 8.093000e-01 7.024000e-03 1.836760e-01
145 8.079920e-01 7.024000e-03 1.849840e-01
146 8.066800e-01 7.196000e-03 1.861240e-01
147 8.052680e-01 7.368000e-03 1.873640e-01
148 8.038520e-01 7.456000e-03 1.886920e-01
149 8.023560e-01 7.744000e-03 1.899000e-01
150 8.009160e-01 7.716000e-03 1.913680e-01
151 7.995800e-01 7.780000e-03 1.926400e-01
152 7.982880e-01 7.820000e-03 1.938920e-01
153 7.970720e-01 7.552000e-03 1.953760e-01
154 7.957760e-01 7.548000e-03 1.966760e-01
155 7.944760e-01 7.616000e-03 1.979080e-01
156 7.932800e-01 7.452000e-03 1.992680e-01
157 7.921080e-01 7.424000e-03 2.004680e-01
158 7.911040e-01 7.220000e-03 2.016760e-01
159 7.899440e-01 7.172000e-03 2.028840e-01
160 7.886600e-01 7.196000e-03 2.041440e-01
161 7.875760e-01 7.108000e-03 2.053160e-01
162 7.864200e-01 7.152000e-03 2.064280e-01
163 7.850880e-01 7.252000e-03 2.076600e-01
164 7.838760e-01 7.148000e-03 2.089760e-01
165 7.826200e-01 7.028000e-03 2.103520e-01
166 7.814160e-01 6.912000e-03 2.116720e-01
167 7.801720e-01 6.968000e-03 2.128600e-01
168 7.789040e-01 7.060000e-03 2.140360e-01
169 7.776080e-01 7.276000e-03 2.151160e-01
170 7.764720e-01 7.144000e-03 2.163840e-01
171 7.752680e-01 7.140000e-03 2.175920e-01
172 7.741240e-01 7.076000e-03 2.188000e-01
173 7.729200e-01 7.168000e-03 2.199120e-01
174 7.717360e-01 6.984000e-03 2.212800e-01
175 7.704880e-01 7.080000e-03 2.224320e-01
176 7.692640e-01 7.096000e-03 2.236400e-01
177 7.679880e-01 7.032000e-03 2.249800e-01
178 7.668440e-01 7.028000e-03 2.261280e-01
179 7.657440e-01 6.764000e-03 2.274920e-01
180 7.646120e-01 6.740000e-03 2.286480e-01
181 7.634960e-01 6.640000e-03 2.298640e-01
182 7.623960e-01 6.568000e-03 2.310360e-01
183 7.612120e-01 6.576000e-03 2.322120e-01
184 7.600240e-01 6.744000e-03 2.332320e-01
185 7.587840e-01 6.820000e-03 2.343960e-01
186 7.576800e-01 6.736000e-03 2.355840e-01
187 7.564880e-01 6.780000e-03 2.367320e-01
188 7.554120e-01 6.760000e-03 2.378280e-01
189 7.541640e-01 6.844000e-03 2.389920e-01
190 7.530320e-01 6.876000e-03 2.400920e-01
191 7.520280e-01 6.656000e-03 2.413160e-01
192 7.510200e-01 6.548000e-03 2.424320e-01
193 7.497880e-01 6.548000e-03 2.436640e-01
194 7.485840e-01 6.612000e-03 2.448040e-01
195 7.475760e-01 6.520000e-03 2.459040e-01
196 7.464400e-01 6.540000e-03 2.470200e-01
197 7.453400e-01 6.360000e-03 2.483000e-01
198 7.440280e-01 6.632000e-03 2.493400e-01
199 7.429240e-01 6.636000e-03 2.504400e-01
200 7.418960e-01 6.440000e-03 2.516640e-01
201 7.409440e-01 6.164000e-03 2.528920e-01
202 7.399040e-01 6.152000e-03 2.539440e-01
203 7.389800e-01 6.004000e-03 2.550160e-01
204 7.379520e-01 6.008000e-03 2.560400e-01
205 7.368920e-01 6.024000e-03 2.570840e-01
206 7.358080e-01 6.136000e-03 2.580560e-01
207 7.347120e-01 6.212000e-03 2.590760e-01
208 7.336840e-01 6.160000e-03 2.601560e-01
209 7.326160e-01 6.160000e-03 2.612240e-01
210 7.316400e-01 6.156000e-03 2.622040e-01
211 7.305800e-01 6.136000e-03 2.632840e-01
212 7.294600e-01 6.212000e-03 2.643280e-01
213 7.283840e-01 6.240000e-03 2.653760e-01
214 7.272480e-01 6.248000e-03 2.665040e-01
215 7.261040e-01 6.184000e-03 2.677120e-01
216 7.248800e-01 6.268000e-03 2.688520e-01
217 7.238160e-01 6.288000e-03 2.698960e-01
218 7.228600e-01 6.076000e-03 2.710640e-01
219 7.217840e-01 6.144000e-03 2.720720e-01
220 7.207560e-01 6.176000e-03 2.730680e-01
221 7.197480e-01 6.100000e-03 2.741520e-01
222 7.188440e-01 6.024000e-03 2.751320e-01
223 7.179880e-01 5.960000e-03 2.760520e-01
224 7.170000e-01 5.836000e-03 2.771640e-01
225 7.161680e-01 5.656000e-03 2.781760e-01
226 7.153320e-01 5.512000e-03 2.791560e-01
227 7.144840e-01 5.472000e-03 2.800440e-01
228 7.136040e-01 5.472000e-03 2.809240e-01
229 7.126400e-01 5.544000e-03 2.818160e-01
230 7.117240e-01 5.500000e-03 2.827760e-01
231 7.109000e-01 5.272000e-03 2.838280e-01
232 7.100320e-01 5.248000e-03 2.847200e-01
233 7.091920e-01 5.228000e-03 2.855800e-01
234 7.083000e-01 5.240000e-03 2.864600e-01
235 7.073920e-01 5.216000e-03 2.873920e-01
236 7.065600e-01 5.188000e-03 2.882520e-01
237 7.057320e-01 5.188000e-03 2.890800e-01
238 7.049920e-01 5.032000e-03 2.899760e-01
239 7.042800e-01 4.808000e-03 2.909120e-01
240 7.036240e-01 4.568000e-03 2.918080e-01
241 7.029120e-01 4.460000e-03 2.926280e-01
242 7.022880e-01 4.352000e-03 2.933600e-01
243 7.016480e-01 4.296000e-03 2.940560e-01
244 7.009520e-01 4.236000e-03 2.948120e-01
245 7.002680e-01 4.148000e-03 2.955840e-01
246 6.995960e-01 4.064000e-03 2.963400e-01
247 6.989960e-01 3.988000e-03 2.970160e-01
248 6.984480e-01 3.888000e-03 2.976640e-01
249 6.978480e-01 3.828000e-03 2.983240e-01
250 6.972840e-01 3.740000e-03 2.989760e-01
251 6.967040e-01 3.708000e-03 2.995880e-01
252 6.961200e-01 3.640000e-03 3.002400e-01
253 6.954920e-01 3.628000e-03 3.008800e-01
254 6.949960e-01 3.476000e-03 3.015280e-01
255 6.944200e-01 3.468000e-03 3.021120e-01
256 6.939440e-01 3.268000e-03 3.027880e-01
257 6.933800e-01 3.164000e-03 3.034560e-01
258 6.928560e-01 3.200000e-03 3.039440e-01
259 6.922880e-01 3.120000e-03 3.045920e-01
260 6.916440e-01 3.216000e-03 3.051400e-01
261 6.911720e-01 3.116000e-03 3.057120e-01
262 6.906000e-01 3.124000e-03 3.062760e-01
263 6.900760e-01 3.132000e-03 3.067920e-01
264 6.895720e-01 3.060000e-03 3.073680e-01
265 6.890960e-01 2.988000e-03 3.079160e-01
266 6.885040e-01 3.044000e-03 3.084520e-01
267 6.879840e-01 3.144000e-03 3.088720e-01
268 6.873080e-01 3.272000e-03 3.094200e-01
269 6.867640e-01 3.228000e-03 3.100080e-01
270 6.861880e-01 3.240000e-03 3.105720e-01
271 6.857000e-01 3.116000e-03 3.111840e-01
272 6.852320e-01 3.048000e-03 3.117200e-01
273 6.846960e-01 3.040000e-03 3.122640e-01
274 6.842000e-01 2.960000e-03 3.128400e-01
275 6.836800e-01 2.984000e-03 3.133360e-01
276 6.831760e-01 2.964000e-03 3.138600e-01
277 6.827240e-01 2.876000e-03 3.144000e-01
278 6.822280e-01 2.892000e-03 3.148800e-01
279 6.816840e-01 2.904000e-03 3.154120e-01
280 6.810840e-01 3.004000e-03 3.159120e-01
281 6.804960e-01 3.088000e-03 3.164160e-01
282 6.800240e-01 2.988000e-03 3.169880e-01
283 6.794600e-01 3.012000e-03 3.175280e-01
284 6.788840e-01 3.044000e-03 3.180720e-01
285 6.783960e-01 3.024000e-03 3.185800e-01
286 6.779120e-01 2.968000e-03 3.191200e-01
287 6.774760e-01 2.868000e-03 3.196560e-01
288 6.769920e-01 2.840000e-03 3.201680e-01
289 6.764560e-01 2.928000e-03 3.206160e-01
290 6.759280e-01 2.996000e-03 3.210760e-01
291 6.752840e-01 3.060000e-03 3.216560e-01
292 6.747680e-01 3.056000e-03 3.221760e-01
293 6.742720e-01 3.004000e-03 3.227240e-01
294 6.737520e-01 3.036000e-03 3.232120e-01
295 6.732560e-01 2.948000e-03 3.237960e-01
296 6.728520e-01 2.844000e-03 3.243040e-01
297 6.723080e-01 2.964000e-03 3.247280e-01
298 6.719280e-01 2.812000e-03 3.252600e-01
299 6.714480e-01 2.816000e-03 3.257360e-01
300 6.709680e-01 2.728000e-03 3.263040e-01
301 6.705040e-01 2.700000e-03 3.267960e-01
302 6.699760e-01 2.696000e-03 3.273280e-01
303 6.694840e-01 2.728000e-03 3.277880e-01
304 6.689560e-01 2.760000e-03 3.282840e-01
305 6.683920e-01 2.828000e-03 3.287800e-01
306 6.678440e-01 2.900000e-03 3.292560e-01
307 6.673120e-01 2.920000e-03 3.297680e-01
308 6.667680e-01 2.876000e-03 3.303560e-01
309 6.663360e-01 2.876000e-03 3.307880e-01
310 6.657960e-01 2.908000e-03 3.312960e-01
311 6.653920e-01 2.800000e-03 3.318080e-01
312 6.649560e-01 2.720000e-03 3.323240e-01
313 6.644080e-01 2.808000e-03 3.327840e-01
314 6.638480e-01 2.864000e-03 3.332880e-01
315 6.632680e-01 2.896000e-03 3.338360e-01
316 6.627360e-01 2.912000e-03 3.343520e-01
317 6.622800e-01 2.796000e-03 3.349240e-01
318 6.617520e-01 2.884000e-03 3.353640e-01
319 6.613080e-01 2.932000e-03 3.357600e-01
320 6.608280e-01 2.860000e-03 3.363120e-01
321 6.604160e-01 2.776000e-03 3.368080e-01
322 6.599800e-01 2.724000e-03 3.372960e-01
323 6.595960e-01 2.580000e-03 3.378240e-01
324 6.592120e-01 2.496000e-03 3.382920e-01
325 6.588680e-01 2.476000e-03 3.386560e-01
326 6.584880e-01 2.432000e-03 3.390800e-01
327 6.581200e-01 2.356000e-03 3.395240e-01
328 6.577440e-01 2.368000e-03 3.398880e-01
329 6.572600e-01 2.452000e-03 3.402880e-01
330 6.567920e-01 2.496000e-03 3.407120e-01
331 6.562880e-01 2.564000e-03 3.411480e-01
332 6.558560e-01 2.516000e-03 3.416280e-01
333 6.552680e-01 2.640000e-03 3.420920e-01
334 6.547120e-01 2.696000e-03 3.425920e-01
335 6.541840e-01 2.804000e-03 3.430120e-01
336 6.536040e-01 2.892000e-03 3.435040e-01
337 6.531160e-01 2.868000e-03 3.440160e-01
338 6.524880e-01 3.024000e-03 3.444880e-01
339 6.519000e-01 3.116000e-03 3.449840e-01
340 6.513920e-01 3.144000e-03 3.454640e-01
341 6.508480e-01 3.180000e-03 3.459720e-01
342 6.503280e-01 3.164000e-03 3.465080e-01
343 6.497280e-01 3.272000e-03 3.470000e-01
344 6.492480e-01 3.204000e-03 3.475480e-01
345 6.487080e-01 3.196000e-03 3.480960e-01
346 6.482240e-01 3.128000e-03 3.486480e-01
347 6.477600e-01 3.064000e-03 3.491760e-01
348 6.472680e-01 3.024000e-03 3.497080e-01
349 6.467720e-01 3.008000e-03 3.502200e-01
350 6.463240e-01 2.960000e-03 3.507160e-01
351 6.457680e-01 3.040000e-03 3.511920e-01
352 6.454000e-01 2.888000e-03 3.517120e-01
353 6.449120e-01 2.852000e-03 3.522360e-01
354 6.443760e-01 2.892000e-03 3.527320e-01
355 6.438880e-01 2.836000e-03 3.532760e-01
356 6.433360e-01 2.936000e-03 3.537280e-01
357 6.428040e-01 2.980000e-03 3.542160e-01
358 6.422360e-01 3.048000e-03 3.547160e-01
359 6.417120e-01 3.068000e-03 3.552200e-01
360 6.412560e-01 2.964000e-03 3.557800e-01
361 6.407640e-01 2.960000e-03 3.562760e-01
362 6.403240e-01 2.896000e-03 3.567800e-01
363 6.398960e-01 2.748000e-03 3.573560e-01
364 6.394080e-01 2.764000e-03 3.578280e-01
365 6.390000e-01 2.632000e-03 3.583680e-01
366 6.385840e-01 2.616000e-03 3.588000e-01
367 6.381400e-01 2.628000e-03 3.592320e-01
368 6.377480e-01 2.608000e-03 3.596440e-01
369 6.373360e-01 2.540000e-03 3.601240e-01
370 6.368680e-01 2.604000e-03 3.605280e-01
371 6.364480e-01 2.604000e-03 3.609480e-01
372 6.360080e-01 2.604000e-03 3.613880e-01
373 6.356400e-01 2.496000e-03 3.618640e-01
374 6.353240e-01 2.376000e-03 3.623000e-01
375 6.349640e-01 2.316000e-03 3.627200e-01
376 6.346160e-01 2.268000e-03 3.631160e-01
377 6.342720e-01 2.224000e-03 3.635040e-01
378 6.338880e-01 2.200000e-03 3.639120e-01
379 6.334800e-01 2.260000e-03 3.642600e-01
380 6.330560e-01 2.256000e-03 3.646880e-01
381 6.327920e-01 2.132000e-03 3.650760e-01
382 6.323600e-01 2.176000e-03 3.654640e-01
383 6.318800e-01 2.332000e-03 3.657880e-01
384 6.314000e-01 2.372000e-03 3.662280e-01
385 6.309760e-01 2.328000e-03 3.666960e-01
386 6.305720e-01 2.320000e-03 3.671080e-01
387 6.301920e-01 2.280000e-03 3.675280e-01
388 6.298480e-01 2.236000e-03 3.679160e-01
389 6.294480e-01 2.264000e-03 3.682880e-01
390 6.290600e-01 2.192000e-03 3.687480e-01
391 6.286840e-01 2.176000e-03 3.691400e-01
392 6.282480e-01 2.236000e-03 3.695160e-01
393 6.279080e-01 2.228000e-03 3.698640e-01
394 6.275160e-01 2.152000e-03 3.703320e-01
395 6.271480e-01 2.132000e-03 3.707200e-01
396 6.268120e-01 2.120000e-03 3.710680e-01
397 6.265160e-01 2.064000e-03 3.714200e-01
398 6.261840e-01 2.008000e-03 3.718080e-01
399 6.258200e-01 1.972000e-03 3.722080e-01
400 6.255400e-01 1.944000e-03 3.725160e-01
401 6.251800e-01 1.968000e-03 3.728520e-01
402 6.248680e-01 1.900000e-03 3.732320e-01
403 6.245400e-01 1.900000e-03 3.735600e-01
404 6.243040e-01 1.800000e-03 3.738960e-01
405 6.241200e-01 1.692000e-03 3.741880e-01
406 6.238680e-01 1.636000e-03 3.744960e-01
407 6.236080e-01 1.616000e-03 3.747760e-01
408 6.234080e-01 1.588000e-03 3.750040e-01
409 6.231680e-01 1.572000e-03 3.752600e-01
410 6.228520e-01 1.624000e-03 3.755240e-01
411 6.225680e-01 1.660000e-03 3.757720e-01
412 6.223120e-01 1.628000e-03 3.760600e-01
413 6.219880e-01 1.668000e-03 3.763440e-01
414 6.217080e-01 1.712000e-03 3.765800e-01
415 6.214000e-01 1.680000e-03 3.769200e-01
416 6.211040e-01 1.636000e-03 3.772600e-01
417 6.207960e-01 1.676000e-03 3.775280e-01
418 6.205280e-01 1.632000e-03 3.778400e-01
419 6.202400e-01 1.600000e-03 3.781600e-01
420 6.200400e-01 1.496000e-03 3.784640e-01
421 6.198560e-01 1.432000e-03 3.787120e-01
422 6.196640e-01 1.344000e-03 3.789920e-01
423 6.194840e-01 1.332000e-03 3.791840e-01
424 6.192640e-01 1.280000e-03 3.794560e-01
425 6.190240e-01 1.232000e-03 3.797440e-01
426 6.188240e-01 1.216000e-03 3.799600e-01
427 6.186320e-01 1.200000e-03 3.801680e-01
428 6.184320e-01 1.236000e-03 3.803320e-01
429 6.181840e-01 1.252000e-03 3.805640e-01
430 6.179320e-01 1.272000e-03 3.807960e-01
431 6.177320e-01 1.260000e-03 3.810080e-01
432 6.175160e-01 1.260000e-03 3.812240e-01
433 6.172960e-01 1.256000e-03 3.814480e-01
434 6.170840e-01 1.212000e-03 3.817040e-01
435 6.168400e-01 1.208000e-03 3.819520e-01
436 6.165880e-01 1.268000e-03 3.821440e-01
437 6.163800e-01 1.224000e-03 3.823960e-01
438 6.162120e-01 1.184000e-03 3.826040e-01
439 6.160280e-01 1.192000e-03 3.827800e-01
440 6.158280e-01 1.204000e-03 3.829680e-01
441 6.156400e-01 1.180000e-03 3.831800e-01
442 6.154520e-01 1.196000e-03 3.833520e-01
443 6.153120e-01 1.124000e-03 3.835640e-01
444 6.150640e-01 1.196000e-03 3.837400e-01
445 6.148040e-01 1.236000e-03 3.839600e-01
446 6.145440e-01 1.260000e-03 3.841960e-01
447 6.143440e-01 1.240000e-03 3.844160e-01
448 6.140920e-01 1.232000e-03 3.846760e-01
449 6.139120e-01 1.224000e-03 3.848640e-01
450 6.136640e-01 1.252000e-03 3.850840e-01
451 6.133840e-01 1.348000e-03 3.852680e-01
452 6.131600e-01 1.320000e-03 3.855200e-01
453 6.129520e-01 1.292000e-03 3.857560e-01
454 6.127240e-01 1.284000e-03 3.859920e-01
455 6.125120e-01 1.296000e-03 3.861920e-01
456 6.122520e-01 1.284000e-03 3.864640e-01
457 6.121080e-01 1.192000e-03 3.867000e-01
458 6.118840e-01 1.204000e-03 3.869120e-01
459 6.116400e-01 1.244000e-03 3.871160e-01
460 6.114320e-01 1.260000e-03 3.873080e-01
461 6.112280e-01 1.220000e-03 3.875520e-01
462 6.109760e-01 1.284000e-03 3.877400e-01
463 6.107320e-01 1.276000e-03 3.879920e-01
464 6.105160e-01 1.304000e-03 3.881800e-01
465 6.103000e-01 1.300000e-03 3.884000e-01
466 6.100840e-01 1.276000e-03 3.886400e-01
467 6.098720e-01 1.244000e-03 3.888840e-01
468 6.096280e-01 1.240000e-03 3.891320e-01
469 6.094240e-01 1.232000e-03 3.893440e-01
470 6.092040e-01 1.240000e-03 3.895560e-01
471 6.090280e-01 1.208000e-03 3.897640e-01
472 6.088120e-01 1.172000e-03 3.900160e-01
473 6.086640e-01 1.132000e-03 3.902040e-01
474 6.084800e-01 1.104000e-03 3.904160e-01
475 6.082800e-01 1.092000e-03 3.906280e-01
476 6.080920e-01 1.088000e-03 3.908200e-01
477 6.079040e-01 1.096000e-03 3.910000e-01
478 6.077840e-01 1.092000e-03 3.911240e-01
479 6.076120e-01 1.080000e-03 3.913080e-01
480 6.074480e-01 1.016000e-03 3.915360e-01
481 6.072320e-01 1.072000e-03 3.916960e-01
482 6.071040e-01 1.012000e-03 3.918840e-01
483 6.069560e-01 9.840000e-04 3.920600e-01
484 6.067680e-01 9.720000e-04 3.922600e-01
485 6.066600e-01 9.480000e-04 3.923920e-01
486 6.065120e-01 9.560000e-04 3.925320e-01
487 6.063760e-01 9.360000e-04 3.926880e-01
488 6.062400e-01 9.240000e-04 3.928360e-01
489 6.061240e-01 8.840000e-04 3.929920e-01
490 6.059920e-01 8.240000e-04 3.931840e-01
491 6.059000e-01 7.880000e-04 3.933120e-01
492 6.057880e-01 7.560000e-04 3.934560e-01
493 6.057120e-01 7.160000e-04 3.935720e-01
494 6.056040e-01 6.960000e-04 3.937000e-01
495 6.055000e-01 7.040000e-04 3.937960e-01
496 6.054320e-01 6.920000e-04 3.938760e-01
497 6.053680e-01 6.240000e-04 3.940080e-01
498 6.053000e-01 5.800000e-04 3.941200e-01
499 6.052320e-01 5.680000e-04 3.942000e-01
500 6.051480e-01 5.920000e-04 3.942600e-01
