1 9.992880e-01 6.120000e-04 1.000000e-04
2 9.987800e-01 9.640000e-04 2.560000e-04
3 9.982000e-01 1.360000e-03 4.400000e-04
4 9.976080e-01 1.688000e-03 7.040000e-04
5 9.969040e-01 2.084000e-03 1.012000e-03
6 9.961760e-01 2.480000e-03 1.344000e-03
7 9.954200e-01 2.752000e-03 1.828000e-03
8 9.944880e-01 3.168000e-03 2.344000e-03
9 9.935160e-01 3.552000e-03 2.932000e-03
10 9.926880e-01 3.728000e-03 3.584000e-03
11 9.918520e-01 3.864000e-03 4.284000e-03
12 9.908560e-01 4.164000e-03 4.980000e-03
13 9.898400e-01 4.452000e-03 5.708000e-03
14 9.888280e-01 4.612000e-03 6.560000e-03
15 9.877760e-01 4.868000e-03 7.356000e-03
16 9.866720e-01 5.072000e-03 8.256000e-03
17 9.856280e-01 5.184000e-03 9.188000e-03
18 9.844680e-01 5.396000e-03 1.013600e-02
19 9.832200e-01 5.592000e-03 1.118800e-02
20 9.820240e-01 5.832000e-03 1.214400e-02
21 9.808920e-01 5.992000e-03 1.311600e-02
22 9.796400e-01 6.160000e-03 1.420000e-02
23 9.782000e-01 6.588000e-03 1.521200e-02
24 9.767840e-01 6.900000e-03 1.631600e-02
25 9.754560e-01 7.016000e-03 1.752800e-02
26 9.740280e-01 7.040000e-03 1.893200e-02
27 9.725360e-01 7.308000e-03 2.015600e-02
28 9.710800e-01 7.416000e-03 2.150400e-02
29 9.695480e-01 7.636000e-03 2.281600e-02
30 9.679320e-01 7.860000e-03 2.420800e-02
31 9.663480e-01 8.100000e-03 2.555200e-02
32 9.646040e-01 8.412000e-03 2.698400e-02
33 9.629040e-01 8.628000e-03 2.846800e-02
34 9.611840e-01 8.708000e-03 3.010800e-02
35 9.592840e-01 9.004000e-03 3.171200e-02
36 9.575560e-01 9.080000e-03 3.336400e-02
37 9.557200e-01 9.280000e-03 3.500000e-02
38 9.539440e-01 9.412000e-03 3.664400e-02
39 9.522400e-01 9.448000e-03 3.831200e-02
40 9.504880e-01 9.560000e-03 3.995200e-02
41 9.486000e-01 9.820000e-03 4.158000e-02
42 9.467880e-01 9.876000e-03 4.333600e-02
43 9.451760e-01 9.896000e-03 4.492800e-02
44 9.435600e-01 9.768000e-03 4.667200e-02
45 9.419560e-01 9.668000e-03 4.837600e-02
46 9.401960e-01 9.688000e-03 5.011600e-02
47 9.383240e-01 9.964000e-03 5.171200e-02
48 9.366360e-01 9.872000e-03 5.349200e-02
49 9.348160e-01 1.002400e-02 5.516000e-02
50 9.327240e-01 1.040400e-02 5.687200e-02
51 9.307960e-01 1.046800e-02 5.873600e-02
52 9.288240e-01 1.063600e-02 6.054000e-02
53 9.268120e-01 1.084000e-02 6.234800e-02
54 9.249040e-01 1.088000e-02 6.421600e-02
55 9.228320e-01 1.098800e-02 6.618000e-02
56 9.207720e-01 1.129600e-02 6.793200e-02
57 9.187400e-01 1.119200e-02 7.006800e-02
58 9.167960e-01 1.108800e-02 7.211600e-02
59 9.149320e-01 1.109600e-02 7.397200e-02
60 9.130440e-01 1.105200e-02 7.590400e-02
61 9.109320e-01 1.112000e-02 7.794800e-02
62 9.089640e-01 1.126400e-02 7.977200e-02
63 9.069000e-01 1.140000e-02 8.170000e-02
64 9.049760e-01 1.126400e-02 8.376000e-02
65 9.030280e-01 1.122400e-02 8.574800e-02
66 9.012160e-01 1.113200e-02 8.765200e-02
67 8.990560e-01 1.128000e-02 8.966400e-02
68 8.971000e-01 1.128800e-02 9.161200e-02
69 8.952640e-01 1.118800e-02 9.354800e-02
70 8.933280e-01 1.107600e-02 9.559600e-02
71 8.911960e-01 1.125200e-02 9.755200e-02
72 8.893600e-01 1.108800e-02 9.955200e-02
73 8.874240e-01 1.109200e-02 1.014840e-01
74 8.854560e-01 1.108800e-02 1.034560e-01
75 8.834800e-01 1.085200e-02 1.056680e-01
76 8.816280e-01 1.080000e-02 1.075720e-01
77 8.797200e-01 1.085600e-02 1.094240e-01
78 8.777760e-01 1.083200e-02 1.113920e-01
79 8.757640e-01 1.088400e-02 1.133520e-01
80 8.736400e-01 1.116400e-02 1.151960e-01
81 8.715440e-01 1.118400e-02 1.172720e-01
82 8.694200e-01 1.140000e-02 1.191800e-01
83 8.673880e-01 1.145200e-02 1.211600e-01
84 8.655680e-01 1.132800e-02 1.231040e-01
85 8.636480e-01 1.129600e-02 1.250560e-01
86 8.618760e-01 1.120000e-02 1.269240e-01
87 8.597920e-01 1.135600e-02 1.288520e-01
88 8.579160e-01 1.127600e-02 1.308080e-01
89 8.561000e-01 1.107200e-02 1.328280e-01
90 8.544040e-01 1.091200e-02 1.346840e-01
91 8.525920e-01 1.078400e-02 1.366240e-01
92 8.508480e-01 1.065200e-02 1.385000e-01
93 8.491600e-01 1.027200e-02 1.405680e-01
94 8.474760e-01 1.020800e-02 1.423160e-01
95 8.456200e-01 1.034000e-02 1.440400e-01
96 8.439920e-01 1.017600e-02 1.458320e-01
97 8.421840e-01 1.032800e-02 1.474880e-01
98 8.403280e-01 1.054800e-02 1.491240e-01
99 8.385240e-01 1.054400e-02 1.509320e-01
100 8.367440e-01 1.060400e-02 1.526520e-01
101 8.349720e-01 1.052800e-02 1.545000e-01
102 8.333040e-01 1.049600e-02 1.562000e-01
103 8.314520e-01 1.052000e-02 1.580280e-01
104 8.298360e-01 1.031200e-02 1.598520e-01
105 8.282080e-01 1.012800e-02 1.616640e-01
106 8.266080e-01 9.908000e-03 1.634840e-01
107 8.250160e-01 9.852000e-03 1.651320e-01
108 8.232960e-01 9.860000e-03 1.668440e-01
109 8.216520e-01 9.780000e-03 1.685680e-01
110 8.199600e-01 9.832000e-03 1.702080e-01
111 8.184160e-01 9.592000e-03 1.719920e-01
112 8.172040e-01 9.284000e-03 1.735120e-01
113 8.157560e-01 9.092000e-03 1.751520e-01
114 8.144640e-01 8.900000e-03 1.766360e-01
115 8.129240e-01 8.788000e-03 1.782880e-01
116 8.114840e-01 8.792000e-03 1.797240e-01
117 8.100560e-01 8.660000e-03 1.812840e-01
118 8.086040e-01 8.640000e-03 1.827560e-01
119 8.070960e-01 8.492000e-03 1.844120e-01
120 8.056240e-01 8.596000e-03 1.857800e-01
121 8.039640e-01 8.596000e-03 1.874400e-01
122 8.023160e-01 8.780000e-03 1.889040e-01
123 8.008200e-01 8.652000e-03 1.905280e-01
124 7.993040e-01 8.688000e-03 1.920080e-01
125 7.976480e-01 8.824000e-03 1.935280e-01
126 7.960320e-01 8.736000e-03 1.952320e-01
127 7.944920e-01 8.692000e-03 1.968160e-01
128 7.931760e-01 8.448000e-03 1.983760e-01
129 7.916160e-01 8.356000e-03 2.000280e-01
130 7.901320e-01 8.372000e-03 2.014960e-01
131 7.887200e-01 8.336000e-03 2.029440e-01
132 7.873120e-01 8.252000e-03 2.044360e-01
133 7.859280e-01 8.240000e-03 2.058320e-01
134 7.844680e-01 8.212000e-03 2.073200e-01
135 7.830400e-01 8.228000e-03 2.087320e-01
136 7.816760e-01 8.064000e-03 2.102600e-01
137 7.801960e-01 8.068000e-03 2.117360e-01
138 7.786880e-01 8.184000e-03 2.131280e-01
139 7.772440e-01 8.144000e-03 2.146120e-01
140 7.758440e-01 8.016000e-03 2.161400e-01
141 7.744120e-01 8.176000e-03 2.174120e-01
142 7.730880e-01 8.080000e-03 2.188320e-01
143 7.716880e-01 7.908000e-03 2.204040e-01
144 7.702760e-01 7.948000e-03 2.217760e-01
145 7.689000e-01 7.924000e-03 2.231760e-01
146 7.674400e-01 8.116000e-03 2.244440e-01
147 7.659600e-01 8.236000e-03 2.258040e-01
148 7.645240e-01 8.260000e-03 2.272160e-01
149 7.630760e-01 8.212000e-03 2.287120e-01
150 7.616840e-01 8.200000e-03 2.301160e-01
151 7.604360e-01 8.008000e-03 2.315560e-01
152 7.590640e-01 7.944000e-03 2.329920e-01
153 7.578520e-01 7.748000e-03 2.344000e-01
154 7.565920e-01 7.652000e-03 2.357560e-01
155 7.551960e-01 7.628000e-03 2.371760e-01
156 7.540400e-01 7.472000e-03 2.384880e-01
157 7.527320e-01 7.428000e-03 2.398400e-01
158 7.514680e-01 7.496000e-03 2.410360e-01
159 7.502480e-01 7.480000e-03 2.422720e-01
160 7.489440e-01 7.576000e-03 2.434800e-01
161 7.477600e-01 7.328000e-03 2.449120e-01
162 7.465680e-01 7.280000e-03 2.461520e-01
163 7.454080e-01 7.292000e-03 2.473000e-01
164 7.441120e-01 7.268000e-03 2.486200e-01
165 7.429000e-01 7.256000e-03 2.498440e-01
166 7.416320e-01 7.312000e-03 2.510560e-01
167 7.403560e-01 7.340000e-03 2.523040e-01
168 7.390720e-01 7.372000e-03 2.535560e-01
169 7.379080e-01 7.204000e-03 2.548880e-01
170 7.367520e-01 7.100000e-03 2.561480e-01
171 7.356320e-01 6.956000e-03 2.574120e-01
172 7.345800e-01 6.784000e-03 2.586360e-01
173 7.335400e-01 6.636000e-03 2.598240e-01
174 7.323880e-01 6.636000e-03 2.609760e-01
175 7.312480e-01 6.620000e-03 2.621320e-01
176 7.302240e-01 6.408000e-03 2.633680e-01
177 7.291200e-01 6.340000e-03 2.645400e-01
178 7.279120e-01 6.420000e-03 2.656680e-01
179 7.269800e-01 6.160000e-03 2.668600e-01
180 7.259640e-01 6.212000e-03 2.678240e-01
181 7.249200e-01 6.172000e-03 2.689080e-01
182 7.237920e-01 6.284000e-03 2.699240e-01
183 7.225600e-01 6.400000e-03 2.710400e-01
184 7.213880e-01 6.384000e-03 2.722280e-01
185 7.203080e-01 6.328000e-03 2.733640e-01
186 7.190720e-01 6.412000e-03 2.745160e-01
187 7.179800e-01 6.280000e-03 2.757400e-01
188 7.168120e-01 6.348000e-03 2.768400e-01
189 7.155320e-01 6.412000e-03 2.780560e-01
190 7.144640e-01 6.304000e-03 2.792320e-01
191 7.133640e-01 6.448000e-03 2.801880e-01
192 7.122160e-01 6.484000e-03 2.813000e-01
193 7.111000e-01 6.452000e-03 2.824480e-01
194 7.100000e-01 6.424000e-03 2.835760e-01
195 7.088320e-01 6.500000e-03 2.846680e-01
196 7.077760e-01 6.376000e-03 2.858480e-01
197 7.066800e-01 6.384000e-03 2.869360e-01
198 7.056480e-01 6.220000e-03 2.881320e-01
199 7.045520e-01 6.188000e-03 2.892600e-01
200 7.035560e-01 5.996000e-03 2.904480e-01
201 7.025640e-01 5.880000e-03 2.915560e-01
202 7.016040e-01 5.828000e-03 2.925680e-01
203 7.006880e-01 5.780000e-03 2.935320e-01
204 6.996160e-01 5.776000e-03 2.946080e-01
205 6.986400e-01 5.860000e-03 2.955000e-01
206 6.976400e-01 5.832000e-03 2.965280e-01
207 6.965960e-01 5.796000e-03 2.976080e-01
208 6.955880e-01 5.764000e-03 2.986480e-01
209 6.946360e-01 5.664000e-03 2.997000e-01
210 6.936280e-01 5.704000e-03 3.006680e-01
211 6.926760e-01 5.552000e-03 3.017720e-01
212 6.918680e-01 5.424000e-03 3.027080e-01
213 6.910400e-01 5.232000e-03 3.037280e-01
214 6.902000e-01 5.204000e-03 3.045960e-01
215 6.892720e-01 5.180000e-03 3.055480e-01
216 6.884520e-01 5.108000e-03 3.064400e-01
217 6.876320e-01 4.932000e-03 3.074360e-01
218 6.867720e-01 4.960000e-03 3.082680e-01
219 6.859720e-01 4.864000e-03 3.091640e-01
220 6.851600e-01 4.736000e-03 3.101040e-01
221 6.844240e-01 4.640000e-03 3.109360e-01
222 6.836760e-01 4.616000e-03 3.117080e-01
223 6.829400e-01 4.612000e-03 3.124480e-01
224 6.822720e-01 4.496000e-03 3.132320e-01
225 6.814640e-01 4.488000e-03 3.140480e-01
226 6.807320e-01 4.484000e-03 3.147840e-01
227 6.799560e-01 4.520000e-03 3.155240e-01
228 6.792120e-01 4.444000e-03 3.163440e-01
229 6.784520e-01 4.372000e-03 3.171760e-01
230 6.777520e-01 4.252000e-03 3.179960e-01
231 6.770960e-01 4.112000e-03 3.187920e-01
232 6.765640e-01 3.900000e-03 3.195360e-01
233 6.760160e-01 3.684000e-03 3.203000e-01
234 6.753520e-01 3.692000e-03 3.209560e-01
235 6.747880e-01 3.580000e-03 3.216320e-01
236 6.742280e-01 3.476000e-03 3.222960e-01
237 6.736720e-01 3.488000e-03 3.228400e-01
238 6.729880e-01 3.584000e-03 3.234280e-01
239 6.723960e-01 3.516000e-03 3.240880e-01
240 6.717320e-01 3.452000e-03 3.248160e-01
241 6.711640e-01 3.384000e-03 3.254520e-01
242 6.705000e-01 3.412000e-03 3.260880e-01
243 6.699240e-01 3.412000e-03 3.266640e-01
244 6.694560e-01 3.332000e-03 3.272120e-01
245 6.689640e-01 3.292000e-03 3.277440e-01
246 6.684600e-01 3.288000e-03 3.282520e-01
247 6.679880e-01 3.112000e-03 3.289000e-01
248 6.675480e-01 3.024000e-03 3.294280e-01
249 6.671080e-01 3.008000e-03 3.298840e-01
250 6.666000e-01 2.956000e-03 3.304440e-01
251 6.660960e-01 2.972000e-03 3.309320e-01
252 6.655360e-01 3.008000e-03 3.314560e-01
253 6.650120e-01 3.032000e-03 3.319560e-01
254 6.644360e-01 3.080000e-03 3.324840e-01
255 6.639280e-01 3.088000e-03 3.329840e-01
256 6.635720e-01 2.860000e-03 3.335680e-01
257 6.631760e-01 2.716000e-03 3.341080e-01
258 6.628440e-01 2.608000e-03 3.345480e-01
259 6.624440e-01 2.616000e-03 3.349400e-01
260 6.621160e-01 2.416000e-03 3.354680e-01
261 6.618280e-01 2.324000e-03 3.358480e-01
262 6.615120e-01 2.240000e-03 3.362480e-01
263 6.611880e-01 2.220000e-03 3.365920e-01
264 6.607880e-01 2.244000e-03 3.369680e-01
265 6.604040e-01 2.248000e-03 3.373480e-01
266 6.600480e-01 2.164000e-03 3.377880e-01
267 6.597200e-01 2.108000e-03 3.381720e-01
268 6.593720e-01 2.068000e-03 3.385600e-01
269 6.590320e-01 2.052000e-03 3.389160e-01
270 6.587680e-01 1.976000e-03 3.392560e-01
271 6.585120e-01 1.884000e-03 3.396040e-01
272 6.581440e-01 1.900000e-03 3.399560e-01
273 6.578520e-01 1.860000e-03 3.402880e-01
274 6.574680e-01 1.920000e-03 3.406120e-01
275 6.571160e-01 1.976000e-03 3.409080e-01
276 6.568040e-01 1.940000e-03 3.412560e-01
277 6.564160e-01 1.976000e-03 3.416080e-01
278 6.560120e-01 2.052000e-03 3.419360e-01
279 6.556120e-01 2.144000e-03 3.422440e-01
280 6.551360e-01 2.228000e-03 3.426360e-01
281 6.546840e-01 2.236000e-03 3.430800e-01
282 6.542880e-01 2.224000e-03 3.434880e-01
283 6.538200e-01 2.364000e-03 3.438160e-01
284 6.533960e-01 2.392000e-03 3.442120e-01
285 6.530160e-01 2.336000e-03 3.446480e-01
286 6.525520e-01 2.404000e-03 3.450440e-01
287 6.520800e-01 2.444000e-03 3.454760e-01
288 6.516960e-01 2.352000e-03 3.459520e-01
289 6.513280e-01 2.284000e-03 3.463880e-01
290 6.509960e-01 2.188000e-03 3.468160e-01
291 6.505720e-01 2.204000e-03 3.472240e-01
292 6.501000e-01 2.300000e-03 3.476000e-01
293 6.496800e-01 2.268000e-03 3.480520e-01
294 6.493320e-01 2.220000e-03 3.484480e-01
295 6.489720e-01 2.252000e-03 3.487760e-01
296 6.486040e-01 2.164000e-03 3.492320e-01
297 6.482400e-01 2.168000e-03 3.495920e-01
298 6.478680e-01 2.180000e-03 3.499520e-01
299 6.475600e-01 2.136000e-03 3.503040e-01
300 6.472280e-01 2.140000e-03 3.506320e-01
301 6.469800e-01 2.028000e-03 3.509920e-01
302 6.466600e-01 1.984000e-03 3.513560e-01
303 6.463640e-01 1.964000e-03 3.516720e-01
304 6.460920e-01 1.864000e-03 3.520440e-01
305 6.458840e-01 1.804000e-03 3.523120e-01
306 6.456160e-01 1.772000e-03 3.526120e-01
307 6.453240e-01 1.748000e-03 3.529280e-01
308 6.450480e-01 1.696000e-03 3.532560e-01
309 6.447840e-01 1.652000e-03 3.535640e-01
310 6.445840e-01 1.556000e-03 3.538600e-01
311 6.444160e-01 1.424000e-03 3.541600e-01
312 6.442200e-01 1.316000e-03 3.544640e-01
313 6.440320e-01 1.320000e-03 3.546480e-01
314 6.438320e-01 1.348000e-03 3.548200e-01
315 6.436000e-01 1.364000e-03 3.550360e-01
316 6.433600e-01 1.364000e-03 3.552760e-01
317 6.431120e-01 1.368000e-03 3.555200e-01
318 6.428880e-01 1.368000e-03 3.557440e-01
319 6.425960e-01 1.380000e-03 3.560240e-01
320 6.423760e-01 1.316000e-03 3.563080e-01
321 6.421080e-01 1.396000e-03 3.564960e-01
322 6.418480e-01 1.464000e-03 3.566880e-01
323 6.415640e-01 1.516000e-03 3.569200e-01
324 6.413040e-01 1.500000e-03 3.571960e-01
325 6.410640e-01 1.488000e-03 3.574480e-01
326 6.408200e-01 1.472000e-03 3.577080e-01
327 6.406440e-01 1.348000e-03 3.580080e-01
328 6.403640e-01 1.424000e-03 3.582120e-01
329 6.401120e-01 1.408000e-03 3.584800e-01
330 6.398360e-01 1.404000e-03 3.587600e-01
331 6.395800e-01 1.416000e-03 3.590040e-01
332 6.393600e-01 1.392000e-03 3.592480e-01
333 6.390280e-01 1.480000e-03 3.594920e-01
334 6.387200e-01 1.500000e-03 3.597800e-01
335 6.384120e-01 1.564000e-03 3.600240e-01
336 6.381240e-01 1.552000e-03 3.603240e-01
337 6.379000e-01 1.492000e-03 3.606080e-01
338 6.376800e-01 1.464000e-03 3.608560e-01
339 6.374400e-01 1.452000e-03 3.611080e-01
340 6.371600e-01 1.452000e-03 3.613880e-01
341 6.368600e-01 1.536000e-03 3.616040e-01
342 6.366400e-01 1.460000e-03 3.619000e-01
343 6.364000e-01 1.456000e-03 3.621440e-01
344 6.361480e-01 1.456000e-03 3.623960e-01
345 6.358920e-01 1.408000e-03 3.627000e-01
346 6.356520e-01 1.420000e-03 3.629280e-01
347 6.354240e-01 1.428000e-03 3.631480e-01
348 6.351320e-01 1.460000e-03 3.634080e-01
349 6.349200e-01 1.428000e-03 3.636520e-01
350 6.346560e-01 1.480000e-03 3.638640e-01
351 6.344360e-01 1.392000e-03 3.641720e-01
352 6.341960e-01 1.388000e-03 3.644160e-01
353 6.339000e-01 1.480000e-03 3.646200e-01
354 6.336520e-01 1.472000e-03 3.648760e-01
355 6.333600e-01 1.484000e-03 3.651560e-01
356 6.331240e-01 1.444000e-03 3.654320e-01
357 6.328760e-01 1.452000e-03 3.656720e-01
358 6.326640e-01 1.436000e-03 3.659000e-01
359 6.324840e-01 1.336000e-03 3.661800e-01
360 6.322920e-01 1.288000e-03 3.664200e-01
361 6.320920e-01 1.240000e-03 3.666680e-01
362 6.319120e-01 1.236000e-03 3.668520e-01
363 6.316600e-01 1.308000e-03 3.670320e-01
364 6.314680e-01 1.312000e-03 3.672200e-01
365 6.312880e-01 1.244000e-03 3.674680e-01
366 6.310680e-01 1.220000e-03 3.677120e-01
367 6.308320e-01 1.280000e-03 3.678880e-01
368 6.305360e-01 1.384000e-03 3.680800e-01
369 6.302800e-01 1.416000e-03 3.683040e-01
370 6.300680e-01 1.372000e-03 3.685600e-01
371 6.298440e-01 1.300000e-03 3.688560e-01
372 6.296280e-01 1.300000e-03 3.690720e-01
373 6.294240e-01 1.288000e-03 3.692880e-01
374 6.291600e-01 1.316000e-03 3.695240e-01
375 6.289280e-01 1.284000e-03 3.697880e-01
376 6.286440e-01 1.348000e-03 3.700080e-01
377 6.284240e-01 1.388000e-03 3.701880e-01
378 6.282320e-01 1.308000e-03 3.704600e-01
379 6.279880e-01 1.340000e-03 3.706720e-01
380 6.278160e-01 1.272000e-03 3.709120e-01
381 6.276320e-01 1.232000e-03 3.711360e-01
382 6.274640e-01 1.156000e-03 3.713800e-01
383 6.272640e-01 1.124000e-03 3.716120e-01
384 6.271080e-01 1.072000e-03 3.718200e-01
385 6.269400e-01 1.048000e-03 3.720120e-01
386 6.267520e-01 1.072000e-03 3.721760e-01
387 6.266280e-01 1.052000e-03 3.723200e-01
388 6.264560e-01 1.028000e-03 3.725160e-01
389 6.262800e-01 1.028000e-03 3.726920e-01
390 6.261040e-01 1.060000e-03 3.728360e-01
391 6.259200e-01 1.096000e-03 3.729840e-01
392 6.257040e-01 1.112000e-03 3.731840e-01
393 6.255160e-01 1.100000e-03 3.733840e-01
394 6.253080e-01 1.092000e-03 3.736000e-01
395 6.250880e-01 1.172000e-03 3.737400e-01
396 6.248880e-01 1.168000e-03 3.739440e-01
397 6.247160e-01 1.152000e-03 3.741320e-01
398 6.245280e-01 1.164000e-03 3.743080e-01
399 6.243280e-01 1.128000e-03 3.745440e-01
400 6.240920e-01 1.148000e-03 3.747600e-01
401 6.239160e-01 1.140000e-03 3.749440e-01
402 6.237760e-01 1.032000e-03 3.751920e-01
403 6.236680e-01 9.560000e-04 3.753760e-01
404 6.235280e-01 9.040000e-04 3.755680e-01
405 6.233560e-01 9.120000e-04 3.757320e-01
406 6.232040e-01 9.280000e-04 3.758680e-01
407 6.230520e-01 9.160000e-04 3.760320e-01
408 6.229040e-01 9.080000e-04 3.761880e-01
409 6.227800e-01 8.680000e-04 3.763520e-01
410 6.226320e-01 8.920000e-04 3.764760e-01
411 6.224520e-01 9.280000e-04 3.766200e-01
412 6.222880e-01 9.160000e-04 3.767960e-01
413 6.221640e-01 8.880000e-04 3.769480e-01
414 6.219960e-01 8.880000e-04 3.771160e-01
415 6.218320e-01 8.880000e-04 3.772800e-01
416 6.216720e-01 8.360000e-04 3.774920e-01
417 6.214520e-01 8.880000e-04 3.776600e-01
418 6.213120e-01 8.480000e-04 3.778400e-01
419 6.211320e-01 9.200000e-04 3.779480e-01
420 6.209680e-01 8.840000e-04 3.781480e-01
421 6.207480e-01 9.600000e-04 3.782920e-01
422 6.206120e-01 9.520000e-04 3.784360e-01
423 6.204520e-01 9.080000e-04 3.786400e-01
424 6.202400e-01 9.640000e-04 3.787960e-01
425 6.200840e-01 9.800000e-04 3.789360e-01
426 6.199480e-01 9.400000e-04 3.791120e-01
427 6.197680e-01 9.920000e-04 3.792400e-01
428 6.196000e-01 1.008000e-03 3.793920e-01
429 6.194400e-01 9.720000e-04 3.795880e-01
430 6.192920e-01 9.520000e-04 3.797560e-01
431 6.191320e-01 9.600000e-04 3.799080e-01
432 6.190200e-01 9.040000e-04 3.800760e-01
433 6.188600e-01 9.120000e-04 3.802280e-01
434 6.187040e-01 9.000000e-04 3.803960e-01
435 6.185800e-01 8.840000e-04 3.805360e-01
436 6.184600e-01 8.640000e-04 3.806760e-01
437 6.183440e-01 8.200000e-04 3.808360e-01
438 6.182440e-01 7.880000e-04 3.809680e-01
439 6.181200e-01 7.520000e-04 3.811280e-01
440 6.180360e-01 7.120000e-04 3.812520e-01
441 6.179120e-01 6.840000e-04 3.814040e-01
442 6.178280e-01 6.520000e-04 3.815200e-01
443 6.177440e-01 6.160000e-04 3.816400e-01
444 6.176080e-01 6.720000e-04 3.817200e-01
445 6.174880e-01 7.040000e-04 3.818080e-01
446 6.173200e-01 7.360000e-04 3.819440e-01
447 6.171760e-01 7.440000e-04 3.820800e-01
448 6.170000e-01 7.800000e-04 3.822200e-01
449 6.168080e-01 8.600000e-04 3.823320e-01
450 6.165400e-01 9.320000e-04 3.825280e-01
451 6.163600e-01 9.280000e-04 3.827120e-01
452 6.162400e-01 8.640000e-04 3.828960e-01
453 6.160760e-01 8.880000e-04 3.830360e-01
454 6.159520e-01 8.720000e-04 3.831760e-01
455 6.158320e-01 8.560000e-04 3.833120e-01
456 6.156880e-01 8.560000e-04 3.834560e-01
457 6.155360e-01 8.680000e-04 3.835960e-01
458 6.153600e-01 8.920000e-04 3.837480e-01
459 6.152280e-01 8.960000e-04 3.838760e-01
460 6.150960e-01 8.800000e-04 3.840240e-01
461 6.149680e-01 8.240000e-04 3.842080e-01
462 6.148480e-01 7.800000e-04 3.843720e-01
463 6.147120e-01 7.720000e-04 3.845160e-01
464 6.146240e-01 7.520000e-04 3.846240e-01
465 6.145240e-01 7.440000e-04 3.847320e-01
466 6.144440e-01 7.240000e-04 3.848320e-01
467 6.143720e-01 6.800000e-04 3.849480e-01
468 6.142360e-01 7.040000e-04 3.850600e-01
469 6.141600e-01 6.280000e-04 3.852120e-01
470 6.140440e-01 6.360000e-04 3.853200e-01
471 6.139720e-01 6.240000e-04 3.854040e-01
472 6.138840e-01 5.960000e-04 3.855200e-01
473 6.137680e-01 6.360000e-04 3.855960e-01
474 6.136280e-01 6.840000e-04 3.856880e-01
475 6.134920e-01 7.000000e-04 3.858080e-01
476 6.133600e-01 7.040000e-04 3.859360e-01
477 6.132040e-01 7.200000e-04 3.860760e-01
478 6.130160e-01 8.080000e-04 3.861760e-01
479 6.128120e-01 9.280000e-04 3.862600e-01
480 6.126560e-01 9.080000e-04 3.864360e-01
481 6.124760e-01 9.600000e-04 3.865640e-01
482 6.123240e-01 9.880000e-04 3.866880e-01
483 6.121680e-01 9.760000e-04 3.868560e-01
484 6.120040e-01 9.760000e-04 3.870200e-01
485 6.118440e-01 9.560000e-04 3.872000e-01
486 6.116600e-01 9.960000e-04 3.873440e-01
487 6.115080e-01 1.000000e-03 3.874920e-01
488 6.113240e-01 1.008000e-03 3.876680e-01
489 6.111840e-01 9.920000e-04 3.878240e-01
490 6.109520e-01 1.060000e-03 3.879880e-01
491 6.107720e-01 1.060000e-03 3.881680e-01
492 6.105760e-01 1.068000e-03 3.883560e-01
493 6.104040e-01 1.040000e-03 3.885560e-01
494 6.102000e-01 1.080000e-03 3.887200e-01
495 6.099920e-01 1.112000e-03 3.888960e-01
496 6.098320e-01 1.096000e-03 3.890720e-01
497 6.097160e-01 1.060000e-03 3.892240e-01
498 6.095800e-01 1.016000e-03 3.894040e-01
499 6.094440e-01 9.840000e-04 3.895720e-01
500 6.093240e-01 9.560000e-04 3.897200e-01
