1 9.992000e-01 7.160000e-04 8.400000e-05
2 9.986480e-01 1.084000e-03 2.680000e-04
3 9.980720e-01 1.380000e-03 5.480000e-04
4 9.974440e-01 1.736000e-03 8.200000e-04
5 9.966480e-01 2.176000e-03 1.176000e-03
6 9.957440e-01 2.604000e-03 1.652000e-03
7 9.948880e-01 2.992000e-03 2.120000e-03
8 9.939520e-01 3.276000e-03 2.772000e-03
9 9.930320e-01 3.568000e-03 3.400000e-03
10 9.919720e-01 4.052000e-03 3.976000e-03
11 9.907920e-01 4.524000e-03 4.684000e-03
12 9.897120e-01 4.812000e-03 5.476000e-03
13 9.885400e-01 5.060000e-03 6.400000e-03
14 9.873640e-01 5.272000e-03 7.364000e-03
15 9.861800e-01 5.552000e-03 8.268000e-03
16 9.849480e-01 5.760000e-03 9.292000e-03
17 9.838600e-01 5.816000e-03 1.032400e-02
18 9.826520e-01 5.964000e-03 1.138400e-02
19 9.813520e-01 6.180000e-03 1.246800e-02
20 9.799640e-01 6.496000e-03 1.354000e-02
21 9.786920e-01 6.632000e-03 1.467600e-02
22 9.774440e-01 6.700000e-03 1.585600e-02
23 9.761600e-01 6.816000e-03 1.702400e-02
24 9.748840e-01 6.872000e-03 1.824400e-02
25 9.736800e-01 6.660000e-03 1.966000e-02
26 9.724080e-01 6.780000e-03 2.081200e-02
27 9.712240e-01 6.788000e-03 2.198800e-02
28 9.698960e-01 6.976000e-03 2.312800e-02
29 9.688320e-01 6.756000e-03 2.441200e-02
30 9.677240e-01 6.668000e-03 2.560800e-02
31 9.665520e-01 6.668000e-03 2.678000e-02
32 9.652240e-01 6.832000e-03 2.794400e-02
33 9.637640e-01 6.976000e-03 2.926000e-02
34 9.623640e-01 7.216000e-03 3.042000e-02
35 9.609000e-01 7.484000e-03 3.161600e-02
36 9.593840e-01 7.572000e-03 3.304400e-02
37 9.579920e-01 7.576000e-03 3.443200e-02
38 9.565160e-01 7.744000e-03 3.574000e-02
39 9.550920e-01 7.916000e-03 3.699200e-02
40 9.534400e-01 8.072000e-03 3.848800e-02
41 9.520200e-01 8.020000e-03 3.996000e-02
42 9.505360e-01 8.100000e-03 4.136400e-02
43 9.490800e-01 8.228000e-03 4.269200e-02
44 9.474800e-01 8.328000e-03 4.419200e-02
45 9.459760e-01 8.272000e-03 4.575200e-02
46 9.444040e-01 8.372000e-03 4.722400e-02
47 9.428120e-01 8.536000e-03 4.865200e-02
48 9.414240e-01 8.404000e-03 5.017200e-02
49 9.399440e-01 8.324000e-03 5.173200e-02
50 9.385520e-01 8.276000e-03 5.317200e-02
51 9.371280e-01 8.296000e-03 5.457600e-02
52 9.356880e-01 8.208000e-03 5.610400e-02
53 9.345320e-01 7.892000e-03 5.757600e-02
54 9.330960e-01 7.872000e-03 5.903200e-02
55 9.317040e-01 8.048000e-03 6.024800e-02
56 9.303920e-01 8.036000e-03 6.157200e-02
57 9.289320e-01 8.176000e-03 6.289200e-02
58 9.272680e-01 8.492000e-03 6.424000e-02
59 9.257360e-01 8.612000e-03 6.565200e-02
60 9.243320e-01 8.496000e-03 6.717200e-02
61 9.229800e-01 8.440000e-03 6.858000e-02
62 9.215880e-01 8.220000e-03 7.019200e-02
63 9.200040e-01 8.444000e-03 7.155200e-02
64 9.186840e-01 8.344000e-03 7.297200e-02
65 9.171520e-01 8.388000e-03 7.446000e-02
66 9.156680e-01 8.356000e-03 7.597600e-02
67 9.139040e-01 8.528000e-03 7.756800e-02
68 9.124320e-01 8.508000e-03 7.906000e-02
69 9.109320e-01 8.456000e-03 8.061200e-02
70 9.093440e-01 8.504000e-03 8.215200e-02
71 9.078560e-01 8.456000e-03 8.368800e-02
72 9.064160e-01 8.432000e-03 8.515200e-02
73 9.049440e-01 8.448000e-03 8.660800e-02
74 9.034400e-01 8.536000e-03 8.802400e-02
75 9.021280e-01 8.264000e-03 8.960800e-02
76 9.007120e-01 8.272000e-03 9.101600e-02
77 8.992560e-01 8.244000e-03 9.250000e-02
78 8.976040e-01 8.420000e-03 9.397600e-02
79 8.960800e-01 8.552000e-03 9.536800e-02
80 8.944000e-01 8.728000e-03 9.687200e-02
81 8.929120e-01 8.728000e-03 9.836000e-02
82 8.913600e-01 8.772000e-03 9.986800e-02
83 8.898520e-01 8.868000e-03 1.012800e-01
84 8.882040e-01 8.980000e-03 1.028160e-01
85 8.865840e-01 8.976000e-03 1.044400e-01
86 8.848800e-01 9.044000e-03 1.060760e-01
87 8.833160e-01 9.028000e-03 1.076560e-01
88 8.818120e-01 8.888000e-03 1.093000e-01
89 8.802240e-01 8.924000e-03 1.108520e-01
90 8.788720e-01 8.632000e-03 1.124960e-01
91 8.774440e-01 8.612000e-03 1.139440e-01
92 8.760600e-01 8.504000e-03 1.154360e-01
93 8.746880e-01 8.260000e-03 1.170520e-01
94 8.733520e-01 8.116000e-03 1.185320e-01
95 8.719360e-01 8.032000e-03 1.200320e-01
96 8.707360e-01 7.836000e-03 1.214280e-01
97 8.693720e-01 7.824000e-03 1.228040e-01
98 8.680360e-01 7.724000e-03 1.242400e-01
99 8.665360e-01 7.896000e-03 1.255680e-01
100 8.651480e-01 7.800000e-03 1.270520e-01
101 8.637960e-01 7.828000e-03 1.283760e-01
102 8.625240e-01 7.756000e-03 1.297200e-01
103 8.611840e-01 7.740000e-03 1.310760e-01
104 8.599960e-01 7.568000e-03 1.324360e-01
105 8.586960e-01 7.476000e-03 1.338280e-01
106 8.573880e-01 7.428000e-03 1.351840e-01
107 8.560440e-01 7.332000e-03 1.366240e-01
108 8.546800e-01 7.396000e-03 1.379240e-01
109 8.533720e-01 7.380000e-03 1.392480e-01
110 8.520440e-01 7.496000e-03 1.404600e-01
111 8.507320e-01 7.376000e-03 1.418920e-01
112 8.495400e-01 7.296000e-03 1.431640e-01
113 8.482280e-01 7.312000e-03 1.444600e-01
114 8.468080e-01 7.484000e-03 1.457080e-01
115 8.455040e-01 7.476000e-03 1.470200e-01
116 8.440920e-01 7.704000e-03 1.482040e-01
117 8.427960e-01 7.808000e-03 1.493960e-01
118 8.414680e-01 7.788000e-03 1.507440e-01
119 8.400720e-01 7.948000e-03 1.519800e-01
120 8.385800e-01 7.976000e-03 1.534440e-01
121 8.370520e-01 8.112000e-03 1.548360e-01
122 8.356960e-01 8.076000e-03 1.562280e-01
123 8.342920e-01 8.164000e-03 1.575440e-01
124 8.330040e-01 7.904000e-03 1.590920e-01
125 8.316080e-01 7.852000e-03 1.605400e-01
126 8.302640e-01 7.664000e-03 1.620720e-01
127 8.288760e-01 7.636000e-03 1.634880e-01
128 8.276680e-01 7.372000e-03 1.649600e-01
129 8.265400e-01 7.256000e-03 1.662040e-01
130 8.253800e-01 7.128000e-03 1.674920e-01
131 8.241800e-01 7.104000e-03 1.687160e-01
132 8.228240e-01 7.208000e-03 1.699680e-01
133 8.215320e-01 7.252000e-03 1.712160e-01
134 8.202280e-01 7.220000e-03 1.725520e-01
135 8.191600e-01 7.012000e-03 1.738280e-01
136 8.179720e-01 6.968000e-03 1.750600e-01
137 8.167880e-01 6.936000e-03 1.762760e-01
138 8.155600e-01 6.920000e-03 1.775200e-01
139 8.144080e-01 6.824000e-03 1.787680e-01
140 8.133040e-01 6.764000e-03 1.799320e-01
141 8.120400e-01 6.776000e-03 1.811840e-01
142 8.109080e-01 6.672000e-03 1.824200e-01
143 8.097600e-01 6.740000e-03 1.835000e-01
144 8.086600e-01 6.564000e-03 1.847760e-01
145 8.074160e-01 6.576000e-03 1.860080e-01
146 8.062680e-01 6.644000e-03 1.870880e-01
147 8.051480e-01 6.552000e-03 1.883000e-01
148 8.040800e-01 6.488000e-03 1.894320e-01
149 8.029400e-01 6.512000e-03 1.905480e-01
150 8.018280e-01 6.424000e-03 1.917480e-01
151 8.007760e-01 6.372000e-03 1.928520e-01
152 7.995360e-01 6.492000e-03 1.939720e-01
153 7.985200e-01 6.340000e-03 1.951400e-01
154 7.974360e-01 6.344000e-03 1.962200e-01
155 7.964520e-01 6.204000e-03 1.973440e-01
156 7.954640e-01 6.064000e-03 1.984720e-01
157 7.943440e-01 6.040000e-03 1.996160e-01
158 7.933800e-01 5.912000e-03 2.007080e-01
159 7.922240e-01 6.088000e-03 2.016880e-01
160 7.911520e-01 6.148000e-03 2.027000e-01
161 7.901240e-01 6.048000e-03 2.038280e-01
162 7.889520e-01 6.268000e-03 2.047800e-01
163 7.877960e-01 6.336000e-03 2.058680e-01
164 7.866760e-01 6.332000e-03 2.069920e-01
165 7.854720e-01 6.348000e-03 2.081800e-01
166 7.844360e-01 6.280000e-03 2.092840e-01
167 7.834200e-01 6.280000e-03 2.103000e-01
168 7.823760e-01 6.188000e-03 2.114360e-01
169 7.813280e-01 6.144000e-03 2.125280e-01
170 7.802840e-01 6.252000e-03 2.134640e-01
171 7.793040e-01 6.092000e-03 2.146040e-01
172 7.783960e-01 5.916000e-03 2.156880e-01
173 7.774600e-01 5.872000e-03 2.166680e-01
174 7.765440e-01 5.760000e-03 2.176960e-01
175 7.756600e-01 5.768000e-03 2.185720e-01
176 7.746920e-01 5.680000e-03 2.196280e-01
177 7.738680e-01 5.496000e-03 2.206360e-01
178 7.730440e-01 5.444000e-03 2.215120e-01
179 7.722400e-01 5.240000e-03 2.225200e-01
180 7.713800e-01 5.240000e-03 2.233800e-01
181 7.704680e-01 5.232000e-03 2.243000e-01
182 7.695720e-01 5.164000e-03 2.252640e-01
183 7.687040e-01 5.112000e-03 2.261840e-01
184 7.678800e-01 5.052000e-03 2.270680e-01
185 7.670560e-01 5.068000e-03 2.278760e-01
186 7.661800e-01 5.080000e-03 2.287400e-01
187 7.653600e-01 4.968000e-03 2.296720e-01
188 7.644160e-01 5.116000e-03 2.304680e-01
189 7.634920e-01 5.108000e-03 2.314000e-01
190 7.625640e-01 5.200000e-03 2.322360e-01
191 7.616680e-01 5.252000e-03 2.330800e-01
192 7.608360e-01 5.196000e-03 2.339680e-01
193 7.599480e-01 5.156000e-03 2.348960e-01
194 7.590440e-01 5.184000e-03 2.357720e-01
195 7.582520e-01 5.068000e-03 2.366800e-01
196 7.574320e-01 4.908000e-03 2.376600e-01
197 7.565720e-01 4.992000e-03 2.384360e-01
198 7.557040e-01 4.884000e-03 2.394120e-01
199 7.549560e-01 4.732000e-03 2.403120e-01
200 7.542240e-01 4.740000e-03 2.410360e-01
201 7.534000e-01 4.812000e-03 2.417880e-01
202 7.526480e-01 4.724000e-03 2.426280e-01
203 7.518840e-01 4.616000e-03 2.435000e-01
204 7.510840e-01 4.516000e-03 2.444000e-01
205 7.502880e-01 4.516000e-03 2.451960e-01
206 7.495640e-01 4.444000e-03 2.459920e-01
207 7.487640e-01 4.568000e-03 2.466680e-01
208 7.479680e-01 4.540000e-03 2.474920e-01
209 7.470880e-01 4.600000e-03 2.483120e-01
210 7.462400e-01 4.664000e-03 2.490960e-01
211 7.455440e-01 4.520000e-03 2.499360e-01
212 7.447040e-01 4.584000e-03 2.507120e-01
213 7.439080e-01 4.580000e-03 2.515120e-01
214 7.431960e-01 4.532000e-03 2.522720e-01
215 7.424000e-01 4.504000e-03 2.530960e-01
216 7.415480e-01 4.616000e-03 2.538360e-01
217 7.408320e-01 4.488000e-03 2.546800e-01
218 7.400240e-01 4.496000e-03 2.554800e-01
219 7.393520e-01 4.420000e-03 2.562280e-01
220 7.386960e-01 4.340000e-03 2.569640e-01
221 7.380040e-01 4.260000e-03 2.577360e-01
222 7.372400e-01 4.264000e-03 2.584960e-01
223 7.365600e-01 4.244000e-03 2.591960e-01
224 7.358720e-01 4.204000e-03 2.599240e-01
225 7.350400e-01 4.292000e-03 2.606680e-01
226 7.342000e-01 4.340000e-03 2.614600e-01
227 7.335080e-01 4.272000e-03 2.622200e-01
228 7.327880e-01 4.244000e-03 2.629680e-01
229 7.319920e-01 4.344000e-03 2.636640e-01
230 7.312160e-01 4.376000e-03 2.644080e-01
231 7.305320e-01 4.268000e-03 2.652000e-01
232 7.297760e-01 4.224000e-03 2.660000e-01
233 7.291200e-01 4.096000e-03 2.667840e-01
234 7.285000e-01 3.892000e-03 2.676080e-01
235 7.278200e-01 3.936000e-03 2.682440e-01
236 7.271600e-01 3.872000e-03 2.689680e-01
237 7.265720e-01 3.704000e-03 2.697240e-01
238 7.259520e-01 3.660000e-03 2.703880e-01
239 7.254240e-01 3.604000e-03 2.709720e-01
240 7.248280e-01 3.552000e-03 2.716200e-01
241 7.242840e-01 3.488000e-03 2.722280e-01
242 7.237640e-01 3.436000e-03 2.728000e-01
243 7.231600e-01 3.412000e-03 2.734280e-01
244 7.226200e-01 3.404000e-03 2.739760e-01
245 7.220360e-01 3.308000e-03 2.746560e-01
246 7.214080e-01 3.372000e-03 2.752200e-01
247 7.208080e-01 3.456000e-03 2.757360e-01
248 7.202360e-01 3.436000e-03 2.763280e-01
249 7.197480e-01 3.288000e-03 2.769640e-01
250 7.192400e-01 3.204000e-03 2.775560e-01
251 7.187280e-01 3.152000e-03 2.781200e-01
252 7.182440e-01 3.072000e-03 2.786840e-01
253 7.177800e-01 2.960000e-03 2.792600e-01
254 7.172160e-01 3.008000e-03 2.797760e-01
255 7.166320e-01 3.020000e-03 2.803480e-01
256 7.159960e-01 3.108000e-03 2.808960e-01
257 7.153400e-01 3.292000e-03 2.813680e-01
258 7.147480e-01 3.360000e-03 2.818920e-01
259 7.142080e-01 3.304000e-03 2.824880e-01
260 7.135880e-01 3.392000e-03 2.830200e-01
261 7.130400e-01 3.316000e-03 2.836440e-01
262 7.124440e-01 3.344000e-03 2.842120e-01
263 7.118960e-01 3.276000e-03 2.848280e-01
264 7.112960e-01 3.292000e-03 2.854120e-01
265 7.106200e-01 3.416000e-03 2.859640e-01
266 7.099840e-01 3.408000e-03 2.866080e-01
267 7.093840e-01 3.412000e-03 2.872040e-01
268 7.088040e-01 3.428000e-03 2.877680e-01
269 7.081040e-01 3.464000e-03 2.884320e-01
270 7.075160e-01 3.416000e-03 2.890680e-01
271 7.070000e-01 3.432000e-03 2.895680e-01
272 7.064280e-01 3.428000e-03 2.901440e-01
273 7.058600e-01 3.460000e-03 2.906800e-01
274 7.052600e-01 3.472000e-03 2.912680e-01
275 7.046920e-01 3.492000e-03 2.918160e-01
276 7.041080e-01 3.396000e-03 2.924960e-01
277 7.035800e-01 3.320000e-03 2.931000e-01
278 7.029640e-01 3.380000e-03 2.936560e-01
279 7.024880e-01 3.344000e-03 2.941680e-01
280 7.018960e-01 3.348000e-03 2.947560e-01
281 7.013480e-01 3.284000e-03 2.953680e-01
282 7.007280e-01 3.348000e-03 2.959240e-01
283 7.001840e-01 3.348000e-03 2.964680e-01
284 6.995960e-01 3.376000e-03 2.970280e-01
285 6.990040e-01 3.368000e-03 2.976280e-01
286 6.983680e-01 3.508000e-03 2.981240e-01
287 6.977600e-01 3.512000e-03 2.987280e-01
288 6.971520e-01 3.572000e-03 2.992760e-01
289 6.965600e-01 3.452000e-03 2.999880e-01
290 6.960200e-01 3.440000e-03 3.005400e-01
291 6.953960e-01 3.460000e-03 3.011440e-01
292 6.948560e-01 3.500000e-03 3.016440e-01
293 6.942520e-01 3.496000e-03 3.022520e-01
294 6.935680e-01 3.564000e-03 3.028680e-01
295 6.929760e-01 3.496000e-03 3.035280e-01
296 6.922840e-01 3.560000e-03 3.041560e-01
297 6.916280e-01 3.676000e-03 3.046960e-01
298 6.908800e-01 3.820000e-03 3.053000e-01
299 6.901640e-01 3.972000e-03 3.058640e-01
300 6.895560e-01 3.948000e-03 3.064960e-01
301 6.889920e-01 3.828000e-03 3.071800e-01
302 6.883280e-01 3.904000e-03 3.077680e-01
303 6.876200e-01 3.968000e-03 3.084120e-01
304 6.869680e-01 3.952000e-03 3.090800e-01
305 6.862920e-01 3.956000e-03 3.097520e-01
306 6.856480e-01 3.960000e-03 3.103920e-01
307 6.849360e-01 4.008000e-03 3.110560e-01
308 6.843320e-01 3.880000e-03 3.117880e-01
309 6.836800e-01 3.808000e-03 3.125120e-01
310 6.830720e-01 3.728000e-03 3.132000e-01
311 6.824400e-01 3.744000e-03 3.138160e-01
312 6.818280e-01 3.748000e-03 3.144240e-01
313 6.811800e-01 3.752000e-03 3.150680e-01
314 6.805240e-01 3.800000e-03 3.156760e-01
315 6.799200e-01 3.720000e-03 3.163600e-01
316 6.793000e-01 3.672000e-03 3.170280e-01
317 6.788160e-01 3.568000e-03 3.176160e-01
318 6.783320e-01 3.368000e-03 3.183000e-01
319 6.778560e-01 3.308000e-03 3.188360e-01
320 6.773920e-01 3.248000e-03 3.193600e-01
321 6.769080e-01 3.188000e-03 3.199040e-01
322 6.764520e-01 3.100000e-03 3.204480e-01
323 6.760400e-01 2.956000e-03 3.210040e-01
324 6.756120e-01 2.928000e-03 3.214600e-01
325 6.752160e-01 2.780000e-03 3.220040e-01
326 6.747600e-01 2.804000e-03 3.224360e-01
327 6.743240e-01 2.768000e-03 3.229080e-01
328 6.738240e-01 2.792000e-03 3.233840e-01
329 6.733560e-01 2.788000e-03 3.238560e-01
330 6.727360e-01 2.892000e-03 3.243720e-01
331 6.721480e-01 3.032000e-03 3.248200e-01
332 6.716160e-01 3.056000e-03 3.253280e-01
333 6.710960e-01 3.084000e-03 3.258200e-01
334 6.705680e-01 3.152000e-03 3.262800e-01
335 6.700040e-01 3.096000e-03 3.269000e-01
336 6.694720e-01 3.160000e-03 3.273680e-01
337 6.690080e-01 3.076000e-03 3.279160e-01
338 6.686000e-01 2.880000e-03 3.285200e-01
339 6.680960e-01 2.840000e-03 3.290640e-01
340 6.676520e-01 2.780000e-03 3.295680e-01
341 6.670880e-01 2.852000e-03 3.300600e-01
342 6.666200e-01 2.856000e-03 3.305240e-01
343 6.660560e-01 2.876000e-03 3.310680e-01
344 6.655360e-01 2.844000e-03 3.316200e-01
345 6.649960e-01 2.876000e-03 3.321280e-01
346 6.644720e-01 2.888000e-03 3.326400e-01
347 6.640640e-01 2.788000e-03 3.331480e-01
348 6.637160e-01 2.656000e-03 3.336280e-01
349 6.633480e-01 2.588000e-03 3.340640e-01
350 6.629760e-01 2.528000e-03 3.344960e-01
351 6.626320e-01 2.464000e-03 3.349040e-01
352 6.622200e-01 2.480000e-03 3.353000e-01
353 6.618000e-01 2.488000e-03 3.357120e-01
354 6.614160e-01 2.428000e-03 3.361560e-01
355 6.609480e-01 2.492000e-03 3.365600e-01
356 6.605240e-01 2.508000e-03 3.369680e-01
357 6.601080e-01 2.528000e-03 3.373640e-01
358 6.597600e-01 2.484000e-03 3.377560e-01
359 6.593520e-01 2.584000e-03 3.380640e-01
360 6.590000e-01 2.452000e-03 3.385480e-01
361 6.586320e-01 2.396000e-03 3.389720e-01
362 6.582920e-01 2.264000e-03 3.394440e-01
363 6.579720e-01 2.192000e-03 3.398360e-01
364 6.576680e-01 2.108000e-03 3.402240e-01
365 6.573320e-01 2.124000e-03 3.405440e-01
366 6.570440e-01 2.048000e-03 3.409080e-01
367 6.567240e-01 2.000000e-03 3.412760e-01
368 6.564400e-01 1.912000e-03 3.416480e-01
369 6.561560e-01 1.888000e-03 3.419560e-01
370 6.558040e-01 1.916000e-03 3.422800e-01
371 6.555600e-01 1.840000e-03 3.426000e-01
372 6.552600e-01 1.880000e-03 3.428600e-01
373 6.549680e-01 1.888000e-03 3.431440e-01
374 6.546680e-01 1.848000e-03 3.434840e-01
375 6.544240e-01 1.760000e-03 3.438160e-01
376 6.541400e-01 1.716000e-03 3.441440e-01
377 6.538360e-01 1.724000e-03 3.444400e-01
378 6.534960e-01 1.764000e-03 3.447400e-01
379 6.532000e-01 1.800000e-03 3.450000e-01
380 6.529240e-01 1.764000e-03 3.453120e-01
381 6.525360e-01 1.872000e-03 3.455920e-01
382 6.521480e-01 1.940000e-03 3.459120e-01
383 6.518040e-01 1.940000e-03 3.462560e-01
384 6.514760e-01 1.908000e-03 3.466160e-01
385 6.511000e-01 2.020000e-03 3.468800e-01
386 6.507600e-01 2.024000e-03 3.472160e-01
387 6.504560e-01 1.988000e-03 3.475560e-01
388 6.502120e-01 1.916000e-03 3.478720e-01
389 6.498240e-01 1.956000e-03 3.482200e-01
390 6.495040e-01 1.896000e-03 3.486000e-01
391 6.491600e-01 1.888000e-03 3.489520e-01
392 6.487960e-01 1.900000e-03 3.493040e-01
393 6.484040e-01 1.952000e-03 3.496440e-01
394 6.480560e-01 1.912000e-03 3.500320e-01
395 6.477760e-01 1.840000e-03 3.503840e-01
396 6.474560e-01 1.816000e-03 3.507280e-01
397 6.470960e-01 1.828000e-03 3.510760e-01
398 6.467640e-01 1.816000e-03 3.514200e-01
399 6.465120e-01 1.724000e-03 3.517640e-01
400 6.462960e-01 1.668000e-03 3.520360e-01
401 6.460160e-01 1.648000e-03 3.523360e-01
402 6.457520e-01 1.660000e-03 3.525880e-01
403 6.455160e-01 1.584000e-03 3.529000e-01
404 6.453040e-01 1.536000e-03 3.531600e-01
405 6.450560e-01 1.548000e-03 3.533960e-01
406 6.448720e-01 1.504000e-03 3.536240e-01
407 6.446520e-01 1.500000e-03 3.538480e-01
408 6.445040e-01 1.352000e-03 3.541440e-01
409 6.443680e-01 1.228000e-03 3.544040e-01
410 6.442120e-01 1.180000e-03 3.546080e-01
411 6.440240e-01 1.188000e-03 3.547880e-01
412 6.438600e-01 1.156000e-03 3.549840e-01
413 6.437520e-01 1.044000e-03 3.552040e-01
414 6.435880e-01 1.016000e-03 3.553960e-01
415 6.434120e-01 1.008000e-03 3.555800e-01
416 6.432800e-01 9.800000e-04 3.557400e-01
417 6.431280e-01 9.240000e-04 3.559480e-01
418 6.429320e-01 9.720000e-04 3.560960e-01
419 6.427720e-01 9.600000e-04 3.562680e-01
420 6.426400e-01 9.600000e-04 3.564000e-01
421 6.424840e-01 9.560000e-04 3.565600e-01
422 6.423240e-01 9.360000e-04 3.567400e-01
423 6.421880e-01 9.120000e-04 3.569000e-01
424 6.420080e-01 9.360000e-04 3.570560e-01
425 6.418560e-01 9.520000e-04 3.571920e-01
426 6.417240e-01 9.320000e-04 3.573440e-01
427 6.415880e-01 9.400000e-04 3.574720e-01
428 6.414160e-01 9.280000e-04 3.576560e-01
429 6.412760e-01 8.720000e-04 3.578520e-01
430 6.411520e-01 8.120000e-04 3.580360e-01
431 6.410360e-01 8.040000e-04 3.581600e-01
432 6.408960e-01 7.920000e-04 3.583120e-01
433 6.407240e-01 8.200000e-04 3.584560e-01
434 6.404800e-01 9.480000e-04 3.585720e-01
435 6.403320e-01 9.640000e-04 3.587040e-01
436 6.401360e-01 9.880000e-04 3.588760e-01
437 6.399200e-01 1.052000e-03 3.590280e-01
438 6.396960e-01 1.112000e-03 3.591920e-01
439 6.395040e-01 1.060000e-03 3.594360e-01
440 6.393160e-01 1.032000e-03 3.596520e-01
441 6.391320e-01 1.028000e-03 3.598400e-01
442 6.389880e-01 9.920000e-04 3.600200e-01
443 6.387800e-01 1.020000e-03 3.602000e-01
444 6.386040e-01 1.040000e-03 3.603560e-01
445 6.383920e-01 1.088000e-03 3.605200e-01
446 6.382240e-01 1.044000e-03 3.607320e-01
447 6.380840e-01 1.016000e-03 3.609000e-01
448 6.379200e-01 1.028000e-03 3.610520e-01
449 6.377240e-01 1.080000e-03 3.611960e-01
450 6.375640e-01 1.016000e-03 3.614200e-01
451 6.374240e-01 1.020000e-03 3.615560e-01
452 6.372840e-01 1.016000e-03 3.617000e-01
453 6.371920e-01 9.360000e-04 3.618720e-01
454 6.370560e-01 8.840000e-04 3.620600e-01
455 6.368520e-01 9.440000e-04 3.622040e-01
456 6.366920e-01 9.640000e-04 3.623440e-01
457 6.365360e-01 9.760000e-04 3.624880e-01
458 6.364200e-01 9.560000e-04 3.626240e-01
459 6.362760e-01 9.200000e-04 3.628040e-01
460 6.361280e-01 9.400000e-04 3.629320e-01
461 6.360280e-01 8.680000e-04 3.631040e-01
462 6.359000e-01 8.720000e-04 3.632280e-01
463 6.357080e-01 8.920000e-04 3.634000e-01
464 6.355560e-01 8.880000e-04 3.635560e-01
465 6.354120e-01 8.800000e-04 3.637080e-01
466 6.352200e-01 9.200000e-04 3.638600e-01
467 6.350480e-01 9.320000e-04 3.640200e-01
468 6.348280e-01 1.024000e-03 3.641480e-01
469 6.345880e-01 1.084000e-03 3.643280e-01
470 6.343440e-01 1.148000e-03 3.645080e-01
471 6.341200e-01 1.196000e-03 3.646840e-01
472 6.338840e-01 1.216000e-03 3.649000e-01
473 6.336760e-01 1.204000e-03 3.651200e-01
474 6.334800e-01 1.244000e-03 3.652760e-01
475 6.332440e-01 1.232000e-03 3.655240e-01
476 6.329920e-01 1.284000e-03 3.657240e-01
477 6.327840e-01 1.272000e-03 3.659440e-01
478 6.325680e-01 1.268000e-03 3.661640e-01
479 6.323160e-01 1.280000e-03 3.664040e-01
480 6.321600e-01 1.272000e-03 3.665680e-01
481 6.320120e-01 1.232000e-03 3.667560e-01
482 6.318640e-01 1.204000e-03 3.669320e-01
483 6.316400e-01 1.196000e-03 3.671640e-01
484 6.314440e-01 1.164000e-03 3.673920e-01
485 6.312520e-01 1.156000e-03 3.675920e-01
486 6.310440e-01 1.220000e-03 3.677360e-01
487 6.308360e-01 1.164000e-03 3.680000e-01
488 6.306120e-01 1.180000e-03 3.682080e-01
489 6.304280e-01 1.148000e-03 3.684240e-01
490 6.302360e-01 1.132000e-03 3.686320e-01
491 6.300280e-01 1.108000e-03 3.688640e-01
492 6.298960e-01 1.012000e-03 3.690920e-01
493 6.297680e-01 1.004000e-03 3.692280e-01
494 6.296400e-01 9.640000e-04 3.693960e-01
495 6.294920e-01 9.600000e-04 3.695480e-01
496 6.293240e-01 9.080000e-04 3.697680e-01
497 6.291680e-01 9.400000e-04 3.698920e-01
498 6.290120e-01 9.240000e-04 3.700640e-01
499 6.288360e-01 9.320000e-04 3.702320e-01
500 6.287040e-01 9.040000e-04 3.703920e-01
