1 9.992200e-01 6.760000e-04 1.040000e-04
2 9.987520e-01 9.960000e-04 2.520000e-04
3 9.981400e-01 1.352000e-03 5.080000e-04
4 9.974120e-01 1.808000e-03 7.800000e-04
5 9.966000e-01 2.296000e-03 1.104000e-03
6 9.956680e-01 2.812000e-03 1.520000e-03
7 9.946440e-01 3.264000e-03 2.092000e-03
8 9.936720e-01 3.688000e-03 2.640000e-03
9 9.926120e-01 3.988000e-03 3.400000e-03
10 9.916600e-01 4.140000e-03 4.200000e-03
11 9.904480e-01 4.612000e-03 4.940000e-03
12 9.892760e-01 4.948000e-03 5.776000e-03
13 9.880720e-01 5.232000e-03 6.696000e-03
14 9.867640e-01 5.528000e-03 7.708000e-03
15 9.855640e-01 5.652000e-03 8.784000e-03
16 9.842440e-01 5.908000e-03 9.848000e-03
17 9.829000e-01 6.248000e-03 1.085200e-02
18 9.816040e-01 6.408000e-03 1.198800e-02
19 9.801800e-01 6.828000e-03 1.299200e-02
20 9.786800e-01 7.072000e-03 1.424800e-02
21 9.771760e-01 7.380000e-03 1.544400e-02
22 9.757560e-01 7.468000e-03 1.677600e-02
23 9.742120e-01 7.712000e-03 1.807600e-02
24 9.725720e-01 8.016000e-03 1.941200e-02
25 9.709760e-01 8.144000e-03 2.088000e-02
26 9.692680e-01 8.352000e-03 2.238000e-02
27 9.675880e-01 8.532000e-03 2.388000e-02
28 9.658200e-01 8.772000e-03 2.540800e-02
29 9.641680e-01 8.864000e-03 2.696800e-02
30 9.625760e-01 8.772000e-03 2.865200e-02
31 9.609320e-01 8.732000e-03 3.033600e-02
32 9.593280e-01 8.760000e-03 3.191200e-02
33 9.575280e-01 8.984000e-03 3.348800e-02
34 9.558600e-01 9.240000e-03 3.490000e-02
35 9.542360e-01 9.140000e-03 3.662400e-02
36 9.526280e-01 9.124000e-03 3.824800e-02
37 9.509400e-01 9.188000e-03 3.987200e-02
38 9.493560e-01 9.192000e-03 4.145200e-02
39 9.477640e-01 9.172000e-03 4.306400e-02
40 9.460040e-01 9.340000e-03 4.465600e-02
41 9.442680e-01 9.524000e-03 4.620800e-02
42 9.425720e-01 9.664000e-03 4.776400e-02
43 9.409920e-01 9.436000e-03 4.957200e-02
44 9.392160e-01 9.672000e-03 5.111200e-02
45 9.373800e-01 9.856000e-03 5.276400e-02
46 9.356440e-01 9.596000e-03 5.476000e-02
47 9.340000e-01 9.520000e-03 5.648000e-02
48 9.323400e-01 9.556000e-03 5.810400e-02
49 9.306560e-01 9.668000e-03 5.967600e-02
50 9.288960e-01 9.640000e-03 6.146400e-02
51 9.273200e-01 9.524000e-03 6.315600e-02
52 9.256720e-01 9.572000e-03 6.475600e-02
53 9.239560e-01 9.488000e-03 6.655600e-02
54 9.222480e-01 9.468000e-03 6.828400e-02
55 9.207040e-01 9.440000e-03 6.985600e-02
56 9.188880e-01 9.564000e-03 7.154800e-02
57 9.171960e-01 9.592000e-03 7.321200e-02
58 9.154840e-01 9.588000e-03 7.492800e-02
59 9.137400e-01 9.692000e-03 7.656800e-02
60 9.117880e-01 9.988000e-03 7.822400e-02
61 9.100760e-01 9.916000e-03 8.000800e-02
62 9.083800e-01 9.900000e-03 8.172000e-02
63 9.066920e-01 9.892000e-03 8.341600e-02
64 9.048920e-01 9.756000e-03 8.535200e-02
65 9.034200e-01 9.424000e-03 8.715600e-02
66 9.017160e-01 9.496000e-03 8.878800e-02
67 9.000600e-01 9.512000e-03 9.042800e-02
68 8.984600e-01 9.556000e-03 9.198400e-02
69 8.967560e-01 9.560000e-03 9.368400e-02
70 8.949080e-01 9.720000e-03 9.537200e-02
71 8.931400e-01 9.748000e-03 9.711200e-02
72 8.912920e-01 9.864000e-03 9.884400e-02
73 8.895520e-01 9.860000e-03 1.005880e-01
74 8.879800e-01 9.660000e-03 1.023600e-01
75 8.863880e-01 9.468000e-03 1.041440e-01
76 8.848160e-01 9.476000e-03 1.057080e-01
77 8.831120e-01 9.652000e-03 1.072360e-01
78 8.816000e-01 9.556000e-03 1.088440e-01
79 8.799160e-01 9.656000e-03 1.104280e-01
80 8.783040e-01 9.496000e-03 1.122000e-01
81 8.766880e-01 9.400000e-03 1.139120e-01
82 8.751640e-01 9.336000e-03 1.155000e-01
83 8.737320e-01 9.124000e-03 1.171440e-01
84 8.721880e-01 8.968000e-03 1.188440e-01
85 8.707960e-01 8.944000e-03 1.202600e-01
86 8.692320e-01 8.984000e-03 1.217840e-01
87 8.675480e-01 8.984000e-03 1.234680e-01
88 8.661200e-01 8.904000e-03 1.249760e-01
89 8.645800e-01 8.836000e-03 1.265840e-01
90 8.630080e-01 8.952000e-03 1.280400e-01
91 8.616760e-01 8.648000e-03 1.296760e-01
92 8.601720e-01 8.700000e-03 1.311280e-01
93 8.588800e-01 8.480000e-03 1.326400e-01
94 8.575960e-01 8.172000e-03 1.342320e-01
95 8.563360e-01 7.988000e-03 1.356760e-01
96 8.550960e-01 7.892000e-03 1.370120e-01
97 8.537720e-01 7.892000e-03 1.383360e-01
98 8.526120e-01 7.680000e-03 1.397080e-01
99 8.512760e-01 7.632000e-03 1.410920e-01
100 8.499040e-01 7.664000e-03 1.424320e-01
101 8.485960e-01 7.576000e-03 1.438280e-01
102 8.472920e-01 7.596000e-03 1.451120e-01
103 8.459360e-01 7.624000e-03 1.464400e-01
104 8.446280e-01 7.516000e-03 1.478560e-01
105 8.433520e-01 7.548000e-03 1.491000e-01
106 8.421560e-01 7.400000e-03 1.504440e-01
107 8.409040e-01 7.456000e-03 1.516400e-01
108 8.396080e-01 7.416000e-03 1.529760e-01
109 8.384440e-01 7.204000e-03 1.543520e-01
110 8.372160e-01 7.220000e-03 1.555640e-01
111 8.360040e-01 7.232000e-03 1.567640e-01
112 8.346960e-01 7.288000e-03 1.580160e-01
113 8.334320e-01 7.156000e-03 1.594120e-01
114 8.321520e-01 7.300000e-03 1.605480e-01
115 8.309160e-01 7.188000e-03 1.618960e-01
116 8.296600e-01 7.088000e-03 1.632520e-01
117 8.284120e-01 7.124000e-03 1.644640e-01
118 8.272440e-01 7.012000e-03 1.657440e-01
119 8.260120e-01 7.080000e-03 1.669080e-01
120 8.248040e-01 7.028000e-03 1.681680e-01
121 8.235880e-01 6.984000e-03 1.694280e-01
122 8.222720e-01 7.044000e-03 1.706840e-01
123 8.209280e-01 7.180000e-03 1.718920e-01
124 8.196360e-01 7.236000e-03 1.731280e-01
125 8.183880e-01 7.256000e-03 1.743560e-01
126 8.170520e-01 7.288000e-03 1.756600e-01
127 8.158320e-01 7.332000e-03 1.768360e-01
128 8.146320e-01 7.352000e-03 1.780160e-01
129 8.133880e-01 7.276000e-03 1.793360e-01
130 8.121120e-01 7.148000e-03 1.807400e-01
131 8.109120e-01 7.108000e-03 1.819800e-01
132 8.094720e-01 7.372000e-03 1.831560e-01
133 8.081880e-01 7.320000e-03 1.844920e-01
134 8.068800e-01 7.352000e-03 1.857680e-01
135 8.055680e-01 7.364000e-03 1.870680e-01
136 8.043880e-01 7.192000e-03 1.884200e-01
137 8.030080e-01 7.324000e-03 1.896680e-01
138 8.017240e-01 7.224000e-03 1.910520e-01
139 8.004400e-01 7.320000e-03 1.922400e-01
140 7.990720e-01 7.392000e-03 1.935360e-01
141 7.977920e-01 7.432000e-03 1.947760e-01
142 7.965360e-01 7.424000e-03 1.960400e-01
143 7.952600e-01 7.480000e-03 1.972600e-01
144 7.940360e-01 7.408000e-03 1.985560e-01
145 7.928360e-01 7.288000e-03 1.998760e-01
146 7.915920e-01 7.252000e-03 2.011560e-01
147 7.906080e-01 6.900000e-03 2.024920e-01
148 7.895720e-01 6.692000e-03 2.037360e-01
149 7.886080e-01 6.444000e-03 2.049480e-01
150 7.875400e-01 6.424000e-03 2.060360e-01
151 7.863960e-01 6.408000e-03 2.071960e-01
152 7.852720e-01 6.496000e-03 2.082320e-01
153 7.841200e-01 6.396000e-03 2.094840e-01
154 7.830960e-01 6.372000e-03 2.105320e-01
155 7.820240e-01 6.256000e-03 2.117200e-01
156 7.808720e-01 6.252000e-03 2.128760e-01
157 7.796960e-01 6.412000e-03 2.138920e-01
158 7.784600e-01 6.548000e-03 2.149920e-01
159 7.773760e-01 6.520000e-03 2.161040e-01
160 7.763360e-01 6.432000e-03 2.172320e-01
161 7.753160e-01 6.396000e-03 2.182880e-01
162 7.743760e-01 6.136000e-03 2.194880e-01
163 7.733080e-01 6.260000e-03 2.204320e-01
164 7.723680e-01 6.152000e-03 2.214800e-01
165 7.713680e-01 6.064000e-03 2.225680e-01
166 7.703800e-01 5.988000e-03 2.236320e-01
167 7.694240e-01 6.024000e-03 2.245520e-01
168 7.684800e-01 5.880000e-03 2.256400e-01
169 7.674560e-01 6.028000e-03 2.265160e-01
170 7.664600e-01 5.968000e-03 2.275720e-01
171 7.656000e-01 5.804000e-03 2.285960e-01
172 7.647000e-01 5.672000e-03 2.296280e-01
173 7.638360e-01 5.528000e-03 2.306360e-01
174 7.630520e-01 5.380000e-03 2.315680e-01
175 7.621600e-01 5.376000e-03 2.324640e-01
176 7.613160e-01 5.288000e-03 2.333960e-01
177 7.604880e-01 5.140000e-03 2.343720e-01
178 7.597200e-01 5.008000e-03 2.352720e-01
179 7.590360e-01 4.848000e-03 2.361160e-01
180 7.583160e-01 4.740000e-03 2.369440e-01
181 7.575520e-01 4.624000e-03 2.378240e-01
182 7.568680e-01 4.568000e-03 2.385640e-01
183 7.561440e-01 4.508000e-03 2.393480e-01
184 7.554000e-01 4.460000e-03 2.401400e-01
185 7.546080e-01 4.460000e-03 2.409320e-01
186 7.538520e-01 4.428000e-03 2.417200e-01
187 7.531400e-01 4.352000e-03 2.425080e-01
188 7.523360e-01 4.332000e-03 2.433320e-01
189 7.515600e-01 4.400000e-03 2.440400e-01
190 7.508480e-01 4.360000e-03 2.447920e-01
191 7.501480e-01 4.232000e-03 2.456200e-01
192 7.494720e-01 4.216000e-03 2.463120e-01
193 7.487560e-01 4.288000e-03 2.469560e-01
194 7.480600e-01 4.264000e-03 2.476760e-01
195 7.474000e-01 4.092000e-03 2.485080e-01
196 7.466760e-01 4.088000e-03 2.492360e-01
197 7.460920e-01 4.028000e-03 2.498800e-01
198 7.453920e-01 4.060000e-03 2.505480e-01
199 7.447160e-01 4.016000e-03 2.512680e-01
200 7.440640e-01 3.952000e-03 2.519840e-01
201 7.433680e-01 4.028000e-03 2.526040e-01
202 7.426800e-01 4.048000e-03 2.532720e-01
203 7.420000e-01 4.012000e-03 2.539880e-01
204 7.414200e-01 3.848000e-03 2.547320e-01
205 7.408240e-01 3.812000e-03 2.553640e-01
206 7.402680e-01 3.704000e-03 2.560280e-01
207 7.397440e-01 3.592000e-03 2.566640e-01
208 7.392000e-01 3.476000e-03 2.573240e-01
209 7.386480e-01 3.416000e-03 2.579360e-01
210 7.381200e-01 3.508000e-03 2.583720e-01
211 7.375600e-01 3.536000e-03 2.589040e-01
212 7.370120e-01 3.456000e-03 2.595320e-01
213 7.364480e-01 3.368000e-03 2.601840e-01
214 7.358680e-01 3.440000e-03 2.606920e-01
215 7.352680e-01 3.512000e-03 2.612200e-01
216 7.347080e-01 3.352000e-03 2.619400e-01
217 7.341800e-01 3.224000e-03 2.625960e-01
218 7.335080e-01 3.320000e-03 2.631720e-01
219 7.329240e-01 3.400000e-03 2.636760e-01
220 7.323240e-01 3.392000e-03 2.642840e-01
221 7.318000e-01 3.360000e-03 2.648400e-01
222 7.312280e-01 3.376000e-03 2.653960e-01
223 7.307080e-01 3.276000e-03 2.660160e-01
224 7.301760e-01 3.240000e-03 2.665840e-01
225 7.295120e-01 3.376000e-03 2.671120e-01
226 7.289560e-01 3.328000e-03 2.677160e-01
227 7.284520e-01 3.236000e-03 2.683120e-01
228 7.279040e-01 3.252000e-03 2.688440e-01
229 7.273960e-01 3.228000e-03 2.693760e-01
230 7.268280e-01 3.160000e-03 2.700120e-01
231 7.262920e-01 3.088000e-03 2.706200e-01
232 7.257960e-01 3.056000e-03 2.711480e-01
233 7.251560e-01 3.100000e-03 2.717440e-01
234 7.246280e-01 3.100000e-03 2.722720e-01
235 7.241560e-01 2.984000e-03 2.728600e-01
236 7.236040e-01 2.992000e-03 2.734040e-01
237 7.231320e-01 2.944000e-03 2.739240e-01
238 7.226400e-01 2.968000e-03 2.743920e-01
239 7.221760e-01 2.920000e-03 2.749040e-01
240 7.217360e-01 2.808000e-03 2.754560e-01
241 7.211280e-01 2.964000e-03 2.759080e-01
242 7.205920e-01 3.060000e-03 2.763480e-01
243 7.200440e-01 2.988000e-03 2.769680e-01
244 7.195280e-01 2.936000e-03 2.775360e-01
245 7.189400e-01 3.044000e-03 2.780160e-01
246 7.184040e-01 3.040000e-03 2.785560e-01
247 7.179520e-01 2.992000e-03 2.790560e-01
248 7.173960e-01 3.064000e-03 2.795400e-01
249 7.170040e-01 2.860000e-03 2.801360e-01
250 7.165400e-01 2.852000e-03 2.806080e-01
251 7.161200e-01 2.744000e-03 2.811360e-01
252 7.156560e-01 2.744000e-03 2.816000e-01
253 7.152120e-01 2.636000e-03 2.821520e-01
254 7.148600e-01 2.536000e-03 2.826040e-01
255 7.143920e-01 2.600000e-03 2.830080e-01
256 7.139520e-01 2.612000e-03 2.834360e-01
257 7.134720e-01 2.604000e-03 2.839240e-01
258 7.130880e-01 2.524000e-03 2.843880e-01
259 7.126920e-01 2.456000e-03 2.848520e-01
260 7.122240e-01 2.536000e-03 2.852400e-01
261 7.118240e-01 2.512000e-03 2.856640e-01
262 7.113680e-01 2.492000e-03 2.861400e-01
263 7.110000e-01 2.484000e-03 2.865160e-01
264 7.105920e-01 2.420000e-03 2.869880e-01
265 7.102280e-01 2.356000e-03 2.874160e-01
266 7.098960e-01 2.296000e-03 2.878080e-01
267 7.095200e-01 2.292000e-03 2.881880e-01
268 7.091440e-01 2.288000e-03 2.885680e-01
269 7.087200e-01 2.284000e-03 2.889960e-01
270 7.083080e-01 2.264000e-03 2.894280e-01
271 7.079520e-01 2.228000e-03 2.898200e-01
272 7.075800e-01 2.152000e-03 2.902680e-01
273 7.071360e-01 2.260000e-03 2.906040e-01
274 7.067160e-01 2.320000e-03 2.909640e-01
275 7.063240e-01 2.348000e-03 2.913280e-01
276 7.059120e-01 2.296000e-03 2.917920e-01
277 7.054400e-01 2.352000e-03 2.922080e-01
278 7.051000e-01 2.300000e-03 2.926000e-01
279 7.046200e-01 2.380000e-03 2.930000e-01
280 7.041400e-01 2.436000e-03 2.934240e-01
281 7.035840e-01 2.520000e-03 2.938960e-01
282 7.030920e-01 2.568000e-03 2.943400e-01
283 7.026760e-01 2.492000e-03 2.948320e-01
284 7.023280e-01 2.424000e-03 2.952480e-01
285 7.019480e-01 2.348000e-03 2.957040e-01
286 7.015800e-01 2.252000e-03 2.961680e-01
287 7.011600e-01 2.188000e-03 2.966520e-01
288 7.007640e-01 2.248000e-03 2.969880e-01
289 7.003680e-01 2.288000e-03 2.973440e-01
290 7.000240e-01 2.180000e-03 2.977960e-01
291 6.995880e-01 2.220000e-03 2.981920e-01
292 6.992160e-01 2.156000e-03 2.986280e-01
293 6.988520e-01 2.108000e-03 2.990400e-01
294 6.985240e-01 2.032000e-03 2.994440e-01
295 6.981560e-01 2.076000e-03 2.997680e-01
296 6.977920e-01 1.996000e-03 3.002120e-01
297 6.973640e-01 2.104000e-03 3.005320e-01
298 6.970000e-01 2.120000e-03 3.008800e-01
299 6.966040e-01 2.072000e-03 3.013240e-01
300 6.962040e-01 2.148000e-03 3.016480e-01
301 6.958520e-01 2.184000e-03 3.019640e-01
302 6.954800e-01 2.196000e-03 3.023240e-01
303 6.950840e-01 2.176000e-03 3.027400e-01
304 6.947600e-01 2.096000e-03 3.031440e-01
305 6.944040e-01 2.128000e-03 3.034680e-01
306 6.941080e-01 2.108000e-03 3.037840e-01
307 6.937760e-01 1.980000e-03 3.042440e-01
308 6.935000e-01 1.916000e-03 3.045840e-01
309 6.932240e-01 1.884000e-03 3.048920e-01
310 6.929160e-01 1.856000e-03 3.052280e-01
311 6.926280e-01 1.828000e-03 3.055440e-01
312 6.923320e-01 1.812000e-03 3.058560e-01
313 6.920080e-01 1.876000e-03 3.061160e-01
314 6.916240e-01 1.964000e-03 3.064120e-01
315 6.912640e-01 1.980000e-03 3.067560e-01
316 6.908680e-01 1.980000e-03 3.071520e-01
317 6.905880e-01 1.900000e-03 3.075120e-01
318 6.902480e-01 1.936000e-03 3.078160e-01
319 6.898480e-01 2.012000e-03 3.081400e-01
320 6.895000e-01 2.016000e-03 3.084840e-01
321 6.892080e-01 2.008000e-03 3.087840e-01
322 6.888320e-01 1.980000e-03 3.091880e-01
323 6.885160e-01 1.956000e-03 3.095280e-01
324 6.881640e-01 2.036000e-03 3.098000e-01
325 6.877600e-01 2.016000e-03 3.102240e-01
326 6.874400e-01 1.980000e-03 3.105800e-01
327 6.871120e-01 1.980000e-03 3.109080e-01
328 6.867040e-01 2.036000e-03 3.112600e-01
329 6.863360e-01 2.084000e-03 3.115800e-01
330 6.859000e-01 2.160000e-03 3.119400e-01
331 6.854400e-01 2.232000e-03 3.123280e-01
332 6.850000e-01 2.256000e-03 3.127440e-01
333 6.846040e-01 2.244000e-03 3.131520e-01
334 6.842480e-01 2.236000e-03 3.135160e-01
335 6.838880e-01 2.144000e-03 3.139680e-01
336 6.834440e-01 2.232000e-03 3.143240e-01
337 6.830280e-01 2.200000e-03 3.147720e-01
338 6.826320e-01 2.220000e-03 3.151480e-01
339 6.821440e-01 2.352000e-03 3.155040e-01
340 6.817000e-01 2.396000e-03 3.159040e-01
341 6.813080e-01 2.332000e-03 3.163600e-01
342 6.809600e-01 2.240000e-03 3.168000e-01
343 6.806040e-01 2.192000e-03 3.172040e-01
344 6.802480e-01 2.168000e-03 3.175840e-01
345 6.799080e-01 2.128000e-03 3.179640e-01
346 6.795520e-01 2.132000e-03 3.183160e-01
347 6.791920e-01 2.064000e-03 3.187440e-01
348 6.788920e-01 2.028000e-03 3.190800e-01
349 6.785640e-01 2.008000e-03 3.194280e-01
350 6.782560e-01 1.956000e-03 3.197880e-01
351 6.779600e-01 1.876000e-03 3.201640e-01
352 6.776200e-01 1.908000e-03 3.204720e-01
353 6.773280e-01 1.904000e-03 3.207680e-01
354 6.770120e-01 1.852000e-03 3.211360e-01
355 6.767200e-01 1.856000e-03 3.214240e-01
356 6.764520e-01 1.784000e-03 3.217640e-01
357 6.761640e-01 1.788000e-03 3.220480e-01
358 6.757800e-01 1.864000e-03 3.223560e-01
359 6.754440e-01 1.916000e-03 3.226400e-01
360 6.751080e-01 1.864000e-03 3.230280e-01
361 6.747280e-01 1.868000e-03 3.234040e-01
362 6.744360e-01 1.888000e-03 3.236760e-01
363 6.741320e-01 1.860000e-03 3.240080e-01
364 6.738080e-01 1.832000e-03 3.243600e-01
365 6.734920e-01 1.872000e-03 3.246360e-01
366 6.731640e-01 1.900000e-03 3.249360e-01
367 6.728160e-01 1.908000e-03 3.252760e-01
368 6.725200e-01 1.928000e-03 3.255520e-01
369 6.722400e-01 1.784000e-03 3.259760e-01
370 6.718400e-01 1.828000e-03 3.263320e-01
371 6.714720e-01 1.924000e-03 3.266040e-01
372 6.711120e-01 1.956000e-03 3.269320e-01
373 6.707880e-01 1.820000e-03 3.273920e-01
374 6.704640e-01 1.824000e-03 3.277120e-01
375 6.700480e-01 1.968000e-03 3.279840e-01
376 6.696200e-01 2.036000e-03 3.283440e-01
377 6.693040e-01 1.888000e-03 3.288080e-01
378 6.689800e-01 1.920000e-03 3.291000e-01
379 6.685880e-01 2.020000e-03 3.293920e-01
380 6.681840e-01 2.072000e-03 3.297440e-01
381 6.678640e-01 1.964000e-03 3.301720e-01
382 6.675280e-01 1.944000e-03 3.305280e-01
383 6.672160e-01 1.876000e-03 3.309080e-01
384 6.667880e-01 1.972000e-03 3.312400e-01
385 6.663800e-01 2.020000e-03 3.316000e-01
386 6.659960e-01 1.996000e-03 3.320080e-01
387 6.656400e-01 1.956000e-03 3.324040e-01
388 6.653520e-01 1.908000e-03 3.327400e-01
389 6.650480e-01 1.896000e-03 3.330560e-01
390 6.646800e-01 1.940000e-03 3.333800e-01
391 6.643440e-01 1.944000e-03 3.337120e-01
392 6.639880e-01 1.904000e-03 3.341080e-01
393 6.637640e-01 1.796000e-03 3.344400e-01
394 6.634560e-01 1.764000e-03 3.347800e-01
395 6.631440e-01 1.788000e-03 3.350680e-01
396 6.628240e-01 1.772000e-03 3.354040e-01
397 6.623960e-01 1.880000e-03 3.357240e-01
398 6.620040e-01 1.924000e-03 3.360720e-01
399 6.617280e-01 1.912000e-03 3.363600e-01
400 6.613680e-01 1.924000e-03 3.367080e-01
401 6.610440e-01 1.888000e-03 3.370680e-01
402 6.606960e-01 1.832000e-03 3.374720e-01
403 6.604160e-01 1.772000e-03 3.378120e-01
404 6.601640e-01 1.700000e-03 3.381360e-01
405 6.598720e-01 1.740000e-03 3.383880e-01
406 6.596000e-01 1.732000e-03 3.386680e-01
407 6.593360e-01 1.704000e-03 3.389600e-01
408 6.591040e-01 1.692000e-03 3.392040e-01
409 6.588920e-01 1.620000e-03 3.394880e-01
410 6.586280e-01 1.580000e-03 3.397920e-01
411 6.583720e-01 1.596000e-03 3.400320e-01
412 6.581640e-01 1.536000e-03 3.403000e-01
413 6.579200e-01 1.580000e-03 3.405000e-01
414 6.576760e-01 1.604000e-03 3.407200e-01
415 6.573320e-01 1.664000e-03 3.410040e-01
416 6.570600e-01 1.684000e-03 3.412560e-01
417 6.568200e-01 1.652000e-03 3.415280e-01
418 6.565600e-01 1.636000e-03 3.418040e-01
419 6.562600e-01 1.596000e-03 3.421440e-01
420 6.559560e-01 1.576000e-03 3.424680e-01
421 6.557200e-01 1.532000e-03 3.427480e-01
422 6.554800e-01 1.488000e-03 3.430320e-01
423 6.551800e-01 1.540000e-03 3.432800e-01
424 6.549760e-01 1.480000e-03 3.435440e-01
425 6.547600e-01 1.448000e-03 3.437920e-01
426 6.544840e-01 1.516000e-03 3.440000e-01
427 6.542040e-01 1.544000e-03 3.442520e-01
428 6.539600e-01 1.532000e-03 3.445080e-01
429 6.537080e-01 1.528000e-03 3.447640e-01
430 6.534800e-01 1.496000e-03 3.450240e-01
431 6.532200e-01 1.496000e-03 3.452840e-01
432 6.530360e-01 1.428000e-03 3.455360e-01
433 6.528440e-01 1.440000e-03 3.457160e-01
434 6.526400e-01 1.424000e-03 3.459360e-01
435 6.524160e-01 1.392000e-03 3.461920e-01
436 6.522040e-01 1.388000e-03 3.464080e-01
437 6.519280e-01 1.416000e-03 3.466560e-01
438 6.517080e-01 1.396000e-03 3.468960e-01
439 6.514720e-01 1.380000e-03 3.471480e-01
440 6.512560e-01 1.352000e-03 3.473920e-01
441 6.509040e-01 1.508000e-03 3.475880e-01
442 6.506480e-01 1.508000e-03 3.478440e-01
443 6.504280e-01 1.408000e-03 3.481640e-01
444 6.502200e-01 1.356000e-03 3.484240e-01
445 6.500600e-01 1.252000e-03 3.486880e-01
446 6.499000e-01 1.176000e-03 3.489240e-01
447 6.496960e-01 1.164000e-03 3.491400e-01
448 6.495440e-01 1.136000e-03 3.493200e-01
449 6.493760e-01 1.104000e-03 3.495200e-01
450 6.492320e-01 1.096000e-03 3.496720e-01
451 6.491000e-01 1.032000e-03 3.498680e-01
452 6.489960e-01 9.400000e-04 3.500640e-01
453 6.488800e-01 8.680000e-04 3.502520e-01
454 6.487560e-01 8.520000e-04 3.503920e-01
455 6.486480e-01 8.200000e-04 3.505320e-01
456 6.484920e-01 8.200000e-04 3.506880e-01
457 6.483600e-01 8.000000e-04 3.508400e-01
458 6.482200e-01 8.160000e-04 3.509640e-01
459 6.480440e-01 8.600000e-04 3.510960e-01
460 6.478920e-01 8.360000e-04 3.512720e-01
461 6.477800e-01 7.800000e-04 3.514400e-01
462 6.477080e-01 7.080000e-04 3.515840e-01
463 6.475680e-01 6.800000e-04 3.517520e-01
464 6.473960e-01 7.160000e-04 3.518880e-01
465 6.472520e-01 7.480000e-04 3.520000e-01
466 6.470880e-01 7.560000e-04 3.521560e-01
467 6.469880e-01 7.400000e-04 3.522720e-01
468 6.468400e-01 7.560000e-04 3.524040e-01
469 6.467040e-01 7.760000e-04 3.525200e-01
470 6.466320e-01 6.960000e-04 3.526720e-01
471 6.465080e-01 7.280000e-04 3.527640e-01
472 6.464240e-01 6.640000e-04 3.529120e-01
473 6.463400e-01 6.360000e-04 3.530240e-01
474 6.462080e-01 6.400000e-04 3.531520e-01
475 6.461000e-01 6.200000e-04 3.532800e-01
476 6.460320e-01 5.760000e-04 3.533920e-01
477 6.459360e-01 5.840000e-04 3.534800e-01
478 6.458160e-01 6.080000e-04 3.535760e-01
479 6.457200e-01 5.880000e-04 3.536920e-01
480 6.456000e-01 5.840000e-04 3.538160e-01
481 6.455000e-01 5.720000e-04 3.539280e-01
482 6.454160e-01 5.680000e-04 3.540160e-01
483 6.453120e-01 5.840000e-04 3.541040e-01
484 6.452280e-01 5.680000e-04 3.542040e-01
485 6.451480e-01 5.920000e-04 3.542600e-01
486 6.450480e-01 6.120000e-04 3.543400e-01
487 6.450040e-01 5.520000e-04 3.544440e-01
488 6.449160e-01 5.280000e-04 3.545560e-01
489 6.448520e-01 4.880000e-04 3.546600e-01
490 6.447760e-01 5.000000e-04 3.547240e-01
491 6.446920e-01 5.080000e-04 3.548000e-01
492 6.446160e-01 4.920000e-04 3.548920e-01
493 6.445640e-01 4.680000e-04 3.549680e-01
494 6.445000e-01 4.440000e-04 3.550560e-01
495 6.444000e-01 4.280000e-04 3.551720e-01
496 6.443160e-01 4.480000e-04 3.552360e-01
497 6.442280e-01 4.360000e-04 3.553360e-01
498 6.441840e-01 4.040000e-04 3.554120e-01
499 6.441160e-01 4.080000e-04 3.554760e-01
500 6.440480e-01 4.360000e-04 3.555160e-01
