1 9.992240e-01 7.160000e-04 6.000000e-05
2 9.986640e-01 1.104000e-03 2.320000e-04
3 9.980040e-01 1.516000e-03 4.800000e-04
4 9.972560e-01 1.936000e-03 8.080000e-04
5 9.964840e-01 2.316000e-03 1.200000e-03
6 9.956680e-01 2.692000e-03 1.640000e-03
7 9.947200e-01 3.120000e-03 2.160000e-03
8 9.936240e-01 3.588000e-03 2.788000e-03
9 9.926720e-01 3.896000e-03 3.432000e-03
10 9.913480e-01 4.472000e-03 4.180000e-03
11 9.902280e-01 4.852000e-03 4.920000e-03
12 9.891680e-01 5.024000e-03 5.808000e-03
13 9.878400e-01 5.420000e-03 6.740000e-03
14 9.865680e-01 5.748000e-03 7.684000e-03
15 9.852720e-01 6.044000e-03 8.684000e-03
16 9.838880e-01 6.412000e-03 9.700000e-03
17 9.824760e-01 6.652000e-03 1.087200e-02
18 9.811600e-01 6.756000e-03 1.208400e-02
19 9.798960e-01 6.924000e-03 1.318000e-02
20 9.786040e-01 7.000000e-03 1.439600e-02
21 9.773200e-01 7.016000e-03 1.566400e-02
22 9.759400e-01 7.172000e-03 1.688800e-02
23 9.745200e-01 7.276000e-03 1.820400e-02
24 9.732560e-01 7.300000e-03 1.944400e-02
25 9.719240e-01 7.276000e-03 2.080000e-02
26 9.705360e-01 7.412000e-03 2.205200e-02
27 9.691600e-01 7.480000e-03 2.336000e-02
28 9.675640e-01 7.752000e-03 2.468400e-02
29 9.660960e-01 7.808000e-03 2.609600e-02
30 9.646040e-01 7.872000e-03 2.752400e-02
31 9.632400e-01 7.844000e-03 2.891600e-02
32 9.617040e-01 7.980000e-03 3.031600e-02
33 9.603200e-01 7.976000e-03 3.170400e-02
34 9.588720e-01 8.068000e-03 3.306000e-02
35 9.573560e-01 8.208000e-03 3.443600e-02
36 9.560600e-01 8.056000e-03 3.588400e-02
37 9.545560e-01 8.204000e-03 3.724000e-02
38 9.530320e-01 8.268000e-03 3.870000e-02
39 9.514440e-01 8.476000e-03 4.008000e-02
40 9.497720e-01 8.628000e-03 4.160000e-02
41 9.482240e-01 8.788000e-03 4.298800e-02
42 9.466280e-01 8.952000e-03 4.442000e-02
43 9.450560e-01 8.908000e-03 4.603600e-02
44 9.434320e-01 9.040000e-03 4.752800e-02
45 9.416920e-01 9.080000e-03 4.922800e-02
46 9.400320e-01 9.132000e-03 5.083600e-02
47 9.383680e-01 9.172000e-03 5.246000e-02
48 9.365200e-01 9.380000e-03 5.410000e-02
49 9.349160e-01 9.464000e-03 5.562000e-02
50 9.332080e-01 9.448000e-03 5.734400e-02
51 9.315360e-01 9.480000e-03 5.898400e-02
52 9.298960e-01 9.468000e-03 6.063600e-02
53 9.281440e-01 9.492000e-03 6.236400e-02
54 9.264840e-01 9.476000e-03 6.404000e-02
55 9.247480e-01 9.584000e-03 6.566800e-02
56 9.230040e-01 9.624000e-03 6.737200e-02
57 9.211520e-01 9.772000e-03 6.907600e-02
58 9.193320e-01 9.844000e-03 7.082400e-02
59 9.173160e-01 9.996000e-03 7.268800e-02
60 9.156280e-01 9.824000e-03 7.454800e-02
61 9.140080e-01 9.720000e-03 7.627200e-02
62 9.124600e-01 9.584000e-03 7.795600e-02
63 9.109520e-01 9.464000e-03 7.958400e-02
64 9.092560e-01 9.524000e-03 8.122000e-02
65 9.077440e-01 9.384000e-03 8.287200e-02
66 9.059760e-01 9.420000e-03 8.460400e-02
67 9.043720e-01 9.300000e-03 8.632800e-02
68 9.027640e-01 9.116000e-03 8.812000e-02
69 9.010280e-01 9.284000e-03 8.968800e-02
70 8.992440e-01 9.380000e-03 9.137600e-02
71 8.975120e-01 9.220000e-03 9.326800e-02
72 8.958760e-01 9.156000e-03 9.496800e-02
73 8.945040e-01 9.048000e-03 9.644800e-02
74 8.929080e-01 9.160000e-03 9.793200e-02
75 8.913720e-01 9.144000e-03 9.948400e-02
76 8.897200e-01 9.216000e-03 1.010640e-01
77 8.880800e-01 9.272000e-03 1.026480e-01
78 8.865400e-01 9.160000e-03 1.043000e-01
79 8.849960e-01 9.172000e-03 1.058320e-01
80 8.833240e-01 9.056000e-03 1.076200e-01
81 8.819480e-01 8.932000e-03 1.091200e-01
82 8.804720e-01 8.796000e-03 1.107320e-01
83 8.788880e-01 8.780000e-03 1.123320e-01
84 8.772400e-01 8.828000e-03 1.139320e-01
85 8.756520e-01 8.908000e-03 1.154400e-01
86 8.740080e-01 9.008000e-03 1.169840e-01
87 8.724760e-01 8.984000e-03 1.185400e-01
88 8.709760e-01 8.840000e-03 1.201840e-01
89 8.695400e-01 8.604000e-03 1.218560e-01
90 8.679840e-01 8.688000e-03 1.233280e-01
91 8.664400e-01 8.744000e-03 1.248160e-01
92 8.649960e-01 8.496000e-03 1.265080e-01
93 8.635080e-01 8.544000e-03 1.279480e-01
94 8.620040e-01 8.488000e-03 1.295080e-01
95 8.605320e-01 8.436000e-03 1.310320e-01
96 8.591280e-01 8.380000e-03 1.324920e-01
97 8.579200e-01 8.020000e-03 1.340600e-01
98 8.566280e-01 7.952000e-03 1.354200e-01
99 8.552840e-01 7.748000e-03 1.369680e-01
100 8.539560e-01 7.636000e-03 1.384080e-01
101 8.527800e-01 7.440000e-03 1.397800e-01
102 8.515280e-01 7.504000e-03 1.409680e-01
103 8.502560e-01 7.416000e-03 1.423280e-01
104 8.489720e-01 7.516000e-03 1.435120e-01
105 8.476520e-01 7.560000e-03 1.447880e-01
106 8.464480e-01 7.444000e-03 1.461080e-01
107 8.450640e-01 7.532000e-03 1.474040e-01
108 8.437480e-01 7.452000e-03 1.488000e-01
109 8.425440e-01 7.356000e-03 1.501000e-01
110 8.411680e-01 7.544000e-03 1.512880e-01
111 8.398320e-01 7.648000e-03 1.525200e-01
112 8.384880e-01 7.652000e-03 1.538600e-01
113 8.371840e-01 7.536000e-03 1.552800e-01
114 8.358200e-01 7.652000e-03 1.565280e-01
115 8.343680e-01 7.760000e-03 1.578720e-01
116 8.330640e-01 7.752000e-03 1.591840e-01
117 8.316680e-01 7.780000e-03 1.605520e-01
118 8.304200e-01 7.680000e-03 1.619000e-01
119 8.291680e-01 7.588000e-03 1.632440e-01
120 8.277960e-01 7.728000e-03 1.644760e-01
121 8.265080e-01 7.740000e-03 1.657520e-01
122 8.251080e-01 7.832000e-03 1.670600e-01
123 8.237720e-01 7.824000e-03 1.684040e-01
124 8.226760e-01 7.512000e-03 1.698120e-01
125 8.213520e-01 7.476000e-03 1.711720e-01
126 8.201160e-01 7.416000e-03 1.724680e-01
127 8.188400e-01 7.248000e-03 1.739120e-01
128 8.176480e-01 7.128000e-03 1.752240e-01
129 8.163600e-01 7.088000e-03 1.765520e-01
130 8.151000e-01 7.140000e-03 1.777600e-01
131 8.137400e-01 7.336000e-03 1.789240e-01
132 8.124040e-01 7.416000e-03 1.801800e-01
133 8.110240e-01 7.576000e-03 1.814000e-01
134 8.096880e-01 7.596000e-03 1.827160e-01
135 8.081640e-01 7.804000e-03 1.840320e-01
136 8.068960e-01 7.620000e-03 1.854840e-01
137 8.053920e-01 7.768000e-03 1.868400e-01
138 8.041000e-01 7.680000e-03 1.882200e-01
139 8.027960e-01 7.672000e-03 1.895320e-01
140 8.014600e-01 7.572000e-03 1.909680e-01
141 8.003040e-01 7.540000e-03 1.921560e-01
142 7.991160e-01 7.336000e-03 1.935480e-01
143 7.978040e-01 7.392000e-03 1.948040e-01
144 7.963600e-01 7.564000e-03 1.960760e-01
145 7.948160e-01 7.760000e-03 1.974240e-01
146 7.933200e-01 7.940000e-03 1.987400e-01
147 7.918560e-01 8.020000e-03 2.001240e-01
148 7.904320e-01 8.060000e-03 2.015080e-01
149 7.889120e-01 7.992000e-03 2.030960e-01
150 7.873360e-01 8.188000e-03 2.044760e-01
151 7.859520e-01 8.204000e-03 2.058440e-01
152 7.845760e-01 8.132000e-03 2.072920e-01
153 7.830960e-01 8.300000e-03 2.086040e-01
154 7.817080e-01 8.268000e-03 2.100240e-01
155 7.802440e-01 8.336000e-03 2.114200e-01
156 7.788640e-01 8.388000e-03 2.127480e-01
157 7.774440e-01 8.252000e-03 2.143040e-01
158 7.758480e-01 8.288000e-03 2.158640e-01
159 7.743480e-01 8.200000e-03 2.174520e-01
160 7.728400e-01 8.244000e-03 2.189160e-01
161 7.713400e-01 8.388000e-03 2.202720e-01
162 7.697200e-01 8.680000e-03 2.216000e-01
163 7.681360e-01 8.772000e-03 2.230920e-01
164 7.665920e-01 8.828000e-03 2.245800e-01
165 7.651320e-01 8.772000e-03 2.260960e-01
166 7.636640e-01 8.776000e-03 2.275600e-01
167 7.623680e-01 8.620000e-03 2.290120e-01
168 7.609680e-01 8.536000e-03 2.304960e-01
169 7.595800e-01 8.464000e-03 2.319560e-01
170 7.584720e-01 8.008000e-03 2.335200e-01
171 7.573000e-01 7.764000e-03 2.349360e-01
172 7.560560e-01 7.660000e-03 2.362840e-01
173 7.545320e-01 7.836000e-03 2.376320e-01
174 7.531600e-01 7.840000e-03 2.390000e-01
175 7.518000e-01 7.712000e-03 2.404880e-01
176 7.505080e-01 7.600000e-03 2.418920e-01
177 7.490800e-01 7.628000e-03 2.432920e-01
178 7.478760e-01 7.508000e-03 2.446160e-01
179 7.467040e-01 7.332000e-03 2.459640e-01
180 7.455360e-01 7.364000e-03 2.471000e-01
181 7.442760e-01 7.384000e-03 2.483400e-01
182 7.429840e-01 7.412000e-03 2.496040e-01
183 7.418000e-01 7.260000e-03 2.509400e-01
184 7.406480e-01 7.228000e-03 2.521240e-01
185 7.394640e-01 7.124000e-03 2.534120e-01
186 7.382520e-01 7.072000e-03 2.546760e-01
187 7.372920e-01 6.816000e-03 2.558920e-01
188 7.362880e-01 6.680000e-03 2.570320e-01
189 7.352400e-01 6.560000e-03 2.582000e-01
190 7.342080e-01 6.472000e-03 2.593200e-01
191 7.331400e-01 6.408000e-03 2.604520e-01
192 7.320480e-01 6.424000e-03 2.615280e-01
193 7.308600e-01 6.468000e-03 2.626720e-01
194 7.297880e-01 6.400000e-03 2.638120e-01
195 7.286760e-01 6.416000e-03 2.649080e-01
196 7.275960e-01 6.356000e-03 2.660480e-01
197 7.265080e-01 6.372000e-03 2.671200e-01
198 7.253960e-01 6.384000e-03 2.682200e-01
199 7.243880e-01 6.300000e-03 2.693120e-01
200 7.233800e-01 6.360000e-03 2.702600e-01
201 7.222400e-01 6.484000e-03 2.712760e-01
202 7.211440e-01 6.468000e-03 2.723880e-01
203 7.200000e-01 6.540000e-03 2.734600e-01
204 7.189680e-01 6.384000e-03 2.746480e-01
205 7.180440e-01 6.212000e-03 2.757440e-01
206 7.170280e-01 6.084000e-03 2.768880e-01
207 7.159480e-01 6.088000e-03 2.779640e-01
208 7.150080e-01 6.008000e-03 2.789840e-01
209 7.140080e-01 5.944000e-03 2.800480e-01
210 7.130400e-01 5.904000e-03 2.810560e-01
211 7.121000e-01 5.832000e-03 2.820680e-01
212 7.111360e-01 5.672000e-03 2.831920e-01
213 7.100480e-01 5.772000e-03 2.841800e-01
214 7.091200e-01 5.640000e-03 2.852400e-01
215 7.081680e-01 5.440000e-03 2.863920e-01
216 7.071920e-01 5.500000e-03 2.873080e-01
217 7.063240e-01 5.436000e-03 2.882400e-01
218 7.054040e-01 5.476000e-03 2.891200e-01
219 7.044480e-01 5.448000e-03 2.901040e-01
220 7.036600e-01 5.284000e-03 2.910560e-01
221 7.027880e-01 5.248000e-03 2.919640e-01
222 7.019800e-01 5.116000e-03 2.929040e-01
223 7.010640e-01 5.144000e-03 2.937920e-01
224 7.002000e-01 5.112000e-03 2.946880e-01
225 6.992240e-01 5.240000e-03 2.955360e-01
226 6.984840e-01 5.072000e-03 2.964440e-01
227 6.977040e-01 4.888000e-03 2.974080e-01
228 6.968880e-01 4.912000e-03 2.982000e-01
229 6.960960e-01 4.868000e-03 2.990360e-01
230 6.952720e-01 4.864000e-03 2.998640e-01
231 6.943920e-01 4.828000e-03 3.007800e-01
232 6.935760e-01 4.848000e-03 3.015760e-01
233 6.926720e-01 4.932000e-03 3.023960e-01
234 6.918840e-01 4.848000e-03 3.032680e-01
235 6.911240e-01 4.832000e-03 3.040440e-01
236 6.902840e-01 4.824000e-03 3.048920e-01
237 6.894160e-01 4.808000e-03 3.057760e-01
238 6.886760e-01 4.788000e-03 3.065360e-01
239 6.879000e-01 4.748000e-03 3.073520e-01
240 6.871280e-01 4.676000e-03 3.081960e-01
241 6.863960e-01 4.652000e-03 3.089520e-01
242 6.856000e-01 4.652000e-03 3.097480e-01
243 6.848080e-01 4.660000e-03 3.105320e-01
244 6.841280e-01 4.568000e-03 3.113040e-01
245 6.834480e-01 4.416000e-03 3.121360e-01
246 6.826520e-01 4.460000e-03 3.128880e-01
247 6.818480e-01 4.564000e-03 3.135880e-01
248 6.810120e-01 4.676000e-03 3.143120e-01
249 6.801920e-01 4.668000e-03 3.151400e-01
250 6.793880e-01 4.660000e-03 3.159520e-01
251 6.785840e-01 4.640000e-03 3.167760e-01
252 6.777880e-01 4.692000e-03 3.175200e-01
253 6.769280e-01 4.668000e-03 3.184040e-01
254 6.761600e-01 4.588000e-03 3.192520e-01
255 6.755080e-01 4.424000e-03 3.200680e-01
256 6.747720e-01 4.272000e-03 3.209560e-01
257 6.741200e-01 4.136000e-03 3.217440e-01
258 6.735040e-01 4.036000e-03 3.224600e-01
259 6.729200e-01 4.004000e-03 3.230760e-01
260 6.722600e-01 4.056000e-03 3.236840e-01
261 6.715920e-01 4.060000e-03 3.243480e-01
262 6.709160e-01 4.020000e-03 3.250640e-01
263 6.701920e-01 4.012000e-03 3.257960e-01
264 6.695320e-01 4.016000e-03 3.264520e-01
265 6.688480e-01 4.008000e-03 3.271440e-01
266 6.682360e-01 3.972000e-03 3.277920e-01
267 6.675520e-01 4.032000e-03 3.284160e-01
268 6.670160e-01 3.892000e-03 3.290920e-01
269 6.664680e-01 3.784000e-03 3.297480e-01
270 6.659440e-01 3.668000e-03 3.303880e-01
271 6.654240e-01 3.572000e-03 3.310040e-01
272 6.648360e-01 3.528000e-03 3.316360e-01
273 6.642080e-01 3.580000e-03 3.322120e-01
274 6.635520e-01 3.620000e-03 3.328280e-01
275 6.630040e-01 3.548000e-03 3.334480e-01
276 6.624120e-01 3.560000e-03 3.340280e-01
277 6.618840e-01 3.508000e-03 3.346080e-01
278 6.612960e-01 3.528000e-03 3.351760e-01
279 6.608400e-01 3.372000e-03 3.357880e-01
280 6.603200e-01 3.316000e-03 3.363640e-01
281 6.597480e-01 3.332000e-03 3.369200e-01
282 6.592040e-01 3.260000e-03 3.375360e-01
283 6.586800e-01 3.328000e-03 3.379920e-01
284 6.581400e-01 3.324000e-03 3.385360e-01
285 6.575360e-01 3.296000e-03 3.391680e-01
286 6.569400e-01 3.308000e-03 3.397520e-01
287 6.562520e-01 3.464000e-03 3.402840e-01
288 6.556800e-01 3.464000e-03 3.408560e-01
289 6.550320e-01 3.492000e-03 3.414760e-01
290 6.545400e-01 3.396000e-03 3.420640e-01
291 6.539040e-01 3.464000e-03 3.426320e-01
292 6.533120e-01 3.456000e-03 3.432320e-01
293 6.526520e-01 3.492000e-03 3.438560e-01
294 6.520400e-01 3.440000e-03 3.445200e-01
295 6.514640e-01 3.368000e-03 3.451680e-01
296 6.508800e-01 3.352000e-03 3.457680e-01
297 6.504120e-01 3.240000e-03 3.463480e-01
298 6.499480e-01 3.204000e-03 3.468480e-01
299 6.494040e-01 3.180000e-03 3.474160e-01
300 6.489880e-01 2.964000e-03 3.480480e-01
301 6.485280e-01 2.856000e-03 3.486160e-01
302 6.481840e-01 2.704000e-03 3.491120e-01
303 6.478080e-01 2.644000e-03 3.495480e-01
304 6.474360e-01 2.556000e-03 3.500080e-01
305 6.471280e-01 2.340000e-03 3.505320e-01
306 6.468360e-01 2.200000e-03 3.509640e-01
307 6.464440e-01 2.228000e-03 3.513280e-01
308 6.460640e-01 2.240000e-03 3.516960e-01
309 6.457400e-01 2.144000e-03 3.521160e-01
310 6.453920e-01 2.168000e-03 3.524400e-01
311 6.450040e-01 2.204000e-03 3.527920e-01
312 6.446840e-01 2.140000e-03 3.531760e-01
313 6.443480e-01 2.120000e-03 3.535320e-01
314 6.439960e-01 2.096000e-03 3.539080e-01
315 6.437080e-01 2.032000e-03 3.542600e-01
316 6.433880e-01 1.992000e-03 3.546200e-01
317 6.430560e-01 1.980000e-03 3.549640e-01
318 6.427600e-01 1.920000e-03 3.553200e-01
319 6.425040e-01 1.888000e-03 3.556080e-01
320 6.421960e-01 1.880000e-03 3.559240e-01
321 6.418840e-01 1.844000e-03 3.562720e-01
322 6.415440e-01 1.916000e-03 3.565400e-01
323 6.412000e-01 1.900000e-03 3.569000e-01
324 6.407920e-01 1.988000e-03 3.572200e-01
325 6.405200e-01 1.940000e-03 3.575400e-01
326 6.401800e-01 1.912000e-03 3.579080e-01
327 6.398600e-01 1.908000e-03 3.582320e-01
328 6.395360e-01 1.900000e-03 3.585640e-01
329 6.392280e-01 1.844000e-03 3.589280e-01
330 6.389200e-01 1.844000e-03 3.592360e-01
331 6.386120e-01 1.796000e-03 3.595920e-01
332 6.383560e-01 1.756000e-03 3.598880e-01
333 6.380560e-01 1.756000e-03 3.601880e-01
334 6.376920e-01 1.820000e-03 3.604880e-01
335 6.373120e-01 1.792000e-03 3.608960e-01
336 6.369680e-01 1.824000e-03 3.612080e-01
337 6.367040e-01 1.780000e-03 3.615160e-01
338 6.364520e-01 1.732000e-03 3.618160e-01
339 6.361640e-01 1.720000e-03 3.621160e-01
340 6.358920e-01 1.720000e-03 3.623880e-01
341 6.356520e-01 1.684000e-03 3.626640e-01
342 6.353840e-01 1.700000e-03 3.629160e-01
343 6.350800e-01 1.652000e-03 3.632680e-01
344 6.347800e-01 1.712000e-03 3.635080e-01
345 6.345280e-01 1.664000e-03 3.638080e-01
346 6.343160e-01 1.564000e-03 3.641200e-01
347 6.340760e-01 1.532000e-03 3.643920e-01
348 6.337680e-01 1.556000e-03 3.646760e-01
349 6.334800e-01 1.640000e-03 3.648800e-01
350 6.331960e-01 1.632000e-03 3.651720e-01
351 6.329120e-01 1.584000e-03 3.655040e-01
352 6.326800e-01 1.580000e-03 3.657400e-01
353 6.323880e-01 1.632000e-03 3.659800e-01
354 6.321400e-01 1.640000e-03 3.662200e-01
355 6.318760e-01 1.588000e-03 3.665360e-01
356 6.315920e-01 1.544000e-03 3.668640e-01
357 6.313520e-01 1.556000e-03 3.670920e-01
358 6.310720e-01 1.532000e-03 3.673960e-01
359 6.307720e-01 1.568000e-03 3.676600e-01
360 6.304360e-01 1.640000e-03 3.679240e-01
361 6.301160e-01 1.656000e-03 3.682280e-01
362 6.298000e-01 1.700000e-03 3.685000e-01
363 6.295440e-01 1.644000e-03 3.688120e-01
364 6.293120e-01 1.588000e-03 3.691000e-01
365 6.290440e-01 1.560000e-03 3.693960e-01
366 6.287440e-01 1.604000e-03 3.696520e-01
367 6.284480e-01 1.624000e-03 3.699280e-01
368 6.281400e-01 1.656000e-03 3.702040e-01
369 6.278440e-01 1.640000e-03 3.705160e-01
370 6.275360e-01 1.656000e-03 3.708080e-01
371 6.272480e-01 1.672000e-03 3.710800e-01
372 6.269920e-01 1.584000e-03 3.714240e-01
373 6.266320e-01 1.664000e-03 3.717040e-01
374 6.263480e-01 1.660000e-03 3.719920e-01
375 6.261040e-01 1.624000e-03 3.722720e-01
376 6.258320e-01 1.656000e-03 3.725120e-01
377 6.255600e-01 1.656000e-03 3.727840e-01
378 6.253480e-01 1.616000e-03 3.730360e-01
379 6.251080e-01 1.588000e-03 3.733040e-01
380 6.248520e-01 1.544000e-03 3.736040e-01
381 6.245560e-01 1.556000e-03 3.738880e-01
382 6.243200e-01 1.488000e-03 3.741920e-01
383 6.240480e-01 1.484000e-03 3.744680e-01
384 6.238480e-01 1.456000e-03 3.746960e-01
385 6.235840e-01 1.420000e-03 3.749960e-01
386 6.232560e-01 1.532000e-03 3.752120e-01
387 6.229800e-01 1.492000e-03 3.755280e-01
388 6.227000e-01 1.476000e-03 3.758240e-01
389 6.224880e-01 1.456000e-03 3.760560e-01
390 6.223440e-01 1.352000e-03 3.763040e-01
391 6.221160e-01 1.360000e-03 3.765240e-01
392 6.219160e-01 1.316000e-03 3.767680e-01
393 6.216920e-01 1.332000e-03 3.769760e-01
394 6.215200e-01 1.252000e-03 3.772280e-01
395 6.213280e-01 1.268000e-03 3.774040e-01
396 6.210640e-01 1.284000e-03 3.776520e-01
397 6.207560e-01 1.388000e-03 3.778560e-01
398 6.205120e-01 1.408000e-03 3.780800e-01
399 6.202880e-01 1.420000e-03 3.782920e-01
400 6.200600e-01 1.424000e-03 3.785160e-01
401 6.198520e-01 1.392000e-03 3.787560e-01
402 6.196520e-01 1.360000e-03 3.789880e-01
403 6.194240e-01 1.328000e-03 3.792480e-01
404 6.191960e-01 1.336000e-03 3.794680e-01
405 6.190080e-01 1.284000e-03 3.797080e-01
406 6.188320e-01 1.192000e-03 3.799760e-01
407 6.185840e-01 1.220000e-03 3.801960e-01
408 6.183160e-01 1.216000e-03 3.804680e-01
409 6.180680e-01 1.272000e-03 3.806600e-01
410 6.178760e-01 1.256000e-03 3.808680e-01
411 6.177000e-01 1.180000e-03 3.811200e-01
412 6.174880e-01 1.176000e-03 3.813360e-01
413 6.173200e-01 1.124000e-03 3.815560e-01
414 6.171680e-01 1.076000e-03 3.817560e-01
415 6.170080e-01 1.080000e-03 3.819120e-01
416 6.168440e-01 1.016000e-03 3.821400e-01
417 6.166400e-01 1.056000e-03 3.823040e-01
418 6.164520e-01 1.048000e-03 3.825000e-01
419 6.162720e-01 1.012000e-03 3.827160e-01
420 6.160840e-01 1.052000e-03 3.828640e-01
421 6.159600e-01 9.840000e-04 3.830560e-01
422 6.158240e-01 9.440000e-04 3.832320e-01
423 6.157040e-01 9.120000e-04 3.833840e-01
424 6.155800e-01 8.800000e-04 3.835400e-01
425 6.154280e-01 8.320000e-04 3.837400e-01
426 6.153000e-01 8.000000e-04 3.839000e-01
427 6.151960e-01 7.840000e-04 3.840200e-01
428 6.150720e-01 7.840000e-04 3.841440e-01
429 6.149360e-01 7.520000e-04 3.843120e-01
430 6.148280e-01 7.240000e-04 3.844480e-01
431 6.147000e-01 7.120000e-04 3.845880e-01
432 6.145960e-01 7.200000e-04 3.846840e-01
433 6.144560e-01 7.320000e-04 3.848120e-01
434 6.143160e-01 7.800000e-04 3.849040e-01
435 6.141400e-01 7.960000e-04 3.850640e-01
436 6.139800e-01 8.440000e-04 3.851760e-01
437 6.137800e-01 8.600000e-04 3.853600e-01
438 6.135680e-01 9.320000e-04 3.855000e-01
439 6.134080e-01 9.240000e-04 3.856680e-01
440 6.132800e-01 8.720000e-04 3.858480e-01
441 6.131360e-01 8.840000e-04 3.859800e-01
442 6.130080e-01 8.360000e-04 3.861560e-01
443 6.128440e-01 8.400000e-04 3.863160e-01
444 6.126600e-01 8.640000e-04 3.864760e-01
445 6.124720e-01 9.480000e-04 3.865800e-01
446 6.123400e-01 9.480000e-04 3.867120e-01
447 6.121840e-01 9.720000e-04 3.868440e-01
448 6.120280e-01 9.200000e-04 3.870520e-01
449 6.118880e-01 8.800000e-04 3.872320e-01
450 6.116960e-01 9.040000e-04 3.874000e-01
451 6.115080e-01 9.280000e-04 3.875640e-01
452 6.113160e-01 1.000000e-03 3.876840e-01
453 6.111120e-01 1.048000e-03 3.878400e-01
454 6.108960e-01 1.072000e-03 3.880320e-01
455 6.107160e-01 1.088000e-03 3.881960e-01
456 6.105760e-01 1.084000e-03 3.883400e-01
457 6.103880e-01 1.096000e-03 3.885160e-01
458 6.102120e-01 1.092000e-03 3.886960e-01
459 6.100440e-01 1.084000e-03 3.888720e-01
460 6.098400e-01 1.100000e-03 3.890600e-01
461 6.096040e-01 1.192000e-03 3.892040e-01
462 6.094240e-01 1.164000e-03 3.894120e-01
463 6.092080e-01 1.172000e-03 3.896200e-01
464 6.089600e-01 1.224000e-03 3.898160e-01
465 6.088000e-01 1.188000e-03 3.900120e-01
466 6.085480e-01 1.268000e-03 3.901840e-01
467 6.083240e-01 1.256000e-03 3.904200e-01
468 6.080800e-01 1.228000e-03 3.906920e-01
469 6.078920e-01 1.228000e-03 3.908800e-01
470 6.076320e-01 1.244000e-03 3.911240e-01
471 6.074160e-01 1.240000e-03 3.913440e-01
472 6.072160e-01 1.240000e-03 3.915440e-01
473 6.069480e-01 1.336000e-03 3.917160e-01
474 6.067840e-01 1.292000e-03 3.919240e-01
475 6.065280e-01 1.364000e-03 3.921080e-01
476 6.062760e-01 1.276000e-03 3.924480e-01
477 6.060840e-01 1.252000e-03 3.926640e-01
478 6.058360e-01 1.252000e-03 3.929120e-01
479 6.056720e-01 1.196000e-03 3.931320e-01
480 6.054680e-01 1.224000e-03 3.933080e-01
481 6.053120e-01 1.172000e-03 3.935160e-01
482 6.051280e-01 1.160000e-03 3.937120e-01
483 6.049440e-01 1.128000e-03 3.939280e-01
484 6.048040e-01 1.084000e-03 3.941120e-01
485 6.046960e-01 1.032000e-03 3.942720e-01
486 6.045080e-01 1.028000e-03 3.944640e-01
487 6.043320e-01 1.008000e-03 3.946600e-01
488 6.041720e-01 9.800000e-04 3.948480e-01
489 6.040040e-01 1.036000e-03 3.949600e-01
490 6.038480e-01 1.032000e-03 3.951200e-01
491 6.036160e-01 1.124000e-03 3.952600e-01
492 6.034640e-01 1.088000e-03 3.954480e-01
493 6.032840e-01 1.084000e-03 3.956320e-01
494 6.031480e-01 1.040000e-03 3.958120e-01
495 6.030080e-01 9.960000e-04 3.959960e-01
496 6.028480e-01 9.960000e-04 3.961560e-01
497 6.026720e-01 9.680000e-04 3.963600e-01
498 6.024960e-01 9.600000e-04 3.965440e-01
499 6.022920e-01 1.008000e-03 3.967000e-01
500 6.021640e-01 9.360000e-04 3.969000e-01
