1 9.992120e-01 7.040000e-04 8.400000e-05
2 9.987280e-01 1.020000e-03 2.520000e-04
3 9.980720e-01 1.428000e-03 5.000000e-04
4 9.973320e-01 1.828000e-03 8.400000e-04
5 9.967000e-01 2.140000e-03 1.160000e-03
6 9.958400e-01 2.568000e-03 1.592000e-03
7 9.949320e-01 2.972000e-03 2.096000e-03
8 9.940040e-01 3.272000e-03 2.724000e-03
9 9.931040e-01 3.528000e-03 3.368000e-03
10 9.920640e-01 3.960000e-03 3.976000e-03
11 9.910160e-01 4.220000e-03 4.764000e-03
12 9.899640e-01 4.468000e-03 5.568000e-03
13 9.888400e-01 4.744000e-03 6.416000e-03
14 9.877520e-01 5.008000e-03 7.240000e-03
15 9.865360e-01 5.448000e-03 8.016000e-03
16 9.851240e-01 5.896000e-03 8.980000e-03
17 9.838320e-01 6.164000e-03 1.000400e-02
18 9.825600e-01 6.444000e-03 1.099600e-02
19 9.812480e-01 6.548000e-03 1.220400e-02
20 9.799880e-01 6.600000e-03 1.341200e-02
21 9.786440e-01 6.672000e-03 1.468400e-02
22 9.773040e-01 6.788000e-03 1.590800e-02
23 9.760320e-01 6.984000e-03 1.698400e-02
24 9.745800e-01 7.288000e-03 1.813200e-02
25 9.730800e-01 7.448000e-03 1.947200e-02
26 9.716280e-01 7.512000e-03 2.086000e-02
27 9.700920e-01 7.700000e-03 2.220800e-02
28 9.686960e-01 7.800000e-03 2.350400e-02
29 9.674000e-01 7.700000e-03 2.490000e-02
30 9.660600e-01 7.716000e-03 2.622400e-02
31 9.645720e-01 7.788000e-03 2.764000e-02
32 9.630120e-01 8.120000e-03 2.886800e-02
33 9.617560e-01 7.964000e-03 3.028000e-02
34 9.603240e-01 7.968000e-03 3.170800e-02
35 9.588640e-01 8.092000e-03 3.304400e-02
36 9.575440e-01 8.012000e-03 3.444400e-02
37 9.561400e-01 7.976000e-03 3.588400e-02
38 9.547400e-01 8.028000e-03 3.723200e-02
39 9.532480e-01 8.216000e-03 3.853600e-02
40 9.516400e-01 8.248000e-03 4.011200e-02
41 9.502720e-01 8.160000e-03 4.156800e-02
42 9.486960e-01 8.296000e-03 4.300800e-02
43 9.471360e-01 8.440000e-03 4.442400e-02
44 9.455160e-01 8.708000e-03 4.577600e-02
45 9.437800e-01 8.992000e-03 4.722800e-02
46 9.421960e-01 9.064000e-03 4.874000e-02
47 9.407240e-01 9.008000e-03 5.026800e-02
48 9.391160e-01 8.972000e-03 5.191200e-02
49 9.376520e-01 8.868000e-03 5.348000e-02
50 9.362440e-01 8.748000e-03 5.500800e-02
51 9.346640e-01 8.844000e-03 5.649200e-02
52 9.330640e-01 8.980000e-03 5.795600e-02
53 9.313240e-01 9.228000e-03 5.944800e-02
54 9.295920e-01 9.408000e-03 6.100000e-02
55 9.278160e-01 9.684000e-03 6.250000e-02
56 9.260680e-01 9.768000e-03 6.416400e-02
57 9.243040e-01 9.852000e-03 6.584400e-02
58 9.226920e-01 9.692000e-03 6.761600e-02
59 9.209040e-01 9.772000e-03 6.932400e-02
60 9.191680e-01 9.748000e-03 7.108400e-02
61 9.175840e-01 9.660000e-03 7.275600e-02
62 9.160320e-01 9.588000e-03 7.438000e-02
63 9.145320e-01 9.388000e-03 7.608000e-02
64 9.128520e-01 9.384000e-03 7.776400e-02
65 9.113360e-01 9.348000e-03 7.931600e-02
66 9.097320e-01 9.248000e-03 8.102000e-02
67 9.081880e-01 9.196000e-03 8.261600e-02
68 9.067200e-01 8.972000e-03 8.430800e-02
69 9.052160e-01 8.912000e-03 8.587200e-02
70 9.036560e-01 8.992000e-03 8.735200e-02
71 9.020320e-01 9.168000e-03 8.880000e-02
72 9.003040e-01 9.256000e-03 9.044000e-02
73 8.989160e-01 9.092000e-03 9.199200e-02
74 8.974040e-01 9.124000e-03 9.347200e-02
75 8.959600e-01 8.976000e-03 9.506400e-02
76 8.944080e-01 8.924000e-03 9.666800e-02
77 8.928240e-01 9.024000e-03 9.815200e-02
78 8.911880e-01 9.020000e-03 9.979200e-02
79 8.895840e-01 9.060000e-03 1.013560e-01
80 8.880080e-01 9.032000e-03 1.029600e-01
81 8.864640e-01 8.996000e-03 1.045400e-01
82 8.850280e-01 8.916000e-03 1.060560e-01
83 8.833720e-01 9.084000e-03 1.075440e-01
84 8.819520e-01 9.004000e-03 1.090440e-01
85 8.805720e-01 8.780000e-03 1.106480e-01
86 8.791480e-01 8.676000e-03 1.121760e-01
87 8.777960e-01 8.384000e-03 1.138200e-01
88 8.764160e-01 8.352000e-03 1.152320e-01
89 8.752040e-01 8.200000e-03 1.165960e-01
90 8.739280e-01 8.108000e-03 1.179640e-01
91 8.726880e-01 8.000000e-03 1.193120e-01
92 8.713920e-01 7.812000e-03 1.207960e-01
93 8.700360e-01 7.900000e-03 1.220640e-01
94 8.686320e-01 7.812000e-03 1.235560e-01
95 8.672720e-01 7.876000e-03 1.248520e-01
96 8.659600e-01 7.768000e-03 1.262720e-01
97 8.645240e-01 7.824000e-03 1.276520e-01
98 8.631960e-01 7.820000e-03 1.289840e-01
99 8.619240e-01 7.716000e-03 1.303600e-01
100 8.604920e-01 7.776000e-03 1.317320e-01
101 8.589480e-01 7.912000e-03 1.331400e-01
102 8.576600e-01 7.680000e-03 1.346600e-01
103 8.564640e-01 7.544000e-03 1.359920e-01
104 8.553600e-01 7.408000e-03 1.372320e-01
105 8.541440e-01 7.280000e-03 1.385760e-01
106 8.529160e-01 7.252000e-03 1.398320e-01
107 8.517080e-01 7.244000e-03 1.410480e-01
108 8.506280e-01 7.060000e-03 1.423120e-01
109 8.494200e-01 7.116000e-03 1.434640e-01
110 8.482960e-01 7.128000e-03 1.445760e-01
111 8.471960e-01 7.008000e-03 1.457960e-01
112 8.460080e-01 7.116000e-03 1.468760e-01
113 8.448440e-01 7.140000e-03 1.480160e-01
114 8.435680e-01 7.076000e-03 1.493560e-01
115 8.423160e-01 7.224000e-03 1.504600e-01
116 8.411240e-01 7.112000e-03 1.517640e-01
117 8.399960e-01 6.968000e-03 1.530360e-01
118 8.389200e-01 6.796000e-03 1.542840e-01
119 8.377720e-01 6.792000e-03 1.554360e-01
120 8.366720e-01 6.548000e-03 1.567800e-01
121 8.354840e-01 6.640000e-03 1.578760e-01
122 8.343160e-01 6.668000e-03 1.590160e-01
123 8.332800e-01 6.528000e-03 1.601920e-01
124 8.321440e-01 6.492000e-03 1.613640e-01
125 8.311280e-01 6.456000e-03 1.624160e-01
126 8.299480e-01 6.528000e-03 1.635240e-01
127 8.288880e-01 6.380000e-03 1.647320e-01
128 8.277760e-01 6.376000e-03 1.658480e-01
129 8.267880e-01 6.284000e-03 1.669280e-01
130 8.257520e-01 6.204000e-03 1.680440e-01
131 8.246720e-01 6.176000e-03 1.691520e-01
132 8.235480e-01 6.208000e-03 1.702440e-01
133 8.224720e-01 6.188000e-03 1.713400e-01
134 8.213760e-01 6.128000e-03 1.724960e-01
135 8.202880e-01 6.104000e-03 1.736080e-01
136 8.192720e-01 6.012000e-03 1.747160e-01
137 8.181240e-01 6.116000e-03 1.757600e-01
138 8.169040e-01 6.332000e-03 1.767640e-01
139 8.157200e-01 6.528000e-03 1.777520e-01
140 8.145920e-01 6.532000e-03 1.788760e-01
141 8.134920e-01 6.504000e-03 1.800040e-01
142 8.123200e-01 6.576000e-03 1.811040e-01
143 8.113160e-01 6.504000e-03 1.821800e-01
144 8.102360e-01 6.396000e-03 1.833680e-01
145 8.092800e-01 6.248000e-03 1.844720e-01
146 8.082600e-01 6.352000e-03 1.853880e-01
147 8.073520e-01 6.172000e-03 1.864760e-01
148 8.063120e-01 6.108000e-03 1.875800e-01
149 8.053480e-01 5.928000e-03 1.887240e-01
150 8.043880e-01 5.908000e-03 1.897040e-01
151 8.033880e-01 5.852000e-03 1.907600e-01
152 8.024080e-01 5.812000e-03 1.917800e-01
153 8.014760e-01 5.688000e-03 1.928360e-01
154 8.003800e-01 5.824000e-03 1.937960e-01
155 7.994840e-01 5.692000e-03 1.948240e-01
156 7.986080e-01 5.668000e-03 1.957240e-01
157 7.976480e-01 5.656000e-03 1.966960e-01
158 7.967400e-01 5.636000e-03 1.976240e-01
159 7.957640e-01 5.668000e-03 1.985680e-01
160 7.948760e-01 5.608000e-03 1.995160e-01
161 7.939600e-01 5.556000e-03 2.004840e-01
162 7.930120e-01 5.512000e-03 2.014760e-01
163 7.921400e-01 5.412000e-03 2.024480e-01
164 7.912080e-01 5.328000e-03 2.034640e-01
165 7.903640e-01 5.304000e-03 2.043320e-01
166 7.893280e-01 5.376000e-03 2.052960e-01
167 7.884360e-01 5.388000e-03 2.061760e-01
168 7.874080e-01 5.468000e-03 2.071240e-01
169 7.864160e-01 5.492000e-03 2.080920e-01
170 7.853640e-01 5.604000e-03 2.090320e-01
171 7.843320e-01 5.664000e-03 2.100040e-01
172 7.834080e-01 5.596000e-03 2.109960e-01
173 7.824280e-01 5.600000e-03 2.119720e-01
174 7.813960e-01 5.552000e-03 2.130520e-01
175 7.804040e-01 5.560000e-03 2.140360e-01
176 7.793760e-01 5.608000e-03 2.150160e-01
177 7.785000e-01 5.404000e-03 2.160960e-01
178 7.775680e-01 5.356000e-03 2.170760e-01
179 7.766440e-01 5.380000e-03 2.179760e-01
180 7.756920e-01 5.388000e-03 2.189200e-01
181 7.747640e-01 5.440000e-03 2.197960e-01
182 7.738200e-01 5.472000e-03 2.207080e-01
183 7.730040e-01 5.420000e-03 2.215760e-01
184 7.721240e-01 5.416000e-03 2.224600e-01
185 7.712080e-01 5.364000e-03 2.234280e-01
186 7.701640e-01 5.448000e-03 2.243880e-01
187 7.692000e-01 5.456000e-03 2.253440e-01
188 7.682240e-01 5.564000e-03 2.262120e-01
189 7.672360e-01 5.540000e-03 2.272240e-01
190 7.662880e-01 5.564000e-03 2.281480e-01
191 7.651480e-01 5.764000e-03 2.290880e-01
192 7.641520e-01 5.748000e-03 2.301000e-01
193 7.631520e-01 5.664000e-03 2.311840e-01
194 7.623560e-01 5.392000e-03 2.322520e-01
195 7.615120e-01 5.272000e-03 2.332160e-01
196 7.607000e-01 5.132000e-03 2.341680e-01
197 7.599080e-01 5.008000e-03 2.350840e-01
198 7.591240e-01 4.936000e-03 2.359400e-01
199 7.583120e-01 4.860000e-03 2.368280e-01
200 7.573920e-01 5.020000e-03 2.375880e-01
201 7.566160e-01 4.824000e-03 2.385600e-01
202 7.557800e-01 4.884000e-03 2.393360e-01
203 7.549880e-01 4.848000e-03 2.401640e-01
204 7.542440e-01 4.684000e-03 2.410720e-01
205 7.534920e-01 4.676000e-03 2.418320e-01
206 7.527280e-01 4.592000e-03 2.426800e-01
207 7.518440e-01 4.756000e-03 2.434000e-01
208 7.510160e-01 4.812000e-03 2.441720e-01
209 7.501240e-01 4.880000e-03 2.449960e-01
210 7.494440e-01 4.756000e-03 2.458000e-01
211 7.486640e-01 4.656000e-03 2.466800e-01
212 7.478280e-01 4.616000e-03 2.475560e-01
213 7.470760e-01 4.552000e-03 2.483720e-01
214 7.464000e-01 4.472000e-03 2.491280e-01
215 7.457200e-01 4.388000e-03 2.498920e-01
216 7.449880e-01 4.312000e-03 2.507000e-01
217 7.442280e-01 4.368000e-03 2.514040e-01
218 7.435320e-01 4.360000e-03 2.521080e-01
219 7.428120e-01 4.312000e-03 2.528760e-01
220 7.421840e-01 4.204000e-03 2.536120e-01
221 7.414440e-01 4.080000e-03 2.544760e-01
222 7.406480e-01 4.148000e-03 2.552040e-01
223 7.400120e-01 4.028000e-03 2.559600e-01
224 7.393480e-01 4.012000e-03 2.566400e-01
225 7.387120e-01 3.948000e-03 2.573400e-01
226 7.380200e-01 4.004000e-03 2.579760e-01
227 7.375000e-01 3.792000e-03 2.587080e-01
228 7.369080e-01 3.744000e-03 2.593480e-01
229 7.362120e-01 3.768000e-03 2.600200e-01
230 7.354520e-01 3.880000e-03 2.606680e-01
231 7.347000e-01 3.968000e-03 2.613320e-01
232 7.339480e-01 4.028000e-03 2.620240e-01
233 7.332400e-01 4.068000e-03 2.626920e-01
234 7.324200e-01 4.120000e-03 2.634600e-01
235 7.316760e-01 4.208000e-03 2.641160e-01
236 7.309920e-01 4.060000e-03 2.649480e-01
237 7.301760e-01 4.044000e-03 2.657800e-01
238 7.293240e-01 4.164000e-03 2.665120e-01
239 7.285440e-01 4.208000e-03 2.672480e-01
240 7.278040e-01 4.132000e-03 2.680640e-01
241 7.270960e-01 4.076000e-03 2.688280e-01
242 7.264160e-01 4.016000e-03 2.695680e-01
243 7.257440e-01 4.008000e-03 2.702480e-01
244 7.250480e-01 3.916000e-03 2.710360e-01
245 7.243840e-01 3.896000e-03 2.717200e-01
246 7.236240e-01 4.008000e-03 2.723680e-01
247 7.228200e-01 4.172000e-03 2.730080e-01
248 7.221240e-01 4.088000e-03 2.737880e-01
249 7.213240e-01 4.152000e-03 2.745240e-01
250 7.205800e-01 4.184000e-03 2.752360e-01
251 7.198000e-01 4.228000e-03 2.759720e-01
252 7.190400e-01 4.176000e-03 2.767840e-01
253 7.183000e-01 4.224000e-03 2.774760e-01
254 7.176760e-01 4.084000e-03 2.782400e-01
255 7.170320e-01 3.976000e-03 2.789920e-01
256 7.163480e-01 3.980000e-03 2.796720e-01
257 7.156480e-01 4.060000e-03 2.802920e-01
258 7.149520e-01 4.024000e-03 2.810240e-01
259 7.142840e-01 3.948000e-03 2.817680e-01
260 7.136720e-01 3.940000e-03 2.823880e-01
261 7.130000e-01 3.876000e-03 2.831240e-01
262 7.123160e-01 3.936000e-03 2.837480e-01
263 7.116120e-01 3.952000e-03 2.844360e-01
264 7.109840e-01 3.848000e-03 2.851680e-01
265 7.103120e-01 3.924000e-03 2.857640e-01
266 7.096800e-01 3.852000e-03 2.864680e-01
267 7.089920e-01 3.784000e-03 2.872240e-01
268 7.083320e-01 3.804000e-03 2.878640e-01
269 7.076800e-01 3.712000e-03 2.886080e-01
270 7.070400e-01 3.716000e-03 2.892440e-01
271 7.064080e-01 3.744000e-03 2.898480e-01
272 7.058680e-01 3.648000e-03 2.904840e-01
273 7.052200e-01 3.704000e-03 2.910760e-01
274 7.046440e-01 3.648000e-03 2.917080e-01
275 7.039080e-01 3.864000e-03 2.922280e-01
276 7.033000e-01 3.840000e-03 2.928600e-01
277 7.026840e-01 3.796000e-03 2.935200e-01
278 7.021280e-01 3.740000e-03 2.941320e-01
279 7.015520e-01 3.736000e-03 2.947120e-01
280 7.009400e-01 3.720000e-03 2.953400e-01
281 7.003160e-01 3.712000e-03 2.959720e-01
282 6.997040e-01 3.552000e-03 2.967440e-01
283 6.990760e-01 3.560000e-03 2.973640e-01
284 6.984880e-01 3.460000e-03 2.980520e-01
285 6.980720e-01 3.284000e-03 2.986440e-01
286 6.974080e-01 3.444000e-03 2.991480e-01
287 6.967440e-01 3.496000e-03 2.997600e-01
288 6.960680e-01 3.532000e-03 3.004000e-01
289 6.954240e-01 3.536000e-03 3.010400e-01
290 6.948240e-01 3.484000e-03 3.016920e-01
291 6.943160e-01 3.324000e-03 3.023600e-01
292 6.937160e-01 3.336000e-03 3.029480e-01
293 6.931520e-01 3.316000e-03 3.035320e-01
294 6.926680e-01 3.240000e-03 3.040920e-01
295 6.922280e-01 3.136000e-03 3.046360e-01
296 6.916960e-01 3.100000e-03 3.052040e-01
297 6.912760e-01 3.036000e-03 3.056880e-01
298 6.907160e-01 3.104000e-03 3.061800e-01
299 6.902760e-01 3.108000e-03 3.066160e-01
300 6.898200e-01 3.036000e-03 3.071440e-01
301 6.893240e-01 2.968000e-03 3.077080e-01
302 6.889040e-01 2.864000e-03 3.082320e-01
303 6.885280e-01 2.768000e-03 3.087040e-01
304 6.880800e-01 2.724000e-03 3.091960e-01
305 6.875920e-01 2.744000e-03 3.096640e-01
306 6.871920e-01 2.724000e-03 3.100840e-01
307 6.867880e-01 2.628000e-03 3.105840e-01
308 6.864160e-01 2.564000e-03 3.110200e-01
309 6.859840e-01 2.464000e-03 3.115520e-01
310 6.855400e-01 2.448000e-03 3.120120e-01
311 6.850840e-01 2.452000e-03 3.124640e-01
312 6.846280e-01 2.520000e-03 3.128520e-01
313 6.840640e-01 2.628000e-03 3.133080e-01
314 6.836000e-01 2.600000e-03 3.138000e-01
315 6.831880e-01 2.540000e-03 3.142720e-01
316 6.827640e-01 2.496000e-03 3.147400e-01
317 6.823640e-01 2.464000e-03 3.151720e-01
318 6.818800e-01 2.532000e-03 3.155880e-01
319 6.814280e-01 2.468000e-03 3.161040e-01
320 6.810480e-01 2.348000e-03 3.166040e-01
321 6.806160e-01 2.348000e-03 3.170360e-01
322 6.802240e-01 2.364000e-03 3.174120e-01
323 6.798160e-01 2.396000e-03 3.177880e-01
324 6.793240e-01 2.504000e-03 3.181720e-01
325 6.788680e-01 2.500000e-03 3.186320e-01
326 6.784320e-01 2.476000e-03 3.190920e-01
327 6.779560e-01 2.500000e-03 3.195440e-01
328 6.774560e-01 2.544000e-03 3.200000e-01
329 6.770520e-01 2.520000e-03 3.204280e-01
330 6.765760e-01 2.556000e-03 3.208680e-01
331 6.761600e-01 2.500000e-03 3.213400e-01
332 6.758120e-01 2.328000e-03 3.218600e-01
333 6.754640e-01 2.272000e-03 3.222640e-01
334 6.751840e-01 2.148000e-03 3.226680e-01
335 6.748600e-01 2.120000e-03 3.230200e-01
336 6.745720e-01 2.068000e-03 3.233600e-01
337 6.742440e-01 2.072000e-03 3.236840e-01
338 6.739480e-01 2.084000e-03 3.239680e-01
339 6.735960e-01 2.008000e-03 3.243960e-01
340 6.733040e-01 1.928000e-03 3.247680e-01
341 6.729520e-01 1.900000e-03 3.251480e-01
342 6.726800e-01 1.824000e-03 3.254960e-01
343 6.723680e-01 1.832000e-03 3.258000e-01
344 6.721320e-01 1.692000e-03 3.261760e-01
345 6.718840e-01 1.644000e-03 3.264720e-01
346 6.716880e-01 1.580000e-03 3.267320e-01
347 6.713920e-01 1.612000e-03 3.269960e-01
348 6.711360e-01 1.568000e-03 3.272960e-01
349 6.708880e-01 1.500000e-03 3.276120e-01
350 6.706280e-01 1.500000e-03 3.278720e-01
351 6.703360e-01 1.592000e-03 3.280720e-01
352 6.701120e-01 1.576000e-03 3.283120e-01
353 6.698640e-01 1.512000e-03 3.286240e-01
354 6.696320e-01 1.512000e-03 3.288560e-01
355 6.693880e-01 1.508000e-03 3.291040e-01
356 6.691720e-01 1.448000e-03 3.293800e-01
357 6.689200e-01 1.428000e-03 3.296520e-01
358 6.687240e-01 1.316000e-03 3.299600e-01
359 6.684960e-01 1.308000e-03 3.301960e-01
360 6.683040e-01 1.272000e-03 3.304240e-01
361 6.681240e-01 1.208000e-03 3.306680e-01
362 6.678920e-01 1.192000e-03 3.309160e-01
363 6.676680e-01 1.220000e-03 3.311120e-01
364 6.674400e-01 1.184000e-03 3.313760e-01
365 6.672520e-01 1.156000e-03 3.315920e-01
366 6.670440e-01 1.184000e-03 3.317720e-01
367 6.668600e-01 1.172000e-03 3.319680e-01
368 6.666440e-01 1.172000e-03 3.321840e-01
369 6.664640e-01 1.196000e-03 3.323400e-01
370 6.663280e-01 1.128000e-03 3.325440e-01
371 6.661560e-01 1.128000e-03 3.327160e-01
372 6.659640e-01 1.180000e-03 3.328560e-01
373 6.657920e-01 1.140000e-03 3.330680e-01
374 6.656160e-01 1.128000e-03 3.332560e-01
375 6.654160e-01 1.148000e-03 3.334360e-01
376 6.652320e-01 1.144000e-03 3.336240e-01
377 6.650920e-01 1.084000e-03 3.338240e-01
378 6.648800e-01 1.084000e-03 3.340360e-01
379 6.647160e-01 1.048000e-03 3.342360e-01
380 6.645080e-01 1.044000e-03 3.344480e-01
381 6.643680e-01 1.000000e-03 3.346320e-01
382 6.642040e-01 9.600000e-04 3.348360e-01
383 6.640600e-01 9.320000e-04 3.350080e-01
384 6.639080e-01 9.040000e-04 3.351880e-01
385 6.637120e-01 9.320000e-04 3.353560e-01
386 6.635200e-01 9.960000e-04 3.354840e-01
387 6.633760e-01 9.760000e-04 3.356480e-01
388 6.631800e-01 1.032000e-03 3.357880e-01
389 6.629920e-01 1.028000e-03 3.359800e-01
390 6.628200e-01 9.960000e-04 3.361840e-01
391 6.626320e-01 1.044000e-03 3.363240e-01
392 6.624720e-01 1.048000e-03 3.364800e-01
393 6.622440e-01 1.096000e-03 3.366600e-01
394 6.620120e-01 1.160000e-03 3.368280e-01
395 6.618480e-01 1.148000e-03 3.370040e-01
396 6.616520e-01 1.144000e-03 3.372040e-01
397 6.614680e-01 1.148000e-03 3.373840e-01
398 6.612760e-01 1.160000e-03 3.375640e-01
399 6.610960e-01 1.124000e-03 3.377800e-01
400 6.608840e-01 1.140000e-03 3.379760e-01
401 6.607120e-01 1.120000e-03 3.381680e-01
402 6.605160e-01 1.104000e-03 3.383800e-01
403 6.603560e-01 9.920000e-04 3.386520e-01
404 6.602280e-01 9.240000e-04 3.388480e-01
405 6.601000e-01 8.280000e-04 3.390720e-01
406 6.600080e-01 7.400000e-04 3.392520e-01
407 6.599120e-01 7.200000e-04 3.393680e-01
408 6.597880e-01 7.440000e-04 3.394680e-01
409 6.596560e-01 7.720000e-04 3.395720e-01
410 6.595560e-01 7.640000e-04 3.396800e-01
411 6.594200e-01 7.920000e-04 3.397880e-01
412 6.593400e-01 7.520000e-04 3.399080e-01
413 6.592520e-01 7.400000e-04 3.400080e-01
414 6.591800e-01 7.280000e-04 3.400920e-01
415 6.590600e-01 7.240000e-04 3.402160e-01
416 6.589600e-01 7.040000e-04 3.403360e-01
417 6.588800e-01 6.560000e-04 3.404640e-01
418 6.588320e-01 5.920000e-04 3.405760e-01
419 6.587560e-01 5.960000e-04 3.406480e-01
420 6.586680e-01 5.880000e-04 3.407440e-01
421 6.586040e-01 5.440000e-04 3.408520e-01
422 6.585320e-01 4.720000e-04 3.409960e-01
423 6.584760e-01 4.520000e-04 3.410720e-01
424 6.584320e-01 4.000000e-04 3.411680e-01
425 6.583720e-01 3.960000e-04 3.412320e-01
426 6.583240e-01 3.720000e-04 3.413040e-01
427 6.582840e-01 3.160000e-04 3.414000e-01
428 6.582320e-01 3.080000e-04 3.414600e-01
429 6.581960e-01 2.920000e-04 3.415120e-01
430 6.581360e-01 3.200000e-04 3.415440e-01
431 6.580720e-01 3.400000e-04 3.415880e-01
432 6.580200e-01 3.120000e-04 3.416680e-01
433 6.579480e-01 3.440000e-04 3.417080e-01
434 6.578720e-01 3.600000e-04 3.417680e-01
435 6.577480e-01 4.320000e-04 3.418200e-01
436 6.576360e-01 4.760000e-04 3.418880e-01
437 6.575120e-01 5.040000e-04 3.419840e-01
438 6.574280e-01 5.120000e-04 3.420600e-01
439 6.572600e-01 6.000000e-04 3.421400e-01
440 6.571480e-01 5.840000e-04 3.422680e-01
441 6.570520e-01 5.840000e-04 3.423640e-01
442 6.569520e-01 5.480000e-04 3.425000e-01
443 6.568200e-01 5.760000e-04 3.426040e-01
444 6.567320e-01 5.480000e-04 3.427200e-01
445 6.566360e-01 5.400000e-04 3.428240e-01
446 6.565360e-01 5.600000e-04 3.429040e-01
447 6.564040e-01 5.760000e-04 3.430200e-01
448 6.562960e-01 6.080000e-04 3.430960e-01
449 6.561840e-01 6.160000e-04 3.432000e-01
450 6.560560e-01 6.080000e-04 3.433360e-01
451 6.559520e-01 6.240000e-04 3.434240e-01
452 6.558440e-01 6.320000e-04 3.435240e-01
453 6.557240e-01 6.400000e-04 3.436360e-01
454 6.556080e-01 6.480000e-04 3.437440e-01
455 6.555400e-01 6.160000e-04 3.438440e-01
456 6.554520e-01 5.960000e-04 3.439520e-01
457 6.553680e-01 5.920000e-04 3.440400e-01
458 6.552840e-01 5.600000e-04 3.441560e-01
459 6.551720e-01 5.680000e-04 3.442600e-01
460 6.550360e-01 6.240000e-04 3.443400e-01
461 6.548920e-01 6.680000e-04 3.444400e-01
462 6.547640e-01 6.920000e-04 3.445440e-01
463 6.546320e-01 7.080000e-04 3.446600e-01
464 6.545440e-01 6.480000e-04 3.448080e-01
465 6.544280e-01 6.560000e-04 3.449160e-01
466 6.542720e-01 6.920000e-04 3.450360e-01
467 6.541680e-01 6.760000e-04 3.451560e-01
468 6.540520e-01 6.960000e-04 3.452520e-01
469 6.539680e-01 6.600000e-04 3.453720e-01
470 6.538240e-01 6.720000e-04 3.455040e-01
471 6.536800e-01 7.160000e-04 3.456040e-01
472 6.535720e-01 7.200000e-04 3.457080e-01
473 6.534680e-01 6.600000e-04 3.458720e-01
474 6.533320e-01 6.680000e-04 3.460000e-01
475 6.531880e-01 6.720000e-04 3.461400e-01
476 6.530600e-01 6.880000e-04 3.462520e-01
477 6.529440e-01 6.400000e-04 3.464160e-01
478 6.528320e-01 6.600000e-04 3.465080e-01
479 6.527080e-01 6.440000e-04 3.466480e-01
480 6.525880e-01 6.400000e-04 3.467720e-01
481 6.524920e-01 6.400000e-04 3.468680e-01
482 6.523680e-01 6.640000e-04 3.469680e-01
483 6.522240e-01 7.280000e-04 3.470480e-01
484 6.521000e-01 7.240000e-04 3.471760e-01
485 6.519720e-01 6.920000e-04 3.473360e-01
486 6.518080e-01 7.080000e-04 3.474840e-01
487 6.516960e-01 7.320000e-04 3.475720e-01
488 6.515560e-01 7.200000e-04 3.477240e-01
489 6.514680e-01 6.560000e-04 3.478760e-01
490 6.513520e-01 6.200000e-04 3.480280e-01
491 6.512640e-01 5.880000e-04 3.481480e-01
492 6.511480e-01 5.960000e-04 3.482560e-01
493 6.510240e-01 6.080000e-04 3.483680e-01
494 6.509080e-01 6.160000e-04 3.484760e-01
495 6.507680e-01 6.560000e-04 3.485760e-01
496 6.506160e-01 6.680000e-04 3.487160e-01
497 6.504760e-01 6.960000e-04 3.488280e-01
498 6.503360e-01 6.920000e-04 3.489720e-01
499 6.502200e-01 7.120000e-04 3.490680e-01
500 6.500960e-01 7.120000e-04 3.491920e-01
