1 9.990600e-01 8.760000e-04 6.400000e-05
2 9.984720e-01 1.264000e-03 2.640000e-04
3 9.977000e-01 1.724000e-03 5.760000e-04
4 9.968360e-01 2.260000e-03 9.040000e-04
5 9.958400e-01 2.828000e-03 1.332000e-03
6 9.948320e-01 3.300000e-03 1.868000e-03
7 9.937360e-01 3.752000e-03 2.512000e-03
8 9.925520e-01 4.140000e-03 3.308000e-03
9 9.913080e-01 4.672000e-03 4.020000e-03
10 9.898120e-01 5.280000e-03 4.908000e-03
11 9.884320e-01 5.736000e-03 5.832000e-03
12 9.869840e-01 6.124000e-03 6.892000e-03
13 9.855320e-01 6.468000e-03 8.000000e-03
14 9.841720e-01 6.720000e-03 9.108000e-03
15 9.825840e-01 7.016000e-03 1.040000e-02
16 9.811840e-01 7.084000e-03 1.173200e-02
17 9.797640e-01 7.320000e-03 1.291600e-02
18 9.783080e-01 7.488000e-03 1.420400e-02
19 9.767840e-01 7.648000e-03 1.556800e-02
20 9.750080e-01 8.144000e-03 1.684800e-02
21 9.733760e-01 8.356000e-03 1.826800e-02
22 9.715160e-01 8.612000e-03 1.987200e-02
23 9.696920e-01 9.024000e-03 2.128400e-02
24 9.679160e-01 9.224000e-03 2.286000e-02
25 9.660720e-01 9.488000e-03 2.444000e-02
26 9.643160e-01 9.520000e-03 2.616400e-02
27 9.626040e-01 9.496000e-03 2.790000e-02
28 9.609480e-01 9.500000e-03 2.955200e-02
29 9.591520e-01 9.572000e-03 3.127600e-02
30 9.573800e-01 9.656000e-03 3.296400e-02
31 9.556720e-01 9.576000e-03 3.475200e-02
32 9.538680e-01 9.600000e-03 3.653200e-02
33 9.520200e-01 9.844000e-03 3.813600e-02
34 9.502400e-01 1.001200e-02 3.974800e-02
35 9.483360e-01 1.024400e-02 4.142000e-02
36 9.466280e-01 1.016400e-02 4.320800e-02
37 9.450320e-01 9.956000e-03 4.501200e-02
38 9.433160e-01 1.004000e-02 4.664400e-02
39 9.416280e-01 9.936000e-03 4.843600e-02
40 9.397120e-01 1.012400e-02 5.016400e-02
41 9.378040e-01 1.032400e-02 5.187200e-02
42 9.358280e-01 1.044400e-02 5.372800e-02
43 9.340960e-01 1.042400e-02 5.548000e-02
44 9.322960e-01 1.038400e-02 5.732000e-02
45 9.303440e-01 1.051200e-02 5.914400e-02
46 9.283840e-01 1.072800e-02 6.088800e-02
47 9.265600e-01 1.061200e-02 6.282800e-02
48 9.247840e-01 1.057200e-02 6.464400e-02
49 9.230240e-01 1.056400e-02 6.641200e-02
50 9.211760e-01 1.042000e-02 6.840400e-02
51 9.194880e-01 1.038000e-02 7.013200e-02
52 9.177360e-01 1.037600e-02 7.188800e-02
53 9.160840e-01 1.016000e-02 7.375600e-02
54 9.144600e-01 9.920000e-03 7.562000e-02
55 9.128400e-01 9.716000e-03 7.744400e-02
56 9.109600e-01 9.988000e-03 7.905200e-02
57 9.091600e-01 9.960000e-03 8.088000e-02
58 9.075920e-01 9.796000e-03 8.261200e-02
59 9.059960e-01 9.548000e-03 8.445600e-02
60 9.041840e-01 9.732000e-03 8.608400e-02
61 9.025320e-01 9.676000e-03 8.779200e-02
62 9.008440e-01 9.692000e-03 8.946400e-02
63 8.992400e-01 9.548000e-03 9.121200e-02
64 8.975120e-01 9.524000e-03 9.296400e-02
65 8.957160e-01 9.524000e-03 9.476000e-02
66 8.939480e-01 9.456000e-03 9.659600e-02
67 8.923600e-01 9.380000e-03 9.826000e-02
68 8.906880e-01 9.424000e-03 9.988800e-02
69 8.888640e-01 9.564000e-03 1.015720e-01
70 8.871240e-01 9.644000e-03 1.032320e-01
71 8.854800e-01 9.512000e-03 1.050080e-01
72 8.838800e-01 9.504000e-03 1.066160e-01
73 8.823320e-01 9.296000e-03 1.083720e-01
74 8.807000e-01 9.224000e-03 1.100760e-01
75 8.790800e-01 9.092000e-03 1.118280e-01
76 8.774480e-01 9.096000e-03 1.134560e-01
77 8.758120e-01 9.252000e-03 1.149360e-01
78 8.740800e-01 9.296000e-03 1.166240e-01
79 8.724400e-01 9.392000e-03 1.181680e-01
80 8.707760e-01 9.288000e-03 1.199360e-01
81 8.692080e-01 9.180000e-03 1.216120e-01
82 8.675600e-01 9.116000e-03 1.233240e-01
83 8.657840e-01 9.240000e-03 1.249760e-01
84 8.640680e-01 9.236000e-03 1.266960e-01
85 8.624200e-01 9.216000e-03 1.283640e-01
86 8.606800e-01 9.244000e-03 1.300760e-01
87 8.590560e-01 9.148000e-03 1.317960e-01
88 8.574160e-01 9.244000e-03 1.333400e-01
89 8.557800e-01 9.380000e-03 1.348400e-01
90 8.542000e-01 9.420000e-03 1.363800e-01
91 8.525760e-01 9.440000e-03 1.379840e-01
92 8.511040e-01 9.196000e-03 1.397000e-01
93 8.495120e-01 9.140000e-03 1.413480e-01
94 8.479600e-01 9.136000e-03 1.429040e-01
95 8.464560e-01 8.964000e-03 1.445800e-01
96 8.448680e-01 9.032000e-03 1.461000e-01
97 8.432240e-01 9.080000e-03 1.476960e-01
98 8.416640e-01 8.984000e-03 1.493520e-01
99 8.400080e-01 9.076000e-03 1.509160e-01
100 8.383040e-01 9.176000e-03 1.525200e-01
101 8.368480e-01 8.952000e-03 1.542000e-01
102 8.353760e-01 8.904000e-03 1.557200e-01
103 8.340760e-01 8.660000e-03 1.572640e-01
104 8.326840e-01 8.488000e-03 1.588280e-01
105 8.313440e-01 8.348000e-03 1.603080e-01
106 8.299240e-01 8.300000e-03 1.617760e-01
107 8.285680e-01 8.236000e-03 1.631960e-01
108 8.269520e-01 8.364000e-03 1.646840e-01
109 8.254480e-01 8.272000e-03 1.662800e-01
110 8.240320e-01 8.180000e-03 1.677880e-01
111 8.225160e-01 8.372000e-03 1.691120e-01
112 8.210600e-01 8.360000e-03 1.705800e-01
113 8.194920e-01 8.468000e-03 1.720400e-01
114 8.177360e-01 8.752000e-03 1.735120e-01
115 8.160840e-01 8.828000e-03 1.750880e-01
116 8.145880e-01 8.904000e-03 1.765080e-01
117 8.130600e-01 9.020000e-03 1.779200e-01
118 8.112440e-01 9.380000e-03 1.793760e-01
119 8.093400e-01 9.452000e-03 1.812080e-01
120 8.077880e-01 9.320000e-03 1.828920e-01
121 8.062280e-01 9.236000e-03 1.845360e-01
122 8.046960e-01 9.088000e-03 1.862160e-01
123 8.030520e-01 9.128000e-03 1.878200e-01
124 8.015920e-01 9.000000e-03 1.894080e-01
125 8.001960e-01 8.800000e-03 1.910040e-01
126 7.987200e-01 8.664000e-03 1.926160e-01
127 7.971600e-01 8.692000e-03 1.941480e-01
128 7.956680e-01 8.672000e-03 1.956600e-01
129 7.943000e-01 8.508000e-03 1.971920e-01
130 7.929520e-01 8.512000e-03 1.985360e-01
131 7.916160e-01 8.324000e-03 2.000600e-01
132 7.903640e-01 8.172000e-03 2.014640e-01
133 7.890400e-01 7.988000e-03 2.029720e-01
134 7.878120e-01 7.812000e-03 2.043760e-01
135 7.865400e-01 7.696000e-03 2.057640e-01
136 7.853600e-01 7.436000e-03 2.072040e-01
137 7.841840e-01 7.356000e-03 2.084600e-01
138 7.829600e-01 7.304000e-03 2.097360e-01
139 7.816840e-01 7.208000e-03 2.111080e-01
140 7.804520e-01 7.232000e-03 2.123160e-01
141 7.792920e-01 7.208000e-03 2.135000e-01
142 7.781640e-01 6.992000e-03 2.148440e-01
143 7.770160e-01 6.924000e-03 2.160600e-01
144 7.758920e-01 6.828000e-03 2.172800e-01
145 7.747760e-01 6.760000e-03 2.184640e-01
146 7.736200e-01 6.764000e-03 2.196160e-01
147 7.725040e-01 6.688000e-03 2.208080e-01
148 7.715080e-01 6.532000e-03 2.219600e-01
149 7.704040e-01 6.532000e-03 2.230640e-01
150 7.694280e-01 6.356000e-03 2.242160e-01
151 7.683440e-01 6.312000e-03 2.253440e-01
152 7.673960e-01 6.164000e-03 2.264400e-01
153 7.663360e-01 6.160000e-03 2.275040e-01
154 7.652360e-01 6.196000e-03 2.285680e-01
155 7.640480e-01 6.296000e-03 2.296560e-01
156 7.629040e-01 6.412000e-03 2.306840e-01
157 7.617640e-01 6.488000e-03 2.317480e-01
158 7.606040e-01 6.568000e-03 2.328280e-01
159 7.593200e-01 6.600000e-03 2.340800e-01
160 7.581680e-01 6.528000e-03 2.353040e-01
161 7.571080e-01 6.584000e-03 2.363080e-01
162 7.560760e-01 6.500000e-03 2.374240e-01
163 7.549640e-01 6.592000e-03 2.384440e-01
164 7.538840e-01 6.644000e-03 2.394720e-01
165 7.527600e-01 6.540000e-03 2.407000e-01
166 7.517560e-01 6.400000e-03 2.418440e-01
167 7.506920e-01 6.396000e-03 2.429120e-01
168 7.496840e-01 6.236000e-03 2.440800e-01
169 7.487600e-01 6.068000e-03 2.451720e-01
170 7.477760e-01 6.044000e-03 2.461800e-01
171 7.468640e-01 5.872000e-03 2.472640e-01
172 7.458880e-01 5.828000e-03 2.482840e-01
173 7.447920e-01 5.904000e-03 2.493040e-01
174 7.438600e-01 5.840000e-03 2.503000e-01
175 7.428760e-01 5.692000e-03 2.514320e-01
176 7.418960e-01 5.752000e-03 2.523520e-01
177 7.408200e-01 5.800000e-03 2.533800e-01
178 7.397040e-01 5.932000e-03 2.543640e-01
179 7.385600e-01 5.968000e-03 2.554720e-01
180 7.375720e-01 5.868000e-03 2.565600e-01
181 7.365560e-01 5.896000e-03 2.575480e-01
182 7.356400e-01 5.760000e-03 2.586000e-01
183 7.347600e-01 5.608000e-03 2.596320e-01
184 7.338720e-01 5.540000e-03 2.605880e-01
185 7.330040e-01 5.520000e-03 2.614760e-01
186 7.321560e-01 5.512000e-03 2.623320e-01
187 7.312360e-01 5.488000e-03 2.632760e-01
188 7.303400e-01 5.540000e-03 2.641200e-01
189 7.294360e-01 5.500000e-03 2.650640e-01
190 7.286160e-01 5.340000e-03 2.660440e-01
191 7.277280e-01 5.348000e-03 2.669240e-01
192 7.267000e-01 5.492000e-03 2.678080e-01
193 7.257400e-01 5.560000e-03 2.687000e-01
194 7.248400e-01 5.400000e-03 2.697600e-01
195 7.239160e-01 5.264000e-03 2.708200e-01
196 7.230040e-01 5.256000e-03 2.717400e-01
197 7.221360e-01 5.252000e-03 2.726120e-01
198 7.212560e-01 5.204000e-03 2.735400e-01
199 7.203440e-01 5.072000e-03 2.745840e-01
200 7.194120e-01 4.992000e-03 2.755960e-01
201 7.186320e-01 4.984000e-03 2.763840e-01
202 7.178200e-01 4.884000e-03 2.772960e-01
203 7.169520e-01 4.868000e-03 2.781800e-01
204 7.162040e-01 4.828000e-03 2.789680e-01
205 7.155080e-01 4.732000e-03 2.797600e-01
206 7.147120e-01 4.684000e-03 2.806040e-01
207 7.138400e-01 4.860000e-03 2.813000e-01
208 7.130000e-01 4.848000e-03 2.821520e-01
209 7.122240e-01 4.728000e-03 2.830480e-01
210 7.114760e-01 4.752000e-03 2.837720e-01
211 7.107320e-01 4.636000e-03 2.846320e-01
212 7.100280e-01 4.512000e-03 2.854600e-01
213 7.092840e-01 4.496000e-03 2.862200e-01
214 7.086400e-01 4.308000e-03 2.870520e-01
215 7.079160e-01 4.272000e-03 2.878120e-01
216 7.071920e-01 4.196000e-03 2.886120e-01
217 7.063960e-01 4.332000e-03 2.892720e-01
218 7.056680e-01 4.304000e-03 2.900280e-01
219 7.048480e-01 4.368000e-03 2.907840e-01
220 7.040560e-01 4.280000e-03 2.916640e-01
221 7.032840e-01 4.372000e-03 2.923440e-01
222 7.024760e-01 4.324000e-03 2.932000e-01
223 7.017680e-01 4.304000e-03 2.939280e-01
224 7.008960e-01 4.360000e-03 2.947440e-01
225 7.000880e-01 4.460000e-03 2.954520e-01
226 6.992520e-01 4.620000e-03 2.961280e-01
227 6.983960e-01 4.640000e-03 2.969640e-01
228 6.975520e-01 4.668000e-03 2.977800e-01
229 6.968240e-01 4.596000e-03 2.985800e-01
230 6.961200e-01 4.488000e-03 2.993920e-01
231 6.954160e-01 4.464000e-03 3.001200e-01
232 6.946560e-01 4.492000e-03 3.008520e-01
233 6.938600e-01 4.420000e-03 3.017200e-01
234 6.931600e-01 4.408000e-03 3.024320e-01
235 6.924080e-01 4.404000e-03 3.031880e-01
236 6.916920e-01 4.356000e-03 3.039520e-01
237 6.909400e-01 4.368000e-03 3.046920e-01
238 6.902280e-01 4.360000e-03 3.054120e-01
239 6.894920e-01 4.312000e-03 3.061960e-01
240 6.888320e-01 4.304000e-03 3.068640e-01
241 6.881360e-01 4.220000e-03 3.076440e-01
242 6.874240e-01 4.288000e-03 3.082880e-01
243 6.866840e-01 4.260000e-03 3.090560e-01
244 6.858760e-01 4.316000e-03 3.098080e-01
245 6.850560e-01 4.492000e-03 3.104520e-01
246 6.843280e-01 4.436000e-03 3.112360e-01
247 6.836480e-01 4.288000e-03 3.120640e-01
248 6.829480e-01 4.304000e-03 3.127480e-01
249 6.821880e-01 4.312000e-03 3.135000e-01
250 6.814640e-01 4.248000e-03 3.142880e-01
251 6.806880e-01 4.300000e-03 3.150120e-01
252 6.799200e-01 4.264000e-03 3.158160e-01
253 6.793480e-01 4.172000e-03 3.164800e-01
254 6.787000e-01 4.008000e-03 3.172920e-01
255 6.780680e-01 4.012000e-03 3.179200e-01
256 6.773880e-01 3.980000e-03 3.186320e-01
257 6.766640e-01 4.008000e-03 3.193280e-01
258 6.760080e-01 3.952000e-03 3.200400e-01
259 6.752840e-01 3.972000e-03 3.207440e-01
260 6.746000e-01 3.880000e-03 3.215200e-01
261 6.739320e-01 3.856000e-03 3.222120e-01
262 6.731960e-01 3.936000e-03 3.228680e-01
263 6.723800e-01 4.084000e-03 3.235360e-01
264 6.716920e-01 4.052000e-03 3.242560e-01
265 6.709800e-01 4.064000e-03 3.249560e-01
266 6.700920e-01 4.260000e-03 3.256480e-01
267 6.692960e-01 4.440000e-03 3.262640e-01
268 6.684960e-01 4.552000e-03 3.269520e-01
269 6.677120e-01 4.592000e-03 3.276960e-01
270 6.669560e-01 4.572000e-03 3.284720e-01
271 6.662520e-01 4.532000e-03 3.292160e-01
272 6.655920e-01 4.412000e-03 3.299960e-01
273 6.648880e-01 4.344000e-03 3.307680e-01
274 6.642280e-01 4.284000e-03 3.314880e-01
275 6.635640e-01 4.252000e-03 3.321840e-01
276 6.628160e-01 4.220000e-03 3.329640e-01
277 6.622480e-01 4.044000e-03 3.337080e-01
278 6.615920e-01 3.876000e-03 3.345320e-01
279 6.609640e-01 3.868000e-03 3.351680e-01
280 6.602640e-01 3.928000e-03 3.358080e-01
281 6.596080e-01 3.836000e-03 3.365560e-01
282 6.589760e-01 3.752000e-03 3.372720e-01
283 6.583440e-01 3.716000e-03 3.379400e-01
284 6.577080e-01 3.696000e-03 3.385960e-01
285 6.571680e-01 3.604000e-03 3.392280e-01
286 6.565680e-01 3.564000e-03 3.398680e-01
287 6.559560e-01 3.552000e-03 3.404920e-01
288 6.553320e-01 3.576000e-03 3.410920e-01
289 6.546640e-01 3.688000e-03 3.416480e-01
290 6.539840e-01 3.624000e-03 3.423920e-01
291 6.533960e-01 3.532000e-03 3.430720e-01
292 6.527760e-01 3.600000e-03 3.436240e-01
293 6.523320e-01 3.428000e-03 3.442400e-01
294 6.518280e-01 3.292000e-03 3.448800e-01
295 6.513640e-01 3.144000e-03 3.454920e-01
296 6.509000e-01 3.100000e-03 3.460000e-01
297 6.503320e-01 3.048000e-03 3.466200e-01
298 6.497960e-01 3.132000e-03 3.470720e-01
299 6.492240e-01 3.160000e-03 3.476160e-01
300 6.486760e-01 3.148000e-03 3.481760e-01
301 6.481240e-01 3.152000e-03 3.487240e-01
302 6.475640e-01 3.092000e-03 3.493440e-01
303 6.470320e-01 3.128000e-03 3.498400e-01
304 6.463760e-01 3.232000e-03 3.503920e-01
305 6.459040e-01 3.112000e-03 3.509840e-01
306 6.453680e-01 3.028000e-03 3.516040e-01
307 6.447720e-01 3.088000e-03 3.521400e-01
308 6.442440e-01 3.076000e-03 3.526800e-01
309 6.437440e-01 3.060000e-03 3.531960e-01
310 6.431920e-01 3.064000e-03 3.537440e-01
311 6.426560e-01 3.076000e-03 3.542680e-01
312 6.421440e-01 3.052000e-03 3.548040e-01
313 6.417400e-01 2.948000e-03 3.553120e-01
314 6.412760e-01 2.896000e-03 3.558280e-01
315 6.407280e-01 2.920000e-03 3.563520e-01
316 6.401800e-01 2.996000e-03 3.568240e-01
317 6.396200e-01 2.952000e-03 3.574280e-01
318 6.391440e-01 2.860000e-03 3.579960e-01
319 6.386600e-01 2.828000e-03 3.585120e-01
320 6.381920e-01 2.796000e-03 3.590120e-01
321 6.378080e-01 2.712000e-03 3.594800e-01
322 6.374040e-01 2.616000e-03 3.599800e-01
323 6.370240e-01 2.476000e-03 3.605000e-01
324 6.366920e-01 2.360000e-03 3.609480e-01
325 6.363840e-01 2.200000e-03 3.614160e-01
326 6.360920e-01 2.128000e-03 3.617800e-01
327 6.357400e-01 2.108000e-03 3.621520e-01
328 6.354760e-01 1.988000e-03 3.625360e-01
329 6.351480e-01 1.980000e-03 3.628720e-01
330 6.348080e-01 1.976000e-03 3.632160e-01
331 6.345360e-01 1.948000e-03 3.635160e-01
332 6.342160e-01 1.960000e-03 3.638240e-01
333 6.338640e-01 1.984000e-03 3.641520e-01
334 6.334880e-01 1.972000e-03 3.645400e-01
335 6.331840e-01 1.892000e-03 3.649240e-01
336 6.328560e-01 1.904000e-03 3.652400e-01
337 6.326280e-01 1.828000e-03 3.655440e-01
338 6.322840e-01 1.836000e-03 3.658800e-01
339 6.320040e-01 1.788000e-03 3.662080e-01
340 6.317840e-01 1.696000e-03 3.665200e-01
341 6.315120e-01 1.660000e-03 3.668280e-01
342 6.312320e-01 1.628000e-03 3.671400e-01
343 6.310280e-01 1.524000e-03 3.674480e-01
344 6.308160e-01 1.476000e-03 3.677080e-01
345 6.305560e-01 1.472000e-03 3.679720e-01
346 6.303320e-01 1.424000e-03 3.682440e-01
347 6.300440e-01 1.444000e-03 3.685120e-01
348 6.297680e-01 1.460000e-03 3.687720e-01
349 6.294680e-01 1.476000e-03 3.690560e-01
350 6.291920e-01 1.488000e-03 3.693200e-01
351 6.288560e-01 1.528000e-03 3.696160e-01
352 6.285400e-01 1.580000e-03 3.698800e-01
353 6.282720e-01 1.560000e-03 3.701680e-01
354 6.279840e-01 1.552000e-03 3.704640e-01
355 6.276920e-01 1.548000e-03 3.707600e-01
356 6.274320e-01 1.532000e-03 3.710360e-01
357 6.272000e-01 1.484000e-03 3.713160e-01
358 6.269840e-01 1.452000e-03 3.715640e-01
359 6.266880e-01 1.488000e-03 3.718240e-01
360 6.264080e-01 1.536000e-03 3.720560e-01
361 6.261120e-01 1.536000e-03 3.723520e-01
362 6.257840e-01 1.604000e-03 3.726120e-01
363 6.254080e-01 1.676000e-03 3.729160e-01
364 6.251040e-01 1.672000e-03 3.732240e-01
365 6.247920e-01 1.676000e-03 3.735320e-01
366 6.244440e-01 1.772000e-03 3.737840e-01
367 6.241760e-01 1.760000e-03 3.740640e-01
368 6.238840e-01 1.708000e-03 3.744080e-01
369 6.235520e-01 1.772000e-03 3.746760e-01
370 6.232840e-01 1.668000e-03 3.750480e-01
371 6.229520e-01 1.704000e-03 3.753440e-01
372 6.226000e-01 1.740000e-03 3.756600e-01
373 6.222480e-01 1.764000e-03 3.759880e-01
374 6.219040e-01 1.768000e-03 3.763280e-01
375 6.216400e-01 1.732000e-03 3.766280e-01
376 6.212960e-01 1.788000e-03 3.769160e-01
377 6.209680e-01 1.708000e-03 3.773240e-01
378 6.206440e-01 1.752000e-03 3.776040e-01
379 6.203280e-01 1.712000e-03 3.779600e-01
380 6.200360e-01 1.732000e-03 3.782320e-01
381 6.197320e-01 1.708000e-03 3.785600e-01
382 6.194520e-01 1.676000e-03 3.788720e-01
383 6.191680e-01 1.644000e-03 3.791880e-01
384 6.189680e-01 1.548000e-03 3.794840e-01
385 6.186680e-01 1.564000e-03 3.797680e-01
386 6.184640e-01 1.460000e-03 3.800760e-01
387 6.181760e-01 1.456000e-03 3.803680e-01
388 6.178000e-01 1.584000e-03 3.806160e-01
389 6.175080e-01 1.668000e-03 3.808240e-01
390 6.171840e-01 1.716000e-03 3.811000e-01
391 6.169400e-01 1.652000e-03 3.814080e-01
392 6.166560e-01 1.696000e-03 3.816480e-01
393 6.163680e-01 1.656000e-03 3.819760e-01
394 6.161280e-01 1.600000e-03 3.822720e-01
395 6.158880e-01 1.540000e-03 3.825720e-01
396 6.156680e-01 1.508000e-03 3.828240e-01
397 6.154040e-01 1.432000e-03 3.831640e-01
398 6.151920e-01 1.444000e-03 3.833640e-01
399 6.149760e-01 1.392000e-03 3.836320e-01
400 6.147720e-01 1.404000e-03 3.838240e-01
401 6.145320e-01 1.456000e-03 3.840120e-01
402 6.142480e-01 1.412000e-03 3.843400e-01
403 6.139720e-01 1.404000e-03 3.846240e-01
404 6.137000e-01 1.404000e-03 3.848960e-01
405 6.134120e-01 1.496000e-03 3.850920e-01
406 6.130840e-01 1.560000e-03 3.853560e-01
407 6.128600e-01 1.476000e-03 3.856640e-01
408 6.126280e-01 1.448000e-03 3.859240e-01
409 6.123320e-01 1.496000e-03 3.861720e-01
410 6.120720e-01 1.460000e-03 3.864680e-01
411 6.118760e-01 1.396000e-03 3.867280e-01
412 6.116440e-01 1.372000e-03 3.869840e-01
413 6.114560e-01 1.300000e-03 3.872440e-01
414 6.111840e-01 1.336000e-03 3.874800e-01
415 6.109600e-01 1.324000e-03 3.877160e-01
416 6.107400e-01 1.328000e-03 3.879320e-01
417 6.105280e-01 1.352000e-03 3.881200e-01
418 6.103400e-01 1.348000e-03 3.883120e-01
419 6.101520e-01 1.328000e-03 3.885200e-01
420 6.100000e-01 1.272000e-03 3.887280e-01
421 6.097880e-01 1.236000e-03 3.889760e-01
422 6.096400e-01 1.172000e-03 3.891880e-01
423 6.094960e-01 1.128000e-03 3.893760e-01
424 6.093680e-01 1.056000e-03 3.895760e-01
425 6.091960e-01 1.036000e-03 3.897680e-01
426 6.089600e-01 1.048000e-03 3.899920e-01
427 6.087000e-01 1.136000e-03 3.901640e-01
428 6.084920e-01 1.144000e-03 3.903640e-01
429 6.082760e-01 1.120000e-03 3.906040e-01
430 6.081400e-01 1.052000e-03 3.908080e-01
431 6.079880e-01 1.064000e-03 3.909480e-01
432 6.078160e-01 1.032000e-03 3.911520e-01
433 6.077040e-01 8.920000e-04 3.914040e-01
434 6.075600e-01 9.400000e-04 3.915000e-01
435 6.073920e-01 9.240000e-04 3.916840e-01
436 6.071760e-01 1.008000e-03 3.918160e-01
437 6.069760e-01 1.056000e-03 3.919680e-01
438 6.067600e-01 1.076000e-03 3.921640e-01
439 6.065960e-01 1.052000e-03 3.923520e-01
440 6.064640e-01 9.440000e-04 3.925920e-01
441 6.063080e-01 9.760000e-04 3.927160e-01
442 6.061640e-01 9.800000e-04 3.928560e-01
443 6.059920e-01 9.520000e-04 3.930560e-01
444 6.057840e-01 9.440000e-04 3.932720e-01
445 6.056400e-01 9.120000e-04 3.934480e-01
446 6.054840e-01 8.920000e-04 3.936240e-01
447 6.052680e-01 9.320000e-04 3.938000e-01
448 6.050760e-01 9.600000e-04 3.939640e-01
449 6.048240e-01 1.020000e-03 3.941560e-01
450 6.046440e-01 1.044000e-03 3.943120e-01
451 6.044520e-01 1.068000e-03 3.944800e-01
452 6.042400e-01 1.060000e-03 3.947000e-01
453 6.041040e-01 9.640000e-04 3.949320e-01
454 6.039400e-01 9.520000e-04 3.951080e-01
455 6.037520e-01 9.720000e-04 3.952760e-01
456 6.035920e-01 9.360000e-04 3.954720e-01
457 6.034160e-01 9.240000e-04 3.956600e-01
458 6.032480e-01 9.000000e-04 3.958520e-01
459 6.031240e-01 8.840000e-04 3.959920e-01
460 6.029960e-01 8.960000e-04 3.961080e-01
461 6.028280e-01 9.240000e-04 3.962480e-01
462 6.026760e-01 8.920000e-04 3.964320e-01
463 6.025360e-01 9.200000e-04 3.965440e-01
464 6.024320e-01 8.480000e-04 3.967200e-01
465 6.023000e-01 8.600000e-04 3.968400e-01
466 6.021040e-01 9.080000e-04 3.969880e-01
467 6.019840e-01 8.800000e-04 3.971360e-01
468 6.017800e-01 9.400000e-04 3.972800e-01
469 6.016360e-01 9.560000e-04 3.974080e-01
470 6.014520e-01 9.920000e-04 3.975560e-01
471 6.012720e-01 9.800000e-04 3.977480e-01
472 6.010960e-01 9.720000e-04 3.979320e-01
473 6.009160e-01 1.016000e-03 3.980680e-01
474 6.007080e-01 1.024000e-03 3.982680e-01
475 6.005680e-01 9.560000e-04 3.984760e-01
476 6.004360e-01 8.880000e-04 3.986760e-01
477 6.003240e-01 8.600000e-04 3.988160e-01
478 6.002080e-01 8.480000e-04 3.989440e-01
479 6.000960e-01 7.840000e-04 3.991200e-01
480 6.000160e-01 7.200000e-04 3.992640e-01
481 5.998880e-01 7.360000e-04 3.993760e-01
482 5.997440e-01 7.320000e-04 3.995240e-01
483 5.996120e-01 7.280000e-04 3.996600e-01
484 5.995040e-01 7.040000e-04 3.997920e-01
485 5.994000e-01 7.120000e-04 3.998880e-01
486 5.992400e-01 7.040000e-04 4.000560e-01
487 5.991080e-01 7.400000e-04 4.001520e-01
488 5.989720e-01 7.640000e-04 4.002640e-01
489 5.988520e-01 7.240000e-04 4.004240e-01
490 5.986840e-01 7.920000e-04 4.005240e-01
491 5.985080e-01 8.320000e-04 4.006600e-01
492 5.983720e-01 8.400000e-04 4.007880e-01
493 5.982600e-01 8.080000e-04 4.009320e-01
494 5.981520e-01 7.880000e-04 4.010600e-01
495 5.980440e-01 7.520000e-04 4.012040e-01
496 5.978960e-01 7.760000e-04 4.013280e-01
497 5.978080e-01 7.440000e-04 4.014480e-01
498 5.976720e-01 7.360000e-04 4.015920e-01
499 5.975560e-01 7.200000e-04 4.017240e-01
500 5.974200e-01 7.480000e-04 4.018320e-01
