1 9.991440e-01 7.760000e-04 8.000000e-05
2 9.985760e-01 1.152000e-03 2.720000e-04
3 9.979440e-01 1.548000e-03 5.080000e-04
4 9.970840e-01 2.116000e-03 8.000000e-04
5 9.962160e-01 2.576000e-03 1.208000e-03
6 9.953040e-01 3.028000e-03 1.668000e-03
7 9.942280e-01 3.532000e-03 2.240000e-03
8 9.931520e-01 3.912000e-03 2.936000e-03
9 9.920000e-01 4.340000e-03 3.660000e-03
10 9.910800e-01 4.500000e-03 4.420000e-03
11 9.899920e-01 4.712000e-03 5.296000e-03
12 9.889080e-01 5.008000e-03 6.084000e-03
13 9.877640e-01 5.268000e-03 6.968000e-03
14 9.866560e-01 5.416000e-03 7.928000e-03
15 9.854160e-01 5.664000e-03 8.920000e-03
16 9.842000e-01 5.868000e-03 9.932000e-03
17 9.829280e-01 6.132000e-03 1.094000e-02
18 9.816240e-01 6.348000e-03 1.202800e-02
19 9.803240e-01 6.572000e-03 1.310400e-02
20 9.788200e-01 6.940000e-03 1.424000e-02
21 9.773600e-01 6.968000e-03 1.567200e-02
22 9.760480e-01 6.984000e-03 1.696800e-02
23 9.746440e-01 7.120000e-03 1.823600e-02
24 9.733360e-01 7.180000e-03 1.948400e-02
25 9.719720e-01 7.336000e-03 2.069200e-02
26 9.705000e-01 7.540000e-03 2.196000e-02
27 9.690920e-01 7.560000e-03 2.334800e-02
28 9.678320e-01 7.416000e-03 2.475200e-02
29 9.665160e-01 7.572000e-03 2.591200e-02
30 9.653160e-01 7.548000e-03 2.713600e-02
31 9.640000e-01 7.388000e-03 2.861200e-02
32 9.625920e-01 7.500000e-03 2.990800e-02
33 9.611720e-01 7.556000e-03 3.127200e-02
34 9.598320e-01 7.588000e-03 3.258000e-02
35 9.582600e-01 7.704000e-03 3.403600e-02
36 9.568680e-01 7.632000e-03 3.550000e-02
37 9.555560e-01 7.600000e-03 3.684400e-02
38 9.539480e-01 7.808000e-03 3.824400e-02
39 9.523760e-01 7.948000e-03 3.967600e-02
40 9.509000e-01 8.052000e-03 4.104800e-02
41 9.493080e-01 8.096000e-03 4.259600e-02
42 9.477800e-01 8.152000e-03 4.406800e-02
43 9.464960e-01 8.024000e-03 4.548000e-02
44 9.451040e-01 8.020000e-03 4.687600e-02
45 9.437760e-01 7.876000e-03 4.834800e-02
46 9.424800e-01 7.768000e-03 4.975200e-02
47 9.410480e-01 7.768000e-03 5.118400e-02
48 9.396360e-01 7.772000e-03 5.259200e-02
49 9.381880e-01 7.900000e-03 5.391200e-02
50 9.368960e-01 7.716000e-03 5.538800e-02
51 9.355800e-01 7.640000e-03 5.678000e-02
52 9.341600e-01 7.768000e-03 5.807200e-02
53 9.328000e-01 7.736000e-03 5.946400e-02
54 9.313560e-01 7.812000e-03 6.083200e-02
55 9.301080e-01 7.704000e-03 6.218800e-02
56 9.289080e-01 7.624000e-03 6.346800e-02
57 9.276680e-01 7.432000e-03 6.490000e-02
58 9.264560e-01 7.412000e-03 6.613200e-02
59 9.250240e-01 7.604000e-03 6.737200e-02
60 9.236480e-01 7.676000e-03 6.867600e-02
61 9.221880e-01 7.752000e-03 7.006000e-02
62 9.207480e-01 7.872000e-03 7.138000e-02
63 9.191400e-01 8.172000e-03 7.268800e-02
64 9.175720e-01 8.396000e-03 7.403200e-02
65 9.161080e-01 8.592000e-03 7.530000e-02
66 9.144760e-01 8.724000e-03 7.680000e-02
67 9.128960e-01 8.740000e-03 7.836400e-02
68 9.112120e-01 8.748000e-03 8.004000e-02
69 9.097160e-01 8.760000e-03 8.152400e-02
70 9.082720e-01 8.656000e-03 8.307200e-02
71 9.067400e-01 8.648000e-03 8.461200e-02
72 9.053040e-01 8.592000e-03 8.610400e-02
73 9.038920e-01 8.452000e-03 8.765600e-02
74 9.024400e-01 8.408000e-03 8.915200e-02
75 9.009720e-01 8.412000e-03 9.061600e-02
76 8.995120e-01 8.244000e-03 9.224400e-02
77 8.980840e-01 8.260000e-03 9.365600e-02
78 8.966520e-01 8.136000e-03 9.521200e-02
79 8.952400e-01 8.188000e-03 9.657200e-02
80 8.939200e-01 7.984000e-03 9.809600e-02
81 8.924680e-01 8.120000e-03 9.941200e-02
82 8.909440e-01 8.084000e-03 1.009720e-01
83 8.895560e-01 8.008000e-03 1.024360e-01
84 8.881920e-01 7.928000e-03 1.038800e-01
85 8.868840e-01 7.776000e-03 1.053400e-01
86 8.854920e-01 7.900000e-03 1.066080e-01
87 8.840320e-01 8.092000e-03 1.078760e-01
88 8.825320e-01 8.104000e-03 1.093640e-01
89 8.809760e-01 8.304000e-03 1.107200e-01
90 8.793480e-01 8.492000e-03 1.121600e-01
91 8.776320e-01 8.768000e-03 1.136000e-01
92 8.759760e-01 8.808000e-03 1.152160e-01
93 8.743200e-01 8.764000e-03 1.169160e-01
94 8.726280e-01 8.956000e-03 1.184160e-01
95 8.709840e-01 8.912000e-03 1.201040e-01
96 8.693760e-01 8.920000e-03 1.217040e-01
97 8.678520e-01 8.808000e-03 1.233400e-01
98 8.663080e-01 8.860000e-03 1.248320e-01
99 8.647240e-01 8.916000e-03 1.263600e-01
100 8.631480e-01 8.984000e-03 1.278680e-01
101 8.616600e-01 8.944000e-03 1.293960e-01
102 8.601560e-01 8.836000e-03 1.310080e-01
103 8.587400e-01 8.788000e-03 1.324720e-01
104 8.571440e-01 8.808000e-03 1.340480e-01
105 8.557760e-01 8.544000e-03 1.356800e-01
106 8.543400e-01 8.444000e-03 1.372160e-01
107 8.529800e-01 8.376000e-03 1.386440e-01
108 8.516560e-01 8.240000e-03 1.401040e-01
109 8.503280e-01 8.248000e-03 1.414240e-01
110 8.490760e-01 7.952000e-03 1.429720e-01
111 8.478000e-01 7.752000e-03 1.444480e-01
112 8.466160e-01 7.676000e-03 1.457080e-01
113 8.454200e-01 7.660000e-03 1.469200e-01
114 8.441400e-01 7.584000e-03 1.482760e-01
115 8.427040e-01 7.716000e-03 1.495800e-01
116 8.413640e-01 7.740000e-03 1.508960e-01
117 8.399840e-01 7.828000e-03 1.521880e-01
118 8.385800e-01 7.856000e-03 1.535640e-01
119 8.372960e-01 7.764000e-03 1.549400e-01
120 8.359560e-01 7.696000e-03 1.563480e-01
121 8.346080e-01 7.688000e-03 1.577040e-01
122 8.332120e-01 7.876000e-03 1.589120e-01
123 8.318600e-01 7.800000e-03 1.603400e-01
124 8.303320e-01 7.836000e-03 1.618320e-01
125 8.288760e-01 8.032000e-03 1.630920e-01
126 8.273920e-01 8.052000e-03 1.645560e-01
127 8.258800e-01 8.220000e-03 1.659000e-01
128 8.243640e-01 8.244000e-03 1.673920e-01
129 8.228960e-01 8.128000e-03 1.689760e-01
130 8.213480e-01 8.156000e-03 1.704960e-01
131 8.199920e-01 7.984000e-03 1.720240e-01
132 8.187080e-01 7.960000e-03 1.733320e-01
133 8.173800e-01 7.948000e-03 1.746720e-01
134 8.159560e-01 7.936000e-03 1.761080e-01
135 8.145600e-01 8.028000e-03 1.774120e-01
136 8.131560e-01 7.992000e-03 1.788520e-01
137 8.117920e-01 8.024000e-03 1.801840e-01
138 8.104400e-01 7.988000e-03 1.815720e-01
139 8.090680e-01 7.968000e-03 1.829640e-01
140 8.077720e-01 7.836000e-03 1.843920e-01
141 8.064920e-01 7.780000e-03 1.857280e-01
142 8.051320e-01 7.796000e-03 1.870720e-01
143 8.037960e-01 7.812000e-03 1.883920e-01
144 8.026320e-01 7.588000e-03 1.897800e-01
145 8.013240e-01 7.720000e-03 1.909560e-01
146 8.001040e-01 7.588000e-03 1.923080e-01
147 7.990400e-01 7.336000e-03 1.936240e-01
148 7.977680e-01 7.316000e-03 1.949160e-01
149 7.965400e-01 7.268000e-03 1.961920e-01
150 7.953080e-01 7.116000e-03 1.975760e-01
151 7.940080e-01 7.064000e-03 1.989280e-01
152 7.927640e-01 7.196000e-03 2.000400e-01
153 7.915000e-01 7.244000e-03 2.012560e-01
154 7.904240e-01 7.068000e-03 2.025080e-01
155 7.893000e-01 6.916000e-03 2.037840e-01
156 7.882320e-01 6.832000e-03 2.049360e-01
157 7.871280e-01 6.848000e-03 2.060240e-01
158 7.860520e-01 6.784000e-03 2.071640e-01
159 7.849840e-01 6.660000e-03 2.083560e-01
160 7.839360e-01 6.612000e-03 2.094520e-01
161 7.827680e-01 6.616000e-03 2.106160e-01
162 7.817440e-01 6.460000e-03 2.117960e-01
163 7.805840e-01 6.512000e-03 2.129040e-01
164 7.794800e-01 6.560000e-03 2.139600e-01
165 7.783480e-01 6.476000e-03 2.151760e-01
166 7.771880e-01 6.532000e-03 2.162800e-01
167 7.761080e-01 6.444000e-03 2.174480e-01
168 7.750400e-01 6.428000e-03 2.185320e-01
169 7.739480e-01 6.480000e-03 2.195720e-01
170 7.729160e-01 6.456000e-03 2.206280e-01
171 7.717880e-01 6.572000e-03 2.216400e-01
172 7.707960e-01 6.324000e-03 2.228800e-01
173 7.697560e-01 6.228000e-03 2.240160e-01
174 7.687040e-01 6.276000e-03 2.250200e-01
175 7.676480e-01 6.200000e-03 2.261520e-01
176 7.664120e-01 6.432000e-03 2.271560e-01
177 7.653640e-01 6.376000e-03 2.282600e-01
178 7.643040e-01 6.288000e-03 2.294080e-01
179 7.632480e-01 6.192000e-03 2.305600e-01
180 7.621480e-01 6.216000e-03 2.316360e-01
181 7.610200e-01 6.384000e-03 2.325960e-01
182 7.600520e-01 6.200000e-03 2.337480e-01
183 7.590440e-01 6.064000e-03 2.348920e-01
184 7.580000e-01 5.964000e-03 2.360360e-01
185 7.570600e-01 5.836000e-03 2.371040e-01
186 7.560160e-01 5.956000e-03 2.380280e-01
187 7.550440e-01 5.852000e-03 2.391040e-01
188 7.539200e-01 6.040000e-03 2.400400e-01
189 7.527360e-01 6.064000e-03 2.412000e-01
190 7.516160e-01 6.128000e-03 2.422560e-01
191 7.505720e-01 6.064000e-03 2.433640e-01
192 7.495240e-01 5.980000e-03 2.444960e-01
193 7.486920e-01 5.748000e-03 2.455600e-01
194 7.477720e-01 5.780000e-03 2.464480e-01
195 7.467520e-01 5.852000e-03 2.473960e-01
196 7.458000e-01 5.804000e-03 2.483960e-01
197 7.447600e-01 5.892000e-03 2.493480e-01
198 7.438440e-01 5.784000e-03 2.503720e-01
199 7.427880e-01 5.836000e-03 2.513760e-01
200 7.417640e-01 5.712000e-03 2.525240e-01
201 7.408200e-01 5.604000e-03 2.535760e-01
202 7.397920e-01 5.712000e-03 2.544960e-01
203 7.387600e-01 5.840000e-03 2.554000e-01
204 7.377400e-01 5.928000e-03 2.563320e-01
205 7.366240e-01 6.080000e-03 2.572960e-01
206 7.355600e-01 6.024000e-03 2.584160e-01
207 7.346640e-01 5.848000e-03 2.594880e-01
208 7.337800e-01 5.728000e-03 2.604920e-01
209 7.327440e-01 5.740000e-03 2.615160e-01
210 7.317400e-01 5.760000e-03 2.625000e-01
211 7.306520e-01 5.888000e-03 2.634600e-01
212 7.296960e-01 5.852000e-03 2.644520e-01
213 7.287720e-01 5.744000e-03 2.654840e-01
214 7.278600e-01 5.656000e-03 2.664840e-01
215 7.270880e-01 5.444000e-03 2.674680e-01
216 7.262760e-01 5.348000e-03 2.683760e-01
217 7.254560e-01 5.244000e-03 2.693000e-01
218 7.246560e-01 5.192000e-03 2.701520e-01
219 7.238520e-01 5.052000e-03 2.710960e-01
220 7.229440e-01 5.040000e-03 2.720160e-01
221 7.220520e-01 5.092000e-03 2.728560e-01
222 7.211440e-01 5.100000e-03 2.737560e-01
223 7.202400e-01 5.092000e-03 2.746680e-01
224 7.193360e-01 5.032000e-03 2.756320e-01
225 7.184640e-01 4.964000e-03 2.765720e-01
226 7.176320e-01 4.884000e-03 2.774840e-01
227 7.168480e-01 4.840000e-03 2.783120e-01
228 7.161240e-01 4.716000e-03 2.791600e-01
229 7.152760e-01 4.820000e-03 2.799040e-01
230 7.144320e-01 4.816000e-03 2.807520e-01
231 7.137000e-01 4.652000e-03 2.816480e-01
232 7.129200e-01 4.600000e-03 2.824800e-01
233 7.120920e-01 4.540000e-03 2.833680e-01
234 7.113240e-01 4.520000e-03 2.841560e-01
235 7.106440e-01 4.436000e-03 2.849200e-01
236 7.100280e-01 4.228000e-03 2.857440e-01
237 7.094040e-01 4.096000e-03 2.865000e-01
238 7.087320e-01 4.072000e-03 2.871960e-01
239 7.080080e-01 4.116000e-03 2.878760e-01
240 7.073600e-01 4.140000e-03 2.885000e-01
241 7.067120e-01 4.076000e-03 2.892120e-01
242 7.061200e-01 4.004000e-03 2.898760e-01
243 7.054680e-01 4.072000e-03 2.904600e-01
244 7.048200e-01 4.024000e-03 2.911560e-01
245 7.040920e-01 4.088000e-03 2.918200e-01
246 7.034360e-01 4.076000e-03 2.924880e-01
247 7.027280e-01 3.980000e-03 2.932920e-01
248 7.021680e-01 3.832000e-03 2.940000e-01
249 7.015640e-01 3.760000e-03 2.946760e-01
250 7.009640e-01 3.644000e-03 2.953920e-01
251 7.004120e-01 3.588000e-03 2.960000e-01
252 7.000000e-01 3.352000e-03 2.966480e-01
253 6.995480e-01 3.212000e-03 2.972400e-01
254 6.990720e-01 3.112000e-03 2.978160e-01
255 6.985840e-01 3.088000e-03 2.983280e-01
256 6.981320e-01 3.068000e-03 2.988000e-01
257 6.976040e-01 3.076000e-03 2.993200e-01
258 6.971320e-01 3.072000e-03 2.997960e-01
259 6.966320e-01 3.000000e-03 3.003680e-01
260 6.961640e-01 2.960000e-03 3.008760e-01
261 6.956840e-01 2.892000e-03 3.014240e-01
262 6.952280e-01 2.816000e-03 3.019560e-01
263 6.948520e-01 2.764000e-03 3.023840e-01
264 6.943880e-01 2.752000e-03 3.028600e-01
265 6.939480e-01 2.724000e-03 3.033280e-01
266 6.934920e-01 2.700000e-03 3.038080e-01
267 6.931080e-01 2.628000e-03 3.042640e-01
268 6.926720e-01 2.596000e-03 3.047320e-01
269 6.923080e-01 2.548000e-03 3.051440e-01
270 6.919320e-01 2.592000e-03 3.054760e-01
271 6.915360e-01 2.520000e-03 3.059440e-01
272 6.911480e-01 2.436000e-03 3.064160e-01
273 6.907760e-01 2.484000e-03 3.067400e-01
274 6.904360e-01 2.392000e-03 3.071720e-01
275 6.900800e-01 2.352000e-03 3.075680e-01
276 6.896880e-01 2.304000e-03 3.080080e-01
277 6.893480e-01 2.300000e-03 3.083520e-01
278 6.890800e-01 2.216000e-03 3.087040e-01
279 6.887640e-01 2.140000e-03 3.090960e-01
280 6.884160e-01 2.136000e-03 3.094480e-01
281 6.880280e-01 2.132000e-03 3.098400e-01
282 6.877200e-01 2.076000e-03 3.102040e-01
283 6.873480e-01 2.108000e-03 3.105440e-01
284 6.869720e-01 2.148000e-03 3.108800e-01
285 6.865480e-01 2.180000e-03 3.112720e-01
286 6.861800e-01 2.068000e-03 3.117520e-01
287 6.858120e-01 2.068000e-03 3.121200e-01
288 6.855000e-01 2.032000e-03 3.124680e-01
289 6.852200e-01 1.976000e-03 3.128040e-01
290 6.848560e-01 1.908000e-03 3.132360e-01
291 6.845160e-01 1.912000e-03 3.135720e-01
292 6.842360e-01 1.836000e-03 3.139280e-01
293 6.839760e-01 1.740000e-03 3.142840e-01
294 6.836680e-01 1.748000e-03 3.145840e-01
295 6.833920e-01 1.744000e-03 3.148640e-01
296 6.831640e-01 1.716000e-03 3.151200e-01
297 6.828520e-01 1.692000e-03 3.154560e-01
298 6.826160e-01 1.592000e-03 3.157920e-01
299 6.823400e-01 1.616000e-03 3.160440e-01
300 6.820880e-01 1.620000e-03 3.162920e-01
301 6.817560e-01 1.632000e-03 3.166120e-01
302 6.815120e-01 1.592000e-03 3.168960e-01
303 6.812240e-01 1.624000e-03 3.171520e-01
304 6.809400e-01 1.656000e-03 3.174040e-01
305 6.805520e-01 1.708000e-03 3.177400e-01
306 6.802160e-01 1.700000e-03 3.180840e-01
307 6.799120e-01 1.648000e-03 3.184400e-01
308 6.796360e-01 1.628000e-03 3.187360e-01
309 6.793480e-01 1.640000e-03 3.190120e-01
310 6.790880e-01 1.632000e-03 3.192800e-01
311 6.787640e-01 1.708000e-03 3.195280e-01
312 6.784080e-01 1.788000e-03 3.198040e-01
313 6.779960e-01 1.880000e-03 3.201240e-01
314 6.776240e-01 1.828000e-03 3.205480e-01
315 6.773080e-01 1.780000e-03 3.209120e-01
316 6.770080e-01 1.740000e-03 3.212520e-01
317 6.767560e-01 1.728000e-03 3.215160e-01
318 6.765200e-01 1.624000e-03 3.218560e-01
319 6.762640e-01 1.608000e-03 3.221280e-01
320 6.760040e-01 1.624000e-03 3.223720e-01
321 6.757120e-01 1.620000e-03 3.226680e-01
322 6.755200e-01 1.556000e-03 3.229240e-01
323 6.753440e-01 1.448000e-03 3.232080e-01
324 6.751520e-01 1.412000e-03 3.234360e-01
325 6.749440e-01 1.404000e-03 3.236520e-01
326 6.747160e-01 1.376000e-03 3.239080e-01
327 6.745600e-01 1.236000e-03 3.242040e-01
328 6.743440e-01 1.244000e-03 3.244120e-01
329 6.741200e-01 1.228000e-03 3.246520e-01
330 6.738640e-01 1.272000e-03 3.248640e-01
331 6.736840e-01 1.212000e-03 3.251040e-01
332 6.734840e-01 1.184000e-03 3.253320e-01
333 6.733120e-01 1.172000e-03 3.255160e-01
334 6.731920e-01 1.044000e-03 3.257640e-01
335 6.730160e-01 9.920000e-04 3.259920e-01
336 6.728880e-01 9.640000e-04 3.261480e-01
337 6.727360e-01 9.120000e-04 3.263520e-01
338 6.725880e-01 9.120000e-04 3.265000e-01
339 6.724640e-01 8.400000e-04 3.266960e-01
340 6.722840e-01 8.760000e-04 3.268400e-01
341 6.721640e-01 8.640000e-04 3.269720e-01
342 6.720360e-01 8.000000e-04 3.271640e-01
343 6.718840e-01 8.520000e-04 3.272640e-01
344 6.716680e-01 9.160000e-04 3.274160e-01
345 6.714840e-01 9.080000e-04 3.276080e-01
346 6.713040e-01 9.400000e-04 3.277560e-01
347 6.711440e-01 9.680000e-04 3.278880e-01
348 6.710120e-01 9.240000e-04 3.280640e-01
349 6.708600e-01 9.360000e-04 3.282040e-01
350 6.707320e-01 8.960000e-04 3.283720e-01
351 6.705600e-01 8.800000e-04 3.285600e-01
352 6.704040e-01 9.160000e-04 3.286800e-01
353 6.702520e-01 9.640000e-04 3.287840e-01
354 6.701200e-01 9.520000e-04 3.289280e-01
355 6.699680e-01 9.680000e-04 3.290640e-01
356 6.698600e-01 9.200000e-04 3.292200e-01
357 6.697840e-01 8.480000e-04 3.293680e-01
358 6.696480e-01 8.480000e-04 3.295040e-01
359 6.695120e-01 8.480000e-04 3.296400e-01
360 6.693400e-01 8.880000e-04 3.297720e-01
361 6.691840e-01 8.280000e-04 3.299880e-01
362 6.690440e-01 8.160000e-04 3.301400e-01
363 6.689040e-01 8.240000e-04 3.302720e-01
364 6.687520e-01 7.840000e-04 3.304640e-01
365 6.685880e-01 7.960000e-04 3.306160e-01
366 6.684480e-01 8.040000e-04 3.307480e-01
367 6.682920e-01 8.280000e-04 3.308800e-01
368 6.680920e-01 8.880000e-04 3.310200e-01
369 6.679160e-01 8.880000e-04 3.311960e-01
370 6.677520e-01 9.360000e-04 3.313120e-01
371 6.676040e-01 8.680000e-04 3.315280e-01
372 6.674520e-01 8.720000e-04 3.316760e-01
373 6.672720e-01 8.960000e-04 3.318320e-01
374 6.671200e-01 9.040000e-04 3.319760e-01
375 6.669360e-01 9.040000e-04 3.321600e-01
376 6.667840e-01 9.160000e-04 3.323000e-01
377 6.665760e-01 9.960000e-04 3.324280e-01
378 6.664040e-01 9.640000e-04 3.326320e-01
379 6.662160e-01 9.480000e-04 3.328360e-01
380 6.659920e-01 1.004000e-03 3.330040e-01
381 6.657800e-01 1.008000e-03 3.332120e-01
382 6.655840e-01 1.028000e-03 3.333880e-01
383 6.654240e-01 1.008000e-03 3.335680e-01
384 6.652200e-01 1.028000e-03 3.337520e-01
385 6.650360e-01 1.032000e-03 3.339320e-01
386 6.647920e-01 1.072000e-03 3.341360e-01
387 6.645720e-01 1.072000e-03 3.343560e-01
388 6.642920e-01 1.144000e-03 3.345640e-01
389 6.641640e-01 1.088000e-03 3.347480e-01
390 6.639960e-01 1.080000e-03 3.349240e-01
391 6.638080e-01 1.076000e-03 3.351160e-01
392 6.636040e-01 1.068000e-03 3.353280e-01
393 6.633840e-01 1.104000e-03 3.355120e-01
394 6.631800e-01 1.096000e-03 3.357240e-01
395 6.629400e-01 1.144000e-03 3.359160e-01
396 6.627280e-01 1.148000e-03 3.361240e-01
397 6.625280e-01 1.156000e-03 3.363160e-01
398 6.623160e-01 1.180000e-03 3.365040e-01
399 6.621280e-01 1.128000e-03 3.367440e-01
400 6.619160e-01 1.160000e-03 3.369240e-01
401 6.616880e-01 1.208000e-03 3.371040e-01
402 6.614320e-01 1.320000e-03 3.372480e-01
403 6.611960e-01 1.324000e-03 3.374800e-01
404 6.609480e-01 1.316000e-03 3.377360e-01
405 6.607480e-01 1.268000e-03 3.379840e-01
406 6.605000e-01 1.252000e-03 3.382480e-01
407 6.602360e-01 1.280000e-03 3.384840e-01
408 6.599760e-01 1.268000e-03 3.387560e-01
409 6.597040e-01 1.300000e-03 3.389960e-01
410 6.595040e-01 1.328000e-03 3.391680e-01
411 6.592880e-01 1.340000e-03 3.393720e-01
412 6.589800e-01 1.416000e-03 3.396040e-01
413 6.587360e-01 1.488000e-03 3.397760e-01
414 6.584840e-01 1.472000e-03 3.400440e-01
415 6.582360e-01 1.464000e-03 3.403000e-01
416 6.579760e-01 1.464000e-03 3.405600e-01
417 6.577200e-01 1.424000e-03 3.408560e-01
418 6.575360e-01 1.296000e-03 3.411680e-01
419 6.573320e-01 1.280000e-03 3.413880e-01
420 6.571440e-01 1.216000e-03 3.416400e-01
421 6.569320e-01 1.260000e-03 3.418080e-01
422 6.567480e-01 1.196000e-03 3.420560e-01
423 6.565840e-01 1.144000e-03 3.422720e-01
424 6.564280e-01 1.080000e-03 3.424920e-01
425 6.562800e-01 1.024000e-03 3.426960e-01
426 6.561000e-01 1.064000e-03 3.428360e-01
427 6.559000e-01 1.064000e-03 3.430360e-01
428 6.557480e-01 1.012000e-03 3.432400e-01
429 6.555440e-01 1.072000e-03 3.433840e-01
430 6.553520e-01 1.068000e-03 3.435800e-01
431 6.552360e-01 9.640000e-04 3.438000e-01
432 6.550600e-01 9.680000e-04 3.439720e-01
433 6.549040e-01 8.920000e-04 3.442040e-01
434 6.547720e-01 8.720000e-04 3.443560e-01
435 6.546040e-01 8.640000e-04 3.445320e-01
436 6.544840e-01 8.120000e-04 3.447040e-01
437 6.543920e-01 7.680000e-04 3.448400e-01
438 6.543000e-01 7.520000e-04 3.449480e-01
439 6.541320e-01 7.760000e-04 3.450920e-01
440 6.540000e-01 7.760000e-04 3.452240e-01
441 6.538440e-01 8.120000e-04 3.453440e-01
442 6.537000e-01 8.040000e-04 3.454960e-01
443 6.535480e-01 7.880000e-04 3.456640e-01
444 6.534560e-01 7.200000e-04 3.458240e-01
445 6.532920e-01 8.240000e-04 3.458840e-01
446 6.531840e-01 7.760000e-04 3.460400e-01
447 6.530840e-01 7.800000e-04 3.461360e-01
448 6.529840e-01 7.760000e-04 3.462400e-01
449 6.528080e-01 8.400000e-04 3.463520e-01
450 6.526760e-01 8.680000e-04 3.464560e-01
451 6.525200e-01 8.880000e-04 3.465920e-01
452 6.523800e-01 8.640000e-04 3.467560e-01
453 6.522880e-01 7.880000e-04 3.469240e-01
454 6.522240e-01 6.920000e-04 3.470840e-01
455 6.521480e-01 6.680000e-04 3.471840e-01
456 6.520040e-01 7.200000e-04 3.472760e-01
457 6.518360e-01 7.640000e-04 3.474000e-01
458 6.517320e-01 7.240000e-04 3.475440e-01
459 6.515800e-01 7.720000e-04 3.476480e-01
460 6.514680e-01 7.720000e-04 3.477600e-01
461 6.513840e-01 6.640000e-04 3.479520e-01
462 6.512600e-01 6.600000e-04 3.480800e-01
463 6.511840e-01 5.960000e-04 3.482200e-01
464 6.510960e-01 5.920000e-04 3.483120e-01
465 6.510440e-01 5.400000e-04 3.484160e-01
466 6.509720e-01 5.240000e-04 3.485040e-01
467 6.508600e-01 5.520000e-04 3.485880e-01
468 6.507600e-01 5.560000e-04 3.486840e-01
469 6.506880e-01 5.360000e-04 3.487760e-01
470 6.505680e-01 5.960000e-04 3.488360e-01
471 6.504760e-01 5.960000e-04 3.489280e-01
472 6.503440e-01 6.160000e-04 3.490400e-01
473 6.502840e-01 5.880000e-04 3.491280e-01
474 6.502080e-01 5.640000e-04 3.492280e-01
475 6.501200e-01 5.560000e-04 3.493240e-01
476 6.500320e-01 5.520000e-04 3.494160e-01
477 6.499280e-01 5.600000e-04 3.495120e-01
478 6.497960e-01 5.840000e-04 3.496200e-01
479 6.497200e-01 5.800000e-04 3.497000e-01
480 6.495960e-01 6.000000e-04 3.498040e-01
481 6.494480e-01 6.640000e-04 3.498880e-01
482 6.493200e-01 6.440000e-04 3.500360e-01
483 6.492040e-01 6.280000e-04 3.501680e-01
484 6.491160e-01 6.240000e-04 3.502600e-01
485 6.490480e-01 5.880000e-04 3.503640e-01
486 6.489400e-01 5.840000e-04 3.504760e-01
487 6.488760e-01 5.800000e-04 3.505440e-01
488 6.487920e-01 5.520000e-04 3.506560e-01
489 6.487440e-01 5.080000e-04 3.507480e-01
490 6.486480e-01 5.200000e-04 3.508320e-01
491 6.485680e-01 4.880000e-04 3.509440e-01
492 6.484840e-01 5.120000e-04 3.510040e-01
493 6.484000e-01 5.200000e-04 3.510800e-01
494 6.483080e-01 5.360000e-04 3.511560e-01
495 6.482200e-01 5.480000e-04 3.512320e-01
496 6.481040e-01 5.800000e-04 3.513160e-01
497 6.480360e-01 5.560000e-04 3.514080e-01
498 6.479600e-01 5.240000e-04 3.515160e-01
499 6.478680e-01 5.440000e-04 3.515880e-01
500 6.477840e-01 5.440000e-04 3.516720e-01
