1 9.990880e-01 8.160000e-04 9.600000e-05
2 9.985280e-01 1.256000e-03 2.160000e-04
3 9.976880e-01 1.804000e-03 5.080000e-04
4 9.969000e-01 2.272000e-03 8.280000e-04
5 9.961280e-01 2.624000e-03 1.248000e-03
6 9.951080e-01 3.148000e-03 1.744000e-03
7 9.939280e-01 3.732000e-03 2.340000e-03
8 9.926680e-01 4.324000e-03 3.008000e-03
9 9.914440e-01 4.760000e-03 3.796000e-03
10 9.900720e-01 5.244000e-03 4.684000e-03
11 9.887680e-01 5.500000e-03 5.732000e-03
12 9.874240e-01 5.904000e-03 6.672000e-03
13 9.860560e-01 6.296000e-03 7.648000e-03
14 9.845360e-01 6.748000e-03 8.716000e-03
15 9.830720e-01 7.060000e-03 9.868000e-03
16 9.816000e-01 7.188000e-03 1.121200e-02
17 9.799960e-01 7.580000e-03 1.242400e-02
18 9.784040e-01 7.876000e-03 1.372000e-02
19 9.768520e-01 8.012000e-03 1.513600e-02
20 9.752640e-01 8.116000e-03 1.662000e-02
21 9.737280e-01 8.228000e-03 1.804400e-02
22 9.720520e-01 8.528000e-03 1.942000e-02
23 9.703760e-01 8.724000e-03 2.090000e-02
24 9.687640e-01 8.604000e-03 2.263200e-02
25 9.671640e-01 8.744000e-03 2.409200e-02
26 9.654840e-01 8.780000e-03 2.573600e-02
27 9.640120e-01 8.724000e-03 2.726400e-02
28 9.622760e-01 9.004000e-03 2.872000e-02
29 9.604240e-01 9.344000e-03 3.023200e-02
30 9.586960e-01 9.408000e-03 3.189600e-02
31 9.570200e-01 9.364000e-03 3.361600e-02
32 9.551920e-01 9.524000e-03 3.528400e-02
33 9.534400e-01 9.500000e-03 3.706000e-02
34 9.515680e-01 9.676000e-03 3.875600e-02
35 9.498360e-01 9.552000e-03 4.061200e-02
36 9.479640e-01 9.732000e-03 4.230400e-02
37 9.460880e-01 1.004400e-02 4.386800e-02
38 9.441760e-01 1.004800e-02 4.577600e-02
39 9.423800e-01 1.002800e-02 4.759200e-02
40 9.407680e-01 9.732000e-03 4.950000e-02
41 9.391840e-01 9.588000e-03 5.122800e-02
42 9.375760e-01 9.648000e-03 5.277600e-02
43 9.358680e-01 9.864000e-03 5.426800e-02
44 9.340120e-01 9.972000e-03 5.601600e-02
45 9.321040e-01 1.014400e-02 5.775200e-02
46 9.300640e-01 1.033200e-02 5.960400e-02
47 9.282480e-01 1.036000e-02 6.139200e-02
48 9.263680e-01 1.042000e-02 6.321200e-02
49 9.245440e-01 1.035600e-02 6.510000e-02
50 9.227240e-01 1.038800e-02 6.688800e-02
51 9.208920e-01 1.040000e-02 6.870800e-02
52 9.191640e-01 1.032400e-02 7.051200e-02
53 9.173080e-01 1.042400e-02 7.226800e-02
54 9.155520e-01 1.036800e-02 7.408000e-02
55 9.136560e-01 1.041200e-02 7.593200e-02
56 9.118880e-01 1.048400e-02 7.762800e-02
57 9.102440e-01 1.028000e-02 7.947600e-02
58 9.085760e-01 1.004800e-02 8.137600e-02
59 9.069040e-01 9.956000e-03 8.314000e-02
60 9.051680e-01 9.844000e-03 8.498800e-02
61 9.035000e-01 9.752000e-03 8.674800e-02
62 9.017640e-01 9.860000e-03 8.837600e-02
63 9.001000e-01 9.768000e-03 9.013200e-02
64 8.982760e-01 9.948000e-03 9.177600e-02
65 8.964400e-01 1.008800e-02 9.347200e-02
66 8.947160e-01 1.010000e-02 9.518400e-02
67 8.930640e-01 9.936000e-03 9.700000e-02
68 8.912800e-01 9.956000e-03 9.876400e-02
69 8.895360e-01 1.002000e-02 1.004440e-01
70 8.878800e-01 9.876000e-03 1.022440e-01
71 8.862560e-01 9.672000e-03 1.040720e-01
72 8.844920e-01 9.832000e-03 1.056760e-01
73 8.827680e-01 9.880000e-03 1.073520e-01
74 8.810520e-01 9.948000e-03 1.090000e-01
75 8.793120e-01 1.000000e-02 1.106880e-01
76 8.776360e-01 9.944000e-03 1.124200e-01
77 8.760280e-01 9.812000e-03 1.141600e-01
78 8.742360e-01 9.876000e-03 1.158880e-01
79 8.727440e-01 9.532000e-03 1.177240e-01
80 8.711000e-01 9.576000e-03 1.193240e-01
81 8.695120e-01 9.456000e-03 1.210320e-01
82 8.677880e-01 9.628000e-03 1.225840e-01
83 8.659640e-01 9.872000e-03 1.241640e-01
84 8.640520e-01 1.002800e-02 1.259200e-01
85 8.622480e-01 1.021200e-02 1.275400e-01
86 8.605720e-01 1.012800e-02 1.293000e-01
87 8.588000e-01 1.006400e-02 1.311360e-01
88 8.571160e-01 1.005600e-02 1.328280e-01
89 8.554680e-01 9.984000e-03 1.345480e-01
90 8.539120e-01 9.800000e-03 1.362880e-01
91 8.522920e-01 9.776000e-03 1.379320e-01
92 8.506680e-01 9.656000e-03 1.396760e-01
93 8.491840e-01 9.528000e-03 1.412880e-01
94 8.475720e-01 9.580000e-03 1.428480e-01
95 8.460480e-01 9.416000e-03 1.445360e-01
96 8.443960e-01 9.452000e-03 1.461520e-01
97 8.428400e-01 9.396000e-03 1.477640e-01
98 8.411960e-01 9.600000e-03 1.492040e-01
99 8.395160e-01 9.660000e-03 1.508240e-01
100 8.378640e-01 9.632000e-03 1.525040e-01
101 8.360720e-01 9.724000e-03 1.542040e-01
102 8.342600e-01 9.936000e-03 1.558040e-01
103 8.324040e-01 1.010000e-02 1.574960e-01
104 8.307200e-01 9.892000e-03 1.593880e-01
105 8.290520e-01 9.656000e-03 1.612920e-01
106 8.274400e-01 9.548000e-03 1.630120e-01
107 8.258160e-01 9.476000e-03 1.647080e-01
108 8.241520e-01 9.440000e-03 1.664080e-01
109 8.223800e-01 9.392000e-03 1.682280e-01
110 8.209720e-01 9.160000e-03 1.698680e-01
111 8.195520e-01 8.816000e-03 1.716320e-01
112 8.179360e-01 8.956000e-03 1.731080e-01
113 8.164680e-01 8.740000e-03 1.747920e-01
114 8.148800e-01 8.668000e-03 1.764520e-01
115 8.132920e-01 8.864000e-03 1.778440e-01
116 8.116280e-01 9.036000e-03 1.793360e-01
117 8.100440e-01 8.956000e-03 1.810000e-01
118 8.086400e-01 8.832000e-03 1.825280e-01
119 8.072120e-01 8.696000e-03 1.840920e-01
120 8.055000e-01 8.860000e-03 1.856400e-01
121 8.038800e-01 9.088000e-03 1.870320e-01
122 8.022880e-01 9.112000e-03 1.886000e-01
123 8.008480e-01 8.820000e-03 1.903320e-01
124 7.995040e-01 8.624000e-03 1.918720e-01
125 7.980800e-01 8.544000e-03 1.933760e-01
126 7.965800e-01 8.440000e-03 1.949800e-01
127 7.952120e-01 8.224000e-03 1.965640e-01
128 7.937520e-01 8.200000e-03 1.980480e-01
129 7.923280e-01 8.220000e-03 1.994520e-01
130 7.909560e-01 8.168000e-03 2.008760e-01
131 7.895880e-01 8.140000e-03 2.022720e-01
132 7.881200e-01 8.336000e-03 2.035440e-01
133 7.867600e-01 8.292000e-03 2.049480e-01
134 7.854040e-01 8.152000e-03 2.064440e-01
135 7.839480e-01 8.132000e-03 2.079200e-01
136 7.825200e-01 8.084000e-03 2.093960e-01
137 7.810040e-01 8.220000e-03 2.107760e-01
138 7.796720e-01 8.160000e-03 2.121680e-01
139 7.783200e-01 8.140000e-03 2.135400e-01
140 7.769880e-01 8.132000e-03 2.148800e-01
141 7.756320e-01 8.116000e-03 2.162520e-01
142 7.742800e-01 8.080000e-03 2.176400e-01
143 7.729280e-01 7.872000e-03 2.192000e-01
144 7.716760e-01 7.804000e-03 2.205200e-01
145 7.704520e-01 7.672000e-03 2.218760e-01
146 7.692960e-01 7.356000e-03 2.233480e-01
147 7.680600e-01 7.316000e-03 2.246240e-01
148 7.668360e-01 7.272000e-03 2.258920e-01
149 7.655960e-01 7.348000e-03 2.270560e-01
150 7.641360e-01 7.560000e-03 2.283040e-01
151 7.627920e-01 7.596000e-03 2.296120e-01
152 7.614640e-01 7.560000e-03 2.309760e-01
153 7.601040e-01 7.552000e-03 2.323440e-01
154 7.589480e-01 7.412000e-03 2.336400e-01
155 7.577080e-01 7.392000e-03 2.349000e-01
156 7.563880e-01 7.396000e-03 2.362160e-01
157 7.551200e-01 7.368000e-03 2.375120e-01
158 7.537480e-01 7.496000e-03 2.387560e-01
159 7.524400e-01 7.476000e-03 2.400840e-01
160 7.512000e-01 7.368000e-03 2.414320e-01
161 7.500240e-01 7.304000e-03 2.426720e-01
162 7.487880e-01 7.272000e-03 2.439400e-01
163 7.477240e-01 7.052000e-03 2.452240e-01
164 7.466120e-01 6.944000e-03 2.464440e-01
165 7.453640e-01 7.032000e-03 2.476040e-01
166 7.441000e-01 7.072000e-03 2.488280e-01
167 7.428680e-01 7.044000e-03 2.500880e-01
168 7.416120e-01 7.140000e-03 2.512480e-01
169 7.403400e-01 7.340000e-03 2.523200e-01
170 7.391840e-01 7.212000e-03 2.536040e-01
171 7.379800e-01 7.164000e-03 2.548560e-01
172 7.368200e-01 7.104000e-03 2.560760e-01
173 7.358600e-01 6.800000e-03 2.573400e-01
174 7.348280e-01 6.676000e-03 2.584960e-01
175 7.336240e-01 6.796000e-03 2.595800e-01
176 7.325280e-01 6.684000e-03 2.607880e-01
177 7.314640e-01 6.668000e-03 2.618680e-01
178 7.305320e-01 6.444000e-03 2.630240e-01
179 7.294520e-01 6.364000e-03 2.641840e-01
180 7.285160e-01 6.128000e-03 2.653560e-01
181 7.275080e-01 6.092000e-03 2.664000e-01
182 7.265240e-01 6.080000e-03 2.673960e-01
183 7.255280e-01 6.004000e-03 2.684680e-01
184 7.244960e-01 6.044000e-03 2.694600e-01
185 7.234800e-01 6.024000e-03 2.704960e-01
186 7.225160e-01 5.900000e-03 2.715840e-01
187 7.215480e-01 5.868000e-03 2.725840e-01
188 7.205480e-01 5.816000e-03 2.736360e-01
189 7.195840e-01 5.732000e-03 2.746840e-01
190 7.186720e-01 5.608000e-03 2.757200e-01
191 7.176680e-01 5.552000e-03 2.767800e-01
192 7.167200e-01 5.560000e-03 2.777200e-01
193 7.157920e-01 5.528000e-03 2.786800e-01
194 7.149200e-01 5.516000e-03 2.795640e-01
195 7.140800e-01 5.376000e-03 2.805440e-01
196 7.132320e-01 5.200000e-03 2.815680e-01
197 7.122840e-01 5.312000e-03 2.824040e-01
198 7.113520e-01 5.404000e-03 2.832440e-01
199 7.104680e-01 5.276000e-03 2.842560e-01
200 7.096640e-01 5.128000e-03 2.852080e-01
201 7.088160e-01 5.088000e-03 2.860960e-01
202 7.079160e-01 5.076000e-03 2.870080e-01
203 7.071520e-01 4.992000e-03 2.878560e-01
204 7.061840e-01 5.180000e-03 2.886360e-01
205 7.053560e-01 5.092000e-03 2.895520e-01
206 7.045760e-01 5.000000e-03 2.904240e-01
207 7.038280e-01 4.876000e-03 2.912960e-01
208 7.031480e-01 4.724000e-03 2.921280e-01
209 7.025280e-01 4.564000e-03 2.929080e-01
210 7.018440e-01 4.464000e-03 2.936920e-01
211 7.011360e-01 4.380000e-03 2.944840e-01
212 7.004760e-01 4.272000e-03 2.952520e-01
213 6.998120e-01 4.132000e-03 2.960560e-01
214 6.991240e-01 4.096000e-03 2.967800e-01
215 6.984680e-01 4.064000e-03 2.974680e-01
216 6.978920e-01 3.864000e-03 2.982440e-01
217 6.973960e-01 3.636000e-03 2.989680e-01
218 6.968520e-01 3.604000e-03 2.995440e-01
219 6.963200e-01 3.532000e-03 3.001480e-01
220 6.957640e-01 3.456000e-03 3.007800e-01
221 6.952040e-01 3.332000e-03 3.014640e-01
222 6.946080e-01 3.344000e-03 3.020480e-01
223 6.939880e-01 3.396000e-03 3.026160e-01
224 6.933680e-01 3.348000e-03 3.032840e-01
225 6.926960e-01 3.424000e-03 3.038800e-01
226 6.921560e-01 3.412000e-03 3.044320e-01
227 6.914840e-01 3.476000e-03 3.050400e-01
228 6.909440e-01 3.480000e-03 3.055760e-01
229 6.903320e-01 3.396000e-03 3.062720e-01
230 6.897040e-01 3.400000e-03 3.068960e-01
231 6.891320e-01 3.328000e-03 3.075400e-01
232 6.885760e-01 3.348000e-03 3.080760e-01
233 6.880400e-01 3.324000e-03 3.086360e-01
234 6.874000e-01 3.396000e-03 3.092040e-01
235 6.868560e-01 3.300000e-03 3.098440e-01
236 6.862640e-01 3.424000e-03 3.103120e-01
237 6.857520e-01 3.400000e-03 3.108480e-01
238 6.851520e-01 3.432000e-03 3.114160e-01
239 6.844480e-01 3.560000e-03 3.119920e-01
240 6.838640e-01 3.484000e-03 3.126520e-01
241 6.831720e-01 3.584000e-03 3.132440e-01
242 6.825320e-01 3.632000e-03 3.138360e-01
243 6.819680e-01 3.564000e-03 3.144680e-01
244 6.812520e-01 3.600000e-03 3.151480e-01
245 6.807080e-01 3.488000e-03 3.158040e-01
246 6.800720e-01 3.484000e-03 3.164440e-01
247 6.795480e-01 3.432000e-03 3.170200e-01
248 6.789520e-01 3.396000e-03 3.176520e-01
249 6.783560e-01 3.408000e-03 3.182360e-01
250 6.777000e-01 3.536000e-03 3.187640e-01
251 6.771480e-01 3.364000e-03 3.194880e-01
252 6.765760e-01 3.300000e-03 3.201240e-01
253 6.758920e-01 3.400000e-03 3.207080e-01
254 6.753600e-01 3.364000e-03 3.212760e-01
255 6.748760e-01 3.252000e-03 3.218720e-01
256 6.743360e-01 3.208000e-03 3.224560e-01
257 6.737360e-01 3.240000e-03 3.230240e-01
258 6.731160e-01 3.308000e-03 3.235760e-01
259 6.725640e-01 3.204000e-03 3.242320e-01
260 6.719240e-01 3.280000e-03 3.247960e-01
261 6.714160e-01 3.180000e-03 3.254040e-01
262 6.708360e-01 3.212000e-03 3.259520e-01
263 6.702720e-01 3.264000e-03 3.264640e-01
264 6.696720e-01 3.352000e-03 3.269760e-01
265 6.692000e-01 3.228000e-03 3.275720e-01
266 6.686560e-01 3.240000e-03 3.281040e-01
267 6.681160e-01 3.220000e-03 3.286640e-01
268 6.675480e-01 3.228000e-03 3.292240e-01
269 6.669400e-01 3.392000e-03 3.296680e-01
270 6.662920e-01 3.516000e-03 3.301920e-01
271 6.656720e-01 3.584000e-03 3.307440e-01
272 6.651280e-01 3.592000e-03 3.312800e-01
273 6.645320e-01 3.564000e-03 3.319040e-01
274 6.640080e-01 3.496000e-03 3.324960e-01
275 6.635560e-01 3.388000e-03 3.330560e-01
276 6.630800e-01 3.300000e-03 3.336200e-01
277 6.625800e-01 3.284000e-03 3.341360e-01
278 6.621280e-01 3.204000e-03 3.346680e-01
279 6.615840e-01 3.192000e-03 3.352240e-01
280 6.611560e-01 3.120000e-03 3.357240e-01
281 6.606280e-01 3.168000e-03 3.362040e-01
282 6.600480e-01 3.164000e-03 3.367880e-01
283 6.595360e-01 3.124000e-03 3.373400e-01
284 6.589680e-01 3.132000e-03 3.379000e-01
285 6.585040e-01 3.024000e-03 3.384720e-01
286 6.580480e-01 2.904000e-03 3.390480e-01
287 6.575200e-01 2.936000e-03 3.395440e-01
288 6.569800e-01 2.876000e-03 3.401440e-01
289 6.565080e-01 2.864000e-03 3.406280e-01
290 6.560360e-01 2.796000e-03 3.411680e-01
291 6.555160e-01 2.832000e-03 3.416520e-01
292 6.551120e-01 2.772000e-03 3.421160e-01
293 6.546480e-01 2.724000e-03 3.426280e-01
294 6.541800e-01 2.692000e-03 3.431280e-01
295 6.536800e-01 2.720000e-03 3.436000e-01
296 6.532120e-01 2.640000e-03 3.441480e-01
297 6.527040e-01 2.696000e-03 3.446000e-01
298 6.522920e-01 2.604000e-03 3.451040e-01
299 6.518520e-01 2.524000e-03 3.456240e-01
300 6.514320e-01 2.532000e-03 3.460360e-01
301 6.510120e-01 2.520000e-03 3.464680e-01
302 6.505720e-01 2.516000e-03 3.469120e-01
303 6.501400e-01 2.456000e-03 3.474040e-01
304 6.496640e-01 2.532000e-03 3.478040e-01
305 6.491920e-01 2.576000e-03 3.482320e-01
306 6.488400e-01 2.428000e-03 3.487320e-01
307 6.484760e-01 2.328000e-03 3.491960e-01
308 6.480680e-01 2.372000e-03 3.495600e-01
309 6.475760e-01 2.448000e-03 3.499760e-01
310 6.470520e-01 2.504000e-03 3.504440e-01
311 6.466200e-01 2.424000e-03 3.509560e-01
312 6.461920e-01 2.412000e-03 3.513960e-01
313 6.458240e-01 2.428000e-03 3.517480e-01
314 6.453600e-01 2.420000e-03 3.522200e-01
315 6.449880e-01 2.408000e-03 3.526040e-01
316 6.445560e-01 2.420000e-03 3.530240e-01
317 6.441160e-01 2.392000e-03 3.534920e-01
318 6.437840e-01 2.288000e-03 3.539280e-01
319 6.434200e-01 2.224000e-03 3.543560e-01
320 6.431120e-01 2.260000e-03 3.546280e-01
321 6.427640e-01 2.192000e-03 3.550440e-01
322 6.423960e-01 2.196000e-03 3.554080e-01
323 6.420320e-01 2.184000e-03 3.557840e-01
324 6.417240e-01 2.096000e-03 3.561800e-01
325 6.414520e-01 1.968000e-03 3.565800e-01
326 6.410840e-01 1.968000e-03 3.569480e-01
327 6.407400e-01 1.976000e-03 3.572840e-01
328 6.404080e-01 1.948000e-03 3.576440e-01
329 6.401200e-01 1.924000e-03 3.579560e-01
330 6.396200e-01 2.048000e-03 3.583320e-01
331 6.392680e-01 2.052000e-03 3.586800e-01
332 6.387080e-01 2.168000e-03 3.591240e-01
333 6.383120e-01 2.212000e-03 3.594760e-01
334 6.379640e-01 2.148000e-03 3.598880e-01
335 6.376160e-01 2.140000e-03 3.602440e-01
336 6.372560e-01 2.112000e-03 3.606320e-01
337 6.368880e-01 2.084000e-03 3.610280e-01
338 6.364640e-01 2.164000e-03 3.613720e-01
339 6.361520e-01 2.080000e-03 3.617680e-01
340 6.358320e-01 2.064000e-03 3.621040e-01
341 6.354280e-01 2.108000e-03 3.624640e-01
342 6.351320e-01 1.996000e-03 3.628720e-01
343 6.348000e-01 2.012000e-03 3.631880e-01
344 6.344840e-01 1.960000e-03 3.635560e-01
345 6.341480e-01 1.940000e-03 3.639120e-01
346 6.338760e-01 1.900000e-03 3.642240e-01
347 6.335120e-01 1.944000e-03 3.645440e-01
348 6.332200e-01 1.904000e-03 3.648760e-01
349 6.329720e-01 1.804000e-03 3.652240e-01
350 6.326080e-01 1.896000e-03 3.654960e-01
351 6.323040e-01 1.896000e-03 3.658000e-01
352 6.320040e-01 1.880000e-03 3.661160e-01
353 6.316400e-01 1.868000e-03 3.664920e-01
354 6.312480e-01 1.904000e-03 3.668480e-01
355 6.308800e-01 1.948000e-03 3.671720e-01
356 6.305160e-01 1.964000e-03 3.675200e-01
357 6.302600e-01 1.932000e-03 3.678080e-01
358 6.298800e-01 1.936000e-03 3.681840e-01
359 6.295200e-01 1.916000e-03 3.685640e-01
360 6.291600e-01 1.956000e-03 3.688840e-01
361 6.288640e-01 1.880000e-03 3.692560e-01
362 6.285840e-01 1.864000e-03 3.695520e-01
363 6.282040e-01 1.888000e-03 3.699080e-01
364 6.279400e-01 1.772000e-03 3.702880e-01
365 6.276360e-01 1.784000e-03 3.705800e-01
366 6.272640e-01 1.880000e-03 3.708560e-01
367 6.269520e-01 1.828000e-03 3.712200e-01
368 6.266760e-01 1.768000e-03 3.715560e-01
369 6.262920e-01 1.796000e-03 3.719120e-01
370 6.259640e-01 1.824000e-03 3.722120e-01
371 6.256880e-01 1.688000e-03 3.726240e-01
372 6.253880e-01 1.688000e-03 3.729240e-01
373 6.250920e-01 1.680000e-03 3.732280e-01
374 6.248520e-01 1.656000e-03 3.734920e-01
375 6.245680e-01 1.596000e-03 3.738360e-01
376 6.242520e-01 1.608000e-03 3.741400e-01
377 6.239720e-01 1.616000e-03 3.744120e-01
378 6.236920e-01 1.596000e-03 3.747120e-01
379 6.234000e-01 1.648000e-03 3.749520e-01
380 6.231560e-01 1.608000e-03 3.752360e-01
381 6.228880e-01 1.588000e-03 3.755240e-01
382 6.226400e-01 1.572000e-03 3.757880e-01
383 6.223840e-01 1.588000e-03 3.760280e-01
384 6.221440e-01 1.576000e-03 3.762800e-01
385 6.219000e-01 1.536000e-03 3.765640e-01
386 6.217000e-01 1.432000e-03 3.768680e-01
387 6.214480e-01 1.452000e-03 3.771000e-01
388 6.212480e-01 1.384000e-03 3.773680e-01
389 6.210720e-01 1.296000e-03 3.776320e-01
390 6.209160e-01 1.204000e-03 3.778800e-01
391 6.207000e-01 1.212000e-03 3.780880e-01
392 6.204920e-01 1.196000e-03 3.783120e-01
393 6.203200e-01 1.164000e-03 3.785160e-01
394 6.201120e-01 1.168000e-03 3.787200e-01
395 6.199080e-01 1.192000e-03 3.789000e-01
396 6.197320e-01 1.176000e-03 3.790920e-01
397 6.195000e-01 1.184000e-03 3.793160e-01
398 6.193360e-01 1.104000e-03 3.795600e-01
399 6.191840e-01 1.028000e-03 3.797880e-01
400 6.190520e-01 1.008000e-03 3.799400e-01
401 6.188640e-01 1.012000e-03 3.801240e-01
402 6.187040e-01 1.000000e-03 3.802960e-01
403 6.185880e-01 9.920000e-04 3.804200e-01
404 6.184080e-01 9.760000e-04 3.806160e-01
405 6.182400e-01 9.760000e-04 3.807840e-01
406 6.179440e-01 1.096000e-03 3.809600e-01
407 6.177160e-01 1.132000e-03 3.811520e-01
408 6.175240e-01 1.152000e-03 3.813240e-01
409 6.173840e-01 1.108000e-03 3.815080e-01
410 6.171800e-01 1.072000e-03 3.817480e-01
411 6.169760e-01 1.128000e-03 3.818960e-01
412 6.167720e-01 1.112000e-03 3.821160e-01
413 6.165920e-01 1.076000e-03 3.823320e-01
414 6.163920e-01 1.076000e-03 3.825320e-01
415 6.161960e-01 1.064000e-03 3.827400e-01
416 6.160040e-01 1.064000e-03 3.829320e-01
417 6.157880e-01 1.068000e-03 3.831440e-01
418 6.156120e-01 1.136000e-03 3.832520e-01
419 6.154280e-01 1.140000e-03 3.834320e-01
420 6.151720e-01 1.212000e-03 3.836160e-01
421 6.149440e-01 1.252000e-03 3.838040e-01
422 6.147320e-01 1.260000e-03 3.840080e-01
423 6.144960e-01 1.292000e-03 3.842120e-01
424 6.142080e-01 1.388000e-03 3.844040e-01
425 6.139760e-01 1.376000e-03 3.846480e-01
426 6.137240e-01 1.432000e-03 3.848440e-01
427 6.134920e-01 1.412000e-03 3.850960e-01
428 6.132080e-01 1.452000e-03 3.853400e-01
429 6.130000e-01 1.400000e-03 3.856000e-01
430 6.127760e-01 1.420000e-03 3.858040e-01
431 6.125520e-01 1.396000e-03 3.860520e-01
432 6.123560e-01 1.340000e-03 3.863040e-01
433 6.121400e-01 1.296000e-03 3.865640e-01
434 6.118960e-01 1.348000e-03 3.867560e-01
435 6.117160e-01 1.324000e-03 3.869600e-01
436 6.115400e-01 1.284000e-03 3.871760e-01
437 6.113400e-01 1.212000e-03 3.874480e-01
438 6.111480e-01 1.252000e-03 3.876000e-01
439 6.109200e-01 1.240000e-03 3.878400e-01
440 6.106760e-01 1.284000e-03 3.880400e-01
441 6.104360e-01 1.356000e-03 3.882080e-01
442 6.102400e-01 1.360000e-03 3.884000e-01
443 6.100080e-01 1.340000e-03 3.886520e-01
444 6.098000e-01 1.300000e-03 3.889000e-01
445 6.095560e-01 1.316000e-03 3.891280e-01
446 6.093280e-01 1.328000e-03 3.893440e-01
447 6.091120e-01 1.364000e-03 3.895240e-01
448 6.089120e-01 1.388000e-03 3.897000e-01
449 6.087080e-01 1.312000e-03 3.899800e-01
450 6.084200e-01 1.360000e-03 3.902200e-01
451 6.081520e-01 1.392000e-03 3.904560e-01
452 6.078880e-01 1.428000e-03 3.906840e-01
453 6.076280e-01 1.444000e-03 3.909280e-01
454 6.073680e-01 1.448000e-03 3.911840e-01
455 6.071240e-01 1.396000e-03 3.914800e-01
456 6.068640e-01 1.392000e-03 3.917440e-01
457 6.066280e-01 1.368000e-03 3.920040e-01
458 6.063840e-01 1.348000e-03 3.922680e-01
459 6.061880e-01 1.296000e-03 3.925160e-01
460 6.059640e-01 1.280000e-03 3.927560e-01
461 6.057280e-01 1.312000e-03 3.929600e-01
462 6.055160e-01 1.344000e-03 3.931400e-01
463 6.053120e-01 1.308000e-03 3.933800e-01
464 6.050240e-01 1.408000e-03 3.935680e-01
465 6.048160e-01 1.396000e-03 3.937880e-01
466 6.045880e-01 1.392000e-03 3.940200e-01
467 6.043360e-01 1.356000e-03 3.943080e-01
468 6.041120e-01 1.324000e-03 3.945640e-01
469 6.038240e-01 1.392000e-03 3.947840e-01
470 6.035000e-01 1.468000e-03 3.950320e-01
471 6.032720e-01 1.444000e-03 3.952840e-01
472 6.031000e-01 1.396000e-03 3.955040e-01
473 6.028480e-01 1.392000e-03 3.957600e-01
474 6.025880e-01 1.408000e-03 3.960040e-01
475 6.023320e-01 1.408000e-03 3.962600e-01
476 6.020240e-01 1.396000e-03 3.965800e-01
477 6.016560e-01 1.528000e-03 3.968160e-01
478 6.014440e-01 1.440000e-03 3.971160e-01
479 6.011920e-01 1.464000e-03 3.973440e-01
480 6.009240e-01 1.488000e-03 3.975880e-01
481 6.006720e-01 1.456000e-03 3.978720e-01
482 6.004040e-01 1.488000e-03 3.981080e-01
483 6.000840e-01 1.540000e-03 3.983760e-01
484 5.998160e-01 1.532000e-03 3.986520e-01
485 5.995400e-01 1.524000e-03 3.989360e-01
486 5.993080e-01 1.516000e-03 3.991760e-01
487 5.989800e-01 1.544000e-03 3.994760e-01
488 5.987040e-01 1.608000e-03 3.996880e-01
489 5.983720e-01 1.680000e-03 3.999480e-01
490 5.980920e-01 1.684000e-03 4.002240e-01
491 5.978400e-01 1.624000e-03 4.005360e-01
492 5.976080e-01 1.592000e-03 4.008000e-01
493 5.973240e-01 1.664000e-03 4.010120e-01
494 5.970880e-01 1.620000e-03 4.012920e-01
495 5.967400e-01 1.708000e-03 4.015520e-01
496 5.964080e-01 1.748000e-03 4.018440e-01
497 5.961280e-01 1.728000e-03 4.021440e-01
498 5.957920e-01 1.748000e-03 4.024600e-01
499 5.955160e-01 1.708000e-03 4.027760e-01
500 5.952480e-01 1.676000e-03 4.030760e-01
