1 9.992720e-01 6.360000e-04 9.200000e-05
2 9.987480e-01 9.920000e-04 2.600000e-04
3 9.981400e-01 1.416000e-03 4.440000e-04
4 9.975760e-01 1.684000e-03 7.400000e-04
5 9.967720e-01 2.148000e-03 1.080000e-03
6 9.958920e-01 2.676000e-03 1.432000e-03
7 9.949960e-01 3.084000e-03 1.920000e-03
8 9.941160e-01 3.428000e-03 2.456000e-03
9 9.929520e-01 3.944000e-03 3.104000e-03
10 9.920760e-01 4.076000e-03 3.848000e-03
11 9.911520e-01 4.380000e-03 4.468000e-03
12 9.900640e-01 4.592000e-03 5.344000e-03
13 9.889800e-01 4.888000e-03 6.132000e-03
14 9.880160e-01 5.008000e-03 6.976000e-03
15 9.869720e-01 5.072000e-03 7.956000e-03
16 9.859440e-01 5.152000e-03 8.904000e-03
17 9.847880e-01 5.356000e-03 9.856000e-03
18 9.836760e-01 5.628000e-03 1.069600e-02
19 9.825280e-01 5.724000e-03 1.174800e-02
20 9.812040e-01 5.956000e-03 1.284000e-02
21 9.798760e-01 6.156000e-03 1.396800e-02
22 9.785760e-01 6.384000e-03 1.504000e-02
23 9.772080e-01 6.524000e-03 1.626800e-02
24 9.758280e-01 6.784000e-03 1.738800e-02
25 9.744000e-01 6.992000e-03 1.860800e-02
26 9.731520e-01 6.924000e-03 1.992400e-02
27 9.718120e-01 6.928000e-03 2.126000e-02
28 9.704800e-01 7.064000e-03 2.245600e-02
29 9.690720e-01 7.248000e-03 2.368000e-02
30 9.676120e-01 7.352000e-03 2.503600e-02
31 9.661240e-01 7.620000e-03 2.625600e-02
32 9.644600e-01 7.924000e-03 2.761600e-02
33 9.629200e-01 8.100000e-03 2.898000e-02
34 9.613080e-01 8.376000e-03 3.031600e-02
35 9.598960e-01 8.264000e-03 3.184000e-02
36 9.583680e-01 8.412000e-03 3.322000e-02
37 9.570760e-01 8.248000e-03 3.467600e-02
38 9.556080e-01 8.308000e-03 3.608400e-02
39 9.540160e-01 8.348000e-03 3.763600e-02
40 9.523160e-01 8.512000e-03 3.917200e-02
41 9.506520e-01 8.752000e-03 4.059600e-02
42 9.490680e-01 8.748000e-03 4.218400e-02
43 9.473640e-01 8.888000e-03 4.374800e-02
44 9.456640e-01 9.036000e-03 4.530000e-02
45 9.439200e-01 9.108000e-03 4.697200e-02
46 9.421920e-01 9.276000e-03 4.853200e-02
47 9.405120e-01 9.288000e-03 5.020000e-02
48 9.387560e-01 9.472000e-03 5.177200e-02
49 9.369440e-01 9.728000e-03 5.332800e-02
50 9.350720e-01 9.920000e-03 5.500800e-02
51 9.331960e-01 1.008400e-02 5.672000e-02
52 9.313480e-01 1.010800e-02 5.854400e-02
53 9.294840e-01 1.016400e-02 6.035200e-02
54 9.277640e-01 1.006800e-02 6.216800e-02
55 9.258040e-01 1.040000e-02 6.379600e-02
56 9.239240e-01 1.051600e-02 6.556000e-02
57 9.220960e-01 1.047600e-02 6.742800e-02
58 9.199880e-01 1.074800e-02 6.926400e-02
59 9.179880e-01 1.093200e-02 7.108000e-02
60 9.162320e-01 1.087200e-02 7.289600e-02
61 9.145160e-01 1.069200e-02 7.479200e-02
62 9.127560e-01 1.082000e-02 7.642400e-02
63 9.108720e-01 1.076800e-02 7.836000e-02
64 9.088920e-01 1.087600e-02 8.023200e-02
65 9.069440e-01 1.098400e-02 8.207200e-02
66 9.050360e-01 1.093200e-02 8.403200e-02
67 9.031320e-01 1.081200e-02 8.605600e-02
68 9.011400e-01 1.083200e-02 8.802800e-02
69 8.992480e-01 1.079600e-02 8.995600e-02
70 8.973600e-01 1.080400e-02 9.183600e-02
71 8.954560e-01 1.071200e-02 9.383200e-02
72 8.936400e-01 1.063600e-02 9.572400e-02
73 8.918040e-01 1.066400e-02 9.753200e-02
74 8.899560e-01 1.086400e-02 9.918000e-02
75 8.880880e-01 1.069200e-02 1.012200e-01
76 8.861520e-01 1.082000e-02 1.030280e-01
77 8.842160e-01 1.094800e-02 1.048360e-01
78 8.822600e-01 1.088400e-02 1.068560e-01
79 8.804360e-01 1.094000e-02 1.086240e-01
80 8.785480e-01 1.090400e-02 1.105480e-01
81 8.767360e-01 1.072000e-02 1.125440e-01
82 8.749480e-01 1.071600e-02 1.143360e-01
83 8.730480e-01 1.068800e-02 1.162640e-01
84 8.711440e-01 1.061200e-02 1.182440e-01
85 8.694000e-01 1.043600e-02 1.201640e-01
86 8.675800e-01 1.040400e-02 1.220160e-01
87 8.654200e-01 1.079600e-02 1.237840e-01
88 8.633760e-01 1.094400e-02 1.256800e-01
89 8.615280e-01 1.074800e-02 1.277240e-01
90 8.595320e-01 1.103600e-02 1.294320e-01
91 8.575360e-01 1.104000e-02 1.314240e-01
92 8.556720e-01 1.099200e-02 1.333360e-01
93 8.538920e-01 1.083600e-02 1.352720e-01
94 8.521960e-01 1.061200e-02 1.371920e-01
95 8.503240e-01 1.062400e-02 1.390520e-01
96 8.486080e-01 1.038000e-02 1.410120e-01
97 8.469720e-01 1.021600e-02 1.428120e-01
98 8.453680e-01 1.008800e-02 1.445440e-01
99 8.436760e-01 9.980000e-03 1.463440e-01
100 8.420600e-01 9.928000e-03 1.480120e-01
101 8.404280e-01 9.776000e-03 1.497960e-01
102 8.387960e-01 9.848000e-03 1.513560e-01
103 8.371840e-01 9.896000e-03 1.529200e-01
104 8.353840e-01 1.002000e-02 1.545960e-01
105 8.336600e-01 1.002000e-02 1.563200e-01
106 8.318840e-01 9.920000e-03 1.581960e-01
107 8.300960e-01 9.844000e-03 1.600600e-01
108 8.283440e-01 9.948000e-03 1.617080e-01
109 8.266360e-01 1.003600e-02 1.633280e-01
110 8.249800e-01 1.004800e-02 1.649720e-01
111 8.231440e-01 1.024400e-02 1.666120e-01
112 8.214080e-01 1.007200e-02 1.685200e-01
113 8.197200e-01 9.852000e-03 1.704280e-01
114 8.179240e-01 1.002400e-02 1.720520e-01
115 8.161080e-01 9.956000e-03 1.739360e-01
116 8.143720e-01 1.011600e-02 1.755120e-01
117 8.125720e-01 1.010000e-02 1.773280e-01
118 8.109800e-01 9.856000e-03 1.791640e-01
119 8.093040e-01 9.860000e-03 1.808360e-01
120 8.077280e-01 9.700000e-03 1.825720e-01
121 8.060960e-01 9.492000e-03 1.844120e-01
122 8.043680e-01 9.524000e-03 1.861080e-01
123 8.028320e-01 9.472000e-03 1.876960e-01
124 8.011880e-01 9.556000e-03 1.892560e-01
125 7.996200e-01 9.428000e-03 1.909520e-01
126 7.979080e-01 9.504000e-03 1.925880e-01
127 7.961600e-01 9.576000e-03 1.942640e-01
128 7.944320e-01 9.812000e-03 1.957560e-01
129 7.927960e-01 9.696000e-03 1.975080e-01
130 7.910560e-01 9.660000e-03 1.992840e-01
131 7.894440e-01 9.596000e-03 2.009600e-01
132 7.877160e-01 9.800000e-03 2.024840e-01
133 7.861600e-01 9.636000e-03 2.042040e-01
134 7.846320e-01 9.412000e-03 2.059560e-01
135 7.829200e-01 9.444000e-03 2.076360e-01
136 7.813280e-01 9.424000e-03 2.092480e-01
137 7.795880e-01 9.504000e-03 2.109080e-01
138 7.779560e-01 9.452000e-03 2.125920e-01
139 7.763280e-01 9.376000e-03 2.142960e-01
140 7.748040e-01 9.168000e-03 2.160280e-01
141 7.732440e-01 9.080000e-03 2.176760e-01
142 7.717320e-01 9.108000e-03 2.191600e-01
143 7.702960e-01 8.852000e-03 2.208520e-01
144 7.689160e-01 8.748000e-03 2.223360e-01
145 7.674840e-01 8.664000e-03 2.238520e-01
146 7.660080e-01 8.704000e-03 2.252880e-01
147 7.645880e-01 8.560000e-03 2.268520e-01
148 7.630480e-01 8.612000e-03 2.283400e-01
149 7.615760e-01 8.596000e-03 2.298280e-01
150 7.601760e-01 8.516000e-03 2.313080e-01
151 7.590120e-01 8.224000e-03 2.327640e-01
152 7.575680e-01 8.236000e-03 2.341960e-01
153 7.563240e-01 8.056000e-03 2.356200e-01
154 7.548720e-01 8.104000e-03 2.370240e-01
155 7.535400e-01 8.068000e-03 2.383920e-01
156 7.522120e-01 8.040000e-03 2.397480e-01
157 7.510560e-01 7.824000e-03 2.411200e-01
158 7.498000e-01 7.724000e-03 2.424760e-01
159 7.485640e-01 7.708000e-03 2.437280e-01
160 7.474080e-01 7.488000e-03 2.451040e-01
161 7.462480e-01 7.320000e-03 2.464320e-01
162 7.450120e-01 7.248000e-03 2.477400e-01
163 7.437720e-01 7.264000e-03 2.489640e-01
164 7.424600e-01 7.408000e-03 2.501320e-01
165 7.412720e-01 7.396000e-03 2.513320e-01
166 7.399400e-01 7.536000e-03 2.525240e-01
167 7.386560e-01 7.604000e-03 2.537400e-01
168 7.374880e-01 7.456000e-03 2.550560e-01
169 7.362760e-01 7.348000e-03 2.563760e-01
170 7.350960e-01 7.356000e-03 2.575480e-01
171 7.338520e-01 7.312000e-03 2.588360e-01
172 7.324720e-01 7.364000e-03 2.601640e-01
173 7.312160e-01 7.256000e-03 2.615280e-01
174 7.298920e-01 7.268000e-03 2.628400e-01
175 7.287160e-01 7.192000e-03 2.640920e-01
176 7.274560e-01 7.324000e-03 2.652200e-01
177 7.263280e-01 7.292000e-03 2.663800e-01
178 7.251000e-01 7.236000e-03 2.676640e-01
179 7.239760e-01 7.156000e-03 2.688680e-01
180 7.226120e-01 7.308000e-03 2.700800e-01
181 7.213560e-01 7.312000e-03 2.713320e-01
182 7.201720e-01 7.264000e-03 2.725640e-01
183 7.189920e-01 7.272000e-03 2.737360e-01
184 7.179320e-01 7.056000e-03 2.750120e-01
185 7.169160e-01 6.808000e-03 2.762760e-01
186 7.157600e-01 6.724000e-03 2.775160e-01
187 7.146280e-01 6.600000e-03 2.787720e-01
188 7.135160e-01 6.392000e-03 2.800920e-01
189 7.124680e-01 6.348000e-03 2.811840e-01
190 7.114080e-01 6.384000e-03 2.822080e-01
191 7.104240e-01 6.280000e-03 2.832960e-01
192 7.093880e-01 6.200000e-03 2.844120e-01
193 7.083560e-01 6.232000e-03 2.854120e-01
194 7.073160e-01 6.176000e-03 2.865080e-01
195 7.062520e-01 6.188000e-03 2.875600e-01
196 7.052200e-01 6.084000e-03 2.886960e-01
197 7.043840e-01 5.852000e-03 2.897640e-01
198 7.034520e-01 5.644000e-03 2.909040e-01
199 7.024640e-01 5.628000e-03 2.919080e-01
200 7.015560e-01 5.640000e-03 2.928040e-01
201 7.006200e-01 5.604000e-03 2.937760e-01
202 6.997720e-01 5.440000e-03 2.947880e-01
203 6.989160e-01 5.344000e-03 2.957400e-01
204 6.980000e-01 5.348000e-03 2.966520e-01
205 6.969800e-01 5.540000e-03 2.974800e-01
206 6.959720e-01 5.608000e-03 2.984200e-01
207 6.950720e-01 5.504000e-03 2.994240e-01
208 6.941320e-01 5.532000e-03 3.003360e-01
209 6.933040e-01 5.424000e-03 3.012720e-01
210 6.925320e-01 5.308000e-03 3.021600e-01
211 6.916080e-01 5.324000e-03 3.030680e-01
212 6.907080e-01 5.236000e-03 3.040560e-01
213 6.898400e-01 5.180000e-03 3.049800e-01
214 6.890480e-01 5.104000e-03 3.058480e-01
215 6.882560e-01 5.012000e-03 3.067320e-01
216 6.873680e-01 4.968000e-03 3.076640e-01
217 6.864920e-01 5.024000e-03 3.084840e-01
218 6.856600e-01 5.056000e-03 3.092840e-01
219 6.845640e-01 5.256000e-03 3.101800e-01
220 6.836080e-01 5.292000e-03 3.111000e-01
221 6.825960e-01 5.452000e-03 3.119520e-01
222 6.815920e-01 5.576000e-03 3.128320e-01
223 6.806520e-01 5.472000e-03 3.138760e-01
224 6.797400e-01 5.436000e-03 3.148240e-01
225 6.789400e-01 5.216000e-03 3.158440e-01
226 6.780000e-01 5.288000e-03 3.167120e-01
227 6.771160e-01 5.328000e-03 3.175560e-01
228 6.761560e-01 5.388000e-03 3.184560e-01
229 6.751760e-01 5.424000e-03 3.194000e-01
230 6.742280e-01 5.404000e-03 3.203680e-01
231 6.732920e-01 5.348000e-03 3.213600e-01
232 6.725000e-01 5.208000e-03 3.222920e-01
233 6.716200e-01 5.192000e-03 3.231880e-01
234 6.707320e-01 5.168000e-03 3.241000e-01
235 6.699400e-01 5.068000e-03 3.249920e-01
236 6.690520e-01 5.100000e-03 3.258480e-01
237 6.681320e-01 5.040000e-03 3.268280e-01
238 6.674560e-01 4.844000e-03 3.277000e-01
239 6.666160e-01 4.836000e-03 3.285480e-01
240 6.657840e-01 4.784000e-03 3.294320e-01
241 6.651000e-01 4.736000e-03 3.301640e-01
242 6.642880e-01 4.728000e-03 3.309840e-01
243 6.635480e-01 4.704000e-03 3.317480e-01
244 6.627720e-01 4.688000e-03 3.325400e-01
245 6.619920e-01 4.664000e-03 3.333440e-01
246 6.612560e-01 4.604000e-03 3.341400e-01
247 6.604440e-01 4.744000e-03 3.348120e-01
248 6.595800e-01 4.756000e-03 3.356640e-01
249 6.586640e-01 4.808000e-03 3.365280e-01
250 6.578080e-01 4.880000e-03 3.373120e-01
251 6.569120e-01 4.864000e-03 3.382240e-01
252 6.561160e-01 4.788000e-03 3.390960e-01
253 6.553040e-01 4.748000e-03 3.399480e-01
254 6.543600e-01 4.852000e-03 3.407880e-01
255 6.536000e-01 4.768000e-03 3.416320e-01
256 6.528960e-01 4.540000e-03 3.425640e-01
257 6.520560e-01 4.672000e-03 3.432720e-01
258 6.513000e-01 4.656000e-03 3.440440e-01
259 6.504200e-01 4.692000e-03 3.448880e-01
260 6.496120e-01 4.720000e-03 3.456680e-01
261 6.487800e-01 4.712000e-03 3.465080e-01
262 6.480640e-01 4.576000e-03 3.473600e-01
263 6.474560e-01 4.416000e-03 3.481280e-01
264 6.467640e-01 4.272000e-03 3.489640e-01
265 6.461240e-01 4.252000e-03 3.496240e-01
266 6.453680e-01 4.300000e-03 3.503320e-01
267 6.445920e-01 4.352000e-03 3.510560e-01
268 6.437960e-01 4.316000e-03 3.518880e-01
269 6.431720e-01 4.212000e-03 3.526160e-01
270 6.424600e-01 4.236000e-03 3.533040e-01
271 6.417320e-01 4.196000e-03 3.540720e-01
272 6.410200e-01 4.224000e-03 3.547560e-01
273 6.402800e-01 4.228000e-03 3.554920e-01
274 6.395840e-01 4.176000e-03 3.562400e-01
275 6.389400e-01 4.068000e-03 3.569920e-01
276 6.382640e-01 4.068000e-03 3.576680e-01
277 6.376400e-01 3.900000e-03 3.584600e-01
278 6.369880e-01 3.832000e-03 3.591800e-01
279 6.364920e-01 3.664000e-03 3.598440e-01
280 6.359400e-01 3.588000e-03 3.604720e-01
281 6.353080e-01 3.568000e-03 3.611240e-01
282 6.346960e-01 3.416000e-03 3.618880e-01
283 6.341760e-01 3.340000e-03 3.624840e-01
284 6.335760e-01 3.336000e-03 3.630880e-01
285 6.330680e-01 3.352000e-03 3.635800e-01
286 6.325360e-01 3.260000e-03 3.642040e-01
287 6.319120e-01 3.320000e-03 3.647680e-01
288 6.313760e-01 3.236000e-03 3.653880e-01
289 6.308720e-01 3.220000e-03 3.659080e-01
290 6.303880e-01 3.108000e-03 3.665040e-01
291 6.299080e-01 3.092000e-03 3.670000e-01
292 6.294240e-01 3.120000e-03 3.674560e-01
293 6.288880e-01 3.128000e-03 3.679840e-01
294 6.283640e-01 3.084000e-03 3.685520e-01
295 6.278440e-01 3.040000e-03 3.691160e-01
296 6.273880e-01 2.944000e-03 3.696680e-01
297 6.269400e-01 2.880000e-03 3.701800e-01
298 6.264120e-01 2.936000e-03 3.706520e-01
299 6.259520e-01 2.904000e-03 3.711440e-01
300 6.255400e-01 2.804000e-03 3.716560e-01
301 6.250320e-01 2.872000e-03 3.720960e-01
302 6.246160e-01 2.744000e-03 3.726400e-01
303 6.242120e-01 2.684000e-03 3.731040e-01
304 6.238400e-01 2.580000e-03 3.735800e-01
305 6.234800e-01 2.496000e-03 3.740240e-01
306 6.231840e-01 2.328000e-03 3.744880e-01
307 6.227800e-01 2.376000e-03 3.748440e-01
308 6.224200e-01 2.396000e-03 3.751840e-01
309 6.220280e-01 2.380000e-03 3.755920e-01
310 6.215880e-01 2.408000e-03 3.760040e-01
311 6.212160e-01 2.320000e-03 3.764640e-01
312 6.207840e-01 2.312000e-03 3.769040e-01
313 6.203880e-01 2.304000e-03 3.773080e-01
314 6.200200e-01 2.192000e-03 3.777880e-01
315 6.196120e-01 2.176000e-03 3.782120e-01
316 6.192360e-01 2.136000e-03 3.786280e-01
317 6.188320e-01 2.168000e-03 3.790000e-01
318 6.184600e-01 2.144000e-03 3.793960e-01
319 6.181880e-01 2.012000e-03 3.798000e-01
320 6.178920e-01 1.996000e-03 3.801120e-01
321 6.175600e-01 1.992000e-03 3.804480e-01
322 6.172800e-01 1.968000e-03 3.807520e-01
323 6.169280e-01 1.944000e-03 3.811280e-01
324 6.165200e-01 2.056000e-03 3.814240e-01
325 6.161840e-01 2.060000e-03 3.817560e-01
326 6.158400e-01 1.984000e-03 3.821760e-01
327 6.154640e-01 2.028000e-03 3.825080e-01
328 6.151280e-01 1.964000e-03 3.829080e-01
329 6.147920e-01 1.980000e-03 3.832280e-01
330 6.144680e-01 1.976000e-03 3.835560e-01
331 6.141840e-01 1.888000e-03 3.839280e-01
332 6.138360e-01 1.908000e-03 3.842560e-01
333 6.133680e-01 2.032000e-03 3.846000e-01
334 6.130560e-01 2.032000e-03 3.849120e-01
335 6.126880e-01 2.040000e-03 3.852720e-01
336 6.123120e-01 2.080000e-03 3.856080e-01
337 6.119040e-01 2.144000e-03 3.859520e-01
338 6.115960e-01 2.036000e-03 3.863680e-01
339 6.112520e-01 1.976000e-03 3.867720e-01
340 6.110160e-01 1.852000e-03 3.871320e-01
341 6.107560e-01 1.776000e-03 3.874680e-01
342 6.104200e-01 1.780000e-03 3.878000e-01
343 6.101240e-01 1.756000e-03 3.881200e-01
344 6.098240e-01 1.756000e-03 3.884200e-01
345 6.095040e-01 1.768000e-03 3.887280e-01
346 6.091440e-01 1.800000e-03 3.890560e-01
347 6.088800e-01 1.764000e-03 3.893560e-01
348 6.086880e-01 1.632000e-03 3.896800e-01
349 6.085160e-01 1.544000e-03 3.899400e-01
350 6.082960e-01 1.472000e-03 3.902320e-01
351 6.080400e-01 1.460000e-03 3.905000e-01
352 6.078280e-01 1.384000e-03 3.907880e-01
353 6.075720e-01 1.376000e-03 3.910520e-01
354 6.073360e-01 1.392000e-03 3.912720e-01
355 6.071640e-01 1.348000e-03 3.914880e-01
356 6.069720e-01 1.324000e-03 3.917040e-01
357 6.067720e-01 1.340000e-03 3.918880e-01
358 6.066080e-01 1.256000e-03 3.921360e-01
359 6.064320e-01 1.204000e-03 3.923640e-01
360 6.062160e-01 1.200000e-03 3.925840e-01
361 6.059520e-01 1.292000e-03 3.927560e-01
362 6.057800e-01 1.232000e-03 3.929880e-01
363 6.055800e-01 1.224000e-03 3.931960e-01
364 6.053200e-01 1.252000e-03 3.934280e-01
365 6.050480e-01 1.256000e-03 3.936960e-01
366 6.047880e-01 1.316000e-03 3.938960e-01
367 6.045840e-01 1.312000e-03 3.941040e-01
368 6.044120e-01 1.252000e-03 3.943360e-01
369 6.042400e-01 1.200000e-03 3.945600e-01
370 6.040320e-01 1.168000e-03 3.948000e-01
371 6.038840e-01 1.068000e-03 3.950480e-01
372 6.037120e-01 1.032000e-03 3.952560e-01
373 6.035080e-01 1.028000e-03 3.954640e-01
374 6.033320e-01 9.960000e-04 3.956720e-01
375 6.031520e-01 1.040000e-03 3.958080e-01
376 6.029320e-01 1.092000e-03 3.959760e-01
377 6.027600e-01 1.076000e-03 3.961640e-01
378 6.026040e-01 1.044000e-03 3.963520e-01
379 6.024120e-01 1.080000e-03 3.965080e-01
380 6.021600e-01 1.168000e-03 3.966720e-01
381 6.019600e-01 1.140000e-03 3.969000e-01
382 6.017840e-01 1.084000e-03 3.971320e-01
383 6.015680e-01 1.092000e-03 3.973400e-01
384 6.013760e-01 1.092000e-03 3.975320e-01
385 6.011880e-01 1.092000e-03 3.977200e-01
386 6.010200e-01 1.064000e-03 3.979160e-01
387 6.008280e-01 1.084000e-03 3.980880e-01
388 6.006720e-01 1.096000e-03 3.982320e-01
389 6.005400e-01 1.080000e-03 3.983800e-01
390 6.003560e-01 1.064000e-03 3.985800e-01
391 6.002080e-01 1.024000e-03 3.987680e-01
392 6.000880e-01 9.840000e-04 3.989280e-01
393 5.999080e-01 1.028000e-03 3.990640e-01
394 5.997600e-01 9.880000e-04 3.992520e-01
395 5.996360e-01 9.760000e-04 3.993880e-01
396 5.995240e-01 9.360000e-04 3.995400e-01
397 5.993920e-01 8.920000e-04 3.997160e-01
398 5.992280e-01 9.360000e-04 3.998360e-01
399 5.990600e-01 9.560000e-04 3.999840e-01
400 5.989760e-01 9.080000e-04 4.001160e-01
401 5.988440e-01 8.680000e-04 4.002880e-01
402 5.987320e-01 8.080000e-04 4.004600e-01
403 5.985880e-01 8.320000e-04 4.005800e-01
404 5.984320e-01 8.280000e-04 4.007400e-01
405 5.983320e-01 7.960000e-04 4.008720e-01
406 5.982000e-01 7.960000e-04 4.010040e-01
407 5.980760e-01 8.360000e-04 4.010880e-01
408 5.979240e-01 8.480000e-04 4.012280e-01
409 5.977560e-01 8.760000e-04 4.013680e-01
410 5.976160e-01 8.080000e-04 4.015760e-01
411 5.975080e-01 7.480000e-04 4.017440e-01
412 5.974240e-01 7.040000e-04 4.018720e-01
413 5.972160e-01 7.400000e-04 4.020440e-01
414 5.970680e-01 7.440000e-04 4.021880e-01
415 5.969280e-01 7.480000e-04 4.023240e-01
416 5.968080e-01 7.400000e-04 4.024520e-01
417 5.966840e-01 7.640000e-04 4.025520e-01
418 5.965200e-01 8.000000e-04 4.026800e-01
419 5.963760e-01 8.040000e-04 4.028200e-01
420 5.962360e-01 8.560000e-04 4.029080e-01
421 5.960360e-01 8.960000e-04 4.030680e-01
422 5.958760e-01 8.960000e-04 4.032280e-01
423 5.957160e-01 9.160000e-04 4.033680e-01
424 5.955560e-01 9.320000e-04 4.035120e-01
425 5.953800e-01 9.400000e-04 4.036800e-01
426 5.951720e-01 1.020000e-03 4.038080e-01
427 5.950160e-01 1.004000e-03 4.039800e-01
428 5.948400e-01 1.008000e-03 4.041520e-01
429 5.946800e-01 9.440000e-04 4.043760e-01
430 5.945520e-01 8.720000e-04 4.045760e-01
431 5.944120e-01 8.520000e-04 4.047360e-01
432 5.942720e-01 8.480000e-04 4.048800e-01
433 5.941240e-01 8.280000e-04 4.050480e-01
434 5.939880e-01 8.400000e-04 4.051720e-01
435 5.938840e-01 7.920000e-04 4.053240e-01
436 5.937880e-01 7.760000e-04 4.054360e-01
437 5.936440e-01 8.080000e-04 4.055480e-01
438 5.935080e-01 8.240000e-04 4.056680e-01
439 5.933560e-01 8.360000e-04 4.058080e-01
440 5.931760e-01 8.680000e-04 4.059560e-01
441 5.929800e-01 9.200000e-04 4.061000e-01
442 5.928040e-01 9.160000e-04 4.062800e-01
443 5.926400e-01 9.160000e-04 4.064440e-01
444 5.924560e-01 9.760000e-04 4.065680e-01
445 5.923080e-01 9.760000e-04 4.067160e-01
446 5.921320e-01 9.600000e-04 4.069080e-01
447 5.919280e-01 9.520000e-04 4.071200e-01
448 5.917440e-01 9.880000e-04 4.072680e-01
449 5.916320e-01 9.200000e-04 4.074480e-01
450 5.914520e-01 9.360000e-04 4.076120e-01
451 5.912920e-01 9.440000e-04 4.077640e-01
452 5.911240e-01 9.680000e-04 4.079080e-01
453 5.909760e-01 9.720000e-04 4.080520e-01
454 5.908480e-01 9.320000e-04 4.082200e-01
455 5.906800e-01 9.520000e-04 4.083680e-01
456 5.905480e-01 9.480000e-04 4.085040e-01
457 5.903760e-01 9.000000e-04 4.087240e-01
458 5.902440e-01 8.760000e-04 4.088800e-01
459 5.900880e-01 8.680000e-04 4.090440e-01
460 5.899160e-01 8.840000e-04 4.092000e-01
461 5.897880e-01 8.640000e-04 4.093480e-01
462 5.896280e-01 8.480000e-04 4.095240e-01
463 5.894800e-01 8.520000e-04 4.096680e-01
464 5.893200e-01 8.320000e-04 4.098480e-01
465 5.892000e-01 8.360000e-04 4.099640e-01
466 5.890000e-01 8.720000e-04 4.101280e-01
467 5.888400e-01 9.040000e-04 4.102560e-01
468 5.885880e-01 9.840000e-04 4.104280e-01
469 5.883880e-01 1.072000e-03 4.105400e-01
470 5.882200e-01 1.032000e-03 4.107480e-01
471 5.880560e-01 1.024000e-03 4.109200e-01
472 5.878800e-01 1.048000e-03 4.110720e-01
473 5.876840e-01 1.064000e-03 4.112520e-01
474 5.874800e-01 1.056000e-03 4.114640e-01
475 5.872960e-01 1.036000e-03 4.116680e-01
476 5.870880e-01 1.048000e-03 4.118640e-01
477 5.868640e-01 1.116000e-03 4.120200e-01
478 5.866320e-01 1.132000e-03 4.122360e-01
479 5.864640e-01 1.096000e-03 4.124400e-01
480 5.862080e-01 1.152000e-03 4.126400e-01
481 5.860040e-01 1.192000e-03 4.128040e-01
482 5.858000e-01 1.204000e-03 4.129960e-01
483 5.856000e-01 1.188000e-03 4.132120e-01
484 5.854080e-01 1.172000e-03 4.134200e-01
485 5.852600e-01 1.140000e-03 4.136000e-01
486 5.851240e-01 1.104000e-03 4.137720e-01
487 5.849400e-01 1.080000e-03 4.139800e-01
488 5.847320e-01 1.068000e-03 4.142000e-01
489 5.845960e-01 1.024000e-03 4.143800e-01
490 5.844480e-01 9.800000e-04 4.145720e-01
491 5.842840e-01 9.840000e-04 4.147320e-01
492 5.841280e-01 9.600000e-04 4.149120e-01
493 5.839520e-01 9.960000e-04 4.150520e-01
494 5.838120e-01 9.920000e-04 4.151960e-01
495 5.836880e-01 9.400000e-04 4.153720e-01
496 5.836200e-01 8.600000e-04 4.155200e-01
497 5.835240e-01 8.080000e-04 4.156680e-01
498 5.833920e-01 8.080000e-04 4.158000e-01
499 5.832880e-01 8.320000e-04 4.158800e-01
500 5.831520e-01 8.640000e-04 4.159840e-01
