1 9.992280e-01 6.920000e-04 8.000000e-05
2 9.986360e-01 1.144000e-03 2.200000e-04
3 9.980160e-01 1.516000e-03 4.680000e-04
4 9.972000e-01 2.052000e-03 7.480000e-04
5 9.962440e-01 2.536000e-03 1.220000e-03
6 9.952520e-01 3.084000e-03 1.664000e-03
7 9.942240e-01 3.596000e-03 2.180000e-03
8 9.931720e-01 4.028000e-03 2.800000e-03
9 9.920600e-01 4.396000e-03 3.544000e-03
10 9.908600e-01 4.888000e-03 4.252000e-03
11 9.896120e-01 5.308000e-03 5.080000e-03
12 9.883000e-01 5.624000e-03 6.076000e-03
13 9.868920e-01 5.984000e-03 7.124000e-03
14 9.855960e-01 6.240000e-03 8.164000e-03
15 9.842560e-01 6.540000e-03 9.204000e-03
16 9.829160e-01 6.596000e-03 1.048800e-02
17 9.814640e-01 6.884000e-03 1.165200e-02
18 9.801600e-01 6.964000e-03 1.287600e-02
19 9.787400e-01 7.180000e-03 1.408000e-02
20 9.773520e-01 7.280000e-03 1.536800e-02
21 9.759480e-01 7.524000e-03 1.652800e-02
22 9.745440e-01 7.644000e-03 1.781200e-02
23 9.732200e-01 7.668000e-03 1.911200e-02
24 9.718800e-01 7.736000e-03 2.038400e-02
25 9.703280e-01 7.992000e-03 2.168000e-02
26 9.685480e-01 8.424000e-03 2.302800e-02
27 9.668680e-01 8.608000e-03 2.452400e-02
28 9.651920e-01 8.764000e-03 2.604400e-02
29 9.635040e-01 8.896000e-03 2.760000e-02
30 9.618120e-01 9.120000e-03 2.906800e-02
31 9.600840e-01 9.292000e-03 3.062400e-02
32 9.582920e-01 9.360000e-03 3.234800e-02
33 9.564920e-01 9.512000e-03 3.399600e-02
34 9.547320e-01 9.608000e-03 3.566000e-02
35 9.529440e-01 9.732000e-03 3.732400e-02
36 9.511080e-01 9.884000e-03 3.900800e-02
37 9.493080e-01 9.996000e-03 4.069600e-02
38 9.475160e-01 9.908000e-03 4.257600e-02
39 9.456720e-01 1.003200e-02 4.429600e-02
40 9.438920e-01 1.009200e-02 4.601600e-02
41 9.422240e-01 9.944000e-03 4.783200e-02
42 9.403240e-01 1.009600e-02 4.958000e-02
43 9.383600e-01 1.037600e-02 5.126400e-02
44 9.365160e-01 1.060000e-02 5.288400e-02
45 9.345760e-01 1.060000e-02 5.482400e-02
46 9.326680e-01 1.081600e-02 5.651600e-02
47 9.307680e-01 1.077600e-02 5.845600e-02
48 9.286360e-01 1.104400e-02 6.032000e-02
49 9.269880e-01 1.080400e-02 6.220800e-02
50 9.250520e-01 1.078000e-02 6.416800e-02
51 9.230640e-01 1.069200e-02 6.624400e-02
52 9.211360e-01 1.077600e-02 6.808800e-02
53 9.191360e-01 1.084400e-02 7.002000e-02
54 9.172160e-01 1.072000e-02 7.206400e-02
55 9.149600e-01 1.110400e-02 7.393600e-02
56 9.129320e-01 1.114000e-02 7.592800e-02
57 9.109760e-01 1.096400e-02 7.806000e-02
58 9.089880e-01 1.106800e-02 7.994400e-02
59 9.068880e-01 1.125200e-02 8.186000e-02
60 9.048560e-01 1.131600e-02 8.382800e-02
61 9.026520e-01 1.144400e-02 8.590400e-02
62 9.005440e-01 1.167600e-02 8.778000e-02
63 8.984520e-01 1.172000e-02 8.982800e-02
64 8.964680e-01 1.166400e-02 9.186800e-02
65 8.944960e-01 1.157600e-02 9.392800e-02
66 8.923520e-01 1.153200e-02 9.611600e-02
67 8.903160e-01 1.164000e-02 9.804400e-02
68 8.882840e-01 1.178800e-02 9.992800e-02
69 8.861480e-01 1.180000e-02 1.020520e-01
70 8.841720e-01 1.167600e-02 1.041520e-01
71 8.820680e-01 1.182400e-02 1.061080e-01
72 8.798960e-01 1.190400e-02 1.082000e-01
73 8.777760e-01 1.211600e-02 1.101080e-01
74 8.757040e-01 1.211600e-02 1.121800e-01
75 8.736720e-01 1.192400e-02 1.144040e-01
76 8.715080e-01 1.195200e-02 1.165400e-01
77 8.692840e-01 1.203600e-02 1.186800e-01
78 8.672720e-01 1.198400e-02 1.207440e-01
79 8.652600e-01 1.179600e-02 1.229440e-01
80 8.631600e-01 1.188800e-02 1.249520e-01
81 8.611360e-01 1.182400e-02 1.270400e-01
82 8.591680e-01 1.191600e-02 1.289160e-01
83 8.570800e-01 1.192000e-02 1.310000e-01
84 8.549560e-01 1.186400e-02 1.331800e-01
85 8.529080e-01 1.180800e-02 1.352840e-01
86 8.508360e-01 1.187200e-02 1.372920e-01
87 8.486320e-01 1.212800e-02 1.392400e-01
88 8.464240e-01 1.216000e-02 1.414160e-01
89 8.443640e-01 1.208800e-02 1.435480e-01
90 8.422800e-01 1.215600e-02 1.455640e-01
91 8.400640e-01 1.223600e-02 1.477000e-01
92 8.378440e-01 1.236400e-02 1.497920e-01
93 8.356800e-01 1.242800e-02 1.518920e-01
94 8.337080e-01 1.222800e-02 1.540640e-01
95 8.316280e-01 1.203600e-02 1.563360e-01
96 8.295720e-01 1.202000e-02 1.584080e-01
97 8.275960e-01 1.196000e-02 1.604440e-01
98 8.257560e-01 1.154400e-02 1.627000e-01
99 8.239120e-01 1.144800e-02 1.646400e-01
100 8.219760e-01 1.144000e-02 1.665840e-01
101 8.201160e-01 1.134000e-02 1.685440e-01
102 8.183240e-01 1.117200e-02 1.705040e-01
103 8.163920e-01 1.107200e-02 1.725360e-01
104 8.144880e-01 1.103200e-02 1.744800e-01
105 8.126400e-01 1.095600e-02 1.764040e-01
106 8.107800e-01 1.088800e-02 1.783320e-01
107 8.089080e-01 1.086800e-02 1.802240e-01
108 8.073160e-01 1.065200e-02 1.820320e-01
109 8.055080e-01 1.038800e-02 1.841040e-01
110 8.038200e-01 1.024000e-02 1.859400e-01
111 8.020560e-01 1.012000e-02 1.878240e-01
112 8.002960e-01 1.006000e-02 1.896440e-01
113 7.985480e-01 1.004400e-02 1.914080e-01
114 7.968920e-01 1.006800e-02 1.930400e-01
115 7.952000e-01 1.009200e-02 1.947080e-01
116 7.935360e-01 1.006000e-02 1.964040e-01
117 7.920040e-01 9.744000e-03 1.982520e-01
118 7.902080e-01 9.888000e-03 1.999040e-01
119 7.885800e-01 9.940000e-03 2.014800e-01
120 7.868760e-01 9.904000e-03 2.032200e-01
121 7.851920e-01 9.712000e-03 2.050960e-01
122 7.834720e-01 9.640000e-03 2.068880e-01
123 7.817600e-01 9.660000e-03 2.085800e-01
124 7.801080e-01 9.552000e-03 2.103400e-01
125 7.784520e-01 9.408000e-03 2.121400e-01
126 7.769120e-01 9.152000e-03 2.139360e-01
127 7.754320e-01 9.176000e-03 2.153920e-01
128 7.739760e-01 9.064000e-03 2.169600e-01
129 7.725040e-01 8.988000e-03 2.185080e-01
130 7.711120e-01 8.732000e-03 2.201560e-01
131 7.697360e-01 8.588000e-03 2.216760e-01
132 7.683720e-01 8.488000e-03 2.231400e-01
133 7.668760e-01 8.548000e-03 2.245760e-01
134 7.654160e-01 8.512000e-03 2.260720e-01
135 7.639960e-01 8.524000e-03 2.274800e-01
136 7.624920e-01 8.460000e-03 2.290480e-01
137 7.609960e-01 8.484000e-03 2.305200e-01
138 7.595040e-01 8.544000e-03 2.319520e-01
139 7.579640e-01 8.468000e-03 2.335680e-01
140 7.566880e-01 8.248000e-03 2.350640e-01
141 7.553680e-01 8.224000e-03 2.364080e-01
142 7.540320e-01 8.008000e-03 2.379600e-01
143 7.525200e-01 8.060000e-03 2.394200e-01
144 7.511760e-01 7.968000e-03 2.408560e-01
145 7.499240e-01 7.836000e-03 2.422400e-01
146 7.487480e-01 7.704000e-03 2.435480e-01
147 7.475160e-01 7.552000e-03 2.449320e-01
148 7.463320e-01 7.552000e-03 2.461160e-01
149 7.452280e-01 7.264000e-03 2.475080e-01
150 7.440440e-01 7.196000e-03 2.487600e-01
151 7.429880e-01 6.896000e-03 2.501160e-01
152 7.420000e-01 6.640000e-03 2.513600e-01
153 7.409560e-01 6.516000e-03 2.525280e-01
154 7.399960e-01 6.388000e-03 2.536160e-01
155 7.390400e-01 6.200000e-03 2.547600e-01
156 7.379480e-01 6.192000e-03 2.558600e-01
157 7.369400e-01 6.204000e-03 2.568560e-01
158 7.359920e-01 6.140000e-03 2.578680e-01
159 7.348760e-01 6.284000e-03 2.588400e-01
160 7.337920e-01 6.140000e-03 2.600680e-01
161 7.327880e-01 6.136000e-03 2.610760e-01
162 7.318040e-01 6.160000e-03 2.620360e-01
163 7.307920e-01 6.008000e-03 2.632000e-01
164 7.298200e-01 5.968000e-03 2.642120e-01
165 7.288680e-01 5.880000e-03 2.652520e-01
166 7.278400e-01 5.980000e-03 2.661800e-01
167 7.268440e-01 5.872000e-03 2.672840e-01
168 7.258720e-01 5.724000e-03 2.684040e-01
169 7.249600e-01 5.600000e-03 2.694400e-01
170 7.239680e-01 5.592000e-03 2.704400e-01
171 7.229880e-01 5.560000e-03 2.714520e-01
172 7.221200e-01 5.500000e-03 2.723800e-01
173 7.213240e-01 5.328000e-03 2.733480e-01
174 7.205280e-01 5.228000e-03 2.742440e-01
175 7.197320e-01 5.076000e-03 2.751920e-01
176 7.189280e-01 4.944000e-03 2.761280e-01
177 7.180800e-01 5.084000e-03 2.768360e-01
178 7.171960e-01 5.140000e-03 2.776640e-01
179 7.164200e-01 5.044000e-03 2.785360e-01
180 7.154920e-01 5.156000e-03 2.793520e-01
181 7.146280e-01 5.220000e-03 2.801520e-01
182 7.136920e-01 5.236000e-03 2.810720e-01
183 7.127360e-01 5.320000e-03 2.819440e-01
184 7.117360e-01 5.384000e-03 2.828800e-01
185 7.108440e-01 5.332000e-03 2.838240e-01
186 7.098280e-01 5.432000e-03 2.847400e-01
187 7.087320e-01 5.568000e-03 2.857000e-01
188 7.075480e-01 5.764000e-03 2.866880e-01
189 7.064200e-01 5.876000e-03 2.877040e-01
190 7.054080e-01 5.804000e-03 2.887880e-01
191 7.043360e-01 5.772000e-03 2.898920e-01
192 7.033360e-01 5.820000e-03 2.908440e-01
193 7.024760e-01 5.652000e-03 2.918720e-01
194 7.015800e-01 5.628000e-03 2.927920e-01
195 7.005640e-01 5.648000e-03 2.937880e-01
196 6.996080e-01 5.608000e-03 2.947840e-01
197 6.984800e-01 5.732000e-03 2.957880e-01
198 6.974960e-01 5.712000e-03 2.967920e-01
199 6.966400e-01 5.448000e-03 2.979120e-01
200 6.955800e-01 5.620000e-03 2.988000e-01
201 6.945280e-01 5.700000e-03 2.997720e-01
202 6.935680e-01 5.684000e-03 3.007480e-01
203 6.927240e-01 5.488000e-03 3.017880e-01
204 6.918440e-01 5.456000e-03 3.027000e-01
205 6.909880e-01 5.436000e-03 3.035760e-01
206 6.901920e-01 5.232000e-03 3.045760e-01
207 6.892480e-01 5.308000e-03 3.054440e-01
208 6.882240e-01 5.528000e-03 3.062480e-01
209 6.871440e-01 5.708000e-03 3.071480e-01
210 6.862080e-01 5.524000e-03 3.082680e-01
211 6.852680e-01 5.568000e-03 3.091640e-01
212 6.842800e-01 5.712000e-03 3.100080e-01
213 6.833320e-01 5.732000e-03 3.109360e-01
214 6.825400e-01 5.508000e-03 3.119520e-01
215 6.815280e-01 5.484000e-03 3.129880e-01
216 6.806960e-01 5.408000e-03 3.138960e-01
217 6.797680e-01 5.368000e-03 3.148640e-01
218 6.789400e-01 5.228000e-03 3.158320e-01
219 6.780960e-01 5.144000e-03 3.167600e-01
220 6.772640e-01 5.144000e-03 3.175920e-01
221 6.763480e-01 5.144000e-03 3.185080e-01
222 6.754520e-01 5.180000e-03 3.193680e-01
223 6.745840e-01 5.144000e-03 3.202720e-01
224 6.737880e-01 5.052000e-03 3.211600e-01
225 6.730080e-01 4.968000e-03 3.220240e-01
226 6.720840e-01 5.036000e-03 3.228800e-01
227 6.712280e-01 4.964000e-03 3.238080e-01
228 6.704280e-01 4.892000e-03 3.246800e-01
229 6.695880e-01 4.956000e-03 3.254560e-01
230 6.686960e-01 4.932000e-03 3.263720e-01
231 6.678840e-01 4.916000e-03 3.272000e-01
232 6.670640e-01 4.924000e-03 3.280120e-01
233 6.662840e-01 4.816000e-03 3.289000e-01
234 6.656160e-01 4.696000e-03 3.296880e-01
235 6.648000e-01 4.736000e-03 3.304640e-01
236 6.640440e-01 4.752000e-03 3.312040e-01
237 6.633600e-01 4.628000e-03 3.320120e-01
238 6.625680e-01 4.572000e-03 3.328600e-01
239 6.618200e-01 4.532000e-03 3.336480e-01
240 6.610960e-01 4.416000e-03 3.344880e-01
241 6.603720e-01 4.412000e-03 3.352160e-01
242 6.596720e-01 4.388000e-03 3.359400e-01
243 6.589760e-01 4.356000e-03 3.366680e-01
244 6.582640e-01 4.348000e-03 3.373880e-01
245 6.576360e-01 4.240000e-03 3.381240e-01
246 6.570160e-01 4.176000e-03 3.388080e-01
247 6.563560e-01 4.132000e-03 3.395120e-01
248 6.556800e-01 4.032000e-03 3.402880e-01
249 6.551160e-01 3.836000e-03 3.410480e-01
250 6.543360e-01 3.864000e-03 3.418000e-01
251 6.537160e-01 3.864000e-03 3.424200e-01
252 6.531120e-01 3.860000e-03 3.430280e-01
253 6.524320e-01 3.768000e-03 3.438000e-01
254 6.516640e-01 3.836000e-03 3.445000e-01
255 6.509680e-01 3.904000e-03 3.451280e-01
256 6.503400e-01 3.896000e-03 3.457640e-01
257 6.496640e-01 3.936000e-03 3.464000e-01
258 6.489960e-01 3.940000e-03 3.470640e-01
259 6.482760e-01 3.948000e-03 3.477760e-01
260 6.476040e-01 3.932000e-03 3.484640e-01
261 6.469600e-01 3.904000e-03 3.491360e-01
262 6.463000e-01 3.908000e-03 3.497920e-01
263 6.456320e-01 3.840000e-03 3.505280e-01
264 6.450120e-01 3.776000e-03 3.512120e-01
265 6.444480e-01 3.604000e-03 3.519480e-01
266 6.439000e-01 3.524000e-03 3.525760e-01
267 6.433320e-01 3.436000e-03 3.532320e-01
268 6.427120e-01 3.464000e-03 3.538240e-01
269 6.421320e-01 3.460000e-03 3.544080e-01
270 6.416240e-01 3.372000e-03 3.550040e-01
271 6.411280e-01 3.260000e-03 3.556120e-01
272 6.405600e-01 3.216000e-03 3.562240e-01
273 6.400200e-01 3.196000e-03 3.567840e-01
274 6.395280e-01 3.100000e-03 3.573720e-01
275 6.390640e-01 3.072000e-03 3.578640e-01
276 6.385640e-01 3.028000e-03 3.584080e-01
277 6.380080e-01 3.052000e-03 3.589400e-01
278 6.374800e-01 3.072000e-03 3.594480e-01
279 6.369800e-01 3.064000e-03 3.599560e-01
280 6.364920e-01 2.988000e-03 3.605200e-01
281 6.360320e-01 2.992000e-03 3.609760e-01
282 6.355480e-01 3.016000e-03 3.614360e-01
283 6.350080e-01 3.072000e-03 3.619200e-01
284 6.345120e-01 3.012000e-03 3.624760e-01
285 6.340200e-01 2.952000e-03 3.630280e-01
286 6.335240e-01 3.060000e-03 3.634160e-01
287 6.330520e-01 2.992000e-03 3.639560e-01
288 6.326320e-01 2.896000e-03 3.644720e-01
289 6.321680e-01 2.884000e-03 3.649480e-01
290 6.317160e-01 2.836000e-03 3.654480e-01
291 6.312200e-01 2.824000e-03 3.659560e-01
292 6.308400e-01 2.660000e-03 3.665000e-01
293 6.303760e-01 2.652000e-03 3.669720e-01
294 6.298880e-01 2.672000e-03 3.674400e-01
295 6.294160e-01 2.560000e-03 3.680240e-01
296 6.289720e-01 2.568000e-03 3.684600e-01
297 6.284240e-01 2.680000e-03 3.688960e-01
298 6.279920e-01 2.604000e-03 3.694040e-01
299 6.275040e-01 2.676000e-03 3.698200e-01
300 6.270880e-01 2.680000e-03 3.702320e-01
301 6.265920e-01 2.700000e-03 3.707080e-01
302 6.260800e-01 2.724000e-03 3.711960e-01
303 6.257000e-01 2.596000e-03 3.717040e-01
304 6.252320e-01 2.628000e-03 3.721400e-01
305 6.247680e-01 2.680000e-03 3.725520e-01
306 6.243720e-01 2.676000e-03 3.729520e-01
307 6.239680e-01 2.636000e-03 3.733960e-01
308 6.235520e-01 2.532000e-03 3.739160e-01
309 6.231400e-01 2.532000e-03 3.743280e-01
310 6.226920e-01 2.552000e-03 3.747560e-01
311 6.222680e-01 2.452000e-03 3.752800e-01
312 6.219160e-01 2.352000e-03 3.757320e-01
313 6.215600e-01 2.268000e-03 3.761720e-01
314 6.211920e-01 2.244000e-03 3.765640e-01
315 6.208360e-01 2.208000e-03 3.769560e-01
316 6.205760e-01 2.016000e-03 3.774080e-01
317 6.202680e-01 2.012000e-03 3.777200e-01
318 6.199920e-01 2.008000e-03 3.780000e-01
319 6.196560e-01 1.984000e-03 3.783600e-01
320 6.193280e-01 1.872000e-03 3.788000e-01
321 6.189320e-01 2.004000e-03 3.790640e-01
322 6.185560e-01 2.084000e-03 3.793600e-01
323 6.181600e-01 2.124000e-03 3.797160e-01
324 6.178640e-01 2.028000e-03 3.801080e-01
325 6.175840e-01 1.976000e-03 3.804400e-01
326 6.173120e-01 1.880000e-03 3.808080e-01
327 6.169320e-01 1.880000e-03 3.811880e-01
328 6.166160e-01 1.856000e-03 3.815280e-01
329 6.163680e-01 1.760000e-03 3.818720e-01
330 6.161240e-01 1.696000e-03 3.821800e-01
331 6.158560e-01 1.676000e-03 3.824680e-01
332 6.155440e-01 1.696000e-03 3.827600e-01
333 6.152200e-01 1.724000e-03 3.830560e-01
334 6.148920e-01 1.748000e-03 3.833600e-01
335 6.145560e-01 1.796000e-03 3.836480e-01
336 6.142360e-01 1.784000e-03 3.839800e-01
337 6.139640e-01 1.752000e-03 3.842840e-01
338 6.136640e-01 1.776000e-03 3.845600e-01
339 6.133800e-01 1.760000e-03 3.848600e-01
340 6.130080e-01 1.752000e-03 3.852400e-01
341 6.125920e-01 1.828000e-03 3.855800e-01
342 6.121600e-01 1.944000e-03 3.858960e-01
343 6.118160e-01 1.908000e-03 3.862760e-01
344 6.114800e-01 1.976000e-03 3.865440e-01
345 6.111000e-01 2.020000e-03 3.868800e-01
346 6.107240e-01 2.012000e-03 3.872640e-01
347 6.103760e-01 1.964000e-03 3.876600e-01
348 6.100400e-01 1.916000e-03 3.880440e-01
349 6.097280e-01 1.944000e-03 3.883280e-01
350 6.093360e-01 2.012000e-03 3.886520e-01
351 6.089280e-01 2.064000e-03 3.890080e-01
352 6.085560e-01 2.156000e-03 3.892880e-01
353 6.081600e-01 2.140000e-03 3.897000e-01
354 6.077920e-01 2.132000e-03 3.900760e-01
355 6.073840e-01 2.172000e-03 3.904440e-01
356 6.070360e-01 2.116000e-03 3.908480e-01
357 6.067280e-01 2.036000e-03 3.912360e-01
358 6.065000e-01 1.968000e-03 3.915320e-01
359 6.061040e-01 1.976000e-03 3.919200e-01
360 6.057200e-01 1.980000e-03 3.923000e-01
361 6.052600e-01 2.084000e-03 3.926560e-01
362 6.049320e-01 2.048000e-03 3.930200e-01
363 6.047200e-01 1.848000e-03 3.934320e-01
364 6.043360e-01 1.924000e-03 3.937400e-01
365 6.039640e-01 1.984000e-03 3.940520e-01
366 6.036600e-01 1.936000e-03 3.944040e-01
367 6.033440e-01 1.884000e-03 3.947720e-01
368 6.030880e-01 1.800000e-03 3.951120e-01
369 6.028360e-01 1.804000e-03 3.953600e-01
370 6.025240e-01 1.788000e-03 3.956880e-01
371 6.022280e-01 1.832000e-03 3.959400e-01
372 6.019440e-01 1.760000e-03 3.962960e-01
373 6.016160e-01 1.780000e-03 3.966040e-01
374 6.012880e-01 1.804000e-03 3.969080e-01
375 6.010240e-01 1.784000e-03 3.971920e-01
376 6.007320e-01 1.736000e-03 3.975320e-01
377 6.005400e-01 1.652000e-03 3.978080e-01
378 6.003240e-01 1.540000e-03 3.981360e-01
379 6.000680e-01 1.512000e-03 3.984200e-01
380 5.998720e-01 1.472000e-03 3.986560e-01
381 5.996120e-01 1.384000e-03 3.990040e-01
382 5.992600e-01 1.476000e-03 3.992640e-01
383 5.989640e-01 1.524000e-03 3.995120e-01
384 5.987080e-01 1.512000e-03 3.997800e-01
385 5.984280e-01 1.520000e-03 4.000520e-01
386 5.980720e-01 1.600000e-03 4.003280e-01
387 5.978240e-01 1.608000e-03 4.005680e-01
388 5.975480e-01 1.596000e-03 4.008560e-01
389 5.972520e-01 1.564000e-03 4.011840e-01
390 5.969600e-01 1.632000e-03 4.014080e-01
391 5.966400e-01 1.732000e-03 4.016280e-01
392 5.963920e-01 1.660000e-03 4.019480e-01
393 5.961440e-01 1.616000e-03 4.022400e-01
394 5.958080e-01 1.660000e-03 4.025320e-01
395 5.955280e-01 1.676000e-03 4.027960e-01
396 5.952200e-01 1.644000e-03 4.031360e-01
397 5.949480e-01 1.608000e-03 4.034440e-01
398 5.947440e-01 1.560000e-03 4.036960e-01
399 5.944920e-01 1.536000e-03 4.039720e-01
400 5.942600e-01 1.468000e-03 4.042720e-01
401 5.940120e-01 1.468000e-03 4.045200e-01
402 5.937800e-01 1.428000e-03 4.047920e-01
403 5.934840e-01 1.464000e-03 4.050520e-01
404 5.932800e-01 1.416000e-03 4.053040e-01
405 5.930480e-01 1.340000e-03 4.056120e-01
406 5.927400e-01 1.448000e-03 4.058120e-01
407 5.924920e-01 1.408000e-03 4.061000e-01
408 5.923080e-01 1.360000e-03 4.063320e-01
409 5.921240e-01 1.300000e-03 4.065760e-01
410 5.919000e-01 1.324000e-03 4.067760e-01
411 5.917280e-01 1.284000e-03 4.069880e-01
412 5.915320e-01 1.212000e-03 4.072560e-01
413 5.913120e-01 1.256000e-03 4.074320e-01
414 5.911240e-01 1.204000e-03 4.076720e-01
415 5.908920e-01 1.212000e-03 4.078960e-01
416 5.906840e-01 1.232000e-03 4.080840e-01
417 5.904920e-01 1.212000e-03 4.082960e-01
418 5.903320e-01 1.092000e-03 4.085760e-01
419 5.901800e-01 1.044000e-03 4.087760e-01
420 5.900120e-01 1.020000e-03 4.089680e-01
421 5.898880e-01 9.920000e-04 4.091200e-01
422 5.897440e-01 9.360000e-04 4.093200e-01
423 5.895920e-01 9.280000e-04 4.094800e-01
424 5.894800e-01 8.800000e-04 4.096400e-01
425 5.893800e-01 8.120000e-04 4.098080e-01
426 5.892600e-01 7.960000e-04 4.099440e-01
427 5.891680e-01 7.720000e-04 4.100600e-01
428 5.890240e-01 7.880000e-04 4.101880e-01
429 5.889000e-01 7.480000e-04 4.103520e-01
430 5.887520e-01 7.560000e-04 4.104920e-01
431 5.886440e-01 6.880000e-04 4.106680e-01
432 5.885080e-01 6.640000e-04 4.108280e-01
433 5.883960e-01 6.600000e-04 4.109440e-01
434 5.882080e-01 7.040000e-04 4.110880e-01
435 5.880560e-01 7.360000e-04 4.112080e-01
436 5.878920e-01 7.680000e-04 4.113400e-01
437 5.877600e-01 7.120000e-04 4.115280e-01
438 5.875920e-01 7.440000e-04 4.116640e-01
439 5.874720e-01 7.360000e-04 4.117920e-01
440 5.873800e-01 7.240000e-04 4.118960e-01
441 5.872560e-01 7.320000e-04 4.120120e-01
442 5.871160e-01 7.600000e-04 4.121240e-01
443 5.869840e-01 7.600000e-04 4.122560e-01
444 5.868240e-01 7.840000e-04 4.123920e-01
445 5.866880e-01 7.760000e-04 4.125360e-01
446 5.865280e-01 7.880000e-04 4.126840e-01
447 5.863880e-01 7.720000e-04 4.128400e-01
448 5.862440e-01 7.880000e-04 4.129680e-01
449 5.861240e-01 7.680000e-04 4.131080e-01
450 5.860040e-01 7.760000e-04 4.132200e-01
451 5.858400e-01 8.080000e-04 4.133520e-01
452 5.857480e-01 7.880000e-04 4.134640e-01
453 5.855880e-01 8.120000e-04 4.136000e-01
454 5.854160e-01 8.440000e-04 4.137400e-01
455 5.852840e-01 8.600000e-04 4.138560e-01
456 5.850920e-01 9.240000e-04 4.139840e-01
457 5.849360e-01 8.920000e-04 4.141720e-01
458 5.847800e-01 8.840000e-04 4.143360e-01
459 5.846440e-01 8.920000e-04 4.144640e-01
460 5.845080e-01 8.400000e-04 4.146520e-01
461 5.843760e-01 8.320000e-04 4.147920e-01
462 5.842440e-01 8.120000e-04 4.149440e-01
463 5.841160e-01 7.400000e-04 4.151440e-01
464 5.839440e-01 7.320000e-04 4.153240e-01
465 5.838200e-01 7.160000e-04 4.154640e-01
466 5.836560e-01 7.320000e-04 4.156120e-01
467 5.835840e-01 6.640000e-04 4.157520e-01
468 5.834800e-01 6.560000e-04 4.158640e-01
469 5.833520e-01 6.600000e-04 4.159880e-01
470 5.832600e-01 6.240000e-04 4.161160e-01
471 5.831840e-01 5.760000e-04 4.162400e-01
472 5.830880e-01 5.920000e-04 4.163200e-01
473 5.830120e-01 5.600000e-04 4.164280e-01
474 5.828920e-01 5.800000e-04 4.165280e-01
475 5.827840e-01 6.240000e-04 4.165920e-01
476 5.826960e-01 5.680000e-04 4.167360e-01
477 5.826120e-01 5.080000e-04 4.168800e-01
478 5.825120e-01 5.440000e-04 4.169440e-01
479 5.824120e-01 5.360000e-04 4.170520e-01
480 5.823360e-01 4.960000e-04 4.171680e-01
481 5.822280e-01 5.120000e-04 4.172600e-01
482 5.821440e-01 5.200000e-04 4.173360e-01
483 5.820560e-01 5.080000e-04 4.174360e-01
484 5.819360e-01 5.360000e-04 4.175280e-01
485 5.818400e-01 5.480000e-04 4.176120e-01
486 5.816880e-01 6.000000e-04 4.177120e-01
487 5.815880e-01 6.280000e-04 4.177840e-01
488 5.814800e-01 6.440000e-04 4.178760e-01
489 5.813720e-01 6.600000e-04 4.179680e-01
490 5.812920e-01 6.240000e-04 4.180840e-01
491 5.811800e-01 6.440000e-04 4.181760e-01
492 5.810920e-01 6.080000e-04 4.183000e-01
493 5.809840e-01 6.000000e-04 4.184160e-01
494 5.809160e-01 5.680000e-04 4.185160e-01
495 5.808600e-01 5.360000e-04 4.186040e-01
496 5.807720e-01 5.440000e-04 4.186840e-01
497 5.807240e-01 5.080000e-04 4.187680e-01
498 5.806800e-01 4.760000e-04 4.188440e-01
499 5.806120e-01 4.400000e-04 4.189480e-01
500 5.805600e-01 4.480000e-04 4.189920e-01
