1 9.992560e-01 6.560000e-04 8.800000e-05
2 9.987600e-01 1.012000e-03 2.280000e-04
3 9.981360e-01 1.452000e-03 4.120000e-04
4 9.974600e-01 1.864000e-03 6.760000e-04
5 9.966120e-01 2.352000e-03 1.036000e-03
6 9.957320e-01 2.788000e-03 1.480000e-03
7 9.949080e-01 3.132000e-03 1.960000e-03
8 9.940720e-01 3.396000e-03 2.532000e-03
9 9.930800e-01 3.724000e-03 3.196000e-03
10 9.922840e-01 3.852000e-03 3.864000e-03
11 9.912760e-01 4.156000e-03 4.568000e-03
12 9.902040e-01 4.552000e-03 5.244000e-03
13 9.891400e-01 4.828000e-03 6.032000e-03
14 9.879840e-01 5.096000e-03 6.920000e-03
15 9.867480e-01 5.464000e-03 7.788000e-03
16 9.855760e-01 5.696000e-03 8.728000e-03
17 9.842760e-01 6.004000e-03 9.720000e-03
18 9.829600e-01 6.288000e-03 1.075200e-02
19 9.816520e-01 6.496000e-03 1.185200e-02
20 9.804480e-01 6.632000e-03 1.292000e-02
21 9.792040e-01 6.728000e-03 1.406800e-02
22 9.781560e-01 6.572000e-03 1.527200e-02
23 9.767120e-01 6.836000e-03 1.645200e-02
24 9.753200e-01 7.048000e-03 1.763200e-02
25 9.738680e-01 7.168000e-03 1.896400e-02
26 9.723400e-01 7.432000e-03 2.022800e-02
27 9.709280e-01 7.480000e-03 2.159200e-02
28 9.694920e-01 7.604000e-03 2.290400e-02
29 9.681680e-01 7.468000e-03 2.436400e-02
30 9.666920e-01 7.792000e-03 2.551600e-02
31 9.653320e-01 7.732000e-03 2.693600e-02
32 9.638680e-01 7.844000e-03 2.828800e-02
33 9.623360e-01 8.008000e-03 2.965600e-02
34 9.609600e-01 8.032000e-03 3.100800e-02
35 9.596120e-01 8.056000e-03 3.233200e-02
36 9.581560e-01 8.124000e-03 3.372000e-02
37 9.566720e-01 8.040000e-03 3.528800e-02
38 9.551840e-01 8.188000e-03 3.662800e-02
39 9.537120e-01 8.152000e-03 3.813600e-02
40 9.522560e-01 8.148000e-03 3.959600e-02
41 9.507600e-01 8.164000e-03 4.107600e-02
42 9.492440e-01 8.320000e-03 4.243600e-02
43 9.477960e-01 8.416000e-03 4.378800e-02
44 9.462480e-01 8.552000e-03 4.520000e-02
45 9.449320e-01 8.396000e-03 4.667200e-02
46 9.437040e-01 8.044000e-03 4.825200e-02
47 9.421560e-01 8.336000e-03 4.950800e-02
48 9.406960e-01 8.444000e-03 5.086000e-02
49 9.393120e-01 8.344000e-03 5.234400e-02
50 9.378520e-01 8.296000e-03 5.385200e-02
51 9.363120e-01 8.296000e-03 5.539200e-02
52 9.351440e-01 7.992000e-03 5.686400e-02
53 9.338080e-01 7.888000e-03 5.830400e-02
54 9.323920e-01 7.888000e-03 5.972000e-02
55 9.310160e-01 7.904000e-03 6.108000e-02
56 9.295320e-01 8.112000e-03 6.235600e-02
57 9.280640e-01 8.212000e-03 6.372400e-02
58 9.268440e-01 7.852000e-03 6.530400e-02
59 9.254200e-01 7.932000e-03 6.664800e-02
60 9.242080e-01 7.724000e-03 6.806800e-02
61 9.229160e-01 7.692000e-03 6.939200e-02
62 9.217320e-01 7.496000e-03 7.077200e-02
63 9.204080e-01 7.552000e-03 7.204000e-02
64 9.190440e-01 7.708000e-03 7.324800e-02
65 9.176000e-01 7.736000e-03 7.466400e-02
66 9.162440e-01 7.652000e-03 7.610400e-02
67 9.148120e-01 7.860000e-03 7.732800e-02
68 9.132880e-01 8.068000e-03 7.864400e-02
69 9.116960e-01 8.204000e-03 8.010000e-02
70 9.101640e-01 8.420000e-03 8.141600e-02
71 9.087640e-01 8.300000e-03 8.293600e-02
72 9.072960e-01 8.308000e-03 8.439600e-02
73 9.057960e-01 8.492000e-03 8.571200e-02
74 9.044480e-01 8.232000e-03 8.732000e-02
75 9.030480e-01 8.176000e-03 8.877600e-02
76 9.014600e-01 8.304000e-03 9.023600e-02
77 9.000360e-01 8.308000e-03 9.165600e-02
78 8.986280e-01 8.192000e-03 9.318000e-02
79 8.972480e-01 8.116000e-03 9.463600e-02
80 8.958240e-01 8.072000e-03 9.610400e-02
81 8.944080e-01 8.144000e-03 9.744800e-02
82 8.930200e-01 8.100000e-03 9.888000e-02
83 8.916880e-01 8.068000e-03 1.002440e-01
84 8.903520e-01 7.952000e-03 1.016960e-01
85 8.889280e-01 8.072000e-03 1.030000e-01
86 8.875880e-01 7.896000e-03 1.045160e-01
87 8.861600e-01 7.904000e-03 1.059360e-01
88 8.848680e-01 7.832000e-03 1.073000e-01
89 8.835440e-01 7.800000e-03 1.086560e-01
90 8.821200e-01 7.892000e-03 1.099880e-01
91 8.808000e-01 7.788000e-03 1.114120e-01
92 8.795560e-01 7.716000e-03 1.127280e-01
93 8.782480e-01 7.700000e-03 1.140520e-01
94 8.770440e-01 7.520000e-03 1.154360e-01
95 8.757480e-01 7.496000e-03 1.167560e-01
96 8.744120e-01 7.616000e-03 1.179720e-01
97 8.732040e-01 7.476000e-03 1.193200e-01
98 8.720360e-01 7.380000e-03 1.205840e-01
99 8.709840e-01 7.172000e-03 1.218440e-01
100 8.697240e-01 7.236000e-03 1.230400e-01
101 8.685120e-01 7.148000e-03 1.243400e-01
102 8.674360e-01 6.996000e-03 1.255680e-01
103 8.660480e-01 7.152000e-03 1.268000e-01
104 8.648760e-01 7.068000e-03 1.280560e-01
105 8.637760e-01 6.928000e-03 1.292960e-01
106 8.626200e-01 6.852000e-03 1.305280e-01
107 8.612640e-01 7.032000e-03 1.317040e-01
108 8.600680e-01 6.988000e-03 1.329440e-01
109 8.590000e-01 6.732000e-03 1.342680e-01
110 8.579240e-01 6.500000e-03 1.355760e-01
111 8.568360e-01 6.416000e-03 1.367480e-01
112 8.556960e-01 6.448000e-03 1.378560e-01
113 8.545400e-01 6.496000e-03 1.389640e-01
114 8.533080e-01 6.620000e-03 1.400720e-01
115 8.522680e-01 6.520000e-03 1.412120e-01
116 8.511160e-01 6.548000e-03 1.423360e-01
117 8.500080e-01 6.532000e-03 1.434600e-01
118 8.490120e-01 6.432000e-03 1.445560e-01
119 8.479600e-01 6.304000e-03 1.457360e-01
120 8.468240e-01 6.396000e-03 1.467800e-01
121 8.456840e-01 6.412000e-03 1.479040e-01
122 8.444160e-01 6.644000e-03 1.489400e-01
123 8.432240e-01 6.632000e-03 1.501440e-01
124 8.420600e-01 6.740000e-03 1.512000e-01
125 8.409440e-01 6.656000e-03 1.524000e-01
126 8.398240e-01 6.484000e-03 1.536920e-01
127 8.386120e-01 6.520000e-03 1.548680e-01
128 8.375960e-01 6.384000e-03 1.560200e-01
129 8.365800e-01 6.332000e-03 1.570880e-01
130 8.356200e-01 6.116000e-03 1.582640e-01
131 8.346000e-01 6.024000e-03 1.593760e-01
132 8.334720e-01 6.048000e-03 1.604800e-01
133 8.326480e-01 5.828000e-03 1.615240e-01
134 8.317040e-01 5.756000e-03 1.625400e-01
135 8.307480e-01 5.632000e-03 1.636200e-01
136 8.298440e-01 5.664000e-03 1.644920e-01
137 8.289640e-01 5.576000e-03 1.654600e-01
138 8.279560e-01 5.624000e-03 1.664200e-01
139 8.268960e-01 5.808000e-03 1.672960e-01
140 8.257920e-01 5.852000e-03 1.683560e-01
141 8.246640e-01 5.964000e-03 1.693720e-01
142 8.236640e-01 5.936000e-03 1.704000e-01
143 8.226920e-01 5.868000e-03 1.714400e-01
144 8.216040e-01 5.960000e-03 1.724360e-01
145 8.206240e-01 5.852000e-03 1.735240e-01
146 8.196840e-01 5.828000e-03 1.744880e-01
147 8.186680e-01 5.860000e-03 1.754720e-01
148 8.175440e-01 5.884000e-03 1.765720e-01
149 8.164400e-01 5.876000e-03 1.776840e-01
150 8.152800e-01 5.968000e-03 1.787520e-01
151 8.141120e-01 6.124000e-03 1.797640e-01
152 8.129120e-01 6.288000e-03 1.808000e-01
153 8.115000e-01 6.512000e-03 1.819880e-01
154 8.103560e-01 6.536000e-03 1.831080e-01
155 8.091800e-01 6.540000e-03 1.842800e-01
156 8.079640e-01 6.564000e-03 1.854720e-01
157 8.069320e-01 6.540000e-03 1.865280e-01
158 8.058400e-01 6.496000e-03 1.876640e-01
159 8.048680e-01 6.388000e-03 1.887440e-01
160 8.038600e-01 6.256000e-03 1.898840e-01
161 8.027880e-01 6.232000e-03 1.909800e-01
162 8.017600e-01 6.160000e-03 1.920800e-01
163 8.007880e-01 6.116000e-03 1.930960e-01
164 7.996880e-01 6.104000e-03 1.942080e-01
165 7.987760e-01 5.876000e-03 1.953480e-01
166 7.976880e-01 5.900000e-03 1.964120e-01
167 7.966240e-01 5.944000e-03 1.974320e-01
168 7.956840e-01 5.760000e-03 1.985560e-01
169 7.947720e-01 5.716000e-03 1.995120e-01
170 7.937600e-01 5.716000e-03 2.005240e-01
171 7.928640e-01 5.672000e-03 2.014640e-01
172 7.920040e-01 5.556000e-03 2.024400e-01
173 7.911760e-01 5.420000e-03 2.034040e-01
174 7.903560e-01 5.256000e-03 2.043880e-01
175 7.895000e-01 5.168000e-03 2.053320e-01
176 7.887440e-01 5.060000e-03 2.061960e-01
177 7.878200e-01 5.164000e-03 2.070160e-01
178 7.869000e-01 5.176000e-03 2.079240e-01
179 7.860800e-01 5.164000e-03 2.087560e-01
180 7.852240e-01 5.180000e-03 2.095960e-01
181 7.843080e-01 5.124000e-03 2.105680e-01
182 7.833680e-01 5.240000e-03 2.113920e-01
183 7.825000e-01 5.244000e-03 2.122560e-01
184 7.816400e-01 5.208000e-03 2.131520e-01
185 7.807440e-01 5.196000e-03 2.140600e-01
186 7.798040e-01 5.168000e-03 2.150280e-01
187 7.788360e-01 5.196000e-03 2.159680e-01
188 7.779560e-01 5.244000e-03 2.168000e-01
189 7.770720e-01 5.164000e-03 2.177640e-01
190 7.762720e-01 5.040000e-03 2.186880e-01
191 7.754880e-01 4.904000e-03 2.196080e-01
192 7.746440e-01 4.928000e-03 2.204280e-01
193 7.737840e-01 4.960000e-03 2.212560e-01
194 7.729480e-01 5.016000e-03 2.220360e-01
195 7.721040e-01 4.912000e-03 2.229840e-01
196 7.713040e-01 4.816000e-03 2.238800e-01
197 7.705840e-01 4.644000e-03 2.247720e-01
198 7.697800e-01 4.608000e-03 2.256120e-01
199 7.689520e-01 4.596000e-03 2.264520e-01
200 7.681080e-01 4.688000e-03 2.272040e-01
201 7.673120e-01 4.652000e-03 2.280360e-01
202 7.665480e-01 4.644000e-03 2.288080e-01
203 7.657280e-01 4.648000e-03 2.296240e-01
204 7.649000e-01 4.736000e-03 2.303640e-01
205 7.642240e-01 4.524000e-03 2.312520e-01
206 7.634200e-01 4.560000e-03 2.320200e-01
207 7.626800e-01 4.496000e-03 2.328240e-01
208 7.618760e-01 4.572000e-03 2.335520e-01
209 7.610560e-01 4.572000e-03 2.343720e-01
210 7.602240e-01 4.636000e-03 2.351400e-01
211 7.593800e-01 4.672000e-03 2.359480e-01
212 7.586000e-01 4.628000e-03 2.367720e-01
213 7.578480e-01 4.512000e-03 2.376400e-01
214 7.571640e-01 4.344000e-03 2.384920e-01
215 7.565640e-01 4.148000e-03 2.392880e-01
216 7.558400e-01 4.080000e-03 2.400800e-01
217 7.551440e-01 4.112000e-03 2.407440e-01
218 7.544880e-01 4.056000e-03 2.414560e-01
219 7.537480e-01 4.100000e-03 2.421520e-01
220 7.531240e-01 4.080000e-03 2.427960e-01
221 7.523960e-01 4.128000e-03 2.434760e-01
222 7.517720e-01 4.044000e-03 2.441840e-01
223 7.511120e-01 4.020000e-03 2.448680e-01
224 7.504840e-01 3.972000e-03 2.455440e-01
225 7.497720e-01 3.940000e-03 2.462880e-01
226 7.491040e-01 3.916000e-03 2.469800e-01
227 7.483960e-01 3.904000e-03 2.477000e-01
228 7.476440e-01 3.932000e-03 2.484240e-01
229 7.468880e-01 4.024000e-03 2.490880e-01
230 7.462360e-01 3.944000e-03 2.498200e-01
231 7.456240e-01 3.780000e-03 2.505960e-01
232 7.449360e-01 3.796000e-03 2.512680e-01
233 7.442280e-01 3.792000e-03 2.519800e-01
234 7.435880e-01 3.776000e-03 2.526360e-01
235 7.428760e-01 3.732000e-03 2.533920e-01
236 7.421440e-01 3.864000e-03 2.539920e-01
237 7.415880e-01 3.764000e-03 2.546480e-01
238 7.409480e-01 3.748000e-03 2.553040e-01
239 7.404040e-01 3.600000e-03 2.559960e-01
240 7.397880e-01 3.576000e-03 2.566360e-01
241 7.392960e-01 3.484000e-03 2.572200e-01
242 7.387440e-01 3.456000e-03 2.578000e-01
243 7.381800e-01 3.468000e-03 2.583520e-01
244 7.375400e-01 3.512000e-03 2.589480e-01
245 7.369480e-01 3.468000e-03 2.595840e-01
246 7.363640e-01 3.360000e-03 2.602760e-01
247 7.358760e-01 3.144000e-03 2.609800e-01
248 7.354400e-01 2.996000e-03 2.615640e-01
249 7.351000e-01 2.764000e-03 2.621360e-01
250 7.346800e-01 2.712000e-03 2.626080e-01
251 7.342480e-01 2.632000e-03 2.631200e-01
252 7.338720e-01 2.580000e-03 2.635480e-01
253 7.334480e-01 2.536000e-03 2.640160e-01
254 7.330360e-01 2.516000e-03 2.644480e-01
255 7.326280e-01 2.496000e-03 2.648760e-01
256 7.321720e-01 2.532000e-03 2.652960e-01
257 7.317840e-01 2.500000e-03 2.657160e-01
258 7.314280e-01 2.392000e-03 2.661800e-01
259 7.309480e-01 2.384000e-03 2.666680e-01
260 7.305200e-01 2.384000e-03 2.670960e-01
261 7.299800e-01 2.436000e-03 2.675840e-01
262 7.295720e-01 2.420000e-03 2.680080e-01
263 7.290560e-01 2.480000e-03 2.684640e-01
264 7.286160e-01 2.440000e-03 2.689440e-01
265 7.281480e-01 2.516000e-03 2.693360e-01
266 7.277640e-01 2.464000e-03 2.697720e-01
267 7.273560e-01 2.416000e-03 2.702280e-01
268 7.270720e-01 2.300000e-03 2.706280e-01
269 7.268320e-01 2.128000e-03 2.710400e-01
270 7.265520e-01 2.024000e-03 2.714240e-01
271 7.262400e-01 1.948000e-03 2.718120e-01
272 7.259960e-01 1.756000e-03 2.722480e-01
273 7.256840e-01 1.776000e-03 2.725400e-01
274 7.253960e-01 1.748000e-03 2.728560e-01
275 7.250600e-01 1.852000e-03 2.730880e-01
276 7.248040e-01 1.780000e-03 2.734160e-01
277 7.245280e-01 1.728000e-03 2.737440e-01
278 7.241880e-01 1.804000e-03 2.740080e-01
279 7.239000e-01 1.764000e-03 2.743360e-01
280 7.235080e-01 1.772000e-03 2.747200e-01
281 7.231880e-01 1.748000e-03 2.750640e-01
282 7.229400e-01 1.712000e-03 2.753480e-01
283 7.225880e-01 1.752000e-03 2.756600e-01
284 7.222400e-01 1.776000e-03 2.759840e-01
285 7.219080e-01 1.792000e-03 2.763000e-01
286 7.215920e-01 1.796000e-03 2.766120e-01
287 7.212000e-01 1.872000e-03 2.769280e-01
288 7.207840e-01 1.968000e-03 2.772480e-01
289 7.205000e-01 1.932000e-03 2.775680e-01
290 7.201400e-01 1.972000e-03 2.778880e-01
291 7.197040e-01 2.072000e-03 2.782240e-01
292 7.193600e-01 2.064000e-03 2.785760e-01
293 7.190240e-01 2.060000e-03 2.789160e-01
294 7.186600e-01 2.048000e-03 2.792920e-01
295 7.183200e-01 1.988000e-03 2.796920e-01
296 7.180560e-01 1.920000e-03 2.800240e-01
297 7.177720e-01 1.872000e-03 2.803560e-01
298 7.174480e-01 1.904000e-03 2.806480e-01
299 7.171000e-01 1.916000e-03 2.809840e-01
300 7.167160e-01 1.968000e-03 2.813160e-01
301 7.163840e-01 1.896000e-03 2.817200e-01
302 7.160520e-01 1.884000e-03 2.820640e-01
303 7.156680e-01 1.844000e-03 2.824880e-01
304 7.153080e-01 1.904000e-03 2.827880e-01
305 7.150040e-01 1.896000e-03 2.831000e-01
306 7.146960e-01 1.896000e-03 2.834080e-01
307 7.144320e-01 1.788000e-03 2.837800e-01
308 7.141640e-01 1.772000e-03 2.840640e-01
309 7.138680e-01 1.684000e-03 2.844480e-01
310 7.135680e-01 1.704000e-03 2.847280e-01
311 7.132240e-01 1.808000e-03 2.849680e-01
312 7.129000e-01 1.796000e-03 2.853040e-01
313 7.126000e-01 1.796000e-03 2.856040e-01
314 7.122640e-01 1.800000e-03 2.859360e-01
315 7.119200e-01 1.840000e-03 2.862400e-01
316 7.116600e-01 1.772000e-03 2.865680e-01
317 7.113240e-01 1.820000e-03 2.868560e-01
318 7.109680e-01 1.876000e-03 2.871560e-01
319 7.106200e-01 1.960000e-03 2.874200e-01
320 7.102400e-01 1.984000e-03 2.877760e-01
321 7.098280e-01 2.020000e-03 2.881520e-01
322 7.094320e-01 2.060000e-03 2.885080e-01
323 7.090760e-01 2.048000e-03 2.888760e-01
324 7.086720e-01 2.124000e-03 2.892040e-01
325 7.083160e-01 2.068000e-03 2.896160e-01
326 7.079880e-01 2.020000e-03 2.899920e-01
327 7.076240e-01 2.052000e-03 2.903240e-01
328 7.072960e-01 2.040000e-03 2.906640e-01
329 7.069000e-01 2.100000e-03 2.910000e-01
330 7.065440e-01 2.088000e-03 2.913680e-01
331 7.062440e-01 2.024000e-03 2.917320e-01
332 7.059040e-01 2.020000e-03 2.920760e-01
333 7.055320e-01 2.044000e-03 2.924240e-01
334 7.052240e-01 1.976000e-03 2.928000e-01
335 7.049600e-01 1.948000e-03 2.930920e-01
336 7.046240e-01 1.972000e-03 2.934040e-01
337 7.042920e-01 1.940000e-03 2.937680e-01
338 7.039320e-01 1.976000e-03 2.940920e-01
339 7.036280e-01 1.956000e-03 2.944160e-01
340 7.032880e-01 1.940000e-03 2.947720e-01
341 7.029880e-01 1.916000e-03 2.950960e-01
342 7.026920e-01 1.936000e-03 2.953720e-01
343 7.023000e-01 1.932000e-03 2.957680e-01
344 7.019000e-01 2.012000e-03 2.960880e-01
345 7.015880e-01 2.004000e-03 2.964080e-01
346 7.011920e-01 2.060000e-03 2.967480e-01
347 7.008960e-01 2.012000e-03 2.970920e-01
348 7.005480e-01 1.956000e-03 2.974960e-01
349 7.001080e-01 1.984000e-03 2.979080e-01
350 6.997800e-01 2.016000e-03 2.982040e-01
351 6.995200e-01 1.908000e-03 2.985720e-01
352 6.991920e-01 1.964000e-03 2.988440e-01
353 6.988800e-01 1.964000e-03 2.991560e-01
354 6.985120e-01 1.964000e-03 2.995240e-01
355 6.981960e-01 1.988000e-03 2.998160e-01
356 6.979120e-01 1.904000e-03 3.001840e-01
357 6.976400e-01 1.856000e-03 3.005040e-01
358 6.972880e-01 1.892000e-03 3.008200e-01
359 6.969720e-01 1.920000e-03 3.011080e-01
360 6.967240e-01 1.820000e-03 3.014560e-01
361 6.963640e-01 1.884000e-03 3.017520e-01
362 6.960200e-01 1.868000e-03 3.021120e-01
363 6.957240e-01 1.768000e-03 3.025080e-01
364 6.954160e-01 1.776000e-03 3.028080e-01
365 6.951280e-01 1.700000e-03 3.031720e-01
366 6.948880e-01 1.680000e-03 3.034320e-01
367 6.945800e-01 1.696000e-03 3.037240e-01
368 6.942160e-01 1.700000e-03 3.040840e-01
369 6.938960e-01 1.704000e-03 3.044000e-01
370 6.935280e-01 1.824000e-03 3.046480e-01
371 6.931960e-01 1.880000e-03 3.049240e-01
372 6.928560e-01 1.884000e-03 3.052600e-01
373 6.925880e-01 1.804000e-03 3.056080e-01
374 6.923000e-01 1.792000e-03 3.059080e-01
375 6.920760e-01 1.720000e-03 3.062040e-01
376 6.919000e-01 1.608000e-03 3.064920e-01
377 6.916680e-01 1.528000e-03 3.068040e-01
378 6.914800e-01 1.464000e-03 3.070560e-01
379 6.912680e-01 1.468000e-03 3.072640e-01
380 6.910640e-01 1.376000e-03 3.075600e-01
381 6.908520e-01 1.364000e-03 3.077840e-01
382 6.906560e-01 1.336000e-03 3.080080e-01
383 6.905200e-01 1.268000e-03 3.082120e-01
384 6.903240e-01 1.256000e-03 3.084200e-01
385 6.901280e-01 1.284000e-03 3.085880e-01
386 6.898840e-01 1.360000e-03 3.087560e-01
387 6.896080e-01 1.384000e-03 3.090080e-01
388 6.893400e-01 1.332000e-03 3.093280e-01
389 6.891720e-01 1.288000e-03 3.095400e-01
390 6.889960e-01 1.272000e-03 3.097320e-01
391 6.887560e-01 1.284000e-03 3.099600e-01
392 6.885120e-01 1.344000e-03 3.101440e-01
393 6.882520e-01 1.360000e-03 3.103880e-01
394 6.880760e-01 1.312000e-03 3.106120e-01
395 6.878440e-01 1.316000e-03 3.108400e-01
396 6.875920e-01 1.304000e-03 3.111040e-01
397 6.873960e-01 1.236000e-03 3.113680e-01
398 6.871800e-01 1.308000e-03 3.115120e-01
399 6.869320e-01 1.324000e-03 3.117440e-01
400 6.866680e-01 1.340000e-03 3.119920e-01
401 6.864240e-01 1.392000e-03 3.121840e-01
402 6.861840e-01 1.416000e-03 3.124000e-01
403 6.859360e-01 1.356000e-03 3.127080e-01
404 6.857640e-01 1.292000e-03 3.129440e-01
405 6.855400e-01 1.260000e-03 3.132000e-01
406 6.853680e-01 1.144000e-03 3.134880e-01
407 6.852000e-01 1.128000e-03 3.136720e-01
408 6.850040e-01 1.124000e-03 3.138720e-01
409 6.848280e-01 1.132000e-03 3.140400e-01
410 6.846280e-01 1.188000e-03 3.141840e-01
411 6.844480e-01 1.168000e-03 3.143840e-01
412 6.841800e-01 1.244000e-03 3.145760e-01
413 6.839520e-01 1.220000e-03 3.148280e-01
414 6.837520e-01 1.176000e-03 3.150720e-01
415 6.836240e-01 1.104000e-03 3.152720e-01
416 6.834360e-01 1.128000e-03 3.154360e-01
417 6.832600e-01 1.116000e-03 3.156240e-01
418 6.830560e-01 1.140000e-03 3.158040e-01
419 6.828560e-01 1.172000e-03 3.159720e-01
420 6.826240e-01 1.212000e-03 3.161640e-01
421 6.824400e-01 1.232000e-03 3.163280e-01
422 6.822200e-01 1.228000e-03 3.165520e-01
423 6.820400e-01 1.212000e-03 3.167480e-01
424 6.818040e-01 1.248000e-03 3.169480e-01
425 6.816200e-01 1.200000e-03 3.171800e-01
426 6.814040e-01 1.176000e-03 3.174200e-01
427 6.811680e-01 1.212000e-03 3.176200e-01
428 6.808920e-01 1.304000e-03 3.178040e-01
429 6.806760e-01 1.292000e-03 3.180320e-01
430 6.804120e-01 1.332000e-03 3.182560e-01
431 6.801880e-01 1.316000e-03 3.184960e-01
432 6.799320e-01 1.376000e-03 3.186920e-01
433 6.796760e-01 1.416000e-03 3.189080e-01
434 6.794920e-01 1.392000e-03 3.191160e-01
435 6.792080e-01 1.412000e-03 3.193800e-01
436 6.789960e-01 1.344000e-03 3.196600e-01
437 6.788040e-01 1.240000e-03 3.199560e-01
438 6.786120e-01 1.240000e-03 3.201480e-01
439 6.783640e-01 1.260000e-03 3.203760e-01
440 6.782120e-01 1.232000e-03 3.205560e-01
441 6.780040e-01 1.168000e-03 3.208280e-01
442 6.777960e-01 1.160000e-03 3.210440e-01
443 6.776440e-01 1.104000e-03 3.212520e-01
444 6.774880e-01 1.104000e-03 3.214080e-01
445 6.773000e-01 1.112000e-03 3.215880e-01
446 6.771240e-01 1.092000e-03 3.217840e-01
447 6.768880e-01 1.124000e-03 3.219880e-01
448 6.767200e-01 1.060000e-03 3.222200e-01
449 6.765480e-01 1.044000e-03 3.224080e-01
450 6.764080e-01 9.960000e-04 3.225960e-01
451 6.762560e-01 9.760000e-04 3.227680e-01
452 6.761000e-01 9.400000e-04 3.229600e-01
453 6.758760e-01 9.400000e-04 3.231840e-01
454 6.757360e-01 8.880000e-04 3.233760e-01
455 6.755800e-01 8.680000e-04 3.235520e-01
456 6.754280e-01 8.640000e-04 3.237080e-01
457 6.752640e-01 8.920000e-04 3.238440e-01
458 6.750720e-01 9.520000e-04 3.239760e-01
459 6.748800e-01 9.960000e-04 3.241240e-01
460 6.746920e-01 1.024000e-03 3.242840e-01
461 6.744880e-01 1.044000e-03 3.244680e-01
462 6.742920e-01 1.036000e-03 3.246720e-01
463 6.740680e-01 1.092000e-03 3.248400e-01
464 6.738440e-01 1.108000e-03 3.250480e-01
465 6.736400e-01 1.100000e-03 3.252600e-01
466 6.734440e-01 1.084000e-03 3.254720e-01
467 6.733040e-01 1.052000e-03 3.256440e-01
468 6.730960e-01 1.060000e-03 3.258440e-01
469 6.729160e-01 1.084000e-03 3.260000e-01
470 6.727480e-01 1.060000e-03 3.261920e-01
471 6.725440e-01 1.060000e-03 3.263960e-01
472 6.723880e-01 1.048000e-03 3.265640e-01
473 6.722400e-01 9.960000e-04 3.267640e-01
474 6.720080e-01 1.056000e-03 3.269360e-01
475 6.717880e-01 1.072000e-03 3.271400e-01
476 6.716000e-01 1.080000e-03 3.273200e-01
477 6.714240e-01 1.068000e-03 3.275080e-01
478 6.712280e-01 1.084000e-03 3.276880e-01
479 6.710280e-01 1.060000e-03 3.279120e-01
480 6.708200e-01 1.076000e-03 3.281040e-01
481 6.706000e-01 1.144000e-03 3.282560e-01
482 6.703440e-01 1.264000e-03 3.283920e-01
483 6.701280e-01 1.256000e-03 3.286160e-01
484 6.699000e-01 1.212000e-03 3.288880e-01
485 6.696600e-01 1.240000e-03 3.291000e-01
486 6.694360e-01 1.232000e-03 3.293320e-01
487 6.692440e-01 1.208000e-03 3.295480e-01
488 6.689600e-01 1.276000e-03 3.297640e-01
489 6.686880e-01 1.308000e-03 3.300040e-01
490 6.684360e-01 1.336000e-03 3.302280e-01
491 6.682240e-01 1.328000e-03 3.304480e-01
492 6.679720e-01 1.348000e-03 3.306800e-01
493 6.677760e-01 1.272000e-03 3.309520e-01
494 6.675480e-01 1.324000e-03 3.311280e-01
495 6.672840e-01 1.304000e-03 3.314120e-01
496 6.670480e-01 1.336000e-03 3.316160e-01
497 6.668480e-01 1.320000e-03 3.318320e-01
498 6.667320e-01 1.172000e-03 3.320960e-01
499 6.665120e-01 1.200000e-03 3.322880e-01
500 6.663040e-01 1.196000e-03 3.325000e-01
