1 9.991640e-01 7.240000e-04 1.120000e-04
2 9.986480e-01 1.060000e-03 2.920000e-04
3 9.979960e-01 1.488000e-03 5.160000e-04
4 9.971680e-01 1.960000e-03 8.720000e-04
5 9.963520e-01 2.408000e-03 1.240000e-03
6 9.955120e-01 2.780000e-03 1.708000e-03
7 9.945520e-01 3.308000e-03 2.140000e-03
8 9.937200e-01 3.548000e-03 2.732000e-03
9 9.927800e-01 3.832000e-03 3.388000e-03
10 9.916920e-01 4.264000e-03 4.044000e-03
11 9.906960e-01 4.556000e-03 4.748000e-03
12 9.894120e-01 5.064000e-03 5.524000e-03
13 9.880480e-01 5.472000e-03 6.480000e-03
14 9.870120e-01 5.616000e-03 7.372000e-03
15 9.857160e-01 5.888000e-03 8.396000e-03
16 9.844880e-01 6.120000e-03 9.392000e-03
17 9.830760e-01 6.384000e-03 1.054000e-02
18 9.817680e-01 6.520000e-03 1.171200e-02
19 9.806000e-01 6.504000e-03 1.289600e-02
20 9.790720e-01 6.880000e-03 1.404800e-02
21 9.776760e-01 7.064000e-03 1.526000e-02
22 9.763400e-01 7.124000e-03 1.653600e-02
23 9.752080e-01 7.072000e-03 1.772000e-02
24 9.739440e-01 7.180000e-03 1.887600e-02
25 9.724880e-01 7.328000e-03 2.018400e-02
26 9.711440e-01 7.332000e-03 2.152400e-02
27 9.696920e-01 7.532000e-03 2.277600e-02
28 9.684240e-01 7.560000e-03 2.401600e-02
29 9.669240e-01 7.676000e-03 2.540000e-02
30 9.656400e-01 7.632000e-03 2.672800e-02
31 9.642600e-01 7.692000e-03 2.804800e-02
32 9.628480e-01 7.752000e-03 2.940000e-02
33 9.612000e-01 8.136000e-03 3.066400e-02
34 9.597160e-01 8.212000e-03 3.207200e-02
35 9.581000e-01 8.448000e-03 3.345200e-02
36 9.564840e-01 8.552000e-03 3.496400e-02
37 9.547760e-01 8.868000e-03 3.635600e-02
38 9.529840e-01 9.008000e-03 3.800800e-02
39 9.512800e-01 9.080000e-03 3.964000e-02
40 9.497400e-01 9.076000e-03 4.118400e-02
41 9.481200e-01 9.148000e-03 4.273200e-02
42 9.465600e-01 9.148000e-03 4.429200e-02
43 9.449760e-01 9.104000e-03 4.592000e-02
44 9.433240e-01 9.188000e-03 4.748800e-02
45 9.418320e-01 9.148000e-03 4.902000e-02
46 9.402440e-01 9.096000e-03 5.066000e-02
47 9.387240e-01 9.120000e-03 5.215600e-02
48 9.371160e-01 9.096000e-03 5.378800e-02
49 9.355800e-01 9.140000e-03 5.528000e-02
50 9.340840e-01 9.084000e-03 5.683200e-02
51 9.326400e-01 8.880000e-03 5.848000e-02
52 9.311840e-01 8.704000e-03 6.011200e-02
53 9.295560e-01 8.776000e-03 6.166800e-02
54 9.279840e-01 8.880000e-03 6.313600e-02
55 9.263200e-01 9.060000e-03 6.462000e-02
56 9.246120e-01 9.192000e-03 6.619600e-02
57 9.230200e-01 9.176000e-03 6.780400e-02
58 9.215600e-01 8.968000e-03 6.947200e-02
59 9.200200e-01 8.972000e-03 7.100800e-02
60 9.184440e-01 9.112000e-03 7.244400e-02
61 9.168240e-01 9.224000e-03 7.395200e-02
62 9.151880e-01 9.220000e-03 7.559200e-02
63 9.136040e-01 9.136000e-03 7.726000e-02
64 9.122440e-01 8.904000e-03 7.885200e-02
65 9.106080e-01 8.948000e-03 8.044400e-02
66 9.089640e-01 8.916000e-03 8.212000e-02
67 9.074200e-01 8.984000e-03 8.359600e-02
68 9.058280e-01 9.056000e-03 8.511600e-02
69 9.043680e-01 8.980000e-03 8.665200e-02
70 9.028880e-01 8.860000e-03 8.825200e-02
71 9.014200e-01 8.884000e-03 8.969600e-02
72 9.000200e-01 8.712000e-03 9.126800e-02
73 8.986320e-01 8.684000e-03 9.268400e-02
74 8.971240e-01 8.488000e-03 9.438800e-02
75 8.957800e-01 8.344000e-03 9.587600e-02
76 8.944160e-01 8.136000e-03 9.744800e-02
77 8.930560e-01 8.248000e-03 9.869600e-02
78 8.916560e-01 8.280000e-03 1.000640e-01
79 8.902480e-01 8.340000e-03 1.014120e-01
80 8.887560e-01 8.364000e-03 1.028800e-01
81 8.874960e-01 8.208000e-03 1.042960e-01
82 8.859280e-01 8.312000e-03 1.057600e-01
83 8.843840e-01 8.312000e-03 1.073040e-01
84 8.829280e-01 8.280000e-03 1.087920e-01
85 8.815320e-01 8.176000e-03 1.102920e-01
86 8.801160e-01 8.208000e-03 1.116760e-01
87 8.787040e-01 8.152000e-03 1.131440e-01
88 8.772000e-01 8.284000e-03 1.145160e-01
89 8.755760e-01 8.524000e-03 1.159000e-01
90 8.740920e-01 8.500000e-03 1.174080e-01
91 8.724600e-01 8.748000e-03 1.187920e-01
92 8.708640e-01 8.904000e-03 1.202320e-01
93 8.692280e-01 9.060000e-03 1.217120e-01
94 8.676920e-01 8.868000e-03 1.234400e-01
95 8.661800e-01 8.896000e-03 1.249240e-01
96 8.647440e-01 8.832000e-03 1.264240e-01
97 8.632120e-01 8.744000e-03 1.280440e-01
98 8.617240e-01 8.708000e-03 1.295680e-01
99 8.603760e-01 8.568000e-03 1.310560e-01
100 8.589840e-01 8.408000e-03 1.326080e-01
101 8.575360e-01 8.356000e-03 1.341080e-01
102 8.561200e-01 8.300000e-03 1.355800e-01
103 8.545520e-01 8.296000e-03 1.371520e-01
104 8.532640e-01 8.064000e-03 1.386720e-01
105 8.517440e-01 8.096000e-03 1.401600e-01
106 8.503320e-01 8.124000e-03 1.415440e-01
107 8.490120e-01 8.052000e-03 1.429360e-01
108 8.477640e-01 7.980000e-03 1.442560e-01
109 8.465480e-01 7.804000e-03 1.456480e-01
110 8.452120e-01 7.780000e-03 1.470080e-01
111 8.438960e-01 7.736000e-03 1.483680e-01
112 8.424080e-01 7.856000e-03 1.497360e-01
113 8.411480e-01 7.764000e-03 1.510880e-01
114 8.399200e-01 7.660000e-03 1.524200e-01
115 8.387040e-01 7.416000e-03 1.538800e-01
116 8.374720e-01 7.336000e-03 1.551920e-01
117 8.361800e-01 7.308000e-03 1.565120e-01
118 8.350400e-01 7.148000e-03 1.578120e-01
119 8.336640e-01 7.268000e-03 1.590680e-01
120 8.323200e-01 7.328000e-03 1.603520e-01
121 8.310040e-01 7.348000e-03 1.616480e-01
122 8.297040e-01 7.308000e-03 1.629880e-01
123 8.284640e-01 7.196000e-03 1.643400e-01
124 8.270960e-01 7.288000e-03 1.656160e-01
125 8.258200e-01 7.260000e-03 1.669200e-01
126 8.245800e-01 7.300000e-03 1.681200e-01
127 8.234160e-01 7.276000e-03 1.693080e-01
128 8.221600e-01 7.348000e-03 1.704920e-01
129 8.209160e-01 7.292000e-03 1.717920e-01
130 8.196120e-01 7.276000e-03 1.731120e-01
131 8.182920e-01 7.356000e-03 1.743520e-01
132 8.170560e-01 7.312000e-03 1.756320e-01
133 8.156360e-01 7.472000e-03 1.768920e-01
134 8.143320e-01 7.476000e-03 1.781920e-01
135 8.130960e-01 7.508000e-03 1.793960e-01
136 8.117880e-01 7.452000e-03 1.807600e-01
137 8.104360e-01 7.632000e-03 1.819320e-01
138 8.090120e-01 7.656000e-03 1.833320e-01
139 8.076440e-01 7.696000e-03 1.846600e-01
140 8.065120e-01 7.436000e-03 1.860520e-01
141 8.050280e-01 7.604000e-03 1.873680e-01
142 8.035520e-01 7.780000e-03 1.886680e-01
143 8.021640e-01 7.640000e-03 1.901960e-01
144 8.007720e-01 7.684000e-03 1.915440e-01
145 7.995560e-01 7.652000e-03 1.927920e-01
146 7.982480e-01 7.692000e-03 1.940600e-01
147 7.968360e-01 7.748000e-03 1.954160e-01
148 7.954120e-01 7.808000e-03 1.967800e-01
149 7.941120e-01 7.776000e-03 1.981120e-01
150 7.927160e-01 7.732000e-03 1.995520e-01
151 7.915360e-01 7.520000e-03 2.009440e-01
152 7.902800e-01 7.440000e-03 2.022800e-01
153 7.890880e-01 7.364000e-03 2.035480e-01
154 7.879120e-01 7.276000e-03 2.048120e-01
155 7.866400e-01 7.368000e-03 2.059920e-01
156 7.855320e-01 7.120000e-03 2.073480e-01
157 7.843400e-01 7.112000e-03 2.085480e-01
158 7.832040e-01 7.000000e-03 2.097960e-01
159 7.821880e-01 6.908000e-03 2.109040e-01
160 7.811120e-01 6.688000e-03 2.122000e-01
161 7.801120e-01 6.512000e-03 2.133760e-01
162 7.790600e-01 6.440000e-03 2.145000e-01
163 7.779640e-01 6.404000e-03 2.156320e-01
164 7.768040e-01 6.580000e-03 2.166160e-01
165 7.755280e-01 6.740000e-03 2.177320e-01
166 7.741920e-01 6.880000e-03 2.189280e-01
167 7.730120e-01 6.884000e-03 2.201040e-01
168 7.718160e-01 6.868000e-03 2.213160e-01
169 7.706840e-01 6.876000e-03 2.224400e-01
170 7.694320e-01 6.888000e-03 2.236800e-01
171 7.681360e-01 6.956000e-03 2.249080e-01
172 7.670120e-01 6.916000e-03 2.260720e-01
173 7.658960e-01 6.808000e-03 2.272960e-01
174 7.647000e-01 6.732000e-03 2.285680e-01
175 7.635560e-01 6.620000e-03 2.298240e-01
176 7.624120e-01 6.564000e-03 2.310240e-01
177 7.611080e-01 6.680000e-03 2.322120e-01
178 7.600240e-01 6.640000e-03 2.333360e-01
179 7.588720e-01 6.640000e-03 2.344880e-01
180 7.578000e-01 6.552000e-03 2.356480e-01
181 7.565920e-01 6.580000e-03 2.368280e-01
182 7.554640e-01 6.612000e-03 2.379240e-01
183 7.542800e-01 6.628000e-03 2.390920e-01
184 7.532480e-01 6.416000e-03 2.403360e-01
185 7.522640e-01 6.264000e-03 2.414720e-01
186 7.511400e-01 6.308000e-03 2.425520e-01
187 7.501600e-01 6.272000e-03 2.435680e-01
188 7.490800e-01 6.264000e-03 2.446560e-01
189 7.479600e-01 6.292000e-03 2.457480e-01
190 7.469520e-01 6.268000e-03 2.467800e-01
191 7.460920e-01 6.000000e-03 2.479080e-01
192 7.453120e-01 5.740000e-03 2.489480e-01
193 7.443320e-01 5.676000e-03 2.499920e-01
194 7.433360e-01 5.800000e-03 2.508640e-01
195 7.423760e-01 5.712000e-03 2.519120e-01
196 7.413920e-01 5.752000e-03 2.528560e-01
197 7.404720e-01 5.660000e-03 2.538680e-01
198 7.395640e-01 5.568000e-03 2.548680e-01
199 7.386840e-01 5.596000e-03 2.557200e-01
200 7.378960e-01 5.392000e-03 2.567120e-01
201 7.370040e-01 5.232000e-03 2.577640e-01
202 7.361680e-01 5.036000e-03 2.587960e-01
203 7.353120e-01 5.072000e-03 2.596160e-01
204 7.346040e-01 4.956000e-03 2.604400e-01
205 7.338560e-01 4.748000e-03 2.613960e-01
206 7.331160e-01 4.608000e-03 2.622760e-01
207 7.324120e-01 4.564000e-03 2.630240e-01
208 7.316920e-01 4.432000e-03 2.638760e-01
209 7.310400e-01 4.256000e-03 2.647040e-01
210 7.302800e-01 4.308000e-03 2.654120e-01
211 7.294880e-01 4.304000e-03 2.662080e-01
212 7.287600e-01 4.300000e-03 2.669400e-01
213 7.281400e-01 4.208000e-03 2.676520e-01
214 7.274160e-01 4.136000e-03 2.684480e-01
215 7.267600e-01 4.104000e-03 2.691360e-01
216 7.259920e-01 4.108000e-03 2.699000e-01
217 7.253640e-01 4.068000e-03 2.705680e-01
218 7.247200e-01 3.952000e-03 2.713280e-01
219 7.240440e-01 3.904000e-03 2.720520e-01
220 7.233160e-01 3.888000e-03 2.727960e-01
221 7.225280e-01 3.964000e-03 2.735080e-01
222 7.218800e-01 3.928000e-03 2.741920e-01
223 7.211240e-01 3.972000e-03 2.749040e-01
224 7.203680e-01 3.984000e-03 2.756480e-01
225 7.196680e-01 3.900000e-03 2.764320e-01
226 7.190560e-01 3.884000e-03 2.770600e-01
227 7.183520e-01 3.884000e-03 2.777640e-01
228 7.176640e-01 3.928000e-03 2.784080e-01
229 7.169280e-01 4.040000e-03 2.790320e-01
230 7.163040e-01 4.032000e-03 2.796640e-01
231 7.157680e-01 3.824000e-03 2.804080e-01
232 7.152120e-01 3.812000e-03 2.809760e-01
233 7.146600e-01 3.692000e-03 2.816480e-01
234 7.140920e-01 3.496000e-03 2.824120e-01
235 7.134800e-01 3.560000e-03 2.829600e-01
236 7.129120e-01 3.528000e-03 2.835600e-01
237 7.123000e-01 3.556000e-03 2.841440e-01
238 7.116400e-01 3.536000e-03 2.848240e-01
239 7.109600e-01 3.528000e-03 2.855120e-01
240 7.103120e-01 3.556000e-03 2.861320e-01
241 7.095800e-01 3.608000e-03 2.868120e-01
242 7.089360e-01 3.664000e-03 2.874000e-01
243 7.083200e-01 3.680000e-03 2.880000e-01
244 7.076600e-01 3.744000e-03 2.885960e-01
245 7.070000e-01 3.792000e-03 2.892080e-01
246 7.063320e-01 3.812000e-03 2.898560e-01
247 7.056280e-01 3.824000e-03 2.905480e-01
248 7.050120e-01 3.832000e-03 2.911560e-01
249 7.044080e-01 3.760000e-03 2.918320e-01
250 7.037280e-01 3.824000e-03 2.924480e-01
251 7.030640e-01 3.728000e-03 2.932080e-01
252 7.024400e-01 3.732000e-03 2.938280e-01
253 7.018400e-01 3.668000e-03 2.944920e-01
254 7.012200e-01 3.620000e-03 2.951600e-01
255 7.005240e-01 3.616000e-03 2.958600e-01
256 6.999360e-01 3.536000e-03 2.965280e-01
257 6.992600e-01 3.556000e-03 2.971840e-01
258 6.986800e-01 3.468000e-03 2.978520e-01
259 6.979800e-01 3.560000e-03 2.984600e-01
260 6.974320e-01 3.508000e-03 2.990600e-01
261 6.967560e-01 3.612000e-03 2.996320e-01
262 6.960880e-01 3.608000e-03 3.003040e-01
263 6.953480e-01 3.788000e-03 3.008640e-01
264 6.947120e-01 3.772000e-03 3.015160e-01
265 6.940000e-01 3.848000e-03 3.021520e-01
266 6.933640e-01 3.776000e-03 3.028600e-01
267 6.927640e-01 3.728000e-03 3.035080e-01
268 6.921680e-01 3.560000e-03 3.042720e-01
269 6.915680e-01 3.500000e-03 3.049320e-01
270 6.909840e-01 3.488000e-03 3.055280e-01
271 6.903480e-01 3.536000e-03 3.061160e-01
272 6.897760e-01 3.556000e-03 3.066680e-01
273 6.891720e-01 3.548000e-03 3.072800e-01
274 6.886280e-01 3.564000e-03 3.078080e-01
275 6.880320e-01 3.528000e-03 3.084400e-01
276 6.873600e-01 3.628000e-03 3.090120e-01
277 6.867720e-01 3.552000e-03 3.096760e-01
278 6.861720e-01 3.492000e-03 3.103360e-01
279 6.856240e-01 3.496000e-03 3.108800e-01
280 6.851560e-01 3.360000e-03 3.114840e-01
281 6.846080e-01 3.292000e-03 3.121000e-01
282 6.840640e-01 3.312000e-03 3.126240e-01
283 6.836720e-01 3.132000e-03 3.131960e-01
284 6.831520e-01 3.128000e-03 3.137200e-01
285 6.826800e-01 3.104000e-03 3.142160e-01
286 6.822200e-01 3.052000e-03 3.147280e-01
287 6.818120e-01 2.936000e-03 3.152520e-01
288 6.812440e-01 2.996000e-03 3.157600e-01
289 6.807480e-01 3.028000e-03 3.162240e-01
290 6.802680e-01 2.964000e-03 3.167680e-01
291 6.798120e-01 2.916000e-03 3.172720e-01
292 6.793400e-01 2.932000e-03 3.177280e-01
293 6.789080e-01 2.876000e-03 3.182160e-01
294 6.784240e-01 2.860000e-03 3.187160e-01
295 6.779560e-01 2.856000e-03 3.191880e-01
296 6.775440e-01 2.824000e-03 3.196320e-01
297 6.771840e-01 2.704000e-03 3.201120e-01
298 6.768160e-01 2.632000e-03 3.205520e-01
299 6.764080e-01 2.648000e-03 3.209440e-01
300 6.760640e-01 2.508000e-03 3.214280e-01
301 6.756640e-01 2.532000e-03 3.218040e-01
302 6.752480e-01 2.540000e-03 3.222120e-01
303 6.748920e-01 2.448000e-03 3.226600e-01
304 6.745120e-01 2.416000e-03 3.230720e-01
305 6.741440e-01 2.400000e-03 3.234560e-01
306 6.737040e-01 2.388000e-03 3.239080e-01
307 6.732520e-01 2.424000e-03 3.243240e-01
308 6.728680e-01 2.416000e-03 3.247160e-01
309 6.724000e-01 2.464000e-03 3.251360e-01
310 6.719880e-01 2.468000e-03 3.255440e-01
311 6.715040e-01 2.532000e-03 3.259640e-01
312 6.711040e-01 2.492000e-03 3.264040e-01
313 6.708080e-01 2.364000e-03 3.268280e-01
314 6.704560e-01 2.288000e-03 3.272560e-01
315 6.700720e-01 2.272000e-03 3.276560e-01
316 6.696880e-01 2.256000e-03 3.280560e-01
317 6.693600e-01 2.188000e-03 3.284520e-01
318 6.690360e-01 2.132000e-03 3.288320e-01
319 6.687680e-01 2.064000e-03 3.291680e-01
320 6.684360e-01 2.084000e-03 3.294800e-01
321 6.680680e-01 2.132000e-03 3.298000e-01
322 6.676880e-01 2.092000e-03 3.302200e-01
323 6.673160e-01 2.104000e-03 3.305800e-01
324 6.669680e-01 2.076000e-03 3.309560e-01
325 6.666560e-01 2.020000e-03 3.313240e-01
326 6.663680e-01 1.948000e-03 3.316840e-01
327 6.660480e-01 1.972000e-03 3.319800e-01
328 6.657640e-01 1.900000e-03 3.323360e-01
329 6.654760e-01 1.820000e-03 3.327040e-01
330 6.651600e-01 1.820000e-03 3.330200e-01
331 6.648040e-01 1.816000e-03 3.333800e-01
332 6.645440e-01 1.772000e-03 3.336840e-01
333 6.642080e-01 1.820000e-03 3.339720e-01
334 6.639040e-01 1.832000e-03 3.342640e-01
335 6.636880e-01 1.776000e-03 3.345360e-01
336 6.633760e-01 1.744000e-03 3.348800e-01
337 6.631400e-01 1.624000e-03 3.352360e-01
338 6.628000e-01 1.692000e-03 3.355080e-01
339 6.625560e-01 1.628000e-03 3.358160e-01
340 6.622240e-01 1.736000e-03 3.360400e-01
341 6.618440e-01 1.812000e-03 3.363440e-01
342 6.615240e-01 1.800000e-03 3.366760e-01
343 6.612040e-01 1.796000e-03 3.370000e-01
344 6.608920e-01 1.800000e-03 3.373080e-01
345 6.606040e-01 1.752000e-03 3.376440e-01
346 6.603320e-01 1.704000e-03 3.379640e-01
347 6.600760e-01 1.712000e-03 3.382120e-01
348 6.598000e-01 1.736000e-03 3.384640e-01
349 6.594920e-01 1.744000e-03 3.387640e-01
350 6.591160e-01 1.780000e-03 3.391040e-01
351 6.587440e-01 1.800000e-03 3.394560e-01
352 6.584440e-01 1.752000e-03 3.398040e-01
353 6.581400e-01 1.760000e-03 3.401000e-01
354 6.578720e-01 1.728000e-03 3.404000e-01
355 6.575760e-01 1.788000e-03 3.406360e-01
356 6.572720e-01 1.756000e-03 3.409720e-01
357 6.569520e-01 1.784000e-03 3.412640e-01
358 6.565360e-01 1.872000e-03 3.415920e-01
359 6.562000e-01 1.852000e-03 3.419480e-01
360 6.558600e-01 1.860000e-03 3.422800e-01
361 6.555280e-01 1.868000e-03 3.426040e-01
362 6.552360e-01 1.876000e-03 3.428880e-01
363 6.548560e-01 1.932000e-03 3.432120e-01
364 6.545280e-01 1.952000e-03 3.435200e-01
365 6.542640e-01 1.864000e-03 3.438720e-01
366 6.539640e-01 1.884000e-03 3.441520e-01
367 6.536840e-01 1.832000e-03 3.444840e-01
368 6.532960e-01 1.900000e-03 3.448040e-01
369 6.530720e-01 1.724000e-03 3.452040e-01
370 6.528200e-01 1.596000e-03 3.455840e-01
371 6.525760e-01 1.576000e-03 3.458480e-01
372 6.523120e-01 1.576000e-03 3.461120e-01
373 6.520280e-01 1.596000e-03 3.463760e-01
374 6.517400e-01 1.648000e-03 3.466120e-01
375 6.515080e-01 1.576000e-03 3.469160e-01
376 6.512440e-01 1.536000e-03 3.472200e-01
377 6.509680e-01 1.520000e-03 3.475120e-01
378 6.507400e-01 1.472000e-03 3.477880e-01
379 6.504560e-01 1.488000e-03 3.480560e-01
380 6.501280e-01 1.532000e-03 3.483400e-01
381 6.497760e-01 1.576000e-03 3.486480e-01
382 6.495160e-01 1.560000e-03 3.489240e-01
383 6.491560e-01 1.624000e-03 3.492200e-01
384 6.488240e-01 1.636000e-03 3.495400e-01
385 6.485600e-01 1.628000e-03 3.498120e-01
386 6.482800e-01 1.612000e-03 3.501080e-01
387 6.479840e-01 1.640000e-03 3.503760e-01
388 6.477440e-01 1.556000e-03 3.507000e-01
389 6.475160e-01 1.500000e-03 3.509840e-01
390 6.472440e-01 1.540000e-03 3.512160e-01
391 6.469560e-01 1.564000e-03 3.514800e-01
392 6.466280e-01 1.620000e-03 3.517520e-01
393 6.463560e-01 1.640000e-03 3.520040e-01
394 6.460560e-01 1.668000e-03 3.522760e-01
395 6.457120e-01 1.784000e-03 3.525040e-01
396 6.454560e-01 1.684000e-03 3.528600e-01
397 6.451640e-01 1.664000e-03 3.531720e-01
398 6.448920e-01 1.712000e-03 3.533960e-01
399 6.446120e-01 1.716000e-03 3.536720e-01
400 6.443960e-01 1.604000e-03 3.540000e-01
401 6.441520e-01 1.548000e-03 3.543000e-01
402 6.439000e-01 1.548000e-03 3.545520e-01
403 6.436280e-01 1.576000e-03 3.547960e-01
404 6.433720e-01 1.560000e-03 3.550680e-01
405 6.431360e-01 1.528000e-03 3.553360e-01
406 6.428680e-01 1.576000e-03 3.555560e-01
407 6.426960e-01 1.488000e-03 3.558160e-01
408 6.425280e-01 1.368000e-03 3.561040e-01
409 6.423040e-01 1.388000e-03 3.563080e-01
410 6.421120e-01 1.328000e-03 3.565600e-01
411 6.419040e-01 1.328000e-03 3.567680e-01
412 6.417120e-01 1.292000e-03 3.569960e-01
413 6.415040e-01 1.260000e-03 3.572360e-01
414 6.413000e-01 1.224000e-03 3.574760e-01
415 6.411200e-01 1.172000e-03 3.577080e-01
416 6.408840e-01 1.200000e-03 3.579160e-01
417 6.407320e-01 1.092000e-03 3.581760e-01
418 6.405640e-01 1.068000e-03 3.583680e-01
419 6.404000e-01 1.036000e-03 3.585640e-01
420 6.401360e-01 1.136000e-03 3.587280e-01
421 6.399240e-01 1.124000e-03 3.589520e-01
422 6.396680e-01 1.196000e-03 3.591360e-01
423 6.394520e-01 1.156000e-03 3.593920e-01
424 6.392840e-01 1.108000e-03 3.596080e-01
425 6.390800e-01 1.132000e-03 3.597880e-01
426 6.388600e-01 1.140000e-03 3.600000e-01
427 6.386760e-01 1.076000e-03 3.602480e-01
428 6.384840e-01 1.008000e-03 3.605080e-01
429 6.383160e-01 9.960000e-04 3.606880e-01
430 6.381520e-01 1.024000e-03 3.608240e-01
431 6.380120e-01 9.800000e-04 3.610080e-01
432 6.378400e-01 9.760000e-04 3.611840e-01
433 6.376760e-01 9.520000e-04 3.613720e-01
434 6.374520e-01 9.800000e-04 3.615680e-01
435 6.373080e-01 9.320000e-04 3.617600e-01
436 6.370960e-01 9.880000e-04 3.619160e-01
437 6.368880e-01 1.032000e-03 3.620800e-01
438 6.367040e-01 1.012000e-03 3.622840e-01
439 6.365800e-01 9.560000e-04 3.624640e-01
440 6.364000e-01 9.600000e-04 3.626400e-01
441 6.362360e-01 9.640000e-04 3.628000e-01
442 6.361000e-01 9.200000e-04 3.629800e-01
443 6.359440e-01 9.560000e-04 3.631000e-01
444 6.358720e-01 8.520000e-04 3.632760e-01
445 6.357840e-01 7.880000e-04 3.634280e-01
446 6.356200e-01 8.160000e-04 3.635640e-01
447 6.354640e-01 8.320000e-04 3.637040e-01
448 6.352560e-01 8.560000e-04 3.638880e-01
449 6.351320e-01 8.720000e-04 3.639960e-01
450 6.349880e-01 9.200000e-04 3.640920e-01
451 6.348480e-01 8.920000e-04 3.642600e-01
452 6.346800e-01 9.280000e-04 3.643920e-01
453 6.345680e-01 8.720000e-04 3.645600e-01
454 6.344200e-01 8.640000e-04 3.647160e-01
455 6.343080e-01 8.280000e-04 3.648640e-01
456 6.342040e-01 7.880000e-04 3.650080e-01
457 6.341280e-01 7.600000e-04 3.651120e-01
458 6.340080e-01 7.680000e-04 3.652240e-01
459 6.338680e-01 7.680000e-04 3.653640e-01
460 6.337480e-01 7.640000e-04 3.654880e-01
461 6.336200e-01 7.680000e-04 3.656120e-01
462 6.334880e-01 7.720000e-04 3.657400e-01
463 6.333560e-01 7.640000e-04 3.658800e-01
464 6.332000e-01 7.920000e-04 3.660080e-01
465 6.330520e-01 7.960000e-04 3.661520e-01
466 6.329080e-01 8.160000e-04 3.662760e-01
467 6.327000e-01 8.880000e-04 3.664120e-01
468 6.325640e-01 8.600000e-04 3.665760e-01
469 6.323880e-01 8.680000e-04 3.667440e-01
470 6.321760e-01 9.360000e-04 3.668880e-01
471 6.320160e-01 9.680000e-04 3.670160e-01
472 6.318960e-01 8.680000e-04 3.672360e-01
473 6.317200e-01 9.080000e-04 3.673720e-01
474 6.315600e-01 9.240000e-04 3.675160e-01
475 6.313720e-01 9.000000e-04 3.677280e-01
476 6.311960e-01 9.280000e-04 3.678760e-01
477 6.310320e-01 9.480000e-04 3.680200e-01
478 6.308880e-01 9.760000e-04 3.681360e-01
479 6.307320e-01 9.880000e-04 3.682800e-01
480 6.305880e-01 9.440000e-04 3.684680e-01
481 6.304160e-01 9.760000e-04 3.686080e-01
482 6.302400e-01 9.840000e-04 3.687760e-01
483 6.300960e-01 9.440000e-04 3.689600e-01
484 6.299480e-01 9.440000e-04 3.691080e-01
485 6.298400e-01 8.840000e-04 3.692760e-01
486 6.297320e-01 8.360000e-04 3.694320e-01
487 6.296120e-01 8.280000e-04 3.695600e-01
488 6.294720e-01 8.360000e-04 3.696920e-01
489 6.293400e-01 8.360000e-04 3.698240e-01
490 6.292080e-01 8.000000e-04 3.699920e-01
491 6.290800e-01 7.640000e-04 3.701560e-01
492 6.289520e-01 7.200000e-04 3.703280e-01
493 6.288400e-01 7.120000e-04 3.704480e-01
494 6.286880e-01 7.720000e-04 3.705400e-01
495 6.285520e-01 7.800000e-04 3.706680e-01
496 6.284280e-01 7.560000e-04 3.708160e-01
497 6.283080e-01 7.400000e-04 3.709520e-01
498 6.281840e-01 7.160000e-04 3.711000e-01
499 6.280440e-01 7.160000e-04 3.712400e-01
500 6.279280e-01 6.960000e-04 3.713760e-01
