1 9.991880e-01 7.400000e-04 7.200000e-05
2 9.986080e-01 1.176000e-03 2.160000e-04
3 9.978440e-01 1.668000e-03 4.880000e-04
4 9.970360e-01 2.120000e-03 8.440000e-04
5 9.962080e-01 2.568000e-03 1.224000e-03
6 9.953920e-01 2.992000e-03 1.616000e-03
7 9.945480e-01 3.284000e-03 2.168000e-03
8 9.936360e-01 3.644000e-03 2.720000e-03
9 9.926120e-01 3.916000e-03 3.472000e-03
10 9.917280e-01 4.000000e-03 4.272000e-03
11 9.906920e-01 4.360000e-03 4.948000e-03
12 9.895600e-01 4.768000e-03 5.672000e-03
13 9.883760e-01 5.076000e-03 6.548000e-03
14 9.872320e-01 5.256000e-03 7.512000e-03
15 9.861760e-01 5.336000e-03 8.488000e-03
16 9.850560e-01 5.500000e-03 9.444000e-03
17 9.840320e-01 5.460000e-03 1.050800e-02
18 9.827720e-01 5.680000e-03 1.154800e-02
19 9.815080e-01 5.928000e-03 1.256400e-02
20 9.803560e-01 6.116000e-03 1.352800e-02
21 9.791560e-01 6.268000e-03 1.457600e-02
22 9.779440e-01 6.360000e-03 1.569600e-02
23 9.767080e-01 6.476000e-03 1.681600e-02
24 9.753880e-01 6.548000e-03 1.806400e-02
25 9.740920e-01 6.644000e-03 1.926400e-02
26 9.726160e-01 6.884000e-03 2.050000e-02
27 9.713320e-01 6.944000e-03 2.172400e-02
28 9.699000e-01 7.148000e-03 2.295200e-02
29 9.684440e-01 7.332000e-03 2.422400e-02
30 9.670320e-01 7.524000e-03 2.544400e-02
31 9.656400e-01 7.544000e-03 2.681600e-02
32 9.639720e-01 7.904000e-03 2.812400e-02
33 9.624000e-01 8.156000e-03 2.944400e-02
34 9.608160e-01 8.272000e-03 3.091200e-02
35 9.593760e-01 8.272000e-03 3.235200e-02
36 9.577240e-01 8.440000e-03 3.383600e-02
37 9.562160e-01 8.580000e-03 3.520400e-02
38 9.546240e-01 8.556000e-03 3.682000e-02
39 9.530360e-01 8.664000e-03 3.830000e-02
40 9.515760e-01 8.716000e-03 3.970800e-02
41 9.500520e-01 8.672000e-03 4.127600e-02
42 9.485280e-01 8.732000e-03 4.274000e-02
43 9.470440e-01 8.636000e-03 4.432000e-02
44 9.455000e-01 8.712000e-03 4.578800e-02
45 9.440520e-01 8.520000e-03 4.742800e-02
46 9.423440e-01 8.764000e-03 4.889200e-02
47 9.406400e-01 8.780000e-03 5.058000e-02
48 9.388880e-01 8.984000e-03 5.212800e-02
49 9.372000e-01 9.032000e-03 5.376800e-02
50 9.356160e-01 9.060000e-03 5.532400e-02
51 9.339120e-01 9.184000e-03 5.690400e-02
52 9.322960e-01 9.196000e-03 5.850800e-02
53 9.307000e-01 9.196000e-03 6.010400e-02
54 9.290480e-01 9.344000e-03 6.160800e-02
55 9.273200e-01 9.352000e-03 6.332800e-02
56 9.254840e-01 9.544000e-03 6.497200e-02
57 9.236720e-01 9.648000e-03 6.668000e-02
58 9.221720e-01 9.624000e-03 6.820400e-02
59 9.204360e-01 9.740000e-03 6.982400e-02
60 9.186000e-01 9.864000e-03 7.153600e-02
61 9.167360e-01 1.008000e-02 7.318400e-02
62 9.147600e-01 1.033200e-02 7.490800e-02
63 9.128680e-01 1.049600e-02 7.663600e-02
64 9.108880e-01 1.046800e-02 7.864400e-02
65 9.090520e-01 1.051600e-02 8.043200e-02
66 9.072360e-01 1.042400e-02 8.234000e-02
67 9.052480e-01 1.068400e-02 8.406800e-02
68 9.033600e-01 1.074000e-02 8.590000e-02
69 9.016640e-01 1.062800e-02 8.770800e-02
70 8.999440e-01 1.045600e-02 8.960000e-02
71 8.981240e-01 1.050000e-02 9.137600e-02
72 8.965480e-01 1.018800e-02 9.326400e-02
73 8.947960e-01 1.025600e-02 9.494800e-02
74 8.932000e-01 1.011600e-02 9.668400e-02
75 8.913920e-01 1.003600e-02 9.857200e-02
76 8.896240e-01 9.960000e-03 1.004160e-01
77 8.878120e-01 1.009200e-02 1.020960e-01
78 8.858520e-01 1.038800e-02 1.037600e-01
79 8.839200e-01 1.050000e-02 1.055800e-01
80 8.819360e-01 1.072400e-02 1.073400e-01
81 8.800000e-01 1.072800e-02 1.092720e-01
82 8.781680e-01 1.058800e-02 1.112440e-01
83 8.762160e-01 1.064800e-02 1.131360e-01
84 8.745400e-01 1.038400e-02 1.150760e-01
85 8.728640e-01 1.030400e-02 1.168320e-01
86 8.712360e-01 1.000800e-02 1.187560e-01
87 8.694240e-01 1.010800e-02 1.204680e-01
88 8.675680e-01 1.008800e-02 1.223440e-01
89 8.658800e-01 9.932000e-03 1.241880e-01
90 8.641560e-01 1.005600e-02 1.257880e-01
91 8.625880e-01 9.912000e-03 1.275000e-01
92 8.608080e-01 1.004800e-02 1.291440e-01
93 8.591760e-01 9.864000e-03 1.309600e-01
94 8.575160e-01 9.676000e-03 1.328080e-01
95 8.558200e-01 9.780000e-03 1.344000e-01
96 8.542040e-01 9.676000e-03 1.361200e-01
97 8.524520e-01 9.760000e-03 1.377880e-01
98 8.507720e-01 9.776000e-03 1.394520e-01
99 8.491320e-01 9.732000e-03 1.411360e-01
100 8.475760e-01 9.460000e-03 1.429640e-01
101 8.458720e-01 9.688000e-03 1.444400e-01
102 8.443200e-01 9.588000e-03 1.460920e-01
103 8.427400e-01 9.496000e-03 1.477640e-01
104 8.412680e-01 9.292000e-03 1.494400e-01
105 8.396840e-01 9.292000e-03 1.510240e-01
106 8.380440e-01 9.220000e-03 1.527360e-01
107 8.364800e-01 9.052000e-03 1.544680e-01
108 8.348600e-01 9.112000e-03 1.560280e-01
109 8.332440e-01 9.144000e-03 1.576120e-01
110 8.316240e-01 9.180000e-03 1.591960e-01
111 8.301080e-01 8.976000e-03 1.609160e-01
112 8.286440e-01 8.928000e-03 1.624280e-01
113 8.273120e-01 8.684000e-03 1.640040e-01
114 8.257440e-01 8.776000e-03 1.654800e-01
115 8.242200e-01 8.668000e-03 1.671120e-01
116 8.226320e-01 8.768000e-03 1.686000e-01
117 8.211400e-01 8.792000e-03 1.700680e-01
118 8.199400e-01 8.492000e-03 1.715680e-01
119 8.185520e-01 8.324000e-03 1.731240e-01
120 8.171200e-01 8.252000e-03 1.746280e-01
121 8.157520e-01 8.128000e-03 1.761200e-01
122 8.142040e-01 8.296000e-03 1.775000e-01
123 8.126800e-01 8.408000e-03 1.789120e-01
124 8.112720e-01 8.388000e-03 1.803400e-01
125 8.099280e-01 8.300000e-03 1.817720e-01
126 8.086480e-01 8.212000e-03 1.831400e-01
127 8.070680e-01 8.284000e-03 1.846480e-01
128 8.057200e-01 8.208000e-03 1.860720e-01
129 8.041880e-01 8.260000e-03 1.875520e-01
130 8.027640e-01 8.196000e-03 1.890400e-01
131 8.013320e-01 8.216000e-03 1.904520e-01
132 7.998880e-01 8.184000e-03 1.919280e-01
133 7.984520e-01 8.176000e-03 1.933720e-01
134 7.969360e-01 8.216000e-03 1.948480e-01
135 7.956720e-01 8.048000e-03 1.962800e-01
136 7.944240e-01 7.892000e-03 1.976840e-01
137 7.930840e-01 7.884000e-03 1.990320e-01
138 7.917760e-01 7.824000e-03 2.004000e-01
139 7.902920e-01 7.960000e-03 2.017480e-01
140 7.887360e-01 8.032000e-03 2.032320e-01
141 7.873800e-01 7.928000e-03 2.046920e-01
142 7.859920e-01 7.836000e-03 2.061720e-01
143 7.846560e-01 7.888000e-03 2.074560e-01
144 7.831720e-01 8.044000e-03 2.087840e-01
145 7.817920e-01 8.004000e-03 2.102040e-01
146 7.805320e-01 7.856000e-03 2.116120e-01
147 7.790760e-01 7.904000e-03 2.130200e-01
148 7.777480e-01 7.900000e-03 2.143520e-01
149 7.762960e-01 8.052000e-03 2.156520e-01
150 7.748800e-01 8.020000e-03 2.171000e-01
151 7.734000e-01 8.068000e-03 2.185320e-01
152 7.719600e-01 8.136000e-03 2.199040e-01
153 7.705080e-01 8.216000e-03 2.212760e-01
154 7.691280e-01 8.000000e-03 2.228720e-01
155 7.677280e-01 7.976000e-03 2.242960e-01
156 7.663880e-01 7.984000e-03 2.256280e-01
157 7.649440e-01 8.112000e-03 2.269440e-01
158 7.637240e-01 7.880000e-03 2.283960e-01
159 7.624840e-01 7.724000e-03 2.297920e-01
160 7.613120e-01 7.552000e-03 2.311360e-01
161 7.600840e-01 7.588000e-03 2.323280e-01
162 7.588880e-01 7.564000e-03 2.335480e-01
163 7.577680e-01 7.344000e-03 2.348880e-01
164 7.565200e-01 7.384000e-03 2.360960e-01
165 7.552640e-01 7.312000e-03 2.374240e-01
166 7.540960e-01 7.284000e-03 2.386200e-01
167 7.530080e-01 7.116000e-03 2.398760e-01
168 7.518560e-01 7.208000e-03 2.409360e-01
169 7.507560e-01 7.084000e-03 2.421600e-01
170 7.496960e-01 6.944000e-03 2.433600e-01
171 7.486000e-01 6.872000e-03 2.445280e-01
172 7.475960e-01 6.624000e-03 2.457800e-01
173 7.465240e-01 6.620000e-03 2.468560e-01
174 7.455600e-01 6.376000e-03 2.480640e-01
175 7.445080e-01 6.348000e-03 2.491440e-01
176 7.436320e-01 6.172000e-03 2.501960e-01
177 7.425800e-01 6.152000e-03 2.512680e-01
178 7.415720e-01 6.132000e-03 2.522960e-01
179 7.406560e-01 5.952000e-03 2.533920e-01
180 7.395800e-01 5.900000e-03 2.545200e-01
181 7.386160e-01 5.788000e-03 2.555960e-01
182 7.376440e-01 5.776000e-03 2.565800e-01
183 7.365040e-01 5.928000e-03 2.575680e-01
184 7.354800e-01 5.816000e-03 2.587040e-01
185 7.345240e-01 5.740000e-03 2.597360e-01
186 7.335280e-01 5.788000e-03 2.606840e-01
187 7.325080e-01 5.768000e-03 2.617240e-01
188 7.314120e-01 5.864000e-03 2.627240e-01
189 7.303080e-01 5.964000e-03 2.637280e-01
190 7.293280e-01 5.900000e-03 2.647720e-01
191 7.282840e-01 5.892000e-03 2.658240e-01
192 7.272000e-01 6.032000e-03 2.667680e-01
193 7.261920e-01 5.992000e-03 2.678160e-01
194 7.251360e-01 6.004000e-03 2.688600e-01
195 7.241800e-01 5.948000e-03 2.698720e-01
196 7.232520e-01 5.800000e-03 2.709480e-01
197 7.223720e-01 5.604000e-03 2.720240e-01
198 7.214720e-01 5.592000e-03 2.729360e-01
199 7.205960e-01 5.340000e-03 2.740640e-01
200 7.197520e-01 5.300000e-03 2.749480e-01
201 7.189480e-01 5.244000e-03 2.758080e-01
202 7.179960e-01 5.348000e-03 2.766560e-01
203 7.171480e-01 5.220000e-03 2.776320e-01
204 7.162200e-01 5.208000e-03 2.785720e-01
205 7.153320e-01 5.136000e-03 2.795320e-01
206 7.144880e-01 5.000000e-03 2.805120e-01
207 7.136720e-01 4.968000e-03 2.813600e-01
208 7.128360e-01 4.936000e-03 2.822280e-01
209 7.120560e-01 4.880000e-03 2.830640e-01
210 7.112960e-01 4.752000e-03 2.839520e-01
211 7.103840e-01 4.812000e-03 2.848040e-01
212 7.095240e-01 4.876000e-03 2.856000e-01
213 7.086680e-01 4.928000e-03 2.864040e-01
214 7.077400e-01 4.968000e-03 2.872920e-01
215 7.069000e-01 4.920000e-03 2.881800e-01
216 7.061520e-01 4.780000e-03 2.890680e-01
217 7.054200e-01 4.700000e-03 2.898800e-01
218 7.047080e-01 4.520000e-03 2.907720e-01
219 7.039400e-01 4.496000e-03 2.915640e-01
220 7.031800e-01 4.508000e-03 2.923120e-01
221 7.024600e-01 4.460000e-03 2.930800e-01
222 7.016120e-01 4.500000e-03 2.938880e-01
223 7.009760e-01 4.268000e-03 2.947560e-01
224 7.001760e-01 4.368000e-03 2.954560e-01
225 6.994400e-01 4.276000e-03 2.962840e-01
226 6.987080e-01 4.312000e-03 2.969800e-01
227 6.980360e-01 4.312000e-03 2.976520e-01
228 6.973120e-01 4.240000e-03 2.984480e-01
229 6.966040e-01 4.272000e-03 2.991240e-01
230 6.959520e-01 4.204000e-03 2.998440e-01
231 6.951600e-01 4.236000e-03 3.006040e-01
232 6.944760e-01 4.208000e-03 3.013160e-01
233 6.937200e-01 4.164000e-03 3.021160e-01
234 6.930280e-01 4.212000e-03 3.027600e-01
235 6.923240e-01 4.148000e-03 3.035280e-01
236 6.915520e-01 4.232000e-03 3.042160e-01
237 6.908400e-01 4.244000e-03 3.049160e-01
238 6.899760e-01 4.372000e-03 3.056520e-01
239 6.892000e-01 4.288000e-03 3.065120e-01
240 6.884400e-01 4.264000e-03 3.072960e-01
241 6.877440e-01 4.284000e-03 3.079720e-01
242 6.868600e-01 4.436000e-03 3.087040e-01
243 6.861600e-01 4.284000e-03 3.095560e-01
244 6.855280e-01 4.196000e-03 3.102760e-01
245 6.849520e-01 4.016000e-03 3.110320e-01
246 6.844040e-01 3.880000e-03 3.117160e-01
247 6.837720e-01 3.808000e-03 3.124200e-01
248 6.832120e-01 3.688000e-03 3.131000e-01
249 6.825880e-01 3.664000e-03 3.137480e-01
250 6.819160e-01 3.676000e-03 3.144080e-01
251 6.813200e-01 3.616000e-03 3.150640e-01
252 6.807800e-01 3.508000e-03 3.157120e-01
253 6.802040e-01 3.488000e-03 3.163080e-01
254 6.797040e-01 3.392000e-03 3.169040e-01
255 6.792480e-01 3.276000e-03 3.174760e-01
256 6.787480e-01 3.180000e-03 3.180720e-01
257 6.781560e-01 3.200000e-03 3.186440e-01
258 6.776040e-01 3.196000e-03 3.192000e-01
259 6.771240e-01 3.128000e-03 3.197480e-01
260 6.766240e-01 3.112000e-03 3.202640e-01
261 6.760000e-01 3.224000e-03 3.207760e-01
262 6.754520e-01 3.236000e-03 3.213120e-01
263 6.747800e-01 3.372000e-03 3.218480e-01
264 6.742280e-01 3.380000e-03 3.223920e-01
265 6.736320e-01 3.360000e-03 3.230080e-01
266 6.731040e-01 3.316000e-03 3.235800e-01
267 6.725560e-01 3.228000e-03 3.242160e-01
268 6.719520e-01 3.236000e-03 3.248120e-01
269 6.713320e-01 3.340000e-03 3.253280e-01
270 6.707400e-01 3.388000e-03 3.258720e-01
271 6.702800e-01 3.296000e-03 3.264240e-01
272 6.697280e-01 3.256000e-03 3.270160e-01
273 6.692000e-01 3.236000e-03 3.275640e-01
274 6.686480e-01 3.236000e-03 3.281160e-01
275 6.681720e-01 3.180000e-03 3.286480e-01
276 6.676040e-01 3.240000e-03 3.291560e-01
277 6.671000e-01 3.192000e-03 3.297080e-01
278 6.666480e-01 3.024000e-03 3.303280e-01
279 6.661080e-01 3.016000e-03 3.308760e-01
280 6.655640e-01 2.996000e-03 3.314400e-01
281 6.650320e-01 3.068000e-03 3.319000e-01
282 6.645560e-01 2.996000e-03 3.324480e-01
283 6.640840e-01 2.928000e-03 3.329880e-01
284 6.636600e-01 2.876000e-03 3.334640e-01
285 6.631960e-01 2.784000e-03 3.340200e-01
286 6.627640e-01 2.728000e-03 3.345080e-01
287 6.623560e-01 2.612000e-03 3.350320e-01
288 6.619400e-01 2.600000e-03 3.354600e-01
289 6.615560e-01 2.536000e-03 3.359080e-01
290 6.611160e-01 2.524000e-03 3.363600e-01
291 6.606880e-01 2.544000e-03 3.367680e-01
292 6.603520e-01 2.456000e-03 3.371920e-01
293 6.599280e-01 2.412000e-03 3.376600e-01
294 6.595240e-01 2.392000e-03 3.380840e-01
295 6.591480e-01 2.340000e-03 3.385120e-01
296 6.588160e-01 2.256000e-03 3.389280e-01
297 6.583600e-01 2.292000e-03 3.393480e-01
298 6.579720e-01 2.272000e-03 3.397560e-01
299 6.575560e-01 2.304000e-03 3.401400e-01
300 6.571840e-01 2.308000e-03 3.405080e-01
301 6.568280e-01 2.240000e-03 3.409320e-01
302 6.565240e-01 2.136000e-03 3.413400e-01
303 6.560200e-01 2.268000e-03 3.417120e-01
304 6.556400e-01 2.248000e-03 3.421120e-01
305 6.552800e-01 2.216000e-03 3.425040e-01
306 6.549160e-01 2.188000e-03 3.428960e-01
307 6.545840e-01 2.108000e-03 3.433080e-01
308 6.542160e-01 2.188000e-03 3.435960e-01
309 6.539800e-01 2.136000e-03 3.438840e-01
310 6.537160e-01 2.024000e-03 3.442600e-01
311 6.533960e-01 1.956000e-03 3.446480e-01
312 6.531120e-01 1.884000e-03 3.450040e-01
313 6.527760e-01 1.884000e-03 3.453400e-01
314 6.524720e-01 1.796000e-03 3.457320e-01
315 6.521520e-01 1.792000e-03 3.460560e-01
316 6.518640e-01 1.772000e-03 3.463640e-01
317 6.514960e-01 1.840000e-03 3.466640e-01
318 6.511680e-01 1.824000e-03 3.470080e-01
319 6.507840e-01 1.856000e-03 3.473600e-01
320 6.503840e-01 1.944000e-03 3.476720e-01
321 6.499920e-01 2.024000e-03 3.479840e-01
322 6.496400e-01 2.044000e-03 3.483160e-01
323 6.492600e-01 2.020000e-03 3.487200e-01
324 6.489000e-01 2.040000e-03 3.490600e-01
325 6.485320e-01 2.084000e-03 3.493840e-01
326 6.481760e-01 2.172000e-03 3.496520e-01
327 6.478040e-01 2.148000e-03 3.500480e-01
328 6.473840e-01 2.216000e-03 3.504000e-01
329 6.470400e-01 2.204000e-03 3.507560e-01
330 6.466520e-01 2.200000e-03 3.511480e-01
331 6.463120e-01 2.208000e-03 3.514800e-01
332 6.460320e-01 2.116000e-03 3.518520e-01
333 6.456960e-01 2.084000e-03 3.522200e-01
334 6.454320e-01 2.016000e-03 3.525520e-01
335 6.450000e-01 2.100000e-03 3.529000e-01
336 6.445560e-01 2.156000e-03 3.532880e-01
337 6.441240e-01 2.216000e-03 3.536600e-01
338 6.437480e-01 2.212000e-03 3.540400e-01
339 6.434040e-01 2.236000e-03 3.543600e-01
340 6.428960e-01 2.348000e-03 3.547560e-01
341 6.425120e-01 2.320000e-03 3.551680e-01
342 6.421400e-01 2.332000e-03 3.555280e-01
343 6.417480e-01 2.288000e-03 3.559640e-01
344 6.413240e-01 2.308000e-03 3.563680e-01
345 6.409280e-01 2.288000e-03 3.567840e-01
346 6.404840e-01 2.320000e-03 3.571960e-01
347 6.400200e-01 2.368000e-03 3.576120e-01
348 6.396520e-01 2.336000e-03 3.580120e-01
349 6.392480e-01 2.288000e-03 3.584640e-01
350 6.388720e-01 2.256000e-03 3.588720e-01
351 6.385280e-01 2.136000e-03 3.593360e-01
352 6.380320e-01 2.204000e-03 3.597640e-01
353 6.376360e-01 2.216000e-03 3.601480e-01
354 6.373120e-01 2.184000e-03 3.605040e-01
355 6.369960e-01 2.124000e-03 3.608800e-01
356 6.366680e-01 2.076000e-03 3.612560e-01
357 6.363160e-01 2.060000e-03 3.616240e-01
358 6.360160e-01 1.960000e-03 3.620240e-01
359 6.356560e-01 2.000000e-03 3.623440e-01
360 6.353400e-01 1.936000e-03 3.627240e-01
361 6.349920e-01 1.964000e-03 3.630440e-01
362 6.346520e-01 1.968000e-03 3.633800e-01
363 6.343400e-01 1.960000e-03 3.637000e-01
364 6.340360e-01 1.928000e-03 3.640360e-01
365 6.337280e-01 1.888000e-03 3.643840e-01
366 6.334240e-01 1.864000e-03 3.647120e-01
367 6.330360e-01 1.964000e-03 3.650000e-01
368 6.327760e-01 1.900000e-03 3.653240e-01
369 6.325240e-01 1.752000e-03 3.657240e-01
370 6.322720e-01 1.700000e-03 3.660280e-01
371 6.320200e-01 1.708000e-03 3.662720e-01
372 6.316880e-01 1.708000e-03 3.666040e-01
373 6.313960e-01 1.724000e-03 3.668800e-01
374 6.310880e-01 1.740000e-03 3.671720e-01
375 6.308280e-01 1.680000e-03 3.674920e-01
376 6.305720e-01 1.672000e-03 3.677560e-01
377 6.303120e-01 1.664000e-03 3.680240e-01
378 6.300640e-01 1.624000e-03 3.683120e-01
379 6.297920e-01 1.632000e-03 3.685760e-01
380 6.295360e-01 1.588000e-03 3.688760e-01
381 6.292760e-01 1.568000e-03 3.691560e-01
382 6.290240e-01 1.556000e-03 3.694200e-01
383 6.287280e-01 1.552000e-03 3.697200e-01
384 6.284280e-01 1.576000e-03 3.699960e-01
385 6.281960e-01 1.484000e-03 3.703200e-01
386 6.280040e-01 1.380000e-03 3.706160e-01
387 6.277320e-01 1.440000e-03 3.708280e-01
388 6.274840e-01 1.452000e-03 3.710640e-01
389 6.272960e-01 1.356000e-03 3.713480e-01
390 6.270840e-01 1.344000e-03 3.715720e-01
391 6.268680e-01 1.300000e-03 3.718320e-01
392 6.266400e-01 1.324000e-03 3.720360e-01
393 6.263840e-01 1.388000e-03 3.722280e-01
394 6.261600e-01 1.340000e-03 3.725000e-01
395 6.259200e-01 1.320000e-03 3.727600e-01
396 6.257120e-01 1.292000e-03 3.729960e-01
397 6.254440e-01 1.316000e-03 3.732400e-01
398 6.252720e-01 1.268000e-03 3.734600e-01
399 6.250640e-01 1.320000e-03 3.736160e-01
400 6.248640e-01 1.264000e-03 3.738720e-01
401 6.246480e-01 1.244000e-03 3.741080e-01
402 6.244360e-01 1.200000e-03 3.743640e-01
403 6.241920e-01 1.216000e-03 3.745920e-01
404 6.240000e-01 1.208000e-03 3.747920e-01
405 6.238480e-01 1.156000e-03 3.749960e-01
406 6.236080e-01 1.216000e-03 3.751760e-01
407 6.233560e-01 1.252000e-03 3.753920e-01
408 6.232080e-01 1.216000e-03 3.755760e-01
409 6.229920e-01 1.240000e-03 3.757680e-01
410 6.228160e-01 1.212000e-03 3.759720e-01
411 6.226520e-01 1.168000e-03 3.761800e-01
412 6.224560e-01 1.156000e-03 3.763880e-01
413 6.222880e-01 1.128000e-03 3.765840e-01
414 6.221200e-01 1.100000e-03 3.767800e-01
415 6.219240e-01 1.080000e-03 3.769960e-01
416 6.217360e-01 1.056000e-03 3.772080e-01
417 6.215760e-01 1.024000e-03 3.774000e-01
418 6.214040e-01 1.012000e-03 3.775840e-01
419 6.212160e-01 1.036000e-03 3.777480e-01
420 6.210760e-01 9.720000e-04 3.779520e-01
421 6.209160e-01 9.840000e-04 3.781000e-01
422 6.206720e-01 1.080000e-03 3.782480e-01
423 6.204840e-01 1.064000e-03 3.784520e-01
424 6.202200e-01 1.128000e-03 3.786520e-01
425 6.200360e-01 1.120000e-03 3.788440e-01
426 6.198200e-01 1.132000e-03 3.790480e-01
427 6.196160e-01 1.124000e-03 3.792600e-01
428 6.193480e-01 1.172000e-03 3.794800e-01
429 6.191080e-01 1.236000e-03 3.796560e-01
430 6.188800e-01 1.248000e-03 3.798720e-01
431 6.187280e-01 1.156000e-03 3.801160e-01
432 6.185920e-01 1.096000e-03 3.803120e-01
433 6.184600e-01 1.024000e-03 3.805160e-01
434 6.183360e-01 9.840000e-04 3.806800e-01
435 6.182040e-01 9.040000e-04 3.808920e-01
436 6.180840e-01 8.920000e-04 3.810240e-01
437 6.180000e-01 8.440000e-04 3.811560e-01
438 6.178920e-01 7.840000e-04 3.813240e-01
439 6.177920e-01 7.520000e-04 3.814560e-01
440 6.176840e-01 7.360000e-04 3.815800e-01
441 6.175360e-01 7.920000e-04 3.816720e-01
442 6.173720e-01 8.280000e-04 3.818000e-01
443 6.172080e-01 8.880000e-04 3.819040e-01
444 6.170400e-01 8.920000e-04 3.820680e-01
445 6.168600e-01 9.320000e-04 3.822080e-01
446 6.166520e-01 9.920000e-04 3.823560e-01
447 6.165000e-01 1.008000e-03 3.824920e-01
448 6.163440e-01 9.920000e-04 3.826640e-01
449 6.161560e-01 1.000000e-03 3.828440e-01
450 6.159360e-01 1.076000e-03 3.829880e-01
451 6.157240e-01 1.068000e-03 3.832080e-01
452 6.155080e-01 1.096000e-03 3.833960e-01
453 6.153600e-01 1.024000e-03 3.836160e-01
454 6.152000e-01 1.000000e-03 3.838000e-01
455 6.150680e-01 9.520000e-04 3.839800e-01
456 6.149120e-01 9.640000e-04 3.841240e-01
457 6.147800e-01 9.360000e-04 3.842840e-01
458 6.146560e-01 9.040000e-04 3.844400e-01
459 6.145480e-01 8.640000e-04 3.845880e-01
460 6.144440e-01 8.200000e-04 3.847360e-01
461 6.143080e-01 7.960000e-04 3.848960e-01
462 6.141400e-01 8.400000e-04 3.850200e-01
463 6.139760e-01 8.920000e-04 3.851320e-01
464 6.138200e-01 8.560000e-04 3.853240e-01
465 6.136040e-01 8.880000e-04 3.855080e-01
466 6.134400e-01 9.080000e-04 3.856520e-01
467 6.132800e-01 9.160000e-04 3.858040e-01
468 6.131120e-01 9.520000e-04 3.859360e-01
469 6.129520e-01 9.640000e-04 3.860840e-01
470 6.128200e-01 9.160000e-04 3.862640e-01
471 6.127040e-01 8.680000e-04 3.864280e-01
472 6.125360e-01 8.600000e-04 3.866040e-01
473 6.124120e-01 8.280000e-04 3.867600e-01
474 6.123000e-01 7.960000e-04 3.869040e-01
475 6.121800e-01 8.000000e-04 3.870200e-01
476 6.121160e-01 6.920000e-04 3.871920e-01
477 6.119960e-01 7.000000e-04 3.873040e-01
478 6.118840e-01 7.080000e-04 3.874080e-01
479 6.117920e-01 6.840000e-04 3.875240e-01
480 6.117040e-01 6.600000e-04 3.876360e-01
481 6.115880e-01 6.520000e-04 3.877600e-01
482 6.114440e-01 6.760000e-04 3.878800e-01
483 6.113080e-01 6.840000e-04 3.880080e-01
484 6.111920e-01 6.680000e-04 3.881400e-01
485 6.111040e-01 6.680000e-04 3.882280e-01
486 6.109880e-01 6.760000e-04 3.883360e-01
487 6.108960e-01 6.280000e-04 3.884760e-01
488 6.108000e-01 6.400000e-04 3.885600e-01
489 6.107200e-01 6.240000e-04 3.886560e-01
490 6.106120e-01 6.120000e-04 3.887760e-01
491 6.105320e-01 5.880000e-04 3.888800e-01
492 6.104840e-01 5.600000e-04 3.889560e-01
493 6.104240e-01 5.400000e-04 3.890360e-01
494 6.103680e-01 4.800000e-04 3.891520e-01
495 6.103120e-01 4.840000e-04 3.892040e-01
496 6.102560e-01 4.640000e-04 3.892800e-01
497 6.102080e-01 4.440000e-04 3.893480e-01
498 6.101400e-01 4.280000e-04 3.894320e-01
499 6.100960e-01 3.960000e-04 3.895080e-01
500 6.100080e-01 4.120000e-04 3.895800e-01
