1 9.991960e-01 7.200000e-04 8.400000e-05
2 9.986480e-01 1.088000e-03 2.640000e-04
3 9.978440e-01 1.664000e-03 4.920000e-04
4 9.971400e-01 2.060000e-03 8.000000e-04
5 9.962920e-01 2.512000e-03 1.196000e-03
6 9.954080e-01 2.884000e-03 1.708000e-03
7 9.945160e-01 3.264000e-03 2.220000e-03
8 9.934720e-01 3.700000e-03 2.828000e-03
9 9.925280e-01 4.040000e-03 3.432000e-03
10 9.915400e-01 4.256000e-03 4.204000e-03
11 9.905200e-01 4.548000e-03 4.932000e-03
12 9.894880e-01 4.704000e-03 5.808000e-03
13 9.883960e-01 4.992000e-03 6.612000e-03
14 9.873560e-01 5.104000e-03 7.540000e-03
15 9.862560e-01 5.348000e-03 8.396000e-03
16 9.852120e-01 5.468000e-03 9.320000e-03
17 9.840240e-01 5.696000e-03 1.028000e-02
18 9.829200e-01 5.776000e-03 1.130400e-02
19 9.817360e-01 6.004000e-03 1.226000e-02
20 9.805880e-01 6.080000e-03 1.333200e-02
21 9.793480e-01 6.296000e-03 1.435600e-02
22 9.780600e-01 6.492000e-03 1.544800e-02
23 9.767520e-01 6.668000e-03 1.658000e-02
24 9.754320e-01 6.736000e-03 1.783200e-02
25 9.740160e-01 6.856000e-03 1.912800e-02
26 9.724720e-01 7.176000e-03 2.035200e-02
27 9.709840e-01 7.472000e-03 2.154400e-02
28 9.694320e-01 7.708000e-03 2.286000e-02
29 9.680840e-01 7.760000e-03 2.415600e-02
30 9.665720e-01 7.856000e-03 2.557200e-02
31 9.650560e-01 8.084000e-03 2.686000e-02
32 9.634480e-01 8.292000e-03 2.826000e-02
33 9.619960e-01 8.452000e-03 2.955200e-02
34 9.604440e-01 8.492000e-03 3.106400e-02
35 9.588440e-01 8.596000e-03 3.256000e-02
36 9.572400e-01 8.632000e-03 3.412800e-02
37 9.556200e-01 8.784000e-03 3.559600e-02
38 9.540520e-01 8.812000e-03 3.713600e-02
39 9.525320e-01 8.784000e-03 3.868400e-02
40 9.510040e-01 8.756000e-03 4.024000e-02
41 9.494480e-01 8.840000e-03 4.171200e-02
42 9.478520e-01 8.904000e-03 4.324400e-02
43 9.463600e-01 8.980000e-03 4.466000e-02
44 9.448480e-01 8.864000e-03 4.628800e-02
45 9.433400e-01 8.884000e-03 4.777600e-02
46 9.416400e-01 9.068000e-03 4.929200e-02
47 9.399560e-01 9.168000e-03 5.087600e-02
48 9.383280e-01 9.220000e-03 5.245200e-02
49 9.368320e-01 9.108000e-03 5.406000e-02
50 9.352120e-01 9.084000e-03 5.570400e-02
51 9.336600e-01 9.008000e-03 5.733200e-02
52 9.320960e-01 9.020000e-03 5.888400e-02
53 9.305280e-01 8.992000e-03 6.048000e-02
54 9.290520e-01 8.972000e-03 6.197600e-02
55 9.274880e-01 8.856000e-03 6.365600e-02
56 9.258720e-01 8.896000e-03 6.523200e-02
57 9.244200e-01 8.996000e-03 6.658400e-02
58 9.227680e-01 9.092000e-03 6.814000e-02
59 9.213040e-01 8.852000e-03 6.984400e-02
60 9.197760e-01 8.860000e-03 7.136400e-02
61 9.181840e-01 8.880000e-03 7.293600e-02
62 9.166520e-01 8.820000e-03 7.452800e-02
63 9.151080e-01 8.788000e-03 7.610400e-02
64 9.134880e-01 8.908000e-03 7.760400e-02
65 9.118640e-01 8.932000e-03 7.920400e-02
66 9.103560e-01 8.888000e-03 8.075600e-02
67 9.085680e-01 8.992000e-03 8.244000e-02
68 9.069480e-01 9.028000e-03 8.402400e-02
69 9.054640e-01 8.924000e-03 8.561200e-02
70 9.038840e-01 9.016000e-03 8.710000e-02
71 9.022200e-01 9.076000e-03 8.870400e-02
72 9.005800e-01 8.988000e-03 9.043200e-02
73 8.991200e-01 8.776000e-03 9.210400e-02
74 8.976560e-01 8.644000e-03 9.370000e-02
75 8.960640e-01 8.812000e-03 9.512400e-02
76 8.946160e-01 8.692000e-03 9.669200e-02
77 8.930360e-01 8.968000e-03 9.799600e-02
78 8.915560e-01 8.892000e-03 9.955200e-02
79 8.899680e-01 8.964000e-03 1.010680e-01
80 8.883760e-01 8.892000e-03 1.027320e-01
81 8.868240e-01 8.952000e-03 1.042240e-01
82 8.852800e-01 9.004000e-03 1.057160e-01
83 8.838120e-01 8.900000e-03 1.072880e-01
84 8.824280e-01 8.680000e-03 1.088920e-01
85 8.809440e-01 8.732000e-03 1.103240e-01
86 8.794480e-01 8.748000e-03 1.118040e-01
87 8.779360e-01 8.740000e-03 1.133240e-01
88 8.765360e-01 8.592000e-03 1.148720e-01
89 8.751160e-01 8.468000e-03 1.164160e-01
90 8.735600e-01 8.528000e-03 1.179120e-01
91 8.721560e-01 8.368000e-03 1.194760e-01
92 8.707080e-01 8.412000e-03 1.208800e-01
93 8.692880e-01 8.344000e-03 1.223680e-01
94 8.680280e-01 8.124000e-03 1.238480e-01
95 8.666760e-01 7.984000e-03 1.253400e-01
96 8.652840e-01 8.044000e-03 1.266720e-01
97 8.639760e-01 7.956000e-03 1.280680e-01
98 8.626720e-01 7.876000e-03 1.294520e-01
99 8.613480e-01 7.768000e-03 1.308840e-01
100 8.599960e-01 7.772000e-03 1.322320e-01
101 8.586840e-01 7.792000e-03 1.335240e-01
102 8.573920e-01 7.768000e-03 1.348400e-01
103 8.561640e-01 7.732000e-03 1.361040e-01
104 8.548680e-01 7.800000e-03 1.373320e-01
105 8.536080e-01 7.684000e-03 1.387080e-01
106 8.522360e-01 7.692000e-03 1.400720e-01
107 8.510640e-01 7.568000e-03 1.413680e-01
108 8.498680e-01 7.404000e-03 1.427280e-01
109 8.486440e-01 7.416000e-03 1.439400e-01
110 8.472400e-01 7.560000e-03 1.452000e-01
111 8.461160e-01 7.404000e-03 1.464800e-01
112 8.449640e-01 7.200000e-03 1.478360e-01
113 8.438400e-01 7.004000e-03 1.491560e-01
114 8.427960e-01 6.800000e-03 1.504040e-01
115 8.417400e-01 6.636000e-03 1.516240e-01
116 8.405680e-01 6.688000e-03 1.527440e-01
117 8.395480e-01 6.636000e-03 1.538160e-01
118 8.385320e-01 6.400000e-03 1.550680e-01
119 8.373320e-01 6.536000e-03 1.561320e-01
120 8.363600e-01 6.276000e-03 1.573640e-01
121 8.354440e-01 6.148000e-03 1.584080e-01
122 8.344720e-01 6.044000e-03 1.594840e-01
123 8.335640e-01 5.964000e-03 1.604720e-01
124 8.325360e-01 6.012000e-03 1.614520e-01
125 8.315480e-01 5.880000e-03 1.625720e-01
126 8.305080e-01 5.952000e-03 1.635400e-01
127 8.295080e-01 5.996000e-03 1.644960e-01
128 8.285400e-01 5.944000e-03 1.655160e-01
129 8.274040e-01 5.936000e-03 1.666600e-01
130 8.263960e-01 5.876000e-03 1.677280e-01
131 8.252600e-01 5.964000e-03 1.687760e-01
132 8.242160e-01 5.804000e-03 1.699800e-01
133 8.232160e-01 5.712000e-03 1.710720e-01
134 8.221960e-01 5.732000e-03 1.720720e-01
135 8.211680e-01 5.624000e-03 1.732080e-01
136 8.200480e-01 5.720000e-03 1.742320e-01
137 8.189120e-01 5.828000e-03 1.752600e-01
138 8.180000e-01 5.688000e-03 1.763120e-01
139 8.170760e-01 5.672000e-03 1.772520e-01
140 8.161440e-01 5.508000e-03 1.783480e-01
141 8.150520e-01 5.608000e-03 1.793400e-01
142 8.139800e-01 5.680000e-03 1.803400e-01
143 8.129760e-01 5.772000e-03 1.812520e-01
144 8.118760e-01 5.844000e-03 1.822800e-01
145 8.107840e-01 5.892000e-03 1.833240e-01
146 8.097720e-01 5.788000e-03 1.844400e-01
147 8.088720e-01 5.692000e-03 1.854360e-01
148 8.078440e-01 5.768000e-03 1.863880e-01
149 8.068120e-01 5.832000e-03 1.873560e-01
150 8.057760e-01 5.744000e-03 1.884800e-01
151 8.047160e-01 5.780000e-03 1.895040e-01
152 8.037800e-01 5.716000e-03 1.905040e-01
153 8.028680e-01 5.676000e-03 1.914560e-01
154 8.018880e-01 5.656000e-03 1.924560e-01
155 8.008320e-01 5.740000e-03 1.934280e-01
156 7.997080e-01 5.900000e-03 1.943920e-01
157 7.986880e-01 5.916000e-03 1.953960e-01
158 7.977720e-01 5.724000e-03 1.965040e-01
159 7.967720e-01 5.808000e-03 1.974200e-01
160 7.958320e-01 5.736000e-03 1.984320e-01
161 7.948480e-01 5.712000e-03 1.994400e-01
162 7.939440e-01 5.708000e-03 2.003480e-01
163 7.928760e-01 5.804000e-03 2.013200e-01
164 7.920000e-01 5.820000e-03 2.021800e-01
165 7.911400e-01 5.644000e-03 2.032160e-01
166 7.903440e-01 5.468000e-03 2.041880e-01
167 7.894960e-01 5.392000e-03 2.051120e-01
168 7.886200e-01 5.300000e-03 2.060800e-01
169 7.878040e-01 5.148000e-03 2.070480e-01
170 7.869600e-01 5.156000e-03 2.078840e-01
171 7.860720e-01 5.152000e-03 2.087760e-01
172 7.852120e-01 5.168000e-03 2.096200e-01
173 7.843200e-01 5.152000e-03 2.105280e-01
174 7.834120e-01 5.224000e-03 2.113640e-01
175 7.824240e-01 5.252000e-03 2.123240e-01
176 7.814520e-01 5.348000e-03 2.132000e-01
177 7.805560e-01 5.324000e-03 2.141200e-01
178 7.796800e-01 5.340000e-03 2.149800e-01
179 7.787480e-01 5.288000e-03 2.159640e-01
180 7.777600e-01 5.292000e-03 2.169480e-01
181 7.767040e-01 5.376000e-03 2.179200e-01
182 7.758400e-01 5.224000e-03 2.189360e-01
183 7.749800e-01 5.196000e-03 2.198240e-01
184 7.741360e-01 5.204000e-03 2.206600e-01
185 7.733960e-01 5.128000e-03 2.214760e-01
186 7.725200e-01 5.048000e-03 2.224320e-01
187 7.717080e-01 4.952000e-03 2.233400e-01
188 7.707880e-01 5.092000e-03 2.241200e-01
189 7.699160e-01 5.056000e-03 2.250280e-01
190 7.689960e-01 5.092000e-03 2.259120e-01
191 7.681400e-01 4.976000e-03 2.268840e-01
192 7.672440e-01 4.996000e-03 2.277600e-01
193 7.664320e-01 5.072000e-03 2.284960e-01
194 7.656760e-01 4.904000e-03 2.294200e-01
195 7.648480e-01 4.872000e-03 2.302800e-01
196 7.641520e-01 4.676000e-03 2.311720e-01
197 7.634160e-01 4.588000e-03 2.319960e-01
198 7.626360e-01 4.564000e-03 2.328000e-01
199 7.619360e-01 4.484000e-03 2.335800e-01
200 7.611560e-01 4.480000e-03 2.343640e-01
201 7.605000e-01 4.324000e-03 2.351760e-01
202 7.598400e-01 4.224000e-03 2.359360e-01
203 7.590320e-01 4.252000e-03 2.367160e-01
204 7.584080e-01 4.144000e-03 2.374480e-01
205 7.577320e-01 4.176000e-03 2.380920e-01
206 7.571240e-01 4.108000e-03 2.387680e-01
207 7.565560e-01 3.920000e-03 2.395240e-01
208 7.559920e-01 3.852000e-03 2.401560e-01
209 7.553200e-01 3.808000e-03 2.408720e-01
210 7.546560e-01 3.912000e-03 2.414320e-01
211 7.540200e-01 3.932000e-03 2.420480e-01
212 7.532920e-01 3.972000e-03 2.427360e-01
213 7.525120e-01 3.952000e-03 2.435360e-01
214 7.518720e-01 3.932000e-03 2.441960e-01
215 7.512760e-01 3.876000e-03 2.448480e-01
216 7.505680e-01 4.032000e-03 2.454000e-01
217 7.498960e-01 4.016000e-03 2.460880e-01
218 7.491120e-01 4.116000e-03 2.467720e-01
219 7.485040e-01 3.884000e-03 2.476120e-01
220 7.478600e-01 3.892000e-03 2.482480e-01
221 7.472000e-01 3.892000e-03 2.489080e-01
222 7.465920e-01 3.812000e-03 2.495960e-01
223 7.458080e-01 3.988000e-03 2.502040e-01
224 7.452520e-01 3.884000e-03 2.508640e-01
225 7.446680e-01 3.876000e-03 2.514560e-01
226 7.441080e-01 3.744000e-03 2.521480e-01
227 7.435000e-01 3.632000e-03 2.528680e-01
228 7.428680e-01 3.568000e-03 2.535640e-01
229 7.422120e-01 3.540000e-03 2.542480e-01
230 7.415400e-01 3.536000e-03 2.549240e-01
231 7.408680e-01 3.600000e-03 2.555320e-01
232 7.401880e-01 3.640000e-03 2.561720e-01
233 7.395560e-01 3.612000e-03 2.568320e-01
234 7.388880e-01 3.596000e-03 2.575160e-01
235 7.382680e-01 3.648000e-03 2.580840e-01
236 7.376280e-01 3.616000e-03 2.587560e-01
237 7.370800e-01 3.540000e-03 2.593800e-01
238 7.365280e-01 3.508000e-03 2.599640e-01
239 7.359720e-01 3.368000e-03 2.606600e-01
240 7.353800e-01 3.356000e-03 2.612640e-01
241 7.349160e-01 3.276000e-03 2.618080e-01
242 7.343160e-01 3.320000e-03 2.623640e-01
243 7.338160e-01 3.192000e-03 2.629920e-01
244 7.332360e-01 3.252000e-03 2.635120e-01
245 7.327400e-01 3.192000e-03 2.640680e-01
246 7.321560e-01 3.288000e-03 2.645560e-01
247 7.316120e-01 3.208000e-03 2.651800e-01
248 7.311720e-01 3.068000e-03 2.657600e-01
249 7.306800e-01 3.084000e-03 2.662360e-01
250 7.302040e-01 3.020000e-03 2.667760e-01
251 7.297600e-01 2.920000e-03 2.673200e-01
252 7.293400e-01 2.860000e-03 2.678000e-01
253 7.289120e-01 2.880000e-03 2.682080e-01
254 7.284080e-01 2.860000e-03 2.687320e-01
255 7.279360e-01 2.800000e-03 2.692640e-01
256 7.274240e-01 2.804000e-03 2.697720e-01
257 7.269920e-01 2.784000e-03 2.702240e-01
258 7.265520e-01 2.756000e-03 2.706920e-01
259 7.261120e-01 2.780000e-03 2.711080e-01
260 7.256720e-01 2.740000e-03 2.715880e-01
261 7.251800e-01 2.748000e-03 2.720720e-01
262 7.247120e-01 2.756000e-03 2.725320e-01
263 7.243000e-01 2.740000e-03 2.729600e-01
264 7.238320e-01 2.700000e-03 2.734680e-01
265 7.234360e-01 2.636000e-03 2.739280e-01
266 7.229680e-01 2.652000e-03 2.743800e-01
267 7.225640e-01 2.552000e-03 2.748840e-01
268 7.221920e-01 2.492000e-03 2.753160e-01
269 7.218600e-01 2.428000e-03 2.757120e-01
270 7.215080e-01 2.344000e-03 2.761480e-01
271 7.211960e-01 2.240000e-03 2.765640e-01
272 7.208920e-01 2.144000e-03 2.769640e-01
273 7.206480e-01 2.036000e-03 2.773160e-01
274 7.203960e-01 1.868000e-03 2.777360e-01
275 7.200600e-01 1.840000e-03 2.781000e-01
276 7.197880e-01 1.816000e-03 2.783960e-01
277 7.195360e-01 1.772000e-03 2.786920e-01
278 7.191800e-01 1.872000e-03 2.789480e-01
279 7.188240e-01 1.948000e-03 2.792280e-01
280 7.184360e-01 1.992000e-03 2.795720e-01
281 7.180760e-01 1.952000e-03 2.799720e-01
282 7.177040e-01 1.964000e-03 2.803320e-01
283 7.173280e-01 1.980000e-03 2.806920e-01
284 7.170040e-01 1.992000e-03 2.810040e-01
285 7.165760e-01 2.052000e-03 2.813720e-01
286 7.161680e-01 2.124000e-03 2.817080e-01
287 7.157720e-01 2.128000e-03 2.821000e-01
288 7.153600e-01 2.184000e-03 2.824560e-01
289 7.150400e-01 2.120000e-03 2.828400e-01
290 7.147160e-01 2.064000e-03 2.832200e-01
291 7.143400e-01 2.108000e-03 2.835520e-01
292 7.140360e-01 2.096000e-03 2.838680e-01
293 7.137160e-01 2.008000e-03 2.842760e-01
294 7.134000e-01 2.012000e-03 2.845880e-01
295 7.130920e-01 1.960000e-03 2.849480e-01
296 7.127640e-01 1.912000e-03 2.853240e-01
297 7.124920e-01 1.856000e-03 2.856520e-01
298 7.122040e-01 1.840000e-03 2.859560e-01
299 7.119040e-01 1.832000e-03 2.862640e-01
300 7.116000e-01 1.780000e-03 2.866200e-01
301 7.112840e-01 1.800000e-03 2.869160e-01
302 7.109760e-01 1.744000e-03 2.872800e-01
303 7.106800e-01 1.760000e-03 2.875600e-01
304 7.103680e-01 1.740000e-03 2.878920e-01
305 7.100960e-01 1.724000e-03 2.881800e-01
306 7.097480e-01 1.748000e-03 2.885040e-01
307 7.094600e-01 1.760000e-03 2.887800e-01
308 7.091040e-01 1.784000e-03 2.891120e-01
309 7.087680e-01 1.824000e-03 2.894080e-01
310 7.083800e-01 1.876000e-03 2.897440e-01
311 7.080360e-01 1.940000e-03 2.900240e-01
312 7.076840e-01 1.960000e-03 2.903560e-01
313 7.073280e-01 1.928000e-03 2.907440e-01
314 7.070200e-01 1.868000e-03 2.911120e-01
315 7.068200e-01 1.796000e-03 2.913840e-01
316 7.066360e-01 1.684000e-03 2.916800e-01
317 7.062840e-01 1.756000e-03 2.919600e-01
318 7.060080e-01 1.688000e-03 2.923040e-01
319 7.057640e-01 1.612000e-03 2.926240e-01
320 7.055400e-01 1.572000e-03 2.928880e-01
321 7.053640e-01 1.452000e-03 2.931840e-01
322 7.051360e-01 1.404000e-03 2.934600e-01
323 7.049360e-01 1.348000e-03 2.937160e-01
324 7.047240e-01 1.340000e-03 2.939360e-01
325 7.045080e-01 1.340000e-03 2.941520e-01
326 7.042360e-01 1.360000e-03 2.944040e-01
327 7.040080e-01 1.356000e-03 2.946360e-01
328 7.036960e-01 1.468000e-03 2.948360e-01
329 7.034160e-01 1.504000e-03 2.950800e-01
330 7.030920e-01 1.564000e-03 2.953440e-01
331 7.027720e-01 1.636000e-03 2.955920e-01
332 7.024640e-01 1.620000e-03 2.959160e-01
333 7.021200e-01 1.676000e-03 2.962040e-01
334 7.017760e-01 1.724000e-03 2.965000e-01
335 7.015360e-01 1.664000e-03 2.968000e-01
336 7.011600e-01 1.716000e-03 2.971240e-01
337 7.008240e-01 1.732000e-03 2.974440e-01
338 7.005280e-01 1.800000e-03 2.976720e-01
339 7.002200e-01 1.756000e-03 2.980240e-01
340 6.999240e-01 1.780000e-03 2.982960e-01
341 6.996400e-01 1.780000e-03 2.985800e-01
342 6.993120e-01 1.816000e-03 2.988720e-01
343 6.990080e-01 1.740000e-03 2.992520e-01
344 6.986680e-01 1.768000e-03 2.995640e-01
345 6.983640e-01 1.724000e-03 2.999120e-01
346 6.981000e-01 1.732000e-03 3.001680e-01
347 6.977920e-01 1.756000e-03 3.004520e-01
348 6.975280e-01 1.668000e-03 3.008040e-01
349 6.971920e-01 1.688000e-03 3.011200e-01
350 6.969000e-01 1.760000e-03 3.013400e-01
351 6.966600e-01 1.696000e-03 3.016440e-01
352 6.964240e-01 1.676000e-03 3.019000e-01
353 6.961720e-01 1.548000e-03 3.022800e-01
354 6.959800e-01 1.476000e-03 3.025440e-01
355 6.957840e-01 1.384000e-03 3.028320e-01
356 6.955000e-01 1.444000e-03 3.030560e-01
357 6.951840e-01 1.512000e-03 3.033040e-01
358 6.949440e-01 1.492000e-03 3.035640e-01
359 6.947000e-01 1.432000e-03 3.038680e-01
360 6.944920e-01 1.400000e-03 3.041080e-01
361 6.942400e-01 1.392000e-03 3.043680e-01
362 6.940200e-01 1.348000e-03 3.046320e-01
363 6.938200e-01 1.356000e-03 3.048240e-01
364 6.934920e-01 1.444000e-03 3.050640e-01
365 6.932280e-01 1.448000e-03 3.053240e-01
366 6.929800e-01 1.424000e-03 3.055960e-01
367 6.927640e-01 1.376000e-03 3.058600e-01
368 6.925200e-01 1.412000e-03 3.060680e-01
369 6.922680e-01 1.444000e-03 3.062880e-01
370 6.919880e-01 1.548000e-03 3.064640e-01
371 6.917440e-01 1.572000e-03 3.066840e-01
372 6.915040e-01 1.540000e-03 3.069560e-01
373 6.912520e-01 1.496000e-03 3.072520e-01
374 6.910280e-01 1.476000e-03 3.074960e-01
375 6.907960e-01 1.472000e-03 3.077320e-01
376 6.905360e-01 1.484000e-03 3.079800e-01
377 6.903040e-01 1.456000e-03 3.082400e-01
378 6.900840e-01 1.448000e-03 3.084680e-01
379 6.898800e-01 1.400000e-03 3.087200e-01
380 6.897400e-01 1.320000e-03 3.089400e-01
381 6.895600e-01 1.316000e-03 3.091240e-01
382 6.893640e-01 1.292000e-03 3.093440e-01
383 6.892200e-01 1.224000e-03 3.095560e-01
384 6.890600e-01 1.176000e-03 3.097640e-01
385 6.889000e-01 1.148000e-03 3.099520e-01
386 6.887200e-01 1.160000e-03 3.101200e-01
387 6.885200e-01 1.152000e-03 3.103280e-01
388 6.883560e-01 1.124000e-03 3.105200e-01
389 6.881360e-01 1.164000e-03 3.107000e-01
390 6.879160e-01 1.184000e-03 3.109000e-01
391 6.877000e-01 1.188000e-03 3.111120e-01
392 6.875600e-01 1.104000e-03 3.113360e-01
393 6.873560e-01 1.136000e-03 3.115080e-01
394 6.871320e-01 1.164000e-03 3.117040e-01
395 6.869200e-01 1.204000e-03 3.118760e-01
396 6.867040e-01 1.220000e-03 3.120760e-01
397 6.864640e-01 1.248000e-03 3.122880e-01
398 6.862760e-01 1.228000e-03 3.124960e-01
399 6.861400e-01 1.136000e-03 3.127240e-01
400 6.860200e-01 1.016000e-03 3.129640e-01
401 6.858800e-01 9.840000e-04 3.131360e-01
402 6.857680e-01 9.160000e-04 3.133160e-01
403 6.856480e-01 8.920000e-04 3.134600e-01
404 6.855080e-01 8.680000e-04 3.136240e-01
405 6.853960e-01 8.360000e-04 3.137680e-01
406 6.852440e-01 8.640000e-04 3.138920e-01
407 6.851280e-01 8.320000e-04 3.140400e-01
408 6.850120e-01 8.040000e-04 3.141840e-01
409 6.849080e-01 7.680000e-04 3.143240e-01
410 6.848120e-01 6.920000e-04 3.144960e-01
411 6.847680e-01 5.720000e-04 3.146600e-01
412 6.846600e-01 6.080000e-04 3.147320e-01
413 6.845560e-01 6.120000e-04 3.148320e-01
414 6.844480e-01 6.120000e-04 3.149400e-01
415 6.843480e-01 6.080000e-04 3.150440e-01
416 6.842480e-01 6.240000e-04 3.151280e-01
417 6.841240e-01 6.640000e-04 3.152120e-01
418 6.839920e-01 6.640000e-04 3.153440e-01
419 6.839120e-01 6.040000e-04 3.154840e-01
420 6.838200e-01 6.160000e-04 3.155640e-01
421 6.837600e-01 5.480000e-04 3.156920e-01
422 6.836680e-01 5.280000e-04 3.158040e-01
423 6.835800e-01 5.280000e-04 3.158920e-01
424 6.834640e-01 5.320000e-04 3.160040e-01
425 6.833560e-01 5.720000e-04 3.160720e-01
426 6.832440e-01 5.960000e-04 3.161600e-01
427 6.831360e-01 5.920000e-04 3.162720e-01
428 6.830760e-01 5.440000e-04 3.163800e-01
429 6.830000e-01 5.240000e-04 3.164760e-01
430 6.829280e-01 5.200000e-04 3.165520e-01
431 6.828320e-01 5.160000e-04 3.166520e-01
432 6.827520e-01 4.760000e-04 3.167720e-01
433 6.826920e-01 4.440000e-04 3.168640e-01
434 6.826480e-01 4.080000e-04 3.169440e-01
435 6.825960e-01 3.800000e-04 3.170240e-01
436 6.825520e-01 3.440000e-04 3.171040e-01
437 6.825120e-01 3.360000e-04 3.171520e-01
438 6.824520e-01 3.440000e-04 3.172040e-01
439 6.824040e-01 3.440000e-04 3.172520e-01
440 6.823320e-01 3.240000e-04 3.173440e-01
441 6.822840e-01 3.280000e-04 3.173880e-01
442 6.822640e-01 2.960000e-04 3.174400e-01
443 6.822440e-01 2.600000e-04 3.174960e-01
444 6.822160e-01 2.320000e-04 3.175520e-01
445 6.821920e-01 2.080000e-04 3.176000e-01
446 6.821520e-01 1.920000e-04 3.176560e-01
447 6.821240e-01 1.800000e-04 3.176960e-01
448 6.820880e-01 1.720000e-04 3.177400e-01
449 6.820400e-01 1.840000e-04 3.177760e-01
450 6.820040e-01 1.760000e-04 3.178200e-01
451 6.819920e-01 1.680000e-04 3.178400e-01
452 6.819720e-01 1.600000e-04 3.178680e-01
453 6.819440e-01 1.680000e-04 3.178880e-01
454 6.819120e-01 1.680000e-04 3.179200e-01
455 6.818760e-01 1.720000e-04 3.179520e-01
456 6.818240e-01 1.840000e-04 3.179920e-01
457 6.817960e-01 1.760000e-04 3.180280e-01
458 6.817280e-01 2.200000e-04 3.180520e-01
459 6.817120e-01 2.160000e-04 3.180720e-01
460 6.816640e-01 2.320000e-04 3.181040e-01
461 6.816360e-01 2.360000e-04 3.181280e-01
462 6.816080e-01 2.240000e-04 3.181680e-01
463 6.815720e-01 2.040000e-04 3.182240e-01
464 6.815440e-01 2.080000e-04 3.182480e-01
465 6.815160e-01 2.000000e-04 3.182840e-01
466 6.814680e-01 2.080000e-04 3.183240e-01
467 6.814320e-01 2.160000e-04 3.183520e-01
468 6.814120e-01 1.840000e-04 3.184040e-01
469 6.813920e-01 1.480000e-04 3.184600e-01
470 6.813720e-01 1.440000e-04 3.184840e-01
471 6.813640e-01 1.320000e-04 3.185040e-01
472 6.813240e-01 1.480000e-04 3.185280e-01
473 6.813040e-01 1.520000e-04 3.185440e-01
474 6.812840e-01 1.520000e-04 3.185640e-01
475 6.812720e-01 1.280000e-04 3.186000e-01
476 6.812560e-01 1.200000e-04 3.186240e-01
477 6.812400e-01 1.200000e-04 3.186400e-01
478 6.812200e-01 1.200000e-04 3.186600e-01
479 6.812080e-01 1.120000e-04 3.186800e-01
480 6.811920e-01 1.080000e-04 3.187000e-01
481 6.811760e-01 1.080000e-04 3.187160e-01
482 6.811640e-01 8.400000e-05 3.187520e-01
483 6.811560e-01 8.400000e-05 3.187600e-01
484 6.811440e-01 8.800000e-05 3.187680e-01
485 6.811280e-01 9.200000e-05 3.187800e-01
486 6.811120e-01 1.040000e-04 3.187840e-01
487 6.811080e-01 9.200000e-05 3.188000e-01
488 6.811080e-01 7.200000e-05 3.188200e-01
489 6.811040e-01 7.200000e-05 3.188240e-01
490 6.810960e-01 6.800000e-05 3.188360e-01
491 6.810880e-01 6.400000e-05 3.188480e-01
492 6.810840e-01 6.400000e-05 3.188520e-01
493 6.810840e-01 6.000000e-05 3.188560e-01
494 6.810840e-01 5.200000e-05 3.188640e-01
495 6.810760e-01 4.400000e-05 3.188800e-01
496 6.810560e-01 5.600000e-05 3.188880e-01
497 6.810520e-01 5.200000e-05 3.188960e-01
498 6.810480e-01 5.200000e-05 3.189000e-01
499 6.810480e-01 4.400000e-05 3.189080e-01
500 6.810440e-01 4.400000e-05 3.189120e-01
