1 9.992240e-01 7.240000e-04 5.200000e-05
2 9.985360e-01 1.244000e-03 2.200000e-04
3 9.978760e-01 1.612000e-03 5.120000e-04
4 9.971200e-01 2.092000e-03 7.880000e-04
5 9.962360e-01 2.540000e-03 1.224000e-03
6 9.954360e-01 2.888000e-03 1.676000e-03
7 9.945960e-01 3.280000e-03 2.124000e-03
8 9.935880e-01 3.652000e-03 2.760000e-03
9 9.926480e-01 3.896000e-03 3.456000e-03
10 9.916800e-01 4.156000e-03 4.164000e-03
11 9.906640e-01 4.456000e-03 4.880000e-03
12 9.894920e-01 4.884000e-03 5.624000e-03
13 9.883040e-01 5.336000e-03 6.360000e-03
14 9.868960e-01 5.836000e-03 7.268000e-03
15 9.855240e-01 6.144000e-03 8.332000e-03
16 9.840320e-01 6.688000e-03 9.280000e-03
17 9.825360e-01 6.884000e-03 1.058000e-02
18 9.810720e-01 7.088000e-03 1.184000e-02
19 9.797640e-01 7.116000e-03 1.312000e-02
20 9.781960e-01 7.320000e-03 1.448400e-02
21 9.767600e-01 7.504000e-03 1.573600e-02
22 9.753240e-01 7.668000e-03 1.700800e-02
23 9.738840e-01 7.812000e-03 1.830400e-02
24 9.724720e-01 7.784000e-03 1.974400e-02
25 9.709080e-01 8.056000e-03 2.103600e-02
26 9.694800e-01 8.120000e-03 2.240000e-02
27 9.678560e-01 8.280000e-03 2.386400e-02
28 9.663120e-01 8.468000e-03 2.522000e-02
29 9.647520e-01 8.500000e-03 2.674800e-02
30 9.631920e-01 8.620000e-03 2.818800e-02
31 9.616040e-01 8.696000e-03 2.970000e-02
32 9.599560e-01 8.760000e-03 3.128400e-02
33 9.583080e-01 8.840000e-03 3.285200e-02
34 9.566760e-01 8.760000e-03 3.456400e-02
35 9.550120e-01 8.864000e-03 3.612400e-02
36 9.533680e-01 9.156000e-03 3.747600e-02
37 9.516240e-01 9.288000e-03 3.908800e-02
38 9.499600e-01 9.312000e-03 4.072800e-02
39 9.481680e-01 9.428000e-03 4.240400e-02
40 9.464560e-01 9.336000e-03 4.420800e-02
41 9.448240e-01 9.396000e-03 4.578000e-02
42 9.431360e-01 9.432000e-03 4.743200e-02
43 9.413800e-01 9.560000e-03 4.906000e-02
44 9.396760e-01 9.552000e-03 5.077200e-02
45 9.381640e-01 9.376000e-03 5.246000e-02
46 9.364560e-01 9.412000e-03 5.413200e-02
47 9.348400e-01 9.360000e-03 5.580000e-02
48 9.332160e-01 9.412000e-03 5.737200e-02
49 9.316360e-01 9.480000e-03 5.888400e-02
50 9.300320e-01 9.404000e-03 6.056400e-02
51 9.284440e-01 9.304000e-03 6.225200e-02
52 9.267320e-01 9.404000e-03 6.386400e-02
53 9.250720e-01 9.436000e-03 6.549200e-02
54 9.234240e-01 9.420000e-03 6.715600e-02
55 9.218360e-01 9.448000e-03 6.871600e-02
56 9.202000e-01 9.500000e-03 7.030000e-02
57 9.185600e-01 9.580000e-03 7.186000e-02
58 9.170600e-01 9.380000e-03 7.356000e-02
59 9.154520e-01 9.400000e-03 7.514800e-02
60 9.137040e-01 9.556000e-03 7.674000e-02
61 9.118880e-01 9.752000e-03 7.836000e-02
62 9.101000e-01 9.728000e-03 8.017200e-02
63 9.084720e-01 9.556000e-03 8.197200e-02
64 9.067520e-01 9.544000e-03 8.370400e-02
65 9.050800e-01 9.660000e-03 8.526000e-02
66 9.034240e-01 9.616000e-03 8.696000e-02
67 9.015800e-01 9.724000e-03 8.869600e-02
68 8.997880e-01 9.916000e-03 9.029600e-02
69 8.977840e-01 1.030000e-02 9.191600e-02
70 8.958960e-01 1.019600e-02 9.390800e-02
71 8.940400e-01 1.018000e-02 9.578000e-02
72 8.923720e-01 1.012000e-02 9.750800e-02
73 8.906600e-01 1.018400e-02 9.915600e-02
74 8.887480e-01 1.033600e-02 1.009160e-01
75 8.868000e-01 1.046000e-02 1.027400e-01
76 8.849000e-01 1.064400e-02 1.044560e-01
77 8.830720e-01 1.066000e-02 1.062680e-01
78 8.812840e-01 1.084800e-02 1.078680e-01
79 8.793920e-01 1.068800e-02 1.099200e-01
80 8.775480e-01 1.072400e-02 1.117280e-01
81 8.755360e-01 1.092000e-02 1.135440e-01
82 8.736720e-01 1.087600e-02 1.154520e-01
83 8.718520e-01 1.076400e-02 1.173840e-01
84 8.698840e-01 1.080400e-02 1.193120e-01
85 8.679600e-01 1.084000e-02 1.212000e-01
86 8.662240e-01 1.074000e-02 1.230360e-01
87 8.645160e-01 1.054400e-02 1.249400e-01
88 8.628320e-01 1.040400e-02 1.267640e-01
89 8.611200e-01 1.047200e-02 1.284080e-01
90 8.592480e-01 1.048000e-02 1.302720e-01
91 8.575200e-01 1.038400e-02 1.320960e-01
92 8.559120e-01 1.022800e-02 1.338600e-01
93 8.541040e-01 1.021200e-02 1.356840e-01
94 8.521640e-01 1.052400e-02 1.373120e-01
95 8.501400e-01 1.070800e-02 1.391520e-01
96 8.483640e-01 1.053200e-02 1.411040e-01
97 8.465320e-01 1.046400e-02 1.430040e-01
98 8.446680e-01 1.041200e-02 1.449200e-01
99 8.427440e-01 1.052000e-02 1.467360e-01
100 8.409760e-01 1.040800e-02 1.486160e-01
101 8.391640e-01 1.033600e-02 1.505000e-01
102 8.374520e-01 1.019200e-02 1.523560e-01
103 8.357600e-01 1.020000e-02 1.540400e-01
104 8.340640e-01 1.026800e-02 1.556680e-01
105 8.323800e-01 1.031200e-02 1.573080e-01
106 8.305920e-01 1.038800e-02 1.590200e-01
107 8.287600e-01 1.043200e-02 1.608080e-01
108 8.268600e-01 1.058400e-02 1.625560e-01
109 8.250080e-01 1.055200e-02 1.644400e-01
110 8.231080e-01 1.059200e-02 1.663000e-01
111 8.214240e-01 1.054000e-02 1.680360e-01
112 8.198000e-01 1.026800e-02 1.699320e-01
113 8.180800e-01 1.012400e-02 1.717960e-01
114 8.161640e-01 1.022000e-02 1.736160e-01
115 8.142680e-01 1.043200e-02 1.753000e-01
116 8.124600e-01 1.037600e-02 1.771640e-01
117 8.106360e-01 1.053600e-02 1.788280e-01
118 8.088000e-01 1.050800e-02 1.806920e-01
119 8.070280e-01 1.056000e-02 1.824120e-01
120 8.054160e-01 1.020000e-02 1.843840e-01
121 8.037360e-01 1.006000e-02 1.862040e-01
122 8.019720e-01 1.002800e-02 1.880000e-01
123 8.003640e-01 9.908000e-03 1.897280e-01
124 7.987200e-01 9.836000e-03 1.914440e-01
125 7.971200e-01 9.616000e-03 1.932640e-01
126 7.956160e-01 9.496000e-03 1.948880e-01
127 7.942120e-01 9.264000e-03 1.965240e-01
128 7.927440e-01 9.084000e-03 1.981720e-01
129 7.911680e-01 9.096000e-03 1.997360e-01
130 7.897920e-01 8.912000e-03 2.012960e-01
131 7.884640e-01 8.752000e-03 2.027840e-01
132 7.871280e-01 8.572000e-03 2.043000e-01
133 7.858320e-01 8.336000e-03 2.058320e-01
134 7.845480e-01 8.172000e-03 2.072800e-01
135 7.830160e-01 8.332000e-03 2.086520e-01
136 7.817160e-01 8.156000e-03 2.101280e-01
137 7.804120e-01 8.052000e-03 2.115360e-01
138 7.791240e-01 7.840000e-03 2.130360e-01
139 7.776840e-01 7.892000e-03 2.144240e-01
140 7.763280e-01 7.864000e-03 2.158080e-01
141 7.749480e-01 7.892000e-03 2.171600e-01
142 7.737440e-01 7.712000e-03 2.185440e-01
143 7.724200e-01 7.780000e-03 2.198000e-01
144 7.711920e-01 7.600000e-03 2.212080e-01
145 7.698560e-01 7.528000e-03 2.226160e-01
146 7.685360e-01 7.388000e-03 2.240760e-01
147 7.672240e-01 7.456000e-03 2.253200e-01
148 7.658280e-01 7.720000e-03 2.264520e-01
149 7.643480e-01 7.872000e-03 2.277800e-01
150 7.627720e-01 8.016000e-03 2.292120e-01
151 7.613720e-01 8.048000e-03 2.305800e-01
152 7.600280e-01 8.028000e-03 2.319440e-01
153 7.586480e-01 8.060000e-03 2.332920e-01
154 7.572040e-01 8.148000e-03 2.346480e-01
155 7.558680e-01 7.968000e-03 2.361640e-01
156 7.545120e-01 7.916000e-03 2.375720e-01
157 7.533040e-01 7.816000e-03 2.388800e-01
158 7.519680e-01 7.756000e-03 2.402760e-01
159 7.504840e-01 7.796000e-03 2.417200e-01
160 7.491760e-01 7.620000e-03 2.432040e-01
161 7.477880e-01 7.628000e-03 2.445840e-01
162 7.465040e-01 7.596000e-03 2.459000e-01
163 7.453920e-01 7.436000e-03 2.471720e-01
164 7.443480e-01 7.168000e-03 2.484840e-01
165 7.432040e-01 7.080000e-03 2.497160e-01
166 7.420240e-01 7.044000e-03 2.509320e-01
167 7.409320e-01 6.924000e-03 2.521440e-01
168 7.397840e-01 6.820000e-03 2.533960e-01
169 7.386400e-01 6.732000e-03 2.546280e-01
170 7.375080e-01 6.636000e-03 2.558560e-01
171 7.364160e-01 6.560000e-03 2.570240e-01
172 7.354000e-01 6.500000e-03 2.581000e-01
173 7.343240e-01 6.472000e-03 2.592040e-01
174 7.332360e-01 6.568000e-03 2.601960e-01
175 7.321280e-01 6.484000e-03 2.613880e-01
176 7.309760e-01 6.512000e-03 2.625120e-01
177 7.298040e-01 6.640000e-03 2.635560e-01
178 7.285840e-01 6.752000e-03 2.646640e-01
179 7.274800e-01 6.576000e-03 2.659440e-01
180 7.264480e-01 6.456000e-03 2.670960e-01
181 7.254360e-01 6.368000e-03 2.681960e-01
182 7.242960e-01 6.400000e-03 2.693040e-01
183 7.230520e-01 6.596000e-03 2.703520e-01
184 7.218040e-01 6.660000e-03 2.715360e-01
185 7.207000e-01 6.700000e-03 2.726000e-01
186 7.195960e-01 6.660000e-03 2.737440e-01
187 7.184840e-01 6.688000e-03 2.748280e-01
188 7.174040e-01 6.536000e-03 2.760600e-01
189 7.163280e-01 6.452000e-03 2.772200e-01
190 7.153720e-01 6.324000e-03 2.783040e-01
191 7.143200e-01 6.148000e-03 2.795320e-01
192 7.131320e-01 6.248000e-03 2.806200e-01
193 7.120480e-01 6.248000e-03 2.817040e-01
194 7.109880e-01 6.288000e-03 2.827240e-01
195 7.099760e-01 6.224000e-03 2.838000e-01
196 7.089480e-01 6.140000e-03 2.849120e-01
197 7.079280e-01 6.052000e-03 2.860200e-01
198 7.069960e-01 5.928000e-03 2.870760e-01
199 7.061000e-01 5.824000e-03 2.880760e-01
200 7.050880e-01 5.872000e-03 2.890400e-01
201 7.040680e-01 5.936000e-03 2.899960e-01
202 7.029160e-01 6.028000e-03 2.910560e-01
203 7.019280e-01 5.900000e-03 2.921720e-01
204 7.009320e-01 5.976000e-03 2.930920e-01
205 6.998600e-01 6.056000e-03 2.940840e-01
206 6.988760e-01 5.976000e-03 2.951480e-01
207 6.977920e-01 6.012000e-03 2.961960e-01
208 6.967040e-01 6.084000e-03 2.972120e-01
209 6.955960e-01 6.140000e-03 2.982640e-01
210 6.945040e-01 6.280000e-03 2.992160e-01
211 6.934800e-01 6.212000e-03 3.003080e-01
212 6.924120e-01 6.228000e-03 3.013600e-01
213 6.914400e-01 6.128000e-03 3.024320e-01
214 6.904160e-01 6.168000e-03 3.034160e-01
215 6.893800e-01 6.084000e-03 3.045360e-01
216 6.884800e-01 5.992000e-03 3.055280e-01
217 6.874320e-01 5.952000e-03 3.066160e-01
218 6.865080e-01 5.880000e-03 3.076120e-01
219 6.855720e-01 5.816000e-03 3.086120e-01
220 6.846320e-01 5.768000e-03 3.096000e-01
221 6.836120e-01 5.660000e-03 3.107280e-01
222 6.826200e-01 5.716000e-03 3.116640e-01
223 6.817280e-01 5.632000e-03 3.126400e-01
224 6.806120e-01 5.728000e-03 3.136600e-01
225 6.796120e-01 5.764000e-03 3.146240e-01
226 6.786400e-01 5.740000e-03 3.156200e-01
227 6.775400e-01 5.760000e-03 3.167000e-01
228 6.764640e-01 5.844000e-03 3.176920e-01
229 6.755200e-01 5.876000e-03 3.186040e-01
230 6.745840e-01 5.764000e-03 3.196520e-01
231 6.736920e-01 5.628000e-03 3.206800e-01
232 6.728680e-01 5.520000e-03 3.216120e-01
233 6.720920e-01 5.140000e-03 3.227680e-01
234 6.713000e-01 5.096000e-03 3.236040e-01
235 6.704520e-01 5.028000e-03 3.245200e-01
236 6.697560e-01 4.852000e-03 3.253920e-01
237 6.689120e-01 4.804000e-03 3.262840e-01
238 6.681560e-01 4.688000e-03 3.271560e-01
239 6.673920e-01 4.704000e-03 3.279040e-01
240 6.666000e-01 4.688000e-03 3.287120e-01
241 6.658640e-01 4.620000e-03 3.295160e-01
242 6.652000e-01 4.456000e-03 3.303440e-01
243 6.644360e-01 4.504000e-03 3.310600e-01
244 6.637200e-01 4.380000e-03 3.319000e-01
245 6.629520e-01 4.372000e-03 3.326760e-01
246 6.623840e-01 4.140000e-03 3.334760e-01
247 6.616040e-01 4.128000e-03 3.342680e-01
248 6.607960e-01 4.136000e-03 3.350680e-01
249 6.600920e-01 4.124000e-03 3.357840e-01
250 6.593760e-01 4.068000e-03 3.365560e-01
251 6.587400e-01 3.980000e-03 3.372800e-01
252 6.581160e-01 3.812000e-03 3.380720e-01
253 6.575560e-01 3.764000e-03 3.386800e-01
254 6.569400e-01 3.700000e-03 3.393600e-01
255 6.562840e-01 3.664000e-03 3.400520e-01
256 6.555840e-01 3.676000e-03 3.407400e-01
257 6.549320e-01 3.684000e-03 3.413840e-01
258 6.542880e-01 3.816000e-03 3.418960e-01
259 6.535360e-01 3.916000e-03 3.425480e-01
260 6.528920e-01 3.876000e-03 3.432320e-01
261 6.521840e-01 3.888000e-03 3.439280e-01
262 6.514680e-01 3.884000e-03 3.446480e-01
263 6.508000e-01 3.868000e-03 3.453320e-01
264 6.502320e-01 3.748000e-03 3.460200e-01
265 6.496600e-01 3.652000e-03 3.466880e-01
266 6.491000e-01 3.572000e-03 3.473280e-01
267 6.485360e-01 3.472000e-03 3.479920e-01
268 6.479920e-01 3.356000e-03 3.486520e-01
269 6.474400e-01 3.356000e-03 3.492040e-01
270 6.468040e-01 3.456000e-03 3.497400e-01
271 6.462800e-01 3.452000e-03 3.502680e-01
272 6.456800e-01 3.436000e-03 3.508840e-01
273 6.451880e-01 3.392000e-03 3.514200e-01
274 6.447240e-01 3.296000e-03 3.519800e-01
275 6.441920e-01 3.296000e-03 3.525120e-01
276 6.437120e-01 3.172000e-03 3.531160e-01
277 6.431200e-01 3.216000e-03 3.536640e-01
278 6.426040e-01 3.228000e-03 3.541680e-01
279 6.420320e-01 3.260000e-03 3.547080e-01
280 6.415040e-01 3.236000e-03 3.552600e-01
281 6.409040e-01 3.268000e-03 3.558280e-01
282 6.403640e-01 3.232000e-03 3.564040e-01
283 6.399640e-01 3.152000e-03 3.568840e-01
284 6.395200e-01 2.980000e-03 3.575000e-01
285 6.390320e-01 2.916000e-03 3.580520e-01
286 6.385320e-01 2.968000e-03 3.585000e-01
287 6.379640e-01 3.008000e-03 3.590280e-01
288 6.374640e-01 2.968000e-03 3.595680e-01
289 6.369520e-01 2.964000e-03 3.600840e-01
290 6.365000e-01 2.944000e-03 3.605560e-01
291 6.360640e-01 2.864000e-03 3.610720e-01
292 6.355200e-01 2.896000e-03 3.615840e-01
293 6.350280e-01 2.904000e-03 3.620680e-01
294 6.344680e-01 2.980000e-03 3.625520e-01
295 6.338800e-01 3.024000e-03 3.630960e-01
296 6.334320e-01 2.980000e-03 3.635880e-01
297 6.329360e-01 2.964000e-03 3.641000e-01
298 6.325280e-01 2.816000e-03 3.646560e-01
299 6.321000e-01 2.744000e-03 3.651560e-01
300 6.315920e-01 2.800000e-03 3.656080e-01
301 6.311720e-01 2.784000e-03 3.660440e-01
302 6.307640e-01 2.700000e-03 3.665360e-01
303 6.303080e-01 2.760000e-03 3.669320e-01
304 6.298040e-01 2.772000e-03 3.674240e-01
305 6.292680e-01 2.772000e-03 3.679600e-01
306 6.288280e-01 2.728000e-03 3.684440e-01
307 6.284040e-01 2.700000e-03 3.688960e-01
308 6.280080e-01 2.660000e-03 3.693320e-01
309 6.275120e-01 2.664000e-03 3.698240e-01
310 6.269040e-01 2.760000e-03 3.703360e-01
311 6.263760e-01 2.820000e-03 3.708040e-01
312 6.259160e-01 2.796000e-03 3.712880e-01
313 6.254120e-01 2.808000e-03 3.717800e-01
314 6.248880e-01 2.864000e-03 3.722480e-01
315 6.244040e-01 2.832000e-03 3.727640e-01
316 6.239040e-01 2.852000e-03 3.732440e-01
317 6.234000e-01 2.908000e-03 3.736920e-01
318 6.229240e-01 2.828000e-03 3.742480e-01
319 6.224520e-01 2.736000e-03 3.748120e-01
320 6.219440e-01 2.788000e-03 3.752680e-01
321 6.214760e-01 2.780000e-03 3.757440e-01
322 6.209520e-01 2.808000e-03 3.762400e-01
323 6.204760e-01 2.800000e-03 3.767240e-01
324 6.201440e-01 2.616000e-03 3.772400e-01
325 6.197120e-01 2.624000e-03 3.776640e-01
326 6.193400e-01 2.512000e-03 3.781480e-01
327 6.189360e-01 2.480000e-03 3.785840e-01
328 6.186160e-01 2.300000e-03 3.790840e-01
329 6.181760e-01 2.352000e-03 3.794720e-01
330 6.177600e-01 2.400000e-03 3.798400e-01
331 6.172640e-01 2.508000e-03 3.802280e-01
332 6.167640e-01 2.528000e-03 3.807080e-01
333 6.162120e-01 2.656000e-03 3.811320e-01
334 6.156920e-01 2.644000e-03 3.816640e-01
335 6.152520e-01 2.612000e-03 3.821360e-01
336 6.148440e-01 2.560000e-03 3.825960e-01
337 6.144320e-01 2.548000e-03 3.830200e-01
338 6.140440e-01 2.532000e-03 3.834240e-01
339 6.137200e-01 2.396000e-03 3.838840e-01
340 6.133880e-01 2.364000e-03 3.842480e-01
341 6.130560e-01 2.260000e-03 3.846840e-01
342 6.127320e-01 2.208000e-03 3.850600e-01
343 6.123640e-01 2.268000e-03 3.853680e-01
344 6.119880e-01 2.272000e-03 3.857400e-01
345 6.115920e-01 2.300000e-03 3.861080e-01
346 6.112720e-01 2.172000e-03 3.865560e-01
347 6.109480e-01 2.132000e-03 3.869200e-01
348 6.105960e-01 2.072000e-03 3.873320e-01
349 6.102760e-01 2.016000e-03 3.877080e-01
350 6.099320e-01 2.040000e-03 3.880280e-01
351 6.096160e-01 1.964000e-03 3.884200e-01
352 6.092760e-01 1.964000e-03 3.887600e-01
353 6.090160e-01 1.864000e-03 3.891200e-01
354 6.087560e-01 1.828000e-03 3.894160e-01
355 6.084360e-01 1.796000e-03 3.897680e-01
356 6.080360e-01 1.824000e-03 3.901400e-01
357 6.076200e-01 1.928000e-03 3.904520e-01
358 6.072800e-01 1.948000e-03 3.907720e-01
359 6.069120e-01 1.992000e-03 3.910960e-01
360 6.064520e-01 2.172000e-03 3.913760e-01
361 6.060840e-01 2.200000e-03 3.917160e-01
362 6.057560e-01 2.108000e-03 3.921360e-01
363 6.053800e-01 2.092000e-03 3.925280e-01
364 6.050240e-01 1.984000e-03 3.929920e-01
365 6.047080e-01 1.944000e-03 3.933480e-01
366 6.043920e-01 1.960000e-03 3.936480e-01
367 6.040640e-01 1.924000e-03 3.940120e-01
368 6.037560e-01 1.896000e-03 3.943480e-01
369 6.033600e-01 2.000000e-03 3.946400e-01
370 6.030200e-01 2.016000e-03 3.949640e-01
371 6.026960e-01 2.024000e-03 3.952800e-01
372 6.023200e-01 2.084000e-03 3.955960e-01
373 6.020320e-01 2.048000e-03 3.959200e-01
374 6.016960e-01 1.976000e-03 3.963280e-01
375 6.013800e-01 1.928000e-03 3.966920e-01
376 6.010680e-01 1.916000e-03 3.970160e-01
377 6.007280e-01 1.912000e-03 3.973600e-01
378 6.004640e-01 1.864000e-03 3.976720e-01
379 6.002200e-01 1.844000e-03 3.979360e-01
380 5.999680e-01 1.764000e-03 3.982680e-01
381 5.996760e-01 1.708000e-03 3.986160e-01
382 5.993800e-01 1.720000e-03 3.989000e-01
383 5.990280e-01 1.780000e-03 3.991920e-01
384 5.986680e-01 1.872000e-03 3.994600e-01
385 5.983320e-01 1.900000e-03 3.997680e-01
386 5.979600e-01 2.028000e-03 4.000120e-01
387 5.975840e-01 2.060000e-03 4.003560e-01
388 5.971920e-01 2.124000e-03 4.006840e-01
389 5.968400e-01 2.056000e-03 4.011040e-01
390 5.965400e-01 1.956000e-03 4.015040e-01
391 5.962280e-01 1.952000e-03 4.018200e-01
392 5.958960e-01 1.848000e-03 4.022560e-01
393 5.954880e-01 1.964000e-03 4.025480e-01
394 5.950920e-01 2.040000e-03 4.028680e-01
395 5.947280e-01 2.096000e-03 4.031760e-01
396 5.944120e-01 1.980000e-03 4.036080e-01
397 5.940440e-01 2.016000e-03 4.039400e-01
398 5.937560e-01 1.932000e-03 4.043120e-01
399 5.934760e-01 1.900000e-03 4.046240e-01
400 5.932600e-01 1.820000e-03 4.049200e-01
401 5.930400e-01 1.704000e-03 4.052560e-01
402 5.928040e-01 1.716000e-03 4.054800e-01
403 5.925400e-01 1.716000e-03 4.057440e-01
404 5.923280e-01 1.640000e-03 4.060320e-01
405 5.920960e-01 1.600000e-03 4.063040e-01
406 5.917960e-01 1.648000e-03 4.065560e-01
407 5.915360e-01 1.620000e-03 4.068440e-01
408 5.912840e-01 1.576000e-03 4.071400e-01
409 5.909800e-01 1.572000e-03 4.074480e-01
410 5.906800e-01 1.576000e-03 4.077440e-01
411 5.904520e-01 1.552000e-03 4.079960e-01
412 5.901760e-01 1.564000e-03 4.082600e-01
413 5.899320e-01 1.548000e-03 4.085200e-01
414 5.896600e-01 1.528000e-03 4.088120e-01
415 5.894000e-01 1.472000e-03 4.091280e-01
416 5.892080e-01 1.460000e-03 4.093320e-01
417 5.889960e-01 1.412000e-03 4.095920e-01
418 5.887760e-01 1.392000e-03 4.098320e-01
419 5.886080e-01 1.280000e-03 4.101120e-01
420 5.883880e-01 1.276000e-03 4.103360e-01
421 5.881200e-01 1.312000e-03 4.105680e-01
422 5.878040e-01 1.316000e-03 4.108800e-01
423 5.875200e-01 1.388000e-03 4.110920e-01
424 5.872920e-01 1.368000e-03 4.113400e-01
425 5.871400e-01 1.236000e-03 4.116240e-01
426 5.869480e-01 1.228000e-03 4.118240e-01
427 5.867400e-01 1.192000e-03 4.120680e-01
428 5.865600e-01 1.140000e-03 4.123000e-01
429 5.863600e-01 1.156000e-03 4.124840e-01
430 5.862080e-01 1.140000e-03 4.126520e-01
431 5.859800e-01 1.140000e-03 4.128800e-01
432 5.857640e-01 1.148000e-03 4.130880e-01
433 5.856200e-01 1.164000e-03 4.132160e-01
434 5.854600e-01 1.152000e-03 4.133880e-01
435 5.852800e-01 1.128000e-03 4.135920e-01
436 5.850680e-01 1.152000e-03 4.137800e-01
437 5.848240e-01 1.188000e-03 4.139880e-01
438 5.846400e-01 1.172000e-03 4.141880e-01
439 5.844440e-01 1.132000e-03 4.144240e-01
440 5.842600e-01 1.108000e-03 4.146320e-01
441 5.840480e-01 1.116000e-03 4.148360e-01
442 5.838560e-01 1.112000e-03 4.150320e-01
443 5.837480e-01 1.020000e-03 4.152320e-01
444 5.836120e-01 1.020000e-03 4.153680e-01
445 5.834440e-01 1.020000e-03 4.155360e-01
446 5.833360e-01 9.400000e-04 4.157240e-01
447 5.831800e-01 9.240000e-04 4.158960e-01
448 5.830640e-01 8.680000e-04 4.160680e-01
449 5.829320e-01 8.440000e-04 4.162240e-01
450 5.827560e-01 8.760000e-04 4.163680e-01
451 5.825640e-01 9.280000e-04 4.165080e-01
452 5.823680e-01 9.520000e-04 4.166800e-01
453 5.821640e-01 9.560000e-04 4.168800e-01
454 5.820080e-01 9.600000e-04 4.170320e-01
455 5.818880e-01 9.280000e-04 4.171840e-01
456 5.817680e-01 8.920000e-04 4.173400e-01
457 5.816520e-01 8.720000e-04 4.174760e-01
458 5.815800e-01 7.880000e-04 4.176320e-01
459 5.814760e-01 7.320000e-04 4.177920e-01
460 5.813520e-01 7.240000e-04 4.179240e-01
461 5.812240e-01 7.240000e-04 4.180520e-01
462 5.811040e-01 6.960000e-04 4.182000e-01
463 5.810040e-01 6.640000e-04 4.183320e-01
464 5.808800e-01 6.800000e-04 4.184400e-01
465 5.807600e-01 6.600000e-04 4.185800e-01
466 5.806280e-01 7.000000e-04 4.186720e-01
467 5.805360e-01 6.280000e-04 4.188360e-01
468 5.804280e-01 6.560000e-04 4.189160e-01
469 5.803120e-01 7.040000e-04 4.189840e-01
470 5.802120e-01 6.720000e-04 4.191160e-01
471 5.801040e-01 6.600000e-04 4.192360e-01
472 5.799960e-01 6.280000e-04 4.193760e-01
473 5.798760e-01 6.640000e-04 4.194600e-01
474 5.797240e-01 7.200000e-04 4.195560e-01
475 5.795760e-01 7.480000e-04 4.196760e-01
476 5.794280e-01 7.240000e-04 4.198480e-01
477 5.792800e-01 7.360000e-04 4.199840e-01
478 5.791480e-01 7.320000e-04 4.201200e-01
479 5.790440e-01 7.000000e-04 4.202560e-01
480 5.789000e-01 7.280000e-04 4.203720e-01
481 5.787360e-01 7.720000e-04 4.204920e-01
482 5.785680e-01 8.160000e-04 4.206160e-01
483 5.784080e-01 8.040000e-04 4.207880e-01
484 5.782640e-01 7.920000e-04 4.209440e-01
485 5.781120e-01 7.960000e-04 4.210920e-01
486 5.780040e-01 7.800000e-04 4.212160e-01
487 5.778400e-01 8.200000e-04 4.213400e-01
488 5.776640e-01 8.520000e-04 4.214840e-01
489 5.775360e-01 7.800000e-04 4.216840e-01
490 5.774280e-01 7.120000e-04 4.218600e-01
491 5.772840e-01 7.240000e-04 4.219920e-01
492 5.771600e-01 6.960000e-04 4.221440e-01
493 5.770800e-01 6.320000e-04 4.222880e-01
494 5.769640e-01 6.120000e-04 4.224240e-01
495 5.768360e-01 6.400000e-04 4.225240e-01
496 5.766800e-01 6.680000e-04 4.226520e-01
497 5.765520e-01 6.760000e-04 4.227720e-01
498 5.763960e-01 7.040000e-04 4.229000e-01
499 5.763240e-01 6.800000e-04 4.229960e-01
500 5.762160e-01 6.720000e-04 4.231120e-01
