1 9.991320e-01 7.800000e-04 8.800000e-05
2 9.986320e-01 1.092000e-03 2.760000e-04
3 9.979640e-01 1.516000e-03 5.200000e-04
4 9.973160e-01 1.896000e-03 7.880000e-04
5 9.966000e-01 2.252000e-03 1.148000e-03
6 9.957400e-01 2.628000e-03 1.632000e-03
7 9.948920e-01 3.020000e-03 2.088000e-03
8 9.940400e-01 3.296000e-03 2.664000e-03
9 9.930400e-01 3.676000e-03 3.284000e-03
10 9.919080e-01 4.068000e-03 4.024000e-03
11 9.909080e-01 4.344000e-03 4.748000e-03
12 9.899720e-01 4.432000e-03 5.596000e-03
13 9.887960e-01 4.704000e-03 6.500000e-03
14 9.877040e-01 4.912000e-03 7.384000e-03
15 9.865600e-01 5.116000e-03 8.324000e-03
16 9.855320e-01 5.172000e-03 9.296000e-03
17 9.843440e-01 5.336000e-03 1.032000e-02
18 9.831280e-01 5.680000e-03 1.119200e-02
19 9.816760e-01 6.232000e-03 1.209200e-02
20 9.802320e-01 6.524000e-03 1.324400e-02
21 9.788480e-01 6.592000e-03 1.456000e-02
22 9.775280e-01 6.720000e-03 1.575200e-02
23 9.760240e-01 7.040000e-03 1.693600e-02
24 9.746040e-01 7.156000e-03 1.824000e-02
25 9.731960e-01 7.332000e-03 1.947200e-02
26 9.716920e-01 7.568000e-03 2.074000e-02
27 9.703080e-01 7.620000e-03 2.207200e-02
28 9.687000e-01 7.860000e-03 2.344000e-02
29 9.671840e-01 8.000000e-03 2.481600e-02
30 9.657800e-01 8.036000e-03 2.618400e-02
31 9.642480e-01 8.180000e-03 2.757200e-02
32 9.625520e-01 8.464000e-03 2.898400e-02
33 9.610000e-01 8.492000e-03 3.050800e-02
34 9.593920e-01 8.624000e-03 3.198400e-02
35 9.575640e-01 8.932000e-03 3.350400e-02
36 9.557720e-01 9.288000e-03 3.494000e-02
37 9.540600e-01 9.372000e-03 3.656800e-02
38 9.523720e-01 9.392000e-03 3.823600e-02
39 9.507280e-01 9.416000e-03 3.985600e-02
40 9.490920e-01 9.316000e-03 4.159200e-02
41 9.472760e-01 9.572000e-03 4.315200e-02
42 9.456480e-01 9.580000e-03 4.477200e-02
43 9.438680e-01 9.628000e-03 4.650400e-02
44 9.421040e-01 9.768000e-03 4.812800e-02
45 9.404280e-01 9.668000e-03 4.990400e-02
46 9.386800e-01 9.580000e-03 5.174000e-02
47 9.369000e-01 9.624000e-03 5.347600e-02
48 9.350920e-01 9.748000e-03 5.516000e-02
49 9.334080e-01 9.600000e-03 5.699200e-02
50 9.318320e-01 9.488000e-03 5.868000e-02
51 9.300960e-01 9.528000e-03 6.037600e-02
52 9.285320e-01 9.436000e-03 6.203200e-02
53 9.269280e-01 9.540000e-03 6.353200e-02
54 9.252320e-01 9.480000e-03 6.528800e-02
55 9.235640e-01 9.464000e-03 6.697200e-02
56 9.220320e-01 9.452000e-03 6.851600e-02
57 9.203160e-01 9.540000e-03 7.014400e-02
58 9.187600e-01 9.360000e-03 7.188000e-02
59 9.170800e-01 9.344000e-03 7.357600e-02
60 9.154360e-01 9.272000e-03 7.529200e-02
61 9.136360e-01 9.464000e-03 7.690000e-02
62 9.120200e-01 9.420000e-03 7.856000e-02
63 9.103840e-01 9.488000e-03 8.012800e-02
64 9.086920e-01 9.584000e-03 8.172400e-02
65 9.068200e-01 9.684000e-03 8.349600e-02
66 9.049520e-01 9.940000e-03 8.510800e-02
67 9.031080e-01 1.002400e-02 8.686800e-02
68 9.014600e-01 1.002400e-02 8.851600e-02
69 8.999240e-01 9.860000e-03 9.021600e-02
70 8.980960e-01 9.852000e-03 9.205200e-02
71 8.962520e-01 9.992000e-03 9.375600e-02
72 8.944680e-01 1.000000e-02 9.553200e-02
73 8.928880e-01 9.700000e-03 9.741200e-02
74 8.911840e-01 9.668000e-03 9.914800e-02
75 8.895680e-01 9.716000e-03 1.007160e-01
76 8.878320e-01 9.772000e-03 1.023960e-01
77 8.862280e-01 9.660000e-03 1.041120e-01
78 8.845760e-01 9.564000e-03 1.058600e-01
79 8.830960e-01 9.436000e-03 1.074680e-01
80 8.814080e-01 9.472000e-03 1.091200e-01
81 8.799440e-01 9.372000e-03 1.106840e-01
82 8.783160e-01 9.380000e-03 1.123040e-01
83 8.766520e-01 9.484000e-03 1.138640e-01
84 8.751520e-01 9.372000e-03 1.154760e-01
85 8.736520e-01 9.212000e-03 1.171360e-01
86 8.718800e-01 9.368000e-03 1.187520e-01
87 8.703520e-01 9.264000e-03 1.203840e-01
88 8.690160e-01 8.928000e-03 1.220560e-01
89 8.675400e-01 8.920000e-03 1.235400e-01
90 8.658520e-01 9.096000e-03 1.250520e-01
91 8.643960e-01 9.008000e-03 1.265960e-01
92 8.627800e-01 9.172000e-03 1.280480e-01
93 8.612080e-01 9.160000e-03 1.296320e-01
94 8.595520e-01 9.160000e-03 1.312880e-01
95 8.578840e-01 9.284000e-03 1.328320e-01
96 8.563240e-01 9.072000e-03 1.346040e-01
97 8.547040e-01 9.132000e-03 1.361640e-01
98 8.531000e-01 9.060000e-03 1.378400e-01
99 8.514600e-01 9.164000e-03 1.393760e-01
100 8.498000e-01 9.232000e-03 1.409680e-01
101 8.480360e-01 9.412000e-03 1.425520e-01
102 8.461360e-01 9.692000e-03 1.441720e-01
103 8.442920e-01 9.892000e-03 1.458160e-01
104 8.426200e-01 9.828000e-03 1.475520e-01
105 8.409720e-01 9.804000e-03 1.492240e-01
106 8.392400e-01 9.896000e-03 1.508640e-01
107 8.376960e-01 9.756000e-03 1.525480e-01
108 8.359760e-01 9.792000e-03 1.542320e-01
109 8.341240e-01 9.964000e-03 1.559120e-01
110 8.324080e-01 1.000000e-02 1.575920e-01
111 8.307800e-01 9.856000e-03 1.593640e-01
112 8.291160e-01 9.964000e-03 1.609200e-01
113 8.275160e-01 9.928000e-03 1.625560e-01
114 8.257000e-01 9.824000e-03 1.644760e-01
115 8.238720e-01 1.001600e-02 1.661120e-01
116 8.221560e-01 9.912000e-03 1.679320e-01
117 8.203680e-01 1.001200e-02 1.696200e-01
118 8.187000e-01 9.748000e-03 1.715520e-01
119 8.170960e-01 9.572000e-03 1.733320e-01
120 8.155200e-01 9.444000e-03 1.750360e-01
121 8.139280e-01 9.540000e-03 1.765320e-01
122 8.123080e-01 9.508000e-03 1.781840e-01
123 8.107160e-01 9.436000e-03 1.798480e-01
124 8.091240e-01 9.516000e-03 1.813600e-01
125 8.076200e-01 9.324000e-03 1.830560e-01
126 8.060920e-01 9.168000e-03 1.847400e-01
127 8.044120e-01 9.204000e-03 1.863840e-01
128 8.028200e-01 9.184000e-03 1.879960e-01
129 8.011840e-01 9.184000e-03 1.896320e-01
130 7.995480e-01 9.304000e-03 1.911480e-01
131 7.980960e-01 9.176000e-03 1.927280e-01
132 7.965360e-01 9.172000e-03 1.942920e-01
133 7.950000e-01 9.228000e-03 1.957720e-01
134 7.934400e-01 9.116000e-03 1.974440e-01
135 7.918000e-01 9.096000e-03 1.991040e-01
136 7.903520e-01 8.972000e-03 2.006760e-01
137 7.890080e-01 8.764000e-03 2.022280e-01
138 7.875240e-01 8.780000e-03 2.036960e-01
139 7.859480e-01 8.896000e-03 2.051560e-01
140 7.845280e-01 8.808000e-03 2.066640e-01
141 7.831280e-01 8.764000e-03 2.081080e-01
142 7.816680e-01 8.836000e-03 2.094960e-01
143 7.802080e-01 8.748000e-03 2.110440e-01
144 7.786960e-01 8.728000e-03 2.125760e-01
145 7.772240e-01 8.768000e-03 2.140080e-01
146 7.757360e-01 8.792000e-03 2.154720e-01
147 7.741120e-01 8.812000e-03 2.170760e-01
148 7.725360e-01 8.784000e-03 2.186800e-01
149 7.708760e-01 9.008000e-03 2.201160e-01
150 7.694160e-01 8.920000e-03 2.216640e-01
151 7.678400e-01 9.028000e-03 2.231320e-01
152 7.662600e-01 9.144000e-03 2.245960e-01
153 7.646880e-01 9.040000e-03 2.262720e-01
154 7.632360e-01 8.968000e-03 2.277960e-01
155 7.616840e-01 9.080000e-03 2.292360e-01
156 7.600480e-01 9.076000e-03 2.308760e-01
157 7.586320e-01 8.872000e-03 2.324960e-01
158 7.571760e-01 8.804000e-03 2.340200e-01
159 7.559000e-01 8.592000e-03 2.355080e-01
160 7.544760e-01 8.684000e-03 2.368400e-01
161 7.529560e-01 8.688000e-03 2.383560e-01
162 7.515280e-01 8.544000e-03 2.399280e-01
163 7.501480e-01 8.424000e-03 2.414280e-01
164 7.486720e-01 8.440000e-03 2.428880e-01
165 7.473600e-01 8.264000e-03 2.443760e-01
166 7.459760e-01 8.248000e-03 2.457760e-01
167 7.447200e-01 8.148000e-03 2.471320e-01
168 7.434120e-01 7.972000e-03 2.486160e-01
169 7.420520e-01 7.944000e-03 2.500040e-01
170 7.408920e-01 7.828000e-03 2.512800e-01
171 7.398160e-01 7.560000e-03 2.526240e-01
172 7.387600e-01 7.400000e-03 2.538400e-01
173 7.375360e-01 7.352000e-03 2.551120e-01
174 7.363400e-01 7.204000e-03 2.564560e-01
175 7.352280e-01 7.124000e-03 2.576480e-01
176 7.342480e-01 6.816000e-03 2.589360e-01
177 7.331360e-01 6.780000e-03 2.600840e-01
178 7.319440e-01 6.772000e-03 2.612840e-01
179 7.307440e-01 6.832000e-03 2.624240e-01
180 7.295200e-01 6.792000e-03 2.636880e-01
181 7.284320e-01 6.692000e-03 2.648760e-01
182 7.273000e-01 6.692000e-03 2.660080e-01
183 7.261000e-01 6.744000e-03 2.671560e-01
184 7.248120e-01 6.780000e-03 2.684080e-01
185 7.238120e-01 6.508000e-03 2.696800e-01
186 7.226840e-01 6.444000e-03 2.708720e-01
187 7.216760e-01 6.356000e-03 2.719680e-01
188 7.206240e-01 6.184000e-03 2.731920e-01
189 7.196880e-01 6.016000e-03 2.742960e-01
190 7.188400e-01 5.832000e-03 2.753280e-01
191 7.178480e-01 5.848000e-03 2.763040e-01
192 7.169520e-01 5.796000e-03 2.772520e-01
193 7.160680e-01 5.680000e-03 2.782520e-01
194 7.152160e-01 5.576000e-03 2.792080e-01
195 7.143920e-01 5.444000e-03 2.801640e-01
196 7.135800e-01 5.280000e-03 2.811400e-01
197 7.127760e-01 5.188000e-03 2.820360e-01
198 7.119320e-01 5.176000e-03 2.828920e-01
199 7.111560e-01 5.036000e-03 2.838080e-01
200 7.103240e-01 4.984000e-03 2.846920e-01
201 7.095240e-01 4.904000e-03 2.855720e-01
202 7.086640e-01 4.796000e-03 2.865400e-01
203 7.078800e-01 4.804000e-03 2.873160e-01
204 7.071880e-01 4.620000e-03 2.881920e-01
205 7.065000e-01 4.476000e-03 2.890240e-01
206 7.057160e-01 4.496000e-03 2.897880e-01
207 7.049240e-01 4.472000e-03 2.906040e-01
208 7.042160e-01 4.464000e-03 2.913200e-01
209 7.034560e-01 4.432000e-03 2.921120e-01
210 7.028240e-01 4.240000e-03 2.929360e-01
211 7.020880e-01 4.276000e-03 2.936360e-01
212 7.014120e-01 4.264000e-03 2.943240e-01
213 7.006160e-01 4.392000e-03 2.949920e-01
214 6.999000e-01 4.264000e-03 2.958360e-01
215 6.991760e-01 4.304000e-03 2.965200e-01
216 6.983480e-01 4.404000e-03 2.972480e-01
217 6.976520e-01 4.380000e-03 2.979680e-01
218 6.968600e-01 4.404000e-03 2.987360e-01
219 6.961520e-01 4.372000e-03 2.994760e-01
220 6.953080e-01 4.464000e-03 3.002280e-01
221 6.945520e-01 4.348000e-03 3.011000e-01
222 6.937800e-01 4.500000e-03 3.017200e-01
223 6.929120e-01 4.608000e-03 3.024800e-01
224 6.921400e-01 4.544000e-03 3.033160e-01
225 6.913320e-01 4.624000e-03 3.040440e-01
226 6.905560e-01 4.588000e-03 3.048560e-01
227 6.897680e-01 4.496000e-03 3.057360e-01
228 6.890440e-01 4.412000e-03 3.065440e-01
229 6.882400e-01 4.476000e-03 3.072840e-01
230 6.876120e-01 4.296000e-03 3.080920e-01
231 6.869280e-01 4.256000e-03 3.088160e-01
232 6.862880e-01 4.176000e-03 3.095360e-01
233 6.854920e-01 4.280000e-03 3.102280e-01
234 6.847120e-01 4.288000e-03 3.110000e-01
235 6.840320e-01 4.248000e-03 3.117200e-01
236 6.833520e-01 4.168000e-03 3.124800e-01
237 6.826560e-01 4.152000e-03 3.131920e-01
238 6.819600e-01 4.108000e-03 3.139320e-01
239 6.812280e-01 4.108000e-03 3.146640e-01
240 6.804680e-01 4.200000e-03 3.153320e-01
241 6.797160e-01 4.316000e-03 3.159680e-01
242 6.789360e-01 4.252000e-03 3.168120e-01
243 6.781920e-01 4.272000e-03 3.175360e-01
244 6.773800e-01 4.360000e-03 3.182600e-01
245 6.766320e-01 4.400000e-03 3.189680e-01
246 6.759680e-01 4.328000e-03 3.197040e-01
247 6.753360e-01 4.128000e-03 3.205360e-01
248 6.746120e-01 4.132000e-03 3.212560e-01
249 6.739720e-01 4.060000e-03 3.219680e-01
250 6.734240e-01 3.900000e-03 3.226760e-01
251 6.728240e-01 3.812000e-03 3.233640e-01
252 6.722400e-01 3.740000e-03 3.240200e-01
253 6.716280e-01 3.668000e-03 3.247040e-01
254 6.709720e-01 3.612000e-03 3.254160e-01
255 6.703400e-01 3.552000e-03 3.261080e-01
256 6.696360e-01 3.600000e-03 3.267640e-01
257 6.690400e-01 3.628000e-03 3.273320e-01
258 6.684000e-01 3.668000e-03 3.279320e-01
259 6.678520e-01 3.572000e-03 3.285760e-01
260 6.672760e-01 3.596000e-03 3.291280e-01
261 6.667160e-01 3.484000e-03 3.298000e-01
262 6.660880e-01 3.552000e-03 3.303600e-01
263 6.655000e-01 3.512000e-03 3.309880e-01
264 6.649440e-01 3.448000e-03 3.316080e-01
265 6.643320e-01 3.344000e-03 3.323240e-01
266 6.636760e-01 3.440000e-03 3.328840e-01
267 6.630680e-01 3.480000e-03 3.334520e-01
268 6.623600e-01 3.572000e-03 3.340680e-01
269 6.617800e-01 3.548000e-03 3.346720e-01
270 6.611960e-01 3.540000e-03 3.352640e-01
271 6.605120e-01 3.548000e-03 3.359400e-01
272 6.599080e-01 3.564000e-03 3.365280e-01
273 6.593720e-01 3.544000e-03 3.370840e-01
274 6.587520e-01 3.580000e-03 3.376680e-01
275 6.581960e-01 3.544000e-03 3.382600e-01
276 6.576480e-01 3.512000e-03 3.388400e-01
277 6.569960e-01 3.584000e-03 3.394200e-01
278 6.564640e-01 3.512000e-03 3.400240e-01
279 6.558120e-01 3.544000e-03 3.406440e-01
280 6.552080e-01 3.556000e-03 3.412360e-01
281 6.545520e-01 3.684000e-03 3.417640e-01
282 6.540200e-01 3.596000e-03 3.423840e-01
283 6.534560e-01 3.568000e-03 3.429760e-01
284 6.529600e-01 3.448000e-03 3.435920e-01
285 6.523920e-01 3.332000e-03 3.442760e-01
286 6.518160e-01 3.268000e-03 3.449160e-01
287 6.512800e-01 3.288000e-03 3.454320e-01
288 6.507280e-01 3.340000e-03 3.459320e-01
289 6.502120e-01 3.256000e-03 3.465320e-01
290 6.496680e-01 3.264000e-03 3.470680e-01
291 6.490880e-01 3.260000e-03 3.476520e-01
292 6.485280e-01 3.340000e-03 3.481320e-01
293 6.479160e-01 3.344000e-03 3.487400e-01
294 6.473280e-01 3.304000e-03 3.493680e-01
295 6.467800e-01 3.328000e-03 3.498920e-01
296 6.461760e-01 3.412000e-03 3.504120e-01
297 6.456400e-01 3.340000e-03 3.510200e-01
298 6.450920e-01 3.304000e-03 3.516040e-01
299 6.445400e-01 3.264000e-03 3.521960e-01
300 6.439320e-01 3.316000e-03 3.527520e-01
301 6.433800e-01 3.268000e-03 3.533520e-01
302 6.428400e-01 3.256000e-03 3.539040e-01
303 6.423120e-01 3.272000e-03 3.544160e-01
304 6.417120e-01 3.380000e-03 3.549080e-01
305 6.411600e-01 3.300000e-03 3.555400e-01
306 6.405840e-01 3.300000e-03 3.561160e-01
307 6.400920e-01 3.176000e-03 3.567320e-01
308 6.396400e-01 3.108000e-03 3.572520e-01
309 6.391760e-01 3.032000e-03 3.577920e-01
310 6.387680e-01 2.852000e-03 3.583800e-01
311 6.383200e-01 2.808000e-03 3.588720e-01
312 6.378280e-01 2.768000e-03 3.594040e-01
313 6.372960e-01 2.744000e-03 3.599600e-01
314 6.367640e-01 2.768000e-03 3.604680e-01
315 6.363400e-01 2.748000e-03 3.609120e-01
316 6.359080e-01 2.660000e-03 3.614320e-01
317 6.355040e-01 2.572000e-03 3.619240e-01
318 6.350080e-01 2.652000e-03 3.623400e-01
319 6.346240e-01 2.596000e-03 3.627800e-01
320 6.341520e-01 2.584000e-03 3.632640e-01
321 6.336760e-01 2.664000e-03 3.636600e-01
322 6.332760e-01 2.636000e-03 3.640880e-01
323 6.329680e-01 2.456000e-03 3.645760e-01
324 6.325440e-01 2.440000e-03 3.650160e-01
325 6.321160e-01 2.516000e-03 3.653680e-01
326 6.318000e-01 2.504000e-03 3.656960e-01
327 6.313880e-01 2.452000e-03 3.661600e-01
328 6.309960e-01 2.368000e-03 3.666360e-01
329 6.305240e-01 2.512000e-03 3.669640e-01
330 6.301120e-01 2.492000e-03 3.673960e-01
331 6.297520e-01 2.440000e-03 3.678080e-01
332 6.294000e-01 2.372000e-03 3.682280e-01
333 6.289800e-01 2.316000e-03 3.687040e-01
334 6.285800e-01 2.316000e-03 3.691040e-01
335 6.281600e-01 2.392000e-03 3.694480e-01
336 6.277680e-01 2.372000e-03 3.698600e-01
337 6.274040e-01 2.376000e-03 3.702200e-01
338 6.270360e-01 2.344000e-03 3.706200e-01
339 6.266960e-01 2.296000e-03 3.710080e-01
340 6.263600e-01 2.252000e-03 3.713880e-01
341 6.261040e-01 2.132000e-03 3.717640e-01
342 6.257120e-01 2.224000e-03 3.720640e-01
343 6.254800e-01 2.044000e-03 3.724760e-01
344 6.250680e-01 2.072000e-03 3.728600e-01
345 6.246840e-01 2.148000e-03 3.731680e-01
346 6.243400e-01 2.056000e-03 3.736040e-01
347 6.240160e-01 2.032000e-03 3.739520e-01
348 6.237480e-01 1.912000e-03 3.743400e-01
349 6.234760e-01 1.824000e-03 3.747000e-01
350 6.231760e-01 1.732000e-03 3.750920e-01
351 6.228480e-01 1.772000e-03 3.753800e-01
352 6.225760e-01 1.736000e-03 3.756880e-01
353 6.222840e-01 1.748000e-03 3.759680e-01
354 6.220160e-01 1.712000e-03 3.762720e-01
355 6.217240e-01 1.712000e-03 3.765640e-01
356 6.214040e-01 1.776000e-03 3.768200e-01
357 6.210760e-01 1.740000e-03 3.771840e-01
358 6.207160e-01 1.744000e-03 3.775400e-01
359 6.203440e-01 1.820000e-03 3.778360e-01
360 6.199320e-01 1.888000e-03 3.781800e-01
361 6.196720e-01 1.792000e-03 3.785360e-01
362 6.192880e-01 1.880000e-03 3.788320e-01
363 6.190040e-01 1.768000e-03 3.792280e-01
364 6.186920e-01 1.784000e-03 3.795240e-01
365 6.183760e-01 1.752000e-03 3.798720e-01
366 6.180560e-01 1.776000e-03 3.801680e-01
367 6.177040e-01 1.844000e-03 3.804520e-01
368 6.173800e-01 1.848000e-03 3.807720e-01
369 6.169680e-01 1.892000e-03 3.811400e-01
370 6.166800e-01 1.872000e-03 3.814480e-01
371 6.163960e-01 1.880000e-03 3.817240e-01
372 6.160440e-01 1.884000e-03 3.820720e-01
373 6.156840e-01 1.872000e-03 3.824440e-01
374 6.153640e-01 1.852000e-03 3.827840e-01
375 6.150480e-01 1.748000e-03 3.832040e-01
376 6.147200e-01 1.720000e-03 3.835600e-01
377 6.144160e-01 1.728000e-03 3.838560e-01
378 6.140360e-01 1.820000e-03 3.841440e-01
379 6.137440e-01 1.812000e-03 3.844440e-01
380 6.134160e-01 1.836000e-03 3.847480e-01
381 6.131320e-01 1.824000e-03 3.850440e-01
382 6.128600e-01 1.768000e-03 3.853720e-01
383 6.125080e-01 1.788000e-03 3.857040e-01
384 6.121640e-01 1.792000e-03 3.860440e-01
385 6.119000e-01 1.700000e-03 3.864000e-01
386 6.116760e-01 1.572000e-03 3.867520e-01
387 6.114040e-01 1.560000e-03 3.870360e-01
388 6.111600e-01 1.540000e-03 3.873000e-01
389 6.109240e-01 1.496000e-03 3.875800e-01
390 6.106920e-01 1.432000e-03 3.878760e-01
391 6.104280e-01 1.460000e-03 3.881120e-01
392 6.101760e-01 1.456000e-03 3.883680e-01
393 6.098680e-01 1.512000e-03 3.886200e-01
394 6.095560e-01 1.620000e-03 3.888240e-01
395 6.093440e-01 1.496000e-03 3.891600e-01
396 6.091160e-01 1.500000e-03 3.893840e-01
397 6.088880e-01 1.488000e-03 3.896240e-01
398 6.086880e-01 1.420000e-03 3.898920e-01
399 6.084840e-01 1.372000e-03 3.901440e-01
400 6.082240e-01 1.400000e-03 3.903760e-01
401 6.079480e-01 1.424000e-03 3.906280e-01
402 6.077120e-01 1.368000e-03 3.909200e-01
403 6.075400e-01 1.284000e-03 3.911760e-01
404 6.073720e-01 1.232000e-03 3.913960e-01
405 6.071840e-01 1.220000e-03 3.915960e-01
406 6.070160e-01 1.168000e-03 3.918160e-01
407 6.068520e-01 1.132000e-03 3.920160e-01
408 6.066960e-01 1.124000e-03 3.921800e-01
409 6.064720e-01 1.172000e-03 3.923560e-01
410 6.062880e-01 1.152000e-03 3.925600e-01
411 6.060640e-01 1.164000e-03 3.927720e-01
412 6.058920e-01 1.132000e-03 3.929760e-01
413 6.056880e-01 1.140000e-03 3.931720e-01
414 6.054800e-01 1.192000e-03 3.933280e-01
415 6.052520e-01 1.220000e-03 3.935280e-01
416 6.050560e-01 1.200000e-03 3.937440e-01
417 6.048920e-01 1.104000e-03 3.940040e-01
418 6.047000e-01 1.108000e-03 3.941920e-01
419 6.045200e-01 1.088000e-03 3.943920e-01
420 6.043280e-01 1.116000e-03 3.945560e-01
421 6.041400e-01 1.108000e-03 3.947520e-01
422 6.039640e-01 1.024000e-03 3.950120e-01
423 6.038160e-01 1.020000e-03 3.951640e-01
424 6.036920e-01 9.360000e-04 3.953720e-01
425 6.034800e-01 9.680000e-04 3.955520e-01
426 6.032720e-01 1.012000e-03 3.957160e-01
427 6.031400e-01 1.032000e-03 3.958280e-01
428 6.029560e-01 1.092000e-03 3.959520e-01
429 6.027560e-01 1.056000e-03 3.961880e-01
430 6.026280e-01 1.000000e-03 3.963720e-01
431 6.024520e-01 1.008000e-03 3.965400e-01
432 6.023120e-01 1.012000e-03 3.966760e-01
433 6.020960e-01 1.008000e-03 3.968960e-01
434 6.019480e-01 9.760000e-04 3.970760e-01
435 6.017480e-01 1.004000e-03 3.972480e-01
436 6.016040e-01 9.160000e-04 3.974800e-01
437 6.014600e-01 8.720000e-04 3.976680e-01
438 6.012960e-01 9.040000e-04 3.978000e-01
439 6.011240e-01 8.920000e-04 3.979840e-01
440 6.009600e-01 9.480000e-04 3.980920e-01
441 6.007600e-01 9.840000e-04 3.982560e-01
442 6.005640e-01 9.760000e-04 3.984600e-01
443 6.003800e-01 9.640000e-04 3.986560e-01
444 6.002040e-01 9.960000e-04 3.988000e-01
445 6.000600e-01 1.040000e-03 3.989000e-01
446 5.998680e-01 1.056000e-03 3.990760e-01
447 5.997000e-01 1.028000e-03 3.992720e-01
448 5.995640e-01 1.012000e-03 3.994240e-01
449 5.994000e-01 1.036000e-03 3.995640e-01
450 5.992600e-01 1.008000e-03 3.997320e-01
451 5.990560e-01 1.032000e-03 3.999120e-01
452 5.988800e-01 1.012000e-03 4.001080e-01
453 5.987120e-01 1.032000e-03 4.002560e-01
454 5.985560e-01 1.016000e-03 4.004280e-01
455 5.984200e-01 9.760000e-04 4.006040e-01
456 5.983160e-01 9.120000e-04 4.007720e-01
457 5.981880e-01 8.600000e-04 4.009520e-01
458 5.980320e-01 8.400000e-04 4.011280e-01
459 5.979360e-01 8.200000e-04 4.012440e-01
460 5.977920e-01 8.240000e-04 4.013840e-01
461 5.976640e-01 7.720000e-04 4.015640e-01
462 5.975320e-01 7.600000e-04 4.017080e-01
463 5.974040e-01 7.680000e-04 4.018280e-01
464 5.972760e-01 7.640000e-04 4.019600e-01
465 5.971720e-01 7.400000e-04 4.020880e-01
466 5.970840e-01 7.240000e-04 4.021920e-01
467 5.969440e-01 7.280000e-04 4.023280e-01
468 5.968280e-01 7.280000e-04 4.024440e-01
469 5.967400e-01 7.040000e-04 4.025560e-01
470 5.966000e-01 7.160000e-04 4.026840e-01
471 5.965040e-01 7.040000e-04 4.027920e-01
472 5.963840e-01 6.760000e-04 4.029400e-01
473 5.963240e-01 6.040000e-04 4.030720e-01
474 5.962760e-01 5.480000e-04 4.031760e-01
475 5.962120e-01 5.000000e-04 4.032880e-01
476 5.961040e-01 5.120000e-04 4.033840e-01
477 5.960480e-01 4.840000e-04 4.034680e-01
478 5.959840e-01 4.480000e-04 4.035680e-01
479 5.959120e-01 4.360000e-04 4.036520e-01
480 5.958320e-01 4.600000e-04 4.037080e-01
481 5.957400e-01 4.800000e-04 4.037800e-01
482 5.956600e-01 4.640000e-04 4.038760e-01
483 5.955760e-01 4.680000e-04 4.039560e-01
484 5.955120e-01 4.720000e-04 4.040160e-01
485 5.954680e-01 4.360000e-04 4.040960e-01
486 5.953960e-01 4.440000e-04 4.041600e-01
487 5.953240e-01 4.480000e-04 4.042280e-01
488 5.952320e-01 4.320000e-04 4.043360e-01
489 5.951680e-01 4.240000e-04 4.044080e-01
490 5.950920e-01 4.160000e-04 4.044920e-01
491 5.950240e-01 4.160000e-04 4.045600e-01
492 5.949600e-01 4.000000e-04 4.046400e-01
493 5.949000e-01 4.280000e-04 4.046720e-01
494 5.948520e-01 3.920000e-04 4.047560e-01
495 5.948120e-01 3.680000e-04 4.048200e-01
496 5.947600e-01 3.400000e-04 4.049000e-01
497 5.947320e-01 3.280000e-04 4.049400e-01
498 5.946640e-01 3.440000e-04 4.049920e-01
499 5.946240e-01 3.080000e-04 4.050680e-01
500 5.945560e-01 3.040000e-04 4.051400e-01
