1 9.991400e-01 7.760000e-04 8.400000e-05
2 9.986800e-01 1.076000e-03 2.440000e-04
3 9.981160e-01 1.444000e-03 4.400000e-04
4 9.974560e-01 1.788000e-03 7.560000e-04
5 9.966800e-01 2.240000e-03 1.080000e-03
6 9.958480e-01 2.664000e-03 1.488000e-03
7 9.950240e-01 2.960000e-03 2.016000e-03
8 9.942200e-01 3.192000e-03 2.588000e-03
9 9.932160e-01 3.604000e-03 3.180000e-03
10 9.923440e-01 3.812000e-03 3.844000e-03
11 9.912920e-01 4.196000e-03 4.512000e-03
12 9.902840e-01 4.340000e-03 5.376000e-03
13 9.893120e-01 4.580000e-03 6.108000e-03
14 9.882440e-01 4.768000e-03 6.988000e-03
15 9.871160e-01 5.052000e-03 7.832000e-03
16 9.860960e-01 5.212000e-03 8.692000e-03
17 9.849280e-01 5.480000e-03 9.592000e-03
18 9.838240e-01 5.564000e-03 1.061200e-02
19 9.826120e-01 5.800000e-03 1.158800e-02
20 9.814400e-01 5.952000e-03 1.260800e-02
21 9.801880e-01 6.152000e-03 1.366000e-02
22 9.790280e-01 6.204000e-03 1.476800e-02
23 9.777960e-01 6.272000e-03 1.593200e-02
24 9.765960e-01 6.328000e-03 1.707600e-02
25 9.753160e-01 6.536000e-03 1.814800e-02
26 9.741080e-01 6.684000e-03 1.920800e-02
27 9.728640e-01 6.716000e-03 2.042000e-02
28 9.715480e-01 6.776000e-03 2.167600e-02
29 9.703320e-01 6.808000e-03 2.286000e-02
30 9.690440e-01 6.892000e-03 2.406400e-02
31 9.676200e-01 7.024000e-03 2.535600e-02
32 9.661800e-01 7.252000e-03 2.656800e-02
33 9.647520e-01 7.472000e-03 2.777600e-02
34 9.633160e-01 7.684000e-03 2.900000e-02
35 9.619600e-01 7.728000e-03 3.031200e-02
36 9.605360e-01 7.868000e-03 3.159600e-02
37 9.591160e-01 7.812000e-03 3.307200e-02
38 9.578280e-01 7.836000e-03 3.433600e-02
39 9.562680e-01 7.896000e-03 3.583600e-02
40 9.547480e-01 8.112000e-03 3.714000e-02
41 9.531360e-01 8.192000e-03 3.867200e-02
42 9.514840e-01 8.364000e-03 4.015200e-02
43 9.498200e-01 8.480000e-03 4.170000e-02
44 9.482880e-01 8.564000e-03 4.314800e-02
45 9.467480e-01 8.524000e-03 4.472800e-02
46 9.451960e-01 8.556000e-03 4.624800e-02
47 9.440360e-01 8.240000e-03 4.772400e-02
48 9.426240e-01 8.192000e-03 4.918400e-02
49 9.411440e-01 8.272000e-03 5.058400e-02
50 9.396400e-01 8.400000e-03 5.196000e-02
51 9.382000e-01 8.348000e-03 5.345200e-02
52 9.366680e-01 8.292000e-03 5.504000e-02
53 9.351400e-01 8.304000e-03 5.655600e-02
54 9.338560e-01 8.136000e-03 5.800800e-02
55 9.323880e-01 8.108000e-03 5.950400e-02
56 9.310240e-01 8.016000e-03 6.096000e-02
57 9.296120e-01 8.044000e-03 6.234400e-02
58 9.280880e-01 8.168000e-03 6.374400e-02
59 9.266120e-01 8.120000e-03 6.526800e-02
60 9.253400e-01 8.116000e-03 6.654400e-02
61 9.237480e-01 8.340000e-03 6.791200e-02
62 9.224160e-01 8.160000e-03 6.942400e-02
63 9.210840e-01 8.108000e-03 7.080800e-02
64 9.197200e-01 8.076000e-03 7.220400e-02
65 9.182920e-01 8.144000e-03 7.356400e-02
66 9.166440e-01 8.436000e-03 7.492000e-02
67 9.151240e-01 8.328000e-03 7.654800e-02
68 9.136160e-01 8.340000e-03 7.804400e-02
69 9.121000e-01 8.428000e-03 7.947200e-02
70 9.106440e-01 8.500000e-03 8.085600e-02
71 9.091920e-01 8.552000e-03 8.225600e-02
72 9.074040e-01 8.844000e-03 8.375200e-02
73 9.057200e-01 8.980000e-03 8.530000e-02
74 9.040120e-01 9.148000e-03 8.684000e-02
75 9.024720e-01 8.992000e-03 8.853600e-02
76 9.008080e-01 8.992000e-03 9.020000e-02
77 8.992920e-01 8.988000e-03 9.172000e-02
78 8.977400e-01 8.948000e-03 9.331200e-02
79 8.961160e-01 9.036000e-03 9.484800e-02
80 8.944800e-01 9.068000e-03 9.645200e-02
81 8.930200e-01 8.988000e-03 9.799200e-02
82 8.913640e-01 9.112000e-03 9.952400e-02
83 8.898760e-01 8.960000e-03 1.011640e-01
84 8.883480e-01 9.072000e-03 1.025800e-01
85 8.869080e-01 8.880000e-03 1.042120e-01
86 8.855280e-01 8.692000e-03 1.057800e-01
87 8.840440e-01 8.652000e-03 1.073040e-01
88 8.826880e-01 8.588000e-03 1.087240e-01
89 8.812760e-01 8.488000e-03 1.102360e-01
90 8.799000e-01 8.412000e-03 1.116880e-01
91 8.785360e-01 8.304000e-03 1.131600e-01
92 8.772000e-01 8.192000e-03 1.146080e-01
93 8.758880e-01 8.132000e-03 1.159800e-01
94 8.745720e-01 7.948000e-03 1.174800e-01
95 8.732480e-01 7.848000e-03 1.189040e-01
96 8.719680e-01 7.796000e-03 1.202360e-01
97 8.708200e-01 7.600000e-03 1.215800e-01
98 8.696080e-01 7.532000e-03 1.228600e-01
99 8.683360e-01 7.456000e-03 1.242080e-01
100 8.671520e-01 7.372000e-03 1.254760e-01
101 8.659960e-01 7.440000e-03 1.265640e-01
102 8.647800e-01 7.360000e-03 1.278600e-01
103 8.634440e-01 7.320000e-03 1.292360e-01
104 8.621240e-01 7.296000e-03 1.305800e-01
105 8.609040e-01 7.200000e-03 1.318960e-01
106 8.596720e-01 7.120000e-03 1.332080e-01
107 8.585800e-01 7.032000e-03 1.343880e-01
108 8.575720e-01 6.828000e-03 1.356000e-01
109 8.564960e-01 6.760000e-03 1.367440e-01
110 8.553600e-01 6.752000e-03 1.378880e-01
111 8.541800e-01 6.768000e-03 1.390520e-01
112 8.531120e-01 6.536000e-03 1.403520e-01
113 8.519720e-01 6.556000e-03 1.414720e-01
114 8.508800e-01 6.480000e-03 1.426400e-01
115 8.498000e-01 6.512000e-03 1.436880e-01
116 8.486240e-01 6.588000e-03 1.447880e-01
117 8.475000e-01 6.592000e-03 1.459080e-01
118 8.464440e-01 6.448000e-03 1.471080e-01
119 8.454040e-01 6.236000e-03 1.483600e-01
120 8.443160e-01 6.248000e-03 1.494360e-01
121 8.433200e-01 6.152000e-03 1.505280e-01
122 8.422520e-01 6.184000e-03 1.515640e-01
123 8.411960e-01 6.212000e-03 1.525920e-01
124 8.402560e-01 6.092000e-03 1.536520e-01
125 8.392280e-01 6.160000e-03 1.546120e-01
126 8.382600e-01 6.092000e-03 1.556480e-01
127 8.371880e-01 6.016000e-03 1.567960e-01
128 8.361840e-01 5.956000e-03 1.578600e-01
129 8.353120e-01 5.800000e-03 1.588880e-01
130 8.345000e-01 5.612000e-03 1.598880e-01
131 8.337080e-01 5.420000e-03 1.608720e-01
132 8.329480e-01 5.264000e-03 1.617880e-01
133 8.322000e-01 5.148000e-03 1.626520e-01
134 8.313280e-01 5.184000e-03 1.634880e-01
135 8.305120e-01 5.088000e-03 1.644000e-01
136 8.297400e-01 4.940000e-03 1.653200e-01
137 8.290880e-01 4.632000e-03 1.662800e-01
138 8.283480e-01 4.484000e-03 1.671680e-01
139 8.275640e-01 4.552000e-03 1.678840e-01
140 8.267480e-01 4.588000e-03 1.686640e-01
141 8.259880e-01 4.476000e-03 1.695360e-01
142 8.251920e-01 4.476000e-03 1.703320e-01
143 8.243680e-01 4.484000e-03 1.711480e-01
144 8.236880e-01 4.428000e-03 1.718840e-01
145 8.228920e-01 4.456000e-03 1.726520e-01
146 8.220800e-01 4.512000e-03 1.734080e-01
147 8.212760e-01 4.524000e-03 1.742000e-01
148 8.204760e-01 4.540000e-03 1.749840e-01
149 8.196840e-01 4.636000e-03 1.756800e-01
150 8.188640e-01 4.604000e-03 1.765320e-01
151 8.180920e-01 4.628000e-03 1.772800e-01
152 8.172040e-01 4.728000e-03 1.780680e-01
153 8.163800e-01 4.768000e-03 1.788520e-01
154 8.156280e-01 4.628000e-03 1.797440e-01
155 8.148520e-01 4.624000e-03 1.805240e-01
156 8.140120e-01 4.624000e-03 1.813640e-01
157 8.131080e-01 4.748000e-03 1.821440e-01
158 8.123640e-01 4.684000e-03 1.829520e-01
159 8.116000e-01 4.660000e-03 1.837400e-01
160 8.109400e-01 4.480000e-03 1.845800e-01
161 8.101840e-01 4.412000e-03 1.854040e-01
162 8.093680e-01 4.324000e-03 1.863080e-01
163 8.085880e-01 4.364000e-03 1.870480e-01
164 8.078120e-01 4.364000e-03 1.878240e-01
165 8.069880e-01 4.452000e-03 1.885600e-01
166 8.062200e-01 4.436000e-03 1.893440e-01
167 8.053800e-01 4.460000e-03 1.901600e-01
168 8.045120e-01 4.552000e-03 1.909360e-01
169 8.037200e-01 4.488000e-03 1.917920e-01
170 8.029360e-01 4.528000e-03 1.925360e-01
171 8.023120e-01 4.288000e-03 1.934000e-01
172 8.016240e-01 4.144000e-03 1.942320e-01
173 8.007440e-01 4.344000e-03 1.949120e-01
174 8.001240e-01 4.140000e-03 1.957360e-01
175 7.994440e-01 4.084000e-03 1.964720e-01
176 7.989320e-01 3.960000e-03 1.971080e-01
177 7.982160e-01 4.016000e-03 1.977680e-01
178 7.975880e-01 3.928000e-03 1.984840e-01
179 7.969120e-01 3.912000e-03 1.991760e-01
180 7.962160e-01 3.932000e-03 1.998520e-01
181 7.955480e-01 3.932000e-03 2.005200e-01
182 7.948120e-01 4.000000e-03 2.011880e-01
183 7.939640e-01 4.080000e-03 2.019560e-01
184 7.931560e-01 4.096000e-03 2.027480e-01
185 7.924000e-01 4.188000e-03 2.034120e-01
186 7.916560e-01 4.180000e-03 2.041640e-01
187 7.908320e-01 4.324000e-03 2.048440e-01
188 7.901440e-01 4.264000e-03 2.055920e-01
189 7.893520e-01 4.300000e-03 2.063480e-01
190 7.886480e-01 4.280000e-03 2.070720e-01
191 7.878280e-01 4.340000e-03 2.078320e-01
192 7.869400e-01 4.428000e-03 2.086320e-01
193 7.861880e-01 4.412000e-03 2.094000e-01
194 7.853760e-01 4.432000e-03 2.101920e-01
195 7.845520e-01 4.516000e-03 2.109320e-01
196 7.837480e-01 4.572000e-03 2.116800e-01
197 7.830080e-01 4.508000e-03 2.124840e-01
198 7.821560e-01 4.648000e-03 2.131960e-01
199 7.812200e-01 4.736000e-03 2.140440e-01
200 7.803000e-01 4.844000e-03 2.148560e-01
201 7.792880e-01 5.040000e-03 2.156720e-01
202 7.783720e-01 4.996000e-03 2.166320e-01
203 7.775560e-01 4.884000e-03 2.175600e-01
204 7.767840e-01 4.808000e-03 2.184080e-01
205 7.758680e-01 4.804000e-03 2.193280e-01
206 7.751240e-01 4.784000e-03 2.200920e-01
207 7.744800e-01 4.532000e-03 2.209880e-01
208 7.737720e-01 4.460000e-03 2.217680e-01
209 7.730240e-01 4.436000e-03 2.225400e-01
210 7.723080e-01 4.448000e-03 2.232440e-01
211 7.716200e-01 4.412000e-03 2.239680e-01
212 7.709040e-01 4.364000e-03 2.247320e-01
213 7.702840e-01 4.100000e-03 2.256160e-01
214 7.696200e-01 4.036000e-03 2.263440e-01
215 7.689040e-01 4.112000e-03 2.269840e-01
216 7.682040e-01 4.104000e-03 2.276920e-01
217 7.674920e-01 4.116000e-03 2.283920e-01
218 7.668920e-01 4.004000e-03 2.291040e-01
219 7.661840e-01 4.032000e-03 2.297840e-01
220 7.654240e-01 4.092000e-03 2.304840e-01
221 7.647560e-01 4.052000e-03 2.311920e-01
222 7.640520e-01 4.016000e-03 2.319320e-01
223 7.634160e-01 3.836000e-03 2.327480e-01
224 7.627760e-01 3.740000e-03 2.334840e-01
225 7.620880e-01 3.712000e-03 2.342000e-01
226 7.614200e-01 3.784000e-03 2.347960e-01
227 7.608680e-01 3.660000e-03 2.354720e-01
228 7.603520e-01 3.560000e-03 2.360880e-01
229 7.597480e-01 3.548000e-03 2.367040e-01
230 7.591640e-01 3.532000e-03 2.373040e-01
231 7.584560e-01 3.608000e-03 2.379360e-01
232 7.578800e-01 3.536000e-03 2.385840e-01
233 7.572640e-01 3.552000e-03 2.391840e-01
234 7.567280e-01 3.476000e-03 2.397960e-01
235 7.562400e-01 3.316000e-03 2.404440e-01
236 7.556240e-01 3.340000e-03 2.410360e-01
237 7.550840e-01 3.292000e-03 2.416240e-01
238 7.544760e-01 3.248000e-03 2.422760e-01
239 7.539520e-01 3.176000e-03 2.428720e-01
240 7.533600e-01 3.240000e-03 2.434000e-01
241 7.527120e-01 3.320000e-03 2.439680e-01
242 7.520560e-01 3.480000e-03 2.444640e-01
243 7.515440e-01 3.420000e-03 2.450360e-01
244 7.509920e-01 3.336000e-03 2.456720e-01
245 7.504120e-01 3.320000e-03 2.462680e-01
246 7.498800e-01 3.284000e-03 2.468360e-01
247 7.493880e-01 3.200000e-03 2.474120e-01
248 7.490000e-01 2.976000e-03 2.480240e-01
249 7.485960e-01 2.956000e-03 2.484480e-01
250 7.481760e-01 2.844000e-03 2.489800e-01
251 7.477520e-01 2.780000e-03 2.494680e-01
252 7.472920e-01 2.800000e-03 2.499080e-01
253 7.468120e-01 2.884000e-03 2.503040e-01
254 7.463240e-01 2.812000e-03 2.508640e-01
255 7.458160e-01 2.820000e-03 2.513640e-01
256 7.453320e-01 2.848000e-03 2.518200e-01
257 7.449560e-01 2.680000e-03 2.523640e-01
258 7.444680e-01 2.668000e-03 2.528640e-01
259 7.440320e-01 2.652000e-03 2.533160e-01
260 7.436080e-01 2.616000e-03 2.537760e-01
261 7.431920e-01 2.608000e-03 2.542000e-01
262 7.427400e-01 2.600000e-03 2.546600e-01
263 7.422000e-01 2.624000e-03 2.551760e-01
264 7.417120e-01 2.680000e-03 2.556080e-01
265 7.412000e-01 2.732000e-03 2.560680e-01
266 7.406840e-01 2.804000e-03 2.565120e-01
267 7.402120e-01 2.796000e-03 2.569920e-01
268 7.397040e-01 2.768000e-03 2.575280e-01
269 7.392360e-01 2.768000e-03 2.579960e-01
270 7.388320e-01 2.684000e-03 2.584840e-01
271 7.385360e-01 2.540000e-03 2.589240e-01
272 7.381080e-01 2.468000e-03 2.594240e-01
273 7.377440e-01 2.392000e-03 2.598640e-01
274 7.373600e-01 2.356000e-03 2.602840e-01
275 7.370080e-01 2.284000e-03 2.607080e-01
276 7.366120e-01 2.252000e-03 2.611360e-01
277 7.362520e-01 2.260000e-03 2.614880e-01
278 7.359040e-01 2.172000e-03 2.619240e-01
279 7.355880e-01 2.124000e-03 2.622880e-01
280 7.352520e-01 2.064000e-03 2.626840e-01
281 7.349720e-01 1.992000e-03 2.630360e-01
282 7.346320e-01 2.004000e-03 2.633640e-01
283 7.343400e-01 2.028000e-03 2.636320e-01
284 7.340200e-01 1.980000e-03 2.640000e-01
285 7.337200e-01 1.968000e-03 2.643120e-01
286 7.333800e-01 1.880000e-03 2.647400e-01
287 7.331240e-01 1.884000e-03 2.649920e-01
288 7.328800e-01 1.808000e-03 2.653120e-01
289 7.326360e-01 1.684000e-03 2.656800e-01
290 7.323960e-01 1.652000e-03 2.659520e-01
291 7.320400e-01 1.764000e-03 2.661960e-01
292 7.317280e-01 1.784000e-03 2.664880e-01
293 7.314280e-01 1.756000e-03 2.668160e-01
294 7.311200e-01 1.784000e-03 2.670960e-01
295 7.307200e-01 1.956000e-03 2.673240e-01
296 7.304080e-01 1.964000e-03 2.676280e-01
297 7.301000e-01 1.940000e-03 2.679600e-01
298 7.297120e-01 1.916000e-03 2.683720e-01
299 7.293760e-01 1.904000e-03 2.687200e-01
300 7.290680e-01 1.924000e-03 2.690080e-01
301 7.287280e-01 1.940000e-03 2.693320e-01
302 7.284280e-01 1.908000e-03 2.696640e-01
303 7.281360e-01 1.900000e-03 2.699640e-01
304 7.278800e-01 1.864000e-03 2.702560e-01
305 7.275520e-01 1.920000e-03 2.705280e-01
306 7.272680e-01 1.864000e-03 2.708680e-01
307 7.269320e-01 1.880000e-03 2.711880e-01
308 7.265960e-01 1.896000e-03 2.715080e-01
309 7.263760e-01 1.788000e-03 2.718360e-01
310 7.261440e-01 1.692000e-03 2.721640e-01
311 7.258520e-01 1.704000e-03 2.724440e-01
312 7.255400e-01 1.776000e-03 2.726840e-01
313 7.252120e-01 1.720000e-03 2.730680e-01
314 7.248640e-01 1.800000e-03 2.733360e-01
315 7.244840e-01 1.880000e-03 2.736360e-01
316 7.241400e-01 1.936000e-03 2.739240e-01
317 7.238080e-01 1.924000e-03 2.742680e-01
318 7.235280e-01 1.908000e-03 2.745640e-01
319 7.232920e-01 1.776000e-03 2.749320e-01
320 7.230360e-01 1.748000e-03 2.752160e-01
321 7.227720e-01 1.728000e-03 2.755000e-01
322 7.224520e-01 1.740000e-03 2.758080e-01
323 7.221200e-01 1.736000e-03 2.761440e-01
324 7.218480e-01 1.724000e-03 2.764280e-01
325 7.215880e-01 1.716000e-03 2.766960e-01
326 7.212160e-01 1.768000e-03 2.770160e-01
327 7.209280e-01 1.764000e-03 2.773080e-01
328 7.205800e-01 1.832000e-03 2.775880e-01
329 7.203280e-01 1.808000e-03 2.778640e-01
330 7.199840e-01 1.832000e-03 2.781840e-01
331 7.196880e-01 1.816000e-03 2.784960e-01
332 7.194080e-01 1.724000e-03 2.788680e-01
333 7.191760e-01 1.700000e-03 2.791240e-01
334 7.189000e-01 1.704000e-03 2.793960e-01
335 7.186480e-01 1.600000e-03 2.797520e-01
336 7.184320e-01 1.492000e-03 2.800760e-01
337 7.182000e-01 1.508000e-03 2.802920e-01
338 7.180440e-01 1.436000e-03 2.805200e-01
339 7.178080e-01 1.408000e-03 2.807840e-01
340 7.175720e-01 1.388000e-03 2.810400e-01
341 7.173960e-01 1.344000e-03 2.812600e-01
342 7.172440e-01 1.256000e-03 2.815000e-01
343 7.170480e-01 1.208000e-03 2.817440e-01
344 7.167720e-01 1.248000e-03 2.819800e-01
345 7.164800e-01 1.288000e-03 2.822320e-01
346 7.161800e-01 1.380000e-03 2.824400e-01
347 7.158920e-01 1.468000e-03 2.826400e-01
348 7.156280e-01 1.508000e-03 2.828640e-01
349 7.153280e-01 1.568000e-03 2.831040e-01
350 7.150800e-01 1.540000e-03 2.833800e-01
351 7.147560e-01 1.616000e-03 2.836280e-01
352 7.144560e-01 1.636000e-03 2.839080e-01
353 7.141520e-01 1.592000e-03 2.842560e-01
354 7.139040e-01 1.604000e-03 2.844920e-01
355 7.135960e-01 1.636000e-03 2.847680e-01
356 7.133200e-01 1.656000e-03 2.850240e-01
357 7.130360e-01 1.628000e-03 2.853360e-01
358 7.127120e-01 1.636000e-03 2.856520e-01
359 7.124000e-01 1.648000e-03 2.859520e-01
360 7.121640e-01 1.608000e-03 2.862280e-01
361 7.119360e-01 1.572000e-03 2.864920e-01
362 7.116480e-01 1.568000e-03 2.867840e-01
363 7.113520e-01 1.588000e-03 2.870600e-01
364 7.110560e-01 1.632000e-03 2.873120e-01
365 7.108440e-01 1.616000e-03 2.875400e-01
366 7.105680e-01 1.612000e-03 2.878200e-01
367 7.103080e-01 1.620000e-03 2.880720e-01
368 7.101200e-01 1.480000e-03 2.884000e-01
369 7.099160e-01 1.360000e-03 2.887240e-01
370 7.096640e-01 1.332000e-03 2.890040e-01
371 7.094960e-01 1.268000e-03 2.892360e-01
372 7.092800e-01 1.260000e-03 2.894600e-01
373 7.090520e-01 1.276000e-03 2.896720e-01
374 7.088720e-01 1.272000e-03 2.898560e-01
375 7.087040e-01 1.244000e-03 2.900520e-01
376 7.085440e-01 1.172000e-03 2.902840e-01
377 7.084080e-01 1.136000e-03 2.904560e-01
378 7.082680e-01 1.044000e-03 2.906880e-01
379 7.080880e-01 1.048000e-03 2.908640e-01
380 7.079640e-01 1.052000e-03 2.909840e-01
381 7.078360e-01 1.012000e-03 2.911520e-01
382 7.077240e-01 9.880000e-04 2.912880e-01
383 7.075920e-01 9.320000e-04 2.914760e-01
384 7.075080e-01 8.120000e-04 2.916800e-01
385 7.074000e-01 8.000000e-04 2.918000e-01
386 7.072920e-01 7.560000e-04 2.919520e-01
387 7.071200e-01 7.960000e-04 2.920840e-01
388 7.070200e-01 7.280000e-04 2.922520e-01
389 7.069000e-01 7.280000e-04 2.923720e-01
390 7.067600e-01 7.360000e-04 2.925040e-01
391 7.066360e-01 7.240000e-04 2.926400e-01
392 7.064960e-01 7.480000e-04 2.927560e-01
393 7.063560e-01 7.800000e-04 2.928640e-01
394 7.062120e-01 7.560000e-04 2.930320e-01
395 7.060720e-01 7.680000e-04 2.931600e-01
396 7.058840e-01 7.760000e-04 2.933400e-01
397 7.057600e-01 7.320000e-04 2.935080e-01
398 7.056560e-01 6.480000e-04 2.936960e-01
399 7.055200e-01 6.320000e-04 2.938480e-01
400 7.053880e-01 6.720000e-04 2.939400e-01
401 7.052840e-01 6.400000e-04 2.940760e-01
402 7.051720e-01 6.640000e-04 2.941640e-01
403 7.050600e-01 6.360000e-04 2.943040e-01
404 7.049240e-01 6.600000e-04 2.944160e-01
405 7.047880e-01 6.680000e-04 2.945440e-01
406 7.046800e-01 6.880000e-04 2.946320e-01
407 7.045360e-01 7.280000e-04 2.947360e-01
408 7.044160e-01 7.160000e-04 2.948680e-01
409 7.043160e-01 7.200000e-04 2.949640e-01
410 7.042160e-01 7.080000e-04 2.950760e-01
411 7.040840e-01 7.080000e-04 2.952080e-01
412 7.039400e-01 7.200000e-04 2.953400e-01
413 7.037960e-01 7.000000e-04 2.955040e-01
414 7.036400e-01 7.200000e-04 2.956400e-01
415 7.035160e-01 7.120000e-04 2.957720e-01
416 7.033920e-01 7.040000e-04 2.959040e-01
417 7.032520e-01 7.200000e-04 2.960280e-01
418 7.031600e-01 7.120000e-04 2.961280e-01
419 7.030240e-01 7.000000e-04 2.962760e-01
420 7.028960e-01 7.160000e-04 2.963880e-01
421 7.027440e-01 7.400000e-04 2.965160e-01
422 7.026120e-01 7.360000e-04 2.966520e-01
423 7.024400e-01 7.440000e-04 2.968160e-01
424 7.022760e-01 7.960000e-04 2.969280e-01
425 7.021440e-01 8.120000e-04 2.970440e-01
426 7.020240e-01 7.960000e-04 2.971800e-01
427 7.018920e-01 7.840000e-04 2.973240e-01
428 7.018120e-01 7.280000e-04 2.974600e-01
429 7.017080e-01 6.960000e-04 2.975960e-01
430 7.016640e-01 6.520000e-04 2.976840e-01
431 7.015920e-01 5.920000e-04 2.978160e-01
432 7.015120e-01 5.760000e-04 2.979120e-01
433 7.014040e-01 6.040000e-04 2.979920e-01
434 7.013200e-01 5.720000e-04 2.981080e-01
435 7.012080e-01 5.760000e-04 2.982160e-01
436 7.011080e-01 5.800000e-04 2.983120e-01
437 7.010480e-01 5.560000e-04 2.983960e-01
438 7.009360e-01 5.880000e-04 2.984760e-01
439 7.008360e-01 5.960000e-04 2.985680e-01
440 7.007520e-01 5.600000e-04 2.986880e-01
441 7.006960e-01 5.480000e-04 2.987560e-01
442 7.006080e-01 5.760000e-04 2.988160e-01
443 7.004920e-01 5.760000e-04 2.989320e-01
444 7.003800e-01 6.080000e-04 2.990120e-01
445 7.002720e-01 6.160000e-04 2.991120e-01
446 7.002040e-01 5.920000e-04 2.992040e-01
447 7.001520e-01 5.600000e-04 2.992880e-01
448 7.000880e-01 5.440000e-04 2.993680e-01
449 6.999800e-01 5.440000e-04 2.994760e-01
450 6.998440e-01 6.160000e-04 2.995400e-01
451 6.997520e-01 6.000000e-04 2.996480e-01
452 6.996360e-01 5.880000e-04 2.997760e-01
453 6.995360e-01 5.920000e-04 2.998720e-01
454 6.994640e-01 5.560000e-04 2.999800e-01
455 6.993160e-01 6.080000e-04 3.000760e-01
456 6.991760e-01 6.520000e-04 3.001720e-01
457 6.990120e-01 7.320000e-04 3.002560e-01
458 6.988080e-01 7.720000e-04 3.004200e-01
459 6.986520e-01 8.040000e-04 3.005440e-01
460 6.985240e-01 8.040000e-04 3.006720e-01
461 6.984280e-01 7.720000e-04 3.008000e-01
462 6.983440e-01 7.240000e-04 3.009320e-01
463 6.982600e-01 6.840000e-04 3.010560e-01
464 6.981160e-01 6.960000e-04 3.011880e-01
465 6.979880e-01 7.080000e-04 3.013040e-01
466 6.978800e-01 6.880000e-04 3.014320e-01
467 6.977680e-01 6.560000e-04 3.015760e-01
468 6.976600e-01 6.560000e-04 3.016840e-01
469 6.975640e-01 6.160000e-04 3.018200e-01
470 6.974960e-01 5.720000e-04 3.019320e-01
471 6.974560e-01 5.200000e-04 3.020240e-01
472 6.973720e-01 5.240000e-04 3.021040e-01
473 6.973160e-01 4.680000e-04 3.022160e-01
474 6.972480e-01 4.440000e-04 3.023080e-01
475 6.972080e-01 4.120000e-04 3.023800e-01
476 6.971520e-01 3.760000e-04 3.024720e-01
477 6.970880e-01 3.680000e-04 3.025440e-01
478 6.970560e-01 3.480000e-04 3.025960e-01
479 6.970200e-01 3.120000e-04 3.026680e-01
480 6.970000e-01 2.800000e-04 3.027200e-01
481 6.969800e-01 2.520000e-04 3.027680e-01
482 6.969440e-01 2.400000e-04 3.028160e-01
483 6.969040e-01 2.480000e-04 3.028480e-01
484 6.968600e-01 2.560000e-04 3.028840e-01
485 6.967840e-01 3.000000e-04 3.029160e-01
486 6.967160e-01 3.320000e-04 3.029520e-01
487 6.966280e-01 3.600000e-04 3.030120e-01
488 6.965760e-01 3.200000e-04 3.031040e-01
489 6.965200e-01 3.200000e-04 3.031600e-01
490 6.964400e-01 3.320000e-04 3.032280e-01
491 6.963440e-01 3.600000e-04 3.032960e-01
492 6.962160e-01 4.080000e-04 3.033760e-01
493 6.961360e-01 4.400000e-04 3.034240e-01
494 6.960440e-01 4.360000e-04 3.035200e-01
495 6.959800e-01 4.040000e-04 3.036160e-01
496 6.958720e-01 4.160000e-04 3.037120e-01
497 6.957720e-01 4.320000e-04 3.037960e-01
498 6.956840e-01 4.520000e-04 3.038640e-01
499 6.956040e-01 4.480000e-04 3.039480e-01
500 6.955120e-01 4.560000e-04 3.040320e-01
