1 9.991840e-01 7.200000e-04 9.600000e-05
2 9.986720e-01 1.056000e-03 2.720000e-04
3 9.980960e-01 1.424000e-03 4.800000e-04
4 9.974320e-01 1.772000e-03 7.960000e-04
5 9.966520e-01 2.220000e-03 1.128000e-03
6 9.958520e-01 2.576000e-03 1.572000e-03
7 9.950560e-01 2.868000e-03 2.076000e-03
8 9.941520e-01 3.212000e-03 2.636000e-03
9 9.931920e-01 3.512000e-03 3.296000e-03
10 9.921960e-01 3.824000e-03 3.980000e-03
11 9.911560e-01 4.140000e-03 4.704000e-03
12 9.900720e-01 4.480000e-03 5.448000e-03
13 9.889120e-01 4.880000e-03 6.208000e-03
14 9.877000e-01 5.168000e-03 7.132000e-03
15 9.863400e-01 5.576000e-03 8.084000e-03
16 9.850840e-01 5.824000e-03 9.092000e-03
17 9.837720e-01 6.108000e-03 1.012000e-02
18 9.824200e-01 6.388000e-03 1.119200e-02
19 9.809960e-01 6.720000e-03 1.228400e-02
20 9.793320e-01 7.252000e-03 1.341600e-02
21 9.779920e-01 7.356000e-03 1.465200e-02
22 9.767120e-01 7.352000e-03 1.593600e-02
23 9.752240e-01 7.600000e-03 1.717600e-02
24 9.738680e-01 7.692000e-03 1.844000e-02
25 9.722440e-01 8.060000e-03 1.969600e-02
26 9.707600e-01 8.164000e-03 2.107600e-02
27 9.693320e-01 8.184000e-03 2.248400e-02
28 9.677520e-01 8.268000e-03 2.398000e-02
29 9.663920e-01 8.272000e-03 2.533600e-02
30 9.649000e-01 8.360000e-03 2.674000e-02
31 9.634040e-01 8.404000e-03 2.819200e-02
32 9.618160e-01 8.392000e-03 2.979200e-02
33 9.602680e-01 8.532000e-03 3.120000e-02
34 9.588480e-01 8.476000e-03 3.267600e-02
35 9.572800e-01 8.592000e-03 3.412800e-02
36 9.557000e-01 8.676000e-03 3.562400e-02
37 9.543640e-01 8.564000e-03 3.707200e-02
38 9.528920e-01 8.560000e-03 3.854800e-02
39 9.515840e-01 8.452000e-03 3.996400e-02
40 9.501560e-01 8.384000e-03 4.146000e-02
41 9.486080e-01 8.552000e-03 4.284000e-02
42 9.470760e-01 8.604000e-03 4.432000e-02
43 9.453160e-01 8.772000e-03 4.591200e-02
44 9.438000e-01 8.812000e-03 4.738800e-02
45 9.421880e-01 8.972000e-03 4.884000e-02
46 9.405760e-01 8.956000e-03 5.046800e-02
47 9.391200e-01 8.856000e-03 5.202400e-02
48 9.374680e-01 8.832000e-03 5.370000e-02
49 9.359600e-01 8.736000e-03 5.530400e-02
50 9.343040e-01 8.812000e-03 5.688400e-02
51 9.325720e-01 9.104000e-03 5.832400e-02
52 9.308600e-01 9.108000e-03 6.003200e-02
53 9.291520e-01 9.252000e-03 6.159600e-02
54 9.273120e-01 9.472000e-03 6.321600e-02
55 9.256560e-01 9.328000e-03 6.501600e-02
56 9.240480e-01 9.276000e-03 6.667600e-02
57 9.221360e-01 9.500000e-03 6.836400e-02
58 9.203160e-01 9.544000e-03 7.014000e-02
59 9.184800e-01 9.824000e-03 7.169600e-02
60 9.166920e-01 9.916000e-03 7.339200e-02
61 9.149120e-01 1.006800e-02 7.502000e-02
62 9.132720e-01 9.920000e-03 7.680800e-02
63 9.115920e-01 9.876000e-03 7.853200e-02
64 9.097680e-01 9.988000e-03 8.024400e-02
65 9.080520e-01 9.936000e-03 8.201200e-02
66 9.064080e-01 9.952000e-03 8.364000e-02
67 9.045560e-01 1.014000e-02 8.530400e-02
68 9.028720e-01 9.924000e-03 8.720400e-02
69 9.011400e-01 9.868000e-03 8.899200e-02
70 8.994160e-01 9.840000e-03 9.074400e-02
71 8.976440e-01 9.892000e-03 9.246400e-02
72 8.960680e-01 9.724000e-03 9.420800e-02
73 8.944920e-01 9.572000e-03 9.593600e-02
74 8.926560e-01 9.780000e-03 9.756400e-02
75 8.908960e-01 9.700000e-03 9.940400e-02
76 8.892720e-01 9.604000e-03 1.011240e-01
77 8.877360e-01 9.488000e-03 1.027760e-01
78 8.860560e-01 9.416000e-03 1.045280e-01
79 8.845720e-01 9.328000e-03 1.061000e-01
80 8.831360e-01 9.068000e-03 1.077960e-01
81 8.815240e-01 9.068000e-03 1.094080e-01
82 8.799000e-01 9.048000e-03 1.110520e-01
83 8.783440e-01 9.012000e-03 1.126440e-01
84 8.767000e-01 9.096000e-03 1.142040e-01
85 8.750920e-01 9.176000e-03 1.157320e-01
86 8.736440e-01 9.068000e-03 1.172880e-01
87 8.720160e-01 9.156000e-03 1.188280e-01
88 8.704600e-01 9.004000e-03 1.205360e-01
89 8.690720e-01 8.808000e-03 1.221200e-01
90 8.677880e-01 8.568000e-03 1.236440e-01
91 8.663160e-01 8.664000e-03 1.250200e-01
92 8.649080e-01 8.608000e-03 1.264840e-01
93 8.634680e-01 8.488000e-03 1.280440e-01
94 8.621760e-01 8.260000e-03 1.295640e-01
95 8.606920e-01 8.248000e-03 1.310600e-01
96 8.593640e-01 8.112000e-03 1.325240e-01
97 8.581320e-01 7.856000e-03 1.340120e-01
98 8.567560e-01 7.920000e-03 1.353240e-01
99 8.553200e-01 7.988000e-03 1.366920e-01
100 8.539880e-01 7.980000e-03 1.380320e-01
101 8.525960e-01 7.984000e-03 1.394200e-01
102 8.512560e-01 7.888000e-03 1.408560e-01
103 8.497880e-01 8.064000e-03 1.421480e-01
104 8.483440e-01 8.084000e-03 1.435720e-01
105 8.469080e-01 8.056000e-03 1.450360e-01
106 8.456320e-01 7.976000e-03 1.463920e-01
107 8.442280e-01 8.080000e-03 1.476920e-01
108 8.427240e-01 8.144000e-03 1.491320e-01
109 8.411840e-01 8.256000e-03 1.505600e-01
110 8.397360e-01 8.240000e-03 1.520240e-01
111 8.381760e-01 8.304000e-03 1.535200e-01
112 8.367400e-01 8.088000e-03 1.551720e-01
113 8.353880e-01 8.068000e-03 1.565440e-01
114 8.339440e-01 8.220000e-03 1.578360e-01
115 8.323000e-01 8.364000e-03 1.593360e-01
116 8.306840e-01 8.472000e-03 1.608440e-01
117 8.292720e-01 8.424000e-03 1.623040e-01
118 8.279000e-01 8.380000e-03 1.637200e-01
119 8.264640e-01 8.260000e-03 1.652760e-01
120 8.250720e-01 8.276000e-03 1.666520e-01
121 8.237400e-01 7.992000e-03 1.682680e-01
122 8.224080e-01 7.960000e-03 1.696320e-01
123 8.211320e-01 7.892000e-03 1.709760e-01
124 8.198840e-01 7.732000e-03 1.723840e-01
125 8.185600e-01 7.624000e-03 1.738160e-01
126 8.172560e-01 7.740000e-03 1.750040e-01
127 8.159040e-01 7.700000e-03 1.763960e-01
128 8.146800e-01 7.648000e-03 1.776720e-01
129 8.133920e-01 7.588000e-03 1.790200e-01
130 8.120800e-01 7.596000e-03 1.803240e-01
131 8.108680e-01 7.440000e-03 1.816920e-01
132 8.096160e-01 7.444000e-03 1.829400e-01
133 8.083680e-01 7.456000e-03 1.841760e-01
134 8.072280e-01 7.272000e-03 1.855000e-01
135 8.059360e-01 7.292000e-03 1.867720e-01
136 8.047920e-01 7.172000e-03 1.880360e-01
137 8.034560e-01 7.256000e-03 1.892880e-01
138 8.020480e-01 7.308000e-03 1.906440e-01
139 8.005960e-01 7.496000e-03 1.919080e-01
140 7.992560e-01 7.544000e-03 1.932000e-01
141 7.977320e-01 7.692000e-03 1.945760e-01
142 7.963560e-01 7.676000e-03 1.959680e-01
143 7.949080e-01 7.800000e-03 1.972920e-01
144 7.934080e-01 7.844000e-03 1.987480e-01
145 7.920680e-01 7.804000e-03 2.001280e-01
146 7.906720e-01 7.808000e-03 2.015200e-01
147 7.893320e-01 7.828000e-03 2.028400e-01
148 7.880360e-01 7.816000e-03 2.041480e-01
149 7.867320e-01 7.844000e-03 2.054240e-01
150 7.854240e-01 7.880000e-03 2.066960e-01
151 7.841280e-01 7.840000e-03 2.080320e-01
152 7.828200e-01 7.856000e-03 2.093240e-01
153 7.815640e-01 7.836000e-03 2.106000e-01
154 7.801720e-01 7.892000e-03 2.119360e-01
155 7.787800e-01 7.960000e-03 2.132600e-01
156 7.774360e-01 7.916000e-03 2.146480e-01
157 7.760880e-01 7.980000e-03 2.159320e-01
158 7.747640e-01 7.768000e-03 2.174680e-01
159 7.732560e-01 7.932000e-03 2.188120e-01
160 7.720200e-01 7.772000e-03 2.202080e-01
161 7.708120e-01 7.660000e-03 2.215280e-01
162 7.696960e-01 7.488000e-03 2.228160e-01
163 7.685200e-01 7.300000e-03 2.241800e-01
164 7.674200e-01 7.108000e-03 2.254720e-01
165 7.663280e-01 7.028000e-03 2.266440e-01
166 7.653000e-01 6.792000e-03 2.279080e-01
167 7.641800e-01 6.784000e-03 2.290360e-01
168 7.631000e-01 6.700000e-03 2.302000e-01
169 7.620400e-01 6.684000e-03 2.312760e-01
170 7.610160e-01 6.544000e-03 2.324400e-01
171 7.600080e-01 6.488000e-03 2.335040e-01
172 7.589680e-01 6.320000e-03 2.347120e-01
173 7.580640e-01 6.124000e-03 2.358120e-01
174 7.571560e-01 6.012000e-03 2.368320e-01
175 7.561880e-01 6.004000e-03 2.378080e-01
176 7.554200e-01 5.760000e-03 2.388200e-01
177 7.545080e-01 5.664000e-03 2.398280e-01
178 7.536000e-01 5.672000e-03 2.407280e-01
179 7.527480e-01 5.560000e-03 2.416920e-01
180 7.518440e-01 5.564000e-03 2.425920e-01
181 7.510080e-01 5.524000e-03 2.434680e-01
182 7.502040e-01 5.420000e-03 2.443760e-01
183 7.492720e-01 5.296000e-03 2.454320e-01
184 7.482880e-01 5.352000e-03 2.463600e-01
185 7.473040e-01 5.444000e-03 2.472520e-01
186 7.463520e-01 5.388000e-03 2.482600e-01
187 7.454120e-01 5.388000e-03 2.492000e-01
188 7.444520e-01 5.336000e-03 2.502120e-01
189 7.435080e-01 5.444000e-03 2.510480e-01
190 7.424120e-01 5.652000e-03 2.519360e-01
191 7.414400e-01 5.732000e-03 2.528280e-01
192 7.405960e-01 5.564000e-03 2.538400e-01
193 7.396160e-01 5.612000e-03 2.547720e-01
194 7.386360e-01 5.528000e-03 2.558360e-01
195 7.376920e-01 5.432000e-03 2.568760e-01
196 7.366640e-01 5.516000e-03 2.578200e-01
197 7.356400e-01 5.612000e-03 2.587480e-01
198 7.346960e-01 5.672000e-03 2.596320e-01
199 7.336880e-01 5.676000e-03 2.606360e-01
200 7.327440e-01 5.684000e-03 2.615720e-01
201 7.318160e-01 5.532000e-03 2.626520e-01
202 7.308680e-01 5.492000e-03 2.636400e-01
203 7.297920e-01 5.604000e-03 2.646040e-01
204 7.288720e-01 5.512000e-03 2.656160e-01
205 7.278480e-01 5.536000e-03 2.666160e-01
206 7.268880e-01 5.620000e-03 2.674920e-01
207 7.259920e-01 5.536000e-03 2.684720e-01
208 7.249680e-01 5.560000e-03 2.694720e-01
209 7.240440e-01 5.440000e-03 2.705160e-01
210 7.230760e-01 5.460000e-03 2.714640e-01
211 7.221840e-01 5.372000e-03 2.724440e-01
212 7.212640e-01 5.388000e-03 2.733480e-01
213 7.203760e-01 5.376000e-03 2.742480e-01
214 7.194680e-01 5.340000e-03 2.751920e-01
215 7.186280e-01 5.316000e-03 2.760560e-01
216 7.177200e-01 5.264000e-03 2.770160e-01
217 7.168120e-01 5.332000e-03 2.778560e-01
218 7.158560e-01 5.312000e-03 2.788320e-01
219 7.148720e-01 5.364000e-03 2.797640e-01
220 7.139320e-01 5.416000e-03 2.806520e-01
221 7.130840e-01 5.280000e-03 2.816360e-01
222 7.121480e-01 5.212000e-03 2.826400e-01
223 7.113360e-01 5.132000e-03 2.835320e-01
224 7.104120e-01 5.116000e-03 2.844720e-01
225 7.096080e-01 4.972000e-03 2.854200e-01
226 7.087760e-01 5.000000e-03 2.862240e-01
227 7.078880e-01 5.000000e-03 2.871120e-01
228 7.070200e-01 4.936000e-03 2.880440e-01
229 7.061080e-01 4.968000e-03 2.889240e-01
230 7.053280e-01 4.900000e-03 2.897720e-01
231 7.045280e-01 4.776000e-03 2.906960e-01
232 7.038800e-01 4.584000e-03 2.915360e-01
233 7.031280e-01 4.596000e-03 2.922760e-01
234 7.024000e-01 4.604000e-03 2.929960e-01
235 7.016640e-01 4.524000e-03 2.938120e-01
236 7.009640e-01 4.460000e-03 2.945760e-01
237 7.003160e-01 4.288000e-03 2.953960e-01
238 6.996680e-01 4.104000e-03 2.962280e-01
239 6.990360e-01 3.968000e-03 2.969960e-01
240 6.982640e-01 4.100000e-03 2.976360e-01
241 6.975760e-01 4.024000e-03 2.984000e-01
242 6.969040e-01 3.904000e-03 2.991920e-01
243 6.962240e-01 3.828000e-03 2.999480e-01
244 6.956320e-01 3.764000e-03 3.006040e-01
245 6.949600e-01 3.848000e-03 3.011920e-01
246 6.942840e-01 3.752000e-03 3.019640e-01
247 6.936160e-01 3.784000e-03 3.026000e-01
248 6.928240e-01 3.952000e-03 3.032240e-01
249 6.921200e-01 3.968000e-03 3.039120e-01
250 6.913720e-01 3.996000e-03 3.046320e-01
251 6.908840e-01 3.748000e-03 3.053680e-01
252 6.903320e-01 3.524000e-03 3.061440e-01
253 6.898720e-01 3.324000e-03 3.068040e-01
254 6.893160e-01 3.348000e-03 3.073360e-01
255 6.887480e-01 3.312000e-03 3.079400e-01
256 6.882280e-01 3.180000e-03 3.085920e-01
257 6.875960e-01 3.284000e-03 3.091200e-01
258 6.870440e-01 3.248000e-03 3.097080e-01
259 6.863600e-01 3.424000e-03 3.102160e-01
260 6.856480e-01 3.616000e-03 3.107360e-01
261 6.850080e-01 3.588000e-03 3.114040e-01
262 6.844320e-01 3.604000e-03 3.119640e-01
263 6.838800e-01 3.556000e-03 3.125640e-01
264 6.832680e-01 3.572000e-03 3.131600e-01
265 6.825600e-01 3.632000e-03 3.138080e-01
266 6.819640e-01 3.560000e-03 3.144760e-01
267 6.813760e-01 3.564000e-03 3.150600e-01
268 6.807520e-01 3.648000e-03 3.156000e-01
269 6.800680e-01 3.788000e-03 3.161440e-01
270 6.794520e-01 3.724000e-03 3.168240e-01
271 6.788080e-01 3.668000e-03 3.175240e-01
272 6.781280e-01 3.728000e-03 3.181440e-01
273 6.773760e-01 3.844000e-03 3.187800e-01
274 6.767280e-01 3.836000e-03 3.194360e-01
275 6.761320e-01 3.668000e-03 3.202000e-01
276 6.755400e-01 3.660000e-03 3.208000e-01
277 6.750760e-01 3.504000e-03 3.214200e-01
278 6.744920e-01 3.520000e-03 3.219880e-01
279 6.738920e-01 3.508000e-03 3.226000e-01
280 6.733080e-01 3.416000e-03 3.232760e-01
281 6.726440e-01 3.520000e-03 3.238360e-01
282 6.721720e-01 3.396000e-03 3.244320e-01
283 6.717040e-01 3.288000e-03 3.250080e-01
284 6.712200e-01 3.228000e-03 3.255520e-01
285 6.706360e-01 3.216000e-03 3.261480e-01
286 6.701240e-01 3.148000e-03 3.267280e-01
287 6.696280e-01 3.164000e-03 3.272080e-01
288 6.691160e-01 3.136000e-03 3.277480e-01
289 6.686160e-01 3.060000e-03 3.283240e-01
290 6.681160e-01 3.020000e-03 3.288640e-01
291 6.675200e-01 3.092000e-03 3.293880e-01
292 6.670360e-01 3.024000e-03 3.299400e-01
293 6.665560e-01 3.000000e-03 3.304440e-01
294 6.660680e-01 2.912000e-03 3.310200e-01
295 6.655840e-01 2.904000e-03 3.315120e-01
296 6.650840e-01 2.888000e-03 3.320280e-01
297 6.645880e-01 2.896000e-03 3.325160e-01
298 6.641720e-01 2.744000e-03 3.330840e-01
299 6.637400e-01 2.668000e-03 3.335920e-01
300 6.631800e-01 2.732000e-03 3.340880e-01
301 6.627520e-01 2.656000e-03 3.345920e-01
302 6.623200e-01 2.640000e-03 3.350400e-01
303 6.618000e-01 2.704000e-03 3.354960e-01
304 6.613160e-01 2.740000e-03 3.359440e-01
305 6.608600e-01 2.676000e-03 3.364640e-01
306 6.603960e-01 2.628000e-03 3.369760e-01
307 6.599840e-01 2.596000e-03 3.374200e-01
308 6.595720e-01 2.608000e-03 3.378200e-01
309 6.591920e-01 2.576000e-03 3.382320e-01
310 6.587960e-01 2.496000e-03 3.387080e-01
311 6.584040e-01 2.480000e-03 3.391160e-01
312 6.580200e-01 2.424000e-03 3.395560e-01
313 6.575520e-01 2.468000e-03 3.399800e-01
314 6.570880e-01 2.540000e-03 3.403720e-01
315 6.567160e-01 2.532000e-03 3.407520e-01
316 6.562720e-01 2.504000e-03 3.412240e-01
317 6.557960e-01 2.600000e-03 3.416040e-01
318 6.553800e-01 2.556000e-03 3.420640e-01
319 6.549600e-01 2.536000e-03 3.425040e-01
320 6.544640e-01 2.592000e-03 3.429440e-01
321 6.540040e-01 2.624000e-03 3.433720e-01
322 6.535600e-01 2.612000e-03 3.438280e-01
323 6.531440e-01 2.576000e-03 3.442800e-01
324 6.528360e-01 2.392000e-03 3.447720e-01
325 6.524440e-01 2.292000e-03 3.452640e-01
326 6.520880e-01 2.220000e-03 3.456920e-01
327 6.517800e-01 2.128000e-03 3.460920e-01
328 6.514840e-01 2.068000e-03 3.464480e-01
329 6.511520e-01 2.012000e-03 3.468360e-01
330 6.508440e-01 1.952000e-03 3.472040e-01
331 6.505600e-01 1.920000e-03 3.475200e-01
332 6.502480e-01 1.908000e-03 3.478440e-01
333 6.499680e-01 1.872000e-03 3.481600e-01
334 6.496960e-01 1.876000e-03 3.484280e-01
335 6.493920e-01 1.784000e-03 3.488240e-01
336 6.490440e-01 1.828000e-03 3.491280e-01
337 6.486520e-01 1.896000e-03 3.494520e-01
338 6.483440e-01 1.908000e-03 3.497480e-01
339 6.479560e-01 1.888000e-03 3.501560e-01
340 6.476520e-01 1.840000e-03 3.505080e-01
341 6.473760e-01 1.752000e-03 3.508720e-01
342 6.470400e-01 1.716000e-03 3.512440e-01
343 6.467120e-01 1.736000e-03 3.515520e-01
344 6.463520e-01 1.816000e-03 3.518320e-01
345 6.460160e-01 1.876000e-03 3.521080e-01
346 6.457320e-01 1.808000e-03 3.524600e-01
347 6.453240e-01 1.904000e-03 3.527720e-01
348 6.449920e-01 1.848000e-03 3.531600e-01
349 6.447080e-01 1.868000e-03 3.534240e-01
350 6.443160e-01 2.012000e-03 3.536720e-01
351 6.439280e-01 2.060000e-03 3.540120e-01
352 6.435200e-01 2.104000e-03 3.543760e-01
353 6.431680e-01 2.136000e-03 3.546960e-01
354 6.428920e-01 2.072000e-03 3.550360e-01
355 6.426000e-01 1.988000e-03 3.554120e-01
356 6.422120e-01 2.032000e-03 3.557560e-01
357 6.418680e-01 2.004000e-03 3.561280e-01
358 6.415880e-01 1.936000e-03 3.564760e-01
359 6.412200e-01 1.952000e-03 3.568280e-01
360 6.409040e-01 2.020000e-03 3.570760e-01
361 6.405440e-01 2.040000e-03 3.574160e-01
362 6.402080e-01 1.976000e-03 3.578160e-01
363 6.398760e-01 1.956000e-03 3.581680e-01
364 6.395840e-01 1.884000e-03 3.585320e-01
365 6.393640e-01 1.796000e-03 3.588400e-01
366 6.391400e-01 1.764000e-03 3.590960e-01
367 6.389480e-01 1.700000e-03 3.593520e-01
368 6.386880e-01 1.708000e-03 3.596040e-01
369 6.384040e-01 1.724000e-03 3.598720e-01
370 6.381720e-01 1.692000e-03 3.601360e-01
371 6.379080e-01 1.696000e-03 3.603960e-01
372 6.376800e-01 1.644000e-03 3.606760e-01
373 6.374120e-01 1.708000e-03 3.608800e-01
374 6.371520e-01 1.656000e-03 3.611920e-01
375 6.368840e-01 1.592000e-03 3.615240e-01
376 6.366560e-01 1.524000e-03 3.618200e-01
377 6.364200e-01 1.492000e-03 3.620880e-01
378 6.361760e-01 1.432000e-03 3.623920e-01
379 6.359040e-01 1.440000e-03 3.626560e-01
380 6.356800e-01 1.404000e-03 3.629160e-01
381 6.354440e-01 1.448000e-03 3.631080e-01
382 6.351440e-01 1.472000e-03 3.633840e-01
383 6.348960e-01 1.488000e-03 3.636160e-01
384 6.346280e-01 1.492000e-03 3.638800e-01
385 6.343720e-01 1.524000e-03 3.641040e-01
386 6.340840e-01 1.556000e-03 3.643600e-01
387 6.337920e-01 1.568000e-03 3.646400e-01
388 6.335520e-01 1.556000e-03 3.648920e-01
389 6.333720e-01 1.476000e-03 3.651520e-01
390 6.331160e-01 1.488000e-03 3.653960e-01
391 6.328640e-01 1.424000e-03 3.657120e-01
392 6.326080e-01 1.424000e-03 3.659680e-01
393 6.324360e-01 1.368000e-03 3.661960e-01
394 6.322280e-01 1.372000e-03 3.664000e-01
395 6.319760e-01 1.336000e-03 3.666880e-01
396 6.316800e-01 1.392000e-03 3.669280e-01
397 6.314360e-01 1.372000e-03 3.671920e-01
398 6.311520e-01 1.364000e-03 3.674840e-01
399 6.309040e-01 1.356000e-03 3.677400e-01
400 6.306800e-01 1.380000e-03 3.679400e-01
401 6.304520e-01 1.428000e-03 3.681200e-01
402 6.301200e-01 1.520000e-03 3.683600e-01
403 6.298800e-01 1.476000e-03 3.686440e-01
404 6.296520e-01 1.452000e-03 3.688960e-01
405 6.294080e-01 1.464000e-03 3.691280e-01
406 6.291800e-01 1.512000e-03 3.693080e-01
407 6.289280e-01 1.476000e-03 3.695960e-01
408 6.286800e-01 1.452000e-03 3.698680e-01
409 6.284280e-01 1.520000e-03 3.700520e-01
410 6.281960e-01 1.484000e-03 3.703200e-01
411 6.279800e-01 1.424000e-03 3.705960e-01
412 6.277120e-01 1.440000e-03 3.708480e-01
413 6.274760e-01 1.420000e-03 3.711040e-01
414 6.272400e-01 1.388000e-03 3.713720e-01
415 6.269520e-01 1.400000e-03 3.716480e-01
416 6.266640e-01 1.448000e-03 3.718880e-01
417 6.264200e-01 1.464000e-03 3.721160e-01
418 6.261800e-01 1.464000e-03 3.723560e-01
419 6.258880e-01 1.460000e-03 3.726520e-01
420 6.256560e-01 1.396000e-03 3.729480e-01
421 6.254240e-01 1.376000e-03 3.732000e-01
422 6.251680e-01 1.356000e-03 3.734760e-01
423 6.248840e-01 1.360000e-03 3.737560e-01
424 6.246280e-01 1.384000e-03 3.739880e-01
425 6.244320e-01 1.360000e-03 3.742080e-01
426 6.242160e-01 1.328000e-03 3.744560e-01
427 6.240440e-01 1.296000e-03 3.746600e-01
428 6.238720e-01 1.260000e-03 3.748680e-01
429 6.236960e-01 1.264000e-03 3.750400e-01
430 6.235160e-01 1.196000e-03 3.752880e-01
431 6.233240e-01 1.204000e-03 3.754720e-01
432 6.231080e-01 1.220000e-03 3.756720e-01
433 6.229360e-01 1.132000e-03 3.759320e-01
434 6.227280e-01 1.160000e-03 3.761120e-01
435 6.225720e-01 1.128000e-03 3.763000e-01
436 6.224280e-01 1.040000e-03 3.765320e-01
437 6.223320e-01 9.600000e-04 3.767080e-01
438 6.221880e-01 9.440000e-04 3.768680e-01
439 6.219960e-01 9.360000e-04 3.770680e-01
440 6.218640e-01 8.920000e-04 3.772440e-01
441 6.217240e-01 8.640000e-04 3.774120e-01
442 6.215680e-01 8.560000e-04 3.775760e-01
443 6.214360e-01 8.400000e-04 3.777240e-01
444 6.213320e-01 8.080000e-04 3.778600e-01
445 6.211640e-01 8.720000e-04 3.779640e-01
446 6.210040e-01 8.600000e-04 3.781360e-01
447 6.208160e-01 9.000000e-04 3.782840e-01
448 6.206600e-01 9.200000e-04 3.784200e-01
449 6.205000e-01 8.920000e-04 3.786080e-01
450 6.203200e-01 9.120000e-04 3.787680e-01
451 6.201320e-01 8.880000e-04 3.789800e-01
452 6.199680e-01 9.160000e-04 3.791160e-01
453 6.198120e-01 9.200000e-04 3.792680e-01
454 6.196640e-01 9.120000e-04 3.794240e-01
455 6.195200e-01 8.920000e-04 3.795880e-01
456 6.193560e-01 8.760000e-04 3.797680e-01
457 6.191360e-01 9.400000e-04 3.799240e-01
458 6.189840e-01 9.440000e-04 3.800720e-01
459 6.188560e-01 9.320000e-04 3.802120e-01
460 6.186680e-01 9.560000e-04 3.803760e-01
461 6.185240e-01 9.320000e-04 3.805440e-01
462 6.183600e-01 9.600000e-04 3.806800e-01
463 6.182360e-01 9.440000e-04 3.808200e-01
464 6.181320e-01 8.760000e-04 3.809920e-01
465 6.180560e-01 7.720000e-04 3.811720e-01
466 6.180000e-01 6.920000e-04 3.813080e-01
467 6.178960e-01 6.760000e-04 3.814280e-01
468 6.177840e-01 6.800000e-04 3.815360e-01
469 6.177360e-01 6.080000e-04 3.816560e-01
470 6.176760e-01 5.440000e-04 3.817800e-01
471 6.176040e-01 5.280000e-04 3.818680e-01
472 6.175400e-01 4.960000e-04 3.819640e-01
473 6.174560e-01 4.760000e-04 3.820680e-01
474 6.173560e-01 4.880000e-04 3.821560e-01
475 6.172960e-01 4.600000e-04 3.822440e-01
476 6.171920e-01 4.880000e-04 3.823200e-01
477 6.170640e-01 5.400000e-04 3.823960e-01
478 6.169640e-01 5.360000e-04 3.825000e-01
479 6.168720e-01 5.280000e-04 3.826000e-01
480 6.168040e-01 5.240000e-04 3.826720e-01
481 6.166880e-01 5.560000e-04 3.827560e-01
482 6.165760e-01 5.680000e-04 3.828560e-01
483 6.164960e-01 5.200000e-04 3.829840e-01
484 6.164280e-01 5.120000e-04 3.830600e-01
485 6.163480e-01 5.440000e-04 3.831080e-01
486 6.162640e-01 5.360000e-04 3.832000e-01
487 6.161800e-01 5.080000e-04 3.833120e-01
488 6.160880e-01 5.280000e-04 3.833840e-01
489 6.159760e-01 5.680000e-04 3.834560e-01
490 6.158680e-01 5.680000e-04 3.835640e-01
491 6.158160e-01 5.160000e-04 3.836680e-01
492 6.156640e-01 5.840000e-04 3.837520e-01
493 6.155440e-01 6.200000e-04 3.838360e-01
494 6.154560e-01 5.760000e-04 3.839680e-01
495 6.153520e-01 5.480000e-04 3.841000e-01
496 6.152920e-01 5.320000e-04 3.841760e-01
497 6.152000e-01 5.320000e-04 3.842680e-01
498 6.151360e-01 5.120000e-04 3.843520e-01
499 6.150240e-01 5.240000e-04 3.844520e-01
500 6.149400e-01 5.360000e-04 3.845240e-01
