1 9.991360e-01 7.560000e-04 1.080000e-04
2 9.986320e-01 1.112000e-03 2.560000e-04
3 9.979280e-01 1.588000e-03 4.840000e-04
4 9.971120e-01 2.040000e-03 8.480000e-04
5 9.962480e-01 2.480000e-03 1.272000e-03
6 9.953680e-01 2.992000e-03 1.640000e-03
7 9.942320e-01 3.560000e-03 2.208000e-03
8 9.932160e-01 3.912000e-03 2.872000e-03
9 9.921520e-01 4.272000e-03 3.576000e-03
10 9.910080e-01 4.624000e-03 4.368000e-03
11 9.896480e-01 5.100000e-03 5.252000e-03
12 9.885720e-01 5.272000e-03 6.156000e-03
13 9.872720e-01 5.620000e-03 7.108000e-03
14 9.860440e-01 5.820000e-03 8.136000e-03
15 9.848760e-01 5.940000e-03 9.184000e-03
16 9.835360e-01 6.176000e-03 1.028800e-02
17 9.822960e-01 6.304000e-03 1.140000e-02
18 9.810480e-01 6.520000e-03 1.243200e-02
19 9.797560e-01 6.476000e-03 1.376800e-02
20 9.785080e-01 6.600000e-03 1.489200e-02
21 9.771600e-01 6.652000e-03 1.618800e-02
22 9.758240e-01 6.736000e-03 1.744000e-02
23 9.744160e-01 6.948000e-03 1.863600e-02
24 9.729440e-01 7.156000e-03 1.990000e-02
25 9.715960e-01 7.136000e-03 2.126800e-02
26 9.702440e-01 7.316000e-03 2.244000e-02
27 9.688720e-01 7.352000e-03 2.377600e-02
28 9.674040e-01 7.584000e-03 2.501200e-02
29 9.660760e-01 7.584000e-03 2.634000e-02
30 9.646240e-01 7.564000e-03 2.781200e-02
31 9.631480e-01 7.564000e-03 2.928800e-02
32 9.616920e-01 7.676000e-03 3.063200e-02
33 9.601840e-01 7.832000e-03 3.198400e-02
34 9.588360e-01 7.884000e-03 3.328000e-02
35 9.572080e-01 8.076000e-03 3.471600e-02
36 9.555400e-01 8.392000e-03 3.606800e-02
37 9.541040e-01 8.416000e-03 3.748000e-02
38 9.527040e-01 8.320000e-03 3.897600e-02
39 9.512000e-01 8.400000e-03 4.040000e-02
40 9.497880e-01 8.376000e-03 4.183600e-02
41 9.483200e-01 8.264000e-03 4.341600e-02
42 9.468160e-01 8.352000e-03 4.483200e-02
43 9.454080e-01 8.380000e-03 4.621200e-02
44 9.439200e-01 8.312000e-03 4.776800e-02
45 9.423440e-01 8.412000e-03 4.924400e-02
46 9.409160e-01 8.392000e-03 5.069200e-02
47 9.393080e-01 8.520000e-03 5.217200e-02
48 9.377400e-01 8.608000e-03 5.365200e-02
49 9.361840e-01 8.608000e-03 5.520800e-02
50 9.346800e-01 8.732000e-03 5.658800e-02
51 9.331520e-01 8.808000e-03 5.804000e-02
52 9.314800e-01 8.884000e-03 5.963600e-02
53 9.298320e-01 8.936000e-03 6.123200e-02
54 9.282680e-01 8.948000e-03 6.278400e-02
55 9.267600e-01 8.928000e-03 6.431200e-02
56 9.252520e-01 8.964000e-03 6.578400e-02
57 9.237000e-01 8.888000e-03 6.741200e-02
58 9.221520e-01 8.832000e-03 6.901600e-02
59 9.206680e-01 8.844000e-03 7.048800e-02
60 9.189680e-01 9.128000e-03 7.190400e-02
61 9.174480e-01 8.984000e-03 7.356800e-02
62 9.159640e-01 8.920000e-03 7.511600e-02
63 9.143800e-01 8.840000e-03 7.678000e-02
64 9.128800e-01 8.848000e-03 7.827200e-02
65 9.113080e-01 8.768000e-03 7.992400e-02
66 9.097280e-01 8.740000e-03 8.153200e-02
67 9.081000e-01 8.704000e-03 8.319600e-02
68 9.065760e-01 8.624000e-03 8.480000e-02
69 9.050120e-01 8.688000e-03 8.630000e-02
70 9.034040e-01 8.724000e-03 8.787200e-02
71 9.018880e-01 8.760000e-03 8.935200e-02
72 9.003480e-01 8.844000e-03 9.080800e-02
73 8.988440e-01 8.692000e-03 9.246400e-02
74 8.972920e-01 8.768000e-03 9.394000e-02
75 8.957400e-01 8.808000e-03 9.545200e-02
76 8.941320e-01 8.920000e-03 9.694800e-02
77 8.926360e-01 8.952000e-03 9.841200e-02
78 8.910520e-01 9.168000e-03 9.978000e-02
79 8.894040e-01 9.108000e-03 1.014880e-01
80 8.879200e-01 9.000000e-03 1.030800e-01
81 8.862600e-01 9.128000e-03 1.046120e-01
82 8.846520e-01 9.112000e-03 1.062360e-01
83 8.830960e-01 9.032000e-03 1.078720e-01
84 8.816840e-01 8.884000e-03 1.094320e-01
85 8.802440e-01 8.824000e-03 1.109320e-01
86 8.787280e-01 8.628000e-03 1.126440e-01
87 8.771640e-01 8.632000e-03 1.142040e-01
88 8.757200e-01 8.540000e-03 1.157400e-01
89 8.742120e-01 8.604000e-03 1.171840e-01
90 8.726400e-01 8.652000e-03 1.187080e-01
91 8.711520e-01 8.592000e-03 1.202560e-01
92 8.697120e-01 8.428000e-03 1.218600e-01
93 8.681880e-01 8.500000e-03 1.233120e-01
94 8.666840e-01 8.616000e-03 1.247000e-01
95 8.652560e-01 8.332000e-03 1.264120e-01
96 8.638600e-01 8.248000e-03 1.278920e-01
97 8.624640e-01 8.236000e-03 1.293000e-01
98 8.610280e-01 8.228000e-03 1.307440e-01
99 8.596520e-01 8.248000e-03 1.321000e-01
100 8.582160e-01 8.212000e-03 1.335720e-01
101 8.568640e-01 8.104000e-03 1.350320e-01
102 8.554280e-01 8.168000e-03 1.364040e-01
103 8.540160e-01 8.188000e-03 1.377960e-01
104 8.525840e-01 8.196000e-03 1.392200e-01
105 8.512560e-01 8.120000e-03 1.406240e-01
106 8.498160e-01 8.148000e-03 1.420360e-01
107 8.485000e-01 7.912000e-03 1.435880e-01
108 8.470040e-01 7.992000e-03 1.450040e-01
109 8.455600e-01 7.952000e-03 1.464880e-01
110 8.441680e-01 7.944000e-03 1.478880e-01
111 8.427960e-01 8.024000e-03 1.491800e-01
112 8.411920e-01 8.328000e-03 1.504800e-01
113 8.398040e-01 8.180000e-03 1.520160e-01
114 8.382280e-01 8.332000e-03 1.534400e-01
115 8.367880e-01 8.300000e-03 1.549120e-01
116 8.353880e-01 8.236000e-03 1.563760e-01
117 8.339440e-01 8.224000e-03 1.578320e-01
118 8.324880e-01 8.220000e-03 1.592920e-01
119 8.311200e-01 8.268000e-03 1.606120e-01
120 8.296840e-01 8.172000e-03 1.621440e-01
121 8.283880e-01 8.008000e-03 1.636040e-01
122 8.269960e-01 8.076000e-03 1.649280e-01
123 8.256720e-01 7.956000e-03 1.663720e-01
124 8.241920e-01 7.988000e-03 1.678200e-01
125 8.230080e-01 7.812000e-03 1.691800e-01
126 8.218160e-01 7.556000e-03 1.706280e-01
127 8.206680e-01 7.320000e-03 1.720120e-01
128 8.194040e-01 7.372000e-03 1.732240e-01
129 8.182080e-01 7.300000e-03 1.744920e-01
130 8.170080e-01 7.168000e-03 1.758240e-01
131 8.157880e-01 6.888000e-03 1.773240e-01
132 8.146280e-01 6.796000e-03 1.785760e-01
133 8.134400e-01 6.800000e-03 1.797600e-01
134 8.122960e-01 6.792000e-03 1.809120e-01
135 8.111400e-01 6.724000e-03 1.821360e-01
136 8.100480e-01 6.588000e-03 1.833640e-01
137 8.089560e-01 6.456000e-03 1.845880e-01
138 8.078240e-01 6.576000e-03 1.856000e-01
139 8.067320e-01 6.604000e-03 1.866640e-01
140 8.056640e-01 6.472000e-03 1.878640e-01
141 8.045520e-01 6.528000e-03 1.889200e-01
142 8.033160e-01 6.572000e-03 1.901120e-01
143 8.022440e-01 6.512000e-03 1.912440e-01
144 8.011880e-01 6.508000e-03 1.923040e-01
145 8.000240e-01 6.520000e-03 1.934560e-01
146 7.987720e-01 6.624000e-03 1.946040e-01
147 7.977040e-01 6.556000e-03 1.957400e-01
148 7.966840e-01 6.592000e-03 1.967240e-01
149 7.955480e-01 6.560000e-03 1.978920e-01
150 7.943600e-01 6.676000e-03 1.989640e-01
151 7.932920e-01 6.540000e-03 2.001680e-01
152 7.922520e-01 6.416000e-03 2.013320e-01
153 7.912120e-01 6.344000e-03 2.024440e-01
154 7.902120e-01 6.388000e-03 2.034000e-01
155 7.891160e-01 6.320000e-03 2.045640e-01
156 7.881240e-01 6.228000e-03 2.056480e-01
157 7.871960e-01 6.072000e-03 2.067320e-01
158 7.862360e-01 5.792000e-03 2.079720e-01
159 7.852680e-01 5.664000e-03 2.090680e-01
160 7.843800e-01 5.560000e-03 2.100600e-01
161 7.835480e-01 5.404000e-03 2.110480e-01
162 7.826560e-01 5.344000e-03 2.120000e-01
163 7.817840e-01 5.328000e-03 2.128880e-01
164 7.808920e-01 5.240000e-03 2.138680e-01
165 7.798880e-01 5.296000e-03 2.148160e-01
166 7.790600e-01 5.208000e-03 2.157320e-01
167 7.781960e-01 5.184000e-03 2.166200e-01
168 7.773160e-01 5.172000e-03 2.175120e-01
169 7.764000e-01 5.188000e-03 2.184120e-01
170 7.755600e-01 5.200000e-03 2.192400e-01
171 7.746000e-01 5.328000e-03 2.200720e-01
172 7.737040e-01 5.316000e-03 2.209800e-01
173 7.727240e-01 5.388000e-03 2.218880e-01
174 7.718120e-01 5.420000e-03 2.227680e-01
175 7.709560e-01 5.376000e-03 2.236680e-01
176 7.700800e-01 5.300000e-03 2.246200e-01
177 7.690800e-01 5.320000e-03 2.256000e-01
178 7.681120e-01 5.316000e-03 2.265720e-01
179 7.672400e-01 5.168000e-03 2.275920e-01
180 7.663400e-01 5.220000e-03 2.284400e-01
181 7.654920e-01 5.092000e-03 2.294160e-01
182 7.646400e-01 4.980000e-03 2.303800e-01
183 7.638320e-01 4.852000e-03 2.313160e-01
184 7.630280e-01 4.836000e-03 2.321360e-01
185 7.623120e-01 4.692000e-03 2.329960e-01
186 7.615440e-01 4.632000e-03 2.338240e-01
187 7.607560e-01 4.556000e-03 2.346880e-01
188 7.598760e-01 4.728000e-03 2.353960e-01
189 7.590160e-01 4.828000e-03 2.361560e-01
190 7.581720e-01 4.844000e-03 2.369840e-01
191 7.573200e-01 4.888000e-03 2.377920e-01
192 7.565520e-01 4.868000e-03 2.385800e-01
193 7.556160e-01 4.912000e-03 2.394720e-01
194 7.547320e-01 4.908000e-03 2.403600e-01
195 7.539720e-01 4.836000e-03 2.411920e-01
196 7.531040e-01 4.772000e-03 2.421240e-01
197 7.520920e-01 4.932000e-03 2.429760e-01
198 7.512240e-01 5.004000e-03 2.437720e-01
199 7.504280e-01 4.968000e-03 2.446040e-01
200 7.495120e-01 4.940000e-03 2.455480e-01
201 7.485360e-01 5.116000e-03 2.463480e-01
202 7.476040e-01 5.136000e-03 2.472600e-01
203 7.466000e-01 5.184000e-03 2.482160e-01
204 7.457480e-01 5.200000e-03 2.490520e-01
205 7.449200e-01 5.088000e-03 2.499920e-01
206 7.439640e-01 5.104000e-03 2.509320e-01
207 7.430760e-01 5.128000e-03 2.517960e-01
208 7.422680e-01 5.096000e-03 2.526360e-01
209 7.414680e-01 4.984000e-03 2.535480e-01
210 7.406280e-01 5.008000e-03 2.543640e-01
211 7.398000e-01 4.884000e-03 2.553160e-01
212 7.389240e-01 4.820000e-03 2.562560e-01
213 7.381480e-01 4.880000e-03 2.569720e-01
214 7.373680e-01 4.908000e-03 2.577240e-01
215 7.365160e-01 4.828000e-03 2.586560e-01
216 7.356600e-01 4.804000e-03 2.595360e-01
217 7.348600e-01 4.828000e-03 2.603120e-01
218 7.341080e-01 4.736000e-03 2.611560e-01
219 7.333520e-01 4.716000e-03 2.619320e-01
220 7.325000e-01 4.772000e-03 2.627280e-01
221 7.317160e-01 4.620000e-03 2.636640e-01
222 7.309120e-01 4.652000e-03 2.644360e-01
223 7.300320e-01 4.768000e-03 2.652000e-01
224 7.292880e-01 4.700000e-03 2.660120e-01
225 7.285320e-01 4.572000e-03 2.668960e-01
226 7.277680e-01 4.608000e-03 2.676240e-01
227 7.269160e-01 4.680000e-03 2.684040e-01
228 7.261280e-01 4.684000e-03 2.691880e-01
229 7.252760e-01 4.760000e-03 2.699640e-01
230 7.242440e-01 4.996000e-03 2.707600e-01
231 7.234760e-01 4.840000e-03 2.716840e-01
232 7.227560e-01 4.800000e-03 2.724440e-01
233 7.220760e-01 4.732000e-03 2.731920e-01
234 7.212880e-01 4.692000e-03 2.740200e-01
235 7.205600e-01 4.684000e-03 2.747560e-01
236 7.197080e-01 4.784000e-03 2.755080e-01
237 7.188640e-01 4.844000e-03 2.762920e-01
238 7.179240e-01 4.848000e-03 2.772280e-01
239 7.170680e-01 4.780000e-03 2.781520e-01
240 7.162400e-01 4.808000e-03 2.789520e-01
241 7.154440e-01 4.672000e-03 2.798840e-01
242 7.145800e-01 4.816000e-03 2.806040e-01
243 7.137400e-01 4.880000e-03 2.813800e-01
244 7.128920e-01 4.904000e-03 2.822040e-01
245 7.121840e-01 4.720000e-03 2.830960e-01
246 7.113560e-01 4.792000e-03 2.838520e-01
247 7.106040e-01 4.764000e-03 2.846320e-01
248 7.098760e-01 4.608000e-03 2.855160e-01
249 7.091240e-01 4.484000e-03 2.863920e-01
250 7.084520e-01 4.392000e-03 2.871560e-01
251 7.077360e-01 4.320000e-03 2.879440e-01
252 7.069520e-01 4.372000e-03 2.886760e-01
253 7.062720e-01 4.240000e-03 2.894880e-01
254 7.055440e-01 4.248000e-03 2.902080e-01
255 7.049000e-01 4.108000e-03 2.909920e-01
256 7.041360e-01 4.164000e-03 2.917000e-01
257 7.034920e-01 4.112000e-03 2.923960e-01
258 7.027640e-01 4.136000e-03 2.931000e-01
259 7.020680e-01 4.116000e-03 2.938160e-01
260 7.014720e-01 4.012000e-03 2.945160e-01
261 7.007480e-01 4.152000e-03 2.951000e-01
262 7.000800e-01 4.028000e-03 2.958920e-01
263 6.993000e-01 4.064000e-03 2.966360e-01
264 6.986440e-01 4.048000e-03 2.973080e-01
265 6.978640e-01 4.124000e-03 2.980120e-01
266 6.971120e-01 4.156000e-03 2.987320e-01
267 6.964840e-01 4.036000e-03 2.994800e-01
268 6.958760e-01 3.852000e-03 3.002720e-01
269 6.953400e-01 3.696000e-03 3.009640e-01
270 6.947200e-01 3.664000e-03 3.016160e-01
271 6.940680e-01 3.648000e-03 3.022840e-01
272 6.934880e-01 3.604000e-03 3.029080e-01
273 6.928400e-01 3.708000e-03 3.034520e-01
274 6.922480e-01 3.676000e-03 3.040760e-01
275 6.915720e-01 3.748000e-03 3.046800e-01
276 6.910560e-01 3.668000e-03 3.052760e-01
277 6.905080e-01 3.580000e-03 3.059120e-01
278 6.899560e-01 3.528000e-03 3.065160e-01
279 6.894560e-01 3.360000e-03 3.071840e-01
280 6.888480e-01 3.368000e-03 3.077840e-01
281 6.883240e-01 3.284000e-03 3.083920e-01
282 6.878920e-01 3.180000e-03 3.089280e-01
283 6.873840e-01 3.076000e-03 3.095400e-01
284 6.869280e-01 3.088000e-03 3.099840e-01
285 6.864000e-01 3.120000e-03 3.104800e-01
286 6.859480e-01 2.992000e-03 3.110600e-01
287 6.855520e-01 2.904000e-03 3.115440e-01
288 6.850240e-01 2.892000e-03 3.120840e-01
289 6.845320e-01 2.868000e-03 3.126000e-01
290 6.841000e-01 2.812000e-03 3.130880e-01
291 6.835680e-01 2.844000e-03 3.135880e-01
292 6.831920e-01 2.708000e-03 3.141000e-01
293 6.828640e-01 2.548000e-03 3.145880e-01
294 6.823840e-01 2.516000e-03 3.151000e-01
295 6.819600e-01 2.508000e-03 3.155320e-01
296 6.814440e-01 2.528000e-03 3.160280e-01
297 6.809960e-01 2.560000e-03 3.164440e-01
298 6.805280e-01 2.668000e-03 3.168040e-01
299 6.800760e-01 2.584000e-03 3.173400e-01
300 6.797080e-01 2.508000e-03 3.177840e-01
301 6.792800e-01 2.512000e-03 3.182080e-01
302 6.788640e-01 2.496000e-03 3.186400e-01
303 6.785040e-01 2.448000e-03 3.190480e-01
304 6.781600e-01 2.380000e-03 3.194600e-01
305 6.778200e-01 2.316000e-03 3.198640e-01
306 6.774880e-01 2.184000e-03 3.203280e-01
307 6.771400e-01 2.200000e-03 3.206600e-01
308 6.768160e-01 2.136000e-03 3.210480e-01
309 6.764840e-01 2.064000e-03 3.214520e-01
310 6.761600e-01 2.096000e-03 3.217440e-01
311 6.758240e-01 2.056000e-03 3.221200e-01
312 6.755360e-01 1.924000e-03 3.225400e-01
313 6.752320e-01 1.892000e-03 3.228760e-01
314 6.749360e-01 1.892000e-03 3.231720e-01
315 6.746360e-01 1.840000e-03 3.235240e-01
316 6.743880e-01 1.704000e-03 3.239080e-01
317 6.740920e-01 1.676000e-03 3.242320e-01
318 6.737920e-01 1.728000e-03 3.244800e-01
319 6.735080e-01 1.740000e-03 3.247520e-01
320 6.732160e-01 1.752000e-03 3.250320e-01
321 6.729280e-01 1.744000e-03 3.253280e-01
322 6.726080e-01 1.812000e-03 3.255800e-01
323 6.723840e-01 1.724000e-03 3.258920e-01
324 6.721960e-01 1.584000e-03 3.262200e-01
325 6.720120e-01 1.460000e-03 3.265280e-01
326 6.718600e-01 1.316000e-03 3.268240e-01
327 6.716320e-01 1.284000e-03 3.270840e-01
328 6.714680e-01 1.260000e-03 3.272720e-01
329 6.712840e-01 1.192000e-03 3.275240e-01
330 6.710880e-01 1.180000e-03 3.277320e-01
331 6.708520e-01 1.240000e-03 3.279080e-01
332 6.705920e-01 1.288000e-03 3.281200e-01
333 6.704000e-01 1.232000e-03 3.283680e-01
334 6.701240e-01 1.292000e-03 3.285840e-01
335 6.699080e-01 1.300000e-03 3.287920e-01
336 6.696480e-01 1.356000e-03 3.289960e-01
337 6.694400e-01 1.320000e-03 3.292400e-01
338 6.693160e-01 1.192000e-03 3.294920e-01
339 6.690840e-01 1.176000e-03 3.297400e-01
340 6.688680e-01 1.180000e-03 3.299520e-01
341 6.686360e-01 1.168000e-03 3.301960e-01
342 6.684720e-01 1.128000e-03 3.304000e-01
343 6.682240e-01 1.200000e-03 3.305760e-01
344 6.679920e-01 1.252000e-03 3.307560e-01
345 6.678000e-01 1.256000e-03 3.309440e-01
346 6.675760e-01 1.264000e-03 3.311600e-01
347 6.673400e-01 1.260000e-03 3.314000e-01
348 6.671160e-01 1.228000e-03 3.316560e-01
349 6.668800e-01 1.204000e-03 3.319160e-01
350 6.666440e-01 1.212000e-03 3.321440e-01
351 6.664640e-01 1.228000e-03 3.323080e-01
352 6.662320e-01 1.244000e-03 3.325240e-01
353 6.659280e-01 1.324000e-03 3.327480e-01
354 6.656160e-01 1.376000e-03 3.330080e-01
355 6.652800e-01 1.500000e-03 3.332200e-01
356 6.649640e-01 1.540000e-03 3.334960e-01
357 6.646760e-01 1.524000e-03 3.338000e-01
358 6.644200e-01 1.456000e-03 3.341240e-01
359 6.641480e-01 1.492000e-03 3.343600e-01
360 6.638640e-01 1.556000e-03 3.345800e-01
361 6.636080e-01 1.580000e-03 3.348120e-01
362 6.633440e-01 1.552000e-03 3.351040e-01
363 6.630640e-01 1.492000e-03 3.354440e-01
364 6.628200e-01 1.480000e-03 3.357000e-01
365 6.625520e-01 1.552000e-03 3.358960e-01
366 6.622840e-01 1.516000e-03 3.362000e-01
367 6.619960e-01 1.548000e-03 3.364560e-01
368 6.617160e-01 1.492000e-03 3.367920e-01
369 6.613920e-01 1.496000e-03 3.371120e-01
370 6.611240e-01 1.580000e-03 3.372960e-01
371 6.608720e-01 1.528000e-03 3.376000e-01
372 6.605880e-01 1.536000e-03 3.378760e-01
373 6.603840e-01 1.452000e-03 3.381640e-01
374 6.600600e-01 1.496000e-03 3.384440e-01
375 6.598360e-01 1.452000e-03 3.387120e-01
376 6.595560e-01 1.472000e-03 3.389720e-01
377 6.592720e-01 1.504000e-03 3.392240e-01
378 6.589320e-01 1.608000e-03 3.394600e-01
379 6.586920e-01 1.564000e-03 3.397440e-01
380 6.584360e-01 1.564000e-03 3.400000e-01
381 6.581760e-01 1.496000e-03 3.403280e-01
382 6.579440e-01 1.452000e-03 3.406040e-01
383 6.577040e-01 1.420000e-03 3.408760e-01
384 6.575280e-01 1.356000e-03 3.411160e-01
385 6.572880e-01 1.360000e-03 3.413520e-01
386 6.570680e-01 1.400000e-03 3.415320e-01
387 6.567440e-01 1.512000e-03 3.417440e-01
388 6.564680e-01 1.480000e-03 3.420520e-01
389 6.562480e-01 1.440000e-03 3.423120e-01
390 6.560120e-01 1.444000e-03 3.425440e-01
391 6.557960e-01 1.412000e-03 3.427920e-01
392 6.555880e-01 1.348000e-03 3.430640e-01
393 6.553840e-01 1.296000e-03 3.433200e-01
394 6.551480e-01 1.296000e-03 3.435560e-01
395 6.549120e-01 1.320000e-03 3.437680e-01
396 6.546800e-01 1.348000e-03 3.439720e-01
397 6.544280e-01 1.392000e-03 3.441800e-01
398 6.541320e-01 1.396000e-03 3.444720e-01
399 6.538360e-01 1.464000e-03 3.447000e-01
400 6.536080e-01 1.420000e-03 3.449720e-01
401 6.534160e-01 1.384000e-03 3.452000e-01
402 6.532560e-01 1.288000e-03 3.454560e-01
403 6.530640e-01 1.236000e-03 3.457000e-01
404 6.528520e-01 1.216000e-03 3.459320e-01
405 6.526600e-01 1.248000e-03 3.460920e-01
406 6.524200e-01 1.260000e-03 3.463200e-01
407 6.522960e-01 1.124000e-03 3.465800e-01
408 6.521520e-01 1.088000e-03 3.467600e-01
409 6.519960e-01 1.044000e-03 3.469600e-01
410 6.518720e-01 9.840000e-04 3.471440e-01
411 6.517600e-01 9.160000e-04 3.473240e-01
412 6.516480e-01 8.600000e-04 3.474920e-01
413 6.515480e-01 8.440000e-04 3.476080e-01
414 6.514320e-01 8.200000e-04 3.477480e-01
415 6.513400e-01 7.920000e-04 3.478680e-01
416 6.512520e-01 7.120000e-04 3.480360e-01
417 6.511520e-01 6.920000e-04 3.481560e-01
418 6.510560e-01 6.440000e-04 3.483000e-01
419 6.509600e-01 6.320000e-04 3.484080e-01
420 6.508760e-01 5.920000e-04 3.485320e-01
421 6.508000e-01 5.640000e-04 3.486360e-01
422 6.506960e-01 5.800000e-04 3.487240e-01
423 6.505680e-01 6.240000e-04 3.488080e-01
424 6.504680e-01 6.280000e-04 3.489040e-01
425 6.503600e-01 6.720000e-04 3.489680e-01
426 6.502840e-01 6.520000e-04 3.490640e-01
427 6.502240e-01 5.720000e-04 3.492040e-01
428 6.501480e-01 5.600000e-04 3.492920e-01
429 6.500440e-01 5.960000e-04 3.493600e-01
430 6.499440e-01 6.240000e-04 3.494320e-01
431 6.498600e-01 5.880000e-04 3.495520e-01
432 6.497960e-01 5.600000e-04 3.496440e-01
433 6.497080e-01 5.360000e-04 3.497560e-01
434 6.495920e-01 5.320000e-04 3.498760e-01
435 6.494880e-01 5.600000e-04 3.499520e-01
436 6.493920e-01 5.520000e-04 3.500560e-01
437 6.493200e-01 5.120000e-04 3.501680e-01
438 6.492640e-01 5.120000e-04 3.502240e-01
439 6.491800e-01 5.240000e-04 3.502960e-01
440 6.491120e-01 4.680000e-04 3.504200e-01
441 6.490400e-01 4.320000e-04 3.505280e-01
442 6.489480e-01 4.600000e-04 3.505920e-01
443 6.488640e-01 4.520000e-04 3.506840e-01
444 6.487680e-01 4.680000e-04 3.507640e-01
445 6.486800e-01 4.840000e-04 3.508360e-01
446 6.486080e-01 4.520000e-04 3.509400e-01
447 6.485520e-01 4.240000e-04 3.510240e-01
448 6.485120e-01 3.880000e-04 3.511000e-01
449 6.484440e-01 3.440000e-04 3.512120e-01
450 6.483760e-01 3.440000e-04 3.512800e-01
451 6.483040e-01 3.400000e-04 3.513560e-01
452 6.482440e-01 3.520000e-04 3.514040e-01
453 6.481680e-01 3.480000e-04 3.514840e-01
454 6.481080e-01 3.240000e-04 3.515680e-01
455 6.480440e-01 3.120000e-04 3.516440e-01
456 6.479560e-01 3.480000e-04 3.516960e-01
457 6.478960e-01 3.480000e-04 3.517560e-01
458 6.478240e-01 3.840000e-04 3.517920e-01
459 6.477360e-01 4.080000e-04 3.518560e-01
460 6.476080e-01 4.400000e-04 3.519520e-01
461 6.475280e-01 4.400000e-04 3.520320e-01
462 6.474600e-01 4.040000e-04 3.521360e-01
463 6.473640e-01 4.160000e-04 3.522200e-01
464 6.472600e-01 4.680000e-04 3.522720e-01
465 6.472000e-01 4.480000e-04 3.523520e-01
466 6.470520e-01 5.320000e-04 3.524160e-01
467 6.469760e-01 5.080000e-04 3.525160e-01
468 6.468800e-01 5.360000e-04 3.525840e-01
469 6.467800e-01 5.800000e-04 3.526400e-01
470 6.466760e-01 5.800000e-04 3.527440e-01
471 6.465840e-01 6.080000e-04 3.528080e-01
472 6.465360e-01 5.640000e-04 3.529000e-01
473 6.464520e-01 5.160000e-04 3.530320e-01
474 6.463720e-01 5.200000e-04 3.531080e-01
475 6.463120e-01 4.760000e-04 3.532120e-01
476 6.462720e-01 4.520000e-04 3.532760e-01
477 6.461840e-01 4.400000e-04 3.533760e-01
478 6.461080e-01 4.600000e-04 3.534320e-01
479 6.460320e-01 4.720000e-04 3.534960e-01
480 6.459480e-01 4.800000e-04 3.535720e-01
481 6.458920e-01 4.600000e-04 3.536480e-01
482 6.457920e-01 4.560000e-04 3.537520e-01
483 6.457320e-01 4.440000e-04 3.538240e-01
484 6.456000e-01 4.720000e-04 3.539280e-01
485 6.455520e-01 4.080000e-04 3.540400e-01
486 6.454760e-01 4.040000e-04 3.541200e-01
487 6.454240e-01 3.840000e-04 3.541920e-01
488 6.453720e-01 3.560000e-04 3.542720e-01
489 6.453280e-01 3.320000e-04 3.543400e-01
490 6.452800e-01 3.400000e-04 3.543800e-01
491 6.452400e-01 3.000000e-04 3.544600e-01
492 6.452040e-01 3.040000e-04 3.544920e-01
493 6.451600e-01 2.880000e-04 3.545520e-01
494 6.451160e-01 2.840000e-04 3.546000e-01
495 6.450320e-01 3.120000e-04 3.546560e-01
496 6.449880e-01 3.000000e-04 3.547120e-01
497 6.449320e-01 2.600000e-04 3.548080e-01
498 6.449040e-01 2.520000e-04 3.548440e-01
499 6.448720e-01 2.440000e-04 3.548840e-01
500 6.448280e-01 2.440000e-04 3.549280e-01
