1 9.991520e-01 7.360000e-04 1.120000e-04
2 9.985160e-01 1.232000e-03 2.520000e-04
3 9.978880e-01 1.580000e-03 5.320000e-04
4 9.972360e-01 1.980000e-03 7.840000e-04
5 9.962680e-01 2.524000e-03 1.208000e-03
6 9.953800e-01 2.968000e-03 1.652000e-03
7 9.943800e-01 3.372000e-03 2.248000e-03
8 9.933320e-01 3.776000e-03 2.892000e-03
9 9.922560e-01 4.084000e-03 3.660000e-03
10 9.911720e-01 4.352000e-03 4.476000e-03
11 9.901600e-01 4.504000e-03 5.336000e-03
12 9.889800e-01 4.908000e-03 6.112000e-03
13 9.878000e-01 5.252000e-03 6.948000e-03
14 9.865520e-01 5.540000e-03 7.908000e-03
15 9.850480e-01 6.024000e-03 8.928000e-03
16 9.836280e-01 6.304000e-03 1.006800e-02
17 9.822720e-01 6.528000e-03 1.120000e-02
18 9.808800e-01 6.768000e-03 1.235200e-02
19 9.794920e-01 6.932000e-03 1.357600e-02
20 9.780920e-01 7.040000e-03 1.486800e-02
21 9.767520e-01 7.168000e-03 1.608000e-02
22 9.754120e-01 7.172000e-03 1.741600e-02
23 9.739080e-01 7.328000e-03 1.876400e-02
24 9.724880e-01 7.344000e-03 2.016800e-02
25 9.710480e-01 7.440000e-03 2.151200e-02
26 9.695800e-01 7.480000e-03 2.294000e-02
27 9.681120e-01 7.556000e-03 2.433200e-02
28 9.666120e-01 7.764000e-03 2.562400e-02
29 9.650760e-01 7.904000e-03 2.702000e-02
30 9.633680e-01 8.152000e-03 2.848000e-02
31 9.617720e-01 8.340000e-03 2.988800e-02
32 9.600280e-01 8.652000e-03 3.132000e-02
33 9.583040e-01 8.892000e-03 3.280400e-02
34 9.566280e-01 8.940000e-03 3.443200e-02
35 9.549600e-01 9.040000e-03 3.600000e-02
36 9.531160e-01 9.344000e-03 3.754000e-02
37 9.514120e-01 9.444000e-03 3.914400e-02
38 9.496080e-01 9.664000e-03 4.072800e-02
39 9.478400e-01 9.668000e-03 4.249200e-02
40 9.458800e-01 9.980000e-03 4.414000e-02
41 9.439480e-01 1.010400e-02 4.594800e-02
42 9.420520e-01 1.024800e-02 4.770000e-02
43 9.400160e-01 1.034800e-02 4.963600e-02
44 9.380440e-01 1.046400e-02 5.149200e-02
45 9.361440e-01 1.039600e-02 5.346000e-02
46 9.342920e-01 1.066800e-02 5.504000e-02
47 9.322520e-01 1.092000e-02 5.682800e-02
48 9.302680e-01 1.115600e-02 5.857600e-02
49 9.285840e-01 1.076000e-02 6.065600e-02
50 9.269280e-01 1.069200e-02 6.238000e-02
51 9.251000e-01 1.067600e-02 6.422400e-02
52 9.234080e-01 1.056400e-02 6.602800e-02
53 9.216320e-01 1.065200e-02 6.771600e-02
54 9.198720e-01 1.067600e-02 6.945200e-02
55 9.179640e-01 1.068000e-02 7.135600e-02
56 9.163000e-01 1.047200e-02 7.322800e-02
57 9.145720e-01 1.035600e-02 7.507200e-02
58 9.129080e-01 1.029600e-02 7.679600e-02
59 9.111360e-01 1.032000e-02 7.854400e-02
60 9.093600e-01 1.036800e-02 8.027200e-02
61 9.076240e-01 1.024800e-02 8.212800e-02
62 9.058600e-01 1.018000e-02 8.396000e-02
63 9.043480e-01 9.868000e-03 8.578400e-02
64 9.025760e-01 9.908000e-03 8.751600e-02
65 9.009560e-01 9.804000e-03 8.924000e-02
66 8.992600e-01 9.704000e-03 9.103600e-02
67 8.976960e-01 9.424000e-03 9.288000e-02
68 8.961400e-01 9.248000e-03 9.461200e-02
69 8.943680e-01 9.460000e-03 9.617200e-02
70 8.928040e-01 9.372000e-03 9.782400e-02
71 8.912080e-01 9.384000e-03 9.940800e-02
72 8.897120e-01 9.156000e-03 1.011320e-01
73 8.880400e-01 9.288000e-03 1.026720e-01
74 8.863320e-01 9.484000e-03 1.041840e-01
75 8.846800e-01 9.504000e-03 1.058160e-01
76 8.831040e-01 9.404000e-03 1.074920e-01
77 8.813200e-01 9.508000e-03 1.091720e-01
78 8.798120e-01 9.408000e-03 1.107800e-01
79 8.784120e-01 9.164000e-03 1.124240e-01
80 8.770200e-01 8.896000e-03 1.140840e-01
81 8.755120e-01 8.852000e-03 1.156360e-01
82 8.741320e-01 8.724000e-03 1.171440e-01
83 8.727520e-01 8.476000e-03 1.187720e-01
84 8.713120e-01 8.432000e-03 1.202560e-01
85 8.699200e-01 8.356000e-03 1.217240e-01
86 8.684000e-01 8.408000e-03 1.231920e-01
87 8.669160e-01 8.576000e-03 1.245080e-01
88 8.653880e-01 8.644000e-03 1.259680e-01
89 8.640200e-01 8.476000e-03 1.275040e-01
90 8.627280e-01 8.380000e-03 1.288920e-01
91 8.613320e-01 8.260000e-03 1.304080e-01
92 8.600480e-01 8.084000e-03 1.318680e-01
93 8.586480e-01 7.996000e-03 1.333560e-01
94 8.572280e-01 8.008000e-03 1.347640e-01
95 8.557280e-01 8.128000e-03 1.361440e-01
96 8.544160e-01 7.948000e-03 1.376360e-01
97 8.529760e-01 7.952000e-03 1.390720e-01
98 8.516080e-01 7.896000e-03 1.404960e-01
99 8.502080e-01 7.800000e-03 1.419920e-01
100 8.487920e-01 7.816000e-03 1.433920e-01
101 8.474120e-01 7.836000e-03 1.447520e-01
102 8.460400e-01 7.764000e-03 1.461960e-01
103 8.445960e-01 7.780000e-03 1.476240e-01
104 8.433920e-01 7.600000e-03 1.490080e-01
105 8.421360e-01 7.440000e-03 1.504240e-01
106 8.408560e-01 7.328000e-03 1.518160e-01
107 8.396040e-01 7.388000e-03 1.530080e-01
108 8.384240e-01 7.328000e-03 1.542480e-01
109 8.370480e-01 7.384000e-03 1.555680e-01
110 8.356960e-01 7.436000e-03 1.568680e-01
111 8.344160e-01 7.396000e-03 1.581880e-01
112 8.330840e-01 7.460000e-03 1.594560e-01
113 8.318280e-01 7.356000e-03 1.608160e-01
114 8.305720e-01 7.324000e-03 1.621040e-01
115 8.294240e-01 7.252000e-03 1.633240e-01
116 8.280960e-01 7.324000e-03 1.645800e-01
117 8.268000e-01 7.284000e-03 1.659160e-01
118 8.255240e-01 7.276000e-03 1.672000e-01
119 8.242280e-01 7.272000e-03 1.685000e-01
120 8.230720e-01 7.156000e-03 1.697720e-01
121 8.218720e-01 7.176000e-03 1.709520e-01
122 8.205720e-01 7.144000e-03 1.722840e-01
123 8.192720e-01 7.180000e-03 1.735480e-01
124 8.179920e-01 7.208000e-03 1.748000e-01
125 8.167520e-01 7.060000e-03 1.761880e-01
126 8.155440e-01 7.028000e-03 1.774280e-01
127 8.143960e-01 6.940000e-03 1.786640e-01
128 8.131880e-01 6.960000e-03 1.798520e-01
129 8.119240e-01 6.956000e-03 1.811200e-01
130 8.108720e-01 6.732000e-03 1.823960e-01
131 8.097000e-01 6.832000e-03 1.834680e-01
132 8.085400e-01 6.620000e-03 1.848400e-01
133 8.072800e-01 6.692000e-03 1.860280e-01
134 8.059800e-01 6.780000e-03 1.872400e-01
135 8.046920e-01 6.944000e-03 1.883640e-01
136 8.034040e-01 7.044000e-03 1.895520e-01
137 8.024120e-01 6.836000e-03 1.907520e-01
138 8.013240e-01 6.760000e-03 1.919160e-01
139 8.001960e-01 6.700000e-03 1.931040e-01
140 7.989960e-01 6.816000e-03 1.941880e-01
141 7.977440e-01 6.868000e-03 1.953880e-01
142 7.964680e-01 6.972000e-03 1.965600e-01
143 7.952560e-01 6.968000e-03 1.977760e-01
144 7.940760e-01 6.880000e-03 1.990440e-01
145 7.927560e-01 7.012000e-03 2.002320e-01
146 7.914160e-01 7.096000e-03 2.014880e-01
147 7.902480e-01 7.076000e-03 2.026760e-01
148 7.889360e-01 7.120000e-03 2.039440e-01
149 7.876120e-01 7.264000e-03 2.051240e-01
150 7.860520e-01 7.536000e-03 2.064120e-01
151 7.847280e-01 7.600000e-03 2.076720e-01
152 7.834320e-01 7.544000e-03 2.090240e-01
153 7.821280e-01 7.552000e-03 2.103200e-01
154 7.809560e-01 7.500000e-03 2.115440e-01
155 7.796840e-01 7.436000e-03 2.128800e-01
156 7.784840e-01 7.356000e-03 2.141600e-01
157 7.773320e-01 7.192000e-03 2.154760e-01
158 7.760120e-01 7.192000e-03 2.167960e-01
159 7.747200e-01 7.192000e-03 2.180880e-01
160 7.734320e-01 7.076000e-03 2.194920e-01
161 7.722320e-01 7.168000e-03 2.206000e-01
162 7.711120e-01 7.156000e-03 2.217320e-01
163 7.698160e-01 7.020000e-03 2.231640e-01
164 7.685080e-01 7.108000e-03 2.243840e-01
165 7.674720e-01 6.892000e-03 2.256360e-01
166 7.663360e-01 6.816000e-03 2.268480e-01
167 7.650680e-01 6.932000e-03 2.280000e-01
168 7.640000e-01 6.804000e-03 2.291960e-01
169 7.628760e-01 6.852000e-03 2.302720e-01
170 7.617200e-01 6.736000e-03 2.315440e-01
171 7.607040e-01 6.484000e-03 2.328120e-01
172 7.596800e-01 6.440000e-03 2.338800e-01
173 7.587040e-01 6.280000e-03 2.350160e-01
174 7.577560e-01 6.028000e-03 2.362160e-01
175 7.567240e-01 5.980000e-03 2.372960e-01
176 7.556560e-01 5.968000e-03 2.383760e-01
177 7.544600e-01 6.092000e-03 2.394480e-01
178 7.533760e-01 6.064000e-03 2.405600e-01
179 7.523280e-01 6.148000e-03 2.415240e-01
180 7.510680e-01 6.316000e-03 2.426160e-01
181 7.499400e-01 6.380000e-03 2.436800e-01
182 7.487640e-01 6.400000e-03 2.448360e-01
183 7.476520e-01 6.248000e-03 2.461000e-01
184 7.467040e-01 6.076000e-03 2.472200e-01
185 7.457440e-01 5.980000e-03 2.482760e-01
186 7.449360e-01 5.792000e-03 2.492720e-01
187 7.439440e-01 5.796000e-03 2.502600e-01
188 7.430480e-01 5.600000e-03 2.513520e-01
189 7.421720e-01 5.448000e-03 2.523800e-01
190 7.413280e-01 5.300000e-03 2.533720e-01
191 7.404600e-01 5.272000e-03 2.542680e-01
192 7.396280e-01 5.164000e-03 2.552080e-01
193 7.388000e-01 5.052000e-03 2.561480e-01
194 7.380320e-01 4.960000e-03 2.570080e-01
195 7.372320e-01 4.876000e-03 2.578920e-01
196 7.365160e-01 4.720000e-03 2.587640e-01
197 7.356440e-01 4.688000e-03 2.596680e-01
198 7.348600e-01 4.656000e-03 2.604840e-01
199 7.340560e-01 4.700000e-03 2.612440e-01
200 7.332640e-01 4.692000e-03 2.620440e-01
201 7.323800e-01 4.764000e-03 2.628560e-01
202 7.315240e-01 4.820000e-03 2.636560e-01
203 7.306760e-01 4.840000e-03 2.644840e-01
204 7.299080e-01 4.720000e-03 2.653720e-01
205 7.291760e-01 4.664000e-03 2.661600e-01
206 7.284640e-01 4.588000e-03 2.669480e-01
207 7.277720e-01 4.504000e-03 2.677240e-01
208 7.270960e-01 4.440000e-03 2.684640e-01
209 7.264320e-01 4.268000e-03 2.693000e-01
210 7.256920e-01 4.280000e-03 2.700280e-01
211 7.249640e-01 4.268000e-03 2.707680e-01
212 7.242560e-01 4.224000e-03 2.715200e-01
213 7.235480e-01 4.232000e-03 2.722200e-01
214 7.228800e-01 4.124000e-03 2.729960e-01
215 7.221680e-01 4.052000e-03 2.737800e-01
216 7.214800e-01 4.136000e-03 2.743840e-01
217 7.207760e-01 4.180000e-03 2.750440e-01
218 7.201360e-01 4.020000e-03 2.758440e-01
219 7.195120e-01 3.996000e-03 2.764920e-01
220 7.188600e-01 3.820000e-03 2.773200e-01
221 7.182160e-01 3.820000e-03 2.779640e-01
222 7.175600e-01 3.772000e-03 2.786680e-01
223 7.170000e-01 3.692000e-03 2.793080e-01
224 7.163840e-01 3.688000e-03 2.799280e-01
225 7.158040e-01 3.648000e-03 2.805480e-01
226 7.151960e-01 3.652000e-03 2.811520e-01
227 7.145920e-01 3.600000e-03 2.818080e-01
228 7.139320e-01 3.732000e-03 2.823360e-01
229 7.132440e-01 3.804000e-03 2.829520e-01
230 7.125840e-01 3.776000e-03 2.836400e-01
231 7.120640e-01 3.700000e-03 2.842360e-01
232 7.113960e-01 3.740000e-03 2.848640e-01
233 7.108240e-01 3.688000e-03 2.854880e-01
234 7.102040e-01 3.676000e-03 2.861200e-01
235 7.096280e-01 3.672000e-03 2.867000e-01
236 7.089440e-01 3.656000e-03 2.874000e-01
237 7.082600e-01 3.716000e-03 2.880240e-01
238 7.076440e-01 3.720000e-03 2.886360e-01
239 7.069120e-01 3.796000e-03 2.892920e-01
240 7.062520e-01 3.780000e-03 2.899680e-01
241 7.056000e-01 3.896000e-03 2.905040e-01
242 7.049600e-01 3.860000e-03 2.911800e-01
243 7.042520e-01 3.936000e-03 2.918120e-01
244 7.035520e-01 3.920000e-03 2.925280e-01
245 7.029880e-01 3.824000e-03 2.931880e-01
246 7.023360e-01 3.808000e-03 2.938560e-01
247 7.016400e-01 3.836000e-03 2.945240e-01
248 7.009960e-01 3.860000e-03 2.951440e-01
249 7.003480e-01 3.796000e-03 2.958560e-01
250 6.996360e-01 3.852000e-03 2.965120e-01
251 6.988880e-01 3.996000e-03 2.971160e-01
252 6.982200e-01 3.996000e-03 2.977840e-01
253 6.975600e-01 3.908000e-03 2.985320e-01
254 6.969560e-01 3.804000e-03 2.992400e-01
255 6.962160e-01 3.944000e-03 2.998400e-01
256 6.954680e-01 3.948000e-03 3.005840e-01
257 6.948680e-01 3.800000e-03 3.013320e-01
258 6.940920e-01 3.936000e-03 3.019720e-01
259 6.933040e-01 4.004000e-03 3.026920e-01
260 6.926360e-01 3.988000e-03 3.033760e-01
261 6.920200e-01 3.968000e-03 3.040120e-01
262 6.914320e-01 3.916000e-03 3.046520e-01
263 6.908280e-01 3.912000e-03 3.052600e-01
264 6.902160e-01 3.824000e-03 3.059600e-01
265 6.896240e-01 3.776000e-03 3.066000e-01
266 6.890320e-01 3.716000e-03 3.072520e-01
267 6.885120e-01 3.620000e-03 3.078680e-01
268 6.880120e-01 3.476000e-03 3.085120e-01
269 6.874000e-01 3.468000e-03 3.091320e-01
270 6.868120e-01 3.476000e-03 3.097120e-01
271 6.862200e-01 3.496000e-03 3.102840e-01
272 6.856480e-01 3.448000e-03 3.109040e-01
273 6.851640e-01 3.280000e-03 3.115560e-01
274 6.846440e-01 3.224000e-03 3.121320e-01
275 6.841800e-01 3.208000e-03 3.126120e-01
276 6.836120e-01 3.188000e-03 3.132000e-01
277 6.831520e-01 3.192000e-03 3.136560e-01
278 6.826880e-01 3.156000e-03 3.141560e-01
279 6.823040e-01 2.992000e-03 3.147040e-01
280 6.818320e-01 2.940000e-03 3.152280e-01
281 6.813440e-01 2.952000e-03 3.157040e-01
282 6.809480e-01 2.872000e-03 3.161800e-01
283 6.805120e-01 2.816000e-03 3.166720e-01
284 6.799320e-01 2.944000e-03 3.171240e-01
285 6.793960e-01 2.984000e-03 3.176200e-01
286 6.789120e-01 2.916000e-03 3.181720e-01
287 6.783760e-01 2.940000e-03 3.186840e-01
288 6.778960e-01 2.860000e-03 3.192440e-01
289 6.773840e-01 2.864000e-03 3.197520e-01
290 6.768960e-01 2.800000e-03 3.203040e-01
291 6.764320e-01 2.812000e-03 3.207560e-01
292 6.759560e-01 2.792000e-03 3.212520e-01
293 6.753880e-01 2.844000e-03 3.217680e-01
294 6.748600e-01 2.948000e-03 3.221920e-01
295 6.743160e-01 2.916000e-03 3.227680e-01
296 6.738040e-01 2.988000e-03 3.232080e-01
297 6.733360e-01 2.928000e-03 3.237360e-01
298 6.729240e-01 2.808000e-03 3.242680e-01
299 6.724920e-01 2.776000e-03 3.247320e-01
300 6.719840e-01 2.764000e-03 3.252520e-01
301 6.715560e-01 2.684000e-03 3.257600e-01
302 6.711680e-01 2.588000e-03 3.262440e-01
303 6.706960e-01 2.680000e-03 3.266240e-01
304 6.701880e-01 2.792000e-03 3.270200e-01
305 6.697200e-01 2.776000e-03 3.275040e-01
306 6.692480e-01 2.764000e-03 3.279880e-01
307 6.687000e-01 2.832000e-03 3.284680e-01
308 6.682360e-01 2.820000e-03 3.289440e-01
309 6.676520e-01 2.856000e-03 3.294920e-01
310 6.671520e-01 2.816000e-03 3.300320e-01
311 6.666960e-01 2.824000e-03 3.304800e-01
312 6.661680e-01 2.872000e-03 3.309600e-01
313 6.657480e-01 2.824000e-03 3.314280e-01
314 6.652480e-01 2.812000e-03 3.319400e-01
315 6.647400e-01 2.956000e-03 3.323040e-01
316 6.642880e-01 2.892000e-03 3.328200e-01
317 6.638440e-01 2.808000e-03 3.333480e-01
318 6.634240e-01 2.760000e-03 3.338160e-01
319 6.630360e-01 2.676000e-03 3.342880e-01
320 6.627480e-01 2.504000e-03 3.347480e-01
321 6.624800e-01 2.352000e-03 3.351680e-01
322 6.621160e-01 2.356000e-03 3.355280e-01
323 6.617240e-01 2.348000e-03 3.359280e-01
324 6.612880e-01 2.348000e-03 3.363640e-01
325 6.608960e-01 2.320000e-03 3.367840e-01
326 6.605920e-01 2.244000e-03 3.371640e-01
327 6.601960e-01 2.260000e-03 3.375440e-01
328 6.598840e-01 2.212000e-03 3.379040e-01
329 6.596360e-01 2.068000e-03 3.382960e-01
330 6.593760e-01 1.996000e-03 3.386280e-01
331 6.591160e-01 1.916000e-03 3.389680e-01
332 6.588720e-01 1.808000e-03 3.393200e-01
333 6.585520e-01 1.824000e-03 3.396240e-01
334 6.583200e-01 1.700000e-03 3.399800e-01
335 6.581040e-01 1.592000e-03 3.403040e-01
336 6.578920e-01 1.484000e-03 3.406240e-01
337 6.577120e-01 1.436000e-03 3.408520e-01
338 6.575160e-01 1.396000e-03 3.410880e-01
339 6.573080e-01 1.376000e-03 3.413160e-01
340 6.570760e-01 1.320000e-03 3.416040e-01
341 6.568040e-01 1.368000e-03 3.418280e-01
342 6.565880e-01 1.344000e-03 3.420680e-01
343 6.563400e-01 1.348000e-03 3.423120e-01
344 6.561280e-01 1.316000e-03 3.425560e-01
345 6.558920e-01 1.300000e-03 3.428080e-01
346 6.556400e-01 1.336000e-03 3.430240e-01
347 6.554440e-01 1.316000e-03 3.432400e-01
348 6.552360e-01 1.292000e-03 3.434720e-01
349 6.549840e-01 1.312000e-03 3.437040e-01
350 6.547360e-01 1.316000e-03 3.439480e-01
351 6.544800e-01 1.284000e-03 3.442360e-01
352 6.542560e-01 1.284000e-03 3.444600e-01
353 6.540280e-01 1.268000e-03 3.447040e-01
354 6.538280e-01 1.272000e-03 3.449000e-01
355 6.535960e-01 1.308000e-03 3.450960e-01
356 6.533960e-01 1.292000e-03 3.453120e-01
357 6.531920e-01 1.240000e-03 3.455680e-01
358 6.529880e-01 1.268000e-03 3.457440e-01
359 6.527920e-01 1.204000e-03 3.460040e-01
360 6.525680e-01 1.228000e-03 3.462040e-01
361 6.523600e-01 1.184000e-03 3.464560e-01
362 6.521360e-01 1.236000e-03 3.466280e-01
363 6.518800e-01 1.288000e-03 3.468320e-01
364 6.516840e-01 1.276000e-03 3.470400e-01
365 6.514520e-01 1.328000e-03 3.472200e-01
366 6.512160e-01 1.316000e-03 3.474680e-01
367 6.509720e-01 1.312000e-03 3.477160e-01
368 6.507600e-01 1.324000e-03 3.479160e-01
369 6.505400e-01 1.348000e-03 3.481120e-01
370 6.502920e-01 1.384000e-03 3.483240e-01
371 6.500800e-01 1.324000e-03 3.485960e-01
372 6.498960e-01 1.264000e-03 3.488400e-01
373 6.496760e-01 1.304000e-03 3.490200e-01
374 6.495160e-01 1.196000e-03 3.492880e-01
375 6.493280e-01 1.184000e-03 3.494880e-01
376 6.492000e-01 1.088000e-03 3.497120e-01
377 6.490360e-01 1.056000e-03 3.499080e-01
378 6.488880e-01 9.800000e-04 3.501320e-01
379 6.487680e-01 9.280000e-04 3.503040e-01
380 6.486400e-01 9.120000e-04 3.504480e-01
381 6.485280e-01 8.680000e-04 3.506040e-01
382 6.483880e-01 8.560000e-04 3.507560e-01
383 6.482760e-01 8.240000e-04 3.509000e-01
384 6.481280e-01 8.400000e-04 3.510320e-01
385 6.479800e-01 9.000000e-04 3.511200e-01
386 6.477920e-01 9.360000e-04 3.512720e-01
387 6.476160e-01 9.920000e-04 3.513920e-01
388 6.474280e-01 9.400000e-04 3.516320e-01
389 6.472960e-01 9.120000e-04 3.517920e-01
390 6.472040e-01 8.680000e-04 3.519280e-01
391 6.470560e-01 8.240000e-04 3.521200e-01
392 6.469440e-01 8.120000e-04 3.522440e-01
393 6.468320e-01 7.840000e-04 3.523840e-01
394 6.467160e-01 7.280000e-04 3.525560e-01
395 6.465880e-01 7.280000e-04 3.526840e-01
396 6.464560e-01 7.440000e-04 3.528000e-01
397 6.463320e-01 7.800000e-04 3.528880e-01
398 6.462000e-01 7.960000e-04 3.530040e-01
399 6.460600e-01 8.000000e-04 3.531400e-01
400 6.459840e-01 7.520000e-04 3.532640e-01
401 6.457960e-01 8.080000e-04 3.533960e-01
402 6.456680e-01 7.640000e-04 3.535680e-01
403 6.454920e-01 8.480000e-04 3.536600e-01
404 6.453480e-01 8.680000e-04 3.537840e-01
405 6.451680e-01 9.160000e-04 3.539160e-01
406 6.450480e-01 8.480000e-04 3.541040e-01
407 6.448880e-01 8.400000e-04 3.542720e-01
408 6.447760e-01 8.000000e-04 3.544240e-01
409 6.446600e-01 7.840000e-04 3.545560e-01
410 6.445600e-01 7.560000e-04 3.546840e-01
411 6.444440e-01 7.480000e-04 3.548080e-01
412 6.443440e-01 7.080000e-04 3.549480e-01
413 6.442560e-01 6.720000e-04 3.550720e-01
414 6.441600e-01 6.400000e-04 3.552000e-01
415 6.440800e-01 6.120000e-04 3.553080e-01
416 6.439920e-01 5.800000e-04 3.554280e-01
417 6.439280e-01 5.440000e-04 3.555280e-01
418 6.437680e-01 6.280000e-04 3.556040e-01
419 6.436760e-01 5.920000e-04 3.557320e-01
420 6.436040e-01 5.840000e-04 3.558120e-01
421 6.435000e-01 5.800000e-04 3.559200e-01
422 6.434120e-01 5.800000e-04 3.560080e-01
423 6.433120e-01 6.000000e-04 3.560880e-01
424 6.432040e-01 6.400000e-04 3.561560e-01
425 6.430880e-01 6.160000e-04 3.562960e-01
426 6.429920e-01 6.240000e-04 3.563840e-01
427 6.429080e-01 5.880000e-04 3.565040e-01
428 6.428400e-01 5.840000e-04 3.565760e-01
429 6.427560e-01 5.640000e-04 3.566800e-01
430 6.426560e-01 5.560000e-04 3.567880e-01
431 6.425760e-01 5.360000e-04 3.568880e-01
432 6.424600e-01 5.680000e-04 3.569720e-01
433 6.423560e-01 5.680000e-04 3.570760e-01
434 6.422760e-01 5.400000e-04 3.571840e-01
435 6.421480e-01 5.800000e-04 3.572720e-01
436 6.420720e-01 5.640000e-04 3.573640e-01
437 6.419640e-01 5.760000e-04 3.574600e-01
438 6.418440e-01 6.080000e-04 3.575480e-01
439 6.417320e-01 6.200000e-04 3.576480e-01
440 6.416360e-01 6.160000e-04 3.577480e-01
441 6.415720e-01 5.800000e-04 3.578480e-01
442 6.414960e-01 5.400000e-04 3.579640e-01
443 6.414000e-01 5.520000e-04 3.580480e-01
444 6.413520e-01 4.960000e-04 3.581520e-01
445 6.412880e-01 4.760000e-04 3.582360e-01
446 6.412200e-01 4.400000e-04 3.583400e-01
447 6.411160e-01 4.560000e-04 3.584280e-01
448 6.410560e-01 4.560000e-04 3.584880e-01
449 6.410040e-01 4.480000e-04 3.585480e-01
450 6.409160e-01 4.520000e-04 3.586320e-01
451 6.408280e-01 4.320000e-04 3.587400e-01
452 6.407320e-01 4.400000e-04 3.588280e-01
453 6.406120e-01 4.680000e-04 3.589200e-01
454 6.405520e-01 4.360000e-04 3.590120e-01
455 6.404800e-01 4.360000e-04 3.590840e-01
456 6.404240e-01 4.400000e-04 3.591360e-01
457 6.403600e-01 4.400000e-04 3.592000e-01
458 6.402600e-01 4.720000e-04 3.592680e-01
459 6.402080e-01 4.560000e-04 3.593360e-01
460 6.401360e-01 4.600000e-04 3.594040e-01
461 6.400840e-01 4.480000e-04 3.594680e-01
462 6.400240e-01 4.160000e-04 3.595600e-01
463 6.399320e-01 4.160000e-04 3.596520e-01
464 6.398400e-01 4.520000e-04 3.597080e-01
465 6.397440e-01 4.760000e-04 3.597800e-01
466 6.396680e-01 4.880000e-04 3.598440e-01
467 6.395840e-01 4.920000e-04 3.599240e-01
468 6.395040e-01 5.080000e-04 3.599880e-01
469 6.394520e-01 4.600000e-04 3.600880e-01
470 6.394080e-01 4.360000e-04 3.601560e-01
471 6.393520e-01 4.440000e-04 3.602040e-01
472 6.393200e-01 3.840000e-04 3.602960e-01
473 6.392880e-01 3.600000e-04 3.603520e-01
474 6.392440e-01 3.520000e-04 3.604040e-01
475 6.392120e-01 3.360000e-04 3.604520e-01
476 6.391920e-01 3.240000e-04 3.604840e-01
477 6.391680e-01 2.880000e-04 3.605440e-01
478 6.391360e-01 2.840000e-04 3.605800e-01
479 6.390840e-01 2.800000e-04 3.606360e-01
480 6.390720e-01 2.520000e-04 3.606760e-01
481 6.390240e-01 2.480000e-04 3.607280e-01
482 6.390160e-01 2.120000e-04 3.607720e-01
483 6.390120e-01 1.720000e-04 3.608160e-01
484 6.389840e-01 1.760000e-04 3.608400e-01
485 6.389680e-01 1.760000e-04 3.608560e-01
486 6.389200e-01 2.040000e-04 3.608760e-01
487 6.389040e-01 1.840000e-04 3.609120e-01
488 6.388880e-01 1.760000e-04 3.609360e-01
489 6.388440e-01 1.920000e-04 3.609640e-01
490 6.388080e-01 2.080000e-04 3.609840e-01
491 6.387600e-01 2.200000e-04 3.610200e-01
492 6.387240e-01 1.960000e-04 3.610800e-01
493 6.386800e-01 1.840000e-04 3.611360e-01
494 6.386400e-01 2.000000e-04 3.611600e-01
495 6.386160e-01 2.000000e-04 3.611840e-01
496 6.385880e-01 2.040000e-04 3.612080e-01
497 6.385520e-01 2.080000e-04 3.612400e-01
498 6.385280e-01 2.120000e-04 3.612600e-01
499 6.384960e-01 2.120000e-04 3.612920e-01
500 6.384600e-01 2.080000e-04 3.613320e-01
