1 9.991920e-01 7.440000e-04 6.400000e-05
2 9.985920e-01 1.208000e-03 2.000000e-04
3 9.979520e-01 1.648000e-03 4.000000e-04
4 9.971880e-01 2.036000e-03 7.760000e-04
5 9.964800e-01 2.344000e-03 1.176000e-03
6 9.956680e-01 2.700000e-03 1.632000e-03
7 9.947200e-01 3.180000e-03 2.100000e-03
8 9.935800e-01 3.716000e-03 2.704000e-03
9 9.924200e-01 4.228000e-03 3.352000e-03
10 9.911920e-01 4.664000e-03 4.144000e-03
11 9.900680e-01 4.972000e-03 4.960000e-03
12 9.887960e-01 5.316000e-03 5.888000e-03
13 9.875800e-01 5.584000e-03 6.836000e-03
14 9.863800e-01 5.820000e-03 7.800000e-03
15 9.850200e-01 6.200000e-03 8.780000e-03
16 9.836160e-01 6.496000e-03 9.888000e-03
17 9.823520e-01 6.764000e-03 1.088400e-02
18 9.809720e-01 6.804000e-03 1.222400e-02
19 9.796120e-01 6.920000e-03 1.346800e-02
20 9.782800e-01 7.048000e-03 1.467200e-02
21 9.769080e-01 7.296000e-03 1.579600e-02
22 9.755880e-01 7.408000e-03 1.700400e-02
23 9.742560e-01 7.464000e-03 1.828000e-02
24 9.728200e-01 7.640000e-03 1.954000e-02
25 9.714720e-01 7.600000e-03 2.092800e-02
26 9.699760e-01 7.748000e-03 2.227600e-02
27 9.683560e-01 8.076000e-03 2.356800e-02
28 9.664960e-01 8.552000e-03 2.495200e-02
29 9.649200e-01 8.556000e-03 2.652400e-02
30 9.634720e-01 8.404000e-03 2.812400e-02
31 9.619120e-01 8.484000e-03 2.960400e-02
32 9.603280e-01 8.560000e-03 3.111200e-02
33 9.588080e-01 8.612000e-03 3.258000e-02
34 9.572360e-01 8.716000e-03 3.404800e-02
35 9.556360e-01 8.736000e-03 3.562800e-02
36 9.539720e-01 8.876000e-03 3.715200e-02
37 9.521720e-01 9.116000e-03 3.871200e-02
38 9.505560e-01 9.108000e-03 4.033600e-02
39 9.488960e-01 9.220000e-03 4.188400e-02
40 9.471920e-01 9.252000e-03 4.355600e-02
41 9.456440e-01 9.088000e-03 4.526800e-02
42 9.440800e-01 9.056000e-03 4.686400e-02
43 9.425280e-01 9.040000e-03 4.843200e-02
44 9.408120e-01 9.320000e-03 4.986800e-02
45 9.392040e-01 9.280000e-03 5.151600e-02
46 9.376320e-01 9.240000e-03 5.312800e-02
47 9.360320e-01 9.236000e-03 5.473200e-02
48 9.342680e-01 9.348000e-03 5.638400e-02
49 9.326640e-01 9.388000e-03 5.794800e-02
50 9.307480e-01 9.628000e-03 5.962400e-02
51 9.289960e-01 9.868000e-03 6.113600e-02
52 9.270920e-01 1.000800e-02 6.290000e-02
53 9.253080e-01 1.007200e-02 6.462000e-02
54 9.235440e-01 9.960000e-03 6.649600e-02
55 9.216240e-01 1.012400e-02 6.825200e-02
56 9.198880e-01 1.009600e-02 7.001600e-02
57 9.182520e-01 9.952000e-03 7.179600e-02
58 9.165560e-01 9.948000e-03 7.349600e-02
59 9.147440e-01 9.952000e-03 7.530400e-02
60 9.129800e-01 9.996000e-03 7.702400e-02
61 9.113200e-01 1.001200e-02 7.866800e-02
62 9.096800e-01 9.928000e-03 8.039200e-02
63 9.079640e-01 9.872000e-03 8.216400e-02
64 9.061960e-01 1.006000e-02 8.374400e-02
65 9.044440e-01 1.004800e-02 8.550800e-02
66 9.026640e-01 1.012000e-02 8.721600e-02
67 9.010000e-01 9.944000e-03 8.905600e-02
68 8.991880e-01 1.000400e-02 9.080800e-02
69 8.975240e-01 9.904000e-03 9.257200e-02
70 8.960160e-01 9.632000e-03 9.435200e-02
71 8.943920e-01 9.640000e-03 9.596800e-02
72 8.926680e-01 9.608000e-03 9.772400e-02
73 8.908760e-01 9.600000e-03 9.952400e-02
74 8.891200e-01 9.696000e-03 1.011840e-01
75 8.875680e-01 9.600000e-03 1.028320e-01
76 8.860120e-01 9.360000e-03 1.046280e-01
77 8.845040e-01 9.224000e-03 1.062720e-01
78 8.830200e-01 9.076000e-03 1.079040e-01
79 8.814600e-01 9.072000e-03 1.094680e-01
80 8.799880e-01 8.988000e-03 1.110240e-01
81 8.783480e-01 9.104000e-03 1.125480e-01
82 8.768280e-01 8.968000e-03 1.142040e-01
83 8.752920e-01 8.940000e-03 1.157680e-01
84 8.736840e-01 9.076000e-03 1.172400e-01
85 8.720320e-01 9.308000e-03 1.186600e-01
86 8.704160e-01 9.188000e-03 1.203960e-01
87 8.688320e-01 9.148000e-03 1.220200e-01
88 8.672880e-01 9.180000e-03 1.235320e-01
89 8.656360e-01 9.216000e-03 1.251480e-01
90 8.639880e-01 9.332000e-03 1.266800e-01
91 8.623040e-01 9.204000e-03 1.284920e-01
92 8.607680e-01 8.964000e-03 1.302680e-01
93 8.592440e-01 8.916000e-03 1.318400e-01
94 8.578080e-01 8.780000e-03 1.334120e-01
95 8.563760e-01 8.572000e-03 1.350520e-01
96 8.548360e-01 8.488000e-03 1.366760e-01
97 8.533480e-01 8.452000e-03 1.382000e-01
98 8.518560e-01 8.528000e-03 1.396160e-01
99 8.505480e-01 8.392000e-03 1.410600e-01
100 8.493120e-01 8.052000e-03 1.426360e-01
101 8.480240e-01 8.004000e-03 1.439720e-01
102 8.466200e-01 7.876000e-03 1.455040e-01
103 8.454040e-01 7.716000e-03 1.468800e-01
104 8.439720e-01 7.872000e-03 1.481560e-01
105 8.425120e-01 8.060000e-03 1.494280e-01
106 8.412200e-01 7.964000e-03 1.508160e-01
107 8.398040e-01 8.048000e-03 1.521480e-01
108 8.383280e-01 8.132000e-03 1.535400e-01
109 8.369400e-01 8.204000e-03 1.548560e-01
110 8.356040e-01 8.104000e-03 1.562920e-01
111 8.343880e-01 7.812000e-03 1.578000e-01
112 8.330840e-01 7.784000e-03 1.591320e-01
113 8.317760e-01 7.920000e-03 1.603040e-01
114 8.305800e-01 7.652000e-03 1.617680e-01
115 8.293960e-01 7.532000e-03 1.630720e-01
116 8.281800e-01 7.436000e-03 1.643840e-01
117 8.269280e-01 7.416000e-03 1.656560e-01
118 8.258280e-01 7.308000e-03 1.668640e-01
119 8.247160e-01 7.228000e-03 1.680560e-01
120 8.235360e-01 7.184000e-03 1.692800e-01
121 8.224400e-01 6.984000e-03 1.705760e-01
122 8.210800e-01 7.072000e-03 1.718480e-01
123 8.197520e-01 7.256000e-03 1.729920e-01
124 8.184800e-01 7.324000e-03 1.741960e-01
125 8.172000e-01 7.192000e-03 1.756080e-01
126 8.160640e-01 6.960000e-03 1.769760e-01
127 8.149880e-01 6.732000e-03 1.782800e-01
128 8.139040e-01 6.668000e-03 1.794280e-01
129 8.128680e-01 6.468000e-03 1.806640e-01
130 8.117720e-01 6.404000e-03 1.818240e-01
131 8.107160e-01 6.440000e-03 1.828440e-01
132 8.095840e-01 6.376000e-03 1.840400e-01
133 8.083960e-01 6.304000e-03 1.853000e-01
134 8.073480e-01 6.344000e-03 1.863080e-01
135 8.062440e-01 6.396000e-03 1.873600e-01
136 8.051880e-01 6.308000e-03 1.885040e-01
137 8.042040e-01 6.200000e-03 1.895960e-01
138 8.031400e-01 6.000000e-03 1.908600e-01
139 8.019880e-01 6.132000e-03 1.918800e-01
140 8.007720e-01 6.156000e-03 1.930720e-01
141 7.996560e-01 6.268000e-03 1.940760e-01
142 7.984960e-01 6.240000e-03 1.952640e-01
143 7.973360e-01 6.376000e-03 1.962880e-01
144 7.962680e-01 6.264000e-03 1.974680e-01
145 7.952880e-01 6.128000e-03 1.985840e-01
146 7.941800e-01 6.176000e-03 1.996440e-01
147 7.931200e-01 6.076000e-03 2.008040e-01
148 7.920720e-01 5.968000e-03 2.019600e-01
149 7.909800e-01 6.052000e-03 2.029680e-01
150 7.897040e-01 6.256000e-03 2.040400e-01
151 7.884120e-01 6.472000e-03 2.051160e-01
152 7.872200e-01 6.572000e-03 2.062080e-01
153 7.860600e-01 6.648000e-03 2.072920e-01
154 7.849400e-01 6.504000e-03 2.085560e-01
155 7.838480e-01 6.488000e-03 2.096640e-01
156 7.825880e-01 6.704000e-03 2.107080e-01
157 7.814040e-01 6.740000e-03 2.118560e-01
158 7.801760e-01 6.796000e-03 2.130280e-01
159 7.789240e-01 6.876000e-03 2.142000e-01
160 7.776440e-01 6.956000e-03 2.154000e-01
161 7.763640e-01 7.060000e-03 2.165760e-01
162 7.751360e-01 7.024000e-03 2.178400e-01
163 7.739880e-01 6.912000e-03 2.191000e-01
164 7.727800e-01 7.040000e-03 2.201800e-01
165 7.715480e-01 7.104000e-03 2.213480e-01
166 7.703760e-01 7.008000e-03 2.226160e-01
167 7.691200e-01 7.096000e-03 2.237840e-01
168 7.679680e-01 7.108000e-03 2.249240e-01
169 7.668680e-01 6.972000e-03 2.261600e-01
170 7.657920e-01 6.848000e-03 2.273600e-01
171 7.646680e-01 6.844000e-03 2.284880e-01
172 7.633880e-01 6.856000e-03 2.297560e-01
173 7.622800e-01 6.680000e-03 2.310400e-01
174 7.610320e-01 6.728000e-03 2.322400e-01
175 7.598640e-01 6.640000e-03 2.334960e-01
176 7.586000e-01 6.700000e-03 2.347000e-01
177 7.574120e-01 6.676000e-03 2.359120e-01
178 7.562560e-01 6.692000e-03 2.370520e-01
179 7.550800e-01 6.668000e-03 2.382520e-01
180 7.539320e-01 6.724000e-03 2.393440e-01
181 7.527840e-01 6.820000e-03 2.403960e-01
182 7.515840e-01 6.888000e-03 2.415280e-01
183 7.504640e-01 6.828000e-03 2.427080e-01
184 7.492880e-01 6.796000e-03 2.439160e-01
185 7.480520e-01 6.852000e-03 2.450960e-01
186 7.469320e-01 6.652000e-03 2.464160e-01
187 7.459400e-01 6.444000e-03 2.476160e-01
188 7.449520e-01 6.324000e-03 2.487240e-01
189 7.440440e-01 6.112000e-03 2.498440e-01
190 7.431080e-01 5.988000e-03 2.509040e-01
191 7.420600e-01 6.032000e-03 2.519080e-01
192 7.410920e-01 5.832000e-03 2.530760e-01
193 7.400840e-01 5.804000e-03 2.541120e-01
194 7.391440e-01 5.696000e-03 2.551600e-01
195 7.382960e-01 5.472000e-03 2.562320e-01
196 7.373240e-01 5.424000e-03 2.572520e-01
197 7.366000e-01 5.108000e-03 2.582920e-01
198 7.357920e-01 5.020000e-03 2.591880e-01
199 7.350080e-01 4.896000e-03 2.600960e-01
200 7.341720e-01 4.788000e-03 2.610400e-01
201 7.333680e-01 4.752000e-03 2.618800e-01
202 7.323480e-01 4.892000e-03 2.627600e-01
203 7.315320e-01 4.936000e-03 2.635320e-01
204 7.306080e-01 5.064000e-03 2.643280e-01
205 7.296480e-01 5.184000e-03 2.651680e-01
206 7.287520e-01 5.168000e-03 2.660800e-01
207 7.279960e-01 4.908000e-03 2.670960e-01
208 7.271560e-01 4.972000e-03 2.678720e-01
209 7.262480e-01 4.956000e-03 2.687960e-01
210 7.253240e-01 4.936000e-03 2.697400e-01
211 7.244760e-01 5.000000e-03 2.705240e-01
212 7.236440e-01 4.968000e-03 2.713880e-01
213 7.228680e-01 4.868000e-03 2.722640e-01
214 7.219240e-01 4.980000e-03 2.730960e-01
215 7.210480e-01 4.924000e-03 2.740280e-01
216 7.201880e-01 4.892000e-03 2.749200e-01
217 7.194280e-01 4.796000e-03 2.757760e-01
218 7.185040e-01 4.920000e-03 2.765760e-01
219 7.177000e-01 4.856000e-03 2.774440e-01
220 7.168520e-01 4.784000e-03 2.783640e-01
221 7.159080e-01 4.832000e-03 2.792600e-01
222 7.150760e-01 4.848000e-03 2.800760e-01
223 7.142200e-01 4.772000e-03 2.810080e-01
224 7.134720e-01 4.684000e-03 2.818440e-01
225 7.127320e-01 4.624000e-03 2.826440e-01
226 7.119840e-01 4.564000e-03 2.834520e-01
227 7.111560e-01 4.544000e-03 2.843000e-01
228 7.104920e-01 4.424000e-03 2.850840e-01
229 7.096840e-01 4.448000e-03 2.858680e-01
230 7.088520e-01 4.560000e-03 2.865880e-01
231 7.080320e-01 4.584000e-03 2.873840e-01
232 7.072160e-01 4.672000e-03 2.881120e-01
233 7.063720e-01 4.708000e-03 2.889200e-01
234 7.055520e-01 4.720000e-03 2.897280e-01
235 7.047560e-01 4.688000e-03 2.905560e-01
236 7.039520e-01 4.632000e-03 2.914160e-01
237 7.031400e-01 4.584000e-03 2.922760e-01
238 7.023000e-01 4.592000e-03 2.931080e-01
239 7.015480e-01 4.564000e-03 2.938880e-01
240 7.007640e-01 4.584000e-03 2.946520e-01
241 6.999120e-01 4.712000e-03 2.953760e-01
242 6.990520e-01 4.792000e-03 2.961560e-01
243 6.982400e-01 4.760000e-03 2.970000e-01
244 6.974720e-01 4.784000e-03 2.977440e-01
245 6.967280e-01 4.696000e-03 2.985760e-01
246 6.959640e-01 4.632000e-03 2.994040e-01
247 6.953080e-01 4.496000e-03 3.001960e-01
248 6.944920e-01 4.532000e-03 3.009760e-01
249 6.937320e-01 4.536000e-03 3.017320e-01
250 6.930600e-01 4.420000e-03 3.025200e-01
251 6.923440e-01 4.308000e-03 3.033480e-01
252 6.916160e-01 4.272000e-03 3.041120e-01
253 6.908920e-01 4.284000e-03 3.048240e-01
254 6.902080e-01 4.280000e-03 3.055120e-01
255 6.894880e-01 4.136000e-03 3.063760e-01
256 6.887400e-01 4.132000e-03 3.071280e-01
257 6.880600e-01 4.016000e-03 3.079240e-01
258 6.873720e-01 3.880000e-03 3.087480e-01
259 6.868120e-01 3.888000e-03 3.093000e-01
260 6.861440e-01 3.968000e-03 3.098880e-01
261 6.856040e-01 3.884000e-03 3.105120e-01
262 6.850160e-01 3.828000e-03 3.111560e-01
263 6.844080e-01 3.820000e-03 3.117720e-01
264 6.837480e-01 3.788000e-03 3.124640e-01
265 6.831040e-01 3.796000e-03 3.131000e-01
266 6.824760e-01 3.720000e-03 3.138040e-01
267 6.817560e-01 3.660000e-03 3.145840e-01
268 6.811600e-01 3.644000e-03 3.151960e-01
269 6.805400e-01 3.604000e-03 3.158560e-01
270 6.798840e-01 3.692000e-03 3.164240e-01
271 6.791480e-01 3.764000e-03 3.170880e-01
272 6.784760e-01 3.712000e-03 3.178120e-01
273 6.777200e-01 3.820000e-03 3.184600e-01
274 6.770400e-01 3.732000e-03 3.192280e-01
275 6.764040e-01 3.600000e-03 3.199960e-01
276 6.758000e-01 3.512000e-03 3.206880e-01
277 6.751920e-01 3.516000e-03 3.212920e-01
278 6.745880e-01 3.564000e-03 3.218480e-01
279 6.740360e-01 3.480000e-03 3.224840e-01
280 6.735040e-01 3.468000e-03 3.230280e-01
281 6.729040e-01 3.460000e-03 3.236360e-01
282 6.724400e-01 3.352000e-03 3.242080e-01
283 6.719560e-01 3.232000e-03 3.248120e-01
284 6.713960e-01 3.212000e-03 3.253920e-01
285 6.710040e-01 3.004000e-03 3.259920e-01
286 6.705720e-01 2.904000e-03 3.265240e-01
287 6.700920e-01 2.892000e-03 3.270160e-01
288 6.695720e-01 2.920000e-03 3.275080e-01
289 6.690760e-01 2.908000e-03 3.280160e-01
290 6.685600e-01 2.984000e-03 3.284560e-01
291 6.680520e-01 2.944000e-03 3.290040e-01
292 6.675480e-01 2.888000e-03 3.295640e-01
293 6.669480e-01 2.960000e-03 3.300920e-01
294 6.664360e-01 2.960000e-03 3.306040e-01
295 6.659520e-01 2.956000e-03 3.310920e-01
296 6.654920e-01 2.916000e-03 3.315920e-01
297 6.651240e-01 2.764000e-03 3.321120e-01
298 6.647200e-01 2.696000e-03 3.325840e-01
299 6.641480e-01 2.760000e-03 3.330920e-01
300 6.636840e-01 2.752000e-03 3.335640e-01
301 6.632960e-01 2.592000e-03 3.341120e-01
302 6.628560e-01 2.584000e-03 3.345600e-01
303 6.623680e-01 2.660000e-03 3.349720e-01
304 6.619320e-01 2.652000e-03 3.354160e-01
305 6.614360e-01 2.648000e-03 3.359160e-01
306 6.609200e-01 2.712000e-03 3.363680e-01
307 6.604400e-01 2.692000e-03 3.368680e-01
308 6.599840e-01 2.740000e-03 3.372760e-01
309 6.595840e-01 2.644000e-03 3.377720e-01
310 6.591080e-01 2.676000e-03 3.382160e-01
311 6.587560e-01 2.504000e-03 3.387400e-01
312 6.583680e-01 2.452000e-03 3.391800e-01
313 6.579200e-01 2.408000e-03 3.396720e-01
314 6.574320e-01 2.512000e-03 3.400560e-01
315 6.569560e-01 2.548000e-03 3.404960e-01
316 6.564960e-01 2.580000e-03 3.409240e-01
317 6.560600e-01 2.572000e-03 3.413680e-01
318 6.555880e-01 2.572000e-03 3.418400e-01
319 6.551640e-01 2.540000e-03 3.422960e-01
320 6.546880e-01 2.644000e-03 3.426680e-01
321 6.543160e-01 2.568000e-03 3.431160e-01
322 6.539640e-01 2.508000e-03 3.435280e-01
323 6.535520e-01 2.432000e-03 3.440160e-01
324 6.531240e-01 2.460000e-03 3.444160e-01
325 6.527240e-01 2.316000e-03 3.449600e-01
326 6.523040e-01 2.300000e-03 3.453960e-01
327 6.519920e-01 2.176000e-03 3.458320e-01
328 6.516200e-01 2.236000e-03 3.461440e-01
329 6.511400e-01 2.352000e-03 3.465080e-01
330 6.507640e-01 2.352000e-03 3.468840e-01
331 6.503400e-01 2.300000e-03 3.473600e-01
332 6.499360e-01 2.312000e-03 3.477520e-01
333 6.495320e-01 2.308000e-03 3.481600e-01
334 6.491120e-01 2.308000e-03 3.485800e-01
335 6.488440e-01 2.184000e-03 3.489720e-01
336 6.484440e-01 2.164000e-03 3.493920e-01
337 6.480400e-01 2.088000e-03 3.498720e-01
338 6.475960e-01 2.224000e-03 3.501800e-01
339 6.472200e-01 2.208000e-03 3.505720e-01
340 6.468200e-01 2.252000e-03 3.509280e-01
341 6.463840e-01 2.308000e-03 3.513080e-01
342 6.460280e-01 2.216000e-03 3.517560e-01
343 6.457240e-01 2.124000e-03 3.521520e-01
344 6.453440e-01 2.084000e-03 3.525720e-01
345 6.450120e-01 2.036000e-03 3.529520e-01
346 6.446560e-01 1.984000e-03 3.533600e-01
347 6.442760e-01 2.004000e-03 3.537200e-01
348 6.439320e-01 1.956000e-03 3.541120e-01
349 6.435800e-01 1.984000e-03 3.544360e-01
350 6.432560e-01 1.960000e-03 3.547840e-01
351 6.429200e-01 1.976000e-03 3.551040e-01
352 6.425560e-01 2.000000e-03 3.554440e-01
353 6.421960e-01 1.972000e-03 3.558320e-01
354 6.418200e-01 2.000000e-03 3.561800e-01
355 6.415520e-01 1.904000e-03 3.565440e-01
356 6.412400e-01 1.912000e-03 3.568480e-01
357 6.409080e-01 1.940000e-03 3.571520e-01
358 6.406520e-01 1.812000e-03 3.575360e-01
359 6.403880e-01 1.736000e-03 3.578760e-01
360 6.400640e-01 1.784000e-03 3.581520e-01
361 6.397880e-01 1.744000e-03 3.584680e-01
362 6.395200e-01 1.780000e-03 3.587000e-01
363 6.391960e-01 1.736000e-03 3.590680e-01
364 6.389560e-01 1.636000e-03 3.594080e-01
365 6.386720e-01 1.600000e-03 3.597280e-01
366 6.383720e-01 1.588000e-03 3.600400e-01
367 6.381400e-01 1.560000e-03 3.603000e-01
368 6.378960e-01 1.564000e-03 3.605400e-01
369 6.376520e-01 1.576000e-03 3.607720e-01
370 6.373960e-01 1.560000e-03 3.610440e-01
371 6.371400e-01 1.564000e-03 3.612960e-01
372 6.369280e-01 1.520000e-03 3.615520e-01
373 6.367000e-01 1.452000e-03 3.618480e-01
374 6.364320e-01 1.468000e-03 3.621000e-01
375 6.360600e-01 1.600000e-03 3.623400e-01
376 6.357720e-01 1.624000e-03 3.626040e-01
377 6.354680e-01 1.612000e-03 3.629200e-01
378 6.351760e-01 1.628000e-03 3.631960e-01
379 6.348280e-01 1.732000e-03 3.634400e-01
380 6.345000e-01 1.716000e-03 3.637840e-01
381 6.341760e-01 1.768000e-03 3.640560e-01
382 6.339280e-01 1.752000e-03 3.643200e-01
383 6.336840e-01 1.748000e-03 3.645680e-01
384 6.334280e-01 1.740000e-03 3.648320e-01
385 6.330800e-01 1.812000e-03 3.651080e-01
386 6.327600e-01 1.792000e-03 3.654480e-01
387 6.324200e-01 1.852000e-03 3.657280e-01
388 6.321080e-01 1.880000e-03 3.660120e-01
389 6.318160e-01 1.852000e-03 3.663320e-01
390 6.315720e-01 1.760000e-03 3.666680e-01
391 6.312680e-01 1.772000e-03 3.669600e-01
392 6.310120e-01 1.704000e-03 3.672840e-01
393 6.307560e-01 1.636000e-03 3.676080e-01
394 6.305200e-01 1.580000e-03 3.679000e-01
395 6.302960e-01 1.500000e-03 3.682040e-01
396 6.300840e-01 1.432000e-03 3.684840e-01
397 6.298520e-01 1.408000e-03 3.687400e-01
398 6.295960e-01 1.480000e-03 3.689240e-01
399 6.293920e-01 1.428000e-03 3.691800e-01
400 6.291480e-01 1.420000e-03 3.694320e-01
401 6.289920e-01 1.320000e-03 3.696880e-01
402 6.288440e-01 1.184000e-03 3.699720e-01
403 6.287440e-01 1.008000e-03 3.702480e-01
404 6.285960e-01 9.680000e-04 3.704360e-01
405 6.284520e-01 9.600000e-04 3.705880e-01
406 6.283320e-01 8.880000e-04 3.707800e-01
407 6.281520e-01 9.120000e-04 3.709360e-01
408 6.280080e-01 9.160000e-04 3.710760e-01
409 6.279000e-01 8.320000e-04 3.712680e-01
410 6.277560e-01 8.440000e-04 3.714000e-01
411 6.276120e-01 8.320000e-04 3.715560e-01
412 6.274560e-01 8.360000e-04 3.717080e-01
413 6.273520e-01 8.120000e-04 3.718360e-01
414 6.271760e-01 8.560000e-04 3.719680e-01
415 6.270040e-01 8.840000e-04 3.721120e-01
416 6.268160e-01 9.080000e-04 3.722760e-01
417 6.266680e-01 8.880000e-04 3.724440e-01
418 6.265240e-01 8.800000e-04 3.725960e-01
419 6.263640e-01 8.920000e-04 3.727440e-01
420 6.261720e-01 9.040000e-04 3.729240e-01
421 6.260040e-01 9.160000e-04 3.730800e-01
422 6.257800e-01 9.440000e-04 3.732760e-01
423 6.256080e-01 9.600000e-04 3.734320e-01
424 6.253720e-01 9.600000e-04 3.736680e-01
425 6.252320e-01 9.400000e-04 3.738280e-01
426 6.250600e-01 9.480000e-04 3.739920e-01
427 6.249200e-01 9.200000e-04 3.741600e-01
428 6.247960e-01 8.880000e-04 3.743160e-01
429 6.246360e-01 8.640000e-04 3.745000e-01
430 6.244880e-01 8.680000e-04 3.746440e-01
431 6.243600e-01 8.360000e-04 3.748040e-01
432 6.242240e-01 8.280000e-04 3.749480e-01
433 6.240640e-01 8.520000e-04 3.750840e-01
434 6.239240e-01 8.480000e-04 3.752280e-01
435 6.237720e-01 8.280000e-04 3.754000e-01
436 6.236360e-01 8.240000e-04 3.755400e-01
437 6.234680e-01 8.840000e-04 3.756480e-01
438 6.233120e-01 8.800000e-04 3.758080e-01
439 6.231320e-01 8.800000e-04 3.759880e-01
440 6.229680e-01 9.040000e-04 3.761280e-01
441 6.227920e-01 9.120000e-04 3.762960e-01
442 6.226000e-01 9.560000e-04 3.764440e-01
443 6.224640e-01 8.960000e-04 3.766400e-01
444 6.222840e-01 9.080000e-04 3.768080e-01
445 6.221400e-01 8.800000e-04 3.769800e-01
446 6.219480e-01 9.280000e-04 3.771240e-01
447 6.217720e-01 9.480000e-04 3.772800e-01
448 6.216080e-01 9.240000e-04 3.774680e-01
449 6.215000e-01 8.800000e-04 3.776200e-01
450 6.213640e-01 8.720000e-04 3.777640e-01
451 6.212360e-01 8.440000e-04 3.779200e-01
452 6.210640e-01 8.440000e-04 3.780920e-01
453 6.209520e-01 8.360000e-04 3.782120e-01
454 6.207960e-01 8.600000e-04 3.783440e-01
455 6.206400e-01 8.360000e-04 3.785240e-01
456 6.204880e-01 8.080000e-04 3.787040e-01
457 6.203680e-01 7.920000e-04 3.788400e-01
458 6.202400e-01 7.520000e-04 3.790080e-01
459 6.201000e-01 7.480000e-04 3.791520e-01
460 6.199480e-01 7.640000e-04 3.792880e-01
461 6.198560e-01 7.000000e-04 3.794440e-01
462 6.197680e-01 6.520000e-04 3.795800e-01
463 6.196640e-01 6.240000e-04 3.797120e-01
464 6.195560e-01 6.400000e-04 3.798040e-01
465 6.194320e-01 6.680000e-04 3.799000e-01
466 6.193680e-01 5.920000e-04 3.800400e-01
467 6.192720e-01 6.080000e-04 3.801200e-01
468 6.191680e-01 5.840000e-04 3.802480e-01
469 6.190720e-01 5.400000e-04 3.803880e-01
470 6.189680e-01 5.600000e-04 3.804720e-01
471 6.188240e-01 5.720000e-04 3.806040e-01
472 6.187360e-01 5.480000e-04 3.807160e-01
473 6.186520e-01 5.160000e-04 3.808320e-01
474 6.185840e-01 5.040000e-04 3.809120e-01
475 6.185320e-01 4.520000e-04 3.810160e-01
476 6.184720e-01 4.240000e-04 3.811040e-01
477 6.183680e-01 4.640000e-04 3.811680e-01
478 6.183080e-01 4.400000e-04 3.812520e-01
479 6.182520e-01 4.400000e-04 3.813080e-01
480 6.181960e-01 4.480000e-04 3.813560e-01
481 6.181200e-01 4.360000e-04 3.814440e-01
482 6.180560e-01 4.040000e-04 3.815400e-01
483 6.180080e-01 3.760000e-04 3.816160e-01
484 6.179720e-01 3.240000e-04 3.817040e-01
485 6.179240e-01 3.160000e-04 3.817600e-01
486 6.178760e-01 3.040000e-04 3.818200e-01
487 6.178200e-01 2.840000e-04 3.818960e-01
488 6.177600e-01 2.880000e-04 3.819520e-01
489 6.177280e-01 2.880000e-04 3.819840e-01
490 6.176600e-01 2.960000e-04 3.820440e-01
491 6.176080e-01 3.000000e-04 3.820920e-01
492 6.175360e-01 3.200000e-04 3.821440e-01
493 6.174600e-01 3.400000e-04 3.822000e-01
494 6.174160e-01 3.240000e-04 3.822600e-01
495 6.173560e-01 3.240000e-04 3.823200e-01
496 6.173040e-01 3.120000e-04 3.823840e-01
497 6.172520e-01 3.160000e-04 3.824320e-01
498 6.171920e-01 3.160000e-04 3.824920e-01
499 6.171320e-01 3.000000e-04 3.825680e-01
500 6.170720e-01 3.240000e-04 3.826040e-01
