1 9.991840e-01 7.480000e-04 6.800000e-05
2 9.987280e-01 1.016000e-03 2.560000e-04
3 9.981560e-01 1.396000e-03 4.480000e-04
4 9.974680e-01 1.820000e-03 7.120000e-04
5 9.967320e-01 2.228000e-03 1.040000e-03
6 9.958640e-01 2.676000e-03 1.460000e-03
7 9.947880e-01 3.288000e-03 1.924000e-03
8 9.937840e-01 3.672000e-03 2.544000e-03
9 9.927920e-01 3.912000e-03 3.296000e-03
10 9.916920e-01 4.320000e-03 3.988000e-03
11 9.906800e-01 4.576000e-03 4.744000e-03
12 9.894320e-01 5.068000e-03 5.500000e-03
13 9.882920e-01 5.324000e-03 6.384000e-03
14 9.870800e-01 5.512000e-03 7.408000e-03
15 9.859040e-01 5.748000e-03 8.348000e-03
16 9.846960e-01 5.988000e-03 9.316000e-03
17 9.833360e-01 6.216000e-03 1.044800e-02
18 9.821200e-01 6.284000e-03 1.159600e-02
19 9.809400e-01 6.348000e-03 1.271200e-02
20 9.796080e-01 6.496000e-03 1.389600e-02
21 9.783720e-01 6.640000e-03 1.498800e-02
22 9.771320e-01 6.668000e-03 1.620000e-02
23 9.757640e-01 6.916000e-03 1.732000e-02
24 9.745320e-01 6.872000e-03 1.859600e-02
25 9.732440e-01 7.048000e-03 1.970800e-02
26 9.718920e-01 7.160000e-03 2.094800e-02
27 9.705760e-01 7.208000e-03 2.221600e-02
28 9.691160e-01 7.460000e-03 2.342400e-02
29 9.676720e-01 7.540000e-03 2.478800e-02
30 9.663200e-01 7.480000e-03 2.620000e-02
31 9.647920e-01 7.592000e-03 2.761600e-02
32 9.633280e-01 7.720000e-03 2.895200e-02
33 9.618640e-01 7.684000e-03 3.045200e-02
34 9.603680e-01 7.864000e-03 3.176800e-02
35 9.589040e-01 7.960000e-03 3.313600e-02
36 9.574440e-01 7.956000e-03 3.460000e-02
37 9.561200e-01 7.960000e-03 3.592000e-02
38 9.546800e-01 7.920000e-03 3.740000e-02
39 9.533800e-01 7.700000e-03 3.892000e-02
40 9.520400e-01 7.600000e-03 4.036000e-02
41 9.506880e-01 7.676000e-03 4.163600e-02
42 9.492320e-01 7.924000e-03 4.284400e-02
43 9.478400e-01 7.912000e-03 4.424800e-02
44 9.465600e-01 7.864000e-03 4.557600e-02
45 9.450960e-01 7.900000e-03 4.700400e-02
46 9.438360e-01 7.756000e-03 4.840800e-02
47 9.422960e-01 7.916000e-03 4.978800e-02
48 9.408240e-01 8.120000e-03 5.105600e-02
49 9.395000e-01 7.976000e-03 5.252400e-02
50 9.379440e-01 8.124000e-03 5.393200e-02
51 9.364680e-01 8.156000e-03 5.537600e-02
52 9.349240e-01 8.176000e-03 5.690000e-02
53 9.334760e-01 8.100000e-03 5.842400e-02
54 9.319720e-01 8.136000e-03 5.989200e-02
55 9.303320e-01 8.332000e-03 6.133600e-02
56 9.287400e-01 8.448000e-03 6.281200e-02
57 9.270760e-01 8.500000e-03 6.442400e-02
58 9.255920e-01 8.536000e-03 6.587200e-02
59 9.242320e-01 8.468000e-03 6.730000e-02
60 9.226120e-01 8.500000e-03 6.888800e-02
61 9.209840e-01 8.584000e-03 7.043200e-02
62 9.196600e-01 8.516000e-03 7.182400e-02
63 9.180680e-01 8.640000e-03 7.329200e-02
64 9.166520e-01 8.564000e-03 7.478400e-02
65 9.152040e-01 8.540000e-03 7.625600e-02
66 9.135680e-01 8.724000e-03 7.770800e-02
67 9.119600e-01 8.656000e-03 7.938400e-02
68 9.105360e-01 8.572000e-03 8.089200e-02
69 9.091520e-01 8.432000e-03 8.241600e-02
70 9.076880e-01 8.476000e-03 8.383600e-02
71 9.062360e-01 8.392000e-03 8.537200e-02
72 9.047960e-01 8.444000e-03 8.676000e-02
73 9.032120e-01 8.548000e-03 8.824000e-02
74 9.016960e-01 8.560000e-03 8.974400e-02
75 9.002920e-01 8.372000e-03 9.133600e-02
76 8.988640e-01 8.228000e-03 9.290800e-02
77 8.975000e-01 8.140000e-03 9.436000e-02
78 8.959960e-01 8.300000e-03 9.570400e-02
79 8.945280e-01 8.248000e-03 9.722400e-02
80 8.929680e-01 8.336000e-03 9.869600e-02
81 8.915960e-01 8.288000e-03 1.001160e-01
82 8.900720e-01 8.436000e-03 1.014920e-01
83 8.886320e-01 8.460000e-03 1.029080e-01
84 8.870600e-01 8.552000e-03 1.043880e-01
85 8.856440e-01 8.512000e-03 1.058440e-01
86 8.843680e-01 8.336000e-03 1.072960e-01
87 8.828840e-01 8.488000e-03 1.086280e-01
88 8.813560e-01 8.592000e-03 1.100520e-01
89 8.798640e-01 8.456000e-03 1.116800e-01
90 8.783640e-01 8.460000e-03 1.131760e-01
91 8.769720e-01 8.296000e-03 1.147320e-01
92 8.755960e-01 8.176000e-03 1.162280e-01
93 8.741240e-01 8.300000e-03 1.175760e-01
94 8.727120e-01 8.320000e-03 1.189680e-01
95 8.713720e-01 8.168000e-03 1.204600e-01
96 8.699560e-01 8.204000e-03 1.218400e-01
97 8.685960e-01 8.164000e-03 1.232400e-01
98 8.672320e-01 8.128000e-03 1.246400e-01
99 8.656960e-01 8.388000e-03 1.259160e-01
100 8.642760e-01 8.320000e-03 1.274040e-01
101 8.628520e-01 8.088000e-03 1.290600e-01
102 8.613760e-01 8.236000e-03 1.303880e-01
103 8.599560e-01 8.320000e-03 1.317240e-01
104 8.585440e-01 8.144000e-03 1.333120e-01
105 8.571840e-01 8.124000e-03 1.346920e-01
106 8.558960e-01 8.072000e-03 1.360320e-01
107 8.545680e-01 8.016000e-03 1.374160e-01
108 8.532040e-01 7.868000e-03 1.389280e-01
109 8.518880e-01 7.892000e-03 1.402200e-01
110 8.505520e-01 7.944000e-03 1.415040e-01
111 8.492320e-01 7.880000e-03 1.428880e-01
112 8.478320e-01 7.996000e-03 1.441720e-01
113 8.465400e-01 8.004000e-03 1.454560e-01
114 8.450000e-01 8.088000e-03 1.469120e-01
115 8.435880e-01 8.188000e-03 1.482240e-01
116 8.421960e-01 8.140000e-03 1.496640e-01
117 8.408800e-01 8.096000e-03 1.510240e-01
118 8.396080e-01 7.904000e-03 1.524880e-01
119 8.383160e-01 7.816000e-03 1.538680e-01
120 8.371680e-01 7.664000e-03 1.551680e-01
121 8.359560e-01 7.588000e-03 1.564560e-01
122 8.346640e-01 7.652000e-03 1.576840e-01
123 8.333280e-01 7.700000e-03 1.589720e-01
124 8.321280e-01 7.504000e-03 1.603680e-01
125 8.308080e-01 7.472000e-03 1.617200e-01
126 8.294760e-01 7.464000e-03 1.630600e-01
127 8.283240e-01 7.192000e-03 1.644840e-01
128 8.270280e-01 7.196000e-03 1.657760e-01
129 8.256640e-01 7.288000e-03 1.670480e-01
130 8.244720e-01 7.156000e-03 1.683720e-01
131 8.232160e-01 7.132000e-03 1.696520e-01
132 8.219200e-01 7.280000e-03 1.708000e-01
133 8.205480e-01 7.452000e-03 1.720000e-01
134 8.192800e-01 7.368000e-03 1.733520e-01
135 8.180160e-01 7.380000e-03 1.746040e-01
136 8.167280e-01 7.368000e-03 1.759040e-01
137 8.153600e-01 7.512000e-03 1.771280e-01
138 8.139960e-01 7.624000e-03 1.783800e-01
139 8.125480e-01 7.700000e-03 1.797520e-01
140 8.113720e-01 7.512000e-03 1.811160e-01
141 8.101200e-01 7.440000e-03 1.824400e-01
142 8.089480e-01 7.072000e-03 1.839800e-01
143 8.078680e-01 6.964000e-03 1.851680e-01
144 8.066840e-01 6.840000e-03 1.864760e-01
145 8.053960e-01 6.988000e-03 1.876160e-01
146 8.042640e-01 7.004000e-03 1.887320e-01
147 8.032200e-01 6.836000e-03 1.899440e-01
148 8.019920e-01 6.928000e-03 1.910800e-01
149 8.007560e-01 6.892000e-03 1.923520e-01
150 7.995400e-01 6.940000e-03 1.935200e-01
151 7.982000e-01 7.124000e-03 1.946760e-01
152 7.969360e-01 6.956000e-03 1.961080e-01
153 7.955760e-01 7.072000e-03 1.973520e-01
154 7.944040e-01 6.908000e-03 1.986880e-01
155 7.931760e-01 6.988000e-03 1.998360e-01
156 7.920480e-01 6.764000e-03 2.011880e-01
157 7.909120e-01 6.648000e-03 2.024400e-01
158 7.896760e-01 6.696000e-03 2.036280e-01
159 7.884760e-01 6.768000e-03 2.047560e-01
160 7.874320e-01 6.556000e-03 2.060120e-01
161 7.863640e-01 6.536000e-03 2.071000e-01
162 7.852680e-01 6.432000e-03 2.083000e-01
163 7.840400e-01 6.536000e-03 2.094240e-01
164 7.827240e-01 6.784000e-03 2.104920e-01
165 7.815720e-01 6.804000e-03 2.116240e-01
166 7.802560e-01 6.912000e-03 2.128320e-01
167 7.789960e-01 6.932000e-03 2.140720e-01
168 7.777120e-01 7.064000e-03 2.152240e-01
169 7.764800e-01 7.024000e-03 2.164960e-01
170 7.753880e-01 6.880000e-03 2.177320e-01
171 7.742040e-01 6.812000e-03 2.189840e-01
172 7.729720e-01 6.808000e-03 2.202200e-01
173 7.718880e-01 6.772000e-03 2.213400e-01
174 7.706720e-01 6.844000e-03 2.224840e-01
175 7.696440e-01 6.752000e-03 2.236040e-01
176 7.685520e-01 6.724000e-03 2.247240e-01
177 7.673600e-01 6.736000e-03 2.259040e-01
178 7.662400e-01 6.500000e-03 2.272600e-01
179 7.652360e-01 6.276000e-03 2.284880e-01
180 7.642840e-01 6.184000e-03 2.295320e-01
181 7.632280e-01 6.108000e-03 2.306640e-01
182 7.621040e-01 6.160000e-03 2.317360e-01
183 7.609800e-01 6.168000e-03 2.328520e-01
184 7.598280e-01 6.128000e-03 2.340440e-01
185 7.587520e-01 6.140000e-03 2.351080e-01
186 7.576160e-01 6.232000e-03 2.361520e-01
187 7.567800e-01 6.076000e-03 2.371440e-01
188 7.557120e-01 6.016000e-03 2.382720e-01
189 7.546480e-01 6.144000e-03 2.392080e-01
190 7.536320e-01 6.032000e-03 2.403360e-01
191 7.526360e-01 5.956000e-03 2.414080e-01
192 7.514640e-01 6.072000e-03 2.424640e-01
193 7.503640e-01 6.180000e-03 2.434560e-01
194 7.493800e-01 6.068000e-03 2.445520e-01
195 7.482840e-01 6.028000e-03 2.456880e-01
196 7.473240e-01 5.880000e-03 2.467960e-01
197 7.461440e-01 6.040000e-03 2.478160e-01
198 7.450800e-01 5.980000e-03 2.489400e-01
199 7.440000e-01 6.148000e-03 2.498520e-01
200 7.428640e-01 6.228000e-03 2.509080e-01
201 7.418120e-01 6.168000e-03 2.520200e-01
202 7.407600e-01 6.044000e-03 2.531960e-01
203 7.397800e-01 6.056000e-03 2.541640e-01
204 7.388840e-01 5.968000e-03 2.551480e-01
205 7.378200e-01 5.896000e-03 2.562840e-01
206 7.367920e-01 5.856000e-03 2.573520e-01
207 7.356320e-01 6.044000e-03 2.583240e-01
208 7.346320e-01 5.960000e-03 2.594080e-01
209 7.337080e-01 5.860000e-03 2.604320e-01
210 7.328360e-01 5.744000e-03 2.614200e-01
211 7.319240e-01 5.760000e-03 2.623160e-01
212 7.309160e-01 5.776000e-03 2.633080e-01
213 7.299280e-01 5.752000e-03 2.643200e-01
214 7.290280e-01 5.648000e-03 2.653240e-01
215 7.279840e-01 5.752000e-03 2.662640e-01
216 7.269960e-01 5.780000e-03 2.672240e-01
217 7.260480e-01 5.684000e-03 2.682680e-01
218 7.250960e-01 5.604000e-03 2.693000e-01
219 7.241360e-01 5.556000e-03 2.703080e-01
220 7.233040e-01 5.456000e-03 2.712400e-01
221 7.223920e-01 5.368000e-03 2.722400e-01
222 7.213840e-01 5.504000e-03 2.731120e-01
223 7.203680e-01 5.668000e-03 2.739640e-01
224 7.193160e-01 5.676000e-03 2.750080e-01
225 7.184240e-01 5.540000e-03 2.760360e-01
226 7.174160e-01 5.604000e-03 2.769800e-01
227 7.164400e-01 5.540000e-03 2.780200e-01
228 7.155680e-01 5.376000e-03 2.790560e-01
229 7.146840e-01 5.404000e-03 2.799120e-01
230 7.137040e-01 5.432000e-03 2.808640e-01
231 7.127600e-01 5.444000e-03 2.817960e-01
232 7.117800e-01 5.504000e-03 2.827160e-01
233 7.108320e-01 5.444000e-03 2.837240e-01
234 7.100120e-01 5.264000e-03 2.847240e-01
235 7.090880e-01 5.212000e-03 2.857000e-01
236 7.083840e-01 5.024000e-03 2.865920e-01
237 7.075360e-01 5.088000e-03 2.873760e-01
238 7.067840e-01 4.932000e-03 2.882840e-01
239 7.060520e-01 4.824000e-03 2.891240e-01
240 7.053920e-01 4.636000e-03 2.899720e-01
241 7.046000e-01 4.520000e-03 2.908800e-01
242 7.038680e-01 4.484000e-03 2.916480e-01
243 7.031720e-01 4.452000e-03 2.923760e-01
244 7.023120e-01 4.480000e-03 2.932080e-01
245 7.015600e-01 4.492000e-03 2.939480e-01
246 7.008800e-01 4.404000e-03 2.947160e-01
247 7.001960e-01 4.372000e-03 2.954320e-01
248 6.995080e-01 4.184000e-03 2.963080e-01
249 6.988880e-01 4.024000e-03 2.970880e-01
250 6.981760e-01 4.068000e-03 2.977560e-01
251 6.975360e-01 4.008000e-03 2.984560e-01
252 6.969200e-01 3.932000e-03 2.991480e-01
253 6.961280e-01 4.052000e-03 2.998200e-01
254 6.953240e-01 4.056000e-03 3.006200e-01
255 6.945920e-01 4.012000e-03 3.013960e-01
256 6.938760e-01 4.048000e-03 3.020760e-01
257 6.931640e-01 4.024000e-03 3.028120e-01
258 6.924920e-01 3.892000e-03 3.036160e-01
259 6.918320e-01 3.860000e-03 3.043080e-01
260 6.911600e-01 3.800000e-03 3.050400e-01
261 6.904480e-01 3.892000e-03 3.056600e-01
262 6.898080e-01 3.884000e-03 3.063080e-01
263 6.891080e-01 3.976000e-03 3.069160e-01
264 6.884240e-01 4.000000e-03 3.075760e-01
265 6.877000e-01 4.008000e-03 3.082920e-01
266 6.869600e-01 4.020000e-03 3.090200e-01
267 6.861160e-01 4.152000e-03 3.097320e-01
268 6.854160e-01 4.128000e-03 3.104560e-01
269 6.846960e-01 4.028000e-03 3.112760e-01
270 6.840960e-01 3.932000e-03 3.119720e-01
271 6.835440e-01 3.716000e-03 3.127400e-01
272 6.830520e-01 3.616000e-03 3.133320e-01
273 6.824560e-01 3.596000e-03 3.139480e-01
274 6.818800e-01 3.392000e-03 3.147280e-01
275 6.811640e-01 3.544000e-03 3.152920e-01
276 6.805440e-01 3.540000e-03 3.159160e-01
277 6.798160e-01 3.616000e-03 3.165680e-01
278 6.792080e-01 3.604000e-03 3.171880e-01
279 6.785600e-01 3.652000e-03 3.177880e-01
280 6.780240e-01 3.576000e-03 3.184000e-01
281 6.774280e-01 3.516000e-03 3.190560e-01
282 6.767040e-01 3.668000e-03 3.196280e-01
283 6.760720e-01 3.668000e-03 3.202600e-01
284 6.753440e-01 3.796000e-03 3.208600e-01
285 6.746240e-01 3.820000e-03 3.215560e-01
286 6.739600e-01 3.836000e-03 3.222040e-01
287 6.733320e-01 3.828000e-03 3.228400e-01
288 6.725440e-01 3.896000e-03 3.235600e-01
289 6.716400e-01 4.176000e-03 3.241840e-01
290 6.708000e-01 4.324000e-03 3.248760e-01
291 6.700880e-01 4.272000e-03 3.256400e-01
292 6.694200e-01 4.212000e-03 3.263680e-01
293 6.686600e-01 4.268000e-03 3.270720e-01
294 6.680160e-01 4.160000e-03 3.278240e-01
295 6.672800e-01 4.184000e-03 3.285360e-01
296 6.665200e-01 4.100000e-03 3.293800e-01
297 6.658320e-01 4.096000e-03 3.300720e-01
298 6.651200e-01 4.064000e-03 3.308160e-01
299 6.643560e-01 4.076000e-03 3.315680e-01
300 6.638320e-01 3.956000e-03 3.322120e-01
301 6.632000e-01 3.852000e-03 3.329480e-01
302 6.625960e-01 3.812000e-03 3.335920e-01
303 6.621240e-01 3.624000e-03 3.342520e-01
304 6.615240e-01 3.604000e-03 3.348720e-01
305 6.610120e-01 3.456000e-03 3.355320e-01
306 6.605120e-01 3.272000e-03 3.362160e-01
307 6.599360e-01 3.292000e-03 3.367720e-01
308 6.593760e-01 3.380000e-03 3.372440e-01
309 6.587960e-01 3.380000e-03 3.378240e-01
310 6.581680e-01 3.488000e-03 3.383440e-01
311 6.576840e-01 3.352000e-03 3.389640e-01
312 6.570760e-01 3.388000e-03 3.395360e-01
313 6.564520e-01 3.396000e-03 3.401520e-01
314 6.558240e-01 3.460000e-03 3.407160e-01
315 6.552440e-01 3.384000e-03 3.413720e-01
316 6.546280e-01 3.468000e-03 3.419040e-01
317 6.540800e-01 3.392000e-03 3.425280e-01
318 6.534920e-01 3.420000e-03 3.430880e-01
319 6.528480e-01 3.528000e-03 3.436240e-01
320 6.522760e-01 3.556000e-03 3.441680e-01
321 6.517360e-01 3.496000e-03 3.447680e-01
322 6.511600e-01 3.548000e-03 3.452920e-01
323 6.506840e-01 3.508000e-03 3.458080e-01
324 6.501560e-01 3.368000e-03 3.464760e-01
325 6.495720e-01 3.444000e-03 3.469840e-01
326 6.489920e-01 3.412000e-03 3.475960e-01
327 6.484760e-01 3.288000e-03 3.482360e-01
328 6.480160e-01 3.144000e-03 3.488400e-01
329 6.474680e-01 3.200000e-03 3.493320e-01
330 6.469000e-01 3.284000e-03 3.498160e-01
331 6.463640e-01 3.152000e-03 3.504840e-01
332 6.457720e-01 3.180000e-03 3.510480e-01
333 6.451720e-01 3.216000e-03 3.516120e-01
334 6.445560e-01 3.308000e-03 3.521360e-01
335 6.439040e-01 3.420000e-03 3.526760e-01
336 6.433080e-01 3.496000e-03 3.531960e-01
337 6.426640e-01 3.476000e-03 3.538600e-01
338 6.420880e-01 3.428000e-03 3.544840e-01
339 6.415320e-01 3.408000e-03 3.550600e-01
340 6.409960e-01 3.364000e-03 3.556400e-01
341 6.404640e-01 3.280000e-03 3.562560e-01
342 6.397680e-01 3.388000e-03 3.568440e-01
343 6.391800e-01 3.360000e-03 3.574600e-01
344 6.386480e-01 3.304000e-03 3.580480e-01
345 6.381680e-01 3.196000e-03 3.586360e-01
346 6.377160e-01 3.052000e-03 3.592320e-01
347 6.372480e-01 3.028000e-03 3.597240e-01
348 6.367160e-01 2.960000e-03 3.603240e-01
349 6.363160e-01 2.924000e-03 3.607600e-01
350 6.358600e-01 2.864000e-03 3.612760e-01
351 6.354120e-01 2.820000e-03 3.617680e-01
352 6.348600e-01 2.880000e-03 3.622600e-01
353 6.344720e-01 2.796000e-03 3.627320e-01
354 6.339560e-01 2.768000e-03 3.632760e-01
355 6.335040e-01 2.748000e-03 3.637480e-01
356 6.330280e-01 2.732000e-03 3.642400e-01
357 6.325960e-01 2.680000e-03 3.647240e-01
358 6.322240e-01 2.532000e-03 3.652440e-01
359 6.318680e-01 2.464000e-03 3.656680e-01
360 6.314840e-01 2.420000e-03 3.660960e-01
361 6.311440e-01 2.344000e-03 3.665120e-01
362 6.307200e-01 2.352000e-03 3.669280e-01
363 6.304000e-01 2.260000e-03 3.673400e-01
364 6.300320e-01 2.248000e-03 3.677200e-01
365 6.296040e-01 2.280000e-03 3.681160e-01
366 6.292160e-01 2.320000e-03 3.684640e-01
367 6.289000e-01 2.208000e-03 3.688920e-01
368 6.285520e-01 2.220000e-03 3.692280e-01
369 6.282360e-01 2.108000e-03 3.696560e-01
370 6.277520e-01 2.232000e-03 3.700160e-01
371 6.273280e-01 2.204000e-03 3.704680e-01
372 6.269480e-01 2.156000e-03 3.708960e-01
373 6.266000e-01 2.172000e-03 3.712280e-01
374 6.262800e-01 2.180000e-03 3.715400e-01
375 6.258960e-01 2.204000e-03 3.719000e-01
376 6.254640e-01 2.268000e-03 3.722680e-01
377 6.249840e-01 2.392000e-03 3.726240e-01
378 6.245080e-01 2.444000e-03 3.730480e-01
379 6.240480e-01 2.524000e-03 3.734280e-01
380 6.235720e-01 2.532000e-03 3.738960e-01
381 6.232000e-01 2.440000e-03 3.743600e-01
382 6.228520e-01 2.344000e-03 3.748040e-01
383 6.224920e-01 2.280000e-03 3.752280e-01
384 6.221280e-01 2.276000e-03 3.755960e-01
385 6.217920e-01 2.200000e-03 3.760080e-01
386 6.214200e-01 2.136000e-03 3.764440e-01
387 6.210600e-01 2.144000e-03 3.767960e-01
388 6.207160e-01 2.128000e-03 3.771560e-01
389 6.202720e-01 2.264000e-03 3.774640e-01
390 6.199280e-01 2.184000e-03 3.778880e-01
391 6.195000e-01 2.264000e-03 3.782360e-01
392 6.191920e-01 2.240000e-03 3.785680e-01
393 6.189160e-01 2.152000e-03 3.789320e-01
394 6.185680e-01 2.132000e-03 3.793000e-01
395 6.181680e-01 2.108000e-03 3.797240e-01
396 6.178720e-01 2.012000e-03 3.801160e-01
397 6.175520e-01 2.024000e-03 3.804240e-01
398 6.172160e-01 1.936000e-03 3.808480e-01
399 6.169080e-01 1.908000e-03 3.811840e-01
400 6.165880e-01 1.904000e-03 3.815080e-01
401 6.162800e-01 1.896000e-03 3.818240e-01
402 6.160080e-01 1.828000e-03 3.821640e-01
403 6.155880e-01 1.948000e-03 3.824640e-01
404 6.152560e-01 1.892000e-03 3.828520e-01
405 6.149760e-01 1.844000e-03 3.831800e-01
406 6.146920e-01 1.768000e-03 3.835400e-01
407 6.144560e-01 1.728000e-03 3.838160e-01
408 6.140960e-01 1.756000e-03 3.841480e-01
409 6.137560e-01 1.788000e-03 3.844560e-01
410 6.135120e-01 1.672000e-03 3.848160e-01
411 6.132240e-01 1.664000e-03 3.851120e-01
412 6.129240e-01 1.660000e-03 3.854160e-01
413 6.126440e-01 1.692000e-03 3.856640e-01
414 6.123280e-01 1.704000e-03 3.859680e-01
415 6.120160e-01 1.748000e-03 3.862360e-01
416 6.117840e-01 1.652000e-03 3.865640e-01
417 6.115680e-01 1.604000e-03 3.868280e-01
418 6.113720e-01 1.504000e-03 3.871240e-01
419 6.112360e-01 1.380000e-03 3.873840e-01
420 6.110360e-01 1.388000e-03 3.875760e-01
421 6.108080e-01 1.396000e-03 3.877960e-01
422 6.106240e-01 1.372000e-03 3.880040e-01
423 6.104200e-01 1.344000e-03 3.882360e-01
424 6.101720e-01 1.392000e-03 3.884360e-01
425 6.098880e-01 1.424000e-03 3.886880e-01
426 6.096200e-01 1.428000e-03 3.889520e-01
427 6.093960e-01 1.416000e-03 3.891880e-01
428 6.091480e-01 1.468000e-03 3.893840e-01
429 6.089840e-01 1.380000e-03 3.896360e-01
430 6.087320e-01 1.368000e-03 3.899000e-01
431 6.085040e-01 1.368000e-03 3.901280e-01
432 6.081960e-01 1.448000e-03 3.903560e-01
433 6.078920e-01 1.476000e-03 3.906320e-01
434 6.076480e-01 1.448000e-03 3.909040e-01
435 6.074200e-01 1.412000e-03 3.911680e-01
436 6.072600e-01 1.316000e-03 3.914240e-01
437 6.070920e-01 1.224000e-03 3.916840e-01
438 6.069200e-01 1.176000e-03 3.919040e-01
439 6.067680e-01 1.108000e-03 3.921240e-01
440 6.066040e-01 1.096000e-03 3.923000e-01
441 6.064160e-01 1.076000e-03 3.925080e-01
442 6.062360e-01 1.060000e-03 3.927040e-01
443 6.060320e-01 1.156000e-03 3.928120e-01
444 6.058600e-01 1.132000e-03 3.930080e-01
445 6.057280e-01 1.064000e-03 3.932080e-01
446 6.055600e-01 1.052000e-03 3.933880e-01
447 6.054120e-01 1.028000e-03 3.935600e-01
448 6.053120e-01 9.360000e-04 3.937520e-01
449 6.051560e-01 9.360000e-04 3.939080e-01
450 6.049720e-01 9.680000e-04 3.940600e-01
451 6.047600e-01 1.016000e-03 3.942240e-01
452 6.045880e-01 1.076000e-03 3.943360e-01
453 6.044000e-01 1.052000e-03 3.945480e-01
454 6.042800e-01 9.600000e-04 3.947600e-01
455 6.041480e-01 9.200000e-04 3.949320e-01
456 6.039720e-01 9.280000e-04 3.951000e-01
457 6.038080e-01 9.080000e-04 3.952840e-01
458 6.037080e-01 8.400000e-04 3.954520e-01
459 6.035360e-01 8.560000e-04 3.956080e-01
460 6.034160e-01 8.560000e-04 3.957280e-01
461 6.032880e-01 8.480000e-04 3.958640e-01
462 6.031720e-01 8.440000e-04 3.959840e-01
463 6.030360e-01 8.320000e-04 3.961320e-01
464 6.028640e-01 8.800000e-04 3.962560e-01
465 6.026760e-01 9.040000e-04 3.964200e-01
466 6.025120e-01 8.760000e-04 3.966120e-01
467 6.023520e-01 8.680000e-04 3.967800e-01
468 6.021880e-01 8.520000e-04 3.969600e-01
469 6.020280e-01 8.880000e-04 3.970840e-01
470 6.018760e-01 8.880000e-04 3.972360e-01
471 6.017160e-01 9.000000e-04 3.973840e-01
472 6.015600e-01 8.840000e-04 3.975560e-01
473 6.014200e-01 8.640000e-04 3.977160e-01
474 6.012680e-01 8.560000e-04 3.978760e-01
475 6.010960e-01 8.600000e-04 3.980440e-01
476 6.009720e-01 8.000000e-04 3.982280e-01
477 6.009080e-01 7.400000e-04 3.983520e-01
478 6.008360e-01 7.080000e-04 3.984560e-01
479 6.007440e-01 6.240000e-04 3.986320e-01
480 6.006600e-01 5.880000e-04 3.987520e-01
481 6.005840e-01 5.480000e-04 3.988680e-01
482 6.005480e-01 4.960000e-04 3.989560e-01
483 6.005000e-01 4.520000e-04 3.990480e-01
484 6.004560e-01 4.320000e-04 3.991120e-01
485 6.003680e-01 4.360000e-04 3.991960e-01
486 6.003000e-01 4.240000e-04 3.992760e-01
487 6.001960e-01 4.280000e-04 3.993760e-01
488 6.001400e-01 3.800000e-04 3.994800e-01
489 6.000640e-01 3.920000e-04 3.995440e-01
490 5.999920e-01 3.840000e-04 3.996240e-01
491 5.999080e-01 3.960000e-04 3.996960e-01
492 5.998120e-01 4.200000e-04 3.997680e-01
493 5.996760e-01 5.040000e-04 3.998200e-01
494 5.995200e-01 5.400000e-04 3.999400e-01
495 5.994120e-01 5.400000e-04 4.000480e-01
496 5.993120e-01 5.160000e-04 4.001720e-01
497 5.992080e-01 5.560000e-04 4.002360e-01
498 5.991000e-01 5.800000e-04 4.003200e-01
499 5.990000e-01 5.520000e-04 4.004480e-01
500 5.989160e-01 5.320000e-04 4.005520e-01
