1 9.991880e-01 7.160000e-04 9.600000e-05
2 9.987760e-01 1.000000e-03 2.240000e-04
3 9.981640e-01 1.396000e-03 4.400000e-04
4 9.975080e-01 1.760000e-03 7.320000e-04
5 9.968200e-01 2.132000e-03 1.048000e-03
6 9.960120e-01 2.512000e-03 1.476000e-03
7 9.951640e-01 2.900000e-03 1.936000e-03
8 9.941520e-01 3.344000e-03 2.504000e-03
9 9.929880e-01 3.956000e-03 3.056000e-03
10 9.917600e-01 4.348000e-03 3.892000e-03
11 9.905160e-01 4.792000e-03 4.692000e-03
12 9.891640e-01 5.312000e-03 5.524000e-03
13 9.879640e-01 5.572000e-03 6.464000e-03
14 9.866840e-01 5.820000e-03 7.496000e-03
15 9.854360e-01 5.972000e-03 8.592000e-03
16 9.841480e-01 6.156000e-03 9.696000e-03
17 9.827320e-01 6.452000e-03 1.081600e-02
18 9.813880e-01 6.644000e-03 1.196800e-02
19 9.802120e-01 6.684000e-03 1.310400e-02
20 9.789480e-01 6.768000e-03 1.428400e-02
21 9.775600e-01 6.920000e-03 1.552000e-02
22 9.761680e-01 7.120000e-03 1.671200e-02
23 9.748400e-01 7.204000e-03 1.795600e-02
24 9.733720e-01 7.432000e-03 1.919600e-02
25 9.720520e-01 7.560000e-03 2.038800e-02
26 9.706440e-01 7.680000e-03 2.167600e-02
27 9.693440e-01 7.720000e-03 2.293600e-02
28 9.680640e-01 7.624000e-03 2.431200e-02
29 9.666800e-01 7.644000e-03 2.567600e-02
30 9.653880e-01 7.544000e-03 2.706800e-02
31 9.639280e-01 7.596000e-03 2.847600e-02
32 9.622720e-01 7.928000e-03 2.980000e-02
33 9.606920e-01 8.072000e-03 3.123600e-02
34 9.591080e-01 8.128000e-03 3.276400e-02
35 9.576800e-01 8.104000e-03 3.421600e-02
36 9.561720e-01 8.140000e-03 3.568800e-02
37 9.546200e-01 8.208000e-03 3.717200e-02
38 9.530440e-01 8.384000e-03 3.857200e-02
39 9.516160e-01 8.384000e-03 4.000000e-02
40 9.499760e-01 8.452000e-03 4.157200e-02
41 9.481680e-01 8.716000e-03 4.311600e-02
42 9.465560e-01 8.860000e-03 4.458400e-02
43 9.448960e-01 8.908000e-03 4.619600e-02
44 9.433680e-01 8.948000e-03 4.768400e-02
45 9.418720e-01 8.916000e-03 4.921200e-02
46 9.402280e-01 9.004000e-03 5.076800e-02
47 9.385600e-01 9.292000e-03 5.214800e-02
48 9.368320e-01 9.276000e-03 5.389200e-02
49 9.349920e-01 9.504000e-03 5.550400e-02
50 9.331880e-01 9.704000e-03 5.710800e-02
51 9.312760e-01 9.988000e-03 5.873600e-02
52 9.294840e-01 9.956000e-03 6.056000e-02
53 9.278400e-01 9.684000e-03 6.247600e-02
54 9.259640e-01 9.928000e-03 6.410800e-02
55 9.240640e-01 1.000400e-02 6.593200e-02
56 9.223600e-01 1.001600e-02 6.762400e-02
57 9.205320e-01 1.000800e-02 6.946000e-02
58 9.187160e-01 9.968000e-03 7.131600e-02
59 9.168520e-01 1.015600e-02 7.299200e-02
60 9.151400e-01 1.014000e-02 7.472000e-02
61 9.133200e-01 1.000800e-02 7.667200e-02
62 9.115240e-01 1.006800e-02 7.840800e-02
63 9.098200e-01 1.007600e-02 8.010400e-02
64 9.079960e-01 1.013600e-02 8.186800e-02
65 9.064120e-01 9.988000e-03 8.360000e-02
66 9.046080e-01 1.007200e-02 8.532000e-02
67 9.029760e-01 1.010000e-02 8.692400e-02
68 9.012080e-01 1.016800e-02 8.862400e-02
69 8.992320e-01 1.039600e-02 9.037200e-02
70 8.975040e-01 1.026400e-02 9.223200e-02
71 8.957480e-01 1.018800e-02 9.406400e-02
72 8.938320e-01 1.031200e-02 9.585600e-02
73 8.918520e-01 1.044400e-02 9.770400e-02
74 8.900920e-01 1.041200e-02 9.949600e-02
75 8.881760e-01 1.055200e-02 1.012720e-01
76 8.863360e-01 1.059600e-02 1.030680e-01
77 8.844680e-01 1.064400e-02 1.048880e-01
78 8.825480e-01 1.068400e-02 1.067680e-01
79 8.807120e-01 1.072000e-02 1.085680e-01
80 8.787280e-01 1.082800e-02 1.104440e-01
81 8.766800e-01 1.101200e-02 1.123080e-01
82 8.746280e-01 1.104800e-02 1.143240e-01
83 8.726880e-01 1.099600e-02 1.163160e-01
84 8.707360e-01 1.106400e-02 1.182000e-01
85 8.688920e-01 1.086400e-02 1.202440e-01
86 8.669920e-01 1.079200e-02 1.222160e-01
87 8.651120e-01 1.071600e-02 1.241720e-01
88 8.632320e-01 1.070400e-02 1.260640e-01
89 8.613400e-01 1.072800e-02 1.279320e-01
90 8.593840e-01 1.078800e-02 1.298280e-01
91 8.574240e-01 1.081600e-02 1.317600e-01
92 8.555120e-01 1.078000e-02 1.337080e-01
93 8.535160e-01 1.084800e-02 1.356360e-01
94 8.515880e-01 1.088000e-02 1.375320e-01
95 8.496400e-01 1.100800e-02 1.393520e-01
96 8.477880e-01 1.106000e-02 1.411520e-01
97 8.458240e-01 1.102400e-02 1.431520e-01
98 8.439640e-01 1.098400e-02 1.450520e-01
99 8.421760e-01 1.086400e-02 1.469600e-01
100 8.402480e-01 1.085200e-02 1.489000e-01
101 8.383400e-01 1.072000e-02 1.509400e-01
102 8.365000e-01 1.064000e-02 1.528600e-01
103 8.348000e-01 1.060000e-02 1.546000e-01
104 8.330080e-01 1.054800e-02 1.564440e-01
105 8.311840e-01 1.040800e-02 1.584080e-01
106 8.295480e-01 1.024000e-02 1.602120e-01
107 8.277560e-01 1.020800e-02 1.620360e-01
108 8.259560e-01 1.022000e-02 1.638240e-01
109 8.242200e-01 1.022000e-02 1.655600e-01
110 8.224920e-01 1.014800e-02 1.673600e-01
111 8.207880e-01 9.984000e-03 1.692280e-01
112 8.190040e-01 1.005600e-02 1.709400e-01
113 8.174840e-01 9.816000e-03 1.727000e-01
114 8.158720e-01 9.716000e-03 1.744120e-01
115 8.144320e-01 9.436000e-03 1.761320e-01
116 8.126560e-01 9.656000e-03 1.776880e-01
117 8.110400e-01 9.644000e-03 1.793160e-01
118 8.096000e-01 9.292000e-03 1.811080e-01
119 8.080160e-01 9.408000e-03 1.825760e-01
120 8.064560e-01 9.272000e-03 1.842720e-01
121 8.049080e-01 9.208000e-03 1.858840e-01
122 8.034000e-01 9.132000e-03 1.874680e-01
123 8.018000e-01 9.232000e-03 1.889680e-01
124 8.002480e-01 9.140000e-03 1.906120e-01
125 7.986760e-01 9.060000e-03 1.922640e-01
126 7.972680e-01 8.920000e-03 1.938120e-01
127 7.958160e-01 8.916000e-03 1.952680e-01
128 7.943800e-01 8.784000e-03 1.968360e-01
129 7.929040e-01 8.880000e-03 1.982160e-01
130 7.915040e-01 8.720000e-03 1.997760e-01
131 7.900360e-01 8.688000e-03 2.012760e-01
132 7.885880e-01 8.616000e-03 2.027960e-01
133 7.871000e-01 8.564000e-03 2.043360e-01
134 7.856160e-01 8.544000e-03 2.058400e-01
135 7.843600e-01 8.344000e-03 2.072960e-01
136 7.829600e-01 8.440000e-03 2.086000e-01
137 7.815920e-01 8.404000e-03 2.100040e-01
138 7.801880e-01 8.368000e-03 2.114440e-01
139 7.786720e-01 8.488000e-03 2.128400e-01
140 7.770080e-01 8.620000e-03 2.143720e-01
141 7.754240e-01 8.724000e-03 2.158520e-01
142 7.738640e-01 8.768000e-03 2.173680e-01
143 7.722480e-01 8.776000e-03 2.189760e-01
144 7.706440e-01 8.864000e-03 2.204920e-01
145 7.692240e-01 8.660000e-03 2.221160e-01
146 7.676720e-01 8.684000e-03 2.236440e-01
147 7.660720e-01 8.788000e-03 2.251400e-01
148 7.646120e-01 8.724000e-03 2.266640e-01
149 7.630720e-01 8.688000e-03 2.282400e-01
150 7.615040e-01 8.768000e-03 2.297280e-01
151 7.599800e-01 8.688000e-03 2.313320e-01
152 7.583920e-01 8.752000e-03 2.328560e-01
153 7.567600e-01 9.084000e-03 2.341560e-01
154 7.550680e-01 9.264000e-03 2.356680e-01
155 7.535200e-01 9.100000e-03 2.373800e-01
156 7.520200e-01 9.148000e-03 2.388320e-01
157 7.504600e-01 9.200000e-03 2.403400e-01
158 7.489120e-01 9.076000e-03 2.420120e-01
159 7.474000e-01 9.064000e-03 2.435360e-01
160 7.460000e-01 8.832000e-03 2.451680e-01
161 7.446160e-01 8.724000e-03 2.466600e-01
162 7.430960e-01 8.752000e-03 2.481520e-01
163 7.416960e-01 8.756000e-03 2.495480e-01
164 7.400840e-01 8.816000e-03 2.511000e-01
165 7.386080e-01 8.768000e-03 2.526240e-01
166 7.370440e-01 8.768000e-03 2.541880e-01
167 7.355160e-01 8.660000e-03 2.558240e-01
168 7.339800e-01 8.716000e-03 2.573040e-01
169 7.324160e-01 8.812000e-03 2.587720e-01
170 7.310960e-01 8.548000e-03 2.603560e-01
171 7.296040e-01 8.516000e-03 2.618800e-01
172 7.281520e-01 8.520000e-03 2.633280e-01
173 7.265040e-01 8.772000e-03 2.647240e-01
174 7.250800e-01 8.648000e-03 2.662720e-01
175 7.234680e-01 8.716000e-03 2.678160e-01
176 7.217680e-01 8.928000e-03 2.693040e-01
177 7.201440e-01 8.920000e-03 2.709360e-01
178 7.186600e-01 8.892000e-03 2.724480e-01
179 7.172600e-01 8.864000e-03 2.738760e-01
180 7.157240e-01 8.888000e-03 2.753880e-01
181 7.140840e-01 8.908000e-03 2.770080e-01
182 7.126120e-01 8.808000e-03 2.785800e-01
183 7.113360e-01 8.680000e-03 2.799840e-01
184 7.099720e-01 8.576000e-03 2.814520e-01
185 7.085960e-01 8.460000e-03 2.829440e-01
186 7.072920e-01 8.236000e-03 2.844720e-01
187 7.059720e-01 8.012000e-03 2.860160e-01
188 7.046400e-01 7.872000e-03 2.874880e-01
189 7.032960e-01 7.880000e-03 2.888240e-01
190 7.020280e-01 7.852000e-03 2.901200e-01
191 7.008440e-01 7.676000e-03 2.914800e-01
192 6.994800e-01 7.656000e-03 2.928640e-01
193 6.981960e-01 7.596000e-03 2.942080e-01
194 6.970640e-01 7.504000e-03 2.954320e-01
195 6.956720e-01 7.532000e-03 2.967960e-01
196 6.944520e-01 7.464000e-03 2.980840e-01
197 6.932320e-01 7.412000e-03 2.993560e-01
198 6.920600e-01 7.368000e-03 3.005720e-01
199 6.908680e-01 7.268000e-03 3.018640e-01
200 6.896560e-01 7.204000e-03 3.031400e-01
201 6.885400e-01 7.164000e-03 3.042960e-01
202 6.873840e-01 7.140000e-03 3.054760e-01
203 6.861760e-01 7.048000e-03 3.067760e-01
204 6.850240e-01 6.924000e-03 3.080520e-01
205 6.839080e-01 6.756000e-03 3.093360e-01
206 6.829600e-01 6.620000e-03 3.104200e-01
207 6.819200e-01 6.452000e-03 3.116280e-01
208 6.808480e-01 6.540000e-03 3.126120e-01
209 6.797000e-01 6.496000e-03 3.138040e-01
210 6.784040e-01 6.708000e-03 3.148880e-01
211 6.772200e-01 6.608000e-03 3.161720e-01
212 6.760160e-01 6.704000e-03 3.172800e-01
213 6.749360e-01 6.604000e-03 3.184600e-01
214 6.738520e-01 6.528000e-03 3.196200e-01
215 6.728200e-01 6.444000e-03 3.207360e-01
216 6.716680e-01 6.608000e-03 3.217240e-01
217 6.706320e-01 6.500000e-03 3.228680e-01
218 6.696920e-01 6.344000e-03 3.239640e-01
219 6.687360e-01 6.136000e-03 3.251280e-01
220 6.678640e-01 5.864000e-03 3.262720e-01
221 6.669560e-01 5.752000e-03 3.272920e-01
222 6.659400e-01 5.864000e-03 3.281960e-01
223 6.650160e-01 5.692000e-03 3.292920e-01
224 6.640720e-01 5.664000e-03 3.302640e-01
225 6.632200e-01 5.496000e-03 3.312840e-01
226 6.623640e-01 5.416000e-03 3.322200e-01
227 6.615240e-01 5.288000e-03 3.331880e-01
228 6.606960e-01 5.176000e-03 3.341280e-01
229 6.599360e-01 5.100000e-03 3.349640e-01
230 6.591400e-01 5.028000e-03 3.358320e-01
231 6.583120e-01 4.948000e-03 3.367400e-01
232 6.574320e-01 5.016000e-03 3.375520e-01
233 6.565680e-01 4.984000e-03 3.384480e-01
234 6.557840e-01 4.808000e-03 3.394080e-01
235 6.549640e-01 4.820000e-03 3.402160e-01
236 6.543200e-01 4.592000e-03 3.410880e-01
237 6.536080e-01 4.396000e-03 3.419960e-01
238 6.528040e-01 4.452000e-03 3.427440e-01
239 6.520000e-01 4.404000e-03 3.435960e-01
240 6.512440e-01 4.372000e-03 3.443840e-01
241 6.504360e-01 4.512000e-03 3.450520e-01
242 6.497080e-01 4.484000e-03 3.458080e-01
243 6.488920e-01 4.548000e-03 3.465600e-01
244 6.481840e-01 4.436000e-03 3.473800e-01
245 6.474680e-01 4.400000e-03 3.481320e-01
246 6.467160e-01 4.288000e-03 3.489960e-01
247 6.460360e-01 4.184000e-03 3.497800e-01
248 6.453480e-01 4.112000e-03 3.505400e-01
249 6.447000e-01 4.004000e-03 3.512960e-01
250 6.441080e-01 3.924000e-03 3.519680e-01
251 6.435040e-01 3.836000e-03 3.526600e-01
252 6.428040e-01 3.892000e-03 3.533040e-01
253 6.422360e-01 3.832000e-03 3.539320e-01
254 6.416560e-01 3.848000e-03 3.544960e-01
255 6.409520e-01 3.808000e-03 3.552400e-01
256 6.401920e-01 3.924000e-03 3.558840e-01
257 6.394680e-01 3.984000e-03 3.565480e-01
258 6.387360e-01 3.972000e-03 3.572920e-01
259 6.380680e-01 3.936000e-03 3.579960e-01
260 6.373920e-01 3.972000e-03 3.586360e-01
261 6.367200e-01 3.920000e-03 3.593600e-01
262 6.360840e-01 3.800000e-03 3.601160e-01
263 6.353920e-01 3.900000e-03 3.607080e-01
264 6.347760e-01 3.824000e-03 3.614000e-01
265 6.340840e-01 3.808000e-03 3.621080e-01
266 6.333560e-01 3.880000e-03 3.627640e-01
267 6.326640e-01 3.856000e-03 3.634800e-01
268 6.320480e-01 3.764000e-03 3.641880e-01
269 6.314040e-01 3.744000e-03 3.648520e-01
270 6.307800e-01 3.784000e-03 3.654360e-01
271 6.301800e-01 3.696000e-03 3.661240e-01
272 6.295880e-01 3.612000e-03 3.668000e-01
273 6.289640e-01 3.688000e-03 3.673480e-01
274 6.283720e-01 3.672000e-03 3.679560e-01
275 6.277560e-01 3.648000e-03 3.685960e-01
276 6.270880e-01 3.552000e-03 3.693600e-01
277 6.263600e-01 3.652000e-03 3.699880e-01
278 6.256200e-01 3.692000e-03 3.706880e-01
279 6.249600e-01 3.668000e-03 3.713720e-01
280 6.242680e-01 3.676000e-03 3.720560e-01
281 6.236400e-01 3.680000e-03 3.726800e-01
282 6.229880e-01 3.748000e-03 3.732640e-01
283 6.223920e-01 3.656000e-03 3.739520e-01
284 6.217440e-01 3.660000e-03 3.745960e-01
285 6.211040e-01 3.660000e-03 3.752360e-01
286 6.203680e-01 3.704000e-03 3.759280e-01
287 6.197000e-01 3.640000e-03 3.766600e-01
288 6.190240e-01 3.708000e-03 3.772680e-01
289 6.183400e-01 3.732000e-03 3.779280e-01
290 6.177400e-01 3.688000e-03 3.785720e-01
291 6.171160e-01 3.684000e-03 3.792000e-01
292 6.166280e-01 3.516000e-03 3.798560e-01
293 6.160000e-01 3.472000e-03 3.805280e-01
294 6.154640e-01 3.436000e-03 3.811000e-01
295 6.150080e-01 3.212000e-03 3.817800e-01
296 6.144680e-01 3.260000e-03 3.822720e-01
297 6.138720e-01 3.304000e-03 3.828240e-01
298 6.133520e-01 3.304000e-03 3.833440e-01
299 6.128240e-01 3.248000e-03 3.839280e-01
300 6.123440e-01 3.140000e-03 3.845160e-01
301 6.118360e-01 3.132000e-03 3.850320e-01
302 6.113080e-01 3.156000e-03 3.855360e-01
303 6.107800e-01 3.184000e-03 3.860360e-01
304 6.101960e-01 3.248000e-03 3.865560e-01
305 6.096320e-01 3.280000e-03 3.870880e-01
306 6.091560e-01 3.144000e-03 3.877000e-01
307 6.086680e-01 3.096000e-03 3.882360e-01
308 6.082240e-01 3.044000e-03 3.887320e-01
309 6.077320e-01 2.956000e-03 3.893120e-01
310 6.072160e-01 3.004000e-03 3.897800e-01
311 6.066480e-01 3.108000e-03 3.902440e-01
312 6.061560e-01 3.048000e-03 3.907960e-01
313 6.055760e-01 3.072000e-03 3.913520e-01
314 6.050920e-01 3.048000e-03 3.918600e-01
315 6.045560e-01 3.064000e-03 3.923800e-01
316 6.040800e-01 2.908000e-03 3.930120e-01
317 6.036000e-01 2.852000e-03 3.935480e-01
318 6.030440e-01 2.960000e-03 3.939960e-01
319 6.025160e-01 2.992000e-03 3.944920e-01
320 6.019760e-01 3.044000e-03 3.949800e-01
321 6.014520e-01 3.040000e-03 3.955080e-01
322 6.009400e-01 3.052000e-03 3.960080e-01
323 6.004480e-01 2.952000e-03 3.966000e-01
324 5.999600e-01 2.896000e-03 3.971440e-01
325 5.995120e-01 2.800000e-03 3.976880e-01
326 5.990240e-01 2.828000e-03 3.981480e-01
327 5.985680e-01 2.852000e-03 3.985800e-01
328 5.981160e-01 2.812000e-03 3.990720e-01
329 5.977120e-01 2.748000e-03 3.995400e-01
330 5.972840e-01 2.684000e-03 4.000320e-01
331 5.968080e-01 2.744000e-03 4.004480e-01
332 5.964440e-01 2.608000e-03 4.009480e-01
333 5.960360e-01 2.588000e-03 4.013760e-01
334 5.957000e-01 2.392000e-03 4.019080e-01
335 5.953360e-01 2.356000e-03 4.023080e-01
336 5.948760e-01 2.456000e-03 4.026680e-01
337 5.944320e-01 2.520000e-03 4.030480e-01
338 5.939600e-01 2.560000e-03 4.034800e-01
339 5.934840e-01 2.604000e-03 4.039120e-01
340 5.930760e-01 2.576000e-03 4.043480e-01
341 5.926520e-01 2.552000e-03 4.047960e-01
342 5.922800e-01 2.444000e-03 4.052760e-01
343 5.919440e-01 2.360000e-03 4.056960e-01
344 5.916040e-01 2.240000e-03 4.061560e-01
345 5.912440e-01 2.224000e-03 4.065320e-01
346 5.908480e-01 2.220000e-03 4.069320e-01
347 5.904520e-01 2.196000e-03 4.073520e-01
348 5.900400e-01 2.188000e-03 4.077720e-01
349 5.896840e-01 2.204000e-03 4.081120e-01
350 5.892120e-01 2.316000e-03 4.084720e-01
351 5.888200e-01 2.280000e-03 4.089000e-01
352 5.883880e-01 2.336000e-03 4.092760e-01
353 5.880720e-01 2.284000e-03 4.096440e-01
354 5.876600e-01 2.272000e-03 4.100680e-01
355 5.872880e-01 2.236000e-03 4.104760e-01
356 5.869200e-01 2.204000e-03 4.108760e-01
357 5.865680e-01 2.172000e-03 4.112600e-01
358 5.862040e-01 2.160000e-03 4.116360e-01
359 5.858760e-01 2.032000e-03 4.120920e-01
360 5.855160e-01 1.992000e-03 4.124920e-01
361 5.851520e-01 2.028000e-03 4.128200e-01
362 5.848240e-01 2.024000e-03 4.131520e-01
363 5.844120e-01 1.992000e-03 4.135960e-01
364 5.839920e-01 2.140000e-03 4.138680e-01
365 5.835800e-01 2.156000e-03 4.142640e-01
366 5.831120e-01 2.200000e-03 4.146880e-01
367 5.827080e-01 2.244000e-03 4.150480e-01
368 5.823840e-01 2.144000e-03 4.154720e-01
369 5.819520e-01 2.256000e-03 4.157920e-01
370 5.814920e-01 2.376000e-03 4.161320e-01
371 5.810600e-01 2.372000e-03 4.165680e-01
372 5.806120e-01 2.384000e-03 4.170040e-01
373 5.802520e-01 2.328000e-03 4.174200e-01
374 5.798720e-01 2.204000e-03 4.179240e-01
375 5.795440e-01 2.140000e-03 4.183160e-01
376 5.792360e-01 2.092000e-03 4.186720e-01
377 5.788800e-01 2.096000e-03 4.190240e-01
378 5.785880e-01 1.984000e-03 4.194280e-01
379 5.782600e-01 1.860000e-03 4.198800e-01
380 5.779600e-01 1.840000e-03 4.202000e-01
381 5.776840e-01 1.756000e-03 4.205600e-01
382 5.774440e-01 1.664000e-03 4.208920e-01
383 5.771840e-01 1.620000e-03 4.211960e-01
384 5.768160e-01 1.728000e-03 4.214560e-01
385 5.766120e-01 1.672000e-03 4.217160e-01
386 5.763240e-01 1.692000e-03 4.219840e-01
387 5.760840e-01 1.608000e-03 4.223080e-01
388 5.758320e-01 1.596000e-03 4.225720e-01
389 5.754800e-01 1.676000e-03 4.228440e-01
390 5.752200e-01 1.644000e-03 4.231360e-01
391 5.749400e-01 1.640000e-03 4.234200e-01
392 5.746320e-01 1.680000e-03 4.236880e-01
393 5.742520e-01 1.748000e-03 4.240000e-01
394 5.739120e-01 1.836000e-03 4.242520e-01
395 5.735920e-01 1.824000e-03 4.245840e-01
396 5.733040e-01 1.776000e-03 4.249200e-01
397 5.730200e-01 1.716000e-03 4.252640e-01
398 5.727040e-01 1.744000e-03 4.255520e-01
399 5.723680e-01 1.760000e-03 4.258720e-01
400 5.720120e-01 1.800000e-03 4.261880e-01
401 5.716680e-01 1.844000e-03 4.264880e-01
402 5.712160e-01 2.016000e-03 4.267680e-01
403 5.708440e-01 2.048000e-03 4.271080e-01
404 5.704640e-01 2.072000e-03 4.274640e-01
405 5.700320e-01 2.116000e-03 4.278520e-01
406 5.696120e-01 2.200000e-03 4.281880e-01
407 5.691680e-01 2.252000e-03 4.285800e-01
408 5.687080e-01 2.300000e-03 4.289920e-01
409 5.683440e-01 2.284000e-03 4.293720e-01
410 5.679600e-01 2.240000e-03 4.298000e-01
411 5.675200e-01 2.304000e-03 4.301760e-01
412 5.671040e-01 2.328000e-03 4.305680e-01
413 5.666560e-01 2.344000e-03 4.310000e-01
414 5.661400e-01 2.484000e-03 4.313760e-01
415 5.656600e-01 2.508000e-03 4.318320e-01
416 5.651600e-01 2.592000e-03 4.322480e-01
417 5.647080e-01 2.544000e-03 4.327480e-01
418 5.641680e-01 2.640000e-03 4.331920e-01
419 5.636520e-01 2.608000e-03 4.337400e-01
420 5.632000e-01 2.568000e-03 4.342320e-01
421 5.626640e-01 2.652000e-03 4.346840e-01
422 5.621960e-01 2.608000e-03 4.351960e-01
423 5.617000e-01 2.624000e-03 4.356760e-01
424 5.612680e-01 2.632000e-03 4.361000e-01
425 5.607600e-01 2.700000e-03 4.365400e-01
426 5.602560e-01 2.724000e-03 4.370200e-01
427 5.597080e-01 2.800000e-03 4.374920e-01
428 5.593000e-01 2.756000e-03 4.379440e-01
429 5.588600e-01 2.700000e-03 4.384400e-01
430 5.584240e-01 2.664000e-03 4.389120e-01
431 5.580000e-01 2.692000e-03 4.393080e-01
432 5.576480e-01 2.612000e-03 4.397400e-01
433 5.571760e-01 2.640000e-03 4.401840e-01
434 5.568160e-01 2.472000e-03 4.407120e-01
435 5.565000e-01 2.396000e-03 4.411040e-01
436 5.561320e-01 2.292000e-03 4.415760e-01
437 5.556680e-01 2.364000e-03 4.419680e-01
438 5.552760e-01 2.292000e-03 4.424320e-01
439 5.549280e-01 2.204000e-03 4.428680e-01
440 5.545600e-01 2.188000e-03 4.432520e-01
441 5.542600e-01 2.152000e-03 4.435880e-01
442 5.539520e-01 2.028000e-03 4.440200e-01
443 5.536520e-01 1.964000e-03 4.443840e-01
444 5.532520e-01 2.048000e-03 4.447000e-01
445 5.528800e-01 2.116000e-03 4.450040e-01
446 5.524480e-01 2.160000e-03 4.453920e-01
447 5.520440e-01 2.180000e-03 4.457760e-01
448 5.516200e-01 2.228000e-03 4.461520e-01
449 5.512240e-01 2.268000e-03 4.465080e-01
450 5.508640e-01 2.224000e-03 4.469120e-01
451 5.505480e-01 2.236000e-03 4.472160e-01
452 5.502040e-01 2.184000e-03 4.476120e-01
453 5.498200e-01 2.176000e-03 4.480040e-01
454 5.494480e-01 2.088000e-03 4.484640e-01
455 5.491280e-01 2.048000e-03 4.488240e-01
456 5.488080e-01 2.056000e-03 4.491360e-01
457 5.484440e-01 1.984000e-03 4.495720e-01
458 5.481240e-01 1.992000e-03 4.498840e-01
459 5.478360e-01 1.936000e-03 4.502280e-01
460 5.475240e-01 1.848000e-03 4.506280e-01
461 5.472400e-01 1.788000e-03 4.509720e-01
462 5.469040e-01 1.876000e-03 4.512200e-01
463 5.465920e-01 1.868000e-03 4.515400e-01
464 5.462920e-01 1.836000e-03 4.518720e-01
465 5.460120e-01 1.812000e-03 4.521760e-01
466 5.456680e-01 1.840000e-03 4.524920e-01
467 5.453480e-01 1.832000e-03 4.528200e-01
468 5.450080e-01 1.836000e-03 4.531560e-01
469 5.447560e-01 1.776000e-03 4.534680e-01
470 5.445280e-01 1.724000e-03 4.537480e-01
471 5.442440e-01 1.724000e-03 4.540320e-01
472 5.439880e-01 1.636000e-03 4.543760e-01
473 5.437720e-01 1.592000e-03 4.546360e-01
474 5.435520e-01 1.488000e-03 4.549600e-01
475 5.433040e-01 1.472000e-03 4.552240e-01
476 5.430760e-01 1.456000e-03 4.554680e-01
477 5.428480e-01 1.444000e-03 4.557080e-01
478 5.426080e-01 1.416000e-03 4.559760e-01
479 5.424120e-01 1.396000e-03 4.561920e-01
480 5.421160e-01 1.464000e-03 4.564200e-01
481 5.418560e-01 1.468000e-03 4.566760e-01
482 5.415760e-01 1.456000e-03 4.569680e-01
483 5.413480e-01 1.452000e-03 4.572000e-01
484 5.411400e-01 1.360000e-03 4.575000e-01
485 5.408840e-01 1.340000e-03 4.577760e-01
486 5.406040e-01 1.380000e-03 4.580160e-01
487 5.403120e-01 1.448000e-03 4.582400e-01
488 5.400240e-01 1.480000e-03 4.584960e-01
489 5.397520e-01 1.492000e-03 4.587560e-01
490 5.395480e-01 1.420000e-03 4.590320e-01
491 5.393040e-01 1.396000e-03 4.593000e-01
492 5.391280e-01 1.312000e-03 4.595600e-01
493 5.389840e-01 1.208000e-03 4.598080e-01
494 5.387640e-01 1.228000e-03 4.600080e-01
495 5.385840e-01 1.228000e-03 4.601880e-01
496 5.383160e-01 1.284000e-03 4.604000e-01
497 5.380080e-01 1.364000e-03 4.606280e-01
498 5.377840e-01 1.344000e-03 4.608720e-01
499 5.375680e-01 1.264000e-03 4.611680e-01
500 5.374160e-01 1.192000e-03 4.613920e-01
