1 9.992080e-01 6.760000e-04 1.160000e-04
2 9.986800e-01 1.016000e-03 3.040000e-04
3 9.980840e-01 1.388000e-03 5.280000e-04
4 9.974120e-01 1.788000e-03 8.000000e-04
5 9.966720e-01 2.124000e-03 1.204000e-03
6 9.958920e-01 2.528000e-03 1.580000e-03
7 9.950840e-01 2.772000e-03 2.144000e-03
8 9.942240e-01 3.128000e-03 2.648000e-03
9 9.933240e-01 3.460000e-03 3.216000e-03
10 9.924080e-01 3.708000e-03 3.884000e-03
11 9.915080e-01 3.976000e-03 4.516000e-03
12 9.905280e-01 4.244000e-03 5.228000e-03
13 9.894360e-01 4.568000e-03 5.996000e-03
14 9.884000e-01 4.780000e-03 6.820000e-03
15 9.873480e-01 5.124000e-03 7.528000e-03
16 9.862320e-01 5.284000e-03 8.484000e-03
17 9.851880e-01 5.352000e-03 9.460000e-03
18 9.841840e-01 5.420000e-03 1.039600e-02
19 9.829240e-01 5.732000e-03 1.134400e-02
20 9.817040e-01 5.856000e-03 1.244000e-02
21 9.803600e-01 6.076000e-03 1.356400e-02
22 9.789600e-01 6.288000e-03 1.475200e-02
23 9.776240e-01 6.344000e-03 1.603200e-02
24 9.762640e-01 6.636000e-03 1.710000e-02
25 9.748200e-01 6.832000e-03 1.834800e-02
26 9.735000e-01 6.908000e-03 1.959200e-02
27 9.721520e-01 7.104000e-03 2.074400e-02
28 9.707160e-01 7.348000e-03 2.193600e-02
29 9.693200e-01 7.516000e-03 2.316400e-02
30 9.678080e-01 7.644000e-03 2.454800e-02
31 9.662960e-01 7.816000e-03 2.588800e-02
32 9.647600e-01 7.924000e-03 2.731600e-02
33 9.633800e-01 7.908000e-03 2.871200e-02
34 9.619080e-01 8.048000e-03 3.004400e-02
35 9.604440e-01 8.100000e-03 3.145600e-02
36 9.589640e-01 8.176000e-03 3.286000e-02
37 9.574360e-01 8.236000e-03 3.432800e-02
38 9.559560e-01 8.292000e-03 3.575200e-02
39 9.543440e-01 8.468000e-03 3.718800e-02
40 9.527360e-01 8.636000e-03 3.862800e-02
41 9.511440e-01 8.844000e-03 4.001200e-02
42 9.493800e-01 9.092000e-03 4.152800e-02
43 9.476880e-01 9.136000e-03 4.317600e-02
44 9.460680e-01 9.324000e-03 4.460800e-02
45 9.442840e-01 9.480000e-03 4.623600e-02
46 9.426040e-01 9.432000e-03 4.796400e-02
47 9.409640e-01 9.404000e-03 4.963200e-02
48 9.394280e-01 9.228000e-03 5.134400e-02
49 9.378320e-01 9.108000e-03 5.306000e-02
50 9.363040e-01 9.064000e-03 5.463200e-02
51 9.347360e-01 9.016000e-03 5.624800e-02
52 9.331000e-01 9.068000e-03 5.783200e-02
53 9.313080e-01 9.308000e-03 5.938400e-02
54 9.296800e-01 9.372000e-03 6.094800e-02
55 9.280040e-01 9.408000e-03 6.258800e-02
56 9.262480e-01 9.448000e-03 6.430400e-02
57 9.246880e-01 9.316000e-03 6.599600e-02
58 9.229560e-01 9.360000e-03 6.768400e-02
59 9.215480e-01 9.136000e-03 6.931600e-02
60 9.200440e-01 9.048000e-03 7.090800e-02
61 9.183200e-01 9.300000e-03 7.238000e-02
62 9.166880e-01 9.244000e-03 7.406800e-02
63 9.151040e-01 9.176000e-03 7.572000e-02
64 9.134440e-01 9.224000e-03 7.733200e-02
65 9.116800e-01 9.420000e-03 7.890000e-02
66 9.100120e-01 9.600000e-03 8.038800e-02
67 9.083240e-01 9.636000e-03 8.204000e-02
68 9.067720e-01 9.616000e-03 8.361200e-02
69 9.051800e-01 9.592000e-03 8.522800e-02
70 9.035080e-01 9.508000e-03 8.698400e-02
71 9.019480e-01 9.368000e-03 8.868400e-02
72 9.005480e-01 9.168000e-03 9.028400e-02
73 8.989360e-01 9.080000e-03 9.198400e-02
74 8.973880e-01 9.132000e-03 9.348000e-02
75 8.958440e-01 9.068000e-03 9.508800e-02
76 8.942840e-01 9.084000e-03 9.663200e-02
77 8.927480e-01 9.088000e-03 9.816400e-02
78 8.912280e-01 8.956000e-03 9.981600e-02
79 8.897520e-01 8.932000e-03 1.013160e-01
80 8.884440e-01 8.624000e-03 1.029320e-01
81 8.870120e-01 8.616000e-03 1.043720e-01
82 8.855600e-01 8.412000e-03 1.060280e-01
83 8.841080e-01 8.452000e-03 1.074400e-01
84 8.827760e-01 8.140000e-03 1.090840e-01
85 8.813200e-01 8.100000e-03 1.105800e-01
86 8.798160e-01 8.192000e-03 1.119920e-01
87 8.784200e-01 8.084000e-03 1.134960e-01
88 8.768880e-01 8.232000e-03 1.148800e-01
89 8.753640e-01 8.340000e-03 1.162960e-01
90 8.737600e-01 8.564000e-03 1.176760e-01
91 8.722120e-01 8.648000e-03 1.191400e-01
92 8.705800e-01 8.896000e-03 1.205240e-01
93 8.692120e-01 8.716000e-03 1.220720e-01
94 8.675840e-01 8.764000e-03 1.236520e-01
95 8.661240e-01 8.604000e-03 1.252720e-01
96 8.647240e-01 8.484000e-03 1.267920e-01
97 8.632240e-01 8.436000e-03 1.283400e-01
98 8.618240e-01 8.340000e-03 1.298360e-01
99 8.604760e-01 8.228000e-03 1.312960e-01
100 8.591880e-01 8.080000e-03 1.327320e-01
101 8.578880e-01 8.004000e-03 1.341080e-01
102 8.566400e-01 7.820000e-03 1.355400e-01
103 8.553680e-01 7.652000e-03 1.369800e-01
104 8.541000e-01 7.688000e-03 1.382120e-01
105 8.526840e-01 7.844000e-03 1.394720e-01
106 8.514440e-01 7.752000e-03 1.408040e-01
107 8.501960e-01 7.692000e-03 1.421120e-01
108 8.488960e-01 7.596000e-03 1.435080e-01
109 8.475600e-01 7.636000e-03 1.448040e-01
110 8.460880e-01 7.796000e-03 1.461160e-01
111 8.447200e-01 7.836000e-03 1.474440e-01
112 8.432520e-01 7.840000e-03 1.489080e-01
113 8.420640e-01 7.572000e-03 1.503640e-01
114 8.406480e-01 7.612000e-03 1.517400e-01
115 8.391800e-01 7.612000e-03 1.532080e-01
116 8.378080e-01 7.856000e-03 1.543360e-01
117 8.364800e-01 7.824000e-03 1.556960e-01
118 8.352360e-01 7.716000e-03 1.570480e-01
119 8.339840e-01 7.524000e-03 1.584920e-01
120 8.325400e-01 7.624000e-03 1.598360e-01
121 8.311720e-01 7.600000e-03 1.612280e-01
122 8.295680e-01 7.788000e-03 1.626440e-01
123 8.281640e-01 7.864000e-03 1.639720e-01
124 8.266800e-01 7.948000e-03 1.653720e-01
125 8.251480e-01 8.052000e-03 1.668000e-01
126 8.237360e-01 7.976000e-03 1.682880e-01
127 8.221440e-01 8.160000e-03 1.696960e-01
128 8.206720e-01 8.156000e-03 1.711720e-01
129 8.192440e-01 8.100000e-03 1.726560e-01
130 8.178720e-01 8.056000e-03 1.740720e-01
131 8.163720e-01 8.144000e-03 1.754840e-01
132 8.150280e-01 8.080000e-03 1.768920e-01
133 8.136880e-01 8.004000e-03 1.783080e-01
134 8.123040e-01 8.000000e-03 1.796960e-01
135 8.109280e-01 7.984000e-03 1.810880e-01
136 8.095720e-01 7.892000e-03 1.825360e-01
137 8.081000e-01 7.952000e-03 1.839480e-01
138 8.068240e-01 7.976000e-03 1.852000e-01
139 8.054880e-01 7.836000e-03 1.866760e-01
140 8.040760e-01 7.820000e-03 1.881040e-01
141 8.025720e-01 7.944000e-03 1.894840e-01
142 8.011200e-01 8.084000e-03 1.907960e-01
143 7.997600e-01 7.992000e-03 1.922480e-01
144 7.983920e-01 7.976000e-03 1.936320e-01
145 7.970840e-01 7.952000e-03 1.949640e-01
146 7.956120e-01 8.096000e-03 1.962920e-01
147 7.941760e-01 8.136000e-03 1.976880e-01
148 7.929480e-01 7.908000e-03 1.991440e-01
149 7.916560e-01 7.740000e-03 2.006040e-01
150 7.902080e-01 7.892000e-03 2.019000e-01
151 7.889760e-01 7.788000e-03 2.032360e-01
152 7.875840e-01 7.752000e-03 2.046640e-01
153 7.862520e-01 7.712000e-03 2.060360e-01
154 7.850680e-01 7.588000e-03 2.073440e-01
155 7.839000e-01 7.376000e-03 2.087240e-01
156 7.827360e-01 7.336000e-03 2.099280e-01
157 7.815640e-01 7.204000e-03 2.112320e-01
158 7.804040e-01 7.100000e-03 2.124960e-01
159 7.792920e-01 7.036000e-03 2.136720e-01
160 7.780160e-01 6.928000e-03 2.150560e-01
161 7.767400e-01 6.968000e-03 2.162920e-01
162 7.756120e-01 6.908000e-03 2.174800e-01
163 7.744240e-01 6.972000e-03 2.186040e-01
164 7.732080e-01 6.928000e-03 2.198640e-01
165 7.721120e-01 6.816000e-03 2.210720e-01
166 7.710680e-01 6.576000e-03 2.223560e-01
167 7.700280e-01 6.424000e-03 2.235480e-01
168 7.689880e-01 6.224000e-03 2.247880e-01
169 7.678120e-01 6.368000e-03 2.258200e-01
170 7.667760e-01 6.248000e-03 2.269760e-01
171 7.656840e-01 6.220000e-03 2.280960e-01
172 7.647360e-01 6.124000e-03 2.291400e-01
173 7.635840e-01 6.240000e-03 2.301760e-01
174 7.624800e-01 6.404000e-03 2.311160e-01
175 7.613040e-01 6.472000e-03 2.322240e-01
176 7.601040e-01 6.624000e-03 2.332720e-01
177 7.589000e-01 6.792000e-03 2.343080e-01
178 7.579360e-01 6.604000e-03 2.354600e-01
179 7.569000e-01 6.468000e-03 2.366320e-01
180 7.558680e-01 6.472000e-03 2.376600e-01
181 7.548640e-01 6.380000e-03 2.387560e-01
182 7.537040e-01 6.420000e-03 2.398760e-01
183 7.525680e-01 6.468000e-03 2.409640e-01
184 7.514400e-01 6.456000e-03 2.421040e-01
185 7.500760e-01 6.660000e-03 2.432640e-01
186 7.489320e-01 6.700000e-03 2.443680e-01
187 7.477520e-01 6.872000e-03 2.453760e-01
188 7.464800e-01 6.952000e-03 2.465680e-01
189 7.453000e-01 6.948000e-03 2.477520e-01
190 7.442120e-01 6.828000e-03 2.489600e-01
191 7.430320e-01 6.752000e-03 2.502160e-01
192 7.419240e-01 6.768000e-03 2.513080e-01
193 7.407280e-01 6.824000e-03 2.524480e-01
194 7.395520e-01 6.880000e-03 2.535680e-01
195 7.384840e-01 6.820000e-03 2.546960e-01
196 7.374520e-01 6.676000e-03 2.558720e-01
197 7.362120e-01 6.584000e-03 2.572040e-01
198 7.351320e-01 6.504000e-03 2.583640e-01
199 7.340160e-01 6.592000e-03 2.593920e-01
200 7.329960e-01 6.504000e-03 2.605000e-01
201 7.318760e-01 6.548000e-03 2.615760e-01
202 7.307720e-01 6.480000e-03 2.627480e-01
203 7.296720e-01 6.452000e-03 2.638760e-01
204 7.285960e-01 6.428000e-03 2.649760e-01
205 7.276000e-01 6.248000e-03 2.661520e-01
206 7.266760e-01 6.124000e-03 2.672000e-01
207 7.255560e-01 6.196000e-03 2.682480e-01
208 7.243960e-01 6.272000e-03 2.693320e-01
209 7.233120e-01 6.336000e-03 2.703520e-01
210 7.223240e-01 6.152000e-03 2.715240e-01
211 7.213400e-01 6.004000e-03 2.726560e-01
212 7.201680e-01 6.120000e-03 2.737120e-01
213 7.192600e-01 5.980000e-03 2.747600e-01
214 7.182640e-01 5.884000e-03 2.758520e-01
215 7.172960e-01 5.764000e-03 2.769400e-01
216 7.164320e-01 5.656000e-03 2.779120e-01
217 7.156600e-01 5.448000e-03 2.788920e-01
218 7.148000e-01 5.344000e-03 2.798560e-01
219 7.139680e-01 5.280000e-03 2.807520e-01
220 7.132120e-01 5.252000e-03 2.815360e-01
221 7.122000e-01 5.316000e-03 2.824840e-01
222 7.112760e-01 5.336000e-03 2.833880e-01
223 7.104480e-01 5.132000e-03 2.844200e-01
224 7.097400e-01 4.944000e-03 2.853160e-01
225 7.090320e-01 4.848000e-03 2.861200e-01
226 7.082920e-01 4.688000e-03 2.870200e-01
227 7.076160e-01 4.564000e-03 2.878200e-01
228 7.069360e-01 4.456000e-03 2.886080e-01
229 7.062640e-01 4.308000e-03 2.894280e-01
230 7.055200e-01 4.260000e-03 2.902200e-01
231 7.048800e-01 4.048000e-03 2.910720e-01
232 7.042520e-01 4.016000e-03 2.917320e-01
233 7.035520e-01 4.052000e-03 2.923960e-01
234 7.029440e-01 3.968000e-03 2.930880e-01
235 7.023280e-01 3.892000e-03 2.937800e-01
236 7.016880e-01 3.796000e-03 2.945160e-01
237 7.010880e-01 3.688000e-03 2.952240e-01
238 7.003800e-01 3.760000e-03 2.958600e-01
239 6.997720e-01 3.716000e-03 2.965120e-01
240 6.991400e-01 3.600000e-03 2.972600e-01
241 6.986760e-01 3.456000e-03 2.978680e-01
242 6.981160e-01 3.376000e-03 2.985080e-01
243 6.974640e-01 3.424000e-03 2.991120e-01
244 6.968560e-01 3.496000e-03 2.996480e-01
245 6.961840e-01 3.592000e-03 3.002240e-01
246 6.955120e-01 3.596000e-03 3.008920e-01
247 6.948640e-01 3.608000e-03 3.015280e-01
248 6.941040e-01 3.716000e-03 3.021800e-01
249 6.933200e-01 3.816000e-03 3.028640e-01
250 6.925680e-01 3.920000e-03 3.035120e-01
251 6.918360e-01 3.976000e-03 3.041880e-01
252 6.910760e-01 4.056000e-03 3.048680e-01
253 6.904240e-01 4.004000e-03 3.055720e-01
254 6.897480e-01 3.916000e-03 3.063360e-01
255 6.891680e-01 3.824000e-03 3.070080e-01
256 6.885760e-01 3.796000e-03 3.076280e-01
257 6.879960e-01 3.768000e-03 3.082360e-01
258 6.874000e-01 3.780000e-03 3.088200e-01
259 6.867880e-01 3.776000e-03 3.094360e-01
260 6.861760e-01 3.724000e-03 3.101000e-01
261 6.856920e-01 3.592000e-03 3.107160e-01
262 6.852440e-01 3.400000e-03 3.113560e-01
263 6.847360e-01 3.304000e-03 3.119600e-01
264 6.841920e-01 3.328000e-03 3.124800e-01
265 6.835560e-01 3.472000e-03 3.129720e-01
266 6.829120e-01 3.384000e-03 3.137040e-01
267 6.823720e-01 3.416000e-03 3.142120e-01
268 6.817880e-01 3.376000e-03 3.148360e-01
269 6.812240e-01 3.360000e-03 3.154160e-01
270 6.807120e-01 3.220000e-03 3.160680e-01
271 6.800640e-01 3.340000e-03 3.165960e-01
272 6.795280e-01 3.312000e-03 3.171600e-01
273 6.789720e-01 3.356000e-03 3.176720e-01
274 6.784360e-01 3.268000e-03 3.182960e-01
275 6.778880e-01 3.296000e-03 3.188160e-01
276 6.773600e-01 3.272000e-03 3.193680e-01
277 6.768640e-01 3.172000e-03 3.199640e-01
278 6.763680e-01 3.128000e-03 3.205040e-01
279 6.757680e-01 3.168000e-03 3.210640e-01
280 6.752280e-01 3.148000e-03 3.216240e-01
281 6.747080e-01 3.100000e-03 3.221920e-01
282 6.741360e-01 3.148000e-03 3.227160e-01
283 6.735600e-01 3.140000e-03 3.233000e-01
284 6.730800e-01 3.096000e-03 3.238240e-01
285 6.725080e-01 3.204000e-03 3.242880e-01
286 6.721600e-01 2.884000e-03 3.249560e-01
287 6.716760e-01 2.864000e-03 3.254600e-01
288 6.712280e-01 2.748000e-03 3.260240e-01
289 6.708120e-01 2.700000e-03 3.264880e-01
290 6.704080e-01 2.660000e-03 3.269320e-01
291 6.699480e-01 2.672000e-03 3.273800e-01
292 6.694160e-01 2.788000e-03 3.277960e-01
293 6.689200e-01 2.792000e-03 3.282880e-01
294 6.684520e-01 2.720000e-03 3.288280e-01
295 6.679920e-01 2.720000e-03 3.292880e-01
296 6.676040e-01 2.656000e-03 3.297400e-01
297 6.671440e-01 2.660000e-03 3.301960e-01
298 6.666240e-01 2.708000e-03 3.306680e-01
299 6.661520e-01 2.672000e-03 3.311760e-01
300 6.657480e-01 2.636000e-03 3.316160e-01
301 6.652200e-01 2.748000e-03 3.320320e-01
302 6.648320e-01 2.688000e-03 3.324800e-01
303 6.643200e-01 2.732000e-03 3.329480e-01
304 6.638640e-01 2.728000e-03 3.334080e-01
305 6.634120e-01 2.764000e-03 3.338240e-01
306 6.630440e-01 2.676000e-03 3.342800e-01
307 6.627760e-01 2.456000e-03 3.347680e-01
308 6.624120e-01 2.352000e-03 3.352360e-01
309 6.619440e-01 2.336000e-03 3.357200e-01
310 6.615440e-01 2.316000e-03 3.361400e-01
311 6.612040e-01 2.268000e-03 3.365280e-01
312 6.608200e-01 2.268000e-03 3.369120e-01
313 6.604000e-01 2.244000e-03 3.373560e-01
314 6.599600e-01 2.256000e-03 3.377840e-01
315 6.595680e-01 2.244000e-03 3.381880e-01
316 6.591560e-01 2.248000e-03 3.385960e-01
317 6.588200e-01 2.256000e-03 3.389240e-01
318 6.584840e-01 2.168000e-03 3.393480e-01
319 6.581520e-01 2.084000e-03 3.397640e-01
320 6.578160e-01 2.032000e-03 3.401520e-01
321 6.574920e-01 2.064000e-03 3.404440e-01
322 6.570960e-01 2.096000e-03 3.408080e-01
323 6.566920e-01 2.176000e-03 3.411320e-01
324 6.563400e-01 2.192000e-03 3.414680e-01
325 6.560040e-01 2.128000e-03 3.418680e-01
326 6.557120e-01 2.036000e-03 3.422520e-01
327 6.554080e-01 1.924000e-03 3.426680e-01
328 6.550200e-01 1.968000e-03 3.430120e-01
329 6.547040e-01 1.964000e-03 3.433320e-01
330 6.544120e-01 1.880000e-03 3.437080e-01
331 6.540680e-01 1.952000e-03 3.439800e-01
332 6.537280e-01 2.012000e-03 3.442600e-01
333 6.534320e-01 1.924000e-03 3.446440e-01
334 6.531280e-01 1.880000e-03 3.449920e-01
335 6.528400e-01 1.840000e-03 3.453200e-01
336 6.525800e-01 1.812000e-03 3.456080e-01
337 6.522400e-01 1.844000e-03 3.459160e-01
338 6.519520e-01 1.780000e-03 3.462680e-01
339 6.516960e-01 1.708000e-03 3.465960e-01
340 6.514560e-01 1.700000e-03 3.468440e-01
341 6.512360e-01 1.648000e-03 3.471160e-01
342 6.510400e-01 1.588000e-03 3.473720e-01
343 6.507880e-01 1.520000e-03 3.476920e-01
344 6.505280e-01 1.536000e-03 3.479360e-01
345 6.503000e-01 1.492000e-03 3.482080e-01
346 6.500560e-01 1.432000e-03 3.485120e-01
347 6.498760e-01 1.352000e-03 3.487720e-01
348 6.496360e-01 1.392000e-03 3.489720e-01
349 6.494120e-01 1.380000e-03 3.492080e-01
350 6.492120e-01 1.340000e-03 3.494480e-01
351 6.489600e-01 1.360000e-03 3.496800e-01
352 6.486960e-01 1.376000e-03 3.499280e-01
353 6.484760e-01 1.352000e-03 3.501720e-01
354 6.482680e-01 1.344000e-03 3.503880e-01
355 6.479840e-01 1.420000e-03 3.505960e-01
356 6.477920e-01 1.308000e-03 3.509000e-01
357 6.475520e-01 1.288000e-03 3.511600e-01
358 6.473480e-01 1.272000e-03 3.513800e-01
359 6.471080e-01 1.312000e-03 3.515800e-01
360 6.469240e-01 1.288000e-03 3.517880e-01
361 6.466840e-01 1.288000e-03 3.520280e-01
362 6.464880e-01 1.276000e-03 3.522360e-01
363 6.462400e-01 1.296000e-03 3.524640e-01
364 6.460120e-01 1.336000e-03 3.526520e-01
365 6.457600e-01 1.336000e-03 3.529040e-01
366 6.455680e-01 1.260000e-03 3.531720e-01
367 6.453880e-01 1.184000e-03 3.534280e-01
368 6.452240e-01 1.164000e-03 3.536120e-01
369 6.450200e-01 1.148000e-03 3.538320e-01
370 6.447760e-01 1.192000e-03 3.540320e-01
371 6.445200e-01 1.280000e-03 3.542000e-01
372 6.442880e-01 1.280000e-03 3.544320e-01
373 6.440320e-01 1.280000e-03 3.546880e-01
374 6.438400e-01 1.248000e-03 3.549120e-01
375 6.436080e-01 1.216000e-03 3.551760e-01
376 6.433760e-01 1.248000e-03 3.553760e-01
377 6.431200e-01 1.336000e-03 3.555440e-01
378 6.429320e-01 1.316000e-03 3.557520e-01
379 6.426760e-01 1.380000e-03 3.559440e-01
380 6.424240e-01 1.376000e-03 3.562000e-01
381 6.421440e-01 1.436000e-03 3.564200e-01
382 6.418920e-01 1.456000e-03 3.566520e-01
383 6.416440e-01 1.488000e-03 3.568680e-01
384 6.413880e-01 1.448000e-03 3.571640e-01
385 6.411360e-01 1.420000e-03 3.574440e-01
386 6.408640e-01 1.384000e-03 3.577520e-01
387 6.406160e-01 1.392000e-03 3.579920e-01
388 6.403240e-01 1.444000e-03 3.582320e-01
389 6.399960e-01 1.500000e-03 3.585040e-01
390 6.397000e-01 1.552000e-03 3.587480e-01
391 6.393880e-01 1.632000e-03 3.589800e-01
392 6.390760e-01 1.696000e-03 3.592280e-01
393 6.388200e-01 1.664000e-03 3.595160e-01
394 6.385160e-01 1.696000e-03 3.597880e-01
395 6.382560e-01 1.664000e-03 3.600800e-01
396 6.380200e-01 1.648000e-03 3.603320e-01
397 6.377440e-01 1.648000e-03 3.606080e-01
398 6.374680e-01 1.652000e-03 3.608800e-01
399 6.372440e-01 1.580000e-03 3.611760e-01
400 6.370080e-01 1.592000e-03 3.614000e-01
401 6.367880e-01 1.548000e-03 3.616640e-01
402 6.365520e-01 1.532000e-03 3.619160e-01
403 6.363520e-01 1.480000e-03 3.621680e-01
404 6.361480e-01 1.456000e-03 3.623960e-01
405 6.358920e-01 1.484000e-03 3.626240e-01
406 6.356320e-01 1.484000e-03 3.628840e-01
407 6.353920e-01 1.484000e-03 3.631240e-01
408 6.351600e-01 1.456000e-03 3.633840e-01
409 6.348880e-01 1.424000e-03 3.636880e-01
410 6.346720e-01 1.380000e-03 3.639480e-01
411 6.344040e-01 1.380000e-03 3.642160e-01
412 6.341800e-01 1.352000e-03 3.644680e-01
413 6.339960e-01 1.316000e-03 3.646880e-01
414 6.337800e-01 1.356000e-03 3.648640e-01
415 6.335800e-01 1.336000e-03 3.650840e-01
416 6.333760e-01 1.280000e-03 3.653440e-01
417 6.331560e-01 1.276000e-03 3.655680e-01
418 6.329320e-01 1.272000e-03 3.657960e-01
419 6.327600e-01 1.244000e-03 3.659960e-01
420 6.325240e-01 1.196000e-03 3.662800e-01
421 6.323200e-01 1.180000e-03 3.665000e-01
422 6.321120e-01 1.216000e-03 3.666720e-01
423 6.319200e-01 1.200000e-03 3.668800e-01
424 6.317040e-01 1.216000e-03 3.670800e-01
425 6.314480e-01 1.268000e-03 3.672840e-01
426 6.312760e-01 1.204000e-03 3.675200e-01
427 6.310480e-01 1.200000e-03 3.677520e-01
428 6.308600e-01 1.172000e-03 3.679680e-01
429 6.306440e-01 1.160000e-03 3.681960e-01
430 6.304920e-01 1.096000e-03 3.684120e-01
431 6.303160e-01 1.096000e-03 3.685880e-01
432 6.301120e-01 1.148000e-03 3.687400e-01
433 6.298720e-01 1.200000e-03 3.689280e-01
434 6.296760e-01 1.180000e-03 3.691440e-01
435 6.295080e-01 1.152000e-03 3.693400e-01
436 6.293720e-01 1.072000e-03 3.695560e-01
437 6.291800e-01 1.068000e-03 3.697520e-01
438 6.290280e-01 1.052000e-03 3.699200e-01
439 6.288760e-01 1.024000e-03 3.701000e-01
440 6.287520e-01 9.680000e-04 3.702800e-01
441 6.286360e-01 9.400000e-04 3.704240e-01
442 6.285120e-01 8.880000e-04 3.706000e-01
443 6.283640e-01 9.000000e-04 3.707360e-01
444 6.282360e-01 8.760000e-04 3.708880e-01
445 6.281200e-01 8.360000e-04 3.710440e-01
446 6.280320e-01 8.160000e-04 3.711520e-01
447 6.278800e-01 8.480000e-04 3.712720e-01
448 6.277520e-01 8.640000e-04 3.713840e-01
449 6.276320e-01 7.800000e-04 3.715880e-01
450 6.274960e-01 7.840000e-04 3.717200e-01
451 6.273800e-01 7.720000e-04 3.718480e-01
452 6.272080e-01 8.000000e-04 3.719920e-01
453 6.270160e-01 8.040000e-04 3.721800e-01
454 6.268200e-01 8.560000e-04 3.723240e-01
455 6.266560e-01 8.800000e-04 3.724640e-01
456 6.264440e-01 9.600000e-04 3.725960e-01
457 6.262360e-01 9.920000e-04 3.727720e-01
458 6.259840e-01 1.112000e-03 3.729040e-01
459 6.258080e-01 1.052000e-03 3.731400e-01
460 6.255680e-01 1.112000e-03 3.733200e-01
461 6.253840e-01 1.068000e-03 3.735480e-01
462 6.251960e-01 1.084000e-03 3.737200e-01
463 6.249960e-01 1.096000e-03 3.739080e-01
464 6.248040e-01 1.120000e-03 3.740760e-01
465 6.245920e-01 1.136000e-03 3.742720e-01
466 6.244080e-01 1.088000e-03 3.745040e-01
467 6.242560e-01 1.036000e-03 3.747080e-01
468 6.241000e-01 1.012000e-03 3.748880e-01
469 6.239520e-01 9.840000e-04 3.750640e-01
470 6.238080e-01 9.640000e-04 3.752280e-01
471 6.236560e-01 9.720000e-04 3.753720e-01
472 6.235280e-01 9.400000e-04 3.755320e-01
473 6.234080e-01 8.960000e-04 3.756960e-01
474 6.233080e-01 8.480000e-04 3.758440e-01
475 6.231480e-01 8.440000e-04 3.760080e-01
476 6.230400e-01 7.680000e-04 3.761920e-01
477 6.229240e-01 7.160000e-04 3.763600e-01
478 6.227960e-01 7.480000e-04 3.764560e-01
479 6.226840e-01 7.320000e-04 3.765840e-01
480 6.225440e-01 7.760000e-04 3.766800e-01
481 6.224280e-01 7.560000e-04 3.768160e-01
482 6.222920e-01 7.520000e-04 3.769560e-01
483 6.221320e-01 7.840000e-04 3.770840e-01
484 6.219560e-01 8.280000e-04 3.772160e-01
485 6.217800e-01 8.680000e-04 3.773520e-01
486 6.216080e-01 8.840000e-04 3.775080e-01
487 6.214520e-01 8.600000e-04 3.776880e-01
488 6.213080e-01 8.600000e-04 3.778320e-01
489 6.212200e-01 7.800000e-04 3.780000e-01
490 6.211280e-01 7.280000e-04 3.781440e-01
491 6.210000e-01 7.280000e-04 3.782720e-01
492 6.208800e-01 7.320000e-04 3.783880e-01
493 6.207600e-01 7.040000e-04 3.785360e-01
494 6.206600e-01 7.160000e-04 3.786240e-01
495 6.205560e-01 6.680000e-04 3.787760e-01
496 6.204720e-01 6.280000e-04 3.789000e-01
497 6.203480e-01 6.120000e-04 3.790400e-01
498 6.202760e-01 6.000000e-04 3.791240e-01
499 6.201880e-01 5.880000e-04 3.792240e-01
500 6.201080e-01 5.440000e-04 3.793480e-01
