1 9.992600e-01 6.520000e-04 8.800000e-05
2 9.988240e-01 9.040000e-04 2.720000e-04
3 9.981760e-01 1.304000e-03 5.200000e-04
4 9.975560e-01 1.684000e-03 7.600000e-04
5 9.968960e-01 2.004000e-03 1.100000e-03
6 9.961480e-01 2.380000e-03 1.472000e-03
7 9.953640e-01 2.732000e-03 1.904000e-03
8 9.945040e-01 3.088000e-03 2.408000e-03
9 9.936560e-01 3.436000e-03 2.908000e-03
10 9.927640e-01 3.736000e-03 3.500000e-03
11 9.918280e-01 4.044000e-03 4.128000e-03
12 9.908680e-01 4.352000e-03 4.780000e-03
13 9.898120e-01 4.620000e-03 5.568000e-03
14 9.886200e-01 4.996000e-03 6.384000e-03
15 9.876600e-01 5.052000e-03 7.288000e-03
16 9.865040e-01 5.216000e-03 8.280000e-03
17 9.854000e-01 5.296000e-03 9.304000e-03
18 9.843080e-01 5.556000e-03 1.013600e-02
19 9.831960e-01 5.676000e-03 1.112800e-02
20 9.820680e-01 5.812000e-03 1.212000e-02
21 9.809840e-01 5.856000e-03 1.316000e-02
22 9.798680e-01 5.936000e-03 1.419600e-02
23 9.786760e-01 6.068000e-03 1.525600e-02
24 9.775480e-01 6.196000e-03 1.625600e-02
25 9.763080e-01 6.308000e-03 1.738400e-02
26 9.750800e-01 6.432000e-03 1.848800e-02
27 9.736200e-01 6.760000e-03 1.962000e-02
28 9.724280e-01 6.944000e-03 2.062800e-02
29 9.709880e-01 7.148000e-03 2.186400e-02
30 9.696000e-01 7.184000e-03 2.321600e-02
31 9.682760e-01 7.124000e-03 2.460000e-02
32 9.671680e-01 6.976000e-03 2.585600e-02
33 9.658720e-01 6.936000e-03 2.719200e-02
34 9.646240e-01 6.964000e-03 2.841200e-02
35 9.634160e-01 6.996000e-03 2.958800e-02
36 9.621840e-01 7.012000e-03 3.080400e-02
37 9.607840e-01 7.152000e-03 3.206400e-02
38 9.595320e-01 7.184000e-03 3.328400e-02
39 9.582000e-01 7.352000e-03 3.444800e-02
40 9.568200e-01 7.392000e-03 3.578800e-02
41 9.554680e-01 7.476000e-03 3.705600e-02
42 9.542000e-01 7.460000e-03 3.834000e-02
43 9.529400e-01 7.476000e-03 3.958400e-02
44 9.516600e-01 7.452000e-03 4.088800e-02
45 9.504440e-01 7.308000e-03 4.224800e-02
46 9.490800e-01 7.328000e-03 4.359200e-02
47 9.477080e-01 7.452000e-03 4.484000e-02
48 9.464360e-01 7.424000e-03 4.614000e-02
49 9.450200e-01 7.520000e-03 4.746000e-02
50 9.435480e-01 7.680000e-03 4.877200e-02
51 9.421600e-01 7.760000e-03 5.008000e-02
52 9.409520e-01 7.600000e-03 5.144800e-02
53 9.397960e-01 7.448000e-03 5.275600e-02
54 9.385600e-01 7.408000e-03 5.403200e-02
55 9.373920e-01 7.216000e-03 5.539200e-02
56 9.363000e-01 7.048000e-03 5.665200e-02
57 9.352320e-01 6.856000e-03 5.791200e-02
58 9.340600e-01 6.776000e-03 5.916400e-02
59 9.328600e-01 6.744000e-03 6.039600e-02
60 9.316400e-01 6.764000e-03 6.159600e-02
61 9.304200e-01 6.796000e-03 6.278400e-02
62 9.292200e-01 6.740000e-03 6.404000e-02
63 9.278760e-01 6.940000e-03 6.518400e-02
64 9.266480e-01 6.964000e-03 6.638800e-02
65 9.252000e-01 7.168000e-03 6.763200e-02
66 9.238600e-01 7.224000e-03 6.891600e-02
67 9.225040e-01 7.272000e-03 7.022400e-02
68 9.211800e-01 7.340000e-03 7.148000e-02
69 9.200400e-01 7.204000e-03 7.275600e-02
70 9.188880e-01 7.100000e-03 7.401200e-02
71 9.177800e-01 6.968000e-03 7.525200e-02
72 9.165280e-01 7.084000e-03 7.638800e-02
73 9.153200e-01 7.048000e-03 7.763200e-02
74 9.141040e-01 7.060000e-03 7.883600e-02
75 9.126760e-01 7.244000e-03 8.008000e-02
76 9.114560e-01 7.144000e-03 8.140000e-02
77 9.102280e-01 7.072000e-03 8.270000e-02
78 9.091160e-01 6.884000e-03 8.400000e-02
79 9.077920e-01 6.984000e-03 8.522400e-02
80 9.065600e-01 7.012000e-03 8.642800e-02
81 9.053440e-01 7.040000e-03 8.761600e-02
82 9.041720e-01 6.928000e-03 8.890000e-02
83 9.028720e-01 6.912000e-03 9.021600e-02
84 9.014760e-01 7.036000e-03 9.148800e-02
85 9.003640e-01 7.036000e-03 9.260000e-02
86 8.991200e-01 7.076000e-03 9.380400e-02
87 8.977760e-01 7.224000e-03 9.500000e-02
88 8.964320e-01 7.308000e-03 9.626000e-02
89 8.951960e-01 7.252000e-03 9.755200e-02
90 8.939800e-01 7.148000e-03 9.887200e-02
91 8.927800e-01 7.112000e-03 1.001080e-01
92 8.915920e-01 7.064000e-03 1.013440e-01
93 8.902080e-01 7.208000e-03 1.025840e-01
94 8.889080e-01 7.256000e-03 1.038360e-01
95 8.876520e-01 7.216000e-03 1.051320e-01
96 8.863560e-01 7.200000e-03 1.064440e-01
97 8.852440e-01 7.068000e-03 1.076880e-01
98 8.840240e-01 7.092000e-03 1.088840e-01
99 8.828480e-01 6.928000e-03 1.102240e-01
100 8.816760e-01 6.868000e-03 1.114560e-01
101 8.805360e-01 6.848000e-03 1.126160e-01
102 8.792600e-01 6.900000e-03 1.138400e-01
103 8.779840e-01 6.940000e-03 1.150760e-01
104 8.769640e-01 6.744000e-03 1.162920e-01
105 8.758120e-01 6.796000e-03 1.173920e-01
106 8.745560e-01 6.784000e-03 1.186600e-01
107 8.733720e-01 6.584000e-03 1.200440e-01
108 8.723080e-01 6.484000e-03 1.212080e-01
109 8.712200e-01 6.524000e-03 1.222560e-01
110 8.700800e-01 6.548000e-03 1.233720e-01
111 8.691120e-01 6.368000e-03 1.245200e-01
112 8.679440e-01 6.428000e-03 1.256280e-01
113 8.668720e-01 6.464000e-03 1.266640e-01
114 8.658040e-01 6.476000e-03 1.277200e-01
115 8.646360e-01 6.520000e-03 1.288440e-01
116 8.636360e-01 6.436000e-03 1.299280e-01
117 8.626040e-01 6.424000e-03 1.309720e-01
118 8.616200e-01 6.456000e-03 1.319240e-01
119 8.605000e-01 6.480000e-03 1.330200e-01
120 8.594680e-01 6.380000e-03 1.341520e-01
121 8.584160e-01 6.136000e-03 1.354480e-01
122 8.574280e-01 6.124000e-03 1.364480e-01
123 8.562360e-01 6.276000e-03 1.374880e-01
124 8.551440e-01 6.200000e-03 1.386560e-01
125 8.539800e-01 6.252000e-03 1.397680e-01
126 8.530000e-01 6.160000e-03 1.408400e-01
127 8.520120e-01 6.076000e-03 1.419120e-01
128 8.509800e-01 5.932000e-03 1.430880e-01
129 8.501280e-01 5.760000e-03 1.441120e-01
130 8.492040e-01 5.624000e-03 1.451720e-01
131 8.482960e-01 5.576000e-03 1.461280e-01
132 8.474120e-01 5.552000e-03 1.470360e-01
133 8.465280e-01 5.480000e-03 1.479920e-01
134 8.456120e-01 5.456000e-03 1.489320e-01
135 8.446920e-01 5.400000e-03 1.499080e-01
136 8.435520e-01 5.612000e-03 1.508360e-01
137 8.425600e-01 5.648000e-03 1.517920e-01
138 8.415600e-01 5.696000e-03 1.527440e-01
139 8.405560e-01 5.656000e-03 1.537880e-01
140 8.396720e-01 5.468000e-03 1.548600e-01
141 8.387280e-01 5.404000e-03 1.558680e-01
142 8.377360e-01 5.476000e-03 1.567880e-01
143 8.368080e-01 5.508000e-03 1.576840e-01
144 8.359240e-01 5.388000e-03 1.586880e-01
145 8.350440e-01 5.284000e-03 1.596720e-01
146 8.340880e-01 5.388000e-03 1.605240e-01
147 8.332480e-01 5.184000e-03 1.615680e-01
148 8.325040e-01 5.124000e-03 1.623720e-01
149 8.315480e-01 5.212000e-03 1.632400e-01
150 8.306400e-01 5.144000e-03 1.642160e-01
151 8.296400e-01 5.168000e-03 1.651920e-01
152 8.286480e-01 5.300000e-03 1.660520e-01
153 8.277320e-01 5.256000e-03 1.670120e-01
154 8.267680e-01 5.236000e-03 1.679960e-01
155 8.259520e-01 5.064000e-03 1.689840e-01
156 8.250600e-01 5.080000e-03 1.698600e-01
157 8.241800e-01 4.984000e-03 1.708360e-01
158 8.232600e-01 4.988000e-03 1.717520e-01
159 8.224560e-01 4.964000e-03 1.725800e-01
160 8.216200e-01 4.904000e-03 1.734760e-01
161 8.207880e-01 4.944000e-03 1.742680e-01
162 8.199840e-01 4.928000e-03 1.750880e-01
163 8.190480e-01 5.008000e-03 1.759440e-01
164 8.182160e-01 5.020000e-03 1.767640e-01
165 8.173800e-01 5.028000e-03 1.775920e-01
166 8.166040e-01 4.980000e-03 1.784160e-01
167 8.157840e-01 4.944000e-03 1.792720e-01
168 8.150120e-01 4.900000e-03 1.800880e-01
169 8.141960e-01 4.832000e-03 1.809720e-01
170 8.134120e-01 4.892000e-03 1.816960e-01
171 8.125520e-01 4.972000e-03 1.824760e-01
172 8.118120e-01 4.844000e-03 1.833440e-01
173 8.111120e-01 4.772000e-03 1.841160e-01
174 8.102640e-01 4.768000e-03 1.849680e-01
175 8.095000e-01 4.708000e-03 1.857920e-01
176 8.087600e-01 4.612000e-03 1.866280e-01
177 8.081440e-01 4.504000e-03 1.873520e-01
178 8.074440e-01 4.340000e-03 1.882160e-01
179 8.068280e-01 4.192000e-03 1.889800e-01
180 8.061240e-01 4.128000e-03 1.897480e-01
181 8.054160e-01 4.112000e-03 1.904720e-01
182 8.046240e-01 4.136000e-03 1.912400e-01
183 8.040040e-01 3.976000e-03 1.920200e-01
184 8.033320e-01 4.004000e-03 1.926640e-01
185 8.026440e-01 3.992000e-03 1.933640e-01
186 8.018760e-01 4.080000e-03 1.940440e-01
187 8.012240e-01 3.988000e-03 1.947880e-01
188 8.005520e-01 3.988000e-03 1.954600e-01
189 7.999160e-01 3.964000e-03 1.961200e-01
190 7.991640e-01 4.016000e-03 1.968200e-01
191 7.985800e-01 3.944000e-03 1.974760e-01
192 7.980560e-01 3.824000e-03 1.981200e-01
193 7.974360e-01 3.712000e-03 1.988520e-01
194 7.967600e-01 3.712000e-03 1.995280e-01
195 7.961320e-01 3.736000e-03 2.001320e-01
196 7.955120e-01 3.720000e-03 2.007680e-01
197 7.948800e-01 3.712000e-03 2.014080e-01
198 7.942440e-01 3.772000e-03 2.019840e-01
199 7.936560e-01 3.744000e-03 2.026000e-01
200 7.929440e-01 3.692000e-03 2.033640e-01
201 7.923560e-01 3.632000e-03 2.040120e-01
202 7.918000e-01 3.520000e-03 2.046800e-01
203 7.912040e-01 3.552000e-03 2.052440e-01
204 7.905160e-01 3.688000e-03 2.057960e-01
205 7.897520e-01 3.800000e-03 2.064480e-01
206 7.892040e-01 3.684000e-03 2.071120e-01
207 7.885920e-01 3.656000e-03 2.077520e-01
208 7.880560e-01 3.504000e-03 2.084400e-01
209 7.875600e-01 3.348000e-03 2.090920e-01
210 7.869880e-01 3.428000e-03 2.095840e-01
211 7.863000e-01 3.460000e-03 2.102400e-01
212 7.857280e-01 3.464000e-03 2.108080e-01
213 7.851280e-01 3.456000e-03 2.114160e-01
214 7.846040e-01 3.376000e-03 2.120200e-01
215 7.839640e-01 3.436000e-03 2.126000e-01
216 7.832840e-01 3.472000e-03 2.132440e-01
217 7.827320e-01 3.404000e-03 2.138640e-01
218 7.821760e-01 3.432000e-03 2.143920e-01
219 7.815920e-01 3.400000e-03 2.150080e-01
220 7.810760e-01 3.324000e-03 2.156000e-01
221 7.805560e-01 3.232000e-03 2.162120e-01
222 7.800800e-01 3.152000e-03 2.167680e-01
223 7.796520e-01 3.028000e-03 2.173200e-01
224 7.791920e-01 2.936000e-03 2.178720e-01
225 7.786880e-01 2.928000e-03 2.183840e-01
226 7.782680e-01 2.852000e-03 2.188800e-01
227 7.778600e-01 2.776000e-03 2.193640e-01
228 7.773920e-01 2.796000e-03 2.198120e-01
229 7.769120e-01 2.752000e-03 2.203360e-01
230 7.763440e-01 2.828000e-03 2.208280e-01
231 7.758160e-01 2.828000e-03 2.213560e-01
232 7.754520e-01 2.668000e-03 2.218800e-01
233 7.750600e-01 2.608000e-03 2.223320e-01
234 7.746200e-01 2.620000e-03 2.227600e-01
235 7.741120e-01 2.644000e-03 2.232440e-01
236 7.736880e-01 2.596000e-03 2.237160e-01
237 7.733800e-01 2.464000e-03 2.241560e-01
238 7.729920e-01 2.428000e-03 2.245800e-01
239 7.726080e-01 2.324000e-03 2.250680e-01
240 7.723400e-01 2.176000e-03 2.254840e-01
241 7.719640e-01 2.256000e-03 2.257800e-01
242 7.715880e-01 2.224000e-03 2.261880e-01
243 7.711920e-01 2.244000e-03 2.265640e-01
244 7.707600e-01 2.308000e-03 2.269320e-01
245 7.703960e-01 2.304000e-03 2.273000e-01
246 7.699280e-01 2.336000e-03 2.277360e-01
247 7.694840e-01 2.436000e-03 2.280800e-01
248 7.689840e-01 2.520000e-03 2.284960e-01
249 7.684680e-01 2.632000e-03 2.289000e-01
250 7.679840e-01 2.620000e-03 2.293960e-01
251 7.674160e-01 2.696000e-03 2.298880e-01
252 7.667800e-01 2.824000e-03 2.303960e-01
253 7.662920e-01 2.868000e-03 2.308400e-01
254 7.656920e-01 2.952000e-03 2.313560e-01
255 7.651520e-01 3.060000e-03 2.317880e-01
256 7.645840e-01 3.080000e-03 2.323360e-01
257 7.640800e-01 2.964000e-03 2.329560e-01
258 7.635720e-01 2.960000e-03 2.334680e-01
259 7.630480e-01 3.000000e-03 2.339520e-01
260 7.624560e-01 3.204000e-03 2.343400e-01
261 7.618640e-01 3.200000e-03 2.349360e-01
262 7.612440e-01 3.252000e-03 2.355040e-01
263 7.606760e-01 3.240000e-03 2.360840e-01
264 7.601080e-01 3.236000e-03 2.366560e-01
265 7.594600e-01 3.344000e-03 2.371960e-01
266 7.588200e-01 3.360000e-03 2.378200e-01
267 7.581840e-01 3.388000e-03 2.384280e-01
268 7.575920e-01 3.292000e-03 2.391160e-01
269 7.570560e-01 3.280000e-03 2.396640e-01
270 7.565480e-01 3.280000e-03 2.401720e-01
271 7.560560e-01 3.216000e-03 2.407280e-01
272 7.554760e-01 3.288000e-03 2.412360e-01
273 7.549520e-01 3.268000e-03 2.417800e-01
274 7.544160e-01 3.204000e-03 2.423800e-01
275 7.539240e-01 3.100000e-03 2.429760e-01
276 7.534320e-01 3.060000e-03 2.435080e-01
277 7.529920e-01 2.944000e-03 2.440640e-01
278 7.525520e-01 2.800000e-03 2.446480e-01
279 7.521240e-01 2.796000e-03 2.450800e-01
280 7.518200e-01 2.620000e-03 2.455600e-01
281 7.515240e-01 2.432000e-03 2.460440e-01
282 7.511440e-01 2.364000e-03 2.464920e-01
283 7.508080e-01 2.288000e-03 2.469040e-01
284 7.504760e-01 2.228000e-03 2.472960e-01
285 7.501080e-01 2.200000e-03 2.476920e-01
286 7.497640e-01 2.108000e-03 2.481280e-01
287 7.494280e-01 2.128000e-03 2.484440e-01
288 7.490800e-01 2.072000e-03 2.488480e-01
289 7.487040e-01 2.076000e-03 2.492200e-01
290 7.483600e-01 2.072000e-03 2.495680e-01
291 7.479320e-01 2.128000e-03 2.499400e-01
292 7.475200e-01 2.144000e-03 2.503360e-01
293 7.470600e-01 2.228000e-03 2.507120e-01
294 7.466640e-01 2.248000e-03 2.510880e-01
295 7.462280e-01 2.272000e-03 2.515000e-01
296 7.458400e-01 2.272000e-03 2.518880e-01
297 7.454560e-01 2.328000e-03 2.522160e-01
298 7.450040e-01 2.408000e-03 2.525880e-01
299 7.445760e-01 2.396000e-03 2.530280e-01
300 7.442080e-01 2.408000e-03 2.533840e-01
301 7.437960e-01 2.400000e-03 2.538040e-01
302 7.434080e-01 2.344000e-03 2.542480e-01
303 7.430480e-01 2.296000e-03 2.546560e-01
304 7.427120e-01 2.244000e-03 2.550440e-01
305 7.423560e-01 2.228000e-03 2.554160e-01
306 7.420520e-01 2.176000e-03 2.557720e-01
307 7.417680e-01 2.004000e-03 2.562280e-01
308 7.415200e-01 1.816000e-03 2.566640e-01
309 7.412080e-01 1.784000e-03 2.570080e-01
310 7.408120e-01 1.876000e-03 2.573120e-01
311 7.405040e-01 1.856000e-03 2.576400e-01
312 7.401880e-01 1.836000e-03 2.579760e-01
313 7.398560e-01 1.852000e-03 2.582920e-01
314 7.395280e-01 1.876000e-03 2.585960e-01
315 7.391880e-01 1.900000e-03 2.589120e-01
316 7.388080e-01 1.960000e-03 2.592320e-01
317 7.384520e-01 1.964000e-03 2.595840e-01
318 7.381360e-01 1.976000e-03 2.598880e-01
319 7.377680e-01 1.952000e-03 2.602800e-01
320 7.374720e-01 1.876000e-03 2.606520e-01
321 7.371200e-01 1.888000e-03 2.609920e-01
322 7.368200e-01 1.852000e-03 2.613280e-01
323 7.364680e-01 1.888000e-03 2.616440e-01
324 7.362560e-01 1.764000e-03 2.619800e-01
325 7.359600e-01 1.712000e-03 2.623280e-01
326 7.356480e-01 1.700000e-03 2.626520e-01
327 7.353040e-01 1.696000e-03 2.630000e-01
328 7.349600e-01 1.716000e-03 2.633240e-01
329 7.346440e-01 1.716000e-03 2.636400e-01
330 7.343520e-01 1.620000e-03 2.640280e-01
331 7.340440e-01 1.660000e-03 2.642960e-01
332 7.337480e-01 1.628000e-03 2.646240e-01
333 7.334600e-01 1.600000e-03 2.649400e-01
334 7.331680e-01 1.672000e-03 2.651600e-01
335 7.328680e-01 1.660000e-03 2.654720e-01
336 7.325480e-01 1.680000e-03 2.657720e-01
337 7.322680e-01 1.636000e-03 2.660960e-01
338 7.320080e-01 1.640000e-03 2.663520e-01
339 7.317520e-01 1.668000e-03 2.665800e-01
340 7.315680e-01 1.572000e-03 2.668600e-01
341 7.313400e-01 1.452000e-03 2.672080e-01
342 7.310920e-01 1.436000e-03 2.674720e-01
343 7.307760e-01 1.504000e-03 2.677200e-01
344 7.304520e-01 1.552000e-03 2.679960e-01
345 7.301920e-01 1.500000e-03 2.683080e-01
346 7.298960e-01 1.540000e-03 2.685640e-01
347 7.295360e-01 1.632000e-03 2.688320e-01
348 7.292600e-01 1.600000e-03 2.691400e-01
349 7.289640e-01 1.628000e-03 2.694080e-01
350 7.286920e-01 1.596000e-03 2.697120e-01
351 7.282720e-01 1.804000e-03 2.699240e-01
352 7.278720e-01 1.912000e-03 2.702160e-01
353 7.275280e-01 1.880000e-03 2.705920e-01
354 7.271600e-01 1.896000e-03 2.709440e-01
355 7.268360e-01 1.888000e-03 2.712760e-01
356 7.265040e-01 1.924000e-03 2.715720e-01
357 7.260840e-01 1.968000e-03 2.719480e-01
358 7.257680e-01 1.900000e-03 2.723320e-01
359 7.255080e-01 1.852000e-03 2.726400e-01
360 7.252680e-01 1.748000e-03 2.729840e-01
361 7.250280e-01 1.680000e-03 2.732920e-01
362 7.248040e-01 1.616000e-03 2.735800e-01
363 7.244880e-01 1.700000e-03 2.738120e-01
364 7.242480e-01 1.552000e-03 2.742000e-01
365 7.240080e-01 1.512000e-03 2.744800e-01
366 7.237680e-01 1.464000e-03 2.747680e-01
367 7.235640e-01 1.424000e-03 2.750120e-01
368 7.233040e-01 1.356000e-03 2.753400e-01
369 7.230560e-01 1.332000e-03 2.756120e-01
370 7.228760e-01 1.356000e-03 2.757680e-01
371 7.225920e-01 1.372000e-03 2.760360e-01
372 7.223560e-01 1.432000e-03 2.762120e-01
373 7.220800e-01 1.496000e-03 2.764240e-01
374 7.218400e-01 1.448000e-03 2.767120e-01
375 7.216360e-01 1.420000e-03 2.769440e-01
376 7.214400e-01 1.376000e-03 2.771840e-01
377 7.212480e-01 1.376000e-03 2.773760e-01
378 7.209720e-01 1.416000e-03 2.776120e-01
379 7.207480e-01 1.396000e-03 2.778560e-01
380 7.204440e-01 1.428000e-03 2.781280e-01
381 7.202080e-01 1.440000e-03 2.783520e-01
382 7.199200e-01 1.464000e-03 2.786160e-01
383 7.196960e-01 1.392000e-03 2.789120e-01
384 7.194800e-01 1.384000e-03 2.791360e-01
385 7.192080e-01 1.412000e-03 2.793800e-01
386 7.189080e-01 1.464000e-03 2.796280e-01
387 7.187400e-01 1.428000e-03 2.798320e-01
388 7.184920e-01 1.404000e-03 2.801040e-01
389 7.182840e-01 1.328000e-03 2.803880e-01
390 7.180680e-01 1.320000e-03 2.806120e-01
391 7.178720e-01 1.296000e-03 2.808320e-01
392 7.177000e-01 1.244000e-03 2.810560e-01
393 7.175240e-01 1.204000e-03 2.812720e-01
394 7.173560e-01 1.136000e-03 2.815080e-01
395 7.172040e-01 1.024000e-03 2.817720e-01
396 7.170920e-01 9.960000e-04 2.819120e-01
397 7.168800e-01 1.060000e-03 2.820600e-01
398 7.166640e-01 1.084000e-03 2.822520e-01
399 7.164960e-01 1.072000e-03 2.824320e-01
400 7.163760e-01 9.800000e-04 2.826440e-01
401 7.162280e-01 9.800000e-04 2.827920e-01
402 7.160840e-01 9.280000e-04 2.829880e-01
403 7.159560e-01 8.760000e-04 2.831680e-01
404 7.158160e-01 8.840000e-04 2.833000e-01
405 7.157080e-01 8.160000e-04 2.834760e-01
406 7.155600e-01 8.560000e-04 2.835840e-01
407 7.154560e-01 7.880000e-04 2.837560e-01
408 7.153240e-01 8.200000e-04 2.838560e-01
409 7.152040e-01 8.200000e-04 2.839760e-01
410 7.150760e-01 8.640000e-04 2.840600e-01
411 7.149560e-01 8.680000e-04 2.841760e-01
412 7.148120e-01 9.040000e-04 2.842840e-01
413 7.146680e-01 8.400000e-04 2.844920e-01
414 7.145480e-01 7.960000e-04 2.846560e-01
415 7.144320e-01 8.240000e-04 2.847440e-01
416 7.143440e-01 7.640000e-04 2.848920e-01
417 7.142320e-01 7.280000e-04 2.850400e-01
418 7.141120e-01 7.000000e-04 2.851880e-01
419 7.140040e-01 7.120000e-04 2.852840e-01
420 7.138480e-01 7.480000e-04 2.854040e-01
421 7.136960e-01 7.560000e-04 2.855480e-01
422 7.135360e-01 7.920000e-04 2.856720e-01
423 7.134600e-01 7.400000e-04 2.858000e-01
424 7.133440e-01 7.080000e-04 2.859480e-01
425 7.132360e-01 7.080000e-04 2.860560e-01
426 7.131120e-01 7.160000e-04 2.861720e-01
427 7.130080e-01 6.840000e-04 2.863080e-01
428 7.128880e-01 7.320000e-04 2.863800e-01
429 7.127880e-01 6.880000e-04 2.865240e-01
430 7.126760e-01 7.040000e-04 2.866200e-01
431 7.125200e-01 7.800000e-04 2.867000e-01
432 7.123600e-01 8.080000e-04 2.868320e-01
433 7.121880e-01 8.320000e-04 2.869800e-01
434 7.120920e-01 8.000000e-04 2.871080e-01
435 7.119720e-01 7.600000e-04 2.872680e-01
436 7.118640e-01 7.160000e-04 2.874200e-01
437 7.117200e-01 7.400000e-04 2.875400e-01
438 7.115680e-01 7.360000e-04 2.876960e-01
439 7.114760e-01 6.720000e-04 2.878520e-01
440 7.113440e-01 7.080000e-04 2.879480e-01
441 7.112360e-01 6.880000e-04 2.880760e-01
442 7.111280e-01 6.880000e-04 2.881840e-01
443 7.110240e-01 6.400000e-04 2.883360e-01
444 7.108960e-01 6.640000e-04 2.884400e-01
445 7.107960e-01 6.640000e-04 2.885400e-01
446 7.107400e-01 5.640000e-04 2.886960e-01
447 7.106560e-01 5.640000e-04 2.887800e-01
448 7.105560e-01 5.920000e-04 2.888520e-01
449 7.104560e-01 5.960000e-04 2.889480e-01
450 7.103600e-01 5.720000e-04 2.890680e-01
451 7.102800e-01 5.440000e-04 2.891760e-01
452 7.102160e-01 4.960000e-04 2.892880e-01
453 7.101240e-01 5.240000e-04 2.893520e-01
454 7.100680e-01 4.520000e-04 2.894800e-01
455 7.100080e-01 4.160000e-04 2.895760e-01
456 7.099320e-01 4.360000e-04 2.896320e-01
457 7.098320e-01 4.520000e-04 2.897160e-01
458 7.097520e-01 4.520000e-04 2.897960e-01
459 7.096720e-01 4.600000e-04 2.898680e-01
460 7.096160e-01 4.520000e-04 2.899320e-01
461 7.095520e-01 4.240000e-04 2.900240e-01
462 7.094440e-01 4.560000e-04 2.901000e-01
463 7.093480e-01 4.640000e-04 2.901880e-01
464 7.092400e-01 4.880000e-04 2.902720e-01
465 7.091240e-01 5.000000e-04 2.903760e-01
466 7.090440e-01 4.840000e-04 2.904720e-01
467 7.089680e-01 4.760000e-04 2.905560e-01
468 7.088840e-01 4.760000e-04 2.906400e-01
469 7.088000e-01 5.080000e-04 2.906920e-01
470 7.086800e-01 5.280000e-04 2.907920e-01
471 7.085920e-01 5.360000e-04 2.908720e-01
472 7.084800e-01 5.680000e-04 2.909520e-01
473 7.083720e-01 5.640000e-04 2.910640e-01
474 7.082760e-01 5.440000e-04 2.911800e-01
475 7.081880e-01 5.240000e-04 2.912880e-01
476 7.081080e-01 5.320000e-04 2.913600e-01
477 7.080360e-01 4.960000e-04 2.914680e-01
478 7.079320e-01 5.240000e-04 2.915440e-01
479 7.078520e-01 5.280000e-04 2.916200e-01
480 7.077840e-01 4.920000e-04 2.917240e-01
481 7.077200e-01 4.680000e-04 2.918120e-01
482 7.075840e-01 5.320000e-04 2.918840e-01
483 7.074920e-01 5.320000e-04 2.919760e-01
484 7.074040e-01 5.160000e-04 2.920800e-01
485 7.073400e-01 4.960000e-04 2.921640e-01
486 7.072640e-01 4.960000e-04 2.922400e-01
487 7.071920e-01 4.920000e-04 2.923160e-01
488 7.071000e-01 4.640000e-04 2.924360e-01
489 7.070440e-01 4.560000e-04 2.925000e-01
490 7.069440e-01 4.800000e-04 2.925760e-01
491 7.068440e-01 4.920000e-04 2.926640e-01
492 7.067320e-01 4.880000e-04 2.927800e-01
493 7.066400e-01 4.800000e-04 2.928800e-01
494 7.065360e-01 5.160000e-04 2.929480e-01
495 7.064360e-01 5.320000e-04 2.930320e-01
496 7.062800e-01 6.040000e-04 2.931160e-01
497 7.061760e-01 6.040000e-04 2.932200e-01
498 7.060360e-01 6.680000e-04 2.932960e-01
499 7.058640e-01 7.200000e-04 2.934160e-01
500 7.057160e-01 7.000000e-04 2.935840e-01
