1 9.992760e-01 6.280000e-04 9.600000e-05
2 9.988240e-01 9.560000e-04 2.200000e-04
3 9.982840e-01 1.220000e-03 4.960000e-04
4 9.977400e-01 1.488000e-03 7.720000e-04
5 9.970840e-01 1.820000e-03 1.096000e-03
6 9.965000e-01 2.048000e-03 1.452000e-03
7 9.958080e-01 2.372000e-03 1.820000e-03
8 9.950680e-01 2.724000e-03 2.208000e-03
9 9.942800e-01 2.960000e-03 2.760000e-03
10 9.935080e-01 3.160000e-03 3.332000e-03
11 9.926120e-01 3.460000e-03 3.928000e-03
12 9.916520e-01 3.864000e-03 4.484000e-03
13 9.906920e-01 4.072000e-03 5.236000e-03
14 9.897520e-01 4.204000e-03 6.044000e-03
15 9.887600e-01 4.452000e-03 6.788000e-03
16 9.877240e-01 4.644000e-03 7.632000e-03
17 9.865760e-01 4.976000e-03 8.448000e-03
18 9.854840e-01 5.144000e-03 9.372000e-03
19 9.844080e-01 5.340000e-03 1.025200e-02
20 9.833280e-01 5.476000e-03 1.119600e-02
21 9.820240e-01 5.776000e-03 1.220000e-02
22 9.808440e-01 5.944000e-03 1.321200e-02
23 9.796160e-01 6.172000e-03 1.421200e-02
24 9.783760e-01 6.356000e-03 1.526800e-02
25 9.770920e-01 6.528000e-03 1.638000e-02
26 9.759320e-01 6.520000e-03 1.754800e-02
27 9.747440e-01 6.600000e-03 1.865600e-02
28 9.735080e-01 6.640000e-03 1.985200e-02
29 9.720440e-01 6.824000e-03 2.113200e-02
30 9.706000e-01 7.092000e-03 2.230800e-02
31 9.693120e-01 7.104000e-03 2.358400e-02
32 9.678360e-01 7.420000e-03 2.474400e-02
33 9.665720e-01 7.388000e-03 2.604000e-02
34 9.651200e-01 7.536000e-03 2.734400e-02
35 9.638000e-01 7.572000e-03 2.862800e-02
36 9.626160e-01 7.420000e-03 2.996400e-02
37 9.613080e-01 7.432000e-03 3.126000e-02
38 9.601040e-01 7.376000e-03 3.252000e-02
39 9.589840e-01 7.332000e-03 3.368400e-02
40 9.576760e-01 7.372000e-03 3.495200e-02
41 9.564640e-01 7.368000e-03 3.616800e-02
42 9.553040e-01 7.160000e-03 3.753600e-02
43 9.541600e-01 7.104000e-03 3.873600e-02
44 9.529920e-01 6.992000e-03 4.001600e-02
45 9.518360e-01 6.896000e-03 4.126800e-02
46 9.506840e-01 6.804000e-03 4.251200e-02
47 9.494640e-01 6.852000e-03 4.368400e-02
48 9.483040e-01 6.864000e-03 4.483200e-02
49 9.471320e-01 6.872000e-03 4.599600e-02
50 9.459320e-01 6.844000e-03 4.722400e-02
51 9.446280e-01 6.956000e-03 4.841600e-02
52 9.433000e-01 7.036000e-03 4.966400e-02
53 9.419680e-01 7.068000e-03 5.096400e-02
54 9.406320e-01 7.180000e-03 5.218800e-02
55 9.392400e-01 7.400000e-03 5.336000e-02
56 9.378560e-01 7.364000e-03 5.478000e-02
57 9.364600e-01 7.468000e-03 5.607200e-02
58 9.351040e-01 7.436000e-03 5.746000e-02
59 9.338760e-01 7.508000e-03 5.861600e-02
60 9.324960e-01 7.444000e-03 6.006000e-02
61 9.311840e-01 7.428000e-03 6.138800e-02
62 9.298040e-01 7.336000e-03 6.286000e-02
63 9.284400e-01 7.356000e-03 6.420400e-02
64 9.272280e-01 7.332000e-03 6.544000e-02
65 9.259000e-01 7.316000e-03 6.678400e-02
66 9.246840e-01 7.240000e-03 6.807600e-02
67 9.234120e-01 7.248000e-03 6.934000e-02
68 9.220400e-01 7.256000e-03 7.070400e-02
69 9.208800e-01 7.144000e-03 7.197600e-02
70 9.197120e-01 7.004000e-03 7.328400e-02
71 9.184920e-01 6.980000e-03 7.452800e-02
72 9.173440e-01 6.852000e-03 7.580400e-02
73 9.162600e-01 6.688000e-03 7.705200e-02
74 9.150480e-01 6.728000e-03 7.822400e-02
75 9.138080e-01 6.696000e-03 7.949600e-02
76 9.126840e-01 6.664000e-03 8.065200e-02
77 9.114880e-01 6.672000e-03 8.184000e-02
78 9.103640e-01 6.628000e-03 8.300800e-02
79 9.092640e-01 6.628000e-03 8.410800e-02
80 9.081240e-01 6.612000e-03 8.526400e-02
81 9.068200e-01 6.692000e-03 8.648800e-02
82 9.054440e-01 6.948000e-03 8.760800e-02
83 9.041480e-01 7.020000e-03 8.883200e-02
84 9.028640e-01 7.092000e-03 9.004400e-02
85 9.015640e-01 7.144000e-03 9.129200e-02
86 9.002360e-01 7.220000e-03 9.254400e-02
87 8.989000e-01 7.248000e-03 9.385200e-02
88 8.975440e-01 7.336000e-03 9.512000e-02
89 8.961520e-01 7.568000e-03 9.628000e-02
90 8.948200e-01 7.592000e-03 9.758800e-02
91 8.935360e-01 7.492000e-03 9.897200e-02
92 8.922560e-01 7.452000e-03 1.002920e-01
93 8.910960e-01 7.276000e-03 1.016280e-01
94 8.897640e-01 7.364000e-03 1.028720e-01
95 8.886720e-01 7.160000e-03 1.041680e-01
96 8.874120e-01 7.224000e-03 1.053640e-01
97 8.861760e-01 7.248000e-03 1.065760e-01
98 8.849080e-01 7.204000e-03 1.078880e-01
99 8.834800e-01 7.504000e-03 1.090160e-01
100 8.821080e-01 7.520000e-03 1.103720e-01
101 8.806880e-01 7.516000e-03 1.117960e-01
102 8.795680e-01 7.300000e-03 1.131320e-01
103 8.783040e-01 7.244000e-03 1.144520e-01
104 8.768520e-01 7.496000e-03 1.156520e-01
105 8.754400e-01 7.680000e-03 1.168800e-01
106 8.739680e-01 7.768000e-03 1.182640e-01
107 8.724520e-01 7.888000e-03 1.196600e-01
108 8.709560e-01 7.896000e-03 1.211480e-01
109 8.694320e-01 7.980000e-03 1.225880e-01
110 8.680840e-01 7.932000e-03 1.239840e-01
111 8.667440e-01 7.788000e-03 1.254680e-01
112 8.655280e-01 7.652000e-03 1.268200e-01
113 8.642640e-01 7.656000e-03 1.280800e-01
114 8.631880e-01 7.372000e-03 1.294400e-01
115 8.621160e-01 7.180000e-03 1.307040e-01
116 8.609200e-01 7.096000e-03 1.319840e-01
117 8.598000e-01 7.088000e-03 1.331120e-01
118 8.586360e-01 6.952000e-03 1.344120e-01
119 8.574280e-01 6.868000e-03 1.357040e-01
120 8.562480e-01 6.924000e-03 1.368280e-01
121 8.548960e-01 6.988000e-03 1.381160e-01
122 8.538080e-01 6.824000e-03 1.393680e-01
123 8.526960e-01 6.756000e-03 1.405480e-01
124 8.514800e-01 6.768000e-03 1.417520e-01
125 8.502560e-01 6.840000e-03 1.429040e-01
126 8.489960e-01 6.904000e-03 1.441000e-01
127 8.479040e-01 6.724000e-03 1.453720e-01
128 8.466840e-01 6.752000e-03 1.465640e-01
129 8.455320e-01 6.788000e-03 1.476800e-01
130 8.443440e-01 6.812000e-03 1.488440e-01
131 8.431960e-01 6.808000e-03 1.499960e-01
132 8.418440e-01 7.032000e-03 1.511240e-01
133 8.405120e-01 7.144000e-03 1.523440e-01
134 8.392480e-01 7.128000e-03 1.536240e-01
135 8.379680e-01 7.168000e-03 1.548640e-01
136 8.368400e-01 7.056000e-03 1.561040e-01
137 8.355920e-01 7.120000e-03 1.572880e-01
138 8.343840e-01 7.120000e-03 1.584960e-01
139 8.332360e-01 6.948000e-03 1.598160e-01
140 8.319800e-01 7.020000e-03 1.610000e-01
141 8.306960e-01 7.104000e-03 1.622000e-01
142 8.295320e-01 7.052000e-03 1.634160e-01
143 8.283960e-01 6.896000e-03 1.647080e-01
144 8.271200e-01 6.860000e-03 1.660200e-01
145 8.259000e-01 6.872000e-03 1.672280e-01
146 8.247040e-01 6.848000e-03 1.684480e-01
147 8.235720e-01 6.784000e-03 1.696440e-01
148 8.224560e-01 6.704000e-03 1.708400e-01
149 8.212840e-01 6.680000e-03 1.720360e-01
150 8.200960e-01 6.672000e-03 1.732320e-01
151 8.189040e-01 6.620000e-03 1.744760e-01
152 8.176280e-01 6.800000e-03 1.755720e-01
153 8.163520e-01 6.852000e-03 1.767960e-01
154 8.149920e-01 6.896000e-03 1.781120e-01
155 8.136800e-01 7.020000e-03 1.793000e-01
156 8.124040e-01 6.956000e-03 1.806400e-01
157 8.113120e-01 6.740000e-03 1.819480e-01
158 8.102840e-01 6.552000e-03 1.831640e-01
159 8.090640e-01 6.684000e-03 1.842520e-01
160 8.078200e-01 6.692000e-03 1.854880e-01
161 8.066240e-01 6.648000e-03 1.867280e-01
162 8.054360e-01 6.676000e-03 1.878880e-01
163 8.043200e-01 6.740000e-03 1.889400e-01
164 8.033000e-01 6.652000e-03 1.900480e-01
165 8.020400e-01 6.740000e-03 1.912200e-01
166 8.010040e-01 6.688000e-03 1.923080e-01
167 7.998240e-01 6.720000e-03 1.934560e-01
168 7.985360e-01 6.792000e-03 1.946720e-01
169 7.973000e-01 6.756000e-03 1.959440e-01
170 7.960560e-01 6.784000e-03 1.971600e-01
171 7.949040e-01 6.628000e-03 1.984680e-01
172 7.936440e-01 6.648000e-03 1.997080e-01
173 7.925680e-01 6.572000e-03 2.008600e-01
174 7.915840e-01 6.428000e-03 2.019880e-01
175 7.905680e-01 6.308000e-03 2.031240e-01
176 7.895680e-01 6.212000e-03 2.042200e-01
177 7.886240e-01 6.068000e-03 2.053080e-01
178 7.876520e-01 5.988000e-03 2.063600e-01
179 7.865960e-01 5.988000e-03 2.074160e-01
180 7.857320e-01 5.808000e-03 2.084600e-01
181 7.848600e-01 5.712000e-03 2.094280e-01
182 7.839000e-01 5.620000e-03 2.104800e-01
183 7.830440e-01 5.480000e-03 2.114760e-01
184 7.821640e-01 5.348000e-03 2.124880e-01
185 7.813240e-01 5.232000e-03 2.134440e-01
186 7.804720e-01 5.128000e-03 2.144000e-01
187 7.795320e-01 5.128000e-03 2.153400e-01
188 7.787080e-01 5.072000e-03 2.162200e-01
189 7.778880e-01 5.064000e-03 2.170480e-01
190 7.770760e-01 5.024000e-03 2.179000e-01
191 7.762560e-01 4.864000e-03 2.188800e-01
192 7.754440e-01 4.804000e-03 2.197520e-01
193 7.746240e-01 4.804000e-03 2.205720e-01
194 7.738760e-01 4.688000e-03 2.214360e-01
195 7.731000e-01 4.564000e-03 2.223360e-01
196 7.723760e-01 4.480000e-03 2.231440e-01
197 7.716360e-01 4.448000e-03 2.239160e-01
198 7.710200e-01 4.352000e-03 2.246280e-01
199 7.704200e-01 4.172000e-03 2.254080e-01
200 7.697760e-01 4.052000e-03 2.261720e-01
201 7.692040e-01 3.844000e-03 2.269520e-01
202 7.686720e-01 3.704000e-03 2.276240e-01
203 7.682000e-01 3.620000e-03 2.281800e-01
204 7.676800e-01 3.512000e-03 2.288080e-01
205 7.670840e-01 3.496000e-03 2.294200e-01
206 7.664680e-01 3.528000e-03 2.300040e-01
207 7.657720e-01 3.596000e-03 2.306320e-01
208 7.650960e-01 3.616000e-03 2.312880e-01
209 7.645960e-01 3.468000e-03 2.319360e-01
210 7.641040e-01 3.388000e-03 2.325080e-01
211 7.635080e-01 3.448000e-03 2.330440e-01
212 7.629920e-01 3.388000e-03 2.336200e-01
213 7.624920e-01 3.336000e-03 2.341720e-01
214 7.619560e-01 3.316000e-03 2.347280e-01
215 7.614520e-01 3.252000e-03 2.352960e-01
216 7.609440e-01 3.212000e-03 2.358440e-01
217 7.603800e-01 3.248000e-03 2.363720e-01
218 7.598320e-01 3.196000e-03 2.369720e-01
219 7.593120e-01 3.152000e-03 2.375360e-01
220 7.588760e-01 3.020000e-03 2.381040e-01
221 7.584240e-01 2.964000e-03 2.386120e-01
222 7.579800e-01 2.936000e-03 2.390840e-01
223 7.576080e-01 2.800000e-03 2.395920e-01
224 7.571680e-01 2.780000e-03 2.400520e-01
225 7.566680e-01 2.740000e-03 2.405920e-01
226 7.562080e-01 2.732000e-03 2.410600e-01
227 7.557280e-01 2.808000e-03 2.414640e-01
228 7.552560e-01 2.736000e-03 2.420080e-01
229 7.547440e-01 2.764000e-03 2.424920e-01
230 7.542560e-01 2.684000e-03 2.430600e-01
231 7.537320e-01 2.700000e-03 2.435680e-01
232 7.532960e-01 2.720000e-03 2.439840e-01
233 7.528640e-01 2.684000e-03 2.444520e-01
234 7.523480e-01 2.768000e-03 2.448840e-01
235 7.519040e-01 2.744000e-03 2.453520e-01
236 7.514600e-01 2.716000e-03 2.458240e-01
237 7.510160e-01 2.648000e-03 2.463360e-01
238 7.505360e-01 2.712000e-03 2.467520e-01
239 7.501240e-01 2.700000e-03 2.471760e-01
240 7.496960e-01 2.632000e-03 2.476720e-01
241 7.493320e-01 2.580000e-03 2.480880e-01
242 7.488760e-01 2.544000e-03 2.485800e-01
243 7.482960e-01 2.636000e-03 2.490680e-01
244 7.478120e-01 2.664000e-03 2.495240e-01
245 7.473080e-01 2.708000e-03 2.499840e-01
246 7.468400e-01 2.660000e-03 2.505000e-01
247 7.463840e-01 2.636000e-03 2.509800e-01
248 7.458480e-01 2.656000e-03 2.514960e-01
249 7.452920e-01 2.716000e-03 2.519920e-01
250 7.447880e-01 2.748000e-03 2.524640e-01
251 7.442640e-01 2.772000e-03 2.529640e-01
252 7.437720e-01 2.768000e-03 2.534600e-01
253 7.434040e-01 2.676000e-03 2.539200e-01
254 7.428680e-01 2.740000e-03 2.543920e-01
255 7.423680e-01 2.796000e-03 2.548360e-01
256 7.419080e-01 2.800000e-03 2.552920e-01
257 7.414640e-01 2.748000e-03 2.557880e-01
258 7.409800e-01 2.696000e-03 2.563240e-01
259 7.405080e-01 2.680000e-03 2.568120e-01
260 7.400880e-01 2.640000e-03 2.572720e-01
261 7.396320e-01 2.644000e-03 2.577240e-01
262 7.391280e-01 2.732000e-03 2.581400e-01
263 7.385840e-01 2.832000e-03 2.585840e-01
264 7.380800e-01 2.832000e-03 2.590880e-01
265 7.376080e-01 2.824000e-03 2.595680e-01
266 7.371200e-01 2.796000e-03 2.600840e-01
267 7.366640e-01 2.768000e-03 2.605680e-01
268 7.362200e-01 2.720000e-03 2.610600e-01
269 7.358200e-01 2.600000e-03 2.615800e-01
270 7.353800e-01 2.564000e-03 2.620560e-01
271 7.349600e-01 2.520000e-03 2.625200e-01
272 7.346000e-01 2.396000e-03 2.630040e-01
273 7.341200e-01 2.472000e-03 2.634080e-01
274 7.337440e-01 2.436000e-03 2.638200e-01
275 7.332920e-01 2.448000e-03 2.642600e-01
276 7.328280e-01 2.516000e-03 2.646560e-01
277 7.324200e-01 2.492000e-03 2.650880e-01
278 7.319880e-01 2.468000e-03 2.655440e-01
279 7.315360e-01 2.468000e-03 2.659960e-01
280 7.310600e-01 2.500000e-03 2.664400e-01
281 7.306920e-01 2.416000e-03 2.668920e-01
282 7.302760e-01 2.396000e-03 2.673280e-01
283 7.299280e-01 2.324000e-03 2.677480e-01
284 7.294240e-01 2.396000e-03 2.681800e-01
285 7.290200e-01 2.384000e-03 2.685960e-01
286 7.286560e-01 2.276000e-03 2.690680e-01
287 7.282760e-01 2.244000e-03 2.694800e-01
288 7.278600e-01 2.252000e-03 2.698880e-01
289 7.274240e-01 2.288000e-03 2.702880e-01
290 7.269640e-01 2.312000e-03 2.707240e-01
291 7.264560e-01 2.448000e-03 2.710960e-01
292 7.260160e-01 2.516000e-03 2.714680e-01
293 7.256720e-01 2.368000e-03 2.719600e-01
294 7.253040e-01 2.352000e-03 2.723440e-01
295 7.248400e-01 2.380000e-03 2.727800e-01
296 7.244040e-01 2.464000e-03 2.731320e-01
297 7.239440e-01 2.516000e-03 2.735400e-01
298 7.234840e-01 2.512000e-03 2.740040e-01
299 7.230000e-01 2.584000e-03 2.744160e-01
300 7.225360e-01 2.640000e-03 2.748240e-01
301 7.221320e-01 2.624000e-03 2.752440e-01
302 7.215840e-01 2.696000e-03 2.757200e-01
303 7.210760e-01 2.752000e-03 2.761720e-01
304 7.205160e-01 2.784000e-03 2.767000e-01
305 7.199280e-01 2.844000e-03 2.772280e-01
306 7.194680e-01 2.808000e-03 2.777240e-01
307 7.189000e-01 2.872000e-03 2.782280e-01
308 7.184680e-01 2.816000e-03 2.787160e-01
309 7.180040e-01 2.856000e-03 2.791400e-01
310 7.175000e-01 2.848000e-03 2.796520e-01
311 7.170360e-01 2.804000e-03 2.801600e-01
312 7.165520e-01 2.804000e-03 2.806440e-01
313 7.160320e-01 2.796000e-03 2.811720e-01
314 7.156840e-01 2.684000e-03 2.816320e-01
315 7.152280e-01 2.696000e-03 2.820760e-01
316 7.147240e-01 2.752000e-03 2.825240e-01
317 7.142600e-01 2.760000e-03 2.829800e-01
318 7.137800e-01 2.728000e-03 2.834920e-01
319 7.132600e-01 2.776000e-03 2.839640e-01
320 7.127040e-01 2.832000e-03 2.844640e-01
321 7.121480e-01 2.912000e-03 2.849400e-01
322 7.115400e-01 3.004000e-03 2.854560e-01
323 7.110200e-01 3.048000e-03 2.859320e-01
324 7.105440e-01 2.972000e-03 2.864840e-01
325 7.101160e-01 2.888000e-03 2.869960e-01
326 7.096640e-01 2.896000e-03 2.874400e-01
327 7.091480e-01 2.920000e-03 2.879320e-01
328 7.085800e-01 3.016000e-03 2.884040e-01
329 7.080240e-01 3.016000e-03 2.889600e-01
330 7.074320e-01 3.052000e-03 2.895160e-01
331 7.068760e-01 3.092000e-03 2.900320e-01
332 7.062160e-01 3.232000e-03 2.905520e-01
333 7.057040e-01 3.120000e-03 2.911760e-01
334 7.051840e-01 3.076000e-03 2.917400e-01
335 7.046600e-01 3.036000e-03 2.923040e-01
336 7.042080e-01 3.048000e-03 2.927440e-01
337 7.037000e-01 3.136000e-03 2.931640e-01
338 7.031080e-01 3.108000e-03 2.937840e-01
339 7.026440e-01 3.056000e-03 2.943000e-01
340 7.021440e-01 3.048000e-03 2.948080e-01
341 7.016520e-01 2.940000e-03 2.954080e-01
342 7.011280e-01 2.968000e-03 2.959040e-01
343 7.004880e-01 3.092000e-03 2.964200e-01
344 6.998520e-01 3.168000e-03 2.969800e-01
345 6.992760e-01 3.216000e-03 2.975080e-01
346 6.986160e-01 3.356000e-03 2.980280e-01
347 6.979800e-01 3.352000e-03 2.986680e-01
348 6.973440e-01 3.452000e-03 2.992040e-01
349 6.966880e-01 3.556000e-03 2.997560e-01
350 6.959760e-01 3.656000e-03 3.003680e-01
351 6.953600e-01 3.620000e-03 3.010200e-01
352 6.946960e-01 3.640000e-03 3.016640e-01
353 6.941400e-01 3.432000e-03 3.024280e-01
354 6.935680e-01 3.448000e-03 3.029840e-01
355 6.930560e-01 3.356000e-03 3.035880e-01
356 6.924480e-01 3.344000e-03 3.042080e-01
357 6.918840e-01 3.276000e-03 3.048400e-01
358 6.913360e-01 3.148000e-03 3.055160e-01
359 6.907880e-01 3.144000e-03 3.060680e-01
360 6.902720e-01 3.184000e-03 3.065440e-01
361 6.897880e-01 3.204000e-03 3.070080e-01
362 6.892200e-01 3.220000e-03 3.075600e-01
363 6.888200e-01 3.116000e-03 3.080640e-01
364 6.884240e-01 2.948000e-03 3.086280e-01
365 6.880120e-01 2.916000e-03 3.090720e-01
366 6.876120e-01 2.756000e-03 3.096320e-01
367 6.871200e-01 2.744000e-03 3.101360e-01
368 6.866440e-01 2.744000e-03 3.106120e-01
369 6.863200e-01 2.644000e-03 3.110360e-01
370 6.859840e-01 2.488000e-03 3.115280e-01
371 6.856680e-01 2.372000e-03 3.119600e-01
372 6.853120e-01 2.260000e-03 3.124280e-01
373 6.849720e-01 2.152000e-03 3.128760e-01
374 6.846680e-01 2.092000e-03 3.132400e-01
375 6.843800e-01 1.984000e-03 3.136360e-01
376 6.840640e-01 1.952000e-03 3.139840e-01
377 6.838080e-01 1.896000e-03 3.142960e-01
378 6.834400e-01 1.960000e-03 3.146000e-01
379 6.831240e-01 1.952000e-03 3.149240e-01
380 6.828000e-01 1.952000e-03 3.152480e-01
381 6.824680e-01 1.932000e-03 3.156000e-01
382 6.820840e-01 1.916000e-03 3.160000e-01
383 6.817720e-01 1.916000e-03 3.163120e-01
384 6.813640e-01 1.988000e-03 3.166480e-01
385 6.810080e-01 1.988000e-03 3.170040e-01
386 6.806480e-01 2.000000e-03 3.173520e-01
387 6.802480e-01 2.116000e-03 3.176360e-01
388 6.797960e-01 2.204000e-03 3.180000e-01
389 6.793640e-01 2.288000e-03 3.183480e-01
390 6.790400e-01 2.244000e-03 3.187160e-01
391 6.785400e-01 2.344000e-03 3.191160e-01
392 6.781320e-01 2.348000e-03 3.195200e-01
393 6.777480e-01 2.360000e-03 3.198920e-01
394 6.771960e-01 2.512000e-03 3.202920e-01
395 6.767600e-01 2.524000e-03 3.207160e-01
396 6.763640e-01 2.480000e-03 3.211560e-01
397 6.759840e-01 2.392000e-03 3.216240e-01
398 6.755800e-01 2.384000e-03 3.220360e-01
399 6.752120e-01 2.344000e-03 3.224440e-01
400 6.748880e-01 2.320000e-03 3.227920e-01
401 6.744880e-01 2.356000e-03 3.231560e-01
402 6.741240e-01 2.212000e-03 3.236640e-01
403 6.737720e-01 2.216000e-03 3.240120e-01
404 6.733640e-01 2.180000e-03 3.244560e-01
405 6.729840e-01 2.236000e-03 3.247800e-01
406 6.725960e-01 2.240000e-03 3.251640e-01
407 6.722080e-01 2.212000e-03 3.255800e-01
408 6.718400e-01 2.196000e-03 3.259640e-01
409 6.714400e-01 2.184000e-03 3.263760e-01
410 6.710560e-01 2.200000e-03 3.267440e-01
411 6.707200e-01 2.172000e-03 3.271080e-01
412 6.703600e-01 2.132000e-03 3.275080e-01
413 6.700880e-01 2.088000e-03 3.278240e-01
414 6.697800e-01 2.004000e-03 3.282160e-01
415 6.694640e-01 2.004000e-03 3.285320e-01
416 6.691040e-01 1.948000e-03 3.289480e-01
417 6.687560e-01 1.960000e-03 3.292840e-01
418 6.683480e-01 1.960000e-03 3.296920e-01
419 6.680360e-01 1.928000e-03 3.300360e-01
420 6.676360e-01 1.988000e-03 3.303760e-01
421 6.673200e-01 1.976000e-03 3.307040e-01
422 6.669760e-01 2.020000e-03 3.310040e-01
423 6.666560e-01 1.976000e-03 3.313680e-01
424 6.663000e-01 2.004000e-03 3.316960e-01
425 6.659760e-01 1.972000e-03 3.320520e-01
426 6.656240e-01 1.960000e-03 3.324160e-01
427 6.652680e-01 1.964000e-03 3.327680e-01
428 6.648960e-01 1.964000e-03 3.331400e-01
429 6.645800e-01 1.912000e-03 3.335080e-01
430 6.642640e-01 1.860000e-03 3.338760e-01
431 6.639400e-01 1.872000e-03 3.341880e-01
432 6.636120e-01 1.884000e-03 3.345040e-01
433 6.632280e-01 1.944000e-03 3.348280e-01
434 6.629360e-01 1.904000e-03 3.351600e-01
435 6.625480e-01 1.944000e-03 3.355080e-01
436 6.622080e-01 1.984000e-03 3.358080e-01
437 6.618400e-01 1.996000e-03 3.361640e-01
438 6.615440e-01 1.896000e-03 3.365600e-01
439 6.612680e-01 1.820000e-03 3.369120e-01
440 6.609960e-01 1.776000e-03 3.372280e-01
441 6.607200e-01 1.724000e-03 3.375560e-01
442 6.604280e-01 1.756000e-03 3.378160e-01
443 6.601960e-01 1.712000e-03 3.380920e-01
444 6.598880e-01 1.692000e-03 3.384200e-01
445 6.596120e-01 1.680000e-03 3.387080e-01
446 6.593800e-01 1.656000e-03 3.389640e-01
447 6.590880e-01 1.708000e-03 3.392040e-01
448 6.587640e-01 1.720000e-03 3.395160e-01
449 6.584800e-01 1.752000e-03 3.397680e-01
450 6.581600e-01 1.748000e-03 3.400920e-01
451 6.578440e-01 1.764000e-03 3.403920e-01
452 6.576360e-01 1.692000e-03 3.406720e-01
453 6.573960e-01 1.680000e-03 3.409240e-01
454 6.571960e-01 1.628000e-03 3.411760e-01
455 6.570200e-01 1.524000e-03 3.414560e-01
456 6.568320e-01 1.472000e-03 3.416960e-01
457 6.566440e-01 1.400000e-03 3.419560e-01
458 6.564520e-01 1.352000e-03 3.421960e-01
459 6.562720e-01 1.292000e-03 3.424360e-01
460 6.561480e-01 1.188000e-03 3.426640e-01
461 6.559400e-01 1.196000e-03 3.428640e-01
462 6.557720e-01 1.148000e-03 3.430800e-01
463 6.555960e-01 1.128000e-03 3.432760e-01
464 6.554400e-01 1.048000e-03 3.435120e-01
465 6.552360e-01 1.084000e-03 3.436800e-01
466 6.550400e-01 1.096000e-03 3.438640e-01
467 6.549040e-01 1.048000e-03 3.440480e-01
468 6.547640e-01 1.028000e-03 3.442080e-01
469 6.545280e-01 1.100000e-03 3.443720e-01
470 6.543320e-01 1.068000e-03 3.446000e-01
471 6.541600e-01 1.060000e-03 3.447800e-01
472 6.539800e-01 1.080000e-03 3.449400e-01
473 6.537480e-01 1.116000e-03 3.451360e-01
474 6.535440e-01 1.172000e-03 3.452840e-01
475 6.533880e-01 1.116000e-03 3.454960e-01
476 6.532360e-01 1.056000e-03 3.457080e-01
477 6.530840e-01 1.000000e-03 3.459160e-01
478 6.529120e-01 1.024000e-03 3.460640e-01
479 6.528120e-01 9.360000e-04 3.462520e-01
480 6.526920e-01 9.400000e-04 3.463680e-01
481 6.525200e-01 9.280000e-04 3.465520e-01
482 6.523960e-01 8.960000e-04 3.467080e-01
483 6.522160e-01 9.400000e-04 3.468440e-01
484 6.520640e-01 9.240000e-04 3.470120e-01
485 6.519320e-01 8.880000e-04 3.471800e-01
486 6.518280e-01 7.760000e-04 3.473960e-01
487 6.517360e-01 7.400000e-04 3.475240e-01
488 6.516480e-01 7.040000e-04 3.476480e-01
489 6.515120e-01 7.160000e-04 3.477720e-01
490 6.514080e-01 6.880000e-04 3.479040e-01
491 6.513120e-01 6.920000e-04 3.479960e-01
492 6.512320e-01 6.560000e-04 3.481120e-01
493 6.511200e-01 6.320000e-04 3.482480e-01
494 6.510360e-01 6.400000e-04 3.483240e-01
495 6.509640e-01 5.800000e-04 3.484560e-01
496 6.509160e-01 5.280000e-04 3.485560e-01
497 6.508080e-01 5.040000e-04 3.486880e-01
498 6.507080e-01 5.120000e-04 3.487800e-01
499 6.505800e-01 5.560000e-04 3.488640e-01
500 6.504680e-01 5.800000e-04 3.489520e-01
