1 9.991360e-01 7.480000e-04 1.160000e-04
2 9.984760e-01 1.228000e-03 2.960000e-04
3 9.977480e-01 1.692000e-03 5.600000e-04
4 9.970560e-01 2.008000e-03 9.360000e-04
5 9.963240e-01 2.312000e-03 1.364000e-03
6 9.955960e-01 2.572000e-03 1.832000e-03
7 9.947920e-01 2.968000e-03 2.240000e-03
8 9.939280e-01 3.280000e-03 2.792000e-03
9 9.931120e-01 3.492000e-03 3.396000e-03
10 9.922880e-01 3.636000e-03 4.076000e-03
11 9.913160e-01 3.908000e-03 4.776000e-03
12 9.903480e-01 4.156000e-03 5.496000e-03
13 9.894160e-01 4.360000e-03 6.224000e-03
14 9.884960e-01 4.512000e-03 6.992000e-03
15 9.875040e-01 4.720000e-03 7.776000e-03
16 9.864440e-01 4.928000e-03 8.628000e-03
17 9.853480e-01 5.180000e-03 9.472000e-03
18 9.842480e-01 5.348000e-03 1.040400e-02
19 9.830440e-01 5.476000e-03 1.148000e-02
20 9.818320e-01 5.672000e-03 1.249600e-02
21 9.806800e-01 5.812000e-03 1.350800e-02
22 9.795960e-01 5.872000e-03 1.453200e-02
23 9.783280e-01 6.072000e-03 1.560000e-02
24 9.769840e-01 6.368000e-03 1.664800e-02
25 9.758160e-01 6.292000e-03 1.789200e-02
26 9.744920e-01 6.528000e-03 1.898000e-02
27 9.733440e-01 6.504000e-03 2.015200e-02
28 9.722080e-01 6.536000e-03 2.125600e-02
29 9.709840e-01 6.700000e-03 2.231600e-02
30 9.697720e-01 6.740000e-03 2.348800e-02
31 9.686240e-01 6.692000e-03 2.468400e-02
32 9.674840e-01 6.664000e-03 2.585200e-02
33 9.662160e-01 6.824000e-03 2.696000e-02
34 9.650880e-01 6.772000e-03 2.814000e-02
35 9.639720e-01 6.684000e-03 2.934400e-02
36 9.627360e-01 6.756000e-03 3.050800e-02
37 9.613680e-01 6.884000e-03 3.174800e-02
38 9.600800e-01 6.856000e-03 3.306400e-02
39 9.588920e-01 6.936000e-03 3.417200e-02
40 9.574720e-01 7.048000e-03 3.548000e-02
41 9.562320e-01 6.904000e-03 3.686400e-02
42 9.549160e-01 6.952000e-03 3.813200e-02
43 9.537880e-01 6.716000e-03 3.949600e-02
44 9.526400e-01 6.720000e-03 4.064000e-02
45 9.514720e-01 6.792000e-03 4.173600e-02
46 9.499960e-01 7.060000e-03 4.294400e-02
47 9.486880e-01 7.112000e-03 4.420000e-02
48 9.473240e-01 7.256000e-03 4.542000e-02
49 9.460720e-01 7.160000e-03 4.676800e-02
50 9.447120e-01 7.208000e-03 4.808000e-02
51 9.433080e-01 7.304000e-03 4.938800e-02
52 9.419280e-01 7.456000e-03 5.061600e-02
53 9.405280e-01 7.624000e-03 5.184800e-02
54 9.391560e-01 7.644000e-03 5.320000e-02
55 9.377200e-01 7.732000e-03 5.454800e-02
56 9.361840e-01 7.772000e-03 5.604400e-02
57 9.346840e-01 8.008000e-03 5.730800e-02
58 9.330840e-01 8.108000e-03 5.880800e-02
59 9.316240e-01 8.072000e-03 6.030400e-02
60 9.301240e-01 8.052000e-03 6.182400e-02
61 9.287480e-01 8.000000e-03 6.325200e-02
62 9.272440e-01 8.084000e-03 6.467200e-02
63 9.257080e-01 8.164000e-03 6.612800e-02
64 9.242240e-01 8.232000e-03 6.754400e-02
65 9.227760e-01 8.228000e-03 6.899600e-02
66 9.213720e-01 8.160000e-03 7.046800e-02
67 9.199200e-01 8.260000e-03 7.182000e-02
68 9.184440e-01 8.192000e-03 7.336400e-02
69 9.171080e-01 8.160000e-03 7.473200e-02
70 9.156680e-01 8.112000e-03 7.622000e-02
71 9.142640e-01 8.092000e-03 7.764400e-02
72 9.128000e-01 8.088000e-03 7.911200e-02
73 9.111520e-01 8.240000e-03 8.060800e-02
74 9.095640e-01 8.420000e-03 8.201600e-02
75 9.080680e-01 8.448000e-03 8.348400e-02
76 9.065280e-01 8.464000e-03 8.500800e-02
77 9.050680e-01 8.404000e-03 8.652800e-02
78 9.037600e-01 8.272000e-03 8.796800e-02
79 9.023320e-01 8.136000e-03 8.953200e-02
80 9.008960e-01 8.088000e-03 9.101600e-02
81 8.993840e-01 8.100000e-03 9.251600e-02
82 8.980320e-01 7.996000e-03 9.397200e-02
83 8.965880e-01 8.028000e-03 9.538400e-02
84 8.953200e-01 7.968000e-03 9.671200e-02
85 8.938080e-01 8.164000e-03 9.802800e-02
86 8.924280e-01 8.116000e-03 9.945600e-02
87 8.910400e-01 8.108000e-03 1.008520e-01
88 8.894600e-01 8.204000e-03 1.023360e-01
89 8.877440e-01 8.536000e-03 1.037200e-01
90 8.862560e-01 8.512000e-03 1.052320e-01
91 8.847800e-01 8.476000e-03 1.067440e-01
92 8.833840e-01 8.376000e-03 1.082400e-01
93 8.819680e-01 8.256000e-03 1.097760e-01
94 8.805400e-01 8.224000e-03 1.112360e-01
95 8.792760e-01 8.088000e-03 1.126360e-01
96 8.780280e-01 8.008000e-03 1.139640e-01
97 8.767800e-01 7.756000e-03 1.154640e-01
98 8.754040e-01 7.684000e-03 1.169120e-01
99 8.740840e-01 7.664000e-03 1.182520e-01
100 8.727560e-01 7.600000e-03 1.196440e-01
101 8.714360e-01 7.592000e-03 1.209720e-01
102 8.702720e-01 7.456000e-03 1.222720e-01
103 8.690440e-01 7.476000e-03 1.234800e-01
104 8.677480e-01 7.512000e-03 1.247400e-01
105 8.665120e-01 7.548000e-03 1.259400e-01
106 8.651640e-01 7.492000e-03 1.273440e-01
107 8.639720e-01 7.324000e-03 1.287040e-01
108 8.627040e-01 7.432000e-03 1.298640e-01
109 8.613880e-01 7.444000e-03 1.311680e-01
110 8.601080e-01 7.408000e-03 1.324840e-01
111 8.587960e-01 7.520000e-03 1.336840e-01
112 8.575280e-01 7.352000e-03 1.351200e-01
113 8.563040e-01 7.160000e-03 1.365360e-01
114 8.551880e-01 7.008000e-03 1.378040e-01
115 8.540320e-01 6.932000e-03 1.390360e-01
116 8.529920e-01 6.880000e-03 1.401280e-01
117 8.518720e-01 6.852000e-03 1.412760e-01
118 8.506040e-01 6.956000e-03 1.424400e-01
119 8.496480e-01 6.628000e-03 1.437240e-01
120 8.484520e-01 6.640000e-03 1.449080e-01
121 8.473280e-01 6.672000e-03 1.460000e-01
122 8.462520e-01 6.584000e-03 1.471640e-01
123 8.451280e-01 6.628000e-03 1.482440e-01
124 8.440120e-01 6.524000e-03 1.494640e-01
125 8.427440e-01 6.652000e-03 1.506040e-01
126 8.414880e-01 6.780000e-03 1.517320e-01
127 8.403400e-01 6.748000e-03 1.529120e-01
128 8.392360e-01 6.756000e-03 1.540080e-01
129 8.381000e-01 6.780000e-03 1.551200e-01
130 8.369600e-01 6.648000e-03 1.563920e-01
131 8.359080e-01 6.592000e-03 1.575000e-01
132 8.349040e-01 6.432000e-03 1.586640e-01
133 8.337560e-01 6.508000e-03 1.597360e-01
134 8.326960e-01 6.464000e-03 1.608400e-01
135 8.315160e-01 6.524000e-03 1.619600e-01
136 8.302800e-01 6.700000e-03 1.630200e-01
137 8.290760e-01 6.716000e-03 1.642080e-01
138 8.279960e-01 6.668000e-03 1.653360e-01
139 8.268480e-01 6.660000e-03 1.664920e-01
140 8.255880e-01 6.856000e-03 1.675560e-01
141 8.243560e-01 6.912000e-03 1.687320e-01
142 8.232400e-01 6.888000e-03 1.698720e-01
143 8.221480e-01 6.836000e-03 1.710160e-01
144 8.209120e-01 6.904000e-03 1.721840e-01
145 8.198000e-01 6.832000e-03 1.733680e-01
146 8.187240e-01 6.732000e-03 1.745440e-01
147 8.176200e-01 6.644000e-03 1.757360e-01
148 8.166280e-01 6.480000e-03 1.768920e-01
149 8.156120e-01 6.380000e-03 1.780080e-01
150 8.145760e-01 6.420000e-03 1.790040e-01
151 8.133240e-01 6.512000e-03 1.801640e-01
152 8.122400e-01 6.360000e-03 1.814000e-01
153 8.111400e-01 6.384000e-03 1.824760e-01
154 8.100760e-01 6.432000e-03 1.834920e-01
155 8.090000e-01 6.416000e-03 1.845840e-01
156 8.079360e-01 6.364000e-03 1.857000e-01
157 8.070120e-01 6.140000e-03 1.868480e-01
158 8.060040e-01 6.076000e-03 1.879200e-01
159 8.050000e-01 6.080000e-03 1.889200e-01
160 8.038800e-01 6.132000e-03 1.899880e-01
161 8.028520e-01 6.092000e-03 1.910560e-01
162 8.017880e-01 6.120000e-03 1.920920e-01
163 8.006600e-01 6.160000e-03 1.931800e-01
164 7.995480e-01 6.272000e-03 1.941800e-01
165 7.986160e-01 6.036000e-03 1.953480e-01
166 7.977080e-01 5.992000e-03 1.963000e-01
167 7.968000e-01 5.776000e-03 1.974240e-01
168 7.960200e-01 5.536000e-03 1.984440e-01
169 7.950800e-01 5.576000e-03 1.993440e-01
170 7.942160e-01 5.480000e-03 2.003040e-01
171 7.933720e-01 5.396000e-03 2.012320e-01
172 7.924920e-01 5.360000e-03 2.021480e-01
173 7.917320e-01 5.076000e-03 2.031920e-01
174 7.910200e-01 4.884000e-03 2.040960e-01
175 7.903160e-01 4.816000e-03 2.048680e-01
176 7.895160e-01 4.796000e-03 2.056880e-01
177 7.887400e-01 4.688000e-03 2.065720e-01
178 7.881240e-01 4.512000e-03 2.073640e-01
179 7.874320e-01 4.484000e-03 2.080840e-01
180 7.867600e-01 4.396000e-03 2.088440e-01
181 7.861600e-01 4.116000e-03 2.097240e-01
182 7.855360e-01 4.040000e-03 2.104240e-01
183 7.848840e-01 3.960000e-03 2.111560e-01
184 7.842200e-01 3.916000e-03 2.118640e-01
185 7.835120e-01 3.968000e-03 2.125200e-01
186 7.828960e-01 3.832000e-03 2.132720e-01
187 7.822760e-01 3.756000e-03 2.139680e-01
188 7.816520e-01 3.676000e-03 2.146720e-01
189 7.810280e-01 3.704000e-03 2.152680e-01
190 7.804160e-01 3.680000e-03 2.159040e-01
191 7.797360e-01 3.652000e-03 2.166120e-01
192 7.791640e-01 3.556000e-03 2.172800e-01
193 7.784840e-01 3.620000e-03 2.178960e-01
194 7.778840e-01 3.556000e-03 2.185600e-01
195 7.772800e-01 3.540000e-03 2.191800e-01
196 7.765720e-01 3.596000e-03 2.198320e-01
197 7.759320e-01 3.584000e-03 2.204840e-01
198 7.754600e-01 3.428000e-03 2.211120e-01
199 7.749840e-01 3.372000e-03 2.216440e-01
200 7.745200e-01 3.284000e-03 2.221960e-01
201 7.739680e-01 3.256000e-03 2.227760e-01
202 7.734160e-01 3.260000e-03 2.233240e-01
203 7.729600e-01 3.232000e-03 2.238080e-01
204 7.724760e-01 3.112000e-03 2.244120e-01
205 7.719880e-01 3.032000e-03 2.249800e-01
206 7.714880e-01 3.072000e-03 2.254400e-01
207 7.709720e-01 3.104000e-03 2.259240e-01
208 7.704640e-01 3.080000e-03 2.264560e-01
209 7.699960e-01 2.948000e-03 2.270560e-01
210 7.695400e-01 2.912000e-03 2.275480e-01
211 7.690160e-01 2.840000e-03 2.281440e-01
212 7.685160e-01 2.828000e-03 2.286560e-01
213 7.681240e-01 2.640000e-03 2.292360e-01
214 7.677120e-01 2.652000e-03 2.296360e-01
215 7.672320e-01 2.664000e-03 2.301040e-01
216 7.668200e-01 2.620000e-03 2.305600e-01
217 7.664800e-01 2.500000e-03 2.310200e-01
218 7.661840e-01 2.388000e-03 2.314280e-01
219 7.657920e-01 2.412000e-03 2.317960e-01
220 7.654320e-01 2.376000e-03 2.321920e-01
221 7.651120e-01 2.296000e-03 2.325920e-01
222 7.648280e-01 2.136000e-03 2.330360e-01
223 7.645480e-01 2.088000e-03 2.333640e-01
224 7.642720e-01 1.988000e-03 2.337400e-01
225 7.640360e-01 1.924000e-03 2.340400e-01
226 7.637280e-01 1.964000e-03 2.343080e-01
227 7.634760e-01 1.900000e-03 2.346240e-01
228 7.631880e-01 1.888000e-03 2.349240e-01
229 7.628960e-01 1.840000e-03 2.352640e-01
230 7.626640e-01 1.760000e-03 2.355760e-01
231 7.623680e-01 1.772000e-03 2.358600e-01
232 7.621480e-01 1.704000e-03 2.361480e-01
233 7.618280e-01 1.768000e-03 2.364040e-01
234 7.615560e-01 1.768000e-03 2.366760e-01
235 7.612760e-01 1.720000e-03 2.370040e-01
236 7.609960e-01 1.688000e-03 2.373160e-01
237 7.607000e-01 1.696000e-03 2.376040e-01
238 7.603880e-01 1.716000e-03 2.378960e-01
239 7.600400e-01 1.788000e-03 2.381720e-01
240 7.597680e-01 1.712000e-03 2.385200e-01
241 7.594800e-01 1.736000e-03 2.387840e-01
242 7.592080e-01 1.676000e-03 2.391160e-01
243 7.589640e-01 1.604000e-03 2.394320e-01
244 7.586240e-01 1.648000e-03 2.397280e-01
245 7.583360e-01 1.596000e-03 2.400680e-01
246 7.580120e-01 1.592000e-03 2.403960e-01
247 7.577200e-01 1.552000e-03 2.407280e-01
248 7.574200e-01 1.544000e-03 2.410360e-01
249 7.571200e-01 1.620000e-03 2.412600e-01
250 7.568640e-01 1.644000e-03 2.414920e-01
251 7.566280e-01 1.624000e-03 2.417480e-01
252 7.563440e-01 1.656000e-03 2.420000e-01
253 7.560560e-01 1.644000e-03 2.423000e-01
254 7.558080e-01 1.588000e-03 2.426040e-01
255 7.555600e-01 1.568000e-03 2.428720e-01
256 7.553440e-01 1.520000e-03 2.431360e-01
257 7.550960e-01 1.488000e-03 2.434160e-01
258 7.548640e-01 1.484000e-03 2.436520e-01
259 7.546720e-01 1.448000e-03 2.438800e-01
260 7.544080e-01 1.472000e-03 2.441200e-01
261 7.541720e-01 1.468000e-03 2.443600e-01
262 7.539040e-01 1.492000e-03 2.446040e-01
263 7.536280e-01 1.504000e-03 2.448680e-01
264 7.533440e-01 1.496000e-03 2.451600e-01
265 7.529920e-01 1.588000e-03 2.454200e-01
266 7.527560e-01 1.528000e-03 2.457160e-01
267 7.525200e-01 1.516000e-03 2.459640e-01
268 7.522680e-01 1.544000e-03 2.461880e-01
269 7.520080e-01 1.512000e-03 2.464800e-01
270 7.517600e-01 1.476000e-03 2.467640e-01
271 7.515680e-01 1.400000e-03 2.470320e-01
272 7.513440e-01 1.388000e-03 2.472680e-01
273 7.511320e-01 1.320000e-03 2.475480e-01
274 7.509440e-01 1.220000e-03 2.478360e-01
275 7.507920e-01 1.144000e-03 2.480640e-01
276 7.505800e-01 1.088000e-03 2.483320e-01
277 7.504080e-01 1.072000e-03 2.485200e-01
278 7.502840e-01 1.008000e-03 2.487080e-01
279 7.501560e-01 9.520000e-04 2.488920e-01
280 7.500120e-01 9.680000e-04 2.490200e-01
281 7.498000e-01 1.028000e-03 2.491720e-01
282 7.496680e-01 1.000000e-03 2.493320e-01
283 7.494800e-01 1.028000e-03 2.494920e-01
284 7.492840e-01 1.040000e-03 2.496760e-01
285 7.491200e-01 1.048000e-03 2.498320e-01
286 7.489200e-01 1.044000e-03 2.500360e-01
287 7.487880e-01 1.012000e-03 2.502000e-01
288 7.486480e-01 9.560000e-04 2.503960e-01
289 7.485000e-01 9.560000e-04 2.505440e-01
290 7.483600e-01 9.080000e-04 2.507320e-01
291 7.482040e-01 8.960000e-04 2.509000e-01
292 7.480280e-01 9.080000e-04 2.510640e-01
293 7.478960e-01 8.800000e-04 2.512240e-01
294 7.477400e-01 8.360000e-04 2.514240e-01
295 7.475560e-01 8.960000e-04 2.515480e-01
296 7.473720e-01 9.200000e-04 2.517080e-01
297 7.472280e-01 9.080000e-04 2.518640e-01
298 7.470680e-01 9.480000e-04 2.519840e-01
299 7.468360e-01 9.880000e-04 2.521760e-01
300 7.467000e-01 9.600000e-04 2.523400e-01
301 7.465280e-01 9.840000e-04 2.524880e-01
302 7.463640e-01 9.960000e-04 2.526400e-01
303 7.461680e-01 1.020000e-03 2.528120e-01
304 7.459920e-01 1.044000e-03 2.529640e-01
305 7.457440e-01 1.100000e-03 2.531560e-01
306 7.455400e-01 1.080000e-03 2.533800e-01
307 7.453400e-01 1.044000e-03 2.536160e-01
308 7.451880e-01 1.008000e-03 2.538040e-01
309 7.450200e-01 1.000000e-03 2.539800e-01
310 7.447480e-01 1.112000e-03 2.541400e-01
311 7.445000e-01 1.172000e-03 2.543280e-01
312 7.442680e-01 1.208000e-03 2.545240e-01
313 7.440560e-01 1.220000e-03 2.547240e-01
314 7.438080e-01 1.264000e-03 2.549280e-01
315 7.436120e-01 1.228000e-03 2.551600e-01
316 7.434360e-01 1.200000e-03 2.553640e-01
317 7.432320e-01 1.180000e-03 2.555880e-01
318 7.430240e-01 1.164000e-03 2.558120e-01
319 7.428400e-01 1.128000e-03 2.560320e-01
320 7.426000e-01 1.212000e-03 2.561880e-01
321 7.423640e-01 1.248000e-03 2.563880e-01
322 7.421680e-01 1.244000e-03 2.565880e-01
323 7.420040e-01 1.184000e-03 2.568120e-01
324 7.418960e-01 1.052000e-03 2.570520e-01
325 7.417320e-01 1.008000e-03 2.572600e-01
326 7.416160e-01 8.920000e-04 2.574920e-01
327 7.414600e-01 9.200000e-04 2.576200e-01
328 7.412800e-01 9.480000e-04 2.577720e-01
329 7.410680e-01 9.760000e-04 2.579560e-01
330 7.409440e-01 9.560000e-04 2.581000e-01
331 7.407880e-01 9.680000e-04 2.582440e-01
332 7.405960e-01 9.800000e-04 2.584240e-01
333 7.404640e-01 9.600000e-04 2.585760e-01
334 7.402760e-01 1.012000e-03 2.587120e-01
335 7.401160e-01 1.036000e-03 2.588480e-01
336 7.400160e-01 9.720000e-04 2.590120e-01
337 7.398560e-01 9.840000e-04 2.591600e-01
338 7.396760e-01 9.960000e-04 2.593280e-01
339 7.395600e-01 9.160000e-04 2.595240e-01
340 7.394360e-01 8.800000e-04 2.596840e-01
341 7.393080e-01 8.360000e-04 2.598560e-01
342 7.391560e-01 8.280000e-04 2.600160e-01
343 7.390840e-01 7.640000e-04 2.601520e-01
344 7.389920e-01 7.360000e-04 2.602720e-01
345 7.388600e-01 7.320000e-04 2.604080e-01
346 7.387200e-01 7.360000e-04 2.605440e-01
347 7.386320e-01 6.960000e-04 2.606720e-01
348 7.385520e-01 6.520000e-04 2.607960e-01
349 7.384680e-01 6.000000e-04 2.609320e-01
350 7.383400e-01 6.160000e-04 2.610440e-01
351 7.382280e-01 6.320000e-04 2.611400e-01
352 7.381240e-01 6.320000e-04 2.612440e-01
353 7.380080e-01 6.720000e-04 2.613200e-01
354 7.379120e-01 6.480000e-04 2.614400e-01
355 7.378040e-01 6.360000e-04 2.615600e-01
356 7.377240e-01 6.320000e-04 2.616440e-01
357 7.376440e-01 6.080000e-04 2.617480e-01
358 7.375640e-01 5.920000e-04 2.618440e-01
359 7.374880e-01 5.160000e-04 2.619960e-01
360 7.374120e-01 5.120000e-04 2.620760e-01
361 7.373280e-01 5.080000e-04 2.621640e-01
362 7.372160e-01 5.240000e-04 2.622600e-01
363 7.371440e-01 5.000000e-04 2.623560e-01
364 7.370840e-01 4.800000e-04 2.624360e-01
365 7.369920e-01 4.880000e-04 2.625200e-01
366 7.369280e-01 4.920000e-04 2.625800e-01
367 7.368400e-01 5.080000e-04 2.626520e-01
368 7.367240e-01 5.280000e-04 2.627480e-01
369 7.366320e-01 5.040000e-04 2.628640e-01
370 7.365720e-01 4.920000e-04 2.629360e-01
371 7.364720e-01 5.040000e-04 2.630240e-01
372 7.363160e-01 5.640000e-04 2.631200e-01
373 7.362080e-01 5.640000e-04 2.632280e-01
374 7.360960e-01 5.520000e-04 2.633520e-01
375 7.359840e-01 5.440000e-04 2.634720e-01
376 7.358640e-01 5.480000e-04 2.635880e-01
377 7.357520e-01 5.360000e-04 2.637120e-01
378 7.356080e-01 5.760000e-04 2.638160e-01
379 7.355040e-01 5.840000e-04 2.639120e-01
380 7.353640e-01 6.480000e-04 2.639880e-01
381 7.352240e-01 6.760000e-04 2.641000e-01
382 7.350960e-01 6.640000e-04 2.642400e-01
383 7.350080e-01 6.640000e-04 2.643280e-01
384 7.348920e-01 6.720000e-04 2.644360e-01
385 7.348480e-01 6.200000e-04 2.645320e-01
386 7.347680e-01 5.880000e-04 2.646440e-01
387 7.347040e-01 5.400000e-04 2.647560e-01
388 7.346200e-01 5.040000e-04 2.648760e-01
389 7.344960e-01 5.240000e-04 2.649800e-01
390 7.344040e-01 5.360000e-04 2.650600e-01
391 7.343280e-01 5.120000e-04 2.651600e-01
392 7.342320e-01 5.040000e-04 2.652640e-01
393 7.341440e-01 5.080000e-04 2.653480e-01
394 7.340440e-01 5.160000e-04 2.654400e-01
395 7.339280e-01 5.040000e-04 2.655680e-01
396 7.338720e-01 5.040000e-04 2.656240e-01
397 7.338200e-01 5.040000e-04 2.656760e-01
398 7.337600e-01 4.960000e-04 2.657440e-01
399 7.336960e-01 4.800000e-04 2.658240e-01
400 7.336440e-01 4.480000e-04 2.659080e-01
401 7.336000e-01 4.360000e-04 2.659640e-01
402 7.335400e-01 4.240000e-04 2.660360e-01
403 7.334880e-01 3.960000e-04 2.661160e-01
404 7.334520e-01 3.680000e-04 2.661800e-01
405 7.334120e-01 3.440000e-04 2.662440e-01
406 7.333880e-01 2.960000e-04 2.663160e-01
407 7.333760e-01 2.600000e-04 2.663640e-01
408 7.333440e-01 2.400000e-04 2.664160e-01
409 7.333240e-01 2.320000e-04 2.664440e-01
410 7.333080e-01 2.280000e-04 2.664640e-01
411 7.332840e-01 2.240000e-04 2.664920e-01
412 7.332480e-01 2.200000e-04 2.665320e-01
413 7.332320e-01 2.040000e-04 2.665640e-01
414 7.332080e-01 1.800000e-04 2.666120e-01
415 7.331800e-01 1.760000e-04 2.666440e-01
416 7.331400e-01 1.840000e-04 2.666760e-01
417 7.331280e-01 1.560000e-04 2.667160e-01
418 7.331120e-01 1.480000e-04 2.667400e-01
419 7.330920e-01 1.400000e-04 2.667680e-01
420 7.330840e-01 1.320000e-04 2.667840e-01
421 7.330680e-01 1.280000e-04 2.668040e-01
422 7.330560e-01 1.200000e-04 2.668240e-01
423 7.330520e-01 1.040000e-04 2.668440e-01
424 7.330480e-01 9.600000e-05 2.668560e-01
425 7.330320e-01 9.600000e-05 2.668720e-01
426 7.330240e-01 6.800000e-05 2.669080e-01
427 7.330200e-01 6.000000e-05 2.669200e-01
428 7.330040e-01 6.000000e-05 2.669360e-01
429 7.329960e-01 6.000000e-05 2.669440e-01
430 7.329840e-01 6.400000e-05 2.669520e-01
431 7.329800e-01 6.400000e-05 2.669560e-01
432 7.329800e-01 4.000000e-05 2.669800e-01
433 7.329760e-01 4.400000e-05 2.669800e-01
434 7.329680e-01 4.400000e-05 2.669880e-01
435 7.329600e-01 4.400000e-05 2.669960e-01
436 7.329560e-01 4.000000e-05 2.670040e-01
437 7.329560e-01 4.000000e-05 2.670040e-01
438 7.329480e-01 4.000000e-05 2.670120e-01
439 7.329480e-01 4.000000e-05 2.670120e-01
440 7.329480e-01 3.200000e-05 2.670200e-01
441 7.329480e-01 2.800000e-05 2.670240e-01
442 7.329440e-01 2.400000e-05 2.670320e-01
443 7.329440e-01 2.000000e-05 2.670360e-01
444 7.329440e-01 1.600000e-05 2.670400e-01
445 7.329440e-01 8.000000e-06 2.670480e-01
446 7.329440e-01 4.000000e-06 2.670520e-01
447 7.329440e-01 0.000000e+00 2.670560e-01
448 7.329440e-01 0.000000e+00 2.670560e-01
449 7.329440e-01 0.000000e+00 2.670560e-01
450 7.329440e-01 0.000000e+00 2.670560e-01
451 7.329440e-01 0.000000e+00 2.670560e-01
452 7.329440e-01 0.000000e+00 2.670560e-01
453 7.329440e-01 0.000000e+00 2.670560e-01
454 7.329440e-01 0.000000e+00 2.670560e-01
455 7.329440e-01 0.000000e+00 2.670560e-01
456 7.329440e-01 0.000000e+00 2.670560e-01
457 7.329440e-01 0.000000e+00 2.670560e-01
458 7.329440e-01 0.000000e+00 2.670560e-01
459 7.329440e-01 0.000000e+00 2.670560e-01
460 7.329440e-01 0.000000e+00 2.670560e-01
461 7.329440e-01 0.000000e+00 2.670560e-01
462 7.329440e-01 0.000000e+00 2.670560e-01
463 7.329440e-01 0.000000e+00 2.670560e-01
464 7.329440e-01 0.000000e+00 2.670560e-01
465 7.329440e-01 0.000000e+00 2.670560e-01
466 7.329440e-01 0.000000e+00 2.670560e-01
467 7.329440e-01 0.000000e+00 2.670560e-01
468 7.329440e-01 0.000000e+00 2.670560e-01
469 7.329440e-01 0.000000e+00 2.670560e-01
470 7.329440e-01 0.000000e+00 2.670560e-01
471 7.329440e-01 0.000000e+00 2.670560e-01
472 7.329440e-01 0.000000e+00 2.670560e-01
473 7.329440e-01 0.000000e+00 2.670560e-01
474 7.329440e-01 0.000000e+00 2.670560e-01
475 7.329440e-01 0.000000e+00 2.670560e-01
476 7.329440e-01 0.000000e+00 2.670560e-01
477 7.329440e-01 0.000000e+00 2.670560e-01
478 7.329440e-01 0.000000e+00 2.670560e-01
479 7.329440e-01 0.000000e+00 2.670560e-01
480 7.329440e-01 0.000000e+00 2.670560e-01
481 7.329440e-01 0.000000e+00 2.670560e-01
482 7.329440e-01 0.000000e+00 2.670560e-01
483 7.329440e-01 0.000000e+00 2.670560e-01
484 7.329440e-01 0.000000e+00 2.670560e-01
485 7.329440e-01 0.000000e+00 2.670560e-01
486 7.329440e-01 0.000000e+00 2.670560e-01
487 7.329440e-01 0.000000e+00 2.670560e-01
488 7.329440e-01 0.000000e+00 2.670560e-01
489 7.329440e-01 0.000000e+00 2.670560e-01
490 7.329440e-01 0.000000e+00 2.670560e-01
491 7.329440e-01 0.000000e+00 2.670560e-01
492 7.329440e-01 0.000000e+00 2.670560e-01
493 7.329440e-01 0.000000e+00 2.670560e-01
494 7.329440e-01 0.000000e+00 2.670560e-01
495 7.329440e-01 0.000000e+00 2.670560e-01
496 7.329440e-01 0.000000e+00 2.670560e-01
497 7.329440e-01 0.000000e+00 2.670560e-01
498 7.329440e-01 0.000000e+00 2.670560e-01
499 7.329440e-01 0.000000e+00 2.670560e-01
500 7.329440e-01 0.000000e+00 2.670560e-01
