1 9.991440e-01 7.280000e-04 1.280000e-04
2 9.985960e-01 1.112000e-03 2.920000e-04
3 9.979280e-01 1.536000e-03 5.360000e-04
4 9.972160e-01 1.828000e-03 9.560000e-04
5 9.964520e-01 2.244000e-03 1.304000e-03
6 9.956000e-01 2.688000e-03 1.712000e-03
7 9.948720e-01 2.888000e-03 2.240000e-03
8 9.939680e-01 3.308000e-03 2.724000e-03
9 9.929520e-01 3.744000e-03 3.304000e-03
10 9.919680e-01 4.020000e-03 4.012000e-03
11 9.909080e-01 4.356000e-03 4.736000e-03
12 9.898920e-01 4.664000e-03 5.444000e-03
13 9.887000e-01 5.116000e-03 6.184000e-03
14 9.874680e-01 5.440000e-03 7.092000e-03
15 9.862560e-01 5.652000e-03 8.092000e-03
16 9.851280e-01 5.848000e-03 9.024000e-03
17 9.838840e-01 6.080000e-03 1.003600e-02
18 9.827080e-01 6.276000e-03 1.101600e-02
19 9.815200e-01 6.504000e-03 1.197600e-02
20 9.801960e-01 6.604000e-03 1.320000e-02
21 9.788120e-01 6.808000e-03 1.438000e-02
22 9.775400e-01 6.932000e-03 1.552800e-02
23 9.761800e-01 7.056000e-03 1.676400e-02
24 9.749120e-01 7.112000e-03 1.797600e-02
25 9.734200e-01 7.224000e-03 1.935600e-02
26 9.718680e-01 7.504000e-03 2.062800e-02
27 9.705080e-01 7.528000e-03 2.196400e-02
28 9.689440e-01 7.660000e-03 2.339600e-02
29 9.672520e-01 7.852000e-03 2.489600e-02
30 9.656760e-01 8.084000e-03 2.624000e-02
31 9.641520e-01 8.124000e-03 2.772400e-02
32 9.627480e-01 8.016000e-03 2.923600e-02
33 9.612080e-01 8.076000e-03 3.071600e-02
34 9.598320e-01 8.004000e-03 3.216400e-02
35 9.583920e-01 7.992000e-03 3.361600e-02
36 9.568840e-01 8.052000e-03 3.506400e-02
37 9.555080e-01 8.088000e-03 3.640400e-02
38 9.541760e-01 8.060000e-03 3.776400e-02
39 9.525280e-01 8.252000e-03 3.922000e-02
40 9.512000e-01 8.036000e-03 4.076400e-02
41 9.497680e-01 8.028000e-03 4.220400e-02
42 9.484440e-01 8.024000e-03 4.353200e-02
43 9.469480e-01 8.084000e-03 4.496800e-02
44 9.456040e-01 7.984000e-03 4.641200e-02
45 9.442240e-01 7.896000e-03 4.788000e-02
46 9.427240e-01 8.092000e-03 4.918400e-02
47 9.412080e-01 8.212000e-03 5.058000e-02
48 9.395400e-01 8.500000e-03 5.196000e-02
49 9.381120e-01 8.448000e-03 5.344000e-02
50 9.365600e-01 8.612000e-03 5.482800e-02
51 9.350840e-01 8.636000e-03 5.628000e-02
52 9.336720e-01 8.436000e-03 5.789200e-02
53 9.320680e-01 8.456000e-03 5.947600e-02
54 9.307120e-01 8.276000e-03 6.101200e-02
55 9.293040e-01 8.268000e-03 6.242800e-02
56 9.278160e-01 8.272000e-03 6.391200e-02
57 9.262840e-01 8.388000e-03 6.532800e-02
58 9.247200e-01 8.500000e-03 6.678000e-02
59 9.233280e-01 8.328000e-03 6.834400e-02
60 9.218160e-01 8.348000e-03 6.983600e-02
61 9.204360e-01 8.316000e-03 7.124800e-02
62 9.188120e-01 8.332000e-03 7.285600e-02
63 9.174000e-01 8.228000e-03 7.437200e-02
64 9.160680e-01 8.200000e-03 7.573200e-02
65 9.146120e-01 8.340000e-03 7.704800e-02
66 9.130520e-01 8.536000e-03 7.841200e-02
67 9.115640e-01 8.572000e-03 7.986400e-02
68 9.100920e-01 8.700000e-03 8.120800e-02
69 9.087040e-01 8.568000e-03 8.272800e-02
70 9.072680e-01 8.456000e-03 8.427600e-02
71 9.059400e-01 8.448000e-03 8.561200e-02
72 9.044880e-01 8.244000e-03 8.726800e-02
73 9.032360e-01 7.976000e-03 8.878800e-02
74 9.019040e-01 7.944000e-03 9.015200e-02
75 9.005400e-01 7.804000e-03 9.165600e-02
76 8.991640e-01 7.816000e-03 9.302000e-02
77 8.978360e-01 7.820000e-03 9.434400e-02
78 8.964600e-01 7.784000e-03 9.575600e-02
79 8.951760e-01 7.672000e-03 9.715200e-02
80 8.940200e-01 7.484000e-03 9.849600e-02
81 8.928400e-01 7.228000e-03 9.993200e-02
82 8.917520e-01 6.988000e-03 1.012600e-01
83 8.906480e-01 6.920000e-03 1.024320e-01
84 8.894320e-01 6.980000e-03 1.035880e-01
85 8.881960e-01 7.060000e-03 1.047440e-01
86 8.870640e-01 6.940000e-03 1.059960e-01
87 8.860560e-01 6.712000e-03 1.072320e-01
88 8.849280e-01 6.792000e-03 1.082800e-01
89 8.838840e-01 6.708000e-03 1.094080e-01
90 8.828000e-01 6.684000e-03 1.105160e-01
91 8.816880e-01 6.748000e-03 1.115640e-01
92 8.806320e-01 6.664000e-03 1.127040e-01
93 8.794040e-01 6.728000e-03 1.138680e-01
94 8.780120e-01 7.024000e-03 1.149640e-01
95 8.767440e-01 7.008000e-03 1.162480e-01
96 8.755120e-01 7.008000e-03 1.174800e-01
97 8.743360e-01 6.908000e-03 1.187560e-01
98 8.730400e-01 7.072000e-03 1.198880e-01
99 8.717520e-01 7.080000e-03 1.211680e-01
100 8.705480e-01 7.100000e-03 1.223520e-01
101 8.693400e-01 6.968000e-03 1.236920e-01
102 8.681160e-01 7.024000e-03 1.248600e-01
103 8.669880e-01 7.024000e-03 1.259880e-01
104 8.658360e-01 6.864000e-03 1.273000e-01
105 8.646800e-01 6.848000e-03 1.284720e-01
106 8.634440e-01 6.804000e-03 1.297520e-01
107 8.624120e-01 6.496000e-03 1.310920e-01
108 8.612440e-01 6.604000e-03 1.321520e-01
109 8.602160e-01 6.408000e-03 1.333760e-01
110 8.590000e-01 6.532000e-03 1.344680e-01
111 8.579040e-01 6.512000e-03 1.355840e-01
112 8.567280e-01 6.484000e-03 1.367880e-01
113 8.554640e-01 6.644000e-03 1.378920e-01
114 8.542200e-01 6.632000e-03 1.391480e-01
115 8.528480e-01 6.832000e-03 1.403200e-01
116 8.515240e-01 6.952000e-03 1.415240e-01
117 8.502680e-01 7.096000e-03 1.426360e-01
118 8.489520e-01 7.212000e-03 1.438360e-01
119 8.476240e-01 7.320000e-03 1.450560e-01
120 8.463320e-01 7.180000e-03 1.464880e-01
121 8.451400e-01 7.120000e-03 1.477400e-01
122 8.438840e-01 7.160000e-03 1.489560e-01
123 8.426480e-01 7.144000e-03 1.502080e-01
124 8.415640e-01 6.972000e-03 1.514640e-01
125 8.402400e-01 7.068000e-03 1.526920e-01
126 8.390480e-01 7.048000e-03 1.539040e-01
127 8.377320e-01 7.048000e-03 1.552200e-01
128 8.365080e-01 7.040000e-03 1.564520e-01
129 8.352280e-01 7.264000e-03 1.575080e-01
130 8.339920e-01 7.252000e-03 1.587560e-01
131 8.326600e-01 7.248000e-03 1.600920e-01
132 8.314600e-01 7.104000e-03 1.614360e-01
133 8.301520e-01 7.156000e-03 1.626920e-01
134 8.286120e-01 7.472000e-03 1.639160e-01
135 8.272280e-01 7.540000e-03 1.652320e-01
136 8.259040e-01 7.500000e-03 1.665960e-01
137 8.245480e-01 7.640000e-03 1.678120e-01
138 8.232840e-01 7.492000e-03 1.692240e-01
139 8.220800e-01 7.248000e-03 1.706720e-01
140 8.207360e-01 7.240000e-03 1.720240e-01
141 8.194520e-01 7.236000e-03 1.733120e-01
142 8.182040e-01 7.268000e-03 1.745280e-01
143 8.169760e-01 7.192000e-03 1.758320e-01
144 8.157760e-01 7.104000e-03 1.771200e-01
145 8.145560e-01 7.088000e-03 1.783560e-01
146 8.132400e-01 7.264000e-03 1.794960e-01
147 8.118720e-01 7.432000e-03 1.806960e-01
148 8.105160e-01 7.484000e-03 1.820000e-01
149 8.093960e-01 7.248000e-03 1.833560e-01
150 8.081480e-01 7.204000e-03 1.846480e-01
151 8.069440e-01 7.180000e-03 1.858760e-01
152 8.057840e-01 7.072000e-03 1.871440e-01
153 8.045040e-01 7.160000e-03 1.883360e-01
154 8.032920e-01 7.216000e-03 1.894920e-01
155 8.020560e-01 7.132000e-03 1.908120e-01
156 8.006800e-01 7.312000e-03 1.920080e-01
157 7.992720e-01 7.400000e-03 1.933280e-01
158 7.978320e-01 7.516000e-03 1.946520e-01
159 7.965520e-01 7.596000e-03 1.958520e-01
160 7.952760e-01 7.372000e-03 1.973520e-01
161 7.941480e-01 7.276000e-03 1.985760e-01
162 7.930560e-01 7.132000e-03 1.998120e-01
163 7.920080e-01 6.960000e-03 2.010320e-01
164 7.908240e-01 6.828000e-03 2.023480e-01
165 7.896520e-01 6.752000e-03 2.035960e-01
166 7.884200e-01 6.852000e-03 2.047280e-01
167 7.872960e-01 6.704000e-03 2.060000e-01
168 7.863200e-01 6.576000e-03 2.071040e-01
169 7.851720e-01 6.572000e-03 2.082560e-01
170 7.842520e-01 6.420000e-03 2.093280e-01
171 7.831320e-01 6.312000e-03 2.105560e-01
172 7.821040e-01 6.200000e-03 2.116960e-01
173 7.809000e-01 6.292000e-03 2.128080e-01
174 7.798120e-01 6.292000e-03 2.138960e-01
175 7.786800e-01 6.396000e-03 2.149240e-01
176 7.775800e-01 6.372000e-03 2.160480e-01
177 7.765240e-01 6.348000e-03 2.171280e-01
178 7.755000e-01 6.172000e-03 2.183280e-01
179 7.744480e-01 6.172000e-03 2.193800e-01
180 7.733400e-01 6.148000e-03 2.205120e-01
181 7.722560e-01 6.104000e-03 2.216400e-01
182 7.712640e-01 6.004000e-03 2.227320e-01
183 7.701720e-01 6.024000e-03 2.238040e-01
184 7.690560e-01 6.084000e-03 2.248600e-01
185 7.681080e-01 5.956000e-03 2.259360e-01
186 7.671240e-01 5.980000e-03 2.268960e-01
187 7.660160e-01 6.096000e-03 2.278880e-01
188 7.649360e-01 6.116000e-03 2.289480e-01
189 7.640120e-01 6.000000e-03 2.299880e-01
190 7.629680e-01 6.024000e-03 2.310080e-01
191 7.618680e-01 6.196000e-03 2.319360e-01
192 7.606840e-01 6.220000e-03 2.330960e-01
193 7.595880e-01 6.192000e-03 2.342200e-01
194 7.585520e-01 6.184000e-03 2.352640e-01
195 7.574280e-01 6.204000e-03 2.363680e-01
196 7.564520e-01 6.088000e-03 2.374600e-01
197 7.553600e-01 6.204000e-03 2.384360e-01
198 7.543040e-01 6.140000e-03 2.395560e-01
199 7.532280e-01 6.156000e-03 2.406160e-01
200 7.521760e-01 6.140000e-03 2.416840e-01
201 7.511320e-01 6.156000e-03 2.427120e-01
202 7.499400e-01 6.284000e-03 2.437760e-01
203 7.488000e-01 6.292000e-03 2.449080e-01
204 7.477040e-01 6.256000e-03 2.460400e-01
205 7.467040e-01 6.140000e-03 2.471560e-01
206 7.456400e-01 6.092000e-03 2.482680e-01
207 7.446200e-01 6.068000e-03 2.493120e-01
208 7.435840e-01 6.028000e-03 2.503880e-01
209 7.425440e-01 6.020000e-03 2.514360e-01
210 7.416920e-01 5.820000e-03 2.524880e-01
211 7.406520e-01 5.864000e-03 2.534840e-01
212 7.397000e-01 5.792000e-03 2.545080e-01
213 7.386480e-01 5.900000e-03 2.554520e-01
214 7.376960e-01 5.876000e-03 2.564280e-01
215 7.366760e-01 5.988000e-03 2.573360e-01
216 7.357440e-01 5.760000e-03 2.584960e-01
217 7.347680e-01 5.664000e-03 2.595680e-01
218 7.338760e-01 5.504000e-03 2.606200e-01
219 7.328880e-01 5.584000e-03 2.615280e-01
220 7.318960e-01 5.648000e-03 2.624560e-01
221 7.310160e-01 5.564000e-03 2.634200e-01
222 7.299960e-01 5.572000e-03 2.644320e-01
223 7.290280e-01 5.544000e-03 2.654280e-01
224 7.280000e-01 5.636000e-03 2.663640e-01
225 7.269560e-01 5.700000e-03 2.673440e-01
226 7.260280e-01 5.632000e-03 2.683400e-01
227 7.250800e-01 5.576000e-03 2.693440e-01
228 7.241520e-01 5.572000e-03 2.702760e-01
229 7.231080e-01 5.640000e-03 2.712520e-01
230 7.221640e-01 5.596000e-03 2.722400e-01
231 7.212000e-01 5.520000e-03 2.732800e-01
232 7.202400e-01 5.536000e-03 2.742240e-01
233 7.193000e-01 5.588000e-03 2.751120e-01
234 7.184200e-01 5.484000e-03 2.760960e-01
235 7.176160e-01 5.312000e-03 2.770720e-01
236 7.167640e-01 5.176000e-03 2.780600e-01
237 7.157960e-01 5.200000e-03 2.790040e-01
238 7.150480e-01 5.152000e-03 2.798000e-01
239 7.142520e-01 5.004000e-03 2.807440e-01
240 7.133920e-01 4.984000e-03 2.816240e-01
241 7.126360e-01 4.884000e-03 2.824800e-01
242 7.119640e-01 4.780000e-03 2.832560e-01
243 7.111640e-01 4.732000e-03 2.841040e-01
244 7.104720e-01 4.604000e-03 2.849240e-01
245 7.097520e-01 4.528000e-03 2.857200e-01
246 7.089840e-01 4.468000e-03 2.865480e-01
247 7.082160e-01 4.364000e-03 2.874200e-01
248 7.075120e-01 4.328000e-03 2.881600e-01
249 7.068840e-01 4.164000e-03 2.889520e-01
250 7.062160e-01 4.052000e-03 2.897320e-01
251 7.055280e-01 4.008000e-03 2.904640e-01
252 7.049000e-01 3.900000e-03 2.912000e-01
253 7.042600e-01 3.868000e-03 2.918720e-01
254 7.036760e-01 3.804000e-03 2.925200e-01
255 7.029960e-01 3.840000e-03 2.931640e-01
256 7.022680e-01 3.988000e-03 2.937440e-01
257 7.015920e-01 3.940000e-03 2.944680e-01
258 7.008200e-01 3.960000e-03 2.952200e-01
259 6.999840e-01 4.112000e-03 2.959040e-01
260 6.991760e-01 4.152000e-03 2.966720e-01
261 6.983240e-01 4.332000e-03 2.973440e-01
262 6.975520e-01 4.292000e-03 2.981560e-01
263 6.967840e-01 4.356000e-03 2.988600e-01
264 6.960360e-01 4.336000e-03 2.996280e-01
265 6.951240e-01 4.508000e-03 3.003680e-01
266 6.942440e-01 4.540000e-03 3.012160e-01
267 6.934760e-01 4.516000e-03 3.020080e-01
268 6.927960e-01 4.428000e-03 3.027760e-01
269 6.920160e-01 4.492000e-03 3.034920e-01
270 6.912640e-01 4.500000e-03 3.042360e-01
271 6.904920e-01 4.532000e-03 3.049760e-01
272 6.896800e-01 4.464000e-03 3.058560e-01
273 6.889000e-01 4.512000e-03 3.065880e-01
274 6.881040e-01 4.548000e-03 3.073480e-01
275 6.874200e-01 4.452000e-03 3.081280e-01
276 6.866360e-01 4.424000e-03 3.089400e-01
277 6.858640e-01 4.380000e-03 3.097560e-01
278 6.850840e-01 4.300000e-03 3.106160e-01
279 6.843440e-01 4.380000e-03 3.112760e-01
280 6.834160e-01 4.512000e-03 3.120720e-01
281 6.826200e-01 4.488000e-03 3.128920e-01
282 6.818520e-01 4.412000e-03 3.137360e-01
283 6.809880e-01 4.532000e-03 3.144800e-01
284 6.801920e-01 4.608000e-03 3.152000e-01
285 6.794600e-01 4.512000e-03 3.160280e-01
286 6.786720e-01 4.528000e-03 3.168000e-01
287 6.778800e-01 4.432000e-03 3.176880e-01
288 6.771960e-01 4.320000e-03 3.184840e-01
289 6.766560e-01 4.064000e-03 3.192800e-01
290 6.759920e-01 4.012000e-03 3.199960e-01
291 6.753960e-01 3.892000e-03 3.207120e-01
292 6.748200e-01 3.860000e-03 3.213200e-01
293 6.742120e-01 3.852000e-03 3.219360e-01
294 6.736040e-01 3.780000e-03 3.226160e-01
295 6.730160e-01 3.740000e-03 3.232440e-01
296 6.725080e-01 3.644000e-03 3.238480e-01
297 6.719560e-01 3.556000e-03 3.244880e-01
298 6.713680e-01 3.476000e-03 3.251560e-01
299 6.708760e-01 3.452000e-03 3.256720e-01
300 6.702640e-01 3.508000e-03 3.262280e-01
301 6.696600e-01 3.392000e-03 3.269480e-01
302 6.691000e-01 3.288000e-03 3.276120e-01
303 6.685440e-01 3.304000e-03 3.281520e-01
304 6.680240e-01 3.296000e-03 3.286800e-01
305 6.674200e-01 3.272000e-03 3.293080e-01
306 6.668640e-01 3.188000e-03 3.299480e-01
307 6.661400e-01 3.312000e-03 3.305480e-01
308 6.655520e-01 3.288000e-03 3.311600e-01
309 6.650280e-01 3.276000e-03 3.316960e-01
310 6.644760e-01 3.284000e-03 3.322400e-01
311 6.639960e-01 3.148000e-03 3.328560e-01
312 6.634400e-01 3.208000e-03 3.333520e-01
313 6.628880e-01 3.292000e-03 3.338200e-01
314 6.624600e-01 3.196000e-03 3.343440e-01
315 6.619000e-01 3.204000e-03 3.348960e-01
316 6.614040e-01 3.176000e-03 3.354200e-01
317 6.609520e-01 3.144000e-03 3.359040e-01
318 6.605120e-01 3.076000e-03 3.364120e-01
319 6.600680e-01 2.916000e-03 3.370160e-01
320 6.596000e-01 2.880000e-03 3.375200e-01
321 6.591160e-01 2.804000e-03 3.380800e-01
322 6.585960e-01 2.820000e-03 3.385840e-01
323 6.581720e-01 2.804000e-03 3.390240e-01
324 6.577680e-01 2.724000e-03 3.395080e-01
325 6.572560e-01 2.764000e-03 3.399800e-01
326 6.568840e-01 2.600000e-03 3.405160e-01
327 6.565120e-01 2.536000e-03 3.409520e-01
328 6.561880e-01 2.404000e-03 3.414080e-01
329 6.558360e-01 2.312000e-03 3.418520e-01
330 6.555120e-01 2.280000e-03 3.422080e-01
331 6.551920e-01 2.236000e-03 3.425720e-01
332 6.547960e-01 2.220000e-03 3.429840e-01
333 6.544200e-01 2.228000e-03 3.433520e-01
334 6.539320e-01 2.332000e-03 3.437360e-01
335 6.534920e-01 2.388000e-03 3.441200e-01
336 6.530320e-01 2.440000e-03 3.445280e-01
337 6.525720e-01 2.484000e-03 3.449440e-01
338 6.522160e-01 2.488000e-03 3.452960e-01
339 6.518280e-01 2.392000e-03 3.457800e-01
340 6.514680e-01 2.368000e-03 3.461640e-01
341 6.511080e-01 2.396000e-03 3.464960e-01
342 6.507880e-01 2.336000e-03 3.468760e-01
343 6.505040e-01 2.264000e-03 3.472320e-01
344 6.502560e-01 2.140000e-03 3.476040e-01
345 6.499480e-01 2.072000e-03 3.479800e-01
346 6.496920e-01 1.988000e-03 3.483200e-01
347 6.493760e-01 1.936000e-03 3.486880e-01
348 6.490880e-01 1.808000e-03 3.491040e-01
349 6.487960e-01 1.764000e-03 3.494400e-01
350 6.484560e-01 1.896000e-03 3.496480e-01
351 6.481760e-01 1.868000e-03 3.499560e-01
352 6.478960e-01 1.808000e-03 3.502960e-01
353 6.475600e-01 1.820000e-03 3.506200e-01
354 6.473040e-01 1.792000e-03 3.509040e-01
355 6.469640e-01 1.824000e-03 3.512120e-01
356 6.466160e-01 1.804000e-03 3.515800e-01
357 6.462880e-01 1.812000e-03 3.519000e-01
358 6.459280e-01 1.784000e-03 3.522880e-01
359 6.456240e-01 1.708000e-03 3.526680e-01
360 6.452680e-01 1.788000e-03 3.529440e-01
361 6.449600e-01 1.816000e-03 3.532240e-01
362 6.446320e-01 1.816000e-03 3.535520e-01
363 6.443280e-01 1.804000e-03 3.538680e-01
364 6.440520e-01 1.828000e-03 3.541200e-01
365 6.436200e-01 1.944000e-03 3.544360e-01
366 6.432760e-01 1.992000e-03 3.547320e-01
367 6.429600e-01 2.036000e-03 3.550040e-01
368 6.426280e-01 2.028000e-03 3.553440e-01
369 6.423160e-01 2.016000e-03 3.556680e-01
370 6.419480e-01 2.008000e-03 3.560440e-01
371 6.415840e-01 2.096000e-03 3.563200e-01
372 6.411400e-01 2.184000e-03 3.566760e-01
373 6.406640e-01 2.288000e-03 3.570480e-01
374 6.402120e-01 2.316000e-03 3.574720e-01
375 6.397760e-01 2.320000e-03 3.579040e-01
376 6.394280e-01 2.340000e-03 3.582320e-01
377 6.389720e-01 2.308000e-03 3.587200e-01
378 6.386200e-01 2.256000e-03 3.591240e-01
379 6.382560e-01 2.176000e-03 3.595680e-01
380 6.379960e-01 2.024000e-03 3.599800e-01
381 6.377040e-01 1.956000e-03 3.603400e-01
382 6.373960e-01 1.940000e-03 3.606640e-01
383 6.370120e-01 1.956000e-03 3.610320e-01
384 6.366440e-01 1.968000e-03 3.613880e-01
385 6.362920e-01 2.020000e-03 3.616880e-01
386 6.360240e-01 1.996000e-03 3.619800e-01
387 6.357320e-01 1.944000e-03 3.623240e-01
388 6.354240e-01 1.876000e-03 3.627000e-01
389 6.351720e-01 1.788000e-03 3.630400e-01
390 6.349680e-01 1.656000e-03 3.633760e-01
391 6.346680e-01 1.676000e-03 3.636560e-01
392 6.344280e-01 1.672000e-03 3.639000e-01
393 6.341720e-01 1.608000e-03 3.642200e-01
394 6.338880e-01 1.612000e-03 3.645000e-01
395 6.335640e-01 1.636000e-03 3.648000e-01
396 6.331800e-01 1.720000e-03 3.651000e-01
397 6.328320e-01 1.740000e-03 3.654280e-01
398 6.324720e-01 1.752000e-03 3.657760e-01
399 6.321440e-01 1.776000e-03 3.660800e-01
400 6.317840e-01 1.832000e-03 3.663840e-01
401 6.314520e-01 1.828000e-03 3.667200e-01
402 6.310880e-01 1.840000e-03 3.670720e-01
403 6.308080e-01 1.836000e-03 3.673560e-01
404 6.304840e-01 1.868000e-03 3.676480e-01
405 6.300800e-01 2.008000e-03 3.679120e-01
406 6.298680e-01 1.880000e-03 3.682520e-01
407 6.295400e-01 1.908000e-03 3.685520e-01
408 6.292400e-01 1.912000e-03 3.688480e-01
409 6.289640e-01 1.868000e-03 3.691680e-01
410 6.286720e-01 1.880000e-03 3.694480e-01
411 6.283520e-01 1.836000e-03 3.698120e-01
412 6.280840e-01 1.708000e-03 3.702080e-01
413 6.278640e-01 1.628000e-03 3.705080e-01
414 6.276480e-01 1.596000e-03 3.707560e-01
415 6.273440e-01 1.636000e-03 3.710200e-01
416 6.271120e-01 1.588000e-03 3.713000e-01
417 6.268800e-01 1.564000e-03 3.715560e-01
418 6.266160e-01 1.552000e-03 3.718320e-01
419 6.263760e-01 1.496000e-03 3.721280e-01
420 6.261240e-01 1.448000e-03 3.724280e-01
421 6.258560e-01 1.464000e-03 3.726800e-01
422 6.255680e-01 1.532000e-03 3.729000e-01
423 6.252280e-01 1.548000e-03 3.732240e-01
424 6.249120e-01 1.576000e-03 3.735120e-01
425 6.246040e-01 1.564000e-03 3.738320e-01
426 6.242800e-01 1.588000e-03 3.741320e-01
427 6.239200e-01 1.672000e-03 3.744080e-01
428 6.236640e-01 1.616000e-03 3.747200e-01
429 6.233600e-01 1.684000e-03 3.749560e-01
430 6.231360e-01 1.632000e-03 3.752320e-01
431 6.228520e-01 1.640000e-03 3.755080e-01
432 6.225880e-01 1.552000e-03 3.758600e-01
433 6.223160e-01 1.548000e-03 3.761360e-01
434 6.220720e-01 1.540000e-03 3.763880e-01
435 6.218160e-01 1.544000e-03 3.766400e-01
436 6.214880e-01 1.608000e-03 3.769040e-01
437 6.212920e-01 1.472000e-03 3.772360e-01
438 6.210720e-01 1.376000e-03 3.775520e-01
439 6.208600e-01 1.308000e-03 3.778320e-01
440 6.206280e-01 1.340000e-03 3.780320e-01
441 6.203800e-01 1.376000e-03 3.782440e-01
442 6.201440e-01 1.360000e-03 3.784960e-01
443 6.199240e-01 1.348000e-03 3.787280e-01
444 6.196560e-01 1.400000e-03 3.789440e-01
445 6.194000e-01 1.392000e-03 3.792080e-01
446 6.191880e-01 1.380000e-03 3.794320e-01
447 6.189840e-01 1.340000e-03 3.796760e-01
448 6.187200e-01 1.336000e-03 3.799440e-01
449 6.185200e-01 1.308000e-03 3.801720e-01
450 6.182760e-01 1.312000e-03 3.804120e-01
451 6.180360e-01 1.248000e-03 3.807160e-01
452 6.177760e-01 1.260000e-03 3.809640e-01
453 6.175960e-01 1.224000e-03 3.811800e-01
454 6.173640e-01 1.288000e-03 3.813480e-01
455 6.172320e-01 1.172000e-03 3.815960e-01
456 6.170880e-01 1.152000e-03 3.817600e-01
457 6.169400e-01 1.060000e-03 3.820000e-01
458 6.167800e-01 1.052000e-03 3.821680e-01
459 6.166520e-01 1.020000e-03 3.823280e-01
460 6.165040e-01 9.880000e-04 3.825080e-01
461 6.163560e-01 9.640000e-04 3.826800e-01
462 6.161880e-01 9.920000e-04 3.828200e-01
463 6.159960e-01 1.016000e-03 3.829880e-01
464 6.158120e-01 1.000000e-03 3.831880e-01
465 6.156160e-01 1.016000e-03 3.833680e-01
466 6.154160e-01 1.036000e-03 3.835480e-01
467 6.152320e-01 1.052000e-03 3.837160e-01
468 6.151040e-01 1.020000e-03 3.838760e-01
469 6.150000e-01 9.480000e-04 3.840520e-01
470 6.148720e-01 8.840000e-04 3.842440e-01
471 6.147760e-01 8.080000e-04 3.844160e-01
472 6.146360e-01 8.320000e-04 3.845320e-01
473 6.144840e-01 8.320000e-04 3.846840e-01
474 6.143520e-01 8.200000e-04 3.848280e-01
475 6.142240e-01 8.080000e-04 3.849680e-01
476 6.140760e-01 7.800000e-04 3.851440e-01
477 6.139240e-01 7.680000e-04 3.853080e-01
478 6.137320e-01 8.240000e-04 3.854440e-01
479 6.136080e-01 8.200000e-04 3.855720e-01
480 6.134560e-01 8.120000e-04 3.857320e-01
481 6.133200e-01 8.240000e-04 3.858560e-01
482 6.131600e-01 8.520000e-04 3.859880e-01
483 6.130200e-01 8.240000e-04 3.861560e-01
484 6.129040e-01 8.160000e-04 3.862800e-01
485 6.127880e-01 7.600000e-04 3.864520e-01
486 6.126560e-01 7.840000e-04 3.865600e-01
487 6.125280e-01 7.560000e-04 3.867160e-01
488 6.123880e-01 7.960000e-04 3.868160e-01
489 6.122760e-01 7.960000e-04 3.869280e-01
490 6.121000e-01 7.760000e-04 3.871240e-01
491 6.119080e-01 8.120000e-04 3.872800e-01
492 6.117880e-01 7.880000e-04 3.874240e-01
493 6.116360e-01 7.960000e-04 3.875680e-01
494 6.115160e-01 7.920000e-04 3.876920e-01
495 6.113560e-01 8.200000e-04 3.878240e-01
496 6.111960e-01 8.440000e-04 3.879600e-01
497 6.110160e-01 9.040000e-04 3.880800e-01
498 6.108520e-01 9.200000e-04 3.882280e-01
499 6.106800e-01 9.200000e-04 3.884000e-01
500 6.105640e-01 9.000000e-04 3.885360e-01
