1 9.992360e-01 6.560000e-04 1.080000e-04
2 9.987240e-01 1.044000e-03 2.320000e-04
3 9.981320e-01 1.468000e-03 4.000000e-04
4 9.974200e-01 1.912000e-03 6.680000e-04
5 9.966080e-01 2.320000e-03 1.072000e-03
6 9.957000e-01 2.808000e-03 1.492000e-03
7 9.947600e-01 3.204000e-03 2.036000e-03
8 9.936880e-01 3.712000e-03 2.600000e-03
9 9.927160e-01 4.008000e-03 3.276000e-03
10 9.917400e-01 4.184000e-03 4.076000e-03
11 9.908160e-01 4.340000e-03 4.844000e-03
12 9.898160e-01 4.572000e-03 5.612000e-03
13 9.887800e-01 4.816000e-03 6.404000e-03
14 9.876960e-01 5.104000e-03 7.200000e-03
15 9.866520e-01 5.204000e-03 8.144000e-03
16 9.857320e-01 5.212000e-03 9.056000e-03
17 9.847720e-01 5.364000e-03 9.864000e-03
18 9.837000e-01 5.460000e-03 1.084000e-02
19 9.826920e-01 5.504000e-03 1.180400e-02
20 9.816200e-01 5.660000e-03 1.272000e-02
21 9.805600e-01 5.732000e-03 1.370800e-02
22 9.795360e-01 5.660000e-03 1.480400e-02
23 9.784240e-01 5.760000e-03 1.581600e-02
24 9.772880e-01 5.832000e-03 1.688000e-02
25 9.762360e-01 5.856000e-03 1.790800e-02
26 9.751000e-01 5.848000e-03 1.905200e-02
27 9.740720e-01 5.792000e-03 2.013600e-02
28 9.730680e-01 5.832000e-03 2.110000e-02
29 9.719240e-01 5.948000e-03 2.212800e-02
30 9.707640e-01 6.088000e-03 2.314800e-02
31 9.695720e-01 6.168000e-03 2.426000e-02
32 9.684400e-01 6.180000e-03 2.538000e-02
33 9.673000e-01 6.332000e-03 2.636800e-02
34 9.660240e-01 6.440000e-03 2.753600e-02
35 9.648320e-01 6.452000e-03 2.871600e-02
36 9.635800e-01 6.512000e-03 2.990800e-02
37 9.624120e-01 6.500000e-03 3.108800e-02
38 9.611280e-01 6.548000e-03 3.232400e-02
39 9.599240e-01 6.456000e-03 3.362000e-02
40 9.584640e-01 6.836000e-03 3.470000e-02
41 9.571880e-01 6.948000e-03 3.586400e-02
42 9.559880e-01 6.864000e-03 3.714800e-02
43 9.547160e-01 6.928000e-03 3.835600e-02
44 9.534040e-01 6.984000e-03 3.961200e-02
45 9.518960e-01 7.332000e-03 4.077200e-02
46 9.504880e-01 7.464000e-03 4.204800e-02
47 9.490000e-01 7.648000e-03 4.335200e-02
48 9.477160e-01 7.536000e-03 4.474800e-02
49 9.463600e-01 7.608000e-03 4.603200e-02
50 9.450600e-01 7.496000e-03 4.744400e-02
51 9.435640e-01 7.660000e-03 4.877600e-02
52 9.420760e-01 7.880000e-03 5.004400e-02
53 9.406440e-01 7.900000e-03 5.145600e-02
54 9.391560e-01 7.948000e-03 5.289600e-02
55 9.377960e-01 7.916000e-03 5.428800e-02
56 9.363120e-01 8.048000e-03 5.564000e-02
57 9.350280e-01 7.916000e-03 5.705600e-02
58 9.335960e-01 7.908000e-03 5.849600e-02
59 9.322600e-01 7.932000e-03 5.980800e-02
60 9.310200e-01 7.816000e-03 6.116400e-02
61 9.296760e-01 7.808000e-03 6.251600e-02
62 9.282800e-01 7.928000e-03 6.379200e-02
63 9.268160e-01 7.976000e-03 6.520800e-02
64 9.255320e-01 8.012000e-03 6.645600e-02
65 9.241160e-01 8.052000e-03 6.783200e-02
66 9.227560e-01 8.008000e-03 6.923600e-02
67 9.213880e-01 7.908000e-03 7.070400e-02
68 9.198880e-01 8.024000e-03 7.208800e-02
69 9.186280e-01 7.760000e-03 7.361200e-02
70 9.171640e-01 7.864000e-03 7.497200e-02
71 9.158960e-01 7.856000e-03 7.624800e-02
72 9.146200e-01 7.744000e-03 7.763600e-02
73 9.134000e-01 7.636000e-03 7.896400e-02
74 9.120440e-01 7.696000e-03 8.026000e-02
75 9.107880e-01 7.476000e-03 8.173600e-02
76 9.095720e-01 7.412000e-03 8.301600e-02
77 9.083200e-01 7.440000e-03 8.424000e-02
78 9.071200e-01 7.424000e-03 8.545600e-02
79 9.058640e-01 7.300000e-03 8.683600e-02
80 9.045320e-01 7.432000e-03 8.803600e-02
81 9.031800e-01 7.380000e-03 8.944000e-02
82 9.018600e-01 7.440000e-03 9.070000e-02
83 9.003400e-01 7.720000e-03 9.194000e-02
84 8.991240e-01 7.580000e-03 9.329600e-02
85 8.978160e-01 7.596000e-03 9.458800e-02
86 8.964600e-01 7.532000e-03 9.600800e-02
87 8.950880e-01 7.668000e-03 9.724400e-02
88 8.938320e-01 7.680000e-03 9.848800e-02
89 8.925840e-01 7.528000e-03 9.988800e-02
90 8.911560e-01 7.608000e-03 1.012360e-01
91 8.899480e-01 7.476000e-03 1.025760e-01
92 8.884120e-01 7.780000e-03 1.038080e-01
93 8.871760e-01 7.496000e-03 1.053280e-01
94 8.859320e-01 7.428000e-03 1.066400e-01
95 8.848120e-01 7.180000e-03 1.080080e-01
96 8.837000e-01 7.100000e-03 1.092000e-01
97 8.826240e-01 6.956000e-03 1.104200e-01
98 8.814760e-01 6.764000e-03 1.117600e-01
99 8.803840e-01 6.704000e-03 1.129120e-01
100 8.792280e-01 6.600000e-03 1.141720e-01
101 8.780520e-01 6.596000e-03 1.153520e-01
102 8.767560e-01 6.632000e-03 1.166120e-01
103 8.754360e-01 6.840000e-03 1.177240e-01
104 8.739880e-01 7.116000e-03 1.188960e-01
105 8.725520e-01 7.272000e-03 1.201760e-01
106 8.712040e-01 7.324000e-03 1.214720e-01
107 8.697640e-01 7.496000e-03 1.227400e-01
108 8.683960e-01 7.560000e-03 1.240440e-01
109 8.671520e-01 7.516000e-03 1.253320e-01
110 8.659200e-01 7.364000e-03 1.267160e-01
111 8.648080e-01 7.108000e-03 1.280840e-01
112 8.637880e-01 6.964000e-03 1.292480e-01
113 8.626280e-01 6.952000e-03 1.304200e-01
114 8.614800e-01 6.888000e-03 1.316320e-01
115 8.602560e-01 6.816000e-03 1.329280e-01
116 8.590680e-01 6.848000e-03 1.340840e-01
117 8.578680e-01 6.948000e-03 1.351840e-01
118 8.567040e-01 6.880000e-03 1.364160e-01
119 8.556240e-01 6.768000e-03 1.376080e-01
120 8.544200e-01 6.796000e-03 1.387840e-01
121 8.532280e-01 6.748000e-03 1.400240e-01
122 8.520520e-01 6.796000e-03 1.411520e-01
123 8.509320e-01 6.788000e-03 1.422800e-01
124 8.498280e-01 6.844000e-03 1.433280e-01
125 8.487600e-01 6.712000e-03 1.445280e-01
126 8.477400e-01 6.460000e-03 1.458000e-01
127 8.467200e-01 6.300000e-03 1.469800e-01
128 8.455360e-01 6.364000e-03 1.481000e-01
129 8.444960e-01 6.160000e-03 1.493440e-01
130 8.434360e-01 6.200000e-03 1.503640e-01
131 8.423240e-01 6.292000e-03 1.513840e-01
132 8.411920e-01 6.356000e-03 1.524520e-01
133 8.401880e-01 6.216000e-03 1.535960e-01
134 8.390280e-01 6.300000e-03 1.546720e-01
135 8.379640e-01 6.164000e-03 1.558720e-01
136 8.368160e-01 6.212000e-03 1.569720e-01
137 8.356840e-01 6.328000e-03 1.579880e-01
138 8.344560e-01 6.436000e-03 1.591080e-01
139 8.333880e-01 6.332000e-03 1.602800e-01
140 8.322440e-01 6.328000e-03 1.614280e-01
141 8.310960e-01 6.372000e-03 1.625320e-01
142 8.301280e-01 6.248000e-03 1.636240e-01
143 8.291280e-01 6.168000e-03 1.647040e-01
144 8.281240e-01 6.080000e-03 1.657960e-01
145 8.270400e-01 6.172000e-03 1.667880e-01
146 8.261000e-01 6.080000e-03 1.678200e-01
147 8.250160e-01 6.080000e-03 1.689040e-01
148 8.239160e-01 6.088000e-03 1.699960e-01
149 8.227960e-01 6.056000e-03 1.711480e-01
150 8.215920e-01 6.304000e-03 1.721040e-01
151 8.206080e-01 6.168000e-03 1.732240e-01
152 8.194120e-01 6.380000e-03 1.742080e-01
153 8.183680e-01 6.204000e-03 1.754280e-01
154 8.173000e-01 6.204000e-03 1.764960e-01
155 8.162160e-01 6.328000e-03 1.774560e-01
156 8.149640e-01 6.468000e-03 1.785680e-01
157 8.137080e-01 6.684000e-03 1.796080e-01
158 8.125040e-01 6.716000e-03 1.807800e-01
159 8.113280e-01 6.820000e-03 1.818520e-01
160 8.100120e-01 7.004000e-03 1.829840e-01
161 8.087320e-01 7.012000e-03 1.842560e-01
162 8.072960e-01 7.220000e-03 1.854840e-01
163 8.060560e-01 7.076000e-03 1.868680e-01
164 8.048200e-01 7.088000e-03 1.880920e-01
165 8.036680e-01 7.020000e-03 1.893120e-01
166 8.023760e-01 7.160000e-03 1.904640e-01
167 8.010400e-01 7.196000e-03 1.917640e-01
168 7.998320e-01 7.204000e-03 1.929640e-01
169 7.985240e-01 7.224000e-03 1.942520e-01
170 7.973200e-01 7.236000e-03 1.954440e-01
171 7.959080e-01 7.380000e-03 1.967120e-01
172 7.945800e-01 7.400000e-03 1.980200e-01
173 7.930600e-01 7.660000e-03 1.992800e-01
174 7.915600e-01 7.748000e-03 2.006920e-01
175 7.898800e-01 8.036000e-03 2.020840e-01
176 7.884120e-01 8.092000e-03 2.034960e-01
177 7.871800e-01 7.908000e-03 2.049120e-01
178 7.858640e-01 7.800000e-03 2.063360e-01
179 7.844280e-01 7.716000e-03 2.078560e-01
180 7.831520e-01 7.676000e-03 2.091720e-01
181 7.819680e-01 7.428000e-03 2.106040e-01
182 7.808640e-01 7.240000e-03 2.118960e-01
183 7.795960e-01 7.256000e-03 2.131480e-01
184 7.783080e-01 7.304000e-03 2.143880e-01
185 7.770880e-01 7.224000e-03 2.156880e-01
186 7.758520e-01 7.248000e-03 2.169000e-01
187 7.747040e-01 7.220000e-03 2.180760e-01
188 7.735120e-01 7.180000e-03 2.193080e-01
189 7.723400e-01 7.164000e-03 2.204960e-01
190 7.710160e-01 7.172000e-03 2.218120e-01
191 7.698320e-01 7.076000e-03 2.230920e-01
192 7.686720e-01 7.012000e-03 2.243160e-01
193 7.674920e-01 7.004000e-03 2.255040e-01
194 7.663080e-01 7.028000e-03 2.266640e-01
195 7.650800e-01 6.932000e-03 2.279880e-01
196 7.637760e-01 6.944000e-03 2.292800e-01
197 7.626440e-01 6.996000e-03 2.303600e-01
198 7.614880e-01 6.968000e-03 2.315440e-01
199 7.604520e-01 6.832000e-03 2.327160e-01
200 7.593040e-01 6.936000e-03 2.337600e-01
201 7.582240e-01 6.828000e-03 2.349480e-01
202 7.570240e-01 7.036000e-03 2.359400e-01
203 7.558800e-01 6.972000e-03 2.371480e-01
204 7.547440e-01 6.880000e-03 2.383760e-01
205 7.536280e-01 6.768000e-03 2.396040e-01
206 7.524800e-01 6.616000e-03 2.409040e-01
207 7.514040e-01 6.648000e-03 2.419480e-01
208 7.502800e-01 6.648000e-03 2.430720e-01
209 7.489400e-01 6.820000e-03 2.442400e-01
210 7.478160e-01 6.740000e-03 2.454440e-01
211 7.465480e-01 6.956000e-03 2.464960e-01
212 7.452800e-01 7.008000e-03 2.477120e-01
213 7.443080e-01 6.692000e-03 2.490000e-01
214 7.433320e-01 6.552000e-03 2.501160e-01
215 7.421920e-01 6.616000e-03 2.511920e-01
216 7.411040e-01 6.704000e-03 2.521920e-01
217 7.400280e-01 6.560000e-03 2.534120e-01
218 7.391480e-01 6.288000e-03 2.545640e-01
219 7.381120e-01 6.164000e-03 2.557240e-01
220 7.371080e-01 6.044000e-03 2.568480e-01
221 7.361440e-01 6.000000e-03 2.578560e-01
222 7.351800e-01 5.808000e-03 2.590120e-01
223 7.342320e-01 5.700000e-03 2.600680e-01
224 7.333320e-01 5.692000e-03 2.609760e-01
225 7.324720e-01 5.608000e-03 2.619200e-01
226 7.315600e-01 5.528000e-03 2.629120e-01
227 7.306000e-01 5.608000e-03 2.637920e-01
228 7.298120e-01 5.412000e-03 2.647760e-01
229 7.289680e-01 5.456000e-03 2.655760e-01
230 7.280160e-01 5.536000e-03 2.664480e-01
231 7.270040e-01 5.520000e-03 2.674760e-01
232 7.261280e-01 5.360000e-03 2.685120e-01
233 7.251000e-01 5.352000e-03 2.695480e-01
234 7.240440e-01 5.544000e-03 2.704120e-01
235 7.229040e-01 5.732000e-03 2.713640e-01
236 7.218360e-01 5.832000e-03 2.723320e-01
237 7.207560e-01 5.924000e-03 2.733200e-01
238 7.198320e-01 5.900000e-03 2.742680e-01
239 7.187800e-01 5.712000e-03 2.755080e-01
240 7.177400e-01 5.796000e-03 2.764640e-01
241 7.167320e-01 5.812000e-03 2.774560e-01
242 7.157840e-01 5.748000e-03 2.784680e-01
243 7.148200e-01 5.756000e-03 2.794240e-01
244 7.139040e-01 5.716000e-03 2.803800e-01
245 7.129080e-01 5.796000e-03 2.812960e-01
246 7.118680e-01 5.724000e-03 2.824080e-01
247 7.109880e-01 5.616000e-03 2.833960e-01
248 7.101160e-01 5.484000e-03 2.844000e-01
249 7.092520e-01 5.436000e-03 2.853120e-01
250 7.085040e-01 5.284000e-03 2.862120e-01
251 7.077360e-01 5.048000e-03 2.872160e-01
252 7.069240e-01 5.048000e-03 2.880280e-01
253 7.061040e-01 4.940000e-03 2.889560e-01
254 7.052600e-01 4.908000e-03 2.898320e-01
255 7.043960e-01 4.892000e-03 2.907120e-01
256 7.035800e-01 4.836000e-03 2.915840e-01
257 7.027760e-01 4.784000e-03 2.924400e-01
258 7.019880e-01 4.676000e-03 2.933360e-01
259 7.009920e-01 4.940000e-03 2.940680e-01
260 7.000200e-01 5.056000e-03 2.949240e-01
261 6.991200e-01 5.132000e-03 2.957480e-01
262 6.983240e-01 4.964000e-03 2.967120e-01
263 6.973840e-01 5.048000e-03 2.975680e-01
264 6.965280e-01 5.012000e-03 2.984600e-01
265 6.956520e-01 4.972000e-03 2.993760e-01
266 6.947120e-01 5.040000e-03 3.002480e-01
267 6.938320e-01 5.104000e-03 3.010640e-01
268 6.929800e-01 5.020000e-03 3.020000e-01
269 6.921960e-01 4.912000e-03 3.028920e-01
270 6.913680e-01 4.832000e-03 3.038000e-01
271 6.905040e-01 4.884000e-03 3.046120e-01
272 6.896560e-01 4.840000e-03 3.055040e-01
273 6.888200e-01 4.784000e-03 3.063960e-01
274 6.880240e-01 4.672000e-03 3.073040e-01
275 6.871200e-01 4.792000e-03 3.080880e-01
276 6.864080e-01 4.652000e-03 3.089400e-01
277 6.856520e-01 4.688000e-03 3.096600e-01
278 6.850600e-01 4.456000e-03 3.104840e-01
279 6.843400e-01 4.364000e-03 3.112960e-01
280 6.836680e-01 4.272000e-03 3.120600e-01
281 6.829880e-01 4.196000e-03 3.128160e-01
282 6.823080e-01 4.180000e-03 3.135120e-01
283 6.816920e-01 4.124000e-03 3.141840e-01
284 6.810320e-01 4.060000e-03 3.149080e-01
285 6.803520e-01 4.048000e-03 3.156000e-01
286 6.797280e-01 3.944000e-03 3.163280e-01
287 6.791760e-01 3.796000e-03 3.170280e-01
288 6.785840e-01 3.688000e-03 3.177280e-01
289 6.780040e-01 3.636000e-03 3.183600e-01
290 6.774240e-01 3.616000e-03 3.189600e-01
291 6.768600e-01 3.528000e-03 3.196120e-01
292 6.763440e-01 3.460000e-03 3.201960e-01
293 6.757360e-01 3.396000e-03 3.208680e-01
294 6.751080e-01 3.420000e-03 3.214720e-01
295 6.744680e-01 3.460000e-03 3.220720e-01
296 6.739560e-01 3.416000e-03 3.226280e-01
297 6.734760e-01 3.288000e-03 3.232360e-01
298 6.729360e-01 3.212000e-03 3.238520e-01
299 6.723440e-01 3.184000e-03 3.244720e-01
300 6.717240e-01 3.172000e-03 3.251040e-01
301 6.711640e-01 3.096000e-03 3.257400e-01
302 6.705960e-01 3.100000e-03 3.263040e-01
303 6.700120e-01 3.164000e-03 3.268240e-01
304 6.694440e-01 3.112000e-03 3.274440e-01
305 6.689280e-01 3.096000e-03 3.279760e-01
306 6.684600e-01 3.108000e-03 3.284320e-01
307 6.679200e-01 3.084000e-03 3.289960e-01
308 6.673040e-01 3.152000e-03 3.295440e-01
309 6.667640e-01 3.100000e-03 3.301360e-01
310 6.661840e-01 3.152000e-03 3.306640e-01
311 6.656520e-01 3.136000e-03 3.312120e-01
312 6.652320e-01 2.996000e-03 3.317720e-01
313 6.647360e-01 2.972000e-03 3.322920e-01
314 6.641800e-01 3.016000e-03 3.328040e-01
315 6.635640e-01 3.056000e-03 3.333800e-01
316 6.630640e-01 3.040000e-03 3.338960e-01
317 6.624400e-01 3.172000e-03 3.343880e-01
318 6.618520e-01 3.192000e-03 3.349560e-01
319 6.612800e-01 3.252000e-03 3.354680e-01
320 6.607640e-01 3.188000e-03 3.360480e-01
321 6.601240e-01 3.224000e-03 3.366520e-01
322 6.597040e-01 3.040000e-03 3.372560e-01
323 6.592720e-01 2.980000e-03 3.377480e-01
324 6.587560e-01 2.932000e-03 3.383120e-01
325 6.582440e-01 2.972000e-03 3.387840e-01
326 6.577760e-01 2.968000e-03 3.392560e-01
327 6.573320e-01 2.964000e-03 3.397040e-01
328 6.569320e-01 2.860000e-03 3.402080e-01
329 6.565080e-01 2.752000e-03 3.407400e-01
330 6.560440e-01 2.724000e-03 3.412320e-01
331 6.555400e-01 2.756000e-03 3.417040e-01
332 6.550600e-01 2.784000e-03 3.421560e-01
333 6.545360e-01 2.928000e-03 3.425360e-01
334 6.540600e-01 2.912000e-03 3.430280e-01
335 6.535760e-01 2.812000e-03 3.436120e-01
336 6.531040e-01 2.816000e-03 3.440800e-01
337 6.526520e-01 2.760000e-03 3.445880e-01
338 6.522440e-01 2.652000e-03 3.451040e-01
339 6.517400e-01 2.704000e-03 3.455560e-01
340 6.512480e-01 2.672000e-03 3.460800e-01
341 6.508040e-01 2.600000e-03 3.465960e-01
342 6.503400e-01 2.624000e-03 3.470360e-01
343 6.498600e-01 2.656000e-03 3.474840e-01
344 6.493280e-01 2.720000e-03 3.479520e-01
345 6.488480e-01 2.720000e-03 3.484320e-01
346 6.483640e-01 2.688000e-03 3.489480e-01
347 6.478120e-01 2.772000e-03 3.494160e-01
348 6.473480e-01 2.780000e-03 3.498720e-01
349 6.469120e-01 2.772000e-03 3.503160e-01
350 6.464120e-01 2.820000e-03 3.507680e-01
351 6.459720e-01 2.740000e-03 3.512880e-01
352 6.454280e-01 2.840000e-03 3.517320e-01
353 6.449000e-01 2.808000e-03 3.522920e-01
354 6.444560e-01 2.828000e-03 3.527160e-01
355 6.439160e-01 2.916000e-03 3.531680e-01
356 6.434720e-01 2.832000e-03 3.536960e-01
357 6.430360e-01 2.736000e-03 3.542280e-01
358 6.425640e-01 2.732000e-03 3.547040e-01
359 6.420880e-01 2.704000e-03 3.552080e-01
360 6.415920e-01 2.764000e-03 3.556440e-01
361 6.410680e-01 2.728000e-03 3.562040e-01
362 6.405560e-01 2.736000e-03 3.567080e-01
363 6.401280e-01 2.708000e-03 3.571640e-01
364 6.396680e-01 2.844000e-03 3.574880e-01
365 6.391960e-01 2.872000e-03 3.579320e-01
366 6.387240e-01 2.844000e-03 3.584320e-01
367 6.381400e-01 2.904000e-03 3.589560e-01
368 6.375760e-01 2.972000e-03 3.594520e-01
369 6.370680e-01 2.928000e-03 3.600040e-01
370 6.365000e-01 2.952000e-03 3.605480e-01
371 6.360240e-01 2.872000e-03 3.611040e-01
372 6.355480e-01 2.840000e-03 3.616120e-01
373 6.351600e-01 2.764000e-03 3.620760e-01
374 6.346840e-01 2.660000e-03 3.626560e-01
375 6.342800e-01 2.564000e-03 3.631560e-01
376 6.338840e-01 2.448000e-03 3.636680e-01
377 6.335360e-01 2.392000e-03 3.640720e-01
378 6.331720e-01 2.340000e-03 3.644880e-01
379 6.327040e-01 2.364000e-03 3.649320e-01
380 6.322760e-01 2.420000e-03 3.653040e-01
381 6.318400e-01 2.452000e-03 3.657080e-01
382 6.313440e-01 2.476000e-03 3.661800e-01
383 6.308480e-01 2.572000e-03 3.665800e-01
384 6.303880e-01 2.536000e-03 3.670760e-01
385 6.299280e-01 2.676000e-03 3.673960e-01
386 6.294520e-01 2.660000e-03 3.678880e-01
387 6.289600e-01 2.676000e-03 3.683640e-01
388 6.284360e-01 2.772000e-03 3.687920e-01
389 6.279280e-01 2.840000e-03 3.692320e-01
390 6.275320e-01 2.768000e-03 3.697000e-01
391 6.270640e-01 2.724000e-03 3.702120e-01
392 6.266160e-01 2.676000e-03 3.707080e-01
393 6.261000e-01 2.704000e-03 3.711960e-01
394 6.257400e-01 2.616000e-03 3.716440e-01
395 6.253440e-01 2.540000e-03 3.721160e-01
396 6.249880e-01 2.448000e-03 3.725640e-01
397 6.245520e-01 2.472000e-03 3.729760e-01
398 6.241400e-01 2.436000e-03 3.734240e-01
399 6.237920e-01 2.356000e-03 3.738520e-01
400 6.234800e-01 2.272000e-03 3.742480e-01
401 6.232240e-01 2.208000e-03 3.745680e-01
402 6.229920e-01 2.092000e-03 3.749160e-01
403 6.226560e-01 2.108000e-03 3.752360e-01
404 6.223200e-01 2.124000e-03 3.755560e-01
405 6.219640e-01 2.112000e-03 3.759240e-01
406 6.216840e-01 1.972000e-03 3.763440e-01
407 6.214160e-01 1.932000e-03 3.766520e-01
408 6.210400e-01 1.908000e-03 3.770520e-01
409 6.207080e-01 1.884000e-03 3.774080e-01
410 6.204000e-01 1.860000e-03 3.777400e-01
411 6.200360e-01 1.956000e-03 3.780080e-01
412 6.196560e-01 1.996000e-03 3.783480e-01
413 6.192880e-01 2.004000e-03 3.787080e-01
414 6.189080e-01 1.992000e-03 3.791000e-01
415 6.185760e-01 1.960000e-03 3.794640e-01
416 6.181880e-01 2.012000e-03 3.798000e-01
417 6.178440e-01 1.992000e-03 3.801640e-01
418 6.175040e-01 1.988000e-03 3.805080e-01
419 6.171720e-01 1.972000e-03 3.808560e-01
420 6.168520e-01 2.000000e-03 3.811480e-01
421 6.165040e-01 2.016000e-03 3.814800e-01
422 6.160880e-01 2.100000e-03 3.818120e-01
423 6.157040e-01 2.128000e-03 3.821680e-01
424 6.153040e-01 2.156000e-03 3.825400e-01
425 6.149480e-01 2.084000e-03 3.829680e-01
426 6.145320e-01 2.108000e-03 3.833600e-01
427 6.140960e-01 2.112000e-03 3.837920e-01
428 6.137800e-01 2.056000e-03 3.841640e-01
429 6.134240e-01 2.064000e-03 3.845120e-01
430 6.131160e-01 2.048000e-03 3.848360e-01
431 6.127520e-01 2.056000e-03 3.851920e-01
432 6.123840e-01 2.092000e-03 3.855240e-01
433 6.119600e-01 2.172000e-03 3.858680e-01
434 6.115320e-01 2.220000e-03 3.862480e-01
435 6.111280e-01 2.232000e-03 3.866400e-01
436 6.107160e-01 2.276000e-03 3.870080e-01
437 6.103200e-01 2.264000e-03 3.874160e-01
438 6.098480e-01 2.300000e-03 3.878520e-01
439 6.095000e-01 2.284000e-03 3.882160e-01
440 6.090720e-01 2.344000e-03 3.885840e-01
441 6.086840e-01 2.284000e-03 3.890320e-01
442 6.082320e-01 2.316000e-03 3.894520e-01
443 6.077560e-01 2.372000e-03 3.898720e-01
444 6.073360e-01 2.404000e-03 3.902600e-01
445 6.069080e-01 2.476000e-03 3.906160e-01
446 6.064520e-01 2.508000e-03 3.910400e-01
447 6.060320e-01 2.512000e-03 3.914560e-01
448 6.056880e-01 2.436000e-03 3.918760e-01
449 6.052560e-01 2.456000e-03 3.922880e-01
450 6.048720e-01 2.428000e-03 3.927000e-01
451 6.045400e-01 2.316000e-03 3.931440e-01
452 6.041560e-01 2.252000e-03 3.935920e-01
453 6.037560e-01 2.296000e-03 3.939480e-01
454 6.034680e-01 2.228000e-03 3.943040e-01
455 6.031840e-01 2.108000e-03 3.947080e-01
456 6.028720e-01 2.012000e-03 3.951160e-01
457 6.026080e-01 2.004000e-03 3.953880e-01
458 6.023040e-01 1.984000e-03 3.957120e-01
459 6.021200e-01 1.852000e-03 3.960280e-01
460 6.018600e-01 1.848000e-03 3.962920e-01
461 6.016320e-01 1.804000e-03 3.965640e-01
462 6.013240e-01 1.780000e-03 3.968960e-01
463 6.010360e-01 1.720000e-03 3.972440e-01
464 6.007880e-01 1.584000e-03 3.976280e-01
465 6.005440e-01 1.540000e-03 3.979160e-01
466 6.003040e-01 1.536000e-03 3.981600e-01
467 6.000080e-01 1.560000e-03 3.984320e-01
468 5.996960e-01 1.592000e-03 3.987120e-01
469 5.993480e-01 1.688000e-03 3.989640e-01
470 5.990240e-01 1.716000e-03 3.992600e-01
471 5.986640e-01 1.740000e-03 3.995960e-01
472 5.983440e-01 1.752000e-03 3.999040e-01
473 5.980600e-01 1.728000e-03 4.002120e-01
474 5.978400e-01 1.656000e-03 4.005040e-01
475 5.976120e-01 1.628000e-03 4.007600e-01
476 5.973520e-01 1.564000e-03 4.010840e-01
477 5.971480e-01 1.468000e-03 4.013840e-01
478 5.969000e-01 1.488000e-03 4.016120e-01
479 5.966720e-01 1.460000e-03 4.018680e-01
480 5.963680e-01 1.480000e-03 4.021520e-01
481 5.961200e-01 1.540000e-03 4.023400e-01
482 5.958440e-01 1.544000e-03 4.026120e-01
483 5.956560e-01 1.476000e-03 4.028680e-01
484 5.954160e-01 1.500000e-03 4.030840e-01
485 5.952240e-01 1.424000e-03 4.033520e-01
486 5.950520e-01 1.376000e-03 4.035720e-01
487 5.948720e-01 1.344000e-03 4.037840e-01
488 5.946840e-01 1.312000e-03 4.040040e-01
489 5.944840e-01 1.224000e-03 4.042920e-01
490 5.942560e-01 1.228000e-03 4.045160e-01
491 5.941080e-01 1.156000e-03 4.047360e-01
492 5.938920e-01 1.208000e-03 4.049000e-01
493 5.937480e-01 1.120000e-03 4.051320e-01
494 5.935480e-01 1.168000e-03 4.052840e-01
495 5.933400e-01 1.168000e-03 4.054920e-01
496 5.931400e-01 1.220000e-03 4.056400e-01
497 5.929720e-01 1.228000e-03 4.058000e-01
498 5.928200e-01 1.156000e-03 4.060240e-01
499 5.926320e-01 1.120000e-03 4.062480e-01
500 5.924280e-01 1.140000e-03 4.064320e-01
