1 9.991600e-01 7.360000e-04 1.040000e-04
2 9.986320e-01 1.132000e-03 2.360000e-04
3 9.980680e-01 1.484000e-03 4.480000e-04
4 9.973240e-01 1.940000e-03 7.360000e-04
5 9.965480e-01 2.328000e-03 1.124000e-03
6 9.957400e-01 2.664000e-03 1.596000e-03
7 9.947320e-01 3.156000e-03 2.112000e-03
8 9.938360e-01 3.484000e-03 2.680000e-03
9 9.929000e-01 3.748000e-03 3.352000e-03
10 9.918480e-01 4.128000e-03 4.024000e-03
11 9.909320e-01 4.304000e-03 4.764000e-03
12 9.898400e-01 4.476000e-03 5.684000e-03
13 9.887760e-01 4.696000e-03 6.528000e-03
14 9.875160e-01 5.184000e-03 7.300000e-03
15 9.860440e-01 5.700000e-03 8.256000e-03
16 9.847200e-01 5.936000e-03 9.344000e-03
17 9.835400e-01 6.016000e-03 1.044400e-02
18 9.823160e-01 6.112000e-03 1.157200e-02
19 9.808960e-01 6.296000e-03 1.280800e-02
20 9.797200e-01 6.332000e-03 1.394800e-02
21 9.783800e-01 6.492000e-03 1.512800e-02
22 9.769440e-01 6.864000e-03 1.619200e-02
23 9.756560e-01 6.936000e-03 1.740800e-02
24 9.743440e-01 6.956000e-03 1.870000e-02
25 9.729480e-01 7.096000e-03 1.995600e-02
26 9.715800e-01 7.188000e-03 2.123200e-02
27 9.701640e-01 7.272000e-03 2.256400e-02
28 9.686520e-01 7.552000e-03 2.379600e-02
29 9.671680e-01 7.628000e-03 2.520400e-02
30 9.655080e-01 7.984000e-03 2.650800e-02
31 9.640160e-01 8.088000e-03 2.789600e-02
32 9.624920e-01 8.232000e-03 2.927600e-02
33 9.610320e-01 8.344000e-03 3.062400e-02
34 9.595880e-01 8.352000e-03 3.206000e-02
35 9.581040e-01 8.396000e-03 3.350000e-02
36 9.564760e-01 8.600000e-03 3.492400e-02
37 9.548280e-01 8.668000e-03 3.650400e-02
38 9.532960e-01 8.604000e-03 3.810000e-02
39 9.517360e-01 8.532000e-03 3.973200e-02
40 9.503240e-01 8.440000e-03 4.123600e-02
41 9.487120e-01 8.616000e-03 4.267200e-02
42 9.472280e-01 8.588000e-03 4.418400e-02
43 9.456280e-01 8.640000e-03 4.573200e-02
44 9.439040e-01 8.792000e-03 4.730400e-02
45 9.421760e-01 8.932000e-03 4.889200e-02
46 9.404600e-01 9.088000e-03 5.045200e-02
47 9.388520e-01 9.028000e-03 5.212000e-02
48 9.371440e-01 9.260000e-03 5.359600e-02
49 9.355120e-01 9.224000e-03 5.526400e-02
50 9.336760e-01 9.404000e-03 5.692000e-02
51 9.319680e-01 9.536000e-03 5.849600e-02
52 9.302560e-01 9.588000e-03 6.015600e-02
53 9.285240e-01 9.636000e-03 6.184000e-02
54 9.267080e-01 9.812000e-03 6.348000e-02
55 9.247840e-01 9.960000e-03 6.525600e-02
56 9.228800e-01 1.022400e-02 6.689600e-02
57 9.210360e-01 1.030000e-02 6.866400e-02
58 9.191120e-01 1.036800e-02 7.052000e-02
59 9.172440e-01 1.044800e-02 7.230800e-02
60 9.155800e-01 1.034000e-02 7.408000e-02
61 9.137560e-01 1.041200e-02 7.583200e-02
62 9.117360e-01 1.052800e-02 7.773600e-02
63 9.098640e-01 1.063200e-02 7.950400e-02
64 9.079280e-01 1.071200e-02 8.136000e-02
65 9.058320e-01 1.082400e-02 8.334400e-02
66 9.038680e-01 1.089600e-02 8.523600e-02
67 9.021640e-01 1.073200e-02 8.710400e-02
68 9.001520e-01 1.089200e-02 8.895600e-02
69 8.982400e-01 1.089200e-02 9.086800e-02
70 8.964000e-01 1.086400e-02 9.273600e-02
71 8.943280e-01 1.108400e-02 9.458800e-02
72 8.925000e-01 1.112800e-02 9.637200e-02
73 8.904720e-01 1.126800e-02 9.826000e-02
74 8.883000e-01 1.136400e-02 1.003360e-01
75 8.862080e-01 1.144800e-02 1.023440e-01
76 8.841960e-01 1.154800e-02 1.042560e-01
77 8.819880e-01 1.165600e-02 1.063560e-01
78 8.797600e-01 1.190400e-02 1.083360e-01
79 8.776680e-01 1.192400e-02 1.104080e-01
80 8.755760e-01 1.188400e-02 1.125400e-01
81 8.735360e-01 1.174400e-02 1.147200e-01
82 8.716120e-01 1.166000e-02 1.167280e-01
83 8.697400e-01 1.146800e-02 1.187920e-01
84 8.676960e-01 1.161600e-02 1.206880e-01
85 8.656280e-01 1.182800e-02 1.225440e-01
86 8.634360e-01 1.210400e-02 1.244600e-01
87 8.612520e-01 1.213600e-02 1.266120e-01
88 8.591920e-01 1.208000e-02 1.287280e-01
89 8.572240e-01 1.194000e-02 1.308360e-01
90 8.551160e-01 1.193200e-02 1.329520e-01
91 8.530280e-01 1.200800e-02 1.349640e-01
92 8.507960e-01 1.205200e-02 1.371520e-01
93 8.488520e-01 1.203200e-02 1.391160e-01
94 8.469080e-01 1.196800e-02 1.411240e-01
95 8.448400e-01 1.202000e-02 1.431400e-01
96 8.428120e-01 1.202400e-02 1.451640e-01
97 8.408000e-01 1.186800e-02 1.473320e-01
98 8.389280e-01 1.146800e-02 1.496040e-01
99 8.372280e-01 1.118400e-02 1.515880e-01
100 8.352320e-01 1.112000e-02 1.536480e-01
101 8.335920e-01 1.074400e-02 1.556640e-01
102 8.317680e-01 1.067200e-02 1.575600e-01
103 8.300280e-01 1.068800e-02 1.592840e-01
104 8.283080e-01 1.070800e-02 1.609840e-01
105 8.265440e-01 1.068400e-02 1.627720e-01
106 8.247280e-01 1.059600e-02 1.646760e-01
107 8.229240e-01 1.050800e-02 1.665680e-01
108 8.209360e-01 1.057600e-02 1.684880e-01
109 8.192440e-01 1.049200e-02 1.702640e-01
110 8.175040e-01 1.026800e-02 1.722280e-01
111 8.156840e-01 1.029600e-02 1.740200e-01
112 8.139440e-01 1.018000e-02 1.758760e-01
113 8.123040e-01 1.004400e-02 1.776520e-01
114 8.107880e-01 9.768000e-03 1.794440e-01
115 8.091120e-01 9.808000e-03 1.810800e-01
116 8.075920e-01 9.748000e-03 1.826600e-01
117 8.057480e-01 9.828000e-03 1.844240e-01
118 8.040280e-01 9.864000e-03 1.861080e-01
119 8.023360e-01 9.820000e-03 1.878440e-01
120 8.006400e-01 9.740000e-03 1.896200e-01
121 7.987560e-01 1.003200e-02 1.912120e-01
122 7.969560e-01 9.976000e-03 1.930680e-01
123 7.951320e-01 1.012800e-02 1.947400e-01
124 7.932440e-01 1.027600e-02 1.964800e-01
125 7.915640e-01 1.016000e-02 1.982760e-01
126 7.899480e-01 9.904000e-03 2.001480e-01
127 7.882520e-01 9.768000e-03 2.019800e-01
128 7.865920e-01 9.780000e-03 2.036280e-01
129 7.849960e-01 9.492000e-03 2.055120e-01
130 7.833320e-01 9.464000e-03 2.072040e-01
131 7.816480e-01 9.464000e-03 2.088880e-01
132 7.798320e-01 9.548000e-03 2.106200e-01
133 7.779720e-01 9.756000e-03 2.122720e-01
134 7.761720e-01 9.708000e-03 2.141200e-01
135 7.744520e-01 9.712000e-03 2.158360e-01
136 7.727680e-01 9.660000e-03 2.175720e-01
137 7.712080e-01 9.488000e-03 2.193040e-01
138 7.695480e-01 9.516000e-03 2.209360e-01
139 7.678400e-01 9.528000e-03 2.226320e-01
140 7.663680e-01 9.416000e-03 2.242160e-01
141 7.647600e-01 9.552000e-03 2.256880e-01
142 7.630880e-01 9.572000e-03 2.273400e-01
143 7.612040e-01 9.796000e-03 2.290000e-01
144 7.595080e-01 9.784000e-03 2.307080e-01
145 7.577520e-01 9.860000e-03 2.323880e-01
146 7.559920e-01 9.968000e-03 2.340400e-01
147 7.542080e-01 1.000800e-02 2.357840e-01
148 7.522680e-01 1.033200e-02 2.374000e-01
149 7.505120e-01 1.032800e-02 2.391600e-01
150 7.487520e-01 1.030800e-02 2.409400e-01
151 7.467680e-01 1.060800e-02 2.426240e-01
152 7.450080e-01 1.048400e-02 2.445080e-01
153 7.433400e-01 1.036000e-02 2.463000e-01
154 7.417160e-01 1.027200e-02 2.480120e-01
155 7.400560e-01 1.014800e-02 2.497960e-01
156 7.383960e-01 1.010800e-02 2.514960e-01
157 7.368600e-01 9.752000e-03 2.533880e-01
158 7.352960e-01 9.640000e-03 2.550640e-01
159 7.337800e-01 9.568000e-03 2.566520e-01
160 7.323360e-01 9.324000e-03 2.583400e-01
161 7.308280e-01 9.420000e-03 2.597520e-01
162 7.292240e-01 9.232000e-03 2.615440e-01
163 7.278000e-01 8.904000e-03 2.632960e-01
164 7.264440e-01 8.788000e-03 2.647680e-01
165 7.249640e-01 8.808000e-03 2.662280e-01
166 7.235320e-01 8.780000e-03 2.676880e-01
167 7.222120e-01 8.664000e-03 2.691240e-01
168 7.207080e-01 8.632000e-03 2.706600e-01
169 7.193600e-01 8.432000e-03 2.722080e-01
170 7.181160e-01 8.224000e-03 2.736600e-01
171 7.167640e-01 8.272000e-03 2.749640e-01
172 7.152360e-01 8.368000e-03 2.763960e-01
173 7.138160e-01 8.312000e-03 2.778720e-01
174 7.124480e-01 8.340000e-03 2.792120e-01
175 7.109640e-01 8.428000e-03 2.806080e-01
176 7.096560e-01 8.308000e-03 2.820360e-01
177 7.083680e-01 8.116000e-03 2.835160e-01
178 7.069200e-01 8.148000e-03 2.849320e-01
179 7.056200e-01 7.988000e-03 2.863920e-01
180 7.043200e-01 7.860000e-03 2.878200e-01
181 7.031400e-01 7.592000e-03 2.892680e-01
182 7.016720e-01 7.684000e-03 2.906440e-01
183 7.002720e-01 7.792000e-03 2.919360e-01
184 6.988440e-01 7.868000e-03 2.932880e-01
185 6.976120e-01 7.700000e-03 2.946880e-01
186 6.961440e-01 7.884000e-03 2.959720e-01
187 6.947520e-01 7.752000e-03 2.974960e-01
188 6.933760e-01 7.668000e-03 2.989560e-01
189 6.921280e-01 7.600000e-03 3.002720e-01
190 6.908040e-01 7.612000e-03 3.015840e-01
191 6.893840e-01 7.668000e-03 3.029480e-01
192 6.879640e-01 7.832000e-03 3.042040e-01
193 6.864360e-01 7.964000e-03 3.056000e-01
194 6.850960e-01 7.972000e-03 3.069320e-01
195 6.836120e-01 8.140000e-03 3.082480e-01
196 6.820560e-01 8.296000e-03 3.096480e-01
197 6.806160e-01 8.272000e-03 3.111120e-01
198 6.791520e-01 8.324000e-03 3.125240e-01
199 6.776840e-01 8.324000e-03 3.139920e-01
200 6.762080e-01 8.240000e-03 3.155520e-01
201 6.748720e-01 8.220000e-03 3.169080e-01
202 6.733480e-01 8.372000e-03 3.182800e-01
203 6.718480e-01 8.488000e-03 3.196640e-01
204 6.703880e-01 8.468000e-03 3.211440e-01
205 6.688960e-01 8.548000e-03 3.225560e-01
206 6.673920e-01 8.556000e-03 3.240520e-01
207 6.659480e-01 8.556000e-03 3.254960e-01
208 6.646120e-01 8.464000e-03 3.269240e-01
209 6.632280e-01 8.524000e-03 3.282480e-01
210 6.618040e-01 8.412000e-03 3.297840e-01
211 6.603840e-01 8.376000e-03 3.312400e-01
212 6.589400e-01 8.252000e-03 3.328080e-01
213 6.575440e-01 8.188000e-03 3.342680e-01
214 6.561440e-01 8.044000e-03 3.358120e-01
215 6.547120e-01 7.984000e-03 3.373040e-01
216 6.531640e-01 8.080000e-03 3.387560e-01
217 6.518000e-01 8.056000e-03 3.401440e-01
218 6.502200e-01 8.176000e-03 3.416040e-01
219 6.486920e-01 8.260000e-03 3.430480e-01
220 6.472360e-01 8.356000e-03 3.444080e-01
221 6.458680e-01 8.252000e-03 3.458800e-01
222 6.443840e-01 8.276000e-03 3.473400e-01
223 6.430360e-01 8.040000e-03 3.489240e-01
224 6.415680e-01 8.096000e-03 3.503360e-01
225 6.401320e-01 7.992000e-03 3.518760e-01
226 6.388840e-01 7.840000e-03 3.532760e-01
227 6.376240e-01 7.680000e-03 3.546960e-01
228 6.363800e-01 7.576000e-03 3.560440e-01
229 6.350520e-01 7.528000e-03 3.574200e-01
230 6.338280e-01 7.548000e-03 3.586240e-01
231 6.324720e-01 7.692000e-03 3.598360e-01
232 6.311240e-01 7.596000e-03 3.612800e-01
233 6.296920e-01 7.792000e-03 3.625160e-01
234 6.282240e-01 7.880000e-03 3.638960e-01
235 6.269280e-01 7.788000e-03 3.652840e-01
236 6.256000e-01 7.832000e-03 3.665680e-01
237 6.243840e-01 7.744000e-03 3.678720e-01
238 6.231720e-01 7.624000e-03 3.692040e-01
239 6.218800e-01 7.664000e-03 3.704560e-01
240 6.203880e-01 7.856000e-03 3.717560e-01
241 6.191400e-01 7.684000e-03 3.731760e-01
242 6.178600e-01 7.692000e-03 3.744480e-01
243 6.166280e-01 7.508000e-03 3.758640e-01
244 6.154160e-01 7.356000e-03 3.772280e-01
245 6.141920e-01 7.348000e-03 3.784600e-01
246 6.131200e-01 7.104000e-03 3.797760e-01
247 6.119120e-01 7.052000e-03 3.810360e-01
248 6.107800e-01 6.832000e-03 3.823880e-01
249 6.097280e-01 6.608000e-03 3.836640e-01
250 6.086880e-01 6.436000e-03 3.848760e-01
251 6.077800e-01 6.272000e-03 3.859480e-01
252 6.066720e-01 6.236000e-03 3.870920e-01
253 6.056920e-01 6.148000e-03 3.881600e-01
254 6.046760e-01 6.168000e-03 3.891560e-01
255 6.036000e-01 6.220000e-03 3.901800e-01
256 6.025920e-01 6.144000e-03 3.912640e-01
257 6.015120e-01 6.012000e-03 3.924760e-01
258 6.005640e-01 6.004000e-03 3.934320e-01
259 5.995320e-01 6.016000e-03 3.944520e-01
260 5.985080e-01 5.924000e-03 3.955680e-01
261 5.974920e-01 5.940000e-03 3.965680e-01
262 5.963720e-01 5.964000e-03 3.976640e-01
263 5.953320e-01 6.060000e-03 3.986080e-01
264 5.943120e-01 6.044000e-03 3.996440e-01
265 5.932080e-01 6.060000e-03 4.007320e-01
266 5.922440e-01 5.948000e-03 4.018080e-01
267 5.911440e-01 5.992000e-03 4.028640e-01
268 5.901040e-01 5.980000e-03 4.039160e-01
269 5.890160e-01 5.984000e-03 4.050000e-01
270 5.879400e-01 5.992000e-03 4.060680e-01
271 5.869760e-01 5.888000e-03 4.071360e-01
272 5.859600e-01 5.880000e-03 4.081600e-01
273 5.849320e-01 5.824000e-03 4.092440e-01
274 5.841400e-01 5.580000e-03 4.102800e-01
275 5.832680e-01 5.320000e-03 4.114120e-01
276 5.823560e-01 5.352000e-03 4.122920e-01
277 5.815080e-01 5.292000e-03 4.132000e-01
278 5.806400e-01 5.344000e-03 4.140160e-01
279 5.797600e-01 5.300000e-03 4.149400e-01
280 5.787680e-01 5.420000e-03 4.158120e-01
281 5.777240e-01 5.528000e-03 4.167480e-01
282 5.767880e-01 5.532000e-03 4.176800e-01
283 5.760160e-01 5.220000e-03 4.187640e-01
284 5.752720e-01 5.032000e-03 4.196960e-01
285 5.743480e-01 5.056000e-03 4.205960e-01
286 5.734800e-01 5.116000e-03 4.214040e-01
287 5.727560e-01 4.916000e-03 4.223280e-01
288 5.719680e-01 4.896000e-03 4.231360e-01
289 5.710960e-01 5.004000e-03 4.239000e-01
290 5.703280e-01 4.960000e-03 4.247120e-01
291 5.696760e-01 4.820000e-03 4.255040e-01
292 5.688800e-01 4.660000e-03 4.264600e-01
293 5.682400e-01 4.444000e-03 4.273160e-01
294 5.676440e-01 4.364000e-03 4.279920e-01
295 5.669280e-01 4.352000e-03 4.287200e-01
296 5.661240e-01 4.456000e-03 4.294200e-01
297 5.653880e-01 4.408000e-03 4.302040e-01
298 5.645840e-01 4.348000e-03 4.310680e-01
299 5.638720e-01 4.308000e-03 4.318200e-01
300 5.630880e-01 4.352000e-03 4.325600e-01
301 5.622760e-01 4.476000e-03 4.332480e-01
302 5.615040e-01 4.424000e-03 4.340720e-01
303 5.608720e-01 4.296000e-03 4.348320e-01
304 5.601440e-01 4.244000e-03 4.356120e-01
305 5.593720e-01 4.248000e-03 4.363800e-01
306 5.587080e-01 4.224000e-03 4.370680e-01
307 5.580520e-01 4.148000e-03 4.378000e-01
308 5.574200e-01 4.036000e-03 4.385440e-01
309 5.567920e-01 3.996000e-03 4.392120e-01
310 5.561360e-01 3.960000e-03 4.399040e-01
311 5.554800e-01 3.980000e-03 4.405400e-01
312 5.548160e-01 4.032000e-03 4.411520e-01
313 5.540880e-01 4.044000e-03 4.418680e-01
314 5.534000e-01 3.976000e-03 4.426240e-01
315 5.526520e-01 4.048000e-03 4.433000e-01
316 5.519480e-01 4.116000e-03 4.439360e-01
317 5.512320e-01 4.168000e-03 4.446000e-01
318 5.505800e-01 4.148000e-03 4.452720e-01
319 5.498360e-01 4.176000e-03 4.459880e-01
320 5.491520e-01 4.108000e-03 4.467400e-01
321 5.485120e-01 4.088000e-03 4.474000e-01
322 5.478400e-01 4.076000e-03 4.480840e-01
323 5.472560e-01 3.976000e-03 4.487680e-01
324 5.465480e-01 4.016000e-03 4.494360e-01
325 5.457400e-01 4.208000e-03 4.500520e-01
326 5.450360e-01 4.072000e-03 4.508920e-01
327 5.443760e-01 3.988000e-03 4.516360e-01
328 5.437680e-01 3.868000e-03 4.523640e-01
329 5.432240e-01 3.740000e-03 4.530360e-01
330 5.426200e-01 3.692000e-03 4.536880e-01
331 5.420480e-01 3.728000e-03 4.542240e-01
332 5.413480e-01 3.768000e-03 4.548840e-01
333 5.407320e-01 3.712000e-03 4.555560e-01
334 5.399720e-01 3.800000e-03 4.562280e-01
335 5.392600e-01 3.848000e-03 4.568920e-01
336 5.385480e-01 3.912000e-03 4.575400e-01
337 5.378120e-01 3.984000e-03 4.582040e-01
338 5.371000e-01 4.044000e-03 4.588560e-01
339 5.363400e-01 4.100000e-03 4.595600e-01
340 5.356560e-01 4.072000e-03 4.602720e-01
341 5.350720e-01 3.924000e-03 4.610040e-01
342 5.344800e-01 3.844000e-03 4.616760e-01
343 5.338680e-01 3.812000e-03 4.623200e-01
344 5.332520e-01 3.696000e-03 4.630520e-01
345 5.326320e-01 3.692000e-03 4.636760e-01
346 5.320280e-01 3.720000e-03 4.642520e-01
347 5.315120e-01 3.576000e-03 4.649120e-01
348 5.309200e-01 3.556000e-03 4.655240e-01
349 5.303680e-01 3.556000e-03 4.660760e-01
350 5.297640e-01 3.572000e-03 4.666640e-01
351 5.293640e-01 3.408000e-03 4.672280e-01
352 5.288640e-01 3.356000e-03 4.677800e-01
353 5.283400e-01 3.304000e-03 4.683560e-01
354 5.278240e-01 3.180000e-03 4.689960e-01
355 5.273480e-01 3.088000e-03 4.695640e-01
356 5.268560e-01 3.000000e-03 4.701440e-01
357 5.262880e-01 3.080000e-03 4.706320e-01
358 5.257920e-01 2.984000e-03 4.712240e-01
359 5.253560e-01 2.848000e-03 4.717960e-01
360 5.249360e-01 2.820000e-03 4.722440e-01
361 5.243760e-01 2.832000e-03 4.727920e-01
362 5.238080e-01 2.924000e-03 4.732680e-01
363 5.232600e-01 2.920000e-03 4.738200e-01
364 5.227800e-01 2.860000e-03 4.743600e-01
365 5.223240e-01 2.832000e-03 4.748440e-01
366 5.217840e-01 2.812000e-03 4.754040e-01
367 5.213480e-01 2.784000e-03 4.758680e-01
368 5.209160e-01 2.752000e-03 4.763320e-01
369 5.204880e-01 2.744000e-03 4.767680e-01
370 5.199720e-01 2.748000e-03 4.772800e-01
371 5.195240e-01 2.736000e-03 4.777400e-01
372 5.190600e-01 2.740000e-03 4.782000e-01
373 5.186000e-01 2.728000e-03 4.786720e-01
374 5.181680e-01 2.656000e-03 4.791760e-01
375 5.177080e-01 2.684000e-03 4.796080e-01
376 5.172520e-01 2.672000e-03 4.800760e-01
377 5.167560e-01 2.752000e-03 4.804920e-01
378 5.163080e-01 2.704000e-03 4.809880e-01
379 5.158320e-01 2.764000e-03 4.814040e-01
380 5.153920e-01 2.620000e-03 4.819880e-01
381 5.150280e-01 2.516000e-03 4.824560e-01
382 5.146880e-01 2.404000e-03 4.829080e-01
383 5.142360e-01 2.416000e-03 4.833480e-01
384 5.138440e-01 2.384000e-03 4.837720e-01
385 5.133880e-01 2.468000e-03 4.841440e-01
386 5.129840e-01 2.520000e-03 4.844960e-01
387 5.124880e-01 2.528000e-03 4.849840e-01
388 5.120840e-01 2.412000e-03 4.855040e-01
389 5.117440e-01 2.368000e-03 4.858880e-01
390 5.114600e-01 2.260000e-03 4.862800e-01
391 5.111240e-01 2.128000e-03 4.867480e-01
392 5.107600e-01 2.172000e-03 4.870680e-01
393 5.104200e-01 2.172000e-03 4.874080e-01
394 5.101160e-01 2.100000e-03 4.877840e-01
395 5.098080e-01 2.052000e-03 4.881400e-01
396 5.094760e-01 2.000000e-03 4.885240e-01
397 5.091080e-01 2.020000e-03 4.888720e-01
398 5.087520e-01 2.004000e-03 4.892440e-01
399 5.084160e-01 2.012000e-03 4.895720e-01
400 5.080040e-01 2.076000e-03 4.899200e-01
401 5.075880e-01 2.100000e-03 4.903120e-01
402 5.072080e-01 2.136000e-03 4.906560e-01
403 5.069200e-01 2.080000e-03 4.910000e-01
404 5.065760e-01 2.132000e-03 4.912920e-01
405 5.062720e-01 2.080000e-03 4.916480e-01
406 5.059920e-01 1.948000e-03 4.920600e-01
407 5.056760e-01 1.912000e-03 4.924120e-01
408 5.054080e-01 1.840000e-03 4.927520e-01
409 5.051880e-01 1.760000e-03 4.930520e-01
410 5.049600e-01 1.676000e-03 4.933640e-01
411 5.047040e-01 1.668000e-03 4.936280e-01
412 5.045040e-01 1.560000e-03 4.939360e-01
413 5.042480e-01 1.600000e-03 4.941520e-01
414 5.040040e-01 1.560000e-03 4.944360e-01
415 5.037240e-01 1.592000e-03 4.946840e-01
416 5.033800e-01 1.684000e-03 4.949360e-01
417 5.031120e-01 1.620000e-03 4.952680e-01
418 5.028480e-01 1.592000e-03 4.955600e-01
419 5.025400e-01 1.624000e-03 4.958360e-01
420 5.022720e-01 1.612000e-03 4.961160e-01
421 5.020480e-01 1.508000e-03 4.964440e-01
422 5.017800e-01 1.528000e-03 4.966920e-01
423 5.015120e-01 1.508000e-03 4.969800e-01
424 5.012720e-01 1.428000e-03 4.973000e-01
425 5.010400e-01 1.440000e-03 4.975200e-01
426 5.007480e-01 1.472000e-03 4.977800e-01
427 5.004640e-01 1.492000e-03 4.980440e-01
428 5.001840e-01 1.504000e-03 4.983120e-01
429 4.999040e-01 1.472000e-03 4.986240e-01
430 4.996480e-01 1.472000e-03 4.988800e-01
431 4.993640e-01 1.556000e-03 4.990800e-01
432 4.990520e-01 1.624000e-03 4.993240e-01
433 4.987880e-01 1.560000e-03 4.996520e-01
434 4.985320e-01 1.584000e-03 4.998840e-01
435 4.982840e-01 1.528000e-03 5.001880e-01
436 4.980760e-01 1.500000e-03 5.004240e-01
437 4.977840e-01 1.584000e-03 5.006320e-01
438 4.974760e-01 1.636000e-03 5.008880e-01
439 4.971360e-01 1.680000e-03 5.011840e-01
440 4.968000e-01 1.708000e-03 5.014920e-01
441 4.964960e-01 1.720000e-03 5.017840e-01
442 4.962680e-01 1.668000e-03 5.020640e-01
443 4.960280e-01 1.636000e-03 5.023360e-01
444 4.957840e-01 1.600000e-03 5.026160e-01
445 4.955600e-01 1.592000e-03 5.028480e-01
446 4.953320e-01 1.592000e-03 5.030760e-01
447 4.950960e-01 1.564000e-03 5.033400e-01
448 4.948560e-01 1.516000e-03 5.036280e-01
449 4.946320e-01 1.424000e-03 5.039440e-01
450 4.943840e-01 1.400000e-03 5.042160e-01
451 4.941800e-01 1.372000e-03 5.044480e-01
452 4.939400e-01 1.340000e-03 5.047200e-01
453 4.936920e-01 1.324000e-03 5.049840e-01
454 4.934280e-01 1.392000e-03 5.051800e-01
455 4.931360e-01 1.444000e-03 5.054200e-01
456 4.929040e-01 1.356000e-03 5.057400e-01
457 4.926520e-01 1.380000e-03 5.059680e-01
458 4.924040e-01 1.404000e-03 5.061920e-01
459 4.922080e-01 1.356000e-03 5.064360e-01
460 4.919840e-01 1.368000e-03 5.066480e-01
461 4.918040e-01 1.268000e-03 5.069280e-01
462 4.915840e-01 1.236000e-03 5.071800e-01
463 4.914000e-01 1.220000e-03 5.073800e-01
464 4.912280e-01 1.160000e-03 5.076120e-01
465 4.910400e-01 1.084000e-03 5.078760e-01
466 4.908640e-01 1.060000e-03 5.080760e-01
467 4.907200e-01 1.016000e-03 5.082640e-01
468 4.905240e-01 1.004000e-03 5.084720e-01
469 4.903800e-01 9.320000e-04 5.086880e-01
470 4.902320e-01 8.640000e-04 5.089040e-01
471 4.900760e-01 8.480000e-04 5.090760e-01
472 4.899600e-01 8.000000e-04 5.092400e-01
473 4.897320e-01 8.640000e-04 5.094040e-01
474 4.895920e-01 8.520000e-04 5.095560e-01
475 4.894960e-01 8.080000e-04 5.096960e-01
476 4.893880e-01 7.800000e-04 5.098320e-01
477 4.892800e-01 7.880000e-04 5.099320e-01
478 4.891760e-01 7.440000e-04 5.100800e-01
479 4.890640e-01 7.520000e-04 5.101840e-01
480 4.889440e-01 7.120000e-04 5.103440e-01
481 4.888320e-01 7.320000e-04 5.104360e-01
482 4.887320e-01 7.280000e-04 5.105400e-01
483 4.886120e-01 7.120000e-04 5.106760e-01
484 4.884560e-01 7.160000e-04 5.108280e-01
485 4.883280e-01 7.160000e-04 5.109560e-01
486 4.881920e-01 7.400000e-04 5.110680e-01
487 4.880440e-01 7.600000e-04 5.111960e-01
488 4.879560e-01 7.040000e-04 5.113400e-01
489 4.878160e-01 7.400000e-04 5.114440e-01
490 4.876680e-01 7.480000e-04 5.115840e-01
491 4.875320e-01 7.520000e-04 5.117160e-01
492 4.874480e-01 7.400000e-04 5.118120e-01
493 4.873600e-01 6.840000e-04 5.119560e-01
494 4.873080e-01 5.920000e-04 5.121000e-01
495 4.871920e-01 6.040000e-04 5.122040e-01
496 4.871120e-01 6.000000e-04 5.122880e-01
497 4.870480e-01 5.800000e-04 5.123720e-01
498 4.869600e-01 5.440000e-04 5.124960e-01
499 4.868680e-01 5.520000e-04 5.125800e-01
500 4.868280e-01 5.400000e-04 5.126320e-01
