1 9.991920e-01 6.760000e-04 1.320000e-04
2 9.987360e-01 9.880000e-04 2.760000e-04
3 9.981760e-01 1.324000e-03 5.000000e-04
4 9.976080e-01 1.608000e-03 7.840000e-04
5 9.967920e-01 2.068000e-03 1.140000e-03
6 9.961480e-01 2.344000e-03 1.508000e-03
7 9.953680e-01 2.676000e-03 1.956000e-03
8 9.945080e-01 3.052000e-03 2.440000e-03
9 9.935760e-01 3.396000e-03 3.028000e-03
10 9.926800e-01 3.604000e-03 3.716000e-03
11 9.918040e-01 3.792000e-03 4.404000e-03
12 9.909280e-01 3.956000e-03 5.116000e-03
13 9.899200e-01 4.256000e-03 5.824000e-03
14 9.888720e-01 4.528000e-03 6.600000e-03
15 9.877920e-01 4.660000e-03 7.548000e-03
16 9.868160e-01 4.896000e-03 8.288000e-03
17 9.856880e-01 5.184000e-03 9.128000e-03
18 9.845960e-01 5.356000e-03 1.004800e-02
19 9.835240e-01 5.452000e-03 1.102400e-02
20 9.823240e-01 5.684000e-03 1.199200e-02
21 9.809840e-01 5.980000e-03 1.303600e-02
22 9.798280e-01 6.152000e-03 1.402000e-02
23 9.786600e-01 6.172000e-03 1.516800e-02
24 9.773760e-01 6.436000e-03 1.618800e-02
25 9.760400e-01 6.672000e-03 1.728800e-02
26 9.746960e-01 6.736000e-03 1.856800e-02
27 9.734040e-01 6.908000e-03 1.968800e-02
28 9.720880e-01 6.904000e-03 2.100800e-02
29 9.708120e-01 6.936000e-03 2.225200e-02
30 9.692920e-01 7.264000e-03 2.344400e-02
31 9.678360e-01 7.508000e-03 2.465600e-02
32 9.664400e-01 7.516000e-03 2.604400e-02
33 9.650640e-01 7.624000e-03 2.731200e-02
34 9.635840e-01 7.840000e-03 2.857600e-02
35 9.619760e-01 8.160000e-03 2.986400e-02
36 9.604960e-01 8.264000e-03 3.124000e-02
37 9.590280e-01 8.220000e-03 3.275200e-02
38 9.574920e-01 8.352000e-03 3.415600e-02
39 9.557920e-01 8.540000e-03 3.566800e-02
40 9.542560e-01 8.628000e-03 3.711600e-02
41 9.525840e-01 8.676000e-03 3.874000e-02
42 9.509120e-01 8.836000e-03 4.025200e-02
43 9.493720e-01 8.784000e-03 4.184400e-02
44 9.478200e-01 8.880000e-03 4.330000e-02
45 9.463320e-01 8.780000e-03 4.488800e-02
46 9.449200e-01 8.684000e-03 4.639600e-02
47 9.434200e-01 8.616000e-03 4.796400e-02
48 9.417680e-01 8.616000e-03 4.961600e-02
49 9.403480e-01 8.508000e-03 5.114400e-02
50 9.390160e-01 8.368000e-03 5.261600e-02
51 9.375760e-01 8.380000e-03 5.404400e-02
52 9.362840e-01 8.244000e-03 5.547200e-02
53 9.349240e-01 8.164000e-03 5.691200e-02
54 9.335400e-01 8.072000e-03 5.838800e-02
55 9.322080e-01 8.024000e-03 5.976800e-02
56 9.308320e-01 7.964000e-03 6.120400e-02
57 9.295880e-01 7.728000e-03 6.268400e-02
58 9.282960e-01 7.632000e-03 6.407200e-02
59 9.269760e-01 7.572000e-03 6.545200e-02
60 9.257080e-01 7.472000e-03 6.682000e-02
61 9.242760e-01 7.596000e-03 6.812800e-02
62 9.228840e-01 7.728000e-03 6.938800e-02
63 9.215320e-01 7.684000e-03 7.078400e-02
64 9.202120e-01 7.588000e-03 7.220000e-02
65 9.188200e-01 7.696000e-03 7.348400e-02
66 9.173720e-01 7.764000e-03 7.486400e-02
67 9.159800e-01 7.724000e-03 7.629600e-02
68 9.145480e-01 7.744000e-03 7.770800e-02
69 9.128920e-01 8.056000e-03 7.905200e-02
70 9.114600e-01 8.040000e-03 8.050000e-02
71 9.101240e-01 7.956000e-03 8.192000e-02
72 9.087080e-01 7.876000e-03 8.341600e-02
73 9.073040e-01 7.868000e-03 8.482800e-02
74 9.058800e-01 7.828000e-03 8.629200e-02
75 9.044240e-01 7.832000e-03 8.774400e-02
76 9.030960e-01 7.872000e-03 8.903200e-02
77 9.016600e-01 7.872000e-03 9.046800e-02
78 9.003200e-01 7.876000e-03 9.180400e-02
79 8.988720e-01 7.964000e-03 9.316400e-02
80 8.975160e-01 7.936000e-03 9.454800e-02
81 8.960960e-01 8.016000e-03 9.588800e-02
82 8.946760e-01 8.124000e-03 9.720000e-02
83 8.931920e-01 8.292000e-03 9.851600e-02
84 8.917760e-01 8.188000e-03 1.000360e-01
85 8.902960e-01 8.260000e-03 1.014440e-01
86 8.888840e-01 8.252000e-03 1.028640e-01
87 8.875840e-01 7.996000e-03 1.044200e-01
88 8.861440e-01 8.020000e-03 1.058360e-01
89 8.846320e-01 8.216000e-03 1.071520e-01
90 8.831480e-01 8.276000e-03 1.085760e-01
91 8.814960e-01 8.492000e-03 1.100120e-01
92 8.798920e-01 8.604000e-03 1.115040e-01
93 8.784040e-01 8.620000e-03 1.129760e-01
94 8.769480e-01 8.624000e-03 1.144280e-01
95 8.756320e-01 8.300000e-03 1.160680e-01
96 8.741400e-01 8.324000e-03 1.175360e-01
97 8.726200e-01 8.432000e-03 1.189480e-01
98 8.711200e-01 8.496000e-03 1.203840e-01
99 8.696840e-01 8.284000e-03 1.220320e-01
100 8.683000e-01 8.168000e-03 1.235320e-01
101 8.669800e-01 8.084000e-03 1.249360e-01
102 8.656000e-01 8.096000e-03 1.263040e-01
103 8.642240e-01 8.060000e-03 1.277160e-01
104 8.629920e-01 7.948000e-03 1.290600e-01
105 8.616880e-01 7.884000e-03 1.304280e-01
106 8.603800e-01 7.648000e-03 1.319720e-01
107 8.591520e-01 7.612000e-03 1.332360e-01
108 8.579680e-01 7.432000e-03 1.346000e-01
109 8.568000e-01 7.328000e-03 1.358720e-01
110 8.555840e-01 7.268000e-03 1.371480e-01
111 8.543360e-01 7.356000e-03 1.383080e-01
112 8.531360e-01 7.420000e-03 1.394440e-01
113 8.520720e-01 7.188000e-03 1.407400e-01
114 8.508320e-01 7.256000e-03 1.419120e-01
115 8.495760e-01 7.184000e-03 1.432400e-01
116 8.484200e-01 7.028000e-03 1.445520e-01
117 8.471920e-01 6.908000e-03 1.459000e-01
118 8.460440e-01 6.864000e-03 1.470920e-01
119 8.448760e-01 6.744000e-03 1.483800e-01
120 8.436480e-01 6.752000e-03 1.496000e-01
121 8.425360e-01 6.608000e-03 1.508560e-01
122 8.415240e-01 6.412000e-03 1.520640e-01
123 8.405360e-01 6.304000e-03 1.531600e-01
124 8.394600e-01 6.300000e-03 1.542400e-01
125 8.384240e-01 6.156000e-03 1.554200e-01
126 8.373920e-01 6.124000e-03 1.564840e-01
127 8.362240e-01 6.296000e-03 1.574800e-01
128 8.350960e-01 6.372000e-03 1.585320e-01
129 8.336560e-01 6.688000e-03 1.596560e-01
130 8.323840e-01 6.836000e-03 1.607800e-01
131 8.310280e-01 7.016000e-03 1.619560e-01
132 8.297400e-01 7.132000e-03 1.631280e-01
133 8.284800e-01 7.092000e-03 1.644280e-01
134 8.271640e-01 7.144000e-03 1.656920e-01
135 8.260320e-01 7.028000e-03 1.669400e-01
136 8.247520e-01 7.040000e-03 1.682080e-01
137 8.234720e-01 7.040000e-03 1.694880e-01
138 8.223720e-01 6.824000e-03 1.708040e-01
139 8.212080e-01 6.876000e-03 1.719160e-01
140 8.199440e-01 6.908000e-03 1.731480e-01
141 8.186840e-01 6.960000e-03 1.743560e-01
142 8.175920e-01 6.856000e-03 1.755520e-01
143 8.165080e-01 6.716000e-03 1.767760e-01
144 8.153240e-01 6.720000e-03 1.779560e-01
145 8.140840e-01 6.864000e-03 1.790520e-01
146 8.128480e-01 6.840000e-03 1.803120e-01
147 8.117720e-01 6.716000e-03 1.815120e-01
148 8.107840e-01 6.544000e-03 1.826720e-01
149 8.098040e-01 6.316000e-03 1.838800e-01
150 8.087400e-01 6.256000e-03 1.850040e-01
151 8.077160e-01 6.280000e-03 1.860040e-01
152 8.066560e-01 6.236000e-03 1.871080e-01
153 8.055200e-01 6.312000e-03 1.881680e-01
154 8.043240e-01 6.476000e-03 1.892000e-01
155 8.031840e-01 6.508000e-03 1.903080e-01
156 8.019640e-01 6.532000e-03 1.915040e-01
157 8.007800e-01 6.628000e-03 1.925920e-01
158 7.994960e-01 6.764000e-03 1.937400e-01
159 7.981880e-01 6.912000e-03 1.949000e-01
160 7.969760e-01 6.936000e-03 1.960880e-01
161 7.957400e-01 6.996000e-03 1.972640e-01
162 7.944800e-01 6.960000e-03 1.985600e-01
163 7.931200e-01 7.064000e-03 1.998160e-01
164 7.919560e-01 7.012000e-03 2.010320e-01
165 7.907800e-01 6.932000e-03 2.022880e-01
166 7.896440e-01 6.860000e-03 2.034960e-01
167 7.884800e-01 6.908000e-03 2.046120e-01
168 7.874800e-01 6.688000e-03 2.058320e-01
169 7.863960e-01 6.628000e-03 2.069760e-01
170 7.853000e-01 6.576000e-03 2.081240e-01
171 7.841920e-01 6.576000e-03 2.092320e-01
172 7.832000e-01 6.412000e-03 2.103880e-01
173 7.822760e-01 6.284000e-03 2.114400e-01
174 7.812200e-01 6.304000e-03 2.124760e-01
175 7.802520e-01 5.952000e-03 2.137960e-01
176 7.792480e-01 5.788000e-03 2.149640e-01
177 7.782960e-01 5.760000e-03 2.159440e-01
178 7.773200e-01 5.744000e-03 2.169360e-01
179 7.763480e-01 5.704000e-03 2.179480e-01
180 7.753280e-01 5.800000e-03 2.188720e-01
181 7.743280e-01 5.784000e-03 2.198880e-01
182 7.732280e-01 5.820000e-03 2.209520e-01
183 7.723080e-01 5.740000e-03 2.219520e-01
184 7.712960e-01 5.808000e-03 2.228960e-01
185 7.701800e-01 5.888000e-03 2.239320e-01
186 7.691880e-01 5.868000e-03 2.249440e-01
187 7.682240e-01 5.704000e-03 2.260720e-01
188 7.672200e-01 5.660000e-03 2.271200e-01
189 7.663640e-01 5.460000e-03 2.281760e-01
190 7.655160e-01 5.300000e-03 2.291840e-01
191 7.647160e-01 5.220000e-03 2.300640e-01
192 7.638920e-01 5.100000e-03 2.310080e-01
193 7.631160e-01 5.052000e-03 2.318320e-01
194 7.621800e-01 5.084000e-03 2.327360e-01
195 7.612760e-01 5.104000e-03 2.336200e-01
196 7.602880e-01 5.136000e-03 2.345760e-01
197 7.593560e-01 5.284000e-03 2.353600e-01
198 7.583000e-01 5.496000e-03 2.362040e-01
199 7.574080e-01 5.336000e-03 2.372560e-01
200 7.565120e-01 5.208000e-03 2.382800e-01
201 7.555760e-01 5.244000e-03 2.391800e-01
202 7.547400e-01 5.132000e-03 2.401280e-01
203 7.539520e-01 5.048000e-03 2.410000e-01
204 7.530400e-01 5.160000e-03 2.418000e-01
205 7.521560e-01 5.160000e-03 2.426840e-01
206 7.512160e-01 5.204000e-03 2.435800e-01
207 7.502520e-01 5.232000e-03 2.445160e-01
208 7.495200e-01 5.056000e-03 2.454240e-01
209 7.487000e-01 5.044000e-03 2.462560e-01
210 7.478480e-01 5.096000e-03 2.470560e-01
211 7.469720e-01 5.092000e-03 2.479360e-01
212 7.462400e-01 4.964000e-03 2.487960e-01
213 7.452960e-01 4.952000e-03 2.497520e-01
214 7.444240e-01 5.036000e-03 2.505400e-01
215 7.434680e-01 5.188000e-03 2.513440e-01
216 7.424600e-01 5.204000e-03 2.523360e-01
217 7.416240e-01 5.076000e-03 2.533000e-01
218 7.409080e-01 4.948000e-03 2.541440e-01
219 7.400600e-01 4.816000e-03 2.551240e-01
220 7.391920e-01 4.960000e-03 2.558480e-01
221 7.383520e-01 4.944000e-03 2.567040e-01
222 7.373520e-01 5.112000e-03 2.575360e-01
223 7.364520e-01 5.148000e-03 2.584000e-01
224 7.355920e-01 5.144000e-03 2.592640e-01
225 7.347360e-01 5.112000e-03 2.601520e-01
226 7.338480e-01 5.160000e-03 2.609920e-01
227 7.328800e-01 5.332000e-03 2.617880e-01
228 7.319320e-01 5.324000e-03 2.627440e-01
229 7.309840e-01 5.408000e-03 2.636080e-01
230 7.300680e-01 5.372000e-03 2.645600e-01
231 7.290400e-01 5.416000e-03 2.655440e-01
232 7.281560e-01 5.312000e-03 2.665320e-01
233 7.274000e-01 5.172000e-03 2.674280e-01
234 7.266480e-01 5.048000e-03 2.683040e-01
235 7.258600e-01 5.024000e-03 2.691160e-01
236 7.250640e-01 4.900000e-03 2.700360e-01
237 7.243600e-01 4.772000e-03 2.708680e-01
238 7.235840e-01 4.724000e-03 2.716920e-01
239 7.226440e-01 4.860000e-03 2.724960e-01
240 7.219040e-01 4.660000e-03 2.734360e-01
241 7.211160e-01 4.700000e-03 2.741840e-01
242 7.203760e-01 4.664000e-03 2.749600e-01
243 7.195480e-01 4.732000e-03 2.757200e-01
244 7.186160e-01 4.856000e-03 2.765280e-01
245 7.177240e-01 4.852000e-03 2.774240e-01
246 7.169280e-01 4.852000e-03 2.782200e-01
247 7.161560e-01 4.776000e-03 2.790680e-01
248 7.154760e-01 4.512000e-03 2.800120e-01
249 7.146560e-01 4.540000e-03 2.808040e-01
250 7.138800e-01 4.500000e-03 2.816200e-01
251 7.130520e-01 4.520000e-03 2.824280e-01
252 7.122200e-01 4.540000e-03 2.832400e-01
253 7.113480e-01 4.648000e-03 2.840040e-01
254 7.105200e-01 4.708000e-03 2.847720e-01
255 7.095920e-01 4.864000e-03 2.855440e-01
256 7.087400e-01 4.760000e-03 2.865000e-01
257 7.078880e-01 4.920000e-03 2.871920e-01
258 7.070760e-01 4.876000e-03 2.880480e-01
259 7.063240e-01 4.700000e-03 2.889760e-01
260 7.055240e-01 4.720000e-03 2.897560e-01
261 7.047040e-01 4.648000e-03 2.906480e-01
262 7.038120e-01 4.744000e-03 2.914440e-01
263 7.030120e-01 4.776000e-03 2.922120e-01
264 7.021440e-01 4.800000e-03 2.930560e-01
265 7.014040e-01 4.672000e-03 2.939240e-01
266 7.006520e-01 4.692000e-03 2.946560e-01
267 6.998720e-01 4.616000e-03 2.955120e-01
268 6.989640e-01 4.748000e-03 2.962880e-01
269 6.982400e-01 4.620000e-03 2.971400e-01
270 6.974360e-01 4.636000e-03 2.979280e-01
271 6.966320e-01 4.704000e-03 2.986640e-01
272 6.958480e-01 4.700000e-03 2.994520e-01
273 6.950560e-01 4.736000e-03 3.002080e-01
274 6.943400e-01 4.664000e-03 3.009960e-01
275 6.936040e-01 4.588000e-03 3.018080e-01
276 6.928960e-01 4.588000e-03 3.025160e-01
277 6.922240e-01 4.480000e-03 3.032960e-01
278 6.916000e-01 4.404000e-03 3.039960e-01
279 6.908560e-01 4.240000e-03 3.049040e-01
280 6.901840e-01 4.156000e-03 3.056600e-01
281 6.896080e-01 3.992000e-03 3.064000e-01
282 6.889840e-01 3.960000e-03 3.070560e-01
283 6.882920e-01 4.016000e-03 3.076920e-01
284 6.876560e-01 3.940000e-03 3.084040e-01
285 6.869680e-01 3.920000e-03 3.091120e-01
286 6.862320e-01 3.996000e-03 3.097720e-01
287 6.854880e-01 4.064000e-03 3.104480e-01
288 6.848080e-01 4.052000e-03 3.111400e-01
289 6.841080e-01 3.976000e-03 3.119160e-01
290 6.833640e-01 3.980000e-03 3.126560e-01
291 6.826600e-01 4.056000e-03 3.132840e-01
292 6.819200e-01 4.112000e-03 3.139680e-01
293 6.811560e-01 4.112000e-03 3.147320e-01
294 6.803960e-01 4.112000e-03 3.154920e-01
295 6.797280e-01 4.096000e-03 3.161760e-01
296 6.790080e-01 4.116000e-03 3.168760e-01
297 6.783960e-01 4.020000e-03 3.175840e-01
298 6.777360e-01 4.032000e-03 3.182320e-01
299 6.770280e-01 4.016000e-03 3.189560e-01
300 6.763280e-01 3.932000e-03 3.197400e-01
301 6.757440e-01 3.844000e-03 3.204120e-01
302 6.751600e-01 3.768000e-03 3.210720e-01
303 6.745200e-01 3.756000e-03 3.217240e-01
304 6.739440e-01 3.632000e-03 3.224240e-01
305 6.731520e-01 3.868000e-03 3.229800e-01
306 6.724360e-01 3.952000e-03 3.236120e-01
307 6.717800e-01 3.888000e-03 3.243320e-01
308 6.711120e-01 3.984000e-03 3.249040e-01
309 6.704040e-01 3.956000e-03 3.256400e-01
310 6.698400e-01 3.804000e-03 3.263560e-01
311 6.691480e-01 3.792000e-03 3.270600e-01
312 6.684520e-01 3.964000e-03 3.275840e-01
313 6.679320e-01 3.788000e-03 3.282800e-01
314 6.673320e-01 3.760000e-03 3.289080e-01
315 6.666840e-01 3.768000e-03 3.295480e-01
316 6.661720e-01 3.584000e-03 3.302440e-01
317 6.655480e-01 3.656000e-03 3.307960e-01
318 6.650600e-01 3.604000e-03 3.313360e-01
319 6.646160e-01 3.340000e-03 3.320440e-01
320 6.640880e-01 3.312000e-03 3.326000e-01
321 6.635160e-01 3.356000e-03 3.331280e-01
322 6.630520e-01 3.276000e-03 3.336720e-01
323 6.625080e-01 3.296000e-03 3.341960e-01
324 6.620160e-01 3.208000e-03 3.347760e-01
325 6.614880e-01 3.116000e-03 3.353960e-01
326 6.609840e-01 3.064000e-03 3.359520e-01
327 6.605600e-01 2.964000e-03 3.364760e-01
328 6.600560e-01 2.992000e-03 3.369520e-01
329 6.595040e-01 3.092000e-03 3.374040e-01
330 6.589960e-01 3.100000e-03 3.379040e-01
331 6.585120e-01 3.004000e-03 3.384840e-01
332 6.580200e-01 2.948000e-03 3.390320e-01
333 6.575080e-01 2.940000e-03 3.395520e-01
334 6.569520e-01 3.032000e-03 3.400160e-01
335 6.563000e-01 3.120000e-03 3.405800e-01
336 6.557560e-01 3.168000e-03 3.410760e-01
337 6.551920e-01 3.140000e-03 3.416680e-01
338 6.545840e-01 3.256000e-03 3.421600e-01
339 6.540440e-01 3.232000e-03 3.427240e-01
340 6.535160e-01 3.180000e-03 3.433040e-01
341 6.529520e-01 3.212000e-03 3.438360e-01
342 6.524480e-01 3.136000e-03 3.444160e-01
343 6.518760e-01 3.072000e-03 3.450520e-01
344 6.514040e-01 3.024000e-03 3.455720e-01
345 6.509520e-01 2.904000e-03 3.461440e-01
346 6.504320e-01 2.796000e-03 3.467720e-01
347 6.499480e-01 2.792000e-03 3.472600e-01
348 6.493880e-01 2.860000e-03 3.477520e-01
349 6.489560e-01 2.796000e-03 3.482480e-01
350 6.484120e-01 2.836000e-03 3.487520e-01
351 6.479440e-01 2.864000e-03 3.491920e-01
352 6.475920e-01 2.728000e-03 3.496800e-01
353 6.471920e-01 2.628000e-03 3.501800e-01
354 6.467640e-01 2.644000e-03 3.505920e-01
355 6.463960e-01 2.508000e-03 3.510960e-01
356 6.459440e-01 2.612000e-03 3.514440e-01
357 6.454400e-01 2.676000e-03 3.518840e-01
358 6.450360e-01 2.580000e-03 3.523840e-01
359 6.445520e-01 2.572000e-03 3.528760e-01
360 6.441560e-01 2.488000e-03 3.533560e-01
361 6.437640e-01 2.468000e-03 3.537680e-01
362 6.433320e-01 2.548000e-03 3.541200e-01
363 6.429360e-01 2.468000e-03 3.545960e-01
364 6.425160e-01 2.480000e-03 3.550040e-01
365 6.421960e-01 2.316000e-03 3.554880e-01
366 6.417320e-01 2.336000e-03 3.559320e-01
367 6.413160e-01 2.340000e-03 3.563440e-01
368 6.409600e-01 2.276000e-03 3.567640e-01
369 6.404920e-01 2.316000e-03 3.571920e-01
370 6.400760e-01 2.344000e-03 3.575800e-01
371 6.396440e-01 2.360000e-03 3.579960e-01
372 6.392000e-01 2.404000e-03 3.583960e-01
373 6.387280e-01 2.412000e-03 3.588600e-01
374 6.383040e-01 2.416000e-03 3.592800e-01
375 6.378680e-01 2.372000e-03 3.597600e-01
376 6.375520e-01 2.312000e-03 3.601360e-01
377 6.372200e-01 2.244000e-03 3.605360e-01
378 6.368840e-01 2.164000e-03 3.609520e-01
379 6.364880e-01 2.192000e-03 3.613200e-01
380 6.361320e-01 2.136000e-03 3.617320e-01
381 6.357600e-01 2.184000e-03 3.620560e-01
382 6.354040e-01 2.160000e-03 3.624360e-01
383 6.350360e-01 2.148000e-03 3.628160e-01
384 6.347160e-01 2.136000e-03 3.631480e-01
385 6.343320e-01 2.136000e-03 3.635320e-01
386 6.339800e-01 2.132000e-03 3.638880e-01
387 6.336480e-01 2.056000e-03 3.642960e-01
388 6.332960e-01 2.048000e-03 3.646560e-01
389 6.329520e-01 2.084000e-03 3.649640e-01
390 6.325640e-01 2.144000e-03 3.652920e-01
391 6.322280e-01 2.112000e-03 3.656600e-01
392 6.317800e-01 2.180000e-03 3.660400e-01
393 6.314200e-01 2.152000e-03 3.664280e-01
394 6.311120e-01 2.116000e-03 3.667720e-01
395 6.308000e-01 2.100000e-03 3.671000e-01
396 6.305120e-01 2.028000e-03 3.674600e-01
397 6.301640e-01 2.004000e-03 3.678320e-01
398 6.299080e-01 1.912000e-03 3.681800e-01
399 6.296240e-01 1.912000e-03 3.684640e-01
400 6.293120e-01 1.908000e-03 3.687800e-01
401 6.289440e-01 1.972000e-03 3.690840e-01
402 6.286320e-01 1.972000e-03 3.693960e-01
403 6.283200e-01 1.976000e-03 3.697040e-01
404 6.280160e-01 1.956000e-03 3.700280e-01
405 6.277360e-01 1.948000e-03 3.703160e-01
406 6.274400e-01 1.916000e-03 3.706440e-01
407 6.270120e-01 2.032000e-03 3.709560e-01
408 6.266520e-01 2.028000e-03 3.713200e-01
409 6.263280e-01 1.980000e-03 3.716920e-01
410 6.259880e-01 1.992000e-03 3.720200e-01
411 6.256760e-01 1.904000e-03 3.724200e-01
412 6.253600e-01 1.868000e-03 3.727720e-01
413 6.250600e-01 1.880000e-03 3.730600e-01
414 6.246880e-01 1.884000e-03 3.734280e-01
415 6.244040e-01 1.864000e-03 3.737320e-01
416 6.241520e-01 1.780000e-03 3.740680e-01
417 6.239680e-01 1.644000e-03 3.743880e-01
418 6.237600e-01 1.588000e-03 3.746520e-01
419 6.235600e-01 1.464000e-03 3.749760e-01
420 6.233040e-01 1.488000e-03 3.752080e-01
421 6.230200e-01 1.456000e-03 3.755240e-01
422 6.227720e-01 1.424000e-03 3.758040e-01
423 6.225240e-01 1.400000e-03 3.760760e-01
424 6.223040e-01 1.340000e-03 3.763560e-01
425 6.221400e-01 1.284000e-03 3.765760e-01
426 6.219560e-01 1.244000e-03 3.768000e-01
427 6.217640e-01 1.236000e-03 3.770000e-01
428 6.215760e-01 1.248000e-03 3.771760e-01
429 6.213200e-01 1.320000e-03 3.773600e-01
430 6.211680e-01 1.236000e-03 3.775960e-01
431 6.210200e-01 1.116000e-03 3.778640e-01
432 6.207680e-01 1.180000e-03 3.780520e-01
433 6.205360e-01 1.244000e-03 3.782200e-01
434 6.203560e-01 1.184000e-03 3.784600e-01
435 6.201560e-01 1.196000e-03 3.786480e-01
436 6.199400e-01 1.208000e-03 3.788520e-01
437 6.196400e-01 1.280000e-03 3.790800e-01
438 6.193840e-01 1.308000e-03 3.793080e-01
439 6.191720e-01 1.276000e-03 3.795520e-01
440 6.189160e-01 1.292000e-03 3.797920e-01
441 6.187160e-01 1.312000e-03 3.799720e-01
442 6.185120e-01 1.272000e-03 3.802160e-01
443 6.183120e-01 1.272000e-03 3.804160e-01
444 6.180480e-01 1.288000e-03 3.806640e-01
445 6.178600e-01 1.224000e-03 3.809160e-01
446 6.176320e-01 1.264000e-03 3.811040e-01
447 6.174560e-01 1.200000e-03 3.813440e-01
448 6.172920e-01 1.196000e-03 3.815120e-01
449 6.171760e-01 1.060000e-03 3.817640e-01
450 6.169880e-01 1.072000e-03 3.819400e-01
451 6.168160e-01 1.080000e-03 3.821040e-01
452 6.166640e-01 9.840000e-04 3.823520e-01
453 6.164840e-01 1.004000e-03 3.825120e-01
454 6.162560e-01 1.036000e-03 3.827080e-01
455 6.161040e-01 1.008000e-03 3.828880e-01
456 6.159440e-01 9.960000e-04 3.830600e-01
457 6.157280e-01 1.060000e-03 3.832120e-01
458 6.154800e-01 1.104000e-03 3.834160e-01
459 6.152880e-01 1.068000e-03 3.836440e-01
460 6.151080e-01 1.060000e-03 3.838320e-01
461 6.148880e-01 1.096000e-03 3.840160e-01
462 6.146640e-01 1.152000e-03 3.841840e-01
463 6.144200e-01 1.224000e-03 3.843560e-01
464 6.142720e-01 1.148000e-03 3.845800e-01
465 6.141080e-01 1.116000e-03 3.847760e-01
466 6.138920e-01 1.144000e-03 3.849640e-01
467 6.136680e-01 1.152000e-03 3.851800e-01
468 6.134480e-01 1.188000e-03 3.853640e-01
469 6.132800e-01 1.152000e-03 3.855680e-01
470 6.130800e-01 1.132000e-03 3.857880e-01
471 6.128680e-01 1.148000e-03 3.859840e-01
472 6.126400e-01 1.160000e-03 3.862000e-01
473 6.124200e-01 1.144000e-03 3.864360e-01
474 6.121880e-01 1.188000e-03 3.866240e-01
475 6.120080e-01 1.188000e-03 3.868040e-01
476 6.117120e-01 1.316000e-03 3.869720e-01
477 6.115560e-01 1.268000e-03 3.871760e-01
478 6.113840e-01 1.208000e-03 3.874080e-01
479 6.112160e-01 1.152000e-03 3.876320e-01
480 6.110000e-01 1.136000e-03 3.878640e-01
481 6.108520e-01 1.068000e-03 3.880800e-01
482 6.106400e-01 1.068000e-03 3.882920e-01
483 6.104640e-01 1.048000e-03 3.884880e-01
484 6.103000e-01 1.016000e-03 3.886840e-01
485 6.101680e-01 9.360000e-04 3.888960e-01
486 6.099920e-01 9.320000e-04 3.890760e-01
487 6.098280e-01 9.040000e-04 3.892680e-01
488 6.096920e-01 8.640000e-04 3.894440e-01
489 6.095600e-01 8.400000e-04 3.896000e-01
490 6.094120e-01 8.480000e-04 3.897400e-01
491 6.092920e-01 7.960000e-04 3.899120e-01
492 6.091320e-01 7.840000e-04 3.900840e-01
493 6.090160e-01 7.440000e-04 3.902400e-01
494 6.089200e-01 6.960000e-04 3.903840e-01
495 6.087920e-01 6.960000e-04 3.905120e-01
496 6.086480e-01 7.040000e-04 3.906480e-01
497 6.085320e-01 6.600000e-04 3.908080e-01
498 6.084320e-01 6.360000e-04 3.909320e-01
499 6.083160e-01 6.480000e-04 3.910360e-01
500 6.082240e-01 6.200000e-04 3.911560e-01
