1 9.991640e-01 7.200000e-04 1.160000e-04
2 9.986560e-01 1.056000e-03 2.880000e-04
3 9.979640e-01 1.548000e-03 4.880000e-04
4 9.972280e-01 1.984000e-03 7.880000e-04
5 9.964440e-01 2.328000e-03 1.228000e-03
6 9.957120e-01 2.604000e-03 1.684000e-03
7 9.948520e-01 3.044000e-03 2.104000e-03
8 9.940720e-01 3.328000e-03 2.600000e-03
9 9.930440e-01 3.660000e-03 3.296000e-03
10 9.922160e-01 3.836000e-03 3.948000e-03
11 9.914040e-01 4.012000e-03 4.584000e-03
12 9.905240e-01 4.216000e-03 5.260000e-03
13 9.895000e-01 4.456000e-03 6.044000e-03
14 9.884480e-01 4.644000e-03 6.908000e-03
15 9.873320e-01 4.944000e-03 7.724000e-03
16 9.861040e-01 5.188000e-03 8.708000e-03
17 9.851040e-01 5.284000e-03 9.612000e-03
18 9.840360e-01 5.368000e-03 1.059600e-02
19 9.828480e-01 5.592000e-03 1.156000e-02
20 9.817680e-01 5.736000e-03 1.249600e-02
21 9.805760e-01 5.872000e-03 1.355200e-02
22 9.791640e-01 6.192000e-03 1.464400e-02
23 9.777920e-01 6.544000e-03 1.566400e-02
24 9.765520e-01 6.540000e-03 1.690800e-02
25 9.751120e-01 6.792000e-03 1.809600e-02
26 9.735840e-01 7.188000e-03 1.922800e-02
27 9.722440e-01 7.316000e-03 2.044000e-02
28 9.708040e-01 7.488000e-03 2.170800e-02
29 9.694160e-01 7.500000e-03 2.308400e-02
30 9.680360e-01 7.548000e-03 2.441600e-02
31 9.665680e-01 7.696000e-03 2.573600e-02
32 9.652760e-01 7.724000e-03 2.700000e-02
33 9.639080e-01 7.700000e-03 2.839200e-02
34 9.626000e-01 7.760000e-03 2.964000e-02
35 9.612320e-01 7.988000e-03 3.078000e-02
36 9.599560e-01 7.856000e-03 3.218800e-02
37 9.585960e-01 7.896000e-03 3.350800e-02
38 9.572040e-01 7.952000e-03 3.484400e-02
39 9.556920e-01 8.028000e-03 3.628000e-02
40 9.541920e-01 8.092000e-03 3.771600e-02
41 9.527640e-01 8.192000e-03 3.904400e-02
42 9.513560e-01 8.256000e-03 4.038800e-02
43 9.497400e-01 8.496000e-03 4.176400e-02
44 9.481480e-01 8.636000e-03 4.321600e-02
45 9.464880e-01 8.840000e-03 4.467200e-02
46 9.450280e-01 8.808000e-03 4.616400e-02
47 9.433120e-01 8.984000e-03 4.770400e-02
48 9.419080e-01 8.832000e-03 4.926000e-02
49 9.404360e-01 8.772000e-03 5.079200e-02
50 9.388120e-01 8.836000e-03 5.235200e-02
51 9.370440e-01 9.116000e-03 5.384000e-02
52 9.354920e-01 9.028000e-03 5.548000e-02
53 9.339440e-01 8.932000e-03 5.712400e-02
54 9.321840e-01 9.136000e-03 5.868000e-02
55 9.305720e-01 9.144000e-03 6.028400e-02
56 9.290400e-01 9.080000e-03 6.188000e-02
57 9.273920e-01 8.968000e-03 6.364000e-02
58 9.259440e-01 8.924000e-03 6.513200e-02
59 9.243840e-01 8.880000e-03 6.673600e-02
60 9.228280e-01 8.872000e-03 6.830000e-02
61 9.212200e-01 8.900000e-03 6.988000e-02
62 9.196720e-01 9.080000e-03 7.124800e-02
63 9.180360e-01 9.048000e-03 7.291600e-02
64 9.164120e-01 9.064000e-03 7.452400e-02
65 9.147720e-01 9.048000e-03 7.618000e-02
66 9.131120e-01 9.132000e-03 7.775600e-02
67 9.115200e-01 9.136000e-03 7.934400e-02
68 9.097600e-01 9.252000e-03 8.098800e-02
69 9.081520e-01 9.292000e-03 8.255600e-02
70 9.064440e-01 9.216000e-03 8.434000e-02
71 9.046760e-01 9.336000e-03 8.598800e-02
72 9.029240e-01 9.368000e-03 8.770800e-02
73 9.013440e-01 9.312000e-03 8.934400e-02
74 8.996080e-01 9.388000e-03 9.100400e-02
75 8.978680e-01 9.552000e-03 9.258000e-02
76 8.962280e-01 9.536000e-03 9.423600e-02
77 8.945800e-01 9.436000e-03 9.598400e-02
78 8.928840e-01 9.460000e-03 9.765600e-02
79 8.910480e-01 9.744000e-03 9.920800e-02
80 8.892960e-01 9.712000e-03 1.009920e-01
81 8.874240e-01 9.784000e-03 1.027920e-01
82 8.857040e-01 9.684000e-03 1.046120e-01
83 8.839840e-01 9.752000e-03 1.062640e-01
84 8.823080e-01 9.768000e-03 1.079240e-01
85 8.806200e-01 9.724000e-03 1.096560e-01
86 8.789800e-01 9.672000e-03 1.113480e-01
87 8.774240e-01 9.604000e-03 1.129720e-01
88 8.759520e-01 9.380000e-03 1.146680e-01
89 8.743440e-01 9.392000e-03 1.162640e-01
90 8.726120e-01 9.420000e-03 1.179680e-01
91 8.709440e-01 9.552000e-03 1.195040e-01
92 8.692720e-01 9.596000e-03 1.211320e-01
93 8.674320e-01 9.852000e-03 1.227160e-01
94 8.658240e-01 9.772000e-03 1.244040e-01
95 8.641920e-01 9.704000e-03 1.261040e-01
96 8.626800e-01 9.504000e-03 1.278160e-01
97 8.611600e-01 9.432000e-03 1.294080e-01
98 8.597760e-01 9.168000e-03 1.310560e-01
99 8.584280e-01 9.036000e-03 1.325360e-01
100 8.572240e-01 8.668000e-03 1.341080e-01
101 8.558520e-01 8.540000e-03 1.356080e-01
102 8.546600e-01 8.364000e-03 1.369760e-01
103 8.534960e-01 8.096000e-03 1.384080e-01
104 8.523040e-01 7.836000e-03 1.398600e-01
105 8.510280e-01 7.820000e-03 1.411520e-01
106 8.497680e-01 7.688000e-03 1.425440e-01
107 8.486400e-01 7.508000e-03 1.438520e-01
108 8.474320e-01 7.444000e-03 1.451240e-01
109 8.461680e-01 7.428000e-03 1.464040e-01
110 8.450080e-01 7.276000e-03 1.477160e-01
111 8.436800e-01 7.288000e-03 1.490320e-01
112 8.423200e-01 7.324000e-03 1.503560e-01
113 8.409840e-01 7.368000e-03 1.516480e-01
114 8.396440e-01 7.448000e-03 1.529080e-01
115 8.384600e-01 7.356000e-03 1.541840e-01
116 8.372120e-01 7.336000e-03 1.554520e-01
117 8.358520e-01 7.392000e-03 1.567560e-01
118 8.346280e-01 7.220000e-03 1.581520e-01
119 8.334320e-01 7.112000e-03 1.594560e-01
120 8.322400e-01 7.052000e-03 1.607080e-01
121 8.309120e-01 7.176000e-03 1.619120e-01
122 8.296440e-01 7.172000e-03 1.631840e-01
123 8.284280e-01 7.144000e-03 1.644280e-01
124 8.271320e-01 7.156000e-03 1.657120e-01
125 8.257720e-01 7.336000e-03 1.668920e-01
126 8.245560e-01 7.252000e-03 1.681920e-01
127 8.232760e-01 7.300000e-03 1.694240e-01
128 8.219120e-01 7.324000e-03 1.707640e-01
129 8.205760e-01 7.348000e-03 1.720760e-01
130 8.193480e-01 7.132000e-03 1.735200e-01
131 8.180440e-01 7.272000e-03 1.746840e-01
132 8.166800e-01 7.320000e-03 1.760000e-01
133 8.152960e-01 7.472000e-03 1.772320e-01
134 8.139120e-01 7.552000e-03 1.785360e-01
135 8.126080e-01 7.456000e-03 1.799360e-01
136 8.112200e-01 7.580000e-03 1.812000e-01
137 8.098640e-01 7.640000e-03 1.824960e-01
138 8.086280e-01 7.524000e-03 1.838480e-01
139 8.074200e-01 7.528000e-03 1.850520e-01
140 8.062320e-01 7.372000e-03 1.863960e-01
141 8.050160e-01 7.284000e-03 1.877000e-01
142 8.037960e-01 7.256000e-03 1.889480e-01
143 8.024680e-01 7.316000e-03 1.902160e-01
144 8.012080e-01 7.236000e-03 1.915560e-01
145 8.000160e-01 7.224000e-03 1.927600e-01
146 7.988200e-01 7.108000e-03 1.940720e-01
147 7.976080e-01 6.996000e-03 1.953960e-01
148 7.965000e-01 6.872000e-03 1.966280e-01
149 7.954880e-01 6.744000e-03 1.977680e-01
150 7.943760e-01 6.720000e-03 1.989040e-01
151 7.932840e-01 6.544000e-03 2.001720e-01
152 7.922640e-01 6.468000e-03 2.012680e-01
153 7.913320e-01 6.296000e-03 2.023720e-01
154 7.902520e-01 6.300000e-03 2.034480e-01
155 7.892480e-01 6.228000e-03 2.045240e-01
156 7.882240e-01 6.196000e-03 2.055800e-01
157 7.871360e-01 6.260000e-03 2.066040e-01
158 7.861440e-01 6.064000e-03 2.077920e-01
159 7.851640e-01 5.992000e-03 2.088440e-01
160 7.840640e-01 6.068000e-03 2.098680e-01
161 7.830680e-01 5.872000e-03 2.110600e-01
162 7.821000e-01 5.796000e-03 2.121040e-01
163 7.812600e-01 5.672000e-03 2.130680e-01
164 7.802840e-01 5.640000e-03 2.140760e-01
165 7.793840e-01 5.644000e-03 2.149720e-01
166 7.785560e-01 5.500000e-03 2.159440e-01
167 7.777840e-01 5.344000e-03 2.168720e-01
168 7.769520e-01 5.320000e-03 2.177280e-01
169 7.761760e-01 5.184000e-03 2.186400e-01
170 7.753840e-01 5.068000e-03 2.195480e-01
171 7.745440e-01 4.984000e-03 2.204720e-01
172 7.736480e-01 4.984000e-03 2.213680e-01
173 7.728480e-01 4.880000e-03 2.222720e-01
174 7.719640e-01 4.856000e-03 2.231800e-01
175 7.711720e-01 4.860000e-03 2.239680e-01
176 7.702400e-01 4.840000e-03 2.249200e-01
177 7.692880e-01 4.868000e-03 2.258440e-01
178 7.683200e-01 4.984000e-03 2.266960e-01
179 7.674560e-01 5.060000e-03 2.274840e-01
180 7.665400e-01 5.092000e-03 2.283680e-01
181 7.655200e-01 5.128000e-03 2.293520e-01
182 7.645120e-01 5.232000e-03 2.302560e-01
183 7.635120e-01 5.300000e-03 2.311880e-01
184 7.626280e-01 5.388000e-03 2.319840e-01
185 7.616200e-01 5.460000e-03 2.329200e-01
186 7.605320e-01 5.624000e-03 2.338440e-01
187 7.595120e-01 5.540000e-03 2.349480e-01
188 7.584840e-01 5.544000e-03 2.359720e-01
189 7.575120e-01 5.540000e-03 2.369480e-01
190 7.565920e-01 5.516000e-03 2.378920e-01
191 7.557840e-01 5.428000e-03 2.387880e-01
192 7.549720e-01 5.292000e-03 2.397360e-01
193 7.541600e-01 5.188000e-03 2.406520e-01
194 7.532360e-01 5.140000e-03 2.416240e-01
195 7.523840e-01 5.140000e-03 2.424760e-01
196 7.516480e-01 4.972000e-03 2.433800e-01
197 7.509000e-01 4.880000e-03 2.442200e-01
198 7.500680e-01 4.804000e-03 2.451280e-01
199 7.493680e-01 4.692000e-03 2.459400e-01
200 7.485200e-01 4.672000e-03 2.468080e-01
201 7.477640e-01 4.628000e-03 2.476080e-01
202 7.470440e-01 4.536000e-03 2.484200e-01
203 7.463040e-01 4.496000e-03 2.492000e-01
204 7.455600e-01 4.504000e-03 2.499360e-01
205 7.448600e-01 4.456000e-03 2.506840e-01
206 7.440200e-01 4.504000e-03 2.514760e-01
207 7.432080e-01 4.484000e-03 2.523080e-01
208 7.425640e-01 4.308000e-03 2.531280e-01
209 7.419040e-01 4.168000e-03 2.539280e-01
210 7.410960e-01 4.256000e-03 2.546480e-01
211 7.403640e-01 4.268000e-03 2.553680e-01
212 7.396120e-01 4.272000e-03 2.561160e-01
213 7.389120e-01 4.204000e-03 2.568840e-01
214 7.382600e-01 4.136000e-03 2.576040e-01
215 7.374640e-01 4.224000e-03 2.583120e-01
216 7.367560e-01 4.120000e-03 2.591240e-01
217 7.359600e-01 4.160000e-03 2.598800e-01
218 7.353160e-01 4.032000e-03 2.606520e-01
219 7.345760e-01 3.948000e-03 2.614760e-01
220 7.339480e-01 3.940000e-03 2.621120e-01
221 7.332120e-01 3.980000e-03 2.628080e-01
222 7.324480e-01 4.080000e-03 2.634720e-01
223 7.316840e-01 4.160000e-03 2.641560e-01
224 7.309640e-01 4.124000e-03 2.649120e-01
225 7.302720e-01 4.116000e-03 2.656120e-01
226 7.295080e-01 4.076000e-03 2.664160e-01
227 7.288560e-01 4.132000e-03 2.670120e-01
228 7.281600e-01 4.108000e-03 2.677320e-01
229 7.274960e-01 4.028000e-03 2.684760e-01
230 7.268800e-01 3.908000e-03 2.692120e-01
231 7.262360e-01 3.900000e-03 2.698640e-01
232 7.255480e-01 3.928000e-03 2.705240e-01
233 7.249000e-01 3.908000e-03 2.711920e-01
234 7.243080e-01 3.788000e-03 2.719040e-01
235 7.237520e-01 3.732000e-03 2.725160e-01
236 7.232720e-01 3.644000e-03 2.730840e-01
237 7.226800e-01 3.636000e-03 2.736840e-01
238 7.221760e-01 3.520000e-03 2.743040e-01
239 7.215960e-01 3.532000e-03 2.748720e-01
240 7.209360e-01 3.600000e-03 2.754640e-01
241 7.203480e-01 3.520000e-03 2.761320e-01
242 7.198080e-01 3.348000e-03 2.768440e-01
243 7.192880e-01 3.320000e-03 2.773920e-01
244 7.187560e-01 3.304000e-03 2.779400e-01
245 7.181800e-01 3.280000e-03 2.785400e-01
246 7.176840e-01 3.268000e-03 2.790480e-01
247 7.171480e-01 3.164000e-03 2.796880e-01
248 7.166000e-01 3.200000e-03 2.802000e-01
249 7.159560e-01 3.244000e-03 2.808000e-01
250 7.153920e-01 3.244000e-03 2.813640e-01
251 7.146800e-01 3.448000e-03 2.818720e-01
252 7.140200e-01 3.552000e-03 2.824280e-01
253 7.133880e-01 3.524000e-03 2.830880e-01
254 7.128040e-01 3.516000e-03 2.836800e-01
255 7.122520e-01 3.508000e-03 2.842400e-01
256 7.117040e-01 3.436000e-03 2.848600e-01
257 7.112120e-01 3.356000e-03 2.854320e-01
258 7.107160e-01 3.264000e-03 2.860200e-01
259 7.102760e-01 3.116000e-03 2.866080e-01
260 7.097680e-01 3.076000e-03 2.871560e-01
261 7.092600e-01 3.040000e-03 2.877000e-01
262 7.087680e-01 2.964000e-03 2.882680e-01
263 7.082640e-01 2.952000e-03 2.887840e-01
264 7.076760e-01 3.016000e-03 2.893080e-01
265 7.071800e-01 3.036000e-03 2.897840e-01
266 7.067240e-01 3.024000e-03 2.902520e-01
267 7.062400e-01 2.984000e-03 2.907760e-01
268 7.057320e-01 2.968000e-03 2.913000e-01
269 7.051320e-01 2.988000e-03 2.918800e-01
270 7.046600e-01 3.016000e-03 2.923240e-01
271 7.040640e-01 2.976000e-03 2.929600e-01
272 7.035360e-01 2.980000e-03 2.934840e-01
273 7.030160e-01 3.040000e-03 2.939440e-01
274 7.024680e-01 3.008000e-03 2.945240e-01
275 7.019040e-01 3.036000e-03 2.950600e-01
276 7.014520e-01 2.984000e-03 2.955640e-01
277 7.009440e-01 2.988000e-03 2.960680e-01
278 7.005120e-01 2.932000e-03 2.965560e-01
279 6.999800e-01 2.980000e-03 2.970400e-01
280 6.995440e-01 2.944000e-03 2.975120e-01
281 6.990760e-01 2.936000e-03 2.979880e-01
282 6.986240e-01 2.864000e-03 2.985120e-01
283 6.981520e-01 2.828000e-03 2.990200e-01
284 6.977800e-01 2.688000e-03 2.995320e-01
285 6.972640e-01 2.692000e-03 3.000440e-01
286 6.968920e-01 2.584000e-03 3.005240e-01
287 6.965840e-01 2.488000e-03 3.009280e-01
288 6.962760e-01 2.308000e-03 3.014160e-01
289 6.958440e-01 2.332000e-03 3.018240e-01
290 6.954600e-01 2.308000e-03 3.022320e-01
291 6.951040e-01 2.284000e-03 3.026120e-01
292 6.947880e-01 2.240000e-03 3.029720e-01
293 6.943960e-01 2.288000e-03 3.033160e-01
294 6.939720e-01 2.304000e-03 3.037240e-01
295 6.936360e-01 2.284000e-03 3.040800e-01
296 6.932560e-01 2.292000e-03 3.044520e-01
297 6.927720e-01 2.312000e-03 3.049160e-01
298 6.923600e-01 2.360000e-03 3.052800e-01
299 6.918720e-01 2.420000e-03 3.057080e-01
300 6.914480e-01 2.428000e-03 3.061240e-01
301 6.909680e-01 2.468000e-03 3.065640e-01
302 6.904520e-01 2.576000e-03 3.069720e-01
303 6.900200e-01 2.472000e-03 3.075080e-01
304 6.896120e-01 2.420000e-03 3.079680e-01
305 6.891440e-01 2.464000e-03 3.083920e-01
306 6.887360e-01 2.468000e-03 3.087960e-01
307 6.883280e-01 2.468000e-03 3.092040e-01
308 6.879640e-01 2.432000e-03 3.096040e-01
309 6.875840e-01 2.408000e-03 3.100080e-01
310 6.871920e-01 2.404000e-03 3.104040e-01
311 6.867640e-01 2.420000e-03 3.108160e-01
312 6.864160e-01 2.388000e-03 3.111960e-01
313 6.859840e-01 2.404000e-03 3.116120e-01
314 6.854920e-01 2.388000e-03 3.121200e-01
315 6.850400e-01 2.428000e-03 3.125320e-01
316 6.846240e-01 2.384000e-03 3.129920e-01
317 6.842160e-01 2.432000e-03 3.133520e-01
318 6.838720e-01 2.284000e-03 3.138440e-01
319 6.835040e-01 2.248000e-03 3.142480e-01
320 6.830960e-01 2.304000e-03 3.146000e-01
321 6.826360e-01 2.320000e-03 3.150440e-01
322 6.823680e-01 2.268000e-03 3.153640e-01
323 6.820200e-01 2.172000e-03 3.158080e-01
324 6.816800e-01 2.172000e-03 3.161480e-01
325 6.813680e-01 2.044000e-03 3.165880e-01
326 6.809600e-01 2.084000e-03 3.169560e-01
327 6.805440e-01 2.120000e-03 3.173360e-01
328 6.802120e-01 2.056000e-03 3.177320e-01
329 6.799240e-01 2.036000e-03 3.180400e-01
330 6.795720e-01 2.028000e-03 3.184000e-01
331 6.792560e-01 2.016000e-03 3.187280e-01
332 6.789920e-01 1.924000e-03 3.190840e-01
333 6.786480e-01 1.968000e-03 3.193840e-01
334 6.783120e-01 1.988000e-03 3.197000e-01
335 6.779640e-01 2.004000e-03 3.200320e-01
336 6.776680e-01 1.948000e-03 3.203840e-01
337 6.773560e-01 1.980000e-03 3.206640e-01
338 6.770520e-01 1.988000e-03 3.209600e-01
339 6.767400e-01 1.940000e-03 3.213200e-01
340 6.765000e-01 1.808000e-03 3.216920e-01
341 6.762760e-01 1.716000e-03 3.220080e-01
342 6.759960e-01 1.684000e-03 3.223200e-01
343 6.758040e-01 1.496000e-03 3.227000e-01
344 6.755960e-01 1.484000e-03 3.229200e-01
345 6.753760e-01 1.448000e-03 3.231760e-01
346 6.751320e-01 1.400000e-03 3.234680e-01
347 6.749640e-01 1.340000e-03 3.236960e-01
348 6.747400e-01 1.308000e-03 3.239520e-01
349 6.745480e-01 1.272000e-03 3.241800e-01
350 6.743600e-01 1.252000e-03 3.243880e-01
351 6.740640e-01 1.348000e-03 3.245880e-01
352 6.738000e-01 1.396000e-03 3.248040e-01
353 6.735800e-01 1.348000e-03 3.250720e-01
354 6.733800e-01 1.364000e-03 3.252560e-01
355 6.731760e-01 1.348000e-03 3.254760e-01
356 6.729200e-01 1.392000e-03 3.256880e-01
357 6.727480e-01 1.328000e-03 3.259240e-01
358 6.725200e-01 1.280000e-03 3.262000e-01
359 6.722320e-01 1.336000e-03 3.264320e-01
360 6.719320e-01 1.384000e-03 3.266840e-01
361 6.717040e-01 1.376000e-03 3.269200e-01
362 6.714400e-01 1.396000e-03 3.271640e-01
363 6.712440e-01 1.332000e-03 3.274240e-01
364 6.709960e-01 1.324000e-03 3.276800e-01
365 6.707040e-01 1.436000e-03 3.278600e-01
366 6.705040e-01 1.404000e-03 3.280920e-01
367 6.704000e-01 1.252000e-03 3.283480e-01
368 6.702080e-01 1.220000e-03 3.285720e-01
369 6.700000e-01 1.212000e-03 3.287880e-01
370 6.698640e-01 1.116000e-03 3.290200e-01
371 6.696760e-01 1.120000e-03 3.292040e-01
372 6.695000e-01 1.140000e-03 3.293600e-01
373 6.693520e-01 1.052000e-03 3.295960e-01
374 6.691920e-01 1.068000e-03 3.297400e-01
375 6.689880e-01 1.056000e-03 3.299560e-01
376 6.687800e-01 1.128000e-03 3.300920e-01
377 6.685440e-01 1.160000e-03 3.302960e-01
378 6.683600e-01 1.160000e-03 3.304800e-01
379 6.682040e-01 1.096000e-03 3.307000e-01
380 6.680360e-01 1.076000e-03 3.308880e-01
381 6.678160e-01 1.020000e-03 3.311640e-01
382 6.676920e-01 9.240000e-04 3.313840e-01
383 6.675080e-01 9.520000e-04 3.315400e-01
384 6.673440e-01 9.840000e-04 3.316720e-01
385 6.671880e-01 1.000000e-03 3.318120e-01
386 6.670320e-01 9.760000e-04 3.319920e-01
387 6.669200e-01 8.880000e-04 3.321920e-01
388 6.667280e-01 9.040000e-04 3.323680e-01
389 6.665440e-01 9.480000e-04 3.325080e-01
390 6.663280e-01 9.760000e-04 3.326960e-01
391 6.661560e-01 9.600000e-04 3.328840e-01
392 6.659720e-01 1.000000e-03 3.330280e-01
393 6.657600e-01 1.036000e-03 3.332040e-01
394 6.655600e-01 1.084000e-03 3.333560e-01
395 6.654000e-01 1.040000e-03 3.335600e-01
396 6.652360e-01 1.036000e-03 3.337280e-01
397 6.650640e-01 9.920000e-04 3.339440e-01
398 6.649160e-01 9.800000e-04 3.341040e-01
399 6.647120e-01 1.040000e-03 3.342480e-01
400 6.645880e-01 9.800000e-04 3.344320e-01
401 6.644360e-01 9.640000e-04 3.346000e-01
402 6.642320e-01 1.000000e-03 3.347680e-01
403 6.641080e-01 9.800000e-04 3.349120e-01
404 6.639360e-01 9.840000e-04 3.350800e-01
405 6.637400e-01 1.020000e-03 3.352400e-01
406 6.635400e-01 1.048000e-03 3.354120e-01
407 6.633360e-01 1.088000e-03 3.355760e-01
408 6.631000e-01 1.136000e-03 3.357640e-01
409 6.629160e-01 1.116000e-03 3.359680e-01
410 6.627080e-01 1.156000e-03 3.361360e-01
411 6.625560e-01 1.120000e-03 3.363240e-01
412 6.623640e-01 1.088000e-03 3.365480e-01
413 6.621320e-01 1.132000e-03 3.367360e-01
414 6.619480e-01 1.076000e-03 3.369760e-01
415 6.617320e-01 1.096000e-03 3.371720e-01
416 6.614920e-01 1.088000e-03 3.374200e-01
417 6.613520e-01 1.012000e-03 3.376360e-01
418 6.612280e-01 9.960000e-04 3.377760e-01
419 6.610840e-01 9.640000e-04 3.379520e-01
420 6.609760e-01 9.400000e-04 3.380840e-01
421 6.608160e-01 9.400000e-04 3.382440e-01
422 6.607000e-01 8.560000e-04 3.384440e-01
423 6.605560e-01 8.560000e-04 3.385880e-01
424 6.604120e-01 8.560000e-04 3.387320e-01
425 6.602760e-01 8.560000e-04 3.388680e-01
426 6.601680e-01 8.560000e-04 3.389760e-01
427 6.600440e-01 8.400000e-04 3.391160e-01
428 6.599160e-01 8.400000e-04 3.392440e-01
429 6.598200e-01 8.040000e-04 3.393760e-01
430 6.597040e-01 8.080000e-04 3.394880e-01
431 6.595920e-01 7.760000e-04 3.396320e-01
432 6.595120e-01 7.040000e-04 3.397840e-01
433 6.594600e-01 6.520000e-04 3.398880e-01
434 6.593880e-01 6.160000e-04 3.399960e-01
435 6.593360e-01 5.680000e-04 3.400960e-01
436 6.592560e-01 5.440000e-04 3.402000e-01
437 6.592080e-01 4.960000e-04 3.402960e-01
438 6.591440e-01 4.680000e-04 3.403880e-01
439 6.590560e-01 4.760000e-04 3.404680e-01
440 6.589800e-01 5.000000e-04 3.405200e-01
441 6.589200e-01 4.960000e-04 3.405840e-01
442 6.588680e-01 5.000000e-04 3.406320e-01
443 6.588200e-01 4.640000e-04 3.407160e-01
444 6.587560e-01 4.560000e-04 3.407880e-01
445 6.587040e-01 4.200000e-04 3.408760e-01
446 6.586640e-01 3.640000e-04 3.409720e-01
447 6.586200e-01 3.600000e-04 3.410200e-01
448 6.585320e-01 4.080000e-04 3.410600e-01
449 6.584440e-01 3.920000e-04 3.411640e-01
450 6.583840e-01 4.000000e-04 3.412160e-01
451 6.583320e-01 3.520000e-04 3.413160e-01
452 6.582800e-01 3.080000e-04 3.414120e-01
453 6.581960e-01 3.480000e-04 3.414560e-01
454 6.581480e-01 3.480000e-04 3.415040e-01
455 6.580800e-01 3.200000e-04 3.416000e-01
456 6.580000e-01 3.320000e-04 3.416680e-01
457 6.578760e-01 4.040000e-04 3.417200e-01
458 6.577680e-01 4.560000e-04 3.417760e-01
459 6.576480e-01 5.120000e-04 3.418400e-01
460 6.575440e-01 5.320000e-04 3.419240e-01
461 6.574680e-01 5.040000e-04 3.420280e-01
462 6.573800e-01 5.200000e-04 3.421000e-01
463 6.572760e-01 5.320000e-04 3.421920e-01
464 6.571960e-01 5.040000e-04 3.423000e-01
465 6.570920e-01 5.360000e-04 3.423720e-01
466 6.570000e-01 5.320000e-04 3.424680e-01
467 6.569280e-01 5.240000e-04 3.425480e-01
468 6.568080e-01 5.680000e-04 3.426240e-01
469 6.567120e-01 5.920000e-04 3.426960e-01
470 6.566240e-01 5.840000e-04 3.427920e-01
471 6.565440e-01 5.600000e-04 3.428960e-01
472 6.564680e-01 5.720000e-04 3.429600e-01
473 6.564120e-01 5.400000e-04 3.430480e-01
474 6.563800e-01 4.800000e-04 3.431400e-01
475 6.563280e-01 4.720000e-04 3.432000e-01
476 6.562760e-01 4.400000e-04 3.432840e-01
477 6.562200e-01 4.240000e-04 3.433560e-01
478 6.561400e-01 3.840000e-04 3.434760e-01
479 6.560440e-01 4.400000e-04 3.435160e-01
480 6.559520e-01 4.720000e-04 3.435760e-01
481 6.558840e-01 4.520000e-04 3.436640e-01
482 6.557800e-01 4.840000e-04 3.437360e-01
483 6.556920e-01 4.880000e-04 3.438200e-01
484 6.556000e-01 5.000000e-04 3.439000e-01
485 6.555000e-01 5.080000e-04 3.439920e-01
486 6.553800e-01 5.280000e-04 3.440920e-01
487 6.552720e-01 5.120000e-04 3.442160e-01
488 6.552000e-01 5.280000e-04 3.442720e-01
489 6.551120e-01 5.480000e-04 3.443400e-01
490 6.550320e-01 5.360000e-04 3.444320e-01
491 6.549520e-01 5.280000e-04 3.445200e-01
492 6.548760e-01 5.080000e-04 3.446160e-01
493 6.547920e-01 5.040000e-04 3.447040e-01
494 6.547160e-01 4.800000e-04 3.448040e-01
495 6.546520e-01 4.520000e-04 3.448960e-01
496 6.546160e-01 4.400000e-04 3.449440e-01
497 6.545480e-01 4.440000e-04 3.450080e-01
498 6.544720e-01 4.320000e-04 3.450960e-01
499 6.543800e-01 4.520000e-04 3.451680e-01
500 6.542840e-01 4.840000e-04 3.452320e-01
