1 9.992760e-01 6.200000e-04 1.040000e-04
2 9.987720e-01 9.880000e-04 2.400000e-04
3 9.981480e-01 1.428000e-03 4.240000e-04
4 9.974800e-01 1.848000e-03 6.720000e-04
5 9.968320e-01 2.136000e-03 1.032000e-03
6 9.960360e-01 2.556000e-03 1.408000e-03
7 9.952400e-01 2.892000e-03 1.868000e-03
8 9.943960e-01 3.208000e-03 2.396000e-03
9 9.935840e-01 3.404000e-03 3.012000e-03
10 9.929880e-01 3.416000e-03 3.596000e-03
11 9.921600e-01 3.640000e-03 4.200000e-03
12 9.913280e-01 3.820000e-03 4.852000e-03
13 9.904160e-01 4.108000e-03 5.476000e-03
14 9.895160e-01 4.312000e-03 6.172000e-03
15 9.885440e-01 4.588000e-03 6.868000e-03
16 9.876240e-01 4.728000e-03 7.648000e-03
17 9.865640e-01 4.920000e-03 8.516000e-03
18 9.855160e-01 5.032000e-03 9.452000e-03
19 9.844320e-01 5.244000e-03 1.032400e-02
20 9.832160e-01 5.596000e-03 1.118800e-02
21 9.820600e-01 5.832000e-03 1.210800e-02
22 9.809440e-01 5.876000e-03 1.318000e-02
23 9.797040e-01 6.020000e-03 1.427600e-02
24 9.783720e-01 6.260000e-03 1.536800e-02
25 9.771560e-01 6.336000e-03 1.650800e-02
26 9.758480e-01 6.440000e-03 1.771200e-02
27 9.744720e-01 6.756000e-03 1.877200e-02
28 9.731280e-01 6.952000e-03 1.992000e-02
29 9.716720e-01 7.160000e-03 2.116800e-02
30 9.703120e-01 7.288000e-03 2.240000e-02
31 9.690880e-01 7.256000e-03 2.365600e-02
32 9.678880e-01 7.088000e-03 2.502400e-02
33 9.664880e-01 7.240000e-03 2.627200e-02
34 9.653200e-01 7.056000e-03 2.762400e-02
35 9.641520e-01 6.904000e-03 2.894400e-02
36 9.628920e-01 7.028000e-03 3.008000e-02
37 9.616760e-01 7.064000e-03 3.126000e-02
38 9.604320e-01 7.156000e-03 3.241200e-02
39 9.590720e-01 7.288000e-03 3.364000e-02
40 9.578360e-01 7.312000e-03 3.485200e-02
41 9.564880e-01 7.376000e-03 3.613600e-02
42 9.550680e-01 7.472000e-03 3.746000e-02
43 9.538200e-01 7.392000e-03 3.878800e-02
44 9.524560e-01 7.500000e-03 4.004400e-02
45 9.512760e-01 7.332000e-03 4.139200e-02
46 9.500600e-01 7.240000e-03 4.270000e-02
47 9.488240e-01 7.176000e-03 4.400000e-02
48 9.476120e-01 7.164000e-03 4.522400e-02
49 9.464080e-01 7.076000e-03 4.651600e-02
50 9.452400e-01 6.976000e-03 4.778400e-02
51 9.440560e-01 6.868000e-03 4.907600e-02
52 9.428120e-01 6.868000e-03 5.032000e-02
53 9.416360e-01 6.900000e-03 5.146400e-02
54 9.404360e-01 6.920000e-03 5.264400e-02
55 9.392600e-01 6.864000e-03 5.387600e-02
56 9.379880e-01 6.944000e-03 5.506800e-02
57 9.367560e-01 6.880000e-03 5.636400e-02
58 9.355280e-01 6.884000e-03 5.758800e-02
59 9.340760e-01 7.144000e-03 5.878000e-02
60 9.328920e-01 7.124000e-03 5.998400e-02
61 9.317880e-01 6.936000e-03 6.127600e-02
62 9.307000e-01 6.720000e-03 6.258000e-02
63 9.295160e-01 6.716000e-03 6.376800e-02
64 9.283320e-01 6.672000e-03 6.499600e-02
65 9.272760e-01 6.484000e-03 6.624000e-02
66 9.262080e-01 6.412000e-03 6.738000e-02
67 9.250000e-01 6.580000e-03 6.842000e-02
68 9.236840e-01 6.796000e-03 6.952000e-02
69 9.223960e-01 6.788000e-03 7.081600e-02
70 9.210600e-01 6.948000e-03 7.199200e-02
71 9.198280e-01 6.920000e-03 7.325200e-02
72 9.186200e-01 6.720000e-03 7.466000e-02
73 9.175240e-01 6.596000e-03 7.588000e-02
74 9.162680e-01 6.684000e-03 7.704800e-02
75 9.151120e-01 6.716000e-03 7.817200e-02
76 9.138400e-01 6.692000e-03 7.946800e-02
77 9.126640e-01 6.724000e-03 8.061200e-02
78 9.113840e-01 6.844000e-03 8.177200e-02
79 9.100280e-01 7.036000e-03 8.293600e-02
80 9.087920e-01 6.976000e-03 8.423200e-02
81 9.074360e-01 7.196000e-03 8.536800e-02
82 9.063040e-01 7.092000e-03 8.660400e-02
83 9.050680e-01 7.120000e-03 8.781200e-02
84 9.039000e-01 7.084000e-03 8.901600e-02
85 9.026760e-01 6.936000e-03 9.038800e-02
86 9.015440e-01 6.724000e-03 9.173200e-02
87 9.004720e-01 6.600000e-03 9.292800e-02
88 8.993320e-01 6.488000e-03 9.418000e-02
89 8.982440e-01 6.496000e-03 9.526000e-02
90 8.972200e-01 6.536000e-03 9.624400e-02
91 8.961360e-01 6.548000e-03 9.731600e-02
92 8.948720e-01 6.708000e-03 9.842000e-02
93 8.936480e-01 6.700000e-03 9.965200e-02
94 8.923720e-01 6.736000e-03 1.008920e-01
95 8.912120e-01 6.752000e-03 1.020360e-01
96 8.900560e-01 6.824000e-03 1.031200e-01
97 8.890000e-01 6.688000e-03 1.043120e-01
98 8.879160e-01 6.600000e-03 1.054840e-01
99 8.867880e-01 6.556000e-03 1.066560e-01
100 8.856360e-01 6.700000e-03 1.076640e-01
101 8.844280e-01 6.744000e-03 1.088280e-01
102 8.832840e-01 6.716000e-03 1.100000e-01
103 8.820160e-01 6.868000e-03 1.111160e-01
104 8.809080e-01 6.792000e-03 1.123000e-01
105 8.798160e-01 6.664000e-03 1.135200e-01
106 8.787920e-01 6.532000e-03 1.146760e-01
107 8.776920e-01 6.424000e-03 1.158840e-01
108 8.766560e-01 6.236000e-03 1.171080e-01
109 8.757040e-01 6.156000e-03 1.181400e-01
110 8.747640e-01 6.080000e-03 1.191560e-01
111 8.737440e-01 6.024000e-03 1.202320e-01
112 8.726160e-01 6.104000e-03 1.212800e-01
113 8.716200e-01 5.984000e-03 1.223960e-01
114 8.705080e-01 6.024000e-03 1.234680e-01
115 8.694280e-01 6.080000e-03 1.244920e-01
116 8.685080e-01 5.988000e-03 1.255040e-01
117 8.673520e-01 6.016000e-03 1.266320e-01
118 8.663720e-01 5.976000e-03 1.276520e-01
119 8.653560e-01 5.964000e-03 1.286800e-01
120 8.643760e-01 5.964000e-03 1.296600e-01
121 8.634600e-01 5.908000e-03 1.306320e-01
122 8.625040e-01 5.944000e-03 1.315520e-01
123 8.615880e-01 5.912000e-03 1.325000e-01
124 8.605760e-01 5.796000e-03 1.336280e-01
125 8.596400e-01 5.772000e-03 1.345880e-01
126 8.587760e-01 5.540000e-03 1.356840e-01
127 8.578520e-01 5.508000e-03 1.366400e-01
128 8.569200e-01 5.456000e-03 1.376240e-01
129 8.559440e-01 5.408000e-03 1.386480e-01
130 8.548760e-01 5.500000e-03 1.396240e-01
131 8.540200e-01 5.364000e-03 1.406160e-01
132 8.530600e-01 5.456000e-03 1.414840e-01
133 8.520280e-01 5.536000e-03 1.424360e-01
134 8.510360e-01 5.612000e-03 1.433520e-01
135 8.500400e-01 5.672000e-03 1.442880e-01
136 8.490320e-01 5.728000e-03 1.452400e-01
137 8.479600e-01 5.744000e-03 1.462960e-01
138 8.469080e-01 5.896000e-03 1.471960e-01
139 8.458520e-01 5.944000e-03 1.482040e-01
140 8.448240e-01 5.860000e-03 1.493160e-01
141 8.437000e-01 5.976000e-03 1.503240e-01
142 8.426480e-01 5.956000e-03 1.513960e-01
143 8.414080e-01 6.208000e-03 1.523840e-01
144 8.403160e-01 6.252000e-03 1.534320e-01
145 8.393160e-01 6.164000e-03 1.545200e-01
146 8.382360e-01 6.216000e-03 1.555480e-01
147 8.372320e-01 6.160000e-03 1.566080e-01
148 8.363000e-01 6.124000e-03 1.575760e-01
149 8.351560e-01 6.148000e-03 1.586960e-01
150 8.341000e-01 6.100000e-03 1.598000e-01
151 8.331640e-01 5.952000e-03 1.608840e-01
152 8.320320e-01 6.096000e-03 1.618720e-01
153 8.309680e-01 6.088000e-03 1.629440e-01
154 8.299920e-01 6.000000e-03 1.640080e-01
155 8.291720e-01 5.704000e-03 1.651240e-01
156 8.282440e-01 5.688000e-03 1.660680e-01
157 8.272280e-01 5.772000e-03 1.670000e-01
158 8.262560e-01 5.704000e-03 1.680400e-01
159 8.252960e-01 5.760000e-03 1.689440e-01
160 8.243520e-01 5.640000e-03 1.700080e-01
161 8.234560e-01 5.620000e-03 1.709240e-01
162 8.227200e-01 5.496000e-03 1.717840e-01
163 8.218680e-01 5.372000e-03 1.727600e-01
164 8.211240e-01 5.144000e-03 1.737320e-01
165 8.203880e-01 4.924000e-03 1.746880e-01
166 8.195680e-01 4.884000e-03 1.755480e-01
167 8.187160e-01 4.904000e-03 1.763800e-01
168 8.178760e-01 4.932000e-03 1.771920e-01
169 8.169080e-01 4.960000e-03 1.781320e-01
170 8.161440e-01 4.888000e-03 1.789680e-01
171 8.152360e-01 4.976000e-03 1.797880e-01
172 8.144960e-01 4.828000e-03 1.806760e-01
173 8.136440e-01 4.772000e-03 1.815840e-01
174 8.128880e-01 4.708000e-03 1.824040e-01
175 8.122200e-01 4.476000e-03 1.833040e-01
176 8.115240e-01 4.440000e-03 1.840360e-01
177 8.108160e-01 4.428000e-03 1.847560e-01
178 8.101120e-01 4.376000e-03 1.855120e-01
179 8.093840e-01 4.368000e-03 1.862480e-01
180 8.086160e-01 4.380000e-03 1.870040e-01
181 8.077120e-01 4.480000e-03 1.878080e-01
182 8.069160e-01 4.484000e-03 1.886000e-01
183 8.060880e-01 4.484000e-03 1.894280e-01
184 8.052600e-01 4.552000e-03 1.901880e-01
185 8.043400e-01 4.620000e-03 1.910400e-01
186 8.035560e-01 4.552000e-03 1.918920e-01
187 8.028360e-01 4.412000e-03 1.927520e-01
188 8.020000e-01 4.436000e-03 1.935640e-01
189 8.012720e-01 4.328000e-03 1.944000e-01
190 8.005720e-01 4.168000e-03 1.952600e-01
191 7.999440e-01 4.064000e-03 1.959920e-01
192 7.992840e-01 4.000000e-03 1.967160e-01
193 7.986240e-01 3.964000e-03 1.974120e-01
194 7.979640e-01 3.880000e-03 1.981560e-01
195 7.972920e-01 3.840000e-03 1.988680e-01
196 7.966680e-01 3.744000e-03 1.995880e-01
197 7.960080e-01 3.740000e-03 2.002520e-01
198 7.953560e-01 3.756000e-03 2.008880e-01
199 7.946760e-01 3.804000e-03 2.015200e-01
200 7.940400e-01 3.772000e-03 2.021880e-01
201 7.934600e-01 3.704000e-03 2.028360e-01
202 7.928360e-01 3.668000e-03 2.034960e-01
203 7.922240e-01 3.596000e-03 2.041800e-01
204 7.916480e-01 3.516000e-03 2.048360e-01
205 7.910680e-01 3.512000e-03 2.054200e-01
206 7.904960e-01 3.472000e-03 2.060320e-01
207 7.899880e-01 3.364000e-03 2.066480e-01
208 7.894440e-01 3.280000e-03 2.072760e-01
209 7.888280e-01 3.336000e-03 2.078360e-01
210 7.882640e-01 3.332000e-03 2.084040e-01
211 7.877240e-01 3.248000e-03 2.090280e-01
212 7.870960e-01 3.328000e-03 2.095760e-01
213 7.865800e-01 3.328000e-03 2.100920e-01
214 7.859640e-01 3.308000e-03 2.107280e-01
215 7.853960e-01 3.284000e-03 2.113200e-01
216 7.847400e-01 3.364000e-03 2.118960e-01
217 7.841840e-01 3.380000e-03 2.124360e-01
218 7.835640e-01 3.408000e-03 2.130280e-01
219 7.829240e-01 3.436000e-03 2.136400e-01
220 7.822720e-01 3.472000e-03 2.142560e-01
221 7.816640e-01 3.456000e-03 2.148800e-01
222 7.811080e-01 3.312000e-03 2.155800e-01
223 7.804720e-01 3.404000e-03 2.161240e-01
224 7.800000e-01 3.248000e-03 2.167520e-01
225 7.793720e-01 3.228000e-03 2.174000e-01
226 7.788000e-01 3.180000e-03 2.180200e-01
227 7.781680e-01 3.264000e-03 2.185680e-01
228 7.775600e-01 3.336000e-03 2.191040e-01
229 7.769480e-01 3.332000e-03 2.197200e-01
230 7.763720e-01 3.432000e-03 2.201960e-01
231 7.758440e-01 3.404000e-03 2.207520e-01
232 7.751880e-01 3.468000e-03 2.213440e-01
233 7.745600e-01 3.484000e-03 2.219560e-01
234 7.739800e-01 3.472000e-03 2.225480e-01
235 7.732880e-01 3.552000e-03 2.231600e-01
236 7.726680e-01 3.548000e-03 2.237840e-01
237 7.720440e-01 3.568000e-03 2.243880e-01
238 7.715040e-01 3.416000e-03 2.250800e-01
239 7.709520e-01 3.400000e-03 2.256480e-01
240 7.704200e-01 3.368000e-03 2.262120e-01
241 7.698600e-01 3.356000e-03 2.267840e-01
242 7.692120e-01 3.408000e-03 2.273800e-01
243 7.686040e-01 3.400000e-03 2.279960e-01
244 7.679200e-01 3.580000e-03 2.285000e-01
245 7.671280e-01 3.720000e-03 2.291520e-01
246 7.664680e-01 3.720000e-03 2.298120e-01
247 7.659280e-01 3.608000e-03 2.304640e-01
248 7.652960e-01 3.644000e-03 2.310600e-01
249 7.646560e-01 3.724000e-03 2.316200e-01
250 7.639280e-01 3.832000e-03 2.322400e-01
251 7.632960e-01 3.780000e-03 2.329240e-01
252 7.626120e-01 3.816000e-03 2.335720e-01
253 7.619720e-01 3.804000e-03 2.342240e-01
254 7.613640e-01 3.868000e-03 2.347680e-01
255 7.607520e-01 3.836000e-03 2.354120e-01
256 7.602120e-01 3.760000e-03 2.360280e-01
257 7.597240e-01 3.560000e-03 2.367160e-01
258 7.591440e-01 3.452000e-03 2.374040e-01
259 7.585920e-01 3.424000e-03 2.379840e-01
260 7.580800e-01 3.328000e-03 2.385920e-01
261 7.576480e-01 3.248000e-03 2.391040e-01
262 7.571240e-01 3.208000e-03 2.396680e-01
263 7.566600e-01 3.104000e-03 2.402360e-01
264 7.561760e-01 3.000000e-03 2.408240e-01
265 7.556400e-01 3.040000e-03 2.413200e-01
266 7.551480e-01 3.000000e-03 2.418520e-01
267 7.546360e-01 2.992000e-03 2.423720e-01
268 7.541080e-01 2.960000e-03 2.429320e-01
269 7.535520e-01 3.008000e-03 2.434400e-01
270 7.530320e-01 3.028000e-03 2.439400e-01
271 7.524840e-01 3.080000e-03 2.444360e-01
272 7.518920e-01 3.120000e-03 2.449880e-01
273 7.512320e-01 3.228000e-03 2.455400e-01
274 7.506480e-01 3.252000e-03 2.461000e-01
275 7.500920e-01 3.232000e-03 2.466760e-01
276 7.495560e-01 3.164000e-03 2.472800e-01
277 7.490680e-01 3.092000e-03 2.478400e-01
278 7.486600e-01 2.892000e-03 2.484480e-01
279 7.481840e-01 2.868000e-03 2.489480e-01
280 7.477200e-01 2.796000e-03 2.494840e-01
281 7.472160e-01 2.824000e-03 2.499600e-01
282 7.468000e-01 2.688000e-03 2.505120e-01
283 7.463960e-01 2.672000e-03 2.509320e-01
284 7.459160e-01 2.648000e-03 2.514360e-01
285 7.454720e-01 2.648000e-03 2.518800e-01
286 7.448880e-01 2.748000e-03 2.523640e-01
287 7.444080e-01 2.724000e-03 2.528680e-01
288 7.439080e-01 2.796000e-03 2.532960e-01
289 7.434160e-01 2.756000e-03 2.538280e-01
290 7.428520e-01 2.776000e-03 2.543720e-01
291 7.423640e-01 2.728000e-03 2.549080e-01
292 7.418360e-01 2.796000e-03 2.553680e-01
293 7.414040e-01 2.744000e-03 2.558520e-01
294 7.410000e-01 2.712000e-03 2.562880e-01
295 7.404600e-01 2.780000e-03 2.567600e-01
296 7.400200e-01 2.740000e-03 2.572400e-01
297 7.395400e-01 2.800000e-03 2.576600e-01
298 7.391680e-01 2.684000e-03 2.581480e-01
299 7.387120e-01 2.716000e-03 2.585720e-01
300 7.382720e-01 2.728000e-03 2.590000e-01
301 7.378160e-01 2.700000e-03 2.594840e-01
302 7.373320e-01 2.736000e-03 2.599320e-01
303 7.368160e-01 2.752000e-03 2.604320e-01
304 7.363200e-01 2.740000e-03 2.609400e-01
305 7.356680e-01 2.872000e-03 2.614600e-01
306 7.352000e-01 2.760000e-03 2.620400e-01
307 7.346600e-01 2.828000e-03 2.625120e-01
308 7.342520e-01 2.680000e-03 2.630680e-01
309 7.337800e-01 2.720000e-03 2.635000e-01
310 7.333800e-01 2.680000e-03 2.639400e-01
311 7.329800e-01 2.604000e-03 2.644160e-01
312 7.325840e-01 2.584000e-03 2.648320e-01
313 7.321560e-01 2.624000e-03 2.652200e-01
314 7.317200e-01 2.612000e-03 2.656680e-01
315 7.312280e-01 2.592000e-03 2.661800e-01
316 7.308680e-01 2.448000e-03 2.666840e-01
317 7.305120e-01 2.420000e-03 2.670680e-01
318 7.301360e-01 2.360000e-03 2.675040e-01
319 7.298080e-01 2.248000e-03 2.679440e-01
320 7.294480e-01 2.264000e-03 2.682880e-01
321 7.290920e-01 2.264000e-03 2.686440e-01
322 7.287920e-01 2.160000e-03 2.690480e-01
323 7.284360e-01 2.192000e-03 2.693720e-01
324 7.280160e-01 2.240000e-03 2.697440e-01
325 7.276760e-01 2.252000e-03 2.700720e-01
326 7.272320e-01 2.332000e-03 2.704360e-01
327 7.267800e-01 2.400000e-03 2.708200e-01
328 7.263160e-01 2.464000e-03 2.712200e-01
329 7.258320e-01 2.480000e-03 2.716880e-01
330 7.253480e-01 2.576000e-03 2.720760e-01
331 7.249080e-01 2.476000e-03 2.726160e-01
332 7.245120e-01 2.492000e-03 2.729960e-01
333 7.240840e-01 2.516000e-03 2.734000e-01
334 7.235880e-01 2.576000e-03 2.738360e-01
335 7.231720e-01 2.496000e-03 2.743320e-01
336 7.228200e-01 2.400000e-03 2.747800e-01
337 7.223920e-01 2.436000e-03 2.751720e-01
338 7.220400e-01 2.392000e-03 2.755680e-01
339 7.216520e-01 2.356000e-03 2.759920e-01
340 7.212560e-01 2.336000e-03 2.764080e-01
341 7.208560e-01 2.316000e-03 2.768280e-01
342 7.205280e-01 2.204000e-03 2.772680e-01
343 7.201800e-01 2.216000e-03 2.776040e-01
344 7.197360e-01 2.168000e-03 2.780960e-01
345 7.193880e-01 2.108000e-03 2.785040e-01
346 7.191120e-01 2.020000e-03 2.788680e-01
347 7.188080e-01 1.984000e-03 2.792080e-01
348 7.184480e-01 2.000000e-03 2.795520e-01
349 7.181080e-01 1.976000e-03 2.799160e-01
350 7.177240e-01 2.028000e-03 2.802480e-01
351 7.173760e-01 1.972000e-03 2.806520e-01
352 7.170240e-01 2.016000e-03 2.809600e-01
353 7.166840e-01 2.032000e-03 2.812840e-01
354 7.163640e-01 1.972000e-03 2.816640e-01
355 7.159640e-01 2.048000e-03 2.819880e-01
356 7.156280e-01 2.032000e-03 2.823400e-01
357 7.152080e-01 2.060000e-03 2.827320e-01
358 7.148400e-01 2.064000e-03 2.830960e-01
359 7.145120e-01 2.048000e-03 2.834400e-01
360 7.141480e-01 2.044000e-03 2.838080e-01
361 7.138320e-01 1.944000e-03 2.842240e-01
362 7.134880e-01 1.968000e-03 2.845440e-01
363 7.131320e-01 2.004000e-03 2.848640e-01
364 7.127160e-01 2.056000e-03 2.852280e-01
365 7.123760e-01 2.096000e-03 2.855280e-01
366 7.120080e-01 2.188000e-03 2.858040e-01
367 7.117040e-01 2.116000e-03 2.861800e-01
368 7.113400e-01 2.112000e-03 2.865480e-01
369 7.110000e-01 2.112000e-03 2.868880e-01
370 7.106600e-01 2.076000e-03 2.872640e-01
371 7.103320e-01 2.012000e-03 2.876560e-01
372 7.099000e-01 2.036000e-03 2.880640e-01
373 7.095000e-01 2.092000e-03 2.884080e-01
374 7.091240e-01 2.100000e-03 2.887760e-01
375 7.087320e-01 2.124000e-03 2.891440e-01
376 7.083320e-01 2.168000e-03 2.895000e-01
377 7.079840e-01 2.160000e-03 2.898560e-01
378 7.075800e-01 2.228000e-03 2.901920e-01
379 7.071040e-01 2.292000e-03 2.906040e-01
380 7.067040e-01 2.268000e-03 2.910280e-01
381 7.063280e-01 2.228000e-03 2.914440e-01
382 7.059760e-01 2.132000e-03 2.918920e-01
383 7.055280e-01 2.212000e-03 2.922600e-01
384 7.052120e-01 2.136000e-03 2.926520e-01
385 7.048640e-01 2.144000e-03 2.929920e-01
386 7.045600e-01 1.996000e-03 2.934440e-01
387 7.042800e-01 1.920000e-03 2.938000e-01
388 7.039040e-01 1.952000e-03 2.941440e-01
389 7.035880e-01 1.984000e-03 2.944280e-01
390 7.032080e-01 2.008000e-03 2.947840e-01
391 7.028720e-01 1.984000e-03 2.951440e-01
392 7.025320e-01 1.980000e-03 2.954880e-01
393 7.022360e-01 1.908000e-03 2.958560e-01
394 7.019240e-01 1.852000e-03 2.962240e-01
395 7.016320e-01 1.796000e-03 2.965720e-01
396 7.013760e-01 1.724000e-03 2.969000e-01
397 7.010920e-01 1.720000e-03 2.971880e-01
398 7.008520e-01 1.680000e-03 2.974680e-01
399 7.005480e-01 1.632000e-03 2.978200e-01
400 7.002720e-01 1.552000e-03 2.981760e-01
401 7.001000e-01 1.420000e-03 2.984800e-01
402 6.998600e-01 1.380000e-03 2.987600e-01
403 6.996760e-01 1.296000e-03 2.990280e-01
404 6.994720e-01 1.244000e-03 2.992840e-01
405 6.992520e-01 1.220000e-03 2.995280e-01
406 6.990360e-01 1.244000e-03 2.997200e-01
407 6.987920e-01 1.272000e-03 2.999360e-01
408 6.985000e-01 1.372000e-03 3.001280e-01
409 6.982520e-01 1.356000e-03 3.003920e-01
410 6.979520e-01 1.428000e-03 3.006200e-01
411 6.976840e-01 1.420000e-03 3.008960e-01
412 6.974120e-01 1.488000e-03 3.011000e-01
413 6.971000e-01 1.580000e-03 3.013200e-01
414 6.967320e-01 1.700000e-03 3.015680e-01
415 6.963480e-01 1.784000e-03 3.018680e-01
416 6.959400e-01 1.928000e-03 3.021320e-01
417 6.956160e-01 1.848000e-03 3.025360e-01
418 6.952280e-01 1.924000e-03 3.028480e-01
419 6.948720e-01 1.912000e-03 3.032160e-01
420 6.944400e-01 1.968000e-03 3.035920e-01
421 6.941440e-01 1.952000e-03 3.039040e-01
422 6.937760e-01 2.012000e-03 3.042120e-01
423 6.934360e-01 1.968000e-03 3.045960e-01
424 6.931760e-01 1.920000e-03 3.049040e-01
425 6.929560e-01 1.780000e-03 3.052640e-01
426 6.926360e-01 1.800000e-03 3.055640e-01
427 6.923800e-01 1.724000e-03 3.058960e-01
428 6.921080e-01 1.736000e-03 3.061560e-01
429 6.918080e-01 1.712000e-03 3.064800e-01
430 6.915240e-01 1.712000e-03 3.067640e-01
431 6.912440e-01 1.676000e-03 3.070800e-01
432 6.909880e-01 1.648000e-03 3.073640e-01
433 6.907480e-01 1.656000e-03 3.075960e-01
434 6.904640e-01 1.672000e-03 3.078640e-01
435 6.902400e-01 1.584000e-03 3.081760e-01
436 6.900280e-01 1.492000e-03 3.084800e-01
437 6.897120e-01 1.496000e-03 3.087920e-01
438 6.894920e-01 1.388000e-03 3.091200e-01
439 6.893280e-01 1.288000e-03 3.093840e-01
440 6.891520e-01 1.240000e-03 3.096080e-01
441 6.889680e-01 1.252000e-03 3.097800e-01
442 6.888000e-01 1.220000e-03 3.099800e-01
443 6.886040e-01 1.204000e-03 3.101920e-01
444 6.884240e-01 1.148000e-03 3.104280e-01
445 6.882400e-01 1.160000e-03 3.106000e-01
446 6.880240e-01 1.184000e-03 3.107920e-01
447 6.878440e-01 1.176000e-03 3.109800e-01
448 6.876040e-01 1.176000e-03 3.112200e-01
449 6.873480e-01 1.188000e-03 3.114640e-01
450 6.871480e-01 1.140000e-03 3.117120e-01
451 6.869640e-01 1.092000e-03 3.119440e-01
452 6.867600e-01 1.092000e-03 3.121480e-01
453 6.865360e-01 1.120000e-03 3.123440e-01
454 6.862880e-01 1.188000e-03 3.125240e-01
455 6.860960e-01 1.124000e-03 3.127800e-01
456 6.858200e-01 1.244000e-03 3.129360e-01
457 6.856040e-01 1.240000e-03 3.131560e-01
458 6.853560e-01 1.220000e-03 3.134240e-01
459 6.851600e-01 1.252000e-03 3.135880e-01
460 6.848480e-01 1.368000e-03 3.137840e-01
461 6.845880e-01 1.376000e-03 3.140360e-01
462 6.842960e-01 1.404000e-03 3.143000e-01
463 6.840520e-01 1.432000e-03 3.145160e-01
464 6.838120e-01 1.404000e-03 3.147840e-01
465 6.835880e-01 1.372000e-03 3.150400e-01
466 6.832680e-01 1.416000e-03 3.153160e-01
467 6.829600e-01 1.468000e-03 3.155720e-01
468 6.827160e-01 1.516000e-03 3.157680e-01
469 6.824160e-01 1.580000e-03 3.160040e-01
470 6.821520e-01 1.572000e-03 3.162760e-01
471 6.818440e-01 1.620000e-03 3.165360e-01
472 6.816000e-01 1.544000e-03 3.168560e-01
473 6.813160e-01 1.564000e-03 3.171200e-01
474 6.810560e-01 1.588000e-03 3.173560e-01
475 6.808240e-01 1.536000e-03 3.176400e-01
476 6.805360e-01 1.552000e-03 3.179120e-01
477 6.802720e-01 1.536000e-03 3.181920e-01
478 6.800000e-01 1.528000e-03 3.184720e-01
479 6.797600e-01 1.472000e-03 3.187680e-01
480 6.794920e-01 1.504000e-03 3.190040e-01
481 6.792440e-01 1.568000e-03 3.191880e-01
482 6.789280e-01 1.608000e-03 3.194640e-01
483 6.786760e-01 1.572000e-03 3.197520e-01
484 6.784400e-01 1.488000e-03 3.200720e-01
485 6.780960e-01 1.588000e-03 3.203160e-01
486 6.777840e-01 1.616000e-03 3.206000e-01
487 6.775160e-01 1.620000e-03 3.208640e-01
488 6.772800e-01 1.576000e-03 3.211440e-01
489 6.769960e-01 1.596000e-03 3.214080e-01
490 6.767120e-01 1.620000e-03 3.216680e-01
491 6.764080e-01 1.632000e-03 3.219600e-01
492 6.762160e-01 1.576000e-03 3.222080e-01
493 6.759160e-01 1.600000e-03 3.224840e-01
494 6.756040e-01 1.592000e-03 3.228040e-01
495 6.753400e-01 1.568000e-03 3.230920e-01
496 6.750920e-01 1.556000e-03 3.233520e-01
497 6.747880e-01 1.604000e-03 3.236080e-01
498 6.744840e-01 1.660000e-03 3.238560e-01
499 6.741920e-01 1.636000e-03 3.241720e-01
500 6.738680e-01 1.708000e-03 3.244240e-01
