1 9.992880e-01 6.240000e-04 8.800000e-05
2 9.987720e-01 1.028000e-03 2.000000e-04
3 9.980200e-01 1.556000e-03 4.240000e-04
4 9.972520e-01 1.992000e-03 7.560000e-04
5 9.964200e-01 2.360000e-03 1.220000e-03
6 9.954720e-01 2.852000e-03 1.676000e-03
7 9.945280e-01 3.240000e-03 2.232000e-03
8 9.934960e-01 3.724000e-03 2.780000e-03
9 9.924320e-01 4.092000e-03 3.476000e-03
10 9.911600e-01 4.600000e-03 4.240000e-03
11 9.899560e-01 4.940000e-03 5.104000e-03
12 9.888080e-01 5.164000e-03 6.028000e-03
13 9.876360e-01 5.536000e-03 6.828000e-03
14 9.863240e-01 5.876000e-03 7.800000e-03
15 9.850680e-01 6.012000e-03 8.920000e-03
16 9.838360e-01 6.220000e-03 9.944000e-03
17 9.825320e-01 6.364000e-03 1.110400e-02
18 9.810040e-01 6.784000e-03 1.221200e-02
19 9.796480e-01 7.084000e-03 1.326800e-02
20 9.782800e-01 7.220000e-03 1.450000e-02
21 9.768480e-01 7.368000e-03 1.578400e-02
22 9.753560e-01 7.592000e-03 1.705200e-02
23 9.738120e-01 7.808000e-03 1.838000e-02
24 9.723680e-01 7.884000e-03 1.974800e-02
25 9.709200e-01 7.856000e-03 2.122400e-02
26 9.694040e-01 7.920000e-03 2.267600e-02
27 9.679480e-01 8.012000e-03 2.404000e-02
28 9.664440e-01 8.052000e-03 2.550400e-02
29 9.648160e-01 8.180000e-03 2.700400e-02
30 9.632200e-01 8.468000e-03 2.831200e-02
31 9.618680e-01 8.288000e-03 2.984400e-02
32 9.603480e-01 8.388000e-03 3.126400e-02
33 9.587920e-01 8.576000e-03 3.263200e-02
34 9.572560e-01 8.504000e-03 3.424000e-02
35 9.556680e-01 8.500000e-03 3.583200e-02
36 9.541560e-01 8.472000e-03 3.737200e-02
37 9.526120e-01 8.552000e-03 3.883600e-02
38 9.511440e-01 8.408000e-03 4.044800e-02
39 9.496040e-01 8.372000e-03 4.202400e-02
40 9.480080e-01 8.536000e-03 4.345600e-02
41 9.463320e-01 8.700000e-03 4.496800e-02
42 9.447720e-01 8.736000e-03 4.649200e-02
43 9.432400e-01 8.680000e-03 4.808000e-02
44 9.416600e-01 8.808000e-03 4.953200e-02
45 9.402040e-01 8.752000e-03 5.104400e-02
46 9.387360e-01 8.764000e-03 5.250000e-02
47 9.372080e-01 8.816000e-03 5.397600e-02
48 9.357000e-01 8.732000e-03 5.556800e-02
49 9.341840e-01 8.572000e-03 5.724400e-02
50 9.325360e-01 8.660000e-03 5.880400e-02
51 9.310720e-01 8.524000e-03 6.040400e-02
52 9.295080e-01 8.580000e-03 6.191200e-02
53 9.278320e-01 8.628000e-03 6.354000e-02
54 9.262520e-01 8.812000e-03 6.493600e-02
55 9.247480e-01 8.668000e-03 6.658400e-02
56 9.231960e-01 8.760000e-03 6.804400e-02
57 9.215840e-01 8.796000e-03 6.962000e-02
58 9.201200e-01 8.720000e-03 7.116000e-02
59 9.186400e-01 8.628000e-03 7.273200e-02
60 9.172000e-01 8.540000e-03 7.426000e-02
61 9.155320e-01 8.600000e-03 7.586800e-02
62 9.140600e-01 8.564000e-03 7.737600e-02
63 9.127120e-01 8.496000e-03 7.879200e-02
64 9.111560e-01 8.564000e-03 8.028000e-02
65 9.097760e-01 8.472000e-03 8.175200e-02
66 9.082160e-01 8.620000e-03 8.316400e-02
67 9.067560e-01 8.572000e-03 8.467200e-02
68 9.053640e-01 8.452000e-03 8.618400e-02
69 9.038320e-01 8.500000e-03 8.766800e-02
70 9.024320e-01 8.400000e-03 8.916800e-02
71 9.011880e-01 8.204000e-03 9.060800e-02
72 8.998040e-01 8.140000e-03 9.205600e-02
73 8.985360e-01 8.084000e-03 9.338000e-02
74 8.970160e-01 8.328000e-03 9.465600e-02
75 8.956040e-01 8.236000e-03 9.616000e-02
76 8.941840e-01 8.252000e-03 9.756400e-02
77 8.926960e-01 8.300000e-03 9.900400e-02
78 8.911800e-01 8.488000e-03 1.003320e-01
79 8.896840e-01 8.504000e-03 1.018120e-01
80 8.881960e-01 8.524000e-03 1.032800e-01
81 8.867240e-01 8.524000e-03 1.047520e-01
82 8.850400e-01 8.760000e-03 1.062000e-01
83 8.834520e-01 8.728000e-03 1.078200e-01
84 8.819520e-01 8.636000e-03 1.094120e-01
85 8.804560e-01 8.532000e-03 1.110120e-01
86 8.788800e-01 8.480000e-03 1.126400e-01
87 8.774800e-01 8.328000e-03 1.141920e-01
88 8.761280e-01 8.244000e-03 1.156280e-01
89 8.747200e-01 8.232000e-03 1.170480e-01
90 8.733920e-01 7.960000e-03 1.186480e-01
91 8.720680e-01 7.972000e-03 1.199600e-01
92 8.707200e-01 8.016000e-03 1.212640e-01
93 8.691960e-01 8.212000e-03 1.225920e-01
94 8.677560e-01 8.256000e-03 1.239880e-01
95 8.663520e-01 8.232000e-03 1.254160e-01
96 8.649120e-01 8.220000e-03 1.268680e-01
97 8.634960e-01 8.272000e-03 1.282320e-01
98 8.620280e-01 8.184000e-03 1.297880e-01
99 8.605960e-01 8.196000e-03 1.312080e-01
100 8.592400e-01 8.200000e-03 1.325600e-01
101 8.577240e-01 8.204000e-03 1.340720e-01
102 8.563160e-01 8.104000e-03 1.355800e-01
103 8.550760e-01 8.024000e-03 1.369000e-01
104 8.538280e-01 7.960000e-03 1.382120e-01
105 8.523840e-01 8.024000e-03 1.395920e-01
106 8.510320e-01 8.080000e-03 1.408880e-01
107 8.496120e-01 8.172000e-03 1.422160e-01
108 8.482080e-01 8.152000e-03 1.436400e-01
109 8.467760e-01 8.152000e-03 1.450720e-01
110 8.453480e-01 8.032000e-03 1.466200e-01
111 8.441800e-01 7.780000e-03 1.480400e-01
112 8.429000e-01 7.700000e-03 1.494000e-01
113 8.416160e-01 7.648000e-03 1.507360e-01
114 8.403480e-01 7.616000e-03 1.520360e-01
115 8.391640e-01 7.564000e-03 1.532720e-01
116 8.380120e-01 7.500000e-03 1.544880e-01
117 8.367840e-01 7.528000e-03 1.556880e-01
118 8.355600e-01 7.428000e-03 1.570120e-01
119 8.344040e-01 7.292000e-03 1.583040e-01
120 8.331520e-01 7.328000e-03 1.595200e-01
121 8.318680e-01 7.264000e-03 1.608680e-01
122 8.305680e-01 7.212000e-03 1.622200e-01
123 8.291720e-01 7.360000e-03 1.634680e-01
124 8.278520e-01 7.468000e-03 1.646800e-01
125 8.265840e-01 7.340000e-03 1.660760e-01
126 8.251560e-01 7.544000e-03 1.673000e-01
127 8.237640e-01 7.712000e-03 1.685240e-01
128 8.223720e-01 7.684000e-03 1.699440e-01
129 8.209360e-01 7.716000e-03 1.713480e-01
130 8.197440e-01 7.596000e-03 1.726600e-01
131 8.184760e-01 7.528000e-03 1.739960e-01
132 8.172520e-01 7.420000e-03 1.753280e-01
133 8.159880e-01 7.456000e-03 1.765560e-01
134 8.146800e-01 7.460000e-03 1.778600e-01
135 8.133840e-01 7.480000e-03 1.791360e-01
136 8.121120e-01 7.624000e-03 1.802640e-01
137 8.108600e-01 7.484000e-03 1.816560e-01
138 8.095160e-01 7.504000e-03 1.829800e-01
139 8.084440e-01 7.288000e-03 1.842680e-01
140 8.073480e-01 7.036000e-03 1.856160e-01
141 8.062320e-01 6.952000e-03 1.868160e-01
142 8.050560e-01 6.892000e-03 1.880520e-01
143 8.039880e-01 6.796000e-03 1.892160e-01
144 8.028920e-01 6.680000e-03 1.904280e-01
145 8.018040e-01 6.684000e-03 1.915120e-01
146 8.007560e-01 6.512000e-03 1.927320e-01
147 7.997000e-01 6.472000e-03 1.938280e-01
148 7.987240e-01 6.304000e-03 1.949720e-01
149 7.977640e-01 6.212000e-03 1.960240e-01
150 7.967320e-01 6.240000e-03 1.970280e-01
151 7.957720e-01 6.160000e-03 1.980680e-01
152 7.948880e-01 6.000000e-03 1.991120e-01
153 7.938880e-01 5.972000e-03 2.001400e-01
154 7.928560e-01 6.092000e-03 2.010520e-01
155 7.917760e-01 6.184000e-03 2.020400e-01
156 7.908520e-01 6.084000e-03 2.030640e-01
157 7.898720e-01 5.980000e-03 2.041480e-01
158 7.888280e-01 5.972000e-03 2.052000e-01
159 7.878280e-01 5.984000e-03 2.061880e-01
160 7.868840e-01 5.876000e-03 2.072400e-01
161 7.858760e-01 5.752000e-03 2.083720e-01
162 7.847440e-01 5.876000e-03 2.093800e-01
163 7.838520e-01 5.780000e-03 2.103680e-01
164 7.829080e-01 5.724000e-03 2.113680e-01
165 7.819720e-01 5.552000e-03 2.124760e-01
166 7.809720e-01 5.580000e-03 2.134480e-01
167 7.799280e-01 5.632000e-03 2.144400e-01
168 7.787440e-01 5.720000e-03 2.155360e-01
169 7.776360e-01 5.796000e-03 2.165680e-01
170 7.766400e-01 5.832000e-03 2.175280e-01
171 7.756360e-01 5.856000e-03 2.185080e-01
172 7.745800e-01 5.936000e-03 2.194840e-01
173 7.733920e-01 6.116000e-03 2.204920e-01
174 7.722680e-01 6.164000e-03 2.215680e-01
175 7.711520e-01 6.140000e-03 2.227080e-01
176 7.700360e-01 6.168000e-03 2.237960e-01
177 7.689760e-01 6.064000e-03 2.249600e-01
178 7.679920e-01 5.908000e-03 2.261000e-01
179 7.669880e-01 5.868000e-03 2.271440e-01
180 7.659280e-01 5.840000e-03 2.282320e-01
181 7.648960e-01 5.948000e-03 2.291560e-01
182 7.639600e-01 5.856000e-03 2.301840e-01
183 7.628560e-01 5.912000e-03 2.312320e-01
184 7.618400e-01 5.876000e-03 2.322840e-01
185 7.608200e-01 5.880000e-03 2.333000e-01
186 7.599080e-01 5.772000e-03 2.343200e-01
187 7.589120e-01 5.748000e-03 2.353400e-01
188 7.578040e-01 5.872000e-03 2.363240e-01
189 7.567440e-01 5.964000e-03 2.372920e-01
190 7.557240e-01 5.968000e-03 2.383080e-01
191 7.547560e-01 5.892000e-03 2.393520e-01
192 7.538960e-01 5.800000e-03 2.403040e-01
193 7.529640e-01 5.656000e-03 2.413800e-01
194 7.521240e-01 5.576000e-03 2.423000e-01
195 7.511640e-01 5.584000e-03 2.432520e-01
196 7.502800e-01 5.508000e-03 2.442120e-01
197 7.493720e-01 5.500000e-03 2.451280e-01
198 7.484280e-01 5.548000e-03 2.460240e-01
199 7.475120e-01 5.456000e-03 2.470320e-01
200 7.466080e-01 5.428000e-03 2.479640e-01
201 7.456360e-01 5.376000e-03 2.489880e-01
202 7.447560e-01 5.316000e-03 2.499280e-01
203 7.439560e-01 5.240000e-03 2.508040e-01
204 7.431440e-01 5.232000e-03 2.516240e-01
205 7.423000e-01 5.128000e-03 2.525720e-01
206 7.415000e-01 5.008000e-03 2.534920e-01
207 7.405160e-01 5.076000e-03 2.544080e-01
208 7.396480e-01 5.016000e-03 2.553360e-01
209 7.388800e-01 4.860000e-03 2.562600e-01
210 7.380880e-01 4.816000e-03 2.570960e-01
211 7.373000e-01 4.776000e-03 2.579240e-01
212 7.365560e-01 4.664000e-03 2.587800e-01
213 7.358120e-01 4.580000e-03 2.596080e-01
214 7.349720e-01 4.624000e-03 2.604040e-01
215 7.341760e-01 4.656000e-03 2.611680e-01
216 7.334800e-01 4.488000e-03 2.620320e-01
217 7.327760e-01 4.376000e-03 2.628480e-01
218 7.320960e-01 4.380000e-03 2.635240e-01
219 7.313680e-01 4.312000e-03 2.643200e-01
220 7.306240e-01 4.360000e-03 2.650160e-01
221 7.298160e-01 4.456000e-03 2.657280e-01
222 7.290720e-01 4.388000e-03 2.665400e-01
223 7.282800e-01 4.340000e-03 2.673800e-01
224 7.275640e-01 4.284000e-03 2.681520e-01
225 7.268120e-01 4.240000e-03 2.689480e-01
226 7.261560e-01 4.100000e-03 2.697440e-01
227 7.254800e-01 4.004000e-03 2.705160e-01
228 7.248240e-01 3.868000e-03 2.713080e-01
229 7.241640e-01 3.908000e-03 2.719280e-01
230 7.233080e-01 4.084000e-03 2.726080e-01
231 7.224640e-01 4.264000e-03 2.732720e-01
232 7.216840e-01 4.232000e-03 2.740840e-01
233 7.209280e-01 4.316000e-03 2.747560e-01
234 7.201440e-01 4.444000e-03 2.754120e-01
235 7.193520e-01 4.488000e-03 2.761600e-01
236 7.186840e-01 4.268000e-03 2.770480e-01
237 7.179440e-01 4.328000e-03 2.777280e-01
238 7.170720e-01 4.436000e-03 2.784920e-01
239 7.163840e-01 4.428000e-03 2.791880e-01
240 7.155560e-01 4.536000e-03 2.799080e-01
241 7.149320e-01 4.288000e-03 2.807800e-01
242 7.142720e-01 4.268000e-03 2.814600e-01
243 7.135040e-01 4.328000e-03 2.821680e-01
244 7.127560e-01 4.292000e-03 2.829520e-01
245 7.120480e-01 4.272000e-03 2.836800e-01
246 7.112280e-01 4.420000e-03 2.843520e-01
247 7.103080e-01 4.608000e-03 2.850840e-01
248 7.095080e-01 4.576000e-03 2.859160e-01
249 7.087080e-01 4.568000e-03 2.867240e-01
250 7.079280e-01 4.544000e-03 2.875280e-01
251 7.069640e-01 4.716000e-03 2.883200e-01
252 7.060080e-01 4.932000e-03 2.890600e-01
253 7.051320e-01 4.860000e-03 2.900080e-01
254 7.043040e-01 4.812000e-03 2.908840e-01
255 7.035760e-01 4.640000e-03 2.917840e-01
256 7.028200e-01 4.564000e-03 2.926160e-01
257 7.021200e-01 4.432000e-03 2.934480e-01
258 7.012640e-01 4.504000e-03 2.942320e-01
259 7.005960e-01 4.360000e-03 2.950440e-01
260 6.998440e-01 4.328000e-03 2.958280e-01
261 6.991040e-01 4.264000e-03 2.966320e-01
262 6.983520e-01 4.264000e-03 2.973840e-01
263 6.976000e-01 4.276000e-03 2.981240e-01
264 6.968160e-01 4.424000e-03 2.987600e-01
265 6.960920e-01 4.392000e-03 2.995160e-01
266 6.953960e-01 4.340000e-03 3.002640e-01
267 6.946120e-01 4.332000e-03 3.010560e-01
268 6.939160e-01 4.320000e-03 3.017640e-01
269 6.932520e-01 4.184000e-03 3.025640e-01
270 6.926400e-01 4.092000e-03 3.032680e-01
271 6.919840e-01 4.032000e-03 3.039840e-01
272 6.912840e-01 4.056000e-03 3.046600e-01
273 6.907120e-01 3.968000e-03 3.053200e-01
274 6.900680e-01 3.896000e-03 3.060360e-01
275 6.894600e-01 3.788000e-03 3.067520e-01
276 6.888840e-01 3.664000e-03 3.074520e-01
277 6.883080e-01 3.660000e-03 3.080320e-01
278 6.877280e-01 3.588000e-03 3.086840e-01
279 6.871440e-01 3.484000e-03 3.093720e-01
280 6.865200e-01 3.504000e-03 3.099760e-01
281 6.859600e-01 3.472000e-03 3.105680e-01
282 6.853000e-01 3.556000e-03 3.111440e-01
283 6.846800e-01 3.544000e-03 3.117760e-01
284 6.840960e-01 3.504000e-03 3.124000e-01
285 6.833560e-01 3.612000e-03 3.130320e-01
286 6.827080e-01 3.576000e-03 3.137160e-01
287 6.820000e-01 3.608000e-03 3.143920e-01
288 6.813600e-01 3.684000e-03 3.149560e-01
289 6.806400e-01 3.736000e-03 3.156240e-01
290 6.800720e-01 3.596000e-03 3.163320e-01
291 6.794440e-01 3.596000e-03 3.169600e-01
292 6.788840e-01 3.452000e-03 3.176640e-01
293 6.782280e-01 3.504000e-03 3.182680e-01
294 6.776240e-01 3.536000e-03 3.188400e-01
295 6.770760e-01 3.400000e-03 3.195240e-01
296 6.765680e-01 3.300000e-03 3.201320e-01
297 6.760720e-01 3.284000e-03 3.206440e-01
298 6.755040e-01 3.280000e-03 3.212160e-01
299 6.749440e-01 3.288000e-03 3.217680e-01
300 6.744160e-01 3.276000e-03 3.223080e-01
301 6.738080e-01 3.328000e-03 3.228640e-01
302 6.733320e-01 3.272000e-03 3.233960e-01
303 6.728040e-01 3.220000e-03 3.239760e-01
304 6.723440e-01 3.160000e-03 3.244960e-01
305 6.719400e-01 3.008000e-03 3.250520e-01
306 6.714200e-01 3.008000e-03 3.255720e-01
307 6.709440e-01 2.940000e-03 3.261160e-01
308 6.704600e-01 3.012000e-03 3.265280e-01
309 6.699640e-01 2.932000e-03 3.271040e-01
310 6.694160e-01 2.992000e-03 3.275920e-01
311 6.688800e-01 2.904000e-03 3.282160e-01
312 6.684400e-01 2.848000e-03 3.287120e-01
313 6.679000e-01 2.952000e-03 3.291480e-01
314 6.674680e-01 2.932000e-03 3.296000e-01
315 6.669400e-01 2.900000e-03 3.301600e-01
316 6.664440e-01 2.860000e-03 3.306960e-01
317 6.659880e-01 2.816000e-03 3.311960e-01
318 6.655000e-01 2.860000e-03 3.316400e-01
319 6.650720e-01 2.776000e-03 3.321520e-01
320 6.646200e-01 2.724000e-03 3.326560e-01
321 6.641800e-01 2.660000e-03 3.331600e-01
322 6.637680e-01 2.560000e-03 3.336720e-01
323 6.633200e-01 2.564000e-03 3.341160e-01
324 6.628120e-01 2.664000e-03 3.345240e-01
325 6.623040e-01 2.728000e-03 3.349680e-01
326 6.618680e-01 2.664000e-03 3.354680e-01
327 6.613520e-01 2.696000e-03 3.359520e-01
328 6.608880e-01 2.760000e-03 3.363520e-01
329 6.604440e-01 2.756000e-03 3.368000e-01
330 6.599120e-01 2.784000e-03 3.373040e-01
331 6.595200e-01 2.700000e-03 3.377800e-01
332 6.590880e-01 2.596000e-03 3.383160e-01
333 6.587080e-01 2.544000e-03 3.387480e-01
334 6.583160e-01 2.568000e-03 3.391160e-01
335 6.578760e-01 2.552000e-03 3.395720e-01
336 6.574200e-01 2.568000e-03 3.400120e-01
337 6.569920e-01 2.488000e-03 3.405200e-01
338 6.565840e-01 2.484000e-03 3.409320e-01
339 6.561280e-01 2.576000e-03 3.412960e-01
340 6.557040e-01 2.496000e-03 3.418000e-01
341 6.553480e-01 2.456000e-03 3.421960e-01
342 6.549240e-01 2.468000e-03 3.426080e-01
343 6.545240e-01 2.464000e-03 3.430120e-01
344 6.541480e-01 2.356000e-03 3.434960e-01
345 6.537640e-01 2.272000e-03 3.439640e-01
346 6.534400e-01 2.156000e-03 3.444040e-01
347 6.531320e-01 2.108000e-03 3.447600e-01
348 6.528240e-01 2.136000e-03 3.450400e-01
349 6.525720e-01 1.984000e-03 3.454440e-01
350 6.523080e-01 1.864000e-03 3.458280e-01
351 6.520560e-01 1.832000e-03 3.461120e-01
352 6.517480e-01 1.804000e-03 3.464480e-01
353 6.514640e-01 1.776000e-03 3.467600e-01
354 6.512240e-01 1.736000e-03 3.470400e-01
355 6.510000e-01 1.728000e-03 3.472720e-01
356 6.507240e-01 1.672000e-03 3.476040e-01
357 6.504400e-01 1.656000e-03 3.479040e-01
358 6.501640e-01 1.684000e-03 3.481520e-01
359 6.498440e-01 1.712000e-03 3.484440e-01
360 6.495280e-01 1.728000e-03 3.487440e-01
361 6.491760e-01 1.772000e-03 3.490520e-01
362 6.488520e-01 1.788000e-03 3.493600e-01
363 6.485840e-01 1.756000e-03 3.496600e-01
364 6.483360e-01 1.708000e-03 3.499560e-01
365 6.480400e-01 1.688000e-03 3.502720e-01
366 6.478440e-01 1.596000e-03 3.505600e-01
367 6.476080e-01 1.556000e-03 3.508360e-01
368 6.473720e-01 1.508000e-03 3.511200e-01
369 6.471640e-01 1.448000e-03 3.513880e-01
370 6.469240e-01 1.464000e-03 3.516120e-01
371 6.466960e-01 1.472000e-03 3.518320e-01
372 6.464960e-01 1.416000e-03 3.520880e-01
373 6.462520e-01 1.428000e-03 3.523200e-01
374 6.460200e-01 1.360000e-03 3.526200e-01
375 6.457880e-01 1.300000e-03 3.529120e-01
376 6.455920e-01 1.272000e-03 3.531360e-01
377 6.454080e-01 1.228000e-03 3.533640e-01
378 6.451880e-01 1.296000e-03 3.535160e-01
379 6.449880e-01 1.224000e-03 3.537880e-01
380 6.447800e-01 1.248000e-03 3.539720e-01
381 6.445200e-01 1.332000e-03 3.541480e-01
382 6.442640e-01 1.372000e-03 3.543640e-01
383 6.440320e-01 1.380000e-03 3.545880e-01
384 6.438280e-01 1.344000e-03 3.548280e-01
385 6.436560e-01 1.284000e-03 3.550600e-01
386 6.433880e-01 1.296000e-03 3.553160e-01
387 6.431440e-01 1.292000e-03 3.555640e-01
388 6.428800e-01 1.328000e-03 3.557920e-01
389 6.426440e-01 1.352000e-03 3.560040e-01
390 6.423840e-01 1.372000e-03 3.562440e-01
391 6.421400e-01 1.336000e-03 3.565240e-01
392 6.418920e-01 1.304000e-03 3.568040e-01
393 6.417040e-01 1.272000e-03 3.570240e-01
394 6.414120e-01 1.300000e-03 3.572880e-01
395 6.411560e-01 1.324000e-03 3.575200e-01
396 6.408840e-01 1.336000e-03 3.577800e-01
397 6.405760e-01 1.412000e-03 3.580120e-01
398 6.403240e-01 1.368000e-03 3.583080e-01
399 6.401400e-01 1.312000e-03 3.585480e-01
400 6.398960e-01 1.340000e-03 3.587640e-01
401 6.396720e-01 1.320000e-03 3.590080e-01
402 6.394360e-01 1.276000e-03 3.592880e-01
403 6.391960e-01 1.288000e-03 3.595160e-01
404 6.389720e-01 1.284000e-03 3.597440e-01
405 6.387680e-01 1.256000e-03 3.599760e-01
406 6.385520e-01 1.276000e-03 3.601720e-01
407 6.383080e-01 1.252000e-03 3.604400e-01
408 6.381000e-01 1.224000e-03 3.606760e-01
409 6.378240e-01 1.292000e-03 3.608840e-01
410 6.375800e-01 1.296000e-03 3.611240e-01
411 6.373520e-01 1.312000e-03 3.613360e-01
412 6.371520e-01 1.236000e-03 3.616120e-01
413 6.370080e-01 1.144000e-03 3.618480e-01
414 6.368120e-01 1.176000e-03 3.620120e-01
415 6.366520e-01 1.136000e-03 3.622120e-01
416 6.364800e-01 1.144000e-03 3.623760e-01
417 6.362880e-01 1.184000e-03 3.625280e-01
418 6.360560e-01 1.196000e-03 3.627480e-01
419 6.358120e-01 1.216000e-03 3.629720e-01
420 6.355880e-01 1.256000e-03 3.631560e-01
421 6.353720e-01 1.284000e-03 3.633440e-01
422 6.350200e-01 1.360000e-03 3.636200e-01
423 6.347520e-01 1.380000e-03 3.638680e-01
424 6.345360e-01 1.320000e-03 3.641440e-01
425 6.343240e-01 1.260000e-03 3.644160e-01
426 6.341480e-01 1.196000e-03 3.646560e-01
427 6.339520e-01 1.188000e-03 3.648600e-01
428 6.337400e-01 1.184000e-03 3.650760e-01
429 6.335680e-01 1.152000e-03 3.652800e-01
430 6.333920e-01 1.156000e-03 3.654520e-01
431 6.331680e-01 1.184000e-03 3.656480e-01
432 6.329880e-01 1.144000e-03 3.658680e-01
433 6.328160e-01 1.144000e-03 3.660400e-01
434 6.325800e-01 1.144000e-03 3.662760e-01
435 6.324640e-01 1.064000e-03 3.664720e-01
436 6.322840e-01 1.056000e-03 3.666600e-01
437 6.321040e-01 1.052000e-03 3.668440e-01
438 6.319240e-01 1.008000e-03 3.670680e-01
439 6.317720e-01 9.800000e-04 3.672480e-01
440 6.316120e-01 9.640000e-04 3.674240e-01
441 6.314760e-01 9.200000e-04 3.676040e-01
442 6.312840e-01 9.720000e-04 3.677440e-01
443 6.311880e-01 8.680000e-04 3.679440e-01
444 6.310320e-01 8.920000e-04 3.680760e-01
445 6.308960e-01 8.720000e-04 3.682320e-01
446 6.307320e-01 9.080000e-04 3.683600e-01
447 6.306200e-01 8.440000e-04 3.685360e-01
448 6.304640e-01 8.120000e-04 3.687240e-01
449 6.302720e-01 8.920000e-04 3.688360e-01
450 6.301320e-01 8.920000e-04 3.689760e-01
451 6.299360e-01 9.400000e-04 3.691240e-01
452 6.297320e-01 9.800000e-04 3.692880e-01
453 6.295080e-01 1.000000e-03 3.694920e-01
454 6.292960e-01 1.016000e-03 3.696880e-01
455 6.290840e-01 1.040000e-03 3.698760e-01
456 6.288600e-01 1.128000e-03 3.700120e-01
457 6.286680e-01 1.156000e-03 3.701760e-01
458 6.284240e-01 1.192000e-03 3.703840e-01
459 6.281840e-01 1.220000e-03 3.705960e-01
460 6.280360e-01 1.144000e-03 3.708200e-01
461 6.278560e-01 1.112000e-03 3.710320e-01
462 6.276560e-01 1.188000e-03 3.711560e-01
463 6.274560e-01 1.152000e-03 3.713920e-01
464 6.272680e-01 1.144000e-03 3.715880e-01
465 6.270800e-01 1.140000e-03 3.717800e-01
466 6.269040e-01 1.128000e-03 3.719680e-01
467 6.267240e-01 1.076000e-03 3.722000e-01
468 6.265880e-01 1.012000e-03 3.724000e-01
469 6.264560e-01 1.004000e-03 3.725400e-01
470 6.262720e-01 1.028000e-03 3.727000e-01
471 6.261040e-01 1.024000e-03 3.728720e-01
472 6.259800e-01 9.800000e-04 3.730400e-01
473 6.258360e-01 9.560000e-04 3.732080e-01
474 6.257360e-01 8.920000e-04 3.733720e-01
475 6.256160e-01 8.160000e-04 3.735680e-01
476 6.254720e-01 8.360000e-04 3.736920e-01
477 6.253520e-01 8.040000e-04 3.738440e-01
478 6.252280e-01 7.880000e-04 3.739840e-01
479 6.251080e-01 7.960000e-04 3.740960e-01
480 6.249880e-01 7.720000e-04 3.742400e-01
481 6.248480e-01 7.920000e-04 3.743600e-01
482 6.246440e-01 8.480000e-04 3.745080e-01
483 6.245720e-01 7.800000e-04 3.746480e-01
484 6.244360e-01 7.600000e-04 3.748040e-01
485 6.243040e-01 7.600000e-04 3.749360e-01
486 6.241800e-01 7.720000e-04 3.750480e-01
487 6.240240e-01 7.760000e-04 3.752000e-01
488 6.239320e-01 7.400000e-04 3.753280e-01
489 6.237600e-01 8.320000e-04 3.754080e-01
490 6.235440e-01 9.120000e-04 3.755440e-01
491 6.233480e-01 9.360000e-04 3.757160e-01
492 6.232280e-01 9.040000e-04 3.758680e-01
493 6.230240e-01 9.320000e-04 3.760440e-01
494 6.228000e-01 9.400000e-04 3.762600e-01
495 6.226000e-01 9.800000e-04 3.764200e-01
496 6.223640e-01 1.048000e-03 3.765880e-01
497 6.221480e-01 1.064000e-03 3.767880e-01
498 6.219480e-01 1.084000e-03 3.769680e-01
499 6.217600e-01 1.132000e-03 3.771080e-01
500 6.216360e-01 1.016000e-03 3.773480e-01
