1 9.991560e-01 7.320000e-04 1.120000e-04
2 9.987240e-01 1.008000e-03 2.680000e-04
3 9.980960e-01 1.408000e-03 4.960000e-04
4 9.974640e-01 1.784000e-03 7.520000e-04
5 9.968040e-01 2.084000e-03 1.112000e-03
6 9.960280e-01 2.448000e-03 1.524000e-03
7 9.952640e-01 2.708000e-03 2.028000e-03
8 9.943880e-01 3.076000e-03 2.536000e-03
9 9.935080e-01 3.412000e-03 3.080000e-03
10 9.925000e-01 3.816000e-03 3.684000e-03
11 9.914640e-01 4.172000e-03 4.364000e-03
12 9.903720e-01 4.484000e-03 5.144000e-03
13 9.893280e-01 4.768000e-03 5.904000e-03
14 9.880960e-01 5.160000e-03 6.744000e-03
15 9.869840e-01 5.296000e-03 7.720000e-03
16 9.856920e-01 5.628000e-03 8.680000e-03
17 9.843280e-01 5.932000e-03 9.740000e-03
18 9.830080e-01 6.204000e-03 1.078800e-02
19 9.815520e-01 6.504000e-03 1.194400e-02
20 9.801720e-01 6.684000e-03 1.314400e-02
21 9.788120e-01 6.868000e-03 1.432000e-02
22 9.774840e-01 6.964000e-03 1.555200e-02
23 9.760160e-01 7.264000e-03 1.672000e-02
24 9.747000e-01 7.436000e-03 1.786400e-02
25 9.733440e-01 7.444000e-03 1.921200e-02
26 9.718080e-01 7.632000e-03 2.056000e-02
27 9.704120e-01 7.532000e-03 2.205600e-02
28 9.690360e-01 7.580000e-03 2.338400e-02
29 9.674760e-01 7.792000e-03 2.473200e-02
30 9.660840e-01 7.828000e-03 2.608800e-02
31 9.646120e-01 8.004000e-03 2.738400e-02
32 9.631440e-01 8.020000e-03 2.883600e-02
33 9.618200e-01 7.848000e-03 3.033200e-02
34 9.603560e-01 8.040000e-03 3.160400e-02
35 9.587880e-01 8.240000e-03 3.297200e-02
36 9.571640e-01 8.384000e-03 3.445200e-02
37 9.555440e-01 8.620000e-03 3.583600e-02
38 9.540080e-01 8.716000e-03 3.727600e-02
39 9.522640e-01 8.980000e-03 3.875600e-02
40 9.506480e-01 9.020000e-03 4.033200e-02
41 9.492600e-01 8.732000e-03 4.200800e-02
42 9.477800e-01 8.824000e-03 4.339600e-02
43 9.462560e-01 8.864000e-03 4.488000e-02
44 9.446560e-01 8.888000e-03 4.645600e-02
45 9.429240e-01 9.036000e-03 4.804000e-02
46 9.413040e-01 9.160000e-03 4.953600e-02
47 9.397800e-01 9.252000e-03 5.096800e-02
48 9.380560e-01 9.296000e-03 5.264800e-02
49 9.364360e-01 9.356000e-03 5.420800e-02
50 9.347120e-01 9.524000e-03 5.576400e-02
51 9.330480e-01 9.488000e-03 5.746400e-02
52 9.314600e-01 9.368000e-03 5.917200e-02
53 9.299840e-01 9.060000e-03 6.095600e-02
54 9.284760e-01 9.052000e-03 6.247200e-02
55 9.270480e-01 8.972000e-03 6.398000e-02
56 9.255880e-01 8.952000e-03 6.546000e-02
57 9.241480e-01 8.728000e-03 6.712400e-02
58 9.226840e-01 8.672000e-03 6.864400e-02
59 9.211200e-01 8.732000e-03 7.014800e-02
60 9.196040e-01 8.624000e-03 7.177200e-02
61 9.183360e-01 8.368000e-03 7.329600e-02
62 9.169360e-01 8.324000e-03 7.474000e-02
63 9.154560e-01 8.380000e-03 7.616400e-02
64 9.140160e-01 8.396000e-03 7.758800e-02
65 9.125040e-01 8.480000e-03 7.901600e-02
66 9.111280e-01 8.288000e-03 8.058400e-02
67 9.097240e-01 8.172000e-03 8.210400e-02
68 9.083240e-01 8.112000e-03 8.356400e-02
69 9.071280e-01 7.928000e-03 8.494400e-02
70 9.057640e-01 7.964000e-03 8.627200e-02
71 9.043280e-01 8.032000e-03 8.764000e-02
72 9.028360e-01 8.148000e-03 8.901600e-02
73 9.013680e-01 8.300000e-03 9.033200e-02
74 9.000200e-01 8.260000e-03 9.172000e-02
75 8.985800e-01 8.252000e-03 9.316800e-02
76 8.972560e-01 8.036000e-03 9.470800e-02
77 8.958760e-01 8.004000e-03 9.612000e-02
78 8.943240e-01 8.088000e-03 9.758800e-02
79 8.929240e-01 7.984000e-03 9.909200e-02
80 8.915600e-01 7.936000e-03 1.005040e-01
81 8.902400e-01 7.772000e-03 1.019880e-01
82 8.888600e-01 7.600000e-03 1.035400e-01
83 8.875400e-01 7.608000e-03 1.048520e-01
84 8.861840e-01 7.600000e-03 1.062160e-01
85 8.847360e-01 7.608000e-03 1.076560e-01
86 8.833120e-01 7.568000e-03 1.091200e-01
87 8.820480e-01 7.508000e-03 1.104440e-01
88 8.807080e-01 7.604000e-03 1.116880e-01
89 8.793360e-01 7.660000e-03 1.130040e-01
90 8.780560e-01 7.428000e-03 1.145160e-01
91 8.768560e-01 7.376000e-03 1.157680e-01
92 8.756080e-01 7.300000e-03 1.170920e-01
93 8.743320e-01 7.284000e-03 1.183840e-01
94 8.731440e-01 7.168000e-03 1.196880e-01
95 8.720080e-01 7.236000e-03 1.207560e-01
96 8.708920e-01 7.100000e-03 1.220080e-01
97 8.698240e-01 6.924000e-03 1.232520e-01
98 8.685960e-01 7.004000e-03 1.244000e-01
99 8.674760e-01 6.884000e-03 1.256400e-01
100 8.662720e-01 6.832000e-03 1.268960e-01
101 8.649760e-01 6.852000e-03 1.281720e-01
102 8.637320e-01 6.908000e-03 1.293600e-01
103 8.625000e-01 6.860000e-03 1.306400e-01
104 8.611760e-01 7.052000e-03 1.317720e-01
105 8.599000e-01 7.028000e-03 1.330720e-01
106 8.586120e-01 7.216000e-03 1.341720e-01
107 8.573520e-01 7.132000e-03 1.355160e-01
108 8.560760e-01 7.200000e-03 1.367240e-01
109 8.549000e-01 7.044000e-03 1.380560e-01
110 8.536840e-01 7.100000e-03 1.392160e-01
111 8.524440e-01 7.128000e-03 1.404280e-01
112 8.511320e-01 7.152000e-03 1.417160e-01
113 8.500040e-01 6.944000e-03 1.430520e-01
114 8.487560e-01 6.940000e-03 1.443040e-01
115 8.474000e-01 7.228000e-03 1.453720e-01
116 8.460760e-01 7.320000e-03 1.466040e-01
117 8.447080e-01 7.424000e-03 1.478680e-01
118 8.434200e-01 7.392000e-03 1.491880e-01
119 8.421440e-01 7.312000e-03 1.505440e-01
120 8.409720e-01 7.280000e-03 1.517480e-01
121 8.397600e-01 7.236000e-03 1.530040e-01
122 8.386000e-01 7.120000e-03 1.542800e-01
123 8.372320e-01 7.236000e-03 1.555320e-01
124 8.357960e-01 7.492000e-03 1.567120e-01
125 8.345160e-01 7.496000e-03 1.579880e-01
126 8.331520e-01 7.544000e-03 1.593040e-01
127 8.318880e-01 7.408000e-03 1.607040e-01
128 8.308480e-01 7.180000e-03 1.619720e-01
129 8.295920e-01 7.272000e-03 1.631360e-01
130 8.283080e-01 7.240000e-03 1.644520e-01
131 8.269640e-01 7.316000e-03 1.657200e-01
132 8.257000e-01 7.232000e-03 1.670680e-01
133 8.243600e-01 7.324000e-03 1.683160e-01
134 8.231680e-01 7.304000e-03 1.695280e-01
135 8.219440e-01 7.428000e-03 1.706280e-01
136 8.207600e-01 7.228000e-03 1.720120e-01
137 8.195440e-01 7.196000e-03 1.732600e-01
138 8.182560e-01 7.204000e-03 1.745400e-01
139 8.169840e-01 7.264000e-03 1.757520e-01
140 8.157080e-01 7.336000e-03 1.769560e-01
141 8.143400e-01 7.504000e-03 1.781560e-01
142 8.130320e-01 7.512000e-03 1.794560e-01
143 8.117640e-01 7.372000e-03 1.808640e-01
144 8.104960e-01 7.360000e-03 1.821440e-01
145 8.091520e-01 7.412000e-03 1.834360e-01
146 8.079040e-01 7.412000e-03 1.846840e-01
147 8.067160e-01 7.320000e-03 1.859640e-01
148 8.053480e-01 7.324000e-03 1.873280e-01
149 8.042480e-01 7.192000e-03 1.885600e-01
150 8.030560e-01 7.184000e-03 1.897600e-01
151 8.018480e-01 7.084000e-03 1.910680e-01
152 8.005920e-01 7.180000e-03 1.922280e-01
153 7.993840e-01 7.160000e-03 1.934560e-01
154 7.981280e-01 7.204000e-03 1.946680e-01
155 7.968040e-01 7.264000e-03 1.959320e-01
156 7.955560e-01 7.276000e-03 1.971680e-01
157 7.943000e-01 7.108000e-03 1.985920e-01
158 7.931800e-01 6.952000e-03 1.998680e-01
159 7.920880e-01 6.820000e-03 2.010920e-01
160 7.908160e-01 6.852000e-03 2.023320e-01
161 7.895840e-01 6.860000e-03 2.035560e-01
162 7.883560e-01 6.800000e-03 2.048440e-01
163 7.871080e-01 6.856000e-03 2.060360e-01
164 7.859600e-01 6.740000e-03 2.073000e-01
165 7.848000e-01 6.744000e-03 2.084560e-01
166 7.837240e-01 6.628000e-03 2.096480e-01
167 7.826520e-01 6.652000e-03 2.106960e-01
168 7.814960e-01 6.680000e-03 2.118240e-01
169 7.803440e-01 6.700000e-03 2.129560e-01
170 7.791400e-01 6.736000e-03 2.141240e-01
171 7.780720e-01 6.664000e-03 2.152640e-01
172 7.769000e-01 6.580000e-03 2.165200e-01
173 7.758160e-01 6.392000e-03 2.177920e-01
174 7.747800e-01 6.332000e-03 2.188880e-01
175 7.736520e-01 6.316000e-03 2.200320e-01
176 7.726040e-01 6.308000e-03 2.210880e-01
177 7.716160e-01 6.260000e-03 2.221240e-01
178 7.706280e-01 6.236000e-03 2.231360e-01
179 7.695240e-01 6.204000e-03 2.242720e-01
180 7.683640e-01 6.224000e-03 2.254120e-01
181 7.673880e-01 6.084000e-03 2.265280e-01
182 7.662720e-01 6.116000e-03 2.276120e-01
183 7.651800e-01 6.140000e-03 2.286800e-01
184 7.640560e-01 6.168000e-03 2.297760e-01
185 7.629040e-01 6.184000e-03 2.309120e-01
186 7.618720e-01 6.224000e-03 2.319040e-01
187 7.607960e-01 6.268000e-03 2.329360e-01
188 7.596600e-01 6.316000e-03 2.340240e-01
189 7.584800e-01 6.320000e-03 2.352000e-01
190 7.573680e-01 6.344000e-03 2.362880e-01
191 7.561680e-01 6.336000e-03 2.374960e-01
192 7.550640e-01 6.324000e-03 2.386120e-01
193 7.539600e-01 6.328000e-03 2.397120e-01
194 7.528480e-01 6.376000e-03 2.407760e-01
195 7.515640e-01 6.424000e-03 2.420120e-01
196 7.504240e-01 6.384000e-03 2.431920e-01
197 7.493520e-01 6.296000e-03 2.443520e-01
198 7.482760e-01 6.368000e-03 2.453560e-01
199 7.470840e-01 6.416000e-03 2.465000e-01
200 7.459800e-01 6.336000e-03 2.476840e-01
201 7.449560e-01 6.276000e-03 2.487680e-01
202 7.440600e-01 6.080000e-03 2.498600e-01
203 7.430680e-01 6.012000e-03 2.509200e-01
204 7.419480e-01 6.012000e-03 2.520400e-01
205 7.409760e-01 5.916000e-03 2.531080e-01
206 7.399720e-01 5.952000e-03 2.540760e-01
207 7.390880e-01 5.860000e-03 2.550520e-01
208 7.381560e-01 5.748000e-03 2.560960e-01
209 7.372840e-01 5.576000e-03 2.571400e-01
210 7.364400e-01 5.404000e-03 2.581560e-01
211 7.355000e-01 5.392000e-03 2.591080e-01
212 7.344920e-01 5.544000e-03 2.599640e-01
213 7.334360e-01 5.664000e-03 2.609000e-01
214 7.324640e-01 5.640000e-03 2.618960e-01
215 7.314080e-01 5.676000e-03 2.629160e-01
216 7.305520e-01 5.432000e-03 2.640160e-01
217 7.296760e-01 5.404000e-03 2.649200e-01
218 7.287600e-01 5.376000e-03 2.658640e-01
219 7.278400e-01 5.340000e-03 2.668200e-01
220 7.270520e-01 5.280000e-03 2.676680e-01
221 7.261880e-01 5.220000e-03 2.685920e-01
222 7.252800e-01 5.200000e-03 2.695200e-01
223 7.244120e-01 5.120000e-03 2.704680e-01
224 7.235920e-01 5.104000e-03 2.713040e-01
225 7.229120e-01 4.844000e-03 2.722440e-01
226 7.220920e-01 4.856000e-03 2.730520e-01
227 7.213920e-01 4.724000e-03 2.738840e-01
228 7.206760e-01 4.624000e-03 2.747000e-01
229 7.199800e-01 4.496000e-03 2.755240e-01
230 7.192480e-01 4.432000e-03 2.763200e-01
231 7.185240e-01 4.404000e-03 2.770720e-01
232 7.176840e-01 4.468000e-03 2.778480e-01
233 7.168680e-01 4.512000e-03 2.786200e-01
234 7.160920e-01 4.528000e-03 2.793800e-01
235 7.153760e-01 4.516000e-03 2.801080e-01
236 7.145960e-01 4.456000e-03 2.809480e-01
237 7.139040e-01 4.428000e-03 2.816680e-01
238 7.130920e-01 4.408000e-03 2.825000e-01
239 7.123760e-01 4.392000e-03 2.832320e-01
240 7.116760e-01 4.292000e-03 2.840320e-01
241 7.110400e-01 4.188000e-03 2.847720e-01
242 7.104760e-01 3.980000e-03 2.855440e-01
243 7.099080e-01 3.824000e-03 2.862680e-01
244 7.093280e-01 3.808000e-03 2.868640e-01
245 7.087040e-01 3.812000e-03 2.874840e-01
246 7.080680e-01 3.812000e-03 2.881200e-01
247 7.074200e-01 3.752000e-03 2.888280e-01
248 7.067960e-01 3.796000e-03 2.894080e-01
249 7.061880e-01 3.720000e-03 2.900920e-01
250 7.056520e-01 3.620000e-03 2.907280e-01
251 7.051400e-01 3.552000e-03 2.913080e-01
252 7.044120e-01 3.736000e-03 2.918520e-01
253 7.037960e-01 3.768000e-03 2.924360e-01
254 7.032200e-01 3.756000e-03 2.930240e-01
255 7.026560e-01 3.588000e-03 2.937560e-01
256 7.020760e-01 3.516000e-03 2.944080e-01
257 7.015000e-01 3.472000e-03 2.950280e-01
258 7.009960e-01 3.388000e-03 2.956160e-01
259 7.004640e-01 3.324000e-03 2.962120e-01
260 6.999320e-01 3.320000e-03 2.967480e-01
261 6.994280e-01 3.268000e-03 2.973040e-01
262 6.988080e-01 3.308000e-03 2.978840e-01
263 6.983400e-01 3.124000e-03 2.985360e-01
264 6.979000e-01 3.080000e-03 2.990200e-01
265 6.973800e-01 3.060000e-03 2.995600e-01
266 6.969400e-01 2.948000e-03 3.001120e-01
267 6.964800e-01 2.900000e-03 3.006200e-01
268 6.960480e-01 2.800000e-03 3.011520e-01
269 6.956160e-01 2.764000e-03 3.016200e-01
270 6.951800e-01 2.744000e-03 3.020760e-01
271 6.947520e-01 2.668000e-03 3.025800e-01
272 6.943200e-01 2.596000e-03 3.030840e-01
273 6.938480e-01 2.584000e-03 3.035680e-01
274 6.933760e-01 2.588000e-03 3.040360e-01
275 6.929240e-01 2.588000e-03 3.044880e-01
276 6.924000e-01 2.624000e-03 3.049760e-01
277 6.918600e-01 2.716000e-03 3.054240e-01
278 6.913960e-01 2.780000e-03 3.058240e-01
279 6.909000e-01 2.816000e-03 3.062840e-01
280 6.903200e-01 2.884000e-03 3.067960e-01
281 6.898240e-01 2.928000e-03 3.072480e-01
282 6.892240e-01 3.028000e-03 3.077480e-01
283 6.887000e-01 3.020000e-03 3.082800e-01
284 6.882800e-01 2.892000e-03 3.088280e-01
285 6.877200e-01 2.936000e-03 3.093440e-01
286 6.872640e-01 2.856000e-03 3.098800e-01
287 6.867560e-01 2.792000e-03 3.104520e-01
288 6.862400e-01 2.788000e-03 3.109720e-01
289 6.857800e-01 2.788000e-03 3.114320e-01
290 6.853320e-01 2.720000e-03 3.119480e-01
291 6.847880e-01 2.800000e-03 3.124120e-01
292 6.842800e-01 2.828000e-03 3.128920e-01
293 6.837760e-01 2.924000e-03 3.133000e-01
294 6.832960e-01 2.868000e-03 3.138360e-01
295 6.827880e-01 2.892000e-03 3.143200e-01
296 6.823160e-01 2.860000e-03 3.148240e-01
297 6.818400e-01 2.824000e-03 3.153360e-01
298 6.814120e-01 2.704000e-03 3.158840e-01
299 6.809480e-01 2.680000e-03 3.163720e-01
300 6.805680e-01 2.616000e-03 3.168160e-01
301 6.802360e-01 2.520000e-03 3.172440e-01
302 6.799120e-01 2.364000e-03 3.177240e-01
303 6.794720e-01 2.364000e-03 3.181640e-01
304 6.790680e-01 2.360000e-03 3.185720e-01
305 6.787240e-01 2.248000e-03 3.190280e-01
306 6.783560e-01 2.268000e-03 3.193760e-01
307 6.779360e-01 2.308000e-03 3.197560e-01
308 6.775200e-01 2.348000e-03 3.201320e-01
309 6.771320e-01 2.296000e-03 3.205720e-01
310 6.768040e-01 2.216000e-03 3.209800e-01
311 6.764240e-01 2.216000e-03 3.213600e-01
312 6.760040e-01 2.252000e-03 3.217440e-01
313 6.755840e-01 2.292000e-03 3.221240e-01
314 6.752320e-01 2.268000e-03 3.225000e-01
315 6.748960e-01 2.280000e-03 3.228240e-01
316 6.745120e-01 2.260000e-03 3.232280e-01
317 6.740360e-01 2.324000e-03 3.236400e-01
318 6.736040e-01 2.368000e-03 3.240280e-01
319 6.731320e-01 2.364000e-03 3.245040e-01
320 6.727160e-01 2.368000e-03 3.249160e-01
321 6.723440e-01 2.328000e-03 3.253280e-01
322 6.719680e-01 2.276000e-03 3.257560e-01
323 6.716440e-01 2.224000e-03 3.261320e-01
324 6.712280e-01 2.264000e-03 3.265080e-01
325 6.708920e-01 2.216000e-03 3.268920e-01
326 6.705480e-01 2.120000e-03 3.273320e-01
327 6.703240e-01 1.968000e-03 3.277080e-01
328 6.699800e-01 2.016000e-03 3.280040e-01
329 6.696680e-01 1.996000e-03 3.283360e-01
330 6.693760e-01 1.948000e-03 3.286760e-01
331 6.691600e-01 1.884000e-03 3.289560e-01
332 6.689000e-01 1.796000e-03 3.293040e-01
333 6.686880e-01 1.640000e-03 3.296720e-01
334 6.684880e-01 1.564000e-03 3.299480e-01
335 6.682160e-01 1.552000e-03 3.302320e-01
336 6.679680e-01 1.492000e-03 3.305400e-01
337 6.677480e-01 1.440000e-03 3.308120e-01
338 6.675360e-01 1.428000e-03 3.310360e-01
339 6.673400e-01 1.404000e-03 3.312560e-01
340 6.671760e-01 1.356000e-03 3.314680e-01
341 6.670000e-01 1.300000e-03 3.317000e-01
342 6.667720e-01 1.332000e-03 3.318960e-01
343 6.665640e-01 1.332000e-03 3.321040e-01
344 6.663960e-01 1.284000e-03 3.323200e-01
345 6.662160e-01 1.260000e-03 3.325240e-01
346 6.660040e-01 1.304000e-03 3.326920e-01
347 6.658520e-01 1.256000e-03 3.328920e-01
348 6.656800e-01 1.200000e-03 3.331200e-01
349 6.655240e-01 1.144000e-03 3.333320e-01
350 6.653400e-01 1.128000e-03 3.335320e-01
351 6.651680e-01 1.112000e-03 3.337200e-01
352 6.649800e-01 1.124000e-03 3.338960e-01
353 6.648080e-01 1.060000e-03 3.341320e-01
354 6.646440e-01 1.036000e-03 3.343200e-01
355 6.644360e-01 1.084000e-03 3.344800e-01
356 6.642080e-01 1.076000e-03 3.347160e-01
357 6.639600e-01 1.152000e-03 3.348880e-01
358 6.637720e-01 1.120000e-03 3.351080e-01
359 6.635400e-01 1.148000e-03 3.353120e-01
360 6.633320e-01 1.156000e-03 3.355120e-01
361 6.631760e-01 1.084000e-03 3.357400e-01
362 6.629560e-01 1.112000e-03 3.359320e-01
363 6.627560e-01 1.084000e-03 3.361600e-01
364 6.625520e-01 1.076000e-03 3.363720e-01
365 6.623600e-01 1.120000e-03 3.365200e-01
366 6.621720e-01 1.104000e-03 3.367240e-01
367 6.619400e-01 1.124000e-03 3.369360e-01
368 6.617440e-01 1.092000e-03 3.371640e-01
369 6.614840e-01 1.136000e-03 3.373800e-01
370 6.612960e-01 1.132000e-03 3.375720e-01
371 6.611200e-01 1.088000e-03 3.377920e-01
372 6.609200e-01 1.136000e-03 3.379440e-01
373 6.607280e-01 1.148000e-03 3.381240e-01
374 6.605720e-01 1.096000e-03 3.383320e-01
375 6.603240e-01 1.164000e-03 3.385120e-01
376 6.601560e-01 1.120000e-03 3.387240e-01
377 6.599720e-01 1.120000e-03 3.389080e-01
378 6.597880e-01 1.136000e-03 3.390760e-01
379 6.595720e-01 1.188000e-03 3.392400e-01
380 6.593760e-01 1.200000e-03 3.394240e-01
381 6.592160e-01 1.176000e-03 3.396080e-01
382 6.590400e-01 1.116000e-03 3.398440e-01
383 6.588720e-01 1.136000e-03 3.399920e-01
384 6.587080e-01 1.080000e-03 3.402120e-01
385 6.585960e-01 1.020000e-03 3.403840e-01
386 6.584640e-01 1.028000e-03 3.405080e-01
387 6.583120e-01 1.004000e-03 3.406840e-01
388 6.581400e-01 1.004000e-03 3.408560e-01
389 6.579640e-01 1.012000e-03 3.410240e-01
390 6.578120e-01 1.008000e-03 3.411800e-01
391 6.576520e-01 9.880000e-04 3.413600e-01
392 6.574920e-01 9.920000e-04 3.415160e-01
393 6.573600e-01 9.160000e-04 3.417240e-01
394 6.571840e-01 9.240000e-04 3.418920e-01
395 6.570720e-01 8.680000e-04 3.420600e-01
396 6.568680e-01 9.160000e-04 3.422160e-01
397 6.567400e-01 8.840000e-04 3.423760e-01
398 6.565360e-01 9.160000e-04 3.425480e-01
399 6.563320e-01 9.600000e-04 3.427080e-01
400 6.561520e-01 9.880000e-04 3.428600e-01
401 6.560480e-01 9.320000e-04 3.430200e-01
402 6.559640e-01 8.640000e-04 3.431720e-01
403 6.558440e-01 8.080000e-04 3.433480e-01
404 6.557320e-01 7.680000e-04 3.435000e-01
405 6.556520e-01 6.960000e-04 3.436520e-01
406 6.555560e-01 7.080000e-04 3.437360e-01
407 6.554080e-01 7.680000e-04 3.438240e-01
408 6.552880e-01 7.560000e-04 3.439560e-01
409 6.551360e-01 8.000000e-04 3.440640e-01
410 6.550520e-01 7.480000e-04 3.442000e-01
411 6.549520e-01 7.120000e-04 3.443360e-01
412 6.547920e-01 7.640000e-04 3.444440e-01
413 6.546800e-01 7.000000e-04 3.446200e-01
414 6.545880e-01 6.680000e-04 3.447440e-01
415 6.545280e-01 6.400000e-04 3.448320e-01
416 6.544400e-01 6.280000e-04 3.449320e-01
417 6.543840e-01 5.920000e-04 3.450240e-01
418 6.543120e-01 5.640000e-04 3.451240e-01
419 6.542440e-01 5.440000e-04 3.452120e-01
420 6.541600e-01 5.600000e-04 3.452800e-01
421 6.540800e-01 5.520000e-04 3.453680e-01
422 6.539960e-01 5.360000e-04 3.454680e-01
423 6.539400e-01 5.040000e-04 3.455560e-01
424 6.538800e-01 4.800000e-04 3.456400e-01
425 6.538240e-01 4.600000e-04 3.457160e-01
426 6.537360e-01 4.840000e-04 3.457800e-01
427 6.536240e-01 5.080000e-04 3.458680e-01
428 6.535640e-01 4.400000e-04 3.459960e-01
429 6.534560e-01 4.880000e-04 3.460560e-01
430 6.534120e-01 4.480000e-04 3.461400e-01
431 6.533160e-01 4.640000e-04 3.462200e-01
432 6.532800e-01 4.280000e-04 3.462920e-01
433 6.532440e-01 3.840000e-04 3.463720e-01
434 6.531880e-01 3.880000e-04 3.464240e-01
435 6.530920e-01 4.080000e-04 3.465000e-01
436 6.530000e-01 4.360000e-04 3.465640e-01
437 6.529120e-01 4.520000e-04 3.466360e-01
438 6.528320e-01 4.520000e-04 3.467160e-01
439 6.527280e-01 4.760000e-04 3.467960e-01
440 6.526680e-01 4.640000e-04 3.468680e-01
441 6.525760e-01 4.600000e-04 3.469640e-01
442 6.524840e-01 4.800000e-04 3.470360e-01
443 6.523840e-01 4.920000e-04 3.471240e-01
444 6.522840e-01 5.120000e-04 3.472040e-01
445 6.521720e-01 5.280000e-04 3.473000e-01
446 6.520920e-01 5.360000e-04 3.473720e-01
447 6.519280e-01 6.000000e-04 3.474720e-01
448 6.517480e-01 6.600000e-04 3.475920e-01
449 6.515920e-01 7.080000e-04 3.477000e-01
450 6.514560e-01 7.360000e-04 3.478080e-01
451 6.513320e-01 6.600000e-04 3.480080e-01
452 6.512440e-01 6.440000e-04 3.481120e-01
453 6.511400e-01 5.920000e-04 3.482680e-01
454 6.510120e-01 6.160000e-04 3.483720e-01
455 6.508920e-01 6.360000e-04 3.484720e-01
456 6.508080e-01 6.200000e-04 3.485720e-01
457 6.507240e-01 6.080000e-04 3.486680e-01
458 6.506280e-01 6.320000e-04 3.487400e-01
459 6.505040e-01 6.640000e-04 3.488320e-01
460 6.504520e-01 6.120000e-04 3.489360e-01
461 6.503480e-01 6.160000e-04 3.490360e-01
462 6.502800e-01 6.040000e-04 3.491160e-01
463 6.501920e-01 5.960000e-04 3.492120e-01
464 6.500400e-01 6.520000e-04 3.493080e-01
465 6.499080e-01 6.560000e-04 3.494360e-01
466 6.497520e-01 7.200000e-04 3.495280e-01
467 6.496640e-01 6.840000e-04 3.496520e-01
468 6.495560e-01 6.720000e-04 3.497720e-01
469 6.494960e-01 5.600000e-04 3.499440e-01
470 6.494240e-01 5.080000e-04 3.500680e-01
471 6.493560e-01 4.920000e-04 3.501520e-01
472 6.493160e-01 4.720000e-04 3.502120e-01
473 6.492760e-01 4.520000e-04 3.502720e-01
474 6.492280e-01 4.080000e-04 3.503640e-01
475 6.491880e-01 3.640000e-04 3.504480e-01
476 6.491360e-01 3.680000e-04 3.504960e-01
477 6.490800e-01 3.360000e-04 3.505840e-01
478 6.490400e-01 3.320000e-04 3.506280e-01
479 6.489880e-01 3.320000e-04 3.506800e-01
480 6.489360e-01 3.200000e-04 3.507440e-01
481 6.488800e-01 3.280000e-04 3.507920e-01
482 6.488240e-01 3.200000e-04 3.508560e-01
483 6.487520e-01 3.040000e-04 3.509440e-01
484 6.486680e-01 3.080000e-04 3.510240e-01
485 6.486080e-01 2.800000e-04 3.511120e-01
486 6.485360e-01 3.080000e-04 3.511560e-01
487 6.485000e-01 2.920000e-04 3.512080e-01
488 6.484560e-01 2.800000e-04 3.512640e-01
489 6.483960e-01 2.800000e-04 3.513240e-01
490 6.483320e-01 2.680000e-04 3.514000e-01
491 6.482480e-01 2.960000e-04 3.514560e-01
492 6.482120e-01 2.560000e-04 3.515320e-01
493 6.481840e-01 2.240000e-04 3.515920e-01
494 6.481720e-01 1.880000e-04 3.516400e-01
495 6.481360e-01 1.960000e-04 3.516680e-01
496 6.481080e-01 1.960000e-04 3.516960e-01
497 6.480840e-01 1.800000e-04 3.517360e-01
498 6.480520e-01 1.720000e-04 3.517760e-01
499 6.480040e-01 1.840000e-04 3.518120e-01
500 6.480000e-01 1.600000e-04 3.518400e-01
