1 9.991720e-01 7.400000e-04 8.800000e-05
2 9.986480e-01 1.088000e-03 2.640000e-04
3 9.978800e-01 1.636000e-03 4.840000e-04
4 9.970720e-01 2.124000e-03 8.040000e-04
5 9.963680e-01 2.464000e-03 1.168000e-03
6 9.955040e-01 2.876000e-03 1.620000e-03
7 9.946680e-01 3.156000e-03 2.176000e-03
8 9.937960e-01 3.504000e-03 2.700000e-03
9 9.928880e-01 3.652000e-03 3.460000e-03
10 9.918560e-01 3.988000e-03 4.156000e-03
11 9.907280e-01 4.348000e-03 4.924000e-03
12 9.897080e-01 4.648000e-03 5.644000e-03
13 9.885640e-01 4.960000e-03 6.476000e-03
14 9.874600e-01 5.168000e-03 7.372000e-03
15 9.862560e-01 5.368000e-03 8.376000e-03
16 9.849720e-01 5.580000e-03 9.448000e-03
17 9.836840e-01 5.808000e-03 1.050800e-02
18 9.825680e-01 5.808000e-03 1.162400e-02
19 9.814440e-01 5.940000e-03 1.261600e-02
20 9.802640e-01 6.184000e-03 1.355200e-02
21 9.790000e-01 6.276000e-03 1.472400e-02
22 9.776320e-01 6.532000e-03 1.583600e-02
23 9.763840e-01 6.632000e-03 1.698400e-02
24 9.751800e-01 6.600000e-03 1.822000e-02
25 9.739280e-01 6.720000e-03 1.935200e-02
26 9.724960e-01 6.956000e-03 2.054800e-02
27 9.711960e-01 7.040000e-03 2.176400e-02
28 9.699000e-01 7.128000e-03 2.297200e-02
29 9.685800e-01 7.244000e-03 2.417600e-02
30 9.673080e-01 7.112000e-03 2.558000e-02
31 9.660240e-01 7.204000e-03 2.677200e-02
32 9.648040e-01 7.204000e-03 2.799200e-02
33 9.634960e-01 7.224000e-03 2.928000e-02
34 9.621880e-01 7.328000e-03 3.048400e-02
35 9.608280e-01 7.348000e-03 3.182400e-02
36 9.592800e-01 7.576000e-03 3.314400e-02
37 9.579320e-01 7.636000e-03 3.443200e-02
38 9.565040e-01 7.676000e-03 3.582000e-02
39 9.552080e-01 7.668000e-03 3.712400e-02
40 9.538440e-01 7.640000e-03 3.851600e-02
41 9.525920e-01 7.472000e-03 3.993600e-02
42 9.513760e-01 7.300000e-03 4.132400e-02
43 9.500600e-01 7.312000e-03 4.262800e-02
44 9.487640e-01 7.280000e-03 4.395600e-02
45 9.473880e-01 7.292000e-03 4.532000e-02
46 9.460720e-01 7.280000e-03 4.664800e-02
47 9.449440e-01 7.088000e-03 4.796800e-02
48 9.437760e-01 7.040000e-03 4.918400e-02
49 9.424520e-01 7.072000e-03 5.047600e-02
50 9.411600e-01 7.188000e-03 5.165200e-02
51 9.398320e-01 7.292000e-03 5.287600e-02
52 9.383880e-01 7.384000e-03 5.422800e-02
53 9.371640e-01 7.304000e-03 5.553200e-02
54 9.359080e-01 7.272000e-03 5.682000e-02
55 9.346880e-01 7.144000e-03 5.816800e-02
56 9.333080e-01 7.280000e-03 5.941200e-02
57 9.321200e-01 7.232000e-03 6.064800e-02
58 9.309760e-01 7.068000e-03 6.195600e-02
59 9.297320e-01 7.056000e-03 6.321200e-02
60 9.283280e-01 7.252000e-03 6.442000e-02
61 9.269880e-01 7.284000e-03 6.572800e-02
62 9.257040e-01 7.248000e-03 6.704800e-02
63 9.243160e-01 7.384000e-03 6.830000e-02
64 9.228960e-01 7.400000e-03 6.970400e-02
65 9.215520e-01 7.452000e-03 7.099600e-02
66 9.202560e-01 7.500000e-03 7.224400e-02
67 9.187240e-01 7.660000e-03 7.361600e-02
68 9.173080e-01 7.684000e-03 7.500800e-02
69 9.160960e-01 7.580000e-03 7.632400e-02
70 9.147920e-01 7.528000e-03 7.768000e-02
71 9.134320e-01 7.536000e-03 7.903200e-02
72 9.121160e-01 7.536000e-03 8.034800e-02
73 9.107720e-01 7.524000e-03 8.170400e-02
74 9.093680e-01 7.640000e-03 8.299200e-02
75 9.080880e-01 7.608000e-03 8.430400e-02
76 9.066640e-01 7.696000e-03 8.564000e-02
77 9.053880e-01 7.660000e-03 8.695200e-02
78 9.040640e-01 7.640000e-03 8.829600e-02
79 9.029240e-01 7.372000e-03 8.970400e-02
80 9.017320e-01 7.284000e-03 9.098400e-02
81 9.004560e-01 7.192000e-03 9.235200e-02
82 8.990040e-01 7.432000e-03 9.356400e-02
83 8.976800e-01 7.408000e-03 9.491200e-02
84 8.964600e-01 7.232000e-03 9.630800e-02
85 8.950720e-01 7.308000e-03 9.762000e-02
86 8.936880e-01 7.412000e-03 9.890000e-02
87 8.923320e-01 7.396000e-03 1.002720e-01
88 8.910840e-01 7.340000e-03 1.015760e-01
89 8.898920e-01 7.260000e-03 1.028480e-01
90 8.887360e-01 7.308000e-03 1.039560e-01
91 8.874880e-01 7.224000e-03 1.052880e-01
92 8.862240e-01 7.248000e-03 1.065280e-01
93 8.849400e-01 7.212000e-03 1.078480e-01
94 8.836880e-01 7.308000e-03 1.090040e-01
95 8.825400e-01 7.104000e-03 1.103560e-01
96 8.813600e-01 6.964000e-03 1.116760e-01
97 8.800600e-01 7.020000e-03 1.129200e-01
98 8.787160e-01 7.184000e-03 1.141000e-01
99 8.775280e-01 7.060000e-03 1.154120e-01
100 8.763360e-01 6.904000e-03 1.167600e-01
101 8.752080e-01 6.896000e-03 1.178960e-01
102 8.740400e-01 6.872000e-03 1.190880e-01
103 8.728760e-01 6.888000e-03 1.202360e-01
104 8.716680e-01 6.864000e-03 1.214680e-01
105 8.705080e-01 6.884000e-03 1.226080e-01
106 8.692720e-01 6.832000e-03 1.238960e-01
107 8.681480e-01 6.808000e-03 1.250440e-01
108 8.670200e-01 6.736000e-03 1.262440e-01
109 8.658120e-01 6.768000e-03 1.274200e-01
110 8.647520e-01 6.708000e-03 1.285400e-01
111 8.635720e-01 6.612000e-03 1.298160e-01
112 8.625400e-01 6.408000e-03 1.310520e-01
113 8.613160e-01 6.440000e-03 1.322440e-01
114 8.602800e-01 6.284000e-03 1.334360e-01
115 8.592680e-01 6.152000e-03 1.345800e-01
116 8.582400e-01 6.132000e-03 1.356280e-01
117 8.570640e-01 6.172000e-03 1.367640e-01
118 8.558880e-01 6.304000e-03 1.378080e-01
119 8.548160e-01 6.268000e-03 1.389160e-01
120 8.538840e-01 6.084000e-03 1.400320e-01
121 8.528400e-01 6.072000e-03 1.410880e-01
122 8.519320e-01 5.956000e-03 1.421120e-01
123 8.509160e-01 5.892000e-03 1.431920e-01
124 8.498440e-01 5.916000e-03 1.442400e-01
125 8.488920e-01 5.784000e-03 1.453240e-01
126 8.478360e-01 5.828000e-03 1.463360e-01
127 8.468440e-01 5.708000e-03 1.474480e-01
128 8.459440e-01 5.636000e-03 1.484200e-01
129 8.448360e-01 5.836000e-03 1.493280e-01
130 8.438280e-01 5.788000e-03 1.503840e-01
131 8.428560e-01 5.796000e-03 1.513480e-01
132 8.418920e-01 5.756000e-03 1.523520e-01
133 8.408560e-01 5.804000e-03 1.533400e-01
134 8.398760e-01 5.756000e-03 1.543680e-01
135 8.388920e-01 5.836000e-03 1.552720e-01
136 8.380000e-01 5.756000e-03 1.562440e-01
137 8.370360e-01 5.696000e-03 1.572680e-01
138 8.360640e-01 5.632000e-03 1.583040e-01
139 8.351920e-01 5.656000e-03 1.591520e-01
140 8.342960e-01 5.516000e-03 1.601880e-01
141 8.332880e-01 5.528000e-03 1.611840e-01
142 8.323840e-01 5.456000e-03 1.621600e-01
143 8.313360e-01 5.676000e-03 1.629880e-01
144 8.303760e-01 5.648000e-03 1.639760e-01
145 8.295400e-01 5.448000e-03 1.650120e-01
146 8.285920e-01 5.464000e-03 1.659440e-01
147 8.277920e-01 5.376000e-03 1.668320e-01
148 8.269240e-01 5.248000e-03 1.678280e-01
149 8.261040e-01 5.204000e-03 1.686920e-01
150 8.252960e-01 5.072000e-03 1.696320e-01
151 8.245280e-01 5.008000e-03 1.704640e-01
152 8.236480e-01 4.936000e-03 1.714160e-01
153 8.228040e-01 4.972000e-03 1.722240e-01
154 8.219160e-01 5.004000e-03 1.730800e-01
155 8.210800e-01 4.956000e-03 1.739640e-01
156 8.201920e-01 5.044000e-03 1.747640e-01
157 8.193720e-01 4.988000e-03 1.756400e-01
158 8.185480e-01 4.940000e-03 1.765120e-01
159 8.177440e-01 4.920000e-03 1.773360e-01
160 8.169240e-01 4.836000e-03 1.782400e-01
161 8.161320e-01 4.776000e-03 1.790920e-01
162 8.154240e-01 4.624000e-03 1.799520e-01
163 8.146720e-01 4.664000e-03 1.806640e-01
164 8.138920e-01 4.620000e-03 1.814880e-01
165 8.130520e-01 4.644000e-03 1.823040e-01
166 8.122680e-01 4.624000e-03 1.831080e-01
167 8.115000e-01 4.592000e-03 1.839080e-01
168 8.107880e-01 4.524000e-03 1.846880e-01
169 8.101160e-01 4.436000e-03 1.854480e-01
170 8.093960e-01 4.432000e-03 1.861720e-01
171 8.087400e-01 4.332000e-03 1.869280e-01
172 8.081480e-01 4.192000e-03 1.876600e-01
173 8.074560e-01 4.200000e-03 1.883440e-01
174 8.068280e-01 4.056000e-03 1.891160e-01
175 8.062960e-01 3.948000e-03 1.897560e-01
176 8.055480e-01 4.032000e-03 1.904200e-01
177 8.048400e-01 4.084000e-03 1.910760e-01
178 8.041840e-01 4.008000e-03 1.918080e-01
179 8.035840e-01 3.900000e-03 1.925160e-01
180 8.030360e-01 3.792000e-03 1.931720e-01
181 8.024720e-01 3.748000e-03 1.937800e-01
182 8.018600e-01 3.680000e-03 1.944600e-01
183 8.013280e-01 3.524000e-03 1.951480e-01
184 8.007800e-01 3.392000e-03 1.958280e-01
185 8.002160e-01 3.360000e-03 1.964240e-01
186 7.996960e-01 3.344000e-03 1.969600e-01
187 7.991360e-01 3.312000e-03 1.975520e-01
188 7.985160e-01 3.380000e-03 1.981040e-01
189 7.979080e-01 3.368000e-03 1.987240e-01
190 7.972840e-01 3.400000e-03 1.993160e-01
191 7.967080e-01 3.372000e-03 1.999200e-01
192 7.960800e-01 3.424000e-03 2.004960e-01
193 7.954920e-01 3.452000e-03 2.010560e-01
194 7.948440e-01 3.452000e-03 2.017040e-01
195 7.942320e-01 3.484000e-03 2.022840e-01
196 7.934720e-01 3.588000e-03 2.029400e-01
197 7.928120e-01 3.620000e-03 2.035680e-01
198 7.920440e-01 3.792000e-03 2.041640e-01
199 7.913480e-01 3.824000e-03 2.048280e-01
200 7.906680e-01 3.788000e-03 2.055440e-01
201 7.900120e-01 3.796000e-03 2.061920e-01
202 7.892800e-01 3.888000e-03 2.068320e-01
203 7.885680e-01 3.884000e-03 2.075480e-01
204 7.878120e-01 3.900000e-03 2.082880e-01
205 7.870440e-01 4.060000e-03 2.088960e-01
206 7.863520e-01 4.064000e-03 2.095840e-01
207 7.857400e-01 4.044000e-03 2.102160e-01
208 7.851240e-01 4.060000e-03 2.108160e-01
209 7.844080e-01 4.060000e-03 2.115320e-01
210 7.836920e-01 4.136000e-03 2.121720e-01
211 7.830320e-01 4.076000e-03 2.128920e-01
212 7.823440e-01 4.104000e-03 2.135520e-01
213 7.817000e-01 3.996000e-03 2.143040e-01
214 7.812000e-01 3.776000e-03 2.150240e-01
215 7.804960e-01 3.840000e-03 2.156640e-01
216 7.798240e-01 3.828000e-03 2.163480e-01
217 7.792280e-01 3.768000e-03 2.170040e-01
218 7.786200e-01 3.664000e-03 2.177160e-01
219 7.780200e-01 3.560000e-03 2.184200e-01
220 7.772960e-01 3.568000e-03 2.191360e-01
221 7.766880e-01 3.540000e-03 2.197720e-01
222 7.760560e-01 3.512000e-03 2.204320e-01
223 7.754720e-01 3.520000e-03 2.210080e-01
224 7.747080e-01 3.724000e-03 2.215680e-01
225 7.740920e-01 3.756000e-03 2.221520e-01
226 7.734760e-01 3.836000e-03 2.226880e-01
227 7.728160e-01 3.828000e-03 2.233560e-01
228 7.722320e-01 3.732000e-03 2.240360e-01
229 7.717600e-01 3.612000e-03 2.246280e-01
230 7.711520e-01 3.608000e-03 2.252400e-01
231 7.706320e-01 3.492000e-03 2.258760e-01
232 7.701320e-01 3.468000e-03 2.264000e-01
233 7.695360e-01 3.448000e-03 2.270160e-01
234 7.690720e-01 3.336000e-03 2.275920e-01
235 7.684920e-01 3.288000e-03 2.282200e-01
236 7.680200e-01 3.160000e-03 2.288200e-01
237 7.675840e-01 3.004000e-03 2.294120e-01
238 7.671040e-01 2.992000e-03 2.299040e-01
239 7.665520e-01 3.064000e-03 2.303840e-01
240 7.660920e-01 3.012000e-03 2.308960e-01
241 7.656160e-01 3.004000e-03 2.313800e-01
242 7.652000e-01 2.848000e-03 2.319520e-01
243 7.647520e-01 2.784000e-03 2.324640e-01
244 7.643040e-01 2.752000e-03 2.329440e-01
245 7.637920e-01 2.808000e-03 2.334000e-01
246 7.633360e-01 2.748000e-03 2.339160e-01
247 7.628120e-01 2.756000e-03 2.344320e-01
248 7.623640e-01 2.792000e-03 2.348440e-01
249 7.619320e-01 2.720000e-03 2.353480e-01
250 7.615080e-01 2.716000e-03 2.357760e-01
251 7.611520e-01 2.556000e-03 2.362920e-01
252 7.607000e-01 2.516000e-03 2.367840e-01
253 7.603080e-01 2.512000e-03 2.371800e-01
254 7.598880e-01 2.424000e-03 2.376880e-01
255 7.595600e-01 2.264000e-03 2.381760e-01
256 7.591600e-01 2.272000e-03 2.385680e-01
257 7.587640e-01 2.260000e-03 2.389760e-01
258 7.583880e-01 2.240000e-03 2.393720e-01
259 7.579920e-01 2.156000e-03 2.398520e-01
260 7.576120e-01 2.144000e-03 2.402440e-01
261 7.572360e-01 2.120000e-03 2.406440e-01
262 7.567800e-01 2.248000e-03 2.409720e-01
263 7.563720e-01 2.252000e-03 2.413760e-01
264 7.559400e-01 2.276000e-03 2.417840e-01
265 7.555000e-01 2.284000e-03 2.422160e-01
266 7.551080e-01 2.272000e-03 2.426200e-01
267 7.547680e-01 2.236000e-03 2.429960e-01
268 7.544280e-01 2.180000e-03 2.433920e-01
269 7.540280e-01 2.112000e-03 2.438600e-01
270 7.537200e-01 2.020000e-03 2.442600e-01
271 7.533600e-01 2.040000e-03 2.446000e-01
272 7.530000e-01 2.104000e-03 2.448960e-01
273 7.526960e-01 2.040000e-03 2.452640e-01
274 7.524040e-01 1.992000e-03 2.456040e-01
275 7.521240e-01 1.980000e-03 2.458960e-01
276 7.518120e-01 1.896000e-03 2.462920e-01
277 7.515080e-01 1.876000e-03 2.466160e-01
278 7.511600e-01 1.856000e-03 2.469840e-01
279 7.507040e-01 1.964000e-03 2.473320e-01
280 7.503760e-01 1.844000e-03 2.477800e-01
281 7.500040e-01 1.884000e-03 2.481120e-01
282 7.496520e-01 1.912000e-03 2.484360e-01
283 7.493520e-01 1.900000e-03 2.487480e-01
284 7.490200e-01 1.920000e-03 2.490600e-01
285 7.486040e-01 1.988000e-03 2.494080e-01
286 7.482160e-01 1.916000e-03 2.498680e-01
287 7.478120e-01 1.984000e-03 2.502040e-01
288 7.474720e-01 1.972000e-03 2.505560e-01
289 7.470440e-01 2.100000e-03 2.508560e-01
290 7.466440e-01 2.104000e-03 2.512520e-01
291 7.462600e-01 2.140000e-03 2.516000e-01
292 7.459200e-01 2.144000e-03 2.519360e-01
293 7.456040e-01 2.068000e-03 2.523280e-01
294 7.452200e-01 2.056000e-03 2.527240e-01
295 7.448280e-01 2.124000e-03 2.530480e-01
296 7.444280e-01 2.096000e-03 2.534760e-01
297 7.440560e-01 2.088000e-03 2.538560e-01
298 7.436960e-01 2.140000e-03 2.541640e-01
299 7.433440e-01 2.056000e-03 2.546000e-01
300 7.429400e-01 2.132000e-03 2.549280e-01
301 7.425440e-01 2.108000e-03 2.553480e-01
302 7.421120e-01 2.160000e-03 2.557280e-01
303 7.417280e-01 2.140000e-03 2.561320e-01
304 7.412640e-01 2.264000e-03 2.564720e-01
305 7.409200e-01 2.196000e-03 2.568840e-01
306 7.406640e-01 2.100000e-03 2.572360e-01
307 7.403400e-01 2.088000e-03 2.575720e-01
308 7.399800e-01 2.032000e-03 2.579880e-01
309 7.397360e-01 1.916000e-03 2.583480e-01
310 7.394040e-01 1.940000e-03 2.586560e-01
311 7.389880e-01 2.060000e-03 2.589520e-01
312 7.386160e-01 2.104000e-03 2.592800e-01
313 7.381720e-01 2.188000e-03 2.596400e-01
314 7.378240e-01 2.104000e-03 2.600720e-01
315 7.375040e-01 2.084000e-03 2.604120e-01
316 7.371960e-01 2.012000e-03 2.607920e-01
317 7.368880e-01 1.992000e-03 2.611200e-01
318 7.365120e-01 2.040000e-03 2.614480e-01
319 7.362120e-01 1.932000e-03 2.618560e-01
320 7.358840e-01 1.880000e-03 2.622360e-01
321 7.355240e-01 1.912000e-03 2.625640e-01
322 7.352240e-01 1.904000e-03 2.628720e-01
323 7.348840e-01 1.932000e-03 2.631840e-01
324 7.346480e-01 1.900000e-03 2.634520e-01
325 7.343360e-01 1.928000e-03 2.637360e-01
326 7.340200e-01 1.896000e-03 2.640840e-01
327 7.337720e-01 1.764000e-03 2.644640e-01
328 7.335520e-01 1.648000e-03 2.648000e-01
329 7.332960e-01 1.640000e-03 2.650640e-01
330 7.330760e-01 1.544000e-03 2.653800e-01
331 7.327880e-01 1.596000e-03 2.656160e-01
332 7.325400e-01 1.528000e-03 2.659320e-01
333 7.322840e-01 1.532000e-03 2.661840e-01
334 7.320240e-01 1.560000e-03 2.664160e-01
335 7.317440e-01 1.528000e-03 2.667280e-01
336 7.314840e-01 1.524000e-03 2.669920e-01
337 7.312640e-01 1.512000e-03 2.672240e-01
338 7.310880e-01 1.468000e-03 2.674440e-01
339 7.308640e-01 1.480000e-03 2.676560e-01
340 7.307000e-01 1.384000e-03 2.679160e-01
341 7.305040e-01 1.284000e-03 2.682120e-01
342 7.302800e-01 1.240000e-03 2.684800e-01
343 7.300320e-01 1.220000e-03 2.687480e-01
344 7.298520e-01 1.152000e-03 2.689960e-01
345 7.296720e-01 1.124000e-03 2.692040e-01
346 7.295320e-01 1.052000e-03 2.694160e-01
347 7.293560e-01 1.040000e-03 2.696040e-01
348 7.291480e-01 1.056000e-03 2.697960e-01
349 7.289160e-01 1.132000e-03 2.699520e-01
350 7.286240e-01 1.252000e-03 2.701240e-01
351 7.282960e-01 1.296000e-03 2.704080e-01
352 7.279680e-01 1.360000e-03 2.706720e-01
353 7.277160e-01 1.364000e-03 2.709200e-01
354 7.274280e-01 1.424000e-03 2.711480e-01
355 7.272000e-01 1.376000e-03 2.714240e-01
356 7.269960e-01 1.372000e-03 2.716320e-01
357 7.267640e-01 1.356000e-03 2.718800e-01
358 7.265240e-01 1.352000e-03 2.721240e-01
359 7.263040e-01 1.320000e-03 2.723760e-01
360 7.261200e-01 1.260000e-03 2.726200e-01
361 7.259560e-01 1.180000e-03 2.728640e-01
362 7.258160e-01 1.144000e-03 2.730400e-01
363 7.256560e-01 1.156000e-03 2.731880e-01
364 7.254760e-01 1.104000e-03 2.734200e-01
365 7.253680e-01 1.012000e-03 2.736200e-01
366 7.252240e-01 9.520000e-04 2.738240e-01
367 7.250480e-01 9.480000e-04 2.740040e-01
368 7.249000e-01 9.360000e-04 2.741640e-01
369 7.246840e-01 1.004000e-03 2.743120e-01
370 7.244040e-01 1.076000e-03 2.745200e-01
371 7.242560e-01 1.060000e-03 2.746840e-01
372 7.240800e-01 1.012000e-03 2.749080e-01
373 7.238720e-01 1.048000e-03 2.750800e-01
374 7.236680e-01 1.088000e-03 2.752440e-01
375 7.235040e-01 1.028000e-03 2.754680e-01
376 7.232960e-01 1.048000e-03 2.756560e-01
377 7.231560e-01 1.052000e-03 2.757920e-01
378 7.230040e-01 1.028000e-03 2.759680e-01
379 7.228200e-01 1.040000e-03 2.761400e-01
380 7.226320e-01 1.044000e-03 2.763240e-01
381 7.224800e-01 1.016000e-03 2.765040e-01
382 7.223280e-01 9.480000e-04 2.767240e-01
383 7.221760e-01 9.160000e-04 2.769080e-01
384 7.219840e-01 9.520000e-04 2.770640e-01
385 7.218240e-01 9.360000e-04 2.772400e-01
386 7.216720e-01 8.800000e-04 2.774480e-01
387 7.215600e-01 8.280000e-04 2.776120e-01
388 7.214080e-01 8.160000e-04 2.777760e-01
389 7.212960e-01 8.240000e-04 2.778800e-01
390 7.211480e-01 8.360000e-04 2.780160e-01
391 7.210080e-01 8.280000e-04 2.781640e-01
392 7.208600e-01 8.240000e-04 2.783160e-01
393 7.207400e-01 7.920000e-04 2.784680e-01
394 7.206280e-01 7.480000e-04 2.786240e-01
395 7.205040e-01 7.760000e-04 2.787200e-01
396 7.203760e-01 7.640000e-04 2.788600e-01
397 7.202520e-01 7.360000e-04 2.790120e-01
398 7.201560e-01 7.480000e-04 2.790960e-01
399 7.200240e-01 7.560000e-04 2.792200e-01
400 7.199000e-01 7.400000e-04 2.793600e-01
401 7.197240e-01 7.920000e-04 2.794840e-01
402 7.195720e-01 7.960000e-04 2.796320e-01
403 7.195080e-01 7.200000e-04 2.797720e-01
404 7.193680e-01 7.600000e-04 2.798720e-01
405 7.192560e-01 7.360000e-04 2.800080e-01
406 7.191080e-01 7.160000e-04 2.801760e-01
407 7.190040e-01 6.840000e-04 2.803120e-01
408 7.189080e-01 6.800000e-04 2.804120e-01
409 7.188200e-01 6.600000e-04 2.805200e-01
410 7.187520e-01 6.200000e-04 2.806280e-01
411 7.186640e-01 6.200000e-04 2.807160e-01
412 7.185480e-01 6.000000e-04 2.808520e-01
413 7.184920e-01 5.520000e-04 2.809560e-01
414 7.184120e-01 5.280000e-04 2.810600e-01
415 7.183760e-01 4.960000e-04 2.811280e-01
416 7.183160e-01 4.840000e-04 2.812000e-01
417 7.182640e-01 4.440000e-04 2.812920e-01
418 7.181880e-01 4.720000e-04 2.813400e-01
419 7.181280e-01 4.720000e-04 2.814000e-01
420 7.180320e-01 4.560000e-04 2.815120e-01
421 7.179520e-01 4.600000e-04 2.815880e-01
422 7.178920e-01 4.400000e-04 2.816680e-01
423 7.178480e-01 3.760000e-04 2.817760e-01
424 7.177800e-01 3.600000e-04 2.818600e-01
425 7.177280e-01 3.640000e-04 2.819080e-01
426 7.176680e-01 3.720000e-04 2.819600e-01
427 7.176200e-01 3.520000e-04 2.820280e-01
428 7.175800e-01 3.400000e-04 2.820800e-01
429 7.175400e-01 3.120000e-04 2.821480e-01
430 7.174920e-01 3.000000e-04 2.822080e-01
431 7.174600e-01 2.800000e-04 2.822600e-01
432 7.174080e-01 2.960000e-04 2.822960e-01
433 7.173680e-01 2.920000e-04 2.823400e-01
434 7.173320e-01 2.720000e-04 2.823960e-01
435 7.173120e-01 2.560000e-04 2.824320e-01
436 7.172160e-01 3.200000e-04 2.824640e-01
437 7.171600e-01 3.200000e-04 2.825200e-01
438 7.171320e-01 2.760000e-04 2.825920e-01
439 7.171000e-01 2.440000e-04 2.826560e-01
440 7.170640e-01 2.240000e-04 2.827120e-01
441 7.170440e-01 2.120000e-04 2.827440e-01
442 7.170120e-01 2.120000e-04 2.827760e-01
443 7.169960e-01 1.880000e-04 2.828160e-01
444 7.169920e-01 1.560000e-04 2.828520e-01
445 7.169640e-01 1.640000e-04 2.828720e-01
446 7.169360e-01 1.640000e-04 2.829000e-01
447 7.169120e-01 1.520000e-04 2.829360e-01
448 7.169000e-01 1.440000e-04 2.829560e-01
449 7.168800e-01 1.440000e-04 2.829760e-01
450 7.168600e-01 1.520000e-04 2.829880e-01
451 7.168360e-01 1.560000e-04 2.830080e-01
452 7.168000e-01 1.720000e-04 2.830280e-01
453 7.167840e-01 1.560000e-04 2.830600e-01
454 7.167720e-01 1.320000e-04 2.830960e-01
455 7.167480e-01 1.280000e-04 2.831240e-01
456 7.167360e-01 1.080000e-04 2.831560e-01
457 7.167240e-01 1.000000e-04 2.831760e-01
458 7.167080e-01 9.200000e-05 2.832000e-01
459 7.166960e-01 1.000000e-04 2.832040e-01
460 7.166840e-01 1.000000e-04 2.832160e-01
461 7.166600e-01 1.000000e-04 2.832400e-01
462 7.166280e-01 1.080000e-04 2.832640e-01
463 7.166080e-01 1.240000e-04 2.832680e-01
464 7.165600e-01 1.360000e-04 2.833040e-01
465 7.165280e-01 1.480000e-04 2.833240e-01
466 7.165080e-01 1.440000e-04 2.833480e-01
467 7.164840e-01 1.520000e-04 2.833640e-01
468 7.164840e-01 1.360000e-04 2.833800e-01
469 7.164640e-01 1.320000e-04 2.834040e-01
470 7.164360e-01 1.320000e-04 2.834320e-01
471 7.164360e-01 1.120000e-04 2.834520e-01
472 7.164320e-01 9.200000e-05 2.834760e-01
473 7.164320e-01 7.600000e-05 2.834920e-01
474 7.164320e-01 6.000000e-05 2.835080e-01
475 7.164280e-01 6.000000e-05 2.835120e-01
476 7.164240e-01 5.200000e-05 2.835240e-01
477 7.164200e-01 4.000000e-05 2.835400e-01
478 7.164120e-01 3.200000e-05 2.835560e-01
479 7.164120e-01 2.800000e-05 2.835600e-01
480 7.164120e-01 1.600000e-05 2.835720e-01
481 7.164120e-01 1.200000e-05 2.835760e-01
482 7.164120e-01 1.200000e-05 2.835760e-01
483 7.164120e-01 8.000000e-06 2.835800e-01
484 7.164120e-01 8.000000e-06 2.835800e-01
485 7.164120e-01 8.000000e-06 2.835800e-01
486 7.164120e-01 4.000000e-06 2.835840e-01
487 7.164120e-01 4.000000e-06 2.835840e-01
488 7.164120e-01 4.000000e-06 2.835840e-01
489 7.164120e-01 4.000000e-06 2.835840e-01
490 7.164120e-01 4.000000e-06 2.835840e-01
491 7.164120e-01 4.000000e-06 2.835840e-01
492 7.164120e-01 4.000000e-06 2.835840e-01
493 7.164120e-01 4.000000e-06 2.835840e-01
494 7.164120e-01 4.000000e-06 2.835840e-01
495 7.164120e-01 4.000000e-06 2.835840e-01
496 7.164120e-01 4.000000e-06 2.835840e-01
497 7.164120e-01 0.000000e+00 2.835880e-01
498 7.164120e-01 0.000000e+00 2.835880e-01
499 7.164120e-01 0.000000e+00 2.835880e-01
500 7.164120e-01 0.000000e+00 2.835880e-01
