1 9.992040e-01 7.200000e-04 7.600000e-05
2 9.987360e-01 1.040000e-03 2.240000e-04
3 9.980880e-01 1.488000e-03 4.240000e-04
4 9.974440e-01 1.904000e-03 6.520000e-04
5 9.966880e-01 2.316000e-03 9.960000e-04
6 9.957920e-01 2.828000e-03 1.380000e-03
7 9.949680e-01 3.132000e-03 1.900000e-03
8 9.940400e-01 3.472000e-03 2.488000e-03
9 9.930400e-01 3.876000e-03 3.084000e-03
10 9.920360e-01 4.136000e-03 3.828000e-03
11 9.910600e-01 4.336000e-03 4.604000e-03
12 9.899560e-01 4.700000e-03 5.344000e-03
13 9.887840e-01 5.092000e-03 6.124000e-03
14 9.876320e-01 5.424000e-03 6.944000e-03
15 9.863720e-01 5.632000e-03 7.996000e-03
16 9.850760e-01 5.884000e-03 9.040000e-03
17 9.838360e-01 6.000000e-03 1.016400e-02
18 9.825720e-01 6.256000e-03 1.117200e-02
19 9.811520e-01 6.520000e-03 1.232800e-02
20 9.798520e-01 6.776000e-03 1.337200e-02
21 9.784680e-01 6.952000e-03 1.458000e-02
22 9.769880e-01 7.216000e-03 1.579600e-02
23 9.753960e-01 7.408000e-03 1.719600e-02
24 9.740480e-01 7.400000e-03 1.855200e-02
25 9.725040e-01 7.724000e-03 1.977200e-02
26 9.710080e-01 7.856000e-03 2.113600e-02
27 9.692640e-01 8.164000e-03 2.257200e-02
28 9.676040e-01 8.436000e-03 2.396000e-02
29 9.659000e-01 8.688000e-03 2.541200e-02
30 9.642680e-01 8.888000e-03 2.684400e-02
31 9.626640e-01 8.920000e-03 2.841600e-02
32 9.611400e-01 8.812000e-03 3.004800e-02
33 9.594040e-01 8.860000e-03 3.173600e-02
34 9.576640e-01 9.028000e-03 3.330800e-02
35 9.559000e-01 9.188000e-03 3.491200e-02
36 9.542520e-01 9.204000e-03 3.654400e-02
37 9.527240e-01 9.112000e-03 3.816400e-02
38 9.509280e-01 9.340000e-03 3.973200e-02
39 9.492000e-01 9.464000e-03 4.133600e-02
40 9.473400e-01 9.700000e-03 4.296000e-02
41 9.454840e-01 9.956000e-03 4.456000e-02
42 9.435520e-01 1.022400e-02 4.622400e-02
43 9.416720e-01 1.028400e-02 4.804400e-02
44 9.400120e-01 1.014400e-02 4.984400e-02
45 9.381120e-01 1.019200e-02 5.169600e-02
46 9.362680e-01 1.033600e-02 5.339600e-02
47 9.342200e-01 1.056800e-02 5.521200e-02
48 9.322960e-01 1.051600e-02 5.718800e-02
49 9.301760e-01 1.076400e-02 5.906000e-02
50 9.283040e-01 1.072400e-02 6.097200e-02
51 9.262480e-01 1.100400e-02 6.274800e-02
52 9.242640e-01 1.108000e-02 6.465600e-02
53 9.222280e-01 1.133200e-02 6.644000e-02
54 9.201640e-01 1.138400e-02 6.845200e-02
55 9.181040e-01 1.133600e-02 7.056000e-02
56 9.161000e-01 1.139600e-02 7.250400e-02
57 9.140520e-01 1.138800e-02 7.456000e-02
58 9.120600e-01 1.130400e-02 7.663600e-02
59 9.100080e-01 1.134800e-02 7.864400e-02
60 9.080800e-01 1.124400e-02 8.067600e-02
61 9.060720e-01 1.138800e-02 8.254000e-02
62 9.040720e-01 1.148000e-02 8.444800e-02
63 9.022000e-01 1.142800e-02 8.637200e-02
64 9.001400e-01 1.145200e-02 8.840800e-02
65 8.982440e-01 1.142000e-02 9.033600e-02
66 8.963680e-01 1.130800e-02 9.232400e-02
67 8.944760e-01 1.129600e-02 9.422800e-02
68 8.924120e-01 1.139600e-02 9.619200e-02
69 8.904320e-01 1.148800e-02 9.808000e-02
70 8.886800e-01 1.131600e-02 1.000040e-01
71 8.865960e-01 1.142400e-02 1.019800e-01
72 8.848440e-01 1.107200e-02 1.040840e-01
73 8.829360e-01 1.106800e-02 1.059960e-01
74 8.811080e-01 1.099600e-02 1.078960e-01
75 8.792960e-01 1.086400e-02 1.098400e-01
76 8.774120e-01 1.084800e-02 1.117400e-01
77 8.754040e-01 1.090800e-02 1.136880e-01
78 8.735560e-01 1.073200e-02 1.157120e-01
79 8.716440e-01 1.080800e-02 1.175480e-01
80 8.697440e-01 1.084800e-02 1.194080e-01
81 8.679200e-01 1.076400e-02 1.213160e-01
82 8.658960e-01 1.080800e-02 1.232960e-01
83 8.639440e-01 1.085600e-02 1.252000e-01
84 8.620880e-01 1.070800e-02 1.272040e-01
85 8.602040e-01 1.087600e-02 1.289200e-01
86 8.581000e-01 1.102000e-02 1.308800e-01
87 8.562400e-01 1.094800e-02 1.328120e-01
88 8.543120e-01 1.099600e-02 1.346920e-01
89 8.526920e-01 1.076000e-02 1.365480e-01
90 8.508920e-01 1.068800e-02 1.384200e-01
91 8.492880e-01 1.045600e-02 1.402560e-01
92 8.477440e-01 1.008400e-02 1.421720e-01
93 8.461400e-01 9.884000e-03 1.439760e-01
94 8.445560e-01 9.828000e-03 1.456160e-01
95 8.429320e-01 9.664000e-03 1.474040e-01
96 8.414240e-01 9.552000e-03 1.490240e-01
97 8.397880e-01 9.572000e-03 1.506400e-01
98 8.379520e-01 9.588000e-03 1.524600e-01
99 8.362080e-01 9.644000e-03 1.541480e-01
100 8.346600e-01 9.508000e-03 1.558320e-01
101 8.330680e-01 9.468000e-03 1.574640e-01
102 8.314720e-01 9.392000e-03 1.591360e-01
103 8.297040e-01 9.368000e-03 1.609280e-01
104 8.281280e-01 9.384000e-03 1.624880e-01
105 8.264720e-01 9.440000e-03 1.640880e-01
106 8.247880e-01 9.520000e-03 1.656920e-01
107 8.230600e-01 9.600000e-03 1.673400e-01
108 8.213560e-01 9.516000e-03 1.691280e-01
109 8.196440e-01 9.604000e-03 1.707520e-01
110 8.178360e-01 9.784000e-03 1.723800e-01
111 8.162640e-01 9.556000e-03 1.741800e-01
112 8.147440e-01 9.384000e-03 1.758720e-01
113 8.132600e-01 9.292000e-03 1.774480e-01
114 8.117880e-01 9.216000e-03 1.789960e-01
115 8.103120e-01 9.024000e-03 1.806640e-01
116 8.088600e-01 8.900000e-03 1.822400e-01
117 8.073680e-01 9.004000e-03 1.836280e-01
118 8.060120e-01 8.664000e-03 1.853240e-01
119 8.046000e-01 8.520000e-03 1.868800e-01
120 8.032680e-01 8.440000e-03 1.882920e-01
121 8.019880e-01 8.236000e-03 1.897760e-01
122 8.007080e-01 8.128000e-03 1.911640e-01
123 7.994800e-01 7.876000e-03 1.926440e-01
124 7.982120e-01 7.708000e-03 1.940800e-01
125 7.968120e-01 7.696000e-03 1.954920e-01
126 7.955040e-01 7.588000e-03 1.969080e-01
127 7.942320e-01 7.552000e-03 1.982160e-01
128 7.929440e-01 7.424000e-03 1.996320e-01
129 7.915360e-01 7.496000e-03 2.009680e-01
130 7.903520e-01 7.300000e-03 2.023480e-01
131 7.892000e-01 7.180000e-03 2.036200e-01
132 7.880280e-01 7.128000e-03 2.048440e-01
133 7.868280e-01 7.132000e-03 2.060400e-01
134 7.856600e-01 7.044000e-03 2.072960e-01
135 7.844160e-01 7.040000e-03 2.085440e-01
136 7.832200e-01 6.884000e-03 2.098960e-01
137 7.820840e-01 6.772000e-03 2.111440e-01
138 7.811240e-01 6.656000e-03 2.122200e-01
139 7.799680e-01 6.804000e-03 2.132280e-01
140 7.789160e-01 6.600000e-03 2.144840e-01
141 7.778440e-01 6.588000e-03 2.155680e-01
142 7.768320e-01 6.448000e-03 2.167200e-01
143 7.758800e-01 6.200000e-03 2.179200e-01
144 7.748520e-01 6.068000e-03 2.190800e-01
145 7.737840e-01 6.104000e-03 2.201120e-01
146 7.726840e-01 6.116000e-03 2.212000e-01
147 7.715600e-01 6.224000e-03 2.222160e-01
148 7.705920e-01 6.128000e-03 2.232800e-01
149 7.695000e-01 6.128000e-03 2.243720e-01
150 7.685520e-01 6.080000e-03 2.253680e-01
151 7.674600e-01 6.208000e-03 2.263320e-01
152 7.664800e-01 6.172000e-03 2.273480e-01
153 7.653640e-01 6.192000e-03 2.284440e-01
154 7.642640e-01 6.180000e-03 2.295560e-01
155 7.632240e-01 6.048000e-03 2.307280e-01
156 7.621200e-01 6.116000e-03 2.317640e-01
157 7.609880e-01 6.188000e-03 2.328240e-01
158 7.598040e-01 6.336000e-03 2.338600e-01
159 7.587920e-01 6.160000e-03 2.350480e-01
160 7.579520e-01 5.904000e-03 2.361440e-01
161 7.568280e-01 5.928000e-03 2.372440e-01
162 7.558600e-01 5.828000e-03 2.383120e-01
163 7.548880e-01 5.768000e-03 2.393440e-01
164 7.539120e-01 5.772000e-03 2.403160e-01
165 7.528960e-01 5.732000e-03 2.413720e-01
166 7.519360e-01 5.652000e-03 2.424120e-01
167 7.510200e-01 5.628000e-03 2.433520e-01
168 7.501040e-01 5.576000e-03 2.443200e-01
169 7.491120e-01 5.544000e-03 2.453440e-01
170 7.480000e-01 5.640000e-03 2.463600e-01
171 7.469000e-01 5.756000e-03 2.473440e-01
172 7.458520e-01 5.812000e-03 2.483360e-01
173 7.448560e-01 5.804000e-03 2.493400e-01
174 7.437960e-01 5.872000e-03 2.503320e-01
175 7.427160e-01 5.956000e-03 2.513280e-01
176 7.416240e-01 5.908000e-03 2.524680e-01
177 7.405480e-01 6.080000e-03 2.533720e-01
178 7.396360e-01 5.888000e-03 2.544760e-01
179 7.386720e-01 5.896000e-03 2.554320e-01
180 7.376840e-01 5.912000e-03 2.564040e-01
181 7.367480e-01 5.820000e-03 2.574320e-01
182 7.356840e-01 5.844000e-03 2.584720e-01
183 7.346720e-01 5.936000e-03 2.593920e-01
184 7.336480e-01 5.968000e-03 2.603840e-01
185 7.325640e-01 5.944000e-03 2.614920e-01
186 7.315360e-01 5.980000e-03 2.624840e-01
187 7.305600e-01 5.932000e-03 2.635080e-01
188 7.297480e-01 5.744000e-03 2.645080e-01
189 7.287840e-01 5.624000e-03 2.655920e-01
190 7.277920e-01 5.664000e-03 2.665440e-01
191 7.268000e-01 5.656000e-03 2.675440e-01
192 7.257720e-01 5.600000e-03 2.686280e-01
193 7.247760e-01 5.580000e-03 2.696440e-01
194 7.237160e-01 5.660000e-03 2.706240e-01
195 7.227480e-01 5.700000e-03 2.715520e-01
196 7.217960e-01 5.672000e-03 2.725320e-01
197 7.208000e-01 5.752000e-03 2.734480e-01
198 7.197440e-01 5.856000e-03 2.744000e-01
199 7.186720e-01 5.864000e-03 2.754640e-01
200 7.177400e-01 5.792000e-03 2.764680e-01
201 7.167240e-01 5.840000e-03 2.774360e-01
202 7.157480e-01 5.796000e-03 2.784560e-01
203 7.148160e-01 5.692000e-03 2.794920e-01
204 7.138280e-01 5.804000e-03 2.803680e-01
205 7.127440e-01 5.828000e-03 2.814280e-01
206 7.117080e-01 5.804000e-03 2.824880e-01
207 7.108480e-01 5.660000e-03 2.834920e-01
208 7.098760e-01 5.676000e-03 2.844480e-01
209 7.089720e-01 5.580000e-03 2.854480e-01
210 7.080520e-01 5.492000e-03 2.864560e-01
211 7.071520e-01 5.400000e-03 2.874480e-01
212 7.061800e-01 5.432000e-03 2.883880e-01
213 7.052240e-01 5.456000e-03 2.893200e-01
214 7.041840e-01 5.600000e-03 2.902160e-01
215 7.031080e-01 5.768000e-03 2.911240e-01
216 7.020280e-01 5.868000e-03 2.921040e-01
217 7.009600e-01 5.896000e-03 2.931440e-01
218 6.999040e-01 6.004000e-03 2.940920e-01
219 6.989520e-01 5.884000e-03 2.951640e-01
220 6.978520e-01 5.912000e-03 2.962360e-01
221 6.968160e-01 5.924000e-03 2.972600e-01
222 6.958080e-01 5.936000e-03 2.982560e-01
223 6.947920e-01 5.928000e-03 2.992800e-01
224 6.936720e-01 5.928000e-03 3.004000e-01
225 6.926240e-01 5.956000e-03 3.014200e-01
226 6.917560e-01 5.856000e-03 3.023880e-01
227 6.907600e-01 5.848000e-03 3.033920e-01
228 6.897920e-01 5.760000e-03 3.044480e-01
229 6.888920e-01 5.704000e-03 3.054040e-01
230 6.879400e-01 5.668000e-03 3.063920e-01
231 6.870400e-01 5.592000e-03 3.073680e-01
232 6.861800e-01 5.460000e-03 3.083600e-01
233 6.853440e-01 5.360000e-03 3.092960e-01
234 6.845200e-01 5.208000e-03 3.102720e-01
235 6.836520e-01 5.124000e-03 3.112240e-01
236 6.827320e-01 5.148000e-03 3.121200e-01
237 6.819440e-01 5.028000e-03 3.130280e-01
238 6.810560e-01 4.996000e-03 3.139480e-01
239 6.802000e-01 4.948000e-03 3.148520e-01
240 6.793960e-01 4.904000e-03 3.157000e-01
241 6.786240e-01 4.856000e-03 3.165200e-01
242 6.779160e-01 4.744000e-03 3.173400e-01
243 6.771120e-01 4.764000e-03 3.181240e-01
244 6.763360e-01 4.608000e-03 3.190560e-01
245 6.755240e-01 4.516000e-03 3.199600e-01
246 6.747800e-01 4.496000e-03 3.207240e-01
247 6.740320e-01 4.468000e-03 3.215000e-01
248 6.732360e-01 4.480000e-03 3.222840e-01
249 6.724600e-01 4.512000e-03 3.230280e-01
250 6.716720e-01 4.504000e-03 3.238240e-01
251 6.709640e-01 4.436000e-03 3.246000e-01
252 6.703200e-01 4.368000e-03 3.253120e-01
253 6.696800e-01 4.140000e-03 3.261800e-01
254 6.690240e-01 4.120000e-03 3.268560e-01
255 6.683760e-01 4.092000e-03 3.275320e-01
256 6.677000e-01 4.120000e-03 3.281800e-01
257 6.670760e-01 4.156000e-03 3.287680e-01
258 6.664640e-01 4.032000e-03 3.295040e-01
259 6.657640e-01 4.060000e-03 3.301760e-01
260 6.651400e-01 3.948000e-03 3.309120e-01
261 6.644240e-01 4.072000e-03 3.315040e-01
262 6.637360e-01 4.048000e-03 3.322160e-01
263 6.630600e-01 3.992000e-03 3.329480e-01
264 6.624920e-01 3.900000e-03 3.336080e-01
265 6.618560e-01 3.816000e-03 3.343280e-01
266 6.611840e-01 3.840000e-03 3.349760e-01
267 6.605000e-01 3.876000e-03 3.356240e-01
268 6.599240e-01 3.748000e-03 3.363280e-01
269 6.594160e-01 3.636000e-03 3.369480e-01
270 6.587880e-01 3.584000e-03 3.376280e-01
271 6.581120e-01 3.708000e-03 3.381800e-01
272 6.574240e-01 3.672000e-03 3.389040e-01
273 6.568400e-01 3.560000e-03 3.396000e-01
274 6.562000e-01 3.608000e-03 3.401920e-01
275 6.554840e-01 3.652000e-03 3.408640e-01
276 6.547200e-01 3.708000e-03 3.415720e-01
277 6.539840e-01 3.768000e-03 3.422480e-01
278 6.534480e-01 3.748000e-03 3.428040e-01
279 6.528800e-01 3.704000e-03 3.434160e-01
280 6.522920e-01 3.680000e-03 3.440280e-01
281 6.516320e-01 3.716000e-03 3.446520e-01
282 6.510880e-01 3.644000e-03 3.452680e-01
283 6.504440e-01 3.628000e-03 3.459280e-01
284 6.497000e-01 3.740000e-03 3.465600e-01
285 6.490560e-01 3.760000e-03 3.471840e-01
286 6.484680e-01 3.660000e-03 3.478720e-01
287 6.477920e-01 3.692000e-03 3.485160e-01
288 6.472400e-01 3.636000e-03 3.491240e-01
289 6.466160e-01 3.620000e-03 3.497640e-01
290 6.459880e-01 3.472000e-03 3.505400e-01
291 6.452760e-01 3.516000e-03 3.512080e-01
292 6.446200e-01 3.508000e-03 3.518720e-01
293 6.439880e-01 3.576000e-03 3.524360e-01
294 6.434640e-01 3.456000e-03 3.530800e-01
295 6.429720e-01 3.348000e-03 3.536800e-01
296 6.424920e-01 3.236000e-03 3.542720e-01
297 6.420400e-01 3.136000e-03 3.548240e-01
298 6.414880e-01 3.168000e-03 3.553440e-01
299 6.410440e-01 3.080000e-03 3.558760e-01
300 6.406240e-01 2.976000e-03 3.564000e-01
301 6.401160e-01 2.932000e-03 3.569520e-01
302 6.396400e-01 2.872000e-03 3.574880e-01
303 6.391360e-01 2.892000e-03 3.579720e-01
304 6.385320e-01 2.988000e-03 3.584800e-01
305 6.380800e-01 2.908000e-03 3.590120e-01
306 6.375320e-01 2.968000e-03 3.595000e-01
307 6.369480e-01 3.028000e-03 3.600240e-01
308 6.364000e-01 3.132000e-03 3.604680e-01
309 6.358120e-01 3.180000e-03 3.610080e-01
310 6.352840e-01 3.160000e-03 3.615560e-01
311 6.346360e-01 3.296000e-03 3.620680e-01
312 6.340160e-01 3.264000e-03 3.627200e-01
313 6.334080e-01 3.304000e-03 3.632880e-01
314 6.329400e-01 3.264000e-03 3.637960e-01
315 6.324600e-01 3.240000e-03 3.643000e-01
316 6.319040e-01 3.232000e-03 3.648640e-01
317 6.313640e-01 3.200000e-03 3.654360e-01
318 6.308920e-01 3.144000e-03 3.659640e-01
319 6.303960e-01 3.108000e-03 3.664960e-01
320 6.299640e-01 2.992000e-03 3.670440e-01
321 6.295040e-01 2.944000e-03 3.675520e-01
322 6.290240e-01 2.952000e-03 3.680240e-01
323 6.286160e-01 2.892000e-03 3.684920e-01
324 6.280680e-01 2.920000e-03 3.690120e-01
325 6.276120e-01 2.844000e-03 3.695440e-01
326 6.271840e-01 2.792000e-03 3.700240e-01
327 6.267720e-01 2.748000e-03 3.704800e-01
328 6.263160e-01 2.748000e-03 3.709360e-01
329 6.258840e-01 2.788000e-03 3.713280e-01
330 6.253640e-01 2.808000e-03 3.718280e-01
331 6.250000e-01 2.724000e-03 3.722760e-01
332 6.246560e-01 2.616000e-03 3.727280e-01
333 6.242880e-01 2.520000e-03 3.731920e-01
334 6.238680e-01 2.460000e-03 3.736720e-01
335 6.235520e-01 2.348000e-03 3.741000e-01
336 6.231400e-01 2.332000e-03 3.745280e-01
337 6.227400e-01 2.336000e-03 3.749240e-01
338 6.223120e-01 2.304000e-03 3.753840e-01
339 6.218920e-01 2.352000e-03 3.757560e-01
340 6.215120e-01 2.256000e-03 3.762320e-01
341 6.211120e-01 2.240000e-03 3.766480e-01
342 6.206560e-01 2.348000e-03 3.769960e-01
343 6.202680e-01 2.288000e-03 3.774440e-01
344 6.199440e-01 2.188000e-03 3.778680e-01
345 6.195800e-01 2.168000e-03 3.782520e-01
346 6.192040e-01 2.164000e-03 3.786320e-01
347 6.188480e-01 2.108000e-03 3.790440e-01
348 6.185160e-01 2.116000e-03 3.793680e-01
349 6.181800e-01 2.060000e-03 3.797600e-01
350 6.178080e-01 2.068000e-03 3.801240e-01
351 6.174440e-01 2.048000e-03 3.805080e-01
352 6.171480e-01 2.052000e-03 3.808000e-01
353 6.167640e-01 2.092000e-03 3.811440e-01
354 6.164200e-01 2.088000e-03 3.814920e-01
355 6.160160e-01 2.116000e-03 3.818680e-01
356 6.156200e-01 2.124000e-03 3.822560e-01
357 6.152560e-01 2.132000e-03 3.826120e-01
358 6.149040e-01 2.052000e-03 3.830440e-01
359 6.145920e-01 1.964000e-03 3.834440e-01
360 6.142520e-01 2.000000e-03 3.837480e-01
361 6.139360e-01 1.964000e-03 3.841000e-01
362 6.135360e-01 2.020000e-03 3.844440e-01
363 6.131240e-01 2.020000e-03 3.848560e-01
364 6.127240e-01 2.080000e-03 3.851960e-01
365 6.124440e-01 2.004000e-03 3.855520e-01
366 6.120440e-01 2.132000e-03 3.858240e-01
367 6.116720e-01 2.152000e-03 3.861760e-01
368 6.113480e-01 2.116000e-03 3.865360e-01
369 6.109800e-01 2.104000e-03 3.869160e-01
370 6.106640e-01 2.100000e-03 3.872360e-01
371 6.102840e-01 2.072000e-03 3.876440e-01
372 6.099440e-01 2.092000e-03 3.879640e-01
373 6.096000e-01 2.040000e-03 3.883600e-01
374 6.092560e-01 2.068000e-03 3.886760e-01
375 6.089600e-01 2.000000e-03 3.890400e-01
376 6.086760e-01 1.900000e-03 3.894240e-01
377 6.083640e-01 1.924000e-03 3.897120e-01
378 6.079920e-01 1.952000e-03 3.900560e-01
379 6.076760e-01 1.912000e-03 3.904120e-01
380 6.073440e-01 1.888000e-03 3.907680e-01
381 6.069760e-01 1.888000e-03 3.911360e-01
382 6.066200e-01 1.912000e-03 3.914680e-01
383 6.062880e-01 1.960000e-03 3.917520e-01
384 6.059920e-01 1.924000e-03 3.920840e-01
385 6.056840e-01 1.884000e-03 3.924320e-01
386 6.053920e-01 1.860000e-03 3.927480e-01
387 6.050960e-01 1.816000e-03 3.930880e-01
388 6.047920e-01 1.808000e-03 3.934000e-01
389 6.044680e-01 1.848000e-03 3.936840e-01
390 6.041920e-01 1.756000e-03 3.940520e-01
391 6.039320e-01 1.692000e-03 3.943760e-01
392 6.036880e-01 1.636000e-03 3.946760e-01
393 6.034320e-01 1.660000e-03 3.949080e-01
394 6.032200e-01 1.620000e-03 3.951600e-01
395 6.029800e-01 1.640000e-03 3.953800e-01
396 6.027200e-01 1.552000e-03 3.957280e-01
397 6.025160e-01 1.472000e-03 3.960120e-01
398 6.023160e-01 1.380000e-03 3.963040e-01
399 6.020960e-01 1.356000e-03 3.965480e-01
400 6.018600e-01 1.356000e-03 3.967840e-01
401 6.017240e-01 1.304000e-03 3.969720e-01
402 6.015200e-01 1.268000e-03 3.972120e-01
403 6.012920e-01 1.296000e-03 3.974120e-01
404 6.011000e-01 1.256000e-03 3.976440e-01
405 6.009480e-01 1.180000e-03 3.978720e-01
406 6.007160e-01 1.228000e-03 3.980560e-01
407 6.005000e-01 1.280000e-03 3.982200e-01
408 6.003320e-01 1.228000e-03 3.984400e-01
409 6.001520e-01 1.212000e-03 3.986360e-01
410 5.999960e-01 1.104000e-03 3.989000e-01
411 5.998320e-01 1.076000e-03 3.990920e-01
412 5.996160e-01 1.096000e-03 3.992880e-01
413 5.994600e-01 1.044000e-03 3.994960e-01
414 5.991960e-01 1.104000e-03 3.997000e-01
415 5.989880e-01 1.108000e-03 3.999040e-01
416 5.987240e-01 1.220000e-03 4.000560e-01
417 5.985040e-01 1.224000e-03 4.002720e-01
418 5.982880e-01 1.176000e-03 4.005360e-01
419 5.981360e-01 1.120000e-03 4.007440e-01
420 5.980200e-01 1.056000e-03 4.009240e-01
421 5.978240e-01 1.064000e-03 4.011120e-01
422 5.976600e-01 1.020000e-03 4.013200e-01
423 5.974840e-01 1.048000e-03 4.014680e-01
424 5.973240e-01 9.760000e-04 4.017000e-01
425 5.971400e-01 1.020000e-03 4.018400e-01
426 5.969320e-01 1.064000e-03 4.020040e-01
427 5.967680e-01 1.056000e-03 4.021760e-01
428 5.966120e-01 1.012000e-03 4.023760e-01
429 5.964080e-01 1.048000e-03 4.025440e-01
430 5.962120e-01 1.072000e-03 4.027160e-01
431 5.960800e-01 1.036000e-03 4.028840e-01
432 5.959120e-01 1.052000e-03 4.030360e-01
433 5.958240e-01 9.440000e-04 4.032320e-01
434 5.956880e-01 8.920000e-04 4.034200e-01
435 5.955520e-01 8.680000e-04 4.035800e-01
436 5.954360e-01 8.520000e-04 4.037120e-01
437 5.953360e-01 8.120000e-04 4.038520e-01
438 5.951360e-01 8.520000e-04 4.040120e-01
439 5.950080e-01 8.280000e-04 4.041640e-01
440 5.948720e-01 7.880000e-04 4.043400e-01
441 5.947080e-01 8.040000e-04 4.044880e-01
442 5.946120e-01 7.800000e-04 4.046080e-01
443 5.944840e-01 7.720000e-04 4.047440e-01
444 5.943360e-01 7.800000e-04 4.048840e-01
445 5.941840e-01 8.320000e-04 4.049840e-01
446 5.941000e-01 7.680000e-04 4.051320e-01
447 5.939800e-01 8.160000e-04 4.052040e-01
448 5.938480e-01 8.040000e-04 4.053480e-01
449 5.937360e-01 8.320000e-04 4.054320e-01
450 5.935760e-01 8.200000e-04 4.056040e-01
451 5.934080e-01 8.640000e-04 4.057280e-01
452 5.932240e-01 8.960000e-04 4.058800e-01
453 5.930480e-01 9.000000e-04 4.060520e-01
454 5.928640e-01 8.960000e-04 4.062400e-01
455 5.926720e-01 9.600000e-04 4.063680e-01
456 5.924840e-01 9.720000e-04 4.065440e-01
457 5.923280e-01 9.800000e-04 4.066920e-01
458 5.921200e-01 1.016000e-03 4.068640e-01
459 5.919400e-01 1.072000e-03 4.069880e-01
460 5.917320e-01 1.032000e-03 4.072360e-01
461 5.915920e-01 1.008000e-03 4.074000e-01
462 5.913600e-01 1.048000e-03 4.075920e-01
463 5.911960e-01 9.840000e-04 4.078200e-01
464 5.909880e-01 1.024000e-03 4.079880e-01
465 5.907880e-01 1.012000e-03 4.082000e-01
466 5.905840e-01 1.052000e-03 4.083640e-01
467 5.904120e-01 1.032000e-03 4.085560e-01
468 5.902440e-01 1.028000e-03 4.087280e-01
469 5.900760e-01 1.044000e-03 4.088800e-01
470 5.899160e-01 1.032000e-03 4.090520e-01
471 5.897560e-01 1.024000e-03 4.092200e-01
472 5.895960e-01 9.720000e-04 4.094320e-01
473 5.894600e-01 9.080000e-04 4.096320e-01
474 5.893040e-01 8.960000e-04 4.098000e-01
475 5.891720e-01 9.040000e-04 4.099240e-01
476 5.890080e-01 9.040000e-04 4.100880e-01
477 5.888440e-01 9.280000e-04 4.102280e-01
478 5.887080e-01 8.720000e-04 4.104200e-01
479 5.885520e-01 8.720000e-04 4.105760e-01
480 5.884480e-01 8.360000e-04 4.107160e-01
481 5.883680e-01 7.920000e-04 4.108400e-01
482 5.882120e-01 8.240000e-04 4.109640e-01
483 5.880080e-01 8.560000e-04 4.111360e-01
484 5.878800e-01 8.360000e-04 4.112840e-01
485 5.876920e-01 8.520000e-04 4.114560e-01
486 5.875320e-01 8.680000e-04 4.116000e-01
487 5.873840e-01 8.400000e-04 4.117760e-01
488 5.872600e-01 8.520000e-04 4.118880e-01
489 5.871480e-01 8.160000e-04 4.120360e-01
490 5.869840e-01 8.560000e-04 4.121600e-01
491 5.868160e-01 9.040000e-04 4.122800e-01
492 5.866840e-01 8.960000e-04 4.124200e-01
493 5.865520e-01 8.720000e-04 4.125760e-01
494 5.864360e-01 8.360000e-04 4.127280e-01
495 5.863000e-01 8.160000e-04 4.128840e-01
496 5.861560e-01 8.360000e-04 4.130080e-01
497 5.860280e-01 8.400000e-04 4.131320e-01
498 5.859040e-01 8.360000e-04 4.132600e-01
499 5.857400e-01 8.480000e-04 4.134120e-01
500 5.856560e-01 7.680000e-04 4.135760e-01
