1 9.992920e-01 6.560000e-04 5.200000e-05
2 9.986960e-01 1.092000e-03 2.120000e-04
3 9.979880e-01 1.584000e-03 4.280000e-04
4 9.971960e-01 2.076000e-03 7.280000e-04
5 9.963440e-01 2.468000e-03 1.188000e-03
6 9.954840e-01 2.856000e-03 1.660000e-03
7 9.946160e-01 3.224000e-03 2.160000e-03
8 9.935720e-01 3.636000e-03 2.792000e-03
9 9.925120e-01 3.968000e-03 3.520000e-03
10 9.914520e-01 4.328000e-03 4.220000e-03
11 9.903600e-01 4.588000e-03 5.052000e-03
12 9.891600e-01 4.908000e-03 5.932000e-03
13 9.879840e-01 5.132000e-03 6.884000e-03
14 9.868560e-01 5.268000e-03 7.876000e-03
15 9.855800e-01 5.620000e-03 8.800000e-03
16 9.844000e-01 5.820000e-03 9.780000e-03
17 9.831360e-01 5.968000e-03 1.089600e-02
18 9.818400e-01 6.136000e-03 1.202400e-02
19 9.804400e-01 6.396000e-03 1.316400e-02
20 9.789920e-01 6.684000e-03 1.432400e-02
21 9.775200e-01 6.988000e-03 1.549200e-02
22 9.760000e-01 7.248000e-03 1.675200e-02
23 9.745200e-01 7.524000e-03 1.795600e-02
24 9.729960e-01 7.680000e-03 1.932400e-02
25 9.713480e-01 7.924000e-03 2.072800e-02
26 9.696680e-01 8.208000e-03 2.212400e-02
27 9.680640e-01 8.276000e-03 2.366000e-02
28 9.664320e-01 8.556000e-03 2.501200e-02
29 9.646880e-01 8.552000e-03 2.676000e-02
30 9.631720e-01 8.504000e-03 2.832400e-02
31 9.615680e-01 8.580000e-03 2.985200e-02
32 9.598600e-01 8.980000e-03 3.116000e-02
33 9.581200e-01 9.228000e-03 3.265200e-02
34 9.565200e-01 9.240000e-03 3.424000e-02
35 9.547800e-01 9.380000e-03 3.584000e-02
36 9.530480e-01 9.488000e-03 3.746400e-02
37 9.512240e-01 9.600000e-03 3.917600e-02
38 9.495360e-01 9.684000e-03 4.078000e-02
39 9.479480e-01 9.492000e-03 4.256000e-02
40 9.463040e-01 9.416000e-03 4.428000e-02
41 9.446520e-01 9.400000e-03 4.594800e-02
42 9.429760e-01 9.352000e-03 4.767200e-02
43 9.412600e-01 9.504000e-03 4.923600e-02
44 9.395920e-01 9.508000e-03 5.090000e-02
45 9.377440e-01 9.840000e-03 5.241600e-02
46 9.359000e-01 1.003600e-02 5.406400e-02
47 9.339840e-01 1.022000e-02 5.579600e-02
48 9.322160e-01 1.001200e-02 5.777200e-02
49 9.304160e-01 1.013600e-02 5.944800e-02
50 9.286560e-01 1.034400e-02 6.100000e-02
51 9.269280e-01 1.030000e-02 6.277200e-02
52 9.253800e-01 1.014000e-02 6.448000e-02
53 9.235880e-01 1.008400e-02 6.632800e-02
54 9.217720e-01 1.014800e-02 6.808000e-02
55 9.199680e-01 1.016400e-02 6.986800e-02
56 9.181920e-01 1.031600e-02 7.149200e-02
57 9.164560e-01 1.032800e-02 7.321600e-02
58 9.146440e-01 1.042800e-02 7.492800e-02
59 9.126760e-01 1.064800e-02 7.667600e-02
60 9.109480e-01 1.047200e-02 7.858000e-02
61 9.090920e-01 1.037200e-02 8.053600e-02
62 9.072720e-01 1.049600e-02 8.223200e-02
63 9.053960e-01 1.052400e-02 8.408000e-02
64 9.035720e-01 1.049600e-02 8.593200e-02
65 9.017880e-01 1.046000e-02 8.775200e-02
66 8.998600e-01 1.046400e-02 8.967600e-02
67 8.980560e-01 1.043600e-02 9.150800e-02
68 8.960560e-01 1.058400e-02 9.336000e-02
69 8.941560e-01 1.069600e-02 9.514800e-02
70 8.922480e-01 1.067200e-02 9.708000e-02
71 8.903800e-01 1.071600e-02 9.890400e-02
72 8.886080e-01 1.057200e-02 1.008200e-01
73 8.866600e-01 1.064400e-02 1.026960e-01
74 8.846920e-01 1.078400e-02 1.045240e-01
75 8.825680e-01 1.107600e-02 1.063560e-01
76 8.805720e-01 1.110800e-02 1.083200e-01
77 8.786440e-01 1.110800e-02 1.102480e-01
78 8.766680e-01 1.118800e-02 1.121440e-01
79 8.746880e-01 1.128800e-02 1.140240e-01
80 8.725840e-01 1.144000e-02 1.159760e-01
81 8.706440e-01 1.129200e-02 1.180640e-01
82 8.684680e-01 1.148400e-02 1.200480e-01
83 8.663480e-01 1.153600e-02 1.221160e-01
84 8.643520e-01 1.148000e-02 1.241680e-01
85 8.621080e-01 1.176400e-02 1.261280e-01
86 8.601680e-01 1.160800e-02 1.282240e-01
87 8.579880e-01 1.179200e-02 1.302200e-01
88 8.559000e-01 1.170000e-02 1.324000e-01
89 8.536760e-01 1.174400e-02 1.345800e-01
90 8.515120e-01 1.188800e-02 1.366000e-01
91 8.493480e-01 1.199200e-02 1.386600e-01
92 8.472720e-01 1.204800e-02 1.406800e-01
93 8.452560e-01 1.204000e-02 1.427040e-01
94 8.431840e-01 1.195200e-02 1.448640e-01
95 8.411280e-01 1.192000e-02 1.469520e-01
96 8.390400e-01 1.197600e-02 1.489840e-01
97 8.370400e-01 1.184800e-02 1.511120e-01
98 8.350520e-01 1.174400e-02 1.532040e-01
99 8.331720e-01 1.157200e-02 1.552560e-01
100 8.311840e-01 1.154800e-02 1.572680e-01
101 8.292440e-01 1.142400e-02 1.593320e-01
102 8.273200e-01 1.133600e-02 1.613440e-01
103 8.254200e-01 1.134400e-02 1.632360e-01
104 8.236680e-01 1.114800e-02 1.651840e-01
105 8.216320e-01 1.115600e-02 1.672120e-01
106 8.196640e-01 1.120000e-02 1.691360e-01
107 8.177840e-01 1.113200e-02 1.710840e-01
108 8.157160e-01 1.120400e-02 1.730800e-01
109 8.133920e-01 1.150000e-02 1.751080e-01
110 8.115080e-01 1.149200e-02 1.770000e-01
111 8.094960e-01 1.153600e-02 1.789680e-01
112 8.074840e-01 1.151200e-02 1.810040e-01
113 8.054440e-01 1.141600e-02 1.831400e-01
114 8.034760e-01 1.132000e-02 1.852040e-01
115 8.015120e-01 1.133600e-02 1.871520e-01
116 7.996480e-01 1.119200e-02 1.891600e-01
117 7.977600e-01 1.101600e-02 1.912240e-01
118 7.960920e-01 1.075200e-02 1.931560e-01
119 7.942160e-01 1.060800e-02 1.951760e-01
120 7.924480e-01 1.052800e-02 1.970240e-01
121 7.907960e-01 1.022800e-02 1.989760e-01
122 7.890040e-01 1.029200e-02 2.007040e-01
123 7.873440e-01 1.024000e-02 2.024160e-01
124 7.858160e-01 1.000800e-02 2.041760e-01
125 7.841520e-01 9.944000e-03 2.059040e-01
126 7.825160e-01 9.856000e-03 2.076280e-01
127 7.808120e-01 9.856000e-03 2.093320e-01
128 7.792400e-01 9.684000e-03 2.110760e-01
129 7.776000e-01 9.728000e-03 2.126720e-01
130 7.760240e-01 9.620000e-03 2.143560e-01
131 7.745360e-01 9.420000e-03 2.160440e-01
132 7.728920e-01 9.528000e-03 2.175800e-01
133 7.712680e-01 9.512000e-03 2.192200e-01
134 7.694880e-01 9.528000e-03 2.209840e-01
135 7.678480e-01 9.420000e-03 2.227320e-01
136 7.663120e-01 9.308000e-03 2.243800e-01
137 7.647360e-01 9.340000e-03 2.259240e-01
138 7.631840e-01 9.084000e-03 2.277320e-01
139 7.615320e-01 9.188000e-03 2.292800e-01
140 7.598960e-01 9.224000e-03 2.308800e-01
141 7.580360e-01 9.440000e-03 2.325240e-01
142 7.564840e-01 9.356000e-03 2.341600e-01
143 7.548080e-01 9.388000e-03 2.358040e-01
144 7.532840e-01 9.340000e-03 2.373760e-01
145 7.516480e-01 9.320000e-03 2.390320e-01
146 7.501720e-01 9.184000e-03 2.406440e-01
147 7.487640e-01 9.028000e-03 2.422080e-01
148 7.473520e-01 8.828000e-03 2.438200e-01
149 7.461080e-01 8.460000e-03 2.454320e-01
150 7.449000e-01 8.240000e-03 2.468600e-01
151 7.435760e-01 7.952000e-03 2.484720e-01
152 7.422080e-01 8.028000e-03 2.497640e-01
153 7.408480e-01 8.036000e-03 2.511160e-01
154 7.394400e-01 8.080000e-03 2.524800e-01
155 7.381000e-01 7.992000e-03 2.539080e-01
156 7.366640e-01 8.008000e-03 2.553280e-01
157 7.351280e-01 8.068000e-03 2.568040e-01
158 7.337440e-01 8.156000e-03 2.581000e-01
159 7.323200e-01 8.028000e-03 2.596520e-01
160 7.309880e-01 7.976000e-03 2.610360e-01
161 7.297560e-01 7.856000e-03 2.623880e-01
162 7.284480e-01 7.828000e-03 2.637240e-01
163 7.272440e-01 7.600000e-03 2.651560e-01
164 7.259880e-01 7.512000e-03 2.665000e-01
165 7.247320e-01 7.376000e-03 2.678920e-01
166 7.235040e-01 7.164000e-03 2.693320e-01
167 7.222840e-01 7.136000e-03 2.705800e-01
168 7.209920e-01 7.196000e-03 2.718120e-01
169 7.197320e-01 7.208000e-03 2.730600e-01
170 7.186400e-01 7.084000e-03 2.742760e-01
171 7.175680e-01 6.900000e-03 2.755320e-01
172 7.162960e-01 7.016000e-03 2.766880e-01
173 7.150320e-01 7.024000e-03 2.779440e-01
174 7.137840e-01 7.076000e-03 2.791400e-01
175 7.126280e-01 7.048000e-03 2.803240e-01
176 7.114560e-01 6.992000e-03 2.815520e-01
177 7.102440e-01 6.940000e-03 2.828160e-01
178 7.091600e-01 6.876000e-03 2.839640e-01
179 7.077720e-01 7.044000e-03 2.851840e-01
180 7.064560e-01 7.140000e-03 2.864040e-01
181 7.051640e-01 7.184000e-03 2.876520e-01
182 7.038360e-01 7.332000e-03 2.888320e-01
183 7.027040e-01 7.204000e-03 2.900920e-01
184 7.013680e-01 7.340000e-03 2.912920e-01
185 7.001240e-01 7.300000e-03 2.925760e-01
186 6.988960e-01 7.264000e-03 2.938400e-01
187 6.977560e-01 7.136000e-03 2.951080e-01
188 6.966560e-01 6.996000e-03 2.963480e-01
189 6.954760e-01 6.980000e-03 2.975440e-01
190 6.942480e-01 7.072000e-03 2.986800e-01
191 6.929840e-01 7.028000e-03 2.999880e-01
192 6.917720e-01 6.952000e-03 3.012760e-01
193 6.906000e-01 6.888000e-03 3.025120e-01
194 6.893920e-01 6.836000e-03 3.037720e-01
195 6.882440e-01 6.804000e-03 3.049520e-01
196 6.871280e-01 6.744000e-03 3.061280e-01
197 6.859640e-01 6.756000e-03 3.072800e-01
198 6.847360e-01 6.808000e-03 3.084560e-01
199 6.836800e-01 6.720000e-03 3.096000e-01
200 6.824640e-01 6.752000e-03 3.107840e-01
201 6.813360e-01 6.628000e-03 3.120360e-01
202 6.802680e-01 6.608000e-03 3.131240e-01
203 6.791960e-01 6.472000e-03 3.143320e-01
204 6.781240e-01 6.416000e-03 3.154600e-01
205 6.770720e-01 6.348000e-03 3.165800e-01
206 6.761120e-01 6.156000e-03 3.177320e-01
207 6.750520e-01 6.184000e-03 3.187640e-01
208 6.740360e-01 6.004000e-03 3.199600e-01
209 6.730880e-01 5.868000e-03 3.210440e-01
210 6.719280e-01 6.108000e-03 3.219640e-01
211 6.709640e-01 6.012000e-03 3.230240e-01
212 6.698960e-01 6.128000e-03 3.239760e-01
213 6.688680e-01 6.080000e-03 3.250520e-01
214 6.679120e-01 5.980000e-03 3.261080e-01
215 6.669440e-01 5.780000e-03 3.272760e-01
216 6.660200e-01 5.672000e-03 3.283080e-01
217 6.649920e-01 5.592000e-03 3.294160e-01
218 6.639680e-01 5.680000e-03 3.303520e-01
219 6.629600e-01 5.648000e-03 3.313920e-01
220 6.619080e-01 5.764000e-03 3.323280e-01
221 6.608480e-01 5.940000e-03 3.332120e-01
222 6.597960e-01 5.976000e-03 3.342280e-01
223 6.586280e-01 6.096000e-03 3.352760e-01
224 6.576040e-01 6.088000e-03 3.363080e-01
225 6.566080e-01 6.012000e-03 3.373800e-01
226 6.555600e-01 6.068000e-03 3.383720e-01
227 6.545440e-01 6.044000e-03 3.394120e-01
228 6.535560e-01 6.048000e-03 3.403960e-01
229 6.524600e-01 6.136000e-03 3.414040e-01
230 6.514960e-01 6.120000e-03 3.423840e-01
231 6.505800e-01 6.048000e-03 3.433720e-01
232 6.495160e-01 6.104000e-03 3.443800e-01
233 6.484080e-01 6.136000e-03 3.454560e-01
234 6.472320e-01 6.292000e-03 3.464760e-01
235 6.462000e-01 6.220000e-03 3.475800e-01
236 6.451240e-01 6.312000e-03 3.485640e-01
237 6.442000e-01 6.044000e-03 3.497560e-01
238 6.431600e-01 6.192000e-03 3.506480e-01
239 6.420960e-01 6.096000e-03 3.518080e-01
240 6.411160e-01 6.008000e-03 3.528760e-01
241 6.400480e-01 6.064000e-03 3.538880e-01
242 6.391680e-01 5.848000e-03 3.549840e-01
243 6.381760e-01 5.740000e-03 3.560840e-01
244 6.372640e-01 5.692000e-03 3.570440e-01
245 6.362520e-01 5.728000e-03 3.580200e-01
246 6.352800e-01 5.740000e-03 3.589800e-01
247 6.345240e-01 5.592000e-03 3.598840e-01
248 6.335000e-01 5.624000e-03 3.608760e-01
249 6.324160e-01 5.828000e-03 3.617560e-01
250 6.313800e-01 5.856000e-03 3.627640e-01
251 6.302960e-01 5.892000e-03 3.638120e-01
252 6.291840e-01 5.916000e-03 3.649000e-01
253 6.282280e-01 5.820000e-03 3.659520e-01
254 6.272400e-01 5.812000e-03 3.669480e-01
255 6.264600e-01 5.664000e-03 3.678760e-01
256 6.256480e-01 5.504000e-03 3.688480e-01
257 6.249440e-01 5.276000e-03 3.697800e-01
258 6.241760e-01 5.176000e-03 3.706480e-01
259 6.231960e-01 5.332000e-03 3.714720e-01
260 6.223160e-01 5.244000e-03 3.724400e-01
261 6.214240e-01 5.156000e-03 3.734200e-01
262 6.206480e-01 5.056000e-03 3.742960e-01
263 6.197440e-01 5.088000e-03 3.751680e-01
264 6.187960e-01 5.120000e-03 3.760840e-01
265 6.179800e-01 4.976000e-03 3.770440e-01
266 6.172160e-01 4.988000e-03 3.777960e-01
267 6.163680e-01 5.016000e-03 3.786160e-01
268 6.154960e-01 5.024000e-03 3.794800e-01
269 6.146720e-01 4.932000e-03 3.803960e-01
270 6.138440e-01 4.924000e-03 3.812320e-01
271 6.130840e-01 4.852000e-03 3.820640e-01
272 6.123640e-01 4.732000e-03 3.829040e-01
273 6.117160e-01 4.488000e-03 3.837960e-01
274 6.109960e-01 4.420000e-03 3.845840e-01
275 6.103600e-01 4.336000e-03 3.853040e-01
276 6.097480e-01 4.228000e-03 3.860240e-01
277 6.089960e-01 4.200000e-03 3.868040e-01
278 6.081800e-01 4.280000e-03 3.875400e-01
279 6.074920e-01 4.232000e-03 3.882760e-01
280 6.067320e-01 4.328000e-03 3.889400e-01
281 6.060480e-01 4.292000e-03 3.896600e-01
282 6.053600e-01 4.292000e-03 3.903480e-01
283 6.045640e-01 4.316000e-03 3.911200e-01
284 6.038440e-01 4.316000e-03 3.918400e-01
285 6.030880e-01 4.336000e-03 3.925760e-01
286 6.023680e-01 4.308000e-03 3.933240e-01
287 6.016920e-01 4.228000e-03 3.940800e-01
288 6.009680e-01 4.256000e-03 3.947760e-01
289 6.002640e-01 4.268000e-03 3.954680e-01
290 5.995040e-01 4.348000e-03 3.961480e-01
291 5.988720e-01 4.252000e-03 3.968760e-01
292 5.981080e-01 4.360000e-03 3.975320e-01
293 5.974040e-01 4.316000e-03 3.982800e-01
294 5.967000e-01 4.384000e-03 3.989160e-01
295 5.959040e-01 4.452000e-03 3.996440e-01
296 5.951640e-01 4.552000e-03 4.002840e-01
297 5.944400e-01 4.384000e-03 4.011760e-01
298 5.937320e-01 4.404000e-03 4.018640e-01
299 5.930760e-01 4.240000e-03 4.026840e-01
300 5.924120e-01 4.180000e-03 4.034080e-01
301 5.917680e-01 4.036000e-03 4.041960e-01
302 5.911400e-01 3.876000e-03 4.049840e-01
303 5.904360e-01 3.876000e-03 4.056880e-01
304 5.897600e-01 3.828000e-03 4.064120e-01
305 5.890840e-01 3.844000e-03 4.070720e-01
306 5.884360e-01 3.920000e-03 4.076440e-01
307 5.877520e-01 3.920000e-03 4.083280e-01
308 5.870080e-01 3.988000e-03 4.090040e-01
309 5.863640e-01 3.960000e-03 4.096760e-01
310 5.858240e-01 3.820000e-03 4.103560e-01
311 5.851240e-01 3.848000e-03 4.110280e-01
312 5.844920e-01 3.820000e-03 4.116880e-01
313 5.839120e-01 3.744000e-03 4.123440e-01
314 5.833840e-01 3.584000e-03 4.130320e-01
315 5.827200e-01 3.608000e-03 4.136720e-01
316 5.821320e-01 3.572000e-03 4.142960e-01
317 5.816600e-01 3.392000e-03 4.149480e-01
318 5.811040e-01 3.360000e-03 4.155360e-01
319 5.804640e-01 3.392000e-03 4.161440e-01
320 5.799720e-01 3.308000e-03 4.167200e-01
321 5.794880e-01 3.192000e-03 4.173200e-01
322 5.790200e-01 3.100000e-03 4.178800e-01
323 5.784960e-01 3.148000e-03 4.183560e-01
324 5.780360e-01 3.016000e-03 4.189480e-01
325 5.776080e-01 2.920000e-03 4.194720e-01
326 5.771520e-01 2.820000e-03 4.200280e-01
327 5.767640e-01 2.728000e-03 4.205080e-01
328 5.763400e-01 2.660000e-03 4.210000e-01
329 5.760280e-01 2.468000e-03 4.215040e-01
330 5.757040e-01 2.424000e-03 4.218720e-01
331 5.753200e-01 2.400000e-03 4.222800e-01
332 5.749640e-01 2.292000e-03 4.227440e-01
333 5.745920e-01 2.252000e-03 4.231560e-01
334 5.742320e-01 2.252000e-03 4.235160e-01
335 5.738480e-01 2.236000e-03 4.239160e-01
336 5.735120e-01 2.212000e-03 4.242760e-01
337 5.731360e-01 2.192000e-03 4.246720e-01
338 5.727480e-01 2.112000e-03 4.251400e-01
339 5.724320e-01 2.052000e-03 4.255160e-01
340 5.720760e-01 2.084000e-03 4.258400e-01
341 5.717800e-01 2.056000e-03 4.261640e-01
342 5.714520e-01 2.024000e-03 4.265240e-01
343 5.711600e-01 1.964000e-03 4.268760e-01
344 5.707960e-01 1.980000e-03 4.272240e-01
345 5.704840e-01 1.948000e-03 4.275680e-01
346 5.701440e-01 1.928000e-03 4.279280e-01
347 5.698280e-01 1.964000e-03 4.282080e-01
348 5.693560e-01 2.068000e-03 4.285760e-01
349 5.690200e-01 2.020000e-03 4.289600e-01
350 5.686800e-01 1.996000e-03 4.293240e-01
351 5.683080e-01 2.064000e-03 4.296280e-01
352 5.680760e-01 1.964000e-03 4.299600e-01
353 5.678160e-01 1.892000e-03 4.302920e-01
354 5.675760e-01 1.856000e-03 4.305680e-01
355 5.673120e-01 1.784000e-03 4.309040e-01
356 5.670600e-01 1.740000e-03 4.312000e-01
357 5.668680e-01 1.596000e-03 4.315360e-01
358 5.665960e-01 1.596000e-03 4.318080e-01
359 5.663400e-01 1.580000e-03 4.320800e-01
360 5.661400e-01 1.528000e-03 4.323320e-01
361 5.659160e-01 1.500000e-03 4.325840e-01
362 5.656840e-01 1.536000e-03 4.327800e-01
363 5.654160e-01 1.544000e-03 4.330400e-01
364 5.652080e-01 1.480000e-03 4.333120e-01
365 5.649680e-01 1.432000e-03 4.336000e-01
366 5.646600e-01 1.516000e-03 4.338240e-01
367 5.643840e-01 1.508000e-03 4.341080e-01
368 5.640920e-01 1.568000e-03 4.343400e-01
369 5.638520e-01 1.532000e-03 4.346160e-01
370 5.637040e-01 1.448000e-03 4.348480e-01
371 5.635280e-01 1.384000e-03 4.350880e-01
372 5.633200e-01 1.332000e-03 4.353480e-01
373 5.631240e-01 1.336000e-03 4.355400e-01
374 5.629520e-01 1.304000e-03 4.357440e-01
375 5.627120e-01 1.324000e-03 4.359640e-01
376 5.625200e-01 1.240000e-03 4.362400e-01
377 5.623480e-01 1.200000e-03 4.364520e-01
378 5.621560e-01 1.228000e-03 4.366160e-01
379 5.619360e-01 1.264000e-03 4.368000e-01
380 5.617120e-01 1.264000e-03 4.370240e-01
381 5.614840e-01 1.244000e-03 4.372720e-01
382 5.612120e-01 1.320000e-03 4.374680e-01
383 5.609600e-01 1.344000e-03 4.376960e-01
384 5.607360e-01 1.392000e-03 4.378720e-01
385 5.605560e-01 1.348000e-03 4.380960e-01
386 5.603200e-01 1.328000e-03 4.383520e-01
387 5.601120e-01 1.236000e-03 4.386520e-01
388 5.599480e-01 1.188000e-03 4.388640e-01
389 5.597600e-01 1.100000e-03 4.391400e-01
390 5.595200e-01 1.120000e-03 4.393600e-01
391 5.593000e-01 1.104000e-03 4.395960e-01
392 5.591080e-01 1.100000e-03 4.397920e-01
393 5.588800e-01 1.116000e-03 4.400040e-01
394 5.586880e-01 1.108000e-03 4.402040e-01
395 5.584560e-01 1.104000e-03 4.404400e-01
396 5.583000e-01 1.060000e-03 4.406400e-01
397 5.580880e-01 1.072000e-03 4.408400e-01
398 5.579000e-01 1.120000e-03 4.409800e-01
399 5.576760e-01 1.140000e-03 4.411840e-01
400 5.574120e-01 1.156000e-03 4.414320e-01
401 5.572320e-01 1.128000e-03 4.416400e-01
402 5.570440e-01 1.196000e-03 4.417600e-01
403 5.568720e-01 1.220000e-03 4.419080e-01
404 5.566880e-01 1.204000e-03 4.421080e-01
405 5.565160e-01 1.168000e-03 4.423160e-01
406 5.563640e-01 1.116000e-03 4.425200e-01
407 5.561720e-01 1.128000e-03 4.427000e-01
408 5.559800e-01 1.088000e-03 4.429320e-01
409 5.558120e-01 1.020000e-03 4.431680e-01
410 5.556920e-01 1.000000e-03 4.433080e-01
411 5.555240e-01 1.024000e-03 4.434520e-01
412 5.553400e-01 1.020000e-03 4.436400e-01
413 5.551200e-01 1.084000e-03 4.437960e-01
414 5.549640e-01 1.076000e-03 4.439600e-01
415 5.547200e-01 1.100000e-03 4.441800e-01
416 5.545320e-01 1.100000e-03 4.443680e-01
417 5.543360e-01 1.076000e-03 4.445880e-01
418 5.541720e-01 1.052000e-03 4.447760e-01
419 5.540160e-01 1.028000e-03 4.449560e-01
420 5.538040e-01 1.088000e-03 4.451080e-01
421 5.536080e-01 1.108000e-03 4.452840e-01
422 5.534000e-01 1.136000e-03 4.454640e-01
423 5.532000e-01 1.144000e-03 4.456560e-01
424 5.529760e-01 1.156000e-03 4.458680e-01
425 5.527960e-01 1.100000e-03 4.461040e-01
426 5.526240e-01 1.036000e-03 4.463400e-01
427 5.523800e-01 1.076000e-03 4.465440e-01
428 5.522800e-01 1.008000e-03 4.467120e-01
429 5.520600e-01 1.052000e-03 4.468880e-01
430 5.518560e-01 1.068000e-03 4.470760e-01
431 5.516680e-01 1.068000e-03 4.472640e-01
432 5.514960e-01 1.044000e-03 4.474600e-01
433 5.512480e-01 1.120000e-03 4.476320e-01
434 5.510280e-01 1.168000e-03 4.478040e-01
435 5.508000e-01 1.136000e-03 4.480640e-01
436 5.506280e-01 1.112000e-03 4.482600e-01
437 5.504400e-01 1.116000e-03 4.484440e-01
438 5.502200e-01 1.164000e-03 4.486160e-01
439 5.500080e-01 1.152000e-03 4.488400e-01
440 5.498360e-01 1.124000e-03 4.490400e-01
441 5.496240e-01 1.092000e-03 4.492840e-01
442 5.493960e-01 1.144000e-03 4.494600e-01
443 5.492160e-01 1.100000e-03 4.496840e-01
444 5.490040e-01 1.132000e-03 4.498640e-01
445 5.488520e-01 1.092000e-03 4.500560e-01
446 5.486880e-01 1.072000e-03 4.502400e-01
447 5.484920e-01 1.076000e-03 4.504320e-01
448 5.483040e-01 1.096000e-03 4.506000e-01
449 5.481440e-01 1.088000e-03 4.507680e-01
450 5.480120e-01 1.016000e-03 4.509720e-01
451 5.478640e-01 1.008000e-03 4.511280e-01
452 5.477080e-01 9.320000e-04 4.513600e-01
453 5.474960e-01 9.440000e-04 4.515600e-01
454 5.473120e-01 9.760000e-04 4.517120e-01
455 5.471520e-01 1.016000e-03 4.518320e-01
456 5.469960e-01 9.560000e-04 4.520480e-01
457 5.468280e-01 9.400000e-04 4.522320e-01
458 5.466440e-01 9.720000e-04 4.523840e-01
459 5.464480e-01 1.012000e-03 4.525400e-01
460 5.462680e-01 1.008000e-03 4.527240e-01
461 5.460920e-01 1.032000e-03 4.528760e-01
462 5.458440e-01 1.100000e-03 4.530560e-01
463 5.456520e-01 1.088000e-03 4.532600e-01
464 5.454480e-01 1.128000e-03 4.534240e-01
465 5.452600e-01 1.120000e-03 4.536200e-01
466 5.450880e-01 1.108000e-03 4.538040e-01
467 5.449320e-01 1.080000e-03 4.539880e-01
468 5.447440e-01 1.080000e-03 4.541760e-01
469 5.445560e-01 1.060000e-03 4.543840e-01
470 5.443440e-01 1.072000e-03 4.545840e-01
471 5.441200e-01 1.132000e-03 4.547480e-01
472 5.439360e-01 1.084000e-03 4.549800e-01
473 5.437440e-01 1.100000e-03 4.551560e-01
474 5.435480e-01 1.120000e-03 4.553320e-01
475 5.433800e-01 1.056000e-03 4.555640e-01
476 5.431760e-01 1.072000e-03 4.557520e-01
477 5.429760e-01 1.068000e-03 4.559560e-01
478 5.427880e-01 1.104000e-03 4.561080e-01
479 5.425320e-01 1.144000e-03 4.563240e-01
480 5.422680e-01 1.204000e-03 4.565280e-01
481 5.421040e-01 1.148000e-03 4.567480e-01
482 5.419040e-01 1.168000e-03 4.569280e-01
483 5.416800e-01 1.156000e-03 4.571640e-01
484 5.415240e-01 1.044000e-03 4.574320e-01
485 5.413000e-01 1.104000e-03 4.575960e-01
486 5.411320e-01 1.104000e-03 4.577640e-01
487 5.409160e-01 1.116000e-03 4.579680e-01
488 5.407080e-01 1.120000e-03 4.581720e-01
489 5.405000e-01 1.096000e-03 4.584040e-01
490 5.402920e-01 1.100000e-03 4.586080e-01
491 5.400960e-01 1.112000e-03 4.587920e-01
492 5.399000e-01 1.112000e-03 4.589880e-01
493 5.397480e-01 1.060000e-03 4.591920e-01
494 5.395840e-01 1.056000e-03 4.593600e-01
495 5.393760e-01 1.040000e-03 4.595840e-01
496 5.392280e-01 9.600000e-04 4.598120e-01
497 5.390760e-01 9.600000e-04 4.599640e-01
498 5.389280e-01 9.360000e-04 4.601360e-01
499 5.388280e-01 8.880000e-04 4.602840e-01
500 5.387080e-01 8.560000e-04 4.604360e-01
