1 9.992240e-01 6.960000e-04 8.000000e-05
2 9.986560e-01 1.060000e-03 2.840000e-04
3 9.979480e-01 1.572000e-03 4.800000e-04
4 9.972960e-01 1.944000e-03 7.600000e-04
5 9.964920e-01 2.300000e-03 1.208000e-03
6 9.957120e-01 2.644000e-03 1.644000e-03
7 9.948720e-01 3.020000e-03 2.108000e-03
8 9.939960e-01 3.352000e-03 2.652000e-03
9 9.931000e-01 3.620000e-03 3.280000e-03
10 9.922120e-01 3.912000e-03 3.876000e-03
11 9.912000e-01 4.200000e-03 4.600000e-03
12 9.902000e-01 4.508000e-03 5.292000e-03
13 9.891760e-01 4.704000e-03 6.120000e-03
14 9.879080e-01 5.028000e-03 7.064000e-03
15 9.866920e-01 5.280000e-03 8.028000e-03
16 9.855880e-01 5.496000e-03 8.916000e-03
17 9.844520e-01 5.708000e-03 9.840000e-03
18 9.831160e-01 5.972000e-03 1.091200e-02
19 9.817520e-01 6.316000e-03 1.193200e-02
20 9.804920e-01 6.464000e-03 1.304400e-02
21 9.791200e-01 6.628000e-03 1.425200e-02
22 9.778080e-01 6.792000e-03 1.540000e-02
23 9.764240e-01 6.928000e-03 1.664800e-02
24 9.750200e-01 7.144000e-03 1.783600e-02
25 9.736200e-01 7.232000e-03 1.914800e-02
26 9.720760e-01 7.484000e-03 2.044000e-02
27 9.706280e-01 7.532000e-03 2.184000e-02
28 9.694000e-01 7.524000e-03 2.307600e-02
29 9.680320e-01 7.504000e-03 2.446400e-02
30 9.666400e-01 7.576000e-03 2.578400e-02
31 9.653400e-01 7.636000e-03 2.702400e-02
32 9.640640e-01 7.628000e-03 2.830800e-02
33 9.625680e-01 7.824000e-03 2.960800e-02
34 9.611320e-01 7.868000e-03 3.100000e-02
35 9.597680e-01 7.944000e-03 3.228800e-02
36 9.583360e-01 7.988000e-03 3.367600e-02
37 9.568920e-01 7.920000e-03 3.518800e-02
38 9.554800e-01 7.972000e-03 3.654800e-02
39 9.540920e-01 7.968000e-03 3.794000e-02
40 9.526400e-01 8.084000e-03 3.927600e-02
41 9.512320e-01 8.028000e-03 4.074000e-02
42 9.498000e-01 8.040000e-03 4.216000e-02
43 9.482880e-01 8.152000e-03 4.356000e-02
44 9.468800e-01 8.144000e-03 4.497600e-02
45 9.451640e-01 8.408000e-03 4.642800e-02
46 9.436400e-01 8.376000e-03 4.798400e-02
47 9.421720e-01 8.352000e-03 4.947600e-02
48 9.404880e-01 8.504000e-03 5.100800e-02
49 9.388320e-01 8.568000e-03 5.260000e-02
50 9.371520e-01 8.740000e-03 5.410800e-02
51 9.357160e-01 8.604000e-03 5.568000e-02
52 9.344320e-01 8.432000e-03 5.713600e-02
53 9.330440e-01 8.300000e-03 5.865600e-02
54 9.315320e-01 8.332000e-03 6.013600e-02
55 9.299240e-01 8.460000e-03 6.161600e-02
56 9.283560e-01 8.548000e-03 6.309600e-02
57 9.268800e-01 8.484000e-03 6.463600e-02
58 9.254040e-01 8.388000e-03 6.620800e-02
59 9.241320e-01 8.204000e-03 6.766400e-02
60 9.228320e-01 7.972000e-03 6.919600e-02
61 9.214960e-01 7.960000e-03 7.054400e-02
62 9.200640e-01 7.932000e-03 7.200400e-02
63 9.186560e-01 7.856000e-03 7.348800e-02
64 9.172080e-01 7.840000e-03 7.495200e-02
65 9.159760e-01 7.716000e-03 7.630800e-02
66 9.144840e-01 7.880000e-03 7.763600e-02
67 9.130360e-01 7.960000e-03 7.900400e-02
68 9.114600e-01 8.160000e-03 8.038000e-02
69 9.100480e-01 8.084000e-03 8.186800e-02
70 9.085720e-01 8.100000e-03 8.332800e-02
71 9.071680e-01 8.108000e-03 8.472400e-02
72 9.057440e-01 8.096000e-03 8.616000e-02
73 9.041800e-01 8.156000e-03 8.766400e-02
74 9.026960e-01 8.240000e-03 8.906400e-02
75 9.011360e-01 8.392000e-03 9.047200e-02
76 8.997080e-01 8.376000e-03 9.191600e-02
77 8.981840e-01 8.408000e-03 9.340800e-02
78 8.967400e-01 8.444000e-03 9.481600e-02
79 8.952200e-01 8.420000e-03 9.636000e-02
80 8.936600e-01 8.536000e-03 9.780400e-02
81 8.921920e-01 8.568000e-03 9.924000e-02
82 8.906080e-01 8.712000e-03 1.006800e-01
83 8.889120e-01 8.964000e-03 1.021240e-01
84 8.873200e-01 8.924000e-03 1.037560e-01
85 8.857320e-01 8.932000e-03 1.053360e-01
86 8.842040e-01 8.784000e-03 1.070120e-01
87 8.825320e-01 8.944000e-03 1.085240e-01
88 8.810000e-01 9.000000e-03 1.100000e-01
89 8.795520e-01 8.948000e-03 1.115000e-01
90 8.780120e-01 8.836000e-03 1.131520e-01
91 8.765440e-01 8.800000e-03 1.146560e-01
92 8.749400e-01 8.940000e-03 1.161200e-01
93 8.732960e-01 8.864000e-03 1.178400e-01
94 8.717120e-01 8.788000e-03 1.195000e-01
95 8.702960e-01 8.564000e-03 1.211400e-01
96 8.687880e-01 8.588000e-03 1.226240e-01
97 8.673680e-01 8.388000e-03 1.242440e-01
98 8.660040e-01 8.292000e-03 1.257040e-01
99 8.644760e-01 8.340000e-03 1.271840e-01
100 8.631920e-01 8.272000e-03 1.285360e-01
101 8.617760e-01 8.184000e-03 1.300400e-01
102 8.603360e-01 8.200000e-03 1.314640e-01
103 8.587920e-01 8.320000e-03 1.328880e-01
104 8.572320e-01 8.560000e-03 1.342080e-01
105 8.557880e-01 8.468000e-03 1.357440e-01
106 8.542160e-01 8.748000e-03 1.370360e-01
107 8.526600e-01 8.692000e-03 1.386480e-01
108 8.510320e-01 8.744000e-03 1.402240e-01
109 8.495800e-01 8.640000e-03 1.417800e-01
110 8.481080e-01 8.616000e-03 1.432760e-01
111 8.466440e-01 8.604000e-03 1.447520e-01
112 8.451320e-01 8.688000e-03 1.461800e-01
113 8.437720e-01 8.548000e-03 1.476800e-01
114 8.421680e-01 8.652000e-03 1.491800e-01
115 8.406960e-01 8.556000e-03 1.507480e-01
116 8.391840e-01 8.520000e-03 1.522960e-01
117 8.379560e-01 8.204000e-03 1.538400e-01
118 8.366440e-01 8.040000e-03 1.553160e-01
119 8.351800e-01 8.132000e-03 1.566880e-01
120 8.338240e-01 8.112000e-03 1.580640e-01
121 8.324600e-01 8.140000e-03 1.594000e-01
122 8.310120e-01 8.204000e-03 1.607840e-01
123 8.297920e-01 7.960000e-03 1.622480e-01
124 8.285320e-01 7.856000e-03 1.636120e-01
125 8.272560e-01 7.796000e-03 1.649480e-01
126 8.258640e-01 7.828000e-03 1.663080e-01
127 8.246280e-01 7.648000e-03 1.677240e-01
128 8.232920e-01 7.704000e-03 1.690040e-01
129 8.221080e-01 7.544000e-03 1.703480e-01
130 8.208360e-01 7.516000e-03 1.716480e-01
131 8.195920e-01 7.408000e-03 1.730000e-01
132 8.183600e-01 7.428000e-03 1.742120e-01
133 8.170800e-01 7.312000e-03 1.756080e-01
134 8.157960e-01 7.216000e-03 1.769880e-01
135 8.144680e-01 7.288000e-03 1.782440e-01
136 8.130720e-01 7.444000e-03 1.794840e-01
137 8.116880e-01 7.460000e-03 1.808520e-01
138 8.104200e-01 7.516000e-03 1.820640e-01
139 8.090840e-01 7.540000e-03 1.833760e-01
140 8.077640e-01 7.528000e-03 1.847080e-01
141 8.064320e-01 7.556000e-03 1.860120e-01
142 8.052080e-01 7.424000e-03 1.873680e-01
143 8.039800e-01 7.316000e-03 1.887040e-01
144 8.028000e-01 7.220000e-03 1.899800e-01
145 8.015760e-01 7.144000e-03 1.912800e-01
146 8.002520e-01 7.232000e-03 1.925160e-01
147 7.991560e-01 6.976000e-03 1.938680e-01
148 7.978960e-01 7.044000e-03 1.950600e-01
149 7.967800e-01 6.956000e-03 1.962640e-01
150 7.955920e-01 6.944000e-03 1.974640e-01
151 7.944400e-01 6.872000e-03 1.986880e-01
152 7.933120e-01 6.824000e-03 1.998640e-01
153 7.921800e-01 6.776000e-03 2.010440e-01
154 7.909400e-01 6.736000e-03 2.023240e-01
155 7.898360e-01 6.636000e-03 2.035280e-01
156 7.886040e-01 6.692000e-03 2.047040e-01
157 7.875080e-01 6.608000e-03 2.058840e-01
158 7.863120e-01 6.716000e-03 2.069720e-01
159 7.851440e-01 6.656000e-03 2.082000e-01
160 7.840000e-01 6.736000e-03 2.092640e-01
161 7.828080e-01 6.632000e-03 2.105600e-01
162 7.817640e-01 6.548000e-03 2.116880e-01
163 7.805240e-01 6.712000e-03 2.127640e-01
164 7.794360e-01 6.596000e-03 2.139680e-01
165 7.783000e-01 6.592000e-03 2.151080e-01
166 7.772720e-01 6.516000e-03 2.162120e-01
167 7.762000e-01 6.468000e-03 2.173320e-01
168 7.751400e-01 6.492000e-03 2.183680e-01
169 7.741160e-01 6.380000e-03 2.195040e-01
170 7.731080e-01 6.224000e-03 2.206680e-01
171 7.720800e-01 6.084000e-03 2.218360e-01
172 7.710840e-01 6.100000e-03 2.228160e-01
173 7.700200e-01 5.944000e-03 2.240360e-01
174 7.691040e-01 5.724000e-03 2.251720e-01
175 7.682560e-01 5.672000e-03 2.260720e-01
176 7.673120e-01 5.660000e-03 2.270280e-01
177 7.664240e-01 5.612000e-03 2.279640e-01
178 7.655640e-01 5.472000e-03 2.289640e-01
179 7.646200e-01 5.464000e-03 2.299160e-01
180 7.638040e-01 5.360000e-03 2.308360e-01
181 7.628760e-01 5.436000e-03 2.316880e-01
182 7.620840e-01 5.324000e-03 2.325920e-01
183 7.612800e-01 5.212000e-03 2.335080e-01
184 7.605120e-01 5.152000e-03 2.343360e-01
185 7.597400e-01 5.024000e-03 2.352360e-01
186 7.588240e-01 5.024000e-03 2.361520e-01
187 7.580640e-01 4.876000e-03 2.370600e-01
188 7.572640e-01 4.824000e-03 2.379120e-01
189 7.564040e-01 4.768000e-03 2.388280e-01
190 7.556600e-01 4.740000e-03 2.396000e-01
191 7.547400e-01 4.896000e-03 2.403640e-01
192 7.540920e-01 4.692000e-03 2.412160e-01
193 7.533760e-01 4.544000e-03 2.420800e-01
194 7.526720e-01 4.468000e-03 2.428600e-01
195 7.518880e-01 4.508000e-03 2.436040e-01
196 7.511160e-01 4.456000e-03 2.444280e-01
197 7.503080e-01 4.452000e-03 2.452400e-01
198 7.494880e-01 4.544000e-03 2.459680e-01
199 7.487400e-01 4.432000e-03 2.468280e-01
200 7.479560e-01 4.484000e-03 2.475600e-01
201 7.472000e-01 4.476000e-03 2.483240e-01
202 7.466080e-01 4.264000e-03 2.491280e-01
203 7.459480e-01 4.152000e-03 2.499000e-01
204 7.452320e-01 4.052000e-03 2.507160e-01
205 7.446520e-01 3.976000e-03 2.513720e-01
206 7.439800e-01 3.948000e-03 2.520720e-01
207 7.434200e-01 3.796000e-03 2.527840e-01
208 7.428840e-01 3.712000e-03 2.534040e-01
209 7.422960e-01 3.660000e-03 2.540440e-01
210 7.416840e-01 3.676000e-03 2.546400e-01
211 7.411800e-01 3.532000e-03 2.552880e-01
212 7.405440e-01 3.556000e-03 2.559000e-01
213 7.399840e-01 3.464000e-03 2.565520e-01
214 7.394760e-01 3.384000e-03 2.571400e-01
215 7.388800e-01 3.388000e-03 2.577320e-01
216 7.382040e-01 3.508000e-03 2.582880e-01
217 7.375920e-01 3.496000e-03 2.589120e-01
218 7.369160e-01 3.632000e-03 2.594520e-01
219 7.363760e-01 3.492000e-03 2.601320e-01
220 7.357760e-01 3.524000e-03 2.607000e-01
221 7.352760e-01 3.488000e-03 2.612360e-01
222 7.346880e-01 3.576000e-03 2.617360e-01
223 7.341600e-01 3.520000e-03 2.623200e-01
224 7.336120e-01 3.396000e-03 2.629920e-01
225 7.330520e-01 3.368000e-03 2.635800e-01
226 7.326040e-01 3.188000e-03 2.642080e-01
227 7.321440e-01 3.036000e-03 2.648200e-01
228 7.316640e-01 2.976000e-03 2.653600e-01
229 7.312280e-01 2.900000e-03 2.658720e-01
230 7.307360e-01 2.908000e-03 2.663560e-01
231 7.302720e-01 2.820000e-03 2.669080e-01
232 7.297720e-01 2.892000e-03 2.673360e-01
233 7.292360e-01 2.924000e-03 2.678400e-01
234 7.287080e-01 2.972000e-03 2.683200e-01
235 7.281560e-01 2.996000e-03 2.688480e-01
236 7.276600e-01 2.924000e-03 2.694160e-01
237 7.271680e-01 2.844000e-03 2.699880e-01
238 7.266000e-01 2.928000e-03 2.704720e-01
239 7.260600e-01 3.008000e-03 2.709320e-01
240 7.255240e-01 3.064000e-03 2.714120e-01
241 7.249160e-01 3.164000e-03 2.719200e-01
242 7.243080e-01 3.288000e-03 2.724040e-01
243 7.237280e-01 3.288000e-03 2.729840e-01
244 7.231080e-01 3.296000e-03 2.735960e-01
245 7.225080e-01 3.320000e-03 2.741720e-01
246 7.219480e-01 3.244000e-03 2.748080e-01
247 7.213840e-01 3.280000e-03 2.753360e-01
248 7.208120e-01 3.264000e-03 2.759240e-01
249 7.202560e-01 3.264000e-03 2.764800e-01
250 7.196160e-01 3.336000e-03 2.770480e-01
251 7.190560e-01 3.328000e-03 2.776160e-01
252 7.184640e-01 3.372000e-03 2.781640e-01
253 7.178480e-01 3.460000e-03 2.786920e-01
254 7.172240e-01 3.444000e-03 2.793320e-01
255 7.165200e-01 3.596000e-03 2.798840e-01
256 7.157960e-01 3.704000e-03 2.805000e-01
257 7.150320e-01 3.812000e-03 2.811560e-01
258 7.142920e-01 3.868000e-03 2.818400e-01
259 7.137200e-01 3.804000e-03 2.824760e-01
260 7.131000e-01 3.752000e-03 2.831480e-01
261 7.124960e-01 3.664000e-03 2.838400e-01
262 7.119720e-01 3.572000e-03 2.844560e-01
263 7.113600e-01 3.536000e-03 2.851040e-01
264 7.106640e-01 3.648000e-03 2.856880e-01
265 7.100120e-01 3.676000e-03 2.863120e-01
266 7.093480e-01 3.604000e-03 2.870480e-01
267 7.088280e-01 3.452000e-03 2.877200e-01
268 7.082920e-01 3.364000e-03 2.883440e-01
269 7.076720e-01 3.448000e-03 2.888800e-01
270 7.071000e-01 3.360000e-03 2.895400e-01
271 7.064640e-01 3.308000e-03 2.902280e-01
272 7.059240e-01 3.320000e-03 2.907560e-01
273 7.053400e-01 3.368000e-03 2.912920e-01
274 7.047440e-01 3.468000e-03 2.917880e-01
275 7.042160e-01 3.344000e-03 2.924400e-01
276 7.037240e-01 3.260000e-03 2.930160e-01
277 7.032360e-01 3.164000e-03 2.936000e-01
278 7.027560e-01 3.044000e-03 2.942000e-01
279 7.021960e-01 3.012000e-03 2.947920e-01
280 7.017440e-01 2.956000e-03 2.953000e-01
281 7.012000e-01 3.004000e-03 2.957960e-01
282 7.006760e-01 3.016000e-03 2.963080e-01
283 7.000360e-01 3.076000e-03 2.968880e-01
284 6.994280e-01 3.188000e-03 2.973840e-01
285 6.988200e-01 3.228000e-03 2.979520e-01
286 6.982080e-01 3.264000e-03 2.985280e-01
287 6.977600e-01 3.076000e-03 2.991640e-01
288 6.973280e-01 3.004000e-03 2.996680e-01
289 6.968000e-01 3.020000e-03 3.001800e-01
290 6.963320e-01 2.968000e-03 3.007000e-01
291 6.959080e-01 2.884000e-03 3.012080e-01
292 6.954480e-01 2.848000e-03 3.017040e-01
293 6.950920e-01 2.628000e-03 3.022800e-01
294 6.946480e-01 2.620000e-03 3.027320e-01
295 6.941840e-01 2.604000e-03 3.032120e-01
296 6.937840e-01 2.560000e-03 3.036560e-01
297 6.933760e-01 2.572000e-03 3.040520e-01
298 6.929920e-01 2.532000e-03 3.044760e-01
299 6.925760e-01 2.508000e-03 3.049160e-01
300 6.921160e-01 2.552000e-03 3.053320e-01
301 6.916320e-01 2.596000e-03 3.057720e-01
302 6.912760e-01 2.508000e-03 3.062160e-01
303 6.909600e-01 2.396000e-03 3.066440e-01
304 6.905880e-01 2.280000e-03 3.071320e-01
305 6.901800e-01 2.284000e-03 3.075360e-01
306 6.897960e-01 2.336000e-03 3.078680e-01
307 6.894440e-01 2.240000e-03 3.083160e-01
308 6.890640e-01 2.200000e-03 3.087360e-01
309 6.887680e-01 2.124000e-03 3.091080e-01
310 6.884680e-01 2.056000e-03 3.094760e-01
311 6.881400e-01 1.984000e-03 3.098760e-01
312 6.879040e-01 1.872000e-03 3.102240e-01
313 6.876360e-01 1.776000e-03 3.105880e-01
314 6.873680e-01 1.672000e-03 3.109600e-01
315 6.870800e-01 1.724000e-03 3.111960e-01
316 6.867960e-01 1.756000e-03 3.114480e-01
317 6.864360e-01 1.780000e-03 3.117840e-01
318 6.861560e-01 1.736000e-03 3.121080e-01
319 6.858560e-01 1.712000e-03 3.124320e-01
320 6.854720e-01 1.832000e-03 3.126960e-01
321 6.851120e-01 1.780000e-03 3.131080e-01
322 6.848160e-01 1.764000e-03 3.134200e-01
323 6.845120e-01 1.708000e-03 3.137800e-01
324 6.842120e-01 1.732000e-03 3.140560e-01
325 6.838840e-01 1.700000e-03 3.144160e-01
326 6.836080e-01 1.740000e-03 3.146520e-01
327 6.833800e-01 1.672000e-03 3.149480e-01
328 6.830600e-01 1.724000e-03 3.152160e-01
329 6.826840e-01 1.852000e-03 3.154640e-01
330 6.823800e-01 1.892000e-03 3.157280e-01
331 6.819920e-01 1.920000e-03 3.160880e-01
332 6.815960e-01 1.988000e-03 3.164160e-01
333 6.811800e-01 2.108000e-03 3.167120e-01
334 6.808160e-01 2.060000e-03 3.171240e-01
335 6.805200e-01 2.024000e-03 3.174560e-01
336 6.801800e-01 1.960000e-03 3.178600e-01
337 6.797840e-01 2.048000e-03 3.181680e-01
338 6.793720e-01 2.112000e-03 3.185160e-01
339 6.789680e-01 2.144000e-03 3.188880e-01
340 6.785080e-01 2.224000e-03 3.192680e-01
341 6.780240e-01 2.384000e-03 3.195920e-01
342 6.776280e-01 2.324000e-03 3.200480e-01
343 6.772600e-01 2.260000e-03 3.204800e-01
344 6.768720e-01 2.256000e-03 3.208720e-01
345 6.765280e-01 2.180000e-03 3.212920e-01
346 6.761560e-01 2.128000e-03 3.217160e-01
347 6.757600e-01 2.140000e-03 3.221000e-01
348 6.754400e-01 2.092000e-03 3.224680e-01
349 6.751720e-01 2.028000e-03 3.228000e-01
350 6.747960e-01 2.068000e-03 3.231360e-01
351 6.744200e-01 2.076000e-03 3.235040e-01
352 6.740680e-01 2.032000e-03 3.239000e-01
353 6.737200e-01 2.056000e-03 3.242240e-01
354 6.732960e-01 2.084000e-03 3.246200e-01
355 6.729120e-01 2.088000e-03 3.250000e-01
356 6.725640e-01 2.108000e-03 3.253280e-01
357 6.722800e-01 2.040000e-03 3.256800e-01
358 6.719400e-01 2.036000e-03 3.260240e-01
359 6.716000e-01 2.032000e-03 3.263680e-01
360 6.712600e-01 2.052000e-03 3.266880e-01
361 6.708640e-01 2.076000e-03 3.270600e-01
362 6.704760e-01 2.104000e-03 3.274200e-01
363 6.700640e-01 2.148000e-03 3.277880e-01
364 6.696880e-01 2.176000e-03 3.281360e-01
365 6.693040e-01 2.144000e-03 3.285520e-01
366 6.689240e-01 2.128000e-03 3.289480e-01
367 6.685520e-01 2.164000e-03 3.292840e-01
368 6.681920e-01 2.160000e-03 3.296480e-01
369 6.677760e-01 2.172000e-03 3.300520e-01
370 6.674640e-01 2.100000e-03 3.304360e-01
371 6.671080e-01 2.076000e-03 3.308160e-01
372 6.667480e-01 1.992000e-03 3.312600e-01
373 6.663920e-01 2.056000e-03 3.315520e-01
374 6.660200e-01 2.060000e-03 3.319200e-01
375 6.656640e-01 2.052000e-03 3.322840e-01
376 6.653080e-01 2.068000e-03 3.326240e-01
377 6.650400e-01 1.988000e-03 3.329720e-01
378 6.647120e-01 1.976000e-03 3.333120e-01
379 6.643960e-01 1.988000e-03 3.336160e-01
380 6.640360e-01 2.004000e-03 3.339600e-01
381 6.637920e-01 1.932000e-03 3.342760e-01
382 6.634720e-01 1.856000e-03 3.346720e-01
383 6.632200e-01 1.796000e-03 3.349840e-01
384 6.628760e-01 1.796000e-03 3.353280e-01
385 6.626120e-01 1.756000e-03 3.356320e-01
386 6.623520e-01 1.684000e-03 3.359640e-01
387 6.620400e-01 1.684000e-03 3.362760e-01
388 6.617720e-01 1.676000e-03 3.365520e-01
389 6.615760e-01 1.628000e-03 3.367960e-01
390 6.612840e-01 1.624000e-03 3.370920e-01
391 6.610080e-01 1.588000e-03 3.374040e-01
392 6.607720e-01 1.604000e-03 3.376240e-01
393 6.604480e-01 1.632000e-03 3.379200e-01
394 6.601760e-01 1.628000e-03 3.381960e-01
395 6.599080e-01 1.596000e-03 3.384960e-01
396 6.596160e-01 1.596000e-03 3.387880e-01
397 6.593280e-01 1.564000e-03 3.391080e-01
398 6.590320e-01 1.608000e-03 3.393600e-01
399 6.587520e-01 1.528000e-03 3.397200e-01
400 6.584880e-01 1.484000e-03 3.400280e-01
401 6.582360e-01 1.436000e-03 3.403280e-01
402 6.579600e-01 1.508000e-03 3.405320e-01
403 6.577480e-01 1.432000e-03 3.408200e-01
404 6.573920e-01 1.560000e-03 3.410480e-01
405 6.571000e-01 1.544000e-03 3.413560e-01
406 6.568560e-01 1.524000e-03 3.416200e-01
407 6.565600e-01 1.576000e-03 3.418640e-01
408 6.563520e-01 1.516000e-03 3.421320e-01
409 6.560880e-01 1.536000e-03 3.423760e-01
410 6.558480e-01 1.500000e-03 3.426520e-01
411 6.555880e-01 1.500000e-03 3.429120e-01
412 6.553240e-01 1.488000e-03 3.431880e-01
413 6.550080e-01 1.572000e-03 3.434200e-01
414 6.547040e-01 1.628000e-03 3.436680e-01
415 6.543760e-01 1.656000e-03 3.439680e-01
416 6.541040e-01 1.640000e-03 3.442560e-01
417 6.539120e-01 1.480000e-03 3.446080e-01
418 6.537000e-01 1.432000e-03 3.448680e-01
419 6.534640e-01 1.400000e-03 3.451360e-01
420 6.532480e-01 1.388000e-03 3.453640e-01
421 6.530640e-01 1.340000e-03 3.455960e-01
422 6.528560e-01 1.320000e-03 3.458240e-01
423 6.526160e-01 1.372000e-03 3.460120e-01
424 6.524000e-01 1.324000e-03 3.462760e-01
425 6.521480e-01 1.340000e-03 3.465120e-01
426 6.518640e-01 1.352000e-03 3.467840e-01
427 6.516040e-01 1.340000e-03 3.470560e-01
428 6.514120e-01 1.284000e-03 3.473040e-01
429 6.512160e-01 1.256000e-03 3.475280e-01
430 6.509600e-01 1.268000e-03 3.477720e-01
431 6.507520e-01 1.236000e-03 3.480120e-01
432 6.505200e-01 1.208000e-03 3.482720e-01
433 6.502840e-01 1.264000e-03 3.484520e-01
434 6.500680e-01 1.348000e-03 3.485840e-01
435 6.498200e-01 1.388000e-03 3.487920e-01
436 6.495480e-01 1.412000e-03 3.490400e-01
437 6.492720e-01 1.420000e-03 3.493080e-01
438 6.490320e-01 1.424000e-03 3.495440e-01
439 6.487840e-01 1.472000e-03 3.497440e-01
440 6.485200e-01 1.488000e-03 3.499920e-01
441 6.482640e-01 1.480000e-03 3.502560e-01
442 6.479280e-01 1.548000e-03 3.505240e-01
443 6.476400e-01 1.568000e-03 3.507920e-01
444 6.473400e-01 1.612000e-03 3.510480e-01
445 6.471040e-01 1.580000e-03 3.513160e-01
446 6.468760e-01 1.556000e-03 3.515680e-01
447 6.466080e-01 1.544000e-03 3.518480e-01
448 6.463800e-01 1.552000e-03 3.520680e-01
449 6.461120e-01 1.572000e-03 3.523160e-01
450 6.458240e-01 1.636000e-03 3.525400e-01
451 6.455200e-01 1.652000e-03 3.528280e-01
452 6.452040e-01 1.748000e-03 3.530480e-01
453 6.449640e-01 1.648000e-03 3.533880e-01
454 6.446440e-01 1.688000e-03 3.536680e-01
455 6.443920e-01 1.680000e-03 3.539280e-01
456 6.441280e-01 1.676000e-03 3.541960e-01
457 6.438600e-01 1.660000e-03 3.544800e-01
458 6.436080e-01 1.672000e-03 3.547200e-01
459 6.433320e-01 1.636000e-03 3.550320e-01
460 6.430600e-01 1.556000e-03 3.553840e-01
461 6.428040e-01 1.620000e-03 3.555760e-01
462 6.425360e-01 1.584000e-03 3.558800e-01
463 6.422920e-01 1.560000e-03 3.561480e-01
464 6.420680e-01 1.460000e-03 3.564720e-01
465 6.417600e-01 1.504000e-03 3.567360e-01
466 6.414440e-01 1.552000e-03 3.570040e-01
467 6.411440e-01 1.556000e-03 3.573000e-01
468 6.408400e-01 1.556000e-03 3.576040e-01
469 6.405680e-01 1.588000e-03 3.578440e-01
470 6.402440e-01 1.616000e-03 3.581400e-01
471 6.399560e-01 1.612000e-03 3.584320e-01
472 6.397080e-01 1.536000e-03 3.587560e-01
473 6.394640e-01 1.552000e-03 3.589840e-01
474 6.392440e-01 1.468000e-03 3.592880e-01
475 6.389840e-01 1.460000e-03 3.595560e-01
476 6.387000e-01 1.456000e-03 3.598440e-01
477 6.384120e-01 1.468000e-03 3.601200e-01
478 6.381640e-01 1.424000e-03 3.604120e-01
479 6.379640e-01 1.436000e-03 3.606000e-01
480 6.377320e-01 1.416000e-03 3.608520e-01
481 6.374960e-01 1.372000e-03 3.611320e-01
482 6.373040e-01 1.316000e-03 3.613800e-01
483 6.371640e-01 1.228000e-03 3.616080e-01
484 6.369760e-01 1.196000e-03 3.618280e-01
485 6.367600e-01 1.228000e-03 3.620120e-01
486 6.365640e-01 1.180000e-03 3.622560e-01
487 6.363960e-01 1.144000e-03 3.624600e-01
488 6.362480e-01 1.100000e-03 3.626520e-01
489 6.360440e-01 1.124000e-03 3.628320e-01
490 6.358600e-01 1.148000e-03 3.629920e-01
491 6.357080e-01 1.064000e-03 3.632280e-01
492 6.354960e-01 1.072000e-03 3.634320e-01
493 6.353440e-01 1.072000e-03 3.635840e-01
494 6.351880e-01 1.008000e-03 3.638040e-01
495 6.349920e-01 1.000000e-03 3.640080e-01
496 6.348560e-01 9.120000e-04 3.642320e-01
497 6.347200e-01 8.720000e-04 3.644080e-01
498 6.346280e-01 8.000000e-04 3.645720e-01
499 6.345400e-01 7.680000e-04 3.646920e-01
500 6.344480e-01 7.400000e-04 3.648120e-01
