1 9.991880e-01 7.360000e-04 7.600000e-05
2 9.986280e-01 1.116000e-03 2.560000e-04
3 9.979760e-01 1.552000e-03 4.720000e-04
4 9.972320e-01 2.028000e-03 7.400000e-04
5 9.965040e-01 2.424000e-03 1.072000e-03
6 9.957120e-01 2.712000e-03 1.576000e-03
7 9.948520e-01 3.080000e-03 2.068000e-03
8 9.939720e-01 3.444000e-03 2.584000e-03
9 9.930480e-01 3.660000e-03 3.292000e-03
10 9.921400e-01 3.900000e-03 3.960000e-03
11 9.910520e-01 4.232000e-03 4.716000e-03
12 9.899720e-01 4.604000e-03 5.424000e-03
13 9.887640e-01 4.964000e-03 6.272000e-03
14 9.875400e-01 5.260000e-03 7.200000e-03
15 9.863840e-01 5.456000e-03 8.160000e-03
16 9.851440e-01 5.764000e-03 9.092000e-03
17 9.838680e-01 6.008000e-03 1.012400e-02
18 9.824000e-01 6.444000e-03 1.115600e-02
19 9.809840e-01 6.676000e-03 1.234000e-02
20 9.795720e-01 6.988000e-03 1.344000e-02
21 9.781080e-01 7.184000e-03 1.470800e-02
22 9.767080e-01 7.388000e-03 1.590400e-02
23 9.752080e-01 7.588000e-03 1.720400e-02
24 9.737680e-01 7.676000e-03 1.855600e-02
25 9.722080e-01 7.808000e-03 1.998400e-02
26 9.706720e-01 7.804000e-03 2.152400e-02
27 9.690240e-01 8.140000e-03 2.283600e-02
28 9.673960e-01 8.292000e-03 2.431200e-02
29 9.657240e-01 8.416000e-03 2.586000e-02
30 9.640960e-01 8.604000e-03 2.730000e-02
31 9.623920e-01 8.752000e-03 2.885600e-02
32 9.605480e-01 9.028000e-03 3.042400e-02
33 9.585240e-01 9.472000e-03 3.200400e-02
34 9.566840e-01 9.604000e-03 3.371200e-02
35 9.548960e-01 9.700000e-03 3.540400e-02
36 9.531280e-01 9.608000e-03 3.726400e-02
37 9.511880e-01 9.732000e-03 3.908000e-02
38 9.495520e-01 9.780000e-03 4.066800e-02
39 9.477640e-01 9.844000e-03 4.239200e-02
40 9.459280e-01 9.956000e-03 4.411600e-02
41 9.441440e-01 9.980000e-03 4.587600e-02
42 9.424560e-01 9.896000e-03 4.764800e-02
43 9.408120e-01 9.900000e-03 4.928800e-02
44 9.390600e-01 9.960000e-03 5.098000e-02
45 9.373320e-01 9.924000e-03 5.274400e-02
46 9.356240e-01 9.916000e-03 5.446000e-02
47 9.338440e-01 9.924000e-03 5.623200e-02
48 9.321000e-01 9.860000e-03 5.804000e-02
49 9.303200e-01 9.892000e-03 5.978800e-02
50 9.286760e-01 9.696000e-03 6.162800e-02
51 9.269720e-01 9.812000e-03 6.321600e-02
52 9.251880e-01 9.768000e-03 6.504400e-02
53 9.232440e-01 1.006400e-02 6.669200e-02
54 9.214520e-01 9.960000e-03 6.858800e-02
55 9.196080e-01 1.008800e-02 7.030400e-02
56 9.178080e-01 1.006000e-02 7.213200e-02
57 9.158880e-01 1.032800e-02 7.378400e-02
58 9.138880e-01 1.044000e-02 7.567200e-02
59 9.118520e-01 1.071600e-02 7.743200e-02
60 9.098720e-01 1.062000e-02 7.950800e-02
61 9.078440e-01 1.074400e-02 8.141200e-02
62 9.059040e-01 1.077200e-02 8.332400e-02
63 9.040560e-01 1.081200e-02 8.513200e-02
64 9.020960e-01 1.082800e-02 8.707600e-02
65 9.002320e-01 1.088800e-02 8.888000e-02
66 8.983040e-01 1.094400e-02 9.075200e-02
67 8.964400e-01 1.097200e-02 9.258800e-02
68 8.945000e-01 1.106000e-02 9.444000e-02
69 8.925640e-01 1.111200e-02 9.632400e-02
70 8.907280e-01 1.094800e-02 9.832400e-02
71 8.889000e-01 1.091200e-02 1.001880e-01
72 8.870320e-01 1.088800e-02 1.020800e-01
73 8.851320e-01 1.094800e-02 1.039200e-01
74 8.832440e-01 1.104000e-02 1.057160e-01
75 8.812520e-01 1.094400e-02 1.078040e-01
76 8.792480e-01 1.101200e-02 1.097400e-01
77 8.771840e-01 1.119200e-02 1.116240e-01
78 8.751680e-01 1.128400e-02 1.135480e-01
79 8.731880e-01 1.127600e-02 1.155360e-01
80 8.710000e-01 1.148800e-02 1.175120e-01
81 8.689760e-01 1.146000e-02 1.195640e-01
82 8.668560e-01 1.163600e-02 1.215080e-01
83 8.647480e-01 1.162800e-02 1.236240e-01
84 8.625960e-01 1.157600e-02 1.258280e-01
85 8.603000e-01 1.187600e-02 1.278240e-01
86 8.581800e-01 1.198400e-02 1.298360e-01
87 8.559840e-01 1.204000e-02 1.319760e-01
88 8.538080e-01 1.214000e-02 1.340520e-01
89 8.516960e-01 1.221200e-02 1.360920e-01
90 8.496440e-01 1.208800e-02 1.382680e-01
91 8.475520e-01 1.205200e-02 1.403960e-01
92 8.456160e-01 1.181200e-02 1.425720e-01
93 8.436080e-01 1.176400e-02 1.446280e-01
94 8.416360e-01 1.175600e-02 1.466080e-01
95 8.396120e-01 1.175600e-02 1.486320e-01
96 8.376040e-01 1.164000e-02 1.507560e-01
97 8.355440e-01 1.175600e-02 1.527000e-01
98 8.334800e-01 1.166400e-02 1.548560e-01
99 8.315040e-01 1.172000e-02 1.567760e-01
100 8.298240e-01 1.147200e-02 1.587040e-01
101 8.278400e-01 1.150800e-02 1.606520e-01
102 8.259120e-01 1.145200e-02 1.626360e-01
103 8.239680e-01 1.136800e-02 1.646640e-01
104 8.221280e-01 1.111600e-02 1.667560e-01
105 8.202520e-01 1.099200e-02 1.687560e-01
106 8.183440e-01 1.080000e-02 1.708560e-01
107 8.165360e-01 1.062800e-02 1.728360e-01
108 8.147560e-01 1.056000e-02 1.746840e-01
109 8.129480e-01 1.068400e-02 1.763680e-01
110 8.111640e-01 1.057600e-02 1.782600e-01
111 8.093720e-01 1.053600e-02 1.800920e-01
112 8.076640e-01 1.041200e-02 1.819240e-01
113 8.059320e-01 1.038800e-02 1.836800e-01
114 8.041320e-01 1.046000e-02 1.854080e-01
115 8.021480e-01 1.063600e-02 1.872160e-01
116 8.002760e-01 1.064400e-02 1.890800e-01
117 7.981800e-01 1.084400e-02 1.909760e-01
118 7.962800e-01 1.086800e-02 1.928520e-01
119 7.946200e-01 1.069600e-02 1.946840e-01
120 7.929480e-01 1.058400e-02 1.964680e-01
121 7.911760e-01 1.020000e-02 1.986240e-01
122 7.894200e-01 1.024800e-02 2.003320e-01
123 7.875640e-01 1.032800e-02 2.021080e-01
124 7.857320e-01 1.018000e-02 2.040880e-01
125 7.840400e-01 1.018000e-02 2.057800e-01
126 7.823680e-01 1.007200e-02 2.075600e-01
127 7.808200e-01 9.892000e-03 2.092880e-01
128 7.790800e-01 9.816000e-03 2.111040e-01
129 7.773440e-01 9.764000e-03 2.128920e-01
130 7.756960e-01 9.692000e-03 2.146120e-01
131 7.740520e-01 9.656000e-03 2.162920e-01
132 7.724680e-01 9.532000e-03 2.180000e-01
133 7.707960e-01 9.484000e-03 2.197200e-01
134 7.692440e-01 9.440000e-03 2.213160e-01
135 7.675120e-01 9.516000e-03 2.229720e-01
136 7.656920e-01 9.732000e-03 2.245760e-01
137 7.638720e-01 9.952000e-03 2.261760e-01
138 7.620080e-01 1.019600e-02 2.277960e-01
139 7.602880e-01 1.008800e-02 2.296240e-01
140 7.587520e-01 9.692000e-03 2.315560e-01
141 7.572920e-01 9.300000e-03 2.334080e-01
142 7.556880e-01 9.244000e-03 2.350680e-01
143 7.540400e-01 9.336000e-03 2.366240e-01
144 7.523360e-01 9.532000e-03 2.381320e-01
145 7.507560e-01 9.656000e-03 2.395880e-01
146 7.491960e-01 9.448000e-03 2.413560e-01
147 7.475600e-01 9.348000e-03 2.430920e-01
148 7.459040e-01 9.372000e-03 2.447240e-01
149 7.442800e-01 9.292000e-03 2.464280e-01
150 7.425680e-01 9.404000e-03 2.480280e-01
151 7.408560e-01 9.436000e-03 2.497080e-01
152 7.391080e-01 9.528000e-03 2.513640e-01
153 7.373920e-01 9.616000e-03 2.529920e-01
154 7.357160e-01 9.512000e-03 2.547720e-01
155 7.339760e-01 9.660000e-03 2.563640e-01
156 7.324040e-01 9.500000e-03 2.580960e-01
157 7.308880e-01 9.224000e-03 2.598880e-01
158 7.292760e-01 9.284000e-03 2.614400e-01
159 7.277200e-01 9.200000e-03 2.630800e-01
160 7.261040e-01 9.056000e-03 2.648400e-01
161 7.246960e-01 8.928000e-03 2.663760e-01
162 7.231040e-01 8.876000e-03 2.680200e-01
163 7.214760e-01 8.836000e-03 2.696880e-01
164 7.199080e-01 8.888000e-03 2.712040e-01
165 7.184560e-01 8.804000e-03 2.727400e-01
166 7.169600e-01 8.760000e-03 2.742800e-01
167 7.153880e-01 8.784000e-03 2.758280e-01
168 7.139880e-01 8.792000e-03 2.772200e-01
169 7.124120e-01 8.724000e-03 2.788640e-01
170 7.109760e-01 8.568000e-03 2.804560e-01
171 7.094240e-01 8.648000e-03 2.819280e-01
172 7.080080e-01 8.544000e-03 2.834480e-01
173 7.064560e-01 8.628000e-03 2.849160e-01
174 7.048240e-01 8.632000e-03 2.865440e-01
175 7.034000e-01 8.504000e-03 2.880960e-01
176 7.020120e-01 8.520000e-03 2.894680e-01
177 7.005880e-01 8.416000e-03 2.909960e-01
178 6.991120e-01 8.564000e-03 2.923240e-01
179 6.978080e-01 8.364000e-03 2.938280e-01
180 6.965040e-01 8.276000e-03 2.952200e-01
181 6.952320e-01 8.188000e-03 2.965800e-01
182 6.939400e-01 8.084000e-03 2.979760e-01
183 6.925680e-01 7.996000e-03 2.994360e-01
184 6.912160e-01 7.908000e-03 3.008760e-01
185 6.899480e-01 7.772000e-03 3.022800e-01
186 6.885760e-01 7.796000e-03 3.036280e-01
187 6.873040e-01 7.752000e-03 3.049440e-01
188 6.860440e-01 7.668000e-03 3.062880e-01
189 6.848080e-01 7.492000e-03 3.077000e-01
190 6.836640e-01 7.320000e-03 3.090160e-01
191 6.824440e-01 7.196000e-03 3.103600e-01
192 6.812520e-01 7.156000e-03 3.115920e-01
193 6.800960e-01 7.028000e-03 3.128760e-01
194 6.788600e-01 7.036000e-03 3.141040e-01
195 6.777120e-01 7.072000e-03 3.152160e-01
196 6.766640e-01 7.040000e-03 3.162960e-01
197 6.753200e-01 7.260000e-03 3.174200e-01
198 6.740120e-01 7.292000e-03 3.186960e-01
199 6.727560e-01 7.260000e-03 3.199840e-01
200 6.717280e-01 7.048000e-03 3.212240e-01
201 6.706640e-01 6.860000e-03 3.224760e-01
202 6.695880e-01 6.760000e-03 3.236520e-01
203 6.684760e-01 6.752000e-03 3.247720e-01
204 6.674520e-01 6.536000e-03 3.260120e-01
205 6.661840e-01 6.760000e-03 3.270560e-01
206 6.649200e-01 6.868000e-03 3.282120e-01
207 6.637960e-01 6.764000e-03 3.294400e-01
208 6.627680e-01 6.688000e-03 3.305440e-01
209 6.615720e-01 6.736000e-03 3.316920e-01
210 6.605840e-01 6.548000e-03 3.328680e-01
211 6.595000e-01 6.472000e-03 3.340280e-01
212 6.586320e-01 6.276000e-03 3.350920e-01
213 6.576840e-01 6.008000e-03 3.363080e-01
214 6.567320e-01 5.900000e-03 3.373680e-01
215 6.558000e-01 5.936000e-03 3.382640e-01
216 6.548240e-01 5.892000e-03 3.392840e-01
217 6.538800e-01 5.792000e-03 3.403280e-01
218 6.529800e-01 5.716000e-03 3.413040e-01
219 6.519760e-01 5.696000e-03 3.423280e-01
220 6.510600e-01 5.680000e-03 3.432600e-01
221 6.500720e-01 5.648000e-03 3.442800e-01
222 6.492240e-01 5.584000e-03 3.451920e-01
223 6.482240e-01 5.644000e-03 3.461320e-01
224 6.472840e-01 5.584000e-03 3.471320e-01
225 6.463840e-01 5.536000e-03 3.480800e-01
226 6.455240e-01 5.388000e-03 3.490880e-01
227 6.445560e-01 5.320000e-03 3.501240e-01
228 6.436560e-01 5.284000e-03 3.510600e-01
229 6.427160e-01 5.372000e-03 3.519120e-01
230 6.418680e-01 5.284000e-03 3.528480e-01
231 6.408760e-01 5.332000e-03 3.537920e-01
232 6.400040e-01 5.348000e-03 3.546480e-01
233 6.390680e-01 5.352000e-03 3.555800e-01
234 6.381960e-01 5.376000e-03 3.564280e-01
235 6.374120e-01 5.176000e-03 3.574120e-01
236 6.365520e-01 5.072000e-03 3.583760e-01
237 6.357560e-01 4.956000e-03 3.592880e-01
238 6.349280e-01 4.968000e-03 3.601040e-01
239 6.340240e-01 4.888000e-03 3.610880e-01
240 6.331120e-01 4.912000e-03 3.619760e-01
241 6.323720e-01 4.660000e-03 3.629680e-01
242 6.315520e-01 4.672000e-03 3.637760e-01
243 6.306960e-01 4.660000e-03 3.646440e-01
244 6.298960e-01 4.712000e-03 3.653920e-01
245 6.291120e-01 4.676000e-03 3.662120e-01
246 6.282880e-01 4.604000e-03 3.671080e-01
247 6.275760e-01 4.396000e-03 3.680280e-01
248 6.268840e-01 4.356000e-03 3.687600e-01
249 6.261800e-01 4.292000e-03 3.695280e-01
250 6.254600e-01 4.332000e-03 3.702080e-01
251 6.246720e-01 4.400000e-03 3.709280e-01
252 6.237280e-01 4.636000e-03 3.716360e-01
253 6.228600e-01 4.704000e-03 3.724360e-01
254 6.221040e-01 4.568000e-03 3.733280e-01
255 6.212520e-01 4.680000e-03 3.740680e-01
256 6.204680e-01 4.628000e-03 3.749040e-01
257 6.197640e-01 4.476000e-03 3.757600e-01
258 6.190280e-01 4.408000e-03 3.765640e-01
259 6.182800e-01 4.436000e-03 3.772840e-01
260 6.174760e-01 4.448000e-03 3.780760e-01
261 6.168640e-01 4.308000e-03 3.788280e-01
262 6.161640e-01 4.248000e-03 3.795880e-01
263 6.153720e-01 4.212000e-03 3.804160e-01
264 6.147480e-01 4.096000e-03 3.811560e-01
265 6.139920e-01 4.076000e-03 3.819320e-01
266 6.133280e-01 4.016000e-03 3.826560e-01
267 6.126520e-01 3.980000e-03 3.833680e-01
268 6.121040e-01 3.940000e-03 3.839560e-01
269 6.114720e-01 3.944000e-03 3.845840e-01
270 6.108480e-01 3.932000e-03 3.852200e-01
271 6.103480e-01 3.768000e-03 3.858840e-01
272 6.098120e-01 3.708000e-03 3.864800e-01
273 6.091720e-01 3.620000e-03 3.872080e-01
274 6.086240e-01 3.564000e-03 3.878120e-01
275 6.080520e-01 3.480000e-03 3.884680e-01
276 6.074560e-01 3.540000e-03 3.890040e-01
277 6.068480e-01 3.528000e-03 3.896240e-01
278 6.062840e-01 3.436000e-03 3.902800e-01
279 6.056760e-01 3.464000e-03 3.908600e-01
280 6.051240e-01 3.400000e-03 3.914760e-01
281 6.046560e-01 3.232000e-03 3.921120e-01
282 6.042520e-01 3.100000e-03 3.926480e-01
283 6.037680e-01 3.108000e-03 3.931240e-01
284 6.032920e-01 3.104000e-03 3.936040e-01
285 6.028880e-01 3.012000e-03 3.941000e-01
286 6.025920e-01 2.736000e-03 3.946720e-01
287 6.021880e-01 2.708000e-03 3.951040e-01
288 6.017760e-01 2.688000e-03 3.955360e-01
289 6.013480e-01 2.696000e-03 3.959560e-01
290 6.010040e-01 2.632000e-03 3.963640e-01
291 6.005040e-01 2.556000e-03 3.969400e-01
292 6.000920e-01 2.600000e-03 3.973080e-01
293 5.996880e-01 2.592000e-03 3.977200e-01
294 5.992600e-01 2.664000e-03 3.980760e-01
295 5.987840e-01 2.708000e-03 3.985080e-01
296 5.984640e-01 2.484000e-03 3.990520e-01
297 5.981120e-01 2.368000e-03 3.995200e-01
298 5.977680e-01 2.352000e-03 3.998800e-01
299 5.974240e-01 2.392000e-03 4.001840e-01
300 5.969800e-01 2.456000e-03 4.005640e-01
301 5.966000e-01 2.404000e-03 4.009960e-01
302 5.962520e-01 2.388000e-03 4.013600e-01
303 5.958760e-01 2.376000e-03 4.017480e-01
304 5.955320e-01 2.332000e-03 4.021360e-01
305 5.950920e-01 2.332000e-03 4.025760e-01
306 5.947320e-01 2.308000e-03 4.029600e-01
307 5.942880e-01 2.296000e-03 4.034160e-01
308 5.938880e-01 2.300000e-03 4.038120e-01
309 5.934800e-01 2.268000e-03 4.042520e-01
310 5.931080e-01 2.224000e-03 4.046680e-01
311 5.927640e-01 2.188000e-03 4.050480e-01
312 5.923480e-01 2.228000e-03 4.054240e-01
313 5.920080e-01 2.120000e-03 4.058720e-01
314 5.917120e-01 2.020000e-03 4.062680e-01
315 5.913720e-01 2.004000e-03 4.066240e-01
316 5.910120e-01 1.992000e-03 4.069960e-01
317 5.905880e-01 2.044000e-03 4.073680e-01
318 5.902480e-01 2.008000e-03 4.077440e-01
319 5.898120e-01 2.048000e-03 4.081400e-01
320 5.894720e-01 1.984000e-03 4.085440e-01
321 5.891120e-01 2.008000e-03 4.088800e-01
322 5.887400e-01 2.056000e-03 4.092040e-01
323 5.883080e-01 2.128000e-03 4.095640e-01
324 5.879520e-01 2.100000e-03 4.099480e-01
325 5.875840e-01 2.088000e-03 4.103280e-01
326 5.872240e-01 2.084000e-03 4.106920e-01
327 5.867800e-01 2.200000e-03 4.110200e-01
328 5.864520e-01 2.096000e-03 4.114520e-01
329 5.860600e-01 2.136000e-03 4.118040e-01
330 5.856480e-01 2.140000e-03 4.122120e-01
331 5.853000e-01 2.136000e-03 4.125640e-01
332 5.849800e-01 2.156000e-03 4.128640e-01
333 5.846040e-01 2.108000e-03 4.132880e-01
334 5.841640e-01 2.228000e-03 4.136080e-01
335 5.838160e-01 2.212000e-03 4.139720e-01
336 5.834880e-01 2.232000e-03 4.142800e-01
337 5.831600e-01 2.120000e-03 4.147200e-01
338 5.828320e-01 2.016000e-03 4.151520e-01
339 5.825400e-01 1.972000e-03 4.154880e-01
340 5.821800e-01 1.968000e-03 4.158520e-01
341 5.818560e-01 1.980000e-03 4.161640e-01
342 5.816240e-01 1.832000e-03 4.165440e-01
343 5.812720e-01 1.888000e-03 4.168400e-01
344 5.810040e-01 1.820000e-03 4.171760e-01
345 5.807120e-01 1.780000e-03 4.175080e-01
346 5.803680e-01 1.848000e-03 4.177840e-01
347 5.799560e-01 1.924000e-03 4.181200e-01
348 5.795680e-01 2.004000e-03 4.184280e-01
349 5.791680e-01 2.084000e-03 4.187480e-01
350 5.787880e-01 2.128000e-03 4.190840e-01
351 5.784320e-01 2.140000e-03 4.194280e-01
352 5.779560e-01 2.296000e-03 4.197480e-01
353 5.775800e-01 2.240000e-03 4.201800e-01
354 5.771720e-01 2.268000e-03 4.205600e-01
355 5.768120e-01 2.216000e-03 4.209720e-01
356 5.763800e-01 2.284000e-03 4.213360e-01
357 5.759680e-01 2.292000e-03 4.217400e-01
358 5.755000e-01 2.328000e-03 4.221720e-01
359 5.750840e-01 2.340000e-03 4.225760e-01
360 5.746120e-01 2.448000e-03 4.229400e-01
361 5.741600e-01 2.416000e-03 4.234240e-01
362 5.737040e-01 2.452000e-03 4.238440e-01
363 5.732040e-01 2.508000e-03 4.242880e-01
364 5.727560e-01 2.512000e-03 4.247320e-01
365 5.723240e-01 2.452000e-03 4.252240e-01
366 5.718720e-01 2.488000e-03 4.256400e-01
367 5.714760e-01 2.404000e-03 4.261200e-01
368 5.709880e-01 2.448000e-03 4.265640e-01
369 5.705600e-01 2.416000e-03 4.270240e-01
370 5.701360e-01 2.432000e-03 4.274320e-01
371 5.697520e-01 2.420000e-03 4.278280e-01
372 5.693520e-01 2.416000e-03 4.282320e-01
373 5.689680e-01 2.332000e-03 4.287000e-01
374 5.686440e-01 2.276000e-03 4.290800e-01
375 5.681880e-01 2.248000e-03 4.295640e-01
376 5.678840e-01 2.168000e-03 4.299480e-01
377 5.675480e-01 2.092000e-03 4.303600e-01
378 5.671400e-01 2.184000e-03 4.306760e-01
379 5.668360e-01 2.116000e-03 4.310480e-01
380 5.665040e-01 2.048000e-03 4.314480e-01
381 5.662240e-01 1.956000e-03 4.318200e-01
382 5.658800e-01 1.940000e-03 4.321800e-01
383 5.655320e-01 1.980000e-03 4.324880e-01
384 5.652320e-01 1.972000e-03 4.327960e-01
385 5.649560e-01 1.896000e-03 4.331480e-01
386 5.645840e-01 1.944000e-03 4.334720e-01
387 5.643160e-01 1.860000e-03 4.338240e-01
388 5.640480e-01 1.832000e-03 4.341200e-01
389 5.636880e-01 1.852000e-03 4.344600e-01
390 5.634120e-01 1.760000e-03 4.348280e-01
391 5.630640e-01 1.760000e-03 4.351760e-01
392 5.627960e-01 1.684000e-03 4.355200e-01
393 5.625120e-01 1.676000e-03 4.358120e-01
394 5.622080e-01 1.644000e-03 4.361480e-01
395 5.619480e-01 1.624000e-03 4.364280e-01
396 5.616280e-01 1.640000e-03 4.367320e-01
397 5.613720e-01 1.636000e-03 4.369920e-01
398 5.611160e-01 1.580000e-03 4.373040e-01
399 5.608720e-01 1.516000e-03 4.376120e-01
400 5.605720e-01 1.576000e-03 4.378520e-01
401 5.602480e-01 1.648000e-03 4.381040e-01
402 5.599080e-01 1.752000e-03 4.383400e-01
403 5.595960e-01 1.756000e-03 4.386480e-01
404 5.591960e-01 1.868000e-03 4.389360e-01
405 5.588800e-01 1.804000e-03 4.393160e-01
406 5.586600e-01 1.728000e-03 4.396120e-01
407 5.583760e-01 1.696000e-03 4.399280e-01
408 5.580520e-01 1.712000e-03 4.402360e-01
409 5.577720e-01 1.632000e-03 4.405960e-01
410 5.575160e-01 1.604000e-03 4.408800e-01
411 5.572680e-01 1.532000e-03 4.412000e-01
412 5.570240e-01 1.532000e-03 4.414440e-01
413 5.567520e-01 1.528000e-03 4.417200e-01
414 5.565400e-01 1.484000e-03 4.419760e-01
415 5.562680e-01 1.512000e-03 4.422200e-01
416 5.560280e-01 1.544000e-03 4.424280e-01
417 5.557280e-01 1.608000e-03 4.426640e-01
418 5.555160e-01 1.540000e-03 4.429440e-01
419 5.552400e-01 1.572000e-03 4.431880e-01
420 5.549960e-01 1.624000e-03 4.433800e-01
421 5.547560e-01 1.580000e-03 4.436640e-01
422 5.544520e-01 1.584000e-03 4.439640e-01
423 5.542400e-01 1.532000e-03 4.442280e-01
424 5.540480e-01 1.480000e-03 4.444720e-01
425 5.538200e-01 1.436000e-03 4.447440e-01
426 5.535680e-01 1.436000e-03 4.449960e-01
427 5.533480e-01 1.436000e-03 4.452160e-01
428 5.531680e-01 1.344000e-03 4.454880e-01
429 5.529240e-01 1.308000e-03 4.457680e-01
430 5.527240e-01 1.304000e-03 4.459720e-01
431 5.525640e-01 1.208000e-03 4.462280e-01
432 5.524120e-01 1.136000e-03 4.464520e-01
433 5.522680e-01 1.088000e-03 4.466440e-01
434 5.521400e-01 1.088000e-03 4.467720e-01
435 5.520200e-01 9.800000e-04 4.470000e-01
436 5.518600e-01 9.680000e-04 4.471720e-01
437 5.517000e-01 9.920000e-04 4.473080e-01
438 5.515240e-01 9.880000e-04 4.474880e-01
439 5.513760e-01 9.400000e-04 4.476840e-01
440 5.512240e-01 9.200000e-04 4.478560e-01
441 5.510960e-01 8.640000e-04 4.480400e-01
442 5.509120e-01 9.040000e-04 4.481840e-01
443 5.507760e-01 8.680000e-04 4.483560e-01
444 5.505960e-01 9.360000e-04 4.484680e-01
445 5.504600e-01 9.040000e-04 4.486360e-01
446 5.502960e-01 9.120000e-04 4.487920e-01
447 5.502000e-01 8.040000e-04 4.489960e-01
448 5.500760e-01 7.800000e-04 4.491440e-01
449 5.499000e-01 8.520000e-04 4.492480e-01
450 5.497680e-01 8.360000e-04 4.493960e-01
451 5.496240e-01 8.520000e-04 4.495240e-01
452 5.495160e-01 8.400000e-04 4.496440e-01
453 5.494240e-01 7.760000e-04 4.498000e-01
454 5.492960e-01 7.760000e-04 4.499280e-01
455 5.491960e-01 7.320000e-04 4.500720e-01
456 5.490520e-01 7.880000e-04 4.501600e-01
457 5.489080e-01 8.080000e-04 4.502840e-01
458 5.487800e-01 8.000000e-04 4.504200e-01
459 5.486560e-01 7.800000e-04 4.505640e-01
460 5.485120e-01 7.800000e-04 4.507080e-01
461 5.483680e-01 7.800000e-04 4.508520e-01
462 5.482520e-01 7.920000e-04 4.509560e-01
463 5.481360e-01 7.800000e-04 4.510840e-01
464 5.480200e-01 7.240000e-04 4.512560e-01
465 5.478720e-01 7.600000e-04 4.513680e-01
466 5.477200e-01 8.360000e-04 4.514440e-01
467 5.475960e-01 8.480000e-04 4.515560e-01
468 5.474720e-01 7.960000e-04 4.517320e-01
469 5.473720e-01 7.480000e-04 4.518800e-01
470 5.472000e-01 7.560000e-04 4.520440e-01
471 5.470520e-01 7.320000e-04 4.522160e-01
472 5.468920e-01 7.400000e-04 4.523680e-01
473 5.466720e-01 8.120000e-04 4.525160e-01
474 5.465200e-01 8.400000e-04 4.526400e-01
475 5.463800e-01 8.080000e-04 4.528120e-01
476 5.462280e-01 8.040000e-04 4.529680e-01
477 5.460720e-01 8.000000e-04 4.531280e-01
478 5.459400e-01 8.000000e-04 4.532600e-01
479 5.457880e-01 8.280000e-04 4.533840e-01
480 5.455960e-01 8.600000e-04 4.535440e-01
481 5.454000e-01 8.760000e-04 4.537240e-01
482 5.452240e-01 8.840000e-04 4.538920e-01
483 5.450600e-01 9.000000e-04 4.540400e-01
484 5.448640e-01 9.760000e-04 4.541600e-01
485 5.446800e-01 1.016000e-03 4.543040e-01
486 5.445200e-01 1.016000e-03 4.544640e-01
487 5.443680e-01 1.008000e-03 4.546240e-01
488 5.441880e-01 9.720000e-04 4.548400e-01
489 5.440320e-01 9.240000e-04 4.550440e-01
490 5.438600e-01 9.600000e-04 4.551800e-01
491 5.436880e-01 9.200000e-04 4.553920e-01
492 5.435680e-01 8.360000e-04 4.555960e-01
493 5.434400e-01 7.800000e-04 4.557800e-01
494 5.433200e-01 7.560000e-04 4.559240e-01
495 5.432080e-01 7.480000e-04 4.560440e-01
496 5.431040e-01 6.920000e-04 4.562040e-01
497 5.429840e-01 7.000000e-04 4.563160e-01
498 5.428400e-01 7.080000e-04 4.564520e-01
499 5.427000e-01 7.360000e-04 4.565640e-01
500 5.425800e-01 7.200000e-04 4.567000e-01
