1 9.990800e-01 7.800000e-04 1.400000e-04
2 9.984640e-01 1.256000e-03 2.800000e-04
3 9.977560e-01 1.648000e-03 5.960000e-04
4 9.969080e-01 2.156000e-03 9.360000e-04
5 9.961080e-01 2.620000e-03 1.272000e-03
6 9.952560e-01 2.960000e-03 1.784000e-03
7 9.943120e-01 3.324000e-03 2.364000e-03
8 9.934680e-01 3.564000e-03 2.968000e-03
9 9.925520e-01 3.792000e-03 3.656000e-03
10 9.916320e-01 4.052000e-03 4.316000e-03
11 9.907200e-01 4.204000e-03 5.076000e-03
12 9.897560e-01 4.388000e-03 5.856000e-03
13 9.886960e-01 4.612000e-03 6.692000e-03
14 9.876400e-01 4.796000e-03 7.564000e-03
15 9.865440e-01 5.124000e-03 8.332000e-03
16 9.853880e-01 5.400000e-03 9.212000e-03
17 9.842400e-01 5.668000e-03 1.009200e-02
18 9.829480e-01 5.920000e-03 1.113200e-02
19 9.817920e-01 5.912000e-03 1.229600e-02
20 9.803800e-01 6.224000e-03 1.339600e-02
21 9.792560e-01 6.108000e-03 1.463600e-02
22 9.780600e-01 6.224000e-03 1.571600e-02
23 9.769560e-01 6.204000e-03 1.684000e-02
24 9.757160e-01 6.240000e-03 1.804400e-02
25 9.745400e-01 6.324000e-03 1.913600e-02
26 9.734000e-01 6.276000e-03 2.032400e-02
27 9.722400e-01 6.296000e-03 2.146400e-02
28 9.711040e-01 6.232000e-03 2.266400e-02
29 9.697960e-01 6.464000e-03 2.374000e-02
30 9.684600e-01 6.712000e-03 2.482800e-02
31 9.671880e-01 6.756000e-03 2.605600e-02
32 9.660200e-01 6.796000e-03 2.718400e-02
33 9.646520e-01 6.912000e-03 2.843600e-02
34 9.633680e-01 7.000000e-03 2.963200e-02
35 9.621920e-01 6.872000e-03 3.093600e-02
36 9.608600e-01 7.104000e-03 3.203600e-02
37 9.596800e-01 6.848000e-03 3.347200e-02
38 9.585160e-01 6.832000e-03 3.465200e-02
39 9.574520e-01 6.632000e-03 3.591600e-02
40 9.562680e-01 6.724000e-03 3.700800e-02
41 9.550280e-01 6.844000e-03 3.812800e-02
42 9.539560e-01 6.796000e-03 3.924800e-02
43 9.527160e-01 6.872000e-03 4.041200e-02
44 9.514080e-01 6.948000e-03 4.164400e-02
45 9.501760e-01 6.960000e-03 4.286400e-02
46 9.489280e-01 7.032000e-03 4.404000e-02
47 9.476400e-01 7.020000e-03 4.534000e-02
48 9.464520e-01 6.908000e-03 4.664000e-02
49 9.452080e-01 7.016000e-03 4.777600e-02
50 9.439080e-01 7.044000e-03 4.904800e-02
51 9.427120e-01 7.068000e-03 5.022000e-02
52 9.414120e-01 7.172000e-03 5.141600e-02
53 9.401640e-01 7.212000e-03 5.262400e-02
54 9.388200e-01 7.164000e-03 5.401600e-02
55 9.374400e-01 7.408000e-03 5.515200e-02
56 9.360400e-01 7.472000e-03 5.648800e-02
57 9.345800e-01 7.628000e-03 5.779200e-02
58 9.330760e-01 7.836000e-03 5.908800e-02
59 9.316960e-01 7.976000e-03 6.032800e-02
60 9.303120e-01 7.984000e-03 6.170400e-02
61 9.287280e-01 8.100000e-03 6.317200e-02
62 9.273640e-01 7.992000e-03 6.464400e-02
63 9.258800e-01 7.964000e-03 6.615600e-02
64 9.243480e-01 8.028000e-03 6.762400e-02
65 9.229040e-01 8.036000e-03 6.906000e-02
66 9.213000e-01 8.312000e-03 7.038800e-02
67 9.198000e-01 8.364000e-03 7.183600e-02
68 9.180520e-01 8.644000e-03 7.330400e-02
69 9.165040e-01 8.636000e-03 7.486000e-02
70 9.148200e-01 8.844000e-03 7.633600e-02
71 9.133520e-01 8.856000e-03 7.779200e-02
72 9.119240e-01 8.756000e-03 7.932000e-02
73 9.102400e-01 8.804000e-03 8.095600e-02
74 9.084400e-01 9.040000e-03 8.252000e-02
75 9.065360e-01 9.460000e-03 8.400400e-02
76 9.049600e-01 9.528000e-03 8.551200e-02
77 9.033800e-01 9.276000e-03 8.734400e-02
78 9.017440e-01 9.268000e-03 8.898800e-02
79 9.000000e-01 9.340000e-03 9.066000e-02
80 8.983200e-01 9.380000e-03 9.230000e-02
81 8.966680e-01 9.524000e-03 9.380800e-02
82 8.950840e-01 9.464000e-03 9.545200e-02
83 8.935560e-01 9.340000e-03 9.710400e-02
84 8.920440e-01 9.268000e-03 9.868800e-02
85 8.904560e-01 9.296000e-03 1.002480e-01
86 8.888800e-01 9.220000e-03 1.019000e-01
87 8.873400e-01 9.140000e-03 1.035200e-01
88 8.859000e-01 9.008000e-03 1.050920e-01
89 8.846000e-01 8.820000e-03 1.065800e-01
90 8.833080e-01 8.512000e-03 1.081800e-01
91 8.820880e-01 8.372000e-03 1.095400e-01
92 8.807120e-01 8.388000e-03 1.109000e-01
93 8.793880e-01 8.176000e-03 1.124360e-01
94 8.779600e-01 8.204000e-03 1.138360e-01
95 8.766480e-01 8.080000e-03 1.152720e-01
96 8.751960e-01 8.104000e-03 1.167000e-01
97 8.737080e-01 8.256000e-03 1.180360e-01
98 8.722840e-01 8.268000e-03 1.194480e-01
99 8.707600e-01 8.416000e-03 1.208240e-01
100 8.693120e-01 8.344000e-03 1.223440e-01
101 8.680960e-01 8.112000e-03 1.237920e-01
102 8.666480e-01 8.084000e-03 1.252680e-01
103 8.650720e-01 8.304000e-03 1.266240e-01
104 8.636040e-01 8.396000e-03 1.280000e-01
105 8.622520e-01 8.252000e-03 1.294960e-01
106 8.607880e-01 8.308000e-03 1.309040e-01
107 8.594240e-01 8.136000e-03 1.324400e-01
108 8.581360e-01 8.056000e-03 1.338080e-01
109 8.567280e-01 8.108000e-03 1.351640e-01
110 8.554280e-01 8.024000e-03 1.365480e-01
111 8.540480e-01 8.032000e-03 1.379200e-01
112 8.527160e-01 8.004000e-03 1.392800e-01
113 8.514000e-01 8.008000e-03 1.405920e-01
114 8.500040e-01 8.036000e-03 1.419600e-01
115 8.486960e-01 7.904000e-03 1.434000e-01
116 8.471840e-01 8.024000e-03 1.447920e-01
117 8.458640e-01 7.980000e-03 1.461560e-01
118 8.445080e-01 7.932000e-03 1.475600e-01
119 8.430880e-01 7.884000e-03 1.490280e-01
120 8.416560e-01 7.892000e-03 1.504520e-01
121 8.402120e-01 7.860000e-03 1.519280e-01
122 8.387680e-01 7.832000e-03 1.534000e-01
123 8.373440e-01 7.908000e-03 1.547480e-01
124 8.359760e-01 7.892000e-03 1.561320e-01
125 8.345360e-01 8.072000e-03 1.573920e-01
126 8.328720e-01 8.196000e-03 1.589320e-01
127 8.314000e-01 8.260000e-03 1.603400e-01
128 8.299920e-01 8.216000e-03 1.617920e-01
129 8.286320e-01 8.228000e-03 1.631400e-01
130 8.273360e-01 7.960000e-03 1.647040e-01
131 8.261800e-01 7.792000e-03 1.660280e-01
132 8.250040e-01 7.744000e-03 1.672520e-01
133 8.238600e-01 7.400000e-03 1.687400e-01
134 8.226160e-01 7.300000e-03 1.700840e-01
135 8.214280e-01 7.256000e-03 1.713160e-01
136 8.200880e-01 7.264000e-03 1.726480e-01
137 8.188160e-01 7.292000e-03 1.738920e-01
138 8.177040e-01 7.100000e-03 1.751960e-01
139 8.166760e-01 6.932000e-03 1.763920e-01
140 8.157200e-01 6.616000e-03 1.776640e-01
141 8.145920e-01 6.536000e-03 1.788720e-01
142 8.135360e-01 6.484000e-03 1.799800e-01
143 8.125800e-01 6.348000e-03 1.810720e-01
144 8.116480e-01 6.080000e-03 1.822720e-01
145 8.105480e-01 6.152000e-03 1.833000e-01
146 8.093520e-01 6.284000e-03 1.843640e-01
147 8.082480e-01 6.296000e-03 1.854560e-01
148 8.071920e-01 6.224000e-03 1.865840e-01
149 8.061360e-01 6.196000e-03 1.876680e-01
150 8.049320e-01 6.264000e-03 1.888040e-01
151 8.038440e-01 6.272000e-03 1.898840e-01
152 8.028040e-01 6.212000e-03 1.909840e-01
153 8.017560e-01 6.360000e-03 1.918840e-01
154 8.006280e-01 6.432000e-03 1.929400e-01
155 7.995960e-01 6.308000e-03 1.940960e-01
156 7.983440e-01 6.460000e-03 1.951960e-01
157 7.971040e-01 6.588000e-03 1.963080e-01
158 7.959080e-01 6.636000e-03 1.974560e-01
159 7.946480e-01 6.860000e-03 1.984920e-01
160 7.934520e-01 6.852000e-03 1.996960e-01
161 7.923280e-01 6.684000e-03 2.009880e-01
162 7.910960e-01 6.676000e-03 2.022280e-01
163 7.898800e-01 6.732000e-03 2.033880e-01
164 7.887040e-01 6.804000e-03 2.044920e-01
165 7.873920e-01 6.988000e-03 2.056200e-01
166 7.861960e-01 7.104000e-03 2.067000e-01
167 7.849000e-01 7.248000e-03 2.078520e-01
168 7.836640e-01 7.192000e-03 2.091440e-01
169 7.824200e-01 7.236000e-03 2.103440e-01
170 7.813920e-01 7.076000e-03 2.115320e-01
171 7.801920e-01 6.992000e-03 2.128160e-01
172 7.789960e-01 6.996000e-03 2.140080e-01
173 7.778200e-01 6.900000e-03 2.152800e-01
174 7.766760e-01 6.852000e-03 2.164720e-01
175 7.755560e-01 6.672000e-03 2.177720e-01
176 7.745600e-01 6.488000e-03 2.189520e-01
177 7.736240e-01 6.360000e-03 2.200160e-01
178 7.726040e-01 6.260000e-03 2.211360e-01
179 7.715120e-01 6.208000e-03 2.222800e-01
180 7.704800e-01 6.192000e-03 2.233280e-01
181 7.694720e-01 6.056000e-03 2.244720e-01
182 7.684840e-01 5.940000e-03 2.255760e-01
183 7.675280e-01 5.844000e-03 2.266280e-01
184 7.665520e-01 5.684000e-03 2.277640e-01
185 7.654680e-01 5.712000e-03 2.288200e-01
186 7.644440e-01 5.772000e-03 2.297840e-01
187 7.635560e-01 5.668000e-03 2.307760e-01
188 7.626160e-01 5.676000e-03 2.317080e-01
189 7.618320e-01 5.452000e-03 2.327160e-01
190 7.609120e-01 5.384000e-03 2.337040e-01
191 7.600360e-01 5.272000e-03 2.346920e-01
192 7.591280e-01 5.236000e-03 2.356360e-01
193 7.582880e-01 5.140000e-03 2.365720e-01
194 7.573680e-01 5.176000e-03 2.374560e-01
195 7.566400e-01 4.960000e-03 2.384000e-01
196 7.557720e-01 4.956000e-03 2.392720e-01
197 7.549520e-01 4.980000e-03 2.400680e-01
198 7.541800e-01 4.812000e-03 2.410080e-01
199 7.533360e-01 4.840000e-03 2.418240e-01
200 7.524680e-01 4.936000e-03 2.425960e-01
201 7.517240e-01 4.788000e-03 2.434880e-01
202 7.509080e-01 4.800000e-03 2.442920e-01
203 7.500640e-01 4.800000e-03 2.451360e-01
204 7.493240e-01 4.720000e-03 2.459560e-01
205 7.485600e-01 4.616000e-03 2.468240e-01
206 7.478480e-01 4.564000e-03 2.475880e-01
207 7.470480e-01 4.544000e-03 2.484080e-01
208 7.462480e-01 4.564000e-03 2.491880e-01
209 7.454080e-01 4.588000e-03 2.500040e-01
210 7.445640e-01 4.600000e-03 2.508360e-01
211 7.438400e-01 4.552000e-03 2.516080e-01
212 7.430560e-01 4.480000e-03 2.524640e-01
213 7.422520e-01 4.532000e-03 2.532160e-01
214 7.415280e-01 4.432000e-03 2.540400e-01
215 7.407400e-01 4.452000e-03 2.548080e-01
216 7.399800e-01 4.476000e-03 2.555440e-01
217 7.392880e-01 4.420000e-03 2.562920e-01
218 7.385360e-01 4.432000e-03 2.570320e-01
219 7.378400e-01 4.328000e-03 2.578320e-01
220 7.371760e-01 4.156000e-03 2.586680e-01
221 7.363600e-01 4.192000e-03 2.594480e-01
222 7.354760e-01 4.336000e-03 2.601880e-01
223 7.345800e-01 4.484000e-03 2.609360e-01
224 7.337760e-01 4.496000e-03 2.617280e-01
225 7.330360e-01 4.508000e-03 2.624560e-01
226 7.322200e-01 4.588000e-03 2.631920e-01
227 7.314120e-01 4.560000e-03 2.640280e-01
228 7.305640e-01 4.616000e-03 2.648200e-01
229 7.296840e-01 4.608000e-03 2.657080e-01
230 7.289600e-01 4.532000e-03 2.665080e-01
231 7.281400e-01 4.568000e-03 2.672920e-01
232 7.273000e-01 4.500000e-03 2.682000e-01
233 7.265840e-01 4.416000e-03 2.690000e-01
234 7.259200e-01 4.284000e-03 2.697960e-01
235 7.251920e-01 4.172000e-03 2.706360e-01
236 7.244840e-01 4.164000e-03 2.713520e-01
237 7.238240e-01 4.060000e-03 2.721160e-01
238 7.231880e-01 4.060000e-03 2.727520e-01
239 7.225960e-01 3.920000e-03 2.734840e-01
240 7.220280e-01 3.824000e-03 2.741480e-01
241 7.212800e-01 3.900000e-03 2.748200e-01
242 7.206960e-01 3.812000e-03 2.754920e-01
243 7.200360e-01 3.872000e-03 2.760920e-01
244 7.193240e-01 4.000000e-03 2.766760e-01
245 7.187080e-01 3.872000e-03 2.774200e-01
246 7.181280e-01 3.760000e-03 2.781120e-01
247 7.176480e-01 3.556000e-03 2.787960e-01
248 7.171480e-01 3.412000e-03 2.794400e-01
249 7.165800e-01 3.376000e-03 2.800440e-01
250 7.160600e-01 3.252000e-03 2.806880e-01
251 7.155200e-01 3.316000e-03 2.811640e-01
252 7.149000e-01 3.268000e-03 2.818320e-01
253 7.144000e-01 3.208000e-03 2.823920e-01
254 7.138360e-01 3.200000e-03 2.829640e-01
255 7.133360e-01 3.096000e-03 2.835680e-01
256 7.128120e-01 2.988000e-03 2.842000e-01
257 7.123280e-01 2.952000e-03 2.847200e-01
258 7.119440e-01 2.876000e-03 2.851800e-01
259 7.114560e-01 2.872000e-03 2.856720e-01
260 7.109600e-01 2.800000e-03 2.862400e-01
261 7.105200e-01 2.732000e-03 2.867480e-01
262 7.100400e-01 2.732000e-03 2.872280e-01
263 7.096040e-01 2.692000e-03 2.877040e-01
264 7.092240e-01 2.544000e-03 2.882320e-01
265 7.088400e-01 2.500000e-03 2.886600e-01
266 7.083880e-01 2.508000e-03 2.891040e-01
267 7.080080e-01 2.372000e-03 2.896200e-01
268 7.075720e-01 2.412000e-03 2.900160e-01
269 7.071600e-01 2.408000e-03 2.904320e-01
270 7.067320e-01 2.384000e-03 2.908840e-01
271 7.063320e-01 2.388000e-03 2.912800e-01
272 7.058840e-01 2.392000e-03 2.917240e-01
273 7.053800e-01 2.452000e-03 2.921680e-01
274 7.049640e-01 2.464000e-03 2.925720e-01
275 7.045800e-01 2.420000e-03 2.930000e-01
276 7.041720e-01 2.392000e-03 2.934360e-01
277 7.037760e-01 2.272000e-03 2.939520e-01
278 7.033800e-01 2.268000e-03 2.943520e-01
279 7.030840e-01 2.164000e-03 2.947520e-01
280 7.027400e-01 2.140000e-03 2.951200e-01
281 7.024040e-01 2.144000e-03 2.954520e-01
282 7.020400e-01 2.124000e-03 2.958360e-01
283 7.017000e-01 2.124000e-03 2.961760e-01
284 7.013840e-01 2.008000e-03 2.966080e-01
285 7.010640e-01 2.028000e-03 2.969080e-01
286 7.007160e-01 2.040000e-03 2.972440e-01
287 7.003640e-01 2.120000e-03 2.975160e-01
288 7.000320e-01 2.084000e-03 2.978840e-01
289 6.996800e-01 2.092000e-03 2.982280e-01
290 6.993600e-01 2.044000e-03 2.985960e-01
291 6.989760e-01 2.032000e-03 2.989920e-01
292 6.986120e-01 2.020000e-03 2.993680e-01
293 6.982520e-01 1.972000e-03 2.997760e-01
294 6.979080e-01 1.960000e-03 3.001320e-01
295 6.976200e-01 1.868000e-03 3.005120e-01
296 6.972480e-01 1.872000e-03 3.008800e-01
297 6.969800e-01 1.856000e-03 3.011640e-01
298 6.965680e-01 1.932000e-03 3.015000e-01
299 6.962400e-01 1.944000e-03 3.018160e-01
300 6.959320e-01 1.932000e-03 3.021360e-01
301 6.955680e-01 1.908000e-03 3.025240e-01
302 6.952000e-01 1.952000e-03 3.028480e-01
303 6.948800e-01 1.908000e-03 3.032120e-01
304 6.945160e-01 1.944000e-03 3.035400e-01
305 6.941520e-01 1.920000e-03 3.039280e-01
306 6.937200e-01 2.016000e-03 3.042640e-01
307 6.933080e-01 2.080000e-03 3.046120e-01
308 6.929280e-01 2.076000e-03 3.049960e-01
309 6.925360e-01 2.096000e-03 3.053680e-01
310 6.921440e-01 2.048000e-03 3.058080e-01
311 6.918120e-01 2.020000e-03 3.061680e-01
312 6.914520e-01 2.052000e-03 3.064960e-01
313 6.910880e-01 2.016000e-03 3.068960e-01
314 6.907640e-01 1.952000e-03 3.072840e-01
315 6.904360e-01 1.904000e-03 3.076600e-01
316 6.900800e-01 1.952000e-03 3.079680e-01
317 6.896720e-01 2.052000e-03 3.082760e-01
318 6.893800e-01 1.952000e-03 3.086680e-01
319 6.890280e-01 1.908000e-03 3.090640e-01
320 6.886720e-01 1.996000e-03 3.093320e-01
321 6.883280e-01 1.988000e-03 3.096840e-01
322 6.879640e-01 1.968000e-03 3.100680e-01
323 6.876000e-01 2.016000e-03 3.103840e-01
324 6.872360e-01 2.056000e-03 3.107080e-01
325 6.869160e-01 2.048000e-03 3.110360e-01
326 6.865040e-01 2.160000e-03 3.113360e-01
327 6.861640e-01 2.184000e-03 3.116520e-01
328 6.858480e-01 2.160000e-03 3.119920e-01
329 6.854600e-01 2.196000e-03 3.123440e-01
330 6.850160e-01 2.248000e-03 3.127360e-01
331 6.847040e-01 2.204000e-03 3.130920e-01
332 6.843240e-01 2.184000e-03 3.134920e-01
333 6.839880e-01 2.164000e-03 3.138480e-01
334 6.836040e-01 2.160000e-03 3.142360e-01
335 6.833120e-01 2.084000e-03 3.146040e-01
336 6.830000e-01 2.028000e-03 3.149720e-01
337 6.826520e-01 2.056000e-03 3.152920e-01
338 6.822920e-01 2.036000e-03 3.156720e-01
339 6.819400e-01 2.052000e-03 3.160080e-01
340 6.816240e-01 1.968000e-03 3.164080e-01
341 6.812920e-01 1.908000e-03 3.168000e-01
342 6.809360e-01 1.904000e-03 3.171600e-01
343 6.806440e-01 1.872000e-03 3.174840e-01
344 6.803320e-01 1.852000e-03 3.178160e-01
345 6.800000e-01 1.900000e-03 3.181000e-01
346 6.795480e-01 2.060000e-03 3.183920e-01
347 6.791400e-01 2.124000e-03 3.187360e-01
348 6.787760e-01 2.060000e-03 3.191640e-01
349 6.784360e-01 2.036000e-03 3.195280e-01
350 6.779880e-01 2.112000e-03 3.199000e-01
351 6.776160e-01 2.136000e-03 3.202480e-01
352 6.772760e-01 2.140000e-03 3.205840e-01
353 6.769200e-01 2.240000e-03 3.208400e-01
354 6.766280e-01 2.160000e-03 3.212120e-01
355 6.763040e-01 2.132000e-03 3.215640e-01
356 6.760880e-01 1.960000e-03 3.219520e-01
357 6.757600e-01 1.944000e-03 3.222960e-01
358 6.753520e-01 2.024000e-03 3.226240e-01
359 6.750600e-01 1.932000e-03 3.230080e-01
360 6.746680e-01 2.016000e-03 3.233160e-01
361 6.743520e-01 1.972000e-03 3.236760e-01
362 6.740440e-01 1.936000e-03 3.240200e-01
363 6.736200e-01 1.992000e-03 3.243880e-01
364 6.732000e-01 2.016000e-03 3.247840e-01
365 6.728000e-01 2.100000e-03 3.251000e-01
366 6.723880e-01 2.152000e-03 3.254600e-01
367 6.720280e-01 2.116000e-03 3.258560e-01
368 6.716160e-01 2.164000e-03 3.262200e-01
369 6.712200e-01 2.200000e-03 3.265800e-01
370 6.708840e-01 2.172000e-03 3.269440e-01
371 6.703920e-01 2.240000e-03 3.273680e-01
372 6.700160e-01 2.252000e-03 3.277320e-01
373 6.695920e-01 2.256000e-03 3.281520e-01
374 6.691480e-01 2.352000e-03 3.285000e-01
375 6.687840e-01 2.340000e-03 3.288760e-01
376 6.683360e-01 2.452000e-03 3.292120e-01
377 6.678800e-01 2.472000e-03 3.296480e-01
378 6.674400e-01 2.484000e-03 3.300760e-01
379 6.669880e-01 2.472000e-03 3.305400e-01
380 6.665720e-01 2.408000e-03 3.310200e-01
381 6.661600e-01 2.320000e-03 3.315200e-01
382 6.658560e-01 2.252000e-03 3.318920e-01
383 6.654360e-01 2.332000e-03 3.322320e-01
384 6.649440e-01 2.328000e-03 3.327280e-01
385 6.644520e-01 2.452000e-03 3.330960e-01
386 6.640160e-01 2.480000e-03 3.335040e-01
387 6.635480e-01 2.512000e-03 3.339400e-01
388 6.631760e-01 2.452000e-03 3.343720e-01
389 6.628040e-01 2.436000e-03 3.347600e-01
390 6.623960e-01 2.428000e-03 3.351760e-01
391 6.620000e-01 2.396000e-03 3.356040e-01
392 6.615120e-01 2.452000e-03 3.360360e-01
393 6.611480e-01 2.392000e-03 3.364600e-01
394 6.608040e-01 2.332000e-03 3.368640e-01
395 6.603800e-01 2.304000e-03 3.373160e-01
396 6.600480e-01 2.220000e-03 3.377320e-01
397 6.596280e-01 2.212000e-03 3.381600e-01
398 6.593240e-01 2.124000e-03 3.385520e-01
399 6.590400e-01 2.088000e-03 3.388720e-01
400 6.586360e-01 2.140000e-03 3.392240e-01
401 6.582640e-01 2.200000e-03 3.395360e-01
402 6.579000e-01 2.164000e-03 3.399360e-01
403 6.576320e-01 2.068000e-03 3.403000e-01
404 6.573160e-01 2.024000e-03 3.406600e-01
405 6.569360e-01 2.060000e-03 3.410040e-01
406 6.566440e-01 2.016000e-03 3.413400e-01
407 6.563080e-01 1.968000e-03 3.417240e-01
408 6.559880e-01 1.868000e-03 3.421440e-01
409 6.556840e-01 1.816000e-03 3.425000e-01
410 6.553160e-01 1.872000e-03 3.428120e-01
411 6.549440e-01 1.844000e-03 3.432120e-01
412 6.545400e-01 1.908000e-03 3.435520e-01
413 6.541080e-01 2.020000e-03 3.438720e-01
414 6.536840e-01 2.088000e-03 3.442280e-01
415 6.533360e-01 2.076000e-03 3.445880e-01
416 6.530000e-01 2.072000e-03 3.449280e-01
417 6.527120e-01 1.968000e-03 3.453200e-01
418 6.524400e-01 1.920000e-03 3.456400e-01
419 6.522000e-01 1.804000e-03 3.459960e-01
420 6.519120e-01 1.764000e-03 3.463240e-01
421 6.516520e-01 1.696000e-03 3.466520e-01
422 6.513640e-01 1.708000e-03 3.469280e-01
423 6.511240e-01 1.600000e-03 3.472760e-01
424 6.508960e-01 1.588000e-03 3.475160e-01
425 6.506680e-01 1.604000e-03 3.477280e-01
426 6.503440e-01 1.656000e-03 3.480000e-01
427 6.501120e-01 1.580000e-03 3.483080e-01
428 6.497880e-01 1.644000e-03 3.485680e-01
429 6.495320e-01 1.576000e-03 3.488920e-01
430 6.492600e-01 1.504000e-03 3.492360e-01
431 6.489920e-01 1.512000e-03 3.494960e-01
432 6.487120e-01 1.536000e-03 3.497520e-01
433 6.484280e-01 1.560000e-03 3.500120e-01
434 6.481480e-01 1.580000e-03 3.502720e-01
435 6.479360e-01 1.492000e-03 3.505720e-01
436 6.476840e-01 1.424000e-03 3.508920e-01
437 6.474600e-01 1.400000e-03 3.511400e-01
438 6.472520e-01 1.408000e-03 3.513400e-01
439 6.470040e-01 1.424000e-03 3.515720e-01
440 6.467920e-01 1.368000e-03 3.518400e-01
441 6.466000e-01 1.300000e-03 3.521000e-01
442 6.463840e-01 1.316000e-03 3.523000e-01
443 6.461600e-01 1.304000e-03 3.525360e-01
444 6.459800e-01 1.252000e-03 3.527680e-01
445 6.457560e-01 1.244000e-03 3.530000e-01
446 6.454760e-01 1.232000e-03 3.532920e-01
447 6.453120e-01 1.224000e-03 3.534640e-01
448 6.450840e-01 1.228000e-03 3.536880e-01
449 6.448960e-01 1.168000e-03 3.539360e-01
450 6.447120e-01 1.108000e-03 3.541800e-01
451 6.444640e-01 1.148000e-03 3.543880e-01
452 6.442680e-01 1.140000e-03 3.545920e-01
453 6.440480e-01 1.148000e-03 3.548040e-01
454 6.438640e-01 1.144000e-03 3.549920e-01
455 6.436920e-01 1.152000e-03 3.551560e-01
456 6.435200e-01 1.084000e-03 3.553960e-01
457 6.433120e-01 1.108000e-03 3.555800e-01
458 6.430920e-01 1.140000e-03 3.557680e-01
459 6.429120e-01 1.104000e-03 3.559840e-01
460 6.427080e-01 1.108000e-03 3.561840e-01
461 6.425480e-01 1.132000e-03 3.563200e-01
462 6.423160e-01 1.212000e-03 3.564720e-01
463 6.421080e-01 1.204000e-03 3.566880e-01
464 6.419120e-01 1.188000e-03 3.569000e-01
465 6.417160e-01 1.148000e-03 3.571360e-01
466 6.415360e-01 1.100000e-03 3.573640e-01
467 6.413920e-01 1.080000e-03 3.575280e-01
468 6.412120e-01 1.084000e-03 3.577040e-01
469 6.410280e-01 1.088000e-03 3.578840e-01
470 6.408280e-01 1.108000e-03 3.580640e-01
471 6.406520e-01 1.080000e-03 3.582680e-01
472 6.404560e-01 1.052000e-03 3.584920e-01
473 6.403200e-01 1.020000e-03 3.586600e-01
474 6.401280e-01 1.056000e-03 3.588160e-01
475 6.399960e-01 1.016000e-03 3.589880e-01
476 6.398560e-01 1.000000e-03 3.591440e-01
477 6.397000e-01 9.360000e-04 3.593640e-01
478 6.396000e-01 8.800000e-04 3.595200e-01
479 6.394800e-01 8.520000e-04 3.596680e-01
480 6.393400e-01 8.360000e-04 3.598240e-01
481 6.391760e-01 8.520000e-04 3.599720e-01
482 6.390280e-01 8.160000e-04 3.601560e-01
483 6.388720e-01 8.240000e-04 3.603040e-01
484 6.386200e-01 9.360000e-04 3.604440e-01
485 6.385120e-01 8.960000e-04 3.605920e-01
486 6.383720e-01 8.920000e-04 3.607360e-01
487 6.382120e-01 8.640000e-04 3.609240e-01
488 6.380920e-01 8.400000e-04 3.610680e-01
489 6.379720e-01 8.000000e-04 3.612280e-01
490 6.378280e-01 7.920000e-04 3.613800e-01
491 6.376800e-01 7.720000e-04 3.615480e-01
492 6.375720e-01 7.000000e-04 3.617280e-01
493 6.375000e-01 6.440000e-04 3.618560e-01
494 6.374080e-01 6.440000e-04 3.619480e-01
495 6.372720e-01 6.040000e-04 3.621240e-01
496 6.371520e-01 6.320000e-04 3.622160e-01
497 6.370280e-01 6.480000e-04 3.623240e-01
498 6.368880e-01 6.640000e-04 3.624480e-01
499 6.367640e-01 6.840000e-04 3.625520e-01
500 6.366200e-01 7.280000e-04 3.626520e-01
