1 9.992560e-01 6.640000e-04 8.000000e-05
2 9.987960e-01 9.520000e-04 2.520000e-04
3 9.982600e-01 1.248000e-03 4.920000e-04
4 9.976000e-01 1.692000e-03 7.080000e-04
5 9.968400e-01 2.100000e-03 1.060000e-03
6 9.959880e-01 2.512000e-03 1.500000e-03
7 9.951480e-01 2.852000e-03 2.000000e-03
8 9.942480e-01 3.164000e-03 2.588000e-03
9 9.932600e-01 3.568000e-03 3.172000e-03
10 9.922080e-01 3.972000e-03 3.820000e-03
11 9.912240e-01 4.152000e-03 4.624000e-03
12 9.902520e-01 4.348000e-03 5.400000e-03
13 9.892040e-01 4.616000e-03 6.180000e-03
14 9.882000e-01 4.768000e-03 7.032000e-03
15 9.871840e-01 4.956000e-03 7.860000e-03
16 9.860600e-01 5.068000e-03 8.872000e-03
17 9.848080e-01 5.364000e-03 9.828000e-03
18 9.836360e-01 5.696000e-03 1.066800e-02
19 9.822160e-01 6.112000e-03 1.167200e-02
20 9.808720e-01 6.372000e-03 1.275600e-02
21 9.794160e-01 6.736000e-03 1.384800e-02
22 9.778880e-01 6.984000e-03 1.512800e-02
23 9.762760e-01 7.484000e-03 1.624000e-02
24 9.745040e-01 7.892000e-03 1.760400e-02
25 9.730840e-01 8.020000e-03 1.889600e-02
26 9.715960e-01 8.144000e-03 2.026000e-02
27 9.699600e-01 8.420000e-03 2.162000e-02
28 9.684320e-01 8.452000e-03 2.311600e-02
29 9.669000e-01 8.480000e-03 2.462000e-02
30 9.652000e-01 8.632000e-03 2.616800e-02
31 9.637600e-01 8.640000e-03 2.760000e-02
32 9.622280e-01 8.692000e-03 2.908000e-02
33 9.605520e-01 8.780000e-03 3.066800e-02
34 9.589720e-01 8.840000e-03 3.218800e-02
35 9.574440e-01 8.968000e-03 3.358800e-02
36 9.557080e-01 9.136000e-03 3.515600e-02
37 9.541720e-01 9.112000e-03 3.671600e-02
38 9.526240e-01 9.112000e-03 3.826400e-02
39 9.510600e-01 9.064000e-03 3.987600e-02
40 9.493320e-01 9.108000e-03 4.156000e-02
41 9.477840e-01 9.176000e-03 4.304000e-02
42 9.459800e-01 9.328000e-03 4.469200e-02
43 9.444120e-01 9.324000e-03 4.626400e-02
44 9.426640e-01 9.440000e-03 4.789600e-02
45 9.410240e-01 9.552000e-03 4.942400e-02
46 9.393800e-01 9.588000e-03 5.103200e-02
47 9.377520e-01 9.508000e-03 5.274000e-02
48 9.361440e-01 9.560000e-03 5.429600e-02
49 9.343840e-01 9.692000e-03 5.592400e-02
50 9.326720e-01 9.652000e-03 5.767600e-02
51 9.310440e-01 9.732000e-03 5.922400e-02
52 9.292400e-01 9.824000e-03 6.093600e-02
53 9.273760e-01 9.972000e-03 6.265200e-02
54 9.257360e-01 9.812000e-03 6.445200e-02
55 9.239360e-01 9.900000e-03 6.616400e-02
56 9.223360e-01 9.688000e-03 6.797600e-02
57 9.207080e-01 9.604000e-03 6.968800e-02
58 9.192480e-01 9.396000e-03 7.135600e-02
59 9.175960e-01 9.380000e-03 7.302400e-02
60 9.160240e-01 9.316000e-03 7.466000e-02
61 9.143600e-01 9.384000e-03 7.625600e-02
62 9.127760e-01 9.380000e-03 7.784400e-02
63 9.110920e-01 9.316000e-03 7.959200e-02
64 9.093520e-01 9.400000e-03 8.124800e-02
65 9.077720e-01 9.220000e-03 8.300800e-02
66 9.060040e-01 9.272000e-03 8.472400e-02
67 9.044600e-01 9.204000e-03 8.633600e-02
68 9.027520e-01 9.364000e-03 8.788400e-02
69 9.009160e-01 9.544000e-03 8.954000e-02
70 8.991000e-01 9.660000e-03 9.124000e-02
71 8.973760e-01 9.712000e-03 9.291200e-02
72 8.954440e-01 9.904000e-03 9.465200e-02
73 8.936000e-01 9.988000e-03 9.641200e-02
74 8.919160e-01 9.784000e-03 9.830000e-02
75 8.901960e-01 9.860000e-03 9.994400e-02
76 8.885920e-01 9.692000e-03 1.017160e-01
77 8.869840e-01 9.724000e-03 1.032920e-01
78 8.852520e-01 9.764000e-03 1.049840e-01
79 8.835840e-01 9.772000e-03 1.066440e-01
80 8.818840e-01 9.756000e-03 1.083600e-01
81 8.800560e-01 9.796000e-03 1.101480e-01
82 8.783360e-01 9.828000e-03 1.118360e-01
83 8.766240e-01 9.784000e-03 1.135920e-01
84 8.749840e-01 9.688000e-03 1.153280e-01
85 8.730760e-01 9.908000e-03 1.170160e-01
86 8.712200e-01 9.992000e-03 1.187880e-01
87 8.694720e-01 9.916000e-03 1.206120e-01
88 8.680000e-01 9.820000e-03 1.221800e-01
89 8.664200e-01 9.676000e-03 1.239040e-01
90 8.646240e-01 9.892000e-03 1.254840e-01
91 8.630000e-01 9.724000e-03 1.272760e-01
92 8.613280e-01 9.796000e-03 1.288760e-01
93 8.597200e-01 9.680000e-03 1.306000e-01
94 8.580360e-01 9.648000e-03 1.323160e-01
95 8.564920e-01 9.516000e-03 1.339920e-01
96 8.547840e-01 9.540000e-03 1.356760e-01
97 8.531640e-01 9.668000e-03 1.371680e-01
98 8.514520e-01 9.632000e-03 1.389160e-01
99 8.497040e-01 9.752000e-03 1.405440e-01
100 8.478960e-01 9.996000e-03 1.421080e-01
101 8.462040e-01 1.007600e-02 1.437200e-01
102 8.442680e-01 1.030800e-02 1.454240e-01
103 8.424160e-01 1.030000e-02 1.472840e-01
104 8.406320e-01 1.030800e-02 1.490600e-01
105 8.388720e-01 1.036000e-02 1.507680e-01
106 8.370520e-01 1.035200e-02 1.525960e-01
107 8.352920e-01 1.030400e-02 1.544040e-01
108 8.336920e-01 1.016000e-02 1.561480e-01
109 8.320280e-01 1.010000e-02 1.578720e-01
110 8.302520e-01 1.019600e-02 1.595520e-01
111 8.287040e-01 9.956000e-03 1.613400e-01
112 8.269720e-01 9.984000e-03 1.630440e-01
113 8.254720e-01 9.784000e-03 1.647440e-01
114 8.238040e-01 9.868000e-03 1.663280e-01
115 8.221840e-01 9.840000e-03 1.679760e-01
116 8.204240e-01 9.860000e-03 1.697160e-01
117 8.189360e-01 9.516000e-03 1.715480e-01
118 8.172760e-01 9.544000e-03 1.731800e-01
119 8.156520e-01 9.500000e-03 1.748480e-01
120 8.141200e-01 9.400000e-03 1.764800e-01
121 8.126440e-01 9.228000e-03 1.781280e-01
122 8.112040e-01 9.144000e-03 1.796520e-01
123 8.095640e-01 9.300000e-03 1.811360e-01
124 8.079240e-01 9.192000e-03 1.828840e-01
125 8.064960e-01 8.996000e-03 1.845080e-01
126 8.049360e-01 9.020000e-03 1.860440e-01
127 8.035040e-01 8.840000e-03 1.876560e-01
128 8.018840e-01 8.944000e-03 1.891720e-01
129 8.004440e-01 8.820000e-03 1.907360e-01
130 7.986400e-01 9.076000e-03 1.922840e-01
131 7.971080e-01 9.040000e-03 1.938520e-01
132 7.955440e-01 8.968000e-03 1.954880e-01
133 7.939880e-01 8.948000e-03 1.970640e-01
134 7.923960e-01 8.856000e-03 1.987480e-01
135 7.909520e-01 8.712000e-03 2.003360e-01
136 7.895640e-01 8.556000e-03 2.018800e-01
137 7.880440e-01 8.596000e-03 2.033600e-01
138 7.867760e-01 8.320000e-03 2.049040e-01
139 7.852880e-01 8.280000e-03 2.064320e-01
140 7.837640e-01 8.492000e-03 2.077440e-01
141 7.823040e-01 8.520000e-03 2.091760e-01
142 7.809160e-01 8.420000e-03 2.106640e-01
143 7.794560e-01 8.396000e-03 2.121480e-01
144 7.779560e-01 8.560000e-03 2.134840e-01
145 7.764120e-01 8.588000e-03 2.150000e-01
146 7.749160e-01 8.564000e-03 2.165200e-01
147 7.734160e-01 8.608000e-03 2.179760e-01
148 7.720360e-01 8.360000e-03 2.196040e-01
149 7.707640e-01 8.148000e-03 2.210880e-01
150 7.694120e-01 8.160000e-03 2.224280e-01
151 7.678720e-01 8.156000e-03 2.239720e-01
152 7.664280e-01 8.080000e-03 2.254920e-01
153 7.652000e-01 7.944000e-03 2.268560e-01
154 7.640240e-01 7.708000e-03 2.282680e-01
155 7.627080e-01 7.636000e-03 2.296560e-01
156 7.615120e-01 7.548000e-03 2.309400e-01
157 7.603080e-01 7.380000e-03 2.323120e-01
158 7.590360e-01 7.344000e-03 2.336200e-01
159 7.578320e-01 7.324000e-03 2.348440e-01
160 7.564800e-01 7.440000e-03 2.360800e-01
161 7.552320e-01 7.308000e-03 2.374600e-01
162 7.539080e-01 7.336000e-03 2.387560e-01
163 7.527960e-01 7.212000e-03 2.399920e-01
164 7.515080e-01 7.096000e-03 2.413960e-01
165 7.501880e-01 7.112000e-03 2.427000e-01
166 7.489320e-01 7.180000e-03 2.438880e-01
167 7.476200e-01 7.216000e-03 2.451640e-01
168 7.462560e-01 7.240000e-03 2.465040e-01
169 7.450200e-01 7.148000e-03 2.478320e-01
170 7.437920e-01 7.164000e-03 2.490440e-01
171 7.425080e-01 7.244000e-03 2.502480e-01
172 7.411960e-01 7.304000e-03 2.515000e-01
173 7.399920e-01 7.268000e-03 2.527400e-01
174 7.386920e-01 7.320000e-03 2.539880e-01
175 7.375560e-01 7.156000e-03 2.552880e-01
176 7.364520e-01 6.968000e-03 2.565800e-01
177 7.353200e-01 6.920000e-03 2.577600e-01
178 7.341120e-01 6.888000e-03 2.590000e-01
179 7.329200e-01 6.944000e-03 2.601360e-01
180 7.317040e-01 6.972000e-03 2.613240e-01
181 7.305520e-01 6.896000e-03 2.625520e-01
182 7.293800e-01 6.876000e-03 2.637440e-01
183 7.281880e-01 6.804000e-03 2.650080e-01
184 7.268960e-01 6.896000e-03 2.662080e-01
185 7.256800e-01 6.888000e-03 2.674320e-01
186 7.244480e-01 7.064000e-03 2.684880e-01
187 7.233760e-01 6.840000e-03 2.697840e-01
188 7.222400e-01 6.812000e-03 2.709480e-01
189 7.211440e-01 6.736000e-03 2.721200e-01
190 7.199920e-01 6.756000e-03 2.732520e-01
191 7.187520e-01 6.788000e-03 2.744600e-01
192 7.175600e-01 6.840000e-03 2.756000e-01
193 7.164320e-01 6.848000e-03 2.767200e-01
194 7.152400e-01 6.864000e-03 2.778960e-01
195 7.139080e-01 6.960000e-03 2.791320e-01
196 7.126400e-01 7.172000e-03 2.801880e-01
197 7.114440e-01 7.104000e-03 2.814520e-01
198 7.103080e-01 6.980000e-03 2.827120e-01
199 7.092200e-01 6.896000e-03 2.838840e-01
200 7.080240e-01 6.984000e-03 2.849920e-01
201 7.069640e-01 6.768000e-03 2.862680e-01
202 7.058840e-01 6.648000e-03 2.874680e-01
203 7.048160e-01 6.544000e-03 2.886400e-01
204 7.037560e-01 6.516000e-03 2.897280e-01
205 7.027960e-01 6.468000e-03 2.907360e-01
206 7.017440e-01 6.400000e-03 2.918560e-01
207 7.008280e-01 6.192000e-03 2.929800e-01
208 6.998800e-01 6.012000e-03 2.941080e-01
209 6.987720e-01 6.044000e-03 2.951840e-01
210 6.977360e-01 5.948000e-03 2.963160e-01
211 6.967240e-01 5.936000e-03 2.973400e-01
212 6.957160e-01 5.904000e-03 2.983800e-01
213 6.946400e-01 5.948000e-03 2.994120e-01
214 6.936240e-01 5.992000e-03 3.003840e-01
215 6.926680e-01 5.880000e-03 3.014520e-01
216 6.916080e-01 5.860000e-03 3.025320e-01
217 6.906240e-01 5.780000e-03 3.035960e-01
218 6.895960e-01 5.884000e-03 3.045200e-01
219 6.884320e-01 6.020000e-03 3.055480e-01
220 6.874480e-01 5.912000e-03 3.066400e-01
221 6.865080e-01 5.780000e-03 3.077120e-01
222 6.855440e-01 5.720000e-03 3.087360e-01
223 6.845880e-01 5.672000e-03 3.097400e-01
224 6.837440e-01 5.560000e-03 3.106960e-01
225 6.827400e-01 5.592000e-03 3.116680e-01
226 6.819080e-01 5.352000e-03 3.127400e-01
227 6.810760e-01 5.320000e-03 3.136040e-01
228 6.802320e-01 5.236000e-03 3.145320e-01
229 6.794800e-01 5.140000e-03 3.153800e-01
230 6.786360e-01 5.036000e-03 3.163280e-01
231 6.778440e-01 4.912000e-03 3.172440e-01
232 6.770240e-01 5.012000e-03 3.179640e-01
233 6.762240e-01 4.944000e-03 3.188320e-01
234 6.753600e-01 4.908000e-03 3.197320e-01
235 6.745600e-01 4.932000e-03 3.205080e-01
236 6.737680e-01 4.792000e-03 3.214400e-01
237 6.730800e-01 4.616000e-03 3.223040e-01
238 6.724560e-01 4.448000e-03 3.230960e-01
239 6.717400e-01 4.372000e-03 3.238880e-01
240 6.710600e-01 4.360000e-03 3.245800e-01
241 6.704280e-01 4.288000e-03 3.252840e-01
242 6.696560e-01 4.236000e-03 3.261080e-01
243 6.690920e-01 4.060000e-03 3.268480e-01
244 6.684960e-01 3.840000e-03 3.276640e-01
245 6.678360e-01 3.864000e-03 3.283000e-01
246 6.671920e-01 3.788000e-03 3.290200e-01
247 6.665680e-01 3.764000e-03 3.296680e-01
248 6.660000e-01 3.712000e-03 3.302880e-01
249 6.653760e-01 3.700000e-03 3.309240e-01
250 6.647640e-01 3.720000e-03 3.315160e-01
251 6.641200e-01 3.612000e-03 3.322680e-01
252 6.635120e-01 3.560000e-03 3.329280e-01
253 6.629800e-01 3.420000e-03 3.336000e-01
254 6.624840e-01 3.212000e-03 3.343040e-01
255 6.618480e-01 3.332000e-03 3.348200e-01
256 6.612760e-01 3.332000e-03 3.353920e-01
257 6.607400e-01 3.300000e-03 3.359600e-01
258 6.602440e-01 3.184000e-03 3.365720e-01
259 6.596200e-01 3.204000e-03 3.371760e-01
260 6.589880e-01 3.320000e-03 3.376920e-01
261 6.583400e-01 3.360000e-03 3.383000e-01
262 6.576960e-01 3.432000e-03 3.388720e-01
263 6.571640e-01 3.428000e-03 3.394080e-01
264 6.565520e-01 3.392000e-03 3.400560e-01
265 6.559240e-01 3.332000e-03 3.407440e-01
266 6.553520e-01 3.344000e-03 3.413040e-01
267 6.548040e-01 3.320000e-03 3.418760e-01
268 6.541320e-01 3.412000e-03 3.424560e-01
269 6.535080e-01 3.428000e-03 3.430640e-01
270 6.527880e-01 3.580000e-03 3.436320e-01
271 6.520840e-01 3.588000e-03 3.443280e-01
272 6.515120e-01 3.500000e-03 3.449880e-01
273 6.507680e-01 3.688000e-03 3.455440e-01
274 6.501640e-01 3.696000e-03 3.461400e-01
275 6.496240e-01 3.624000e-03 3.467520e-01
276 6.489360e-01 3.732000e-03 3.473320e-01
277 6.483760e-01 3.632000e-03 3.479920e-01
278 6.478600e-01 3.508000e-03 3.486320e-01
279 6.473160e-01 3.376000e-03 3.493080e-01
280 6.467800e-01 3.384000e-03 3.498360e-01
281 6.462360e-01 3.348000e-03 3.504160e-01
282 6.457320e-01 3.316000e-03 3.509520e-01
283 6.451160e-01 3.368000e-03 3.515160e-01
284 6.445120e-01 3.412000e-03 3.520760e-01
285 6.439120e-01 3.400000e-03 3.526880e-01
286 6.432840e-01 3.416000e-03 3.533000e-01
287 6.426520e-01 3.440000e-03 3.539080e-01
288 6.420240e-01 3.416000e-03 3.545600e-01
289 6.413840e-01 3.476000e-03 3.551400e-01
290 6.407560e-01 3.540000e-03 3.557040e-01
291 6.401960e-01 3.536000e-03 3.562680e-01
292 6.395320e-01 3.648000e-03 3.568200e-01
293 6.388960e-01 3.624000e-03 3.574800e-01
294 6.382760e-01 3.616000e-03 3.581080e-01
295 6.376240e-01 3.628000e-03 3.587480e-01
296 6.370480e-01 3.488000e-03 3.594640e-01
297 6.365120e-01 3.408000e-03 3.600800e-01
298 6.360040e-01 3.392000e-03 3.606040e-01
299 6.354080e-01 3.396000e-03 3.611960e-01
300 6.347680e-01 3.416000e-03 3.618160e-01
301 6.340760e-01 3.540000e-03 3.623840e-01
302 6.334640e-01 3.504000e-03 3.630320e-01
303 6.328920e-01 3.416000e-03 3.636920e-01
304 6.323520e-01 3.316000e-03 3.643320e-01
305 6.318560e-01 3.236000e-03 3.649080e-01
306 6.313400e-01 3.168000e-03 3.654920e-01
307 6.307680e-01 3.128000e-03 3.661040e-01
308 6.303200e-01 3.068000e-03 3.666120e-01
309 6.297520e-01 3.092000e-03 3.671560e-01
310 6.291600e-01 3.144000e-03 3.676960e-01
311 6.285800e-01 3.120000e-03 3.683000e-01
312 6.280280e-01 3.120000e-03 3.688520e-01
313 6.274400e-01 3.136000e-03 3.694240e-01
314 6.268920e-01 3.144000e-03 3.699640e-01
315 6.263360e-01 3.192000e-03 3.704720e-01
316 6.258880e-01 3.152000e-03 3.709600e-01
317 6.254160e-01 3.052000e-03 3.715320e-01
318 6.248680e-01 3.028000e-03 3.721040e-01
319 6.244000e-01 2.944000e-03 3.726560e-01
320 6.239960e-01 2.876000e-03 3.731280e-01
321 6.235800e-01 2.828000e-03 3.735920e-01
322 6.230520e-01 2.912000e-03 3.740360e-01
323 6.226240e-01 2.868000e-03 3.745080e-01
324 6.221720e-01 2.868000e-03 3.749600e-01
325 6.217200e-01 2.832000e-03 3.754480e-01
326 6.212200e-01 2.964000e-03 3.758160e-01
327 6.208360e-01 2.844000e-03 3.763200e-01
328 6.204080e-01 2.740000e-03 3.768520e-01
329 6.199800e-01 2.648000e-03 3.773720e-01
330 6.195440e-01 2.620000e-03 3.778360e-01
331 6.190720e-01 2.592000e-03 3.783360e-01
332 6.186880e-01 2.540000e-03 3.787720e-01
333 6.182320e-01 2.484000e-03 3.792840e-01
334 6.178240e-01 2.452000e-03 3.797240e-01
335 6.173520e-01 2.440000e-03 3.802080e-01
336 6.169200e-01 2.384000e-03 3.806960e-01
337 6.165200e-01 2.404000e-03 3.810760e-01
338 6.161040e-01 2.316000e-03 3.815800e-01
339 6.157760e-01 2.216000e-03 3.820080e-01
340 6.153840e-01 2.244000e-03 3.823720e-01
341 6.149320e-01 2.252000e-03 3.828160e-01
342 6.145640e-01 2.208000e-03 3.832280e-01
343 6.141960e-01 2.236000e-03 3.835680e-01
344 6.137960e-01 2.248000e-03 3.839560e-01
345 6.133960e-01 2.248000e-03 3.843560e-01
346 6.130160e-01 2.200000e-03 3.847840e-01
347 6.126800e-01 2.184000e-03 3.851360e-01
348 6.123000e-01 2.152000e-03 3.855480e-01
349 6.119720e-01 2.116000e-03 3.859120e-01
350 6.116440e-01 2.060000e-03 3.862960e-01
351 6.112600e-01 2.152000e-03 3.865880e-01
352 6.108720e-01 2.116000e-03 3.870120e-01
353 6.105040e-01 2.128000e-03 3.873680e-01
354 6.101200e-01 2.132000e-03 3.877480e-01
355 6.097600e-01 2.044000e-03 3.881960e-01
356 6.094040e-01 2.044000e-03 3.885520e-01
357 6.090760e-01 1.976000e-03 3.889480e-01
358 6.087120e-01 2.004000e-03 3.892840e-01
359 6.084200e-01 1.972000e-03 3.896080e-01
360 6.081120e-01 1.928000e-03 3.899600e-01
361 6.077800e-01 1.920000e-03 3.903000e-01
362 6.074600e-01 1.872000e-03 3.906680e-01
363 6.072160e-01 1.764000e-03 3.910200e-01
364 6.069440e-01 1.740000e-03 3.913160e-01
365 6.066400e-01 1.728000e-03 3.916320e-01
366 6.063880e-01 1.720000e-03 3.918920e-01
367 6.060840e-01 1.672000e-03 3.922440e-01
368 6.058440e-01 1.628000e-03 3.925280e-01
369 6.056040e-01 1.608000e-03 3.927880e-01
370 6.053240e-01 1.632000e-03 3.930440e-01
371 6.050320e-01 1.632000e-03 3.933360e-01
372 6.047560e-01 1.636000e-03 3.936080e-01
373 6.045160e-01 1.600000e-03 3.938840e-01
374 6.042880e-01 1.552000e-03 3.941600e-01
375 6.040280e-01 1.528000e-03 3.944440e-01
376 6.037560e-01 1.556000e-03 3.946880e-01
377 6.035360e-01 1.508000e-03 3.949560e-01
378 6.032840e-01 1.524000e-03 3.951920e-01
379 6.030720e-01 1.472000e-03 3.954560e-01
380 6.028160e-01 1.464000e-03 3.957200e-01
381 6.026000e-01 1.400000e-03 3.960000e-01
382 6.023000e-01 1.440000e-03 3.962600e-01
383 6.021040e-01 1.404000e-03 3.964920e-01
384 6.018320e-01 1.404000e-03 3.967640e-01
385 6.015200e-01 1.444000e-03 3.970360e-01
386 6.012600e-01 1.408000e-03 3.973320e-01
387 6.009760e-01 1.456000e-03 3.975680e-01
388 6.007280e-01 1.460000e-03 3.978120e-01
389 6.004960e-01 1.436000e-03 3.980680e-01
390 6.002480e-01 1.440000e-03 3.983120e-01
391 6.000120e-01 1.396000e-03 3.985920e-01
392 5.996840e-01 1.400000e-03 3.989160e-01
393 5.994680e-01 1.372000e-03 3.991600e-01
394 5.992280e-01 1.336000e-03 3.994360e-01
395 5.989880e-01 1.356000e-03 3.996560e-01
396 5.987480e-01 1.408000e-03 3.998440e-01
397 5.984960e-01 1.376000e-03 4.001280e-01
398 5.982320e-01 1.408000e-03 4.003600e-01
399 5.979760e-01 1.380000e-03 4.006440e-01
400 5.977400e-01 1.356000e-03 4.009040e-01
401 5.975200e-01 1.344000e-03 4.011360e-01
402 5.972720e-01 1.352000e-03 4.013760e-01
403 5.970520e-01 1.296000e-03 4.016520e-01
404 5.968400e-01 1.276000e-03 4.018840e-01
405 5.965920e-01 1.308000e-03 4.021000e-01
406 5.963480e-01 1.348000e-03 4.023040e-01
407 5.961240e-01 1.356000e-03 4.025200e-01
408 5.959040e-01 1.364000e-03 4.027320e-01
409 5.956840e-01 1.340000e-03 4.029760e-01
410 5.955120e-01 1.328000e-03 4.031600e-01
411 5.953040e-01 1.332000e-03 4.033640e-01
412 5.950280e-01 1.416000e-03 4.035560e-01
413 5.947800e-01 1.424000e-03 4.037960e-01
414 5.945920e-01 1.372000e-03 4.040360e-01
415 5.943600e-01 1.400000e-03 4.042400e-01
416 5.941440e-01 1.404000e-03 4.044520e-01
417 5.939560e-01 1.412000e-03 4.046320e-01
418 5.938080e-01 1.332000e-03 4.048600e-01
419 5.936200e-01 1.312000e-03 4.050680e-01
420 5.934480e-01 1.264000e-03 4.052880e-01
421 5.933080e-01 1.172000e-03 4.055200e-01
422 5.931520e-01 1.128000e-03 4.057200e-01
423 5.929640e-01 1.140000e-03 4.058960e-01
424 5.927880e-01 1.124000e-03 4.060880e-01
425 5.925880e-01 1.176000e-03 4.062360e-01
426 5.924120e-01 1.080000e-03 4.065080e-01
427 5.921920e-01 1.048000e-03 4.067600e-01
428 5.919840e-01 1.076000e-03 4.069400e-01
429 5.918160e-01 1.068000e-03 4.071160e-01
430 5.916160e-01 1.068000e-03 4.073160e-01
431 5.914240e-01 1.064000e-03 4.075120e-01
432 5.912560e-01 1.064000e-03 4.076800e-01
433 5.910360e-01 1.096000e-03 4.078680e-01
434 5.909160e-01 1.028000e-03 4.080560e-01
435 5.907480e-01 1.036000e-03 4.082160e-01
436 5.905320e-01 1.064000e-03 4.084040e-01
437 5.903120e-01 1.064000e-03 4.086240e-01
438 5.901720e-01 9.960000e-04 4.088320e-01
439 5.899680e-01 1.000000e-03 4.090320e-01
440 5.897800e-01 1.028000e-03 4.091920e-01
441 5.896200e-01 1.004000e-03 4.093760e-01
442 5.894480e-01 9.920000e-04 4.095600e-01
443 5.892600e-01 1.004000e-03 4.097360e-01
444 5.890720e-01 1.044000e-03 4.098840e-01
445 5.888880e-01 1.016000e-03 4.100960e-01
446 5.887600e-01 9.320000e-04 4.103080e-01
447 5.886040e-01 9.400000e-04 4.104560e-01
448 5.884560e-01 9.720000e-04 4.105720e-01
449 5.883280e-01 9.120000e-04 4.107600e-01
450 5.881560e-01 9.320000e-04 4.109120e-01
451 5.880000e-01 9.280000e-04 4.110720e-01
452 5.878400e-01 9.480000e-04 4.112120e-01
453 5.876440e-01 9.760000e-04 4.113800e-01
454 5.874800e-01 9.640000e-04 4.115560e-01
455 5.873480e-01 9.720000e-04 4.116800e-01
456 5.871920e-01 9.240000e-04 4.118840e-01
457 5.870200e-01 9.480000e-04 4.120320e-01
458 5.869080e-01 8.520000e-04 4.122400e-01
459 5.867880e-01 7.800000e-04 4.124320e-01
460 5.866360e-01 8.000000e-04 4.125640e-01
461 5.864960e-01 7.600000e-04 4.127440e-01
462 5.863440e-01 7.880000e-04 4.128680e-01
463 5.861840e-01 8.080000e-04 4.130080e-01
464 5.860720e-01 7.400000e-04 4.131880e-01
465 5.858920e-01 8.120000e-04 4.132960e-01
466 5.857680e-01 7.680000e-04 4.134640e-01
467 5.857040e-01 7.080000e-04 4.135880e-01
468 5.856240e-01 6.800000e-04 4.136960e-01
469 5.855320e-01 6.840000e-04 4.137840e-01
470 5.854160e-01 6.640000e-04 4.139200e-01
471 5.853640e-01 6.280000e-04 4.140080e-01
472 5.852520e-01 6.240000e-04 4.141240e-01
473 5.851720e-01 5.720000e-04 4.142560e-01
474 5.851040e-01 5.640000e-04 4.143320e-01
475 5.850000e-01 5.360000e-04 4.144640e-01
476 5.849120e-01 5.320000e-04 4.145560e-01
477 5.848640e-01 4.760000e-04 4.146600e-01
478 5.848080e-01 4.520000e-04 4.147400e-01
479 5.847600e-01 4.160000e-04 4.148240e-01
480 5.846920e-01 4.320000e-04 4.148760e-01
481 5.846320e-01 4.040000e-04 4.149640e-01
482 5.845360e-01 4.200000e-04 4.150440e-01
483 5.844840e-01 4.120000e-04 4.151040e-01
484 5.844320e-01 4.160000e-04 4.151520e-01
485 5.843840e-01 4.160000e-04 4.152000e-01
486 5.843000e-01 4.240000e-04 4.152760e-01
487 5.842320e-01 4.120000e-04 4.153560e-01
488 5.841920e-01 3.880000e-04 4.154200e-01
489 5.841120e-01 4.120000e-04 4.154760e-01
490 5.840560e-01 4.000000e-04 4.155440e-01
491 5.840080e-01 3.800000e-04 4.156120e-01
492 5.839720e-01 3.480000e-04 4.156800e-01
493 5.838800e-01 3.760000e-04 4.157440e-01
494 5.837840e-01 3.920000e-04 4.158240e-01
495 5.837120e-01 4.000000e-04 4.158880e-01
496 5.836640e-01 3.840000e-04 4.159520e-01
497 5.836000e-01 3.840000e-04 4.160160e-01
498 5.835440e-01 3.640000e-04 4.160920e-01
499 5.834840e-01 3.440000e-04 4.161720e-01
500 5.834000e-01 3.800000e-04 4.162200e-01
