1 9.992560e-01 6.680000e-04 7.600000e-05
2 9.987240e-01 1.048000e-03 2.280000e-04
3 9.981920e-01 1.396000e-03 4.120000e-04
4 9.974760e-01 1.804000e-03 7.200000e-04
5 9.966640e-01 2.236000e-03 1.100000e-03
6 9.958680e-01 2.600000e-03 1.532000e-03
7 9.950040e-01 2.956000e-03 2.040000e-03
8 9.940480e-01 3.332000e-03 2.620000e-03
9 9.930320e-01 3.684000e-03 3.284000e-03
10 9.920400e-01 4.092000e-03 3.868000e-03
11 9.908800e-01 4.564000e-03 4.556000e-03
12 9.895880e-01 5.004000e-03 5.408000e-03
13 9.883000e-01 5.380000e-03 6.320000e-03
14 9.870760e-01 5.640000e-03 7.284000e-03
15 9.858200e-01 5.740000e-03 8.440000e-03
16 9.844640e-01 6.084000e-03 9.452000e-03
17 9.830600e-01 6.324000e-03 1.061600e-02
18 9.817760e-01 6.480000e-03 1.174400e-02
19 9.805120e-01 6.616000e-03 1.287200e-02
20 9.791720e-01 6.920000e-03 1.390800e-02
21 9.778720e-01 7.068000e-03 1.506000e-02
22 9.764360e-01 7.304000e-03 1.626000e-02
23 9.748800e-01 7.600000e-03 1.752000e-02
24 9.734360e-01 7.564000e-03 1.900000e-02
25 9.719240e-01 7.940000e-03 2.013600e-02
26 9.703160e-01 8.060000e-03 2.162400e-02
27 9.688400e-01 8.084000e-03 2.307600e-02
28 9.670880e-01 8.360000e-03 2.455200e-02
29 9.653520e-01 8.564000e-03 2.608400e-02
30 9.634800e-01 8.836000e-03 2.768400e-02
31 9.617920e-01 9.056000e-03 2.915200e-02
32 9.600960e-01 9.104000e-03 3.080000e-02
33 9.583920e-01 9.068000e-03 3.254000e-02
34 9.567240e-01 9.244000e-03 3.403200e-02
35 9.550480e-01 9.408000e-03 3.554400e-02
36 9.534640e-01 9.428000e-03 3.710800e-02
37 9.517440e-01 9.516000e-03 3.874000e-02
38 9.499760e-01 9.532000e-03 4.049200e-02
39 9.482080e-01 9.720000e-03 4.207200e-02
40 9.465600e-01 9.708000e-03 4.373200e-02
41 9.447680e-01 9.880000e-03 4.535200e-02
42 9.431760e-01 9.708000e-03 4.711600e-02
43 9.415880e-01 9.644000e-03 4.876800e-02
44 9.399320e-01 9.776000e-03 5.029200e-02
45 9.382280e-01 9.728000e-03 5.204400e-02
46 9.364120e-01 9.824000e-03 5.376400e-02
47 9.344400e-01 1.016400e-02 5.539600e-02
48 9.325600e-01 1.021200e-02 5.722800e-02
49 9.307800e-01 1.026000e-02 5.896000e-02
50 9.289480e-01 1.016400e-02 6.088800e-02
51 9.270600e-01 1.030000e-02 6.264000e-02
52 9.254000e-01 1.008000e-02 6.452000e-02
53 9.234360e-01 1.026400e-02 6.630000e-02
54 9.217400e-01 1.020800e-02 6.805200e-02
55 9.198440e-01 1.043600e-02 6.972000e-02
56 9.179560e-01 1.046800e-02 7.157600e-02
57 9.160680e-01 1.060400e-02 7.332800e-02
58 9.141520e-01 1.074800e-02 7.510000e-02
59 9.123240e-01 1.064400e-02 7.703200e-02
60 9.104160e-01 1.059600e-02 7.898800e-02
61 9.086520e-01 1.045200e-02 8.089600e-02
62 9.067720e-01 1.052000e-02 8.270800e-02
63 9.051680e-01 1.023200e-02 8.460000e-02
64 9.033640e-01 1.021600e-02 8.642000e-02
65 9.016240e-01 1.011200e-02 8.826400e-02
66 8.999640e-01 9.940000e-03 9.009600e-02
67 8.983600e-01 9.816000e-03 9.182400e-02
68 8.967240e-01 9.700000e-03 9.357600e-02
69 8.951040e-01 9.696000e-03 9.520000e-02
70 8.935120e-01 9.588000e-03 9.690000e-02
71 8.917680e-01 9.692000e-03 9.854000e-02
72 8.900760e-01 9.832000e-03 1.000920e-01
73 8.883400e-01 9.832000e-03 1.018280e-01
74 8.866120e-01 9.904000e-03 1.034840e-01
75 8.849640e-01 9.860000e-03 1.051760e-01
76 8.832200e-01 9.904000e-03 1.068760e-01
77 8.814280e-01 9.872000e-03 1.087000e-01
78 8.797600e-01 9.840000e-03 1.104000e-01
79 8.780880e-01 9.760000e-03 1.121520e-01
80 8.763200e-01 9.732000e-03 1.139480e-01
81 8.745680e-01 9.716000e-03 1.157160e-01
82 8.730480e-01 9.504000e-03 1.174480e-01
83 8.715400e-01 9.240000e-03 1.192200e-01
84 8.700720e-01 9.184000e-03 1.207440e-01
85 8.685480e-01 9.132000e-03 1.223200e-01
86 8.669480e-01 9.124000e-03 1.239280e-01
87 8.653320e-01 9.180000e-03 1.254880e-01
88 8.636920e-01 9.312000e-03 1.269960e-01
89 8.622040e-01 9.212000e-03 1.285840e-01
90 8.607320e-01 9.132000e-03 1.301360e-01
91 8.591080e-01 9.276000e-03 1.316160e-01
92 8.575320e-01 9.196000e-03 1.332720e-01
93 8.559600e-01 9.064000e-03 1.349760e-01
94 8.545080e-01 8.960000e-03 1.365320e-01
95 8.529800e-01 8.824000e-03 1.381960e-01
96 8.512840e-01 9.008000e-03 1.397080e-01
97 8.497600e-01 8.884000e-03 1.413560e-01
98 8.482560e-01 8.792000e-03 1.429520e-01
99 8.467920e-01 8.764000e-03 1.444440e-01
100 8.452360e-01 8.704000e-03 1.460600e-01
101 8.436800e-01 8.780000e-03 1.475400e-01
102 8.422640e-01 8.652000e-03 1.490840e-01
103 8.406880e-01 8.724000e-03 1.505880e-01
104 8.391920e-01 8.744000e-03 1.520640e-01
105 8.377000e-01 8.776000e-03 1.535240e-01
106 8.361680e-01 8.796000e-03 1.550360e-01
107 8.347040e-01 8.760000e-03 1.565360e-01
108 8.333520e-01 8.540000e-03 1.581080e-01
109 8.319200e-01 8.444000e-03 1.596360e-01
110 8.306280e-01 8.324000e-03 1.610480e-01
111 8.293600e-01 8.168000e-03 1.624720e-01
112 8.281720e-01 7.892000e-03 1.639360e-01
113 8.269160e-01 7.816000e-03 1.652680e-01
114 8.256480e-01 7.752000e-03 1.666000e-01
115 8.244120e-01 7.524000e-03 1.680640e-01
116 8.232760e-01 7.232000e-03 1.694920e-01
117 8.222200e-01 7.012000e-03 1.707680e-01
118 8.209440e-01 7.016000e-03 1.720400e-01
119 8.198040e-01 6.744000e-03 1.734520e-01
120 8.188360e-01 6.536000e-03 1.746280e-01
121 8.177280e-01 6.456000e-03 1.758160e-01
122 8.166080e-01 6.448000e-03 1.769440e-01
123 8.155680e-01 6.288000e-03 1.781440e-01
124 8.143240e-01 6.496000e-03 1.791800e-01
125 8.130920e-01 6.644000e-03 1.802640e-01
126 8.119200e-01 6.616000e-03 1.814640e-01
127 8.108400e-01 6.428000e-03 1.827320e-01
128 8.097920e-01 6.320000e-03 1.838880e-01
129 8.086880e-01 6.308000e-03 1.850040e-01
130 8.078240e-01 6.152000e-03 1.860240e-01
131 8.069080e-01 6.088000e-03 1.870040e-01
132 8.059840e-01 5.936000e-03 1.880800e-01
133 8.050120e-01 5.908000e-03 1.890800e-01
134 8.040760e-01 5.768000e-03 1.901560e-01
135 8.031960e-01 5.604000e-03 1.912000e-01
136 8.022080e-01 5.536000e-03 1.922560e-01
137 8.012680e-01 5.620000e-03 1.931120e-01
138 8.003520e-01 5.520000e-03 1.941280e-01
139 7.994040e-01 5.444000e-03 1.951520e-01
140 7.985360e-01 5.372000e-03 1.960920e-01
141 7.977360e-01 5.132000e-03 1.971320e-01
142 7.969800e-01 4.988000e-03 1.980320e-01
143 7.961760e-01 4.884000e-03 1.989400e-01
144 7.954000e-01 4.836000e-03 1.997640e-01
145 7.945840e-01 4.800000e-03 2.006160e-01
146 7.936720e-01 4.992000e-03 2.013360e-01
147 7.927080e-01 5.084000e-03 2.022080e-01
148 7.918280e-01 4.992000e-03 2.031800e-01
149 7.908880e-01 5.044000e-03 2.040680e-01
150 7.900200e-01 5.052000e-03 2.049280e-01
151 7.891880e-01 4.964000e-03 2.058480e-01
152 7.882720e-01 5.012000e-03 2.067160e-01
153 7.872360e-01 5.196000e-03 2.075680e-01
154 7.863560e-01 5.176000e-03 2.084680e-01
155 7.854960e-01 5.180000e-03 2.093240e-01
156 7.845800e-01 5.136000e-03 2.102840e-01
157 7.836320e-01 5.076000e-03 2.112920e-01
158 7.827520e-01 5.088000e-03 2.121600e-01
159 7.817840e-01 5.168000e-03 2.130480e-01
160 7.810840e-01 4.920000e-03 2.139960e-01
161 7.803000e-01 4.836000e-03 2.148640e-01
162 7.794040e-01 4.896000e-03 2.157000e-01
163 7.784600e-01 4.980000e-03 2.165600e-01
164 7.775280e-01 4.916000e-03 2.175560e-01
165 7.766960e-01 4.840000e-03 2.184640e-01
166 7.758000e-01 4.964000e-03 2.192360e-01
167 7.750120e-01 4.788000e-03 2.202000e-01
168 7.742440e-01 4.812000e-03 2.209440e-01
169 7.735480e-01 4.808000e-03 2.216440e-01
170 7.726880e-01 4.836000e-03 2.224760e-01
171 7.718080e-01 4.880000e-03 2.233120e-01
172 7.708440e-01 4.984000e-03 2.241720e-01
173 7.699400e-01 5.008000e-03 2.250520e-01
174 7.690840e-01 5.032000e-03 2.258840e-01
175 7.681360e-01 5.104000e-03 2.267600e-01
176 7.673800e-01 4.996000e-03 2.276240e-01
177 7.665640e-01 4.984000e-03 2.284520e-01
178 7.657120e-01 5.016000e-03 2.292720e-01
179 7.648320e-01 5.032000e-03 2.301360e-01
180 7.640520e-01 4.900000e-03 2.310480e-01
181 7.632080e-01 4.916000e-03 2.318760e-01
182 7.624400e-01 4.800000e-03 2.327600e-01
183 7.617080e-01 4.796000e-03 2.334960e-01
184 7.607920e-01 4.988000e-03 2.342200e-01
185 7.600040e-01 4.800000e-03 2.351960e-01
186 7.592240e-01 4.780000e-03 2.359960e-01
187 7.584920e-01 4.788000e-03 2.367200e-01
188 7.577560e-01 4.768000e-03 2.374760e-01
189 7.569440e-01 4.700000e-03 2.383560e-01
190 7.560160e-01 4.828000e-03 2.391560e-01
191 7.553520e-01 4.676000e-03 2.399720e-01
192 7.545680e-01 4.588000e-03 2.408440e-01
193 7.538200e-01 4.588000e-03 2.415920e-01
194 7.530320e-01 4.596000e-03 2.423720e-01
195 7.522320e-01 4.588000e-03 2.431800e-01
196 7.513960e-01 4.640000e-03 2.439640e-01
197 7.505720e-01 4.584000e-03 2.448440e-01
198 7.498400e-01 4.512000e-03 2.456480e-01
199 7.490720e-01 4.536000e-03 2.463920e-01
200 7.483520e-01 4.500000e-03 2.471480e-01
201 7.475800e-01 4.508000e-03 2.479120e-01
202 7.468760e-01 4.376000e-03 2.487480e-01
203 7.462560e-01 4.256000e-03 2.494880e-01
204 7.456040e-01 4.076000e-03 2.503200e-01
205 7.449320e-01 4.128000e-03 2.509400e-01
206 7.441960e-01 4.152000e-03 2.516520e-01
207 7.436080e-01 3.988000e-03 2.524040e-01
208 7.429400e-01 4.012000e-03 2.530480e-01
209 7.422880e-01 3.992000e-03 2.537200e-01
210 7.416480e-01 3.948000e-03 2.544040e-01
211 7.410720e-01 3.872000e-03 2.550560e-01
212 7.405400e-01 3.724000e-03 2.557360e-01
213 7.400480e-01 3.444000e-03 2.565080e-01
214 7.395560e-01 3.340000e-03 2.571040e-01
215 7.390120e-01 3.320000e-03 2.576680e-01
216 7.385200e-01 3.268000e-03 2.582120e-01
217 7.380280e-01 3.132000e-03 2.588400e-01
218 7.375320e-01 3.096000e-03 2.593720e-01
219 7.370120e-01 3.132000e-03 2.598560e-01
220 7.365920e-01 3.036000e-03 2.603720e-01
221 7.360560e-01 3.072000e-03 2.608720e-01
222 7.355640e-01 3.040000e-03 2.613960e-01
223 7.350520e-01 3.008000e-03 2.619400e-01
224 7.345800e-01 2.956000e-03 2.624640e-01
225 7.340640e-01 2.948000e-03 2.629880e-01
226 7.335880e-01 2.924000e-03 2.634880e-01
227 7.331040e-01 2.936000e-03 2.639600e-01
228 7.325800e-01 2.960000e-03 2.644600e-01
229 7.321120e-01 2.904000e-03 2.649840e-01
230 7.315880e-01 2.920000e-03 2.654920e-01
231 7.311200e-01 2.820000e-03 2.660600e-01
232 7.305400e-01 2.868000e-03 2.665920e-01
233 7.299720e-01 2.960000e-03 2.670680e-01
234 7.295000e-01 2.892000e-03 2.676080e-01
235 7.289960e-01 2.852000e-03 2.681520e-01
236 7.285760e-01 2.748000e-03 2.686760e-01
237 7.280880e-01 2.768000e-03 2.691440e-01
238 7.276600e-01 2.660000e-03 2.696800e-01
239 7.272000e-01 2.664000e-03 2.701360e-01
240 7.267480e-01 2.632000e-03 2.706200e-01
241 7.262680e-01 2.600000e-03 2.711320e-01
242 7.257920e-01 2.676000e-03 2.715320e-01
243 7.252600e-01 2.740000e-03 2.720000e-01
244 7.247440e-01 2.816000e-03 2.724400e-01
245 7.241640e-01 2.824000e-03 2.730120e-01
246 7.236320e-01 2.816000e-03 2.735520e-01
247 7.231160e-01 2.848000e-03 2.740360e-01
248 7.226120e-01 2.868000e-03 2.745200e-01
249 7.221120e-01 2.860000e-03 2.750280e-01
250 7.216240e-01 2.912000e-03 2.754640e-01
251 7.211280e-01 2.964000e-03 2.759080e-01
252 7.206760e-01 2.908000e-03 2.764160e-01
253 7.201800e-01 2.956000e-03 2.768640e-01
254 7.197280e-01 2.916000e-03 2.773560e-01
255 7.193000e-01 2.864000e-03 2.778360e-01
256 7.188440e-01 2.808000e-03 2.783480e-01
257 7.184080e-01 2.752000e-03 2.788400e-01
258 7.179240e-01 2.732000e-03 2.793440e-01
259 7.175360e-01 2.712000e-03 2.797520e-01
260 7.170680e-01 2.728000e-03 2.802040e-01
261 7.165960e-01 2.744000e-03 2.806600e-01
262 7.161360e-01 2.688000e-03 2.811760e-01
263 7.157520e-01 2.520000e-03 2.817280e-01
264 7.153000e-01 2.468000e-03 2.822320e-01
265 7.148920e-01 2.404000e-03 2.827040e-01
266 7.144960e-01 2.412000e-03 2.830920e-01
267 7.141600e-01 2.348000e-03 2.834920e-01
268 7.137160e-01 2.404000e-03 2.838800e-01
269 7.133280e-01 2.376000e-03 2.842960e-01
270 7.128520e-01 2.352000e-03 2.847960e-01
271 7.124360e-01 2.404000e-03 2.851600e-01
272 7.120040e-01 2.388000e-03 2.856080e-01
273 7.116440e-01 2.356000e-03 2.860000e-01
274 7.112640e-01 2.328000e-03 2.864080e-01
275 7.108600e-01 2.400000e-03 2.867400e-01
276 7.105320e-01 2.300000e-03 2.871680e-01
277 7.102160e-01 2.284000e-03 2.875000e-01
278 7.098280e-01 2.280000e-03 2.878920e-01
279 7.094480e-01 2.244000e-03 2.883080e-01
280 7.090680e-01 2.228000e-03 2.887040e-01
281 7.086760e-01 2.236000e-03 2.890880e-01
282 7.083120e-01 2.236000e-03 2.894520e-01
283 7.078960e-01 2.284000e-03 2.898200e-01
284 7.074640e-01 2.288000e-03 2.902480e-01
285 7.069840e-01 2.396000e-03 2.906200e-01
286 7.066320e-01 2.336000e-03 2.910320e-01
287 7.062280e-01 2.344000e-03 2.914280e-01
288 7.058720e-01 2.312000e-03 2.918160e-01
289 7.054320e-01 2.344000e-03 2.922240e-01
290 7.050320e-01 2.372000e-03 2.925960e-01
291 7.046320e-01 2.372000e-03 2.929960e-01
292 7.041280e-01 2.496000e-03 2.933760e-01
293 7.037040e-01 2.512000e-03 2.937840e-01
294 7.032240e-01 2.588000e-03 2.941880e-01
295 7.028320e-01 2.560000e-03 2.946080e-01
296 7.023680e-01 2.612000e-03 2.950200e-01
297 7.019600e-01 2.548000e-03 2.954920e-01
298 7.015840e-01 2.436000e-03 2.959800e-01
299 7.011400e-01 2.428000e-03 2.964320e-01
300 7.007240e-01 2.488000e-03 2.967880e-01
301 7.003240e-01 2.480000e-03 2.971960e-01
302 6.999600e-01 2.412000e-03 2.976280e-01
303 6.994640e-01 2.520000e-03 2.980160e-01
304 6.990960e-01 2.464000e-03 2.984400e-01
305 6.987320e-01 2.360000e-03 2.989080e-01
306 6.982520e-01 2.432000e-03 2.993160e-01
307 6.978440e-01 2.392000e-03 2.997640e-01
308 6.973920e-01 2.388000e-03 3.002200e-01
309 6.969640e-01 2.340000e-03 3.006960e-01
310 6.964920e-01 2.368000e-03 3.011400e-01
311 6.961200e-01 2.376000e-03 3.015040e-01
312 6.957440e-01 2.336000e-03 3.019200e-01
313 6.953920e-01 2.352000e-03 3.022560e-01
314 6.950600e-01 2.264000e-03 3.026760e-01
315 6.947040e-01 2.172000e-03 3.031240e-01
316 6.944120e-01 2.120000e-03 3.034680e-01
317 6.940800e-01 2.084000e-03 3.038360e-01
318 6.938000e-01 1.964000e-03 3.042360e-01
319 6.935080e-01 1.912000e-03 3.045800e-01
320 6.932280e-01 1.856000e-03 3.049160e-01
321 6.929360e-01 1.788000e-03 3.052760e-01
322 6.926120e-01 1.752000e-03 3.056360e-01
323 6.922800e-01 1.768000e-03 3.059520e-01
324 6.919600e-01 1.832000e-03 3.062080e-01
325 6.916440e-01 1.876000e-03 3.064800e-01
326 6.913000e-01 1.916000e-03 3.067840e-01
327 6.910840e-01 1.736000e-03 3.071800e-01
328 6.908760e-01 1.640000e-03 3.074840e-01
329 6.906480e-01 1.604000e-03 3.077480e-01
330 6.903520e-01 1.632000e-03 3.080160e-01
331 6.900760e-01 1.656000e-03 3.082680e-01
332 6.898520e-01 1.620000e-03 3.085280e-01
333 6.895800e-01 1.600000e-03 3.088200e-01
334 6.893320e-01 1.564000e-03 3.091040e-01
335 6.891040e-01 1.488000e-03 3.094080e-01
336 6.888120e-01 1.568000e-03 3.096200e-01
337 6.885760e-01 1.504000e-03 3.099200e-01
338 6.883440e-01 1.456000e-03 3.102000e-01
339 6.880960e-01 1.460000e-03 3.104440e-01
340 6.878920e-01 1.392000e-03 3.107160e-01
341 6.877160e-01 1.312000e-03 3.109720e-01
342 6.875280e-01 1.272000e-03 3.112000e-01
343 6.873000e-01 1.276000e-03 3.114240e-01
344 6.871000e-01 1.284000e-03 3.116160e-01
345 6.868960e-01 1.228000e-03 3.118760e-01
346 6.867080e-01 1.220000e-03 3.120720e-01
347 6.865560e-01 1.172000e-03 3.122720e-01
348 6.863600e-01 1.196000e-03 3.124440e-01
349 6.862400e-01 1.076000e-03 3.126840e-01
350 6.861600e-01 9.920000e-04 3.128480e-01
351 6.860160e-01 9.480000e-04 3.130360e-01
352 6.858760e-01 9.520000e-04 3.131720e-01
353 6.857160e-01 9.600000e-04 3.133240e-01
354 6.854880e-01 1.028000e-03 3.134840e-01
355 6.852760e-01 1.044000e-03 3.136800e-01
356 6.850360e-01 1.120000e-03 3.138440e-01
357 6.848560e-01 1.088000e-03 3.140560e-01
358 6.846880e-01 1.052000e-03 3.142600e-01
359 6.845720e-01 9.800000e-04 3.144480e-01
360 6.844200e-01 9.600000e-04 3.146200e-01
361 6.842720e-01 9.520000e-04 3.147760e-01
362 6.841120e-01 9.080000e-04 3.149800e-01
363 6.839720e-01 8.560000e-04 3.151720e-01
364 6.838280e-01 8.640000e-04 3.153080e-01
365 6.837200e-01 8.040000e-04 3.154760e-01
366 6.836040e-01 8.160000e-04 3.155800e-01
367 6.834840e-01 7.520000e-04 3.157640e-01
368 6.833760e-01 7.640000e-04 3.158600e-01
369 6.832520e-01 7.360000e-04 3.160120e-01
370 6.831320e-01 7.240000e-04 3.161440e-01
371 6.830240e-01 7.280000e-04 3.162480e-01
372 6.829440e-01 6.920000e-04 3.163640e-01
373 6.828720e-01 6.720000e-04 3.164560e-01
374 6.827320e-01 6.840000e-04 3.165840e-01
375 6.826080e-01 7.120000e-04 3.166800e-01
376 6.824680e-01 7.440000e-04 3.167880e-01
377 6.823520e-01 7.320000e-04 3.169160e-01
378 6.822120e-01 7.520000e-04 3.170360e-01
379 6.820760e-01 7.400000e-04 3.171840e-01
380 6.818920e-01 8.200000e-04 3.172880e-01
381 6.817200e-01 8.640000e-04 3.174160e-01
382 6.815320e-01 8.920000e-04 3.175760e-01
383 6.813840e-01 8.960000e-04 3.177200e-01
384 6.812680e-01 8.480000e-04 3.178840e-01
385 6.811120e-01 8.880000e-04 3.180000e-01
386 6.809960e-01 8.320000e-04 3.181720e-01
387 6.808640e-01 8.320000e-04 3.183040e-01
388 6.807720e-01 7.560000e-04 3.184720e-01
389 6.806640e-01 7.440000e-04 3.185920e-01
390 6.805760e-01 7.080000e-04 3.187160e-01
391 6.804720e-01 6.920000e-04 3.188360e-01
392 6.803920e-01 6.320000e-04 3.189760e-01
393 6.802320e-01 7.000000e-04 3.190680e-01
394 6.800800e-01 7.280000e-04 3.191920e-01
395 6.799400e-01 7.520000e-04 3.193080e-01
396 6.797880e-01 7.680000e-04 3.194440e-01
397 6.796720e-01 7.200000e-04 3.196080e-01
398 6.795640e-01 6.680000e-04 3.197680e-01
399 6.794360e-01 7.040000e-04 3.198600e-01
400 6.792600e-01 7.440000e-04 3.199960e-01
401 6.791040e-01 7.720000e-04 3.201240e-01
402 6.789640e-01 7.880000e-04 3.202480e-01
403 6.788360e-01 8.280000e-04 3.203360e-01
404 6.787360e-01 7.880000e-04 3.204760e-01
405 6.786160e-01 8.280000e-04 3.205560e-01
406 6.785240e-01 7.760000e-04 3.207000e-01
407 6.784040e-01 7.560000e-04 3.208400e-01
408 6.783320e-01 7.200000e-04 3.209480e-01
409 6.782240e-01 6.880000e-04 3.210880e-01
410 6.781360e-01 6.760000e-04 3.211880e-01
411 6.780560e-01 6.720000e-04 3.212720e-01
412 6.780000e-01 6.200000e-04 3.213800e-01
413 6.779400e-01 5.640000e-04 3.214960e-01
414 6.778560e-01 5.600000e-04 3.215840e-01
415 6.777760e-01 5.400000e-04 3.216840e-01
416 6.776840e-01 5.120000e-04 3.218040e-01
417 6.775920e-01 5.280000e-04 3.218800e-01
418 6.775280e-01 4.800000e-04 3.219920e-01
419 6.774200e-01 5.240000e-04 3.220560e-01
420 6.773080e-01 5.600000e-04 3.221320e-01
421 6.772040e-01 5.600000e-04 3.222360e-01
422 6.771160e-01 5.480000e-04 3.223360e-01
423 6.770120e-01 5.560000e-04 3.224320e-01
424 6.768880e-01 6.280000e-04 3.224840e-01
425 6.767880e-01 6.080000e-04 3.226040e-01
426 6.767000e-01 6.080000e-04 3.226920e-01
427 6.765960e-01 6.120000e-04 3.227920e-01
428 6.765160e-01 5.800000e-04 3.229040e-01
429 6.764360e-01 5.560000e-04 3.230080e-01
430 6.763240e-01 5.760000e-04 3.231000e-01
431 6.761920e-01 5.920000e-04 3.232160e-01
432 6.760880e-01 5.840000e-04 3.233280e-01
433 6.759760e-01 5.800000e-04 3.234440e-01
434 6.758600e-01 6.040000e-04 3.235360e-01
435 6.757320e-01 6.160000e-04 3.236520e-01
436 6.756120e-01 6.560000e-04 3.237320e-01
437 6.754200e-01 7.440000e-04 3.238360e-01
438 6.752560e-01 7.800000e-04 3.239640e-01
439 6.751400e-01 7.800000e-04 3.240800e-01
440 6.750400e-01 7.440000e-04 3.242160e-01
441 6.748920e-01 7.600000e-04 3.243480e-01
442 6.747760e-01 7.800000e-04 3.244440e-01
443 6.746640e-01 7.720000e-04 3.245640e-01
444 6.745440e-01 7.960000e-04 3.246600e-01
445 6.744440e-01 7.400000e-04 3.248160e-01
446 6.743440e-01 7.280000e-04 3.249280e-01
447 6.742480e-01 6.960000e-04 3.250560e-01
448 6.741720e-01 6.640000e-04 3.251640e-01
449 6.741000e-01 6.080000e-04 3.252920e-01
450 6.740200e-01 6.080000e-04 3.253720e-01
451 6.738880e-01 6.200000e-04 3.254920e-01
452 6.737920e-01 5.760000e-04 3.256320e-01
453 6.737120e-01 5.080000e-04 3.257800e-01
454 6.736400e-01 4.720000e-04 3.258880e-01
455 6.735600e-01 4.600000e-04 3.259800e-01
456 6.733960e-01 5.600000e-04 3.260440e-01
457 6.732640e-01 5.720000e-04 3.261640e-01
458 6.731560e-01 5.720000e-04 3.262720e-01
459 6.730600e-01 5.760000e-04 3.263640e-01
460 6.729840e-01 5.640000e-04 3.264520e-01
461 6.728880e-01 5.160000e-04 3.265960e-01
462 6.728000e-01 4.720000e-04 3.267280e-01
463 6.727240e-01 4.840000e-04 3.267920e-01
464 6.726440e-01 4.680000e-04 3.268880e-01
465 6.725880e-01 4.520000e-04 3.269600e-01
466 6.725160e-01 4.480000e-04 3.270360e-01
467 6.724640e-01 4.320000e-04 3.271040e-01
468 6.724160e-01 3.960000e-04 3.271880e-01
469 6.723400e-01 4.120000e-04 3.272480e-01
470 6.722560e-01 4.320000e-04 3.273120e-01
471 6.721720e-01 4.040000e-04 3.274240e-01
472 6.721240e-01 3.720000e-04 3.275040e-01
473 6.720760e-01 3.600000e-04 3.275640e-01
474 6.720040e-01 3.560000e-04 3.276400e-01
475 6.719440e-01 3.400000e-04 3.277160e-01
476 6.718800e-01 3.320000e-04 3.277880e-01
477 6.718160e-01 3.080000e-04 3.278760e-01
478 6.717600e-01 2.960000e-04 3.279440e-01
479 6.717120e-01 3.040000e-04 3.279840e-01
480 6.716800e-01 2.840000e-04 3.280360e-01
481 6.716520e-01 2.400000e-04 3.281080e-01
482 6.716040e-01 2.160000e-04 3.281800e-01
483 6.715240e-01 2.600000e-04 3.282160e-01
484 6.714560e-01 2.960000e-04 3.282480e-01
485 6.713920e-01 3.080000e-04 3.283000e-01
486 6.713400e-01 3.080000e-04 3.283520e-01
487 6.712960e-01 3.160000e-04 3.283880e-01
488 6.712520e-01 3.160000e-04 3.284320e-01
489 6.712000e-01 3.240000e-04 3.284760e-01
490 6.711440e-01 3.360000e-04 3.285200e-01
491 6.710720e-01 3.440000e-04 3.285840e-01
492 6.710360e-01 3.080000e-04 3.286560e-01
493 6.710120e-01 2.480000e-04 3.287400e-01
494 6.709760e-01 2.520000e-04 3.287720e-01
495 6.709480e-01 2.320000e-04 3.288200e-01
496 6.709240e-01 2.120000e-04 3.288640e-01
497 6.708960e-01 1.880000e-04 3.289160e-01
498 6.708320e-01 2.160000e-04 3.289520e-01
499 6.707880e-01 2.240000e-04 3.289880e-01
500 6.707480e-01 2.120000e-04 3.290400e-01
