1 9.991480e-01 7.480000e-04 1.040000e-04
2 9.985520e-01 1.172000e-03 2.760000e-04
3 9.979200e-01 1.572000e-03 5.080000e-04
4 9.971560e-01 2.024000e-03 8.200000e-04
5 9.962920e-01 2.452000e-03 1.256000e-03
6 9.952800e-01 3.048000e-03 1.672000e-03
7 9.943240e-01 3.464000e-03 2.212000e-03
8 9.932200e-01 3.952000e-03 2.828000e-03
9 9.921680e-01 4.276000e-03 3.556000e-03
10 9.909200e-01 4.684000e-03 4.396000e-03
11 9.897320e-01 5.116000e-03 5.152000e-03
12 9.882800e-01 5.664000e-03 6.056000e-03
13 9.869600e-01 6.004000e-03 7.036000e-03
14 9.857520e-01 6.116000e-03 8.132000e-03
15 9.843200e-01 6.440000e-03 9.240000e-03
16 9.828480e-01 6.716000e-03 1.043600e-02
17 9.812880e-01 7.164000e-03 1.154800e-02
18 9.797960e-01 7.368000e-03 1.283600e-02
19 9.784600e-01 7.376000e-03 1.416400e-02
20 9.770200e-01 7.592000e-03 1.538800e-02
21 9.755680e-01 7.788000e-03 1.664400e-02
22 9.741480e-01 7.884000e-03 1.796800e-02
23 9.725840e-01 8.048000e-03 1.936800e-02
24 9.708120e-01 8.496000e-03 2.069200e-02
25 9.691360e-01 8.716000e-03 2.214800e-02
26 9.674000e-01 8.880000e-03 2.372000e-02
27 9.657760e-01 8.944000e-03 2.528000e-02
28 9.641040e-01 9.044000e-03 2.685200e-02
29 9.624120e-01 9.024000e-03 2.856400e-02
30 9.605920e-01 9.360000e-03 3.004800e-02
31 9.589040e-01 9.400000e-03 3.169600e-02
32 9.572560e-01 9.372000e-03 3.337200e-02
33 9.555040e-01 9.560000e-03 3.493600e-02
34 9.538880e-01 9.584000e-03 3.652800e-02
35 9.521160e-01 9.680000e-03 3.820400e-02
36 9.503400e-01 9.868000e-03 3.979200e-02
37 9.486080e-01 9.688000e-03 4.170400e-02
38 9.468160e-01 9.760000e-03 4.342400e-02
39 9.450680e-01 9.776000e-03 4.515600e-02
40 9.433800e-01 9.748000e-03 4.687200e-02
41 9.416920e-01 9.744000e-03 4.856400e-02
42 9.400520e-01 9.672000e-03 5.027600e-02
43 9.383080e-01 9.712000e-03 5.198000e-02
44 9.364760e-01 1.000000e-02 5.352400e-02
45 9.346520e-01 9.996000e-03 5.535200e-02
46 9.330040e-01 9.808000e-03 5.718800e-02
47 9.313200e-01 9.716000e-03 5.896400e-02
48 9.297040e-01 9.660000e-03 6.063600e-02
49 9.281600e-01 9.676000e-03 6.216400e-02
50 9.267080e-01 9.484000e-03 6.380800e-02
51 9.251120e-01 9.444000e-03 6.544400e-02
52 9.236160e-01 9.260000e-03 6.712400e-02
53 9.219840e-01 9.328000e-03 6.868800e-02
54 9.204520e-01 9.272000e-03 7.027600e-02
55 9.189680e-01 9.172000e-03 7.186000e-02
56 9.173960e-01 9.164000e-03 7.344000e-02
57 9.156240e-01 9.280000e-03 7.509600e-02
58 9.139960e-01 9.204000e-03 7.680000e-02
59 9.124760e-01 9.260000e-03 7.826400e-02
60 9.109720e-01 9.204000e-03 7.982400e-02
61 9.092520e-01 9.288000e-03 8.146000e-02
62 9.077840e-01 9.184000e-03 8.303200e-02
63 9.061840e-01 9.224000e-03 8.459200e-02
64 9.046040e-01 9.132000e-03 8.626400e-02
65 9.032400e-01 8.988000e-03 8.777200e-02
66 9.016120e-01 9.028000e-03 8.936000e-02
67 9.000240e-01 9.212000e-03 9.076400e-02
68 8.983880e-01 9.224000e-03 9.238800e-02
69 8.968920e-01 8.984000e-03 9.412400e-02
70 8.953760e-01 9.020000e-03 9.560400e-02
71 8.937320e-01 9.160000e-03 9.710800e-02
72 8.922960e-01 8.884000e-03 9.882000e-02
73 8.905720e-01 8.972000e-03 1.004560e-01
74 8.889960e-01 8.984000e-03 1.020200e-01
75 8.873640e-01 9.084000e-03 1.035520e-01
76 8.856280e-01 9.252000e-03 1.051200e-01
77 8.841960e-01 9.128000e-03 1.066760e-01
78 8.826000e-01 9.036000e-03 1.083640e-01
79 8.809440e-01 9.148000e-03 1.099080e-01
80 8.795080e-01 8.976000e-03 1.115160e-01
81 8.779840e-01 8.888000e-03 1.131280e-01
82 8.765360e-01 8.720000e-03 1.147440e-01
83 8.751080e-01 8.548000e-03 1.163440e-01
84 8.737800e-01 8.284000e-03 1.179360e-01
85 8.722600e-01 8.416000e-03 1.193240e-01
86 8.708360e-01 8.472000e-03 1.206920e-01
87 8.692600e-01 8.536000e-03 1.222040e-01
88 8.678760e-01 8.452000e-03 1.236720e-01
89 8.663680e-01 8.344000e-03 1.252880e-01
90 8.647680e-01 8.436000e-03 1.267960e-01
91 8.631520e-01 8.524000e-03 1.283240e-01
92 8.618040e-01 8.328000e-03 1.298680e-01
93 8.603840e-01 8.236000e-03 1.313800e-01
94 8.588560e-01 8.300000e-03 1.328440e-01
95 8.573840e-01 8.180000e-03 1.344360e-01
96 8.558920e-01 8.156000e-03 1.359520e-01
97 8.544040e-01 8.244000e-03 1.373520e-01
98 8.529320e-01 8.308000e-03 1.387600e-01
99 8.514880e-01 8.320000e-03 1.401920e-01
100 8.500440e-01 8.252000e-03 1.417040e-01
101 8.486560e-01 8.100000e-03 1.432440e-01
102 8.473640e-01 7.964000e-03 1.446720e-01
103 8.459600e-01 8.000000e-03 1.460400e-01
104 8.444400e-01 8.132000e-03 1.474280e-01
105 8.431080e-01 8.020000e-03 1.488720e-01
106 8.418560e-01 7.820000e-03 1.503240e-01
107 8.405960e-01 7.672000e-03 1.517320e-01
108 8.392400e-01 7.748000e-03 1.530120e-01
109 8.379280e-01 7.672000e-03 1.544000e-01
110 8.365960e-01 7.564000e-03 1.558400e-01
111 8.352360e-01 7.624000e-03 1.571400e-01
112 8.339520e-01 7.568000e-03 1.584800e-01
113 8.327200e-01 7.540000e-03 1.597400e-01
114 8.314160e-01 7.452000e-03 1.611320e-01
115 8.302560e-01 7.464000e-03 1.622800e-01
116 8.291320e-01 7.396000e-03 1.634720e-01
117 8.279080e-01 7.268000e-03 1.648240e-01
118 8.266240e-01 7.308000e-03 1.660680e-01
119 8.255280e-01 7.220000e-03 1.672520e-01
120 8.242440e-01 7.256000e-03 1.685000e-01
121 8.229840e-01 7.328000e-03 1.696880e-01
122 8.217440e-01 7.440000e-03 1.708160e-01
123 8.204920e-01 7.288000e-03 1.722200e-01
124 8.191960e-01 7.336000e-03 1.734680e-01
125 8.178360e-01 7.308000e-03 1.748560e-01
126 8.164240e-01 7.408000e-03 1.761680e-01
127 8.151280e-01 7.336000e-03 1.775360e-01
128 8.138800e-01 7.352000e-03 1.787680e-01
129 8.126760e-01 7.204000e-03 1.801200e-01
130 8.114480e-01 7.256000e-03 1.812960e-01
131 8.103440e-01 7.068000e-03 1.825880e-01
132 8.091680e-01 7.016000e-03 1.838160e-01
133 8.079320e-01 7.036000e-03 1.850320e-01
134 8.067840e-01 6.928000e-03 1.862880e-01
135 8.056960e-01 6.816000e-03 1.874880e-01
136 8.048080e-01 6.620000e-03 1.885720e-01
137 8.036840e-01 6.592000e-03 1.897240e-01
138 8.027320e-01 6.428000e-03 1.908400e-01
139 8.017360e-01 6.260000e-03 1.920040e-01
140 8.006880e-01 6.268000e-03 1.930440e-01
141 7.996760e-01 6.104000e-03 1.942200e-01
142 7.985880e-01 6.156000e-03 1.952560e-01
143 7.975200e-01 6.116000e-03 1.963640e-01
144 7.965960e-01 5.968000e-03 1.974360e-01
145 7.956680e-01 5.880000e-03 1.984520e-01
146 7.947600e-01 5.796000e-03 1.994440e-01
147 7.938280e-01 5.752000e-03 2.004200e-01
148 7.926360e-01 5.916000e-03 2.014480e-01
149 7.917080e-01 5.728000e-03 2.025640e-01
150 7.906760e-01 5.816000e-03 2.035080e-01
151 7.896200e-01 5.820000e-03 2.045600e-01
152 7.885960e-01 5.884000e-03 2.055200e-01
153 7.877000e-01 5.844000e-03 2.064560e-01
154 7.867240e-01 5.756000e-03 2.075200e-01
155 7.856920e-01 5.740000e-03 2.085680e-01
156 7.846520e-01 5.748000e-03 2.096000e-01
157 7.835600e-01 5.816000e-03 2.106240e-01
158 7.825320e-01 5.712000e-03 2.117560e-01
159 7.814800e-01 5.720000e-03 2.128000e-01
160 7.804760e-01 5.664000e-03 2.138600e-01
161 7.793520e-01 5.780000e-03 2.148680e-01
162 7.784360e-01 5.672000e-03 2.158920e-01
163 7.774800e-01 5.592000e-03 2.169280e-01
164 7.765920e-01 5.448000e-03 2.179600e-01
165 7.757400e-01 5.312000e-03 2.189480e-01
166 7.748640e-01 5.180000e-03 2.199560e-01
167 7.739440e-01 5.200000e-03 2.208560e-01
168 7.729800e-01 5.224000e-03 2.217960e-01
169 7.720400e-01 5.304000e-03 2.226560e-01
170 7.711560e-01 5.184000e-03 2.236600e-01
171 7.703280e-01 5.144000e-03 2.245280e-01
172 7.695960e-01 4.924000e-03 2.254800e-01
173 7.688160e-01 4.804000e-03 2.263800e-01
174 7.681360e-01 4.676000e-03 2.271880e-01
175 7.672960e-01 4.648000e-03 2.280560e-01
176 7.664040e-01 4.728000e-03 2.288680e-01
177 7.657200e-01 4.612000e-03 2.296680e-01
178 7.650360e-01 4.400000e-03 2.305640e-01
179 7.642280e-01 4.476000e-03 2.312960e-01
180 7.634520e-01 4.428000e-03 2.321200e-01
181 7.626480e-01 4.480000e-03 2.328720e-01
182 7.617920e-01 4.472000e-03 2.337360e-01
183 7.610240e-01 4.380000e-03 2.345960e-01
184 7.601440e-01 4.476000e-03 2.353800e-01
185 7.593080e-01 4.592000e-03 2.361000e-01
186 7.584480e-01 4.636000e-03 2.369160e-01
187 7.576640e-01 4.556000e-03 2.377800e-01
188 7.567400e-01 4.688000e-03 2.385720e-01
189 7.557680e-01 4.824000e-03 2.394080e-01
190 7.548440e-01 4.920000e-03 2.402360e-01
191 7.538720e-01 5.000000e-03 2.411280e-01
192 7.529720e-01 5.068000e-03 2.419600e-01
193 7.519560e-01 5.164000e-03 2.428800e-01
194 7.509120e-01 5.356000e-03 2.437320e-01
195 7.499800e-01 5.352000e-03 2.446680e-01
196 7.490280e-01 5.200000e-03 2.457720e-01
197 7.481560e-01 5.208000e-03 2.466360e-01
198 7.473040e-01 5.188000e-03 2.475080e-01
199 7.465240e-01 5.040000e-03 2.484360e-01
200 7.457040e-01 4.928000e-03 2.493680e-01
201 7.449200e-01 4.996000e-03 2.500840e-01
202 7.441640e-01 4.832000e-03 2.510040e-01
203 7.434280e-01 4.696000e-03 2.518760e-01
204 7.425720e-01 4.728000e-03 2.527000e-01
205 7.417680e-01 4.716000e-03 2.535160e-01
206 7.410240e-01 4.612000e-03 2.543640e-01
207 7.403320e-01 4.492000e-03 2.551760e-01
208 7.394960e-01 4.540000e-03 2.559640e-01
209 7.386320e-01 4.536000e-03 2.568320e-01
210 7.378800e-01 4.516000e-03 2.576040e-01
211 7.371480e-01 4.448000e-03 2.584040e-01
212 7.363800e-01 4.428000e-03 2.591920e-01
213 7.356280e-01 4.376000e-03 2.599960e-01
214 7.347920e-01 4.400000e-03 2.608080e-01
215 7.340120e-01 4.400000e-03 2.615880e-01
216 7.332960e-01 4.416000e-03 2.622880e-01
217 7.325280e-01 4.444000e-03 2.630280e-01
218 7.316760e-01 4.464000e-03 2.638600e-01
219 7.309280e-01 4.424000e-03 2.646480e-01
220 7.301240e-01 4.396000e-03 2.654800e-01
221 7.292880e-01 4.540000e-03 2.661720e-01
222 7.285920e-01 4.444000e-03 2.669640e-01
223 7.279320e-01 4.260000e-03 2.678080e-01
224 7.272280e-01 4.256000e-03 2.685160e-01
225 7.265080e-01 4.260000e-03 2.692320e-01
226 7.258480e-01 4.184000e-03 2.699680e-01
227 7.250680e-01 4.284000e-03 2.706480e-01
228 7.242400e-01 4.228000e-03 2.715320e-01
229 7.235880e-01 4.212000e-03 2.722000e-01
230 7.228560e-01 4.252000e-03 2.728920e-01
231 7.220040e-01 4.376000e-03 2.736200e-01
232 7.212960e-01 4.252000e-03 2.744520e-01
233 7.204440e-01 4.320000e-03 2.752360e-01
234 7.197000e-01 4.312000e-03 2.759880e-01
235 7.189040e-01 4.348000e-03 2.767480e-01
236 7.182120e-01 4.316000e-03 2.774720e-01
237 7.174240e-01 4.316000e-03 2.782600e-01
238 7.166720e-01 4.316000e-03 2.790120e-01
239 7.159960e-01 4.224000e-03 2.797800e-01
240 7.153200e-01 4.148000e-03 2.805320e-01
241 7.145880e-01 4.104000e-03 2.813080e-01
242 7.140080e-01 4.012000e-03 2.819800e-01
243 7.133840e-01 4.008000e-03 2.826080e-01
244 7.128840e-01 3.868000e-03 2.832480e-01
245 7.123520e-01 3.692000e-03 2.839560e-01
246 7.116960e-01 3.736000e-03 2.845680e-01
247 7.110960e-01 3.752000e-03 2.851520e-01
248 7.104560e-01 3.676000e-03 2.858680e-01
249 7.098720e-01 3.580000e-03 2.865480e-01
250 7.092760e-01 3.588000e-03 2.871360e-01
251 7.086200e-01 3.716000e-03 2.876640e-01
252 7.080240e-01 3.656000e-03 2.883200e-01
253 7.073480e-01 3.648000e-03 2.890040e-01
254 7.068120e-01 3.544000e-03 2.896440e-01
255 7.062440e-01 3.512000e-03 2.902440e-01
256 7.057720e-01 3.404000e-03 2.908240e-01
257 7.052920e-01 3.316000e-03 2.913920e-01
258 7.048680e-01 3.168000e-03 2.919640e-01
259 7.043520e-01 3.172000e-03 2.924760e-01
260 7.037440e-01 3.240000e-03 2.930160e-01
261 7.033080e-01 3.112000e-03 2.935800e-01
262 7.028640e-01 3.024000e-03 2.941120e-01
263 7.022840e-01 3.112000e-03 2.946040e-01
264 7.017600e-01 3.128000e-03 2.951120e-01
265 7.012520e-01 3.092000e-03 2.956560e-01
266 7.007520e-01 2.992000e-03 2.962560e-01
267 7.002120e-01 3.028000e-03 2.967600e-01
268 6.998160e-01 2.864000e-03 2.973200e-01
269 6.993240e-01 2.880000e-03 2.977960e-01
270 6.988800e-01 2.820000e-03 2.983000e-01
271 6.983360e-01 2.808000e-03 2.988560e-01
272 6.977840e-01 2.884000e-03 2.993320e-01
273 6.972800e-01 2.888000e-03 2.998320e-01
274 6.967040e-01 2.988000e-03 3.003080e-01
275 6.962520e-01 2.836000e-03 3.009120e-01
276 6.957800e-01 2.892000e-03 3.013280e-01
277 6.952800e-01 2.912000e-03 3.018080e-01
278 6.948400e-01 2.788000e-03 3.023720e-01
279 6.942640e-01 2.896000e-03 3.028400e-01
280 6.937080e-01 2.920000e-03 3.033720e-01
281 6.931760e-01 2.928000e-03 3.038960e-01
282 6.926400e-01 3.020000e-03 3.043400e-01
283 6.920080e-01 3.092000e-03 3.049000e-01
284 6.914520e-01 3.060000e-03 3.054880e-01
285 6.909560e-01 3.044000e-03 3.060000e-01
286 6.903920e-01 3.020000e-03 3.065880e-01
287 6.899480e-01 2.996000e-03 3.070560e-01
288 6.894280e-01 2.980000e-03 3.075920e-01
289 6.889640e-01 2.876000e-03 3.081600e-01
290 6.885040e-01 2.876000e-03 3.086200e-01
291 6.880000e-01 2.944000e-03 3.090560e-01
292 6.874840e-01 2.976000e-03 3.095400e-01
293 6.869840e-01 2.980000e-03 3.100360e-01
294 6.863960e-01 3.148000e-03 3.104560e-01
295 6.857960e-01 3.164000e-03 3.110400e-01
296 6.852400e-01 3.172000e-03 3.115880e-01
297 6.846960e-01 3.252000e-03 3.120520e-01
298 6.841880e-01 3.244000e-03 3.125680e-01
299 6.837400e-01 3.052000e-03 3.132080e-01
300 6.833160e-01 2.916000e-03 3.137680e-01
301 6.828960e-01 2.784000e-03 3.143200e-01
302 6.825000e-01 2.680000e-03 3.148200e-01
303 6.819640e-01 2.800000e-03 3.152360e-01
304 6.814080e-01 2.824000e-03 3.157680e-01
305 6.808760e-01 2.876000e-03 3.162480e-01
306 6.804320e-01 2.900000e-03 3.166680e-01
307 6.799440e-01 2.928000e-03 3.171280e-01
308 6.794760e-01 2.940000e-03 3.175840e-01
309 6.789680e-01 2.892000e-03 3.181400e-01
310 6.784360e-01 2.912000e-03 3.186520e-01
311 6.779400e-01 2.872000e-03 3.191880e-01
312 6.774520e-01 2.784000e-03 3.197640e-01
313 6.769240e-01 2.860000e-03 3.202160e-01
314 6.763640e-01 2.904000e-03 3.207320e-01
315 6.757880e-01 2.956000e-03 3.212560e-01
316 6.752160e-01 2.968000e-03 3.218160e-01
317 6.746800e-01 2.960000e-03 3.223600e-01
318 6.741200e-01 3.008000e-03 3.228720e-01
319 6.735200e-01 3.008000e-03 3.234720e-01
320 6.729880e-01 2.908000e-03 3.241040e-01
321 6.724800e-01 2.868000e-03 3.246520e-01
322 6.718520e-01 2.964000e-03 3.251840e-01
323 6.713200e-01 2.964000e-03 3.257160e-01
324 6.708680e-01 2.924000e-03 3.262080e-01
325 6.703120e-01 2.988000e-03 3.267000e-01
326 6.698120e-01 2.908000e-03 3.272800e-01
327 6.692920e-01 2.936000e-03 3.277720e-01
328 6.687080e-01 2.984000e-03 3.283080e-01
329 6.682200e-01 3.008000e-03 3.287720e-01
330 6.677320e-01 2.988000e-03 3.292800e-01
331 6.673080e-01 2.904000e-03 3.297880e-01
332 6.669080e-01 2.788000e-03 3.303040e-01
333 6.664400e-01 2.676000e-03 3.308840e-01
334 6.659960e-01 2.764000e-03 3.312400e-01
335 6.656120e-01 2.668000e-03 3.317200e-01
336 6.651520e-01 2.660000e-03 3.321880e-01
337 6.647760e-01 2.540000e-03 3.326840e-01
338 6.643560e-01 2.512000e-03 3.331320e-01
339 6.640680e-01 2.348000e-03 3.335840e-01
340 6.637600e-01 2.252000e-03 3.339880e-01
341 6.633800e-01 2.248000e-03 3.343720e-01
342 6.629640e-01 2.288000e-03 3.347480e-01
343 6.625960e-01 2.260000e-03 3.351440e-01
344 6.622040e-01 2.204000e-03 3.355920e-01
345 6.619080e-01 2.168000e-03 3.359240e-01
346 6.616360e-01 2.108000e-03 3.362560e-01
347 6.613240e-01 2.080000e-03 3.365960e-01
348 6.610200e-01 2.068000e-03 3.369120e-01
349 6.607360e-01 2.012000e-03 3.372520e-01
350 6.604280e-01 1.988000e-03 3.375840e-01
351 6.600320e-01 2.020000e-03 3.379480e-01
352 6.596200e-01 2.112000e-03 3.382680e-01
353 6.592120e-01 2.164000e-03 3.386240e-01
354 6.588240e-01 2.128000e-03 3.390480e-01
355 6.584920e-01 2.136000e-03 3.393720e-01
356 6.581280e-01 2.136000e-03 3.397360e-01
357 6.577560e-01 2.144000e-03 3.401000e-01
358 6.573880e-01 2.136000e-03 3.404760e-01
359 6.570240e-01 2.124000e-03 3.408520e-01
360 6.565560e-01 2.236000e-03 3.412080e-01
361 6.562320e-01 2.116000e-03 3.416520e-01
362 6.557840e-01 2.168000e-03 3.420480e-01
363 6.553920e-01 2.112000e-03 3.424960e-01
364 6.550800e-01 2.088000e-03 3.428320e-01
365 6.547200e-01 2.116000e-03 3.431640e-01
366 6.543040e-01 2.116000e-03 3.435800e-01
367 6.539040e-01 2.148000e-03 3.439480e-01
368 6.535120e-01 2.092000e-03 3.443960e-01
369 6.531920e-01 2.028000e-03 3.447800e-01
370 6.529200e-01 1.956000e-03 3.451240e-01
371 6.526000e-01 1.948000e-03 3.454520e-01
372 6.523200e-01 1.912000e-03 3.457680e-01
373 6.519760e-01 1.896000e-03 3.461280e-01
374 6.517480e-01 1.796000e-03 3.464560e-01
375 6.515200e-01 1.784000e-03 3.466960e-01
376 6.513400e-01 1.676000e-03 3.469840e-01
377 6.511120e-01 1.636000e-03 3.472520e-01
378 6.508600e-01 1.624000e-03 3.475160e-01
379 6.505720e-01 1.640000e-03 3.477880e-01
380 6.503720e-01 1.552000e-03 3.480760e-01
381 6.500920e-01 1.532000e-03 3.483760e-01
382 6.499200e-01 1.452000e-03 3.486280e-01
383 6.497360e-01 1.396000e-03 3.488680e-01
384 6.495920e-01 1.272000e-03 3.491360e-01
385 6.493920e-01 1.248000e-03 3.493600e-01
386 6.492040e-01 1.240000e-03 3.495560e-01
387 6.490200e-01 1.232000e-03 3.497480e-01
388 6.488200e-01 1.216000e-03 3.499640e-01
389 6.486520e-01 1.160000e-03 3.501880e-01
390 6.484880e-01 1.136000e-03 3.503760e-01
391 6.483000e-01 1.132000e-03 3.505680e-01
392 6.481200e-01 1.152000e-03 3.507280e-01
393 6.479400e-01 1.104000e-03 3.509560e-01
394 6.477560e-01 1.108000e-03 3.511360e-01
395 6.476120e-01 1.040000e-03 3.513480e-01
396 6.474080e-01 1.036000e-03 3.515560e-01
397 6.472400e-01 9.840000e-04 3.517760e-01
398 6.470400e-01 9.920000e-04 3.519680e-01
399 6.468560e-01 1.032000e-03 3.521120e-01
400 6.467440e-01 9.840000e-04 3.522720e-01
401 6.465760e-01 9.520000e-04 3.524720e-01
402 6.464640e-01 8.840000e-04 3.526520e-01
403 6.463360e-01 8.320000e-04 3.528320e-01
404 6.462120e-01 7.880000e-04 3.530000e-01
405 6.460920e-01 8.000000e-04 3.531080e-01
406 6.459400e-01 7.600000e-04 3.533000e-01
407 6.458440e-01 7.440000e-04 3.534120e-01
408 6.457320e-01 7.160000e-04 3.535520e-01
409 6.455960e-01 7.400000e-04 3.536640e-01
410 6.454960e-01 6.920000e-04 3.538120e-01
411 6.454000e-01 6.440000e-04 3.539560e-01
412 6.451960e-01 7.600000e-04 3.540440e-01
413 6.451000e-01 7.000000e-04 3.542000e-01
414 6.449680e-01 7.320000e-04 3.543000e-01
415 6.448680e-01 6.960000e-04 3.544360e-01
416 6.447200e-01 7.440000e-04 3.545360e-01
417 6.445680e-01 7.280000e-04 3.547040e-01
418 6.444760e-01 7.400000e-04 3.547840e-01
419 6.443600e-01 7.320000e-04 3.549080e-01
420 6.442400e-01 7.560000e-04 3.550040e-01
421 6.440760e-01 7.960000e-04 3.551280e-01
422 6.439360e-01 8.040000e-04 3.552600e-01
423 6.437640e-01 8.160000e-04 3.554200e-01
424 6.436040e-01 8.160000e-04 3.555800e-01
425 6.434640e-01 8.320000e-04 3.557040e-01
426 6.433280e-01 8.360000e-04 3.558360e-01
427 6.431960e-01 8.200000e-04 3.559840e-01
428 6.430400e-01 8.240000e-04 3.561360e-01
429 6.429040e-01 8.160000e-04 3.562800e-01
430 6.427280e-01 8.320000e-04 3.564400e-01
431 6.425440e-01 8.640000e-04 3.565920e-01
432 6.423880e-01 8.680000e-04 3.567440e-01
433 6.422120e-01 9.160000e-04 3.568720e-01
434 6.420560e-01 8.960000e-04 3.570480e-01
435 6.418520e-01 9.200000e-04 3.572280e-01
436 6.416840e-01 9.400000e-04 3.573760e-01
437 6.415120e-01 9.280000e-04 3.575600e-01
438 6.413880e-01 9.040000e-04 3.577080e-01
439 6.412600e-01 8.680000e-04 3.578720e-01
440 6.411360e-01 8.880000e-04 3.579760e-01
441 6.410240e-01 8.560000e-04 3.581200e-01
442 6.409040e-01 7.800000e-04 3.583160e-01
443 6.408000e-01 7.320000e-04 3.584680e-01
444 6.406360e-01 7.480000e-04 3.586160e-01
445 6.405000e-01 7.600000e-04 3.587400e-01
446 6.403680e-01 7.560000e-04 3.588760e-01
447 6.402120e-01 7.560000e-04 3.590320e-01
448 6.400920e-01 7.160000e-04 3.591920e-01
449 6.399720e-01 7.080000e-04 3.593200e-01
450 6.398280e-01 7.600000e-04 3.594120e-01
451 6.396720e-01 7.360000e-04 3.595920e-01
452 6.395240e-01 7.320000e-04 3.597440e-01
453 6.393840e-01 7.400000e-04 3.598760e-01
454 6.391880e-01 8.120000e-04 3.600000e-01
455 6.390160e-01 8.480000e-04 3.601360e-01
456 6.388840e-01 8.520000e-04 3.602640e-01
457 6.387520e-01 7.800000e-04 3.604680e-01
458 6.386600e-01 7.120000e-04 3.606280e-01
459 6.385320e-01 7.040000e-04 3.607640e-01
460 6.384240e-01 6.960000e-04 3.608800e-01
461 6.383440e-01 6.200000e-04 3.610360e-01
462 6.382440e-01 6.160000e-04 3.611400e-01
463 6.381120e-01 6.480000e-04 3.612400e-01
464 6.379520e-01 6.960000e-04 3.613520e-01
465 6.377520e-01 7.800000e-04 3.614680e-01
466 6.375720e-01 8.160000e-04 3.616120e-01
467 6.374480e-01 8.200000e-04 3.617320e-01
468 6.373480e-01 7.920000e-04 3.618600e-01
469 6.372400e-01 7.800000e-04 3.619800e-01
470 6.371400e-01 7.440000e-04 3.621160e-01
471 6.370360e-01 7.360000e-04 3.622280e-01
472 6.369800e-01 6.720000e-04 3.623480e-01
473 6.368720e-01 6.840000e-04 3.624440e-01
474 6.367680e-01 6.800000e-04 3.625520e-01
475 6.366680e-01 6.720000e-04 3.626600e-01
476 6.365280e-01 6.800000e-04 3.627920e-01
477 6.363960e-01 6.960000e-04 3.629080e-01
478 6.362920e-01 6.880000e-04 3.630200e-01
479 6.361800e-01 7.040000e-04 3.631160e-01
480 6.360200e-01 7.440000e-04 3.632360e-01
481 6.358320e-01 8.400000e-04 3.633280e-01
482 6.356920e-01 7.880000e-04 3.635200e-01
483 6.355520e-01 7.720000e-04 3.636760e-01
484 6.353840e-01 7.640000e-04 3.638520e-01
485 6.352960e-01 7.200000e-04 3.639840e-01
486 6.350880e-01 8.000000e-04 3.641120e-01
487 6.349880e-01 7.560000e-04 3.642560e-01
488 6.348480e-01 8.040000e-04 3.643480e-01
489 6.347320e-01 8.040000e-04 3.644640e-01
490 6.345840e-01 8.120000e-04 3.646040e-01
491 6.344240e-01 8.040000e-04 3.647720e-01
492 6.343080e-01 8.000000e-04 3.648920e-01
493 6.341880e-01 8.200000e-04 3.649920e-01
494 6.340360e-01 8.120000e-04 3.651520e-01
495 6.338800e-01 7.680000e-04 3.653520e-01
496 6.337160e-01 8.120000e-04 3.654720e-01
497 6.335480e-01 8.560000e-04 3.655960e-01
498 6.333840e-01 8.400000e-04 3.657760e-01
499 6.332280e-01 8.080000e-04 3.659640e-01
500 6.330720e-01 8.440000e-04 3.660840e-01
