1 9.992400e-01 6.840000e-04 7.600000e-05
2 9.987880e-01 9.840000e-04 2.280000e-04
3 9.981840e-01 1.344000e-03 4.720000e-04
4 9.974680e-01 1.836000e-03 6.960000e-04
5 9.966640e-01 2.248000e-03 1.088000e-03
6 9.959360e-01 2.576000e-03 1.488000e-03
7 9.951680e-01 2.912000e-03 1.920000e-03
8 9.942480e-01 3.288000e-03 2.464000e-03
9 9.931840e-01 3.752000e-03 3.064000e-03
10 9.920440e-01 4.164000e-03 3.792000e-03
11 9.910120e-01 4.480000e-03 4.508000e-03
12 9.898960e-01 4.764000e-03 5.340000e-03
13 9.887600e-01 5.068000e-03 6.172000e-03
14 9.875560e-01 5.360000e-03 7.084000e-03
15 9.863360e-01 5.608000e-03 8.056000e-03
16 9.851480e-01 5.792000e-03 9.060000e-03
17 9.838000e-01 6.072000e-03 1.012800e-02
18 9.825360e-01 6.200000e-03 1.126400e-02
19 9.811600e-01 6.528000e-03 1.231200e-02
20 9.798480e-01 6.628000e-03 1.352400e-02
21 9.785200e-01 6.728000e-03 1.475200e-02
22 9.771280e-01 7.064000e-03 1.580800e-02
23 9.757480e-01 7.136000e-03 1.711600e-02
24 9.744680e-01 7.168000e-03 1.836400e-02
25 9.730160e-01 7.276000e-03 1.970800e-02
26 9.716840e-01 7.208000e-03 2.110800e-02
27 9.704040e-01 7.376000e-03 2.222000e-02
28 9.691120e-01 7.436000e-03 2.345200e-02
29 9.676960e-01 7.608000e-03 2.469600e-02
30 9.662920e-01 7.676000e-03 2.603200e-02
31 9.647080e-01 7.796000e-03 2.749600e-02
32 9.631840e-01 7.916000e-03 2.890000e-02
33 9.617080e-01 7.984000e-03 3.030800e-02
34 9.603720e-01 7.964000e-03 3.166400e-02
35 9.589200e-01 8.004000e-03 3.307600e-02
36 9.574920e-01 8.020000e-03 3.448800e-02
37 9.559280e-01 8.248000e-03 3.582400e-02
38 9.543000e-01 8.496000e-03 3.720400e-02
39 9.525600e-01 8.720000e-03 3.872000e-02
40 9.508640e-01 8.988000e-03 4.014800e-02
41 9.492960e-01 9.012000e-03 4.169200e-02
42 9.475240e-01 9.212000e-03 4.326400e-02
43 9.458400e-01 9.172000e-03 4.498800e-02
44 9.441360e-01 9.268000e-03 4.659600e-02
45 9.423000e-01 9.476000e-03 4.822400e-02
46 9.405880e-01 9.464000e-03 4.994800e-02
47 9.388360e-01 9.556000e-03 5.160800e-02
48 9.371480e-01 9.704000e-03 5.314800e-02
49 9.352960e-01 9.924000e-03 5.478000e-02
50 9.334920e-01 9.992000e-03 5.651600e-02
51 9.318080e-01 9.844000e-03 5.834800e-02
52 9.301720e-01 9.836000e-03 5.999200e-02
53 9.285280e-01 9.700000e-03 6.177200e-02
54 9.268840e-01 9.508000e-03 6.360800e-02
55 9.252440e-01 9.496000e-03 6.526000e-02
56 9.235560e-01 9.500000e-03 6.694400e-02
57 9.219280e-01 9.440000e-03 6.863200e-02
58 9.201320e-01 9.620000e-03 7.024800e-02
59 9.183680e-01 9.636000e-03 7.199600e-02
60 9.167160e-01 9.588000e-03 7.369600e-02
61 9.148360e-01 9.844000e-03 7.532000e-02
62 9.131440e-01 9.928000e-03 7.692800e-02
63 9.113480e-01 1.000400e-02 7.864800e-02
64 9.095880e-01 1.000400e-02 8.040800e-02
65 9.078360e-01 1.000800e-02 8.215600e-02
66 9.060160e-01 1.020400e-02 8.378000e-02
67 9.040320e-01 1.040000e-02 8.556800e-02
68 9.019320e-01 1.052400e-02 8.754400e-02
69 9.002800e-01 1.023200e-02 8.948800e-02
70 8.985400e-01 1.005200e-02 9.140800e-02
71 8.968080e-01 1.001200e-02 9.318000e-02
72 8.949760e-01 1.010000e-02 9.492400e-02
73 8.932160e-01 1.025200e-02 9.653200e-02
74 8.915400e-01 1.020000e-02 9.826000e-02
75 8.899480e-01 1.004000e-02 1.000120e-01
76 8.882200e-01 9.968000e-03 1.018120e-01
77 8.865560e-01 9.992000e-03 1.034520e-01
78 8.847560e-01 1.004800e-02 1.051960e-01
79 8.830800e-01 9.952000e-03 1.069680e-01
80 8.814440e-01 9.852000e-03 1.087040e-01
81 8.796080e-01 9.952000e-03 1.104400e-01
82 8.778240e-01 9.972000e-03 1.122040e-01
83 8.761280e-01 9.932000e-03 1.139400e-01
84 8.744720e-01 9.784000e-03 1.157440e-01
85 8.726720e-01 9.916000e-03 1.174120e-01
86 8.708320e-01 1.006800e-02 1.191000e-01
87 8.691640e-01 9.864000e-03 1.209720e-01
88 8.674920e-01 9.984000e-03 1.225240e-01
89 8.657720e-01 9.840000e-03 1.243880e-01
90 8.639560e-01 9.944000e-03 1.261000e-01
91 8.620600e-01 1.006800e-02 1.278720e-01
92 8.603680e-01 1.003600e-02 1.295960e-01
93 8.586920e-01 1.002400e-02 1.312840e-01
94 8.570160e-01 9.944000e-03 1.330400e-01
95 8.553760e-01 9.908000e-03 1.347160e-01
96 8.537680e-01 9.772000e-03 1.364600e-01
97 8.521880e-01 9.768000e-03 1.380440e-01
98 8.506040e-01 9.548000e-03 1.398480e-01
99 8.490280e-01 9.244000e-03 1.417280e-01
100 8.472800e-01 9.324000e-03 1.433960e-01
101 8.458160e-01 9.128000e-03 1.450560e-01
102 8.442240e-01 9.064000e-03 1.467120e-01
103 8.427240e-01 8.856000e-03 1.484200e-01
104 8.411200e-01 8.960000e-03 1.499200e-01
105 8.394720e-01 8.952000e-03 1.515760e-01
106 8.380240e-01 8.804000e-03 1.531720e-01
107 8.364760e-01 8.792000e-03 1.547320e-01
108 8.350800e-01 8.632000e-03 1.562880e-01
109 8.335720e-01 8.624000e-03 1.578040e-01
110 8.320800e-01 8.660000e-03 1.592600e-01
111 8.306760e-01 8.560000e-03 1.607640e-01
112 8.292200e-01 8.560000e-03 1.622200e-01
113 8.275960e-01 8.788000e-03 1.636160e-01
114 8.259840e-01 8.816000e-03 1.652000e-01
115 8.243440e-01 8.780000e-03 1.668760e-01
116 8.229480e-01 8.640000e-03 1.684120e-01
117 8.213200e-01 8.776000e-03 1.699040e-01
118 8.197480e-01 8.732000e-03 1.715200e-01
119 8.182680e-01 8.652000e-03 1.730800e-01
120 8.166360e-01 8.820000e-03 1.745440e-01
121 8.149320e-01 9.060000e-03 1.760080e-01
122 8.133480e-01 9.012000e-03 1.776400e-01
123 8.117280e-01 9.108000e-03 1.791640e-01
124 8.098560e-01 9.428000e-03 1.807160e-01
125 8.081640e-01 9.628000e-03 1.822080e-01
126 8.064120e-01 9.616000e-03 1.839720e-01
127 8.048560e-01 9.408000e-03 1.857360e-01
128 8.033240e-01 9.208000e-03 1.874680e-01
129 8.017640e-01 9.320000e-03 1.889160e-01
130 8.001560e-01 9.392000e-03 1.904520e-01
131 7.985880e-01 9.252000e-03 1.921600e-01
132 7.970200e-01 9.236000e-03 1.937440e-01
133 7.953960e-01 9.220000e-03 1.953840e-01
134 7.938720e-01 9.268000e-03 1.968600e-01
135 7.923520e-01 9.148000e-03 1.985000e-01
136 7.906440e-01 9.364000e-03 1.999920e-01
137 7.890280e-01 9.240000e-03 2.017320e-01
138 7.873960e-01 9.220000e-03 2.033840e-01
139 7.857160e-01 9.320000e-03 2.049640e-01
140 7.841520e-01 9.124000e-03 2.067240e-01
141 7.828400e-01 8.784000e-03 2.083760e-01
142 7.814040e-01 8.732000e-03 2.098640e-01
143 7.799280e-01 8.664000e-03 2.114080e-01
144 7.782760e-01 8.656000e-03 2.130680e-01
145 7.769280e-01 8.460000e-03 2.146120e-01
146 7.754080e-01 8.500000e-03 2.160920e-01
147 7.739960e-01 8.424000e-03 2.175800e-01
148 7.725720e-01 8.360000e-03 2.190680e-01
149 7.710800e-01 8.416000e-03 2.205040e-01
150 7.695560e-01 8.500000e-03 2.219440e-01
151 7.680760e-01 8.520000e-03 2.234040e-01
152 7.665840e-01 8.444000e-03 2.249720e-01
153 7.649920e-01 8.584000e-03 2.264240e-01
154 7.635360e-01 8.460000e-03 2.280040e-01
155 7.622640e-01 8.232000e-03 2.295040e-01
156 7.608280e-01 8.224000e-03 2.309480e-01
157 7.594800e-01 8.176000e-03 2.323440e-01
158 7.581040e-01 8.012000e-03 2.338840e-01
159 7.568360e-01 7.884000e-03 2.352800e-01
160 7.554960e-01 7.852000e-03 2.366520e-01
161 7.540280e-01 7.956000e-03 2.380160e-01
162 7.526600e-01 8.028000e-03 2.393120e-01
163 7.511920e-01 8.036000e-03 2.407720e-01
164 7.499120e-01 7.944000e-03 2.421440e-01
165 7.484840e-01 8.020000e-03 2.434960e-01
166 7.470440e-01 8.048000e-03 2.449080e-01
167 7.456000e-01 8.096000e-03 2.463040e-01
168 7.441600e-01 8.196000e-03 2.476440e-01
169 7.427920e-01 8.196000e-03 2.490120e-01
170 7.413680e-01 8.080000e-03 2.505520e-01
171 7.399600e-01 8.156000e-03 2.518840e-01
172 7.384600e-01 8.092000e-03 2.534480e-01
173 7.369320e-01 8.076000e-03 2.549920e-01
174 7.353560e-01 8.372000e-03 2.562720e-01
175 7.339200e-01 8.412000e-03 2.576680e-01
176 7.325520e-01 8.320000e-03 2.591280e-01
177 7.310920e-01 8.372000e-03 2.605360e-01
178 7.296520e-01 8.424000e-03 2.619240e-01
179 7.282360e-01 8.368000e-03 2.633960e-01
180 7.267400e-01 8.316000e-03 2.649440e-01
181 7.253080e-01 8.396000e-03 2.662960e-01
182 7.237640e-01 8.372000e-03 2.678640e-01
183 7.221600e-01 8.588000e-03 2.692520e-01
184 7.206640e-01 8.568000e-03 2.707680e-01
185 7.192240e-01 8.500000e-03 2.722760e-01
186 7.176040e-01 8.684000e-03 2.737120e-01
187 7.161440e-01 8.676000e-03 2.751800e-01
188 7.147520e-01 8.624000e-03 2.766240e-01
189 7.134760e-01 8.408000e-03 2.781160e-01
190 7.121640e-01 8.336000e-03 2.795000e-01
191 7.108680e-01 8.104000e-03 2.810280e-01
192 7.094920e-01 8.096000e-03 2.824120e-01
193 7.082440e-01 8.004000e-03 2.837520e-01
194 7.069360e-01 7.884000e-03 2.851800e-01
195 7.057000e-01 7.752000e-03 2.865480e-01
196 7.044800e-01 7.632000e-03 2.878880e-01
197 7.033920e-01 7.476000e-03 2.891320e-01
198 7.020200e-01 7.548000e-03 2.904320e-01
199 7.007280e-01 7.440000e-03 2.918320e-01
200 6.994400e-01 7.512000e-03 2.930480e-01
201 6.980720e-01 7.528000e-03 2.944000e-01
202 6.968040e-01 7.392000e-03 2.958040e-01
203 6.953840e-01 7.460000e-03 2.971560e-01
204 6.940480e-01 7.488000e-03 2.984640e-01
205 6.927600e-01 7.496000e-03 2.997440e-01
206 6.914840e-01 7.424000e-03 3.010920e-01
207 6.902080e-01 7.368000e-03 3.024240e-01
208 6.890440e-01 7.236000e-03 3.037200e-01
209 6.877280e-01 7.216000e-03 3.050560e-01
210 6.864800e-01 7.304000e-03 3.062160e-01
211 6.852520e-01 7.272000e-03 3.074760e-01
212 6.839720e-01 7.372000e-03 3.086560e-01
213 6.827640e-01 7.300000e-03 3.099360e-01
214 6.815120e-01 7.276000e-03 3.112120e-01
215 6.802040e-01 7.332000e-03 3.124640e-01
216 6.789640e-01 7.208000e-03 3.138280e-01
217 6.779280e-01 7.032000e-03 3.150400e-01
218 6.766480e-01 7.164000e-03 3.161880e-01
219 6.754960e-01 7.060000e-03 3.174440e-01
220 6.742760e-01 7.056000e-03 3.186680e-01
221 6.730560e-01 6.984000e-03 3.199600e-01
222 6.718840e-01 6.888000e-03 3.212280e-01
223 6.708720e-01 6.652000e-03 3.224760e-01
224 6.699320e-01 6.396000e-03 3.236720e-01
225 6.687920e-01 6.372000e-03 3.248360e-01
226 6.677680e-01 6.212000e-03 3.260200e-01
227 6.667280e-01 6.216000e-03 3.270560e-01
228 6.656920e-01 6.312000e-03 3.279960e-01
229 6.645840e-01 6.328000e-03 3.290880e-01
230 6.635000e-01 6.260000e-03 3.302400e-01
231 6.624120e-01 6.212000e-03 3.313760e-01
232 6.613640e-01 6.196000e-03 3.324400e-01
233 6.603200e-01 6.116000e-03 3.335640e-01
234 6.592440e-01 6.168000e-03 3.345880e-01
235 6.583880e-01 5.856000e-03 3.357560e-01
236 6.574160e-01 5.800000e-03 3.367840e-01
237 6.563920e-01 5.892000e-03 3.377160e-01
238 6.553600e-01 5.956000e-03 3.386840e-01
239 6.543040e-01 6.040000e-03 3.396560e-01
240 6.532680e-01 6.028000e-03 3.407040e-01
241 6.523400e-01 5.784000e-03 3.418760e-01
242 6.513440e-01 5.800000e-03 3.428560e-01
243 6.504160e-01 5.748000e-03 3.438360e-01
244 6.493960e-01 5.664000e-03 3.449400e-01
245 6.482720e-01 5.708000e-03 3.460200e-01
246 6.472680e-01 5.704000e-03 3.470280e-01
247 6.461000e-01 5.932000e-03 3.479680e-01
248 6.451560e-01 5.956000e-03 3.488880e-01
249 6.441360e-01 5.984000e-03 3.498800e-01
250 6.432560e-01 5.888000e-03 3.508560e-01
251 6.422880e-01 5.888000e-03 3.518240e-01
252 6.412720e-01 5.932000e-03 3.527960e-01
253 6.402760e-01 5.892000e-03 3.538320e-01
254 6.393000e-01 5.840000e-03 3.548600e-01
255 6.384200e-01 5.672000e-03 3.559080e-01
256 6.373400e-01 5.740000e-03 3.569200e-01
257 6.365280e-01 5.580000e-03 3.578920e-01
258 6.356920e-01 5.476000e-03 3.588320e-01
259 6.348120e-01 5.408000e-03 3.597800e-01
260 6.341080e-01 5.152000e-03 3.607400e-01
261 6.333360e-01 5.096000e-03 3.615680e-01
262 6.325480e-01 4.952000e-03 3.625000e-01
263 6.317920e-01 4.832000e-03 3.633760e-01
264 6.310480e-01 4.760000e-03 3.641920e-01
265 6.302560e-01 4.768000e-03 3.649760e-01
266 6.295720e-01 4.540000e-03 3.658880e-01
267 6.288160e-01 4.480000e-03 3.667040e-01
268 6.280560e-01 4.520000e-03 3.674240e-01
269 6.273880e-01 4.364000e-03 3.682480e-01
270 6.266440e-01 4.332000e-03 3.690240e-01
271 6.260120e-01 4.180000e-03 3.698080e-01
272 6.253240e-01 4.156000e-03 3.705200e-01
273 6.246360e-01 4.092000e-03 3.712720e-01
274 6.239800e-01 4.044000e-03 3.719760e-01
275 6.234080e-01 3.964000e-03 3.726280e-01
276 6.227400e-01 3.944000e-03 3.733160e-01
277 6.220320e-01 3.924000e-03 3.740440e-01
278 6.213640e-01 3.920000e-03 3.747160e-01
279 6.206720e-01 3.852000e-03 3.754760e-01
280 6.200320e-01 3.816000e-03 3.761520e-01
281 6.193360e-01 3.836000e-03 3.768280e-01
282 6.186560e-01 3.920000e-03 3.774240e-01
283 6.178760e-01 4.008000e-03 3.781160e-01
284 6.170560e-01 4.176000e-03 3.787680e-01
285 6.162600e-01 4.308000e-03 3.794320e-01
286 6.155080e-01 4.320000e-03 3.801720e-01
287 6.147360e-01 4.308000e-03 3.809560e-01
288 6.140080e-01 4.288000e-03 3.817040e-01
289 6.132240e-01 4.332000e-03 3.824440e-01
290 6.124720e-01 4.256000e-03 3.832720e-01
291 6.118040e-01 4.140000e-03 3.840560e-01
292 6.111760e-01 4.072000e-03 3.847520e-01
293 6.106160e-01 3.924000e-03 3.854600e-01
294 6.100040e-01 3.772000e-03 3.862240e-01
295 6.093320e-01 3.752000e-03 3.869160e-01
296 6.087360e-01 3.724000e-03 3.875400e-01
297 6.081480e-01 3.648000e-03 3.882040e-01
298 6.076600e-01 3.556000e-03 3.887840e-01
299 6.070360e-01 3.548000e-03 3.894160e-01
300 6.066040e-01 3.364000e-03 3.900320e-01
301 6.060120e-01 3.368000e-03 3.906200e-01
302 6.054440e-01 3.272000e-03 3.912840e-01
303 6.049440e-01 3.184000e-03 3.918720e-01
304 6.043560e-01 3.196000e-03 3.924480e-01
305 6.037160e-01 3.268000e-03 3.930160e-01
306 6.030400e-01 3.308000e-03 3.936520e-01
307 6.023880e-01 3.364000e-03 3.942480e-01
308 6.018480e-01 3.308000e-03 3.948440e-01
309 6.012320e-01 3.472000e-03 3.952960e-01
310 6.006280e-01 3.432000e-03 3.959400e-01
311 6.000280e-01 3.380000e-03 3.965920e-01
312 5.993920e-01 3.444000e-03 3.971640e-01
313 5.988240e-01 3.356000e-03 3.978200e-01
314 5.983320e-01 3.232000e-03 3.984360e-01
315 5.978080e-01 3.156000e-03 3.990360e-01
316 5.972560e-01 3.164000e-03 3.995800e-01
317 5.967920e-01 3.112000e-03 4.000960e-01
318 5.963520e-01 2.956000e-03 4.006920e-01
319 5.957480e-01 3.128000e-03 4.011240e-01
320 5.952240e-01 3.036000e-03 4.017400e-01
321 5.947440e-01 3.000000e-03 4.022560e-01
322 5.942720e-01 2.924000e-03 4.028040e-01
323 5.937120e-01 2.904000e-03 4.033840e-01
324 5.932360e-01 3.004000e-03 4.037600e-01
325 5.927000e-01 3.092000e-03 4.042080e-01
326 5.921880e-01 3.076000e-03 4.047360e-01
327 5.917520e-01 2.916000e-03 4.053320e-01
328 5.913280e-01 2.848000e-03 4.058240e-01
329 5.908800e-01 2.780000e-03 4.063400e-01
330 5.903160e-01 2.844000e-03 4.068400e-01
331 5.898720e-01 2.828000e-03 4.073000e-01
332 5.893920e-01 2.852000e-03 4.077560e-01
333 5.889520e-01 2.840000e-03 4.082080e-01
334 5.884440e-01 2.824000e-03 4.087320e-01
335 5.879920e-01 2.812000e-03 4.091960e-01
336 5.874920e-01 2.812000e-03 4.096960e-01
337 5.869920e-01 2.928000e-03 4.100800e-01
338 5.864560e-01 3.000000e-03 4.105440e-01
339 5.860080e-01 2.916000e-03 4.110760e-01
340 5.855160e-01 2.884000e-03 4.116000e-01
341 5.850280e-01 2.916000e-03 4.120560e-01
342 5.846200e-01 2.884000e-03 4.124960e-01
343 5.841520e-01 2.804000e-03 4.130440e-01
344 5.836920e-01 2.760000e-03 4.135480e-01
345 5.831680e-01 2.784000e-03 4.140480e-01
346 5.826440e-01 2.824000e-03 4.145320e-01
347 5.821840e-01 2.772000e-03 4.150440e-01
348 5.817440e-01 2.768000e-03 4.154880e-01
349 5.812320e-01 2.860000e-03 4.159080e-01
350 5.806840e-01 2.980000e-03 4.163360e-01
351 5.801680e-01 3.016000e-03 4.168160e-01
352 5.796000e-01 3.052000e-03 4.173480e-01
353 5.790800e-01 3.028000e-03 4.178920e-01
354 5.785240e-01 3.084000e-03 4.183920e-01
355 5.780760e-01 3.040000e-03 4.188840e-01
356 5.775800e-01 2.992000e-03 4.194280e-01
357 5.770440e-01 3.012000e-03 4.199440e-01
358 5.766320e-01 2.952000e-03 4.204160e-01
359 5.761400e-01 2.892000e-03 4.209680e-01
360 5.756200e-01 2.940000e-03 4.214400e-01
361 5.750800e-01 3.012000e-03 4.219080e-01
362 5.744960e-01 3.112000e-03 4.223920e-01
363 5.739680e-01 3.060000e-03 4.229720e-01
364 5.733600e-01 3.152000e-03 4.234880e-01
365 5.727800e-01 3.128000e-03 4.240920e-01
366 5.722200e-01 3.144000e-03 4.246360e-01
367 5.717120e-01 3.100000e-03 4.251880e-01
368 5.711960e-01 3.024000e-03 4.257800e-01
369 5.707800e-01 2.932000e-03 4.262880e-01
370 5.703360e-01 2.836000e-03 4.268280e-01
371 5.698720e-01 2.780000e-03 4.273480e-01
372 5.693600e-01 2.820000e-03 4.278200e-01
373 5.688760e-01 2.792000e-03 4.283320e-01
374 5.684000e-01 2.784000e-03 4.288160e-01
375 5.679520e-01 2.700000e-03 4.293480e-01
376 5.675040e-01 2.696000e-03 4.298000e-01
377 5.670360e-01 2.712000e-03 4.302520e-01
378 5.666600e-01 2.604000e-03 4.307360e-01
379 5.662880e-01 2.428000e-03 4.312840e-01
380 5.659480e-01 2.284000e-03 4.317680e-01
381 5.656080e-01 2.196000e-03 4.321960e-01
382 5.652360e-01 2.224000e-03 4.325400e-01
383 5.648160e-01 2.272000e-03 4.329120e-01
384 5.644160e-01 2.256000e-03 4.333280e-01
385 5.640760e-01 2.232000e-03 4.336920e-01
386 5.636640e-01 2.300000e-03 4.340360e-01
387 5.633280e-01 2.224000e-03 4.344480e-01
388 5.629560e-01 2.212000e-03 4.348320e-01
389 5.625640e-01 2.196000e-03 4.352400e-01
390 5.622400e-01 2.152000e-03 4.356080e-01
391 5.618840e-01 2.088000e-03 4.360280e-01
392 5.615080e-01 2.068000e-03 4.364240e-01
393 5.611400e-01 2.088000e-03 4.367720e-01
394 5.608760e-01 1.960000e-03 4.371640e-01
395 5.605880e-01 1.916000e-03 4.374960e-01
396 5.602560e-01 1.932000e-03 4.378120e-01
397 5.599800e-01 1.912000e-03 4.381080e-01
398 5.596800e-01 1.908000e-03 4.384120e-01
399 5.593520e-01 1.916000e-03 4.387320e-01
400 5.591040e-01 1.880000e-03 4.390160e-01
401 5.588240e-01 1.900000e-03 4.392760e-01
402 5.585200e-01 1.840000e-03 4.396400e-01
403 5.582440e-01 1.772000e-03 4.399840e-01
404 5.579200e-01 1.768000e-03 4.403120e-01
405 5.576520e-01 1.732000e-03 4.406160e-01
406 5.573640e-01 1.688000e-03 4.409480e-01
407 5.571520e-01 1.572000e-03 4.412760e-01
408 5.568920e-01 1.604000e-03 4.415040e-01
409 5.565840e-01 1.612000e-03 4.418040e-01
410 5.563960e-01 1.500000e-03 4.421040e-01
411 5.561200e-01 1.576000e-03 4.423040e-01
412 5.558240e-01 1.600000e-03 4.425760e-01
413 5.555160e-01 1.612000e-03 4.428720e-01
414 5.552600e-01 1.628000e-03 4.431120e-01
415 5.550080e-01 1.584000e-03 4.434080e-01
416 5.546880e-01 1.632000e-03 4.436800e-01
417 5.544760e-01 1.528000e-03 4.439960e-01
418 5.542200e-01 1.556000e-03 4.442240e-01
419 5.539440e-01 1.552000e-03 4.445040e-01
420 5.536000e-01 1.608000e-03 4.447920e-01
421 5.533160e-01 1.648000e-03 4.450360e-01
422 5.530520e-01 1.616000e-03 4.453320e-01
423 5.528240e-01 1.544000e-03 4.456320e-01
424 5.525800e-01 1.488000e-03 4.459320e-01
425 5.523120e-01 1.512000e-03 4.461760e-01
426 5.519720e-01 1.584000e-03 4.464440e-01
427 5.516840e-01 1.608000e-03 4.467080e-01
428 5.514120e-01 1.616000e-03 4.469720e-01
429 5.511560e-01 1.536000e-03 4.473080e-01
430 5.508680e-01 1.568000e-03 4.475640e-01
431 5.505720e-01 1.568000e-03 4.478600e-01
432 5.503240e-01 1.544000e-03 4.481320e-01
433 5.500360e-01 1.564000e-03 4.484000e-01
434 5.497600e-01 1.620000e-03 4.486200e-01
435 5.494480e-01 1.592000e-03 4.489600e-01
436 5.491760e-01 1.608000e-03 4.492160e-01
437 5.489520e-01 1.532000e-03 4.495160e-01
438 5.486280e-01 1.596000e-03 4.497760e-01
439 5.483400e-01 1.564000e-03 4.500960e-01
440 5.480120e-01 1.624000e-03 4.503640e-01
441 5.477200e-01 1.604000e-03 4.506760e-01
442 5.474000e-01 1.656000e-03 4.509440e-01
443 5.471160e-01 1.648000e-03 4.512360e-01
444 5.468240e-01 1.696000e-03 4.514800e-01
445 5.465280e-01 1.668000e-03 4.518040e-01
446 5.462280e-01 1.632000e-03 4.521400e-01
447 5.459560e-01 1.628000e-03 4.524160e-01
448 5.457440e-01 1.560000e-03 4.526960e-01
449 5.455280e-01 1.432000e-03 4.530400e-01
450 5.452640e-01 1.464000e-03 4.532720e-01
451 5.449840e-01 1.516000e-03 4.535000e-01
452 5.447360e-01 1.524000e-03 4.537400e-01
453 5.445080e-01 1.508000e-03 4.539840e-01
454 5.443200e-01 1.448000e-03 4.542320e-01
455 5.440280e-01 1.512000e-03 4.544600e-01
456 5.437440e-01 1.548000e-03 4.547080e-01
457 5.435000e-01 1.504000e-03 4.549960e-01
458 5.431720e-01 1.612000e-03 4.552160e-01
459 5.429200e-01 1.588000e-03 4.554920e-01
460 5.426880e-01 1.580000e-03 4.557320e-01
461 5.424560e-01 1.536000e-03 4.560080e-01
462 5.421920e-01 1.520000e-03 4.562880e-01
463 5.419520e-01 1.488000e-03 4.565600e-01
464 5.416800e-01 1.488000e-03 4.568320e-01
465 5.413840e-01 1.520000e-03 4.570960e-01
466 5.411240e-01 1.488000e-03 4.573880e-01
467 5.408680e-01 1.492000e-03 4.576400e-01
468 5.406400e-01 1.396000e-03 4.579640e-01
469 5.404480e-01 1.400000e-03 4.581520e-01
470 5.402240e-01 1.376000e-03 4.584000e-01
471 5.399840e-01 1.400000e-03 4.586160e-01
472 5.397280e-01 1.384000e-03 4.588880e-01
473 5.394760e-01 1.368000e-03 4.591560e-01
474 5.392120e-01 1.396000e-03 4.593920e-01
475 5.388720e-01 1.512000e-03 4.596160e-01
476 5.385920e-01 1.532000e-03 4.598760e-01
477 5.383520e-01 1.492000e-03 4.601560e-01
478 5.381200e-01 1.440000e-03 4.604400e-01
479 5.378280e-01 1.428000e-03 4.607440e-01
480 5.375480e-01 1.444000e-03 4.610080e-01
481 5.372160e-01 1.460000e-03 4.613240e-01
482 5.370200e-01 1.384000e-03 4.615960e-01
483 5.367840e-01 1.376000e-03 4.618400e-01
484 5.365800e-01 1.308000e-03 4.621120e-01
485 5.363200e-01 1.368000e-03 4.623120e-01
486 5.360840e-01 1.368000e-03 4.625480e-01
487 5.358400e-01 1.380000e-03 4.627800e-01
488 5.355720e-01 1.428000e-03 4.630000e-01
489 5.352960e-01 1.456000e-03 4.632480e-01
490 5.350880e-01 1.440000e-03 4.634720e-01
491 5.348720e-01 1.396000e-03 4.637320e-01
492 5.346840e-01 1.384000e-03 4.639320e-01
493 5.345000e-01 1.384000e-03 4.641160e-01
494 5.342920e-01 1.316000e-03 4.643920e-01
495 5.340800e-01 1.308000e-03 4.646120e-01
496 5.339080e-01 1.224000e-03 4.648680e-01
497 5.337000e-01 1.220000e-03 4.650800e-01
498 5.334520e-01 1.268000e-03 4.652800e-01
499 5.332520e-01 1.256000e-03 4.654920e-01
500 5.330160e-01 1.312000e-03 4.656720e-01
