1 9.991720e-01 7.160000e-04 1.120000e-04
2 9.987320e-01 1.004000e-03 2.640000e-04
3 9.981280e-01 1.396000e-03 4.760000e-04
4 9.973920e-01 1.860000e-03 7.480000e-04
5 9.965160e-01 2.408000e-03 1.076000e-03
6 9.956960e-01 2.768000e-03 1.536000e-03
7 9.949080e-01 3.152000e-03 1.940000e-03
8 9.939360e-01 3.556000e-03 2.508000e-03
9 9.929760e-01 3.884000e-03 3.140000e-03
10 9.919960e-01 4.144000e-03 3.860000e-03
11 9.910120e-01 4.308000e-03 4.680000e-03
12 9.899240e-01 4.688000e-03 5.388000e-03
13 9.887160e-01 5.112000e-03 6.172000e-03
14 9.873880e-01 5.528000e-03 7.084000e-03
15 9.860120e-01 5.876000e-03 8.112000e-03
16 9.847480e-01 6.072000e-03 9.180000e-03
17 9.833200e-01 6.448000e-03 1.023200e-02
18 9.820840e-01 6.432000e-03 1.148400e-02
19 9.807240e-01 6.680000e-03 1.259600e-02
20 9.793440e-01 6.916000e-03 1.374000e-02
21 9.779840e-01 7.064000e-03 1.495200e-02
22 9.765600e-01 7.228000e-03 1.621200e-02
23 9.752040e-01 7.252000e-03 1.754400e-02
24 9.736600e-01 7.516000e-03 1.882400e-02
25 9.722680e-01 7.600000e-03 2.013200e-02
26 9.708680e-01 7.576000e-03 2.155600e-02
27 9.694720e-01 7.696000e-03 2.283200e-02
28 9.680360e-01 7.768000e-03 2.419600e-02
29 9.667320e-01 7.732000e-03 2.553600e-02
30 9.653200e-01 7.888000e-03 2.679200e-02
31 9.638280e-01 8.024000e-03 2.814800e-02
32 9.622640e-01 8.204000e-03 2.953200e-02
33 9.608720e-01 8.192000e-03 3.093600e-02
34 9.594440e-01 8.260000e-03 3.229600e-02
35 9.580880e-01 8.064000e-03 3.384800e-02
36 9.566720e-01 8.088000e-03 3.524000e-02
37 9.552400e-01 8.176000e-03 3.658400e-02
38 9.539400e-01 8.104000e-03 3.795600e-02
39 9.526480e-01 8.068000e-03 3.928400e-02
40 9.514080e-01 7.932000e-03 4.066000e-02
41 9.501680e-01 7.648000e-03 4.218400e-02
42 9.488880e-01 7.640000e-03 4.347200e-02
43 9.475360e-01 7.496000e-03 4.496800e-02
44 9.461680e-01 7.568000e-03 4.626400e-02
45 9.447560e-01 7.720000e-03 4.752400e-02
46 9.433840e-01 7.756000e-03 4.886000e-02
47 9.419040e-01 7.880000e-03 5.021600e-02
48 9.404640e-01 7.936000e-03 5.160000e-02
49 9.391560e-01 7.848000e-03 5.299600e-02
50 9.379080e-01 7.692000e-03 5.440000e-02
51 9.366080e-01 7.612000e-03 5.578000e-02
52 9.352920e-01 7.548000e-03 5.716000e-02
53 9.340080e-01 7.552000e-03 5.844000e-02
54 9.327200e-01 7.500000e-03 5.978000e-02
55 9.313560e-01 7.448000e-03 6.119600e-02
56 9.300840e-01 7.464000e-03 6.245200e-02
57 9.288440e-01 7.472000e-03 6.368400e-02
58 9.274720e-01 7.444000e-03 6.508400e-02
59 9.258680e-01 7.680000e-03 6.645200e-02
60 9.243560e-01 7.920000e-03 6.772400e-02
61 9.227520e-01 8.076000e-03 6.917200e-02
62 9.211480e-01 8.220000e-03 7.063200e-02
63 9.195360e-01 8.408000e-03 7.205600e-02
64 9.180400e-01 8.376000e-03 7.358400e-02
65 9.165480e-01 8.496000e-03 7.495600e-02
66 9.150160e-01 8.456000e-03 7.652800e-02
67 9.134040e-01 8.632000e-03 7.796400e-02
68 9.119520e-01 8.628000e-03 7.942000e-02
69 9.104840e-01 8.632000e-03 8.088400e-02
70 9.090960e-01 8.572000e-03 8.233200e-02
71 9.075440e-01 8.624000e-03 8.383200e-02
72 9.060640e-01 8.428000e-03 8.550800e-02
73 9.046480e-01 8.432000e-03 8.692000e-02
74 9.032400e-01 8.364000e-03 8.839600e-02
75 9.018800e-01 8.216000e-03 8.990400e-02
76 9.003720e-01 8.156000e-03 9.147200e-02
77 8.989360e-01 8.124000e-03 9.294000e-02
78 8.975280e-01 8.164000e-03 9.430800e-02
79 8.960520e-01 8.328000e-03 9.562000e-02
80 8.946800e-01 8.264000e-03 9.705600e-02
81 8.931720e-01 8.316000e-03 9.851200e-02
82 8.918280e-01 8.216000e-03 9.995600e-02
83 8.902120e-01 8.356000e-03 1.014320e-01
84 8.888040e-01 8.356000e-03 1.028400e-01
85 8.872480e-01 8.512000e-03 1.042400e-01
86 8.857840e-01 8.432000e-03 1.057840e-01
87 8.844120e-01 8.304000e-03 1.072840e-01
88 8.830080e-01 8.224000e-03 1.087680e-01
89 8.814920e-01 8.288000e-03 1.102200e-01
90 8.801280e-01 8.196000e-03 1.116760e-01
91 8.788800e-01 8.032000e-03 1.130880e-01
92 8.775600e-01 7.896000e-03 1.145440e-01
93 8.762200e-01 7.892000e-03 1.158880e-01
94 8.747840e-01 7.896000e-03 1.173200e-01
95 8.733840e-01 7.904000e-03 1.187120e-01
96 8.721120e-01 7.808000e-03 1.200800e-01
97 8.707880e-01 7.836000e-03 1.213760e-01
98 8.694520e-01 7.840000e-03 1.227080e-01
99 8.681080e-01 7.844000e-03 1.240480e-01
100 8.667680e-01 7.744000e-03 1.254880e-01
101 8.654480e-01 7.680000e-03 1.268720e-01
102 8.640320e-01 7.852000e-03 1.281160e-01
103 8.627640e-01 7.636000e-03 1.296000e-01
104 8.614120e-01 7.756000e-03 1.308320e-01
105 8.598720e-01 7.828000e-03 1.323000e-01
106 8.585080e-01 7.840000e-03 1.336520e-01
107 8.571840e-01 7.780000e-03 1.350360e-01
108 8.558480e-01 7.684000e-03 1.364680e-01
109 8.545040e-01 7.624000e-03 1.378720e-01
110 8.532000e-01 7.688000e-03 1.391120e-01
111 8.518920e-01 7.592000e-03 1.405160e-01
112 8.506240e-01 7.668000e-03 1.417080e-01
113 8.493040e-01 7.640000e-03 1.430560e-01
114 8.479160e-01 7.700000e-03 1.443840e-01
115 8.465400e-01 7.744000e-03 1.457160e-01
116 8.451000e-01 7.748000e-03 1.471520e-01
117 8.436240e-01 7.836000e-03 1.485400e-01
118 8.423320e-01 7.732000e-03 1.499360e-01
119 8.409320e-01 7.932000e-03 1.511360e-01
120 8.394480e-01 7.976000e-03 1.525760e-01
121 8.381400e-01 7.912000e-03 1.539480e-01
122 8.367680e-01 7.880000e-03 1.553520e-01
123 8.354760e-01 7.920000e-03 1.566040e-01
124 8.339680e-01 8.076000e-03 1.579560e-01
125 8.324800e-01 8.108000e-03 1.594120e-01
126 8.311720e-01 7.996000e-03 1.608320e-01
127 8.298840e-01 7.940000e-03 1.621760e-01
128 8.284440e-01 8.120000e-03 1.634360e-01
129 8.269720e-01 8.176000e-03 1.648520e-01
130 8.253920e-01 8.220000e-03 1.663880e-01
131 8.239160e-01 8.276000e-03 1.678080e-01
132 8.225840e-01 8.280000e-03 1.691360e-01
133 8.211360e-01 8.460000e-03 1.704040e-01
134 8.197040e-01 8.440000e-03 1.718560e-01
135 8.182760e-01 8.376000e-03 1.733480e-01
136 8.167520e-01 8.456000e-03 1.747920e-01
137 8.152560e-01 8.380000e-03 1.763640e-01
138 8.138880e-01 8.300000e-03 1.778120e-01
139 8.125240e-01 8.096000e-03 1.793800e-01
140 8.111920e-01 8.096000e-03 1.807120e-01
141 8.098080e-01 8.036000e-03 1.821560e-01
142 8.084520e-01 8.076000e-03 1.834720e-01
143 8.072320e-01 7.856000e-03 1.849120e-01
144 8.058400e-01 7.980000e-03 1.861800e-01
145 8.043560e-01 8.020000e-03 1.876240e-01
146 8.027920e-01 8.096000e-03 1.891120e-01
147 8.013640e-01 8.072000e-03 1.905640e-01
148 8.001000e-01 7.888000e-03 1.920120e-01
149 7.988840e-01 7.576000e-03 1.935400e-01
150 7.977800e-01 7.384000e-03 1.948360e-01
151 7.967040e-01 7.080000e-03 1.962160e-01
152 7.955600e-01 6.896000e-03 1.975440e-01
153 7.944480e-01 6.784000e-03 1.987680e-01
154 7.933760e-01 6.728000e-03 1.998960e-01
155 7.921560e-01 6.820000e-03 2.010240e-01
156 7.909640e-01 6.800000e-03 2.022360e-01
157 7.898640e-01 6.644000e-03 2.034920e-01
158 7.885640e-01 6.808000e-03 2.046280e-01
159 7.871960e-01 6.928000e-03 2.058760e-01
160 7.860280e-01 6.940000e-03 2.070320e-01
161 7.849120e-01 6.816000e-03 2.082720e-01
162 7.838240e-01 6.712000e-03 2.094640e-01
163 7.826240e-01 6.748000e-03 2.106280e-01
164 7.815760e-01 6.620000e-03 2.118040e-01
165 7.805120e-01 6.504000e-03 2.129840e-01
166 7.795480e-01 6.308000e-03 2.141440e-01
167 7.784760e-01 6.256000e-03 2.152680e-01
168 7.773960e-01 6.168000e-03 2.164360e-01
169 7.763360e-01 6.132000e-03 2.175320e-01
170 7.755400e-01 5.808000e-03 2.186520e-01
171 7.745600e-01 5.804000e-03 2.196360e-01
172 7.735040e-01 5.860000e-03 2.206360e-01
173 7.723520e-01 5.928000e-03 2.217200e-01
174 7.714000e-01 5.884000e-03 2.227160e-01
175 7.702760e-01 5.988000e-03 2.237360e-01
176 7.691160e-01 6.160000e-03 2.247240e-01
177 7.678200e-01 6.280000e-03 2.259000e-01
178 7.665400e-01 6.468000e-03 2.269920e-01
179 7.653080e-01 6.548000e-03 2.281440e-01
180 7.641120e-01 6.544000e-03 2.293440e-01
181 7.629200e-01 6.612000e-03 2.304680e-01
182 7.618480e-01 6.572000e-03 2.315800e-01
183 7.607960e-01 6.524000e-03 2.326800e-01
184 7.596640e-01 6.468000e-03 2.338680e-01
185 7.586280e-01 6.276000e-03 2.350960e-01
186 7.575480e-01 6.288000e-03 2.361640e-01
187 7.563960e-01 6.328000e-03 2.372760e-01
188 7.552880e-01 6.324000e-03 2.383880e-01
189 7.540840e-01 6.512000e-03 2.394040e-01
190 7.530440e-01 6.532000e-03 2.404240e-01
191 7.520760e-01 6.392000e-03 2.415320e-01
192 7.511320e-01 6.260000e-03 2.426080e-01
193 7.500600e-01 6.252000e-03 2.436880e-01
194 7.489800e-01 6.284000e-03 2.447360e-01
195 7.479160e-01 6.208000e-03 2.458760e-01
196 7.468160e-01 6.256000e-03 2.469280e-01
197 7.456640e-01 6.256000e-03 2.480800e-01
198 7.445960e-01 6.280000e-03 2.491240e-01
199 7.436440e-01 6.168000e-03 2.501880e-01
200 7.426240e-01 6.036000e-03 2.513400e-01
201 7.416520e-01 5.896000e-03 2.524520e-01
202 7.406960e-01 5.888000e-03 2.534160e-01
203 7.396880e-01 5.740000e-03 2.545720e-01
204 7.388080e-01 5.656000e-03 2.555360e-01
205 7.380000e-01 5.428000e-03 2.565720e-01
206 7.371760e-01 5.316000e-03 2.575080e-01
207 7.363000e-01 5.240000e-03 2.584600e-01
208 7.353640e-01 5.236000e-03 2.594000e-01
209 7.344480e-01 5.332000e-03 2.602200e-01
210 7.334920e-01 5.444000e-03 2.610640e-01
211 7.325360e-01 5.440000e-03 2.620240e-01
212 7.316560e-01 5.388000e-03 2.629560e-01
213 7.308440e-01 5.108000e-03 2.640480e-01
214 7.300240e-01 5.036000e-03 2.649400e-01
215 7.291920e-01 5.040000e-03 2.657680e-01
216 7.282800e-01 5.068000e-03 2.666520e-01
217 7.274880e-01 4.956000e-03 2.675560e-01
218 7.266480e-01 5.008000e-03 2.683440e-01
219 7.258360e-01 4.956000e-03 2.692080e-01
220 7.250040e-01 4.844000e-03 2.701520e-01
221 7.241680e-01 4.788000e-03 2.710440e-01
222 7.232480e-01 4.816000e-03 2.719360e-01
223 7.224520e-01 4.840000e-03 2.727080e-01
224 7.216360e-01 4.768000e-03 2.735960e-01
225 7.208720e-01 4.740000e-03 2.743880e-01
226 7.201240e-01 4.588000e-03 2.752880e-01
227 7.193760e-01 4.508000e-03 2.761160e-01
228 7.186280e-01 4.508000e-03 2.768640e-01
229 7.178920e-01 4.432000e-03 2.776760e-01
230 7.171160e-01 4.548000e-03 2.783360e-01
231 7.164360e-01 4.420000e-03 2.791440e-01
232 7.157160e-01 4.360000e-03 2.799240e-01
233 7.150080e-01 4.240000e-03 2.807520e-01
234 7.141880e-01 4.324000e-03 2.814880e-01
235 7.133760e-01 4.264000e-03 2.823600e-01
236 7.126440e-01 4.220000e-03 2.831360e-01
237 7.118320e-01 4.272000e-03 2.838960e-01
238 7.110800e-01 4.280000e-03 2.846400e-01
239 7.102160e-01 4.436000e-03 2.853480e-01
240 7.094640e-01 4.360000e-03 2.861760e-01
241 7.087200e-01 4.276000e-03 2.870040e-01
242 7.080280e-01 4.224000e-03 2.877480e-01
243 7.072960e-01 4.200000e-03 2.885040e-01
244 7.066000e-01 4.176000e-03 2.892240e-01
245 7.058480e-01 4.196000e-03 2.899560e-01
246 7.050840e-01 4.220000e-03 2.906960e-01
247 7.043760e-01 4.164000e-03 2.914600e-01
248 7.037040e-01 4.048000e-03 2.922480e-01
249 7.030520e-01 3.960000e-03 2.929880e-01
250 7.023120e-01 3.992000e-03 2.936960e-01
251 7.016680e-01 3.948000e-03 2.943840e-01
252 7.009760e-01 3.856000e-03 2.951680e-01
253 7.003040e-01 3.848000e-03 2.958480e-01
254 6.996800e-01 3.780000e-03 2.965400e-01
255 6.990680e-01 3.652000e-03 2.972800e-01
256 6.983880e-01 3.700000e-03 2.979120e-01
257 6.977040e-01 3.700000e-03 2.985960e-01
258 6.970440e-01 3.744000e-03 2.992120e-01
259 6.963880e-01 3.832000e-03 2.997800e-01
260 6.957560e-01 3.744000e-03 3.005000e-01
261 6.951880e-01 3.620000e-03 3.011920e-01
262 6.945760e-01 3.628000e-03 3.017960e-01
263 6.939120e-01 3.680000e-03 3.024080e-01
264 6.932560e-01 3.692000e-03 3.030520e-01
265 6.926840e-01 3.628000e-03 3.036880e-01
266 6.920040e-01 3.656000e-03 3.043400e-01
267 6.913680e-01 3.656000e-03 3.049760e-01
268 6.906600e-01 3.660000e-03 3.056800e-01
269 6.900080e-01 3.648000e-03 3.063440e-01
270 6.894440e-01 3.560000e-03 3.069960e-01
271 6.888840e-01 3.556000e-03 3.075600e-01
272 6.882880e-01 3.476000e-03 3.082360e-01
273 6.876520e-01 3.440000e-03 3.089080e-01
274 6.870560e-01 3.476000e-03 3.094680e-01
275 6.864880e-01 3.416000e-03 3.100960e-01
276 6.859400e-01 3.416000e-03 3.106440e-01
277 6.852680e-01 3.600000e-03 3.111320e-01
278 6.847640e-01 3.516000e-03 3.117200e-01
279 6.842200e-01 3.468000e-03 3.123120e-01
280 6.837120e-01 3.420000e-03 3.128680e-01
281 6.832200e-01 3.400000e-03 3.133800e-01
282 6.826280e-01 3.408000e-03 3.139640e-01
283 6.820000e-01 3.512000e-03 3.144880e-01
284 6.813840e-01 3.476000e-03 3.151400e-01
285 6.807960e-01 3.552000e-03 3.156520e-01
286 6.802720e-01 3.472000e-03 3.162560e-01
287 6.796840e-01 3.348000e-03 3.169680e-01
288 6.790960e-01 3.292000e-03 3.176120e-01
289 6.785360e-01 3.288000e-03 3.181760e-01
290 6.781640e-01 2.988000e-03 3.188480e-01
291 6.777880e-01 2.888000e-03 3.193240e-01
292 6.773560e-01 2.800000e-03 3.198440e-01
293 6.769600e-01 2.612000e-03 3.204280e-01
294 6.765720e-01 2.636000e-03 3.207920e-01
295 6.761960e-01 2.540000e-03 3.212640e-01
296 6.757160e-01 2.640000e-03 3.216440e-01
297 6.752120e-01 2.648000e-03 3.221400e-01
298 6.748200e-01 2.652000e-03 3.225280e-01
299 6.743240e-01 2.728000e-03 3.229480e-01
300 6.738560e-01 2.616000e-03 3.235280e-01
301 6.733080e-01 2.732000e-03 3.239600e-01
302 6.726760e-01 2.848000e-03 3.244760e-01
303 6.721120e-01 2.884000e-03 3.250040e-01
304 6.715680e-01 2.972000e-03 3.254600e-01
305 6.709920e-01 2.996000e-03 3.260120e-01
306 6.704920e-01 2.988000e-03 3.265200e-01
307 6.699720e-01 3.020000e-03 3.270080e-01
308 6.694000e-01 3.052000e-03 3.275480e-01
309 6.687560e-01 3.200000e-03 3.280440e-01
310 6.682880e-01 3.152000e-03 3.285600e-01
311 6.678360e-01 3.104000e-03 3.290600e-01
312 6.674200e-01 2.984000e-03 3.295960e-01
313 6.669440e-01 2.900000e-03 3.301560e-01
314 6.665360e-01 2.808000e-03 3.306560e-01
315 6.660920e-01 2.740000e-03 3.311680e-01
316 6.656880e-01 2.660000e-03 3.316520e-01
317 6.652800e-01 2.572000e-03 3.321480e-01
318 6.648280e-01 2.584000e-03 3.325880e-01
319 6.644040e-01 2.576000e-03 3.330200e-01
320 6.640120e-01 2.508000e-03 3.334800e-01
321 6.635560e-01 2.476000e-03 3.339680e-01
322 6.631520e-01 2.424000e-03 3.344240e-01
323 6.627400e-01 2.488000e-03 3.347720e-01
324 6.623200e-01 2.464000e-03 3.352160e-01
325 6.618960e-01 2.480000e-03 3.356240e-01
326 6.614240e-01 2.512000e-03 3.360640e-01
327 6.610000e-01 2.552000e-03 3.364480e-01
328 6.605240e-01 2.596000e-03 3.368800e-01
329 6.600320e-01 2.660000e-03 3.373080e-01
330 6.595960e-01 2.648000e-03 3.377560e-01
331 6.591680e-01 2.620000e-03 3.382120e-01
332 6.585600e-01 2.768000e-03 3.386720e-01
333 6.580640e-01 2.764000e-03 3.391720e-01
334 6.575640e-01 2.752000e-03 3.396840e-01
335 6.570160e-01 2.836000e-03 3.401480e-01
336 6.565160e-01 2.832000e-03 3.406520e-01
337 6.560520e-01 2.840000e-03 3.411080e-01
338 6.555640e-01 2.784000e-03 3.416520e-01
339 6.550640e-01 2.808000e-03 3.421280e-01
340 6.545640e-01 2.856000e-03 3.425800e-01
341 6.541240e-01 2.796000e-03 3.430800e-01
342 6.536120e-01 2.812000e-03 3.435760e-01
343 6.531120e-01 2.728000e-03 3.441600e-01
344 6.526560e-01 2.716000e-03 3.446280e-01
345 6.521880e-01 2.636000e-03 3.451760e-01
346 6.517440e-01 2.612000e-03 3.456440e-01
347 6.512120e-01 2.632000e-03 3.461560e-01
348 6.507360e-01 2.636000e-03 3.466280e-01
349 6.503040e-01 2.556000e-03 3.471400e-01
350 6.498600e-01 2.564000e-03 3.475760e-01
351 6.494120e-01 2.556000e-03 3.480320e-01
352 6.490120e-01 2.484000e-03 3.485040e-01
353 6.486520e-01 2.384000e-03 3.489640e-01
354 6.482880e-01 2.320000e-03 3.493920e-01
355 6.479720e-01 2.244000e-03 3.497840e-01
356 6.476040e-01 2.240000e-03 3.501560e-01
357 6.472520e-01 2.196000e-03 3.505520e-01
358 6.469800e-01 2.100000e-03 3.509200e-01
359 6.465720e-01 2.048000e-03 3.513800e-01
360 6.462320e-01 2.008000e-03 3.517600e-01
361 6.459280e-01 1.972000e-03 3.521000e-01
362 6.456360e-01 1.928000e-03 3.524360e-01
363 6.453360e-01 1.848000e-03 3.528160e-01
364 6.450920e-01 1.796000e-03 3.531120e-01
365 6.448200e-01 1.720000e-03 3.534600e-01
366 6.445200e-01 1.708000e-03 3.537720e-01
367 6.442040e-01 1.732000e-03 3.540640e-01
368 6.439320e-01 1.668000e-03 3.544000e-01
369 6.436560e-01 1.712000e-03 3.546320e-01
370 6.433960e-01 1.644000e-03 3.549600e-01
371 6.431560e-01 1.608000e-03 3.552360e-01
372 6.429680e-01 1.568000e-03 3.554640e-01
373 6.427400e-01 1.556000e-03 3.557040e-01
374 6.425320e-01 1.520000e-03 3.559480e-01
375 6.422680e-01 1.564000e-03 3.561680e-01
376 6.420400e-01 1.572000e-03 3.563880e-01
377 6.418000e-01 1.572000e-03 3.566280e-01
378 6.415760e-01 1.488000e-03 3.569360e-01
379 6.413360e-01 1.416000e-03 3.572480e-01
380 6.411040e-01 1.372000e-03 3.575240e-01
381 6.408320e-01 1.416000e-03 3.577520e-01
382 6.406560e-01 1.316000e-03 3.580280e-01
383 6.404200e-01 1.284000e-03 3.582960e-01
384 6.401640e-01 1.264000e-03 3.585720e-01
385 6.399640e-01 1.236000e-03 3.588000e-01
386 6.396440e-01 1.340000e-03 3.590160e-01
387 6.393840e-01 1.360000e-03 3.592560e-01
388 6.391560e-01 1.388000e-03 3.594560e-01
389 6.388440e-01 1.400000e-03 3.597560e-01
390 6.386360e-01 1.352000e-03 3.600120e-01
391 6.384560e-01 1.292000e-03 3.602520e-01
392 6.382120e-01 1.292000e-03 3.604960e-01
393 6.380200e-01 1.320000e-03 3.606600e-01
394 6.377760e-01 1.316000e-03 3.609080e-01
395 6.375880e-01 1.308000e-03 3.611040e-01
396 6.373760e-01 1.304000e-03 3.613200e-01
397 6.371560e-01 1.304000e-03 3.615400e-01
398 6.370040e-01 1.272000e-03 3.617240e-01
399 6.368240e-01 1.236000e-03 3.619400e-01
400 6.366080e-01 1.176000e-03 3.622160e-01
401 6.364080e-01 1.172000e-03 3.624200e-01
402 6.362240e-01 1.132000e-03 3.626440e-01
403 6.360200e-01 1.140000e-03 3.628400e-01
404 6.358080e-01 1.176000e-03 3.630160e-01
405 6.356280e-01 1.164000e-03 3.632080e-01
406 6.354000e-01 1.156000e-03 3.634440e-01
407 6.352200e-01 1.124000e-03 3.636560e-01
408 6.350160e-01 1.144000e-03 3.638400e-01
409 6.348440e-01 1.108000e-03 3.640480e-01
410 6.346600e-01 1.120000e-03 3.642200e-01
411 6.343640e-01 1.144000e-03 3.644920e-01
412 6.341800e-01 1.120000e-03 3.647000e-01
413 6.339400e-01 1.124000e-03 3.649360e-01
414 6.337680e-01 1.084000e-03 3.651480e-01
415 6.335400e-01 1.088000e-03 3.653720e-01
416 6.333640e-01 1.108000e-03 3.655280e-01
417 6.332280e-01 1.056000e-03 3.657160e-01
418 6.330920e-01 9.680000e-04 3.659400e-01
419 6.329120e-01 1.020000e-03 3.660680e-01
420 6.327560e-01 1.008000e-03 3.662360e-01
421 6.325400e-01 1.052000e-03 3.664080e-01
422 6.323720e-01 1.052000e-03 3.665760e-01
423 6.321840e-01 1.068000e-03 3.667480e-01
424 6.319600e-01 1.124000e-03 3.669160e-01
425 6.317320e-01 1.112000e-03 3.671560e-01
426 6.315720e-01 1.076000e-03 3.673520e-01
427 6.313960e-01 1.028000e-03 3.675760e-01
428 6.312400e-01 1.028000e-03 3.677320e-01
429 6.310560e-01 1.028000e-03 3.679160e-01
430 6.308640e-01 9.960000e-04 3.681400e-01
431 6.306760e-01 1.024000e-03 3.683000e-01
432 6.305000e-01 1.024000e-03 3.684760e-01
433 6.303160e-01 9.800000e-04 3.687040e-01
434 6.301280e-01 9.760000e-04 3.688960e-01
435 6.300040e-01 9.120000e-04 3.690840e-01
436 6.298320e-01 9.640000e-04 3.692040e-01
437 6.297320e-01 9.080000e-04 3.693600e-01
438 6.295600e-01 9.200000e-04 3.695200e-01
439 6.294000e-01 8.840000e-04 3.697160e-01
440 6.292520e-01 8.440000e-04 3.699040e-01
441 6.291240e-01 7.920000e-04 3.700840e-01
442 6.290320e-01 7.480000e-04 3.702200e-01
443 6.288880e-01 7.720000e-04 3.703400e-01
444 6.287320e-01 7.680000e-04 3.705000e-01
445 6.286120e-01 7.280000e-04 3.706600e-01
446 6.284600e-01 7.440000e-04 3.707960e-01
447 6.283160e-01 7.600000e-04 3.709240e-01
448 6.281760e-01 7.640000e-04 3.710600e-01
449 6.279840e-01 8.600000e-04 3.711560e-01
450 6.278360e-01 8.600000e-04 3.713040e-01
451 6.276720e-01 8.960000e-04 3.714320e-01
452 6.275160e-01 8.960000e-04 3.715880e-01
453 6.273760e-01 8.600000e-04 3.717640e-01
454 6.272480e-01 8.560000e-04 3.718960e-01
455 6.271200e-01 8.400000e-04 3.720400e-01
456 6.270200e-01 8.000000e-04 3.721800e-01
457 6.268880e-01 7.760000e-04 3.723360e-01
458 6.268000e-01 7.400000e-04 3.724600e-01
459 6.266760e-01 7.240000e-04 3.726000e-01
460 6.265560e-01 7.400000e-04 3.727040e-01
461 6.264560e-01 6.880000e-04 3.728560e-01
462 6.262960e-01 6.640000e-04 3.730400e-01
463 6.261840e-01 6.520000e-04 3.731640e-01
464 6.260800e-01 6.360000e-04 3.732840e-01
465 6.259480e-01 6.600000e-04 3.733920e-01
466 6.258440e-01 6.440000e-04 3.735120e-01
467 6.257520e-01 6.120000e-04 3.736360e-01
468 6.256760e-01 5.920000e-04 3.737320e-01
469 6.256080e-01 5.800000e-04 3.738120e-01
470 6.255440e-01 5.320000e-04 3.739240e-01
471 6.254720e-01 4.960000e-04 3.740320e-01
472 6.253840e-01 4.840000e-04 3.741320e-01
473 6.253160e-01 4.840000e-04 3.742000e-01
474 6.252600e-01 4.480000e-04 3.742920e-01
475 6.252080e-01 4.000000e-04 3.743920e-01
476 6.251400e-01 3.680000e-04 3.744920e-01
477 6.250800e-01 3.520000e-04 3.745680e-01
478 6.250240e-01 3.320000e-04 3.746440e-01
479 6.249200e-01 3.880000e-04 3.746920e-01
480 6.247920e-01 4.320000e-04 3.747760e-01
481 6.247120e-01 3.960000e-04 3.748920e-01
482 6.246160e-01 4.200000e-04 3.749640e-01
483 6.245240e-01 4.400000e-04 3.750360e-01
484 6.243800e-01 5.200000e-04 3.751000e-01
485 6.242200e-01 5.720000e-04 3.752080e-01
486 6.240760e-01 6.440000e-04 3.752800e-01
487 6.239440e-01 6.520000e-04 3.754040e-01
488 6.238320e-01 6.520000e-04 3.755160e-01
489 6.237080e-01 6.440000e-04 3.756480e-01
490 6.236000e-01 6.320000e-04 3.757680e-01
491 6.234480e-01 6.560000e-04 3.758960e-01
492 6.233080e-01 6.880000e-04 3.760040e-01
493 6.231920e-01 6.800000e-04 3.761280e-01
494 6.230920e-01 6.440000e-04 3.762640e-01
495 6.229520e-01 7.000000e-04 3.763480e-01
496 6.228320e-01 7.120000e-04 3.764560e-01
497 6.227240e-01 7.080000e-04 3.765680e-01
498 6.226240e-01 6.840000e-04 3.766920e-01
499 6.224480e-01 7.520000e-04 3.768000e-01
500 6.223360e-01 7.480000e-04 3.769160e-01
