1 9.992440e-01 6.880000e-04 6.800000e-05
2 9.987200e-01 1.068000e-03 2.120000e-04
3 9.980920e-01 1.472000e-03 4.360000e-04
4 9.975240e-01 1.748000e-03 7.280000e-04
5 9.968840e-01 2.056000e-03 1.060000e-03
6 9.961240e-01 2.460000e-03 1.416000e-03
7 9.953040e-01 2.828000e-03 1.868000e-03
8 9.944200e-01 3.216000e-03 2.364000e-03
9 9.936080e-01 3.420000e-03 2.972000e-03
10 9.926880e-01 3.816000e-03 3.496000e-03
11 9.916640e-01 4.216000e-03 4.120000e-03
12 9.906200e-01 4.488000e-03 4.892000e-03
13 9.896480e-01 4.632000e-03 5.720000e-03
14 9.886640e-01 4.864000e-03 6.472000e-03
15 9.877000e-01 4.960000e-03 7.340000e-03
16 9.866680e-01 5.068000e-03 8.264000e-03
17 9.854520e-01 5.412000e-03 9.136000e-03
18 9.843320e-01 5.672000e-03 9.996000e-03
19 9.831520e-01 5.860000e-03 1.098800e-02
20 9.819640e-01 6.052000e-03 1.198400e-02
21 9.808680e-01 5.996000e-03 1.313600e-02
22 9.795720e-01 6.292000e-03 1.413600e-02
23 9.783360e-01 6.360000e-03 1.530400e-02
24 9.770040e-01 6.608000e-03 1.638800e-02
25 9.755840e-01 6.956000e-03 1.746000e-02
26 9.742000e-01 7.128000e-03 1.867200e-02
27 9.727480e-01 7.228000e-03 2.002400e-02
28 9.712840e-01 7.460000e-03 2.125600e-02
29 9.699240e-01 7.500000e-03 2.257600e-02
30 9.685160e-01 7.580000e-03 2.390400e-02
31 9.669480e-01 7.916000e-03 2.513600e-02
32 9.654720e-01 8.016000e-03 2.651200e-02
33 9.640240e-01 8.128000e-03 2.784800e-02
34 9.625400e-01 8.136000e-03 2.932400e-02
35 9.610400e-01 8.220000e-03 3.074000e-02
36 9.596440e-01 8.348000e-03 3.200800e-02
37 9.581600e-01 8.292000e-03 3.354800e-02
38 9.568160e-01 8.240000e-03 3.494400e-02
39 9.554960e-01 8.280000e-03 3.622400e-02
40 9.540080e-01 8.348000e-03 3.764400e-02
41 9.526280e-01 8.380000e-03 3.899200e-02
42 9.512160e-01 8.328000e-03 4.045600e-02
43 9.496520e-01 8.520000e-03 4.182800e-02
44 9.480760e-01 8.548000e-03 4.337600e-02
45 9.464640e-01 8.736000e-03 4.480000e-02
46 9.450840e-01 8.648000e-03 4.626800e-02
47 9.435600e-01 8.584000e-03 4.785600e-02
48 9.421520e-01 8.540000e-03 4.930800e-02
49 9.406160e-01 8.564000e-03 5.082000e-02
50 9.390760e-01 8.712000e-03 5.221200e-02
51 9.374920e-01 8.660000e-03 5.384800e-02
52 9.359880e-01 8.512000e-03 5.550000e-02
53 9.345360e-01 8.628000e-03 5.683600e-02
54 9.331000e-01 8.572000e-03 5.832800e-02
55 9.314720e-01 8.620000e-03 5.990800e-02
56 9.299520e-01 8.676000e-03 6.137200e-02
57 9.283400e-01 8.788000e-03 6.287200e-02
58 9.267040e-01 8.800000e-03 6.449600e-02
59 9.250440e-01 8.940000e-03 6.601600e-02
60 9.234960e-01 8.876000e-03 6.762800e-02
61 9.218640e-01 8.852000e-03 6.928400e-02
62 9.202960e-01 8.896000e-03 7.080800e-02
63 9.188400e-01 8.828000e-03 7.233200e-02
64 9.175000e-01 8.532000e-03 7.396800e-02
65 9.160720e-01 8.448000e-03 7.548000e-02
66 9.145600e-01 8.504000e-03 7.693600e-02
67 9.130800e-01 8.508000e-03 7.841200e-02
68 9.116360e-01 8.464000e-03 7.990000e-02
69 9.102200e-01 8.376000e-03 8.140400e-02
70 9.088360e-01 8.156000e-03 8.300800e-02
71 9.074080e-01 8.064000e-03 8.452800e-02
72 9.060080e-01 7.992000e-03 8.600000e-02
73 9.046240e-01 8.016000e-03 8.736000e-02
74 9.031280e-01 8.120000e-03 8.875200e-02
75 9.017080e-01 8.128000e-03 9.016400e-02
76 9.003440e-01 8.088000e-03 9.156800e-02
77 8.989240e-01 8.088000e-03 9.298800e-02
78 8.974240e-01 8.220000e-03 9.435600e-02
79 8.958680e-01 8.264000e-03 9.586800e-02
80 8.942720e-01 8.360000e-03 9.736800e-02
81 8.928960e-01 8.252000e-03 9.885200e-02
82 8.913520e-01 8.492000e-03 1.001560e-01
83 8.897440e-01 8.492000e-03 1.017640e-01
84 8.883040e-01 8.412000e-03 1.032840e-01
85 8.867800e-01 8.432000e-03 1.047880e-01
86 8.853280e-01 8.280000e-03 1.063920e-01
87 8.840400e-01 8.044000e-03 1.079160e-01
88 8.828160e-01 7.852000e-03 1.093320e-01
89 8.815120e-01 7.828000e-03 1.106600e-01
90 8.802360e-01 7.788000e-03 1.119760e-01
91 8.790040e-01 7.560000e-03 1.134360e-01
92 8.777640e-01 7.556000e-03 1.146800e-01
93 8.766400e-01 7.296000e-03 1.160640e-01
94 8.755560e-01 7.124000e-03 1.173200e-01
95 8.744440e-01 6.884000e-03 1.186720e-01
96 8.732960e-01 6.880000e-03 1.198240e-01
97 8.721600e-01 6.684000e-03 1.211560e-01
98 8.710360e-01 6.584000e-03 1.223800e-01
99 8.699000e-01 6.556000e-03 1.235440e-01
100 8.687040e-01 6.728000e-03 1.245680e-01
101 8.674080e-01 6.860000e-03 1.257320e-01
102 8.662480e-01 6.848000e-03 1.269040e-01
103 8.650200e-01 7.028000e-03 1.279520e-01
104 8.637160e-01 7.060000e-03 1.292240e-01
105 8.623800e-01 7.232000e-03 1.303880e-01
106 8.612120e-01 7.120000e-03 1.316680e-01
107 8.601400e-01 6.928000e-03 1.329320e-01
108 8.590920e-01 6.744000e-03 1.341640e-01
109 8.579640e-01 6.704000e-03 1.353320e-01
110 8.568960e-01 6.640000e-03 1.364640e-01
111 8.557120e-01 6.592000e-03 1.376960e-01
112 8.546320e-01 6.632000e-03 1.387360e-01
113 8.534800e-01 6.688000e-03 1.398320e-01
114 8.523720e-01 6.636000e-03 1.409920e-01
115 8.512280e-01 6.648000e-03 1.421240e-01
116 8.500640e-01 6.696000e-03 1.432400e-01
117 8.489560e-01 6.648000e-03 1.443960e-01
118 8.479080e-01 6.396000e-03 1.456960e-01
119 8.468280e-01 6.316000e-03 1.468560e-01
120 8.457800e-01 6.268000e-03 1.479520e-01
121 8.447680e-01 6.124000e-03 1.491080e-01
122 8.437120e-01 6.056000e-03 1.502320e-01
123 8.424960e-01 6.160000e-03 1.513440e-01
124 8.412800e-01 6.376000e-03 1.523440e-01
125 8.400960e-01 6.572000e-03 1.533320e-01
126 8.387640e-01 6.712000e-03 1.545240e-01
127 8.375440e-01 6.744000e-03 1.557120e-01
128 8.363960e-01 6.768000e-03 1.568360e-01
129 8.353120e-01 6.540000e-03 1.581480e-01
130 8.340040e-01 6.572000e-03 1.594240e-01
131 8.329240e-01 6.560000e-03 1.605160e-01
132 8.318080e-01 6.612000e-03 1.615800e-01
133 8.306720e-01 6.648000e-03 1.626800e-01
134 8.296840e-01 6.540000e-03 1.637760e-01
135 8.286320e-01 6.564000e-03 1.648040e-01
136 8.275840e-01 6.488000e-03 1.659280e-01
137 8.263960e-01 6.684000e-03 1.669200e-01
138 8.252520e-01 6.684000e-03 1.680640e-01
139 8.241000e-01 6.688000e-03 1.692120e-01
140 8.229600e-01 6.548000e-03 1.704920e-01
141 8.218240e-01 6.540000e-03 1.716360e-01
142 8.207920e-01 6.540000e-03 1.726680e-01
143 8.197120e-01 6.468000e-03 1.738200e-01
144 8.186680e-01 6.400000e-03 1.749320e-01
145 8.175920e-01 6.296000e-03 1.761120e-01
146 8.167440e-01 6.056000e-03 1.772000e-01
147 8.159520e-01 5.652000e-03 1.783960e-01
148 8.151160e-01 5.464000e-03 1.794200e-01
149 8.143680e-01 5.224000e-03 1.804080e-01
150 8.134200e-01 5.328000e-03 1.812520e-01
151 8.127760e-01 5.024000e-03 1.822000e-01
152 8.120560e-01 4.836000e-03 1.831080e-01
153 8.112200e-01 4.836000e-03 1.839440e-01
154 8.103240e-01 4.908000e-03 1.847680e-01
155 8.095200e-01 4.840000e-03 1.856400e-01
156 8.086680e-01 4.860000e-03 1.864720e-01
157 8.077280e-01 4.916000e-03 1.873560e-01
158 8.067880e-01 5.040000e-03 1.881720e-01
159 8.060080e-01 4.856000e-03 1.891360e-01
160 8.052400e-01 4.780000e-03 1.899800e-01
161 8.044160e-01 4.772000e-03 1.908120e-01
162 8.035560e-01 4.804000e-03 1.916400e-01
163 8.028000e-01 4.676000e-03 1.925240e-01
164 8.019360e-01 4.704000e-03 1.933600e-01
165 8.012840e-01 4.516000e-03 1.942000e-01
166 8.004920e-01 4.540000e-03 1.949680e-01
167 7.998600e-01 4.436000e-03 1.957040e-01
168 7.991360e-01 4.408000e-03 1.964560e-01
169 7.984160e-01 4.348000e-03 1.972360e-01
170 7.977360e-01 4.272000e-03 1.979920e-01
171 7.970440e-01 4.132000e-03 1.988240e-01
172 7.962080e-01 4.236000e-03 1.995560e-01
173 7.953960e-01 4.316000e-03 2.002880e-01
174 7.945560e-01 4.320000e-03 2.011240e-01
175 7.937880e-01 4.340000e-03 2.018720e-01
176 7.930960e-01 4.336000e-03 2.025680e-01
177 7.923440e-01 4.368000e-03 2.032880e-01
178 7.916720e-01 4.216000e-03 2.041120e-01
179 7.910120e-01 4.168000e-03 2.048200e-01
180 7.902000e-01 4.232000e-03 2.055680e-01
181 7.895280e-01 4.172000e-03 2.063000e-01
182 7.889560e-01 4.056000e-03 2.069880e-01
183 7.882320e-01 4.096000e-03 2.076720e-01
184 7.875400e-01 4.080000e-03 2.083800e-01
185 7.868120e-01 4.140000e-03 2.090480e-01
186 7.861640e-01 4.036000e-03 2.098000e-01
187 7.855360e-01 3.972000e-03 2.104920e-01
188 7.849040e-01 3.860000e-03 2.112360e-01
189 7.843480e-01 3.728000e-03 2.119240e-01
190 7.836600e-01 3.804000e-03 2.125360e-01
191 7.830480e-01 3.664000e-03 2.132880e-01
192 7.824080e-01 3.548000e-03 2.140440e-01
193 7.817480e-01 3.536000e-03 2.147160e-01
194 7.811640e-01 3.452000e-03 2.153840e-01
195 7.805640e-01 3.468000e-03 2.159680e-01
196 7.799040e-01 3.520000e-03 2.165760e-01
197 7.793080e-01 3.436000e-03 2.172560e-01
198 7.787480e-01 3.372000e-03 2.178800e-01
199 7.782160e-01 3.288000e-03 2.184960e-01
200 7.777040e-01 3.204000e-03 2.190920e-01
201 7.772400e-01 3.048000e-03 2.197120e-01
202 7.768120e-01 2.984000e-03 2.202040e-01
203 7.762840e-01 2.988000e-03 2.207280e-01
204 7.758200e-01 3.004000e-03 2.211760e-01
205 7.753880e-01 2.876000e-03 2.217360e-01
206 7.749800e-01 2.724000e-03 2.222960e-01
207 7.745240e-01 2.692000e-03 2.227840e-01
208 7.741000e-01 2.632000e-03 2.232680e-01
209 7.736360e-01 2.608000e-03 2.237560e-01
210 7.731000e-01 2.660000e-03 2.242400e-01
211 7.726000e-01 2.656000e-03 2.247440e-01
212 7.721160e-01 2.616000e-03 2.252680e-01
213 7.716560e-01 2.660000e-03 2.256840e-01
214 7.712760e-01 2.544000e-03 2.261800e-01
215 7.708520e-01 2.576000e-03 2.265720e-01
216 7.704400e-01 2.484000e-03 2.270760e-01
217 7.700120e-01 2.432000e-03 2.275560e-01
218 7.696000e-01 2.412000e-03 2.279880e-01
219 7.691760e-01 2.468000e-03 2.283560e-01
220 7.688200e-01 2.360000e-03 2.288200e-01
221 7.683520e-01 2.416000e-03 2.292320e-01
222 7.679680e-01 2.412000e-03 2.296200e-01
223 7.675120e-01 2.424000e-03 2.300640e-01
224 7.671240e-01 2.412000e-03 2.304640e-01
225 7.667520e-01 2.376000e-03 2.308720e-01
226 7.664600e-01 2.256000e-03 2.312840e-01
227 7.660720e-01 2.292000e-03 2.316360e-01
228 7.657600e-01 2.240000e-03 2.320000e-01
229 7.654280e-01 2.188000e-03 2.323840e-01
230 7.651040e-01 2.208000e-03 2.326880e-01
231 7.647440e-01 2.184000e-03 2.330720e-01
232 7.644200e-01 2.068000e-03 2.335120e-01
233 7.641360e-01 1.992000e-03 2.338720e-01
234 7.637320e-01 2.044000e-03 2.342240e-01
235 7.633280e-01 2.072000e-03 2.346000e-01
236 7.630360e-01 2.020000e-03 2.349440e-01
237 7.625240e-01 2.168000e-03 2.353080e-01
238 7.621400e-01 2.136000e-03 2.357240e-01
239 7.618240e-01 2.096000e-03 2.360800e-01
240 7.614960e-01 2.088000e-03 2.364160e-01
241 7.611640e-01 2.020000e-03 2.368160e-01
242 7.607160e-01 2.064000e-03 2.372200e-01
243 7.603720e-01 2.088000e-03 2.375400e-01
244 7.599680e-01 2.164000e-03 2.378680e-01
245 7.596680e-01 2.068000e-03 2.382640e-01
246 7.592480e-01 2.072000e-03 2.386800e-01
247 7.589080e-01 1.996000e-03 2.390960e-01
248 7.585800e-01 1.964000e-03 2.394560e-01
249 7.582320e-01 1.972000e-03 2.397960e-01
250 7.579160e-01 1.912000e-03 2.401720e-01
251 7.576320e-01 1.900000e-03 2.404680e-01
252 7.573040e-01 1.880000e-03 2.408160e-01
253 7.571000e-01 1.760000e-03 2.411400e-01
254 7.568120e-01 1.752000e-03 2.414360e-01
255 7.565360e-01 1.704000e-03 2.417600e-01
256 7.562360e-01 1.692000e-03 2.420720e-01
257 7.559960e-01 1.672000e-03 2.423320e-01
258 7.557560e-01 1.616000e-03 2.426280e-01
259 7.554360e-01 1.660000e-03 2.429040e-01
260 7.551800e-01 1.648000e-03 2.431720e-01
261 7.549120e-01 1.620000e-03 2.434680e-01
262 7.546400e-01 1.648000e-03 2.437120e-01
263 7.543880e-01 1.656000e-03 2.439560e-01
264 7.541680e-01 1.584000e-03 2.442480e-01
265 7.539320e-01 1.528000e-03 2.445400e-01
266 7.536400e-01 1.556000e-03 2.448040e-01
267 7.534280e-01 1.524000e-03 2.450480e-01
268 7.531800e-01 1.540000e-03 2.452800e-01
269 7.529640e-01 1.500000e-03 2.455360e-01
270 7.527200e-01 1.508000e-03 2.457720e-01
271 7.524840e-01 1.464000e-03 2.460520e-01
272 7.522440e-01 1.460000e-03 2.462960e-01
273 7.520160e-01 1.444000e-03 2.465400e-01
274 7.517560e-01 1.432000e-03 2.468120e-01
275 7.515680e-01 1.416000e-03 2.470160e-01
276 7.513680e-01 1.364000e-03 2.472680e-01
277 7.511720e-01 1.348000e-03 2.474800e-01
278 7.510080e-01 1.240000e-03 2.477520e-01
279 7.507840e-01 1.244000e-03 2.479720e-01
280 7.505800e-01 1.204000e-03 2.482160e-01
281 7.504240e-01 1.200000e-03 2.483760e-01
282 7.502120e-01 1.204000e-03 2.485840e-01
283 7.499800e-01 1.196000e-03 2.488240e-01
284 7.497720e-01 1.224000e-03 2.490040e-01
285 7.495440e-01 1.192000e-03 2.492640e-01
286 7.493320e-01 1.208000e-03 2.494600e-01
287 7.490880e-01 1.256000e-03 2.496560e-01
288 7.489200e-01 1.208000e-03 2.498720e-01
289 7.486720e-01 1.180000e-03 2.501480e-01
290 7.485000e-01 1.160000e-03 2.503400e-01
291 7.482400e-01 1.208000e-03 2.505520e-01
292 7.479800e-01 1.256000e-03 2.507640e-01
293 7.477400e-01 1.244000e-03 2.510160e-01
294 7.474920e-01 1.264000e-03 2.512440e-01
295 7.472320e-01 1.296000e-03 2.514720e-01
296 7.469640e-01 1.316000e-03 2.517200e-01
297 7.467760e-01 1.248000e-03 2.519760e-01
298 7.465560e-01 1.272000e-03 2.521720e-01
299 7.462840e-01 1.316000e-03 2.524000e-01
300 7.460800e-01 1.340000e-03 2.525800e-01
301 7.458960e-01 1.288000e-03 2.528160e-01
302 7.456640e-01 1.312000e-03 2.530240e-01
303 7.454680e-01 1.292000e-03 2.532400e-01
304 7.452000e-01 1.288000e-03 2.535120e-01
305 7.450080e-01 1.244000e-03 2.537480e-01
306 7.447960e-01 1.236000e-03 2.539680e-01
307 7.446360e-01 1.132000e-03 2.542320e-01
308 7.444720e-01 1.120000e-03 2.544080e-01
309 7.443200e-01 1.088000e-03 2.545920e-01
310 7.441000e-01 1.120000e-03 2.547800e-01
311 7.439520e-01 1.108000e-03 2.549400e-01
312 7.437600e-01 1.132000e-03 2.551080e-01
313 7.435200e-01 1.204000e-03 2.552760e-01
314 7.433200e-01 1.160000e-03 2.555200e-01
315 7.431320e-01 1.132000e-03 2.557360e-01
316 7.429280e-01 1.088000e-03 2.559840e-01
317 7.427200e-01 1.164000e-03 2.561160e-01
318 7.425000e-01 1.176000e-03 2.563240e-01
319 7.423120e-01 1.148000e-03 2.565400e-01
320 7.421280e-01 1.144000e-03 2.567280e-01
321 7.419560e-01 1.144000e-03 2.569000e-01
322 7.417840e-01 1.096000e-03 2.571200e-01
323 7.416200e-01 1.032000e-03 2.573480e-01
324 7.414000e-01 1.060000e-03 2.575400e-01
325 7.412080e-01 1.072000e-03 2.577200e-01
326 7.410200e-01 1.048000e-03 2.579320e-01
327 7.408760e-01 1.032000e-03 2.580920e-01
328 7.407240e-01 9.760000e-04 2.583000e-01
329 7.405920e-01 9.360000e-04 2.584720e-01
330 7.404040e-01 9.640000e-04 2.586320e-01
331 7.403000e-01 9.040000e-04 2.587960e-01
332 7.401600e-01 8.800000e-04 2.589600e-01
333 7.400320e-01 8.600000e-04 2.591080e-01
334 7.398840e-01 8.520000e-04 2.592640e-01
335 7.397200e-01 8.520000e-04 2.594280e-01
336 7.394960e-01 8.960000e-04 2.596080e-01
337 7.393240e-01 9.040000e-04 2.597720e-01
338 7.392040e-01 8.880000e-04 2.599080e-01
339 7.390440e-01 9.000000e-04 2.600560e-01
340 7.389440e-01 8.400000e-04 2.602160e-01
341 7.388400e-01 7.880000e-04 2.603720e-01
342 7.386920e-01 7.800000e-04 2.605280e-01
343 7.385920e-01 7.480000e-04 2.606600e-01
344 7.384600e-01 7.120000e-04 2.608280e-01
345 7.383240e-01 7.280000e-04 2.609480e-01
346 7.382000e-01 7.120000e-04 2.610880e-01
347 7.381000e-01 6.880000e-04 2.612120e-01
348 7.380040e-01 7.040000e-04 2.612920e-01
349 7.379000e-01 6.800000e-04 2.614200e-01
350 7.377520e-01 7.280000e-04 2.615200e-01
351 7.375920e-01 7.200000e-04 2.616880e-01
352 7.374680e-01 7.000000e-04 2.618320e-01
353 7.373240e-01 7.160000e-04 2.619600e-01
354 7.372080e-01 7.200000e-04 2.620720e-01
355 7.370600e-01 7.440000e-04 2.621960e-01
356 7.368960e-01 8.320000e-04 2.622720e-01
357 7.367560e-01 8.360000e-04 2.624080e-01
358 7.366320e-01 8.120000e-04 2.625560e-01
359 7.364920e-01 8.040000e-04 2.627040e-01
360 7.363560e-01 8.000000e-04 2.628440e-01
361 7.362280e-01 8.040000e-04 2.629680e-01
362 7.360960e-01 7.960000e-04 2.631080e-01
363 7.359480e-01 8.160000e-04 2.632360e-01
364 7.357360e-01 8.760000e-04 2.633880e-01
365 7.355560e-01 8.680000e-04 2.635760e-01
366 7.353640e-01 8.960000e-04 2.637400e-01
367 7.352280e-01 8.640000e-04 2.639080e-01
368 7.351160e-01 8.320000e-04 2.640520e-01
369 7.349520e-01 8.520000e-04 2.641960e-01
370 7.347760e-01 8.320000e-04 2.643920e-01
371 7.346600e-01 7.760000e-04 2.645640e-01
372 7.345080e-01 8.000000e-04 2.646920e-01
373 7.343960e-01 7.400000e-04 2.648640e-01
374 7.342600e-01 7.560000e-04 2.649840e-01
375 7.341280e-01 7.440000e-04 2.651280e-01
376 7.340160e-01 7.040000e-04 2.652800e-01
377 7.339000e-01 7.000000e-04 2.654000e-01
378 7.337440e-01 7.240000e-04 2.655320e-01
379 7.336080e-01 7.200000e-04 2.656720e-01
380 7.334680e-01 7.200000e-04 2.658120e-01
381 7.333000e-01 7.320000e-04 2.659680e-01
382 7.331640e-01 7.600000e-04 2.660760e-01
383 7.330360e-01 7.480000e-04 2.662160e-01
384 7.328960e-01 7.640000e-04 2.663400e-01
385 7.327760e-01 7.480000e-04 2.664760e-01
386 7.325920e-01 7.920000e-04 2.666160e-01
387 7.324880e-01 7.720000e-04 2.667400e-01
388 7.323480e-01 7.800000e-04 2.668720e-01
389 7.322360e-01 7.640000e-04 2.670000e-01
390 7.321240e-01 7.560000e-04 2.671200e-01
391 7.320200e-01 7.400000e-04 2.672400e-01
392 7.319160e-01 7.240000e-04 2.673600e-01
393 7.318040e-01 7.040000e-04 2.674920e-01
394 7.317040e-01 7.160000e-04 2.675800e-01
395 7.316040e-01 6.880000e-04 2.677080e-01
396 7.315280e-01 6.360000e-04 2.678360e-01
397 7.314400e-01 6.000000e-04 2.679600e-01
398 7.313160e-01 6.320000e-04 2.680520e-01
399 7.311760e-01 6.280000e-04 2.681960e-01
400 7.310320e-01 6.680000e-04 2.683000e-01
401 7.309240e-01 6.200000e-04 2.684560e-01
402 7.307880e-01 6.480000e-04 2.685640e-01
403 7.306720e-01 6.640000e-04 2.686640e-01
404 7.305400e-01 7.160000e-04 2.687440e-01
405 7.304080e-01 7.360000e-04 2.688560e-01
406 7.302720e-01 7.240000e-04 2.690040e-01
407 7.302120e-01 6.520000e-04 2.691360e-01
408 7.300600e-01 6.520000e-04 2.692880e-01
409 7.299400e-01 6.560000e-04 2.694040e-01
410 7.298320e-01 6.320000e-04 2.695360e-01
411 7.297200e-01 6.400000e-04 2.696400e-01
412 7.296280e-01 6.400000e-04 2.697320e-01
413 7.295320e-01 6.400000e-04 2.698280e-01
414 7.294320e-01 6.440000e-04 2.699240e-01
415 7.293440e-01 6.240000e-04 2.700320e-01
416 7.292560e-01 6.040000e-04 2.701400e-01
417 7.291480e-01 6.040000e-04 2.702480e-01
418 7.290640e-01 6.000000e-04 2.703360e-01
419 7.289640e-01 6.080000e-04 2.704280e-01
420 7.288680e-01 5.920000e-04 2.705400e-01
421 7.287920e-01 5.560000e-04 2.706520e-01
422 7.286800e-01 5.240000e-04 2.707960e-01
423 7.286000e-01 5.240000e-04 2.708760e-01
424 7.285040e-01 5.160000e-04 2.709800e-01
425 7.284360e-01 4.960000e-04 2.710680e-01
426 7.283880e-01 4.400000e-04 2.711720e-01
427 7.283480e-01 3.800000e-04 2.712720e-01
428 7.282960e-01 3.520000e-04 2.713520e-01
429 7.282400e-01 3.360000e-04 2.714240e-01
430 7.281920e-01 3.320000e-04 2.714760e-01
431 7.281200e-01 3.560000e-04 2.715240e-01
432 7.280560e-01 3.680000e-04 2.715760e-01
433 7.280120e-01 3.560000e-04 2.716320e-01
434 7.279600e-01 3.600000e-04 2.716800e-01
435 7.279200e-01 3.400000e-04 2.717400e-01
436 7.278400e-01 3.680000e-04 2.717920e-01
437 7.277720e-01 3.840000e-04 2.718440e-01
438 7.277120e-01 3.640000e-04 2.719240e-01
439 7.276600e-01 3.240000e-04 2.720160e-01
440 7.276040e-01 3.000000e-04 2.720960e-01
441 7.275160e-01 3.320000e-04 2.721520e-01
442 7.274720e-01 3.000000e-04 2.722280e-01
443 7.274480e-01 2.640000e-04 2.722880e-01
444 7.274000e-01 2.640000e-04 2.723360e-01
445 7.273440e-01 2.840000e-04 2.723720e-01
446 7.273080e-01 2.720000e-04 2.724200e-01
447 7.272680e-01 2.720000e-04 2.724600e-01
448 7.272240e-01 2.760000e-04 2.725000e-01
449 7.271800e-01 2.680000e-04 2.725520e-01
450 7.271160e-01 3.000000e-04 2.725840e-01
451 7.270520e-01 3.240000e-04 2.726240e-01
452 7.269920e-01 3.240000e-04 2.726840e-01
453 7.269480e-01 3.240000e-04 2.727280e-01
454 7.269000e-01 2.840000e-04 2.728160e-01
455 7.268480e-01 3.000000e-04 2.728520e-01
456 7.267520e-01 3.440000e-04 2.729040e-01
457 7.266960e-01 3.320000e-04 2.729720e-01
458 7.266480e-01 3.200000e-04 2.730320e-01
459 7.266080e-01 3.000000e-04 2.730920e-01
460 7.265800e-01 2.760000e-04 2.731440e-01
461 7.265160e-01 2.920000e-04 2.731920e-01
462 7.264760e-01 2.920000e-04 2.732320e-01
463 7.264360e-01 3.040000e-04 2.732600e-01
464 7.263960e-01 2.960000e-04 2.733080e-01
465 7.263520e-01 2.840000e-04 2.733640e-01
466 7.262600e-01 3.200000e-04 2.734200e-01
467 7.261800e-01 3.360000e-04 2.734840e-01
468 7.261360e-01 3.160000e-04 2.735480e-01
469 7.261040e-01 2.880000e-04 2.736080e-01
470 7.260440e-01 2.960000e-04 2.736600e-01
471 7.259960e-01 2.800000e-04 2.737240e-01
472 7.259680e-01 2.640000e-04 2.737680e-01
473 7.259480e-01 2.320000e-04 2.738200e-01
474 7.259240e-01 2.120000e-04 2.738640e-01
475 7.258960e-01 2.040000e-04 2.739000e-01
476 7.258800e-01 1.720000e-04 2.739480e-01
477 7.258720e-01 1.600000e-04 2.739680e-01
478 7.258600e-01 1.480000e-04 2.739920e-01
479 7.258440e-01 1.120000e-04 2.740440e-01
480 7.258400e-01 1.000000e-04 2.740600e-01
481 7.258400e-01 8.800000e-05 2.740720e-01
482 7.258240e-01 8.800000e-05 2.740880e-01
483 7.258200e-01 7.200000e-05 2.741080e-01
484 7.258200e-01 6.000000e-05 2.741200e-01
485 7.258040e-01 6.000000e-05 2.741360e-01
486 7.257880e-01 6.400000e-05 2.741480e-01
487 7.257880e-01 6.000000e-05 2.741520e-01
488 7.257840e-01 5.200000e-05 2.741640e-01
489 7.257840e-01 4.800000e-05 2.741680e-01
490 7.257800e-01 4.400000e-05 2.741760e-01
491 7.257800e-01 4.000000e-05 2.741800e-01
492 7.257800e-01 4.000000e-05 2.741800e-01
493 7.257800e-01 3.600000e-05 2.741840e-01
494 7.257760e-01 3.200000e-05 2.741920e-01
495 7.257760e-01 2.800000e-05 2.741960e-01
496 7.257720e-01 2.800000e-05 2.742000e-01
497 7.257720e-01 2.400000e-05 2.742040e-01
498 7.257720e-01 2.000000e-05 2.742080e-01
499 7.257720e-01 2.000000e-05 2.742080e-01
500 7.257720e-01 1.600000e-05 2.742120e-01
