1 9.991760e-01 7.440000e-04 8.000000e-05
2 9.986000e-01 1.116000e-03 2.840000e-04
3 9.979840e-01 1.464000e-03 5.520000e-04
4 9.972320e-01 1.872000e-03 8.960000e-04
5 9.964360e-01 2.304000e-03 1.260000e-03
6 9.955800e-01 2.784000e-03 1.636000e-03
7 9.946360e-01 3.200000e-03 2.164000e-03
8 9.935320e-01 3.644000e-03 2.824000e-03
9 9.926280e-01 3.812000e-03 3.560000e-03
10 9.916040e-01 4.116000e-03 4.280000e-03
11 9.904440e-01 4.500000e-03 5.056000e-03
12 9.892600e-01 4.808000e-03 5.932000e-03
13 9.881400e-01 5.020000e-03 6.840000e-03
14 9.870240e-01 5.244000e-03 7.732000e-03
15 9.859440e-01 5.368000e-03 8.688000e-03
16 9.847480e-01 5.648000e-03 9.604000e-03
17 9.834040e-01 6.000000e-03 1.059600e-02
18 9.822720e-01 6.056000e-03 1.167200e-02
19 9.810960e-01 6.188000e-03 1.271600e-02
20 9.798160e-01 6.384000e-03 1.380000e-02
21 9.786760e-01 6.388000e-03 1.493600e-02
22 9.773640e-01 6.560000e-03 1.607600e-02
23 9.761160e-01 6.660000e-03 1.722400e-02
24 9.748200e-01 6.860000e-03 1.832000e-02
25 9.735960e-01 6.828000e-03 1.957600e-02
26 9.722240e-01 6.984000e-03 2.079200e-02
27 9.710520e-01 7.016000e-03 2.193200e-02
28 9.698000e-01 7.032000e-03 2.316800e-02
29 9.685760e-01 7.052000e-03 2.437200e-02
30 9.671160e-01 7.292000e-03 2.559200e-02
31 9.657840e-01 7.304000e-03 2.691200e-02
32 9.642880e-01 7.540000e-03 2.817200e-02
33 9.628920e-01 7.584000e-03 2.952400e-02
34 9.614040e-01 7.864000e-03 3.073200e-02
35 9.599080e-01 8.024000e-03 3.206800e-02
36 9.583520e-01 8.196000e-03 3.345200e-02
37 9.567000e-01 8.460000e-03 3.484000e-02
38 9.550560e-01 8.456000e-03 3.648800e-02
39 9.534520e-01 8.552000e-03 3.799600e-02
40 9.517680e-01 8.696000e-03 3.953600e-02
41 9.501920e-01 8.788000e-03 4.102000e-02
42 9.486560e-01 8.740000e-03 4.260400e-02
43 9.469920e-01 8.776000e-03 4.423200e-02
44 9.454760e-01 8.868000e-03 4.565600e-02
45 9.437160e-01 8.956000e-03 4.732800e-02
46 9.420760e-01 9.008000e-03 4.891600e-02
47 9.402520e-01 9.248000e-03 5.050000e-02
48 9.384560e-01 9.236000e-03 5.230800e-02
49 9.369600e-01 9.124000e-03 5.391600e-02
50 9.353560e-01 9.096000e-03 5.554800e-02
51 9.336440e-01 9.300000e-03 5.705600e-02
52 9.320320e-01 9.240000e-03 5.872800e-02
53 9.302680e-01 9.344000e-03 6.038800e-02
54 9.285440e-01 9.428000e-03 6.202800e-02
55 9.268800e-01 9.456000e-03 6.366400e-02
56 9.253280e-01 9.480000e-03 6.519200e-02
57 9.239000e-01 9.316000e-03 6.678400e-02
58 9.222400e-01 9.332000e-03 6.842800e-02
59 9.205680e-01 9.452000e-03 6.998000e-02
60 9.189120e-01 9.448000e-03 7.164000e-02
61 9.172200e-01 9.480000e-03 7.330000e-02
62 9.155280e-01 9.448000e-03 7.502400e-02
63 9.136960e-01 9.516000e-03 7.678800e-02
64 9.120320e-01 9.392000e-03 7.857600e-02
65 9.106360e-01 9.220000e-03 8.014400e-02
66 9.089360e-01 9.504000e-03 8.156000e-02
67 9.073120e-01 9.480000e-03 8.320800e-02
68 9.056080e-01 9.516000e-03 8.487600e-02
69 9.038600e-01 9.700000e-03 8.644000e-02
70 9.021480e-01 9.712000e-03 8.814000e-02
71 9.005000e-01 9.608000e-03 8.989200e-02
72 8.987920e-01 9.540000e-03 9.166800e-02
73 8.971400e-01 9.496000e-03 9.336400e-02
74 8.954120e-01 9.628000e-03 9.496000e-02
75 8.937440e-01 9.648000e-03 9.660800e-02
76 8.918920e-01 9.800000e-03 9.830800e-02
77 8.901040e-01 9.800000e-03 1.000960e-01
78 8.883520e-01 9.760000e-03 1.018880e-01
79 8.866920e-01 9.656000e-03 1.036520e-01
80 8.851400e-01 9.536000e-03 1.053240e-01
81 8.835680e-01 9.380000e-03 1.070520e-01
82 8.818680e-01 9.288000e-03 1.088440e-01
83 8.801680e-01 9.316000e-03 1.105160e-01
84 8.785520e-01 9.256000e-03 1.121920e-01
85 8.768160e-01 9.384000e-03 1.138000e-01
86 8.750200e-01 9.520000e-03 1.154600e-01
87 8.731920e-01 9.568000e-03 1.172400e-01
88 8.713760e-01 9.628000e-03 1.189960e-01
89 8.698200e-01 9.504000e-03 1.206760e-01
90 8.682640e-01 9.376000e-03 1.223600e-01
91 8.666560e-01 9.412000e-03 1.239320e-01
92 8.648320e-01 9.636000e-03 1.255320e-01
93 8.633840e-01 9.352000e-03 1.272640e-01
94 8.618240e-01 9.240000e-03 1.289360e-01
95 8.601840e-01 9.116000e-03 1.307000e-01
96 8.584880e-01 9.328000e-03 1.321840e-01
97 8.567400e-01 9.600000e-03 1.336600e-01
98 8.550440e-01 9.536000e-03 1.354200e-01
99 8.534600e-01 9.628000e-03 1.369120e-01
100 8.518600e-01 9.596000e-03 1.385440e-01
101 8.503400e-01 9.416000e-03 1.402440e-01
102 8.488920e-01 9.100000e-03 1.420080e-01
103 8.472280e-01 9.216000e-03 1.435560e-01
104 8.455760e-01 9.248000e-03 1.451760e-01
105 8.439880e-01 9.336000e-03 1.466760e-01
106 8.423400e-01 9.368000e-03 1.482920e-01
107 8.406760e-01 9.416000e-03 1.499080e-01
108 8.390600e-01 9.440000e-03 1.515000e-01
109 8.373920e-01 9.356000e-03 1.532520e-01
110 8.356840e-01 9.532000e-03 1.547840e-01
111 8.339280e-01 9.572000e-03 1.565000e-01
112 8.323080e-01 9.340000e-03 1.583520e-01
113 8.306520e-01 9.528000e-03 1.598200e-01
114 8.291800e-01 9.464000e-03 1.613560e-01
115 8.275400e-01 9.468000e-03 1.629920e-01
116 8.259840e-01 9.408000e-03 1.646080e-01
117 8.244960e-01 9.336000e-03 1.661680e-01
118 8.230200e-01 9.360000e-03 1.676200e-01
119 8.214760e-01 9.252000e-03 1.692720e-01
120 8.199200e-01 9.208000e-03 1.708720e-01
121 8.186320e-01 8.940000e-03 1.724280e-01
122 8.171560e-01 9.008000e-03 1.738360e-01
123 8.158280e-01 8.820000e-03 1.753520e-01
124 8.144440e-01 8.608000e-03 1.769480e-01
125 8.129680e-01 8.508000e-03 1.785240e-01
126 8.115760e-01 8.320000e-03 1.801040e-01
127 8.100360e-01 8.516000e-03 1.814480e-01
128 8.085840e-01 8.444000e-03 1.829720e-01
129 8.073400e-01 8.052000e-03 1.846080e-01
130 8.059360e-01 8.096000e-03 1.859680e-01
131 8.045720e-01 8.064000e-03 1.873640e-01
132 8.031280e-01 8.088000e-03 1.887840e-01
133 8.016920e-01 8.168000e-03 1.901400e-01
134 8.002680e-01 8.260000e-03 1.914720e-01
135 7.989240e-01 8.116000e-03 1.929600e-01
136 7.975280e-01 8.156000e-03 1.943160e-01
137 7.961280e-01 8.116000e-03 1.957560e-01
138 7.947680e-01 8.024000e-03 1.972080e-01
139 7.935480e-01 7.772000e-03 1.986800e-01
140 7.923600e-01 7.548000e-03 2.000920e-01
141 7.912640e-01 7.464000e-03 2.012720e-01
142 7.900040e-01 7.340000e-03 2.026560e-01
143 7.886960e-01 7.364000e-03 2.039400e-01
144 7.874240e-01 7.404000e-03 2.051720e-01
145 7.862720e-01 7.192000e-03 2.065360e-01
146 7.850280e-01 7.268000e-03 2.077040e-01
147 7.838120e-01 7.044000e-03 2.091440e-01
148 7.825680e-01 7.016000e-03 2.104160e-01
149 7.811560e-01 7.232000e-03 2.116120e-01
150 7.799160e-01 7.204000e-03 2.128800e-01
151 7.786360e-01 7.232000e-03 2.141320e-01
152 7.774240e-01 7.292000e-03 2.152840e-01
153 7.761960e-01 7.304000e-03 2.165000e-01
154 7.750320e-01 7.124000e-03 2.178440e-01
155 7.738760e-01 7.052000e-03 2.190720e-01
156 7.726320e-01 7.084000e-03 2.202840e-01
157 7.713680e-01 7.032000e-03 2.216000e-01
158 7.701880e-01 7.032000e-03 2.227800e-01
159 7.689560e-01 7.060000e-03 2.239840e-01
160 7.677240e-01 7.108000e-03 2.251680e-01
161 7.665040e-01 7.052000e-03 2.264440e-01
162 7.651200e-01 7.228000e-03 2.276520e-01
163 7.638320e-01 7.336000e-03 2.288320e-01
164 7.625240e-01 7.348000e-03 2.301280e-01
165 7.613520e-01 7.248000e-03 2.314000e-01
166 7.602200e-01 7.144000e-03 2.326360e-01
167 7.589960e-01 7.036000e-03 2.339680e-01
168 7.578560e-01 6.944000e-03 2.352000e-01
169 7.567720e-01 6.736000e-03 2.364920e-01
170 7.556880e-01 6.744000e-03 2.375680e-01
171 7.545680e-01 6.696000e-03 2.387360e-01
172 7.536000e-01 6.416000e-03 2.399840e-01
173 7.525840e-01 6.332000e-03 2.410840e-01
174 7.515440e-01 6.220000e-03 2.422360e-01
175 7.505160e-01 6.160000e-03 2.433240e-01
176 7.496040e-01 6.036000e-03 2.443600e-01
177 7.485040e-01 6.064000e-03 2.454320e-01
178 7.474960e-01 6.020000e-03 2.464840e-01
179 7.465480e-01 6.012000e-03 2.474400e-01
180 7.455880e-01 5.936000e-03 2.484760e-01
181 7.445520e-01 5.980000e-03 2.494680e-01
182 7.436800e-01 5.880000e-03 2.504400e-01
183 7.426200e-01 5.928000e-03 2.514520e-01
184 7.417160e-01 5.796000e-03 2.524880e-01
185 7.407480e-01 5.680000e-03 2.535720e-01
186 7.397800e-01 5.692000e-03 2.545280e-01
187 7.389520e-01 5.508000e-03 2.555400e-01
188 7.379600e-01 5.604000e-03 2.564360e-01
189 7.370720e-01 5.524000e-03 2.574040e-01
190 7.361080e-01 5.616000e-03 2.582760e-01
191 7.350320e-01 5.712000e-03 2.592560e-01
192 7.340000e-01 5.704000e-03 2.602960e-01
193 7.331160e-01 5.592000e-03 2.612920e-01
194 7.322080e-01 5.548000e-03 2.622440e-01
195 7.313600e-01 5.416000e-03 2.632240e-01
196 7.304000e-01 5.452000e-03 2.641480e-01
197 7.296680e-01 5.284000e-03 2.650480e-01
198 7.288440e-01 5.204000e-03 2.659520e-01
199 7.281160e-01 5.048000e-03 2.668360e-01
200 7.273400e-01 4.928000e-03 2.677320e-01
201 7.266440e-01 4.752000e-03 2.686040e-01
202 7.259000e-01 4.632000e-03 2.694680e-01
203 7.250960e-01 4.716000e-03 2.701880e-01
204 7.242640e-01 4.792000e-03 2.709440e-01
205 7.234960e-01 4.740000e-03 2.717640e-01
206 7.226240e-01 4.712000e-03 2.726640e-01
207 7.218600e-01 4.648000e-03 2.734920e-01
208 7.210520e-01 4.700000e-03 2.742480e-01
209 7.202960e-01 4.640000e-03 2.750640e-01
210 7.195160e-01 4.576000e-03 2.759080e-01
211 7.187640e-01 4.620000e-03 2.766160e-01
212 7.179320e-01 4.640000e-03 2.774280e-01
213 7.171840e-01 4.592000e-03 2.782240e-01
214 7.163880e-01 4.552000e-03 2.790600e-01
215 7.155920e-01 4.544000e-03 2.798640e-01
216 7.149360e-01 4.432000e-03 2.806320e-01
217 7.141560e-01 4.404000e-03 2.814400e-01
218 7.134880e-01 4.300000e-03 2.822120e-01
219 7.127840e-01 4.232000e-03 2.829840e-01
220 7.120120e-01 4.188000e-03 2.838000e-01
221 7.113200e-01 4.068000e-03 2.846120e-01
222 7.106080e-01 4.092000e-03 2.853000e-01
223 7.098880e-01 4.120000e-03 2.859920e-01
224 7.092760e-01 4.032000e-03 2.866920e-01
225 7.086800e-01 3.984000e-03 2.873360e-01
226 7.080960e-01 3.836000e-03 2.880680e-01
227 7.074480e-01 3.812000e-03 2.887400e-01
228 7.067520e-01 3.880000e-03 2.893680e-01
229 7.060440e-01 3.964000e-03 2.899920e-01
230 7.053880e-01 3.868000e-03 2.907440e-01
231 7.047160e-01 3.844000e-03 2.914400e-01
232 7.040640e-01 3.824000e-03 2.921120e-01
233 7.035440e-01 3.672000e-03 2.927840e-01
234 7.029640e-01 3.576000e-03 2.934600e-01
235 7.023560e-01 3.532000e-03 2.941120e-01
236 7.017880e-01 3.420000e-03 2.947920e-01
237 7.012280e-01 3.324000e-03 2.954480e-01
238 7.006480e-01 3.428000e-03 2.959240e-01
239 7.001560e-01 3.376000e-03 2.964680e-01
240 6.996080e-01 3.348000e-03 2.970440e-01
241 6.991080e-01 3.288000e-03 2.976040e-01
242 6.986840e-01 3.116000e-03 2.982000e-01
243 6.982280e-01 2.952000e-03 2.988200e-01
244 6.978400e-01 2.876000e-03 2.992840e-01
245 6.973800e-01 2.848000e-03 2.997720e-01
246 6.968400e-01 2.868000e-03 3.002920e-01
247 6.963720e-01 2.824000e-03 3.008040e-01
248 6.957960e-01 2.904000e-03 3.013000e-01
249 6.952680e-01 2.884000e-03 3.018480e-01
250 6.948000e-01 2.800000e-03 3.024000e-01
251 6.943000e-01 2.788000e-03 3.029120e-01
252 6.938720e-01 2.764000e-03 3.033640e-01
253 6.934360e-01 2.772000e-03 3.037920e-01
254 6.929000e-01 2.868000e-03 3.042320e-01
255 6.923880e-01 2.824000e-03 3.047880e-01
256 6.919360e-01 2.748000e-03 3.053160e-01
257 6.914360e-01 2.680000e-03 3.058840e-01
258 6.910080e-01 2.652000e-03 3.063400e-01
259 6.906640e-01 2.556000e-03 3.067800e-01
260 6.901760e-01 2.568000e-03 3.072560e-01
261 6.896440e-01 2.672000e-03 3.076840e-01
262 6.891640e-01 2.708000e-03 3.081280e-01
263 6.886360e-01 2.720000e-03 3.086440e-01
264 6.881720e-01 2.656000e-03 3.091720e-01
265 6.876280e-01 2.740000e-03 3.096320e-01
266 6.872200e-01 2.608000e-03 3.101720e-01
267 6.867080e-01 2.612000e-03 3.106800e-01
268 6.862640e-01 2.564000e-03 3.111720e-01
269 6.858080e-01 2.584000e-03 3.116080e-01
270 6.853680e-01 2.608000e-03 3.120240e-01
271 6.849960e-01 2.504000e-03 3.125000e-01
272 6.846520e-01 2.436000e-03 3.129120e-01
273 6.842760e-01 2.360000e-03 3.133640e-01
274 6.839320e-01 2.336000e-03 3.137320e-01
275 6.834840e-01 2.400000e-03 3.141160e-01
276 6.830000e-01 2.424000e-03 3.145760e-01
277 6.826240e-01 2.384000e-03 3.149920e-01
278 6.821840e-01 2.436000e-03 3.153800e-01
279 6.817720e-01 2.396000e-03 3.158320e-01
280 6.813040e-01 2.444000e-03 3.162520e-01
281 6.809240e-01 2.336000e-03 3.167400e-01
282 6.805200e-01 2.388000e-03 3.170920e-01
283 6.800640e-01 2.452000e-03 3.174840e-01
284 6.796480e-01 2.440000e-03 3.179120e-01
285 6.793160e-01 2.364000e-03 3.183200e-01
286 6.788680e-01 2.472000e-03 3.186600e-01
287 6.784720e-01 2.492000e-03 3.190360e-01
288 6.780280e-01 2.512000e-03 3.194600e-01
289 6.777120e-01 2.376000e-03 3.199120e-01
290 6.773280e-01 2.304000e-03 3.203680e-01
291 6.769520e-01 2.296000e-03 3.207520e-01
292 6.766280e-01 2.240000e-03 3.211320e-01
293 6.762360e-01 2.252000e-03 3.215120e-01
294 6.758080e-01 2.284000e-03 3.219080e-01
295 6.753960e-01 2.284000e-03 3.223200e-01
296 6.750000e-01 2.288000e-03 3.227120e-01
297 6.745600e-01 2.360000e-03 3.230800e-01
298 6.741640e-01 2.316000e-03 3.235200e-01
299 6.738160e-01 2.260000e-03 3.239240e-01
300 6.734320e-01 2.240000e-03 3.243280e-01
301 6.730880e-01 2.152000e-03 3.247600e-01
302 6.727040e-01 2.112000e-03 3.251840e-01
303 6.722960e-01 2.200000e-03 3.255040e-01
304 6.719440e-01 2.100000e-03 3.259560e-01
305 6.715400e-01 2.116000e-03 3.263440e-01
306 6.711600e-01 2.096000e-03 3.267440e-01
307 6.708000e-01 2.052000e-03 3.271480e-01
308 6.705600e-01 1.952000e-03 3.274880e-01
309 6.702640e-01 1.920000e-03 3.278160e-01
310 6.700600e-01 1.744000e-03 3.281960e-01
311 6.698440e-01 1.612000e-03 3.285440e-01
312 6.696280e-01 1.560000e-03 3.288120e-01
313 6.693720e-01 1.532000e-03 3.290960e-01
314 6.690560e-01 1.608000e-03 3.293360e-01
315 6.687400e-01 1.592000e-03 3.296680e-01
316 6.684320e-01 1.620000e-03 3.299480e-01
317 6.681920e-01 1.628000e-03 3.301800e-01
318 6.679720e-01 1.512000e-03 3.305160e-01
319 6.677480e-01 1.448000e-03 3.308040e-01
320 6.675240e-01 1.424000e-03 3.310520e-01
321 6.673240e-01 1.420000e-03 3.312560e-01
322 6.671320e-01 1.356000e-03 3.315120e-01
323 6.668920e-01 1.348000e-03 3.317600e-01
324 6.667400e-01 1.300000e-03 3.319600e-01
325 6.665360e-01 1.252000e-03 3.322120e-01
326 6.663040e-01 1.312000e-03 3.323840e-01
327 6.661240e-01 1.240000e-03 3.326360e-01
328 6.659160e-01 1.236000e-03 3.328480e-01
329 6.657680e-01 1.164000e-03 3.330680e-01
330 6.655960e-01 1.136000e-03 3.332680e-01
331 6.654560e-01 1.100000e-03 3.334440e-01
332 6.653240e-01 1.044000e-03 3.336320e-01
333 6.651880e-01 9.960000e-04 3.338160e-01
334 6.650120e-01 9.760000e-04 3.340120e-01
335 6.648320e-01 9.640000e-04 3.342040e-01
336 6.646840e-01 9.560000e-04 3.343600e-01
337 6.645160e-01 9.520000e-04 3.345320e-01
338 6.643840e-01 9.320000e-04 3.346840e-01
339 6.642160e-01 9.560000e-04 3.348280e-01
340 6.640280e-01 9.760000e-04 3.349960e-01
341 6.638600e-01 9.760000e-04 3.351640e-01
342 6.636880e-01 9.520000e-04 3.353600e-01
343 6.634960e-01 9.600000e-04 3.355440e-01
344 6.632360e-01 1.028000e-03 3.357360e-01
345 6.630120e-01 1.052000e-03 3.359360e-01
346 6.627800e-01 1.136000e-03 3.360840e-01
347 6.625560e-01 1.164000e-03 3.362800e-01
348 6.623480e-01 1.204000e-03 3.364480e-01
349 6.621360e-01 1.244000e-03 3.366200e-01
350 6.619200e-01 1.200000e-03 3.368800e-01
351 6.616760e-01 1.240000e-03 3.370840e-01
352 6.614560e-01 1.240000e-03 3.373040e-01
353 6.612600e-01 1.228000e-03 3.375120e-01
354 6.610800e-01 1.208000e-03 3.377120e-01
355 6.609280e-01 1.168000e-03 3.379040e-01
356 6.607840e-01 1.092000e-03 3.381240e-01
357 6.606520e-01 1.064000e-03 3.382840e-01
358 6.604640e-01 1.080000e-03 3.384560e-01
359 6.603120e-01 1.052000e-03 3.386360e-01
360 6.601800e-01 1.004000e-03 3.388160e-01
361 6.600440e-01 9.960000e-04 3.389600e-01
362 6.598640e-01 9.960000e-04 3.391400e-01
363 6.596800e-01 1.000000e-03 3.393200e-01
364 6.594800e-01 1.032000e-03 3.394880e-01
365 6.593560e-01 9.640000e-04 3.396800e-01
366 6.591920e-01 9.080000e-04 3.399000e-01
367 6.590640e-01 8.720000e-04 3.400640e-01
368 6.588880e-01 9.240000e-04 3.401880e-01
369 6.587320e-01 8.920000e-04 3.403760e-01
370 6.585680e-01 8.840000e-04 3.405480e-01
371 6.584440e-01 8.440000e-04 3.407120e-01
372 6.583600e-01 7.920000e-04 3.408480e-01
373 6.582280e-01 7.720000e-04 3.410000e-01
374 6.580920e-01 7.640000e-04 3.411440e-01
375 6.580000e-01 7.400000e-04 3.412600e-01
376 6.578600e-01 7.640000e-04 3.413760e-01
377 6.577400e-01 6.800000e-04 3.415800e-01
378 6.576520e-01 6.680000e-04 3.416800e-01
379 6.575240e-01 6.960000e-04 3.417800e-01
380 6.574040e-01 7.000000e-04 3.418960e-01
381 6.572240e-01 7.600000e-04 3.420160e-01
382 6.570800e-01 7.880000e-04 3.421320e-01
383 6.569000e-01 8.280000e-04 3.422720e-01
384 6.567520e-01 8.360000e-04 3.424120e-01
385 6.566560e-01 8.440000e-04 3.425000e-01
386 6.565200e-01 8.000000e-04 3.426800e-01
387 6.563960e-01 7.560000e-04 3.428480e-01
388 6.562560e-01 7.760000e-04 3.429680e-01
389 6.560920e-01 8.320000e-04 3.430760e-01
390 6.559680e-01 8.280000e-04 3.432040e-01
391 6.558400e-01 8.160000e-04 3.433440e-01
392 6.556600e-01 8.400000e-04 3.435000e-01
393 6.554640e-01 8.560000e-04 3.436800e-01
394 6.553080e-01 8.680000e-04 3.438240e-01
395 6.551320e-01 8.960000e-04 3.439720e-01
396 6.549760e-01 9.200000e-04 3.441040e-01
397 6.548360e-01 8.920000e-04 3.442720e-01
398 6.547400e-01 8.400000e-04 3.444200e-01
399 6.546280e-01 7.920000e-04 3.445800e-01
400 6.545280e-01 7.360000e-04 3.447360e-01
401 6.544240e-01 6.960000e-04 3.448800e-01
402 6.543280e-01 6.440000e-04 3.450280e-01
403 6.542560e-01 5.960000e-04 3.451480e-01
404 6.541480e-01 5.920000e-04 3.452600e-01
405 6.540640e-01 5.920000e-04 3.453440e-01
406 6.539920e-01 5.520000e-04 3.454560e-01
407 6.539320e-01 5.360000e-04 3.455320e-01
408 6.538640e-01 5.320000e-04 3.456040e-01
409 6.538040e-01 4.920000e-04 3.457040e-01
410 6.537360e-01 5.080000e-04 3.457560e-01
411 6.536200e-01 5.400000e-04 3.458400e-01
412 6.535560e-01 4.960000e-04 3.459480e-01
413 6.535080e-01 4.840000e-04 3.460080e-01
414 6.534480e-01 4.920000e-04 3.460600e-01
415 6.533920e-01 4.480000e-04 3.461600e-01
416 6.533240e-01 4.160000e-04 3.462600e-01
417 6.532640e-01 4.000000e-04 3.463360e-01
418 6.532040e-01 4.240000e-04 3.463720e-01
419 6.531320e-01 4.200000e-04 3.464480e-01
420 6.530560e-01 4.080000e-04 3.465360e-01
421 6.530040e-01 3.880000e-04 3.466080e-01
422 6.529320e-01 3.920000e-04 3.466760e-01
423 6.528800e-01 3.880000e-04 3.467320e-01
424 6.528080e-01 4.000000e-04 3.467920e-01
425 6.527440e-01 3.640000e-04 3.468920e-01
426 6.526520e-01 4.120000e-04 3.469360e-01
427 6.526040e-01 3.920000e-04 3.470040e-01
428 6.525440e-01 3.720000e-04 3.470840e-01
429 6.524640e-01 3.720000e-04 3.471640e-01
430 6.524200e-01 3.520000e-04 3.472280e-01
431 6.523760e-01 3.480000e-04 3.472760e-01
432 6.523400e-01 3.240000e-04 3.473360e-01
433 6.522960e-01 3.360000e-04 3.473680e-01
434 6.522520e-01 3.160000e-04 3.474320e-01
435 6.522040e-01 2.880000e-04 3.475080e-01
436 6.521480e-01 2.760000e-04 3.475760e-01
437 6.521000e-01 2.520000e-04 3.476480e-01
438 6.520600e-01 2.440000e-04 3.476960e-01
439 6.520280e-01 2.280000e-04 3.477440e-01
440 6.519600e-01 2.600000e-04 3.477800e-01
441 6.519320e-01 2.480000e-04 3.478200e-01
442 6.519040e-01 2.200000e-04 3.478760e-01
443 6.518720e-01 2.160000e-04 3.479120e-01
444 6.518520e-01 2.040000e-04 3.479440e-01
445 6.518120e-01 2.000000e-04 3.479880e-01
446 6.517960e-01 1.640000e-04 3.480400e-01
447 6.517920e-01 1.400000e-04 3.480680e-01
448 6.517840e-01 1.160000e-04 3.481000e-01
449 6.517600e-01 1.160000e-04 3.481240e-01
450 6.517440e-01 1.080000e-04 3.481480e-01
451 6.517320e-01 1.000000e-04 3.481680e-01
452 6.517200e-01 1.080000e-04 3.481720e-01
453 6.516800e-01 1.320000e-04 3.481880e-01
454 6.516480e-01 1.240000e-04 3.482280e-01
455 6.516400e-01 1.080000e-04 3.482520e-01
456 6.516040e-01 1.280000e-04 3.482680e-01
457 6.515960e-01 1.200000e-04 3.482840e-01
458 6.515720e-01 1.160000e-04 3.483120e-01
459 6.515560e-01 1.200000e-04 3.483240e-01
460 6.515360e-01 1.160000e-04 3.483480e-01
461 6.515240e-01 1.040000e-04 3.483720e-01
462 6.515040e-01 1.160000e-04 3.483800e-01
463 6.514840e-01 1.200000e-04 3.483960e-01
464 6.514520e-01 1.080000e-04 3.484400e-01
465 6.514000e-01 1.320000e-04 3.484680e-01
466 6.513440e-01 1.560000e-04 3.485000e-01
467 6.513120e-01 1.640000e-04 3.485240e-01
468 6.512720e-01 1.560000e-04 3.485720e-01
469 6.512160e-01 1.680000e-04 3.486160e-01
470 6.511880e-01 1.600000e-04 3.486520e-01
471 6.511480e-01 1.800000e-04 3.486720e-01
472 6.511120e-01 1.760000e-04 3.487120e-01
473 6.510760e-01 1.880000e-04 3.487360e-01
474 6.510360e-01 2.000000e-04 3.487640e-01
475 6.509880e-01 2.280000e-04 3.487840e-01
476 6.509400e-01 2.320000e-04 3.488280e-01
477 6.508680e-01 2.520000e-04 3.488800e-01
478 6.508160e-01 2.680000e-04 3.489160e-01
479 6.507920e-01 2.600000e-04 3.489480e-01
480 6.507080e-01 3.000000e-04 3.489920e-01
481 6.506440e-01 2.880000e-04 3.490680e-01
482 6.505840e-01 2.840000e-04 3.491320e-01
483 6.505640e-01 2.600000e-04 3.491760e-01
484 6.505440e-01 2.400000e-04 3.492160e-01
485 6.505120e-01 2.400000e-04 3.492480e-01
486 6.504880e-01 2.200000e-04 3.492920e-01
487 6.504800e-01 2.080000e-04 3.493120e-01
488 6.504680e-01 2.000000e-04 3.493320e-01
489 6.504480e-01 2.000000e-04 3.493520e-01
490 6.504360e-01 1.680000e-04 3.493960e-01
491 6.504200e-01 1.640000e-04 3.494160e-01
492 6.503800e-01 1.760000e-04 3.494440e-01
493 6.503640e-01 1.360000e-04 3.495000e-01
494 6.503440e-01 1.200000e-04 3.495360e-01
495 6.503400e-01 1.120000e-04 3.495480e-01
496 6.503320e-01 9.600000e-05 3.495720e-01
497 6.503320e-01 8.800000e-05 3.495800e-01
498 6.503200e-01 8.800000e-05 3.495920e-01
499 6.503160e-01 7.600000e-05 3.496080e-01
500 6.503080e-01 6.400000e-05 3.496280e-01
