1 9.990880e-01 8.000000e-04 1.120000e-04
2 9.985240e-01 1.224000e-03 2.520000e-04
3 9.977720e-01 1.728000e-03 5.000000e-04
4 9.969200e-01 2.252000e-03 8.280000e-04
5 9.957960e-01 2.936000e-03 1.268000e-03
6 9.946920e-01 3.408000e-03 1.900000e-03
7 9.936000e-01 3.856000e-03 2.544000e-03
8 9.925800e-01 4.124000e-03 3.296000e-03
9 9.915200e-01 4.444000e-03 4.036000e-03
10 9.903040e-01 4.756000e-03 4.940000e-03
11 9.890360e-01 5.132000e-03 5.832000e-03
12 9.877080e-01 5.636000e-03 6.656000e-03
13 9.864240e-01 5.932000e-03 7.644000e-03
14 9.850600e-01 6.128000e-03 8.812000e-03
15 9.837760e-01 6.260000e-03 9.964000e-03
16 9.823880e-01 6.660000e-03 1.095200e-02
17 9.808440e-01 7.000000e-03 1.215600e-02
18 9.793520e-01 7.204000e-03 1.344400e-02
19 9.776040e-01 7.652000e-03 1.474400e-02
20 9.758280e-01 7.964000e-03 1.620800e-02
21 9.741880e-01 8.208000e-03 1.760400e-02
22 9.725320e-01 8.368000e-03 1.910000e-02
23 9.707680e-01 8.640000e-03 2.059200e-02
24 9.689200e-01 8.968000e-03 2.211200e-02
25 9.670520e-01 9.268000e-03 2.368000e-02
26 9.652800e-01 9.296000e-03 2.542400e-02
27 9.635760e-01 9.260000e-03 2.716400e-02
28 9.616680e-01 9.488000e-03 2.884400e-02
29 9.596960e-01 9.880000e-03 3.042400e-02
30 9.578800e-01 9.960000e-03 3.216000e-02
31 9.561680e-01 9.892000e-03 3.394000e-02
32 9.545720e-01 9.708000e-03 3.572000e-02
33 9.527400e-01 9.732000e-03 3.752800e-02
34 9.509640e-01 9.872000e-03 3.916400e-02
35 9.494120e-01 9.736000e-03 4.085200e-02
36 9.476520e-01 9.796000e-03 4.255200e-02
37 9.459040e-01 9.776000e-03 4.432000e-02
38 9.439560e-01 9.960000e-03 4.608400e-02
39 9.420960e-01 1.002800e-02 4.787600e-02
40 9.401040e-01 1.035200e-02 4.954400e-02
41 9.382360e-01 1.043200e-02 5.133200e-02
42 9.363720e-01 1.058800e-02 5.304000e-02
43 9.345920e-01 1.045600e-02 5.495200e-02
44 9.326040e-01 1.070000e-02 5.669600e-02
45 9.308240e-01 1.061200e-02 5.856400e-02
46 9.288520e-01 1.073600e-02 6.041200e-02
47 9.269000e-01 1.079600e-02 6.230400e-02
48 9.249720e-01 1.084400e-02 6.418400e-02
49 9.229000e-01 1.112800e-02 6.597200e-02
50 9.207640e-01 1.132400e-02 6.791200e-02
51 9.187600e-01 1.152800e-02 6.971200e-02
52 9.166880e-01 1.159200e-02 7.172000e-02
53 9.145560e-01 1.165200e-02 7.379200e-02
54 9.126480e-01 1.148400e-02 7.586800e-02
55 9.106720e-01 1.162400e-02 7.770400e-02
56 9.085800e-01 1.176400e-02 7.965600e-02
57 9.063760e-01 1.193200e-02 8.169200e-02
58 9.042560e-01 1.200000e-02 8.374400e-02
59 9.022320e-01 1.201600e-02 8.575200e-02
60 9.000520e-01 1.213600e-02 8.781200e-02
61 8.978720e-01 1.232000e-02 8.980800e-02
62 8.958680e-01 1.218800e-02 9.194400e-02
63 8.936560e-01 1.224000e-02 9.410400e-02
64 8.916040e-01 1.201200e-02 9.638400e-02
65 8.894640e-01 1.190800e-02 9.862800e-02
66 8.874680e-01 1.178800e-02 1.007440e-01
67 8.854720e-01 1.174000e-02 1.027880e-01
68 8.832520e-01 1.191600e-02 1.048320e-01
69 8.811640e-01 1.182800e-02 1.070080e-01
70 8.791240e-01 1.173600e-02 1.091400e-01
71 8.771960e-01 1.166800e-02 1.111360e-01
72 8.751160e-01 1.187600e-02 1.130080e-01
73 8.727520e-01 1.197600e-02 1.152720e-01
74 8.705640e-01 1.211200e-02 1.173240e-01
75 8.682720e-01 1.226800e-02 1.194600e-01
76 8.660320e-01 1.226800e-02 1.217000e-01
77 8.638120e-01 1.231200e-02 1.238760e-01
78 8.617280e-01 1.220000e-02 1.260720e-01
79 8.596640e-01 1.216800e-02 1.281680e-01
80 8.574600e-01 1.231600e-02 1.302240e-01
81 8.550840e-01 1.256800e-02 1.323480e-01
82 8.526800e-01 1.268800e-02 1.346320e-01
83 8.502760e-01 1.286400e-02 1.368600e-01
84 8.480800e-01 1.289200e-02 1.390280e-01
85 8.459320e-01 1.293200e-02 1.411360e-01
86 8.437600e-01 1.282000e-02 1.434200e-01
87 8.414880e-01 1.301200e-02 1.455000e-01
88 8.392960e-01 1.292400e-02 1.477800e-01
89 8.369880e-01 1.293600e-02 1.500760e-01
90 8.346440e-01 1.295600e-02 1.524000e-01
91 8.322600e-01 1.302800e-02 1.547120e-01
92 8.300440e-01 1.301600e-02 1.569400e-01
93 8.277280e-01 1.318400e-02 1.590880e-01
94 8.252960e-01 1.341600e-02 1.612880e-01
95 8.230320e-01 1.328000e-02 1.636880e-01
96 8.207600e-01 1.312000e-02 1.661200e-01
97 8.185000e-01 1.316000e-02 1.683400e-01
98 8.160720e-01 1.332000e-02 1.706080e-01
99 8.138720e-01 1.320000e-02 1.729280e-01
100 8.117440e-01 1.297600e-02 1.752800e-01
101 8.096920e-01 1.276800e-02 1.775400e-01
102 8.076080e-01 1.262400e-02 1.797680e-01
103 8.054640e-01 1.254800e-02 1.819880e-01
104 8.031720e-01 1.264800e-02 1.841800e-01
105 8.008320e-01 1.274000e-02 1.864280e-01
106 7.985840e-01 1.261600e-02 1.888000e-01
107 7.964480e-01 1.260000e-02 1.909520e-01
108 7.942600e-01 1.257600e-02 1.931640e-01
109 7.921480e-01 1.251600e-02 1.953360e-01
110 7.899200e-01 1.251200e-02 1.975680e-01
111 7.880080e-01 1.223600e-02 1.997560e-01
112 7.860680e-01 1.202800e-02 2.019040e-01
113 7.840400e-01 1.189200e-02 2.040680e-01
114 7.821080e-01 1.185600e-02 2.060360e-01
115 7.801440e-01 1.176000e-02 2.080960e-01
116 7.782440e-01 1.168000e-02 2.100760e-01
117 7.763240e-01 1.161600e-02 2.120600e-01
118 7.742640e-01 1.159200e-02 2.141440e-01
119 7.723840e-01 1.135600e-02 2.162600e-01
120 7.704640e-01 1.134800e-02 2.181880e-01
121 7.684920e-01 1.146800e-02 2.200400e-01
122 7.665320e-01 1.131600e-02 2.221520e-01
123 7.646480e-01 1.119600e-02 2.241560e-01
124 7.628680e-01 1.112000e-02 2.260120e-01
125 7.609880e-01 1.109600e-02 2.279160e-01
126 7.592200e-01 1.091600e-02 2.298640e-01
127 7.573760e-01 1.098400e-02 2.316400e-01
128 7.555120e-01 1.085200e-02 2.336360e-01
129 7.539360e-01 1.048800e-02 2.355760e-01
130 7.522480e-01 1.024400e-02 2.375080e-01
131 7.505800e-01 1.003600e-02 2.393840e-01
132 7.489040e-01 9.952000e-03 2.411440e-01
133 7.474440e-01 9.740000e-03 2.428160e-01
134 7.460080e-01 9.576000e-03 2.444160e-01
135 7.444880e-01 9.468000e-03 2.460440e-01
136 7.430920e-01 9.116000e-03 2.477920e-01
137 7.417120e-01 8.972000e-03 2.493160e-01
138 7.401240e-01 8.956000e-03 2.509200e-01
139 7.386360e-01 8.816000e-03 2.525480e-01
140 7.370600e-01 8.872000e-03 2.540680e-01
141 7.357360e-01 8.824000e-03 2.554400e-01
142 7.341960e-01 8.872000e-03 2.569320e-01
143 7.326680e-01 8.996000e-03 2.583360e-01
144 7.310960e-01 9.048000e-03 2.598560e-01
145 7.296040e-01 8.932000e-03 2.614640e-01
146 7.280080e-01 8.904000e-03 2.630880e-01
147 7.265840e-01 8.776000e-03 2.646400e-01
148 7.253360e-01 8.456000e-03 2.662080e-01
149 7.240680e-01 8.168000e-03 2.677640e-01
150 7.226280e-01 8.232000e-03 2.691400e-01
151 7.213480e-01 7.972000e-03 2.706800e-01
152 7.200280e-01 7.904000e-03 2.720680e-01
153 7.188000e-01 7.664000e-03 2.735360e-01
154 7.175080e-01 7.492000e-03 2.750000e-01
155 7.161880e-01 7.512000e-03 2.763000e-01
156 7.150040e-01 7.376000e-03 2.776200e-01
157 7.137360e-01 7.332000e-03 2.789320e-01
158 7.124760e-01 7.240000e-03 2.802840e-01
159 7.112000e-01 7.196000e-03 2.816040e-01
160 7.097960e-01 7.388000e-03 2.828160e-01
161 7.082040e-01 7.636000e-03 2.841600e-01
162 7.067080e-01 7.736000e-03 2.855560e-01
163 7.052960e-01 7.692000e-03 2.870120e-01
164 7.039120e-01 7.760000e-03 2.883280e-01
165 7.024680e-01 7.876000e-03 2.896560e-01
166 7.010200e-01 7.948000e-03 2.910320e-01
167 6.995440e-01 8.024000e-03 2.924320e-01
168 6.982680e-01 7.832000e-03 2.939000e-01
169 6.969680e-01 7.864000e-03 2.951680e-01
170 6.956480e-01 7.844000e-03 2.965080e-01
171 6.942800e-01 7.804000e-03 2.979160e-01
172 6.929040e-01 7.772000e-03 2.993240e-01
173 6.915400e-01 7.788000e-03 3.006720e-01
174 6.901520e-01 7.820000e-03 3.020280e-01
175 6.887880e-01 7.828000e-03 3.033840e-01
176 6.874720e-01 7.744000e-03 3.047840e-01
177 6.862000e-01 7.744000e-03 3.060560e-01
178 6.849160e-01 7.600000e-03 3.074840e-01
179 6.835400e-01 7.604000e-03 3.088560e-01
180 6.822240e-01 7.520000e-03 3.102560e-01
181 6.808880e-01 7.696000e-03 3.114160e-01
182 6.795720e-01 7.660000e-03 3.127680e-01
183 6.782440e-01 7.700000e-03 3.140560e-01
184 6.769680e-01 7.580000e-03 3.154520e-01
185 6.756040e-01 7.700000e-03 3.166960e-01
186 6.741760e-01 7.796000e-03 3.180280e-01
187 6.729120e-01 7.636000e-03 3.194520e-01
188 6.714640e-01 7.628000e-03 3.209080e-01
189 6.701160e-01 7.708000e-03 3.221760e-01
190 6.686800e-01 7.848000e-03 3.234720e-01
191 6.673360e-01 7.840000e-03 3.248240e-01
192 6.660920e-01 7.712000e-03 3.261960e-01
193 6.647400e-01 7.664000e-03 3.275960e-01
194 6.634680e-01 7.480000e-03 3.290520e-01
195 6.622760e-01 7.364000e-03 3.303600e-01
196 6.611400e-01 7.140000e-03 3.317200e-01
197 6.600560e-01 7.080000e-03 3.328640e-01
198 6.588400e-01 7.156000e-03 3.340040e-01
199 6.575960e-01 7.076000e-03 3.353280e-01
200 6.564200e-01 7.084000e-03 3.364960e-01
201 6.552640e-01 7.000000e-03 3.377360e-01
202 6.541800e-01 6.884000e-03 3.389360e-01
203 6.530760e-01 6.832000e-03 3.400920e-01
204 6.519760e-01 6.780000e-03 3.412440e-01
205 6.507600e-01 6.776000e-03 3.424640e-01
206 6.495800e-01 6.812000e-03 3.436080e-01
207 6.484120e-01 6.804000e-03 3.447840e-01
208 6.471400e-01 6.896000e-03 3.459640e-01
209 6.459440e-01 6.840000e-03 3.472160e-01
210 6.447720e-01 6.636000e-03 3.485920e-01
211 6.435880e-01 6.656000e-03 3.497560e-01
212 6.424080e-01 6.560000e-03 3.510320e-01
213 6.411760e-01 6.684000e-03 3.521400e-01
214 6.401640e-01 6.388000e-03 3.534480e-01
215 6.391360e-01 6.300000e-03 3.545640e-01
216 6.380280e-01 6.348000e-03 3.556240e-01
217 6.369040e-01 6.388000e-03 3.567080e-01
218 6.357320e-01 6.436000e-03 3.578320e-01
219 6.346600e-01 6.416000e-03 3.589240e-01
220 6.334520e-01 6.476000e-03 3.600720e-01
221 6.322880e-01 6.424000e-03 3.612880e-01
222 6.312520e-01 6.376000e-03 3.623720e-01
223 6.301680e-01 6.332000e-03 3.635000e-01
224 6.292240e-01 6.140000e-03 3.646360e-01
225 6.283560e-01 5.936000e-03 3.657080e-01
226 6.275840e-01 5.624000e-03 3.667920e-01
227 6.268680e-01 5.376000e-03 3.677560e-01
228 6.261000e-01 5.244000e-03 3.686560e-01
229 6.252320e-01 5.268000e-03 3.695000e-01
230 6.243880e-01 5.160000e-03 3.704520e-01
231 6.235680e-01 5.104000e-03 3.713280e-01
232 6.227080e-01 4.956000e-03 3.723360e-01
233 6.218880e-01 4.952000e-03 3.731600e-01
234 6.210080e-01 4.944000e-03 3.740480e-01
235 6.201480e-01 5.016000e-03 3.748360e-01
236 6.193280e-01 5.036000e-03 3.756360e-01
237 6.185600e-01 4.920000e-03 3.765200e-01
238 6.179000e-01 4.652000e-03 3.774480e-01
239 6.170280e-01 4.672000e-03 3.783000e-01
240 6.162600e-01 4.608000e-03 3.791320e-01
241 6.155800e-01 4.496000e-03 3.799240e-01
242 6.148400e-01 4.464000e-03 3.806960e-01
243 6.141200e-01 4.352000e-03 3.815280e-01
244 6.134560e-01 4.204000e-03 3.823400e-01
245 6.128080e-01 4.152000e-03 3.830400e-01
246 6.121960e-01 4.040000e-03 3.837640e-01
247 6.114680e-01 4.128000e-03 3.844040e-01
248 6.108360e-01 4.108000e-03 3.850560e-01
249 6.103040e-01 3.944000e-03 3.857520e-01
250 6.098200e-01 3.672000e-03 3.865080e-01
251 6.092440e-01 3.584000e-03 3.871720e-01
252 6.087320e-01 3.492000e-03 3.877760e-01
253 6.081720e-01 3.368000e-03 3.884600e-01
254 6.075360e-01 3.484000e-03 3.889800e-01
255 6.069360e-01 3.464000e-03 3.896000e-01
256 6.063440e-01 3.492000e-03 3.901640e-01
257 6.057280e-01 3.500000e-03 3.907720e-01
258 6.051480e-01 3.500000e-03 3.913520e-01
259 6.044880e-01 3.520000e-03 3.919920e-01
260 6.038520e-01 3.596000e-03 3.925520e-01
261 6.033160e-01 3.448000e-03 3.932360e-01
262 6.027720e-01 3.412000e-03 3.938160e-01
263 6.021560e-01 3.372000e-03 3.944720e-01
264 6.015960e-01 3.364000e-03 3.950400e-01
265 6.011240e-01 3.220000e-03 3.956560e-01
266 6.006000e-01 3.244000e-03 3.961560e-01
267 6.001680e-01 3.068000e-03 3.967640e-01
268 5.996280e-01 3.052000e-03 3.973200e-01
269 5.991040e-01 3.088000e-03 3.978080e-01
270 5.985720e-01 3.064000e-03 3.983640e-01
271 5.980760e-01 3.064000e-03 3.988600e-01
272 5.975760e-01 2.968000e-03 3.994560e-01
273 5.971280e-01 2.880000e-03 3.999920e-01
274 5.967040e-01 2.736000e-03 4.005600e-01
275 5.961960e-01 2.776000e-03 4.010280e-01
276 5.957800e-01 2.796000e-03 4.014240e-01
277 5.953720e-01 2.732000e-03 4.018960e-01
278 5.950000e-01 2.628000e-03 4.023720e-01
279 5.944680e-01 2.640000e-03 4.028920e-01
280 5.939440e-01 2.736000e-03 4.033200e-01
281 5.934520e-01 2.744000e-03 4.038040e-01
282 5.929800e-01 2.660000e-03 4.043600e-01
283 5.925360e-01 2.612000e-03 4.048520e-01
284 5.920720e-01 2.612000e-03 4.053160e-01
285 5.916960e-01 2.596000e-03 4.057080e-01
286 5.912320e-01 2.632000e-03 4.061360e-01
287 5.908360e-01 2.544000e-03 4.066200e-01
288 5.904480e-01 2.556000e-03 4.069960e-01
289 5.901360e-01 2.404000e-03 4.074600e-01
290 5.897440e-01 2.312000e-03 4.079440e-01
291 5.893760e-01 2.196000e-03 4.084280e-01
292 5.889880e-01 2.204000e-03 4.088080e-01
293 5.886600e-01 2.164000e-03 4.091760e-01
294 5.883400e-01 2.096000e-03 4.095640e-01
295 5.880040e-01 2.072000e-03 4.099240e-01
296 5.877120e-01 2.000000e-03 4.102880e-01
297 5.874320e-01 1.940000e-03 4.106280e-01
298 5.871400e-01 1.892000e-03 4.109680e-01
299 5.869000e-01 1.800000e-03 4.113000e-01
300 5.866160e-01 1.808000e-03 4.115760e-01
301 5.862160e-01 1.904000e-03 4.118800e-01
302 5.858840e-01 1.892000e-03 4.122240e-01
303 5.855520e-01 1.892000e-03 4.125560e-01
304 5.851960e-01 1.928000e-03 4.128760e-01
305 5.849400e-01 1.844000e-03 4.132160e-01
306 5.845840e-01 1.892000e-03 4.135240e-01
307 5.843080e-01 1.836000e-03 4.138560e-01
308 5.840480e-01 1.784000e-03 4.141680e-01
309 5.837320e-01 1.768000e-03 4.145000e-01
310 5.834880e-01 1.724000e-03 4.147880e-01
311 5.832240e-01 1.732000e-03 4.150440e-01
312 5.829760e-01 1.652000e-03 4.153720e-01
313 5.826840e-01 1.604000e-03 4.157120e-01
314 5.824080e-01 1.608000e-03 4.159840e-01
315 5.821360e-01 1.620000e-03 4.162440e-01
316 5.818640e-01 1.644000e-03 4.164920e-01
317 5.815320e-01 1.692000e-03 4.167760e-01
318 5.812000e-01 1.724000e-03 4.170760e-01
319 5.808200e-01 1.828000e-03 4.173520e-01
320 5.806080e-01 1.772000e-03 4.176200e-01
321 5.803400e-01 1.708000e-03 4.179520e-01
322 5.800680e-01 1.660000e-03 4.182720e-01
323 5.797240e-01 1.680000e-03 4.185960e-01
324 5.794080e-01 1.708000e-03 4.188840e-01
325 5.791680e-01 1.648000e-03 4.191840e-01
326 5.788880e-01 1.636000e-03 4.194760e-01
327 5.786680e-01 1.580000e-03 4.197520e-01
328 5.784440e-01 1.548000e-03 4.200080e-01
329 5.781960e-01 1.472000e-03 4.203320e-01
330 5.780080e-01 1.408000e-03 4.205840e-01
331 5.777880e-01 1.416000e-03 4.207960e-01
332 5.776000e-01 1.380000e-03 4.210200e-01
333 5.774200e-01 1.304000e-03 4.212760e-01
334 5.771640e-01 1.296000e-03 4.215400e-01
335 5.769720e-01 1.248000e-03 4.217800e-01
336 5.767080e-01 1.284000e-03 4.220080e-01
337 5.765440e-01 1.248000e-03 4.222080e-01
338 5.763760e-01 1.196000e-03 4.224280e-01
339 5.761760e-01 1.204000e-03 4.226200e-01
340 5.760200e-01 1.128000e-03 4.228520e-01
341 5.758760e-01 1.088000e-03 4.230360e-01
342 5.756840e-01 1.040000e-03 4.232760e-01
343 5.755320e-01 9.840000e-04 4.234840e-01
344 5.753560e-01 1.020000e-03 4.236240e-01
345 5.751320e-01 1.104000e-03 4.237640e-01
346 5.749600e-01 1.092000e-03 4.239480e-01
347 5.747280e-01 1.108000e-03 4.241640e-01
348 5.745840e-01 1.036000e-03 4.243800e-01
349 5.744000e-01 9.680000e-04 4.246320e-01
350 5.742400e-01 9.280000e-04 4.248320e-01
351 5.740920e-01 9.040000e-04 4.250040e-01
352 5.739400e-01 8.880000e-04 4.251720e-01
353 5.737960e-01 8.880000e-04 4.253160e-01
354 5.735960e-01 9.280000e-04 4.254760e-01
355 5.734280e-01 9.200000e-04 4.256520e-01
356 5.732320e-01 9.920000e-04 4.257760e-01
357 5.730880e-01 9.680000e-04 4.259440e-01
358 5.729440e-01 9.760000e-04 4.260800e-01
359 5.728320e-01 9.240000e-04 4.262440e-01
360 5.727080e-01 8.680000e-04 4.264240e-01
361 5.725800e-01 8.720000e-04 4.265480e-01
362 5.724040e-01 8.960000e-04 4.267000e-01
363 5.722640e-01 8.800000e-04 4.268560e-01
364 5.720640e-01 9.360000e-04 4.270000e-01
365 5.719000e-01 9.120000e-04 4.271880e-01
366 5.717560e-01 9.040000e-04 4.273400e-01
367 5.715880e-01 8.960000e-04 4.275160e-01
368 5.714160e-01 9.480000e-04 4.276360e-01
369 5.712400e-01 9.680000e-04 4.277920e-01
370 5.710760e-01 9.560000e-04 4.279680e-01
371 5.708960e-01 9.640000e-04 4.281400e-01
372 5.707400e-01 9.720000e-04 4.282880e-01
373 5.705840e-01 9.120000e-04 4.285040e-01
374 5.704040e-01 9.240000e-04 4.286720e-01
375 5.702760e-01 8.800000e-04 4.288440e-01
376 5.700760e-01 8.840000e-04 4.290400e-01
377 5.699080e-01 9.080000e-04 4.291840e-01
378 5.697280e-01 9.560000e-04 4.293160e-01
379 5.695640e-01 9.360000e-04 4.295000e-01
380 5.694120e-01 9.120000e-04 4.296760e-01
381 5.692760e-01 9.200000e-04 4.298040e-01
382 5.690960e-01 9.160000e-04 4.299880e-01
383 5.689800e-01 8.640000e-04 4.301560e-01
384 5.688440e-01 8.720000e-04 4.302840e-01
385 5.687120e-01 8.120000e-04 4.304760e-01
386 5.686120e-01 7.720000e-04 4.306160e-01
387 5.684760e-01 7.680000e-04 4.307560e-01
388 5.683040e-01 7.600000e-04 4.309360e-01
389 5.681360e-01 7.560000e-04 4.311080e-01
390 5.679800e-01 7.800000e-04 4.312400e-01
391 5.678560e-01 8.080000e-04 4.313360e-01
392 5.676400e-01 8.400000e-04 4.315200e-01
393 5.674560e-01 8.760000e-04 4.316680e-01
394 5.673280e-01 8.720000e-04 4.318000e-01
395 5.671840e-01 8.960000e-04 4.319200e-01
396 5.670920e-01 8.400000e-04 4.320680e-01
397 5.669480e-01 8.720000e-04 4.321800e-01
398 5.667880e-01 8.960000e-04 4.323160e-01
399 5.666560e-01 8.840000e-04 4.324600e-01
400 5.665000e-01 9.000000e-04 4.326000e-01
401 5.662920e-01 9.080000e-04 4.328000e-01
402 5.660880e-01 9.600000e-04 4.329520e-01
403 5.659520e-01 9.240000e-04 4.331240e-01
404 5.657520e-01 9.680000e-04 4.332800e-01
405 5.655880e-01 1.000000e-03 4.334120e-01
406 5.654080e-01 9.960000e-04 4.335960e-01
407 5.652800e-01 9.560000e-04 4.337640e-01
408 5.651600e-01 8.640000e-04 4.339760e-01
409 5.650440e-01 7.960000e-04 4.341600e-01
410 5.649320e-01 7.600000e-04 4.343080e-01
411 5.648320e-01 6.840000e-04 4.344840e-01
412 5.647320e-01 6.640000e-04 4.346040e-01
413 5.646480e-01 6.480000e-04 4.347040e-01
414 5.645320e-01 6.440000e-04 4.348240e-01
415 5.644440e-01 6.400000e-04 4.349160e-01
416 5.643400e-01 6.440000e-04 4.350160e-01
417 5.642360e-01 6.200000e-04 4.351440e-01
418 5.641080e-01 6.600000e-04 4.352320e-01
419 5.640080e-01 6.280000e-04 4.353640e-01
420 5.639280e-01 6.120000e-04 4.354600e-01
421 5.638240e-01 5.960000e-04 4.355800e-01
422 5.637560e-01 5.680000e-04 4.356760e-01
423 5.636720e-01 5.680000e-04 4.357600e-01
424 5.635880e-01 5.600000e-04 4.358520e-01
425 5.635160e-01 5.440000e-04 4.359400e-01
426 5.634360e-01 5.520000e-04 4.360120e-01
427 5.633480e-01 5.440000e-04 4.361080e-01
428 5.632560e-01 5.640000e-04 4.361800e-01
429 5.631400e-01 5.520000e-04 4.363080e-01
430 5.630480e-01 5.480000e-04 4.364040e-01
431 5.629600e-01 5.240000e-04 4.365160e-01
432 5.628640e-01 5.320000e-04 4.366040e-01
433 5.628080e-01 4.840000e-04 4.367080e-01
434 5.627480e-01 4.600000e-04 4.367920e-01
435 5.627040e-01 4.160000e-04 4.368800e-01
436 5.626600e-01 4.000000e-04 4.369400e-01
437 5.626200e-01 3.760000e-04 4.370040e-01
438 5.625720e-01 3.680000e-04 4.370600e-01
439 5.625160e-01 3.720000e-04 4.371120e-01
440 5.624640e-01 3.520000e-04 4.371840e-01
441 5.624120e-01 3.440000e-04 4.372440e-01
442 5.623760e-01 3.160000e-04 4.373080e-01
443 5.623080e-01 3.240000e-04 4.373680e-01
444 5.622560e-01 3.280000e-04 4.374160e-01
445 5.621880e-01 3.320000e-04 4.374800e-01
446 5.621440e-01 3.280000e-04 4.375280e-01
447 5.620760e-01 3.480000e-04 4.375760e-01
448 5.620080e-01 3.760000e-04 4.376160e-01
449 5.619640e-01 3.720000e-04 4.376640e-01
450 5.619000e-01 3.600000e-04 4.377400e-01
451 5.618520e-01 3.600000e-04 4.377880e-01
452 5.618080e-01 3.680000e-04 4.378240e-01
453 5.617520e-01 3.440000e-04 4.379040e-01
454 5.617040e-01 3.560000e-04 4.379400e-01
455 5.616440e-01 3.480000e-04 4.380080e-01
456 5.615840e-01 3.640000e-04 4.380520e-01
457 5.615200e-01 3.560000e-04 4.381240e-01
458 5.614520e-01 3.560000e-04 4.381920e-01
459 5.613840e-01 3.680000e-04 4.382480e-01
460 5.613560e-01 3.160000e-04 4.383280e-01
461 5.612920e-01 3.120000e-04 4.383960e-01
462 5.612000e-01 3.600000e-04 4.384400e-01
463 5.610920e-01 3.920000e-04 4.385160e-01
464 5.609920e-01 4.160000e-04 4.385920e-01
465 5.609040e-01 4.200000e-04 4.386760e-01
466 5.608320e-01 4.000000e-04 4.387680e-01
467 5.607520e-01 4.280000e-04 4.388200e-01
468 5.606880e-01 4.240000e-04 4.388880e-01
469 5.606160e-01 4.160000e-04 4.389680e-01
470 5.605280e-01 4.520000e-04 4.390200e-01
471 5.604920e-01 4.160000e-04 4.390920e-01
472 5.604520e-01 4.000000e-04 4.391480e-01
473 5.603880e-01 3.800000e-04 4.392320e-01
474 5.603440e-01 3.480000e-04 4.393080e-01
475 5.602720e-01 3.440000e-04 4.393840e-01
476 5.601760e-01 3.400000e-04 4.394840e-01
477 5.601400e-01 3.280000e-04 4.395320e-01
478 5.600680e-01 3.320000e-04 4.396000e-01
479 5.600160e-01 3.280000e-04 4.396560e-01
480 5.599400e-01 3.240000e-04 4.397360e-01
481 5.598680e-01 3.440000e-04 4.397880e-01
482 5.598080e-01 3.080000e-04 4.398840e-01
483 5.597880e-01 2.600000e-04 4.399520e-01
484 5.597240e-01 2.680000e-04 4.400080e-01
485 5.596960e-01 2.480000e-04 4.400560e-01
486 5.596600e-01 2.360000e-04 4.401040e-01
487 5.595960e-01 2.680000e-04 4.401360e-01
488 5.595320e-01 2.960000e-04 4.401720e-01
489 5.594600e-01 3.080000e-04 4.402320e-01
490 5.593680e-01 3.520000e-04 4.402800e-01
491 5.593000e-01 3.800000e-04 4.403200e-01
492 5.592440e-01 3.800000e-04 4.403760e-01
493 5.591880e-01 3.680000e-04 4.404440e-01
494 5.591720e-01 3.200000e-04 4.405080e-01
495 5.591400e-01 3.000000e-04 4.405600e-01
496 5.591000e-01 2.760000e-04 4.406240e-01
497 5.590680e-01 2.720000e-04 4.406600e-01
498 5.590240e-01 2.480000e-04 4.407280e-01
499 5.590040e-01 2.080000e-04 4.407880e-01
500 5.589920e-01 1.840000e-04 4.408240e-01
