1 9.990840e-01 8.360000e-04 8.000000e-05
2 9.985840e-01 1.152000e-03 2.640000e-04
3 9.980120e-01 1.508000e-03 4.800000e-04
4 9.971920e-01 2.056000e-03 7.520000e-04
5 9.963360e-01 2.492000e-03 1.172000e-03
6 9.954000e-01 2.980000e-03 1.620000e-03
7 9.943640e-01 3.472000e-03 2.164000e-03
8 9.933400e-01 3.888000e-03 2.772000e-03
9 9.923240e-01 4.236000e-03 3.440000e-03
10 9.910920e-01 4.632000e-03 4.276000e-03
11 9.899200e-01 4.852000e-03 5.228000e-03
12 9.886240e-01 5.288000e-03 6.088000e-03
13 9.874800e-01 5.476000e-03 7.044000e-03
14 9.863120e-01 5.696000e-03 7.992000e-03
15 9.851320e-01 5.924000e-03 8.944000e-03
16 9.838080e-01 6.108000e-03 1.008400e-02
17 9.825760e-01 6.192000e-03 1.123200e-02
18 9.812520e-01 6.452000e-03 1.229600e-02
19 9.800520e-01 6.620000e-03 1.332800e-02
20 9.786840e-01 6.812000e-03 1.450400e-02
21 9.773000e-01 7.052000e-03 1.564800e-02
22 9.758200e-01 7.236000e-03 1.694400e-02
23 9.741760e-01 7.492000e-03 1.833200e-02
24 9.727680e-01 7.516000e-03 1.971600e-02
25 9.711080e-01 7.772000e-03 2.112000e-02
26 9.696400e-01 7.892000e-03 2.246800e-02
27 9.681680e-01 7.968000e-03 2.386400e-02
28 9.666240e-01 8.032000e-03 2.534400e-02
29 9.652200e-01 8.048000e-03 2.673200e-02
30 9.636440e-01 8.308000e-03 2.804800e-02
31 9.620920e-01 8.384000e-03 2.952400e-02
32 9.604520e-01 8.524000e-03 3.102400e-02
33 9.590440e-01 8.560000e-03 3.239600e-02
34 9.574600e-01 8.620000e-03 3.392000e-02
35 9.558160e-01 8.704000e-03 3.548000e-02
36 9.542600e-01 8.684000e-03 3.705600e-02
37 9.528040e-01 8.636000e-03 3.856000e-02
38 9.514720e-01 8.476000e-03 4.005200e-02
39 9.499600e-01 8.544000e-03 4.149600e-02
40 9.483480e-01 8.592000e-03 4.306000e-02
41 9.467920e-01 8.688000e-03 4.452000e-02
42 9.454280e-01 8.424000e-03 4.614800e-02
43 9.438720e-01 8.468000e-03 4.766000e-02
44 9.424000e-01 8.468000e-03 4.913200e-02
45 9.408040e-01 8.628000e-03 5.056800e-02
46 9.392840e-01 8.552000e-03 5.216400e-02
47 9.377600e-01 8.692000e-03 5.354800e-02
48 9.360120e-01 8.900000e-03 5.508800e-02
49 9.343440e-01 9.064000e-03 5.659200e-02
50 9.326920e-01 9.112000e-03 5.819600e-02
51 9.311200e-01 8.992000e-03 5.988800e-02
52 9.293560e-01 8.964000e-03 6.168000e-02
53 9.277400e-01 9.024000e-03 6.323600e-02
54 9.261800e-01 9.052000e-03 6.476800e-02
55 9.244760e-01 9.056000e-03 6.646800e-02
56 9.226960e-01 9.148000e-03 6.815600e-02
57 9.211320e-01 9.148000e-03 6.972000e-02
58 9.193600e-01 9.408000e-03 7.123200e-02
59 9.175320e-01 9.668000e-03 7.280000e-02
60 9.158120e-01 9.744000e-03 7.444400e-02
61 9.140360e-01 9.768000e-03 7.619600e-02
62 9.124680e-01 9.704000e-03 7.782800e-02
63 9.108400e-01 9.572000e-03 7.958800e-02
64 9.092760e-01 9.380000e-03 8.134400e-02
65 9.076400e-01 9.464000e-03 8.289600e-02
66 9.060680e-01 9.464000e-03 8.446800e-02
67 9.045760e-01 9.340000e-03 8.608400e-02
68 9.030480e-01 9.268000e-03 8.768400e-02
69 9.014960e-01 9.148000e-03 8.935600e-02
70 8.999320e-01 9.156000e-03 9.091200e-02
71 8.983600e-01 9.032000e-03 9.260800e-02
72 8.969160e-01 8.876000e-03 9.420800e-02
73 8.954880e-01 8.652000e-03 9.586000e-02
74 8.940760e-01 8.668000e-03 9.725600e-02
75 8.928000e-01 8.432000e-03 9.876800e-02
76 8.912640e-01 8.472000e-03 1.002640e-01
77 8.896480e-01 8.664000e-03 1.016880e-01
78 8.879800e-01 8.904000e-03 1.031160e-01
79 8.865160e-01 8.780000e-03 1.047040e-01
80 8.850640e-01 8.804000e-03 1.061320e-01
81 8.835400e-01 8.832000e-03 1.076280e-01
82 8.821400e-01 8.728000e-03 1.091320e-01
83 8.806400e-01 8.712000e-03 1.106480e-01
84 8.789320e-01 8.948000e-03 1.121200e-01
85 8.775280e-01 8.828000e-03 1.136440e-01
86 8.760120e-01 8.720000e-03 1.152680e-01
87 8.743440e-01 8.904000e-03 1.167520e-01
88 8.726960e-01 8.960000e-03 1.183440e-01
89 8.710760e-01 8.968000e-03 1.199560e-01
90 8.696120e-01 9.020000e-03 1.213680e-01
91 8.681240e-01 8.856000e-03 1.230200e-01
92 8.667000e-01 8.764000e-03 1.245360e-01
93 8.650960e-01 8.900000e-03 1.260040e-01
94 8.635720e-01 8.684000e-03 1.277440e-01
95 8.619680e-01 8.796000e-03 1.292360e-01
96 8.604720e-01 8.784000e-03 1.307440e-01
97 8.590480e-01 8.776000e-03 1.321760e-01
98 8.575560e-01 8.684000e-03 1.337600e-01
99 8.562960e-01 8.524000e-03 1.351800e-01
100 8.547880e-01 8.440000e-03 1.367720e-01
101 8.533800e-01 8.352000e-03 1.382680e-01
102 8.519960e-01 8.232000e-03 1.397720e-01
103 8.506480e-01 8.132000e-03 1.412200e-01
104 8.492400e-01 8.176000e-03 1.425840e-01
105 8.479040e-01 8.040000e-03 1.440560e-01
106 8.465840e-01 7.876000e-03 1.455400e-01
107 8.451920e-01 7.920000e-03 1.468880e-01
108 8.437680e-01 7.932000e-03 1.483000e-01
109 8.423080e-01 8.028000e-03 1.496640e-01
110 8.408000e-01 8.116000e-03 1.510840e-01
111 8.394720e-01 8.028000e-03 1.525000e-01
112 8.381120e-01 8.056000e-03 1.538320e-01
113 8.368600e-01 7.992000e-03 1.551480e-01
114 8.355280e-01 7.888000e-03 1.565840e-01
115 8.342160e-01 7.728000e-03 1.580560e-01
116 8.330720e-01 7.508000e-03 1.594200e-01
117 8.318480e-01 7.368000e-03 1.607840e-01
118 8.306200e-01 7.300000e-03 1.620800e-01
119 8.294000e-01 7.276000e-03 1.633240e-01
120 8.281880e-01 7.076000e-03 1.647360e-01
121 8.270000e-01 6.992000e-03 1.660080e-01
122 8.258760e-01 6.964000e-03 1.671600e-01
123 8.247760e-01 6.844000e-03 1.683800e-01
124 8.234600e-01 6.872000e-03 1.696680e-01
125 8.223120e-01 6.836000e-03 1.708520e-01
126 8.211080e-01 6.804000e-03 1.720880e-01
127 8.200000e-01 6.744000e-03 1.732560e-01
128 8.188840e-01 6.600000e-03 1.745160e-01
129 8.177160e-01 6.752000e-03 1.755320e-01
130 8.165480e-01 6.652000e-03 1.768000e-01
131 8.153080e-01 6.716000e-03 1.779760e-01
132 8.141680e-01 6.716000e-03 1.791160e-01
133 8.128640e-01 6.692000e-03 1.804440e-01
134 8.119400e-01 6.452000e-03 1.816080e-01
135 8.108120e-01 6.408000e-03 1.827800e-01
136 8.096760e-01 6.460000e-03 1.838640e-01
137 8.084720e-01 6.536000e-03 1.849920e-01
138 8.073880e-01 6.508000e-03 1.861040e-01
139 8.062360e-01 6.564000e-03 1.872000e-01
140 8.051760e-01 6.420000e-03 1.884040e-01
141 8.040200e-01 6.508000e-03 1.894720e-01
142 8.029520e-01 6.472000e-03 1.905760e-01
143 8.019600e-01 6.196000e-03 1.918440e-01
144 8.010040e-01 6.176000e-03 1.928200e-01
145 8.000680e-01 6.052000e-03 1.938800e-01
146 7.991440e-01 5.964000e-03 1.948920e-01
147 7.981520e-01 6.088000e-03 1.957600e-01
148 7.970760e-01 6.120000e-03 1.968040e-01
149 7.960280e-01 6.088000e-03 1.978840e-01
150 7.949200e-01 6.164000e-03 1.989160e-01
151 7.937920e-01 6.228000e-03 1.999800e-01
152 7.927880e-01 6.136000e-03 2.010760e-01
153 7.916280e-01 6.164000e-03 2.022080e-01
154 7.906640e-01 6.104000e-03 2.032320e-01
155 7.896920e-01 6.028000e-03 2.042800e-01
156 7.888400e-01 5.888000e-03 2.052720e-01
157 7.877760e-01 6.000000e-03 2.062240e-01
158 7.868560e-01 5.892000e-03 2.072520e-01
159 7.858040e-01 5.976000e-03 2.082200e-01
160 7.848160e-01 5.960000e-03 2.092240e-01
161 7.838480e-01 5.904000e-03 2.102480e-01
162 7.828400e-01 5.872000e-03 2.112880e-01
163 7.819600e-01 5.712000e-03 2.123280e-01
164 7.810720e-01 5.616000e-03 2.133120e-01
165 7.800760e-01 5.616000e-03 2.143080e-01
166 7.791760e-01 5.520000e-03 2.153040e-01
167 7.782640e-01 5.524000e-03 2.162120e-01
168 7.774000e-01 5.472000e-03 2.171280e-01
169 7.764240e-01 5.516000e-03 2.180600e-01
170 7.755680e-01 5.420000e-03 2.190120e-01
171 7.747560e-01 5.348000e-03 2.198960e-01
172 7.738360e-01 5.368000e-03 2.207960e-01
173 7.729720e-01 5.324000e-03 2.217040e-01
174 7.720760e-01 5.284000e-03 2.226400e-01
175 7.711440e-01 5.400000e-03 2.234560e-01
176 7.701920e-01 5.416000e-03 2.243920e-01
177 7.693160e-01 5.320000e-03 2.253640e-01
178 7.683400e-01 5.420000e-03 2.262400e-01
179 7.673960e-01 5.452000e-03 2.271520e-01
180 7.663600e-01 5.624000e-03 2.280160e-01
181 7.652840e-01 5.744000e-03 2.289720e-01
182 7.643040e-01 5.704000e-03 2.299920e-01
183 7.632120e-01 5.776000e-03 2.310120e-01
184 7.622680e-01 5.684000e-03 2.320480e-01
185 7.612600e-01 5.608000e-03 2.331320e-01
186 7.602600e-01 5.596000e-03 2.341440e-01
187 7.592920e-01 5.488000e-03 2.352200e-01
188 7.583640e-01 5.456000e-03 2.361800e-01
189 7.573840e-01 5.512000e-03 2.371040e-01
190 7.565680e-01 5.492000e-03 2.379400e-01
191 7.555960e-01 5.424000e-03 2.389800e-01
192 7.546880e-01 5.288000e-03 2.400240e-01
193 7.537280e-01 5.460000e-03 2.408120e-01
194 7.527560e-01 5.540000e-03 2.417040e-01
195 7.517400e-01 5.632000e-03 2.426280e-01
196 7.508480e-01 5.528000e-03 2.436240e-01
197 7.499080e-01 5.532000e-03 2.445600e-01
198 7.489680e-01 5.504000e-03 2.455280e-01
199 7.481680e-01 5.356000e-03 2.464760e-01
200 7.472160e-01 5.292000e-03 2.474920e-01
201 7.463480e-01 5.224000e-03 2.484280e-01
202 7.455080e-01 5.152000e-03 2.493400e-01
203 7.447840e-01 4.912000e-03 2.503040e-01
204 7.439960e-01 4.848000e-03 2.511560e-01
205 7.431280e-01 4.936000e-03 2.519360e-01
206 7.422960e-01 4.876000e-03 2.528280e-01
207 7.415200e-01 4.756000e-03 2.537240e-01
208 7.408000e-01 4.584000e-03 2.546160e-01
209 7.401520e-01 4.412000e-03 2.554360e-01
210 7.393920e-01 4.456000e-03 2.561520e-01
211 7.386240e-01 4.384000e-03 2.569920e-01
212 7.376720e-01 4.528000e-03 2.578000e-01
213 7.369160e-01 4.540000e-03 2.585440e-01
214 7.360840e-01 4.564000e-03 2.593520e-01
215 7.354000e-01 4.280000e-03 2.603200e-01
216 7.346440e-01 4.292000e-03 2.610640e-01
217 7.338600e-01 4.260000e-03 2.618800e-01
218 7.331160e-01 4.200000e-03 2.626840e-01
219 7.323760e-01 4.152000e-03 2.634720e-01
220 7.316760e-01 4.108000e-03 2.642160e-01
221 7.309200e-01 4.080000e-03 2.650000e-01
222 7.302240e-01 4.076000e-03 2.657000e-01
223 7.295080e-01 4.136000e-03 2.663560e-01
224 7.287640e-01 4.108000e-03 2.671280e-01
225 7.280600e-01 4.072000e-03 2.678680e-01
226 7.272640e-01 4.096000e-03 2.686400e-01
227 7.264040e-01 4.276000e-03 2.693200e-01
228 7.255720e-01 4.260000e-03 2.701680e-01
229 7.247680e-01 4.324000e-03 2.709080e-01
230 7.240160e-01 4.236000e-03 2.717480e-01
231 7.232920e-01 4.248000e-03 2.724600e-01
232 7.225200e-01 4.172000e-03 2.733080e-01
233 7.216560e-01 4.324000e-03 2.740200e-01
234 7.207800e-01 4.412000e-03 2.748080e-01
235 7.200160e-01 4.500000e-03 2.754840e-01
236 7.191480e-01 4.676000e-03 2.761760e-01
237 7.182720e-01 4.780000e-03 2.769480e-01
238 7.173840e-01 4.804000e-03 2.778120e-01
239 7.165160e-01 4.876000e-03 2.786080e-01
240 7.155840e-01 5.020000e-03 2.793960e-01
241 7.146840e-01 5.016000e-03 2.803000e-01
242 7.138480e-01 5.024000e-03 2.811280e-01
243 7.129200e-01 5.116000e-03 2.819640e-01
244 7.121240e-01 5.036000e-03 2.828400e-01
245 7.112040e-01 5.064000e-03 2.837320e-01
246 7.104200e-01 4.980000e-03 2.846000e-01
247 7.095400e-01 5.060000e-03 2.854000e-01
248 7.086560e-01 4.996000e-03 2.863480e-01
249 7.078520e-01 4.976000e-03 2.871720e-01
250 7.070120e-01 4.924000e-03 2.880640e-01
251 7.061840e-01 4.920000e-03 2.888960e-01
252 7.053680e-01 4.884000e-03 2.897480e-01
253 7.045560e-01 4.808000e-03 2.906360e-01
254 7.037520e-01 4.836000e-03 2.914120e-01
255 7.030120e-01 4.812000e-03 2.921760e-01
256 7.022800e-01 4.672000e-03 2.930480e-01
257 7.015160e-01 4.588000e-03 2.938960e-01
258 7.007840e-01 4.472000e-03 2.947440e-01
259 7.001880e-01 4.208000e-03 2.956040e-01
260 6.996040e-01 4.052000e-03 2.963440e-01
261 6.988960e-01 4.024000e-03 2.970800e-01
262 6.982880e-01 3.936000e-03 2.977760e-01
263 6.976760e-01 3.816000e-03 2.985080e-01
264 6.969880e-01 3.840000e-03 2.991720e-01
265 6.963200e-01 3.772000e-03 2.999080e-01
266 6.956720e-01 3.724000e-03 3.006040e-01
267 6.949960e-01 3.732000e-03 3.012720e-01
268 6.943320e-01 3.708000e-03 3.019600e-01
269 6.936800e-01 3.716000e-03 3.026040e-01
270 6.930160e-01 3.680000e-03 3.033040e-01
271 6.923280e-01 3.756000e-03 3.039160e-01
272 6.917200e-01 3.744000e-03 3.045360e-01
273 6.910600e-01 3.784000e-03 3.051560e-01
274 6.904560e-01 3.784000e-03 3.057600e-01
275 6.898040e-01 3.796000e-03 3.064000e-01
276 6.891840e-01 3.712000e-03 3.071040e-01
277 6.884880e-01 3.748000e-03 3.077640e-01
278 6.878800e-01 3.716000e-03 3.084040e-01
279 6.872440e-01 3.620000e-03 3.091360e-01
280 6.866120e-01 3.656000e-03 3.097320e-01
281 6.860560e-01 3.520000e-03 3.104240e-01
282 6.854720e-01 3.460000e-03 3.110680e-01
283 6.849280e-01 3.464000e-03 3.116080e-01
284 6.843240e-01 3.432000e-03 3.122440e-01
285 6.837400e-01 3.432000e-03 3.128280e-01
286 6.832680e-01 3.212000e-03 3.135200e-01
287 6.826920e-01 3.200000e-03 3.141080e-01
288 6.822200e-01 3.164000e-03 3.146160e-01
289 6.816120e-01 3.272000e-03 3.151160e-01
290 6.810960e-01 3.180000e-03 3.157240e-01
291 6.805280e-01 3.160000e-03 3.163120e-01
292 6.800400e-01 3.040000e-03 3.169200e-01
293 6.794920e-01 3.052000e-03 3.174560e-01
294 6.789440e-01 3.076000e-03 3.179800e-01
295 6.784520e-01 3.028000e-03 3.185200e-01
296 6.779360e-01 3.048000e-03 3.190160e-01
297 6.773000e-01 3.164000e-03 3.195360e-01
298 6.767000e-01 3.268000e-03 3.200320e-01
299 6.760880e-01 3.272000e-03 3.206400e-01
300 6.755560e-01 3.248000e-03 3.211960e-01
301 6.751200e-01 3.140000e-03 3.217400e-01
302 6.746200e-01 3.020000e-03 3.223600e-01
303 6.740840e-01 3.020000e-03 3.228960e-01
304 6.736240e-01 2.876000e-03 3.235000e-01
305 6.731800e-01 2.848000e-03 3.239720e-01
306 6.727240e-01 2.760000e-03 3.245160e-01
307 6.721520e-01 2.848000e-03 3.250000e-01
308 6.716760e-01 2.840000e-03 3.254840e-01
309 6.712320e-01 2.804000e-03 3.259640e-01
310 6.707880e-01 2.684000e-03 3.265280e-01
311 6.702160e-01 2.764000e-03 3.270200e-01
312 6.697720e-01 2.660000e-03 3.275680e-01
313 6.693320e-01 2.632000e-03 3.280360e-01
314 6.688800e-01 2.596000e-03 3.285240e-01
315 6.684040e-01 2.576000e-03 3.290200e-01
316 6.677720e-01 2.740000e-03 3.294880e-01
317 6.672040e-01 2.828000e-03 3.299680e-01
318 6.667720e-01 2.764000e-03 3.304640e-01
319 6.662040e-01 2.836000e-03 3.309600e-01
320 6.656600e-01 2.888000e-03 3.314520e-01
321 6.651320e-01 2.900000e-03 3.319680e-01
322 6.646680e-01 2.756000e-03 3.325760e-01
323 6.641120e-01 2.816000e-03 3.330720e-01
324 6.636000e-01 2.856000e-03 3.335440e-01
325 6.630080e-01 2.920000e-03 3.340720e-01
326 6.625440e-01 2.800000e-03 3.346560e-01
327 6.621200e-01 2.792000e-03 3.350880e-01
328 6.616520e-01 2.740000e-03 3.356080e-01
329 6.612760e-01 2.660000e-03 3.360640e-01
330 6.608440e-01 2.564000e-03 3.365920e-01
331 6.604920e-01 2.464000e-03 3.370440e-01
332 6.601440e-01 2.416000e-03 3.374400e-01
333 6.597600e-01 2.364000e-03 3.378760e-01
334 6.593680e-01 2.396000e-03 3.382360e-01
335 6.588960e-01 2.440000e-03 3.386640e-01
336 6.584760e-01 2.456000e-03 3.390680e-01
337 6.580240e-01 2.452000e-03 3.395240e-01
338 6.576200e-01 2.432000e-03 3.399480e-01
339 6.572280e-01 2.408000e-03 3.403640e-01
340 6.568040e-01 2.460000e-03 3.407360e-01
341 6.564320e-01 2.416000e-03 3.411520e-01
342 6.560480e-01 2.364000e-03 3.415880e-01
343 6.557760e-01 2.252000e-03 3.419720e-01
344 6.554560e-01 2.168000e-03 3.423760e-01
345 6.550880e-01 2.136000e-03 3.427760e-01
346 6.548400e-01 2.044000e-03 3.431160e-01
347 6.545920e-01 1.936000e-03 3.434720e-01
348 6.543320e-01 1.836000e-03 3.438320e-01
349 6.540760e-01 1.716000e-03 3.442080e-01
350 6.538320e-01 1.684000e-03 3.444840e-01
351 6.536160e-01 1.612000e-03 3.447720e-01
352 6.534480e-01 1.440000e-03 3.451120e-01
353 6.532400e-01 1.396000e-03 3.453640e-01
354 6.530920e-01 1.304000e-03 3.456040e-01
355 6.528680e-01 1.292000e-03 3.458400e-01
356 6.526440e-01 1.320000e-03 3.460360e-01
357 6.524480e-01 1.276000e-03 3.462760e-01
358 6.523000e-01 1.208000e-03 3.464920e-01
359 6.520800e-01 1.180000e-03 3.467400e-01
360 6.519080e-01 1.132000e-03 3.469600e-01
361 6.517400e-01 1.056000e-03 3.472040e-01
362 6.515600e-01 1.052000e-03 3.473880e-01
363 6.514080e-01 1.012000e-03 3.475800e-01
364 6.512840e-01 9.280000e-04 3.477880e-01
365 6.511480e-01 9.080000e-04 3.479440e-01
366 6.509880e-01 9.240000e-04 3.480880e-01
367 6.508200e-01 9.160000e-04 3.482640e-01
368 6.506400e-01 9.480000e-04 3.484120e-01
369 6.504720e-01 9.480000e-04 3.485800e-01
370 6.503200e-01 9.520000e-04 3.487280e-01
371 6.501680e-01 9.480000e-04 3.488840e-01
372 6.499400e-01 9.960000e-04 3.490640e-01
373 6.497640e-01 9.360000e-04 3.493000e-01
374 6.495880e-01 9.600000e-04 3.494520e-01
375 6.494320e-01 9.680000e-04 3.496000e-01
376 6.492320e-01 1.028000e-03 3.497400e-01
377 6.490360e-01 1.016000e-03 3.499480e-01
378 6.488080e-01 1.064000e-03 3.501280e-01
379 6.486760e-01 1.016000e-03 3.503080e-01
380 6.484960e-01 9.520000e-04 3.505520e-01
381 6.483160e-01 1.008000e-03 3.506760e-01
382 6.481560e-01 1.012000e-03 3.508320e-01
383 6.479560e-01 1.052000e-03 3.509920e-01
384 6.477960e-01 9.520000e-04 3.512520e-01
385 6.477000e-01 8.560000e-04 3.514440e-01
386 6.475800e-01 8.360000e-04 3.515840e-01
387 6.473960e-01 8.640000e-04 3.517400e-01
388 6.472360e-01 8.800000e-04 3.518840e-01
389 6.471040e-01 8.280000e-04 3.520680e-01
390 6.469080e-01 8.440000e-04 3.522480e-01
391 6.467240e-01 8.800000e-04 3.523960e-01
392 6.465960e-01 8.040000e-04 3.526000e-01
393 6.464640e-01 7.920000e-04 3.527440e-01
394 6.463520e-01 7.680000e-04 3.528800e-01
395 6.462440e-01 7.080000e-04 3.530480e-01
396 6.461560e-01 6.720000e-04 3.531720e-01
397 6.460400e-01 7.000000e-04 3.532600e-01
398 6.458640e-01 7.520000e-04 3.533840e-01
399 6.457440e-01 7.120000e-04 3.535440e-01
400 6.455760e-01 7.920000e-04 3.536320e-01
401 6.454160e-01 8.240000e-04 3.537600e-01
402 6.452960e-01 8.080000e-04 3.538960e-01
403 6.451520e-01 8.160000e-04 3.540320e-01
404 6.449400e-01 8.960000e-04 3.541640e-01
405 6.448120e-01 8.400000e-04 3.543480e-01
406 6.446600e-01 8.480000e-04 3.544920e-01
407 6.444640e-01 8.840000e-04 3.546520e-01
408 6.442560e-01 9.320000e-04 3.548120e-01
409 6.441120e-01 9.440000e-04 3.549440e-01
410 6.439720e-01 9.000000e-04 3.551280e-01
411 6.438120e-01 9.040000e-04 3.552840e-01
412 6.436480e-01 9.320000e-04 3.554200e-01
413 6.434880e-01 9.680000e-04 3.555440e-01
414 6.433320e-01 9.320000e-04 3.557360e-01
415 6.431840e-01 8.720000e-04 3.559440e-01
416 6.430400e-01 8.680000e-04 3.560920e-01
417 6.429320e-01 8.120000e-04 3.562560e-01
418 6.428160e-01 7.600000e-04 3.564240e-01
419 6.426880e-01 7.640000e-04 3.565480e-01
420 6.425920e-01 7.240000e-04 3.566840e-01
421 6.424840e-01 7.280000e-04 3.567880e-01
422 6.423920e-01 7.040000e-04 3.569040e-01
423 6.423200e-01 6.320000e-04 3.570480e-01
424 6.422080e-01 6.640000e-04 3.571280e-01
425 6.421000e-01 6.480000e-04 3.572520e-01
426 6.419880e-01 6.560000e-04 3.573560e-01
427 6.418600e-01 6.800000e-04 3.574600e-01
428 6.417800e-01 6.680000e-04 3.575520e-01
429 6.416640e-01 6.520000e-04 3.576840e-01
430 6.415720e-01 6.240000e-04 3.578040e-01
431 6.414680e-01 5.920000e-04 3.579400e-01
432 6.413520e-01 5.880000e-04 3.580600e-01
433 6.412560e-01 5.640000e-04 3.581800e-01
434 6.411960e-01 5.240000e-04 3.582800e-01
435 6.411000e-01 5.440000e-04 3.583560e-01
436 6.410400e-01 5.000000e-04 3.584600e-01
437 6.409800e-01 4.920000e-04 3.585280e-01
438 6.409000e-01 4.880000e-04 3.586120e-01
439 6.408080e-01 4.760000e-04 3.587160e-01
440 6.407040e-01 5.080000e-04 3.587880e-01
441 6.406080e-01 5.000000e-04 3.588920e-01
442 6.404880e-01 5.160000e-04 3.589960e-01
443 6.403720e-01 5.560000e-04 3.590720e-01
444 6.402560e-01 5.560000e-04 3.591880e-01
445 6.401560e-01 6.000000e-04 3.592440e-01
446 6.399920e-01 6.600000e-04 3.593480e-01
447 6.398720e-01 6.720000e-04 3.594560e-01
448 6.397560e-01 6.480000e-04 3.595960e-01
449 6.396560e-01 6.240000e-04 3.597200e-01
450 6.395720e-01 6.120000e-04 3.598160e-01
451 6.395000e-01 6.000000e-04 3.599000e-01
452 6.393880e-01 6.120000e-04 3.600000e-01
453 6.392840e-01 6.400000e-04 3.600760e-01
454 6.391760e-01 6.360000e-04 3.601880e-01
455 6.390480e-01 6.320000e-04 3.603200e-01
456 6.389160e-01 6.280000e-04 3.604560e-01
457 6.388240e-01 6.000000e-04 3.605760e-01
458 6.387360e-01 6.320000e-04 3.606320e-01
459 6.386640e-01 6.000000e-04 3.607360e-01
460 6.385840e-01 5.800000e-04 3.608360e-01
461 6.384760e-01 5.960000e-04 3.609280e-01
462 6.383840e-01 5.880000e-04 3.610280e-01
463 6.383000e-01 5.800000e-04 3.611200e-01
464 6.382160e-01 5.920000e-04 3.611920e-01
465 6.381320e-01 5.920000e-04 3.612760e-01
466 6.380040e-01 6.040000e-04 3.613920e-01
467 6.378560e-01 6.640000e-04 3.614800e-01
468 6.377720e-01 6.400000e-04 3.615880e-01
469 6.377040e-01 5.720000e-04 3.617240e-01
470 6.376240e-01 5.800000e-04 3.617960e-01
471 6.375000e-01 6.280000e-04 3.618720e-01
472 6.374040e-01 6.280000e-04 3.619680e-01
473 6.373040e-01 5.720000e-04 3.621240e-01
474 6.372040e-01 5.720000e-04 3.622240e-01
475 6.370920e-01 6.160000e-04 3.622920e-01
476 6.369600e-01 6.600000e-04 3.623800e-01
477 6.368880e-01 6.240000e-04 3.624880e-01
478 6.368040e-01 5.800000e-04 3.626160e-01
479 6.366640e-01 6.160000e-04 3.627200e-01
480 6.365400e-01 6.360000e-04 3.628240e-01
481 6.364480e-01 6.160000e-04 3.629360e-01
482 6.363240e-01 6.360000e-04 3.630400e-01
483 6.362200e-01 6.640000e-04 3.631160e-01
484 6.360640e-01 7.160000e-04 3.632200e-01
485 6.359440e-01 7.440000e-04 3.633120e-01
486 6.358320e-01 7.200000e-04 3.634480e-01
487 6.357320e-01 6.880000e-04 3.635800e-01
488 6.356400e-01 6.600000e-04 3.637000e-01
489 6.355000e-01 6.680000e-04 3.638320e-01
490 6.353840e-01 6.920000e-04 3.639240e-01
491 6.352640e-01 6.880000e-04 3.640480e-01
492 6.351360e-01 6.480000e-04 3.642160e-01
493 6.350280e-01 6.800000e-04 3.642920e-01
494 6.349280e-01 7.120000e-04 3.643600e-01
495 6.347920e-01 7.320000e-04 3.644760e-01
496 6.346640e-01 7.200000e-04 3.646160e-01
497 6.345280e-01 6.960000e-04 3.647760e-01
498 6.344640e-01 6.480000e-04 3.648880e-01
499 6.344040e-01 5.920000e-04 3.650040e-01
500 6.343200e-01 5.800000e-04 3.651000e-01
