1 9.992080e-01 6.760000e-04 1.160000e-04
2 9.986280e-01 1.128000e-03 2.440000e-04
3 9.980600e-01 1.472000e-03 4.680000e-04
4 9.973560e-01 1.860000e-03 7.840000e-04
5 9.966320e-01 2.188000e-03 1.180000e-03
6 9.957680e-01 2.648000e-03 1.584000e-03
7 9.949400e-01 3.000000e-03 2.060000e-03
8 9.940800e-01 3.328000e-03 2.592000e-03
9 9.931840e-01 3.600000e-03 3.216000e-03
10 9.922760e-01 3.784000e-03 3.940000e-03
11 9.913720e-01 4.064000e-03 4.564000e-03
12 9.906520e-01 3.976000e-03 5.372000e-03
13 9.897520e-01 4.204000e-03 6.044000e-03
14 9.889120e-01 4.268000e-03 6.820000e-03
15 9.879320e-01 4.496000e-03 7.572000e-03
16 9.869440e-01 4.500000e-03 8.556000e-03
17 9.860960e-01 4.596000e-03 9.308000e-03
18 9.851160e-01 4.820000e-03 1.006400e-02
19 9.839680e-01 5.104000e-03 1.092800e-02
20 9.826440e-01 5.508000e-03 1.184800e-02
21 9.814560e-01 5.740000e-03 1.280400e-02
22 9.802400e-01 5.956000e-03 1.380400e-02
23 9.790440e-01 6.044000e-03 1.491200e-02
24 9.777800e-01 6.236000e-03 1.598400e-02
25 9.765600e-01 6.332000e-03 1.710800e-02
26 9.754360e-01 6.292000e-03 1.827200e-02
27 9.743000e-01 6.348000e-03 1.935200e-02
28 9.731840e-01 6.408000e-03 2.040800e-02
29 9.719360e-01 6.600000e-03 2.146400e-02
30 9.707240e-01 6.620000e-03 2.265600e-02
31 9.695440e-01 6.616000e-03 2.384000e-02
32 9.681360e-01 6.800000e-03 2.506400e-02
33 9.669200e-01 6.860000e-03 2.622000e-02
34 9.655000e-01 7.092000e-03 2.740800e-02
35 9.642840e-01 7.024000e-03 2.869200e-02
36 9.629800e-01 7.156000e-03 2.986400e-02
37 9.615840e-01 7.384000e-03 3.103200e-02
38 9.602640e-01 7.464000e-03 3.227200e-02
39 9.590920e-01 7.300000e-03 3.360800e-02
40 9.580280e-01 7.040000e-03 3.493200e-02
41 9.568840e-01 6.864000e-03 3.625200e-02
42 9.556720e-01 6.800000e-03 3.752800e-02
43 9.544840e-01 6.892000e-03 3.862400e-02
44 9.531400e-01 7.024000e-03 3.983600e-02
45 9.518200e-01 7.136000e-03 4.104400e-02
46 9.504800e-01 7.260000e-03 4.226000e-02
47 9.492160e-01 7.296000e-03 4.348800e-02
48 9.480920e-01 7.140000e-03 4.476800e-02
49 9.468600e-01 7.100000e-03 4.604000e-02
50 9.455840e-01 7.116000e-03 4.730000e-02
51 9.442360e-01 7.172000e-03 4.859200e-02
52 9.430560e-01 7.080000e-03 4.986400e-02
53 9.417320e-01 7.200000e-03 5.106800e-02
54 9.403560e-01 7.352000e-03 5.229200e-02
55 9.389680e-01 7.464000e-03 5.356800e-02
56 9.376080e-01 7.500000e-03 5.489200e-02
57 9.362720e-01 7.500000e-03 5.622800e-02
58 9.349840e-01 7.492000e-03 5.752400e-02
59 9.336480e-01 7.568000e-03 5.878400e-02
60 9.323080e-01 7.544000e-03 6.014800e-02
61 9.309520e-01 7.516000e-03 6.153200e-02
62 9.295360e-01 7.532000e-03 6.293200e-02
63 9.283640e-01 7.436000e-03 6.420000e-02
64 9.270960e-01 7.412000e-03 6.549200e-02
65 9.258440e-01 7.376000e-03 6.678000e-02
66 9.244640e-01 7.348000e-03 6.818800e-02
67 9.230360e-01 7.392000e-03 6.957200e-02
68 9.215720e-01 7.532000e-03 7.089600e-02
69 9.202600e-01 7.512000e-03 7.222800e-02
70 9.188520e-01 7.728000e-03 7.342000e-02
71 9.175240e-01 7.748000e-03 7.472800e-02
72 9.162200e-01 7.716000e-03 7.606400e-02
73 9.149240e-01 7.612000e-03 7.746400e-02
74 9.135360e-01 7.584000e-03 7.888000e-02
75 9.123240e-01 7.496000e-03 8.018000e-02
76 9.111200e-01 7.488000e-03 8.139200e-02
77 9.098280e-01 7.444000e-03 8.272800e-02
78 9.085120e-01 7.400000e-03 8.408800e-02
79 9.073000e-01 7.288000e-03 8.541200e-02
80 9.061880e-01 7.192000e-03 8.662000e-02
81 9.048720e-01 7.228000e-03 8.790000e-02
82 9.037120e-01 7.216000e-03 8.907200e-02
83 9.025200e-01 7.100000e-03 9.038000e-02
84 9.012240e-01 7.228000e-03 9.154800e-02
85 8.999480e-01 7.424000e-03 9.262800e-02
86 8.987800e-01 7.108000e-03 9.411200e-02
87 8.975840e-01 6.916000e-03 9.550000e-02
88 8.963640e-01 6.964000e-03 9.667200e-02
89 8.952280e-01 6.952000e-03 9.782000e-02
90 8.940480e-01 6.928000e-03 9.902400e-02
91 8.929680e-01 6.952000e-03 1.000800e-01
92 8.918920e-01 6.716000e-03 1.013920e-01
93 8.907040e-01 6.644000e-03 1.026520e-01
94 8.895960e-01 6.584000e-03 1.038200e-01
95 8.885120e-01 6.460000e-03 1.050280e-01
96 8.876280e-01 6.128000e-03 1.062440e-01
97 8.866480e-01 6.108000e-03 1.072440e-01
98 8.855040e-01 6.172000e-03 1.083240e-01
99 8.844280e-01 6.264000e-03 1.093080e-01
100 8.832960e-01 6.308000e-03 1.103960e-01
101 8.821880e-01 6.276000e-03 1.115360e-01
102 8.811880e-01 6.412000e-03 1.124000e-01
103 8.802360e-01 6.216000e-03 1.135480e-01
104 8.791480e-01 6.112000e-03 1.147400e-01
105 8.781640e-01 6.028000e-03 1.158080e-01
106 8.770680e-01 6.068000e-03 1.168640e-01
107 8.760680e-01 5.976000e-03 1.179560e-01
108 8.751280e-01 5.836000e-03 1.190360e-01
109 8.742400e-01 5.676000e-03 1.200840e-01
110 8.732280e-01 5.648000e-03 1.211240e-01
111 8.722080e-01 5.644000e-03 1.221480e-01
112 8.711160e-01 5.832000e-03 1.230520e-01
113 8.701160e-01 5.896000e-03 1.239880e-01
114 8.689760e-01 5.952000e-03 1.250720e-01
115 8.679560e-01 5.944000e-03 1.261000e-01
116 8.669520e-01 5.828000e-03 1.272200e-01
117 8.659200e-01 5.920000e-03 1.281600e-01
118 8.649160e-01 5.936000e-03 1.291480e-01
119 8.638800e-01 5.924000e-03 1.301960e-01
120 8.629400e-01 5.824000e-03 1.312360e-01
121 8.618560e-01 5.856000e-03 1.322880e-01
122 8.608200e-01 5.788000e-03 1.333920e-01
123 8.597760e-01 5.844000e-03 1.343800e-01
124 8.586320e-01 5.884000e-03 1.354840e-01
125 8.577200e-01 5.768000e-03 1.365120e-01
126 8.566800e-01 5.712000e-03 1.376080e-01
127 8.557040e-01 5.576000e-03 1.387200e-01
128 8.548520e-01 5.456000e-03 1.396920e-01
129 8.539440e-01 5.388000e-03 1.406680e-01
130 8.528920e-01 5.472000e-03 1.416360e-01
131 8.519720e-01 5.384000e-03 1.426440e-01
132 8.511520e-01 5.328000e-03 1.435200e-01
133 8.504200e-01 5.120000e-03 1.444600e-01
134 8.496080e-01 4.952000e-03 1.454400e-01
135 8.487320e-01 5.008000e-03 1.462600e-01
136 8.478840e-01 4.916000e-03 1.472000e-01
137 8.469600e-01 4.976000e-03 1.480640e-01
138 8.462080e-01 4.908000e-03 1.488840e-01
139 8.453680e-01 4.964000e-03 1.496680e-01
140 8.444600e-01 5.000000e-03 1.505400e-01
141 8.435640e-01 5.036000e-03 1.514000e-01
142 8.426480e-01 5.112000e-03 1.522400e-01
143 8.416800e-01 5.356000e-03 1.529640e-01
144 8.407440e-01 5.364000e-03 1.538920e-01
145 8.398680e-01 5.376000e-03 1.547560e-01
146 8.389400e-01 5.296000e-03 1.557640e-01
147 8.380240e-01 5.296000e-03 1.566800e-01
148 8.370520e-01 5.344000e-03 1.576040e-01
149 8.362240e-01 5.248000e-03 1.585280e-01
150 8.354640e-01 5.152000e-03 1.593840e-01
151 8.345760e-01 5.196000e-03 1.602280e-01
152 8.336840e-01 5.112000e-03 1.612040e-01
153 8.329480e-01 4.964000e-03 1.620880e-01
154 8.320680e-01 5.020000e-03 1.629120e-01
155 8.312480e-01 5.036000e-03 1.637160e-01
156 8.304400e-01 5.024000e-03 1.645360e-01
157 8.295680e-01 4.984000e-03 1.654480e-01
158 8.286800e-01 5.024000e-03 1.662960e-01
159 8.279600e-01 4.864000e-03 1.671760e-01
160 8.271480e-01 4.796000e-03 1.680560e-01
161 8.263680e-01 4.692000e-03 1.689400e-01
162 8.255360e-01 4.752000e-03 1.697120e-01
163 8.247600e-01 4.728000e-03 1.705120e-01
164 8.238840e-01 4.736000e-03 1.713800e-01
165 8.229840e-01 4.900000e-03 1.721160e-01
166 8.222160e-01 4.816000e-03 1.729680e-01
167 8.213640e-01 4.720000e-03 1.739160e-01
168 8.204800e-01 4.832000e-03 1.746880e-01
169 8.195960e-01 4.912000e-03 1.754920e-01
170 8.186320e-01 4.980000e-03 1.763880e-01
171 8.177520e-01 5.036000e-03 1.772120e-01
172 8.169440e-01 5.068000e-03 1.779880e-01
173 8.161800e-01 4.964000e-03 1.788560e-01
174 8.154240e-01 4.812000e-03 1.797640e-01
175 8.146680e-01 4.748000e-03 1.805840e-01
176 8.137000e-01 4.796000e-03 1.815040e-01
177 8.128240e-01 4.860000e-03 1.823160e-01
178 8.118640e-01 4.924000e-03 1.832120e-01
179 8.110760e-01 4.828000e-03 1.840960e-01
180 8.102200e-01 4.848000e-03 1.849320e-01
181 8.094000e-01 4.900000e-03 1.857000e-01
182 8.086160e-01 4.892000e-03 1.864920e-01
183 8.077720e-01 4.844000e-03 1.873840e-01
184 8.070320e-01 4.672000e-03 1.882960e-01
185 8.064040e-01 4.536000e-03 1.890600e-01
186 8.056280e-01 4.552000e-03 1.898200e-01
187 8.048880e-01 4.460000e-03 1.906520e-01
188 8.040480e-01 4.488000e-03 1.914640e-01
189 8.032920e-01 4.544000e-03 1.921640e-01
190 8.024240e-01 4.572000e-03 1.930040e-01
191 8.015280e-01 4.640000e-03 1.938320e-01
192 8.007960e-01 4.544000e-03 1.946600e-01
193 8.001040e-01 4.540000e-03 1.953560e-01
194 7.993680e-01 4.420000e-03 1.962120e-01
195 7.986080e-01 4.368000e-03 1.970240e-01
196 7.980040e-01 4.236000e-03 1.977600e-01
197 7.973280e-01 4.108000e-03 1.985640e-01
198 7.967240e-01 4.072000e-03 1.992040e-01
199 7.959840e-01 4.096000e-03 1.999200e-01
200 7.954160e-01 3.924000e-03 2.006600e-01
201 7.947720e-01 3.884000e-03 2.013440e-01
202 7.941080e-01 3.876000e-03 2.020160e-01
203 7.933960e-01 3.864000e-03 2.027400e-01
204 7.928120e-01 3.784000e-03 2.034040e-01
205 7.922200e-01 3.740000e-03 2.040400e-01
206 7.915400e-01 3.744000e-03 2.047160e-01
207 7.909040e-01 3.764000e-03 2.053320e-01
208 7.903760e-01 3.600000e-03 2.060240e-01
209 7.897880e-01 3.592000e-03 2.066200e-01
210 7.891720e-01 3.548000e-03 2.072800e-01
211 7.885240e-01 3.560000e-03 2.079160e-01
212 7.879840e-01 3.404000e-03 2.086120e-01
213 7.874440e-01 3.376000e-03 2.091800e-01
214 7.868880e-01 3.344000e-03 2.097680e-01
215 7.862040e-01 3.464000e-03 2.103320e-01
216 7.857520e-01 3.196000e-03 2.110520e-01
217 7.851720e-01 3.184000e-03 2.116440e-01
218 7.845520e-01 3.192000e-03 2.122560e-01
219 7.839600e-01 3.260000e-03 2.127800e-01
220 7.834040e-01 3.224000e-03 2.133720e-01
221 7.828560e-01 3.300000e-03 2.138440e-01
222 7.822560e-01 3.336000e-03 2.144080e-01
223 7.815920e-01 3.472000e-03 2.149360e-01
224 7.810480e-01 3.400000e-03 2.155520e-01
225 7.804880e-01 3.396000e-03 2.161160e-01
226 7.799280e-01 3.320000e-03 2.167520e-01
227 7.793920e-01 3.296000e-03 2.173120e-01
228 7.788960e-01 3.172000e-03 2.179320e-01
229 7.784720e-01 3.012000e-03 2.185160e-01
230 7.780000e-01 2.980000e-03 2.190200e-01
231 7.775040e-01 2.952000e-03 2.195440e-01
232 7.770280e-01 2.880000e-03 2.200920e-01
233 7.766160e-01 2.780000e-03 2.206040e-01
234 7.762960e-01 2.580000e-03 2.211240e-01
235 7.759360e-01 2.448000e-03 2.216160e-01
236 7.755760e-01 2.352000e-03 2.220720e-01
237 7.751920e-01 2.360000e-03 2.224480e-01
238 7.747800e-01 2.404000e-03 2.228160e-01
239 7.743320e-01 2.420000e-03 2.232480e-01
240 7.738920e-01 2.328000e-03 2.237800e-01
241 7.735680e-01 2.252000e-03 2.241800e-01
242 7.731680e-01 2.236000e-03 2.245960e-01
243 7.728120e-01 2.240000e-03 2.249480e-01
244 7.724640e-01 2.220000e-03 2.253160e-01
245 7.721080e-01 2.160000e-03 2.257320e-01
246 7.717520e-01 2.152000e-03 2.260960e-01
247 7.714000e-01 2.068000e-03 2.265320e-01
248 7.710920e-01 2.024000e-03 2.268840e-01
249 7.707280e-01 2.016000e-03 2.272560e-01
250 7.703440e-01 2.000000e-03 2.276560e-01
251 7.700720e-01 1.940000e-03 2.279880e-01
252 7.697320e-01 1.868000e-03 2.284000e-01
253 7.694120e-01 1.864000e-03 2.287240e-01
254 7.691560e-01 1.820000e-03 2.290240e-01
255 7.688360e-01 1.860000e-03 2.293040e-01
256 7.685120e-01 1.940000e-03 2.295480e-01
257 7.681000e-01 2.044000e-03 2.298560e-01
258 7.678080e-01 1.980000e-03 2.302120e-01
259 7.674920e-01 1.924000e-03 2.305840e-01
260 7.671720e-01 1.904000e-03 2.309240e-01
261 7.669040e-01 1.792000e-03 2.313040e-01
262 7.665600e-01 1.796000e-03 2.316440e-01
263 7.663280e-01 1.664000e-03 2.320080e-01
264 7.660080e-01 1.660000e-03 2.323320e-01
265 7.657800e-01 1.616000e-03 2.326040e-01
266 7.655600e-01 1.588000e-03 2.328520e-01
267 7.653480e-01 1.564000e-03 2.330880e-01
268 7.651320e-01 1.532000e-03 2.333360e-01
269 7.649320e-01 1.464000e-03 2.336040e-01
270 7.647160e-01 1.408000e-03 2.338760e-01
271 7.644840e-01 1.400000e-03 2.341160e-01
272 7.642680e-01 1.388000e-03 2.343440e-01
273 7.639880e-01 1.428000e-03 2.345840e-01
274 7.637840e-01 1.380000e-03 2.348360e-01
275 7.635680e-01 1.376000e-03 2.350560e-01
276 7.633160e-01 1.408000e-03 2.352760e-01
277 7.630480e-01 1.412000e-03 2.355400e-01
278 7.628160e-01 1.360000e-03 2.358240e-01
279 7.625920e-01 1.352000e-03 2.360560e-01
280 7.622760e-01 1.444000e-03 2.362800e-01
281 7.620400e-01 1.384000e-03 2.365760e-01
282 7.618680e-01 1.340000e-03 2.367920e-01
283 7.616480e-01 1.316000e-03 2.370360e-01
284 7.614120e-01 1.284000e-03 2.373040e-01
285 7.611800e-01 1.300000e-03 2.375200e-01
286 7.609480e-01 1.292000e-03 2.377600e-01
287 7.607600e-01 1.248000e-03 2.379920e-01
288 7.605800e-01 1.152000e-03 2.382680e-01
289 7.603280e-01 1.156000e-03 2.385160e-01
290 7.601480e-01 1.148000e-03 2.387040e-01
291 7.598960e-01 1.196000e-03 2.389080e-01
292 7.596440e-01 1.264000e-03 2.390920e-01
293 7.593800e-01 1.344000e-03 2.392760e-01
294 7.591160e-01 1.396000e-03 2.394880e-01
295 7.588400e-01 1.412000e-03 2.397480e-01
296 7.585960e-01 1.388000e-03 2.400160e-01
297 7.584000e-01 1.316000e-03 2.402840e-01
298 7.582160e-01 1.300000e-03 2.404840e-01
299 7.579800e-01 1.340000e-03 2.406800e-01
300 7.577960e-01 1.300000e-03 2.409040e-01
301 7.575720e-01 1.308000e-03 2.411200e-01
302 7.573040e-01 1.344000e-03 2.413520e-01
303 7.571360e-01 1.304000e-03 2.415600e-01
304 7.568960e-01 1.332000e-03 2.417720e-01
305 7.566760e-01 1.284000e-03 2.420400e-01
306 7.564760e-01 1.252000e-03 2.422720e-01
307 7.562760e-01 1.240000e-03 2.424840e-01
308 7.561600e-01 1.188000e-03 2.426520e-01
309 7.559680e-01 1.140000e-03 2.428920e-01
310 7.557640e-01 1.140000e-03 2.430960e-01
311 7.555840e-01 1.108000e-03 2.433080e-01
312 7.554080e-01 1.076000e-03 2.435160e-01
313 7.551560e-01 1.128000e-03 2.437160e-01
314 7.548880e-01 1.188000e-03 2.439240e-01
315 7.546280e-01 1.228000e-03 2.441440e-01
316 7.543680e-01 1.240000e-03 2.443920e-01
317 7.541800e-01 1.220000e-03 2.446000e-01
318 7.540080e-01 1.184000e-03 2.448080e-01
319 7.538320e-01 1.128000e-03 2.450400e-01
320 7.536320e-01 1.108000e-03 2.452600e-01
321 7.534200e-01 1.096000e-03 2.454840e-01
322 7.531520e-01 1.172000e-03 2.456760e-01
323 7.529520e-01 1.168000e-03 2.458800e-01
324 7.527360e-01 1.176000e-03 2.460880e-01
325 7.525160e-01 1.160000e-03 2.463240e-01
326 7.522560e-01 1.204000e-03 2.465400e-01
327 7.520360e-01 1.208000e-03 2.467560e-01
328 7.517840e-01 1.180000e-03 2.470360e-01
329 7.515840e-01 1.168000e-03 2.472480e-01
330 7.513880e-01 1.132000e-03 2.474800e-01
331 7.511720e-01 1.128000e-03 2.477000e-01
332 7.509800e-01 1.092000e-03 2.479280e-01
333 7.508080e-01 1.056000e-03 2.481360e-01
334 7.506000e-01 1.080000e-03 2.483200e-01
335 7.504200e-01 1.052000e-03 2.485280e-01
336 7.502760e-01 1.056000e-03 2.486680e-01
337 7.501000e-01 1.052000e-03 2.488480e-01
338 7.499400e-01 9.800000e-04 2.490800e-01
339 7.497800e-01 9.600000e-04 2.492600e-01
340 7.496600e-01 9.040000e-04 2.494360e-01
341 7.494600e-01 9.640000e-04 2.495760e-01
342 7.493200e-01 9.400000e-04 2.497400e-01
343 7.492080e-01 8.680000e-04 2.499240e-01
344 7.490480e-01 8.720000e-04 2.500800e-01
345 7.488400e-01 9.360000e-04 2.502240e-01
346 7.486920e-01 9.280000e-04 2.503800e-01
347 7.485760e-01 8.920000e-04 2.505320e-01
348 7.484680e-01 8.040000e-04 2.507280e-01
349 7.483480e-01 7.960000e-04 2.508560e-01
350 7.482200e-01 7.760000e-04 2.510040e-01
351 7.481200e-01 7.440000e-04 2.511360e-01
352 7.479440e-01 8.000000e-04 2.512560e-01
353 7.478160e-01 7.600000e-04 2.514240e-01
354 7.476720e-01 7.520000e-04 2.515760e-01
355 7.475400e-01 7.640000e-04 2.516960e-01
356 7.474080e-01 7.560000e-04 2.518360e-01
357 7.472320e-01 8.200000e-04 2.519480e-01
358 7.470840e-01 7.960000e-04 2.521200e-01
359 7.469560e-01 7.920000e-04 2.522520e-01
360 7.467840e-01 7.640000e-04 2.524520e-01
361 7.467040e-01 7.000000e-04 2.525960e-01
362 7.465680e-01 7.080000e-04 2.527240e-01
363 7.464400e-01 6.960000e-04 2.528640e-01
364 7.463280e-01 6.640000e-04 2.530080e-01
365 7.462360e-01 6.360000e-04 2.531280e-01
366 7.461200e-01 6.520000e-04 2.532280e-01
367 7.460360e-01 6.520000e-04 2.533120e-01
368 7.459440e-01 6.480000e-04 2.534080e-01
369 7.458560e-01 5.960000e-04 2.535480e-01
370 7.457920e-01 5.400000e-04 2.536680e-01
371 7.456520e-01 5.920000e-04 2.537560e-01
372 7.455800e-01 5.760000e-04 2.538440e-01
373 7.455120e-01 5.080000e-04 2.539800e-01
374 7.454600e-01 4.720000e-04 2.540680e-01
375 7.453920e-01 4.760000e-04 2.541320e-01
376 7.453440e-01 3.840000e-04 2.542720e-01
377 7.453040e-01 3.720000e-04 2.543240e-01
378 7.452680e-01 3.400000e-04 2.543920e-01
379 7.452440e-01 3.080000e-04 2.544480e-01
380 7.452280e-01 2.880000e-04 2.544840e-01
381 7.452040e-01 2.640000e-04 2.545320e-01
382 7.451920e-01 2.400000e-04 2.545680e-01
383 7.451800e-01 1.960000e-04 2.546240e-01
384 7.451680e-01 1.760000e-04 2.546560e-01
385 7.451600e-01 1.480000e-04 2.546920e-01
386 7.451440e-01 1.320000e-04 2.547240e-01
387 7.451160e-01 1.480000e-04 2.547360e-01
388 7.451000e-01 1.320000e-04 2.547680e-01
389 7.450600e-01 1.440000e-04 2.547960e-01
390 7.450320e-01 1.400000e-04 2.548280e-01
391 7.450120e-01 1.160000e-04 2.548720e-01
392 7.450080e-01 8.400000e-05 2.549080e-01
393 7.449960e-01 8.400000e-05 2.549200e-01
394 7.449920e-01 7.200000e-05 2.549360e-01
395 7.449840e-01 6.800000e-05 2.549480e-01
396 7.449600e-01 8.000000e-05 2.549600e-01
397 7.449440e-01 8.000000e-05 2.549760e-01
398 7.449280e-01 8.400000e-05 2.549880e-01
399 7.449080e-01 8.400000e-05 2.550080e-01
400 7.448760e-01 1.000000e-04 2.550240e-01
401 7.448520e-01 1.080000e-04 2.550400e-01
402 7.448160e-01 1.200000e-04 2.550640e-01
403 7.447960e-01 1.320000e-04 2.550720e-01
404 7.447520e-01 1.600000e-04 2.550880e-01
405 7.447280e-01 1.560000e-04 2.551160e-01
406 7.447080e-01 1.520000e-04 2.551400e-01
407 7.446880e-01 1.440000e-04 2.551680e-01
408 7.446720e-01 1.280000e-04 2.552000e-01
409 7.446520e-01 1.200000e-04 2.552280e-01
410 7.446440e-01 1.160000e-04 2.552400e-01
411 7.446200e-01 1.240000e-04 2.552560e-01
412 7.446080e-01 1.120000e-04 2.552800e-01
413 7.445680e-01 1.400000e-04 2.552920e-01
414 7.445320e-01 1.560000e-04 2.553120e-01
415 7.445080e-01 1.360000e-04 2.553560e-01
416 7.444680e-01 1.440000e-04 2.553880e-01
417 7.444480e-01 1.360000e-04 2.554160e-01
418 7.444280e-01 1.280000e-04 2.554440e-01
419 7.444080e-01 1.080000e-04 2.554840e-01
420 7.443800e-01 1.320000e-04 2.554880e-01
421 7.443680e-01 1.080000e-04 2.555240e-01
422 7.443640e-01 9.200000e-05 2.555440e-01
423 7.443520e-01 1.000000e-04 2.555480e-01
424 7.443480e-01 8.800000e-05 2.555640e-01
425 7.443400e-01 9.200000e-05 2.555680e-01
426 7.443280e-01 8.400000e-05 2.555880e-01
427 7.443240e-01 7.600000e-05 2.556000e-01
428 7.443160e-01 8.000000e-05 2.556040e-01
429 7.443080e-01 8.400000e-05 2.556080e-01
430 7.443080e-01 6.400000e-05 2.556280e-01
431 7.443080e-01 5.200000e-05 2.556400e-01
432 7.443040e-01 5.600000e-05 2.556400e-01
433 7.442840e-01 6.800000e-05 2.556480e-01
434 7.442760e-01 6.800000e-05 2.556560e-01
435 7.442720e-01 7.200000e-05 2.556560e-01
436 7.442600e-01 6.800000e-05 2.556720e-01
437 7.442520e-01 6.800000e-05 2.556800e-01
438 7.442480e-01 6.800000e-05 2.556840e-01
439 7.442480e-01 4.400000e-05 2.557080e-01
440 7.442480e-01 2.800000e-05 2.557240e-01
441 7.442480e-01 2.400000e-05 2.557280e-01
442 7.442480e-01 2.400000e-05 2.557280e-01
443 7.442480e-01 2.000000e-05 2.557320e-01
444 7.442480e-01 2.000000e-05 2.557320e-01
445 7.442480e-01 2.000000e-05 2.557320e-01
446 7.442480e-01 2.000000e-05 2.557320e-01
447 7.442480e-01 1.200000e-05 2.557400e-01
448 7.442480e-01 4.000000e-06 2.557480e-01
449 7.442480e-01 4.000000e-06 2.557480e-01
450 7.442480e-01 4.000000e-06 2.557480e-01
451 7.442480e-01 4.000000e-06 2.557480e-01
452 7.442480e-01 4.000000e-06 2.557480e-01
453 7.442480e-01 4.000000e-06 2.557480e-01
454 7.442480e-01 4.000000e-06 2.557480e-01
455 7.442480e-01 4.000000e-06 2.557480e-01
456 7.442480e-01 4.000000e-06 2.557480e-01
457 7.442480e-01 4.000000e-06 2.557480e-01
458 7.442480e-01 0.000000e+00 2.557520e-01
459 7.442480e-01 0.000000e+00 2.557520e-01
460 7.442480e-01 0.000000e+00 2.557520e-01
461 7.442480e-01 0.000000e+00 2.557520e-01
462 7.442480e-01 0.000000e+00 2.557520e-01
463 7.442480e-01 0.000000e+00 2.557520e-01
464 7.442480e-01 0.000000e+00 2.557520e-01
465 7.442480e-01 0.000000e+00 2.557520e-01
466 7.442480e-01 0.000000e+00 2.557520e-01
467 7.442480e-01 0.000000e+00 2.557520e-01
468 7.442480e-01 0.000000e+00 2.557520e-01
469 7.442480e-01 0.000000e+00 2.557520e-01
470 7.442480e-01 0.000000e+00 2.557520e-01
471 7.442480e-01 0.000000e+00 2.557520e-01
472 7.442480e-01 0.000000e+00 2.557520e-01
473 7.442480e-01 0.000000e+00 2.557520e-01
474 7.442480e-01 0.000000e+00 2.557520e-01
475 7.442480e-01 0.000000e+00 2.557520e-01
476 7.442480e-01 0.000000e+00 2.557520e-01
477 7.442480e-01 0.000000e+00 2.557520e-01
478 7.442480e-01 0.000000e+00 2.557520e-01
479 7.442480e-01 0.000000e+00 2.557520e-01
480 7.442480e-01 0.000000e+00 2.557520e-01
481 7.442480e-01 0.000000e+00 2.557520e-01
482 7.442480e-01 0.000000e+00 2.557520e-01
483 7.442480e-01 0.000000e+00 2.557520e-01
484 7.442480e-01 0.000000e+00 2.557520e-01
485 7.442480e-01 0.000000e+00 2.557520e-01
486 7.442480e-01 0.000000e+00 2.557520e-01
487 7.442480e-01 0.000000e+00 2.557520e-01
488 7.442480e-01 0.000000e+00 2.557520e-01
489 7.442480e-01 0.000000e+00 2.557520e-01
490 7.442480e-01 0.000000e+00 2.557520e-01
491 7.442480e-01 0.000000e+00 2.557520e-01
492 7.442480e-01 0.000000e+00 2.557520e-01
493 7.442480e-01 0.000000e+00 2.557520e-01
494 7.442480e-01 0.000000e+00 2.557520e-01
495 7.442480e-01 0.000000e+00 2.557520e-01
496 7.442480e-01 0.000000e+00 2.557520e-01
497 7.442480e-01 0.000000e+00 2.557520e-01
498 7.442480e-01 0.000000e+00 2.557520e-01
499 7.442480e-01 0.000000e+00 2.557520e-01
500 7.442480e-01 0.000000e+00 2.557520e-01
