1 9.992320e-01 6.920000e-04 7.600000e-05
2 9.986880e-01 1.084000e-03 2.280000e-04
3 9.979720e-01 1.608000e-03 4.200000e-04
4 9.970000e-01 2.296000e-03 7.040000e-04
5 9.960320e-01 2.824000e-03 1.144000e-03
6 9.951040e-01 3.244000e-03 1.652000e-03
7 9.941280e-01 3.576000e-03 2.296000e-03
8 9.931600e-01 3.836000e-03 3.004000e-03
9 9.920520e-01 4.264000e-03 3.684000e-03
10 9.908960e-01 4.680000e-03 4.424000e-03
11 9.897040e-01 5.040000e-03 5.256000e-03
12 9.884600e-01 5.364000e-03 6.176000e-03
13 9.872360e-01 5.740000e-03 7.024000e-03
14 9.860440e-01 5.900000e-03 8.056000e-03
15 9.849000e-01 5.988000e-03 9.112000e-03
16 9.836120e-01 6.148000e-03 1.024000e-02
17 9.822640e-01 6.376000e-03 1.136000e-02
18 9.808080e-01 6.532000e-03 1.266000e-02
19 9.794240e-01 6.816000e-03 1.376000e-02
20 9.780600e-01 6.960000e-03 1.498000e-02
21 9.765920e-01 7.204000e-03 1.620400e-02
22 9.752280e-01 7.276000e-03 1.749600e-02
23 9.738640e-01 7.400000e-03 1.873600e-02
24 9.725000e-01 7.432000e-03 2.006800e-02
25 9.710320e-01 7.644000e-03 2.132400e-02
26 9.696720e-01 7.520000e-03 2.280800e-02
27 9.681560e-01 7.724000e-03 2.412000e-02
28 9.666920e-01 7.832000e-03 2.547600e-02
29 9.652000e-01 7.896000e-03 2.690400e-02
30 9.636160e-01 8.064000e-03 2.832000e-02
31 9.621000e-01 8.076000e-03 2.982400e-02
32 9.604000e-01 8.188000e-03 3.141200e-02
33 9.587600e-01 8.376000e-03 3.286400e-02
34 9.570200e-01 8.580000e-03 3.440000e-02
35 9.553640e-01 8.728000e-03 3.590800e-02
36 9.537040e-01 8.792000e-03 3.750400e-02
37 9.521480e-01 8.852000e-03 3.900000e-02
38 9.504880e-01 9.008000e-03 4.050400e-02
39 9.488920e-01 8.988000e-03 4.212000e-02
40 9.474680e-01 8.812000e-03 4.372000e-02
41 9.459960e-01 8.632000e-03 4.537200e-02
42 9.445280e-01 8.416000e-03 4.705600e-02
43 9.431040e-01 8.304000e-03 4.859200e-02
44 9.417680e-01 8.284000e-03 4.994800e-02
45 9.403960e-01 8.096000e-03 5.150800e-02
46 9.389200e-01 8.112000e-03 5.296800e-02
47 9.374760e-01 8.124000e-03 5.440000e-02
48 9.360480e-01 8.060000e-03 5.589200e-02
49 9.345280e-01 8.152000e-03 5.732000e-02
50 9.331560e-01 8.076000e-03 5.876800e-02
51 9.315720e-01 8.220000e-03 6.020800e-02
52 9.300560e-01 8.332000e-03 6.161200e-02
53 9.283200e-01 8.616000e-03 6.306400e-02
54 9.268320e-01 8.632000e-03 6.453600e-02
55 9.254160e-01 8.504000e-03 6.608000e-02
56 9.238120e-01 8.516000e-03 6.767200e-02
57 9.223880e-01 8.412000e-03 6.920000e-02
58 9.208800e-01 8.624000e-03 7.049600e-02
59 9.193640e-01 8.652000e-03 7.198400e-02
60 9.179120e-01 8.608000e-03 7.348000e-02
61 9.163160e-01 8.636000e-03 7.504800e-02
62 9.147800e-01 8.796000e-03 7.642400e-02
63 9.131320e-01 8.848000e-03 7.802000e-02
64 9.116200e-01 8.816000e-03 7.956400e-02
65 9.100080e-01 8.824000e-03 8.116800e-02
66 9.084640e-01 8.820000e-03 8.271600e-02
67 9.069800e-01 8.772000e-03 8.424800e-02
68 9.053160e-01 8.756000e-03 8.592800e-02
69 9.039000e-01 8.608000e-03 8.749200e-02
70 9.023280e-01 8.624000e-03 8.904800e-02
71 9.008440e-01 8.648000e-03 9.050800e-02
72 8.994040e-01 8.616000e-03 9.198000e-02
73 8.979040e-01 8.692000e-03 9.340400e-02
74 8.965240e-01 8.656000e-03 9.482000e-02
75 8.950720e-01 8.572000e-03 9.635600e-02
76 8.935760e-01 8.412000e-03 9.801200e-02
77 8.922920e-01 8.212000e-03 9.949600e-02
78 8.909880e-01 8.084000e-03 1.009280e-01
79 8.895240e-01 8.224000e-03 1.022520e-01
80 8.880760e-01 8.352000e-03 1.035720e-01
81 8.865400e-01 8.328000e-03 1.051320e-01
82 8.851280e-01 8.260000e-03 1.066120e-01
83 8.837280e-01 8.156000e-03 1.081160e-01
84 8.822240e-01 8.216000e-03 1.095600e-01
85 8.808240e-01 8.204000e-03 1.109720e-01
86 8.794640e-01 8.112000e-03 1.124240e-01
87 8.781280e-01 8.032000e-03 1.138400e-01
88 8.767920e-01 7.968000e-03 1.152400e-01
89 8.753760e-01 8.012000e-03 1.166120e-01
90 8.739040e-01 8.100000e-03 1.179960e-01
91 8.723160e-01 8.140000e-03 1.195440e-01
92 8.708880e-01 8.212000e-03 1.209000e-01
93 8.695560e-01 8.136000e-03 1.223080e-01
94 8.681360e-01 8.048000e-03 1.238160e-01
95 8.668280e-01 7.956000e-03 1.252160e-01
96 8.654120e-01 8.032000e-03 1.265560e-01
97 8.640360e-01 8.044000e-03 1.279200e-01
98 8.626280e-01 8.096000e-03 1.292760e-01
99 8.610520e-01 8.272000e-03 1.306760e-01
100 8.596360e-01 8.336000e-03 1.320280e-01
101 8.581840e-01 8.312000e-03 1.335040e-01
102 8.567600e-01 8.212000e-03 1.350280e-01
103 8.554440e-01 8.216000e-03 1.363400e-01
104 8.540520e-01 8.088000e-03 1.378600e-01
105 8.525320e-01 8.296000e-03 1.391720e-01
106 8.511680e-01 8.144000e-03 1.406880e-01
107 8.496680e-01 8.180000e-03 1.421520e-01
108 8.483520e-01 8.100000e-03 1.435480e-01
109 8.468440e-01 8.260000e-03 1.448960e-01
110 8.453520e-01 8.244000e-03 1.464040e-01
111 8.440440e-01 8.020000e-03 1.479360e-01
112 8.425960e-01 8.064000e-03 1.493400e-01
113 8.411640e-01 8.136000e-03 1.507000e-01
114 8.397320e-01 8.108000e-03 1.521600e-01
115 8.383800e-01 8.024000e-03 1.535960e-01
116 8.369080e-01 8.132000e-03 1.549600e-01
117 8.352840e-01 8.208000e-03 1.565080e-01
118 8.337720e-01 8.288000e-03 1.579400e-01
119 8.323240e-01 8.256000e-03 1.594200e-01
120 8.309160e-01 8.120000e-03 1.609640e-01
121 8.295160e-01 8.164000e-03 1.623200e-01
122 8.280440e-01 8.176000e-03 1.637800e-01
123 8.266760e-01 8.048000e-03 1.652760e-01
124 8.254560e-01 7.940000e-03 1.666040e-01
125 8.240760e-01 7.908000e-03 1.680160e-01
126 8.228760e-01 7.732000e-03 1.693920e-01
127 8.216720e-01 7.704000e-03 1.706240e-01
128 8.204760e-01 7.520000e-03 1.720040e-01
129 8.189960e-01 7.804000e-03 1.732000e-01
130 8.177960e-01 7.600000e-03 1.746040e-01
131 8.164320e-01 7.752000e-03 1.758160e-01
132 8.150320e-01 7.756000e-03 1.772120e-01
133 8.136080e-01 7.724000e-03 1.786680e-01
134 8.122160e-01 7.636000e-03 1.801480e-01
135 8.107840e-01 7.772000e-03 1.814440e-01
136 8.094240e-01 7.772000e-03 1.828040e-01
137 8.082120e-01 7.604000e-03 1.841840e-01
138 8.070320e-01 7.428000e-03 1.855400e-01
139 8.058800e-01 7.340000e-03 1.867800e-01
140 8.045760e-01 7.304000e-03 1.881200e-01
141 8.033360e-01 7.324000e-03 1.893400e-01
142 8.019960e-01 7.268000e-03 1.907360e-01
143 8.006960e-01 7.292000e-03 1.920120e-01
144 7.995000e-01 7.188000e-03 1.933120e-01
145 7.981480e-01 7.280000e-03 1.945720e-01
146 7.969800e-01 7.020000e-03 1.960000e-01
147 7.957600e-01 6.992000e-03 1.972480e-01
148 7.946600e-01 6.832000e-03 1.985080e-01
149 7.934560e-01 6.812000e-03 1.997320e-01
150 7.923680e-01 6.648000e-03 2.009840e-01
151 7.911440e-01 6.648000e-03 2.022080e-01
152 7.899920e-01 6.604000e-03 2.034040e-01
153 7.888880e-01 6.628000e-03 2.044840e-01
154 7.879160e-01 6.472000e-03 2.056120e-01
155 7.869640e-01 6.224000e-03 2.068120e-01
156 7.859920e-01 6.112000e-03 2.078960e-01
157 7.850840e-01 5.944000e-03 2.089720e-01
158 7.841200e-01 5.760000e-03 2.101200e-01
159 7.831480e-01 5.820000e-03 2.110320e-01
160 7.822280e-01 5.780000e-03 2.119920e-01
161 7.812720e-01 5.732000e-03 2.129960e-01
162 7.803800e-01 5.620000e-03 2.140000e-01
163 7.794280e-01 5.648000e-03 2.149240e-01
164 7.784680e-01 5.664000e-03 2.158680e-01
165 7.773880e-01 5.756000e-03 2.168560e-01
166 7.764600e-01 5.628000e-03 2.179120e-01
167 7.754320e-01 5.656000e-03 2.189120e-01
168 7.744080e-01 5.696000e-03 2.198960e-01
169 7.733800e-01 5.744000e-03 2.208760e-01
170 7.724160e-01 5.680000e-03 2.219040e-01
171 7.713560e-01 5.736000e-03 2.229080e-01
172 7.703440e-01 5.764000e-03 2.238920e-01
173 7.692880e-01 5.796000e-03 2.249160e-01
174 7.684120e-01 5.576000e-03 2.260120e-01
175 7.674120e-01 5.668000e-03 2.269200e-01
176 7.663760e-01 5.748000e-03 2.278760e-01
177 7.653520e-01 5.768000e-03 2.288800e-01
178 7.643920e-01 5.660000e-03 2.299480e-01
179 7.634080e-01 5.648000e-03 2.309440e-01
180 7.623920e-01 5.716000e-03 2.318920e-01
181 7.614240e-01 5.748000e-03 2.328280e-01
182 7.604400e-01 5.808000e-03 2.337520e-01
183 7.595080e-01 5.672000e-03 2.348200e-01
184 7.586480e-01 5.440000e-03 2.359120e-01
185 7.577200e-01 5.320000e-03 2.369600e-01
186 7.568240e-01 5.184000e-03 2.379920e-01
187 7.560160e-01 5.152000e-03 2.388320e-01
188 7.552160e-01 5.040000e-03 2.397440e-01
189 7.543920e-01 4.940000e-03 2.406680e-01
190 7.534960e-01 4.908000e-03 2.415960e-01
191 7.527480e-01 4.756000e-03 2.424960e-01
192 7.520080e-01 4.760000e-03 2.432320e-01
193 7.512680e-01 4.656000e-03 2.440760e-01
194 7.504120e-01 4.720000e-03 2.448680e-01
195 7.496880e-01 4.476000e-03 2.458360e-01
196 7.489400e-01 4.368000e-03 2.466920e-01
197 7.481800e-01 4.252000e-03 2.475680e-01
198 7.474120e-01 4.308000e-03 2.482800e-01
199 7.466400e-01 4.400000e-03 2.489600e-01
200 7.459280e-01 4.336000e-03 2.497360e-01
201 7.451400e-01 4.364000e-03 2.504960e-01
202 7.444080e-01 4.324000e-03 2.512680e-01
203 7.436320e-01 4.384000e-03 2.519840e-01
204 7.429120e-01 4.348000e-03 2.527400e-01
205 7.423160e-01 4.196000e-03 2.534880e-01
206 7.415840e-01 4.224000e-03 2.541920e-01
207 7.408600e-01 4.232000e-03 2.549080e-01
208 7.401400e-01 4.188000e-03 2.556720e-01
209 7.394240e-01 4.136000e-03 2.564400e-01
210 7.387960e-01 4.020000e-03 2.571840e-01
211 7.380800e-01 4.096000e-03 2.578240e-01
212 7.374120e-01 4.068000e-03 2.585200e-01
213 7.367160e-01 4.116000e-03 2.591680e-01
214 7.361240e-01 4.048000e-03 2.598280e-01
215 7.355280e-01 3.880000e-03 2.605920e-01
216 7.349360e-01 3.772000e-03 2.612920e-01
217 7.342840e-01 3.732000e-03 2.619840e-01
218 7.336640e-01 3.792000e-03 2.625440e-01
219 7.330840e-01 3.652000e-03 2.632640e-01
220 7.324360e-01 3.568000e-03 2.639960e-01
221 7.317600e-01 3.600000e-03 2.646400e-01
222 7.311000e-01 3.652000e-03 2.652480e-01
223 7.303560e-01 3.800000e-03 2.658440e-01
224 7.295840e-01 3.880000e-03 2.665360e-01
225 7.289640e-01 3.732000e-03 2.673040e-01
226 7.283920e-01 3.608000e-03 2.680000e-01
227 7.277120e-01 3.616000e-03 2.686720e-01
228 7.270120e-01 3.692000e-03 2.692960e-01
229 7.262320e-01 3.772000e-03 2.699960e-01
230 7.255720e-01 3.812000e-03 2.706160e-01
231 7.248840e-01 3.796000e-03 2.713200e-01
232 7.243200e-01 3.696000e-03 2.719840e-01
233 7.237720e-01 3.644000e-03 2.725840e-01
234 7.231800e-01 3.588000e-03 2.732320e-01
235 7.227080e-01 3.500000e-03 2.737920e-01
236 7.221560e-01 3.440000e-03 2.744040e-01
237 7.216280e-01 3.376000e-03 2.749960e-01
238 7.211120e-01 3.312000e-03 2.755760e-01
239 7.205360e-01 3.360000e-03 2.761040e-01
240 7.200040e-01 3.376000e-03 2.766200e-01
241 7.194720e-01 3.336000e-03 2.771920e-01
242 7.188880e-01 3.344000e-03 2.777680e-01
243 7.183280e-01 3.328000e-03 2.783440e-01
244 7.177440e-01 3.368000e-03 2.788880e-01
245 7.171880e-01 3.356000e-03 2.794560e-01
246 7.166240e-01 3.332000e-03 2.800440e-01
247 7.160320e-01 3.388000e-03 2.805800e-01
248 7.153800e-01 3.416000e-03 2.812040e-01
249 7.146040e-01 3.544000e-03 2.818520e-01
250 7.139200e-01 3.632000e-03 2.824480e-01
251 7.131680e-01 3.720000e-03 2.831120e-01
252 7.124000e-01 3.844000e-03 2.837560e-01
253 7.117560e-01 3.888000e-03 2.843560e-01
254 7.111720e-01 3.744000e-03 2.850840e-01
255 7.105480e-01 3.764000e-03 2.856880e-01
256 7.098880e-01 3.748000e-03 2.863640e-01
257 7.091880e-01 3.816000e-03 2.869960e-01
258 7.085680e-01 3.800000e-03 2.876320e-01
259 7.079160e-01 3.856000e-03 2.882280e-01
260 7.073040e-01 3.820000e-03 2.888760e-01
261 7.067120e-01 3.860000e-03 2.894280e-01
262 7.061360e-01 3.804000e-03 2.900600e-01
263 7.055720e-01 3.708000e-03 2.907200e-01
264 7.049160e-01 3.732000e-03 2.913520e-01
265 7.043880e-01 3.564000e-03 2.920480e-01
266 7.039040e-01 3.392000e-03 2.927040e-01
267 7.033160e-01 3.436000e-03 2.932480e-01
268 7.027280e-01 3.388000e-03 2.938840e-01
269 7.021480e-01 3.368000e-03 2.944840e-01
270 7.015920e-01 3.312000e-03 2.950960e-01
271 7.010000e-01 3.312000e-03 2.956880e-01
272 7.004200e-01 3.348000e-03 2.962320e-01
273 6.998320e-01 3.368000e-03 2.968000e-01
274 6.991640e-01 3.400000e-03 2.974360e-01
275 6.986200e-01 3.324000e-03 2.980560e-01
276 6.980080e-01 3.340000e-03 2.986520e-01
277 6.974240e-01 3.328000e-03 2.992480e-01
278 6.968880e-01 3.264000e-03 2.998480e-01
279 6.963480e-01 3.164000e-03 3.004880e-01
280 6.958720e-01 3.100000e-03 3.010280e-01
281 6.954160e-01 2.968000e-03 3.016160e-01
282 6.948760e-01 2.920000e-03 3.022040e-01
283 6.944400e-01 2.832000e-03 3.027280e-01
284 6.939240e-01 2.908000e-03 3.031680e-01
285 6.934160e-01 2.852000e-03 3.037320e-01
286 6.929720e-01 2.884000e-03 3.041440e-01
287 6.924760e-01 2.912000e-03 3.046120e-01
288 6.919600e-01 2.904000e-03 3.051360e-01
289 6.915000e-01 2.856000e-03 3.056440e-01
290 6.909680e-01 2.840000e-03 3.061920e-01
291 6.905440e-01 2.748000e-03 3.067080e-01
292 6.901480e-01 2.748000e-03 3.071040e-01
293 6.897400e-01 2.724000e-03 3.075360e-01
294 6.893960e-01 2.644000e-03 3.079600e-01
295 6.889160e-01 2.668000e-03 3.084160e-01
296 6.885400e-01 2.632000e-03 3.088280e-01
297 6.881200e-01 2.564000e-03 3.093160e-01
298 6.876320e-01 2.620000e-03 3.097480e-01
299 6.872480e-01 2.508000e-03 3.102440e-01
300 6.868280e-01 2.500000e-03 3.106720e-01
301 6.864800e-01 2.368000e-03 3.111520e-01
302 6.860480e-01 2.396000e-03 3.115560e-01
303 6.856240e-01 2.412000e-03 3.119640e-01
304 6.852680e-01 2.304000e-03 3.124280e-01
305 6.849120e-01 2.260000e-03 3.128280e-01
306 6.845680e-01 2.220000e-03 3.132120e-01
307 6.842200e-01 2.160000e-03 3.136200e-01
308 6.838360e-01 2.212000e-03 3.139520e-01
309 6.835560e-01 2.168000e-03 3.142760e-01
310 6.832040e-01 2.184000e-03 3.146120e-01
311 6.829200e-01 2.052000e-03 3.150280e-01
312 6.825920e-01 1.988000e-03 3.154200e-01
313 6.823280e-01 1.892000e-03 3.157800e-01
314 6.820720e-01 1.824000e-03 3.161040e-01
315 6.817840e-01 1.736000e-03 3.164800e-01
316 6.815000e-01 1.712000e-03 3.167880e-01
317 6.811800e-01 1.744000e-03 3.170760e-01
318 6.809040e-01 1.716000e-03 3.173800e-01
319 6.806360e-01 1.664000e-03 3.177000e-01
320 6.803280e-01 1.716000e-03 3.179560e-01
321 6.800400e-01 1.720000e-03 3.182400e-01
322 6.797640e-01 1.736000e-03 3.185000e-01
323 6.795240e-01 1.616000e-03 3.188600e-01
324 6.791880e-01 1.692000e-03 3.191200e-01
325 6.789560e-01 1.612000e-03 3.194320e-01
326 6.786400e-01 1.676000e-03 3.196840e-01
327 6.783760e-01 1.624000e-03 3.200000e-01
328 6.781120e-01 1.580000e-03 3.203080e-01
329 6.778320e-01 1.524000e-03 3.206440e-01
330 6.775200e-01 1.612000e-03 3.208680e-01
331 6.772280e-01 1.660000e-03 3.211120e-01
332 6.769440e-01 1.672000e-03 3.213840e-01
333 6.767160e-01 1.568000e-03 3.217160e-01
334 6.764760e-01 1.524000e-03 3.220000e-01
335 6.762880e-01 1.468000e-03 3.222440e-01
336 6.761080e-01 1.468000e-03 3.224240e-01
337 6.758880e-01 1.484000e-03 3.226280e-01
338 6.756320e-01 1.476000e-03 3.228920e-01
339 6.754600e-01 1.392000e-03 3.231480e-01
340 6.751920e-01 1.416000e-03 3.233920e-01
341 6.748640e-01 1.480000e-03 3.236560e-01
342 6.745680e-01 1.520000e-03 3.239120e-01
343 6.743640e-01 1.464000e-03 3.241720e-01
344 6.741080e-01 1.476000e-03 3.244160e-01
345 6.739200e-01 1.388000e-03 3.246920e-01
346 6.737200e-01 1.396000e-03 3.248840e-01
347 6.735120e-01 1.400000e-03 3.250880e-01
348 6.733480e-01 1.328000e-03 3.253240e-01
349 6.731320e-01 1.324000e-03 3.255440e-01
350 6.728880e-01 1.328000e-03 3.257840e-01
351 6.726720e-01 1.264000e-03 3.260640e-01
352 6.723800e-01 1.312000e-03 3.263080e-01
353 6.721160e-01 1.336000e-03 3.265480e-01
354 6.717560e-01 1.432000e-03 3.268120e-01
355 6.715000e-01 1.456000e-03 3.270440e-01
356 6.712160e-01 1.480000e-03 3.273040e-01
357 6.709520e-01 1.516000e-03 3.275320e-01
358 6.706880e-01 1.492000e-03 3.278200e-01
359 6.703720e-01 1.536000e-03 3.280920e-01
360 6.700560e-01 1.580000e-03 3.283640e-01
361 6.696680e-01 1.716000e-03 3.286160e-01
362 6.694080e-01 1.644000e-03 3.289480e-01
363 6.690800e-01 1.640000e-03 3.292800e-01
364 6.687480e-01 1.664000e-03 3.295880e-01
365 6.683680e-01 1.748000e-03 3.298840e-01
366 6.679800e-01 1.860000e-03 3.301600e-01
367 6.674560e-01 2.080000e-03 3.304640e-01
368 6.670480e-01 2.124000e-03 3.308280e-01
369 6.666200e-01 2.176000e-03 3.312040e-01
370 6.662360e-01 2.200000e-03 3.315640e-01
371 6.658040e-01 2.236000e-03 3.319600e-01
372 6.654400e-01 2.172000e-03 3.323880e-01
373 6.651520e-01 2.088000e-03 3.327600e-01
374 6.648640e-01 2.004000e-03 3.331320e-01
375 6.645560e-01 1.964000e-03 3.334800e-01
376 6.641920e-01 1.924000e-03 3.338840e-01
377 6.638680e-01 1.928000e-03 3.342040e-01
378 6.636200e-01 1.896000e-03 3.344840e-01
379 6.633120e-01 1.864000e-03 3.348240e-01
380 6.630160e-01 1.792000e-03 3.351920e-01
381 6.627520e-01 1.716000e-03 3.355320e-01
382 6.624640e-01 1.748000e-03 3.357880e-01
383 6.621880e-01 1.752000e-03 3.360600e-01
384 6.619280e-01 1.736000e-03 3.363360e-01
385 6.616440e-01 1.752000e-03 3.366040e-01
386 6.614240e-01 1.624000e-03 3.369520e-01
387 6.611840e-01 1.572000e-03 3.372440e-01
388 6.608760e-01 1.588000e-03 3.375360e-01
389 6.605920e-01 1.588000e-03 3.378200e-01
390 6.602480e-01 1.648000e-03 3.381040e-01
391 6.599160e-01 1.696000e-03 3.383880e-01
392 6.596760e-01 1.664000e-03 3.386600e-01
393 6.594240e-01 1.636000e-03 3.389400e-01
394 6.591560e-01 1.680000e-03 3.391640e-01
395 6.589040e-01 1.648000e-03 3.394480e-01
396 6.586680e-01 1.620000e-03 3.397120e-01
397 6.584120e-01 1.600000e-03 3.399880e-01
398 6.581920e-01 1.576000e-03 3.402320e-01
399 6.579800e-01 1.500000e-03 3.405200e-01
400 6.577240e-01 1.480000e-03 3.407960e-01
401 6.574920e-01 1.448000e-03 3.410600e-01
402 6.572960e-01 1.384000e-03 3.413200e-01
403 6.570680e-01 1.380000e-03 3.415520e-01
404 6.568400e-01 1.332000e-03 3.418280e-01
405 6.565800e-01 1.364000e-03 3.420560e-01
406 6.563000e-01 1.472000e-03 3.422280e-01
407 6.560360e-01 1.488000e-03 3.424760e-01
408 6.557480e-01 1.528000e-03 3.427240e-01
409 6.555080e-01 1.496000e-03 3.429960e-01
410 6.552480e-01 1.444000e-03 3.433080e-01
411 6.550320e-01 1.428000e-03 3.435400e-01
412 6.547880e-01 1.428000e-03 3.437840e-01
413 6.545040e-01 1.452000e-03 3.440440e-01
414 6.542560e-01 1.368000e-03 3.443760e-01
415 6.540280e-01 1.416000e-03 3.445560e-01
416 6.537800e-01 1.408000e-03 3.448120e-01
417 6.534440e-01 1.452000e-03 3.451040e-01
418 6.532120e-01 1.416000e-03 3.453720e-01
419 6.529560e-01 1.432000e-03 3.456120e-01
420 6.527400e-01 1.380000e-03 3.458800e-01
421 6.525640e-01 1.308000e-03 3.461280e-01
422 6.523760e-01 1.256000e-03 3.463680e-01
423 6.521800e-01 1.216000e-03 3.466040e-01
424 6.519520e-01 1.244000e-03 3.468040e-01
425 6.517440e-01 1.248000e-03 3.470080e-01
426 6.514400e-01 1.356000e-03 3.472040e-01
427 6.512000e-01 1.368000e-03 3.474320e-01
428 6.509120e-01 1.408000e-03 3.476800e-01
429 6.507120e-01 1.340000e-03 3.479480e-01
430 6.505640e-01 1.304000e-03 3.481320e-01
431 6.504080e-01 1.284000e-03 3.483080e-01
432 6.502560e-01 1.252000e-03 3.484920e-01
433 6.501240e-01 1.176000e-03 3.487000e-01
434 6.499760e-01 1.124000e-03 3.489000e-01
435 6.498360e-01 1.024000e-03 3.491400e-01
436 6.497080e-01 9.760000e-04 3.493160e-01
437 6.495400e-01 9.800000e-04 3.494800e-01
438 6.493720e-01 9.800000e-04 3.496480e-01
439 6.492200e-01 9.640000e-04 3.498160e-01
440 6.490480e-01 9.760000e-04 3.499760e-01
441 6.488600e-01 9.800000e-04 3.501600e-01
442 6.487280e-01 9.360000e-04 3.503360e-01
443 6.485680e-01 9.720000e-04 3.504600e-01
444 6.483760e-01 9.920000e-04 3.506320e-01
445 6.482120e-01 9.600000e-04 3.508280e-01
446 6.480520e-01 9.520000e-04 3.509960e-01
447 6.479320e-01 8.680000e-04 3.512000e-01
448 6.477840e-01 8.680000e-04 3.513480e-01
449 6.476160e-01 8.880000e-04 3.514960e-01
450 6.474360e-01 9.200000e-04 3.516440e-01
451 6.472720e-01 9.280000e-04 3.518000e-01
452 6.470960e-01 9.240000e-04 3.519800e-01
453 6.469040e-01 9.680000e-04 3.521280e-01
454 6.467200e-01 9.560000e-04 3.523240e-01
455 6.465600e-01 9.880000e-04 3.524520e-01
456 6.463240e-01 1.056000e-03 3.526200e-01
457 6.461680e-01 1.044000e-03 3.527880e-01
458 6.459760e-01 1.040000e-03 3.529840e-01
459 6.457920e-01 1.032000e-03 3.531760e-01
460 6.456720e-01 1.000000e-03 3.533280e-01
461 6.455080e-01 1.008000e-03 3.534840e-01
462 6.454040e-01 9.680000e-04 3.536280e-01
463 6.452080e-01 1.012000e-03 3.537800e-01
464 6.450120e-01 1.048000e-03 3.539400e-01
465 6.448560e-01 1.040000e-03 3.541040e-01
466 6.446920e-01 9.840000e-04 3.543240e-01
467 6.445560e-01 9.200000e-04 3.545240e-01
468 6.444360e-01 9.040000e-04 3.546600e-01
469 6.443240e-01 8.760000e-04 3.548000e-01
470 6.441720e-01 8.400000e-04 3.549880e-01
471 6.440160e-01 8.400000e-04 3.551440e-01
472 6.438320e-01 8.560000e-04 3.553120e-01
473 6.436080e-01 9.080000e-04 3.554840e-01
474 6.434400e-01 9.520000e-04 3.556080e-01
475 6.432360e-01 1.004000e-03 3.557600e-01
476 6.430520e-01 1.028000e-03 3.559200e-01
477 6.428640e-01 1.072000e-03 3.560640e-01
478 6.426680e-01 1.124000e-03 3.562080e-01
479 6.424800e-01 1.108000e-03 3.564120e-01
480 6.422920e-01 1.112000e-03 3.565960e-01
481 6.421000e-01 1.108000e-03 3.567920e-01
482 6.419520e-01 1.068000e-03 3.569800e-01
483 6.417280e-01 1.076000e-03 3.571960e-01
484 6.415680e-01 1.040000e-03 3.573920e-01
485 6.413480e-01 1.056000e-03 3.575960e-01
486 6.411360e-01 1.064000e-03 3.578000e-01
487 6.409400e-01 1.036000e-03 3.580240e-01
488 6.407720e-01 1.036000e-03 3.581920e-01
489 6.405600e-01 1.100000e-03 3.583400e-01
490 6.403960e-01 9.920000e-04 3.586120e-01
491 6.402400e-01 9.560000e-04 3.588040e-01
492 6.400680e-01 9.520000e-04 3.589800e-01
493 6.398960e-01 9.760000e-04 3.591280e-01
494 6.396960e-01 1.032000e-03 3.592720e-01
495 6.394960e-01 1.068000e-03 3.594360e-01
496 6.393360e-01 1.004000e-03 3.596600e-01
497 6.391600e-01 9.880000e-04 3.598520e-01
498 6.389720e-01 9.760000e-04 3.600520e-01
499 6.388320e-01 9.200000e-04 3.602480e-01
500 6.386600e-01 9.280000e-04 3.604120e-01
