1 9.992480e-01 6.760000e-04 7.600000e-05
2 9.987480e-01 1.000000e-03 2.520000e-04
3 9.981720e-01 1.360000e-03 4.680000e-04
4 9.974920e-01 1.724000e-03 7.840000e-04
5 9.967640e-01 2.084000e-03 1.152000e-03
6 9.959760e-01 2.448000e-03 1.576000e-03
7 9.952040e-01 2.804000e-03 1.992000e-03
8 9.943840e-01 3.132000e-03 2.484000e-03
9 9.934440e-01 3.516000e-03 3.040000e-03
10 9.926320e-01 3.772000e-03 3.596000e-03
11 9.916320e-01 4.040000e-03 4.328000e-03
12 9.905480e-01 4.384000e-03 5.068000e-03
13 9.894200e-01 4.736000e-03 5.844000e-03
14 9.882080e-01 5.156000e-03 6.636000e-03
15 9.870560e-01 5.388000e-03 7.556000e-03
16 9.857280e-01 5.732000e-03 8.540000e-03
17 9.844080e-01 5.976000e-03 9.616000e-03
18 9.830960e-01 6.256000e-03 1.064800e-02
19 9.817600e-01 6.560000e-03 1.168000e-02
20 9.805080e-01 6.580000e-03 1.291200e-02
21 9.791000e-01 6.808000e-03 1.409200e-02
22 9.777720e-01 7.032000e-03 1.519600e-02
23 9.764680e-01 7.112000e-03 1.642000e-02
24 9.752080e-01 7.176000e-03 1.761600e-02
25 9.736560e-01 7.464000e-03 1.888000e-02
26 9.722920e-01 7.472000e-03 2.023600e-02
27 9.708360e-01 7.632000e-03 2.153200e-02
28 9.692840e-01 7.872000e-03 2.284400e-02
29 9.677480e-01 8.132000e-03 2.412000e-02
30 9.660760e-01 8.320000e-03 2.560400e-02
31 9.645480e-01 8.476000e-03 2.697600e-02
32 9.629960e-01 8.512000e-03 2.849200e-02
33 9.614520e-01 8.524000e-03 3.002400e-02
34 9.596520e-01 8.708000e-03 3.164000e-02
35 9.581040e-01 8.712000e-03 3.318400e-02
36 9.563120e-01 9.004000e-03 3.468400e-02
37 9.546000e-01 9.092000e-03 3.630800e-02
38 9.528080e-01 9.316000e-03 3.787600e-02
39 9.511640e-01 9.400000e-03 3.943600e-02
40 9.493560e-01 9.548000e-03 4.109600e-02
41 9.474120e-01 9.772000e-03 4.281600e-02
42 9.455480e-01 9.864000e-03 4.458800e-02
43 9.438800e-01 9.776000e-03 4.634400e-02
44 9.419280e-01 1.000800e-02 4.806400e-02
45 9.401960e-01 9.924000e-03 4.988000e-02
46 9.382400e-01 1.013200e-02 5.162800e-02
47 9.365760e-01 1.002800e-02 5.339600e-02
48 9.347560e-01 1.005600e-02 5.518800e-02
49 9.329760e-01 1.006000e-02 5.696400e-02
50 9.311800e-01 9.972000e-03 5.884800e-02
51 9.295840e-01 9.820000e-03 6.059600e-02
52 9.277360e-01 1.000000e-02 6.226400e-02
53 9.260040e-01 9.996000e-03 6.400000e-02
54 9.243280e-01 9.892000e-03 6.578000e-02
55 9.228880e-01 9.628000e-03 6.748400e-02
56 9.212880e-01 9.488000e-03 6.922400e-02
57 9.196840e-01 9.424000e-03 7.089200e-02
58 9.178520e-01 9.660000e-03 7.248800e-02
59 9.162400e-01 9.508000e-03 7.425200e-02
60 9.145240e-01 9.484000e-03 7.599200e-02
61 9.127680e-01 9.556000e-03 7.767600e-02
62 9.111000e-01 9.392000e-03 7.950800e-02
63 9.092720e-01 9.572000e-03 8.115600e-02
64 9.074840e-01 9.728000e-03 8.278800e-02
65 9.055960e-01 9.672000e-03 8.473200e-02
66 9.040520e-01 9.480000e-03 8.646800e-02
67 9.022440e-01 9.448000e-03 8.830800e-02
68 9.004680e-01 9.528000e-03 9.000400e-02
69 8.989800e-01 9.432000e-03 9.158800e-02
70 8.973440e-01 9.328000e-03 9.332800e-02
71 8.958120e-01 9.284000e-03 9.490400e-02
72 8.940400e-01 9.312000e-03 9.664800e-02
73 8.923160e-01 9.568000e-03 9.811600e-02
74 8.906720e-01 9.520000e-03 9.980800e-02
75 8.890640e-01 9.472000e-03 1.014640e-01
76 8.875440e-01 9.200000e-03 1.032560e-01
77 8.859120e-01 9.248000e-03 1.048400e-01
78 8.843200e-01 9.176000e-03 1.065040e-01
79 8.827440e-01 9.196000e-03 1.080600e-01
80 8.812360e-01 9.164000e-03 1.096000e-01
81 8.795800e-01 9.332000e-03 1.110880e-01
82 8.779800e-01 9.392000e-03 1.126280e-01
83 8.763320e-01 9.276000e-03 1.143920e-01
84 8.747800e-01 9.028000e-03 1.161920e-01
85 8.731400e-01 9.064000e-03 1.177960e-01
86 8.715840e-01 9.184000e-03 1.192320e-01
87 8.699240e-01 9.192000e-03 1.208840e-01
88 8.682760e-01 9.224000e-03 1.225000e-01
89 8.668080e-01 9.004000e-03 1.241880e-01
90 8.651560e-01 9.056000e-03 1.257880e-01
91 8.634280e-01 9.104000e-03 1.274680e-01
92 8.618040e-01 9.172000e-03 1.290240e-01
93 8.601240e-01 9.312000e-03 1.305640e-01
94 8.585280e-01 9.272000e-03 1.322000e-01
95 8.567120e-01 9.464000e-03 1.338240e-01
96 8.550280e-01 9.476000e-03 1.354960e-01
97 8.534240e-01 9.396000e-03 1.371800e-01
98 8.518120e-01 9.336000e-03 1.388520e-01
99 8.501040e-01 9.472000e-03 1.404240e-01
100 8.484920e-01 9.392000e-03 1.421160e-01
101 8.468360e-01 9.524000e-03 1.436400e-01
102 8.451080e-01 9.724000e-03 1.451680e-01
103 8.434120e-01 9.816000e-03 1.467720e-01
104 8.417160e-01 9.804000e-03 1.484800e-01
105 8.399560e-01 9.964000e-03 1.500800e-01
106 8.382160e-01 9.940000e-03 1.518440e-01
107 8.365680e-01 9.820000e-03 1.536120e-01
108 8.349440e-01 9.684000e-03 1.553720e-01
109 8.333480e-01 9.592000e-03 1.570600e-01
110 8.317360e-01 9.472000e-03 1.587920e-01
111 8.301320e-01 9.444000e-03 1.604240e-01
112 8.284160e-01 9.492000e-03 1.620920e-01
113 8.267480e-01 9.524000e-03 1.637280e-01
114 8.251920e-01 9.508000e-03 1.653000e-01
115 8.238240e-01 9.284000e-03 1.668920e-01
116 8.223160e-01 9.204000e-03 1.684800e-01
117 8.208040e-01 9.048000e-03 1.701480e-01
118 8.191640e-01 9.232000e-03 1.716040e-01
119 8.175600e-01 9.276000e-03 1.731640e-01
120 8.161360e-01 9.080000e-03 1.747840e-01
121 8.145640e-01 9.180000e-03 1.762560e-01
122 8.128080e-01 9.240000e-03 1.779520e-01
123 8.112320e-01 9.324000e-03 1.794440e-01
124 8.096960e-01 9.200000e-03 1.811040e-01
125 8.080680e-01 9.184000e-03 1.827480e-01
126 8.064120e-01 9.184000e-03 1.844040e-01
127 8.050280e-01 9.096000e-03 1.858760e-01
128 8.034960e-01 9.024000e-03 1.874800e-01
129 8.018440e-01 9.096000e-03 1.890600e-01
130 8.004320e-01 8.772000e-03 1.907960e-01
131 7.988320e-01 8.840000e-03 1.923280e-01
132 7.973080e-01 8.780000e-03 1.939120e-01
133 7.958120e-01 8.656000e-03 1.955320e-01
134 7.943200e-01 8.792000e-03 1.968880e-01
135 7.927400e-01 8.764000e-03 1.984960e-01
136 7.912960e-01 8.740000e-03 1.999640e-01
137 7.897440e-01 8.924000e-03 2.013320e-01
138 7.881880e-01 9.028000e-03 2.027840e-01
139 7.867280e-01 8.904000e-03 2.043680e-01
140 7.853280e-01 8.736000e-03 2.059360e-01
141 7.837600e-01 8.800000e-03 2.074400e-01
142 7.821600e-01 8.852000e-03 2.089880e-01
143 7.806080e-01 8.896000e-03 2.104960e-01
144 7.789840e-01 8.980000e-03 2.120360e-01
145 7.773000e-01 9.040000e-03 2.136600e-01
146 7.756320e-01 9.072000e-03 2.152960e-01
147 7.739560e-01 9.120000e-03 2.169240e-01
148 7.723120e-01 9.172000e-03 2.185160e-01
149 7.707040e-01 9.272000e-03 2.200240e-01
150 7.691920e-01 9.196000e-03 2.216120e-01
151 7.676720e-01 9.244000e-03 2.230840e-01
152 7.660320e-01 9.248000e-03 2.247200e-01
153 7.644000e-01 9.296000e-03 2.263040e-01
154 7.628280e-01 9.344000e-03 2.278280e-01
155 7.611480e-01 9.360000e-03 2.294920e-01
156 7.592400e-01 9.656000e-03 2.311040e-01
157 7.575320e-01 9.624000e-03 2.328440e-01
158 7.559400e-01 9.484000e-03 2.345760e-01
159 7.542200e-01 9.552000e-03 2.362280e-01
160 7.523080e-01 9.724000e-03 2.379680e-01
161 7.506440e-01 9.728000e-03 2.396280e-01
162 7.489520e-01 9.776000e-03 2.412720e-01
163 7.473080e-01 9.764000e-03 2.429280e-01
164 7.455200e-01 9.876000e-03 2.446040e-01
165 7.436680e-01 1.000800e-02 2.463240e-01
166 7.418800e-01 1.013200e-02 2.479880e-01
167 7.401360e-01 1.020400e-02 2.496600e-01
168 7.381760e-01 1.030000e-02 2.515240e-01
169 7.364000e-01 1.042400e-02 2.531760e-01
170 7.346280e-01 1.038800e-02 2.549840e-01
171 7.326800e-01 1.041200e-02 2.569080e-01
172 7.309560e-01 1.038000e-02 2.586640e-01
173 7.292120e-01 1.039600e-02 2.603920e-01
174 7.275520e-01 1.014800e-02 2.623000e-01
175 7.257560e-01 1.009200e-02 2.641520e-01
176 7.241280e-01 9.956000e-03 2.659160e-01
177 7.225600e-01 9.824000e-03 2.676160e-01
178 7.209680e-01 9.708000e-03 2.693240e-01
179 7.193400e-01 9.596000e-03 2.710640e-01
180 7.178920e-01 9.260000e-03 2.728480e-01
181 7.161560e-01 9.268000e-03 2.745760e-01
182 7.144120e-01 9.500000e-03 2.760880e-01
183 7.126680e-01 9.612000e-03 2.777200e-01
184 7.110240e-01 9.668000e-03 2.793080e-01
185 7.094200e-01 9.488000e-03 2.810920e-01
186 7.078720e-01 9.408000e-03 2.827200e-01
187 7.063800e-01 9.212000e-03 2.844080e-01
188 7.048760e-01 9.160000e-03 2.859640e-01
189 7.034240e-01 9.068000e-03 2.875080e-01
190 7.019480e-01 9.068000e-03 2.889840e-01
191 7.003080e-01 9.116000e-03 2.905760e-01
192 6.987560e-01 9.152000e-03 2.920920e-01
193 6.973840e-01 9.000000e-03 2.936160e-01
194 6.958560e-01 8.912000e-03 2.952320e-01
195 6.943560e-01 8.860000e-03 2.967840e-01
196 6.928320e-01 8.848000e-03 2.983200e-01
197 6.914000e-01 8.672000e-03 2.999280e-01
198 6.899440e-01 8.440000e-03 3.016160e-01
199 6.885760e-01 8.276000e-03 3.031480e-01
200 6.872120e-01 8.080000e-03 3.047080e-01
201 6.857960e-01 8.260000e-03 3.059440e-01
202 6.843280e-01 8.184000e-03 3.074880e-01
203 6.829120e-01 8.284000e-03 3.088040e-01
204 6.815640e-01 8.068000e-03 3.103680e-01
205 6.801320e-01 8.012000e-03 3.118560e-01
206 6.788640e-01 7.920000e-03 3.132160e-01
207 6.774480e-01 7.936000e-03 3.146160e-01
208 6.762320e-01 7.704000e-03 3.160640e-01
209 6.749640e-01 7.696000e-03 3.173400e-01
210 6.738200e-01 7.432000e-03 3.187480e-01
211 6.727120e-01 7.204000e-03 3.200840e-01
212 6.714400e-01 7.256000e-03 3.213040e-01
213 6.702680e-01 7.184000e-03 3.225480e-01
214 6.690160e-01 7.260000e-03 3.237240e-01
215 6.678960e-01 7.068000e-03 3.250360e-01
216 6.667240e-01 7.056000e-03 3.262200e-01
217 6.655640e-01 7.092000e-03 3.273440e-01
218 6.644160e-01 6.952000e-03 3.286320e-01
219 6.633240e-01 6.908000e-03 3.297680e-01
220 6.621000e-01 6.952000e-03 3.309480e-01
221 6.609840e-01 6.724000e-03 3.322920e-01
222 6.600000e-01 6.548000e-03 3.334520e-01
223 6.589600e-01 6.448000e-03 3.345920e-01
224 6.578600e-01 6.416000e-03 3.357240e-01
225 6.569360e-01 6.204000e-03 3.368600e-01
226 6.559800e-01 6.028000e-03 3.379920e-01
227 6.550280e-01 6.112000e-03 3.388600e-01
228 6.540320e-01 6.072000e-03 3.398960e-01
229 6.530120e-01 5.968000e-03 3.410200e-01
230 6.520160e-01 5.972000e-03 3.420120e-01
231 6.510960e-01 5.824000e-03 3.430800e-01
232 6.501480e-01 5.776000e-03 3.440760e-01
233 6.491640e-01 5.788000e-03 3.450480e-01
234 6.481480e-01 5.816000e-03 3.460360e-01
235 6.472320e-01 5.752000e-03 3.470160e-01
236 6.462200e-01 5.788000e-03 3.479920e-01
237 6.452200e-01 5.720000e-03 3.490600e-01
238 6.442600e-01 5.624000e-03 3.501160e-01
239 6.433520e-01 5.588000e-03 3.510600e-01
240 6.423120e-01 5.792000e-03 3.518960e-01
241 6.413880e-01 5.668000e-03 3.529440e-01
242 6.404000e-01 5.660000e-03 3.539400e-01
243 6.394040e-01 5.648000e-03 3.549480e-01
244 6.382040e-01 5.856000e-03 3.559400e-01
245 6.371440e-01 5.952000e-03 3.569040e-01
246 6.361000e-01 6.028000e-03 3.578720e-01
247 6.350200e-01 6.032000e-03 3.589480e-01
248 6.338800e-01 6.144000e-03 3.599760e-01
249 6.327720e-01 6.136000e-03 3.610920e-01
250 6.316920e-01 6.156000e-03 3.621520e-01
251 6.306040e-01 6.160000e-03 3.632360e-01
252 6.293760e-01 6.296000e-03 3.643280e-01
253 6.281960e-01 6.440000e-03 3.653640e-01
254 6.269400e-01 6.632000e-03 3.664280e-01
255 6.257640e-01 6.620000e-03 3.676160e-01
256 6.246880e-01 6.532000e-03 3.687800e-01
257 6.236320e-01 6.252000e-03 3.701160e-01
258 6.226040e-01 6.144000e-03 3.712520e-01
259 6.215680e-01 6.068000e-03 3.723640e-01
260 6.206280e-01 5.980000e-03 3.733920e-01
261 6.196880e-01 5.940000e-03 3.743720e-01
262 6.187240e-01 5.776000e-03 3.755000e-01
263 6.177160e-01 5.764000e-03 3.765200e-01
264 6.168480e-01 5.640000e-03 3.775120e-01
265 6.159960e-01 5.512000e-03 3.784920e-01
266 6.152160e-01 5.296000e-03 3.794880e-01
267 6.144520e-01 5.188000e-03 3.803600e-01
268 6.135800e-01 5.120000e-03 3.813000e-01
269 6.127320e-01 5.040000e-03 3.822280e-01
270 6.119840e-01 4.872000e-03 3.831440e-01
271 6.112800e-01 4.684000e-03 3.840360e-01
272 6.105720e-01 4.600000e-03 3.848280e-01
273 6.097600e-01 4.736000e-03 3.855040e-01
274 6.090800e-01 4.508000e-03 3.864120e-01
275 6.083840e-01 4.460000e-03 3.871560e-01
276 6.076160e-01 4.472000e-03 3.879120e-01
277 6.068800e-01 4.464000e-03 3.886560e-01
278 6.061800e-01 4.292000e-03 3.895280e-01
279 6.054960e-01 4.220000e-03 3.902840e-01
280 6.048920e-01 4.160000e-03 3.909480e-01
281 6.042800e-01 4.076000e-03 3.916440e-01
282 6.036160e-01 3.980000e-03 3.924040e-01
283 6.030600e-01 3.844000e-03 3.930960e-01
284 6.024600e-01 3.804000e-03 3.937360e-01
285 6.018040e-01 3.680000e-03 3.945160e-01
286 6.012040e-01 3.588000e-03 3.952080e-01
287 6.004920e-01 3.668000e-03 3.958400e-01
288 5.999040e-01 3.600000e-03 3.964960e-01
289 5.992960e-01 3.628000e-03 3.970760e-01
290 5.986880e-01 3.600000e-03 3.977120e-01
291 5.980040e-01 3.616000e-03 3.983800e-01
292 5.973840e-01 3.668000e-03 3.989480e-01
293 5.966840e-01 3.672000e-03 3.996440e-01
294 5.960600e-01 3.516000e-03 4.004240e-01
295 5.954480e-01 3.512000e-03 4.010400e-01
296 5.949000e-01 3.492000e-03 4.016080e-01
297 5.943880e-01 3.328000e-03 4.022840e-01
298 5.938120e-01 3.376000e-03 4.028120e-01
299 5.932760e-01 3.260000e-03 4.034640e-01
300 5.926680e-01 3.284000e-03 4.040480e-01
301 5.920840e-01 3.260000e-03 4.046560e-01
302 5.915080e-01 3.184000e-03 4.053080e-01
303 5.910000e-01 3.084000e-03 4.059160e-01
304 5.904800e-01 3.040000e-03 4.064800e-01
305 5.899480e-01 3.052000e-03 4.070000e-01
306 5.894280e-01 3.004000e-03 4.075680e-01
307 5.888600e-01 3.084000e-03 4.080560e-01
308 5.882600e-01 3.140000e-03 4.086000e-01
309 5.877600e-01 3.036000e-03 4.092040e-01
310 5.872720e-01 3.052000e-03 4.096760e-01
311 5.868120e-01 2.988000e-03 4.102000e-01
312 5.864320e-01 2.860000e-03 4.107080e-01
313 5.859800e-01 2.848000e-03 4.111720e-01
314 5.855600e-01 2.808000e-03 4.116320e-01
315 5.850480e-01 2.788000e-03 4.121640e-01
316 5.845800e-01 2.772000e-03 4.126480e-01
317 5.840520e-01 2.892000e-03 4.130560e-01
318 5.836880e-01 2.760000e-03 4.135520e-01
319 5.831720e-01 2.776000e-03 4.140520e-01
320 5.827120e-01 2.772000e-03 4.145160e-01
321 5.822680e-01 2.744000e-03 4.149880e-01
322 5.817120e-01 2.772000e-03 4.155160e-01
323 5.812280e-01 2.784000e-03 4.159880e-01
324 5.806800e-01 2.812000e-03 4.165080e-01
325 5.801800e-01 2.788000e-03 4.170320e-01
326 5.796600e-01 2.848000e-03 4.174920e-01
327 5.791640e-01 2.836000e-03 4.180000e-01
328 5.787040e-01 2.776000e-03 4.185200e-01
329 5.781640e-01 2.828000e-03 4.190080e-01
330 5.776480e-01 2.844000e-03 4.195080e-01
331 5.771680e-01 2.828000e-03 4.200040e-01
332 5.766680e-01 2.840000e-03 4.204920e-01
333 5.760960e-01 2.984000e-03 4.209200e-01
334 5.755120e-01 3.060000e-03 4.214280e-01
335 5.750600e-01 2.992000e-03 4.219480e-01
336 5.745680e-01 2.988000e-03 4.224440e-01
337 5.740800e-01 2.952000e-03 4.229680e-01
338 5.736680e-01 2.828000e-03 4.235040e-01
339 5.731680e-01 2.760000e-03 4.240720e-01
340 5.727480e-01 2.696000e-03 4.245560e-01
341 5.723560e-01 2.628000e-03 4.250160e-01
342 5.718760e-01 2.628000e-03 4.254960e-01
343 5.714240e-01 2.596000e-03 4.259800e-01
344 5.709840e-01 2.632000e-03 4.263840e-01
345 5.705120e-01 2.656000e-03 4.268320e-01
346 5.700520e-01 2.604000e-03 4.273440e-01
347 5.696360e-01 2.552000e-03 4.278120e-01
348 5.691400e-01 2.528000e-03 4.283320e-01
349 5.685760e-01 2.636000e-03 4.287880e-01
350 5.680880e-01 2.692000e-03 4.292200e-01
351 5.676120e-01 2.660000e-03 4.297280e-01
352 5.671040e-01 2.732000e-03 4.301640e-01
353 5.665600e-01 2.856000e-03 4.305840e-01
354 5.661160e-01 2.732000e-03 4.311520e-01
355 5.655800e-01 2.816000e-03 4.316040e-01
356 5.651200e-01 2.692000e-03 4.321880e-01
357 5.646560e-01 2.732000e-03 4.326120e-01
358 5.641720e-01 2.756000e-03 4.330720e-01
359 5.637520e-01 2.744000e-03 4.335040e-01
360 5.632480e-01 2.824000e-03 4.339280e-01
361 5.628360e-01 2.708000e-03 4.344560e-01
362 5.623440e-01 2.776000e-03 4.348800e-01
363 5.618720e-01 2.780000e-03 4.353480e-01
364 5.613800e-01 2.768000e-03 4.358520e-01
365 5.610000e-01 2.696000e-03 4.363040e-01
366 5.606000e-01 2.656000e-03 4.367440e-01
367 5.601880e-01 2.608000e-03 4.372040e-01
368 5.597080e-01 2.648000e-03 4.376440e-01
369 5.593120e-01 2.572000e-03 4.381160e-01
370 5.589360e-01 2.512000e-03 4.385520e-01
371 5.585360e-01 2.560000e-03 4.389040e-01
372 5.581080e-01 2.588000e-03 4.393040e-01
373 5.576280e-01 2.612000e-03 4.397600e-01
374 5.572080e-01 2.676000e-03 4.401160e-01
375 5.567520e-01 2.624000e-03 4.406240e-01
376 5.563120e-01 2.564000e-03 4.411240e-01
377 5.559360e-01 2.452000e-03 4.416120e-01
378 5.555440e-01 2.440000e-03 4.420160e-01
379 5.551680e-01 2.340000e-03 4.424920e-01
380 5.548280e-01 2.328000e-03 4.428440e-01
381 5.544720e-01 2.264000e-03 4.432640e-01
382 5.540800e-01 2.256000e-03 4.436640e-01
383 5.537800e-01 2.192000e-03 4.440280e-01
384 5.534640e-01 2.140000e-03 4.443960e-01
385 5.532240e-01 1.984000e-03 4.447920e-01
386 5.529240e-01 1.904000e-03 4.451720e-01
387 5.525440e-01 1.956000e-03 4.455000e-01
388 5.522080e-01 1.916000e-03 4.458760e-01
389 5.518280e-01 2.004000e-03 4.461680e-01
390 5.514640e-01 1.980000e-03 4.465560e-01
391 5.511240e-01 1.960000e-03 4.469160e-01
392 5.507440e-01 1.988000e-03 4.472680e-01
393 5.504040e-01 1.952000e-03 4.476440e-01
394 5.500240e-01 1.984000e-03 4.479920e-01
395 5.497480e-01 1.952000e-03 4.483000e-01
396 5.494320e-01 1.904000e-03 4.486640e-01
397 5.491200e-01 1.852000e-03 4.490280e-01
398 5.488520e-01 1.828000e-03 4.493200e-01
399 5.485560e-01 1.808000e-03 4.496360e-01
400 5.482680e-01 1.804000e-03 4.499280e-01
401 5.480120e-01 1.812000e-03 4.501760e-01
402 5.477000e-01 1.848000e-03 4.504520e-01
403 5.473880e-01 1.844000e-03 4.507680e-01
404 5.470680e-01 1.812000e-03 4.511200e-01
405 5.467680e-01 1.844000e-03 4.513880e-01
406 5.464600e-01 1.844000e-03 4.516960e-01
407 5.461680e-01 1.820000e-03 4.520120e-01
408 5.458240e-01 1.864000e-03 4.523120e-01
409 5.455400e-01 1.808000e-03 4.526520e-01
410 5.453080e-01 1.728000e-03 4.529640e-01
411 5.450880e-01 1.684000e-03 4.532280e-01
412 5.448080e-01 1.700000e-03 4.534920e-01
413 5.445520e-01 1.632000e-03 4.538160e-01
414 5.443200e-01 1.592000e-03 4.540880e-01
415 5.441440e-01 1.504000e-03 4.543520e-01
416 5.439600e-01 1.436000e-03 4.546040e-01
417 5.437200e-01 1.420000e-03 4.548600e-01
418 5.435000e-01 1.388000e-03 4.551120e-01
419 5.432920e-01 1.384000e-03 4.553240e-01
420 5.430440e-01 1.380000e-03 4.555760e-01
421 5.428360e-01 1.340000e-03 4.558240e-01
422 5.426640e-01 1.252000e-03 4.560840e-01
423 5.425280e-01 1.128000e-03 4.563440e-01
424 5.423600e-01 1.052000e-03 4.565880e-01
425 5.422120e-01 9.600000e-04 4.568280e-01
426 5.420920e-01 8.960000e-04 4.570120e-01
427 5.419320e-01 9.200000e-04 4.571480e-01
428 5.417880e-01 9.280000e-04 4.572840e-01
429 5.416640e-01 8.800000e-04 4.574560e-01
430 5.415320e-01 8.600000e-04 4.576080e-01
431 5.413960e-01 8.480000e-04 4.577560e-01
432 5.412480e-01 8.520000e-04 4.579000e-01
433 5.410640e-01 8.880000e-04 4.580480e-01
434 5.409240e-01 9.160000e-04 4.581600e-01
435 5.407240e-01 1.004000e-03 4.582720e-01
436 5.405240e-01 1.068000e-03 4.584080e-01
437 5.403200e-01 1.064000e-03 4.586160e-01
438 5.401680e-01 9.880000e-04 4.588440e-01
439 5.399800e-01 9.920000e-04 4.590280e-01
440 5.398120e-01 1.040000e-03 4.591480e-01
441 5.396240e-01 1.000000e-03 4.593760e-01
442 5.394520e-01 9.880000e-04 4.595600e-01
443 5.393000e-01 9.720000e-04 4.597280e-01
444 5.391880e-01 9.040000e-04 4.599080e-01
445 5.390720e-01 8.720000e-04 4.600560e-01
446 5.389400e-01 8.600000e-04 4.602000e-01
447 5.387960e-01 8.760000e-04 4.603280e-01
448 5.385920e-01 9.080000e-04 4.605000e-01
449 5.384160e-01 8.840000e-04 4.607000e-01
450 5.382520e-01 8.920000e-04 4.608560e-01
451 5.380960e-01 9.120000e-04 4.609920e-01
452 5.378760e-01 9.560000e-04 4.611680e-01
453 5.377320e-01 9.720000e-04 4.612960e-01
454 5.375120e-01 1.044000e-03 4.614440e-01
455 5.372720e-01 1.108000e-03 4.616200e-01
456 5.371200e-01 1.072000e-03 4.618080e-01
457 5.369280e-01 1.092000e-03 4.619800e-01
458 5.367320e-01 1.052000e-03 4.622160e-01
459 5.365800e-01 9.960000e-04 4.624240e-01
460 5.363840e-01 1.056000e-03 4.625600e-01
461 5.362120e-01 1.024000e-03 4.627640e-01
462 5.360640e-01 1.004000e-03 4.629320e-01
463 5.358800e-01 1.008000e-03 4.631120e-01
464 5.357080e-01 9.880000e-04 4.633040e-01
465 5.355680e-01 9.480000e-04 4.634840e-01
466 5.353840e-01 9.800000e-04 4.636360e-01
467 5.352760e-01 9.040000e-04 4.638200e-01
468 5.351440e-01 8.480000e-04 4.640080e-01
469 5.350240e-01 8.040000e-04 4.641720e-01
470 5.349120e-01 8.200000e-04 4.642680e-01
471 5.347960e-01 7.840000e-04 4.644200e-01
472 5.347080e-01 7.440000e-04 4.645480e-01
473 5.346160e-01 7.240000e-04 4.646600e-01
474 5.345200e-01 6.880000e-04 4.647920e-01
475 5.344200e-01 6.680000e-04 4.649120e-01
476 5.343040e-01 6.680000e-04 4.650280e-01
477 5.342000e-01 6.720000e-04 4.651280e-01
478 5.341200e-01 6.360000e-04 4.652440e-01
479 5.340400e-01 5.520000e-04 4.654080e-01
480 5.339720e-01 5.480000e-04 4.654800e-01
481 5.339080e-01 5.360000e-04 4.655560e-01
482 5.338600e-01 4.840000e-04 4.656560e-01
483 5.338040e-01 4.240000e-04 4.657720e-01
484 5.337000e-01 4.520000e-04 4.658480e-01
485 5.336440e-01 4.080000e-04 4.659480e-01
486 5.335680e-01 4.080000e-04 4.660240e-01
487 5.335160e-01 4.000000e-04 4.660840e-01
488 5.334520e-01 3.760000e-04 4.661720e-01
489 5.333960e-01 3.600000e-04 4.662440e-01
490 5.332960e-01 4.000000e-04 4.663040e-01
491 5.332440e-01 3.560000e-04 4.664000e-01
492 5.332080e-01 3.440000e-04 4.664480e-01
493 5.331600e-01 3.560000e-04 4.664840e-01
494 5.330920e-01 3.840000e-04 4.665240e-01
495 5.330320e-01 3.800000e-04 4.665880e-01
496 5.329760e-01 3.680000e-04 4.666560e-01
497 5.329360e-01 3.640000e-04 4.667000e-01
498 5.329040e-01 3.480000e-04 4.667480e-01
499 5.328720e-01 3.240000e-04 4.668040e-01
500 5.328240e-01 3.240000e-04 4.668520e-01
