1 9.991920e-01 7.360000e-04 7.200000e-05
2 9.987400e-01 1.024000e-03 2.360000e-04
3 9.981240e-01 1.408000e-03 4.680000e-04
4 9.974640e-01 1.784000e-03 7.520000e-04
5 9.966880e-01 2.200000e-03 1.112000e-03
6 9.958600e-01 2.584000e-03 1.556000e-03
7 9.948800e-01 3.100000e-03 2.020000e-03
8 9.939080e-01 3.512000e-03 2.580000e-03
9 9.928600e-01 3.904000e-03 3.236000e-03
10 9.918320e-01 4.224000e-03 3.944000e-03
11 9.907200e-01 4.548000e-03 4.732000e-03
12 9.895360e-01 4.880000e-03 5.584000e-03
13 9.884120e-01 5.144000e-03 6.444000e-03
14 9.872160e-01 5.356000e-03 7.428000e-03
15 9.859040e-01 5.700000e-03 8.396000e-03
16 9.846640e-01 5.848000e-03 9.488000e-03
17 9.833160e-01 6.156000e-03 1.052800e-02
18 9.818120e-01 6.632000e-03 1.155600e-02
19 9.801920e-01 7.172000e-03 1.263600e-02
20 9.785120e-01 7.500000e-03 1.398800e-02
21 9.770480e-01 7.716000e-03 1.523600e-02
22 9.755720e-01 7.904000e-03 1.652400e-02
23 9.739840e-01 8.092000e-03 1.792400e-02
24 9.723440e-01 8.300000e-03 1.935600e-02
25 9.707360e-01 8.464000e-03 2.080000e-02
26 9.689360e-01 8.776000e-03 2.228800e-02
27 9.673520e-01 8.812000e-03 2.383600e-02
28 9.656440e-01 9.048000e-03 2.530800e-02
29 9.640680e-01 8.940000e-03 2.699200e-02
30 9.624360e-01 9.020000e-03 2.854400e-02
31 9.607480e-01 9.176000e-03 3.007600e-02
32 9.593320e-01 8.972000e-03 3.169600e-02
33 9.577400e-01 9.056000e-03 3.320400e-02
34 9.559800e-01 9.184000e-03 3.483600e-02
35 9.543520e-01 9.224000e-03 3.642400e-02
36 9.526640e-01 9.272000e-03 3.806400e-02
37 9.511280e-01 9.172000e-03 3.970000e-02
38 9.494960e-01 9.256000e-03 4.124800e-02
39 9.477400e-01 9.452000e-03 4.280800e-02
40 9.460280e-01 9.428000e-03 4.454400e-02
41 9.444200e-01 9.420000e-03 4.616000e-02
42 9.428000e-01 9.448000e-03 4.775200e-02
43 9.411960e-01 9.400000e-03 4.940400e-02
44 9.395480e-01 9.348000e-03 5.110400e-02
45 9.378600e-01 9.300000e-03 5.284000e-02
46 9.360680e-01 9.544000e-03 5.438800e-02
47 9.340000e-01 9.852000e-03 5.614800e-02
48 9.322760e-01 9.736000e-03 5.798800e-02
49 9.304440e-01 9.732000e-03 5.982400e-02
50 9.287600e-01 9.640000e-03 6.160000e-02
51 9.269320e-01 9.912000e-03 6.315600e-02
52 9.252800e-01 9.888000e-03 6.483200e-02
53 9.234880e-01 9.876000e-03 6.663600e-02
54 9.216840e-01 1.005600e-02 6.826000e-02
55 9.198800e-01 1.026800e-02 6.985200e-02
56 9.182080e-01 1.019200e-02 7.160000e-02
57 9.165040e-01 1.007200e-02 7.342400e-02
58 9.147600e-01 1.006800e-02 7.517200e-02
59 9.131640e-01 9.828000e-03 7.700800e-02
60 9.116800e-01 9.672000e-03 7.864800e-02
61 9.100360e-01 9.496000e-03 8.046800e-02
62 9.081080e-01 9.712000e-03 8.218000e-02
63 9.064000e-01 9.744000e-03 8.385600e-02
64 9.046440e-01 9.804000e-03 8.555200e-02
65 9.028960e-01 9.832000e-03 8.727200e-02
66 9.013000e-01 9.732000e-03 8.896800e-02
67 8.996200e-01 9.700000e-03 9.068000e-02
68 8.980200e-01 9.544000e-03 9.243600e-02
69 8.964040e-01 9.472000e-03 9.412400e-02
70 8.946360e-01 9.548000e-03 9.581600e-02
71 8.927160e-01 9.596000e-03 9.768800e-02
72 8.909000e-01 9.776000e-03 9.932400e-02
73 8.892040e-01 9.656000e-03 1.011400e-01
74 8.876520e-01 9.616000e-03 1.027320e-01
75 8.857960e-01 9.844000e-03 1.043600e-01
76 8.840360e-01 9.932000e-03 1.060320e-01
77 8.823480e-01 9.956000e-03 1.076960e-01
78 8.808040e-01 9.772000e-03 1.094240e-01
79 8.791920e-01 9.680000e-03 1.111280e-01
80 8.777520e-01 9.504000e-03 1.127440e-01
81 8.760280e-01 9.604000e-03 1.143680e-01
82 8.743320e-01 9.520000e-03 1.161480e-01
83 8.726360e-01 9.424000e-03 1.179400e-01
84 8.709400e-01 9.436000e-03 1.196240e-01
85 8.692680e-01 9.412000e-03 1.213200e-01
86 8.677880e-01 9.296000e-03 1.229160e-01
87 8.661520e-01 9.340000e-03 1.245080e-01
88 8.647280e-01 9.100000e-03 1.261720e-01
89 8.629880e-01 9.240000e-03 1.277720e-01
90 8.613240e-01 9.288000e-03 1.293880e-01
91 8.597680e-01 9.128000e-03 1.311040e-01
92 8.582680e-01 8.964000e-03 1.327680e-01
93 8.567640e-01 8.948000e-03 1.342880e-01
94 8.551960e-01 8.932000e-03 1.358720e-01
95 8.538320e-01 8.680000e-03 1.374880e-01
96 8.523800e-01 8.636000e-03 1.389840e-01
97 8.508640e-01 8.656000e-03 1.404800e-01
98 8.493320e-01 8.640000e-03 1.420280e-01
99 8.478080e-01 8.692000e-03 1.435000e-01
100 8.464200e-01 8.656000e-03 1.449240e-01
101 8.449880e-01 8.584000e-03 1.464280e-01
102 8.438240e-01 8.232000e-03 1.479440e-01
103 8.425120e-01 8.208000e-03 1.492800e-01
104 8.411800e-01 8.240000e-03 1.505800e-01
105 8.397680e-01 8.244000e-03 1.519880e-01
106 8.383160e-01 8.320000e-03 1.533640e-01
107 8.369640e-01 8.128000e-03 1.549080e-01
108 8.356200e-01 8.068000e-03 1.563120e-01
109 8.339960e-01 8.348000e-03 1.576560e-01
110 8.325080e-01 8.416000e-03 1.590760e-01
111 8.310280e-01 8.484000e-03 1.604880e-01
112 8.296800e-01 8.488000e-03 1.618320e-01
113 8.284280e-01 8.264000e-03 1.633080e-01
114 8.271240e-01 8.084000e-03 1.647920e-01
115 8.258520e-01 7.844000e-03 1.663040e-01
116 8.247640e-01 7.560000e-03 1.676760e-01
117 8.235560e-01 7.436000e-03 1.690080e-01
118 8.223680e-01 7.372000e-03 1.702600e-01
119 8.211880e-01 7.304000e-03 1.715080e-01
120 8.198760e-01 7.252000e-03 1.728720e-01
121 8.187240e-01 7.164000e-03 1.741120e-01
122 8.175320e-01 7.100000e-03 1.753680e-01
123 8.162160e-01 7.032000e-03 1.767520e-01
124 8.149080e-01 7.084000e-03 1.780080e-01
125 8.138000e-01 6.996000e-03 1.792040e-01
126 8.127200e-01 6.740000e-03 1.805400e-01
127 8.116040e-01 6.680000e-03 1.817160e-01
128 8.104320e-01 6.692000e-03 1.828760e-01
129 8.092240e-01 6.848000e-03 1.839280e-01
130 8.079920e-01 6.840000e-03 1.851680e-01
131 8.068080e-01 6.848000e-03 1.863440e-01
132 8.056600e-01 6.828000e-03 1.875120e-01
133 8.045360e-01 6.776000e-03 1.886880e-01
134 8.033440e-01 6.748000e-03 1.899080e-01
135 8.022960e-01 6.716000e-03 1.909880e-01
136 8.011160e-01 6.688000e-03 1.921960e-01
137 7.999320e-01 6.688000e-03 1.933800e-01
138 7.986480e-01 6.816000e-03 1.945360e-01
139 7.974920e-01 6.680000e-03 1.958280e-01
140 7.963600e-01 6.744000e-03 1.968960e-01
141 7.953600e-01 6.528000e-03 1.981120e-01
142 7.942640e-01 6.552000e-03 1.991840e-01
143 7.932920e-01 6.316000e-03 2.003920e-01
144 7.922960e-01 6.244000e-03 2.014600e-01
145 7.912720e-01 6.216000e-03 2.025120e-01
146 7.902840e-01 6.052000e-03 2.036640e-01
147 7.891920e-01 6.168000e-03 2.046400e-01
148 7.881000e-01 6.200000e-03 2.057000e-01
149 7.869400e-01 6.320000e-03 2.067400e-01
150 7.860240e-01 6.064000e-03 2.079120e-01
151 7.850000e-01 6.016000e-03 2.089840e-01
152 7.842160e-01 5.776000e-03 2.100080e-01
153 7.833600e-01 5.588000e-03 2.110520e-01
154 7.823640e-01 5.636000e-03 2.120000e-01
155 7.812840e-01 5.744000e-03 2.129720e-01
156 7.801760e-01 5.940000e-03 2.138840e-01
157 7.790320e-01 6.060000e-03 2.149080e-01
158 7.779840e-01 6.112000e-03 2.159040e-01
159 7.768680e-01 6.200000e-03 2.169320e-01
160 7.756760e-01 6.260000e-03 2.180640e-01
161 7.744600e-01 6.424000e-03 2.191160e-01
162 7.733640e-01 6.348000e-03 2.202880e-01
163 7.723640e-01 6.240000e-03 2.213960e-01
164 7.712520e-01 6.296000e-03 2.224520e-01
165 7.700520e-01 6.412000e-03 2.235360e-01
166 7.690360e-01 6.360000e-03 2.246040e-01
167 7.677960e-01 6.420000e-03 2.257840e-01
168 7.668080e-01 6.340000e-03 2.268520e-01
169 7.656240e-01 6.408000e-03 2.279680e-01
170 7.646240e-01 6.232000e-03 2.291440e-01
171 7.636160e-01 6.216000e-03 2.301680e-01
172 7.626040e-01 6.116000e-03 2.312800e-01
173 7.617040e-01 6.000000e-03 2.322960e-01
174 7.607720e-01 5.908000e-03 2.333200e-01
175 7.597480e-01 6.072000e-03 2.341800e-01
176 7.588080e-01 5.868000e-03 2.353240e-01
177 7.579200e-01 5.828000e-03 2.362520e-01
178 7.568640e-01 5.788000e-03 2.373480e-01
179 7.559760e-01 5.668000e-03 2.383560e-01
180 7.550640e-01 5.624000e-03 2.393120e-01
181 7.540960e-01 5.608000e-03 2.402960e-01
182 7.532280e-01 5.556000e-03 2.412160e-01
183 7.522400e-01 5.624000e-03 2.421360e-01
184 7.512760e-01 5.552000e-03 2.431720e-01
185 7.503280e-01 5.572000e-03 2.441000e-01
186 7.495160e-01 5.432000e-03 2.450520e-01
187 7.486440e-01 5.296000e-03 2.460600e-01
188 7.478280e-01 5.136000e-03 2.470360e-01
189 7.468840e-01 5.264000e-03 2.478520e-01
190 7.460720e-01 5.208000e-03 2.487200e-01
191 7.450880e-01 5.336000e-03 2.495760e-01
192 7.442680e-01 5.208000e-03 2.505240e-01
193 7.433240e-01 5.180000e-03 2.514960e-01
194 7.423840e-01 5.224000e-03 2.523920e-01
195 7.415760e-01 5.132000e-03 2.532920e-01
196 7.406280e-01 5.192000e-03 2.541800e-01
197 7.397360e-01 5.136000e-03 2.551280e-01
198 7.388800e-01 5.096000e-03 2.560240e-01
199 7.379960e-01 5.100000e-03 2.569040e-01
200 7.372240e-01 5.020000e-03 2.577560e-01
201 7.364440e-01 4.928000e-03 2.586280e-01
202 7.356280e-01 4.772000e-03 2.596000e-01
203 7.346120e-01 4.936000e-03 2.604520e-01
204 7.337440e-01 4.864000e-03 2.613920e-01
205 7.329960e-01 4.784000e-03 2.622200e-01
206 7.321160e-01 4.752000e-03 2.631320e-01
207 7.313000e-01 4.800000e-03 2.639000e-01
208 7.305000e-01 4.728000e-03 2.647720e-01
209 7.298160e-01 4.504000e-03 2.656800e-01
210 7.290800e-01 4.476000e-03 2.664440e-01
211 7.283000e-01 4.476000e-03 2.672240e-01
212 7.275520e-01 4.412000e-03 2.680360e-01
213 7.267960e-01 4.372000e-03 2.688320e-01
214 7.261480e-01 4.340000e-03 2.695120e-01
215 7.254200e-01 4.316000e-03 2.702640e-01
216 7.246440e-01 4.372000e-03 2.709840e-01
217 7.239800e-01 4.320000e-03 2.717000e-01
218 7.232920e-01 4.224000e-03 2.724840e-01
219 7.227080e-01 4.004000e-03 2.732880e-01
220 7.219840e-01 4.052000e-03 2.739640e-01
221 7.214000e-01 3.940000e-03 2.746600e-01
222 7.207160e-01 3.908000e-03 2.753760e-01
223 7.201760e-01 3.804000e-03 2.760200e-01
224 7.195600e-01 3.744000e-03 2.766960e-01
225 7.189000e-01 3.732000e-03 2.773680e-01
226 7.182880e-01 3.672000e-03 2.780400e-01
227 7.176560e-01 3.724000e-03 2.786200e-01
228 7.170720e-01 3.604000e-03 2.793240e-01
229 7.165600e-01 3.480000e-03 2.799600e-01
230 7.160960e-01 3.284000e-03 2.806200e-01
231 7.155840e-01 3.272000e-03 2.811440e-01
232 7.150240e-01 3.324000e-03 2.816520e-01
233 7.145440e-01 3.264000e-03 2.821920e-01
234 7.139960e-01 3.228000e-03 2.827760e-01
235 7.134280e-01 3.192000e-03 2.833800e-01
236 7.129280e-01 3.148000e-03 2.839240e-01
237 7.124240e-01 3.124000e-03 2.844520e-01
238 7.119720e-01 2.988000e-03 2.850400e-01
239 7.115400e-01 2.904000e-03 2.855560e-01
240 7.110400e-01 2.916000e-03 2.860440e-01
241 7.106200e-01 2.824000e-03 2.865560e-01
242 7.101120e-01 2.792000e-03 2.870960e-01
243 7.096040e-01 2.808000e-03 2.875880e-01
244 7.091560e-01 2.796000e-03 2.880480e-01
245 7.086840e-01 2.804000e-03 2.885120e-01
246 7.081880e-01 2.724000e-03 2.890880e-01
247 7.077720e-01 2.648000e-03 2.895800e-01
248 7.073000e-01 2.652000e-03 2.900480e-01
249 7.068440e-01 2.660000e-03 2.904960e-01
250 7.063680e-01 2.616000e-03 2.910160e-01
251 7.059000e-01 2.548000e-03 2.915520e-01
252 7.055040e-01 2.480000e-03 2.920160e-01
253 7.050000e-01 2.488000e-03 2.925120e-01
254 7.046080e-01 2.504000e-03 2.928880e-01
255 7.041440e-01 2.536000e-03 2.933200e-01
256 7.037280e-01 2.520000e-03 2.937520e-01
257 7.033440e-01 2.436000e-03 2.942200e-01
258 7.029960e-01 2.404000e-03 2.946000e-01
259 7.026040e-01 2.400000e-03 2.949960e-01
260 7.021600e-01 2.428000e-03 2.954120e-01
261 7.017000e-01 2.476000e-03 2.958240e-01
262 7.012600e-01 2.460000e-03 2.962800e-01
263 7.008040e-01 2.480000e-03 2.967160e-01
264 7.003360e-01 2.556000e-03 2.971080e-01
265 6.998760e-01 2.544000e-03 2.975800e-01
266 6.993720e-01 2.608000e-03 2.980200e-01
267 6.989160e-01 2.596000e-03 2.984880e-01
268 6.983880e-01 2.656000e-03 2.989560e-01
269 6.979640e-01 2.640000e-03 2.993960e-01
270 6.974160e-01 2.700000e-03 2.998840e-01
271 6.969680e-01 2.620000e-03 3.004120e-01
272 6.965800e-01 2.512000e-03 3.009080e-01
273 6.961440e-01 2.524000e-03 3.013320e-01
274 6.956520e-01 2.572000e-03 3.017760e-01
275 6.952720e-01 2.576000e-03 3.021520e-01
276 6.949280e-01 2.452000e-03 3.026200e-01
277 6.945400e-01 2.424000e-03 3.030360e-01
278 6.941440e-01 2.360000e-03 3.034960e-01
279 6.937680e-01 2.312000e-03 3.039200e-01
280 6.934000e-01 2.248000e-03 3.043520e-01
281 6.930680e-01 2.228000e-03 3.047040e-01
282 6.926600e-01 2.236000e-03 3.051040e-01
283 6.922240e-01 2.240000e-03 3.055360e-01
284 6.918120e-01 2.180000e-03 3.060080e-01
285 6.913640e-01 2.240000e-03 3.063960e-01
286 6.909400e-01 2.280000e-03 3.067800e-01
287 6.905200e-01 2.296000e-03 3.071840e-01
288 6.900960e-01 2.288000e-03 3.076160e-01
289 6.897040e-01 2.176000e-03 3.081200e-01
290 6.892480e-01 2.236000e-03 3.085160e-01
291 6.888280e-01 2.264000e-03 3.089080e-01
292 6.884640e-01 2.248000e-03 3.092880e-01
293 6.881760e-01 2.124000e-03 3.097000e-01
294 6.878400e-01 2.108000e-03 3.100520e-01
295 6.874080e-01 2.152000e-03 3.104400e-01
296 6.870040e-01 2.220000e-03 3.107760e-01
297 6.866320e-01 2.200000e-03 3.111680e-01
298 6.861280e-01 2.280000e-03 3.115920e-01
299 6.857200e-01 2.328000e-03 3.119520e-01
300 6.853120e-01 2.364000e-03 3.123240e-01
301 6.849600e-01 2.344000e-03 3.126960e-01
302 6.845840e-01 2.292000e-03 3.131240e-01
303 6.841160e-01 2.376000e-03 3.135080e-01
304 6.837000e-01 2.336000e-03 3.139640e-01
305 6.833640e-01 2.324000e-03 3.143120e-01
306 6.829880e-01 2.308000e-03 3.147040e-01
307 6.825200e-01 2.400000e-03 3.150800e-01
308 6.821160e-01 2.368000e-03 3.155160e-01
309 6.816120e-01 2.472000e-03 3.159160e-01
310 6.811400e-01 2.616000e-03 3.162440e-01
311 6.807040e-01 2.640000e-03 3.166560e-01
312 6.803480e-01 2.472000e-03 3.171800e-01
313 6.798600e-01 2.604000e-03 3.175360e-01
314 6.794560e-01 2.568000e-03 3.179760e-01
315 6.790200e-01 2.520000e-03 3.184600e-01
316 6.786400e-01 2.392000e-03 3.189680e-01
317 6.783120e-01 2.288000e-03 3.194000e-01
318 6.779880e-01 2.184000e-03 3.198280e-01
319 6.776800e-01 2.148000e-03 3.201720e-01
320 6.773520e-01 2.148000e-03 3.205000e-01
321 6.769640e-01 2.128000e-03 3.209080e-01
322 6.765760e-01 2.152000e-03 3.212720e-01
323 6.762600e-01 2.044000e-03 3.216960e-01
324 6.759640e-01 1.920000e-03 3.221160e-01
325 6.756400e-01 1.848000e-03 3.225120e-01
326 6.753480e-01 1.784000e-03 3.228680e-01
327 6.750720e-01 1.744000e-03 3.231840e-01
328 6.748160e-01 1.736000e-03 3.234480e-01
329 6.745520e-01 1.700000e-03 3.237480e-01
330 6.742880e-01 1.664000e-03 3.240480e-01
331 6.740640e-01 1.588000e-03 3.243480e-01
332 6.738360e-01 1.488000e-03 3.246760e-01
333 6.736120e-01 1.468000e-03 3.249200e-01
334 6.734040e-01 1.404000e-03 3.251920e-01
335 6.731800e-01 1.372000e-03 3.254480e-01
336 6.729520e-01 1.396000e-03 3.256520e-01
337 6.726440e-01 1.432000e-03 3.259240e-01
338 6.724120e-01 1.388000e-03 3.262000e-01
339 6.721520e-01 1.380000e-03 3.264680e-01
340 6.718480e-01 1.428000e-03 3.267240e-01
341 6.715800e-01 1.480000e-03 3.269400e-01
342 6.713280e-01 1.416000e-03 3.272560e-01
343 6.710320e-01 1.448000e-03 3.275200e-01
344 6.708200e-01 1.348000e-03 3.278320e-01
345 6.705680e-01 1.352000e-03 3.280800e-01
346 6.703160e-01 1.348000e-03 3.283360e-01
347 6.701560e-01 1.296000e-03 3.285480e-01
348 6.699080e-01 1.340000e-03 3.287520e-01
349 6.697040e-01 1.308000e-03 3.289880e-01
350 6.694600e-01 1.276000e-03 3.292640e-01
351 6.692880e-01 1.204000e-03 3.295080e-01
352 6.690360e-01 1.240000e-03 3.297240e-01
353 6.688560e-01 1.188000e-03 3.299560e-01
354 6.686160e-01 1.240000e-03 3.301440e-01
355 6.683760e-01 1.272000e-03 3.303520e-01
356 6.681760e-01 1.256000e-03 3.305680e-01
357 6.679000e-01 1.296000e-03 3.308040e-01
358 6.677120e-01 1.264000e-03 3.310240e-01
359 6.674880e-01 1.280000e-03 3.312320e-01
360 6.673200e-01 1.204000e-03 3.314760e-01
361 6.671400e-01 1.148000e-03 3.317120e-01
362 6.669760e-01 1.100000e-03 3.319240e-01
363 6.668040e-01 1.064000e-03 3.321320e-01
364 6.666520e-01 1.060000e-03 3.322880e-01
365 6.664440e-01 1.092000e-03 3.324640e-01
366 6.662680e-01 1.092000e-03 3.326400e-01
367 6.660760e-01 1.064000e-03 3.328600e-01
368 6.659480e-01 9.720000e-04 3.330800e-01
369 6.657560e-01 1.000000e-03 3.332440e-01
370 6.655400e-01 1.028000e-03 3.334320e-01
371 6.653240e-01 1.032000e-03 3.336440e-01
372 6.650800e-01 1.124000e-03 3.337960e-01
373 6.648000e-01 1.200000e-03 3.340000e-01
374 6.645320e-01 1.276000e-03 3.341920e-01
375 6.642800e-01 1.284000e-03 3.344360e-01
376 6.639960e-01 1.356000e-03 3.346480e-01
377 6.638200e-01 1.324000e-03 3.348560e-01
378 6.635960e-01 1.292000e-03 3.351120e-01
379 6.633640e-01 1.320000e-03 3.353160e-01
380 6.631080e-01 1.348000e-03 3.355440e-01
381 6.629080e-01 1.292000e-03 3.358000e-01
382 6.627040e-01 1.304000e-03 3.359920e-01
383 6.625560e-01 1.244000e-03 3.362000e-01
384 6.624400e-01 1.128000e-03 3.364320e-01
385 6.622920e-01 1.048000e-03 3.366600e-01
386 6.621000e-01 1.068000e-03 3.368320e-01
387 6.619600e-01 1.008000e-03 3.370320e-01
388 6.617960e-01 1.012000e-03 3.371920e-01
389 6.615840e-01 1.044000e-03 3.373720e-01
390 6.613880e-01 1.040000e-03 3.375720e-01
391 6.611720e-01 1.084000e-03 3.377440e-01
392 6.609880e-01 1.080000e-03 3.379320e-01
393 6.608200e-01 1.052000e-03 3.381280e-01
394 6.606720e-01 9.720000e-04 3.383560e-01
395 6.604600e-01 1.064000e-03 3.384760e-01
396 6.602520e-01 1.104000e-03 3.386440e-01
397 6.600200e-01 1.192000e-03 3.387880e-01
398 6.598280e-01 1.160000e-03 3.390120e-01
399 6.596600e-01 1.156000e-03 3.391840e-01
400 6.594840e-01 1.184000e-03 3.393320e-01
401 6.592560e-01 1.240000e-03 3.395040e-01
402 6.590760e-01 1.268000e-03 3.396560e-01
403 6.588920e-01 1.244000e-03 3.398640e-01
404 6.586840e-01 1.252000e-03 3.400640e-01
405 6.584720e-01 1.204000e-03 3.403240e-01
406 6.582840e-01 1.200000e-03 3.405160e-01
407 6.580880e-01 1.180000e-03 3.407320e-01
408 6.578960e-01 1.148000e-03 3.409560e-01
409 6.576480e-01 1.208000e-03 3.411440e-01
410 6.573600e-01 1.268000e-03 3.413720e-01
411 6.571720e-01 1.236000e-03 3.415920e-01
412 6.570000e-01 1.248000e-03 3.417520e-01
413 6.567200e-01 1.300000e-03 3.419800e-01
414 6.565040e-01 1.280000e-03 3.422160e-01
415 6.562920e-01 1.276000e-03 3.424320e-01
416 6.560200e-01 1.324000e-03 3.426560e-01
417 6.557760e-01 1.332000e-03 3.428920e-01
418 6.555440e-01 1.364000e-03 3.430920e-01
419 6.553040e-01 1.356000e-03 3.433400e-01
420 6.550880e-01 1.348000e-03 3.435640e-01
421 6.548600e-01 1.368000e-03 3.437720e-01
422 6.545960e-01 1.364000e-03 3.440400e-01
423 6.542840e-01 1.452000e-03 3.442640e-01
424 6.540160e-01 1.504000e-03 3.444800e-01
425 6.537360e-01 1.532000e-03 3.447320e-01
426 6.534400e-01 1.580000e-03 3.449800e-01
427 6.531800e-01 1.564000e-03 3.452560e-01
428 6.528720e-01 1.548000e-03 3.455800e-01
429 6.526440e-01 1.488000e-03 3.458680e-01
430 6.523920e-01 1.480000e-03 3.461280e-01
431 6.521800e-01 1.384000e-03 3.464360e-01
432 6.520280e-01 1.308000e-03 3.466640e-01
433 6.518280e-01 1.260000e-03 3.469120e-01
434 6.516400e-01 1.268000e-03 3.470920e-01
435 6.514520e-01 1.268000e-03 3.472800e-01
436 6.512760e-01 1.240000e-03 3.474840e-01
437 6.510880e-01 1.168000e-03 3.477440e-01
438 6.508880e-01 1.160000e-03 3.479520e-01
439 6.507520e-01 1.064000e-03 3.481840e-01
440 6.506200e-01 1.036000e-03 3.483440e-01
441 6.505160e-01 9.560000e-04 3.485280e-01
442 6.504160e-01 9.040000e-04 3.486800e-01
443 6.503320e-01 8.680000e-04 3.488000e-01
444 6.502280e-01 8.120000e-04 3.489600e-01
445 6.500560e-01 8.760000e-04 3.490680e-01
446 6.498680e-01 9.320000e-04 3.492000e-01
447 6.496000e-01 1.008000e-03 3.493920e-01
448 6.494400e-01 9.440000e-04 3.496160e-01
449 6.492840e-01 9.360000e-04 3.497800e-01
450 6.490680e-01 9.640000e-04 3.499680e-01
451 6.489240e-01 9.800000e-04 3.500960e-01
452 6.487360e-01 1.012000e-03 3.502520e-01
453 6.485480e-01 1.016000e-03 3.504360e-01
454 6.483720e-01 1.028000e-03 3.506000e-01
455 6.482680e-01 9.720000e-04 3.507600e-01
456 6.481680e-01 9.160000e-04 3.509160e-01
457 6.480280e-01 9.280000e-04 3.510440e-01
458 6.478800e-01 9.080000e-04 3.512120e-01
459 6.477480e-01 8.760000e-04 3.513760e-01
460 6.475880e-01 9.080000e-04 3.515040e-01
461 6.473760e-01 9.480000e-04 3.516760e-01
462 6.471720e-01 1.000000e-03 3.518280e-01
463 6.470240e-01 1.008000e-03 3.519680e-01
464 6.467920e-01 1.056000e-03 3.521520e-01
465 6.465720e-01 1.124000e-03 3.523040e-01
466 6.463760e-01 1.164000e-03 3.524600e-01
467 6.461120e-01 1.240000e-03 3.526480e-01
468 6.458280e-01 1.296000e-03 3.528760e-01
469 6.456560e-01 1.232000e-03 3.531120e-01
470 6.454040e-01 1.204000e-03 3.533920e-01
471 6.451680e-01 1.252000e-03 3.535800e-01
472 6.450120e-01 1.180000e-03 3.538080e-01
473 6.448080e-01 1.168000e-03 3.540240e-01
474 6.446160e-01 1.164000e-03 3.542200e-01
475 6.443880e-01 1.216000e-03 3.543960e-01
476 6.441920e-01 1.160000e-03 3.546480e-01
477 6.440640e-01 1.076000e-03 3.548600e-01
478 6.439520e-01 9.840000e-04 3.550640e-01
479 6.438200e-01 9.440000e-04 3.552360e-01
480 6.436560e-01 9.680000e-04 3.553760e-01
481 6.435240e-01 9.280000e-04 3.555480e-01
482 6.433920e-01 9.000000e-04 3.557080e-01
483 6.432440e-01 8.880000e-04 3.558680e-01
484 6.430720e-01 9.440000e-04 3.559840e-01
485 6.429360e-01 9.320000e-04 3.561320e-01
486 6.428000e-01 8.880000e-04 3.563120e-01
487 6.426400e-01 8.680000e-04 3.564920e-01
488 6.424760e-01 8.440000e-04 3.566800e-01
489 6.423480e-01 7.880000e-04 3.568640e-01
490 6.422000e-01 7.960000e-04 3.570040e-01
491 6.420840e-01 7.680000e-04 3.571480e-01
492 6.419400e-01 7.600000e-04 3.573000e-01
493 6.418160e-01 7.560000e-04 3.574280e-01
494 6.417200e-01 7.080000e-04 3.575720e-01
495 6.416000e-01 6.880000e-04 3.577120e-01
496 6.414920e-01 7.000000e-04 3.578080e-01
497 6.414000e-01 6.640000e-04 3.579360e-01
498 6.412840e-01 6.800000e-04 3.580360e-01
499 6.411840e-01 6.720000e-04 3.581440e-01
500 6.411040e-01 6.360000e-04 3.582600e-01
