1 9.992560e-01 6.720000e-04 7.200000e-05
2 9.987680e-01 9.800000e-04 2.520000e-04
3 9.981680e-01 1.392000e-03 4.400000e-04
4 9.973800e-01 1.908000e-03 7.120000e-04
5 9.965720e-01 2.388000e-03 1.040000e-03
6 9.957240e-01 2.760000e-03 1.516000e-03
7 9.948720e-01 3.100000e-03 2.028000e-03
8 9.940000e-01 3.368000e-03 2.632000e-03
9 9.930640e-01 3.672000e-03 3.264000e-03
10 9.921520e-01 3.840000e-03 4.008000e-03
11 9.910720e-01 4.224000e-03 4.704000e-03
12 9.899680e-01 4.604000e-03 5.428000e-03
13 9.889240e-01 4.848000e-03 6.228000e-03
14 9.878840e-01 5.032000e-03 7.084000e-03
15 9.867480e-01 5.220000e-03 8.032000e-03
16 9.855160e-01 5.468000e-03 9.016000e-03
17 9.844240e-01 5.672000e-03 9.904000e-03
18 9.832920e-01 5.816000e-03 1.089200e-02
19 9.821960e-01 5.840000e-03 1.196400e-02
20 9.810000e-01 5.956000e-03 1.304400e-02
21 9.798280e-01 6.116000e-03 1.405600e-02
22 9.785320e-01 6.332000e-03 1.513600e-02
23 9.773640e-01 6.396000e-03 1.624000e-02
24 9.760840e-01 6.568000e-03 1.734800e-02
25 9.747480e-01 6.640000e-03 1.861200e-02
26 9.733680e-01 6.912000e-03 1.972000e-02
27 9.720000e-01 7.036000e-03 2.096400e-02
28 9.706640e-01 7.164000e-03 2.217200e-02
29 9.692280e-01 7.400000e-03 2.337200e-02
30 9.676840e-01 7.572000e-03 2.474400e-02
31 9.661360e-01 7.772000e-03 2.609200e-02
32 9.647440e-01 7.788000e-03 2.746800e-02
33 9.633840e-01 7.860000e-03 2.875600e-02
34 9.620360e-01 7.856000e-03 3.010800e-02
35 9.605960e-01 7.992000e-03 3.141200e-02
36 9.593600e-01 7.792000e-03 3.284800e-02
37 9.580080e-01 7.740000e-03 3.425200e-02
38 9.567200e-01 7.712000e-03 3.556800e-02
39 9.555240e-01 7.564000e-03 3.691200e-02
40 9.542480e-01 7.548000e-03 3.820400e-02
41 9.528960e-01 7.584000e-03 3.952000e-02
42 9.516640e-01 7.500000e-03 4.083600e-02
43 9.504120e-01 7.368000e-03 4.222000e-02
44 9.489480e-01 7.468000e-03 4.358400e-02
45 9.475320e-01 7.588000e-03 4.488000e-02
46 9.460040e-01 7.824000e-03 4.617200e-02
47 9.445480e-01 8.048000e-03 4.740400e-02
48 9.430760e-01 8.020000e-03 4.890400e-02
49 9.416880e-01 8.036000e-03 5.027600e-02
50 9.401760e-01 8.240000e-03 5.158400e-02
51 9.387920e-01 8.200000e-03 5.300800e-02
52 9.373000e-01 8.168000e-03 5.453200e-02
53 9.357320e-01 8.248000e-03 5.602000e-02
54 9.342640e-01 8.276000e-03 5.746000e-02
55 9.329160e-01 8.116000e-03 5.896800e-02
56 9.314360e-01 8.180000e-03 6.038400e-02
57 9.300000e-01 8.236000e-03 6.176400e-02
58 9.285640e-01 8.244000e-03 6.319200e-02
59 9.270560e-01 8.244000e-03 6.470000e-02
60 9.255360e-01 8.308000e-03 6.615600e-02
61 9.239560e-01 8.336000e-03 6.770800e-02
62 9.226040e-01 8.072000e-03 6.932400e-02
63 9.212440e-01 7.996000e-03 7.076000e-02
64 9.199880e-01 7.804000e-03 7.220800e-02
65 9.186160e-01 7.816000e-03 7.356800e-02
66 9.173520e-01 7.660000e-03 7.498800e-02
67 9.160640e-01 7.636000e-03 7.630000e-02
68 9.147400e-01 7.708000e-03 7.755200e-02
69 9.132360e-01 7.840000e-03 7.892400e-02
70 9.117280e-01 7.908000e-03 8.036400e-02
71 9.102160e-01 7.956000e-03 8.182800e-02
72 9.089240e-01 7.776000e-03 8.330000e-02
73 9.075720e-01 7.740000e-03 8.468800e-02
74 9.062120e-01 7.576000e-03 8.621200e-02
75 9.048160e-01 7.640000e-03 8.754400e-02
76 9.033720e-01 7.772000e-03 8.885600e-02
77 9.018840e-01 7.884000e-03 9.023200e-02
78 9.005000e-01 7.896000e-03 9.160400e-02
79 8.991520e-01 7.928000e-03 9.292000e-02
80 8.977040e-01 8.056000e-03 9.424000e-02
81 8.963240e-01 8.028000e-03 9.564800e-02
82 8.949040e-01 8.044000e-03 9.705200e-02
83 8.934880e-01 8.048000e-03 9.846400e-02
84 8.921200e-01 8.124000e-03 9.975600e-02
85 8.908520e-01 8.024000e-03 1.011240e-01
86 8.893600e-01 8.116000e-03 1.025240e-01
87 8.880040e-01 7.996000e-03 1.040000e-01
88 8.867560e-01 7.920000e-03 1.053240e-01
89 8.852280e-01 8.016000e-03 1.067560e-01
90 8.838440e-01 7.928000e-03 1.082280e-01
91 8.824040e-01 8.036000e-03 1.095600e-01
92 8.810760e-01 7.932000e-03 1.109920e-01
93 8.797160e-01 7.892000e-03 1.123920e-01
94 8.783680e-01 7.876000e-03 1.137560e-01
95 8.771480e-01 7.664000e-03 1.151880e-01
96 8.759760e-01 7.552000e-03 1.164720e-01
97 8.746880e-01 7.528000e-03 1.177840e-01
98 8.734520e-01 7.460000e-03 1.190880e-01
99 8.721640e-01 7.536000e-03 1.203000e-01
100 8.709000e-01 7.480000e-03 1.216200e-01
101 8.695840e-01 7.376000e-03 1.230400e-01
102 8.681280e-01 7.524000e-03 1.243480e-01
103 8.666960e-01 7.568000e-03 1.257360e-01
104 8.654480e-01 7.372000e-03 1.271800e-01
105 8.641440e-01 7.396000e-03 1.284600e-01
106 8.629800e-01 7.272000e-03 1.297480e-01
107 8.616600e-01 7.304000e-03 1.310360e-01
108 8.605200e-01 7.184000e-03 1.322960e-01
109 8.592200e-01 7.252000e-03 1.335280e-01
110 8.579200e-01 7.368000e-03 1.347120e-01
111 8.566360e-01 7.404000e-03 1.359600e-01
112 8.554720e-01 7.272000e-03 1.372560e-01
113 8.542520e-01 7.132000e-03 1.386160e-01
114 8.530840e-01 7.032000e-03 1.398840e-01
115 8.520160e-01 6.848000e-03 1.411360e-01
116 8.509080e-01 6.828000e-03 1.422640e-01
117 8.499040e-01 6.632000e-03 1.434640e-01
118 8.488480e-01 6.536000e-03 1.446160e-01
119 8.477640e-01 6.432000e-03 1.458040e-01
120 8.465480e-01 6.516000e-03 1.469360e-01
121 8.454800e-01 6.388000e-03 1.481320e-01
122 8.442320e-01 6.512000e-03 1.492560e-01
123 8.431120e-01 6.344000e-03 1.505440e-01
124 8.420240e-01 6.252000e-03 1.517240e-01
125 8.410160e-01 6.164000e-03 1.528200e-01
126 8.402040e-01 5.920000e-03 1.538760e-01
127 8.392760e-01 5.808000e-03 1.549160e-01
128 8.383360e-01 5.788000e-03 1.558760e-01
129 8.374040e-01 5.760000e-03 1.568360e-01
130 8.363400e-01 5.844000e-03 1.578160e-01
131 8.352880e-01 5.900000e-03 1.588120e-01
132 8.341200e-01 6.036000e-03 1.598440e-01
133 8.328760e-01 6.124000e-03 1.610000e-01
134 8.317880e-01 6.124000e-03 1.620880e-01
135 8.306920e-01 6.248000e-03 1.630600e-01
136 8.296800e-01 6.180000e-03 1.641400e-01
137 8.287640e-01 6.144000e-03 1.650920e-01
138 8.278640e-01 5.984000e-03 1.661520e-01
139 8.268240e-01 6.028000e-03 1.671480e-01
140 8.259040e-01 5.876000e-03 1.682200e-01
141 8.249640e-01 5.756000e-03 1.692800e-01
142 8.238840e-01 5.936000e-03 1.701800e-01
143 8.228560e-01 6.004000e-03 1.711400e-01
144 8.219080e-01 5.928000e-03 1.721640e-01
145 8.209040e-01 6.016000e-03 1.730800e-01
146 8.198200e-01 5.996000e-03 1.741840e-01
147 8.188120e-01 5.860000e-03 1.753280e-01
148 8.176560e-01 5.952000e-03 1.763920e-01
149 8.166760e-01 5.884000e-03 1.774400e-01
150 8.157520e-01 5.804000e-03 1.784440e-01
151 8.148080e-01 5.768000e-03 1.794240e-01
152 8.138440e-01 5.788000e-03 1.803680e-01
153 8.127440e-01 5.952000e-03 1.813040e-01
154 8.116480e-01 6.056000e-03 1.822960e-01
155 8.107280e-01 5.972000e-03 1.833000e-01
156 8.098560e-01 5.744000e-03 1.844000e-01
157 8.088760e-01 5.724000e-03 1.854000e-01
158 8.079840e-01 5.632000e-03 1.863840e-01
159 8.068320e-01 5.916000e-03 1.872520e-01
160 8.059040e-01 5.788000e-03 1.883080e-01
161 8.050960e-01 5.552000e-03 1.893520e-01
162 8.042280e-01 5.436000e-03 1.903360e-01
163 8.035120e-01 5.288000e-03 1.912000e-01
164 8.027120e-01 5.216000e-03 1.920720e-01
165 8.020240e-01 4.996000e-03 1.929800e-01
166 8.013200e-01 4.872000e-03 1.938080e-01
167 8.006720e-01 4.616000e-03 1.947120e-01
168 7.999800e-01 4.588000e-03 1.954320e-01
169 7.992360e-01 4.568000e-03 1.961960e-01
170 7.985880e-01 4.532000e-03 1.968800e-01
171 7.978920e-01 4.440000e-03 1.976680e-01
172 7.972000e-01 4.252000e-03 1.985480e-01
173 7.965200e-01 4.152000e-03 1.993280e-01
174 7.958760e-01 4.052000e-03 2.000720e-01
175 7.952200e-01 3.972000e-03 2.008080e-01
176 7.945920e-01 3.852000e-03 2.015560e-01
177 7.940080e-01 3.792000e-03 2.022000e-01
178 7.934000e-01 3.716000e-03 2.028840e-01
179 7.926880e-01 3.848000e-03 2.034640e-01
180 7.919000e-01 4.008000e-03 2.040920e-01
181 7.911920e-01 4.016000e-03 2.047920e-01
182 7.904840e-01 3.976000e-03 2.055400e-01
183 7.897720e-01 4.032000e-03 2.061960e-01
184 7.889400e-01 4.160000e-03 2.069000e-01
185 7.881480e-01 4.188000e-03 2.076640e-01
186 7.873960e-01 4.136000e-03 2.084680e-01
187 7.865320e-01 4.260000e-03 2.092080e-01
188 7.857920e-01 4.316000e-03 2.098920e-01
189 7.849800e-01 4.288000e-03 2.107320e-01
190 7.843880e-01 4.124000e-03 2.114880e-01
191 7.836720e-01 4.152000e-03 2.121760e-01
192 7.829320e-01 4.196000e-03 2.128720e-01
193 7.821960e-01 4.128000e-03 2.136760e-01
194 7.814840e-01 4.112000e-03 2.144040e-01
195 7.807240e-01 4.196000e-03 2.150800e-01
196 7.800320e-01 4.104000e-03 2.158640e-01
197 7.793920e-01 3.964000e-03 2.166440e-01
198 7.787480e-01 3.964000e-03 2.172880e-01
199 7.780920e-01 3.928000e-03 2.179800e-01
200 7.774840e-01 3.876000e-03 2.186400e-01
201 7.769160e-01 3.776000e-03 2.193080e-01
202 7.762800e-01 3.776000e-03 2.199440e-01
203 7.757440e-01 3.700000e-03 2.205560e-01
204 7.751400e-01 3.608000e-03 2.212520e-01
205 7.746040e-01 3.520000e-03 2.218760e-01
206 7.739600e-01 3.484000e-03 2.225560e-01
207 7.735120e-01 3.348000e-03 2.231400e-01
208 7.729400e-01 3.280000e-03 2.237800e-01
209 7.724080e-01 3.252000e-03 2.243400e-01
210 7.718880e-01 3.220000e-03 2.248920e-01
211 7.713960e-01 3.152000e-03 2.254520e-01
212 7.709360e-01 3.040000e-03 2.260240e-01
213 7.705200e-01 2.884000e-03 2.265960e-01
214 7.700560e-01 2.832000e-03 2.271120e-01
215 7.695840e-01 2.816000e-03 2.276000e-01
216 7.691000e-01 2.752000e-03 2.281480e-01
217 7.685800e-01 2.828000e-03 2.285920e-01
218 7.680840e-01 2.804000e-03 2.291120e-01
219 7.677200e-01 2.712000e-03 2.295680e-01
220 7.673040e-01 2.708000e-03 2.299880e-01
221 7.668560e-01 2.724000e-03 2.304200e-01
222 7.664480e-01 2.620000e-03 2.309320e-01
223 7.660120e-01 2.600000e-03 2.313880e-01
224 7.655880e-01 2.512000e-03 2.319000e-01
225 7.652000e-01 2.440000e-03 2.323600e-01
226 7.647520e-01 2.444000e-03 2.328040e-01
227 7.644160e-01 2.288000e-03 2.332960e-01
228 7.640800e-01 2.232000e-03 2.336880e-01
229 7.636600e-01 2.284000e-03 2.340560e-01
230 7.632880e-01 2.148000e-03 2.345640e-01
231 7.628880e-01 2.200000e-03 2.349120e-01
232 7.624240e-01 2.300000e-03 2.352760e-01
233 7.620480e-01 2.308000e-03 2.356440e-01
234 7.617000e-01 2.260000e-03 2.360400e-01
235 7.612880e-01 2.288000e-03 2.364240e-01
236 7.608960e-01 2.304000e-03 2.368000e-01
237 7.605160e-01 2.288000e-03 2.371960e-01
238 7.601120e-01 2.344000e-03 2.375440e-01
239 7.597440e-01 2.280000e-03 2.379760e-01
240 7.593920e-01 2.220000e-03 2.383880e-01
241 7.589400e-01 2.288000e-03 2.387720e-01
242 7.585720e-01 2.260000e-03 2.391680e-01
243 7.581840e-01 2.244000e-03 2.395720e-01
244 7.577880e-01 2.284000e-03 2.399280e-01
245 7.573560e-01 2.292000e-03 2.403520e-01
246 7.569120e-01 2.408000e-03 2.406800e-01
247 7.565200e-01 2.436000e-03 2.410440e-01
248 7.560560e-01 2.480000e-03 2.414640e-01
249 7.556600e-01 2.464000e-03 2.418760e-01
250 7.551880e-01 2.480000e-03 2.423320e-01
251 7.548680e-01 2.404000e-03 2.427280e-01
252 7.545080e-01 2.372000e-03 2.431200e-01
253 7.541160e-01 2.404000e-03 2.434800e-01
254 7.537480e-01 2.340000e-03 2.439120e-01
255 7.533720e-01 2.312000e-03 2.443160e-01
256 7.530680e-01 2.252000e-03 2.446800e-01
257 7.528480e-01 2.056000e-03 2.450960e-01
258 7.525640e-01 2.000000e-03 2.454360e-01
259 7.523280e-01 1.796000e-03 2.458760e-01
260 7.520600e-01 1.808000e-03 2.461320e-01
261 7.517960e-01 1.760000e-03 2.464440e-01
262 7.515840e-01 1.680000e-03 2.467360e-01
263 7.513400e-01 1.664000e-03 2.469960e-01
264 7.510120e-01 1.688000e-03 2.473000e-01
265 7.507000e-01 1.720000e-03 2.475800e-01
266 7.503560e-01 1.744000e-03 2.479000e-01
267 7.500920e-01 1.748000e-03 2.481600e-01
268 7.497320e-01 1.824000e-03 2.484440e-01
269 7.494320e-01 1.748000e-03 2.488200e-01
270 7.491480e-01 1.732000e-03 2.491200e-01
271 7.488600e-01 1.712000e-03 2.494280e-01
272 7.485560e-01 1.680000e-03 2.497640e-01
273 7.482800e-01 1.668000e-03 2.500520e-01
274 7.480120e-01 1.608000e-03 2.503800e-01
275 7.477200e-01 1.624000e-03 2.506560e-01
276 7.474840e-01 1.568000e-03 2.509480e-01
277 7.472240e-01 1.544000e-03 2.512320e-01
278 7.469120e-01 1.576000e-03 2.515120e-01
279 7.466200e-01 1.620000e-03 2.517600e-01
280 7.463680e-01 1.568000e-03 2.520640e-01
281 7.461280e-01 1.596000e-03 2.522760e-01
282 7.458480e-01 1.608000e-03 2.525440e-01
283 7.456600e-01 1.500000e-03 2.528400e-01
284 7.454160e-01 1.448000e-03 2.531360e-01
285 7.451880e-01 1.420000e-03 2.533920e-01
286 7.448920e-01 1.424000e-03 2.536840e-01
287 7.446120e-01 1.412000e-03 2.539760e-01
288 7.443120e-01 1.492000e-03 2.541960e-01
289 7.440000e-01 1.568000e-03 2.544320e-01
290 7.436600e-01 1.596000e-03 2.547440e-01
291 7.433720e-01 1.612000e-03 2.550160e-01
292 7.430880e-01 1.648000e-03 2.552640e-01
293 7.427640e-01 1.688000e-03 2.555480e-01
294 7.424880e-01 1.640000e-03 2.558720e-01
295 7.422120e-01 1.640000e-03 2.561480e-01
296 7.419240e-01 1.672000e-03 2.564040e-01
297 7.416120e-01 1.688000e-03 2.567000e-01
298 7.412840e-01 1.716000e-03 2.570000e-01
299 7.409320e-01 1.724000e-03 2.573440e-01
300 7.406920e-01 1.716000e-03 2.575920e-01
301 7.403320e-01 1.800000e-03 2.578680e-01
302 7.400680e-01 1.744000e-03 2.581880e-01
303 7.398080e-01 1.700000e-03 2.584920e-01
304 7.395560e-01 1.644000e-03 2.588000e-01
305 7.392640e-01 1.624000e-03 2.591120e-01
306 7.389880e-01 1.652000e-03 2.593600e-01
307 7.387680e-01 1.576000e-03 2.596560e-01
308 7.384760e-01 1.592000e-03 2.599320e-01
309 7.382680e-01 1.508000e-03 2.602240e-01
310 7.379840e-01 1.512000e-03 2.605040e-01
311 7.377280e-01 1.500000e-03 2.607720e-01
312 7.374920e-01 1.444000e-03 2.610640e-01
313 7.372240e-01 1.460000e-03 2.613160e-01
314 7.369560e-01 1.460000e-03 2.615840e-01
315 7.367240e-01 1.468000e-03 2.618080e-01
316 7.364360e-01 1.512000e-03 2.620520e-01
317 7.362120e-01 1.468000e-03 2.623200e-01
318 7.359840e-01 1.424000e-03 2.625920e-01
319 7.357760e-01 1.396000e-03 2.628280e-01
320 7.355320e-01 1.424000e-03 2.630440e-01
321 7.352600e-01 1.472000e-03 2.632680e-01
322 7.350000e-01 1.448000e-03 2.635520e-01
323 7.347600e-01 1.432000e-03 2.638080e-01
324 7.345400e-01 1.476000e-03 2.639840e-01
325 7.342320e-01 1.592000e-03 2.641760e-01
326 7.340080e-01 1.532000e-03 2.644600e-01
327 7.338040e-01 1.508000e-03 2.646880e-01
328 7.336000e-01 1.452000e-03 2.649480e-01
329 7.334120e-01 1.368000e-03 2.652200e-01
330 7.331880e-01 1.336000e-03 2.654760e-01
331 7.329560e-01 1.352000e-03 2.656920e-01
332 7.326560e-01 1.380000e-03 2.659640e-01
333 7.324280e-01 1.384000e-03 2.661880e-01
334 7.321520e-01 1.404000e-03 2.664440e-01
335 7.319200e-01 1.384000e-03 2.666960e-01
336 7.316640e-01 1.444000e-03 2.668920e-01
337 7.315000e-01 1.384000e-03 2.671160e-01
338 7.312680e-01 1.384000e-03 2.673480e-01
339 7.309720e-01 1.436000e-03 2.675920e-01
340 7.307680e-01 1.392000e-03 2.678400e-01
341 7.305560e-01 1.364000e-03 2.680800e-01
342 7.302320e-01 1.464000e-03 2.683040e-01
343 7.299880e-01 1.476000e-03 2.685360e-01
344 7.297560e-01 1.504000e-03 2.687400e-01
345 7.294960e-01 1.440000e-03 2.690640e-01
346 7.291720e-01 1.556000e-03 2.692720e-01
347 7.288960e-01 1.588000e-03 2.695160e-01
348 7.286960e-01 1.492000e-03 2.698120e-01
349 7.285040e-01 1.416000e-03 2.700800e-01
350 7.283000e-01 1.376000e-03 2.703240e-01
351 7.281040e-01 1.336000e-03 2.705600e-01
352 7.278720e-01 1.360000e-03 2.707680e-01
353 7.276240e-01 1.372000e-03 2.710040e-01
354 7.273720e-01 1.404000e-03 2.712240e-01
355 7.270640e-01 1.456000e-03 2.714800e-01
356 7.268480e-01 1.432000e-03 2.717200e-01
357 7.266560e-01 1.396000e-03 2.719480e-01
358 7.264080e-01 1.412000e-03 2.721800e-01
359 7.262160e-01 1.308000e-03 2.724760e-01
360 7.260200e-01 1.264000e-03 2.727160e-01
361 7.257920e-01 1.304000e-03 2.729040e-01
362 7.255480e-01 1.280000e-03 2.731720e-01
363 7.253760e-01 1.240000e-03 2.733840e-01
364 7.251840e-01 1.216000e-03 2.736000e-01
365 7.249640e-01 1.256000e-03 2.737800e-01
366 7.247840e-01 1.228000e-03 2.739880e-01
367 7.246360e-01 1.188000e-03 2.741760e-01
368 7.243880e-01 1.268000e-03 2.743440e-01
369 7.241480e-01 1.288000e-03 2.745640e-01
370 7.239240e-01 1.308000e-03 2.747680e-01
371 7.236920e-01 1.316000e-03 2.749920e-01
372 7.234440e-01 1.328000e-03 2.752280e-01
373 7.232400e-01 1.312000e-03 2.754480e-01
374 7.230600e-01 1.260000e-03 2.756800e-01
375 7.228640e-01 1.272000e-03 2.758640e-01
376 7.226920e-01 1.264000e-03 2.760440e-01
377 7.225680e-01 1.152000e-03 2.762800e-01
378 7.224200e-01 1.060000e-03 2.765200e-01
379 7.222640e-01 1.000000e-03 2.767360e-01
380 7.221560e-01 8.640000e-04 2.769800e-01
381 7.220480e-01 8.400000e-04 2.771120e-01
382 7.218720e-01 8.600000e-04 2.772680e-01
383 7.217280e-01 8.680000e-04 2.774040e-01
384 7.215680e-01 8.400000e-04 2.775920e-01
385 7.214360e-01 8.240000e-04 2.777400e-01
386 7.212720e-01 8.280000e-04 2.779000e-01
387 7.211680e-01 7.640000e-04 2.780680e-01
388 7.209720e-01 8.360000e-04 2.781920e-01
389 7.208360e-01 8.320000e-04 2.783320e-01
390 7.206560e-01 8.520000e-04 2.784920e-01
391 7.205200e-01 8.240000e-04 2.786560e-01
392 7.203760e-01 8.320000e-04 2.787920e-01
393 7.202240e-01 8.400000e-04 2.789360e-01
394 7.201120e-01 8.000000e-04 2.790880e-01
395 7.199720e-01 7.880000e-04 2.792400e-01
396 7.198880e-01 7.280000e-04 2.793840e-01
397 7.197600e-01 7.240000e-04 2.795160e-01
398 7.196000e-01 7.640000e-04 2.796360e-01
399 7.195000e-01 7.200000e-04 2.797800e-01
400 7.194000e-01 6.800000e-04 2.799200e-01
401 7.192440e-01 6.920000e-04 2.800640e-01
402 7.191480e-01 6.560000e-04 2.801960e-01
403 7.190240e-01 6.880000e-04 2.802880e-01
404 7.189200e-01 7.080000e-04 2.803720e-01
405 7.188000e-01 7.200000e-04 2.804800e-01
406 7.186480e-01 7.920000e-04 2.805600e-01
407 7.185320e-01 7.960000e-04 2.806720e-01
408 7.183600e-01 8.000000e-04 2.808400e-01
409 7.181960e-01 8.520000e-04 2.809520e-01
410 7.180640e-01 8.280000e-04 2.811080e-01
411 7.179120e-01 8.600000e-04 2.812280e-01
412 7.177920e-01 8.240000e-04 2.813840e-01
413 7.176600e-01 8.320000e-04 2.815080e-01
414 7.175280e-01 8.200000e-04 2.816520e-01
415 7.174160e-01 8.000000e-04 2.817840e-01
416 7.173080e-01 7.840000e-04 2.819080e-01
417 7.172000e-01 7.880000e-04 2.820120e-01
418 7.170720e-01 7.960000e-04 2.821320e-01
419 7.169320e-01 7.800000e-04 2.822880e-01
420 7.168160e-01 7.640000e-04 2.824200e-01
421 7.167160e-01 7.400000e-04 2.825440e-01
422 7.165960e-01 7.080000e-04 2.826960e-01
423 7.164800e-01 7.040000e-04 2.828160e-01
424 7.163480e-01 6.920000e-04 2.829600e-01
425 7.162640e-01 6.680000e-04 2.830680e-01
426 7.161600e-01 6.400000e-04 2.832000e-01
427 7.160880e-01 6.160000e-04 2.832960e-01
428 7.159600e-01 6.000000e-04 2.834400e-01
429 7.158600e-01 5.880000e-04 2.835520e-01
430 7.158040e-01 5.480000e-04 2.836480e-01
431 7.157080e-01 5.560000e-04 2.837360e-01
432 7.156480e-01 5.240000e-04 2.838280e-01
433 7.155560e-01 5.160000e-04 2.839280e-01
434 7.154400e-01 5.480000e-04 2.840120e-01
435 7.153320e-01 5.720000e-04 2.840960e-01
436 7.151840e-01 6.080000e-04 2.842080e-01
437 7.150840e-01 5.960000e-04 2.843200e-01
438 7.149840e-01 5.760000e-04 2.844400e-01
439 7.149120e-01 5.320000e-04 2.845560e-01
440 7.148280e-01 5.680000e-04 2.846040e-01
441 7.146960e-01 6.040000e-04 2.847000e-01
442 7.145920e-01 6.080000e-04 2.848000e-01
443 7.144880e-01 6.160000e-04 2.848960e-01
444 7.143680e-01 6.240000e-04 2.850080e-01
445 7.142600e-01 6.160000e-04 2.851240e-01
446 7.141480e-01 6.280000e-04 2.852240e-01
447 7.140160e-01 6.520000e-04 2.853320e-01
448 7.138880e-01 6.640000e-04 2.854480e-01
449 7.137800e-01 6.400000e-04 2.855800e-01
450 7.136680e-01 6.440000e-04 2.856880e-01
451 7.135720e-01 6.360000e-04 2.857920e-01
452 7.134560e-01 6.440000e-04 2.859000e-01
453 7.133720e-01 6.160000e-04 2.860120e-01
454 7.132800e-01 6.200000e-04 2.861000e-01
455 7.131680e-01 6.440000e-04 2.861880e-01
456 7.131040e-01 6.440000e-04 2.862520e-01
457 7.129640e-01 6.640000e-04 2.863720e-01
458 7.128280e-01 6.880000e-04 2.864840e-01
459 7.127120e-01 6.800000e-04 2.866080e-01
460 7.126000e-01 6.800000e-04 2.867200e-01
461 7.124800e-01 6.640000e-04 2.868560e-01
462 7.123240e-01 7.240000e-04 2.869520e-01
463 7.122080e-01 7.200000e-04 2.870720e-01
464 7.120800e-01 7.400000e-04 2.871800e-01
465 7.119920e-01 7.000000e-04 2.873080e-01
466 7.118840e-01 6.760000e-04 2.874400e-01
467 7.117600e-01 6.680000e-04 2.875720e-01
468 7.116480e-01 6.640000e-04 2.876880e-01
469 7.115320e-01 6.720000e-04 2.877960e-01
470 7.114600e-01 6.160000e-04 2.879240e-01
471 7.113680e-01 6.040000e-04 2.880280e-01
472 7.112680e-01 6.160000e-04 2.881160e-01
473 7.111400e-01 6.320000e-04 2.882280e-01
474 7.110480e-01 5.800000e-04 2.883720e-01
475 7.109600e-01 5.960000e-04 2.884440e-01
476 7.108520e-01 5.880000e-04 2.885600e-01
477 7.107280e-01 5.960000e-04 2.886760e-01
478 7.106520e-01 5.840000e-04 2.887640e-01
479 7.105160e-01 6.160000e-04 2.888680e-01
480 7.103520e-01 6.680000e-04 2.889800e-01
481 7.102000e-01 7.560000e-04 2.890440e-01
482 7.100200e-01 8.320000e-04 2.891480e-01
483 7.098600e-01 8.320000e-04 2.893080e-01
484 7.097000e-01 8.920000e-04 2.894080e-01
485 7.094880e-01 9.480000e-04 2.895640e-01
486 7.092920e-01 9.560000e-04 2.897520e-01
487 7.091560e-01 9.360000e-04 2.899080e-01
488 7.090080e-01 9.240000e-04 2.900680e-01
489 7.088080e-01 1.016000e-03 2.901760e-01
490 7.086400e-01 9.720000e-04 2.903880e-01
491 7.084760e-01 9.520000e-04 2.905720e-01
492 7.082960e-01 9.880000e-04 2.907160e-01
493 7.081480e-01 9.640000e-04 2.908880e-01
494 7.080080e-01 9.360000e-04 2.910560e-01
495 7.078400e-01 9.360000e-04 2.912240e-01
496 7.076680e-01 9.560000e-04 2.913760e-01
497 7.074880e-01 1.012000e-03 2.915000e-01
498 7.072520e-01 1.096000e-03 2.916520e-01
499 7.069600e-01 1.164000e-03 2.918760e-01
500 7.067320e-01 1.212000e-03 2.920560e-01
