1 9.991920e-01 7.000000e-04 1.080000e-04
2 9.986080e-01 1.116000e-03 2.760000e-04
3 9.980440e-01 1.460000e-03 4.960000e-04
4 9.972920e-01 1.916000e-03 7.920000e-04
5 9.965280e-01 2.304000e-03 1.168000e-03
6 9.957160e-01 2.712000e-03 1.572000e-03
7 9.949120e-01 3.040000e-03 2.048000e-03
8 9.940280e-01 3.356000e-03 2.616000e-03
9 9.930600e-01 3.704000e-03 3.236000e-03
10 9.921480e-01 3.980000e-03 3.872000e-03
11 9.911720e-01 4.188000e-03 4.640000e-03
12 9.902080e-01 4.448000e-03 5.344000e-03
13 9.891320e-01 4.716000e-03 6.152000e-03
14 9.880560e-01 4.976000e-03 6.968000e-03
15 9.869560e-01 5.200000e-03 7.844000e-03
16 9.856840e-01 5.668000e-03 8.648000e-03
17 9.845120e-01 5.816000e-03 9.672000e-03
18 9.833400e-01 5.960000e-03 1.070000e-02
19 9.821240e-01 6.164000e-03 1.171200e-02
20 9.810200e-01 6.232000e-03 1.274800e-02
21 9.798640e-01 6.312000e-03 1.382400e-02
22 9.787680e-01 6.220000e-03 1.501200e-02
23 9.774680e-01 6.308000e-03 1.622400e-02
24 9.762640e-01 6.456000e-03 1.728000e-02
25 9.751920e-01 6.392000e-03 1.841600e-02
26 9.741240e-01 6.352000e-03 1.952400e-02
27 9.728200e-01 6.528000e-03 2.065200e-02
28 9.715320e-01 6.584000e-03 2.188400e-02
29 9.703440e-01 6.472000e-03 2.318400e-02
30 9.690160e-01 6.516000e-03 2.446800e-02
31 9.676640e-01 6.636000e-03 2.570000e-02
32 9.665360e-01 6.732000e-03 2.673200e-02
33 9.650400e-01 6.908000e-03 2.805200e-02
34 9.636560e-01 7.212000e-03 2.913200e-02
35 9.622840e-01 7.368000e-03 3.034800e-02
36 9.610000e-01 7.296000e-03 3.170400e-02
37 9.596480e-01 7.308000e-03 3.304400e-02
38 9.581880e-01 7.464000e-03 3.434800e-02
39 9.567440e-01 7.588000e-03 3.566800e-02
40 9.553360e-01 7.680000e-03 3.698400e-02
41 9.540320e-01 7.696000e-03 3.827200e-02
42 9.527000e-01 7.732000e-03 3.956800e-02
43 9.511880e-01 7.808000e-03 4.100400e-02
44 9.498000e-01 7.868000e-03 4.233200e-02
45 9.483840e-01 7.992000e-03 4.362400e-02
46 9.468520e-01 8.096000e-03 4.505200e-02
47 9.452560e-01 8.244000e-03 4.650000e-02
48 9.436720e-01 8.444000e-03 4.788400e-02
49 9.421880e-01 8.408000e-03 4.940400e-02
50 9.407040e-01 8.436000e-03 5.086000e-02
51 9.391560e-01 8.512000e-03 5.233200e-02
52 9.375120e-01 8.708000e-03 5.378000e-02
53 9.359560e-01 8.784000e-03 5.526000e-02
54 9.344760e-01 8.612000e-03 5.691200e-02
55 9.328640e-01 8.716000e-03 5.842000e-02
56 9.314080e-01 8.672000e-03 5.992000e-02
57 9.298800e-01 8.704000e-03 6.141600e-02
58 9.284200e-01 8.636000e-03 6.294400e-02
59 9.268080e-01 8.868000e-03 6.432400e-02
60 9.252120e-01 8.876000e-03 6.591200e-02
61 9.236640e-01 8.852000e-03 6.748400e-02
62 9.220720e-01 8.896000e-03 6.903200e-02
63 9.204640e-01 8.932000e-03 7.060400e-02
64 9.189240e-01 8.836000e-03 7.224000e-02
65 9.174760e-01 8.740000e-03 7.378400e-02
66 9.159240e-01 8.796000e-03 7.528000e-02
67 9.144320e-01 8.876000e-03 7.669200e-02
68 9.129200e-01 8.644000e-03 7.843600e-02
69 9.115800e-01 8.440000e-03 7.998000e-02
70 9.102600e-01 8.320000e-03 8.142000e-02
71 9.089080e-01 8.244000e-03 8.284800e-02
72 9.074400e-01 8.156000e-03 8.440400e-02
73 9.060520e-01 8.080000e-03 8.586800e-02
74 9.045280e-01 8.072000e-03 8.740000e-02
75 9.032240e-01 7.940000e-03 8.883600e-02
76 9.019560e-01 7.800000e-03 9.024400e-02
77 9.005880e-01 7.788000e-03 9.162400e-02
78 8.991200e-01 7.792000e-03 9.308800e-02
79 8.977640e-01 7.780000e-03 9.445600e-02
80 8.963640e-01 7.848000e-03 9.578800e-02
81 8.948720e-01 7.984000e-03 9.714400e-02
82 8.933520e-01 8.076000e-03 9.857200e-02
83 8.917640e-01 8.292000e-03 9.994400e-02
84 8.902760e-01 8.416000e-03 1.013080e-01
85 8.887880e-01 8.548000e-03 1.026640e-01
86 8.874760e-01 8.248000e-03 1.042760e-01
87 8.861440e-01 8.216000e-03 1.056400e-01
88 8.847600e-01 8.148000e-03 1.070920e-01
89 8.833920e-01 8.012000e-03 1.085960e-01
90 8.820280e-01 7.968000e-03 1.100040e-01
91 8.807120e-01 7.844000e-03 1.114440e-01
92 8.793800e-01 7.772000e-03 1.128480e-01
93 8.781040e-01 7.664000e-03 1.142320e-01
94 8.767240e-01 7.740000e-03 1.155360e-01
95 8.754120e-01 7.660000e-03 1.169280e-01
96 8.741440e-01 7.648000e-03 1.182080e-01
97 8.728240e-01 7.720000e-03 1.194560e-01
98 8.714920e-01 7.720000e-03 1.207880e-01
99 8.700240e-01 7.876000e-03 1.221000e-01
100 8.685880e-01 7.792000e-03 1.236200e-01
101 8.672280e-01 7.752000e-03 1.250200e-01
102 8.658400e-01 7.888000e-03 1.262720e-01
103 8.646720e-01 7.732000e-03 1.275960e-01
104 8.634480e-01 7.540000e-03 1.290120e-01
105 8.623440e-01 7.352000e-03 1.303040e-01
106 8.609960e-01 7.344000e-03 1.316600e-01
107 8.595880e-01 7.440000e-03 1.329720e-01
108 8.582560e-01 7.600000e-03 1.341440e-01
109 8.569520e-01 7.528000e-03 1.355200e-01
110 8.558280e-01 7.344000e-03 1.368280e-01
111 8.544880e-01 7.412000e-03 1.381000e-01
112 8.534280e-01 7.212000e-03 1.393600e-01
113 8.521640e-01 7.220000e-03 1.406160e-01
114 8.509520e-01 7.120000e-03 1.419280e-01
115 8.497440e-01 7.200000e-03 1.430560e-01
116 8.484080e-01 7.316000e-03 1.442760e-01
117 8.470640e-01 7.388000e-03 1.455480e-01
118 8.456960e-01 7.524000e-03 1.467800e-01
119 8.444000e-01 7.360000e-03 1.482400e-01
120 8.431080e-01 7.172000e-03 1.497200e-01
121 8.418000e-01 7.132000e-03 1.510680e-01
122 8.404960e-01 7.292000e-03 1.522120e-01
123 8.392960e-01 7.184000e-03 1.535200e-01
124 8.381640e-01 7.088000e-03 1.547480e-01
125 8.370160e-01 6.948000e-03 1.560360e-01
126 8.358520e-01 7.012000e-03 1.571360e-01
127 8.345920e-01 6.892000e-03 1.585160e-01
128 8.334120e-01 6.892000e-03 1.596960e-01
129 8.322840e-01 6.884000e-03 1.608320e-01
130 8.311880e-01 6.796000e-03 1.620160e-01
131 8.301720e-01 6.688000e-03 1.631400e-01
132 8.290040e-01 6.740000e-03 1.642560e-01
133 8.279520e-01 6.664000e-03 1.653840e-01
134 8.268600e-01 6.560000e-03 1.665800e-01
135 8.257920e-01 6.516000e-03 1.676920e-01
136 8.248560e-01 6.320000e-03 1.688240e-01
137 8.236560e-01 6.360000e-03 1.699840e-01
138 8.226320e-01 6.292000e-03 1.710760e-01
139 8.217720e-01 6.060000e-03 1.721680e-01
140 8.208480e-01 5.908000e-03 1.732440e-01
141 8.199000e-01 5.820000e-03 1.742800e-01
142 8.189760e-01 5.592000e-03 1.754320e-01
143 8.181160e-01 5.568000e-03 1.763160e-01
144 8.172400e-01 5.340000e-03 1.774200e-01
145 8.163560e-01 5.340000e-03 1.783040e-01
146 8.155680e-01 5.080000e-03 1.793520e-01
147 8.147040e-01 5.092000e-03 1.802040e-01
148 8.138120e-01 5.128000e-03 1.810600e-01
149 8.130400e-01 5.072000e-03 1.818880e-01
150 8.122560e-01 4.972000e-03 1.827720e-01
151 8.114880e-01 4.840000e-03 1.836720e-01
152 8.107160e-01 4.852000e-03 1.844320e-01
153 8.099320e-01 4.732000e-03 1.853360e-01
154 8.091000e-01 4.672000e-03 1.862280e-01
155 8.084000e-01 4.560000e-03 1.870400e-01
156 8.076440e-01 4.528000e-03 1.878280e-01
157 8.068000e-01 4.512000e-03 1.886880e-01
158 8.061320e-01 4.336000e-03 1.895320e-01
159 8.054280e-01 4.336000e-03 1.902360e-01
160 8.047040e-01 4.332000e-03 1.909640e-01
161 8.040120e-01 4.252000e-03 1.917360e-01
162 8.032640e-01 4.260000e-03 1.924760e-01
163 8.024240e-01 4.360000e-03 1.932160e-01
164 8.014680e-01 4.476000e-03 1.940560e-01
165 8.006600e-01 4.468000e-03 1.948720e-01
166 7.998240e-01 4.500000e-03 1.956760e-01
167 7.989760e-01 4.560000e-03 1.964640e-01
168 7.980720e-01 4.632000e-03 1.972960e-01
169 7.970920e-01 4.812000e-03 1.980960e-01
170 7.962280e-01 4.792000e-03 1.989800e-01
171 7.952680e-01 4.880000e-03 1.998520e-01
172 7.944840e-01 4.812000e-03 2.007040e-01
173 7.936680e-01 4.840000e-03 2.014920e-01
174 7.928280e-01 4.788000e-03 2.023840e-01
175 7.920760e-01 4.704000e-03 2.032200e-01
176 7.913960e-01 4.660000e-03 2.039440e-01
177 7.905720e-01 4.644000e-03 2.047840e-01
178 7.898360e-01 4.576000e-03 2.055880e-01
179 7.889160e-01 4.592000e-03 2.064920e-01
180 7.881200e-01 4.656000e-03 2.072240e-01
181 7.873400e-01 4.700000e-03 2.079600e-01
182 7.865600e-01 4.644000e-03 2.087960e-01
183 7.856760e-01 4.700000e-03 2.096240e-01
184 7.848840e-01 4.704000e-03 2.104120e-01
185 7.841080e-01 4.688000e-03 2.112040e-01
186 7.834280e-01 4.604000e-03 2.119680e-01
187 7.827560e-01 4.472000e-03 2.127720e-01
188 7.820240e-01 4.404000e-03 2.135720e-01
189 7.813560e-01 4.296000e-03 2.143480e-01
190 7.806720e-01 4.180000e-03 2.151480e-01
191 7.799880e-01 4.180000e-03 2.158320e-01
192 7.793720e-01 4.088000e-03 2.165400e-01
193 7.788240e-01 3.944000e-03 2.172320e-01
194 7.782400e-01 3.820000e-03 2.179400e-01
195 7.775680e-01 3.808000e-03 2.186240e-01
196 7.768800e-01 3.792000e-03 2.193280e-01
197 7.761440e-01 3.832000e-03 2.200240e-01
198 7.754440e-01 3.876000e-03 2.206800e-01
199 7.748040e-01 3.856000e-03 2.213400e-01
200 7.739560e-01 4.048000e-03 2.219960e-01
201 7.731680e-01 4.096000e-03 2.227360e-01
202 7.725080e-01 3.988000e-03 2.235040e-01
203 7.718240e-01 4.004000e-03 2.241720e-01
204 7.711480e-01 3.960000e-03 2.248920e-01
205 7.704480e-01 3.992000e-03 2.255600e-01
206 7.697600e-01 4.036000e-03 2.262040e-01
207 7.690200e-01 4.004000e-03 2.269760e-01
208 7.683040e-01 4.008000e-03 2.276880e-01
209 7.674760e-01 4.164000e-03 2.283600e-01
210 7.666280e-01 4.296000e-03 2.290760e-01
211 7.659920e-01 4.216000e-03 2.297920e-01
212 7.651320e-01 4.260000e-03 2.306080e-01
213 7.644920e-01 4.136000e-03 2.313720e-01
214 7.638520e-01 4.100000e-03 2.320480e-01
215 7.631280e-01 4.096000e-03 2.327760e-01
216 7.624000e-01 4.072000e-03 2.335280e-01
217 7.616720e-01 4.024000e-03 2.343040e-01
218 7.610280e-01 3.912000e-03 2.350600e-01
219 7.604000e-01 3.848000e-03 2.357520e-01
220 7.597040e-01 3.796000e-03 2.365000e-01
221 7.590840e-01 3.756000e-03 2.371600e-01
222 7.584920e-01 3.652000e-03 2.378560e-01
223 7.579400e-01 3.556000e-03 2.385040e-01
224 7.573640e-01 3.504000e-03 2.391320e-01
225 7.568000e-01 3.432000e-03 2.397680e-01
226 7.561800e-01 3.520000e-03 2.403000e-01
227 7.555560e-01 3.532000e-03 2.409120e-01
228 7.549640e-01 3.472000e-03 2.415640e-01
229 7.543880e-01 3.392000e-03 2.422200e-01
230 7.538480e-01 3.372000e-03 2.427800e-01
231 7.532800e-01 3.408000e-03 2.433120e-01
232 7.527720e-01 3.348000e-03 2.438800e-01
233 7.521080e-01 3.416000e-03 2.444760e-01
234 7.515200e-01 3.436000e-03 2.450440e-01
235 7.508920e-01 3.496000e-03 2.456120e-01
236 7.501400e-01 3.540000e-03 2.463200e-01
237 7.495920e-01 3.460000e-03 2.469480e-01
238 7.489440e-01 3.448000e-03 2.476080e-01
239 7.482760e-01 3.552000e-03 2.481720e-01
240 7.476560e-01 3.516000e-03 2.488280e-01
241 7.470960e-01 3.340000e-03 2.495640e-01
242 7.465680e-01 3.204000e-03 2.502280e-01
243 7.460000e-01 3.272000e-03 2.507280e-01
244 7.454920e-01 3.164000e-03 2.513440e-01
245 7.448880e-01 3.196000e-03 2.519160e-01
246 7.443520e-01 3.208000e-03 2.524400e-01
247 7.438000e-01 3.192000e-03 2.530080e-01
248 7.433240e-01 3.080000e-03 2.535960e-01
249 7.427760e-01 3.156000e-03 2.540680e-01
250 7.422280e-01 3.204000e-03 2.545680e-01
251 7.416760e-01 3.208000e-03 2.551160e-01
252 7.410360e-01 3.248000e-03 2.557160e-01
253 7.405200e-01 3.168000e-03 2.563120e-01
254 7.399120e-01 3.344000e-03 2.567440e-01
255 7.393880e-01 3.296000e-03 2.573160e-01
256 7.388280e-01 3.388000e-03 2.577840e-01
257 7.383320e-01 3.284000e-03 2.583840e-01
258 7.378240e-01 3.184000e-03 2.589920e-01
259 7.372880e-01 3.244000e-03 2.594680e-01
260 7.366680e-01 3.256000e-03 2.600760e-01
261 7.360720e-01 3.256000e-03 2.606720e-01
262 7.355320e-01 3.300000e-03 2.611680e-01
263 7.351480e-01 3.080000e-03 2.617720e-01
264 7.346840e-01 3.036000e-03 2.622800e-01
265 7.341840e-01 2.996000e-03 2.628200e-01
266 7.337480e-01 2.920000e-03 2.633320e-01
267 7.332600e-01 2.896000e-03 2.638440e-01
268 7.327960e-01 2.796000e-03 2.644080e-01
269 7.323520e-01 2.700000e-03 2.649480e-01
270 7.318760e-01 2.692000e-03 2.654320e-01
271 7.313880e-01 2.692000e-03 2.659200e-01
272 7.310360e-01 2.612000e-03 2.663520e-01
273 7.306280e-01 2.528000e-03 2.668440e-01
274 7.302800e-01 2.484000e-03 2.672360e-01
275 7.298800e-01 2.492000e-03 2.676280e-01
276 7.295040e-01 2.436000e-03 2.680600e-01
277 7.291120e-01 2.436000e-03 2.684520e-01
278 7.287160e-01 2.468000e-03 2.688160e-01
279 7.283160e-01 2.380000e-03 2.693040e-01
280 7.280320e-01 2.228000e-03 2.697400e-01
281 7.276800e-01 2.208000e-03 2.701120e-01
282 7.272840e-01 2.196000e-03 2.705200e-01
283 7.268920e-01 2.160000e-03 2.709480e-01
284 7.264600e-01 2.188000e-03 2.713520e-01
285 7.261040e-01 2.164000e-03 2.717320e-01
286 7.257760e-01 2.108000e-03 2.721160e-01
287 7.255040e-01 1.968000e-03 2.725280e-01
288 7.252360e-01 1.840000e-03 2.729240e-01
289 7.249520e-01 1.744000e-03 2.733040e-01
290 7.246720e-01 1.708000e-03 2.736200e-01
291 7.244000e-01 1.692000e-03 2.739080e-01
292 7.241240e-01 1.676000e-03 2.742000e-01
293 7.238240e-01 1.700000e-03 2.744760e-01
294 7.234200e-01 1.848000e-03 2.747320e-01
295 7.231280e-01 1.832000e-03 2.750400e-01
296 7.228200e-01 1.784000e-03 2.753960e-01
297 7.224960e-01 1.788000e-03 2.757160e-01
298 7.221840e-01 1.748000e-03 2.760680e-01
299 7.218800e-01 1.760000e-03 2.763600e-01
300 7.216000e-01 1.784000e-03 2.766160e-01
301 7.213120e-01 1.800000e-03 2.768880e-01
302 7.210040e-01 1.772000e-03 2.772240e-01
303 7.207400e-01 1.728000e-03 2.775320e-01
304 7.204560e-01 1.692000e-03 2.778520e-01
305 7.202040e-01 1.668000e-03 2.781280e-01
306 7.199520e-01 1.600000e-03 2.784480e-01
307 7.196400e-01 1.664000e-03 2.786960e-01
308 7.193800e-01 1.608000e-03 2.790120e-01
309 7.191440e-01 1.568000e-03 2.792880e-01
310 7.188800e-01 1.552000e-03 2.795680e-01
311 7.186680e-01 1.516000e-03 2.798160e-01
312 7.183800e-01 1.540000e-03 2.800800e-01
313 7.181080e-01 1.512000e-03 2.803800e-01
314 7.178160e-01 1.548000e-03 2.806360e-01
315 7.175280e-01 1.560000e-03 2.809120e-01
316 7.172600e-01 1.572000e-03 2.811680e-01
317 7.170040e-01 1.544000e-03 2.814520e-01
318 7.167120e-01 1.600000e-03 2.816880e-01
319 7.164600e-01 1.628000e-03 2.819120e-01
320 7.160800e-01 1.692000e-03 2.822280e-01
321 7.157720e-01 1.700000e-03 2.825280e-01
322 7.155080e-01 1.608000e-03 2.828840e-01
323 7.153400e-01 1.512000e-03 2.831480e-01
324 7.151280e-01 1.464000e-03 2.834080e-01
325 7.149520e-01 1.360000e-03 2.836880e-01
326 7.147880e-01 1.264000e-03 2.839480e-01
327 7.145960e-01 1.228000e-03 2.841760e-01
328 7.143960e-01 1.188000e-03 2.844160e-01
329 7.141960e-01 1.228000e-03 2.845760e-01
330 7.140080e-01 1.232000e-03 2.847600e-01
331 7.138560e-01 1.180000e-03 2.849640e-01
332 7.136640e-01 1.196000e-03 2.851400e-01
333 7.134120e-01 1.248000e-03 2.853400e-01
334 7.131480e-01 1.284000e-03 2.855680e-01
335 7.128720e-01 1.332000e-03 2.857960e-01
336 7.125960e-01 1.392000e-03 2.860120e-01
337 7.123320e-01 1.456000e-03 2.862120e-01
338 7.120640e-01 1.480000e-03 2.864560e-01
339 7.117360e-01 1.576000e-03 2.866880e-01
340 7.114600e-01 1.540000e-03 2.870000e-01
341 7.111640e-01 1.568000e-03 2.872680e-01
342 7.108600e-01 1.596000e-03 2.875440e-01
343 7.106080e-01 1.588000e-03 2.878040e-01
344 7.103120e-01 1.640000e-03 2.880480e-01
345 7.099840e-01 1.656000e-03 2.883600e-01
346 7.097000e-01 1.660000e-03 2.886400e-01
347 7.093440e-01 1.676000e-03 2.889800e-01
348 7.089920e-01 1.732000e-03 2.892760e-01
349 7.087040e-01 1.724000e-03 2.895720e-01
350 7.084000e-01 1.712000e-03 2.898880e-01
351 7.081200e-01 1.684000e-03 2.901960e-01
352 7.078320e-01 1.628000e-03 2.905400e-01
353 7.075200e-01 1.628000e-03 2.908520e-01
354 7.073120e-01 1.560000e-03 2.911280e-01
355 7.070800e-01 1.568000e-03 2.913520e-01
356 7.067240e-01 1.700000e-03 2.915760e-01
357 7.064720e-01 1.700000e-03 2.918280e-01
358 7.061760e-01 1.660000e-03 2.921640e-01
359 7.058920e-01 1.600000e-03 2.925080e-01
360 7.056360e-01 1.512000e-03 2.928520e-01
361 7.053800e-01 1.552000e-03 2.930680e-01
362 7.050120e-01 1.700000e-03 2.932880e-01
363 7.047040e-01 1.744000e-03 2.935520e-01
364 7.044000e-01 1.760000e-03 2.938400e-01
365 7.040240e-01 1.780000e-03 2.941960e-01
366 7.037400e-01 1.744000e-03 2.945160e-01
367 7.033960e-01 1.788000e-03 2.948160e-01
368 7.030520e-01 1.832000e-03 2.951160e-01
369 7.028280e-01 1.720000e-03 2.954520e-01
370 7.025040e-01 1.692000e-03 2.958040e-01
371 7.021600e-01 1.744000e-03 2.960960e-01
372 7.017600e-01 1.800000e-03 2.964400e-01
373 7.014400e-01 1.780000e-03 2.967800e-01
374 7.010600e-01 1.900000e-03 2.970400e-01
375 7.007200e-01 1.928000e-03 2.973520e-01
376 7.004160e-01 1.920000e-03 2.976640e-01
377 7.001400e-01 1.860000e-03 2.980000e-01
378 6.998840e-01 1.748000e-03 2.983680e-01
379 6.996200e-01 1.736000e-03 2.986440e-01
380 6.993400e-01 1.648000e-03 2.990120e-01
381 6.990480e-01 1.676000e-03 2.992760e-01
382 6.987120e-01 1.744000e-03 2.995440e-01
383 6.984600e-01 1.664000e-03 2.998760e-01
384 6.982240e-01 1.588000e-03 3.001880e-01
385 6.980480e-01 1.504000e-03 3.004480e-01
386 6.978440e-01 1.488000e-03 3.006680e-01
387 6.976760e-01 1.424000e-03 3.009000e-01
388 6.974840e-01 1.340000e-03 3.011760e-01
389 6.972200e-01 1.360000e-03 3.014200e-01
390 6.969640e-01 1.388000e-03 3.016480e-01
391 6.967520e-01 1.360000e-03 3.018880e-01
392 6.965160e-01 1.380000e-03 3.021040e-01
393 6.963320e-01 1.336000e-03 3.023320e-01
394 6.961080e-01 1.340000e-03 3.025520e-01
395 6.958840e-01 1.340000e-03 3.027760e-01
396 6.957200e-01 1.248000e-03 3.030320e-01
397 6.954920e-01 1.260000e-03 3.032480e-01
398 6.953200e-01 1.244000e-03 3.034360e-01
399 6.951160e-01 1.272000e-03 3.036120e-01
400 6.948920e-01 1.304000e-03 3.038040e-01
401 6.946920e-01 1.252000e-03 3.040560e-01
402 6.944920e-01 1.232000e-03 3.042760e-01
403 6.943200e-01 1.172000e-03 3.045080e-01
404 6.941480e-01 1.132000e-03 3.047200e-01
405 6.939720e-01 1.124000e-03 3.049040e-01
406 6.938000e-01 1.096000e-03 3.051040e-01
407 6.936360e-01 1.072000e-03 3.052920e-01
408 6.935160e-01 1.056000e-03 3.054280e-01
409 6.933720e-01 1.036000e-03 3.055920e-01
410 6.932080e-01 9.880000e-04 3.058040e-01
411 6.930240e-01 9.720000e-04 3.060040e-01
412 6.928360e-01 1.016000e-03 3.061480e-01
413 6.926240e-01 1.004000e-03 3.063720e-01
414 6.924640e-01 9.880000e-04 3.065480e-01
415 6.922880e-01 9.720000e-04 3.067400e-01
416 6.921160e-01 9.920000e-04 3.068920e-01
417 6.919360e-01 9.320000e-04 3.071320e-01
418 6.917000e-01 9.640000e-04 3.073360e-01
419 6.915280e-01 9.600000e-04 3.075120e-01
420 6.913760e-01 9.360000e-04 3.076880e-01
421 6.912440e-01 9.160000e-04 3.078400e-01
422 6.911040e-01 9.360000e-04 3.079600e-01
423 6.909600e-01 9.040000e-04 3.081360e-01
424 6.908200e-01 8.920000e-04 3.082880e-01
425 6.906440e-01 9.200000e-04 3.084360e-01
426 6.905000e-01 8.960000e-04 3.086040e-01
427 6.903240e-01 9.280000e-04 3.087480e-01
428 6.901680e-01 8.760000e-04 3.089560e-01
429 6.899720e-01 9.360000e-04 3.090920e-01
430 6.897880e-01 9.240000e-04 3.092880e-01
431 6.896440e-01 8.800000e-04 3.094760e-01
432 6.895080e-01 8.800000e-04 3.096120e-01
433 6.893840e-01 8.840000e-04 3.097320e-01
434 6.892160e-01 9.200000e-04 3.098640e-01
435 6.890760e-01 9.480000e-04 3.099760e-01
436 6.889480e-01 8.760000e-04 3.101760e-01
437 6.888440e-01 8.320000e-04 3.103240e-01
438 6.887240e-01 7.920000e-04 3.104840e-01
439 6.885840e-01 7.960000e-04 3.106200e-01
440 6.884400e-01 7.880000e-04 3.107720e-01
441 6.882840e-01 8.160000e-04 3.109000e-01
442 6.881440e-01 8.120000e-04 3.110440e-01
443 6.879840e-01 8.600000e-04 3.111560e-01
444 6.878280e-01 8.960000e-04 3.112760e-01
445 6.877200e-01 8.560000e-04 3.114240e-01
446 6.875960e-01 8.320000e-04 3.115720e-01
447 6.874920e-01 7.800000e-04 3.117280e-01
448 6.873480e-01 8.040000e-04 3.118480e-01
449 6.872200e-01 8.000000e-04 3.119800e-01
450 6.870760e-01 8.040000e-04 3.121200e-01
451 6.869040e-01 8.280000e-04 3.122680e-01
452 6.867680e-01 8.240000e-04 3.124080e-01
453 6.866800e-01 7.920000e-04 3.125280e-01
454 6.865720e-01 8.080000e-04 3.126200e-01
455 6.864240e-01 8.160000e-04 3.127600e-01
456 6.863000e-01 8.120000e-04 3.128880e-01
457 6.862080e-01 7.680000e-04 3.130240e-01
458 6.861480e-01 7.000000e-04 3.131520e-01
459 6.860840e-01 6.520000e-04 3.132640e-01
460 6.860000e-01 6.200000e-04 3.133800e-01
461 6.859160e-01 5.800000e-04 3.135040e-01
462 6.858480e-01 5.560000e-04 3.135960e-01
463 6.857600e-01 5.640000e-04 3.136760e-01
464 6.856800e-01 5.520000e-04 3.137680e-01
465 6.855640e-01 5.640000e-04 3.138720e-01
466 6.854680e-01 5.760000e-04 3.139560e-01
467 6.854120e-01 5.120000e-04 3.140760e-01
468 6.853600e-01 4.800000e-04 3.141600e-01
469 6.852960e-01 4.680000e-04 3.142360e-01
470 6.852440e-01 4.360000e-04 3.143200e-01
471 6.851760e-01 4.240000e-04 3.144000e-01
472 6.851120e-01 4.360000e-04 3.144520e-01
473 6.850680e-01 4.040000e-04 3.145280e-01
474 6.850040e-01 3.960000e-04 3.146000e-01
475 6.849320e-01 4.120000e-04 3.146560e-01
476 6.848160e-01 4.520000e-04 3.147320e-01
477 6.847400e-01 4.440000e-04 3.148160e-01
478 6.846760e-01 4.200000e-04 3.149040e-01
479 6.846320e-01 3.840000e-04 3.149840e-01
480 6.845400e-01 4.040000e-04 3.150560e-01
481 6.844840e-01 3.640000e-04 3.151520e-01
482 6.844200e-01 3.600000e-04 3.152200e-01
483 6.843800e-01 3.400000e-04 3.152800e-01
484 6.843200e-01 3.720000e-04 3.153080e-01
485 6.842800e-01 3.480000e-04 3.153720e-01
486 6.842120e-01 3.520000e-04 3.154360e-01
487 6.841680e-01 3.160000e-04 3.155160e-01
488 6.841360e-01 2.880000e-04 3.155760e-01
489 6.840920e-01 2.760000e-04 3.156320e-01
490 6.840520e-01 2.680000e-04 3.156800e-01
491 6.839960e-01 2.840000e-04 3.157200e-01
492 6.839520e-01 2.840000e-04 3.157640e-01
493 6.839240e-01 2.680000e-04 3.158080e-01
494 6.839000e-01 2.440000e-04 3.158560e-01
495 6.838720e-01 2.480000e-04 3.158800e-01
496 6.838640e-01 2.360000e-04 3.159000e-01
497 6.838480e-01 2.280000e-04 3.159240e-01
498 6.838280e-01 2.240000e-04 3.159480e-01
499 6.838120e-01 2.120000e-04 3.159760e-01
500 6.838040e-01 1.800000e-04 3.160160e-01
