1 9.992160e-01 6.720000e-04 1.120000e-04
2 9.986880e-01 1.048000e-03 2.640000e-04
3 9.980600e-01 1.412000e-03 5.280000e-04
4 9.973360e-01 1.796000e-03 8.680000e-04
5 9.966400e-01 2.172000e-03 1.188000e-03
6 9.958840e-01 2.520000e-03 1.596000e-03
7 9.950120e-01 2.956000e-03 2.032000e-03
8 9.939800e-01 3.424000e-03 2.596000e-03
9 9.929720e-01 3.700000e-03 3.328000e-03
10 9.918720e-01 4.020000e-03 4.108000e-03
11 9.908800e-01 4.368000e-03 4.752000e-03
12 9.898480e-01 4.652000e-03 5.500000e-03
13 9.887720e-01 4.900000e-03 6.328000e-03
14 9.876640e-01 5.156000e-03 7.180000e-03
15 9.866040e-01 5.216000e-03 8.180000e-03
16 9.855120e-01 5.416000e-03 9.072000e-03
17 9.844880e-01 5.504000e-03 1.000800e-02
18 9.833120e-01 5.644000e-03 1.104400e-02
19 9.820720e-01 5.856000e-03 1.207200e-02
20 9.807720e-01 6.044000e-03 1.318400e-02
21 9.794320e-01 6.248000e-03 1.432000e-02
22 9.780400e-01 6.376000e-03 1.558400e-02
23 9.767440e-01 6.592000e-03 1.666400e-02
24 9.755160e-01 6.644000e-03 1.784000e-02
25 9.742640e-01 6.672000e-03 1.906400e-02
26 9.730480e-01 6.688000e-03 2.026400e-02
27 9.718040e-01 6.796000e-03 2.140000e-02
28 9.704520e-01 7.008000e-03 2.254000e-02
29 9.691160e-01 7.176000e-03 2.370800e-02
30 9.677080e-01 7.264000e-03 2.502800e-02
31 9.663520e-01 7.356000e-03 2.629200e-02
32 9.649120e-01 7.480000e-03 2.760800e-02
33 9.635160e-01 7.468000e-03 2.901600e-02
34 9.620680e-01 7.644000e-03 3.028800e-02
35 9.607560e-01 7.732000e-03 3.151200e-02
36 9.592160e-01 7.972000e-03 3.281200e-02
37 9.576640e-01 8.100000e-03 3.423600e-02
38 9.561440e-01 8.088000e-03 3.576800e-02
39 9.547680e-01 8.112000e-03 3.712000e-02
40 9.532680e-01 8.232000e-03 3.850000e-02
41 9.519920e-01 8.048000e-03 3.996000e-02
42 9.506360e-01 7.900000e-03 4.146400e-02
43 9.492880e-01 7.884000e-03 4.282800e-02
44 9.478320e-01 8.020000e-03 4.414800e-02
45 9.464120e-01 8.020000e-03 4.556800e-02
46 9.450400e-01 8.028000e-03 4.693200e-02
47 9.437080e-01 7.788000e-03 4.850400e-02
48 9.423200e-01 7.740000e-03 4.994000e-02
49 9.410200e-01 7.760000e-03 5.122000e-02
50 9.396800e-01 7.748000e-03 5.257200e-02
51 9.383200e-01 7.664000e-03 5.401600e-02
52 9.370800e-01 7.504000e-03 5.541600e-02
53 9.359400e-01 7.312000e-03 5.674800e-02
54 9.345120e-01 7.356000e-03 5.813200e-02
55 9.332680e-01 7.260000e-03 5.947200e-02
56 9.319120e-01 7.364000e-03 6.072400e-02
57 9.305520e-01 7.568000e-03 6.188000e-02
58 9.292880e-01 7.480000e-03 6.323200e-02
59 9.279440e-01 7.580000e-03 6.447600e-02
60 9.264600e-01 7.776000e-03 6.576400e-02
61 9.250840e-01 7.808000e-03 6.710800e-02
62 9.236200e-01 7.792000e-03 6.858800e-02
63 9.221360e-01 7.864000e-03 7.000000e-02
64 9.207360e-01 7.884000e-03 7.138000e-02
65 9.191640e-01 8.172000e-03 7.266400e-02
66 9.174880e-01 8.396000e-03 7.411600e-02
67 9.159680e-01 8.272000e-03 7.576000e-02
68 9.144560e-01 8.348000e-03 7.719600e-02
69 9.128560e-01 8.492000e-03 7.865200e-02
70 9.112800e-01 8.584000e-03 8.013600e-02
71 9.097440e-01 8.652000e-03 8.160400e-02
72 9.082160e-01 8.624000e-03 8.316000e-02
73 9.066360e-01 8.672000e-03 8.469200e-02
74 9.051080e-01 8.804000e-03 8.608800e-02
75 9.035960e-01 8.792000e-03 8.761200e-02
76 9.021200e-01 8.668000e-03 8.921200e-02
77 9.006560e-01 8.696000e-03 9.064800e-02
78 8.991400e-01 8.612000e-03 9.224800e-02
79 8.976160e-01 8.612000e-03 9.377200e-02
80 8.960960e-01 8.636000e-03 9.526800e-02
81 8.945440e-01 8.804000e-03 9.665200e-02
82 8.931640e-01 8.620000e-03 9.821600e-02
83 8.916560e-01 8.568000e-03 9.977600e-02
84 8.902240e-01 8.536000e-03 1.012400e-01
85 8.883640e-01 8.988000e-03 1.026480e-01
86 8.867840e-01 9.024000e-03 1.041920e-01
87 8.853040e-01 8.928000e-03 1.057680e-01
88 8.837640e-01 9.020000e-03 1.072160e-01
89 8.822680e-01 8.868000e-03 1.088640e-01
90 8.807600e-01 8.812000e-03 1.104280e-01
91 8.793080e-01 8.672000e-03 1.120200e-01
92 8.778120e-01 8.724000e-03 1.134640e-01
93 8.761560e-01 8.868000e-03 1.149760e-01
94 8.746560e-01 9.016000e-03 1.163280e-01
95 8.729520e-01 9.268000e-03 1.177800e-01
96 8.714040e-01 9.140000e-03 1.194560e-01
97 8.696560e-01 9.124000e-03 1.212200e-01
98 8.680040e-01 9.040000e-03 1.229560e-01
99 8.663880e-01 9.036000e-03 1.245760e-01
100 8.649440e-01 8.812000e-03 1.262440e-01
101 8.634680e-01 8.680000e-03 1.278520e-01
102 8.618720e-01 8.692000e-03 1.294360e-01
103 8.603440e-01 8.728000e-03 1.309280e-01
104 8.587520e-01 8.784000e-03 1.324640e-01
105 8.571600e-01 8.924000e-03 1.339160e-01
106 8.556040e-01 9.004000e-03 1.353920e-01
107 8.540080e-01 9.048000e-03 1.369440e-01
108 8.524280e-01 9.144000e-03 1.384280e-01
109 8.510360e-01 8.932000e-03 1.400320e-01
110 8.494720e-01 8.884000e-03 1.416440e-01
111 8.480400e-01 8.696000e-03 1.432640e-01
112 8.466360e-01 8.432000e-03 1.449320e-01
113 8.452280e-01 8.268000e-03 1.465040e-01
114 8.438040e-01 8.340000e-03 1.478560e-01
115 8.423160e-01 8.396000e-03 1.492880e-01
116 8.409280e-01 8.256000e-03 1.508160e-01
117 8.395040e-01 8.236000e-03 1.522600e-01
118 8.380320e-01 8.328000e-03 1.536400e-01
119 8.365160e-01 8.348000e-03 1.551360e-01
120 8.349880e-01 8.428000e-03 1.565840e-01
121 8.335720e-01 8.336000e-03 1.580920e-01
122 8.320680e-01 8.296000e-03 1.596360e-01
123 8.308000e-01 8.172000e-03 1.610280e-01
124 8.294560e-01 7.916000e-03 1.626280e-01
125 8.281080e-01 7.900000e-03 1.639920e-01
126 8.266440e-01 7.988000e-03 1.653680e-01
127 8.251960e-01 8.060000e-03 1.667440e-01
128 8.237200e-01 8.136000e-03 1.681440e-01
129 8.221280e-01 8.356000e-03 1.695160e-01
130 8.206880e-01 8.420000e-03 1.708920e-01
131 8.191680e-01 8.464000e-03 1.723680e-01
132 8.177840e-01 8.388000e-03 1.738280e-01
133 8.165000e-01 8.268000e-03 1.752320e-01
134 8.152000e-01 8.080000e-03 1.767200e-01
135 8.138120e-01 8.032000e-03 1.781560e-01
136 8.123920e-01 7.956000e-03 1.796520e-01
137 8.108240e-01 8.056000e-03 1.811200e-01
138 8.093040e-01 8.280000e-03 1.824160e-01
139 8.078360e-01 8.196000e-03 1.839680e-01
140 8.062440e-01 8.248000e-03 1.855080e-01
141 8.049520e-01 8.164000e-03 1.868840e-01
142 8.034320e-01 8.184000e-03 1.883840e-01
143 8.020760e-01 8.080000e-03 1.898440e-01
144 8.006920e-01 8.020000e-03 1.912880e-01
145 7.993400e-01 7.916000e-03 1.927440e-01
146 7.980640e-01 7.840000e-03 1.940960e-01
147 7.967720e-01 7.776000e-03 1.954520e-01
148 7.954080e-01 7.844000e-03 1.967480e-01
149 7.939320e-01 7.908000e-03 1.981600e-01
150 7.926120e-01 7.864000e-03 1.995240e-01
151 7.913560e-01 7.852000e-03 2.007920e-01
152 7.900320e-01 7.808000e-03 2.021600e-01
153 7.886200e-01 7.848000e-03 2.035320e-01
154 7.873360e-01 7.752000e-03 2.049120e-01
155 7.859520e-01 7.812000e-03 2.062360e-01
156 7.846920e-01 7.760000e-03 2.075480e-01
157 7.834320e-01 7.636000e-03 2.089320e-01
158 7.821000e-01 7.612000e-03 2.102880e-01
159 7.809960e-01 7.456000e-03 2.115480e-01
160 7.797680e-01 7.492000e-03 2.127400e-01
161 7.784800e-01 7.448000e-03 2.140720e-01
162 7.772240e-01 7.464000e-03 2.153120e-01
163 7.759160e-01 7.412000e-03 2.166720e-01
164 7.747480e-01 7.332000e-03 2.179200e-01
165 7.735240e-01 7.320000e-03 2.191560e-01
166 7.722320e-01 7.392000e-03 2.203760e-01
167 7.708800e-01 7.456000e-03 2.216640e-01
168 7.695640e-01 7.468000e-03 2.229680e-01
169 7.681440e-01 7.520000e-03 2.243360e-01
170 7.668280e-01 7.492000e-03 2.256800e-01
171 7.654480e-01 7.548000e-03 2.270040e-01
172 7.642640e-01 7.500000e-03 2.282360e-01
173 7.631440e-01 7.292000e-03 2.295640e-01
174 7.619640e-01 7.144000e-03 2.308920e-01
175 7.606560e-01 7.232000e-03 2.321120e-01
176 7.594920e-01 7.204000e-03 2.333040e-01
177 7.583600e-01 6.996000e-03 2.346440e-01
178 7.572040e-01 6.952000e-03 2.358440e-01
179 7.561120e-01 6.864000e-03 2.370240e-01
180 7.550760e-01 6.788000e-03 2.381360e-01
181 7.540320e-01 6.684000e-03 2.392840e-01
182 7.529480e-01 6.664000e-03 2.403880e-01
183 7.517960e-01 6.756000e-03 2.414480e-01
184 7.505880e-01 6.748000e-03 2.426640e-01
185 7.493600e-01 6.792000e-03 2.438480e-01
186 7.482680e-01 6.552000e-03 2.451800e-01
187 7.471840e-01 6.408000e-03 2.464080e-01
188 7.461160e-01 6.304000e-03 2.475800e-01
189 7.450280e-01 6.268000e-03 2.487040e-01
190 7.439000e-01 6.336000e-03 2.497640e-01
191 7.428880e-01 6.156000e-03 2.509560e-01
192 7.417600e-01 6.172000e-03 2.520680e-01
193 7.408640e-01 5.968000e-03 2.531680e-01
194 7.399000e-01 5.768000e-03 2.543320e-01
195 7.390640e-01 5.636000e-03 2.553000e-01
196 7.380160e-01 5.720000e-03 2.562640e-01
197 7.369320e-01 5.824000e-03 2.572440e-01
198 7.358720e-01 5.896000e-03 2.582320e-01
199 7.348920e-01 5.916000e-03 2.591920e-01
200 7.339080e-01 5.900000e-03 2.601920e-01
201 7.328560e-01 5.968000e-03 2.611760e-01
202 7.317640e-01 6.152000e-03 2.620840e-01
203 7.307960e-01 5.956000e-03 2.632480e-01
204 7.298360e-01 5.824000e-03 2.643400e-01
205 7.288880e-01 5.772000e-03 2.653400e-01
206 7.279440e-01 5.680000e-03 2.663760e-01
207 7.270880e-01 5.456000e-03 2.674560e-01
208 7.262480e-01 5.316000e-03 2.684360e-01
209 7.253200e-01 5.320000e-03 2.693600e-01
210 7.244760e-01 5.224000e-03 2.703000e-01
211 7.235920e-01 5.088000e-03 2.713200e-01
212 7.228880e-01 4.900000e-03 2.722120e-01
213 7.221240e-01 4.844000e-03 2.730320e-01
214 7.213080e-01 4.828000e-03 2.738640e-01
215 7.203960e-01 4.856000e-03 2.747480e-01
216 7.193920e-01 5.076000e-03 2.755320e-01
217 7.185160e-01 5.116000e-03 2.763680e-01
218 7.176080e-01 5.152000e-03 2.772400e-01
219 7.166600e-01 5.196000e-03 2.781440e-01
220 7.157480e-01 5.120000e-03 2.791320e-01
221 7.148520e-01 5.088000e-03 2.800600e-01
222 7.140800e-01 4.948000e-03 2.809720e-01
223 7.132360e-01 4.940000e-03 2.818240e-01
224 7.123200e-01 5.012000e-03 2.826680e-01
225 7.114400e-01 4.960000e-03 2.836000e-01
226 7.105360e-01 5.008000e-03 2.844560e-01
227 7.097960e-01 4.788000e-03 2.854160e-01
228 7.090520e-01 4.704000e-03 2.862440e-01
229 7.082200e-01 4.744000e-03 2.870360e-01
230 7.075040e-01 4.680000e-03 2.878160e-01
231 7.066800e-01 4.628000e-03 2.886920e-01
232 7.058400e-01 4.628000e-03 2.895320e-01
233 7.050600e-01 4.620000e-03 2.903200e-01
234 7.043760e-01 4.456000e-03 2.911680e-01
235 7.037720e-01 4.216000e-03 2.920120e-01
236 7.030760e-01 4.108000e-03 2.928160e-01
237 7.024800e-01 3.988000e-03 2.935320e-01
238 7.018680e-01 3.864000e-03 2.942680e-01
239 7.012200e-01 3.752000e-03 2.950280e-01
240 7.004960e-01 3.816000e-03 2.956880e-01
241 6.998120e-01 3.808000e-03 2.963800e-01
242 6.992800e-01 3.664000e-03 2.970560e-01
243 6.986840e-01 3.612000e-03 2.977040e-01
244 6.979800e-01 3.672000e-03 2.983480e-01
245 6.972720e-01 3.716000e-03 2.990120e-01
246 6.966160e-01 3.648000e-03 2.997360e-01
247 6.960400e-01 3.572000e-03 3.003880e-01
248 6.953960e-01 3.564000e-03 3.010400e-01
249 6.948400e-01 3.532000e-03 3.016280e-01
250 6.941880e-01 3.580000e-03 3.022320e-01
251 6.935440e-01 3.556000e-03 3.029000e-01
252 6.929800e-01 3.396000e-03 3.036240e-01
253 6.924080e-01 3.372000e-03 3.042200e-01
254 6.917800e-01 3.424000e-03 3.047960e-01
255 6.912120e-01 3.392000e-03 3.053960e-01
256 6.906640e-01 3.332000e-03 3.060040e-01
257 6.901440e-01 3.312000e-03 3.065440e-01
258 6.896120e-01 3.236000e-03 3.071520e-01
259 6.890600e-01 3.220000e-03 3.077200e-01
260 6.885600e-01 3.136000e-03 3.083040e-01
261 6.880640e-01 3.048000e-03 3.088880e-01
262 6.875880e-01 3.032000e-03 3.093800e-01
263 6.871640e-01 2.868000e-03 3.099680e-01
264 6.866480e-01 2.852000e-03 3.105000e-01
265 6.861840e-01 2.788000e-03 3.110280e-01
266 6.858000e-01 2.736000e-03 3.114640e-01
267 6.853960e-01 2.680000e-03 3.119240e-01
268 6.849320e-01 2.712000e-03 3.123560e-01
269 6.846080e-01 2.568000e-03 3.128240e-01
270 6.842640e-01 2.496000e-03 3.132400e-01
271 6.838600e-01 2.508000e-03 3.136320e-01
272 6.834640e-01 2.428000e-03 3.141080e-01
273 6.830440e-01 2.432000e-03 3.145240e-01
274 6.825440e-01 2.544000e-03 3.149120e-01
275 6.820840e-01 2.548000e-03 3.153680e-01
276 6.816480e-01 2.472000e-03 3.158800e-01
277 6.812560e-01 2.488000e-03 3.162560e-01
278 6.808360e-01 2.460000e-03 3.167040e-01
279 6.804720e-01 2.364000e-03 3.171640e-01
280 6.800560e-01 2.368000e-03 3.175760e-01
281 6.796520e-01 2.420000e-03 3.179280e-01
282 6.792480e-01 2.392000e-03 3.183600e-01
283 6.787800e-01 2.416000e-03 3.188040e-01
284 6.783520e-01 2.324000e-03 3.193240e-01
285 6.778960e-01 2.384000e-03 3.197200e-01
286 6.774680e-01 2.372000e-03 3.201600e-01
287 6.771280e-01 2.248000e-03 3.206240e-01
288 6.767240e-01 2.268000e-03 3.210080e-01
289 6.763080e-01 2.268000e-03 3.214240e-01
290 6.759480e-01 2.256000e-03 3.217960e-01
291 6.755320e-01 2.316000e-03 3.221520e-01
292 6.751240e-01 2.284000e-03 3.225920e-01
293 6.746840e-01 2.340000e-03 3.229760e-01
294 6.742000e-01 2.280000e-03 3.235200e-01
295 6.736880e-01 2.364000e-03 3.239480e-01
296 6.732040e-01 2.452000e-03 3.243440e-01
297 6.727400e-01 2.544000e-03 3.247160e-01
298 6.722600e-01 2.560000e-03 3.251800e-01
299 6.718120e-01 2.504000e-03 3.256840e-01
300 6.713040e-01 2.544000e-03 3.261520e-01
301 6.708000e-01 2.592000e-03 3.266080e-01
302 6.704040e-01 2.480000e-03 3.271160e-01
303 6.699560e-01 2.464000e-03 3.275800e-01
304 6.695520e-01 2.400000e-03 3.280480e-01
305 6.691400e-01 2.288000e-03 3.285720e-01
306 6.686880e-01 2.312000e-03 3.290000e-01
307 6.682080e-01 2.368000e-03 3.294240e-01
308 6.677320e-01 2.496000e-03 3.297720e-01
309 6.673440e-01 2.404000e-03 3.302520e-01
310 6.669080e-01 2.432000e-03 3.306600e-01
311 6.664880e-01 2.428000e-03 3.310840e-01
312 6.660720e-01 2.368000e-03 3.315600e-01
313 6.657360e-01 2.312000e-03 3.319520e-01
314 6.652640e-01 2.436000e-03 3.323000e-01
315 6.648480e-01 2.412000e-03 3.327400e-01
316 6.644280e-01 2.392000e-03 3.331800e-01
317 6.639240e-01 2.448000e-03 3.336280e-01
318 6.634800e-01 2.444000e-03 3.340760e-01
319 6.630600e-01 2.444000e-03 3.344960e-01
320 6.626320e-01 2.544000e-03 3.348240e-01
321 6.622280e-01 2.520000e-03 3.352520e-01
322 6.617800e-01 2.572000e-03 3.356480e-01
323 6.613360e-01 2.600000e-03 3.360640e-01
324 6.608720e-01 2.644000e-03 3.364840e-01
325 6.603600e-01 2.684000e-03 3.369560e-01
326 6.598800e-01 2.696000e-03 3.374240e-01
327 6.593840e-01 2.720000e-03 3.378960e-01
328 6.589240e-01 2.684000e-03 3.383920e-01
329 6.584600e-01 2.588000e-03 3.389520e-01
330 6.579440e-01 2.640000e-03 3.394160e-01
331 6.574160e-01 2.752000e-03 3.398320e-01
332 6.570280e-01 2.632000e-03 3.403400e-01
333 6.566720e-01 2.580000e-03 3.407480e-01
334 6.562360e-01 2.556000e-03 3.412080e-01
335 6.557600e-01 2.580000e-03 3.416600e-01
336 6.553360e-01 2.572000e-03 3.420920e-01
337 6.549160e-01 2.508000e-03 3.425760e-01
338 6.544760e-01 2.516000e-03 3.430080e-01
339 6.540720e-01 2.488000e-03 3.434400e-01
340 6.536280e-01 2.436000e-03 3.439360e-01
341 6.531840e-01 2.444000e-03 3.443720e-01
342 6.527440e-01 2.456000e-03 3.448000e-01
343 6.522920e-01 2.540000e-03 3.451680e-01
344 6.518400e-01 2.556000e-03 3.456040e-01
345 6.514120e-01 2.564000e-03 3.460240e-01
346 6.510400e-01 2.408000e-03 3.465520e-01
347 6.505960e-01 2.484000e-03 3.469200e-01
348 6.502400e-01 2.432000e-03 3.473280e-01
349 6.499560e-01 2.280000e-03 3.477640e-01
350 6.496720e-01 2.120000e-03 3.482080e-01
351 6.493240e-01 2.152000e-03 3.485240e-01
352 6.489640e-01 2.120000e-03 3.489160e-01
353 6.486600e-01 2.024000e-03 3.493160e-01
354 6.482920e-01 2.024000e-03 3.496840e-01
355 6.480040e-01 1.924000e-03 3.500720e-01
356 6.477520e-01 1.896000e-03 3.503520e-01
357 6.474800e-01 1.872000e-03 3.506480e-01
358 6.472720e-01 1.736000e-03 3.509920e-01
359 6.470120e-01 1.696000e-03 3.512920e-01
360 6.467400e-01 1.672000e-03 3.515880e-01
361 6.464040e-01 1.756000e-03 3.518400e-01
362 6.460840e-01 1.760000e-03 3.521560e-01
363 6.458000e-01 1.712000e-03 3.524880e-01
364 6.454680e-01 1.772000e-03 3.527600e-01
365 6.452320e-01 1.756000e-03 3.530120e-01
366 6.449040e-01 1.800000e-03 3.532960e-01
367 6.446160e-01 1.800000e-03 3.535840e-01
368 6.443960e-01 1.772000e-03 3.538320e-01
369 6.441040e-01 1.768000e-03 3.541280e-01
370 6.438160e-01 1.708000e-03 3.544760e-01
371 6.435480e-01 1.652000e-03 3.548000e-01
372 6.433000e-01 1.632000e-03 3.550680e-01
373 6.430640e-01 1.604000e-03 3.553320e-01
374 6.428680e-01 1.496000e-03 3.556360e-01
375 6.426320e-01 1.472000e-03 3.558960e-01
376 6.424360e-01 1.436000e-03 3.561280e-01
377 6.421600e-01 1.516000e-03 3.563240e-01
378 6.419520e-01 1.444000e-03 3.566040e-01
379 6.416960e-01 1.464000e-03 3.568400e-01
380 6.415400e-01 1.360000e-03 3.571000e-01
381 6.413000e-01 1.384000e-03 3.573160e-01
382 6.410960e-01 1.348000e-03 3.575560e-01
383 6.408520e-01 1.360000e-03 3.577880e-01
384 6.406280e-01 1.376000e-03 3.579960e-01
385 6.403800e-01 1.360000e-03 3.582600e-01
386 6.402080e-01 1.320000e-03 3.584720e-01
387 6.400120e-01 1.284000e-03 3.587040e-01
388 6.397560e-01 1.336000e-03 3.589080e-01
389 6.395200e-01 1.332000e-03 3.591480e-01
390 6.392400e-01 1.364000e-03 3.593960e-01
391 6.390000e-01 1.376000e-03 3.596240e-01
392 6.387920e-01 1.328000e-03 3.598800e-01
393 6.385240e-01 1.376000e-03 3.601000e-01
394 6.383000e-01 1.380000e-03 3.603200e-01
395 6.380800e-01 1.340000e-03 3.605800e-01
396 6.377760e-01 1.372000e-03 3.608520e-01
397 6.375440e-01 1.372000e-03 3.610840e-01
398 6.372960e-01 1.404000e-03 3.613000e-01
399 6.370080e-01 1.440000e-03 3.615520e-01
400 6.368120e-01 1.384000e-03 3.618040e-01
401 6.366080e-01 1.260000e-03 3.621320e-01
402 6.364280e-01 1.172000e-03 3.624000e-01
403 6.362400e-01 1.148000e-03 3.626120e-01
404 6.360800e-01 1.156000e-03 3.627640e-01
405 6.358760e-01 1.176000e-03 3.629480e-01
406 6.355640e-01 1.248000e-03 3.631880e-01
407 6.353560e-01 1.208000e-03 3.634360e-01
408 6.351200e-01 1.212000e-03 3.636680e-01
409 6.349040e-01 1.240000e-03 3.638560e-01
410 6.346080e-01 1.268000e-03 3.641240e-01
411 6.343920e-01 1.256000e-03 3.643520e-01
412 6.342040e-01 1.232000e-03 3.645640e-01
413 6.340440e-01 1.172000e-03 3.647840e-01
414 6.338960e-01 1.136000e-03 3.649680e-01
415 6.337080e-01 1.128000e-03 3.651640e-01
416 6.335440e-01 1.116000e-03 3.653400e-01
417 6.333360e-01 1.160000e-03 3.655040e-01
418 6.331240e-01 1.164000e-03 3.657120e-01
419 6.328840e-01 1.168000e-03 3.659480e-01
420 6.326640e-01 1.164000e-03 3.661720e-01
421 6.324200e-01 1.220000e-03 3.663600e-01
422 6.322040e-01 1.264000e-03 3.665320e-01
423 6.319680e-01 1.280000e-03 3.667520e-01
424 6.317240e-01 1.348000e-03 3.669280e-01
425 6.314880e-01 1.372000e-03 3.671400e-01
426 6.312080e-01 1.408000e-03 3.673840e-01
427 6.309200e-01 1.424000e-03 3.676560e-01
428 6.307040e-01 1.340000e-03 3.679560e-01
429 6.304320e-01 1.376000e-03 3.681920e-01
430 6.302400e-01 1.304000e-03 3.684560e-01
431 6.300400e-01 1.304000e-03 3.686560e-01
432 6.298480e-01 1.276000e-03 3.688760e-01
433 6.296160e-01 1.288000e-03 3.690960e-01
434 6.294240e-01 1.260000e-03 3.693160e-01
435 6.292400e-01 1.256000e-03 3.695040e-01
436 6.289560e-01 1.320000e-03 3.697240e-01
437 6.287600e-01 1.216000e-03 3.700240e-01
438 6.285560e-01 1.180000e-03 3.702640e-01
439 6.283560e-01 1.184000e-03 3.704600e-01
440 6.281640e-01 1.200000e-03 3.706360e-01
441 6.279520e-01 1.212000e-03 3.708360e-01
442 6.277320e-01 1.228000e-03 3.710400e-01
443 6.274600e-01 1.268000e-03 3.712720e-01
444 6.272560e-01 1.248000e-03 3.714960e-01
445 6.270880e-01 1.200000e-03 3.717120e-01
446 6.268920e-01 1.196000e-03 3.719120e-01
447 6.266640e-01 1.252000e-03 3.720840e-01
448 6.264520e-01 1.260000e-03 3.722880e-01
449 6.262520e-01 1.292000e-03 3.724560e-01
450 6.260960e-01 1.224000e-03 3.726800e-01
451 6.258880e-01 1.244000e-03 3.728680e-01
452 6.256680e-01 1.260000e-03 3.730720e-01
453 6.254160e-01 1.324000e-03 3.732600e-01
454 6.252240e-01 1.292000e-03 3.734840e-01
455 6.250320e-01 1.320000e-03 3.736480e-01
456 6.248400e-01 1.356000e-03 3.738040e-01
457 6.246120e-01 1.356000e-03 3.740320e-01
458 6.243480e-01 1.368000e-03 3.742840e-01
459 6.241360e-01 1.336000e-03 3.745280e-01
460 6.239560e-01 1.292000e-03 3.747520e-01
461 6.237280e-01 1.268000e-03 3.750040e-01
462 6.235880e-01 1.180000e-03 3.752320e-01
463 6.234280e-01 1.128000e-03 3.754440e-01
464 6.232600e-01 1.100000e-03 3.756400e-01
465 6.230400e-01 1.120000e-03 3.758400e-01
466 6.228000e-01 1.140000e-03 3.760600e-01
467 6.226120e-01 1.108000e-03 3.762800e-01
468 6.224280e-01 1.104000e-03 3.764680e-01
469 6.222640e-01 1.076000e-03 3.766600e-01
470 6.220640e-01 1.100000e-03 3.768360e-01
471 6.218960e-01 1.064000e-03 3.770400e-01
472 6.217360e-01 1.056000e-03 3.772080e-01
473 6.215200e-01 1.072000e-03 3.774080e-01
474 6.213080e-01 1.084000e-03 3.776080e-01
475 6.211000e-01 1.064000e-03 3.778360e-01
476 6.209640e-01 1.036000e-03 3.780000e-01
477 6.208000e-01 9.800000e-04 3.782200e-01
478 6.206200e-01 9.600000e-04 3.784200e-01
479 6.205120e-01 9.160000e-04 3.785720e-01
480 6.203280e-01 9.040000e-04 3.787680e-01
481 6.201760e-01 9.280000e-04 3.788960e-01
482 6.199760e-01 9.840000e-04 3.790400e-01
483 6.197720e-01 1.032000e-03 3.791960e-01
484 6.195840e-01 1.036000e-03 3.793800e-01
485 6.193400e-01 1.096000e-03 3.795640e-01
486 6.191520e-01 1.116000e-03 3.797320e-01
487 6.189120e-01 1.172000e-03 3.799160e-01
488 6.187320e-01 1.200000e-03 3.800680e-01
489 6.184800e-01 1.276000e-03 3.802440e-01
490 6.182760e-01 1.264000e-03 3.804600e-01
491 6.180520e-01 1.324000e-03 3.806240e-01
492 6.178560e-01 1.308000e-03 3.808360e-01
493 6.176360e-01 1.344000e-03 3.810200e-01
494 6.174320e-01 1.296000e-03 3.812720e-01
495 6.172440e-01 1.312000e-03 3.814440e-01
496 6.170560e-01 1.232000e-03 3.817120e-01
497 6.169120e-01 1.152000e-03 3.819360e-01
498 6.167760e-01 1.064000e-03 3.821600e-01
499 6.166240e-01 1.060000e-03 3.823160e-01
500 6.164680e-01 1.016000e-03 3.825160e-01
