1 9.991680e-01 6.920000e-04 1.400000e-04
2 9.986560e-01 1.080000e-03 2.640000e-04
3 9.979520e-01 1.532000e-03 5.160000e-04
4 9.972000e-01 1.956000e-03 8.440000e-04
5 9.964240e-01 2.248000e-03 1.328000e-03
6 9.957160e-01 2.524000e-03 1.760000e-03
7 9.949120e-01 2.872000e-03 2.216000e-03
8 9.941120e-01 3.172000e-03 2.716000e-03
9 9.931960e-01 3.556000e-03 3.248000e-03
10 9.921880e-01 3.892000e-03 3.920000e-03
11 9.912760e-01 4.196000e-03 4.528000e-03
12 9.902840e-01 4.408000e-03 5.308000e-03
13 9.891120e-01 4.780000e-03 6.108000e-03
14 9.880600e-01 5.032000e-03 6.908000e-03
15 9.868320e-01 5.320000e-03 7.848000e-03
16 9.858200e-01 5.368000e-03 8.812000e-03
17 9.848040e-01 5.464000e-03 9.732000e-03
18 9.837000e-01 5.628000e-03 1.067200e-02
19 9.824840e-01 5.864000e-03 1.165200e-02
20 9.814680e-01 5.880000e-03 1.265200e-02
21 9.802800e-01 6.056000e-03 1.366400e-02
22 9.791440e-01 6.012000e-03 1.484400e-02
23 9.781400e-01 5.948000e-03 1.591200e-02
24 9.770040e-01 6.068000e-03 1.692800e-02
25 9.758800e-01 6.224000e-03 1.789600e-02
26 9.746440e-01 6.340000e-03 1.901600e-02
27 9.734200e-01 6.512000e-03 2.006800e-02
28 9.721960e-01 6.624000e-03 2.118000e-02
29 9.709520e-01 6.672000e-03 2.237600e-02
30 9.695280e-01 6.936000e-03 2.353600e-02
31 9.683160e-01 6.880000e-03 2.480400e-02
32 9.669880e-01 7.036000e-03 2.597600e-02
33 9.657040e-01 7.084000e-03 2.721200e-02
34 9.644720e-01 7.044000e-03 2.848400e-02
35 9.633120e-01 6.904000e-03 2.978400e-02
36 9.619160e-01 7.040000e-03 3.104400e-02
37 9.607160e-01 6.916000e-03 3.236800e-02
38 9.595520e-01 6.832000e-03 3.361600e-02
39 9.582680e-01 6.900000e-03 3.483200e-02
40 9.571200e-01 6.792000e-03 3.608800e-02
41 9.558000e-01 6.936000e-03 3.726400e-02
42 9.544200e-01 7.128000e-03 3.845200e-02
43 9.530480e-01 7.240000e-03 3.971200e-02
44 9.517880e-01 7.176000e-03 4.103600e-02
45 9.504600e-01 7.268000e-03 4.227200e-02
46 9.489760e-01 7.364000e-03 4.366000e-02
47 9.475760e-01 7.508000e-03 4.491600e-02
48 9.462240e-01 7.604000e-03 4.617200e-02
49 9.449120e-01 7.720000e-03 4.736800e-02
50 9.435120e-01 7.788000e-03 4.870000e-02
51 9.420800e-01 7.872000e-03 5.004800e-02
52 9.406560e-01 7.972000e-03 5.137200e-02
53 9.392840e-01 7.952000e-03 5.276400e-02
54 9.378120e-01 8.112000e-03 5.407600e-02
55 9.364960e-01 8.100000e-03 5.540400e-02
56 9.350280e-01 8.192000e-03 5.678000e-02
57 9.335880e-01 8.148000e-03 5.826400e-02
58 9.322440e-01 8.068000e-03 5.968800e-02
59 9.309280e-01 7.944000e-03 6.112800e-02
60 9.294400e-01 7.884000e-03 6.267600e-02
61 9.280880e-01 7.940000e-03 6.397200e-02
62 9.265520e-01 8.116000e-03 6.533200e-02
63 9.249680e-01 8.288000e-03 6.674400e-02
64 9.235240e-01 8.280000e-03 6.819600e-02
65 9.221480e-01 8.216000e-03 6.963600e-02
66 9.206680e-01 8.296000e-03 7.103600e-02
67 9.192600e-01 8.236000e-03 7.250400e-02
68 9.179200e-01 8.088000e-03 7.399200e-02
69 9.164000e-01 8.348000e-03 7.525200e-02
70 9.149720e-01 8.280000e-03 7.674800e-02
71 9.136800e-01 8.236000e-03 7.808400e-02
72 9.123280e-01 8.104000e-03 7.956800e-02
73 9.111080e-01 8.020000e-03 8.087200e-02
74 9.096680e-01 8.048000e-03 8.228400e-02
75 9.082400e-01 8.064000e-03 8.369600e-02
76 9.070440e-01 7.844000e-03 8.511200e-02
77 9.058800e-01 7.504000e-03 8.661600e-02
78 9.044640e-01 7.584000e-03 8.795200e-02
79 9.029080e-01 7.868000e-03 8.922400e-02
80 9.014280e-01 8.100000e-03 9.047200e-02
81 8.999480e-01 8.092000e-03 9.196000e-02
82 8.985400e-01 8.012000e-03 9.344800e-02
83 8.971280e-01 7.952000e-03 9.492000e-02
84 8.957400e-01 7.936000e-03 9.632400e-02
85 8.943840e-01 7.920000e-03 9.769600e-02
86 8.931000e-01 7.720000e-03 9.918000e-02
87 8.917240e-01 7.796000e-03 1.004800e-01
88 8.903640e-01 7.804000e-03 1.018320e-01
89 8.891840e-01 7.604000e-03 1.032120e-01
90 8.878160e-01 7.596000e-03 1.045880e-01
91 8.864320e-01 7.588000e-03 1.059800e-01
92 8.851200e-01 7.548000e-03 1.073320e-01
93 8.838280e-01 7.600000e-03 1.085720e-01
94 8.826680e-01 7.620000e-03 1.097120e-01
95 8.815120e-01 7.392000e-03 1.110960e-01
96 8.802400e-01 7.504000e-03 1.122560e-01
97 8.789520e-01 7.536000e-03 1.135120e-01
98 8.776640e-01 7.508000e-03 1.148280e-01
99 8.764440e-01 7.480000e-03 1.160760e-01
100 8.750600e-01 7.488000e-03 1.174520e-01
101 8.736840e-01 7.556000e-03 1.187600e-01
102 8.725280e-01 7.432000e-03 1.200400e-01
103 8.713960e-01 7.228000e-03 1.213760e-01
104 8.702600e-01 6.984000e-03 1.227560e-01
105 8.691160e-01 6.904000e-03 1.239800e-01
106 8.678040e-01 7.012000e-03 1.251840e-01
107 8.665760e-01 6.976000e-03 1.264480e-01
108 8.653240e-01 6.948000e-03 1.277280e-01
109 8.642400e-01 6.800000e-03 1.289600e-01
110 8.631680e-01 6.648000e-03 1.301840e-01
111 8.620280e-01 6.584000e-03 1.313880e-01
112 8.608360e-01 6.660000e-03 1.325040e-01
113 8.596440e-01 6.720000e-03 1.336360e-01
114 8.584640e-01 6.692000e-03 1.348440e-01
115 8.573120e-01 6.740000e-03 1.359480e-01
116 8.560160e-01 6.840000e-03 1.371440e-01
117 8.548200e-01 6.972000e-03 1.382080e-01
118 8.535680e-01 6.972000e-03 1.394600e-01
119 8.524080e-01 7.004000e-03 1.405880e-01
120 8.512640e-01 6.936000e-03 1.418000e-01
121 8.499760e-01 7.040000e-03 1.429840e-01
122 8.485920e-01 7.136000e-03 1.442720e-01
123 8.472040e-01 7.268000e-03 1.455280e-01
124 8.460840e-01 7.068000e-03 1.468480e-01
125 8.448560e-01 7.080000e-03 1.480640e-01
126 8.437520e-01 6.888000e-03 1.493600e-01
127 8.425600e-01 6.852000e-03 1.505880e-01
128 8.413680e-01 6.932000e-03 1.517000e-01
129 8.401360e-01 7.028000e-03 1.528360e-01
130 8.389880e-01 6.872000e-03 1.541400e-01
131 8.380040e-01 6.552000e-03 1.554440e-01
132 8.368680e-01 6.580000e-03 1.565520e-01
133 8.357720e-01 6.512000e-03 1.577160e-01
134 8.347120e-01 6.480000e-03 1.588080e-01
135 8.336120e-01 6.556000e-03 1.598320e-01
136 8.325440e-01 6.424000e-03 1.610320e-01
137 8.313120e-01 6.572000e-03 1.621160e-01
138 8.301560e-01 6.516000e-03 1.633280e-01
139 8.290760e-01 6.448000e-03 1.644760e-01
140 8.279760e-01 6.440000e-03 1.655840e-01
141 8.267800e-01 6.424000e-03 1.667960e-01
142 8.255480e-01 6.480000e-03 1.679720e-01
143 8.243000e-01 6.620000e-03 1.690800e-01
144 8.230200e-01 6.728000e-03 1.702520e-01
145 8.218680e-01 6.700000e-03 1.714320e-01
146 8.206040e-01 6.884000e-03 1.725120e-01
147 8.194960e-01 6.864000e-03 1.736400e-01
148 8.182840e-01 6.840000e-03 1.748760e-01
149 8.170240e-01 6.940000e-03 1.760360e-01
150 8.159160e-01 6.884000e-03 1.772000e-01
151 8.145520e-01 7.092000e-03 1.783560e-01
152 8.132600e-01 7.060000e-03 1.796800e-01
153 8.119120e-01 7.096000e-03 1.809920e-01
154 8.106400e-01 7.140000e-03 1.822200e-01
155 8.093840e-01 7.096000e-03 1.835200e-01
156 8.080840e-01 7.320000e-03 1.845960e-01
157 8.069200e-01 7.328000e-03 1.857520e-01
158 8.056160e-01 7.300000e-03 1.870840e-01
159 8.042560e-01 7.400000e-03 1.883440e-01
160 8.028480e-01 7.568000e-03 1.895840e-01
161 8.014800e-01 7.692000e-03 1.908280e-01
162 8.000480e-01 7.832000e-03 1.921200e-01
163 7.985760e-01 7.864000e-03 1.935600e-01
164 7.970000e-01 8.096000e-03 1.949040e-01
165 7.956960e-01 8.036000e-03 1.962680e-01
166 7.942160e-01 8.064000e-03 1.977200e-01
167 7.928160e-01 8.000000e-03 1.991840e-01
168 7.913600e-01 8.056000e-03 2.005840e-01
169 7.900160e-01 8.024000e-03 2.019600e-01
170 7.887120e-01 7.888000e-03 2.034000e-01
171 7.873200e-01 7.880000e-03 2.048000e-01
172 7.860280e-01 7.848000e-03 2.061240e-01
173 7.847400e-01 7.768000e-03 2.074920e-01
174 7.835160e-01 7.656000e-03 2.088280e-01
175 7.822840e-01 7.540000e-03 2.101760e-01
176 7.810520e-01 7.500000e-03 2.114480e-01
177 7.796880e-01 7.660000e-03 2.126520e-01
178 7.783920e-01 7.660000e-03 2.139480e-01
179 7.770960e-01 7.672000e-03 2.152320e-01
180 7.760040e-01 7.432000e-03 2.165640e-01
181 7.747840e-01 7.316000e-03 2.179000e-01
182 7.737080e-01 7.180000e-03 2.191120e-01
183 7.725360e-01 7.108000e-03 2.203560e-01
184 7.712920e-01 7.188000e-03 2.215200e-01
185 7.700240e-01 7.144000e-03 2.228320e-01
186 7.688800e-01 7.012000e-03 2.241080e-01
187 7.678880e-01 6.796000e-03 2.253160e-01
188 7.667680e-01 6.696000e-03 2.265360e-01
189 7.657640e-01 6.536000e-03 2.277000e-01
190 7.647680e-01 6.300000e-03 2.289320e-01
191 7.635680e-01 6.396000e-03 2.300360e-01
192 7.624400e-01 6.372000e-03 2.311880e-01
193 7.613600e-01 6.396000e-03 2.322440e-01
194 7.603680e-01 6.248000e-03 2.333840e-01
195 7.593640e-01 6.252000e-03 2.343840e-01
196 7.581720e-01 6.348000e-03 2.354800e-01
197 7.569920e-01 6.316000e-03 2.366920e-01
198 7.559360e-01 6.296000e-03 2.377680e-01
199 7.548960e-01 6.248000e-03 2.388560e-01
200 7.538480e-01 6.144000e-03 2.400080e-01
201 7.528440e-01 6.096000e-03 2.410600e-01
202 7.517920e-01 6.064000e-03 2.421440e-01
203 7.506560e-01 6.240000e-03 2.431040e-01
204 7.496720e-01 6.112000e-03 2.442160e-01
205 7.486800e-01 5.972000e-03 2.453480e-01
206 7.477440e-01 5.756000e-03 2.465000e-01
207 7.468640e-01 5.612000e-03 2.475240e-01
208 7.459080e-01 5.632000e-03 2.484600e-01
209 7.448840e-01 5.652000e-03 2.494640e-01
210 7.439760e-01 5.684000e-03 2.503400e-01
211 7.428640e-01 5.832000e-03 2.513040e-01
212 7.419600e-01 5.676000e-03 2.523640e-01
213 7.411920e-01 5.464000e-03 2.533440e-01
214 7.403240e-01 5.424000e-03 2.542520e-01
215 7.394480e-01 5.284000e-03 2.552680e-01
216 7.385760e-01 5.224000e-03 2.562000e-01
217 7.377080e-01 5.120000e-03 2.571720e-01
218 7.369600e-01 4.904000e-03 2.581360e-01
219 7.361600e-01 4.912000e-03 2.589280e-01
220 7.352840e-01 4.892000e-03 2.598240e-01
221 7.344680e-01 4.840000e-03 2.606920e-01
222 7.336440e-01 4.836000e-03 2.615200e-01
223 7.329320e-01 4.736000e-03 2.623320e-01
224 7.320800e-01 4.752000e-03 2.631680e-01
225 7.313240e-01 4.864000e-03 2.638120e-01
226 7.305240e-01 4.736000e-03 2.647400e-01
227 7.295560e-01 4.896000e-03 2.655480e-01
228 7.286760e-01 4.924000e-03 2.664000e-01
229 7.277840e-01 4.836000e-03 2.673800e-01
230 7.269000e-01 4.904000e-03 2.681960e-01
231 7.259240e-01 4.924000e-03 2.691520e-01
232 7.250880e-01 4.860000e-03 2.700520e-01
233 7.241040e-01 5.016000e-03 2.708800e-01
234 7.232800e-01 4.912000e-03 2.718080e-01
235 7.223640e-01 4.892000e-03 2.727440e-01
236 7.215440e-01 4.832000e-03 2.736240e-01
237 7.207400e-01 4.848000e-03 2.744120e-01
238 7.199360e-01 4.848000e-03 2.752160e-01
239 7.191400e-01 4.768000e-03 2.760920e-01
240 7.182880e-01 4.764000e-03 2.769480e-01
241 7.174360e-01 4.752000e-03 2.778120e-01
242 7.166440e-01 4.772000e-03 2.785840e-01
243 7.158160e-01 4.744000e-03 2.794400e-01
244 7.149600e-01 4.776000e-03 2.802640e-01
245 7.140840e-01 4.820000e-03 2.810960e-01
246 7.131840e-01 4.912000e-03 2.819040e-01
247 7.123360e-01 4.996000e-03 2.826680e-01
248 7.113800e-01 5.060000e-03 2.835600e-01
249 7.104680e-01 5.100000e-03 2.844320e-01
250 7.096040e-01 5.140000e-03 2.852560e-01
251 7.086360e-01 5.276000e-03 2.860880e-01
252 7.078200e-01 5.108000e-03 2.870720e-01
253 7.069560e-01 5.188000e-03 2.878560e-01
254 7.060400e-01 5.208000e-03 2.887520e-01
255 7.052400e-01 5.136000e-03 2.896240e-01
256 7.044120e-01 5.088000e-03 2.905000e-01
257 7.033520e-01 5.232000e-03 2.914160e-01
258 7.023640e-01 5.264000e-03 2.923720e-01
259 7.014160e-01 5.276000e-03 2.933080e-01
260 7.006160e-01 5.160000e-03 2.942240e-01
261 6.997480e-01 5.236000e-03 2.950160e-01
262 6.987080e-01 5.296000e-03 2.959960e-01
263 6.979280e-01 5.040000e-03 2.970320e-01
264 6.969160e-01 5.096000e-03 2.979880e-01
265 6.960400e-01 5.096000e-03 2.988640e-01
266 6.951800e-01 5.056000e-03 2.997640e-01
267 6.943800e-01 4.996000e-03 3.006240e-01
268 6.935920e-01 4.920000e-03 3.014880e-01
269 6.927400e-01 4.924000e-03 3.023360e-01
270 6.919640e-01 4.824000e-03 3.032120e-01
271 6.911400e-01 4.860000e-03 3.040000e-01
272 6.903240e-01 4.776000e-03 3.049000e-01
273 6.893920e-01 4.904000e-03 3.057040e-01
274 6.885560e-01 4.780000e-03 3.066640e-01
275 6.877360e-01 4.756000e-03 3.075080e-01
276 6.870160e-01 4.660000e-03 3.083240e-01
277 6.862640e-01 4.532000e-03 3.092040e-01
278 6.855240e-01 4.512000e-03 3.099640e-01
279 6.847920e-01 4.400000e-03 3.108080e-01
280 6.841720e-01 4.168000e-03 3.116600e-01
281 6.835200e-01 4.104000e-03 3.123760e-01
282 6.828680e-01 3.988000e-03 3.131440e-01
283 6.821320e-01 4.048000e-03 3.138200e-01
284 6.814640e-01 4.048000e-03 3.144880e-01
285 6.809160e-01 3.912000e-03 3.151720e-01
286 6.803480e-01 3.748000e-03 3.159040e-01
287 6.798000e-01 3.644000e-03 3.165560e-01
288 6.792120e-01 3.616000e-03 3.171720e-01
289 6.784840e-01 3.688000e-03 3.178280e-01
290 6.778160e-01 3.724000e-03 3.184600e-01
291 6.772200e-01 3.668000e-03 3.191120e-01
292 6.766560e-01 3.528000e-03 3.198160e-01
293 6.760240e-01 3.612000e-03 3.203640e-01
294 6.754320e-01 3.584000e-03 3.209840e-01
295 6.747880e-01 3.596000e-03 3.216160e-01
296 6.740240e-01 3.740000e-03 3.222360e-01
297 6.733800e-01 3.672000e-03 3.229480e-01
298 6.728000e-01 3.624000e-03 3.235760e-01
299 6.721600e-01 3.636000e-03 3.242040e-01
300 6.715720e-01 3.612000e-03 3.248160e-01
301 6.709960e-01 3.560000e-03 3.254440e-01
302 6.704400e-01 3.608000e-03 3.259520e-01
303 6.699720e-01 3.536000e-03 3.264920e-01
304 6.694520e-01 3.452000e-03 3.270960e-01
305 6.689560e-01 3.380000e-03 3.276640e-01
306 6.684440e-01 3.324000e-03 3.282320e-01
307 6.679480e-01 3.224000e-03 3.288280e-01
308 6.674560e-01 3.168000e-03 3.293760e-01
309 6.669560e-01 3.132000e-03 3.299120e-01
310 6.664800e-01 3.008000e-03 3.305120e-01
311 6.660520e-01 2.952000e-03 3.309960e-01
312 6.656480e-01 2.864000e-03 3.314880e-01
313 6.652560e-01 2.808000e-03 3.319360e-01
314 6.647680e-01 2.748000e-03 3.324840e-01
315 6.643440e-01 2.684000e-03 3.329720e-01
316 6.638960e-01 2.628000e-03 3.334760e-01
317 6.633840e-01 2.568000e-03 3.340480e-01
318 6.629760e-01 2.468000e-03 3.345560e-01
319 6.625560e-01 2.436000e-03 3.350080e-01
320 6.621080e-01 2.448000e-03 3.354440e-01
321 6.616400e-01 2.528000e-03 3.358320e-01
322 6.612320e-01 2.484000e-03 3.362840e-01
323 6.607560e-01 2.536000e-03 3.367080e-01
324 6.603120e-01 2.576000e-03 3.371120e-01
325 6.597840e-01 2.676000e-03 3.375400e-01
326 6.593280e-01 2.604000e-03 3.380680e-01
327 6.588360e-01 2.620000e-03 3.385440e-01
328 6.584080e-01 2.552000e-03 3.390400e-01
329 6.579400e-01 2.600000e-03 3.394600e-01
330 6.575440e-01 2.500000e-03 3.399560e-01
331 6.571640e-01 2.412000e-03 3.404240e-01
332 6.567840e-01 2.424000e-03 3.407920e-01
333 6.563920e-01 2.344000e-03 3.412640e-01
334 6.559720e-01 2.292000e-03 3.417360e-01
335 6.556440e-01 2.112000e-03 3.422440e-01
336 6.553400e-01 2.076000e-03 3.425840e-01
337 6.549840e-01 2.092000e-03 3.429240e-01
338 6.546760e-01 1.972000e-03 3.433520e-01
339 6.543360e-01 2.004000e-03 3.436600e-01
340 6.539400e-01 2.080000e-03 3.439800e-01
341 6.536360e-01 1.980000e-03 3.443840e-01
342 6.533520e-01 1.892000e-03 3.447560e-01
343 6.530320e-01 1.800000e-03 3.451680e-01
344 6.526680e-01 1.824000e-03 3.455080e-01
345 6.523920e-01 1.772000e-03 3.458360e-01
346 6.521520e-01 1.724000e-03 3.461240e-01
347 6.518800e-01 1.656000e-03 3.464640e-01
348 6.515960e-01 1.640000e-03 3.467640e-01
349 6.513680e-01 1.556000e-03 3.470760e-01
350 6.510760e-01 1.592000e-03 3.473320e-01
351 6.507600e-01 1.696000e-03 3.475440e-01
352 6.504560e-01 1.700000e-03 3.478440e-01
353 6.501600e-01 1.704000e-03 3.481360e-01
354 6.498520e-01 1.736000e-03 3.484120e-01
355 6.495480e-01 1.716000e-03 3.487360e-01
356 6.492360e-01 1.784000e-03 3.489800e-01
357 6.489680e-01 1.688000e-03 3.493440e-01
358 6.487000e-01 1.680000e-03 3.496200e-01
359 6.484360e-01 1.684000e-03 3.498800e-01
360 6.481880e-01 1.608000e-03 3.502040e-01
361 6.478720e-01 1.628000e-03 3.505000e-01
362 6.476120e-01 1.612000e-03 3.507760e-01
363 6.473160e-01 1.620000e-03 3.510640e-01
364 6.471000e-01 1.592000e-03 3.513080e-01
365 6.468360e-01 1.584000e-03 3.515800e-01
366 6.465680e-01 1.572000e-03 3.518600e-01
367 6.462920e-01 1.532000e-03 3.521760e-01
368 6.461040e-01 1.444000e-03 3.524520e-01
369 6.458760e-01 1.464000e-03 3.526600e-01
370 6.456280e-01 1.484000e-03 3.528880e-01
371 6.453400e-01 1.484000e-03 3.531760e-01
372 6.450960e-01 1.460000e-03 3.534440e-01
373 6.448520e-01 1.488000e-03 3.536600e-01
374 6.445760e-01 1.500000e-03 3.539240e-01
375 6.443160e-01 1.460000e-03 3.542240e-01
376 6.440200e-01 1.536000e-03 3.544440e-01
377 6.437920e-01 1.504000e-03 3.547040e-01
378 6.435880e-01 1.428000e-03 3.549840e-01
379 6.432640e-01 1.492000e-03 3.552440e-01
380 6.430160e-01 1.496000e-03 3.554880e-01
381 6.427800e-01 1.456000e-03 3.557640e-01
382 6.425200e-01 1.472000e-03 3.560080e-01
383 6.422400e-01 1.508000e-03 3.562520e-01
384 6.419160e-01 1.544000e-03 3.565400e-01
385 6.416160e-01 1.576000e-03 3.568080e-01
386 6.413680e-01 1.528000e-03 3.571040e-01
387 6.411680e-01 1.496000e-03 3.573360e-01
388 6.409560e-01 1.492000e-03 3.575520e-01
389 6.407920e-01 1.436000e-03 3.577720e-01
390 6.405560e-01 1.328000e-03 3.581160e-01
391 6.403360e-01 1.348000e-03 3.583160e-01
392 6.400920e-01 1.360000e-03 3.585480e-01
393 6.398800e-01 1.328000e-03 3.587920e-01
394 6.397080e-01 1.244000e-03 3.590480e-01
395 6.395320e-01 1.196000e-03 3.592720e-01
396 6.393520e-01 1.128000e-03 3.595200e-01
397 6.391800e-01 1.100000e-03 3.597200e-01
398 6.389960e-01 1.104000e-03 3.599000e-01
399 6.388560e-01 1.060000e-03 3.600840e-01
400 6.387480e-01 9.560000e-04 3.602960e-01
401 6.385480e-01 9.760000e-04 3.604760e-01
402 6.384320e-01 9.320000e-04 3.606360e-01
403 6.382840e-01 9.040000e-04 3.608120e-01
404 6.381280e-01 8.800000e-04 3.609920e-01
405 6.380000e-01 8.760000e-04 3.611240e-01
406 6.378680e-01 8.560000e-04 3.612760e-01
407 6.376840e-01 9.000000e-04 3.614160e-01
408 6.374720e-01 9.600000e-04 3.615680e-01
409 6.373280e-01 9.600000e-04 3.617120e-01
410 6.371720e-01 9.560000e-04 3.618720e-01
411 6.369880e-01 9.720000e-04 3.620400e-01
412 6.368120e-01 9.920000e-04 3.621960e-01
413 6.366720e-01 9.720000e-04 3.623560e-01
414 6.365040e-01 9.720000e-04 3.625240e-01
415 6.363200e-01 1.000000e-03 3.626800e-01
416 6.361640e-01 9.320000e-04 3.629040e-01
417 6.360320e-01 8.600000e-04 3.631080e-01
418 6.358800e-01 8.720000e-04 3.632480e-01
419 6.356880e-01 8.880000e-04 3.634240e-01
420 6.355040e-01 9.600000e-04 3.635360e-01
421 6.353800e-01 8.800000e-04 3.637400e-01
422 6.352200e-01 8.640000e-04 3.639160e-01
423 6.350880e-01 8.560000e-04 3.640560e-01
424 6.349480e-01 8.920000e-04 3.641600e-01
425 6.347520e-01 9.360000e-04 3.643120e-01
426 6.345680e-01 9.840000e-04 3.644480e-01
427 6.343840e-01 1.012000e-03 3.646040e-01
428 6.342160e-01 9.520000e-04 3.648320e-01
429 6.340280e-01 9.880000e-04 3.649840e-01
430 6.338600e-01 9.760000e-04 3.651640e-01
431 6.336840e-01 9.880000e-04 3.653280e-01
432 6.334960e-01 9.720000e-04 3.655320e-01
433 6.333640e-01 8.920000e-04 3.657440e-01
434 6.331920e-01 9.000000e-04 3.659080e-01
435 6.329960e-01 9.200000e-04 3.660840e-01
436 6.328360e-01 9.080000e-04 3.662560e-01
437 6.327000e-01 8.560000e-04 3.664440e-01
438 6.325600e-01 8.640000e-04 3.665760e-01
439 6.324320e-01 8.360000e-04 3.667320e-01
440 6.323280e-01 8.240000e-04 3.668480e-01
441 6.322080e-01 8.040000e-04 3.669880e-01
442 6.321400e-01 7.120000e-04 3.671480e-01
443 6.320640e-01 6.640000e-04 3.672720e-01
444 6.319920e-01 6.200000e-04 3.673880e-01
445 6.319080e-01 5.800000e-04 3.675120e-01
446 6.318280e-01 5.760000e-04 3.675960e-01
447 6.317640e-01 5.440000e-04 3.676920e-01
448 6.316760e-01 5.360000e-04 3.677880e-01
449 6.315960e-01 5.280000e-04 3.678760e-01
450 6.315040e-01 5.440000e-04 3.679520e-01
451 6.313640e-01 6.160000e-04 3.680200e-01
452 6.312840e-01 5.920000e-04 3.681240e-01
453 6.312200e-01 5.600000e-04 3.682200e-01
454 6.311560e-01 5.200000e-04 3.683240e-01
455 6.311160e-01 4.880000e-04 3.683960e-01
456 6.310640e-01 4.560000e-04 3.684800e-01
457 6.310080e-01 4.320000e-04 3.685600e-01
458 6.309480e-01 4.080000e-04 3.686440e-01
459 6.308880e-01 4.160000e-04 3.686960e-01
460 6.308200e-01 4.280000e-04 3.687520e-01
461 6.307480e-01 4.280000e-04 3.688240e-01
462 6.306880e-01 4.320000e-04 3.688800e-01
463 6.306320e-01 4.160000e-04 3.689520e-01
464 6.305680e-01 4.000000e-04 3.690320e-01
465 6.305160e-01 3.760000e-04 3.691080e-01
466 6.304400e-01 3.760000e-04 3.691840e-01
467 6.303680e-01 3.880000e-04 3.692440e-01
468 6.302760e-01 4.360000e-04 3.692880e-01
469 6.301680e-01 4.680000e-04 3.693640e-01
470 6.300800e-01 4.360000e-04 3.694840e-01
471 6.299520e-01 4.640000e-04 3.695840e-01
472 6.298520e-01 4.880000e-04 3.696600e-01
473 6.297920e-01 4.640000e-04 3.697440e-01
474 6.297200e-01 4.720000e-04 3.698080e-01
475 6.296440e-01 4.240000e-04 3.699320e-01
476 6.295560e-01 4.440000e-04 3.700000e-01
477 6.295200e-01 4.120000e-04 3.700680e-01
478 6.294200e-01 4.280000e-04 3.701520e-01
479 6.293440e-01 4.320000e-04 3.702240e-01
480 6.292760e-01 4.200000e-04 3.703040e-01
481 6.291960e-01 4.200000e-04 3.703840e-01
482 6.291200e-01 4.320000e-04 3.704480e-01
483 6.290320e-01 4.600000e-04 3.705080e-01
484 6.289600e-01 4.480000e-04 3.705920e-01
485 6.288760e-01 4.360000e-04 3.706880e-01
486 6.288320e-01 4.000000e-04 3.707680e-01
487 6.287400e-01 4.000000e-04 3.708600e-01
488 6.286520e-01 4.280000e-04 3.709200e-01
489 6.285320e-01 4.880000e-04 3.709800e-01
490 6.284080e-01 5.240000e-04 3.710680e-01
491 6.283280e-01 4.920000e-04 3.711800e-01
492 6.282320e-01 5.080000e-04 3.712600e-01
493 6.281560e-01 4.800000e-04 3.713640e-01
494 6.280920e-01 4.320000e-04 3.714760e-01
495 6.279920e-01 4.640000e-04 3.715440e-01
496 6.278560e-01 5.240000e-04 3.716200e-01
497 6.277720e-01 5.160000e-04 3.717120e-01
498 6.276680e-01 5.200000e-04 3.718120e-01
499 6.275040e-01 6.040000e-04 3.718920e-01
500 6.273440e-01 6.720000e-04 3.719840e-01
