1 9.991040e-01 8.040000e-04 9.200000e-05
2 9.985360e-01 1.232000e-03 2.320000e-04
3 9.978400e-01 1.700000e-03 4.600000e-04
4 9.970120e-01 2.148000e-03 8.400000e-04
5 9.961560e-01 2.576000e-03 1.268000e-03
6 9.951640e-01 3.064000e-03 1.772000e-03
7 9.941840e-01 3.548000e-03 2.268000e-03
8 9.931000e-01 3.996000e-03 2.904000e-03
9 9.920280e-01 4.324000e-03 3.648000e-03
10 9.908600e-01 4.696000e-03 4.444000e-03
11 9.896240e-01 5.076000e-03 5.300000e-03
12 9.883480e-01 5.452000e-03 6.200000e-03
13 9.869120e-01 5.904000e-03 7.184000e-03
14 9.854400e-01 6.300000e-03 8.260000e-03
15 9.840560e-01 6.564000e-03 9.380000e-03
16 9.829280e-01 6.564000e-03 1.050800e-02
17 9.817600e-01 6.604000e-03 1.163600e-02
18 9.805040e-01 6.536000e-03 1.296000e-02
19 9.793240e-01 6.592000e-03 1.408400e-02
20 9.780120e-01 6.736000e-03 1.525200e-02
21 9.767800e-01 6.676000e-03 1.654400e-02
22 9.752800e-01 7.036000e-03 1.768400e-02
23 9.739680e-01 7.048000e-03 1.898400e-02
24 9.726000e-01 7.248000e-03 2.015200e-02
25 9.710000e-01 7.512000e-03 2.148800e-02
26 9.696120e-01 7.568000e-03 2.282000e-02
27 9.681040e-01 7.812000e-03 2.408400e-02
28 9.665320e-01 8.016000e-03 2.545200e-02
29 9.650400e-01 8.116000e-03 2.684400e-02
30 9.634320e-01 8.288000e-03 2.828000e-02
31 9.618920e-01 8.328000e-03 2.978000e-02
32 9.604640e-01 8.064000e-03 3.147200e-02
33 9.591040e-01 8.052000e-03 3.284400e-02
34 9.576960e-01 8.116000e-03 3.418800e-02
35 9.562880e-01 8.008000e-03 3.570400e-02
36 9.548360e-01 8.044000e-03 3.712000e-02
37 9.533280e-01 8.124000e-03 3.854800e-02
38 9.519400e-01 8.116000e-03 3.994400e-02
39 9.504720e-01 8.224000e-03 4.130400e-02
40 9.491440e-01 8.116000e-03 4.274000e-02
41 9.476520e-01 8.140000e-03 4.420800e-02
42 9.462760e-01 8.100000e-03 4.562400e-02
43 9.448120e-01 8.028000e-03 4.716000e-02
44 9.433840e-01 8.148000e-03 4.846800e-02
45 9.420080e-01 8.040000e-03 4.995200e-02
46 9.406480e-01 8.024000e-03 5.132800e-02
47 9.393440e-01 7.876000e-03 5.278000e-02
48 9.378840e-01 7.908000e-03 5.420800e-02
49 9.364400e-01 8.092000e-03 5.546800e-02
50 9.348120e-01 8.460000e-03 5.672800e-02
51 9.331880e-01 8.584000e-03 5.822800e-02
52 9.315360e-01 8.652000e-03 5.981200e-02
53 9.300120e-01 8.744000e-03 6.124400e-02
54 9.285000e-01 8.784000e-03 6.271600e-02
55 9.269240e-01 8.748000e-03 6.432800e-02
56 9.255800e-01 8.492000e-03 6.592800e-02
57 9.239760e-01 8.692000e-03 6.733200e-02
58 9.222840e-01 8.816000e-03 6.890000e-02
59 9.206560e-01 8.960000e-03 7.038400e-02
60 9.190360e-01 8.960000e-03 7.200400e-02
61 9.174480e-01 8.808000e-03 7.374400e-02
62 9.158840e-01 8.932000e-03 7.518400e-02
63 9.144240e-01 8.760000e-03 7.681600e-02
64 9.127640e-01 8.848000e-03 7.838800e-02
65 9.111400e-01 8.940000e-03 7.992000e-02
66 9.094520e-01 9.112000e-03 8.143600e-02
67 9.077360e-01 9.216000e-03 8.304800e-02
68 9.062600e-01 8.944000e-03 8.479600e-02
69 9.045520e-01 9.192000e-03 8.625600e-02
70 9.030320e-01 9.092000e-03 8.787600e-02
71 9.012560e-01 9.244000e-03 8.950000e-02
72 8.996280e-01 9.268000e-03 9.110400e-02
73 8.980040e-01 9.196000e-03 9.280000e-02
74 8.964840e-01 9.164000e-03 9.435200e-02
75 8.948400e-01 9.144000e-03 9.601600e-02
76 8.931600e-01 9.160000e-03 9.768000e-02
77 8.917600e-01 8.992000e-03 9.924800e-02
78 8.902120e-01 8.868000e-03 1.009200e-01
79 8.888080e-01 8.784000e-03 1.024080e-01
80 8.873120e-01 8.644000e-03 1.040440e-01
81 8.856760e-01 8.684000e-03 1.056400e-01
82 8.842280e-01 8.668000e-03 1.071040e-01
83 8.828480e-01 8.552000e-03 1.086000e-01
84 8.812560e-01 8.564000e-03 1.101800e-01
85 8.794880e-01 8.948000e-03 1.115640e-01
86 8.778640e-01 8.960000e-03 1.131760e-01
87 8.761440e-01 8.988000e-03 1.148680e-01
88 8.745280e-01 8.960000e-03 1.165120e-01
89 8.729520e-01 8.956000e-03 1.180920e-01
90 8.713560e-01 8.976000e-03 1.196680e-01
91 8.698480e-01 8.852000e-03 1.213000e-01
92 8.683720e-01 8.848000e-03 1.227800e-01
93 8.670000e-01 8.592000e-03 1.244080e-01
94 8.654680e-01 8.700000e-03 1.258320e-01
95 8.639960e-01 8.660000e-03 1.273440e-01
96 8.626240e-01 8.472000e-03 1.289040e-01
97 8.612160e-01 8.384000e-03 1.304000e-01
98 8.598960e-01 8.316000e-03 1.317880e-01
99 8.586640e-01 8.128000e-03 1.332080e-01
100 8.571640e-01 8.268000e-03 1.345680e-01
101 8.558080e-01 8.248000e-03 1.359440e-01
102 8.543960e-01 8.208000e-03 1.373960e-01
103 8.529200e-01 8.308000e-03 1.387720e-01
104 8.515640e-01 8.172000e-03 1.402640e-01
105 8.501040e-01 8.200000e-03 1.416960e-01
106 8.487320e-01 8.120000e-03 1.431480e-01
107 8.474200e-01 8.012000e-03 1.445680e-01
108 8.460800e-01 7.984000e-03 1.459360e-01
109 8.447040e-01 8.060000e-03 1.472360e-01
110 8.432840e-01 8.096000e-03 1.486200e-01
111 8.417480e-01 8.260000e-03 1.499920e-01
112 8.402960e-01 8.328000e-03 1.513760e-01
113 8.388440e-01 8.268000e-03 1.528880e-01
114 8.373680e-01 8.300000e-03 1.543320e-01
115 8.358600e-01 8.324000e-03 1.558160e-01
116 8.344040e-01 8.292000e-03 1.573040e-01
117 8.329240e-01 8.372000e-03 1.587040e-01
118 8.314640e-01 8.432000e-03 1.601040e-01
119 8.300960e-01 8.408000e-03 1.614960e-01
120 8.286800e-01 8.240000e-03 1.630800e-01
121 8.273080e-01 8.280000e-03 1.644120e-01
122 8.258920e-01 8.328000e-03 1.657800e-01
123 8.244440e-01 8.352000e-03 1.672040e-01
124 8.230160e-01 8.284000e-03 1.687000e-01
125 8.217520e-01 8.164000e-03 1.700840e-01
126 8.204040e-01 8.072000e-03 1.715240e-01
127 8.190840e-01 7.940000e-03 1.729760e-01
128 8.176680e-01 8.000000e-03 1.743320e-01
129 8.162120e-01 8.016000e-03 1.757720e-01
130 8.146920e-01 8.084000e-03 1.772240e-01
131 8.131200e-01 8.228000e-03 1.786520e-01
132 8.115880e-01 8.296000e-03 1.801160e-01
133 8.101760e-01 8.248000e-03 1.815760e-01
134 8.086000e-01 8.424000e-03 1.829760e-01
135 8.070760e-01 8.528000e-03 1.843960e-01
136 8.056760e-01 8.336000e-03 1.859880e-01
137 8.043400e-01 8.124000e-03 1.875360e-01
138 8.029120e-01 8.008000e-03 1.890800e-01
139 8.015360e-01 7.908000e-03 1.905560e-01
140 8.000600e-01 8.048000e-03 1.918920e-01
141 7.986960e-01 8.116000e-03 1.931880e-01
142 7.973480e-01 8.024000e-03 1.946280e-01
143 7.959720e-01 8.036000e-03 1.959920e-01
144 7.945680e-01 8.032000e-03 1.974000e-01
145 7.933280e-01 7.868000e-03 1.988040e-01
146 7.920080e-01 7.904000e-03 2.000880e-01
147 7.905800e-01 7.932000e-03 2.014880e-01
148 7.893640e-01 7.736000e-03 2.029000e-01
149 7.881760e-01 7.496000e-03 2.043280e-01
150 7.870320e-01 7.416000e-03 2.055520e-01
151 7.859000e-01 7.316000e-03 2.067840e-01
152 7.846520e-01 7.364000e-03 2.079840e-01
153 7.833840e-01 7.400000e-03 2.092160e-01
154 7.822000e-01 7.208000e-03 2.105920e-01
155 7.809320e-01 7.144000e-03 2.119240e-01
156 7.797200e-01 7.120000e-03 2.131600e-01
157 7.786400e-01 6.904000e-03 2.144560e-01
158 7.775400e-01 6.776000e-03 2.156840e-01
159 7.763560e-01 6.784000e-03 2.168600e-01
160 7.751720e-01 6.776000e-03 2.180520e-01
161 7.739320e-01 6.832000e-03 2.192360e-01
162 7.727120e-01 6.812000e-03 2.204760e-01
163 7.714600e-01 6.912000e-03 2.216280e-01
164 7.701960e-01 6.860000e-03 2.229440e-01
165 7.688960e-01 6.888000e-03 2.242160e-01
166 7.679000e-01 6.584000e-03 2.255160e-01
167 7.667680e-01 6.564000e-03 2.266680e-01
168 7.655840e-01 6.536000e-03 2.278800e-01
169 7.643240e-01 6.688000e-03 2.289880e-01
170 7.631560e-01 6.600000e-03 2.302440e-01
171 7.618480e-01 6.660000e-03 2.314920e-01
172 7.606800e-01 6.748000e-03 2.325720e-01
173 7.593760e-01 6.800000e-03 2.338240e-01
174 7.581360e-01 6.720000e-03 2.351440e-01
175 7.568280e-01 6.896000e-03 2.362760e-01
176 7.556400e-01 6.800000e-03 2.375600e-01
177 7.545400e-01 6.656000e-03 2.388040e-01
178 7.534680e-01 6.604000e-03 2.399280e-01
179 7.523760e-01 6.568000e-03 2.410560e-01
180 7.511200e-01 6.672000e-03 2.422080e-01
181 7.500320e-01 6.516000e-03 2.434520e-01
182 7.489400e-01 6.500000e-03 2.445600e-01
183 7.479480e-01 6.364000e-03 2.456880e-01
184 7.468960e-01 6.396000e-03 2.467080e-01
185 7.459520e-01 6.256000e-03 2.477920e-01
186 7.448480e-01 6.260000e-03 2.488920e-01
187 7.436600e-01 6.284000e-03 2.500560e-01
188 7.425840e-01 6.260000e-03 2.511560e-01
189 7.415560e-01 6.204000e-03 2.522400e-01
190 7.405800e-01 6.172000e-03 2.532480e-01
191 7.394480e-01 6.296000e-03 2.542560e-01
192 7.385240e-01 6.092000e-03 2.553840e-01
193 7.375360e-01 6.080000e-03 2.563840e-01
194 7.364800e-01 6.120000e-03 2.574000e-01
195 7.354360e-01 6.208000e-03 2.583560e-01
196 7.344680e-01 6.172000e-03 2.593600e-01
197 7.334440e-01 6.228000e-03 2.603280e-01
198 7.323960e-01 6.240000e-03 2.613640e-01
199 7.313680e-01 6.296000e-03 2.623360e-01
200 7.303120e-01 6.324000e-03 2.633640e-01
201 7.292640e-01 6.284000e-03 2.644520e-01
202 7.281640e-01 6.316000e-03 2.655200e-01
203 7.270520e-01 6.296000e-03 2.666520e-01
204 7.259600e-01 6.260000e-03 2.677800e-01
205 7.250280e-01 6.172000e-03 2.688000e-01
206 7.239520e-01 6.224000e-03 2.698240e-01
207 7.229640e-01 6.052000e-03 2.709840e-01
208 7.221640e-01 5.728000e-03 2.721080e-01
209 7.212560e-01 5.648000e-03 2.730960e-01
210 7.203120e-01 5.584000e-03 2.741040e-01
211 7.195160e-01 5.340000e-03 2.751440e-01
212 7.187720e-01 5.168000e-03 2.760600e-01
213 7.179360e-01 5.084000e-03 2.769800e-01
214 7.171680e-01 5.020000e-03 2.778120e-01
215 7.164400e-01 4.908000e-03 2.786520e-01
216 7.157400e-01 4.772000e-03 2.794880e-01
217 7.151200e-01 4.516000e-03 2.803640e-01
218 7.144560e-01 4.388000e-03 2.811560e-01
219 7.137080e-01 4.356000e-03 2.819360e-01
220 7.128320e-01 4.400000e-03 2.827680e-01
221 7.120040e-01 4.472000e-03 2.835240e-01
222 7.111040e-01 4.532000e-03 2.843640e-01
223 7.102840e-01 4.492000e-03 2.852240e-01
224 7.093840e-01 4.516000e-03 2.861000e-01
225 7.087720e-01 4.344000e-03 2.868840e-01
226 7.080240e-01 4.388000e-03 2.875880e-01
227 7.073600e-01 4.336000e-03 2.883040e-01
228 7.064840e-01 4.476000e-03 2.890400e-01
229 7.055880e-01 4.588000e-03 2.898240e-01
230 7.047120e-01 4.696000e-03 2.905920e-01
231 7.038600e-01 4.648000e-03 2.914920e-01
232 7.030480e-01 4.724000e-03 2.922280e-01
233 7.022560e-01 4.800000e-03 2.929440e-01
234 7.014920e-01 4.672000e-03 2.938360e-01
235 7.007200e-01 4.584000e-03 2.946960e-01
236 6.999040e-01 4.624000e-03 2.954720e-01
237 6.991760e-01 4.528000e-03 2.962960e-01
238 6.983640e-01 4.544000e-03 2.970920e-01
239 6.975960e-01 4.404000e-03 2.980000e-01
240 6.967080e-01 4.544000e-03 2.987480e-01
241 6.958600e-01 4.608000e-03 2.995320e-01
242 6.950120e-01 4.684000e-03 3.003040e-01
243 6.940880e-01 4.788000e-03 3.011240e-01
244 6.932360e-01 4.752000e-03 3.020120e-01
245 6.923480e-01 4.776000e-03 3.028760e-01
246 6.914760e-01 4.868000e-03 3.036560e-01
247 6.905200e-01 5.032000e-03 3.044480e-01
248 6.895920e-01 5.088000e-03 3.053200e-01
249 6.886880e-01 5.176000e-03 3.061360e-01
250 6.877400e-01 5.228000e-03 3.070320e-01
251 6.869160e-01 5.148000e-03 3.079360e-01
252 6.861400e-01 5.160000e-03 3.087000e-01
253 6.854560e-01 5.008000e-03 3.095360e-01
254 6.846720e-01 4.928000e-03 3.104000e-01
255 6.837960e-01 4.948000e-03 3.112560e-01
256 6.828560e-01 5.036000e-03 3.121080e-01
257 6.820880e-01 4.964000e-03 3.129480e-01
258 6.812480e-01 4.944000e-03 3.138080e-01
259 6.804520e-01 4.928000e-03 3.146200e-01
260 6.796840e-01 4.824000e-03 3.154920e-01
261 6.789960e-01 4.720000e-03 3.162840e-01
262 6.782880e-01 4.676000e-03 3.170360e-01
263 6.775720e-01 4.652000e-03 3.177760e-01
264 6.768680e-01 4.532000e-03 3.186000e-01
265 6.761400e-01 4.432000e-03 3.194280e-01
266 6.753480e-01 4.472000e-03 3.201800e-01
267 6.746720e-01 4.328000e-03 3.210000e-01
268 6.739320e-01 4.400000e-03 3.216680e-01
269 6.732640e-01 4.316000e-03 3.224200e-01
270 6.725520e-01 4.200000e-03 3.232480e-01
271 6.719680e-01 4.120000e-03 3.239120e-01
272 6.712680e-01 4.032000e-03 3.247000e-01
273 6.706640e-01 3.920000e-03 3.254160e-01
274 6.700640e-01 3.832000e-03 3.261040e-01
275 6.694440e-01 3.680000e-03 3.268760e-01
276 6.689080e-01 3.692000e-03 3.274000e-01
277 6.683160e-01 3.580000e-03 3.281040e-01
278 6.677520e-01 3.556000e-03 3.286920e-01
279 6.671800e-01 3.556000e-03 3.292640e-01
280 6.665680e-01 3.576000e-03 3.298560e-01
281 6.659960e-01 3.532000e-03 3.304720e-01
282 6.654040e-01 3.404000e-03 3.311920e-01
283 6.648840e-01 3.276000e-03 3.318400e-01
284 6.643560e-01 3.212000e-03 3.324320e-01
285 6.638080e-01 3.156000e-03 3.330360e-01
286 6.632440e-01 3.192000e-03 3.335640e-01
287 6.626160e-01 3.224000e-03 3.341600e-01
288 6.620840e-01 3.216000e-03 3.347000e-01
289 6.616520e-01 3.084000e-03 3.352640e-01
290 6.611520e-01 3.044000e-03 3.358040e-01
291 6.606360e-01 3.040000e-03 3.363240e-01
292 6.601600e-01 2.968000e-03 3.368720e-01
293 6.596080e-01 2.980000e-03 3.374120e-01
294 6.591200e-01 2.988000e-03 3.378920e-01
295 6.585680e-01 3.052000e-03 3.383800e-01
296 6.580280e-01 3.000000e-03 3.389720e-01
297 6.574720e-01 3.052000e-03 3.394760e-01
298 6.570040e-01 2.984000e-03 3.400120e-01
299 6.565000e-01 2.976000e-03 3.405240e-01
300 6.559200e-01 3.000000e-03 3.410800e-01
301 6.553880e-01 2.996000e-03 3.416160e-01
302 6.549520e-01 2.904000e-03 3.421440e-01
303 6.544200e-01 2.872000e-03 3.427080e-01
304 6.539960e-01 2.796000e-03 3.432080e-01
305 6.535080e-01 2.820000e-03 3.436720e-01
306 6.530720e-01 2.724000e-03 3.442040e-01
307 6.526880e-01 2.624000e-03 3.446880e-01
308 6.523920e-01 2.500000e-03 3.451080e-01
309 6.519960e-01 2.464000e-03 3.455400e-01
310 6.515720e-01 2.416000e-03 3.460120e-01
311 6.511880e-01 2.392000e-03 3.464200e-01
312 6.507400e-01 2.476000e-03 3.467840e-01
313 6.504000e-01 2.356000e-03 3.472440e-01
314 6.499600e-01 2.376000e-03 3.476640e-01
315 6.495760e-01 2.328000e-03 3.480960e-01
316 6.491680e-01 2.368000e-03 3.484640e-01
317 6.487120e-01 2.376000e-03 3.489120e-01
318 6.482800e-01 2.428000e-03 3.492920e-01
319 6.477920e-01 2.380000e-03 3.498280e-01
320 6.473040e-01 2.408000e-03 3.502880e-01
321 6.468440e-01 2.408000e-03 3.507480e-01
322 6.464680e-01 2.376000e-03 3.511560e-01
323 6.460760e-01 2.308000e-03 3.516160e-01
324 6.456960e-01 2.320000e-03 3.519840e-01
325 6.453640e-01 2.296000e-03 3.523400e-01
326 6.450280e-01 2.200000e-03 3.527720e-01
327 6.446600e-01 2.132000e-03 3.532080e-01
328 6.442480e-01 2.180000e-03 3.535720e-01
329 6.437640e-01 2.320000e-03 3.539160e-01
330 6.433120e-01 2.384000e-03 3.543040e-01
331 6.428240e-01 2.460000e-03 3.547160e-01
332 6.423960e-01 2.500000e-03 3.551040e-01
333 6.420280e-01 2.396000e-03 3.555760e-01
334 6.416400e-01 2.360000e-03 3.560000e-01
335 6.412280e-01 2.376000e-03 3.563960e-01
336 6.408600e-01 2.284000e-03 3.568560e-01
337 6.405320e-01 2.196000e-03 3.572720e-01
338 6.401920e-01 2.088000e-03 3.577200e-01
339 6.398320e-01 2.100000e-03 3.580680e-01
340 6.394960e-01 2.080000e-03 3.584240e-01
341 6.391800e-01 2.032000e-03 3.587880e-01
342 6.388720e-01 1.968000e-03 3.591600e-01
343 6.385200e-01 1.988000e-03 3.594920e-01
344 6.381840e-01 1.936000e-03 3.598800e-01
345 6.378640e-01 1.892000e-03 3.602440e-01
346 6.375400e-01 1.936000e-03 3.605240e-01
347 6.372240e-01 1.904000e-03 3.608720e-01
348 6.369080e-01 1.900000e-03 3.611920e-01
349 6.366080e-01 1.872000e-03 3.615200e-01
350 6.362960e-01 1.824000e-03 3.618800e-01
351 6.359440e-01 1.884000e-03 3.621720e-01
352 6.356440e-01 1.872000e-03 3.624840e-01
353 6.353800e-01 1.756000e-03 3.628640e-01
354 6.351000e-01 1.748000e-03 3.631520e-01
355 6.348760e-01 1.640000e-03 3.634840e-01
356 6.346240e-01 1.628000e-03 3.637480e-01
357 6.343840e-01 1.616000e-03 3.640000e-01
358 6.341280e-01 1.560000e-03 3.643120e-01
359 6.338560e-01 1.600000e-03 3.645440e-01
360 6.336200e-01 1.468000e-03 3.649120e-01
361 6.333200e-01 1.524000e-03 3.651560e-01
362 6.329960e-01 1.612000e-03 3.653920e-01
363 6.327160e-01 1.664000e-03 3.656200e-01
364 6.324160e-01 1.664000e-03 3.659200e-01
365 6.321400e-01 1.676000e-03 3.661840e-01
366 6.317800e-01 1.720000e-03 3.665000e-01
367 6.314360e-01 1.756000e-03 3.668080e-01
368 6.311080e-01 1.804000e-03 3.670880e-01
369 6.308400e-01 1.748000e-03 3.674120e-01
370 6.305320e-01 1.764000e-03 3.677040e-01
371 6.301920e-01 1.772000e-03 3.680360e-01
372 6.298920e-01 1.752000e-03 3.683560e-01
373 6.295800e-01 1.792000e-03 3.686280e-01
374 6.293120e-01 1.756000e-03 3.689320e-01
375 6.290600e-01 1.680000e-03 3.692600e-01
376 6.287400e-01 1.716000e-03 3.695440e-01
377 6.284640e-01 1.752000e-03 3.697840e-01
378 6.281400e-01 1.800000e-03 3.700600e-01
379 6.278680e-01 1.764000e-03 3.703680e-01
380 6.276200e-01 1.692000e-03 3.706880e-01
381 6.273440e-01 1.648000e-03 3.710080e-01
382 6.270440e-01 1.656000e-03 3.713000e-01
383 6.267640e-01 1.676000e-03 3.715600e-01
384 6.265240e-01 1.592000e-03 3.718840e-01
385 6.262680e-01 1.600000e-03 3.721320e-01
386 6.259880e-01 1.616000e-03 3.723960e-01
387 6.257000e-01 1.660000e-03 3.726400e-01
388 6.253800e-01 1.692000e-03 3.729280e-01
389 6.250920e-01 1.680000e-03 3.732280e-01
390 6.247280e-01 1.696000e-03 3.735760e-01
391 6.244000e-01 1.700000e-03 3.739000e-01
392 6.239800e-01 1.776000e-03 3.742440e-01
393 6.236120e-01 1.788000e-03 3.746000e-01
394 6.232240e-01 1.884000e-03 3.748920e-01
395 6.228240e-01 1.960000e-03 3.752160e-01
396 6.224560e-01 1.968000e-03 3.755760e-01
397 6.220120e-01 2.096000e-03 3.758920e-01
398 6.216880e-01 2.032000e-03 3.762800e-01
399 6.213520e-01 1.996000e-03 3.766520e-01
400 6.209720e-01 1.988000e-03 3.770400e-01
401 6.206240e-01 2.016000e-03 3.773600e-01
402 6.203880e-01 1.896000e-03 3.777160e-01
403 6.201120e-01 1.824000e-03 3.780640e-01
404 6.198200e-01 1.856000e-03 3.783240e-01
405 6.195720e-01 1.788000e-03 3.786400e-01
406 6.192800e-01 1.736000e-03 3.789840e-01
407 6.189960e-01 1.724000e-03 3.792800e-01
408 6.187240e-01 1.732000e-03 3.795440e-01
409 6.184960e-01 1.752000e-03 3.797520e-01
410 6.182120e-01 1.736000e-03 3.800520e-01
411 6.179760e-01 1.688000e-03 3.803360e-01
412 6.176760e-01 1.672000e-03 3.806520e-01
413 6.174000e-01 1.676000e-03 3.809240e-01
414 6.170800e-01 1.672000e-03 3.812480e-01
415 6.169040e-01 1.568000e-03 3.815280e-01
416 6.166760e-01 1.560000e-03 3.817640e-01
417 6.164440e-01 1.528000e-03 3.820280e-01
418 6.161720e-01 1.528000e-03 3.823000e-01
419 6.159560e-01 1.476000e-03 3.825680e-01
420 6.157640e-01 1.424000e-03 3.828120e-01
421 6.155720e-01 1.324000e-03 3.831040e-01
422 6.154280e-01 1.224000e-03 3.833480e-01
423 6.152200e-01 1.232000e-03 3.835480e-01
424 6.149480e-01 1.280000e-03 3.837720e-01
425 6.147160e-01 1.268000e-03 3.840160e-01
426 6.144680e-01 1.260000e-03 3.842720e-01
427 6.142520e-01 1.228000e-03 3.845200e-01
428 6.140400e-01 1.244000e-03 3.847160e-01
429 6.137360e-01 1.344000e-03 3.849200e-01
430 6.134960e-01 1.372000e-03 3.851320e-01
431 6.132680e-01 1.332000e-03 3.854000e-01
432 6.130960e-01 1.308000e-03 3.855960e-01
433 6.128840e-01 1.280000e-03 3.858360e-01
434 6.126560e-01 1.252000e-03 3.860920e-01
435 6.124320e-01 1.280000e-03 3.862880e-01
436 6.122600e-01 1.220000e-03 3.865200e-01
437 6.119960e-01 1.248000e-03 3.867560e-01
438 6.117840e-01 1.280000e-03 3.869360e-01
439 6.114960e-01 1.300000e-03 3.872040e-01
440 6.113400e-01 1.244000e-03 3.874160e-01
441 6.110720e-01 1.252000e-03 3.876760e-01
442 6.108360e-01 1.228000e-03 3.879360e-01
443 6.105840e-01 1.252000e-03 3.881640e-01
444 6.103160e-01 1.308000e-03 3.883760e-01
445 6.101200e-01 1.316000e-03 3.885640e-01
446 6.098960e-01 1.308000e-03 3.887960e-01
447 6.096720e-01 1.320000e-03 3.890080e-01
448 6.095120e-01 1.264000e-03 3.892240e-01
449 6.093080e-01 1.288000e-03 3.894040e-01
450 6.090880e-01 1.280000e-03 3.896320e-01
451 6.088480e-01 1.292000e-03 3.898600e-01
452 6.086040e-01 1.312000e-03 3.900840e-01
453 6.082720e-01 1.452000e-03 3.902760e-01
454 6.080040e-01 1.468000e-03 3.905280e-01
455 6.077000e-01 1.484000e-03 3.908160e-01
456 6.074600e-01 1.416000e-03 3.911240e-01
457 6.071480e-01 1.432000e-03 3.914200e-01
458 6.068280e-01 1.540000e-03 3.916320e-01
459 6.064840e-01 1.652000e-03 3.918640e-01
460 6.061880e-01 1.608000e-03 3.922040e-01
461 6.059880e-01 1.532000e-03 3.924800e-01
462 6.056880e-01 1.552000e-03 3.927600e-01
463 6.053960e-01 1.604000e-03 3.930000e-01
464 6.051600e-01 1.576000e-03 3.932640e-01
465 6.048920e-01 1.600000e-03 3.935080e-01
466 6.046240e-01 1.640000e-03 3.937360e-01
467 6.044240e-01 1.596000e-03 3.939800e-01
468 6.042440e-01 1.464000e-03 3.942920e-01
469 6.040320e-01 1.444000e-03 3.945240e-01
470 6.038440e-01 1.352000e-03 3.948040e-01
471 6.036520e-01 1.300000e-03 3.950480e-01
472 6.034320e-01 1.312000e-03 3.952560e-01
473 6.032480e-01 1.268000e-03 3.954840e-01
474 6.031040e-01 1.184000e-03 3.957120e-01
475 6.028760e-01 1.200000e-03 3.959240e-01
476 6.026840e-01 1.224000e-03 3.960920e-01
477 6.025000e-01 1.212000e-03 3.962880e-01
478 6.021800e-01 1.296000e-03 3.965240e-01
479 6.019680e-01 1.220000e-03 3.968120e-01
480 6.017600e-01 1.216000e-03 3.970240e-01
481 6.016000e-01 1.180000e-03 3.972200e-01
482 6.014400e-01 1.132000e-03 3.974280e-01
483 6.013080e-01 1.120000e-03 3.975720e-01
484 6.011360e-01 1.080000e-03 3.977840e-01
485 6.009200e-01 1.064000e-03 3.980160e-01
486 6.007160e-01 1.104000e-03 3.981800e-01
487 6.005480e-01 1.080000e-03 3.983720e-01
488 6.003920e-01 1.044000e-03 3.985640e-01
489 6.002360e-01 9.920000e-04 3.987720e-01
490 6.000800e-01 1.004000e-03 3.989160e-01
491 5.999280e-01 9.920000e-04 3.990800e-01
492 5.997120e-01 1.004000e-03 3.992840e-01
493 5.994960e-01 1.084000e-03 3.994200e-01
494 5.993000e-01 1.096000e-03 3.996040e-01
495 5.991040e-01 1.052000e-03 3.998440e-01
496 5.988840e-01 1.068000e-03 4.000480e-01
497 5.987320e-01 1.032000e-03 4.002360e-01
498 5.985520e-01 1.040000e-03 4.004080e-01
499 5.983440e-01 1.052000e-03 4.006040e-01
500 5.981640e-01 1.064000e-03 4.007720e-01
