1 9.992240e-01 7.200000e-04 5.600000e-05
2 9.986200e-01 1.164000e-03 2.160000e-04
3 9.980320e-01 1.476000e-03 4.920000e-04
4 9.973600e-01 1.836000e-03 8.040000e-04
5 9.965560e-01 2.320000e-03 1.124000e-03
6 9.956040e-01 2.848000e-03 1.548000e-03
7 9.946920e-01 3.224000e-03 2.084000e-03
8 9.938600e-01 3.452000e-03 2.688000e-03
9 9.928640e-01 3.900000e-03 3.236000e-03
10 9.919280e-01 4.164000e-03 3.908000e-03
11 9.909920e-01 4.324000e-03 4.684000e-03
12 9.900440e-01 4.468000e-03 5.488000e-03
13 9.889440e-01 4.804000e-03 6.252000e-03
14 9.876520e-01 5.292000e-03 7.056000e-03
15 9.864400e-01 5.500000e-03 8.060000e-03
16 9.852840e-01 5.728000e-03 8.988000e-03
17 9.839760e-01 6.144000e-03 9.880000e-03
18 9.825800e-01 6.508000e-03 1.091200e-02
19 9.812600e-01 6.704000e-03 1.203600e-02
20 9.799840e-01 6.964000e-03 1.305200e-02
21 9.784080e-01 7.368000e-03 1.422400e-02
22 9.769200e-01 7.600000e-03 1.548000e-02
23 9.754440e-01 7.612000e-03 1.694400e-02
24 9.739680e-01 7.728000e-03 1.830400e-02
25 9.725720e-01 7.788000e-03 1.964000e-02
26 9.711920e-01 7.736000e-03 2.107200e-02
27 9.698480e-01 7.720000e-03 2.243200e-02
28 9.683920e-01 7.880000e-03 2.372800e-02
29 9.670920e-01 7.816000e-03 2.509200e-02
30 9.655760e-01 7.808000e-03 2.661600e-02
31 9.641640e-01 7.864000e-03 2.797200e-02
32 9.626320e-01 8.016000e-03 2.935200e-02
33 9.611800e-01 7.988000e-03 3.083200e-02
34 9.597000e-01 8.016000e-03 3.228400e-02
35 9.582800e-01 8.164000e-03 3.355600e-02
36 9.568800e-01 8.072000e-03 3.504800e-02
37 9.554960e-01 7.932000e-03 3.657200e-02
38 9.540320e-01 7.888000e-03 3.808000e-02
39 9.526200e-01 7.988000e-03 3.939200e-02
40 9.508760e-01 8.224000e-03 4.090000e-02
41 9.493600e-01 8.312000e-03 4.232800e-02
42 9.476760e-01 8.576000e-03 4.374800e-02
43 9.461320e-01 8.636000e-03 4.523200e-02
44 9.445560e-01 8.788000e-03 4.665600e-02
45 9.429760e-01 8.860000e-03 4.816400e-02
46 9.414240e-01 8.772000e-03 4.980400e-02
47 9.399120e-01 8.940000e-03 5.114800e-02
48 9.383080e-01 8.828000e-03 5.286400e-02
49 9.368680e-01 8.692000e-03 5.444000e-02
50 9.352920e-01 8.672000e-03 5.603600e-02
51 9.338120e-01 8.596000e-03 5.759200e-02
52 9.323640e-01 8.500000e-03 5.913600e-02
53 9.308440e-01 8.608000e-03 6.054800e-02
54 9.292840e-01 8.808000e-03 6.190800e-02
55 9.277800e-01 8.788000e-03 6.343200e-02
56 9.262640e-01 8.836000e-03 6.490000e-02
57 9.246880e-01 8.860000e-03 6.645200e-02
58 9.231160e-01 8.964000e-03 6.792000e-02
59 9.216160e-01 8.876000e-03 6.950800e-02
60 9.201320e-01 8.888000e-03 7.098000e-02
61 9.186400e-01 8.868000e-03 7.249200e-02
62 9.172080e-01 8.572000e-03 7.422000e-02
63 9.158400e-01 8.496000e-03 7.566400e-02
64 9.145160e-01 8.504000e-03 7.698000e-02
65 9.130720e-01 8.556000e-03 7.837200e-02
66 9.115920e-01 8.628000e-03 7.978000e-02
67 9.101880e-01 8.520000e-03 8.129200e-02
68 9.087640e-01 8.504000e-03 8.273200e-02
69 9.074920e-01 8.288000e-03 8.422000e-02
70 9.061640e-01 8.036000e-03 8.580000e-02
71 9.048000e-01 7.992000e-03 8.720800e-02
72 9.034040e-01 7.972000e-03 8.862400e-02
73 9.020520e-01 7.992000e-03 8.995600e-02
74 9.006720e-01 7.976000e-03 9.135200e-02
75 8.993960e-01 7.876000e-03 9.272800e-02
76 8.980280e-01 7.784000e-03 9.418800e-02
77 8.967600e-01 7.824000e-03 9.541600e-02
78 8.953040e-01 7.788000e-03 9.690800e-02
79 8.939960e-01 7.720000e-03 9.828400e-02
80 8.926640e-01 7.792000e-03 9.954400e-02
81 8.913880e-01 7.560000e-03 1.010520e-01
82 8.902760e-01 7.432000e-03 1.022920e-01
83 8.889000e-01 7.560000e-03 1.035400e-01
84 8.875320e-01 7.560000e-03 1.049080e-01
85 8.862800e-01 7.420000e-03 1.063000e-01
86 8.848400e-01 7.508000e-03 1.076520e-01
87 8.835480e-01 7.428000e-03 1.090240e-01
88 8.823000e-01 7.436000e-03 1.102640e-01
89 8.809840e-01 7.376000e-03 1.116400e-01
90 8.797760e-01 7.348000e-03 1.128760e-01
91 8.784040e-01 7.520000e-03 1.140760e-01
92 8.772080e-01 7.496000e-03 1.152960e-01
93 8.760000e-01 7.404000e-03 1.165960e-01
94 8.746720e-01 7.356000e-03 1.179720e-01
95 8.733200e-01 7.400000e-03 1.192800e-01
96 8.720600e-01 7.332000e-03 1.206080e-01
97 8.708160e-01 7.308000e-03 1.218760e-01
98 8.694640e-01 7.448000e-03 1.230880e-01
99 8.680880e-01 7.564000e-03 1.243480e-01
100 8.667960e-01 7.648000e-03 1.255560e-01
101 8.654640e-01 7.700000e-03 1.268360e-01
102 8.640000e-01 7.836000e-03 1.281640e-01
103 8.626480e-01 7.944000e-03 1.294080e-01
104 8.611440e-01 8.060000e-03 1.307960e-01
105 8.598720e-01 7.808000e-03 1.323200e-01
106 8.584040e-01 7.964000e-03 1.336320e-01
107 8.571600e-01 7.836000e-03 1.350040e-01
108 8.559000e-01 7.844000e-03 1.362560e-01
109 8.545640e-01 7.852000e-03 1.375840e-01
110 8.532040e-01 7.844000e-03 1.389520e-01
111 8.516800e-01 7.908000e-03 1.404120e-01
112 8.503840e-01 7.784000e-03 1.418320e-01
113 8.490720e-01 7.688000e-03 1.432400e-01
114 8.476720e-01 7.740000e-03 1.445880e-01
115 8.463000e-01 7.860000e-03 1.458400e-01
116 8.448240e-01 8.128000e-03 1.470480e-01
117 8.433760e-01 8.088000e-03 1.485360e-01
118 8.418880e-01 8.112000e-03 1.500000e-01
119 8.405320e-01 8.112000e-03 1.513560e-01
120 8.391840e-01 8.212000e-03 1.526040e-01
121 8.379080e-01 7.988000e-03 1.541040e-01
122 8.364960e-01 7.904000e-03 1.556000e-01
123 8.349720e-01 8.088000e-03 1.569400e-01
124 8.336160e-01 8.080000e-03 1.583040e-01
125 8.322360e-01 8.112000e-03 1.596520e-01
126 8.310480e-01 7.920000e-03 1.610320e-01
127 8.297200e-01 7.904000e-03 1.623760e-01
128 8.285240e-01 7.728000e-03 1.637480e-01
129 8.273760e-01 7.616000e-03 1.650080e-01
130 8.260960e-01 7.604000e-03 1.663000e-01
131 8.248440e-01 7.552000e-03 1.676040e-01
132 8.236000e-01 7.596000e-03 1.688040e-01
133 8.224440e-01 7.432000e-03 1.701240e-01
134 8.211800e-01 7.340000e-03 1.714800e-01
135 8.197120e-01 7.564000e-03 1.727240e-01
136 8.183680e-01 7.580000e-03 1.740520e-01
137 8.171160e-01 7.600000e-03 1.752840e-01
138 8.157400e-01 7.668000e-03 1.765920e-01
139 8.144000e-01 7.720000e-03 1.778800e-01
140 8.130240e-01 7.716000e-03 1.792600e-01
141 8.117200e-01 7.684000e-03 1.805960e-01
142 8.104560e-01 7.612000e-03 1.819320e-01
143 8.091720e-01 7.524000e-03 1.833040e-01
144 8.080120e-01 7.312000e-03 1.846760e-01
145 8.067160e-01 7.400000e-03 1.858840e-01
146 8.055680e-01 7.256000e-03 1.871760e-01
147 8.043240e-01 7.040000e-03 1.886360e-01
148 8.031200e-01 6.936000e-03 1.899440e-01
149 8.019160e-01 6.972000e-03 1.911120e-01
150 8.007800e-01 6.868000e-03 1.923520e-01
151 7.996440e-01 6.848000e-03 1.935080e-01
152 7.984360e-01 6.844000e-03 1.947200e-01
153 7.971920e-01 6.860000e-03 1.959480e-01
154 7.959440e-01 6.944000e-03 1.971120e-01
155 7.947400e-01 6.816000e-03 1.984440e-01
156 7.935760e-01 6.820000e-03 1.996040e-01
157 7.924720e-01 6.792000e-03 2.007360e-01
158 7.912280e-01 6.884000e-03 2.018880e-01
159 7.899560e-01 6.812000e-03 2.032320e-01
160 7.889080e-01 6.680000e-03 2.044120e-01
161 7.878320e-01 6.676000e-03 2.054920e-01
162 7.866520e-01 6.660000e-03 2.066880e-01
163 7.855200e-01 6.728000e-03 2.077520e-01
164 7.843720e-01 6.736000e-03 2.088920e-01
165 7.832720e-01 6.636000e-03 2.100920e-01
166 7.820400e-01 6.704000e-03 2.112560e-01
167 7.809200e-01 6.776000e-03 2.123040e-01
168 7.797280e-01 6.756000e-03 2.135160e-01
169 7.784440e-01 6.940000e-03 2.146160e-01
170 7.773760e-01 6.808000e-03 2.158160e-01
171 7.762880e-01 6.644000e-03 2.170680e-01
172 7.752760e-01 6.536000e-03 2.181880e-01
173 7.740440e-01 6.580000e-03 2.193760e-01
174 7.728000e-01 6.636000e-03 2.205640e-01
175 7.716000e-01 6.616000e-03 2.217840e-01
176 7.705120e-01 6.496000e-03 2.229920e-01
177 7.693840e-01 6.536000e-03 2.240800e-01
178 7.681280e-01 6.648000e-03 2.252240e-01
179 7.669600e-01 6.588000e-03 2.264520e-01
180 7.657400e-01 6.548000e-03 2.277120e-01
181 7.644760e-01 6.652000e-03 2.288720e-01
182 7.632800e-01 6.644000e-03 2.300760e-01
183 7.621480e-01 6.540000e-03 2.313120e-01
184 7.609720e-01 6.500000e-03 2.325280e-01
185 7.598680e-01 6.392000e-03 2.337400e-01
186 7.587720e-01 6.420000e-03 2.348080e-01
187 7.577240e-01 6.508000e-03 2.357680e-01
188 7.565440e-01 6.528000e-03 2.369280e-01
189 7.554040e-01 6.512000e-03 2.380840e-01
190 7.542240e-01 6.592000e-03 2.391840e-01
191 7.531320e-01 6.528000e-03 2.403400e-01
192 7.520240e-01 6.464000e-03 2.415120e-01
193 7.508160e-01 6.604000e-03 2.425800e-01
194 7.496040e-01 6.664000e-03 2.437320e-01
195 7.484640e-01 6.536000e-03 2.450000e-01
196 7.473120e-01 6.536000e-03 2.461520e-01
197 7.462000e-01 6.544000e-03 2.472560e-01
198 7.450800e-01 6.512000e-03 2.484080e-01
199 7.440160e-01 6.540000e-03 2.494440e-01
200 7.430040e-01 6.412000e-03 2.505840e-01
201 7.419880e-01 6.356000e-03 2.516560e-01
202 7.410280e-01 6.232000e-03 2.527400e-01
203 7.402560e-01 5.932000e-03 2.538120e-01
204 7.392480e-01 5.856000e-03 2.548960e-01
205 7.382760e-01 5.904000e-03 2.558200e-01
206 7.373600e-01 5.844000e-03 2.567960e-01
207 7.363240e-01 5.844000e-03 2.578320e-01
208 7.352400e-01 5.916000e-03 2.588440e-01
209 7.343200e-01 5.804000e-03 2.598760e-01
210 7.333320e-01 5.724000e-03 2.609440e-01
211 7.323640e-01 5.748000e-03 2.618880e-01
212 7.314280e-01 5.728000e-03 2.628440e-01
213 7.305120e-01 5.688000e-03 2.638000e-01
214 7.296520e-01 5.496000e-03 2.648520e-01
215 7.287040e-01 5.424000e-03 2.658720e-01
216 7.278080e-01 5.376000e-03 2.668160e-01
217 7.269160e-01 5.208000e-03 2.678760e-01
218 7.260200e-01 5.240000e-03 2.687400e-01
219 7.252080e-01 5.096000e-03 2.696960e-01
220 7.244280e-01 5.096000e-03 2.704760e-01
221 7.236400e-01 5.000000e-03 2.713600e-01
222 7.227320e-01 5.040000e-03 2.722280e-01
223 7.217760e-01 5.124000e-03 2.731000e-01
224 7.208600e-01 5.140000e-03 2.740000e-01
225 7.199600e-01 5.124000e-03 2.749160e-01
226 7.191120e-01 5.052000e-03 2.758360e-01
227 7.181880e-01 5.176000e-03 2.766360e-01
228 7.171840e-01 5.268000e-03 2.775480e-01
229 7.162960e-01 5.180000e-03 2.785240e-01
230 7.154080e-01 5.156000e-03 2.794360e-01
231 7.145080e-01 5.156000e-03 2.803360e-01
232 7.135680e-01 5.176000e-03 2.812560e-01
233 7.127240e-01 5.216000e-03 2.820600e-01
234 7.120200e-01 5.096000e-03 2.828840e-01
235 7.111800e-01 4.968000e-03 2.838520e-01
236 7.103960e-01 4.876000e-03 2.847280e-01
237 7.096440e-01 4.804000e-03 2.855520e-01
238 7.088280e-01 4.812000e-03 2.863600e-01
239 7.079440e-01 4.792000e-03 2.872640e-01
240 7.071920e-01 4.704000e-03 2.881040e-01
241 7.064440e-01 4.640000e-03 2.889160e-01
242 7.055520e-01 4.704000e-03 2.897440e-01
243 7.047040e-01 4.764000e-03 2.905320e-01
244 7.038440e-01 4.800000e-03 2.913560e-01
245 7.030040e-01 4.792000e-03 2.922040e-01
246 7.020880e-01 4.844000e-03 2.930680e-01
247 7.011680e-01 4.908000e-03 2.939240e-01
248 7.001800e-01 5.152000e-03 2.946680e-01
249 6.993080e-01 5.176000e-03 2.955160e-01
250 6.984120e-01 5.180000e-03 2.964080e-01
251 6.975520e-01 5.164000e-03 2.972840e-01
252 6.967360e-01 5.096000e-03 2.981680e-01
253 6.959640e-01 5.128000e-03 2.989080e-01
254 6.951440e-01 4.940000e-03 2.999160e-01
255 6.942640e-01 4.924000e-03 3.008120e-01
256 6.934000e-01 4.928000e-03 3.016720e-01
257 6.926160e-01 4.868000e-03 3.025160e-01
258 6.917600e-01 4.900000e-03 3.033400e-01
259 6.909800e-01 4.876000e-03 3.041440e-01
260 6.902400e-01 4.852000e-03 3.049080e-01
261 6.895040e-01 4.664000e-03 3.058320e-01
262 6.887160e-01 4.604000e-03 3.066800e-01
263 6.879520e-01 4.528000e-03 3.075200e-01
264 6.871560e-01 4.524000e-03 3.083200e-01
265 6.864200e-01 4.456000e-03 3.091240e-01
266 6.857520e-01 4.244000e-03 3.100040e-01
267 6.850280e-01 4.220000e-03 3.107520e-01
268 6.842880e-01 4.300000e-03 3.114120e-01
269 6.834720e-01 4.428000e-03 3.121000e-01
270 6.827080e-01 4.448000e-03 3.128440e-01
271 6.819440e-01 4.452000e-03 3.136040e-01
272 6.810880e-01 4.580000e-03 3.143320e-01
273 6.801000e-01 4.756000e-03 3.151440e-01
274 6.792840e-01 4.716000e-03 3.160000e-01
275 6.784440e-01 4.696000e-03 3.168600e-01
276 6.776080e-01 4.732000e-03 3.176600e-01
277 6.768240e-01 4.688000e-03 3.184880e-01
278 6.760440e-01 4.660000e-03 3.192960e-01
279 6.753400e-01 4.652000e-03 3.200080e-01
280 6.746040e-01 4.540000e-03 3.208560e-01
281 6.738880e-01 4.520000e-03 3.215920e-01
282 6.731480e-01 4.420000e-03 3.224320e-01
283 6.725240e-01 4.284000e-03 3.231920e-01
284 6.718040e-01 4.196000e-03 3.240000e-01
285 6.712400e-01 4.072000e-03 3.246880e-01
286 6.705320e-01 4.052000e-03 3.254160e-01
287 6.698400e-01 4.068000e-03 3.260920e-01
288 6.692560e-01 3.992000e-03 3.267520e-01
289 6.685360e-01 4.028000e-03 3.274360e-01
290 6.678480e-01 3.996000e-03 3.281560e-01
291 6.672760e-01 3.836000e-03 3.288880e-01
292 6.667520e-01 3.660000e-03 3.295880e-01
293 6.661840e-01 3.592000e-03 3.302240e-01
294 6.656880e-01 3.460000e-03 3.308520e-01
295 6.651280e-01 3.468000e-03 3.314040e-01
296 6.646000e-01 3.480000e-03 3.319200e-01
297 6.640240e-01 3.460000e-03 3.325160e-01
298 6.635280e-01 3.444000e-03 3.330280e-01
299 6.630480e-01 3.344000e-03 3.336080e-01
300 6.626200e-01 3.212000e-03 3.341680e-01
301 6.621360e-01 3.136000e-03 3.347280e-01
302 6.616600e-01 3.092000e-03 3.352480e-01
303 6.612960e-01 2.964000e-03 3.357400e-01
304 6.609120e-01 2.908000e-03 3.361800e-01
305 6.604440e-01 2.900000e-03 3.366560e-01
306 6.600480e-01 2.832000e-03 3.371200e-01
307 6.596680e-01 2.712000e-03 3.376200e-01
308 6.592560e-01 2.692000e-03 3.380520e-01
309 6.587520e-01 2.696000e-03 3.385520e-01
310 6.583640e-01 2.584000e-03 3.390520e-01
311 6.579920e-01 2.532000e-03 3.394760e-01
312 6.575160e-01 2.592000e-03 3.398920e-01
313 6.569800e-01 2.668000e-03 3.403520e-01
314 6.564400e-01 2.712000e-03 3.408480e-01
315 6.559320e-01 2.732000e-03 3.413360e-01
316 6.554120e-01 2.764000e-03 3.418240e-01
317 6.549200e-01 2.752000e-03 3.423280e-01
318 6.544560e-01 2.800000e-03 3.427440e-01
319 6.539840e-01 2.828000e-03 3.431880e-01
320 6.535960e-01 2.716000e-03 3.436880e-01
321 6.532080e-01 2.704000e-03 3.440880e-01
322 6.529320e-01 2.492000e-03 3.445760e-01
323 6.525960e-01 2.316000e-03 3.450880e-01
324 6.522440e-01 2.308000e-03 3.454480e-01
325 6.519640e-01 2.184000e-03 3.458520e-01
326 6.516640e-01 2.076000e-03 3.462600e-01
327 6.513840e-01 2.020000e-03 3.465960e-01
328 6.510800e-01 2.008000e-03 3.469120e-01
329 6.507120e-01 2.028000e-03 3.472600e-01
330 6.503480e-01 2.088000e-03 3.475640e-01
331 6.500680e-01 2.024000e-03 3.479080e-01
332 6.497120e-01 2.020000e-03 3.482680e-01
333 6.493640e-01 2.056000e-03 3.485800e-01
334 6.490680e-01 2.004000e-03 3.489280e-01
335 6.487760e-01 1.984000e-03 3.492400e-01
336 6.484400e-01 1.960000e-03 3.496000e-01
337 6.481440e-01 1.996000e-03 3.498600e-01
338 6.478080e-01 1.956000e-03 3.502360e-01
339 6.475120e-01 1.928000e-03 3.505600e-01
340 6.471840e-01 1.948000e-03 3.508680e-01
341 6.468320e-01 1.960000e-03 3.512080e-01
342 6.465200e-01 1.916000e-03 3.515640e-01
343 6.461480e-01 1.944000e-03 3.519080e-01
344 6.458440e-01 1.944000e-03 3.522120e-01
345 6.454640e-01 2.036000e-03 3.525000e-01
346 6.451200e-01 2.000000e-03 3.528800e-01
347 6.447960e-01 1.964000e-03 3.532400e-01
348 6.444680e-01 1.936000e-03 3.535960e-01
349 6.441440e-01 1.972000e-03 3.538840e-01
350 6.438240e-01 1.932000e-03 3.542440e-01
351 6.435400e-01 1.876000e-03 3.545840e-01
352 6.432480e-01 1.848000e-03 3.549040e-01
353 6.429840e-01 1.708000e-03 3.553080e-01
354 6.426800e-01 1.692000e-03 3.556280e-01
355 6.423560e-01 1.764000e-03 3.558800e-01
356 6.420720e-01 1.716000e-03 3.562120e-01
357 6.418440e-01 1.640000e-03 3.565160e-01
358 6.415920e-01 1.624000e-03 3.567840e-01
359 6.413120e-01 1.620000e-03 3.570680e-01
360 6.409600e-01 1.684000e-03 3.573560e-01
361 6.406520e-01 1.740000e-03 3.576080e-01
362 6.404080e-01 1.652000e-03 3.579400e-01
363 6.400760e-01 1.748000e-03 3.581760e-01
364 6.396560e-01 1.832000e-03 3.585120e-01
365 6.393160e-01 1.800000e-03 3.588840e-01
366 6.390400e-01 1.780000e-03 3.591800e-01
367 6.385760e-01 1.992000e-03 3.594320e-01
368 6.381040e-01 2.116000e-03 3.597800e-01
369 6.377520e-01 2.128000e-03 3.601200e-01
370 6.373560e-01 2.180000e-03 3.604640e-01
371 6.369880e-01 2.176000e-03 3.608360e-01
372 6.366160e-01 2.204000e-03 3.611800e-01
373 6.362120e-01 2.212000e-03 3.615760e-01
374 6.358360e-01 2.200000e-03 3.619640e-01
375 6.354520e-01 2.188000e-03 3.623600e-01
376 6.350280e-01 2.272000e-03 3.627000e-01
377 6.346640e-01 2.248000e-03 3.630880e-01
378 6.343120e-01 2.176000e-03 3.635120e-01
379 6.339880e-01 2.096000e-03 3.639160e-01
380 6.336240e-01 2.060000e-03 3.643160e-01
381 6.333280e-01 1.960000e-03 3.647120e-01
382 6.330160e-01 1.988000e-03 3.649960e-01
383 6.327560e-01 1.852000e-03 3.653920e-01
384 6.324960e-01 1.816000e-03 3.656880e-01
385 6.321920e-01 1.764000e-03 3.660440e-01
386 6.319080e-01 1.752000e-03 3.663400e-01
387 6.315800e-01 1.824000e-03 3.665960e-01
388 6.311800e-01 1.896000e-03 3.669240e-01
389 6.307960e-01 1.920000e-03 3.672840e-01
390 6.304080e-01 1.932000e-03 3.676600e-01
391 6.300520e-01 2.016000e-03 3.679320e-01
392 6.297040e-01 2.116000e-03 3.681800e-01
393 6.293640e-01 2.032000e-03 3.686040e-01
394 6.290640e-01 2.072000e-03 3.688640e-01
395 6.287360e-01 2.024000e-03 3.692400e-01
396 6.284440e-01 1.976000e-03 3.695800e-01
397 6.280920e-01 1.984000e-03 3.699240e-01
398 6.277640e-01 1.944000e-03 3.702920e-01
399 6.274120e-01 2.012000e-03 3.705760e-01
400 6.271240e-01 1.952000e-03 3.709240e-01
401 6.267400e-01 2.064000e-03 3.711960e-01
402 6.263880e-01 2.112000e-03 3.715000e-01
403 6.260320e-01 2.088000e-03 3.718800e-01
404 6.257480e-01 2.008000e-03 3.722440e-01
405 6.254560e-01 1.980000e-03 3.725640e-01
406 6.251680e-01 1.928000e-03 3.729040e-01
407 6.249000e-01 1.876000e-03 3.732240e-01
408 6.246280e-01 1.892000e-03 3.734800e-01
409 6.243240e-01 1.824000e-03 3.738520e-01
410 6.240240e-01 1.800000e-03 3.741760e-01
411 6.237320e-01 1.748000e-03 3.745200e-01
412 6.234440e-01 1.740000e-03 3.748160e-01
413 6.232200e-01 1.644000e-03 3.751360e-01
414 6.230040e-01 1.608000e-03 3.753880e-01
415 6.228440e-01 1.500000e-03 3.756560e-01
416 6.226320e-01 1.440000e-03 3.759280e-01
417 6.224040e-01 1.444000e-03 3.761520e-01
418 6.221960e-01 1.380000e-03 3.764240e-01
419 6.219880e-01 1.376000e-03 3.766360e-01
420 6.218040e-01 1.304000e-03 3.768920e-01
421 6.215480e-01 1.328000e-03 3.771240e-01
422 6.213120e-01 1.288000e-03 3.774000e-01
423 6.211520e-01 1.208000e-03 3.776400e-01
424 6.209600e-01 1.180000e-03 3.778600e-01
425 6.207440e-01 1.168000e-03 3.780880e-01
426 6.205360e-01 1.160000e-03 3.783040e-01
427 6.203560e-01 1.132000e-03 3.785120e-01
428 6.200560e-01 1.236000e-03 3.787080e-01
429 6.197640e-01 1.316000e-03 3.789200e-01
430 6.195480e-01 1.288000e-03 3.791640e-01
431 6.193360e-01 1.244000e-03 3.794200e-01
432 6.190560e-01 1.264000e-03 3.796800e-01
433 6.188120e-01 1.272000e-03 3.799160e-01
434 6.185960e-01 1.292000e-03 3.801120e-01
435 6.184520e-01 1.220000e-03 3.803280e-01
436 6.182240e-01 1.264000e-03 3.805120e-01
437 6.180400e-01 1.212000e-03 3.807480e-01
438 6.178600e-01 1.188000e-03 3.809520e-01
439 6.177080e-01 1.136000e-03 3.811560e-01
440 6.175200e-01 1.144000e-03 3.813360e-01
441 6.173040e-01 1.128000e-03 3.815680e-01
442 6.171000e-01 1.088000e-03 3.818120e-01
443 6.169080e-01 1.084000e-03 3.820080e-01
444 6.167040e-01 1.080000e-03 3.822160e-01
445 6.165080e-01 1.088000e-03 3.824040e-01
446 6.163480e-01 1.096000e-03 3.825560e-01
447 6.160960e-01 1.112000e-03 3.827920e-01
448 6.159480e-01 1.060000e-03 3.829920e-01
449 6.157160e-01 1.104000e-03 3.831800e-01
450 6.154760e-01 1.156000e-03 3.833680e-01
451 6.152640e-01 1.184000e-03 3.835520e-01
452 6.150000e-01 1.188000e-03 3.838120e-01
453 6.147680e-01 1.244000e-03 3.839880e-01
454 6.145680e-01 1.280000e-03 3.841520e-01
455 6.143600e-01 1.256000e-03 3.843840e-01
456 6.141160e-01 1.300000e-03 3.845840e-01
457 6.138840e-01 1.320000e-03 3.847960e-01
458 6.136680e-01 1.324000e-03 3.850080e-01
459 6.134080e-01 1.352000e-03 3.852400e-01
460 6.131880e-01 1.336000e-03 3.854760e-01
461 6.129480e-01 1.336000e-03 3.857160e-01
462 6.127280e-01 1.364000e-03 3.859080e-01
463 6.125320e-01 1.332000e-03 3.861360e-01
464 6.123320e-01 1.276000e-03 3.863920e-01
465 6.121800e-01 1.216000e-03 3.866040e-01
466 6.120040e-01 1.152000e-03 3.868440e-01
467 6.118720e-01 1.112000e-03 3.870160e-01
468 6.116960e-01 1.092000e-03 3.872120e-01
469 6.115040e-01 1.168000e-03 3.873280e-01
470 6.113080e-01 1.144000e-03 3.875480e-01
471 6.111120e-01 1.120000e-03 3.877680e-01
472 6.109480e-01 1.080000e-03 3.879720e-01
473 6.107360e-01 1.064000e-03 3.882000e-01
474 6.104880e-01 1.148000e-03 3.883640e-01
475 6.102840e-01 1.160000e-03 3.885560e-01
476 6.100520e-01 1.180000e-03 3.887680e-01
477 6.098520e-01 1.180000e-03 3.889680e-01
478 6.096960e-01 1.128000e-03 3.891760e-01
479 6.094880e-01 1.124000e-03 3.893880e-01
480 6.093800e-01 1.024000e-03 3.895960e-01
481 6.092360e-01 1.004000e-03 3.897600e-01
482 6.090200e-01 1.044000e-03 3.899360e-01
483 6.088360e-01 1.048000e-03 3.901160e-01
484 6.086400e-01 1.056000e-03 3.903040e-01
485 6.084120e-01 1.096000e-03 3.904920e-01
486 6.082120e-01 1.136000e-03 3.906520e-01
487 6.079960e-01 1.116000e-03 3.908880e-01
488 6.078280e-01 1.088000e-03 3.910840e-01
489 6.076560e-01 1.064000e-03 3.912800e-01
490 6.074880e-01 1.016000e-03 3.914960e-01
491 6.073320e-01 9.760000e-04 3.916920e-01
492 6.072080e-01 9.120000e-04 3.918800e-01
493 6.071160e-01 8.360000e-04 3.920480e-01
494 6.070040e-01 7.600000e-04 3.922360e-01
495 6.069240e-01 7.240000e-04 3.923520e-01
496 6.068360e-01 7.000000e-04 3.924640e-01
497 6.067080e-01 7.040000e-04 3.925880e-01
498 6.065640e-01 7.200000e-04 3.927160e-01
499 6.063920e-01 7.960000e-04 3.928120e-01
500 6.062520e-01 8.120000e-04 3.929360e-01
