1 9.992320e-01 6.920000e-04 7.600000e-05
2 9.987960e-01 9.400000e-04 2.640000e-04
3 9.982720e-01 1.284000e-03 4.440000e-04
4 9.976680e-01 1.548000e-03 7.840000e-04
5 9.970320e-01 1.864000e-03 1.104000e-03
6 9.962600e-01 2.228000e-03 1.512000e-03
7 9.956280e-01 2.456000e-03 1.916000e-03
8 9.947880e-01 2.740000e-03 2.472000e-03
9 9.939760e-01 3.100000e-03 2.924000e-03
10 9.931600e-01 3.412000e-03 3.428000e-03
11 9.921520e-01 3.756000e-03 4.092000e-03
12 9.912720e-01 3.928000e-03 4.800000e-03
13 9.904200e-01 4.072000e-03 5.508000e-03
14 9.895080e-01 4.240000e-03 6.252000e-03
15 9.883400e-01 4.668000e-03 6.992000e-03
16 9.872600e-01 5.060000e-03 7.680000e-03
17 9.860520e-01 5.368000e-03 8.580000e-03
18 9.849000e-01 5.576000e-03 9.524000e-03
19 9.836880e-01 5.684000e-03 1.062800e-02
20 9.825160e-01 5.820000e-03 1.166400e-02
21 9.813400e-01 6.008000e-03 1.265200e-02
22 9.801440e-01 6.112000e-03 1.374400e-02
23 9.789920e-01 6.204000e-03 1.480400e-02
24 9.778560e-01 6.284000e-03 1.586000e-02
25 9.767400e-01 6.404000e-03 1.685600e-02
26 9.756080e-01 6.440000e-03 1.795200e-02
27 9.744760e-01 6.504000e-03 1.902000e-02
28 9.731800e-01 6.688000e-03 2.013200e-02
29 9.719800e-01 6.752000e-03 2.126800e-02
30 9.707160e-01 6.684000e-03 2.260000e-02
31 9.694760e-01 6.712000e-03 2.381200e-02
32 9.681840e-01 6.836000e-03 2.498000e-02
33 9.667560e-01 7.088000e-03 2.615600e-02
34 9.654600e-01 7.096000e-03 2.744400e-02
35 9.642200e-01 7.216000e-03 2.856400e-02
36 9.628760e-01 7.336000e-03 2.978800e-02
37 9.616000e-01 7.304000e-03 3.109600e-02
38 9.602480e-01 7.480000e-03 3.227200e-02
39 9.588680e-01 7.556000e-03 3.357600e-02
40 9.574680e-01 7.580000e-03 3.495200e-02
41 9.561800e-01 7.600000e-03 3.622000e-02
42 9.547480e-01 7.632000e-03 3.762000e-02
43 9.534080e-01 7.632000e-03 3.896000e-02
44 9.520600e-01 7.508000e-03 4.043200e-02
45 9.506360e-01 7.624000e-03 4.174000e-02
46 9.492320e-01 7.700000e-03 4.306800e-02
47 9.476520e-01 7.872000e-03 4.447600e-02
48 9.463320e-01 7.932000e-03 4.573600e-02
49 9.447720e-01 7.968000e-03 4.726000e-02
50 9.432760e-01 8.116000e-03 4.860800e-02
51 9.417920e-01 8.172000e-03 5.003600e-02
52 9.401960e-01 8.232000e-03 5.157200e-02
53 9.387080e-01 8.188000e-03 5.310400e-02
54 9.370440e-01 8.432000e-03 5.452400e-02
55 9.355120e-01 8.580000e-03 5.590800e-02
56 9.339440e-01 8.696000e-03 5.736000e-02
57 9.322960e-01 8.800000e-03 5.890400e-02
58 9.307720e-01 8.904000e-03 6.032400e-02
59 9.293160e-01 8.652000e-03 6.203200e-02
60 9.276160e-01 8.892000e-03 6.349200e-02
61 9.261840e-01 8.708000e-03 6.510800e-02
62 9.246200e-01 8.736000e-03 6.664400e-02
63 9.230520e-01 8.800000e-03 6.814800e-02
64 9.215840e-01 8.748000e-03 6.966800e-02
65 9.200520e-01 8.728000e-03 7.122000e-02
66 9.187480e-01 8.440000e-03 7.281200e-02
67 9.173000e-01 8.520000e-03 7.418000e-02
68 9.160200e-01 8.384000e-03 7.559600e-02
69 9.147080e-01 8.308000e-03 7.698400e-02
70 9.134160e-01 8.112000e-03 7.847200e-02
71 9.120760e-01 8.068000e-03 7.985600e-02
72 9.108040e-01 7.996000e-03 8.120000e-02
73 9.095160e-01 8.020000e-03 8.246400e-02
74 9.082200e-01 7.916000e-03 8.386400e-02
75 9.070040e-01 7.728000e-03 8.526800e-02
76 9.057640e-01 7.512000e-03 8.672400e-02
77 9.046800e-01 7.340000e-03 8.798000e-02
78 9.034280e-01 7.276000e-03 8.929600e-02
79 9.022440e-01 7.240000e-03 9.051600e-02
80 9.010680e-01 7.204000e-03 9.172800e-02
81 8.999960e-01 7.056000e-03 9.294800e-02
82 8.987240e-01 7.164000e-03 9.411200e-02
83 8.973720e-01 7.260000e-03 9.536800e-02
84 8.960800e-01 7.372000e-03 9.654800e-02
85 8.948480e-01 7.284000e-03 9.786800e-02
86 8.935080e-01 7.324000e-03 9.916800e-02
87 8.923040e-01 7.448000e-03 1.002480e-01
88 8.910040e-01 7.444000e-03 1.015520e-01
89 8.894320e-01 7.796000e-03 1.027720e-01
90 8.880800e-01 7.820000e-03 1.041000e-01
91 8.865560e-01 7.916000e-03 1.055280e-01
92 8.852520e-01 7.792000e-03 1.069560e-01
93 8.837600e-01 7.804000e-03 1.084360e-01
94 8.822720e-01 8.008000e-03 1.097200e-01
95 8.809800e-01 8.012000e-03 1.110080e-01
96 8.796320e-01 7.964000e-03 1.124040e-01
97 8.782920e-01 8.036000e-03 1.136720e-01
98 8.769440e-01 7.964000e-03 1.150920e-01
99 8.756560e-01 7.876000e-03 1.164680e-01
100 8.743320e-01 7.940000e-03 1.177280e-01
101 8.731520e-01 7.756000e-03 1.190920e-01
102 8.720560e-01 7.484000e-03 1.204600e-01
103 8.709600e-01 7.136000e-03 1.219040e-01
104 8.697960e-01 7.120000e-03 1.230840e-01
105 8.686680e-01 7.080000e-03 1.242520e-01
106 8.676600e-01 6.932000e-03 1.254080e-01
107 8.665880e-01 6.836000e-03 1.265760e-01
108 8.654880e-01 6.792000e-03 1.277200e-01
109 8.642600e-01 6.864000e-03 1.288760e-01
110 8.631280e-01 6.776000e-03 1.300960e-01
111 8.620480e-01 6.616000e-03 1.313360e-01
112 8.609680e-01 6.548000e-03 1.324840e-01
113 8.598080e-01 6.532000e-03 1.336600e-01
114 8.587680e-01 6.480000e-03 1.347520e-01
115 8.576920e-01 6.400000e-03 1.359080e-01
116 8.566760e-01 6.244000e-03 1.370800e-01
117 8.556960e-01 5.960000e-03 1.383440e-01
118 8.547760e-01 5.768000e-03 1.394560e-01
119 8.539920e-01 5.568000e-03 1.404400e-01
120 8.531320e-01 5.436000e-03 1.414320e-01
121 8.522000e-01 5.472000e-03 1.423280e-01
122 8.512520e-01 5.364000e-03 1.433840e-01
123 8.501960e-01 5.492000e-03 1.443120e-01
124 8.492640e-01 5.472000e-03 1.452640e-01
125 8.482400e-01 5.548000e-03 1.462120e-01
126 8.472400e-01 5.668000e-03 1.470920e-01
127 8.463400e-01 5.576000e-03 1.480840e-01
128 8.454040e-01 5.528000e-03 1.490680e-01
129 8.444480e-01 5.508000e-03 1.500440e-01
130 8.434960e-01 5.564000e-03 1.509400e-01
131 8.426800e-01 5.388000e-03 1.519320e-01
132 8.418600e-01 5.324000e-03 1.528160e-01
133 8.410080e-01 5.160000e-03 1.538320e-01
134 8.400920e-01 5.108000e-03 1.548000e-01
135 8.393080e-01 5.032000e-03 1.556600e-01
136 8.384680e-01 5.016000e-03 1.565160e-01
137 8.374600e-01 5.200000e-03 1.573400e-01
138 8.365520e-01 5.132000e-03 1.583160e-01
139 8.357280e-01 4.992000e-03 1.592800e-01
140 8.347720e-01 5.088000e-03 1.601400e-01
141 8.338600e-01 5.200000e-03 1.609400e-01
142 8.329720e-01 5.168000e-03 1.618600e-01
143 8.322240e-01 4.988000e-03 1.627880e-01
144 8.314680e-01 4.832000e-03 1.637000e-01
145 8.306920e-01 4.740000e-03 1.645680e-01
146 8.299800e-01 4.572000e-03 1.654480e-01
147 8.291920e-01 4.520000e-03 1.662880e-01
148 8.284560e-01 4.460000e-03 1.670840e-01
149 8.276840e-01 4.344000e-03 1.679720e-01
150 8.268520e-01 4.456000e-03 1.686920e-01
151 8.260960e-01 4.388000e-03 1.695160e-01
152 8.253120e-01 4.320000e-03 1.703680e-01
153 8.245640e-01 4.356000e-03 1.710800e-01
154 8.238040e-01 4.336000e-03 1.718600e-01
155 8.230080e-01 4.476000e-03 1.725160e-01
156 8.222680e-01 4.424000e-03 1.733080e-01
157 8.214720e-01 4.324000e-03 1.742040e-01
158 8.206760e-01 4.436000e-03 1.748880e-01
159 8.197800e-01 4.596000e-03 1.756240e-01
160 8.188720e-01 4.752000e-03 1.763760e-01
161 8.179280e-01 4.808000e-03 1.772640e-01
162 8.169640e-01 4.936000e-03 1.781000e-01
163 8.161560e-01 4.868000e-03 1.789760e-01
164 8.152760e-01 4.912000e-03 1.798120e-01
165 8.143080e-01 5.040000e-03 1.806520e-01
166 8.134040e-01 5.052000e-03 1.815440e-01
167 8.124960e-01 5.116000e-03 1.823880e-01
168 8.116400e-01 5.192000e-03 1.831680e-01
169 8.107280e-01 5.192000e-03 1.840800e-01
170 8.097480e-01 5.304000e-03 1.849480e-01
171 8.089080e-01 5.176000e-03 1.859160e-01
172 8.080400e-01 5.136000e-03 1.868240e-01
173 8.071920e-01 5.184000e-03 1.876240e-01
174 8.063880e-01 5.092000e-03 1.885200e-01
175 8.056040e-01 4.932000e-03 1.894640e-01
176 8.047400e-01 4.984000e-03 1.902760e-01
177 8.039200e-01 5.016000e-03 1.910640e-01
178 8.030680e-01 4.948000e-03 1.919840e-01
179 8.023320e-01 4.804000e-03 1.928640e-01
180 8.015160e-01 4.768000e-03 1.937160e-01
181 8.006840e-01 4.704000e-03 1.946120e-01
182 7.998080e-01 4.760000e-03 1.954320e-01
183 7.989720e-01 4.784000e-03 1.962440e-01
184 7.980960e-01 4.780000e-03 1.971240e-01
185 7.973520e-01 4.596000e-03 1.980520e-01
186 7.964160e-01 4.608000e-03 1.989760e-01
187 7.956040e-01 4.644000e-03 1.997520e-01
188 7.947840e-01 4.624000e-03 2.005920e-01
189 7.939400e-01 4.676000e-03 2.013840e-01
190 7.931400e-01 4.708000e-03 2.021520e-01
191 7.922600e-01 4.604000e-03 2.031360e-01
192 7.915000e-01 4.500000e-03 2.040000e-01
193 7.906720e-01 4.544000e-03 2.047840e-01
194 7.898640e-01 4.604000e-03 2.055320e-01
195 7.891920e-01 4.488000e-03 2.063200e-01
196 7.883840e-01 4.448000e-03 2.071680e-01
197 7.876480e-01 4.348000e-03 2.080040e-01
198 7.869360e-01 4.304000e-03 2.087600e-01
199 7.862480e-01 4.188000e-03 2.095640e-01
200 7.855440e-01 4.148000e-03 2.103080e-01
201 7.848240e-01 4.260000e-03 2.109160e-01
202 7.841960e-01 4.160000e-03 2.116440e-01
203 7.835160e-01 4.088000e-03 2.123960e-01
204 7.828120e-01 4.044000e-03 2.131440e-01
205 7.820360e-01 4.060000e-03 2.139040e-01
206 7.814000e-01 4.036000e-03 2.145640e-01
207 7.807720e-01 3.944000e-03 2.152840e-01
208 7.801320e-01 3.940000e-03 2.159280e-01
209 7.795920e-01 3.828000e-03 2.165800e-01
210 7.790120e-01 3.784000e-03 2.172040e-01
211 7.785440e-01 3.676000e-03 2.177800e-01
212 7.779920e-01 3.620000e-03 2.183880e-01
213 7.774040e-01 3.552000e-03 2.190440e-01
214 7.767240e-01 3.632000e-03 2.196440e-01
215 7.762040e-01 3.500000e-03 2.202960e-01
216 7.756200e-01 3.436000e-03 2.209440e-01
217 7.750320e-01 3.492000e-03 2.214760e-01
218 7.744080e-01 3.524000e-03 2.220680e-01
219 7.737480e-01 3.580000e-03 2.226720e-01
220 7.731760e-01 3.508000e-03 2.233160e-01
221 7.725960e-01 3.500000e-03 2.239040e-01
222 7.720120e-01 3.452000e-03 2.245360e-01
223 7.713120e-01 3.488000e-03 2.252000e-01
224 7.707920e-01 3.484000e-03 2.257240e-01
225 7.702760e-01 3.416000e-03 2.263080e-01
226 7.697160e-01 3.360000e-03 2.269240e-01
227 7.691240e-01 3.404000e-03 2.274720e-01
228 7.684640e-01 3.508000e-03 2.280280e-01
229 7.678360e-01 3.492000e-03 2.286720e-01
230 7.671800e-01 3.500000e-03 2.293200e-01
231 7.664760e-01 3.560000e-03 2.299640e-01
232 7.659280e-01 3.456000e-03 2.306160e-01
233 7.654520e-01 3.316000e-03 2.312320e-01
234 7.648760e-01 3.360000e-03 2.317640e-01
235 7.642600e-01 3.344000e-03 2.323960e-01
236 7.635120e-01 3.432000e-03 2.330560e-01
237 7.629000e-01 3.456000e-03 2.336440e-01
238 7.622200e-01 3.476000e-03 2.343040e-01
239 7.615480e-01 3.500000e-03 2.349520e-01
240 7.608760e-01 3.612000e-03 2.355120e-01
241 7.602760e-01 3.628000e-03 2.360960e-01
242 7.595400e-01 3.688000e-03 2.367720e-01
243 7.588600e-01 3.780000e-03 2.373600e-01
244 7.581280e-01 3.820000e-03 2.380520e-01
245 7.573480e-01 3.888000e-03 2.387640e-01
246 7.566760e-01 3.928000e-03 2.393960e-01
247 7.559000e-01 4.116000e-03 2.399840e-01
248 7.552040e-01 4.092000e-03 2.407040e-01
249 7.544760e-01 4.144000e-03 2.413800e-01
250 7.538000e-01 4.136000e-03 2.420640e-01
251 7.531360e-01 4.068000e-03 2.427960e-01
252 7.523440e-01 4.052000e-03 2.436040e-01
253 7.516200e-01 4.040000e-03 2.443400e-01
254 7.510800e-01 3.944000e-03 2.449760e-01
255 7.503360e-01 4.056000e-03 2.456080e-01
256 7.497480e-01 3.960000e-03 2.462920e-01
257 7.489520e-01 4.020000e-03 2.470280e-01
258 7.483480e-01 3.880000e-03 2.477720e-01
259 7.477240e-01 3.872000e-03 2.484040e-01
260 7.470240e-01 3.968000e-03 2.490080e-01
261 7.464760e-01 3.884000e-03 2.496400e-01
262 7.458560e-01 3.812000e-03 2.503320e-01
263 7.453080e-01 3.748000e-03 2.509440e-01
264 7.446440e-01 3.760000e-03 2.515960e-01
265 7.441200e-01 3.668000e-03 2.522120e-01
266 7.436000e-01 3.472000e-03 2.529280e-01
267 7.431120e-01 3.372000e-03 2.535160e-01
268 7.424520e-01 3.428000e-03 2.541200e-01
269 7.418520e-01 3.412000e-03 2.547360e-01
270 7.411720e-01 3.368000e-03 2.554600e-01
271 7.406000e-01 3.328000e-03 2.560720e-01
272 7.398600e-01 3.492000e-03 2.566480e-01
273 7.393400e-01 3.480000e-03 2.571800e-01
274 7.387920e-01 3.444000e-03 2.577640e-01
275 7.381160e-01 3.484000e-03 2.584000e-01
276 7.375320e-01 3.476000e-03 2.589920e-01
277 7.369440e-01 3.436000e-03 2.596200e-01
278 7.363520e-01 3.460000e-03 2.601880e-01
279 7.357400e-01 3.448000e-03 2.608120e-01
280 7.351600e-01 3.452000e-03 2.613880e-01
281 7.345720e-01 3.400000e-03 2.620280e-01
282 7.340480e-01 3.284000e-03 2.626680e-01
283 7.335040e-01 3.152000e-03 2.633440e-01
284 7.329760e-01 3.120000e-03 2.639040e-01
285 7.325320e-01 2.932000e-03 2.645360e-01
286 7.320560e-01 2.896000e-03 2.650480e-01
287 7.315440e-01 2.860000e-03 2.655960e-01
288 7.310760e-01 2.840000e-03 2.660840e-01
289 7.305600e-01 2.872000e-03 2.665680e-01
290 7.300920e-01 2.916000e-03 2.669920e-01
291 7.296480e-01 2.900000e-03 2.674520e-01
292 7.291360e-01 2.852000e-03 2.680120e-01
293 7.286120e-01 2.884000e-03 2.685040e-01
294 7.282360e-01 2.752000e-03 2.690120e-01
295 7.278000e-01 2.660000e-03 2.695400e-01
296 7.274000e-01 2.576000e-03 2.700240e-01
297 7.270240e-01 2.504000e-03 2.704720e-01
298 7.266720e-01 2.432000e-03 2.708960e-01
299 7.262240e-01 2.384000e-03 2.713920e-01
300 7.258000e-01 2.324000e-03 2.718760e-01
301 7.253880e-01 2.308000e-03 2.723040e-01
302 7.249640e-01 2.364000e-03 2.726720e-01
303 7.245200e-01 2.400000e-03 2.730800e-01
304 7.240440e-01 2.444000e-03 2.735120e-01
305 7.235480e-01 2.488000e-03 2.739640e-01
306 7.230560e-01 2.588000e-03 2.743560e-01
307 7.224720e-01 2.676000e-03 2.748520e-01
308 7.220440e-01 2.600000e-03 2.753560e-01
309 7.215720e-01 2.608000e-03 2.758200e-01
310 7.211200e-01 2.660000e-03 2.762200e-01
311 7.206680e-01 2.624000e-03 2.767080e-01
312 7.200840e-01 2.716000e-03 2.772000e-01
313 7.196560e-01 2.724000e-03 2.776200e-01
314 7.191840e-01 2.772000e-03 2.780440e-01
315 7.188480e-01 2.692000e-03 2.784600e-01
316 7.184680e-01 2.592000e-03 2.789400e-01
317 7.180200e-01 2.544000e-03 2.794360e-01
318 7.176040e-01 2.584000e-03 2.798120e-01
319 7.171080e-01 2.712000e-03 2.801800e-01
320 7.166600e-01 2.696000e-03 2.806440e-01
321 7.161680e-01 2.724000e-03 2.811080e-01
322 7.156920e-01 2.752000e-03 2.815560e-01
323 7.152280e-01 2.728000e-03 2.820440e-01
324 7.146520e-01 2.808000e-03 2.825400e-01
325 7.141360e-01 2.876000e-03 2.829880e-01
326 7.137560e-01 2.688000e-03 2.835560e-01
327 7.133080e-01 2.616000e-03 2.840760e-01
328 7.129080e-01 2.616000e-03 2.844760e-01
329 7.124800e-01 2.604000e-03 2.849160e-01
330 7.120120e-01 2.616000e-03 2.853720e-01
331 7.115680e-01 2.620000e-03 2.858120e-01
332 7.111720e-01 2.488000e-03 2.863400e-01
333 7.107560e-01 2.388000e-03 2.868560e-01
334 7.103960e-01 2.352000e-03 2.872520e-01
335 7.100480e-01 2.252000e-03 2.877000e-01
336 7.096600e-01 2.280000e-03 2.880600e-01
337 7.093400e-01 2.240000e-03 2.884200e-01
338 7.089640e-01 2.168000e-03 2.888680e-01
339 7.086160e-01 2.128000e-03 2.892560e-01
340 7.082840e-01 2.036000e-03 2.896800e-01
341 7.079480e-01 2.012000e-03 2.900400e-01
342 7.076200e-01 2.044000e-03 2.903360e-01
343 7.073320e-01 2.024000e-03 2.906440e-01
344 7.069600e-01 2.092000e-03 2.909480e-01
345 7.065640e-01 2.108000e-03 2.913280e-01
346 7.061280e-01 2.180000e-03 2.916920e-01
347 7.058320e-01 2.124000e-03 2.920440e-01
348 7.054760e-01 2.088000e-03 2.924360e-01
349 7.051480e-01 2.048000e-03 2.928040e-01
350 7.047880e-01 2.048000e-03 2.931640e-01
351 7.044480e-01 2.024000e-03 2.935280e-01
352 7.041400e-01 1.960000e-03 2.939000e-01
353 7.037920e-01 1.952000e-03 2.942560e-01
354 7.035200e-01 1.844000e-03 2.946360e-01
355 7.032280e-01 1.784000e-03 2.949880e-01
356 7.029320e-01 1.784000e-03 2.952840e-01
357 7.025040e-01 1.872000e-03 2.956240e-01
358 7.022440e-01 1.792000e-03 2.959640e-01
359 7.017720e-01 1.924000e-03 2.963040e-01
360 7.014080e-01 1.996000e-03 2.965960e-01
361 7.010920e-01 1.976000e-03 2.969320e-01
362 7.007480e-01 2.016000e-03 2.972360e-01
363 7.004480e-01 1.948000e-03 2.976040e-01
364 7.001320e-01 1.932000e-03 2.979360e-01
365 6.998560e-01 1.812000e-03 2.983320e-01
366 6.995480e-01 1.804000e-03 2.986480e-01
367 6.992920e-01 1.772000e-03 2.989360e-01
368 6.989440e-01 1.772000e-03 2.992840e-01
369 6.986520e-01 1.784000e-03 2.995640e-01
370 6.983280e-01 1.780000e-03 2.998920e-01
371 6.979800e-01 1.816000e-03 3.002040e-01
372 6.976440e-01 1.844000e-03 3.005120e-01
373 6.973120e-01 1.840000e-03 3.008480e-01
374 6.970320e-01 1.764000e-03 3.012040e-01
375 6.966840e-01 1.812000e-03 3.015040e-01
376 6.963640e-01 1.812000e-03 3.018240e-01
377 6.961200e-01 1.724000e-03 3.021560e-01
378 6.958920e-01 1.672000e-03 3.024360e-01
379 6.956840e-01 1.548000e-03 3.027680e-01
380 6.954520e-01 1.492000e-03 3.030560e-01
381 6.952800e-01 1.404000e-03 3.033160e-01
382 6.951200e-01 1.332000e-03 3.035480e-01
383 6.949040e-01 1.372000e-03 3.037240e-01
384 6.945880e-01 1.436000e-03 3.039760e-01
385 6.943400e-01 1.416000e-03 3.042440e-01
386 6.940400e-01 1.432000e-03 3.045280e-01
387 6.938000e-01 1.380000e-03 3.048200e-01
388 6.935360e-01 1.380000e-03 3.050840e-01
389 6.932920e-01 1.364000e-03 3.053440e-01
390 6.929880e-01 1.448000e-03 3.055640e-01
391 6.927680e-01 1.404000e-03 3.058280e-01
392 6.925440e-01 1.380000e-03 3.060760e-01
393 6.923200e-01 1.416000e-03 3.062640e-01
394 6.920680e-01 1.436000e-03 3.064960e-01
395 6.918360e-01 1.400000e-03 3.067640e-01
396 6.915360e-01 1.456000e-03 3.070080e-01
397 6.913040e-01 1.444000e-03 3.072520e-01
398 6.911240e-01 1.412000e-03 3.074640e-01
399 6.909160e-01 1.344000e-03 3.077400e-01
400 6.906920e-01 1.312000e-03 3.079960e-01
401 6.905320e-01 1.224000e-03 3.082440e-01
402 6.903960e-01 1.156000e-03 3.084480e-01
403 6.901720e-01 1.188000e-03 3.086400e-01
404 6.899400e-01 1.228000e-03 3.088320e-01
405 6.897560e-01 1.200000e-03 3.090440e-01
406 6.895680e-01 1.228000e-03 3.092040e-01
407 6.894120e-01 1.160000e-03 3.094280e-01
408 6.892160e-01 1.184000e-03 3.096000e-01
409 6.890040e-01 1.152000e-03 3.098440e-01
410 6.887640e-01 1.176000e-03 3.100600e-01
411 6.885480e-01 1.184000e-03 3.102680e-01
412 6.882920e-01 1.208000e-03 3.105000e-01
413 6.880800e-01 1.176000e-03 3.107440e-01
414 6.878760e-01 1.216000e-03 3.109080e-01
415 6.876720e-01 1.180000e-03 3.111480e-01
416 6.874640e-01 1.192000e-03 3.113440e-01
417 6.872600e-01 1.172000e-03 3.115680e-01
418 6.871080e-01 1.120000e-03 3.117720e-01
419 6.869320e-01 1.120000e-03 3.119480e-01
420 6.867960e-01 1.020000e-03 3.121840e-01
421 6.866480e-01 1.020000e-03 3.123320e-01
422 6.865560e-01 9.400000e-04 3.125040e-01
423 6.864240e-01 9.320000e-04 3.126440e-01
424 6.862800e-01 8.840000e-04 3.128360e-01
425 6.861520e-01 8.840000e-04 3.129640e-01
426 6.860160e-01 8.360000e-04 3.131480e-01
427 6.858400e-01 8.560000e-04 3.133040e-01
428 6.856400e-01 9.280000e-04 3.134320e-01
429 6.854800e-01 9.480000e-04 3.135720e-01
430 6.852800e-01 9.880000e-04 3.137320e-01
431 6.851320e-01 9.680000e-04 3.139000e-01
432 6.849720e-01 9.160000e-04 3.141120e-01
433 6.848240e-01 9.120000e-04 3.142640e-01
434 6.846600e-01 8.880000e-04 3.144520e-01
435 6.845120e-01 9.040000e-04 3.145840e-01
436 6.843360e-01 9.680000e-04 3.146960e-01
437 6.841720e-01 9.520000e-04 3.148760e-01
438 6.840120e-01 9.400000e-04 3.150480e-01
439 6.838720e-01 9.040000e-04 3.152240e-01
440 6.837440e-01 8.320000e-04 3.154240e-01
441 6.835760e-01 8.160000e-04 3.156080e-01
442 6.834560e-01 7.640000e-04 3.157800e-01
443 6.833280e-01 7.360000e-04 3.159360e-01
444 6.831840e-01 7.560000e-04 3.160600e-01
445 6.830520e-01 7.560000e-04 3.161920e-01
446 6.829600e-01 6.960000e-04 3.163440e-01
447 6.828720e-01 6.880000e-04 3.164400e-01
448 6.827640e-01 6.680000e-04 3.165680e-01
449 6.826200e-01 6.720000e-04 3.167080e-01
450 6.825320e-01 6.560000e-04 3.168120e-01
451 6.824280e-01 6.360000e-04 3.169360e-01
452 6.823160e-01 6.440000e-04 3.170400e-01
453 6.821720e-01 6.600000e-04 3.171680e-01
454 6.820240e-01 6.760000e-04 3.173000e-01
455 6.818920e-01 6.880000e-04 3.174200e-01
456 6.817400e-01 6.920000e-04 3.175680e-01
457 6.816160e-01 7.000000e-04 3.176840e-01
458 6.815040e-01 6.960000e-04 3.178000e-01
459 6.813720e-01 6.800000e-04 3.179480e-01
460 6.812360e-01 6.840000e-04 3.180800e-01
461 6.811440e-01 6.680000e-04 3.181880e-01
462 6.810600e-01 6.360000e-04 3.183040e-01
463 6.809640e-01 6.480000e-04 3.183880e-01
464 6.808240e-01 6.480000e-04 3.185280e-01
465 6.807720e-01 5.680000e-04 3.186600e-01
466 6.806880e-01 5.120000e-04 3.188000e-01
467 6.806600e-01 4.640000e-04 3.188760e-01
468 6.805920e-01 4.320000e-04 3.189760e-01
469 6.805560e-01 3.920000e-04 3.190520e-01
470 6.805040e-01 3.920000e-04 3.191040e-01
471 6.804680e-01 3.560000e-04 3.191760e-01
472 6.804200e-01 3.320000e-04 3.192480e-01
473 6.803720e-01 3.280000e-04 3.193000e-01
474 6.803080e-01 3.320000e-04 3.193600e-01
475 6.802520e-01 3.120000e-04 3.194360e-01
476 6.802080e-01 2.760000e-04 3.195160e-01
477 6.801440e-01 2.800000e-04 3.195760e-01
478 6.801160e-01 2.400000e-04 3.196440e-01
479 6.800400e-01 2.680000e-04 3.196920e-01
480 6.800000e-01 2.760000e-04 3.197240e-01
481 6.799600e-01 2.640000e-04 3.197760e-01
482 6.798640e-01 3.280000e-04 3.198080e-01
483 6.797760e-01 3.600000e-04 3.198640e-01
484 6.796960e-01 3.720000e-04 3.199320e-01
485 6.796160e-01 3.960000e-04 3.199880e-01
486 6.795600e-01 3.640000e-04 3.200760e-01
487 6.794840e-01 3.560000e-04 3.201600e-01
488 6.794120e-01 3.480000e-04 3.202400e-01
489 6.793320e-01 3.520000e-04 3.203160e-01
490 6.792560e-01 3.920000e-04 3.203520e-01
491 6.791840e-01 4.000000e-04 3.204160e-01
492 6.790960e-01 4.160000e-04 3.204880e-01
493 6.789920e-01 4.480000e-04 3.205600e-01
494 6.789320e-01 4.360000e-04 3.206320e-01
495 6.788560e-01 4.400000e-04 3.207040e-01
496 6.788080e-01 4.120000e-04 3.207800e-01
497 6.787160e-01 4.160000e-04 3.208680e-01
498 6.786720e-01 3.680000e-04 3.209600e-01
499 6.786160e-01 3.560000e-04 3.210280e-01
500 6.785680e-01 3.320000e-04 3.211000e-01
