1 9.991720e-01 7.400000e-04 8.800000e-05
2 9.987640e-01 9.680000e-04 2.680000e-04
3 9.982600e-01 1.244000e-03 4.960000e-04
4 9.976720e-01 1.652000e-03 6.760000e-04
5 9.968400e-01 2.196000e-03 9.640000e-04
6 9.960280e-01 2.604000e-03 1.368000e-03
7 9.951480e-01 2.948000e-03 1.904000e-03
8 9.941520e-01 3.408000e-03 2.440000e-03
9 9.932000e-01 3.708000e-03 3.092000e-03
10 9.921960e-01 4.024000e-03 3.780000e-03
11 9.912680e-01 4.276000e-03 4.456000e-03
12 9.900280e-01 4.804000e-03 5.168000e-03
13 9.890200e-01 4.844000e-03 6.136000e-03
14 9.878360e-01 5.260000e-03 6.904000e-03
15 9.865440e-01 5.644000e-03 7.812000e-03
16 9.852040e-01 6.016000e-03 8.780000e-03
17 9.838880e-01 6.292000e-03 9.820000e-03
18 9.824920e-01 6.612000e-03 1.089600e-02
19 9.808640e-01 6.988000e-03 1.214800e-02
20 9.792800e-01 7.344000e-03 1.337600e-02
21 9.777080e-01 7.464000e-03 1.482800e-02
22 9.762240e-01 7.648000e-03 1.612800e-02
23 9.746880e-01 7.680000e-03 1.763200e-02
24 9.731320e-01 7.896000e-03 1.897200e-02
25 9.717400e-01 7.936000e-03 2.032400e-02
26 9.702040e-01 8.040000e-03 2.175600e-02
27 9.686200e-01 8.176000e-03 2.320400e-02
28 9.670880e-01 8.392000e-03 2.452000e-02
29 9.654920e-01 8.568000e-03 2.594000e-02
30 9.640560e-01 8.604000e-03 2.734000e-02
31 9.623400e-01 8.732000e-03 2.892800e-02
32 9.605200e-01 9.016000e-03 3.046400e-02
33 9.587840e-01 9.168000e-03 3.204800e-02
34 9.569880e-01 9.404000e-03 3.360800e-02
35 9.552800e-01 9.548000e-03 3.517200e-02
36 9.533920e-01 9.752000e-03 3.685600e-02
37 9.515880e-01 9.720000e-03 3.869200e-02
38 9.497440e-01 9.780000e-03 4.047600e-02
39 9.478640e-01 9.932000e-03 4.220400e-02
40 9.459520e-01 9.952000e-03 4.409600e-02
41 9.441520e-01 1.004000e-02 4.580800e-02
42 9.423080e-01 1.020800e-02 4.748400e-02
43 9.405240e-01 1.018000e-02 4.929600e-02
44 9.386720e-01 1.017200e-02 5.115600e-02
45 9.366960e-01 1.030400e-02 5.300000e-02
46 9.347680e-01 1.027600e-02 5.495600e-02
47 9.327800e-01 1.040400e-02 5.681600e-02
48 9.309880e-01 1.042800e-02 5.858400e-02
49 9.290880e-01 1.057600e-02 6.033600e-02
50 9.271560e-01 1.069600e-02 6.214800e-02
51 9.251080e-01 1.091600e-02 6.397600e-02
52 9.231400e-01 1.096000e-02 6.590000e-02
53 9.211680e-01 1.102000e-02 6.781200e-02
54 9.190800e-01 1.103200e-02 6.988800e-02
55 9.170200e-01 1.112000e-02 7.186000e-02
56 9.148600e-01 1.129200e-02 7.384800e-02
57 9.129320e-01 1.125600e-02 7.581200e-02
58 9.111680e-01 1.111200e-02 7.772000e-02
59 9.092200e-01 1.102000e-02 7.976000e-02
60 9.072520e-01 1.102000e-02 8.172800e-02
61 9.051960e-01 1.112800e-02 8.367600e-02
62 9.031480e-01 1.141600e-02 8.543600e-02
63 9.012080e-01 1.137200e-02 8.742000e-02
64 8.993080e-01 1.132400e-02 8.936800e-02
65 8.974680e-01 1.114800e-02 9.138400e-02
66 8.956080e-01 1.105600e-02 9.333600e-02
67 8.936600e-01 1.110800e-02 9.523200e-02
68 8.918720e-01 1.096400e-02 9.716400e-02
69 8.901960e-01 1.079200e-02 9.901200e-02
70 8.884000e-01 1.068400e-02 1.009160e-01
71 8.867360e-01 1.052000e-02 1.027440e-01
72 8.851120e-01 1.034000e-02 1.045480e-01
73 8.833600e-01 1.028800e-02 1.063520e-01
74 8.815320e-01 1.034400e-02 1.081240e-01
75 8.798040e-01 1.030000e-02 1.098960e-01
76 8.782080e-01 1.008800e-02 1.117040e-01
77 8.764160e-01 1.008000e-02 1.135040e-01
78 8.747880e-01 9.880000e-03 1.153320e-01
79 8.731120e-01 9.876000e-03 1.170120e-01
80 8.713440e-01 9.976000e-03 1.186800e-01
81 8.696200e-01 9.888000e-03 1.204920e-01
82 8.681320e-01 9.704000e-03 1.221640e-01
83 8.664480e-01 9.748000e-03 1.238040e-01
84 8.646160e-01 9.888000e-03 1.254960e-01
85 8.627080e-01 9.972000e-03 1.273200e-01
86 8.609920e-01 1.008400e-02 1.289240e-01
87 8.592040e-01 1.013600e-02 1.306600e-01
88 8.574640e-01 1.003600e-02 1.325000e-01
89 8.557440e-01 9.964000e-03 1.342920e-01
90 8.540880e-01 9.956000e-03 1.359560e-01
91 8.524360e-01 9.748000e-03 1.378160e-01
92 8.507800e-01 9.720000e-03 1.395000e-01
93 8.492760e-01 9.480000e-03 1.412440e-01
94 8.476000e-01 9.628000e-03 1.427720e-01
95 8.459320e-01 9.672000e-03 1.443960e-01
96 8.442960e-01 9.608000e-03 1.460960e-01
97 8.426280e-01 9.548000e-03 1.478240e-01
98 8.408640e-01 9.548000e-03 1.495880e-01
99 8.392520e-01 9.452000e-03 1.512960e-01
100 8.376400e-01 9.376000e-03 1.529840e-01
101 8.360400e-01 9.384000e-03 1.545760e-01
102 8.342480e-01 9.436000e-03 1.563160e-01
103 8.325320e-01 9.464000e-03 1.580040e-01
104 8.309360e-01 9.364000e-03 1.597000e-01
105 8.292960e-01 9.340000e-03 1.613640e-01
106 8.275680e-01 9.396000e-03 1.630360e-01
107 8.261680e-01 9.152000e-03 1.646800e-01
108 8.248360e-01 8.908000e-03 1.662560e-01
109 8.232800e-01 9.004000e-03 1.677160e-01
110 8.218920e-01 8.856000e-03 1.692520e-01
111 8.204600e-01 8.684000e-03 1.708560e-01
112 8.190600e-01 8.492000e-03 1.724480e-01
113 8.177560e-01 8.368000e-03 1.738760e-01
114 8.164320e-01 8.260000e-03 1.753080e-01
115 8.149520e-01 8.284000e-03 1.767640e-01
116 8.134200e-01 8.224000e-03 1.783560e-01
117 8.119840e-01 8.260000e-03 1.797560e-01
118 8.105400e-01 8.216000e-03 1.812440e-01
119 8.090200e-01 8.168000e-03 1.828120e-01
120 8.077360e-01 8.020000e-03 1.842440e-01
121 8.063080e-01 7.948000e-03 1.857440e-01
122 8.050240e-01 7.888000e-03 1.870880e-01
123 8.039080e-01 7.692000e-03 1.884000e-01
124 8.027720e-01 7.504000e-03 1.897240e-01
125 8.014640e-01 7.612000e-03 1.909240e-01
126 8.001640e-01 7.652000e-03 1.921840e-01
127 7.988200e-01 7.648000e-03 1.935320e-01
128 7.974640e-01 7.644000e-03 1.948920e-01
129 7.961240e-01 7.668000e-03 1.962080e-01
130 7.947840e-01 7.564000e-03 1.976520e-01
131 7.936640e-01 7.480000e-03 1.988560e-01
132 7.923560e-01 7.464000e-03 2.001800e-01
133 7.909960e-01 7.424000e-03 2.015800e-01
134 7.897160e-01 7.348000e-03 2.029360e-01
135 7.883960e-01 7.384000e-03 2.042200e-01
136 7.872000e-01 7.120000e-03 2.056800e-01
137 7.860080e-01 7.148000e-03 2.068440e-01
138 7.847400e-01 7.240000e-03 2.080200e-01
139 7.835520e-01 7.092000e-03 2.093560e-01
140 7.824640e-01 7.056000e-03 2.104800e-01
141 7.812680e-01 7.024000e-03 2.117080e-01
142 7.800240e-01 7.080000e-03 2.128960e-01
143 7.787080e-01 7.152000e-03 2.141400e-01
144 7.775400e-01 7.156000e-03 2.153040e-01
145 7.763400e-01 7.104000e-03 2.165560e-01
146 7.752600e-01 7.012000e-03 2.177280e-01
147 7.740960e-01 6.880000e-03 2.190240e-01
148 7.729200e-01 6.864000e-03 2.202160e-01
149 7.716960e-01 6.952000e-03 2.213520e-01
150 7.704480e-01 6.900000e-03 2.226520e-01
151 7.691200e-01 7.016000e-03 2.238640e-01
152 7.680480e-01 6.968000e-03 2.249840e-01
153 7.669320e-01 6.844000e-03 2.262240e-01
154 7.657760e-01 6.748000e-03 2.274760e-01
155 7.646800e-01 6.696000e-03 2.286240e-01
156 7.636200e-01 6.708000e-03 2.296720e-01
157 7.626440e-01 6.596000e-03 2.307600e-01
158 7.617000e-01 6.440000e-03 2.318600e-01
159 7.606400e-01 6.376000e-03 2.329840e-01
160 7.596880e-01 6.136000e-03 2.341760e-01
161 7.586840e-01 6.096000e-03 2.352200e-01
162 7.577560e-01 5.924000e-03 2.363200e-01
163 7.568320e-01 5.776000e-03 2.373920e-01
164 7.558480e-01 5.716000e-03 2.384360e-01
165 7.549360e-01 5.636000e-03 2.394280e-01
166 7.541160e-01 5.428000e-03 2.404560e-01
167 7.531480e-01 5.456000e-03 2.413960e-01
168 7.522480e-01 5.428000e-03 2.423240e-01
169 7.513400e-01 5.400000e-03 2.432600e-01
170 7.503600e-01 5.472000e-03 2.441680e-01
171 7.493360e-01 5.544000e-03 2.451200e-01
172 7.484760e-01 5.308000e-03 2.462160e-01
173 7.474800e-01 5.368000e-03 2.471520e-01
174 7.466360e-01 5.212000e-03 2.481520e-01
175 7.455280e-01 5.412000e-03 2.490600e-01
176 7.445800e-01 5.512000e-03 2.499080e-01
177 7.435640e-01 5.568000e-03 2.508680e-01
178 7.426920e-01 5.404000e-03 2.519040e-01
179 7.417840e-01 5.384000e-03 2.528320e-01
180 7.408920e-01 5.316000e-03 2.537920e-01
181 7.400520e-01 5.196000e-03 2.547520e-01
182 7.392400e-01 5.044000e-03 2.557160e-01
183 7.383440e-01 5.060000e-03 2.565960e-01
184 7.374480e-01 5.100000e-03 2.574520e-01
185 7.365000e-01 5.220000e-03 2.582800e-01
186 7.357080e-01 5.252000e-03 2.590400e-01
187 7.348880e-01 5.076000e-03 2.600360e-01
188 7.340160e-01 5.128000e-03 2.608560e-01
189 7.330520e-01 5.144000e-03 2.618040e-01
190 7.322120e-01 5.104000e-03 2.626840e-01
191 7.314280e-01 4.996000e-03 2.635760e-01
192 7.305600e-01 5.096000e-03 2.643440e-01
193 7.295400e-01 5.120000e-03 2.653400e-01
194 7.286360e-01 5.148000e-03 2.662160e-01
195 7.276640e-01 5.288000e-03 2.670480e-01
196 7.267920e-01 5.248000e-03 2.679600e-01
197 7.259600e-01 5.148000e-03 2.688920e-01
198 7.249800e-01 5.228000e-03 2.697920e-01
199 7.240360e-01 5.220000e-03 2.707440e-01
200 7.232000e-01 5.180000e-03 2.716200e-01
201 7.223280e-01 5.152000e-03 2.725200e-01
202 7.215120e-01 5.160000e-03 2.733280e-01
203 7.207040e-01 5.092000e-03 2.742040e-01
204 7.199200e-01 4.988000e-03 2.750920e-01
205 7.190920e-01 4.932000e-03 2.759760e-01
206 7.182960e-01 4.864000e-03 2.768400e-01
207 7.174280e-01 4.872000e-03 2.777000e-01
208 7.165320e-01 4.872000e-03 2.785960e-01
209 7.157520e-01 4.792000e-03 2.794560e-01
210 7.150360e-01 4.768000e-03 2.801960e-01
211 7.142000e-01 4.804000e-03 2.809960e-01
212 7.133440e-01 4.792000e-03 2.818640e-01
213 7.126000e-01 4.696000e-03 2.827040e-01
214 7.119040e-01 4.512000e-03 2.835840e-01
215 7.110800e-01 4.580000e-03 2.843400e-01
216 7.103280e-01 4.492000e-03 2.851800e-01
217 7.096200e-01 4.428000e-03 2.859520e-01
218 7.088840e-01 4.404000e-03 2.867120e-01
219 7.082200e-01 4.232000e-03 2.875480e-01
220 7.074760e-01 4.248000e-03 2.882760e-01
221 7.067080e-01 4.228000e-03 2.890640e-01
222 7.059720e-01 4.248000e-03 2.897800e-01
223 7.052480e-01 4.268000e-03 2.904840e-01
224 7.045000e-01 4.232000e-03 2.912680e-01
225 7.037880e-01 4.144000e-03 2.920680e-01
226 7.030400e-01 4.156000e-03 2.928040e-01
227 7.023440e-01 4.140000e-03 2.935160e-01
228 7.015840e-01 4.308000e-03 2.941080e-01
229 7.008000e-01 4.328000e-03 2.948720e-01
230 7.001040e-01 4.204000e-03 2.956920e-01
231 6.992360e-01 4.336000e-03 2.964280e-01
232 6.985880e-01 4.264000e-03 2.971480e-01
233 6.977960e-01 4.280000e-03 2.979240e-01
234 6.971360e-01 4.248000e-03 2.986160e-01
235 6.963560e-01 4.284000e-03 2.993600e-01
236 6.956480e-01 4.204000e-03 3.001480e-01
237 6.948800e-01 4.196000e-03 3.009240e-01
238 6.942280e-01 4.072000e-03 3.017000e-01
239 6.935560e-01 3.976000e-03 3.024680e-01
240 6.928600e-01 3.948000e-03 3.031920e-01
241 6.922400e-01 3.884000e-03 3.038760e-01
242 6.916240e-01 3.768000e-03 3.046080e-01
243 6.909680e-01 3.788000e-03 3.052440e-01
244 6.903760e-01 3.640000e-03 3.059840e-01
245 6.897840e-01 3.580000e-03 3.066360e-01
246 6.891280e-01 3.640000e-03 3.072320e-01
247 6.884800e-01 3.580000e-03 3.079400e-01
248 6.878760e-01 3.616000e-03 3.085080e-01
249 6.872160e-01 3.728000e-03 3.090560e-01
250 6.866200e-01 3.644000e-03 3.097360e-01
251 6.859800e-01 3.644000e-03 3.103760e-01
252 6.853360e-01 3.628000e-03 3.110360e-01
253 6.847040e-01 3.684000e-03 3.116120e-01
254 6.841400e-01 3.712000e-03 3.121480e-01
255 6.835520e-01 3.668000e-03 3.127800e-01
256 6.830400e-01 3.496000e-03 3.134640e-01
257 6.825720e-01 3.308000e-03 3.141200e-01
258 6.819760e-01 3.364000e-03 3.146600e-01
259 6.815040e-01 3.228000e-03 3.152680e-01
260 6.808640e-01 3.328000e-03 3.158080e-01
261 6.803600e-01 3.280000e-03 3.163600e-01
262 6.797440e-01 3.308000e-03 3.169480e-01
263 6.791000e-01 3.344000e-03 3.175560e-01
264 6.784640e-01 3.372000e-03 3.181640e-01
265 6.780520e-01 3.128000e-03 3.188200e-01
266 6.775640e-01 3.112000e-03 3.193240e-01
267 6.770480e-01 3.084000e-03 3.198680e-01
268 6.765440e-01 3.064000e-03 3.203920e-01
269 6.760400e-01 3.028000e-03 3.209320e-01
270 6.756240e-01 2.808000e-03 3.215680e-01
271 6.750880e-01 2.836000e-03 3.220760e-01
272 6.746320e-01 2.812000e-03 3.225560e-01
273 6.742160e-01 2.724000e-03 3.230600e-01
274 6.736920e-01 2.732000e-03 3.235760e-01
275 6.733000e-01 2.688000e-03 3.240120e-01
276 6.729240e-01 2.580000e-03 3.244960e-01
277 6.724840e-01 2.596000e-03 3.249200e-01
278 6.720920e-01 2.544000e-03 3.253640e-01
279 6.717280e-01 2.484000e-03 3.257880e-01
280 6.712160e-01 2.572000e-03 3.262120e-01
281 6.707840e-01 2.536000e-03 3.266800e-01
282 6.704200e-01 2.472000e-03 3.271080e-01
283 6.700400e-01 2.428000e-03 3.275320e-01
284 6.697120e-01 2.312000e-03 3.279760e-01
285 6.693360e-01 2.236000e-03 3.284280e-01
286 6.689760e-01 2.188000e-03 3.288360e-01
287 6.685840e-01 2.200000e-03 3.292160e-01
288 6.682120e-01 2.224000e-03 3.295640e-01
289 6.678560e-01 2.200000e-03 3.299440e-01
290 6.674920e-01 2.264000e-03 3.302440e-01
291 6.671560e-01 2.180000e-03 3.306640e-01
292 6.668400e-01 2.076000e-03 3.310840e-01
293 6.664840e-01 2.028000e-03 3.314880e-01
294 6.661120e-01 2.024000e-03 3.318640e-01
295 6.658000e-01 1.996000e-03 3.322040e-01
296 6.654280e-01 1.996000e-03 3.325760e-01
297 6.650000e-01 2.072000e-03 3.329280e-01
298 6.645760e-01 2.188000e-03 3.332360e-01
299 6.640880e-01 2.276000e-03 3.336360e-01
300 6.636720e-01 2.260000e-03 3.340680e-01
301 6.632800e-01 2.276000e-03 3.344440e-01
302 6.628080e-01 2.284000e-03 3.349080e-01
303 6.623640e-01 2.320000e-03 3.353160e-01
304 6.619080e-01 2.372000e-03 3.357200e-01
305 6.615360e-01 2.348000e-03 3.361160e-01
306 6.611960e-01 2.320000e-03 3.364840e-01
307 6.608320e-01 2.292000e-03 3.368760e-01
308 6.605360e-01 2.208000e-03 3.372560e-01
309 6.601760e-01 2.176000e-03 3.376480e-01
310 6.598640e-01 2.124000e-03 3.380120e-01
311 6.595440e-01 2.012000e-03 3.384440e-01
312 6.592240e-01 1.988000e-03 3.387880e-01
313 6.589280e-01 2.000000e-03 3.390720e-01
314 6.586480e-01 1.944000e-03 3.394080e-01
315 6.583760e-01 1.832000e-03 3.397920e-01
316 6.580600e-01 1.836000e-03 3.401040e-01
317 6.577280e-01 1.856000e-03 3.404160e-01
318 6.574240e-01 1.872000e-03 3.407040e-01
319 6.571800e-01 1.820000e-03 3.410000e-01
320 6.569200e-01 1.740000e-03 3.413400e-01
321 6.566720e-01 1.712000e-03 3.416160e-01
322 6.564440e-01 1.644000e-03 3.419120e-01
323 6.561800e-01 1.652000e-03 3.421680e-01
324 6.559320e-01 1.596000e-03 3.424720e-01
325 6.556560e-01 1.592000e-03 3.427520e-01
326 6.553440e-01 1.608000e-03 3.430480e-01
327 6.550720e-01 1.624000e-03 3.433040e-01
328 6.548080e-01 1.596000e-03 3.435960e-01
329 6.545640e-01 1.572000e-03 3.438640e-01
330 6.543040e-01 1.588000e-03 3.441080e-01
331 6.540240e-01 1.584000e-03 3.443920e-01
332 6.538120e-01 1.516000e-03 3.446720e-01
333 6.536000e-01 1.496000e-03 3.449040e-01
334 6.533000e-01 1.536000e-03 3.451640e-01
335 6.531080e-01 1.500000e-03 3.453920e-01
336 6.527960e-01 1.536000e-03 3.456680e-01
337 6.526000e-01 1.484000e-03 3.459160e-01
338 6.524400e-01 1.352000e-03 3.462080e-01
339 6.522480e-01 1.284000e-03 3.464680e-01
340 6.520920e-01 1.188000e-03 3.467200e-01
341 6.518520e-01 1.280000e-03 3.468680e-01
342 6.516400e-01 1.260000e-03 3.471000e-01
343 6.514560e-01 1.228000e-03 3.473160e-01
344 6.512480e-01 1.236000e-03 3.475160e-01
345 6.510680e-01 1.216000e-03 3.477160e-01
346 6.508240e-01 1.252000e-03 3.479240e-01
347 6.505600e-01 1.260000e-03 3.481800e-01
348 6.503400e-01 1.252000e-03 3.484080e-01
349 6.500920e-01 1.304000e-03 3.486040e-01
350 6.498880e-01 1.320000e-03 3.487920e-01
351 6.496800e-01 1.304000e-03 3.490160e-01
352 6.494840e-01 1.308000e-03 3.492080e-01
353 6.492760e-01 1.312000e-03 3.494120e-01
354 6.491120e-01 1.272000e-03 3.496160e-01
355 6.489200e-01 1.264000e-03 3.498160e-01
356 6.487720e-01 1.160000e-03 3.500680e-01
357 6.485960e-01 1.168000e-03 3.502360e-01
358 6.484200e-01 1.096000e-03 3.504840e-01
359 6.482200e-01 1.144000e-03 3.506360e-01
360 6.479960e-01 1.128000e-03 3.508760e-01
361 6.478440e-01 1.112000e-03 3.510440e-01
362 6.476440e-01 1.100000e-03 3.512560e-01
363 6.474960e-01 1.036000e-03 3.514680e-01
364 6.473160e-01 1.008000e-03 3.516760e-01
365 6.471400e-01 1.020000e-03 3.518400e-01
366 6.469360e-01 1.052000e-03 3.520120e-01
367 6.467520e-01 1.004000e-03 3.522440e-01
368 6.466400e-01 9.720000e-04 3.523880e-01
369 6.465040e-01 9.520000e-04 3.525440e-01
370 6.463280e-01 9.600000e-04 3.527120e-01
371 6.461160e-01 1.012000e-03 3.528720e-01
372 6.459040e-01 1.032000e-03 3.530640e-01
373 6.457600e-01 1.000000e-03 3.532400e-01
374 6.455800e-01 1.040000e-03 3.533800e-01
375 6.453680e-01 1.056000e-03 3.535760e-01
376 6.452160e-01 1.056000e-03 3.537280e-01
377 6.450320e-01 1.072000e-03 3.538960e-01
378 6.447760e-01 1.148000e-03 3.540760e-01
379 6.445960e-01 1.148000e-03 3.542560e-01
380 6.443160e-01 1.256000e-03 3.544280e-01
381 6.440960e-01 1.232000e-03 3.546720e-01
382 6.439120e-01 1.236000e-03 3.548520e-01
383 6.437680e-01 1.148000e-03 3.550840e-01
384 6.436080e-01 1.112000e-03 3.552800e-01
385 6.434080e-01 1.096000e-03 3.554960e-01
386 6.432400e-01 1.080000e-03 3.556800e-01
387 6.430640e-01 1.100000e-03 3.558360e-01
388 6.428480e-01 1.172000e-03 3.559800e-01
389 6.426360e-01 1.192000e-03 3.561720e-01
390 6.424280e-01 1.188000e-03 3.563840e-01
391 6.422400e-01 1.204000e-03 3.565560e-01
392 6.420480e-01 1.196000e-03 3.567560e-01
393 6.418800e-01 1.160000e-03 3.569600e-01
394 6.417600e-01 1.104000e-03 3.571360e-01
395 6.416200e-01 1.036000e-03 3.573440e-01
396 6.414800e-01 1.016000e-03 3.575040e-01
397 6.414200e-01 8.760000e-04 3.577040e-01
398 6.413360e-01 8.280000e-04 3.578360e-01
399 6.412280e-01 7.760000e-04 3.579960e-01
400 6.410840e-01 7.280000e-04 3.581880e-01
401 6.409640e-01 7.040000e-04 3.583320e-01
402 6.408440e-01 6.840000e-04 3.584720e-01
403 6.407600e-01 6.960000e-04 3.585440e-01
404 6.406480e-01 7.000000e-04 3.586520e-01
405 6.405680e-01 6.480000e-04 3.587840e-01
406 6.404600e-01 6.320000e-04 3.589080e-01
407 6.403560e-01 6.280000e-04 3.590160e-01
408 6.402920e-01 6.040000e-04 3.591040e-01
409 6.402200e-01 5.360000e-04 3.592440e-01
410 6.401280e-01 4.960000e-04 3.593760e-01
411 6.400480e-01 5.160000e-04 3.594360e-01
412 6.399480e-01 5.280000e-04 3.595240e-01
413 6.398880e-01 4.840000e-04 3.596280e-01
414 6.398160e-01 4.600000e-04 3.597240e-01
415 6.397200e-01 4.600000e-04 3.598200e-01
416 6.396080e-01 4.960000e-04 3.598960e-01
417 6.395080e-01 4.960000e-04 3.599960e-01
418 6.394120e-01 4.800000e-04 3.601080e-01
419 6.393200e-01 5.080000e-04 3.601720e-01
420 6.392200e-01 5.120000e-04 3.602680e-01
421 6.391320e-01 5.280000e-04 3.603400e-01
422 6.390040e-01 5.480000e-04 3.604480e-01
423 6.389160e-01 5.400000e-04 3.605440e-01
424 6.387960e-01 5.880000e-04 3.606160e-01
425 6.386880e-01 6.080000e-04 3.607040e-01
426 6.385720e-01 6.240000e-04 3.608040e-01
427 6.384480e-01 6.640000e-04 3.608880e-01
428 6.382960e-01 6.720000e-04 3.610320e-01
429 6.381600e-01 6.960000e-04 3.611440e-01
430 6.380360e-01 7.440000e-04 3.612200e-01
431 6.378680e-01 7.800000e-04 3.613520e-01
432 6.377240e-01 7.680000e-04 3.615080e-01
433 6.376200e-01 7.240000e-04 3.616560e-01
434 6.374320e-01 7.640000e-04 3.618040e-01
435 6.373400e-01 7.200000e-04 3.619400e-01
436 6.372120e-01 7.160000e-04 3.620720e-01
437 6.370760e-01 7.040000e-04 3.622200e-01
438 6.368720e-01 7.760000e-04 3.623520e-01
439 6.367040e-01 7.800000e-04 3.625160e-01
440 6.365280e-01 8.320000e-04 3.626400e-01
441 6.363600e-01 8.400000e-04 3.628000e-01
442 6.362240e-01 7.960000e-04 3.629800e-01
443 6.360920e-01 7.680000e-04 3.631400e-01
444 6.359120e-01 8.240000e-04 3.632640e-01
445 6.357480e-01 8.400000e-04 3.634120e-01
446 6.356520e-01 8.360000e-04 3.635120e-01
447 6.355640e-01 7.960000e-04 3.636400e-01
448 6.354000e-01 7.960000e-04 3.638040e-01
449 6.353120e-01 7.360000e-04 3.639520e-01
450 6.351480e-01 7.480000e-04 3.641040e-01
451 6.349920e-01 7.960000e-04 3.642120e-01
452 6.348640e-01 7.520000e-04 3.643840e-01
453 6.347840e-01 7.200000e-04 3.644960e-01
454 6.347080e-01 6.840000e-04 3.646080e-01
455 6.346080e-01 6.440000e-04 3.647480e-01
456 6.345080e-01 6.080000e-04 3.648840e-01
457 6.344360e-01 5.680000e-04 3.649960e-01
458 6.343720e-01 5.520000e-04 3.650760e-01
459 6.342960e-01 4.960000e-04 3.652080e-01
460 6.342320e-01 4.520000e-04 3.653160e-01
461 6.341360e-01 4.680000e-04 3.653960e-01
462 6.340240e-01 4.840000e-04 3.654920e-01
463 6.338920e-01 5.280000e-04 3.655800e-01
464 6.337600e-01 5.800000e-04 3.656600e-01
465 6.336240e-01 6.440000e-04 3.657320e-01
466 6.335280e-01 5.880000e-04 3.658840e-01
467 6.334160e-01 5.360000e-04 3.660480e-01
468 6.333640e-01 5.160000e-04 3.661200e-01
469 6.332880e-01 5.000000e-04 3.662120e-01
470 6.331960e-01 5.080000e-04 3.662960e-01
471 6.330960e-01 4.840000e-04 3.664200e-01
472 6.330080e-01 5.320000e-04 3.664600e-01
473 6.328360e-01 5.840000e-04 3.665800e-01
474 6.326840e-01 6.440000e-04 3.666720e-01
475 6.325440e-01 6.960000e-04 3.667600e-01
476 6.323720e-01 7.360000e-04 3.668920e-01
477 6.322440e-01 7.360000e-04 3.670200e-01
478 6.321240e-01 7.360000e-04 3.671400e-01
479 6.319640e-01 7.800000e-04 3.672560e-01
480 6.318520e-01 7.880000e-04 3.673600e-01
481 6.317000e-01 8.080000e-04 3.674920e-01
482 6.315840e-01 7.760000e-04 3.676400e-01
483 6.314640e-01 7.120000e-04 3.678240e-01
484 6.313480e-01 6.520000e-04 3.680000e-01
485 6.312360e-01 7.040000e-04 3.680600e-01
486 6.311240e-01 6.800000e-04 3.681960e-01
487 6.310440e-01 6.400000e-04 3.683160e-01
488 6.309360e-01 6.440000e-04 3.684200e-01
489 6.308600e-01 6.160000e-04 3.685240e-01
490 6.308040e-01 5.160000e-04 3.686800e-01
491 6.307280e-01 5.040000e-04 3.687680e-01
492 6.306200e-01 5.280000e-04 3.688520e-01
493 6.305520e-01 5.080000e-04 3.689400e-01
494 6.304520e-01 5.040000e-04 3.690440e-01
495 6.303960e-01 4.920000e-04 3.691120e-01
496 6.303440e-01 4.440000e-04 3.692120e-01
497 6.302800e-01 4.400000e-04 3.692800e-01
498 6.302360e-01 4.480000e-04 3.693160e-01
499 6.302120e-01 4.000000e-04 3.693880e-01
500 6.301680e-01 3.560000e-04 3.694760e-01
