1 9.992240e-01 6.880000e-04 8.800000e-05
2 9.987480e-01 1.012000e-03 2.400000e-04
3 9.981480e-01 1.436000e-03 4.160000e-04
4 9.973760e-01 1.896000e-03 7.280000e-04
5 9.966800e-01 2.248000e-03 1.072000e-03
6 9.958640e-01 2.560000e-03 1.576000e-03
7 9.949560e-01 2.984000e-03 2.060000e-03
8 9.940440e-01 3.308000e-03 2.648000e-03
9 9.929760e-01 3.760000e-03 3.264000e-03
10 9.918920e-01 4.076000e-03 4.032000e-03
11 9.908040e-01 4.416000e-03 4.780000e-03
12 9.897000e-01 4.764000e-03 5.536000e-03
13 9.884720e-01 5.132000e-03 6.396000e-03
14 9.871800e-01 5.464000e-03 7.356000e-03
15 9.859000e-01 5.732000e-03 8.368000e-03
16 9.845400e-01 6.120000e-03 9.340000e-03
17 9.833080e-01 6.236000e-03 1.045600e-02
18 9.819680e-01 6.472000e-03 1.156000e-02
19 9.807360e-01 6.544000e-03 1.272000e-02
20 9.794320e-01 6.696000e-03 1.387200e-02
21 9.780960e-01 6.836000e-03 1.506800e-02
22 9.767000e-01 6.988000e-03 1.631200e-02
23 9.751960e-01 7.260000e-03 1.754400e-02
24 9.737120e-01 7.464000e-03 1.882400e-02
25 9.721760e-01 7.616000e-03 2.020800e-02
26 9.707440e-01 7.624000e-03 2.163200e-02
27 9.692280e-01 7.860000e-03 2.291200e-02
28 9.676240e-01 8.148000e-03 2.422800e-02
29 9.660040e-01 8.420000e-03 2.557600e-02
30 9.644640e-01 8.528000e-03 2.700800e-02
31 9.628640e-01 8.684000e-03 2.845200e-02
32 9.612320e-01 8.764000e-03 3.000400e-02
33 9.595920e-01 8.816000e-03 3.159200e-02
34 9.578520e-01 8.932000e-03 3.321600e-02
35 9.559680e-01 9.252000e-03 3.478000e-02
36 9.541600e-01 9.348000e-03 3.649200e-02
37 9.524440e-01 9.344000e-03 3.821200e-02
38 9.508240e-01 9.344000e-03 3.983200e-02
39 9.490120e-01 9.464000e-03 4.152400e-02
40 9.473600e-01 9.456000e-03 4.318400e-02
41 9.457480e-01 9.472000e-03 4.478000e-02
42 9.440560e-01 9.592000e-03 4.635200e-02
43 9.421560e-01 9.820000e-03 4.802400e-02
44 9.402880e-01 9.964000e-03 4.974800e-02
45 9.384760e-01 1.000800e-02 5.151600e-02
46 9.366080e-01 1.022400e-02 5.316800e-02
47 9.346920e-01 1.036800e-02 5.494000e-02
48 9.328200e-01 1.051600e-02 5.666400e-02
49 9.307960e-01 1.060800e-02 5.859600e-02
50 9.288440e-01 1.059600e-02 6.056000e-02
51 9.268040e-01 1.076800e-02 6.242800e-02
52 9.247760e-01 1.078400e-02 6.444000e-02
53 9.227400e-01 1.091600e-02 6.634400e-02
54 9.208280e-01 1.078400e-02 6.838800e-02
55 9.190520e-01 1.058000e-02 7.036800e-02
56 9.171920e-01 1.057200e-02 7.223600e-02
57 9.153360e-01 1.078000e-02 7.388400e-02
58 9.132600e-01 1.101200e-02 7.572800e-02
59 9.113160e-01 1.092000e-02 7.776400e-02
60 9.095080e-01 1.071600e-02 7.977600e-02
61 9.077560e-01 1.050000e-02 8.174400e-02
62 9.058560e-01 1.047200e-02 8.367200e-02
63 9.039400e-01 1.064800e-02 8.541200e-02
64 9.020280e-01 1.072000e-02 8.725200e-02
65 8.999560e-01 1.094000e-02 8.910400e-02
66 8.979600e-01 1.105600e-02 9.098400e-02
67 8.956600e-01 1.135600e-02 9.298400e-02
68 8.937960e-01 1.150000e-02 9.470400e-02
69 8.916760e-01 1.156000e-02 9.676400e-02
70 8.893920e-01 1.188400e-02 9.872400e-02
71 8.872440e-01 1.186800e-02 1.008880e-01
72 8.850960e-01 1.201600e-02 1.028880e-01
73 8.829200e-01 1.215600e-02 1.049240e-01
74 8.808400e-01 1.219200e-02 1.069680e-01
75 8.787880e-01 1.217200e-02 1.090400e-01
76 8.766640e-01 1.210400e-02 1.112320e-01
77 8.745800e-01 1.215200e-02 1.132680e-01
78 8.725560e-01 1.208800e-02 1.153560e-01
79 8.705000e-01 1.215600e-02 1.173440e-01
80 8.682760e-01 1.230800e-02 1.194160e-01
81 8.660800e-01 1.248000e-02 1.214400e-01
82 8.637280e-01 1.270800e-02 1.235640e-01
83 8.614240e-01 1.293200e-02 1.256440e-01
84 8.590960e-01 1.295200e-02 1.279520e-01
85 8.569600e-01 1.262000e-02 1.304200e-01
86 8.547480e-01 1.254000e-02 1.327120e-01
87 8.525080e-01 1.240800e-02 1.350840e-01
88 8.503000e-01 1.254800e-02 1.371520e-01
89 8.481480e-01 1.256400e-02 1.392880e-01
90 8.458320e-01 1.254800e-02 1.416200e-01
91 8.436440e-01 1.254400e-02 1.438120e-01
92 8.414320e-01 1.258800e-02 1.459800e-01
93 8.392920e-01 1.238000e-02 1.483280e-01
94 8.371760e-01 1.243200e-02 1.503920e-01
95 8.351080e-01 1.230800e-02 1.525840e-01
96 8.329840e-01 1.218000e-02 1.548360e-01
97 8.308800e-01 1.229200e-02 1.568280e-01
98 8.286360e-01 1.236800e-02 1.589960e-01
99 8.264600e-01 1.235200e-02 1.611880e-01
100 8.246160e-01 1.203600e-02 1.633480e-01
101 8.227760e-01 1.178000e-02 1.654440e-01
102 8.207440e-01 1.178000e-02 1.674760e-01
103 8.190400e-01 1.165600e-02 1.693040e-01
104 8.171760e-01 1.146400e-02 1.713600e-01
105 8.153920e-01 1.127600e-02 1.733320e-01
106 8.135680e-01 1.114400e-02 1.752880e-01
107 8.118520e-01 1.096000e-02 1.771880e-01
108 8.100240e-01 1.087600e-02 1.791000e-01
109 8.082120e-01 1.068800e-02 1.811000e-01
110 8.063800e-01 1.058800e-02 1.830320e-01
111 8.046000e-01 1.054000e-02 1.848600e-01
112 8.026160e-01 1.071600e-02 1.866680e-01
113 8.007680e-01 1.067200e-02 1.885600e-01
114 7.988320e-01 1.080000e-02 1.903680e-01
115 7.969240e-01 1.092800e-02 1.921480e-01
116 7.949960e-01 1.102400e-02 1.939800e-01
117 7.929480e-01 1.116800e-02 1.958840e-01
118 7.911440e-01 1.100400e-02 1.978520e-01
119 7.892600e-01 1.093600e-02 1.998040e-01
120 7.872320e-01 1.124400e-02 2.015240e-01
121 7.853600e-01 1.118000e-02 2.034600e-01
122 7.834320e-01 1.121200e-02 2.053560e-01
123 7.815480e-01 1.129200e-02 2.071600e-01
124 7.796320e-01 1.119600e-02 2.091720e-01
125 7.779760e-01 1.091600e-02 2.111080e-01
126 7.762880e-01 1.057200e-02 2.131400e-01
127 7.744640e-01 1.044400e-02 2.150920e-01
128 7.727360e-01 1.027600e-02 2.169880e-01
129 7.709080e-01 1.048800e-02 2.186040e-01
130 7.692800e-01 1.018000e-02 2.205400e-01
131 7.676440e-01 1.012000e-02 2.222360e-01
132 7.658560e-01 1.006000e-02 2.240840e-01
133 7.640240e-01 1.020800e-02 2.257680e-01
134 7.621600e-01 1.019200e-02 2.276480e-01
135 7.605120e-01 1.017200e-02 2.293160e-01
136 7.587760e-01 1.020800e-02 2.310160e-01
137 7.570000e-01 1.027200e-02 2.327280e-01
138 7.553400e-01 1.025200e-02 2.344080e-01
139 7.537160e-01 1.009200e-02 2.361920e-01
140 7.520920e-01 1.009600e-02 2.378120e-01
141 7.504120e-01 1.003200e-02 2.395560e-01
142 7.487720e-01 9.880000e-03 2.413480e-01
143 7.472680e-01 9.548000e-03 2.431840e-01
144 7.456120e-01 9.496000e-03 2.448920e-01
145 7.440280e-01 9.464000e-03 2.465080e-01
146 7.425880e-01 9.316000e-03 2.480960e-01
147 7.410600e-01 9.224000e-03 2.497160e-01
148 7.396800e-01 9.072000e-03 2.512480e-01
149 7.380080e-01 9.136000e-03 2.528560e-01
150 7.364280e-01 9.128000e-03 2.544440e-01
151 7.348520e-01 9.048000e-03 2.561000e-01
152 7.332120e-01 9.192000e-03 2.575960e-01
153 7.316960e-01 9.080000e-03 2.592240e-01
154 7.301640e-01 8.916000e-03 2.609200e-01
155 7.286760e-01 8.848000e-03 2.624760e-01
156 7.272960e-01 8.644000e-03 2.640600e-01
157 7.258200e-01 8.588000e-03 2.655920e-01
158 7.244400e-01 8.408000e-03 2.671520e-01
159 7.231600e-01 8.316000e-03 2.685240e-01
160 7.218120e-01 8.284000e-03 2.699040e-01
161 7.204200e-01 8.300000e-03 2.712800e-01
162 7.189400e-01 8.308000e-03 2.727520e-01
163 7.174880e-01 8.356000e-03 2.741560e-01
164 7.161400e-01 8.324000e-03 2.755360e-01
165 7.147240e-01 8.260000e-03 2.770160e-01
166 7.133920e-01 8.184000e-03 2.784240e-01
167 7.120200e-01 8.112000e-03 2.798680e-01
168 7.106600e-01 8.040000e-03 2.813000e-01
169 7.093640e-01 7.976000e-03 2.826600e-01
170 7.080440e-01 7.916000e-03 2.840400e-01
171 7.067240e-01 7.872000e-03 2.854040e-01
172 7.053960e-01 7.848000e-03 2.867560e-01
173 7.039400e-01 7.872000e-03 2.881880e-01
174 7.024920e-01 7.992000e-03 2.895160e-01
175 7.009440e-01 8.032000e-03 2.910240e-01
176 6.996440e-01 7.948000e-03 2.924080e-01
177 6.981280e-01 8.048000e-03 2.938240e-01
178 6.966080e-01 8.252000e-03 2.951400e-01
179 6.952560e-01 8.152000e-03 2.965920e-01
180 6.939520e-01 8.044000e-03 2.980040e-01
181 6.926640e-01 7.900000e-03 2.994360e-01
182 6.912600e-01 8.084000e-03 3.006560e-01
183 6.898280e-01 8.144000e-03 3.020280e-01
184 6.886880e-01 7.792000e-03 3.035200e-01
185 6.875440e-01 7.604000e-03 3.048520e-01
186 6.863880e-01 7.456000e-03 3.061560e-01
187 6.851960e-01 7.272000e-03 3.075320e-01
188 6.841480e-01 7.032000e-03 3.088200e-01
189 6.829280e-01 6.936000e-03 3.101360e-01
190 6.817960e-01 6.856000e-03 3.113480e-01
191 6.805120e-01 7.036000e-03 3.124520e-01
192 6.793200e-01 6.960000e-03 3.137200e-01
193 6.781520e-01 6.876000e-03 3.149720e-01
194 6.768640e-01 6.928000e-03 3.162080e-01
195 6.757640e-01 6.772000e-03 3.174640e-01
196 6.746760e-01 6.648000e-03 3.186760e-01
197 6.735240e-01 6.596000e-03 3.198800e-01
198 6.724840e-01 6.436000e-03 3.210800e-01
199 6.713520e-01 6.480000e-03 3.221680e-01
200 6.702320e-01 6.416000e-03 3.233520e-01
201 6.692320e-01 6.308000e-03 3.244600e-01
202 6.682240e-01 6.108000e-03 3.256680e-01
203 6.673560e-01 5.944000e-03 3.267000e-01
204 6.662440e-01 6.000000e-03 3.277560e-01
205 6.653240e-01 5.840000e-03 3.288360e-01
206 6.643080e-01 5.812000e-03 3.298800e-01
207 6.632800e-01 5.848000e-03 3.308720e-01
208 6.622200e-01 5.840000e-03 3.319400e-01
209 6.612480e-01 5.796000e-03 3.329560e-01
210 6.601000e-01 5.844000e-03 3.340560e-01
211 6.591280e-01 5.780000e-03 3.350920e-01
212 6.580440e-01 5.792000e-03 3.361640e-01
213 6.571320e-01 5.636000e-03 3.372320e-01
214 6.561840e-01 5.688000e-03 3.381280e-01
215 6.552800e-01 5.576000e-03 3.391440e-01
216 6.544480e-01 5.460000e-03 3.400920e-01
217 6.534400e-01 5.580000e-03 3.409800e-01
218 6.523440e-01 5.660000e-03 3.419960e-01
219 6.513800e-01 5.744000e-03 3.428760e-01
220 6.504880e-01 5.568000e-03 3.439440e-01
221 6.496280e-01 5.464000e-03 3.449080e-01
222 6.486880e-01 5.372000e-03 3.459400e-01
223 6.478280e-01 5.336000e-03 3.468360e-01
224 6.470840e-01 5.168000e-03 3.477480e-01
225 6.463680e-01 5.088000e-03 3.485440e-01
226 6.455640e-01 4.972000e-03 3.494640e-01
227 6.447160e-01 4.916000e-03 3.503680e-01
228 6.438440e-01 4.952000e-03 3.512040e-01
229 6.430200e-01 4.876000e-03 3.521040e-01
230 6.423240e-01 4.652000e-03 3.530240e-01
231 6.416080e-01 4.500000e-03 3.538920e-01
232 6.409360e-01 4.320000e-03 3.547440e-01
233 6.403120e-01 4.196000e-03 3.554920e-01
234 6.395920e-01 4.116000e-03 3.562920e-01
235 6.389760e-01 3.980000e-03 3.570440e-01
236 6.382920e-01 3.952000e-03 3.577560e-01
237 6.376800e-01 3.784000e-03 3.585360e-01
238 6.370840e-01 3.816000e-03 3.591000e-01
239 6.364560e-01 3.812000e-03 3.597320e-01
240 6.358280e-01 3.708000e-03 3.604640e-01
241 6.352280e-01 3.588000e-03 3.611840e-01
242 6.346520e-01 3.512000e-03 3.618360e-01
243 6.340320e-01 3.520000e-03 3.624480e-01
244 6.334920e-01 3.408000e-03 3.631000e-01
245 6.329920e-01 3.324000e-03 3.636840e-01
246 6.323920e-01 3.260000e-03 3.643480e-01
247 6.318480e-01 3.292000e-03 3.648600e-01
248 6.312120e-01 3.284000e-03 3.655040e-01
249 6.306560e-01 3.284000e-03 3.660600e-01
250 6.301720e-01 3.200000e-03 3.666280e-01
251 6.296920e-01 3.128000e-03 3.671800e-01
252 6.290600e-01 3.220000e-03 3.677200e-01
253 6.285040e-01 3.312000e-03 3.681840e-01
254 6.278920e-01 3.340000e-03 3.687680e-01
255 6.273840e-01 3.280000e-03 3.693360e-01
256 6.268960e-01 3.204000e-03 3.699000e-01
257 6.263480e-01 3.188000e-03 3.704640e-01
258 6.256960e-01 3.380000e-03 3.709240e-01
259 6.251000e-01 3.384000e-03 3.715160e-01
260 6.245440e-01 3.440000e-03 3.720160e-01
261 6.240160e-01 3.328000e-03 3.726560e-01
262 6.234240e-01 3.344000e-03 3.732320e-01
263 6.228640e-01 3.368000e-03 3.737680e-01
264 6.223080e-01 3.376000e-03 3.743160e-01
265 6.217320e-01 3.368000e-03 3.749000e-01
266 6.212360e-01 3.336000e-03 3.754280e-01
267 6.207720e-01 3.228000e-03 3.760000e-01
268 6.201920e-01 3.296000e-03 3.765120e-01
269 6.196560e-01 3.288000e-03 3.770560e-01
270 6.190760e-01 3.256000e-03 3.776680e-01
271 6.183720e-01 3.404000e-03 3.782240e-01
272 6.177960e-01 3.376000e-03 3.788280e-01
273 6.172160e-01 3.296000e-03 3.794880e-01
274 6.166880e-01 3.208000e-03 3.801040e-01
275 6.161560e-01 3.204000e-03 3.806400e-01
276 6.155880e-01 3.248000e-03 3.811640e-01
277 6.149680e-01 3.308000e-03 3.817240e-01
278 6.145000e-01 3.224000e-03 3.822760e-01
279 6.139360e-01 3.248000e-03 3.828160e-01
280 6.133960e-01 3.264000e-03 3.833400e-01
281 6.129160e-01 3.156000e-03 3.839280e-01
282 6.123960e-01 3.236000e-03 3.843680e-01
283 6.119120e-01 3.172000e-03 3.849160e-01
284 6.112720e-01 3.220000e-03 3.855080e-01
285 6.107520e-01 3.172000e-03 3.860760e-01
286 6.102560e-01 3.092000e-03 3.866520e-01
287 6.096440e-01 3.168000e-03 3.871880e-01
288 6.091400e-01 3.032000e-03 3.878280e-01
289 6.085680e-01 3.036000e-03 3.883960e-01
290 6.079800e-01 3.072000e-03 3.889480e-01
291 6.074880e-01 3.000000e-03 3.895120e-01
292 6.068840e-01 2.964000e-03 3.901520e-01
293 6.062720e-01 3.020000e-03 3.907080e-01
294 6.057080e-01 3.020000e-03 3.912720e-01
295 6.051200e-01 3.080000e-03 3.918000e-01
296 6.046280e-01 3.052000e-03 3.923200e-01
297 6.040400e-01 3.140000e-03 3.928200e-01
298 6.034000e-01 3.196000e-03 3.934040e-01
299 6.028440e-01 3.208000e-03 3.939480e-01
300 6.023000e-01 3.148000e-03 3.945520e-01
301 6.017360e-01 3.116000e-03 3.951480e-01
302 6.011000e-01 3.172000e-03 3.957280e-01
303 6.006000e-01 3.140000e-03 3.962600e-01
304 6.001040e-01 3.124000e-03 3.967720e-01
305 5.996440e-01 3.044000e-03 3.973120e-01
306 5.992040e-01 3.000000e-03 3.977960e-01
307 5.986720e-01 3.016000e-03 3.983120e-01
308 5.982080e-01 2.904000e-03 3.988880e-01
309 5.978160e-01 2.724000e-03 3.994600e-01
310 5.973920e-01 2.624000e-03 3.999840e-01
311 5.969200e-01 2.668000e-03 4.004120e-01
312 5.964760e-01 2.684000e-03 4.008400e-01
313 5.961400e-01 2.600000e-03 4.012600e-01
314 5.957720e-01 2.492000e-03 4.017360e-01
315 5.954080e-01 2.452000e-03 4.021400e-01
316 5.950920e-01 2.356000e-03 4.025520e-01
317 5.947280e-01 2.316000e-03 4.029560e-01
318 5.943640e-01 2.276000e-03 4.033600e-01
319 5.939960e-01 2.248000e-03 4.037560e-01
320 5.935560e-01 2.328000e-03 4.041160e-01
321 5.931680e-01 2.288000e-03 4.045440e-01
322 5.928680e-01 2.204000e-03 4.049280e-01
323 5.924040e-01 2.268000e-03 4.053280e-01
324 5.919360e-01 2.364000e-03 4.057000e-01
325 5.915360e-01 2.320000e-03 4.061440e-01
326 5.911520e-01 2.312000e-03 4.065360e-01
327 5.907800e-01 2.260000e-03 4.069600e-01
328 5.904880e-01 2.164000e-03 4.073480e-01
329 5.900680e-01 2.188000e-03 4.077440e-01
330 5.896600e-01 2.204000e-03 4.081360e-01
331 5.892320e-01 2.272000e-03 4.084960e-01
332 5.888520e-01 2.340000e-03 4.088080e-01
333 5.884040e-01 2.388000e-03 4.092080e-01
334 5.880080e-01 2.332000e-03 4.096600e-01
335 5.876320e-01 2.372000e-03 4.099960e-01
336 5.871960e-01 2.356000e-03 4.104480e-01
337 5.868200e-01 2.252000e-03 4.109280e-01
338 5.863640e-01 2.328000e-03 4.113080e-01
339 5.860000e-01 2.296000e-03 4.117040e-01
340 5.855720e-01 2.324000e-03 4.121040e-01
341 5.852360e-01 2.256000e-03 4.125080e-01
342 5.849280e-01 2.212000e-03 4.128600e-01
343 5.844960e-01 2.240000e-03 4.132640e-01
344 5.841440e-01 2.200000e-03 4.136560e-01
345 5.837760e-01 2.228000e-03 4.139960e-01
346 5.834480e-01 2.236000e-03 4.143160e-01
347 5.830200e-01 2.232000e-03 4.147480e-01
348 5.826040e-01 2.276000e-03 4.151200e-01
349 5.822280e-01 2.296000e-03 4.154760e-01
350 5.817400e-01 2.380000e-03 4.158800e-01
351 5.813240e-01 2.380000e-03 4.162960e-01
352 5.809040e-01 2.348000e-03 4.167480e-01
353 5.804560e-01 2.384000e-03 4.171600e-01
354 5.800840e-01 2.312000e-03 4.176040e-01
355 5.796840e-01 2.348000e-03 4.179680e-01
356 5.792560e-01 2.420000e-03 4.183240e-01
357 5.789240e-01 2.332000e-03 4.187440e-01
358 5.784800e-01 2.400000e-03 4.191200e-01
359 5.780520e-01 2.432000e-03 4.195160e-01
360 5.777000e-01 2.340000e-03 4.199600e-01
361 5.772960e-01 2.276000e-03 4.204280e-01
362 5.768680e-01 2.292000e-03 4.208400e-01
363 5.763800e-01 2.388000e-03 4.212320e-01
364 5.759760e-01 2.356000e-03 4.216680e-01
365 5.755480e-01 2.320000e-03 4.221320e-01
366 5.752320e-01 2.200000e-03 4.225680e-01
367 5.749600e-01 2.108000e-03 4.229320e-01
368 5.746120e-01 2.016000e-03 4.233720e-01
369 5.742520e-01 2.044000e-03 4.237040e-01
370 5.739160e-01 2.060000e-03 4.240240e-01
371 5.737200e-01 1.952000e-03 4.243280e-01
372 5.733960e-01 1.976000e-03 4.246280e-01
373 5.730600e-01 1.952000e-03 4.249880e-01
374 5.727520e-01 1.984000e-03 4.252640e-01
375 5.724560e-01 2.008000e-03 4.255360e-01
376 5.722040e-01 1.916000e-03 4.258800e-01
377 5.719360e-01 1.880000e-03 4.261840e-01
378 5.716680e-01 1.824000e-03 4.265080e-01
379 5.713600e-01 1.840000e-03 4.268000e-01
380 5.711120e-01 1.728000e-03 4.271600e-01
381 5.708320e-01 1.672000e-03 4.274960e-01
382 5.705320e-01 1.700000e-03 4.277680e-01
383 5.701760e-01 1.772000e-03 4.280520e-01
384 5.699000e-01 1.696000e-03 4.284040e-01
385 5.696040e-01 1.708000e-03 4.286880e-01
386 5.692600e-01 1.744000e-03 4.289960e-01
387 5.689800e-01 1.772000e-03 4.292480e-01
388 5.686680e-01 1.776000e-03 4.295560e-01
389 5.683640e-01 1.792000e-03 4.298440e-01
390 5.680800e-01 1.736000e-03 4.301840e-01
391 5.678440e-01 1.652000e-03 4.305040e-01
392 5.675240e-01 1.644000e-03 4.308320e-01
393 5.672240e-01 1.652000e-03 4.311240e-01
394 5.669240e-01 1.668000e-03 4.314080e-01
395 5.665920e-01 1.664000e-03 4.317440e-01
396 5.663720e-01 1.620000e-03 4.320080e-01
397 5.660880e-01 1.632000e-03 4.322800e-01
398 5.658600e-01 1.576000e-03 4.325640e-01
399 5.656360e-01 1.464000e-03 4.329000e-01
400 5.654280e-01 1.456000e-03 4.331160e-01
401 5.651800e-01 1.436000e-03 4.333840e-01
402 5.648960e-01 1.472000e-03 4.336320e-01
403 5.646520e-01 1.448000e-03 4.339000e-01
404 5.644040e-01 1.504000e-03 4.340920e-01
405 5.641720e-01 1.548000e-03 4.342800e-01
406 5.639200e-01 1.564000e-03 4.345160e-01
407 5.636760e-01 1.548000e-03 4.347760e-01
408 5.634320e-01 1.548000e-03 4.350200e-01
409 5.631800e-01 1.580000e-03 4.352400e-01
410 5.629440e-01 1.540000e-03 4.355160e-01
411 5.627120e-01 1.548000e-03 4.357400e-01
412 5.625000e-01 1.496000e-03 4.360040e-01
413 5.622480e-01 1.488000e-03 4.362640e-01
414 5.620120e-01 1.496000e-03 4.364920e-01
415 5.617680e-01 1.472000e-03 4.367600e-01
416 5.615400e-01 1.444000e-03 4.370160e-01
417 5.613160e-01 1.416000e-03 4.372680e-01
418 5.611000e-01 1.348000e-03 4.375520e-01
419 5.609480e-01 1.312000e-03 4.377400e-01
420 5.607480e-01 1.288000e-03 4.379640e-01
421 5.605400e-01 1.292000e-03 4.381680e-01
422 5.603920e-01 1.168000e-03 4.384400e-01
423 5.602080e-01 1.164000e-03 4.386280e-01
424 5.599640e-01 1.228000e-03 4.388080e-01
425 5.597960e-01 1.184000e-03 4.390200e-01
426 5.595800e-01 1.236000e-03 4.391840e-01
427 5.594200e-01 1.168000e-03 4.394120e-01
428 5.592920e-01 1.060000e-03 4.396480e-01
429 5.591160e-01 1.016000e-03 4.398680e-01
430 5.589640e-01 9.720000e-04 4.400640e-01
431 5.588320e-01 9.840000e-04 4.401840e-01
432 5.586760e-01 9.800000e-04 4.403440e-01
433 5.585400e-01 9.160000e-04 4.405440e-01
434 5.584120e-01 9.200000e-04 4.406680e-01
435 5.582440e-01 8.920000e-04 4.408640e-01
436 5.580880e-01 9.000000e-04 4.410120e-01
437 5.579240e-01 9.040000e-04 4.411720e-01
438 5.578000e-01 8.640000e-04 4.413360e-01
439 5.576560e-01 8.560000e-04 4.414880e-01
440 5.574880e-01 8.600000e-04 4.416520e-01
441 5.573240e-01 9.000000e-04 4.417760e-01
442 5.571800e-01 8.640000e-04 4.419560e-01
443 5.570480e-01 8.440000e-04 4.421080e-01
444 5.569360e-01 8.160000e-04 4.422480e-01
445 5.567720e-01 8.240000e-04 4.424040e-01
446 5.566560e-01 7.640000e-04 4.425800e-01
447 5.565240e-01 7.360000e-04 4.427400e-01
448 5.564120e-01 7.680000e-04 4.428200e-01
449 5.562840e-01 7.640000e-04 4.429520e-01
450 5.562000e-01 7.120000e-04 4.430880e-01
451 5.560840e-01 7.120000e-04 4.432040e-01
452 5.559520e-01 7.040000e-04 4.433440e-01
453 5.558840e-01 6.200000e-04 4.434960e-01
454 5.557400e-01 6.280000e-04 4.436320e-01
455 5.556840e-01 5.800000e-04 4.437360e-01
456 5.555520e-01 6.480000e-04 4.438000e-01
457 5.553760e-01 7.160000e-04 4.439080e-01
458 5.552680e-01 6.720000e-04 4.440600e-01
459 5.551320e-01 6.600000e-04 4.442080e-01
460 5.549880e-01 6.920000e-04 4.443200e-01
461 5.548640e-01 7.040000e-04 4.444320e-01
462 5.547240e-01 7.400000e-04 4.445360e-01
463 5.546160e-01 7.440000e-04 4.446400e-01
464 5.544760e-01 7.520000e-04 4.447720e-01
465 5.543480e-01 6.800000e-04 4.449720e-01
466 5.542440e-01 6.840000e-04 4.450720e-01
467 5.541680e-01 6.360000e-04 4.451960e-01
468 5.541080e-01 5.880000e-04 4.453040e-01
469 5.540560e-01 5.400000e-04 4.454040e-01
470 5.539280e-01 5.480000e-04 4.455240e-01
471 5.538320e-01 5.440000e-04 4.456240e-01
472 5.537120e-01 5.880000e-04 4.457000e-01
473 5.535840e-01 5.880000e-04 4.458280e-01
474 5.534880e-01 5.560000e-04 4.459560e-01
475 5.534000e-01 5.480000e-04 4.460520e-01
476 5.533440e-01 5.200000e-04 4.461360e-01
477 5.532920e-01 5.040000e-04 4.462040e-01
478 5.531840e-01 5.040000e-04 4.463120e-01
479 5.531000e-01 4.920000e-04 4.464080e-01
480 5.530480e-01 4.560000e-04 4.464960e-01
481 5.529960e-01 4.360000e-04 4.465680e-01
482 5.529320e-01 4.360000e-04 4.466320e-01
483 5.528560e-01 4.400000e-04 4.467040e-01
484 5.527920e-01 4.320000e-04 4.467760e-01
485 5.526880e-01 4.320000e-04 4.468800e-01
486 5.526200e-01 4.320000e-04 4.469480e-01
487 5.525560e-01 4.160000e-04 4.470280e-01
488 5.524600e-01 4.240000e-04 4.471160e-01
489 5.523720e-01 4.640000e-04 4.471640e-01
490 5.522920e-01 4.160000e-04 4.472920e-01
491 5.521840e-01 4.600000e-04 4.473560e-01
492 5.521000e-01 4.760000e-04 4.474240e-01
493 5.519960e-01 4.640000e-04 4.475400e-01
494 5.518840e-01 4.920000e-04 4.476240e-01
495 5.517360e-01 5.840000e-04 4.476800e-01
496 5.516240e-01 5.720000e-04 4.478040e-01
497 5.514200e-01 6.800000e-04 4.479000e-01
498 5.512640e-01 7.080000e-04 4.480280e-01
499 5.511120e-01 7.320000e-04 4.481560e-01
500 5.509720e-01 7.440000e-04 4.482840e-01
