1 9.990960e-01 8.080000e-04 9.600000e-05
2 9.984880e-01 1.268000e-03 2.440000e-04
3 9.977640e-01 1.764000e-03 4.720000e-04
4 9.969520e-01 2.232000e-03 8.160000e-04
5 9.962400e-01 2.564000e-03 1.196000e-03
6 9.954040e-01 2.932000e-03 1.664000e-03
7 9.944560e-01 3.332000e-03 2.212000e-03
8 9.934800e-01 3.792000e-03 2.728000e-03
9 9.925240e-01 4.068000e-03 3.408000e-03
10 9.915760e-01 4.304000e-03 4.120000e-03
11 9.904880e-01 4.668000e-03 4.844000e-03
12 9.892400e-01 5.032000e-03 5.728000e-03
13 9.879320e-01 5.408000e-03 6.660000e-03
14 9.867080e-01 5.648000e-03 7.644000e-03
15 9.854360e-01 5.908000e-03 8.656000e-03
16 9.841760e-01 6.028000e-03 9.796000e-03
17 9.829200e-01 6.192000e-03 1.088800e-02
18 9.815560e-01 6.456000e-03 1.198800e-02
19 9.800760e-01 6.740000e-03 1.318400e-02
20 9.785280e-01 7.088000e-03 1.438400e-02
21 9.770880e-01 7.264000e-03 1.564800e-02
22 9.756680e-01 7.476000e-03 1.685600e-02
23 9.739920e-01 7.932000e-03 1.807600e-02
24 9.723600e-01 8.124000e-03 1.951600e-02
25 9.707400e-01 8.332000e-03 2.092800e-02
26 9.690520e-01 8.504000e-03 2.244400e-02
27 9.673000e-01 8.756000e-03 2.394400e-02
28 9.654560e-01 9.116000e-03 2.542800e-02
29 9.637280e-01 9.032000e-03 2.724000e-02
30 9.621400e-01 8.972000e-03 2.888800e-02
31 9.603960e-01 9.216000e-03 3.038800e-02
32 9.586560e-01 9.248000e-03 3.209600e-02
33 9.569760e-01 9.240000e-03 3.378400e-02
34 9.552800e-01 9.456000e-03 3.526400e-02
35 9.534480e-01 9.840000e-03 3.671200e-02
36 9.514880e-01 1.004400e-02 3.846800e-02
37 9.496240e-01 1.017200e-02 4.020400e-02
38 9.477080e-01 1.028800e-02 4.200400e-02
39 9.456920e-01 1.048400e-02 4.382400e-02
40 9.439080e-01 1.045200e-02 4.564000e-02
41 9.421200e-01 1.048800e-02 4.739200e-02
42 9.400800e-01 1.054000e-02 4.938000e-02
43 9.379640e-01 1.078000e-02 5.125600e-02
44 9.360080e-01 1.080000e-02 5.319200e-02
45 9.340200e-01 1.089200e-02 5.508800e-02
46 9.319520e-01 1.103600e-02 5.701200e-02
47 9.298480e-01 1.123200e-02 5.892000e-02
48 9.278040e-01 1.140800e-02 6.078800e-02
49 9.257600e-01 1.140800e-02 6.283200e-02
50 9.238600e-01 1.137600e-02 6.476400e-02
51 9.221840e-01 1.098800e-02 6.682800e-02
52 9.204760e-01 1.074000e-02 6.878400e-02
53 9.186400e-01 1.064800e-02 7.071200e-02
54 9.169040e-01 1.055200e-02 7.254400e-02
55 9.151080e-01 1.036800e-02 7.452400e-02
56 9.133560e-01 1.036800e-02 7.627600e-02
57 9.117280e-01 1.021200e-02 7.806000e-02
58 9.099400e-01 1.010400e-02 7.995600e-02
59 9.079040e-01 1.029600e-02 8.180000e-02
60 9.060440e-01 1.043200e-02 8.352400e-02
61 9.041400e-01 1.055200e-02 8.530800e-02
62 9.022120e-01 1.073600e-02 8.705200e-02
63 9.003840e-01 1.068800e-02 8.892800e-02
64 8.984280e-01 1.058800e-02 9.098400e-02
65 8.965560e-01 1.071600e-02 9.272800e-02
66 8.946000e-01 1.083600e-02 9.456400e-02
67 8.926280e-01 1.076000e-02 9.661200e-02
68 8.906840e-01 1.082000e-02 9.849600e-02
69 8.887640e-01 1.088400e-02 1.003520e-01
70 8.868080e-01 1.103600e-02 1.021560e-01
71 8.850000e-01 1.084400e-02 1.041560e-01
72 8.832920e-01 1.068400e-02 1.060240e-01
73 8.813880e-01 1.068800e-02 1.079240e-01
74 8.793720e-01 1.071200e-02 1.099160e-01
75 8.775680e-01 1.073200e-02 1.117000e-01
76 8.759160e-01 1.046000e-02 1.136240e-01
77 8.741480e-01 1.038000e-02 1.154720e-01
78 8.723880e-01 1.025200e-02 1.173600e-01
79 8.705160e-01 1.044000e-02 1.190440e-01
80 8.687280e-01 1.032000e-02 1.209520e-01
81 8.669120e-01 1.041200e-02 1.226760e-01
82 8.650880e-01 1.048800e-02 1.244240e-01
83 8.633080e-01 1.038400e-02 1.263080e-01
84 8.616320e-01 1.025600e-02 1.281120e-01
85 8.599160e-01 1.018400e-02 1.299000e-01
86 8.581000e-01 1.020800e-02 1.316920e-01
87 8.562320e-01 1.026800e-02 1.335000e-01
88 8.544680e-01 1.023600e-02 1.352960e-01
89 8.526600e-01 1.024400e-02 1.370960e-01
90 8.507880e-01 1.028400e-02 1.389280e-01
91 8.488560e-01 1.038000e-02 1.407640e-01
92 8.471560e-01 1.036800e-02 1.424760e-01
93 8.453520e-01 1.034000e-02 1.443080e-01
94 8.436760e-01 1.010800e-02 1.462160e-01
95 8.419360e-01 1.004000e-02 1.480240e-01
96 8.400640e-01 1.008800e-02 1.498480e-01
97 8.383000e-01 1.013600e-02 1.515640e-01
98 8.366560e-01 9.940000e-03 1.534040e-01
99 8.349640e-01 9.820000e-03 1.552160e-01
100 8.333880e-01 9.720000e-03 1.568920e-01
101 8.317920e-01 9.532000e-03 1.586760e-01
102 8.301400e-01 9.428000e-03 1.604320e-01
103 8.285600e-01 9.352000e-03 1.620880e-01
104 8.270200e-01 9.280000e-03 1.637000e-01
105 8.255000e-01 9.096000e-03 1.654040e-01
106 8.239240e-01 8.908000e-03 1.671680e-01
107 8.223920e-01 8.872000e-03 1.687360e-01
108 8.207760e-01 8.920000e-03 1.703040e-01
109 8.191080e-01 9.004000e-03 1.718880e-01
110 8.175760e-01 9.088000e-03 1.733360e-01
111 8.158280e-01 9.248000e-03 1.749240e-01
112 8.143600e-01 8.968000e-03 1.766720e-01
113 8.127480e-01 8.984000e-03 1.782680e-01
114 8.112160e-01 8.968000e-03 1.798160e-01
115 8.097560e-01 8.832000e-03 1.814120e-01
116 8.081360e-01 8.872000e-03 1.829920e-01
117 8.066000e-01 8.880000e-03 1.845200e-01
118 8.051520e-01 8.904000e-03 1.859440e-01
119 8.036880e-01 8.852000e-03 1.874600e-01
120 8.021600e-01 8.840000e-03 1.890000e-01
121 8.006200e-01 8.956000e-03 1.904240e-01
122 7.990480e-01 9.008000e-03 1.919440e-01
123 7.976200e-01 8.800000e-03 1.935800e-01
124 7.960640e-01 8.808000e-03 1.951280e-01
125 7.944720e-01 8.748000e-03 1.967800e-01
126 7.930440e-01 8.688000e-03 1.982680e-01
127 7.915640e-01 8.616000e-03 1.998200e-01
128 7.901320e-01 8.492000e-03 2.013760e-01
129 7.885600e-01 8.632000e-03 2.028080e-01
130 7.871320e-01 8.480000e-03 2.043880e-01
131 7.858120e-01 8.180000e-03 2.060080e-01
132 7.845200e-01 8.156000e-03 2.073240e-01
133 7.832760e-01 7.972000e-03 2.087520e-01
134 7.819840e-01 7.888000e-03 2.101280e-01
135 7.808120e-01 7.744000e-03 2.114440e-01
136 7.794320e-01 7.868000e-03 2.127000e-01
137 7.781160e-01 7.792000e-03 2.140920e-01
138 7.767480e-01 7.832000e-03 2.154200e-01
139 7.753280e-01 7.916000e-03 2.167560e-01
140 7.740040e-01 7.764000e-03 2.182320e-01
141 7.725560e-01 7.768000e-03 2.196760e-01
142 7.710560e-01 7.852000e-03 2.210920e-01
143 7.698040e-01 7.784000e-03 2.224120e-01
144 7.683880e-01 7.828000e-03 2.237840e-01
145 7.668120e-01 8.052000e-03 2.251360e-01
146 7.653600e-01 8.136000e-03 2.265040e-01
147 7.639160e-01 8.148000e-03 2.279360e-01
148 7.622880e-01 8.356000e-03 2.293560e-01
149 7.609400e-01 8.256000e-03 2.308040e-01
150 7.595920e-01 8.140000e-03 2.322680e-01
151 7.580840e-01 8.232000e-03 2.336840e-01
152 7.567280e-01 8.188000e-03 2.350840e-01
153 7.553800e-01 8.116000e-03 2.365040e-01
154 7.539120e-01 8.076000e-03 2.380120e-01
155 7.526680e-01 7.896000e-03 2.394360e-01
156 7.514760e-01 7.644000e-03 2.408800e-01
157 7.501040e-01 7.716000e-03 2.421800e-01
158 7.487080e-01 7.752000e-03 2.435400e-01
159 7.474760e-01 7.744000e-03 2.447800e-01
160 7.462600e-01 7.660000e-03 2.460800e-01
161 7.450000e-01 7.588000e-03 2.474120e-01
162 7.436520e-01 7.656000e-03 2.486920e-01
163 7.425040e-01 7.412000e-03 2.500840e-01
164 7.412640e-01 7.372000e-03 2.513640e-01
165 7.400320e-01 7.240000e-03 2.527280e-01
166 7.388520e-01 7.196000e-03 2.539520e-01
167 7.375640e-01 7.132000e-03 2.553040e-01
168 7.364320e-01 7.028000e-03 2.565400e-01
169 7.351800e-01 6.872000e-03 2.579480e-01
170 7.340240e-01 6.848000e-03 2.591280e-01
171 7.329880e-01 6.640000e-03 2.603720e-01
172 7.318520e-01 6.564000e-03 2.615840e-01
173 7.307000e-01 6.644000e-03 2.626560e-01
174 7.295400e-01 6.664000e-03 2.637960e-01
175 7.283240e-01 6.744000e-03 2.649320e-01
176 7.270960e-01 6.804000e-03 2.661000e-01
177 7.259920e-01 6.772000e-03 2.672360e-01
178 7.248000e-01 6.776000e-03 2.684240e-01
179 7.236800e-01 6.776000e-03 2.695440e-01
180 7.225680e-01 6.716000e-03 2.707160e-01
181 7.215760e-01 6.492000e-03 2.719320e-01
182 7.206360e-01 6.304000e-03 2.730600e-01
183 7.196800e-01 6.124000e-03 2.741960e-01
184 7.187840e-01 6.020000e-03 2.751960e-01
185 7.178400e-01 5.876000e-03 2.762840e-01
186 7.166760e-01 6.088000e-03 2.772360e-01
187 7.155680e-01 6.016000e-03 2.784160e-01
188 7.144960e-01 6.084000e-03 2.794200e-01
189 7.134760e-01 6.000000e-03 2.805240e-01
190 7.126280e-01 5.792000e-03 2.815800e-01
191 7.116080e-01 5.868000e-03 2.825240e-01
192 7.104920e-01 5.952000e-03 2.835560e-01
193 7.095280e-01 5.856000e-03 2.846160e-01
194 7.085440e-01 5.904000e-03 2.855520e-01
195 7.076440e-01 5.816000e-03 2.865400e-01
196 7.066080e-01 6.008000e-03 2.873840e-01
197 7.055560e-01 5.856000e-03 2.885880e-01
198 7.046200e-01 5.800000e-03 2.895800e-01
199 7.036960e-01 5.732000e-03 2.905720e-01
200 7.027080e-01 5.724000e-03 2.915680e-01
201 7.017040e-01 5.656000e-03 2.926400e-01
202 7.007240e-01 5.668000e-03 2.936080e-01
203 6.998320e-01 5.532000e-03 2.946360e-01
204 6.989680e-01 5.344000e-03 2.956880e-01
205 6.979280e-01 5.488000e-03 2.965840e-01
206 6.969640e-01 5.528000e-03 2.975080e-01
207 6.961040e-01 5.508000e-03 2.983880e-01
208 6.951920e-01 5.488000e-03 2.993200e-01
209 6.942720e-01 5.452000e-03 3.002760e-01
210 6.933760e-01 5.368000e-03 3.012560e-01
211 6.923920e-01 5.344000e-03 3.022640e-01
212 6.915080e-01 5.296000e-03 3.031960e-01
213 6.906200e-01 5.196000e-03 3.041840e-01
214 6.897400e-01 5.080000e-03 3.051800e-01
215 6.888160e-01 5.188000e-03 3.059960e-01
216 6.878120e-01 5.280000e-03 3.069080e-01
217 6.869000e-01 5.324000e-03 3.077760e-01
218 6.859640e-01 5.292000e-03 3.087440e-01
219 6.850760e-01 5.188000e-03 3.097360e-01
220 6.841480e-01 5.208000e-03 3.106440e-01
221 6.833000e-01 5.072000e-03 3.116280e-01
222 6.824760e-01 5.080000e-03 3.124440e-01
223 6.816200e-01 5.088000e-03 3.132920e-01
224 6.807680e-01 5.128000e-03 3.141040e-01
225 6.797800e-01 5.252000e-03 3.149680e-01
226 6.787520e-01 5.428000e-03 3.158200e-01
227 6.777320e-01 5.484000e-03 3.167840e-01
228 6.766880e-01 5.560000e-03 3.177520e-01
229 6.757600e-01 5.600000e-03 3.186400e-01
230 6.748000e-01 5.548000e-03 3.196520e-01
231 6.738080e-01 5.512000e-03 3.206800e-01
232 6.729880e-01 5.344000e-03 3.216680e-01
233 6.719360e-01 5.440000e-03 3.226240e-01
234 6.710200e-01 5.420000e-03 3.235600e-01
235 6.701120e-01 5.372000e-03 3.245160e-01
236 6.691040e-01 5.508000e-03 3.253880e-01
237 6.680840e-01 5.544000e-03 3.263720e-01
238 6.672640e-01 5.428000e-03 3.273080e-01
239 6.664240e-01 5.352000e-03 3.282240e-01
240 6.655760e-01 5.332000e-03 3.290920e-01
241 6.647760e-01 5.300000e-03 3.299240e-01
242 6.638800e-01 5.260000e-03 3.308600e-01
243 6.629560e-01 5.212000e-03 3.318320e-01
244 6.621120e-01 5.140000e-03 3.327480e-01
245 6.613680e-01 4.988000e-03 3.336440e-01
246 6.605760e-01 4.816000e-03 3.346080e-01
247 6.597400e-01 4.868000e-03 3.353920e-01
248 6.588440e-01 5.004000e-03 3.361520e-01
249 6.580520e-01 4.920000e-03 3.370280e-01
250 6.573200e-01 4.776000e-03 3.379040e-01
251 6.565000e-01 4.776000e-03 3.387240e-01
252 6.555760e-01 4.808000e-03 3.396160e-01
253 6.548240e-01 4.720000e-03 3.404560e-01
254 6.541120e-01 4.612000e-03 3.412760e-01
255 6.534680e-01 4.412000e-03 3.421200e-01
256 6.526960e-01 4.436000e-03 3.428680e-01
257 6.519360e-01 4.320000e-03 3.437440e-01
258 6.511680e-01 4.296000e-03 3.445360e-01
259 6.505160e-01 4.196000e-03 3.452880e-01
260 6.498320e-01 4.092000e-03 3.460760e-01
261 6.490800e-01 4.164000e-03 3.467560e-01
262 6.483480e-01 4.260000e-03 3.473920e-01
263 6.476800e-01 4.172000e-03 3.481480e-01
264 6.468840e-01 4.268000e-03 3.488480e-01
265 6.460320e-01 4.320000e-03 3.496480e-01
266 6.452240e-01 4.412000e-03 3.503640e-01
267 6.445160e-01 4.388000e-03 3.510960e-01
268 6.437600e-01 4.352000e-03 3.518880e-01
269 6.431240e-01 4.208000e-03 3.526680e-01
270 6.425080e-01 4.128000e-03 3.533640e-01
271 6.418560e-01 4.124000e-03 3.540200e-01
272 6.411440e-01 3.984000e-03 3.548720e-01
273 6.404800e-01 3.956000e-03 3.555640e-01
274 6.398880e-01 3.920000e-03 3.561920e-01
275 6.392640e-01 3.940000e-03 3.567960e-01
276 6.386080e-01 3.840000e-03 3.575520e-01
277 6.380920e-01 3.704000e-03 3.582040e-01
278 6.375640e-01 3.616000e-03 3.588200e-01
279 6.369360e-01 3.644000e-03 3.594200e-01
280 6.363840e-01 3.588000e-03 3.600280e-01
281 6.357880e-01 3.576000e-03 3.606360e-01
282 6.351640e-01 3.600000e-03 3.612360e-01
283 6.345240e-01 3.756000e-03 3.617200e-01
284 6.338800e-01 3.740000e-03 3.623800e-01
285 6.332600e-01 3.744000e-03 3.629960e-01
286 6.325720e-01 3.752000e-03 3.636760e-01
287 6.319400e-01 3.760000e-03 3.643000e-01
288 6.313720e-01 3.732000e-03 3.648960e-01
289 6.307560e-01 3.728000e-03 3.655160e-01
290 6.301920e-01 3.672000e-03 3.661360e-01
291 6.296360e-01 3.656000e-03 3.667080e-01
292 6.290720e-01 3.648000e-03 3.672800e-01
293 6.285120e-01 3.624000e-03 3.678640e-01
294 6.278920e-01 3.580000e-03 3.685280e-01
295 6.273040e-01 3.544000e-03 3.691520e-01
296 6.266640e-01 3.580000e-03 3.697560e-01
297 6.261600e-01 3.528000e-03 3.703120e-01
298 6.256360e-01 3.460000e-03 3.709040e-01
299 6.251200e-01 3.360000e-03 3.715200e-01
300 6.245680e-01 3.280000e-03 3.721520e-01
301 6.240840e-01 3.252000e-03 3.726640e-01
302 6.236720e-01 3.104000e-03 3.732240e-01
303 6.231360e-01 3.128000e-03 3.737360e-01
304 6.226280e-01 3.012000e-03 3.743600e-01
305 6.219840e-01 3.056000e-03 3.749600e-01
306 6.214240e-01 3.012000e-03 3.755640e-01
307 6.209560e-01 3.024000e-03 3.760200e-01
308 6.203760e-01 3.132000e-03 3.764920e-01
309 6.197280e-01 3.224000e-03 3.770480e-01
310 6.192760e-01 3.140000e-03 3.775840e-01
311 6.187760e-01 3.036000e-03 3.781880e-01
312 6.182960e-01 2.956000e-03 3.787480e-01
313 6.177920e-01 2.892000e-03 3.793160e-01
314 6.173640e-01 2.784000e-03 3.798520e-01
315 6.169320e-01 2.696000e-03 3.803720e-01
316 6.164960e-01 2.608000e-03 3.808960e-01
317 6.161720e-01 2.452000e-03 3.813760e-01
318 6.157480e-01 2.460000e-03 3.817920e-01
319 6.153440e-01 2.464000e-03 3.821920e-01
320 6.148800e-01 2.524000e-03 3.825960e-01
321 6.145160e-01 2.484000e-03 3.830000e-01
322 6.141040e-01 2.444000e-03 3.834520e-01
323 6.137040e-01 2.456000e-03 3.838400e-01
324 6.132640e-01 2.480000e-03 3.842560e-01
325 6.128440e-01 2.428000e-03 3.847280e-01
326 6.124000e-01 2.448000e-03 3.851520e-01
327 6.119960e-01 2.464000e-03 3.855400e-01
328 6.116640e-01 2.364000e-03 3.859720e-01
329 6.112640e-01 2.260000e-03 3.864760e-01
330 6.109320e-01 2.232000e-03 3.868360e-01
331 6.105960e-01 2.192000e-03 3.872120e-01
332 6.103000e-01 2.112000e-03 3.875880e-01
333 6.100320e-01 2.080000e-03 3.878880e-01
334 6.096720e-01 2.052000e-03 3.882760e-01
335 6.092920e-01 2.092000e-03 3.886160e-01
336 6.089400e-01 2.028000e-03 3.890320e-01
337 6.086280e-01 2.004000e-03 3.893680e-01
338 6.082480e-01 2.032000e-03 3.897200e-01
339 6.078560e-01 2.060000e-03 3.900840e-01
340 6.074920e-01 1.992000e-03 3.905160e-01
341 6.071320e-01 2.020000e-03 3.908480e-01
342 6.068120e-01 1.912000e-03 3.912760e-01
343 6.064880e-01 1.880000e-03 3.916320e-01
344 6.061800e-01 1.888000e-03 3.919320e-01
345 6.058720e-01 1.836000e-03 3.922920e-01
346 6.056400e-01 1.756000e-03 3.926040e-01
347 6.053720e-01 1.728000e-03 3.929000e-01
348 6.052080e-01 1.572000e-03 3.932200e-01
349 6.050120e-01 1.448000e-03 3.935400e-01
350 6.047760e-01 1.344000e-03 3.938800e-01
351 6.044880e-01 1.392000e-03 3.941200e-01
352 6.042640e-01 1.344000e-03 3.943920e-01
353 6.040200e-01 1.360000e-03 3.946200e-01
354 6.037760e-01 1.400000e-03 3.948240e-01
355 6.035160e-01 1.432000e-03 3.950520e-01
356 6.032000e-01 1.416000e-03 3.953840e-01
357 6.029360e-01 1.420000e-03 3.956440e-01
358 6.026560e-01 1.432000e-03 3.959120e-01
359 6.024040e-01 1.416000e-03 3.961800e-01
360 6.022200e-01 1.372000e-03 3.964080e-01
361 6.020240e-01 1.376000e-03 3.966000e-01
362 6.017720e-01 1.400000e-03 3.968280e-01
363 6.016200e-01 1.356000e-03 3.970240e-01
364 6.014240e-01 1.308000e-03 3.972680e-01
365 6.011920e-01 1.320000e-03 3.974880e-01
366 6.009480e-01 1.376000e-03 3.976760e-01
367 6.007480e-01 1.352000e-03 3.979000e-01
368 6.005400e-01 1.320000e-03 3.981400e-01
369 6.003200e-01 1.336000e-03 3.983440e-01
370 6.001040e-01 1.336000e-03 3.985600e-01
371 5.998920e-01 1.364000e-03 3.987440e-01
372 5.996800e-01 1.376000e-03 3.989440e-01
373 5.993800e-01 1.444000e-03 3.991760e-01
374 5.991480e-01 1.408000e-03 3.994440e-01
375 5.988200e-01 1.516000e-03 3.996640e-01
376 5.985280e-01 1.548000e-03 3.999240e-01
377 5.982360e-01 1.576000e-03 4.001880e-01
378 5.979960e-01 1.572000e-03 4.004320e-01
379 5.976000e-01 1.744000e-03 4.006560e-01
380 5.972240e-01 1.836000e-03 4.009400e-01
381 5.968800e-01 1.836000e-03 4.012840e-01
382 5.965680e-01 1.880000e-03 4.015520e-01
383 5.962360e-01 1.916000e-03 4.018480e-01
384 5.960160e-01 1.792000e-03 4.021920e-01
385 5.957280e-01 1.720000e-03 4.025520e-01
386 5.954320e-01 1.712000e-03 4.028560e-01
387 5.951800e-01 1.660000e-03 4.031600e-01
388 5.949760e-01 1.552000e-03 4.034720e-01
389 5.947800e-01 1.532000e-03 4.036880e-01
390 5.945280e-01 1.536000e-03 4.039360e-01
391 5.942840e-01 1.552000e-03 4.041640e-01
392 5.940560e-01 1.508000e-03 4.044360e-01
393 5.938560e-01 1.484000e-03 4.046600e-01
394 5.936120e-01 1.468000e-03 4.049200e-01
395 5.933800e-01 1.412000e-03 4.052080e-01
396 5.931360e-01 1.428000e-03 4.054360e-01
397 5.929280e-01 1.344000e-03 4.057280e-01
398 5.926600e-01 1.424000e-03 4.059160e-01
399 5.924320e-01 1.396000e-03 4.061720e-01
400 5.921680e-01 1.356000e-03 4.064760e-01
401 5.920120e-01 1.300000e-03 4.066880e-01
402 5.917560e-01 1.304000e-03 4.069400e-01
403 5.915120e-01 1.344000e-03 4.071440e-01
404 5.913080e-01 1.328000e-03 4.073640e-01
405 5.910480e-01 1.360000e-03 4.075920e-01
406 5.908000e-01 1.348000e-03 4.078520e-01
407 5.905600e-01 1.300000e-03 4.081400e-01
408 5.903720e-01 1.212000e-03 4.084160e-01
409 5.901680e-01 1.160000e-03 4.086720e-01
410 5.899760e-01 1.136000e-03 4.088880e-01
411 5.897320e-01 1.208000e-03 4.090600e-01
412 5.893880e-01 1.324000e-03 4.092880e-01
413 5.891520e-01 1.396000e-03 4.094520e-01
414 5.888800e-01 1.400000e-03 4.097200e-01
415 5.885960e-01 1.440000e-03 4.099640e-01
416 5.883440e-01 1.452000e-03 4.102040e-01
417 5.881120e-01 1.416000e-03 4.104720e-01
418 5.878440e-01 1.460000e-03 4.106960e-01
419 5.875520e-01 1.464000e-03 4.109840e-01
420 5.872920e-01 1.436000e-03 4.112720e-01
421 5.870360e-01 1.404000e-03 4.115600e-01
422 5.867800e-01 1.432000e-03 4.117880e-01
423 5.865760e-01 1.432000e-03 4.119920e-01
424 5.863680e-01 1.384000e-03 4.122480e-01
425 5.861120e-01 1.392000e-03 4.124960e-01
426 5.859120e-01 1.368000e-03 4.127200e-01
427 5.857520e-01 1.264000e-03 4.129840e-01
428 5.854960e-01 1.268000e-03 4.132360e-01
429 5.852360e-01 1.308000e-03 4.134560e-01
430 5.850200e-01 1.276000e-03 4.137040e-01
431 5.848440e-01 1.204000e-03 4.139520e-01
432 5.845960e-01 1.204000e-03 4.142000e-01
433 5.843680e-01 1.212000e-03 4.144200e-01
434 5.841760e-01 1.212000e-03 4.146120e-01
435 5.839680e-01 1.220000e-03 4.148120e-01
436 5.837480e-01 1.232000e-03 4.150200e-01
437 5.835760e-01 1.184000e-03 4.152400e-01
438 5.833880e-01 1.204000e-03 4.154080e-01
439 5.831720e-01 1.232000e-03 4.155960e-01
440 5.829640e-01 1.224000e-03 4.158120e-01
441 5.828000e-01 1.168000e-03 4.160320e-01
442 5.826720e-01 1.084000e-03 4.162440e-01
443 5.824920e-01 1.092000e-03 4.164160e-01
444 5.823360e-01 1.072000e-03 4.165920e-01
445 5.821440e-01 1.088000e-03 4.167680e-01
446 5.819880e-01 1.096000e-03 4.169160e-01
447 5.817520e-01 1.140000e-03 4.171080e-01
448 5.815920e-01 1.044000e-03 4.173640e-01
449 5.814120e-01 1.044000e-03 4.175440e-01
450 5.811760e-01 1.068000e-03 4.177560e-01
451 5.809440e-01 1.132000e-03 4.179240e-01
452 5.807080e-01 1.184000e-03 4.181080e-01
453 5.804360e-01 1.248000e-03 4.183160e-01
454 5.802200e-01 1.264000e-03 4.185160e-01
455 5.799760e-01 1.292000e-03 4.187320e-01
456 5.796520e-01 1.380000e-03 4.189680e-01
457 5.794240e-01 1.396000e-03 4.191800e-01
458 5.791800e-01 1.416000e-03 4.194040e-01
459 5.789120e-01 1.464000e-03 4.196240e-01
460 5.786760e-01 1.428000e-03 4.198960e-01
461 5.783880e-01 1.476000e-03 4.201360e-01
462 5.781280e-01 1.436000e-03 4.204360e-01
463 5.778880e-01 1.424000e-03 4.206880e-01
464 5.777200e-01 1.364000e-03 4.209160e-01
465 5.775360e-01 1.304000e-03 4.211600e-01
466 5.772800e-01 1.404000e-03 4.213160e-01
467 5.770440e-01 1.388000e-03 4.215680e-01
468 5.768200e-01 1.360000e-03 4.218200e-01
469 5.766160e-01 1.348000e-03 4.220360e-01
470 5.764160e-01 1.336000e-03 4.222480e-01
471 5.761880e-01 1.324000e-03 4.224880e-01
472 5.759400e-01 1.368000e-03 4.226920e-01
473 5.757360e-01 1.332000e-03 4.229320e-01
474 5.754920e-01 1.360000e-03 4.231480e-01
475 5.752560e-01 1.352000e-03 4.233920e-01
476 5.750080e-01 1.364000e-03 4.236280e-01
477 5.747560e-01 1.404000e-03 4.238400e-01
478 5.745840e-01 1.332000e-03 4.240840e-01
479 5.743800e-01 1.280000e-03 4.243400e-01
480 5.741960e-01 1.284000e-03 4.245200e-01
481 5.740040e-01 1.216000e-03 4.247800e-01
482 5.737640e-01 1.244000e-03 4.249920e-01
483 5.735400e-01 1.260000e-03 4.252000e-01
484 5.733160e-01 1.232000e-03 4.254520e-01
485 5.730840e-01 1.252000e-03 4.256640e-01
486 5.728880e-01 1.244000e-03 4.258680e-01
487 5.726960e-01 1.168000e-03 4.261360e-01
488 5.725800e-01 1.052000e-03 4.263680e-01
489 5.724400e-01 9.760000e-04 4.265840e-01
490 5.722920e-01 9.600000e-04 4.267480e-01
491 5.721480e-01 9.080000e-04 4.269440e-01
492 5.720120e-01 9.040000e-04 4.270840e-01
493 5.719120e-01 8.560000e-04 4.272320e-01
494 5.717720e-01 8.640000e-04 4.273640e-01
495 5.715760e-01 9.320000e-04 4.274920e-01
496 5.713800e-01 9.560000e-04 4.276640e-01
497 5.712240e-01 9.560000e-04 4.278200e-01
498 5.711080e-01 9.200000e-04 4.279720e-01
499 5.709560e-01 9.320000e-04 4.281120e-01
500 5.707760e-01 9.520000e-04 4.282720e-01
