1 9.991000e-01 7.920000e-04 1.080000e-04
2 9.986680e-01 1.028000e-03 3.040000e-04
3 9.981560e-01 1.292000e-03 5.520000e-04
4 9.975280e-01 1.636000e-03 8.360000e-04
5 9.969000e-01 1.988000e-03 1.112000e-03
6 9.960720e-01 2.372000e-03 1.556000e-03
7 9.952840e-01 2.688000e-03 2.028000e-03
8 9.945200e-01 2.940000e-03 2.540000e-03
9 9.937040e-01 3.228000e-03 3.068000e-03
10 9.928360e-01 3.516000e-03 3.648000e-03
11 9.917240e-01 3.992000e-03 4.284000e-03
12 9.905640e-01 4.424000e-03 5.012000e-03
13 9.894120e-01 4.716000e-03 5.872000e-03
14 9.884720e-01 4.864000e-03 6.664000e-03
15 9.874320e-01 4.944000e-03 7.624000e-03
16 9.863120e-01 5.180000e-03 8.508000e-03
17 9.852480e-01 5.244000e-03 9.508000e-03
18 9.841640e-01 5.372000e-03 1.046400e-02
19 9.831280e-01 5.480000e-03 1.139200e-02
20 9.819720e-01 5.604000e-03 1.242400e-02
21 9.808200e-01 5.808000e-03 1.337200e-02
22 9.795520e-01 6.076000e-03 1.437200e-02
23 9.781720e-01 6.212000e-03 1.561600e-02
24 9.769240e-01 6.332000e-03 1.674400e-02
25 9.755080e-01 6.528000e-03 1.796400e-02
26 9.741800e-01 6.816000e-03 1.900400e-02
27 9.728200e-01 6.992000e-03 2.018800e-02
28 9.715240e-01 7.168000e-03 2.130800e-02
29 9.703040e-01 7.112000e-03 2.258400e-02
30 9.690080e-01 7.200000e-03 2.379200e-02
31 9.676400e-01 7.216000e-03 2.514400e-02
32 9.664240e-01 7.176000e-03 2.640000e-02
33 9.650720e-01 7.276000e-03 2.765200e-02
34 9.637480e-01 7.344000e-03 2.890800e-02
35 9.625280e-01 7.256000e-03 3.021600e-02
36 9.610920e-01 7.568000e-03 3.134000e-02
37 9.597280e-01 7.720000e-03 3.255200e-02
38 9.583200e-01 7.808000e-03 3.387200e-02
39 9.568280e-01 7.996000e-03 3.517600e-02
40 9.553320e-01 8.052000e-03 3.661600e-02
41 9.538560e-01 8.148000e-03 3.799600e-02
42 9.523160e-01 8.096000e-03 3.958800e-02
43 9.507160e-01 8.260000e-03 4.102400e-02
44 9.491600e-01 8.360000e-03 4.248000e-02
45 9.476520e-01 8.264000e-03 4.408400e-02
46 9.461280e-01 8.320000e-03 4.555200e-02
47 9.447800e-01 8.076000e-03 4.714400e-02
48 9.431800e-01 8.292000e-03 4.852800e-02
49 9.415120e-01 8.572000e-03 4.991600e-02
50 9.396160e-01 8.868000e-03 5.151600e-02
51 9.380840e-01 8.904000e-03 5.301200e-02
52 9.365960e-01 8.784000e-03 5.462000e-02
53 9.351760e-01 8.688000e-03 5.613600e-02
54 9.336960e-01 8.688000e-03 5.761600e-02
55 9.323600e-01 8.448000e-03 5.919200e-02
56 9.310120e-01 8.304000e-03 6.068400e-02
57 9.296360e-01 8.168000e-03 6.219600e-02
58 9.284640e-01 8.056000e-03 6.348000e-02
59 9.270840e-01 7.896000e-03 6.502000e-02
60 9.258080e-01 7.884000e-03 6.630800e-02
61 9.245240e-01 7.672000e-03 6.780400e-02
62 9.231520e-01 7.648000e-03 6.920000e-02
63 9.218200e-01 7.716000e-03 7.046400e-02
64 9.205680e-01 7.644000e-03 7.178800e-02
65 9.190800e-01 7.768000e-03 7.315200e-02
66 9.178160e-01 7.664000e-03 7.452000e-02
67 9.165560e-01 7.648000e-03 7.579600e-02
68 9.152680e-01 7.540000e-03 7.719200e-02
69 9.137800e-01 7.644000e-03 7.857600e-02
70 9.124400e-01 7.596000e-03 7.996400e-02
71 9.109240e-01 7.844000e-03 8.123200e-02
72 9.094520e-01 7.960000e-03 8.258800e-02
73 9.079960e-01 8.124000e-03 8.388000e-02
74 9.065240e-01 8.076000e-03 8.540000e-02
75 9.051520e-01 7.980000e-03 8.686800e-02
76 9.037840e-01 7.948000e-03 8.826800e-02
77 9.024800e-01 7.856000e-03 8.966400e-02
78 9.010560e-01 8.020000e-03 9.092400e-02
79 8.996160e-01 8.068000e-03 9.231600e-02
80 8.981360e-01 8.240000e-03 9.362400e-02
81 8.964720e-01 8.436000e-03 9.509200e-02
82 8.949600e-01 8.460000e-03 9.658000e-02
83 8.935520e-01 8.336000e-03 9.811200e-02
84 8.920760e-01 8.392000e-03 9.953200e-02
85 8.906240e-01 8.460000e-03 1.009160e-01
86 8.890600e-01 8.464000e-03 1.024760e-01
87 8.873640e-01 8.616000e-03 1.040200e-01
88 8.857920e-01 8.632000e-03 1.055760e-01
89 8.844600e-01 8.496000e-03 1.070440e-01
90 8.829720e-01 8.412000e-03 1.086160e-01
91 8.814680e-01 8.372000e-03 1.101600e-01
92 8.801200e-01 8.220000e-03 1.116600e-01
93 8.787000e-01 8.200000e-03 1.131000e-01
94 8.773960e-01 8.144000e-03 1.144600e-01
95 8.761320e-01 8.024000e-03 1.158440e-01
96 8.747400e-01 7.928000e-03 1.173320e-01
97 8.734160e-01 7.792000e-03 1.187920e-01
98 8.721040e-01 7.700000e-03 1.201960e-01
99 8.707240e-01 7.744000e-03 1.215320e-01
100 8.693240e-01 7.740000e-03 1.229360e-01
101 8.679400e-01 7.684000e-03 1.243760e-01
102 8.664960e-01 7.932000e-03 1.255720e-01
103 8.652000e-01 7.756000e-03 1.270440e-01
104 8.637160e-01 7.852000e-03 1.284320e-01
105 8.622400e-01 8.020000e-03 1.297400e-01
106 8.607280e-01 8.104000e-03 1.311680e-01
107 8.592520e-01 8.164000e-03 1.325840e-01
108 8.578600e-01 8.168000e-03 1.339720e-01
109 8.564720e-01 8.000000e-03 1.355280e-01
110 8.550680e-01 8.028000e-03 1.369040e-01
111 8.535480e-01 8.176000e-03 1.382760e-01
112 8.522520e-01 8.000000e-03 1.397480e-01
113 8.510040e-01 7.876000e-03 1.411200e-01
114 8.494480e-01 8.012000e-03 1.425400e-01
115 8.481520e-01 7.772000e-03 1.440760e-01
116 8.468760e-01 7.688000e-03 1.454360e-01
117 8.456160e-01 7.536000e-03 1.468480e-01
118 8.445360e-01 7.316000e-03 1.481480e-01
119 8.433560e-01 7.176000e-03 1.494680e-01
120 8.421120e-01 7.164000e-03 1.507240e-01
121 8.410080e-01 6.968000e-03 1.520240e-01
122 8.398160e-01 7.084000e-03 1.531000e-01
123 8.385560e-01 7.092000e-03 1.543520e-01
124 8.374200e-01 7.056000e-03 1.555240e-01
125 8.362520e-01 6.936000e-03 1.568120e-01
126 8.349360e-01 7.072000e-03 1.579920e-01
127 8.338440e-01 6.880000e-03 1.592760e-01
128 8.326120e-01 7.060000e-03 1.603280e-01
129 8.313760e-01 7.056000e-03 1.615680e-01
130 8.300920e-01 7.104000e-03 1.628040e-01
131 8.288720e-01 7.112000e-03 1.640160e-01
132 8.276520e-01 7.084000e-03 1.652640e-01
133 8.263360e-01 7.140000e-03 1.665240e-01
134 8.251160e-01 7.104000e-03 1.677800e-01
135 8.238560e-01 7.184000e-03 1.689600e-01
136 8.227440e-01 6.928000e-03 1.703280e-01
137 8.216360e-01 6.848000e-03 1.715160e-01
138 8.205000e-01 6.824000e-03 1.726760e-01
139 8.193360e-01 6.856000e-03 1.738080e-01
140 8.181920e-01 6.876000e-03 1.749320e-01
141 8.169960e-01 6.880000e-03 1.761240e-01
142 8.157120e-01 6.976000e-03 1.773120e-01
143 8.144400e-01 7.020000e-03 1.785400e-01
144 8.132560e-01 6.928000e-03 1.798160e-01
145 8.121240e-01 6.756000e-03 1.811200e-01
146 8.108800e-01 6.764000e-03 1.823560e-01
147 8.096360e-01 6.956000e-03 1.834080e-01
148 8.083480e-01 7.060000e-03 1.845920e-01
149 8.071840e-01 7.088000e-03 1.857280e-01
150 8.059200e-01 7.164000e-03 1.869160e-01
151 8.047160e-01 7.184000e-03 1.881000e-01
152 8.034600e-01 7.240000e-03 1.893000e-01
153 8.022320e-01 7.132000e-03 1.906360e-01
154 8.009000e-01 7.364000e-03 1.917360e-01
155 7.997000e-01 7.376000e-03 1.929240e-01
156 7.984200e-01 7.236000e-03 1.943440e-01
157 7.971760e-01 7.128000e-03 1.956960e-01
158 7.959800e-01 7.056000e-03 1.969640e-01
159 7.947000e-01 7.168000e-03 1.981320e-01
160 7.935080e-01 7.188000e-03 1.993040e-01
161 7.921680e-01 7.296000e-03 2.005360e-01
162 7.909520e-01 7.268000e-03 2.017800e-01
163 7.897800e-01 7.288000e-03 2.029320e-01
164 7.886320e-01 7.120000e-03 2.042480e-01
165 7.874360e-01 7.000000e-03 2.055640e-01
166 7.863720e-01 6.888000e-03 2.067400e-01
167 7.854160e-01 6.732000e-03 2.078520e-01
168 7.844480e-01 6.432000e-03 2.091200e-01
169 7.834800e-01 6.292000e-03 2.102280e-01
170 7.823480e-01 6.312000e-03 2.113400e-01
171 7.813360e-01 6.368000e-03 2.122960e-01
172 7.802240e-01 6.364000e-03 2.134120e-01
173 7.792600e-01 6.248000e-03 2.144920e-01
174 7.783320e-01 6.084000e-03 2.155840e-01
175 7.773000e-01 6.016000e-03 2.166840e-01
176 7.763120e-01 5.880000e-03 2.178080e-01
177 7.753600e-01 5.896000e-03 2.187440e-01
178 7.744480e-01 5.804000e-03 2.197480e-01
179 7.734400e-01 5.752000e-03 2.208080e-01
180 7.724920e-01 5.768000e-03 2.217400e-01
181 7.716520e-01 5.476000e-03 2.228720e-01
182 7.708480e-01 5.464000e-03 2.236880e-01
183 7.700000e-01 5.400000e-03 2.246000e-01
184 7.691560e-01 5.264000e-03 2.255800e-01
185 7.682960e-01 5.168000e-03 2.265360e-01
186 7.674840e-01 5.072000e-03 2.274440e-01
187 7.667840e-01 4.844000e-03 2.283720e-01
188 7.660440e-01 4.616000e-03 2.293400e-01
189 7.652560e-01 4.568000e-03 2.301760e-01
190 7.644520e-01 4.532000e-03 2.310160e-01
191 7.636360e-01 4.556000e-03 2.318080e-01
192 7.627120e-01 4.720000e-03 2.325680e-01
193 7.618320e-01 4.684000e-03 2.334840e-01
194 7.608560e-01 4.788000e-03 2.343560e-01
195 7.599040e-01 4.920000e-03 2.351760e-01
196 7.589080e-01 5.068000e-03 2.360240e-01
197 7.579400e-01 5.156000e-03 2.369040e-01
198 7.570080e-01 5.192000e-03 2.378000e-01
199 7.561200e-01 5.172000e-03 2.387080e-01
200 7.552680e-01 5.072000e-03 2.396600e-01
201 7.544160e-01 4.988000e-03 2.405960e-01
202 7.535200e-01 5.072000e-03 2.414080e-01
203 7.526400e-01 5.108000e-03 2.422520e-01
204 7.518320e-01 4.996000e-03 2.431720e-01
205 7.510520e-01 4.944000e-03 2.440040e-01
206 7.502320e-01 4.928000e-03 2.448400e-01
207 7.493640e-01 4.968000e-03 2.456680e-01
208 7.485440e-01 5.004000e-03 2.464520e-01
209 7.475280e-01 5.092000e-03 2.473800e-01
210 7.465400e-01 5.300000e-03 2.481600e-01
211 7.456560e-01 5.272000e-03 2.490720e-01
212 7.449160e-01 5.068000e-03 2.500160e-01
213 7.440280e-01 5.104000e-03 2.508680e-01
214 7.431920e-01 5.032000e-03 2.517760e-01
215 7.423680e-01 4.988000e-03 2.526440e-01
216 7.415840e-01 4.864000e-03 2.535520e-01
217 7.408240e-01 4.844000e-03 2.543320e-01
218 7.400400e-01 4.756000e-03 2.552040e-01
219 7.393360e-01 4.668000e-03 2.559960e-01
220 7.386640e-01 4.540000e-03 2.567960e-01
221 7.378720e-01 4.576000e-03 2.575520e-01
222 7.371360e-01 4.508000e-03 2.583560e-01
223 7.364960e-01 4.424000e-03 2.590800e-01
224 7.357880e-01 4.396000e-03 2.598160e-01
225 7.350480e-01 4.348000e-03 2.606040e-01
226 7.343200e-01 4.308000e-03 2.613720e-01
227 7.336360e-01 4.224000e-03 2.621400e-01
228 7.329280e-01 4.216000e-03 2.628560e-01
229 7.322440e-01 4.060000e-03 2.636960e-01
230 7.315360e-01 4.116000e-03 2.643480e-01
231 7.309160e-01 4.092000e-03 2.649920e-01
232 7.302560e-01 4.044000e-03 2.657000e-01
233 7.296400e-01 4.036000e-03 2.663240e-01
234 7.289280e-01 4.016000e-03 2.670560e-01
235 7.281200e-01 4.212000e-03 2.676680e-01
236 7.274440e-01 4.260000e-03 2.682960e-01
237 7.267680e-01 4.128000e-03 2.691040e-01
238 7.261200e-01 4.060000e-03 2.698200e-01
239 7.254240e-01 4.000000e-03 2.705760e-01
240 7.246920e-01 4.016000e-03 2.712920e-01
241 7.240760e-01 3.960000e-03 2.719640e-01
242 7.233680e-01 3.928000e-03 2.727040e-01
243 7.227480e-01 3.916000e-03 2.733360e-01
244 7.221080e-01 3.908000e-03 2.739840e-01
245 7.213840e-01 3.868000e-03 2.747480e-01
246 7.206880e-01 3.940000e-03 2.753720e-01
247 7.200400e-01 3.872000e-03 2.760880e-01
248 7.193440e-01 3.908000e-03 2.767480e-01
249 7.186880e-01 3.868000e-03 2.774440e-01
250 7.181000e-01 3.768000e-03 2.781320e-01
251 7.174920e-01 3.792000e-03 2.787160e-01
252 7.169120e-01 3.760000e-03 2.793280e-01
253 7.163800e-01 3.500000e-03 2.801200e-01
254 7.158040e-01 3.468000e-03 2.807280e-01
255 7.152560e-01 3.484000e-03 2.812600e-01
256 7.147760e-01 3.304000e-03 2.819200e-01
257 7.143680e-01 3.144000e-03 2.824880e-01
258 7.139040e-01 2.912000e-03 2.831840e-01
259 7.134320e-01 2.920000e-03 2.836480e-01
260 7.130240e-01 2.836000e-03 2.841400e-01
261 7.125880e-01 2.744000e-03 2.846680e-01
262 7.121520e-01 2.736000e-03 2.851120e-01
263 7.116200e-01 2.768000e-03 2.856120e-01
264 7.111400e-01 2.752000e-03 2.861080e-01
265 7.107160e-01 2.704000e-03 2.865800e-01
266 7.101760e-01 2.792000e-03 2.870320e-01
267 7.096320e-01 2.836000e-03 2.875320e-01
268 7.091760e-01 2.704000e-03 2.881200e-01
269 7.087160e-01 2.724000e-03 2.885600e-01
270 7.083480e-01 2.600000e-03 2.890520e-01
271 7.078600e-01 2.688000e-03 2.894520e-01
272 7.073560e-01 2.708000e-03 2.899360e-01
273 7.069880e-01 2.552000e-03 2.904600e-01
274 7.065760e-01 2.496000e-03 2.909280e-01
275 7.061080e-01 2.412000e-03 2.914800e-01
276 7.057360e-01 2.380000e-03 2.918840e-01
277 7.053160e-01 2.372000e-03 2.923120e-01
278 7.049120e-01 2.392000e-03 2.926960e-01
279 7.044840e-01 2.456000e-03 2.930600e-01
280 7.040600e-01 2.456000e-03 2.934840e-01
281 7.036960e-01 2.368000e-03 2.939360e-01
282 7.032240e-01 2.420000e-03 2.943560e-01
283 7.028240e-01 2.368000e-03 2.948080e-01
284 7.023880e-01 2.392000e-03 2.952200e-01
285 7.020080e-01 2.324000e-03 2.956680e-01
286 7.016600e-01 2.304000e-03 2.960360e-01
287 7.012560e-01 2.292000e-03 2.964520e-01
288 7.008600e-01 2.276000e-03 2.968640e-01
289 7.004160e-01 2.352000e-03 2.972320e-01
290 7.000240e-01 2.300000e-03 2.976760e-01
291 6.995520e-01 2.368000e-03 2.980800e-01
292 6.991400e-01 2.352000e-03 2.985080e-01
293 6.987440e-01 2.296000e-03 2.989600e-01
294 6.984200e-01 2.240000e-03 2.993400e-01
295 6.980520e-01 2.152000e-03 2.997960e-01
296 6.977200e-01 2.072000e-03 3.002080e-01
297 6.973880e-01 2.048000e-03 3.005640e-01
298 6.971280e-01 1.948000e-03 3.009240e-01
299 6.969640e-01 1.788000e-03 3.012480e-01
300 6.967040e-01 1.784000e-03 3.015120e-01
301 6.964480e-01 1.724000e-03 3.018280e-01
302 6.961520e-01 1.684000e-03 3.021640e-01
303 6.958920e-01 1.696000e-03 3.024120e-01
304 6.956280e-01 1.688000e-03 3.026840e-01
305 6.953440e-01 1.692000e-03 3.029640e-01
306 6.950920e-01 1.616000e-03 3.032920e-01
307 6.948640e-01 1.536000e-03 3.036000e-01
308 6.946120e-01 1.556000e-03 3.038320e-01
309 6.943400e-01 1.556000e-03 3.041040e-01
310 6.940160e-01 1.580000e-03 3.044040e-01
311 6.937680e-01 1.592000e-03 3.046400e-01
312 6.935000e-01 1.568000e-03 3.049320e-01
313 6.932320e-01 1.616000e-03 3.051520e-01
314 6.929480e-01 1.644000e-03 3.054080e-01
315 6.927000e-01 1.580000e-03 3.057200e-01
316 6.924240e-01 1.624000e-03 3.059520e-01
317 6.921320e-01 1.592000e-03 3.062760e-01
318 6.918960e-01 1.628000e-03 3.064760e-01
319 6.916800e-01 1.504000e-03 3.068160e-01
320 6.915080e-01 1.436000e-03 3.070560e-01
321 6.912600e-01 1.432000e-03 3.073080e-01
322 6.910320e-01 1.348000e-03 3.076200e-01
323 6.908360e-01 1.364000e-03 3.078000e-01
324 6.905600e-01 1.480000e-03 3.079600e-01
325 6.903040e-01 1.480000e-03 3.082160e-01
326 6.900920e-01 1.480000e-03 3.084280e-01
327 6.898760e-01 1.420000e-03 3.087040e-01
328 6.896880e-01 1.336000e-03 3.089760e-01
329 6.894800e-01 1.336000e-03 3.091840e-01
330 6.892960e-01 1.248000e-03 3.094560e-01
331 6.891120e-01 1.240000e-03 3.096480e-01
332 6.889480e-01 1.188000e-03 3.098640e-01
333 6.887200e-01 1.192000e-03 3.100880e-01
334 6.885080e-01 1.164000e-03 3.103280e-01
335 6.883040e-01 1.196000e-03 3.105000e-01
336 6.880680e-01 1.212000e-03 3.107200e-01
337 6.878320e-01 1.212000e-03 3.109560e-01
338 6.876320e-01 1.148000e-03 3.112200e-01
339 6.874520e-01 1.100000e-03 3.114480e-01
340 6.872440e-01 1.124000e-03 3.116320e-01
341 6.871120e-01 1.052000e-03 3.118360e-01
342 6.869160e-01 1.040000e-03 3.120440e-01
343 6.866880e-01 1.092000e-03 3.122200e-01
344 6.864920e-01 1.112000e-03 3.123960e-01
345 6.862760e-01 1.108000e-03 3.126160e-01
346 6.860840e-01 1.088000e-03 3.128280e-01
347 6.859840e-01 9.840000e-04 3.130320e-01
348 6.858320e-01 9.760000e-04 3.131920e-01
349 6.856960e-01 9.480000e-04 3.133560e-01
350 6.855280e-01 9.160000e-04 3.135560e-01
351 6.853760e-01 8.920000e-04 3.137320e-01
352 6.852360e-01 8.800000e-04 3.138840e-01
353 6.850800e-01 9.160000e-04 3.140040e-01
354 6.849120e-01 9.200000e-04 3.141680e-01
355 6.847880e-01 8.520000e-04 3.143600e-01
356 6.846240e-01 8.720000e-04 3.145040e-01
357 6.844560e-01 8.600000e-04 3.146840e-01
358 6.842960e-01 8.920000e-04 3.148120e-01
359 6.841000e-01 9.320000e-04 3.149680e-01
360 6.838840e-01 9.600000e-04 3.151560e-01
361 6.836840e-01 1.012000e-03 3.153040e-01
362 6.835640e-01 9.520000e-04 3.154840e-01
363 6.834400e-01 9.240000e-04 3.156360e-01
364 6.832640e-01 9.600000e-04 3.157760e-01
365 6.831320e-01 9.000000e-04 3.159680e-01
366 6.829160e-01 9.760000e-04 3.161080e-01
367 6.827600e-01 9.680000e-04 3.162720e-01
368 6.825720e-01 9.800000e-04 3.164480e-01
369 6.824520e-01 9.000000e-04 3.166480e-01
370 6.823280e-01 8.280000e-04 3.168440e-01
371 6.822240e-01 7.840000e-04 3.169920e-01
372 6.821320e-01 7.240000e-04 3.171440e-01
373 6.820360e-01 7.000000e-04 3.172640e-01
374 6.819040e-01 7.280000e-04 3.173680e-01
375 6.817520e-01 7.640000e-04 3.174840e-01
376 6.816400e-01 7.360000e-04 3.176240e-01
377 6.815240e-01 7.320000e-04 3.177440e-01
378 6.813880e-01 7.240000e-04 3.178880e-01
379 6.812360e-01 7.560000e-04 3.180080e-01
380 6.810920e-01 7.960000e-04 3.181120e-01
381 6.809120e-01 8.280000e-04 3.182600e-01
382 6.807400e-01 8.200000e-04 3.184400e-01
383 6.806160e-01 7.720000e-04 3.186120e-01
384 6.804360e-01 8.080000e-04 3.187560e-01
385 6.803360e-01 7.640000e-04 3.189000e-01
386 6.802040e-01 7.560000e-04 3.190400e-01
387 6.800720e-01 7.200000e-04 3.192080e-01
388 6.799400e-01 7.040000e-04 3.193560e-01
389 6.797640e-01 7.440000e-04 3.194920e-01
390 6.795840e-01 8.160000e-04 3.196000e-01
391 6.794680e-01 8.000000e-04 3.197320e-01
392 6.793440e-01 7.920000e-04 3.198640e-01
393 6.791760e-01 8.120000e-04 3.200120e-01
394 6.790520e-01 7.800000e-04 3.201680e-01
395 6.789440e-01 7.680000e-04 3.202880e-01
396 6.788240e-01 7.400000e-04 3.204360e-01
397 6.786520e-01 7.680000e-04 3.205800e-01
398 6.785080e-01 7.840000e-04 3.207080e-01
399 6.783760e-01 7.920000e-04 3.208320e-01
400 6.782200e-01 8.440000e-04 3.209360e-01
401 6.781040e-01 7.920000e-04 3.211040e-01
402 6.780000e-01 7.480000e-04 3.212520e-01
403 6.779080e-01 7.040000e-04 3.213880e-01
404 6.777920e-01 7.160000e-04 3.214920e-01
405 6.776760e-01 7.200000e-04 3.216040e-01
406 6.775480e-01 7.160000e-04 3.217360e-01
407 6.774160e-01 7.160000e-04 3.218680e-01
408 6.772560e-01 7.280000e-04 3.220160e-01
409 6.771360e-01 7.240000e-04 3.221400e-01
410 6.770160e-01 7.280000e-04 3.222560e-01
411 6.769200e-01 7.040000e-04 3.223760e-01
412 6.768120e-01 6.640000e-04 3.225240e-01
413 6.766640e-01 7.120000e-04 3.226240e-01
414 6.765120e-01 7.520000e-04 3.227360e-01
415 6.763680e-01 7.600000e-04 3.228720e-01
416 6.762640e-01 7.080000e-04 3.230280e-01
417 6.761800e-01 6.800000e-04 3.231400e-01
418 6.761200e-01 6.320000e-04 3.232480e-01
419 6.760560e-01 5.560000e-04 3.233880e-01
420 6.759880e-01 5.240000e-04 3.234880e-01
421 6.759360e-01 4.800000e-04 3.235840e-01
422 6.758720e-01 4.640000e-04 3.236640e-01
423 6.757840e-01 4.880000e-04 3.237280e-01
424 6.757280e-01 4.640000e-04 3.238080e-01
425 6.756760e-01 4.360000e-04 3.238880e-01
426 6.756000e-01 4.480000e-04 3.239520e-01
427 6.755280e-01 4.560000e-04 3.240160e-01
428 6.754240e-01 4.920000e-04 3.240840e-01
429 6.753200e-01 5.120000e-04 3.241680e-01
430 6.752480e-01 4.960000e-04 3.242560e-01
431 6.751640e-01 5.120000e-04 3.243240e-01
432 6.750880e-01 5.240000e-04 3.243880e-01
433 6.750040e-01 4.840000e-04 3.245120e-01
434 6.749000e-01 5.080000e-04 3.245920e-01
435 6.748080e-01 5.080000e-04 3.246840e-01
436 6.747120e-01 5.080000e-04 3.247800e-01
437 6.745440e-01 5.920000e-04 3.248640e-01
438 6.744280e-01 5.960000e-04 3.249760e-01
439 6.743400e-01 5.960000e-04 3.250640e-01
440 6.742760e-01 5.440000e-04 3.251800e-01
441 6.742280e-01 4.920000e-04 3.252800e-01
442 6.741680e-01 4.320000e-04 3.254000e-01
443 6.741120e-01 4.040000e-04 3.254840e-01
444 6.740640e-01 3.840000e-04 3.255520e-01
445 6.740160e-01 3.520000e-04 3.256320e-01
446 6.739440e-01 3.040000e-04 3.257520e-01
447 6.738880e-01 3.240000e-04 3.257880e-01
448 6.738120e-01 3.440000e-04 3.258440e-01
449 6.737560e-01 3.400000e-04 3.259040e-01
450 6.736960e-01 3.280000e-04 3.259760e-01
451 6.736440e-01 3.240000e-04 3.260320e-01
452 6.735840e-01 3.240000e-04 3.260920e-01
453 6.735000e-01 3.480000e-04 3.261520e-01
454 6.734320e-01 3.320000e-04 3.262360e-01
455 6.733840e-01 3.360000e-04 3.262800e-01
456 6.733160e-01 3.520000e-04 3.263320e-01
457 6.732840e-01 3.040000e-04 3.264120e-01
458 6.732480e-01 2.840000e-04 3.264680e-01
459 6.732160e-01 2.840000e-04 3.265000e-01
460 6.731760e-01 2.920000e-04 3.265320e-01
461 6.731360e-01 2.720000e-04 3.265920e-01
462 6.731040e-01 2.800000e-04 3.266160e-01
463 6.730600e-01 2.760000e-04 3.266640e-01
464 6.730520e-01 2.240000e-04 3.267240e-01
465 6.730000e-01 2.360000e-04 3.267640e-01
466 6.729560e-01 2.520000e-04 3.267920e-01
467 6.729080e-01 2.600000e-04 3.268320e-01
468 6.728560e-01 2.720000e-04 3.268720e-01
469 6.727840e-01 2.800000e-04 3.269360e-01
470 6.727480e-01 2.680000e-04 3.269840e-01
471 6.726960e-01 2.880000e-04 3.270160e-01
472 6.726520e-01 2.560000e-04 3.270920e-01
473 6.726160e-01 2.400000e-04 3.271440e-01
474 6.725680e-01 2.480000e-04 3.271840e-01
475 6.725280e-01 2.080000e-04 3.272640e-01
476 6.725000e-01 2.160000e-04 3.272840e-01
477 6.724680e-01 2.120000e-04 3.273200e-01
478 6.724360e-01 2.280000e-04 3.273360e-01
479 6.723800e-01 2.520000e-04 3.273680e-01
480 6.723360e-01 2.640000e-04 3.274000e-01
481 6.722960e-01 2.560000e-04 3.274480e-01
482 6.722600e-01 2.120000e-04 3.275280e-01
483 6.722360e-01 1.920000e-04 3.275720e-01
484 6.721960e-01 2.040000e-04 3.276000e-01
485 6.721120e-01 2.440000e-04 3.276440e-01
486 6.720480e-01 2.520000e-04 3.277000e-01
487 6.719960e-01 2.440000e-04 3.277600e-01
488 6.719480e-01 2.440000e-04 3.278080e-01
489 6.718800e-01 2.560000e-04 3.278640e-01
490 6.718360e-01 2.600000e-04 3.279040e-01
491 6.717840e-01 2.440000e-04 3.279720e-01
492 6.717280e-01 2.560000e-04 3.280160e-01
493 6.716600e-01 2.640000e-04 3.280760e-01
494 6.715920e-01 2.840000e-04 3.281240e-01
495 6.715400e-01 2.720000e-04 3.281880e-01
496 6.714680e-01 3.080000e-04 3.282240e-01
497 6.714280e-01 2.960000e-04 3.282760e-01
498 6.713760e-01 2.760000e-04 3.283480e-01
499 6.713200e-01 2.880000e-04 3.283920e-01
500 6.712600e-01 2.880000e-04 3.284520e-01
