1 9.991160e-01 7.640000e-04 1.200000e-04
2 9.986040e-01 1.076000e-03 3.200000e-04
3 9.978360e-01 1.640000e-03 5.240000e-04
4 9.970560e-01 2.100000e-03 8.440000e-04
5 9.962520e-01 2.508000e-03 1.240000e-03
6 9.952960e-01 3.020000e-03 1.684000e-03
7 9.944560e-01 3.272000e-03 2.272000e-03
8 9.935760e-01 3.476000e-03 2.948000e-03
9 9.925880e-01 3.792000e-03 3.620000e-03
10 9.916040e-01 4.100000e-03 4.296000e-03
11 9.906280e-01 4.296000e-03 5.076000e-03
12 9.896120e-01 4.556000e-03 5.832000e-03
13 9.883880e-01 5.008000e-03 6.604000e-03
14 9.872680e-01 5.308000e-03 7.424000e-03
15 9.861160e-01 5.528000e-03 8.356000e-03
16 9.852000e-01 5.508000e-03 9.292000e-03
17 9.839000e-01 5.840000e-03 1.026000e-02
18 9.826960e-01 5.984000e-03 1.132000e-02
19 9.816120e-01 6.020000e-03 1.236800e-02
20 9.804600e-01 6.024000e-03 1.351600e-02
21 9.792440e-01 6.156000e-03 1.460000e-02
22 9.779160e-01 6.412000e-03 1.567200e-02
23 9.766480e-01 6.524000e-03 1.682800e-02
24 9.753120e-01 6.676000e-03 1.801200e-02
25 9.740880e-01 6.700000e-03 1.921200e-02
26 9.727200e-01 6.880000e-03 2.040000e-02
27 9.714360e-01 6.948000e-03 2.161600e-02
28 9.701280e-01 6.996000e-03 2.287600e-02
29 9.688000e-01 7.128000e-03 2.407200e-02
30 9.676720e-01 7.044000e-03 2.528400e-02
31 9.664720e-01 7.044000e-03 2.648400e-02
32 9.653040e-01 6.860000e-03 2.783600e-02
33 9.641280e-01 6.848000e-03 2.902400e-02
34 9.630400e-01 6.656000e-03 3.030400e-02
35 9.619040e-01 6.452000e-03 3.164400e-02
36 9.607480e-01 6.400000e-03 3.285200e-02
37 9.595080e-01 6.504000e-03 3.398800e-02
38 9.582400e-01 6.588000e-03 3.517200e-02
39 9.571000e-01 6.660000e-03 3.624000e-02
40 9.559160e-01 6.656000e-03 3.742800e-02
41 9.546960e-01 6.572000e-03 3.873200e-02
42 9.534400e-01 6.724000e-03 3.983600e-02
43 9.521120e-01 6.828000e-03 4.106000e-02
44 9.507880e-01 6.940000e-03 4.227200e-02
45 9.495360e-01 6.948000e-03 4.351600e-02
46 9.482040e-01 7.020000e-03 4.477600e-02
47 9.467800e-01 7.208000e-03 4.601200e-02
48 9.454080e-01 7.412000e-03 4.718000e-02
49 9.440000e-01 7.552000e-03 4.844800e-02
50 9.426640e-01 7.572000e-03 4.976400e-02
51 9.412320e-01 7.628000e-03 5.114000e-02
52 9.398320e-01 7.660000e-03 5.250800e-02
53 9.384600e-01 7.684000e-03 5.385600e-02
54 9.371320e-01 7.704000e-03 5.516400e-02
55 9.358560e-01 7.700000e-03 5.644400e-02
56 9.345120e-01 7.664000e-03 5.782400e-02
57 9.331080e-01 7.724000e-03 5.916800e-02
58 9.317880e-01 7.684000e-03 6.052800e-02
59 9.301880e-01 8.044000e-03 6.176800e-02
60 9.287360e-01 8.100000e-03 6.316400e-02
61 9.273280e-01 8.028000e-03 6.464400e-02
62 9.259240e-01 8.036000e-03 6.604000e-02
63 9.245240e-01 8.088000e-03 6.738800e-02
64 9.230680e-01 8.052000e-03 6.888000e-02
65 9.218360e-01 7.828000e-03 7.033600e-02
66 9.204560e-01 7.860000e-03 7.168400e-02
67 9.190680e-01 7.836000e-03 7.309600e-02
68 9.176680e-01 7.892000e-03 7.444000e-02
69 9.162720e-01 7.932000e-03 7.579600e-02
70 9.149480e-01 7.836000e-03 7.721600e-02
71 9.135440e-01 7.836000e-03 7.862000e-02
72 9.122160e-01 7.796000e-03 7.998800e-02
73 9.108160e-01 7.948000e-03 8.123600e-02
74 9.092480e-01 8.248000e-03 8.250400e-02
75 9.077680e-01 8.220000e-03 8.401200e-02
76 9.063400e-01 8.116000e-03 8.554400e-02
77 9.049640e-01 8.052000e-03 8.698400e-02
78 9.036400e-01 8.060000e-03 8.830000e-02
79 9.024800e-01 7.816000e-03 8.970400e-02
80 9.010840e-01 7.804000e-03 9.111200e-02
81 8.996960e-01 7.920000e-03 9.238400e-02
82 8.984200e-01 7.704000e-03 9.387600e-02
83 8.971600e-01 7.496000e-03 9.534400e-02
84 8.960000e-01 7.340000e-03 9.666000e-02
85 8.947320e-01 7.216000e-03 9.805200e-02
86 8.935240e-01 7.044000e-03 9.943200e-02
87 8.923520e-01 6.920000e-03 1.007280e-01
88 8.911880e-01 6.776000e-03 1.020360e-01
89 8.900240e-01 6.752000e-03 1.032240e-01
90 8.888960e-01 6.664000e-03 1.044400e-01
91 8.877280e-01 6.688000e-03 1.055840e-01
92 8.865440e-01 6.596000e-03 1.068600e-01
93 8.852200e-01 6.660000e-03 1.081200e-01
94 8.840560e-01 6.764000e-03 1.091800e-01
95 8.829560e-01 6.776000e-03 1.102680e-01
96 8.817480e-01 6.860000e-03 1.113920e-01
97 8.806760e-01 6.664000e-03 1.126600e-01
98 8.794960e-01 6.696000e-03 1.138080e-01
99 8.783680e-01 6.700000e-03 1.149320e-01
100 8.771560e-01 6.720000e-03 1.161240e-01
101 8.760720e-01 6.704000e-03 1.172240e-01
102 8.749400e-01 6.636000e-03 1.184240e-01
103 8.737640e-01 6.732000e-03 1.195040e-01
104 8.726280e-01 6.724000e-03 1.206480e-01
105 8.714680e-01 6.636000e-03 1.218960e-01
106 8.702840e-01 6.528000e-03 1.231880e-01
107 8.691960e-01 6.516000e-03 1.242880e-01
108 8.682520e-01 6.280000e-03 1.254680e-01
109 8.671160e-01 6.260000e-03 1.266240e-01
110 8.660320e-01 6.160000e-03 1.278080e-01
111 8.649400e-01 6.252000e-03 1.288080e-01
112 8.637880e-01 6.336000e-03 1.298760e-01
113 8.627040e-01 6.340000e-03 1.309560e-01
114 8.615960e-01 6.396000e-03 1.320080e-01
115 8.604800e-01 6.392000e-03 1.331280e-01
116 8.593200e-01 6.436000e-03 1.342440e-01
117 8.582000e-01 6.416000e-03 1.353840e-01
118 8.571920e-01 6.196000e-03 1.366120e-01
119 8.560840e-01 6.324000e-03 1.375920e-01
120 8.550240e-01 6.240000e-03 1.387360e-01
121 8.540160e-01 6.136000e-03 1.398480e-01
122 8.530160e-01 6.000000e-03 1.409840e-01
123 8.518400e-01 6.096000e-03 1.420640e-01
124 8.507280e-01 6.188000e-03 1.430840e-01
125 8.497880e-01 5.996000e-03 1.442160e-01
126 8.487400e-01 5.868000e-03 1.453920e-01
127 8.477120e-01 5.808000e-03 1.464800e-01
128 8.468720e-01 5.616000e-03 1.475120e-01
129 8.460800e-01 5.432000e-03 1.484880e-01
130 8.452480e-01 5.352000e-03 1.494000e-01
131 8.444640e-01 5.112000e-03 1.504240e-01
132 8.437200e-01 4.796000e-03 1.514840e-01
133 8.429720e-01 4.640000e-03 1.523880e-01
134 8.422040e-01 4.648000e-03 1.531480e-01
135 8.414200e-01 4.444000e-03 1.541360e-01
136 8.406040e-01 4.504000e-03 1.548920e-01
137 8.398960e-01 4.416000e-03 1.556880e-01
138 8.390680e-01 4.448000e-03 1.564840e-01
139 8.382480e-01 4.548000e-03 1.572040e-01
140 8.373080e-01 4.680000e-03 1.580120e-01
141 8.363000e-01 4.860000e-03 1.588400e-01
142 8.354520e-01 4.844000e-03 1.597040e-01
143 8.345280e-01 4.892000e-03 1.605800e-01
144 8.337000e-01 4.768000e-03 1.615320e-01
145 8.328040e-01 4.800000e-03 1.623960e-01
146 8.320000e-01 4.772000e-03 1.632280e-01
147 8.311240e-01 4.836000e-03 1.640400e-01
148 8.302120e-01 4.908000e-03 1.648800e-01
149 8.293640e-01 4.912000e-03 1.657240e-01
150 8.284440e-01 4.940000e-03 1.666160e-01
151 8.276720e-01 4.868000e-03 1.674600e-01
152 8.269800e-01 4.684000e-03 1.683360e-01
153 8.261800e-01 4.612000e-03 1.692080e-01
154 8.255000e-01 4.508000e-03 1.699920e-01
155 8.246760e-01 4.560000e-03 1.707640e-01
156 8.238680e-01 4.584000e-03 1.715480e-01
157 8.230880e-01 4.472000e-03 1.724400e-01
158 8.223320e-01 4.380000e-03 1.732880e-01
159 8.216360e-01 4.280000e-03 1.740840e-01
160 8.208560e-01 4.308000e-03 1.748360e-01
161 8.201520e-01 4.216000e-03 1.756320e-01
162 8.193200e-01 4.268000e-03 1.764120e-01
163 8.185080e-01 4.252000e-03 1.772400e-01
164 8.177920e-01 4.140000e-03 1.780680e-01
165 8.169520e-01 4.256000e-03 1.787920e-01
166 8.162600e-01 4.276000e-03 1.794640e-01
167 8.155040e-01 4.300000e-03 1.801960e-01
168 8.147720e-01 4.336000e-03 1.808920e-01
169 8.141200e-01 4.244000e-03 1.816360e-01
170 8.133200e-01 4.276000e-03 1.824040e-01
171 8.125760e-01 4.300000e-03 1.831240e-01
172 8.118000e-01 4.396000e-03 1.838040e-01
173 8.111720e-01 4.260000e-03 1.845680e-01
174 8.103840e-01 4.284000e-03 1.853320e-01
175 8.096680e-01 4.280000e-03 1.860520e-01
176 8.089360e-01 4.324000e-03 1.867400e-01
177 8.082640e-01 4.212000e-03 1.875240e-01
178 8.076040e-01 4.136000e-03 1.882600e-01
179 8.067960e-01 4.204000e-03 1.890000e-01
180 8.061040e-01 4.184000e-03 1.897120e-01
181 8.055080e-01 4.024000e-03 1.904680e-01
182 8.048480e-01 3.996000e-03 1.911560e-01
183 8.041480e-01 4.004000e-03 1.918480e-01
184 8.034520e-01 4.016000e-03 1.925320e-01
185 8.028080e-01 4.000000e-03 1.931920e-01
186 8.020160e-01 4.128000e-03 1.938560e-01
187 8.012760e-01 4.220000e-03 1.945040e-01
188 8.005760e-01 4.164000e-03 1.952600e-01
189 7.998920e-01 4.044000e-03 1.960640e-01
190 7.991920e-01 3.980000e-03 1.968280e-01
191 7.985320e-01 3.940000e-03 1.975280e-01
192 7.977760e-01 4.048000e-03 1.981760e-01
193 7.969760e-01 4.200000e-03 1.988240e-01
194 7.962040e-01 4.200000e-03 1.995960e-01
195 7.956400e-01 4.056000e-03 2.003040e-01
196 7.950160e-01 3.964000e-03 2.010200e-01
197 7.944440e-01 3.876000e-03 2.016800e-01
198 7.937880e-01 3.868000e-03 2.023440e-01
199 7.931480e-01 3.904000e-03 2.029480e-01
200 7.924760e-01 3.880000e-03 2.036440e-01
201 7.918600e-01 3.848000e-03 2.042920e-01
202 7.911480e-01 3.976000e-03 2.048760e-01
203 7.904080e-01 3.988000e-03 2.056040e-01
204 7.897240e-01 3.972000e-03 2.063040e-01
205 7.890760e-01 3.884000e-03 2.070400e-01
206 7.884080e-01 3.916000e-03 2.076760e-01
207 7.878440e-01 3.760000e-03 2.083960e-01
208 7.872080e-01 3.756000e-03 2.090360e-01
209 7.866160e-01 3.612000e-03 2.097720e-01
210 7.859640e-01 3.588000e-03 2.104480e-01
211 7.853280e-01 3.616000e-03 2.110560e-01
212 7.846800e-01 3.576000e-03 2.117440e-01
213 7.840120e-01 3.600000e-03 2.123880e-01
214 7.835200e-01 3.456000e-03 2.130240e-01
215 7.829200e-01 3.452000e-03 2.136280e-01
216 7.822920e-01 3.460000e-03 2.142480e-01
217 7.815840e-01 3.592000e-03 2.148240e-01
218 7.808560e-01 3.712000e-03 2.154320e-01
219 7.801240e-01 3.752000e-03 2.161240e-01
220 7.794480e-01 3.828000e-03 2.167240e-01
221 7.787920e-01 3.860000e-03 2.173480e-01
222 7.780560e-01 3.848000e-03 2.180960e-01
223 7.772960e-01 3.924000e-03 2.187800e-01
224 7.765840e-01 3.904000e-03 2.195120e-01
225 7.759560e-01 3.768000e-03 2.202760e-01
226 7.753000e-01 3.736000e-03 2.209640e-01
227 7.748320e-01 3.540000e-03 2.216280e-01
228 7.742680e-01 3.524000e-03 2.222080e-01
229 7.737880e-01 3.448000e-03 2.227640e-01
230 7.732360e-01 3.436000e-03 2.233280e-01
231 7.727080e-01 3.300000e-03 2.239920e-01
232 7.722320e-01 3.296000e-03 2.244720e-01
233 7.716080e-01 3.312000e-03 2.250800e-01
234 7.710480e-01 3.284000e-03 2.256680e-01
235 7.705360e-01 3.240000e-03 2.262240e-01
236 7.700000e-01 3.172000e-03 2.268280e-01
237 7.694680e-01 3.116000e-03 2.274160e-01
238 7.689560e-01 3.072000e-03 2.279720e-01
239 7.684960e-01 3.076000e-03 2.284280e-01
240 7.680400e-01 3.056000e-03 2.289040e-01
241 7.675800e-01 3.032000e-03 2.293880e-01
242 7.671320e-01 2.944000e-03 2.299240e-01
243 7.666000e-01 2.944000e-03 2.304560e-01
244 7.662160e-01 2.836000e-03 2.309480e-01
245 7.657280e-01 2.880000e-03 2.313920e-01
246 7.653280e-01 2.752000e-03 2.319200e-01
247 7.649120e-01 2.644000e-03 2.324440e-01
248 7.645120e-01 2.592000e-03 2.328960e-01
249 7.640960e-01 2.564000e-03 2.333400e-01
250 7.637280e-01 2.492000e-03 2.337800e-01
251 7.633440e-01 2.440000e-03 2.342160e-01
252 7.629200e-01 2.440000e-03 2.346400e-01
253 7.625040e-01 2.456000e-03 2.350400e-01
254 7.620360e-01 2.492000e-03 2.354720e-01
255 7.616600e-01 2.416000e-03 2.359240e-01
256 7.612800e-01 2.324000e-03 2.363960e-01
257 7.608920e-01 2.224000e-03 2.368840e-01
258 7.605600e-01 2.228000e-03 2.372120e-01
259 7.602480e-01 2.044000e-03 2.377080e-01
260 7.599280e-01 2.020000e-03 2.380520e-01
261 7.595720e-01 1.992000e-03 2.384360e-01
262 7.591840e-01 2.052000e-03 2.387640e-01
263 7.588240e-01 2.160000e-03 2.390160e-01
264 7.584960e-01 2.088000e-03 2.394160e-01
265 7.580480e-01 2.176000e-03 2.397760e-01
266 7.576520e-01 2.216000e-03 2.401320e-01
267 7.572760e-01 2.136000e-03 2.405880e-01
268 7.569320e-01 2.128000e-03 2.409400e-01
269 7.564880e-01 2.188000e-03 2.413240e-01
270 7.561360e-01 2.204000e-03 2.416600e-01
271 7.557560e-01 2.216000e-03 2.420280e-01
272 7.553320e-01 2.264000e-03 2.424040e-01
273 7.549160e-01 2.236000e-03 2.428480e-01
274 7.545200e-01 2.284000e-03 2.431960e-01
275 7.541840e-01 2.240000e-03 2.435760e-01
276 7.537960e-01 2.196000e-03 2.440080e-01
277 7.533920e-01 2.196000e-03 2.444120e-01
278 7.529840e-01 2.160000e-03 2.448560e-01
279 7.526320e-01 2.132000e-03 2.452360e-01
280 7.522360e-01 2.148000e-03 2.456160e-01
281 7.518880e-01 2.116000e-03 2.459960e-01
282 7.515480e-01 2.052000e-03 2.464000e-01
283 7.512680e-01 1.976000e-03 2.467560e-01
284 7.510120e-01 1.812000e-03 2.471760e-01
285 7.507160e-01 1.724000e-03 2.475600e-01
286 7.503720e-01 1.796000e-03 2.478320e-01
287 7.500840e-01 1.752000e-03 2.481640e-01
288 7.497200e-01 1.828000e-03 2.484520e-01
289 7.494080e-01 1.816000e-03 2.487760e-01
290 7.490240e-01 1.824000e-03 2.491520e-01
291 7.486240e-01 1.868000e-03 2.495080e-01
292 7.482880e-01 1.920000e-03 2.497920e-01
293 7.478800e-01 1.996000e-03 2.501240e-01
294 7.475160e-01 2.012000e-03 2.504720e-01
295 7.472520e-01 1.920000e-03 2.508280e-01
296 7.469960e-01 1.820000e-03 2.511840e-01
297 7.467200e-01 1.784000e-03 2.514960e-01
298 7.463760e-01 1.820000e-03 2.518040e-01
299 7.460840e-01 1.728000e-03 2.521880e-01
300 7.457960e-01 1.736000e-03 2.524680e-01
301 7.455240e-01 1.704000e-03 2.527720e-01
302 7.452240e-01 1.752000e-03 2.530240e-01
303 7.448840e-01 1.748000e-03 2.533680e-01
304 7.445760e-01 1.728000e-03 2.536960e-01
305 7.442680e-01 1.708000e-03 2.540240e-01
306 7.439520e-01 1.712000e-03 2.543360e-01
307 7.436480e-01 1.704000e-03 2.546480e-01
308 7.433840e-01 1.672000e-03 2.549440e-01
309 7.430040e-01 1.768000e-03 2.552280e-01
310 7.427040e-01 1.756000e-03 2.555400e-01
311 7.423880e-01 1.744000e-03 2.558680e-01
312 7.420080e-01 1.852000e-03 2.561400e-01
313 7.417360e-01 1.788000e-03 2.564760e-01
314 7.413920e-01 1.804000e-03 2.568040e-01
315 7.411240e-01 1.720000e-03 2.571560e-01
316 7.408000e-01 1.740000e-03 2.574600e-01
317 7.404840e-01 1.732000e-03 2.577840e-01
318 7.401320e-01 1.812000e-03 2.580560e-01
319 7.398520e-01 1.788000e-03 2.583600e-01
320 7.394680e-01 1.840000e-03 2.586920e-01
321 7.391480e-01 1.804000e-03 2.590480e-01
322 7.388520e-01 1.764000e-03 2.593840e-01
323 7.385440e-01 1.728000e-03 2.597280e-01
324 7.382240e-01 1.776000e-03 2.600000e-01
325 7.378880e-01 1.800000e-03 2.603120e-01
326 7.375760e-01 1.788000e-03 2.606360e-01
327 7.373520e-01 1.672000e-03 2.609760e-01
328 7.371080e-01 1.584000e-03 2.613080e-01
329 7.368040e-01 1.600000e-03 2.615960e-01
330 7.365440e-01 1.544000e-03 2.619120e-01
331 7.362720e-01 1.544000e-03 2.621840e-01
332 7.360680e-01 1.500000e-03 2.624320e-01
333 7.358360e-01 1.520000e-03 2.626440e-01
334 7.355960e-01 1.508000e-03 2.628960e-01
335 7.353320e-01 1.528000e-03 2.631400e-01
336 7.350960e-01 1.492000e-03 2.634120e-01
337 7.348840e-01 1.376000e-03 2.637400e-01
338 7.347040e-01 1.324000e-03 2.639720e-01
339 7.345280e-01 1.288000e-03 2.641840e-01
340 7.342760e-01 1.284000e-03 2.644400e-01
341 7.341080e-01 1.204000e-03 2.646880e-01
342 7.339000e-01 1.168000e-03 2.649320e-01
343 7.336840e-01 1.216000e-03 2.651000e-01
344 7.334960e-01 1.204000e-03 2.653000e-01
345 7.332600e-01 1.256000e-03 2.654840e-01
346 7.330040e-01 1.312000e-03 2.656840e-01
347 7.327360e-01 1.344000e-03 2.659200e-01
348 7.325200e-01 1.372000e-03 2.661080e-01
349 7.323360e-01 1.320000e-03 2.663440e-01
350 7.321440e-01 1.232000e-03 2.666240e-01
351 7.319640e-01 1.200000e-03 2.668360e-01
352 7.318240e-01 1.188000e-03 2.669880e-01
353 7.316200e-01 1.152000e-03 2.672280e-01
354 7.313800e-01 1.176000e-03 2.674440e-01
355 7.311280e-01 1.224000e-03 2.676480e-01
356 7.308960e-01 1.260000e-03 2.678440e-01
357 7.307160e-01 1.260000e-03 2.680240e-01
358 7.305320e-01 1.268000e-03 2.682000e-01
359 7.303520e-01 1.188000e-03 2.684600e-01
360 7.301280e-01 1.224000e-03 2.686480e-01
361 7.299720e-01 1.072000e-03 2.689560e-01
362 7.297600e-01 1.108000e-03 2.691320e-01
363 7.295920e-01 1.044000e-03 2.693640e-01
364 7.294360e-01 1.032000e-03 2.695320e-01
365 7.293160e-01 9.640000e-04 2.697200e-01
366 7.291880e-01 9.200000e-04 2.698920e-01
367 7.290240e-01 9.440000e-04 2.700320e-01
368 7.289080e-01 8.800000e-04 2.702120e-01
369 7.287840e-01 8.640000e-04 2.703520e-01
370 7.286520e-01 8.400000e-04 2.705080e-01
371 7.285320e-01 8.160000e-04 2.706520e-01
372 7.283560e-01 8.440000e-04 2.708000e-01
373 7.282160e-01 8.400000e-04 2.709440e-01
374 7.280880e-01 8.280000e-04 2.710840e-01
375 7.279560e-01 7.840000e-04 2.712600e-01
376 7.278640e-01 7.440000e-04 2.713920e-01
377 7.276840e-01 8.040000e-04 2.715120e-01
378 7.275480e-01 8.320000e-04 2.716200e-01
379 7.274320e-01 8.400000e-04 2.717280e-01
380 7.272920e-01 8.560000e-04 2.718520e-01
381 7.271920e-01 7.760000e-04 2.720320e-01
382 7.270360e-01 8.040000e-04 2.721600e-01
383 7.269000e-01 7.880000e-04 2.723120e-01
384 7.267440e-01 8.040000e-04 2.724520e-01
385 7.265720e-01 8.520000e-04 2.725760e-01
386 7.264360e-01 8.280000e-04 2.727360e-01
387 7.263120e-01 7.920000e-04 2.728960e-01
388 7.261960e-01 7.520000e-04 2.730520e-01
389 7.260840e-01 7.360000e-04 2.731800e-01
390 7.259560e-01 7.440000e-04 2.733000e-01
391 7.258680e-01 6.960000e-04 2.734360e-01
392 7.257720e-01 6.360000e-04 2.735920e-01
393 7.256880e-01 6.280000e-04 2.736840e-01
394 7.255800e-01 6.360000e-04 2.737840e-01
395 7.255240e-01 5.640000e-04 2.739120e-01
396 7.254720e-01 5.000000e-04 2.740280e-01
397 7.253720e-01 5.040000e-04 2.741240e-01
398 7.253080e-01 5.040000e-04 2.741880e-01
399 7.252240e-01 4.880000e-04 2.742880e-01
400 7.251600e-01 4.960000e-04 2.743440e-01
401 7.250920e-01 4.840000e-04 2.744240e-01
402 7.250200e-01 4.720000e-04 2.745080e-01
403 7.249320e-01 4.800000e-04 2.745880e-01
404 7.248280e-01 4.960000e-04 2.746760e-01
405 7.247040e-01 5.440000e-04 2.747520e-01
406 7.246080e-01 5.680000e-04 2.748240e-01
407 7.244960e-01 5.640000e-04 2.749400e-01
408 7.244080e-01 5.440000e-04 2.750480e-01
409 7.242680e-01 6.080000e-04 2.751240e-01
410 7.242160e-01 5.440000e-04 2.752400e-01
411 7.240920e-01 5.720000e-04 2.753360e-01
412 7.239880e-01 5.440000e-04 2.754680e-01
413 7.238440e-01 5.440000e-04 2.756120e-01
414 7.237640e-01 5.040000e-04 2.757320e-01
415 7.236440e-01 5.120000e-04 2.758440e-01
416 7.235440e-01 5.200000e-04 2.759360e-01
417 7.234160e-01 5.440000e-04 2.760400e-01
418 7.232840e-01 5.680000e-04 2.761480e-01
419 7.232000e-01 5.240000e-04 2.762760e-01
420 7.230880e-01 5.480000e-04 2.763640e-01
421 7.229880e-01 5.160000e-04 2.764960e-01
422 7.229120e-01 5.120000e-04 2.765760e-01
423 7.228000e-01 5.280000e-04 2.766720e-01
424 7.226680e-01 5.760000e-04 2.767560e-01
425 7.225600e-01 5.560000e-04 2.768840e-01
426 7.224800e-01 5.400000e-04 2.769800e-01
427 7.223720e-01 5.360000e-04 2.770920e-01
428 7.222600e-01 5.520000e-04 2.771880e-01
429 7.221800e-01 5.480000e-04 2.772720e-01
430 7.220800e-01 5.520000e-04 2.773680e-01
431 7.220000e-01 5.120000e-04 2.774880e-01
432 7.219200e-01 4.880000e-04 2.775920e-01
433 7.218600e-01 4.400000e-04 2.777000e-01
434 7.217600e-01 4.360000e-04 2.778040e-01
435 7.216560e-01 4.920000e-04 2.778520e-01
436 7.215520e-01 4.840000e-04 2.779640e-01
437 7.214360e-01 5.320000e-04 2.780320e-01
438 7.213080e-01 5.840000e-04 2.781080e-01
439 7.212160e-01 5.640000e-04 2.782200e-01
440 7.211480e-01 5.520000e-04 2.783000e-01
441 7.210880e-01 5.360000e-04 2.783760e-01
442 7.210120e-01 4.840000e-04 2.785040e-01
443 7.209560e-01 4.560000e-04 2.785880e-01
444 7.208880e-01 4.520000e-04 2.786600e-01
445 7.208280e-01 4.400000e-04 2.787320e-01
446 7.207480e-01 4.440000e-04 2.788080e-01
447 7.206520e-01 4.920000e-04 2.788560e-01
448 7.205600e-01 4.760000e-04 2.789640e-01
449 7.204800e-01 4.800000e-04 2.790400e-01
450 7.203720e-01 4.960000e-04 2.791320e-01
451 7.202840e-01 4.600000e-04 2.792560e-01
452 7.202080e-01 4.800000e-04 2.793120e-01
453 7.201320e-01 4.960000e-04 2.793720e-01
454 7.200280e-01 5.280000e-04 2.794440e-01
455 7.199400e-01 5.560000e-04 2.795040e-01
456 7.198640e-01 5.200000e-04 2.796160e-01
457 7.197720e-01 5.040000e-04 2.797240e-01
458 7.196520e-01 5.320000e-04 2.798160e-01
459 7.195240e-01 6.000000e-04 2.798760e-01
460 7.194160e-01 6.080000e-04 2.799760e-01
461 7.192800e-01 6.480000e-04 2.800720e-01
462 7.191600e-01 6.400000e-04 2.802000e-01
463 7.189600e-01 7.400000e-04 2.803000e-01
464 7.188040e-01 7.840000e-04 2.804120e-01
465 7.186560e-01 8.160000e-04 2.805280e-01
466 7.185560e-01 8.200000e-04 2.806240e-01
467 7.184440e-01 7.920000e-04 2.807640e-01
468 7.183080e-01 7.880000e-04 2.809040e-01
469 7.181640e-01 7.800000e-04 2.810560e-01
470 7.180320e-01 7.440000e-04 2.812240e-01
471 7.178800e-01 7.520000e-04 2.813680e-01
472 7.177520e-01 7.160000e-04 2.815320e-01
473 7.176320e-01 6.960000e-04 2.816720e-01
474 7.175640e-01 6.560000e-04 2.817800e-01
475 7.174960e-01 6.360000e-04 2.818680e-01
476 7.174120e-01 6.280000e-04 2.819600e-01
477 7.173480e-01 6.000000e-04 2.820520e-01
478 7.172720e-01 5.960000e-04 2.821320e-01
479 7.171680e-01 5.840000e-04 2.822480e-01
480 7.170800e-01 5.840000e-04 2.823360e-01
481 7.170040e-01 5.360000e-04 2.824600e-01
482 7.169320e-01 5.480000e-04 2.825200e-01
483 7.168080e-01 6.040000e-04 2.825880e-01
484 7.167320e-01 6.000000e-04 2.826680e-01
485 7.166640e-01 5.600000e-04 2.827760e-01
486 7.165480e-01 5.920000e-04 2.828600e-01
487 7.164400e-01 5.920000e-04 2.829680e-01
488 7.163240e-01 6.200000e-04 2.830560e-01
489 7.162200e-01 6.080000e-04 2.831720e-01
490 7.160840e-01 6.600000e-04 2.832560e-01
491 7.160000e-01 6.280000e-04 2.833720e-01
492 7.159080e-01 6.120000e-04 2.834800e-01
493 7.157760e-01 6.480000e-04 2.835760e-01
494 7.156280e-01 7.160000e-04 2.836560e-01
495 7.155000e-01 7.000000e-04 2.838000e-01
496 7.153760e-01 7.040000e-04 2.839200e-01
497 7.152760e-01 6.800000e-04 2.840440e-01
498 7.151760e-01 6.320000e-04 2.841920e-01
499 7.150400e-01 6.640000e-04 2.842960e-01
500 7.149440e-01 6.840000e-04 2.843720e-01
