1 9.991200e-01 7.800000e-04 1.000000e-04
2 9.986000e-01 1.092000e-03 3.080000e-04
3 9.979280e-01 1.552000e-03 5.200000e-04
4 9.972240e-01 1.976000e-03 8.000000e-04
5 9.963040e-01 2.440000e-03 1.256000e-03
6 9.953840e-01 2.880000e-03 1.736000e-03
7 9.944000e-01 3.344000e-03 2.256000e-03
8 9.933960e-01 3.768000e-03 2.836000e-03
9 9.924280e-01 4.056000e-03 3.516000e-03
10 9.913920e-01 4.320000e-03 4.288000e-03
11 9.902040e-01 4.712000e-03 5.084000e-03
12 9.889920e-01 5.092000e-03 5.916000e-03
13 9.877880e-01 5.404000e-03 6.808000e-03
14 9.865440e-01 5.608000e-03 7.848000e-03
15 9.852360e-01 5.948000e-03 8.816000e-03
16 9.838600e-01 6.216000e-03 9.924000e-03
17 9.825880e-01 6.416000e-03 1.099600e-02
18 9.811200e-01 6.644000e-03 1.223600e-02
19 9.796640e-01 6.876000e-03 1.346000e-02
20 9.781040e-01 7.168000e-03 1.472800e-02
21 9.766080e-01 7.316000e-03 1.607600e-02
22 9.750400e-01 7.588000e-03 1.737200e-02
23 9.736080e-01 7.628000e-03 1.876400e-02
24 9.720000e-01 7.748000e-03 2.025200e-02
25 9.705680e-01 7.808000e-03 2.162400e-02
26 9.688440e-01 8.148000e-03 2.300800e-02
27 9.672440e-01 8.392000e-03 2.436400e-02
28 9.656640e-01 8.540000e-03 2.579600e-02
29 9.640320e-01 8.580000e-03 2.738800e-02
30 9.624720e-01 8.676000e-03 2.885200e-02
31 9.608200e-01 8.776000e-03 3.040400e-02
32 9.590200e-01 8.972000e-03 3.200800e-02
33 9.575080e-01 8.924000e-03 3.356800e-02
34 9.557960e-01 9.024000e-03 3.518000e-02
35 9.541680e-01 9.108000e-03 3.672400e-02
36 9.524920e-01 9.204000e-03 3.830400e-02
37 9.507880e-01 9.236000e-03 3.997600e-02
38 9.490920e-01 9.392000e-03 4.151600e-02
39 9.472440e-01 9.572000e-03 4.318400e-02
40 9.454360e-01 9.680000e-03 4.488400e-02
41 9.437360e-01 9.644000e-03 4.662000e-02
42 9.418560e-01 9.796000e-03 4.834800e-02
43 9.400280e-01 9.872000e-03 5.010000e-02
44 9.383640e-01 9.832000e-03 5.180400e-02
45 9.366600e-01 9.712000e-03 5.362800e-02
46 9.350720e-01 9.464000e-03 5.546400e-02
47 9.333120e-01 9.456000e-03 5.723200e-02
48 9.315760e-01 9.496000e-03 5.892800e-02
49 9.300280e-01 9.372000e-03 6.060000e-02
50 9.283480e-01 9.524000e-03 6.212800e-02
51 9.266120e-01 9.572000e-03 6.381600e-02
52 9.249280e-01 9.560000e-03 6.551200e-02
53 9.232840e-01 9.532000e-03 6.718400e-02
54 9.215560e-01 9.588000e-03 6.885600e-02
55 9.199040e-01 9.676000e-03 7.042000e-02
56 9.181360e-01 9.660000e-03 7.220400e-02
57 9.164640e-01 9.624000e-03 7.391200e-02
58 9.146160e-01 9.764000e-03 7.562000e-02
59 9.128160e-01 9.840000e-03 7.734400e-02
60 9.112040e-01 9.756000e-03 7.904000e-02
61 9.095440e-01 9.680000e-03 8.077600e-02
62 9.079600e-01 9.540000e-03 8.250000e-02
63 9.064920e-01 9.260000e-03 8.424800e-02
64 9.048160e-01 9.200000e-03 8.598400e-02
65 9.032480e-01 9.136000e-03 8.761600e-02
66 9.017680e-01 9.132000e-03 8.910000e-02
67 9.003920e-01 8.880000e-03 9.072800e-02
68 8.987600e-01 8.980000e-03 9.226000e-02
69 8.971920e-01 9.040000e-03 9.376800e-02
70 8.956760e-01 8.980000e-03 9.534400e-02
71 8.941280e-01 8.972000e-03 9.690000e-02
72 8.926880e-01 9.016000e-03 9.829600e-02
73 8.912400e-01 8.896000e-03 9.986400e-02
74 8.897200e-01 8.840000e-03 1.014400e-01
75 8.882720e-01 8.748000e-03 1.029800e-01
76 8.866440e-01 8.844000e-03 1.045120e-01
77 8.850520e-01 8.992000e-03 1.059560e-01
78 8.834240e-01 9.080000e-03 1.074960e-01
79 8.817520e-01 9.296000e-03 1.089520e-01
80 8.800880e-01 9.312000e-03 1.106000e-01
81 8.785160e-01 9.288000e-03 1.121960e-01
82 8.769280e-01 9.260000e-03 1.138120e-01
83 8.754200e-01 9.264000e-03 1.153160e-01
84 8.737640e-01 9.324000e-03 1.169120e-01
85 8.721320e-01 9.360000e-03 1.185080e-01
86 8.704640e-01 9.516000e-03 1.200200e-01
87 8.689840e-01 9.356000e-03 1.216600e-01
88 8.673800e-01 9.424000e-03 1.231960e-01
89 8.658160e-01 9.312000e-03 1.248720e-01
90 8.643560e-01 9.032000e-03 1.266120e-01
91 8.627800e-01 9.000000e-03 1.282200e-01
92 8.612480e-01 8.956000e-03 1.297960e-01
93 8.598120e-01 8.788000e-03 1.314000e-01
94 8.582840e-01 8.740000e-03 1.329760e-01
95 8.567280e-01 8.780000e-03 1.344920e-01
96 8.553280e-01 8.476000e-03 1.361960e-01
97 8.539240e-01 8.312000e-03 1.377640e-01
98 8.525520e-01 8.228000e-03 1.392200e-01
99 8.510200e-01 8.336000e-03 1.406440e-01
100 8.496200e-01 8.268000e-03 1.421120e-01
101 8.481720e-01 8.248000e-03 1.435800e-01
102 8.468880e-01 7.976000e-03 1.451360e-01
103 8.454400e-01 8.100000e-03 1.464600e-01
104 8.440320e-01 8.176000e-03 1.477920e-01
105 8.424280e-01 8.368000e-03 1.492040e-01
106 8.412320e-01 8.168000e-03 1.506000e-01
107 8.399240e-01 8.152000e-03 1.519240e-01
108 8.386280e-01 8.164000e-03 1.532080e-01
109 8.374080e-01 8.008000e-03 1.545840e-01
110 8.361760e-01 7.900000e-03 1.559240e-01
111 8.348840e-01 7.904000e-03 1.572120e-01
112 8.336000e-01 7.900000e-03 1.585000e-01
113 8.323040e-01 7.728000e-03 1.599680e-01
114 8.310600e-01 7.728000e-03 1.612120e-01
115 8.297520e-01 7.668000e-03 1.625800e-01
116 8.284240e-01 7.592000e-03 1.639840e-01
117 8.271400e-01 7.656000e-03 1.652040e-01
118 8.258320e-01 7.584000e-03 1.665840e-01
119 8.244680e-01 7.600000e-03 1.679320e-01
120 8.230680e-01 7.644000e-03 1.692880e-01
121 8.216640e-01 7.768000e-03 1.705680e-01
122 8.202920e-01 7.640000e-03 1.720680e-01
123 8.190600e-01 7.596000e-03 1.733440e-01
124 8.176640e-01 7.764000e-03 1.745720e-01
125 8.162800e-01 7.860000e-03 1.758600e-01
126 8.148800e-01 7.920000e-03 1.772000e-01
127 8.135160e-01 7.868000e-03 1.786160e-01
128 8.121160e-01 8.012000e-03 1.798720e-01
129 8.108320e-01 7.864000e-03 1.813040e-01
130 8.095160e-01 7.732000e-03 1.827520e-01
131 8.080840e-01 7.652000e-03 1.842640e-01
132 8.067160e-01 7.520000e-03 1.857640e-01
133 8.054040e-01 7.512000e-03 1.870840e-01
134 8.040960e-01 7.396000e-03 1.885080e-01
135 8.028480e-01 7.264000e-03 1.898880e-01
136 8.016520e-01 7.092000e-03 1.912560e-01
137 8.003280e-01 7.060000e-03 1.926120e-01
138 7.989120e-01 7.148000e-03 1.939400e-01
139 7.977000e-01 7.200000e-03 1.951000e-01
140 7.963840e-01 7.348000e-03 1.962680e-01
141 7.950240e-01 7.424000e-03 1.975520e-01
142 7.937520e-01 7.476000e-03 1.987720e-01
143 7.925680e-01 7.516000e-03 1.999160e-01
144 7.913640e-01 7.488000e-03 2.011480e-01
145 7.900680e-01 7.508000e-03 2.024240e-01
146 7.888840e-01 7.432000e-03 2.036840e-01
147 7.876440e-01 7.400000e-03 2.049560e-01
148 7.863520e-01 7.384000e-03 2.062640e-01
149 7.851960e-01 7.328000e-03 2.074760e-01
150 7.839800e-01 7.248000e-03 2.087720e-01
151 7.827600e-01 7.196000e-03 2.100440e-01
152 7.814440e-01 7.304000e-03 2.112520e-01
153 7.802000e-01 7.276000e-03 2.125240e-01
154 7.789760e-01 7.224000e-03 2.138000e-01
155 7.776760e-01 7.292000e-03 2.150320e-01
156 7.762720e-01 7.288000e-03 2.164400e-01
157 7.751520e-01 7.176000e-03 2.176720e-01
158 7.739520e-01 7.152000e-03 2.188960e-01
159 7.727320e-01 7.064000e-03 2.202040e-01
160 7.717040e-01 6.828000e-03 2.214680e-01
161 7.706640e-01 6.628000e-03 2.227080e-01
162 7.696280e-01 6.548000e-03 2.238240e-01
163 7.686000e-01 6.440000e-03 2.249600e-01
164 7.676560e-01 6.276000e-03 2.260680e-01
165 7.666960e-01 6.164000e-03 2.271400e-01
166 7.656520e-01 6.036000e-03 2.283120e-01
167 7.645040e-01 6.168000e-03 2.293280e-01
168 7.634880e-01 6.068000e-03 2.304440e-01
169 7.624960e-01 6.052000e-03 2.314520e-01
170 7.615320e-01 6.036000e-03 2.324320e-01
171 7.606240e-01 5.812000e-03 2.335640e-01
172 7.596880e-01 5.720000e-03 2.345920e-01
173 7.587960e-01 5.584000e-03 2.356200e-01
174 7.578520e-01 5.548000e-03 2.366000e-01
175 7.568040e-01 5.588000e-03 2.376080e-01
176 7.559880e-01 5.444000e-03 2.385680e-01
177 7.551800e-01 5.240000e-03 2.395800e-01
178 7.542520e-01 5.184000e-03 2.405640e-01
179 7.534480e-01 5.108000e-03 2.414440e-01
180 7.526480e-01 5.060000e-03 2.422920e-01
181 7.517760e-01 5.068000e-03 2.431560e-01
182 7.508160e-01 5.200000e-03 2.439840e-01
183 7.499480e-01 5.152000e-03 2.449000e-01
184 7.490320e-01 5.220000e-03 2.457480e-01
185 7.479440e-01 5.404000e-03 2.466520e-01
186 7.468080e-01 5.552000e-03 2.476400e-01
187 7.459400e-01 5.552000e-03 2.485080e-01
188 7.448840e-01 5.588000e-03 2.495280e-01
189 7.440640e-01 5.428000e-03 2.505080e-01
190 7.432000e-01 5.308000e-03 2.514920e-01
191 7.422760e-01 5.328000e-03 2.523960e-01
192 7.414960e-01 5.176000e-03 2.533280e-01
193 7.405600e-01 5.272000e-03 2.541680e-01
194 7.397600e-01 5.056000e-03 2.551840e-01
195 7.390160e-01 4.804000e-03 2.561800e-01
196 7.381560e-01 4.900000e-03 2.569440e-01
197 7.372960e-01 4.976000e-03 2.577280e-01
198 7.364640e-01 4.888000e-03 2.586480e-01
199 7.354440e-01 5.040000e-03 2.595160e-01
200 7.344920e-01 5.092000e-03 2.604160e-01
201 7.336520e-01 4.992000e-03 2.613560e-01
202 7.328320e-01 4.912000e-03 2.622560e-01
203 7.320280e-01 4.808000e-03 2.631640e-01
204 7.312240e-01 4.784000e-03 2.639920e-01
205 7.304800e-01 4.752000e-03 2.647680e-01
206 7.296680e-01 4.696000e-03 2.656360e-01
207 7.288680e-01 4.748000e-03 2.663840e-01
208 7.282000e-01 4.656000e-03 2.671440e-01
209 7.274040e-01 4.616000e-03 2.679800e-01
210 7.265920e-01 4.660000e-03 2.687480e-01
211 7.257960e-01 4.664000e-03 2.695400e-01
212 7.250600e-01 4.548000e-03 2.703920e-01
213 7.241960e-01 4.636000e-03 2.711680e-01
214 7.234360e-01 4.536000e-03 2.720280e-01
215 7.227120e-01 4.464000e-03 2.728240e-01
216 7.220000e-01 4.464000e-03 2.735360e-01
217 7.211880e-01 4.576000e-03 2.742360e-01
218 7.204240e-01 4.564000e-03 2.750120e-01
219 7.195840e-01 4.572000e-03 2.758440e-01
220 7.189000e-01 4.460000e-03 2.766400e-01
221 7.181320e-01 4.368000e-03 2.775000e-01
222 7.173760e-01 4.340000e-03 2.782840e-01
223 7.166720e-01 4.332000e-03 2.789960e-01
224 7.159680e-01 4.384000e-03 2.796480e-01
225 7.152200e-01 4.388000e-03 2.803920e-01
226 7.145240e-01 4.372000e-03 2.811040e-01
227 7.138080e-01 4.392000e-03 2.818000e-01
228 7.130960e-01 4.312000e-03 2.825920e-01
229 7.123160e-01 4.332000e-03 2.833520e-01
230 7.116800e-01 4.156000e-03 2.841640e-01
231 7.110800e-01 3.972000e-03 2.849480e-01
232 7.104920e-01 3.892000e-03 2.856160e-01
233 7.099880e-01 3.652000e-03 2.863600e-01
234 7.092760e-01 3.784000e-03 2.869400e-01
235 7.085240e-01 3.912000e-03 2.875640e-01
236 7.079160e-01 3.868000e-03 2.882160e-01
237 7.073720e-01 3.800000e-03 2.888280e-01
238 7.068040e-01 3.704000e-03 2.894920e-01
239 7.061040e-01 3.800000e-03 2.900960e-01
240 7.054640e-01 3.764000e-03 2.907720e-01
241 7.048920e-01 3.644000e-03 2.914640e-01
242 7.043440e-01 3.556000e-03 2.921000e-01
243 7.036960e-01 3.540000e-03 2.927640e-01
244 7.031000e-01 3.492000e-03 2.934080e-01
245 7.025320e-01 3.496000e-03 2.939720e-01
246 7.019920e-01 3.368000e-03 2.946400e-01
247 7.013920e-01 3.392000e-03 2.952160e-01
248 7.008440e-01 3.364000e-03 2.957920e-01
249 7.003360e-01 3.300000e-03 2.963640e-01
250 6.998200e-01 3.272000e-03 2.969080e-01
251 6.994040e-01 3.144000e-03 2.974520e-01
252 6.989400e-01 2.988000e-03 2.980720e-01
253 6.985200e-01 2.952000e-03 2.985280e-01
254 6.981000e-01 2.832000e-03 2.990680e-01
255 6.976360e-01 2.828000e-03 2.995360e-01
256 6.972760e-01 2.752000e-03 2.999720e-01
257 6.968120e-01 2.708000e-03 3.004800e-01
258 6.962400e-01 2.792000e-03 3.009680e-01
259 6.958480e-01 2.680000e-03 3.014720e-01
260 6.952920e-01 2.804000e-03 3.019040e-01
261 6.948880e-01 2.684000e-03 3.024280e-01
262 6.944160e-01 2.676000e-03 3.029080e-01
263 6.938520e-01 2.768000e-03 3.033800e-01
264 6.932920e-01 2.816000e-03 3.038920e-01
265 6.928640e-01 2.680000e-03 3.044560e-01
266 6.923800e-01 2.708000e-03 3.049120e-01
267 6.919440e-01 2.600000e-03 3.054560e-01
268 6.913920e-01 2.672000e-03 3.059360e-01
269 6.909280e-01 2.660000e-03 3.064120e-01
270 6.903920e-01 2.716000e-03 3.068920e-01
271 6.898200e-01 2.820000e-03 3.073600e-01
272 6.893560e-01 2.820000e-03 3.078240e-01
273 6.888280e-01 2.860000e-03 3.083120e-01
274 6.883400e-01 2.804000e-03 3.088560e-01
275 6.879440e-01 2.616000e-03 3.094400e-01
276 6.875040e-01 2.588000e-03 3.099080e-01
277 6.870440e-01 2.596000e-03 3.103600e-01
278 6.865320e-01 2.636000e-03 3.108320e-01
279 6.860880e-01 2.588000e-03 3.113240e-01
280 6.856720e-01 2.564000e-03 3.117640e-01
281 6.852560e-01 2.524000e-03 3.122200e-01
282 6.847680e-01 2.536000e-03 3.126960e-01
283 6.843600e-01 2.500000e-03 3.131400e-01
284 6.839360e-01 2.496000e-03 3.135680e-01
285 6.835200e-01 2.476000e-03 3.140040e-01
286 6.831120e-01 2.528000e-03 3.143600e-01
287 6.826880e-01 2.496000e-03 3.148160e-01
288 6.822080e-01 2.520000e-03 3.152720e-01
289 6.817600e-01 2.540000e-03 3.157000e-01
290 6.814000e-01 2.348000e-03 3.162520e-01
291 6.810520e-01 2.340000e-03 3.166080e-01
292 6.805840e-01 2.404000e-03 3.170120e-01
293 6.801560e-01 2.468000e-03 3.173760e-01
294 6.797560e-01 2.436000e-03 3.178080e-01
295 6.793040e-01 2.472000e-03 3.182240e-01
296 6.788640e-01 2.432000e-03 3.187040e-01
297 6.784320e-01 2.468000e-03 3.191000e-01
298 6.779840e-01 2.488000e-03 3.195280e-01
299 6.775760e-01 2.528000e-03 3.198960e-01
300 6.771920e-01 2.524000e-03 3.202840e-01
301 6.767920e-01 2.468000e-03 3.207400e-01
302 6.764360e-01 2.404000e-03 3.211600e-01
303 6.759880e-01 2.396000e-03 3.216160e-01
304 6.756320e-01 2.304000e-03 3.220640e-01
305 6.752400e-01 2.340000e-03 3.224200e-01
306 6.748520e-01 2.288000e-03 3.228600e-01
307 6.744960e-01 2.308000e-03 3.231960e-01
308 6.741360e-01 2.272000e-03 3.235920e-01
309 6.737640e-01 2.264000e-03 3.239720e-01
310 6.733920e-01 2.268000e-03 3.243400e-01
311 6.730360e-01 2.256000e-03 3.247080e-01
312 6.726840e-01 2.188000e-03 3.251280e-01
313 6.722680e-01 2.188000e-03 3.255440e-01
314 6.719160e-01 2.172000e-03 3.259120e-01
315 6.715880e-01 2.092000e-03 3.263200e-01
316 6.712920e-01 2.024000e-03 3.266840e-01
317 6.710080e-01 1.888000e-03 3.271040e-01
318 6.707000e-01 1.840000e-03 3.274600e-01
319 6.704160e-01 1.788000e-03 3.277960e-01
320 6.701400e-01 1.752000e-03 3.281080e-01
321 6.698080e-01 1.724000e-03 3.284680e-01
322 6.695160e-01 1.720000e-03 3.287640e-01
323 6.691920e-01 1.784000e-03 3.290240e-01
324 6.688640e-01 1.784000e-03 3.293520e-01
325 6.686200e-01 1.676000e-03 3.297040e-01
326 6.683760e-01 1.640000e-03 3.299840e-01
327 6.680800e-01 1.652000e-03 3.302680e-01
328 6.678000e-01 1.656000e-03 3.305440e-01
329 6.675240e-01 1.616000e-03 3.308600e-01
330 6.672840e-01 1.520000e-03 3.311960e-01
331 6.670000e-01 1.560000e-03 3.314400e-01
332 6.666400e-01 1.656000e-03 3.317040e-01
333 6.662960e-01 1.676000e-03 3.320280e-01
334 6.660960e-01 1.616000e-03 3.322880e-01
335 6.657800e-01 1.664000e-03 3.325560e-01
336 6.655360e-01 1.624000e-03 3.328400e-01
337 6.652880e-01 1.548000e-03 3.331640e-01
338 6.650160e-01 1.544000e-03 3.334400e-01
339 6.646480e-01 1.640000e-03 3.337120e-01
340 6.643360e-01 1.668000e-03 3.339960e-01
341 6.640360e-01 1.692000e-03 3.342720e-01
342 6.637800e-01 1.680000e-03 3.345400e-01
343 6.633840e-01 1.784000e-03 3.348320e-01
344 6.630880e-01 1.732000e-03 3.351800e-01
345 6.628440e-01 1.620000e-03 3.355360e-01
346 6.626200e-01 1.564000e-03 3.358160e-01
347 6.623680e-01 1.504000e-03 3.361280e-01
348 6.621800e-01 1.424000e-03 3.363960e-01
349 6.619400e-01 1.412000e-03 3.366480e-01
350 6.616840e-01 1.444000e-03 3.368720e-01
351 6.614040e-01 1.488000e-03 3.371080e-01
352 6.610960e-01 1.532000e-03 3.373720e-01
353 6.608360e-01 1.508000e-03 3.376560e-01
354 6.604760e-01 1.580000e-03 3.379440e-01
355 6.601360e-01 1.628000e-03 3.382360e-01
356 6.597840e-01 1.692000e-03 3.385240e-01
357 6.594120e-01 1.824000e-03 3.387640e-01
358 6.591040e-01 1.732000e-03 3.391640e-01
359 6.588080e-01 1.752000e-03 3.394400e-01
360 6.584920e-01 1.780000e-03 3.397280e-01
361 6.581760e-01 1.816000e-03 3.400080e-01
362 6.578280e-01 1.892000e-03 3.402800e-01
363 6.574520e-01 1.900000e-03 3.406480e-01
364 6.571720e-01 1.840000e-03 3.409880e-01
365 6.568640e-01 1.840000e-03 3.412960e-01
366 6.564800e-01 1.892000e-03 3.416280e-01
367 6.560760e-01 2.020000e-03 3.419040e-01
368 6.557080e-01 1.976000e-03 3.423160e-01
369 6.553520e-01 1.968000e-03 3.426800e-01
370 6.549800e-01 1.908000e-03 3.431120e-01
371 6.546440e-01 1.920000e-03 3.434360e-01
372 6.542560e-01 1.980000e-03 3.437640e-01
373 6.539280e-01 2.056000e-03 3.440160e-01
374 6.536000e-01 2.036000e-03 3.443640e-01
375 6.532480e-01 2.028000e-03 3.447240e-01
376 6.529720e-01 1.948000e-03 3.450800e-01
377 6.526440e-01 1.968000e-03 3.453880e-01
378 6.523440e-01 1.888000e-03 3.457680e-01
379 6.520320e-01 1.852000e-03 3.461160e-01
380 6.516600e-01 1.924000e-03 3.464160e-01
381 6.513800e-01 1.876000e-03 3.467440e-01
382 6.510840e-01 1.844000e-03 3.470720e-01
383 6.508040e-01 1.864000e-03 3.473320e-01
384 6.505360e-01 1.764000e-03 3.477000e-01
385 6.503080e-01 1.712000e-03 3.479800e-01
386 6.500480e-01 1.692000e-03 3.482600e-01
387 6.498680e-01 1.540000e-03 3.485920e-01
388 6.496960e-01 1.444000e-03 3.488600e-01
389 6.494800e-01 1.420000e-03 3.491000e-01
390 6.492720e-01 1.360000e-03 3.493680e-01
391 6.489960e-01 1.404000e-03 3.496000e-01
392 6.487560e-01 1.412000e-03 3.498320e-01
393 6.486040e-01 1.336000e-03 3.500600e-01
394 6.483440e-01 1.348000e-03 3.503080e-01
395 6.481600e-01 1.256000e-03 3.505840e-01
396 6.480080e-01 1.200000e-03 3.507920e-01
397 6.478080e-01 1.152000e-03 3.510400e-01
398 6.476520e-01 1.092000e-03 3.512560e-01
399 6.474880e-01 1.016000e-03 3.514960e-01
400 6.473200e-01 1.004000e-03 3.516760e-01
401 6.471920e-01 9.280000e-04 3.518800e-01
402 6.470520e-01 9.160000e-04 3.520320e-01
403 6.468600e-01 9.240000e-04 3.522160e-01
404 6.466440e-01 9.560000e-04 3.524000e-01
405 6.464720e-01 9.640000e-04 3.525640e-01
406 6.462520e-01 1.008000e-03 3.527400e-01
407 6.460040e-01 1.092000e-03 3.529040e-01
408 6.457920e-01 1.124000e-03 3.530840e-01
409 6.455920e-01 1.128000e-03 3.532800e-01
410 6.453920e-01 1.160000e-03 3.534480e-01
411 6.451480e-01 1.212000e-03 3.536400e-01
412 6.449400e-01 1.240000e-03 3.538200e-01
413 6.447560e-01 1.204000e-03 3.540400e-01
414 6.445280e-01 1.220000e-03 3.542520e-01
415 6.443160e-01 1.232000e-03 3.544520e-01
416 6.441040e-01 1.228000e-03 3.546680e-01
417 6.438760e-01 1.252000e-03 3.548720e-01
418 6.436280e-01 1.300000e-03 3.550720e-01
419 6.433800e-01 1.348000e-03 3.552720e-01
420 6.431480e-01 1.332000e-03 3.555200e-01
421 6.428400e-01 1.404000e-03 3.557560e-01
422 6.425960e-01 1.364000e-03 3.560400e-01
423 6.423800e-01 1.332000e-03 3.562880e-01
424 6.421360e-01 1.332000e-03 3.565320e-01
425 6.419080e-01 1.364000e-03 3.567280e-01
426 6.417080e-01 1.340000e-03 3.569520e-01
427 6.415000e-01 1.332000e-03 3.571680e-01
428 6.412440e-01 1.360000e-03 3.573960e-01
429 6.410880e-01 1.224000e-03 3.576880e-01
430 6.408400e-01 1.292000e-03 3.578680e-01
431 6.406120e-01 1.280000e-03 3.581080e-01
432 6.403680e-01 1.272000e-03 3.583600e-01
433 6.401880e-01 1.228000e-03 3.585840e-01
434 6.399840e-01 1.232000e-03 3.587840e-01
435 6.397760e-01 1.228000e-03 3.589960e-01
436 6.395320e-01 1.252000e-03 3.592160e-01
437 6.392880e-01 1.312000e-03 3.594000e-01
438 6.390560e-01 1.272000e-03 3.596720e-01
439 6.388200e-01 1.332000e-03 3.598480e-01
440 6.385720e-01 1.360000e-03 3.600680e-01
441 6.383760e-01 1.332000e-03 3.602920e-01
442 6.381600e-01 1.332000e-03 3.605080e-01
443 6.379680e-01 1.272000e-03 3.607600e-01
444 6.377760e-01 1.240000e-03 3.609840e-01
445 6.376200e-01 1.148000e-03 3.612320e-01
446 6.374000e-01 1.156000e-03 3.614440e-01
447 6.372240e-01 1.116000e-03 3.616600e-01
448 6.370600e-01 1.028000e-03 3.619120e-01
449 6.369120e-01 1.052000e-03 3.620360e-01
450 6.367520e-01 1.020000e-03 3.622280e-01
451 6.366080e-01 9.960000e-04 3.623960e-01
452 6.364760e-01 9.360000e-04 3.625880e-01
453 6.363760e-01 9.160000e-04 3.627080e-01
454 6.362040e-01 9.000000e-04 3.628960e-01
455 6.360760e-01 8.760000e-04 3.630480e-01
456 6.359640e-01 8.120000e-04 3.632240e-01
457 6.358440e-01 8.040000e-04 3.633520e-01
458 6.357320e-01 8.000000e-04 3.634680e-01
459 6.356280e-01 7.760000e-04 3.635960e-01
460 6.354600e-01 7.840000e-04 3.637560e-01
461 6.353520e-01 7.280000e-04 3.639200e-01
462 6.352600e-01 6.840000e-04 3.640560e-01
463 6.351480e-01 6.880000e-04 3.641640e-01
464 6.350640e-01 6.360000e-04 3.643000e-01
465 6.349920e-01 5.920000e-04 3.644160e-01
466 6.348760e-01 6.320000e-04 3.644920e-01
467 6.347800e-01 6.280000e-04 3.645920e-01
468 6.347080e-01 6.160000e-04 3.646760e-01
469 6.346280e-01 5.920000e-04 3.647800e-01
470 6.345960e-01 5.440000e-04 3.648600e-01
471 6.345400e-01 5.040000e-04 3.649560e-01
472 6.344560e-01 5.120000e-04 3.650320e-01
473 6.343800e-01 4.960000e-04 3.651240e-01
474 6.343360e-01 4.600000e-04 3.652040e-01
475 6.342760e-01 4.480000e-04 3.652760e-01
476 6.342240e-01 4.440000e-04 3.653320e-01
477 6.341600e-01 4.720000e-04 3.653680e-01
478 6.340840e-01 4.560000e-04 3.654600e-01
479 6.339840e-01 4.840000e-04 3.655320e-01
480 6.338360e-01 5.560000e-04 3.656080e-01
481 6.337560e-01 5.320000e-04 3.657120e-01
482 6.336880e-01 5.280000e-04 3.657840e-01
483 6.336280e-01 5.160000e-04 3.658560e-01
484 6.335120e-01 5.680000e-04 3.659200e-01
485 6.334240e-01 5.680000e-04 3.660080e-01
486 6.333080e-01 5.640000e-04 3.661280e-01
487 6.332240e-01 5.400000e-04 3.662360e-01
488 6.331120e-01 5.760000e-04 3.663120e-01
489 6.330080e-01 5.880000e-04 3.664040e-01
490 6.328720e-01 6.800000e-04 3.664480e-01
491 6.327600e-01 7.080000e-04 3.665320e-01
492 6.326600e-01 6.920000e-04 3.666480e-01
493 6.325560e-01 7.040000e-04 3.667400e-01
494 6.324320e-01 7.000000e-04 3.668680e-01
495 6.323000e-01 7.040000e-04 3.669960e-01
496 6.321680e-01 7.080000e-04 3.671240e-01
497 6.320680e-01 6.680000e-04 3.672640e-01
498 6.319960e-01 6.120000e-04 3.673920e-01
499 6.319120e-01 5.920000e-04 3.674960e-01
500 6.318000e-01 5.880000e-04 3.676120e-01
