1 9.992200e-01 6.960000e-04 8.400000e-05
2 9.986000e-01 1.172000e-03 2.280000e-04
3 9.978880e-01 1.656000e-03 4.560000e-04
4 9.970560e-01 2.208000e-03 7.360000e-04
5 9.961680e-01 2.692000e-03 1.140000e-03
6 9.953280e-01 3.032000e-03 1.640000e-03
7 9.944480e-01 3.404000e-03 2.148000e-03
8 9.935560e-01 3.700000e-03 2.744000e-03
9 9.926400e-01 4.004000e-03 3.356000e-03
10 9.916600e-01 4.164000e-03 4.176000e-03
11 9.906680e-01 4.320000e-03 5.012000e-03
12 9.896680e-01 4.532000e-03 5.800000e-03
13 9.888240e-01 4.540000e-03 6.636000e-03
14 9.877120e-01 4.800000e-03 7.488000e-03
15 9.866280e-01 5.144000e-03 8.228000e-03
16 9.855800e-01 5.184000e-03 9.236000e-03
17 9.844360e-01 5.376000e-03 1.018800e-02
18 9.833240e-01 5.540000e-03 1.113600e-02
19 9.820600e-01 5.796000e-03 1.214400e-02
20 9.809040e-01 5.972000e-03 1.312400e-02
21 9.796080e-01 6.348000e-03 1.404400e-02
22 9.781400e-01 6.752000e-03 1.510800e-02
23 9.768480e-01 6.952000e-03 1.620000e-02
24 9.754600e-01 7.112000e-03 1.742800e-02
25 9.741320e-01 7.200000e-03 1.866800e-02
26 9.727600e-01 7.320000e-03 1.992000e-02
27 9.714440e-01 7.304000e-03 2.125200e-02
28 9.700560e-01 7.384000e-03 2.256000e-02
29 9.684920e-01 7.568000e-03 2.394000e-02
30 9.670600e-01 7.588000e-03 2.535200e-02
31 9.656320e-01 7.664000e-03 2.670400e-02
32 9.641600e-01 7.816000e-03 2.802400e-02
33 9.626440e-01 8.056000e-03 2.930000e-02
34 9.612920e-01 8.064000e-03 3.064400e-02
35 9.596720e-01 8.348000e-03 3.198000e-02
36 9.581000e-01 8.432000e-03 3.346800e-02
37 9.564840e-01 8.568000e-03 3.494800e-02
38 9.549880e-01 8.596000e-03 3.641600e-02
39 9.531440e-01 8.872000e-03 3.798400e-02
40 9.513920e-01 9.016000e-03 3.959200e-02
41 9.497960e-01 9.044000e-03 4.116000e-02
42 9.481200e-01 9.220000e-03 4.266000e-02
43 9.464360e-01 9.172000e-03 4.439200e-02
44 9.446400e-01 9.276000e-03 4.608400e-02
45 9.428320e-01 9.412000e-03 4.775600e-02
46 9.410800e-01 9.648000e-03 4.927200e-02
47 9.391400e-01 9.984000e-03 5.087600e-02
48 9.370800e-01 1.041200e-02 5.250800e-02
49 9.350160e-01 1.077200e-02 5.421200e-02
50 9.328800e-01 1.097600e-02 5.614400e-02
51 9.306960e-01 1.120400e-02 5.810000e-02
52 9.285480e-01 1.149200e-02 5.996000e-02
53 9.264160e-01 1.154400e-02 6.204000e-02
54 9.242760e-01 1.164400e-02 6.408000e-02
55 9.222760e-01 1.165600e-02 6.606800e-02
56 9.201440e-01 1.182800e-02 6.802800e-02
57 9.178880e-01 1.206000e-02 7.005200e-02
58 9.156440e-01 1.221600e-02 7.214000e-02
59 9.135880e-01 1.222800e-02 7.418400e-02
60 9.114560e-01 1.216000e-02 7.638400e-02
61 9.093120e-01 1.224800e-02 7.844000e-02
62 9.073400e-01 1.195600e-02 8.070400e-02
63 9.054000e-01 1.193200e-02 8.266800e-02
64 9.034840e-01 1.175200e-02 8.476400e-02
65 9.014240e-01 1.169200e-02 8.688400e-02
66 8.994920e-01 1.149200e-02 8.901600e-02
67 8.973280e-01 1.158400e-02 9.108800e-02
68 8.953760e-01 1.147600e-02 9.314800e-02
69 8.934760e-01 1.151600e-02 9.500800e-02
70 8.913680e-01 1.153600e-02 9.709600e-02
71 8.891080e-01 1.186000e-02 9.903200e-02
72 8.871440e-01 1.167600e-02 1.011800e-01
73 8.851960e-01 1.151600e-02 1.032880e-01
74 8.832720e-01 1.155200e-02 1.051760e-01
75 8.814200e-01 1.134800e-02 1.072320e-01
76 8.794840e-01 1.134800e-02 1.091680e-01
77 8.774760e-01 1.135200e-02 1.111720e-01
78 8.754120e-01 1.131200e-02 1.132760e-01
79 8.735480e-01 1.106800e-02 1.153840e-01
80 8.714720e-01 1.120400e-02 1.173240e-01
81 8.695880e-01 1.126800e-02 1.191440e-01
82 8.677000e-01 1.121200e-02 1.210880e-01
83 8.660200e-01 1.095600e-02 1.230240e-01
84 8.640320e-01 1.118000e-02 1.247880e-01
85 8.620600e-01 1.103200e-02 1.269080e-01
86 8.601160e-01 1.113200e-02 1.287520e-01
87 8.582640e-01 1.113200e-02 1.306040e-01
88 8.563640e-01 1.105200e-02 1.325840e-01
89 8.546840e-01 1.070800e-02 1.346080e-01
90 8.529000e-01 1.045600e-02 1.366440e-01
91 8.510160e-01 1.037200e-02 1.386120e-01
92 8.490040e-01 1.063600e-02 1.403600e-01
93 8.471640e-01 1.044000e-02 1.423960e-01
94 8.453080e-01 1.048800e-02 1.442040e-01
95 8.435680e-01 1.048400e-02 1.459480e-01
96 8.417680e-01 1.050000e-02 1.477320e-01
97 8.400600e-01 1.041600e-02 1.495240e-01
98 8.383760e-01 1.038800e-02 1.512360e-01
99 8.368360e-01 1.017200e-02 1.529920e-01
100 8.351320e-01 1.014000e-02 1.547280e-01
101 8.334240e-01 9.948000e-03 1.566280e-01
102 8.317280e-01 9.896000e-03 1.583760e-01
103 8.301000e-01 9.772000e-03 1.601280e-01
104 8.282360e-01 9.824000e-03 1.619400e-01
105 8.265720e-01 9.740000e-03 1.636880e-01
106 8.247120e-01 9.984000e-03 1.653040e-01
107 8.228080e-01 1.012800e-02 1.670640e-01
108 8.211440e-01 9.936000e-03 1.689200e-01
109 8.193560e-01 1.002800e-02 1.706160e-01
110 8.177040e-01 1.002400e-02 1.722720e-01
111 8.159320e-01 9.932000e-03 1.741360e-01
112 8.143320e-01 9.824000e-03 1.758440e-01
113 8.126600e-01 9.816000e-03 1.775240e-01
114 8.110280e-01 9.648000e-03 1.793240e-01
115 8.094000e-01 9.632000e-03 1.809680e-01
116 8.079600e-01 9.324000e-03 1.827160e-01
117 8.063880e-01 9.116000e-03 1.844960e-01
118 8.048440e-01 9.044000e-03 1.861120e-01
119 8.033400e-01 8.992000e-03 1.876680e-01
120 8.017680e-01 8.936000e-03 1.892960e-01
121 8.001280e-01 9.068000e-03 1.908040e-01
122 7.986240e-01 8.900000e-03 1.924760e-01
123 7.971040e-01 8.852000e-03 1.940440e-01
124 7.957080e-01 8.752000e-03 1.955400e-01
125 7.942960e-01 8.620000e-03 1.970840e-01
126 7.929080e-01 8.504000e-03 1.985880e-01
127 7.913320e-01 8.644000e-03 2.000240e-01
128 7.899120e-01 8.536000e-03 2.015520e-01
129 7.884360e-01 8.408000e-03 2.031560e-01
130 7.870240e-01 8.360000e-03 2.046160e-01
131 7.856040e-01 8.288000e-03 2.061080e-01
132 7.842000e-01 8.240000e-03 2.075600e-01
133 7.827360e-01 8.276000e-03 2.089880e-01
134 7.814760e-01 8.084000e-03 2.104400e-01
135 7.800400e-01 8.156000e-03 2.118040e-01
136 7.785080e-01 8.360000e-03 2.131320e-01
137 7.770560e-01 8.284000e-03 2.146600e-01
138 7.757400e-01 8.280000e-03 2.159800e-01
139 7.743120e-01 8.220000e-03 2.174680e-01
140 7.728640e-01 8.212000e-03 2.189240e-01
141 7.715680e-01 8.004000e-03 2.204280e-01
142 7.701960e-01 7.868000e-03 2.219360e-01
143 7.687080e-01 7.904000e-03 2.233880e-01
144 7.674720e-01 7.720000e-03 2.248080e-01
145 7.662680e-01 7.512000e-03 2.262200e-01
146 7.650160e-01 7.404000e-03 2.275800e-01
147 7.637640e-01 7.372000e-03 2.288640e-01
148 7.624800e-01 7.364000e-03 2.301560e-01
149 7.613160e-01 7.204000e-03 2.314800e-01
150 7.600760e-01 7.196000e-03 2.327280e-01
151 7.588280e-01 7.116000e-03 2.340560e-01
152 7.576040e-01 7.116000e-03 2.352800e-01
153 7.564720e-01 7.012000e-03 2.365160e-01
154 7.552360e-01 7.028000e-03 2.377360e-01
155 7.541840e-01 6.848000e-03 2.389680e-01
156 7.531080e-01 6.748000e-03 2.401440e-01
157 7.520040e-01 6.640000e-03 2.413560e-01
158 7.509640e-01 6.556000e-03 2.424800e-01
159 7.499160e-01 6.416000e-03 2.436680e-01
160 7.488400e-01 6.388000e-03 2.447720e-01
161 7.476800e-01 6.516000e-03 2.458040e-01
162 7.465640e-01 6.576000e-03 2.468600e-01
163 7.455600e-01 6.500000e-03 2.479400e-01
164 7.445760e-01 6.300000e-03 2.491240e-01
165 7.436760e-01 6.104000e-03 2.502200e-01
166 7.426560e-01 6.072000e-03 2.512720e-01
167 7.416920e-01 5.940000e-03 2.523680e-01
168 7.405920e-01 5.972000e-03 2.534360e-01
169 7.395280e-01 5.952000e-03 2.545200e-01
170 7.385640e-01 5.988000e-03 2.554480e-01
171 7.376160e-01 5.892000e-03 2.564920e-01
172 7.365200e-01 5.964000e-03 2.575160e-01
173 7.354360e-01 6.020000e-03 2.585440e-01
174 7.344080e-01 6.016000e-03 2.595760e-01
175 7.334120e-01 5.984000e-03 2.606040e-01
176 7.325320e-01 5.760000e-03 2.617080e-01
177 7.316120e-01 5.664000e-03 2.627240e-01
178 7.306880e-01 5.628000e-03 2.636840e-01
179 7.298600e-01 5.388000e-03 2.647520e-01
180 7.289800e-01 5.272000e-03 2.657480e-01
181 7.281880e-01 5.176000e-03 2.666360e-01
182 7.272560e-01 5.216000e-03 2.675280e-01
183 7.264440e-01 5.172000e-03 2.683840e-01
184 7.256200e-01 5.104000e-03 2.692760e-01
185 7.249040e-01 4.924000e-03 2.701720e-01
186 7.239760e-01 5.016000e-03 2.710080e-01
187 7.231160e-01 4.924000e-03 2.719600e-01
188 7.222600e-01 4.904000e-03 2.728360e-01
189 7.212760e-01 5.036000e-03 2.736880e-01
190 7.203280e-01 5.152000e-03 2.745200e-01
191 7.194440e-01 5.212000e-03 2.753440e-01
192 7.183960e-01 5.372000e-03 2.762320e-01
193 7.173440e-01 5.500000e-03 2.771560e-01
194 7.163200e-01 5.580000e-03 2.781000e-01
195 7.154280e-01 5.528000e-03 2.790440e-01
196 7.145440e-01 5.416000e-03 2.800400e-01
197 7.136800e-01 5.376000e-03 2.809440e-01
198 7.128400e-01 5.372000e-03 2.817880e-01
199 7.120280e-01 5.340000e-03 2.826320e-01
200 7.111080e-01 5.316000e-03 2.835760e-01
201 7.102880e-01 5.120000e-03 2.845920e-01
202 7.093640e-01 5.124000e-03 2.855120e-01
203 7.084680e-01 5.196000e-03 2.863360e-01
204 7.075680e-01 5.232000e-03 2.872000e-01
205 7.068280e-01 5.088000e-03 2.880840e-01
206 7.059480e-01 5.044000e-03 2.890080e-01
207 7.050560e-01 5.056000e-03 2.898880e-01
208 7.041320e-01 5.048000e-03 2.908200e-01
209 7.031640e-01 5.164000e-03 2.916720e-01
210 7.023200e-01 5.096000e-03 2.925840e-01
211 7.015080e-01 5.028000e-03 2.934640e-01
212 7.006840e-01 5.024000e-03 2.942920e-01
213 7.000080e-01 4.880000e-03 2.951120e-01
214 6.991760e-01 4.812000e-03 2.960120e-01
215 6.982800e-01 4.896000e-03 2.968240e-01
216 6.974960e-01 4.828000e-03 2.976760e-01
217 6.968160e-01 4.744000e-03 2.984400e-01
218 6.960840e-01 4.716000e-03 2.992000e-01
219 6.952760e-01 4.748000e-03 2.999760e-01
220 6.946480e-01 4.640000e-03 3.007120e-01
221 6.939840e-01 4.528000e-03 3.014880e-01
222 6.931400e-01 4.544000e-03 3.023160e-01
223 6.924760e-01 4.476000e-03 3.030480e-01
224 6.917840e-01 4.376000e-03 3.038400e-01
225 6.910120e-01 4.356000e-03 3.046320e-01
226 6.901880e-01 4.416000e-03 3.053960e-01
227 6.894720e-01 4.368000e-03 3.061600e-01
228 6.886440e-01 4.376000e-03 3.069800e-01
229 6.878720e-01 4.400000e-03 3.077280e-01
230 6.871160e-01 4.296000e-03 3.085880e-01
231 6.862520e-01 4.564000e-03 3.091840e-01
232 6.854360e-01 4.572000e-03 3.099920e-01
233 6.845800e-01 4.568000e-03 3.108520e-01
234 6.837720e-01 4.552000e-03 3.116760e-01
235 6.829480e-01 4.560000e-03 3.124920e-01
236 6.821240e-01 4.596000e-03 3.132800e-01
237 6.813600e-01 4.540000e-03 3.141000e-01
238 6.806200e-01 4.476000e-03 3.149040e-01
239 6.799080e-01 4.368000e-03 3.157240e-01
240 6.792360e-01 4.252000e-03 3.165120e-01
241 6.784080e-01 4.304000e-03 3.172880e-01
242 6.776400e-01 4.348000e-03 3.180120e-01
243 6.769440e-01 4.364000e-03 3.186920e-01
244 6.762320e-01 4.256000e-03 3.195120e-01
245 6.755480e-01 4.172000e-03 3.202800e-01
246 6.748720e-01 4.176000e-03 3.209520e-01
247 6.742040e-01 4.104000e-03 3.216920e-01
248 6.735440e-01 4.080000e-03 3.223760e-01
249 6.728440e-01 4.144000e-03 3.230120e-01
250 6.721800e-01 4.112000e-03 3.237080e-01
251 6.714880e-01 4.100000e-03 3.244120e-01
252 6.708840e-01 4.016000e-03 3.251000e-01
253 6.702760e-01 3.916000e-03 3.258080e-01
254 6.698480e-01 3.724000e-03 3.264280e-01
255 6.692640e-01 3.672000e-03 3.270640e-01
256 6.687560e-01 3.464000e-03 3.277800e-01
257 6.682840e-01 3.368000e-03 3.283480e-01
258 6.678040e-01 3.248000e-03 3.289480e-01
259 6.672320e-01 3.248000e-03 3.295200e-01
260 6.667240e-01 3.180000e-03 3.300960e-01
261 6.661400e-01 3.236000e-03 3.306240e-01
262 6.656320e-01 3.264000e-03 3.311040e-01
263 6.650880e-01 3.212000e-03 3.317000e-01
264 6.645440e-01 3.148000e-03 3.323080e-01
265 6.640840e-01 2.976000e-03 3.329400e-01
266 6.634800e-01 3.092000e-03 3.334280e-01
267 6.628000e-01 3.216000e-03 3.339840e-01
268 6.622360e-01 3.244000e-03 3.345200e-01
269 6.616840e-01 3.232000e-03 3.350840e-01
270 6.611000e-01 3.300000e-03 3.356000e-01
271 6.604080e-01 3.364000e-03 3.362280e-01
272 6.598120e-01 3.336000e-03 3.368520e-01
273 6.591600e-01 3.408000e-03 3.374320e-01
274 6.585760e-01 3.396000e-03 3.380280e-01
275 6.580480e-01 3.356000e-03 3.385960e-01
276 6.574600e-01 3.304000e-03 3.392360e-01
277 6.569880e-01 3.172000e-03 3.398400e-01
278 6.564680e-01 3.096000e-03 3.404360e-01
279 6.559800e-01 3.016000e-03 3.410040e-01
280 6.555320e-01 2.900000e-03 3.415680e-01
281 6.551160e-01 2.860000e-03 3.420240e-01
282 6.546360e-01 2.848000e-03 3.425160e-01
283 6.542280e-01 2.736000e-03 3.430360e-01
284 6.538160e-01 2.684000e-03 3.435000e-01
285 6.534200e-01 2.584000e-03 3.439960e-01
286 6.529840e-01 2.588000e-03 3.444280e-01
287 6.525320e-01 2.664000e-03 3.448040e-01
288 6.520120e-01 2.752000e-03 3.452360e-01
289 6.514800e-01 2.808000e-03 3.457120e-01
290 6.509800e-01 2.816000e-03 3.462040e-01
291 6.504480e-01 2.828000e-03 3.467240e-01
292 6.499280e-01 2.924000e-03 3.471480e-01
293 6.494480e-01 2.872000e-03 3.476800e-01
294 6.490360e-01 2.800000e-03 3.481640e-01
295 6.486160e-01 2.732000e-03 3.486520e-01
296 6.482160e-01 2.580000e-03 3.492040e-01
297 6.479120e-01 2.424000e-03 3.496640e-01
298 6.475640e-01 2.364000e-03 3.500720e-01
299 6.472280e-01 2.352000e-03 3.504200e-01
300 6.468760e-01 2.304000e-03 3.508200e-01
301 6.465000e-01 2.256000e-03 3.512440e-01
302 6.460680e-01 2.292000e-03 3.516400e-01
303 6.455880e-01 2.388000e-03 3.520240e-01
304 6.451320e-01 2.480000e-03 3.523880e-01
305 6.446560e-01 2.460000e-03 3.528840e-01
306 6.441640e-01 2.468000e-03 3.533680e-01
307 6.437840e-01 2.448000e-03 3.537680e-01
308 6.433960e-01 2.336000e-03 3.542680e-01
309 6.429760e-01 2.328000e-03 3.546960e-01
310 6.426680e-01 2.196000e-03 3.551360e-01
311 6.423640e-01 2.112000e-03 3.555240e-01
312 6.420360e-01 2.060000e-03 3.559040e-01
313 6.417320e-01 2.012000e-03 3.562560e-01
314 6.414400e-01 1.956000e-03 3.566040e-01
315 6.410600e-01 1.992000e-03 3.569480e-01
316 6.408120e-01 1.900000e-03 3.572880e-01
317 6.405960e-01 1.848000e-03 3.575560e-01
318 6.403360e-01 1.768000e-03 3.578960e-01
319 6.401000e-01 1.692000e-03 3.582080e-01
320 6.398560e-01 1.628000e-03 3.585160e-01
321 6.395680e-01 1.656000e-03 3.587760e-01
322 6.392480e-01 1.664000e-03 3.590880e-01
323 6.388400e-01 1.820000e-03 3.593400e-01
324 6.384840e-01 1.796000e-03 3.597200e-01
325 6.381880e-01 1.772000e-03 3.600400e-01
326 6.378800e-01 1.820000e-03 3.603000e-01
327 6.375800e-01 1.804000e-03 3.606160e-01
328 6.372960e-01 1.796000e-03 3.609080e-01
329 6.370520e-01 1.684000e-03 3.612640e-01
330 6.368160e-01 1.572000e-03 3.616120e-01
331 6.365560e-01 1.492000e-03 3.619520e-01
332 6.363360e-01 1.432000e-03 3.622320e-01
333 6.360480e-01 1.524000e-03 3.624280e-01
334 6.357600e-01 1.508000e-03 3.627320e-01
335 6.354840e-01 1.512000e-03 3.630040e-01
336 6.351960e-01 1.588000e-03 3.632160e-01
337 6.349600e-01 1.540000e-03 3.635000e-01
338 6.346920e-01 1.544000e-03 3.637640e-01
339 6.344360e-01 1.464000e-03 3.641000e-01
340 6.341680e-01 1.468000e-03 3.643640e-01
341 6.339320e-01 1.512000e-03 3.645560e-01
342 6.336480e-01 1.512000e-03 3.648400e-01
343 6.333960e-01 1.424000e-03 3.651800e-01
344 6.331960e-01 1.340000e-03 3.654640e-01
345 6.329640e-01 1.356000e-03 3.656800e-01
346 6.327120e-01 1.356000e-03 3.659320e-01
347 6.325000e-01 1.344000e-03 3.661560e-01
348 6.323320e-01 1.296000e-03 3.663720e-01
349 6.320200e-01 1.368000e-03 3.666120e-01
350 6.317760e-01 1.396000e-03 3.668280e-01
351 6.315520e-01 1.328000e-03 3.671200e-01
352 6.312880e-01 1.388000e-03 3.673240e-01
353 6.310240e-01 1.452000e-03 3.675240e-01
354 6.308200e-01 1.436000e-03 3.677440e-01
355 6.305760e-01 1.436000e-03 3.679880e-01
356 6.303160e-01 1.480000e-03 3.682040e-01
357 6.300360e-01 1.496000e-03 3.684680e-01
358 6.298240e-01 1.456000e-03 3.687200e-01
359 6.295520e-01 1.456000e-03 3.689920e-01
360 6.293160e-01 1.424000e-03 3.692600e-01
361 6.290960e-01 1.392000e-03 3.695120e-01
362 6.288360e-01 1.396000e-03 3.697680e-01
363 6.285400e-01 1.476000e-03 3.699840e-01
364 6.282240e-01 1.552000e-03 3.702240e-01
365 6.279800e-01 1.500000e-03 3.705200e-01
366 6.277360e-01 1.444000e-03 3.708200e-01
367 6.275200e-01 1.444000e-03 3.710360e-01
368 6.272440e-01 1.440000e-03 3.713160e-01
369 6.270280e-01 1.416000e-03 3.715560e-01
370 6.268120e-01 1.408000e-03 3.717800e-01
371 6.266160e-01 1.396000e-03 3.719880e-01
372 6.263880e-01 1.360000e-03 3.722520e-01
373 6.261520e-01 1.380000e-03 3.724680e-01
374 6.259120e-01 1.436000e-03 3.726520e-01
375 6.256080e-01 1.512000e-03 3.728800e-01
376 6.253840e-01 1.520000e-03 3.730960e-01
377 6.251600e-01 1.492000e-03 3.733480e-01
378 6.249120e-01 1.500000e-03 3.735880e-01
379 6.247240e-01 1.476000e-03 3.738000e-01
380 6.245040e-01 1.400000e-03 3.740960e-01
381 6.242880e-01 1.408000e-03 3.743040e-01
382 6.239840e-01 1.424000e-03 3.745920e-01
383 6.237960e-01 1.368000e-03 3.748360e-01
384 6.235760e-01 1.400000e-03 3.750240e-01
385 6.233720e-01 1.388000e-03 3.752400e-01
386 6.231040e-01 1.448000e-03 3.754480e-01
387 6.228560e-01 1.456000e-03 3.756880e-01
388 6.226280e-01 1.408000e-03 3.759640e-01
389 6.224640e-01 1.300000e-03 3.762360e-01
390 6.222800e-01 1.268000e-03 3.764520e-01
391 6.220520e-01 1.264000e-03 3.766840e-01
392 6.219000e-01 1.200000e-03 3.769000e-01
393 6.217000e-01 1.208000e-03 3.770920e-01
394 6.215200e-01 1.180000e-03 3.773000e-01
395 6.213240e-01 1.172000e-03 3.775040e-01
396 6.210320e-01 1.244000e-03 3.777240e-01
397 6.207640e-01 1.240000e-03 3.779960e-01
398 6.205240e-01 1.280000e-03 3.781960e-01
399 6.203280e-01 1.228000e-03 3.784440e-01
400 6.201360e-01 1.224000e-03 3.786400e-01
401 6.199040e-01 1.244000e-03 3.788520e-01
402 6.197400e-01 1.188000e-03 3.790720e-01
403 6.195280e-01 1.240000e-03 3.792320e-01
404 6.192960e-01 1.268000e-03 3.794360e-01
405 6.191480e-01 1.228000e-03 3.796240e-01
406 6.189760e-01 1.228000e-03 3.797960e-01
407 6.187480e-01 1.276000e-03 3.799760e-01
408 6.185800e-01 1.236000e-03 3.801840e-01
409 6.183880e-01 1.224000e-03 3.803880e-01
410 6.182000e-01 1.140000e-03 3.806600e-01
411 6.179840e-01 1.140000e-03 3.808760e-01
412 6.178280e-01 1.124000e-03 3.810480e-01
413 6.176840e-01 1.112000e-03 3.812040e-01
414 6.174640e-01 1.112000e-03 3.814240e-01
415 6.172640e-01 1.072000e-03 3.816640e-01
416 6.170880e-01 1.044000e-03 3.818680e-01
417 6.168840e-01 1.044000e-03 3.820720e-01
418 6.167120e-01 9.960000e-04 3.822920e-01
419 6.165560e-01 9.880000e-04 3.824560e-01
420 6.164160e-01 9.320000e-04 3.826520e-01
421 6.162400e-01 9.440000e-04 3.828160e-01
422 6.160560e-01 9.840000e-04 3.829600e-01
423 6.158840e-01 9.880000e-04 3.831280e-01
424 6.157600e-01 9.520000e-04 3.832880e-01
425 6.155800e-01 9.400000e-04 3.834800e-01
426 6.154880e-01 8.640000e-04 3.836480e-01
427 6.153880e-01 8.320000e-04 3.837800e-01
428 6.152760e-01 7.720000e-04 3.839520e-01
429 6.151640e-01 7.600000e-04 3.840760e-01
430 6.150640e-01 7.440000e-04 3.841920e-01
431 6.149200e-01 7.680000e-04 3.843120e-01
432 6.147640e-01 7.960000e-04 3.844400e-01
433 6.146000e-01 7.840000e-04 3.846160e-01
434 6.144360e-01 8.640000e-04 3.847000e-01
435 6.142960e-01 8.760000e-04 3.848280e-01
436 6.141440e-01 8.880000e-04 3.849680e-01
437 6.140000e-01 9.000000e-04 3.851000e-01
438 6.138240e-01 8.960000e-04 3.852800e-01
439 6.137000e-01 8.760000e-04 3.854240e-01
440 6.135440e-01 8.960000e-04 3.855600e-01
441 6.133800e-01 9.240000e-04 3.856960e-01
442 6.132240e-01 9.680000e-04 3.858080e-01
443 6.130720e-01 9.320000e-04 3.859960e-01
444 6.129360e-01 8.920000e-04 3.861720e-01
445 6.128120e-01 8.640000e-04 3.863240e-01
446 6.126880e-01 8.840000e-04 3.864280e-01
447 6.125600e-01 8.360000e-04 3.866040e-01
448 6.124440e-01 8.000000e-04 3.867560e-01
449 6.122920e-01 8.120000e-04 3.868960e-01
450 6.121000e-01 8.640000e-04 3.870360e-01
451 6.119120e-01 8.840000e-04 3.872040e-01
452 6.117520e-01 8.720000e-04 3.873760e-01
453 6.115960e-01 8.440000e-04 3.875600e-01
454 6.115040e-01 7.560000e-04 3.877400e-01
455 6.113960e-01 7.520000e-04 3.878520e-01
456 6.113240e-01 6.480000e-04 3.880280e-01
457 6.112320e-01 5.920000e-04 3.881760e-01
458 6.111560e-01 5.800000e-04 3.882640e-01
459 6.110320e-01 6.160000e-04 3.883520e-01
460 6.109240e-01 6.240000e-04 3.884520e-01
461 6.107920e-01 6.400000e-04 3.885680e-01
462 6.106880e-01 6.200000e-04 3.886920e-01
463 6.105760e-01 6.080000e-04 3.888160e-01
464 6.104880e-01 5.960000e-04 3.889160e-01
465 6.104000e-01 5.720000e-04 3.890280e-01
466 6.102760e-01 5.720000e-04 3.891520e-01
467 6.101720e-01 5.800000e-04 3.892480e-01
468 6.100640e-01 5.960000e-04 3.893400e-01
469 6.099400e-01 6.200000e-04 3.894400e-01
470 6.097680e-01 6.840000e-04 3.895480e-01
471 6.096080e-01 7.320000e-04 3.896600e-01
472 6.095040e-01 6.840000e-04 3.898120e-01
473 6.093640e-01 6.960000e-04 3.899400e-01
474 6.092400e-01 6.680000e-04 3.900920e-01
475 6.090600e-01 7.200000e-04 3.902200e-01
476 6.089040e-01 7.040000e-04 3.903920e-01
477 6.087680e-01 7.280000e-04 3.905040e-01
478 6.086160e-01 7.560000e-04 3.906280e-01
479 6.084480e-01 8.120000e-04 3.907400e-01
480 6.083440e-01 7.680000e-04 3.908880e-01
481 6.082440e-01 7.440000e-04 3.910120e-01
482 6.081400e-01 7.320000e-04 3.911280e-01
483 6.080680e-01 6.480000e-04 3.912840e-01
484 6.079640e-01 6.280000e-04 3.914080e-01
485 6.078400e-01 6.520000e-04 3.915080e-01
486 6.077080e-01 6.960000e-04 3.915960e-01
487 6.076080e-01 6.520000e-04 3.917400e-01
488 6.075360e-01 6.160000e-04 3.918480e-01
489 6.074480e-01 6.000000e-04 3.919520e-01
490 6.073320e-01 5.880000e-04 3.920800e-01
491 6.072320e-01 5.640000e-04 3.922040e-01
492 6.071160e-01 6.040000e-04 3.922800e-01
493 6.070000e-01 6.200000e-04 3.923800e-01
494 6.068680e-01 6.520000e-04 3.924800e-01
495 6.067800e-01 6.200000e-04 3.926000e-01
496 6.066520e-01 6.400000e-04 3.927080e-01
497 6.065240e-01 6.360000e-04 3.928400e-01
498 6.064160e-01 6.240000e-04 3.929600e-01
499 6.062880e-01 6.240000e-04 3.930880e-01
500 6.061600e-01 5.840000e-04 3.932560e-01
