1 9.991760e-01 7.680000e-04 5.600000e-05
2 9.985960e-01 1.212000e-03 1.920000e-04
3 9.978080e-01 1.728000e-03 4.640000e-04
4 9.969520e-01 2.232000e-03 8.160000e-04
5 9.959800e-01 2.776000e-03 1.244000e-03
6 9.949560e-01 3.288000e-03 1.756000e-03
7 9.938440e-01 3.816000e-03 2.340000e-03
8 9.926960e-01 4.320000e-03 2.984000e-03
9 9.913920e-01 4.816000e-03 3.792000e-03
10 9.902440e-01 5.064000e-03 4.692000e-03
11 9.889800e-01 5.456000e-03 5.564000e-03
12 9.876640e-01 5.784000e-03 6.552000e-03
13 9.864680e-01 5.972000e-03 7.560000e-03
14 9.850520e-01 6.272000e-03 8.676000e-03
15 9.837440e-01 6.436000e-03 9.820000e-03
16 9.824880e-01 6.512000e-03 1.100000e-02
17 9.810880e-01 6.700000e-03 1.221200e-02
18 9.796320e-01 6.968000e-03 1.340000e-02
19 9.780320e-01 7.352000e-03 1.461600e-02
20 9.765800e-01 7.532000e-03 1.588800e-02
21 9.749320e-01 7.868000e-03 1.720000e-02
22 9.732480e-01 8.024000e-03 1.872800e-02
23 9.715800e-01 8.356000e-03 2.006400e-02
24 9.696400e-01 8.836000e-03 2.152400e-02
25 9.678960e-01 9.064000e-03 2.304000e-02
26 9.661280e-01 9.220000e-03 2.465200e-02
27 9.644360e-01 9.232000e-03 2.633200e-02
28 9.626240e-01 9.488000e-03 2.788800e-02
29 9.607080e-01 9.608000e-03 2.968400e-02
30 9.586320e-01 9.904000e-03 3.146400e-02
31 9.565280e-01 1.038400e-02 3.308800e-02
32 9.545120e-01 1.066800e-02 3.482000e-02
33 9.526160e-01 1.064000e-02 3.674400e-02
34 9.506520e-01 1.072800e-02 3.862000e-02
35 9.486600e-01 1.080000e-02 4.054000e-02
36 9.468000e-01 1.060800e-02 4.259200e-02
37 9.448520e-01 1.072000e-02 4.442800e-02
38 9.430400e-01 1.067200e-02 4.628800e-02
39 9.413480e-01 1.045200e-02 4.820000e-02
40 9.394360e-01 1.054000e-02 5.002400e-02
41 9.376840e-01 1.033200e-02 5.198400e-02
42 9.359840e-01 1.020400e-02 5.381200e-02
43 9.340680e-01 1.029600e-02 5.563600e-02
44 9.322320e-01 1.030000e-02 5.746800e-02
45 9.304920e-01 1.014800e-02 5.936000e-02
46 9.285720e-01 1.028800e-02 6.114000e-02
47 9.267560e-01 1.027200e-02 6.297200e-02
48 9.250080e-01 1.024400e-02 6.474800e-02
49 9.231680e-01 1.031600e-02 6.651600e-02
50 9.212720e-01 1.034800e-02 6.838000e-02
51 9.195400e-01 1.032400e-02 7.013600e-02
52 9.177240e-01 1.030000e-02 7.197600e-02
53 9.158720e-01 1.040800e-02 7.372000e-02
54 9.140360e-01 1.048800e-02 7.547600e-02
55 9.122800e-01 1.049200e-02 7.722800e-02
56 9.104280e-01 1.049600e-02 7.907600e-02
57 9.084760e-01 1.068000e-02 8.084400e-02
58 9.066280e-01 1.064400e-02 8.272800e-02
59 9.047920e-01 1.048800e-02 8.472000e-02
60 9.029640e-01 1.037600e-02 8.666000e-02
61 9.011040e-01 1.034800e-02 8.854800e-02
62 8.992040e-01 1.045200e-02 9.034400e-02
63 8.971960e-01 1.058000e-02 9.222400e-02
64 8.951480e-01 1.072000e-02 9.413200e-02
65 8.932320e-01 1.079200e-02 9.597600e-02
66 8.912520e-01 1.095200e-02 9.779600e-02
67 8.892640e-01 1.095200e-02 9.978400e-02
68 8.873080e-01 1.096000e-02 1.017320e-01
69 8.854200e-01 1.091200e-02 1.036680e-01
70 8.835880e-01 1.078800e-02 1.056240e-01
71 8.816680e-01 1.076800e-02 1.075640e-01
72 8.797520e-01 1.076400e-02 1.094840e-01
73 8.777400e-01 1.068400e-02 1.115760e-01
74 8.757120e-01 1.067600e-02 1.136120e-01
75 8.740320e-01 1.055200e-02 1.154160e-01
76 8.721680e-01 1.046800e-02 1.173640e-01
77 8.701680e-01 1.078400e-02 1.190480e-01
78 8.684360e-01 1.066400e-02 1.209000e-01
79 8.665640e-01 1.062400e-02 1.228120e-01
80 8.648000e-01 1.054800e-02 1.246520e-01
81 8.630200e-01 1.042800e-02 1.265520e-01
82 8.613760e-01 1.031200e-02 1.283120e-01
83 8.595840e-01 1.039200e-02 1.300240e-01
84 8.577200e-01 1.053200e-02 1.317480e-01
85 8.560480e-01 1.041200e-02 1.335400e-01
86 8.542440e-01 1.052400e-02 1.352320e-01
87 8.523320e-01 1.056800e-02 1.371000e-01
88 8.504960e-01 1.048400e-02 1.390200e-01
89 8.488280e-01 1.043600e-02 1.407360e-01
90 8.469760e-01 1.050400e-02 1.425200e-01
91 8.451600e-01 1.048000e-02 1.443600e-01
92 8.434840e-01 1.027200e-02 1.462440e-01
93 8.417640e-01 1.024000e-02 1.479960e-01
94 8.400880e-01 1.020000e-02 1.497120e-01
95 8.384200e-01 1.012000e-02 1.514600e-01
96 8.367440e-01 1.006400e-02 1.531920e-01
97 8.350600e-01 1.003600e-02 1.549040e-01
98 8.330920e-01 1.010800e-02 1.568000e-01
99 8.314800e-01 1.000800e-02 1.585120e-01
100 8.297360e-01 9.928000e-03 1.603360e-01
101 8.280160e-01 9.760000e-03 1.622240e-01
102 8.262200e-01 9.924000e-03 1.638560e-01
103 8.246000e-01 9.848000e-03 1.655520e-01
104 8.228840e-01 9.896000e-03 1.672200e-01
105 8.210920e-01 1.006800e-02 1.688400e-01
106 8.193840e-01 1.010800e-02 1.705080e-01
107 8.177400e-01 1.002800e-02 1.722320e-01
108 8.161120e-01 1.007200e-02 1.738160e-01
109 8.143920e-01 1.007600e-02 1.755320e-01
110 8.127720e-01 9.960000e-03 1.772680e-01
111 8.111240e-01 9.892000e-03 1.789840e-01
112 8.095040e-01 9.772000e-03 1.807240e-01
113 8.077400e-01 9.764000e-03 1.824960e-01
114 8.060280e-01 9.800000e-03 1.841720e-01
115 8.042040e-01 9.996000e-03 1.858000e-01
116 8.025320e-01 9.924000e-03 1.875440e-01
117 8.008560e-01 9.856000e-03 1.892880e-01
118 7.992120e-01 9.836000e-03 1.909520e-01
119 7.974720e-01 9.764000e-03 1.927640e-01
120 7.957360e-01 9.776000e-03 1.944880e-01
121 7.941080e-01 9.784000e-03 1.961080e-01
122 7.923200e-01 9.896000e-03 1.977840e-01
123 7.906080e-01 9.836000e-03 1.995560e-01
124 7.890560e-01 9.676000e-03 2.012680e-01
125 7.874600e-01 9.512000e-03 2.030280e-01
126 7.857440e-01 9.644000e-03 2.046120e-01
127 7.841920e-01 9.448000e-03 2.063600e-01
128 7.827160e-01 9.260000e-03 2.080240e-01
129 7.813200e-01 9.112000e-03 2.095680e-01
130 7.797840e-01 9.156000e-03 2.110600e-01
131 7.783840e-01 8.912000e-03 2.127040e-01
132 7.770120e-01 8.760000e-03 2.142280e-01
133 7.757120e-01 8.608000e-03 2.156800e-01
134 7.742520e-01 8.512000e-03 2.172360e-01
135 7.727640e-01 8.432000e-03 2.188040e-01
136 7.713840e-01 8.168000e-03 2.204480e-01
137 7.699640e-01 8.148000e-03 2.218880e-01
138 7.684800e-01 8.228000e-03 2.232920e-01
139 7.669560e-01 8.280000e-03 2.247640e-01
140 7.655440e-01 8.196000e-03 2.262600e-01
141 7.639320e-01 8.364000e-03 2.277040e-01
142 7.625680e-01 8.360000e-03 2.290720e-01
143 7.611560e-01 8.384000e-03 2.304600e-01
144 7.599240e-01 8.060000e-03 2.320160e-01
145 7.587600e-01 7.776000e-03 2.334640e-01
146 7.575080e-01 7.696000e-03 2.347960e-01
147 7.561760e-01 7.816000e-03 2.360080e-01
148 7.548240e-01 7.916000e-03 2.372600e-01
149 7.535320e-01 7.800000e-03 2.386680e-01
150 7.523040e-01 7.788000e-03 2.399080e-01
151 7.508360e-01 7.900000e-03 2.412640e-01
152 7.493720e-01 8.064000e-03 2.425640e-01
153 7.478760e-01 8.056000e-03 2.440680e-01
154 7.465760e-01 7.904000e-03 2.455200e-01
155 7.452880e-01 7.868000e-03 2.468440e-01
156 7.439400e-01 7.756000e-03 2.483040e-01
157 7.426560e-01 7.704000e-03 2.496400e-01
158 7.413800e-01 7.708000e-03 2.509120e-01
159 7.398920e-01 7.764000e-03 2.523440e-01
160 7.386000e-01 7.640000e-03 2.537600e-01
161 7.373520e-01 7.632000e-03 2.550160e-01
162 7.362120e-01 7.444000e-03 2.563440e-01
163 7.351200e-01 7.180000e-03 2.577000e-01
164 7.339960e-01 7.084000e-03 2.589200e-01
165 7.329400e-01 6.860000e-03 2.602000e-01
166 7.318840e-01 6.736000e-03 2.613800e-01
167 7.307560e-01 6.756000e-03 2.624880e-01
168 7.296720e-01 6.772000e-03 2.635560e-01
169 7.286120e-01 6.644000e-03 2.647440e-01
170 7.275680e-01 6.544000e-03 2.658880e-01
171 7.264440e-01 6.552000e-03 2.670040e-01
172 7.253320e-01 6.528000e-03 2.681400e-01
173 7.242320e-01 6.380000e-03 2.693880e-01
174 7.231240e-01 6.412000e-03 2.704640e-01
175 7.219920e-01 6.388000e-03 2.716200e-01
176 7.209680e-01 6.316000e-03 2.727160e-01
177 7.199400e-01 6.208000e-03 2.738520e-01
178 7.188800e-01 6.248000e-03 2.748720e-01
179 7.178760e-01 6.156000e-03 2.759680e-01
180 7.168280e-01 6.252000e-03 2.769200e-01
181 7.158080e-01 6.240000e-03 2.779520e-01
182 7.147840e-01 6.016000e-03 2.792000e-01
183 7.136400e-01 6.124000e-03 2.802360e-01
184 7.127160e-01 5.872000e-03 2.814120e-01
185 7.117200e-01 5.864000e-03 2.824160e-01
186 7.107800e-01 5.840000e-03 2.833800e-01
187 7.097960e-01 5.904000e-03 2.843000e-01
188 7.087480e-01 5.888000e-03 2.853640e-01
189 7.076360e-01 5.960000e-03 2.864040e-01
190 7.064640e-01 6.128000e-03 2.874080e-01
191 7.055120e-01 5.972000e-03 2.885160e-01
192 7.044680e-01 5.964000e-03 2.895680e-01
193 7.034760e-01 5.856000e-03 2.906680e-01
194 7.026240e-01 5.688000e-03 2.916880e-01
195 7.017400e-01 5.480000e-03 2.927800e-01
196 7.008600e-01 5.352000e-03 2.937880e-01
197 7.000240e-01 5.204000e-03 2.947720e-01
198 6.990920e-01 5.120000e-03 2.957880e-01
199 6.982000e-01 5.052000e-03 2.967480e-01
200 6.972280e-01 5.140000e-03 2.976320e-01
201 6.964920e-01 4.944000e-03 2.985640e-01
202 6.957720e-01 4.892000e-03 2.993360e-01
203 6.950080e-01 4.816000e-03 3.001760e-01
204 6.941760e-01 4.832000e-03 3.009920e-01
205 6.933320e-01 4.732000e-03 3.019360e-01
206 6.926200e-01 4.572000e-03 3.028080e-01
207 6.918560e-01 4.484000e-03 3.036600e-01
208 6.910880e-01 4.484000e-03 3.044280e-01
209 6.902680e-01 4.576000e-03 3.051560e-01
210 6.896080e-01 4.452000e-03 3.059400e-01
211 6.888600e-01 4.360000e-03 3.067800e-01
212 6.883080e-01 4.112000e-03 3.075800e-01
213 6.876720e-01 4.132000e-03 3.081960e-01
214 6.870920e-01 4.036000e-03 3.088720e-01
215 6.864560e-01 3.980000e-03 3.095640e-01
216 6.858440e-01 3.912000e-03 3.102440e-01
217 6.852960e-01 3.768000e-03 3.109360e-01
218 6.846520e-01 3.764000e-03 3.115840e-01
219 6.840960e-01 3.628000e-03 3.122760e-01
220 6.836400e-01 3.452000e-03 3.129080e-01
221 6.829800e-01 3.508000e-03 3.135120e-01
222 6.823880e-01 3.480000e-03 3.141320e-01
223 6.818520e-01 3.492000e-03 3.146560e-01
224 6.813840e-01 3.416000e-03 3.152000e-01
225 6.808000e-01 3.356000e-03 3.158440e-01
226 6.802400e-01 3.268000e-03 3.164920e-01
227 6.796880e-01 3.304000e-03 3.170080e-01
228 6.791200e-01 3.324000e-03 3.175560e-01
229 6.785000e-01 3.380000e-03 3.181200e-01
230 6.780440e-01 3.212000e-03 3.187440e-01
231 6.775520e-01 3.120000e-03 3.193280e-01
232 6.770240e-01 3.040000e-03 3.199360e-01
233 6.765240e-01 3.036000e-03 3.204400e-01
234 6.759720e-01 3.056000e-03 3.209720e-01
235 6.754440e-01 3.036000e-03 3.215200e-01
236 6.749320e-01 2.984000e-03 3.220840e-01
237 6.744840e-01 2.900000e-03 3.226160e-01
238 6.740040e-01 2.912000e-03 3.230840e-01
239 6.735040e-01 2.884000e-03 3.236120e-01
240 6.730120e-01 2.812000e-03 3.241760e-01
241 6.724480e-01 2.940000e-03 3.246120e-01
242 6.719520e-01 2.928000e-03 3.251200e-01
243 6.714840e-01 2.904000e-03 3.256120e-01
244 6.709560e-01 2.948000e-03 3.260960e-01
245 6.704840e-01 2.824000e-03 3.266920e-01
246 6.700000e-01 2.816000e-03 3.271840e-01
247 6.695560e-01 2.744000e-03 3.277000e-01
248 6.691080e-01 2.720000e-03 3.281720e-01
249 6.687840e-01 2.656000e-03 3.285600e-01
250 6.684040e-01 2.556000e-03 3.290400e-01
251 6.680240e-01 2.460000e-03 3.295160e-01
252 6.676400e-01 2.392000e-03 3.299680e-01
253 6.672000e-01 2.404000e-03 3.303960e-01
254 6.668760e-01 2.316000e-03 3.308080e-01
255 6.664280e-01 2.304000e-03 3.312680e-01
256 6.660520e-01 2.336000e-03 3.316120e-01
257 6.657520e-01 2.268000e-03 3.319800e-01
258 6.654280e-01 2.172000e-03 3.324000e-01
259 6.650720e-01 2.124000e-03 3.328040e-01
260 6.647720e-01 2.060000e-03 3.331680e-01
261 6.644360e-01 2.048000e-03 3.335160e-01
262 6.640280e-01 2.112000e-03 3.338600e-01
263 6.636480e-01 2.076000e-03 3.342760e-01
264 6.632760e-01 2.116000e-03 3.346080e-01
265 6.629400e-01 2.128000e-03 3.349320e-01
266 6.625840e-01 2.116000e-03 3.353000e-01
267 6.623280e-01 1.984000e-03 3.356880e-01
268 6.620080e-01 1.984000e-03 3.360080e-01
269 6.617080e-01 1.912000e-03 3.363800e-01
270 6.613040e-01 2.032000e-03 3.366640e-01
271 6.609440e-01 2.020000e-03 3.370360e-01
272 6.606280e-01 1.988000e-03 3.373840e-01
273 6.603680e-01 1.844000e-03 3.377880e-01
274 6.600560e-01 1.832000e-03 3.381120e-01
275 6.597120e-01 1.828000e-03 3.384600e-01
276 6.593520e-01 1.836000e-03 3.388120e-01
277 6.590000e-01 1.880000e-03 3.391200e-01
278 6.586280e-01 1.904000e-03 3.394680e-01
279 6.582640e-01 1.992000e-03 3.397440e-01
280 6.579160e-01 1.944000e-03 3.401400e-01
281 6.575800e-01 1.968000e-03 3.404520e-01
282 6.572480e-01 1.940000e-03 3.408120e-01
283 6.568960e-01 1.960000e-03 3.411440e-01
284 6.565200e-01 1.968000e-03 3.415120e-01
285 6.562040e-01 1.916000e-03 3.418800e-01
286 6.559000e-01 1.960000e-03 3.421400e-01
287 6.555640e-01 1.940000e-03 3.424960e-01
288 6.551800e-01 1.952000e-03 3.428680e-01
289 6.548720e-01 1.960000e-03 3.431680e-01
290 6.544560e-01 2.048000e-03 3.434960e-01
291 6.540720e-01 2.096000e-03 3.438320e-01
292 6.536680e-01 2.104000e-03 3.442280e-01
293 6.533400e-01 2.080000e-03 3.445800e-01
294 6.529440e-01 2.120000e-03 3.449360e-01
295 6.525760e-01 2.128000e-03 3.452960e-01
296 6.522640e-01 2.040000e-03 3.456960e-01
297 6.519560e-01 1.968000e-03 3.460760e-01
298 6.516040e-01 2.020000e-03 3.463760e-01
299 6.512680e-01 2.072000e-03 3.466600e-01
300 6.509920e-01 2.000000e-03 3.470080e-01
301 6.506040e-01 2.056000e-03 3.473400e-01
302 6.502040e-01 2.052000e-03 3.477440e-01
303 6.498480e-01 2.044000e-03 3.481080e-01
304 6.495800e-01 1.948000e-03 3.484720e-01
305 6.492320e-01 2.020000e-03 3.487480e-01
306 6.488520e-01 2.072000e-03 3.490760e-01
307 6.486080e-01 1.944000e-03 3.494480e-01
308 6.482800e-01 1.948000e-03 3.497720e-01
309 6.479240e-01 1.956000e-03 3.501200e-01
310 6.475360e-01 2.032000e-03 3.504320e-01
311 6.472240e-01 1.920000e-03 3.508560e-01
312 6.469040e-01 1.896000e-03 3.512000e-01
313 6.465760e-01 1.852000e-03 3.515720e-01
314 6.462880e-01 1.816000e-03 3.518960e-01
315 6.459640e-01 1.824000e-03 3.522120e-01
316 6.456360e-01 1.840000e-03 3.525240e-01
317 6.452920e-01 1.880000e-03 3.528280e-01
318 6.450080e-01 1.840000e-03 3.531520e-01
319 6.447720e-01 1.800000e-03 3.534280e-01
320 6.444840e-01 1.736000e-03 3.537800e-01
321 6.441840e-01 1.696000e-03 3.541200e-01
322 6.439600e-01 1.616000e-03 3.544240e-01
323 6.437320e-01 1.512000e-03 3.547560e-01
324 6.434760e-01 1.508000e-03 3.550160e-01
325 6.433000e-01 1.412000e-03 3.552880e-01
326 6.430640e-01 1.380000e-03 3.555560e-01
327 6.428240e-01 1.392000e-03 3.557840e-01
328 6.426560e-01 1.376000e-03 3.559680e-01
329 6.424440e-01 1.360000e-03 3.561960e-01
330 6.422320e-01 1.316000e-03 3.564520e-01
331 6.420360e-01 1.260000e-03 3.567040e-01
332 6.417960e-01 1.280000e-03 3.569240e-01
333 6.415840e-01 1.312000e-03 3.571040e-01
334 6.413800e-01 1.288000e-03 3.573320e-01
335 6.411880e-01 1.248000e-03 3.575640e-01
336 6.409160e-01 1.316000e-03 3.577680e-01
337 6.406560e-01 1.328000e-03 3.580160e-01
338 6.404400e-01 1.376000e-03 3.581840e-01
339 6.401480e-01 1.432000e-03 3.584200e-01
340 6.399000e-01 1.400000e-03 3.587000e-01
341 6.396800e-01 1.356000e-03 3.589640e-01
342 6.394360e-01 1.356000e-03 3.592080e-01
343 6.391880e-01 1.356000e-03 3.594560e-01
344 6.389400e-01 1.364000e-03 3.596960e-01
345 6.387480e-01 1.308000e-03 3.599440e-01
346 6.385000e-01 1.260000e-03 3.602400e-01
347 6.382840e-01 1.300000e-03 3.604160e-01
348 6.380680e-01 1.328000e-03 3.606040e-01
349 6.378280e-01 1.288000e-03 3.608840e-01
350 6.375960e-01 1.284000e-03 3.611200e-01
351 6.372760e-01 1.352000e-03 3.613720e-01
352 6.369600e-01 1.484000e-03 3.615560e-01
353 6.366280e-01 1.532000e-03 3.618400e-01
354 6.363760e-01 1.500000e-03 3.621240e-01
355 6.361760e-01 1.404000e-03 3.624200e-01
356 6.358840e-01 1.492000e-03 3.626240e-01
357 6.355960e-01 1.560000e-03 3.628440e-01
358 6.353120e-01 1.592000e-03 3.630960e-01
359 6.350680e-01 1.588000e-03 3.633440e-01
360 6.347640e-01 1.632000e-03 3.636040e-01
361 6.345200e-01 1.608000e-03 3.638720e-01
362 6.342720e-01 1.568000e-03 3.641600e-01
363 6.339880e-01 1.588000e-03 3.644240e-01
364 6.337440e-01 1.560000e-03 3.646960e-01
365 6.334720e-01 1.540000e-03 3.649880e-01
366 6.332040e-01 1.556000e-03 3.652400e-01
367 6.329120e-01 1.584000e-03 3.655040e-01
368 6.326200e-01 1.632000e-03 3.657480e-01
369 6.323960e-01 1.620000e-03 3.659840e-01
370 6.321520e-01 1.624000e-03 3.662240e-01
371 6.319120e-01 1.576000e-03 3.665120e-01
372 6.316720e-01 1.620000e-03 3.667080e-01
373 6.314120e-01 1.564000e-03 3.670240e-01
374 6.311320e-01 1.608000e-03 3.672600e-01
375 6.308320e-01 1.676000e-03 3.674920e-01
376 6.305080e-01 1.712000e-03 3.677800e-01
377 6.301280e-01 1.840000e-03 3.680320e-01
378 6.297400e-01 1.956000e-03 3.683040e-01
379 6.294200e-01 1.916000e-03 3.686640e-01
380 6.291280e-01 1.888000e-03 3.689840e-01
381 6.288320e-01 1.852000e-03 3.693160e-01
382 6.285240e-01 1.876000e-03 3.696000e-01
383 6.281680e-01 1.892000e-03 3.699400e-01
384 6.278000e-01 1.908000e-03 3.702920e-01
385 6.274720e-01 1.864000e-03 3.706640e-01
386 6.271920e-01 1.836000e-03 3.709720e-01
387 6.269120e-01 1.732000e-03 3.713560e-01
388 6.266320e-01 1.684000e-03 3.716840e-01
389 6.263880e-01 1.740000e-03 3.718720e-01
390 6.260880e-01 1.720000e-03 3.721920e-01
391 6.258440e-01 1.640000e-03 3.725160e-01
392 6.256160e-01 1.560000e-03 3.728240e-01
393 6.253800e-01 1.552000e-03 3.730680e-01
394 6.251640e-01 1.496000e-03 3.733400e-01
395 6.249240e-01 1.444000e-03 3.736320e-01
396 6.246880e-01 1.436000e-03 3.738760e-01
397 6.244320e-01 1.456000e-03 3.741120e-01
398 6.242280e-01 1.404000e-03 3.743680e-01
399 6.239840e-01 1.396000e-03 3.746200e-01
400 6.237720e-01 1.320000e-03 3.749080e-01
401 6.235360e-01 1.336000e-03 3.751280e-01
402 6.232360e-01 1.416000e-03 3.753480e-01
403 6.229400e-01 1.400000e-03 3.756600e-01
404 6.227600e-01 1.312000e-03 3.759280e-01
405 6.225720e-01 1.292000e-03 3.761360e-01
406 6.224080e-01 1.252000e-03 3.763400e-01
407 6.222440e-01 1.192000e-03 3.765640e-01
408 6.220960e-01 1.128000e-03 3.767760e-01
409 6.219320e-01 1.092000e-03 3.769760e-01
410 6.217320e-01 1.108000e-03 3.771600e-01
411 6.215360e-01 1.104000e-03 3.773600e-01
412 6.213360e-01 1.156000e-03 3.775080e-01
413 6.211280e-01 1.144000e-03 3.777280e-01
414 6.209080e-01 1.164000e-03 3.779280e-01
415 6.207640e-01 1.136000e-03 3.781000e-01
416 6.205800e-01 1.156000e-03 3.782640e-01
417 6.203840e-01 1.148000e-03 3.784680e-01
418 6.201960e-01 1.096000e-03 3.787080e-01
419 6.199840e-01 1.140000e-03 3.788760e-01
420 6.197560e-01 1.120000e-03 3.791240e-01
421 6.195640e-01 1.104000e-03 3.793320e-01
422 6.193680e-01 1.100000e-03 3.795320e-01
423 6.191800e-01 1.140000e-03 3.796800e-01
424 6.189760e-01 1.128000e-03 3.798960e-01
425 6.187920e-01 1.104000e-03 3.801040e-01
426 6.186080e-01 1.052000e-03 3.803400e-01
427 6.184240e-01 1.036000e-03 3.805400e-01
428 6.182200e-01 1.068000e-03 3.807120e-01
429 6.180760e-01 1.020000e-03 3.809040e-01
430 6.179040e-01 1.072000e-03 3.810240e-01
431 6.177440e-01 1.048000e-03 3.812080e-01
432 6.176040e-01 1.044000e-03 3.813520e-01
433 6.174360e-01 1.020000e-03 3.815440e-01
434 6.172840e-01 1.060000e-03 3.816560e-01
435 6.170840e-01 1.048000e-03 3.818680e-01
436 6.169080e-01 1.012000e-03 3.820800e-01
437 6.167600e-01 9.560000e-04 3.822840e-01
438 6.166120e-01 9.440000e-04 3.824440e-01
439 6.164960e-01 8.880000e-04 3.826160e-01
440 6.163560e-01 8.880000e-04 3.827560e-01
441 6.162520e-01 8.160000e-04 3.829320e-01
442 6.161080e-01 8.520000e-04 3.830400e-01
443 6.159400e-01 8.440000e-04 3.832160e-01
444 6.157800e-01 8.120000e-04 3.834080e-01
445 6.156200e-01 8.240000e-04 3.835560e-01
446 6.155240e-01 7.600000e-04 3.837160e-01
447 6.153880e-01 7.400000e-04 3.838720e-01
448 6.152560e-01 7.280000e-04 3.840160e-01
449 6.151280e-01 7.200000e-04 3.841520e-01
450 6.149120e-01 7.880000e-04 3.843000e-01
451 6.147720e-01 7.880000e-04 3.844400e-01
452 6.146520e-01 7.400000e-04 3.846080e-01
453 6.145480e-01 7.040000e-04 3.847480e-01
454 6.144440e-01 6.800000e-04 3.848760e-01
455 6.143760e-01 6.360000e-04 3.849880e-01
456 6.142440e-01 6.600000e-04 3.850960e-01
457 6.141320e-01 6.200000e-04 3.852480e-01
458 6.140080e-01 6.160000e-04 3.853760e-01
459 6.138720e-01 6.200000e-04 3.855080e-01
460 6.137760e-01 6.000000e-04 3.856240e-01
461 6.136400e-01 6.280000e-04 3.857320e-01
462 6.135320e-01 6.160000e-04 3.858520e-01
463 6.134520e-01 5.920000e-04 3.859560e-01
464 6.133080e-01 6.120000e-04 3.860800e-01
465 6.132160e-01 6.240000e-04 3.861600e-01
466 6.130840e-01 6.240000e-04 3.862920e-01
467 6.129480e-01 6.600000e-04 3.863920e-01
468 6.128320e-01 6.480000e-04 3.865200e-01
469 6.127160e-01 6.240000e-04 3.866600e-01
470 6.125800e-01 6.840000e-04 3.867360e-01
471 6.124440e-01 7.320000e-04 3.868240e-01
472 6.122680e-01 7.800000e-04 3.869520e-01
473 6.121040e-01 7.440000e-04 3.871520e-01
474 6.119720e-01 7.440000e-04 3.872840e-01
475 6.118680e-01 7.200000e-04 3.874120e-01
476 6.117520e-01 7.360000e-04 3.875120e-01
477 6.116480e-01 7.000000e-04 3.876520e-01
478 6.115480e-01 6.800000e-04 3.877720e-01
479 6.114760e-01 6.040000e-04 3.879200e-01
480 6.113720e-01 6.080000e-04 3.880200e-01
481 6.112640e-01 6.040000e-04 3.881320e-01
482 6.111600e-01 5.560000e-04 3.882840e-01
483 6.110520e-01 5.360000e-04 3.884120e-01
484 6.109360e-01 5.920000e-04 3.884720e-01
485 6.108520e-01 5.600000e-04 3.885880e-01
486 6.107680e-01 5.280000e-04 3.887040e-01
487 6.106400e-01 5.520000e-04 3.888080e-01
488 6.105480e-01 5.320000e-04 3.889200e-01
489 6.104200e-01 5.800000e-04 3.890000e-01
490 6.103240e-01 5.680000e-04 3.891080e-01
491 6.102440e-01 5.640000e-04 3.891920e-01
492 6.101440e-01 5.680000e-04 3.892880e-01
493 6.100360e-01 6.000000e-04 3.893640e-01
494 6.099360e-01 5.840000e-04 3.894800e-01
495 6.098640e-01 5.720000e-04 3.895640e-01
496 6.097680e-01 5.640000e-04 3.896680e-01
497 6.096320e-01 5.600000e-04 3.898080e-01
498 6.095000e-01 5.600000e-04 3.899400e-01
499 6.093560e-01 6.120000e-04 3.900320e-01
500 6.092120e-01 6.640000e-04 3.901240e-01
