1 9.993200e-01 5.840000e-04 9.600000e-05
2 9.988720e-01 9.200000e-04 2.080000e-04
3 9.982440e-01 1.332000e-03 4.240000e-04
4 9.975440e-01 1.784000e-03 6.720000e-04
5 9.968480e-01 2.100000e-03 1.052000e-03
6 9.959280e-01 2.544000e-03 1.528000e-03
7 9.950720e-01 2.932000e-03 1.996000e-03
8 9.942640e-01 3.192000e-03 2.544000e-03
9 9.934120e-01 3.428000e-03 3.160000e-03
10 9.924960e-01 3.700000e-03 3.804000e-03
11 9.915320e-01 4.024000e-03 4.444000e-03
12 9.905840e-01 4.300000e-03 5.116000e-03
13 9.896600e-01 4.432000e-03 5.908000e-03
14 9.885160e-01 4.804000e-03 6.680000e-03
15 9.875440e-01 4.876000e-03 7.580000e-03
16 9.863760e-01 5.168000e-03 8.456000e-03
17 9.852760e-01 5.412000e-03 9.312000e-03
18 9.840920e-01 5.616000e-03 1.029200e-02
19 9.827200e-01 5.964000e-03 1.131600e-02
20 9.814400e-01 6.108000e-03 1.245200e-02
21 9.802160e-01 6.444000e-03 1.334000e-02
22 9.790800e-01 6.460000e-03 1.446000e-02
23 9.779480e-01 6.436000e-03 1.561600e-02
24 9.768320e-01 6.560000e-03 1.660800e-02
25 9.755080e-01 6.868000e-03 1.762400e-02
26 9.742920e-01 6.792000e-03 1.891600e-02
27 9.729560e-01 6.940000e-03 2.010400e-02
28 9.716320e-01 7.072000e-03 2.129600e-02
29 9.703000e-01 7.124000e-03 2.257600e-02
30 9.688400e-01 7.356000e-03 2.380400e-02
31 9.674840e-01 7.488000e-03 2.502800e-02
32 9.661440e-01 7.476000e-03 2.638000e-02
33 9.647280e-01 7.552000e-03 2.772000e-02
34 9.631840e-01 7.708000e-03 2.910800e-02
35 9.618000e-01 7.832000e-03 3.036800e-02
36 9.603600e-01 7.920000e-03 3.172000e-02
37 9.589520e-01 8.068000e-03 3.298000e-02
38 9.575160e-01 8.084000e-03 3.440000e-02
39 9.561200e-01 8.040000e-03 3.584000e-02
40 9.547040e-01 8.004000e-03 3.729200e-02
41 9.532240e-01 8.084000e-03 3.869200e-02
42 9.517360e-01 8.108000e-03 4.015600e-02
43 9.502160e-01 8.356000e-03 4.142800e-02
44 9.487200e-01 8.400000e-03 4.288000e-02
45 9.473960e-01 8.276000e-03 4.432800e-02
46 9.460200e-01 8.192000e-03 4.578800e-02
47 9.446840e-01 7.988000e-03 4.732800e-02
48 9.432720e-01 8.024000e-03 4.870400e-02
49 9.418360e-01 8.124000e-03 5.004000e-02
50 9.403440e-01 8.184000e-03 5.147200e-02
51 9.388280e-01 8.364000e-03 5.280800e-02
52 9.374560e-01 8.320000e-03 5.422400e-02
53 9.361520e-01 8.168000e-03 5.568000e-02
54 9.347280e-01 8.272000e-03 5.700000e-02
55 9.330920e-01 8.512000e-03 5.839600e-02
56 9.316240e-01 8.580000e-03 5.979600e-02
57 9.301120e-01 8.644000e-03 6.124400e-02
58 9.287240e-01 8.512000e-03 6.276400e-02
59 9.273000e-01 8.504000e-03 6.419600e-02
60 9.257960e-01 8.388000e-03 6.581600e-02
61 9.242840e-01 8.432000e-03 6.728400e-02
62 9.228400e-01 8.456000e-03 6.870400e-02
63 9.214440e-01 8.364000e-03 7.019200e-02
64 9.200720e-01 8.192000e-03 7.173600e-02
65 9.187560e-01 8.108000e-03 7.313600e-02
66 9.174160e-01 7.920000e-03 7.466400e-02
67 9.160600e-01 7.908000e-03 7.603200e-02
68 9.146440e-01 7.968000e-03 7.738800e-02
69 9.132160e-01 7.948000e-03 7.883600e-02
70 9.118720e-01 7.908000e-03 8.022000e-02
71 9.104880e-01 7.988000e-03 8.152400e-02
72 9.090160e-01 8.116000e-03 8.286800e-02
73 9.075560e-01 8.100000e-03 8.434400e-02
74 9.061240e-01 8.156000e-03 8.572000e-02
75 9.047720e-01 8.108000e-03 8.712000e-02
76 9.031600e-01 8.328000e-03 8.851200e-02
77 9.016720e-01 8.340000e-03 8.998800e-02
78 9.001680e-01 8.348000e-03 9.148400e-02
79 8.986440e-01 8.464000e-03 9.289200e-02
80 8.972200e-01 8.508000e-03 9.427200e-02
81 8.956320e-01 8.608000e-03 9.576000e-02
82 8.942160e-01 8.600000e-03 9.718400e-02
83 8.927120e-01 8.640000e-03 9.864800e-02
84 8.912920e-01 8.652000e-03 1.000560e-01
85 8.897880e-01 8.636000e-03 1.015760e-01
86 8.883040e-01 8.668000e-03 1.030280e-01
87 8.868880e-01 8.476000e-03 1.046360e-01
88 8.854080e-01 8.580000e-03 1.060120e-01
89 8.839080e-01 8.588000e-03 1.075040e-01
90 8.824560e-01 8.604000e-03 1.089400e-01
91 8.810120e-01 8.476000e-03 1.105120e-01
92 8.795440e-01 8.508000e-03 1.119480e-01
93 8.782440e-01 8.364000e-03 1.133920e-01
94 8.768160e-01 8.172000e-03 1.150120e-01
95 8.752920e-01 8.316000e-03 1.163920e-01
96 8.737640e-01 8.284000e-03 1.179520e-01
97 8.722800e-01 8.180000e-03 1.195400e-01
98 8.708720e-01 8.080000e-03 1.210480e-01
99 8.693600e-01 8.248000e-03 1.223920e-01
100 8.679960e-01 8.052000e-03 1.239520e-01
101 8.666720e-01 7.848000e-03 1.254800e-01
102 8.653840e-01 7.800000e-03 1.268160e-01
103 8.642040e-01 7.728000e-03 1.280680e-01
104 8.628520e-01 7.816000e-03 1.293320e-01
105 8.613000e-01 8.004000e-03 1.306960e-01
106 8.598720e-01 7.920000e-03 1.322080e-01
107 8.584680e-01 7.932000e-03 1.336000e-01
108 8.569920e-01 8.016000e-03 1.349920e-01
109 8.556320e-01 8.020000e-03 1.363480e-01
110 8.541400e-01 8.096000e-03 1.377640e-01
111 8.527960e-01 8.144000e-03 1.390600e-01
112 8.513680e-01 8.172000e-03 1.404600e-01
113 8.501200e-01 7.976000e-03 1.419040e-01
114 8.487240e-01 8.044000e-03 1.432320e-01
115 8.474400e-01 7.904000e-03 1.446560e-01
116 8.462520e-01 7.720000e-03 1.460280e-01
117 8.448000e-01 7.796000e-03 1.474040e-01
118 8.432520e-01 7.928000e-03 1.488200e-01
119 8.418160e-01 7.860000e-03 1.503240e-01
120 8.404000e-01 7.860000e-03 1.517400e-01
121 8.390520e-01 7.972000e-03 1.529760e-01
122 8.375720e-01 8.000000e-03 1.544280e-01
123 8.362720e-01 7.852000e-03 1.558760e-01
124 8.349120e-01 7.724000e-03 1.573640e-01
125 8.336920e-01 7.616000e-03 1.586920e-01
126 8.323720e-01 7.628000e-03 1.600000e-01
127 8.312040e-01 7.420000e-03 1.613760e-01
128 8.299920e-01 7.316000e-03 1.626920e-01
129 8.287680e-01 7.328000e-03 1.639040e-01
130 8.276200e-01 7.164000e-03 1.652160e-01
131 8.264520e-01 7.156000e-03 1.663920e-01
132 8.253640e-01 6.992000e-03 1.676440e-01
133 8.242120e-01 6.912000e-03 1.688760e-01
134 8.232360e-01 6.740000e-03 1.700240e-01
135 8.220800e-01 6.792000e-03 1.711280e-01
136 8.209320e-01 6.720000e-03 1.723480e-01
137 8.197360e-01 6.728000e-03 1.735360e-01
138 8.186320e-01 6.588000e-03 1.747800e-01
139 8.174760e-01 6.476000e-03 1.760480e-01
140 8.163840e-01 6.416000e-03 1.772000e-01
141 8.152160e-01 6.396000e-03 1.783880e-01
142 8.141360e-01 6.444000e-03 1.794200e-01
143 8.130400e-01 6.468000e-03 1.804920e-01
144 8.119320e-01 6.364000e-03 1.817040e-01
145 8.108120e-01 6.280000e-03 1.829080e-01
146 8.097640e-01 6.228000e-03 1.840080e-01
147 8.087520e-01 6.144000e-03 1.851040e-01
148 8.077000e-01 6.108000e-03 1.861920e-01
149 8.065480e-01 6.116000e-03 1.873360e-01
150 8.055640e-01 5.952000e-03 1.884840e-01
151 8.046360e-01 5.916000e-03 1.894480e-01
152 8.034920e-01 5.972000e-03 1.905360e-01
153 8.024760e-01 5.848000e-03 1.916760e-01
154 8.014960e-01 5.848000e-03 1.926560e-01
155 8.006200e-01 5.660000e-03 1.937200e-01
156 7.996360e-01 5.524000e-03 1.948400e-01
157 7.987080e-01 5.536000e-03 1.957560e-01
158 7.977600e-01 5.580000e-03 1.966600e-01
159 7.967800e-01 5.540000e-03 1.976800e-01
160 7.957920e-01 5.504000e-03 1.987040e-01
161 7.947760e-01 5.524000e-03 1.997000e-01
162 7.939680e-01 5.388000e-03 2.006440e-01
163 7.929840e-01 5.432000e-03 2.015840e-01
164 7.920840e-01 5.432000e-03 2.024840e-01
165 7.911240e-01 5.496000e-03 2.033800e-01
166 7.901080e-01 5.552000e-03 2.043400e-01
167 7.891880e-01 5.396000e-03 2.054160e-01
168 7.882080e-01 5.416000e-03 2.063760e-01
169 7.872520e-01 5.388000e-03 2.073600e-01
170 7.862560e-01 5.452000e-03 2.082920e-01
171 7.851880e-01 5.628000e-03 2.091840e-01
172 7.840600e-01 5.780000e-03 2.101600e-01
173 7.830720e-01 5.792000e-03 2.111360e-01
174 7.819960e-01 5.908000e-03 2.120960e-01
175 7.809520e-01 5.852000e-03 2.131960e-01
176 7.799120e-01 5.900000e-03 2.141880e-01
177 7.790400e-01 5.824000e-03 2.151360e-01
178 7.782080e-01 5.608000e-03 2.161840e-01
179 7.772280e-01 5.544000e-03 2.172280e-01
180 7.763080e-01 5.488000e-03 2.182040e-01
181 7.754240e-01 5.452000e-03 2.191240e-01
182 7.746000e-01 5.244000e-03 2.201560e-01
183 7.737400e-01 5.160000e-03 2.211000e-01
184 7.730040e-01 4.916000e-03 2.220800e-01
185 7.722840e-01 4.788000e-03 2.229280e-01
186 7.715800e-01 4.720000e-03 2.237000e-01
187 7.708120e-01 4.684000e-03 2.245040e-01
188 7.700080e-01 4.716000e-03 2.252760e-01
189 7.692160e-01 4.744000e-03 2.260400e-01
190 7.683920e-01 4.728000e-03 2.268800e-01
191 7.675560e-01 4.716000e-03 2.277280e-01
192 7.668520e-01 4.548000e-03 2.286000e-01
193 7.660880e-01 4.416000e-03 2.294960e-01
194 7.653440e-01 4.332000e-03 2.303240e-01
195 7.646160e-01 4.260000e-03 2.311240e-01
196 7.639520e-01 4.216000e-03 2.318320e-01
197 7.632720e-01 4.236000e-03 2.324920e-01
198 7.624840e-01 4.312000e-03 2.332040e-01
199 7.617240e-01 4.268000e-03 2.340080e-01
200 7.609920e-01 4.324000e-03 2.346840e-01
201 7.601320e-01 4.420000e-03 2.354480e-01
202 7.594920e-01 4.232000e-03 2.362760e-01
203 7.588280e-01 4.152000e-03 2.370200e-01
204 7.581000e-01 4.188000e-03 2.377120e-01
205 7.573520e-01 4.216000e-03 2.384320e-01
206 7.565720e-01 4.180000e-03 2.392480e-01
207 7.557960e-01 4.192000e-03 2.400120e-01
208 7.551120e-01 4.156000e-03 2.407320e-01
209 7.543600e-01 4.160000e-03 2.414800e-01
210 7.536280e-01 4.136000e-03 2.422360e-01
211 7.529160e-01 4.020000e-03 2.430640e-01
212 7.522040e-01 4.024000e-03 2.437720e-01
213 7.515480e-01 3.948000e-03 2.445040e-01
214 7.507040e-01 4.096000e-03 2.452000e-01
215 7.498760e-01 4.216000e-03 2.459080e-01
216 7.491520e-01 4.224000e-03 2.466240e-01
217 7.484280e-01 4.216000e-03 2.473560e-01
218 7.476720e-01 4.216000e-03 2.481120e-01
219 7.469440e-01 4.224000e-03 2.488320e-01
220 7.461800e-01 4.240000e-03 2.495800e-01
221 7.455280e-01 4.192000e-03 2.502800e-01
222 7.448880e-01 4.020000e-03 2.510920e-01
223 7.443080e-01 3.884000e-03 2.518080e-01
224 7.437320e-01 3.748000e-03 2.525200e-01
225 7.431240e-01 3.744000e-03 2.531320e-01
226 7.425400e-01 3.660000e-03 2.538000e-01
227 7.419120e-01 3.596000e-03 2.544920e-01
228 7.414600e-01 3.352000e-03 2.551880e-01
229 7.408680e-01 3.400000e-03 2.557320e-01
230 7.402400e-01 3.404000e-03 2.563560e-01
231 7.396080e-01 3.480000e-03 2.569120e-01
232 7.389880e-01 3.496000e-03 2.575160e-01
233 7.384480e-01 3.360000e-03 2.581920e-01
234 7.378120e-01 3.476000e-03 2.587120e-01
235 7.372080e-01 3.464000e-03 2.593280e-01
236 7.366160e-01 3.424000e-03 2.599600e-01
237 7.360440e-01 3.436000e-03 2.605200e-01
238 7.354440e-01 3.484000e-03 2.610720e-01
239 7.347880e-01 3.552000e-03 2.616600e-01
240 7.340720e-01 3.648000e-03 2.622800e-01
241 7.333680e-01 3.684000e-03 2.629480e-01
242 7.326520e-01 3.728000e-03 2.636200e-01
243 7.319400e-01 3.744000e-03 2.643160e-01
244 7.311840e-01 3.868000e-03 2.649480e-01
245 7.304040e-01 4.100000e-03 2.654960e-01
246 7.297200e-01 4.008000e-03 2.662720e-01
247 7.289480e-01 4.040000e-03 2.670120e-01
248 7.282600e-01 4.076000e-03 2.676640e-01
249 7.276920e-01 3.916000e-03 2.683920e-01
250 7.269720e-01 3.988000e-03 2.690400e-01
251 7.263760e-01 3.912000e-03 2.697120e-01
252 7.258520e-01 3.732000e-03 2.704160e-01
253 7.252800e-01 3.680000e-03 2.710400e-01
254 7.247920e-01 3.620000e-03 2.715880e-01
255 7.242120e-01 3.548000e-03 2.722400e-01
256 7.235800e-01 3.536000e-03 2.728840e-01
257 7.228680e-01 3.648000e-03 2.734840e-01
258 7.222880e-01 3.584000e-03 2.741280e-01
259 7.217080e-01 3.540000e-03 2.747520e-01
260 7.211760e-01 3.508000e-03 2.753160e-01
261 7.205680e-01 3.540000e-03 2.758920e-01
262 7.200000e-01 3.448000e-03 2.765520e-01
263 7.193680e-01 3.420000e-03 2.772120e-01
264 7.188160e-01 3.368000e-03 2.778160e-01
265 7.183360e-01 3.284000e-03 2.783800e-01
266 7.177640e-01 3.232000e-03 2.790040e-01
267 7.172480e-01 3.180000e-03 2.795720e-01
268 7.166320e-01 3.280000e-03 2.800880e-01
269 7.160040e-01 3.296000e-03 2.807000e-01
270 7.154400e-01 3.304000e-03 2.812560e-01
271 7.149360e-01 3.232000e-03 2.818320e-01
272 7.142720e-01 3.324000e-03 2.824040e-01
273 7.136880e-01 3.332000e-03 2.829800e-01
274 7.131640e-01 3.344000e-03 2.834920e-01
275 7.126000e-01 3.372000e-03 2.840280e-01
276 7.120320e-01 3.464000e-03 2.845040e-01
277 7.114640e-01 3.468000e-03 2.850680e-01
278 7.109040e-01 3.496000e-03 2.856000e-01
279 7.104360e-01 3.308000e-03 2.862560e-01
280 7.099840e-01 3.212000e-03 2.868040e-01
281 7.095400e-01 3.112000e-03 2.873480e-01
282 7.090320e-01 3.156000e-03 2.878120e-01
283 7.085760e-01 3.148000e-03 2.882760e-01
284 7.080440e-01 3.076000e-03 2.888800e-01
285 7.075800e-01 2.996000e-03 2.894240e-01
286 7.071920e-01 2.860000e-03 2.899480e-01
287 7.067640e-01 2.768000e-03 2.904680e-01
288 7.062880e-01 2.752000e-03 2.909600e-01
289 7.058040e-01 2.700000e-03 2.914960e-01
290 7.053400e-01 2.752000e-03 2.919080e-01
291 7.047520e-01 2.888000e-03 2.923600e-01
292 7.042160e-01 2.960000e-03 2.928240e-01
293 7.036520e-01 3.036000e-03 2.933120e-01
294 7.031960e-01 2.932000e-03 2.938720e-01
295 7.027560e-01 2.880000e-03 2.943640e-01
296 7.023400e-01 2.772000e-03 2.948880e-01
297 7.018560e-01 2.740000e-03 2.954040e-01
298 7.014080e-01 2.736000e-03 2.958560e-01
299 7.008800e-01 2.724000e-03 2.963960e-01
300 7.003680e-01 2.756000e-03 2.968760e-01
301 6.998360e-01 2.776000e-03 2.973880e-01
302 6.993880e-01 2.744000e-03 2.978680e-01
303 6.989880e-01 2.656000e-03 2.983560e-01
304 6.985400e-01 2.656000e-03 2.988040e-01
305 6.980680e-01 2.656000e-03 2.992760e-01
306 6.975840e-01 2.620000e-03 2.997960e-01
307 6.970200e-01 2.680000e-03 3.003000e-01
308 6.965600e-01 2.696000e-03 3.007440e-01
309 6.961320e-01 2.668000e-03 3.012000e-01
310 6.956280e-01 2.768000e-03 3.016040e-01
311 6.952240e-01 2.624000e-03 3.021520e-01
312 6.947480e-01 2.728000e-03 3.025240e-01
313 6.942080e-01 2.748000e-03 3.030440e-01
314 6.937280e-01 2.740000e-03 3.035320e-01
315 6.932240e-01 2.764000e-03 3.040120e-01
316 6.928120e-01 2.728000e-03 3.044600e-01
317 6.922720e-01 2.824000e-03 3.049040e-01
318 6.917280e-01 2.904000e-03 3.053680e-01
319 6.911440e-01 2.976000e-03 3.058800e-01
320 6.906360e-01 3.008000e-03 3.063560e-01
321 6.901400e-01 2.968000e-03 3.068920e-01
322 6.896120e-01 2.936000e-03 3.074520e-01
323 6.891040e-01 2.888000e-03 3.080080e-01
324 6.886400e-01 2.860000e-03 3.085000e-01
325 6.881160e-01 2.928000e-03 3.089560e-01
326 6.876000e-01 2.876000e-03 3.095240e-01
327 6.872080e-01 2.784000e-03 3.100080e-01
328 6.867280e-01 2.772000e-03 3.105000e-01
329 6.862360e-01 2.860000e-03 3.109040e-01
330 6.856760e-01 2.900000e-03 3.114240e-01
331 6.852520e-01 2.828000e-03 3.119200e-01
332 6.847920e-01 2.868000e-03 3.123400e-01
333 6.843280e-01 2.796000e-03 3.128760e-01
334 6.838600e-01 2.808000e-03 3.133320e-01
335 6.833720e-01 2.848000e-03 3.137800e-01
336 6.828440e-01 2.900000e-03 3.142560e-01
337 6.823960e-01 2.800000e-03 3.148040e-01
338 6.819240e-01 2.756000e-03 3.153200e-01
339 6.815400e-01 2.672000e-03 3.157880e-01
340 6.811280e-01 2.624000e-03 3.162480e-01
341 6.807360e-01 2.548000e-03 3.167160e-01
342 6.803080e-01 2.616000e-03 3.170760e-01
343 6.799520e-01 2.472000e-03 3.175760e-01
344 6.795840e-01 2.344000e-03 3.180720e-01
345 6.792240e-01 2.332000e-03 3.184440e-01
346 6.788680e-01 2.272000e-03 3.188600e-01
347 6.785280e-01 2.224000e-03 3.192480e-01
348 6.782000e-01 2.060000e-03 3.197400e-01
349 6.778920e-01 2.004000e-03 3.201040e-01
350 6.775280e-01 1.968000e-03 3.205040e-01
351 6.771480e-01 2.012000e-03 3.208400e-01
352 6.768480e-01 1.956000e-03 3.211960e-01
353 6.765160e-01 1.948000e-03 3.215360e-01
354 6.761560e-01 2.000000e-03 3.218440e-01
355 6.758560e-01 1.960000e-03 3.221840e-01
356 6.754960e-01 1.984000e-03 3.225200e-01
357 6.751080e-01 2.044000e-03 3.228480e-01
358 6.747600e-01 2.064000e-03 3.231760e-01
359 6.744080e-01 2.004000e-03 3.235880e-01
360 6.740520e-01 1.980000e-03 3.239680e-01
361 6.736920e-01 1.964000e-03 3.243440e-01
362 6.733680e-01 1.936000e-03 3.246960e-01
363 6.730640e-01 1.860000e-03 3.250760e-01
364 6.727680e-01 1.820000e-03 3.254120e-01
365 6.724080e-01 1.860000e-03 3.257320e-01
366 6.721120e-01 1.808000e-03 3.260800e-01
367 6.718520e-01 1.780000e-03 3.263680e-01
368 6.715280e-01 1.828000e-03 3.266440e-01
369 6.712480e-01 1.800000e-03 3.269520e-01
370 6.709680e-01 1.784000e-03 3.272480e-01
371 6.706680e-01 1.768000e-03 3.275640e-01
372 6.703520e-01 1.824000e-03 3.278240e-01
373 6.700080e-01 1.892000e-03 3.281000e-01
374 6.697440e-01 1.812000e-03 3.284440e-01
375 6.693880e-01 1.824000e-03 3.287880e-01
376 6.690680e-01 1.872000e-03 3.290600e-01
377 6.687240e-01 1.888000e-03 3.293880e-01
378 6.684120e-01 1.928000e-03 3.296600e-01
379 6.680720e-01 1.956000e-03 3.299720e-01
380 6.677320e-01 1.908000e-03 3.303600e-01
381 6.673800e-01 1.880000e-03 3.307400e-01
382 6.669680e-01 1.992000e-03 3.310400e-01
383 6.667280e-01 1.852000e-03 3.314200e-01
384 6.664640e-01 1.824000e-03 3.317120e-01
385 6.661960e-01 1.780000e-03 3.320240e-01
386 6.659680e-01 1.768000e-03 3.322640e-01
387 6.656880e-01 1.772000e-03 3.325400e-01
388 6.653880e-01 1.776000e-03 3.328360e-01
389 6.651040e-01 1.748000e-03 3.331480e-01
390 6.649120e-01 1.640000e-03 3.334480e-01
391 6.646800e-01 1.544000e-03 3.337760e-01
392 6.645080e-01 1.412000e-03 3.340800e-01
393 6.642880e-01 1.424000e-03 3.342880e-01
394 6.640880e-01 1.312000e-03 3.346000e-01
395 6.638840e-01 1.336000e-03 3.347800e-01
396 6.636280e-01 1.332000e-03 3.350400e-01
397 6.633880e-01 1.356000e-03 3.352560e-01
398 6.632080e-01 1.280000e-03 3.355120e-01
399 6.630280e-01 1.228000e-03 3.357440e-01
400 6.628520e-01 1.208000e-03 3.359400e-01
401 6.626040e-01 1.248000e-03 3.361480e-01
402 6.624240e-01 1.192000e-03 3.363840e-01
403 6.622440e-01 1.176000e-03 3.365800e-01
404 6.620120e-01 1.224000e-03 3.367640e-01
405 6.618080e-01 1.240000e-03 3.369520e-01
406 6.616160e-01 1.212000e-03 3.371720e-01
407 6.613840e-01 1.236000e-03 3.373800e-01
408 6.611120e-01 1.256000e-03 3.376320e-01
409 6.609640e-01 1.156000e-03 3.378800e-01
410 6.607960e-01 1.120000e-03 3.380840e-01
411 6.606280e-01 1.084000e-03 3.382880e-01
412 6.604680e-01 1.064000e-03 3.384680e-01
413 6.603240e-01 1.004000e-03 3.386720e-01
414 6.601800e-01 9.760000e-04 3.388440e-01
415 6.600440e-01 9.240000e-04 3.390320e-01
416 6.599080e-01 8.960000e-04 3.391960e-01
417 6.597920e-01 8.440000e-04 3.393640e-01
418 6.596200e-01 8.520000e-04 3.395280e-01
419 6.594600e-01 8.600000e-04 3.396800e-01
420 6.592760e-01 8.800000e-04 3.398440e-01
421 6.591440e-01 8.200000e-04 3.400360e-01
422 6.590280e-01 7.760000e-04 3.401960e-01
423 6.589080e-01 7.440000e-04 3.403480e-01
424 6.587840e-01 7.440000e-04 3.404720e-01
425 6.586560e-01 7.560000e-04 3.405880e-01
426 6.585520e-01 7.160000e-04 3.407320e-01
427 6.584120e-01 7.440000e-04 3.408440e-01
428 6.582960e-01 7.240000e-04 3.409800e-01
429 6.581800e-01 7.320000e-04 3.410880e-01
430 6.580840e-01 7.000000e-04 3.412160e-01
431 6.579920e-01 6.480000e-04 3.413600e-01
432 6.578720e-01 6.360000e-04 3.414920e-01
433 6.577600e-01 6.160000e-04 3.416240e-01
434 6.576480e-01 6.280000e-04 3.417240e-01
435 6.575360e-01 5.960000e-04 3.418680e-01
436 6.574520e-01 5.880000e-04 3.419600e-01
437 6.573000e-01 6.120000e-04 3.420880e-01
438 6.571920e-01 6.080000e-04 3.422000e-01
439 6.570840e-01 6.320000e-04 3.422840e-01
440 6.570240e-01 6.040000e-04 3.423720e-01
441 6.569360e-01 5.960000e-04 3.424680e-01
442 6.568200e-01 6.480000e-04 3.425320e-01
443 6.567120e-01 6.320000e-04 3.426560e-01
444 6.565960e-01 6.160000e-04 3.427880e-01
445 6.565280e-01 5.640000e-04 3.429080e-01
446 6.564400e-01 5.360000e-04 3.430240e-01
447 6.563000e-01 5.720000e-04 3.431280e-01
448 6.561960e-01 5.840000e-04 3.432200e-01
449 6.560400e-01 6.280000e-04 3.433320e-01
450 6.558840e-01 6.600000e-04 3.434560e-01
451 6.557680e-01 6.520000e-04 3.435800e-01
452 6.556480e-01 6.840000e-04 3.436680e-01
453 6.555280e-01 6.760000e-04 3.437960e-01
454 6.553640e-01 7.360000e-04 3.439000e-01
455 6.552040e-01 7.840000e-04 3.440120e-01
456 6.550680e-01 7.960000e-04 3.441360e-01
457 6.548920e-01 8.280000e-04 3.442800e-01
458 6.547400e-01 8.520000e-04 3.444080e-01
459 6.546120e-01 8.080000e-04 3.445800e-01
460 6.544840e-01 7.800000e-04 3.447360e-01
461 6.543160e-01 8.120000e-04 3.448720e-01
462 6.541120e-01 8.960000e-04 3.449920e-01
463 6.539680e-01 9.040000e-04 3.451280e-01
464 6.537640e-01 9.760000e-04 3.452600e-01
465 6.536200e-01 9.400000e-04 3.454400e-01
466 6.535000e-01 9.160000e-04 3.455840e-01
467 6.533880e-01 8.680000e-04 3.457440e-01
468 6.533040e-01 8.080000e-04 3.458880e-01
469 6.531960e-01 7.880000e-04 3.460160e-01
470 6.530560e-01 7.920000e-04 3.461520e-01
471 6.529360e-01 7.960000e-04 3.462680e-01
472 6.528440e-01 7.760000e-04 3.463800e-01
473 6.527240e-01 7.560000e-04 3.465200e-01
474 6.526000e-01 7.360000e-04 3.466640e-01
475 6.525240e-01 7.400000e-04 3.467360e-01
476 6.524120e-01 6.680000e-04 3.469200e-01
477 6.523160e-01 6.400000e-04 3.470440e-01
478 6.522400e-01 6.080000e-04 3.471520e-01
479 6.521640e-01 6.200000e-04 3.472160e-01
480 6.520480e-01 6.600000e-04 3.472920e-01
481 6.519640e-01 6.360000e-04 3.474000e-01
482 6.518800e-01 5.960000e-04 3.475240e-01
483 6.517800e-01 5.640000e-04 3.476560e-01
484 6.516880e-01 5.840000e-04 3.477280e-01
485 6.516240e-01 5.280000e-04 3.478480e-01
486 6.515840e-01 4.640000e-04 3.479520e-01
487 6.515200e-01 4.400000e-04 3.480400e-01
488 6.514760e-01 4.320000e-04 3.480920e-01
489 6.514360e-01 3.680000e-04 3.481960e-01
490 6.514080e-01 3.320000e-04 3.482600e-01
491 6.513600e-01 3.280000e-04 3.483120e-01
492 6.513280e-01 2.920000e-04 3.483800e-01
493 6.512800e-01 2.720000e-04 3.484480e-01
494 6.512320e-01 2.760000e-04 3.484920e-01
495 6.511840e-01 2.520000e-04 3.485640e-01
496 6.511440e-01 2.520000e-04 3.486040e-01
497 6.510840e-01 2.640000e-04 3.486520e-01
498 6.510440e-01 2.360000e-04 3.487200e-01
499 6.509880e-01 2.640000e-04 3.487480e-01
500 6.509440e-01 2.640000e-04 3.487920e-01
