1 9.991280e-01 7.880000e-04 8.400000e-05
2 9.985320e-01 1.216000e-03 2.520000e-04
3 9.978720e-01 1.624000e-03 5.040000e-04
4 9.971280e-01 2.008000e-03 8.640000e-04
5 9.962320e-01 2.528000e-03 1.240000e-03
6 9.952880e-01 3.004000e-03 1.708000e-03
7 9.944480e-01 3.268000e-03 2.284000e-03
8 9.934360e-01 3.720000e-03 2.844000e-03
9 9.923680e-01 4.152000e-03 3.480000e-03
10 9.913560e-01 4.412000e-03 4.232000e-03
11 9.903480e-01 4.616000e-03 5.036000e-03
12 9.893360e-01 4.808000e-03 5.856000e-03
13 9.883600e-01 5.012000e-03 6.628000e-03
14 9.872800e-01 5.168000e-03 7.552000e-03
15 9.861520e-01 5.336000e-03 8.512000e-03
16 9.849400e-01 5.576000e-03 9.484000e-03
17 9.838040e-01 5.752000e-03 1.044400e-02
18 9.824560e-01 6.096000e-03 1.144800e-02
19 9.811560e-01 6.228000e-03 1.261600e-02
20 9.799200e-01 6.388000e-03 1.369200e-02
21 9.786760e-01 6.484000e-03 1.484000e-02
22 9.774280e-01 6.608000e-03 1.596400e-02
23 9.761440e-01 6.804000e-03 1.705200e-02
24 9.748280e-01 6.992000e-03 1.818000e-02
25 9.734240e-01 7.184000e-03 1.939200e-02
26 9.720960e-01 7.284000e-03 2.062000e-02
27 9.706400e-01 7.460000e-03 2.190000e-02
28 9.690520e-01 7.776000e-03 2.317200e-02
29 9.675760e-01 7.944000e-03 2.448000e-02
30 9.659800e-01 8.096000e-03 2.592400e-02
31 9.643680e-01 8.324000e-03 2.730800e-02
32 9.628480e-01 8.452000e-03 2.870000e-02
33 9.612840e-01 8.560000e-03 3.015600e-02
34 9.598040e-01 8.588000e-03 3.160800e-02
35 9.581240e-01 8.656000e-03 3.322000e-02
36 9.564800e-01 8.856000e-03 3.466400e-02
37 9.550000e-01 8.748000e-03 3.625200e-02
38 9.535120e-01 8.652000e-03 3.783600e-02
39 9.520440e-01 8.584000e-03 3.937200e-02
40 9.505480e-01 8.636000e-03 4.081600e-02
41 9.491840e-01 8.580000e-03 4.223600e-02
42 9.477000e-01 8.628000e-03 4.367200e-02
43 9.462360e-01 8.516000e-03 4.524800e-02
44 9.447720e-01 8.524000e-03 4.670400e-02
45 9.433880e-01 8.348000e-03 4.826400e-02
46 9.418120e-01 8.332000e-03 4.985600e-02
47 9.403400e-01 8.316000e-03 5.134400e-02
48 9.388800e-01 8.272000e-03 5.284800e-02
49 9.373920e-01 8.280000e-03 5.432800e-02
50 9.358800e-01 8.196000e-03 5.592400e-02
51 9.344240e-01 8.132000e-03 5.744400e-02
52 9.329320e-01 8.248000e-03 5.882000e-02
53 9.314320e-01 8.296000e-03 6.027200e-02
54 9.300360e-01 8.292000e-03 6.167200e-02
55 9.286200e-01 8.192000e-03 6.318800e-02
56 9.271840e-01 8.108000e-03 6.470800e-02
57 9.256840e-01 8.172000e-03 6.614400e-02
58 9.242360e-01 8.252000e-03 6.751200e-02
59 9.228040e-01 8.220000e-03 6.897600e-02
60 9.215120e-01 8.156000e-03 7.033200e-02
61 9.200600e-01 8.124000e-03 7.181600e-02
62 9.186680e-01 8.056000e-03 7.327600e-02
63 9.172840e-01 8.052000e-03 7.466400e-02
64 9.158600e-01 8.172000e-03 7.596800e-02
65 9.145120e-01 8.036000e-03 7.745200e-02
66 9.130160e-01 8.136000e-03 7.884800e-02
67 9.116160e-01 8.076000e-03 8.030800e-02
68 9.101080e-01 8.264000e-03 8.162800e-02
69 9.087920e-01 8.144000e-03 8.306400e-02
70 9.074040e-01 8.104000e-03 8.449200e-02
71 9.059800e-01 8.048000e-03 8.597200e-02
72 9.045000e-01 8.060000e-03 8.744000e-02
73 9.029360e-01 8.176000e-03 8.888800e-02
74 9.015240e-01 8.072000e-03 9.040400e-02
75 9.000000e-01 8.336000e-03 9.166400e-02
76 8.983880e-01 8.448000e-03 9.316400e-02
77 8.967240e-01 8.676000e-03 9.460000e-02
78 8.953480e-01 8.640000e-03 9.601200e-02
79 8.937560e-01 8.708000e-03 9.753600e-02
80 8.920640e-01 8.716000e-03 9.922000e-02
81 8.904880e-01 8.740000e-03 1.007720e-01
82 8.887600e-01 8.944000e-03 1.022960e-01
83 8.872680e-01 8.980000e-03 1.037520e-01
84 8.857840e-01 8.936000e-03 1.052800e-01
85 8.844520e-01 8.872000e-03 1.066760e-01
86 8.829080e-01 8.904000e-03 1.081880e-01
87 8.813480e-01 8.904000e-03 1.097480e-01
88 8.797480e-01 8.900000e-03 1.113520e-01
89 8.783200e-01 8.660000e-03 1.130200e-01
90 8.767400e-01 8.740000e-03 1.145200e-01
91 8.752200e-01 8.772000e-03 1.160080e-01
92 8.736320e-01 8.904000e-03 1.174640e-01
93 8.720960e-01 8.948000e-03 1.189560e-01
94 8.706040e-01 8.936000e-03 1.204600e-01
95 8.689840e-01 9.044000e-03 1.219720e-01
96 8.675280e-01 8.900000e-03 1.235720e-01
97 8.661520e-01 8.668000e-03 1.251800e-01
98 8.647880e-01 8.456000e-03 1.267560e-01
99 8.634920e-01 8.228000e-03 1.282800e-01
100 8.620120e-01 8.268000e-03 1.297200e-01
101 8.605800e-01 8.284000e-03 1.311360e-01
102 8.590200e-01 8.380000e-03 1.326000e-01
103 8.577000e-01 8.176000e-03 1.341240e-01
104 8.562480e-01 8.224000e-03 1.355280e-01
105 8.548160e-01 8.256000e-03 1.369280e-01
106 8.535000e-01 8.060000e-03 1.384400e-01
107 8.520040e-01 8.288000e-03 1.397080e-01
108 8.505320e-01 8.304000e-03 1.411640e-01
109 8.491760e-01 8.248000e-03 1.425760e-01
110 8.478800e-01 8.140000e-03 1.439800e-01
111 8.464440e-01 8.240000e-03 1.453160e-01
112 8.451720e-01 8.040000e-03 1.467880e-01
113 8.439280e-01 7.904000e-03 1.481680e-01
114 8.425160e-01 8.008000e-03 1.494760e-01
115 8.412120e-01 7.896000e-03 1.508920e-01
116 8.399080e-01 7.880000e-03 1.522120e-01
117 8.386200e-01 7.932000e-03 1.534480e-01
118 8.372560e-01 7.876000e-03 1.548680e-01
119 8.359240e-01 7.904000e-03 1.561720e-01
120 8.344960e-01 7.852000e-03 1.576520e-01
121 8.331280e-01 7.928000e-03 1.589440e-01
122 8.318400e-01 7.776000e-03 1.603840e-01
123 8.304360e-01 7.792000e-03 1.617720e-01
124 8.290080e-01 7.816000e-03 1.631760e-01
125 8.277680e-01 7.600000e-03 1.646320e-01
126 8.265400e-01 7.400000e-03 1.660600e-01
127 8.253360e-01 7.340000e-03 1.673240e-01
128 8.241840e-01 7.224000e-03 1.685920e-01
129 8.229360e-01 7.304000e-03 1.697600e-01
130 8.218280e-01 6.956000e-03 1.712160e-01
131 8.206720e-01 6.908000e-03 1.724200e-01
132 8.195640e-01 6.720000e-03 1.737160e-01
133 8.185280e-01 6.664000e-03 1.748080e-01
134 8.174920e-01 6.552000e-03 1.759560e-01
135 8.165040e-01 6.416000e-03 1.770800e-01
136 8.155920e-01 6.084000e-03 1.783240e-01
137 8.147080e-01 5.908000e-03 1.793840e-01
138 8.136560e-01 5.940000e-03 1.804040e-01
139 8.127000e-01 5.884000e-03 1.814160e-01
140 8.117360e-01 5.872000e-03 1.823920e-01
141 8.108120e-01 5.864000e-03 1.833240e-01
142 8.098320e-01 5.660000e-03 1.845080e-01
143 8.088200e-01 5.620000e-03 1.855600e-01
144 8.078360e-01 5.732000e-03 1.864320e-01
145 8.070280e-01 5.620000e-03 1.873520e-01
146 8.061400e-01 5.520000e-03 1.883400e-01
147 8.053480e-01 5.324000e-03 1.893280e-01
148 8.045560e-01 5.132000e-03 1.903120e-01
149 8.037800e-01 5.156000e-03 1.910640e-01
150 8.029240e-01 5.024000e-03 1.920520e-01
151 8.019920e-01 4.928000e-03 1.930800e-01
152 8.011600e-01 4.904000e-03 1.939360e-01
153 8.004520e-01 4.696000e-03 1.948520e-01
154 7.997440e-01 4.536000e-03 1.957200e-01
155 7.989400e-01 4.528000e-03 1.965320e-01
156 7.981240e-01 4.568000e-03 1.973080e-01
157 7.973640e-01 4.528000e-03 1.981080e-01
158 7.965440e-01 4.576000e-03 1.988800e-01
159 7.958200e-01 4.512000e-03 1.996680e-01
160 7.950160e-01 4.540000e-03 2.004440e-01
161 7.941680e-01 4.600000e-03 2.012320e-01
162 7.934200e-01 4.588000e-03 2.019920e-01
163 7.926800e-01 4.560000e-03 2.027600e-01
164 7.919280e-01 4.560000e-03 2.035120e-01
165 7.912360e-01 4.480000e-03 2.042840e-01
166 7.904640e-01 4.360000e-03 2.051760e-01
167 7.897240e-01 4.304000e-03 2.059720e-01
168 7.890000e-01 4.264000e-03 2.067360e-01
169 7.882280e-01 4.320000e-03 2.074520e-01
170 7.875520e-01 4.316000e-03 2.081320e-01
171 7.869080e-01 4.268000e-03 2.088240e-01
172 7.860640e-01 4.332000e-03 2.096040e-01
173 7.853560e-01 4.320000e-03 2.103240e-01
174 7.845760e-01 4.304000e-03 2.111200e-01
175 7.838840e-01 4.220000e-03 2.118960e-01
176 7.831000e-01 4.276000e-03 2.126240e-01
177 7.824200e-01 4.096000e-03 2.134840e-01
178 7.816920e-01 4.084000e-03 2.142240e-01
179 7.810600e-01 3.940000e-03 2.150000e-01
180 7.805000e-01 3.816000e-03 2.156840e-01
181 7.799640e-01 3.660000e-03 2.163760e-01
182 7.793000e-01 3.616000e-03 2.170840e-01
183 7.786200e-01 3.688000e-03 2.176920e-01
184 7.779040e-01 3.800000e-03 2.182960e-01
185 7.772440e-01 3.784000e-03 2.189720e-01
186 7.766400e-01 3.800000e-03 2.195600e-01
187 7.760600e-01 3.728000e-03 2.202120e-01
188 7.754120e-01 3.744000e-03 2.208440e-01
189 7.749200e-01 3.632000e-03 2.214480e-01
190 7.742320e-01 3.676000e-03 2.220920e-01
191 7.736600e-01 3.652000e-03 2.226880e-01
192 7.730120e-01 3.624000e-03 2.233640e-01
193 7.724880e-01 3.464000e-03 2.240480e-01
194 7.719680e-01 3.428000e-03 2.246040e-01
195 7.714480e-01 3.384000e-03 2.251680e-01
196 7.708480e-01 3.432000e-03 2.257200e-01
197 7.702800e-01 3.436000e-03 2.262840e-01
198 7.696600e-01 3.500000e-03 2.268400e-01
199 7.691000e-01 3.368000e-03 2.275320e-01
200 7.685480e-01 3.360000e-03 2.280920e-01
201 7.679720e-01 3.316000e-03 2.287120e-01
202 7.673520e-01 3.288000e-03 2.293600e-01
203 7.667200e-01 3.424000e-03 2.298560e-01
204 7.661280e-01 3.364000e-03 2.305080e-01
205 7.655400e-01 3.352000e-03 2.311080e-01
206 7.650000e-01 3.280000e-03 2.317200e-01
207 7.643720e-01 3.364000e-03 2.322640e-01
208 7.637720e-01 3.420000e-03 2.328080e-01
209 7.630240e-01 3.616000e-03 2.333600e-01
210 7.624080e-01 3.636000e-03 2.339560e-01
211 7.618600e-01 3.532000e-03 2.346080e-01
212 7.612040e-01 3.528000e-03 2.352680e-01
213 7.605800e-01 3.520000e-03 2.359000e-01
214 7.599920e-01 3.480000e-03 2.365280e-01
215 7.593400e-01 3.488000e-03 2.371720e-01
216 7.587080e-01 3.488000e-03 2.378040e-01
217 7.580960e-01 3.536000e-03 2.383680e-01
218 7.574240e-01 3.572000e-03 2.390040e-01
219 7.568000e-01 3.548000e-03 2.396520e-01
220 7.562360e-01 3.552000e-03 2.402120e-01
221 7.556080e-01 3.528000e-03 2.408640e-01
222 7.550520e-01 3.520000e-03 2.414280e-01
223 7.545520e-01 3.448000e-03 2.420000e-01
224 7.539600e-01 3.404000e-03 2.426360e-01
225 7.533880e-01 3.444000e-03 2.431680e-01
226 7.529200e-01 3.212000e-03 2.438680e-01
227 7.524040e-01 3.188000e-03 2.444080e-01
228 7.517880e-01 3.220000e-03 2.449920e-01
229 7.513120e-01 3.172000e-03 2.455160e-01
230 7.507800e-01 3.144000e-03 2.460760e-01
231 7.502120e-01 3.204000e-03 2.465840e-01
232 7.496280e-01 3.144000e-03 2.472280e-01
233 7.492080e-01 2.972000e-03 2.478200e-01
234 7.487640e-01 2.920000e-03 2.483160e-01
235 7.483040e-01 2.876000e-03 2.488200e-01
236 7.478760e-01 2.792000e-03 2.493320e-01
237 7.473520e-01 2.844000e-03 2.498040e-01
238 7.468560e-01 2.848000e-03 2.502960e-01
239 7.463600e-01 2.856000e-03 2.507840e-01
240 7.459120e-01 2.804000e-03 2.512840e-01
241 7.454840e-01 2.760000e-03 2.517560e-01
242 7.451000e-01 2.672000e-03 2.522280e-01
243 7.446640e-01 2.644000e-03 2.526920e-01
244 7.441840e-01 2.676000e-03 2.531400e-01
245 7.437160e-01 2.632000e-03 2.536520e-01
246 7.433320e-01 2.524000e-03 2.541440e-01
247 7.429040e-01 2.488000e-03 2.546080e-01
248 7.425360e-01 2.476000e-03 2.549880e-01
249 7.421440e-01 2.484000e-03 2.553720e-01
250 7.417680e-01 2.428000e-03 2.558040e-01
251 7.413560e-01 2.412000e-03 2.562320e-01
252 7.410040e-01 2.352000e-03 2.566440e-01
253 7.406520e-01 2.368000e-03 2.569800e-01
254 7.402280e-01 2.360000e-03 2.574120e-01
255 7.399080e-01 2.332000e-03 2.577600e-01
256 7.395480e-01 2.304000e-03 2.581480e-01
257 7.391080e-01 2.340000e-03 2.585520e-01
258 7.387120e-01 2.312000e-03 2.589760e-01
259 7.383320e-01 2.332000e-03 2.593360e-01
260 7.378280e-01 2.448000e-03 2.597240e-01
261 7.373720e-01 2.524000e-03 2.601040e-01
262 7.369080e-01 2.500000e-03 2.605920e-01
263 7.364560e-01 2.508000e-03 2.610360e-01
264 7.360360e-01 2.492000e-03 2.614720e-01
265 7.356240e-01 2.460000e-03 2.619160e-01
266 7.352400e-01 2.416000e-03 2.623440e-01
267 7.348960e-01 2.348000e-03 2.627560e-01
268 7.345400e-01 2.224000e-03 2.632360e-01
269 7.341840e-01 2.208000e-03 2.636080e-01
270 7.338960e-01 2.064000e-03 2.640400e-01
271 7.335680e-01 2.032000e-03 2.644000e-01
272 7.332440e-01 2.032000e-03 2.647240e-01
273 7.329080e-01 2.080000e-03 2.650120e-01
274 7.325360e-01 2.072000e-03 2.653920e-01
275 7.320800e-01 2.140000e-03 2.657800e-01
276 7.317440e-01 2.176000e-03 2.660800e-01
277 7.313960e-01 2.164000e-03 2.664400e-01
278 7.310360e-01 2.100000e-03 2.668640e-01
279 7.307240e-01 2.020000e-03 2.672560e-01
280 7.303760e-01 2.032000e-03 2.675920e-01
281 7.299600e-01 2.088000e-03 2.679520e-01
282 7.295840e-01 2.088000e-03 2.683280e-01
283 7.291920e-01 2.172000e-03 2.686360e-01
284 7.288280e-01 2.204000e-03 2.689680e-01
285 7.284000e-01 2.316000e-03 2.692840e-01
286 7.279760e-01 2.340000e-03 2.696840e-01
287 7.275480e-01 2.436000e-03 2.700160e-01
288 7.271560e-01 2.440000e-03 2.704040e-01
289 7.267960e-01 2.384000e-03 2.708200e-01
290 7.264120e-01 2.348000e-03 2.712400e-01
291 7.260520e-01 2.248000e-03 2.717000e-01
292 7.256320e-01 2.252000e-03 2.721160e-01
293 7.252120e-01 2.276000e-03 2.725120e-01
294 7.248120e-01 2.372000e-03 2.728160e-01
295 7.244240e-01 2.276000e-03 2.733000e-01
296 7.239160e-01 2.280000e-03 2.738040e-01
297 7.235600e-01 2.264000e-03 2.741760e-01
298 7.231920e-01 2.256000e-03 2.745520e-01
299 7.229080e-01 2.184000e-03 2.749080e-01
300 7.224440e-01 2.264000e-03 2.752920e-01
301 7.220760e-01 2.240000e-03 2.756840e-01
302 7.217040e-01 2.260000e-03 2.760360e-01
303 7.212960e-01 2.188000e-03 2.765160e-01
304 7.209040e-01 2.228000e-03 2.768680e-01
305 7.204360e-01 2.312000e-03 2.772520e-01
306 7.200320e-01 2.364000e-03 2.776040e-01
307 7.196000e-01 2.380000e-03 2.780200e-01
308 7.192080e-01 2.388000e-03 2.784040e-01
309 7.187920e-01 2.372000e-03 2.788360e-01
310 7.183840e-01 2.284000e-03 2.793320e-01
311 7.180360e-01 2.264000e-03 2.797000e-01
312 7.176640e-01 2.296000e-03 2.800400e-01
313 7.173520e-01 2.212000e-03 2.804360e-01
314 7.170600e-01 2.172000e-03 2.807680e-01
315 7.167280e-01 2.184000e-03 2.810880e-01
316 7.163040e-01 2.212000e-03 2.814840e-01
317 7.159560e-01 2.160000e-03 2.818840e-01
318 7.155920e-01 2.120000e-03 2.822880e-01
319 7.152880e-01 2.056000e-03 2.826560e-01
320 7.150280e-01 1.972000e-03 2.830000e-01
321 7.147560e-01 1.856000e-03 2.833880e-01
322 7.145160e-01 1.788000e-03 2.836960e-01
323 7.142720e-01 1.716000e-03 2.840120e-01
324 7.140360e-01 1.660000e-03 2.843040e-01
325 7.138240e-01 1.520000e-03 2.846560e-01
326 7.135760e-01 1.504000e-03 2.849200e-01
327 7.132800e-01 1.540000e-03 2.851800e-01
328 7.129240e-01 1.616000e-03 2.854600e-01
329 7.126000e-01 1.696000e-03 2.857040e-01
330 7.123200e-01 1.724000e-03 2.859560e-01
331 7.120360e-01 1.712000e-03 2.862520e-01
332 7.117600e-01 1.712000e-03 2.865280e-01
333 7.115120e-01 1.572000e-03 2.869160e-01
334 7.112800e-01 1.544000e-03 2.871760e-01
335 7.110480e-01 1.500000e-03 2.874520e-01
336 7.108200e-01 1.452000e-03 2.877280e-01
337 7.105440e-01 1.472000e-03 2.879840e-01
338 7.102960e-01 1.460000e-03 2.882440e-01
339 7.100160e-01 1.504000e-03 2.884800e-01
340 7.097280e-01 1.536000e-03 2.887360e-01
341 7.094640e-01 1.536000e-03 2.890000e-01
342 7.091760e-01 1.596000e-03 2.892280e-01
343 7.089200e-01 1.576000e-03 2.895040e-01
344 7.087200e-01 1.464000e-03 2.898160e-01
345 7.084000e-01 1.532000e-03 2.900680e-01
346 7.081680e-01 1.476000e-03 2.903560e-01
347 7.079280e-01 1.452000e-03 2.906200e-01
348 7.076240e-01 1.516000e-03 2.908600e-01
349 7.073800e-01 1.468000e-03 2.911520e-01
350 7.071360e-01 1.420000e-03 2.914440e-01
351 7.068880e-01 1.452000e-03 2.916600e-01
352 7.066120e-01 1.456000e-03 2.919320e-01
353 7.063080e-01 1.496000e-03 2.921960e-01
354 7.060800e-01 1.500000e-03 2.924200e-01
355 7.058160e-01 1.444000e-03 2.927400e-01
356 7.056280e-01 1.384000e-03 2.929880e-01
357 7.054000e-01 1.356000e-03 2.932440e-01
358 7.052040e-01 1.284000e-03 2.935120e-01
359 7.049680e-01 1.272000e-03 2.937600e-01
360 7.047360e-01 1.252000e-03 2.940120e-01
361 7.045000e-01 1.204000e-03 2.942960e-01
362 7.042960e-01 1.216000e-03 2.944880e-01
363 7.040880e-01 1.188000e-03 2.947240e-01
364 7.038640e-01 1.212000e-03 2.949240e-01
365 7.036320e-01 1.236000e-03 2.951320e-01
366 7.034280e-01 1.236000e-03 2.953360e-01
367 7.031760e-01 1.240000e-03 2.955840e-01
368 7.029640e-01 1.208000e-03 2.958280e-01
369 7.027800e-01 1.232000e-03 2.959880e-01
370 7.025760e-01 1.260000e-03 2.961640e-01
371 7.023160e-01 1.308000e-03 2.963760e-01
372 7.020920e-01 1.260000e-03 2.966480e-01
373 7.018880e-01 1.224000e-03 2.968880e-01
374 7.016680e-01 1.232000e-03 2.971000e-01
375 7.015160e-01 1.200000e-03 2.972840e-01
376 7.013360e-01 1.168000e-03 2.974960e-01
377 7.011680e-01 1.112000e-03 2.977200e-01
378 7.009960e-01 1.112000e-03 2.978920e-01
379 7.008320e-01 1.072000e-03 2.980960e-01
380 7.007000e-01 1.068000e-03 2.982320e-01
381 7.006000e-01 1.024000e-03 2.983760e-01
382 7.004360e-01 1.032000e-03 2.985320e-01
383 7.003240e-01 9.640000e-04 2.987120e-01
384 7.001920e-01 9.120000e-04 2.988960e-01
385 7.000720e-01 8.920000e-04 2.990360e-01
386 6.999280e-01 8.760000e-04 2.991960e-01
387 6.997840e-01 8.640000e-04 2.993520e-01
388 6.996600e-01 8.680000e-04 2.994720e-01
389 6.995160e-01 8.680000e-04 2.996160e-01
390 6.993600e-01 8.600000e-04 2.997800e-01
391 6.991840e-01 8.920000e-04 2.999240e-01
392 6.990240e-01 9.120000e-04 3.000640e-01
393 6.988720e-01 9.160000e-04 3.002120e-01
394 6.986200e-01 1.020000e-03 3.003600e-01
395 6.983920e-01 1.064000e-03 3.005440e-01
396 6.981160e-01 1.140000e-03 3.007440e-01
397 6.979000e-01 1.124000e-03 3.009760e-01
398 6.976560e-01 1.212000e-03 3.011320e-01
399 6.974320e-01 1.236000e-03 3.013320e-01
400 6.971840e-01 1.280000e-03 3.015360e-01
401 6.970160e-01 1.252000e-03 3.017320e-01
402 6.968640e-01 1.200000e-03 3.019360e-01
403 6.967520e-01 1.116000e-03 3.021320e-01
404 6.965840e-01 1.128000e-03 3.022880e-01
405 6.964080e-01 1.100000e-03 3.024920e-01
406 6.962400e-01 1.108000e-03 3.026520e-01
407 6.960960e-01 1.048000e-03 3.028560e-01
408 6.959120e-01 1.028000e-03 3.030600e-01
409 6.957680e-01 9.800000e-04 3.032520e-01
410 6.956320e-01 9.360000e-04 3.034320e-01
411 6.954920e-01 9.360000e-04 3.035720e-01
412 6.952880e-01 9.560000e-04 3.037560e-01
413 6.950440e-01 1.040000e-03 3.039160e-01
414 6.948600e-01 1.056000e-03 3.040840e-01
415 6.946040e-01 1.104000e-03 3.042920e-01
416 6.944000e-01 1.076000e-03 3.045240e-01
417 6.941840e-01 1.144000e-03 3.046720e-01
418 6.939840e-01 1.180000e-03 3.048360e-01
419 6.938160e-01 1.128000e-03 3.050560e-01
420 6.935040e-01 1.232000e-03 3.052640e-01
421 6.932840e-01 1.292000e-03 3.054240e-01
422 6.930360e-01 1.280000e-03 3.056840e-01
423 6.928320e-01 1.260000e-03 3.059080e-01
424 6.926280e-01 1.288000e-03 3.060840e-01
425 6.923760e-01 1.292000e-03 3.063320e-01
426 6.921400e-01 1.280000e-03 3.065800e-01
427 6.919680e-01 1.232000e-03 3.068000e-01
428 6.917600e-01 1.248000e-03 3.069920e-01
429 6.915200e-01 1.292000e-03 3.071880e-01
430 6.913120e-01 1.248000e-03 3.074400e-01
431 6.911200e-01 1.232000e-03 3.076480e-01
432 6.909000e-01 1.208000e-03 3.078920e-01
433 6.907320e-01 1.180000e-03 3.080880e-01
434 6.905480e-01 1.180000e-03 3.082720e-01
435 6.903560e-01 1.132000e-03 3.085120e-01
436 6.901280e-01 1.084000e-03 3.087880e-01
437 6.899600e-01 1.068000e-03 3.089720e-01
438 6.897760e-01 1.064000e-03 3.091600e-01
439 6.895440e-01 1.108000e-03 3.093480e-01
440 6.893600e-01 1.096000e-03 3.095440e-01
441 6.892000e-01 1.056000e-03 3.097440e-01
442 6.890840e-01 1.012000e-03 3.099040e-01
443 6.889280e-01 9.960000e-04 3.100760e-01
444 6.887320e-01 1.016000e-03 3.102520e-01
445 6.885280e-01 1.052000e-03 3.104200e-01
446 6.883440e-01 1.044000e-03 3.106120e-01
447 6.881720e-01 1.044000e-03 3.107840e-01
448 6.880080e-01 9.920000e-04 3.110000e-01
449 6.878760e-01 9.960000e-04 3.111280e-01
450 6.877080e-01 9.840000e-04 3.113080e-01
451 6.875560e-01 9.760000e-04 3.114680e-01
452 6.873440e-01 1.004000e-03 3.116520e-01
453 6.871920e-01 9.840000e-04 3.118240e-01
454 6.870000e-01 1.056000e-03 3.119440e-01
455 6.868160e-01 1.040000e-03 3.121440e-01
456 6.866400e-01 1.004000e-03 3.123560e-01
457 6.864440e-01 1.056000e-03 3.125000e-01
458 6.862000e-01 1.120000e-03 3.126800e-01
459 6.860320e-01 1.096000e-03 3.128720e-01
460 6.858720e-01 1.092000e-03 3.130360e-01
461 6.856840e-01 1.120000e-03 3.131960e-01
462 6.854600e-01 1.132000e-03 3.134080e-01
463 6.852880e-01 1.100000e-03 3.136120e-01
464 6.851400e-01 1.056000e-03 3.138040e-01
465 6.849360e-01 1.136000e-03 3.139280e-01
466 6.847600e-01 1.116000e-03 3.141240e-01
467 6.846160e-01 1.016000e-03 3.143680e-01
468 6.844200e-01 1.032000e-03 3.145480e-01
469 6.842280e-01 1.072000e-03 3.147000e-01
470 6.840920e-01 1.008000e-03 3.149000e-01
471 6.839040e-01 1.044000e-03 3.150520e-01
472 6.837360e-01 1.060000e-03 3.152040e-01
473 6.835600e-01 1.080000e-03 3.153600e-01
474 6.833800e-01 1.040000e-03 3.155800e-01
475 6.832080e-01 1.012000e-03 3.157800e-01
476 6.831000e-01 9.400000e-04 3.159600e-01
477 6.829680e-01 8.840000e-04 3.161480e-01
478 6.828520e-01 8.640000e-04 3.162840e-01
479 6.827160e-01 8.080000e-04 3.164760e-01
480 6.826040e-01 7.920000e-04 3.166040e-01
481 6.824400e-01 8.040000e-04 3.167560e-01
482 6.823080e-01 8.080000e-04 3.168840e-01
483 6.822200e-01 7.360000e-04 3.170440e-01
484 6.821440e-01 7.080000e-04 3.171480e-01
485 6.820640e-01 6.320000e-04 3.173040e-01
486 6.819960e-01 6.040000e-04 3.174000e-01
487 6.819560e-01 5.200000e-04 3.175240e-01
488 6.818600e-01 5.520000e-04 3.175880e-01
489 6.817960e-01 5.480000e-04 3.176560e-01
490 6.817160e-01 5.240000e-04 3.177600e-01
491 6.816680e-01 4.880000e-04 3.178440e-01
492 6.816360e-01 4.560000e-04 3.179080e-01
493 6.816080e-01 4.200000e-04 3.179720e-01
494 6.815320e-01 4.400000e-04 3.180280e-01
495 6.814920e-01 4.080000e-04 3.181000e-01
496 6.814400e-01 4.000000e-04 3.181600e-01
497 6.813680e-01 4.080000e-04 3.182240e-01
498 6.813120e-01 3.840000e-04 3.183040e-01
499 6.812160e-01 4.080000e-04 3.183760e-01
500 6.811240e-01 4.480000e-04 3.184280e-01
