1 9.992160e-01 6.560000e-04 1.280000e-04
2 9.987240e-01 9.880000e-04 2.880000e-04
3 9.980360e-01 1.492000e-03 4.720000e-04
4 9.972440e-01 1.948000e-03 8.080000e-04
5 9.964400e-01 2.416000e-03 1.144000e-03
6 9.956040e-01 2.840000e-03 1.556000e-03
7 9.947040e-01 3.200000e-03 2.096000e-03
8 9.938440e-01 3.504000e-03 2.652000e-03
9 9.929480e-01 3.768000e-03 3.284000e-03
10 9.919600e-01 4.044000e-03 3.996000e-03
11 9.908280e-01 4.432000e-03 4.740000e-03
12 9.898640e-01 4.576000e-03 5.560000e-03
13 9.887800e-01 4.852000e-03 6.368000e-03
14 9.874760e-01 5.364000e-03 7.160000e-03
15 9.863160e-01 5.604000e-03 8.080000e-03
16 9.851480e-01 5.772000e-03 9.080000e-03
17 9.839760e-01 5.976000e-03 1.004800e-02
18 9.827520e-01 6.212000e-03 1.103600e-02
19 9.814680e-01 6.332000e-03 1.220000e-02
20 9.800280e-01 6.636000e-03 1.333600e-02
21 9.786320e-01 6.868000e-03 1.450000e-02
22 9.772320e-01 7.104000e-03 1.566400e-02
23 9.757600e-01 7.276000e-03 1.696400e-02
24 9.742480e-01 7.492000e-03 1.826000e-02
25 9.727240e-01 7.720000e-03 1.955600e-02
26 9.712960e-01 7.792000e-03 2.091200e-02
27 9.698000e-01 7.968000e-03 2.223200e-02
28 9.681600e-01 8.148000e-03 2.369200e-02
29 9.666120e-01 8.332000e-03 2.505600e-02
30 9.650640e-01 8.432000e-03 2.650400e-02
31 9.633840e-01 8.552000e-03 2.806400e-02
32 9.618760e-01 8.576000e-03 2.954800e-02
33 9.601600e-01 8.744000e-03 3.109600e-02
34 9.582360e-01 9.212000e-03 3.255200e-02
35 9.565440e-01 9.248000e-03 3.420800e-02
36 9.547280e-01 9.412000e-03 3.586000e-02
37 9.530560e-01 9.524000e-03 3.742000e-02
38 9.513480e-01 9.624000e-03 3.902800e-02
39 9.497000e-01 9.556000e-03 4.074400e-02
40 9.479960e-01 9.620000e-03 4.238400e-02
41 9.462880e-01 9.656000e-03 4.405600e-02
42 9.444800e-01 9.840000e-03 4.568000e-02
43 9.428200e-01 9.796000e-03 4.738400e-02
44 9.411080e-01 9.660000e-03 4.923200e-02
45 9.394200e-01 9.732000e-03 5.084800e-02
46 9.375760e-01 9.916000e-03 5.250800e-02
47 9.357800e-01 1.000000e-02 5.422000e-02
48 9.339240e-01 1.007200e-02 5.600400e-02
49 9.321880e-01 1.016400e-02 5.764800e-02
50 9.304800e-01 1.021200e-02 5.930800e-02
51 9.286520e-01 1.022800e-02 6.112000e-02
52 9.267440e-01 1.043200e-02 6.282400e-02
53 9.248720e-01 1.046800e-02 6.466000e-02
54 9.229000e-01 1.059600e-02 6.650400e-02
55 9.210640e-01 1.056800e-02 6.836800e-02
56 9.190280e-01 1.055600e-02 7.041600e-02
57 9.171600e-01 1.059600e-02 7.224400e-02
58 9.153760e-01 1.052000e-02 7.410400e-02
59 9.135520e-01 1.043200e-02 7.601600e-02
60 9.116440e-01 1.040000e-02 7.795600e-02
61 9.099120e-01 1.026000e-02 7.982800e-02
62 9.081360e-01 1.026800e-02 8.159600e-02
63 9.062600e-01 1.036800e-02 8.337200e-02
64 9.042680e-01 1.073200e-02 8.500000e-02
65 9.025080e-01 1.048000e-02 8.701200e-02
66 9.007280e-01 1.034800e-02 8.892400e-02
67 8.988840e-01 1.045200e-02 9.066400e-02
68 8.969880e-01 1.068400e-02 9.232800e-02
69 8.949920e-01 1.072000e-02 9.428800e-02
70 8.930360e-01 1.076000e-02 9.620400e-02
71 8.910720e-01 1.075600e-02 9.817200e-02
72 8.890800e-01 1.068800e-02 1.002320e-01
73 8.870760e-01 1.078000e-02 1.021440e-01
74 8.853200e-01 1.074800e-02 1.039320e-01
75 8.833600e-01 1.076000e-02 1.058800e-01
76 8.817440e-01 1.052400e-02 1.077320e-01
77 8.798440e-01 1.050000e-02 1.096560e-01
78 8.778880e-01 1.054000e-02 1.115720e-01
79 8.759680e-01 1.073200e-02 1.133000e-01
80 8.742120e-01 1.056000e-02 1.152280e-01
81 8.724480e-01 1.050000e-02 1.170520e-01
82 8.707880e-01 1.039600e-02 1.188160e-01
83 8.690840e-01 1.032800e-02 1.205880e-01
84 8.673280e-01 1.026000e-02 1.224120e-01
85 8.655880e-01 1.024000e-02 1.241720e-01
86 8.637920e-01 1.013600e-02 1.260720e-01
87 8.620760e-01 1.020400e-02 1.277200e-01
88 8.604200e-01 9.904000e-03 1.296760e-01
89 8.587840e-01 9.916000e-03 1.313000e-01
90 8.571440e-01 9.752000e-03 1.331040e-01
91 8.554000e-01 9.664000e-03 1.349360e-01
92 8.536520e-01 9.684000e-03 1.366640e-01
93 8.520200e-01 9.636000e-03 1.383440e-01
94 8.502720e-01 9.744000e-03 1.399840e-01
95 8.485040e-01 9.896000e-03 1.416000e-01
96 8.466800e-01 1.005600e-02 1.432640e-01
97 8.447920e-01 1.027200e-02 1.449360e-01
98 8.430880e-01 1.028000e-02 1.466320e-01
99 8.412640e-01 1.026400e-02 1.484720e-01
100 8.395120e-01 1.040800e-02 1.500800e-01
101 8.378280e-01 1.023600e-02 1.519360e-01
102 8.360800e-01 1.004800e-02 1.538720e-01
103 8.344360e-01 9.912000e-03 1.556520e-01
104 8.327720e-01 9.936000e-03 1.572920e-01
105 8.310360e-01 9.828000e-03 1.591360e-01
106 8.295480e-01 9.408000e-03 1.610440e-01
107 8.278840e-01 9.432000e-03 1.626840e-01
108 8.264880e-01 9.272000e-03 1.642400e-01
109 8.249120e-01 9.208000e-03 1.658800e-01
110 8.235280e-01 9.092000e-03 1.673800e-01
111 8.221600e-01 8.888000e-03 1.689520e-01
112 8.207680e-01 8.724000e-03 1.705080e-01
113 8.193200e-01 8.712000e-03 1.719680e-01
114 8.177480e-01 8.724000e-03 1.735280e-01
115 8.161480e-01 8.760000e-03 1.750920e-01
116 8.145360e-01 8.864000e-03 1.766000e-01
117 8.128520e-01 9.128000e-03 1.780200e-01
118 8.111360e-01 9.376000e-03 1.794880e-01
119 8.093720e-01 9.496000e-03 1.811320e-01
120 8.075680e-01 9.588000e-03 1.828440e-01
121 8.058800e-01 9.524000e-03 1.845960e-01
122 8.042560e-01 9.572000e-03 1.861720e-01
123 8.026680e-01 9.468000e-03 1.878640e-01
124 8.011080e-01 9.400000e-03 1.894920e-01
125 7.995080e-01 9.276000e-03 1.912160e-01
126 7.978480e-01 9.448000e-03 1.927040e-01
127 7.963600e-01 9.236000e-03 1.944040e-01
128 7.946560e-01 9.412000e-03 1.959320e-01
129 7.929320e-01 9.388000e-03 1.976800e-01
130 7.912160e-01 9.484000e-03 1.993000e-01
131 7.895840e-01 9.496000e-03 2.009200e-01
132 7.880360e-01 9.404000e-03 2.025600e-01
133 7.865480e-01 9.248000e-03 2.042040e-01
134 7.850160e-01 9.264000e-03 2.057200e-01
135 7.834960e-01 9.216000e-03 2.072880e-01
136 7.819880e-01 9.108000e-03 2.089040e-01
137 7.805080e-01 8.984000e-03 2.105080e-01
138 7.789880e-01 9.100000e-03 2.119120e-01
139 7.774800e-01 8.976000e-03 2.135440e-01
140 7.761080e-01 8.932000e-03 2.149600e-01
141 7.747280e-01 8.696000e-03 2.165760e-01
142 7.734360e-01 8.528000e-03 2.180360e-01
143 7.720280e-01 8.396000e-03 2.195760e-01
144 7.706200e-01 8.340000e-03 2.210400e-01
145 7.691760e-01 8.460000e-03 2.223640e-01
146 7.678520e-01 8.400000e-03 2.237480e-01
147 7.662280e-01 8.560000e-03 2.252120e-01
148 7.648160e-01 8.528000e-03 2.266560e-01
149 7.634360e-01 8.336000e-03 2.282280e-01
150 7.620520e-01 8.344000e-03 2.296040e-01
151 7.605480e-01 8.428000e-03 2.310240e-01
152 7.592080e-01 8.268000e-03 2.325240e-01
153 7.579080e-01 8.020000e-03 2.340720e-01
154 7.566080e-01 7.952000e-03 2.354400e-01
155 7.553600e-01 7.836000e-03 2.368040e-01
156 7.540640e-01 7.788000e-03 2.381480e-01
157 7.527280e-01 7.708000e-03 2.395640e-01
158 7.515280e-01 7.592000e-03 2.408800e-01
159 7.502400e-01 7.560000e-03 2.422000e-01
160 7.489880e-01 7.660000e-03 2.433520e-01
161 7.477000e-01 7.564000e-03 2.447360e-01
162 7.464800e-01 7.452000e-03 2.460680e-01
163 7.453440e-01 7.260000e-03 2.473960e-01
164 7.441560e-01 7.148000e-03 2.486960e-01
165 7.431240e-01 6.872000e-03 2.500040e-01
166 7.419440e-01 6.860000e-03 2.511960e-01
167 7.408640e-01 6.852000e-03 2.522840e-01
168 7.396840e-01 6.812000e-03 2.535040e-01
169 7.384360e-01 6.828000e-03 2.547360e-01
170 7.372880e-01 6.712000e-03 2.560000e-01
171 7.360960e-01 6.832000e-03 2.570720e-01
172 7.348840e-01 6.912000e-03 2.582040e-01
173 7.336480e-01 6.936000e-03 2.594160e-01
174 7.322360e-01 7.244000e-03 2.605200e-01
175 7.309600e-01 7.292000e-03 2.617480e-01
176 7.297280e-01 7.204000e-03 2.630680e-01
177 7.286200e-01 7.004000e-03 2.643760e-01
178 7.273720e-01 6.960000e-03 2.656680e-01
179 7.260800e-01 6.956000e-03 2.669640e-01
180 7.248440e-01 7.028000e-03 2.681280e-01
181 7.236840e-01 6.900000e-03 2.694160e-01
182 7.226160e-01 6.852000e-03 2.705320e-01
183 7.213800e-01 6.908000e-03 2.717120e-01
184 7.202040e-01 6.896000e-03 2.729000e-01
185 7.189880e-01 6.940000e-03 2.740720e-01
186 7.179720e-01 6.804000e-03 2.752240e-01
187 7.169320e-01 6.692000e-03 2.763760e-01
188 7.157800e-01 6.708000e-03 2.775120e-01
189 7.144960e-01 6.872000e-03 2.786320e-01
190 7.132160e-01 6.832000e-03 2.799520e-01
191 7.122040e-01 6.568000e-03 2.812280e-01
192 7.110680e-01 6.552000e-03 2.823800e-01
193 7.100920e-01 6.316000e-03 2.835920e-01
194 7.090760e-01 6.236000e-03 2.846880e-01
195 7.081360e-01 6.040000e-03 2.858240e-01
196 7.071400e-01 5.996000e-03 2.868640e-01
197 7.061080e-01 6.096000e-03 2.877960e-01
198 7.052200e-01 5.924000e-03 2.888560e-01
199 7.044360e-01 5.660000e-03 2.899040e-01
200 7.035600e-01 5.616000e-03 2.908240e-01
201 7.027280e-01 5.484000e-03 2.917880e-01
202 7.018000e-01 5.412000e-03 2.927880e-01
203 7.008760e-01 5.304000e-03 2.938200e-01
204 6.999960e-01 5.248000e-03 2.947560e-01
205 6.990960e-01 5.140000e-03 2.957640e-01
206 6.983160e-01 4.984000e-03 2.967000e-01
207 6.974240e-01 4.948000e-03 2.976280e-01
208 6.966640e-01 4.684000e-03 2.986520e-01
209 6.959040e-01 4.556000e-03 2.995400e-01
210 6.952160e-01 4.388000e-03 3.003960e-01
211 6.944560e-01 4.368000e-03 3.011760e-01
212 6.936960e-01 4.296000e-03 3.020080e-01
213 6.929800e-01 4.228000e-03 3.027920e-01
214 6.922000e-01 4.340000e-03 3.034600e-01
215 6.913840e-01 4.400000e-03 3.042160e-01
216 6.905240e-01 4.484000e-03 3.049920e-01
217 6.897240e-01 4.516000e-03 3.057600e-01
218 6.888160e-01 4.664000e-03 3.065200e-01
219 6.879480e-01 4.756000e-03 3.072960e-01
220 6.869560e-01 4.892000e-03 3.081520e-01
221 6.860520e-01 5.008000e-03 3.089400e-01
222 6.850480e-01 5.124000e-03 3.098280e-01
223 6.841240e-01 5.196000e-03 3.106800e-01
224 6.831040e-01 5.220000e-03 3.116760e-01
225 6.823240e-01 5.084000e-03 3.125920e-01
226 6.815200e-01 4.844000e-03 3.136360e-01
227 6.806280e-01 4.852000e-03 3.145200e-01
228 6.798520e-01 4.840000e-03 3.153080e-01
229 6.790960e-01 4.760000e-03 3.161440e-01
230 6.783000e-01 4.720000e-03 3.169800e-01
231 6.775960e-01 4.548000e-03 3.178560e-01
232 6.766840e-01 4.692000e-03 3.186240e-01
233 6.759040e-01 4.664000e-03 3.194320e-01
234 6.750160e-01 4.776000e-03 3.202080e-01
235 6.741320e-01 4.712000e-03 3.211560e-01
236 6.732240e-01 4.780000e-03 3.219960e-01
237 6.723240e-01 4.872000e-03 3.228040e-01
238 6.714680e-01 4.832000e-03 3.237000e-01
239 6.707000e-01 4.796000e-03 3.245040e-01
240 6.698320e-01 4.768000e-03 3.254000e-01
241 6.690320e-01 4.676000e-03 3.262920e-01
242 6.682280e-01 4.664000e-03 3.271080e-01
243 6.674680e-01 4.624000e-03 3.279080e-01
244 6.665960e-01 4.696000e-03 3.287080e-01
245 6.656280e-01 4.760000e-03 3.296120e-01
246 6.647520e-01 4.776000e-03 3.304720e-01
247 6.639000e-01 4.816000e-03 3.312840e-01
248 6.630480e-01 4.804000e-03 3.321480e-01
249 6.621800e-01 4.796000e-03 3.330240e-01
250 6.613080e-01 4.816000e-03 3.338760e-01
251 6.604880e-01 4.724000e-03 3.347880e-01
252 6.596280e-01 4.716000e-03 3.356560e-01
253 6.587080e-01 4.820000e-03 3.364720e-01
254 6.579000e-01 4.848000e-03 3.372520e-01
255 6.571840e-01 4.744000e-03 3.380720e-01
256 6.563560e-01 4.740000e-03 3.389040e-01
257 6.555600e-01 4.668000e-03 3.397720e-01
258 6.547280e-01 4.580000e-03 3.406920e-01
259 6.539320e-01 4.664000e-03 3.414040e-01
260 6.531840e-01 4.716000e-03 3.421000e-01
261 6.523320e-01 4.708000e-03 3.429600e-01
262 6.515560e-01 4.708000e-03 3.437360e-01
263 6.508520e-01 4.492000e-03 3.446560e-01
264 6.501360e-01 4.432000e-03 3.454320e-01
265 6.493680e-01 4.428000e-03 3.462040e-01
266 6.487080e-01 4.304000e-03 3.469880e-01
267 6.480120e-01 4.164000e-03 3.478240e-01
268 6.473120e-01 4.024000e-03 3.486640e-01
269 6.465760e-01 4.100000e-03 3.493240e-01
270 6.457480e-01 4.168000e-03 3.500840e-01
271 6.451240e-01 4.088000e-03 3.507880e-01
272 6.444440e-01 4.088000e-03 3.514680e-01
273 6.438160e-01 4.056000e-03 3.521280e-01
274 6.431720e-01 3.952000e-03 3.528760e-01
275 6.425280e-01 4.012000e-03 3.534600e-01
276 6.419120e-01 3.856000e-03 3.542320e-01
277 6.412760e-01 3.792000e-03 3.549320e-01
278 6.406800e-01 3.704000e-03 3.556160e-01
279 6.400880e-01 3.704000e-03 3.562080e-01
280 6.395440e-01 3.596000e-03 3.568600e-01
281 6.389240e-01 3.600000e-03 3.574760e-01
282 6.383000e-01 3.652000e-03 3.580480e-01
283 6.377800e-01 3.536000e-03 3.586840e-01
284 6.371480e-01 3.568000e-03 3.592840e-01
285 6.366000e-01 3.532000e-03 3.598680e-01
286 6.359880e-01 3.452000e-03 3.605600e-01
287 6.353920e-01 3.472000e-03 3.611360e-01
288 6.348880e-01 3.348000e-03 3.617640e-01
289 6.343320e-01 3.340000e-03 3.623280e-01
290 6.337080e-01 3.420000e-03 3.628720e-01
291 6.330680e-01 3.408000e-03 3.635240e-01
292 6.324800e-01 3.400000e-03 3.641200e-01
293 6.318320e-01 3.504000e-03 3.646640e-01
294 6.312160e-01 3.468000e-03 3.653160e-01
295 6.307080e-01 3.428000e-03 3.658640e-01
296 6.301280e-01 3.384000e-03 3.664880e-01
297 6.295680e-01 3.436000e-03 3.669960e-01
298 6.288680e-01 3.444000e-03 3.676880e-01
299 6.282840e-01 3.436000e-03 3.682800e-01
300 6.276480e-01 3.464000e-03 3.688880e-01
301 6.269920e-01 3.592000e-03 3.694160e-01
302 6.263280e-01 3.572000e-03 3.701000e-01
303 6.256960e-01 3.528000e-03 3.707760e-01
304 6.251760e-01 3.452000e-03 3.713720e-01
305 6.245520e-01 3.504000e-03 3.719440e-01
306 6.239560e-01 3.436000e-03 3.726080e-01
307 6.233920e-01 3.380000e-03 3.732280e-01
308 6.228960e-01 3.316000e-03 3.737880e-01
309 6.223920e-01 3.260000e-03 3.743480e-01
310 6.219640e-01 3.088000e-03 3.749480e-01
311 6.215680e-01 2.892000e-03 3.755400e-01
312 6.210920e-01 2.880000e-03 3.760280e-01
313 6.206760e-01 2.764000e-03 3.765600e-01
314 6.203440e-01 2.700000e-03 3.769560e-01
315 6.198360e-01 2.716000e-03 3.774480e-01
316 6.194400e-01 2.624000e-03 3.779360e-01
317 6.189800e-01 2.632000e-03 3.783880e-01
318 6.185880e-01 2.588000e-03 3.788240e-01
319 6.181160e-01 2.604000e-03 3.792800e-01
320 6.176880e-01 2.576000e-03 3.797360e-01
321 6.171720e-01 2.664000e-03 3.801640e-01
322 6.167160e-01 2.656000e-03 3.806280e-01
323 6.163440e-01 2.620000e-03 3.810360e-01
324 6.158480e-01 2.688000e-03 3.814640e-01
325 6.154320e-01 2.648000e-03 3.819200e-01
326 6.150360e-01 2.620000e-03 3.823440e-01
327 6.146000e-01 2.664000e-03 3.827360e-01
328 6.142000e-01 2.664000e-03 3.831360e-01
329 6.137920e-01 2.620000e-03 3.835880e-01
330 6.134480e-01 2.512000e-03 3.840400e-01
331 6.129960e-01 2.508000e-03 3.844960e-01
332 6.126080e-01 2.412000e-03 3.849800e-01
333 6.122600e-01 2.328000e-03 3.854120e-01
334 6.119640e-01 2.232000e-03 3.858040e-01
335 6.116680e-01 2.168000e-03 3.861640e-01
336 6.113640e-01 2.128000e-03 3.865080e-01
337 6.110320e-01 2.092000e-03 3.868760e-01
338 6.106920e-01 2.116000e-03 3.871920e-01
339 6.103080e-01 2.092000e-03 3.876000e-01
340 6.099120e-01 2.096000e-03 3.879920e-01
341 6.095800e-01 2.060000e-03 3.883600e-01
342 6.093080e-01 1.972000e-03 3.887200e-01
343 6.090360e-01 1.892000e-03 3.890720e-01
344 6.086840e-01 1.964000e-03 3.893520e-01
345 6.083240e-01 1.968000e-03 3.897080e-01
346 6.080080e-01 1.860000e-03 3.901320e-01
347 6.076920e-01 1.872000e-03 3.904360e-01
348 6.074360e-01 1.776000e-03 3.907880e-01
349 6.071160e-01 1.768000e-03 3.911160e-01
350 6.067840e-01 1.800000e-03 3.914160e-01
351 6.064720e-01 1.816000e-03 3.917120e-01
352 6.061240e-01 1.848000e-03 3.920280e-01
353 6.058200e-01 1.840000e-03 3.923400e-01
354 6.055160e-01 1.812000e-03 3.926720e-01
355 6.052360e-01 1.840000e-03 3.929240e-01
356 6.049400e-01 1.784000e-03 3.932760e-01
357 6.046440e-01 1.772000e-03 3.935840e-01
358 6.043720e-01 1.740000e-03 3.938880e-01
359 6.040200e-01 1.760000e-03 3.942200e-01
360 6.036360e-01 1.784000e-03 3.945800e-01
361 6.033640e-01 1.712000e-03 3.949240e-01
362 6.030480e-01 1.700000e-03 3.952520e-01
363 6.028040e-01 1.672000e-03 3.955240e-01
364 6.025440e-01 1.640000e-03 3.958160e-01
365 6.022920e-01 1.600000e-03 3.961080e-01
366 6.019640e-01 1.576000e-03 3.964600e-01
367 6.016960e-01 1.616000e-03 3.966880e-01
368 6.013760e-01 1.584000e-03 3.970400e-01
369 6.010920e-01 1.580000e-03 3.973280e-01
370 6.007520e-01 1.628000e-03 3.976200e-01
371 6.005080e-01 1.496000e-03 3.979960e-01
372 6.002360e-01 1.516000e-03 3.982480e-01
373 5.999120e-01 1.640000e-03 3.984480e-01
374 5.996000e-01 1.628000e-03 3.987720e-01
375 5.993360e-01 1.620000e-03 3.990440e-01
376 5.989960e-01 1.680000e-03 3.993240e-01
377 5.987480e-01 1.636000e-03 3.996160e-01
378 5.984480e-01 1.680000e-03 3.998720e-01
379 5.981120e-01 1.728000e-03 4.001600e-01
380 5.978360e-01 1.732000e-03 4.004320e-01
381 5.975840e-01 1.716000e-03 4.007000e-01
382 5.973120e-01 1.720000e-03 4.009680e-01
383 5.970240e-01 1.724000e-03 4.012520e-01
384 5.967840e-01 1.672000e-03 4.015440e-01
385 5.964920e-01 1.712000e-03 4.017960e-01
386 5.962200e-01 1.744000e-03 4.020360e-01
387 5.959200e-01 1.768000e-03 4.023120e-01
388 5.956160e-01 1.768000e-03 4.026160e-01
389 5.953160e-01 1.744000e-03 4.029400e-01
390 5.950320e-01 1.740000e-03 4.032280e-01
391 5.947720e-01 1.688000e-03 4.035400e-01
392 5.944360e-01 1.704000e-03 4.038600e-01
393 5.940920e-01 1.696000e-03 4.042120e-01
394 5.937760e-01 1.772000e-03 4.044520e-01
395 5.934560e-01 1.816000e-03 4.047280e-01
396 5.931720e-01 1.740000e-03 4.050880e-01
397 5.928880e-01 1.732000e-03 4.053800e-01
398 5.925560e-01 1.784000e-03 4.056600e-01
399 5.923080e-01 1.716000e-03 4.059760e-01
400 5.920440e-01 1.728000e-03 4.062280e-01
401 5.917640e-01 1.776000e-03 4.064600e-01
402 5.914200e-01 1.748000e-03 4.068320e-01
403 5.911360e-01 1.732000e-03 4.071320e-01
404 5.908720e-01 1.736000e-03 4.073920e-01
405 5.905440e-01 1.748000e-03 4.077080e-01
406 5.901760e-01 1.780000e-03 4.080440e-01
407 5.898280e-01 1.804000e-03 4.083680e-01
408 5.894400e-01 1.880000e-03 4.086800e-01
409 5.891800e-01 1.780000e-03 4.090400e-01
410 5.888560e-01 1.832000e-03 4.093120e-01
411 5.885760e-01 1.800000e-03 4.096240e-01
412 5.882920e-01 1.788000e-03 4.099200e-01
413 5.880320e-01 1.736000e-03 4.102320e-01
414 5.877600e-01 1.688000e-03 4.105520e-01
415 5.875040e-01 1.612000e-03 4.108840e-01
416 5.872720e-01 1.540000e-03 4.111880e-01
417 5.870720e-01 1.484000e-03 4.114440e-01
418 5.867840e-01 1.528000e-03 4.116880e-01
419 5.865360e-01 1.516000e-03 4.119480e-01
420 5.862800e-01 1.508000e-03 4.122120e-01
421 5.859480e-01 1.536000e-03 4.125160e-01
422 5.857240e-01 1.552000e-03 4.127240e-01
423 5.854680e-01 1.564000e-03 4.129680e-01
424 5.852200e-01 1.532000e-03 4.132480e-01
425 5.849640e-01 1.548000e-03 4.134880e-01
426 5.847880e-01 1.464000e-03 4.137480e-01
427 5.845840e-01 1.448000e-03 4.139680e-01
428 5.843840e-01 1.364000e-03 4.142520e-01
429 5.841920e-01 1.320000e-03 4.144880e-01
430 5.839800e-01 1.304000e-03 4.147160e-01
431 5.837480e-01 1.276000e-03 4.149760e-01
432 5.835480e-01 1.260000e-03 4.151920e-01
433 5.832960e-01 1.304000e-03 4.154000e-01
434 5.830880e-01 1.252000e-03 4.156600e-01
435 5.828520e-01 1.260000e-03 4.158880e-01
436 5.826320e-01 1.264000e-03 4.161040e-01
437 5.824440e-01 1.224000e-03 4.163320e-01
438 5.822440e-01 1.192000e-03 4.165640e-01
439 5.820880e-01 1.180000e-03 4.167320e-01
440 5.818840e-01 1.140000e-03 4.169760e-01
441 5.817360e-01 1.068000e-03 4.171960e-01
442 5.814880e-01 1.120000e-03 4.173920e-01
443 5.812400e-01 1.160000e-03 4.176000e-01
444 5.810280e-01 1.100000e-03 4.178720e-01
445 5.808280e-01 1.120000e-03 4.180520e-01
446 5.805680e-01 1.144000e-03 4.182880e-01
447 5.803480e-01 1.140000e-03 4.185120e-01
448 5.801640e-01 1.132000e-03 4.187040e-01
449 5.799400e-01 1.192000e-03 4.188680e-01
450 5.797560e-01 1.192000e-03 4.190520e-01
451 5.795920e-01 1.100000e-03 4.193080e-01
452 5.793720e-01 1.132000e-03 4.194960e-01
453 5.792240e-01 1.056000e-03 4.197200e-01
454 5.790400e-01 1.068000e-03 4.198920e-01
455 5.788680e-01 1.068000e-03 4.200640e-01
456 5.786600e-01 1.128000e-03 4.202120e-01
457 5.784600e-01 1.080000e-03 4.204600e-01
458 5.783000e-01 1.016000e-03 4.206840e-01
459 5.781400e-01 9.840000e-04 4.208760e-01
460 5.779760e-01 9.840000e-04 4.210400e-01
461 5.778240e-01 9.320000e-04 4.212440e-01
462 5.777040e-01 8.960000e-04 4.214000e-01
463 5.775520e-01 9.000000e-04 4.215480e-01
464 5.773600e-01 9.360000e-04 4.217040e-01
465 5.771840e-01 9.720000e-04 4.218440e-01
466 5.770360e-01 9.560000e-04 4.220080e-01
467 5.769280e-01 9.040000e-04 4.221680e-01
468 5.767880e-01 8.840000e-04 4.223280e-01
469 5.766440e-01 8.560000e-04 4.225000e-01
470 5.764840e-01 8.680000e-04 4.226480e-01
471 5.763760e-01 8.000000e-04 4.228240e-01
472 5.762880e-01 7.400000e-04 4.229720e-01
473 5.761960e-01 6.840000e-04 4.231200e-01
474 5.760760e-01 6.880000e-04 4.232360e-01
475 5.759520e-01 6.680000e-04 4.233800e-01
476 5.758240e-01 7.160000e-04 4.234600e-01
477 5.757280e-01 6.720000e-04 4.236000e-01
478 5.755880e-01 7.160000e-04 4.236960e-01
479 5.754360e-01 7.360000e-04 4.238280e-01
480 5.753200e-01 7.520000e-04 4.239280e-01
481 5.751920e-01 7.600000e-04 4.240480e-01
482 5.751000e-01 7.400000e-04 4.241600e-01
483 5.749760e-01 6.880000e-04 4.243360e-01
484 5.748120e-01 7.320000e-04 4.244560e-01
485 5.746400e-01 7.960000e-04 4.245640e-01
486 5.744800e-01 8.400000e-04 4.246800e-01
487 5.743480e-01 7.880000e-04 4.248640e-01
488 5.742080e-01 7.720000e-04 4.250200e-01
489 5.741200e-01 7.280000e-04 4.251520e-01
490 5.740680e-01 6.360000e-04 4.252960e-01
491 5.739640e-01 6.360000e-04 4.254000e-01
492 5.738720e-01 6.000000e-04 4.255280e-01
493 5.737880e-01 5.760000e-04 4.256360e-01
494 5.737080e-01 5.400000e-04 4.257520e-01
495 5.736240e-01 5.560000e-04 4.258200e-01
496 5.735320e-01 5.560000e-04 4.259120e-01
497 5.734320e-01 5.880000e-04 4.259800e-01
498 5.733600e-01 5.840000e-04 4.260560e-01
499 5.732360e-01 6.200000e-04 4.261440e-01
500 5.731480e-01 6.040000e-04 4.262480e-01
