1 9.992200e-01 7.240000e-04 5.600000e-05
2 9.985960e-01 1.184000e-03 2.200000e-04
3 9.978040e-01 1.800000e-03 3.960000e-04
4 9.970400e-01 2.236000e-03 7.240000e-04
5 9.960520e-01 2.780000e-03 1.168000e-03
6 9.949480e-01 3.420000e-03 1.632000e-03
7 9.937720e-01 3.936000e-03 2.292000e-03
8 9.927520e-01 4.268000e-03 2.980000e-03
9 9.915760e-01 4.572000e-03 3.852000e-03
10 9.902840e-01 5.048000e-03 4.668000e-03
11 9.889680e-01 5.416000e-03 5.616000e-03
12 9.876880e-01 5.704000e-03 6.608000e-03
13 9.862960e-01 6.112000e-03 7.592000e-03
14 9.848720e-01 6.496000e-03 8.632000e-03
15 9.834560e-01 6.708000e-03 9.836000e-03
16 9.819480e-01 7.008000e-03 1.104400e-02
17 9.804720e-01 7.144000e-03 1.238400e-02
18 9.790240e-01 7.356000e-03 1.362000e-02
19 9.775200e-01 7.532000e-03 1.494800e-02
20 9.761200e-01 7.568000e-03 1.631200e-02
21 9.748720e-01 7.492000e-03 1.763600e-02
22 9.733240e-01 7.740000e-03 1.893600e-02
23 9.716920e-01 7.988000e-03 2.032000e-02
24 9.699520e-01 8.272000e-03 2.177600e-02
25 9.682440e-01 8.524000e-03 2.323200e-02
26 9.664680e-01 8.760000e-03 2.477200e-02
27 9.647880e-01 8.884000e-03 2.632800e-02
28 9.630480e-01 9.036000e-03 2.791600e-02
29 9.613040e-01 9.368000e-03 2.932800e-02
30 9.594280e-01 9.740000e-03 3.083200e-02
31 9.576040e-01 9.744000e-03 3.265200e-02
32 9.557280e-01 9.816000e-03 3.445600e-02
33 9.539560e-01 9.708000e-03 3.633600e-02
34 9.519920e-01 9.820000e-03 3.818800e-02
35 9.501600e-01 1.013600e-02 3.970400e-02
36 9.484040e-01 1.014800e-02 4.144800e-02
37 9.463880e-01 1.031200e-02 4.330000e-02
38 9.445000e-01 1.040000e-02 4.510000e-02
39 9.425360e-01 1.054800e-02 4.691600e-02
40 9.405920e-01 1.064400e-02 4.876400e-02
41 9.385720e-01 1.071200e-02 5.071600e-02
42 9.366360e-01 1.074800e-02 5.261600e-02
43 9.347560e-01 1.071600e-02 5.452800e-02
44 9.329280e-01 1.077600e-02 5.629600e-02
45 9.310080e-01 1.091200e-02 5.808000e-02
46 9.291040e-01 1.102800e-02 5.986800e-02
47 9.271960e-01 1.100400e-02 6.180000e-02
48 9.252640e-01 1.092400e-02 6.381200e-02
49 9.233240e-01 1.110400e-02 6.557200e-02
50 9.213040e-01 1.130000e-02 6.739600e-02
51 9.193600e-01 1.129200e-02 6.934800e-02
52 9.175320e-01 1.118800e-02 7.128000e-02
53 9.155600e-01 1.122400e-02 7.321600e-02
54 9.134720e-01 1.131200e-02 7.521600e-02
55 9.113800e-01 1.153600e-02 7.708400e-02
56 9.093560e-01 1.164800e-02 7.899600e-02
57 9.072720e-01 1.175600e-02 8.097200e-02
58 9.050560e-01 1.186400e-02 8.308000e-02
59 9.029040e-01 1.198000e-02 8.511600e-02
60 9.008360e-01 1.207200e-02 8.709200e-02
61 8.986040e-01 1.210400e-02 8.929200e-02
62 8.963680e-01 1.237200e-02 9.126000e-02
63 8.940240e-01 1.259600e-02 9.338000e-02
64 8.917640e-01 1.268800e-02 9.554800e-02
65 8.894280e-01 1.267200e-02 9.790000e-02
66 8.870440e-01 1.283200e-02 1.001240e-01
67 8.849000e-01 1.275200e-02 1.023480e-01
68 8.826320e-01 1.274000e-02 1.046280e-01
69 8.804800e-01 1.271600e-02 1.068040e-01
70 8.781520e-01 1.282000e-02 1.090280e-01
71 8.758000e-01 1.298000e-02 1.112200e-01
72 8.737040e-01 1.265200e-02 1.136440e-01
73 8.714080e-01 1.277600e-02 1.158160e-01
74 8.692280e-01 1.279600e-02 1.179760e-01
75 8.671640e-01 1.254800e-02 1.202880e-01
76 8.651200e-01 1.243600e-02 1.224440e-01
77 8.631280e-01 1.210400e-02 1.247680e-01
78 8.611480e-01 1.185200e-02 1.270000e-01
79 8.592240e-01 1.169600e-02 1.290800e-01
80 8.572320e-01 1.159200e-02 1.311760e-01
81 8.553320e-01 1.129600e-02 1.333720e-01
82 8.533440e-01 1.125600e-02 1.354000e-01
83 8.514040e-01 1.128800e-02 1.373080e-01
84 8.494920e-01 1.122800e-02 1.392800e-01
85 8.476280e-01 1.116400e-02 1.412080e-01
86 8.456960e-01 1.126400e-02 1.430400e-01
87 8.436480e-01 1.134800e-02 1.450040e-01
88 8.416840e-01 1.152800e-02 1.467880e-01
89 8.397360e-01 1.152800e-02 1.487360e-01
90 8.378600e-01 1.142400e-02 1.507160e-01
91 8.361280e-01 1.110000e-02 1.527720e-01
92 8.344400e-01 1.097200e-02 1.545880e-01
93 8.325840e-01 1.082400e-02 1.565920e-01
94 8.307400e-01 1.084000e-02 1.584200e-01
95 8.288440e-01 1.086800e-02 1.602880e-01
96 8.269520e-01 1.089600e-02 1.621520e-01
97 8.250000e-01 1.110000e-02 1.639000e-01
98 8.231320e-01 1.097200e-02 1.658960e-01
99 8.214640e-01 1.064400e-02 1.678920e-01
100 8.196680e-01 1.060400e-02 1.697280e-01
101 8.180080e-01 1.044000e-02 1.715520e-01
102 8.164720e-01 1.024000e-02 1.732880e-01
103 8.147000e-01 1.020800e-02 1.750920e-01
104 8.129240e-01 1.010400e-02 1.769720e-01
105 8.110200e-01 1.028000e-02 1.787000e-01
106 8.091320e-01 1.034800e-02 1.805200e-01
107 8.073640e-01 1.023200e-02 1.824040e-01
108 8.053880e-01 1.036000e-02 1.842520e-01
109 8.034640e-01 1.048400e-02 1.860520e-01
110 8.015080e-01 1.048000e-02 1.880120e-01
111 7.994880e-01 1.064800e-02 1.898640e-01
112 7.975880e-01 1.060800e-02 1.918040e-01
113 7.954560e-01 1.088400e-02 1.936600e-01
114 7.935520e-01 1.078000e-02 1.956680e-01
115 7.915240e-01 1.101600e-02 1.974600e-01
116 7.894560e-01 1.132800e-02 1.992160e-01
117 7.875640e-01 1.119200e-02 2.012440e-01
118 7.855720e-01 1.119600e-02 2.032320e-01
119 7.836680e-01 1.120800e-02 2.051240e-01
120 7.818840e-01 1.120000e-02 2.069160e-01
121 7.801360e-01 1.114400e-02 2.087200e-01
122 7.781720e-01 1.116000e-02 2.106680e-01
123 7.762240e-01 1.114000e-02 2.126360e-01
124 7.743520e-01 1.093600e-02 2.147120e-01
125 7.725760e-01 1.064800e-02 2.167760e-01
126 7.708800e-01 1.045600e-02 2.186640e-01
127 7.691320e-01 1.028400e-02 2.205840e-01
128 7.674000e-01 1.042000e-02 2.221800e-01
129 7.657720e-01 1.027200e-02 2.239560e-01
130 7.641040e-01 1.020800e-02 2.256880e-01
131 7.624760e-01 1.014400e-02 2.273800e-01
132 7.606120e-01 1.032400e-02 2.290640e-01
133 7.585960e-01 1.050400e-02 2.309000e-01
134 7.565840e-01 1.077200e-02 2.326440e-01
135 7.548200e-01 1.074400e-02 2.344360e-01
136 7.530560e-01 1.070800e-02 2.362360e-01
137 7.513320e-01 1.064400e-02 2.380240e-01
138 7.496200e-01 1.054400e-02 2.398360e-01
139 7.479440e-01 1.044800e-02 2.416080e-01
140 7.462080e-01 1.048800e-02 2.433040e-01
141 7.444040e-01 1.056800e-02 2.450280e-01
142 7.424800e-01 1.061200e-02 2.469080e-01
143 7.407640e-01 1.048000e-02 2.487560e-01
144 7.390600e-01 1.036400e-02 2.505760e-01
145 7.373480e-01 1.044000e-02 2.522120e-01
146 7.355760e-01 1.038000e-02 2.540440e-01
147 7.337720e-01 1.030000e-02 2.559280e-01
148 7.320000e-01 1.028400e-02 2.577160e-01
149 7.302960e-01 1.019600e-02 2.595080e-01
150 7.285040e-01 1.013600e-02 2.613600e-01
151 7.268600e-01 9.896000e-03 2.632440e-01
152 7.251760e-01 1.006400e-02 2.647600e-01
153 7.234240e-01 1.002800e-02 2.665480e-01
154 7.215520e-01 1.017200e-02 2.682760e-01
155 7.197840e-01 1.025600e-02 2.699600e-01
156 7.182040e-01 1.002800e-02 2.717680e-01
157 7.165920e-01 9.892000e-03 2.735160e-01
158 7.150360e-01 9.708000e-03 2.752560e-01
159 7.134160e-01 9.556000e-03 2.770280e-01
160 7.116000e-01 9.628000e-03 2.787720e-01
161 7.099040e-01 9.676000e-03 2.804200e-01
162 7.081280e-01 9.744000e-03 2.821280e-01
163 7.066480e-01 9.408000e-03 2.839440e-01
164 7.050080e-01 9.372000e-03 2.856200e-01
165 7.030960e-01 9.708000e-03 2.871960e-01
166 7.013520e-01 9.828000e-03 2.888200e-01
167 6.996080e-01 9.896000e-03 2.904960e-01
168 6.978960e-01 9.808000e-03 2.922960e-01
169 6.962520e-01 9.664000e-03 2.940840e-01
170 6.946560e-01 9.660000e-03 2.956840e-01
171 6.931000e-01 9.524000e-03 2.973760e-01
172 6.915400e-01 9.456000e-03 2.990040e-01
173 6.901040e-01 9.256000e-03 3.006400e-01
174 6.886320e-01 9.232000e-03 3.021360e-01
175 6.870800e-01 9.204000e-03 3.037160e-01
176 6.856320e-01 9.092000e-03 3.052760e-01
177 6.841720e-01 8.832000e-03 3.069960e-01
178 6.828520e-01 8.688000e-03 3.084600e-01
179 6.812960e-01 8.696000e-03 3.100080e-01
180 6.798600e-01 8.524000e-03 3.116160e-01
181 6.782280e-01 8.696000e-03 3.130760e-01
182 6.768440e-01 8.572000e-03 3.145840e-01
183 6.753160e-01 8.584000e-03 3.161000e-01
184 6.738640e-01 8.512000e-03 3.176240e-01
185 6.725360e-01 8.348000e-03 3.191160e-01
186 6.711760e-01 8.268000e-03 3.205560e-01
187 6.698840e-01 7.964000e-03 3.221520e-01
188 6.685240e-01 8.016000e-03 3.234600e-01
189 6.672640e-01 7.956000e-03 3.247800e-01
190 6.658880e-01 7.868000e-03 3.262440e-01
191 6.646400e-01 7.864000e-03 3.274960e-01
192 6.634680e-01 7.636000e-03 3.288960e-01
193 6.622000e-01 7.504000e-03 3.302960e-01
194 6.609240e-01 7.508000e-03 3.315680e-01
195 6.595720e-01 7.468000e-03 3.329600e-01
196 6.582680e-01 7.464000e-03 3.342680e-01
197 6.568920e-01 7.604000e-03 3.355040e-01
198 6.556280e-01 7.604000e-03 3.367680e-01
199 6.542720e-01 7.488000e-03 3.382400e-01
200 6.529360e-01 7.572000e-03 3.394920e-01
201 6.515040e-01 7.640000e-03 3.408560e-01
202 6.502080e-01 7.464000e-03 3.423280e-01
203 6.489400e-01 7.364000e-03 3.436960e-01
204 6.476720e-01 7.348000e-03 3.449800e-01
205 6.464160e-01 7.316000e-03 3.462680e-01
206 6.450920e-01 7.360000e-03 3.475480e-01
207 6.438800e-01 7.316000e-03 3.488040e-01
208 6.427360e-01 7.152000e-03 3.501120e-01
209 6.414440e-01 7.196000e-03 3.513600e-01
210 6.403600e-01 6.920000e-03 3.527200e-01
211 6.391920e-01 6.940000e-03 3.538680e-01
212 6.378600e-01 7.048000e-03 3.550920e-01
213 6.365840e-01 7.128000e-03 3.562880e-01
214 6.353280e-01 7.104000e-03 3.575680e-01
215 6.341120e-01 7.096000e-03 3.587920e-01
216 6.328760e-01 7.228000e-03 3.598960e-01
217 6.316320e-01 7.196000e-03 3.611720e-01
218 6.304400e-01 7.160000e-03 3.624000e-01
219 6.292200e-01 7.068000e-03 3.637120e-01
220 6.280960e-01 6.956000e-03 3.649480e-01
221 6.269680e-01 6.848000e-03 3.661840e-01
222 6.260200e-01 6.672000e-03 3.673080e-01
223 6.250320e-01 6.332000e-03 3.686360e-01
224 6.241040e-01 6.288000e-03 3.696080e-01
225 6.231720e-01 6.068000e-03 3.707600e-01
226 6.221840e-01 6.072000e-03 3.717440e-01
227 6.212560e-01 5.896000e-03 3.728480e-01
228 6.203280e-01 5.724000e-03 3.739480e-01
229 6.193920e-01 5.648000e-03 3.749600e-01
230 6.184520e-01 5.724000e-03 3.758240e-01
231 6.175240e-01 5.764000e-03 3.767120e-01
232 6.166720e-01 5.564000e-03 3.777640e-01
233 6.158080e-01 5.516000e-03 3.786760e-01
234 6.150280e-01 5.368000e-03 3.796040e-01
235 6.141560e-01 5.296000e-03 3.805480e-01
236 6.132440e-01 5.376000e-03 3.813800e-01
237 6.122400e-01 5.432000e-03 3.823280e-01
238 6.112640e-01 5.504000e-03 3.832320e-01
239 6.102440e-01 5.564000e-03 3.841920e-01
240 6.094240e-01 5.408000e-03 3.851680e-01
241 6.085760e-01 5.328000e-03 3.860960e-01
242 6.076360e-01 5.280000e-03 3.870840e-01
243 6.069000e-01 5.144000e-03 3.879560e-01
244 6.060960e-01 5.124000e-03 3.887800e-01
245 6.054360e-01 4.888000e-03 3.896760e-01
246 6.048600e-01 4.576000e-03 3.905640e-01
247 6.041360e-01 4.568000e-03 3.912960e-01
248 6.033840e-01 4.496000e-03 3.921200e-01
249 6.025680e-01 4.556000e-03 3.928760e-01
250 6.017880e-01 4.516000e-03 3.936960e-01
251 6.010440e-01 4.432000e-03 3.945240e-01
252 6.002760e-01 4.348000e-03 3.953760e-01
253 5.995800e-01 4.272000e-03 3.961480e-01
254 5.990200e-01 4.084000e-03 3.968960e-01
255 5.983960e-01 4.076000e-03 3.975280e-01
256 5.977440e-01 4.028000e-03 3.982280e-01
257 5.970280e-01 4.064000e-03 3.989080e-01
258 5.963840e-01 3.916000e-03 3.997000e-01
259 5.957160e-01 3.824000e-03 4.004600e-01
260 5.951200e-01 3.696000e-03 4.011840e-01
261 5.945680e-01 3.608000e-03 4.018240e-01
262 5.940560e-01 3.488000e-03 4.024560e-01
263 5.933640e-01 3.604000e-03 4.030320e-01
264 5.928200e-01 3.600000e-03 4.035800e-01
265 5.922920e-01 3.484000e-03 4.042240e-01
266 5.917400e-01 3.392000e-03 4.048680e-01
267 5.911280e-01 3.432000e-03 4.054400e-01
268 5.906360e-01 3.408000e-03 4.059560e-01
269 5.900560e-01 3.424000e-03 4.065200e-01
270 5.893880e-01 3.412000e-03 4.072000e-01
271 5.887840e-01 3.428000e-03 4.077880e-01
272 5.881520e-01 3.492000e-03 4.083560e-01
273 5.875600e-01 3.496000e-03 4.089440e-01
274 5.870520e-01 3.404000e-03 4.095440e-01
275 5.866560e-01 3.176000e-03 4.101680e-01
276 5.862400e-01 3.028000e-03 4.107320e-01
277 5.857280e-01 3.016000e-03 4.112560e-01
278 5.852400e-01 3.080000e-03 4.116800e-01
279 5.847160e-01 3.092000e-03 4.121920e-01
280 5.842720e-01 2.996000e-03 4.127320e-01
281 5.836520e-01 3.020000e-03 4.133280e-01
282 5.831400e-01 3.048000e-03 4.138120e-01
283 5.827080e-01 2.936000e-03 4.143560e-01
284 5.822600e-01 2.888000e-03 4.148520e-01
285 5.818640e-01 2.800000e-03 4.153360e-01
286 5.814000e-01 2.752000e-03 4.158480e-01
287 5.809920e-01 2.676000e-03 4.163320e-01
288 5.805880e-01 2.628000e-03 4.167840e-01
289 5.801120e-01 2.672000e-03 4.172160e-01
290 5.795720e-01 2.672000e-03 4.177560e-01
291 5.791240e-01 2.624000e-03 4.182520e-01
292 5.785680e-01 2.648000e-03 4.187840e-01
293 5.781080e-01 2.660000e-03 4.192320e-01
294 5.776840e-01 2.628000e-03 4.196880e-01
295 5.772000e-01 2.696000e-03 4.201040e-01
296 5.766920e-01 2.732000e-03 4.205760e-01
297 5.761240e-01 2.844000e-03 4.210320e-01
298 5.755440e-01 2.928000e-03 4.215280e-01
299 5.749880e-01 2.984000e-03 4.220280e-01
300 5.744720e-01 2.948000e-03 4.225800e-01
301 5.740160e-01 2.868000e-03 4.231160e-01
302 5.735760e-01 2.808000e-03 4.236160e-01
303 5.731640e-01 2.760000e-03 4.240760e-01
304 5.727240e-01 2.684000e-03 4.245920e-01
305 5.722480e-01 2.696000e-03 4.250560e-01
306 5.719120e-01 2.572000e-03 4.255160e-01
307 5.714960e-01 2.480000e-03 4.260240e-01
308 5.711680e-01 2.352000e-03 4.264800e-01
309 5.708360e-01 2.256000e-03 4.269080e-01
310 5.705080e-01 2.208000e-03 4.272840e-01
311 5.702080e-01 2.052000e-03 4.277400e-01
312 5.699080e-01 1.932000e-03 4.281600e-01
313 5.696280e-01 1.848000e-03 4.285240e-01
314 5.693720e-01 1.780000e-03 4.288480e-01
315 5.691240e-01 1.700000e-03 4.291760e-01
316 5.688720e-01 1.688000e-03 4.294400e-01
317 5.686040e-01 1.680000e-03 4.297160e-01
318 5.683440e-01 1.644000e-03 4.300120e-01
319 5.680480e-01 1.692000e-03 4.302600e-01
320 5.677560e-01 1.676000e-03 4.305680e-01
321 5.674920e-01 1.628000e-03 4.308800e-01
322 5.672040e-01 1.584000e-03 4.312120e-01
323 5.669680e-01 1.568000e-03 4.314640e-01
324 5.667280e-01 1.500000e-03 4.317720e-01
325 5.664440e-01 1.564000e-03 4.319920e-01
326 5.661400e-01 1.604000e-03 4.322560e-01
327 5.658720e-01 1.576000e-03 4.325520e-01
328 5.656080e-01 1.552000e-03 4.328400e-01
329 5.652960e-01 1.588000e-03 4.331160e-01
330 5.650680e-01 1.564000e-03 4.333680e-01
331 5.647680e-01 1.576000e-03 4.336560e-01
332 5.644320e-01 1.616000e-03 4.339520e-01
333 5.641040e-01 1.624000e-03 4.342720e-01
334 5.637520e-01 1.668000e-03 4.345800e-01
335 5.634120e-01 1.696000e-03 4.348920e-01
336 5.631120e-01 1.760000e-03 4.351280e-01
337 5.628040e-01 1.788000e-03 4.354080e-01
338 5.624400e-01 1.812000e-03 4.357480e-01
339 5.620520e-01 1.860000e-03 4.360880e-01
340 5.616800e-01 1.868000e-03 4.364520e-01
341 5.614240e-01 1.788000e-03 4.367880e-01
342 5.610360e-01 1.836000e-03 4.371280e-01
343 5.607400e-01 1.856000e-03 4.374040e-01
344 5.604520e-01 1.796000e-03 4.377520e-01
345 5.601840e-01 1.740000e-03 4.380760e-01
346 5.598360e-01 1.796000e-03 4.383680e-01
347 5.595280e-01 1.736000e-03 4.387360e-01
348 5.592160e-01 1.756000e-03 4.390280e-01
349 5.589000e-01 1.812000e-03 4.392880e-01
350 5.584920e-01 1.904000e-03 4.396040e-01
351 5.582600e-01 1.828000e-03 4.399120e-01
352 5.579600e-01 1.836000e-03 4.402040e-01
353 5.576680e-01 1.836000e-03 4.404960e-01
354 5.573600e-01 1.820000e-03 4.408200e-01
355 5.571400e-01 1.716000e-03 4.411440e-01
356 5.568800e-01 1.712000e-03 4.414080e-01
357 5.566440e-01 1.672000e-03 4.416840e-01
358 5.564200e-01 1.600000e-03 4.419800e-01
359 5.561760e-01 1.584000e-03 4.422400e-01
360 5.559840e-01 1.500000e-03 4.425160e-01
361 5.557360e-01 1.488000e-03 4.427760e-01
362 5.554840e-01 1.468000e-03 4.430480e-01
363 5.552880e-01 1.420000e-03 4.432920e-01
364 5.550280e-01 1.420000e-03 4.435520e-01
365 5.548600e-01 1.320000e-03 4.438200e-01
366 5.546240e-01 1.336000e-03 4.440400e-01
367 5.542840e-01 1.420000e-03 4.442960e-01
368 5.540440e-01 1.456000e-03 4.445000e-01
369 5.538240e-01 1.464000e-03 4.447120e-01
370 5.536400e-01 1.388000e-03 4.449720e-01
371 5.533960e-01 1.432000e-03 4.451720e-01
372 5.531080e-01 1.484000e-03 4.454080e-01
373 5.529160e-01 1.504000e-03 4.455800e-01
374 5.526040e-01 1.556000e-03 4.458400e-01
375 5.523240e-01 1.596000e-03 4.460800e-01
376 5.521000e-01 1.576000e-03 4.463240e-01
377 5.518240e-01 1.588000e-03 4.465880e-01
378 5.515880e-01 1.580000e-03 4.468320e-01
379 5.514160e-01 1.496000e-03 4.470880e-01
380 5.511560e-01 1.500000e-03 4.473440e-01
381 5.508880e-01 1.468000e-03 4.476440e-01
382 5.506280e-01 1.488000e-03 4.478840e-01
383 5.503400e-01 1.528000e-03 4.481320e-01
384 5.500560e-01 1.564000e-03 4.483800e-01
385 5.498160e-01 1.520000e-03 4.486640e-01
386 5.495120e-01 1.544000e-03 4.489440e-01
387 5.492640e-01 1.592000e-03 4.491440e-01
388 5.489360e-01 1.628000e-03 4.494360e-01
389 5.486640e-01 1.600000e-03 4.497360e-01
390 5.484600e-01 1.576000e-03 4.499640e-01
391 5.482480e-01 1.484000e-03 4.502680e-01
392 5.480320e-01 1.420000e-03 4.505480e-01
393 5.477560e-01 1.472000e-03 4.507720e-01
394 5.474880e-01 1.432000e-03 4.510800e-01
395 5.472560e-01 1.380000e-03 4.513640e-01
396 5.470800e-01 1.316000e-03 4.516040e-01
397 5.469640e-01 1.216000e-03 4.518200e-01
398 5.468280e-01 1.132000e-03 4.520400e-01
399 5.466720e-01 1.076000e-03 4.522520e-01
400 5.465600e-01 1.020000e-03 4.524200e-01
401 5.464520e-01 9.240000e-04 4.526240e-01
402 5.463440e-01 8.840000e-04 4.527720e-01
403 5.462200e-01 8.480000e-04 4.529320e-01
404 5.461000e-01 8.480000e-04 4.530520e-01
405 5.459400e-01 8.520000e-04 4.532080e-01
406 5.458320e-01 8.040000e-04 4.533640e-01
407 5.456960e-01 8.200000e-04 4.534840e-01
408 5.454880e-01 9.120000e-04 4.536000e-01
409 5.453000e-01 9.520000e-04 4.537480e-01
410 5.450400e-01 1.044000e-03 4.539160e-01
411 5.448800e-01 9.920000e-04 4.541280e-01
412 5.446840e-01 1.004000e-03 4.543120e-01
413 5.444400e-01 1.020000e-03 4.545400e-01
414 5.442640e-01 1.008000e-03 4.547280e-01
415 5.440800e-01 1.024000e-03 4.548960e-01
416 5.439160e-01 1.052000e-03 4.550320e-01
417 5.437520e-01 1.024000e-03 4.552240e-01
418 5.435720e-01 1.056000e-03 4.553720e-01
419 5.433880e-01 1.060000e-03 4.555520e-01
420 5.432000e-01 1.056000e-03 4.557440e-01
421 5.430440e-01 1.028000e-03 4.559280e-01
422 5.429120e-01 9.480000e-04 4.561400e-01
423 5.428040e-01 9.040000e-04 4.562920e-01
424 5.427040e-01 8.400000e-04 4.564560e-01
425 5.425920e-01 8.280000e-04 4.565800e-01
426 5.425040e-01 8.080000e-04 4.566880e-01
427 5.423600e-01 8.000000e-04 4.568400e-01
428 5.422720e-01 7.400000e-04 4.569880e-01
429 5.421880e-01 7.280000e-04 4.570840e-01
430 5.420320e-01 7.400000e-04 4.572280e-01
431 5.418920e-01 7.480000e-04 4.573600e-01
432 5.418040e-01 6.880000e-04 4.575080e-01
433 5.417240e-01 6.400000e-04 4.576360e-01
434 5.416280e-01 6.560000e-04 4.577160e-01
435 5.415040e-01 6.720000e-04 4.578240e-01
436 5.413760e-01 6.920000e-04 4.579320e-01
437 5.412800e-01 6.840000e-04 4.580360e-01
438 5.412000e-01 6.840000e-04 4.581160e-01
439 5.411320e-01 6.280000e-04 4.582400e-01
440 5.410520e-01 5.800000e-04 4.583680e-01
441 5.409720e-01 5.640000e-04 4.584640e-01
442 5.408760e-01 5.920000e-04 4.585320e-01
443 5.407840e-01 5.560000e-04 4.586600e-01
444 5.406880e-01 5.280000e-04 4.587840e-01
445 5.406320e-01 5.000000e-04 4.588680e-01
446 5.405560e-01 4.920000e-04 4.589520e-01
447 5.404640e-01 5.120000e-04 4.590240e-01
448 5.403560e-01 5.600000e-04 4.590840e-01
449 5.402040e-01 6.000000e-04 4.591960e-01
450 5.401080e-01 5.960000e-04 4.592960e-01
451 5.400280e-01 5.480000e-04 4.594240e-01
452 5.398960e-01 5.800000e-04 4.595240e-01
453 5.398320e-01 5.280000e-04 4.596400e-01
454 5.397440e-01 5.080000e-04 4.597480e-01
455 5.396120e-01 5.280000e-04 4.598600e-01
456 5.395160e-01 5.400000e-04 4.599440e-01
457 5.394000e-01 5.680000e-04 4.600320e-01
458 5.392960e-01 6.040000e-04 4.601000e-01
459 5.391960e-01 5.720000e-04 4.602320e-01
460 5.390960e-01 5.480000e-04 4.603560e-01
461 5.389880e-01 5.800000e-04 4.604320e-01
462 5.388480e-01 6.200000e-04 4.605320e-01
463 5.387160e-01 6.120000e-04 4.606720e-01
464 5.385920e-01 5.840000e-04 4.608240e-01
465 5.384800e-01 5.800000e-04 4.609400e-01
466 5.383800e-01 5.880000e-04 4.610320e-01
467 5.382440e-01 6.440000e-04 4.611120e-01
468 5.381120e-01 6.600000e-04 4.612280e-01
469 5.380480e-01 6.480000e-04 4.613040e-01
470 5.379240e-01 6.520000e-04 4.614240e-01
471 5.377920e-01 6.840000e-04 4.615240e-01
472 5.376360e-01 7.520000e-04 4.616120e-01
473 5.374800e-01 7.680000e-04 4.617520e-01
474 5.373840e-01 7.600000e-04 4.618560e-01
475 5.372560e-01 7.480000e-04 4.619960e-01
476 5.371160e-01 7.760000e-04 4.621080e-01
477 5.369640e-01 7.880000e-04 4.622480e-01
478 5.367960e-01 8.240000e-04 4.623800e-01
479 5.366640e-01 8.320000e-04 4.625040e-01
480 5.365160e-01 7.520000e-04 4.627320e-01
481 5.364200e-01 7.040000e-04 4.628760e-01
482 5.363200e-01 7.080000e-04 4.629720e-01
483 5.362040e-01 6.920000e-04 4.631040e-01
484 5.361040e-01 6.760000e-04 4.632200e-01
485 5.359920e-01 6.800000e-04 4.633280e-01
486 5.358760e-01 6.880000e-04 4.634360e-01
487 5.357520e-01 7.000000e-04 4.635480e-01
488 5.356000e-01 7.160000e-04 4.636840e-01
489 5.354880e-01 7.120000e-04 4.638000e-01
490 5.353800e-01 6.840000e-04 4.639360e-01
491 5.352760e-01 6.840000e-04 4.640400e-01
492 5.351920e-01 6.520000e-04 4.641560e-01
493 5.350840e-01 6.480000e-04 4.642680e-01
494 5.350280e-01 6.280000e-04 4.643440e-01
495 5.349520e-01 5.920000e-04 4.644560e-01
496 5.348800e-01 5.400000e-04 4.645800e-01
497 5.347760e-01 5.680000e-04 4.646560e-01
498 5.346840e-01 5.720000e-04 4.647440e-01
499 5.345960e-01 5.680000e-04 4.648360e-01
500 5.345000e-01 5.640000e-04 4.649360e-01
