1 9.992000e-01 7.160000e-04 8.400000e-05
2 9.987200e-01 1.056000e-03 2.240000e-04
3 9.980320e-01 1.520000e-03 4.480000e-04
4 9.973040e-01 1.980000e-03 7.160000e-04
5 9.965200e-01 2.376000e-03 1.104000e-03
6 9.958360e-01 2.520000e-03 1.644000e-03
7 9.950240e-01 2.872000e-03 2.104000e-03
8 9.941800e-01 3.156000e-03 2.664000e-03
9 9.932240e-01 3.500000e-03 3.276000e-03
10 9.923440e-01 3.712000e-03 3.944000e-03
11 9.914960e-01 3.896000e-03 4.608000e-03
12 9.903840e-01 4.336000e-03 5.280000e-03
13 9.892960e-01 4.668000e-03 6.036000e-03
14 9.882400e-01 4.796000e-03 6.964000e-03
15 9.871800e-01 4.972000e-03 7.848000e-03
16 9.860480e-01 5.104000e-03 8.848000e-03
17 9.847400e-01 5.576000e-03 9.684000e-03
18 9.835880e-01 5.788000e-03 1.062400e-02
19 9.823480e-01 6.012000e-03 1.164000e-02
20 9.811240e-01 6.092000e-03 1.278400e-02
21 9.798160e-01 6.308000e-03 1.387600e-02
22 9.784800e-01 6.564000e-03 1.495600e-02
23 9.770640e-01 6.828000e-03 1.610800e-02
24 9.756960e-01 7.124000e-03 1.718000e-02
25 9.743040e-01 7.244000e-03 1.845200e-02
26 9.729040e-01 7.356000e-03 1.974000e-02
27 9.715280e-01 7.448000e-03 2.102400e-02
28 9.702440e-01 7.436000e-03 2.232000e-02
29 9.687680e-01 7.488000e-03 2.374400e-02
30 9.673600e-01 7.488000e-03 2.515200e-02
31 9.658720e-01 7.644000e-03 2.648400e-02
32 9.643480e-01 7.840000e-03 2.781200e-02
33 9.628120e-01 8.068000e-03 2.912000e-02
34 9.612320e-01 8.244000e-03 3.052400e-02
35 9.597160e-01 8.332000e-03 3.195200e-02
36 9.580320e-01 8.584000e-03 3.338400e-02
37 9.565760e-01 8.560000e-03 3.486400e-02
38 9.549600e-01 8.724000e-03 3.631600e-02
39 9.533920e-01 8.888000e-03 3.772000e-02
40 9.518080e-01 8.824000e-03 3.936800e-02
41 9.500600e-01 9.024000e-03 4.091600e-02
42 9.483560e-01 9.080000e-03 4.256400e-02
43 9.466680e-01 9.120000e-03 4.421200e-02
44 9.450640e-01 9.156000e-03 4.578000e-02
45 9.433600e-01 9.252000e-03 4.738800e-02
46 9.416800e-01 9.328000e-03 4.899200e-02
47 9.400960e-01 9.264000e-03 5.064000e-02
48 9.384240e-01 9.308000e-03 5.226800e-02
49 9.366120e-01 9.556000e-03 5.383200e-02
50 9.348880e-01 9.724000e-03 5.538800e-02
51 9.331400e-01 9.808000e-03 5.705200e-02
52 9.314240e-01 9.808000e-03 5.876800e-02
53 9.297640e-01 9.820000e-03 6.041600e-02
54 9.279760e-01 9.896000e-03 6.212800e-02
55 9.260880e-01 9.956000e-03 6.395600e-02
56 9.242320e-01 9.976000e-03 6.579200e-02
57 9.224600e-01 9.992000e-03 6.754800e-02
58 9.206080e-01 1.012400e-02 6.926800e-02
59 9.186640e-01 1.024800e-02 7.108800e-02
60 9.166080e-01 1.036000e-02 7.303200e-02
61 9.148560e-01 1.021600e-02 7.492800e-02
62 9.130880e-01 1.003600e-02 7.687600e-02
63 9.114760e-01 9.860000e-03 7.866400e-02
64 9.096280e-01 1.001200e-02 8.036000e-02
65 9.079400e-01 9.856000e-03 8.220400e-02
66 9.060120e-01 1.009600e-02 8.389200e-02
67 9.043040e-01 1.009200e-02 8.560400e-02
68 9.026760e-01 9.944000e-03 8.738000e-02
69 9.010760e-01 9.696000e-03 8.922800e-02
70 8.995000e-01 9.584000e-03 9.091600e-02
71 8.978520e-01 9.604000e-03 9.254400e-02
72 8.962000e-01 9.680000e-03 9.412000e-02
73 8.947640e-01 9.360000e-03 9.587600e-02
74 8.931840e-01 9.332000e-03 9.748400e-02
75 8.915760e-01 9.300000e-03 9.912400e-02
76 8.901960e-01 8.980000e-03 1.008240e-01
77 8.887240e-01 8.844000e-03 1.024320e-01
78 8.871640e-01 8.832000e-03 1.040040e-01
79 8.858080e-01 8.608000e-03 1.055840e-01
80 8.844720e-01 8.464000e-03 1.070640e-01
81 8.830160e-01 8.380000e-03 1.086040e-01
82 8.816720e-01 8.192000e-03 1.101360e-01
83 8.803600e-01 8.144000e-03 1.114960e-01
84 8.789840e-01 8.212000e-03 1.128040e-01
85 8.775040e-01 8.224000e-03 1.142720e-01
86 8.759960e-01 8.252000e-03 1.157520e-01
87 8.744160e-01 8.448000e-03 1.171360e-01
88 8.729440e-01 8.556000e-03 1.185000e-01
89 8.714960e-01 8.596000e-03 1.199080e-01
90 8.701000e-01 8.432000e-03 1.214680e-01
91 8.687120e-01 8.384000e-03 1.229040e-01
92 8.673360e-01 8.380000e-03 1.242840e-01
93 8.660200e-01 8.244000e-03 1.257360e-01
94 8.647440e-01 7.964000e-03 1.272920e-01
95 8.634600e-01 7.920000e-03 1.286200e-01
96 8.622520e-01 7.700000e-03 1.300480e-01
97 8.610200e-01 7.544000e-03 1.314360e-01
98 8.596800e-01 7.464000e-03 1.328560e-01
99 8.583240e-01 7.380000e-03 1.342960e-01
100 8.569640e-01 7.500000e-03 1.355360e-01
101 8.556520e-01 7.544000e-03 1.368040e-01
102 8.541600e-01 7.688000e-03 1.381520e-01
103 8.526560e-01 7.816000e-03 1.395280e-01
104 8.511720e-01 7.952000e-03 1.408760e-01
105 8.497680e-01 8.004000e-03 1.422280e-01
106 8.482680e-01 8.032000e-03 1.437000e-01
107 8.467880e-01 8.176000e-03 1.450360e-01
108 8.453920e-01 8.168000e-03 1.464400e-01
109 8.439280e-01 8.156000e-03 1.479160e-01
110 8.424160e-01 8.288000e-03 1.492960e-01
111 8.409000e-01 8.388000e-03 1.507120e-01
112 8.395320e-01 8.240000e-03 1.522280e-01
113 8.380040e-01 8.264000e-03 1.537320e-01
114 8.366520e-01 8.252000e-03 1.550960e-01
115 8.349400e-01 8.604000e-03 1.564560e-01
116 8.332440e-01 8.916000e-03 1.578400e-01
117 8.317480e-01 8.852000e-03 1.594000e-01
118 8.302480e-01 8.888000e-03 1.608640e-01
119 8.286800e-01 8.808000e-03 1.625120e-01
120 8.273560e-01 8.664000e-03 1.639800e-01
121 8.259200e-01 8.588000e-03 1.654920e-01
122 8.245160e-01 8.576000e-03 1.669080e-01
123 8.230520e-01 8.732000e-03 1.682160e-01
124 8.215720e-01 8.676000e-03 1.697520e-01
125 8.200760e-01 8.640000e-03 1.712840e-01
126 8.186080e-01 8.608000e-03 1.727840e-01
127 8.172560e-01 8.540000e-03 1.742040e-01
128 8.159440e-01 8.228000e-03 1.758280e-01
129 8.145480e-01 8.304000e-03 1.771480e-01
130 8.131640e-01 8.196000e-03 1.786400e-01
131 8.117120e-01 8.228000e-03 1.800600e-01
132 8.104120e-01 8.176000e-03 1.814120e-01
133 8.090560e-01 8.208000e-03 1.827360e-01
134 8.075720e-01 8.208000e-03 1.842200e-01
135 8.061440e-01 8.168000e-03 1.856880e-01
136 8.046160e-01 8.292000e-03 1.870920e-01
137 8.033760e-01 8.104000e-03 1.885200e-01
138 8.020440e-01 7.980000e-03 1.899760e-01
139 8.006760e-01 8.016000e-03 1.913080e-01
140 7.993280e-01 7.904000e-03 1.927680e-01
141 7.979280e-01 7.928000e-03 1.941440e-01
142 7.964880e-01 8.008000e-03 1.955040e-01
143 7.953160e-01 7.876000e-03 1.968080e-01
144 7.939400e-01 7.804000e-03 1.982560e-01
145 7.925200e-01 7.860000e-03 1.996200e-01
146 7.911680e-01 7.868000e-03 2.009640e-01
147 7.898360e-01 7.892000e-03 2.022720e-01
148 7.885320e-01 7.828000e-03 2.036400e-01
149 7.873080e-01 7.576000e-03 2.051160e-01
150 7.860560e-01 7.480000e-03 2.064640e-01
151 7.848120e-01 7.492000e-03 2.076960e-01
152 7.834880e-01 7.532000e-03 2.089800e-01
153 7.821440e-01 7.548000e-03 2.103080e-01
154 7.808440e-01 7.644000e-03 2.115120e-01
155 7.796880e-01 7.452000e-03 2.128600e-01
156 7.783440e-01 7.428000e-03 2.142280e-01
157 7.770040e-01 7.496000e-03 2.155000e-01
158 7.757360e-01 7.520000e-03 2.167440e-01
159 7.744760e-01 7.576000e-03 2.179480e-01
160 7.733320e-01 7.368000e-03 2.193000e-01
161 7.720880e-01 7.204000e-03 2.207080e-01
162 7.707240e-01 7.308000e-03 2.219680e-01
163 7.693000e-01 7.480000e-03 2.232200e-01
164 7.678880e-01 7.552000e-03 2.245600e-01
165 7.666520e-01 7.372000e-03 2.259760e-01
166 7.653880e-01 7.504000e-03 2.271080e-01
167 7.640200e-01 7.468000e-03 2.285120e-01
168 7.626880e-01 7.524000e-03 2.297880e-01
169 7.613480e-01 7.536000e-03 2.311160e-01
170 7.600160e-01 7.504000e-03 2.324800e-01
171 7.587400e-01 7.556000e-03 2.337040e-01
172 7.574400e-01 7.544000e-03 2.350160e-01
173 7.560960e-01 7.580000e-03 2.363240e-01
174 7.547120e-01 7.696000e-03 2.375920e-01
175 7.533480e-01 7.756000e-03 2.388960e-01
176 7.518360e-01 7.968000e-03 2.401960e-01
177 7.504040e-01 7.996000e-03 2.416000e-01
178 7.490240e-01 7.924000e-03 2.430520e-01
179 7.477560e-01 7.872000e-03 2.443720e-01
180 7.463720e-01 7.804000e-03 2.458240e-01
181 7.451440e-01 7.612000e-03 2.472440e-01
182 7.438400e-01 7.556000e-03 2.486040e-01
183 7.425600e-01 7.512000e-03 2.499280e-01
184 7.413880e-01 7.380000e-03 2.512320e-01
185 7.403080e-01 7.212000e-03 2.524800e-01
186 7.389960e-01 7.208000e-03 2.537960e-01
187 7.376760e-01 7.360000e-03 2.549640e-01
188 7.364560e-01 7.112000e-03 2.564320e-01
189 7.350880e-01 7.264000e-03 2.576480e-01
190 7.336920e-01 7.360000e-03 2.589480e-01
191 7.323400e-01 7.472000e-03 2.601880e-01
192 7.310680e-01 7.396000e-03 2.615360e-01
193 7.298240e-01 7.400000e-03 2.627760e-01
194 7.285840e-01 7.384000e-03 2.640320e-01
195 7.273960e-01 7.268000e-03 2.653360e-01
196 7.262240e-01 7.132000e-03 2.666440e-01
197 7.249760e-01 7.032000e-03 2.679920e-01
198 7.237720e-01 6.872000e-03 2.693560e-01
199 7.226760e-01 6.692000e-03 2.706320e-01
200 7.214600e-01 6.716000e-03 2.718240e-01
201 7.201400e-01 6.820000e-03 2.730400e-01
202 7.190280e-01 6.732000e-03 2.742400e-01
203 7.178120e-01 6.756000e-03 2.754320e-01
204 7.166680e-01 6.780000e-03 2.765520e-01
205 7.155400e-01 6.736000e-03 2.777240e-01
206 7.145120e-01 6.624000e-03 2.788640e-01
207 7.133040e-01 6.596000e-03 2.801000e-01
208 7.121520e-01 6.616000e-03 2.812320e-01
209 7.109320e-01 6.696000e-03 2.823720e-01
210 7.097280e-01 6.664000e-03 2.836080e-01
211 7.085320e-01 6.672000e-03 2.847960e-01
212 7.072800e-01 6.696000e-03 2.860240e-01
213 7.061040e-01 6.812000e-03 2.870840e-01
214 7.049520e-01 6.752000e-03 2.882960e-01
215 7.039000e-01 6.668000e-03 2.894320e-01
216 7.027480e-01 6.584000e-03 2.906680e-01
217 7.016040e-01 6.536000e-03 2.918600e-01
218 7.004600e-01 6.544000e-03 2.929960e-01
219 6.993120e-01 6.500000e-03 2.941880e-01
220 6.981920e-01 6.500000e-03 2.953080e-01
221 6.970840e-01 6.404000e-03 2.965120e-01
222 6.959560e-01 6.436000e-03 2.976080e-01
223 6.948640e-01 6.544000e-03 2.985920e-01
224 6.937560e-01 6.592000e-03 2.996520e-01
225 6.925640e-01 6.544000e-03 3.008920e-01
226 6.913360e-01 6.640000e-03 3.020240e-01
227 6.903360e-01 6.524000e-03 3.031400e-01
228 6.891480e-01 6.628000e-03 3.042240e-01
229 6.880720e-01 6.508000e-03 3.054200e-01
230 6.868880e-01 6.556000e-03 3.065560e-01
231 6.857360e-01 6.600000e-03 3.076640e-01
232 6.846480e-01 6.532000e-03 3.088200e-01
233 6.836000e-01 6.484000e-03 3.099160e-01
234 6.826000e-01 6.392000e-03 3.110080e-01
235 6.816560e-01 6.292000e-03 3.120520e-01
236 6.807040e-01 6.188000e-03 3.131080e-01
237 6.796960e-01 6.164000e-03 3.141400e-01
238 6.787200e-01 6.136000e-03 3.151440e-01
239 6.777600e-01 6.036000e-03 3.162040e-01
240 6.766960e-01 6.128000e-03 3.171760e-01
241 6.756280e-01 6.084000e-03 3.182880e-01
242 6.745840e-01 5.952000e-03 3.194640e-01
243 6.735920e-01 5.936000e-03 3.204720e-01
244 6.726000e-01 5.908000e-03 3.214920e-01
245 6.714800e-01 6.024000e-03 3.224960e-01
246 6.704360e-01 6.056000e-03 3.235080e-01
247 6.693480e-01 6.088000e-03 3.245640e-01
248 6.682280e-01 6.176000e-03 3.255960e-01
249 6.671640e-01 6.148000e-03 3.266880e-01
250 6.661200e-01 6.180000e-03 3.277000e-01
251 6.650640e-01 6.180000e-03 3.287560e-01
252 6.639920e-01 6.052000e-03 3.299560e-01
253 6.630280e-01 5.952000e-03 3.310200e-01
254 6.620240e-01 5.984000e-03 3.319920e-01
255 6.610720e-01 5.892000e-03 3.330360e-01
256 6.601440e-01 5.748000e-03 3.341080e-01
257 6.591200e-01 5.740000e-03 3.351400e-01
258 6.581160e-01 5.760000e-03 3.361240e-01
259 6.572040e-01 5.624000e-03 3.371720e-01
260 6.563680e-01 5.612000e-03 3.380200e-01
261 6.553360e-01 5.696000e-03 3.389680e-01
262 6.544400e-01 5.536000e-03 3.400240e-01
263 6.535920e-01 5.400000e-03 3.410080e-01
264 6.526400e-01 5.460000e-03 3.419000e-01
265 6.517520e-01 5.360000e-03 3.428880e-01
266 6.509040e-01 5.300000e-03 3.437960e-01
267 6.499920e-01 5.312000e-03 3.446960e-01
268 6.491120e-01 5.196000e-03 3.456920e-01
269 6.484440e-01 4.832000e-03 3.467240e-01
270 6.477600e-01 4.660000e-03 3.475800e-01
271 6.469800e-01 4.768000e-03 3.482520e-01
272 6.463040e-01 4.604000e-03 3.490920e-01
273 6.455560e-01 4.552000e-03 3.498920e-01
274 6.447840e-01 4.508000e-03 3.507080e-01
275 6.441120e-01 4.364000e-03 3.515240e-01
276 6.434400e-01 4.300000e-03 3.522600e-01
277 6.427320e-01 4.300000e-03 3.529680e-01
278 6.421280e-01 4.132000e-03 3.537400e-01
279 6.414160e-01 4.156000e-03 3.544280e-01
280 6.406640e-01 4.104000e-03 3.552320e-01
281 6.399080e-01 4.172000e-03 3.559200e-01
282 6.392240e-01 4.120000e-03 3.566560e-01
283 6.386360e-01 4.044000e-03 3.573200e-01
284 6.379320e-01 4.024000e-03 3.580440e-01
285 6.372400e-01 4.024000e-03 3.587360e-01
286 6.364720e-01 4.076000e-03 3.594520e-01
287 6.357520e-01 4.116000e-03 3.601320e-01
288 6.349560e-01 4.152000e-03 3.608920e-01
289 6.342120e-01 4.204000e-03 3.615840e-01
290 6.334600e-01 4.252000e-03 3.622880e-01
291 6.327120e-01 4.284000e-03 3.630040e-01
292 6.319360e-01 4.332000e-03 3.637320e-01
293 6.313000e-01 4.272000e-03 3.644280e-01
294 6.305000e-01 4.324000e-03 3.651760e-01
295 6.297720e-01 4.316000e-03 3.659120e-01
296 6.290440e-01 4.228000e-03 3.667280e-01
297 6.283600e-01 4.192000e-03 3.674480e-01
298 6.277360e-01 4.164000e-03 3.681000e-01
299 6.271120e-01 3.952000e-03 3.689360e-01
300 6.264960e-01 3.860000e-03 3.696440e-01
301 6.259040e-01 3.724000e-03 3.703720e-01
302 6.253200e-01 3.568000e-03 3.711120e-01
303 6.248440e-01 3.348000e-03 3.718080e-01
304 6.243080e-01 3.288000e-03 3.724040e-01
305 6.237080e-01 3.284000e-03 3.730080e-01
306 6.230880e-01 3.396000e-03 3.735160e-01
307 6.225920e-01 3.236000e-03 3.741720e-01
308 6.220600e-01 3.224000e-03 3.747160e-01
309 6.215400e-01 3.192000e-03 3.752680e-01
310 6.210520e-01 3.164000e-03 3.757840e-01
311 6.206800e-01 2.964000e-03 3.763560e-01
312 6.201320e-01 3.000000e-03 3.768680e-01
313 6.195720e-01 3.104000e-03 3.773240e-01
314 6.190600e-01 3.156000e-03 3.777840e-01
315 6.184960e-01 3.180000e-03 3.783240e-01
316 6.178960e-01 3.240000e-03 3.788640e-01
317 6.173680e-01 3.168000e-03 3.794640e-01
318 6.168480e-01 3.108000e-03 3.800440e-01
319 6.163000e-01 3.080000e-03 3.806200e-01
320 6.157880e-01 3.136000e-03 3.810760e-01
321 6.153200e-01 3.056000e-03 3.816240e-01
322 6.148840e-01 2.924000e-03 3.821920e-01
323 6.144160e-01 2.924000e-03 3.826600e-01
324 6.139560e-01 2.836000e-03 3.832080e-01
325 6.134880e-01 2.860000e-03 3.836520e-01
326 6.129360e-01 2.844000e-03 3.842200e-01
327 6.124000e-01 2.904000e-03 3.846960e-01
328 6.119240e-01 2.872000e-03 3.852040e-01
329 6.115200e-01 2.720000e-03 3.857600e-01
330 6.111120e-01 2.632000e-03 3.862560e-01
331 6.107680e-01 2.528000e-03 3.867040e-01
332 6.103200e-01 2.484000e-03 3.871960e-01
333 6.099080e-01 2.536000e-03 3.875560e-01
334 6.095480e-01 2.416000e-03 3.880360e-01
335 6.091880e-01 2.320000e-03 3.884920e-01
336 6.088120e-01 2.228000e-03 3.889600e-01
337 6.085240e-01 2.100000e-03 3.893760e-01
338 6.081600e-01 2.032000e-03 3.898080e-01
339 6.076920e-01 2.120000e-03 3.901880e-01
340 6.073680e-01 2.112000e-03 3.905200e-01
341 6.070400e-01 2.124000e-03 3.908360e-01
342 6.067520e-01 2.068000e-03 3.911800e-01
343 6.064120e-01 2.036000e-03 3.915520e-01
344 6.060560e-01 2.012000e-03 3.919320e-01
345 6.056520e-01 2.008000e-03 3.923400e-01
346 6.053680e-01 1.944000e-03 3.926880e-01
347 6.050480e-01 1.880000e-03 3.930720e-01
348 6.046920e-01 1.940000e-03 3.933680e-01
349 6.043440e-01 1.944000e-03 3.937120e-01
350 6.040560e-01 1.868000e-03 3.940760e-01
351 6.036880e-01 1.924000e-03 3.943880e-01
352 6.033480e-01 1.892000e-03 3.947600e-01
353 6.030080e-01 1.948000e-03 3.950440e-01
354 6.027120e-01 1.876000e-03 3.954120e-01
355 6.023760e-01 1.892000e-03 3.957320e-01
356 6.020640e-01 1.884000e-03 3.960520e-01
357 6.017040e-01 1.860000e-03 3.964360e-01
358 6.013000e-01 1.956000e-03 3.967440e-01
359 6.009920e-01 1.952000e-03 3.970560e-01
360 6.005880e-01 1.996000e-03 3.974160e-01
361 6.001400e-01 2.080000e-03 3.977800e-01
362 5.997920e-01 2.080000e-03 3.981280e-01
363 5.994520e-01 2.060000e-03 3.984880e-01
364 5.991520e-01 2.032000e-03 3.988160e-01
365 5.988280e-01 1.960000e-03 3.992120e-01
366 5.985640e-01 1.864000e-03 3.995720e-01
367 5.981520e-01 1.984000e-03 3.998640e-01
368 5.978480e-01 2.004000e-03 4.001480e-01
369 5.974760e-01 1.988000e-03 4.005360e-01
370 5.971840e-01 1.952000e-03 4.008640e-01
371 5.968640e-01 1.972000e-03 4.011640e-01
372 5.966040e-01 1.880000e-03 4.015160e-01
373 5.963520e-01 1.792000e-03 4.018560e-01
374 5.961640e-01 1.688000e-03 4.021480e-01
375 5.958880e-01 1.716000e-03 4.023960e-01
376 5.955680e-01 1.752000e-03 4.026800e-01
377 5.953000e-01 1.692000e-03 4.030080e-01
378 5.950160e-01 1.612000e-03 4.033720e-01
379 5.947160e-01 1.596000e-03 4.036880e-01
380 5.943800e-01 1.668000e-03 4.039520e-01
381 5.941160e-01 1.580000e-03 4.043040e-01
382 5.938280e-01 1.544000e-03 4.046280e-01
383 5.935360e-01 1.588000e-03 4.048760e-01
384 5.932400e-01 1.648000e-03 4.051120e-01
385 5.928360e-01 1.732000e-03 4.054320e-01
386 5.925320e-01 1.744000e-03 4.057240e-01
387 5.922400e-01 1.744000e-03 4.060160e-01
388 5.919440e-01 1.704000e-03 4.063520e-01
389 5.916920e-01 1.672000e-03 4.066360e-01
390 5.914880e-01 1.600000e-03 4.069120e-01
391 5.912520e-01 1.572000e-03 4.071760e-01
392 5.910080e-01 1.560000e-03 4.074320e-01
393 5.907560e-01 1.552000e-03 4.076920e-01
394 5.904800e-01 1.584000e-03 4.079360e-01
395 5.901520e-01 1.644000e-03 4.082040e-01
396 5.898720e-01 1.600000e-03 4.085280e-01
397 5.895960e-01 1.624000e-03 4.087800e-01
398 5.892520e-01 1.724000e-03 4.090240e-01
399 5.888960e-01 1.780000e-03 4.093240e-01
400 5.885920e-01 1.776000e-03 4.096320e-01
401 5.883000e-01 1.832000e-03 4.098680e-01
402 5.879920e-01 1.832000e-03 4.101760e-01
403 5.877160e-01 1.820000e-03 4.104640e-01
404 5.873320e-01 1.860000e-03 4.108080e-01
405 5.869920e-01 1.860000e-03 4.111480e-01
406 5.866720e-01 1.828000e-03 4.115000e-01
407 5.863760e-01 1.844000e-03 4.117800e-01
408 5.860720e-01 1.888000e-03 4.120400e-01
409 5.857760e-01 1.904000e-03 4.123200e-01
410 5.854840e-01 1.812000e-03 4.127040e-01
411 5.852400e-01 1.716000e-03 4.130440e-01
412 5.850080e-01 1.632000e-03 4.133600e-01
413 5.847520e-01 1.604000e-03 4.136440e-01
414 5.844960e-01 1.548000e-03 4.139560e-01
415 5.842240e-01 1.532000e-03 4.142440e-01
416 5.839400e-01 1.568000e-03 4.144920e-01
417 5.837080e-01 1.480000e-03 4.148120e-01
418 5.834680e-01 1.520000e-03 4.150120e-01
419 5.831240e-01 1.584000e-03 4.152920e-01
420 5.828640e-01 1.536000e-03 4.156000e-01
421 5.826640e-01 1.500000e-03 4.158360e-01
422 5.824320e-01 1.472000e-03 4.160960e-01
423 5.821720e-01 1.468000e-03 4.163600e-01
424 5.819000e-01 1.520000e-03 4.165800e-01
425 5.816720e-01 1.444000e-03 4.168840e-01
426 5.813640e-01 1.532000e-03 4.171040e-01
427 5.810920e-01 1.536000e-03 4.173720e-01
428 5.808240e-01 1.508000e-03 4.176680e-01
429 5.805040e-01 1.584000e-03 4.179120e-01
430 5.802120e-01 1.604000e-03 4.181840e-01
431 5.799280e-01 1.580000e-03 4.184920e-01
432 5.796760e-01 1.584000e-03 4.187400e-01
433 5.794080e-01 1.576000e-03 4.190160e-01
434 5.791800e-01 1.592000e-03 4.192280e-01
435 5.788880e-01 1.616000e-03 4.194960e-01
436 5.785960e-01 1.624000e-03 4.197800e-01
437 5.783040e-01 1.600000e-03 4.200960e-01
438 5.780720e-01 1.540000e-03 4.203880e-01
439 5.778200e-01 1.464000e-03 4.207160e-01
440 5.775880e-01 1.416000e-03 4.209960e-01
441 5.773600e-01 1.356000e-03 4.212840e-01
442 5.771160e-01 1.348000e-03 4.215360e-01
443 5.768920e-01 1.356000e-03 4.217520e-01
444 5.766720e-01 1.308000e-03 4.220200e-01
445 5.764760e-01 1.272000e-03 4.222520e-01
446 5.762600e-01 1.284000e-03 4.224560e-01
447 5.760840e-01 1.256000e-03 4.226600e-01
448 5.758280e-01 1.260000e-03 4.229120e-01
449 5.755560e-01 1.324000e-03 4.231200e-01
450 5.753120e-01 1.336000e-03 4.233520e-01
451 5.750600e-01 1.308000e-03 4.236320e-01
452 5.748960e-01 1.284000e-03 4.238200e-01
453 5.747120e-01 1.240000e-03 4.240480e-01
454 5.745400e-01 1.244000e-03 4.242160e-01
455 5.742480e-01 1.328000e-03 4.244240e-01
456 5.739960e-01 1.368000e-03 4.246360e-01
457 5.736960e-01 1.472000e-03 4.248320e-01
458 5.734560e-01 1.476000e-03 4.250680e-01
459 5.732080e-01 1.448000e-03 4.253440e-01
460 5.730400e-01 1.356000e-03 4.256040e-01
461 5.728160e-01 1.348000e-03 4.258360e-01
462 5.726880e-01 1.228000e-03 4.260840e-01
463 5.724960e-01 1.212000e-03 4.262920e-01
464 5.722880e-01 1.192000e-03 4.265200e-01
465 5.720520e-01 1.236000e-03 4.267120e-01
466 5.718400e-01 1.224000e-03 4.269360e-01
467 5.715840e-01 1.252000e-03 4.271640e-01
468 5.713560e-01 1.268000e-03 4.273760e-01
469 5.711440e-01 1.292000e-03 4.275640e-01
470 5.709120e-01 1.328000e-03 4.277600e-01
471 5.705600e-01 1.456000e-03 4.279840e-01
472 5.702920e-01 1.468000e-03 4.282400e-01
473 5.700080e-01 1.532000e-03 4.284600e-01
474 5.697760e-01 1.448000e-03 4.287760e-01
475 5.695800e-01 1.420000e-03 4.290000e-01
476 5.694040e-01 1.380000e-03 4.292160e-01
477 5.691720e-01 1.368000e-03 4.294600e-01
478 5.689080e-01 1.392000e-03 4.297000e-01
479 5.687080e-01 1.376000e-03 4.299160e-01
480 5.684400e-01 1.404000e-03 4.301560e-01
481 5.682280e-01 1.332000e-03 4.304400e-01
482 5.680440e-01 1.240000e-03 4.307160e-01
483 5.677840e-01 1.308000e-03 4.309080e-01
484 5.674920e-01 1.412000e-03 4.310960e-01
485 5.672320e-01 1.480000e-03 4.312880e-01
486 5.669840e-01 1.472000e-03 4.315440e-01
487 5.667040e-01 1.508000e-03 4.317880e-01
488 5.664600e-01 1.480000e-03 4.320600e-01
489 5.661800e-01 1.428000e-03 4.323920e-01
490 5.659360e-01 1.456000e-03 4.326080e-01
491 5.657400e-01 1.392000e-03 4.328680e-01
492 5.655160e-01 1.376000e-03 4.331080e-01
493 5.653360e-01 1.292000e-03 4.333720e-01
494 5.651680e-01 1.212000e-03 4.336200e-01
495 5.649600e-01 1.208000e-03 4.338320e-01
496 5.647440e-01 1.220000e-03 4.340360e-01
497 5.645000e-01 1.252000e-03 4.342480e-01
498 5.642440e-01 1.336000e-03 4.344200e-01
499 5.639760e-01 1.380000e-03 4.346440e-01
500 5.638200e-01 1.316000e-03 4.348640e-01
