1 9.992360e-01 6.960000e-04 6.800000e-05
2 9.986960e-01 1.092000e-03 2.120000e-04
3 9.980280e-01 1.532000e-03 4.400000e-04
4 9.973280e-01 1.928000e-03 7.440000e-04
5 9.965360e-01 2.340000e-03 1.124000e-03
6 9.958160e-01 2.632000e-03 1.552000e-03
7 9.949240e-01 3.116000e-03 1.960000e-03
8 9.941040e-01 3.424000e-03 2.472000e-03
9 9.930400e-01 3.904000e-03 3.056000e-03
10 9.919360e-01 4.316000e-03 3.748000e-03
11 9.909040e-01 4.628000e-03 4.468000e-03
12 9.897120e-01 4.884000e-03 5.404000e-03
13 9.885960e-01 5.088000e-03 6.316000e-03
14 9.874720e-01 5.292000e-03 7.236000e-03
15 9.865040e-01 5.372000e-03 8.124000e-03
16 9.854200e-01 5.556000e-03 9.024000e-03
17 9.843080e-01 5.728000e-03 9.964000e-03
18 9.831360e-01 5.960000e-03 1.090400e-02
19 9.819560e-01 6.116000e-03 1.192800e-02
20 9.806560e-01 6.304000e-03 1.304000e-02
21 9.794960e-01 6.348000e-03 1.415600e-02
22 9.781160e-01 6.676000e-03 1.520800e-02
23 9.767480e-01 6.988000e-03 1.626400e-02
24 9.753000e-01 7.188000e-03 1.751200e-02
25 9.738320e-01 7.328000e-03 1.884000e-02
26 9.725000e-01 7.468000e-03 2.003200e-02
27 9.710720e-01 7.572000e-03 2.135600e-02
28 9.697840e-01 7.420000e-03 2.279600e-02
29 9.684160e-01 7.516000e-03 2.406800e-02
30 9.669320e-01 7.724000e-03 2.534400e-02
31 9.654960e-01 7.844000e-03 2.666000e-02
32 9.640640e-01 7.816000e-03 2.812000e-02
33 9.627080e-01 7.764000e-03 2.952800e-02
34 9.612480e-01 7.944000e-03 3.080800e-02
35 9.597920e-01 8.060000e-03 3.214800e-02
36 9.582320e-01 8.216000e-03 3.355200e-02
37 9.567280e-01 8.260000e-03 3.501200e-02
38 9.553520e-01 8.176000e-03 3.647200e-02
39 9.538880e-01 8.248000e-03 3.786400e-02
40 9.524240e-01 8.260000e-03 3.931600e-02
41 9.510840e-01 8.220000e-03 4.069600e-02
42 9.495440e-01 8.240000e-03 4.221600e-02
43 9.480000e-01 8.480000e-03 4.352000e-02
44 9.464880e-01 8.508000e-03 4.500400e-02
45 9.447880e-01 8.608000e-03 4.660400e-02
46 9.431240e-01 8.708000e-03 4.816800e-02
47 9.416200e-01 8.588000e-03 4.979200e-02
48 9.400200e-01 8.792000e-03 5.118800e-02
49 9.383400e-01 8.928000e-03 5.273200e-02
50 9.365320e-01 9.136000e-03 5.433200e-02
51 9.348120e-01 9.276000e-03 5.591200e-02
52 9.330080e-01 9.404000e-03 5.758800e-02
53 9.311000e-01 9.620000e-03 5.928000e-02
54 9.293360e-01 9.720000e-03 6.094400e-02
55 9.276800e-01 9.624000e-03 6.269600e-02
56 9.260320e-01 9.540000e-03 6.442800e-02
57 9.243080e-01 9.800000e-03 6.589200e-02
58 9.223600e-01 1.010000e-02 6.754000e-02
59 9.205760e-01 1.014400e-02 6.928000e-02
60 9.187760e-01 1.024000e-02 7.098400e-02
61 9.169800e-01 1.016800e-02 7.285200e-02
62 9.154040e-01 9.880000e-03 7.471600e-02
63 9.137080e-01 9.768000e-03 7.652400e-02
64 9.122080e-01 9.548000e-03 7.824400e-02
65 9.106040e-01 9.424000e-03 7.997200e-02
66 9.090080e-01 9.436000e-03 8.155600e-02
67 9.073880e-01 9.472000e-03 8.314000e-02
68 9.056520e-01 9.652000e-03 8.469600e-02
69 9.039840e-01 9.628000e-03 8.638800e-02
70 9.024320e-01 9.540000e-03 8.802800e-02
71 9.007440e-01 9.620000e-03 8.963600e-02
72 8.989160e-01 9.884000e-03 9.120000e-02
73 8.972360e-01 9.844000e-03 9.292000e-02
74 8.954760e-01 9.964000e-03 9.456000e-02
75 8.938800e-01 9.744000e-03 9.637600e-02
76 8.920920e-01 9.948000e-03 9.796000e-02
77 8.901880e-01 9.972000e-03 9.984000e-02
78 8.885360e-01 9.924000e-03 1.015400e-01
79 8.865720e-01 1.008400e-02 1.033440e-01
80 8.847600e-01 1.007600e-02 1.051640e-01
81 8.830000e-01 1.005200e-02 1.069480e-01
82 8.813600e-01 1.013600e-02 1.085040e-01
83 8.796560e-01 1.007200e-02 1.102720e-01
84 8.778560e-01 1.020400e-02 1.119400e-01
85 8.758560e-01 1.044800e-02 1.136960e-01
86 8.740720e-01 1.046000e-02 1.154680e-01
87 8.723120e-01 1.034400e-02 1.173440e-01
88 8.705240e-01 1.034800e-02 1.191280e-01
89 8.688680e-01 1.027600e-02 1.208560e-01
90 8.670280e-01 1.037200e-02 1.226000e-01
91 8.651880e-01 1.061600e-02 1.241960e-01
92 8.634280e-01 1.049200e-02 1.260800e-01
93 8.616360e-01 1.054800e-02 1.278160e-01
94 8.597840e-01 1.057200e-02 1.296440e-01
95 8.578680e-01 1.056800e-02 1.315640e-01
96 8.559560e-01 1.061600e-02 1.334280e-01
97 8.539600e-01 1.065200e-02 1.353880e-01
98 8.521800e-01 1.071200e-02 1.371080e-01
99 8.502840e-01 1.065200e-02 1.390640e-01
100 8.483360e-01 1.078000e-02 1.408840e-01
101 8.464320e-01 1.069200e-02 1.428760e-01
102 8.445840e-01 1.063600e-02 1.447800e-01
103 8.425880e-01 1.069200e-02 1.467200e-01
104 8.406600e-01 1.070800e-02 1.486320e-01
105 8.387400e-01 1.066800e-02 1.505920e-01
106 8.368280e-01 1.078800e-02 1.523840e-01
107 8.348080e-01 1.092000e-02 1.542720e-01
108 8.328680e-01 1.093600e-02 1.561960e-01
109 8.309360e-01 1.090000e-02 1.581640e-01
110 8.289920e-01 1.090000e-02 1.601080e-01
111 8.271040e-01 1.087600e-02 1.620200e-01
112 8.252840e-01 1.068000e-02 1.640360e-01
113 8.232440e-01 1.091200e-02 1.658440e-01
114 8.216200e-01 1.056800e-02 1.678120e-01
115 8.198040e-01 1.057600e-02 1.696200e-01
116 8.179080e-01 1.060000e-02 1.714920e-01
117 8.161600e-01 1.063200e-02 1.732080e-01
118 8.142480e-01 1.063200e-02 1.751200e-01
119 8.125080e-01 1.047600e-02 1.770160e-01
120 8.105080e-01 1.056800e-02 1.789240e-01
121 8.085960e-01 1.066000e-02 1.807440e-01
122 8.069240e-01 1.041600e-02 1.826600e-01
123 8.052240e-01 1.043200e-02 1.843440e-01
124 8.034120e-01 1.037600e-02 1.862120e-01
125 8.017560e-01 1.012400e-02 1.881200e-01
126 7.999440e-01 1.018400e-02 1.898720e-01
127 7.985160e-01 9.836000e-03 1.916480e-01
128 7.968840e-01 9.696000e-03 1.934200e-01
129 7.952360e-01 9.720000e-03 1.950440e-01
130 7.937920e-01 9.364000e-03 1.968440e-01
131 7.923480e-01 9.292000e-03 1.983600e-01
132 7.908640e-01 9.256000e-03 1.998800e-01
133 7.893760e-01 9.132000e-03 2.014920e-01
134 7.879000e-01 9.016000e-03 2.030840e-01
135 7.863520e-01 8.948000e-03 2.047000e-01
136 7.847680e-01 8.936000e-03 2.062960e-01
137 7.833960e-01 8.708000e-03 2.078960e-01
138 7.820240e-01 8.540000e-03 2.094360e-01
139 7.806440e-01 8.480000e-03 2.108760e-01
140 7.791840e-01 8.508000e-03 2.123080e-01
141 7.776840e-01 8.456000e-03 2.138600e-01
142 7.761840e-01 8.520000e-03 2.152960e-01
143 7.746360e-01 8.720000e-03 2.166440e-01
144 7.732680e-01 8.740000e-03 2.179920e-01
145 7.717880e-01 8.708000e-03 2.195040e-01
146 7.703240e-01 8.548000e-03 2.211280e-01
147 7.689520e-01 8.500000e-03 2.225480e-01
148 7.675200e-01 8.540000e-03 2.239400e-01
149 7.663160e-01 8.264000e-03 2.254200e-01
150 7.648760e-01 8.236000e-03 2.268880e-01
151 7.636120e-01 8.028000e-03 2.283600e-01
152 7.622760e-01 7.956000e-03 2.297680e-01
153 7.608680e-01 8.000000e-03 2.311320e-01
154 7.595480e-01 7.776000e-03 2.326760e-01
155 7.583240e-01 7.664000e-03 2.340120e-01
156 7.570400e-01 7.692000e-03 2.352680e-01
157 7.557920e-01 7.636000e-03 2.365720e-01
158 7.545440e-01 7.544000e-03 2.379120e-01
159 7.534440e-01 7.284000e-03 2.392720e-01
160 7.522960e-01 7.160000e-03 2.405440e-01
161 7.511200e-01 7.100000e-03 2.417800e-01
162 7.501120e-01 6.916000e-03 2.429720e-01
163 7.489520e-01 6.820000e-03 2.442280e-01
164 7.477720e-01 6.788000e-03 2.454400e-01
165 7.466440e-01 6.748000e-03 2.466080e-01
166 7.454240e-01 6.740000e-03 2.478360e-01
167 7.441360e-01 6.788000e-03 2.490760e-01
168 7.429520e-01 6.756000e-03 2.502920e-01
169 7.416960e-01 6.888000e-03 2.514160e-01
170 7.405320e-01 6.796000e-03 2.526720e-01
171 7.392040e-01 6.900000e-03 2.538960e-01
172 7.380320e-01 6.868000e-03 2.551000e-01
173 7.368960e-01 6.860000e-03 2.562440e-01
174 7.357760e-01 6.864000e-03 2.573600e-01
175 7.346000e-01 6.852000e-03 2.585480e-01
176 7.333760e-01 6.864000e-03 2.597600e-01
177 7.322200e-01 6.852000e-03 2.609280e-01
178 7.309880e-01 6.872000e-03 2.621400e-01
179 7.300240e-01 6.748000e-03 2.632280e-01
180 7.288680e-01 6.852000e-03 2.642800e-01
181 7.277160e-01 6.644000e-03 2.656400e-01
182 7.267440e-01 6.412000e-03 2.668440e-01
183 7.258400e-01 6.304000e-03 2.678560e-01
184 7.247280e-01 6.316000e-03 2.689560e-01
185 7.238040e-01 6.180000e-03 2.700160e-01
186 7.228600e-01 6.156000e-03 2.709840e-01
187 7.219720e-01 5.916000e-03 2.721120e-01
188 7.208560e-01 5.980000e-03 2.731640e-01
189 7.198080e-01 5.960000e-03 2.742320e-01
190 7.189360e-01 5.900000e-03 2.751640e-01
191 7.178920e-01 5.872000e-03 2.762360e-01
192 7.168800e-01 5.792000e-03 2.773280e-01
193 7.160440e-01 5.588000e-03 2.783680e-01
194 7.150680e-01 5.652000e-03 2.792800e-01
195 7.142200e-01 5.480000e-03 2.803000e-01
196 7.133200e-01 5.372000e-03 2.813080e-01
197 7.124720e-01 5.276000e-03 2.822520e-01
198 7.116120e-01 5.136000e-03 2.832520e-01
199 7.106440e-01 5.148000e-03 2.842080e-01
200 7.098400e-01 5.216000e-03 2.849440e-01
201 7.089760e-01 5.240000e-03 2.857840e-01
202 7.081160e-01 5.176000e-03 2.867080e-01
203 7.072680e-01 5.076000e-03 2.876560e-01
204 7.064000e-01 5.020000e-03 2.885800e-01
205 7.055360e-01 5.044000e-03 2.894200e-01
206 7.046320e-01 5.136000e-03 2.902320e-01
207 7.037080e-01 5.188000e-03 2.911040e-01
208 7.026880e-01 5.232000e-03 2.920800e-01
209 7.017560e-01 5.200000e-03 2.930440e-01
210 7.009240e-01 5.104000e-03 2.939720e-01
211 7.001240e-01 4.876000e-03 2.950000e-01
212 6.993080e-01 4.848000e-03 2.958440e-01
213 6.985240e-01 4.812000e-03 2.966640e-01
214 6.975760e-01 4.960000e-03 2.974640e-01
215 6.967360e-01 4.928000e-03 2.983360e-01
216 6.960080e-01 4.732000e-03 2.992600e-01
217 6.953760e-01 4.508000e-03 3.001160e-01
218 6.947880e-01 4.344000e-03 3.008680e-01
219 6.940800e-01 4.292000e-03 3.016280e-01
220 6.934800e-01 4.112000e-03 3.024080e-01
221 6.928400e-01 4.060000e-03 3.031000e-01
222 6.922520e-01 3.924000e-03 3.038240e-01
223 6.915520e-01 3.972000e-03 3.044760e-01
224 6.907760e-01 4.168000e-03 3.050560e-01
225 6.901160e-01 4.128000e-03 3.057560e-01
226 6.893480e-01 4.196000e-03 3.064560e-01
227 6.885400e-01 4.224000e-03 3.072360e-01
228 6.878880e-01 4.164000e-03 3.079480e-01
229 6.872280e-01 4.052000e-03 3.087200e-01
230 6.865120e-01 4.072000e-03 3.094160e-01
231 6.857080e-01 4.212000e-03 3.100800e-01
232 6.851680e-01 4.012000e-03 3.108200e-01
233 6.845120e-01 3.984000e-03 3.115040e-01
234 6.838520e-01 3.992000e-03 3.121560e-01
235 6.831760e-01 4.020000e-03 3.128040e-01
236 6.825200e-01 4.012000e-03 3.134680e-01
237 6.818560e-01 3.992000e-03 3.141520e-01
238 6.812600e-01 3.980000e-03 3.147600e-01
239 6.806200e-01 3.936000e-03 3.154440e-01
240 6.799160e-01 3.888000e-03 3.161960e-01
241 6.792600e-01 3.952000e-03 3.167880e-01
242 6.785000e-01 4.060000e-03 3.174400e-01
243 6.777040e-01 4.196000e-03 3.181000e-01
244 6.769600e-01 4.096000e-03 3.189440e-01
245 6.762720e-01 4.076000e-03 3.196520e-01
246 6.754960e-01 4.204000e-03 3.203000e-01
247 6.746960e-01 4.288000e-03 3.210160e-01
248 6.740240e-01 4.292000e-03 3.216840e-01
249 6.733920e-01 4.188000e-03 3.224200e-01
250 6.726760e-01 4.160000e-03 3.231640e-01
251 6.719400e-01 4.168000e-03 3.238920e-01
252 6.712600e-01 4.096000e-03 3.246440e-01
253 6.706240e-01 4.028000e-03 3.253480e-01
254 6.700040e-01 3.948000e-03 3.260480e-01
255 6.694200e-01 3.832000e-03 3.267480e-01
256 6.688640e-01 3.764000e-03 3.273720e-01
257 6.682480e-01 3.664000e-03 3.280880e-01
258 6.675480e-01 3.764000e-03 3.286880e-01
259 6.669360e-01 3.716000e-03 3.293480e-01
260 6.664040e-01 3.544000e-03 3.300520e-01
261 6.658560e-01 3.496000e-03 3.306480e-01
262 6.653480e-01 3.416000e-03 3.312360e-01
263 6.647840e-01 3.460000e-03 3.317560e-01
264 6.643360e-01 3.336000e-03 3.323280e-01
265 6.638480e-01 3.264000e-03 3.328880e-01
266 6.632800e-01 3.304000e-03 3.334160e-01
267 6.627960e-01 3.208000e-03 3.339960e-01
268 6.622240e-01 3.276000e-03 3.345000e-01
269 6.616160e-01 3.244000e-03 3.351400e-01
270 6.610360e-01 3.336000e-03 3.356280e-01
271 6.605040e-01 3.308000e-03 3.361880e-01
272 6.599840e-01 3.192000e-03 3.368240e-01
273 6.594160e-01 3.164000e-03 3.374200e-01
274 6.589440e-01 3.136000e-03 3.379200e-01
275 6.583440e-01 3.168000e-03 3.384880e-01
276 6.579160e-01 2.996000e-03 3.390880e-01
277 6.574400e-01 2.940000e-03 3.396200e-01
278 6.569800e-01 2.800000e-03 3.402200e-01
279 6.565400e-01 2.804000e-03 3.406560e-01
280 6.561160e-01 2.712000e-03 3.411720e-01
281 6.557200e-01 2.592000e-03 3.416880e-01
282 6.553240e-01 2.608000e-03 3.420680e-01
283 6.548720e-01 2.644000e-03 3.424840e-01
284 6.544360e-01 2.640000e-03 3.429240e-01
285 6.540160e-01 2.680000e-03 3.433040e-01
286 6.534760e-01 2.776000e-03 3.437480e-01
287 6.530200e-01 2.728000e-03 3.442520e-01
288 6.525960e-01 2.676000e-03 3.447280e-01
289 6.521760e-01 2.620000e-03 3.452040e-01
290 6.517240e-01 2.652000e-03 3.456240e-01
291 6.512560e-01 2.728000e-03 3.460160e-01
292 6.507800e-01 2.760000e-03 3.464600e-01
293 6.503360e-01 2.736000e-03 3.469280e-01
294 6.498680e-01 2.748000e-03 3.473840e-01
295 6.494760e-01 2.720000e-03 3.478040e-01
296 6.489920e-01 2.748000e-03 3.482600e-01
297 6.484840e-01 2.780000e-03 3.487360e-01
298 6.481200e-01 2.660000e-03 3.492200e-01
299 6.477400e-01 2.548000e-03 3.497120e-01
300 6.474160e-01 2.436000e-03 3.501480e-01
301 6.470440e-01 2.376000e-03 3.505800e-01
302 6.466760e-01 2.356000e-03 3.509680e-01
303 6.464120e-01 2.224000e-03 3.513640e-01
304 6.460840e-01 2.112000e-03 3.518040e-01
305 6.457840e-01 2.016000e-03 3.522000e-01
306 6.454320e-01 2.020000e-03 3.525480e-01
307 6.452120e-01 1.860000e-03 3.529280e-01
308 6.449560e-01 1.780000e-03 3.532640e-01
309 6.447360e-01 1.692000e-03 3.535720e-01
310 6.445080e-01 1.656000e-03 3.538360e-01
311 6.442880e-01 1.576000e-03 3.541360e-01
312 6.440880e-01 1.588000e-03 3.543240e-01
313 6.438200e-01 1.548000e-03 3.546320e-01
314 6.434880e-01 1.660000e-03 3.548520e-01
315 6.432200e-01 1.608000e-03 3.551720e-01
316 6.429920e-01 1.592000e-03 3.554160e-01
317 6.427840e-01 1.484000e-03 3.557320e-01
318 6.425680e-01 1.448000e-03 3.559840e-01
319 6.423520e-01 1.416000e-03 3.562320e-01
320 6.421080e-01 1.424000e-03 3.564680e-01
321 6.419400e-01 1.312000e-03 3.567480e-01
322 6.417640e-01 1.232000e-03 3.570040e-01
323 6.415920e-01 1.208000e-03 3.572000e-01
324 6.413800e-01 1.204000e-03 3.574160e-01
325 6.412040e-01 1.132000e-03 3.576640e-01
326 6.409920e-01 1.192000e-03 3.578160e-01
327 6.407400e-01 1.228000e-03 3.580320e-01
328 6.404720e-01 1.260000e-03 3.582680e-01
329 6.402400e-01 1.316000e-03 3.584440e-01
330 6.399960e-01 1.316000e-03 3.586880e-01
331 6.397760e-01 1.352000e-03 3.588720e-01
332 6.395760e-01 1.272000e-03 3.591520e-01
333 6.393600e-01 1.248000e-03 3.593920e-01
334 6.392120e-01 1.224000e-03 3.595640e-01
335 6.389840e-01 1.240000e-03 3.597760e-01
336 6.387680e-01 1.192000e-03 3.600400e-01
337 6.385320e-01 1.228000e-03 3.602400e-01
338 6.383360e-01 1.252000e-03 3.604120e-01
339 6.381400e-01 1.244000e-03 3.606160e-01
340 6.379440e-01 1.192000e-03 3.608640e-01
341 6.377120e-01 1.228000e-03 3.610600e-01
342 6.375000e-01 1.208000e-03 3.612920e-01
343 6.372040e-01 1.276000e-03 3.615200e-01
344 6.369600e-01 1.284000e-03 3.617560e-01
345 6.366760e-01 1.360000e-03 3.619640e-01
346 6.363680e-01 1.460000e-03 3.621720e-01
347 6.360760e-01 1.480000e-03 3.624440e-01
348 6.358240e-01 1.412000e-03 3.627640e-01
349 6.355960e-01 1.348000e-03 3.630560e-01
350 6.353760e-01 1.328000e-03 3.632960e-01
351 6.351080e-01 1.316000e-03 3.635760e-01
352 6.347840e-01 1.424000e-03 3.637920e-01
353 6.345360e-01 1.396000e-03 3.640680e-01
354 6.343640e-01 1.316000e-03 3.643200e-01
355 6.342040e-01 1.244000e-03 3.645520e-01
356 6.339840e-01 1.264000e-03 3.647520e-01
357 6.337880e-01 1.232000e-03 3.649800e-01
358 6.335920e-01 1.120000e-03 3.652880e-01
359 6.334160e-01 1.072000e-03 3.655120e-01
360 6.332760e-01 1.028000e-03 3.656960e-01
361 6.330920e-01 9.840000e-04 3.659240e-01
362 6.329240e-01 9.640000e-04 3.661120e-01
363 6.328200e-01 9.040000e-04 3.662760e-01
364 6.327200e-01 8.640000e-04 3.664160e-01
365 6.325680e-01 8.680000e-04 3.665640e-01
366 6.324240e-01 8.400000e-04 3.667360e-01
367 6.322000e-01 8.800000e-04 3.669200e-01
368 6.320320e-01 9.160000e-04 3.670520e-01
369 6.318560e-01 9.440000e-04 3.672000e-01
370 6.317200e-01 9.400000e-04 3.673400e-01
371 6.315680e-01 9.560000e-04 3.674760e-01
372 6.314280e-01 9.160000e-04 3.676560e-01
373 6.312600e-01 9.080000e-04 3.678320e-01
374 6.311320e-01 8.680000e-04 3.680000e-01
375 6.309680e-01 8.320000e-04 3.682000e-01
376 6.307600e-01 8.480000e-04 3.683920e-01
377 6.306520e-01 7.960000e-04 3.685520e-01
378 6.305360e-01 7.840000e-04 3.686800e-01
379 6.303960e-01 7.800000e-04 3.688240e-01
380 6.302480e-01 8.040000e-04 3.689480e-01
381 6.301240e-01 7.880000e-04 3.690880e-01
382 6.299720e-01 8.480000e-04 3.691800e-01
383 6.298160e-01 8.520000e-04 3.693320e-01
384 6.296800e-01 8.680000e-04 3.694520e-01
385 6.295520e-01 8.080000e-04 3.696400e-01
386 6.294160e-01 7.720000e-04 3.698120e-01
387 6.292720e-01 7.960000e-04 3.699320e-01
388 6.291600e-01 7.360000e-04 3.701040e-01
389 6.290440e-01 7.360000e-04 3.702200e-01
390 6.288880e-01 7.480000e-04 3.703640e-01
391 6.287320e-01 7.720000e-04 3.704960e-01
392 6.285800e-01 7.880000e-04 3.706320e-01
393 6.284720e-01 7.800000e-04 3.707480e-01
394 6.283520e-01 7.760000e-04 3.708720e-01
395 6.282280e-01 7.400000e-04 3.710320e-01
396 6.280920e-01 7.640000e-04 3.711440e-01
397 6.278960e-01 8.360000e-04 3.712680e-01
398 6.277440e-01 8.560000e-04 3.714000e-01
399 6.275920e-01 8.160000e-04 3.715920e-01
400 6.274480e-01 8.560000e-04 3.716960e-01
401 6.273000e-01 8.360000e-04 3.718640e-01
402 6.271480e-01 8.600000e-04 3.719920e-01
403 6.270200e-01 8.480000e-04 3.721320e-01
404 6.268520e-01 8.720000e-04 3.722760e-01
405 6.266960e-01 8.720000e-04 3.724320e-01
406 6.265520e-01 8.600000e-04 3.725880e-01
407 6.264680e-01 7.920000e-04 3.727400e-01
408 6.263640e-01 7.560000e-04 3.728800e-01
409 6.262600e-01 7.360000e-04 3.730040e-01
410 6.261320e-01 7.560000e-04 3.731120e-01
411 6.260320e-01 7.280000e-04 3.732400e-01
412 6.259440e-01 6.760000e-04 3.733800e-01
413 6.258120e-01 7.200000e-04 3.734680e-01
414 6.256720e-01 7.560000e-04 3.735720e-01
415 6.255840e-01 6.960000e-04 3.737200e-01
416 6.254880e-01 6.800000e-04 3.738320e-01
417 6.254200e-01 6.280000e-04 3.739520e-01
418 6.253120e-01 6.160000e-04 3.740720e-01
419 6.252080e-01 6.240000e-04 3.741680e-01
420 6.250880e-01 6.360000e-04 3.742760e-01
421 6.249880e-01 6.360000e-04 3.743760e-01
422 6.248960e-01 5.960000e-04 3.745080e-01
423 6.248240e-01 5.360000e-04 3.746400e-01
424 6.247680e-01 5.240000e-04 3.747080e-01
425 6.247000e-01 5.120000e-04 3.747880e-01
426 6.246320e-01 4.960000e-04 3.748720e-01
427 6.245800e-01 4.880000e-04 3.749320e-01
428 6.244840e-01 5.000000e-04 3.750160e-01
429 6.244040e-01 5.000000e-04 3.750960e-01
430 6.243040e-01 5.280000e-04 3.751680e-01
431 6.242240e-01 5.160000e-04 3.752600e-01
432 6.241320e-01 5.400000e-04 3.753280e-01
433 6.240680e-01 4.560000e-04 3.754760e-01
434 6.240240e-01 4.120000e-04 3.755640e-01
435 6.239640e-01 3.960000e-04 3.756400e-01
436 6.239160e-01 3.760000e-04 3.757080e-01
437 6.238560e-01 3.840000e-04 3.757600e-01
438 6.237880e-01 3.880000e-04 3.758240e-01
439 6.237240e-01 4.120000e-04 3.758640e-01
440 6.236600e-01 3.800000e-04 3.759600e-01
441 6.236000e-01 3.600000e-04 3.760400e-01
442 6.235400e-01 3.360000e-04 3.761240e-01
443 6.235120e-01 2.800000e-04 3.762080e-01
444 6.234600e-01 2.480000e-04 3.762920e-01
445 6.233800e-01 2.720000e-04 3.763480e-01
446 6.233160e-01 2.800000e-04 3.764040e-01
447 6.232680e-01 2.880000e-04 3.764440e-01
448 6.232280e-01 2.880000e-04 3.764840e-01
449 6.231840e-01 3.000000e-04 3.765160e-01
450 6.231160e-01 3.320000e-04 3.765520e-01
451 6.230720e-01 3.000000e-04 3.766280e-01
452 6.230360e-01 2.840000e-04 3.766800e-01
453 6.229960e-01 2.800000e-04 3.767240e-01
454 6.229600e-01 2.600000e-04 3.767800e-01
455 6.229360e-01 2.360000e-04 3.768280e-01
456 6.229200e-01 2.240000e-04 3.768560e-01
457 6.229000e-01 2.080000e-04 3.768920e-01
458 6.228800e-01 2.000000e-04 3.769200e-01
459 6.228760e-01 1.720000e-04 3.769520e-01
460 6.228480e-01 1.960000e-04 3.769560e-01
461 6.228360e-01 1.880000e-04 3.769760e-01
462 6.228240e-01 1.800000e-04 3.769960e-01
463 6.228000e-01 1.560000e-04 3.770440e-01
464 6.227680e-01 1.600000e-04 3.770720e-01
465 6.227480e-01 1.720000e-04 3.770800e-01
466 6.227320e-01 1.640000e-04 3.771040e-01
467 6.227080e-01 1.560000e-04 3.771360e-01
468 6.226840e-01 1.480000e-04 3.771680e-01
469 6.226520e-01 1.480000e-04 3.772000e-01
470 6.226160e-01 1.480000e-04 3.772360e-01
471 6.225840e-01 1.600000e-04 3.772560e-01
472 6.225440e-01 1.840000e-04 3.772720e-01
473 6.225040e-01 2.040000e-04 3.772920e-01
474 6.224960e-01 1.760000e-04 3.773280e-01
475 6.224680e-01 1.840000e-04 3.773480e-01
476 6.224480e-01 1.480000e-04 3.774040e-01
477 6.224280e-01 1.240000e-04 3.774480e-01
478 6.224160e-01 1.080000e-04 3.774760e-01
479 6.223880e-01 1.200000e-04 3.774920e-01
480 6.223720e-01 1.200000e-04 3.775080e-01
481 6.223600e-01 1.240000e-04 3.775160e-01
482 6.223400e-01 1.240000e-04 3.775360e-01
483 6.222920e-01 1.440000e-04 3.775640e-01
484 6.222480e-01 1.720000e-04 3.775800e-01
485 6.222120e-01 1.680000e-04 3.776200e-01
486 6.221800e-01 1.720000e-04 3.776480e-01
487 6.221520e-01 1.840000e-04 3.776640e-01
488 6.221080e-01 1.960000e-04 3.776960e-01
489 6.220720e-01 1.760000e-04 3.777520e-01
490 6.220440e-01 1.760000e-04 3.777800e-01
491 6.220120e-01 1.760000e-04 3.778120e-01
492 6.219960e-01 1.680000e-04 3.778360e-01
493 6.219800e-01 1.600000e-04 3.778600e-01
494 6.219600e-01 1.560000e-04 3.778840e-01
495 6.219520e-01 1.240000e-04 3.779240e-01
496 6.219520e-01 9.600000e-05 3.779520e-01
497 6.219320e-01 8.400000e-05 3.779840e-01
498 6.219080e-01 1.040000e-04 3.779880e-01
499 6.218920e-01 9.600000e-05 3.780120e-01
500 6.218560e-01 1.280000e-04 3.780160e-01
