1 9.992320e-01 6.960000e-04 7.200000e-05
2 9.986880e-01 1.112000e-03 2.000000e-04
3 9.981000e-01 1.484000e-03 4.160000e-04
4 9.972760e-01 1.980000e-03 7.440000e-04
5 9.964360e-01 2.372000e-03 1.192000e-03
6 9.955760e-01 2.820000e-03 1.604000e-03
7 9.945800e-01 3.300000e-03 2.120000e-03
8 9.936240e-01 3.668000e-03 2.708000e-03
9 9.926040e-01 4.000000e-03 3.396000e-03
10 9.916120e-01 4.268000e-03 4.120000e-03
11 9.903200e-01 4.792000e-03 4.888000e-03
12 9.891040e-01 5.116000e-03 5.780000e-03
13 9.878080e-01 5.472000e-03 6.720000e-03
14 9.865520e-01 5.760000e-03 7.688000e-03
15 9.852840e-01 5.996000e-03 8.720000e-03
16 9.840760e-01 6.188000e-03 9.736000e-03
17 9.826840e-01 6.576000e-03 1.074000e-02
18 9.813360e-01 6.688000e-03 1.197600e-02
19 9.799640e-01 6.904000e-03 1.313200e-02
20 9.785000e-01 7.188000e-03 1.431200e-02
21 9.769880e-01 7.444000e-03 1.556800e-02
22 9.754320e-01 7.724000e-03 1.684400e-02
23 9.739960e-01 7.964000e-03 1.804000e-02
24 9.725120e-01 7.980000e-03 1.950800e-02
25 9.711560e-01 7.988000e-03 2.085600e-02
26 9.697640e-01 7.988000e-03 2.224800e-02
27 9.682760e-01 8.096000e-03 2.362800e-02
28 9.668880e-01 8.060000e-03 2.505200e-02
29 9.655120e-01 8.032000e-03 2.645600e-02
30 9.640320e-01 8.132000e-03 2.783600e-02
31 9.623880e-01 8.376000e-03 2.923600e-02
32 9.608520e-01 8.612000e-03 3.053600e-02
33 9.591600e-01 8.660000e-03 3.218000e-02
34 9.574920e-01 8.876000e-03 3.363200e-02
35 9.558480e-01 8.924000e-03 3.522800e-02
36 9.542440e-01 8.920000e-03 3.683600e-02
37 9.526280e-01 8.964000e-03 3.840800e-02
38 9.512240e-01 8.824000e-03 3.995200e-02
39 9.494800e-01 9.048000e-03 4.147200e-02
40 9.479400e-01 9.024000e-03 4.303600e-02
41 9.462480e-01 9.172000e-03 4.458000e-02
42 9.445200e-01 9.332000e-03 4.614800e-02
43 9.429400e-01 9.248000e-03 4.781200e-02
44 9.410760e-01 9.480000e-03 4.944400e-02
45 9.393160e-01 9.320000e-03 5.136400e-02
46 9.375880e-01 9.476000e-03 5.293600e-02
47 9.358760e-01 9.536000e-03 5.458800e-02
48 9.341160e-01 9.640000e-03 5.624400e-02
49 9.323400e-01 9.664000e-03 5.799600e-02
50 9.306920e-01 9.772000e-03 5.953600e-02
51 9.289600e-01 9.724000e-03 6.131600e-02
52 9.272440e-01 9.776000e-03 6.298000e-02
53 9.256160e-01 9.716000e-03 6.466800e-02
54 9.238560e-01 9.692000e-03 6.645200e-02
55 9.220680e-01 9.868000e-03 6.806400e-02
56 9.202320e-01 9.744000e-03 7.002400e-02
57 9.184800e-01 9.808000e-03 7.171200e-02
58 9.168600e-01 9.632000e-03 7.350800e-02
59 9.152160e-01 9.688000e-03 7.509600e-02
60 9.135640e-01 9.724000e-03 7.671200e-02
61 9.117320e-01 9.732000e-03 7.853600e-02
62 9.102160e-01 9.672000e-03 8.011200e-02
63 9.085960e-01 9.544000e-03 8.186000e-02
64 9.070560e-01 9.400000e-03 8.354400e-02
65 9.054720e-01 9.408000e-03 8.512000e-02
66 9.041160e-01 9.252000e-03 8.663200e-02
67 9.025720e-01 9.212000e-03 8.821600e-02
68 9.010440e-01 9.092000e-03 8.986400e-02
69 8.994000e-01 9.076000e-03 9.152400e-02
70 8.976720e-01 9.216000e-03 9.311200e-02
71 8.961600e-01 9.096000e-03 9.474400e-02
72 8.946640e-01 9.080000e-03 9.625600e-02
73 8.931680e-01 8.972000e-03 9.786000e-02
74 8.915120e-01 9.076000e-03 9.941200e-02
75 8.900280e-01 9.020000e-03 1.009520e-01
76 8.885560e-01 8.912000e-03 1.025320e-01
77 8.870800e-01 8.844000e-03 1.040760e-01
78 8.856320e-01 8.720000e-03 1.056480e-01
79 8.841720e-01 8.552000e-03 1.072760e-01
80 8.827960e-01 8.480000e-03 1.087240e-01
81 8.812440e-01 8.572000e-03 1.101840e-01
82 8.798040e-01 8.524000e-03 1.116720e-01
83 8.784320e-01 8.416000e-03 1.131520e-01
84 8.770320e-01 8.260000e-03 1.147080e-01
85 8.758040e-01 8.032000e-03 1.161640e-01
86 8.743760e-01 8.152000e-03 1.174720e-01
87 8.730480e-01 7.992000e-03 1.189600e-01
88 8.717360e-01 7.968000e-03 1.202960e-01
89 8.704160e-01 7.804000e-03 1.217800e-01
90 8.691120e-01 7.684000e-03 1.232040e-01
91 8.677200e-01 7.716000e-03 1.245640e-01
92 8.662800e-01 7.748000e-03 1.259720e-01
93 8.648640e-01 7.680000e-03 1.274560e-01
94 8.634920e-01 7.656000e-03 1.288520e-01
95 8.619840e-01 7.876000e-03 1.301400e-01
96 8.605840e-01 7.900000e-03 1.315160e-01
97 8.592680e-01 7.772000e-03 1.329600e-01
98 8.580240e-01 7.664000e-03 1.343120e-01
99 8.567040e-01 7.672000e-03 1.356240e-01
100 8.552480e-01 7.824000e-03 1.369280e-01
101 8.539080e-01 7.728000e-03 1.383640e-01
102 8.525720e-01 7.620000e-03 1.398080e-01
103 8.513240e-01 7.624000e-03 1.410520e-01
104 8.500520e-01 7.708000e-03 1.422400e-01
105 8.488600e-01 7.532000e-03 1.436080e-01
106 8.476120e-01 7.480000e-03 1.449080e-01
107 8.462040e-01 7.644000e-03 1.461520e-01
108 8.448720e-01 7.604000e-03 1.475240e-01
109 8.436200e-01 7.612000e-03 1.487680e-01
110 8.424240e-01 7.432000e-03 1.501440e-01
111 8.412800e-01 7.272000e-03 1.514480e-01
112 8.401400e-01 7.176000e-03 1.526840e-01
113 8.391120e-01 6.868000e-03 1.540200e-01
114 8.379360e-01 6.900000e-03 1.551640e-01
115 8.367720e-01 6.836000e-03 1.563920e-01
116 8.355280e-01 6.856000e-03 1.576160e-01
117 8.343120e-01 6.904000e-03 1.587840e-01
118 8.331320e-01 6.868000e-03 1.600000e-01
119 8.319200e-01 6.832000e-03 1.612480e-01
120 8.307920e-01 6.796000e-03 1.624120e-01
121 8.297800e-01 6.628000e-03 1.635920e-01
122 8.286920e-01 6.608000e-03 1.647000e-01
123 8.276640e-01 6.504000e-03 1.658320e-01
124 8.263800e-01 6.588000e-03 1.670320e-01
125 8.252440e-01 6.544000e-03 1.682120e-01
126 8.241200e-01 6.548000e-03 1.693320e-01
127 8.229040e-01 6.556000e-03 1.705400e-01
128 8.218080e-01 6.516000e-03 1.716760e-01
129 8.207760e-01 6.452000e-03 1.727720e-01
130 8.197120e-01 6.416000e-03 1.738720e-01
131 8.185800e-01 6.352000e-03 1.750680e-01
132 8.175280e-01 6.296000e-03 1.761760e-01
133 8.165320e-01 6.116000e-03 1.773520e-01
134 8.154000e-01 6.152000e-03 1.784480e-01
135 8.141440e-01 6.240000e-03 1.796160e-01
136 8.130480e-01 6.280000e-03 1.806720e-01
137 8.120040e-01 6.236000e-03 1.817600e-01
138 8.107880e-01 6.348000e-03 1.828640e-01
139 8.095520e-01 6.360000e-03 1.840880e-01
140 8.084600e-01 6.248000e-03 1.852920e-01
141 8.073080e-01 6.200000e-03 1.864920e-01
142 8.062240e-01 6.168000e-03 1.876080e-01
143 8.051240e-01 6.212000e-03 1.886640e-01
144 8.039080e-01 6.216000e-03 1.898760e-01
145 8.026920e-01 6.360000e-03 1.909480e-01
146 8.015720e-01 6.248000e-03 1.921800e-01
147 8.004560e-01 6.284000e-03 1.932600e-01
148 7.993040e-01 6.316000e-03 1.943800e-01
149 7.980760e-01 6.464000e-03 1.954600e-01
150 7.968800e-01 6.604000e-03 1.965160e-01
151 7.957560e-01 6.548000e-03 1.976960e-01
152 7.945040e-01 6.700000e-03 1.987960e-01
153 7.933920e-01 6.672000e-03 1.999360e-01
154 7.924240e-01 6.384000e-03 2.011920e-01
155 7.914960e-01 6.220000e-03 2.022840e-01
156 7.904960e-01 6.112000e-03 2.033920e-01
157 7.894000e-01 6.156000e-03 2.044440e-01
158 7.885400e-01 5.900000e-03 2.055600e-01
159 7.875920e-01 5.740000e-03 2.066680e-01
160 7.865520e-01 5.728000e-03 2.077200e-01
161 7.856960e-01 5.692000e-03 2.086120e-01
162 7.847880e-01 5.664000e-03 2.095480e-01
163 7.838240e-01 5.608000e-03 2.105680e-01
164 7.829080e-01 5.596000e-03 2.114960e-01
165 7.820840e-01 5.496000e-03 2.124200e-01
166 7.813000e-01 5.328000e-03 2.133720e-01
167 7.804440e-01 5.284000e-03 2.142720e-01
168 7.796200e-01 5.200000e-03 2.151800e-01
169 7.787720e-01 5.272000e-03 2.159560e-01
170 7.776800e-01 5.508000e-03 2.168120e-01
171 7.768000e-01 5.456000e-03 2.177440e-01
172 7.757920e-01 5.528000e-03 2.186800e-01
173 7.748160e-01 5.572000e-03 2.196120e-01
174 7.736880e-01 5.760000e-03 2.205520e-01
175 7.726080e-01 5.788000e-03 2.216040e-01
176 7.715880e-01 5.784000e-03 2.226280e-01
177 7.706240e-01 5.712000e-03 2.236640e-01
178 7.697000e-01 5.496000e-03 2.248040e-01
179 7.688400e-01 5.360000e-03 2.258000e-01
180 7.680320e-01 5.244000e-03 2.267240e-01
181 7.671680e-01 5.260000e-03 2.275720e-01
182 7.662360e-01 5.232000e-03 2.285320e-01
183 7.652280e-01 5.332000e-03 2.294400e-01
184 7.643240e-01 5.396000e-03 2.302800e-01
185 7.633880e-01 5.420000e-03 2.311920e-01
186 7.624560e-01 5.500000e-03 2.320440e-01
187 7.614840e-01 5.500000e-03 2.330160e-01
188 7.604680e-01 5.448000e-03 2.340840e-01
189 7.595640e-01 5.312000e-03 2.351240e-01
190 7.586680e-01 5.280000e-03 2.360520e-01
191 7.577960e-01 5.272000e-03 2.369320e-01
192 7.571000e-01 5.020000e-03 2.378800e-01
193 7.562720e-01 4.956000e-03 2.387720e-01
194 7.554200e-01 5.044000e-03 2.395360e-01
195 7.545960e-01 4.984000e-03 2.404200e-01
196 7.538400e-01 4.880000e-03 2.412800e-01
197 7.528440e-01 4.992000e-03 2.421640e-01
198 7.518120e-01 5.048000e-03 2.431400e-01
199 7.509760e-01 5.028000e-03 2.439960e-01
200 7.499480e-01 5.208000e-03 2.448440e-01
201 7.491400e-01 5.152000e-03 2.457080e-01
202 7.483720e-01 5.112000e-03 2.465160e-01
203 7.476080e-01 4.936000e-03 2.474560e-01
204 7.466160e-01 4.988000e-03 2.483960e-01
205 7.457880e-01 4.904000e-03 2.493080e-01
206 7.450800e-01 4.852000e-03 2.500680e-01
207 7.443240e-01 4.712000e-03 2.509640e-01
208 7.436280e-01 4.576000e-03 2.517960e-01
209 7.429360e-01 4.360000e-03 2.527040e-01
210 7.422360e-01 4.324000e-03 2.534400e-01
211 7.416720e-01 4.128000e-03 2.542000e-01
212 7.410200e-01 4.072000e-03 2.549080e-01
213 7.403440e-01 4.068000e-03 2.555880e-01
214 7.396960e-01 3.936000e-03 2.563680e-01
215 7.390480e-01 3.984000e-03 2.569680e-01
216 7.383440e-01 3.956000e-03 2.577000e-01
217 7.378080e-01 3.872000e-03 2.583200e-01
218 7.371920e-01 3.816000e-03 2.589920e-01
219 7.366280e-01 3.720000e-03 2.596520e-01
220 7.359680e-01 3.732000e-03 2.603000e-01
221 7.353560e-01 3.692000e-03 2.609520e-01
222 7.346880e-01 3.752000e-03 2.615600e-01
223 7.339720e-01 3.784000e-03 2.622440e-01
224 7.332880e-01 3.884000e-03 2.628280e-01
225 7.327920e-01 3.652000e-03 2.635560e-01
226 7.322360e-01 3.540000e-03 2.642240e-01
227 7.316040e-01 3.560000e-03 2.648360e-01
228 7.309800e-01 3.460000e-03 2.655600e-01
229 7.304720e-01 3.444000e-03 2.660840e-01
230 7.299800e-01 3.304000e-03 2.667160e-01
231 7.294800e-01 3.160000e-03 2.673600e-01
232 7.290520e-01 3.056000e-03 2.678920e-01
233 7.286280e-01 2.948000e-03 2.684240e-01
234 7.281440e-01 2.980000e-03 2.688760e-01
235 7.276840e-01 2.968000e-03 2.693480e-01
236 7.272520e-01 2.860000e-03 2.698880e-01
237 7.267520e-01 2.904000e-03 2.703440e-01
238 7.263000e-01 2.892000e-03 2.708080e-01
239 7.258200e-01 2.820000e-03 2.713600e-01
240 7.252920e-01 2.824000e-03 2.718840e-01
241 7.248680e-01 2.720000e-03 2.724120e-01
242 7.243520e-01 2.740000e-03 2.729080e-01
243 7.239680e-01 2.572000e-03 2.734600e-01
244 7.234920e-01 2.572000e-03 2.739360e-01
245 7.230880e-01 2.448000e-03 2.744640e-01
246 7.226880e-01 2.416000e-03 2.748960e-01
247 7.222360e-01 2.472000e-03 2.752920e-01
248 7.218360e-01 2.396000e-03 2.757680e-01
249 7.214400e-01 2.408000e-03 2.761520e-01
250 7.210840e-01 2.400000e-03 2.765160e-01
251 7.207480e-01 2.352000e-03 2.769000e-01
252 7.203760e-01 2.372000e-03 2.772520e-01
253 7.200680e-01 2.304000e-03 2.776280e-01
254 7.196520e-01 2.328000e-03 2.780200e-01
255 7.191560e-01 2.520000e-03 2.783240e-01
256 7.187440e-01 2.532000e-03 2.787240e-01
257 7.182800e-01 2.584000e-03 2.791360e-01
258 7.178320e-01 2.588000e-03 2.795800e-01
259 7.173880e-01 2.548000e-03 2.800640e-01
260 7.169320e-01 2.524000e-03 2.805440e-01
261 7.165520e-01 2.520000e-03 2.809280e-01
262 7.161040e-01 2.560000e-03 2.813360e-01
263 7.156800e-01 2.564000e-03 2.817560e-01
264 7.152280e-01 2.576000e-03 2.821960e-01
265 7.148680e-01 2.496000e-03 2.826360e-01
266 7.145120e-01 2.476000e-03 2.830120e-01
267 7.141480e-01 2.444000e-03 2.834080e-01
268 7.137360e-01 2.392000e-03 2.838720e-01
269 7.133880e-01 2.296000e-03 2.843160e-01
270 7.130520e-01 2.220000e-03 2.847280e-01
271 7.126960e-01 2.108000e-03 2.851960e-01
272 7.123320e-01 2.100000e-03 2.855680e-01
273 7.119840e-01 2.120000e-03 2.858960e-01
274 7.116480e-01 2.084000e-03 2.862680e-01
275 7.111760e-01 2.176000e-03 2.866480e-01
276 7.107920e-01 2.188000e-03 2.870200e-01
277 7.103680e-01 2.288000e-03 2.873440e-01
278 7.099920e-01 2.252000e-03 2.877560e-01
279 7.095960e-01 2.260000e-03 2.881440e-01
280 7.092600e-01 2.252000e-03 2.884880e-01
281 7.089480e-01 2.152000e-03 2.889000e-01
282 7.086560e-01 2.064000e-03 2.892800e-01
283 7.083640e-01 1.944000e-03 2.896920e-01
284 7.080920e-01 1.836000e-03 2.900720e-01
285 7.078360e-01 1.812000e-03 2.903520e-01
286 7.075240e-01 1.876000e-03 2.906000e-01
287 7.072480e-01 1.784000e-03 2.909680e-01
288 7.069680e-01 1.724000e-03 2.913080e-01
289 7.067000e-01 1.716000e-03 2.915840e-01
290 7.063240e-01 1.764000e-03 2.919120e-01
291 7.059920e-01 1.808000e-03 2.922000e-01
292 7.056120e-01 1.880000e-03 2.925080e-01
293 7.052640e-01 1.892000e-03 2.928440e-01
294 7.049480e-01 1.844000e-03 2.932080e-01
295 7.046960e-01 1.728000e-03 2.935760e-01
296 7.044000e-01 1.756000e-03 2.938440e-01
297 7.040960e-01 1.796000e-03 2.941080e-01
298 7.038000e-01 1.772000e-03 2.944280e-01
299 7.035520e-01 1.728000e-03 2.947200e-01
300 7.032880e-01 1.712000e-03 2.950000e-01
301 7.029560e-01 1.700000e-03 2.953440e-01
302 7.026000e-01 1.760000e-03 2.956400e-01
303 7.022640e-01 1.796000e-03 2.959400e-01
304 7.019200e-01 1.784000e-03 2.962960e-01
305 7.016480e-01 1.708000e-03 2.966440e-01
306 7.014000e-01 1.716000e-03 2.968840e-01
307 7.011280e-01 1.640000e-03 2.972320e-01
308 7.007920e-01 1.688000e-03 2.975200e-01
309 7.004920e-01 1.664000e-03 2.978440e-01
310 7.000920e-01 1.780000e-03 2.981280e-01
311 6.998120e-01 1.668000e-03 2.985200e-01
312 6.995200e-01 1.676000e-03 2.988040e-01
313 6.991480e-01 1.768000e-03 2.990840e-01
314 6.987880e-01 1.836000e-03 2.993760e-01
315 6.984600e-01 1.872000e-03 2.996680e-01
316 6.981360e-01 1.848000e-03 3.000160e-01
317 6.977680e-01 1.896000e-03 3.003360e-01
318 6.974920e-01 1.800000e-03 3.007080e-01
319 6.971400e-01 1.844000e-03 3.010160e-01
320 6.968200e-01 1.872000e-03 3.013080e-01
321 6.965720e-01 1.736000e-03 3.016920e-01
322 6.962480e-01 1.736000e-03 3.020160e-01
323 6.960320e-01 1.628000e-03 3.023400e-01
324 6.958120e-01 1.592000e-03 3.025960e-01
325 6.955960e-01 1.568000e-03 3.028360e-01
326 6.952920e-01 1.632000e-03 3.030760e-01
327 6.950520e-01 1.568000e-03 3.033800e-01
328 6.946920e-01 1.664000e-03 3.036440e-01
329 6.943920e-01 1.660000e-03 3.039480e-01
330 6.941240e-01 1.692000e-03 3.041840e-01
331 6.938720e-01 1.704000e-03 3.044240e-01
332 6.936200e-01 1.612000e-03 3.047680e-01
333 6.933200e-01 1.628000e-03 3.050520e-01
334 6.930280e-01 1.668000e-03 3.053040e-01
335 6.927640e-01 1.636000e-03 3.056000e-01
336 6.924840e-01 1.632000e-03 3.058840e-01
337 6.922560e-01 1.596000e-03 3.061480e-01
338 6.920080e-01 1.588000e-03 3.064040e-01
339 6.917040e-01 1.612000e-03 3.066840e-01
340 6.914160e-01 1.628000e-03 3.069560e-01
341 6.910880e-01 1.644000e-03 3.072680e-01
342 6.907800e-01 1.692000e-03 3.075280e-01
343 6.904680e-01 1.700000e-03 3.078320e-01
344 6.901080e-01 1.760000e-03 3.081320e-01
345 6.898120e-01 1.760000e-03 3.084280e-01
346 6.894920e-01 1.780000e-03 3.087280e-01
347 6.892240e-01 1.748000e-03 3.090280e-01
348 6.889800e-01 1.660000e-03 3.093600e-01
349 6.886960e-01 1.676000e-03 3.096280e-01
350 6.883640e-01 1.740000e-03 3.098960e-01
351 6.879800e-01 1.788000e-03 3.102320e-01
352 6.876680e-01 1.860000e-03 3.104720e-01
353 6.874680e-01 1.748000e-03 3.107840e-01
354 6.872040e-01 1.692000e-03 3.111040e-01
355 6.869400e-01 1.656000e-03 3.114040e-01
356 6.866440e-01 1.576000e-03 3.117800e-01
357 6.863720e-01 1.596000e-03 3.120320e-01
358 6.861360e-01 1.564000e-03 3.123000e-01
359 6.859000e-01 1.536000e-03 3.125640e-01
360 6.856000e-01 1.540000e-03 3.128600e-01
361 6.853200e-01 1.548000e-03 3.131320e-01
362 6.851120e-01 1.500000e-03 3.133880e-01
363 6.849040e-01 1.416000e-03 3.136800e-01
364 6.846320e-01 1.416000e-03 3.139520e-01
365 6.843600e-01 1.396000e-03 3.142440e-01
366 6.840800e-01 1.408000e-03 3.145120e-01
367 6.838840e-01 1.372000e-03 3.147440e-01
368 6.836840e-01 1.328000e-03 3.149880e-01
369 6.834720e-01 1.360000e-03 3.151680e-01
370 6.831440e-01 1.448000e-03 3.154080e-01
371 6.828680e-01 1.472000e-03 3.156600e-01
372 6.826200e-01 1.548000e-03 3.158320e-01
373 6.824000e-01 1.540000e-03 3.160600e-01
374 6.820600e-01 1.652000e-03 3.162880e-01
375 6.817640e-01 1.672000e-03 3.165640e-01
376 6.814720e-01 1.628000e-03 3.169000e-01
377 6.811680e-01 1.656000e-03 3.171760e-01
378 6.808920e-01 1.624000e-03 3.174840e-01
379 6.805960e-01 1.592000e-03 3.178120e-01
380 6.803240e-01 1.560000e-03 3.181160e-01
381 6.801320e-01 1.496000e-03 3.183720e-01
382 6.798600e-01 1.472000e-03 3.186680e-01
383 6.796240e-01 1.460000e-03 3.189160e-01
384 6.793800e-01 1.436000e-03 3.191840e-01
385 6.791600e-01 1.436000e-03 3.194040e-01
386 6.788960e-01 1.444000e-03 3.196600e-01
387 6.786680e-01 1.364000e-03 3.199680e-01
388 6.784560e-01 1.348000e-03 3.201960e-01
389 6.782560e-01 1.324000e-03 3.204200e-01
390 6.780200e-01 1.328000e-03 3.206520e-01
391 6.777680e-01 1.356000e-03 3.208760e-01
392 6.775560e-01 1.332000e-03 3.211120e-01
393 6.772680e-01 1.332000e-03 3.214000e-01
394 6.770480e-01 1.308000e-03 3.216440e-01
395 6.768560e-01 1.256000e-03 3.218880e-01
396 6.766880e-01 1.244000e-03 3.220680e-01
397 6.765160e-01 1.112000e-03 3.223720e-01
398 6.763400e-01 1.100000e-03 3.225600e-01
399 6.762120e-01 1.052000e-03 3.227360e-01
400 6.760840e-01 1.000000e-03 3.229160e-01
401 6.759400e-01 1.004000e-03 3.230560e-01
402 6.758200e-01 9.240000e-04 3.232560e-01
403 6.756880e-01 8.920000e-04 3.234200e-01
404 6.755160e-01 8.600000e-04 3.236240e-01
405 6.753760e-01 8.720000e-04 3.237520e-01
406 6.752240e-01 8.760000e-04 3.239000e-01
407 6.750480e-01 8.960000e-04 3.240560e-01
408 6.749040e-01 8.880000e-04 3.242080e-01
409 6.747480e-01 8.760000e-04 3.243760e-01
410 6.745840e-01 9.000000e-04 3.245160e-01
411 6.744160e-01 9.200000e-04 3.246640e-01
412 6.742400e-01 9.160000e-04 3.248440e-01
413 6.740160e-01 9.920000e-04 3.249920e-01
414 6.738320e-01 9.960000e-04 3.251720e-01
415 6.736480e-01 9.520000e-04 3.254000e-01
416 6.734920e-01 9.640000e-04 3.255440e-01
417 6.733240e-01 9.560000e-04 3.257200e-01
418 6.731800e-01 9.240000e-04 3.258960e-01
419 6.730720e-01 8.760000e-04 3.260520e-01
420 6.729120e-01 8.720000e-04 3.262160e-01
421 6.727640e-01 8.840000e-04 3.263520e-01
422 6.726080e-01 8.920000e-04 3.265000e-01
423 6.724120e-01 9.120000e-04 3.266760e-01
424 6.722240e-01 9.600000e-04 3.268160e-01
425 6.720160e-01 1.000000e-03 3.269840e-01
426 6.718360e-01 1.028000e-03 3.271360e-01
427 6.716480e-01 1.024000e-03 3.273280e-01
428 6.714680e-01 1.008000e-03 3.275240e-01
429 6.712160e-01 1.072000e-03 3.277120e-01
430 6.710080e-01 1.076000e-03 3.279160e-01
431 6.708120e-01 1.064000e-03 3.281240e-01
432 6.706840e-01 1.032000e-03 3.282840e-01
433 6.705560e-01 9.680000e-04 3.284760e-01
434 6.703880e-01 9.840000e-04 3.286280e-01
435 6.702520e-01 9.440000e-04 3.288040e-01
436 6.701080e-01 9.040000e-04 3.289880e-01
437 6.698960e-01 9.480000e-04 3.291560e-01
438 6.697280e-01 9.320000e-04 3.293400e-01
439 6.695640e-01 9.560000e-04 3.294800e-01
440 6.693640e-01 1.000000e-03 3.296360e-01
441 6.692000e-01 9.480000e-04 3.298520e-01
442 6.689960e-01 9.640000e-04 3.300400e-01
443 6.688200e-01 9.920000e-04 3.301880e-01
444 6.686320e-01 1.040000e-03 3.303280e-01
445 6.684040e-01 1.080000e-03 3.305160e-01
446 6.682160e-01 1.120000e-03 3.306640e-01
447 6.680720e-01 1.068000e-03 3.308600e-01
448 6.678720e-01 1.096000e-03 3.310320e-01
449 6.677120e-01 1.048000e-03 3.312400e-01
450 6.674920e-01 1.116000e-03 3.313920e-01
451 6.673040e-01 1.124000e-03 3.315720e-01
452 6.670920e-01 1.152000e-03 3.317560e-01
453 6.668320e-01 1.176000e-03 3.319920e-01
454 6.666880e-01 1.144000e-03 3.321680e-01
455 6.665120e-01 1.100000e-03 3.323880e-01
456 6.663600e-01 1.080000e-03 3.325600e-01
457 6.662160e-01 1.040000e-03 3.327440e-01
458 6.660520e-01 9.680000e-04 3.329800e-01
459 6.659160e-01 9.160000e-04 3.331680e-01
460 6.657760e-01 8.800000e-04 3.333440e-01
461 6.656680e-01 8.440000e-04 3.334880e-01
462 6.655560e-01 8.240000e-04 3.336200e-01
463 6.654280e-01 7.960000e-04 3.337760e-01
464 6.652520e-01 8.360000e-04 3.339120e-01
465 6.650760e-01 8.880000e-04 3.340360e-01
466 6.648800e-01 9.280000e-04 3.341920e-01
467 6.647400e-01 9.160000e-04 3.343440e-01
468 6.645880e-01 9.440000e-04 3.344680e-01
469 6.644400e-01 9.160000e-04 3.346440e-01
470 6.642800e-01 8.720000e-04 3.348480e-01
471 6.640680e-01 9.120000e-04 3.350200e-01
472 6.639200e-01 9.040000e-04 3.351760e-01
473 6.637520e-01 8.920000e-04 3.353560e-01
474 6.635760e-01 8.960000e-04 3.355280e-01
475 6.634160e-01 9.200000e-04 3.356640e-01
476 6.632200e-01 9.400000e-04 3.358400e-01
477 6.630720e-01 9.520000e-04 3.359760e-01
478 6.629320e-01 9.080000e-04 3.361600e-01
479 6.628160e-01 8.760000e-04 3.363080e-01
480 6.626720e-01 9.000000e-04 3.364280e-01
481 6.625280e-01 8.960000e-04 3.365760e-01
482 6.623800e-01 9.120000e-04 3.367080e-01
483 6.622360e-01 8.800000e-04 3.368840e-01
484 6.620800e-01 8.600000e-04 3.370600e-01
485 6.619360e-01 8.360000e-04 3.372280e-01
486 6.618080e-01 7.960000e-04 3.373960e-01
487 6.616960e-01 7.720000e-04 3.375320e-01
488 6.615520e-01 7.960000e-04 3.376520e-01
489 6.613680e-01 8.760000e-04 3.377560e-01
490 6.612240e-01 8.760000e-04 3.379000e-01
491 6.610280e-01 8.600000e-04 3.381120e-01
492 6.608920e-01 8.360000e-04 3.382720e-01
493 6.607320e-01 8.200000e-04 3.384480e-01
494 6.605600e-01 8.720000e-04 3.385680e-01
495 6.603240e-01 9.080000e-04 3.387680e-01
496 6.600480e-01 1.060000e-03 3.388920e-01
497 6.598240e-01 1.088000e-03 3.390880e-01
498 6.595600e-01 1.152000e-03 3.392880e-01
499 6.593000e-01 1.160000e-03 3.395400e-01
500 6.590200e-01 1.212000e-03 3.397680e-01
