1 9.992000e-01 6.840000e-04 1.160000e-04
2 9.986960e-01 1.036000e-03 2.680000e-04
3 9.981040e-01 1.396000e-03 5.000000e-04
4 9.973840e-01 1.784000e-03 8.320000e-04
5 9.966680e-01 2.176000e-03 1.156000e-03
6 9.958600e-01 2.568000e-03 1.572000e-03
7 9.950320e-01 2.904000e-03 2.064000e-03
8 9.939760e-01 3.488000e-03 2.536000e-03
9 9.930360e-01 3.848000e-03 3.116000e-03
10 9.921240e-01 4.048000e-03 3.828000e-03
11 9.910080e-01 4.452000e-03 4.540000e-03
12 9.899640e-01 4.812000e-03 5.224000e-03
13 9.889000e-01 5.100000e-03 6.000000e-03
14 9.877120e-01 5.336000e-03 6.952000e-03
15 9.865160e-01 5.548000e-03 7.936000e-03
16 9.852840e-01 5.740000e-03 8.976000e-03
17 9.842280e-01 5.732000e-03 1.004000e-02
18 9.829000e-01 6.080000e-03 1.102000e-02
19 9.815040e-01 6.368000e-03 1.212800e-02
20 9.801800e-01 6.552000e-03 1.326800e-02
21 9.788920e-01 6.676000e-03 1.443200e-02
22 9.775880e-01 6.820000e-03 1.559200e-02
23 9.763440e-01 6.864000e-03 1.679200e-02
24 9.751080e-01 6.952000e-03 1.794000e-02
25 9.735560e-01 7.164000e-03 1.928000e-02
26 9.719720e-01 7.400000e-03 2.062800e-02
27 9.707000e-01 7.344000e-03 2.195600e-02
28 9.691360e-01 7.632000e-03 2.323200e-02
29 9.678200e-01 7.564000e-03 2.461600e-02
30 9.664240e-01 7.624000e-03 2.595200e-02
31 9.649840e-01 7.856000e-03 2.716000e-02
32 9.634360e-01 8.064000e-03 2.850000e-02
33 9.617120e-01 8.364000e-03 2.992400e-02
34 9.602240e-01 8.448000e-03 3.132800e-02
35 9.585960e-01 8.680000e-03 3.272400e-02
36 9.568600e-01 8.908000e-03 3.423200e-02
37 9.552480e-01 9.076000e-03 3.567600e-02
38 9.538040e-01 8.960000e-03 3.723600e-02
39 9.523240e-01 8.748000e-03 3.892800e-02
40 9.506240e-01 9.084000e-03 4.029200e-02
41 9.489560e-01 9.224000e-03 4.182000e-02
42 9.471400e-01 9.312000e-03 4.354800e-02
43 9.452240e-01 9.716000e-03 4.506000e-02
44 9.433840e-01 9.864000e-03 4.675200e-02
45 9.416280e-01 9.860000e-03 4.851200e-02
46 9.397920e-01 9.944000e-03 5.026400e-02
47 9.377920e-01 1.009200e-02 5.211600e-02
48 9.359280e-01 1.016000e-02 5.391200e-02
49 9.340840e-01 1.030400e-02 5.561200e-02
50 9.322040e-01 1.033600e-02 5.746000e-02
51 9.303120e-01 1.030400e-02 5.938400e-02
52 9.284800e-01 1.026800e-02 6.125200e-02
53 9.266520e-01 1.043200e-02 6.291600e-02
54 9.247560e-01 1.059200e-02 6.465200e-02
55 9.228760e-01 1.075600e-02 6.636800e-02
56 9.208960e-01 1.069600e-02 6.840800e-02
57 9.190480e-01 1.067600e-02 7.027600e-02
58 9.170040e-01 1.086800e-02 7.212800e-02
59 9.150840e-01 1.089200e-02 7.402400e-02
60 9.133440e-01 1.068400e-02 7.597200e-02
61 9.114520e-01 1.076400e-02 7.778400e-02
62 9.093640e-01 1.102000e-02 7.961600e-02
63 9.074840e-01 1.084000e-02 8.167600e-02
64 9.055440e-01 1.093200e-02 8.352400e-02
65 9.035280e-01 1.113600e-02 8.533600e-02
66 9.015360e-01 1.115600e-02 8.730800e-02
67 8.998160e-01 1.078000e-02 8.940400e-02
68 8.981000e-01 1.058800e-02 9.131200e-02
69 8.961960e-01 1.061600e-02 9.318800e-02
70 8.943400e-01 1.067200e-02 9.498800e-02
71 8.925760e-01 1.046800e-02 9.695600e-02
72 8.908880e-01 1.051200e-02 9.860000e-02
73 8.892200e-01 1.024800e-02 1.005320e-01
74 8.875480e-01 1.027600e-02 1.021760e-01
75 8.857520e-01 1.032000e-02 1.039280e-01
76 8.840520e-01 1.016000e-02 1.057880e-01
77 8.821480e-01 1.023600e-02 1.076160e-01
78 8.803200e-01 1.024400e-02 1.094360e-01
79 8.784200e-01 1.028400e-02 1.112960e-01
80 8.767440e-01 1.032400e-02 1.129320e-01
81 8.751360e-01 1.011200e-02 1.147520e-01
82 8.734240e-01 1.002000e-02 1.165560e-01
83 8.717880e-01 9.780000e-03 1.184320e-01
84 8.699800e-01 9.944000e-03 1.200760e-01
85 8.681120e-01 1.007600e-02 1.218120e-01
86 8.664840e-01 9.884000e-03 1.236320e-01
87 8.646840e-01 9.960000e-03 1.253560e-01
88 8.628600e-01 1.004800e-02 1.270920e-01
89 8.610720e-01 1.006400e-02 1.288640e-01
90 8.593040e-01 1.000400e-02 1.306920e-01
91 8.577280e-01 9.936000e-03 1.323360e-01
92 8.561040e-01 9.872000e-03 1.340240e-01
93 8.543520e-01 9.908000e-03 1.357400e-01
94 8.526280e-01 9.824000e-03 1.375480e-01
95 8.510120e-01 9.704000e-03 1.392840e-01
96 8.493720e-01 9.640000e-03 1.409880e-01
97 8.477720e-01 9.484000e-03 1.427440e-01
98 8.462880e-01 9.388000e-03 1.443240e-01
99 8.446480e-01 9.380000e-03 1.459720e-01
100 8.430160e-01 9.300000e-03 1.476840e-01
101 8.413720e-01 9.264000e-03 1.493640e-01
102 8.397520e-01 9.228000e-03 1.510200e-01
103 8.380280e-01 9.468000e-03 1.525040e-01
104 8.363400e-01 9.412000e-03 1.542480e-01
105 8.346400e-01 9.476000e-03 1.558840e-01
106 8.329200e-01 9.596000e-03 1.574840e-01
107 8.312840e-01 9.448000e-03 1.592680e-01
108 8.297600e-01 9.396000e-03 1.608440e-01
109 8.282600e-01 9.172000e-03 1.625680e-01
110 8.266160e-01 9.200000e-03 1.641840e-01
111 8.252080e-01 8.952000e-03 1.658400e-01
112 8.238200e-01 8.872000e-03 1.673080e-01
113 8.222560e-01 8.924000e-03 1.688200e-01
114 8.207880e-01 8.912000e-03 1.703000e-01
115 8.193320e-01 8.820000e-03 1.718480e-01
116 8.178040e-01 8.712000e-03 1.734840e-01
117 8.160160e-01 9.032000e-03 1.749520e-01
118 8.143920e-01 9.040000e-03 1.765680e-01
119 8.128320e-01 9.116000e-03 1.780520e-01
120 8.112400e-01 9.132000e-03 1.796280e-01
121 8.098320e-01 9.052000e-03 1.811160e-01
122 8.084680e-01 8.836000e-03 1.826960e-01
123 8.071760e-01 8.552000e-03 1.842720e-01
124 8.060000e-01 8.156000e-03 1.858440e-01
125 8.046000e-01 8.128000e-03 1.872720e-01
126 8.032920e-01 8.020000e-03 1.886880e-01
127 8.018920e-01 7.900000e-03 1.902080e-01
128 8.006720e-01 7.764000e-03 1.915640e-01
129 7.993400e-01 7.796000e-03 1.928640e-01
130 7.980560e-01 7.668000e-03 1.942760e-01
131 7.967640e-01 7.600000e-03 1.956360e-01
132 7.954840e-01 7.440000e-03 1.970760e-01
133 7.942320e-01 7.344000e-03 1.984240e-01
134 7.931280e-01 7.180000e-03 1.996920e-01
135 7.918920e-01 7.168000e-03 2.009400e-01
136 7.906800e-01 7.168000e-03 2.021520e-01
137 7.893840e-01 7.152000e-03 2.034640e-01
138 7.881560e-01 7.096000e-03 2.047480e-01
139 7.868480e-01 7.068000e-03 2.060840e-01
140 7.856560e-01 6.980000e-03 2.073640e-01
141 7.844560e-01 6.908000e-03 2.086360e-01
142 7.833720e-01 6.768000e-03 2.098600e-01
143 7.822040e-01 6.816000e-03 2.109800e-01
144 7.810800e-01 6.760000e-03 2.121600e-01
145 7.798840e-01 6.752000e-03 2.133640e-01
146 7.785600e-01 6.916000e-03 2.145240e-01
147 7.773120e-01 6.776000e-03 2.159120e-01
148 7.760320e-01 6.880000e-03 2.170880e-01
149 7.747880e-01 6.844000e-03 2.183680e-01
150 7.737080e-01 6.776000e-03 2.195160e-01
151 7.724640e-01 6.888000e-03 2.206480e-01
152 7.713280e-01 6.764000e-03 2.219080e-01
153 7.701200e-01 6.888000e-03 2.229920e-01
154 7.690320e-01 6.732000e-03 2.242360e-01
155 7.676160e-01 7.076000e-03 2.253080e-01
156 7.663920e-01 7.088000e-03 2.265200e-01
157 7.650360e-01 7.220000e-03 2.277440e-01
158 7.637960e-01 7.280000e-03 2.289240e-01
159 7.625680e-01 7.268000e-03 2.301640e-01
160 7.613000e-01 7.260000e-03 2.314400e-01
161 7.601520e-01 7.160000e-03 2.326880e-01
162 7.590320e-01 6.984000e-03 2.339840e-01
163 7.579680e-01 6.880000e-03 2.351520e-01
164 7.569440e-01 6.816000e-03 2.362400e-01
165 7.558880e-01 6.676000e-03 2.374360e-01
166 7.547240e-01 6.732000e-03 2.385440e-01
167 7.537920e-01 6.476000e-03 2.397320e-01
168 7.527280e-01 6.428000e-03 2.408440e-01
169 7.516760e-01 6.332000e-03 2.419920e-01
170 7.507000e-01 6.212000e-03 2.430880e-01
171 7.496240e-01 6.200000e-03 2.441760e-01
172 7.485600e-01 6.308000e-03 2.451320e-01
173 7.474480e-01 6.340000e-03 2.462120e-01
174 7.465400e-01 6.120000e-03 2.473400e-01
175 7.454920e-01 6.148000e-03 2.483600e-01
176 7.444920e-01 6.040000e-03 2.494680e-01
177 7.435000e-01 5.976000e-03 2.505240e-01
178 7.425120e-01 5.932000e-03 2.515560e-01
179 7.415680e-01 5.824000e-03 2.526080e-01
180 7.406440e-01 5.840000e-03 2.535160e-01
181 7.397200e-01 5.768000e-03 2.545120e-01
182 7.388200e-01 5.612000e-03 2.555680e-01
183 7.379520e-01 5.436000e-03 2.566120e-01
184 7.371440e-01 5.396000e-03 2.574600e-01
185 7.361960e-01 5.432000e-03 2.583720e-01
186 7.353840e-01 5.300000e-03 2.593160e-01
187 7.344040e-01 5.456000e-03 2.601400e-01
188 7.336440e-01 5.288000e-03 2.610680e-01
189 7.328040e-01 5.224000e-03 2.619720e-01
190 7.319240e-01 5.244000e-03 2.628320e-01
191 7.310360e-01 5.240000e-03 2.637240e-01
192 7.301120e-01 5.308000e-03 2.645800e-01
193 7.292360e-01 5.316000e-03 2.654480e-01
194 7.285080e-01 5.088000e-03 2.664040e-01
195 7.276720e-01 5.028000e-03 2.673000e-01
196 7.269200e-01 4.908000e-03 2.681720e-01
197 7.260960e-01 4.832000e-03 2.690720e-01
198 7.252800e-01 4.684000e-03 2.700360e-01
199 7.244840e-01 4.772000e-03 2.707440e-01
200 7.236640e-01 4.768000e-03 2.715680e-01
201 7.229360e-01 4.776000e-03 2.722880e-01
202 7.221480e-01 4.816000e-03 2.730360e-01
203 7.214280e-01 4.624000e-03 2.739480e-01
204 7.205200e-01 4.700000e-03 2.747800e-01
205 7.196640e-01 4.728000e-03 2.756080e-01
206 7.189400e-01 4.756000e-03 2.763040e-01
207 7.181800e-01 4.660000e-03 2.771600e-01
208 7.175080e-01 4.512000e-03 2.779800e-01
209 7.168600e-01 4.384000e-03 2.787560e-01
210 7.160520e-01 4.428000e-03 2.795200e-01
211 7.153480e-01 4.332000e-03 2.803200e-01
212 7.147040e-01 4.280000e-03 2.810160e-01
213 7.139960e-01 4.168000e-03 2.818360e-01
214 7.132680e-01 4.104000e-03 2.826280e-01
215 7.126120e-01 4.024000e-03 2.833640e-01
216 7.119120e-01 4.060000e-03 2.840280e-01
217 7.112600e-01 4.040000e-03 2.847000e-01
218 7.106240e-01 3.988000e-03 2.853880e-01
219 7.099520e-01 3.984000e-03 2.860640e-01
220 7.094240e-01 3.876000e-03 2.867000e-01
221 7.088160e-01 3.832000e-03 2.873520e-01
222 7.082320e-01 3.744000e-03 2.880240e-01
223 7.075840e-01 3.792000e-03 2.886240e-01
224 7.069440e-01 3.760000e-03 2.892960e-01
225 7.065160e-01 3.548000e-03 2.899360e-01
226 7.059360e-01 3.544000e-03 2.905200e-01
227 7.054880e-01 3.324000e-03 2.911880e-01
228 7.049760e-01 3.312000e-03 2.917120e-01
229 7.045160e-01 3.288000e-03 2.921960e-01
230 7.041360e-01 3.124000e-03 2.927400e-01
231 7.035800e-01 3.132000e-03 2.932880e-01
232 7.030880e-01 3.084000e-03 2.938280e-01
233 7.025680e-01 3.016000e-03 2.944160e-01
234 7.019880e-01 3.100000e-03 2.949120e-01
235 7.014840e-01 3.012000e-03 2.955040e-01
236 7.009440e-01 3.020000e-03 2.960360e-01
237 7.004160e-01 3.012000e-03 2.965720e-01
238 6.999520e-01 3.012000e-03 2.970360e-01
239 6.994520e-01 3.008000e-03 2.975400e-01
240 6.988480e-01 3.120000e-03 2.980320e-01
241 6.982680e-01 3.148000e-03 2.985840e-01
242 6.978080e-01 3.008000e-03 2.991840e-01
243 6.973800e-01 2.900000e-03 2.997200e-01
244 6.968440e-01 2.924000e-03 3.002320e-01
245 6.963440e-01 2.912000e-03 3.007440e-01
246 6.958760e-01 2.920000e-03 3.012040e-01
247 6.954040e-01 2.928000e-03 3.016680e-01
248 6.949920e-01 2.812000e-03 3.021960e-01
249 6.945640e-01 2.696000e-03 3.027400e-01
250 6.942200e-01 2.600000e-03 3.031800e-01
251 6.938600e-01 2.592000e-03 3.035480e-01
252 6.935080e-01 2.516000e-03 3.039760e-01
253 6.930920e-01 2.516000e-03 3.043920e-01
254 6.926400e-01 2.560000e-03 3.048000e-01
255 6.922800e-01 2.508000e-03 3.052120e-01
256 6.918440e-01 2.496000e-03 3.056600e-01
257 6.914760e-01 2.452000e-03 3.060720e-01
258 6.910800e-01 2.344000e-03 3.065760e-01
259 6.907360e-01 2.192000e-03 3.070720e-01
260 6.903920e-01 2.144000e-03 3.074640e-01
261 6.900160e-01 2.152000e-03 3.078320e-01
262 6.896840e-01 2.104000e-03 3.082120e-01
263 6.893640e-01 2.036000e-03 3.086000e-01
264 6.889680e-01 2.088000e-03 3.089440e-01
265 6.885560e-01 2.160000e-03 3.092840e-01
266 6.882800e-01 2.112000e-03 3.096080e-01
267 6.879200e-01 2.156000e-03 3.099240e-01
268 6.875720e-01 2.152000e-03 3.102760e-01
269 6.871440e-01 2.180000e-03 3.106760e-01
270 6.867480e-01 2.228000e-03 3.110240e-01
271 6.863600e-01 2.200000e-03 3.114400e-01
272 6.859880e-01 2.152000e-03 3.118600e-01
273 6.855840e-01 2.144000e-03 3.122720e-01
274 6.852360e-01 2.184000e-03 3.125800e-01
275 6.849200e-01 2.072000e-03 3.130080e-01
276 6.846280e-01 2.032000e-03 3.133400e-01
277 6.843120e-01 2.028000e-03 3.136600e-01
278 6.840520e-01 1.944000e-03 3.140040e-01
279 6.837200e-01 1.976000e-03 3.143040e-01
280 6.833640e-01 1.944000e-03 3.146920e-01
281 6.830360e-01 1.876000e-03 3.150880e-01
282 6.826520e-01 1.880000e-03 3.154680e-01
283 6.822800e-01 1.956000e-03 3.157640e-01
284 6.819200e-01 1.984000e-03 3.160960e-01
285 6.815560e-01 2.036000e-03 3.164080e-01
286 6.812440e-01 1.992000e-03 3.167640e-01
287 6.809680e-01 1.948000e-03 3.170840e-01
288 6.807200e-01 1.816000e-03 3.174640e-01
289 6.804440e-01 1.760000e-03 3.177960e-01
290 6.801600e-01 1.780000e-03 3.180600e-01
291 6.798360e-01 1.780000e-03 3.183840e-01
292 6.795160e-01 1.748000e-03 3.187360e-01
293 6.792760e-01 1.672000e-03 3.190520e-01
294 6.790760e-01 1.628000e-03 3.192960e-01
295 6.788640e-01 1.568000e-03 3.195680e-01
296 6.785840e-01 1.536000e-03 3.198800e-01
297 6.783480e-01 1.536000e-03 3.201160e-01
298 6.780920e-01 1.532000e-03 3.203760e-01
299 6.778880e-01 1.456000e-03 3.206560e-01
300 6.776560e-01 1.460000e-03 3.208840e-01
301 6.773960e-01 1.464000e-03 3.211400e-01
302 6.771360e-01 1.456000e-03 3.214080e-01
303 6.768800e-01 1.480000e-03 3.216400e-01
304 6.766880e-01 1.424000e-03 3.218880e-01
305 6.764560e-01 1.412000e-03 3.221320e-01
306 6.762320e-01 1.392000e-03 3.223760e-01
307 6.760480e-01 1.328000e-03 3.226240e-01
308 6.757760e-01 1.356000e-03 3.228680e-01
309 6.754600e-01 1.452000e-03 3.230880e-01
310 6.751600e-01 1.480000e-03 3.233600e-01
311 6.749640e-01 1.460000e-03 3.235760e-01
312 6.747440e-01 1.412000e-03 3.238440e-01
313 6.745000e-01 1.408000e-03 3.240920e-01
314 6.742800e-01 1.400000e-03 3.243200e-01
315 6.740320e-01 1.412000e-03 3.245560e-01
316 6.737360e-01 1.484000e-03 3.247800e-01
317 6.734400e-01 1.520000e-03 3.250400e-01
318 6.731800e-01 1.548000e-03 3.252720e-01
319 6.728800e-01 1.628000e-03 3.254920e-01
320 6.725800e-01 1.664000e-03 3.257560e-01
321 6.723760e-01 1.548000e-03 3.260760e-01
322 6.721240e-01 1.548000e-03 3.263280e-01
323 6.718520e-01 1.588000e-03 3.265600e-01
324 6.716120e-01 1.580000e-03 3.268080e-01
325 6.713840e-01 1.532000e-03 3.270840e-01
326 6.711520e-01 1.524000e-03 3.273240e-01
327 6.709160e-01 1.516000e-03 3.275680e-01
328 6.707000e-01 1.492000e-03 3.278080e-01
329 6.704680e-01 1.432000e-03 3.281000e-01
330 6.702200e-01 1.460000e-03 3.283200e-01
331 6.699960e-01 1.420000e-03 3.285840e-01
332 6.697720e-01 1.376000e-03 3.288520e-01
333 6.696000e-01 1.304000e-03 3.290960e-01
334 6.693680e-01 1.260000e-03 3.293720e-01
335 6.691760e-01 1.232000e-03 3.295920e-01
336 6.690080e-01 1.192000e-03 3.298000e-01
337 6.688120e-01 1.220000e-03 3.299680e-01
338 6.685760e-01 1.240000e-03 3.301840e-01
339 6.683360e-01 1.256000e-03 3.304080e-01
340 6.680880e-01 1.276000e-03 3.306360e-01
341 6.678520e-01 1.304000e-03 3.308440e-01
342 6.675440e-01 1.364000e-03 3.310920e-01
343 6.672920e-01 1.400000e-03 3.313080e-01
344 6.669880e-01 1.472000e-03 3.315400e-01
345 6.667280e-01 1.484000e-03 3.317880e-01
346 6.663840e-01 1.564000e-03 3.320520e-01
347 6.660200e-01 1.668000e-03 3.323120e-01
348 6.657120e-01 1.668000e-03 3.326200e-01
349 6.653920e-01 1.728000e-03 3.328800e-01
350 6.651520e-01 1.688000e-03 3.331600e-01
351 6.649280e-01 1.624000e-03 3.334480e-01
352 6.646200e-01 1.672000e-03 3.337080e-01
353 6.642840e-01 1.744000e-03 3.339720e-01
354 6.639560e-01 1.828000e-03 3.342160e-01
355 6.636240e-01 1.840000e-03 3.345360e-01
356 6.633040e-01 1.848000e-03 3.348480e-01
357 6.630280e-01 1.816000e-03 3.351560e-01
358 6.627520e-01 1.764000e-03 3.354840e-01
359 6.624760e-01 1.732000e-03 3.357920e-01
360 6.621640e-01 1.712000e-03 3.361240e-01
361 6.618600e-01 1.716000e-03 3.364240e-01
362 6.615600e-01 1.680000e-03 3.367600e-01
363 6.612040e-01 1.748000e-03 3.370480e-01
364 6.608560e-01 1.796000e-03 3.373480e-01
365 6.605920e-01 1.808000e-03 3.376000e-01
366 6.602680e-01 1.844000e-03 3.378880e-01
367 6.598760e-01 1.924000e-03 3.382000e-01
368 6.595160e-01 1.940000e-03 3.385440e-01
369 6.592080e-01 1.928000e-03 3.388640e-01
370 6.589760e-01 1.868000e-03 3.391560e-01
371 6.586840e-01 1.776000e-03 3.395400e-01
372 6.584280e-01 1.772000e-03 3.398000e-01
373 6.580800e-01 1.768000e-03 3.401520e-01
374 6.576840e-01 1.900000e-03 3.404160e-01
375 6.573800e-01 1.872000e-03 3.407480e-01
376 6.570560e-01 1.868000e-03 3.410760e-01
377 6.567640e-01 1.856000e-03 3.413800e-01
378 6.564240e-01 1.868000e-03 3.417080e-01
379 6.560760e-01 1.792000e-03 3.421320e-01
380 6.557720e-01 1.788000e-03 3.424400e-01
381 6.555040e-01 1.752000e-03 3.427440e-01
382 6.551680e-01 1.772000e-03 3.430600e-01
383 6.549120e-01 1.752000e-03 3.433360e-01
384 6.546440e-01 1.664000e-03 3.436920e-01
385 6.543320e-01 1.620000e-03 3.440480e-01
386 6.540200e-01 1.644000e-03 3.443360e-01
387 6.537120e-01 1.676000e-03 3.446120e-01
388 6.533960e-01 1.672000e-03 3.449320e-01
389 6.530280e-01 1.760000e-03 3.452120e-01
390 6.527320e-01 1.740000e-03 3.455280e-01
391 6.523920e-01 1.804000e-03 3.458040e-01
392 6.520360e-01 1.840000e-03 3.461240e-01
393 6.517080e-01 1.836000e-03 3.464560e-01
394 6.513400e-01 1.840000e-03 3.468200e-01
395 6.510320e-01 1.844000e-03 3.471240e-01
396 6.506960e-01 1.856000e-03 3.474480e-01
397 6.503800e-01 1.856000e-03 3.477640e-01
398 6.500280e-01 1.880000e-03 3.480920e-01
399 6.497080e-01 1.852000e-03 3.484400e-01
400 6.493880e-01 1.840000e-03 3.487720e-01
401 6.490760e-01 1.816000e-03 3.491080e-01
402 6.488040e-01 1.808000e-03 3.493880e-01
403 6.484520e-01 1.820000e-03 3.497280e-01
404 6.481480e-01 1.840000e-03 3.500120e-01
405 6.477800e-01 1.904000e-03 3.503160e-01
406 6.474560e-01 1.908000e-03 3.506360e-01
407 6.471200e-01 1.924000e-03 3.509560e-01
408 6.468080e-01 1.900000e-03 3.512920e-01
409 6.464440e-01 1.932000e-03 3.516240e-01
410 6.460800e-01 2.012000e-03 3.519080e-01
411 6.457240e-01 1.952000e-03 3.523240e-01
412 6.453360e-01 1.976000e-03 3.526880e-01
413 6.448920e-01 2.088000e-03 3.530200e-01
414 6.444960e-01 2.116000e-03 3.533880e-01
415 6.441280e-01 2.124000e-03 3.537480e-01
416 6.437680e-01 2.120000e-03 3.541120e-01
417 6.434680e-01 2.076000e-03 3.544560e-01
418 6.430360e-01 2.112000e-03 3.548520e-01
419 6.426280e-01 2.168000e-03 3.552040e-01
420 6.422320e-01 2.232000e-03 3.555360e-01
421 6.419360e-01 2.132000e-03 3.559320e-01
422 6.416760e-01 2.092000e-03 3.562320e-01
423 6.414000e-01 2.052000e-03 3.565480e-01
424 6.411000e-01 1.976000e-03 3.569240e-01
425 6.407360e-01 2.008000e-03 3.572560e-01
426 6.404400e-01 1.948000e-03 3.576120e-01
427 6.401600e-01 1.904000e-03 3.579360e-01
428 6.398200e-01 1.944000e-03 3.582360e-01
429 6.395400e-01 1.864000e-03 3.585960e-01
430 6.392760e-01 1.792000e-03 3.589320e-01
431 6.389720e-01 1.760000e-03 3.592680e-01
432 6.386720e-01 1.696000e-03 3.596320e-01
433 6.383960e-01 1.732000e-03 3.598720e-01
434 6.381440e-01 1.628000e-03 3.602280e-01
435 6.378720e-01 1.580000e-03 3.605480e-01
436 6.376320e-01 1.572000e-03 3.607960e-01
437 6.374160e-01 1.536000e-03 3.610480e-01
438 6.371800e-01 1.512000e-03 3.613080e-01
439 6.369080e-01 1.512000e-03 3.615800e-01
440 6.367040e-01 1.396000e-03 3.619000e-01
441 6.364040e-01 1.452000e-03 3.621440e-01
442 6.362240e-01 1.344000e-03 3.624320e-01
443 6.360320e-01 1.272000e-03 3.626960e-01
444 6.359040e-01 1.168000e-03 3.629280e-01
445 6.357320e-01 1.140000e-03 3.631280e-01
446 6.355800e-01 1.072000e-03 3.633480e-01
447 6.353760e-01 1.068000e-03 3.635560e-01
448 6.351320e-01 1.120000e-03 3.637480e-01
449 6.348920e-01 1.192000e-03 3.639160e-01
450 6.346760e-01 1.184000e-03 3.641400e-01
451 6.345000e-01 1.172000e-03 3.643280e-01
452 6.342520e-01 1.184000e-03 3.645640e-01
453 6.339760e-01 1.288000e-03 3.647360e-01
454 6.337640e-01 1.276000e-03 3.649600e-01
455 6.335440e-01 1.256000e-03 3.652000e-01
456 6.333280e-01 1.224000e-03 3.654480e-01
457 6.330760e-01 1.240000e-03 3.656840e-01
458 6.328400e-01 1.256000e-03 3.659040e-01
459 6.326320e-01 1.244000e-03 3.661240e-01
460 6.324440e-01 1.184000e-03 3.663720e-01
461 6.322480e-01 1.172000e-03 3.665800e-01
462 6.320760e-01 1.144000e-03 3.667800e-01
463 6.319040e-01 1.144000e-03 3.669520e-01
464 6.317080e-01 1.096000e-03 3.671960e-01
465 6.315800e-01 9.880000e-04 3.674320e-01
466 6.314160e-01 9.680000e-04 3.676160e-01
467 6.312360e-01 9.400000e-04 3.678240e-01
468 6.310840e-01 9.440000e-04 3.679720e-01
469 6.308760e-01 9.760000e-04 3.681480e-01
470 6.306920e-01 1.028000e-03 3.682800e-01
471 6.304600e-01 1.104000e-03 3.684360e-01
472 6.302720e-01 1.088000e-03 3.686400e-01
473 6.300120e-01 1.128000e-03 3.688600e-01
474 6.298720e-01 1.044000e-03 3.690840e-01
475 6.297160e-01 9.640000e-04 3.693200e-01
476 6.295480e-01 9.480000e-04 3.695040e-01
477 6.294360e-01 9.120000e-04 3.696520e-01
478 6.293120e-01 8.760000e-04 3.698120e-01
479 6.291760e-01 8.640000e-04 3.699600e-01
480 6.289720e-01 9.000000e-04 3.701280e-01
481 6.287880e-01 9.240000e-04 3.702880e-01
482 6.286160e-01 9.360000e-04 3.704480e-01
483 6.284360e-01 9.000000e-04 3.706640e-01
484 6.282640e-01 9.160000e-04 3.708200e-01
485 6.280160e-01 1.016000e-03 3.709680e-01
486 6.278320e-01 1.032000e-03 3.711360e-01
487 6.276400e-01 1.072000e-03 3.712880e-01
488 6.274520e-01 1.080000e-03 3.714680e-01
489 6.272760e-01 1.100000e-03 3.716240e-01
490 6.271600e-01 1.088000e-03 3.717520e-01
491 6.269000e-01 1.172000e-03 3.719280e-01
492 6.266960e-01 1.140000e-03 3.721640e-01
493 6.265000e-01 1.100000e-03 3.724000e-01
494 6.263120e-01 1.104000e-03 3.725840e-01
495 6.261320e-01 1.112000e-03 3.727560e-01
496 6.259640e-01 1.092000e-03 3.729440e-01
497 6.257840e-01 1.116000e-03 3.731000e-01
498 6.256280e-01 1.092000e-03 3.732800e-01
499 6.254320e-01 1.128000e-03 3.734400e-01
500 6.252960e-01 1.068000e-03 3.736360e-01
