1 9.991320e-01 7.840000e-04 8.400000e-05
2 9.986720e-01 1.104000e-03 2.240000e-04
3 9.980400e-01 1.492000e-03 4.680000e-04
4 9.972560e-01 1.936000e-03 8.080000e-04
5 9.964480e-01 2.312000e-03 1.240000e-03
6 9.957280e-01 2.556000e-03 1.716000e-03
7 9.949680e-01 2.840000e-03 2.192000e-03
8 9.941840e-01 3.112000e-03 2.704000e-03
9 9.933160e-01 3.436000e-03 3.248000e-03
10 9.924280e-01 3.672000e-03 3.900000e-03
11 9.915400e-01 3.924000e-03 4.536000e-03
12 9.903120e-01 4.528000e-03 5.160000e-03
13 9.891400e-01 4.824000e-03 6.036000e-03
14 9.880040e-01 4.948000e-03 7.048000e-03
15 9.869520e-01 5.116000e-03 7.932000e-03
16 9.857280e-01 5.376000e-03 8.896000e-03
17 9.845800e-01 5.624000e-03 9.796000e-03
18 9.833800e-01 5.804000e-03 1.081600e-02
19 9.822760e-01 5.896000e-03 1.182800e-02
20 9.810840e-01 5.952000e-03 1.296400e-02
21 9.798960e-01 5.992000e-03 1.411200e-02
22 9.787360e-01 6.112000e-03 1.515200e-02
23 9.774200e-01 6.288000e-03 1.629200e-02
24 9.761880e-01 6.412000e-03 1.740000e-02
25 9.748040e-01 6.708000e-03 1.848800e-02
26 9.735440e-01 6.740000e-03 1.971600e-02
27 9.723360e-01 6.788000e-03 2.087600e-02
28 9.711400e-01 6.792000e-03 2.206800e-02
29 9.698480e-01 6.884000e-03 2.326800e-02
30 9.685960e-01 6.896000e-03 2.450800e-02
31 9.673160e-01 7.080000e-03 2.560400e-02
32 9.658760e-01 7.488000e-03 2.663600e-02
33 9.645080e-01 7.544000e-03 2.794800e-02
34 9.632000e-01 7.620000e-03 2.918000e-02
35 9.616360e-01 7.932000e-03 3.043200e-02
36 9.600920e-01 8.044000e-03 3.186400e-02
37 9.586400e-01 8.072000e-03 3.328800e-02
38 9.570840e-01 8.180000e-03 3.473600e-02
39 9.556720e-01 8.204000e-03 3.612400e-02
40 9.542840e-01 8.148000e-03 3.756800e-02
41 9.529640e-01 7.928000e-03 3.910800e-02
42 9.517600e-01 7.832000e-03 4.040800e-02
43 9.504640e-01 7.752000e-03 4.178400e-02
44 9.490640e-01 7.784000e-03 4.315200e-02
45 9.476880e-01 7.936000e-03 4.437600e-02
46 9.463880e-01 7.772000e-03 4.584000e-02
47 9.450440e-01 7.784000e-03 4.717200e-02
48 9.436240e-01 7.876000e-03 4.850000e-02
49 9.422080e-01 7.916000e-03 4.987600e-02
50 9.407640e-01 8.028000e-03 5.120800e-02
51 9.392360e-01 8.204000e-03 5.256000e-02
52 9.377200e-01 8.348000e-03 5.393200e-02
53 9.362680e-01 8.292000e-03 5.544000e-02
54 9.346880e-01 8.412000e-03 5.690000e-02
55 9.332320e-01 8.388000e-03 5.838000e-02
56 9.317000e-01 8.564000e-03 5.973600e-02
57 9.302160e-01 8.720000e-03 6.106400e-02
58 9.287680e-01 8.664000e-03 6.256800e-02
59 9.272640e-01 8.660000e-03 6.407600e-02
60 9.257720e-01 8.720000e-03 6.550800e-02
61 9.242200e-01 8.644000e-03 6.713600e-02
62 9.227160e-01 8.612000e-03 6.867200e-02
63 9.213320e-01 8.448000e-03 7.022000e-02
64 9.197960e-01 8.612000e-03 7.159200e-02
65 9.184600e-01 8.584000e-03 7.295600e-02
66 9.169560e-01 8.568000e-03 7.447600e-02
67 9.154720e-01 8.592000e-03 7.593600e-02
68 9.139120e-01 8.596000e-03 7.749200e-02
69 9.123440e-01 8.780000e-03 7.887600e-02
70 9.107680e-01 8.820000e-03 8.041200e-02
71 9.092720e-01 8.772000e-03 8.195600e-02
72 9.078560e-01 8.696000e-03 8.344800e-02
73 9.064600e-01 8.512000e-03 8.502800e-02
74 9.050760e-01 8.340000e-03 8.658400e-02
75 9.037120e-01 8.280000e-03 8.800800e-02
76 9.024120e-01 8.196000e-03 8.939200e-02
77 9.011200e-01 8.176000e-03 9.070400e-02
78 8.997080e-01 8.152000e-03 9.214000e-02
79 8.984400e-01 8.068000e-03 9.349200e-02
80 8.971240e-01 8.012000e-03 9.486400e-02
81 8.955840e-01 8.068000e-03 9.634800e-02
82 8.941680e-01 8.096000e-03 9.773600e-02
83 8.925720e-01 8.232000e-03 9.919600e-02
84 8.910480e-01 8.280000e-03 1.006720e-01
85 8.895880e-01 8.232000e-03 1.021800e-01
86 8.880520e-01 8.412000e-03 1.035360e-01
87 8.864680e-01 8.528000e-03 1.050040e-01
88 8.850360e-01 8.428000e-03 1.065360e-01
89 8.836560e-01 8.280000e-03 1.080640e-01
90 8.821200e-01 8.368000e-03 1.095120e-01
91 8.806880e-01 8.300000e-03 1.110120e-01
92 8.792840e-01 8.232000e-03 1.124840e-01
93 8.778200e-01 8.268000e-03 1.139120e-01
94 8.764360e-01 8.164000e-03 1.154000e-01
95 8.751640e-01 7.972000e-03 1.168640e-01
96 8.739040e-01 7.832000e-03 1.182640e-01
97 8.725840e-01 7.736000e-03 1.196800e-01
98 8.712320e-01 7.640000e-03 1.211280e-01
99 8.698640e-01 7.624000e-03 1.225120e-01
100 8.684360e-01 7.796000e-03 1.237680e-01
101 8.670640e-01 7.900000e-03 1.250360e-01
102 8.656560e-01 7.796000e-03 1.265480e-01
103 8.644200e-01 7.656000e-03 1.279240e-01
104 8.630200e-01 7.740000e-03 1.292400e-01
105 8.617560e-01 7.544000e-03 1.307000e-01
106 8.604320e-01 7.480000e-03 1.320880e-01
107 8.590800e-01 7.568000e-03 1.333520e-01
108 8.576760e-01 7.644000e-03 1.346800e-01
109 8.562880e-01 7.624000e-03 1.360880e-01
110 8.549360e-01 7.600000e-03 1.374640e-01
111 8.535160e-01 7.688000e-03 1.387960e-01
112 8.521480e-01 7.628000e-03 1.402240e-01
113 8.507120e-01 7.744000e-03 1.415440e-01
114 8.493400e-01 7.788000e-03 1.428720e-01
115 8.478680e-01 7.812000e-03 1.443200e-01
116 8.465720e-01 7.848000e-03 1.455800e-01
117 8.451200e-01 7.964000e-03 1.469160e-01
118 8.435920e-01 8.160000e-03 1.482480e-01
119 8.421960e-01 7.992000e-03 1.498120e-01
120 8.410360e-01 7.788000e-03 1.511760e-01
121 8.396880e-01 7.680000e-03 1.526320e-01
122 8.382600e-01 7.896000e-03 1.538440e-01
123 8.369840e-01 7.868000e-03 1.551480e-01
124 8.357320e-01 7.572000e-03 1.566960e-01
125 8.343520e-01 7.604000e-03 1.580440e-01
126 8.329000e-01 7.728000e-03 1.593720e-01
127 8.314280e-01 7.872000e-03 1.607000e-01
128 8.299280e-01 7.988000e-03 1.620840e-01
129 8.285800e-01 7.808000e-03 1.636120e-01
130 8.272360e-01 7.600000e-03 1.651640e-01
131 8.259960e-01 7.568000e-03 1.664360e-01
132 8.246040e-01 7.620000e-03 1.677760e-01
133 8.233120e-01 7.580000e-03 1.691080e-01
134 8.219160e-01 7.624000e-03 1.704600e-01
135 8.205520e-01 7.648000e-03 1.718000e-01
136 8.192160e-01 7.632000e-03 1.731520e-01
137 8.179200e-01 7.436000e-03 1.746440e-01
138 8.166320e-01 7.368000e-03 1.760000e-01
139 8.152920e-01 7.408000e-03 1.773000e-01
140 8.138800e-01 7.576000e-03 1.785440e-01
141 8.125800e-01 7.516000e-03 1.799040e-01
142 8.113560e-01 7.248000e-03 1.813960e-01
143 8.101680e-01 7.260000e-03 1.825720e-01
144 8.088880e-01 7.348000e-03 1.837640e-01
145 8.076800e-01 7.156000e-03 1.851640e-01
146 8.066040e-01 7.040000e-03 1.863560e-01
147 8.054320e-01 7.060000e-03 1.875080e-01
148 8.042080e-01 7.084000e-03 1.887080e-01
149 8.030400e-01 7.056000e-03 1.899040e-01
150 8.019440e-01 6.932000e-03 1.911240e-01
151 8.007640e-01 6.916000e-03 1.923200e-01
152 7.997360e-01 6.684000e-03 1.935800e-01
153 7.985960e-01 6.664000e-03 1.947400e-01
154 7.974680e-01 6.632000e-03 1.959000e-01
155 7.962200e-01 6.768000e-03 1.970120e-01
156 7.951440e-01 6.684000e-03 1.981720e-01
157 7.940280e-01 6.548000e-03 1.994240e-01
158 7.928920e-01 6.500000e-03 2.006080e-01
159 7.915160e-01 6.772000e-03 2.017120e-01
160 7.903560e-01 6.760000e-03 2.028840e-01
161 7.891240e-01 6.784000e-03 2.040920e-01
162 7.880520e-01 6.688000e-03 2.052600e-01
163 7.870000e-01 6.592000e-03 2.064080e-01
164 7.858080e-01 6.588000e-03 2.076040e-01
165 7.847640e-01 6.432000e-03 2.088040e-01
166 7.836800e-01 6.408000e-03 2.099120e-01
167 7.827600e-01 6.148000e-03 2.110920e-01
168 7.817840e-01 6.044000e-03 2.121720e-01
169 7.807840e-01 6.012000e-03 2.132040e-01
170 7.796680e-01 6.112000e-03 2.142200e-01
171 7.785640e-01 6.188000e-03 2.152480e-01
172 7.773080e-01 6.360000e-03 2.163320e-01
173 7.761680e-01 6.336000e-03 2.174960e-01
174 7.752360e-01 6.124000e-03 2.186400e-01
175 7.741560e-01 6.204000e-03 2.196400e-01
176 7.730600e-01 6.288000e-03 2.206520e-01
177 7.719920e-01 6.180000e-03 2.218280e-01
178 7.708640e-01 6.188000e-03 2.229480e-01
179 7.697640e-01 6.228000e-03 2.240080e-01
180 7.686760e-01 6.280000e-03 2.250440e-01
181 7.676280e-01 6.224000e-03 2.261480e-01
182 7.667480e-01 6.088000e-03 2.271640e-01
183 7.657760e-01 5.928000e-03 2.282960e-01
184 7.647440e-01 5.992000e-03 2.292640e-01
185 7.637080e-01 6.004000e-03 2.302880e-01
186 7.628080e-01 5.772000e-03 2.314200e-01
187 7.619400e-01 5.548000e-03 2.325120e-01
188 7.611200e-01 5.388000e-03 2.334920e-01
189 7.601160e-01 5.500000e-03 2.343840e-01
190 7.591640e-01 5.472000e-03 2.353640e-01
191 7.583880e-01 5.236000e-03 2.363760e-01
192 7.575200e-01 5.276000e-03 2.372040e-01
193 7.564880e-01 5.460000e-03 2.380520e-01
194 7.556840e-01 5.284000e-03 2.390320e-01
195 7.547680e-01 5.252000e-03 2.399800e-01
196 7.539120e-01 5.168000e-03 2.409200e-01
197 7.530760e-01 5.040000e-03 2.418840e-01
198 7.522400e-01 4.944000e-03 2.428160e-01
199 7.513960e-01 5.040000e-03 2.435640e-01
200 7.506160e-01 4.960000e-03 2.444240e-01
201 7.498800e-01 4.820000e-03 2.453000e-01
202 7.491360e-01 4.784000e-03 2.460800e-01
203 7.482800e-01 4.876000e-03 2.468440e-01
204 7.475080e-01 4.728000e-03 2.477640e-01
205 7.466840e-01 4.748000e-03 2.485680e-01
206 7.458720e-01 4.704000e-03 2.494240e-01
207 7.450560e-01 4.768000e-03 2.501760e-01
208 7.441880e-01 4.704000e-03 2.511080e-01
209 7.433440e-01 4.720000e-03 2.519360e-01
210 7.426200e-01 4.728000e-03 2.526520e-01
211 7.417920e-01 4.776000e-03 2.534320e-01
212 7.410160e-01 4.680000e-03 2.543040e-01
213 7.402760e-01 4.624000e-03 2.551000e-01
214 7.395040e-01 4.456000e-03 2.560400e-01
215 7.387360e-01 4.492000e-03 2.567720e-01
216 7.380200e-01 4.376000e-03 2.576040e-01
217 7.372800e-01 4.364000e-03 2.583560e-01
218 7.364960e-01 4.404000e-03 2.591000e-01
219 7.357880e-01 4.316000e-03 2.598960e-01
220 7.350040e-01 4.268000e-03 2.607280e-01
221 7.344200e-01 4.072000e-03 2.615080e-01
222 7.338160e-01 3.920000e-03 2.622640e-01
223 7.331120e-01 3.864000e-03 2.630240e-01
224 7.324480e-01 3.912000e-03 2.636400e-01
225 7.318480e-01 3.808000e-03 2.643440e-01
226 7.312560e-01 3.788000e-03 2.649560e-01
227 7.306880e-01 3.640000e-03 2.656720e-01
228 7.301600e-01 3.560000e-03 2.662800e-01
229 7.295120e-01 3.648000e-03 2.668400e-01
230 7.289840e-01 3.564000e-03 2.674520e-01
231 7.283920e-01 3.520000e-03 2.680880e-01
232 7.278640e-01 3.472000e-03 2.686640e-01
233 7.272680e-01 3.508000e-03 2.692240e-01
234 7.267680e-01 3.412000e-03 2.698200e-01
235 7.262280e-01 3.348000e-03 2.704240e-01
236 7.257640e-01 3.212000e-03 2.710240e-01
237 7.251440e-01 3.264000e-03 2.715920e-01
238 7.246000e-01 3.224000e-03 2.721760e-01
239 7.240360e-01 3.232000e-03 2.727320e-01
240 7.234000e-01 3.196000e-03 2.734040e-01
241 7.227880e-01 3.220000e-03 2.739920e-01
242 7.221640e-01 3.340000e-03 2.744960e-01
243 7.216320e-01 3.292000e-03 2.750760e-01
244 7.210800e-01 3.268000e-03 2.756520e-01
245 7.203160e-01 3.536000e-03 2.761480e-01
246 7.197120e-01 3.548000e-03 2.767400e-01
247 7.191880e-01 3.488000e-03 2.773240e-01
248 7.186280e-01 3.444000e-03 2.779280e-01
249 7.179520e-01 3.448000e-03 2.786000e-01
250 7.172920e-01 3.516000e-03 2.791920e-01
251 7.166480e-01 3.560000e-03 2.797920e-01
252 7.160680e-01 3.440000e-03 2.804920e-01
253 7.155320e-01 3.288000e-03 2.811800e-01
254 7.150480e-01 3.092000e-03 2.818600e-01
255 7.145720e-01 3.036000e-03 2.823920e-01
256 7.140960e-01 3.024000e-03 2.828800e-01
257 7.135800e-01 3.072000e-03 2.833480e-01
258 7.129760e-01 3.056000e-03 2.839680e-01
259 7.124680e-01 2.968000e-03 2.845640e-01
260 7.119000e-01 3.060000e-03 2.850400e-01
261 7.114320e-01 2.932000e-03 2.856360e-01
262 7.109840e-01 2.932000e-03 2.860840e-01
263 7.105840e-01 2.916000e-03 2.865000e-01
264 7.101880e-01 2.816000e-03 2.869960e-01
265 7.097440e-01 2.744000e-03 2.875120e-01
266 7.092640e-01 2.756000e-03 2.879800e-01
267 7.087760e-01 2.744000e-03 2.884800e-01
268 7.083760e-01 2.620000e-03 2.890040e-01
269 7.079400e-01 2.620000e-03 2.894400e-01
270 7.075120e-01 2.572000e-03 2.899160e-01
271 7.070200e-01 2.652000e-03 2.903280e-01
272 7.066120e-01 2.632000e-03 2.907560e-01
273 7.062600e-01 2.508000e-03 2.912320e-01
274 7.058920e-01 2.456000e-03 2.916520e-01
275 7.055720e-01 2.340000e-03 2.920880e-01
276 7.052200e-01 2.312000e-03 2.924680e-01
277 7.048560e-01 2.264000e-03 2.928800e-01
278 7.045240e-01 2.180000e-03 2.932960e-01
279 7.042040e-01 2.084000e-03 2.937120e-01
280 7.039440e-01 2.016000e-03 2.940400e-01
281 7.036120e-01 2.016000e-03 2.943720e-01
282 7.032040e-01 2.060000e-03 2.947360e-01
283 7.029080e-01 1.952000e-03 2.951400e-01
284 7.025760e-01 1.932000e-03 2.954920e-01
285 7.022080e-01 1.972000e-03 2.958200e-01
286 7.019000e-01 1.884000e-03 2.962160e-01
287 7.016280e-01 1.820000e-03 2.965520e-01
288 7.013200e-01 1.824000e-03 2.968560e-01
289 7.010040e-01 1.800000e-03 2.971960e-01
290 7.006720e-01 1.800000e-03 2.975280e-01
291 7.003760e-01 1.804000e-03 2.978200e-01
292 7.000800e-01 1.840000e-03 2.980800e-01
293 6.997720e-01 1.776000e-03 2.984520e-01
294 6.994720e-01 1.756000e-03 2.987720e-01
295 6.991440e-01 1.820000e-03 2.990360e-01
296 6.989040e-01 1.764000e-03 2.993320e-01
297 6.985760e-01 1.840000e-03 2.995840e-01
298 6.982400e-01 1.844000e-03 2.999160e-01
299 6.978560e-01 1.928000e-03 3.002160e-01
300 6.974920e-01 1.892000e-03 3.006160e-01
301 6.971800e-01 1.880000e-03 3.009400e-01
302 6.967880e-01 1.900000e-03 3.013120e-01
303 6.964320e-01 1.928000e-03 3.016400e-01
304 6.960560e-01 2.012000e-03 3.019320e-01
305 6.956800e-01 1.952000e-03 3.023680e-01
306 6.953400e-01 1.980000e-03 3.026800e-01
307 6.949320e-01 2.084000e-03 3.029840e-01
308 6.945600e-01 2.092000e-03 3.033480e-01
309 6.942320e-01 2.032000e-03 3.037360e-01
310 6.939440e-01 1.916000e-03 3.041400e-01
311 6.935440e-01 1.952000e-03 3.045040e-01
312 6.931240e-01 2.024000e-03 3.048520e-01
313 6.927880e-01 1.976000e-03 3.052360e-01
314 6.923320e-01 2.088000e-03 3.055800e-01
315 6.918960e-01 2.196000e-03 3.059080e-01
316 6.914720e-01 2.268000e-03 3.062600e-01
317 6.910520e-01 2.316000e-03 3.066320e-01
318 6.906520e-01 2.320000e-03 3.070280e-01
319 6.902960e-01 2.252000e-03 3.074520e-01
320 6.898640e-01 2.232000e-03 3.079040e-01
321 6.895000e-01 2.252000e-03 3.082480e-01
322 6.891120e-01 2.216000e-03 3.086720e-01
323 6.887160e-01 2.252000e-03 3.090320e-01
324 6.883680e-01 2.184000e-03 3.094480e-01
325 6.879960e-01 2.124000e-03 3.098800e-01
326 6.876960e-01 1.968000e-03 3.103360e-01
327 6.874280e-01 1.924000e-03 3.106480e-01
328 6.870800e-01 1.928000e-03 3.109920e-01
329 6.867920e-01 1.852000e-03 3.113560e-01
330 6.865040e-01 1.800000e-03 3.116960e-01
331 6.863040e-01 1.660000e-03 3.120360e-01
332 6.859840e-01 1.740000e-03 3.122760e-01
333 6.856440e-01 1.760000e-03 3.125960e-01
334 6.853200e-01 1.760000e-03 3.129200e-01
335 6.850040e-01 1.748000e-03 3.132480e-01
336 6.848000e-01 1.604000e-03 3.135960e-01
337 6.845080e-01 1.604000e-03 3.138880e-01
338 6.842320e-01 1.584000e-03 3.141840e-01
339 6.840120e-01 1.512000e-03 3.144760e-01
340 6.837200e-01 1.500000e-03 3.147800e-01
341 6.835080e-01 1.440000e-03 3.150520e-01
342 6.833120e-01 1.336000e-03 3.153520e-01
343 6.831000e-01 1.324000e-03 3.155760e-01
344 6.829040e-01 1.316000e-03 3.157800e-01
345 6.826760e-01 1.364000e-03 3.159600e-01
346 6.825320e-01 1.256000e-03 3.162120e-01
347 6.822720e-01 1.272000e-03 3.164560e-01
348 6.821160e-01 1.196000e-03 3.166880e-01
349 6.818800e-01 1.208000e-03 3.169120e-01
350 6.815920e-01 1.224000e-03 3.171840e-01
351 6.813760e-01 1.228000e-03 3.173960e-01
352 6.811680e-01 1.196000e-03 3.176360e-01
353 6.809120e-01 1.268000e-03 3.178200e-01
354 6.806080e-01 1.380000e-03 3.180120e-01
355 6.803440e-01 1.412000e-03 3.182440e-01
356 6.801160e-01 1.360000e-03 3.185240e-01
357 6.798520e-01 1.368000e-03 3.187800e-01
358 6.795840e-01 1.392000e-03 3.190240e-01
359 6.793320e-01 1.388000e-03 3.192800e-01
360 6.791120e-01 1.364000e-03 3.195240e-01
361 6.788600e-01 1.384000e-03 3.197560e-01
362 6.786200e-01 1.392000e-03 3.199880e-01
363 6.784000e-01 1.336000e-03 3.202640e-01
364 6.782080e-01 1.324000e-03 3.204680e-01
365 6.779320e-01 1.344000e-03 3.207240e-01
366 6.776960e-01 1.360000e-03 3.209440e-01
367 6.775520e-01 1.276000e-03 3.211720e-01
368 6.773320e-01 1.272000e-03 3.213960e-01
369 6.770920e-01 1.236000e-03 3.216720e-01
370 6.769120e-01 1.192000e-03 3.218960e-01
371 6.766960e-01 1.112000e-03 3.221920e-01
372 6.765320e-01 1.096000e-03 3.223720e-01
373 6.763880e-01 1.044000e-03 3.225680e-01
374 6.761680e-01 1.052000e-03 3.227800e-01
375 6.759840e-01 1.080000e-03 3.229360e-01
376 6.758560e-01 1.060000e-03 3.230840e-01
377 6.756520e-01 1.120000e-03 3.232280e-01
378 6.754000e-01 1.204000e-03 3.233960e-01
379 6.752360e-01 1.184000e-03 3.235800e-01
380 6.750080e-01 1.184000e-03 3.238080e-01
381 6.748520e-01 1.160000e-03 3.239880e-01
382 6.746880e-01 1.116000e-03 3.241960e-01
383 6.745360e-01 1.112000e-03 3.243520e-01
384 6.743200e-01 1.144000e-03 3.245360e-01
385 6.741280e-01 1.152000e-03 3.247200e-01
386 6.739520e-01 1.100000e-03 3.249480e-01
387 6.737560e-01 1.084000e-03 3.251600e-01
388 6.735880e-01 1.040000e-03 3.253720e-01
389 6.734440e-01 9.880000e-04 3.255680e-01
390 6.732880e-01 9.640000e-04 3.257480e-01
391 6.731200e-01 9.920000e-04 3.258880e-01
392 6.729960e-01 9.760000e-04 3.260280e-01
393 6.728600e-01 9.400000e-04 3.262000e-01
394 6.727080e-01 9.240000e-04 3.263680e-01
395 6.725200e-01 9.200000e-04 3.265600e-01
396 6.724240e-01 8.640000e-04 3.267120e-01
397 6.722640e-01 9.120000e-04 3.268240e-01
398 6.720520e-01 9.760000e-04 3.269720e-01
399 6.718840e-01 9.680000e-04 3.271480e-01
400 6.717600e-01 9.320000e-04 3.273080e-01
401 6.716320e-01 8.680000e-04 3.275000e-01
402 6.714840e-01 8.800000e-04 3.276360e-01
403 6.713280e-01 8.840000e-04 3.277880e-01
404 6.711360e-01 9.600000e-04 3.279040e-01
405 6.710080e-01 9.320000e-04 3.280600e-01
406 6.708800e-01 8.680000e-04 3.282520e-01
407 6.707680e-01 7.960000e-04 3.284360e-01
408 6.706640e-01 7.800000e-04 3.285560e-01
409 6.705600e-01 7.400000e-04 3.287000e-01
410 6.704560e-01 7.160000e-04 3.288280e-01
411 6.703320e-01 7.040000e-04 3.289640e-01
412 6.702200e-01 7.360000e-04 3.290440e-01
413 6.701240e-01 7.040000e-04 3.291720e-01
414 6.700160e-01 7.080000e-04 3.292760e-01
415 6.699040e-01 6.960000e-04 3.294000e-01
416 6.697600e-01 6.960000e-04 3.295440e-01
417 6.696600e-01 6.760000e-04 3.296640e-01
418 6.695400e-01 6.760000e-04 3.297840e-01
419 6.694360e-01 6.680000e-04 3.298960e-01
420 6.693120e-01 6.440000e-04 3.300440e-01
421 6.692360e-01 6.040000e-04 3.301600e-01
422 6.691560e-01 5.400000e-04 3.303040e-01
423 6.690760e-01 5.240000e-04 3.304000e-01
424 6.689240e-01 5.880000e-04 3.304880e-01
425 6.688320e-01 6.120000e-04 3.305560e-01
426 6.687320e-01 6.080000e-04 3.306600e-01
427 6.686520e-01 6.040000e-04 3.307440e-01
428 6.685720e-01 6.120000e-04 3.308160e-01
429 6.684960e-01 5.760000e-04 3.309280e-01
430 6.683880e-01 5.880000e-04 3.310240e-01
431 6.682720e-01 6.160000e-04 3.311120e-01
432 6.681680e-01 5.880000e-04 3.312440e-01
433 6.680720e-01 5.920000e-04 3.313360e-01
434 6.679920e-01 6.000000e-04 3.314080e-01
435 6.679240e-01 5.400000e-04 3.315360e-01
436 6.678040e-01 5.920000e-04 3.316040e-01
437 6.676560e-01 6.680000e-04 3.316760e-01
438 6.675480e-01 6.560000e-04 3.317960e-01
439 6.674240e-01 6.600000e-04 3.319160e-01
440 6.673640e-01 6.240000e-04 3.320120e-01
441 6.673040e-01 5.840000e-04 3.321120e-01
442 6.672400e-01 5.360000e-04 3.322240e-01
443 6.671920e-01 4.720000e-04 3.323360e-01
444 6.671200e-01 4.960000e-04 3.323840e-01
445 6.670640e-01 4.600000e-04 3.324760e-01
446 6.670120e-01 4.120000e-04 3.325760e-01
447 6.669480e-01 4.200000e-04 3.326320e-01
448 6.669240e-01 3.800000e-04 3.326960e-01
449 6.668360e-01 4.080000e-04 3.327560e-01
450 6.667760e-01 3.960000e-04 3.328280e-01
451 6.667040e-01 4.080000e-04 3.328880e-01
452 6.666080e-01 4.200000e-04 3.329720e-01
453 6.665320e-01 4.240000e-04 3.330440e-01
454 6.664640e-01 4.080000e-04 3.331280e-01
455 6.664160e-01 4.000000e-04 3.331840e-01
456 6.663320e-01 4.160000e-04 3.332520e-01
457 6.662360e-01 4.480000e-04 3.333160e-01
458 6.661480e-01 4.640000e-04 3.333880e-01
459 6.661000e-01 4.320000e-04 3.334680e-01
460 6.660400e-01 4.120000e-04 3.335480e-01
461 6.659840e-01 3.960000e-04 3.336200e-01
462 6.659320e-01 3.960000e-04 3.336720e-01
463 6.658520e-01 4.160000e-04 3.337320e-01
464 6.657960e-01 4.160000e-04 3.337880e-01
465 6.657400e-01 3.680000e-04 3.338920e-01
466 6.656960e-01 3.560000e-04 3.339480e-01
467 6.656280e-01 3.640000e-04 3.340080e-01
468 6.655720e-01 3.560000e-04 3.340720e-01
469 6.655160e-01 3.440000e-04 3.341400e-01
470 6.654720e-01 3.280000e-04 3.342000e-01
471 6.654360e-01 2.880000e-04 3.342760e-01
472 6.654040e-01 2.600000e-04 3.343360e-01
473 6.653800e-01 2.160000e-04 3.344040e-01
474 6.653560e-01 2.200000e-04 3.344240e-01
475 6.653120e-01 2.320000e-04 3.344560e-01
476 6.652880e-01 2.160000e-04 3.344960e-01
477 6.652520e-01 2.120000e-04 3.345360e-01
478 6.652160e-01 2.080000e-04 3.345760e-01
479 6.651640e-01 2.000000e-04 3.346360e-01
480 6.651200e-01 2.320000e-04 3.346480e-01
481 6.650720e-01 2.400000e-04 3.346880e-01
482 6.650040e-01 2.800000e-04 3.347160e-01
483 6.649560e-01 2.800000e-04 3.347640e-01
484 6.649280e-01 2.360000e-04 3.348360e-01
485 6.648960e-01 2.320000e-04 3.348720e-01
486 6.648400e-01 2.520000e-04 3.349080e-01
487 6.647960e-01 2.520000e-04 3.349520e-01
488 6.647520e-01 2.520000e-04 3.349960e-01
489 6.647040e-01 2.480000e-04 3.350480e-01
490 6.646840e-01 2.320000e-04 3.350840e-01
491 6.646680e-01 1.960000e-04 3.351360e-01
492 6.646360e-01 2.000000e-04 3.351640e-01
493 6.646000e-01 1.880000e-04 3.352120e-01
494 6.645440e-01 2.200000e-04 3.352360e-01
495 6.644760e-01 2.440000e-04 3.352800e-01
496 6.643800e-01 2.800000e-04 3.353400e-01
497 6.643320e-01 3.000000e-04 3.353680e-01
498 6.642720e-01 2.920000e-04 3.354360e-01
499 6.642200e-01 3.080000e-04 3.354720e-01
500 6.641760e-01 2.880000e-04 3.355360e-01
