1 9.991480e-01 7.680000e-04 8.400000e-05
2 9.985200e-01 1.216000e-03 2.640000e-04
3 9.978800e-01 1.624000e-03 4.960000e-04
4 9.971000e-01 2.084000e-03 8.160000e-04
5 9.962440e-01 2.576000e-03 1.180000e-03
6 9.953120e-01 2.992000e-03 1.696000e-03
7 9.943600e-01 3.416000e-03 2.224000e-03
8 9.932160e-01 4.036000e-03 2.748000e-03
9 9.921760e-01 4.348000e-03 3.476000e-03
10 9.911200e-01 4.656000e-03 4.224000e-03
11 9.898720e-01 5.004000e-03 5.124000e-03
12 9.886120e-01 5.328000e-03 6.060000e-03
13 9.872840e-01 5.624000e-03 7.092000e-03
14 9.859480e-01 5.816000e-03 8.236000e-03
15 9.844960e-01 6.224000e-03 9.280000e-03
16 9.830200e-01 6.548000e-03 1.043200e-02
17 9.814840e-01 6.892000e-03 1.162400e-02
18 9.799960e-01 7.264000e-03 1.274000e-02
19 9.784400e-01 7.480000e-03 1.408000e-02
20 9.768880e-01 7.648000e-03 1.546400e-02
21 9.752920e-01 7.948000e-03 1.676000e-02
22 9.736520e-01 8.152000e-03 1.819600e-02
23 9.720920e-01 8.324000e-03 1.958400e-02
24 9.705840e-01 8.492000e-03 2.092400e-02
25 9.688360e-01 8.828000e-03 2.233600e-02
26 9.672120e-01 8.808000e-03 2.398000e-02
27 9.654160e-01 8.920000e-03 2.566400e-02
28 9.636640e-01 9.088000e-03 2.724800e-02
29 9.619840e-01 9.136000e-03 2.888000e-02
30 9.602240e-01 9.276000e-03 3.050000e-02
31 9.584720e-01 9.344000e-03 3.218400e-02
32 9.566440e-01 9.416000e-03 3.394000e-02
33 9.548840e-01 9.652000e-03 3.546400e-02
34 9.529360e-01 9.932000e-03 3.713200e-02
35 9.509160e-01 1.020000e-02 3.888400e-02
36 9.490320e-01 1.028400e-02 4.068400e-02
37 9.471120e-01 1.030400e-02 4.258400e-02
38 9.452800e-01 1.030000e-02 4.442000e-02
39 9.435640e-01 1.036000e-02 4.607600e-02
40 9.417160e-01 1.040000e-02 4.788400e-02
41 9.397960e-01 1.045200e-02 4.975200e-02
42 9.378760e-01 1.057200e-02 5.155200e-02
43 9.357640e-01 1.087200e-02 5.336400e-02
44 9.336080e-01 1.099200e-02 5.540000e-02
45 9.315880e-01 1.114000e-02 5.727200e-02
46 9.296480e-01 1.116000e-02 5.919200e-02
47 9.276680e-01 1.116000e-02 6.117200e-02
48 9.257120e-01 1.120800e-02 6.308000e-02
49 9.237560e-01 1.126800e-02 6.497600e-02
50 9.219800e-01 1.099600e-02 6.702400e-02
51 9.201200e-01 1.093200e-02 6.894800e-02
52 9.182320e-01 1.100000e-02 7.076800e-02
53 9.163680e-01 1.100400e-02 7.262800e-02
54 9.143120e-01 1.106000e-02 7.462800e-02
55 9.126120e-01 1.075600e-02 7.663200e-02
56 9.107000e-01 1.065600e-02 7.864400e-02
57 9.088080e-01 1.065200e-02 8.054000e-02
58 9.069880e-01 1.062400e-02 8.238800e-02
59 9.051200e-01 1.069200e-02 8.418800e-02
60 9.032240e-01 1.070400e-02 8.607200e-02
61 9.014000e-01 1.072800e-02 8.787200e-02
62 8.995240e-01 1.060800e-02 8.986800e-02
63 8.977400e-01 1.063200e-02 9.162800e-02
64 8.958520e-01 1.081600e-02 9.333200e-02
65 8.940880e-01 1.066000e-02 9.525200e-02
66 8.923400e-01 1.064000e-02 9.702000e-02
67 8.904480e-01 1.066400e-02 9.888800e-02
68 8.885080e-01 1.078800e-02 1.007040e-01
69 8.866600e-01 1.066000e-02 1.026800e-01
70 8.847720e-01 1.055600e-02 1.046720e-01
71 8.829680e-01 1.051600e-02 1.065160e-01
72 8.811320e-01 1.037200e-02 1.084960e-01
73 8.792960e-01 1.039200e-02 1.103120e-01
74 8.774920e-01 1.032800e-02 1.121800e-01
75 8.756120e-01 1.036800e-02 1.140200e-01
76 8.739040e-01 1.025200e-02 1.158440e-01
77 8.722160e-01 1.015200e-02 1.176320e-01
78 8.705480e-01 1.012400e-02 1.193280e-01
79 8.689640e-01 9.880000e-03 1.211560e-01
80 8.674360e-01 9.696000e-03 1.228680e-01
81 8.660520e-01 9.508000e-03 1.244400e-01
82 8.644480e-01 9.428000e-03 1.261240e-01
83 8.629240e-01 9.264000e-03 1.278120e-01
84 8.614480e-01 9.152000e-03 1.294000e-01
85 8.599480e-01 9.084000e-03 1.309680e-01
86 8.584640e-01 9.024000e-03 1.325120e-01
87 8.569720e-01 8.876000e-03 1.341520e-01
88 8.553960e-01 8.884000e-03 1.357200e-01
89 8.538480e-01 8.844000e-03 1.373080e-01
90 8.521040e-01 8.932000e-03 1.389640e-01
91 8.507000e-01 8.864000e-03 1.404360e-01
92 8.492520e-01 8.728000e-03 1.420200e-01
93 8.475360e-01 8.896000e-03 1.435680e-01
94 8.459880e-01 8.820000e-03 1.451920e-01
95 8.445680e-01 8.624000e-03 1.468080e-01
96 8.431440e-01 8.624000e-03 1.482320e-01
97 8.416600e-01 8.596000e-03 1.497440e-01
98 8.402160e-01 8.512000e-03 1.512720e-01
99 8.389320e-01 8.352000e-03 1.527160e-01
100 8.373480e-01 8.440000e-03 1.542120e-01
101 8.359720e-01 8.208000e-03 1.558200e-01
102 8.344680e-01 8.236000e-03 1.572960e-01
103 8.331480e-01 8.096000e-03 1.587560e-01
104 8.318040e-01 8.096000e-03 1.601000e-01
105 8.304040e-01 8.032000e-03 1.615640e-01
106 8.289360e-01 8.104000e-03 1.629600e-01
107 8.273680e-01 8.276000e-03 1.643560e-01
108 8.256960e-01 8.536000e-03 1.657680e-01
109 8.240800e-01 8.608000e-03 1.673120e-01
110 8.226200e-01 8.548000e-03 1.688320e-01
111 8.210720e-01 8.532000e-03 1.703960e-01
112 8.194760e-01 8.588000e-03 1.719360e-01
113 8.180280e-01 8.528000e-03 1.734440e-01
114 8.164800e-01 8.576000e-03 1.749440e-01
115 8.149800e-01 8.476000e-03 1.765440e-01
116 8.134200e-01 8.388000e-03 1.781920e-01
117 8.119880e-01 8.384000e-03 1.796280e-01
118 8.104720e-01 8.416000e-03 1.811120e-01
119 8.090360e-01 8.452000e-03 1.825120e-01
120 8.076920e-01 8.352000e-03 1.839560e-01
121 8.063880e-01 8.320000e-03 1.852920e-01
122 8.050000e-01 8.196000e-03 1.868040e-01
123 8.035960e-01 8.144000e-03 1.882600e-01
124 8.021960e-01 8.200000e-03 1.896040e-01
125 8.009800e-01 7.976000e-03 1.910440e-01
126 7.997480e-01 7.836000e-03 1.924160e-01
127 7.982480e-01 7.812000e-03 1.939400e-01
128 7.968160e-01 7.812000e-03 1.953720e-01
129 7.955640e-01 7.664000e-03 1.967720e-01
130 7.943240e-01 7.524000e-03 1.981520e-01
131 7.930000e-01 7.556000e-03 1.994440e-01
132 7.917240e-01 7.440000e-03 2.008360e-01
133 7.905000e-01 7.420000e-03 2.020800e-01
134 7.891080e-01 7.480000e-03 2.034120e-01
135 7.877240e-01 7.496000e-03 2.047800e-01
136 7.864800e-01 7.352000e-03 2.061680e-01
137 7.853200e-01 7.296000e-03 2.073840e-01
138 7.839640e-01 7.208000e-03 2.088280e-01
139 7.827480e-01 7.116000e-03 2.101360e-01
140 7.815800e-01 6.952000e-03 2.114680e-01
141 7.802880e-01 7.080000e-03 2.126320e-01
142 7.791720e-01 7.084000e-03 2.137440e-01
143 7.779680e-01 7.020000e-03 2.150120e-01
144 7.767320e-01 6.928000e-03 2.163400e-01
145 7.753800e-01 7.012000e-03 2.176080e-01
146 7.740520e-01 7.160000e-03 2.187880e-01
147 7.727800e-01 7.144000e-03 2.200760e-01
148 7.715120e-01 7.108000e-03 2.213800e-01
149 7.702560e-01 7.148000e-03 2.225960e-01
150 7.690200e-01 7.168000e-03 2.238120e-01
151 7.678160e-01 7.004000e-03 2.251800e-01
152 7.666200e-01 7.092000e-03 2.262880e-01
153 7.655080e-01 6.944000e-03 2.275480e-01
154 7.644040e-01 6.916000e-03 2.286800e-01
155 7.631240e-01 7.008000e-03 2.298680e-01
156 7.617760e-01 7.212000e-03 2.310120e-01
157 7.603920e-01 7.172000e-03 2.324360e-01
158 7.591360e-01 7.180000e-03 2.336840e-01
159 7.578280e-01 7.096000e-03 2.350760e-01
160 7.567200e-01 6.804000e-03 2.364760e-01
161 7.555400e-01 6.712000e-03 2.377480e-01
162 7.544440e-01 6.716000e-03 2.388400e-01
163 7.532720e-01 6.736000e-03 2.399920e-01
164 7.520840e-01 6.828000e-03 2.410880e-01
165 7.506280e-01 7.004000e-03 2.423680e-01
166 7.493360e-01 7.060000e-03 2.436040e-01
167 7.479960e-01 7.084000e-03 2.449200e-01
168 7.466760e-01 7.180000e-03 2.461440e-01
169 7.454000e-01 7.204000e-03 2.473960e-01
170 7.441960e-01 7.108000e-03 2.486960e-01
171 7.427280e-01 7.328000e-03 2.499440e-01
172 7.414680e-01 7.348000e-03 2.511840e-01
173 7.401000e-01 7.408000e-03 2.524920e-01
174 7.387640e-01 7.452000e-03 2.537840e-01
175 7.376520e-01 7.200000e-03 2.551480e-01
176 7.364800e-01 7.076000e-03 2.564440e-01
177 7.354000e-01 6.964000e-03 2.576360e-01
178 7.341960e-01 6.876000e-03 2.589280e-01
179 7.329840e-01 6.760000e-03 2.602560e-01
180 7.318920e-01 6.664000e-03 2.614440e-01
181 7.304800e-01 6.908000e-03 2.626120e-01
182 7.293120e-01 6.900000e-03 2.637880e-01
183 7.281320e-01 6.888000e-03 2.649800e-01
184 7.270000e-01 6.876000e-03 2.661240e-01
185 7.257800e-01 6.812000e-03 2.674080e-01
186 7.246080e-01 6.776000e-03 2.686160e-01
187 7.234480e-01 6.828000e-03 2.697240e-01
188 7.223120e-01 6.760000e-03 2.709280e-01
189 7.212480e-01 6.656000e-03 2.720960e-01
190 7.201280e-01 6.644000e-03 2.732280e-01
191 7.190200e-01 6.640000e-03 2.743400e-01
192 7.178920e-01 6.556000e-03 2.755520e-01
193 7.167280e-01 6.596000e-03 2.766760e-01
194 7.155320e-01 6.704000e-03 2.777640e-01
195 7.144320e-01 6.648000e-03 2.789200e-01
196 7.132280e-01 6.680000e-03 2.800920e-01
197 7.121840e-01 6.620000e-03 2.811960e-01
198 7.109680e-01 6.692000e-03 2.823400e-01
199 7.098760e-01 6.608000e-03 2.835160e-01
200 7.086320e-01 6.636000e-03 2.847320e-01
201 7.075480e-01 6.564000e-03 2.858880e-01
202 7.064840e-01 6.496000e-03 2.870200e-01
203 7.052920e-01 6.588000e-03 2.881200e-01
204 7.041280e-01 6.608000e-03 2.892640e-01
205 7.030360e-01 6.548000e-03 2.904160e-01
206 7.019160e-01 6.556000e-03 2.915280e-01
207 7.007880e-01 6.548000e-03 2.926640e-01
208 6.996840e-01 6.384000e-03 2.939320e-01
209 6.985440e-01 6.368000e-03 2.950880e-01
210 6.976040e-01 6.228000e-03 2.961680e-01
211 6.966120e-01 6.032000e-03 2.973560e-01
212 6.955400e-01 6.020000e-03 2.984400e-01
213 6.946440e-01 5.912000e-03 2.994440e-01
214 6.937120e-01 5.756000e-03 3.005320e-01
215 6.927720e-01 5.620000e-03 3.016080e-01
216 6.919400e-01 5.564000e-03 3.024960e-01
217 6.910480e-01 5.492000e-03 3.034600e-01
218 6.901160e-01 5.476000e-03 3.044080e-01
219 6.891280e-01 5.508000e-03 3.053640e-01
220 6.883120e-01 5.324000e-03 3.063640e-01
221 6.873440e-01 5.356000e-03 3.073000e-01
222 6.865280e-01 5.208000e-03 3.082640e-01
223 6.856760e-01 5.200000e-03 3.091240e-01
224 6.847240e-01 5.196000e-03 3.100800e-01
225 6.837440e-01 5.332000e-03 3.109240e-01
226 6.828040e-01 5.332000e-03 3.118640e-01
227 6.818320e-01 5.392000e-03 3.127760e-01
228 6.810120e-01 5.268000e-03 3.137200e-01
229 6.800720e-01 5.308000e-03 3.146200e-01
230 6.790440e-01 5.356000e-03 3.156000e-01
231 6.781280e-01 5.352000e-03 3.165200e-01
232 6.772800e-01 5.132000e-03 3.175880e-01
233 6.765080e-01 5.060000e-03 3.184320e-01
234 6.757360e-01 4.960000e-03 3.193040e-01
235 6.749960e-01 4.796000e-03 3.202080e-01
236 6.742640e-01 4.708000e-03 3.210280e-01
237 6.736720e-01 4.400000e-03 3.219280e-01
238 6.729840e-01 4.416000e-03 3.226000e-01
239 6.723560e-01 4.324000e-03 3.233200e-01
240 6.716560e-01 4.228000e-03 3.241160e-01
241 6.709400e-01 4.236000e-03 3.248240e-01
242 6.702960e-01 4.248000e-03 3.254560e-01
243 6.695640e-01 4.248000e-03 3.261880e-01
244 6.687600e-01 4.204000e-03 3.270360e-01
245 6.680520e-01 4.220000e-03 3.277280e-01
246 6.672520e-01 4.312000e-03 3.284360e-01
247 6.665120e-01 4.220000e-03 3.292680e-01
248 6.658760e-01 4.128000e-03 3.299960e-01
249 6.651560e-01 4.088000e-03 3.307560e-01
250 6.644520e-01 4.028000e-03 3.315200e-01
251 6.637760e-01 3.936000e-03 3.322880e-01
252 6.629600e-01 4.092000e-03 3.329480e-01
253 6.622360e-01 4.072000e-03 3.336920e-01
254 6.615480e-01 4.096000e-03 3.343560e-01
255 6.608040e-01 4.128000e-03 3.350680e-01
256 6.601400e-01 4.000000e-03 3.358600e-01
257 6.594480e-01 3.936000e-03 3.366160e-01
258 6.587400e-01 3.888000e-03 3.373720e-01
259 6.581320e-01 3.844000e-03 3.380240e-01
260 6.574680e-01 3.792000e-03 3.387400e-01
261 6.567120e-01 3.860000e-03 3.394280e-01
262 6.561560e-01 3.740000e-03 3.401040e-01
263 6.555400e-01 3.616000e-03 3.408440e-01
264 6.548920e-01 3.648000e-03 3.414600e-01
265 6.542400e-01 3.668000e-03 3.420920e-01
266 6.535920e-01 3.576000e-03 3.428320e-01
267 6.529440e-01 3.660000e-03 3.433960e-01
268 6.523480e-01 3.604000e-03 3.440480e-01
269 6.517960e-01 3.552000e-03 3.446520e-01
270 6.512320e-01 3.496000e-03 3.452720e-01
271 6.507240e-01 3.396000e-03 3.458800e-01
272 6.502240e-01 3.400000e-03 3.463760e-01
273 6.497240e-01 3.384000e-03 3.468920e-01
274 6.492760e-01 3.152000e-03 3.475720e-01
275 6.487560e-01 3.128000e-03 3.481160e-01
276 6.482920e-01 3.060000e-03 3.486480e-01
277 6.478120e-01 2.980000e-03 3.492080e-01
278 6.473920e-01 2.876000e-03 3.497320e-01
279 6.468680e-01 2.848000e-03 3.502840e-01
280 6.464120e-01 2.792000e-03 3.507960e-01
281 6.460160e-01 2.696000e-03 3.512880e-01
282 6.455360e-01 2.712000e-03 3.517520e-01
283 6.451080e-01 2.644000e-03 3.522480e-01
284 6.446680e-01 2.608000e-03 3.527240e-01
285 6.442520e-01 2.532000e-03 3.532160e-01
286 6.437880e-01 2.620000e-03 3.535920e-01
287 6.433600e-01 2.584000e-03 3.540560e-01
288 6.429720e-01 2.540000e-03 3.544880e-01
289 6.425480e-01 2.476000e-03 3.549760e-01
290 6.420560e-01 2.548000e-03 3.553960e-01
291 6.416280e-01 2.608000e-03 3.557640e-01
292 6.411520e-01 2.528000e-03 3.563200e-01
293 6.406400e-01 2.648000e-03 3.567120e-01
294 6.400600e-01 2.832000e-03 3.571080e-01
295 6.395760e-01 2.828000e-03 3.575960e-01
296 6.391160e-01 2.816000e-03 3.580680e-01
297 6.386920e-01 2.740000e-03 3.585680e-01
298 6.382120e-01 2.748000e-03 3.590400e-01
299 6.378000e-01 2.696000e-03 3.595040e-01
300 6.374040e-01 2.672000e-03 3.599240e-01
301 6.369720e-01 2.608000e-03 3.604200e-01
302 6.366480e-01 2.448000e-03 3.609040e-01
303 6.362560e-01 2.400000e-03 3.613440e-01
304 6.358720e-01 2.328000e-03 3.618000e-01
305 6.355240e-01 2.228000e-03 3.622480e-01
306 6.351960e-01 2.232000e-03 3.625720e-01
307 6.347720e-01 2.252000e-03 3.629760e-01
308 6.343200e-01 2.336000e-03 3.633440e-01
309 6.338720e-01 2.356000e-03 3.637720e-01
310 6.334160e-01 2.464000e-03 3.641200e-01
311 6.329200e-01 2.512000e-03 3.645680e-01
312 6.324080e-01 2.572000e-03 3.650200e-01
313 6.319840e-01 2.468000e-03 3.655480e-01
314 6.316080e-01 2.444000e-03 3.659480e-01
315 6.311160e-01 2.500000e-03 3.663840e-01
316 6.305960e-01 2.628000e-03 3.667760e-01
317 6.301200e-01 2.704000e-03 3.671760e-01
318 6.295520e-01 2.768000e-03 3.676800e-01
319 6.290560e-01 2.812000e-03 3.681320e-01
320 6.286920e-01 2.728000e-03 3.685800e-01
321 6.282920e-01 2.656000e-03 3.690520e-01
322 6.279120e-01 2.556000e-03 3.695320e-01
323 6.275120e-01 2.484000e-03 3.700040e-01
324 6.271280e-01 2.452000e-03 3.704200e-01
325 6.267560e-01 2.456000e-03 3.707880e-01
326 6.263840e-01 2.400000e-03 3.712160e-01
327 6.260160e-01 2.376000e-03 3.716080e-01
328 6.256240e-01 2.352000e-03 3.720240e-01
329 6.252000e-01 2.304000e-03 3.724960e-01
330 6.248480e-01 2.220000e-03 3.729320e-01
331 6.244600e-01 2.196000e-03 3.733440e-01
332 6.240800e-01 2.196000e-03 3.737240e-01
333 6.237560e-01 2.188000e-03 3.740560e-01
334 6.234280e-01 2.144000e-03 3.744280e-01
335 6.230880e-01 2.140000e-03 3.747720e-01
336 6.227720e-01 2.068000e-03 3.751600e-01
337 6.224080e-01 2.084000e-03 3.755080e-01
338 6.220280e-01 2.104000e-03 3.758680e-01
339 6.216560e-01 2.156000e-03 3.761880e-01
340 6.212040e-01 2.252000e-03 3.765440e-01
341 6.208000e-01 2.264000e-03 3.769360e-01
342 6.203400e-01 2.336000e-03 3.773240e-01
343 6.198600e-01 2.436000e-03 3.777040e-01
344 6.194280e-01 2.508000e-03 3.780640e-01
345 6.190080e-01 2.380000e-03 3.786120e-01
346 6.186800e-01 2.240000e-03 3.790800e-01
347 6.183240e-01 2.256000e-03 3.794200e-01
348 6.179960e-01 2.188000e-03 3.798160e-01
349 6.176520e-01 2.152000e-03 3.801960e-01
350 6.172480e-01 2.176000e-03 3.805760e-01
351 6.168680e-01 2.208000e-03 3.809240e-01
352 6.165080e-01 2.228000e-03 3.812640e-01
353 6.161520e-01 2.200000e-03 3.816480e-01
354 6.158360e-01 2.096000e-03 3.820680e-01
355 6.154800e-01 2.076000e-03 3.824440e-01
356 6.151880e-01 1.968000e-03 3.828440e-01
357 6.149080e-01 1.904000e-03 3.831880e-01
358 6.146680e-01 1.796000e-03 3.835360e-01
359 6.143880e-01 1.784000e-03 3.838280e-01
360 6.141360e-01 1.692000e-03 3.841720e-01
361 6.138120e-01 1.712000e-03 3.844760e-01
362 6.134440e-01 1.760000e-03 3.847960e-01
363 6.131240e-01 1.776000e-03 3.851000e-01
364 6.128600e-01 1.708000e-03 3.854320e-01
365 6.125280e-01 1.732000e-03 3.857400e-01
366 6.121080e-01 1.832000e-03 3.860600e-01
367 6.117440e-01 1.872000e-03 3.863840e-01
368 6.114400e-01 1.884000e-03 3.866760e-01
369 6.111280e-01 1.812000e-03 3.870600e-01
370 6.108440e-01 1.812000e-03 3.873440e-01
371 6.105720e-01 1.736000e-03 3.876920e-01
372 6.103640e-01 1.616000e-03 3.880200e-01
373 6.101120e-01 1.624000e-03 3.882640e-01
374 6.097920e-01 1.596000e-03 3.886120e-01
375 6.095000e-01 1.656000e-03 3.888440e-01
376 6.092400e-01 1.612000e-03 3.891480e-01
377 6.089480e-01 1.588000e-03 3.894640e-01
378 6.087160e-01 1.548000e-03 3.897360e-01
379 6.084240e-01 1.580000e-03 3.899960e-01
380 6.081280e-01 1.556000e-03 3.903160e-01
381 6.078360e-01 1.568000e-03 3.905960e-01
382 6.074400e-01 1.724000e-03 3.908360e-01
383 6.071320e-01 1.764000e-03 3.911040e-01
384 6.068360e-01 1.720000e-03 3.914440e-01
385 6.065360e-01 1.748000e-03 3.917160e-01
386 6.062960e-01 1.744000e-03 3.919600e-01
387 6.060240e-01 1.716000e-03 3.922600e-01
388 6.057400e-01 1.704000e-03 3.925560e-01
389 6.055040e-01 1.660000e-03 3.928360e-01
390 6.052920e-01 1.612000e-03 3.930960e-01
391 6.049880e-01 1.680000e-03 3.933320e-01
392 6.047280e-01 1.664000e-03 3.936080e-01
393 6.044880e-01 1.688000e-03 3.938240e-01
394 6.043000e-01 1.596000e-03 3.941040e-01
395 6.040600e-01 1.596000e-03 3.943440e-01
396 6.038920e-01 1.524000e-03 3.945840e-01
397 6.037000e-01 1.516000e-03 3.947840e-01
398 6.035040e-01 1.468000e-03 3.950280e-01
399 6.033000e-01 1.392000e-03 3.953080e-01
400 6.030960e-01 1.392000e-03 3.955120e-01
401 6.028720e-01 1.404000e-03 3.957240e-01
402 6.027200e-01 1.348000e-03 3.959320e-01
403 6.025560e-01 1.312000e-03 3.961320e-01
404 6.023760e-01 1.292000e-03 3.963320e-01
405 6.022480e-01 1.204000e-03 3.965480e-01
406 6.020720e-01 1.176000e-03 3.967520e-01
407 6.018880e-01 1.180000e-03 3.969320e-01
408 6.016720e-01 1.176000e-03 3.971520e-01
409 6.015160e-01 1.100000e-03 3.973840e-01
410 6.013440e-01 1.068000e-03 3.975880e-01
411 6.010800e-01 1.124000e-03 3.977960e-01
412 6.008080e-01 1.160000e-03 3.980320e-01
413 6.005640e-01 1.240000e-03 3.981960e-01
414 6.003400e-01 1.240000e-03 3.984200e-01
415 6.001280e-01 1.244000e-03 3.986280e-01
416 5.999080e-01 1.272000e-03 3.988200e-01
417 5.997480e-01 1.208000e-03 3.990440e-01
418 5.995320e-01 1.232000e-03 3.992360e-01
419 5.993240e-01 1.236000e-03 3.994400e-01
420 5.991600e-01 1.200000e-03 3.996400e-01
421 5.989760e-01 1.124000e-03 3.999000e-01
422 5.988000e-01 1.116000e-03 4.000840e-01
423 5.986400e-01 1.048000e-03 4.003120e-01
424 5.984760e-01 1.048000e-03 4.004760e-01
425 5.983440e-01 1.064000e-03 4.005920e-01
426 5.981800e-01 1.032000e-03 4.007880e-01
427 5.980000e-01 1.008000e-03 4.009920e-01
428 5.978280e-01 1.000000e-03 4.011720e-01
429 5.976160e-01 1.040000e-03 4.013440e-01
430 5.974440e-01 1.024000e-03 4.015320e-01
431 5.973360e-01 9.600000e-04 4.017040e-01
432 5.971760e-01 9.320000e-04 4.018920e-01
433 5.970240e-01 9.600000e-04 4.020160e-01
434 5.968800e-01 9.160000e-04 4.022040e-01
435 5.967120e-01 8.960000e-04 4.023920e-01
436 5.965960e-01 8.480000e-04 4.025560e-01
437 5.964440e-01 8.720000e-04 4.026840e-01
438 5.963200e-01 8.360000e-04 4.028440e-01
439 5.962200e-01 8.320000e-04 4.029480e-01
440 5.960800e-01 8.360000e-04 4.030840e-01
441 5.959320e-01 8.400000e-04 4.032280e-01
442 5.958240e-01 8.320000e-04 4.033440e-01
443 5.957320e-01 7.920000e-04 4.034760e-01
444 5.955840e-01 8.200000e-04 4.035960e-01
445 5.954720e-01 8.240000e-04 4.037040e-01
446 5.953680e-01 8.080000e-04 4.038240e-01
447 5.952400e-01 8.240000e-04 4.039360e-01
448 5.951200e-01 8.080000e-04 4.040720e-01
449 5.950120e-01 7.520000e-04 4.042360e-01
450 5.949240e-01 7.400000e-04 4.043360e-01
451 5.948480e-01 6.680000e-04 4.044840e-01
452 5.947680e-01 6.440000e-04 4.045880e-01
453 5.946920e-01 5.880000e-04 4.047200e-01
454 5.945920e-01 5.960000e-04 4.048120e-01
455 5.945080e-01 5.720000e-04 4.049200e-01
456 5.944240e-01 5.200000e-04 4.050560e-01
457 5.943520e-01 4.960000e-04 4.051520e-01
458 5.942880e-01 4.880000e-04 4.052240e-01
459 5.942360e-01 4.560000e-04 4.053080e-01
460 5.941600e-01 4.440000e-04 4.053960e-01
461 5.941120e-01 4.160000e-04 4.054720e-01
462 5.940680e-01 4.040000e-04 4.055280e-01
463 5.940040e-01 3.960000e-04 4.056000e-01
464 5.939760e-01 3.200000e-04 4.057040e-01
465 5.939480e-01 2.800000e-04 4.057720e-01
466 5.939080e-01 2.600000e-04 4.058320e-01
467 5.938480e-01 2.840000e-04 4.058680e-01
468 5.938160e-01 2.800000e-04 4.059040e-01
469 5.937600e-01 2.880000e-04 4.059520e-01
470 5.936960e-01 3.080000e-04 4.059960e-01
471 5.936480e-01 3.040000e-04 4.060480e-01
472 5.936160e-01 2.720000e-04 4.061120e-01
473 5.935840e-01 2.360000e-04 4.061800e-01
474 5.935280e-01 2.520000e-04 4.062200e-01
475 5.934680e-01 2.600000e-04 4.062720e-01
476 5.934440e-01 2.360000e-04 4.063200e-01
477 5.933880e-01 2.480000e-04 4.063640e-01
478 5.933520e-01 2.520000e-04 4.063960e-01
479 5.933000e-01 2.640000e-04 4.064360e-01
480 5.932320e-01 2.720000e-04 4.064960e-01
481 5.931320e-01 3.160000e-04 4.065520e-01
482 5.930640e-01 3.360000e-04 4.066000e-01
483 5.929480e-01 3.880000e-04 4.066640e-01
484 5.928760e-01 4.000000e-04 4.067240e-01
485 5.928200e-01 3.840000e-04 4.067960e-01
486 5.927440e-01 3.960000e-04 4.068600e-01
487 5.926880e-01 4.040000e-04 4.069080e-01
488 5.926160e-01 4.040000e-04 4.069800e-01
489 5.924920e-01 4.560000e-04 4.070520e-01
490 5.923920e-01 4.600000e-04 4.071480e-01
491 5.922840e-01 5.040000e-04 4.072120e-01
492 5.922280e-01 4.600000e-04 4.073120e-01
493 5.921520e-01 4.600000e-04 4.073880e-01
494 5.920760e-01 4.280000e-04 4.074960e-01
495 5.920120e-01 4.040000e-04 4.075840e-01
496 5.919080e-01 4.320000e-04 4.076600e-01
497 5.918560e-01 4.040000e-04 4.077400e-01
498 5.917920e-01 3.920000e-04 4.078160e-01
499 5.917800e-01 3.440000e-04 4.078760e-01
500 5.917360e-01 3.280000e-04 4.079360e-01
