1 9.992440e-01 6.480000e-04 1.080000e-04
2 9.986800e-01 1.080000e-03 2.400000e-04
3 9.980840e-01 1.408000e-03 5.080000e-04
4 9.973080e-01 1.876000e-03 8.160000e-04
5 9.964040e-01 2.456000e-03 1.140000e-03
6 9.955320e-01 2.836000e-03 1.632000e-03
7 9.945800e-01 3.204000e-03 2.216000e-03
8 9.935320e-01 3.692000e-03 2.776000e-03
9 9.924200e-01 4.144000e-03 3.436000e-03
10 9.912080e-01 4.576000e-03 4.216000e-03
11 9.899840e-01 4.856000e-03 5.160000e-03
12 9.889480e-01 4.972000e-03 6.080000e-03
13 9.877640e-01 5.288000e-03 6.948000e-03
14 9.865440e-01 5.524000e-03 7.932000e-03
15 9.852000e-01 5.960000e-03 8.840000e-03
16 9.838400e-01 6.268000e-03 9.892000e-03
17 9.824240e-01 6.488000e-03 1.108800e-02
18 9.809480e-01 6.780000e-03 1.227200e-02
19 9.795200e-01 7.136000e-03 1.334400e-02
20 9.779680e-01 7.528000e-03 1.450400e-02
21 9.764160e-01 7.720000e-03 1.586400e-02
22 9.748480e-01 7.984000e-03 1.716800e-02
23 9.732120e-01 8.292000e-03 1.849600e-02
24 9.715520e-01 8.488000e-03 1.996000e-02
25 9.697600e-01 8.760000e-03 2.148000e-02
26 9.681160e-01 8.896000e-03 2.298800e-02
27 9.665040e-01 8.952000e-03 2.454400e-02
28 9.649640e-01 8.856000e-03 2.618000e-02
29 9.632800e-01 8.924000e-03 2.779600e-02
30 9.615680e-01 9.092000e-03 2.934000e-02
31 9.599160e-01 9.208000e-03 3.087600e-02
32 9.583600e-01 9.284000e-03 3.235600e-02
33 9.565320e-01 9.456000e-03 3.401200e-02
34 9.550280e-01 9.316000e-03 3.565600e-02
35 9.532200e-01 9.376000e-03 3.740400e-02
36 9.513680e-01 9.492000e-03 3.914000e-02
37 9.497320e-01 9.384000e-03 4.088400e-02
38 9.478720e-01 9.624000e-03 4.250400e-02
39 9.460200e-01 9.824000e-03 4.415600e-02
40 9.442760e-01 9.800000e-03 4.592400e-02
41 9.424560e-01 1.007600e-02 4.746800e-02
42 9.404160e-01 1.026000e-02 4.932400e-02
43 9.384320e-01 1.040800e-02 5.116000e-02
44 9.365880e-01 1.052000e-02 5.289200e-02
45 9.347360e-01 1.057600e-02 5.468800e-02
46 9.328480e-01 1.062400e-02 5.652800e-02
47 9.309440e-01 1.066800e-02 5.838800e-02
48 9.290520e-01 1.056400e-02 6.038400e-02
49 9.271840e-01 1.072400e-02 6.209200e-02
50 9.252000e-01 1.092800e-02 6.387200e-02
51 9.231360e-01 1.111200e-02 6.575200e-02
52 9.209960e-01 1.134800e-02 6.765600e-02
53 9.189840e-01 1.128400e-02 6.973200e-02
54 9.168640e-01 1.134800e-02 7.178800e-02
55 9.148680e-01 1.144800e-02 7.368400e-02
56 9.128840e-01 1.156800e-02 7.554800e-02
57 9.107080e-01 1.173600e-02 7.755600e-02
58 9.086440e-01 1.178800e-02 7.956800e-02
59 9.063000e-01 1.210800e-02 8.159200e-02
60 9.040200e-01 1.233200e-02 8.364800e-02
61 9.019000e-01 1.232400e-02 8.577600e-02
62 8.997040e-01 1.230800e-02 8.798800e-02
63 8.974600e-01 1.248400e-02 9.005600e-02
64 8.952800e-01 1.242400e-02 9.229600e-02
65 8.932040e-01 1.227200e-02 9.452400e-02
66 8.909400e-01 1.237200e-02 9.668800e-02
67 8.888920e-01 1.226400e-02 9.884400e-02
68 8.868680e-01 1.210800e-02 1.010240e-01
69 8.848360e-01 1.197600e-02 1.031880e-01
70 8.827960e-01 1.191600e-02 1.052880e-01
71 8.809440e-01 1.176400e-02 1.072920e-01
72 8.788880e-01 1.186800e-02 1.092440e-01
73 8.769000e-01 1.186800e-02 1.112320e-01
74 8.747200e-01 1.200000e-02 1.132800e-01
75 8.725400e-01 1.213200e-02 1.153280e-01
76 8.705480e-01 1.199600e-02 1.174560e-01
77 8.683080e-01 1.201200e-02 1.196800e-01
78 8.662760e-01 1.203600e-02 1.216880e-01
79 8.640480e-01 1.204800e-02 1.239040e-01
80 8.618640e-01 1.195200e-02 1.261840e-01
81 8.598000e-01 1.186000e-02 1.283400e-01
82 8.577840e-01 1.182400e-02 1.303920e-01
83 8.557760e-01 1.180000e-02 1.324240e-01
84 8.536120e-01 1.206400e-02 1.343240e-01
85 8.514720e-01 1.203600e-02 1.364920e-01
86 8.493120e-01 1.213600e-02 1.385520e-01
87 8.472360e-01 1.213200e-02 1.406320e-01
88 8.451840e-01 1.202800e-02 1.427880e-01
89 8.430240e-01 1.215200e-02 1.448240e-01
90 8.409320e-01 1.197200e-02 1.470960e-01
91 8.388880e-01 1.181200e-02 1.493000e-01
92 8.367600e-01 1.179600e-02 1.514440e-01
93 8.348160e-01 1.181600e-02 1.533680e-01
94 8.326880e-01 1.192800e-02 1.553840e-01
95 8.306760e-01 1.199600e-02 1.573280e-01
96 8.285840e-01 1.198400e-02 1.594320e-01
97 8.264920e-01 1.189600e-02 1.616120e-01
98 8.243240e-01 1.204000e-02 1.636360e-01
99 8.223200e-01 1.196800e-02 1.657120e-01
100 8.204200e-01 1.178800e-02 1.677920e-01
101 8.185360e-01 1.152800e-02 1.699360e-01
102 8.166520e-01 1.129200e-02 1.720560e-01
103 8.148000e-01 1.124400e-02 1.739560e-01
104 8.130080e-01 1.108000e-02 1.759120e-01
105 8.111800e-01 1.086000e-02 1.779600e-01
106 8.096320e-01 1.055600e-02 1.798120e-01
107 8.078920e-01 1.046400e-02 1.816440e-01
108 8.061440e-01 1.029600e-02 1.835600e-01
109 8.045480e-01 1.002800e-02 1.854240e-01
110 8.030440e-01 9.852000e-03 1.871040e-01
111 8.014600e-01 9.736000e-03 1.888040e-01
112 7.998880e-01 9.572000e-03 1.905400e-01
113 7.981840e-01 9.448000e-03 1.923680e-01
114 7.966600e-01 9.260000e-03 1.940800e-01
115 7.952040e-01 9.048000e-03 1.957480e-01
116 7.937080e-01 8.928000e-03 1.973640e-01
117 7.920920e-01 9.012000e-03 1.988960e-01
118 7.905000e-01 9.108000e-03 2.003920e-01
119 7.890880e-01 9.080000e-03 2.018320e-01
120 7.874040e-01 9.012000e-03 2.035840e-01
121 7.859320e-01 8.940000e-03 2.051280e-01
122 7.845520e-01 8.692000e-03 2.067560e-01
123 7.830480e-01 8.660000e-03 2.082920e-01
124 7.817760e-01 8.380000e-03 2.098440e-01
125 7.804360e-01 8.200000e-03 2.113640e-01
126 7.791040e-01 8.008000e-03 2.128880e-01
127 7.777240e-01 7.748000e-03 2.145280e-01
128 7.764120e-01 7.700000e-03 2.158880e-01
129 7.750040e-01 7.776000e-03 2.172200e-01
130 7.735960e-01 7.776000e-03 2.186280e-01
131 7.722200e-01 7.796000e-03 2.199840e-01
132 7.709760e-01 7.728000e-03 2.212960e-01
133 7.697400e-01 7.732000e-03 2.225280e-01
134 7.685400e-01 7.576000e-03 2.238840e-01
135 7.673760e-01 7.456000e-03 2.251680e-01
136 7.661000e-01 7.356000e-03 2.265440e-01
137 7.649640e-01 7.296000e-03 2.277400e-01
138 7.637680e-01 7.200000e-03 2.290320e-01
139 7.625440e-01 7.120000e-03 2.303360e-01
140 7.613720e-01 6.968000e-03 2.316600e-01
141 7.601400e-01 7.056000e-03 2.328040e-01
142 7.589680e-01 6.940000e-03 2.340920e-01
143 7.576440e-01 7.112000e-03 2.352440e-01
144 7.564760e-01 6.952000e-03 2.365720e-01
145 7.553440e-01 6.832000e-03 2.378240e-01
146 7.542960e-01 6.824000e-03 2.388800e-01
147 7.532120e-01 6.740000e-03 2.400480e-01
148 7.520360e-01 6.728000e-03 2.412360e-01
149 7.507440e-01 6.904000e-03 2.423520e-01
150 7.495440e-01 6.868000e-03 2.435880e-01
151 7.482840e-01 6.884000e-03 2.448320e-01
152 7.471080e-01 6.784000e-03 2.461080e-01
153 7.459240e-01 6.796000e-03 2.472800e-01
154 7.448240e-01 6.668000e-03 2.485080e-01
155 7.437160e-01 6.480000e-03 2.498040e-01
156 7.426240e-01 6.428000e-03 2.509480e-01
157 7.415960e-01 6.304000e-03 2.521000e-01
158 7.406160e-01 6.200000e-03 2.531840e-01
159 7.396880e-01 6.080000e-03 2.542320e-01
160 7.386960e-01 6.060000e-03 2.552440e-01
161 7.378080e-01 5.880000e-03 2.563120e-01
162 7.369360e-01 5.712000e-03 2.573520e-01
163 7.359560e-01 5.712000e-03 2.583320e-01
164 7.351920e-01 5.532000e-03 2.592760e-01
165 7.341480e-01 5.660000e-03 2.601920e-01
166 7.331520e-01 5.636000e-03 2.612120e-01
167 7.321960e-01 5.660000e-03 2.621440e-01
168 7.311880e-01 5.672000e-03 2.631400e-01
169 7.301000e-01 5.776000e-03 2.641240e-01
170 7.291440e-01 5.624000e-03 2.652320e-01
171 7.281480e-01 5.580000e-03 2.662720e-01
172 7.271240e-01 5.672000e-03 2.672040e-01
173 7.260480e-01 5.820000e-03 2.681320e-01
174 7.250560e-01 5.932000e-03 2.690120e-01
175 7.240640e-01 6.052000e-03 2.698840e-01
176 7.231000e-01 5.972000e-03 2.709280e-01
177 7.219840e-01 6.012000e-03 2.720040e-01
178 7.209720e-01 5.900000e-03 2.731280e-01
179 7.199600e-01 5.760000e-03 2.742800e-01
180 7.190720e-01 5.628000e-03 2.753000e-01
181 7.180560e-01 5.616000e-03 2.763280e-01
182 7.171440e-01 5.556000e-03 2.773000e-01
183 7.161600e-01 5.620000e-03 2.782200e-01
184 7.152520e-01 5.528000e-03 2.792200e-01
185 7.143760e-01 5.432000e-03 2.801920e-01
186 7.133880e-01 5.416000e-03 2.811960e-01
187 7.123360e-01 5.560000e-03 2.821040e-01
188 7.115040e-01 5.312000e-03 2.831840e-01
189 7.105800e-01 5.416000e-03 2.840040e-01
190 7.096480e-01 5.504000e-03 2.848480e-01
191 7.087720e-01 5.260000e-03 2.859680e-01
192 7.079920e-01 5.248000e-03 2.867600e-01
193 7.070520e-01 5.200000e-03 2.877480e-01
194 7.061800e-01 5.140000e-03 2.886800e-01
195 7.054400e-01 5.008000e-03 2.895520e-01
196 7.044640e-01 5.060000e-03 2.904760e-01
197 7.036280e-01 5.012000e-03 2.913600e-01
198 7.026320e-01 5.076000e-03 2.922920e-01
199 7.016920e-01 5.072000e-03 2.932360e-01
200 7.008800e-01 5.008000e-03 2.941120e-01
201 7.001360e-01 4.896000e-03 2.949680e-01
202 6.992680e-01 4.848000e-03 2.958840e-01
203 6.984080e-01 4.808000e-03 2.967840e-01
204 6.975920e-01 4.776000e-03 2.976320e-01
205 6.968880e-01 4.660000e-03 2.984520e-01
206 6.961200e-01 4.624000e-03 2.992560e-01
207 6.954160e-01 4.544000e-03 3.000400e-01
208 6.946800e-01 4.512000e-03 3.008080e-01
209 6.937800e-01 4.620000e-03 3.016000e-01
210 6.930720e-01 4.488000e-03 3.024400e-01
211 6.921600e-01 4.660000e-03 3.031800e-01
212 6.913440e-01 4.700000e-03 3.039560e-01
213 6.904280e-01 4.792000e-03 3.047800e-01
214 6.895440e-01 4.784000e-03 3.056720e-01
215 6.887800e-01 4.836000e-03 3.063840e-01
216 6.878800e-01 4.876000e-03 3.072440e-01
217 6.870680e-01 4.808000e-03 3.081240e-01
218 6.862880e-01 4.732000e-03 3.089800e-01
219 6.854920e-01 4.740000e-03 3.097680e-01
220 6.847520e-01 4.556000e-03 3.106920e-01
221 6.841160e-01 4.400000e-03 3.114840e-01
222 6.833040e-01 4.428000e-03 3.122680e-01
223 6.825520e-01 4.448000e-03 3.130000e-01
224 6.817360e-01 4.472000e-03 3.137920e-01
225 6.809760e-01 4.460000e-03 3.145640e-01
226 6.802640e-01 4.384000e-03 3.153520e-01
227 6.795080e-01 4.348000e-03 3.161440e-01
228 6.788160e-01 4.248000e-03 3.169360e-01
229 6.780320e-01 4.392000e-03 3.175760e-01
230 6.773280e-01 4.320000e-03 3.183520e-01
231 6.766080e-01 4.168000e-03 3.192240e-01
232 6.759000e-01 4.156000e-03 3.199440e-01
233 6.751880e-01 4.116000e-03 3.206960e-01
234 6.744840e-01 4.052000e-03 3.214640e-01
235 6.739400e-01 3.888000e-03 3.221720e-01
236 6.732800e-01 3.800000e-03 3.229200e-01
237 6.727080e-01 3.720000e-03 3.235720e-01
238 6.719840e-01 3.796000e-03 3.242200e-01
239 6.713200e-01 3.748000e-03 3.249320e-01
240 6.707360e-01 3.760000e-03 3.255040e-01
241 6.701720e-01 3.748000e-03 3.260800e-01
242 6.694560e-01 3.668000e-03 3.268760e-01
243 6.689280e-01 3.620000e-03 3.274520e-01
244 6.683360e-01 3.520000e-03 3.281440e-01
245 6.678240e-01 3.424000e-03 3.287520e-01
246 6.672840e-01 3.324000e-03 3.293920e-01
247 6.668560e-01 3.236000e-03 3.299080e-01
248 6.662960e-01 3.188000e-03 3.305160e-01
249 6.657960e-01 3.184000e-03 3.310200e-01
250 6.652320e-01 3.236000e-03 3.315320e-01
251 6.646480e-01 3.276000e-03 3.320760e-01
252 6.641080e-01 3.192000e-03 3.327000e-01
253 6.636280e-01 3.072000e-03 3.333000e-01
254 6.631120e-01 3.068000e-03 3.338200e-01
255 6.624360e-01 3.212000e-03 3.343520e-01
256 6.618120e-01 3.340000e-03 3.348480e-01
257 6.611960e-01 3.372000e-03 3.354320e-01
258 6.604920e-01 3.524000e-03 3.359840e-01
259 6.598320e-01 3.592000e-03 3.365760e-01
260 6.591200e-01 3.680000e-03 3.372000e-01
261 6.584800e-01 3.688000e-03 3.378320e-01
262 6.578280e-01 3.732000e-03 3.384400e-01
263 6.572440e-01 3.664000e-03 3.390920e-01
264 6.566840e-01 3.584000e-03 3.397320e-01
265 6.560640e-01 3.504000e-03 3.404320e-01
266 6.555000e-01 3.520000e-03 3.409800e-01
267 6.548560e-01 3.608000e-03 3.415360e-01
268 6.542160e-01 3.588000e-03 3.421960e-01
269 6.534960e-01 3.680000e-03 3.428240e-01
270 6.528240e-01 3.744000e-03 3.434320e-01
271 6.521120e-01 3.840000e-03 3.440480e-01
272 6.515280e-01 3.720000e-03 3.447520e-01
273 6.509760e-01 3.608000e-03 3.454160e-01
274 6.504240e-01 3.536000e-03 3.460400e-01
275 6.497960e-01 3.508000e-03 3.466960e-01
276 6.492440e-01 3.484000e-03 3.472720e-01
277 6.486200e-01 3.492000e-03 3.478880e-01
278 6.478840e-01 3.676000e-03 3.484400e-01
279 6.472160e-01 3.660000e-03 3.491240e-01
280 6.466040e-01 3.580000e-03 3.498160e-01
281 6.459760e-01 3.568000e-03 3.504560e-01
282 6.454080e-01 3.584000e-03 3.510080e-01
283 6.448440e-01 3.508000e-03 3.516480e-01
284 6.442600e-01 3.496000e-03 3.522440e-01
285 6.436440e-01 3.528000e-03 3.528280e-01
286 6.430640e-01 3.432000e-03 3.535040e-01
287 6.425120e-01 3.340000e-03 3.541480e-01
288 6.419480e-01 3.300000e-03 3.547520e-01
289 6.414000e-01 3.276000e-03 3.553240e-01
290 6.408720e-01 3.248000e-03 3.558800e-01
291 6.403480e-01 3.188000e-03 3.564640e-01
292 6.398840e-01 3.036000e-03 3.570800e-01
293 6.393600e-01 3.036000e-03 3.576040e-01
294 6.388240e-01 3.064000e-03 3.581120e-01
295 6.382840e-01 3.044000e-03 3.586720e-01
296 6.378320e-01 2.940000e-03 3.592280e-01
297 6.373320e-01 2.884000e-03 3.597840e-01
298 6.369040e-01 2.788000e-03 3.603080e-01
299 6.364160e-01 2.816000e-03 3.607680e-01
300 6.360320e-01 2.648000e-03 3.613200e-01
301 6.355520e-01 2.660000e-03 3.617880e-01
302 6.351040e-01 2.660000e-03 3.622360e-01
303 6.346160e-01 2.600000e-03 3.627840e-01
304 6.341720e-01 2.628000e-03 3.632000e-01
305 6.335960e-01 2.788000e-03 3.636160e-01
306 6.331960e-01 2.728000e-03 3.640760e-01
307 6.327680e-01 2.748000e-03 3.644840e-01
308 6.323360e-01 2.676000e-03 3.649880e-01
309 6.319280e-01 2.660000e-03 3.654120e-01
310 6.314880e-01 2.712000e-03 3.658000e-01
311 6.310920e-01 2.688000e-03 3.662200e-01
312 6.307520e-01 2.500000e-03 3.667480e-01
313 6.303440e-01 2.444000e-03 3.672120e-01
314 6.299840e-01 2.448000e-03 3.675680e-01
315 6.295640e-01 2.460000e-03 3.679760e-01
316 6.291960e-01 2.452000e-03 3.683520e-01
317 6.288360e-01 2.316000e-03 3.688480e-01
318 6.285400e-01 2.116000e-03 3.693440e-01
319 6.282400e-01 2.008000e-03 3.697520e-01
320 6.279880e-01 1.928000e-03 3.700840e-01
321 6.276920e-01 1.892000e-03 3.704160e-01
322 6.273680e-01 1.860000e-03 3.707720e-01
323 6.270560e-01 1.884000e-03 3.710600e-01
324 6.267080e-01 1.896000e-03 3.713960e-01
325 6.263640e-01 1.920000e-03 3.717160e-01
326 6.260200e-01 1.972000e-03 3.720080e-01
327 6.257080e-01 1.976000e-03 3.723160e-01
328 6.253520e-01 2.012000e-03 3.726360e-01
329 6.250600e-01 1.952000e-03 3.729880e-01
330 6.247360e-01 1.992000e-03 3.732720e-01
331 6.244120e-01 1.960000e-03 3.736280e-01
332 6.241160e-01 1.892000e-03 3.739920e-01
333 6.238680e-01 1.776000e-03 3.743560e-01
334 6.236040e-01 1.724000e-03 3.746720e-01
335 6.233200e-01 1.716000e-03 3.749640e-01
336 6.230600e-01 1.760000e-03 3.751800e-01
337 6.227280e-01 1.756000e-03 3.755160e-01
338 6.224600e-01 1.680000e-03 3.758600e-01
339 6.221920e-01 1.688000e-03 3.761200e-01
340 6.218720e-01 1.644000e-03 3.764840e-01
341 6.215440e-01 1.648000e-03 3.768080e-01
342 6.212120e-01 1.732000e-03 3.770560e-01
343 6.209520e-01 1.684000e-03 3.773640e-01
344 6.206440e-01 1.708000e-03 3.776480e-01
345 6.203680e-01 1.676000e-03 3.779560e-01
346 6.200560e-01 1.684000e-03 3.782600e-01
347 6.197480e-01 1.672000e-03 3.785800e-01
348 6.194640e-01 1.608000e-03 3.789280e-01
349 6.191840e-01 1.544000e-03 3.792720e-01
350 6.189080e-01 1.536000e-03 3.795560e-01
351 6.186720e-01 1.488000e-03 3.798400e-01
352 6.183720e-01 1.520000e-03 3.801080e-01
353 6.181480e-01 1.512000e-03 3.803400e-01
354 6.179440e-01 1.408000e-03 3.806480e-01
355 6.177120e-01 1.452000e-03 3.808360e-01
356 6.174760e-01 1.444000e-03 3.810800e-01
357 6.172520e-01 1.404000e-03 3.813440e-01
358 6.169440e-01 1.476000e-03 3.815800e-01
359 6.167200e-01 1.420000e-03 3.818600e-01
360 6.164840e-01 1.416000e-03 3.821000e-01
361 6.163120e-01 1.352000e-03 3.823360e-01
362 6.161320e-01 1.320000e-03 3.825480e-01
363 6.159480e-01 1.244000e-03 3.828080e-01
364 6.157960e-01 1.196000e-03 3.830080e-01
365 6.156080e-01 1.160000e-03 3.832320e-01
366 6.154160e-01 1.192000e-03 3.833920e-01
367 6.152040e-01 1.164000e-03 3.836320e-01
368 6.149760e-01 1.224000e-03 3.838000e-01
369 6.147520e-01 1.256000e-03 3.839920e-01
370 6.145120e-01 1.244000e-03 3.842440e-01
371 6.143160e-01 1.168000e-03 3.845160e-01
372 6.141080e-01 1.184000e-03 3.847080e-01
373 6.139120e-01 1.184000e-03 3.849040e-01
374 6.136320e-01 1.268000e-03 3.851000e-01
375 6.133800e-01 1.304000e-03 3.853160e-01
376 6.131920e-01 1.284000e-03 3.855240e-01
377 6.129840e-01 1.232000e-03 3.857840e-01
378 6.128520e-01 1.176000e-03 3.859720e-01
379 6.126920e-01 1.120000e-03 3.861880e-01
380 6.125160e-01 1.100000e-03 3.863840e-01
381 6.123600e-01 1.096000e-03 3.865440e-01
382 6.122040e-01 1.048000e-03 3.867480e-01
383 6.120920e-01 9.960000e-04 3.869120e-01
384 6.119200e-01 1.016000e-03 3.870640e-01
385 6.117920e-01 9.440000e-04 3.872640e-01
386 6.115640e-01 9.440000e-04 3.874920e-01
387 6.113560e-01 1.012000e-03 3.876320e-01
388 6.111440e-01 1.028000e-03 3.878280e-01
389 6.109280e-01 1.064000e-03 3.880080e-01
390 6.107040e-01 1.068000e-03 3.882280e-01
391 6.105240e-01 1.048000e-03 3.884280e-01
392 6.103120e-01 1.048000e-03 3.886400e-01
393 6.101360e-01 1.036000e-03 3.888280e-01
394 6.099640e-01 1.040000e-03 3.889960e-01
395 6.097600e-01 1.076000e-03 3.891640e-01
396 6.096200e-01 1.052000e-03 3.893280e-01
397 6.094720e-01 9.680000e-04 3.895600e-01
398 6.091400e-01 1.156000e-03 3.897040e-01
399 6.089200e-01 1.208000e-03 3.898720e-01
400 6.086600e-01 1.272000e-03 3.900680e-01
401 6.083760e-01 1.364000e-03 3.902600e-01
402 6.080720e-01 1.444000e-03 3.904840e-01
403 6.078440e-01 1.408000e-03 3.907480e-01
404 6.075960e-01 1.460000e-03 3.909440e-01
405 6.073600e-01 1.440000e-03 3.912000e-01
406 6.071160e-01 1.472000e-03 3.914120e-01
407 6.068720e-01 1.436000e-03 3.916920e-01
408 6.065840e-01 1.504000e-03 3.919120e-01
409 6.063440e-01 1.456000e-03 3.922000e-01
410 6.060800e-01 1.468000e-03 3.924520e-01
411 6.058400e-01 1.444000e-03 3.927160e-01
412 6.055480e-01 1.472000e-03 3.929800e-01
413 6.052800e-01 1.504000e-03 3.932160e-01
414 6.050080e-01 1.496000e-03 3.934960e-01
415 6.046840e-01 1.552000e-03 3.937640e-01
416 6.043800e-01 1.580000e-03 3.940400e-01
417 6.040280e-01 1.664000e-03 3.943080e-01
418 6.037360e-01 1.612000e-03 3.946520e-01
419 6.034360e-01 1.684000e-03 3.948800e-01
420 6.031320e-01 1.684000e-03 3.951840e-01
421 6.029280e-01 1.580000e-03 3.954920e-01
422 6.026200e-01 1.592000e-03 3.957880e-01
423 6.023480e-01 1.596000e-03 3.960560e-01
424 6.021400e-01 1.520000e-03 3.963400e-01
425 6.018240e-01 1.608000e-03 3.965680e-01
426 6.015880e-01 1.612000e-03 3.968000e-01
427 6.013520e-01 1.596000e-03 3.970520e-01
428 6.009960e-01 1.660000e-03 3.973440e-01
429 6.006080e-01 1.732000e-03 3.976600e-01
430 6.003120e-01 1.736000e-03 3.979520e-01
431 5.999840e-01 1.752000e-03 3.982640e-01
432 5.997320e-01 1.736000e-03 3.985320e-01
433 5.994320e-01 1.780000e-03 3.987880e-01
434 5.991680e-01 1.748000e-03 3.990840e-01
435 5.989080e-01 1.724000e-03 3.993680e-01
436 5.987200e-01 1.668000e-03 3.996120e-01
437 5.985200e-01 1.604000e-03 3.998760e-01
438 5.982600e-01 1.608000e-03 4.001320e-01
439 5.980680e-01 1.536000e-03 4.003960e-01
440 5.978520e-01 1.492000e-03 4.006560e-01
441 5.976480e-01 1.404000e-03 4.009480e-01
442 5.974640e-01 1.312000e-03 4.012240e-01
443 5.973080e-01 1.240000e-03 4.014520e-01
444 5.971880e-01 1.188000e-03 4.016240e-01
445 5.970240e-01 1.124000e-03 4.018520e-01
446 5.968400e-01 1.120000e-03 4.020400e-01
447 5.966520e-01 1.092000e-03 4.022560e-01
448 5.964520e-01 1.072000e-03 4.024760e-01
449 5.962720e-01 1.072000e-03 4.026560e-01
450 5.960680e-01 1.060000e-03 4.028720e-01
451 5.958480e-01 1.136000e-03 4.030160e-01
452 5.956440e-01 1.184000e-03 4.031720e-01
453 5.954560e-01 1.208000e-03 4.033360e-01
454 5.952520e-01 1.220000e-03 4.035280e-01
455 5.950280e-01 1.252000e-03 4.037200e-01
456 5.947400e-01 1.272000e-03 4.039880e-01
457 5.945720e-01 1.172000e-03 4.042560e-01
458 5.943720e-01 1.152000e-03 4.044760e-01
459 5.941640e-01 1.176000e-03 4.046600e-01
460 5.940080e-01 1.092000e-03 4.049000e-01
461 5.938680e-01 1.016000e-03 4.051160e-01
462 5.936960e-01 1.020000e-03 4.052840e-01
463 5.934920e-01 1.032000e-03 4.054760e-01
464 5.933760e-01 9.480000e-04 4.056760e-01
465 5.932280e-01 9.200000e-04 4.058520e-01
466 5.930560e-01 9.280000e-04 4.060160e-01
467 5.928920e-01 9.680000e-04 4.061400e-01
468 5.927200e-01 9.800000e-04 4.063000e-01
469 5.925320e-01 9.480000e-04 4.065200e-01
470 5.924080e-01 8.880000e-04 4.067040e-01
471 5.922760e-01 8.640000e-04 4.068600e-01
472 5.921720e-01 8.040000e-04 4.070240e-01
473 5.920240e-01 8.560000e-04 4.071200e-01
474 5.918680e-01 8.520000e-04 4.072800e-01
475 5.917640e-01 8.400000e-04 4.073960e-01
476 5.916160e-01 8.760000e-04 4.075080e-01
477 5.914640e-01 8.960000e-04 4.076400e-01
478 5.913320e-01 8.200000e-04 4.078480e-01
479 5.911920e-01 7.920000e-04 4.080160e-01
480 5.910560e-01 7.840000e-04 4.081600e-01
481 5.909560e-01 7.320000e-04 4.083120e-01
482 5.908160e-01 7.440000e-04 4.084400e-01
483 5.907040e-01 7.120000e-04 4.085840e-01
484 5.905800e-01 7.440000e-04 4.086760e-01
485 5.904800e-01 7.080000e-04 4.088120e-01
486 5.903120e-01 7.760000e-04 4.089120e-01
487 5.901400e-01 8.320000e-04 4.090280e-01
488 5.900000e-01 8.280000e-04 4.091720e-01
489 5.898800e-01 8.000000e-04 4.093200e-01
490 5.897880e-01 7.680000e-04 4.094440e-01
491 5.896080e-01 8.360000e-04 4.095560e-01
492 5.894720e-01 8.040000e-04 4.097240e-01
493 5.893280e-01 8.040000e-04 4.098680e-01
494 5.891600e-01 8.280000e-04 4.100120e-01
495 5.890240e-01 8.440000e-04 4.101320e-01
496 5.889280e-01 8.040000e-04 4.102680e-01
497 5.888240e-01 7.680000e-04 4.104080e-01
498 5.887120e-01 7.400000e-04 4.105480e-01
499 5.886160e-01 7.520000e-04 4.106320e-01
500 5.884440e-01 7.760000e-04 4.107800e-01
