1 9.992120e-01 6.840000e-04 1.040000e-04
2 9.987240e-01 9.840000e-04 2.920000e-04
3 9.981280e-01 1.364000e-03 5.080000e-04
4 9.974960e-01 1.700000e-03 8.040000e-04
5 9.967760e-01 2.060000e-03 1.164000e-03
6 9.958800e-01 2.556000e-03 1.564000e-03
7 9.949760e-01 2.988000e-03 2.036000e-03
8 9.940720e-01 3.356000e-03 2.572000e-03
9 9.931680e-01 3.656000e-03 3.176000e-03
10 9.921360e-01 4.028000e-03 3.836000e-03
11 9.910320e-01 4.508000e-03 4.460000e-03
12 9.899680e-01 4.792000e-03 5.240000e-03
13 9.887880e-01 5.128000e-03 6.084000e-03
14 9.876040e-01 5.384000e-03 7.012000e-03
15 9.864400e-01 5.664000e-03 7.896000e-03
16 9.852160e-01 5.984000e-03 8.800000e-03
17 9.840560e-01 6.088000e-03 9.856000e-03
18 9.829520e-01 6.156000e-03 1.089200e-02
19 9.817440e-01 6.340000e-03 1.191600e-02
20 9.805040e-01 6.468000e-03 1.302800e-02
21 9.792280e-01 6.644000e-03 1.412800e-02
22 9.779080e-01 6.844000e-03 1.524800e-02
23 9.765720e-01 6.820000e-03 1.660800e-02
24 9.753520e-01 6.816000e-03 1.783200e-02
25 9.741080e-01 6.956000e-03 1.893600e-02
26 9.728800e-01 6.980000e-03 2.014000e-02
27 9.715720e-01 7.108000e-03 2.132000e-02
28 9.699680e-01 7.484000e-03 2.254800e-02
29 9.684840e-01 7.772000e-03 2.374400e-02
30 9.668080e-01 8.036000e-03 2.515600e-02
31 9.652600e-01 8.168000e-03 2.657200e-02
32 9.636760e-01 8.364000e-03 2.796000e-02
33 9.621560e-01 8.312000e-03 2.953200e-02
34 9.607400e-01 8.328000e-03 3.093200e-02
35 9.593240e-01 8.280000e-03 3.239600e-02
36 9.579360e-01 8.268000e-03 3.379600e-02
37 9.566360e-01 8.112000e-03 3.525200e-02
38 9.551440e-01 8.128000e-03 3.672800e-02
39 9.536800e-01 8.176000e-03 3.814400e-02
40 9.521240e-01 8.224000e-03 3.965200e-02
41 9.507880e-01 8.136000e-03 4.107600e-02
42 9.492480e-01 8.248000e-03 4.250400e-02
43 9.477920e-01 8.192000e-03 4.401600e-02
44 9.463680e-01 8.176000e-03 4.545600e-02
45 9.447920e-01 8.332000e-03 4.687600e-02
46 9.433320e-01 8.324000e-03 4.834400e-02
47 9.417720e-01 8.424000e-03 4.980400e-02
48 9.402600e-01 8.548000e-03 5.119200e-02
49 9.387040e-01 8.576000e-03 5.272000e-02
50 9.371320e-01 8.660000e-03 5.420800e-02
51 9.354640e-01 8.812000e-03 5.572400e-02
52 9.337800e-01 8.776000e-03 5.744400e-02
53 9.320840e-01 9.008000e-03 5.890800e-02
54 9.304560e-01 9.000000e-03 6.054400e-02
55 9.286720e-01 9.104000e-03 6.222400e-02
56 9.269680e-01 9.144000e-03 6.388800e-02
57 9.251720e-01 9.312000e-03 6.551600e-02
58 9.234280e-01 9.464000e-03 6.710800e-02
59 9.219760e-01 9.344000e-03 6.868000e-02
60 9.203320e-01 9.244000e-03 7.042400e-02
61 9.185160e-01 9.572000e-03 7.191200e-02
62 9.167520e-01 9.712000e-03 7.353600e-02
63 9.150840e-01 9.800000e-03 7.511600e-02
64 9.133320e-01 9.764000e-03 7.690400e-02
65 9.116520e-01 9.776000e-03 7.857200e-02
66 9.098680e-01 9.780000e-03 8.035200e-02
67 9.082840e-01 9.660000e-03 8.205600e-02
68 9.065840e-01 9.564000e-03 8.385200e-02
69 9.049960e-01 9.368000e-03 8.563600e-02
70 9.031560e-01 9.692000e-03 8.715200e-02
71 9.014440e-01 9.724000e-03 8.883200e-02
72 8.998800e-01 9.768000e-03 9.035200e-02
73 8.981040e-01 9.952000e-03 9.194400e-02
74 8.963560e-01 9.948000e-03 9.369600e-02
75 8.947440e-01 9.848000e-03 9.540800e-02
76 8.930880e-01 9.772000e-03 9.714000e-02
77 8.913080e-01 9.900000e-03 9.879200e-02
78 8.894840e-01 1.005600e-02 1.004600e-01
79 8.877400e-01 1.007200e-02 1.021880e-01
80 8.861160e-01 1.000000e-02 1.038840e-01
81 8.843520e-01 1.006800e-02 1.055800e-01
82 8.825640e-01 1.003200e-02 1.074040e-01
83 8.807760e-01 1.011200e-02 1.091120e-01
84 8.790520e-01 1.005600e-02 1.108920e-01
85 8.773480e-01 1.006800e-02 1.125840e-01
86 8.756880e-01 9.956000e-03 1.143560e-01
87 8.740200e-01 9.924000e-03 1.160560e-01
88 8.723920e-01 9.884000e-03 1.177240e-01
89 8.705800e-01 9.864000e-03 1.195560e-01
90 8.688880e-01 9.852000e-03 1.212600e-01
91 8.671440e-01 9.732000e-03 1.231240e-01
92 8.654680e-01 9.808000e-03 1.247240e-01
93 8.638640e-01 9.692000e-03 1.264440e-01
94 8.622120e-01 9.556000e-03 1.282320e-01
95 8.604840e-01 9.612000e-03 1.299040e-01
96 8.588200e-01 9.632000e-03 1.315480e-01
97 8.572200e-01 9.596000e-03 1.331840e-01
98 8.554320e-01 9.660000e-03 1.349080e-01
99 8.537240e-01 9.632000e-03 1.366440e-01
100 8.521280e-01 9.652000e-03 1.382200e-01
101 8.505400e-01 9.616000e-03 1.398440e-01
102 8.488400e-01 9.800000e-03 1.413600e-01
103 8.471880e-01 9.824000e-03 1.429880e-01
104 8.453480e-01 1.003600e-02 1.446160e-01
105 8.437400e-01 9.956000e-03 1.463040e-01
106 8.422360e-01 9.844000e-03 1.479200e-01
107 8.404920e-01 9.940000e-03 1.495680e-01
108 8.389240e-01 9.856000e-03 1.512200e-01
109 8.371840e-01 9.908000e-03 1.529080e-01
110 8.353680e-01 9.840000e-03 1.547920e-01
111 8.336600e-01 9.624000e-03 1.567160e-01
112 8.319760e-01 9.524000e-03 1.585000e-01
113 8.304240e-01 9.388000e-03 1.601880e-01
114 8.288920e-01 9.308000e-03 1.618000e-01
115 8.272520e-01 9.280000e-03 1.634680e-01
116 8.255600e-01 9.388000e-03 1.650520e-01
117 8.239160e-01 9.428000e-03 1.666560e-01
118 8.220800e-01 9.688000e-03 1.682320e-01
119 8.201920e-01 9.856000e-03 1.699520e-01
120 8.184160e-01 9.828000e-03 1.717560e-01
121 8.168000e-01 9.784000e-03 1.734160e-01
122 8.152160e-01 9.708000e-03 1.750760e-01
123 8.134520e-01 9.664000e-03 1.768840e-01
124 8.118200e-01 9.624000e-03 1.785560e-01
125 8.101560e-01 9.584000e-03 1.802600e-01
126 8.087720e-01 9.416000e-03 1.818120e-01
127 8.070920e-01 9.392000e-03 1.835160e-01
128 8.054280e-01 9.336000e-03 1.852360e-01
129 8.036360e-01 9.504000e-03 1.868600e-01
130 8.017920e-01 9.640000e-03 1.885680e-01
131 8.001200e-01 9.584000e-03 1.902960e-01
132 7.984480e-01 9.624000e-03 1.919280e-01
133 7.966640e-01 9.692000e-03 1.936440e-01
134 7.950600e-01 9.604000e-03 1.953360e-01
135 7.932840e-01 9.692000e-03 1.970240e-01
136 7.915960e-01 9.728000e-03 1.986760e-01
137 7.900240e-01 9.612000e-03 2.003640e-01
138 7.884400e-01 9.576000e-03 2.019840e-01
139 7.867520e-01 9.728000e-03 2.035200e-01
140 7.851680e-01 9.704000e-03 2.051280e-01
141 7.835520e-01 9.720000e-03 2.067280e-01
142 7.819920e-01 9.504000e-03 2.085040e-01
143 7.804040e-01 9.424000e-03 2.101720e-01
144 7.788120e-01 9.428000e-03 2.117600e-01
145 7.771360e-01 9.472000e-03 2.133920e-01
146 7.754680e-01 9.564000e-03 2.149680e-01
147 7.738720e-01 9.400000e-03 2.167280e-01
148 7.724520e-01 9.212000e-03 2.183360e-01
149 7.709240e-01 9.004000e-03 2.200720e-01
150 7.696120e-01 8.776000e-03 2.216120e-01
151 7.682080e-01 8.776000e-03 2.230160e-01
152 7.666840e-01 8.872000e-03 2.244440e-01
153 7.653360e-01 8.628000e-03 2.260360e-01
154 7.637920e-01 8.676000e-03 2.275320e-01
155 7.624080e-01 8.516000e-03 2.290760e-01
156 7.609920e-01 8.508000e-03 2.305000e-01
157 7.596200e-01 8.564000e-03 2.318160e-01
158 7.580640e-01 8.672000e-03 2.332640e-01
159 7.564880e-01 8.796000e-03 2.347160e-01
160 7.549680e-01 8.800000e-03 2.362320e-01
161 7.534160e-01 8.756000e-03 2.378280e-01
162 7.518360e-01 8.856000e-03 2.393080e-01
163 7.504120e-01 8.700000e-03 2.408880e-01
164 7.490480e-01 8.484000e-03 2.424680e-01
165 7.476000e-01 8.416000e-03 2.439840e-01
166 7.462160e-01 8.400000e-03 2.453840e-01
167 7.447480e-01 8.556000e-03 2.466960e-01
168 7.433360e-01 8.432000e-03 2.482320e-01
169 7.421160e-01 8.316000e-03 2.495680e-01
170 7.406880e-01 8.384000e-03 2.509280e-01
171 7.392440e-01 8.308000e-03 2.524480e-01
172 7.379240e-01 8.128000e-03 2.539480e-01
173 7.364840e-01 8.172000e-03 2.553440e-01
174 7.348880e-01 8.308000e-03 2.568040e-01
175 7.335160e-01 8.120000e-03 2.583640e-01
176 7.322440e-01 7.912000e-03 2.598440e-01
177 7.309920e-01 7.968000e-03 2.610400e-01
178 7.297640e-01 7.748000e-03 2.624880e-01
179 7.284880e-01 7.624000e-03 2.638880e-01
180 7.273200e-01 7.464000e-03 2.652160e-01
181 7.261360e-01 7.420000e-03 2.664440e-01
182 7.249280e-01 7.320000e-03 2.677520e-01
183 7.236800e-01 7.472000e-03 2.688480e-01
184 7.226360e-01 7.376000e-03 2.699880e-01
185 7.215440e-01 7.240000e-03 2.712160e-01
186 7.203880e-01 7.212000e-03 2.724000e-01
187 7.191720e-01 7.224000e-03 2.736040e-01
188 7.180760e-01 7.012000e-03 2.749120e-01
189 7.169280e-01 6.900000e-03 2.761720e-01
190 7.159320e-01 6.732000e-03 2.773360e-01
191 7.146760e-01 6.768000e-03 2.785560e-01
192 7.134920e-01 6.824000e-03 2.796840e-01
193 7.122680e-01 6.736000e-03 2.809960e-01
194 7.111040e-01 6.724000e-03 2.821720e-01
195 7.101520e-01 6.536000e-03 2.833120e-01
196 7.090000e-01 6.556000e-03 2.844440e-01
197 7.077560e-01 6.736000e-03 2.855080e-01
198 7.066360e-01 6.676000e-03 2.866880e-01
199 7.054920e-01 6.672000e-03 2.878360e-01
200 7.044440e-01 6.560000e-03 2.889960e-01
201 7.032920e-01 6.580000e-03 2.901280e-01
202 7.021960e-01 6.560000e-03 2.912440e-01
203 7.012040e-01 6.320000e-03 2.924760e-01
204 7.002600e-01 6.208000e-03 2.935320e-01
205 6.993240e-01 6.044000e-03 2.946320e-01
206 6.984760e-01 5.880000e-03 2.956440e-01
207 6.976320e-01 5.628000e-03 2.967400e-01
208 6.967600e-01 5.444000e-03 2.977960e-01
209 6.957840e-01 5.528000e-03 2.986880e-01
210 6.949040e-01 5.412000e-03 2.996840e-01
211 6.940800e-01 5.312000e-03 3.006080e-01
212 6.932120e-01 5.148000e-03 3.016400e-01
213 6.923320e-01 5.168000e-03 3.025000e-01
214 6.915520e-01 5.036000e-03 3.034120e-01
215 6.908600e-01 4.884000e-03 3.042560e-01
216 6.900160e-01 4.752000e-03 3.052320e-01
217 6.893120e-01 4.672000e-03 3.060160e-01
218 6.885880e-01 4.496000e-03 3.069160e-01
219 6.879320e-01 4.412000e-03 3.076560e-01
220 6.872000e-01 4.416000e-03 3.083840e-01
221 6.864600e-01 4.420000e-03 3.091200e-01
222 6.856800e-01 4.348000e-03 3.099720e-01
223 6.849960e-01 4.252000e-03 3.107520e-01
224 6.843040e-01 4.232000e-03 3.114640e-01
225 6.836480e-01 4.036000e-03 3.123160e-01
226 6.829520e-01 4.048000e-03 3.130000e-01
227 6.823000e-01 3.944000e-03 3.137560e-01
228 6.816640e-01 3.976000e-03 3.143600e-01
229 6.810040e-01 3.952000e-03 3.150440e-01
230 6.804400e-01 3.844000e-03 3.157160e-01
231 6.797960e-01 3.820000e-03 3.163840e-01
232 6.790760e-01 3.864000e-03 3.170600e-01
233 6.783840e-01 3.884000e-03 3.177320e-01
234 6.777720e-01 3.836000e-03 3.183920e-01
235 6.772360e-01 3.816000e-03 3.189480e-01
236 6.765880e-01 3.852000e-03 3.195600e-01
237 6.760200e-01 3.772000e-03 3.202080e-01
238 6.753840e-01 3.696000e-03 3.209200e-01
239 6.747720e-01 3.592000e-03 3.216360e-01
240 6.742400e-01 3.468000e-03 3.222920e-01
241 6.736720e-01 3.448000e-03 3.228800e-01
242 6.731400e-01 3.404000e-03 3.234560e-01
243 6.725360e-01 3.416000e-03 3.240480e-01
244 6.720120e-01 3.340000e-03 3.246480e-01
245 6.715120e-01 3.252000e-03 3.252360e-01
246 6.709760e-01 3.176000e-03 3.258480e-01
247 6.704600e-01 3.136000e-03 3.264040e-01
248 6.699680e-01 3.088000e-03 3.269440e-01
249 6.695040e-01 3.016000e-03 3.274800e-01
250 6.689840e-01 3.000000e-03 3.280160e-01
251 6.684880e-01 2.940000e-03 3.285720e-01
252 6.681040e-01 2.872000e-03 3.290240e-01
253 6.676480e-01 2.824000e-03 3.295280e-01
254 6.670800e-01 2.896000e-03 3.300240e-01
255 6.666520e-01 2.784000e-03 3.305640e-01
256 6.662040e-01 2.800000e-03 3.309960e-01
257 6.657680e-01 2.716000e-03 3.315160e-01
258 6.653680e-01 2.660000e-03 3.319720e-01
259 6.648960e-01 2.684000e-03 3.324200e-01
260 6.644240e-01 2.640000e-03 3.329360e-01
261 6.639680e-01 2.628000e-03 3.334040e-01
262 6.634520e-01 2.656000e-03 3.338920e-01
263 6.629160e-01 2.668000e-03 3.344160e-01
264 6.624360e-01 2.708000e-03 3.348560e-01
265 6.619480e-01 2.628000e-03 3.354240e-01
266 6.614000e-01 2.640000e-03 3.359600e-01
267 6.608640e-01 2.788000e-03 3.363480e-01
268 6.603040e-01 2.888000e-03 3.368080e-01
269 6.598680e-01 2.816000e-03 3.373160e-01
270 6.593760e-01 2.828000e-03 3.377960e-01
271 6.588880e-01 2.776000e-03 3.383360e-01
272 6.583400e-01 2.864000e-03 3.387960e-01
273 6.578200e-01 2.880000e-03 3.393000e-01
274 6.572960e-01 2.892000e-03 3.398120e-01
275 6.568240e-01 2.824000e-03 3.403520e-01
276 6.562840e-01 2.904000e-03 3.408120e-01
277 6.558800e-01 2.816000e-03 3.413040e-01
278 6.554560e-01 2.712000e-03 3.418320e-01
279 6.550440e-01 2.624000e-03 3.423320e-01
280 6.546480e-01 2.512000e-03 3.428400e-01
281 6.542520e-01 2.548000e-03 3.432000e-01
282 6.538080e-01 2.540000e-03 3.436520e-01
283 6.533880e-01 2.464000e-03 3.441480e-01
284 6.529640e-01 2.488000e-03 3.445480e-01
285 6.525200e-01 2.472000e-03 3.450080e-01
286 6.520400e-01 2.588000e-03 3.453720e-01
287 6.516000e-01 2.580000e-03 3.458200e-01
288 6.511520e-01 2.636000e-03 3.462120e-01
289 6.507160e-01 2.620000e-03 3.466640e-01
290 6.502040e-01 2.728000e-03 3.470680e-01
291 6.497800e-01 2.624000e-03 3.475960e-01
292 6.492880e-01 2.644000e-03 3.480680e-01
293 6.488520e-01 2.580000e-03 3.485680e-01
294 6.484280e-01 2.572000e-03 3.490000e-01
295 6.481080e-01 2.456000e-03 3.494360e-01
296 6.476680e-01 2.468000e-03 3.498640e-01
297 6.472560e-01 2.428000e-03 3.503160e-01
298 6.468640e-01 2.364000e-03 3.507720e-01
299 6.464480e-01 2.328000e-03 3.512240e-01
300 6.460760e-01 2.324000e-03 3.516000e-01
301 6.457560e-01 2.280000e-03 3.519640e-01
302 6.454440e-01 2.168000e-03 3.523880e-01
303 6.452120e-01 2.032000e-03 3.527560e-01
304 6.448600e-01 2.028000e-03 3.531120e-01
305 6.444000e-01 2.168000e-03 3.534320e-01
306 6.440760e-01 2.148000e-03 3.537760e-01
307 6.438120e-01 2.080000e-03 3.541080e-01
308 6.435080e-01 1.996000e-03 3.544960e-01
309 6.431720e-01 1.956000e-03 3.548720e-01
310 6.428160e-01 1.996000e-03 3.551880e-01
311 6.425040e-01 1.924000e-03 3.555720e-01
312 6.422280e-01 1.872000e-03 3.559000e-01
313 6.419560e-01 1.812000e-03 3.562320e-01
314 6.416720e-01 1.772000e-03 3.565560e-01
315 6.414360e-01 1.684000e-03 3.568800e-01
316 6.411920e-01 1.608000e-03 3.572000e-01
317 6.409360e-01 1.568000e-03 3.574960e-01
318 6.406760e-01 1.564000e-03 3.577600e-01
319 6.403400e-01 1.668000e-03 3.579920e-01
320 6.400320e-01 1.672000e-03 3.582960e-01
321 6.398240e-01 1.600000e-03 3.585760e-01
322 6.396040e-01 1.520000e-03 3.588760e-01
323 6.393760e-01 1.560000e-03 3.590640e-01
324 6.391040e-01 1.560000e-03 3.593360e-01
325 6.388560e-01 1.540000e-03 3.596040e-01
326 6.385920e-01 1.508000e-03 3.599000e-01
327 6.383680e-01 1.480000e-03 3.601520e-01
328 6.380720e-01 1.460000e-03 3.604680e-01
329 6.378240e-01 1.456000e-03 3.607200e-01
330 6.375480e-01 1.488000e-03 3.609640e-01
331 6.372800e-01 1.512000e-03 3.612080e-01
332 6.370320e-01 1.480000e-03 3.614880e-01
333 6.368240e-01 1.444000e-03 3.617320e-01
334 6.365240e-01 1.440000e-03 3.620360e-01
335 6.362800e-01 1.428000e-03 3.622920e-01
336 6.359920e-01 1.472000e-03 3.625360e-01
337 6.357400e-01 1.452000e-03 3.628080e-01
338 6.354240e-01 1.548000e-03 3.630280e-01
339 6.351240e-01 1.568000e-03 3.633080e-01
340 6.348760e-01 1.472000e-03 3.636520e-01
341 6.345560e-01 1.600000e-03 3.638440e-01
342 6.342720e-01 1.564000e-03 3.641640e-01
343 6.340480e-01 1.524000e-03 3.644280e-01
344 6.336480e-01 1.668000e-03 3.646840e-01
345 6.333600e-01 1.700000e-03 3.649400e-01
346 6.331040e-01 1.672000e-03 3.652240e-01
347 6.328520e-01 1.640000e-03 3.655080e-01
348 6.326320e-01 1.560000e-03 3.658080e-01
349 6.324120e-01 1.472000e-03 3.661160e-01
350 6.322240e-01 1.420000e-03 3.663560e-01
351 6.320760e-01 1.296000e-03 3.666280e-01
352 6.319360e-01 1.160000e-03 3.669040e-01
353 6.317720e-01 1.120000e-03 3.671080e-01
354 6.316560e-01 1.024000e-03 3.673200e-01
355 6.315160e-01 9.840000e-04 3.675000e-01
356 6.313840e-01 9.600000e-04 3.676560e-01
357 6.312360e-01 9.280000e-04 3.678360e-01
358 6.311280e-01 8.720000e-04 3.680000e-01
359 6.310040e-01 8.840000e-04 3.681120e-01
360 6.308640e-01 8.360000e-04 3.683000e-01
361 6.307560e-01 8.000000e-04 3.684440e-01
362 6.306120e-01 8.000000e-04 3.685880e-01
363 6.305080e-01 7.520000e-04 3.687400e-01
364 6.303360e-01 8.080000e-04 3.688560e-01
365 6.301840e-01 8.320000e-04 3.689840e-01
366 6.301000e-01 7.600000e-04 3.691400e-01
367 6.299880e-01 6.920000e-04 3.693200e-01
368 6.299080e-01 6.720000e-04 3.694200e-01
369 6.298120e-01 6.360000e-04 3.695520e-01
370 6.296840e-01 6.760000e-04 3.696400e-01
371 6.295720e-01 6.840000e-04 3.697440e-01
372 6.294360e-01 6.920000e-04 3.698720e-01
373 6.293600e-01 6.440000e-04 3.699960e-01
374 6.292440e-01 6.480000e-04 3.701080e-01
375 6.291480e-01 6.280000e-04 3.702240e-01
376 6.290680e-01 5.760000e-04 3.703560e-01
377 6.289760e-01 5.760000e-04 3.704480e-01
378 6.288440e-01 6.240000e-04 3.705320e-01
379 6.287280e-01 6.560000e-04 3.706160e-01
380 6.286080e-01 6.480000e-04 3.707440e-01
381 6.284800e-01 6.360000e-04 3.708840e-01
382 6.283200e-01 7.200000e-04 3.709600e-01
383 6.281560e-01 7.640000e-04 3.710800e-01
384 6.280480e-01 7.240000e-04 3.712280e-01
385 6.279160e-01 7.680000e-04 3.713160e-01
386 6.277920e-01 7.280000e-04 3.714800e-01
387 6.276560e-01 7.600000e-04 3.715840e-01
388 6.274560e-01 8.480000e-04 3.716960e-01
389 6.272960e-01 8.760000e-04 3.718280e-01
390 6.271560e-01 8.720000e-04 3.719720e-01
391 6.269920e-01 9.000000e-04 3.721080e-01
392 6.268720e-01 8.600000e-04 3.722680e-01
393 6.267520e-01 7.880000e-04 3.724600e-01
394 6.266080e-01 7.920000e-04 3.726000e-01
395 6.264520e-01 8.160000e-04 3.727320e-01
396 6.263160e-01 8.080000e-04 3.728760e-01
397 6.261720e-01 8.080000e-04 3.730200e-01
398 6.260680e-01 7.600000e-04 3.731720e-01
399 6.259520e-01 7.360000e-04 3.733120e-01
400 6.258600e-01 7.240000e-04 3.734160e-01
401 6.257360e-01 7.400000e-04 3.735240e-01
402 6.256520e-01 7.120000e-04 3.736360e-01
403 6.255320e-01 7.040000e-04 3.737640e-01
404 6.254440e-01 6.920000e-04 3.738640e-01
405 6.253320e-01 6.680000e-04 3.740000e-01
406 6.252400e-01 6.520000e-04 3.741080e-01
407 6.251440e-01 6.360000e-04 3.742200e-01
408 6.250480e-01 5.920000e-04 3.743600e-01
409 6.249440e-01 5.720000e-04 3.744840e-01
410 6.248720e-01 5.560000e-04 3.745720e-01
411 6.248000e-01 5.360000e-04 3.746640e-01
412 6.247080e-01 5.320000e-04 3.747600e-01
413 6.246400e-01 5.400000e-04 3.748200e-01
414 6.245520e-01 5.520000e-04 3.748960e-01
415 6.244840e-01 4.720000e-04 3.750440e-01
416 6.243920e-01 4.840000e-04 3.751240e-01
417 6.243360e-01 4.600000e-04 3.752040e-01
418 6.242600e-01 4.280000e-04 3.753120e-01
419 6.241800e-01 4.320000e-04 3.753880e-01
420 6.241040e-01 4.320000e-04 3.754640e-01
421 6.240280e-01 4.200000e-04 3.755520e-01
422 6.239240e-01 4.320000e-04 3.756440e-01
423 6.238720e-01 4.080000e-04 3.757200e-01
424 6.238040e-01 4.200000e-04 3.757760e-01
425 6.237200e-01 4.360000e-04 3.758440e-01
426 6.236560e-01 4.160000e-04 3.759280e-01
427 6.235960e-01 3.880000e-04 3.760160e-01
428 6.235320e-01 4.000000e-04 3.760680e-01
429 6.234240e-01 4.560000e-04 3.761200e-01
430 6.233480e-01 4.680000e-04 3.761840e-01
431 6.233000e-01 4.600000e-04 3.762400e-01
432 6.231400e-01 5.320000e-04 3.763280e-01
433 6.230160e-01 5.560000e-04 3.764280e-01
434 6.229320e-01 5.680000e-04 3.765000e-01
435 6.227600e-01 6.160000e-04 3.766240e-01
436 6.226520e-01 6.520000e-04 3.766960e-01
437 6.225640e-01 6.120000e-04 3.768240e-01
438 6.224360e-01 6.520000e-04 3.769120e-01
439 6.222760e-01 6.720000e-04 3.770520e-01
440 6.221640e-01 6.680000e-04 3.771680e-01
441 6.220680e-01 6.560000e-04 3.772760e-01
442 6.219680e-01 6.360000e-04 3.773960e-01
443 6.218480e-01 6.440000e-04 3.775080e-01
444 6.217080e-01 6.520000e-04 3.776400e-01
445 6.215880e-01 6.200000e-04 3.777920e-01
446 6.214920e-01 6.120000e-04 3.778960e-01
447 6.214320e-01 5.640000e-04 3.780040e-01
448 6.213640e-01 5.360000e-04 3.781000e-01
449 6.212600e-01 5.240000e-04 3.782160e-01
450 6.211520e-01 5.440000e-04 3.783040e-01
451 6.210160e-01 6.080000e-04 3.783760e-01
452 6.209160e-01 6.000000e-04 3.784840e-01
453 6.208080e-01 5.640000e-04 3.786280e-01
454 6.207080e-01 5.320000e-04 3.787600e-01
455 6.205920e-01 5.520000e-04 3.788560e-01
456 6.204880e-01 5.920000e-04 3.789200e-01
457 6.203760e-01 6.000000e-04 3.790240e-01
458 6.203000e-01 5.880000e-04 3.791120e-01
459 6.202080e-01 5.760000e-04 3.792160e-01
460 6.200760e-01 6.240000e-04 3.793000e-01
461 6.199160e-01 6.840000e-04 3.794000e-01
462 6.198080e-01 6.800000e-04 3.795120e-01
463 6.196960e-01 7.320000e-04 3.795720e-01
464 6.196080e-01 7.040000e-04 3.796880e-01
465 6.195360e-01 6.360000e-04 3.798280e-01
466 6.194400e-01 6.240000e-04 3.799360e-01
467 6.193480e-01 6.280000e-04 3.800240e-01
468 6.192520e-01 5.840000e-04 3.801640e-01
469 6.191480e-01 6.200000e-04 3.802320e-01
470 6.190240e-01 5.880000e-04 3.803880e-01
471 6.189280e-01 5.880000e-04 3.804840e-01
472 6.188120e-01 6.120000e-04 3.805760e-01
473 6.187120e-01 6.040000e-04 3.806840e-01
474 6.186360e-01 5.680000e-04 3.807960e-01
475 6.185000e-01 6.240000e-04 3.808760e-01
476 6.184000e-01 6.200000e-04 3.809800e-01
477 6.182560e-01 6.680000e-04 3.810760e-01
478 6.181440e-01 6.520000e-04 3.812040e-01
479 6.179880e-01 7.080000e-04 3.813040e-01
480 6.178440e-01 6.960000e-04 3.814600e-01
481 6.177600e-01 6.640000e-04 3.815760e-01
482 6.176200e-01 6.480000e-04 3.817320e-01
483 6.174960e-01 6.280000e-04 3.818760e-01
484 6.173640e-01 6.680000e-04 3.819680e-01
485 6.172280e-01 6.880000e-04 3.820840e-01
486 6.170720e-01 7.080000e-04 3.822200e-01
487 6.169640e-01 6.800000e-04 3.823560e-01
488 6.168560e-01 6.520000e-04 3.824920e-01
489 6.167160e-01 6.640000e-04 3.826200e-01
490 6.165520e-01 6.960000e-04 3.827520e-01
491 6.163920e-01 7.080000e-04 3.829000e-01
492 6.162680e-01 7.000000e-04 3.830320e-01
493 6.161720e-01 6.280000e-04 3.832000e-01
494 6.161000e-01 6.040000e-04 3.832960e-01
495 6.160120e-01 6.040000e-04 3.833840e-01
496 6.159000e-01 6.320000e-04 3.834680e-01
497 6.158040e-01 6.240000e-04 3.835720e-01
498 6.156920e-01 6.280000e-04 3.836800e-01
499 6.155720e-01 6.360000e-04 3.837920e-01
500 6.155000e-01 6.200000e-04 3.838800e-01
