1 9.991400e-01 7.400000e-04 1.200000e-04
2 9.986040e-01 1.136000e-03 2.600000e-04
3 9.980080e-01 1.472000e-03 5.200000e-04
4 9.973120e-01 1.908000e-03 7.800000e-04
5 9.964800e-01 2.372000e-03 1.148000e-03
6 9.957040e-01 2.712000e-03 1.584000e-03
7 9.948280e-01 3.092000e-03 2.080000e-03
8 9.937640e-01 3.680000e-03 2.556000e-03
9 9.927120e-01 4.044000e-03 3.244000e-03
10 9.915840e-01 4.396000e-03 4.020000e-03
11 9.904560e-01 4.836000e-03 4.708000e-03
12 9.892640e-01 5.032000e-03 5.704000e-03
13 9.878640e-01 5.584000e-03 6.552000e-03
14 9.865680e-01 5.872000e-03 7.560000e-03
15 9.851480e-01 6.192000e-03 8.660000e-03
16 9.838480e-01 6.360000e-03 9.792000e-03
17 9.824400e-01 6.660000e-03 1.090000e-02
18 9.810760e-01 6.820000e-03 1.210400e-02
19 9.796520e-01 6.948000e-03 1.340000e-02
20 9.781520e-01 7.212000e-03 1.463600e-02
21 9.767200e-01 7.364000e-03 1.591600e-02
22 9.753520e-01 7.464000e-03 1.718400e-02
23 9.738800e-01 7.564000e-03 1.855600e-02
24 9.722520e-01 7.852000e-03 1.989600e-02
25 9.709160e-01 7.832000e-03 2.125200e-02
26 9.693880e-01 7.984000e-03 2.262800e-02
27 9.678120e-01 8.248000e-03 2.394000e-02
28 9.661560e-01 8.352000e-03 2.549200e-02
29 9.644440e-01 8.612000e-03 2.694400e-02
30 9.625960e-01 8.904000e-03 2.850000e-02
31 9.608240e-01 9.272000e-03 2.990400e-02
32 9.587440e-01 9.764000e-03 3.149200e-02
33 9.567360e-01 9.996000e-03 3.326800e-02
34 9.549440e-01 9.996000e-03 3.506000e-02
35 9.530480e-01 1.024800e-02 3.670400e-02
36 9.511880e-01 1.022000e-02 3.859200e-02
37 9.493040e-01 1.020800e-02 4.048800e-02
38 9.474000e-01 1.042000e-02 4.218000e-02
39 9.454800e-01 1.049600e-02 4.402400e-02
40 9.435680e-01 1.050000e-02 4.593200e-02
41 9.415720e-01 1.062000e-02 4.780800e-02
42 9.397480e-01 1.059200e-02 4.966000e-02
43 9.379880e-01 1.051600e-02 5.149600e-02
44 9.361520e-01 1.052000e-02 5.332800e-02
45 9.342160e-01 1.064000e-02 5.514400e-02
46 9.324760e-01 1.061200e-02 5.691200e-02
47 9.306960e-01 1.052000e-02 5.878400e-02
48 9.287640e-01 1.060000e-02 6.063600e-02
49 9.267520e-01 1.077600e-02 6.247200e-02
50 9.249600e-01 1.051200e-02 6.452800e-02
51 9.229600e-01 1.082800e-02 6.621200e-02
52 9.210560e-01 1.081600e-02 6.812800e-02
53 9.193040e-01 1.058000e-02 7.011600e-02
54 9.172360e-01 1.083600e-02 7.192800e-02
55 9.152520e-01 1.092800e-02 7.382000e-02
56 9.131880e-01 1.107600e-02 7.573600e-02
57 9.110200e-01 1.141200e-02 7.756800e-02
58 9.090040e-01 1.150000e-02 7.949600e-02
59 9.068320e-01 1.170400e-02 8.146400e-02
60 9.048760e-01 1.171200e-02 8.341200e-02
61 9.028440e-01 1.172000e-02 8.543600e-02
62 9.007360e-01 1.188800e-02 8.737600e-02
63 8.985840e-01 1.203600e-02 8.938000e-02
64 8.965640e-01 1.187200e-02 9.156400e-02
65 8.944680e-01 1.189200e-02 9.364000e-02
66 8.922880e-01 1.201600e-02 9.569600e-02
67 8.901000e-01 1.213200e-02 9.776800e-02
68 8.878280e-01 1.220000e-02 9.997200e-02
69 8.856960e-01 1.230400e-02 1.020000e-01
70 8.836960e-01 1.221600e-02 1.040880e-01
71 8.814000e-01 1.242000e-02 1.061800e-01
72 8.794560e-01 1.216400e-02 1.083800e-01
73 8.773080e-01 1.224400e-02 1.104480e-01
74 8.750800e-01 1.224000e-02 1.126800e-01
75 8.727880e-01 1.246400e-02 1.147480e-01
76 8.706400e-01 1.239600e-02 1.169640e-01
77 8.684800e-01 1.242000e-02 1.191000e-01
78 8.663760e-01 1.229200e-02 1.213320e-01
79 8.642760e-01 1.220400e-02 1.235200e-01
80 8.623240e-01 1.207200e-02 1.256040e-01
81 8.601440e-01 1.219600e-02 1.276600e-01
82 8.580600e-01 1.216400e-02 1.297760e-01
83 8.560680e-01 1.195600e-02 1.319760e-01
84 8.540640e-01 1.195600e-02 1.339800e-01
85 8.521360e-01 1.181600e-02 1.360480e-01
86 8.501800e-01 1.176400e-02 1.380560e-01
87 8.484000e-01 1.140800e-02 1.401920e-01
88 8.465120e-01 1.126800e-02 1.422200e-01
89 8.443040e-01 1.151200e-02 1.441840e-01
90 8.422760e-01 1.154400e-02 1.461800e-01
91 8.402560e-01 1.157600e-02 1.481680e-01
92 8.382640e-01 1.151600e-02 1.502200e-01
93 8.362240e-01 1.136400e-02 1.524120e-01
94 8.340040e-01 1.169200e-02 1.543040e-01
95 8.317120e-01 1.201600e-02 1.562720e-01
96 8.295560e-01 1.206000e-02 1.583840e-01
97 8.276200e-01 1.184800e-02 1.605320e-01
98 8.257320e-01 1.185200e-02 1.624160e-01
99 8.237720e-01 1.177200e-02 1.644560e-01
100 8.217280e-01 1.185600e-02 1.664160e-01
101 8.196160e-01 1.206400e-02 1.683200e-01
102 8.177800e-01 1.184400e-02 1.703760e-01
103 8.157640e-01 1.178800e-02 1.724480e-01
104 8.137120e-01 1.189200e-02 1.743960e-01
105 8.115720e-01 1.188800e-02 1.765400e-01
106 8.095680e-01 1.192000e-02 1.785120e-01
107 8.073640e-01 1.211200e-02 1.805240e-01
108 8.054120e-01 1.187200e-02 1.827160e-01
109 8.034800e-01 1.170000e-02 1.848200e-01
110 8.017280e-01 1.128800e-02 1.869840e-01
111 7.999760e-01 1.101600e-02 1.890080e-01
112 7.983120e-01 1.068000e-02 1.910080e-01
113 7.966000e-01 1.055600e-02 1.928440e-01
114 7.948640e-01 1.048000e-02 1.946560e-01
115 7.931200e-01 1.044000e-02 1.964400e-01
116 7.915840e-01 1.028400e-02 1.981320e-01
117 7.899680e-01 1.009600e-02 1.999360e-01
118 7.883960e-01 9.900000e-03 2.017040e-01
119 7.865640e-01 9.908000e-03 2.035280e-01
120 7.848080e-01 1.002400e-02 2.051680e-01
121 7.832360e-01 9.896000e-03 2.068680e-01
122 7.815320e-01 9.816000e-03 2.086520e-01
123 7.798080e-01 9.780000e-03 2.104120e-01
124 7.781320e-01 9.796000e-03 2.120720e-01
125 7.766360e-01 9.600000e-03 2.137640e-01
126 7.750080e-01 9.488000e-03 2.155040e-01
127 7.734120e-01 9.500000e-03 2.170880e-01
128 7.719120e-01 9.304000e-03 2.187840e-01
129 7.704160e-01 9.220000e-03 2.203640e-01
130 7.688480e-01 9.280000e-03 2.218720e-01
131 7.671400e-01 9.280000e-03 2.235800e-01
132 7.655680e-01 9.172000e-03 2.252600e-01
133 7.639400e-01 9.212000e-03 2.268480e-01
134 7.623160e-01 9.208000e-03 2.284760e-01
135 7.607720e-01 9.180000e-03 2.300480e-01
136 7.591560e-01 9.112000e-03 2.317320e-01
137 7.573720e-01 9.316000e-03 2.333120e-01
138 7.558440e-01 9.260000e-03 2.348960e-01
139 7.542160e-01 9.212000e-03 2.365720e-01
140 7.526520e-01 9.152000e-03 2.381960e-01
141 7.511960e-01 9.012000e-03 2.397920e-01
142 7.498080e-01 8.804000e-03 2.413880e-01
143 7.482480e-01 8.896000e-03 2.428560e-01
144 7.468040e-01 8.696000e-03 2.445000e-01
145 7.452760e-01 8.680000e-03 2.460440e-01
146 7.437680e-01 8.732000e-03 2.475000e-01
147 7.423440e-01 8.700000e-03 2.489560e-01
148 7.406880e-01 8.792000e-03 2.505200e-01
149 7.391760e-01 8.776000e-03 2.520480e-01
150 7.376960e-01 8.612000e-03 2.536920e-01
151 7.363800e-01 8.396000e-03 2.552240e-01
152 7.349480e-01 8.368000e-03 2.566840e-01
153 7.336560e-01 8.300000e-03 2.580440e-01
154 7.322800e-01 8.284000e-03 2.594360e-01
155 7.308240e-01 8.236000e-03 2.609400e-01
156 7.295200e-01 8.000000e-03 2.624800e-01
157 7.280120e-01 8.000000e-03 2.639880e-01
158 7.266280e-01 8.132000e-03 2.652400e-01
159 7.251880e-01 8.236000e-03 2.665760e-01
160 7.238440e-01 7.976000e-03 2.681800e-01
161 7.225960e-01 7.748000e-03 2.696560e-01
162 7.213360e-01 7.532000e-03 2.711320e-01
163 7.201360e-01 7.444000e-03 2.724200e-01
164 7.187600e-01 7.432000e-03 2.738080e-01
165 7.176440e-01 7.276000e-03 2.750800e-01
166 7.164200e-01 7.380000e-03 2.762000e-01
167 7.150760e-01 7.496000e-03 2.774280e-01
168 7.136560e-01 7.736000e-03 2.786080e-01
169 7.123760e-01 7.700000e-03 2.799240e-01
170 7.111560e-01 7.548000e-03 2.812960e-01
171 7.099040e-01 7.464000e-03 2.826320e-01
172 7.086680e-01 7.348000e-03 2.839840e-01
173 7.074760e-01 7.100000e-03 2.854240e-01
174 7.063520e-01 7.000000e-03 2.866480e-01
175 7.053360e-01 6.868000e-03 2.877960e-01
176 7.041480e-01 6.772000e-03 2.890800e-01
177 7.029840e-01 6.780000e-03 2.902360e-01
178 7.018080e-01 6.720000e-03 2.914720e-01
179 7.006560e-01 6.652000e-03 2.926920e-01
180 6.995480e-01 6.620000e-03 2.938320e-01
181 6.983440e-01 6.676000e-03 2.949800e-01
182 6.971240e-01 6.712000e-03 2.961640e-01
183 6.959560e-01 6.772000e-03 2.972720e-01
184 6.948000e-01 6.772000e-03 2.984280e-01
185 6.936800e-01 6.692000e-03 2.996280e-01
186 6.927040e-01 6.456000e-03 3.008400e-01
187 6.916080e-01 6.424000e-03 3.019680e-01
188 6.906280e-01 6.324000e-03 3.030480e-01
189 6.896240e-01 6.156000e-03 3.042200e-01
190 6.885640e-01 6.128000e-03 3.053080e-01
191 6.875520e-01 6.044000e-03 3.064040e-01
192 6.865120e-01 5.936000e-03 3.075520e-01
193 6.854960e-01 5.964000e-03 3.085400e-01
194 6.845880e-01 5.892000e-03 3.095200e-01
195 6.836640e-01 5.772000e-03 3.105640e-01
196 6.828000e-01 5.608000e-03 3.115920e-01
197 6.819080e-01 5.592000e-03 3.125000e-01
198 6.808800e-01 5.692000e-03 3.134280e-01
199 6.799760e-01 5.720000e-03 3.143040e-01
200 6.790800e-01 5.616000e-03 3.153040e-01
201 6.782760e-01 5.472000e-03 3.162520e-01
202 6.773480e-01 5.380000e-03 3.172720e-01
203 6.764680e-01 5.336000e-03 3.181960e-01
204 6.755080e-01 5.396000e-03 3.190960e-01
205 6.746800e-01 5.260000e-03 3.200600e-01
206 6.738520e-01 5.012000e-03 3.211360e-01
207 6.730960e-01 4.756000e-03 3.221480e-01
208 6.723000e-01 4.764000e-03 3.229360e-01
209 6.714560e-01 4.732000e-03 3.238120e-01
210 6.705640e-01 4.800000e-03 3.246360e-01
211 6.695120e-01 5.060000e-03 3.254280e-01
212 6.684600e-01 5.180000e-03 3.263600e-01
213 6.674360e-01 5.276000e-03 3.272880e-01
214 6.664960e-01 5.356000e-03 3.281480e-01
215 6.654880e-01 5.436000e-03 3.290760e-01
216 6.645600e-01 5.500000e-03 3.299400e-01
217 6.636080e-01 5.436000e-03 3.309560e-01
218 6.626720e-01 5.408000e-03 3.319200e-01
219 6.615800e-01 5.600000e-03 3.328200e-01
220 6.606320e-01 5.580000e-03 3.337880e-01
221 6.595600e-01 5.740000e-03 3.347000e-01
222 6.585200e-01 5.732000e-03 3.357480e-01
223 6.576040e-01 5.640000e-03 3.367560e-01
224 6.564920e-01 5.800000e-03 3.377080e-01
225 6.554800e-01 5.788000e-03 3.387320e-01
226 6.544840e-01 5.660000e-03 3.398560e-01
227 6.535440e-01 5.564000e-03 3.408920e-01
228 6.525240e-01 5.500000e-03 3.419760e-01
229 6.514640e-01 5.596000e-03 3.429400e-01
230 6.503640e-01 5.752000e-03 3.438840e-01
231 6.493920e-01 5.708000e-03 3.449000e-01
232 6.483840e-01 5.628000e-03 3.459880e-01
233 6.475040e-01 5.532000e-03 3.469640e-01
234 6.466320e-01 5.464000e-03 3.479040e-01
235 6.456160e-01 5.584000e-03 3.488000e-01
236 6.446160e-01 5.568000e-03 3.498160e-01
237 6.437320e-01 5.420000e-03 3.508480e-01
238 6.429240e-01 5.312000e-03 3.517640e-01
239 6.420920e-01 5.216000e-03 3.526920e-01
240 6.413280e-01 5.124000e-03 3.535480e-01
241 6.404840e-01 5.048000e-03 3.544680e-01
242 6.397240e-01 4.964000e-03 3.553120e-01
243 6.388960e-01 5.012000e-03 3.560920e-01
244 6.380240e-01 5.040000e-03 3.569360e-01
245 6.373760e-01 4.932000e-03 3.576920e-01
246 6.365280e-01 4.912000e-03 3.585600e-01
247 6.357240e-01 4.808000e-03 3.594680e-01
248 6.350120e-01 4.648000e-03 3.603400e-01
249 6.342320e-01 4.588000e-03 3.611800e-01
250 6.335440e-01 4.428000e-03 3.620280e-01
251 6.327600e-01 4.452000e-03 3.627880e-01
252 6.320080e-01 4.432000e-03 3.635600e-01
253 6.312640e-01 4.332000e-03 3.644040e-01
254 6.305960e-01 4.212000e-03 3.651920e-01
255 6.299480e-01 4.116000e-03 3.659360e-01
256 6.293640e-01 4.020000e-03 3.666160e-01
257 6.286840e-01 3.980000e-03 3.673360e-01
258 6.281160e-01 3.892000e-03 3.679920e-01
259 6.274640e-01 3.892000e-03 3.686440e-01
260 6.267280e-01 4.000000e-03 3.692720e-01
261 6.260520e-01 3.920000e-03 3.700280e-01
262 6.253480e-01 3.872000e-03 3.707800e-01
263 6.247080e-01 3.928000e-03 3.713640e-01
264 6.240160e-01 3.952000e-03 3.720320e-01
265 6.233200e-01 3.868000e-03 3.728120e-01
266 6.226240e-01 3.920000e-03 3.734560e-01
267 6.220400e-01 3.824000e-03 3.741360e-01
268 6.214680e-01 3.736000e-03 3.747960e-01
269 6.208800e-01 3.648000e-03 3.754720e-01
270 6.202320e-01 3.572000e-03 3.761960e-01
271 6.196080e-01 3.636000e-03 3.767560e-01
272 6.190480e-01 3.504000e-03 3.774480e-01
273 6.185120e-01 3.444000e-03 3.780440e-01
274 6.180200e-01 3.336000e-03 3.786440e-01
275 6.174240e-01 3.340000e-03 3.792360e-01
276 6.168080e-01 3.420000e-03 3.797720e-01
277 6.161160e-01 3.540000e-03 3.803440e-01
278 6.154400e-01 3.540000e-03 3.810200e-01
279 6.148560e-01 3.456000e-03 3.816880e-01
280 6.142400e-01 3.500000e-03 3.822600e-01
281 6.136920e-01 3.412000e-03 3.828960e-01
282 6.130440e-01 3.536000e-03 3.834200e-01
283 6.124440e-01 3.556000e-03 3.840000e-01
284 6.117520e-01 3.668000e-03 3.845800e-01
285 6.112040e-01 3.616000e-03 3.851800e-01
286 6.106600e-01 3.488000e-03 3.858520e-01
287 6.101040e-01 3.460000e-03 3.864360e-01
288 6.095280e-01 3.456000e-03 3.870160e-01
289 6.089280e-01 3.456000e-03 3.876160e-01
290 6.083360e-01 3.444000e-03 3.882200e-01
291 6.077120e-01 3.528000e-03 3.887600e-01
292 6.071200e-01 3.528000e-03 3.893520e-01
293 6.065520e-01 3.576000e-03 3.898720e-01
294 6.059520e-01 3.560000e-03 3.904880e-01
295 6.053880e-01 3.444000e-03 3.911680e-01
296 6.047920e-01 3.444000e-03 3.917640e-01
297 6.042480e-01 3.436000e-03 3.923160e-01
298 6.036200e-01 3.480000e-03 3.929000e-01
299 6.030880e-01 3.344000e-03 3.935680e-01
300 6.025440e-01 3.308000e-03 3.941480e-01
301 6.019560e-01 3.308000e-03 3.947360e-01
302 6.014080e-01 3.236000e-03 3.953560e-01
303 6.008960e-01 3.168000e-03 3.959360e-01
304 6.004320e-01 3.084000e-03 3.964840e-01
305 5.999440e-01 3.000000e-03 3.970560e-01
306 5.995240e-01 2.904000e-03 3.975720e-01
307 5.990240e-01 2.912000e-03 3.980640e-01
308 5.985640e-01 2.844000e-03 3.985920e-01
309 5.981480e-01 2.712000e-03 3.991400e-01
310 5.977400e-01 2.588000e-03 3.996720e-01
311 5.972520e-01 2.632000e-03 4.001160e-01
312 5.968160e-01 2.664000e-03 4.005200e-01
313 5.963040e-01 2.772000e-03 4.009240e-01
314 5.958680e-01 2.760000e-03 4.013720e-01
315 5.954160e-01 2.768000e-03 4.018160e-01
316 5.949920e-01 2.696000e-03 4.023120e-01
317 5.946320e-01 2.508000e-03 4.028600e-01
318 5.942200e-01 2.568000e-03 4.032120e-01
319 5.938440e-01 2.504000e-03 4.036520e-01
320 5.934760e-01 2.364000e-03 4.041600e-01
321 5.931120e-01 2.292000e-03 4.045960e-01
322 5.926880e-01 2.368000e-03 4.049440e-01
323 5.923760e-01 2.256000e-03 4.053680e-01
324 5.919560e-01 2.316000e-03 4.057280e-01
325 5.916120e-01 2.272000e-03 4.061160e-01
326 5.912520e-01 2.280000e-03 4.064680e-01
327 5.908640e-01 2.320000e-03 4.068160e-01
328 5.905120e-01 2.220000e-03 4.072680e-01
329 5.901640e-01 2.200000e-03 4.076360e-01
330 5.898720e-01 2.036000e-03 4.080920e-01
331 5.895760e-01 2.020000e-03 4.084040e-01
332 5.893280e-01 1.908000e-03 4.087640e-01
333 5.890080e-01 1.948000e-03 4.090440e-01
334 5.886960e-01 1.908000e-03 4.093960e-01
335 5.884600e-01 1.824000e-03 4.097160e-01
336 5.882240e-01 1.820000e-03 4.099560e-01
337 5.879400e-01 1.844000e-03 4.102160e-01
338 5.876760e-01 1.772000e-03 4.105520e-01
339 5.874960e-01 1.628000e-03 4.108760e-01
340 5.872280e-01 1.588000e-03 4.111840e-01
341 5.870000e-01 1.520000e-03 4.114800e-01
342 5.867960e-01 1.452000e-03 4.117520e-01
343 5.866320e-01 1.388000e-03 4.119800e-01
344 5.864600e-01 1.368000e-03 4.121720e-01
345 5.862360e-01 1.356000e-03 4.124080e-01
346 5.859800e-01 1.352000e-03 4.126680e-01
347 5.858200e-01 1.260000e-03 4.129200e-01
348 5.856080e-01 1.276000e-03 4.131160e-01
349 5.854480e-01 1.196000e-03 4.133560e-01
350 5.852800e-01 1.184000e-03 4.135360e-01
351 5.851120e-01 1.152000e-03 4.137360e-01
352 5.849080e-01 1.128000e-03 4.139640e-01
353 5.847200e-01 1.172000e-03 4.141080e-01
354 5.844800e-01 1.168000e-03 4.143520e-01
355 5.842360e-01 1.232000e-03 4.145320e-01
356 5.840840e-01 1.148000e-03 4.147680e-01
357 5.838600e-01 1.168000e-03 4.149720e-01
358 5.836360e-01 1.244000e-03 4.151200e-01
359 5.833440e-01 1.336000e-03 4.153200e-01
360 5.831200e-01 1.332000e-03 4.155480e-01
361 5.828960e-01 1.320000e-03 4.157840e-01
362 5.826600e-01 1.308000e-03 4.160320e-01
363 5.824360e-01 1.300000e-03 4.162640e-01
364 5.821960e-01 1.296000e-03 4.165080e-01
365 5.819120e-01 1.332000e-03 4.167560e-01
366 5.817200e-01 1.320000e-03 4.169600e-01
367 5.815320e-01 1.268000e-03 4.172000e-01
368 5.812840e-01 1.256000e-03 4.174600e-01
369 5.810640e-01 1.300000e-03 4.176360e-01
370 5.808640e-01 1.260000e-03 4.178760e-01
371 5.806280e-01 1.240000e-03 4.181320e-01
372 5.804320e-01 1.184000e-03 4.183840e-01
373 5.801960e-01 1.224000e-03 4.185800e-01
374 5.800360e-01 1.196000e-03 4.187680e-01
375 5.798720e-01 1.136000e-03 4.189920e-01
376 5.796800e-01 1.116000e-03 4.192040e-01
377 5.794600e-01 1.192000e-03 4.193480e-01
378 5.792760e-01 1.136000e-03 4.195880e-01
379 5.790760e-01 1.124000e-03 4.198000e-01
380 5.789280e-01 1.080000e-03 4.199920e-01
381 5.787680e-01 1.068000e-03 4.201640e-01
382 5.786040e-01 1.044000e-03 4.203520e-01
383 5.784360e-01 1.028000e-03 4.205360e-01
384 5.783160e-01 9.760000e-04 4.207080e-01
385 5.781440e-01 9.640000e-04 4.208920e-01
386 5.779680e-01 1.004000e-03 4.210280e-01
387 5.778160e-01 9.360000e-04 4.212480e-01
388 5.776560e-01 9.520000e-04 4.213920e-01
389 5.775400e-01 9.160000e-04 4.215440e-01
390 5.773760e-01 9.400000e-04 4.216840e-01
391 5.772280e-01 9.000000e-04 4.218720e-01
392 5.771280e-01 8.960000e-04 4.219760e-01
393 5.770240e-01 8.320000e-04 4.221440e-01
394 5.768520e-01 8.440000e-04 4.223040e-01
395 5.766920e-01 8.400000e-04 4.224680e-01
396 5.765720e-01 8.440000e-04 4.225840e-01
397 5.764040e-01 8.720000e-04 4.227240e-01
398 5.762960e-01 8.440000e-04 4.228600e-01
399 5.761360e-01 8.400000e-04 4.230240e-01
400 5.760440e-01 8.040000e-04 4.231520e-01
401 5.759440e-01 7.360000e-04 4.233200e-01
402 5.758080e-01 7.360000e-04 4.234560e-01
403 5.756880e-01 7.480000e-04 4.235640e-01
404 5.755520e-01 7.640000e-04 4.236840e-01
405 5.754120e-01 7.960000e-04 4.237920e-01
406 5.752240e-01 8.320000e-04 4.239440e-01
407 5.751080e-01 8.000000e-04 4.240920e-01
408 5.749800e-01 8.200000e-04 4.242000e-01
409 5.748680e-01 7.720000e-04 4.243600e-01
410 5.747360e-01 7.680000e-04 4.244960e-01
411 5.746000e-01 7.920000e-04 4.246080e-01
412 5.744840e-01 7.880000e-04 4.247280e-01
413 5.743160e-01 8.520000e-04 4.248320e-01
414 5.741360e-01 8.360000e-04 4.250280e-01
415 5.739960e-01 8.200000e-04 4.251840e-01
416 5.738360e-01 8.240000e-04 4.253400e-01
417 5.736640e-01 8.360000e-04 4.255000e-01
418 5.735360e-01 8.040000e-04 4.256600e-01
419 5.734280e-01 7.640000e-04 4.258080e-01
420 5.733400e-01 7.280000e-04 4.259320e-01
421 5.732480e-01 7.040000e-04 4.260480e-01
422 5.731720e-01 6.440000e-04 4.261840e-01
423 5.731000e-01 5.920000e-04 4.263080e-01
424 5.730360e-01 5.760000e-04 4.263880e-01
425 5.729560e-01 5.720000e-04 4.264720e-01
426 5.728680e-01 5.520000e-04 4.265800e-01
427 5.727960e-01 5.360000e-04 4.266680e-01
428 5.727040e-01 5.640000e-04 4.267320e-01
429 5.725720e-01 5.880000e-04 4.268400e-01
430 5.724480e-01 6.160000e-04 4.269360e-01
431 5.723200e-01 6.240000e-04 4.270560e-01
432 5.721720e-01 6.680000e-04 4.271600e-01
433 5.720440e-01 7.000000e-04 4.272560e-01
434 5.719440e-01 6.720000e-04 4.273840e-01
435 5.718120e-01 6.800000e-04 4.275080e-01
436 5.717040e-01 6.720000e-04 4.276240e-01
437 5.715760e-01 6.720000e-04 4.277520e-01
438 5.714600e-01 6.600000e-04 4.278800e-01
439 5.713880e-01 6.080000e-04 4.280040e-01
440 5.713320e-01 5.680000e-04 4.281000e-01
441 5.712520e-01 5.240000e-04 4.282240e-01
442 5.711640e-01 5.160000e-04 4.283200e-01
443 5.710880e-01 5.120000e-04 4.284000e-01
444 5.710240e-01 4.880000e-04 4.284880e-01
445 5.709680e-01 4.080000e-04 4.286240e-01
446 5.709000e-01 4.080000e-04 4.286920e-01
447 5.708480e-01 3.880000e-04 4.287640e-01
448 5.708000e-01 3.480000e-04 4.288520e-01
449 5.707440e-01 3.800000e-04 4.288760e-01
450 5.706880e-01 3.720000e-04 4.289400e-01
451 5.706360e-01 3.560000e-04 4.290080e-01
452 5.705920e-01 3.200000e-04 4.290880e-01
453 5.705520e-01 3.160000e-04 4.291320e-01
454 5.705160e-01 2.960000e-04 4.291880e-01
455 5.704840e-01 2.840000e-04 4.292320e-01
456 5.704400e-01 2.760000e-04 4.292840e-01
457 5.703920e-01 2.680000e-04 4.293400e-01
458 5.703240e-01 3.000000e-04 4.293760e-01
459 5.702840e-01 2.920000e-04 4.294240e-01
460 5.702320e-01 2.760000e-04 4.294920e-01
461 5.701520e-01 2.960000e-04 4.295520e-01
462 5.701280e-01 2.640000e-04 4.296080e-01
463 5.700560e-01 2.840000e-04 4.296600e-01
464 5.700200e-01 2.880000e-04 4.296920e-01
465 5.699800e-01 2.880000e-04 4.297320e-01
466 5.699320e-01 2.760000e-04 4.297920e-01
467 5.699200e-01 2.520000e-04 4.298280e-01
468 5.698920e-01 2.360000e-04 4.298720e-01
469 5.698600e-01 2.400000e-04 4.299000e-01
470 5.698240e-01 2.240000e-04 4.299520e-01
471 5.697560e-01 2.360000e-04 4.300080e-01
472 5.697240e-01 2.440000e-04 4.300320e-01
473 5.696920e-01 2.280000e-04 4.300800e-01
474 5.696760e-01 2.200000e-04 4.301040e-01
475 5.696480e-01 2.320000e-04 4.301200e-01
476 5.696160e-01 2.440000e-04 4.301400e-01
477 5.695960e-01 2.280000e-04 4.301760e-01
478 5.695560e-01 2.360000e-04 4.302080e-01
479 5.695160e-01 2.360000e-04 4.302480e-01
480 5.694920e-01 2.000000e-04 4.303080e-01
481 5.694640e-01 1.800000e-04 4.303560e-01
482 5.694520e-01 1.600000e-04 4.303880e-01
483 5.694240e-01 1.680000e-04 4.304080e-01
484 5.693960e-01 1.600000e-04 4.304440e-01
485 5.693800e-01 1.400000e-04 4.304800e-01
486 5.693680e-01 1.280000e-04 4.305040e-01
487 5.693520e-01 1.160000e-04 4.305320e-01
488 5.693440e-01 1.040000e-04 4.305520e-01
489 5.693280e-01 9.200000e-05 4.305800e-01
490 5.693200e-01 6.800000e-05 4.306120e-01
491 5.693120e-01 6.400000e-05 4.306240e-01
492 5.693080e-01 6.000000e-05 4.306320e-01
493 5.692800e-01 8.800000e-05 4.306320e-01
494 5.692600e-01 7.600000e-05 4.306640e-01
495 5.692480e-01 8.000000e-05 4.306720e-01
496 5.692280e-01 7.600000e-05 4.306960e-01
497 5.692040e-01 9.200000e-05 4.307040e-01
498 5.691840e-01 8.800000e-05 4.307280e-01
499 5.691440e-01 1.160000e-04 4.307400e-01
500 5.691080e-01 1.320000e-04 4.307600e-01
