1 9.992160e-01 6.840000e-04 1.000000e-04
2 9.986480e-01 1.072000e-03 2.800000e-04
3 9.979720e-01 1.528000e-03 5.000000e-04
4 9.971920e-01 2.056000e-03 7.520000e-04
5 9.961560e-01 2.704000e-03 1.140000e-03
6 9.952720e-01 3.028000e-03 1.700000e-03
7 9.942080e-01 3.608000e-03 2.184000e-03
8 9.932240e-01 3.924000e-03 2.852000e-03
9 9.922400e-01 4.252000e-03 3.508000e-03
10 9.911400e-01 4.600000e-03 4.260000e-03
11 9.899400e-01 4.980000e-03 5.080000e-03
12 9.887800e-01 5.264000e-03 5.956000e-03
13 9.876200e-01 5.464000e-03 6.916000e-03
14 9.863200e-01 5.764000e-03 7.916000e-03
15 9.849040e-01 6.160000e-03 8.936000e-03
16 9.836360e-01 6.348000e-03 1.001600e-02
17 9.821600e-01 6.704000e-03 1.113600e-02
18 9.807440e-01 6.828000e-03 1.242800e-02
19 9.791600e-01 7.188000e-03 1.365200e-02
20 9.777240e-01 7.352000e-03 1.492400e-02
21 9.761680e-01 7.704000e-03 1.612800e-02
22 9.745720e-01 7.836000e-03 1.759200e-02
23 9.729680e-01 8.008000e-03 1.902400e-02
24 9.712720e-01 8.232000e-03 2.049600e-02
25 9.696240e-01 8.332000e-03 2.204400e-02
26 9.678760e-01 8.676000e-03 2.344800e-02
27 9.663120e-01 8.692000e-03 2.499600e-02
28 9.645720e-01 8.772000e-03 2.665600e-02
29 9.628920e-01 8.964000e-03 2.814400e-02
30 9.611920e-01 8.988000e-03 2.982000e-02
31 9.597320e-01 8.844000e-03 3.142400e-02
32 9.580560e-01 8.912000e-03 3.303200e-02
33 9.563800e-01 9.076000e-03 3.454400e-02
34 9.546360e-01 9.140000e-03 3.622400e-02
35 9.530040e-01 9.176000e-03 3.782000e-02
36 9.513880e-01 9.300000e-03 3.931200e-02
37 9.497440e-01 9.364000e-03 4.089200e-02
38 9.481360e-01 9.216000e-03 4.264800e-02
39 9.465360e-01 9.188000e-03 4.427600e-02
40 9.449200e-01 9.160000e-03 4.592000e-02
41 9.432160e-01 9.256000e-03 4.752800e-02
42 9.415760e-01 9.236000e-03 4.918800e-02
43 9.400840e-01 8.932000e-03 5.098400e-02
44 9.385480e-01 8.896000e-03 5.255600e-02
45 9.369080e-01 8.920000e-03 5.417200e-02
46 9.352520e-01 9.044000e-03 5.570400e-02
47 9.337760e-01 8.808000e-03 5.741600e-02
48 9.322200e-01 8.740000e-03 5.904000e-02
49 9.307240e-01 8.780000e-03 6.049600e-02
50 9.292040e-01 8.592000e-03 6.220400e-02
51 9.276040e-01 8.592000e-03 6.380400e-02
52 9.260800e-01 8.624000e-03 6.529600e-02
53 9.244720e-01 8.716000e-03 6.681200e-02
54 9.228760e-01 8.720000e-03 6.840400e-02
55 9.212400e-01 8.884000e-03 6.987600e-02
56 9.195280e-01 9.088000e-03 7.138400e-02
57 9.179160e-01 9.200000e-03 7.288400e-02
58 9.161960e-01 9.328000e-03 7.447600e-02
59 9.147400e-01 9.180000e-03 7.608000e-02
60 9.131080e-01 9.108000e-03 7.778400e-02
61 9.113640e-01 9.284000e-03 7.935200e-02
62 9.096200e-01 9.472000e-03 8.090800e-02
63 9.079080e-01 9.504000e-03 8.258800e-02
64 9.060680e-01 9.704000e-03 8.422800e-02
65 9.043600e-01 9.568000e-03 8.607200e-02
66 9.025720e-01 9.836000e-03 8.759200e-02
67 9.008000e-01 9.928000e-03 8.927200e-02
68 8.989800e-01 1.004400e-02 9.097600e-02
69 8.971360e-01 1.004800e-02 9.281600e-02
70 8.954480e-01 9.920000e-03 9.463200e-02
71 8.936640e-01 1.006400e-02 9.627200e-02
72 8.921160e-01 9.800000e-03 9.808400e-02
73 8.904920e-01 9.760000e-03 9.974800e-02
74 8.889240e-01 9.596000e-03 1.014800e-01
75 8.872720e-01 9.540000e-03 1.031880e-01
76 8.856840e-01 9.440000e-03 1.048760e-01
77 8.841880e-01 9.196000e-03 1.066160e-01
78 8.826520e-01 9.176000e-03 1.081720e-01
79 8.810560e-01 9.164000e-03 1.097800e-01
80 8.794960e-01 9.040000e-03 1.114640e-01
81 8.779320e-01 9.020000e-03 1.130480e-01
82 8.764320e-01 8.912000e-03 1.146560e-01
83 8.750880e-01 8.684000e-03 1.162280e-01
84 8.736320e-01 8.684000e-03 1.176840e-01
85 8.721880e-01 8.436000e-03 1.193760e-01
86 8.709400e-01 8.172000e-03 1.208880e-01
87 8.694440e-01 8.200000e-03 1.223560e-01
88 8.681160e-01 8.120000e-03 1.237640e-01
89 8.666360e-01 8.264000e-03 1.251000e-01
90 8.651400e-01 8.316000e-03 1.265440e-01
91 8.636200e-01 8.332000e-03 1.280480e-01
92 8.621560e-01 8.152000e-03 1.296920e-01
93 8.607600e-01 8.152000e-03 1.310880e-01
94 8.593080e-01 8.192000e-03 1.325000e-01
95 8.578600e-01 8.124000e-03 1.340160e-01
96 8.564560e-01 8.092000e-03 1.354520e-01
97 8.550880e-01 8.008000e-03 1.369040e-01
98 8.536280e-01 8.108000e-03 1.382640e-01
99 8.521120e-01 8.180000e-03 1.397080e-01
100 8.506640e-01 8.228000e-03 1.411080e-01
101 8.492920e-01 8.132000e-03 1.425760e-01
102 8.481160e-01 7.960000e-03 1.439240e-01
103 8.467760e-01 7.808000e-03 1.454160e-01
104 8.455200e-01 7.744000e-03 1.467360e-01
105 8.442960e-01 7.752000e-03 1.479520e-01
106 8.430880e-01 7.528000e-03 1.493840e-01
107 8.418840e-01 7.476000e-03 1.506400e-01
108 8.406400e-01 7.296000e-03 1.520640e-01
109 8.393120e-01 7.376000e-03 1.533120e-01
110 8.381880e-01 7.340000e-03 1.544720e-01
111 8.370120e-01 7.152000e-03 1.558360e-01
112 8.358640e-01 6.924000e-03 1.572120e-01
113 8.347360e-01 6.932000e-03 1.583320e-01
114 8.335480e-01 6.860000e-03 1.595920e-01
115 8.323320e-01 6.940000e-03 1.607280e-01
116 8.311360e-01 6.892000e-03 1.619720e-01
117 8.300520e-01 6.820000e-03 1.631280e-01
118 8.288920e-01 6.816000e-03 1.642920e-01
119 8.277240e-01 6.844000e-03 1.654320e-01
120 8.265520e-01 6.744000e-03 1.667040e-01
121 8.255320e-01 6.608000e-03 1.678600e-01
122 8.243880e-01 6.640000e-03 1.689720e-01
123 8.233640e-01 6.516000e-03 1.701200e-01
124 8.223880e-01 6.308000e-03 1.713040e-01
125 8.213800e-01 6.196000e-03 1.724240e-01
126 8.204040e-01 6.080000e-03 1.735160e-01
127 8.193360e-01 6.072000e-03 1.745920e-01
128 8.182840e-01 5.988000e-03 1.757280e-01
129 8.173000e-01 5.988000e-03 1.767120e-01
130 8.162560e-01 6.036000e-03 1.777080e-01
131 8.152000e-01 6.004000e-03 1.787960e-01
132 8.141480e-01 5.992000e-03 1.798600e-01
133 8.130320e-01 5.940000e-03 1.810280e-01
134 8.120080e-01 5.980000e-03 1.820120e-01
135 8.109760e-01 5.988000e-03 1.830360e-01
136 8.101120e-01 5.812000e-03 1.840760e-01
137 8.091880e-01 5.716000e-03 1.850960e-01
138 8.083160e-01 5.520000e-03 1.861640e-01
139 8.074640e-01 5.404000e-03 1.871320e-01
140 8.065880e-01 5.304000e-03 1.881080e-01
141 8.057760e-01 5.204000e-03 1.890200e-01
142 8.049880e-01 5.164000e-03 1.898480e-01
143 8.042360e-01 4.924000e-03 1.908400e-01
144 8.034880e-01 4.772000e-03 1.917400e-01
145 8.027960e-01 4.536000e-03 1.926680e-01
146 8.021000e-01 4.492000e-03 1.934080e-01
147 8.012320e-01 4.580000e-03 1.941880e-01
148 8.005320e-01 4.364000e-03 1.951040e-01
149 7.997120e-01 4.280000e-03 1.960080e-01
150 7.989080e-01 4.364000e-03 1.967280e-01
151 7.981760e-01 4.312000e-03 1.975120e-01
152 7.974720e-01 4.284000e-03 1.982440e-01
153 7.966720e-01 4.220000e-03 1.991080e-01
154 7.959680e-01 4.200000e-03 1.998320e-01
155 7.952520e-01 4.128000e-03 2.006200e-01
156 7.945960e-01 4.112000e-03 2.012920e-01
157 7.937560e-01 4.232000e-03 2.020120e-01
158 7.930000e-01 4.280000e-03 2.027200e-01
159 7.923040e-01 4.300000e-03 2.033960e-01
160 7.914800e-01 4.392000e-03 2.041280e-01
161 7.908680e-01 4.196000e-03 2.049360e-01
162 7.902800e-01 4.076000e-03 2.056440e-01
163 7.895240e-01 4.076000e-03 2.064000e-01
164 7.887400e-01 4.196000e-03 2.070640e-01
165 7.880720e-01 4.132000e-03 2.077960e-01
166 7.873640e-01 4.096000e-03 2.085400e-01
167 7.866240e-01 4.120000e-03 2.092560e-01
168 7.859400e-01 4.096000e-03 2.099640e-01
169 7.851840e-01 4.172000e-03 2.106440e-01
170 7.844800e-01 4.144000e-03 2.113760e-01
171 7.837520e-01 4.120000e-03 2.121280e-01
172 7.831960e-01 3.972000e-03 2.128320e-01
173 7.825760e-01 3.884000e-03 2.135400e-01
174 7.819000e-01 3.916000e-03 2.141840e-01
175 7.811880e-01 3.860000e-03 2.149520e-01
176 7.804520e-01 3.772000e-03 2.157760e-01
177 7.797360e-01 3.864000e-03 2.164000e-01
178 7.791440e-01 3.800000e-03 2.170560e-01
179 7.785160e-01 3.716000e-03 2.177680e-01
180 7.778920e-01 3.612000e-03 2.184960e-01
181 7.773880e-01 3.468000e-03 2.191440e-01
182 7.768720e-01 3.388000e-03 2.197400e-01
183 7.763680e-01 3.272000e-03 2.203600e-01
184 7.758480e-01 3.208000e-03 2.209440e-01
185 7.752960e-01 3.212000e-03 2.214920e-01
186 7.748040e-01 3.128000e-03 2.220680e-01
187 7.743360e-01 3.004000e-03 2.226600e-01
188 7.737800e-01 2.996000e-03 2.232240e-01
189 7.731560e-01 3.100000e-03 2.237440e-01
190 7.725560e-01 3.128000e-03 2.243160e-01
191 7.719800e-01 3.092000e-03 2.249280e-01
192 7.714280e-01 3.116000e-03 2.254560e-01
193 7.708720e-01 3.148000e-03 2.259800e-01
194 7.702080e-01 3.208000e-03 2.265840e-01
195 7.694840e-01 3.344000e-03 2.271720e-01
196 7.688760e-01 3.420000e-03 2.277040e-01
197 7.681240e-01 3.528000e-03 2.283480e-01
198 7.675640e-01 3.480000e-03 2.289560e-01
199 7.670240e-01 3.388000e-03 2.295880e-01
200 7.663880e-01 3.416000e-03 2.301960e-01
201 7.656880e-01 3.480000e-03 2.308320e-01
202 7.650800e-01 3.456000e-03 2.314640e-01
203 7.644240e-01 3.512000e-03 2.320640e-01
204 7.637360e-01 3.636000e-03 2.326280e-01
205 7.630840e-01 3.588000e-03 2.333280e-01
206 7.624440e-01 3.556000e-03 2.340000e-01
207 7.618080e-01 3.620000e-03 2.345720e-01
208 7.611400e-01 3.716000e-03 2.351440e-01
209 7.604000e-01 3.740000e-03 2.358600e-01
210 7.597600e-01 3.768000e-03 2.364720e-01
211 7.591080e-01 3.792000e-03 2.371000e-01
212 7.584040e-01 3.836000e-03 2.377600e-01
213 7.578040e-01 3.788000e-03 2.384080e-01
214 7.571680e-01 3.784000e-03 2.390480e-01
215 7.565000e-01 3.756000e-03 2.397440e-01
216 7.559000e-01 3.616000e-03 2.404840e-01
217 7.553800e-01 3.572000e-03 2.410480e-01
218 7.548080e-01 3.528000e-03 2.416640e-01
219 7.541120e-01 3.656000e-03 2.422320e-01
220 7.534360e-01 3.664000e-03 2.429000e-01
221 7.529480e-01 3.432000e-03 2.436200e-01
222 7.523760e-01 3.404000e-03 2.442200e-01
223 7.518160e-01 3.420000e-03 2.447640e-01
224 7.511680e-01 3.460000e-03 2.453720e-01
225 7.505880e-01 3.428000e-03 2.459840e-01
226 7.499640e-01 3.504000e-03 2.465320e-01
227 7.493080e-01 3.580000e-03 2.471120e-01
228 7.486520e-01 3.588000e-03 2.477600e-01
229 7.479960e-01 3.604000e-03 2.484000e-01
230 7.473160e-01 3.660000e-03 2.490240e-01
231 7.466440e-01 3.560000e-03 2.497960e-01
232 7.459840e-01 3.604000e-03 2.504120e-01
233 7.453120e-01 3.540000e-03 2.511480e-01
234 7.447680e-01 3.444000e-03 2.517880e-01
235 7.441000e-01 3.496000e-03 2.524040e-01
236 7.436280e-01 3.376000e-03 2.529960e-01
237 7.431680e-01 3.200000e-03 2.536320e-01
238 7.427600e-01 3.132000e-03 2.541080e-01
239 7.423000e-01 3.068000e-03 2.546320e-01
240 7.418560e-01 3.028000e-03 2.551160e-01
241 7.413640e-01 3.044000e-03 2.555920e-01
242 7.408800e-01 3.068000e-03 2.560520e-01
243 7.404280e-01 2.928000e-03 2.566440e-01
244 7.399040e-01 2.880000e-03 2.572160e-01
245 7.394320e-01 2.904000e-03 2.576640e-01
246 7.390200e-01 2.808000e-03 2.581720e-01
247 7.385880e-01 2.756000e-03 2.586560e-01
248 7.381840e-01 2.700000e-03 2.591160e-01
249 7.376760e-01 2.744000e-03 2.595800e-01
250 7.372120e-01 2.720000e-03 2.600680e-01
251 7.367600e-01 2.676000e-03 2.605640e-01
252 7.362400e-01 2.688000e-03 2.610720e-01
253 7.357680e-01 2.676000e-03 2.615560e-01
254 7.353200e-01 2.620000e-03 2.620600e-01
255 7.348000e-01 2.688000e-03 2.625120e-01
256 7.342960e-01 2.708000e-03 2.629960e-01
257 7.338640e-01 2.680000e-03 2.634560e-01
258 7.334040e-01 2.668000e-03 2.639280e-01
259 7.329640e-01 2.628000e-03 2.644080e-01
260 7.325600e-01 2.604000e-03 2.648360e-01
261 7.321600e-01 2.548000e-03 2.652920e-01
262 7.317360e-01 2.580000e-03 2.656840e-01
263 7.313640e-01 2.404000e-03 2.662320e-01
264 7.309440e-01 2.364000e-03 2.666920e-01
265 7.305040e-01 2.384000e-03 2.671120e-01
266 7.301240e-01 2.364000e-03 2.675120e-01
267 7.297320e-01 2.384000e-03 2.678840e-01
268 7.293280e-01 2.360000e-03 2.683120e-01
269 7.289720e-01 2.332000e-03 2.686960e-01
270 7.286000e-01 2.252000e-03 2.691480e-01
271 7.282800e-01 2.196000e-03 2.695240e-01
272 7.279000e-01 2.180000e-03 2.699200e-01
273 7.274800e-01 2.268000e-03 2.702520e-01
274 7.270320e-01 2.320000e-03 2.706480e-01
275 7.266440e-01 2.352000e-03 2.710040e-01
276 7.262560e-01 2.404000e-03 2.713400e-01
277 7.258200e-01 2.404000e-03 2.717760e-01
278 7.253920e-01 2.372000e-03 2.722360e-01
279 7.249280e-01 2.464000e-03 2.726080e-01
280 7.243640e-01 2.636000e-03 2.730000e-01
281 7.238720e-01 2.736000e-03 2.733920e-01
282 7.233800e-01 2.720000e-03 2.739000e-01
283 7.229800e-01 2.680000e-03 2.743400e-01
284 7.226000e-01 2.572000e-03 2.748280e-01
285 7.221720e-01 2.548000e-03 2.752800e-01
286 7.217280e-01 2.464000e-03 2.758080e-01
287 7.213080e-01 2.528000e-03 2.761640e-01
288 7.207960e-01 2.584000e-03 2.766200e-01
289 7.203880e-01 2.520000e-03 2.770920e-01
290 7.199560e-01 2.576000e-03 2.774680e-01
291 7.195040e-01 2.596000e-03 2.779000e-01
292 7.190160e-01 2.656000e-03 2.783280e-01
293 7.185360e-01 2.616000e-03 2.788480e-01
294 7.180640e-01 2.636000e-03 2.793000e-01
295 7.176440e-01 2.616000e-03 2.797400e-01
296 7.172200e-01 2.548000e-03 2.802320e-01
297 7.167840e-01 2.552000e-03 2.806640e-01
298 7.163080e-01 2.552000e-03 2.811400e-01
299 7.158360e-01 2.556000e-03 2.816080e-01
300 7.153200e-01 2.696000e-03 2.819840e-01
301 7.148520e-01 2.668000e-03 2.824800e-01
302 7.144960e-01 2.552000e-03 2.829520e-01
303 7.140720e-01 2.528000e-03 2.834000e-01
304 7.137800e-01 2.336000e-03 2.838840e-01
305 7.133480e-01 2.312000e-03 2.843400e-01
306 7.129320e-01 2.344000e-03 2.847240e-01
307 7.125400e-01 2.276000e-03 2.851840e-01
308 7.121200e-01 2.264000e-03 2.856160e-01
309 7.117520e-01 2.184000e-03 2.860640e-01
310 7.113920e-01 2.092000e-03 2.865160e-01
311 7.110080e-01 2.128000e-03 2.868640e-01
312 7.105920e-01 2.188000e-03 2.872200e-01
313 7.102400e-01 2.196000e-03 2.875640e-01
314 7.098720e-01 2.168000e-03 2.879600e-01
315 7.094680e-01 2.256000e-03 2.882760e-01
316 7.090640e-01 2.240000e-03 2.886960e-01
317 7.085840e-01 2.336000e-03 2.890800e-01
318 7.081280e-01 2.368000e-03 2.895040e-01
319 7.077760e-01 2.360000e-03 2.898640e-01
320 7.073440e-01 2.432000e-03 2.902240e-01
321 7.069080e-01 2.424000e-03 2.906680e-01
322 7.065200e-01 2.400000e-03 2.910800e-01
323 7.060520e-01 2.480000e-03 2.914680e-01
324 7.056720e-01 2.400000e-03 2.919280e-01
325 7.052440e-01 2.384000e-03 2.923720e-01
326 7.048440e-01 2.376000e-03 2.927800e-01
327 7.044400e-01 2.384000e-03 2.931760e-01
328 7.040440e-01 2.320000e-03 2.936360e-01
329 7.036320e-01 2.336000e-03 2.940320e-01
330 7.032440e-01 2.312000e-03 2.944440e-01
331 7.029120e-01 2.284000e-03 2.948040e-01
332 7.025360e-01 2.224000e-03 2.952400e-01
333 7.021360e-01 2.188000e-03 2.956760e-01
334 7.018320e-01 2.108000e-03 2.960600e-01
335 7.015040e-01 2.108000e-03 2.963880e-01
336 7.012360e-01 2.040000e-03 2.967240e-01
337 7.009440e-01 2.020000e-03 2.970360e-01
338 7.006360e-01 1.976000e-03 2.973880e-01
339 7.003200e-01 1.924000e-03 2.977560e-01
340 7.000200e-01 1.856000e-03 2.981240e-01
341 6.996800e-01 1.844000e-03 2.984760e-01
342 6.993920e-01 1.828000e-03 2.987800e-01
343 6.990280e-01 1.836000e-03 2.991360e-01
344 6.987480e-01 1.800000e-03 2.994520e-01
345 6.984200e-01 1.756000e-03 2.998240e-01
346 6.980840e-01 1.812000e-03 3.001040e-01
347 6.977560e-01 1.776000e-03 3.004680e-01
348 6.973920e-01 1.792000e-03 3.008160e-01
349 6.970000e-01 1.916000e-03 3.010840e-01
350 6.967280e-01 1.800000e-03 3.014720e-01
351 6.963840e-01 1.864000e-03 3.017520e-01
352 6.960640e-01 1.796000e-03 3.021400e-01
353 6.957160e-01 1.836000e-03 3.024480e-01
354 6.953240e-01 1.936000e-03 3.027400e-01
355 6.949080e-01 2.032000e-03 3.030600e-01
356 6.944520e-01 2.128000e-03 3.034200e-01
357 6.940480e-01 2.136000e-03 3.038160e-01
358 6.936800e-01 2.104000e-03 3.042160e-01
359 6.932920e-01 2.012000e-03 3.046960e-01
360 6.929400e-01 2.028000e-03 3.050320e-01
361 6.926440e-01 2.016000e-03 3.053400e-01
362 6.923480e-01 2.004000e-03 3.056480e-01
363 6.919360e-01 2.072000e-03 3.059920e-01
364 6.916080e-01 2.036000e-03 3.063560e-01
365 6.912600e-01 2.040000e-03 3.067000e-01
366 6.909280e-01 1.992000e-03 3.070800e-01
367 6.905640e-01 2.012000e-03 3.074240e-01
368 6.901840e-01 2.060000e-03 3.077560e-01
369 6.897560e-01 2.068000e-03 3.081760e-01
370 6.893160e-01 2.120000e-03 3.085640e-01
371 6.889720e-01 2.072000e-03 3.089560e-01
372 6.886560e-01 2.068000e-03 3.092760e-01
373 6.883520e-01 2.004000e-03 3.096440e-01
374 6.880040e-01 1.980000e-03 3.100160e-01
375 6.876920e-01 1.968000e-03 3.103400e-01
376 6.873480e-01 1.964000e-03 3.106880e-01
377 6.870200e-01 1.984000e-03 3.109960e-01
378 6.866320e-01 2.048000e-03 3.113200e-01
379 6.862840e-01 2.000000e-03 3.117160e-01
380 6.859680e-01 1.932000e-03 3.121000e-01
381 6.857120e-01 1.836000e-03 3.124520e-01
382 6.853480e-01 1.896000e-03 3.127560e-01
383 6.849960e-01 1.944000e-03 3.130600e-01
384 6.846320e-01 2.000000e-03 3.133680e-01
385 6.843920e-01 1.836000e-03 3.137720e-01
386 6.841560e-01 1.672000e-03 3.141720e-01
387 6.838920e-01 1.644000e-03 3.144640e-01
388 6.835640e-01 1.696000e-03 3.147400e-01
389 6.832280e-01 1.708000e-03 3.150640e-01
390 6.829560e-01 1.708000e-03 3.153360e-01
391 6.827120e-01 1.668000e-03 3.156200e-01
392 6.824000e-01 1.680000e-03 3.159200e-01
393 6.821800e-01 1.592000e-03 3.162280e-01
394 6.819560e-01 1.512000e-03 3.165320e-01
395 6.816480e-01 1.588000e-03 3.167640e-01
396 6.813760e-01 1.584000e-03 3.170400e-01
397 6.811840e-01 1.524000e-03 3.172920e-01
398 6.809240e-01 1.548000e-03 3.175280e-01
399 6.806320e-01 1.588000e-03 3.177800e-01
400 6.803960e-01 1.508000e-03 3.180960e-01
401 6.801960e-01 1.416000e-03 3.183880e-01
402 6.799640e-01 1.404000e-03 3.186320e-01
403 6.797520e-01 1.336000e-03 3.189120e-01
404 6.795360e-01 1.296000e-03 3.191680e-01
405 6.793160e-01 1.260000e-03 3.194240e-01
406 6.790800e-01 1.276000e-03 3.196440e-01
407 6.788360e-01 1.336000e-03 3.198280e-01
408 6.785480e-01 1.368000e-03 3.200840e-01
409 6.782400e-01 1.432000e-03 3.203280e-01
410 6.779680e-01 1.424000e-03 3.206080e-01
411 6.777000e-01 1.388000e-03 3.209120e-01
412 6.774080e-01 1.380000e-03 3.212120e-01
413 6.771640e-01 1.416000e-03 3.214200e-01
414 6.768880e-01 1.472000e-03 3.216400e-01
415 6.765840e-01 1.552000e-03 3.218640e-01
416 6.762920e-01 1.564000e-03 3.221440e-01
417 6.760000e-01 1.584000e-03 3.224160e-01
418 6.756880e-01 1.652000e-03 3.226600e-01
419 6.753200e-01 1.692000e-03 3.229880e-01
420 6.750640e-01 1.748000e-03 3.231880e-01
421 6.747800e-01 1.720000e-03 3.235000e-01
422 6.744840e-01 1.748000e-03 3.237680e-01
423 6.741960e-01 1.712000e-03 3.240920e-01
424 6.739120e-01 1.692000e-03 3.243960e-01
425 6.736520e-01 1.764000e-03 3.245840e-01
426 6.733120e-01 1.784000e-03 3.249040e-01
427 6.730600e-01 1.712000e-03 3.252280e-01
428 6.728320e-01 1.588000e-03 3.255800e-01
429 6.725760e-01 1.568000e-03 3.258560e-01
430 6.723400e-01 1.512000e-03 3.261480e-01
431 6.721960e-01 1.388000e-03 3.264160e-01
432 6.719960e-01 1.368000e-03 3.266360e-01
433 6.718600e-01 1.248000e-03 3.268920e-01
434 6.716320e-01 1.208000e-03 3.271600e-01
435 6.714320e-01 1.220000e-03 3.273480e-01
436 6.712120e-01 1.264000e-03 3.275240e-01
437 6.709200e-01 1.384000e-03 3.276960e-01
438 6.707080e-01 1.348000e-03 3.279440e-01
439 6.704480e-01 1.364000e-03 3.281880e-01
440 6.702280e-01 1.296000e-03 3.284760e-01
441 6.700320e-01 1.248000e-03 3.287200e-01
442 6.698320e-01 1.244000e-03 3.289240e-01
443 6.695720e-01 1.312000e-03 3.291160e-01
444 6.693640e-01 1.320000e-03 3.293160e-01
445 6.691240e-01 1.320000e-03 3.295560e-01
446 6.688880e-01 1.328000e-03 3.297840e-01
447 6.686480e-01 1.304000e-03 3.300480e-01
448 6.684000e-01 1.320000e-03 3.302800e-01
449 6.680480e-01 1.416000e-03 3.305360e-01
450 6.677680e-01 1.472000e-03 3.307600e-01
451 6.674880e-01 1.472000e-03 3.310400e-01
452 6.672240e-01 1.508000e-03 3.312680e-01
453 6.668880e-01 1.608000e-03 3.315040e-01
454 6.665800e-01 1.640000e-03 3.317800e-01
455 6.661720e-01 1.752000e-03 3.320760e-01
456 6.658880e-01 1.704000e-03 3.324080e-01
457 6.656400e-01 1.664000e-03 3.326960e-01
458 6.653920e-01 1.616000e-03 3.329920e-01
459 6.651520e-01 1.536000e-03 3.333120e-01
460 6.649640e-01 1.472000e-03 3.335640e-01
461 6.646880e-01 1.508000e-03 3.338040e-01
462 6.644280e-01 1.536000e-03 3.340360e-01
463 6.642200e-01 1.460000e-03 3.343200e-01
464 6.638920e-01 1.552000e-03 3.345560e-01
465 6.636760e-01 1.488000e-03 3.348360e-01
466 6.634080e-01 1.508000e-03 3.350840e-01
467 6.631880e-01 1.504000e-03 3.353080e-01
468 6.629760e-01 1.432000e-03 3.355920e-01
469 6.628200e-01 1.368000e-03 3.358120e-01
470 6.626120e-01 1.296000e-03 3.360920e-01
471 6.624240e-01 1.252000e-03 3.363240e-01
472 6.621760e-01 1.240000e-03 3.365840e-01
473 6.620200e-01 1.168000e-03 3.368120e-01
474 6.618720e-01 1.120000e-03 3.370080e-01
475 6.617160e-01 1.056000e-03 3.372280e-01
476 6.615400e-01 1.028000e-03 3.374320e-01
477 6.614280e-01 9.840000e-04 3.375880e-01
478 6.613000e-01 9.320000e-04 3.377680e-01
479 6.611720e-01 9.160000e-04 3.379120e-01
480 6.610280e-01 9.160000e-04 3.380560e-01
481 6.609360e-01 8.760000e-04 3.381880e-01
482 6.608720e-01 8.120000e-04 3.383160e-01
483 6.607400e-01 8.240000e-04 3.384360e-01
484 6.605680e-01 8.440000e-04 3.385880e-01
485 6.604280e-01 8.560000e-04 3.387160e-01
486 6.602800e-01 8.360000e-04 3.388840e-01
487 6.601320e-01 8.600000e-04 3.390080e-01
488 6.599400e-01 8.760000e-04 3.391840e-01
489 6.597880e-01 8.720000e-04 3.393400e-01
490 6.595760e-01 9.400000e-04 3.394840e-01
491 6.594200e-01 9.440000e-04 3.396360e-01
492 6.592240e-01 9.480000e-04 3.398280e-01
493 6.590040e-01 9.880000e-04 3.400080e-01
494 6.587880e-01 1.000000e-03 3.402120e-01
495 6.585720e-01 1.020000e-03 3.404080e-01
496 6.583520e-01 1.068000e-03 3.405800e-01
497 6.581960e-01 1.048000e-03 3.407560e-01
498 6.580280e-01 1.020000e-03 3.409520e-01
499 6.577760e-01 1.112000e-03 3.411120e-01
500 6.575920e-01 1.088000e-03 3.413200e-01
