1 9.992160e-01 6.800000e-04 1.040000e-04
2 9.987240e-01 1.020000e-03 2.560000e-04
3 9.981600e-01 1.376000e-03 4.640000e-04
4 9.975320e-01 1.724000e-03 7.440000e-04
5 9.969960e-01 1.888000e-03 1.116000e-03
6 9.963000e-01 2.212000e-03 1.488000e-03
7 9.956000e-01 2.508000e-03 1.892000e-03
8 9.948840e-01 2.704000e-03 2.412000e-03
9 9.940640e-01 3.004000e-03 2.932000e-03
10 9.932600e-01 3.268000e-03 3.472000e-03
11 9.923400e-01 3.516000e-03 4.144000e-03
12 9.915240e-01 3.628000e-03 4.848000e-03
13 9.906600e-01 3.900000e-03 5.440000e-03
14 9.896920e-01 4.100000e-03 6.208000e-03
15 9.887840e-01 4.248000e-03 6.968000e-03
16 9.878440e-01 4.476000e-03 7.680000e-03
17 9.867480e-01 4.816000e-03 8.436000e-03
18 9.856160e-01 5.184000e-03 9.200000e-03
19 9.844680e-01 5.384000e-03 1.014800e-02
20 9.833520e-01 5.556000e-03 1.109200e-02
21 9.823000e-01 5.744000e-03 1.195600e-02
22 9.811040e-01 5.908000e-03 1.298800e-02
23 9.799720e-01 6.000000e-03 1.402800e-02
24 9.789120e-01 6.028000e-03 1.506000e-02
25 9.777440e-01 6.248000e-03 1.600800e-02
26 9.764400e-01 6.504000e-03 1.705600e-02
27 9.752120e-01 6.640000e-03 1.814800e-02
28 9.740560e-01 6.588000e-03 1.935600e-02
29 9.728000e-01 6.656000e-03 2.054400e-02
30 9.715480e-01 6.816000e-03 2.163600e-02
31 9.703400e-01 6.924000e-03 2.273600e-02
32 9.690720e-01 7.128000e-03 2.380000e-02
33 9.678160e-01 7.072000e-03 2.511200e-02
34 9.665160e-01 7.060000e-03 2.642400e-02
35 9.650880e-01 7.196000e-03 2.771600e-02
36 9.636080e-01 7.500000e-03 2.889200e-02
37 9.621040e-01 7.712000e-03 3.018400e-02
38 9.608120e-01 7.688000e-03 3.150000e-02
39 9.594200e-01 7.728000e-03 3.285200e-02
40 9.581240e-01 7.748000e-03 3.412800e-02
41 9.567240e-01 7.752000e-03 3.552400e-02
42 9.553520e-01 7.700000e-03 3.694800e-02
43 9.536920e-01 7.968000e-03 3.834000e-02
44 9.521160e-01 8.120000e-03 3.976400e-02
45 9.507120e-01 8.056000e-03 4.123200e-02
46 9.492920e-01 7.948000e-03 4.276000e-02
47 9.478880e-01 7.920000e-03 4.419200e-02
48 9.464640e-01 8.004000e-03 4.553200e-02
49 9.451440e-01 7.848000e-03 4.700800e-02
50 9.439920e-01 7.640000e-03 4.836800e-02
51 9.427360e-01 7.452000e-03 4.981200e-02
52 9.415720e-01 7.376000e-03 5.105200e-02
53 9.401440e-01 7.564000e-03 5.229200e-02
54 9.388200e-01 7.504000e-03 5.367600e-02
55 9.375720e-01 7.460000e-03 5.496800e-02
56 9.362480e-01 7.512000e-03 5.624000e-02
57 9.349760e-01 7.472000e-03 5.755200e-02
58 9.337840e-01 7.372000e-03 5.884400e-02
59 9.325520e-01 7.348000e-03 6.010000e-02
60 9.311920e-01 7.544000e-03 6.126400e-02
61 9.298400e-01 7.484000e-03 6.267600e-02
62 9.286160e-01 7.292000e-03 6.409200e-02
63 9.273440e-01 7.280000e-03 6.537600e-02
64 9.261240e-01 7.188000e-03 6.668800e-02
65 9.248080e-01 7.216000e-03 6.797600e-02
66 9.235600e-01 7.252000e-03 6.918800e-02
67 9.222960e-01 7.124000e-03 7.058000e-02
68 9.211080e-01 7.020000e-03 7.187200e-02
69 9.199000e-01 6.896000e-03 7.320400e-02
70 9.187560e-01 6.772000e-03 7.447200e-02
71 9.176680e-01 6.716000e-03 7.561600e-02
72 9.165040e-01 6.704000e-03 7.679200e-02
73 9.153360e-01 6.732000e-03 7.793200e-02
74 9.141800e-01 6.848000e-03 7.897200e-02
75 9.131160e-01 6.744000e-03 8.014000e-02
76 9.119200e-01 6.888000e-03 8.119200e-02
77 9.106600e-01 6.840000e-03 8.250000e-02
78 9.092360e-01 7.100000e-03 8.366400e-02
79 9.079520e-01 7.200000e-03 8.484800e-02
80 9.065520e-01 7.380000e-03 8.606800e-02
81 9.051840e-01 7.548000e-03 8.726800e-02
82 9.037960e-01 7.672000e-03 8.853200e-02
83 9.023280e-01 7.724000e-03 8.994800e-02
84 9.009480e-01 7.704000e-03 9.134800e-02
85 8.995320e-01 7.772000e-03 9.269600e-02
86 8.981280e-01 7.924000e-03 9.394800e-02
87 8.967080e-01 7.972000e-03 9.532000e-02
88 8.952520e-01 8.004000e-03 9.674400e-02
89 8.937880e-01 8.052000e-03 9.816000e-02
90 8.924600e-01 7.848000e-03 9.969200e-02
91 8.911800e-01 7.592000e-03 1.012280e-01
92 8.897600e-01 7.688000e-03 1.025520e-01
93 8.884000e-01 7.748000e-03 1.038520e-01
94 8.870440e-01 7.804000e-03 1.051520e-01
95 8.855840e-01 7.852000e-03 1.065640e-01
96 8.842280e-01 7.836000e-03 1.079360e-01
97 8.829240e-01 7.764000e-03 1.093120e-01
98 8.815320e-01 7.768000e-03 1.107000e-01
99 8.800240e-01 7.872000e-03 1.121040e-01
100 8.786360e-01 7.992000e-03 1.133720e-01
101 8.774120e-01 7.832000e-03 1.147560e-01
102 8.760360e-01 7.868000e-03 1.160960e-01
103 8.747680e-01 7.736000e-03 1.174960e-01
104 8.735000e-01 7.640000e-03 1.188600e-01
105 8.721520e-01 7.700000e-03 1.201480e-01
106 8.708880e-01 7.680000e-03 1.214320e-01
107 8.695360e-01 7.656000e-03 1.228080e-01
108 8.681400e-01 7.608000e-03 1.242520e-01
109 8.666240e-01 7.672000e-03 1.257040e-01
110 8.654480e-01 7.528000e-03 1.270240e-01
111 8.642480e-01 7.324000e-03 1.284280e-01
112 8.630000e-01 7.280000e-03 1.297200e-01
113 8.617680e-01 7.260000e-03 1.309720e-01
114 8.605400e-01 7.216000e-03 1.322440e-01
115 8.593520e-01 7.124000e-03 1.335240e-01
116 8.582880e-01 6.984000e-03 1.347280e-01
117 8.570840e-01 6.956000e-03 1.359600e-01
118 8.559520e-01 6.960000e-03 1.370880e-01
119 8.548080e-01 6.952000e-03 1.382400e-01
120 8.535760e-01 6.876000e-03 1.395480e-01
121 8.525360e-01 6.704000e-03 1.407600e-01
122 8.512800e-01 6.824000e-03 1.418960e-01
123 8.501240e-01 6.752000e-03 1.431240e-01
124 8.488840e-01 6.820000e-03 1.442960e-01
125 8.475600e-01 6.968000e-03 1.454720e-01
126 8.463960e-01 6.840000e-03 1.467640e-01
127 8.453080e-01 6.792000e-03 1.479000e-01
128 8.440360e-01 6.864000e-03 1.491000e-01
129 8.428920e-01 6.824000e-03 1.502840e-01
130 8.417520e-01 6.916000e-03 1.513320e-01
131 8.407320e-01 6.716000e-03 1.525520e-01
132 8.396040e-01 6.608000e-03 1.537880e-01
133 8.386160e-01 6.332000e-03 1.550520e-01
134 8.375680e-01 6.320000e-03 1.561120e-01
135 8.365520e-01 6.320000e-03 1.571280e-01
136 8.355360e-01 6.240000e-03 1.582240e-01
137 8.346480e-01 5.924000e-03 1.594280e-01
138 8.338000e-01 5.708000e-03 1.604920e-01
139 8.328680e-01 5.620000e-03 1.615120e-01
140 8.320080e-01 5.488000e-03 1.625040e-01
141 8.311520e-01 5.432000e-03 1.634160e-01
142 8.303480e-01 5.300000e-03 1.643520e-01
143 8.294440e-01 5.216000e-03 1.653400e-01
144 8.286160e-01 5.012000e-03 1.663720e-01
145 8.277640e-01 4.920000e-03 1.673160e-01
146 8.269640e-01 4.896000e-03 1.681400e-01
147 8.261560e-01 4.888000e-03 1.689560e-01
148 8.253920e-01 4.744000e-03 1.698640e-01
149 8.245200e-01 4.796000e-03 1.706840e-01
150 8.237480e-01 4.612000e-03 1.716400e-01
151 8.229440e-01 4.588000e-03 1.724680e-01
152 8.222000e-01 4.468000e-03 1.733320e-01
153 8.214400e-01 4.484000e-03 1.740760e-01
154 8.207040e-01 4.412000e-03 1.748840e-01
155 8.199600e-01 4.400000e-03 1.756400e-01
156 8.191560e-01 4.524000e-03 1.763200e-01
157 8.183560e-01 4.504000e-03 1.771400e-01
158 8.175520e-01 4.564000e-03 1.778840e-01
159 8.166680e-01 4.728000e-03 1.786040e-01
160 8.157400e-01 4.820000e-03 1.794400e-01
161 8.148760e-01 4.952000e-03 1.801720e-01
162 8.140080e-01 4.968000e-03 1.810240e-01
163 8.131800e-01 4.924000e-03 1.818960e-01
164 8.122760e-01 4.952000e-03 1.827720e-01
165 8.113800e-01 4.888000e-03 1.837320e-01
166 8.105760e-01 4.864000e-03 1.845600e-01
167 8.097520e-01 4.752000e-03 1.854960e-01
168 8.089480e-01 4.656000e-03 1.863960e-01
169 8.080040e-01 4.872000e-03 1.871240e-01
170 8.070720e-01 5.024000e-03 1.879040e-01
171 8.062520e-01 4.968000e-03 1.887800e-01
172 8.054880e-01 4.852000e-03 1.896600e-01
173 8.047520e-01 4.720000e-03 1.905280e-01
174 8.039640e-01 4.680000e-03 1.913560e-01
175 8.030000e-01 4.792000e-03 1.922080e-01
176 8.022240e-01 4.576000e-03 1.932000e-01
177 8.013320e-01 4.636000e-03 1.940320e-01
178 8.005920e-01 4.572000e-03 1.948360e-01
179 7.997960e-01 4.608000e-03 1.955960e-01
180 7.989040e-01 4.784000e-03 1.963120e-01
181 7.980680e-01 4.664000e-03 1.972680e-01
182 7.971840e-01 4.732000e-03 1.980840e-01
183 7.963520e-01 4.792000e-03 1.988560e-01
184 7.955640e-01 4.764000e-03 1.996720e-01
185 7.947120e-01 4.776000e-03 2.005120e-01
186 7.938760e-01 4.852000e-03 2.012720e-01
187 7.930280e-01 4.952000e-03 2.020200e-01
188 7.921920e-01 4.892000e-03 2.029160e-01
189 7.913040e-01 4.928000e-03 2.037680e-01
190 7.904240e-01 4.880000e-03 2.046960e-01
191 7.896000e-01 4.916000e-03 2.054840e-01
192 7.886440e-01 5.020000e-03 2.063360e-01
193 7.877600e-01 4.984000e-03 2.072560e-01
194 7.868680e-01 4.880000e-03 2.082520e-01
195 7.860000e-01 4.944000e-03 2.090560e-01
196 7.851800e-01 4.940000e-03 2.098800e-01
197 7.843400e-01 4.916000e-03 2.107440e-01
198 7.834680e-01 4.900000e-03 2.116320e-01
199 7.826160e-01 4.912000e-03 2.124720e-01
200 7.818320e-01 4.804000e-03 2.133640e-01
201 7.810160e-01 4.768000e-03 2.142160e-01
202 7.801480e-01 4.704000e-03 2.151480e-01
203 7.793680e-01 4.612000e-03 2.160200e-01
204 7.785440e-01 4.600000e-03 2.168560e-01
205 7.777560e-01 4.524000e-03 2.177200e-01
206 7.768880e-01 4.640000e-03 2.184720e-01
207 7.761560e-01 4.568000e-03 2.192760e-01
208 7.753400e-01 4.652000e-03 2.200080e-01
209 7.745200e-01 4.612000e-03 2.208680e-01
210 7.737120e-01 4.552000e-03 2.217360e-01
211 7.729160e-01 4.456000e-03 2.226280e-01
212 7.722640e-01 4.300000e-03 2.234360e-01
213 7.714640e-01 4.376000e-03 2.241600e-01
214 7.707520e-01 4.292000e-03 2.249560e-01
215 7.700720e-01 4.088000e-03 2.258400e-01
216 7.694640e-01 4.008000e-03 2.265280e-01
217 7.688200e-01 3.960000e-03 2.272200e-01
218 7.680920e-01 3.908000e-03 2.280000e-01
219 7.674360e-01 3.856000e-03 2.287080e-01
220 7.668160e-01 3.804000e-03 2.293800e-01
221 7.662480e-01 3.696000e-03 2.300560e-01
222 7.656920e-01 3.564000e-03 2.307440e-01
223 7.650760e-01 3.568000e-03 2.313560e-01
224 7.644800e-01 3.600000e-03 2.319200e-01
225 7.638480e-01 3.652000e-03 2.325000e-01
226 7.632280e-01 3.484000e-03 2.332880e-01
227 7.626480e-01 3.408000e-03 2.339440e-01
228 7.621200e-01 3.332000e-03 2.345480e-01
229 7.615560e-01 3.352000e-03 2.350920e-01
230 7.609240e-01 3.332000e-03 2.357440e-01
231 7.603680e-01 3.280000e-03 2.363520e-01
232 7.596920e-01 3.320000e-03 2.369880e-01
233 7.591000e-01 3.292000e-03 2.376080e-01
234 7.586360e-01 3.164000e-03 2.382000e-01
235 7.580960e-01 3.160000e-03 2.387440e-01
236 7.575680e-01 3.220000e-03 2.392120e-01
237 7.570240e-01 3.128000e-03 2.398480e-01
238 7.565320e-01 3.092000e-03 2.403760e-01
239 7.560040e-01 3.064000e-03 2.409320e-01
240 7.554200e-01 3.140000e-03 2.414400e-01
241 7.548160e-01 3.224000e-03 2.419600e-01
242 7.541760e-01 3.316000e-03 2.425080e-01
243 7.536120e-01 3.292000e-03 2.430960e-01
244 7.530080e-01 3.428000e-03 2.435640e-01
245 7.524160e-01 3.408000e-03 2.441760e-01
246 7.519040e-01 3.340000e-03 2.447560e-01
247 7.513760e-01 3.336000e-03 2.452880e-01
248 7.508120e-01 3.304000e-03 2.458840e-01
249 7.502600e-01 3.292000e-03 2.464480e-01
250 7.496560e-01 3.308000e-03 2.470360e-01
251 7.490880e-01 3.304000e-03 2.476080e-01
252 7.485040e-01 3.348000e-03 2.481480e-01
253 7.479120e-01 3.412000e-03 2.486760e-01
254 7.473680e-01 3.360000e-03 2.492720e-01
255 7.468200e-01 3.356000e-03 2.498240e-01
256 7.462120e-01 3.368000e-03 2.504200e-01
257 7.456680e-01 3.328000e-03 2.510040e-01
258 7.452080e-01 3.188000e-03 2.516040e-01
259 7.446840e-01 3.204000e-03 2.521120e-01
260 7.442000e-01 3.084000e-03 2.527160e-01
261 7.437720e-01 2.948000e-03 2.532800e-01
262 7.432640e-01 2.928000e-03 2.538080e-01
263 7.427600e-01 2.952000e-03 2.542880e-01
264 7.422520e-01 2.928000e-03 2.548200e-01
265 7.417360e-01 2.932000e-03 2.553320e-01
266 7.412880e-01 2.888000e-03 2.558240e-01
267 7.408200e-01 2.804000e-03 2.563760e-01
268 7.403080e-01 2.892000e-03 2.568000e-01
269 7.399240e-01 2.780000e-03 2.572960e-01
270 7.393720e-01 2.788000e-03 2.578400e-01
271 7.389240e-01 2.776000e-03 2.583000e-01
272 7.384080e-01 2.836000e-03 2.587560e-01
273 7.379720e-01 2.768000e-03 2.592600e-01
274 7.374480e-01 2.808000e-03 2.597440e-01
275 7.369360e-01 2.856000e-03 2.602080e-01
276 7.364920e-01 2.844000e-03 2.606640e-01
277 7.359880e-01 2.828000e-03 2.611840e-01
278 7.353440e-01 3.008000e-03 2.616480e-01
279 7.349320e-01 2.860000e-03 2.622080e-01
280 7.343400e-01 3.012000e-03 2.626480e-01
281 7.338920e-01 3.000000e-03 2.631080e-01
282 7.332600e-01 3.084000e-03 2.636560e-01
283 7.326960e-01 3.128000e-03 2.641760e-01
284 7.321360e-01 3.128000e-03 2.647360e-01
285 7.316240e-01 3.072000e-03 2.653040e-01
286 7.310760e-01 3.116000e-03 2.658080e-01
287 7.305920e-01 3.128000e-03 2.662800e-01
288 7.301000e-01 3.104000e-03 2.667960e-01
289 7.295520e-01 3.172000e-03 2.672760e-01
290 7.291200e-01 3.040000e-03 2.678400e-01
291 7.286160e-01 3.000000e-03 2.683840e-01
292 7.280840e-01 3.012000e-03 2.689040e-01
293 7.275520e-01 2.960000e-03 2.694880e-01
294 7.270280e-01 2.996000e-03 2.699760e-01
295 7.265280e-01 3.004000e-03 2.704680e-01
296 7.260120e-01 2.952000e-03 2.710360e-01
297 7.255360e-01 2.872000e-03 2.715920e-01
298 7.250920e-01 2.792000e-03 2.721160e-01
299 7.245400e-01 2.856000e-03 2.726040e-01
300 7.240080e-01 2.856000e-03 2.731360e-01
301 7.235360e-01 2.840000e-03 2.736240e-01
302 7.230600e-01 2.876000e-03 2.740640e-01
303 7.226760e-01 2.824000e-03 2.745000e-01
304 7.222520e-01 2.768000e-03 2.749800e-01
305 7.218800e-01 2.704000e-03 2.754160e-01
306 7.214240e-01 2.736000e-03 2.758400e-01
307 7.209520e-01 2.772000e-03 2.762760e-01
308 7.206280e-01 2.684000e-03 2.766880e-01
309 7.202040e-01 2.660000e-03 2.771360e-01
310 7.198000e-01 2.604000e-03 2.775960e-01
311 7.193520e-01 2.608000e-03 2.780400e-01
312 7.189200e-01 2.612000e-03 2.784680e-01
313 7.184920e-01 2.544000e-03 2.789640e-01
314 7.180640e-01 2.524000e-03 2.794120e-01
315 7.176760e-01 2.452000e-03 2.798720e-01
316 7.173240e-01 2.424000e-03 2.802520e-01
317 7.169160e-01 2.356000e-03 2.807280e-01
318 7.164760e-01 2.412000e-03 2.811120e-01
319 7.160800e-01 2.388000e-03 2.815320e-01
320 7.156040e-01 2.480000e-03 2.819160e-01
321 7.150640e-01 2.632000e-03 2.823040e-01
322 7.146040e-01 2.560000e-03 2.828360e-01
323 7.141960e-01 2.560000e-03 2.832440e-01
324 7.137840e-01 2.596000e-03 2.836200e-01
325 7.134080e-01 2.508000e-03 2.840840e-01
326 7.130160e-01 2.496000e-03 2.844880e-01
327 7.126040e-01 2.472000e-03 2.849240e-01
328 7.121800e-01 2.448000e-03 2.853720e-01
329 7.118160e-01 2.368000e-03 2.858160e-01
330 7.114920e-01 2.276000e-03 2.862320e-01
331 7.111480e-01 2.180000e-03 2.866720e-01
332 7.108040e-01 2.052000e-03 2.871440e-01
333 7.104960e-01 2.028000e-03 2.874760e-01
334 7.101400e-01 2.012000e-03 2.878480e-01
335 7.098360e-01 1.964000e-03 2.882000e-01
336 7.094840e-01 2.008000e-03 2.885080e-01
337 7.091720e-01 1.996000e-03 2.888320e-01
338 7.088240e-01 1.996000e-03 2.891800e-01
339 7.085360e-01 1.964000e-03 2.895000e-01
340 7.081880e-01 1.988000e-03 2.898240e-01
341 7.078440e-01 2.000000e-03 2.901560e-01
342 7.074840e-01 2.024000e-03 2.904920e-01
343 7.071360e-01 2.076000e-03 2.907880e-01
344 7.068160e-01 2.000000e-03 2.911840e-01
345 7.063720e-01 2.132000e-03 2.914960e-01
346 7.059880e-01 2.164000e-03 2.918480e-01
347 7.055720e-01 2.232000e-03 2.921960e-01
348 7.051680e-01 2.176000e-03 2.926560e-01
349 7.047200e-01 2.192000e-03 2.930880e-01
350 7.043680e-01 2.196000e-03 2.934360e-01
351 7.039720e-01 2.160000e-03 2.938680e-01
352 7.034800e-01 2.268000e-03 2.942520e-01
353 7.030480e-01 2.316000e-03 2.946360e-01
354 7.025680e-01 2.376000e-03 2.950560e-01
355 7.021760e-01 2.376000e-03 2.954480e-01
356 7.018000e-01 2.352000e-03 2.958480e-01
357 7.013880e-01 2.364000e-03 2.962480e-01
358 7.010080e-01 2.308000e-03 2.966840e-01
359 7.005760e-01 2.344000e-03 2.970800e-01
360 7.002640e-01 2.284000e-03 2.974520e-01
361 6.999400e-01 2.248000e-03 2.978120e-01
362 6.995840e-01 2.252000e-03 2.981640e-01
363 6.991680e-01 2.304000e-03 2.985280e-01
364 6.988840e-01 2.220000e-03 2.988960e-01
365 6.985520e-01 2.180000e-03 2.992680e-01
366 6.981840e-01 2.120000e-03 2.996960e-01
367 6.978560e-01 2.048000e-03 3.000960e-01
368 6.974560e-01 2.080000e-03 3.004640e-01
369 6.970560e-01 2.088000e-03 3.008560e-01
370 6.966960e-01 2.144000e-03 3.011600e-01
371 6.962880e-01 2.152000e-03 3.015600e-01
372 6.958120e-01 2.260000e-03 3.019280e-01
373 6.954160e-01 2.272000e-03 3.023120e-01
374 6.949840e-01 2.312000e-03 3.027040e-01
375 6.945640e-01 2.376000e-03 3.030600e-01
376 6.940920e-01 2.420000e-03 3.034880e-01
377 6.937120e-01 2.344000e-03 3.039440e-01
378 6.933280e-01 2.292000e-03 3.043800e-01
379 6.929320e-01 2.268000e-03 3.048000e-01
380 6.925640e-01 2.268000e-03 3.051680e-01
381 6.922040e-01 2.228000e-03 3.055680e-01
382 6.917520e-01 2.232000e-03 3.060160e-01
383 6.913480e-01 2.268000e-03 3.063840e-01
384 6.909560e-01 2.264000e-03 3.067800e-01
385 6.906000e-01 2.208000e-03 3.071920e-01
386 6.902440e-01 2.156000e-03 3.076000e-01
387 6.898320e-01 2.196000e-03 3.079720e-01
388 6.894440e-01 2.160000e-03 3.083960e-01
389 6.891120e-01 2.108000e-03 3.087800e-01
390 6.887760e-01 2.072000e-03 3.091520e-01
391 6.884280e-01 2.084000e-03 3.094880e-01
392 6.881200e-01 1.996000e-03 3.098840e-01
393 6.878200e-01 1.940000e-03 3.102400e-01
394 6.874840e-01 1.968000e-03 3.105480e-01
395 6.871000e-01 2.064000e-03 3.108360e-01
396 6.867760e-01 2.024000e-03 3.112000e-01
397 6.863960e-01 2.028000e-03 3.115760e-01
398 6.860640e-01 2.104000e-03 3.118320e-01
399 6.856480e-01 2.108000e-03 3.122440e-01
400 6.852280e-01 2.132000e-03 3.126400e-01
401 6.848680e-01 2.108000e-03 3.130240e-01
402 6.844800e-01 2.120000e-03 3.134000e-01
403 6.841200e-01 2.032000e-03 3.138480e-01
404 6.837680e-01 2.036000e-03 3.141960e-01
405 6.834720e-01 2.024000e-03 3.145040e-01
406 6.831520e-01 1.976000e-03 3.148720e-01
407 6.827920e-01 1.984000e-03 3.152240e-01
408 6.825040e-01 1.944000e-03 3.155520e-01
409 6.822080e-01 1.892000e-03 3.159000e-01
410 6.818680e-01 1.956000e-03 3.161760e-01
411 6.814840e-01 1.948000e-03 3.165680e-01
412 6.812000e-01 1.852000e-03 3.169480e-01
413 6.809160e-01 1.848000e-03 3.172360e-01
414 6.806440e-01 1.808000e-03 3.175480e-01
415 6.803720e-01 1.732000e-03 3.178960e-01
416 6.801480e-01 1.664000e-03 3.181880e-01
417 6.798320e-01 1.644000e-03 3.185240e-01
418 6.795200e-01 1.692000e-03 3.187880e-01
419 6.793320e-01 1.648000e-03 3.190200e-01
420 6.791400e-01 1.520000e-03 3.193400e-01
421 6.789360e-01 1.448000e-03 3.196160e-01
422 6.787320e-01 1.436000e-03 3.198320e-01
423 6.785000e-01 1.404000e-03 3.200960e-01
424 6.782840e-01 1.388000e-03 3.203280e-01
425 6.780400e-01 1.380000e-03 3.205800e-01
426 6.777960e-01 1.420000e-03 3.207840e-01
427 6.775400e-01 1.452000e-03 3.210080e-01
428 6.773360e-01 1.420000e-03 3.212440e-01
429 6.771080e-01 1.420000e-03 3.214720e-01
430 6.768320e-01 1.444000e-03 3.217240e-01
431 6.765960e-01 1.436000e-03 3.219680e-01
432 6.763960e-01 1.392000e-03 3.222120e-01
433 6.761400e-01 1.440000e-03 3.224200e-01
434 6.758280e-01 1.508000e-03 3.226640e-01
435 6.755600e-01 1.508000e-03 3.229320e-01
436 6.752480e-01 1.584000e-03 3.231680e-01
437 6.749880e-01 1.524000e-03 3.234880e-01
438 6.747400e-01 1.496000e-03 3.237640e-01
439 6.745040e-01 1.456000e-03 3.240400e-01
440 6.743000e-01 1.412000e-03 3.242880e-01
441 6.741120e-01 1.348000e-03 3.245400e-01
442 6.739160e-01 1.308000e-03 3.247760e-01
443 6.737240e-01 1.324000e-03 3.249520e-01
444 6.735360e-01 1.276000e-03 3.251880e-01
445 6.733800e-01 1.236000e-03 3.253840e-01
446 6.732000e-01 1.160000e-03 3.256400e-01
447 6.730240e-01 1.132000e-03 3.258440e-01
448 6.728520e-01 1.116000e-03 3.260320e-01
449 6.726920e-01 1.136000e-03 3.261720e-01
450 6.724760e-01 1.160000e-03 3.263640e-01
451 6.722160e-01 1.212000e-03 3.265720e-01
452 6.720520e-01 1.200000e-03 3.267480e-01
453 6.718800e-01 1.164000e-03 3.269560e-01
454 6.717040e-01 1.124000e-03 3.271720e-01
455 6.715360e-01 1.068000e-03 3.273960e-01
456 6.712920e-01 1.108000e-03 3.276000e-01
457 6.711080e-01 1.052000e-03 3.278400e-01
458 6.709160e-01 1.064000e-03 3.280200e-01
459 6.708200e-01 1.016000e-03 3.281640e-01
460 6.706200e-01 1.024000e-03 3.283560e-01
461 6.704320e-01 1.000000e-03 3.285680e-01
462 6.703000e-01 9.360000e-04 3.287640e-01
463 6.701400e-01 9.280000e-04 3.289320e-01
464 6.700440e-01 8.640000e-04 3.290920e-01
465 6.699080e-01 8.240000e-04 3.292680e-01
466 6.697520e-01 8.520000e-04 3.293960e-01
467 6.696000e-01 8.840000e-04 3.295160e-01
468 6.694120e-01 9.280000e-04 3.296600e-01
469 6.692000e-01 9.880000e-04 3.298120e-01
470 6.690600e-01 9.320000e-04 3.300080e-01
471 6.689280e-01 9.040000e-04 3.301680e-01
472 6.687560e-01 9.200000e-04 3.303240e-01
473 6.685360e-01 9.960000e-04 3.304680e-01
474 6.683800e-01 9.800000e-04 3.306400e-01
475 6.681840e-01 1.044000e-03 3.307720e-01
476 6.679840e-01 1.012000e-03 3.310040e-01
477 6.678000e-01 1.016000e-03 3.311840e-01
478 6.675840e-01 1.088000e-03 3.313280e-01
479 6.673560e-01 1.116000e-03 3.315280e-01
480 6.671560e-01 1.152000e-03 3.316920e-01
481 6.669520e-01 1.136000e-03 3.319120e-01
482 6.667440e-01 1.152000e-03 3.321040e-01
483 6.665400e-01 1.156000e-03 3.323040e-01
484 6.663000e-01 1.168000e-03 3.325320e-01
485 6.660760e-01 1.212000e-03 3.327120e-01
486 6.658360e-01 1.228000e-03 3.329360e-01
487 6.655840e-01 1.268000e-03 3.331480e-01
488 6.653560e-01 1.272000e-03 3.333720e-01
489 6.651320e-01 1.292000e-03 3.335760e-01
490 6.648600e-01 1.424000e-03 3.337160e-01
491 6.646480e-01 1.372000e-03 3.339800e-01
492 6.644000e-01 1.396000e-03 3.342040e-01
493 6.641440e-01 1.408000e-03 3.344480e-01
494 6.638840e-01 1.336000e-03 3.347800e-01
495 6.636360e-01 1.404000e-03 3.349600e-01
496 6.633960e-01 1.392000e-03 3.352120e-01
497 6.631440e-01 1.432000e-03 3.354240e-01
498 6.628640e-01 1.400000e-03 3.357360e-01
499 6.626080e-01 1.436000e-03 3.359560e-01
500 6.623560e-01 1.384000e-03 3.362600e-01
