1 9.991760e-01 7.000000e-04 1.240000e-04
2 9.986200e-01 1.080000e-03 3.000000e-04
3 9.980400e-01 1.448000e-03 5.120000e-04
4 9.974440e-01 1.816000e-03 7.400000e-04
5 9.967160e-01 2.184000e-03 1.100000e-03
6 9.959720e-01 2.548000e-03 1.480000e-03
7 9.950400e-01 2.948000e-03 2.012000e-03
8 9.939760e-01 3.420000e-03 2.604000e-03
9 9.929160e-01 3.872000e-03 3.212000e-03
10 9.918040e-01 4.320000e-03 3.876000e-03
11 9.905200e-01 4.760000e-03 4.720000e-03
12 9.892080e-01 5.188000e-03 5.604000e-03
13 9.879040e-01 5.496000e-03 6.600000e-03
14 9.867280e-01 5.776000e-03 7.496000e-03
15 9.853760e-01 6.148000e-03 8.476000e-03
16 9.840200e-01 6.368000e-03 9.612000e-03
17 9.827200e-01 6.496000e-03 1.078400e-02
18 9.814160e-01 6.680000e-03 1.190400e-02
19 9.800040e-01 6.912000e-03 1.308400e-02
20 9.786680e-01 6.976000e-03 1.435600e-02
21 9.771920e-01 7.252000e-03 1.555600e-02
22 9.757760e-01 7.496000e-03 1.672800e-02
23 9.742960e-01 7.724000e-03 1.798000e-02
24 9.727240e-01 7.928000e-03 1.934800e-02
25 9.712480e-01 8.060000e-03 2.069200e-02
26 9.697760e-01 8.104000e-03 2.212000e-02
27 9.682880e-01 8.144000e-03 2.356800e-02
28 9.666720e-01 8.340000e-03 2.498800e-02
29 9.651120e-01 8.552000e-03 2.633600e-02
30 9.634800e-01 8.844000e-03 2.767600e-02
31 9.619040e-01 8.776000e-03 2.932000e-02
32 9.601920e-01 8.904000e-03 3.090400e-02
33 9.585640e-01 8.928000e-03 3.250800e-02
34 9.570680e-01 8.788000e-03 3.414400e-02
35 9.554320e-01 8.860000e-03 3.570800e-02
36 9.535720e-01 9.260000e-03 3.716800e-02
37 9.519280e-01 9.352000e-03 3.872000e-02
38 9.501280e-01 9.444000e-03 4.042800e-02
39 9.484360e-01 9.548000e-03 4.201600e-02
40 9.469480e-01 9.384000e-03 4.366800e-02
41 9.454920e-01 9.272000e-03 4.523600e-02
42 9.438960e-01 9.096000e-03 4.700800e-02
43 9.422800e-01 9.168000e-03 4.855200e-02
44 9.407680e-01 9.040000e-03 5.019200e-02
45 9.391560e-01 9.096000e-03 5.174800e-02
46 9.375400e-01 9.072000e-03 5.338800e-02
47 9.359920e-01 9.092000e-03 5.491600e-02
48 9.345160e-01 8.988000e-03 5.649600e-02
49 9.328320e-01 9.112000e-03 5.805600e-02
50 9.312800e-01 8.960000e-03 5.976000e-02
51 9.297200e-01 8.964000e-03 6.131600e-02
52 9.282080e-01 8.880000e-03 6.291200e-02
53 9.265760e-01 9.092000e-03 6.433200e-02
54 9.248720e-01 9.236000e-03 6.589200e-02
55 9.232320e-01 9.372000e-03 6.739600e-02
56 9.216360e-01 9.260000e-03 6.910400e-02
57 9.201120e-01 9.284000e-03 7.060400e-02
58 9.184000e-01 9.416000e-03 7.218400e-02
59 9.165280e-01 9.620000e-03 7.385200e-02
60 9.146080e-01 9.912000e-03 7.548000e-02
61 9.127600e-01 1.005200e-02 7.718800e-02
62 9.107640e-01 1.019200e-02 7.904400e-02
63 9.087720e-01 1.028400e-02 8.094400e-02
64 9.069200e-01 1.040400e-02 8.267600e-02
65 9.049280e-01 1.062800e-02 8.444400e-02
66 9.030920e-01 1.058800e-02 8.632000e-02
67 9.013440e-01 1.044800e-02 8.820800e-02
68 8.995640e-01 1.046400e-02 8.997200e-02
69 8.976800e-01 1.044000e-02 9.188000e-02
70 8.956840e-01 1.068800e-02 9.362800e-02
71 8.939000e-01 1.055600e-02 9.554400e-02
72 8.921160e-01 1.048000e-02 9.740400e-02
73 8.902760e-01 1.055200e-02 9.917200e-02
74 8.883920e-01 1.054000e-02 1.010680e-01
75 8.863560e-01 1.062800e-02 1.030160e-01
76 8.843000e-01 1.085600e-02 1.048440e-01
77 8.825120e-01 1.076000e-02 1.067280e-01
78 8.805520e-01 1.077200e-02 1.086760e-01
79 8.784760e-01 1.090000e-02 1.106240e-01
80 8.765520e-01 1.083600e-02 1.126120e-01
81 8.745640e-01 1.091600e-02 1.145200e-01
82 8.725920e-01 1.090400e-02 1.165040e-01
83 8.704640e-01 1.120000e-02 1.183360e-01
84 8.683560e-01 1.141600e-02 1.202280e-01
85 8.661840e-01 1.160800e-02 1.222080e-01
86 8.642200e-01 1.149200e-02 1.242880e-01
87 8.622280e-01 1.149600e-02 1.262760e-01
88 8.602920e-01 1.142000e-02 1.282880e-01
89 8.583680e-01 1.124800e-02 1.303840e-01
90 8.565280e-01 1.099200e-02 1.324800e-01
91 8.546240e-01 1.091200e-02 1.344640e-01
92 8.527560e-01 1.079200e-02 1.364520e-01
93 8.508720e-01 1.072000e-02 1.384080e-01
94 8.489240e-01 1.070800e-02 1.403680e-01
95 8.470000e-01 1.077600e-02 1.422240e-01
96 8.452680e-01 1.052800e-02 1.442040e-01
97 8.436240e-01 1.028400e-02 1.460920e-01
98 8.417800e-01 1.028000e-02 1.479400e-01
99 8.399600e-01 1.032400e-02 1.497160e-01
100 8.381360e-01 1.029200e-02 1.515720e-01
101 8.364280e-01 1.034800e-02 1.532240e-01
102 8.347120e-01 1.033200e-02 1.549560e-01
103 8.328960e-01 1.029600e-02 1.568080e-01
104 8.309040e-01 1.047200e-02 1.586240e-01
105 8.290760e-01 1.044000e-02 1.604840e-01
106 8.270000e-01 1.077200e-02 1.622280e-01
107 8.250440e-01 1.094000e-02 1.640160e-01
108 8.230520e-01 1.087600e-02 1.660720e-01
109 8.211000e-01 1.086800e-02 1.680320e-01
110 8.191280e-01 1.093200e-02 1.699400e-01
111 8.173320e-01 1.080000e-02 1.718680e-01
112 8.157000e-01 1.052800e-02 1.737720e-01
113 8.140400e-01 1.032400e-02 1.756360e-01
114 8.122920e-01 1.036400e-02 1.773440e-01
115 8.105400e-01 1.026000e-02 1.792000e-01
116 8.087120e-01 1.032000e-02 1.809680e-01
117 8.066760e-01 1.041600e-02 1.829080e-01
118 8.047560e-01 1.063200e-02 1.846120e-01
119 8.029680e-01 1.040800e-02 1.866240e-01
120 8.010160e-01 1.047200e-02 1.885120e-01
121 7.993880e-01 1.013600e-02 1.904760e-01
122 7.976840e-01 1.011600e-02 1.922000e-01
123 7.958440e-01 1.023600e-02 1.939200e-01
124 7.941960e-01 1.010400e-02 1.957000e-01
125 7.926640e-01 9.996000e-03 1.973400e-01
126 7.911160e-01 9.768000e-03 1.991160e-01
127 7.894640e-01 9.768000e-03 2.007680e-01
128 7.878600e-01 9.700000e-03 2.024400e-01
129 7.862720e-01 9.532000e-03 2.041960e-01
130 7.847280e-01 9.420000e-03 2.058520e-01
131 7.831000e-01 9.456000e-03 2.074440e-01
132 7.816560e-01 9.216000e-03 2.091280e-01
133 7.801720e-01 8.984000e-03 2.108440e-01
134 7.787680e-01 8.904000e-03 2.123280e-01
135 7.771200e-01 8.956000e-03 2.139240e-01
136 7.757040e-01 8.860000e-03 2.154360e-01
137 7.742600e-01 8.684000e-03 2.170560e-01
138 7.727880e-01 8.620000e-03 2.185920e-01
139 7.714040e-01 8.412000e-03 2.201840e-01
140 7.699720e-01 8.548000e-03 2.214800e-01
141 7.684840e-01 8.648000e-03 2.228680e-01
142 7.668560e-01 8.772000e-03 2.243720e-01
143 7.653840e-01 8.828000e-03 2.257880e-01
144 7.639160e-01 8.824000e-03 2.272600e-01
145 7.624560e-01 8.692000e-03 2.288520e-01
146 7.610040e-01 8.556000e-03 2.304400e-01
147 7.594800e-01 8.680000e-03 2.318400e-01
148 7.580320e-01 8.524000e-03 2.334440e-01
149 7.566400e-01 8.432000e-03 2.349280e-01
150 7.552680e-01 8.364000e-03 2.363680e-01
151 7.537800e-01 8.192000e-03 2.380280e-01
152 7.525200e-01 8.180000e-03 2.393000e-01
153 7.511320e-01 8.200000e-03 2.406680e-01
154 7.496560e-01 8.168000e-03 2.421760e-01
155 7.484680e-01 7.864000e-03 2.436680e-01
156 7.471880e-01 7.660000e-03 2.451520e-01
157 7.459440e-01 7.444000e-03 2.466120e-01
158 7.446920e-01 7.416000e-03 2.478920e-01
159 7.434680e-01 7.308000e-03 2.492240e-01
160 7.424200e-01 7.056000e-03 2.505240e-01
161 7.412640e-01 7.076000e-03 2.516600e-01
162 7.401640e-01 7.052000e-03 2.527840e-01
163 7.391040e-01 6.788000e-03 2.541080e-01
164 7.379280e-01 6.856000e-03 2.552160e-01
165 7.368040e-01 6.772000e-03 2.564240e-01
166 7.357080e-01 6.656000e-03 2.576360e-01
167 7.347200e-01 6.440000e-03 2.588400e-01
168 7.336600e-01 6.264000e-03 2.600760e-01
169 7.327840e-01 5.996000e-03 2.612200e-01
170 7.318160e-01 5.944000e-03 2.622400e-01
171 7.308960e-01 5.804000e-03 2.633000e-01
172 7.300160e-01 5.776000e-03 2.642080e-01
173 7.289440e-01 5.912000e-03 2.651440e-01
174 7.280200e-01 5.760000e-03 2.662200e-01
175 7.271000e-01 5.692000e-03 2.672080e-01
176 7.261000e-01 5.604000e-03 2.682960e-01
177 7.251440e-01 5.556000e-03 2.693000e-01
178 7.242520e-01 5.516000e-03 2.702320e-01
179 7.233080e-01 5.560000e-03 2.711320e-01
180 7.225040e-01 5.464000e-03 2.720320e-01
181 7.217360e-01 5.340000e-03 2.729240e-01
182 7.209000e-01 5.224000e-03 2.738760e-01
183 7.200480e-01 5.188000e-03 2.747640e-01
184 7.191720e-01 5.044000e-03 2.757840e-01
185 7.183240e-01 4.856000e-03 2.768200e-01
186 7.175640e-01 4.716000e-03 2.777200e-01
187 7.167640e-01 4.752000e-03 2.784840e-01
188 7.159880e-01 4.648000e-03 2.793640e-01
189 7.151360e-01 4.712000e-03 2.801520e-01
190 7.143320e-01 4.744000e-03 2.809240e-01
191 7.135760e-01 4.708000e-03 2.817160e-01
192 7.126960e-01 4.788000e-03 2.825160e-01
193 7.117640e-01 4.860000e-03 2.833760e-01
194 7.109440e-01 4.876000e-03 2.841800e-01
195 7.099760e-01 5.068000e-03 2.849560e-01
196 7.091160e-01 5.092000e-03 2.857920e-01
197 7.082320e-01 5.076000e-03 2.866920e-01
198 7.073320e-01 5.080000e-03 2.875880e-01
199 7.065520e-01 4.908000e-03 2.885400e-01
200 7.058480e-01 4.600000e-03 2.895520e-01
201 7.049920e-01 4.644000e-03 2.903640e-01
202 7.041240e-01 4.728000e-03 2.911480e-01
203 7.033000e-01 4.800000e-03 2.919000e-01
204 7.026400e-01 4.644000e-03 2.927160e-01
205 7.019200e-01 4.640000e-03 2.934400e-01
206 7.012600e-01 4.372000e-03 2.943680e-01
207 7.004240e-01 4.432000e-03 2.951440e-01
208 6.997320e-01 4.264000e-03 2.960040e-01
209 6.989880e-01 4.176000e-03 2.968360e-01
210 6.983320e-01 4.156000e-03 2.975120e-01
211 6.976000e-01 4.144000e-03 2.982560e-01
212 6.968520e-01 4.140000e-03 2.990080e-01
213 6.961560e-01 4.056000e-03 2.997880e-01
214 6.955040e-01 3.956000e-03 3.005400e-01
215 6.947880e-01 4.016000e-03 3.011960e-01
216 6.940800e-01 4.076000e-03 3.018440e-01
217 6.933920e-01 4.092000e-03 3.025160e-01
218 6.926320e-01 4.224000e-03 3.031440e-01
219 6.918840e-01 4.284000e-03 3.038320e-01
220 6.911080e-01 4.332000e-03 3.045600e-01
221 6.902640e-01 4.484000e-03 3.052520e-01
222 6.895440e-01 4.324000e-03 3.061320e-01
223 6.887760e-01 4.292000e-03 3.069320e-01
224 6.879880e-01 4.332000e-03 3.076800e-01
225 6.872760e-01 4.356000e-03 3.083680e-01
226 6.864320e-01 4.436000e-03 3.091320e-01
227 6.857080e-01 4.332000e-03 3.099600e-01
228 6.849400e-01 4.292000e-03 3.107680e-01
229 6.842080e-01 4.288000e-03 3.115040e-01
230 6.834200e-01 4.352000e-03 3.122280e-01
231 6.825720e-01 4.432000e-03 3.129960e-01
232 6.817960e-01 4.380000e-03 3.138240e-01
233 6.810760e-01 4.336000e-03 3.145880e-01
234 6.803800e-01 4.272000e-03 3.153480e-01
235 6.796720e-01 4.216000e-03 3.161120e-01
236 6.789360e-01 4.172000e-03 3.168920e-01
237 6.782760e-01 4.104000e-03 3.176200e-01
238 6.776520e-01 4.124000e-03 3.182240e-01
239 6.771320e-01 3.812000e-03 3.190560e-01
240 6.765520e-01 3.720000e-03 3.197280e-01
241 6.759560e-01 3.736000e-03 3.203080e-01
242 6.753640e-01 3.652000e-03 3.209840e-01
243 6.748560e-01 3.452000e-03 3.216920e-01
244 6.742360e-01 3.484000e-03 3.222800e-01
245 6.737240e-01 3.360000e-03 3.229160e-01
246 6.731720e-01 3.368000e-03 3.234600e-01
247 6.725600e-01 3.384000e-03 3.240560e-01
248 6.720320e-01 3.416000e-03 3.245520e-01
249 6.715360e-01 3.344000e-03 3.251200e-01
250 6.709600e-01 3.320000e-03 3.257200e-01
251 6.705160e-01 3.224000e-03 3.262600e-01
252 6.700400e-01 3.120000e-03 3.268400e-01
253 6.695880e-01 3.016000e-03 3.273960e-01
254 6.691960e-01 2.936000e-03 3.278680e-01
255 6.686560e-01 2.936000e-03 3.284080e-01
256 6.681680e-01 2.956000e-03 3.288760e-01
257 6.676000e-01 3.036000e-03 3.293640e-01
258 6.670960e-01 3.020000e-03 3.298840e-01
259 6.666000e-01 2.968000e-03 3.304320e-01
260 6.661160e-01 2.916000e-03 3.309680e-01
261 6.656680e-01 2.880000e-03 3.314520e-01
262 6.652560e-01 2.800000e-03 3.319440e-01
263 6.647880e-01 2.784000e-03 3.324280e-01
264 6.642920e-01 2.796000e-03 3.329120e-01
265 6.638120e-01 2.824000e-03 3.333640e-01
266 6.633720e-01 2.740000e-03 3.338880e-01
267 6.629000e-01 2.772000e-03 3.343280e-01
268 6.624560e-01 2.744000e-03 3.348000e-01
269 6.620880e-01 2.652000e-03 3.352600e-01
270 6.616640e-01 2.644000e-03 3.356920e-01
271 6.610960e-01 2.736000e-03 3.361680e-01
272 6.606160e-01 2.704000e-03 3.366800e-01
273 6.601160e-01 2.756000e-03 3.371280e-01
274 6.596240e-01 2.736000e-03 3.376400e-01
275 6.592000e-01 2.692000e-03 3.381080e-01
276 6.587280e-01 2.656000e-03 3.386160e-01
277 6.583440e-01 2.592000e-03 3.390640e-01
278 6.579440e-01 2.552000e-03 3.395040e-01
279 6.575360e-01 2.496000e-03 3.399680e-01
280 6.571120e-01 2.484000e-03 3.404040e-01
281 6.567920e-01 2.392000e-03 3.408160e-01
282 6.563960e-01 2.400000e-03 3.412040e-01
283 6.560160e-01 2.352000e-03 3.416320e-01
284 6.555880e-01 2.412000e-03 3.420000e-01
285 6.551360e-01 2.436000e-03 3.424280e-01
286 6.548200e-01 2.380000e-03 3.428000e-01
287 6.543600e-01 2.432000e-03 3.432080e-01
288 6.539240e-01 2.468000e-03 3.436080e-01
289 6.535800e-01 2.408000e-03 3.440120e-01
290 6.531040e-01 2.432000e-03 3.444640e-01
291 6.527200e-01 2.376000e-03 3.449040e-01
292 6.523360e-01 2.320000e-03 3.453440e-01
293 6.518440e-01 2.416000e-03 3.457400e-01
294 6.513880e-01 2.472000e-03 3.461400e-01
295 6.510080e-01 2.392000e-03 3.466000e-01
296 6.506600e-01 2.288000e-03 3.470520e-01
297 6.502600e-01 2.288000e-03 3.474520e-01
298 6.498280e-01 2.328000e-03 3.478440e-01
299 6.495080e-01 2.232000e-03 3.482600e-01
300 6.491840e-01 2.212000e-03 3.486040e-01
301 6.487960e-01 2.180000e-03 3.490240e-01
302 6.485160e-01 2.104000e-03 3.493800e-01
303 6.482200e-01 2.068000e-03 3.497120e-01
304 6.479240e-01 1.996000e-03 3.500800e-01
305 6.475920e-01 1.960000e-03 3.504480e-01
306 6.471920e-01 1.996000e-03 3.508120e-01
307 6.468600e-01 1.940000e-03 3.512000e-01
308 6.465760e-01 1.916000e-03 3.515080e-01
309 6.461760e-01 2.016000e-03 3.518080e-01
310 6.458120e-01 2.048000e-03 3.521400e-01
311 6.454440e-01 2.024000e-03 3.525320e-01
312 6.450720e-01 2.056000e-03 3.528720e-01
313 6.447160e-01 2.060000e-03 3.532240e-01
314 6.442960e-01 2.032000e-03 3.536720e-01
315 6.439200e-01 1.968000e-03 3.541120e-01
316 6.437120e-01 1.868000e-03 3.544200e-01
317 6.433920e-01 1.852000e-03 3.547560e-01
318 6.430800e-01 1.840000e-03 3.550800e-01
319 6.427680e-01 1.800000e-03 3.554320e-01
320 6.424320e-01 1.856000e-03 3.557120e-01
321 6.421160e-01 1.780000e-03 3.561040e-01
322 6.418280e-01 1.720000e-03 3.564520e-01
323 6.415640e-01 1.688000e-03 3.567480e-01
324 6.412760e-01 1.696000e-03 3.570280e-01
325 6.410000e-01 1.652000e-03 3.573480e-01
326 6.407560e-01 1.648000e-03 3.575960e-01
327 6.404480e-01 1.704000e-03 3.578480e-01
328 6.401360e-01 1.704000e-03 3.581600e-01
329 6.398120e-01 1.776000e-03 3.584120e-01
330 6.395800e-01 1.684000e-03 3.587360e-01
331 6.393040e-01 1.636000e-03 3.590600e-01
332 6.389800e-01 1.640000e-03 3.593800e-01
333 6.386880e-01 1.656000e-03 3.596560e-01
334 6.384000e-01 1.628000e-03 3.599720e-01
335 6.381600e-01 1.592000e-03 3.602480e-01
336 6.379400e-01 1.548000e-03 3.605120e-01
337 6.376400e-01 1.576000e-03 3.607840e-01
338 6.372920e-01 1.636000e-03 3.610720e-01
339 6.370640e-01 1.576000e-03 3.613600e-01
340 6.368080e-01 1.548000e-03 3.616440e-01
341 6.365520e-01 1.532000e-03 3.619160e-01
342 6.362480e-01 1.568000e-03 3.621840e-01
343 6.360200e-01 1.520000e-03 3.624600e-01
344 6.357440e-01 1.576000e-03 3.626800e-01
345 6.354680e-01 1.520000e-03 3.630120e-01
346 6.352240e-01 1.472000e-03 3.633040e-01
347 6.350280e-01 1.432000e-03 3.635400e-01
348 6.348000e-01 1.408000e-03 3.637920e-01
349 6.345960e-01 1.368000e-03 3.640360e-01
350 6.343520e-01 1.360000e-03 3.642880e-01
351 6.341520e-01 1.324000e-03 3.645240e-01
352 6.339240e-01 1.332000e-03 3.647440e-01
353 6.336640e-01 1.352000e-03 3.649840e-01
354 6.334040e-01 1.392000e-03 3.652040e-01
355 6.332200e-01 1.360000e-03 3.654200e-01
356 6.330560e-01 1.316000e-03 3.656280e-01
357 6.328120e-01 1.304000e-03 3.658840e-01
358 6.325560e-01 1.316000e-03 3.661280e-01
359 6.323720e-01 1.256000e-03 3.663720e-01
360 6.321400e-01 1.296000e-03 3.665640e-01
361 6.319240e-01 1.280000e-03 3.667960e-01
362 6.317600e-01 1.184000e-03 3.670560e-01
363 6.314960e-01 1.232000e-03 3.672720e-01
364 6.313280e-01 1.188000e-03 3.674840e-01
365 6.310520e-01 1.212000e-03 3.677360e-01
366 6.308080e-01 1.252000e-03 3.679400e-01
367 6.306200e-01 1.232000e-03 3.681480e-01
368 6.304240e-01 1.208000e-03 3.683680e-01
369 6.302560e-01 1.184000e-03 3.685600e-01
370 6.300840e-01 1.140000e-03 3.687760e-01
371 6.299000e-01 1.080000e-03 3.690200e-01
372 6.297680e-01 1.068000e-03 3.691640e-01
373 6.295760e-01 1.068000e-03 3.693560e-01
374 6.294120e-01 1.036000e-03 3.695520e-01
375 6.291960e-01 1.088000e-03 3.697160e-01
376 6.290480e-01 1.040000e-03 3.699120e-01
377 6.288520e-01 1.060000e-03 3.700880e-01
378 6.286320e-01 1.084000e-03 3.702840e-01
379 6.283840e-01 1.152000e-03 3.704640e-01
380 6.282080e-01 1.132000e-03 3.706600e-01
381 6.280600e-01 1.056000e-03 3.708840e-01
382 6.279040e-01 1.056000e-03 3.710400e-01
383 6.277120e-01 1.088000e-03 3.712000e-01
384 6.275960e-01 1.020000e-03 3.713840e-01
385 6.274680e-01 9.440000e-04 3.715880e-01
386 6.273480e-01 8.800000e-04 3.717720e-01
387 6.272040e-01 8.320000e-04 3.719640e-01
388 6.270720e-01 8.240000e-04 3.721040e-01
389 6.268840e-01 8.600000e-04 3.722560e-01
390 6.267320e-01 8.640000e-04 3.724040e-01
391 6.266000e-01 8.320000e-04 3.725680e-01
392 6.264400e-01 8.400000e-04 3.727200e-01
393 6.262960e-01 8.200000e-04 3.728840e-01
394 6.260920e-01 9.040000e-04 3.730040e-01
395 6.259440e-01 8.720000e-04 3.731840e-01
396 6.258600e-01 8.440000e-04 3.732960e-01
397 6.257000e-01 8.400000e-04 3.734600e-01
398 6.255480e-01 8.480000e-04 3.736040e-01
399 6.253960e-01 8.680000e-04 3.737360e-01
400 6.252240e-01 9.000000e-04 3.738760e-01
401 6.250480e-01 9.520000e-04 3.740000e-01
402 6.248640e-01 9.480000e-04 3.741880e-01
403 6.247080e-01 9.640000e-04 3.743280e-01
404 6.245200e-01 9.640000e-04 3.745160e-01
405 6.243640e-01 1.000000e-03 3.746360e-01
406 6.241880e-01 1.012000e-03 3.748000e-01
407 6.240120e-01 1.004000e-03 3.749840e-01
408 6.238480e-01 1.008000e-03 3.751440e-01
409 6.236920e-01 9.800000e-04 3.753280e-01
410 6.235400e-01 9.920000e-04 3.754680e-01
411 6.233720e-01 9.840000e-04 3.756440e-01
412 6.232360e-01 9.400000e-04 3.758240e-01
413 6.230440e-01 9.920000e-04 3.759640e-01
414 6.229160e-01 8.920000e-04 3.761920e-01
415 6.227560e-01 9.160000e-04 3.763280e-01
416 6.226320e-01 8.960000e-04 3.764720e-01
417 6.224800e-01 9.000000e-04 3.766200e-01
418 6.223560e-01 8.840000e-04 3.767600e-01
419 6.222000e-01 8.600000e-04 3.769400e-01
420 6.220360e-01 8.800000e-04 3.770840e-01
421 6.218240e-01 9.560000e-04 3.772200e-01
422 6.216920e-01 9.480000e-04 3.773600e-01
423 6.215520e-01 9.720000e-04 3.774760e-01
424 6.213880e-01 9.520000e-04 3.776600e-01
425 6.212880e-01 8.760000e-04 3.778360e-01
426 6.211760e-01 8.400000e-04 3.779840e-01
427 6.210760e-01 7.880000e-04 3.781360e-01
428 6.209800e-01 7.840000e-04 3.782360e-01
429 6.208240e-01 7.960000e-04 3.783800e-01
430 6.207000e-01 8.040000e-04 3.784960e-01
431 6.206080e-01 7.880000e-04 3.786040e-01
432 6.205160e-01 7.360000e-04 3.787480e-01
433 6.204360e-01 6.960000e-04 3.788680e-01
434 6.203520e-01 6.760000e-04 3.789720e-01
435 6.202840e-01 6.120000e-04 3.791040e-01
436 6.202120e-01 5.800000e-04 3.792080e-01
437 6.201680e-01 5.320000e-04 3.793000e-01
438 6.200920e-01 5.240000e-04 3.793840e-01
439 6.200400e-01 4.720000e-04 3.794880e-01
440 6.199880e-01 4.520000e-04 3.795600e-01
441 6.199440e-01 3.800000e-04 3.796760e-01
442 6.198920e-01 3.680000e-04 3.797400e-01
443 6.198360e-01 3.760000e-04 3.797880e-01
444 6.197880e-01 3.480000e-04 3.798640e-01
445 6.197400e-01 3.320000e-04 3.799280e-01
446 6.196760e-01 3.240000e-04 3.800000e-01
447 6.196160e-01 3.120000e-04 3.800720e-01
448 6.195600e-01 3.280000e-04 3.801120e-01
449 6.195160e-01 3.080000e-04 3.801760e-01
450 6.194760e-01 2.880000e-04 3.802360e-01
451 6.194280e-01 2.640000e-04 3.803080e-01
452 6.193880e-01 2.400000e-04 3.803720e-01
453 6.193520e-01 2.280000e-04 3.804200e-01
454 6.193120e-01 2.320000e-04 3.804560e-01
455 6.192720e-01 2.120000e-04 3.805160e-01
456 6.192560e-01 1.920000e-04 3.805520e-01
457 6.191960e-01 2.360000e-04 3.805680e-01
458 6.191360e-01 2.560000e-04 3.806080e-01
459 6.190760e-01 2.600000e-04 3.806640e-01
460 6.190440e-01 2.360000e-04 3.807200e-01
461 6.189840e-01 2.400000e-04 3.807760e-01
462 6.189400e-01 2.320000e-04 3.808280e-01
463 6.188880e-01 2.360000e-04 3.808760e-01
464 6.188360e-01 2.440000e-04 3.809200e-01
465 6.187760e-01 2.480000e-04 3.809760e-01
466 6.187240e-01 2.480000e-04 3.810280e-01
467 6.186720e-01 2.760000e-04 3.810520e-01
468 6.185960e-01 2.960000e-04 3.811080e-01
469 6.185480e-01 2.640000e-04 3.811880e-01
470 6.185080e-01 2.600000e-04 3.812320e-01
471 6.184760e-01 2.560000e-04 3.812680e-01
472 6.184440e-01 2.520000e-04 3.813040e-01
473 6.184040e-01 2.320000e-04 3.813640e-01
474 6.183560e-01 2.440000e-04 3.814000e-01
475 6.183320e-01 2.400000e-04 3.814280e-01
476 6.183000e-01 2.120000e-04 3.814880e-01
477 6.182840e-01 1.840000e-04 3.815320e-01
478 6.182360e-01 2.040000e-04 3.815600e-01
479 6.182120e-01 2.120000e-04 3.815760e-01
480 6.182000e-01 2.000000e-04 3.816000e-01
481 6.181800e-01 1.840000e-04 3.816360e-01
482 6.181720e-01 1.640000e-04 3.816640e-01
483 6.181440e-01 1.600000e-04 3.816960e-01
484 6.181160e-01 1.520000e-04 3.817320e-01
485 6.180920e-01 1.440000e-04 3.817640e-01
486 6.180640e-01 1.440000e-04 3.817920e-01
487 6.180440e-01 1.160000e-04 3.818400e-01
488 6.180240e-01 1.240000e-04 3.818520e-01
489 6.180040e-01 1.320000e-04 3.818640e-01
490 6.180000e-01 1.080000e-04 3.818920e-01
491 6.179840e-01 1.120000e-04 3.819040e-01
492 6.179760e-01 9.600000e-05 3.819280e-01
493 6.179680e-01 1.000000e-04 3.819320e-01
494 6.179680e-01 8.000000e-05 3.819520e-01
495 6.179520e-01 8.000000e-05 3.819680e-01
496 6.179520e-01 7.200000e-05 3.819760e-01
497 6.179360e-01 8.000000e-05 3.819840e-01
498 6.179280e-01 8.000000e-05 3.819920e-01
499 6.179200e-01 7.600000e-05 3.820040e-01
500 6.179120e-01 6.000000e-05 3.820280e-01
