1 9.992320e-01 6.680000e-04 1.000000e-04
2 9.987280e-01 1.004000e-03 2.680000e-04
3 9.981080e-01 1.444000e-03 4.480000e-04
4 9.974280e-01 1.808000e-03 7.640000e-04
5 9.967080e-01 2.220000e-03 1.072000e-03
6 9.958960e-01 2.592000e-03 1.512000e-03
7 9.949840e-01 3.012000e-03 2.004000e-03
8 9.939880e-01 3.364000e-03 2.648000e-03
9 9.930080e-01 3.696000e-03 3.296000e-03
10 9.921000e-01 3.932000e-03 3.968000e-03
11 9.911600e-01 4.124000e-03 4.716000e-03
12 9.902200e-01 4.368000e-03 5.412000e-03
13 9.891840e-01 4.616000e-03 6.200000e-03
14 9.881080e-01 4.892000e-03 7.000000e-03
15 9.869600e-01 5.140000e-03 7.900000e-03
16 9.858120e-01 5.308000e-03 8.880000e-03
17 9.847320e-01 5.388000e-03 9.880000e-03
18 9.837120e-01 5.452000e-03 1.083600e-02
19 9.826400e-01 5.504000e-03 1.185600e-02
20 9.816200e-01 5.580000e-03 1.280000e-02
21 9.806480e-01 5.604000e-03 1.374800e-02
22 9.796160e-01 5.624000e-03 1.476000e-02
23 9.787400e-01 5.420000e-03 1.584000e-02
24 9.777240e-01 5.508000e-03 1.676800e-02
25 9.767680e-01 5.448000e-03 1.778400e-02
26 9.756480e-01 5.672000e-03 1.868000e-02
27 9.745200e-01 5.868000e-03 1.961200e-02
28 9.732120e-01 6.120000e-03 2.066800e-02
29 9.719680e-01 6.328000e-03 2.170400e-02
30 9.706400e-01 6.652000e-03 2.270800e-02
31 9.693600e-01 6.756000e-03 2.388400e-02
32 9.681800e-01 6.732000e-03 2.508800e-02
33 9.669440e-01 6.716000e-03 2.634000e-02
34 9.655400e-01 6.828000e-03 2.763200e-02
35 9.641840e-01 7.028000e-03 2.878800e-02
36 9.627720e-01 7.172000e-03 3.005600e-02
37 9.613920e-01 7.192000e-03 3.141600e-02
38 9.600440e-01 7.280000e-03 3.267600e-02
39 9.586560e-01 7.368000e-03 3.397600e-02
40 9.574040e-01 7.372000e-03 3.522400e-02
41 9.559040e-01 7.648000e-03 3.644800e-02
42 9.544120e-01 7.768000e-03 3.782000e-02
43 9.529360e-01 7.820000e-03 3.924400e-02
44 9.515760e-01 7.760000e-03 4.066400e-02
45 9.501400e-01 7.808000e-03 4.205200e-02
46 9.488840e-01 7.816000e-03 4.330000e-02
47 9.474960e-01 7.912000e-03 4.459200e-02
48 9.461120e-01 7.956000e-03 4.593200e-02
49 9.446760e-01 7.908000e-03 4.741600e-02
50 9.432560e-01 7.904000e-03 4.884000e-02
51 9.417760e-01 7.988000e-03 5.023600e-02
52 9.402760e-01 8.112000e-03 5.161200e-02
53 9.390040e-01 7.976000e-03 5.302000e-02
54 9.376160e-01 8.032000e-03 5.435200e-02
55 9.361600e-01 8.088000e-03 5.575200e-02
56 9.346440e-01 7.992000e-03 5.736400e-02
57 9.332040e-01 8.044000e-03 5.875200e-02
58 9.317840e-01 8.112000e-03 6.010400e-02
59 9.301680e-01 8.372000e-03 6.146000e-02
60 9.286120e-01 8.568000e-03 6.282000e-02
61 9.268600e-01 8.844000e-03 6.429600e-02
62 9.251680e-01 8.888000e-03 6.594400e-02
63 9.235320e-01 8.924000e-03 6.754400e-02
64 9.220440e-01 8.904000e-03 6.905200e-02
65 9.203680e-01 9.032000e-03 7.060000e-02
66 9.189160e-01 9.064000e-03 7.202000e-02
67 9.171080e-01 9.340000e-03 7.355200e-02
68 9.155560e-01 9.356000e-03 7.508800e-02
69 9.139880e-01 9.184000e-03 7.682800e-02
70 9.122840e-01 9.384000e-03 7.833200e-02
71 9.105880e-01 9.372000e-03 8.004000e-02
72 9.087160e-01 9.736000e-03 8.154800e-02
73 9.070760e-01 9.692000e-03 8.323200e-02
74 9.053480e-01 9.696000e-03 8.495600e-02
75 9.036800e-01 9.688000e-03 8.663200e-02
76 9.022520e-01 9.352000e-03 8.839600e-02
77 9.005720e-01 9.460000e-03 8.996800e-02
78 8.989440e-01 9.356000e-03 9.170000e-02
79 8.974880e-01 9.072000e-03 9.344000e-02
80 8.959320e-01 9.020000e-03 9.504800e-02
81 8.944840e-01 8.760000e-03 9.675600e-02
82 8.929000e-01 8.860000e-03 9.824000e-02
83 8.913880e-01 8.804000e-03 9.980800e-02
84 8.899400e-01 8.620000e-03 1.014400e-01
85 8.885240e-01 8.532000e-03 1.029440e-01
86 8.871120e-01 8.552000e-03 1.043360e-01
87 8.856440e-01 8.568000e-03 1.057880e-01
88 8.841920e-01 8.492000e-03 1.073160e-01
89 8.828680e-01 8.356000e-03 1.087760e-01
90 8.815680e-01 8.156000e-03 1.102760e-01
91 8.803080e-01 7.996000e-03 1.116960e-01
92 8.790840e-01 7.748000e-03 1.131680e-01
93 8.777000e-01 7.856000e-03 1.144440e-01
94 8.763120e-01 7.796000e-03 1.158920e-01
95 8.750080e-01 7.700000e-03 1.172920e-01
96 8.738320e-01 7.548000e-03 1.186200e-01
97 8.725640e-01 7.388000e-03 1.200480e-01
98 8.713880e-01 7.232000e-03 1.213800e-01
99 8.702560e-01 7.056000e-03 1.226880e-01
100 8.690640e-01 7.096000e-03 1.238400e-01
101 8.679000e-01 7.052000e-03 1.250480e-01
102 8.667560e-01 6.960000e-03 1.262840e-01
103 8.656320e-01 6.916000e-03 1.274520e-01
104 8.645560e-01 6.796000e-03 1.286480e-01
105 8.636560e-01 6.500000e-03 1.298440e-01
106 8.625720e-01 6.420000e-03 1.310080e-01
107 8.614760e-01 6.420000e-03 1.321040e-01
108 8.602920e-01 6.392000e-03 1.333160e-01
109 8.591760e-01 6.444000e-03 1.343800e-01
110 8.579440e-01 6.692000e-03 1.353640e-01
111 8.567920e-01 6.720000e-03 1.364880e-01
112 8.555920e-01 6.812000e-03 1.375960e-01
113 8.543000e-01 6.876000e-03 1.388240e-01
114 8.531160e-01 6.872000e-03 1.400120e-01
115 8.519040e-01 6.892000e-03 1.412040e-01
116 8.507280e-01 6.928000e-03 1.423440e-01
117 8.493840e-01 6.984000e-03 1.436320e-01
118 8.482800e-01 6.864000e-03 1.448560e-01
119 8.470120e-01 6.828000e-03 1.461600e-01
120 8.459480e-01 6.696000e-03 1.473560e-01
121 8.447920e-01 6.680000e-03 1.485280e-01
122 8.435680e-01 6.772000e-03 1.496600e-01
123 8.424200e-01 6.660000e-03 1.509200e-01
124 8.413760e-01 6.604000e-03 1.520200e-01
125 8.403280e-01 6.500000e-03 1.531720e-01
126 8.393320e-01 6.396000e-03 1.542720e-01
127 8.381720e-01 6.440000e-03 1.553880e-01
128 8.372360e-01 6.292000e-03 1.564720e-01
129 8.361560e-01 6.344000e-03 1.575000e-01
130 8.350280e-01 6.368000e-03 1.586040e-01
131 8.338360e-01 6.376000e-03 1.597880e-01
132 8.327000e-01 6.384000e-03 1.609160e-01
133 8.315720e-01 6.260000e-03 1.621680e-01
134 8.304240e-01 6.324000e-03 1.632520e-01
135 8.292920e-01 6.368000e-03 1.643400e-01
136 8.280480e-01 6.576000e-03 1.653760e-01
137 8.268080e-01 6.680000e-03 1.665120e-01
138 8.255800e-01 6.640000e-03 1.677800e-01
139 8.244080e-01 6.612000e-03 1.689800e-01
140 8.232640e-01 6.588000e-03 1.701480e-01
141 8.221800e-01 6.468000e-03 1.713520e-01
142 8.211240e-01 6.336000e-03 1.725400e-01
143 8.198920e-01 6.468000e-03 1.736400e-01
144 8.188760e-01 6.352000e-03 1.747720e-01
145 8.178080e-01 6.360000e-03 1.758320e-01
146 8.167680e-01 6.248000e-03 1.769840e-01
147 8.157840e-01 6.192000e-03 1.780240e-01
148 8.147160e-01 6.156000e-03 1.791280e-01
149 8.137640e-01 6.128000e-03 1.801080e-01
150 8.126680e-01 6.176000e-03 1.811560e-01
151 8.114640e-01 6.252000e-03 1.822840e-01
152 8.103920e-01 6.184000e-03 1.834240e-01
153 8.093960e-01 6.008000e-03 1.845960e-01
154 8.085200e-01 5.956000e-03 1.855240e-01
155 8.075320e-01 5.928000e-03 1.865400e-01
156 8.065080e-01 6.020000e-03 1.874720e-01
157 8.055040e-01 5.920000e-03 1.885760e-01
158 8.045560e-01 5.724000e-03 1.897200e-01
159 8.036000e-01 5.672000e-03 1.907280e-01
160 8.025520e-01 5.660000e-03 1.917880e-01
161 8.015400e-01 5.716000e-03 1.927440e-01
162 8.005040e-01 5.752000e-03 1.937440e-01
163 7.993600e-01 5.892000e-03 1.947480e-01
164 7.983120e-01 5.740000e-03 1.959480e-01
165 7.973160e-01 5.792000e-03 1.968920e-01
166 7.962440e-01 5.828000e-03 1.979280e-01
167 7.952680e-01 5.744000e-03 1.989880e-01
168 7.942760e-01 5.772000e-03 1.999520e-01
169 7.933520e-01 5.588000e-03 2.010600e-01
170 7.923680e-01 5.560000e-03 2.020720e-01
171 7.914440e-01 5.472000e-03 2.030840e-01
172 7.904080e-01 5.524000e-03 2.040680e-01
173 7.892200e-01 5.856000e-03 2.049240e-01
174 7.881000e-01 5.952000e-03 2.059480e-01
175 7.869920e-01 5.900000e-03 2.071080e-01
176 7.858840e-01 5.956000e-03 2.081600e-01
177 7.848280e-01 5.952000e-03 2.092200e-01
178 7.837080e-01 6.000000e-03 2.102920e-01
179 7.825720e-01 6.052000e-03 2.113760e-01
180 7.814920e-01 6.104000e-03 2.124040e-01
181 7.804320e-01 5.996000e-03 2.135720e-01
182 7.794200e-01 5.980000e-03 2.146000e-01
183 7.785840e-01 5.712000e-03 2.157040e-01
184 7.776480e-01 5.644000e-03 2.167080e-01
185 7.767160e-01 5.620000e-03 2.176640e-01
186 7.757120e-01 5.644000e-03 2.186440e-01
187 7.747760e-01 5.636000e-03 2.195880e-01
188 7.738320e-01 5.608000e-03 2.205600e-01
189 7.729600e-01 5.516000e-03 2.215240e-01
190 7.721120e-01 5.440000e-03 2.224480e-01
191 7.711760e-01 5.472000e-03 2.233520e-01
192 7.702520e-01 5.460000e-03 2.242880e-01
193 7.692160e-01 5.532000e-03 2.252520e-01
194 7.683360e-01 5.436000e-03 2.262280e-01
195 7.673000e-01 5.524000e-03 2.271760e-01
196 7.663200e-01 5.492000e-03 2.281880e-01
197 7.653800e-01 5.520000e-03 2.291000e-01
198 7.644040e-01 5.488000e-03 2.301080e-01
199 7.634960e-01 5.504000e-03 2.310000e-01
200 7.625840e-01 5.528000e-03 2.318880e-01
201 7.618200e-01 5.372000e-03 2.328080e-01
202 7.610440e-01 5.288000e-03 2.336680e-01
203 7.602440e-01 5.232000e-03 2.345240e-01
204 7.594160e-01 5.168000e-03 2.354160e-01
205 7.586200e-01 5.144000e-03 2.362360e-01
206 7.577960e-01 5.132000e-03 2.370720e-01
207 7.569680e-01 5.084000e-03 2.379480e-01
208 7.561640e-01 5.008000e-03 2.388280e-01
209 7.554240e-01 4.900000e-03 2.396760e-01
210 7.545920e-01 4.988000e-03 2.404200e-01
211 7.538440e-01 4.852000e-03 2.413040e-01
212 7.530080e-01 4.840000e-03 2.421520e-01
213 7.521600e-01 4.832000e-03 2.430080e-01
214 7.515280e-01 4.572000e-03 2.439000e-01
215 7.508240e-01 4.528000e-03 2.446480e-01
216 7.500520e-01 4.476000e-03 2.454720e-01
217 7.493160e-01 4.468000e-03 2.462160e-01
218 7.485720e-01 4.340000e-03 2.470880e-01
219 7.478440e-01 4.320000e-03 2.478360e-01
220 7.471560e-01 4.200000e-03 2.486440e-01
221 7.464640e-01 4.112000e-03 2.494240e-01
222 7.457880e-01 4.044000e-03 2.501680e-01
223 7.451080e-01 4.036000e-03 2.508560e-01
224 7.443280e-01 4.096000e-03 2.515760e-01
225 7.435600e-01 4.180000e-03 2.522600e-01
226 7.429160e-01 3.980000e-03 2.531040e-01
227 7.422680e-01 3.916000e-03 2.538160e-01
228 7.415560e-01 3.920000e-03 2.545240e-01
229 7.409360e-01 3.888000e-03 2.551760e-01
230 7.401560e-01 3.920000e-03 2.559240e-01
231 7.395600e-01 3.840000e-03 2.566000e-01
232 7.390040e-01 3.772000e-03 2.572240e-01
233 7.383840e-01 3.708000e-03 2.579080e-01
234 7.377960e-01 3.656000e-03 2.585480e-01
235 7.371240e-01 3.724000e-03 2.591520e-01
236 7.363840e-01 3.792000e-03 2.598240e-01
237 7.356000e-01 3.960000e-03 2.604400e-01
238 7.348200e-01 4.060000e-03 2.611200e-01
239 7.341160e-01 4.076000e-03 2.618080e-01
240 7.334320e-01 4.056000e-03 2.625120e-01
241 7.328760e-01 3.944000e-03 2.631800e-01
242 7.322240e-01 3.844000e-03 2.639320e-01
243 7.315920e-01 3.764000e-03 2.646440e-01
244 7.309840e-01 3.600000e-03 2.654160e-01
245 7.303840e-01 3.584000e-03 2.660320e-01
246 7.297800e-01 3.512000e-03 2.667080e-01
247 7.291640e-01 3.576000e-03 2.672600e-01
248 7.286160e-01 3.460000e-03 2.679240e-01
249 7.280520e-01 3.396000e-03 2.685520e-01
250 7.275440e-01 3.292000e-03 2.691640e-01
251 7.270560e-01 3.128000e-03 2.698160e-01
252 7.264280e-01 3.280000e-03 2.702920e-01
253 7.258760e-01 3.300000e-03 2.708240e-01
254 7.252720e-01 3.304000e-03 2.714240e-01
255 7.247240e-01 3.264000e-03 2.720120e-01
256 7.242280e-01 3.280000e-03 2.724920e-01
257 7.236840e-01 3.276000e-03 2.730400e-01
258 7.230920e-01 3.256000e-03 2.736520e-01
259 7.224280e-01 3.372000e-03 2.742000e-01
260 7.218120e-01 3.360000e-03 2.748280e-01
261 7.212480e-01 3.336000e-03 2.754160e-01
262 7.207240e-01 3.236000e-03 2.760400e-01
263 7.201960e-01 3.188000e-03 2.766160e-01
264 7.196440e-01 3.288000e-03 2.770680e-01
265 7.190840e-01 3.264000e-03 2.776520e-01
266 7.184920e-01 3.296000e-03 2.782120e-01
267 7.179320e-01 3.340000e-03 2.787280e-01
268 7.173640e-01 3.280000e-03 2.793560e-01
269 7.167920e-01 3.308000e-03 2.799000e-01
270 7.162440e-01 3.240000e-03 2.805160e-01
271 7.157120e-01 3.292000e-03 2.809960e-01
272 7.151000e-01 3.320000e-03 2.815800e-01
273 7.144880e-01 3.316000e-03 2.821960e-01
274 7.138960e-01 3.300000e-03 2.828040e-01
275 7.133640e-01 3.200000e-03 2.834360e-01
276 7.128160e-01 3.204000e-03 2.839800e-01
277 7.122000e-01 3.180000e-03 2.846200e-01
278 7.116600e-01 3.188000e-03 2.851520e-01
279 7.110680e-01 3.244000e-03 2.856880e-01
280 7.105520e-01 3.192000e-03 2.862560e-01
281 7.099680e-01 3.208000e-03 2.868240e-01
282 7.094200e-01 3.168000e-03 2.874120e-01
283 7.088800e-01 3.136000e-03 2.879840e-01
284 7.084480e-01 3.036000e-03 2.885160e-01
285 7.079840e-01 2.980000e-03 2.890360e-01
286 7.074520e-01 2.936000e-03 2.896120e-01
287 7.069160e-01 2.956000e-03 2.901280e-01
288 7.064040e-01 2.912000e-03 2.906840e-01
289 7.060280e-01 2.800000e-03 2.911720e-01
290 7.055560e-01 2.832000e-03 2.916120e-01
291 7.050680e-01 2.856000e-03 2.920760e-01
292 7.044560e-01 2.904000e-03 2.926400e-01
293 7.039160e-01 2.944000e-03 2.931400e-01
294 7.032840e-01 3.128000e-03 2.935880e-01
295 7.027480e-01 3.116000e-03 2.941360e-01
296 7.022600e-01 3.084000e-03 2.946560e-01
297 7.017720e-01 3.032000e-03 2.951960e-01
298 7.013160e-01 2.972000e-03 2.957120e-01
299 7.007960e-01 3.004000e-03 2.962000e-01
300 7.003240e-01 3.020000e-03 2.966560e-01
301 6.997800e-01 3.048000e-03 2.971720e-01
302 6.993280e-01 3.036000e-03 2.976360e-01
303 6.988960e-01 2.956000e-03 2.981480e-01
304 6.984240e-01 2.928000e-03 2.986480e-01
305 6.979840e-01 2.916000e-03 2.991000e-01
306 6.974160e-01 2.984000e-03 2.996000e-01
307 6.969600e-01 2.992000e-03 3.000480e-01
308 6.965680e-01 2.904000e-03 3.005280e-01
309 6.961600e-01 2.804000e-03 3.010360e-01
310 6.957880e-01 2.768000e-03 3.014440e-01
311 6.954640e-01 2.544000e-03 3.019920e-01
312 6.951040e-01 2.480000e-03 3.024160e-01
313 6.947280e-01 2.452000e-03 3.028200e-01
314 6.943000e-01 2.496000e-03 3.032040e-01
315 6.939280e-01 2.412000e-03 3.036600e-01
316 6.936160e-01 2.328000e-03 3.040560e-01
317 6.932360e-01 2.304000e-03 3.044600e-01
318 6.928920e-01 2.256000e-03 3.048520e-01
319 6.925000e-01 2.320000e-03 3.051800e-01
320 6.920800e-01 2.344000e-03 3.055760e-01
321 6.916360e-01 2.400000e-03 3.059640e-01
322 6.912200e-01 2.424000e-03 3.063560e-01
323 6.907960e-01 2.404000e-03 3.068000e-01
324 6.904120e-01 2.404000e-03 3.071840e-01
325 6.900920e-01 2.276000e-03 3.076320e-01
326 6.897440e-01 2.264000e-03 3.079920e-01
327 6.894040e-01 2.236000e-03 3.083600e-01
328 6.890920e-01 2.188000e-03 3.087200e-01
329 6.887360e-01 2.172000e-03 3.090920e-01
330 6.883360e-01 2.140000e-03 3.095240e-01
331 6.878920e-01 2.140000e-03 3.099680e-01
332 6.875400e-01 2.132000e-03 3.103280e-01
333 6.871920e-01 2.112000e-03 3.106960e-01
334 6.868240e-01 2.052000e-03 3.111240e-01
335 6.865240e-01 1.976000e-03 3.115000e-01
336 6.861880e-01 1.916000e-03 3.118960e-01
337 6.858120e-01 1.932000e-03 3.122560e-01
338 6.854840e-01 1.904000e-03 3.126120e-01
339 6.851120e-01 1.948000e-03 3.129400e-01
340 6.847880e-01 1.908000e-03 3.133040e-01
341 6.843880e-01 2.008000e-03 3.136040e-01
342 6.840120e-01 1.968000e-03 3.140200e-01
343 6.836800e-01 1.912000e-03 3.144080e-01
344 6.833320e-01 1.932000e-03 3.147360e-01
345 6.829040e-01 1.992000e-03 3.151040e-01
346 6.824920e-01 2.056000e-03 3.154520e-01
347 6.821240e-01 2.064000e-03 3.158120e-01
348 6.816760e-01 2.152000e-03 3.161720e-01
349 6.812760e-01 2.128000e-03 3.165960e-01
350 6.807920e-01 2.284000e-03 3.169240e-01
351 6.803320e-01 2.328000e-03 3.173400e-01
352 6.799360e-01 2.324000e-03 3.177400e-01
353 6.795560e-01 2.352000e-03 3.180920e-01
354 6.791240e-01 2.360000e-03 3.185160e-01
355 6.788240e-01 2.312000e-03 3.188640e-01
356 6.783440e-01 2.432000e-03 3.192240e-01
357 6.779520e-01 2.452000e-03 3.195960e-01
358 6.775320e-01 2.468000e-03 3.200000e-01
359 6.770400e-01 2.528000e-03 3.204320e-01
360 6.765880e-01 2.580000e-03 3.208320e-01
361 6.761640e-01 2.536000e-03 3.213000e-01
362 6.757360e-01 2.520000e-03 3.217440e-01
363 6.752000e-01 2.656000e-03 3.221440e-01
364 6.747040e-01 2.700000e-03 3.225960e-01
365 6.742600e-01 2.628000e-03 3.231120e-01
366 6.737880e-01 2.640000e-03 3.235720e-01
367 6.734120e-01 2.536000e-03 3.240520e-01
368 6.730400e-01 2.476000e-03 3.244840e-01
369 6.726280e-01 2.452000e-03 3.249200e-01
370 6.722960e-01 2.384000e-03 3.253200e-01
371 6.719080e-01 2.356000e-03 3.257360e-01
372 6.714880e-01 2.348000e-03 3.261640e-01
373 6.712000e-01 2.184000e-03 3.266160e-01
374 6.709360e-01 2.092000e-03 3.269720e-01
375 6.705760e-01 2.088000e-03 3.273360e-01
376 6.702800e-01 1.992000e-03 3.277280e-01
377 6.699240e-01 1.936000e-03 3.281400e-01
378 6.696440e-01 1.880000e-03 3.284760e-01
379 6.693320e-01 1.856000e-03 3.288120e-01
380 6.690400e-01 1.800000e-03 3.291600e-01
381 6.687000e-01 1.748000e-03 3.295520e-01
382 6.684280e-01 1.728000e-03 3.298440e-01
383 6.680520e-01 1.848000e-03 3.301000e-01
384 6.676480e-01 2.004000e-03 3.303480e-01
385 6.673560e-01 1.920000e-03 3.307240e-01
386 6.670120e-01 1.936000e-03 3.310520e-01
387 6.667440e-01 1.912000e-03 3.313440e-01
388 6.664400e-01 1.920000e-03 3.316400e-01
389 6.661480e-01 1.896000e-03 3.319560e-01
390 6.658400e-01 1.864000e-03 3.322960e-01
391 6.655240e-01 1.876000e-03 3.326000e-01
392 6.652080e-01 1.904000e-03 3.328880e-01
393 6.649120e-01 1.860000e-03 3.332280e-01
394 6.646400e-01 1.796000e-03 3.335640e-01
395 6.643520e-01 1.752000e-03 3.338960e-01
396 6.640560e-01 1.728000e-03 3.342160e-01
397 6.638400e-01 1.644000e-03 3.345160e-01
398 6.635800e-01 1.592000e-03 3.348280e-01
399 6.633440e-01 1.524000e-03 3.351320e-01
400 6.630920e-01 1.520000e-03 3.353880e-01
401 6.628360e-01 1.460000e-03 3.357040e-01
402 6.626000e-01 1.432000e-03 3.359680e-01
403 6.623240e-01 1.408000e-03 3.362680e-01
404 6.620720e-01 1.432000e-03 3.364960e-01
405 6.618960e-01 1.368000e-03 3.367360e-01
406 6.616480e-01 1.384000e-03 3.369680e-01
407 6.614200e-01 1.376000e-03 3.372040e-01
408 6.611680e-01 1.432000e-03 3.374000e-01
409 6.609040e-01 1.440000e-03 3.376560e-01
410 6.606920e-01 1.440000e-03 3.378680e-01
411 6.604880e-01 1.436000e-03 3.380760e-01
412 6.602800e-01 1.372000e-03 3.383480e-01
413 6.600480e-01 1.376000e-03 3.385760e-01
414 6.597120e-01 1.432000e-03 3.388560e-01
415 6.594320e-01 1.452000e-03 3.391160e-01
416 6.591280e-01 1.492000e-03 3.393800e-01
417 6.587880e-01 1.604000e-03 3.396080e-01
418 6.585520e-01 1.612000e-03 3.398360e-01
419 6.583160e-01 1.580000e-03 3.401040e-01
420 6.580480e-01 1.628000e-03 3.403240e-01
421 6.577480e-01 1.596000e-03 3.406560e-01
422 6.575280e-01 1.480000e-03 3.409920e-01
423 6.572680e-01 1.472000e-03 3.412600e-01
424 6.570640e-01 1.388000e-03 3.415480e-01
425 6.568000e-01 1.388000e-03 3.418120e-01
426 6.565080e-01 1.412000e-03 3.420800e-01
427 6.561640e-01 1.552000e-03 3.422840e-01
428 6.558720e-01 1.600000e-03 3.425280e-01
429 6.555760e-01 1.652000e-03 3.427720e-01
430 6.552920e-01 1.660000e-03 3.430480e-01
431 6.550360e-01 1.644000e-03 3.433200e-01
432 6.547520e-01 1.636000e-03 3.436120e-01
433 6.544320e-01 1.616000e-03 3.439520e-01
434 6.541040e-01 1.636000e-03 3.442600e-01
435 6.538520e-01 1.584000e-03 3.445640e-01
436 6.536280e-01 1.552000e-03 3.448200e-01
437 6.533840e-01 1.512000e-03 3.451040e-01
438 6.531040e-01 1.524000e-03 3.453720e-01
439 6.528840e-01 1.452000e-03 3.456640e-01
440 6.526040e-01 1.492000e-03 3.459040e-01
441 6.523000e-01 1.460000e-03 3.462400e-01
442 6.520040e-01 1.464000e-03 3.465320e-01
443 6.517920e-01 1.396000e-03 3.468120e-01
444 6.515600e-01 1.380000e-03 3.470600e-01
445 6.513400e-01 1.360000e-03 3.473000e-01
446 6.511280e-01 1.340000e-03 3.475320e-01
447 6.509040e-01 1.344000e-03 3.477520e-01
448 6.507200e-01 1.324000e-03 3.479560e-01
449 6.504640e-01 1.344000e-03 3.481920e-01
450 6.502080e-01 1.372000e-03 3.484200e-01
451 6.499160e-01 1.496000e-03 3.485880e-01
452 6.496760e-01 1.444000e-03 3.488800e-01
453 6.494680e-01 1.392000e-03 3.491400e-01
454 6.492560e-01 1.332000e-03 3.494120e-01
455 6.490120e-01 1.340000e-03 3.496480e-01
456 6.487680e-01 1.348000e-03 3.498840e-01
457 6.485000e-01 1.400000e-03 3.501000e-01
458 6.481800e-01 1.488000e-03 3.503320e-01
459 6.479080e-01 1.460000e-03 3.506320e-01
460 6.477280e-01 1.356000e-03 3.509160e-01
461 6.475520e-01 1.328000e-03 3.511200e-01
462 6.473720e-01 1.308000e-03 3.513200e-01
463 6.472120e-01 1.236000e-03 3.515520e-01
464 6.470520e-01 1.200000e-03 3.517480e-01
465 6.468840e-01 1.200000e-03 3.519160e-01
466 6.467160e-01 1.172000e-03 3.521120e-01
467 6.465440e-01 1.160000e-03 3.522960e-01
468 6.463120e-01 1.228000e-03 3.524600e-01
469 6.460800e-01 1.284000e-03 3.526360e-01
470 6.458800e-01 1.256000e-03 3.528640e-01
471 6.456920e-01 1.208000e-03 3.531000e-01
472 6.455120e-01 1.152000e-03 3.533360e-01
473 6.453920e-01 1.108000e-03 3.535000e-01
474 6.451200e-01 1.168000e-03 3.537120e-01
475 6.449560e-01 1.104000e-03 3.539400e-01
476 6.448240e-01 1.076000e-03 3.541000e-01
477 6.446880e-01 9.680000e-04 3.543440e-01
478 6.445320e-01 9.440000e-04 3.545240e-01
479 6.443840e-01 9.280000e-04 3.546880e-01
480 6.442080e-01 9.040000e-04 3.548880e-01
481 6.440600e-01 8.760000e-04 3.550640e-01
482 6.438920e-01 9.040000e-04 3.552040e-01
483 6.437840e-01 8.600000e-04 3.553560e-01
484 6.436840e-01 8.320000e-04 3.554840e-01
485 6.435400e-01 8.200000e-04 3.556400e-01
486 6.434040e-01 8.640000e-04 3.557320e-01
487 6.432680e-01 8.480000e-04 3.558840e-01
488 6.431280e-01 8.240000e-04 3.560480e-01
489 6.430280e-01 8.040000e-04 3.561680e-01
490 6.429520e-01 7.160000e-04 3.563320e-01
491 6.428600e-01 6.680000e-04 3.564720e-01
492 6.427880e-01 6.240000e-04 3.565880e-01
493 6.427240e-01 6.120000e-04 3.566640e-01
494 6.426560e-01 5.720000e-04 3.567720e-01
495 6.425680e-01 5.720000e-04 3.568600e-01
496 6.425120e-01 5.120000e-04 3.569760e-01
497 6.423960e-01 5.600000e-04 3.570440e-01
498 6.422760e-01 5.760000e-04 3.571480e-01
499 6.421840e-01 5.960000e-04 3.572200e-01
500 6.420640e-01 6.280000e-04 3.573080e-01
