1 9.992000e-01 6.840000e-04 1.160000e-04
2 9.985600e-01 1.164000e-03 2.760000e-04
3 9.979600e-01 1.536000e-03 5.040000e-04
4 9.971480e-01 2.052000e-03 8.000000e-04
5 9.962880e-01 2.464000e-03 1.248000e-03
6 9.953680e-01 2.888000e-03 1.744000e-03
7 9.944720e-01 3.248000e-03 2.280000e-03
8 9.933960e-01 3.784000e-03 2.820000e-03
9 9.924280e-01 4.056000e-03 3.516000e-03
10 9.912120e-01 4.548000e-03 4.240000e-03
11 9.899400e-01 5.004000e-03 5.056000e-03
12 9.887560e-01 5.284000e-03 5.960000e-03
13 9.876200e-01 5.492000e-03 6.888000e-03
14 9.863960e-01 5.672000e-03 7.932000e-03
15 9.850200e-01 6.056000e-03 8.924000e-03
16 9.837840e-01 6.240000e-03 9.976000e-03
17 9.825920e-01 6.360000e-03 1.104800e-02
18 9.811200e-01 6.816000e-03 1.206400e-02
19 9.797080e-01 7.020000e-03 1.327200e-02
20 9.782160e-01 7.228000e-03 1.455600e-02
21 9.766760e-01 7.448000e-03 1.587600e-02
22 9.749760e-01 7.876000e-03 1.714800e-02
23 9.733440e-01 8.088000e-03 1.856800e-02
24 9.717600e-01 8.140000e-03 2.010000e-02
25 9.700720e-01 8.300000e-03 2.162800e-02
26 9.684640e-01 8.340000e-03 2.319600e-02
27 9.668120e-01 8.476000e-03 2.471200e-02
28 9.651160e-01 8.720000e-03 2.616400e-02
29 9.634360e-01 8.828000e-03 2.773600e-02
30 9.616960e-01 9.136000e-03 2.916800e-02
31 9.599240e-01 9.304000e-03 3.077200e-02
32 9.583160e-01 9.212000e-03 3.247200e-02
33 9.566800e-01 9.204000e-03 3.411600e-02
34 9.549080e-01 9.352000e-03 3.574000e-02
35 9.530360e-01 9.668000e-03 3.729600e-02
36 9.511560e-01 9.856000e-03 3.898800e-02
37 9.492160e-01 1.007600e-02 4.070800e-02
38 9.472200e-01 1.014800e-02 4.263200e-02
39 9.454040e-01 1.017600e-02 4.442000e-02
40 9.435480e-01 1.022000e-02 4.623200e-02
41 9.416480e-01 1.026400e-02 4.808800e-02
42 9.397840e-01 1.042000e-02 4.979600e-02
43 9.379120e-01 1.054000e-02 5.154800e-02
44 9.358880e-01 1.089200e-02 5.322000e-02
45 9.340040e-01 1.092000e-02 5.507600e-02
46 9.321760e-01 1.070000e-02 5.712400e-02
47 9.301880e-01 1.078800e-02 5.902400e-02
48 9.281640e-01 1.096800e-02 6.086800e-02
49 9.263320e-01 1.076800e-02 6.290000e-02
50 9.245080e-01 1.050000e-02 6.499200e-02
51 9.226640e-01 1.040800e-02 6.692800e-02
52 9.207600e-01 1.052400e-02 6.871600e-02
53 9.189040e-01 1.047200e-02 7.062400e-02
54 9.170760e-01 1.042800e-02 7.249600e-02
55 9.151160e-01 1.053200e-02 7.435200e-02
56 9.132080e-01 1.059600e-02 7.619600e-02
57 9.111760e-01 1.075600e-02 7.806800e-02
58 9.092320e-01 1.069600e-02 8.007200e-02
59 9.074680e-01 1.052400e-02 8.200800e-02
60 9.056200e-01 1.054400e-02 8.383600e-02
61 9.039480e-01 1.044800e-02 8.560400e-02
62 9.022320e-01 1.018800e-02 8.758000e-02
63 9.004920e-01 1.017200e-02 8.933600e-02
64 8.988400e-01 1.009600e-02 9.106400e-02
65 8.971320e-01 9.920000e-03 9.294800e-02
66 8.953840e-01 1.000000e-02 9.461600e-02
67 8.936360e-01 9.980000e-03 9.638400e-02
68 8.917880e-01 1.012400e-02 9.808800e-02
69 8.899680e-01 1.016800e-02 9.986400e-02
70 8.880840e-01 1.026000e-02 1.016560e-01
71 8.863160e-01 1.021200e-02 1.034720e-01
72 8.846320e-01 1.003200e-02 1.053360e-01
73 8.829040e-01 1.000800e-02 1.070880e-01
74 8.813440e-01 9.884000e-03 1.087720e-01
75 8.798240e-01 9.524000e-03 1.106520e-01
76 8.781840e-01 9.616000e-03 1.122000e-01
77 8.762800e-01 9.832000e-03 1.138880e-01
78 8.747080e-01 9.720000e-03 1.155720e-01
79 8.729000e-01 9.844000e-03 1.172560e-01
80 8.712360e-01 9.748000e-03 1.190160e-01
81 8.695200e-01 9.824000e-03 1.206560e-01
82 8.676920e-01 9.952000e-03 1.223560e-01
83 8.660000e-01 9.804000e-03 1.241960e-01
84 8.644840e-01 9.752000e-03 1.257640e-01
85 8.629320e-01 9.656000e-03 1.274120e-01
86 8.611040e-01 9.800000e-03 1.290960e-01
87 8.593920e-01 9.892000e-03 1.307160e-01
88 8.576000e-01 9.952000e-03 1.324480e-01
89 8.558480e-01 1.003600e-02 1.341160e-01
90 8.540240e-01 1.015200e-02 1.358240e-01
91 8.521840e-01 1.022000e-02 1.375960e-01
92 8.503520e-01 1.021600e-02 1.394320e-01
93 8.485920e-01 1.017200e-02 1.412360e-01
94 8.467800e-01 1.021200e-02 1.430080e-01
95 8.450560e-01 1.016400e-02 1.447800e-01
96 8.433600e-01 1.004800e-02 1.465920e-01
97 8.417120e-01 9.832000e-03 1.484560e-01
98 8.400080e-01 9.888000e-03 1.501040e-01
99 8.382240e-01 9.880000e-03 1.518960e-01
100 8.364200e-01 9.928000e-03 1.536520e-01
101 8.347400e-01 9.792000e-03 1.554680e-01
102 8.330320e-01 9.776000e-03 1.571920e-01
103 8.311240e-01 1.001600e-02 1.588600e-01
104 8.294160e-01 9.972000e-03 1.606120e-01
105 8.277280e-01 9.904000e-03 1.623680e-01
106 8.261480e-01 9.832000e-03 1.640200e-01
107 8.244880e-01 9.808000e-03 1.657040e-01
108 8.227960e-01 9.824000e-03 1.673800e-01
109 8.211640e-01 9.652000e-03 1.691840e-01
110 8.196160e-01 9.524000e-03 1.708600e-01
111 8.179200e-01 9.488000e-03 1.725920e-01
112 8.162240e-01 9.444000e-03 1.743320e-01
113 8.145480e-01 9.396000e-03 1.760560e-01
114 8.128680e-01 9.432000e-03 1.777000e-01
115 8.113360e-01 9.380000e-03 1.792840e-01
116 8.096200e-01 9.520000e-03 1.808600e-01
117 8.081200e-01 9.500000e-03 1.823800e-01
118 8.065600e-01 9.392000e-03 1.840480e-01
119 8.048920e-01 9.404000e-03 1.857040e-01
120 8.034600e-01 9.284000e-03 1.872560e-01
121 8.018800e-01 9.264000e-03 1.888560e-01
122 8.002480e-01 9.368000e-03 1.903840e-01
123 7.985880e-01 9.444000e-03 1.919680e-01
124 7.968760e-01 9.388000e-03 1.937360e-01
125 7.950920e-01 9.664000e-03 1.952440e-01
126 7.933200e-01 9.804000e-03 1.968760e-01
127 7.915400e-01 9.828000e-03 1.986320e-01
128 7.897720e-01 9.992000e-03 2.002360e-01
129 7.880560e-01 9.956000e-03 2.019880e-01
130 7.864920e-01 9.688000e-03 2.038200e-01
131 7.849520e-01 9.476000e-03 2.055720e-01
132 7.834960e-01 9.208000e-03 2.072960e-01
133 7.818600e-01 9.096000e-03 2.090440e-01
134 7.802680e-01 9.024000e-03 2.107080e-01
135 7.786840e-01 9.184000e-03 2.121320e-01
136 7.770920e-01 9.096000e-03 2.138120e-01
137 7.755160e-01 9.020000e-03 2.154640e-01
138 7.737960e-01 9.184000e-03 2.170200e-01
139 7.721480e-01 9.216000e-03 2.186360e-01
140 7.705800e-01 9.136000e-03 2.202840e-01
141 7.688800e-01 9.200000e-03 2.219200e-01
142 7.673600e-01 9.232000e-03 2.234080e-01
143 7.657600e-01 9.380000e-03 2.248600e-01
144 7.641920e-01 9.348000e-03 2.264600e-01
145 7.626680e-01 9.196000e-03 2.281360e-01
146 7.611680e-01 8.976000e-03 2.298560e-01
147 7.596720e-01 8.960000e-03 2.313680e-01
148 7.581280e-01 8.884000e-03 2.329880e-01
149 7.567080e-01 8.668000e-03 2.346240e-01
150 7.552720e-01 8.588000e-03 2.361400e-01
151 7.537880e-01 8.636000e-03 2.375760e-01
152 7.521240e-01 8.900000e-03 2.389760e-01
153 7.504080e-01 9.076000e-03 2.405160e-01
154 7.486720e-01 9.260000e-03 2.420680e-01
155 7.469040e-01 9.344000e-03 2.437520e-01
156 7.452960e-01 9.348000e-03 2.453560e-01
157 7.438080e-01 9.128000e-03 2.470640e-01
158 7.423200e-01 8.916000e-03 2.487640e-01
159 7.406280e-01 9.044000e-03 2.503280e-01
160 7.391680e-01 8.980000e-03 2.518520e-01
161 7.376960e-01 8.952000e-03 2.533520e-01
162 7.362280e-01 8.932000e-03 2.548400e-01
163 7.348120e-01 8.792000e-03 2.563960e-01
164 7.332720e-01 8.884000e-03 2.578440e-01
165 7.316240e-01 8.960000e-03 2.594160e-01
166 7.300360e-01 8.988000e-03 2.609760e-01
167 7.283560e-01 9.152000e-03 2.624920e-01
168 7.266920e-01 9.240000e-03 2.640680e-01
169 7.249360e-01 9.372000e-03 2.656920e-01
170 7.234480e-01 9.064000e-03 2.674880e-01
171 7.217440e-01 8.960000e-03 2.692960e-01
172 7.200680e-01 9.028000e-03 2.709040e-01
173 7.183600e-01 9.140000e-03 2.725000e-01
174 7.165280e-01 9.576000e-03 2.738960e-01
175 7.149800e-01 9.328000e-03 2.756920e-01
176 7.135200e-01 9.132000e-03 2.773480e-01
177 7.120800e-01 8.872000e-03 2.790480e-01
178 7.105960e-01 8.896000e-03 2.805080e-01
179 7.092720e-01 8.684000e-03 2.820440e-01
180 7.079520e-01 8.496000e-03 2.835520e-01
181 7.067440e-01 8.288000e-03 2.849680e-01
182 7.054600e-01 8.064000e-03 2.864760e-01
183 7.042160e-01 7.892000e-03 2.878920e-01
184 7.028800e-01 7.752000e-03 2.893680e-01
185 7.016480e-01 7.676000e-03 2.906760e-01
186 7.003000e-01 7.740000e-03 2.919600e-01
187 6.989400e-01 7.824000e-03 2.932360e-01
188 6.977560e-01 7.668000e-03 2.945760e-01
189 6.965640e-01 7.500000e-03 2.959360e-01
190 6.952400e-01 7.484000e-03 2.972760e-01
191 6.938640e-01 7.456000e-03 2.986800e-01
192 6.925760e-01 7.372000e-03 3.000520e-01
193 6.911560e-01 7.572000e-03 3.012720e-01
194 6.897960e-01 7.544000e-03 3.026600e-01
195 6.884760e-01 7.528000e-03 3.039960e-01
196 6.871520e-01 7.464000e-03 3.053840e-01
197 6.858840e-01 7.224000e-03 3.068920e-01
198 6.846600e-01 7.192000e-03 3.081480e-01
199 6.835080e-01 7.096000e-03 3.093960e-01
200 6.823360e-01 6.984000e-03 3.106800e-01
201 6.810120e-01 7.168000e-03 3.118200e-01
202 6.797560e-01 7.244000e-03 3.130000e-01
203 6.787000e-01 7.080000e-03 3.142200e-01
204 6.776520e-01 6.976000e-03 3.153720e-01
205 6.764920e-01 7.000000e-03 3.165080e-01
206 6.753320e-01 6.884000e-03 3.177840e-01
207 6.741840e-01 6.736000e-03 3.190800e-01
208 6.731160e-01 6.580000e-03 3.203040e-01
209 6.720000e-01 6.616000e-03 3.213840e-01
210 6.708640e-01 6.608000e-03 3.225280e-01
211 6.698680e-01 6.440000e-03 3.236920e-01
212 6.688280e-01 6.408000e-03 3.247640e-01
213 6.677080e-01 6.396000e-03 3.258960e-01
214 6.666640e-01 6.380000e-03 3.269560e-01
215 6.655400e-01 6.380000e-03 3.280800e-01
216 6.644280e-01 6.392000e-03 3.291800e-01
217 6.633040e-01 6.472000e-03 3.302240e-01
218 6.622240e-01 6.428000e-03 3.313480e-01
219 6.609760e-01 6.596000e-03 3.324280e-01
220 6.598040e-01 6.600000e-03 3.335960e-01
221 6.586240e-01 6.564000e-03 3.348120e-01
222 6.574960e-01 6.596000e-03 3.359080e-01
223 6.563520e-01 6.664000e-03 3.369840e-01
224 6.551840e-01 6.696000e-03 3.381200e-01
225 6.540680e-01 6.660000e-03 3.392720e-01
226 6.530600e-01 6.476000e-03 3.404640e-01
227 6.519440e-01 6.408000e-03 3.416480e-01
228 6.509440e-01 6.184000e-03 3.428720e-01
229 6.499360e-01 6.052000e-03 3.440120e-01
230 6.489600e-01 5.928000e-03 3.451120e-01
231 6.480080e-01 5.848000e-03 3.461440e-01
232 6.468960e-01 5.980000e-03 3.471240e-01
233 6.457680e-01 6.080000e-03 3.481520e-01
234 6.447320e-01 6.092000e-03 3.491760e-01
235 6.436200e-01 6.104000e-03 3.502760e-01
236 6.427200e-01 5.932000e-03 3.513480e-01
237 6.417840e-01 5.880000e-03 3.523360e-01
238 6.408360e-01 5.752000e-03 3.534120e-01
239 6.400400e-01 5.608000e-03 3.543520e-01
240 6.389920e-01 5.560000e-03 3.554480e-01
241 6.381800e-01 5.368000e-03 3.564520e-01
242 6.372720e-01 5.444000e-03 3.572840e-01
243 6.364360e-01 5.360000e-03 3.582040e-01
244 6.355560e-01 5.236000e-03 3.592080e-01
245 6.346760e-01 5.312000e-03 3.600120e-01
246 6.339040e-01 5.152000e-03 3.609440e-01
247 6.331320e-01 5.076000e-03 3.617920e-01
248 6.322960e-01 5.124000e-03 3.625800e-01
249 6.314120e-01 5.092000e-03 3.634960e-01
250 6.306160e-01 5.072000e-03 3.643120e-01
251 6.298560e-01 4.880000e-03 3.652640e-01
252 6.289000e-01 5.032000e-03 3.660680e-01
253 6.281040e-01 5.012000e-03 3.668840e-01
254 6.272280e-01 5.056000e-03 3.677160e-01
255 6.263160e-01 5.048000e-03 3.686360e-01
256 6.254760e-01 5.068000e-03 3.694560e-01
257 6.245440e-01 5.076000e-03 3.703800e-01
258 6.237400e-01 5.024000e-03 3.712360e-01
259 6.228760e-01 4.944000e-03 3.721800e-01
260 6.219920e-01 5.084000e-03 3.729240e-01
261 6.211520e-01 5.088000e-03 3.737600e-01
262 6.203320e-01 5.000000e-03 3.746680e-01
263 6.195440e-01 4.880000e-03 3.755760e-01
264 6.187280e-01 4.852000e-03 3.764200e-01
265 6.178320e-01 4.928000e-03 3.772400e-01
266 6.171280e-01 4.856000e-03 3.780160e-01
267 6.163000e-01 4.804000e-03 3.788960e-01
268 6.156000e-01 4.748000e-03 3.796520e-01
269 6.147400e-01 4.836000e-03 3.804240e-01
270 6.138880e-01 4.780000e-03 3.813320e-01
271 6.130840e-01 4.684000e-03 3.822320e-01
272 6.122160e-01 4.724000e-03 3.830600e-01
273 6.112360e-01 4.916000e-03 3.838480e-01
274 6.104800e-01 4.808000e-03 3.847120e-01
275 6.097200e-01 4.844000e-03 3.854360e-01
276 6.089400e-01 4.752000e-03 3.863080e-01
277 6.082720e-01 4.668000e-03 3.870600e-01
278 6.076120e-01 4.548000e-03 3.878400e-01
279 6.068840e-01 4.472000e-03 3.886440e-01
280 6.061440e-01 4.308000e-03 3.895480e-01
281 6.055120e-01 4.156000e-03 3.903320e-01
282 6.048840e-01 3.984000e-03 3.911320e-01
283 6.042120e-01 3.904000e-03 3.918840e-01
284 6.036200e-01 3.800000e-03 3.925800e-01
285 6.029680e-01 3.716000e-03 3.933160e-01
286 6.024640e-01 3.584000e-03 3.939520e-01
287 6.019440e-01 3.396000e-03 3.946600e-01
288 6.014120e-01 3.384000e-03 3.952040e-01
289 6.008920e-01 3.360000e-03 3.957480e-01
290 6.002760e-01 3.356000e-03 3.963680e-01
291 5.997640e-01 3.308000e-03 3.969280e-01
292 5.992400e-01 3.244000e-03 3.975160e-01
293 5.987320e-01 3.152000e-03 3.981160e-01
294 5.982920e-01 3.088000e-03 3.986200e-01
295 5.978000e-01 3.012000e-03 3.991880e-01
296 5.973320e-01 2.912000e-03 3.997560e-01
297 5.968800e-01 2.828000e-03 4.002920e-01
298 5.964520e-01 2.784000e-03 4.007640e-01
299 5.960160e-01 2.748000e-03 4.012360e-01
300 5.955800e-01 2.748000e-03 4.016720e-01
301 5.951800e-01 2.676000e-03 4.021440e-01
302 5.947800e-01 2.572000e-03 4.026480e-01
303 5.943200e-01 2.544000e-03 4.031360e-01
304 5.938720e-01 2.564000e-03 4.035640e-01
305 5.934320e-01 2.556000e-03 4.040120e-01
306 5.929840e-01 2.480000e-03 4.045360e-01
307 5.926160e-01 2.420000e-03 4.049640e-01
308 5.921760e-01 2.452000e-03 4.053720e-01
309 5.917600e-01 2.384000e-03 4.058560e-01
310 5.913160e-01 2.352000e-03 4.063320e-01
311 5.909480e-01 2.356000e-03 4.066960e-01
312 5.904840e-01 2.384000e-03 4.071320e-01
313 5.900960e-01 2.428000e-03 4.074760e-01
314 5.896880e-01 2.380000e-03 4.079320e-01
315 5.892520e-01 2.432000e-03 4.083160e-01
316 5.888800e-01 2.352000e-03 4.087680e-01
317 5.884640e-01 2.400000e-03 4.091360e-01
318 5.880000e-01 2.456000e-03 4.095440e-01
319 5.875320e-01 2.548000e-03 4.099200e-01
320 5.870920e-01 2.532000e-03 4.103760e-01
321 5.867160e-01 2.468000e-03 4.108160e-01
322 5.862120e-01 2.544000e-03 4.112440e-01
323 5.857960e-01 2.536000e-03 4.116680e-01
324 5.854040e-01 2.432000e-03 4.121640e-01
325 5.849560e-01 2.516000e-03 4.125280e-01
326 5.846040e-01 2.412000e-03 4.129840e-01
327 5.841640e-01 2.392000e-03 4.134440e-01
328 5.837000e-01 2.404000e-03 4.138960e-01
329 5.832360e-01 2.512000e-03 4.142520e-01
330 5.828160e-01 2.516000e-03 4.146680e-01
331 5.822800e-01 2.624000e-03 4.150960e-01
332 5.818280e-01 2.592000e-03 4.155800e-01
333 5.814280e-01 2.540000e-03 4.160320e-01
334 5.810080e-01 2.516000e-03 4.164760e-01
335 5.806680e-01 2.364000e-03 4.169680e-01
336 5.802680e-01 2.368000e-03 4.173640e-01
337 5.799320e-01 2.292000e-03 4.177760e-01
338 5.796040e-01 2.260000e-03 4.181360e-01
339 5.791840e-01 2.256000e-03 4.185600e-01
340 5.788120e-01 2.192000e-03 4.189960e-01
341 5.784960e-01 2.172000e-03 4.193320e-01
342 5.781400e-01 2.080000e-03 4.197800e-01
343 5.777880e-01 2.040000e-03 4.201720e-01
344 5.774440e-01 2.036000e-03 4.205200e-01
345 5.770440e-01 2.128000e-03 4.208280e-01
346 5.766960e-01 2.148000e-03 4.211560e-01
347 5.763280e-01 2.084000e-03 4.215880e-01
348 5.760080e-01 2.004000e-03 4.219880e-01
349 5.756720e-01 2.024000e-03 4.223040e-01
350 5.753800e-01 1.948000e-03 4.226720e-01
351 5.750920e-01 1.924000e-03 4.229840e-01
352 5.748040e-01 1.896000e-03 4.233000e-01
353 5.745120e-01 1.864000e-03 4.236240e-01
354 5.741320e-01 1.904000e-03 4.239640e-01
355 5.738480e-01 1.852000e-03 4.243000e-01
356 5.735040e-01 1.852000e-03 4.246440e-01
357 5.732680e-01 1.748000e-03 4.249840e-01
358 5.729360e-01 1.812000e-03 4.252520e-01
359 5.726000e-01 1.812000e-03 4.255880e-01
360 5.723160e-01 1.804000e-03 4.258800e-01
361 5.720360e-01 1.768000e-03 4.261960e-01
362 5.717600e-01 1.716000e-03 4.265240e-01
363 5.714520e-01 1.740000e-03 4.268080e-01
364 5.711720e-01 1.652000e-03 4.271760e-01
365 5.709200e-01 1.616000e-03 4.274640e-01
366 5.706840e-01 1.532000e-03 4.277840e-01
367 5.704240e-01 1.512000e-03 4.280640e-01
368 5.701640e-01 1.536000e-03 4.283000e-01
369 5.699080e-01 1.532000e-03 4.285600e-01
370 5.696920e-01 1.528000e-03 4.287800e-01
371 5.694400e-01 1.468000e-03 4.290920e-01
372 5.692280e-01 1.380000e-03 4.293920e-01
373 5.690360e-01 1.340000e-03 4.296240e-01
374 5.688600e-01 1.244000e-03 4.298960e-01
375 5.686880e-01 1.140000e-03 4.301720e-01
376 5.684960e-01 1.156000e-03 4.303480e-01
377 5.683400e-01 1.144000e-03 4.305160e-01
378 5.681640e-01 1.156000e-03 4.306800e-01
379 5.679800e-01 1.092000e-03 4.309280e-01
380 5.678240e-01 1.056000e-03 4.311200e-01
381 5.676160e-01 1.052000e-03 4.313320e-01
382 5.674560e-01 1.008000e-03 4.315360e-01
383 5.672800e-01 9.400000e-04 4.317800e-01
384 5.671280e-01 9.000000e-04 4.319720e-01
385 5.669840e-01 8.520000e-04 4.321640e-01
386 5.668400e-01 8.560000e-04 4.323040e-01
387 5.666880e-01 8.400000e-04 4.324720e-01
388 5.665320e-01 8.440000e-04 4.326240e-01
389 5.663760e-01 8.320000e-04 4.327920e-01
390 5.662120e-01 8.360000e-04 4.329520e-01
391 5.660680e-01 8.640000e-04 4.330680e-01
392 5.658680e-01 9.280000e-04 4.332040e-01
393 5.656320e-01 9.840000e-04 4.333840e-01
394 5.654680e-01 9.760000e-04 4.335560e-01
395 5.652240e-01 1.060000e-03 4.337160e-01
396 5.650040e-01 1.104000e-03 4.338920e-01
397 5.648000e-01 1.108000e-03 4.340920e-01
398 5.645840e-01 1.104000e-03 4.343120e-01
399 5.644520e-01 1.056000e-03 4.344920e-01
400 5.642440e-01 1.084000e-03 4.346720e-01
401 5.640520e-01 1.080000e-03 4.348680e-01
402 5.639280e-01 1.036000e-03 4.350360e-01
403 5.637600e-01 1.024000e-03 4.352160e-01
404 5.636160e-01 9.960000e-04 4.353880e-01
405 5.634560e-01 1.004000e-03 4.355400e-01
406 5.633440e-01 9.440000e-04 4.357120e-01
407 5.631680e-01 9.840000e-04 4.358480e-01
408 5.630160e-01 1.024000e-03 4.359600e-01
409 5.628800e-01 9.840000e-04 4.361360e-01
410 5.626680e-01 1.016000e-03 4.363160e-01
411 5.624520e-01 1.052000e-03 4.364960e-01
412 5.623240e-01 9.760000e-04 4.367000e-01
413 5.621640e-01 9.640000e-04 4.368720e-01
414 5.620040e-01 9.880000e-04 4.370080e-01
415 5.618400e-01 9.920000e-04 4.371680e-01
416 5.616480e-01 1.040000e-03 4.373120e-01
417 5.614520e-01 1.060000e-03 4.374880e-01
418 5.613160e-01 1.012000e-03 4.376720e-01
419 5.611400e-01 9.840000e-04 4.378760e-01
420 5.609760e-01 9.800000e-04 4.380440e-01
421 5.608200e-01 9.680000e-04 4.382120e-01
422 5.606200e-01 1.024000e-03 4.383560e-01
423 5.604720e-01 1.060000e-03 4.384680e-01
424 5.602560e-01 1.104000e-03 4.386400e-01
425 5.600360e-01 1.124000e-03 4.388400e-01
426 5.598280e-01 1.116000e-03 4.390560e-01
427 5.596200e-01 1.148000e-03 4.392320e-01
428 5.594080e-01 1.148000e-03 4.394440e-01
429 5.592120e-01 1.108000e-03 4.396800e-01
430 5.590400e-01 1.136000e-03 4.398240e-01
431 5.588360e-01 1.144000e-03 4.400200e-01
432 5.586480e-01 1.148000e-03 4.402040e-01
433 5.585000e-01 1.116000e-03 4.403840e-01
434 5.583320e-01 1.124000e-03 4.405440e-01
435 5.581880e-01 1.080000e-03 4.407320e-01
436 5.580640e-01 1.060000e-03 4.408760e-01
437 5.579000e-01 1.016000e-03 4.410840e-01
438 5.577560e-01 9.840000e-04 4.412600e-01
439 5.575960e-01 9.640000e-04 4.414400e-01
440 5.574160e-01 9.840000e-04 4.416000e-01
441 5.572960e-01 9.720000e-04 4.417320e-01
442 5.571080e-01 9.840000e-04 4.419080e-01
443 5.570120e-01 8.880000e-04 4.421000e-01
444 5.568760e-01 8.640000e-04 4.422600e-01
445 5.566920e-01 9.080000e-04 4.424000e-01
446 5.565520e-01 9.240000e-04 4.425240e-01
447 5.563480e-01 9.960000e-04 4.426560e-01
448 5.562320e-01 9.600000e-04 4.428080e-01
449 5.560640e-01 9.800000e-04 4.429560e-01
450 5.559240e-01 9.320000e-04 4.431440e-01
451 5.557640e-01 9.080000e-04 4.433280e-01
452 5.556640e-01 8.680000e-04 4.434680e-01
453 5.555160e-01 8.480000e-04 4.436360e-01
454 5.554120e-01 8.160000e-04 4.437720e-01
455 5.553320e-01 7.520000e-04 4.439160e-01
456 5.552120e-01 7.600000e-04 4.440280e-01
457 5.550960e-01 6.960000e-04 4.442080e-01
458 5.549960e-01 7.040000e-04 4.443000e-01
459 5.548560e-01 7.600000e-04 4.443840e-01
460 5.547320e-01 7.480000e-04 4.445200e-01
461 5.545880e-01 7.800000e-04 4.446320e-01
462 5.545040e-01 7.760000e-04 4.447200e-01
463 5.543760e-01 7.480000e-04 4.448760e-01
464 5.542560e-01 7.160000e-04 4.450280e-01
465 5.541480e-01 7.200000e-04 4.451320e-01
466 5.540680e-01 6.840000e-04 4.452480e-01
467 5.539520e-01 5.920000e-04 4.454560e-01
468 5.538640e-01 5.920000e-04 4.455440e-01
469 5.537680e-01 5.880000e-04 4.456440e-01
470 5.537080e-01 5.400000e-04 4.457520e-01
471 5.535960e-01 5.760000e-04 4.458280e-01
472 5.535120e-01 5.760000e-04 4.459120e-01
473 5.534480e-01 5.240000e-04 4.460280e-01
474 5.533560e-01 4.960000e-04 4.461480e-01
475 5.532880e-01 4.480000e-04 4.462640e-01
476 5.531920e-01 4.680000e-04 4.463400e-01
477 5.531280e-01 4.360000e-04 4.464360e-01
478 5.530800e-01 3.840000e-04 4.465360e-01
479 5.530480e-01 3.600000e-04 4.465920e-01
480 5.530040e-01 3.560000e-04 4.466400e-01
481 5.529440e-01 3.360000e-04 4.467200e-01
482 5.528720e-01 3.320000e-04 4.467960e-01
483 5.528120e-01 3.320000e-04 4.468560e-01
484 5.527600e-01 3.360000e-04 4.469040e-01
485 5.527080e-01 3.520000e-04 4.469400e-01
486 5.526240e-01 3.640000e-04 4.470120e-01
487 5.525520e-01 3.440000e-04 4.471040e-01
488 5.524680e-01 3.880000e-04 4.471440e-01
489 5.524280e-01 3.640000e-04 4.472080e-01
490 5.523560e-01 3.720000e-04 4.472720e-01
491 5.522640e-01 4.080000e-04 4.473280e-01
492 5.521960e-01 3.840000e-04 4.474200e-01
493 5.521240e-01 3.840000e-04 4.474920e-01
494 5.520800e-01 3.360000e-04 4.475840e-01
495 5.520120e-01 3.280000e-04 4.476600e-01
496 5.519680e-01 3.400000e-04 4.476920e-01
497 5.519080e-01 3.440000e-04 4.477480e-01
498 5.518360e-01 3.560000e-04 4.478080e-01
499 5.517680e-01 3.440000e-04 4.478880e-01
500 5.516960e-01 3.640000e-04 4.479400e-01
