1 9.992080e-01 6.840000e-04 1.080000e-04
2 9.987320e-01 1.008000e-03 2.600000e-04
3 9.981760e-01 1.336000e-03 4.880000e-04
4 9.973840e-01 1.856000e-03 7.600000e-04
5 9.966880e-01 2.208000e-03 1.104000e-03
6 9.958200e-01 2.692000e-03 1.488000e-03
7 9.949080e-01 3.028000e-03 2.064000e-03
8 9.939680e-01 3.452000e-03 2.580000e-03
9 9.929160e-01 3.852000e-03 3.232000e-03
10 9.917880e-01 4.304000e-03 3.908000e-03
11 9.906760e-01 4.648000e-03 4.676000e-03
12 9.894400e-01 5.056000e-03 5.504000e-03
13 9.881800e-01 5.440000e-03 6.380000e-03
14 9.867480e-01 5.816000e-03 7.436000e-03
15 9.855160e-01 6.088000e-03 8.396000e-03
16 9.841600e-01 6.504000e-03 9.336000e-03
17 9.827360e-01 6.868000e-03 1.039600e-02
18 9.812280e-01 7.140000e-03 1.163200e-02
19 9.798120e-01 7.424000e-03 1.276400e-02
20 9.783760e-01 7.588000e-03 1.403600e-02
21 9.767360e-01 7.844000e-03 1.542000e-02
22 9.753560e-01 7.784000e-03 1.686000e-02
23 9.738480e-01 7.876000e-03 1.827600e-02
24 9.724040e-01 7.972000e-03 1.962400e-02
25 9.710120e-01 7.964000e-03 2.102400e-02
26 9.694800e-01 8.320000e-03 2.220000e-02
27 9.678240e-01 8.708000e-03 2.346800e-02
28 9.661600e-01 8.844000e-03 2.499600e-02
29 9.644960e-01 8.976000e-03 2.652800e-02
30 9.628000e-01 9.172000e-03 2.802800e-02
31 9.610160e-01 9.328000e-03 2.965600e-02
32 9.592720e-01 9.380000e-03 3.134800e-02
33 9.574960e-01 9.528000e-03 3.297600e-02
34 9.558240e-01 9.344000e-03 3.483200e-02
35 9.542040e-01 9.268000e-03 3.652800e-02
36 9.527560e-01 9.072000e-03 3.817200e-02
37 9.511440e-01 9.076000e-03 3.978000e-02
38 9.494320e-01 9.132000e-03 4.143600e-02
39 9.476640e-01 9.292000e-03 4.304400e-02
40 9.460040e-01 9.368000e-03 4.462800e-02
41 9.444120e-01 9.336000e-03 4.625200e-02
42 9.428000e-01 9.208000e-03 4.799200e-02
43 9.410440e-01 9.296000e-03 4.966000e-02
44 9.392080e-01 9.516000e-03 5.127600e-02
45 9.375960e-01 9.352000e-03 5.305200e-02
46 9.359960e-01 9.268000e-03 5.473600e-02
47 9.342360e-01 9.624000e-03 5.614000e-02
48 9.323560e-01 9.828000e-03 5.781600e-02
49 9.307840e-01 9.636000e-03 5.958000e-02
50 9.291160e-01 9.640000e-03 6.124400e-02
51 9.274600e-01 9.576000e-03 6.296400e-02
52 9.259160e-01 9.392000e-03 6.469200e-02
53 9.242760e-01 9.376000e-03 6.634800e-02
54 9.227480e-01 9.348000e-03 6.790400e-02
55 9.212040e-01 9.220000e-03 6.957600e-02
56 9.196640e-01 9.132000e-03 7.120400e-02
57 9.180560e-01 9.028000e-03 7.291600e-02
58 9.164760e-01 8.996000e-03 7.452800e-02
59 9.148360e-01 9.064000e-03 7.610000e-02
60 9.132840e-01 9.004000e-03 7.771200e-02
61 9.116560e-01 9.056000e-03 7.928800e-02
62 9.101880e-01 8.908000e-03 8.090400e-02
63 9.086800e-01 8.756000e-03 8.256400e-02
64 9.072520e-01 8.584000e-03 8.416400e-02
65 9.057400e-01 8.616000e-03 8.564400e-02
66 9.043840e-01 8.440000e-03 8.717600e-02
67 9.030720e-01 8.312000e-03 8.861600e-02
68 9.017840e-01 8.064000e-03 9.015200e-02
69 9.005000e-01 7.888000e-03 9.161200e-02
70 8.991400e-01 7.764000e-03 9.309600e-02
71 8.978360e-01 7.788000e-03 9.437600e-02
72 8.965000e-01 7.720000e-03 9.578000e-02
73 8.951360e-01 7.628000e-03 9.723600e-02
74 8.939600e-01 7.396000e-03 9.864400e-02
75 8.926040e-01 7.460000e-03 9.993600e-02
76 8.912400e-01 7.460000e-03 1.013000e-01
77 8.898320e-01 7.568000e-03 1.026000e-01
78 8.885680e-01 7.436000e-03 1.039960e-01
79 8.874480e-01 7.336000e-03 1.052160e-01
80 8.861760e-01 7.240000e-03 1.065840e-01
81 8.849920e-01 7.144000e-03 1.078640e-01
82 8.836760e-01 7.164000e-03 1.091600e-01
83 8.825240e-01 6.972000e-03 1.105040e-01
84 8.813720e-01 6.932000e-03 1.116960e-01
85 8.801640e-01 6.896000e-03 1.129400e-01
86 8.789800e-01 6.912000e-03 1.141080e-01
87 8.777680e-01 6.972000e-03 1.152600e-01
88 8.763480e-01 7.156000e-03 1.164960e-01
89 8.750240e-01 7.136000e-03 1.178400e-01
90 8.735280e-01 7.308000e-03 1.191640e-01
91 8.722600e-01 7.284000e-03 1.204560e-01
92 8.709880e-01 7.232000e-03 1.217800e-01
93 8.698800e-01 6.948000e-03 1.231720e-01
94 8.687200e-01 6.800000e-03 1.244800e-01
95 8.675800e-01 6.816000e-03 1.256040e-01
96 8.664640e-01 6.784000e-03 1.267520e-01
97 8.654320e-01 6.600000e-03 1.279680e-01
98 8.644360e-01 6.468000e-03 1.290960e-01
99 8.633040e-01 6.548000e-03 1.301480e-01
100 8.621440e-01 6.492000e-03 1.313640e-01
101 8.609560e-01 6.580000e-03 1.324640e-01
102 8.599040e-01 6.440000e-03 1.336560e-01
103 8.587280e-01 6.568000e-03 1.347040e-01
104 8.576200e-01 6.436000e-03 1.359440e-01
105 8.565360e-01 6.484000e-03 1.369800e-01
106 8.553680e-01 6.452000e-03 1.381800e-01
107 8.542600e-01 6.480000e-03 1.392600e-01
108 8.532520e-01 6.332000e-03 1.404160e-01
109 8.520480e-01 6.368000e-03 1.415840e-01
110 8.509840e-01 6.320000e-03 1.426960e-01
111 8.499200e-01 6.212000e-03 1.438680e-01
112 8.489040e-01 6.208000e-03 1.448880e-01
113 8.478920e-01 6.148000e-03 1.459600e-01
114 8.468360e-01 6.104000e-03 1.470600e-01
115 8.457600e-01 6.096000e-03 1.481440e-01
116 8.447000e-01 6.024000e-03 1.492760e-01
117 8.435560e-01 6.124000e-03 1.503200e-01
118 8.425440e-01 6.088000e-03 1.513680e-01
119 8.413560e-01 6.256000e-03 1.523880e-01
120 8.402840e-01 6.216000e-03 1.535000e-01
121 8.392120e-01 6.280000e-03 1.545080e-01
122 8.380680e-01 6.308000e-03 1.556240e-01
123 8.368360e-01 6.400000e-03 1.567640e-01
124 8.356400e-01 6.424000e-03 1.579360e-01
125 8.343840e-01 6.488000e-03 1.591280e-01
126 8.332080e-01 6.540000e-03 1.602520e-01
127 8.320560e-01 6.540000e-03 1.614040e-01
128 8.309960e-01 6.564000e-03 1.624400e-01
129 8.299240e-01 6.484000e-03 1.635920e-01
130 8.286360e-01 6.708000e-03 1.646560e-01
131 8.272640e-01 6.800000e-03 1.659360e-01
132 8.260280e-01 6.892000e-03 1.670800e-01
133 8.248760e-01 6.912000e-03 1.682120e-01
134 8.237640e-01 6.988000e-03 1.692480e-01
135 8.224240e-01 7.140000e-03 1.704360e-01
136 8.212040e-01 7.104000e-03 1.716920e-01
137 8.199800e-01 6.996000e-03 1.730240e-01
138 8.188520e-01 6.968000e-03 1.741800e-01
139 8.177200e-01 6.792000e-03 1.754880e-01
140 8.164640e-01 6.832000e-03 1.767040e-01
141 8.152280e-01 6.884000e-03 1.778880e-01
142 8.141400e-01 6.668000e-03 1.791920e-01
143 8.131880e-01 6.388000e-03 1.804240e-01
144 8.121400e-01 6.324000e-03 1.815360e-01
145 8.110080e-01 6.332000e-03 1.826600e-01
146 8.098840e-01 6.376000e-03 1.837400e-01
147 8.087240e-01 6.332000e-03 1.849440e-01
148 8.076080e-01 6.332000e-03 1.860600e-01
149 8.065760e-01 6.196000e-03 1.872280e-01
150 8.054560e-01 6.240000e-03 1.883040e-01
151 8.043280e-01 6.192000e-03 1.894800e-01
152 8.032120e-01 6.248000e-03 1.905400e-01
153 8.020280e-01 6.388000e-03 1.915840e-01
154 8.008640e-01 6.436000e-03 1.927000e-01
155 7.999000e-01 6.400000e-03 1.937000e-01
156 7.989160e-01 6.256000e-03 1.948280e-01
157 7.979280e-01 6.200000e-03 1.958720e-01
158 7.969480e-01 6.100000e-03 1.969520e-01
159 7.959800e-01 6.024000e-03 1.979960e-01
160 7.950200e-01 5.912000e-03 1.990680e-01
161 7.939560e-01 5.924000e-03 2.001200e-01
162 7.930040e-01 5.752000e-03 2.012440e-01
163 7.919320e-01 5.920000e-03 2.021480e-01
164 7.909280e-01 5.784000e-03 2.032880e-01
165 7.899520e-01 5.700000e-03 2.043480e-01
166 7.891320e-01 5.448000e-03 2.054200e-01
167 7.882960e-01 5.316000e-03 2.063880e-01
168 7.873920e-01 5.344000e-03 2.072640e-01
169 7.864520e-01 5.352000e-03 2.081960e-01
170 7.855440e-01 5.424000e-03 2.090320e-01
171 7.848160e-01 5.180000e-03 2.100040e-01
172 7.839400e-01 5.092000e-03 2.109680e-01
173 7.831000e-01 5.020000e-03 2.118800e-01
174 7.822400e-01 5.012000e-03 2.127480e-01
175 7.814680e-01 4.868000e-03 2.136640e-01
176 7.806200e-01 4.848000e-03 2.145320e-01
177 7.797840e-01 4.820000e-03 2.153960e-01
178 7.788080e-01 4.968000e-03 2.162240e-01
179 7.779600e-01 4.968000e-03 2.170720e-01
180 7.770480e-01 4.952000e-03 2.180000e-01
181 7.762400e-01 4.996000e-03 2.187640e-01
182 7.753600e-01 5.056000e-03 2.195840e-01
183 7.746040e-01 4.852000e-03 2.205440e-01
184 7.738720e-01 4.620000e-03 2.215080e-01
185 7.729520e-01 4.700000e-03 2.223480e-01
186 7.722480e-01 4.648000e-03 2.231040e-01
187 7.714720e-01 4.560000e-03 2.239680e-01
188 7.707920e-01 4.480000e-03 2.247280e-01
189 7.700520e-01 4.528000e-03 2.254200e-01
190 7.692840e-01 4.584000e-03 2.261320e-01
191 7.685880e-01 4.480000e-03 2.269320e-01
192 7.679320e-01 4.276000e-03 2.277920e-01
193 7.672520e-01 4.212000e-03 2.285360e-01
194 7.665560e-01 4.176000e-03 2.292680e-01
195 7.658960e-01 4.152000e-03 2.299520e-01
196 7.652320e-01 4.088000e-03 2.306800e-01
197 7.645920e-01 4.052000e-03 2.313560e-01
198 7.639960e-01 3.932000e-03 2.320720e-01
199 7.633000e-01 3.928000e-03 2.327720e-01
200 7.626760e-01 3.868000e-03 2.334560e-01
201 7.620480e-01 3.796000e-03 2.341560e-01
202 7.614520e-01 3.752000e-03 2.347960e-01
203 7.609040e-01 3.672000e-03 2.354240e-01
204 7.603640e-01 3.556000e-03 2.360800e-01
205 7.597640e-01 3.500000e-03 2.367360e-01
206 7.591600e-01 3.544000e-03 2.372960e-01
207 7.585200e-01 3.636000e-03 2.378440e-01
208 7.578600e-01 3.624000e-03 2.385160e-01
209 7.573080e-01 3.528000e-03 2.391640e-01
210 7.566120e-01 3.592000e-03 2.397960e-01
211 7.560080e-01 3.472000e-03 2.405200e-01
212 7.555640e-01 3.268000e-03 2.411680e-01
213 7.549600e-01 3.288000e-03 2.417520e-01
214 7.544520e-01 3.160000e-03 2.423880e-01
215 7.538960e-01 3.176000e-03 2.429280e-01
216 7.533560e-01 3.160000e-03 2.434840e-01
217 7.527240e-01 3.336000e-03 2.439400e-01
218 7.520960e-01 3.364000e-03 2.445400e-01
219 7.515520e-01 3.348000e-03 2.451000e-01
220 7.509520e-01 3.336000e-03 2.457120e-01
221 7.503480e-01 3.456000e-03 2.461960e-01
222 7.498120e-01 3.340000e-03 2.468480e-01
223 7.492360e-01 3.360000e-03 2.474040e-01
224 7.486240e-01 3.408000e-03 2.479680e-01
225 7.479880e-01 3.524000e-03 2.484880e-01
226 7.473160e-01 3.568000e-03 2.491160e-01
227 7.467360e-01 3.556000e-03 2.497080e-01
228 7.460880e-01 3.560000e-03 2.503520e-01
229 7.455120e-01 3.504000e-03 2.509840e-01
230 7.448560e-01 3.500000e-03 2.516440e-01
231 7.442880e-01 3.412000e-03 2.523000e-01
232 7.437080e-01 3.424000e-03 2.528680e-01
233 7.432000e-01 3.380000e-03 2.534200e-01
234 7.426680e-01 3.384000e-03 2.539480e-01
235 7.421600e-01 3.400000e-03 2.544400e-01
236 7.416000e-01 3.432000e-03 2.549680e-01
237 7.410520e-01 3.380000e-03 2.555680e-01
238 7.404600e-01 3.356000e-03 2.561840e-01
239 7.399080e-01 3.292000e-03 2.568000e-01
240 7.394400e-01 3.176000e-03 2.573840e-01
241 7.389840e-01 3.096000e-03 2.579200e-01
242 7.384840e-01 2.988000e-03 2.585280e-01
243 7.380360e-01 2.876000e-03 2.590880e-01
244 7.376000e-01 2.748000e-03 2.596520e-01
245 7.371400e-01 2.768000e-03 2.600920e-01
246 7.367320e-01 2.640000e-03 2.606280e-01
247 7.362280e-01 2.700000e-03 2.610720e-01
248 7.357280e-01 2.732000e-03 2.615400e-01
249 7.352080e-01 2.760000e-03 2.620320e-01
250 7.347560e-01 2.732000e-03 2.625120e-01
251 7.342680e-01 2.716000e-03 2.630160e-01
252 7.337360e-01 2.796000e-03 2.634680e-01
253 7.333560e-01 2.628000e-03 2.640160e-01
254 7.328880e-01 2.648000e-03 2.644640e-01
255 7.324040e-01 2.768000e-03 2.648280e-01
256 7.318000e-01 2.908000e-03 2.652920e-01
257 7.312320e-01 2.992000e-03 2.657760e-01
258 7.306800e-01 2.980000e-03 2.663400e-01
259 7.301200e-01 2.952000e-03 2.669280e-01
260 7.295920e-01 2.960000e-03 2.674480e-01
261 7.291000e-01 2.908000e-03 2.679920e-01
262 7.285400e-01 2.920000e-03 2.685400e-01
263 7.279840e-01 3.012000e-03 2.690040e-01
264 7.273960e-01 3.068000e-03 2.695360e-01
265 7.269000e-01 3.016000e-03 2.700840e-01
266 7.263520e-01 3.084000e-03 2.705640e-01
267 7.258160e-01 3.016000e-03 2.711680e-01
268 7.253640e-01 2.972000e-03 2.716640e-01
269 7.248920e-01 2.960000e-03 2.721480e-01
270 7.243720e-01 3.012000e-03 2.726160e-01
271 7.238800e-01 3.080000e-03 2.730400e-01
272 7.233480e-01 3.076000e-03 2.735760e-01
273 7.228360e-01 3.088000e-03 2.740760e-01
274 7.222600e-01 3.144000e-03 2.745960e-01
275 7.217920e-01 3.080000e-03 2.751280e-01
276 7.212680e-01 3.020000e-03 2.757120e-01
277 7.208200e-01 2.856000e-03 2.763240e-01
278 7.203320e-01 2.876000e-03 2.767920e-01
279 7.198520e-01 2.876000e-03 2.772720e-01
280 7.194640e-01 2.692000e-03 2.778440e-01
281 7.190440e-01 2.600000e-03 2.783560e-01
282 7.186120e-01 2.516000e-03 2.788720e-01
283 7.181040e-01 2.512000e-03 2.793840e-01
284 7.175720e-01 2.652000e-03 2.797760e-01
285 7.171160e-01 2.648000e-03 2.802360e-01
286 7.166040e-01 2.708000e-03 2.806880e-01
287 7.161120e-01 2.708000e-03 2.811800e-01
288 7.155280e-01 2.756000e-03 2.817160e-01
289 7.150920e-01 2.668000e-03 2.822400e-01
290 7.146200e-01 2.664000e-03 2.827160e-01
291 7.141120e-01 2.676000e-03 2.832120e-01
292 7.136760e-01 2.596000e-03 2.837280e-01
293 7.132520e-01 2.560000e-03 2.841880e-01
294 7.127800e-01 2.596000e-03 2.846240e-01
295 7.123400e-01 2.552000e-03 2.851080e-01
296 7.118800e-01 2.592000e-03 2.855280e-01
297 7.115120e-01 2.528000e-03 2.859600e-01
298 7.110840e-01 2.564000e-03 2.863520e-01
299 7.106920e-01 2.516000e-03 2.867920e-01
300 7.103080e-01 2.420000e-03 2.872720e-01
301 7.099360e-01 2.376000e-03 2.876880e-01
302 7.095800e-01 2.340000e-03 2.880800e-01
303 7.091240e-01 2.424000e-03 2.884520e-01
304 7.087120e-01 2.404000e-03 2.888840e-01
305 7.082560e-01 2.416000e-03 2.893280e-01
306 7.078280e-01 2.364000e-03 2.898080e-01
307 7.074640e-01 2.268000e-03 2.902680e-01
308 7.070960e-01 2.164000e-03 2.907400e-01
309 7.067120e-01 2.180000e-03 2.911080e-01
310 7.063200e-01 2.216000e-03 2.914640e-01
311 7.059360e-01 2.220000e-03 2.918440e-01
312 7.054720e-01 2.324000e-03 2.922040e-01
313 7.050640e-01 2.344000e-03 2.925920e-01
314 7.046920e-01 2.352000e-03 2.929560e-01
315 7.042560e-01 2.420000e-03 2.933240e-01
316 7.038520e-01 2.452000e-03 2.936960e-01
317 7.034520e-01 2.448000e-03 2.941000e-01
318 7.030720e-01 2.400000e-03 2.945280e-01
319 7.027080e-01 2.244000e-03 2.950480e-01
320 7.023320e-01 2.232000e-03 2.954360e-01
321 7.019840e-01 2.212000e-03 2.958040e-01
322 7.016760e-01 2.124000e-03 2.962000e-01
323 7.012440e-01 2.148000e-03 2.966080e-01
324 7.008720e-01 2.164000e-03 2.969640e-01
325 7.004920e-01 2.184000e-03 2.973240e-01
326 7.001360e-01 2.128000e-03 2.977360e-01
327 6.998000e-01 2.072000e-03 2.981280e-01
328 6.994200e-01 2.184000e-03 2.983960e-01
329 6.990600e-01 2.212000e-03 2.987280e-01
330 6.987160e-01 2.192000e-03 2.990920e-01
331 6.983920e-01 2.132000e-03 2.994760e-01
332 6.980760e-01 2.088000e-03 2.998360e-01
333 6.977880e-01 2.008000e-03 3.002040e-01
334 6.974920e-01 1.936000e-03 3.005720e-01
335 6.971720e-01 1.940000e-03 3.008880e-01
336 6.968720e-01 1.900000e-03 3.012280e-01
337 6.965840e-01 1.888000e-03 3.015280e-01
338 6.962440e-01 1.936000e-03 3.018200e-01
339 6.958280e-01 2.056000e-03 3.021160e-01
340 6.955000e-01 2.016000e-03 3.024840e-01
341 6.951040e-01 2.064000e-03 3.028320e-01
342 6.947120e-01 2.084000e-03 3.032040e-01
343 6.943320e-01 2.100000e-03 3.035680e-01
344 6.939680e-01 2.084000e-03 3.039480e-01
345 6.936400e-01 2.012000e-03 3.043480e-01
346 6.933160e-01 2.004000e-03 3.046800e-01
347 6.929640e-01 2.008000e-03 3.050280e-01
348 6.926200e-01 2.016000e-03 3.053640e-01
349 6.923080e-01 1.956000e-03 3.057360e-01
350 6.919800e-01 1.864000e-03 3.061560e-01
351 6.916280e-01 1.904000e-03 3.064680e-01
352 6.912480e-01 1.980000e-03 3.067720e-01
353 6.908840e-01 1.988000e-03 3.071280e-01
354 6.905760e-01 1.936000e-03 3.074880e-01
355 6.902880e-01 1.900000e-03 3.078120e-01
356 6.899520e-01 1.896000e-03 3.081520e-01
357 6.897000e-01 1.728000e-03 3.085720e-01
358 6.893560e-01 1.784000e-03 3.088600e-01
359 6.889960e-01 1.832000e-03 3.091720e-01
360 6.886560e-01 1.864000e-03 3.094800e-01
361 6.882640e-01 1.908000e-03 3.098280e-01
362 6.879120e-01 1.976000e-03 3.101120e-01
363 6.875600e-01 1.972000e-03 3.104680e-01
364 6.871680e-01 2.036000e-03 3.107960e-01
365 6.868280e-01 2.064000e-03 3.111080e-01
366 6.865480e-01 2.012000e-03 3.114400e-01
367 6.862520e-01 1.968000e-03 3.117800e-01
368 6.859080e-01 2.004000e-03 3.120880e-01
369 6.856080e-01 1.936000e-03 3.124560e-01
370 6.853280e-01 1.912000e-03 3.127600e-01
371 6.849680e-01 1.944000e-03 3.130880e-01
372 6.846480e-01 1.968000e-03 3.133840e-01
373 6.843480e-01 1.924000e-03 3.137280e-01
374 6.840320e-01 1.960000e-03 3.140080e-01
375 6.836720e-01 1.928000e-03 3.144000e-01
376 6.834080e-01 1.868000e-03 3.147240e-01
377 6.831000e-01 1.844000e-03 3.150560e-01
378 6.827840e-01 1.852000e-03 3.153640e-01
379 6.824120e-01 1.892000e-03 3.156960e-01
380 6.821040e-01 1.920000e-03 3.159760e-01
381 6.818040e-01 1.888000e-03 3.163080e-01
382 6.814680e-01 1.844000e-03 3.166880e-01
383 6.812920e-01 1.644000e-03 3.170640e-01
384 6.810160e-01 1.644000e-03 3.173400e-01
385 6.806920e-01 1.652000e-03 3.176560e-01
386 6.803320e-01 1.728000e-03 3.179400e-01
387 6.800480e-01 1.716000e-03 3.182360e-01
388 6.797400e-01 1.716000e-03 3.185440e-01
389 6.795520e-01 1.628000e-03 3.188200e-01
390 6.792880e-01 1.600000e-03 3.191120e-01
391 6.790160e-01 1.612000e-03 3.193720e-01
392 6.787520e-01 1.596000e-03 3.196520e-01
393 6.784600e-01 1.596000e-03 3.199440e-01
394 6.781760e-01 1.592000e-03 3.202320e-01
395 6.779400e-01 1.568000e-03 3.204920e-01
396 6.776040e-01 1.632000e-03 3.207640e-01
397 6.773120e-01 1.644000e-03 3.210440e-01
398 6.769840e-01 1.736000e-03 3.212800e-01
399 6.766600e-01 1.720000e-03 3.216200e-01
400 6.764600e-01 1.624000e-03 3.219160e-01
401 6.761920e-01 1.656000e-03 3.221520e-01
402 6.758840e-01 1.712000e-03 3.224040e-01
403 6.756600e-01 1.648000e-03 3.226920e-01
404 6.753960e-01 1.648000e-03 3.229560e-01
405 6.751640e-01 1.624000e-03 3.232120e-01
406 6.749400e-01 1.632000e-03 3.234280e-01
407 6.746320e-01 1.664000e-03 3.237040e-01
408 6.744320e-01 1.512000e-03 3.240560e-01
409 6.741880e-01 1.464000e-03 3.243480e-01
410 6.739520e-01 1.460000e-03 3.245880e-01
411 6.737160e-01 1.452000e-03 3.248320e-01
412 6.735160e-01 1.380000e-03 3.251040e-01
413 6.733200e-01 1.384000e-03 3.252960e-01
414 6.730920e-01 1.372000e-03 3.255360e-01
415 6.728720e-01 1.344000e-03 3.257840e-01
416 6.726040e-01 1.336000e-03 3.260600e-01
417 6.723520e-01 1.300000e-03 3.263480e-01
418 6.721400e-01 1.272000e-03 3.265880e-01
419 6.719440e-01 1.268000e-03 3.267880e-01
420 6.717400e-01 1.252000e-03 3.270080e-01
421 6.714920e-01 1.304000e-03 3.272040e-01
422 6.713120e-01 1.232000e-03 3.274560e-01
423 6.711040e-01 1.300000e-03 3.275960e-01
424 6.709080e-01 1.276000e-03 3.278160e-01
425 6.707160e-01 1.240000e-03 3.280440e-01
426 6.705200e-01 1.184000e-03 3.282960e-01
427 6.703560e-01 1.160000e-03 3.284840e-01
428 6.701000e-01 1.224000e-03 3.286760e-01
429 6.698560e-01 1.264000e-03 3.288800e-01
430 6.696800e-01 1.232000e-03 3.290880e-01
431 6.694640e-01 1.244000e-03 3.292920e-01
432 6.692040e-01 1.216000e-03 3.295800e-01
433 6.689680e-01 1.252000e-03 3.297800e-01
434 6.687640e-01 1.240000e-03 3.299960e-01
435 6.685280e-01 1.260000e-03 3.302120e-01
436 6.683280e-01 1.220000e-03 3.304520e-01
437 6.681560e-01 1.204000e-03 3.306400e-01
438 6.679400e-01 1.232000e-03 3.308280e-01
439 6.677160e-01 1.248000e-03 3.310360e-01
440 6.674880e-01 1.276000e-03 3.312360e-01
441 6.672840e-01 1.220000e-03 3.314960e-01
442 6.670400e-01 1.236000e-03 3.317240e-01
443 6.667880e-01 1.264000e-03 3.319480e-01
444 6.665640e-01 1.224000e-03 3.322120e-01
445 6.663480e-01 1.232000e-03 3.324200e-01
446 6.660840e-01 1.300000e-03 3.326160e-01
447 6.658480e-01 1.320000e-03 3.328320e-01
448 6.655840e-01 1.396000e-03 3.330200e-01
449 6.652960e-01 1.504000e-03 3.332000e-01
450 6.649960e-01 1.520000e-03 3.334840e-01
451 6.647240e-01 1.532000e-03 3.337440e-01
452 6.644400e-01 1.508000e-03 3.340520e-01
453 6.642040e-01 1.464000e-03 3.343320e-01
454 6.639360e-01 1.448000e-03 3.346160e-01
455 6.637000e-01 1.440000e-03 3.348600e-01
456 6.634240e-01 1.444000e-03 3.351320e-01
457 6.631680e-01 1.484000e-03 3.353480e-01
458 6.629400e-01 1.444000e-03 3.356160e-01
459 6.626800e-01 1.472000e-03 3.358480e-01
460 6.624800e-01 1.432000e-03 3.360880e-01
461 6.622520e-01 1.416000e-03 3.363320e-01
462 6.620640e-01 1.364000e-03 3.365720e-01
463 6.618600e-01 1.308000e-03 3.368320e-01
464 6.616000e-01 1.356000e-03 3.370440e-01
465 6.613240e-01 1.408000e-03 3.372680e-01
466 6.610880e-01 1.428000e-03 3.374840e-01
467 6.608840e-01 1.412000e-03 3.377040e-01
468 6.606800e-01 1.368000e-03 3.379520e-01
469 6.604600e-01 1.336000e-03 3.382040e-01
470 6.601920e-01 1.384000e-03 3.384240e-01
471 6.599760e-01 1.312000e-03 3.387120e-01
472 6.597360e-01 1.332000e-03 3.389320e-01
473 6.595040e-01 1.296000e-03 3.392000e-01
474 6.593440e-01 1.184000e-03 3.394720e-01
475 6.591360e-01 1.188000e-03 3.396760e-01
476 6.589480e-01 1.164000e-03 3.398880e-01
477 6.587960e-01 1.112000e-03 3.400920e-01
478 6.586360e-01 1.080000e-03 3.402840e-01
479 6.584600e-01 1.048000e-03 3.404920e-01
480 6.583000e-01 1.076000e-03 3.406240e-01
481 6.581280e-01 1.092000e-03 3.407800e-01
482 6.579320e-01 1.120000e-03 3.409480e-01
483 6.577320e-01 1.132000e-03 3.411360e-01
484 6.574640e-01 1.240000e-03 3.412960e-01
485 6.571960e-01 1.300000e-03 3.415040e-01
486 6.569960e-01 1.224000e-03 3.417800e-01
487 6.567520e-01 1.220000e-03 3.420280e-01
488 6.565360e-01 1.168000e-03 3.422960e-01
489 6.563240e-01 1.204000e-03 3.424720e-01
490 6.561360e-01 1.212000e-03 3.426520e-01
491 6.559440e-01 1.164000e-03 3.428920e-01
492 6.557280e-01 1.192000e-03 3.430800e-01
493 6.555440e-01 1.192000e-03 3.432640e-01
494 6.553200e-01 1.180000e-03 3.435000e-01
495 6.550960e-01 1.180000e-03 3.437240e-01
496 6.548920e-01 1.196000e-03 3.439120e-01
497 6.547040e-01 1.180000e-03 3.441160e-01
498 6.545320e-01 1.184000e-03 3.442840e-01
499 6.543840e-01 1.116000e-03 3.445000e-01
500 6.542440e-01 1.104000e-03 3.446520e-01
