1 9.992080e-01 6.880000e-04 1.040000e-04
2 9.987120e-01 1.000000e-03 2.880000e-04
3 9.981520e-01 1.416000e-03 4.320000e-04
4 9.975920e-01 1.704000e-03 7.040000e-04
5 9.969600e-01 2.024000e-03 1.016000e-03
6 9.963640e-01 2.240000e-03 1.396000e-03
7 9.956760e-01 2.552000e-03 1.772000e-03
8 9.948200e-01 2.960000e-03 2.220000e-03
9 9.938640e-01 3.432000e-03 2.704000e-03
10 9.927520e-01 3.924000e-03 3.324000e-03
11 9.916600e-01 4.280000e-03 4.060000e-03
12 9.906840e-01 4.520000e-03 4.796000e-03
13 9.896680e-01 4.668000e-03 5.664000e-03
14 9.883840e-01 5.096000e-03 6.520000e-03
15 9.872080e-01 5.304000e-03 7.488000e-03
16 9.859600e-01 5.584000e-03 8.456000e-03
17 9.847240e-01 5.916000e-03 9.360000e-03
18 9.835280e-01 6.088000e-03 1.038400e-02
19 9.822400e-01 6.272000e-03 1.148800e-02
20 9.808200e-01 6.556000e-03 1.262400e-02
21 9.795200e-01 6.668000e-03 1.381200e-02
22 9.781480e-01 6.768000e-03 1.508400e-02
23 9.767760e-01 6.976000e-03 1.624800e-02
24 9.756200e-01 6.864000e-03 1.751600e-02
25 9.741640e-01 7.012000e-03 1.882400e-02
26 9.728160e-01 7.116000e-03 2.006800e-02
27 9.714760e-01 7.232000e-03 2.129200e-02
28 9.701880e-01 7.272000e-03 2.254000e-02
29 9.688400e-01 7.368000e-03 2.379200e-02
30 9.674800e-01 7.476000e-03 2.504400e-02
31 9.660480e-01 7.564000e-03 2.638800e-02
32 9.646760e-01 7.612000e-03 2.771200e-02
33 9.632800e-01 7.668000e-03 2.905200e-02
34 9.619400e-01 7.668000e-03 3.039200e-02
35 9.606560e-01 7.524000e-03 3.182000e-02
36 9.593600e-01 7.664000e-03 3.297600e-02
37 9.580920e-01 7.648000e-03 3.426000e-02
38 9.569480e-01 7.480000e-03 3.557200e-02
39 9.556800e-01 7.388000e-03 3.693200e-02
40 9.543800e-01 7.536000e-03 3.808400e-02
41 9.529760e-01 7.680000e-03 3.934400e-02
42 9.516080e-01 7.716000e-03 4.067600e-02
43 9.501320e-01 7.732000e-03 4.213600e-02
44 9.486560e-01 7.768000e-03 4.357600e-02
45 9.472280e-01 7.832000e-03 4.494000e-02
46 9.457560e-01 7.960000e-03 4.628400e-02
47 9.443400e-01 7.996000e-03 4.766400e-02
48 9.429600e-01 7.872000e-03 4.916800e-02
49 9.415360e-01 7.840000e-03 5.062400e-02
50 9.400880e-01 7.924000e-03 5.198800e-02
51 9.385680e-01 7.920000e-03 5.351200e-02
52 9.372000e-01 7.888000e-03 5.491200e-02
53 9.357680e-01 7.856000e-03 5.637600e-02
54 9.342520e-01 7.928000e-03 5.782000e-02
55 9.326640e-01 8.144000e-03 5.919200e-02
56 9.310760e-01 8.260000e-03 6.066400e-02
57 9.294840e-01 8.336000e-03 6.218000e-02
58 9.278480e-01 8.500000e-03 6.365200e-02
59 9.263440e-01 8.520000e-03 6.513600e-02
60 9.248240e-01 8.520000e-03 6.665600e-02
61 9.232240e-01 8.576000e-03 6.820000e-02
62 9.215800e-01 8.832000e-03 6.958800e-02
63 9.199200e-01 8.936000e-03 7.114400e-02
64 9.182920e-01 8.944000e-03 7.276400e-02
65 9.166400e-01 8.896000e-03 7.446400e-02
66 9.149360e-01 9.020000e-03 7.604400e-02
67 9.133920e-01 8.920000e-03 7.768800e-02
68 9.119240e-01 8.772000e-03 7.930400e-02
69 9.105000e-01 8.592000e-03 8.090800e-02
70 9.090920e-01 8.516000e-03 8.239200e-02
71 9.075280e-01 8.768000e-03 8.370400e-02
72 9.060440e-01 8.800000e-03 8.515600e-02
73 9.045360e-01 8.768000e-03 8.669600e-02
74 9.030200e-01 8.676000e-03 8.830400e-02
75 9.014440e-01 8.828000e-03 8.972800e-02
76 8.997960e-01 8.864000e-03 9.134000e-02
77 8.982560e-01 8.840000e-03 9.290400e-02
78 8.967440e-01 8.800000e-03 9.445600e-02
79 8.952200e-01 8.896000e-03 9.588400e-02
80 8.937120e-01 8.808000e-03 9.748000e-02
81 8.923000e-01 8.756000e-03 9.894400e-02
82 8.908320e-01 8.768000e-03 1.004000e-01
83 8.894640e-01 8.672000e-03 1.018640e-01
84 8.878720e-01 8.756000e-03 1.033720e-01
85 8.863080e-01 8.764000e-03 1.049280e-01
86 8.849040e-01 8.716000e-03 1.063800e-01
87 8.833680e-01 8.764000e-03 1.078680e-01
88 8.818080e-01 8.820000e-03 1.093720e-01
89 8.802200e-01 8.916000e-03 1.108640e-01
90 8.786000e-01 8.960000e-03 1.124400e-01
91 8.771680e-01 8.844000e-03 1.139880e-01
92 8.756240e-01 8.904000e-03 1.154720e-01
93 8.741360e-01 8.860000e-03 1.170040e-01
94 8.726680e-01 8.724000e-03 1.186080e-01
95 8.711520e-01 8.772000e-03 1.200760e-01
96 8.697040e-01 8.784000e-03 1.215120e-01
97 8.683120e-01 8.580000e-03 1.231080e-01
98 8.668200e-01 8.556000e-03 1.246240e-01
99 8.653720e-01 8.436000e-03 1.261920e-01
100 8.639040e-01 8.344000e-03 1.277520e-01
101 8.625160e-01 8.208000e-03 1.292760e-01
102 8.611480e-01 8.132000e-03 1.307200e-01
103 8.597960e-01 8.064000e-03 1.321400e-01
104 8.585520e-01 7.936000e-03 1.335120e-01
105 8.571320e-01 8.028000e-03 1.348400e-01
106 8.556840e-01 8.000000e-03 1.363160e-01
107 8.543120e-01 8.012000e-03 1.376760e-01
108 8.530200e-01 7.952000e-03 1.390280e-01
109 8.513760e-01 8.148000e-03 1.404760e-01
110 8.499680e-01 8.168000e-03 1.418640e-01
111 8.486760e-01 8.060000e-03 1.432640e-01
112 8.474200e-01 7.872000e-03 1.447080e-01
113 8.460520e-01 7.860000e-03 1.460880e-01
114 8.446120e-01 7.932000e-03 1.474560e-01
115 8.433120e-01 7.800000e-03 1.488880e-01
116 8.419240e-01 7.812000e-03 1.502640e-01
117 8.405520e-01 7.772000e-03 1.516760e-01
118 8.390640e-01 7.924000e-03 1.530120e-01
119 8.377320e-01 7.840000e-03 1.544280e-01
120 8.364000e-01 7.820000e-03 1.557800e-01
121 8.349240e-01 7.980000e-03 1.570960e-01
122 8.336560e-01 7.984000e-03 1.583600e-01
123 8.322720e-01 8.012000e-03 1.597160e-01
124 8.310000e-01 7.796000e-03 1.612040e-01
125 8.297280e-01 7.768000e-03 1.625040e-01
126 8.285080e-01 7.560000e-03 1.639320e-01
127 8.272640e-01 7.320000e-03 1.654160e-01
128 8.260640e-01 7.176000e-03 1.667600e-01
129 8.249600e-01 6.952000e-03 1.680880e-01
130 8.237800e-01 6.860000e-03 1.693600e-01
131 8.226400e-01 6.776000e-03 1.705840e-01
132 8.214840e-01 6.628000e-03 1.718880e-01
133 8.203280e-01 6.708000e-03 1.729640e-01
134 8.191600e-01 6.696000e-03 1.741440e-01
135 8.182800e-01 6.412000e-03 1.753080e-01
136 8.171760e-01 6.416000e-03 1.764080e-01
137 8.161040e-01 6.360000e-03 1.775360e-01
138 8.149440e-01 6.364000e-03 1.786920e-01
139 8.139680e-01 6.244000e-03 1.797880e-01
140 8.130120e-01 6.052000e-03 1.809360e-01
141 8.119240e-01 6.120000e-03 1.819560e-01
142 8.109880e-01 5.916000e-03 1.830960e-01
143 8.099760e-01 5.792000e-03 1.842320e-01
144 8.089920e-01 5.768000e-03 1.852400e-01
145 8.078880e-01 5.848000e-03 1.862640e-01
146 8.068360e-01 5.848000e-03 1.873160e-01
147 8.058120e-01 5.872000e-03 1.883160e-01
148 8.048880e-01 5.712000e-03 1.894000e-01
149 8.038400e-01 5.656000e-03 1.905040e-01
150 8.028600e-01 5.680000e-03 1.914600e-01
151 8.017280e-01 5.812000e-03 1.924600e-01
152 8.006680e-01 5.808000e-03 1.935240e-01
153 7.995920e-01 5.836000e-03 1.945720e-01
154 7.986320e-01 5.836000e-03 1.955320e-01
155 7.976360e-01 5.864000e-03 1.965000e-01
156 7.965160e-01 5.968000e-03 1.975160e-01
157 7.955600e-01 5.832000e-03 1.986080e-01
158 7.945640e-01 5.792000e-03 1.996440e-01
159 7.937600e-01 5.624000e-03 2.006160e-01
160 7.927880e-01 5.572000e-03 2.016400e-01
161 7.917400e-01 5.636000e-03 2.026240e-01
162 7.907840e-01 5.624000e-03 2.035920e-01
163 7.898520e-01 5.620000e-03 2.045280e-01
164 7.889040e-01 5.668000e-03 2.054280e-01
165 7.880040e-01 5.480000e-03 2.065160e-01
166 7.870000e-01 5.540000e-03 2.074600e-01
167 7.860080e-01 5.516000e-03 2.084760e-01
168 7.849560e-01 5.564000e-03 2.094800e-01
169 7.838120e-01 5.752000e-03 2.104360e-01
170 7.828080e-01 5.660000e-03 2.115320e-01
171 7.818120e-01 5.744000e-03 2.124440e-01
172 7.807840e-01 5.716000e-03 2.135000e-01
173 7.797240e-01 5.748000e-03 2.145280e-01
174 7.787600e-01 5.668000e-03 2.155720e-01
175 7.776880e-01 5.680000e-03 2.166320e-01
176 7.766360e-01 5.788000e-03 2.175760e-01
177 7.756480e-01 5.824000e-03 2.185280e-01
178 7.745880e-01 5.896000e-03 2.195160e-01
179 7.736600e-01 5.832000e-03 2.205080e-01
180 7.725960e-01 5.820000e-03 2.215840e-01
181 7.715640e-01 5.800000e-03 2.226360e-01
182 7.706600e-01 5.752000e-03 2.235880e-01
183 7.696360e-01 5.840000e-03 2.245240e-01
184 7.686720e-01 5.800000e-03 2.255280e-01
185 7.677240e-01 5.716000e-03 2.265600e-01
186 7.666520e-01 5.752000e-03 2.275960e-01
187 7.656320e-01 5.728000e-03 2.286400e-01
188 7.646080e-01 5.772000e-03 2.296200e-01
189 7.636960e-01 5.528000e-03 2.307760e-01
190 7.627800e-01 5.404000e-03 2.318160e-01
191 7.617840e-01 5.396000e-03 2.328200e-01
192 7.609440e-01 5.212000e-03 2.338440e-01
193 7.601280e-01 5.092000e-03 2.347800e-01
194 7.593000e-01 5.020000e-03 2.356800e-01
195 7.584520e-01 4.888000e-03 2.366600e-01
196 7.577440e-01 4.716000e-03 2.375400e-01
197 7.570240e-01 4.616000e-03 2.383600e-01
198 7.562480e-01 4.648000e-03 2.391040e-01
199 7.554360e-01 4.648000e-03 2.399160e-01
200 7.546960e-01 4.592000e-03 2.407120e-01
201 7.539160e-01 4.512000e-03 2.415720e-01
202 7.531640e-01 4.476000e-03 2.423600e-01
203 7.524880e-01 4.396000e-03 2.431160e-01
204 7.516920e-01 4.400000e-03 2.439080e-01
205 7.509800e-01 4.288000e-03 2.447320e-01
206 7.502240e-01 4.308000e-03 2.454680e-01
207 7.495520e-01 4.252000e-03 2.461960e-01
208 7.488240e-01 4.188000e-03 2.469880e-01
209 7.481680e-01 4.092000e-03 2.477400e-01
210 7.474120e-01 4.212000e-03 2.483760e-01
211 7.465720e-01 4.248000e-03 2.491800e-01
212 7.458560e-01 4.200000e-03 2.499440e-01
213 7.450000e-01 4.316000e-03 2.506840e-01
214 7.442080e-01 4.360000e-03 2.514320e-01
215 7.435840e-01 4.176000e-03 2.522400e-01
216 7.428840e-01 4.160000e-03 2.529560e-01
217 7.422880e-01 3.984000e-03 2.537280e-01
218 7.416440e-01 3.988000e-03 2.543680e-01
219 7.410400e-01 3.868000e-03 2.550920e-01
220 7.404000e-01 3.816000e-03 2.557840e-01
221 7.396880e-01 3.876000e-03 2.564360e-01
222 7.390000e-01 3.828000e-03 2.571720e-01
223 7.382920e-01 3.824000e-03 2.578840e-01
224 7.375680e-01 3.888000e-03 2.585440e-01
225 7.368560e-01 3.884000e-03 2.592600e-01
226 7.363080e-01 3.796000e-03 2.598960e-01
227 7.355760e-01 3.892000e-03 2.605320e-01
228 7.347960e-01 4.004000e-03 2.612000e-01
229 7.341040e-01 3.964000e-03 2.619320e-01
230 7.334040e-01 3.932000e-03 2.626640e-01
231 7.326680e-01 4.104000e-03 2.632280e-01
232 7.319440e-01 4.148000e-03 2.639080e-01
233 7.312080e-01 4.040000e-03 2.647520e-01
234 7.305040e-01 4.044000e-03 2.654520e-01
235 7.298920e-01 3.944000e-03 2.661640e-01
236 7.292640e-01 3.820000e-03 2.669160e-01
237 7.286480e-01 3.700000e-03 2.676520e-01
238 7.279840e-01 3.688000e-03 2.683280e-01
239 7.273760e-01 3.616000e-03 2.690080e-01
240 7.267840e-01 3.624000e-03 2.695920e-01
241 7.260960e-01 3.608000e-03 2.702960e-01
242 7.255480e-01 3.484000e-03 2.709680e-01
243 7.250360e-01 3.444000e-03 2.715200e-01
244 7.244960e-01 3.444000e-03 2.720600e-01
245 7.239440e-01 3.428000e-03 2.726280e-01
246 7.234280e-01 3.376000e-03 2.731960e-01
247 7.229360e-01 3.324000e-03 2.737400e-01
248 7.224440e-01 3.260000e-03 2.742960e-01
249 7.217840e-01 3.288000e-03 2.749280e-01
250 7.212640e-01 3.204000e-03 2.755320e-01
251 7.208240e-01 3.108000e-03 2.760680e-01
252 7.203640e-01 3.036000e-03 2.766000e-01
253 7.199560e-01 2.916000e-03 2.771280e-01
254 7.194120e-01 2.932000e-03 2.776560e-01
255 7.189440e-01 2.932000e-03 2.781240e-01
256 7.185240e-01 2.844000e-03 2.786320e-01
257 7.179720e-01 2.920000e-03 2.791080e-01
258 7.174640e-01 2.900000e-03 2.796360e-01
259 7.169160e-01 2.924000e-03 2.801600e-01
260 7.164960e-01 2.776000e-03 2.807280e-01
261 7.159200e-01 2.892000e-03 2.811880e-01
262 7.154400e-01 2.892000e-03 2.816680e-01
263 7.148520e-01 3.040000e-03 2.821080e-01
264 7.142160e-01 3.128000e-03 2.826560e-01
265 7.136280e-01 3.160000e-03 2.832120e-01
266 7.130880e-01 3.148000e-03 2.837640e-01
267 7.125680e-01 3.136000e-03 2.842960e-01
268 7.119600e-01 3.212000e-03 2.848280e-01
269 7.113640e-01 3.236000e-03 2.854000e-01
270 7.107440e-01 3.252000e-03 2.860040e-01
271 7.101240e-01 3.336000e-03 2.865400e-01
272 7.094480e-01 3.452000e-03 2.871000e-01
273 7.087800e-01 3.580000e-03 2.876400e-01
274 7.082000e-01 3.536000e-03 2.882640e-01
275 7.076160e-01 3.404000e-03 2.889800e-01
276 7.069600e-01 3.456000e-03 2.895840e-01
277 7.062960e-01 3.552000e-03 2.901520e-01
278 7.056280e-01 3.616000e-03 2.907560e-01
279 7.048920e-01 3.792000e-03 2.913160e-01
280 7.042480e-01 3.796000e-03 2.919560e-01
281 7.036080e-01 3.820000e-03 2.925720e-01
282 7.029760e-01 3.856000e-03 2.931680e-01
283 7.023720e-01 3.840000e-03 2.937880e-01
284 7.017800e-01 3.872000e-03 2.943480e-01
285 7.011480e-01 3.868000e-03 2.949840e-01
286 7.005240e-01 3.812000e-03 2.956640e-01
287 6.999320e-01 3.724000e-03 2.963440e-01
288 6.993520e-01 3.660000e-03 2.969880e-01
289 6.987480e-01 3.644000e-03 2.976080e-01
290 6.981720e-01 3.580000e-03 2.982480e-01
291 6.975680e-01 3.604000e-03 2.988280e-01
292 6.969640e-01 3.560000e-03 2.994760e-01
293 6.964320e-01 3.508000e-03 3.000600e-01
294 6.959120e-01 3.444000e-03 3.006440e-01
295 6.953520e-01 3.396000e-03 3.012520e-01
296 6.948360e-01 3.304000e-03 3.018600e-01
297 6.943360e-01 3.212000e-03 3.024520e-01
298 6.938280e-01 3.120000e-03 3.030520e-01
299 6.934840e-01 2.920000e-03 3.035960e-01
300 6.931040e-01 2.808000e-03 3.040880e-01
301 6.927080e-01 2.772000e-03 3.045200e-01
302 6.923520e-01 2.636000e-03 3.050120e-01
303 6.920120e-01 2.520000e-03 3.054680e-01
304 6.917280e-01 2.336000e-03 3.059360e-01
305 6.912960e-01 2.368000e-03 3.063360e-01
306 6.909200e-01 2.384000e-03 3.066960e-01
307 6.905480e-01 2.364000e-03 3.070880e-01
308 6.901880e-01 2.364000e-03 3.074480e-01
309 6.896680e-01 2.428000e-03 3.079040e-01
310 6.892440e-01 2.444000e-03 3.083120e-01
311 6.887880e-01 2.468000e-03 3.087440e-01
312 6.883640e-01 2.480000e-03 3.091560e-01
313 6.879200e-01 2.516000e-03 3.095640e-01
314 6.875280e-01 2.476000e-03 3.099960e-01
315 6.870560e-01 2.504000e-03 3.104400e-01
316 6.866640e-01 2.436000e-03 3.109000e-01
317 6.862800e-01 2.440000e-03 3.112800e-01
318 6.858720e-01 2.420000e-03 3.117080e-01
319 6.854920e-01 2.444000e-03 3.120640e-01
320 6.851320e-01 2.392000e-03 3.124760e-01
321 6.847360e-01 2.356000e-03 3.129080e-01
322 6.844120e-01 2.280000e-03 3.133080e-01
323 6.839600e-01 2.320000e-03 3.137200e-01
324 6.835400e-01 2.348000e-03 3.141120e-01
325 6.831320e-01 2.312000e-03 3.145560e-01
326 6.827160e-01 2.316000e-03 3.149680e-01
327 6.822800e-01 2.348000e-03 3.153720e-01
328 6.817480e-01 2.480000e-03 3.157720e-01
329 6.813840e-01 2.396000e-03 3.162200e-01
330 6.809400e-01 2.476000e-03 3.165840e-01
331 6.805520e-01 2.468000e-03 3.169800e-01
332 6.800960e-01 2.448000e-03 3.174560e-01
333 6.796040e-01 2.472000e-03 3.179240e-01
334 6.791400e-01 2.504000e-03 3.183560e-01
335 6.786280e-01 2.604000e-03 3.187680e-01
336 6.781720e-01 2.648000e-03 3.191800e-01
337 6.777080e-01 2.652000e-03 3.196400e-01
338 6.772240e-01 2.704000e-03 3.200720e-01
339 6.767760e-01 2.620000e-03 3.206040e-01
340 6.763760e-01 2.524000e-03 3.211000e-01
341 6.759080e-01 2.468000e-03 3.216240e-01
342 6.755080e-01 2.448000e-03 3.220440e-01
343 6.751240e-01 2.444000e-03 3.224320e-01
344 6.747040e-01 2.412000e-03 3.228840e-01
345 6.743920e-01 2.332000e-03 3.232760e-01
346 6.738840e-01 2.344000e-03 3.237720e-01
347 6.735320e-01 2.308000e-03 3.241600e-01
348 6.731440e-01 2.296000e-03 3.245600e-01
349 6.726920e-01 2.352000e-03 3.249560e-01
350 6.723040e-01 2.300000e-03 3.253960e-01
351 6.719080e-01 2.276000e-03 3.258160e-01
352 6.714520e-01 2.292000e-03 3.262560e-01
353 6.711720e-01 2.224000e-03 3.266040e-01
354 6.708000e-01 2.240000e-03 3.269600e-01
355 6.703680e-01 2.280000e-03 3.273520e-01
356 6.699240e-01 2.352000e-03 3.277240e-01
357 6.695240e-01 2.356000e-03 3.281200e-01
358 6.691520e-01 2.324000e-03 3.285240e-01
359 6.687200e-01 2.316000e-03 3.289640e-01
360 6.683160e-01 2.340000e-03 3.293440e-01
361 6.679120e-01 2.308000e-03 3.297800e-01
362 6.674720e-01 2.284000e-03 3.302440e-01
363 6.670960e-01 2.292000e-03 3.306120e-01
364 6.666400e-01 2.388000e-03 3.309720e-01
365 6.661720e-01 2.472000e-03 3.313560e-01
366 6.656960e-01 2.512000e-03 3.317920e-01
367 6.651920e-01 2.564000e-03 3.322440e-01
368 6.646880e-01 2.616000e-03 3.326960e-01
369 6.642520e-01 2.616000e-03 3.331320e-01
370 6.638480e-01 2.576000e-03 3.335760e-01
371 6.634320e-01 2.516000e-03 3.340520e-01
372 6.630400e-01 2.464000e-03 3.344960e-01
373 6.625760e-01 2.492000e-03 3.349320e-01
374 6.621760e-01 2.408000e-03 3.354160e-01
375 6.617360e-01 2.404000e-03 3.358600e-01
376 6.613560e-01 2.396000e-03 3.362480e-01
377 6.609080e-01 2.436000e-03 3.366560e-01
378 6.604960e-01 2.356000e-03 3.371480e-01
379 6.602320e-01 2.260000e-03 3.375080e-01
380 6.598560e-01 2.232000e-03 3.379120e-01
381 6.595520e-01 2.188000e-03 3.382600e-01
382 6.592080e-01 2.168000e-03 3.386240e-01
383 6.589040e-01 2.096000e-03 3.390000e-01
384 6.585720e-01 2.020000e-03 3.394080e-01
385 6.582840e-01 1.964000e-03 3.397520e-01
386 6.580160e-01 1.856000e-03 3.401280e-01
387 6.576960e-01 1.788000e-03 3.405160e-01
388 6.574360e-01 1.748000e-03 3.408160e-01
389 6.571680e-01 1.688000e-03 3.411440e-01
390 6.568960e-01 1.696000e-03 3.414080e-01
391 6.566320e-01 1.660000e-03 3.417080e-01
392 6.564480e-01 1.572000e-03 3.419800e-01
393 6.562000e-01 1.484000e-03 3.423160e-01
394 6.559240e-01 1.500000e-03 3.425760e-01
395 6.557000e-01 1.444000e-03 3.428560e-01
396 6.554520e-01 1.452000e-03 3.430960e-01
397 6.551920e-01 1.436000e-03 3.433720e-01
398 6.548600e-01 1.492000e-03 3.436480e-01
399 6.545400e-01 1.520000e-03 3.439400e-01
400 6.542680e-01 1.536000e-03 3.441960e-01
401 6.540000e-01 1.512000e-03 3.444880e-01
402 6.537240e-01 1.548000e-03 3.447280e-01
403 6.534680e-01 1.528000e-03 3.450040e-01
404 6.531160e-01 1.612000e-03 3.452720e-01
405 6.528520e-01 1.588000e-03 3.455600e-01
406 6.526000e-01 1.544000e-03 3.458560e-01
407 6.523720e-01 1.472000e-03 3.461560e-01
408 6.521480e-01 1.408000e-03 3.464440e-01
409 6.518880e-01 1.412000e-03 3.467000e-01
410 6.516520e-01 1.400000e-03 3.469480e-01
411 6.514280e-01 1.372000e-03 3.472000e-01
412 6.511880e-01 1.380000e-03 3.474320e-01
413 6.509200e-01 1.436000e-03 3.476440e-01
414 6.506040e-01 1.492000e-03 3.479040e-01
415 6.503200e-01 1.484000e-03 3.481960e-01
416 6.500320e-01 1.528000e-03 3.484400e-01
417 6.497400e-01 1.544000e-03 3.487160e-01
418 6.495120e-01 1.536000e-03 3.489520e-01
419 6.492680e-01 1.524000e-03 3.492080e-01
420 6.489480e-01 1.536000e-03 3.495160e-01
421 6.486840e-01 1.572000e-03 3.497440e-01
422 6.483920e-01 1.588000e-03 3.500200e-01
423 6.481000e-01 1.528000e-03 3.503720e-01
424 6.478040e-01 1.576000e-03 3.506200e-01
425 6.475240e-01 1.584000e-03 3.508920e-01
426 6.472800e-01 1.488000e-03 3.512320e-01
427 6.470840e-01 1.432000e-03 3.514840e-01
428 6.468000e-01 1.444000e-03 3.517560e-01
429 6.465760e-01 1.412000e-03 3.520120e-01
430 6.463440e-01 1.396000e-03 3.522600e-01
431 6.460880e-01 1.348000e-03 3.525640e-01
432 6.458240e-01 1.392000e-03 3.527840e-01
433 6.455960e-01 1.356000e-03 3.530480e-01
434 6.453160e-01 1.384000e-03 3.533000e-01
435 6.450680e-01 1.392000e-03 3.535400e-01
436 6.448120e-01 1.384000e-03 3.538040e-01
437 6.445760e-01 1.356000e-03 3.540680e-01
438 6.443040e-01 1.396000e-03 3.543000e-01
439 6.441000e-01 1.332000e-03 3.545680e-01
440 6.438840e-01 1.360000e-03 3.547560e-01
441 6.436800e-01 1.296000e-03 3.550240e-01
442 6.434440e-01 1.224000e-03 3.553320e-01
443 6.431560e-01 1.336000e-03 3.555080e-01
444 6.429320e-01 1.348000e-03 3.557200e-01
445 6.426440e-01 1.344000e-03 3.560120e-01
446 6.424440e-01 1.332000e-03 3.562240e-01
447 6.422000e-01 1.328000e-03 3.564720e-01
448 6.419400e-01 1.340000e-03 3.567200e-01
449 6.417560e-01 1.284000e-03 3.569600e-01
450 6.415240e-01 1.292000e-03 3.571840e-01
451 6.413600e-01 1.192000e-03 3.574480e-01
452 6.412440e-01 1.092000e-03 3.576640e-01
453 6.411480e-01 9.760000e-04 3.578760e-01
454 6.410320e-01 9.280000e-04 3.580400e-01
455 6.408840e-01 9.600000e-04 3.581560e-01
456 6.407280e-01 9.480000e-04 3.583240e-01
457 6.405840e-01 9.200000e-04 3.584960e-01
458 6.404640e-01 9.000000e-04 3.586360e-01
459 6.403080e-01 9.000000e-04 3.587920e-01
460 6.401480e-01 8.760000e-04 3.589760e-01
461 6.400160e-01 8.680000e-04 3.591160e-01
462 6.398680e-01 8.840000e-04 3.592480e-01
463 6.397480e-01 8.280000e-04 3.594240e-01
464 6.396560e-01 7.760000e-04 3.595680e-01
465 6.395120e-01 7.960000e-04 3.596920e-01
466 6.394280e-01 7.520000e-04 3.598200e-01
467 6.393560e-01 7.120000e-04 3.599320e-01
468 6.392440e-01 7.000000e-04 3.600560e-01
469 6.391640e-01 6.680000e-04 3.601680e-01
470 6.390840e-01 6.400000e-04 3.602760e-01
471 6.390000e-01 6.120000e-04 3.603880e-01
472 6.388840e-01 6.520000e-04 3.604640e-01
473 6.387760e-01 6.400000e-04 3.605840e-01
474 6.386800e-01 6.120000e-04 3.607080e-01
475 6.385080e-01 6.400000e-04 3.608520e-01
476 6.384280e-01 6.080000e-04 3.609640e-01
477 6.383280e-01 6.000000e-04 3.610720e-01
478 6.382160e-01 6.000000e-04 3.611840e-01
479 6.381320e-01 5.960000e-04 3.612720e-01
480 6.380240e-01 6.040000e-04 3.613720e-01
481 6.379520e-01 5.800000e-04 3.614680e-01
482 6.378880e-01 5.240000e-04 3.615880e-01
483 6.378360e-01 4.760000e-04 3.616880e-01
484 6.377760e-01 4.640000e-04 3.617600e-01
485 6.377080e-01 4.360000e-04 3.618560e-01
486 6.376400e-01 4.200000e-04 3.619400e-01
487 6.375720e-01 4.160000e-04 3.620120e-01
488 6.374760e-01 4.160000e-04 3.621080e-01
489 6.374200e-01 3.880000e-04 3.621920e-01
490 6.373600e-01 3.800000e-04 3.622600e-01
491 6.373040e-01 3.720000e-04 3.623240e-01
492 6.372680e-01 3.400000e-04 3.623920e-01
493 6.371920e-01 3.600000e-04 3.624480e-01
494 6.371480e-01 3.360000e-04 3.625160e-01
495 6.371200e-01 3.040000e-04 3.625760e-01
496 6.370680e-01 2.800000e-04 3.626520e-01
497 6.370400e-01 2.800000e-04 3.626800e-01
498 6.370240e-01 2.400000e-04 3.627360e-01
499 6.370000e-01 2.240000e-04 3.627760e-01
500 6.369560e-01 2.240000e-04 3.628200e-01
