1 9.992120e-01 6.840000e-04 1.040000e-04
2 9.987600e-01 9.600000e-04 2.800000e-04
3 9.981320e-01 1.356000e-03 5.120000e-04
4 9.973800e-01 1.848000e-03 7.720000e-04
5 9.966240e-01 2.184000e-03 1.192000e-03
6 9.958880e-01 2.556000e-03 1.556000e-03
7 9.950400e-01 2.920000e-03 2.040000e-03
8 9.940960e-01 3.308000e-03 2.596000e-03
9 9.931440e-01 3.684000e-03 3.172000e-03
10 9.920840e-01 4.036000e-03 3.880000e-03
11 9.911240e-01 4.336000e-03 4.540000e-03
12 9.899840e-01 4.632000e-03 5.384000e-03
13 9.888320e-01 4.988000e-03 6.180000e-03
14 9.877600e-01 5.164000e-03 7.076000e-03
15 9.866600e-01 5.316000e-03 8.024000e-03
16 9.853960e-01 5.648000e-03 8.956000e-03
17 9.842560e-01 5.884000e-03 9.860000e-03
18 9.830160e-01 6.088000e-03 1.089600e-02
19 9.817600e-01 6.264000e-03 1.197600e-02
20 9.806960e-01 6.260000e-03 1.304400e-02
21 9.792920e-01 6.548000e-03 1.416000e-02
22 9.778840e-01 6.756000e-03 1.536000e-02
23 9.763960e-01 7.116000e-03 1.648800e-02
24 9.749680e-01 7.292000e-03 1.774000e-02
25 9.734320e-01 7.468000e-03 1.910000e-02
26 9.720120e-01 7.564000e-03 2.042400e-02
27 9.704800e-01 7.720000e-03 2.180000e-02
28 9.690360e-01 7.760000e-03 2.320400e-02
29 9.676520e-01 7.796000e-03 2.455200e-02
30 9.659640e-01 8.172000e-03 2.586400e-02
31 9.645520e-01 8.216000e-03 2.723200e-02
32 9.630600e-01 8.180000e-03 2.876000e-02
33 9.615360e-01 8.380000e-03 3.008400e-02
34 9.599880e-01 8.380000e-03 3.163200e-02
35 9.583960e-01 8.492000e-03 3.311200e-02
36 9.570240e-01 8.400000e-03 3.457600e-02
37 9.556640e-01 8.288000e-03 3.604800e-02
38 9.542040e-01 8.352000e-03 3.744400e-02
39 9.525680e-01 8.480000e-03 3.895200e-02
40 9.510040e-01 8.576000e-03 4.042000e-02
41 9.495360e-01 8.584000e-03 4.188000e-02
42 9.478280e-01 8.700000e-03 4.347200e-02
43 9.462520e-01 8.756000e-03 4.499200e-02
44 9.445760e-01 8.960000e-03 4.646400e-02
45 9.429280e-01 9.132000e-03 4.794000e-02
46 9.412760e-01 9.224000e-03 4.950000e-02
47 9.396480e-01 9.256000e-03 5.109600e-02
48 9.379800e-01 9.148000e-03 5.287200e-02
49 9.362920e-01 9.224000e-03 5.448400e-02
50 9.345480e-01 9.136000e-03 5.631600e-02
51 9.327880e-01 9.280000e-03 5.793200e-02
52 9.311640e-01 9.132000e-03 5.970400e-02
53 9.293480e-01 9.260000e-03 6.139200e-02
54 9.278440e-01 9.088000e-03 6.306800e-02
55 9.262160e-01 9.256000e-03 6.452800e-02
56 9.247400e-01 9.052000e-03 6.620800e-02
57 9.232160e-01 9.036000e-03 6.774800e-02
58 9.217040e-01 8.964000e-03 6.933200e-02
59 9.201520e-01 9.020000e-03 7.082800e-02
60 9.183800e-01 9.100000e-03 7.252000e-02
61 9.168400e-01 9.032000e-03 7.412800e-02
62 9.150840e-01 9.200000e-03 7.571600e-02
63 9.133000e-01 9.348000e-03 7.735200e-02
64 9.116200e-01 9.340000e-03 7.904000e-02
65 9.098000e-01 9.512000e-03 8.068800e-02
66 9.081440e-01 9.456000e-03 8.240000e-02
67 9.065480e-01 9.420000e-03 8.403200e-02
68 9.048800e-01 9.416000e-03 8.570400e-02
69 9.031960e-01 9.416000e-03 8.738800e-02
70 9.017680e-01 9.316000e-03 8.891600e-02
71 9.001160e-01 9.256000e-03 9.062800e-02
72 8.984120e-01 9.348000e-03 9.224000e-02
73 8.966880e-01 9.296000e-03 9.401600e-02
74 8.950800e-01 9.264000e-03 9.565600e-02
75 8.933200e-01 9.444000e-03 9.723600e-02
76 8.916960e-01 9.360000e-03 9.894400e-02
77 8.899480e-01 9.592000e-03 1.004600e-01
78 8.882480e-01 9.632000e-03 1.021200e-01
79 8.865160e-01 9.720000e-03 1.037640e-01
80 8.849040e-01 9.656000e-03 1.054400e-01
81 8.833440e-01 9.388000e-03 1.072680e-01
82 8.818320e-01 9.260000e-03 1.089080e-01
83 8.803480e-01 9.112000e-03 1.105400e-01
84 8.790080e-01 8.900000e-03 1.120920e-01
85 8.775600e-01 8.700000e-03 1.137400e-01
86 8.761200e-01 8.688000e-03 1.151920e-01
87 8.747600e-01 8.412000e-03 1.168280e-01
88 8.734520e-01 8.232000e-03 1.183160e-01
89 8.720680e-01 8.244000e-03 1.196880e-01
90 8.708120e-01 8.144000e-03 1.210440e-01
91 8.695040e-01 8.160000e-03 1.223360e-01
92 8.681360e-01 8.080000e-03 1.237840e-01
93 8.669160e-01 7.992000e-03 1.250920e-01
94 8.655680e-01 7.852000e-03 1.265800e-01
95 8.643720e-01 7.704000e-03 1.279240e-01
96 8.631080e-01 7.584000e-03 1.293080e-01
97 8.617480e-01 7.572000e-03 1.306800e-01
98 8.606200e-01 7.432000e-03 1.319480e-01
99 8.594520e-01 7.248000e-03 1.333000e-01
100 8.582400e-01 7.252000e-03 1.345080e-01
101 8.570320e-01 7.088000e-03 1.358800e-01
102 8.557240e-01 7.192000e-03 1.370840e-01
103 8.544280e-01 7.268000e-03 1.383040e-01
104 8.531440e-01 7.280000e-03 1.395760e-01
105 8.520720e-01 7.084000e-03 1.408440e-01
106 8.508760e-01 7.052000e-03 1.420720e-01
107 8.496040e-01 7.116000e-03 1.432800e-01
108 8.482840e-01 7.172000e-03 1.445440e-01
109 8.469840e-01 7.212000e-03 1.458040e-01
110 8.455800e-01 7.272000e-03 1.471480e-01
111 8.443960e-01 7.200000e-03 1.484040e-01
112 8.430600e-01 7.288000e-03 1.496520e-01
113 8.417760e-01 7.392000e-03 1.508320e-01
114 8.405400e-01 7.308000e-03 1.521520e-01
115 8.391200e-01 7.344000e-03 1.535360e-01
116 8.378840e-01 7.340000e-03 1.547760e-01
117 8.367840e-01 7.092000e-03 1.561240e-01
118 8.356000e-01 7.092000e-03 1.573080e-01
119 8.343600e-01 7.028000e-03 1.586120e-01
120 8.332200e-01 6.980000e-03 1.598000e-01
121 8.321360e-01 6.860000e-03 1.610040e-01
122 8.308480e-01 6.948000e-03 1.622040e-01
123 8.297400e-01 6.780000e-03 1.634800e-01
124 8.286520e-01 6.664000e-03 1.646840e-01
125 8.274280e-01 6.636000e-03 1.659360e-01
126 8.262720e-01 6.752000e-03 1.669760e-01
127 8.251680e-01 6.608000e-03 1.682240e-01
128 8.240680e-01 6.536000e-03 1.693960e-01
129 8.231240e-01 6.424000e-03 1.704520e-01
130 8.222080e-01 6.188000e-03 1.716040e-01
131 8.211120e-01 6.204000e-03 1.726840e-01
132 8.199560e-01 6.324000e-03 1.737200e-01
133 8.187080e-01 6.508000e-03 1.747840e-01
134 8.175200e-01 6.492000e-03 1.759880e-01
135 8.163800e-01 6.448000e-03 1.771720e-01
136 8.151160e-01 6.600000e-03 1.782840e-01
137 8.141160e-01 6.528000e-03 1.793560e-01
138 8.129760e-01 6.592000e-03 1.804320e-01
139 8.118840e-01 6.636000e-03 1.814800e-01
140 8.107160e-01 6.736000e-03 1.825480e-01
141 8.095360e-01 6.744000e-03 1.837200e-01
142 8.083840e-01 6.624000e-03 1.849920e-01
143 8.071600e-01 6.732000e-03 1.861080e-01
144 8.059280e-01 6.904000e-03 1.871680e-01
145 8.048680e-01 6.712000e-03 1.884200e-01
146 8.037440e-01 6.648000e-03 1.896080e-01
147 8.024880e-01 6.576000e-03 1.909360e-01
148 8.014000e-01 6.580000e-03 1.920200e-01
149 8.003600e-01 6.548000e-03 1.930920e-01
150 7.992200e-01 6.604000e-03 1.941760e-01
151 7.982480e-01 6.428000e-03 1.953240e-01
152 7.970200e-01 6.632000e-03 1.963480e-01
153 7.959000e-01 6.468000e-03 1.976320e-01
154 7.948280e-01 6.360000e-03 1.988120e-01
155 7.938000e-01 6.432000e-03 1.997680e-01
156 7.928200e-01 6.268000e-03 2.009120e-01
157 7.916800e-01 6.288000e-03 2.020320e-01
158 7.905840e-01 6.304000e-03 2.031120e-01
159 7.895080e-01 6.252000e-03 2.042400e-01
160 7.884120e-01 6.372000e-03 2.052160e-01
161 7.873320e-01 6.368000e-03 2.063000e-01
162 7.863640e-01 6.260000e-03 2.073760e-01
163 7.853160e-01 6.240000e-03 2.084440e-01
164 7.842080e-01 6.240000e-03 2.095520e-01
165 7.831840e-01 6.172000e-03 2.106440e-01
166 7.822200e-01 6.020000e-03 2.117600e-01
167 7.811200e-01 6.088000e-03 2.127920e-01
168 7.800840e-01 6.008000e-03 2.139080e-01
169 7.790320e-01 5.880000e-03 2.150880e-01
170 7.780760e-01 5.836000e-03 2.160880e-01
171 7.771840e-01 5.668000e-03 2.171480e-01
172 7.762800e-01 5.624000e-03 2.180960e-01
173 7.753800e-01 5.516000e-03 2.191040e-01
174 7.745200e-01 5.508000e-03 2.199720e-01
175 7.735960e-01 5.464000e-03 2.209400e-01
176 7.726680e-01 5.460000e-03 2.218720e-01
177 7.718240e-01 5.312000e-03 2.228640e-01
178 7.708480e-01 5.432000e-03 2.237200e-01
179 7.700040e-01 5.408000e-03 2.245880e-01
180 7.690920e-01 5.468000e-03 2.254400e-01
181 7.681080e-01 5.536000e-03 2.263560e-01
182 7.671960e-01 5.476000e-03 2.273280e-01
183 7.662680e-01 5.408000e-03 2.283240e-01
184 7.653080e-01 5.476000e-03 2.292160e-01
185 7.643280e-01 5.500000e-03 2.301720e-01
186 7.634480e-01 5.400000e-03 2.311520e-01
187 7.626000e-01 5.308000e-03 2.320920e-01
188 7.616560e-01 5.380000e-03 2.329640e-01
189 7.607120e-01 5.468000e-03 2.338200e-01
190 7.598240e-01 5.444000e-03 2.347320e-01
191 7.590280e-01 5.264000e-03 2.357080e-01
192 7.580520e-01 5.280000e-03 2.366680e-01
193 7.570960e-01 5.292000e-03 2.376120e-01
194 7.561120e-01 5.364000e-03 2.385240e-01
195 7.552600e-01 5.256000e-03 2.394840e-01
196 7.543840e-01 5.232000e-03 2.403840e-01
197 7.535960e-01 5.056000e-03 2.413480e-01
198 7.528120e-01 4.944000e-03 2.422440e-01
199 7.520440e-01 4.900000e-03 2.430560e-01
200 7.513160e-01 4.776000e-03 2.439080e-01
201 7.506600e-01 4.548000e-03 2.447920e-01
202 7.499160e-01 4.588000e-03 2.454960e-01
203 7.491680e-01 4.456000e-03 2.463760e-01
204 7.484360e-01 4.404000e-03 2.471600e-01
205 7.476320e-01 4.408000e-03 2.479600e-01
206 7.468720e-01 4.376000e-03 2.487520e-01
207 7.461640e-01 4.232000e-03 2.496040e-01
208 7.454760e-01 4.248000e-03 2.502760e-01
209 7.448120e-01 4.220000e-03 2.509680e-01
210 7.439480e-01 4.396000e-03 2.516560e-01
211 7.432240e-01 4.192000e-03 2.525840e-01
212 7.425480e-01 4.048000e-03 2.534040e-01
213 7.418920e-01 3.988000e-03 2.541200e-01
214 7.411880e-01 3.996000e-03 2.548160e-01
215 7.404880e-01 4.068000e-03 2.554440e-01
216 7.397680e-01 4.040000e-03 2.561920e-01
217 7.390520e-01 4.040000e-03 2.569080e-01
218 7.382920e-01 4.104000e-03 2.576040e-01
219 7.375080e-01 4.168000e-03 2.583240e-01
220 7.368320e-01 4.132000e-03 2.590360e-01
221 7.361960e-01 4.072000e-03 2.597320e-01
222 7.354960e-01 4.012000e-03 2.604920e-01
223 7.348720e-01 3.936000e-03 2.611920e-01
224 7.342400e-01 3.968000e-03 2.617920e-01
225 7.335160e-01 3.924000e-03 2.625600e-01
226 7.328760e-01 3.896000e-03 2.632280e-01
227 7.322160e-01 3.876000e-03 2.639080e-01
228 7.315000e-01 3.932000e-03 2.645680e-01
229 7.308240e-01 3.892000e-03 2.652840e-01
230 7.301040e-01 3.920000e-03 2.659760e-01
231 7.294040e-01 3.952000e-03 2.666440e-01
232 7.288160e-01 3.888000e-03 2.672960e-01
233 7.280440e-01 3.936000e-03 2.680200e-01
234 7.273800e-01 3.892000e-03 2.687280e-01
235 7.266920e-01 3.808000e-03 2.695000e-01
236 7.259640e-01 3.900000e-03 2.701360e-01
237 7.252120e-01 4.036000e-03 2.707520e-01
238 7.244280e-01 4.172000e-03 2.714000e-01
239 7.235800e-01 4.332000e-03 2.720880e-01
240 7.228320e-01 4.332000e-03 2.728360e-01
241 7.221680e-01 4.176000e-03 2.736560e-01
242 7.214120e-01 4.224000e-03 2.743640e-01
243 7.205760e-01 4.392000e-03 2.750320e-01
244 7.198080e-01 4.348000e-03 2.758440e-01
245 7.191160e-01 4.284000e-03 2.766000e-01
246 7.184760e-01 4.176000e-03 2.773480e-01
247 7.177920e-01 4.084000e-03 2.781240e-01
248 7.172120e-01 3.932000e-03 2.788560e-01
249 7.166040e-01 3.804000e-03 2.795920e-01
250 7.159400e-01 3.896000e-03 2.801640e-01
251 7.152720e-01 3.936000e-03 2.807920e-01
252 7.146320e-01 3.860000e-03 2.815080e-01
253 7.141160e-01 3.748000e-03 2.821360e-01
254 7.134760e-01 3.756000e-03 2.827680e-01
255 7.128720e-01 3.716000e-03 2.834120e-01
256 7.122840e-01 3.668000e-03 2.840480e-01
257 7.116960e-01 3.536000e-03 2.847680e-01
258 7.110840e-01 3.572000e-03 2.853440e-01
259 7.105440e-01 3.504000e-03 2.859520e-01
260 7.099840e-01 3.396000e-03 2.866200e-01
261 7.092960e-01 3.528000e-03 2.871760e-01
262 7.086880e-01 3.608000e-03 2.877040e-01
263 7.080760e-01 3.600000e-03 2.883240e-01
264 7.074360e-01 3.660000e-03 2.889040e-01
265 7.068640e-01 3.520000e-03 2.896160e-01
266 7.062800e-01 3.516000e-03 2.902040e-01
267 7.057640e-01 3.400000e-03 2.908360e-01
268 7.051600e-01 3.408000e-03 2.914320e-01
269 7.045840e-01 3.388000e-03 2.920280e-01
270 7.039760e-01 3.400000e-03 2.926240e-01
271 7.033960e-01 3.416000e-03 2.931880e-01
272 7.028360e-01 3.340000e-03 2.938240e-01
273 7.023000e-01 3.184000e-03 2.945160e-01
274 7.017880e-01 3.196000e-03 2.950160e-01
275 7.013520e-01 3.060000e-03 2.955880e-01
276 7.009360e-01 2.960000e-03 2.961040e-01
277 7.005560e-01 2.820000e-03 2.966240e-01
278 7.001680e-01 2.756000e-03 2.970760e-01
279 6.996800e-01 2.700000e-03 2.976200e-01
280 6.992320e-01 2.668000e-03 2.981000e-01
281 6.988000e-01 2.696000e-03 2.985040e-01
282 6.983600e-01 2.644000e-03 2.989960e-01
283 6.978680e-01 2.636000e-03 2.994960e-01
284 6.974320e-01 2.560000e-03 3.000080e-01
285 6.969440e-01 2.572000e-03 3.004840e-01
286 6.964720e-01 2.644000e-03 3.008840e-01
287 6.960520e-01 2.628000e-03 3.013200e-01
288 6.955880e-01 2.660000e-03 3.017520e-01
289 6.951520e-01 2.648000e-03 3.022000e-01
290 6.946520e-01 2.708000e-03 3.026400e-01
291 6.941320e-01 2.772000e-03 3.030960e-01
292 6.935400e-01 2.848000e-03 3.036120e-01
293 6.929960e-01 2.924000e-03 3.040800e-01
294 6.924680e-01 2.880000e-03 3.046520e-01
295 6.918560e-01 3.024000e-03 3.051200e-01
296 6.912760e-01 3.084000e-03 3.056400e-01
297 6.907720e-01 3.120000e-03 3.061080e-01
298 6.903000e-01 3.072000e-03 3.066280e-01
299 6.897720e-01 3.064000e-03 3.071640e-01
300 6.893240e-01 2.924000e-03 3.077520e-01
301 6.888440e-01 2.916000e-03 3.082400e-01
302 6.883080e-01 2.928000e-03 3.087640e-01
303 6.879160e-01 2.800000e-03 3.092840e-01
304 6.874840e-01 2.756000e-03 3.097600e-01
305 6.870800e-01 2.700000e-03 3.102200e-01
306 6.866120e-01 2.796000e-03 3.105920e-01
307 6.861840e-01 2.796000e-03 3.110200e-01
308 6.857360e-01 2.772000e-03 3.114920e-01
309 6.851720e-01 2.876000e-03 3.119520e-01
310 6.846920e-01 2.868000e-03 3.124400e-01
311 6.843040e-01 2.760000e-03 3.129360e-01
312 6.839280e-01 2.668000e-03 3.134040e-01
313 6.835560e-01 2.556000e-03 3.138880e-01
314 6.832160e-01 2.420000e-03 3.143640e-01
315 6.827080e-01 2.464000e-03 3.148280e-01
316 6.822960e-01 2.420000e-03 3.152840e-01
317 6.818840e-01 2.456000e-03 3.156600e-01
318 6.813960e-01 2.496000e-03 3.161080e-01
319 6.809120e-01 2.584000e-03 3.165040e-01
320 6.805120e-01 2.536000e-03 3.169520e-01
321 6.801480e-01 2.484000e-03 3.173680e-01
322 6.797840e-01 2.488000e-03 3.177280e-01
323 6.794440e-01 2.392000e-03 3.181640e-01
324 6.790920e-01 2.356000e-03 3.185520e-01
325 6.787000e-01 2.344000e-03 3.189560e-01
326 6.783040e-01 2.408000e-03 3.192880e-01
327 6.779280e-01 2.376000e-03 3.196960e-01
328 6.775960e-01 2.324000e-03 3.200800e-01
329 6.772320e-01 2.280000e-03 3.204880e-01
330 6.768600e-01 2.272000e-03 3.208680e-01
331 6.764560e-01 2.296000e-03 3.212480e-01
332 6.760480e-01 2.308000e-03 3.216440e-01
333 6.756760e-01 2.348000e-03 3.219760e-01
334 6.753520e-01 2.308000e-03 3.223400e-01
335 6.749880e-01 2.244000e-03 3.227680e-01
336 6.745960e-01 2.260000e-03 3.231440e-01
337 6.742200e-01 2.252000e-03 3.235280e-01
338 6.738520e-01 2.188000e-03 3.239600e-01
339 6.734520e-01 2.104000e-03 3.244440e-01
340 6.730880e-01 2.088000e-03 3.248240e-01
341 6.727680e-01 2.016000e-03 3.252160e-01
342 6.724520e-01 2.012000e-03 3.255360e-01
343 6.720720e-01 2.012000e-03 3.259160e-01
344 6.717440e-01 2.024000e-03 3.262320e-01
345 6.714240e-01 2.004000e-03 3.265720e-01
346 6.710760e-01 2.020000e-03 3.269040e-01
347 6.708040e-01 1.960000e-03 3.272360e-01
348 6.705160e-01 1.928000e-03 3.275560e-01
349 6.702120e-01 1.892000e-03 3.278960e-01
350 6.698840e-01 1.852000e-03 3.282640e-01
351 6.695680e-01 1.872000e-03 3.285600e-01
352 6.692800e-01 1.764000e-03 3.289560e-01
353 6.689960e-01 1.732000e-03 3.292720e-01
354 6.686480e-01 1.712000e-03 3.296400e-01
355 6.683480e-01 1.692000e-03 3.299600e-01
356 6.680640e-01 1.664000e-03 3.302720e-01
357 6.677520e-01 1.700000e-03 3.305480e-01
358 6.674920e-01 1.692000e-03 3.308160e-01
359 6.672560e-01 1.648000e-03 3.310960e-01
360 6.669760e-01 1.664000e-03 3.313600e-01
361 6.666600e-01 1.716000e-03 3.316240e-01
362 6.663440e-01 1.672000e-03 3.319840e-01
363 6.660680e-01 1.676000e-03 3.322560e-01
364 6.657160e-01 1.728000e-03 3.325560e-01
365 6.654400e-01 1.712000e-03 3.328480e-01
366 6.651640e-01 1.688000e-03 3.331480e-01
367 6.648200e-01 1.748000e-03 3.334320e-01
368 6.644880e-01 1.736000e-03 3.337760e-01
369 6.641960e-01 1.760000e-03 3.340440e-01
370 6.638760e-01 1.740000e-03 3.343840e-01
371 6.635400e-01 1.748000e-03 3.347120e-01
372 6.632040e-01 1.744000e-03 3.350520e-01
373 6.628480e-01 1.780000e-03 3.353720e-01
374 6.625040e-01 1.836000e-03 3.356600e-01
375 6.621800e-01 1.856000e-03 3.359640e-01
376 6.617880e-01 1.960000e-03 3.362520e-01
377 6.613560e-01 2.008000e-03 3.366360e-01
378 6.610400e-01 2.020000e-03 3.369400e-01
379 6.607680e-01 1.952000e-03 3.372800e-01
380 6.604440e-01 1.896000e-03 3.376600e-01
381 6.601400e-01 1.860000e-03 3.380000e-01
382 6.598480e-01 1.776000e-03 3.383760e-01
383 6.596000e-01 1.700000e-03 3.387000e-01
384 6.593520e-01 1.620000e-03 3.390280e-01
385 6.591320e-01 1.536000e-03 3.393320e-01
386 6.588440e-01 1.580000e-03 3.395760e-01
387 6.585720e-01 1.536000e-03 3.398920e-01
388 6.583480e-01 1.472000e-03 3.401800e-01
389 6.580800e-01 1.476000e-03 3.404440e-01
390 6.577920e-01 1.500000e-03 3.407080e-01
391 6.575520e-01 1.432000e-03 3.410160e-01
392 6.572960e-01 1.448000e-03 3.412560e-01
393 6.570320e-01 1.476000e-03 3.414920e-01
394 6.568160e-01 1.456000e-03 3.417280e-01
395 6.564920e-01 1.544000e-03 3.419640e-01
396 6.562280e-01 1.552000e-03 3.422200e-01
397 6.559160e-01 1.616000e-03 3.424680e-01
398 6.556800e-01 1.528000e-03 3.427920e-01
399 6.554880e-01 1.464000e-03 3.430480e-01
400 6.552640e-01 1.436000e-03 3.433000e-01
401 6.549760e-01 1.436000e-03 3.435880e-01
402 6.546600e-01 1.500000e-03 3.438400e-01
403 6.543720e-01 1.532000e-03 3.440960e-01
404 6.541000e-01 1.572000e-03 3.443280e-01
405 6.537760e-01 1.684000e-03 3.445400e-01
406 6.535360e-01 1.616000e-03 3.448480e-01
407 6.533040e-01 1.616000e-03 3.450800e-01
408 6.530760e-01 1.600000e-03 3.453240e-01
409 6.528600e-01 1.584000e-03 3.455560e-01
410 6.526640e-01 1.536000e-03 3.458000e-01
411 6.524200e-01 1.556000e-03 3.460240e-01
412 6.521720e-01 1.540000e-03 3.462880e-01
413 6.519240e-01 1.484000e-03 3.465920e-01
414 6.516800e-01 1.488000e-03 3.468320e-01
415 6.513880e-01 1.512000e-03 3.471000e-01
416 6.511160e-01 1.472000e-03 3.474120e-01
417 6.508520e-01 1.460000e-03 3.476880e-01
418 6.506200e-01 1.440000e-03 3.479400e-01
419 6.504000e-01 1.440000e-03 3.481600e-01
420 6.502080e-01 1.380000e-03 3.484120e-01
421 6.499800e-01 1.436000e-03 3.485840e-01
422 6.497640e-01 1.408000e-03 3.488280e-01
423 6.495400e-01 1.432000e-03 3.490280e-01
424 6.493080e-01 1.368000e-03 3.493240e-01
425 6.491040e-01 1.388000e-03 3.495080e-01
426 6.488840e-01 1.352000e-03 3.497640e-01
427 6.486680e-01 1.320000e-03 3.500120e-01
428 6.484720e-01 1.308000e-03 3.502200e-01
429 6.482120e-01 1.356000e-03 3.504320e-01
430 6.479880e-01 1.312000e-03 3.507000e-01
431 6.477480e-01 1.320000e-03 3.509320e-01
432 6.474720e-01 1.356000e-03 3.511720e-01
433 6.472480e-01 1.308000e-03 3.514440e-01
434 6.470400e-01 1.284000e-03 3.516760e-01
435 6.467640e-01 1.364000e-03 3.518720e-01
436 6.465880e-01 1.316000e-03 3.520960e-01
437 6.463760e-01 1.328000e-03 3.522960e-01
438 6.461960e-01 1.300000e-03 3.525040e-01
439 6.459480e-01 1.284000e-03 3.527680e-01
440 6.457280e-01 1.256000e-03 3.530160e-01
441 6.455600e-01 1.184000e-03 3.532560e-01
442 6.453640e-01 1.148000e-03 3.534880e-01
443 6.451440e-01 1.208000e-03 3.536480e-01
444 6.449560e-01 1.232000e-03 3.538120e-01
445 6.447120e-01 1.284000e-03 3.540040e-01
446 6.444720e-01 1.324000e-03 3.542040e-01
447 6.441960e-01 1.380000e-03 3.544240e-01
448 6.439560e-01 1.356000e-03 3.546880e-01
449 6.437080e-01 1.344000e-03 3.549480e-01
450 6.434680e-01 1.372000e-03 3.551600e-01
451 6.432200e-01 1.432000e-03 3.553480e-01
452 6.429600e-01 1.452000e-03 3.555880e-01
453 6.427160e-01 1.360000e-03 3.559240e-01
454 6.425560e-01 1.260000e-03 3.561840e-01
455 6.423680e-01 1.244000e-03 3.563880e-01
456 6.421680e-01 1.284000e-03 3.565480e-01
457 6.420000e-01 1.260000e-03 3.567400e-01
458 6.417880e-01 1.288000e-03 3.569240e-01
459 6.416000e-01 1.212000e-03 3.571880e-01
460 6.414200e-01 1.180000e-03 3.574000e-01
461 6.412480e-01 1.132000e-03 3.576200e-01
462 6.410640e-01 1.132000e-03 3.578040e-01
463 6.409320e-01 1.068000e-03 3.580000e-01
464 6.407360e-01 1.136000e-03 3.581280e-01
465 6.404800e-01 1.208000e-03 3.583120e-01
466 6.403040e-01 1.188000e-03 3.585080e-01
467 6.401240e-01 1.168000e-03 3.587080e-01
468 6.399120e-01 1.184000e-03 3.589040e-01
469 6.396960e-01 1.152000e-03 3.591520e-01
470 6.394960e-01 1.116000e-03 3.593880e-01
471 6.393040e-01 1.140000e-03 3.595560e-01
472 6.390760e-01 1.176000e-03 3.597480e-01
473 6.388840e-01 1.132000e-03 3.599840e-01
474 6.387080e-01 1.136000e-03 3.601560e-01
475 6.385680e-01 1.092000e-03 3.603400e-01
476 6.384000e-01 1.084000e-03 3.605160e-01
477 6.382320e-01 1.000000e-03 3.607680e-01
478 6.380880e-01 9.520000e-04 3.609600e-01
479 6.379120e-01 9.600000e-04 3.611280e-01
480 6.377760e-01 9.240000e-04 3.613000e-01
481 6.376480e-01 8.880000e-04 3.614640e-01
482 6.374880e-01 9.120000e-04 3.616000e-01
483 6.372960e-01 9.120000e-04 3.617920e-01
484 6.370600e-01 9.840000e-04 3.619560e-01
485 6.368720e-01 1.004000e-03 3.621240e-01
486 6.366520e-01 1.012000e-03 3.623360e-01
487 6.364800e-01 1.040000e-03 3.624800e-01
488 6.363320e-01 1.004000e-03 3.626640e-01
489 6.361520e-01 9.960000e-04 3.628520e-01
490 6.359920e-01 9.360000e-04 3.630720e-01
491 6.358400e-01 9.440000e-04 3.632160e-01
492 6.356600e-01 9.680000e-04 3.633720e-01
493 6.354600e-01 9.440000e-04 3.635960e-01
494 6.353040e-01 9.680000e-04 3.637280e-01
495 6.351640e-01 9.360000e-04 3.639000e-01
496 6.350440e-01 8.640000e-04 3.640920e-01
497 6.349000e-01 8.520000e-04 3.642480e-01
498 6.347400e-01 8.440000e-04 3.644160e-01
499 6.346320e-01 8.040000e-04 3.645640e-01
500 6.345000e-01 7.960000e-04 3.647040e-01
