1 9.992400e-01 6.960000e-04 6.400000e-05
2 9.985920e-01 1.140000e-03 2.680000e-04
3 9.978280e-01 1.676000e-03 4.960000e-04
4 9.970720e-01 2.120000e-03 8.080000e-04
5 9.962120e-01 2.572000e-03 1.216000e-03
6 9.953560e-01 2.940000e-03 1.704000e-03
7 9.944120e-01 3.360000e-03 2.228000e-03
8 9.934480e-01 3.700000e-03 2.852000e-03
9 9.925240e-01 3.908000e-03 3.568000e-03
10 9.914200e-01 4.228000e-03 4.352000e-03
11 9.903080e-01 4.572000e-03 5.120000e-03
12 9.891800e-01 4.784000e-03 6.036000e-03
13 9.879600e-01 5.084000e-03 6.956000e-03
14 9.866640e-01 5.456000e-03 7.880000e-03
15 9.855160e-01 5.560000e-03 8.924000e-03
16 9.842960e-01 5.768000e-03 9.936000e-03
17 9.830000e-01 6.024000e-03 1.097600e-02
18 9.814000e-01 6.468000e-03 1.213200e-02
19 9.798600e-01 6.900000e-03 1.324000e-02
20 9.785480e-01 6.972000e-03 1.448000e-02
21 9.772840e-01 7.004000e-03 1.571200e-02
22 9.760800e-01 7.004000e-03 1.691600e-02
23 9.748320e-01 7.000000e-03 1.816800e-02
24 9.734800e-01 7.260000e-03 1.926000e-02
25 9.719440e-01 7.464000e-03 2.059200e-02
26 9.703920e-01 7.836000e-03 2.177200e-02
27 9.690560e-01 7.744000e-03 2.320000e-02
28 9.675240e-01 7.884000e-03 2.459200e-02
29 9.660800e-01 7.932000e-03 2.598800e-02
30 9.645800e-01 8.128000e-03 2.729200e-02
31 9.630680e-01 8.184000e-03 2.874800e-02
32 9.615480e-01 8.256000e-03 3.019600e-02
33 9.598760e-01 8.552000e-03 3.157200e-02
34 9.583800e-01 8.436000e-03 3.318400e-02
35 9.567080e-01 8.596000e-03 3.469600e-02
36 9.550200e-01 8.700000e-03 3.628000e-02
37 9.535880e-01 8.536000e-03 3.787600e-02
38 9.520920e-01 8.564000e-03 3.934400e-02
39 9.506200e-01 8.648000e-03 4.073200e-02
40 9.491200e-01 8.556000e-03 4.232400e-02
41 9.474640e-01 8.668000e-03 4.386800e-02
42 9.458120e-01 8.864000e-03 4.532400e-02
43 9.440800e-01 9.104000e-03 4.681600e-02
44 9.424800e-01 9.092000e-03 4.842800e-02
45 9.407640e-01 9.072000e-03 5.016400e-02
46 9.390840e-01 9.348000e-03 5.156800e-02
47 9.375280e-01 9.240000e-03 5.323200e-02
48 9.359520e-01 9.088000e-03 5.496000e-02
49 9.344480e-01 8.900000e-03 5.665200e-02
50 9.328080e-01 8.976000e-03 5.821600e-02
51 9.312040e-01 9.084000e-03 5.971200e-02
52 9.296440e-01 9.016000e-03 6.134000e-02
53 9.281320e-01 8.960000e-03 6.290800e-02
54 9.266720e-01 8.876000e-03 6.445200e-02
55 9.253440e-01 8.644000e-03 6.601200e-02
56 9.237600e-01 8.712000e-03 6.752800e-02
57 9.221920e-01 8.700000e-03 6.910800e-02
58 9.204360e-01 8.940000e-03 7.062400e-02
59 9.188880e-01 9.104000e-03 7.200800e-02
60 9.171840e-01 9.148000e-03 7.366800e-02
61 9.154120e-01 9.416000e-03 7.517200e-02
62 9.135880e-01 9.604000e-03 7.680800e-02
63 9.117800e-01 9.744000e-03 7.847600e-02
64 9.100880e-01 9.744000e-03 8.016800e-02
65 9.083080e-01 9.700000e-03 8.199200e-02
66 9.068560e-01 9.480000e-03 8.366400e-02
67 9.051440e-01 9.596000e-03 8.526000e-02
68 9.037040e-01 9.360000e-03 8.693600e-02
69 9.020680e-01 9.360000e-03 8.857200e-02
70 9.002760e-01 9.524000e-03 9.020000e-02
71 8.987600e-01 9.336000e-03 9.190400e-02
72 8.971760e-01 9.300000e-03 9.352400e-02
73 8.954640e-01 9.308000e-03 9.522800e-02
74 8.938120e-01 9.312000e-03 9.687600e-02
75 8.922560e-01 9.132000e-03 9.861200e-02
76 8.906720e-01 9.068000e-03 1.002600e-01
77 8.890000e-01 9.132000e-03 1.018680e-01
78 8.874160e-01 9.208000e-03 1.033760e-01
79 8.860120e-01 9.056000e-03 1.049320e-01
80 8.844360e-01 8.928000e-03 1.066360e-01
81 8.829080e-01 8.804000e-03 1.082880e-01
82 8.813960e-01 8.788000e-03 1.098160e-01
83 8.799840e-01 8.732000e-03 1.112840e-01
84 8.784920e-01 8.704000e-03 1.128040e-01
85 8.770760e-01 8.564000e-03 1.143600e-01
86 8.756640e-01 8.428000e-03 1.159080e-01
87 8.741320e-01 8.328000e-03 1.175400e-01
88 8.728000e-01 8.264000e-03 1.189360e-01
89 8.714480e-01 8.160000e-03 1.203920e-01
90 8.700520e-01 8.136000e-03 1.218120e-01
91 8.685080e-01 8.172000e-03 1.233200e-01
92 8.672440e-01 8.072000e-03 1.246840e-01
93 8.659880e-01 7.960000e-03 1.260520e-01
94 8.647520e-01 7.720000e-03 1.275280e-01
95 8.635560e-01 7.600000e-03 1.288440e-01
96 8.622720e-01 7.612000e-03 1.301160e-01
97 8.610840e-01 7.460000e-03 1.314560e-01
98 8.596920e-01 7.500000e-03 1.328080e-01
99 8.584920e-01 7.416000e-03 1.340920e-01
100 8.572680e-01 7.292000e-03 1.354400e-01
101 8.561440e-01 7.124000e-03 1.367320e-01
102 8.549840e-01 7.028000e-03 1.379880e-01
103 8.537800e-01 7.024000e-03 1.391960e-01
104 8.525200e-01 7.040000e-03 1.404400e-01
105 8.513760e-01 6.936000e-03 1.416880e-01
106 8.501320e-01 6.956000e-03 1.429120e-01
107 8.488240e-01 6.984000e-03 1.441920e-01
108 8.475080e-01 7.144000e-03 1.453480e-01
109 8.464160e-01 7.012000e-03 1.465720e-01
110 8.453600e-01 6.872000e-03 1.477680e-01
111 8.441840e-01 6.808000e-03 1.490080e-01
112 8.430880e-01 6.708000e-03 1.502040e-01
113 8.420000e-01 6.688000e-03 1.513120e-01
114 8.408440e-01 6.612000e-03 1.525440e-01
115 8.398160e-01 6.620000e-03 1.535640e-01
116 8.386240e-01 6.680000e-03 1.546960e-01
117 8.375640e-01 6.576000e-03 1.558600e-01
118 8.365000e-01 6.488000e-03 1.570120e-01
119 8.355320e-01 6.324000e-03 1.581440e-01
120 8.343440e-01 6.324000e-03 1.593320e-01
121 8.333320e-01 6.356000e-03 1.603120e-01
122 8.322480e-01 6.312000e-03 1.614400e-01
123 8.312640e-01 6.176000e-03 1.625600e-01
124 8.301840e-01 6.172000e-03 1.636440e-01
125 8.291720e-01 6.156000e-03 1.646720e-01
126 8.282120e-01 6.080000e-03 1.657080e-01
127 8.272000e-01 6.056000e-03 1.667440e-01
128 8.260960e-01 6.120000e-03 1.677840e-01
129 8.250960e-01 6.060000e-03 1.688440e-01
130 8.240760e-01 6.048000e-03 1.698760e-01
131 8.230200e-01 5.992000e-03 1.709880e-01
132 8.219480e-01 6.076000e-03 1.719760e-01
133 8.207920e-01 6.148000e-03 1.730600e-01
134 8.196000e-01 6.272000e-03 1.741280e-01
135 8.186400e-01 6.200000e-03 1.751600e-01
136 8.174120e-01 6.268000e-03 1.763200e-01
137 8.163840e-01 6.248000e-03 1.773680e-01
138 8.153600e-01 6.220000e-03 1.784200e-01
139 8.143200e-01 6.112000e-03 1.795680e-01
140 8.132800e-01 6.092000e-03 1.806280e-01
141 8.122560e-01 6.140000e-03 1.816040e-01
142 8.111880e-01 6.108000e-03 1.827040e-01
143 8.102160e-01 6.040000e-03 1.837440e-01
144 8.093760e-01 5.768000e-03 1.848560e-01
145 8.085520e-01 5.628000e-03 1.858200e-01
146 8.077200e-01 5.480000e-03 1.868000e-01
147 8.069160e-01 5.352000e-03 1.877320e-01
148 8.060280e-01 5.304000e-03 1.886680e-01
149 8.051440e-01 5.292000e-03 1.895640e-01
150 8.043040e-01 5.172000e-03 1.905240e-01
151 8.032800e-01 5.204000e-03 1.915160e-01
152 8.023640e-01 5.208000e-03 1.924280e-01
153 8.014640e-01 5.248000e-03 1.932880e-01
154 8.004760e-01 5.268000e-03 1.942560e-01
155 7.996880e-01 5.196000e-03 1.951160e-01
156 7.988440e-01 5.188000e-03 1.959680e-01
157 7.980960e-01 4.944000e-03 1.969600e-01
158 7.973240e-01 4.852000e-03 1.978240e-01
159 7.965280e-01 4.796000e-03 1.986760e-01
160 7.957600e-01 4.796000e-03 1.994440e-01
161 7.950320e-01 4.720000e-03 2.002480e-01
162 7.942960e-01 4.568000e-03 2.011360e-01
163 7.934400e-01 4.520000e-03 2.020400e-01
164 7.925520e-01 4.588000e-03 2.028600e-01
165 7.916320e-01 4.824000e-03 2.035440e-01
166 7.908640e-01 4.788000e-03 2.043480e-01
167 7.899920e-01 4.804000e-03 2.052040e-01
168 7.891400e-01 4.788000e-03 2.060720e-01
169 7.882880e-01 4.724000e-03 2.069880e-01
170 7.874360e-01 4.680000e-03 2.078840e-01
171 7.866360e-01 4.676000e-03 2.086880e-01
172 7.857760e-01 4.612000e-03 2.096120e-01
173 7.849080e-01 4.704000e-03 2.103880e-01
174 7.841120e-01 4.688000e-03 2.112000e-01
175 7.833320e-01 4.728000e-03 2.119400e-01
176 7.825440e-01 4.708000e-03 2.127480e-01
177 7.818560e-01 4.592000e-03 2.135520e-01
178 7.812160e-01 4.524000e-03 2.142600e-01
179 7.805080e-01 4.432000e-03 2.150600e-01
180 7.797480e-01 4.472000e-03 2.157800e-01
181 7.790000e-01 4.444000e-03 2.165560e-01
182 7.783720e-01 4.308000e-03 2.173200e-01
183 7.777400e-01 4.204000e-03 2.180560e-01
184 7.770360e-01 4.184000e-03 2.187800e-01
185 7.763880e-01 4.092000e-03 2.195200e-01
186 7.757240e-01 3.936000e-03 2.203400e-01
187 7.751800e-01 3.748000e-03 2.210720e-01
188 7.744760e-01 3.724000e-03 2.218000e-01
189 7.738160e-01 3.748000e-03 2.224360e-01
190 7.730640e-01 3.848000e-03 2.230880e-01
191 7.724480e-01 3.784000e-03 2.237680e-01
192 7.717760e-01 3.756000e-03 2.244680e-01
193 7.710920e-01 3.720000e-03 2.251880e-01
194 7.704720e-01 3.692000e-03 2.258360e-01
195 7.698160e-01 3.648000e-03 2.265360e-01
196 7.691520e-01 3.668000e-03 2.271800e-01
197 7.684560e-01 3.716000e-03 2.278280e-01
198 7.677520e-01 3.840000e-03 2.284080e-01
199 7.671920e-01 3.784000e-03 2.290240e-01
200 7.666040e-01 3.684000e-03 2.297120e-01
201 7.659160e-01 3.796000e-03 2.302880e-01
202 7.651520e-01 3.896000e-03 2.309520e-01
203 7.645120e-01 3.880000e-03 2.316080e-01
204 7.638600e-01 3.864000e-03 2.322760e-01
205 7.631400e-01 3.832000e-03 2.330280e-01
206 7.625200e-01 3.720000e-03 2.337600e-01
207 7.618120e-01 3.752000e-03 2.344360e-01
208 7.613640e-01 3.612000e-03 2.350240e-01
209 7.608320e-01 3.524000e-03 2.356440e-01
210 7.601880e-01 3.632000e-03 2.361800e-01
211 7.595960e-01 3.668000e-03 2.367360e-01
212 7.591120e-01 3.460000e-03 2.374280e-01
213 7.586000e-01 3.240000e-03 2.381600e-01
214 7.581360e-01 3.052000e-03 2.388120e-01
215 7.575440e-01 3.168000e-03 2.392880e-01
216 7.570480e-01 3.104000e-03 2.398480e-01
217 7.565400e-01 3.072000e-03 2.403880e-01
218 7.560040e-01 2.984000e-03 2.410120e-01
219 7.555240e-01 2.940000e-03 2.415360e-01
220 7.550680e-01 2.832000e-03 2.421000e-01
221 7.546040e-01 2.860000e-03 2.425360e-01
222 7.540720e-01 2.896000e-03 2.430320e-01
223 7.535120e-01 2.936000e-03 2.435520e-01
224 7.529560e-01 2.908000e-03 2.441360e-01
225 7.524920e-01 2.816000e-03 2.446920e-01
226 7.520680e-01 2.788000e-03 2.451440e-01
227 7.515840e-01 2.816000e-03 2.456000e-01
228 7.510920e-01 2.840000e-03 2.460680e-01
229 7.505560e-01 2.824000e-03 2.466200e-01
230 7.500600e-01 2.772000e-03 2.471680e-01
231 7.495400e-01 2.824000e-03 2.476360e-01
232 7.489600e-01 2.984000e-03 2.480560e-01
233 7.483880e-01 3.108000e-03 2.485040e-01
234 7.477520e-01 3.176000e-03 2.490720e-01
235 7.471960e-01 3.160000e-03 2.496440e-01
236 7.465720e-01 3.296000e-03 2.501320e-01
237 7.460640e-01 3.224000e-03 2.507120e-01
238 7.455480e-01 3.192000e-03 2.512600e-01
239 7.450200e-01 3.168000e-03 2.518120e-01
240 7.444320e-01 3.256000e-03 2.523120e-01
241 7.439680e-01 3.192000e-03 2.528400e-01
242 7.434560e-01 3.156000e-03 2.533880e-01
243 7.429440e-01 3.064000e-03 2.539920e-01
244 7.424440e-01 3.060000e-03 2.544960e-01
245 7.419320e-01 3.040000e-03 2.550280e-01
246 7.414640e-01 2.972000e-03 2.555640e-01
247 7.409080e-01 2.976000e-03 2.561160e-01
248 7.404120e-01 3.004000e-03 2.565840e-01
249 7.399080e-01 2.992000e-03 2.571000e-01
250 7.392920e-01 3.140000e-03 2.575680e-01
251 7.387880e-01 3.124000e-03 2.580880e-01
252 7.382040e-01 3.152000e-03 2.586440e-01
253 7.376160e-01 3.176000e-03 2.592080e-01
254 7.371080e-01 3.156000e-03 2.597360e-01
255 7.365920e-01 3.208000e-03 2.602000e-01
256 7.359840e-01 3.248000e-03 2.607680e-01
257 7.354760e-01 3.184000e-03 2.613400e-01
258 7.348960e-01 3.260000e-03 2.618440e-01
259 7.342960e-01 3.224000e-03 2.624800e-01
260 7.337960e-01 3.152000e-03 2.630520e-01
261 7.332640e-01 3.096000e-03 2.636400e-01
262 7.327400e-01 2.980000e-03 2.642800e-01
263 7.322560e-01 2.952000e-03 2.647920e-01
264 7.317760e-01 2.928000e-03 2.652960e-01
265 7.313200e-01 2.908000e-03 2.657720e-01
266 7.308360e-01 2.896000e-03 2.662680e-01
267 7.303920e-01 2.852000e-03 2.667560e-01
268 7.299520e-01 2.812000e-03 2.672360e-01
269 7.295400e-01 2.768000e-03 2.676920e-01
270 7.290200e-01 2.780000e-03 2.682000e-01
271 7.285680e-01 2.712000e-03 2.687200e-01
272 7.280840e-01 2.704000e-03 2.692120e-01
273 7.276680e-01 2.624000e-03 2.697080e-01
274 7.272040e-01 2.608000e-03 2.701880e-01
275 7.267720e-01 2.564000e-03 2.706640e-01
276 7.263200e-01 2.520000e-03 2.711600e-01
277 7.258640e-01 2.560000e-03 2.715760e-01
278 7.253360e-01 2.664000e-03 2.720000e-01
279 7.248120e-01 2.744000e-03 2.724440e-01
280 7.242120e-01 2.880000e-03 2.729080e-01
281 7.238200e-01 2.712000e-03 2.734680e-01
282 7.232960e-01 2.756000e-03 2.739480e-01
283 7.228680e-01 2.700000e-03 2.744320e-01
284 7.223920e-01 2.756000e-03 2.748520e-01
285 7.218880e-01 2.836000e-03 2.752760e-01
286 7.214680e-01 2.820000e-03 2.757120e-01
287 7.210680e-01 2.768000e-03 2.761640e-01
288 7.206200e-01 2.804000e-03 2.765760e-01
289 7.202600e-01 2.772000e-03 2.769680e-01
290 7.198600e-01 2.752000e-03 2.773880e-01
291 7.193440e-01 2.808000e-03 2.778480e-01
292 7.188640e-01 2.692000e-03 2.784440e-01
293 7.183360e-01 2.752000e-03 2.789120e-01
294 7.178160e-01 2.832000e-03 2.793520e-01
295 7.173280e-01 2.856000e-03 2.798160e-01
296 7.169120e-01 2.764000e-03 2.803240e-01
297 7.164240e-01 2.768000e-03 2.808080e-01
298 7.160520e-01 2.676000e-03 2.812720e-01
299 7.156240e-01 2.628000e-03 2.817480e-01
300 7.152240e-01 2.580000e-03 2.821960e-01
301 7.148480e-01 2.476000e-03 2.826760e-01
302 7.144320e-01 2.448000e-03 2.831200e-01
303 7.140760e-01 2.360000e-03 2.835640e-01
304 7.137760e-01 2.284000e-03 2.839400e-01
305 7.133680e-01 2.272000e-03 2.843600e-01
306 7.130840e-01 2.220000e-03 2.846960e-01
307 7.127120e-01 2.200000e-03 2.850880e-01
308 7.123520e-01 2.144000e-03 2.855040e-01
309 7.120240e-01 2.124000e-03 2.858520e-01
310 7.117000e-01 2.016000e-03 2.862840e-01
311 7.114000e-01 1.868000e-03 2.867320e-01
312 7.111240e-01 1.780000e-03 2.870960e-01
313 7.107880e-01 1.796000e-03 2.874160e-01
314 7.104800e-01 1.752000e-03 2.877680e-01
315 7.101880e-01 1.676000e-03 2.881360e-01
316 7.099840e-01 1.576000e-03 2.884400e-01
317 7.097400e-01 1.540000e-03 2.887200e-01
318 7.095240e-01 1.484000e-03 2.889920e-01
319 7.092280e-01 1.436000e-03 2.893360e-01
320 7.089360e-01 1.484000e-03 2.895800e-01
321 7.087120e-01 1.436000e-03 2.898520e-01
322 7.085200e-01 1.380000e-03 2.901000e-01
323 7.083160e-01 1.344000e-03 2.903400e-01
324 7.081120e-01 1.332000e-03 2.905560e-01
325 7.079040e-01 1.268000e-03 2.908280e-01
326 7.077200e-01 1.188000e-03 2.910920e-01
327 7.075280e-01 1.208000e-03 2.912640e-01
328 7.073720e-01 1.168000e-03 2.914600e-01
329 7.071720e-01 1.124000e-03 2.917040e-01
330 7.070000e-01 1.088000e-03 2.919120e-01
331 7.068400e-01 1.080000e-03 2.920800e-01
332 7.066360e-01 1.080000e-03 2.922840e-01
333 7.064560e-01 1.100000e-03 2.924440e-01
334 7.062240e-01 1.116000e-03 2.926600e-01
335 7.060200e-01 1.156000e-03 2.928240e-01
336 7.058000e-01 1.144000e-03 2.930560e-01
337 7.055880e-01 1.152000e-03 2.932600e-01
338 7.054480e-01 1.116000e-03 2.934360e-01
339 7.052560e-01 1.156000e-03 2.935880e-01
340 7.050240e-01 1.204000e-03 2.937720e-01
341 7.047480e-01 1.300000e-03 2.939520e-01
342 7.044520e-01 1.372000e-03 2.941760e-01
343 7.042360e-01 1.296000e-03 2.944680e-01
344 7.040160e-01 1.300000e-03 2.946840e-01
345 7.037520e-01 1.312000e-03 2.949360e-01
346 7.035040e-01 1.320000e-03 2.951760e-01
347 7.032840e-01 1.252000e-03 2.954640e-01
348 7.030440e-01 1.256000e-03 2.957000e-01
349 7.028560e-01 1.232000e-03 2.959120e-01
350 7.026800e-01 1.140000e-03 2.961800e-01
351 7.024400e-01 1.200000e-03 2.963600e-01
352 7.022520e-01 1.204000e-03 2.965440e-01
353 7.020560e-01 1.180000e-03 2.967640e-01
354 7.018760e-01 1.160000e-03 2.969640e-01
355 7.016920e-01 1.168000e-03 2.971400e-01
356 7.014600e-01 1.216000e-03 2.973240e-01
357 7.012320e-01 1.244000e-03 2.975240e-01
358 7.010280e-01 1.248000e-03 2.977240e-01
359 7.008480e-01 1.192000e-03 2.979600e-01
360 7.006520e-01 1.204000e-03 2.981440e-01
361 7.004840e-01 1.148000e-03 2.983680e-01
362 7.003320e-01 1.104000e-03 2.985640e-01
363 7.001400e-01 1.104000e-03 2.987560e-01
364 7.000120e-01 1.048000e-03 2.989400e-01
365 6.998600e-01 1.024000e-03 2.991160e-01
366 6.996960e-01 1.036000e-03 2.992680e-01
367 6.995400e-01 9.880000e-04 2.994720e-01
368 6.994040e-01 9.440000e-04 2.996520e-01
369 6.992320e-01 9.360000e-04 2.998320e-01
370 6.990640e-01 9.120000e-04 3.000240e-01
371 6.988520e-01 1.016000e-03 3.001320e-01
372 6.986360e-01 1.056000e-03 3.003080e-01
373 6.984800e-01 1.060000e-03 3.004600e-01
374 6.982840e-01 1.044000e-03 3.006720e-01
375 6.981120e-01 1.052000e-03 3.008360e-01
376 6.979000e-01 1.116000e-03 3.009840e-01
377 6.976480e-01 1.172000e-03 3.011800e-01
378 6.974080e-01 1.204000e-03 3.013880e-01
379 6.971520e-01 1.248000e-03 3.016000e-01
380 6.969400e-01 1.224000e-03 3.018360e-01
381 6.966760e-01 1.260000e-03 3.020640e-01
382 6.964320e-01 1.292000e-03 3.022760e-01
383 6.962400e-01 1.256000e-03 3.025040e-01
384 6.960480e-01 1.188000e-03 3.027640e-01
385 6.958920e-01 1.108000e-03 3.030000e-01
386 6.957160e-01 1.052000e-03 3.032320e-01
387 6.955160e-01 1.092000e-03 3.033920e-01
388 6.953240e-01 1.084000e-03 3.035920e-01
389 6.951160e-01 1.076000e-03 3.038080e-01
390 6.949200e-01 1.132000e-03 3.039480e-01
391 6.947360e-01 1.080000e-03 3.041840e-01
392 6.945120e-01 1.124000e-03 3.043640e-01
393 6.943320e-01 1.108000e-03 3.045600e-01
394 6.941400e-01 1.104000e-03 3.047560e-01
395 6.939520e-01 1.096000e-03 3.049520e-01
396 6.937760e-01 1.100000e-03 3.051240e-01
397 6.935440e-01 1.136000e-03 3.053200e-01
398 6.933680e-01 1.096000e-03 3.055360e-01
399 6.931840e-01 1.100000e-03 3.057160e-01
400 6.929920e-01 1.076000e-03 3.059320e-01
401 6.927840e-01 1.088000e-03 3.061280e-01
402 6.926160e-01 1.112000e-03 3.062720e-01
403 6.924760e-01 1.024000e-03 3.065000e-01
404 6.922360e-01 1.048000e-03 3.067160e-01
405 6.920480e-01 1.016000e-03 3.069360e-01
406 6.918520e-01 1.024000e-03 3.071240e-01
407 6.916520e-01 1.020000e-03 3.073280e-01
408 6.914480e-01 1.056000e-03 3.074960e-01
409 6.912320e-01 1.100000e-03 3.076680e-01
410 6.910240e-01 1.092000e-03 3.078840e-01
411 6.908680e-01 1.028000e-03 3.081040e-01
412 6.906480e-01 1.056000e-03 3.082960e-01
413 6.904680e-01 1.028000e-03 3.085040e-01
414 6.902600e-01 1.056000e-03 3.086840e-01
415 6.900800e-01 1.072000e-03 3.088480e-01
416 6.898480e-01 1.156000e-03 3.089960e-01
417 6.895520e-01 1.288000e-03 3.091600e-01
418 6.892560e-01 1.324000e-03 3.094200e-01
419 6.889880e-01 1.400000e-03 3.096120e-01
420 6.887280e-01 1.448000e-03 3.098240e-01
421 6.884240e-01 1.444000e-03 3.101320e-01
422 6.881400e-01 1.500000e-03 3.103600e-01
423 6.878760e-01 1.508000e-03 3.106160e-01
424 6.875720e-01 1.568000e-03 3.108600e-01
425 6.872880e-01 1.544000e-03 3.111680e-01
426 6.870480e-01 1.416000e-03 3.115360e-01
427 6.867880e-01 1.412000e-03 3.118000e-01
428 6.865200e-01 1.492000e-03 3.119880e-01
429 6.862000e-01 1.536000e-03 3.122640e-01
430 6.858960e-01 1.600000e-03 3.125040e-01
431 6.856560e-01 1.560000e-03 3.127840e-01
432 6.853760e-01 1.516000e-03 3.131080e-01
433 6.851160e-01 1.516000e-03 3.133680e-01
434 6.848640e-01 1.512000e-03 3.136240e-01
435 6.846040e-01 1.500000e-03 3.138960e-01
436 6.843360e-01 1.472000e-03 3.141920e-01
437 6.840720e-01 1.476000e-03 3.144520e-01
438 6.838760e-01 1.428000e-03 3.146960e-01
439 6.836080e-01 1.448000e-03 3.149440e-01
440 6.833200e-01 1.448000e-03 3.152320e-01
441 6.830280e-01 1.544000e-03 3.154280e-01
442 6.827280e-01 1.568000e-03 3.157040e-01
443 6.824320e-01 1.596000e-03 3.159720e-01
444 6.821800e-01 1.552000e-03 3.162680e-01
445 6.819400e-01 1.548000e-03 3.165120e-01
446 6.817160e-01 1.468000e-03 3.168160e-01
447 6.814800e-01 1.388000e-03 3.171320e-01
448 6.812680e-01 1.352000e-03 3.173800e-01
449 6.810000e-01 1.388000e-03 3.176120e-01
450 6.807720e-01 1.408000e-03 3.178200e-01
451 6.805560e-01 1.364000e-03 3.180800e-01
452 6.802760e-01 1.388000e-03 3.183360e-01
453 6.800680e-01 1.308000e-03 3.186240e-01
454 6.798840e-01 1.236000e-03 3.188800e-01
455 6.796600e-01 1.220000e-03 3.191200e-01
456 6.794600e-01 1.184000e-03 3.193560e-01
457 6.792240e-01 1.196000e-03 3.195800e-01
458 6.790520e-01 1.152000e-03 3.197960e-01
459 6.788240e-01 1.176000e-03 3.200000e-01
460 6.786040e-01 1.208000e-03 3.201880e-01
461 6.783640e-01 1.232000e-03 3.204040e-01
462 6.780760e-01 1.280000e-03 3.206440e-01
463 6.779120e-01 1.160000e-03 3.209280e-01
464 6.777760e-01 1.100000e-03 3.211240e-01
465 6.775840e-01 1.092000e-03 3.213240e-01
466 6.774240e-01 1.104000e-03 3.214720e-01
467 6.772040e-01 1.128000e-03 3.216680e-01
468 6.769800e-01 1.176000e-03 3.218440e-01
469 6.767720e-01 1.172000e-03 3.220560e-01
470 6.766120e-01 1.112000e-03 3.222760e-01
471 6.764560e-01 1.112000e-03 3.224320e-01
472 6.762920e-01 1.064000e-03 3.226440e-01
473 6.761800e-01 9.960000e-04 3.228240e-01
474 6.760040e-01 1.004000e-03 3.229920e-01
475 6.758040e-01 1.012000e-03 3.231840e-01
476 6.756200e-01 1.024000e-03 3.233560e-01
477 6.754920e-01 1.012000e-03 3.234960e-01
478 6.752920e-01 1.044000e-03 3.236640e-01
479 6.750920e-01 1.012000e-03 3.238960e-01
480 6.749520e-01 9.760000e-04 3.240720e-01
481 6.748280e-01 9.240000e-04 3.242480e-01
482 6.746800e-01 8.760000e-04 3.244440e-01
483 6.745080e-01 9.160000e-04 3.245760e-01
484 6.743320e-01 9.400000e-04 3.247280e-01
485 6.741120e-01 1.000000e-03 3.248880e-01
486 6.739120e-01 1.064000e-03 3.250240e-01
487 6.737160e-01 1.076000e-03 3.252080e-01
488 6.735400e-01 1.056000e-03 3.254040e-01
489 6.733760e-01 1.056000e-03 3.255680e-01
490 6.731520e-01 1.072000e-03 3.257760e-01
491 6.729560e-01 1.040000e-03 3.260040e-01
492 6.727560e-01 1.072000e-03 3.261720e-01
493 6.725680e-01 1.052000e-03 3.263800e-01
494 6.724240e-01 1.024000e-03 3.265520e-01
495 6.721880e-01 1.012000e-03 3.268000e-01
496 6.720000e-01 1.028000e-03 3.269720e-01
497 6.718440e-01 1.004000e-03 3.271520e-01
498 6.716840e-01 9.800000e-04 3.273360e-01
499 6.714800e-01 9.640000e-04 3.275560e-01
500 6.713000e-01 1.024000e-03 3.276760e-01
