1 9.992360e-01 6.680000e-04 9.600000e-05
2 9.987920e-01 9.680000e-04 2.400000e-04
3 9.983680e-01 1.208000e-03 4.240000e-04
4 9.976440e-01 1.708000e-03 6.480000e-04
5 9.969720e-01 2.016000e-03 1.012000e-03
6 9.962360e-01 2.328000e-03 1.436000e-03
7 9.954240e-01 2.712000e-03 1.864000e-03
8 9.945320e-01 3.040000e-03 2.428000e-03
9 9.934840e-01 3.504000e-03 3.012000e-03
10 9.926440e-01 3.696000e-03 3.660000e-03
11 9.917920e-01 3.828000e-03 4.380000e-03
12 9.908200e-01 4.164000e-03 5.016000e-03
13 9.897440e-01 4.580000e-03 5.676000e-03
14 9.887960e-01 4.616000e-03 6.588000e-03
15 9.877040e-01 4.792000e-03 7.504000e-03
16 9.865280e-01 5.188000e-03 8.284000e-03
17 9.853080e-01 5.528000e-03 9.164000e-03
18 9.840400e-01 5.804000e-03 1.015600e-02
19 9.827840e-01 6.076000e-03 1.114000e-02
20 9.814600e-01 6.292000e-03 1.224800e-02
21 9.801160e-01 6.420000e-03 1.346400e-02
22 9.788080e-01 6.568000e-03 1.462400e-02
23 9.776440e-01 6.552000e-03 1.580400e-02
24 9.764080e-01 6.576000e-03 1.701600e-02
25 9.750280e-01 6.908000e-03 1.806400e-02
26 9.737080e-01 7.136000e-03 1.915600e-02
27 9.723880e-01 7.340000e-03 2.027200e-02
28 9.709440e-01 7.472000e-03 2.158400e-02
29 9.696760e-01 7.428000e-03 2.289600e-02
30 9.684880e-01 7.428000e-03 2.408400e-02
31 9.672200e-01 7.372000e-03 2.540800e-02
32 9.659560e-01 7.364000e-03 2.668000e-02
33 9.645920e-01 7.500000e-03 2.790800e-02
34 9.633240e-01 7.440000e-03 2.923600e-02
35 9.620360e-01 7.480000e-03 3.048400e-02
36 9.607400e-01 7.528000e-03 3.173200e-02
37 9.591760e-01 7.820000e-03 3.300400e-02
38 9.577520e-01 7.884000e-03 3.436400e-02
39 9.564880e-01 7.796000e-03 3.571600e-02
40 9.552280e-01 7.736000e-03 3.703600e-02
41 9.538000e-01 7.788000e-03 3.841200e-02
42 9.525160e-01 7.808000e-03 3.967600e-02
43 9.511160e-01 7.896000e-03 4.098800e-02
44 9.498800e-01 7.584000e-03 4.253600e-02
45 9.484240e-01 7.676000e-03 4.390000e-02
46 9.471360e-01 7.664000e-03 4.520000e-02
47 9.458160e-01 7.616000e-03 4.656800e-02
48 9.444880e-01 7.528000e-03 4.798400e-02
49 9.432800e-01 7.384000e-03 4.933600e-02
50 9.421040e-01 7.324000e-03 5.057200e-02
51 9.409320e-01 7.164000e-03 5.190400e-02
52 9.397560e-01 7.064000e-03 5.318000e-02
53 9.384720e-01 7.112000e-03 5.441600e-02
54 9.371480e-01 7.240000e-03 5.561200e-02
55 9.359600e-01 7.180000e-03 5.686000e-02
56 9.348560e-01 6.892000e-03 5.825200e-02
57 9.335680e-01 7.092000e-03 5.934000e-02
58 9.322440e-01 7.152000e-03 6.060400e-02
59 9.311400e-01 7.080000e-03 6.178000e-02
60 9.299400e-01 7.020000e-03 6.304000e-02
61 9.287920e-01 6.996000e-03 6.421200e-02
62 9.276440e-01 6.924000e-03 6.543200e-02
63 9.264680e-01 6.936000e-03 6.659600e-02
64 9.253680e-01 6.864000e-03 6.776800e-02
65 9.241120e-01 6.876000e-03 6.901200e-02
66 9.227600e-01 7.036000e-03 7.020400e-02
67 9.215960e-01 6.896000e-03 7.150800e-02
68 9.203800e-01 6.916000e-03 7.270400e-02
69 9.192640e-01 6.856000e-03 7.388000e-02
70 9.179920e-01 6.916000e-03 7.509200e-02
71 9.167880e-01 6.840000e-03 7.637200e-02
72 9.155160e-01 6.928000e-03 7.755600e-02
73 9.143960e-01 6.908000e-03 7.869600e-02
74 9.132880e-01 6.864000e-03 7.984800e-02
75 9.120560e-01 6.884000e-03 8.106000e-02
76 9.107960e-01 6.924000e-03 8.228000e-02
77 9.094320e-01 7.016000e-03 8.355200e-02
78 9.081440e-01 7.136000e-03 8.472000e-02
79 9.068560e-01 7.148000e-03 8.599600e-02
80 9.056080e-01 7.188000e-03 8.720400e-02
81 9.042600e-01 7.264000e-03 8.847600e-02
82 9.030880e-01 7.192000e-03 8.972000e-02
83 9.018440e-01 7.100000e-03 9.105600e-02
84 9.006360e-01 7.040000e-03 9.232400e-02
85 8.994840e-01 6.980000e-03 9.353600e-02
86 8.983000e-01 6.864000e-03 9.483600e-02
87 8.971600e-01 6.796000e-03 9.604400e-02
88 8.959160e-01 6.852000e-03 9.723200e-02
89 8.947240e-01 6.816000e-03 9.846000e-02
90 8.935280e-01 6.840000e-03 9.963200e-02
91 8.922720e-01 6.736000e-03 1.009920e-01
92 8.909400e-01 6.936000e-03 1.021240e-01
93 8.896480e-01 6.908000e-03 1.034440e-01
94 8.886040e-01 6.740000e-03 1.046560e-01
95 8.874800e-01 6.756000e-03 1.057640e-01
96 8.861920e-01 6.840000e-03 1.069680e-01
97 8.851080e-01 6.764000e-03 1.081280e-01
98 8.840960e-01 6.624000e-03 1.092800e-01
99 8.829600e-01 6.620000e-03 1.104200e-01
100 8.817400e-01 6.744000e-03 1.115160e-01
101 8.805760e-01 6.808000e-03 1.126160e-01
102 8.793200e-01 6.884000e-03 1.137960e-01
103 8.781400e-01 6.848000e-03 1.150120e-01
104 8.769680e-01 6.876000e-03 1.161560e-01
105 8.758640e-01 6.696000e-03 1.174400e-01
106 8.748200e-01 6.640000e-03 1.185400e-01
107 8.737720e-01 6.540000e-03 1.196880e-01
108 8.727520e-01 6.392000e-03 1.208560e-01
109 8.716280e-01 6.392000e-03 1.219800e-01
110 8.705440e-01 6.356000e-03 1.231000e-01
111 8.694840e-01 6.244000e-03 1.242720e-01
112 8.684800e-01 6.112000e-03 1.254080e-01
113 8.675400e-01 5.904000e-03 1.265560e-01
114 8.666280e-01 5.900000e-03 1.274720e-01
115 8.655920e-01 5.876000e-03 1.285320e-01
116 8.647560e-01 5.628000e-03 1.296160e-01
117 8.638920e-01 5.376000e-03 1.307320e-01
118 8.630840e-01 5.212000e-03 1.317040e-01
119 8.622920e-01 4.968000e-03 1.327400e-01
120 8.614600e-01 4.952000e-03 1.335880e-01
121 8.606280e-01 4.932000e-03 1.344400e-01
122 8.597440e-01 4.936000e-03 1.353200e-01
123 8.588400e-01 4.968000e-03 1.361920e-01
124 8.578480e-01 5.172000e-03 1.369800e-01
125 8.567720e-01 5.340000e-03 1.378880e-01
126 8.558160e-01 5.232000e-03 1.389520e-01
127 8.548440e-01 5.316000e-03 1.398400e-01
128 8.539600e-01 5.232000e-03 1.408080e-01
129 8.530840e-01 5.216000e-03 1.417000e-01
130 8.519640e-01 5.392000e-03 1.426440e-01
131 8.508560e-01 5.552000e-03 1.435920e-01
132 8.496920e-01 5.756000e-03 1.445520e-01
133 8.486120e-01 5.788000e-03 1.456000e-01
134 8.476680e-01 5.744000e-03 1.465880e-01
135 8.467200e-01 5.680000e-03 1.476000e-01
136 8.458600e-01 5.544000e-03 1.485960e-01
137 8.449040e-01 5.564000e-03 1.495320e-01
138 8.438960e-01 5.644000e-03 1.504600e-01
139 8.429760e-01 5.460000e-03 1.515640e-01
140 8.421160e-01 5.420000e-03 1.524640e-01
141 8.411360e-01 5.420000e-03 1.534440e-01
142 8.401280e-01 5.452000e-03 1.544200e-01
143 8.391080e-01 5.504000e-03 1.553880e-01
144 8.382360e-01 5.380000e-03 1.563840e-01
145 8.372400e-01 5.452000e-03 1.573080e-01
146 8.362520e-01 5.404000e-03 1.583440e-01
147 8.352720e-01 5.464000e-03 1.592640e-01
148 8.342840e-01 5.428000e-03 1.602880e-01
149 8.332880e-01 5.456000e-03 1.612560e-01
150 8.322160e-01 5.620000e-03 1.621640e-01
151 8.310760e-01 5.772000e-03 1.631520e-01
152 8.300520e-01 5.768000e-03 1.641800e-01
153 8.290160e-01 5.792000e-03 1.651920e-01
154 8.280000e-01 5.880000e-03 1.661200e-01
155 8.270120e-01 5.800000e-03 1.671880e-01
156 8.260040e-01 5.792000e-03 1.682040e-01
157 8.250320e-01 5.708000e-03 1.692600e-01
158 8.241920e-01 5.524000e-03 1.702840e-01
159 8.233720e-01 5.396000e-03 1.712320e-01
160 8.224640e-01 5.312000e-03 1.722240e-01
161 8.214920e-01 5.368000e-03 1.731400e-01
162 8.204160e-01 5.472000e-03 1.741120e-01
163 8.195280e-01 5.404000e-03 1.750680e-01
164 8.186280e-01 5.456000e-03 1.759160e-01
165 8.176280e-01 5.448000e-03 1.769240e-01
166 8.166960e-01 5.480000e-03 1.778240e-01
167 8.157000e-01 5.476000e-03 1.788240e-01
168 8.148240e-01 5.472000e-03 1.797040e-01
169 8.138840e-01 5.488000e-03 1.806280e-01
170 8.129680e-01 5.528000e-03 1.815040e-01
171 8.120320e-01 5.436000e-03 1.825320e-01
172 8.111240e-01 5.420000e-03 1.834560e-01
173 8.102440e-01 5.304000e-03 1.844520e-01
174 8.094000e-01 5.264000e-03 1.853360e-01
175 8.085600e-01 5.124000e-03 1.863160e-01
176 8.076760e-01 5.056000e-03 1.872680e-01
177 8.069440e-01 4.884000e-03 1.881720e-01
178 8.061080e-01 4.868000e-03 1.890240e-01
179 8.053080e-01 4.788000e-03 1.899040e-01
180 8.046600e-01 4.620000e-03 1.907200e-01
181 8.039640e-01 4.480000e-03 1.915560e-01
182 8.032880e-01 4.440000e-03 1.922720e-01
183 8.025320e-01 4.456000e-03 1.930120e-01
184 8.017080e-01 4.516000e-03 1.937760e-01
185 8.009560e-01 4.424000e-03 1.946200e-01
186 8.002800e-01 4.388000e-03 1.953320e-01
187 7.993800e-01 4.500000e-03 1.961200e-01
188 7.985640e-01 4.580000e-03 1.968560e-01
189 7.978480e-01 4.500000e-03 1.976520e-01
190 7.971480e-01 4.464000e-03 1.983880e-01
191 7.963520e-01 4.344000e-03 1.993040e-01
192 7.955920e-01 4.388000e-03 2.000200e-01
193 7.948240e-01 4.500000e-03 2.006760e-01
194 7.939240e-01 4.552000e-03 2.015240e-01
195 7.931360e-01 4.484000e-03 2.023800e-01
196 7.923440e-01 4.504000e-03 2.031520e-01
197 7.915720e-01 4.632000e-03 2.037960e-01
198 7.908160e-01 4.540000e-03 2.046440e-01
199 7.900920e-01 4.600000e-03 2.053080e-01
200 7.894120e-01 4.504000e-03 2.060840e-01
201 7.886600e-01 4.424000e-03 2.069160e-01
202 7.878960e-01 4.376000e-03 2.077280e-01
203 7.871800e-01 4.388000e-03 2.084320e-01
204 7.863640e-01 4.452000e-03 2.091840e-01
205 7.856240e-01 4.464000e-03 2.099120e-01
206 7.848760e-01 4.364000e-03 2.107600e-01
207 7.841760e-01 4.264000e-03 2.115600e-01
208 7.835160e-01 4.180000e-03 2.123040e-01
209 7.828320e-01 4.180000e-03 2.129880e-01
210 7.821520e-01 4.144000e-03 2.137040e-01
211 7.814480e-01 4.160000e-03 2.143920e-01
212 7.806720e-01 4.300000e-03 2.150280e-01
213 7.798640e-01 4.264000e-03 2.158720e-01
214 7.792040e-01 4.152000e-03 2.166440e-01
215 7.783680e-01 4.208000e-03 2.174240e-01
216 7.777040e-01 4.140000e-03 2.181560e-01
217 7.770000e-01 3.976000e-03 2.190240e-01
218 7.762200e-01 4.020000e-03 2.197600e-01
219 7.754360e-01 4.112000e-03 2.204520e-01
220 7.746160e-01 4.296000e-03 2.210880e-01
221 7.738400e-01 4.416000e-03 2.217440e-01
222 7.731000e-01 4.388000e-03 2.225120e-01
223 7.721160e-01 4.604000e-03 2.232800e-01
224 7.712600e-01 4.632000e-03 2.241080e-01
225 7.703520e-01 4.764000e-03 2.248840e-01
226 7.694840e-01 4.780000e-03 2.257360e-01
227 7.686200e-01 4.708000e-03 2.266720e-01
228 7.679240e-01 4.524000e-03 2.275520e-01
229 7.672600e-01 4.328000e-03 2.284120e-01
230 7.664960e-01 4.316000e-03 2.291880e-01
231 7.658400e-01 4.288000e-03 2.298720e-01
232 7.650920e-01 4.356000e-03 2.305520e-01
233 7.642480e-01 4.404000e-03 2.313480e-01
234 7.634720e-01 4.412000e-03 2.321160e-01
235 7.627960e-01 4.288000e-03 2.329160e-01
236 7.621400e-01 4.224000e-03 2.336360e-01
237 7.615040e-01 4.020000e-03 2.344760e-01
238 7.609280e-01 3.872000e-03 2.352000e-01
239 7.602960e-01 3.868000e-03 2.358360e-01
240 7.596640e-01 3.868000e-03 2.364680e-01
241 7.590520e-01 3.852000e-03 2.370960e-01
242 7.584640e-01 3.708000e-03 2.378280e-01
243 7.579360e-01 3.628000e-03 2.384360e-01
244 7.574160e-01 3.520000e-03 2.390640e-01
245 7.569280e-01 3.384000e-03 2.396880e-01
246 7.563280e-01 3.428000e-03 2.402440e-01
247 7.558360e-01 3.236000e-03 2.409280e-01
248 7.552960e-01 3.224000e-03 2.414800e-01
249 7.547000e-01 3.256000e-03 2.420440e-01
250 7.541400e-01 3.268000e-03 2.425920e-01
251 7.536440e-01 3.280000e-03 2.430760e-01
252 7.531480e-01 3.176000e-03 2.436760e-01
253 7.525840e-01 3.156000e-03 2.442600e-01
254 7.519360e-01 3.268000e-03 2.447960e-01
255 7.512520e-01 3.364000e-03 2.453840e-01
256 7.505640e-01 3.412000e-03 2.460240e-01
257 7.498920e-01 3.504000e-03 2.466040e-01
258 7.492400e-01 3.508000e-03 2.472520e-01
259 7.486320e-01 3.492000e-03 2.478760e-01
260 7.479120e-01 3.736000e-03 2.483520e-01
261 7.471560e-01 3.812000e-03 2.490320e-01
262 7.464160e-01 3.848000e-03 2.497360e-01
263 7.457560e-01 3.832000e-03 2.504120e-01
264 7.450480e-01 3.892000e-03 2.510600e-01
265 7.443440e-01 3.884000e-03 2.517720e-01
266 7.436400e-01 3.824000e-03 2.525360e-01
267 7.429400e-01 3.900000e-03 2.531600e-01
268 7.421480e-01 3.996000e-03 2.538560e-01
269 7.414240e-01 4.028000e-03 2.545480e-01
270 7.407120e-01 4.060000e-03 2.552280e-01
271 7.399680e-01 4.104000e-03 2.559280e-01
272 7.392480e-01 3.972000e-03 2.567800e-01
273 7.384600e-01 3.984000e-03 2.575560e-01
274 7.377400e-01 3.984000e-03 2.582760e-01
275 7.369160e-01 4.124000e-03 2.589600e-01
276 7.362240e-01 4.068000e-03 2.597080e-01
277 7.354720e-01 4.188000e-03 2.603400e-01
278 7.346400e-01 4.148000e-03 2.612120e-01
279 7.339520e-01 4.092000e-03 2.619560e-01
280 7.334080e-01 3.880000e-03 2.627120e-01
281 7.328800e-01 3.668000e-03 2.634520e-01
282 7.322320e-01 3.664000e-03 2.641040e-01
283 7.317480e-01 3.508000e-03 2.647440e-01
284 7.313080e-01 3.336000e-03 2.653560e-01
285 7.308720e-01 3.148000e-03 2.659800e-01
286 7.303160e-01 3.164000e-03 2.665200e-01
287 7.298200e-01 3.108000e-03 2.670720e-01
288 7.293600e-01 3.116000e-03 2.675240e-01
289 7.288240e-01 3.100000e-03 2.680760e-01
290 7.283240e-01 3.088000e-03 2.685880e-01
291 7.278920e-01 2.924000e-03 2.691840e-01
292 7.274680e-01 2.904000e-03 2.696280e-01
293 7.269120e-01 2.980000e-03 2.701080e-01
294 7.263640e-01 3.012000e-03 2.706240e-01
295 7.257560e-01 3.020000e-03 2.712240e-01
296 7.251320e-01 3.060000e-03 2.718080e-01
297 7.245640e-01 3.052000e-03 2.723840e-01
298 7.239560e-01 3.132000e-03 2.729120e-01
299 7.234360e-01 3.068000e-03 2.734960e-01
300 7.228320e-01 3.136000e-03 2.740320e-01
301 7.221320e-01 3.288000e-03 2.745800e-01
302 7.215240e-01 3.292000e-03 2.751840e-01
303 7.208680e-01 3.396000e-03 2.757360e-01
304 7.202800e-01 3.404000e-03 2.763160e-01
305 7.197480e-01 3.400000e-03 2.768520e-01
306 7.191240e-01 3.380000e-03 2.774960e-01
307 7.185960e-01 3.300000e-03 2.781040e-01
308 7.179920e-01 3.296000e-03 2.787120e-01
309 7.174800e-01 3.188000e-03 2.793320e-01
310 7.169960e-01 3.180000e-03 2.798240e-01
311 7.164640e-01 3.244000e-03 2.802920e-01
312 7.159320e-01 3.252000e-03 2.808160e-01
313 7.153360e-01 3.316000e-03 2.813480e-01
314 7.148000e-01 3.160000e-03 2.820400e-01
315 7.143320e-01 3.100000e-03 2.825680e-01
316 7.138000e-01 3.056000e-03 2.831440e-01
317 7.132360e-01 3.040000e-03 2.837240e-01
318 7.127120e-01 3.016000e-03 2.842720e-01
319 7.122720e-01 2.924000e-03 2.848040e-01
320 7.118520e-01 2.844000e-03 2.853040e-01
321 7.113880e-01 2.824000e-03 2.857880e-01
322 7.109200e-01 2.844000e-03 2.862360e-01
323 7.104480e-01 2.768000e-03 2.867840e-01
324 7.099920e-01 2.740000e-03 2.872680e-01
325 7.095320e-01 2.792000e-03 2.876760e-01
326 7.090040e-01 2.852000e-03 2.881440e-01
327 7.085240e-01 2.876000e-03 2.886000e-01
328 7.080400e-01 2.804000e-03 2.891560e-01
329 7.074960e-01 2.852000e-03 2.896520e-01
330 7.069440e-01 2.912000e-03 2.901440e-01
331 7.063760e-01 3.012000e-03 2.906120e-01
332 7.058000e-01 3.036000e-03 2.911640e-01
333 7.052520e-01 3.100000e-03 2.916480e-01
334 7.046840e-01 3.044000e-03 2.922720e-01
335 7.041600e-01 2.992000e-03 2.928480e-01
336 7.037080e-01 2.876000e-03 2.934160e-01
337 7.031160e-01 2.956000e-03 2.939280e-01
338 7.025400e-01 2.992000e-03 2.944680e-01
339 7.020040e-01 2.936000e-03 2.950600e-01
340 7.015880e-01 2.792000e-03 2.956200e-01
341 7.011240e-01 2.748000e-03 2.961280e-01
342 7.006600e-01 2.636000e-03 2.967040e-01
343 7.000960e-01 2.792000e-03 2.971120e-01
344 6.996000e-01 2.784000e-03 2.976160e-01
345 6.991480e-01 2.780000e-03 2.980720e-01
346 6.987200e-01 2.668000e-03 2.986120e-01
347 6.982920e-01 2.608000e-03 2.991000e-01
348 6.977560e-01 2.600000e-03 2.996440e-01
349 6.972960e-01 2.584000e-03 3.001200e-01
350 6.969080e-01 2.556000e-03 3.005360e-01
351 6.964800e-01 2.540000e-03 3.009800e-01
352 6.960840e-01 2.588000e-03 3.013280e-01
353 6.957360e-01 2.416000e-03 3.018480e-01
354 6.953320e-01 2.408000e-03 3.022600e-01
355 6.948360e-01 2.476000e-03 3.026880e-01
356 6.943720e-01 2.560000e-03 3.030680e-01
357 6.939920e-01 2.476000e-03 3.035320e-01
358 6.935400e-01 2.480000e-03 3.039800e-01
359 6.931400e-01 2.468000e-03 3.043920e-01
360 6.926680e-01 2.532000e-03 3.048000e-01
361 6.922720e-01 2.480000e-03 3.052480e-01
362 6.918760e-01 2.532000e-03 3.055920e-01
363 6.914920e-01 2.520000e-03 3.059880e-01
364 6.910960e-01 2.480000e-03 3.064240e-01
365 6.907000e-01 2.476000e-03 3.068240e-01
366 6.902880e-01 2.432000e-03 3.072800e-01
367 6.898680e-01 2.456000e-03 3.076760e-01
368 6.894800e-01 2.356000e-03 3.081640e-01
369 6.890880e-01 2.344000e-03 3.085680e-01
370 6.887760e-01 2.244000e-03 3.089800e-01
371 6.884280e-01 2.220000e-03 3.093520e-01
372 6.880120e-01 2.296000e-03 3.096920e-01
373 6.876400e-01 2.240000e-03 3.101200e-01
374 6.873440e-01 2.128000e-03 3.105280e-01
375 6.869480e-01 2.096000e-03 3.109560e-01
376 6.865560e-01 2.132000e-03 3.113120e-01
377 6.861600e-01 2.152000e-03 3.116880e-01
378 6.857720e-01 2.156000e-03 3.120720e-01
379 6.854000e-01 2.128000e-03 3.124720e-01
380 6.850040e-01 2.064000e-03 3.129320e-01
381 6.847680e-01 1.972000e-03 3.132600e-01
382 6.844000e-01 2.020000e-03 3.135800e-01
383 6.840960e-01 1.976000e-03 3.139280e-01
384 6.837960e-01 1.920000e-03 3.142840e-01
385 6.834680e-01 1.852000e-03 3.146800e-01
386 6.830720e-01 1.904000e-03 3.150240e-01
387 6.826960e-01 1.920000e-03 3.153840e-01
388 6.823160e-01 1.940000e-03 3.157440e-01
389 6.819240e-01 2.080000e-03 3.159960e-01
390 6.815360e-01 2.048000e-03 3.164160e-01
391 6.811560e-01 2.056000e-03 3.167880e-01
392 6.807960e-01 2.080000e-03 3.171240e-01
393 6.804480e-01 2.068000e-03 3.174840e-01
394 6.800680e-01 2.032000e-03 3.179000e-01
395 6.796960e-01 2.072000e-03 3.182320e-01
396 6.793080e-01 2.092000e-03 3.186000e-01
397 6.789040e-01 2.112000e-03 3.189840e-01
398 6.785200e-01 2.152000e-03 3.193280e-01
399 6.781640e-01 2.084000e-03 3.197520e-01
400 6.777360e-01 2.112000e-03 3.201520e-01
401 6.773160e-01 2.156000e-03 3.205280e-01
402 6.769160e-01 2.144000e-03 3.209400e-01
403 6.765480e-01 2.120000e-03 3.213320e-01
404 6.762480e-01 2.020000e-03 3.217320e-01
405 6.758600e-01 2.048000e-03 3.220920e-01
406 6.754680e-01 2.120000e-03 3.224120e-01
407 6.751200e-01 2.092000e-03 3.227880e-01
408 6.747080e-01 2.156000e-03 3.231360e-01
409 6.743360e-01 2.156000e-03 3.235080e-01
410 6.740160e-01 2.160000e-03 3.238240e-01
411 6.737120e-01 2.096000e-03 3.241920e-01
412 6.733440e-01 2.120000e-03 3.245360e-01
413 6.730640e-01 2.056000e-03 3.248800e-01
414 6.726440e-01 2.164000e-03 3.251920e-01
415 6.722200e-01 2.244000e-03 3.255360e-01
416 6.718480e-01 2.232000e-03 3.259200e-01
417 6.714080e-01 2.268000e-03 3.263240e-01
418 6.710000e-01 2.236000e-03 3.267640e-01
419 6.706080e-01 2.280000e-03 3.271120e-01
420 6.702760e-01 2.224000e-03 3.275000e-01
421 6.698800e-01 2.192000e-03 3.279280e-01
422 6.694880e-01 2.208000e-03 3.283040e-01
423 6.691200e-01 2.212000e-03 3.286680e-01
424 6.687240e-01 2.192000e-03 3.290840e-01
425 6.683520e-01 2.148000e-03 3.295000e-01
426 6.680120e-01 2.104000e-03 3.298840e-01
427 6.676920e-01 2.092000e-03 3.302160e-01
428 6.673600e-01 2.108000e-03 3.305320e-01
429 6.670000e-01 2.072000e-03 3.309280e-01
430 6.667200e-01 1.948000e-03 3.313320e-01
431 6.664080e-01 1.940000e-03 3.316520e-01
432 6.661160e-01 1.908000e-03 3.319760e-01
433 6.657920e-01 1.952000e-03 3.322560e-01
434 6.654880e-01 1.904000e-03 3.326080e-01
435 6.651160e-01 1.900000e-03 3.329840e-01
436 6.648200e-01 1.840000e-03 3.333400e-01
437 6.645000e-01 1.836000e-03 3.336640e-01
438 6.642080e-01 1.744000e-03 3.340480e-01
439 6.638920e-01 1.764000e-03 3.343440e-01
440 6.636040e-01 1.696000e-03 3.347000e-01
441 6.632680e-01 1.696000e-03 3.350360e-01
442 6.629200e-01 1.732000e-03 3.353480e-01
443 6.626360e-01 1.732000e-03 3.356320e-01
444 6.623480e-01 1.764000e-03 3.358880e-01
445 6.619760e-01 1.812000e-03 3.362120e-01
446 6.616600e-01 1.816000e-03 3.365240e-01
447 6.612760e-01 1.816000e-03 3.369080e-01
448 6.609440e-01 1.836000e-03 3.372200e-01
449 6.606680e-01 1.796000e-03 3.375360e-01
450 6.603440e-01 1.776000e-03 3.378800e-01
451 6.600120e-01 1.792000e-03 3.381960e-01
452 6.597160e-01 1.792000e-03 3.384920e-01
453 6.593800e-01 1.788000e-03 3.388320e-01
454 6.591120e-01 1.744000e-03 3.391440e-01
455 6.588240e-01 1.708000e-03 3.394680e-01
456 6.585320e-01 1.712000e-03 3.397560e-01
457 6.582560e-01 1.736000e-03 3.400080e-01
458 6.579400e-01 1.744000e-03 3.403160e-01
459 6.576840e-01 1.676000e-03 3.406400e-01
460 6.574080e-01 1.608000e-03 3.409840e-01
461 6.572040e-01 1.516000e-03 3.412800e-01
462 6.568840e-01 1.584000e-03 3.415320e-01
463 6.566200e-01 1.472000e-03 3.419080e-01
464 6.563480e-01 1.468000e-03 3.421840e-01
465 6.560720e-01 1.500000e-03 3.424280e-01
466 6.557520e-01 1.548000e-03 3.427000e-01
467 6.555080e-01 1.560000e-03 3.429320e-01
468 6.552080e-01 1.564000e-03 3.432280e-01
469 6.548640e-01 1.588000e-03 3.435480e-01
470 6.545360e-01 1.564000e-03 3.439000e-01
471 6.541600e-01 1.692000e-03 3.441480e-01
472 6.538160e-01 1.740000e-03 3.444440e-01
473 6.535160e-01 1.744000e-03 3.447400e-01
474 6.531640e-01 1.768000e-03 3.450680e-01
475 6.528120e-01 1.824000e-03 3.453640e-01
476 6.525160e-01 1.776000e-03 3.457080e-01
477 6.521960e-01 1.772000e-03 3.460320e-01
478 6.518840e-01 1.844000e-03 3.462720e-01
479 6.515280e-01 1.880000e-03 3.465920e-01
480 6.511480e-01 1.948000e-03 3.469040e-01
481 6.507840e-01 1.976000e-03 3.472400e-01
482 6.504960e-01 1.952000e-03 3.475520e-01
483 6.502240e-01 1.896000e-03 3.478800e-01
484 6.498560e-01 1.908000e-03 3.482360e-01
485 6.494920e-01 1.964000e-03 3.485440e-01
486 6.492360e-01 1.880000e-03 3.488840e-01
487 6.489240e-01 1.888000e-03 3.491880e-01
488 6.486800e-01 1.812000e-03 3.495080e-01
489 6.483920e-01 1.772000e-03 3.498360e-01
490 6.481120e-01 1.732000e-03 3.501560e-01
491 6.478240e-01 1.740000e-03 3.504360e-01
492 6.475360e-01 1.728000e-03 3.507360e-01
493 6.472400e-01 1.704000e-03 3.510560e-01
494 6.469720e-01 1.700000e-03 3.513280e-01
495 6.467400e-01 1.660000e-03 3.516000e-01
496 6.465360e-01 1.568000e-03 3.518960e-01
497 6.463440e-01 1.476000e-03 3.521800e-01
498 6.461280e-01 1.424000e-03 3.524480e-01
499 6.458840e-01 1.420000e-03 3.526960e-01
500 6.456200e-01 1.432000e-03 3.529480e-01
