1 9.991160e-01 7.800000e-04 1.040000e-04
2 9.985400e-01 1.180000e-03 2.800000e-04
3 9.978720e-01 1.616000e-03 5.120000e-04
4 9.972040e-01 2.020000e-03 7.760000e-04
5 9.964160e-01 2.380000e-03 1.204000e-03
6 9.956000e-01 2.760000e-03 1.640000e-03
7 9.946640e-01 3.188000e-03 2.148000e-03
8 9.936800e-01 3.608000e-03 2.712000e-03
9 9.925880e-01 4.052000e-03 3.360000e-03
10 9.914600e-01 4.496000e-03 4.044000e-03
11 9.903080e-01 4.912000e-03 4.780000e-03
12 9.892760e-01 5.064000e-03 5.660000e-03
13 9.882480e-01 5.100000e-03 6.652000e-03
14 9.872320e-01 5.168000e-03 7.600000e-03
15 9.860960e-01 5.364000e-03 8.540000e-03
16 9.848400e-01 5.656000e-03 9.504000e-03
17 9.836160e-01 5.852000e-03 1.053200e-02
18 9.824360e-01 5.988000e-03 1.157600e-02
19 9.811880e-01 6.080000e-03 1.273200e-02
20 9.800080e-01 6.228000e-03 1.376400e-02
21 9.788000e-01 6.284000e-03 1.491600e-02
22 9.774160e-01 6.560000e-03 1.602400e-02
23 9.760320e-01 6.808000e-03 1.716000e-02
24 9.747840e-01 6.804000e-03 1.841200e-02
25 9.735120e-01 6.832000e-03 1.965600e-02
26 9.721720e-01 6.980000e-03 2.084800e-02
27 9.708440e-01 6.992000e-03 2.216400e-02
28 9.696320e-01 6.976000e-03 2.339200e-02
29 9.682800e-01 7.180000e-03 2.454000e-02
30 9.669480e-01 7.176000e-03 2.587600e-02
31 9.655400e-01 7.368000e-03 2.709200e-02
32 9.642200e-01 7.276000e-03 2.850400e-02
33 9.627760e-01 7.424000e-03 2.980000e-02
34 9.613960e-01 7.416000e-03 3.118800e-02
35 9.600000e-01 7.524000e-03 3.247600e-02
36 9.586320e-01 7.640000e-03 3.372800e-02
37 9.571920e-01 7.772000e-03 3.503600e-02
38 9.558400e-01 7.696000e-03 3.646400e-02
39 9.543520e-01 7.836000e-03 3.781200e-02
40 9.529920e-01 7.896000e-03 3.911200e-02
41 9.514240e-01 8.220000e-03 4.035600e-02
42 9.497880e-01 8.408000e-03 4.180400e-02
43 9.481920e-01 8.440000e-03 4.336800e-02
44 9.465360e-01 8.548000e-03 4.491600e-02
45 9.447440e-01 8.908000e-03 4.634800e-02
46 9.430600e-01 9.124000e-03 4.781600e-02
47 9.413520e-01 9.184000e-03 4.946400e-02
48 9.395240e-01 9.360000e-03 5.111600e-02
49 9.378320e-01 9.352000e-03 5.281600e-02
50 9.359880e-01 9.484000e-03 5.452800e-02
51 9.343360e-01 9.432000e-03 5.623200e-02
52 9.327840e-01 9.264000e-03 5.795200e-02
53 9.311800e-01 9.268000e-03 5.955200e-02
54 9.295280e-01 9.392000e-03 6.108000e-02
55 9.277520e-01 9.560000e-03 6.268800e-02
56 9.259040e-01 9.756000e-03 6.434000e-02
57 9.242360e-01 9.852000e-03 6.591200e-02
58 9.225160e-01 9.844000e-03 6.764000e-02
59 9.207920e-01 9.932000e-03 6.927600e-02
60 9.192280e-01 9.708000e-03 7.106400e-02
61 9.176640e-01 9.624000e-03 7.271200e-02
62 9.161680e-01 9.484000e-03 7.434800e-02
63 9.145560e-01 9.368000e-03 7.607600e-02
64 9.131800e-01 9.024000e-03 7.779600e-02
65 9.116720e-01 8.860000e-03 7.946800e-02
66 9.100520e-01 8.952000e-03 8.099600e-02
67 9.085320e-01 8.888000e-03 8.258000e-02
68 9.071280e-01 8.636000e-03 8.423600e-02
69 9.056800e-01 8.584000e-03 8.573600e-02
70 9.042040e-01 8.568000e-03 8.722800e-02
71 9.029800e-01 8.256000e-03 8.876400e-02
72 9.015880e-01 8.200000e-03 9.021200e-02
73 9.001960e-01 8.232000e-03 9.157200e-02
74 8.988120e-01 8.204000e-03 9.298400e-02
75 8.975440e-01 8.052000e-03 9.440400e-02
76 8.963600e-01 7.824000e-03 9.581600e-02
77 8.950640e-01 7.648000e-03 9.728800e-02
78 8.938760e-01 7.536000e-03 9.858800e-02
79 8.924840e-01 7.496000e-03 1.000200e-01
80 8.910040e-01 7.716000e-03 1.012800e-01
81 8.896880e-01 7.644000e-03 1.026680e-01
82 8.884440e-01 7.652000e-03 1.039040e-01
83 8.871320e-01 7.532000e-03 1.053360e-01
84 8.859120e-01 7.512000e-03 1.065760e-01
85 8.847520e-01 7.388000e-03 1.078600e-01
86 8.834320e-01 7.400000e-03 1.091680e-01
87 8.821440e-01 7.444000e-03 1.104120e-01
88 8.809520e-01 7.444000e-03 1.116040e-01
89 8.797040e-01 7.368000e-03 1.129280e-01
90 8.784320e-01 7.396000e-03 1.141720e-01
91 8.771480e-01 7.524000e-03 1.153280e-01
92 8.760080e-01 7.308000e-03 1.166840e-01
93 8.746880e-01 7.188000e-03 1.181240e-01
94 8.733400e-01 7.236000e-03 1.194240e-01
95 8.719880e-01 7.212000e-03 1.208000e-01
96 8.706920e-01 7.248000e-03 1.220600e-01
97 8.692880e-01 7.296000e-03 1.234160e-01
98 8.681560e-01 7.132000e-03 1.247120e-01
99 8.669120e-01 7.176000e-03 1.259120e-01
100 8.656320e-01 7.224000e-03 1.271440e-01
101 8.643000e-01 7.320000e-03 1.283800e-01
102 8.630240e-01 7.324000e-03 1.296520e-01
103 8.615640e-01 7.340000e-03 1.310960e-01
104 8.600520e-01 7.624000e-03 1.323240e-01
105 8.586600e-01 7.760000e-03 1.335800e-01
106 8.571720e-01 7.828000e-03 1.350000e-01
107 8.557320e-01 7.952000e-03 1.363160e-01
108 8.543520e-01 7.952000e-03 1.376960e-01
109 8.528960e-01 7.988000e-03 1.391160e-01
110 8.516800e-01 7.704000e-03 1.406160e-01
111 8.504640e-01 7.560000e-03 1.419760e-01
112 8.491760e-01 7.504000e-03 1.433200e-01
113 8.478520e-01 7.460000e-03 1.446880e-01
114 8.464920e-01 7.588000e-03 1.459200e-01
115 8.452960e-01 7.500000e-03 1.472040e-01
116 8.439960e-01 7.584000e-03 1.484200e-01
117 8.425560e-01 7.700000e-03 1.497440e-01
118 8.411520e-01 7.612000e-03 1.512360e-01
119 8.398040e-01 7.668000e-03 1.525280e-01
120 8.384720e-01 7.660000e-03 1.538680e-01
121 8.370560e-01 7.768000e-03 1.551760e-01
122 8.357720e-01 7.692000e-03 1.565360e-01
123 8.342840e-01 7.920000e-03 1.577960e-01
124 8.328720e-01 8.080000e-03 1.590480e-01
125 8.313840e-01 8.180000e-03 1.604360e-01
126 8.299440e-01 8.236000e-03 1.618200e-01
127 8.286360e-01 8.108000e-03 1.632560e-01
128 8.271040e-01 8.180000e-03 1.647160e-01
129 8.256240e-01 8.096000e-03 1.662800e-01
130 8.243240e-01 7.944000e-03 1.677320e-01
131 8.230320e-01 7.872000e-03 1.690960e-01
132 8.217640e-01 7.808000e-03 1.704280e-01
133 8.205640e-01 7.676000e-03 1.717600e-01
134 8.193840e-01 7.548000e-03 1.730680e-01
135 8.180280e-01 7.652000e-03 1.743200e-01
136 8.166400e-01 7.556000e-03 1.758040e-01
137 8.152280e-01 7.556000e-03 1.772160e-01
138 8.138520e-01 7.604000e-03 1.785440e-01
139 8.124080e-01 7.808000e-03 1.797840e-01
140 8.109760e-01 7.736000e-03 1.812880e-01
141 8.096080e-01 7.780000e-03 1.826120e-01
142 8.082000e-01 7.824000e-03 1.839760e-01
143 8.068120e-01 7.712000e-03 1.854760e-01
144 8.056840e-01 7.492000e-03 1.868240e-01
145 8.043840e-01 7.512000e-03 1.881040e-01
146 8.029720e-01 7.560000e-03 1.894680e-01
147 8.015640e-01 7.692000e-03 1.907440e-01
148 8.002360e-01 7.628000e-03 1.921360e-01
149 7.987840e-01 7.764000e-03 1.934520e-01
150 7.974840e-01 7.740000e-03 1.947760e-01
151 7.961640e-01 7.828000e-03 1.960080e-01
152 7.949880e-01 7.644000e-03 1.973680e-01
153 7.936480e-01 7.624000e-03 1.987280e-01
154 7.922480e-01 7.716000e-03 2.000360e-01
155 7.909400e-01 7.716000e-03 2.013440e-01
156 7.896960e-01 7.636000e-03 2.026680e-01
157 7.881920e-01 7.912000e-03 2.038960e-01
158 7.867160e-01 7.964000e-03 2.053200e-01
159 7.853480e-01 7.780000e-03 2.068720e-01
160 7.839280e-01 7.848000e-03 2.082240e-01
161 7.826360e-01 7.820000e-03 2.095440e-01
162 7.812160e-01 7.876000e-03 2.109080e-01
163 7.798280e-01 7.968000e-03 2.122040e-01
164 7.786040e-01 7.756000e-03 2.136400e-01
165 7.773520e-01 7.688000e-03 2.149600e-01
166 7.759200e-01 7.688000e-03 2.163920e-01
167 7.746040e-01 7.608000e-03 2.177880e-01
168 7.733200e-01 7.592000e-03 2.190880e-01
169 7.720360e-01 7.572000e-03 2.203920e-01
170 7.705720e-01 7.704000e-03 2.217240e-01
171 7.692960e-01 7.660000e-03 2.230440e-01
172 7.679560e-01 7.740000e-03 2.243040e-01
173 7.666160e-01 7.744000e-03 2.256400e-01
174 7.653400e-01 7.708000e-03 2.269520e-01
175 7.640200e-01 7.692000e-03 2.282880e-01
176 7.629640e-01 7.420000e-03 2.296160e-01
177 7.618680e-01 7.308000e-03 2.308240e-01
178 7.605440e-01 7.472000e-03 2.319840e-01
179 7.592360e-01 7.320000e-03 2.334440e-01
180 7.581840e-01 7.080000e-03 2.347360e-01
181 7.571680e-01 6.816000e-03 2.360160e-01
182 7.561480e-01 6.600000e-03 2.372520e-01
183 7.551760e-01 6.328000e-03 2.384960e-01
184 7.541720e-01 6.132000e-03 2.396960e-01
185 7.532120e-01 6.032000e-03 2.407560e-01
186 7.521520e-01 6.008000e-03 2.418400e-01
187 7.510960e-01 6.064000e-03 2.428400e-01
188 7.499000e-01 6.216000e-03 2.438840e-01
189 7.488560e-01 6.156000e-03 2.449880e-01
190 7.478000e-01 6.144000e-03 2.460560e-01
191 7.467040e-01 6.184000e-03 2.471120e-01
192 7.457200e-01 6.092000e-03 2.481880e-01
193 7.446200e-01 6.108000e-03 2.492720e-01
194 7.436040e-01 5.996000e-03 2.504000e-01
195 7.425000e-01 5.984000e-03 2.515160e-01
196 7.413920e-01 6.060000e-03 2.525480e-01
197 7.403640e-01 6.052000e-03 2.535840e-01
198 7.392880e-01 6.092000e-03 2.546200e-01
199 7.381440e-01 6.048000e-03 2.558080e-01
200 7.370600e-01 6.120000e-03 2.568200e-01
201 7.360480e-01 6.072000e-03 2.578800e-01
202 7.350440e-01 6.052000e-03 2.589040e-01
203 7.340120e-01 6.032000e-03 2.599560e-01
204 7.329440e-01 6.084000e-03 2.609720e-01
205 7.319160e-01 6.008000e-03 2.620760e-01
206 7.307480e-01 6.180000e-03 2.630720e-01
207 7.295440e-01 6.268000e-03 2.641880e-01
208 7.283560e-01 6.308000e-03 2.653360e-01
209 7.272000e-01 6.276000e-03 2.665240e-01
210 7.261240e-01 6.244000e-03 2.676320e-01
211 7.251760e-01 6.080000e-03 2.687440e-01
212 7.242880e-01 5.980000e-03 2.697320e-01
213 7.231120e-01 6.004000e-03 2.708840e-01
214 7.222080e-01 5.912000e-03 2.718800e-01
215 7.213480e-01 5.672000e-03 2.729800e-01
216 7.204280e-01 5.648000e-03 2.739240e-01
217 7.194640e-01 5.624000e-03 2.749120e-01
218 7.185960e-01 5.504000e-03 2.759000e-01
219 7.177800e-01 5.284000e-03 2.769360e-01
220 7.168600e-01 5.264000e-03 2.778760e-01
221 7.159640e-01 5.236000e-03 2.788000e-01
222 7.150160e-01 5.284000e-03 2.797000e-01
223 7.140320e-01 5.360000e-03 2.806080e-01
224 7.130240e-01 5.376000e-03 2.816000e-01
225 7.120200e-01 5.472000e-03 2.825080e-01
226 7.110560e-01 5.424000e-03 2.835200e-01
227 7.100200e-01 5.508000e-03 2.844720e-01
228 7.090120e-01 5.472000e-03 2.855160e-01
229 7.080040e-01 5.452000e-03 2.865440e-01
230 7.070480e-01 5.672000e-03 2.872800e-01
231 7.061880e-01 5.588000e-03 2.882240e-01
232 7.052840e-01 5.556000e-03 2.891600e-01
233 7.042240e-01 5.576000e-03 2.902000e-01
234 7.032800e-01 5.480000e-03 2.912400e-01
235 7.023120e-01 5.508000e-03 2.921800e-01
236 7.013760e-01 5.512000e-03 2.931120e-01
237 7.004240e-01 5.596000e-03 2.939800e-01
238 6.994800e-01 5.636000e-03 2.948840e-01
239 6.984920e-01 5.656000e-03 2.958520e-01
240 6.975280e-01 5.600000e-03 2.968720e-01
241 6.966000e-01 5.548000e-03 2.978520e-01
242 6.957240e-01 5.484000e-03 2.987920e-01
243 6.948360e-01 5.432000e-03 2.997320e-01
244 6.939600e-01 5.344000e-03 3.006960e-01
245 6.930120e-01 5.280000e-03 3.017080e-01
246 6.921160e-01 5.208000e-03 3.026760e-01
247 6.912440e-01 5.140000e-03 3.036160e-01
248 6.903800e-01 5.148000e-03 3.044720e-01
249 6.895840e-01 4.960000e-03 3.054560e-01
250 6.888200e-01 4.880000e-03 3.063000e-01
251 6.880240e-01 4.904000e-03 3.070720e-01
252 6.872880e-01 4.772000e-03 3.079400e-01
253 6.865520e-01 4.680000e-03 3.087680e-01
254 6.857080e-01 4.676000e-03 3.096160e-01
255 6.850520e-01 4.476000e-03 3.104720e-01
256 6.842320e-01 4.464000e-03 3.113040e-01
257 6.834280e-01 4.484000e-03 3.120880e-01
258 6.827120e-01 4.492000e-03 3.127960e-01
259 6.818600e-01 4.520000e-03 3.136200e-01
260 6.810560e-01 4.592000e-03 3.143520e-01
261 6.802000e-01 4.664000e-03 3.151360e-01
262 6.793680e-01 4.620000e-03 3.160120e-01
263 6.784360e-01 4.780000e-03 3.167840e-01
264 6.775600e-01 4.744000e-03 3.176960e-01
265 6.767840e-01 4.740000e-03 3.184760e-01
266 6.760000e-01 4.672000e-03 3.193280e-01
267 6.752520e-01 4.632000e-03 3.201160e-01
268 6.744920e-01 4.608000e-03 3.209000e-01
269 6.737960e-01 4.524000e-03 3.216800e-01
270 6.732160e-01 4.348000e-03 3.224360e-01
271 6.725240e-01 4.332000e-03 3.231440e-01
272 6.717200e-01 4.356000e-03 3.239240e-01
273 6.709400e-01 4.380000e-03 3.246800e-01
274 6.701600e-01 4.376000e-03 3.254640e-01
275 6.693000e-01 4.484000e-03 3.262160e-01
276 6.686160e-01 4.452000e-03 3.269320e-01
277 6.679760e-01 4.248000e-03 3.277760e-01
278 6.673080e-01 4.168000e-03 3.285240e-01
279 6.665720e-01 4.188000e-03 3.292400e-01
280 6.658480e-01 4.184000e-03 3.299680e-01
281 6.652040e-01 4.144000e-03 3.306520e-01
282 6.644840e-01 4.168000e-03 3.313480e-01
283 6.638240e-01 4.172000e-03 3.320040e-01
284 6.631280e-01 4.112000e-03 3.327600e-01
285 6.624600e-01 4.028000e-03 3.335120e-01
286 6.616920e-01 4.092000e-03 3.342160e-01
287 6.610400e-01 4.036000e-03 3.349240e-01
288 6.605160e-01 3.832000e-03 3.356520e-01
289 6.599040e-01 3.700000e-03 3.363960e-01
290 6.593160e-01 3.596000e-03 3.370880e-01
291 6.586600e-01 3.632000e-03 3.377080e-01
292 6.580960e-01 3.520000e-03 3.383840e-01
293 6.576120e-01 3.436000e-03 3.389520e-01
294 6.571240e-01 3.316000e-03 3.395600e-01
295 6.565840e-01 3.288000e-03 3.401280e-01
296 6.560840e-01 3.232000e-03 3.406840e-01
297 6.554040e-01 3.320000e-03 3.412760e-01
298 6.548000e-01 3.428000e-03 3.417720e-01
299 6.541840e-01 3.360000e-03 3.424560e-01
300 6.536560e-01 3.272000e-03 3.430720e-01
301 6.531840e-01 3.292000e-03 3.435240e-01
302 6.526120e-01 3.288000e-03 3.441000e-01
303 6.521000e-01 3.192000e-03 3.447080e-01
304 6.516640e-01 3.156000e-03 3.451800e-01
305 6.511560e-01 3.124000e-03 3.457200e-01
306 6.507080e-01 2.980000e-03 3.463120e-01
307 6.501960e-01 2.980000e-03 3.468240e-01
308 6.496440e-01 3.012000e-03 3.473440e-01
309 6.491680e-01 2.912000e-03 3.479200e-01
310 6.487480e-01 2.836000e-03 3.484160e-01
311 6.483360e-01 2.744000e-03 3.489200e-01
312 6.478400e-01 2.808000e-03 3.493520e-01
313 6.473800e-01 2.768000e-03 3.498520e-01
314 6.469560e-01 2.800000e-03 3.502440e-01
315 6.465400e-01 2.696000e-03 3.507640e-01
316 6.460840e-01 2.724000e-03 3.511920e-01
317 6.457200e-01 2.620000e-03 3.516600e-01
318 6.452680e-01 2.620000e-03 3.521120e-01
319 6.448160e-01 2.636000e-03 3.525480e-01
320 6.443640e-01 2.652000e-03 3.529840e-01
321 6.439400e-01 2.628000e-03 3.534320e-01
322 6.435320e-01 2.564000e-03 3.539040e-01
323 6.431240e-01 2.516000e-03 3.543600e-01
324 6.426440e-01 2.556000e-03 3.548000e-01
325 6.422080e-01 2.572000e-03 3.552200e-01
326 6.418200e-01 2.456000e-03 3.557240e-01
327 6.413240e-01 2.488000e-03 3.561880e-01
328 6.408120e-01 2.640000e-03 3.565480e-01
329 6.402960e-01 2.704000e-03 3.570000e-01
330 6.398400e-01 2.696000e-03 3.574640e-01
331 6.392400e-01 2.800000e-03 3.579600e-01
332 6.386400e-01 2.832000e-03 3.585280e-01
333 6.381120e-01 2.932000e-03 3.589560e-01
334 6.376160e-01 2.920000e-03 3.594640e-01
335 6.370320e-01 2.948000e-03 3.600200e-01
336 6.365560e-01 2.936000e-03 3.605080e-01
337 6.361400e-01 2.872000e-03 3.609880e-01
338 6.357440e-01 2.772000e-03 3.614840e-01
339 6.353160e-01 2.820000e-03 3.618640e-01
340 6.348480e-01 2.808000e-03 3.623440e-01
341 6.343280e-01 2.832000e-03 3.628400e-01
342 6.338440e-01 2.760000e-03 3.633960e-01
343 6.334400e-01 2.704000e-03 3.638560e-01
344 6.329920e-01 2.640000e-03 3.643680e-01
345 6.325400e-01 2.552000e-03 3.649080e-01
346 6.321760e-01 2.492000e-03 3.653320e-01
347 6.316680e-01 2.532000e-03 3.658000e-01
348 6.312480e-01 2.456000e-03 3.662960e-01
349 6.308160e-01 2.464000e-03 3.667200e-01
350 6.303480e-01 2.500000e-03 3.671520e-01
351 6.299400e-01 2.460000e-03 3.676000e-01
352 6.295040e-01 2.428000e-03 3.680680e-01
353 6.291400e-01 2.364000e-03 3.684960e-01
354 6.287960e-01 2.296000e-03 3.689080e-01
355 6.283960e-01 2.328000e-03 3.692760e-01
356 6.279840e-01 2.308000e-03 3.697080e-01
357 6.275920e-01 2.312000e-03 3.700960e-01
358 6.271200e-01 2.332000e-03 3.705480e-01
359 6.266760e-01 2.388000e-03 3.709360e-01
360 6.262280e-01 2.400000e-03 3.713720e-01
361 6.258520e-01 2.356000e-03 3.717920e-01
362 6.254320e-01 2.352000e-03 3.722160e-01
363 6.250680e-01 2.260000e-03 3.726720e-01
364 6.246480e-01 2.276000e-03 3.730760e-01
365 6.242320e-01 2.252000e-03 3.735160e-01
366 6.238160e-01 2.300000e-03 3.738840e-01
367 6.233200e-01 2.440000e-03 3.742400e-01
368 6.227760e-01 2.564000e-03 3.746600e-01
369 6.222920e-01 2.580000e-03 3.751280e-01
370 6.217320e-01 2.672000e-03 3.755960e-01
371 6.213000e-01 2.712000e-03 3.759880e-01
372 6.208760e-01 2.696000e-03 3.764280e-01
373 6.204760e-01 2.636000e-03 3.768880e-01
374 6.199840e-01 2.744000e-03 3.772720e-01
375 6.195640e-01 2.716000e-03 3.777200e-01
376 6.191560e-01 2.656000e-03 3.781880e-01
377 6.187000e-01 2.652000e-03 3.786480e-01
378 6.182200e-01 2.636000e-03 3.791440e-01
379 6.178480e-01 2.488000e-03 3.796640e-01
380 6.174920e-01 2.440000e-03 3.800680e-01
381 6.170640e-01 2.424000e-03 3.805120e-01
382 6.166040e-01 2.404000e-03 3.809920e-01
383 6.162480e-01 2.384000e-03 3.813680e-01
384 6.159120e-01 2.268000e-03 3.818200e-01
385 6.155960e-01 2.212000e-03 3.821920e-01
386 6.152960e-01 2.124000e-03 3.825800e-01
387 6.148880e-01 2.128000e-03 3.829840e-01
388 6.145280e-01 2.128000e-03 3.833440e-01
389 6.142000e-01 2.100000e-03 3.837000e-01
390 6.138680e-01 2.064000e-03 3.840680e-01
391 6.135360e-01 2.016000e-03 3.844480e-01
392 6.132000e-01 1.996000e-03 3.848040e-01
393 6.129240e-01 1.888000e-03 3.851880e-01
394 6.125880e-01 1.872000e-03 3.855400e-01
395 6.122960e-01 1.868000e-03 3.858360e-01
396 6.120480e-01 1.804000e-03 3.861480e-01
397 6.117800e-01 1.752000e-03 3.864680e-01
398 6.114800e-01 1.728000e-03 3.867920e-01
399 6.111480e-01 1.728000e-03 3.871240e-01
400 6.109360e-01 1.672000e-03 3.873920e-01
401 6.106440e-01 1.652000e-03 3.877040e-01
402 6.104360e-01 1.592000e-03 3.879720e-01
403 6.102080e-01 1.496000e-03 3.882960e-01
404 6.099080e-01 1.548000e-03 3.885440e-01
405 6.096600e-01 1.552000e-03 3.887880e-01
406 6.093520e-01 1.600000e-03 3.890480e-01
407 6.091360e-01 1.544000e-03 3.893200e-01
408 6.088160e-01 1.624000e-03 3.895600e-01
409 6.085720e-01 1.564000e-03 3.898640e-01
410 6.083880e-01 1.428000e-03 3.901840e-01
411 6.081240e-01 1.488000e-03 3.903880e-01
412 6.079200e-01 1.444000e-03 3.906360e-01
413 6.076640e-01 1.440000e-03 3.908960e-01
414 6.074000e-01 1.412000e-03 3.911880e-01
415 6.071320e-01 1.468000e-03 3.914000e-01
416 6.069440e-01 1.444000e-03 3.916120e-01
417 6.067600e-01 1.380000e-03 3.918600e-01
418 6.065800e-01 1.376000e-03 3.920440e-01
419 6.063880e-01 1.376000e-03 3.922360e-01
420 6.061400e-01 1.392000e-03 3.924680e-01
421 6.059360e-01 1.384000e-03 3.926800e-01
422 6.057600e-01 1.316000e-03 3.929240e-01
423 6.055880e-01 1.204000e-03 3.932080e-01
424 6.054360e-01 1.160000e-03 3.934040e-01
425 6.052240e-01 1.184000e-03 3.935920e-01
426 6.050480e-01 1.148000e-03 3.938040e-01
427 6.048760e-01 1.088000e-03 3.940360e-01
428 6.047120e-01 1.116000e-03 3.941720e-01
429 6.045680e-01 1.080000e-03 3.943520e-01
430 6.044680e-01 1.028000e-03 3.945040e-01
431 6.043720e-01 9.160000e-04 3.947120e-01
432 6.042720e-01 8.880000e-04 3.948400e-01
433 6.041440e-01 8.920000e-04 3.949640e-01
434 6.040360e-01 8.600000e-04 3.951040e-01
435 6.039440e-01 7.640000e-04 3.952920e-01
436 6.038520e-01 7.280000e-04 3.954200e-01
437 6.037360e-01 7.160000e-04 3.955480e-01
438 6.036360e-01 6.680000e-04 3.956960e-01
439 6.035240e-01 6.720000e-04 3.958040e-01
440 6.033840e-01 7.000000e-04 3.959160e-01
441 6.032560e-01 7.000000e-04 3.960440e-01
442 6.031240e-01 7.160000e-04 3.961600e-01
443 6.030280e-01 7.000000e-04 3.962720e-01
444 6.028560e-01 7.600000e-04 3.963840e-01
445 6.026520e-01 8.480000e-04 3.965000e-01
446 6.025240e-01 8.520000e-04 3.966240e-01
447 6.023240e-01 8.880000e-04 3.967880e-01
448 6.021520e-01 8.560000e-04 3.969920e-01
449 6.020400e-01 8.000000e-04 3.971600e-01
450 6.019080e-01 8.240000e-04 3.972680e-01
451 6.017960e-01 8.080000e-04 3.973960e-01
452 6.016880e-01 7.640000e-04 3.975480e-01
453 6.015880e-01 7.400000e-04 3.976720e-01
454 6.014600e-01 7.200000e-04 3.978200e-01
455 6.013280e-01 7.320000e-04 3.979400e-01
456 6.012120e-01 7.280000e-04 3.980600e-01
457 6.011040e-01 7.360000e-04 3.981600e-01
458 6.009120e-01 8.200000e-04 3.982680e-01
459 6.007520e-01 8.320000e-04 3.984160e-01
460 6.006040e-01 8.240000e-04 3.985720e-01
461 6.004480e-01 8.400000e-04 3.987120e-01
462 6.002600e-01 8.640000e-04 3.988760e-01
463 6.000920e-01 9.040000e-04 3.990040e-01
464 5.998920e-01 9.520000e-04 3.991560e-01
465 5.996680e-01 1.036000e-03 3.992960e-01
466 5.994760e-01 1.012000e-03 3.995120e-01
467 5.993240e-01 9.880000e-04 3.996880e-01
468 5.991640e-01 9.680000e-04 3.998680e-01
469 5.990000e-01 9.520000e-04 4.000480e-01
470 5.988560e-01 9.480000e-04 4.001960e-01
471 5.986120e-01 1.060000e-03 4.003280e-01
472 5.984080e-01 1.120000e-03 4.004720e-01
473 5.982040e-01 1.096000e-03 4.007000e-01
474 5.979760e-01 1.120000e-03 4.009040e-01
475 5.977680e-01 1.084000e-03 4.011480e-01
476 5.975520e-01 1.140000e-03 4.013080e-01
477 5.973400e-01 1.144000e-03 4.015160e-01
478 5.971640e-01 1.132000e-03 4.017040e-01
479 5.969440e-01 1.220000e-03 4.018360e-01
480 5.967720e-01 1.180000e-03 4.020480e-01
481 5.965680e-01 1.176000e-03 4.022560e-01
482 5.963560e-01 1.168000e-03 4.024760e-01
483 5.961840e-01 1.152000e-03 4.026640e-01
484 5.959760e-01 1.132000e-03 4.028920e-01
485 5.957640e-01 1.136000e-03 4.031000e-01
486 5.955560e-01 1.156000e-03 4.032880e-01
487 5.953040e-01 1.240000e-03 4.034560e-01
488 5.951280e-01 1.204000e-03 4.036680e-01
489 5.949280e-01 1.200000e-03 4.038720e-01
490 5.946880e-01 1.188000e-03 4.041240e-01
491 5.944560e-01 1.196000e-03 4.043480e-01
492 5.943440e-01 1.096000e-03 4.045600e-01
493 5.942000e-01 1.032000e-03 4.047680e-01
494 5.940240e-01 1.020000e-03 4.049560e-01
495 5.938520e-01 1.020000e-03 4.051280e-01
496 5.937160e-01 1.012000e-03 4.052720e-01
497 5.935800e-01 1.004000e-03 4.054160e-01
498 5.934480e-01 9.600000e-04 4.055920e-01
499 5.933320e-01 8.880000e-04 4.057800e-01
500 5.932440e-01 8.440000e-04 4.059120e-01
