1 9.991880e-01 7.400000e-04 7.200000e-05
2 9.986600e-01 1.124000e-03 2.160000e-04
3 9.980640e-01 1.476000e-03 4.600000e-04
4 9.974040e-01 1.832000e-03 7.640000e-04
5 9.965400e-01 2.380000e-03 1.080000e-03
6 9.955400e-01 2.972000e-03 1.488000e-03
7 9.943600e-01 3.556000e-03 2.084000e-03
8 9.933640e-01 3.936000e-03 2.700000e-03
9 9.923520e-01 4.180000e-03 3.468000e-03
10 9.911600e-01 4.568000e-03 4.272000e-03
11 9.900800e-01 4.868000e-03 5.052000e-03
12 9.889120e-01 5.236000e-03 5.852000e-03
13 9.877200e-01 5.464000e-03 6.816000e-03
14 9.865480e-01 5.636000e-03 7.816000e-03
15 9.853400e-01 5.864000e-03 8.796000e-03
16 9.841240e-01 6.004000e-03 9.872000e-03
17 9.828560e-01 6.172000e-03 1.097200e-02
18 9.815800e-01 6.416000e-03 1.200400e-02
19 9.802040e-01 6.668000e-03 1.312800e-02
20 9.788640e-01 6.836000e-03 1.430000e-02
21 9.774400e-01 7.132000e-03 1.542800e-02
22 9.759280e-01 7.296000e-03 1.677600e-02
23 9.744200e-01 7.516000e-03 1.806400e-02
24 9.727840e-01 7.896000e-03 1.932000e-02
25 9.710640e-01 8.244000e-03 2.069200e-02
26 9.693800e-01 8.520000e-03 2.210000e-02
27 9.676040e-01 8.764000e-03 2.363200e-02
28 9.657760e-01 9.020000e-03 2.520400e-02
29 9.638920e-01 9.368000e-03 2.674000e-02
30 9.620080e-01 9.580000e-03 2.841200e-02
31 9.601720e-01 9.684000e-03 3.014400e-02
32 9.582320e-01 9.876000e-03 3.189200e-02
33 9.563000e-01 1.003600e-02 3.366400e-02
34 9.544680e-01 1.006400e-02 3.546800e-02
35 9.527360e-01 1.015200e-02 3.711200e-02
36 9.507640e-01 1.036400e-02 3.887200e-02
37 9.489800e-01 1.037200e-02 4.064800e-02
38 9.470800e-01 1.051200e-02 4.240800e-02
39 9.452840e-01 1.060400e-02 4.411200e-02
40 9.433800e-01 1.068000e-02 4.594000e-02
41 9.415520e-01 1.073200e-02 4.771600e-02
42 9.395240e-01 1.095600e-02 4.952000e-02
43 9.376560e-01 1.084000e-02 5.150400e-02
44 9.358080e-01 1.085600e-02 5.333600e-02
45 9.338240e-01 1.085200e-02 5.532400e-02
46 9.317680e-01 1.113200e-02 5.710000e-02
47 9.298800e-01 1.118000e-02 5.894000e-02
48 9.278400e-01 1.114000e-02 6.102000e-02
49 9.258960e-01 1.123200e-02 6.287200e-02
50 9.240280e-01 1.111600e-02 6.485600e-02
51 9.222000e-01 1.109200e-02 6.670800e-02
52 9.201360e-01 1.132400e-02 6.854000e-02
53 9.181080e-01 1.146000e-02 7.043200e-02
54 9.161800e-01 1.125200e-02 7.256800e-02
55 9.142480e-01 1.121200e-02 7.454000e-02
56 9.123360e-01 1.111200e-02 7.655200e-02
57 9.105920e-01 1.099600e-02 7.841200e-02
58 9.088080e-01 1.092400e-02 8.026800e-02
59 9.070600e-01 1.078800e-02 8.215200e-02
60 9.052840e-01 1.065600e-02 8.406000e-02
61 9.034080e-01 1.061200e-02 8.598000e-02
62 9.015520e-01 1.064400e-02 8.780400e-02
63 8.996160e-01 1.059200e-02 8.979200e-02
64 8.977920e-01 1.040400e-02 9.180400e-02
65 8.961560e-01 1.021600e-02 9.362800e-02
66 8.945600e-01 1.012400e-02 9.531600e-02
67 8.929240e-01 1.017600e-02 9.690000e-02
68 8.910920e-01 1.019600e-02 9.871200e-02
69 8.892320e-01 1.031600e-02 1.004520e-01
70 8.874000e-01 1.033200e-02 1.022680e-01
71 8.855680e-01 1.042800e-02 1.040040e-01
72 8.838480e-01 1.035600e-02 1.057960e-01
73 8.820000e-01 1.038800e-02 1.076120e-01
74 8.801960e-01 1.043200e-02 1.093720e-01
75 8.782760e-01 1.052400e-02 1.112000e-01
76 8.763240e-01 1.054800e-02 1.131280e-01
77 8.744560e-01 1.051600e-02 1.150280e-01
78 8.727800e-01 1.041600e-02 1.168040e-01
79 8.709200e-01 1.036400e-02 1.187160e-01
80 8.690800e-01 1.041200e-02 1.205080e-01
81 8.672240e-01 1.042000e-02 1.223560e-01
82 8.653120e-01 1.047600e-02 1.242120e-01
83 8.635720e-01 1.044400e-02 1.259840e-01
84 8.619120e-01 1.027200e-02 1.278160e-01
85 8.603520e-01 9.920000e-03 1.297280e-01
86 8.587120e-01 9.848000e-03 1.314400e-01
87 8.571000e-01 9.748000e-03 1.331520e-01
88 8.552960e-01 9.808000e-03 1.348960e-01
89 8.535840e-01 9.992000e-03 1.364240e-01
90 8.520800e-01 9.768000e-03 1.381520e-01
91 8.503760e-01 9.928000e-03 1.396960e-01
92 8.486160e-01 9.956000e-03 1.414280e-01
93 8.470920e-01 9.660000e-03 1.432480e-01
94 8.454040e-01 9.744000e-03 1.448520e-01
95 8.436720e-01 9.828000e-03 1.465000e-01
96 8.420480e-01 9.728000e-03 1.482240e-01
97 8.405720e-01 9.440000e-03 1.499880e-01
98 8.388880e-01 9.332000e-03 1.517800e-01
99 8.371640e-01 9.392000e-03 1.534440e-01
100 8.353920e-01 9.452000e-03 1.551560e-01
101 8.337200e-01 9.500000e-03 1.567800e-01
102 8.319400e-01 9.512000e-03 1.585480e-01
103 8.303920e-01 9.276000e-03 1.603320e-01
104 8.287520e-01 9.336000e-03 1.619120e-01
105 8.270160e-01 9.348000e-03 1.636360e-01
106 8.253840e-01 9.460000e-03 1.651560e-01
107 8.237280e-01 9.388000e-03 1.668840e-01
108 8.219720e-01 9.500000e-03 1.685280e-01
109 8.202080e-01 9.560000e-03 1.702320e-01
110 8.187320e-01 9.312000e-03 1.719560e-01
111 8.171240e-01 9.452000e-03 1.734240e-01
112 8.154800e-01 9.476000e-03 1.750440e-01
113 8.139760e-01 9.312000e-03 1.767120e-01
114 8.122560e-01 9.404000e-03 1.783400e-01
115 8.105920e-01 9.568000e-03 1.798400e-01
116 8.089440e-01 9.452000e-03 1.816040e-01
117 8.072560e-01 9.468000e-03 1.832760e-01
118 8.057080e-01 9.300000e-03 1.849920e-01
119 8.042240e-01 9.184000e-03 1.865920e-01
120 8.027360e-01 9.132000e-03 1.881320e-01
121 8.012920e-01 9.092000e-03 1.896160e-01
122 7.997360e-01 9.008000e-03 1.912560e-01
123 7.983080e-01 8.932000e-03 1.927600e-01
124 7.967640e-01 8.956000e-03 1.942800e-01
125 7.952960e-01 8.804000e-03 1.959000e-01
126 7.938120e-01 8.760000e-03 1.974280e-01
127 7.922440e-01 8.860000e-03 1.988960e-01
128 7.907920e-01 8.668000e-03 2.005400e-01
129 7.893320e-01 8.768000e-03 2.019000e-01
130 7.879000e-01 8.724000e-03 2.033760e-01
131 7.863360e-01 8.828000e-03 2.048360e-01
132 7.846960e-01 8.868000e-03 2.064360e-01
133 7.831960e-01 8.820000e-03 2.079840e-01
134 7.816280e-01 8.868000e-03 2.095040e-01
135 7.801640e-01 8.900000e-03 2.109360e-01
136 7.787200e-01 8.772000e-03 2.125080e-01
137 7.771360e-01 8.772000e-03 2.140920e-01
138 7.756960e-01 8.648000e-03 2.156560e-01
139 7.742480e-01 8.484000e-03 2.172680e-01
140 7.729600e-01 8.216000e-03 2.188240e-01
141 7.716400e-01 8.088000e-03 2.202720e-01
142 7.704080e-01 7.892000e-03 2.217000e-01
143 7.691040e-01 7.916000e-03 2.229800e-01
144 7.678200e-01 7.888000e-03 2.242920e-01
145 7.663880e-01 7.860000e-03 2.257520e-01
146 7.649680e-01 7.936000e-03 2.270960e-01
147 7.636720e-01 7.744000e-03 2.285840e-01
148 7.622840e-01 7.704000e-03 2.300120e-01
149 7.612400e-01 7.420000e-03 2.313400e-01
150 7.600160e-01 7.348000e-03 2.326360e-01
151 7.589480e-01 7.228000e-03 2.338240e-01
152 7.577880e-01 7.128000e-03 2.350840e-01
153 7.566120e-01 7.136000e-03 2.362520e-01
154 7.553840e-01 7.092000e-03 2.375240e-01
155 7.542520e-01 6.976000e-03 2.387720e-01
156 7.530120e-01 6.936000e-03 2.400520e-01
157 7.518560e-01 6.964000e-03 2.411800e-01
158 7.508080e-01 6.736000e-03 2.424560e-01
159 7.495960e-01 6.728000e-03 2.436760e-01
160 7.483360e-01 6.760000e-03 2.449040e-01
161 7.471880e-01 6.568000e-03 2.462440e-01
162 7.460920e-01 6.552000e-03 2.473560e-01
163 7.451600e-01 6.444000e-03 2.483960e-01
164 7.440440e-01 6.384000e-03 2.495720e-01
165 7.430840e-01 6.180000e-03 2.507360e-01
166 7.419800e-01 6.136000e-03 2.518840e-01
167 7.409000e-01 6.124000e-03 2.529760e-01
168 7.398480e-01 6.100000e-03 2.540520e-01
169 7.387880e-01 6.148000e-03 2.550640e-01
170 7.377000e-01 6.188000e-03 2.561120e-01
171 7.366240e-01 6.120000e-03 2.572560e-01
172 7.357560e-01 5.992000e-03 2.582520e-01
173 7.347080e-01 5.984000e-03 2.593080e-01
174 7.337600e-01 5.888000e-03 2.603520e-01
175 7.328320e-01 5.816000e-03 2.613520e-01
176 7.320400e-01 5.656000e-03 2.623040e-01
177 7.312200e-01 5.548000e-03 2.632320e-01
178 7.302680e-01 5.484000e-03 2.642480e-01
179 7.293120e-01 5.456000e-03 2.652320e-01
180 7.284200e-01 5.412000e-03 2.661680e-01
181 7.274640e-01 5.352000e-03 2.671840e-01
182 7.266520e-01 5.292000e-03 2.680560e-01
183 7.257720e-01 5.156000e-03 2.690720e-01
184 7.246960e-01 5.328000e-03 2.699760e-01
185 7.238960e-01 5.244000e-03 2.708600e-01
186 7.229320e-01 5.320000e-03 2.717480e-01
187 7.219200e-01 5.392000e-03 2.726880e-01
188 7.210320e-01 5.276000e-03 2.736920e-01
189 7.200840e-01 5.348000e-03 2.745680e-01
190 7.191920e-01 5.284000e-03 2.755240e-01
191 7.182480e-01 5.300000e-03 2.764520e-01
192 7.172920e-01 5.268000e-03 2.774400e-01
193 7.164920e-01 5.128000e-03 2.783800e-01
194 7.157080e-01 4.888000e-03 2.794040e-01
195 7.148800e-01 4.872000e-03 2.802480e-01
196 7.140640e-01 4.788000e-03 2.811480e-01
197 7.133080e-01 4.732000e-03 2.819600e-01
198 7.125200e-01 4.760000e-03 2.827200e-01
199 7.118240e-01 4.668000e-03 2.835080e-01
200 7.110720e-01 4.616000e-03 2.843120e-01
201 7.103480e-01 4.688000e-03 2.849640e-01
202 7.096560e-01 4.584000e-03 2.857600e-01
203 7.089280e-01 4.504000e-03 2.865680e-01
204 7.080960e-01 4.512000e-03 2.873920e-01
205 7.073240e-01 4.532000e-03 2.881440e-01
206 7.065960e-01 4.484000e-03 2.889200e-01
207 7.057800e-01 4.500000e-03 2.897200e-01
208 7.049200e-01 4.468000e-03 2.906120e-01
209 7.040800e-01 4.548000e-03 2.913720e-01
210 7.031480e-01 4.660000e-03 2.921920e-01
211 7.021560e-01 4.780000e-03 2.930640e-01
212 7.010480e-01 5.048000e-03 2.939040e-01
213 7.000720e-01 5.072000e-03 2.948560e-01
214 6.991160e-01 5.232000e-03 2.956520e-01
215 6.981880e-01 5.276000e-03 2.965360e-01
216 6.971040e-01 5.424000e-03 2.974720e-01
217 6.960360e-01 5.580000e-03 2.983840e-01
218 6.950480e-01 5.520000e-03 2.994320e-01
219 6.941320e-01 5.468000e-03 3.004000e-01
220 6.932080e-01 5.376000e-03 3.014160e-01
221 6.924040e-01 5.264000e-03 3.023320e-01
222 6.914800e-01 5.280000e-03 3.032400e-01
223 6.906120e-01 5.292000e-03 3.040960e-01
224 6.898480e-01 5.168000e-03 3.049840e-01
225 6.889760e-01 5.148000e-03 3.058760e-01
226 6.880560e-01 5.212000e-03 3.067320e-01
227 6.872840e-01 5.092000e-03 3.076240e-01
228 6.863440e-01 5.160000e-03 3.084960e-01
229 6.854920e-01 5.084000e-03 3.094240e-01
230 6.845560e-01 5.140000e-03 3.103040e-01
231 6.837480e-01 5.040000e-03 3.112120e-01
232 6.829760e-01 5.036000e-03 3.119880e-01
233 6.821560e-01 4.908000e-03 3.129360e-01
234 6.813080e-01 5.084000e-03 3.136080e-01
235 6.803800e-01 5.108000e-03 3.145120e-01
236 6.795160e-01 4.960000e-03 3.155240e-01
237 6.787320e-01 4.840000e-03 3.164280e-01
238 6.778640e-01 4.960000e-03 3.171760e-01
239 6.770080e-01 4.916000e-03 3.180760e-01
240 6.761000e-01 5.012000e-03 3.188880e-01
241 6.752640e-01 4.928000e-03 3.198080e-01
242 6.744240e-01 4.876000e-03 3.207000e-01
243 6.736080e-01 4.964000e-03 3.214280e-01
244 6.726880e-01 5.008000e-03 3.223040e-01
245 6.718520e-01 4.968000e-03 3.231800e-01
246 6.710000e-01 5.036000e-03 3.239640e-01
247 6.701160e-01 5.008000e-03 3.248760e-01
248 6.693680e-01 4.948000e-03 3.256840e-01
249 6.686120e-01 4.724000e-03 3.266640e-01
250 6.678440e-01 4.596000e-03 3.275600e-01
251 6.671120e-01 4.556000e-03 3.283320e-01
252 6.664680e-01 4.412000e-03 3.291200e-01
253 6.657520e-01 4.252000e-03 3.299960e-01
254 6.650120e-01 4.192000e-03 3.307960e-01
255 6.643360e-01 4.100000e-03 3.315640e-01
256 6.635520e-01 4.192000e-03 3.322560e-01
257 6.627040e-01 4.356000e-03 3.329400e-01
258 6.618440e-01 4.472000e-03 3.336840e-01
259 6.610400e-01 4.432000e-03 3.345280e-01
260 6.602160e-01 4.448000e-03 3.353360e-01
261 6.594480e-01 4.388000e-03 3.361640e-01
262 6.585360e-01 4.564000e-03 3.369000e-01
263 6.577200e-01 4.576000e-03 3.377040e-01
264 6.569920e-01 4.412000e-03 3.385960e-01
265 6.561640e-01 4.444000e-03 3.393920e-01
266 6.553440e-01 4.616000e-03 3.400400e-01
267 6.545440e-01 4.656000e-03 3.408000e-01
268 6.537520e-01 4.700000e-03 3.415480e-01
269 6.527520e-01 4.828000e-03 3.424200e-01
270 6.519640e-01 4.764000e-03 3.432720e-01
271 6.511160e-01 4.788000e-03 3.440960e-01
272 6.503280e-01 4.712000e-03 3.449600e-01
273 6.496240e-01 4.656000e-03 3.457200e-01
274 6.487560e-01 4.652000e-03 3.465920e-01
275 6.479480e-01 4.632000e-03 3.474200e-01
276 6.472000e-01 4.556000e-03 3.482440e-01
277 6.464680e-01 4.560000e-03 3.489720e-01
278 6.457160e-01 4.664000e-03 3.496200e-01
279 6.448560e-01 4.664000e-03 3.504800e-01
280 6.441520e-01 4.508000e-03 3.513400e-01
281 6.434000e-01 4.508000e-03 3.520920e-01
282 6.426240e-01 4.472000e-03 3.529040e-01
283 6.419680e-01 4.324000e-03 3.537080e-01
284 6.412280e-01 4.284000e-03 3.544880e-01
285 6.404400e-01 4.424000e-03 3.551360e-01
286 6.396400e-01 4.400000e-03 3.559600e-01
287 6.389400e-01 4.332000e-03 3.567280e-01
288 6.382200e-01 4.244000e-03 3.575360e-01
289 6.375480e-01 4.124000e-03 3.583280e-01
290 6.369600e-01 4.028000e-03 3.590120e-01
291 6.363000e-01 3.944000e-03 3.597560e-01
292 6.355760e-01 3.992000e-03 3.604320e-01
293 6.348320e-01 4.060000e-03 3.611080e-01
294 6.341320e-01 4.044000e-03 3.618240e-01
295 6.335080e-01 3.932000e-03 3.625600e-01
296 6.329040e-01 3.820000e-03 3.632760e-01
297 6.322560e-01 3.808000e-03 3.639360e-01
298 6.317000e-01 3.736000e-03 3.645640e-01
299 6.309880e-01 3.748000e-03 3.652640e-01
300 6.303600e-01 3.724000e-03 3.659160e-01
301 6.297360e-01 3.736000e-03 3.665280e-01
302 6.290600e-01 3.756000e-03 3.671840e-01
303 6.284040e-01 3.744000e-03 3.678520e-01
304 6.278360e-01 3.704000e-03 3.684600e-01
305 6.271760e-01 3.788000e-03 3.690360e-01
306 6.266960e-01 3.532000e-03 3.697720e-01
307 6.260480e-01 3.544000e-03 3.704080e-01
308 6.254920e-01 3.412000e-03 3.710960e-01
309 6.249640e-01 3.360000e-03 3.716760e-01
310 6.243840e-01 3.316000e-03 3.723000e-01
311 6.238240e-01 3.352000e-03 3.728240e-01
312 6.233440e-01 3.232000e-03 3.734240e-01
313 6.228040e-01 3.252000e-03 3.739440e-01
314 6.223720e-01 3.180000e-03 3.744480e-01
315 6.218160e-01 3.120000e-03 3.750640e-01
316 6.212920e-01 3.148000e-03 3.755600e-01
317 6.207840e-01 3.124000e-03 3.760920e-01
318 6.204000e-01 2.952000e-03 3.766480e-01
319 6.199920e-01 2.872000e-03 3.771360e-01
320 6.195440e-01 2.860000e-03 3.775960e-01
321 6.190480e-01 2.788000e-03 3.781640e-01
322 6.185640e-01 2.784000e-03 3.786520e-01
323 6.180280e-01 2.852000e-03 3.791200e-01
324 6.175280e-01 2.812000e-03 3.796600e-01
325 6.169920e-01 2.840000e-03 3.801680e-01
326 6.163520e-01 3.052000e-03 3.805960e-01
327 6.157600e-01 3.076000e-03 3.811640e-01
328 6.152280e-01 3.032000e-03 3.817400e-01
329 6.145280e-01 3.136000e-03 3.823360e-01
330 6.140120e-01 3.160000e-03 3.828280e-01
331 6.134360e-01 3.232000e-03 3.833320e-01
332 6.128280e-01 3.336000e-03 3.838360e-01
333 6.121960e-01 3.316000e-03 3.844880e-01
334 6.116720e-01 3.232000e-03 3.850960e-01
335 6.111600e-01 3.172000e-03 3.856680e-01
336 6.106120e-01 3.120000e-03 3.862680e-01
337 6.100720e-01 3.096000e-03 3.868320e-01
338 6.095600e-01 3.112000e-03 3.873280e-01
339 6.090680e-01 3.072000e-03 3.878600e-01
340 6.085160e-01 3.144000e-03 3.883400e-01
341 6.080960e-01 3.000000e-03 3.889040e-01
342 6.076120e-01 3.032000e-03 3.893560e-01
343 6.071640e-01 2.996000e-03 3.898400e-01
344 6.065760e-01 3.116000e-03 3.903080e-01
345 6.060040e-01 3.088000e-03 3.909080e-01
346 6.054480e-01 3.064000e-03 3.914880e-01
347 6.050440e-01 2.996000e-03 3.919600e-01
348 6.044680e-01 3.088000e-03 3.924440e-01
349 6.038960e-01 3.076000e-03 3.930280e-01
350 6.033280e-01 2.988000e-03 3.936840e-01
351 6.027960e-01 3.024000e-03 3.941800e-01
352 6.022720e-01 3.012000e-03 3.947160e-01
353 6.016760e-01 3.140000e-03 3.951840e-01
354 6.011280e-01 3.120000e-03 3.957520e-01
355 6.005520e-01 3.144000e-03 3.963040e-01
356 6.001360e-01 3.056000e-03 3.968080e-01
357 5.996000e-01 3.044000e-03 3.973560e-01
358 5.991360e-01 2.932000e-03 3.979320e-01
359 5.986040e-01 2.968000e-03 3.984280e-01
360 5.981080e-01 2.896000e-03 3.989960e-01
361 5.974760e-01 3.096000e-03 3.994280e-01
362 5.969200e-01 3.096000e-03 3.999840e-01
363 5.964240e-01 3.092000e-03 4.004840e-01
364 5.958720e-01 3.048000e-03 4.010800e-01
365 5.953000e-01 3.120000e-03 4.015800e-01
366 5.947560e-01 3.080000e-03 4.021640e-01
367 5.942240e-01 3.032000e-03 4.027440e-01
368 5.936480e-01 3.124000e-03 4.032280e-01
369 5.931280e-01 3.072000e-03 4.038000e-01
370 5.925440e-01 3.144000e-03 4.043120e-01
371 5.919680e-01 3.152000e-03 4.048800e-01
372 5.912400e-01 3.312000e-03 4.054480e-01
373 5.906200e-01 3.356000e-03 4.060240e-01
374 5.900440e-01 3.376000e-03 4.065800e-01
375 5.894640e-01 3.392000e-03 4.071440e-01
376 5.888000e-01 3.468000e-03 4.077320e-01
377 5.881280e-01 3.480000e-03 4.083920e-01
378 5.874000e-01 3.544000e-03 4.090560e-01
379 5.866720e-01 3.604000e-03 4.097240e-01
380 5.859320e-01 3.648000e-03 4.104200e-01
381 5.852600e-01 3.648000e-03 4.110920e-01
382 5.846920e-01 3.552000e-03 4.117560e-01
383 5.841720e-01 3.488000e-03 4.123400e-01
384 5.835520e-01 3.520000e-03 4.129280e-01
385 5.829400e-01 3.544000e-03 4.135160e-01
386 5.823120e-01 3.584000e-03 4.141040e-01
387 5.816920e-01 3.616000e-03 4.146920e-01
388 5.811320e-01 3.544000e-03 4.153240e-01
389 5.805320e-01 3.548000e-03 4.159200e-01
390 5.799960e-01 3.528000e-03 4.164760e-01
391 5.794160e-01 3.468000e-03 4.171160e-01
392 5.788400e-01 3.468000e-03 4.176920e-01
393 5.782240e-01 3.532000e-03 4.182440e-01
394 5.774880e-01 3.636000e-03 4.188760e-01
395 5.768240e-01 3.648000e-03 4.195280e-01
396 5.761600e-01 3.688000e-03 4.201520e-01
397 5.755400e-01 3.724000e-03 4.207360e-01
398 5.749280e-01 3.708000e-03 4.213640e-01
399 5.743640e-01 3.592000e-03 4.220440e-01
400 5.737480e-01 3.624000e-03 4.226280e-01
401 5.731840e-01 3.596000e-03 4.232200e-01
402 5.726840e-01 3.492000e-03 4.238240e-01
403 5.720640e-01 3.456000e-03 4.244800e-01
404 5.715160e-01 3.444000e-03 4.250400e-01
405 5.708920e-01 3.472000e-03 4.256360e-01
406 5.703800e-01 3.368000e-03 4.262520e-01
407 5.696400e-01 3.508000e-03 4.268520e-01
408 5.690880e-01 3.448000e-03 4.274640e-01
409 5.684480e-01 3.468000e-03 4.280840e-01
410 5.678520e-01 3.468000e-03 4.286800e-01
411 5.672720e-01 3.356000e-03 4.293720e-01
412 5.667320e-01 3.268000e-03 4.300000e-01
413 5.661880e-01 3.204000e-03 4.306080e-01
414 5.656880e-01 3.124000e-03 4.311880e-01
415 5.652320e-01 3.056000e-03 4.317120e-01
416 5.647000e-01 3.124000e-03 4.321760e-01
417 5.642000e-01 3.096000e-03 4.327040e-01
418 5.637720e-01 3.000000e-03 4.332280e-01
419 5.633200e-01 2.988000e-03 4.336920e-01
420 5.627800e-01 2.972000e-03 4.342480e-01
421 5.622680e-01 2.972000e-03 4.347600e-01
422 5.617680e-01 2.956000e-03 4.352760e-01
423 5.612480e-01 2.956000e-03 4.357960e-01
424 5.607880e-01 2.828000e-03 4.363840e-01
425 5.604240e-01 2.680000e-03 4.368960e-01
426 5.599600e-01 2.664000e-03 4.373760e-01
427 5.593600e-01 2.824000e-03 4.378160e-01
428 5.588080e-01 2.824000e-03 4.383680e-01
429 5.581920e-01 2.880000e-03 4.389280e-01
430 5.575200e-01 3.068000e-03 4.394120e-01
431 5.569000e-01 3.140000e-03 4.399600e-01
432 5.562160e-01 3.216000e-03 4.405680e-01
433 5.555880e-01 3.284000e-03 4.411280e-01
434 5.550120e-01 3.308000e-03 4.416800e-01
435 5.543800e-01 3.416000e-03 4.422040e-01
436 5.537840e-01 3.416000e-03 4.428000e-01
437 5.531520e-01 3.460000e-03 4.433880e-01
438 5.525120e-01 3.436000e-03 4.440520e-01
439 5.519360e-01 3.476000e-03 4.445880e-01
440 5.514920e-01 3.300000e-03 4.452080e-01
441 5.509400e-01 3.224000e-03 4.458360e-01
442 5.503880e-01 3.256000e-03 4.463560e-01
443 5.497880e-01 3.264000e-03 4.469480e-01
444 5.492680e-01 3.264000e-03 4.474680e-01
445 5.487640e-01 3.148000e-03 4.480880e-01
446 5.483040e-01 3.044000e-03 4.486520e-01
447 5.477880e-01 3.008000e-03 4.492040e-01
448 5.473600e-01 2.904000e-03 4.497360e-01
449 5.468360e-01 2.940000e-03 4.502240e-01
450 5.463480e-01 2.972000e-03 4.506800e-01
451 5.458560e-01 2.900000e-03 4.512440e-01
452 5.453960e-01 2.808000e-03 4.517960e-01
453 5.450040e-01 2.712000e-03 4.522840e-01
454 5.444760e-01 2.672000e-03 4.528520e-01
455 5.439800e-01 2.644000e-03 4.533760e-01
456 5.435360e-01 2.692000e-03 4.537720e-01
457 5.430360e-01 2.708000e-03 4.542560e-01
458 5.425600e-01 2.636000e-03 4.548040e-01
459 5.420320e-01 2.780000e-03 4.551880e-01
460 5.415560e-01 2.848000e-03 4.555960e-01
461 5.411080e-01 2.772000e-03 4.561200e-01
462 5.405480e-01 2.896000e-03 4.565560e-01
463 5.399240e-01 3.052000e-03 4.570240e-01
464 5.394120e-01 3.028000e-03 4.575600e-01
465 5.388880e-01 3.008000e-03 4.581040e-01
466 5.383760e-01 2.960000e-03 4.586640e-01
467 5.378120e-01 3.000000e-03 4.591880e-01
468 5.373120e-01 2.980000e-03 4.597080e-01
469 5.367440e-01 3.072000e-03 4.601840e-01
470 5.362520e-01 2.996000e-03 4.607520e-01
471 5.355760e-01 3.116000e-03 4.613080e-01
472 5.350000e-01 3.172000e-03 4.618280e-01
473 5.344280e-01 3.212000e-03 4.623600e-01
474 5.338920e-01 3.212000e-03 4.628960e-01
475 5.334160e-01 3.172000e-03 4.634120e-01
476 5.328880e-01 3.116000e-03 4.639960e-01
477 5.324040e-01 3.100000e-03 4.644960e-01
478 5.319240e-01 3.088000e-03 4.649880e-01
479 5.313440e-01 3.112000e-03 4.655440e-01
480 5.308320e-01 3.020000e-03 4.661480e-01
481 5.303800e-01 2.948000e-03 4.666720e-01
482 5.298760e-01 2.968000e-03 4.671560e-01
483 5.294520e-01 2.900000e-03 4.676480e-01
484 5.289440e-01 3.004000e-03 4.680520e-01
485 5.284240e-01 2.972000e-03 4.686040e-01
486 5.280200e-01 2.900000e-03 4.690800e-01
487 5.275800e-01 2.840000e-03 4.695800e-01
488 5.271480e-01 2.816000e-03 4.700360e-01
489 5.266960e-01 2.748000e-03 4.705560e-01
490 5.262560e-01 2.732000e-03 4.710120e-01
491 5.258440e-01 2.644000e-03 4.715120e-01
492 5.254360e-01 2.524000e-03 4.720400e-01
493 5.251720e-01 2.360000e-03 4.724680e-01
494 5.248680e-01 2.272000e-03 4.728600e-01
495 5.245480e-01 2.104000e-03 4.733480e-01
496 5.242200e-01 2.120000e-03 4.736600e-01
497 5.238880e-01 2.064000e-03 4.740480e-01
498 5.235560e-01 1.984000e-03 4.744600e-01
499 5.232760e-01 1.864000e-03 4.748600e-01
500 5.230080e-01 1.796000e-03 4.751960e-01
