1 9.992880e-01 6.080000e-04 1.040000e-04
2 9.988400e-01 9.400000e-04 2.200000e-04
3 9.982840e-01 1.336000e-03 3.800000e-04
4 9.975760e-01 1.764000e-03 6.600000e-04
5 9.969240e-01 2.040000e-03 1.036000e-03
6 9.961760e-01 2.428000e-03 1.396000e-03
7 9.954480e-01 2.712000e-03 1.840000e-03
8 9.946760e-01 3.052000e-03 2.272000e-03
9 9.938840e-01 3.264000e-03 2.852000e-03
10 9.930480e-01 3.548000e-03 3.404000e-03
11 9.921680e-01 3.796000e-03 4.036000e-03
12 9.912800e-01 4.016000e-03 4.704000e-03
13 9.903480e-01 4.300000e-03 5.352000e-03
14 9.893760e-01 4.460000e-03 6.164000e-03
15 9.882360e-01 4.804000e-03 6.960000e-03
16 9.872520e-01 4.916000e-03 7.832000e-03
17 9.862280e-01 5.032000e-03 8.740000e-03
18 9.851440e-01 5.212000e-03 9.644000e-03
19 9.841200e-01 5.384000e-03 1.049600e-02
20 9.831160e-01 5.464000e-03 1.142000e-02
21 9.818800e-01 5.772000e-03 1.234800e-02
22 9.806880e-01 5.944000e-03 1.336800e-02
23 9.795040e-01 5.992000e-03 1.450400e-02
24 9.783280e-01 6.100000e-03 1.557200e-02
25 9.771760e-01 6.192000e-03 1.663200e-02
26 9.759720e-01 6.304000e-03 1.772400e-02
27 9.747600e-01 6.360000e-03 1.888000e-02
28 9.734960e-01 6.396000e-03 2.010800e-02
29 9.722720e-01 6.528000e-03 2.120000e-02
30 9.710000e-01 6.512000e-03 2.248800e-02
31 9.697320e-01 6.656000e-03 2.361200e-02
32 9.683880e-01 6.900000e-03 2.471200e-02
33 9.670400e-01 6.992000e-03 2.596800e-02
34 9.656880e-01 7.100000e-03 2.721200e-02
35 9.645160e-01 7.108000e-03 2.837600e-02
36 9.632560e-01 7.192000e-03 2.955200e-02
37 9.619840e-01 7.204000e-03 3.081200e-02
38 9.605800e-01 7.368000e-03 3.205200e-02
39 9.592320e-01 7.560000e-03 3.320800e-02
40 9.577680e-01 7.664000e-03 3.456800e-02
41 9.562640e-01 7.872000e-03 3.586400e-02
42 9.549240e-01 7.792000e-03 3.728400e-02
43 9.536280e-01 7.652000e-03 3.872000e-02
44 9.521680e-01 7.776000e-03 4.005600e-02
45 9.506840e-01 7.972000e-03 4.134400e-02
46 9.493240e-01 7.952000e-03 4.272400e-02
47 9.479520e-01 7.896000e-03 4.415200e-02
48 9.466040e-01 7.920000e-03 4.547600e-02
49 9.450640e-01 7.996000e-03 4.694000e-02
50 9.436840e-01 8.056000e-03 4.826000e-02
51 9.422560e-01 8.056000e-03 4.968800e-02
52 9.408800e-01 7.968000e-03 5.115200e-02
53 9.393840e-01 8.108000e-03 5.250800e-02
54 9.379960e-01 8.024000e-03 5.398000e-02
55 9.365240e-01 8.132000e-03 5.534400e-02
56 9.350560e-01 8.336000e-03 5.660800e-02
57 9.337160e-01 8.300000e-03 5.798400e-02
58 9.322520e-01 8.388000e-03 5.936000e-02
59 9.307760e-01 8.380000e-03 6.084400e-02
60 9.293720e-01 8.388000e-03 6.224000e-02
61 9.277240e-01 8.620000e-03 6.365600e-02
62 9.262920e-01 8.536000e-03 6.517200e-02
63 9.247480e-01 8.556000e-03 6.669600e-02
64 9.231920e-01 8.608000e-03 6.820000e-02
65 9.216280e-01 8.772000e-03 6.960000e-02
66 9.201400e-01 8.652000e-03 7.120800e-02
67 9.187520e-01 8.568000e-03 7.268000e-02
68 9.174440e-01 8.436000e-03 7.412000e-02
69 9.159560e-01 8.504000e-03 7.554000e-02
70 9.146720e-01 8.232000e-03 7.709600e-02
71 9.132920e-01 8.068000e-03 7.864000e-02
72 9.118240e-01 8.144000e-03 8.003200e-02
73 9.104440e-01 7.980000e-03 8.157600e-02
74 9.089400e-01 8.100000e-03 8.296000e-02
75 9.074960e-01 8.120000e-03 8.438400e-02
76 9.061640e-01 8.040000e-03 8.579600e-02
77 9.048120e-01 8.008000e-03 8.718000e-02
78 9.034240e-01 7.952000e-03 8.862400e-02
79 9.020720e-01 7.896000e-03 9.003200e-02
80 9.005920e-01 8.040000e-03 9.136800e-02
81 8.993080e-01 7.900000e-03 9.279200e-02
82 8.980240e-01 7.808000e-03 9.416800e-02
83 8.967560e-01 7.852000e-03 9.539200e-02
84 8.954760e-01 7.784000e-03 9.674000e-02
85 8.943000e-01 7.648000e-03 9.805200e-02
86 8.931400e-01 7.404000e-03 9.945600e-02
87 8.919560e-01 7.304000e-03 1.007400e-01
88 8.907640e-01 7.332000e-03 1.019040e-01
89 8.896080e-01 7.348000e-03 1.030440e-01
90 8.884280e-01 7.200000e-03 1.043720e-01
91 8.872320e-01 7.048000e-03 1.057200e-01
92 8.859400e-01 7.180000e-03 1.068800e-01
93 8.846280e-01 7.268000e-03 1.081040e-01
94 8.833680e-01 7.224000e-03 1.094080e-01
95 8.821560e-01 7.172000e-03 1.106720e-01
96 8.810040e-01 7.076000e-03 1.119200e-01
97 8.797920e-01 7.108000e-03 1.131000e-01
98 8.786520e-01 7.152000e-03 1.141960e-01
99 8.774640e-01 7.136000e-03 1.154000e-01
100 8.761800e-01 7.156000e-03 1.166640e-01
101 8.748560e-01 7.112000e-03 1.180320e-01
102 8.736560e-01 7.140000e-03 1.192040e-01
103 8.723440e-01 7.232000e-03 1.204240e-01
104 8.711240e-01 7.208000e-03 1.216680e-01
105 8.699120e-01 7.196000e-03 1.228920e-01
106 8.686760e-01 7.268000e-03 1.240560e-01
107 8.674240e-01 7.232000e-03 1.253440e-01
108 8.662320e-01 7.148000e-03 1.266200e-01
109 8.651800e-01 6.908000e-03 1.279120e-01
110 8.641600e-01 6.716000e-03 1.291240e-01
111 8.631920e-01 6.560000e-03 1.302480e-01
112 8.621600e-01 6.380000e-03 1.314600e-01
113 8.610720e-01 6.396000e-03 1.325320e-01
114 8.600160e-01 6.260000e-03 1.337240e-01
115 8.589480e-01 6.252000e-03 1.348000e-01
116 8.577080e-01 6.432000e-03 1.358600e-01
117 8.565520e-01 6.376000e-03 1.370720e-01
118 8.553680e-01 6.492000e-03 1.381400e-01
119 8.541640e-01 6.600000e-03 1.392360e-01
120 8.530760e-01 6.476000e-03 1.404480e-01
121 8.519760e-01 6.476000e-03 1.415480e-01
122 8.509040e-01 6.440000e-03 1.426560e-01
123 8.497800e-01 6.528000e-03 1.436920e-01
124 8.486040e-01 6.512000e-03 1.448840e-01
125 8.476240e-01 6.304000e-03 1.460720e-01
126 8.466440e-01 6.276000e-03 1.470800e-01
127 8.456600e-01 6.280000e-03 1.480600e-01
128 8.447160e-01 6.156000e-03 1.491280e-01
129 8.437880e-01 6.040000e-03 1.501720e-01
130 8.428160e-01 6.052000e-03 1.511320e-01
131 8.419480e-01 5.876000e-03 1.521760e-01
132 8.408720e-01 5.812000e-03 1.533160e-01
133 8.398120e-01 5.832000e-03 1.543560e-01
134 8.388480e-01 5.628000e-03 1.555240e-01
135 8.378200e-01 5.716000e-03 1.564640e-01
136 8.367400e-01 5.836000e-03 1.574240e-01
137 8.357640e-01 5.772000e-03 1.584640e-01
138 8.347160e-01 5.860000e-03 1.594240e-01
139 8.336200e-01 6.000000e-03 1.603800e-01
140 8.326360e-01 6.020000e-03 1.613440e-01
141 8.315280e-01 6.120000e-03 1.623520e-01
142 8.304040e-01 6.208000e-03 1.633880e-01
143 8.293360e-01 6.252000e-03 1.644120e-01
144 8.283600e-01 6.068000e-03 1.655720e-01
145 8.273360e-01 5.988000e-03 1.666760e-01
146 8.264720e-01 5.848000e-03 1.676800e-01
147 8.255720e-01 5.848000e-03 1.685800e-01
148 8.247080e-01 5.636000e-03 1.696560e-01
149 8.238600e-01 5.504000e-03 1.706360e-01
150 8.229440e-01 5.484000e-03 1.715720e-01
151 8.221200e-01 5.332000e-03 1.725480e-01
152 8.212760e-01 5.204000e-03 1.735200e-01
153 8.204520e-01 5.156000e-03 1.743920e-01
154 8.195680e-01 5.076000e-03 1.753560e-01
155 8.186160e-01 5.116000e-03 1.762680e-01
156 8.177040e-01 5.208000e-03 1.770880e-01
157 8.167720e-01 5.228000e-03 1.780000e-01
158 8.158160e-01 5.300000e-03 1.788840e-01
159 8.147840e-01 5.532000e-03 1.796840e-01
160 8.139440e-01 5.396000e-03 1.806600e-01
161 8.130880e-01 5.336000e-03 1.815760e-01
162 8.122320e-01 5.252000e-03 1.825160e-01
163 8.113000e-01 5.196000e-03 1.835040e-01
164 8.104680e-01 5.092000e-03 1.844400e-01
165 8.094960e-01 5.264000e-03 1.852400e-01
166 8.084640e-01 5.344000e-03 1.861920e-01
167 8.074400e-01 5.428000e-03 1.871320e-01
168 8.064480e-01 5.420000e-03 1.881320e-01
169 8.055960e-01 5.188000e-03 1.892160e-01
170 8.047520e-01 5.100000e-03 1.901480e-01
171 8.038960e-01 5.084000e-03 1.910200e-01
172 8.030400e-01 5.048000e-03 1.919120e-01
173 8.022400e-01 5.004000e-03 1.927560e-01
174 8.015000e-01 5.020000e-03 1.934800e-01
175 8.006600e-01 5.032000e-03 1.943080e-01
176 7.997640e-01 5.036000e-03 1.952000e-01
177 7.989240e-01 5.152000e-03 1.959240e-01
178 7.981680e-01 5.028000e-03 1.968040e-01
179 7.972880e-01 4.964000e-03 1.977480e-01
180 7.964240e-01 4.840000e-03 1.987360e-01
181 7.956160e-01 4.864000e-03 1.995200e-01
182 7.948680e-01 4.704000e-03 2.004280e-01
183 7.941200e-01 4.580000e-03 2.013000e-01
184 7.933520e-01 4.604000e-03 2.020440e-01
185 7.925440e-01 4.612000e-03 2.028440e-01
186 7.918400e-01 4.532000e-03 2.036280e-01
187 7.909840e-01 4.644000e-03 2.043720e-01
188 7.901280e-01 4.648000e-03 2.052240e-01
189 7.892000e-01 4.776000e-03 2.060240e-01
190 7.882440e-01 4.920000e-03 2.068360e-01
191 7.873600e-01 4.908000e-03 2.077320e-01
192 7.864840e-01 4.840000e-03 2.086760e-01
193 7.856040e-01 4.880000e-03 2.095160e-01
194 7.846520e-01 5.012000e-03 2.103360e-01
195 7.836480e-01 5.108000e-03 2.112440e-01
196 7.827400e-01 5.120000e-03 2.121400e-01
197 7.818320e-01 5.192000e-03 2.129760e-01
198 7.809040e-01 5.224000e-03 2.138720e-01
199 7.801320e-01 5.032000e-03 2.148360e-01
200 7.793320e-01 4.952000e-03 2.157160e-01
201 7.785200e-01 4.932000e-03 2.165480e-01
202 7.776840e-01 4.968000e-03 2.173480e-01
203 7.768200e-01 4.940000e-03 2.182400e-01
204 7.760720e-01 4.804000e-03 2.191240e-01
205 7.751480e-01 4.988000e-03 2.198640e-01
206 7.741760e-01 5.092000e-03 2.207320e-01
207 7.733760e-01 4.992000e-03 2.216320e-01
208 7.726560e-01 4.864000e-03 2.224800e-01
209 7.718480e-01 4.852000e-03 2.233000e-01
210 7.710840e-01 4.852000e-03 2.240640e-01
211 7.703080e-01 4.748000e-03 2.249440e-01
212 7.695520e-01 4.608000e-03 2.258400e-01
213 7.688520e-01 4.528000e-03 2.266200e-01
214 7.681400e-01 4.488000e-03 2.273720e-01
215 7.672440e-01 4.612000e-03 2.281440e-01
216 7.664720e-01 4.552000e-03 2.289760e-01
217 7.656080e-01 4.704000e-03 2.296880e-01
218 7.648920e-01 4.504000e-03 2.306040e-01
219 7.642120e-01 4.432000e-03 2.313560e-01
220 7.634880e-01 4.368000e-03 2.321440e-01
221 7.626680e-01 4.436000e-03 2.328960e-01
222 7.619880e-01 4.308000e-03 2.337040e-01
223 7.614200e-01 4.200000e-03 2.343800e-01
224 7.608000e-01 4.048000e-03 2.351520e-01
225 7.601520e-01 4.036000e-03 2.358120e-01
226 7.594520e-01 4.152000e-03 2.363960e-01
227 7.588040e-01 4.028000e-03 2.371680e-01
228 7.581840e-01 3.936000e-03 2.378800e-01
229 7.575240e-01 3.912000e-03 2.385640e-01
230 7.567880e-01 3.968000e-03 2.392440e-01
231 7.560680e-01 3.928000e-03 2.400040e-01
232 7.552440e-01 4.132000e-03 2.406240e-01
233 7.544880e-01 4.224000e-03 2.412880e-01
234 7.538040e-01 4.164000e-03 2.420320e-01
235 7.530520e-01 4.128000e-03 2.428200e-01
236 7.523800e-01 4.084000e-03 2.435360e-01
237 7.517600e-01 3.972000e-03 2.442680e-01
238 7.510760e-01 3.928000e-03 2.449960e-01
239 7.504120e-01 3.848000e-03 2.457400e-01
240 7.497960e-01 3.732000e-03 2.464720e-01
241 7.491360e-01 3.716000e-03 2.471480e-01
242 7.484800e-01 3.776000e-03 2.477440e-01
243 7.479200e-01 3.720000e-03 2.483600e-01
244 7.472920e-01 3.724000e-03 2.489840e-01
245 7.467440e-01 3.620000e-03 2.496360e-01
246 7.460960e-01 3.644000e-03 2.502600e-01
247 7.455000e-01 3.552000e-03 2.509480e-01
248 7.448040e-01 3.628000e-03 2.515680e-01
249 7.442320e-01 3.504000e-03 2.522640e-01
250 7.436160e-01 3.552000e-03 2.528320e-01
251 7.429600e-01 3.576000e-03 2.534640e-01
252 7.423640e-01 3.492000e-03 2.541440e-01
253 7.416080e-01 3.640000e-03 2.547520e-01
254 7.409240e-01 3.700000e-03 2.553760e-01
255 7.402360e-01 3.796000e-03 2.559680e-01
256 7.394040e-01 4.024000e-03 2.565720e-01
257 7.386240e-01 4.088000e-03 2.572880e-01
258 7.379520e-01 4.008000e-03 2.580400e-01
259 7.371840e-01 4.064000e-03 2.587520e-01
260 7.364720e-01 4.056000e-03 2.594720e-01
261 7.357000e-01 4.128000e-03 2.601720e-01
262 7.350080e-01 4.100000e-03 2.608920e-01
263 7.343320e-01 4.056000e-03 2.616120e-01
264 7.336720e-01 4.008000e-03 2.623200e-01
265 7.329840e-01 3.948000e-03 2.630680e-01
266 7.322280e-01 4.024000e-03 2.637480e-01
267 7.315360e-01 3.940000e-03 2.645240e-01
268 7.308560e-01 3.952000e-03 2.651920e-01
269 7.302120e-01 3.888000e-03 2.659000e-01
270 7.296400e-01 3.776000e-03 2.665840e-01
271 7.289560e-01 3.896000e-03 2.671480e-01
272 7.282680e-01 3.844000e-03 2.678880e-01
273 7.277120e-01 3.724000e-03 2.685640e-01
274 7.272120e-01 3.708000e-03 2.690800e-01
275 7.265520e-01 3.684000e-03 2.697640e-01
276 7.258960e-01 3.668000e-03 2.704360e-01
277 7.251840e-01 3.740000e-03 2.710760e-01
278 7.245120e-01 3.772000e-03 2.717160e-01
279 7.238480e-01 3.812000e-03 2.723400e-01
280 7.230800e-01 3.916000e-03 2.730040e-01
281 7.222440e-01 4.008000e-03 2.737480e-01
282 7.214760e-01 4.036000e-03 2.744880e-01
283 7.207400e-01 4.120000e-03 2.751400e-01
284 7.200000e-01 4.144000e-03 2.758560e-01
285 7.192080e-01 4.244000e-03 2.765480e-01
286 7.184640e-01 4.256000e-03 2.772800e-01
287 7.176920e-01 4.320000e-03 2.779880e-01
288 7.169280e-01 4.400000e-03 2.786720e-01
289 7.162760e-01 4.344000e-03 2.793800e-01
290 7.156040e-01 4.236000e-03 2.801600e-01
291 7.149840e-01 4.112000e-03 2.809040e-01
292 7.143400e-01 4.112000e-03 2.815480e-01
293 7.137080e-01 4.060000e-03 2.822320e-01
294 7.130760e-01 3.908000e-03 2.830160e-01
295 7.124200e-01 3.796000e-03 2.837840e-01
296 7.118160e-01 3.744000e-03 2.844400e-01
297 7.112360e-01 3.672000e-03 2.850920e-01
298 7.107240e-01 3.576000e-03 2.857000e-01
299 7.101720e-01 3.448000e-03 2.863800e-01
300 7.096640e-01 3.348000e-03 2.869880e-01
301 7.091920e-01 3.188000e-03 2.876200e-01
302 7.087320e-01 3.072000e-03 2.881960e-01
303 7.082200e-01 3.112000e-03 2.886680e-01
304 7.077480e-01 3.088000e-03 2.891640e-01
305 7.072880e-01 3.060000e-03 2.896520e-01
306 7.067280e-01 3.040000e-03 2.902320e-01
307 7.061640e-01 3.072000e-03 2.907640e-01
308 7.056480e-01 3.016000e-03 2.913360e-01
309 7.051080e-01 3.120000e-03 2.917720e-01
310 7.045920e-01 3.136000e-03 2.922720e-01
311 7.040920e-01 3.072000e-03 2.928360e-01
312 7.035200e-01 3.068000e-03 2.934120e-01
313 7.029280e-01 3.100000e-03 2.939720e-01
314 7.023560e-01 3.116000e-03 2.945280e-01
315 7.017800e-01 3.140000e-03 2.950800e-01
316 7.012520e-01 3.116000e-03 2.956320e-01
317 7.007360e-01 3.052000e-03 2.962120e-01
318 7.001680e-01 3.144000e-03 2.966880e-01
319 6.997960e-01 2.984000e-03 2.972200e-01
320 6.993560e-01 2.940000e-03 2.977040e-01
321 6.989080e-01 2.856000e-03 2.982360e-01
322 6.985120e-01 2.636000e-03 2.988520e-01
323 6.980720e-01 2.608000e-03 2.993200e-01
324 6.976320e-01 2.556000e-03 2.998120e-01
325 6.972480e-01 2.560000e-03 3.001920e-01
326 6.968920e-01 2.468000e-03 3.006400e-01
327 6.964480e-01 2.540000e-03 3.010120e-01
328 6.960880e-01 2.428000e-03 3.014840e-01
329 6.957360e-01 2.292000e-03 3.019720e-01
330 6.953360e-01 2.284000e-03 3.023800e-01
331 6.949560e-01 2.268000e-03 3.027760e-01
332 6.944680e-01 2.332000e-03 3.032000e-01
333 6.940280e-01 2.356000e-03 3.036160e-01
334 6.936640e-01 2.324000e-03 3.040120e-01
335 6.932360e-01 2.300000e-03 3.044640e-01
336 6.928120e-01 2.340000e-03 3.048480e-01
337 6.924320e-01 2.276000e-03 3.052920e-01
338 6.920360e-01 2.264000e-03 3.057000e-01
339 6.916520e-01 2.204000e-03 3.061440e-01
340 6.912360e-01 2.148000e-03 3.066160e-01
341 6.908360e-01 2.184000e-03 3.069800e-01
342 6.904480e-01 2.220000e-03 3.073320e-01
343 6.900520e-01 2.288000e-03 3.076600e-01
344 6.896480e-01 2.264000e-03 3.080880e-01
345 6.891960e-01 2.280000e-03 3.085240e-01
346 6.888000e-01 2.272000e-03 3.089280e-01
347 6.883920e-01 2.312000e-03 3.092960e-01
348 6.879920e-01 2.392000e-03 3.096160e-01
349 6.875880e-01 2.396000e-03 3.100160e-01
350 6.872200e-01 2.380000e-03 3.104000e-01
351 6.868080e-01 2.360000e-03 3.108320e-01
352 6.864200e-01 2.308000e-03 3.112720e-01
353 6.860880e-01 2.260000e-03 3.116520e-01
354 6.857160e-01 2.260000e-03 3.120240e-01
355 6.853160e-01 2.228000e-03 3.124560e-01
356 6.849680e-01 2.152000e-03 3.128800e-01
357 6.845800e-01 2.192000e-03 3.132280e-01
358 6.842640e-01 2.120000e-03 3.136160e-01
359 6.838920e-01 2.088000e-03 3.140200e-01
360 6.835080e-01 2.136000e-03 3.143560e-01
361 6.830680e-01 2.132000e-03 3.148000e-01
362 6.826360e-01 2.152000e-03 3.152120e-01
363 6.822640e-01 2.176000e-03 3.155600e-01
364 6.817920e-01 2.248000e-03 3.159600e-01
365 6.813680e-01 2.272000e-03 3.163600e-01
366 6.809160e-01 2.348000e-03 3.167360e-01
367 6.805880e-01 2.248000e-03 3.171640e-01
368 6.802360e-01 2.180000e-03 3.175840e-01
369 6.799040e-01 2.152000e-03 3.179440e-01
370 6.796320e-01 2.080000e-03 3.182880e-01
371 6.792640e-01 2.044000e-03 3.186920e-01
372 6.789320e-01 2.076000e-03 3.189920e-01
373 6.786360e-01 2.036000e-03 3.193280e-01
374 6.782680e-01 2.076000e-03 3.196560e-01
375 6.779160e-01 1.988000e-03 3.200960e-01
376 6.775720e-01 1.932000e-03 3.204960e-01
377 6.772880e-01 1.884000e-03 3.208280e-01
378 6.769840e-01 1.868000e-03 3.211480e-01
379 6.766720e-01 1.876000e-03 3.214520e-01
380 6.762880e-01 1.932000e-03 3.217800e-01
381 6.760520e-01 1.828000e-03 3.221200e-01
382 6.756840e-01 1.908000e-03 3.224080e-01
383 6.753880e-01 1.828000e-03 3.227840e-01
384 6.751440e-01 1.720000e-03 3.231360e-01
385 6.748680e-01 1.716000e-03 3.234160e-01
386 6.746000e-01 1.648000e-03 3.237520e-01
387 6.743600e-01 1.612000e-03 3.240280e-01
388 6.740880e-01 1.592000e-03 3.243200e-01
389 6.738360e-01 1.512000e-03 3.246520e-01
390 6.736280e-01 1.464000e-03 3.249080e-01
391 6.733160e-01 1.528000e-03 3.251560e-01
392 6.730640e-01 1.484000e-03 3.254520e-01
393 6.727960e-01 1.492000e-03 3.257120e-01
394 6.725360e-01 1.456000e-03 3.260080e-01
395 6.723280e-01 1.444000e-03 3.262280e-01
396 6.720520e-01 1.480000e-03 3.264680e-01
397 6.717720e-01 1.496000e-03 3.267320e-01
398 6.714640e-01 1.556000e-03 3.269800e-01
399 6.712120e-01 1.476000e-03 3.273120e-01
400 6.709640e-01 1.420000e-03 3.276160e-01
401 6.706920e-01 1.432000e-03 3.278760e-01
402 6.704520e-01 1.424000e-03 3.281240e-01
403 6.701800e-01 1.488000e-03 3.283320e-01
404 6.699600e-01 1.452000e-03 3.285880e-01
405 6.697200e-01 1.384000e-03 3.288960e-01
406 6.695240e-01 1.332000e-03 3.291440e-01
407 6.693280e-01 1.304000e-03 3.293680e-01
408 6.690960e-01 1.308000e-03 3.295960e-01
409 6.689000e-01 1.320000e-03 3.297800e-01
410 6.687120e-01 1.312000e-03 3.299760e-01
411 6.685080e-01 1.300000e-03 3.301920e-01
412 6.683240e-01 1.264000e-03 3.304120e-01
413 6.681360e-01 1.272000e-03 3.305920e-01
414 6.679520e-01 1.244000e-03 3.308040e-01
415 6.677120e-01 1.264000e-03 3.310240e-01
416 6.674600e-01 1.308000e-03 3.312320e-01
417 6.672840e-01 1.276000e-03 3.314400e-01
418 6.670760e-01 1.296000e-03 3.316280e-01
419 6.668600e-01 1.280000e-03 3.318600e-01
420 6.665960e-01 1.348000e-03 3.320560e-01
421 6.663760e-01 1.304000e-03 3.323200e-01
422 6.661640e-01 1.256000e-03 3.325800e-01
423 6.659920e-01 1.188000e-03 3.328200e-01
424 6.658080e-01 1.176000e-03 3.330160e-01
425 6.656320e-01 1.152000e-03 3.332160e-01
426 6.654040e-01 1.168000e-03 3.334280e-01
427 6.652240e-01 1.136000e-03 3.336400e-01
428 6.650080e-01 1.148000e-03 3.338440e-01
429 6.647840e-01 1.184000e-03 3.340320e-01
430 6.645040e-01 1.208000e-03 3.342880e-01
431 6.641840e-01 1.268000e-03 3.345480e-01
432 6.639480e-01 1.304000e-03 3.347480e-01
433 6.636760e-01 1.336000e-03 3.349880e-01
434 6.633880e-01 1.336000e-03 3.352760e-01
435 6.631200e-01 1.368000e-03 3.355120e-01
436 6.628480e-01 1.428000e-03 3.357240e-01
437 6.626120e-01 1.380000e-03 3.360080e-01
438 6.623600e-01 1.372000e-03 3.362680e-01
439 6.621440e-01 1.364000e-03 3.364920e-01
440 6.618560e-01 1.376000e-03 3.367680e-01
441 6.615520e-01 1.440000e-03 3.370080e-01
442 6.613080e-01 1.424000e-03 3.372680e-01
443 6.610640e-01 1.408000e-03 3.375280e-01
444 6.607360e-01 1.492000e-03 3.377720e-01
445 6.605240e-01 1.408000e-03 3.380680e-01
446 6.602240e-01 1.444000e-03 3.383320e-01
447 6.599040e-01 1.432000e-03 3.386640e-01
448 6.595880e-01 1.536000e-03 3.388760e-01
449 6.593200e-01 1.584000e-03 3.390960e-01
450 6.590080e-01 1.624000e-03 3.393680e-01
451 6.586880e-01 1.644000e-03 3.396680e-01
452 6.584160e-01 1.624000e-03 3.399600e-01
453 6.581680e-01 1.592000e-03 3.402400e-01
454 6.579120e-01 1.548000e-03 3.405400e-01
455 6.576640e-01 1.532000e-03 3.408040e-01
456 6.574320e-01 1.488000e-03 3.410800e-01
457 6.572200e-01 1.480000e-03 3.413000e-01
458 6.569480e-01 1.480000e-03 3.415720e-01
459 6.567480e-01 1.412000e-03 3.418400e-01
460 6.565120e-01 1.428000e-03 3.420600e-01
461 6.562880e-01 1.436000e-03 3.422760e-01
462 6.560480e-01 1.452000e-03 3.425000e-01
463 6.558480e-01 1.436000e-03 3.427160e-01
464 6.556120e-01 1.420000e-03 3.429680e-01
465 6.554400e-01 1.360000e-03 3.432000e-01
466 6.552560e-01 1.292000e-03 3.434520e-01
467 6.550280e-01 1.248000e-03 3.437240e-01
468 6.548040e-01 1.312000e-03 3.438840e-01
469 6.544960e-01 1.416000e-03 3.440880e-01
470 6.542560e-01 1.400000e-03 3.443440e-01
471 6.540520e-01 1.380000e-03 3.445680e-01
472 6.538200e-01 1.396000e-03 3.447840e-01
473 6.535600e-01 1.360000e-03 3.450800e-01
474 6.533320e-01 1.364000e-03 3.453040e-01
475 6.530480e-01 1.452000e-03 3.455000e-01
476 6.527880e-01 1.508000e-03 3.457040e-01
477 6.526360e-01 1.436000e-03 3.459280e-01
478 6.524000e-01 1.460000e-03 3.461400e-01
479 6.522560e-01 1.344000e-03 3.464000e-01
480 6.521120e-01 1.292000e-03 3.465960e-01
481 6.519560e-01 1.272000e-03 3.467720e-01
482 6.517880e-01 1.204000e-03 3.470080e-01
483 6.516280e-01 1.160000e-03 3.472120e-01
484 6.514520e-01 1.128000e-03 3.474200e-01
485 6.513000e-01 1.096000e-03 3.476040e-01
486 6.511440e-01 1.068000e-03 3.477880e-01
487 6.509960e-01 9.920000e-04 3.480120e-01
488 6.508400e-01 9.800000e-04 3.481800e-01
489 6.506760e-01 9.880000e-04 3.483360e-01
490 6.504720e-01 1.024000e-03 3.485040e-01
491 6.502800e-01 1.028000e-03 3.486920e-01
492 6.500240e-01 1.076000e-03 3.489000e-01
493 6.497960e-01 1.140000e-03 3.490640e-01
494 6.495720e-01 1.184000e-03 3.492440e-01
495 6.493760e-01 1.204000e-03 3.494200e-01
496 6.490960e-01 1.264000e-03 3.496400e-01
497 6.488400e-01 1.240000e-03 3.499200e-01
498 6.485480e-01 1.284000e-03 3.501680e-01
499 6.483200e-01 1.308000e-03 3.503720e-01
500 6.480840e-01 1.356000e-03 3.505600e-01
