1 9.991600e-01 7.760000e-04 6.400000e-05
2 9.985040e-01 1.216000e-03 2.800000e-04
3 9.977000e-01 1.776000e-03 5.240000e-04
4 9.969200e-01 2.208000e-03 8.720000e-04
5 9.959840e-01 2.636000e-03 1.380000e-03
6 9.950040e-01 3.192000e-03 1.804000e-03
7 9.940440e-01 3.592000e-03 2.364000e-03
8 9.929360e-01 4.012000e-03 3.052000e-03
9 9.917960e-01 4.372000e-03 3.832000e-03
10 9.906480e-01 4.668000e-03 4.684000e-03
11 9.895320e-01 4.944000e-03 5.524000e-03
12 9.883360e-01 5.152000e-03 6.512000e-03
13 9.872560e-01 5.364000e-03 7.380000e-03
14 9.860560e-01 5.700000e-03 8.244000e-03
15 9.848920e-01 5.808000e-03 9.300000e-03
16 9.836880e-01 6.004000e-03 1.030800e-02
17 9.822560e-01 6.400000e-03 1.134400e-02
18 9.809040e-01 6.496000e-03 1.260000e-02
19 9.795800e-01 6.772000e-03 1.364800e-02
20 9.781280e-01 6.972000e-03 1.490000e-02
21 9.767080e-01 7.140000e-03 1.615200e-02
22 9.753240e-01 7.324000e-03 1.735200e-02
23 9.737440e-01 7.560000e-03 1.869600e-02
24 9.721000e-01 7.852000e-03 2.004800e-02
25 9.704800e-01 8.100000e-03 2.142000e-02
26 9.686760e-01 8.496000e-03 2.282800e-02
27 9.670560e-01 8.616000e-03 2.432800e-02
28 9.652240e-01 8.876000e-03 2.590000e-02
29 9.633840e-01 9.156000e-03 2.746000e-02
30 9.615120e-01 9.280000e-03 2.920800e-02
31 9.595240e-01 9.728000e-03 3.074800e-02
32 9.577840e-01 9.856000e-03 3.236000e-02
33 9.558760e-01 1.011600e-02 3.400800e-02
34 9.540120e-01 1.030000e-02 3.568800e-02
35 9.522120e-01 1.033200e-02 3.745600e-02
36 9.501920e-01 1.058800e-02 3.922000e-02
37 9.483000e-01 1.069200e-02 4.100800e-02
38 9.466160e-01 1.050000e-02 4.288400e-02
39 9.449360e-01 1.032800e-02 4.473600e-02
40 9.429920e-01 1.036000e-02 4.664800e-02
41 9.412880e-01 1.021200e-02 4.850000e-02
42 9.393800e-01 1.035200e-02 5.026800e-02
43 9.375720e-01 1.042800e-02 5.200000e-02
44 9.355560e-01 1.056000e-02 5.388400e-02
45 9.336360e-01 1.050400e-02 5.586000e-02
46 9.317520e-01 1.032800e-02 5.792000e-02
47 9.299720e-01 1.023600e-02 5.979200e-02
48 9.283560e-01 1.006400e-02 6.158000e-02
49 9.266200e-01 9.928000e-03 6.345200e-02
50 9.248720e-01 9.900000e-03 6.522800e-02
51 9.231120e-01 9.840000e-03 6.704800e-02
52 9.213360e-01 9.804000e-03 6.886000e-02
53 9.194760e-01 1.001600e-02 7.050800e-02
54 9.176960e-01 9.964000e-03 7.234000e-02
55 9.159280e-01 9.988000e-03 7.408400e-02
56 9.143520e-01 9.840000e-03 7.580800e-02
57 9.126920e-01 9.728000e-03 7.758000e-02
58 9.110440e-01 9.664000e-03 7.929200e-02
59 9.095760e-01 9.504000e-03 8.092000e-02
60 9.079800e-01 9.492000e-03 8.252800e-02
61 9.065360e-01 9.328000e-03 8.413600e-02
62 9.048080e-01 9.492000e-03 8.570000e-02
63 9.031240e-01 9.612000e-03 8.726400e-02
64 9.013880e-01 9.712000e-03 8.890000e-02
65 8.996000e-01 9.800000e-03 9.060000e-02
66 8.978960e-01 9.748000e-03 9.235600e-02
67 8.960560e-01 9.860000e-03 9.408400e-02
68 8.944400e-01 9.768000e-03 9.579200e-02
69 8.928040e-01 9.540000e-03 9.765600e-02
70 8.912000e-01 9.512000e-03 9.928800e-02
71 8.896720e-01 9.424000e-03 1.009040e-01
72 8.881600e-01 9.344000e-03 1.024960e-01
73 8.867360e-01 9.156000e-03 1.041080e-01
74 8.852120e-01 9.136000e-03 1.056520e-01
75 8.837800e-01 8.912000e-03 1.073080e-01
76 8.824080e-01 8.624000e-03 1.089680e-01
77 8.809760e-01 8.500000e-03 1.105240e-01
78 8.796720e-01 8.284000e-03 1.120440e-01
79 8.783520e-01 8.104000e-03 1.135440e-01
80 8.770720e-01 8.128000e-03 1.148000e-01
81 8.756120e-01 8.156000e-03 1.162320e-01
82 8.741640e-01 8.160000e-03 1.176760e-01
83 8.725840e-01 8.460000e-03 1.189560e-01
84 8.711720e-01 8.396000e-03 1.204320e-01
85 8.697040e-01 8.432000e-03 1.218640e-01
86 8.682440e-01 8.348000e-03 1.234080e-01
87 8.666800e-01 8.324000e-03 1.249960e-01
88 8.652760e-01 8.216000e-03 1.265080e-01
89 8.637800e-01 8.308000e-03 1.279120e-01
90 8.625120e-01 8.188000e-03 1.293000e-01
91 8.611000e-01 8.064000e-03 1.308360e-01
92 8.597680e-01 8.012000e-03 1.322200e-01
93 8.584920e-01 7.896000e-03 1.336120e-01
94 8.571000e-01 7.944000e-03 1.349560e-01
95 8.558320e-01 7.708000e-03 1.364600e-01
96 8.545000e-01 7.704000e-03 1.377960e-01
97 8.529320e-01 7.956000e-03 1.391120e-01
98 8.513240e-01 8.156000e-03 1.405200e-01
99 8.498720e-01 8.220000e-03 1.419080e-01
100 8.482720e-01 8.452000e-03 1.432760e-01
101 8.469400e-01 8.328000e-03 1.447320e-01
102 8.453880e-01 8.448000e-03 1.461640e-01
103 8.440240e-01 8.576000e-03 1.474000e-01
104 8.425480e-01 8.600000e-03 1.488520e-01
105 8.410640e-01 8.700000e-03 1.502360e-01
106 8.398480e-01 8.324000e-03 1.518280e-01
107 8.384840e-01 8.272000e-03 1.532440e-01
108 8.372920e-01 7.980000e-03 1.547280e-01
109 8.361160e-01 7.832000e-03 1.560520e-01
110 8.349640e-01 7.640000e-03 1.573960e-01
111 8.336640e-01 7.648000e-03 1.586880e-01
112 8.323760e-01 7.660000e-03 1.599640e-01
113 8.311560e-01 7.492000e-03 1.613520e-01
114 8.299440e-01 7.280000e-03 1.627760e-01
115 8.286160e-01 7.376000e-03 1.640080e-01
116 8.274040e-01 7.296000e-03 1.653000e-01
117 8.262600e-01 7.264000e-03 1.664760e-01
118 8.249680e-01 7.304000e-03 1.677280e-01
119 8.236560e-01 7.312000e-03 1.690320e-01
120 8.225200e-01 7.192000e-03 1.702880e-01
121 8.213440e-01 7.112000e-03 1.715440e-01
122 8.202120e-01 6.984000e-03 1.728040e-01
123 8.189840e-01 6.932000e-03 1.740840e-01
124 8.176320e-01 7.080000e-03 1.752880e-01
125 8.163800e-01 7.212000e-03 1.764080e-01
126 8.150640e-01 7.296000e-03 1.776400e-01
127 8.137480e-01 7.256000e-03 1.789960e-01
128 8.126360e-01 7.140000e-03 1.802240e-01
129 8.111960e-01 7.340000e-03 1.814640e-01
130 8.099640e-01 7.236000e-03 1.828000e-01
131 8.087720e-01 7.160000e-03 1.840680e-01
132 8.075440e-01 7.144000e-03 1.853120e-01
133 8.062920e-01 7.080000e-03 1.866280e-01
134 8.050240e-01 7.080000e-03 1.878960e-01
135 8.035840e-01 7.396000e-03 1.890200e-01
136 8.022320e-01 7.364000e-03 1.904040e-01
137 8.009280e-01 7.436000e-03 1.916360e-01
138 7.996800e-01 7.452000e-03 1.928680e-01
139 7.983280e-01 7.464000e-03 1.942080e-01
140 7.969200e-01 7.496000e-03 1.955840e-01
141 7.956160e-01 7.484000e-03 1.969000e-01
142 7.944040e-01 7.476000e-03 1.981200e-01
143 7.931400e-01 7.460000e-03 1.994000e-01
144 7.918480e-01 7.336000e-03 2.008160e-01
145 7.907640e-01 6.996000e-03 2.022400e-01
146 7.896240e-01 6.912000e-03 2.034640e-01
147 7.885440e-01 6.764000e-03 2.046920e-01
148 7.875160e-01 6.464000e-03 2.060200e-01
149 7.863680e-01 6.440000e-03 2.071920e-01
150 7.851680e-01 6.476000e-03 2.083560e-01
151 7.841040e-01 6.380000e-03 2.095160e-01
152 7.831240e-01 6.216000e-03 2.106600e-01
153 7.820480e-01 6.204000e-03 2.117480e-01
154 7.810960e-01 6.056000e-03 2.128480e-01
155 7.800120e-01 6.000000e-03 2.139880e-01
156 7.789240e-01 5.904000e-03 2.151720e-01
157 7.779680e-01 5.776000e-03 2.162560e-01
158 7.770480e-01 5.616000e-03 2.173360e-01
159 7.760400e-01 5.576000e-03 2.183840e-01
160 7.749680e-01 5.652000e-03 2.193800e-01
161 7.738920e-01 5.804000e-03 2.203040e-01
162 7.728080e-01 5.948000e-03 2.212440e-01
163 7.717840e-01 5.928000e-03 2.222880e-01
164 7.708840e-01 5.824000e-03 2.232920e-01
165 7.698960e-01 5.808000e-03 2.242960e-01
166 7.689320e-01 5.864000e-03 2.252040e-01
167 7.680040e-01 5.764000e-03 2.262320e-01
168 7.670800e-01 5.676000e-03 2.272440e-01
169 7.661560e-01 5.652000e-03 2.281920e-01
170 7.652640e-01 5.552000e-03 2.291840e-01
171 7.643600e-01 5.464000e-03 2.301760e-01
172 7.634240e-01 5.376000e-03 2.312000e-01
173 7.625800e-01 5.244000e-03 2.321760e-01
174 7.615680e-01 5.364000e-03 2.330680e-01
175 7.606000e-01 5.396000e-03 2.340040e-01
176 7.596440e-01 5.268000e-03 2.350880e-01
177 7.586920e-01 5.244000e-03 2.360640e-01
178 7.578680e-01 5.104000e-03 2.370280e-01
179 7.570160e-01 5.124000e-03 2.378600e-01
180 7.561760e-01 5.072000e-03 2.387520e-01
181 7.552680e-01 5.188000e-03 2.395440e-01
182 7.544440e-01 5.136000e-03 2.404200e-01
183 7.536280e-01 4.976000e-03 2.413960e-01
184 7.527840e-01 5.040000e-03 2.421760e-01
185 7.519320e-01 4.936000e-03 2.431320e-01
186 7.509720e-01 5.048000e-03 2.439800e-01
187 7.500480e-01 5.084000e-03 2.448680e-01
188 7.492560e-01 4.936000e-03 2.458080e-01
189 7.483720e-01 4.872000e-03 2.467560e-01
190 7.475560e-01 4.828000e-03 2.476160e-01
191 7.466720e-01 4.896000e-03 2.484320e-01
192 7.458640e-01 4.820000e-03 2.493160e-01
193 7.450000e-01 4.820000e-03 2.501800e-01
194 7.442240e-01 4.756000e-03 2.510200e-01
195 7.434400e-01 4.724000e-03 2.518360e-01
196 7.426560e-01 4.624000e-03 2.527200e-01
197 7.417920e-01 4.700000e-03 2.535080e-01
198 7.409560e-01 4.696000e-03 2.543480e-01
199 7.400440e-01 4.736000e-03 2.552200e-01
200 7.391400e-01 4.816000e-03 2.560440e-01
201 7.383080e-01 4.812000e-03 2.568800e-01
202 7.373920e-01 4.856000e-03 2.577520e-01
203 7.365200e-01 4.944000e-03 2.585360e-01
204 7.356040e-01 4.944000e-03 2.594520e-01
205 7.347040e-01 5.040000e-03 2.602560e-01
206 7.337360e-01 5.120000e-03 2.611440e-01
207 7.329040e-01 5.048000e-03 2.620480e-01
208 7.320680e-01 4.888000e-03 2.630440e-01
209 7.311920e-01 4.936000e-03 2.638720e-01
210 7.301040e-01 5.064000e-03 2.648320e-01
211 7.292440e-01 5.088000e-03 2.656680e-01
212 7.283360e-01 5.140000e-03 2.665240e-01
213 7.274320e-01 5.220000e-03 2.673480e-01
214 7.265280e-01 5.240000e-03 2.682320e-01
215 7.255720e-01 5.288000e-03 2.691400e-01
216 7.245840e-01 5.352000e-03 2.700640e-01
217 7.236960e-01 5.272000e-03 2.710320e-01
218 7.227680e-01 5.396000e-03 2.718360e-01
219 7.217680e-01 5.464000e-03 2.727680e-01
220 7.208960e-01 5.396000e-03 2.737080e-01
221 7.200320e-01 5.312000e-03 2.746560e-01
222 7.192480e-01 5.288000e-03 2.754640e-01
223 7.184040e-01 5.232000e-03 2.763640e-01
224 7.175760e-01 5.104000e-03 2.773200e-01
225 7.166720e-01 5.124000e-03 2.782040e-01
226 7.156120e-01 5.312000e-03 2.790760e-01
227 7.145760e-01 5.424000e-03 2.800000e-01
228 7.136280e-01 5.324000e-03 2.810480e-01
229 7.127320e-01 5.304000e-03 2.819640e-01
230 7.117360e-01 5.396000e-03 2.828680e-01
231 7.108560e-01 5.348000e-03 2.837960e-01
232 7.098840e-01 5.304000e-03 2.848120e-01
233 7.088760e-01 5.368000e-03 2.857560e-01
234 7.080520e-01 5.256000e-03 2.866920e-01
235 7.071120e-01 5.296000e-03 2.875920e-01
236 7.062200e-01 5.148000e-03 2.886320e-01
237 7.053520e-01 5.052000e-03 2.895960e-01
238 7.044840e-01 5.056000e-03 2.904600e-01
239 7.036720e-01 4.856000e-03 2.914720e-01
240 7.028360e-01 4.776000e-03 2.923880e-01
241 7.021000e-01 4.752000e-03 2.931480e-01
242 7.012560e-01 4.824000e-03 2.939200e-01
243 7.004240e-01 4.788000e-03 2.947880e-01
244 6.996520e-01 4.660000e-03 2.956880e-01
245 6.988520e-01 4.600000e-03 2.965480e-01
246 6.980520e-01 4.680000e-03 2.972680e-01
247 6.972680e-01 4.724000e-03 2.980080e-01
248 6.963960e-01 4.676000e-03 2.989280e-01
249 6.956320e-01 4.652000e-03 2.997160e-01
250 6.949080e-01 4.604000e-03 3.004880e-01
251 6.941560e-01 4.592000e-03 3.012520e-01
252 6.933800e-01 4.600000e-03 3.020200e-01
253 6.925920e-01 4.644000e-03 3.027640e-01
254 6.916680e-01 4.764000e-03 3.035680e-01
255 6.908640e-01 4.780000e-03 3.043560e-01
256 6.899080e-01 4.920000e-03 3.051720e-01
257 6.891240e-01 4.876000e-03 3.060000e-01
258 6.882280e-01 4.964000e-03 3.068080e-01
259 6.873560e-01 4.872000e-03 3.077720e-01
260 6.866680e-01 4.680000e-03 3.086520e-01
261 6.857520e-01 4.736000e-03 3.095120e-01
262 6.849280e-01 4.744000e-03 3.103280e-01
263 6.840760e-01 4.824000e-03 3.111000e-01
264 6.833400e-01 4.724000e-03 3.119360e-01
265 6.825440e-01 4.764000e-03 3.126920e-01
266 6.815880e-01 4.964000e-03 3.134480e-01
267 6.807000e-01 5.072000e-03 3.142280e-01
268 6.797960e-01 5.068000e-03 3.151360e-01
269 6.790040e-01 5.024000e-03 3.159720e-01
270 6.782640e-01 4.980000e-03 3.167560e-01
271 6.774160e-01 4.968000e-03 3.176160e-01
272 6.767040e-01 4.868000e-03 3.184280e-01
273 6.759960e-01 4.616000e-03 3.193880e-01
274 6.752040e-01 4.632000e-03 3.201640e-01
275 6.744920e-01 4.536000e-03 3.209720e-01
276 6.738120e-01 4.376000e-03 3.218120e-01
277 6.730960e-01 4.256000e-03 3.226480e-01
278 6.724360e-01 4.176000e-03 3.233880e-01
279 6.717720e-01 4.072000e-03 3.241560e-01
280 6.710480e-01 4.044000e-03 3.249080e-01
281 6.704280e-01 3.948000e-03 3.256240e-01
282 6.697760e-01 4.036000e-03 3.261880e-01
283 6.691000e-01 4.048000e-03 3.268520e-01
284 6.684960e-01 3.952000e-03 3.275520e-01
285 6.678800e-01 3.868000e-03 3.282520e-01
286 6.672320e-01 3.904000e-03 3.288640e-01
287 6.665520e-01 3.856000e-03 3.295920e-01
288 6.659880e-01 3.656000e-03 3.303560e-01
289 6.654320e-01 3.608000e-03 3.309600e-01
290 6.648520e-01 3.572000e-03 3.315760e-01
291 6.642520e-01 3.508000e-03 3.322400e-01
292 6.637160e-01 3.444000e-03 3.328400e-01
293 6.632080e-01 3.376000e-03 3.334160e-01
294 6.625800e-01 3.444000e-03 3.339760e-01
295 6.620760e-01 3.336000e-03 3.345880e-01
296 6.615760e-01 3.224000e-03 3.352000e-01
297 6.610280e-01 3.168000e-03 3.358040e-01
298 6.605000e-01 3.120000e-03 3.363800e-01
299 6.600640e-01 3.080000e-03 3.368560e-01
300 6.596360e-01 2.984000e-03 3.373800e-01
301 6.590840e-01 2.988000e-03 3.379280e-01
302 6.585160e-01 3.076000e-03 3.384080e-01
303 6.580600e-01 3.004000e-03 3.389360e-01
304 6.575480e-01 2.920000e-03 3.395320e-01
305 6.570680e-01 2.932000e-03 3.400000e-01
306 6.565720e-01 2.984000e-03 3.404440e-01
307 6.560440e-01 2.980000e-03 3.409760e-01
308 6.555440e-01 2.960000e-03 3.414960e-01
309 6.551240e-01 2.848000e-03 3.420280e-01
310 6.546440e-01 2.824000e-03 3.425320e-01
311 6.541640e-01 2.812000e-03 3.430240e-01
312 6.537160e-01 2.828000e-03 3.434560e-01
313 6.532400e-01 2.768000e-03 3.439920e-01
314 6.528040e-01 2.712000e-03 3.444840e-01
315 6.522800e-01 2.812000e-03 3.449080e-01
316 6.518320e-01 2.780000e-03 3.453880e-01
317 6.513320e-01 2.788000e-03 3.458800e-01
318 6.507440e-01 2.884000e-03 3.463720e-01
319 6.502920e-01 2.804000e-03 3.469040e-01
320 6.497560e-01 2.868000e-03 3.473760e-01
321 6.492480e-01 2.892000e-03 3.478600e-01
322 6.487720e-01 2.876000e-03 3.483520e-01
323 6.482920e-01 2.804000e-03 3.489040e-01
324 6.478040e-01 2.768000e-03 3.494280e-01
325 6.473960e-01 2.620000e-03 3.499840e-01
326 6.470040e-01 2.608000e-03 3.503880e-01
327 6.466560e-01 2.496000e-03 3.508480e-01
328 6.462200e-01 2.472000e-03 3.513080e-01
329 6.458080e-01 2.460000e-03 3.517320e-01
330 6.452920e-01 2.568000e-03 3.521400e-01
331 6.448320e-01 2.432000e-03 3.527360e-01
332 6.444360e-01 2.384000e-03 3.531800e-01
333 6.439960e-01 2.484000e-03 3.535200e-01
334 6.435360e-01 2.524000e-03 3.539400e-01
335 6.431240e-01 2.472000e-03 3.544040e-01
336 6.427760e-01 2.400000e-03 3.548240e-01
337 6.424080e-01 2.392000e-03 3.552000e-01
338 6.420400e-01 2.320000e-03 3.556400e-01
339 6.416480e-01 2.284000e-03 3.560680e-01
340 6.412840e-01 2.288000e-03 3.564280e-01
341 6.409240e-01 2.180000e-03 3.568960e-01
342 6.405920e-01 2.176000e-03 3.572320e-01
343 6.402280e-01 2.132000e-03 3.576400e-01
344 6.398760e-01 2.192000e-03 3.579320e-01
345 6.395360e-01 2.080000e-03 3.583840e-01
346 6.391760e-01 2.032000e-03 3.587920e-01
347 6.388120e-01 2.016000e-03 3.591720e-01
348 6.384800e-01 1.972000e-03 3.595480e-01
349 6.381400e-01 1.924000e-03 3.599360e-01
350 6.378120e-01 1.920000e-03 3.602680e-01
351 6.374440e-01 1.896000e-03 3.606600e-01
352 6.371520e-01 1.812000e-03 3.610360e-01
353 6.368440e-01 1.772000e-03 3.613840e-01
354 6.365560e-01 1.776000e-03 3.616680e-01
355 6.362600e-01 1.720000e-03 3.620200e-01
356 6.359520e-01 1.692000e-03 3.623560e-01
357 6.357120e-01 1.640000e-03 3.626480e-01
358 6.354000e-01 1.640000e-03 3.629600e-01
359 6.350280e-01 1.736000e-03 3.632360e-01
360 6.347240e-01 1.668000e-03 3.636080e-01
361 6.344840e-01 1.576000e-03 3.639400e-01
362 6.342520e-01 1.504000e-03 3.642440e-01
363 6.340040e-01 1.500000e-03 3.644960e-01
364 6.336840e-01 1.576000e-03 3.647400e-01
365 6.334120e-01 1.608000e-03 3.649800e-01
366 6.331160e-01 1.592000e-03 3.652920e-01
367 6.328400e-01 1.644000e-03 3.655160e-01
368 6.325760e-01 1.620000e-03 3.658040e-01
369 6.323400e-01 1.560000e-03 3.661000e-01
370 6.321400e-01 1.436000e-03 3.664240e-01
371 6.319480e-01 1.420000e-03 3.666320e-01
372 6.317280e-01 1.436000e-03 3.668360e-01
373 6.315120e-01 1.412000e-03 3.670760e-01
374 6.313200e-01 1.328000e-03 3.673520e-01
375 6.310840e-01 1.364000e-03 3.675520e-01
376 6.308760e-01 1.352000e-03 3.677720e-01
377 6.306440e-01 1.348000e-03 3.680080e-01
378 6.304040e-01 1.348000e-03 3.682480e-01
379 6.301880e-01 1.392000e-03 3.684200e-01
380 6.299560e-01 1.432000e-03 3.686120e-01
381 6.297960e-01 1.320000e-03 3.688840e-01
382 6.295240e-01 1.388000e-03 3.690880e-01
383 6.293040e-01 1.376000e-03 3.693200e-01
384 6.290440e-01 1.352000e-03 3.696040e-01
385 6.287600e-01 1.388000e-03 3.698520e-01
386 6.285000e-01 1.364000e-03 3.701360e-01
387 6.282280e-01 1.376000e-03 3.703960e-01
388 6.278880e-01 1.484000e-03 3.706280e-01
389 6.276360e-01 1.496000e-03 3.708680e-01
390 6.273800e-01 1.492000e-03 3.711280e-01
391 6.271760e-01 1.444000e-03 3.713800e-01
392 6.269560e-01 1.420000e-03 3.716240e-01
393 6.267080e-01 1.368000e-03 3.719240e-01
394 6.264480e-01 1.380000e-03 3.721720e-01
395 6.262200e-01 1.252000e-03 3.725280e-01
396 6.260520e-01 1.224000e-03 3.727240e-01
397 6.258960e-01 1.172000e-03 3.729320e-01
398 6.257080e-01 1.188000e-03 3.731040e-01
399 6.255280e-01 1.220000e-03 3.732520e-01
400 6.253960e-01 1.140000e-03 3.734640e-01
401 6.251760e-01 1.100000e-03 3.737240e-01
402 6.250240e-01 1.036000e-03 3.739400e-01
403 6.248560e-01 1.008000e-03 3.741360e-01
404 6.247200e-01 9.800000e-04 3.743000e-01
405 6.245840e-01 9.640000e-04 3.744520e-01
406 6.244880e-01 9.040000e-04 3.746080e-01
407 6.243640e-01 8.880000e-04 3.747480e-01
408 6.242560e-01 8.360000e-04 3.749080e-01
409 6.241360e-01 8.200000e-04 3.750440e-01
410 6.240120e-01 7.960000e-04 3.751920e-01
411 6.238640e-01 7.800000e-04 3.753560e-01
412 6.237200e-01 7.920000e-04 3.754880e-01
413 6.236080e-01 7.360000e-04 3.756560e-01
414 6.235080e-01 7.000000e-04 3.757920e-01
415 6.233880e-01 7.160000e-04 3.758960e-01
416 6.232880e-01 7.000000e-04 3.760120e-01
417 6.231880e-01 6.840000e-04 3.761280e-01
418 6.230800e-01 6.520000e-04 3.762680e-01
419 6.229640e-01 6.080000e-04 3.764280e-01
420 6.228920e-01 5.720000e-04 3.765360e-01
421 6.227520e-01 6.120000e-04 3.766360e-01
422 6.226640e-01 5.680000e-04 3.767680e-01
423 6.225760e-01 5.880000e-04 3.768360e-01
424 6.225160e-01 5.440000e-04 3.769400e-01
425 6.224200e-01 5.760000e-04 3.770040e-01
426 6.223000e-01 5.760000e-04 3.771240e-01
427 6.221920e-01 5.960000e-04 3.772120e-01
428 6.220440e-01 6.440000e-04 3.773120e-01
429 6.219440e-01 6.240000e-04 3.774320e-01
430 6.218200e-01 6.600000e-04 3.775200e-01
431 6.216600e-01 7.000000e-04 3.776400e-01
432 6.215200e-01 7.240000e-04 3.777560e-01
433 6.214080e-01 7.080000e-04 3.778840e-01
434 6.213040e-01 6.640000e-04 3.780320e-01
435 6.211720e-01 7.000000e-04 3.781280e-01
436 6.210880e-01 6.680000e-04 3.782440e-01
437 6.209920e-01 6.560000e-04 3.783520e-01
438 6.209200e-01 6.200000e-04 3.784600e-01
439 6.207680e-01 6.520000e-04 3.785800e-01
440 6.206000e-01 7.160000e-04 3.786840e-01
441 6.204920e-01 7.120000e-04 3.787960e-01
442 6.203120e-01 8.000000e-04 3.788880e-01
443 6.201480e-01 8.320000e-04 3.790200e-01
444 6.199960e-01 8.240000e-04 3.791800e-01
445 6.198600e-01 8.280000e-04 3.793120e-01
446 6.197080e-01 8.200000e-04 3.794720e-01
447 6.195640e-01 8.320000e-04 3.796040e-01
448 6.194080e-01 8.640000e-04 3.797280e-01
449 6.192400e-01 8.600000e-04 3.799000e-01
450 6.190400e-01 8.920000e-04 3.800680e-01
451 6.188800e-01 8.960000e-04 3.802240e-01
452 6.187440e-01 8.920000e-04 3.803640e-01
453 6.185720e-01 9.040000e-04 3.805240e-01
454 6.184840e-01 8.160000e-04 3.807000e-01
455 6.183200e-01 8.720000e-04 3.808080e-01
456 6.181800e-01 8.440000e-04 3.809760e-01
457 6.180640e-01 8.520000e-04 3.810840e-01
458 6.179200e-01 8.440000e-04 3.812360e-01
459 6.177840e-01 8.520000e-04 3.813640e-01
460 6.176960e-01 8.120000e-04 3.814920e-01
461 6.176200e-01 7.840000e-04 3.815960e-01
462 6.175360e-01 7.400000e-04 3.817240e-01
463 6.174280e-01 6.920000e-04 3.818800e-01
464 6.173720e-01 6.360000e-04 3.819920e-01
465 6.173040e-01 5.880000e-04 3.821080e-01
466 6.172640e-01 5.560000e-04 3.821800e-01
467 6.172280e-01 4.960000e-04 3.822760e-01
468 6.171880e-01 4.160000e-04 3.823960e-01
469 6.171440e-01 3.760000e-04 3.824800e-01
470 6.170880e-01 3.560000e-04 3.825560e-01
471 6.170240e-01 3.240000e-04 3.826520e-01
472 6.169920e-01 3.200000e-04 3.826880e-01
473 6.169480e-01 2.840000e-04 3.827680e-01
474 6.168800e-01 2.760000e-04 3.828440e-01
475 6.168040e-01 2.640000e-04 3.829320e-01
476 6.167400e-01 2.760000e-04 3.829840e-01
477 6.166720e-01 3.000000e-04 3.830280e-01
478 6.165840e-01 3.600000e-04 3.830560e-01
479 6.164720e-01 4.160000e-04 3.831120e-01
480 6.163440e-01 4.640000e-04 3.831920e-01
481 6.162480e-01 4.960000e-04 3.832560e-01
482 6.161400e-01 5.200000e-04 3.833400e-01
483 6.160400e-01 5.240000e-04 3.834360e-01
484 6.159360e-01 5.280000e-04 3.835360e-01
485 6.158200e-01 5.080000e-04 3.836720e-01
486 6.157120e-01 5.280000e-04 3.837600e-01
487 6.156360e-01 5.080000e-04 3.838560e-01
488 6.155800e-01 4.680000e-04 3.839520e-01
489 6.154800e-01 4.840000e-04 3.840360e-01
490 6.153560e-01 5.240000e-04 3.841200e-01
491 6.152520e-01 5.240000e-04 3.842240e-01
492 6.151720e-01 4.920000e-04 3.843360e-01
493 6.150720e-01 4.880000e-04 3.844400e-01
494 6.149720e-01 5.040000e-04 3.845240e-01
495 6.148880e-01 5.160000e-04 3.845960e-01
496 6.147760e-01 5.240000e-04 3.847000e-01
497 6.146640e-01 5.240000e-04 3.848120e-01
498 6.145960e-01 4.960000e-04 3.849080e-01
499 6.145080e-01 5.040000e-04 3.849880e-01
500 6.143960e-01 5.320000e-04 3.850720e-01
