1 9.991640e-01 7.400000e-04 9.600000e-05
2 9.986600e-01 1.104000e-03 2.360000e-04
3 9.980000e-01 1.592000e-03 4.080000e-04
4 9.972120e-01 2.124000e-03 6.640000e-04
5 9.963920e-01 2.540000e-03 1.068000e-03
6 9.955960e-01 2.864000e-03 1.540000e-03
7 9.945960e-01 3.344000e-03 2.060000e-03
8 9.935200e-01 3.824000e-03 2.656000e-03
9 9.925760e-01 4.108000e-03 3.316000e-03
10 9.915000e-01 4.380000e-03 4.120000e-03
11 9.903760e-01 4.672000e-03 4.952000e-03
12 9.892320e-01 4.964000e-03 5.804000e-03
13 9.881440e-01 5.160000e-03 6.696000e-03
14 9.870520e-01 5.424000e-03 7.524000e-03
15 9.859160e-01 5.644000e-03 8.440000e-03
16 9.847640e-01 5.756000e-03 9.480000e-03
17 9.835920e-01 5.944000e-03 1.046400e-02
18 9.823760e-01 6.088000e-03 1.153600e-02
19 9.812000e-01 6.204000e-03 1.259600e-02
20 9.799440e-01 6.488000e-03 1.356800e-02
21 9.785520e-01 6.608000e-03 1.484000e-02
22 9.773000e-01 6.812000e-03 1.588800e-02
23 9.759240e-01 6.948000e-03 1.712800e-02
24 9.745360e-01 7.092000e-03 1.837200e-02
25 9.731840e-01 7.132000e-03 1.968400e-02
26 9.719160e-01 7.156000e-03 2.092800e-02
27 9.704000e-01 7.340000e-03 2.226000e-02
28 9.688000e-01 7.616000e-03 2.358400e-02
29 9.673040e-01 7.804000e-03 2.489200e-02
30 9.657120e-01 7.996000e-03 2.629200e-02
31 9.641240e-01 8.128000e-03 2.774800e-02
32 9.624560e-01 8.432000e-03 2.911200e-02
33 9.608680e-01 8.476000e-03 3.065600e-02
34 9.592960e-01 8.516000e-03 3.218800e-02
35 9.575520e-01 8.792000e-03 3.365600e-02
36 9.558600e-01 9.028000e-03 3.511200e-02
37 9.540400e-01 9.240000e-03 3.672000e-02
38 9.521680e-01 9.580000e-03 3.825200e-02
39 9.504120e-01 9.592000e-03 3.999600e-02
40 9.486680e-01 9.576000e-03 4.175600e-02
41 9.468200e-01 9.728000e-03 4.345200e-02
42 9.448440e-01 1.000400e-02 4.515200e-02
43 9.429960e-01 9.944000e-03 4.706000e-02
44 9.411720e-01 9.896000e-03 4.893200e-02
45 9.394120e-01 9.896000e-03 5.069200e-02
46 9.374760e-01 1.009200e-02 5.243200e-02
47 9.355160e-01 1.031200e-02 5.417200e-02
48 9.337480e-01 1.022800e-02 5.602400e-02
49 9.317920e-01 1.024400e-02 5.796400e-02
50 9.301040e-01 1.013200e-02 5.976400e-02
51 9.284320e-01 1.005600e-02 6.151200e-02
52 9.267520e-01 9.912000e-03 6.333600e-02
53 9.251040e-01 9.940000e-03 6.495600e-02
54 9.232880e-01 1.008000e-02 6.663200e-02
55 9.215240e-01 1.008400e-02 6.839200e-02
56 9.198760e-01 9.952000e-03 7.017200e-02
57 9.180720e-01 1.005200e-02 7.187600e-02
58 9.161800e-01 1.018000e-02 7.364000e-02
59 9.147000e-01 9.776000e-03 7.552400e-02
60 9.129560e-01 9.904000e-03 7.714000e-02
61 9.110200e-01 9.928000e-03 7.905200e-02
62 9.093360e-01 9.884000e-03 8.078000e-02
63 9.076720e-01 9.868000e-03 8.246000e-02
64 9.059840e-01 9.584000e-03 8.443200e-02
65 9.043320e-01 9.672000e-03 8.599600e-02
66 9.028200e-01 9.472000e-03 8.770800e-02
67 9.012640e-01 9.396000e-03 8.934000e-02
68 8.996720e-01 9.268000e-03 9.106000e-02
69 8.979400e-01 9.344000e-03 9.271600e-02
70 8.963160e-01 9.300000e-03 9.438400e-02
71 8.946120e-01 9.388000e-03 9.600000e-02
72 8.927680e-01 9.716000e-03 9.751600e-02
73 8.910840e-01 9.708000e-03 9.920800e-02
74 8.892480e-01 9.840000e-03 1.009120e-01
75 8.875240e-01 9.832000e-03 1.026440e-01
76 8.857360e-01 9.892000e-03 1.043720e-01
77 8.839320e-01 9.904000e-03 1.061640e-01
78 8.821760e-01 9.800000e-03 1.080240e-01
79 8.804320e-01 9.732000e-03 1.098360e-01
80 8.787240e-01 9.708000e-03 1.115680e-01
81 8.771280e-01 9.584000e-03 1.132880e-01
82 8.753920e-01 9.620000e-03 1.149880e-01
83 8.734560e-01 9.796000e-03 1.167480e-01
84 8.718280e-01 9.700000e-03 1.184720e-01
85 8.700360e-01 9.792000e-03 1.201720e-01
86 8.679920e-01 1.019600e-02 1.218120e-01
87 8.660360e-01 1.030400e-02 1.236600e-01
88 8.642600e-01 1.018000e-02 1.255600e-01
89 8.624640e-01 1.015600e-02 1.273800e-01
90 8.605360e-01 1.034400e-02 1.291200e-01
91 8.586040e-01 1.050800e-02 1.308880e-01
92 8.565240e-01 1.078400e-02 1.326920e-01
93 8.544960e-01 1.091200e-02 1.345920e-01
94 8.524720e-01 1.113200e-02 1.363960e-01
95 8.505600e-01 1.102800e-02 1.384120e-01
96 8.486200e-01 1.101200e-02 1.403680e-01
97 8.466520e-01 1.085200e-02 1.424960e-01
98 8.447520e-01 1.079200e-02 1.444560e-01
99 8.428840e-01 1.068400e-02 1.464320e-01
100 8.410040e-01 1.074400e-02 1.482520e-01
101 8.390800e-01 1.089600e-02 1.500240e-01
102 8.372120e-01 1.083200e-02 1.519560e-01
103 8.353600e-01 1.078000e-02 1.538600e-01
104 8.334560e-01 1.085600e-02 1.556880e-01
105 8.315400e-01 1.094400e-02 1.575160e-01
106 8.295840e-01 1.100000e-02 1.594160e-01
107 8.277920e-01 1.094800e-02 1.612600e-01
108 8.260720e-01 1.075600e-02 1.631720e-01
109 8.242600e-01 1.063200e-02 1.651080e-01
110 8.223840e-01 1.065600e-02 1.669600e-01
111 8.205280e-01 1.070000e-02 1.687720e-01
112 8.187680e-01 1.061200e-02 1.706200e-01
113 8.169760e-01 1.048800e-02 1.725360e-01
114 8.152440e-01 1.049200e-02 1.742640e-01
115 8.134840e-01 1.045600e-02 1.760600e-01
116 8.117440e-01 1.047600e-02 1.777800e-01
117 8.101800e-01 1.024800e-02 1.795720e-01
118 8.083880e-01 1.024800e-02 1.813640e-01
119 8.069200e-01 9.876000e-03 1.832040e-01
120 8.054920e-01 9.500000e-03 1.850080e-01
121 8.039760e-01 9.420000e-03 1.866040e-01
122 8.023360e-01 9.364000e-03 1.883000e-01
123 8.007720e-01 9.280000e-03 1.899480e-01
124 7.993640e-01 9.012000e-03 1.916240e-01
125 7.979200e-01 8.916000e-03 1.931640e-01
126 7.964960e-01 8.724000e-03 1.947800e-01
127 7.950280e-01 8.724000e-03 1.962480e-01
128 7.934320e-01 8.836000e-03 1.977320e-01
129 7.920000e-01 8.728000e-03 1.992720e-01
130 7.906120e-01 8.500000e-03 2.008880e-01
131 7.892760e-01 8.464000e-03 2.022600e-01
132 7.878280e-01 8.444000e-03 2.037280e-01
133 7.864520e-01 8.208000e-03 2.053400e-01
134 7.851520e-01 8.136000e-03 2.067120e-01
135 7.838680e-01 7.896000e-03 2.082360e-01
136 7.825880e-01 7.892000e-03 2.095200e-01
137 7.813320e-01 7.768000e-03 2.109000e-01
138 7.799920e-01 7.712000e-03 2.122960e-01
139 7.786600e-01 7.840000e-03 2.135000e-01
140 7.773280e-01 7.700000e-03 2.149720e-01
141 7.761280e-01 7.552000e-03 2.163200e-01
142 7.747920e-01 7.544000e-03 2.176640e-01
143 7.735640e-01 7.512000e-03 2.189240e-01
144 7.723360e-01 7.512000e-03 2.201520e-01
145 7.710960e-01 7.452000e-03 2.214520e-01
146 7.698520e-01 7.468000e-03 2.226800e-01
147 7.686200e-01 7.436000e-03 2.239440e-01
148 7.675040e-01 7.104000e-03 2.253920e-01
149 7.664960e-01 6.880000e-03 2.266240e-01
150 7.654800e-01 6.656000e-03 2.278640e-01
151 7.644720e-01 6.528000e-03 2.290000e-01
152 7.634360e-01 6.396000e-03 2.301680e-01
153 7.623240e-01 6.428000e-03 2.312480e-01
154 7.611720e-01 6.408000e-03 2.324200e-01
155 7.600800e-01 6.348000e-03 2.335720e-01
156 7.590720e-01 6.192000e-03 2.347360e-01
157 7.580960e-01 6.044000e-03 2.358600e-01
158 7.569720e-01 6.012000e-03 2.370160e-01
159 7.560080e-01 5.960000e-03 2.380320e-01
160 7.550360e-01 5.860000e-03 2.391040e-01
161 7.539360e-01 5.868000e-03 2.401960e-01
162 7.528560e-01 5.816000e-03 2.413280e-01
163 7.516800e-01 5.964000e-03 2.423560e-01
164 7.505240e-01 6.120000e-03 2.433560e-01
165 7.494560e-01 6.132000e-03 2.444120e-01
166 7.482640e-01 6.176000e-03 2.455600e-01
167 7.471400e-01 6.208000e-03 2.466520e-01
168 7.460280e-01 6.224000e-03 2.477480e-01
169 7.449600e-01 6.328000e-03 2.487120e-01
170 7.438200e-01 6.280000e-03 2.499000e-01
171 7.426960e-01 6.404000e-03 2.509000e-01
172 7.417400e-01 6.228000e-03 2.520320e-01
173 7.407240e-01 6.368000e-03 2.529080e-01
174 7.396680e-01 6.312000e-03 2.540200e-01
175 7.386080e-01 6.308000e-03 2.550840e-01
176 7.375560e-01 6.304000e-03 2.561400e-01
177 7.364560e-01 6.280000e-03 2.572640e-01
178 7.354440e-01 6.196000e-03 2.583600e-01
179 7.344080e-01 6.156000e-03 2.594360e-01
180 7.333240e-01 6.040000e-03 2.606360e-01
181 7.323480e-01 5.956000e-03 2.616960e-01
182 7.314280e-01 5.856000e-03 2.627160e-01
183 7.304160e-01 5.836000e-03 2.637480e-01
184 7.294480e-01 5.892000e-03 2.646600e-01
185 7.285280e-01 5.868000e-03 2.656040e-01
186 7.275200e-01 5.948000e-03 2.665320e-01
187 7.264160e-01 5.952000e-03 2.676320e-01
188 7.254160e-01 5.716000e-03 2.688680e-01
189 7.245720e-01 5.616000e-03 2.698120e-01
190 7.235560e-01 5.644000e-03 2.708000e-01
191 7.226520e-01 5.496000e-03 2.718520e-01
192 7.217360e-01 5.372000e-03 2.728920e-01
193 7.208400e-01 5.364000e-03 2.737960e-01
194 7.200200e-01 5.244000e-03 2.747360e-01
195 7.192000e-01 5.112000e-03 2.756880e-01
196 7.184160e-01 5.000000e-03 2.765840e-01
197 7.175960e-01 4.880000e-03 2.775240e-01
198 7.168400e-01 4.792000e-03 2.783680e-01
199 7.161480e-01 4.744000e-03 2.791080e-01
200 7.153360e-01 4.708000e-03 2.799560e-01
201 7.146800e-01 4.612000e-03 2.807080e-01
202 7.140640e-01 4.408000e-03 2.815280e-01
203 7.133480e-01 4.312000e-03 2.823400e-01
204 7.125360e-01 4.360000e-03 2.831040e-01
205 7.117560e-01 4.372000e-03 2.838720e-01
206 7.110160e-01 4.388000e-03 2.845960e-01
207 7.102680e-01 4.400000e-03 2.853320e-01
208 7.095520e-01 4.304000e-03 2.861440e-01
209 7.087960e-01 4.268000e-03 2.869360e-01
210 7.081160e-01 4.176000e-03 2.877080e-01
211 7.075200e-01 4.100000e-03 2.883800e-01
212 7.067760e-01 4.048000e-03 2.891760e-01
213 7.061600e-01 3.912000e-03 2.899280e-01
214 7.055480e-01 3.840000e-03 2.906120e-01
215 7.050080e-01 3.784000e-03 2.912080e-01
216 7.043000e-01 3.856000e-03 2.918440e-01
217 7.036840e-01 3.836000e-03 2.924800e-01
218 7.030760e-01 3.812000e-03 2.931120e-01
219 7.024720e-01 3.652000e-03 2.938760e-01
220 7.019400e-01 3.548000e-03 2.945120e-01
221 7.012800e-01 3.592000e-03 2.951280e-01
222 7.005600e-01 3.708000e-03 2.957320e-01
223 6.999680e-01 3.620000e-03 2.964120e-01
224 6.993440e-01 3.696000e-03 2.969600e-01
225 6.986440e-01 3.840000e-03 2.975160e-01
226 6.978680e-01 3.940000e-03 2.981920e-01
227 6.972600e-01 3.784000e-03 2.989560e-01
228 6.967360e-01 3.624000e-03 2.996400e-01
229 6.961920e-01 3.588000e-03 3.002200e-01
230 6.956200e-01 3.512000e-03 3.008680e-01
231 6.950520e-01 3.472000e-03 3.014760e-01
232 6.943880e-01 3.564000e-03 3.020480e-01
233 6.938080e-01 3.432000e-03 3.027600e-01
234 6.932320e-01 3.420000e-03 3.033480e-01
235 6.926120e-01 3.376000e-03 3.040120e-01
236 6.920920e-01 3.332000e-03 3.045760e-01
237 6.914920e-01 3.400000e-03 3.051080e-01
238 6.909640e-01 3.396000e-03 3.056400e-01
239 6.902760e-01 3.516000e-03 3.062080e-01
240 6.896440e-01 3.524000e-03 3.068320e-01
241 6.890920e-01 3.436000e-03 3.074720e-01
242 6.886000e-01 3.380000e-03 3.080200e-01
243 6.881240e-01 3.276000e-03 3.086000e-01
244 6.876040e-01 3.192000e-03 3.092040e-01
245 6.871840e-01 2.996000e-03 3.098200e-01
246 6.867680e-01 2.884000e-03 3.103480e-01
247 6.862760e-01 2.904000e-03 3.108200e-01
248 6.858480e-01 2.812000e-03 3.113400e-01
249 6.853960e-01 2.844000e-03 3.117600e-01
250 6.849720e-01 2.720000e-03 3.123080e-01
251 6.845520e-01 2.624000e-03 3.128240e-01
252 6.841240e-01 2.540000e-03 3.133360e-01
253 6.836960e-01 2.512000e-03 3.137920e-01
254 6.833840e-01 2.420000e-03 3.141960e-01
255 6.829960e-01 2.412000e-03 3.145920e-01
256 6.825600e-01 2.392000e-03 3.150480e-01
257 6.821160e-01 2.400000e-03 3.154840e-01
258 6.817120e-01 2.380000e-03 3.159080e-01
259 6.812280e-01 2.456000e-03 3.163160e-01
260 6.808200e-01 2.468000e-03 3.167120e-01
261 6.803480e-01 2.488000e-03 3.171640e-01
262 6.799680e-01 2.444000e-03 3.175880e-01
263 6.795560e-01 2.432000e-03 3.180120e-01
264 6.791240e-01 2.516000e-03 3.183600e-01
265 6.787320e-01 2.532000e-03 3.187360e-01
266 6.782680e-01 2.500000e-03 3.192320e-01
267 6.777920e-01 2.576000e-03 3.196320e-01
268 6.772720e-01 2.640000e-03 3.200880e-01
269 6.767400e-01 2.688000e-03 3.205720e-01
270 6.762760e-01 2.700000e-03 3.210240e-01
271 6.757920e-01 2.672000e-03 3.215360e-01
272 6.752200e-01 2.836000e-03 3.219440e-01
273 6.746880e-01 2.848000e-03 3.224640e-01
274 6.742480e-01 2.792000e-03 3.229600e-01
275 6.738000e-01 2.788000e-03 3.234120e-01
276 6.733680e-01 2.760000e-03 3.238720e-01
277 6.728760e-01 2.832000e-03 3.242920e-01
278 6.724640e-01 2.720000e-03 3.248160e-01
279 6.719360e-01 2.764000e-03 3.253000e-01
280 6.715040e-01 2.716000e-03 3.257800e-01
281 6.711080e-01 2.584000e-03 3.263080e-01
282 6.707760e-01 2.428000e-03 3.267960e-01
283 6.704120e-01 2.312000e-03 3.272760e-01
284 6.699880e-01 2.328000e-03 3.276840e-01
285 6.696680e-01 2.304000e-03 3.280280e-01
286 6.692800e-01 2.316000e-03 3.284040e-01
287 6.688680e-01 2.336000e-03 3.287960e-01
288 6.684840e-01 2.292000e-03 3.292240e-01
289 6.681000e-01 2.224000e-03 3.296760e-01
290 6.676320e-01 2.272000e-03 3.300960e-01
291 6.672720e-01 2.240000e-03 3.304880e-01
292 6.668360e-01 2.236000e-03 3.309280e-01
293 6.663840e-01 2.252000e-03 3.313640e-01
294 6.659800e-01 2.268000e-03 3.317520e-01
295 6.655400e-01 2.316000e-03 3.321440e-01
296 6.650880e-01 2.320000e-03 3.325920e-01
297 6.647800e-01 2.196000e-03 3.330240e-01
298 6.644080e-01 2.216000e-03 3.333760e-01
299 6.640480e-01 2.188000e-03 3.337640e-01
300 6.636160e-01 2.260000e-03 3.341240e-01
301 6.632560e-01 2.244000e-03 3.345000e-01
302 6.629640e-01 2.136000e-03 3.349000e-01
303 6.626720e-01 2.112000e-03 3.352160e-01
304 6.623480e-01 2.080000e-03 3.355720e-01
305 6.620520e-01 2.024000e-03 3.359240e-01
306 6.617680e-01 1.972000e-03 3.362600e-01
307 6.613640e-01 1.984000e-03 3.366520e-01
308 6.611120e-01 1.900000e-03 3.369880e-01
309 6.608280e-01 1.792000e-03 3.373800e-01
310 6.604200e-01 1.892000e-03 3.376880e-01
311 6.601200e-01 1.772000e-03 3.381080e-01
312 6.598240e-01 1.764000e-03 3.384120e-01
313 6.595280e-01 1.792000e-03 3.386800e-01
314 6.591320e-01 1.868000e-03 3.390000e-01
315 6.587680e-01 1.892000e-03 3.393400e-01
316 6.584320e-01 1.936000e-03 3.396320e-01
317 6.581320e-01 1.920000e-03 3.399480e-01
318 6.578200e-01 1.936000e-03 3.402440e-01
319 6.575720e-01 1.876000e-03 3.405520e-01
320 6.573120e-01 1.800000e-03 3.408880e-01
321 6.569600e-01 1.804000e-03 3.412360e-01
322 6.566840e-01 1.696000e-03 3.416200e-01
323 6.563840e-01 1.692000e-03 3.419240e-01
324 6.560800e-01 1.696000e-03 3.422240e-01
325 6.557880e-01 1.700000e-03 3.425120e-01
326 6.555960e-01 1.584000e-03 3.428200e-01
327 6.553640e-01 1.548000e-03 3.430880e-01
328 6.551640e-01 1.444000e-03 3.433920e-01
329 6.549160e-01 1.408000e-03 3.436760e-01
330 6.546760e-01 1.372000e-03 3.439520e-01
331 6.544520e-01 1.364000e-03 3.441840e-01
332 6.542160e-01 1.364000e-03 3.444200e-01
333 6.539560e-01 1.412000e-03 3.446320e-01
334 6.536880e-01 1.448000e-03 3.448640e-01
335 6.534200e-01 1.508000e-03 3.450720e-01
336 6.531480e-01 1.500000e-03 3.453520e-01
337 6.529280e-01 1.548000e-03 3.455240e-01
338 6.526000e-01 1.600000e-03 3.458000e-01
339 6.523760e-01 1.528000e-03 3.460960e-01
340 6.520920e-01 1.484000e-03 3.464240e-01
341 6.518720e-01 1.424000e-03 3.467040e-01
342 6.516120e-01 1.480000e-03 3.469080e-01
343 6.513720e-01 1.480000e-03 3.471480e-01
344 6.511520e-01 1.460000e-03 3.473880e-01
345 6.509160e-01 1.428000e-03 3.476560e-01
346 6.506320e-01 1.424000e-03 3.479440e-01
347 6.504040e-01 1.368000e-03 3.482280e-01
348 6.501840e-01 1.352000e-03 3.484640e-01
349 6.500120e-01 1.308000e-03 3.486800e-01
350 6.498600e-01 1.240000e-03 3.489000e-01
351 6.496920e-01 1.196000e-03 3.491120e-01
352 6.495240e-01 1.128000e-03 3.493480e-01
353 6.493720e-01 1.092000e-03 3.495360e-01
354 6.491480e-01 1.100000e-03 3.497520e-01
355 6.490160e-01 1.080000e-03 3.499040e-01
356 6.488000e-01 1.108000e-03 3.500920e-01
357 6.485800e-01 1.124000e-03 3.502960e-01
358 6.483520e-01 1.180000e-03 3.504680e-01
359 6.481880e-01 1.116000e-03 3.506960e-01
360 6.479480e-01 1.160000e-03 3.508920e-01
361 6.477920e-01 1.132000e-03 3.510760e-01
362 6.476400e-01 1.064000e-03 3.512960e-01
363 6.474800e-01 1.020000e-03 3.515000e-01
364 6.472960e-01 1.048000e-03 3.516560e-01
365 6.471280e-01 1.052000e-03 3.518200e-01
366 6.469640e-01 1.000000e-03 3.520360e-01
367 6.467960e-01 1.016000e-03 3.521880e-01
368 6.466360e-01 9.600000e-04 3.524040e-01
369 6.464760e-01 9.160000e-04 3.526080e-01
370 6.463240e-01 8.840000e-04 3.527920e-01
371 6.461200e-01 9.520000e-04 3.529280e-01
372 6.459560e-01 8.720000e-04 3.531720e-01
373 6.458560e-01 8.280000e-04 3.533160e-01
374 6.457240e-01 8.160000e-04 3.534600e-01
375 6.456040e-01 7.920000e-04 3.536040e-01
376 6.455040e-01 7.640000e-04 3.537320e-01
377 6.453720e-01 7.360000e-04 3.538920e-01
378 6.452520e-01 7.240000e-04 3.540240e-01
379 6.451120e-01 7.320000e-04 3.541560e-01
380 6.450080e-01 6.720000e-04 3.543200e-01
381 6.449200e-01 6.560000e-04 3.544240e-01
382 6.448040e-01 6.560000e-04 3.545400e-01
383 6.446800e-01 6.640000e-04 3.546560e-01
384 6.445760e-01 6.840000e-04 3.547400e-01
385 6.444840e-01 6.560000e-04 3.548600e-01
386 6.443440e-01 6.560000e-04 3.550000e-01
387 6.442400e-01 6.280000e-04 3.551320e-01
388 6.441440e-01 6.080000e-04 3.552480e-01
389 6.440480e-01 6.120000e-04 3.553400e-01
390 6.439320e-01 6.080000e-04 3.554600e-01
391 6.438360e-01 5.840000e-04 3.555800e-01
392 6.437240e-01 6.120000e-04 3.556640e-01
393 6.436560e-01 5.480000e-04 3.557960e-01
394 6.435680e-01 5.480000e-04 3.558840e-01
395 6.434880e-01 5.280000e-04 3.559840e-01
396 6.434080e-01 5.600000e-04 3.560320e-01
397 6.432840e-01 6.040000e-04 3.561120e-01
398 6.431600e-01 6.360000e-04 3.562040e-01
399 6.430080e-01 7.040000e-04 3.562880e-01
400 6.428920e-01 6.880000e-04 3.564200e-01
401 6.427800e-01 7.040000e-04 3.565160e-01
402 6.426800e-01 7.040000e-04 3.566160e-01
403 6.425760e-01 6.880000e-04 3.567360e-01
404 6.424880e-01 6.640000e-04 3.568480e-01
405 6.424120e-01 6.360000e-04 3.569520e-01
406 6.422840e-01 6.560000e-04 3.570600e-01
407 6.422240e-01 6.080000e-04 3.571680e-01
408 6.420920e-01 6.240000e-04 3.572840e-01
409 6.420040e-01 6.240000e-04 3.573720e-01
410 6.419040e-01 6.320000e-04 3.574640e-01
411 6.417800e-01 6.560000e-04 3.575640e-01
412 6.417120e-01 6.120000e-04 3.576760e-01
413 6.416120e-01 6.400000e-04 3.577480e-01
414 6.414800e-01 6.320000e-04 3.578880e-01
415 6.413600e-01 6.280000e-04 3.580120e-01
416 6.412200e-01 6.600000e-04 3.581200e-01
417 6.411160e-01 5.920000e-04 3.582920e-01
418 6.410200e-01 5.880000e-04 3.583920e-01
419 6.409160e-01 5.800000e-04 3.585040e-01
420 6.407760e-01 6.240000e-04 3.586000e-01
421 6.406600e-01 6.440000e-04 3.586960e-01
422 6.405400e-01 6.280000e-04 3.588320e-01
423 6.403960e-01 6.640000e-04 3.589400e-01
424 6.403080e-01 6.360000e-04 3.590560e-01
425 6.401880e-01 6.480000e-04 3.591640e-01
426 6.400720e-01 6.440000e-04 3.592840e-01
427 6.399480e-01 6.840000e-04 3.593680e-01
428 6.398400e-01 6.960000e-04 3.594640e-01
429 6.397280e-01 6.640000e-04 3.596080e-01
430 6.396120e-01 6.560000e-04 3.597320e-01
431 6.395120e-01 6.480000e-04 3.598400e-01
432 6.394120e-01 6.600000e-04 3.599280e-01
433 6.393040e-01 6.320000e-04 3.600640e-01
434 6.391680e-01 6.680000e-04 3.601640e-01
435 6.391120e-01 6.280000e-04 3.602600e-01
436 6.390240e-01 6.080000e-04 3.603680e-01
437 6.389320e-01 6.240000e-04 3.604440e-01
438 6.388440e-01 5.680000e-04 3.605880e-01
439 6.387640e-01 5.280000e-04 3.607080e-01
440 6.386640e-01 5.320000e-04 3.608040e-01
441 6.386080e-01 4.560000e-04 3.609360e-01
442 6.384960e-01 4.680000e-04 3.610360e-01
443 6.383880e-01 4.960000e-04 3.611160e-01
444 6.382880e-01 5.280000e-04 3.611840e-01
445 6.382040e-01 5.480000e-04 3.612480e-01
446 6.380880e-01 5.400000e-04 3.613720e-01
447 6.379440e-01 5.720000e-04 3.614840e-01
448 6.378560e-01 5.800000e-04 3.615640e-01
449 6.377560e-01 5.720000e-04 3.616720e-01
450 6.376880e-01 5.560000e-04 3.617560e-01
451 6.376160e-01 5.360000e-04 3.618480e-01
452 6.375440e-01 5.200000e-04 3.619360e-01
453 6.374720e-01 5.200000e-04 3.620080e-01
454 6.373680e-01 4.960000e-04 3.621360e-01
455 6.372880e-01 4.840000e-04 3.622280e-01
456 6.372080e-01 4.840000e-04 3.623080e-01
457 6.371680e-01 4.560000e-04 3.623760e-01
458 6.371400e-01 4.120000e-04 3.624480e-01
459 6.371000e-01 3.720000e-04 3.625280e-01
460 6.370480e-01 3.680000e-04 3.625840e-01
461 6.369760e-01 3.880000e-04 3.626360e-01
462 6.368840e-01 3.880000e-04 3.627280e-01
463 6.368160e-01 4.000000e-04 3.627840e-01
464 6.367560e-01 4.040000e-04 3.628400e-01
465 6.366720e-01 4.120000e-04 3.629160e-01
466 6.366000e-01 4.000000e-04 3.630000e-01
467 6.365080e-01 4.160000e-04 3.630760e-01
468 6.364440e-01 4.080000e-04 3.631480e-01
469 6.363800e-01 4.000000e-04 3.632200e-01
470 6.363240e-01 4.200000e-04 3.632560e-01
471 6.362440e-01 4.200000e-04 3.633360e-01
472 6.361800e-01 4.120000e-04 3.634080e-01
473 6.361160e-01 4.000000e-04 3.634840e-01
474 6.360840e-01 3.280000e-04 3.635880e-01
475 6.360520e-01 3.000000e-04 3.636480e-01
476 6.360320e-01 2.600000e-04 3.637080e-01
477 6.359880e-01 2.680000e-04 3.637440e-01
478 6.359640e-01 2.520000e-04 3.637840e-01
479 6.359320e-01 2.440000e-04 3.638240e-01
480 6.358840e-01 2.480000e-04 3.638680e-01
481 6.358520e-01 2.560000e-04 3.638920e-01
482 6.358320e-01 2.440000e-04 3.639240e-01
483 6.358000e-01 2.360000e-04 3.639640e-01
484 6.357680e-01 2.240000e-04 3.640080e-01
485 6.357080e-01 2.560000e-04 3.640360e-01
486 6.356680e-01 2.440000e-04 3.640880e-01
487 6.356400e-01 2.480000e-04 3.641120e-01
488 6.356080e-01 2.440000e-04 3.641480e-01
489 6.355800e-01 2.280000e-04 3.641920e-01
490 6.355480e-01 2.160000e-04 3.642360e-01
491 6.354960e-01 2.200000e-04 3.642840e-01
492 6.354480e-01 2.280000e-04 3.643240e-01
493 6.354240e-01 1.960000e-04 3.643800e-01
494 6.353520e-01 2.520000e-04 3.643960e-01
495 6.352720e-01 2.880000e-04 3.644400e-01
496 6.352000e-01 3.000000e-04 3.645000e-01
497 6.351440e-01 2.920000e-04 3.645640e-01
498 6.351120e-01 2.640000e-04 3.646240e-01
499 6.350720e-01 2.680000e-04 3.646600e-01
500 6.350120e-01 2.920000e-04 3.646960e-01
