1 9.991600e-01 7.520000e-04 8.800000e-05
2 9.986080e-01 1.180000e-03 2.120000e-04
3 9.979840e-01 1.536000e-03 4.800000e-04
4 9.972640e-01 1.956000e-03 7.800000e-04
5 9.963960e-01 2.328000e-03 1.276000e-03
6 9.954600e-01 2.780000e-03 1.760000e-03
7 9.945440e-01 3.216000e-03 2.240000e-03
8 9.935760e-01 3.596000e-03 2.828000e-03
9 9.926200e-01 3.924000e-03 3.456000e-03
10 9.915760e-01 4.272000e-03 4.152000e-03
11 9.903080e-01 4.684000e-03 5.008000e-03
12 9.892280e-01 4.820000e-03 5.952000e-03
13 9.880200e-01 5.192000e-03 6.788000e-03
14 9.869280e-01 5.348000e-03 7.724000e-03
15 9.857200e-01 5.624000e-03 8.656000e-03
16 9.844680e-01 5.876000e-03 9.656000e-03
17 9.832800e-01 6.056000e-03 1.066400e-02
18 9.821640e-01 6.076000e-03 1.176000e-02
19 9.808680e-01 6.308000e-03 1.282400e-02
20 9.794560e-01 6.520000e-03 1.402400e-02
21 9.781200e-01 6.732000e-03 1.514800e-02
22 9.769320e-01 6.692000e-03 1.637600e-02
23 9.756880e-01 6.624000e-03 1.768800e-02
24 9.743000e-01 6.840000e-03 1.886000e-02
25 9.729320e-01 7.044000e-03 2.002400e-02
26 9.715880e-01 7.168000e-03 2.124400e-02
27 9.701480e-01 7.396000e-03 2.245600e-02
28 9.686440e-01 7.756000e-03 2.360000e-02
29 9.670640e-01 7.896000e-03 2.504000e-02
30 9.654840e-01 8.140000e-03 2.637600e-02
31 9.639560e-01 8.236000e-03 2.780800e-02
32 9.622880e-01 8.416000e-03 2.929600e-02
33 9.605440e-01 8.768000e-03 3.068800e-02
34 9.587960e-01 8.956000e-03 3.224800e-02
35 9.570480e-01 9.140000e-03 3.381200e-02
36 9.552000e-01 9.492000e-03 3.530800e-02
37 9.534720e-01 9.548000e-03 3.698000e-02
38 9.518840e-01 9.292000e-03 3.882400e-02
39 9.499680e-01 9.660000e-03 4.037200e-02
40 9.482120e-01 9.728000e-03 4.206000e-02
41 9.463400e-01 9.964000e-03 4.369600e-02
42 9.446080e-01 9.928000e-03 4.546400e-02
43 9.429800e-01 9.800000e-03 4.722000e-02
44 9.413920e-01 9.676000e-03 4.893200e-02
45 9.396640e-01 9.704000e-03 5.063200e-02
46 9.380440e-01 9.632000e-03 5.232400e-02
47 9.363760e-01 9.712000e-03 5.391200e-02
48 9.347720e-01 9.696000e-03 5.553200e-02
49 9.329680e-01 9.924000e-03 5.710800e-02
50 9.313040e-01 9.752000e-03 5.894400e-02
51 9.295520e-01 9.784000e-03 6.066400e-02
52 9.279160e-01 9.524000e-03 6.256000e-02
53 9.261080e-01 9.564000e-03 6.432800e-02
54 9.244120e-01 9.592000e-03 6.599600e-02
55 9.227600e-01 9.636000e-03 6.760400e-02
56 9.209200e-01 9.628000e-03 6.945200e-02
57 9.190080e-01 9.808000e-03 7.118400e-02
58 9.172360e-01 9.800000e-03 7.296400e-02
59 9.155480e-01 9.744000e-03 7.470800e-02
60 9.136000e-01 1.003600e-02 7.636400e-02
61 9.116240e-01 1.021200e-02 7.816400e-02
62 9.096400e-01 1.044000e-02 7.992000e-02
63 9.076600e-01 1.054000e-02 8.180000e-02
64 9.057360e-01 1.072400e-02 8.354000e-02
65 9.039360e-01 1.061200e-02 8.545200e-02
66 9.020600e-01 1.070000e-02 8.724000e-02
67 9.003120e-01 1.056400e-02 8.912400e-02
68 8.984480e-01 1.067600e-02 9.087600e-02
69 8.966160e-01 1.051600e-02 9.286800e-02
70 8.949680e-01 1.035200e-02 9.468000e-02
71 8.931920e-01 1.026400e-02 9.654400e-02
72 8.914320e-01 1.034000e-02 9.822800e-02
73 8.896960e-01 1.038400e-02 9.992000e-02
74 8.880000e-01 1.012800e-02 1.018720e-01
75 8.863600e-01 1.002400e-02 1.036160e-01
76 8.847360e-01 9.868000e-03 1.053960e-01
77 8.831160e-01 9.652000e-03 1.072320e-01
78 8.814520e-01 9.560000e-03 1.089880e-01
79 8.798760e-01 9.424000e-03 1.107000e-01
80 8.781000e-01 9.508000e-03 1.123920e-01
81 8.764400e-01 9.476000e-03 1.140840e-01
82 8.747800e-01 9.588000e-03 1.156320e-01
83 8.730560e-01 9.652000e-03 1.172920e-01
84 8.712880e-01 9.760000e-03 1.189520e-01
85 8.695360e-01 9.752000e-03 1.207120e-01
86 8.678600e-01 9.872000e-03 1.222680e-01
87 8.661640e-01 9.900000e-03 1.239360e-01
88 8.644480e-01 9.884000e-03 1.256680e-01
89 8.627520e-01 1.000800e-02 1.272400e-01
90 8.612640e-01 9.800000e-03 1.289360e-01
91 8.595480e-01 9.924000e-03 1.305280e-01
92 8.580560e-01 9.740000e-03 1.322040e-01
93 8.564040e-01 9.800000e-03 1.337960e-01
94 8.547600e-01 9.792000e-03 1.354480e-01
95 8.531600e-01 9.640000e-03 1.372000e-01
96 8.515520e-01 9.520000e-03 1.389280e-01
97 8.499520e-01 9.456000e-03 1.405920e-01
98 8.483920e-01 9.148000e-03 1.424600e-01
99 8.469720e-01 8.916000e-03 1.441120e-01
100 8.453960e-01 8.900000e-03 1.457040e-01
101 8.439800e-01 8.840000e-03 1.471800e-01
102 8.424240e-01 8.876000e-03 1.487000e-01
103 8.408640e-01 8.844000e-03 1.502920e-01
104 8.393200e-01 8.836000e-03 1.518440e-01
105 8.375880e-01 9.020000e-03 1.533920e-01
106 8.359240e-01 9.068000e-03 1.550080e-01
107 8.343640e-01 9.200000e-03 1.564360e-01
108 8.328800e-01 8.980000e-03 1.581400e-01
109 8.315480e-01 8.732000e-03 1.597200e-01
110 8.300120e-01 8.816000e-03 1.611720e-01
111 8.284360e-01 8.784000e-03 1.627800e-01
112 8.268440e-01 8.868000e-03 1.642880e-01
113 8.253000e-01 8.872000e-03 1.658280e-01
114 8.238080e-01 8.824000e-03 1.673680e-01
115 8.223440e-01 8.816000e-03 1.688400e-01
116 8.208560e-01 8.620000e-03 1.705240e-01
117 8.193600e-01 8.632000e-03 1.720080e-01
118 8.177200e-01 8.728000e-03 1.735520e-01
119 8.162280e-01 8.772000e-03 1.750000e-01
120 8.148120e-01 8.676000e-03 1.765120e-01
121 8.133040e-01 8.656000e-03 1.780400e-01
122 8.118200e-01 8.568000e-03 1.796120e-01
123 8.103440e-01 8.592000e-03 1.810640e-01
124 8.089080e-01 8.604000e-03 1.824880e-01
125 8.075080e-01 8.520000e-03 1.839720e-01
126 8.060800e-01 8.360000e-03 1.855600e-01
127 8.046840e-01 8.332000e-03 1.869840e-01
128 8.033320e-01 8.156000e-03 1.885120e-01
129 8.017880e-01 8.220000e-03 1.899920e-01
130 8.003800e-01 8.256000e-03 1.913640e-01
131 7.989480e-01 8.216000e-03 1.928360e-01
132 7.974240e-01 8.196000e-03 1.943800e-01
133 7.958840e-01 8.432000e-03 1.956840e-01
134 7.944400e-01 8.364000e-03 1.971960e-01
135 7.930920e-01 8.340000e-03 1.985680e-01
136 7.918160e-01 8.032000e-03 2.001520e-01
137 7.903480e-01 8.104000e-03 2.015480e-01
138 7.888800e-01 8.268000e-03 2.028520e-01
139 7.874200e-01 8.292000e-03 2.042880e-01
140 7.861440e-01 8.032000e-03 2.058240e-01
141 7.849240e-01 7.812000e-03 2.072640e-01
142 7.835960e-01 7.748000e-03 2.086560e-01
143 7.823000e-01 7.616000e-03 2.100840e-01
144 7.810800e-01 7.520000e-03 2.114000e-01
145 7.795800e-01 7.664000e-03 2.127560e-01
146 7.782360e-01 7.812000e-03 2.139520e-01
147 7.768560e-01 7.816000e-03 2.153280e-01
148 7.756480e-01 7.704000e-03 2.166480e-01
149 7.744920e-01 7.532000e-03 2.179760e-01
150 7.732000e-01 7.492000e-03 2.193080e-01
151 7.721400e-01 7.192000e-03 2.206680e-01
152 7.709960e-01 7.168000e-03 2.218360e-01
153 7.698520e-01 7.064000e-03 2.230840e-01
154 7.688080e-01 6.892000e-03 2.243000e-01
155 7.674360e-01 7.012000e-03 2.255520e-01
156 7.661480e-01 7.152000e-03 2.267000e-01
157 7.649640e-01 7.056000e-03 2.279800e-01
158 7.638960e-01 6.892000e-03 2.292120e-01
159 7.628440e-01 6.668000e-03 2.304880e-01
160 7.617760e-01 6.512000e-03 2.317120e-01
161 7.605960e-01 6.704000e-03 2.327000e-01
162 7.594000e-01 6.724000e-03 2.338760e-01
163 7.582120e-01 6.752000e-03 2.350360e-01
164 7.571240e-01 6.704000e-03 2.361720e-01
165 7.560920e-01 6.644000e-03 2.372640e-01
166 7.548080e-01 6.792000e-03 2.384000e-01
167 7.537000e-01 6.736000e-03 2.395640e-01
168 7.525040e-01 6.648000e-03 2.408480e-01
169 7.514320e-01 6.528000e-03 2.420400e-01
170 7.502880e-01 6.668000e-03 2.430440e-01
171 7.492480e-01 6.556000e-03 2.441960e-01
172 7.481480e-01 6.492000e-03 2.453600e-01
173 7.471080e-01 6.488000e-03 2.464040e-01
174 7.460040e-01 6.468000e-03 2.475280e-01
175 7.451200e-01 6.184000e-03 2.486960e-01
176 7.440040e-01 6.168000e-03 2.498280e-01
177 7.430880e-01 6.076000e-03 2.508360e-01
178 7.421840e-01 5.948000e-03 2.518680e-01
179 7.411960e-01 5.816000e-03 2.529880e-01
180 7.403200e-01 5.720000e-03 2.539600e-01
181 7.393320e-01 5.740000e-03 2.549280e-01
182 7.383240e-01 5.764000e-03 2.559120e-01
183 7.374000e-01 5.640000e-03 2.569600e-01
184 7.364840e-01 5.544000e-03 2.579720e-01
185 7.354960e-01 5.580000e-03 2.589240e-01
186 7.345760e-01 5.596000e-03 2.598280e-01
187 7.335480e-01 5.668000e-03 2.607840e-01
188 7.325600e-01 5.628000e-03 2.618120e-01
189 7.315360e-01 5.636000e-03 2.628280e-01
190 7.308080e-01 5.344000e-03 2.638480e-01
191 7.298800e-01 5.408000e-03 2.647120e-01
192 7.290680e-01 5.292000e-03 2.656400e-01
193 7.282680e-01 5.148000e-03 2.665840e-01
194 7.273920e-01 5.060000e-03 2.675480e-01
195 7.265640e-01 5.032000e-03 2.684040e-01
196 7.258160e-01 4.832000e-03 2.693520e-01
197 7.249640e-01 4.876000e-03 2.701600e-01
198 7.242120e-01 4.788000e-03 2.710000e-01
199 7.234800e-01 4.628000e-03 2.718920e-01
200 7.227680e-01 4.464000e-03 2.727680e-01
201 7.219920e-01 4.424000e-03 2.735840e-01
202 7.212280e-01 4.396000e-03 2.743760e-01
203 7.204040e-01 4.528000e-03 2.750680e-01
204 7.195080e-01 4.616000e-03 2.758760e-01
205 7.186840e-01 4.696000e-03 2.766200e-01
206 7.177440e-01 4.900000e-03 2.773560e-01
207 7.168960e-01 4.844000e-03 2.782600e-01
208 7.161520e-01 4.788000e-03 2.790600e-01
209 7.153720e-01 4.724000e-03 2.799040e-01
210 7.145960e-01 4.660000e-03 2.807440e-01
211 7.138760e-01 4.624000e-03 2.815000e-01
212 7.129840e-01 4.736000e-03 2.822800e-01
213 7.122440e-01 4.680000e-03 2.830760e-01
214 7.114520e-01 4.724000e-03 2.838240e-01
215 7.107240e-01 4.596000e-03 2.846800e-01
216 7.099560e-01 4.740000e-03 2.853040e-01
217 7.091960e-01 4.648000e-03 2.861560e-01
218 7.085160e-01 4.536000e-03 2.869480e-01
219 7.078960e-01 4.276000e-03 2.878280e-01
220 7.072080e-01 4.252000e-03 2.885400e-01
221 7.065560e-01 4.116000e-03 2.893280e-01
222 7.059080e-01 4.040000e-03 2.900520e-01
223 7.052000e-01 4.040000e-03 2.907600e-01
224 7.045880e-01 4.000000e-03 2.914120e-01
225 7.038800e-01 4.016000e-03 2.921040e-01
226 7.031600e-01 4.080000e-03 2.927600e-01
227 7.025320e-01 4.004000e-03 2.934640e-01
228 7.019320e-01 3.944000e-03 2.941240e-01
229 7.012760e-01 3.884000e-03 2.948400e-01
230 7.005880e-01 3.912000e-03 2.955000e-01
231 7.000480e-01 3.868000e-03 2.960840e-01
232 6.993560e-01 3.908000e-03 2.967360e-01
233 6.988040e-01 3.856000e-03 2.973400e-01
234 6.981680e-01 3.800000e-03 2.980320e-01
235 6.975040e-01 3.768000e-03 2.987280e-01
236 6.967600e-01 3.756000e-03 2.994840e-01
237 6.961880e-01 3.784000e-03 3.000280e-01
238 6.956440e-01 3.676000e-03 3.006800e-01
239 6.951200e-01 3.640000e-03 3.012400e-01
240 6.945840e-01 3.524000e-03 3.018920e-01
241 6.941240e-01 3.364000e-03 3.025120e-01
242 6.935960e-01 3.364000e-03 3.030400e-01
243 6.930600e-01 3.372000e-03 3.035680e-01
244 6.924960e-01 3.304000e-03 3.042000e-01
245 6.918800e-01 3.352000e-03 3.047680e-01
246 6.913080e-01 3.308000e-03 3.053840e-01
247 6.907240e-01 3.260000e-03 3.060160e-01
248 6.901200e-01 3.272000e-03 3.066080e-01
249 6.895160e-01 3.356000e-03 3.071280e-01
250 6.889320e-01 3.356000e-03 3.077120e-01
251 6.883680e-01 3.384000e-03 3.082480e-01
252 6.878640e-01 3.348000e-03 3.087880e-01
253 6.873000e-01 3.444000e-03 3.092560e-01
254 6.867080e-01 3.464000e-03 3.098280e-01
255 6.861720e-01 3.452000e-03 3.103760e-01
256 6.856280e-01 3.336000e-03 3.110360e-01
257 6.850400e-01 3.428000e-03 3.115320e-01
258 6.844240e-01 3.464000e-03 3.121120e-01
259 6.838400e-01 3.408000e-03 3.127520e-01
260 6.832800e-01 3.424000e-03 3.132960e-01
261 6.826520e-01 3.428000e-03 3.139200e-01
262 6.820240e-01 3.360000e-03 3.146160e-01
263 6.814120e-01 3.320000e-03 3.152680e-01
264 6.809000e-01 3.376000e-03 3.157240e-01
265 6.803520e-01 3.324000e-03 3.163240e-01
266 6.798240e-01 3.224000e-03 3.169520e-01
267 6.793640e-01 3.048000e-03 3.175880e-01
268 6.788600e-01 3.004000e-03 3.181360e-01
269 6.783800e-01 2.896000e-03 3.187240e-01
270 6.778280e-01 3.004000e-03 3.191680e-01
271 6.772680e-01 3.052000e-03 3.196800e-01
272 6.767520e-01 3.036000e-03 3.202120e-01
273 6.762360e-01 2.996000e-03 3.207680e-01
274 6.757200e-01 3.000000e-03 3.212800e-01
275 6.752760e-01 2.972000e-03 3.217520e-01
276 6.748120e-01 2.916000e-03 3.222720e-01
277 6.743720e-01 2.800000e-03 3.228280e-01
278 6.739680e-01 2.696000e-03 3.233360e-01
279 6.735160e-01 2.752000e-03 3.237320e-01
280 6.730680e-01 2.712000e-03 3.242200e-01
281 6.725600e-01 2.736000e-03 3.247040e-01
282 6.720760e-01 2.704000e-03 3.252200e-01
283 6.715600e-01 2.748000e-03 3.256920e-01
284 6.710600e-01 2.776000e-03 3.261640e-01
285 6.706080e-01 2.744000e-03 3.266480e-01
286 6.701200e-01 2.800000e-03 3.270800e-01
287 6.696640e-01 2.736000e-03 3.276000e-01
288 6.692200e-01 2.700000e-03 3.280800e-01
289 6.686880e-01 2.792000e-03 3.285200e-01
290 6.682720e-01 2.684000e-03 3.290440e-01
291 6.677800e-01 2.660000e-03 3.295600e-01
292 6.672640e-01 2.652000e-03 3.300840e-01
293 6.666680e-01 2.736000e-03 3.305960e-01
294 6.662080e-01 2.680000e-03 3.311120e-01
295 6.656400e-01 2.776000e-03 3.315840e-01
296 6.651120e-01 2.776000e-03 3.321120e-01
297 6.646320e-01 2.792000e-03 3.325760e-01
298 6.641160e-01 2.796000e-03 3.330880e-01
299 6.636960e-01 2.764000e-03 3.335400e-01
300 6.631960e-01 2.784000e-03 3.340200e-01
301 6.626400e-01 2.880000e-03 3.344800e-01
302 6.619680e-01 3.048000e-03 3.349840e-01
303 6.613640e-01 3.176000e-03 3.354600e-01
304 6.608000e-01 3.172000e-03 3.360280e-01
305 6.602480e-01 3.140000e-03 3.366120e-01
306 6.597760e-01 2.996000e-03 3.372280e-01
307 6.591920e-01 3.060000e-03 3.377480e-01
308 6.585440e-01 3.304000e-03 3.381520e-01
309 6.579480e-01 3.344000e-03 3.387080e-01
310 6.573960e-01 3.264000e-03 3.393400e-01
311 6.568080e-01 3.292000e-03 3.399000e-01
312 6.562560e-01 3.236000e-03 3.405080e-01
313 6.556720e-01 3.316000e-03 3.410120e-01
314 6.551600e-01 3.232000e-03 3.416080e-01
315 6.546880e-01 3.092000e-03 3.422200e-01
316 6.541640e-01 3.084000e-03 3.427520e-01
317 6.536520e-01 3.016000e-03 3.433320e-01
318 6.531440e-01 2.964000e-03 3.438920e-01
319 6.524720e-01 3.204000e-03 3.443240e-01
320 6.520200e-01 3.016000e-03 3.449640e-01
321 6.515960e-01 2.940000e-03 3.454640e-01
322 6.510680e-01 2.928000e-03 3.460040e-01
323 6.505800e-01 2.924000e-03 3.464960e-01
324 6.500800e-01 2.936000e-03 3.469840e-01
325 6.496200e-01 2.936000e-03 3.474440e-01
326 6.491480e-01 2.892000e-03 3.479600e-01
327 6.486800e-01 2.816000e-03 3.485040e-01
328 6.481960e-01 2.824000e-03 3.489800e-01
329 6.476840e-01 2.824000e-03 3.494920e-01
330 6.471240e-01 2.956000e-03 3.499200e-01
331 6.466040e-01 2.980000e-03 3.504160e-01
332 6.460320e-01 2.948000e-03 3.510200e-01
333 6.455720e-01 2.844000e-03 3.515840e-01
334 6.451040e-01 2.812000e-03 3.520840e-01
335 6.446400e-01 2.724000e-03 3.526360e-01
336 6.441840e-01 2.708000e-03 3.531080e-01
337 6.437120e-01 2.716000e-03 3.535720e-01
338 6.432360e-01 2.664000e-03 3.541000e-01
339 6.427160e-01 2.744000e-03 3.545400e-01
340 6.421760e-01 2.876000e-03 3.549480e-01
341 6.415880e-01 2.976000e-03 3.554360e-01
342 6.410520e-01 2.936000e-03 3.560120e-01
343 6.405000e-01 3.004000e-03 3.564960e-01
344 6.400320e-01 3.036000e-03 3.569320e-01
345 6.396080e-01 2.888000e-03 3.575040e-01
346 6.390440e-01 2.856000e-03 3.581000e-01
347 6.385480e-01 2.824000e-03 3.586280e-01
348 6.380880e-01 2.844000e-03 3.590680e-01
349 6.375000e-01 2.900000e-03 3.596000e-01
350 6.369560e-01 2.984000e-03 3.600600e-01
351 6.363520e-01 3.012000e-03 3.606360e-01
352 6.357640e-01 3.096000e-03 3.611400e-01
353 6.351560e-01 3.108000e-03 3.617360e-01
354 6.346240e-01 3.088000e-03 3.622880e-01
355 6.341040e-01 2.988000e-03 3.629080e-01
356 6.335440e-01 3.048000e-03 3.634080e-01
357 6.330160e-01 3.064000e-03 3.639200e-01
358 6.324880e-01 3.092000e-03 3.644200e-01
359 6.319560e-01 3.080000e-03 3.649640e-01
360 6.314400e-01 3.068000e-03 3.654920e-01
361 6.309800e-01 2.952000e-03 3.660680e-01
362 6.304440e-01 3.048000e-03 3.665080e-01
363 6.300080e-01 2.984000e-03 3.670080e-01
364 6.294760e-01 3.012000e-03 3.675120e-01
365 6.289360e-01 3.064000e-03 3.680000e-01
366 6.283640e-01 3.188000e-03 3.684480e-01
367 6.278920e-01 3.016000e-03 3.690920e-01
368 6.273720e-01 2.908000e-03 3.697200e-01
369 6.268800e-01 2.904000e-03 3.702160e-01
370 6.263360e-01 3.020000e-03 3.706440e-01
371 6.259200e-01 2.936000e-03 3.711440e-01
372 6.255200e-01 2.856000e-03 3.716240e-01
373 6.250840e-01 2.756000e-03 3.721600e-01
374 6.246880e-01 2.620000e-03 3.726920e-01
375 6.241920e-01 2.592000e-03 3.732160e-01
376 6.236960e-01 2.596000e-03 3.737080e-01
377 6.232400e-01 2.644000e-03 3.741160e-01
378 6.226960e-01 2.780000e-03 3.745240e-01
379 6.223000e-01 2.652000e-03 3.750480e-01
380 6.217920e-01 2.708000e-03 3.755000e-01
381 6.214840e-01 2.512000e-03 3.760040e-01
382 6.211120e-01 2.440000e-03 3.764480e-01
383 6.206760e-01 2.456000e-03 3.768680e-01
384 6.202520e-01 2.392000e-03 3.773560e-01
385 6.198760e-01 2.376000e-03 3.777480e-01
386 6.194840e-01 2.272000e-03 3.782440e-01
387 6.190160e-01 2.388000e-03 3.785960e-01
388 6.184960e-01 2.456000e-03 3.790480e-01
389 6.180600e-01 2.484000e-03 3.794560e-01
390 6.176080e-01 2.528000e-03 3.798640e-01
391 6.171480e-01 2.612000e-03 3.802400e-01
392 6.167640e-01 2.544000e-03 3.806920e-01
393 6.163200e-01 2.524000e-03 3.811560e-01
394 6.157520e-01 2.636000e-03 3.816120e-01
395 6.153120e-01 2.636000e-03 3.820520e-01
396 6.149080e-01 2.556000e-03 3.825360e-01
397 6.145000e-01 2.536000e-03 3.829640e-01
398 6.141680e-01 2.512000e-03 3.833200e-01
399 6.138200e-01 2.408000e-03 3.837720e-01
400 6.134960e-01 2.284000e-03 3.842200e-01
401 6.131760e-01 2.184000e-03 3.846400e-01
402 6.128840e-01 2.084000e-03 3.850320e-01
403 6.126000e-01 1.996000e-03 3.854040e-01
404 6.123200e-01 1.900000e-03 3.857800e-01
405 6.120040e-01 1.908000e-03 3.860880e-01
406 6.116600e-01 1.936000e-03 3.864040e-01
407 6.114600e-01 1.900000e-03 3.866400e-01
408 6.111960e-01 1.744000e-03 3.870600e-01
409 6.108760e-01 1.756000e-03 3.873680e-01
410 6.105880e-01 1.788000e-03 3.876240e-01
411 6.103280e-01 1.744000e-03 3.879280e-01
412 6.101040e-01 1.664000e-03 3.882320e-01
413 6.098680e-01 1.564000e-03 3.885680e-01
414 6.096480e-01 1.552000e-03 3.888000e-01
415 6.094000e-01 1.532000e-03 3.890680e-01
416 6.091440e-01 1.548000e-03 3.893080e-01
417 6.089200e-01 1.484000e-03 3.895960e-01
418 6.086800e-01 1.456000e-03 3.898640e-01
419 6.084160e-01 1.432000e-03 3.901520e-01
420 6.080840e-01 1.496000e-03 3.904200e-01
421 6.077880e-01 1.476000e-03 3.907360e-01
422 6.074600e-01 1.524000e-03 3.910160e-01
423 6.071920e-01 1.572000e-03 3.912360e-01
424 6.068960e-01 1.564000e-03 3.915400e-01
425 6.066360e-01 1.572000e-03 3.917920e-01
426 6.063920e-01 1.560000e-03 3.920480e-01
427 6.061480e-01 1.524000e-03 3.923280e-01
428 6.059400e-01 1.416000e-03 3.926440e-01
429 6.057680e-01 1.292000e-03 3.929400e-01
430 6.055800e-01 1.284000e-03 3.931360e-01
431 6.053880e-01 1.232000e-03 3.933800e-01
432 6.052200e-01 1.156000e-03 3.936240e-01
433 6.050360e-01 1.172000e-03 3.937920e-01
434 6.048680e-01 1.144000e-03 3.939880e-01
435 6.047000e-01 1.128000e-03 3.941720e-01
436 6.045400e-01 1.040000e-03 3.944200e-01
437 6.043960e-01 9.760000e-04 3.946280e-01
438 6.042320e-01 9.560000e-04 3.948120e-01
439 6.040280e-01 9.720000e-04 3.950000e-01
440 6.038200e-01 1.012000e-03 3.951680e-01
441 6.036160e-01 1.068000e-03 3.953160e-01
442 6.034160e-01 1.080000e-03 3.955040e-01
443 6.032240e-01 1.060000e-03 3.957160e-01
444 6.030560e-01 1.056000e-03 3.958880e-01
445 6.028760e-01 1.036000e-03 3.960880e-01
446 6.027720e-01 9.320000e-04 3.962960e-01
447 6.026480e-01 9.120000e-04 3.964400e-01
448 6.025120e-01 9.080000e-04 3.965800e-01
449 6.023400e-01 9.440000e-04 3.967160e-01
450 6.021640e-01 9.800000e-04 3.968560e-01
451 6.019400e-01 1.008000e-03 3.970520e-01
452 6.017440e-01 1.008000e-03 3.972480e-01
453 6.015320e-01 1.052000e-03 3.974160e-01
454 6.013080e-01 1.096000e-03 3.975960e-01
455 6.010280e-01 1.192000e-03 3.977800e-01
456 6.008280e-01 1.204000e-03 3.979680e-01
457 6.006120e-01 1.236000e-03 3.981520e-01
458 6.003320e-01 1.252000e-03 3.984160e-01
459 6.000680e-01 1.280000e-03 3.986520e-01
460 5.998240e-01 1.296000e-03 3.988800e-01
461 5.995760e-01 1.344000e-03 3.990800e-01
462 5.993160e-01 1.348000e-03 3.993360e-01
463 5.991160e-01 1.316000e-03 3.995680e-01
464 5.989440e-01 1.260000e-03 3.997960e-01
465 5.987680e-01 1.232000e-03 4.000000e-01
466 5.985400e-01 1.240000e-03 4.002200e-01
467 5.983400e-01 1.280000e-03 4.003800e-01
468 5.981080e-01 1.276000e-03 4.006160e-01
469 5.978400e-01 1.368000e-03 4.007920e-01
470 5.976520e-01 1.296000e-03 4.010520e-01
471 5.974760e-01 1.228000e-03 4.012960e-01
472 5.972920e-01 1.252000e-03 4.014560e-01
473 5.970560e-01 1.224000e-03 4.017200e-01
474 5.968880e-01 1.172000e-03 4.019400e-01
475 5.967200e-01 1.124000e-03 4.021560e-01
476 5.965400e-01 1.108000e-03 4.023520e-01
477 5.963200e-01 1.156000e-03 4.025240e-01
478 5.961400e-01 1.124000e-03 4.027360e-01
479 5.959840e-01 1.096000e-03 4.029200e-01
480 5.958240e-01 1.104000e-03 4.030720e-01
481 5.956960e-01 1.056000e-03 4.032480e-01
482 5.955240e-01 1.056000e-03 4.034200e-01
483 5.954000e-01 9.840000e-04 4.036160e-01
484 5.952720e-01 9.200000e-04 4.038080e-01
485 5.951000e-01 9.000000e-04 4.040000e-01
486 5.949920e-01 8.520000e-04 4.041560e-01
487 5.948240e-01 8.960000e-04 4.042800e-01
488 5.947040e-01 8.480000e-04 4.044480e-01
489 5.945320e-01 8.280000e-04 4.046400e-01
490 5.944240e-01 7.960000e-04 4.047800e-01
491 5.942400e-01 8.400000e-04 4.049200e-01
492 5.940800e-01 8.120000e-04 4.051080e-01
493 5.939520e-01 7.880000e-04 4.052600e-01
494 5.938440e-01 7.480000e-04 4.054080e-01
495 5.937360e-01 7.080000e-04 4.055560e-01
496 5.936520e-01 6.960000e-04 4.056520e-01
497 5.935520e-01 6.760000e-04 4.057720e-01
498 5.934640e-01 6.680000e-04 4.058680e-01
499 5.933640e-01 6.800000e-04 4.059560e-01
500 5.932640e-01 6.600000e-04 4.060760e-01
