1 9.992080e-01 6.840000e-04 1.080000e-04
2 9.987160e-01 1.020000e-03 2.640000e-04
3 9.981320e-01 1.416000e-03 4.520000e-04
4 9.974280e-01 1.872000e-03 7.000000e-04
5 9.966200e-01 2.308000e-03 1.072000e-03
6 9.957600e-01 2.728000e-03 1.512000e-03
7 9.948360e-01 3.064000e-03 2.100000e-03
8 9.939040e-01 3.492000e-03 2.604000e-03
9 9.930280e-01 3.744000e-03 3.228000e-03
10 9.922400e-01 3.816000e-03 3.944000e-03
11 9.912240e-01 4.140000e-03 4.636000e-03
12 9.902720e-01 4.372000e-03 5.356000e-03
13 9.892040e-01 4.648000e-03 6.148000e-03
14 9.880480e-01 4.936000e-03 7.016000e-03
15 9.869160e-01 5.068000e-03 8.016000e-03
16 9.857520e-01 5.352000e-03 8.896000e-03
17 9.845440e-01 5.544000e-03 9.912000e-03
18 9.832760e-01 5.872000e-03 1.085200e-02
19 9.819920e-01 6.160000e-03 1.184800e-02
20 9.806800e-01 6.304000e-03 1.301600e-02
21 9.792760e-01 6.580000e-03 1.414400e-02
22 9.779720e-01 6.736000e-03 1.529200e-02
23 9.766080e-01 6.824000e-03 1.656800e-02
24 9.752080e-01 7.136000e-03 1.765600e-02
25 9.737360e-01 7.524000e-03 1.874000e-02
26 9.724280e-01 7.500000e-03 2.007200e-02
27 9.709920e-01 7.556000e-03 2.145200e-02
28 9.696760e-01 7.540000e-03 2.278400e-02
29 9.681240e-01 7.792000e-03 2.408400e-02
30 9.668120e-01 7.760000e-03 2.542800e-02
31 9.654080e-01 7.840000e-03 2.675200e-02
32 9.639400e-01 8.032000e-03 2.802800e-02
33 9.624720e-01 7.976000e-03 2.955200e-02
34 9.611240e-01 7.920000e-03 3.095600e-02
35 9.597200e-01 7.920000e-03 3.236000e-02
36 9.582840e-01 8.052000e-03 3.366400e-02
37 9.567720e-01 8.252000e-03 3.497600e-02
38 9.552160e-01 8.420000e-03 3.636400e-02
39 9.535760e-01 8.584000e-03 3.784000e-02
40 9.520320e-01 8.676000e-03 3.929200e-02
41 9.505400e-01 8.600000e-03 4.086000e-02
42 9.490000e-01 8.664000e-03 4.233600e-02
43 9.474760e-01 8.728000e-03 4.379600e-02
44 9.460880e-01 8.740000e-03 4.517200e-02
45 9.446360e-01 8.624000e-03 4.674000e-02
46 9.431520e-01 8.476000e-03 4.837200e-02
47 9.416400e-01 8.504000e-03 4.985600e-02
48 9.402240e-01 8.428000e-03 5.134800e-02
49 9.387440e-01 8.480000e-03 5.277600e-02
50 9.372000e-01 8.528000e-03 5.427200e-02
51 9.356920e-01 8.596000e-03 5.571200e-02
52 9.341680e-01 8.660000e-03 5.717200e-02
53 9.326280e-01 8.700000e-03 5.867200e-02
54 9.310760e-01 8.924000e-03 6.000000e-02
55 9.294520e-01 8.948000e-03 6.160000e-02
56 9.277800e-01 8.964000e-03 6.325600e-02
57 9.263760e-01 8.856000e-03 6.476800e-02
58 9.246560e-01 9.144000e-03 6.620000e-02
59 9.231120e-01 8.900000e-03 6.798800e-02
60 9.214000e-01 8.956000e-03 6.964400e-02
61 9.198640e-01 9.084000e-03 7.105200e-02
62 9.181520e-01 9.244000e-03 7.260400e-02
63 9.165320e-01 9.160000e-03 7.430800e-02
64 9.150520e-01 9.040000e-03 7.590800e-02
65 9.135000e-01 9.060000e-03 7.744000e-02
66 9.118800e-01 9.180000e-03 7.894000e-02
67 9.101120e-01 9.288000e-03 8.060000e-02
68 9.084120e-01 9.212000e-03 8.237600e-02
69 9.066440e-01 9.356000e-03 8.400000e-02
70 9.048440e-01 9.516000e-03 8.564000e-02
71 9.031760e-01 9.484000e-03 8.734000e-02
72 9.014000e-01 9.632000e-03 8.896800e-02
73 8.996320e-01 9.688000e-03 9.068000e-02
74 8.979120e-01 9.656000e-03 9.243200e-02
75 8.962520e-01 9.736000e-03 9.401200e-02
76 8.945440e-01 9.668000e-03 9.578800e-02
77 8.928240e-01 9.728000e-03 9.744800e-02
78 8.913880e-01 9.572000e-03 9.904000e-02
79 8.895320e-01 9.764000e-03 1.007040e-01
80 8.877600e-01 9.820000e-03 1.024200e-01
81 8.860440e-01 9.828000e-03 1.041280e-01
82 8.842520e-01 9.900000e-03 1.058480e-01
83 8.824040e-01 1.008000e-02 1.075160e-01
84 8.805760e-01 1.009200e-02 1.093320e-01
85 8.789440e-01 1.003600e-02 1.110200e-01
86 8.771880e-01 1.005600e-02 1.127560e-01
87 8.755440e-01 9.920000e-03 1.145360e-01
88 8.739800e-01 9.780000e-03 1.162400e-01
89 8.724360e-01 9.672000e-03 1.178920e-01
90 8.708360e-01 9.624000e-03 1.195400e-01
91 8.692800e-01 9.468000e-03 1.212520e-01
92 8.677680e-01 9.264000e-03 1.229680e-01
93 8.662560e-01 9.220000e-03 1.245240e-01
94 8.646400e-01 9.316000e-03 1.260440e-01
95 8.630760e-01 9.228000e-03 1.276960e-01
96 8.615040e-01 9.236000e-03 1.292600e-01
97 8.599000e-01 9.288000e-03 1.308120e-01
98 8.581480e-01 9.436000e-03 1.324160e-01
99 8.563920e-01 9.568000e-03 1.340400e-01
100 8.547120e-01 9.696000e-03 1.355920e-01
101 8.530360e-01 9.672000e-03 1.372920e-01
102 8.512000e-01 1.000000e-02 1.388000e-01
103 8.494480e-01 1.002800e-02 1.405240e-01
104 8.476120e-01 1.004000e-02 1.423480e-01
105 8.458160e-01 1.000800e-02 1.441760e-01
106 8.441040e-01 9.888000e-03 1.460080e-01
107 8.423680e-01 9.896000e-03 1.477360e-01
108 8.405840e-01 1.006000e-02 1.493560e-01
109 8.386640e-01 1.029600e-02 1.510400e-01
110 8.367400e-01 1.053600e-02 1.527240e-01
111 8.348400e-01 1.055600e-02 1.546040e-01
112 8.330000e-01 1.047200e-02 1.565280e-01
113 8.311880e-01 1.054800e-02 1.582640e-01
114 8.292600e-01 1.079200e-02 1.599480e-01
115 8.274160e-01 1.088800e-02 1.616960e-01
116 8.257200e-01 1.081200e-02 1.634680e-01
117 8.239440e-01 1.062400e-02 1.654320e-01
118 8.223160e-01 1.040000e-02 1.672840e-01
119 8.206800e-01 1.041600e-02 1.689040e-01
120 8.188680e-01 1.042000e-02 1.707120e-01
121 8.171160e-01 1.017600e-02 1.727080e-01
122 8.153720e-01 1.014400e-02 1.744840e-01
123 8.136520e-01 1.006000e-02 1.762880e-01
124 8.120040e-01 9.948000e-03 1.780480e-01
125 8.103520e-01 9.860000e-03 1.797880e-01
126 8.086760e-01 9.776000e-03 1.815480e-01
127 8.069160e-01 9.724000e-03 1.833600e-01
128 8.053920e-01 9.684000e-03 1.849240e-01
129 8.037360e-01 9.692000e-03 1.865720e-01
130 8.022640e-01 9.540000e-03 1.881960e-01
131 8.007400e-01 9.360000e-03 1.899000e-01
132 7.992880e-01 9.336000e-03 1.913760e-01
133 7.976840e-01 9.240000e-03 1.930760e-01
134 7.962280e-01 9.052000e-03 1.947200e-01
135 7.947000e-01 9.052000e-03 1.962480e-01
136 7.931200e-01 8.992000e-03 1.978880e-01
137 7.916360e-01 8.780000e-03 1.995840e-01
138 7.900160e-01 8.928000e-03 2.010560e-01
139 7.886160e-01 8.752000e-03 2.026320e-01
140 7.871520e-01 8.592000e-03 2.042560e-01
141 7.857800e-01 8.504000e-03 2.057160e-01
142 7.842880e-01 8.608000e-03 2.071040e-01
143 7.827280e-01 8.752000e-03 2.085200e-01
144 7.812000e-01 8.768000e-03 2.100320e-01
145 7.798600e-01 8.496000e-03 2.116440e-01
146 7.784000e-01 8.436000e-03 2.131640e-01
147 7.770080e-01 8.328000e-03 2.146640e-01
148 7.756320e-01 8.344000e-03 2.160240e-01
149 7.742320e-01 8.392000e-03 2.173760e-01
150 7.728560e-01 8.220000e-03 2.189240e-01
151 7.714880e-01 8.084000e-03 2.204280e-01
152 7.702360e-01 7.900000e-03 2.218640e-01
153 7.690640e-01 7.592000e-03 2.233440e-01
154 7.677760e-01 7.564000e-03 2.246600e-01
155 7.664480e-01 7.560000e-03 2.259920e-01
156 7.652560e-01 7.276000e-03 2.274680e-01
157 7.640200e-01 7.404000e-03 2.285760e-01
158 7.627600e-01 7.368000e-03 2.298720e-01
159 7.613800e-01 7.384000e-03 2.312360e-01
160 7.602600e-01 7.092000e-03 2.326480e-01
161 7.592760e-01 6.812000e-03 2.339120e-01
162 7.580920e-01 6.744000e-03 2.351640e-01
163 7.568760e-01 6.700000e-03 2.364240e-01
164 7.556880e-01 6.824000e-03 2.374880e-01
165 7.547080e-01 6.672000e-03 2.386200e-01
166 7.537680e-01 6.432000e-03 2.398000e-01
167 7.527880e-01 6.248000e-03 2.409640e-01
168 7.518280e-01 6.144000e-03 2.420280e-01
169 7.508640e-01 6.056000e-03 2.430800e-01
170 7.498120e-01 5.996000e-03 2.441920e-01
171 7.489360e-01 5.900000e-03 2.451640e-01
172 7.481600e-01 5.628000e-03 2.462120e-01
173 7.471760e-01 5.696000e-03 2.471280e-01
174 7.461720e-01 5.604000e-03 2.482240e-01
175 7.452040e-01 5.592000e-03 2.492040e-01
176 7.441560e-01 5.664000e-03 2.501800e-01
177 7.431000e-01 5.792000e-03 2.511080e-01
178 7.420840e-01 5.832000e-03 2.520840e-01
179 7.410640e-01 5.756000e-03 2.531800e-01
180 7.399520e-01 5.956000e-03 2.540920e-01
181 7.389080e-01 5.864000e-03 2.552280e-01
182 7.379680e-01 5.772000e-03 2.562600e-01
183 7.369360e-01 5.952000e-03 2.571120e-01
184 7.359320e-01 5.916000e-03 2.581520e-01
185 7.349920e-01 5.804000e-03 2.592040e-01
186 7.337920e-01 6.036000e-03 2.601720e-01
187 7.329480e-01 5.796000e-03 2.612560e-01
188 7.320880e-01 5.700000e-03 2.622120e-01
189 7.311920e-01 5.656000e-03 2.631520e-01
190 7.301760e-01 5.632000e-03 2.641920e-01
191 7.292760e-01 5.492000e-03 2.652320e-01
192 7.284600e-01 5.324000e-03 2.662160e-01
193 7.274960e-01 5.372000e-03 2.671320e-01
194 7.265520e-01 5.320000e-03 2.681280e-01
195 7.256040e-01 5.348000e-03 2.690480e-01
196 7.245840e-01 5.500000e-03 2.699160e-01
197 7.237160e-01 5.420000e-03 2.708640e-01
198 7.227800e-01 5.404000e-03 2.718160e-01
199 7.219040e-01 5.308000e-03 2.727880e-01
200 7.209960e-01 5.276000e-03 2.737280e-01
201 7.201160e-01 5.244000e-03 2.746400e-01
202 7.192120e-01 5.260000e-03 2.755280e-01
203 7.183160e-01 5.336000e-03 2.763480e-01
204 7.174280e-01 5.268000e-03 2.773040e-01
205 7.165240e-01 5.204000e-03 2.782720e-01
206 7.155960e-01 5.152000e-03 2.792520e-01
207 7.146000e-01 5.164000e-03 2.802360e-01
208 7.137400e-01 5.024000e-03 2.812360e-01
209 7.127560e-01 5.124000e-03 2.821200e-01
210 7.119040e-01 4.992000e-03 2.831040e-01
211 7.110920e-01 4.964000e-03 2.839440e-01
212 7.103360e-01 4.904000e-03 2.847600e-01
213 7.095720e-01 4.872000e-03 2.855560e-01
214 7.086760e-01 4.868000e-03 2.864560e-01
215 7.077520e-01 4.928000e-03 2.873200e-01
216 7.068960e-01 4.928000e-03 2.881760e-01
217 7.060880e-01 4.900000e-03 2.890120e-01
218 7.051440e-01 4.876000e-03 2.899800e-01
219 7.042200e-01 4.952000e-03 2.908280e-01
220 7.033560e-01 4.972000e-03 2.916720e-01
221 7.024160e-01 5.084000e-03 2.925000e-01
222 7.016440e-01 4.936000e-03 2.934200e-01
223 7.008000e-01 4.892000e-03 2.943080e-01
224 7.001240e-01 4.732000e-03 2.951440e-01
225 6.993800e-01 4.596000e-03 2.960240e-01
226 6.986640e-01 4.548000e-03 2.967880e-01
227 6.978760e-01 4.564000e-03 2.975600e-01
228 6.971600e-01 4.488000e-03 2.983520e-01
229 6.963360e-01 4.536000e-03 2.991280e-01
230 6.955760e-01 4.428000e-03 2.999960e-01
231 6.947600e-01 4.388000e-03 3.008520e-01
232 6.940640e-01 4.300000e-03 3.016360e-01
233 6.934240e-01 4.224000e-03 3.023520e-01
234 6.926920e-01 4.164000e-03 3.031440e-01
235 6.920080e-01 4.108000e-03 3.038840e-01
236 6.913880e-01 4.020000e-03 3.045920e-01
237 6.907200e-01 3.984000e-03 3.052960e-01
238 6.901400e-01 3.876000e-03 3.059840e-01
239 6.896240e-01 3.704000e-03 3.066720e-01
240 6.890000e-01 3.616000e-03 3.073840e-01
241 6.884360e-01 3.460000e-03 3.081040e-01
242 6.879520e-01 3.256000e-03 3.087920e-01
243 6.874960e-01 3.144000e-03 3.093600e-01
244 6.869480e-01 3.196000e-03 3.098560e-01
245 6.863920e-01 3.236000e-03 3.103720e-01
246 6.859200e-01 3.188000e-03 3.108920e-01
247 6.854960e-01 3.072000e-03 3.114320e-01
248 6.850080e-01 2.996000e-03 3.119960e-01
249 6.845160e-01 2.956000e-03 3.125280e-01
250 6.840800e-01 2.904000e-03 3.130160e-01
251 6.836120e-01 2.868000e-03 3.135200e-01
252 6.831240e-01 2.892000e-03 3.139840e-01
253 6.826160e-01 2.924000e-03 3.144600e-01
254 6.821720e-01 2.900000e-03 3.149280e-01
255 6.817960e-01 2.756000e-03 3.154480e-01
256 6.812680e-01 2.744000e-03 3.159880e-01
257 6.808440e-01 2.668000e-03 3.164880e-01
258 6.804920e-01 2.588000e-03 3.169200e-01
259 6.800800e-01 2.500000e-03 3.174200e-01
260 6.797880e-01 2.364000e-03 3.178480e-01
261 6.794040e-01 2.340000e-03 3.182560e-01
262 6.791400e-01 2.188000e-03 3.186720e-01
263 6.788400e-01 2.140000e-03 3.190200e-01
264 6.785920e-01 2.012000e-03 3.193960e-01
265 6.783160e-01 1.956000e-03 3.197280e-01
266 6.780080e-01 1.908000e-03 3.200840e-01
267 6.777640e-01 1.764000e-03 3.204720e-01
268 6.774840e-01 1.756000e-03 3.207600e-01
269 6.771280e-01 1.844000e-03 3.210280e-01
270 6.767520e-01 1.872000e-03 3.213760e-01
271 6.763480e-01 1.928000e-03 3.217240e-01
272 6.760200e-01 1.872000e-03 3.221080e-01
273 6.756760e-01 1.864000e-03 3.224600e-01
274 6.753040e-01 1.884000e-03 3.228120e-01
275 6.749040e-01 1.944000e-03 3.231520e-01
276 6.746200e-01 1.860000e-03 3.235200e-01
277 6.743120e-01 1.816000e-03 3.238720e-01
278 6.740400e-01 1.688000e-03 3.242720e-01
279 6.738080e-01 1.636000e-03 3.245560e-01
280 6.735320e-01 1.564000e-03 3.249040e-01
281 6.732680e-01 1.552000e-03 3.251800e-01
282 6.729440e-01 1.640000e-03 3.254160e-01
283 6.726120e-01 1.720000e-03 3.256680e-01
284 6.723120e-01 1.708000e-03 3.259800e-01
285 6.719880e-01 1.752000e-03 3.262600e-01
286 6.717240e-01 1.672000e-03 3.266040e-01
287 6.714160e-01 1.712000e-03 3.268720e-01
288 6.711000e-01 1.736000e-03 3.271640e-01
289 6.707920e-01 1.744000e-03 3.274640e-01
290 6.704520e-01 1.776000e-03 3.277720e-01
291 6.701080e-01 1.768000e-03 3.281240e-01
292 6.698280e-01 1.740000e-03 3.284320e-01
293 6.696120e-01 1.648000e-03 3.287400e-01
294 6.693920e-01 1.608000e-03 3.290000e-01
295 6.691720e-01 1.580000e-03 3.292480e-01
296 6.688720e-01 1.600000e-03 3.295280e-01
297 6.686200e-01 1.592000e-03 3.297880e-01
298 6.683000e-01 1.640000e-03 3.300600e-01
299 6.680280e-01 1.620000e-03 3.303520e-01
300 6.677680e-01 1.616000e-03 3.306160e-01
301 6.675560e-01 1.588000e-03 3.308560e-01
302 6.672560e-01 1.608000e-03 3.311360e-01
303 6.669120e-01 1.624000e-03 3.314640e-01
304 6.665480e-01 1.712000e-03 3.317400e-01
305 6.661840e-01 1.716000e-03 3.321000e-01
306 6.658640e-01 1.724000e-03 3.324120e-01
307 6.655040e-01 1.752000e-03 3.327440e-01
308 6.652400e-01 1.664000e-03 3.330960e-01
309 6.650040e-01 1.604000e-03 3.333920e-01
310 6.647240e-01 1.616000e-03 3.336600e-01
311 6.644600e-01 1.604000e-03 3.339360e-01
312 6.642160e-01 1.576000e-03 3.342080e-01
313 6.639920e-01 1.520000e-03 3.344880e-01
314 6.637720e-01 1.488000e-03 3.347400e-01
315 6.635600e-01 1.452000e-03 3.349880e-01
316 6.632880e-01 1.468000e-03 3.352440e-01
317 6.630280e-01 1.472000e-03 3.355000e-01
318 6.627000e-01 1.556000e-03 3.357440e-01
319 6.624680e-01 1.504000e-03 3.360280e-01
320 6.622080e-01 1.500000e-03 3.362920e-01
321 6.619760e-01 1.524000e-03 3.365000e-01
322 6.617320e-01 1.504000e-03 3.367640e-01
323 6.615320e-01 1.444000e-03 3.370240e-01
324 6.612320e-01 1.472000e-03 3.372960e-01
325 6.610680e-01 1.412000e-03 3.375200e-01
326 6.607720e-01 1.452000e-03 3.377760e-01
327 6.604600e-01 1.520000e-03 3.380200e-01
328 6.601000e-01 1.668000e-03 3.382320e-01
329 6.598000e-01 1.684000e-03 3.385160e-01
330 6.594960e-01 1.672000e-03 3.388320e-01
331 6.592720e-01 1.608000e-03 3.391200e-01
332 6.590080e-01 1.632000e-03 3.393600e-01
333 6.587280e-01 1.592000e-03 3.396800e-01
334 6.585200e-01 1.500000e-03 3.399800e-01
335 6.583080e-01 1.484000e-03 3.402080e-01
336 6.581240e-01 1.416000e-03 3.404600e-01
337 6.579240e-01 1.340000e-03 3.407360e-01
338 6.577760e-01 1.284000e-03 3.409400e-01
339 6.576560e-01 1.180000e-03 3.411640e-01
340 6.575200e-01 1.128000e-03 3.413520e-01
341 6.573920e-01 1.048000e-03 3.415600e-01
342 6.572600e-01 9.840000e-04 3.417560e-01
343 6.571320e-01 9.320000e-04 3.419360e-01
344 6.570040e-01 9.280000e-04 3.420680e-01
345 6.568880e-01 8.840000e-04 3.422280e-01
346 6.567640e-01 8.400000e-04 3.423960e-01
347 6.566320e-01 8.200000e-04 3.425480e-01
348 6.565280e-01 7.720000e-04 3.427000e-01
349 6.563760e-01 7.760000e-04 3.428480e-01
350 6.562040e-01 8.360000e-04 3.429600e-01
351 6.560360e-01 8.320000e-04 3.431320e-01
352 6.558640e-01 8.720000e-04 3.432640e-01
353 6.556880e-01 9.200000e-04 3.433920e-01
354 6.555160e-01 9.000000e-04 3.435840e-01
355 6.553680e-01 9.080000e-04 3.437240e-01
356 6.552080e-01 8.960000e-04 3.438960e-01
357 6.551000e-01 8.280000e-04 3.440720e-01
358 6.550440e-01 7.680000e-04 3.441880e-01
359 6.548560e-01 8.160000e-04 3.443280e-01
360 6.547680e-01 7.440000e-04 3.444880e-01
361 6.546240e-01 7.560000e-04 3.446200e-01
362 6.544920e-01 7.560000e-04 3.447520e-01
363 6.543120e-01 8.360000e-04 3.448520e-01
364 6.541320e-01 8.680000e-04 3.450000e-01
365 6.539960e-01 8.440000e-04 3.451600e-01
366 6.538560e-01 8.560000e-04 3.452880e-01
367 6.536560e-01 9.320000e-04 3.454120e-01
368 6.534360e-01 1.024000e-03 3.455400e-01
369 6.532520e-01 9.880000e-04 3.457600e-01
370 6.531360e-01 9.200000e-04 3.459440e-01
371 6.529640e-01 9.360000e-04 3.461000e-01
372 6.528160e-01 8.600000e-04 3.463240e-01
373 6.526840e-01 8.360000e-04 3.464800e-01
374 6.525440e-01 7.800000e-04 3.466760e-01
375 6.524080e-01 7.400000e-04 3.468520e-01
376 6.522880e-01 7.400000e-04 3.469720e-01
377 6.521720e-01 7.280000e-04 3.471000e-01
378 6.520680e-01 7.280000e-04 3.472040e-01
379 6.519520e-01 7.200000e-04 3.473280e-01
380 6.518040e-01 7.600000e-04 3.474360e-01
381 6.516800e-01 7.360000e-04 3.475840e-01
382 6.515640e-01 6.760000e-04 3.477600e-01
383 6.514600e-01 6.600000e-04 3.478800e-01
384 6.513600e-01 6.640000e-04 3.479760e-01
385 6.512640e-01 6.640000e-04 3.480720e-01
386 6.510720e-01 7.320000e-04 3.481960e-01
387 6.509200e-01 7.520000e-04 3.483280e-01
388 6.507760e-01 8.080000e-04 3.484160e-01
389 6.506120e-01 8.360000e-04 3.485520e-01
390 6.504240e-01 9.120000e-04 3.486640e-01
391 6.502880e-01 8.800000e-04 3.488320e-01
392 6.501240e-01 8.880000e-04 3.489880e-01
393 6.499160e-01 9.280000e-04 3.491560e-01
394 6.497280e-01 9.440000e-04 3.493280e-01
395 6.495240e-01 9.480000e-04 3.495280e-01
396 6.493160e-01 9.640000e-04 3.497200e-01
397 6.491240e-01 1.004000e-03 3.498720e-01
398 6.489720e-01 1.024000e-03 3.500040e-01
399 6.487920e-01 1.028000e-03 3.501800e-01
400 6.486000e-01 1.024000e-03 3.503760e-01
401 6.484520e-01 9.960000e-04 3.505520e-01
402 6.482560e-01 1.008000e-03 3.507360e-01
403 6.479920e-01 1.112000e-03 3.508960e-01
404 6.477880e-01 1.088000e-03 3.511240e-01
405 6.475800e-01 1.168000e-03 3.512520e-01
406 6.473440e-01 1.204000e-03 3.514520e-01
407 6.471320e-01 1.168000e-03 3.517000e-01
408 6.469320e-01 1.156000e-03 3.519120e-01
409 6.467880e-01 1.136000e-03 3.520760e-01
410 6.465480e-01 1.208000e-03 3.522440e-01
411 6.462800e-01 1.296000e-03 3.524240e-01
412 6.460480e-01 1.312000e-03 3.526400e-01
413 6.458240e-01 1.328000e-03 3.528480e-01
414 6.455960e-01 1.356000e-03 3.530480e-01
415 6.454080e-01 1.348000e-03 3.532440e-01
416 6.452600e-01 1.244000e-03 3.534960e-01
417 6.450800e-01 1.260000e-03 3.536600e-01
418 6.449440e-01 1.192000e-03 3.538640e-01
419 6.447920e-01 1.120000e-03 3.540880e-01
420 6.446440e-01 1.060000e-03 3.542960e-01
421 6.444240e-01 1.080000e-03 3.544960e-01
422 6.443000e-01 1.032000e-03 3.546680e-01
423 6.441400e-01 1.004000e-03 3.548560e-01
424 6.439680e-01 9.800000e-04 3.550520e-01
425 6.438200e-01 9.200000e-04 3.552600e-01
426 6.437000e-01 8.880000e-04 3.554120e-01
427 6.435520e-01 8.560000e-04 3.555920e-01
428 6.434200e-01 8.600000e-04 3.557200e-01
429 6.432920e-01 7.840000e-04 3.559240e-01
430 6.431440e-01 7.760000e-04 3.560800e-01
431 6.430320e-01 7.200000e-04 3.562480e-01
432 6.429240e-01 6.640000e-04 3.564120e-01
433 6.427800e-01 6.720000e-04 3.565480e-01
434 6.426640e-01 7.160000e-04 3.566200e-01
435 6.424840e-01 8.160000e-04 3.567000e-01
436 6.423680e-01 7.840000e-04 3.568480e-01
437 6.422560e-01 7.520000e-04 3.569920e-01
438 6.421720e-01 7.080000e-04 3.571200e-01
439 6.420880e-01 7.160000e-04 3.571960e-01
440 6.420080e-01 6.680000e-04 3.573240e-01
441 6.419360e-01 6.360000e-04 3.574280e-01
442 6.418160e-01 6.680000e-04 3.575160e-01
443 6.417160e-01 6.440000e-04 3.576400e-01
444 6.416240e-01 6.360000e-04 3.577400e-01
445 6.415240e-01 6.200000e-04 3.578560e-01
446 6.414600e-01 5.920000e-04 3.579480e-01
447 6.413600e-01 6.040000e-04 3.580360e-01
448 6.412400e-01 6.080000e-04 3.581520e-01
449 6.411360e-01 6.200000e-04 3.582440e-01
450 6.410400e-01 6.160000e-04 3.583440e-01
451 6.409480e-01 6.240000e-04 3.584280e-01
452 6.408240e-01 6.280000e-04 3.585480e-01
453 6.407280e-01 6.400000e-04 3.586320e-01
454 6.406560e-01 5.920000e-04 3.587520e-01
455 6.405960e-01 5.880000e-04 3.588160e-01
456 6.405040e-01 6.200000e-04 3.588760e-01
457 6.404200e-01 6.080000e-04 3.589720e-01
458 6.403240e-01 5.840000e-04 3.590920e-01
459 6.402400e-01 5.840000e-04 3.591760e-01
460 6.401120e-01 6.240000e-04 3.592640e-01
461 6.400360e-01 5.800000e-04 3.593840e-01
462 6.399560e-01 5.640000e-04 3.594800e-01
463 6.399040e-01 5.240000e-04 3.595720e-01
464 6.398240e-01 5.320000e-04 3.596440e-01
465 6.397240e-01 5.280000e-04 3.597480e-01
466 6.396720e-01 4.520000e-04 3.598760e-01
467 6.396320e-01 4.160000e-04 3.599520e-01
468 6.395760e-01 3.960000e-04 3.600280e-01
469 6.394680e-01 4.280000e-04 3.601040e-01
470 6.393680e-01 4.400000e-04 3.601920e-01
471 6.392880e-01 4.480000e-04 3.602640e-01
472 6.392360e-01 4.400000e-04 3.603240e-01
473 6.391600e-01 4.440000e-04 3.603960e-01
474 6.390840e-01 4.520000e-04 3.604640e-01
475 6.390120e-01 4.360000e-04 3.605520e-01
476 6.389440e-01 4.120000e-04 3.606440e-01
477 6.388800e-01 4.080000e-04 3.607120e-01
478 6.388080e-01 4.080000e-04 3.607840e-01
479 6.387040e-01 4.320000e-04 3.608640e-01
480 6.386400e-01 4.360000e-04 3.609240e-01
481 6.385360e-01 4.680000e-04 3.609960e-01
482 6.384680e-01 4.640000e-04 3.610680e-01
483 6.383480e-01 5.000000e-04 3.611520e-01
484 6.382600e-01 4.840000e-04 3.612560e-01
485 6.381560e-01 4.960000e-04 3.613480e-01
486 6.380880e-01 4.880000e-04 3.614240e-01
487 6.379840e-01 5.120000e-04 3.615040e-01
488 6.379240e-01 4.960000e-04 3.615800e-01
489 6.378520e-01 4.920000e-04 3.616560e-01
490 6.377520e-01 5.120000e-04 3.617360e-01
491 6.376560e-01 5.120000e-04 3.618320e-01
492 6.376000e-01 5.000000e-04 3.619000e-01
493 6.374520e-01 5.680000e-04 3.619800e-01
494 6.373560e-01 5.640000e-04 3.620800e-01
495 6.372400e-01 5.640000e-04 3.621960e-01
496 6.371560e-01 5.560000e-04 3.622880e-01
497 6.370520e-01 5.520000e-04 3.623960e-01
498 6.369920e-01 5.440000e-04 3.624640e-01
499 6.368960e-01 5.400000e-04 3.625640e-01
500 6.368280e-01 5.040000e-04 3.626680e-01
