1 9.992200e-01 6.360000e-04 1.440000e-04
2 9.987320e-01 1.008000e-03 2.600000e-04
3 9.982040e-01 1.320000e-03 4.760000e-04
4 9.974720e-01 1.796000e-03 7.320000e-04
5 9.967880e-01 2.136000e-03 1.076000e-03
6 9.959720e-01 2.544000e-03 1.484000e-03
7 9.951600e-01 2.900000e-03 1.940000e-03
8 9.943440e-01 3.176000e-03 2.480000e-03
9 9.935200e-01 3.472000e-03 3.008000e-03
10 9.925840e-01 3.720000e-03 3.696000e-03
11 9.916080e-01 3.940000e-03 4.452000e-03
12 9.907040e-01 4.196000e-03 5.100000e-03
13 9.896600e-01 4.496000e-03 5.844000e-03
14 9.886440e-01 4.700000e-03 6.656000e-03
15 9.874080e-01 5.064000e-03 7.528000e-03
16 9.863600e-01 5.208000e-03 8.432000e-03
17 9.852040e-01 5.428000e-03 9.368000e-03
18 9.840440e-01 5.664000e-03 1.029200e-02
19 9.828320e-01 5.912000e-03 1.125600e-02
20 9.818280e-01 5.864000e-03 1.230800e-02
21 9.807720e-01 5.784000e-03 1.344400e-02
22 9.797480e-01 5.820000e-03 1.443200e-02
23 9.787640e-01 5.720000e-03 1.551600e-02
24 9.776320e-01 5.916000e-03 1.645200e-02
25 9.766320e-01 5.848000e-03 1.752000e-02
26 9.756000e-01 5.768000e-03 1.863200e-02
27 9.744640e-01 6.004000e-03 1.953200e-02
28 9.732400e-01 6.224000e-03 2.053600e-02
29 9.720240e-01 6.376000e-03 2.160000e-02
30 9.708520e-01 6.452000e-03 2.269600e-02
31 9.696320e-01 6.496000e-03 2.387200e-02
32 9.682400e-01 6.776000e-03 2.498400e-02
33 9.667520e-01 7.044000e-03 2.620400e-02
34 9.654240e-01 7.004000e-03 2.757200e-02
35 9.640440e-01 7.072000e-03 2.888400e-02
36 9.626360e-01 7.168000e-03 3.019600e-02
37 9.611920e-01 7.316000e-03 3.149200e-02
38 9.597080e-01 7.624000e-03 3.266800e-02
39 9.582120e-01 7.752000e-03 3.403600e-02
40 9.568040e-01 7.708000e-03 3.548800e-02
41 9.555400e-01 7.536000e-03 3.692400e-02
42 9.541320e-01 7.632000e-03 3.823600e-02
43 9.526160e-01 7.804000e-03 3.958000e-02
44 9.512200e-01 7.836000e-03 4.094400e-02
45 9.497200e-01 7.996000e-03 4.228400e-02
46 9.480040e-01 8.240000e-03 4.375600e-02
47 9.466840e-01 8.196000e-03 4.512000e-02
48 9.452280e-01 8.228000e-03 4.654400e-02
49 9.436280e-01 8.420000e-03 4.795200e-02
50 9.421040e-01 8.424000e-03 4.947200e-02
51 9.403320e-01 8.596000e-03 5.107200e-02
52 9.388440e-01 8.676000e-03 5.248000e-02
53 9.374120e-01 8.500000e-03 5.408800e-02
54 9.357160e-01 8.736000e-03 5.554800e-02
55 9.340520e-01 8.804000e-03 5.714400e-02
56 9.325240e-01 8.912000e-03 5.856400e-02
57 9.310040e-01 8.932000e-03 6.006400e-02
58 9.295560e-01 8.676000e-03 6.176800e-02
59 9.279800e-01 8.656000e-03 6.336400e-02
60 9.265200e-01 8.560000e-03 6.492000e-02
61 9.251000e-01 8.460000e-03 6.644000e-02
62 9.234920e-01 8.796000e-03 6.771200e-02
63 9.220840e-01 8.720000e-03 6.919600e-02
64 9.205680e-01 8.712000e-03 7.072000e-02
65 9.190560e-01 8.608000e-03 7.233600e-02
66 9.176200e-01 8.512000e-03 7.386800e-02
67 9.162000e-01 8.480000e-03 7.532000e-02
68 9.146520e-01 8.484000e-03 7.686400e-02
69 9.132000e-01 8.372000e-03 7.842800e-02
70 9.119440e-01 8.128000e-03 7.992800e-02
71 9.105400e-01 8.152000e-03 8.130800e-02
72 9.092560e-01 8.100000e-03 8.264400e-02
73 9.079480e-01 8.076000e-03 8.397600e-02
74 9.066640e-01 7.964000e-03 8.537200e-02
75 9.052640e-01 7.912000e-03 8.682400e-02
76 9.040240e-01 7.628000e-03 8.834800e-02
77 9.027440e-01 7.680000e-03 8.957600e-02
78 9.014720e-01 7.712000e-03 9.081600e-02
79 9.002080e-01 7.680000e-03 9.211200e-02
80 8.987000e-01 7.856000e-03 9.344400e-02
81 8.972320e-01 7.860000e-03 9.490800e-02
82 8.958880e-01 7.888000e-03 9.622400e-02
83 8.944040e-01 7.972000e-03 9.762400e-02
84 8.930560e-01 8.008000e-03 9.893600e-02
85 8.916160e-01 7.968000e-03 1.004160e-01
86 8.900920e-01 8.076000e-03 1.018320e-01
87 8.887280e-01 8.032000e-03 1.032400e-01
88 8.872640e-01 8.068000e-03 1.046680e-01
89 8.857880e-01 8.212000e-03 1.060000e-01
90 8.845000e-01 8.176000e-03 1.073240e-01
91 8.831880e-01 8.040000e-03 1.087720e-01
92 8.818480e-01 7.948000e-03 1.102040e-01
93 8.806040e-01 7.756000e-03 1.116400e-01
94 8.792560e-01 7.724000e-03 1.130200e-01
95 8.779360e-01 7.736000e-03 1.143280e-01
96 8.765880e-01 7.776000e-03 1.156360e-01
97 8.752000e-01 7.872000e-03 1.169280e-01
98 8.739040e-01 7.784000e-03 1.183120e-01
99 8.725880e-01 7.676000e-03 1.197360e-01
100 8.713640e-01 7.668000e-03 1.209680e-01
101 8.701280e-01 7.508000e-03 1.223640e-01
102 8.689360e-01 7.376000e-03 1.236880e-01
103 8.675520e-01 7.500000e-03 1.249480e-01
104 8.662400e-01 7.692000e-03 1.260680e-01
105 8.649640e-01 7.668000e-03 1.273680e-01
106 8.637960e-01 7.528000e-03 1.286760e-01
107 8.626400e-01 7.312000e-03 1.300480e-01
108 8.612960e-01 7.360000e-03 1.313440e-01
109 8.600680e-01 7.252000e-03 1.326800e-01
110 8.590080e-01 7.112000e-03 1.338800e-01
111 8.578120e-01 7.064000e-03 1.351240e-01
112 8.566160e-01 7.028000e-03 1.363560e-01
113 8.555480e-01 6.848000e-03 1.376040e-01
114 8.545600e-01 6.716000e-03 1.387240e-01
115 8.535040e-01 6.572000e-03 1.399240e-01
116 8.524720e-01 6.444000e-03 1.410840e-01
117 8.514240e-01 6.336000e-03 1.422400e-01
118 8.505320e-01 6.088000e-03 1.433800e-01
119 8.495280e-01 6.032000e-03 1.444400e-01
120 8.485360e-01 5.968000e-03 1.454960e-01
121 8.477240e-01 5.876000e-03 1.464000e-01
122 8.467360e-01 5.784000e-03 1.474800e-01
123 8.457080e-01 5.764000e-03 1.485280e-01
124 8.447040e-01 5.824000e-03 1.494720e-01
125 8.436040e-01 5.952000e-03 1.504440e-01
126 8.426440e-01 5.908000e-03 1.514480e-01
127 8.417560e-01 5.804000e-03 1.524400e-01
128 8.408120e-01 5.608000e-03 1.535800e-01
129 8.399760e-01 5.420000e-03 1.546040e-01
130 8.390520e-01 5.428000e-03 1.555200e-01
131 8.380280e-01 5.544000e-03 1.564280e-01
132 8.370680e-01 5.504000e-03 1.574280e-01
133 8.359960e-01 5.644000e-03 1.583600e-01
134 8.349840e-01 5.736000e-03 1.592800e-01
135 8.340440e-01 5.700000e-03 1.602560e-01
136 8.331440e-01 5.612000e-03 1.612440e-01
137 8.322000e-01 5.644000e-03 1.621560e-01
138 8.312120e-01 5.712000e-03 1.630760e-01
139 8.302160e-01 5.640000e-03 1.641440e-01
140 8.293080e-01 5.612000e-03 1.650800e-01
141 8.284120e-01 5.512000e-03 1.660760e-01
142 8.275160e-01 5.336000e-03 1.671480e-01
143 8.266160e-01 5.408000e-03 1.679760e-01
144 8.257280e-01 5.248000e-03 1.690240e-01
145 8.248560e-01 5.180000e-03 1.699640e-01
146 8.239320e-01 5.236000e-03 1.708320e-01
147 8.231040e-01 5.200000e-03 1.716960e-01
148 8.222240e-01 5.156000e-03 1.726200e-01
149 8.214160e-01 5.060000e-03 1.735240e-01
150 8.205920e-01 5.124000e-03 1.742840e-01
151 8.197280e-01 5.028000e-03 1.752440e-01
152 8.188880e-01 5.024000e-03 1.760880e-01
153 8.181600e-01 4.796000e-03 1.770440e-01
154 8.173440e-01 4.868000e-03 1.777880e-01
155 8.167040e-01 4.692000e-03 1.786040e-01
156 8.160280e-01 4.472000e-03 1.795000e-01
157 8.154600e-01 4.328000e-03 1.802120e-01
158 8.148480e-01 4.192000e-03 1.809600e-01
159 8.141840e-01 4.208000e-03 1.816080e-01
160 8.135000e-01 4.224000e-03 1.822760e-01
161 8.128120e-01 4.176000e-03 1.830120e-01
162 8.120120e-01 4.260000e-03 1.837280e-01
163 8.113360e-01 4.164000e-03 1.845000e-01
164 8.105960e-01 4.196000e-03 1.852080e-01
165 8.099760e-01 3.964000e-03 1.860600e-01
166 8.092960e-01 3.888000e-03 1.868160e-01
167 8.084320e-01 4.136000e-03 1.874320e-01
168 8.077280e-01 4.176000e-03 1.880960e-01
169 8.070480e-01 4.092000e-03 1.888600e-01
170 8.062440e-01 4.280000e-03 1.894760e-01
171 8.055520e-01 4.188000e-03 1.902600e-01
172 8.049400e-01 4.124000e-03 1.909360e-01
173 8.042920e-01 3.936000e-03 1.917720e-01
174 8.036840e-01 3.884000e-03 1.924320e-01
175 8.030600e-01 3.828000e-03 1.931120e-01
176 8.023480e-01 3.880000e-03 1.937720e-01
177 8.016240e-01 3.876000e-03 1.945000e-01
178 8.010240e-01 3.856000e-03 1.951200e-01
179 8.002760e-01 3.956000e-03 1.957680e-01
180 7.995760e-01 4.048000e-03 1.963760e-01
181 7.989440e-01 4.036000e-03 1.970200e-01
182 7.983160e-01 3.956000e-03 1.977280e-01
183 7.975480e-01 4.060000e-03 1.983920e-01
184 7.968360e-01 4.036000e-03 1.991280e-01
185 7.961880e-01 4.000000e-03 1.998120e-01
186 7.954800e-01 4.084000e-03 2.004360e-01
187 7.947200e-01 4.084000e-03 2.011960e-01
188 7.940200e-01 4.108000e-03 2.018720e-01
189 7.933200e-01 4.012000e-03 2.026680e-01
190 7.925440e-01 4.120000e-03 2.033360e-01
191 7.917520e-01 4.196000e-03 2.040520e-01
192 7.910080e-01 4.192000e-03 2.048000e-01
193 7.903320e-01 4.196000e-03 2.054720e-01
194 7.896680e-01 4.244000e-03 2.060880e-01
195 7.890440e-01 4.200000e-03 2.067560e-01
196 7.884160e-01 4.104000e-03 2.074800e-01
197 7.877520e-01 4.108000e-03 2.081400e-01
198 7.871480e-01 4.048000e-03 2.088040e-01
199 7.865760e-01 3.920000e-03 2.095040e-01
200 7.860400e-01 3.852000e-03 2.101080e-01
201 7.854440e-01 3.728000e-03 2.108280e-01
202 7.849440e-01 3.640000e-03 2.114160e-01
203 7.843920e-01 3.584000e-03 2.120240e-01
204 7.838880e-01 3.512000e-03 2.126000e-01
205 7.832840e-01 3.516000e-03 2.132000e-01
206 7.827800e-01 3.436000e-03 2.137840e-01
207 7.823040e-01 3.384000e-03 2.143120e-01
208 7.818880e-01 3.264000e-03 2.148480e-01
209 7.814920e-01 3.108000e-03 2.154000e-01
210 7.810840e-01 2.988000e-03 2.159280e-01
211 7.806320e-01 2.924000e-03 2.164440e-01
212 7.801920e-01 2.804000e-03 2.170040e-01
213 7.797000e-01 2.744000e-03 2.175560e-01
214 7.792920e-01 2.576000e-03 2.181320e-01
215 7.789320e-01 2.452000e-03 2.186160e-01
216 7.785120e-01 2.412000e-03 2.190760e-01
217 7.781560e-01 2.304000e-03 2.195400e-01
218 7.777280e-01 2.340000e-03 2.199320e-01
219 7.772880e-01 2.428000e-03 2.202840e-01
220 7.767840e-01 2.488000e-03 2.207280e-01
221 7.763720e-01 2.460000e-03 2.211680e-01
222 7.759680e-01 2.348000e-03 2.216840e-01
223 7.755200e-01 2.340000e-03 2.221400e-01
224 7.751880e-01 2.212000e-03 2.226000e-01
225 7.747960e-01 2.192000e-03 2.230120e-01
226 7.744640e-01 2.120000e-03 2.234160e-01
227 7.741240e-01 2.088000e-03 2.237880e-01
228 7.737920e-01 1.976000e-03 2.242320e-01
229 7.734960e-01 1.928000e-03 2.245760e-01
230 7.732200e-01 1.852000e-03 2.249280e-01
231 7.729400e-01 1.844000e-03 2.252160e-01
232 7.726560e-01 1.800000e-03 2.255440e-01
233 7.723280e-01 1.804000e-03 2.258680e-01
234 7.720360e-01 1.808000e-03 2.261560e-01
235 7.717320e-01 1.820000e-03 2.264480e-01
236 7.714560e-01 1.832000e-03 2.267120e-01
237 7.712680e-01 1.740000e-03 2.269920e-01
238 7.710160e-01 1.688000e-03 2.272960e-01
239 7.708040e-01 1.632000e-03 2.275640e-01
240 7.705280e-01 1.660000e-03 2.278120e-01
241 7.702360e-01 1.644000e-03 2.281200e-01
242 7.699960e-01 1.576000e-03 2.284280e-01
243 7.697160e-01 1.564000e-03 2.287200e-01
244 7.694720e-01 1.548000e-03 2.289800e-01
245 7.692360e-01 1.540000e-03 2.292240e-01
246 7.689480e-01 1.588000e-03 2.294640e-01
247 7.685720e-01 1.668000e-03 2.297600e-01
248 7.682600e-01 1.656000e-03 2.300840e-01
249 7.679520e-01 1.668000e-03 2.303800e-01
250 7.676680e-01 1.644000e-03 2.306880e-01
251 7.674120e-01 1.552000e-03 2.310360e-01
252 7.671760e-01 1.464000e-03 2.313600e-01
253 7.669040e-01 1.512000e-03 2.315840e-01
254 7.666600e-01 1.508000e-03 2.318320e-01
255 7.663800e-01 1.516000e-03 2.321040e-01
256 7.661040e-01 1.472000e-03 2.324240e-01
257 7.658880e-01 1.460000e-03 2.326520e-01
258 7.656760e-01 1.388000e-03 2.329360e-01
259 7.654720e-01 1.300000e-03 2.332280e-01
260 7.652920e-01 1.288000e-03 2.334200e-01
261 7.650240e-01 1.404000e-03 2.335720e-01
262 7.648520e-01 1.296000e-03 2.338520e-01
263 7.646720e-01 1.240000e-03 2.340880e-01
264 7.645160e-01 1.168000e-03 2.343160e-01
265 7.642840e-01 1.244000e-03 2.344720e-01
266 7.640800e-01 1.248000e-03 2.346720e-01
267 7.638920e-01 1.252000e-03 2.348560e-01
268 7.637640e-01 1.160000e-03 2.350760e-01
269 7.636480e-01 1.072000e-03 2.352800e-01
270 7.635160e-01 1.020000e-03 2.354640e-01
271 7.633120e-01 1.016000e-03 2.356720e-01
272 7.631720e-01 9.880000e-04 2.358400e-01
273 7.629920e-01 9.680000e-04 2.360400e-01
274 7.628240e-01 9.560000e-04 2.362200e-01
275 7.626480e-01 9.480000e-04 2.364040e-01
276 7.624400e-01 1.000000e-03 2.365600e-01
277 7.622520e-01 1.020000e-03 2.367280e-01
278 7.620480e-01 1.040000e-03 2.369120e-01
279 7.618160e-01 1.116000e-03 2.370680e-01
280 7.616000e-01 1.128000e-03 2.372720e-01
281 7.614320e-01 1.092000e-03 2.374760e-01
282 7.612280e-01 1.120000e-03 2.376520e-01
283 7.610320e-01 1.124000e-03 2.378440e-01
284 7.608040e-01 1.164000e-03 2.380320e-01
285 7.605480e-01 1.212000e-03 2.382400e-01
286 7.603360e-01 1.188000e-03 2.384760e-01
287 7.601160e-01 1.204000e-03 2.386800e-01
288 7.599080e-01 1.200000e-03 2.388920e-01
289 7.597000e-01 1.208000e-03 2.390920e-01
290 7.594360e-01 1.212000e-03 2.393520e-01
291 7.592200e-01 1.184000e-03 2.395960e-01
292 7.590120e-01 1.192000e-03 2.397960e-01
293 7.587280e-01 1.232000e-03 2.400400e-01
294 7.585320e-01 1.212000e-03 2.402560e-01
295 7.583040e-01 1.252000e-03 2.404440e-01
296 7.580720e-01 1.232000e-03 2.406960e-01
297 7.578280e-01 1.268000e-03 2.409040e-01
298 7.576040e-01 1.248000e-03 2.411480e-01
299 7.573680e-01 1.244000e-03 2.413880e-01
300 7.571440e-01 1.260000e-03 2.415960e-01
301 7.569280e-01 1.264000e-03 2.418080e-01
302 7.566360e-01 1.336000e-03 2.420280e-01
303 7.563800e-01 1.320000e-03 2.423000e-01
304 7.561280e-01 1.344000e-03 2.425280e-01
305 7.558800e-01 1.364000e-03 2.427560e-01
306 7.555960e-01 1.456000e-03 2.429480e-01
307 7.552640e-01 1.572000e-03 2.431640e-01
308 7.549800e-01 1.628000e-03 2.433920e-01
309 7.547120e-01 1.644000e-03 2.436440e-01
310 7.544640e-01 1.616000e-03 2.439200e-01
311 7.541720e-01 1.692000e-03 2.441360e-01
312 7.539000e-01 1.704000e-03 2.443960e-01
313 7.536080e-01 1.680000e-03 2.447120e-01
314 7.533280e-01 1.696000e-03 2.449760e-01
315 7.530680e-01 1.640000e-03 2.452920e-01
316 7.528160e-01 1.596000e-03 2.455880e-01
317 7.525360e-01 1.616000e-03 2.458480e-01
318 7.522600e-01 1.636000e-03 2.461040e-01
319 7.519760e-01 1.632000e-03 2.463920e-01
320 7.516720e-01 1.632000e-03 2.466960e-01
321 7.514120e-01 1.584000e-03 2.470040e-01
322 7.511480e-01 1.556000e-03 2.472960e-01
323 7.509480e-01 1.488000e-03 2.475640e-01
324 7.506720e-01 1.464000e-03 2.478640e-01
325 7.505240e-01 1.316000e-03 2.481600e-01
326 7.503640e-01 1.224000e-03 2.484120e-01
327 7.501960e-01 1.176000e-03 2.486280e-01
328 7.500160e-01 1.120000e-03 2.488640e-01
329 7.498720e-01 1.044000e-03 2.490840e-01
330 7.497560e-01 9.760000e-04 2.492680e-01
331 7.496320e-01 9.640000e-04 2.494040e-01
332 7.494520e-01 9.400000e-04 2.496080e-01
333 7.492840e-01 9.480000e-04 2.497680e-01
334 7.491440e-01 9.320000e-04 2.499240e-01
335 7.489480e-01 9.600000e-04 2.500920e-01
336 7.487080e-01 1.024000e-03 2.502680e-01
337 7.485440e-01 9.920000e-04 2.504640e-01
338 7.482960e-01 1.088000e-03 2.506160e-01
339 7.480680e-01 1.152000e-03 2.507800e-01
340 7.478680e-01 1.152000e-03 2.509800e-01
341 7.477120e-01 1.096000e-03 2.511920e-01
342 7.475800e-01 1.020000e-03 2.514000e-01
343 7.474600e-01 9.360000e-04 2.516040e-01
344 7.473000e-01 9.640000e-04 2.517360e-01
345 7.471720e-01 9.280000e-04 2.519000e-01
346 7.470120e-01 9.000000e-04 2.520880e-01
347 7.468800e-01 8.840000e-04 2.522360e-01
348 7.466640e-01 9.680000e-04 2.523680e-01
349 7.465040e-01 9.360000e-04 2.525600e-01
350 7.463280e-01 9.440000e-04 2.527280e-01
351 7.461720e-01 9.720000e-04 2.528560e-01
352 7.460200e-01 9.600000e-04 2.530200e-01
353 7.457920e-01 9.800000e-04 2.532280e-01
354 7.455920e-01 9.960000e-04 2.534120e-01
355 7.453360e-01 1.040000e-03 2.536240e-01
356 7.451560e-01 9.920000e-04 2.538520e-01
357 7.449960e-01 9.600000e-04 2.540440e-01
358 7.447840e-01 9.960000e-04 2.542200e-01
359 7.446240e-01 1.012000e-03 2.543640e-01
360 7.444720e-01 1.008000e-03 2.545200e-01
361 7.442920e-01 1.008000e-03 2.547000e-01
362 7.441520e-01 9.400000e-04 2.549080e-01
363 7.440520e-01 8.680000e-04 2.550800e-01
364 7.439440e-01 8.560000e-04 2.552000e-01
365 7.437480e-01 9.120000e-04 2.553400e-01
366 7.435960e-01 9.120000e-04 2.554920e-01
367 7.434480e-01 8.560000e-04 2.556960e-01
368 7.433280e-01 8.200000e-04 2.558520e-01
369 7.432080e-01 7.880000e-04 2.560040e-01
370 7.430920e-01 8.080000e-04 2.561000e-01
371 7.429200e-01 8.320000e-04 2.562480e-01
372 7.427600e-01 8.560000e-04 2.563840e-01
373 7.426360e-01 8.440000e-04 2.565200e-01
374 7.425120e-01 8.320000e-04 2.566560e-01
375 7.423720e-01 7.800000e-04 2.568480e-01
376 7.422320e-01 7.840000e-04 2.569840e-01
377 7.420480e-01 8.160000e-04 2.571360e-01
378 7.418880e-01 8.280000e-04 2.572840e-01
379 7.417600e-01 8.560000e-04 2.573840e-01
380 7.416200e-01 8.560000e-04 2.575240e-01
381 7.414960e-01 8.320000e-04 2.576720e-01
382 7.413400e-01 8.600000e-04 2.578000e-01
383 7.411840e-01 8.440000e-04 2.579720e-01
384 7.410480e-01 7.680000e-04 2.581840e-01
385 7.408840e-01 7.800000e-04 2.583360e-01
386 7.407680e-01 8.080000e-04 2.584240e-01
387 7.406160e-01 8.240000e-04 2.585600e-01
388 7.405040e-01 8.040000e-04 2.586920e-01
389 7.403720e-01 7.920000e-04 2.588360e-01
390 7.402000e-01 8.800000e-04 2.589200e-01
391 7.400200e-01 9.520000e-04 2.590280e-01
392 7.398640e-01 9.640000e-04 2.591720e-01
393 7.397120e-01 9.440000e-04 2.593440e-01
394 7.395520e-01 9.520000e-04 2.594960e-01
395 7.394160e-01 9.360000e-04 2.596480e-01
396 7.392520e-01 9.480000e-04 2.598000e-01
397 7.391360e-01 9.160000e-04 2.599480e-01
398 7.389840e-01 9.080000e-04 2.601080e-01
399 7.388320e-01 8.720000e-04 2.602960e-01
400 7.386760e-01 8.680000e-04 2.604560e-01
401 7.385480e-01 8.520000e-04 2.606000e-01
402 7.384360e-01 7.960000e-04 2.607680e-01
403 7.383200e-01 7.880000e-04 2.608920e-01
404 7.382080e-01 7.560000e-04 2.610360e-01
405 7.381480e-01 6.680000e-04 2.611840e-01
406 7.380720e-01 6.520000e-04 2.612760e-01
407 7.380160e-01 6.040000e-04 2.613800e-01
408 7.379360e-01 5.480000e-04 2.615160e-01
409 7.378680e-01 5.320000e-04 2.616000e-01
410 7.377880e-01 5.200000e-04 2.616920e-01
411 7.377000e-01 5.320000e-04 2.617680e-01
412 7.376120e-01 5.360000e-04 2.618520e-01
413 7.375280e-01 5.400000e-04 2.619320e-01
414 7.374240e-01 5.320000e-04 2.620440e-01
415 7.373120e-01 5.640000e-04 2.621240e-01
416 7.371880e-01 5.840000e-04 2.622280e-01
417 7.371040e-01 5.480000e-04 2.623480e-01
418 7.370480e-01 4.920000e-04 2.624600e-01
419 7.369840e-01 4.720000e-04 2.625440e-01
420 7.369400e-01 4.440000e-04 2.626160e-01
421 7.369000e-01 4.120000e-04 2.626880e-01
422 7.368440e-01 3.920000e-04 2.627640e-01
423 7.368120e-01 3.520000e-04 2.628360e-01
424 7.367800e-01 3.560000e-04 2.628640e-01
425 7.367320e-01 3.400000e-04 2.629280e-01
426 7.366920e-01 3.160000e-04 2.629920e-01
427 7.366280e-01 3.120000e-04 2.630600e-01
428 7.365880e-01 2.840000e-04 2.631280e-01
429 7.365200e-01 3.000000e-04 2.631800e-01
430 7.364480e-01 3.160000e-04 2.632360e-01
431 7.363720e-01 3.440000e-04 2.632840e-01
432 7.363200e-01 3.480000e-04 2.633320e-01
433 7.362680e-01 3.520000e-04 2.633800e-01
434 7.361960e-01 3.840000e-04 2.634200e-01
435 7.361280e-01 3.880000e-04 2.634840e-01
436 7.361000e-01 3.520000e-04 2.635480e-01
437 7.360560e-01 3.440000e-04 2.636000e-01
438 7.359760e-01 3.840000e-04 2.636400e-01
439 7.359200e-01 3.680000e-04 2.637120e-01
440 7.358400e-01 3.600000e-04 2.638000e-01
441 7.357720e-01 3.480000e-04 2.638800e-01
442 7.357160e-01 3.560000e-04 2.639280e-01
443 7.356360e-01 3.600000e-04 2.640040e-01
444 7.355480e-01 4.160000e-04 2.640360e-01
445 7.354920e-01 3.880000e-04 2.641200e-01
446 7.354240e-01 3.840000e-04 2.641920e-01
447 7.353680e-01 3.720000e-04 2.642600e-01
448 7.353040e-01 3.640000e-04 2.643320e-01
449 7.352480e-01 3.560000e-04 2.643960e-01
450 7.352200e-01 3.200000e-04 2.644600e-01
451 7.351760e-01 3.120000e-04 2.645120e-01
452 7.351360e-01 2.920000e-04 2.645720e-01
453 7.350680e-01 2.960000e-04 2.646360e-01
454 7.350040e-01 3.200000e-04 2.646760e-01
455 7.349080e-01 3.640000e-04 2.647280e-01
456 7.348560e-01 3.400000e-04 2.648040e-01
457 7.348040e-01 3.360000e-04 2.648600e-01
458 7.347280e-01 3.680000e-04 2.649040e-01
459 7.346440e-01 3.920000e-04 2.649640e-01
460 7.345120e-01 4.600000e-04 2.650280e-01
461 7.344360e-01 4.400000e-04 2.651240e-01
462 7.343560e-01 4.280000e-04 2.652160e-01
463 7.342680e-01 4.280000e-04 2.653040e-01
464 7.342040e-01 4.360000e-04 2.653600e-01
465 7.341120e-01 4.320000e-04 2.654560e-01
466 7.340080e-01 4.680000e-04 2.655240e-01
467 7.339320e-01 4.600000e-04 2.656080e-01
468 7.338200e-01 5.120000e-04 2.656680e-01
469 7.337280e-01 4.960000e-04 2.657760e-01
470 7.336440e-01 4.840000e-04 2.658720e-01
471 7.335440e-01 4.960000e-04 2.659600e-01
472 7.334160e-01 5.440000e-04 2.660400e-01
473 7.333520e-01 5.120000e-04 2.661360e-01
474 7.332760e-01 4.880000e-04 2.662360e-01
475 7.331760e-01 4.960000e-04 2.663280e-01
476 7.331080e-01 5.080000e-04 2.663840e-01
477 7.330560e-01 4.760000e-04 2.664680e-01
478 7.329680e-01 4.760000e-04 2.665560e-01
479 7.328600e-01 5.000000e-04 2.666400e-01
480 7.327480e-01 5.240000e-04 2.667280e-01
481 7.326600e-01 5.000000e-04 2.668400e-01
482 7.325640e-01 5.120000e-04 2.669240e-01
483 7.324720e-01 5.400000e-04 2.669880e-01
484 7.323360e-01 5.800000e-04 2.670840e-01
485 7.322360e-01 5.840000e-04 2.671800e-01
486 7.321400e-01 5.800000e-04 2.672800e-01
487 7.320280e-01 5.960000e-04 2.673760e-01
488 7.319000e-01 5.880000e-04 2.675120e-01
489 7.318080e-01 5.400000e-04 2.676520e-01
490 7.317120e-01 5.320000e-04 2.677560e-01
491 7.315880e-01 5.800000e-04 2.678320e-01
492 7.315040e-01 5.640000e-04 2.679320e-01
493 7.314240e-01 5.520000e-04 2.680240e-01
494 7.313200e-01 5.560000e-04 2.681240e-01
495 7.312080e-01 5.800000e-04 2.682120e-01
496 7.310800e-01 6.200000e-04 2.683000e-01
497 7.309760e-01 6.000000e-04 2.684240e-01
498 7.308240e-01 6.560000e-04 2.685200e-01
499 7.306720e-01 6.960000e-04 2.686320e-01
500 7.305440e-01 7.160000e-04 2.687400e-01
