1 9.992800e-01 6.480000e-04 7.200000e-05
2 9.987720e-01 1.032000e-03 1.960000e-04
3 9.981040e-01 1.452000e-03 4.440000e-04
4 9.974240e-01 1.824000e-03 7.520000e-04
5 9.967000e-01 2.176000e-03 1.124000e-03
6 9.958800e-01 2.512000e-03 1.608000e-03
7 9.950920e-01 2.824000e-03 2.084000e-03
8 9.943080e-01 3.040000e-03 2.652000e-03
9 9.935160e-01 3.212000e-03 3.272000e-03
10 9.927680e-01 3.352000e-03 3.880000e-03
11 9.919400e-01 3.572000e-03 4.488000e-03
12 9.911280e-01 3.704000e-03 5.168000e-03
13 9.903400e-01 3.880000e-03 5.780000e-03
14 9.896440e-01 3.968000e-03 6.388000e-03
15 9.888720e-01 4.008000e-03 7.120000e-03
16 9.880280e-01 4.228000e-03 7.744000e-03
17 9.872840e-01 4.272000e-03 8.444000e-03
18 9.864400e-01 4.332000e-03 9.228000e-03
19 9.856360e-01 4.384000e-03 9.980000e-03
20 9.847680e-01 4.460000e-03 1.077200e-02
21 9.837960e-01 4.684000e-03 1.152000e-02
22 9.828120e-01 4.744000e-03 1.244400e-02
23 9.819480e-01 4.644000e-03 1.340800e-02
24 9.810480e-01 4.700000e-03 1.425200e-02
25 9.800600e-01 4.896000e-03 1.504400e-02
26 9.790600e-01 4.996000e-03 1.594400e-02
27 9.781280e-01 4.988000e-03 1.688400e-02
28 9.771760e-01 5.088000e-03 1.773600e-02
29 9.761200e-01 5.388000e-03 1.849200e-02
30 9.750000e-01 5.676000e-03 1.932400e-02
31 9.738120e-01 5.864000e-03 2.032400e-02
32 9.726360e-01 6.064000e-03 2.130000e-02
33 9.714480e-01 6.216000e-03 2.233600e-02
34 9.703040e-01 6.256000e-03 2.344000e-02
35 9.692000e-01 6.320000e-03 2.448000e-02
36 9.679960e-01 6.356000e-03 2.564800e-02
37 9.667000e-01 6.480000e-03 2.682000e-02
38 9.655960e-01 6.416000e-03 2.798800e-02
39 9.643440e-01 6.564000e-03 2.909200e-02
40 9.631040e-01 6.664000e-03 3.023200e-02
41 9.620200e-01 6.688000e-03 3.129200e-02
42 9.606960e-01 6.848000e-03 3.245600e-02
43 9.594720e-01 7.036000e-03 3.349200e-02
44 9.581360e-01 7.136000e-03 3.472800e-02
45 9.568120e-01 7.268000e-03 3.592000e-02
46 9.556160e-01 7.232000e-03 3.715200e-02
47 9.543200e-01 7.172000e-03 3.850800e-02
48 9.530680e-01 7.128000e-03 3.980400e-02
49 9.519080e-01 7.020000e-03 4.107200e-02
50 9.505000e-01 7.136000e-03 4.236400e-02
51 9.493720e-01 7.048000e-03 4.358000e-02
52 9.480320e-01 7.156000e-03 4.481200e-02
53 9.468200e-01 7.188000e-03 4.599200e-02
54 9.455120e-01 7.372000e-03 4.711600e-02
55 9.443520e-01 7.132000e-03 4.851600e-02
56 9.430560e-01 7.020000e-03 4.992400e-02
57 9.418440e-01 6.928000e-03 5.122800e-02
58 9.406960e-01 6.900000e-03 5.240400e-02
59 9.393600e-01 7.060000e-03 5.358000e-02
60 9.379880e-01 7.060000e-03 5.495200e-02
61 9.365280e-01 7.260000e-03 5.621200e-02
62 9.351000e-01 7.400000e-03 5.750000e-02
63 9.335480e-01 7.664000e-03 5.878800e-02
64 9.321440e-01 7.712000e-03 6.014400e-02
65 9.308520e-01 7.672000e-03 6.147600e-02
66 9.293880e-01 7.820000e-03 6.279200e-02
67 9.279480e-01 7.808000e-03 6.424400e-02
68 9.266200e-01 7.884000e-03 6.549600e-02
69 9.250360e-01 8.208000e-03 6.675600e-02
70 9.236440e-01 8.084000e-03 6.827200e-02
71 9.220960e-01 8.176000e-03 6.972800e-02
72 9.204960e-01 8.240000e-03 7.126400e-02
73 9.190040e-01 8.236000e-03 7.276000e-02
74 9.174600e-01 8.248000e-03 7.429200e-02
75 9.158520e-01 8.372000e-03 7.577600e-02
76 9.144440e-01 8.296000e-03 7.726000e-02
77 9.126800e-01 8.548000e-03 7.877200e-02
78 9.111920e-01 8.764000e-03 8.004400e-02
79 9.095800e-01 8.844000e-03 8.157600e-02
80 9.079640e-01 8.840000e-03 8.319600e-02
81 9.065240e-01 8.868000e-03 8.460800e-02
82 9.050200e-01 8.928000e-03 8.605200e-02
83 9.034160e-01 8.936000e-03 8.764800e-02
84 9.018080e-01 8.936000e-03 8.925600e-02
85 9.004280e-01 8.872000e-03 9.070000e-02
86 8.989840e-01 8.744000e-03 9.227200e-02
87 8.975360e-01 8.748000e-03 9.371600e-02
88 8.961920e-01 8.524000e-03 9.528400e-02
89 8.948120e-01 8.412000e-03 9.677600e-02
90 8.935440e-01 8.168000e-03 9.828800e-02
91 8.922880e-01 8.064000e-03 9.964800e-02
92 8.910920e-01 7.844000e-03 1.010640e-01
93 8.898960e-01 7.720000e-03 1.023840e-01
94 8.887680e-01 7.428000e-03 1.038040e-01
95 8.874760e-01 7.468000e-03 1.050560e-01
96 8.864160e-01 7.332000e-03 1.062520e-01
97 8.851360e-01 7.368000e-03 1.074960e-01
98 8.839320e-01 7.364000e-03 1.087040e-01
99 8.825160e-01 7.556000e-03 1.099280e-01
100 8.810560e-01 7.616000e-03 1.113280e-01
101 8.796560e-01 7.676000e-03 1.126680e-01
102 8.782720e-01 7.796000e-03 1.139320e-01
103 8.770560e-01 7.636000e-03 1.153080e-01
104 8.755960e-01 7.692000e-03 1.167120e-01
105 8.743320e-01 7.680000e-03 1.179880e-01
106 8.728960e-01 7.916000e-03 1.191880e-01
107 8.716160e-01 7.792000e-03 1.205920e-01
108 8.703760e-01 7.656000e-03 1.219680e-01
109 8.691880e-01 7.480000e-03 1.233320e-01
110 8.680640e-01 7.320000e-03 1.246160e-01
111 8.667920e-01 7.296000e-03 1.259120e-01
112 8.655360e-01 7.240000e-03 1.272240e-01
113 8.644080e-01 7.152000e-03 1.284400e-01
114 8.633440e-01 6.868000e-03 1.297880e-01
115 8.622400e-01 6.788000e-03 1.309720e-01
116 8.610440e-01 6.884000e-03 1.320720e-01
117 8.599280e-01 6.832000e-03 1.332400e-01
118 8.587200e-01 6.868000e-03 1.344120e-01
119 8.576120e-01 6.768000e-03 1.356200e-01
120 8.565520e-01 6.732000e-03 1.367160e-01
121 8.553880e-01 6.776000e-03 1.378360e-01
122 8.541960e-01 6.696000e-03 1.391080e-01
123 8.529920e-01 6.664000e-03 1.403440e-01
124 8.518760e-01 6.588000e-03 1.415360e-01
125 8.507280e-01 6.580000e-03 1.426920e-01
126 8.496280e-01 6.556000e-03 1.438160e-01
127 8.486120e-01 6.556000e-03 1.448320e-01
128 8.475760e-01 6.528000e-03 1.458960e-01
129 8.465760e-01 6.472000e-03 1.469520e-01
130 8.454240e-01 6.488000e-03 1.480880e-01
131 8.443920e-01 6.376000e-03 1.492320e-01
132 8.432600e-01 6.396000e-03 1.503440e-01
133 8.421080e-01 6.540000e-03 1.513520e-01
134 8.410040e-01 6.540000e-03 1.524560e-01
135 8.399160e-01 6.360000e-03 1.537240e-01
136 8.388400e-01 6.308000e-03 1.548520e-01
137 8.378080e-01 6.160000e-03 1.560320e-01
138 8.366880e-01 6.184000e-03 1.571280e-01
139 8.355360e-01 6.308000e-03 1.581560e-01
140 8.344280e-01 6.324000e-03 1.592480e-01
141 8.333480e-01 6.316000e-03 1.603360e-01
142 8.322120e-01 6.368000e-03 1.614200e-01
143 8.312320e-01 6.216000e-03 1.625520e-01
144 8.301800e-01 6.268000e-03 1.635520e-01
145 8.291880e-01 6.072000e-03 1.647400e-01
146 8.281560e-01 6.024000e-03 1.658200e-01
147 8.271600e-01 6.048000e-03 1.667920e-01
148 8.262440e-01 5.920000e-03 1.678360e-01
149 8.252960e-01 5.912000e-03 1.687920e-01
150 8.242320e-01 5.884000e-03 1.698840e-01
151 8.231640e-01 6.012000e-03 1.708240e-01
152 8.221120e-01 5.996000e-03 1.718920e-01
153 8.211120e-01 5.980000e-03 1.729080e-01
154 8.200280e-01 6.008000e-03 1.739640e-01
155 8.189400e-01 6.100000e-03 1.749600e-01
156 8.178840e-01 6.076000e-03 1.760400e-01
157 8.168920e-01 5.988000e-03 1.771200e-01
158 8.157560e-01 6.116000e-03 1.781280e-01
159 8.145800e-01 6.200000e-03 1.792200e-01
160 8.133400e-01 6.340000e-03 1.803200e-01
161 8.122680e-01 6.344000e-03 1.813880e-01
162 8.111880e-01 6.464000e-03 1.823480e-01
163 8.101280e-01 6.400000e-03 1.834720e-01
164 8.089880e-01 6.396000e-03 1.846160e-01
165 8.078640e-01 6.348000e-03 1.857880e-01
166 8.067000e-01 6.392000e-03 1.869080e-01
167 8.056120e-01 6.420000e-03 1.879680e-01
168 8.045760e-01 6.228000e-03 1.891960e-01
169 8.035640e-01 6.208000e-03 1.902280e-01
170 8.025760e-01 6.096000e-03 1.913280e-01
171 8.015280e-01 6.076000e-03 1.923960e-01
172 8.004880e-01 6.020000e-03 1.934920e-01
173 7.993720e-01 6.100000e-03 1.945280e-01
174 7.983320e-01 6.044000e-03 1.956240e-01
175 7.972120e-01 6.144000e-03 1.966440e-01
176 7.962200e-01 6.216000e-03 1.975640e-01
177 7.952360e-01 6.092000e-03 1.986720e-01
178 7.942200e-01 6.112000e-03 1.996680e-01
179 7.932280e-01 6.068000e-03 2.007040e-01
180 7.923320e-01 6.032000e-03 2.016360e-01
181 7.915160e-01 5.784000e-03 2.027000e-01
182 7.906680e-01 5.628000e-03 2.037040e-01
183 7.897800e-01 5.592000e-03 2.046280e-01
184 7.889400e-01 5.484000e-03 2.055760e-01
185 7.880600e-01 5.308000e-03 2.066320e-01
186 7.870920e-01 5.412000e-03 2.074960e-01
187 7.861640e-01 5.364000e-03 2.084720e-01
188 7.852400e-01 5.312000e-03 2.094480e-01
189 7.843640e-01 5.224000e-03 2.104120e-01
190 7.833680e-01 5.236000e-03 2.113960e-01
191 7.824200e-01 5.248000e-03 2.123320e-01
192 7.816120e-01 5.076000e-03 2.133120e-01
193 7.807520e-01 5.140000e-03 2.141080e-01
194 7.799440e-01 5.124000e-03 2.149320e-01
195 7.790480e-01 5.228000e-03 2.157240e-01
196 7.780960e-01 5.224000e-03 2.166800e-01
197 7.771920e-01 5.160000e-03 2.176480e-01
198 7.763560e-01 5.048000e-03 2.185960e-01
199 7.753720e-01 5.124000e-03 2.195040e-01
200 7.744240e-01 5.188000e-03 2.203880e-01
201 7.735480e-01 5.156000e-03 2.212960e-01
202 7.726080e-01 5.296000e-03 2.220960e-01
203 7.716360e-01 5.392000e-03 2.229720e-01
204 7.706960e-01 5.460000e-03 2.238440e-01
205 7.696760e-01 5.456000e-03 2.248680e-01
206 7.687720e-01 5.400000e-03 2.258280e-01
207 7.678520e-01 5.352000e-03 2.267960e-01
208 7.669800e-01 5.200000e-03 2.278200e-01
209 7.660120e-01 5.180000e-03 2.288080e-01
210 7.651560e-01 5.164000e-03 2.296800e-01
211 7.643000e-01 5.156000e-03 2.305440e-01
212 7.634200e-01 5.140000e-03 2.314400e-01
213 7.626600e-01 4.928000e-03 2.324120e-01
214 7.619160e-01 4.704000e-03 2.333800e-01
215 7.612360e-01 4.524000e-03 2.342400e-01
216 7.604480e-01 4.552000e-03 2.350000e-01
217 7.597280e-01 4.504000e-03 2.357680e-01
218 7.590040e-01 4.372000e-03 2.366240e-01
219 7.583520e-01 4.344000e-03 2.373040e-01
220 7.576480e-01 4.296000e-03 2.380560e-01
221 7.570200e-01 4.156000e-03 2.388240e-01
222 7.563160e-01 4.152000e-03 2.395320e-01
223 7.555800e-01 4.184000e-03 2.402360e-01
224 7.549600e-01 4.104000e-03 2.409360e-01
225 7.542240e-01 4.060000e-03 2.417160e-01
226 7.534880e-01 3.924000e-03 2.425880e-01
227 7.528680e-01 3.868000e-03 2.432640e-01
228 7.522520e-01 3.820000e-03 2.439280e-01
229 7.515520e-01 3.800000e-03 2.446480e-01
230 7.510000e-01 3.712000e-03 2.452880e-01
231 7.504200e-01 3.608000e-03 2.459720e-01
232 7.499200e-01 3.536000e-03 2.465440e-01
233 7.493080e-01 3.652000e-03 2.470400e-01
234 7.486560e-01 3.704000e-03 2.476400e-01
235 7.479880e-01 3.764000e-03 2.482480e-01
236 7.473600e-01 3.760000e-03 2.488800e-01
237 7.467640e-01 3.704000e-03 2.495320e-01
238 7.461320e-01 3.644000e-03 2.502240e-01
239 7.455640e-01 3.532000e-03 2.509040e-01
240 7.449160e-01 3.496000e-03 2.515880e-01
241 7.443200e-01 3.508000e-03 2.521720e-01
242 7.436640e-01 3.592000e-03 2.527440e-01
243 7.431000e-01 3.572000e-03 2.533280e-01
244 7.424920e-01 3.628000e-03 2.538800e-01
245 7.418920e-01 3.568000e-03 2.545400e-01
246 7.413480e-01 3.572000e-03 2.550800e-01
247 7.407000e-01 3.660000e-03 2.556400e-01
248 7.401200e-01 3.536000e-03 2.563440e-01
249 7.395680e-01 3.528000e-03 2.569040e-01
250 7.389440e-01 3.544000e-03 2.575120e-01
251 7.383080e-01 3.520000e-03 2.581720e-01
252 7.377960e-01 3.456000e-03 2.587480e-01
253 7.371360e-01 3.516000e-03 2.593480e-01
254 7.364680e-01 3.544000e-03 2.599880e-01
255 7.357880e-01 3.720000e-03 2.604920e-01
256 7.352320e-01 3.656000e-03 2.611120e-01
257 7.345720e-01 3.724000e-03 2.617040e-01
258 7.339000e-01 3.808000e-03 2.622920e-01
259 7.333360e-01 3.688000e-03 2.629760e-01
260 7.326960e-01 3.660000e-03 2.636440e-01
261 7.321000e-01 3.572000e-03 2.643280e-01
262 7.314840e-01 3.592000e-03 2.649240e-01
263 7.309240e-01 3.592000e-03 2.654840e-01
264 7.303640e-01 3.516000e-03 2.661200e-01
265 7.297880e-01 3.504000e-03 2.667080e-01
266 7.291200e-01 3.588000e-03 2.672920e-01
267 7.285480e-01 3.512000e-03 2.679400e-01
268 7.280320e-01 3.392000e-03 2.685760e-01
269 7.274240e-01 3.444000e-03 2.691320e-01
270 7.268040e-01 3.436000e-03 2.697600e-01
271 7.262160e-01 3.376000e-03 2.704080e-01
272 7.256440e-01 3.380000e-03 2.709760e-01
273 7.250440e-01 3.436000e-03 2.715200e-01
274 7.244000e-01 3.536000e-03 2.720640e-01
275 7.237920e-01 3.472000e-03 2.727360e-01
276 7.232680e-01 3.424000e-03 2.733080e-01
277 7.227200e-01 3.352000e-03 2.739280e-01
278 7.222440e-01 3.244000e-03 2.745120e-01
279 7.217960e-01 3.140000e-03 2.750640e-01
280 7.212960e-01 3.064000e-03 2.756400e-01
281 7.207320e-01 3.072000e-03 2.761960e-01
282 7.202960e-01 3.032000e-03 2.766720e-01
283 7.197840e-01 2.948000e-03 2.772680e-01
284 7.192440e-01 2.988000e-03 2.777680e-01
285 7.187480e-01 2.960000e-03 2.782920e-01
286 7.181760e-01 2.972000e-03 2.788520e-01
287 7.176440e-01 2.984000e-03 2.793720e-01
288 7.170440e-01 3.028000e-03 2.799280e-01
289 7.166000e-01 2.976000e-03 2.804240e-01
290 7.160680e-01 3.020000e-03 2.809120e-01
291 7.155240e-01 3.080000e-03 2.813960e-01
292 7.150480e-01 3.048000e-03 2.819040e-01
293 7.143920e-01 3.180000e-03 2.824280e-01
294 7.138120e-01 3.232000e-03 2.829560e-01
295 7.132800e-01 3.276000e-03 2.834440e-01
296 7.126800e-01 3.300000e-03 2.840200e-01
297 7.121040e-01 3.292000e-03 2.846040e-01
298 7.115240e-01 3.284000e-03 2.851920e-01
299 7.109720e-01 3.220000e-03 2.858080e-01
300 7.103560e-01 3.288000e-03 2.863560e-01
301 7.097560e-01 3.320000e-03 2.869240e-01
302 7.092240e-01 3.252000e-03 2.875240e-01
303 7.086720e-01 3.244000e-03 2.880840e-01
304 7.080680e-01 3.228000e-03 2.887040e-01
305 7.074200e-01 3.348000e-03 2.892320e-01
306 7.068240e-01 3.412000e-03 2.897640e-01
307 7.062560e-01 3.316000e-03 2.904280e-01
308 7.057760e-01 3.232000e-03 2.909920e-01
309 7.051880e-01 3.212000e-03 2.916000e-01
310 7.046120e-01 3.204000e-03 2.921840e-01
311 7.040800e-01 3.136000e-03 2.927840e-01
312 7.035280e-01 3.104000e-03 2.933680e-01
313 7.029520e-01 3.180000e-03 2.938680e-01
314 7.024320e-01 3.156000e-03 2.944120e-01
315 7.019080e-01 3.072000e-03 2.950200e-01
316 7.014360e-01 2.960000e-03 2.956040e-01
317 7.009160e-01 2.952000e-03 2.961320e-01
318 7.004320e-01 2.956000e-03 2.966120e-01
319 6.998560e-01 2.992000e-03 2.971520e-01
320 6.993160e-01 2.940000e-03 2.977440e-01
321 6.987360e-01 3.032000e-03 2.982320e-01
322 6.981280e-01 3.140000e-03 2.987320e-01
323 6.975760e-01 3.264000e-03 2.991600e-01
324 6.970200e-01 3.260000e-03 2.997200e-01
325 6.964960e-01 3.272000e-03 3.002320e-01
326 6.959320e-01 3.276000e-03 3.007920e-01
327 6.953000e-01 3.268000e-03 3.014320e-01
328 6.947760e-01 3.280000e-03 3.019440e-01
329 6.942440e-01 3.180000e-03 3.025760e-01
330 6.937080e-01 3.188000e-03 3.031040e-01
331 6.931360e-01 3.284000e-03 3.035800e-01
332 6.925400e-01 3.292000e-03 3.041680e-01
333 6.919800e-01 3.272000e-03 3.047480e-01
334 6.913400e-01 3.360000e-03 3.053000e-01
335 6.907480e-01 3.392000e-03 3.058600e-01
336 6.901200e-01 3.404000e-03 3.064760e-01
337 6.894720e-01 3.536000e-03 3.069920e-01
338 6.887880e-01 3.568000e-03 3.076440e-01
339 6.882040e-01 3.488000e-03 3.083080e-01
340 6.875040e-01 3.556000e-03 3.089400e-01
341 6.868720e-01 3.500000e-03 3.096280e-01
342 6.862160e-01 3.556000e-03 3.102280e-01
343 6.855760e-01 3.584000e-03 3.108400e-01
344 6.850960e-01 3.392000e-03 3.115120e-01
345 6.845800e-01 3.300000e-03 3.121200e-01
346 6.840080e-01 3.228000e-03 3.127640e-01
347 6.834960e-01 3.204000e-03 3.133000e-01
348 6.829720e-01 3.248000e-03 3.137800e-01
349 6.824320e-01 3.152000e-03 3.144160e-01
350 6.819200e-01 3.172000e-03 3.149080e-01
351 6.814280e-01 3.124000e-03 3.154480e-01
352 6.809040e-01 3.032000e-03 3.160640e-01
353 6.803880e-01 3.096000e-03 3.165160e-01
354 6.798160e-01 3.132000e-03 3.170520e-01
355 6.793120e-01 3.132000e-03 3.175560e-01
356 6.787600e-01 3.080000e-03 3.181600e-01
357 6.783240e-01 3.012000e-03 3.186640e-01
358 6.777800e-01 3.012000e-03 3.192080e-01
359 6.772360e-01 3.044000e-03 3.197200e-01
360 6.767640e-01 2.996000e-03 3.202400e-01
361 6.763120e-01 2.876000e-03 3.208120e-01
362 6.759040e-01 2.780000e-03 3.213160e-01
363 6.755040e-01 2.780000e-03 3.217160e-01
364 6.749680e-01 2.912000e-03 3.221200e-01
365 6.744800e-01 2.848000e-03 3.226720e-01
366 6.739880e-01 2.820000e-03 3.231920e-01
367 6.734880e-01 2.792000e-03 3.237200e-01
368 6.730000e-01 2.756000e-03 3.242440e-01
369 6.725680e-01 2.744000e-03 3.246880e-01
370 6.720440e-01 2.748000e-03 3.252080e-01
371 6.714520e-01 2.932000e-03 3.256160e-01
372 6.710080e-01 2.800000e-03 3.261920e-01
373 6.705520e-01 2.780000e-03 3.266680e-01
374 6.699840e-01 2.832000e-03 3.271840e-01
375 6.695400e-01 2.800000e-03 3.276600e-01
376 6.690720e-01 2.796000e-03 3.281320e-01
377 6.685400e-01 2.860000e-03 3.286000e-01
378 6.679920e-01 2.940000e-03 3.290680e-01
379 6.674000e-01 2.988000e-03 3.296120e-01
380 6.667920e-01 3.092000e-03 3.301160e-01
381 6.662080e-01 3.096000e-03 3.306960e-01
382 6.655560e-01 3.220000e-03 3.312240e-01
383 6.649840e-01 3.252000e-03 3.317640e-01
384 6.643800e-01 3.304000e-03 3.323160e-01
385 6.637360e-01 3.420000e-03 3.328440e-01
386 6.631480e-01 3.492000e-03 3.333600e-01
387 6.625680e-01 3.512000e-03 3.339200e-01
388 6.619480e-01 3.516000e-03 3.345360e-01
389 6.613000e-01 3.552000e-03 3.351480e-01
390 6.607000e-01 3.412000e-03 3.358880e-01
391 6.601680e-01 3.420000e-03 3.364120e-01
392 6.596760e-01 3.388000e-03 3.369360e-01
393 6.592440e-01 3.196000e-03 3.375600e-01
394 6.587600e-01 3.072000e-03 3.381680e-01
395 6.583040e-01 2.932000e-03 3.387640e-01
396 6.579040e-01 2.872000e-03 3.392240e-01
397 6.575280e-01 2.812000e-03 3.396600e-01
398 6.571440e-01 2.736000e-03 3.401200e-01
399 6.566360e-01 2.800000e-03 3.405640e-01
400 6.562000e-01 2.752000e-03 3.410480e-01
401 6.558600e-01 2.612000e-03 3.415280e-01
402 6.555080e-01 2.492000e-03 3.420000e-01
403 6.550960e-01 2.408000e-03 3.424960e-01
404 6.546760e-01 2.412000e-03 3.429120e-01
405 6.542760e-01 2.356000e-03 3.433680e-01
406 6.538080e-01 2.416000e-03 3.437760e-01
407 6.534120e-01 2.404000e-03 3.441840e-01
408 6.529760e-01 2.444000e-03 3.445800e-01
409 6.526080e-01 2.332000e-03 3.450600e-01
410 6.521560e-01 2.340000e-03 3.455040e-01
411 6.517440e-01 2.312000e-03 3.459440e-01
412 6.512800e-01 2.364000e-03 3.463560e-01
413 6.508920e-01 2.300000e-03 3.468080e-01
414 6.504840e-01 2.300000e-03 3.472160e-01
415 6.499960e-01 2.360000e-03 3.476440e-01
416 6.495800e-01 2.416000e-03 3.480040e-01
417 6.492000e-01 2.408000e-03 3.483920e-01
418 6.487960e-01 2.368000e-03 3.488360e-01
419 6.483680e-01 2.472000e-03 3.491600e-01
420 6.479280e-01 2.400000e-03 3.496720e-01
421 6.475160e-01 2.356000e-03 3.501280e-01
422 6.471360e-01 2.388000e-03 3.504760e-01
423 6.467560e-01 2.332000e-03 3.509120e-01
424 6.462960e-01 2.392000e-03 3.513120e-01
425 6.458400e-01 2.424000e-03 3.517360e-01
426 6.453840e-01 2.436000e-03 3.521800e-01
427 6.449800e-01 2.468000e-03 3.525520e-01
428 6.445440e-01 2.476000e-03 3.529800e-01
429 6.440760e-01 2.460000e-03 3.534640e-01
430 6.436080e-01 2.480000e-03 3.539120e-01
431 6.432640e-01 2.492000e-03 3.542440e-01
432 6.428480e-01 2.500000e-03 3.546520e-01
433 6.424240e-01 2.616000e-03 3.549600e-01
434 6.420920e-01 2.508000e-03 3.554000e-01
435 6.417040e-01 2.416000e-03 3.558800e-01
436 6.413120e-01 2.376000e-03 3.563120e-01
437 6.409280e-01 2.336000e-03 3.567360e-01
438 6.405200e-01 2.300000e-03 3.571800e-01
439 6.401600e-01 2.252000e-03 3.575880e-01
440 6.397160e-01 2.320000e-03 3.579640e-01
441 6.393000e-01 2.288000e-03 3.584120e-01
442 6.389000e-01 2.320000e-03 3.587800e-01
443 6.384760e-01 2.396000e-03 3.591280e-01
444 6.380760e-01 2.368000e-03 3.595560e-01
445 6.376000e-01 2.472000e-03 3.599280e-01
446 6.371600e-01 2.428000e-03 3.604120e-01
447 6.367400e-01 2.372000e-03 3.608880e-01
448 6.363000e-01 2.292000e-03 3.614080e-01
449 6.358760e-01 2.288000e-03 3.618360e-01
450 6.354840e-01 2.256000e-03 3.622600e-01
451 6.351040e-01 2.272000e-03 3.626240e-01
452 6.346920e-01 2.296000e-03 3.630120e-01
453 6.343600e-01 2.264000e-03 3.633760e-01
454 6.339960e-01 2.228000e-03 3.637760e-01
455 6.336600e-01 2.196000e-03 3.641440e-01
456 6.332400e-01 2.280000e-03 3.644800e-01
457 6.328360e-01 2.288000e-03 3.648760e-01
458 6.324120e-01 2.324000e-03 3.652640e-01
459 6.320120e-01 2.372000e-03 3.656160e-01
460 6.316920e-01 2.240000e-03 3.660680e-01
461 6.313640e-01 2.208000e-03 3.664280e-01
462 6.309840e-01 2.208000e-03 3.668080e-01
463 6.306080e-01 2.256000e-03 3.671360e-01
464 6.303400e-01 2.084000e-03 3.675760e-01
465 6.300240e-01 2.080000e-03 3.678960e-01
466 6.297200e-01 2.012000e-03 3.682680e-01
467 6.293760e-01 2.020000e-03 3.686040e-01
468 6.290120e-01 2.020000e-03 3.689680e-01
469 6.287080e-01 1.980000e-03 3.693120e-01
470 6.284000e-01 1.940000e-03 3.696600e-01
471 6.280960e-01 1.864000e-03 3.700400e-01
472 6.277480e-01 1.884000e-03 3.703680e-01
473 6.273800e-01 1.896000e-03 3.707240e-01
474 6.270280e-01 1.880000e-03 3.710920e-01
475 6.267760e-01 1.856000e-03 3.713680e-01
476 6.264520e-01 1.780000e-03 3.717680e-01
477 6.261480e-01 1.800000e-03 3.720520e-01
478 6.258720e-01 1.748000e-03 3.723800e-01
479 6.255800e-01 1.696000e-03 3.727240e-01
480 6.253120e-01 1.652000e-03 3.730360e-01
481 6.250600e-01 1.604000e-03 3.733360e-01
482 6.248240e-01 1.548000e-03 3.736280e-01
483 6.245600e-01 1.568000e-03 3.738720e-01
484 6.243080e-01 1.504000e-03 3.741880e-01
485 6.240840e-01 1.472000e-03 3.744440e-01
486 6.237880e-01 1.492000e-03 3.747200e-01
487 6.235720e-01 1.432000e-03 3.749960e-01
488 6.233240e-01 1.408000e-03 3.752680e-01
489 6.230680e-01 1.396000e-03 3.755360e-01
490 6.227320e-01 1.516000e-03 3.757520e-01
491 6.224560e-01 1.528000e-03 3.760160e-01
492 6.222280e-01 1.524000e-03 3.762480e-01
493 6.219680e-01 1.524000e-03 3.765080e-01
494 6.217680e-01 1.424000e-03 3.768080e-01
495 6.215640e-01 1.336000e-03 3.771000e-01
496 6.213360e-01 1.340000e-03 3.773240e-01
497 6.211040e-01 1.300000e-03 3.775960e-01
498 6.209080e-01 1.252000e-03 3.778400e-01
499 6.207520e-01 1.184000e-03 3.780640e-01
500 6.205520e-01 1.180000e-03 3.782680e-01
