1 9.991280e-01 7.480000e-04 1.240000e-04
2 9.985160e-01 1.188000e-03 2.960000e-04
3 9.978960e-01 1.548000e-03 5.560000e-04
4 9.973320e-01 1.784000e-03 8.840000e-04
5 9.966040e-01 2.160000e-03 1.236000e-03
6 9.957280e-01 2.644000e-03 1.628000e-03
7 9.948680e-01 3.024000e-03 2.108000e-03
8 9.940040e-01 3.356000e-03 2.640000e-03
9 9.930280e-01 3.804000e-03 3.168000e-03
10 9.918960e-01 4.284000e-03 3.820000e-03
11 9.908840e-01 4.548000e-03 4.568000e-03
12 9.897680e-01 4.868000e-03 5.364000e-03
13 9.887440e-01 5.064000e-03 6.192000e-03
14 9.876080e-01 5.324000e-03 7.068000e-03
15 9.865800e-01 5.404000e-03 8.016000e-03
16 9.855840e-01 5.412000e-03 9.004000e-03
17 9.845320e-01 5.552000e-03 9.916000e-03
18 9.834680e-01 5.584000e-03 1.094800e-02
19 9.823280e-01 5.708000e-03 1.196400e-02
20 9.811040e-01 5.880000e-03 1.301600e-02
21 9.798720e-01 6.048000e-03 1.408000e-02
22 9.784680e-01 6.424000e-03 1.510800e-02
23 9.770280e-01 6.788000e-03 1.618400e-02
24 9.756480e-01 7.048000e-03 1.730400e-02
25 9.742080e-01 7.228000e-03 1.856400e-02
26 9.728200e-01 7.268000e-03 1.991200e-02
27 9.713760e-01 7.424000e-03 2.120000e-02
28 9.699280e-01 7.596000e-03 2.247600e-02
29 9.685160e-01 7.628000e-03 2.385600e-02
30 9.670360e-01 7.776000e-03 2.518800e-02
31 9.657040e-01 7.588000e-03 2.670800e-02
32 9.641160e-01 7.840000e-03 2.804400e-02
33 9.625720e-01 8.008000e-03 2.942000e-02
34 9.609640e-01 8.264000e-03 3.077200e-02
35 9.594880e-01 8.424000e-03 3.208800e-02
36 9.578760e-01 8.640000e-03 3.348400e-02
37 9.563480e-01 8.652000e-03 3.500000e-02
38 9.548600e-01 8.548000e-03 3.659200e-02
39 9.532360e-01 8.804000e-03 3.796000e-02
40 9.516120e-01 8.872000e-03 3.951600e-02
41 9.499720e-01 8.916000e-03 4.111200e-02
42 9.485160e-01 8.804000e-03 4.268000e-02
43 9.468720e-01 8.916000e-03 4.421200e-02
44 9.451600e-01 9.188000e-03 4.565200e-02
45 9.434680e-01 9.292000e-03 4.724000e-02
46 9.418760e-01 9.148000e-03 4.897600e-02
47 9.401680e-01 9.312000e-03 5.052000e-02
48 9.384480e-01 9.312000e-03 5.224000e-02
49 9.368160e-01 9.492000e-03 5.369200e-02
50 9.352080e-01 9.508000e-03 5.528400e-02
51 9.334960e-01 9.640000e-03 5.686400e-02
52 9.320440e-01 9.444000e-03 5.851200e-02
53 9.303480e-01 9.588000e-03 6.006400e-02
54 9.288400e-01 9.476000e-03 6.168400e-02
55 9.272120e-01 9.364000e-03 6.342400e-02
56 9.256720e-01 9.232000e-03 6.509600e-02
57 9.240400e-01 9.392000e-03 6.656800e-02
58 9.225800e-01 9.308000e-03 6.811200e-02
59 9.210080e-01 9.112000e-03 6.988000e-02
60 9.196080e-01 8.996000e-03 7.139600e-02
61 9.180240e-01 9.068000e-03 7.290800e-02
62 9.165000e-01 8.924000e-03 7.457600e-02
63 9.149440e-01 8.928000e-03 7.612800e-02
64 9.133960e-01 8.884000e-03 7.772000e-02
65 9.119080e-01 8.708000e-03 7.938400e-02
66 9.104280e-01 8.604000e-03 8.096800e-02
67 9.089760e-01 8.468000e-03 8.255600e-02
68 9.076200e-01 8.316000e-03 8.406400e-02
69 9.062360e-01 8.356000e-03 8.540800e-02
70 9.047080e-01 8.468000e-03 8.682400e-02
71 9.031040e-01 8.668000e-03 8.822800e-02
72 9.015000e-01 8.788000e-03 8.971200e-02
73 8.999040e-01 8.756000e-03 9.134000e-02
74 8.982280e-01 8.860000e-03 9.291200e-02
75 8.968000e-01 8.676000e-03 9.452400e-02
76 8.953040e-01 8.700000e-03 9.599600e-02
77 8.938200e-01 8.740000e-03 9.744000e-02
78 8.924080e-01 8.652000e-03 9.894000e-02
79 8.909240e-01 8.660000e-03 1.004160e-01
80 8.895480e-01 8.452000e-03 1.020000e-01
81 8.880920e-01 8.476000e-03 1.034320e-01
82 8.868280e-01 8.168000e-03 1.050040e-01
83 8.854320e-01 8.064000e-03 1.065040e-01
84 8.839960e-01 7.980000e-03 1.080240e-01
85 8.825640e-01 7.956000e-03 1.094800e-01
86 8.812680e-01 7.828000e-03 1.109040e-01
87 8.797400e-01 7.988000e-03 1.122720e-01
88 8.783400e-01 7.960000e-03 1.137000e-01
89 8.768240e-01 7.988000e-03 1.151880e-01
90 8.753560e-01 8.044000e-03 1.166000e-01
91 8.739800e-01 7.896000e-03 1.181240e-01
92 8.727040e-01 7.772000e-03 1.195240e-01
93 8.713480e-01 7.756000e-03 1.208960e-01
94 8.700400e-01 7.680000e-03 1.222800e-01
95 8.688480e-01 7.368000e-03 1.237840e-01
96 8.675200e-01 7.376000e-03 1.251040e-01
97 8.663120e-01 7.316000e-03 1.263720e-01
98 8.651480e-01 7.216000e-03 1.276360e-01
99 8.640840e-01 7.024000e-03 1.288920e-01
100 8.627520e-01 7.104000e-03 1.301440e-01
101 8.615440e-01 7.100000e-03 1.313560e-01
102 8.604560e-01 6.964000e-03 1.325800e-01
103 8.593000e-01 6.920000e-03 1.337800e-01
104 8.582200e-01 6.824000e-03 1.349560e-01
105 8.570720e-01 6.728000e-03 1.362000e-01
106 8.558880e-01 6.756000e-03 1.373560e-01
107 8.546520e-01 6.808000e-03 1.385400e-01
108 8.535840e-01 6.672000e-03 1.397440e-01
109 8.523240e-01 6.724000e-03 1.409520e-01
110 8.511440e-01 6.808000e-03 1.420480e-01
111 8.499240e-01 6.896000e-03 1.431800e-01
112 8.488000e-01 6.940000e-03 1.442600e-01
113 8.476480e-01 6.880000e-03 1.454720e-01
114 8.463160e-01 6.940000e-03 1.467440e-01
115 8.451080e-01 6.968000e-03 1.479240e-01
116 8.439440e-01 6.856000e-03 1.492000e-01
117 8.428960e-01 6.716000e-03 1.503880e-01
118 8.418480e-01 6.644000e-03 1.515080e-01
119 8.406520e-01 6.668000e-03 1.526800e-01
120 8.397360e-01 6.388000e-03 1.538760e-01
121 8.387600e-01 6.300000e-03 1.549400e-01
122 8.377000e-01 6.268000e-03 1.560320e-01
123 8.366720e-01 6.224000e-03 1.571040e-01
124 8.354320e-01 6.352000e-03 1.582160e-01
125 8.343840e-01 6.280000e-03 1.593360e-01
126 8.333120e-01 6.336000e-03 1.603520e-01
127 8.322160e-01 6.324000e-03 1.614600e-01
128 8.310920e-01 6.312000e-03 1.625960e-01
129 8.300160e-01 6.276000e-03 1.637080e-01
130 8.290720e-01 6.084000e-03 1.648440e-01
131 8.281960e-01 5.908000e-03 1.658960e-01
132 8.273040e-01 5.832000e-03 1.668640e-01
133 8.263120e-01 5.816000e-03 1.678720e-01
134 8.252920e-01 5.908000e-03 1.688000e-01
135 8.244640e-01 5.792000e-03 1.697440e-01
136 8.234400e-01 5.740000e-03 1.708200e-01
137 8.225200e-01 5.696000e-03 1.717840e-01
138 8.214960e-01 5.720000e-03 1.727840e-01
139 8.204640e-01 5.824000e-03 1.737120e-01
140 8.195880e-01 5.724000e-03 1.746880e-01
141 8.185840e-01 5.680000e-03 1.757360e-01
142 8.175320e-01 5.684000e-03 1.767840e-01
143 8.165080e-01 5.784000e-03 1.777080e-01
144 8.156080e-01 5.584000e-03 1.788080e-01
145 8.147280e-01 5.636000e-03 1.796360e-01
146 8.138440e-01 5.560000e-03 1.805960e-01
147 8.128840e-01 5.484000e-03 1.816320e-01
148 8.118600e-01 5.556000e-03 1.825840e-01
149 8.109440e-01 5.572000e-03 1.834840e-01
150 8.099800e-01 5.568000e-03 1.844520e-01
151 8.091000e-01 5.552000e-03 1.853480e-01
152 8.081120e-01 5.632000e-03 1.862560e-01
153 8.072920e-01 5.500000e-03 1.872080e-01
154 8.064680e-01 5.360000e-03 1.881720e-01
155 8.056600e-01 5.240000e-03 1.891000e-01
156 8.047240e-01 5.172000e-03 1.901040e-01
157 8.039880e-01 4.940000e-03 1.910720e-01
158 8.031200e-01 4.980000e-03 1.919000e-01
159 8.022640e-01 4.908000e-03 1.928280e-01
160 8.013840e-01 4.888000e-03 1.937280e-01
161 8.006080e-01 4.804000e-03 1.945880e-01
162 7.999640e-01 4.668000e-03 1.953680e-01
163 7.991200e-01 4.660000e-03 1.962200e-01
164 7.983560e-01 4.612000e-03 1.970320e-01
165 7.975640e-01 4.612000e-03 1.978240e-01
166 7.967840e-01 4.612000e-03 1.986040e-01
167 7.960840e-01 4.428000e-03 1.994880e-01
168 7.952280e-01 4.608000e-03 2.001640e-01
169 7.944080e-01 4.516000e-03 2.010760e-01
170 7.936400e-01 4.444000e-03 2.019160e-01
171 7.928800e-01 4.420000e-03 2.027000e-01
172 7.920200e-01 4.568000e-03 2.034120e-01
173 7.911240e-01 4.668000e-03 2.042080e-01
174 7.903640e-01 4.668000e-03 2.049680e-01
175 7.894680e-01 4.692000e-03 2.058400e-01
176 7.886520e-01 4.680000e-03 2.066680e-01
177 7.878680e-01 4.716000e-03 2.074160e-01
178 7.871440e-01 4.628000e-03 2.082280e-01
179 7.863800e-01 4.484000e-03 2.091360e-01
180 7.856760e-01 4.368000e-03 2.099560e-01
181 7.849040e-01 4.328000e-03 2.107680e-01
182 7.842200e-01 4.252000e-03 2.115280e-01
183 7.835040e-01 4.244000e-03 2.122520e-01
184 7.827080e-01 4.236000e-03 2.130560e-01
185 7.819040e-01 4.212000e-03 2.138840e-01
186 7.813000e-01 4.024000e-03 2.146760e-01
187 7.806600e-01 3.924000e-03 2.154160e-01
188 7.799640e-01 3.948000e-03 2.160880e-01
189 7.791600e-01 3.984000e-03 2.168560e-01
190 7.784480e-01 3.996000e-03 2.175560e-01
191 7.777440e-01 3.928000e-03 2.183280e-01
192 7.770360e-01 3.964000e-03 2.190000e-01
193 7.762560e-01 3.976000e-03 2.197680e-01
194 7.754800e-01 4.128000e-03 2.203920e-01
195 7.747840e-01 4.088000e-03 2.211280e-01
196 7.739840e-01 4.172000e-03 2.218440e-01
197 7.731800e-01 4.200000e-03 2.226200e-01
198 7.725240e-01 4.120000e-03 2.233560e-01
199 7.718960e-01 4.048000e-03 2.240560e-01
200 7.710880e-01 4.164000e-03 2.247480e-01
201 7.704880e-01 3.968000e-03 2.255440e-01
202 7.696920e-01 4.084000e-03 2.262240e-01
203 7.689600e-01 4.152000e-03 2.268880e-01
204 7.682240e-01 4.120000e-03 2.276560e-01
205 7.674000e-01 4.284000e-03 2.283160e-01
206 7.666920e-01 4.204000e-03 2.291040e-01
207 7.660040e-01 4.132000e-03 2.298640e-01
208 7.653440e-01 4.032000e-03 2.306240e-01
209 7.646280e-01 4.088000e-03 2.312840e-01
210 7.638960e-01 3.972000e-03 2.321320e-01
211 7.631640e-01 4.020000e-03 2.328160e-01
212 7.625080e-01 3.932000e-03 2.335600e-01
213 7.619400e-01 3.892000e-03 2.341680e-01
214 7.613080e-01 3.964000e-03 2.347280e-01
215 7.606160e-01 3.964000e-03 2.354200e-01
216 7.600560e-01 3.832000e-03 2.361120e-01
217 7.593600e-01 3.892000e-03 2.367480e-01
218 7.587040e-01 3.908000e-03 2.373880e-01
219 7.581120e-01 3.812000e-03 2.380760e-01
220 7.574280e-01 3.776000e-03 2.387960e-01
221 7.568760e-01 3.584000e-03 2.395400e-01
222 7.563600e-01 3.492000e-03 2.401480e-01
223 7.557080e-01 3.584000e-03 2.407080e-01
224 7.551440e-01 3.564000e-03 2.412920e-01
225 7.545560e-01 3.552000e-03 2.418920e-01
226 7.539360e-01 3.536000e-03 2.425280e-01
227 7.533600e-01 3.512000e-03 2.431280e-01
228 7.527640e-01 3.448000e-03 2.437880e-01
229 7.521520e-01 3.512000e-03 2.443360e-01
230 7.515520e-01 3.520000e-03 2.449280e-01
231 7.508640e-01 3.584000e-03 2.455520e-01
232 7.502640e-01 3.608000e-03 2.461280e-01
233 7.497120e-01 3.488000e-03 2.468000e-01
234 7.491160e-01 3.544000e-03 2.473400e-01
235 7.484000e-01 3.656000e-03 2.479440e-01
236 7.477160e-01 3.652000e-03 2.486320e-01
237 7.470320e-01 3.768000e-03 2.492000e-01
238 7.465000e-01 3.612000e-03 2.498880e-01
239 7.458840e-01 3.568000e-03 2.505480e-01
240 7.452080e-01 3.588000e-03 2.512040e-01
241 7.445440e-01 3.556000e-03 2.519000e-01
242 7.438440e-01 3.564000e-03 2.525920e-01
243 7.431960e-01 3.616000e-03 2.531880e-01
244 7.425480e-01 3.624000e-03 2.538280e-01
245 7.419200e-01 3.620000e-03 2.544600e-01
246 7.412720e-01 3.544000e-03 2.551840e-01
247 7.406520e-01 3.508000e-03 2.558400e-01
248 7.400520e-01 3.516000e-03 2.564320e-01
249 7.395000e-01 3.480000e-03 2.570200e-01
250 7.389240e-01 3.388000e-03 2.576880e-01
251 7.384560e-01 3.136000e-03 2.584080e-01
252 7.378560e-01 3.228000e-03 2.589160e-01
253 7.373480e-01 3.148000e-03 2.595040e-01
254 7.367360e-01 3.156000e-03 2.601080e-01
255 7.360200e-01 3.356000e-03 2.606240e-01
256 7.354440e-01 3.256000e-03 2.613000e-01
257 7.348840e-01 3.256000e-03 2.618600e-01
258 7.342080e-01 3.340000e-03 2.624520e-01
259 7.334760e-01 3.500000e-03 2.630240e-01
260 7.328160e-01 3.584000e-03 2.636000e-01
261 7.322240e-01 3.560000e-03 2.642160e-01
262 7.317560e-01 3.352000e-03 2.648920e-01
263 7.311520e-01 3.432000e-03 2.654160e-01
264 7.306120e-01 3.476000e-03 2.659120e-01
265 7.301200e-01 3.356000e-03 2.665240e-01
266 7.295880e-01 3.408000e-03 2.670040e-01
267 7.290960e-01 3.388000e-03 2.675160e-01
268 7.286600e-01 3.240000e-03 2.681000e-01
269 7.280800e-01 3.288000e-03 2.686320e-01
270 7.275280e-01 3.260000e-03 2.692120e-01
271 7.269680e-01 3.272000e-03 2.697600e-01
272 7.263800e-01 3.232000e-03 2.703880e-01
273 7.259080e-01 3.128000e-03 2.709640e-01
274 7.253360e-01 3.104000e-03 2.715600e-01
275 7.247760e-01 3.192000e-03 2.720320e-01
276 7.242560e-01 3.216000e-03 2.725280e-01
277 7.237240e-01 3.132000e-03 2.731440e-01
278 7.232640e-01 3.040000e-03 2.736960e-01
279 7.227800e-01 3.152000e-03 2.740680e-01
280 7.222040e-01 3.200000e-03 2.745960e-01
281 7.216600e-01 3.260000e-03 2.750800e-01
282 7.210480e-01 3.328000e-03 2.756240e-01
283 7.204600e-01 3.340000e-03 2.762000e-01
284 7.199200e-01 3.296000e-03 2.767840e-01
285 7.193760e-01 3.304000e-03 2.773200e-01
286 7.188920e-01 3.232000e-03 2.778760e-01
287 7.184080e-01 3.124000e-03 2.784680e-01
288 7.178680e-01 3.160000e-03 2.789720e-01
289 7.174320e-01 3.096000e-03 2.794720e-01
290 7.169760e-01 3.032000e-03 2.799920e-01
291 7.165080e-01 3.024000e-03 2.804680e-01
292 7.160240e-01 2.952000e-03 2.810240e-01
293 7.155200e-01 3.000000e-03 2.814800e-01
294 7.150800e-01 3.020000e-03 2.819000e-01
295 7.145120e-01 3.064000e-03 2.824240e-01
296 7.139680e-01 3.060000e-03 2.829720e-01
297 7.135560e-01 2.920000e-03 2.835240e-01
298 7.131160e-01 2.900000e-03 2.839840e-01
299 7.126640e-01 2.840000e-03 2.844960e-01
300 7.122400e-01 2.720000e-03 2.850400e-01
301 7.117880e-01 2.692000e-03 2.855200e-01
302 7.114520e-01 2.516000e-03 2.860320e-01
303 7.111480e-01 2.392000e-03 2.864600e-01
304 7.107160e-01 2.448000e-03 2.868360e-01
305 7.102520e-01 2.444000e-03 2.873040e-01
306 7.098720e-01 2.384000e-03 2.877440e-01
307 7.095200e-01 2.288000e-03 2.881920e-01
308 7.090840e-01 2.272000e-03 2.886440e-01
309 7.087120e-01 2.268000e-03 2.890200e-01
310 7.083480e-01 2.232000e-03 2.894200e-01
311 7.079440e-01 2.220000e-03 2.898360e-01
312 7.074680e-01 2.300000e-03 2.902320e-01
313 7.070640e-01 2.312000e-03 2.906240e-01
314 7.067000e-01 2.292000e-03 2.910080e-01
315 7.062840e-01 2.272000e-03 2.914440e-01
316 7.059240e-01 2.240000e-03 2.918360e-01
317 7.055680e-01 2.168000e-03 2.922640e-01
318 7.052640e-01 2.076000e-03 2.926600e-01
319 7.049400e-01 2.004000e-03 2.930560e-01
320 7.046760e-01 1.920000e-03 2.934040e-01
321 7.043200e-01 1.936000e-03 2.937440e-01
322 7.040040e-01 1.896000e-03 2.941000e-01
323 7.036880e-01 1.904000e-03 2.944080e-01
324 7.033080e-01 1.948000e-03 2.947440e-01
325 7.029920e-01 1.968000e-03 2.950400e-01
326 7.026520e-01 1.912000e-03 2.954360e-01
327 7.023000e-01 1.896000e-03 2.958040e-01
328 7.019800e-01 1.792000e-03 2.962280e-01
329 7.016640e-01 1.804000e-03 2.965320e-01
330 7.013560e-01 1.736000e-03 2.969080e-01
331 7.010200e-01 1.748000e-03 2.972320e-01
332 7.006400e-01 1.840000e-03 2.975200e-01
333 7.003160e-01 1.824000e-03 2.978600e-01
334 7.000280e-01 1.812000e-03 2.981600e-01
335 6.996920e-01 1.864000e-03 2.984440e-01
336 6.993720e-01 1.804000e-03 2.988240e-01
337 6.990760e-01 1.760000e-03 2.991640e-01
338 6.987520e-01 1.756000e-03 2.994920e-01
339 6.984160e-01 1.784000e-03 2.998000e-01
340 6.980920e-01 1.736000e-03 3.001720e-01
341 6.977760e-01 1.688000e-03 3.005360e-01
342 6.974840e-01 1.680000e-03 3.008360e-01
343 6.971920e-01 1.648000e-03 3.011600e-01
344 6.968640e-01 1.692000e-03 3.014440e-01
345 6.965840e-01 1.732000e-03 3.016840e-01
346 6.962560e-01 1.792000e-03 3.019520e-01
347 6.958920e-01 1.836000e-03 3.022720e-01
348 6.955880e-01 1.812000e-03 3.026000e-01
349 6.952880e-01 1.784000e-03 3.029280e-01
350 6.949720e-01 1.752000e-03 3.032760e-01
351 6.946400e-01 1.720000e-03 3.036400e-01
352 6.943120e-01 1.688000e-03 3.040000e-01
353 6.940040e-01 1.708000e-03 3.042880e-01
354 6.936640e-01 1.736000e-03 3.046000e-01
355 6.933000e-01 1.788000e-03 3.049120e-01
356 6.929960e-01 1.788000e-03 3.052160e-01
357 6.927640e-01 1.736000e-03 3.055000e-01
358 6.924760e-01 1.696000e-03 3.058280e-01
359 6.922440e-01 1.604000e-03 3.061520e-01
360 6.919400e-01 1.580000e-03 3.064800e-01
361 6.917080e-01 1.540000e-03 3.067520e-01
362 6.914320e-01 1.508000e-03 3.070600e-01
363 6.912600e-01 1.392000e-03 3.073480e-01
364 6.910600e-01 1.360000e-03 3.075800e-01
365 6.908800e-01 1.320000e-03 3.078000e-01
366 6.906520e-01 1.272000e-03 3.080760e-01
367 6.903880e-01 1.332000e-03 3.082800e-01
368 6.901320e-01 1.320000e-03 3.085480e-01
369 6.899160e-01 1.316000e-03 3.087680e-01
370 6.896920e-01 1.244000e-03 3.090640e-01
371 6.894640e-01 1.280000e-03 3.092560e-01
372 6.892280e-01 1.316000e-03 3.094560e-01
373 6.889960e-01 1.312000e-03 3.096920e-01
374 6.886800e-01 1.408000e-03 3.099120e-01
375 6.884280e-01 1.396000e-03 3.101760e-01
376 6.881960e-01 1.376000e-03 3.104280e-01
377 6.879280e-01 1.344000e-03 3.107280e-01
378 6.877440e-01 1.320000e-03 3.109360e-01
379 6.875200e-01 1.328000e-03 3.111520e-01
380 6.873160e-01 1.328000e-03 3.113560e-01
381 6.870320e-01 1.336000e-03 3.116320e-01
382 6.868280e-01 1.348000e-03 3.118240e-01
383 6.865720e-01 1.364000e-03 3.120640e-01
384 6.863320e-01 1.352000e-03 3.123160e-01
385 6.860800e-01 1.360000e-03 3.125600e-01
386 6.858280e-01 1.396000e-03 3.127760e-01
387 6.855120e-01 1.472000e-03 3.130160e-01
388 6.852240e-01 1.500000e-03 3.132760e-01
389 6.849920e-01 1.484000e-03 3.135240e-01
390 6.847360e-01 1.436000e-03 3.138280e-01
391 6.844600e-01 1.436000e-03 3.141040e-01
392 6.842040e-01 1.440000e-03 3.143560e-01
393 6.838920e-01 1.476000e-03 3.146320e-01
394 6.836760e-01 1.420000e-03 3.149040e-01
395 6.834360e-01 1.392000e-03 3.151720e-01
396 6.831280e-01 1.428000e-03 3.154440e-01
397 6.828760e-01 1.412000e-03 3.157120e-01
398 6.825760e-01 1.480000e-03 3.159440e-01
399 6.823280e-01 1.476000e-03 3.161960e-01
400 6.820920e-01 1.456000e-03 3.164520e-01
401 6.818600e-01 1.440000e-03 3.167000e-01
402 6.815840e-01 1.476000e-03 3.169400e-01
403 6.813120e-01 1.476000e-03 3.172120e-01
404 6.810720e-01 1.444000e-03 3.174840e-01
405 6.808120e-01 1.436000e-03 3.177520e-01
406 6.805800e-01 1.464000e-03 3.179560e-01
407 6.802480e-01 1.560000e-03 3.181920e-01
408 6.799600e-01 1.576000e-03 3.184640e-01
409 6.797000e-01 1.540000e-03 3.187600e-01
410 6.794200e-01 1.504000e-03 3.190760e-01
411 6.790760e-01 1.620000e-03 3.193040e-01
412 6.788040e-01 1.616000e-03 3.195800e-01
413 6.785520e-01 1.552000e-03 3.198960e-01
414 6.782520e-01 1.604000e-03 3.201440e-01
415 6.780160e-01 1.592000e-03 3.203920e-01
416 6.777840e-01 1.540000e-03 3.206760e-01
417 6.774880e-01 1.572000e-03 3.209400e-01
418 6.772560e-01 1.552000e-03 3.211920e-01
419 6.770160e-01 1.508000e-03 3.214760e-01
420 6.767760e-01 1.540000e-03 3.216840e-01
421 6.765160e-01 1.512000e-03 3.219720e-01
422 6.762880e-01 1.544000e-03 3.221680e-01
423 6.760760e-01 1.428000e-03 3.224960e-01
424 6.758600e-01 1.400000e-03 3.227400e-01
425 6.756240e-01 1.380000e-03 3.229960e-01
426 6.753440e-01 1.392000e-03 3.232640e-01
427 6.751080e-01 1.380000e-03 3.235120e-01
428 6.748280e-01 1.424000e-03 3.237480e-01
429 6.745080e-01 1.528000e-03 3.239640e-01
430 6.742080e-01 1.560000e-03 3.242320e-01
431 6.739520e-01 1.568000e-03 3.244800e-01
432 6.736640e-01 1.600000e-03 3.247360e-01
433 6.734400e-01 1.592000e-03 3.249680e-01
434 6.731360e-01 1.612000e-03 3.252520e-01
435 6.727880e-01 1.632000e-03 3.255800e-01
436 6.724960e-01 1.592000e-03 3.259120e-01
437 6.722920e-01 1.536000e-03 3.261720e-01
438 6.720240e-01 1.588000e-03 3.263880e-01
439 6.718200e-01 1.532000e-03 3.266480e-01
440 6.716320e-01 1.472000e-03 3.268960e-01
441 6.714480e-01 1.392000e-03 3.271600e-01
442 6.712440e-01 1.296000e-03 3.274600e-01
443 6.710200e-01 1.296000e-03 3.276840e-01
444 6.708240e-01 1.256000e-03 3.279200e-01
445 6.706040e-01 1.268000e-03 3.281280e-01
446 6.703400e-01 1.312000e-03 3.283480e-01
447 6.701320e-01 1.300000e-03 3.285680e-01
448 6.699320e-01 1.296000e-03 3.287720e-01
449 6.697760e-01 1.260000e-03 3.289640e-01
450 6.695840e-01 1.220000e-03 3.291960e-01
451 6.694040e-01 1.228000e-03 3.293680e-01
452 6.692440e-01 1.176000e-03 3.295800e-01
453 6.690760e-01 1.124000e-03 3.298000e-01
454 6.689600e-01 1.092000e-03 3.299480e-01
455 6.688200e-01 1.100000e-03 3.300800e-01
456 6.686840e-01 1.084000e-03 3.302320e-01
457 6.685560e-01 1.000000e-03 3.304440e-01
458 6.684120e-01 9.560000e-04 3.306320e-01
459 6.682400e-01 9.560000e-04 3.308040e-01
460 6.681160e-01 9.080000e-04 3.309760e-01
461 6.679400e-01 8.880000e-04 3.311720e-01
462 6.677840e-01 8.920000e-04 3.313240e-01
463 6.676520e-01 8.520000e-04 3.314960e-01
464 6.675280e-01 8.720000e-04 3.316000e-01
465 6.673760e-01 8.480000e-04 3.317760e-01
466 6.672560e-01 8.120000e-04 3.319320e-01
467 6.671360e-01 8.040000e-04 3.320600e-01
468 6.669680e-01 8.360000e-04 3.321960e-01
469 6.667640e-01 9.080000e-04 3.323280e-01
470 6.666200e-01 9.040000e-04 3.324760e-01
471 6.664840e-01 8.800000e-04 3.326360e-01
472 6.663160e-01 9.360000e-04 3.327480e-01
473 6.661800e-01 9.040000e-04 3.329160e-01
474 6.660560e-01 8.760000e-04 3.330680e-01
475 6.659080e-01 8.880000e-04 3.332040e-01
476 6.657640e-01 8.800000e-04 3.333560e-01
477 6.656400e-01 8.560000e-04 3.335040e-01
478 6.655000e-01 8.480000e-04 3.336520e-01
479 6.653720e-01 8.320000e-04 3.337960e-01
480 6.652040e-01 8.760000e-04 3.339200e-01
481 6.650800e-01 8.880000e-04 3.340320e-01
482 6.650040e-01 8.200000e-04 3.341760e-01
483 6.648800e-01 7.760000e-04 3.343440e-01
484 6.647280e-01 7.720000e-04 3.345000e-01
485 6.645840e-01 7.600000e-04 3.346560e-01
486 6.644160e-01 8.120000e-04 3.347720e-01
487 6.642280e-01 8.960000e-04 3.348760e-01
488 6.640640e-01 8.840000e-04 3.350520e-01
489 6.638840e-01 8.840000e-04 3.352320e-01
490 6.637160e-01 8.760000e-04 3.354080e-01
491 6.635760e-01 8.320000e-04 3.355920e-01
492 6.634320e-01 8.160000e-04 3.357520e-01
493 6.632880e-01 8.280000e-04 3.358840e-01
494 6.631480e-01 7.880000e-04 3.360640e-01
495 6.629800e-01 8.160000e-04 3.362040e-01
496 6.628560e-01 7.600000e-04 3.363840e-01
497 6.626920e-01 7.720000e-04 3.365360e-01
498 6.625080e-01 8.400000e-04 3.366520e-01
499 6.623480e-01 8.280000e-04 3.368240e-01
500 6.622120e-01 8.040000e-04 3.369840e-01
