1 9.992440e-01 6.360000e-04 1.200000e-04
2 9.987480e-01 9.880000e-04 2.640000e-04
3 9.982080e-01 1.312000e-03 4.800000e-04
4 9.976320e-01 1.592000e-03 7.760000e-04
5 9.969920e-01 1.896000e-03 1.112000e-03
6 9.963960e-01 2.080000e-03 1.524000e-03
7 9.958160e-01 2.268000e-03 1.916000e-03
8 9.950400e-01 2.632000e-03 2.328000e-03
9 9.942360e-01 2.928000e-03 2.836000e-03
10 9.934840e-01 3.096000e-03 3.420000e-03
11 9.926000e-01 3.476000e-03 3.924000e-03
12 9.917960e-01 3.660000e-03 4.544000e-03
13 9.909120e-01 3.944000e-03 5.144000e-03
14 9.898800e-01 4.196000e-03 5.924000e-03
15 9.888080e-01 4.560000e-03 6.632000e-03
16 9.877240e-01 4.808000e-03 7.468000e-03
17 9.865960e-01 5.052000e-03 8.352000e-03
18 9.853560e-01 5.280000e-03 9.364000e-03
19 9.842760e-01 5.480000e-03 1.024400e-02
20 9.828880e-01 5.876000e-03 1.123600e-02
21 9.814200e-01 6.256000e-03 1.232400e-02
22 9.801120e-01 6.456000e-03 1.343200e-02
23 9.787960e-01 6.584000e-03 1.462000e-02
24 9.773600e-01 6.944000e-03 1.569600e-02
25 9.759400e-01 7.052000e-03 1.700800e-02
26 9.744560e-01 7.256000e-03 1.828800e-02
27 9.730760e-01 7.348000e-03 1.957600e-02
28 9.717360e-01 7.428000e-03 2.083600e-02
29 9.704480e-01 7.396000e-03 2.215600e-02
30 9.690240e-01 7.568000e-03 2.340800e-02
31 9.675280e-01 7.776000e-03 2.469600e-02
32 9.659560e-01 7.844000e-03 2.620000e-02
33 9.643320e-01 8.124000e-03 2.754400e-02
34 9.628520e-01 8.152000e-03 2.899600e-02
35 9.612040e-01 8.348000e-03 3.044800e-02
36 9.596520e-01 8.500000e-03 3.184800e-02
37 9.581680e-01 8.560000e-03 3.327200e-02
38 9.567160e-01 8.400000e-03 3.488400e-02
39 9.550560e-01 8.600000e-03 3.634400e-02
40 9.536000e-01 8.600000e-03 3.780000e-02
41 9.521280e-01 8.564000e-03 3.930800e-02
42 9.507840e-01 8.452000e-03 4.076400e-02
43 9.491040e-01 8.588000e-03 4.230800e-02
44 9.475560e-01 8.652000e-03 4.379200e-02
45 9.458840e-01 8.644000e-03 4.547200e-02
46 9.444200e-01 8.596000e-03 4.698400e-02
47 9.428040e-01 8.752000e-03 4.844400e-02
48 9.412040e-01 8.720000e-03 5.007600e-02
49 9.397240e-01 8.704000e-03 5.157200e-02
50 9.382760e-01 8.644000e-03 5.308000e-02
51 9.368360e-01 8.620000e-03 5.454400e-02
52 9.351360e-01 8.792000e-03 5.607200e-02
53 9.335360e-01 8.852000e-03 5.761200e-02
54 9.317240e-01 9.084000e-03 5.919200e-02
55 9.300360e-01 9.156000e-03 6.080800e-02
56 9.283240e-01 9.312000e-03 6.236400e-02
57 9.265560e-01 9.432000e-03 6.401200e-02
58 9.247320e-01 9.648000e-03 6.562000e-02
59 9.228000e-01 9.828000e-03 6.737200e-02
60 9.208840e-01 1.005200e-02 6.906400e-02
61 9.192680e-01 9.884000e-03 7.084800e-02
62 9.174720e-01 9.984000e-03 7.254400e-02
63 9.157040e-01 1.000000e-02 7.429600e-02
64 9.141400e-01 9.700000e-03 7.616000e-02
65 9.126160e-01 9.580000e-03 7.780400e-02
66 9.108400e-01 9.524000e-03 7.963600e-02
67 9.091040e-01 9.624000e-03 8.127200e-02
68 9.072800e-01 9.816000e-03 8.290400e-02
69 9.057080e-01 9.640000e-03 8.465200e-02
70 9.041760e-01 9.532000e-03 8.629200e-02
71 9.026720e-01 9.388000e-03 8.794000e-02
72 9.008560e-01 9.480000e-03 8.966400e-02
73 8.991960e-01 9.512000e-03 9.129200e-02
74 8.977320e-01 9.240000e-03 9.302800e-02
75 8.961560e-01 9.268000e-03 9.457600e-02
76 8.946840e-01 9.216000e-03 9.610000e-02
77 8.932040e-01 9.156000e-03 9.764000e-02
78 8.917560e-01 9.084000e-03 9.916000e-02
79 8.902440e-01 8.972000e-03 1.007840e-01
80 8.887880e-01 8.948000e-03 1.022640e-01
81 8.873600e-01 8.724000e-03 1.039160e-01
82 8.860440e-01 8.512000e-03 1.054440e-01
83 8.845320e-01 8.408000e-03 1.070600e-01
84 8.829840e-01 8.532000e-03 1.084840e-01
85 8.814720e-01 8.564000e-03 1.099640e-01
86 8.797840e-01 8.668000e-03 1.115480e-01
87 8.781680e-01 8.868000e-03 1.129640e-01
88 8.766920e-01 8.736000e-03 1.145720e-01
89 8.754000e-01 8.432000e-03 1.161680e-01
90 8.738400e-01 8.596000e-03 1.175640e-01
91 8.724280e-01 8.468000e-03 1.191040e-01
92 8.711160e-01 8.300000e-03 1.205840e-01
93 8.697440e-01 8.128000e-03 1.221280e-01
94 8.684080e-01 7.960000e-03 1.236320e-01
95 8.671680e-01 7.848000e-03 1.249840e-01
96 8.658400e-01 7.844000e-03 1.263160e-01
97 8.646280e-01 7.588000e-03 1.277840e-01
98 8.634200e-01 7.464000e-03 1.291160e-01
99 8.623480e-01 7.240000e-03 1.304120e-01
100 8.611320e-01 7.184000e-03 1.316840e-01
101 8.600320e-01 7.036000e-03 1.329320e-01
102 8.588720e-01 7.008000e-03 1.341200e-01
103 8.576120e-01 7.112000e-03 1.352760e-01
104 8.564600e-01 7.052000e-03 1.364880e-01
105 8.552640e-01 7.008000e-03 1.377280e-01
106 8.540040e-01 7.036000e-03 1.389600e-01
107 8.528760e-01 7.088000e-03 1.400360e-01
108 8.515480e-01 7.184000e-03 1.412680e-01
109 8.503680e-01 7.124000e-03 1.425080e-01
110 8.489840e-01 7.160000e-03 1.438560e-01
111 8.477800e-01 7.092000e-03 1.451280e-01
112 8.466040e-01 6.932000e-03 1.464640e-01
113 8.454360e-01 6.836000e-03 1.477280e-01
114 8.441400e-01 6.908000e-03 1.489520e-01
115 8.428680e-01 6.972000e-03 1.501600e-01
116 8.416800e-01 6.920000e-03 1.514000e-01
117 8.404960e-01 6.968000e-03 1.525360e-01
118 8.394160e-01 6.848000e-03 1.537360e-01
119 8.382200e-01 6.840000e-03 1.549400e-01
120 8.370200e-01 6.736000e-03 1.562440e-01
121 8.359880e-01 6.632000e-03 1.573800e-01
122 8.349320e-01 6.568000e-03 1.585000e-01
123 8.337800e-01 6.560000e-03 1.596600e-01
124 8.325840e-01 6.676000e-03 1.607400e-01
125 8.314240e-01 6.764000e-03 1.618120e-01
126 8.303600e-01 6.708000e-03 1.629320e-01
127 8.292840e-01 6.600000e-03 1.641160e-01
128 8.282240e-01 6.564000e-03 1.652120e-01
129 8.271320e-01 6.484000e-03 1.663840e-01
130 8.261160e-01 6.504000e-03 1.673800e-01
131 8.250120e-01 6.580000e-03 1.684080e-01
132 8.240360e-01 6.392000e-03 1.695720e-01
133 8.229800e-01 6.256000e-03 1.707640e-01
134 8.218800e-01 6.200000e-03 1.719200e-01
135 8.209520e-01 6.004000e-03 1.730440e-01
136 8.198760e-01 6.056000e-03 1.740680e-01
137 8.188440e-01 6.064000e-03 1.750920e-01
138 8.178880e-01 5.876000e-03 1.762360e-01
139 8.170680e-01 5.784000e-03 1.771480e-01
140 8.161120e-01 5.624000e-03 1.782640e-01
141 8.152240e-01 5.444000e-03 1.793320e-01
142 8.143280e-01 5.440000e-03 1.802320e-01
143 8.134640e-01 5.308000e-03 1.812280e-01
144 8.126720e-01 5.112000e-03 1.822160e-01
145 8.117400e-01 5.108000e-03 1.831520e-01
146 8.108840e-01 5.072000e-03 1.840440e-01
147 8.098720e-01 5.188000e-03 1.849400e-01
148 8.088680e-01 5.348000e-03 1.857840e-01
149 8.078240e-01 5.476000e-03 1.867000e-01
150 8.068280e-01 5.540000e-03 1.876320e-01
151 8.058880e-01 5.484000e-03 1.886280e-01
152 8.050280e-01 5.484000e-03 1.894880e-01
153 8.041760e-01 5.352000e-03 1.904720e-01
154 8.034160e-01 5.248000e-03 1.913360e-01
155 8.025640e-01 5.180000e-03 1.922560e-01
156 8.017320e-01 5.108000e-03 1.931600e-01
157 8.008920e-01 5.028000e-03 1.940800e-01
158 8.000080e-01 5.036000e-03 1.949560e-01
159 7.990000e-01 5.244000e-03 1.957560e-01
160 7.980280e-01 5.236000e-03 1.967360e-01
161 7.970760e-01 5.360000e-03 1.975640e-01
162 7.961640e-01 5.292000e-03 1.985440e-01
163 7.951920e-01 5.332000e-03 1.994760e-01
164 7.942680e-01 5.284000e-03 2.004480e-01
165 7.933680e-01 5.256000e-03 2.013760e-01
166 7.924880e-01 5.216000e-03 2.022960e-01
167 7.915760e-01 5.128000e-03 2.032960e-01
168 7.906960e-01 5.148000e-03 2.041560e-01
169 7.898880e-01 5.060000e-03 2.050520e-01
170 7.891400e-01 4.968000e-03 2.058920e-01
171 7.882800e-01 5.008000e-03 2.067120e-01
172 7.875560e-01 4.800000e-03 2.076440e-01
173 7.868800e-01 4.628000e-03 2.084920e-01
174 7.861040e-01 4.696000e-03 2.092000e-01
175 7.853280e-01 4.684000e-03 2.099880e-01
176 7.845200e-01 4.752000e-03 2.107280e-01
177 7.837240e-01 4.584000e-03 2.116920e-01
178 7.829160e-01 4.564000e-03 2.125200e-01
179 7.821680e-01 4.468000e-03 2.133640e-01
180 7.815280e-01 4.324000e-03 2.141480e-01
181 7.808440e-01 4.192000e-03 2.149640e-01
182 7.801600e-01 4.208000e-03 2.156320e-01
183 7.795680e-01 4.080000e-03 2.163520e-01
184 7.788600e-01 3.996000e-03 2.171440e-01
185 7.782640e-01 3.976000e-03 2.177600e-01
186 7.775760e-01 3.976000e-03 2.184480e-01
187 7.768960e-01 3.964000e-03 2.191400e-01
188 7.763120e-01 3.840000e-03 2.198480e-01
189 7.756960e-01 3.792000e-03 2.205120e-01
190 7.750960e-01 3.736000e-03 2.211680e-01
191 7.744920e-01 3.700000e-03 2.218080e-01
192 7.738320e-01 3.736000e-03 2.224320e-01
193 7.730960e-01 3.788000e-03 2.231160e-01
194 7.725160e-01 3.704000e-03 2.237800e-01
195 7.719720e-01 3.596000e-03 2.244320e-01
196 7.713120e-01 3.564000e-03 2.251240e-01
197 7.707280e-01 3.500000e-03 2.257720e-01
198 7.700520e-01 3.584000e-03 2.263640e-01
199 7.695040e-01 3.540000e-03 2.269560e-01
200 7.689560e-01 3.516000e-03 2.275280e-01
201 7.683600e-01 3.632000e-03 2.280080e-01
202 7.678240e-01 3.620000e-03 2.285560e-01
203 7.672440e-01 3.548000e-03 2.292080e-01
204 7.666360e-01 3.636000e-03 2.297280e-01
205 7.660440e-01 3.660000e-03 2.302960e-01
206 7.654040e-01 3.628000e-03 2.309680e-01
207 7.647800e-01 3.636000e-03 2.315840e-01
208 7.642520e-01 3.552000e-03 2.321960e-01
209 7.637400e-01 3.380000e-03 2.328800e-01
210 7.632280e-01 3.336000e-03 2.334360e-01
211 7.627400e-01 3.288000e-03 2.339720e-01
212 7.622480e-01 3.260000e-03 2.344920e-01
213 7.616920e-01 3.312000e-03 2.349960e-01
214 7.611560e-01 3.352000e-03 2.354920e-01
215 7.605440e-01 3.364000e-03 2.360920e-01
216 7.599840e-01 3.360000e-03 2.366560e-01
217 7.593840e-01 3.420000e-03 2.371960e-01
218 7.587920e-01 3.424000e-03 2.377840e-01
219 7.582120e-01 3.368000e-03 2.384200e-01
220 7.576760e-01 3.324000e-03 2.390000e-01
221 7.571280e-01 3.260000e-03 2.396120e-01
222 7.565800e-01 3.256000e-03 2.401640e-01
223 7.560320e-01 3.216000e-03 2.407520e-01
224 7.555120e-01 3.128000e-03 2.413600e-01
225 7.550160e-01 3.088000e-03 2.418960e-01
226 7.545360e-01 3.012000e-03 2.424520e-01
227 7.540640e-01 2.952000e-03 2.429840e-01
228 7.536720e-01 2.848000e-03 2.434800e-01
229 7.532080e-01 2.820000e-03 2.439720e-01
230 7.527600e-01 2.788000e-03 2.444520e-01
231 7.523320e-01 2.756000e-03 2.449120e-01
232 7.518600e-01 2.692000e-03 2.454480e-01
233 7.513760e-01 2.708000e-03 2.459160e-01
234 7.509480e-01 2.648000e-03 2.464040e-01
235 7.504800e-01 2.624000e-03 2.468960e-01
236 7.499840e-01 2.588000e-03 2.474280e-01
237 7.495800e-01 2.440000e-03 2.479800e-01
238 7.491640e-01 2.448000e-03 2.483880e-01
239 7.487000e-01 2.424000e-03 2.488760e-01
240 7.482440e-01 2.400000e-03 2.493560e-01
241 7.477320e-01 2.516000e-03 2.497520e-01
242 7.472360e-01 2.628000e-03 2.501360e-01
243 7.467480e-01 2.604000e-03 2.506480e-01
244 7.462520e-01 2.656000e-03 2.510920e-01
245 7.458200e-01 2.660000e-03 2.515200e-01
246 7.454400e-01 2.580000e-03 2.519800e-01
247 7.449920e-01 2.572000e-03 2.524360e-01
248 7.446560e-01 2.460000e-03 2.528840e-01
249 7.442080e-01 2.516000e-03 2.532760e-01
250 7.438480e-01 2.468000e-03 2.536840e-01
251 7.434240e-01 2.488000e-03 2.540880e-01
252 7.430120e-01 2.452000e-03 2.545360e-01
253 7.425320e-01 2.452000e-03 2.550160e-01
254 7.420480e-01 2.468000e-03 2.554840e-01
255 7.416120e-01 2.488000e-03 2.559000e-01
256 7.411680e-01 2.504000e-03 2.563280e-01
257 7.407560e-01 2.504000e-03 2.567400e-01
258 7.403160e-01 2.516000e-03 2.571680e-01
259 7.398960e-01 2.528000e-03 2.575760e-01
260 7.394120e-01 2.500000e-03 2.580880e-01
261 7.390480e-01 2.408000e-03 2.585440e-01
262 7.386600e-01 2.360000e-03 2.589800e-01
263 7.382600e-01 2.360000e-03 2.593800e-01
264 7.379080e-01 2.264000e-03 2.598280e-01
265 7.375160e-01 2.276000e-03 2.602080e-01
266 7.371160e-01 2.252000e-03 2.606320e-01
267 7.366760e-01 2.256000e-03 2.610680e-01
268 7.363240e-01 2.228000e-03 2.614480e-01
269 7.359440e-01 2.228000e-03 2.618280e-01
270 7.355240e-01 2.288000e-03 2.621880e-01
271 7.350720e-01 2.284000e-03 2.626440e-01
272 7.346000e-01 2.336000e-03 2.630640e-01
273 7.342160e-01 2.260000e-03 2.635240e-01
274 7.338120e-01 2.256000e-03 2.639320e-01
275 7.334400e-01 2.256000e-03 2.643040e-01
276 7.330680e-01 2.256000e-03 2.646760e-01
277 7.326400e-01 2.372000e-03 2.649880e-01
278 7.323040e-01 2.188000e-03 2.655080e-01
279 7.319800e-01 2.156000e-03 2.658640e-01
280 7.316080e-01 2.208000e-03 2.661840e-01
281 7.312160e-01 2.264000e-03 2.665200e-01
282 7.308520e-01 2.252000e-03 2.668960e-01
283 7.304080e-01 2.284000e-03 2.673080e-01
284 7.300520e-01 2.292000e-03 2.676560e-01
285 7.297200e-01 2.320000e-03 2.679600e-01
286 7.293040e-01 2.396000e-03 2.683000e-01
287 7.288720e-01 2.440000e-03 2.686880e-01
288 7.284880e-01 2.428000e-03 2.690840e-01
289 7.280640e-01 2.384000e-03 2.695520e-01
290 7.277160e-01 2.320000e-03 2.699640e-01
291 7.272800e-01 2.360000e-03 2.703600e-01
292 7.268880e-01 2.368000e-03 2.707440e-01
293 7.265200e-01 2.292000e-03 2.711880e-01
294 7.261400e-01 2.244000e-03 2.716160e-01
295 7.258160e-01 2.228000e-03 2.719560e-01
296 7.255240e-01 2.176000e-03 2.723000e-01
297 7.252440e-01 2.064000e-03 2.726920e-01
298 7.249400e-01 2.024000e-03 2.730360e-01
299 7.246320e-01 1.956000e-03 2.734120e-01
300 7.243400e-01 1.952000e-03 2.737080e-01
301 7.240800e-01 1.844000e-03 2.740760e-01
302 7.238120e-01 1.780000e-03 2.744080e-01
303 7.235520e-01 1.760000e-03 2.746880e-01
304 7.232840e-01 1.724000e-03 2.749920e-01
305 7.230360e-01 1.740000e-03 2.752240e-01
306 7.228160e-01 1.652000e-03 2.755320e-01
307 7.225360e-01 1.640000e-03 2.758240e-01
308 7.222840e-01 1.616000e-03 2.761000e-01
309 7.221000e-01 1.472000e-03 2.764280e-01
310 7.219240e-01 1.420000e-03 2.766560e-01
311 7.217360e-01 1.328000e-03 2.769360e-01
312 7.215400e-01 1.320000e-03 2.771400e-01
313 7.213400e-01 1.312000e-03 2.773480e-01
314 7.211840e-01 1.240000e-03 2.775760e-01
315 7.210320e-01 1.160000e-03 2.778080e-01
316 7.208640e-01 1.140000e-03 2.779960e-01
317 7.206840e-01 1.136000e-03 2.781800e-01
318 7.205440e-01 1.100000e-03 2.783560e-01
319 7.203480e-01 1.104000e-03 2.785480e-01
320 7.201560e-01 1.104000e-03 2.787400e-01
321 7.199840e-01 1.096000e-03 2.789200e-01
322 7.197800e-01 1.028000e-03 2.791920e-01
323 7.196720e-01 9.480000e-04 2.793800e-01
324 7.195000e-01 9.600000e-04 2.795400e-01
325 7.193680e-01 8.920000e-04 2.797400e-01
326 7.191880e-01 9.360000e-04 2.798760e-01
327 7.190240e-01 9.160000e-04 2.800600e-01
328 7.188720e-01 8.800000e-04 2.802480e-01
329 7.187160e-01 8.880000e-04 2.803960e-01
330 7.185840e-01 8.320000e-04 2.805840e-01
331 7.184600e-01 7.800000e-04 2.807600e-01
332 7.183040e-01 8.080000e-04 2.808880e-01
333 7.181120e-01 8.160000e-04 2.810720e-01
334 7.178960e-01 8.640000e-04 2.812400e-01
335 7.177840e-01 8.280000e-04 2.813880e-01
336 7.176880e-01 7.880000e-04 2.815240e-01
337 7.175720e-01 7.920000e-04 2.816360e-01
338 7.174400e-01 7.560000e-04 2.818040e-01
339 7.172960e-01 7.640000e-04 2.819400e-01
340 7.171880e-01 7.640000e-04 2.820480e-01
341 7.170920e-01 7.280000e-04 2.821800e-01
342 7.170000e-01 7.160000e-04 2.822840e-01
343 7.169080e-01 6.720000e-04 2.824200e-01
344 7.168320e-01 6.080000e-04 2.825600e-01
345 7.167200e-01 5.920000e-04 2.826880e-01
346 7.166000e-01 6.120000e-04 2.827880e-01
347 7.165200e-01 5.840000e-04 2.828960e-01
348 7.164480e-01 5.480000e-04 2.830040e-01
349 7.163440e-01 5.680000e-04 2.830880e-01
350 7.162320e-01 5.440000e-04 2.832240e-01
351 7.161480e-01 5.280000e-04 2.833240e-01
352 7.160760e-01 5.280000e-04 2.833960e-01
353 7.159560e-01 5.400000e-04 2.835040e-01
354 7.158920e-01 5.320000e-04 2.835760e-01
355 7.158280e-01 4.600000e-04 2.837120e-01
356 7.157240e-01 4.720000e-04 2.838040e-01
357 7.156400e-01 4.560000e-04 2.839040e-01
358 7.155800e-01 4.320000e-04 2.839880e-01
359 7.154840e-01 4.520000e-04 2.840640e-01
360 7.154360e-01 4.080000e-04 2.841560e-01
361 7.153600e-01 4.080000e-04 2.842320e-01
362 7.152840e-01 4.080000e-04 2.843080e-01
363 7.152240e-01 3.840000e-04 2.843920e-01
364 7.151800e-01 3.400000e-04 2.844800e-01
365 7.151520e-01 3.200000e-04 2.845280e-01
366 7.151000e-01 3.080000e-04 2.845920e-01
367 7.150280e-01 3.400000e-04 2.846320e-01
368 7.149920e-01 3.040000e-04 2.847040e-01
369 7.149640e-01 2.960000e-04 2.847400e-01
370 7.148600e-01 3.240000e-04 2.848160e-01
371 7.147960e-01 3.240000e-04 2.848800e-01
372 7.147040e-01 3.760000e-04 2.849200e-01
373 7.146400e-01 3.360000e-04 2.850240e-01
374 7.145720e-01 3.480000e-04 2.850800e-01
375 7.145160e-01 3.520000e-04 2.851320e-01
376 7.144720e-01 3.080000e-04 2.852200e-01
377 7.144040e-01 3.360000e-04 2.852600e-01
378 7.143480e-01 3.320000e-04 2.853200e-01
379 7.143000e-01 3.320000e-04 2.853680e-01
380 7.142480e-01 3.200000e-04 2.854320e-01
381 7.141720e-01 3.320000e-04 2.854960e-01
382 7.141200e-01 3.160000e-04 2.855640e-01
383 7.140320e-01 3.400000e-04 2.856280e-01
384 7.139680e-01 3.200000e-04 2.857120e-01
385 7.139240e-01 3.040000e-04 2.857720e-01
386 7.138640e-01 3.200000e-04 2.858160e-01
387 7.138160e-01 3.040000e-04 2.858800e-01
388 7.137680e-01 2.880000e-04 2.859440e-01
389 7.137280e-01 2.680000e-04 2.860040e-01
390 7.137000e-01 2.800000e-04 2.860200e-01
391 7.136440e-01 2.840000e-04 2.860720e-01
392 7.136000e-01 2.960000e-04 2.861040e-01
393 7.135400e-01 3.160000e-04 2.861440e-01
394 7.134880e-01 2.960000e-04 2.862160e-01
395 7.134320e-01 3.160000e-04 2.862520e-01
396 7.133440e-01 3.600000e-04 2.862960e-01
397 7.132600e-01 3.760000e-04 2.863640e-01
398 7.131960e-01 3.920000e-04 2.864120e-01
399 7.131440e-01 3.720000e-04 2.864840e-01
400 7.130760e-01 3.800000e-04 2.865440e-01
401 7.130400e-01 3.400000e-04 2.866200e-01
402 7.129920e-01 3.240000e-04 2.866840e-01
403 7.129280e-01 3.400000e-04 2.867320e-01
404 7.128640e-01 3.520000e-04 2.867840e-01
405 7.128320e-01 3.280000e-04 2.868400e-01
406 7.127960e-01 3.160000e-04 2.868880e-01
407 7.127760e-01 2.880000e-04 2.869360e-01
408 7.127280e-01 2.920000e-04 2.869800e-01
409 7.126680e-01 2.960000e-04 2.870360e-01
410 7.126120e-01 2.800000e-04 2.871080e-01
411 7.125920e-01 2.680000e-04 2.871400e-01
412 7.125480e-01 2.880000e-04 2.871640e-01
413 7.125240e-01 2.720000e-04 2.872040e-01
414 7.124880e-01 2.520000e-04 2.872600e-01
415 7.124720e-01 2.400000e-04 2.872880e-01
416 7.124440e-01 2.360000e-04 2.873200e-01
417 7.124000e-01 2.320000e-04 2.873680e-01
418 7.123560e-01 2.400000e-04 2.874040e-01
419 7.123120e-01 2.360000e-04 2.874520e-01
420 7.122360e-01 2.840000e-04 2.874800e-01
421 7.122040e-01 2.680000e-04 2.875280e-01
422 7.121840e-01 2.360000e-04 2.875800e-01
423 7.121600e-01 2.040000e-04 2.876360e-01
424 7.121000e-01 2.160000e-04 2.876840e-01
425 7.120680e-01 1.920000e-04 2.877400e-01
426 7.120560e-01 1.800000e-04 2.877640e-01
427 7.120400e-01 1.440000e-04 2.878160e-01
428 7.120360e-01 1.200000e-04 2.878440e-01
429 7.120280e-01 1.040000e-04 2.878680e-01
430 7.120240e-01 8.800000e-05 2.878880e-01
431 7.120160e-01 7.200000e-05 2.879120e-01
432 7.120160e-01 6.400000e-05 2.879200e-01
433 7.119920e-01 8.000000e-05 2.879280e-01
434 7.119840e-01 6.400000e-05 2.879520e-01
435 7.119720e-01 6.800000e-05 2.879600e-01
436 7.119480e-01 8.400000e-05 2.879680e-01
437 7.119320e-01 9.200000e-05 2.879760e-01
438 7.119120e-01 1.040000e-04 2.879840e-01
439 7.118720e-01 1.360000e-04 2.879920e-01
440 7.118480e-01 1.400000e-04 2.880120e-01
441 7.117880e-01 1.600000e-04 2.880520e-01
442 7.117400e-01 1.600000e-04 2.881000e-01
443 7.117120e-01 1.400000e-04 2.881480e-01
444 7.116520e-01 1.680000e-04 2.881800e-01
445 7.116360e-01 1.480000e-04 2.882160e-01
446 7.116120e-01 1.480000e-04 2.882400e-01
447 7.115720e-01 1.560000e-04 2.882720e-01
448 7.115360e-01 1.640000e-04 2.883000e-01
449 7.115160e-01 1.600000e-04 2.883240e-01
450 7.114880e-01 1.560000e-04 2.883560e-01
451 7.114280e-01 1.920000e-04 2.883800e-01
452 7.114160e-01 1.640000e-04 2.884200e-01
453 7.113960e-01 1.480000e-04 2.884560e-01
454 7.113880e-01 1.440000e-04 2.884680e-01
455 7.113560e-01 1.480000e-04 2.884960e-01
456 7.113160e-01 1.600000e-04 2.885240e-01
457 7.113040e-01 1.400000e-04 2.885560e-01
458 7.112760e-01 1.240000e-04 2.886000e-01
459 7.112480e-01 1.440000e-04 2.886080e-01
460 7.112280e-01 1.440000e-04 2.886280e-01
461 7.112080e-01 1.560000e-04 2.886360e-01
462 7.111840e-01 1.640000e-04 2.886520e-01
463 7.111680e-01 1.480000e-04 2.886840e-01
464 7.111560e-01 1.360000e-04 2.887080e-01
465 7.111480e-01 1.200000e-04 2.887320e-01
466 7.111440e-01 8.800000e-05 2.887680e-01
467 7.111320e-01 8.000000e-05 2.887880e-01
468 7.111040e-01 1.040000e-04 2.887920e-01
469 7.110960e-01 9.200000e-05 2.888120e-01
470 7.110760e-01 1.000000e-04 2.888240e-01
471 7.110720e-01 8.400000e-05 2.888440e-01
472 7.110520e-01 9.600000e-05 2.888520e-01
473 7.110440e-01 9.200000e-05 2.888640e-01
474 7.110360e-01 9.200000e-05 2.888720e-01
475 7.110240e-01 9.600000e-05 2.888800e-01
476 7.110040e-01 9.600000e-05 2.889000e-01
477 7.109920e-01 9.200000e-05 2.889160e-01
478 7.109920e-01 7.600000e-05 2.889320e-01
479 7.109600e-01 1.040000e-04 2.889360e-01
480 7.109560e-01 8.000000e-05 2.889640e-01
481 7.109520e-01 7.200000e-05 2.889760e-01
482 7.109360e-01 8.000000e-05 2.889840e-01
483 7.109000e-01 9.600000e-05 2.890040e-01
484 7.108920e-01 9.200000e-05 2.890160e-01
485 7.108800e-01 9.200000e-05 2.890280e-01
486 7.108720e-01 7.600000e-05 2.890520e-01
487 7.108600e-01 8.800000e-05 2.890520e-01
488 7.108480e-01 9.600000e-05 2.890560e-01
489 7.108200e-01 1.080000e-04 2.890720e-01
490 7.108000e-01 9.200000e-05 2.891080e-01
491 7.107720e-01 9.600000e-05 2.891320e-01
492 7.107200e-01 1.320000e-04 2.891480e-01
493 7.107000e-01 1.320000e-04 2.891680e-01
494 7.106760e-01 1.320000e-04 2.891920e-01
495 7.106600e-01 1.240000e-04 2.892160e-01
496 7.106480e-01 1.240000e-04 2.892280e-01
497 7.106320e-01 1.240000e-04 2.892440e-01
498 7.106280e-01 9.200000e-05 2.892800e-01
499 7.106040e-01 9.600000e-05 2.893000e-01
500 7.105960e-01 8.800000e-05 2.893160e-01
