1 9.992160e-01 6.760000e-04 1.080000e-04
2 9.986200e-01 1.100000e-03 2.800000e-04
3 9.979560e-01 1.532000e-03 5.120000e-04
4 9.971680e-01 1.988000e-03 8.440000e-04
5 9.964240e-01 2.348000e-03 1.228000e-03
6 9.955080e-01 2.812000e-03 1.680000e-03
7 9.944760e-01 3.356000e-03 2.168000e-03
8 9.934960e-01 3.756000e-03 2.748000e-03
9 9.925360e-01 3.968000e-03 3.496000e-03
10 9.915880e-01 4.116000e-03 4.296000e-03
11 9.905840e-01 4.328000e-03 5.088000e-03
12 9.895520e-01 4.552000e-03 5.896000e-03
13 9.885360e-01 4.756000e-03 6.708000e-03
14 9.874360e-01 5.000000e-03 7.564000e-03
15 9.863720e-01 5.180000e-03 8.448000e-03
16 9.852840e-01 5.348000e-03 9.368000e-03
17 9.841760e-01 5.476000e-03 1.034800e-02
18 9.831120e-01 5.620000e-03 1.126800e-02
19 9.820720e-01 5.676000e-03 1.225200e-02
20 9.810280e-01 5.728000e-03 1.324400e-02
21 9.799440e-01 5.676000e-03 1.438000e-02
22 9.789400e-01 5.568000e-03 1.549200e-02
23 9.778800e-01 5.608000e-03 1.651200e-02
24 9.767120e-01 5.700000e-03 1.758800e-02
25 9.756240e-01 5.764000e-03 1.861200e-02
26 9.744520e-01 5.936000e-03 1.961200e-02
27 9.733840e-01 5.852000e-03 2.076400e-02
28 9.722720e-01 5.904000e-03 2.182400e-02
29 9.711320e-01 6.008000e-03 2.286000e-02
30 9.698360e-01 6.216000e-03 2.394800e-02
31 9.687080e-01 6.324000e-03 2.496800e-02
32 9.674000e-01 6.476000e-03 2.612400e-02
33 9.662400e-01 6.436000e-03 2.732400e-02
34 9.651160e-01 6.592000e-03 2.829200e-02
35 9.638320e-01 6.688000e-03 2.948000e-02
36 9.625080e-01 6.848000e-03 3.064400e-02
37 9.612920e-01 6.824000e-03 3.188400e-02
38 9.599480e-01 6.960000e-03 3.309200e-02
39 9.587200e-01 6.984000e-03 3.429600e-02
40 9.575440e-01 7.024000e-03 3.543200e-02
41 9.561760e-01 7.220000e-03 3.660400e-02
42 9.549760e-01 7.136000e-03 3.788800e-02
43 9.537440e-01 7.172000e-03 3.908400e-02
44 9.525400e-01 7.072000e-03 4.038800e-02
45 9.513320e-01 7.104000e-03 4.156400e-02
46 9.499680e-01 7.220000e-03 4.281200e-02
47 9.486280e-01 7.312000e-03 4.406000e-02
48 9.473040e-01 7.520000e-03 4.517600e-02
49 9.459840e-01 7.580000e-03 4.643600e-02
50 9.444760e-01 7.860000e-03 4.766400e-02
51 9.430560e-01 7.756000e-03 4.918800e-02
52 9.416600e-01 7.896000e-03 5.044400e-02
53 9.402800e-01 7.912000e-03 5.180800e-02
54 9.389920e-01 7.888000e-03 5.312000e-02
55 9.377320e-01 7.636000e-03 5.463200e-02
56 9.362840e-01 7.760000e-03 5.595600e-02
57 9.350360e-01 7.600000e-03 5.736400e-02
58 9.337840e-01 7.520000e-03 5.869600e-02
59 9.324920e-01 7.384000e-03 6.012400e-02
60 9.312440e-01 7.372000e-03 6.138400e-02
61 9.300920e-01 7.228000e-03 6.268000e-02
62 9.288480e-01 7.216000e-03 6.393600e-02
63 9.275520e-01 7.360000e-03 6.508800e-02
64 9.262360e-01 7.452000e-03 6.631200e-02
65 9.249920e-01 7.424000e-03 6.758400e-02
66 9.235720e-01 7.532000e-03 6.889600e-02
67 9.221680e-01 7.476000e-03 7.035600e-02
68 9.209240e-01 7.364000e-03 7.171200e-02
69 9.198040e-01 7.268000e-03 7.292800e-02
70 9.184920e-01 7.352000e-03 7.415600e-02
71 9.171920e-01 7.392000e-03 7.541600e-02
72 9.157800e-01 7.568000e-03 7.665200e-02
73 9.145560e-01 7.548000e-03 7.789600e-02
74 9.131280e-01 7.652000e-03 7.922000e-02
75 9.116600e-01 7.816000e-03 8.052400e-02
76 9.103680e-01 7.656000e-03 8.197600e-02
77 9.088560e-01 7.724000e-03 8.342000e-02
78 9.074040e-01 7.764000e-03 8.483200e-02
79 9.058360e-01 7.880000e-03 8.628400e-02
80 9.044880e-01 7.780000e-03 8.773200e-02
81 9.031240e-01 7.716000e-03 8.916000e-02
82 9.018040e-01 7.740000e-03 9.045600e-02
83 9.004520e-01 7.776000e-03 9.177200e-02
84 8.992560e-01 7.748000e-03 9.299600e-02
85 8.979640e-01 7.712000e-03 9.432400e-02
86 8.965640e-01 7.772000e-03 9.566400e-02
87 8.952760e-01 7.704000e-03 9.702000e-02
88 8.939400e-01 7.628000e-03 9.843200e-02
89 8.924680e-01 7.808000e-03 9.972400e-02
90 8.911080e-01 7.760000e-03 1.011320e-01
91 8.895120e-01 7.908000e-03 1.025800e-01
92 8.880080e-01 8.132000e-03 1.038600e-01
93 8.864080e-01 8.244000e-03 1.053480e-01
94 8.850360e-01 8.076000e-03 1.068880e-01
95 8.835280e-01 8.060000e-03 1.084120e-01
96 8.820200e-01 8.208000e-03 1.097720e-01
97 8.806960e-01 8.036000e-03 1.112680e-01
98 8.792240e-01 7.968000e-03 1.128080e-01
99 8.778000e-01 8.004000e-03 1.141960e-01
100 8.764160e-01 7.956000e-03 1.156280e-01
101 8.750800e-01 7.900000e-03 1.170200e-01
102 8.736880e-01 7.904000e-03 1.184080e-01
103 8.724400e-01 7.780000e-03 1.197800e-01
104 8.710360e-01 7.768000e-03 1.211960e-01
105 8.696080e-01 7.700000e-03 1.226920e-01
106 8.681320e-01 7.900000e-03 1.239680e-01
107 8.667000e-01 8.016000e-03 1.252840e-01
108 8.653800e-01 7.968000e-03 1.266520e-01
109 8.639560e-01 7.972000e-03 1.280720e-01
110 8.626680e-01 8.012000e-03 1.293200e-01
111 8.610440e-01 8.236000e-03 1.307200e-01
112 8.596880e-01 8.048000e-03 1.322640e-01
113 8.582160e-01 8.168000e-03 1.336160e-01
114 8.568720e-01 8.036000e-03 1.350920e-01
115 8.554560e-01 7.964000e-03 1.365800e-01
116 8.540880e-01 8.104000e-03 1.378080e-01
117 8.525920e-01 8.156000e-03 1.392520e-01
118 8.511280e-01 8.156000e-03 1.407160e-01
119 8.496200e-01 8.240000e-03 1.421400e-01
120 8.481000e-01 8.332000e-03 1.435680e-01
121 8.467280e-01 8.176000e-03 1.450960e-01
122 8.453040e-01 8.108000e-03 1.465880e-01
123 8.437160e-01 8.368000e-03 1.479160e-01
124 8.421800e-01 8.428000e-03 1.493920e-01
125 8.406200e-01 8.520000e-03 1.508600e-01
126 8.391920e-01 8.404000e-03 1.524040e-01
127 8.376520e-01 8.536000e-03 1.538120e-01
128 8.362560e-01 8.340000e-03 1.554040e-01
129 8.348200e-01 8.420000e-03 1.567600e-01
130 8.333040e-01 8.420000e-03 1.582760e-01
131 8.318600e-01 8.256000e-03 1.598840e-01
132 8.303760e-01 8.292000e-03 1.613320e-01
133 8.288120e-01 8.392000e-03 1.627960e-01
134 8.273640e-01 8.232000e-03 1.644040e-01
135 8.259840e-01 8.152000e-03 1.658640e-01
136 8.246160e-01 8.120000e-03 1.672640e-01
137 8.231520e-01 8.160000e-03 1.686880e-01
138 8.217240e-01 8.300000e-03 1.699760e-01
139 8.202880e-01 8.320000e-03 1.713920e-01
140 8.187480e-01 8.420000e-03 1.728320e-01
141 8.174040e-01 8.248000e-03 1.743480e-01
142 8.162400e-01 8.092000e-03 1.756680e-01
143 8.150800e-01 7.832000e-03 1.770880e-01
144 8.138440e-01 7.696000e-03 1.784600e-01
145 8.125680e-01 7.680000e-03 1.797520e-01
146 8.112360e-01 7.724000e-03 1.810400e-01
147 8.099360e-01 7.624000e-03 1.824400e-01
148 8.086320e-01 7.736000e-03 1.836320e-01
149 8.072280e-01 7.812000e-03 1.849600e-01
150 8.059440e-01 7.784000e-03 1.862720e-01
151 8.045640e-01 7.768000e-03 1.876680e-01
152 8.033080e-01 7.596000e-03 1.890960e-01
153 8.021480e-01 7.340000e-03 1.905120e-01
154 8.008120e-01 7.508000e-03 1.916800e-01
155 7.995960e-01 7.316000e-03 1.930880e-01
156 7.983680e-01 7.312000e-03 1.943200e-01
157 7.973040e-01 6.992000e-03 1.957040e-01
158 7.961920e-01 6.896000e-03 1.969120e-01
159 7.951520e-01 6.684000e-03 1.981640e-01
160 7.938880e-01 6.744000e-03 1.993680e-01
161 7.927360e-01 6.860000e-03 2.004040e-01
162 7.916360e-01 6.820000e-03 2.015440e-01
163 7.903920e-01 6.920000e-03 2.026880e-01
164 7.891200e-01 7.064000e-03 2.038160e-01
165 7.878760e-01 7.060000e-03 2.050640e-01
166 7.866320e-01 7.116000e-03 2.062520e-01
167 7.855120e-01 7.088000e-03 2.074000e-01
168 7.844360e-01 7.024000e-03 2.085400e-01
169 7.833000e-01 6.864000e-03 2.098360e-01
170 7.821800e-01 6.756000e-03 2.110640e-01
171 7.809840e-01 6.740000e-03 2.122760e-01
172 7.799720e-01 6.540000e-03 2.134880e-01
173 7.788120e-01 6.436000e-03 2.147520e-01
174 7.777280e-01 6.456000e-03 2.158160e-01
175 7.767960e-01 6.144000e-03 2.170600e-01
176 7.757960e-01 6.056000e-03 2.181480e-01
177 7.747400e-01 6.044000e-03 2.192160e-01
178 7.738200e-01 5.924000e-03 2.202560e-01
179 7.728480e-01 5.868000e-03 2.212840e-01
180 7.718880e-01 5.900000e-03 2.222120e-01
181 7.708920e-01 5.956000e-03 2.231520e-01
182 7.699560e-01 5.972000e-03 2.240720e-01
183 7.690120e-01 5.948000e-03 2.250400e-01
184 7.680160e-01 5.844000e-03 2.261400e-01
185 7.670120e-01 5.832000e-03 2.271560e-01
186 7.659560e-01 5.832000e-03 2.282120e-01
187 7.649280e-01 5.784000e-03 2.292880e-01
188 7.639960e-01 5.724000e-03 2.302800e-01
189 7.628800e-01 5.804000e-03 2.313160e-01
190 7.618320e-01 5.824000e-03 2.323440e-01
191 7.609120e-01 5.720000e-03 2.333680e-01
192 7.599440e-01 5.700000e-03 2.343560e-01
193 7.589800e-01 5.648000e-03 2.353720e-01
194 7.579960e-01 5.672000e-03 2.363320e-01
195 7.570280e-01 5.648000e-03 2.373240e-01
196 7.562560e-01 5.356000e-03 2.383880e-01
197 7.554640e-01 5.268000e-03 2.392680e-01
198 7.545320e-01 5.136000e-03 2.403320e-01
199 7.536680e-01 5.104000e-03 2.412280e-01
200 7.527520e-01 5.180000e-03 2.420680e-01
201 7.517760e-01 5.288000e-03 2.429360e-01
202 7.508120e-01 5.232000e-03 2.439560e-01
203 7.499440e-01 5.332000e-03 2.447240e-01
204 7.491040e-01 5.260000e-03 2.456360e-01
205 7.482560e-01 5.192000e-03 2.465520e-01
206 7.473640e-01 5.152000e-03 2.474840e-01
207 7.463480e-01 5.200000e-03 2.484520e-01
208 7.454320e-01 5.244000e-03 2.493240e-01
209 7.444640e-01 5.212000e-03 2.503240e-01
210 7.434640e-01 5.356000e-03 2.511800e-01
211 7.424680e-01 5.332000e-03 2.522000e-01
212 7.415680e-01 5.400000e-03 2.530320e-01
213 7.405320e-01 5.520000e-03 2.539480e-01
214 7.395680e-01 5.452000e-03 2.549800e-01
215 7.387120e-01 5.308000e-03 2.559800e-01
216 7.379040e-01 5.172000e-03 2.569240e-01
217 7.371360e-01 5.036000e-03 2.578280e-01
218 7.364480e-01 4.872000e-03 2.586800e-01
219 7.356280e-01 4.940000e-03 2.594320e-01
220 7.349040e-01 4.828000e-03 2.602680e-01
221 7.341760e-01 4.768000e-03 2.610560e-01
222 7.334560e-01 4.660000e-03 2.618840e-01
223 7.326560e-01 4.624000e-03 2.627200e-01
224 7.318520e-01 4.584000e-03 2.635640e-01
225 7.310720e-01 4.664000e-03 2.642640e-01
226 7.302040e-01 4.760000e-03 2.650360e-01
227 7.292760e-01 4.820000e-03 2.659040e-01
228 7.285080e-01 4.688000e-03 2.668040e-01
229 7.278200e-01 4.656000e-03 2.675240e-01
230 7.271720e-01 4.448000e-03 2.683800e-01
231 7.264800e-01 4.364000e-03 2.691560e-01
232 7.259040e-01 4.228000e-03 2.698680e-01
233 7.251720e-01 4.256000e-03 2.705720e-01
234 7.245000e-01 4.188000e-03 2.713120e-01
235 7.237200e-01 4.252000e-03 2.720280e-01
236 7.231040e-01 4.184000e-03 2.727120e-01
237 7.224960e-01 4.064000e-03 2.734400e-01
238 7.218440e-01 3.980000e-03 2.741760e-01
239 7.211680e-01 3.948000e-03 2.748840e-01
240 7.205080e-01 3.872000e-03 2.756200e-01
241 7.198440e-01 3.868000e-03 2.762880e-01
242 7.192320e-01 3.848000e-03 2.769200e-01
243 7.186520e-01 3.780000e-03 2.775680e-01
244 7.179360e-01 3.764000e-03 2.783000e-01
245 7.172480e-01 3.784000e-03 2.789680e-01
246 7.165240e-01 3.852000e-03 2.796240e-01
247 7.158600e-01 3.808000e-03 2.803320e-01
248 7.151520e-01 3.868000e-03 2.809800e-01
249 7.144240e-01 3.916000e-03 2.816600e-01
250 7.137440e-01 3.848000e-03 2.824080e-01
251 7.130760e-01 3.928000e-03 2.829960e-01
252 7.123960e-01 3.972000e-03 2.836320e-01
253 7.116200e-01 4.108000e-03 2.842720e-01
254 7.110160e-01 3.996000e-03 2.849880e-01
255 7.102800e-01 4.012000e-03 2.857080e-01
256 7.096560e-01 3.960000e-03 2.863840e-01
257 7.089320e-01 4.016000e-03 2.870520e-01
258 7.081720e-01 3.996000e-03 2.878320e-01
259 7.075280e-01 3.896000e-03 2.885760e-01
260 7.068880e-01 3.788000e-03 2.893240e-01
261 7.062160e-01 3.808000e-03 2.899760e-01
262 7.055760e-01 3.840000e-03 2.905840e-01
263 7.049000e-01 3.872000e-03 2.912280e-01
264 7.042400e-01 3.820000e-03 2.919400e-01
265 7.035040e-01 3.900000e-03 2.925960e-01
266 7.028360e-01 3.884000e-03 2.932800e-01
267 7.022240e-01 3.816000e-03 2.939600e-01
268 7.016200e-01 3.716000e-03 2.946640e-01
269 7.009360e-01 3.772000e-03 2.952920e-01
270 7.003240e-01 3.776000e-03 2.959000e-01
271 6.996360e-01 3.768000e-03 2.965960e-01
272 6.989280e-01 3.760000e-03 2.973120e-01
273 6.982200e-01 3.852000e-03 2.979280e-01
274 6.975600e-01 3.812000e-03 2.986280e-01
275 6.968960e-01 3.812000e-03 2.992920e-01
276 6.963120e-01 3.588000e-03 3.001000e-01
277 6.957520e-01 3.556000e-03 3.006920e-01
278 6.952520e-01 3.404000e-03 3.013440e-01
279 6.947280e-01 3.344000e-03 3.019280e-01
280 6.942520e-01 3.240000e-03 3.025080e-01
281 6.937800e-01 3.128000e-03 3.030920e-01
282 6.933520e-01 3.036000e-03 3.036120e-01
283 6.929280e-01 2.912000e-03 3.041600e-01
284 6.925280e-01 2.820000e-03 3.046520e-01
285 6.921240e-01 2.684000e-03 3.051920e-01
286 6.917400e-01 2.636000e-03 3.056240e-01
287 6.913000e-01 2.632000e-03 3.060680e-01
288 6.908760e-01 2.532000e-03 3.065920e-01
289 6.904120e-01 2.536000e-03 3.070520e-01
290 6.899400e-01 2.492000e-03 3.075680e-01
291 6.895600e-01 2.424000e-03 3.080160e-01
292 6.891280e-01 2.424000e-03 3.084480e-01
293 6.887400e-01 2.344000e-03 3.089160e-01
294 6.883680e-01 2.312000e-03 3.093200e-01
295 6.879920e-01 2.272000e-03 3.097360e-01
296 6.876880e-01 2.264000e-03 3.100480e-01
297 6.873680e-01 2.116000e-03 3.105160e-01
298 6.870880e-01 2.096000e-03 3.108160e-01
299 6.867440e-01 2.124000e-03 3.111320e-01
300 6.863760e-01 2.072000e-03 3.115520e-01
301 6.861120e-01 1.996000e-03 3.118920e-01
302 6.857920e-01 2.008000e-03 3.122000e-01
303 6.854160e-01 2.048000e-03 3.125360e-01
304 6.849840e-01 2.088000e-03 3.129280e-01
305 6.846640e-01 2.076000e-03 3.132600e-01
306 6.843440e-01 2.040000e-03 3.136160e-01
307 6.840560e-01 1.980000e-03 3.139640e-01
308 6.837320e-01 1.912000e-03 3.143560e-01
309 6.834080e-01 1.900000e-03 3.146920e-01
310 6.830920e-01 1.884000e-03 3.150240e-01
311 6.827880e-01 1.812000e-03 3.154000e-01
312 6.824720e-01 1.784000e-03 3.157440e-01
313 6.821400e-01 1.784000e-03 3.160760e-01
314 6.817760e-01 1.836000e-03 3.163880e-01
315 6.814200e-01 1.876000e-03 3.167040e-01
316 6.811400e-01 1.812000e-03 3.170480e-01
317 6.808920e-01 1.732000e-03 3.173760e-01
318 6.806480e-01 1.680000e-03 3.176720e-01
319 6.803160e-01 1.684000e-03 3.180000e-01
320 6.800640e-01 1.608000e-03 3.183280e-01
321 6.798080e-01 1.552000e-03 3.186400e-01
322 6.795520e-01 1.516000e-03 3.189320e-01
323 6.792960e-01 1.488000e-03 3.192160e-01
324 6.790800e-01 1.420000e-03 3.195000e-01
325 6.788680e-01 1.380000e-03 3.197520e-01
326 6.786120e-01 1.424000e-03 3.199640e-01
327 6.783960e-01 1.352000e-03 3.202520e-01
328 6.781840e-01 1.320000e-03 3.204960e-01
329 6.779520e-01 1.308000e-03 3.207400e-01
330 6.776960e-01 1.360000e-03 3.209440e-01
331 6.774600e-01 1.372000e-03 3.211680e-01
332 6.771400e-01 1.452000e-03 3.214080e-01
333 6.768960e-01 1.452000e-03 3.216520e-01
334 6.767360e-01 1.364000e-03 3.219000e-01
335 6.764960e-01 1.352000e-03 3.221520e-01
336 6.762360e-01 1.372000e-03 3.223920e-01
337 6.760640e-01 1.320000e-03 3.226160e-01
338 6.758080e-01 1.332000e-03 3.228600e-01
339 6.756360e-01 1.284000e-03 3.230800e-01
340 6.754640e-01 1.228000e-03 3.233080e-01
341 6.752440e-01 1.252000e-03 3.235040e-01
342 6.750560e-01 1.236000e-03 3.237080e-01
343 6.748320e-01 1.264000e-03 3.239040e-01
344 6.746240e-01 1.264000e-03 3.241120e-01
345 6.744120e-01 1.256000e-03 3.243320e-01
346 6.741800e-01 1.244000e-03 3.245760e-01
347 6.739520e-01 1.272000e-03 3.247760e-01
348 6.736440e-01 1.376000e-03 3.249800e-01
349 6.733120e-01 1.436000e-03 3.252520e-01
350 6.730320e-01 1.468000e-03 3.255000e-01
351 6.726800e-01 1.584000e-03 3.257360e-01
352 6.723760e-01 1.600000e-03 3.260240e-01
353 6.721360e-01 1.500000e-03 3.263640e-01
354 6.717960e-01 1.596000e-03 3.266080e-01
355 6.715120e-01 1.608000e-03 3.268800e-01
356 6.712160e-01 1.640000e-03 3.271440e-01
357 6.710200e-01 1.560000e-03 3.274200e-01
358 6.706720e-01 1.656000e-03 3.276720e-01
359 6.703960e-01 1.668000e-03 3.279360e-01
360 6.701400e-01 1.592000e-03 3.282680e-01
361 6.699240e-01 1.512000e-03 3.285640e-01
362 6.697200e-01 1.448000e-03 3.288320e-01
363 6.694760e-01 1.424000e-03 3.291000e-01
364 6.692400e-01 1.424000e-03 3.293360e-01
365 6.689840e-01 1.356000e-03 3.296600e-01
366 6.687680e-01 1.348000e-03 3.298840e-01
367 6.685440e-01 1.348000e-03 3.301080e-01
368 6.682960e-01 1.360000e-03 3.303440e-01
369 6.679760e-01 1.484000e-03 3.305400e-01
370 6.677400e-01 1.456000e-03 3.308040e-01
371 6.674640e-01 1.468000e-03 3.310680e-01
372 6.671520e-01 1.524000e-03 3.313240e-01
373 6.668000e-01 1.632000e-03 3.315680e-01
374 6.664320e-01 1.732000e-03 3.318360e-01
375 6.661200e-01 1.664000e-03 3.322160e-01
376 6.657760e-01 1.696000e-03 3.325280e-01
377 6.654600e-01 1.728000e-03 3.328120e-01
378 6.651280e-01 1.740000e-03 3.331320e-01
379 6.647840e-01 1.776000e-03 3.334400e-01
380 6.644000e-01 1.856000e-03 3.337440e-01
381 6.640080e-01 1.924000e-03 3.340680e-01
382 6.636360e-01 2.008000e-03 3.343560e-01
383 6.632440e-01 2.044000e-03 3.347120e-01
384 6.629120e-01 1.964000e-03 3.351240e-01
385 6.625080e-01 2.020000e-03 3.354720e-01
386 6.621840e-01 1.996000e-03 3.358200e-01
387 6.618160e-01 1.980000e-03 3.362040e-01
388 6.614880e-01 1.968000e-03 3.365440e-01
389 6.612080e-01 1.844000e-03 3.369480e-01
390 6.608960e-01 1.816000e-03 3.372880e-01
391 6.606600e-01 1.728000e-03 3.376120e-01
392 6.603800e-01 1.724000e-03 3.378960e-01
393 6.601440e-01 1.644000e-03 3.382120e-01
394 6.599120e-01 1.620000e-03 3.384680e-01
395 6.597120e-01 1.552000e-03 3.387360e-01
396 6.593960e-01 1.564000e-03 3.390400e-01
397 6.591800e-01 1.500000e-03 3.393200e-01
398 6.590080e-01 1.412000e-03 3.395800e-01
399 6.587720e-01 1.372000e-03 3.398560e-01
400 6.585760e-01 1.332000e-03 3.400920e-01
401 6.583840e-01 1.300000e-03 3.403160e-01
402 6.582400e-01 1.212000e-03 3.405480e-01
403 6.580760e-01 1.180000e-03 3.407440e-01
404 6.579040e-01 1.160000e-03 3.409360e-01
405 6.577400e-01 1.128000e-03 3.411320e-01
406 6.575720e-01 1.048000e-03 3.413800e-01
407 6.574440e-01 1.028000e-03 3.415280e-01
408 6.572880e-01 9.880000e-04 3.417240e-01
409 6.571800e-01 9.200000e-04 3.419000e-01
410 6.570200e-01 8.920000e-04 3.420880e-01
411 6.569000e-01 8.560000e-04 3.422440e-01
412 6.567880e-01 8.040000e-04 3.424080e-01
413 6.566800e-01 8.040000e-04 3.425160e-01
414 6.565480e-01 7.880000e-04 3.426640e-01
415 6.564400e-01 7.200000e-04 3.428400e-01
416 6.563280e-01 7.360000e-04 3.429360e-01
417 6.562480e-01 6.880000e-04 3.430640e-01
418 6.561320e-01 6.800000e-04 3.431880e-01
419 6.560320e-01 6.680000e-04 3.433000e-01
420 6.559440e-01 6.480000e-04 3.434080e-01
421 6.558760e-01 5.920000e-04 3.435320e-01
422 6.557840e-01 6.000000e-04 3.436160e-01
423 6.557000e-01 6.120000e-04 3.436880e-01
424 6.556000e-01 6.200000e-04 3.437800e-01
425 6.554880e-01 6.520000e-04 3.438600e-01
426 6.553400e-01 6.760000e-04 3.439840e-01
427 6.551720e-01 7.200000e-04 3.441080e-01
428 6.550800e-01 6.600000e-04 3.442600e-01
429 6.549960e-01 6.120000e-04 3.443920e-01
430 6.548920e-01 6.360000e-04 3.444720e-01
431 6.547840e-01 6.520000e-04 3.445640e-01
432 6.546600e-01 6.480000e-04 3.446920e-01
433 6.545160e-01 6.720000e-04 3.448120e-01
434 6.543840e-01 6.680000e-04 3.449480e-01
435 6.542280e-01 6.880000e-04 3.450840e-01
436 6.541440e-01 6.920000e-04 3.451640e-01
437 6.540160e-01 7.040000e-04 3.452800e-01
438 6.538920e-01 7.320000e-04 3.453760e-01
439 6.538000e-01 7.120000e-04 3.454880e-01
440 6.536840e-01 7.000000e-04 3.456160e-01
441 6.535720e-01 7.040000e-04 3.457240e-01
442 6.534520e-01 7.280000e-04 3.458200e-01
443 6.533480e-01 6.920000e-04 3.459600e-01
444 6.532480e-01 6.440000e-04 3.461080e-01
445 6.531480e-01 5.920000e-04 3.462600e-01
446 6.530400e-01 6.080000e-04 3.463520e-01
447 6.529160e-01 6.280000e-04 3.464560e-01
448 6.528040e-01 5.920000e-04 3.466040e-01
449 6.527240e-01 5.800000e-04 3.466960e-01
450 6.526440e-01 5.680000e-04 3.467880e-01
451 6.525600e-01 5.600000e-04 3.468800e-01
452 6.524880e-01 5.480000e-04 3.469640e-01
453 6.523800e-01 5.800000e-04 3.470400e-01
454 6.522680e-01 5.840000e-04 3.471480e-01
455 6.521800e-01 5.520000e-04 3.472680e-01
456 6.521120e-01 4.960000e-04 3.473920e-01
457 6.520400e-01 4.400000e-04 3.475200e-01
458 6.519720e-01 4.160000e-04 3.476120e-01
459 6.518480e-01 4.600000e-04 3.476920e-01
460 6.517080e-01 5.040000e-04 3.477880e-01
461 6.516000e-01 5.200000e-04 3.478800e-01
462 6.515240e-01 4.920000e-04 3.479840e-01
463 6.514760e-01 4.520000e-04 3.480720e-01
464 6.514240e-01 4.200000e-04 3.481560e-01
465 6.513640e-01 4.200000e-04 3.482160e-01
466 6.512960e-01 3.920000e-04 3.483120e-01
467 6.512400e-01 3.840000e-04 3.483760e-01
468 6.511640e-01 3.880000e-04 3.484480e-01
469 6.511040e-01 3.840000e-04 3.485120e-01
470 6.510400e-01 3.720000e-04 3.485880e-01
471 6.509840e-01 3.760000e-04 3.486400e-01
472 6.509040e-01 3.880000e-04 3.487080e-01
473 6.508360e-01 3.880000e-04 3.487760e-01
474 6.507480e-01 4.000000e-04 3.488520e-01
475 6.507040e-01 3.840000e-04 3.489120e-01
476 6.506640e-01 3.520000e-04 3.489840e-01
477 6.506240e-01 3.240000e-04 3.490520e-01
478 6.505880e-01 3.040000e-04 3.491080e-01
479 6.505400e-01 2.960000e-04 3.491640e-01
480 6.504640e-01 3.040000e-04 3.492320e-01
481 6.504040e-01 3.200000e-04 3.492760e-01
482 6.503160e-01 3.680000e-04 3.493160e-01
483 6.502400e-01 3.720000e-04 3.493880e-01
484 6.501760e-01 3.600000e-04 3.494640e-01
485 6.500920e-01 3.760000e-04 3.495320e-01
486 6.500320e-01 3.760000e-04 3.495920e-01
487 6.499280e-01 4.400000e-04 3.496320e-01
488 6.498360e-01 4.800000e-04 3.496840e-01
489 6.497720e-01 4.800000e-04 3.497480e-01
490 6.496600e-01 5.040000e-04 3.498360e-01
491 6.495560e-01 5.200000e-04 3.499240e-01
492 6.494120e-01 5.920000e-04 3.499960e-01
493 6.493040e-01 5.960000e-04 3.501000e-01
494 6.491880e-01 5.880000e-04 3.502240e-01
495 6.490600e-01 6.040000e-04 3.503360e-01
496 6.489120e-01 6.480000e-04 3.504400e-01
497 6.487320e-01 7.480000e-04 3.505200e-01
498 6.485880e-01 7.560000e-04 3.506560e-01
499 6.484760e-01 7.400000e-04 3.507840e-01
500 6.483200e-01 7.760000e-04 3.509040e-01
