1 9.990760e-01 8.080000e-04 1.160000e-04
2 9.984680e-01 1.240000e-03 2.920000e-04
3 9.977200e-01 1.732000e-03 5.480000e-04
4 9.970480e-01 2.088000e-03 8.640000e-04
5 9.962520e-01 2.476000e-03 1.272000e-03
6 9.954480e-01 2.864000e-03 1.688000e-03
7 9.945040e-01 3.296000e-03 2.200000e-03
8 9.935920e-01 3.604000e-03 2.804000e-03
9 9.926680e-01 3.872000e-03 3.460000e-03
10 9.915920e-01 4.276000e-03 4.132000e-03
11 9.905120e-01 4.588000e-03 4.900000e-03
12 9.894160e-01 4.840000e-03 5.744000e-03
13 9.882440e-01 5.132000e-03 6.624000e-03
14 9.870200e-01 5.388000e-03 7.592000e-03
15 9.857120e-01 5.716000e-03 8.572000e-03
16 9.845760e-01 5.840000e-03 9.584000e-03
17 9.831480e-01 6.184000e-03 1.066800e-02
18 9.819640e-01 6.200000e-03 1.183600e-02
19 9.806520e-01 6.460000e-03 1.288800e-02
20 9.792200e-01 6.828000e-03 1.395200e-02
21 9.777440e-01 7.108000e-03 1.514800e-02
22 9.762960e-01 7.336000e-03 1.636800e-02
23 9.748200e-01 7.472000e-03 1.770800e-02
24 9.732520e-01 7.752000e-03 1.899600e-02
25 9.716200e-01 7.992000e-03 2.038800e-02
26 9.700760e-01 8.120000e-03 2.180400e-02
27 9.685240e-01 8.348000e-03 2.312800e-02
28 9.669560e-01 8.500000e-03 2.454400e-02
29 9.653240e-01 8.700000e-03 2.597600e-02
30 9.637440e-01 8.584000e-03 2.767200e-02
31 9.621680e-01 8.640000e-03 2.919200e-02
32 9.605240e-01 8.772000e-03 3.070400e-02
33 9.588440e-01 8.988000e-03 3.216800e-02
34 9.571200e-01 9.124000e-03 3.375600e-02
35 9.554840e-01 9.200000e-03 3.531600e-02
36 9.537000e-01 9.320000e-03 3.698000e-02
37 9.519960e-01 9.364000e-03 3.864000e-02
38 9.501480e-01 9.656000e-03 4.019600e-02
39 9.483640e-01 9.920000e-03 4.171600e-02
40 9.467200e-01 9.728000e-03 4.355200e-02
41 9.448240e-01 9.944000e-03 4.523200e-02
42 9.431160e-01 9.844000e-03 4.704000e-02
43 9.413200e-01 9.832000e-03 4.884800e-02
44 9.396520e-01 9.848000e-03 5.050000e-02
45 9.381520e-01 9.728000e-03 5.212000e-02
46 9.366040e-01 9.596000e-03 5.380000e-02
47 9.348000e-01 9.812000e-03 5.538800e-02
48 9.332880e-01 9.580000e-03 5.713200e-02
49 9.315400e-01 9.648000e-03 5.881200e-02
50 9.298920e-01 9.692000e-03 6.041600e-02
51 9.281440e-01 9.752000e-03 6.210400e-02
52 9.262760e-01 9.984000e-03 6.374000e-02
53 9.246240e-01 9.964000e-03 6.541200e-02
54 9.228440e-01 1.010400e-02 6.705200e-02
55 9.210320e-01 1.019600e-02 6.877200e-02
56 9.193000e-01 1.005600e-02 7.064400e-02
57 9.175120e-01 9.972000e-03 7.251600e-02
58 9.156000e-01 9.976000e-03 7.442400e-02
59 9.139200e-01 1.000400e-02 7.607600e-02
60 9.122680e-01 9.916000e-03 7.781600e-02
61 9.104960e-01 9.968000e-03 7.953600e-02
62 9.086960e-01 1.011600e-02 8.118800e-02
63 9.067480e-01 1.030000e-02 8.295200e-02
64 9.048760e-01 1.042000e-02 8.470400e-02
65 9.029520e-01 1.042400e-02 8.662400e-02
66 9.009280e-01 1.075600e-02 8.831600e-02
67 8.990520e-01 1.074800e-02 9.020000e-02
68 8.970120e-01 1.088000e-02 9.210800e-02
69 8.952360e-01 1.073200e-02 9.403200e-02
70 8.933000e-01 1.072800e-02 9.597200e-02
71 8.914080e-01 1.072800e-02 9.786400e-02
72 8.896280e-01 1.061600e-02 9.975600e-02
73 8.878320e-01 1.046400e-02 1.017040e-01
74 8.858240e-01 1.061200e-02 1.035640e-01
75 8.839200e-01 1.060400e-02 1.054760e-01
76 8.821160e-01 1.062400e-02 1.072600e-01
77 8.804600e-01 1.048400e-02 1.090560e-01
78 8.786160e-01 1.037600e-02 1.110080e-01
79 8.767640e-01 1.039200e-02 1.128440e-01
80 8.747960e-01 1.052000e-02 1.146840e-01
81 8.730160e-01 1.050000e-02 1.164840e-01
82 8.710640e-01 1.064400e-02 1.182920e-01
83 8.692880e-01 1.044000e-02 1.202720e-01
84 8.675160e-01 1.036400e-02 1.221200e-01
85 8.656280e-01 1.030000e-02 1.240720e-01
86 8.638600e-01 1.027200e-02 1.258680e-01
87 8.620680e-01 1.018800e-02 1.277440e-01
88 8.601240e-01 1.016400e-02 1.297120e-01
89 8.582480e-01 1.022000e-02 1.315320e-01
90 8.564640e-01 1.016800e-02 1.333680e-01
91 8.546000e-01 1.021600e-02 1.351840e-01
92 8.528200e-01 1.025600e-02 1.369240e-01
93 8.510520e-01 1.023600e-02 1.387120e-01
94 8.492080e-01 1.030800e-02 1.404840e-01
95 8.476560e-01 1.017600e-02 1.421680e-01
96 8.461120e-01 1.002400e-02 1.438640e-01
97 8.443840e-01 9.952000e-03 1.456640e-01
98 8.428000e-01 9.844000e-03 1.473560e-01
99 8.411920e-01 9.648000e-03 1.491600e-01
100 8.396320e-01 9.676000e-03 1.506920e-01
101 8.379480e-01 9.632000e-03 1.524200e-01
102 8.363440e-01 9.416000e-03 1.542400e-01
103 8.347080e-01 9.464000e-03 1.558280e-01
104 8.331320e-01 9.320000e-03 1.575480e-01
105 8.316040e-01 9.172000e-03 1.592240e-01
106 8.301760e-01 9.000000e-03 1.608240e-01
107 8.286280e-01 8.972000e-03 1.624000e-01
108 8.271760e-01 8.820000e-03 1.640040e-01
109 8.259480e-01 8.472000e-03 1.655800e-01
110 8.246040e-01 8.520000e-03 1.668760e-01
111 8.231560e-01 8.548000e-03 1.682960e-01
112 8.216360e-01 8.552000e-03 1.698120e-01
113 8.202320e-01 8.524000e-03 1.712440e-01
114 8.187400e-01 8.632000e-03 1.726280e-01
115 8.172400e-01 8.684000e-03 1.740760e-01
116 8.157960e-01 8.612000e-03 1.755920e-01
117 8.142840e-01 8.648000e-03 1.770680e-01
118 8.128480e-01 8.604000e-03 1.785480e-01
119 8.113640e-01 8.600000e-03 1.800360e-01
120 8.097800e-01 8.704000e-03 1.815160e-01
121 8.084440e-01 8.580000e-03 1.829760e-01
122 8.069840e-01 8.652000e-03 1.843640e-01
123 8.056320e-01 8.580000e-03 1.857880e-01
124 8.042680e-01 8.452000e-03 1.872800e-01
125 8.030720e-01 8.076000e-03 1.888520e-01
126 8.018120e-01 7.860000e-03 1.903280e-01
127 8.007200e-01 7.608000e-03 1.916720e-01
128 7.995200e-01 7.472000e-03 1.930080e-01
129 7.981880e-01 7.632000e-03 1.941800e-01
130 7.969520e-01 7.384000e-03 1.956640e-01
131 7.957520e-01 7.312000e-03 1.969360e-01
132 7.946480e-01 7.196000e-03 1.981560e-01
133 7.935120e-01 7.152000e-03 1.993360e-01
134 7.923680e-01 7.212000e-03 2.004200e-01
135 7.910800e-01 7.148000e-03 2.017720e-01
136 7.897280e-01 7.264000e-03 2.030080e-01
137 7.883280e-01 7.456000e-03 2.042160e-01
138 7.868040e-01 7.560000e-03 2.056360e-01
139 7.853360e-01 7.700000e-03 2.069640e-01
140 7.839200e-01 7.808000e-03 2.082720e-01
141 7.826960e-01 7.600000e-03 2.097040e-01
142 7.813640e-01 7.620000e-03 2.110160e-01
143 7.799920e-01 7.688000e-03 2.123200e-01
144 7.787080e-01 7.576000e-03 2.137160e-01
145 7.774440e-01 7.584000e-03 2.149720e-01
146 7.762960e-01 7.528000e-03 2.161760e-01
147 7.750280e-01 7.468000e-03 2.175040e-01
148 7.737640e-01 7.404000e-03 2.188320e-01
149 7.725640e-01 7.280000e-03 2.201560e-01
150 7.713840e-01 7.204000e-03 2.214120e-01
151 7.702680e-01 7.000000e-03 2.227320e-01
152 7.691720e-01 6.776000e-03 2.240520e-01
153 7.680640e-01 6.680000e-03 2.252560e-01
154 7.669760e-01 6.600000e-03 2.264240e-01
155 7.658760e-01 6.616000e-03 2.275080e-01
156 7.649160e-01 6.348000e-03 2.287360e-01
157 7.637680e-01 6.480000e-03 2.297520e-01
158 7.626720e-01 6.476000e-03 2.308520e-01
159 7.615280e-01 6.612000e-03 2.318600e-01
160 7.602680e-01 6.672000e-03 2.330600e-01
161 7.591720e-01 6.560000e-03 2.342680e-01
162 7.579880e-01 6.508000e-03 2.355040e-01
163 7.568760e-01 6.496000e-03 2.366280e-01
164 7.557960e-01 6.436000e-03 2.377680e-01
165 7.546040e-01 6.588000e-03 2.388080e-01
166 7.533200e-01 6.692000e-03 2.399880e-01
167 7.520600e-01 6.900000e-03 2.410400e-01
168 7.510640e-01 6.680000e-03 2.422560e-01
169 7.500920e-01 6.536000e-03 2.433720e-01
170 7.490560e-01 6.412000e-03 2.445320e-01
171 7.479920e-01 6.352000e-03 2.456560e-01
172 7.469440e-01 6.184000e-03 2.468720e-01
173 7.459720e-01 6.160000e-03 2.478680e-01
174 7.449400e-01 6.116000e-03 2.489440e-01
175 7.439320e-01 6.108000e-03 2.499600e-01
176 7.428320e-01 6.168000e-03 2.510000e-01
177 7.418920e-01 6.136000e-03 2.519720e-01
178 7.408680e-01 6.080000e-03 2.530520e-01
179 7.398040e-01 6.160000e-03 2.540360e-01
180 7.387320e-01 6.124000e-03 2.551440e-01
181 7.375680e-01 6.288000e-03 2.561440e-01
182 7.364760e-01 6.248000e-03 2.572760e-01
183 7.355080e-01 6.188000e-03 2.583040e-01
184 7.344920e-01 6.036000e-03 2.594720e-01
185 7.335920e-01 5.848000e-03 2.605600e-01
186 7.327040e-01 5.636000e-03 2.616600e-01
187 7.317640e-01 5.548000e-03 2.626880e-01
188 7.309080e-01 5.496000e-03 2.635960e-01
189 7.299320e-01 5.528000e-03 2.645400e-01
190 7.290880e-01 5.320000e-03 2.655920e-01
191 7.281280e-01 5.312000e-03 2.665600e-01
192 7.272400e-01 5.304000e-03 2.674560e-01
193 7.264280e-01 5.300000e-03 2.682720e-01
194 7.255280e-01 5.228000e-03 2.692440e-01
195 7.246360e-01 5.184000e-03 2.701800e-01
196 7.237360e-01 5.224000e-03 2.710400e-01
197 7.228680e-01 5.228000e-03 2.719040e-01
198 7.220560e-01 5.132000e-03 2.728120e-01
199 7.211240e-01 5.140000e-03 2.737360e-01
200 7.201760e-01 5.172000e-03 2.746520e-01
201 7.192880e-01 5.144000e-03 2.755680e-01
202 7.184240e-01 5.064000e-03 2.765120e-01
203 7.175720e-01 5.064000e-03 2.773640e-01
204 7.165280e-01 5.172000e-03 2.783000e-01
205 7.155480e-01 5.236000e-03 2.792160e-01
206 7.144640e-01 5.460000e-03 2.800760e-01
207 7.135560e-01 5.436000e-03 2.810080e-01
208 7.125560e-01 5.468000e-03 2.819760e-01
209 7.116680e-01 5.392000e-03 2.829400e-01
210 7.106760e-01 5.428000e-03 2.838960e-01
211 7.096840e-01 5.408000e-03 2.849080e-01
212 7.087400e-01 5.480000e-03 2.857800e-01
213 7.077960e-01 5.436000e-03 2.867680e-01
214 7.069960e-01 5.264000e-03 2.877400e-01
215 7.060640e-01 5.208000e-03 2.887280e-01
216 7.051640e-01 5.180000e-03 2.896560e-01
217 7.043520e-01 5.100000e-03 2.905480e-01
218 7.034560e-01 5.040000e-03 2.915040e-01
219 7.025240e-01 5.084000e-03 2.923920e-01
220 7.016480e-01 5.140000e-03 2.932120e-01
221 7.008800e-01 5.040000e-03 2.940800e-01
222 7.001440e-01 5.016000e-03 2.948400e-01
223 6.994800e-01 4.832000e-03 2.956880e-01
224 6.986440e-01 4.764000e-03 2.965920e-01
225 6.977880e-01 4.848000e-03 2.973640e-01
226 6.968480e-01 5.036000e-03 2.981160e-01
227 6.960040e-01 4.944000e-03 2.990520e-01
228 6.951680e-01 4.980000e-03 2.998520e-01
229 6.942680e-01 5.036000e-03 3.006960e-01
230 6.935000e-01 4.964000e-03 3.015360e-01
231 6.926720e-01 4.740000e-03 3.025880e-01
232 6.918960e-01 4.652000e-03 3.034520e-01
233 6.911040e-01 4.572000e-03 3.043240e-01
234 6.902560e-01 4.572000e-03 3.051720e-01
235 6.894440e-01 4.572000e-03 3.059840e-01
236 6.887520e-01 4.472000e-03 3.067760e-01
237 6.880320e-01 4.352000e-03 3.076160e-01
238 6.873160e-01 4.316000e-03 3.083680e-01
239 6.866720e-01 4.168000e-03 3.091600e-01
240 6.859840e-01 4.148000e-03 3.098680e-01
241 6.852840e-01 4.100000e-03 3.106160e-01
242 6.845640e-01 4.140000e-03 3.112960e-01
243 6.838840e-01 4.104000e-03 3.120120e-01
244 6.831240e-01 4.132000e-03 3.127440e-01
245 6.823920e-01 4.212000e-03 3.133960e-01
246 6.816600e-01 4.140000e-03 3.142000e-01
247 6.810240e-01 4.020000e-03 3.149560e-01
248 6.802320e-01 4.048000e-03 3.157200e-01
249 6.795640e-01 3.960000e-03 3.164760e-01
250 6.788440e-01 4.024000e-03 3.171320e-01
251 6.780160e-01 4.096000e-03 3.178880e-01
252 6.772400e-01 4.184000e-03 3.185760e-01
253 6.764360e-01 4.196000e-03 3.193680e-01
254 6.758040e-01 4.032000e-03 3.201640e-01
255 6.750600e-01 4.056000e-03 3.208840e-01
256 6.743400e-01 4.084000e-03 3.215760e-01
257 6.736840e-01 3.968000e-03 3.223480e-01
258 6.730520e-01 3.996000e-03 3.229520e-01
259 6.724560e-01 3.940000e-03 3.236040e-01
260 6.718120e-01 3.880000e-03 3.243080e-01
261 6.710520e-01 3.896000e-03 3.250520e-01
262 6.704080e-01 3.856000e-03 3.257360e-01
263 6.697080e-01 3.824000e-03 3.264680e-01
264 6.690920e-01 3.860000e-03 3.270480e-01
265 6.684120e-01 3.892000e-03 3.276960e-01
266 6.677520e-01 3.884000e-03 3.283640e-01
267 6.671120e-01 3.884000e-03 3.290040e-01
268 6.665360e-01 3.848000e-03 3.296160e-01
269 6.658800e-01 3.776000e-03 3.303440e-01
270 6.651800e-01 3.832000e-03 3.309880e-01
271 6.646000e-01 3.692000e-03 3.317080e-01
272 6.640200e-01 3.640000e-03 3.323400e-01
273 6.634160e-01 3.688000e-03 3.328960e-01
274 6.628240e-01 3.628000e-03 3.335480e-01
275 6.621880e-01 3.592000e-03 3.342200e-01
276 6.615320e-01 3.664000e-03 3.348040e-01
277 6.608960e-01 3.652000e-03 3.354520e-01
278 6.602280e-01 3.652000e-03 3.361200e-01
279 6.596600e-01 3.656000e-03 3.366840e-01
280 6.588840e-01 3.808000e-03 3.373080e-01
281 6.582240e-01 3.760000e-03 3.380160e-01
282 6.576760e-01 3.612000e-03 3.387120e-01
283 6.569960e-01 3.696000e-03 3.393080e-01
284 6.563360e-01 3.796000e-03 3.398680e-01
285 6.556680e-01 3.688000e-03 3.406440e-01
286 6.550280e-01 3.708000e-03 3.412640e-01
287 6.543360e-01 3.708000e-03 3.419560e-01
288 6.537320e-01 3.728000e-03 3.425400e-01
289 6.531640e-01 3.684000e-03 3.431520e-01
290 6.526080e-01 3.616000e-03 3.437760e-01
291 6.520200e-01 3.500000e-03 3.444800e-01
292 6.514920e-01 3.448000e-03 3.450600e-01
293 6.509880e-01 3.364000e-03 3.456480e-01
294 6.505480e-01 3.188000e-03 3.462640e-01
295 6.500280e-01 3.172000e-03 3.468000e-01
296 6.494800e-01 3.164000e-03 3.473560e-01
297 6.490320e-01 3.032000e-03 3.479360e-01
298 6.485600e-01 3.060000e-03 3.483800e-01
299 6.480520e-01 3.004000e-03 3.489440e-01
300 6.475560e-01 2.956000e-03 3.494880e-01
301 6.470640e-01 3.008000e-03 3.499280e-01
302 6.465680e-01 2.904000e-03 3.505280e-01
303 6.460720e-01 2.860000e-03 3.510680e-01
304 6.456600e-01 2.792000e-03 3.515480e-01
305 6.451680e-01 2.736000e-03 3.520960e-01
306 6.447520e-01 2.676000e-03 3.525720e-01
307 6.443440e-01 2.540000e-03 3.531160e-01
308 6.440000e-01 2.484000e-03 3.535160e-01
309 6.437080e-01 2.364000e-03 3.539280e-01
310 6.433480e-01 2.260000e-03 3.543920e-01
311 6.430280e-01 2.188000e-03 3.547840e-01
312 6.427200e-01 2.124000e-03 3.551560e-01
313 6.424360e-01 2.044000e-03 3.555200e-01
314 6.421040e-01 2.052000e-03 3.558440e-01
315 6.418240e-01 1.984000e-03 3.561920e-01
316 6.414480e-01 2.036000e-03 3.565160e-01
317 6.411120e-01 2.004000e-03 3.568840e-01
318 6.407920e-01 2.004000e-03 3.572040e-01
319 6.405520e-01 1.864000e-03 3.575840e-01
320 6.402360e-01 1.840000e-03 3.579240e-01
321 6.399280e-01 1.828000e-03 3.582440e-01
322 6.396320e-01 1.812000e-03 3.585560e-01
323 6.393360e-01 1.772000e-03 3.588920e-01
324 6.390360e-01 1.764000e-03 3.592000e-01
325 6.387560e-01 1.716000e-03 3.595280e-01
326 6.384840e-01 1.676000e-03 3.598400e-01
327 6.381720e-01 1.640000e-03 3.601880e-01
328 6.379200e-01 1.568000e-03 3.605120e-01
329 6.377200e-01 1.496000e-03 3.607840e-01
330 6.374840e-01 1.476000e-03 3.610400e-01
331 6.372480e-01 1.432000e-03 3.613200e-01
332 6.370520e-01 1.392000e-03 3.615560e-01
333 6.368720e-01 1.316000e-03 3.618120e-01
334 6.366720e-01 1.324000e-03 3.620040e-01
335 6.364760e-01 1.300000e-03 3.622240e-01
336 6.362720e-01 1.240000e-03 3.624880e-01
337 6.360320e-01 1.292000e-03 3.626760e-01
338 6.358760e-01 1.228000e-03 3.628960e-01
339 6.357320e-01 1.172000e-03 3.630960e-01
340 6.355520e-01 1.128000e-03 3.633200e-01
341 6.353440e-01 1.180000e-03 3.634760e-01
342 6.352120e-01 1.136000e-03 3.636520e-01
343 6.350720e-01 1.088000e-03 3.638400e-01
344 6.349280e-01 9.800000e-04 3.640920e-01
345 6.348120e-01 8.960000e-04 3.642920e-01
346 6.346960e-01 8.520000e-04 3.644520e-01
347 6.345280e-01 8.640000e-04 3.646080e-01
348 6.344040e-01 8.080000e-04 3.647880e-01
349 6.342760e-01 7.880000e-04 3.649360e-01
350 6.341720e-01 7.480000e-04 3.650800e-01
351 6.340440e-01 7.400000e-04 3.652160e-01
352 6.338960e-01 7.560000e-04 3.653480e-01
353 6.337360e-01 8.160000e-04 3.654480e-01
354 6.335280e-01 8.760000e-04 3.655960e-01
355 6.333480e-01 9.000000e-04 3.657520e-01
356 6.331920e-01 9.080000e-04 3.659000e-01
357 6.329760e-01 9.160000e-04 3.661080e-01
358 6.327920e-01 9.480000e-04 3.662600e-01
359 6.325320e-01 9.960000e-04 3.664720e-01
360 6.323600e-01 1.048000e-03 3.665920e-01
361 6.321640e-01 1.088000e-03 3.667480e-01
362 6.319480e-01 1.140000e-03 3.669120e-01
363 6.316720e-01 1.228000e-03 3.671000e-01
364 6.314320e-01 1.272000e-03 3.672960e-01
365 6.311960e-01 1.264000e-03 3.675400e-01
366 6.309200e-01 1.312000e-03 3.677680e-01
367 6.306800e-01 1.252000e-03 3.680680e-01
368 6.304320e-01 1.316000e-03 3.682520e-01
369 6.302000e-01 1.296000e-03 3.685040e-01
370 6.299800e-01 1.268000e-03 3.687520e-01
371 6.297440e-01 1.256000e-03 3.690000e-01
372 6.295240e-01 1.284000e-03 3.691920e-01
373 6.293080e-01 1.288000e-03 3.694040e-01
374 6.291240e-01 1.224000e-03 3.696520e-01
375 6.288920e-01 1.220000e-03 3.698880e-01
376 6.286680e-01 1.228000e-03 3.701040e-01
377 6.284760e-01 1.188000e-03 3.703360e-01
378 6.282680e-01 1.200000e-03 3.705320e-01
379 6.280080e-01 1.260000e-03 3.707320e-01
380 6.278360e-01 1.176000e-03 3.709880e-01
381 6.276400e-01 1.148000e-03 3.712120e-01
382 6.274440e-01 1.156000e-03 3.714000e-01
383 6.272320e-01 1.160000e-03 3.716080e-01
384 6.270960e-01 1.088000e-03 3.718160e-01
385 6.269280e-01 1.064000e-03 3.720080e-01
386 6.267280e-01 1.076000e-03 3.721960e-01
387 6.265800e-01 1.088000e-03 3.723320e-01
388 6.264080e-01 1.116000e-03 3.724760e-01
389 6.262720e-01 1.060000e-03 3.726680e-01
390 6.261400e-01 9.760000e-04 3.728840e-01
391 6.260000e-01 9.600000e-04 3.730400e-01
392 6.258640e-01 9.360000e-04 3.732000e-01
393 6.257160e-01 9.400000e-04 3.733440e-01
394 6.255760e-01 9.200000e-04 3.735040e-01
395 6.253760e-01 9.240000e-04 3.737000e-01
396 6.251800e-01 9.440000e-04 3.738760e-01
397 6.250040e-01 9.960000e-04 3.740000e-01
398 6.248200e-01 1.020000e-03 3.741600e-01
399 6.246440e-01 1.016000e-03 3.743400e-01
400 6.244360e-01 1.040000e-03 3.745240e-01
401 6.242680e-01 1.032000e-03 3.747000e-01
402 6.240880e-01 1.072000e-03 3.748400e-01
403 6.239240e-01 1.016000e-03 3.750600e-01
404 6.237680e-01 1.028000e-03 3.752040e-01
405 6.236200e-01 1.004000e-03 3.753760e-01
406 6.234600e-01 9.560000e-04 3.755840e-01
407 6.232880e-01 9.640000e-04 3.757480e-01
408 6.231640e-01 9.160000e-04 3.759200e-01
409 6.230440e-01 8.720000e-04 3.760840e-01
410 6.228920e-01 8.200000e-04 3.762880e-01
411 6.227440e-01 8.080000e-04 3.764480e-01
412 6.225880e-01 8.240000e-04 3.765880e-01
413 6.224480e-01 8.080000e-04 3.767440e-01
414 6.222800e-01 8.280000e-04 3.768920e-01
415 6.221520e-01 8.040000e-04 3.770440e-01
416 6.220080e-01 8.400000e-04 3.771520e-01
417 6.217680e-01 9.160000e-04 3.773160e-01
418 6.216160e-01 8.920000e-04 3.774920e-01
419 6.214240e-01 9.560000e-04 3.776200e-01
420 6.212080e-01 9.760000e-04 3.778160e-01
421 6.210560e-01 9.680000e-04 3.779760e-01
422 6.208800e-01 9.680000e-04 3.781520e-01
423 6.207120e-01 9.600000e-04 3.783280e-01
424 6.205400e-01 9.480000e-04 3.785120e-01
425 6.203880e-01 9.000000e-04 3.787120e-01
426 6.202560e-01 8.680000e-04 3.788760e-01
427 6.201120e-01 8.240000e-04 3.790640e-01
428 6.199680e-01 8.360000e-04 3.791960e-01
429 6.198760e-01 7.880000e-04 3.793360e-01
430 6.196800e-01 8.160000e-04 3.795040e-01
431 6.195360e-01 8.160000e-04 3.796480e-01
432 6.193600e-01 8.600000e-04 3.797800e-01
433 6.191800e-01 8.840000e-04 3.799360e-01
434 6.189880e-01 9.320000e-04 3.800800e-01
435 6.188640e-01 9.000000e-04 3.802360e-01
436 6.187080e-01 9.160000e-04 3.803760e-01
437 6.185320e-01 9.280000e-04 3.805400e-01
438 6.183560e-01 9.560000e-04 3.806880e-01
439 6.181560e-01 1.008000e-03 3.808360e-01
440 6.179680e-01 1.056000e-03 3.809760e-01
441 6.178240e-01 1.040000e-03 3.811360e-01
442 6.177000e-01 1.004000e-03 3.812960e-01
443 6.175560e-01 9.920000e-04 3.814520e-01
444 6.174000e-01 9.640000e-04 3.816360e-01
445 6.172480e-01 9.520000e-04 3.818000e-01
446 6.171040e-01 9.400000e-04 3.819560e-01
447 6.169160e-01 9.720000e-04 3.821120e-01
448 6.167440e-01 9.760000e-04 3.822800e-01
449 6.165560e-01 9.760000e-04 3.824680e-01
450 6.163520e-01 1.048000e-03 3.826000e-01
451 6.161160e-01 1.084000e-03 3.828000e-01
452 6.159240e-01 1.076000e-03 3.830000e-01
453 6.157320e-01 1.116000e-03 3.831520e-01
454 6.155840e-01 1.092000e-03 3.833240e-01
455 6.153560e-01 1.128000e-03 3.835160e-01
456 6.151360e-01 1.152000e-03 3.837120e-01
457 6.149200e-01 1.204000e-03 3.838760e-01
458 6.147440e-01 1.148000e-03 3.841080e-01
459 6.145960e-01 1.064000e-03 3.843400e-01
460 6.144040e-01 1.068000e-03 3.845280e-01
461 6.142560e-01 1.036000e-03 3.847080e-01
462 6.140720e-01 1.060000e-03 3.848680e-01
463 6.138400e-01 1.124000e-03 3.850360e-01
464 6.136400e-01 1.088000e-03 3.852720e-01
465 6.135000e-01 1.048000e-03 3.854520e-01
466 6.133360e-01 1.000000e-03 3.856640e-01
467 6.132000e-01 9.280000e-04 3.858720e-01
468 6.130440e-01 9.240000e-04 3.860320e-01
469 6.128600e-01 9.280000e-04 3.862120e-01
470 6.127040e-01 9.320000e-04 3.863640e-01
471 6.125520e-01 9.320000e-04 3.865160e-01
472 6.123720e-01 9.800000e-04 3.866480e-01
473 6.122080e-01 9.520000e-04 3.868400e-01
474 6.120600e-01 9.800000e-04 3.869600e-01
475 6.118280e-01 1.036000e-03 3.871360e-01
476 6.116200e-01 1.064000e-03 3.873160e-01
477 6.114320e-01 1.060000e-03 3.875080e-01
478 6.112320e-01 1.040000e-03 3.877280e-01
479 6.110560e-01 1.024000e-03 3.879200e-01
480 6.108600e-01 1.028000e-03 3.881120e-01
481 6.106680e-01 1.044000e-03 3.882880e-01
482 6.104840e-01 1.028000e-03 3.884880e-01
483 6.102840e-01 1.008000e-03 3.887080e-01
484 6.101240e-01 9.400000e-04 3.889360e-01
485 6.099560e-01 9.160000e-04 3.891280e-01
486 6.097440e-01 9.600000e-04 3.892960e-01
487 6.095760e-01 9.320000e-04 3.894920e-01
488 6.094600e-01 8.600000e-04 3.896800e-01
489 6.093640e-01 7.840000e-04 3.898520e-01
490 6.092480e-01 7.600000e-04 3.899920e-01
491 6.091160e-01 7.600000e-04 3.901240e-01
492 6.089840e-01 7.440000e-04 3.902720e-01
493 6.088720e-01 7.160000e-04 3.904120e-01
494 6.087240e-01 7.720000e-04 3.905040e-01
495 6.085720e-01 7.480000e-04 3.906800e-01
496 6.084840e-01 6.960000e-04 3.908200e-01
497 6.083720e-01 6.720000e-04 3.909560e-01
498 6.082600e-01 6.560000e-04 3.910840e-01
499 6.081520e-01 6.440000e-04 3.912040e-01
500 6.080280e-01 6.280000e-04 3.913440e-01
