1 9.992720e-01 6.200000e-04 1.080000e-04
2 9.988920e-01 8.840000e-04 2.240000e-04
3 9.982640e-01 1.336000e-03 4.000000e-04
4 9.976360e-01 1.712000e-03 6.520000e-04
5 9.969240e-01 2.104000e-03 9.720000e-04
6 9.961480e-01 2.504000e-03 1.348000e-03
7 9.952560e-01 2.928000e-03 1.816000e-03
8 9.944160e-01 3.260000e-03 2.324000e-03
9 9.934080e-01 3.680000e-03 2.912000e-03
10 9.923520e-01 4.076000e-03 3.572000e-03
11 9.913080e-01 4.364000e-03 4.328000e-03
12 9.902160e-01 4.716000e-03 5.068000e-03
13 9.891120e-01 4.896000e-03 5.992000e-03
14 9.880600e-01 5.056000e-03 6.884000e-03
15 9.869520e-01 5.320000e-03 7.728000e-03
16 9.857840e-01 5.516000e-03 8.700000e-03
17 9.845960e-01 5.688000e-03 9.716000e-03
18 9.835160e-01 5.708000e-03 1.077600e-02
19 9.823800e-01 5.860000e-03 1.176000e-02
20 9.811400e-01 6.096000e-03 1.276400e-02
21 9.799600e-01 6.208000e-03 1.383200e-02
22 9.786800e-01 6.416000e-03 1.490400e-02
23 9.773760e-01 6.536000e-03 1.608800e-02
24 9.761000e-01 6.748000e-03 1.715200e-02
25 9.748440e-01 6.784000e-03 1.837200e-02
26 9.734400e-01 7.040000e-03 1.952000e-02
27 9.721640e-01 7.060000e-03 2.077600e-02
28 9.710160e-01 7.036000e-03 2.194800e-02
29 9.697200e-01 7.060000e-03 2.322000e-02
30 9.684880e-01 7.108000e-03 2.440400e-02
31 9.671280e-01 7.256000e-03 2.561600e-02
32 9.657320e-01 7.532000e-03 2.673600e-02
33 9.644480e-01 7.460000e-03 2.809200e-02
34 9.630440e-01 7.592000e-03 2.936400e-02
35 9.616720e-01 7.604000e-03 3.072400e-02
36 9.602960e-01 7.568000e-03 3.213600e-02
37 9.587840e-01 7.740000e-03 3.347600e-02
38 9.571960e-01 7.936000e-03 3.486800e-02
39 9.556040e-01 8.128000e-03 3.626800e-02
40 9.540280e-01 8.244000e-03 3.772800e-02
41 9.523800e-01 8.280000e-03 3.934000e-02
42 9.508600e-01 8.276000e-03 4.086400e-02
43 9.492240e-01 8.544000e-03 4.223200e-02
44 9.476360e-01 8.716000e-03 4.364800e-02
45 9.461200e-01 8.644000e-03 4.523600e-02
46 9.445920e-01 8.716000e-03 4.669200e-02
47 9.431760e-01 8.616000e-03 4.820800e-02
48 9.416880e-01 8.600000e-03 4.971200e-02
49 9.401400e-01 8.716000e-03 5.114400e-02
50 9.385280e-01 8.804000e-03 5.266800e-02
51 9.369400e-01 8.792000e-03 5.426800e-02
52 9.354680e-01 8.844000e-03 5.568800e-02
53 9.340200e-01 8.752000e-03 5.722800e-02
54 9.324960e-01 8.832000e-03 5.867200e-02
55 9.309800e-01 8.720000e-03 6.030000e-02
56 9.293440e-01 8.756000e-03 6.190000e-02
57 9.277480e-01 8.736000e-03 6.351600e-02
58 9.260880e-01 8.692000e-03 6.522000e-02
59 9.245800e-01 8.656000e-03 6.676400e-02
60 9.230200e-01 8.712000e-03 6.826800e-02
61 9.214440e-01 8.820000e-03 6.973600e-02
62 9.198280e-01 8.808000e-03 7.136400e-02
63 9.181160e-01 9.028000e-03 7.285600e-02
64 9.164360e-01 9.120000e-03 7.444400e-02
65 9.148280e-01 9.108000e-03 7.606400e-02
66 9.132520e-01 9.164000e-03 7.758400e-02
67 9.115920e-01 9.200000e-03 7.920800e-02
68 9.100440e-01 9.068000e-03 8.088800e-02
69 9.084240e-01 9.208000e-03 8.236800e-02
70 9.067160e-01 9.224000e-03 8.406000e-02
71 9.051480e-01 9.168000e-03 8.568400e-02
72 9.036560e-01 9.080000e-03 8.726400e-02
73 9.019080e-01 9.200000e-03 8.889200e-02
74 9.001960e-01 9.128000e-03 9.067600e-02
75 8.984120e-01 9.220000e-03 9.236800e-02
76 8.968400e-01 9.224000e-03 9.393600e-02
77 8.950840e-01 9.376000e-03 9.554000e-02
78 8.933240e-01 9.424000e-03 9.725200e-02
79 8.915040e-01 9.648000e-03 9.884800e-02
80 8.897400e-01 9.800000e-03 1.004600e-01
81 8.880000e-01 9.720000e-03 1.022800e-01
82 8.861560e-01 9.744000e-03 1.041000e-01
83 8.843360e-01 9.924000e-03 1.057400e-01
84 8.824840e-01 9.884000e-03 1.076320e-01
85 8.806480e-01 9.956000e-03 1.093960e-01
86 8.789560e-01 9.816000e-03 1.112280e-01
87 8.772800e-01 9.792000e-03 1.129280e-01
88 8.755800e-01 9.676000e-03 1.147440e-01
89 8.739160e-01 9.660000e-03 1.164240e-01
90 8.722240e-01 9.684000e-03 1.180920e-01
91 8.706000e-01 9.620000e-03 1.197800e-01
92 8.689400e-01 9.696000e-03 1.213640e-01
93 8.671640e-01 9.796000e-03 1.230400e-01
94 8.654280e-01 9.760000e-03 1.248120e-01
95 8.639000e-01 9.480000e-03 1.266200e-01
96 8.622920e-01 9.372000e-03 1.283360e-01
97 8.607520e-01 9.184000e-03 1.300640e-01
98 8.591440e-01 9.232000e-03 1.316240e-01
99 8.576040e-01 9.032000e-03 1.333640e-01
100 8.560080e-01 9.064000e-03 1.349280e-01
101 8.544680e-01 8.952000e-03 1.365800e-01
102 8.529600e-01 8.932000e-03 1.381080e-01
103 8.513840e-01 8.804000e-03 1.398120e-01
104 8.498360e-01 8.816000e-03 1.413480e-01
105 8.484120e-01 8.892000e-03 1.426960e-01
106 8.470880e-01 8.524000e-03 1.443880e-01
107 8.456680e-01 8.388000e-03 1.459440e-01
108 8.442720e-01 8.228000e-03 1.475000e-01
109 8.429320e-01 8.072000e-03 1.489960e-01
110 8.415360e-01 8.044000e-03 1.504200e-01
111 8.400600e-01 8.148000e-03 1.517920e-01
112 8.384960e-01 8.244000e-03 1.532600e-01
113 8.370160e-01 8.148000e-03 1.548360e-01
114 8.355880e-01 8.140000e-03 1.562720e-01
115 8.341880e-01 8.068000e-03 1.577440e-01
116 8.328280e-01 8.020000e-03 1.591520e-01
117 8.313160e-01 8.120000e-03 1.605640e-01
118 8.298920e-01 8.084000e-03 1.620240e-01
119 8.285000e-01 8.044000e-03 1.634560e-01
120 8.269800e-01 8.232000e-03 1.647880e-01
121 8.255760e-01 8.152000e-03 1.662720e-01
122 8.242480e-01 7.948000e-03 1.678040e-01
123 8.229520e-01 7.860000e-03 1.691880e-01
124 8.216440e-01 7.868000e-03 1.704880e-01
125 8.204080e-01 7.704000e-03 1.718880e-01
126 8.191920e-01 7.456000e-03 1.733520e-01
127 8.178480e-01 7.500000e-03 1.746520e-01
128 8.166040e-01 7.500000e-03 1.758960e-01
129 8.153920e-01 7.472000e-03 1.771360e-01
130 8.142000e-01 7.332000e-03 1.784680e-01
131 8.131000e-01 7.248000e-03 1.796520e-01
132 8.118680e-01 7.328000e-03 1.808040e-01
133 8.106600e-01 7.284000e-03 1.820560e-01
134 8.092840e-01 7.400000e-03 1.833160e-01
135 8.080920e-01 7.276000e-03 1.846320e-01
136 8.067600e-01 7.396000e-03 1.858440e-01
137 8.056480e-01 7.264000e-03 1.870880e-01
138 8.041320e-01 7.584000e-03 1.882840e-01
139 8.028640e-01 7.468000e-03 1.896680e-01
140 8.014920e-01 7.528000e-03 1.909800e-01
141 8.001440e-01 7.568000e-03 1.922880e-01
142 7.988080e-01 7.504000e-03 1.936880e-01
143 7.975560e-01 7.376000e-03 1.950680e-01
144 7.962360e-01 7.396000e-03 1.963680e-01
145 7.951040e-01 7.268000e-03 1.976280e-01
146 7.940800e-01 6.976000e-03 1.989440e-01
147 7.929360e-01 6.852000e-03 2.002120e-01
148 7.917960e-01 6.860000e-03 2.013440e-01
149 7.906080e-01 6.876000e-03 2.025160e-01
150 7.894680e-01 6.776000e-03 2.037560e-01
151 7.883880e-01 6.636000e-03 2.049760e-01
152 7.874160e-01 6.356000e-03 2.062280e-01
153 7.864200e-01 6.108000e-03 2.074720e-01
154 7.854800e-01 5.968000e-03 2.085520e-01
155 7.844840e-01 5.920000e-03 2.095960e-01
156 7.834000e-01 5.948000e-03 2.106520e-01
157 7.824280e-01 5.896000e-03 2.116760e-01
158 7.815200e-01 5.728000e-03 2.127520e-01
159 7.804800e-01 5.828000e-03 2.136920e-01
160 7.795160e-01 5.616000e-03 2.148680e-01
161 7.785320e-01 5.696000e-03 2.157720e-01
162 7.775000e-01 5.800000e-03 2.167000e-01
163 7.764320e-01 5.776000e-03 2.177920e-01
164 7.752800e-01 5.876000e-03 2.188440e-01
165 7.742760e-01 5.944000e-03 2.197800e-01
166 7.731880e-01 6.040000e-03 2.207720e-01
167 7.720880e-01 6.012000e-03 2.219000e-01
168 7.711280e-01 5.824000e-03 2.230480e-01
169 7.700320e-01 5.976000e-03 2.239920e-01
170 7.689640e-01 6.112000e-03 2.249240e-01
171 7.680040e-01 5.980000e-03 2.260160e-01
172 7.670240e-01 5.848000e-03 2.271280e-01
173 7.659440e-01 5.928000e-03 2.281280e-01
174 7.649520e-01 5.928000e-03 2.291200e-01
175 7.638600e-01 5.984000e-03 2.301560e-01
176 7.628360e-01 5.896000e-03 2.312680e-01
177 7.617960e-01 5.900000e-03 2.323040e-01
178 7.607280e-01 5.972000e-03 2.333000e-01
179 7.596240e-01 6.096000e-03 2.342800e-01
180 7.585800e-01 6.000000e-03 2.354200e-01
181 7.577040e-01 5.736000e-03 2.365600e-01
182 7.567640e-01 5.756000e-03 2.374800e-01
183 7.557320e-01 5.752000e-03 2.385160e-01
184 7.547240e-01 5.792000e-03 2.394840e-01
185 7.537360e-01 5.792000e-03 2.404720e-01
186 7.526920e-01 5.816000e-03 2.414920e-01
187 7.516520e-01 5.940000e-03 2.424080e-01
188 7.505200e-01 6.048000e-03 2.434320e-01
189 7.493680e-01 6.168000e-03 2.444640e-01
190 7.482640e-01 6.192000e-03 2.455440e-01
191 7.473080e-01 6.016000e-03 2.466760e-01
192 7.464560e-01 5.836000e-03 2.477080e-01
193 7.457320e-01 5.456000e-03 2.488120e-01
194 7.448960e-01 5.328000e-03 2.497760e-01
195 7.440640e-01 5.256000e-03 2.506800e-01
196 7.433360e-01 5.092000e-03 2.515720e-01
197 7.425440e-01 5.048000e-03 2.524080e-01
198 7.417680e-01 4.892000e-03 2.533400e-01
199 7.410640e-01 4.696000e-03 2.542400e-01
200 7.404680e-01 4.488000e-03 2.550440e-01
201 7.397880e-01 4.344000e-03 2.558680e-01
202 7.390360e-01 4.392000e-03 2.565720e-01
203 7.383240e-01 4.388000e-03 2.572880e-01
204 7.375840e-01 4.372000e-03 2.580440e-01
205 7.368640e-01 4.372000e-03 2.587640e-01
206 7.362000e-01 4.304000e-03 2.594960e-01
207 7.353640e-01 4.380000e-03 2.602560e-01
208 7.345840e-01 4.316000e-03 2.611000e-01
209 7.337240e-01 4.484000e-03 2.617920e-01
210 7.330840e-01 4.348000e-03 2.625680e-01
211 7.323760e-01 4.300000e-03 2.633240e-01
212 7.317640e-01 4.088000e-03 2.641480e-01
213 7.311000e-01 3.984000e-03 2.649160e-01
214 7.304480e-01 3.964000e-03 2.655880e-01
215 7.298200e-01 4.024000e-03 2.661560e-01
216 7.291920e-01 3.932000e-03 2.668760e-01
217 7.285800e-01 3.764000e-03 2.676560e-01
218 7.278920e-01 3.812000e-03 2.682960e-01
219 7.273000e-01 3.648000e-03 2.690520e-01
220 7.266520e-01 3.676000e-03 2.696720e-01
221 7.259840e-01 3.748000e-03 2.702680e-01
222 7.253600e-01 3.768000e-03 2.708720e-01
223 7.246400e-01 3.824000e-03 2.715360e-01
224 7.239960e-01 3.784000e-03 2.722200e-01
225 7.232240e-01 3.800000e-03 2.729760e-01
226 7.225160e-01 3.864000e-03 2.736200e-01
227 7.217760e-01 4.052000e-03 2.741720e-01
228 7.211480e-01 3.968000e-03 2.748840e-01
229 7.205160e-01 3.872000e-03 2.756120e-01
230 7.199280e-01 3.688000e-03 2.763840e-01
231 7.192160e-01 3.712000e-03 2.770720e-01
232 7.185440e-01 3.732000e-03 2.777240e-01
233 7.178240e-01 3.808000e-03 2.783680e-01
234 7.170840e-01 3.844000e-03 2.790720e-01
235 7.163640e-01 3.984000e-03 2.796520e-01
236 7.156880e-01 3.944000e-03 2.803680e-01
237 7.150760e-01 3.904000e-03 2.810200e-01
238 7.144760e-01 3.772000e-03 2.817520e-01
239 7.138640e-01 3.764000e-03 2.823720e-01
240 7.132720e-01 3.736000e-03 2.829920e-01
241 7.126480e-01 3.668000e-03 2.836840e-01
242 7.121760e-01 3.468000e-03 2.843560e-01
243 7.116640e-01 3.328000e-03 2.850080e-01
244 7.110960e-01 3.360000e-03 2.855440e-01
245 7.106000e-01 3.272000e-03 2.861280e-01
246 7.101080e-01 3.224000e-03 2.866680e-01
247 7.096840e-01 3.132000e-03 2.871840e-01
248 7.092320e-01 3.040000e-03 2.877280e-01
249 7.086960e-01 3.060000e-03 2.882440e-01
250 7.081160e-01 3.172000e-03 2.887120e-01
251 7.075600e-01 3.196000e-03 2.892440e-01
252 7.069240e-01 3.240000e-03 2.898360e-01
253 7.063200e-01 3.236000e-03 2.904440e-01
254 7.057720e-01 3.204000e-03 2.910240e-01
255 7.052760e-01 3.188000e-03 2.915360e-01
256 7.046800e-01 3.196000e-03 2.921240e-01
257 7.041360e-01 3.132000e-03 2.927320e-01
258 7.036240e-01 3.172000e-03 2.932040e-01
259 7.031040e-01 3.132000e-03 2.937640e-01
260 7.026200e-01 3.076000e-03 2.943040e-01
261 7.021600e-01 2.984000e-03 2.948560e-01
262 7.016960e-01 2.880000e-03 2.954240e-01
263 7.012000e-01 2.844000e-03 2.959560e-01
264 7.007360e-01 2.824000e-03 2.964400e-01
265 7.002320e-01 2.780000e-03 2.969880e-01
266 6.997720e-01 2.796000e-03 2.974320e-01
267 6.992680e-01 2.816000e-03 2.979160e-01
268 6.988200e-01 2.804000e-03 2.983760e-01
269 6.983480e-01 2.820000e-03 2.988320e-01
270 6.977240e-01 2.940000e-03 2.993360e-01
271 6.971920e-01 2.944000e-03 2.998640e-01
272 6.966920e-01 2.984000e-03 3.003240e-01
273 6.961840e-01 2.924000e-03 3.008920e-01
274 6.956840e-01 2.968000e-03 3.013480e-01
275 6.952080e-01 2.864000e-03 3.019280e-01
276 6.946760e-01 2.928000e-03 3.023960e-01
277 6.941880e-01 2.932000e-03 3.028800e-01
278 6.937080e-01 2.960000e-03 3.033320e-01
279 6.931520e-01 3.028000e-03 3.038200e-01
280 6.926400e-01 2.968000e-03 3.043920e-01
281 6.921800e-01 2.900000e-03 3.049200e-01
282 6.916800e-01 2.892000e-03 3.054280e-01
283 6.912200e-01 2.896000e-03 3.058840e-01
284 6.907360e-01 2.816000e-03 3.064480e-01
285 6.902840e-01 2.784000e-03 3.069320e-01
286 6.897960e-01 2.748000e-03 3.074560e-01
287 6.893240e-01 2.708000e-03 3.079680e-01
288 6.888520e-01 2.696000e-03 3.084520e-01
289 6.883400e-01 2.732000e-03 3.089280e-01
290 6.878680e-01 2.732000e-03 3.094000e-01
291 6.873080e-01 2.768000e-03 3.099240e-01
292 6.868160e-01 2.752000e-03 3.104320e-01
293 6.863040e-01 2.844000e-03 3.108520e-01
294 6.857360e-01 2.960000e-03 3.113040e-01
295 6.851760e-01 2.936000e-03 3.118880e-01
296 6.845760e-01 3.072000e-03 3.123520e-01
297 6.840040e-01 3.140000e-03 3.128560e-01
298 6.833840e-01 3.196000e-03 3.134200e-01
299 6.828160e-01 3.260000e-03 3.139240e-01
300 6.822840e-01 3.228000e-03 3.144880e-01
301 6.818880e-01 3.048000e-03 3.150640e-01
302 6.813400e-01 3.020000e-03 3.156400e-01
303 6.807320e-01 3.140000e-03 3.161280e-01
304 6.801520e-01 3.220000e-03 3.166280e-01
305 6.796960e-01 3.152000e-03 3.171520e-01
306 6.791360e-01 3.204000e-03 3.176600e-01
307 6.785920e-01 3.196000e-03 3.182120e-01
308 6.780320e-01 3.180000e-03 3.187880e-01
309 6.775520e-01 3.092000e-03 3.193560e-01
310 6.770600e-01 2.960000e-03 3.199800e-01
311 6.766320e-01 2.816000e-03 3.205520e-01
312 6.762520e-01 2.716000e-03 3.210320e-01
313 6.757360e-01 2.784000e-03 3.214800e-01
314 6.752720e-01 2.796000e-03 3.219320e-01
315 6.748760e-01 2.632000e-03 3.224920e-01
316 6.744520e-01 2.588000e-03 3.229600e-01
317 6.740400e-01 2.524000e-03 3.234360e-01
318 6.736520e-01 2.532000e-03 3.238160e-01
319 6.732240e-01 2.512000e-03 3.242640e-01
320 6.728000e-01 2.484000e-03 3.247160e-01
321 6.724160e-01 2.432000e-03 3.251520e-01
322 6.720840e-01 2.408000e-03 3.255080e-01
323 6.717000e-01 2.416000e-03 3.258840e-01
324 6.712360e-01 2.524000e-03 3.262400e-01
325 6.708200e-01 2.496000e-03 3.266840e-01
326 6.703920e-01 2.440000e-03 3.271680e-01
327 6.699480e-01 2.492000e-03 3.275600e-01
328 6.695440e-01 2.444000e-03 3.280120e-01
329 6.690960e-01 2.440000e-03 3.284640e-01
330 6.686880e-01 2.392000e-03 3.289200e-01
331 6.682720e-01 2.352000e-03 3.293760e-01
332 6.678240e-01 2.384000e-03 3.297920e-01
333 6.674240e-01 2.380000e-03 3.301960e-01
334 6.670240e-01 2.368000e-03 3.306080e-01
335 6.666680e-01 2.336000e-03 3.309960e-01
336 6.662880e-01 2.292000e-03 3.314200e-01
337 6.659040e-01 2.316000e-03 3.317800e-01
338 6.655560e-01 2.216000e-03 3.322280e-01
339 6.652560e-01 2.140000e-03 3.326040e-01
340 6.649120e-01 2.140000e-03 3.329480e-01
341 6.646760e-01 1.996000e-03 3.333280e-01
342 6.644320e-01 1.912000e-03 3.336560e-01
343 6.641760e-01 1.880000e-03 3.339440e-01
344 6.639480e-01 1.816000e-03 3.342360e-01
345 6.636920e-01 1.752000e-03 3.345560e-01
346 6.634360e-01 1.704000e-03 3.348600e-01
347 6.631280e-01 1.616000e-03 3.352560e-01
348 6.628400e-01 1.572000e-03 3.355880e-01
349 6.625200e-01 1.688000e-03 3.357920e-01
350 6.622520e-01 1.652000e-03 3.360960e-01
351 6.618840e-01 1.708000e-03 3.364080e-01
352 6.615320e-01 1.820000e-03 3.366480e-01
353 6.611920e-01 1.824000e-03 3.369840e-01
354 6.608640e-01 1.800000e-03 3.373360e-01
355 6.605240e-01 1.872000e-03 3.376040e-01
356 6.602200e-01 1.888000e-03 3.378920e-01
357 6.599240e-01 1.864000e-03 3.382120e-01
358 6.596480e-01 1.820000e-03 3.385320e-01
359 6.593760e-01 1.756000e-03 3.388680e-01
360 6.590840e-01 1.780000e-03 3.391360e-01
361 6.587640e-01 1.772000e-03 3.394640e-01
362 6.585720e-01 1.676000e-03 3.397520e-01
363 6.583360e-01 1.564000e-03 3.401000e-01
364 6.580640e-01 1.540000e-03 3.403960e-01
365 6.578560e-01 1.472000e-03 3.406720e-01
366 6.575920e-01 1.444000e-03 3.409640e-01
367 6.573000e-01 1.460000e-03 3.412400e-01
368 6.570280e-01 1.500000e-03 3.414720e-01
369 6.568200e-01 1.480000e-03 3.417000e-01
370 6.565680e-01 1.428000e-03 3.420040e-01
371 6.563080e-01 1.432000e-03 3.422600e-01
372 6.560320e-01 1.440000e-03 3.425280e-01
373 6.558000e-01 1.452000e-03 3.427480e-01
374 6.555400e-01 1.456000e-03 3.430040e-01
375 6.552480e-01 1.492000e-03 3.432600e-01
376 6.549560e-01 1.516000e-03 3.435280e-01
377 6.546400e-01 1.604000e-03 3.437560e-01
378 6.543560e-01 1.544000e-03 3.441000e-01
379 6.541440e-01 1.488000e-03 3.443680e-01
380 6.538720e-01 1.548000e-03 3.445800e-01
381 6.536560e-01 1.500000e-03 3.448440e-01
382 6.533920e-01 1.508000e-03 3.451000e-01
383 6.531920e-01 1.448000e-03 3.453600e-01
384 6.529560e-01 1.456000e-03 3.455880e-01
385 6.527600e-01 1.396000e-03 3.458440e-01
386 6.525160e-01 1.412000e-03 3.460720e-01
387 6.523040e-01 1.412000e-03 3.462840e-01
388 6.520520e-01 1.452000e-03 3.464960e-01
389 6.518440e-01 1.476000e-03 3.466800e-01
390 6.516560e-01 1.420000e-03 3.469240e-01
391 6.515040e-01 1.264000e-03 3.472320e-01
392 6.513000e-01 1.216000e-03 3.474840e-01
393 6.511280e-01 1.132000e-03 3.477400e-01
394 6.509360e-01 1.108000e-03 3.479560e-01
395 6.507440e-01 1.128000e-03 3.481280e-01
396 6.505480e-01 1.140000e-03 3.483120e-01
397 6.504240e-01 1.056000e-03 3.485200e-01
398 6.502600e-01 9.960000e-04 3.487440e-01
399 6.501520e-01 9.280000e-04 3.489200e-01
400 6.499920e-01 9.320000e-04 3.490760e-01
401 6.498160e-01 9.200000e-04 3.492640e-01
402 6.496080e-01 1.004000e-03 3.493880e-01
403 6.494400e-01 1.044000e-03 3.495160e-01
404 6.492440e-01 1.080000e-03 3.496760e-01
405 6.490320e-01 1.096000e-03 3.498720e-01
406 6.488080e-01 1.124000e-03 3.500680e-01
407 6.486040e-01 1.116000e-03 3.502800e-01
408 6.484480e-01 1.052000e-03 3.505000e-01
409 6.482600e-01 1.088000e-03 3.506520e-01
410 6.481160e-01 1.056000e-03 3.508280e-01
411 6.479720e-01 1.000000e-03 3.510280e-01
412 6.477960e-01 9.920000e-04 3.512120e-01
413 6.476520e-01 9.360000e-04 3.514120e-01
414 6.475120e-01 9.080000e-04 3.515800e-01
415 6.473960e-01 9.080000e-04 3.516960e-01
416 6.471840e-01 9.800000e-04 3.518360e-01
417 6.470240e-01 1.016000e-03 3.519600e-01
418 6.468800e-01 9.880000e-04 3.521320e-01
419 6.467400e-01 9.520000e-04 3.523080e-01
420 6.465440e-01 1.016000e-03 3.524400e-01
421 6.463800e-01 9.760000e-04 3.526440e-01
422 6.462320e-01 9.520000e-04 3.528160e-01
423 6.460360e-01 9.320000e-04 3.530320e-01
424 6.458440e-01 9.040000e-04 3.532520e-01
425 6.457320e-01 8.800000e-04 3.533880e-01
426 6.455520e-01 8.960000e-04 3.535520e-01
427 6.453960e-01 8.760000e-04 3.537280e-01
428 6.452480e-01 9.000000e-04 3.538520e-01
429 6.450840e-01 9.160000e-04 3.540000e-01
430 6.449680e-01 8.520000e-04 3.541800e-01
431 6.448240e-01 8.240000e-04 3.543520e-01
432 6.447000e-01 7.640000e-04 3.545360e-01
433 6.445480e-01 7.880000e-04 3.546640e-01
434 6.443800e-01 8.040000e-04 3.548160e-01
435 6.442320e-01 7.960000e-04 3.549720e-01
436 6.440480e-01 8.640000e-04 3.550880e-01
437 6.438920e-01 8.640000e-04 3.552440e-01
438 6.437000e-01 9.440000e-04 3.553560e-01
439 6.435360e-01 9.360000e-04 3.555280e-01
440 6.433440e-01 9.920000e-04 3.556640e-01
441 6.431840e-01 9.920000e-04 3.558240e-01
442 6.430440e-01 9.480000e-04 3.560080e-01
443 6.428920e-01 9.520000e-04 3.561560e-01
444 6.427280e-01 9.680000e-04 3.563040e-01
445 6.425560e-01 9.840000e-04 3.564600e-01
446 6.424200e-01 1.004000e-03 3.565760e-01
447 6.422640e-01 1.004000e-03 3.567320e-01
448 6.421560e-01 9.000000e-04 3.569440e-01
449 6.420480e-01 8.160000e-04 3.571360e-01
450 6.418920e-01 8.600000e-04 3.572480e-01
451 6.417160e-01 8.960000e-04 3.573880e-01
452 6.415680e-01 8.880000e-04 3.575440e-01
453 6.414200e-01 9.160000e-04 3.576640e-01
454 6.412640e-01 9.040000e-04 3.578320e-01
455 6.410400e-01 9.680000e-04 3.579920e-01
456 6.408240e-01 9.880000e-04 3.581880e-01
457 6.406640e-01 1.000000e-03 3.583360e-01
458 6.404760e-01 9.800000e-04 3.585440e-01
459 6.403160e-01 9.240000e-04 3.587600e-01
460 6.401720e-01 9.040000e-04 3.589240e-01
461 6.400280e-01 8.960000e-04 3.590760e-01
462 6.398600e-01 8.800000e-04 3.592600e-01
463 6.397360e-01 8.600000e-04 3.594040e-01
464 6.396200e-01 8.120000e-04 3.595680e-01
465 6.394720e-01 8.400000e-04 3.596880e-01
466 6.393720e-01 8.040000e-04 3.598240e-01
467 6.392080e-01 8.480000e-04 3.599440e-01
468 6.390720e-01 8.680000e-04 3.600600e-01
469 6.389160e-01 8.800000e-04 3.602040e-01
470 6.387760e-01 8.880000e-04 3.603360e-01
471 6.386280e-01 8.640000e-04 3.605080e-01
472 6.384960e-01 8.280000e-04 3.606760e-01
473 6.383520e-01 8.160000e-04 3.608320e-01
474 6.382200e-01 7.880000e-04 3.609920e-01
475 6.380680e-01 8.240000e-04 3.611080e-01
476 6.379360e-01 8.400000e-04 3.612240e-01
477 6.378280e-01 7.760000e-04 3.613960e-01
478 6.377200e-01 7.480000e-04 3.615320e-01
479 6.376120e-01 7.560000e-04 3.616320e-01
480 6.375400e-01 7.320000e-04 3.617280e-01
481 6.374240e-01 7.080000e-04 3.618680e-01
482 6.373400e-01 6.720000e-04 3.619880e-01
483 6.373000e-01 5.680000e-04 3.621320e-01
484 6.371880e-01 6.080000e-04 3.622040e-01
485 6.371040e-01 5.920000e-04 3.623040e-01
486 6.370160e-01 5.520000e-04 3.624320e-01
487 6.369560e-01 4.800000e-04 3.625640e-01
488 6.368880e-01 4.600000e-04 3.626520e-01
489 6.367760e-01 4.760000e-04 3.627480e-01
490 6.366840e-01 4.320000e-04 3.628840e-01
491 6.365720e-01 4.680000e-04 3.629600e-01
492 6.364720e-01 4.640000e-04 3.630640e-01
493 6.363960e-01 4.240000e-04 3.631800e-01
494 6.363560e-01 3.800000e-04 3.632640e-01
495 6.363120e-01 3.600000e-04 3.633280e-01
496 6.362480e-01 3.440000e-04 3.634080e-01
497 6.361920e-01 3.360000e-04 3.634720e-01
498 6.361280e-01 3.400000e-04 3.635320e-01
499 6.360800e-01 3.280000e-04 3.635920e-01
500 6.360080e-01 3.200000e-04 3.636720e-01
