1 9.990920e-01 8.240000e-04 8.400000e-05
2 9.984560e-01 1.260000e-03 2.840000e-04
3 9.977880e-01 1.640000e-03 5.720000e-04
4 9.970400e-01 2.080000e-03 8.800000e-04
5 9.960920e-01 2.624000e-03 1.284000e-03
6 9.952800e-01 2.920000e-03 1.800000e-03
7 9.944280e-01 3.224000e-03 2.348000e-03
8 9.935000e-01 3.508000e-03 2.992000e-03
9 9.924480e-01 3.928000e-03 3.624000e-03
10 9.914120e-01 4.248000e-03 4.340000e-03
11 9.903560e-01 4.628000e-03 5.016000e-03
12 9.893160e-01 4.848000e-03 5.836000e-03
13 9.881760e-01 5.052000e-03 6.772000e-03
14 9.868760e-01 5.436000e-03 7.688000e-03
15 9.857120e-01 5.596000e-03 8.692000e-03
16 9.845520e-01 5.688000e-03 9.760000e-03
17 9.834320e-01 5.740000e-03 1.082800e-02
18 9.822520e-01 5.900000e-03 1.184800e-02
19 9.810000e-01 6.048000e-03 1.295200e-02
20 9.797840e-01 6.136000e-03 1.408000e-02
21 9.784520e-01 6.256000e-03 1.529200e-02
22 9.772480e-01 6.324000e-03 1.642800e-02
23 9.759200e-01 6.496000e-03 1.758400e-02
24 9.747360e-01 6.492000e-03 1.877200e-02
25 9.735280e-01 6.608000e-03 1.986400e-02
26 9.721760e-01 6.864000e-03 2.096000e-02
27 9.709640e-01 6.952000e-03 2.208400e-02
28 9.695720e-01 7.168000e-03 2.326000e-02
29 9.680720e-01 7.376000e-03 2.455200e-02
30 9.667040e-01 7.560000e-03 2.573600e-02
31 9.652880e-01 7.632000e-03 2.708000e-02
32 9.639400e-01 7.632000e-03 2.842800e-02
33 9.626400e-01 7.652000e-03 2.970800e-02
34 9.612880e-01 7.792000e-03 3.092000e-02
35 9.598320e-01 7.988000e-03 3.218000e-02
36 9.583360e-01 8.120000e-03 3.354400e-02
37 9.569040e-01 8.008000e-03 3.508800e-02
38 9.556080e-01 7.936000e-03 3.645600e-02
39 9.541360e-01 7.960000e-03 3.790400e-02
40 9.527560e-01 7.968000e-03 3.927600e-02
41 9.512520e-01 7.952000e-03 4.079600e-02
42 9.496800e-01 8.248000e-03 4.207200e-02
43 9.483000e-01 8.152000e-03 4.354800e-02
44 9.470600e-01 7.984000e-03 4.495600e-02
45 9.456440e-01 8.108000e-03 4.624800e-02
46 9.440200e-01 8.260000e-03 4.772000e-02
47 9.424320e-01 8.264000e-03 4.930400e-02
48 9.407720e-01 8.360000e-03 5.086800e-02
49 9.393920e-01 8.236000e-03 5.237200e-02
50 9.379200e-01 8.300000e-03 5.378000e-02
51 9.363840e-01 8.428000e-03 5.518800e-02
52 9.346880e-01 8.656000e-03 5.665600e-02
53 9.330440e-01 8.744000e-03 5.821200e-02
54 9.314800e-01 8.716000e-03 5.980400e-02
55 9.300440e-01 8.624000e-03 6.133200e-02
56 9.285760e-01 8.572000e-03 6.285200e-02
57 9.271320e-01 8.496000e-03 6.437200e-02
58 9.255240e-01 8.476000e-03 6.600000e-02
59 9.240000e-01 8.476000e-03 6.752400e-02
60 9.224280e-01 8.448000e-03 6.912400e-02
61 9.208400e-01 8.540000e-03 7.062000e-02
62 9.192600e-01 8.696000e-03 7.204400e-02
63 9.177200e-01 8.760000e-03 7.352000e-02
64 9.160200e-01 8.984000e-03 7.499600e-02
65 9.144400e-01 8.872000e-03 7.668800e-02
66 9.127800e-01 8.904000e-03 7.831600e-02
67 9.111760e-01 9.052000e-03 7.977200e-02
68 9.095240e-01 9.076000e-03 8.140000e-02
69 9.080160e-01 8.988000e-03 8.299600e-02
70 9.064920e-01 8.996000e-03 8.451200e-02
71 9.049760e-01 8.868000e-03 8.615600e-02
72 9.035720e-01 8.848000e-03 8.758000e-02
73 9.021160e-01 8.744000e-03 8.914000e-02
74 9.004440e-01 8.896000e-03 9.066000e-02
75 8.988880e-01 8.916000e-03 9.219600e-02
76 8.973320e-01 8.992000e-03 9.367600e-02
77 8.956600e-01 9.080000e-03 9.526000e-02
78 8.941120e-01 9.144000e-03 9.674400e-02
79 8.927920e-01 8.792000e-03 9.841600e-02
80 8.913000e-01 8.892000e-03 9.980800e-02
81 8.898160e-01 8.852000e-03 1.013320e-01
82 8.882680e-01 8.808000e-03 1.029240e-01
83 8.866040e-01 9.008000e-03 1.043880e-01
84 8.849600e-01 9.108000e-03 1.059320e-01
85 8.834880e-01 8.964000e-03 1.075480e-01
86 8.819480e-01 8.916000e-03 1.091360e-01
87 8.804320e-01 8.956000e-03 1.106120e-01
88 8.787320e-01 9.236000e-03 1.120320e-01
89 8.769160e-01 9.328000e-03 1.137560e-01
90 8.752560e-01 9.372000e-03 1.153720e-01
91 8.735000e-01 9.464000e-03 1.170360e-01
92 8.717560e-01 9.556000e-03 1.186880e-01
93 8.700960e-01 9.684000e-03 1.202200e-01
94 8.684720e-01 9.696000e-03 1.218320e-01
95 8.668400e-01 9.796000e-03 1.233640e-01
96 8.651040e-01 9.788000e-03 1.251080e-01
97 8.635920e-01 9.576000e-03 1.268320e-01
98 8.617160e-01 9.752000e-03 1.285320e-01
99 8.602160e-01 9.380000e-03 1.304040e-01
100 8.586400e-01 9.296000e-03 1.320640e-01
101 8.570880e-01 9.212000e-03 1.337000e-01
102 8.556320e-01 9.096000e-03 1.352720e-01
103 8.541520e-01 9.028000e-03 1.368200e-01
104 8.526240e-01 8.968000e-03 1.384080e-01
105 8.511440e-01 8.724000e-03 1.401320e-01
106 8.496880e-01 8.748000e-03 1.415640e-01
107 8.480840e-01 8.832000e-03 1.430840e-01
108 8.465520e-01 8.872000e-03 1.445760e-01
109 8.449640e-01 8.928000e-03 1.461080e-01
110 8.432440e-01 9.092000e-03 1.476640e-01
111 8.417240e-01 8.964000e-03 1.493120e-01
112 8.402360e-01 8.964000e-03 1.508000e-01
113 8.387520e-01 8.924000e-03 1.523240e-01
114 8.373120e-01 8.784000e-03 1.539040e-01
115 8.358880e-01 8.600000e-03 1.555120e-01
116 8.345640e-01 8.420000e-03 1.570160e-01
117 8.332000e-01 8.304000e-03 1.584960e-01
118 8.319840e-01 8.120000e-03 1.598960e-01
119 8.305600e-01 8.240000e-03 1.612000e-01
120 8.293280e-01 8.012000e-03 1.626600e-01
121 8.279240e-01 8.052000e-03 1.640240e-01
122 8.265880e-01 8.052000e-03 1.653600e-01
123 8.252080e-01 8.012000e-03 1.667800e-01
124 8.240680e-01 7.692000e-03 1.682400e-01
125 8.228800e-01 7.608000e-03 1.695120e-01
126 8.215600e-01 7.660000e-03 1.707800e-01
127 8.201200e-01 7.756000e-03 1.721240e-01
128 8.188000e-01 7.744000e-03 1.734560e-01
129 8.175040e-01 7.660000e-03 1.748360e-01
130 8.161920e-01 7.660000e-03 1.761480e-01
131 8.149440e-01 7.500000e-03 1.775560e-01
132 8.136560e-01 7.556000e-03 1.787880e-01
133 8.124400e-01 7.460000e-03 1.801000e-01
134 8.112880e-01 7.316000e-03 1.813960e-01
135 8.100880e-01 7.180000e-03 1.827320e-01
136 8.089200e-01 6.988000e-03 1.840920e-01
137 8.078520e-01 6.800000e-03 1.853480e-01
138 8.066360e-01 6.728000e-03 1.866360e-01
139 8.054120e-01 6.844000e-03 1.877440e-01
140 8.042400e-01 6.764000e-03 1.889960e-01
141 8.029680e-01 6.824000e-03 1.902080e-01
142 8.018080e-01 6.788000e-03 1.914040e-01
143 8.005240e-01 6.816000e-03 1.926600e-01
144 7.993120e-01 6.760000e-03 1.939280e-01
145 7.981280e-01 6.760000e-03 1.951120e-01
146 7.970200e-01 6.660000e-03 1.963200e-01
147 7.958280e-01 6.700000e-03 1.974720e-01
148 7.946080e-01 6.756000e-03 1.986360e-01
149 7.933320e-01 6.912000e-03 1.997560e-01
150 7.921560e-01 6.784000e-03 2.010600e-01
151 7.908640e-01 6.828000e-03 2.023080e-01
152 7.897040e-01 6.844000e-03 2.034520e-01
153 7.886000e-01 6.708000e-03 2.046920e-01
154 7.875480e-01 6.544000e-03 2.059080e-01
155 7.864680e-01 6.432000e-03 2.071000e-01
156 7.853080e-01 6.388000e-03 2.083040e-01
157 7.841320e-01 6.580000e-03 2.092880e-01
158 7.831760e-01 6.428000e-03 2.103960e-01
159 7.821760e-01 6.284000e-03 2.115400e-01
160 7.810320e-01 6.288000e-03 2.126800e-01
161 7.798840e-01 6.364000e-03 2.137520e-01
162 7.787080e-01 6.452000e-03 2.148400e-01
163 7.777520e-01 6.396000e-03 2.158520e-01
164 7.767720e-01 6.244000e-03 2.169840e-01
165 7.759120e-01 6.120000e-03 2.179680e-01
166 7.749240e-01 6.032000e-03 2.190440e-01
167 7.741080e-01 5.760000e-03 2.201320e-01
168 7.730520e-01 5.756000e-03 2.211920e-01
169 7.720600e-01 5.736000e-03 2.222040e-01
170 7.710920e-01 5.720000e-03 2.231880e-01
171 7.701880e-01 5.620000e-03 2.241920e-01
172 7.691320e-01 5.636000e-03 2.252320e-01
173 7.681000e-01 5.680000e-03 2.262200e-01
174 7.670640e-01 5.776000e-03 2.271600e-01
175 7.660480e-01 5.832000e-03 2.281200e-01
176 7.651280e-01 5.756000e-03 2.291160e-01
177 7.641680e-01 5.744000e-03 2.300880e-01
178 7.631480e-01 5.720000e-03 2.311320e-01
179 7.621200e-01 5.776000e-03 2.321040e-01
180 7.612320e-01 5.604000e-03 2.331640e-01
181 7.602280e-01 5.592000e-03 2.341800e-01
182 7.592440e-01 5.668000e-03 2.350880e-01
183 7.583000e-01 5.576000e-03 2.361240e-01
184 7.572800e-01 5.564000e-03 2.371560e-01
185 7.563560e-01 5.476000e-03 2.381680e-01
186 7.554720e-01 5.364000e-03 2.391640e-01
187 7.544320e-01 5.416000e-03 2.401520e-01
188 7.535800e-01 5.256000e-03 2.411640e-01
189 7.526480e-01 5.148000e-03 2.422040e-01
190 7.517200e-01 5.216000e-03 2.430640e-01
191 7.507880e-01 5.160000e-03 2.440520e-01
192 7.497720e-01 5.220000e-03 2.450080e-01
193 7.488480e-01 5.252000e-03 2.459000e-01
194 7.479880e-01 5.240000e-03 2.467720e-01
195 7.469760e-01 5.276000e-03 2.477480e-01
196 7.460280e-01 5.196000e-03 2.487760e-01
197 7.450640e-01 5.188000e-03 2.497480e-01
198 7.441480e-01 5.168000e-03 2.506840e-01
199 7.432960e-01 4.976000e-03 2.517280e-01
200 7.423920e-01 4.980000e-03 2.526280e-01
201 7.414560e-01 5.032000e-03 2.535120e-01
202 7.404560e-01 5.168000e-03 2.543760e-01
203 7.394680e-01 5.240000e-03 2.552920e-01
204 7.385160e-01 5.280000e-03 2.562040e-01
205 7.376200e-01 5.140000e-03 2.572400e-01
206 7.367480e-01 5.064000e-03 2.581880e-01
207 7.359200e-01 4.956000e-03 2.591240e-01
208 7.351720e-01 4.888000e-03 2.599400e-01
209 7.343800e-01 4.856000e-03 2.607640e-01
210 7.334480e-01 5.008000e-03 2.615440e-01
211 7.326320e-01 4.956000e-03 2.624120e-01
212 7.317840e-01 4.980000e-03 2.632360e-01
213 7.309840e-01 4.924000e-03 2.640920e-01
214 7.301520e-01 4.932000e-03 2.649160e-01
215 7.293160e-01 5.044000e-03 2.656400e-01
216 7.284520e-01 4.960000e-03 2.665880e-01
217 7.276320e-01 4.980000e-03 2.673880e-01
218 7.267360e-01 4.988000e-03 2.682760e-01
219 7.259560e-01 4.892000e-03 2.691520e-01
220 7.251160e-01 4.828000e-03 2.700560e-01
221 7.243160e-01 4.704000e-03 2.709800e-01
222 7.234760e-01 4.696000e-03 2.718280e-01
223 7.227520e-01 4.544000e-03 2.727040e-01
224 7.218760e-01 4.648000e-03 2.734760e-01
225 7.210840e-01 4.676000e-03 2.742400e-01
226 7.201080e-01 4.772000e-03 2.751200e-01
227 7.191920e-01 4.848000e-03 2.759600e-01
228 7.182640e-01 4.892000e-03 2.768440e-01
229 7.173920e-01 4.944000e-03 2.776640e-01
230 7.164760e-01 4.980000e-03 2.785440e-01
231 7.155600e-01 5.068000e-03 2.793720e-01
232 7.146400e-01 5.124000e-03 2.802360e-01
233 7.136960e-01 5.168000e-03 2.811360e-01
234 7.128240e-01 5.156000e-03 2.820200e-01
235 7.120480e-01 5.028000e-03 2.829240e-01
236 7.111640e-01 5.012000e-03 2.838240e-01
237 7.103440e-01 5.080000e-03 2.845760e-01
238 7.095520e-01 5.032000e-03 2.854160e-01
239 7.087120e-01 4.984000e-03 2.863040e-01
240 7.079120e-01 4.956000e-03 2.871320e-01
241 7.070680e-01 4.952000e-03 2.879800e-01
242 7.061960e-01 4.980000e-03 2.888240e-01
243 7.054200e-01 4.888000e-03 2.896920e-01
244 7.047720e-01 4.668000e-03 2.905600e-01
245 7.041040e-01 4.520000e-03 2.913760e-01
246 7.033880e-01 4.432000e-03 2.921800e-01
247 7.026440e-01 4.440000e-03 2.929160e-01
248 7.019600e-01 4.240000e-03 2.938000e-01
249 7.013080e-01 4.092000e-03 2.946000e-01
250 7.006560e-01 4.088000e-03 2.952560e-01
251 6.998960e-01 4.068000e-03 2.960360e-01
252 6.991520e-01 4.016000e-03 2.968320e-01
253 6.983840e-01 4.048000e-03 2.975680e-01
254 6.977120e-01 4.020000e-03 2.982680e-01
255 6.969960e-01 4.064000e-03 2.989400e-01
256 6.962920e-01 4.024000e-03 2.996840e-01
257 6.956600e-01 3.896000e-03 3.004440e-01
258 6.949200e-01 4.004000e-03 3.010760e-01
259 6.942040e-01 4.000000e-03 3.017960e-01
260 6.935760e-01 3.948000e-03 3.024760e-01
261 6.929680e-01 3.848000e-03 3.031840e-01
262 6.923120e-01 3.872000e-03 3.038160e-01
263 6.916640e-01 3.844000e-03 3.044920e-01
264 6.910400e-01 3.736000e-03 3.052240e-01
265 6.903480e-01 3.696000e-03 3.059560e-01
266 6.897960e-01 3.592000e-03 3.066120e-01
267 6.892240e-01 3.524000e-03 3.072520e-01
268 6.886480e-01 3.480000e-03 3.078720e-01
269 6.880320e-01 3.476000e-03 3.084920e-01
270 6.875400e-01 3.400000e-03 3.090600e-01
271 6.869560e-01 3.500000e-03 3.095440e-01
272 6.863000e-01 3.508000e-03 3.101920e-01
273 6.856720e-01 3.432000e-03 3.108960e-01
274 6.851040e-01 3.420000e-03 3.114760e-01
275 6.844600e-01 3.480000e-03 3.120600e-01
276 6.839200e-01 3.460000e-03 3.126200e-01
277 6.834160e-01 3.364000e-03 3.132200e-01
278 6.828320e-01 3.260000e-03 3.139080e-01
279 6.822560e-01 3.252000e-03 3.144920e-01
280 6.817080e-01 3.224000e-03 3.150680e-01
281 6.810920e-01 3.348000e-03 3.155600e-01
282 6.805200e-01 3.332000e-03 3.161480e-01
283 6.800240e-01 3.288000e-03 3.166880e-01
284 6.794240e-01 3.364000e-03 3.172120e-01
285 6.787480e-01 3.352000e-03 3.179000e-01
286 6.782080e-01 3.328000e-03 3.184640e-01
287 6.775960e-01 3.332000e-03 3.190720e-01
288 6.769600e-01 3.404000e-03 3.196360e-01
289 6.764000e-01 3.372000e-03 3.202280e-01
290 6.758440e-01 3.372000e-03 3.207840e-01
291 6.752800e-01 3.404000e-03 3.213160e-01
292 6.748000e-01 3.328000e-03 3.218720e-01
293 6.742640e-01 3.316000e-03 3.224200e-01
294 6.737040e-01 3.360000e-03 3.229360e-01
295 6.732000e-01 3.296000e-03 3.235040e-01
296 6.727720e-01 3.168000e-03 3.240600e-01
297 6.722800e-01 3.080000e-03 3.246400e-01
298 6.718200e-01 3.024000e-03 3.251560e-01
299 6.713160e-01 3.004000e-03 3.256800e-01
300 6.708080e-01 3.000000e-03 3.261920e-01
301 6.703080e-01 2.912000e-03 3.267800e-01
302 6.698000e-01 2.920000e-03 3.272800e-01
303 6.692640e-01 2.992000e-03 3.277440e-01
304 6.687640e-01 2.932000e-03 3.283040e-01
305 6.682840e-01 2.924000e-03 3.287920e-01
306 6.677880e-01 2.832000e-03 3.293800e-01
307 6.673480e-01 2.776000e-03 3.298760e-01
308 6.668480e-01 2.804000e-03 3.303480e-01
309 6.662920e-01 2.852000e-03 3.308560e-01
310 6.657960e-01 2.836000e-03 3.313680e-01
311 6.652600e-01 2.872000e-03 3.318680e-01
312 6.647120e-01 2.892000e-03 3.323960e-01
313 6.641040e-01 2.988000e-03 3.329080e-01
314 6.634520e-01 3.124000e-03 3.334240e-01
315 6.629840e-01 3.072000e-03 3.339440e-01
316 6.623760e-01 3.168000e-03 3.344560e-01
317 6.617320e-01 3.296000e-03 3.349720e-01
318 6.611800e-01 3.192000e-03 3.356280e-01
319 6.607840e-01 3.008000e-03 3.362080e-01
320 6.602200e-01 3.028000e-03 3.367520e-01
321 6.595720e-01 3.144000e-03 3.372840e-01
322 6.590160e-01 3.180000e-03 3.378040e-01
323 6.583320e-01 3.364000e-03 3.383040e-01
324 6.577560e-01 3.432000e-03 3.388120e-01
325 6.571680e-01 3.380000e-03 3.394520e-01
326 6.565880e-01 3.316000e-03 3.400960e-01
327 6.560600e-01 3.320000e-03 3.406200e-01
328 6.554280e-01 3.408000e-03 3.411640e-01
329 6.548360e-01 3.352000e-03 3.418120e-01
330 6.543040e-01 3.240000e-03 3.424560e-01
331 6.537960e-01 3.172000e-03 3.430320e-01
332 6.532360e-01 3.156000e-03 3.436080e-01
333 6.526920e-01 3.176000e-03 3.441320e-01
334 6.522080e-01 3.156000e-03 3.446360e-01
335 6.518120e-01 2.964000e-03 3.452240e-01
336 6.513960e-01 2.832000e-03 3.457720e-01
337 6.508880e-01 2.860000e-03 3.462520e-01
338 6.503160e-01 2.912000e-03 3.467720e-01
339 6.498720e-01 2.872000e-03 3.472560e-01
340 6.494040e-01 2.784000e-03 3.478120e-01
341 6.489200e-01 2.748000e-03 3.483320e-01
342 6.485240e-01 2.724000e-03 3.487520e-01
343 6.480240e-01 2.760000e-03 3.492160e-01
344 6.474800e-01 2.836000e-03 3.496840e-01
345 6.471080e-01 2.696000e-03 3.501960e-01
346 6.467400e-01 2.600000e-03 3.506600e-01
347 6.463400e-01 2.476000e-03 3.511840e-01
348 6.459200e-01 2.424000e-03 3.516560e-01
349 6.455160e-01 2.428000e-03 3.520560e-01
350 6.450560e-01 2.468000e-03 3.524760e-01
351 6.445320e-01 2.548000e-03 3.529200e-01
352 6.441320e-01 2.544000e-03 3.533240e-01
353 6.437040e-01 2.576000e-03 3.537200e-01
354 6.432280e-01 2.600000e-03 3.541720e-01
355 6.427800e-01 2.648000e-03 3.545720e-01
356 6.423040e-01 2.672000e-03 3.550240e-01
357 6.417680e-01 2.680000e-03 3.555520e-01
358 6.412560e-01 2.748000e-03 3.559960e-01
359 6.407520e-01 2.760000e-03 3.564880e-01
360 6.402200e-01 2.784000e-03 3.569960e-01
361 6.396920e-01 2.844000e-03 3.574640e-01
362 6.392200e-01 2.812000e-03 3.579680e-01
363 6.388160e-01 2.812000e-03 3.583720e-01
364 6.383920e-01 2.684000e-03 3.589240e-01
365 6.380640e-01 2.548000e-03 3.593880e-01
366 6.376040e-01 2.568000e-03 3.598280e-01
367 6.372400e-01 2.504000e-03 3.602560e-01
368 6.367920e-01 2.532000e-03 3.606760e-01
369 6.363200e-01 2.584000e-03 3.610960e-01
370 6.359040e-01 2.568000e-03 3.615280e-01
371 6.354680e-01 2.544000e-03 3.619880e-01
372 6.350480e-01 2.580000e-03 3.623720e-01
373 6.345880e-01 2.624000e-03 3.627880e-01
374 6.342240e-01 2.532000e-03 3.632440e-01
375 6.338280e-01 2.516000e-03 3.636560e-01
376 6.334360e-01 2.520000e-03 3.640440e-01
377 6.331160e-01 2.420000e-03 3.644640e-01
378 6.326680e-01 2.444000e-03 3.648880e-01
379 6.322680e-01 2.492000e-03 3.652400e-01
380 6.318480e-01 2.408000e-03 3.657440e-01
381 6.314760e-01 2.336000e-03 3.661880e-01
382 6.311200e-01 2.316000e-03 3.665640e-01
383 6.307640e-01 2.348000e-03 3.668880e-01
384 6.303320e-01 2.360000e-03 3.673080e-01
385 6.298600e-01 2.336000e-03 3.678040e-01
386 6.295000e-01 2.256000e-03 3.682440e-01
387 6.291280e-01 2.312000e-03 3.685600e-01
388 6.286960e-01 2.368000e-03 3.689360e-01
389 6.283120e-01 2.284000e-03 3.694040e-01
390 6.279040e-01 2.196000e-03 3.699000e-01
391 6.275400e-01 2.200000e-03 3.702600e-01
392 6.271800e-01 2.204000e-03 3.706160e-01
393 6.268520e-01 2.120000e-03 3.710280e-01
394 6.264400e-01 2.188000e-03 3.713720e-01
395 6.261400e-01 2.068000e-03 3.717920e-01
396 6.257920e-01 2.088000e-03 3.721200e-01
397 6.254800e-01 2.044000e-03 3.724760e-01
398 6.251440e-01 2.056000e-03 3.728000e-01
399 6.247880e-01 2.080000e-03 3.731320e-01
400 6.244640e-01 2.040000e-03 3.734960e-01
401 6.241600e-01 1.992000e-03 3.738480e-01
402 6.239240e-01 1.888000e-03 3.741880e-01
403 6.236400e-01 1.812000e-03 3.745480e-01
404 6.233040e-01 1.820000e-03 3.748760e-01
405 6.229800e-01 1.808000e-03 3.752120e-01
406 6.226600e-01 1.824000e-03 3.755160e-01
407 6.223040e-01 1.840000e-03 3.758560e-01
408 6.219560e-01 1.860000e-03 3.761840e-01
409 6.216720e-01 1.840000e-03 3.764880e-01
410 6.212640e-01 1.908000e-03 3.768280e-01
411 6.209160e-01 1.932000e-03 3.771520e-01
412 6.205480e-01 1.964000e-03 3.774880e-01
413 6.201600e-01 2.004000e-03 3.778360e-01
414 6.197680e-01 2.024000e-03 3.782080e-01
415 6.193560e-01 2.156000e-03 3.784880e-01
416 6.189760e-01 2.172000e-03 3.788520e-01
417 6.186240e-01 2.132000e-03 3.792440e-01
418 6.181760e-01 2.176000e-03 3.796480e-01
419 6.178320e-01 2.124000e-03 3.800440e-01
420 6.174440e-01 2.204000e-03 3.803520e-01
421 6.170200e-01 2.216000e-03 3.807640e-01
422 6.166200e-01 2.276000e-03 3.811040e-01
423 6.162120e-01 2.312000e-03 3.814760e-01
424 6.158280e-01 2.304000e-03 3.818680e-01
425 6.154480e-01 2.220000e-03 3.823320e-01
426 6.150720e-01 2.200000e-03 3.827280e-01
427 6.146760e-01 2.176000e-03 3.831480e-01
428 6.142840e-01 2.240000e-03 3.834760e-01
429 6.138960e-01 2.256000e-03 3.838480e-01
430 6.134360e-01 2.276000e-03 3.842880e-01
431 6.130640e-01 2.236000e-03 3.847000e-01
432 6.126560e-01 2.196000e-03 3.851480e-01
433 6.123520e-01 2.144000e-03 3.855040e-01
434 6.120560e-01 2.040000e-03 3.859040e-01
435 6.117440e-01 1.960000e-03 3.862960e-01
436 6.113680e-01 1.964000e-03 3.866680e-01
437 6.110680e-01 1.940000e-03 3.869920e-01
438 6.107520e-01 1.916000e-03 3.873320e-01
439 6.104360e-01 1.908000e-03 3.876560e-01
440 6.101720e-01 1.884000e-03 3.879440e-01
441 6.098440e-01 1.856000e-03 3.883000e-01
442 6.094800e-01 1.896000e-03 3.886240e-01
443 6.091520e-01 1.928000e-03 3.889200e-01
444 6.088640e-01 1.908000e-03 3.892280e-01
445 6.085000e-01 1.992000e-03 3.895080e-01
446 6.081760e-01 2.004000e-03 3.898200e-01
447 6.078200e-01 2.056000e-03 3.901240e-01
448 6.075120e-01 2.052000e-03 3.904360e-01
449 6.071160e-01 2.116000e-03 3.907680e-01
450 6.067720e-01 2.100000e-03 3.911280e-01
451 6.064720e-01 1.988000e-03 3.915400e-01
452 6.061600e-01 1.984000e-03 3.918560e-01
453 6.058200e-01 2.020000e-03 3.921600e-01
454 6.055160e-01 1.940000e-03 3.925440e-01
455 6.051760e-01 1.900000e-03 3.929240e-01
456 6.048400e-01 1.864000e-03 3.932960e-01
457 6.044360e-01 1.936000e-03 3.936280e-01
458 6.041480e-01 1.904000e-03 3.939480e-01
459 6.037280e-01 1.992000e-03 3.942800e-01
460 6.032880e-01 2.152000e-03 3.945600e-01
461 6.028640e-01 2.168000e-03 3.949680e-01
462 6.024440e-01 2.172000e-03 3.953840e-01
463 6.020760e-01 2.128000e-03 3.957960e-01
464 6.017480e-01 2.072000e-03 3.961800e-01
465 6.013760e-01 2.068000e-03 3.965560e-01
466 6.010240e-01 2.112000e-03 3.968640e-01
467 6.007360e-01 2.012000e-03 3.972520e-01
468 6.004200e-01 1.996000e-03 3.975840e-01
469 6.000120e-01 2.064000e-03 3.979240e-01
470 5.996720e-01 2.012000e-03 3.983160e-01
471 5.993520e-01 2.036000e-03 3.986120e-01
472 5.990080e-01 2.012000e-03 3.989800e-01
473 5.986640e-01 2.004000e-03 3.993320e-01
474 5.983960e-01 1.912000e-03 3.996920e-01
475 5.981080e-01 1.864000e-03 4.000280e-01
476 5.978080e-01 1.872000e-03 4.003200e-01
477 5.975680e-01 1.756000e-03 4.006760e-01
478 5.972840e-01 1.716000e-03 4.010000e-01
479 5.971080e-01 1.636000e-03 4.012560e-01
480 5.968320e-01 1.660000e-03 4.015080e-01
481 5.965160e-01 1.656000e-03 4.018280e-01
482 5.962240e-01 1.692000e-03 4.020840e-01
483 5.958960e-01 1.736000e-03 4.023680e-01
484 5.955920e-01 1.808000e-03 4.026000e-01
485 5.953080e-01 1.780000e-03 4.029120e-01
486 5.950120e-01 1.808000e-03 4.031800e-01
487 5.948000e-01 1.720000e-03 4.034800e-01
488 5.945840e-01 1.652000e-03 4.037640e-01
489 5.942680e-01 1.656000e-03 4.040760e-01
490 5.940600e-01 1.552000e-03 4.043880e-01
491 5.938480e-01 1.496000e-03 4.046560e-01
492 5.935760e-01 1.524000e-03 4.049000e-01
493 5.933160e-01 1.544000e-03 4.051400e-01
494 5.930960e-01 1.544000e-03 4.053600e-01
495 5.929320e-01 1.424000e-03 4.056440e-01
496 5.926920e-01 1.404000e-03 4.059040e-01
497 5.924480e-01 1.416000e-03 4.061360e-01
498 5.922120e-01 1.384000e-03 4.064040e-01
499 5.919480e-01 1.412000e-03 4.066400e-01
500 5.916960e-01 1.424000e-03 4.068800e-01
