1 9.991480e-01 7.720000e-04 8.000000e-05
2 9.986400e-01 1.084000e-03 2.760000e-04
3 9.980280e-01 1.472000e-03 5.000000e-04
4 9.972680e-01 1.912000e-03 8.200000e-04
5 9.964040e-01 2.336000e-03 1.260000e-03
6 9.955640e-01 2.704000e-03 1.732000e-03
7 9.946640e-01 3.072000e-03 2.264000e-03
8 9.938000e-01 3.480000e-03 2.720000e-03
9 9.929360e-01 3.672000e-03 3.392000e-03
10 9.919840e-01 3.984000e-03 4.032000e-03
11 9.910440e-01 4.252000e-03 4.704000e-03
12 9.899800e-01 4.544000e-03 5.476000e-03
13 9.890120e-01 4.668000e-03 6.320000e-03
14 9.880640e-01 4.828000e-03 7.108000e-03
15 9.870760e-01 4.976000e-03 7.948000e-03
16 9.861360e-01 5.136000e-03 8.728000e-03
17 9.851520e-01 5.208000e-03 9.640000e-03
18 9.840320e-01 5.436000e-03 1.053200e-02
19 9.829000e-01 5.580000e-03 1.152000e-02
20 9.817760e-01 5.724000e-03 1.250000e-02
21 9.806160e-01 5.816000e-03 1.356800e-02
22 9.793320e-01 6.052000e-03 1.461600e-02
23 9.781760e-01 6.096000e-03 1.572800e-02
24 9.769400e-01 6.344000e-03 1.671600e-02
25 9.755960e-01 6.584000e-03 1.782000e-02
26 9.742240e-01 6.788000e-03 1.898800e-02
27 9.728520e-01 6.908000e-03 2.024000e-02
28 9.714480e-01 7.056000e-03 2.149600e-02
29 9.701640e-01 7.096000e-03 2.274000e-02
30 9.688080e-01 7.132000e-03 2.406000e-02
31 9.673360e-01 7.376000e-03 2.528800e-02
32 9.658640e-01 7.440000e-03 2.669600e-02
33 9.644600e-01 7.596000e-03 2.794400e-02
34 9.629880e-01 7.672000e-03 2.934000e-02
35 9.612440e-01 7.980000e-03 3.077600e-02
36 9.595520e-01 8.364000e-03 3.208400e-02
37 9.580120e-01 8.432000e-03 3.355600e-02
38 9.564080e-01 8.456000e-03 3.513600e-02
39 9.548560e-01 8.376000e-03 3.676800e-02
40 9.533000e-01 8.476000e-03 3.822400e-02
41 9.517760e-01 8.648000e-03 3.957600e-02
42 9.502600e-01 8.540000e-03 4.120000e-02
43 9.487680e-01 8.544000e-03 4.268800e-02
44 9.474440e-01 8.408000e-03 4.414800e-02
45 9.459880e-01 8.388000e-03 4.562400e-02
46 9.446000e-01 8.372000e-03 4.702800e-02
47 9.431920e-01 8.204000e-03 4.860400e-02
48 9.416720e-01 8.220000e-03 5.010800e-02
49 9.402520e-01 8.408000e-03 5.134000e-02
50 9.387720e-01 8.372000e-03 5.285600e-02
51 9.374480e-01 8.152000e-03 5.440000e-02
52 9.360400e-01 8.132000e-03 5.582800e-02
53 9.345280e-01 8.236000e-03 5.723600e-02
54 9.331880e-01 8.076000e-03 5.873600e-02
55 9.319320e-01 7.924000e-03 6.014400e-02
56 9.305640e-01 7.856000e-03 6.158000e-02
57 9.292840e-01 7.736000e-03 6.298000e-02
58 9.281080e-01 7.528000e-03 6.436400e-02
59 9.267840e-01 7.480000e-03 6.573600e-02
60 9.254160e-01 7.464000e-03 6.712000e-02
61 9.240160e-01 7.588000e-03 6.839600e-02
62 9.227280e-01 7.608000e-03 6.966400e-02
63 9.214120e-01 7.688000e-03 7.090000e-02
64 9.201560e-01 7.624000e-03 7.222000e-02
65 9.190080e-01 7.432000e-03 7.356000e-02
66 9.177320e-01 7.320000e-03 7.494800e-02
67 9.165640e-01 7.236000e-03 7.620000e-02
68 9.152640e-01 7.280000e-03 7.745600e-02
69 9.138400e-01 7.380000e-03 7.878000e-02
70 9.124080e-01 7.512000e-03 8.008000e-02
71 9.110760e-01 7.368000e-03 8.155600e-02
72 9.096000e-01 7.580000e-03 8.282000e-02
73 9.081640e-01 7.732000e-03 8.410400e-02
74 9.066840e-01 7.912000e-03 8.540400e-02
75 9.051400e-01 8.004000e-03 8.685600e-02
76 9.035760e-01 8.180000e-03 8.824400e-02
77 9.021240e-01 8.264000e-03 8.961200e-02
78 9.005720e-01 8.392000e-03 9.103600e-02
79 8.989960e-01 8.472000e-03 9.253200e-02
80 8.973920e-01 8.564000e-03 9.404400e-02
81 8.959920e-01 8.356000e-03 9.565200e-02
82 8.945320e-01 8.380000e-03 9.708800e-02
83 8.930880e-01 8.440000e-03 9.847200e-02
84 8.915160e-01 8.668000e-03 9.981600e-02
85 8.900960e-01 8.528000e-03 1.013760e-01
86 8.885480e-01 8.592000e-03 1.028600e-01
87 8.870760e-01 8.480000e-03 1.044440e-01
88 8.856880e-01 8.340000e-03 1.059720e-01
89 8.843920e-01 8.168000e-03 1.074400e-01
90 8.829960e-01 8.264000e-03 1.087400e-01
91 8.815240e-01 8.260000e-03 1.102160e-01
92 8.801520e-01 8.200000e-03 1.116480e-01
93 8.788440e-01 8.060000e-03 1.130960e-01
94 8.774480e-01 8.036000e-03 1.145160e-01
95 8.760280e-01 8.104000e-03 1.158680e-01
96 8.745760e-01 8.208000e-03 1.172160e-01
97 8.731280e-01 8.112000e-03 1.187600e-01
98 8.716680e-01 8.104000e-03 1.202280e-01
99 8.701720e-01 8.256000e-03 1.215720e-01
100 8.686800e-01 8.384000e-03 1.229360e-01
101 8.672840e-01 8.256000e-03 1.244600e-01
102 8.657600e-01 8.320000e-03 1.259200e-01
103 8.641320e-01 8.484000e-03 1.273840e-01
104 8.626280e-01 8.452000e-03 1.289200e-01
105 8.611640e-01 8.460000e-03 1.303760e-01
106 8.597640e-01 8.448000e-03 1.317880e-01
107 8.582520e-01 8.500000e-03 1.332480e-01
108 8.566560e-01 8.636000e-03 1.347080e-01
109 8.551000e-01 8.624000e-03 1.362760e-01
110 8.535120e-01 8.708000e-03 1.377800e-01
111 8.520760e-01 8.596000e-03 1.393280e-01
112 8.505440e-01 8.664000e-03 1.407920e-01
113 8.489960e-01 8.708000e-03 1.422960e-01
114 8.475040e-01 8.600000e-03 1.438960e-01
115 8.459880e-01 8.620000e-03 1.453920e-01
116 8.445160e-01 8.580000e-03 1.469040e-01
117 8.430560e-01 8.540000e-03 1.484040e-01
118 8.414640e-01 8.700000e-03 1.498360e-01
119 8.400160e-01 8.620000e-03 1.513640e-01
120 8.386440e-01 8.452000e-03 1.529040e-01
121 8.372720e-01 8.348000e-03 1.543800e-01
122 8.358960e-01 8.272000e-03 1.558320e-01
123 8.346040e-01 8.176000e-03 1.572200e-01
124 8.333120e-01 7.920000e-03 1.587680e-01
125 8.320200e-01 7.900000e-03 1.600800e-01
126 8.306720e-01 7.920000e-03 1.614080e-01
127 8.291800e-01 8.036000e-03 1.627840e-01
128 8.278120e-01 8.012000e-03 1.641760e-01
129 8.263320e-01 8.132000e-03 1.655360e-01
130 8.250560e-01 7.980000e-03 1.669640e-01
131 8.238800e-01 7.820000e-03 1.683000e-01
132 8.226800e-01 7.636000e-03 1.696840e-01
133 8.214880e-01 7.412000e-03 1.711000e-01
134 8.202480e-01 7.400000e-03 1.723520e-01
135 8.189640e-01 7.496000e-03 1.735400e-01
136 8.176160e-01 7.472000e-03 1.749120e-01
137 8.164320e-01 7.504000e-03 1.760640e-01
138 8.151880e-01 7.424000e-03 1.773880e-01
139 8.138560e-01 7.528000e-03 1.786160e-01
140 8.126920e-01 7.272000e-03 1.800360e-01
141 8.114480e-01 7.208000e-03 1.813440e-01
142 8.102000e-01 7.172000e-03 1.826280e-01
143 8.089200e-01 7.216000e-03 1.838640e-01
144 8.077360e-01 7.092000e-03 1.851720e-01
145 8.065400e-01 7.172000e-03 1.862880e-01
146 8.053360e-01 7.096000e-03 1.875680e-01
147 8.041760e-01 7.080000e-03 1.887440e-01
148 8.028880e-01 7.156000e-03 1.899560e-01
149 8.017920e-01 6.976000e-03 1.912320e-01
150 8.006560e-01 6.984000e-03 1.923600e-01
151 7.993480e-01 7.012000e-03 1.936400e-01
152 7.982040e-01 7.052000e-03 1.947440e-01
153 7.971320e-01 6.836000e-03 1.960320e-01
154 7.958520e-01 6.928000e-03 1.972200e-01
155 7.948400e-01 6.636000e-03 1.985240e-01
156 7.936240e-01 6.680000e-03 1.996960e-01
157 7.926200e-01 6.544000e-03 2.008360e-01
158 7.915520e-01 6.524000e-03 2.019240e-01
159 7.905400e-01 6.368000e-03 2.030920e-01
160 7.896320e-01 6.220000e-03 2.041480e-01
161 7.886680e-01 5.992000e-03 2.053400e-01
162 7.876920e-01 5.776000e-03 2.065320e-01
163 7.866960e-01 5.808000e-03 2.074960e-01
164 7.855400e-01 6.004000e-03 2.084560e-01
165 7.846120e-01 5.892000e-03 2.094960e-01
166 7.836840e-01 5.736000e-03 2.105800e-01
167 7.827880e-01 5.720000e-03 2.114920e-01
168 7.819240e-01 5.640000e-03 2.124360e-01
169 7.809440e-01 5.672000e-03 2.133840e-01
170 7.798240e-01 5.864000e-03 2.143120e-01
171 7.788520e-01 5.808000e-03 2.153400e-01
172 7.778960e-01 5.748000e-03 2.163560e-01
173 7.768360e-01 5.804000e-03 2.173600e-01
174 7.758000e-01 5.796000e-03 2.184040e-01
175 7.745760e-01 6.024000e-03 2.194000e-01
176 7.735760e-01 5.900000e-03 2.205240e-01
177 7.725000e-01 5.992000e-03 2.215080e-01
178 7.715120e-01 6.048000e-03 2.224400e-01
179 7.706120e-01 5.808000e-03 2.235800e-01
180 7.697160e-01 5.696000e-03 2.245880e-01
181 7.687400e-01 5.700000e-03 2.255600e-01
182 7.677960e-01 5.668000e-03 2.265360e-01
183 7.667880e-01 5.740000e-03 2.274720e-01
184 7.657680e-01 5.684000e-03 2.285480e-01
185 7.648520e-01 5.612000e-03 2.295360e-01
186 7.639160e-01 5.496000e-03 2.305880e-01
187 7.629880e-01 5.412000e-03 2.316000e-01
188 7.620920e-01 5.232000e-03 2.326760e-01
189 7.612320e-01 5.216000e-03 2.335520e-01
190 7.603880e-01 5.140000e-03 2.344720e-01
191 7.593880e-01 5.288000e-03 2.353240e-01
192 7.584200e-01 5.384000e-03 2.361960e-01
193 7.575120e-01 5.380000e-03 2.371080e-01
194 7.566480e-01 5.240000e-03 2.381120e-01
195 7.557160e-01 5.296000e-03 2.389880e-01
196 7.548120e-01 5.252000e-03 2.399360e-01
197 7.539680e-01 5.288000e-03 2.407440e-01
198 7.531000e-01 5.124000e-03 2.417760e-01
199 7.521520e-01 5.252000e-03 2.425960e-01
200 7.512720e-01 5.212000e-03 2.435160e-01
201 7.503400e-01 5.240000e-03 2.444200e-01
202 7.495160e-01 5.204000e-03 2.452800e-01
203 7.486800e-01 5.168000e-03 2.461520e-01
204 7.477920e-01 5.132000e-03 2.470760e-01
205 7.470040e-01 4.948000e-03 2.480480e-01
206 7.461000e-01 4.972000e-03 2.489280e-01
207 7.452120e-01 4.920000e-03 2.498680e-01
208 7.442560e-01 4.904000e-03 2.508400e-01
209 7.434240e-01 4.816000e-03 2.517600e-01
210 7.427080e-01 4.688000e-03 2.526040e-01
211 7.419240e-01 4.644000e-03 2.534320e-01
212 7.410760e-01 4.628000e-03 2.542960e-01
213 7.403400e-01 4.608000e-03 2.550520e-01
214 7.395280e-01 4.616000e-03 2.558560e-01
215 7.387800e-01 4.552000e-03 2.566680e-01
216 7.381000e-01 4.444000e-03 2.574560e-01
217 7.373960e-01 4.492000e-03 2.581120e-01
218 7.366560e-01 4.368000e-03 2.589760e-01
219 7.358720e-01 4.356000e-03 2.597720e-01
220 7.352720e-01 4.292000e-03 2.604360e-01
221 7.345200e-01 4.356000e-03 2.611240e-01
222 7.337160e-01 4.376000e-03 2.619080e-01
223 7.330320e-01 4.300000e-03 2.626680e-01
224 7.323200e-01 4.216000e-03 2.634640e-01
225 7.314120e-01 4.300000e-03 2.642880e-01
226 7.306120e-01 4.300000e-03 2.650880e-01
227 7.299320e-01 4.180000e-03 2.658880e-01
228 7.291360e-01 4.208000e-03 2.666560e-01
229 7.283720e-01 4.160000e-03 2.674680e-01
230 7.277160e-01 4.120000e-03 2.681640e-01
231 7.270000e-01 4.124000e-03 2.688760e-01
232 7.263320e-01 4.100000e-03 2.695680e-01
233 7.257720e-01 4.068000e-03 2.701600e-01
234 7.250960e-01 3.980000e-03 2.709240e-01
235 7.243920e-01 3.972000e-03 2.716360e-01
236 7.237560e-01 3.980000e-03 2.722640e-01
237 7.231000e-01 3.968000e-03 2.729320e-01
238 7.224000e-01 3.972000e-03 2.736280e-01
239 7.216840e-01 4.036000e-03 2.742800e-01
240 7.210320e-01 4.044000e-03 2.749240e-01
241 7.203040e-01 4.064000e-03 2.756320e-01
242 7.196800e-01 3.912000e-03 2.764080e-01
243 7.190360e-01 3.836000e-03 2.771280e-01
244 7.183280e-01 3.916000e-03 2.777560e-01
245 7.176200e-01 3.980000e-03 2.784000e-01
246 7.168000e-01 4.036000e-03 2.791640e-01
247 7.160920e-01 3.960000e-03 2.799480e-01
248 7.153760e-01 3.940000e-03 2.806840e-01
249 7.147520e-01 3.880000e-03 2.813680e-01
250 7.140760e-01 3.852000e-03 2.820720e-01
251 7.133600e-01 3.840000e-03 2.828000e-01
252 7.126440e-01 3.880000e-03 2.834760e-01
253 7.118560e-01 3.988000e-03 2.841560e-01
254 7.112280e-01 4.024000e-03 2.847480e-01
255 7.106240e-01 3.848000e-03 2.855280e-01
256 7.100720e-01 3.708000e-03 2.862200e-01
257 7.095680e-01 3.576000e-03 2.868560e-01
258 7.089920e-01 3.448000e-03 2.875600e-01
259 7.084960e-01 3.412000e-03 2.880920e-01
260 7.079000e-01 3.420000e-03 2.886800e-01
261 7.073080e-01 3.488000e-03 2.892040e-01
262 7.068000e-01 3.452000e-03 2.897480e-01
263 7.061920e-01 3.384000e-03 2.904240e-01
264 7.056440e-01 3.276000e-03 2.910800e-01
265 7.050120e-01 3.276000e-03 2.917120e-01
266 7.044720e-01 3.280000e-03 2.922480e-01
267 7.038840e-01 3.272000e-03 2.928440e-01
268 7.033200e-01 3.296000e-03 2.933840e-01
269 7.026960e-01 3.264000e-03 2.940400e-01
270 7.021880e-01 3.224000e-03 2.945880e-01
271 7.017040e-01 3.152000e-03 2.951440e-01
272 7.011040e-01 3.180000e-03 2.957160e-01
273 7.006200e-01 3.104000e-03 2.962760e-01
274 7.000600e-01 3.036000e-03 2.969040e-01
275 6.995400e-01 3.032000e-03 2.974280e-01
276 6.989920e-01 2.964000e-03 2.980440e-01
277 6.985560e-01 2.936000e-03 2.985080e-01
278 6.980440e-01 2.928000e-03 2.990280e-01
279 6.975840e-01 2.856000e-03 2.995600e-01
280 6.970440e-01 2.952000e-03 3.000040e-01
281 6.965760e-01 2.840000e-03 3.005840e-01
282 6.960400e-01 2.944000e-03 3.010160e-01
283 6.955360e-01 2.812000e-03 3.016520e-01
284 6.950760e-01 2.808000e-03 3.021160e-01
285 6.946480e-01 2.768000e-03 3.025840e-01
286 6.940880e-01 2.924000e-03 3.029880e-01
287 6.935800e-01 2.968000e-03 3.034520e-01
288 6.930200e-01 2.976000e-03 3.040040e-01
289 6.924440e-01 3.000000e-03 3.045560e-01
290 6.918880e-01 2.968000e-03 3.051440e-01
291 6.914200e-01 2.900000e-03 3.056800e-01
292 6.908960e-01 2.952000e-03 3.061520e-01
293 6.904880e-01 2.900000e-03 3.066120e-01
294 6.900200e-01 2.932000e-03 3.070480e-01
295 6.894680e-01 3.020000e-03 3.075120e-01
296 6.890120e-01 2.956000e-03 3.080320e-01
297 6.885080e-01 2.948000e-03 3.085440e-01
298 6.879760e-01 2.952000e-03 3.090720e-01
299 6.873920e-01 2.920000e-03 3.096880e-01
300 6.868840e-01 2.908000e-03 3.102080e-01
301 6.863200e-01 2.920000e-03 3.107600e-01
302 6.858720e-01 2.804000e-03 3.113240e-01
303 6.854520e-01 2.792000e-03 3.117560e-01
304 6.850600e-01 2.708000e-03 3.122320e-01
305 6.845840e-01 2.632000e-03 3.127840e-01
306 6.841200e-01 2.552000e-03 3.133280e-01
307 6.836600e-01 2.548000e-03 3.137920e-01
308 6.831920e-01 2.640000e-03 3.141680e-01
309 6.827560e-01 2.632000e-03 3.146120e-01
310 6.822520e-01 2.668000e-03 3.150800e-01
311 6.817960e-01 2.656000e-03 3.155480e-01
312 6.813920e-01 2.524000e-03 3.160840e-01
313 6.809640e-01 2.600000e-03 3.164360e-01
314 6.804760e-01 2.580000e-03 3.169440e-01
315 6.800040e-01 2.612000e-03 3.173840e-01
316 6.795920e-01 2.492000e-03 3.179160e-01
317 6.790960e-01 2.580000e-03 3.183240e-01
318 6.785840e-01 2.680000e-03 3.187360e-01
319 6.781360e-01 2.632000e-03 3.192320e-01
320 6.776480e-01 2.640000e-03 3.197120e-01
321 6.772360e-01 2.504000e-03 3.202600e-01
322 6.768320e-01 2.504000e-03 3.206640e-01
323 6.764440e-01 2.444000e-03 3.211120e-01
324 6.759880e-01 2.548000e-03 3.214640e-01
325 6.756000e-01 2.496000e-03 3.219040e-01
326 6.751360e-01 2.580000e-03 3.222840e-01
327 6.747160e-01 2.536000e-03 3.227480e-01
328 6.741920e-01 2.580000e-03 3.232280e-01
329 6.736720e-01 2.688000e-03 3.236400e-01
330 6.731680e-01 2.696000e-03 3.241360e-01
331 6.727320e-01 2.668000e-03 3.246000e-01
332 6.722480e-01 2.632000e-03 3.251200e-01
333 6.718080e-01 2.648000e-03 3.255440e-01
334 6.713880e-01 2.680000e-03 3.259320e-01
335 6.709000e-01 2.748000e-03 3.263520e-01
336 6.705240e-01 2.620000e-03 3.268560e-01
337 6.701160e-01 2.532000e-03 3.273520e-01
338 6.696960e-01 2.520000e-03 3.277840e-01
339 6.691640e-01 2.568000e-03 3.282680e-01
340 6.686320e-01 2.732000e-03 3.286360e-01
341 6.682080e-01 2.688000e-03 3.291040e-01
342 6.677600e-01 2.704000e-03 3.295360e-01
343 6.672400e-01 2.764000e-03 3.299960e-01
344 6.667720e-01 2.736000e-03 3.304920e-01
345 6.663440e-01 2.700000e-03 3.309560e-01
346 6.659400e-01 2.648000e-03 3.314120e-01
347 6.655520e-01 2.568000e-03 3.318800e-01
348 6.651800e-01 2.512000e-03 3.323080e-01
349 6.647960e-01 2.496000e-03 3.327080e-01
350 6.644440e-01 2.384000e-03 3.331720e-01
351 6.640920e-01 2.364000e-03 3.335440e-01
352 6.637760e-01 2.248000e-03 3.339760e-01
353 6.634280e-01 2.180000e-03 3.343920e-01
354 6.631240e-01 2.064000e-03 3.348120e-01
355 6.627880e-01 2.040000e-03 3.351720e-01
356 6.624680e-01 2.016000e-03 3.355160e-01
357 6.621040e-01 2.076000e-03 3.358200e-01
358 6.617400e-01 2.068000e-03 3.361920e-01
359 6.612040e-01 2.232000e-03 3.365640e-01
360 6.608160e-01 2.244000e-03 3.369400e-01
361 6.604520e-01 2.196000e-03 3.373520e-01
362 6.599720e-01 2.324000e-03 3.377040e-01
363 6.595480e-01 2.348000e-03 3.381040e-01
364 6.591760e-01 2.276000e-03 3.385480e-01
365 6.587440e-01 2.324000e-03 3.389320e-01
366 6.584120e-01 2.216000e-03 3.393720e-01
367 6.580080e-01 2.228000e-03 3.397640e-01
368 6.577080e-01 2.144000e-03 3.401480e-01
369 6.574200e-01 2.024000e-03 3.405560e-01
370 6.571840e-01 1.920000e-03 3.408960e-01
371 6.569720e-01 1.776000e-03 3.412520e-01
372 6.567720e-01 1.644000e-03 3.415840e-01
373 6.565120e-01 1.608000e-03 3.418800e-01
374 6.562680e-01 1.568000e-03 3.421640e-01
375 6.561000e-01 1.512000e-03 3.423880e-01
376 6.558200e-01 1.500000e-03 3.426800e-01
377 6.555600e-01 1.472000e-03 3.429680e-01
378 6.553240e-01 1.424000e-03 3.432520e-01
379 6.550200e-01 1.544000e-03 3.434360e-01
380 6.547840e-01 1.516000e-03 3.437000e-01
381 6.544560e-01 1.568000e-03 3.439760e-01
382 6.541800e-01 1.536000e-03 3.442840e-01
383 6.539200e-01 1.560000e-03 3.445200e-01
384 6.536800e-01 1.520000e-03 3.448000e-01
385 6.534440e-01 1.488000e-03 3.450680e-01
386 6.531880e-01 1.520000e-03 3.452920e-01
387 6.529280e-01 1.516000e-03 3.455560e-01
388 6.526680e-01 1.512000e-03 3.458200e-01
389 6.524280e-01 1.496000e-03 3.460760e-01
390 6.521920e-01 1.464000e-03 3.463440e-01
391 6.519960e-01 1.404000e-03 3.466000e-01
392 6.517880e-01 1.396000e-03 3.468160e-01
393 6.515840e-01 1.376000e-03 3.470400e-01
394 6.514080e-01 1.308000e-03 3.472840e-01
395 6.511880e-01 1.300000e-03 3.475120e-01
396 6.509840e-01 1.264000e-03 3.477520e-01
397 6.508200e-01 1.232000e-03 3.479480e-01
398 6.506280e-01 1.224000e-03 3.481480e-01
399 6.504440e-01 1.180000e-03 3.483760e-01
400 6.502760e-01 1.152000e-03 3.485720e-01
401 6.500800e-01 1.128000e-03 3.487920e-01
402 6.499080e-01 1.092000e-03 3.490000e-01
403 6.497440e-01 1.080000e-03 3.491760e-01
404 6.495800e-01 1.036000e-03 3.493840e-01
405 6.493880e-01 1.068000e-03 3.495440e-01
406 6.491640e-01 1.136000e-03 3.497000e-01
407 6.490000e-01 1.100000e-03 3.499000e-01
408 6.488440e-01 1.060000e-03 3.500960e-01
409 6.486280e-01 1.108000e-03 3.502640e-01
410 6.484240e-01 1.124000e-03 3.504520e-01
411 6.482280e-01 1.140000e-03 3.506320e-01
412 6.480440e-01 1.160000e-03 3.507960e-01
413 6.479200e-01 1.056000e-03 3.510240e-01
414 6.477080e-01 1.092000e-03 3.512000e-01
415 6.474560e-01 1.128000e-03 3.514160e-01
416 6.472920e-01 1.148000e-03 3.515600e-01
417 6.470840e-01 1.196000e-03 3.517200e-01
418 6.468720e-01 1.216000e-03 3.519120e-01
419 6.466200e-01 1.220000e-03 3.521600e-01
420 6.464360e-01 1.172000e-03 3.523920e-01
421 6.462880e-01 1.128000e-03 3.525840e-01
422 6.461360e-01 1.092000e-03 3.527720e-01
423 6.459840e-01 1.080000e-03 3.529360e-01
424 6.458000e-01 1.096000e-03 3.531040e-01
425 6.456080e-01 1.092000e-03 3.533000e-01
426 6.454440e-01 1.096000e-03 3.534600e-01
427 6.452600e-01 1.096000e-03 3.536440e-01
428 6.450880e-01 1.096000e-03 3.538160e-01
429 6.449720e-01 1.048000e-03 3.539800e-01
430 6.448360e-01 9.680000e-04 3.541960e-01
431 6.446960e-01 9.360000e-04 3.543680e-01
432 6.445840e-01 8.600000e-04 3.545560e-01
433 6.444920e-01 7.400000e-04 3.547680e-01
434 6.443720e-01 7.320000e-04 3.548960e-01
435 6.442680e-01 6.920000e-04 3.550400e-01
436 6.441120e-01 7.320000e-04 3.551560e-01
437 6.439800e-01 7.440000e-04 3.552760e-01
438 6.438560e-01 7.160000e-04 3.554280e-01
439 6.437600e-01 7.000000e-04 3.555400e-01
440 6.435680e-01 8.000000e-04 3.556320e-01
441 6.434000e-01 8.320000e-04 3.557680e-01
442 6.432800e-01 8.400000e-04 3.558800e-01
443 6.431120e-01 8.640000e-04 3.560240e-01
444 6.429520e-01 8.680000e-04 3.561800e-01
445 6.427920e-01 8.320000e-04 3.563760e-01
446 6.426560e-01 8.440000e-04 3.565000e-01
447 6.425000e-01 8.080000e-04 3.566920e-01
448 6.422960e-01 8.480000e-04 3.568560e-01
449 6.421720e-01 8.480000e-04 3.569800e-01
450 6.420280e-01 8.480000e-04 3.571240e-01
451 6.418920e-01 8.040000e-04 3.573040e-01
452 6.417680e-01 7.920000e-04 3.574400e-01
453 6.416000e-01 8.160000e-04 3.575840e-01
454 6.414640e-01 8.120000e-04 3.577240e-01
455 6.413160e-01 7.920000e-04 3.578920e-01
456 6.411200e-01 8.680000e-04 3.580120e-01
457 6.409920e-01 8.400000e-04 3.581680e-01
458 6.408640e-01 8.320000e-04 3.583040e-01
459 6.407600e-01 8.080000e-04 3.584320e-01
460 6.406600e-01 7.640000e-04 3.585760e-01
461 6.405240e-01 7.840000e-04 3.586920e-01
462 6.404280e-01 7.480000e-04 3.588240e-01
463 6.403200e-01 7.000000e-04 3.589800e-01
464 6.402200e-01 7.160000e-04 3.590640e-01
465 6.401080e-01 6.920000e-04 3.592000e-01
466 6.400000e-01 6.680000e-04 3.593320e-01
467 6.398920e-01 6.960000e-04 3.594120e-01
468 6.397680e-01 6.720000e-04 3.595600e-01
469 6.396760e-01 6.200000e-04 3.597040e-01
470 6.395440e-01 6.360000e-04 3.598200e-01
471 6.394200e-01 6.600000e-04 3.599200e-01
472 6.393240e-01 6.160000e-04 3.600600e-01
473 6.392320e-01 6.240000e-04 3.601440e-01
474 6.391240e-01 6.560000e-04 3.602200e-01
475 6.390360e-01 6.520000e-04 3.603120e-01
476 6.389280e-01 6.400000e-04 3.604320e-01
477 6.388240e-01 6.440000e-04 3.605320e-01
478 6.387560e-01 5.960000e-04 3.606480e-01
479 6.386840e-01 5.800000e-04 3.607360e-01
480 6.385880e-01 6.040000e-04 3.608080e-01
481 6.385200e-01 5.920000e-04 3.608880e-01
482 6.384160e-01 6.040000e-04 3.609800e-01
483 6.383360e-01 5.720000e-04 3.610920e-01
484 6.382600e-01 5.600000e-04 3.611800e-01
485 6.382040e-01 5.280000e-04 3.612680e-01
486 6.381480e-01 5.040000e-04 3.613480e-01
487 6.380800e-01 4.920000e-04 3.614280e-01
488 6.379680e-01 5.360000e-04 3.614960e-01
489 6.378600e-01 5.200000e-04 3.616200e-01
490 6.377560e-01 5.160000e-04 3.617280e-01
491 6.376440e-01 5.640000e-04 3.617920e-01
492 6.375480e-01 5.840000e-04 3.618680e-01
493 6.374680e-01 5.600000e-04 3.619720e-01
494 6.373640e-01 5.840000e-04 3.620520e-01
495 6.372440e-01 6.240000e-04 3.621320e-01
496 6.371680e-01 5.960000e-04 3.622360e-01
497 6.370760e-01 5.760000e-04 3.623480e-01
498 6.369920e-01 5.720000e-04 3.624360e-01
499 6.368320e-01 6.440000e-04 3.625240e-01
500 6.367200e-01 6.440000e-04 3.626360e-01
