1 9.992840e-01 6.360000e-04 8.000000e-05
2 9.986760e-01 1.128000e-03 1.960000e-04
3 9.981080e-01 1.452000e-03 4.400000e-04
4 9.973960e-01 1.880000e-03 7.240000e-04
5 9.966720e-01 2.208000e-03 1.120000e-03
6 9.958600e-01 2.620000e-03 1.520000e-03
7 9.950160e-01 3.020000e-03 1.964000e-03
8 9.939160e-01 3.564000e-03 2.520000e-03
9 9.929040e-01 3.872000e-03 3.224000e-03
10 9.918320e-01 4.184000e-03 3.984000e-03
11 9.906480e-01 4.572000e-03 4.780000e-03
12 9.894760e-01 4.940000e-03 5.584000e-03
13 9.882840e-01 5.196000e-03 6.520000e-03
14 9.870160e-01 5.516000e-03 7.468000e-03
15 9.858400e-01 5.628000e-03 8.532000e-03
16 9.845320e-01 5.948000e-03 9.520000e-03
17 9.830280e-01 6.460000e-03 1.051200e-02
18 9.817960e-01 6.524000e-03 1.168000e-02
19 9.804520e-01 6.628000e-03 1.292000e-02
20 9.792280e-01 6.732000e-03 1.404000e-02
21 9.777800e-01 6.948000e-03 1.527200e-02
22 9.764480e-01 7.144000e-03 1.640800e-02
23 9.752200e-01 6.972000e-03 1.780800e-02
24 9.740040e-01 6.956000e-03 1.904000e-02
25 9.726560e-01 7.020000e-03 2.032400e-02
26 9.712320e-01 7.276000e-03 2.149200e-02
27 9.699440e-01 7.300000e-03 2.275600e-02
28 9.685920e-01 7.332000e-03 2.407600e-02
29 9.672240e-01 7.428000e-03 2.534800e-02
30 9.658560e-01 7.476000e-03 2.666800e-02
31 9.643720e-01 7.668000e-03 2.796000e-02
32 9.630240e-01 7.684000e-03 2.929200e-02
33 9.615880e-01 7.860000e-03 3.055200e-02
34 9.599120e-01 8.224000e-03 3.186400e-02
35 9.583480e-01 8.280000e-03 3.337200e-02
36 9.568200e-01 8.324000e-03 3.485600e-02
37 9.552160e-01 8.508000e-03 3.627600e-02
38 9.535640e-01 8.632000e-03 3.780400e-02
39 9.519440e-01 8.588000e-03 3.946800e-02
40 9.503720e-01 8.716000e-03 4.091200e-02
41 9.487400e-01 8.780000e-03 4.248000e-02
42 9.470520e-01 8.908000e-03 4.404000e-02
43 9.453080e-01 9.044000e-03 4.564800e-02
44 9.436040e-01 9.204000e-03 4.719200e-02
45 9.418840e-01 9.372000e-03 4.874400e-02
46 9.402360e-01 9.476000e-03 5.028800e-02
47 9.385120e-01 9.472000e-03 5.201600e-02
48 9.367400e-01 9.532000e-03 5.372800e-02
49 9.350120e-01 9.412000e-03 5.557600e-02
50 9.332920e-01 9.428000e-03 5.728000e-02
51 9.315160e-01 9.492000e-03 5.899200e-02
52 9.298960e-01 9.476000e-03 6.062800e-02
53 9.280840e-01 9.648000e-03 6.226800e-02
54 9.261200e-01 9.796000e-03 6.408400e-02
55 9.242320e-01 9.856000e-03 6.591200e-02
56 9.224320e-01 9.928000e-03 6.764000e-02
57 9.205960e-01 1.016400e-02 6.924000e-02
58 9.186600e-01 1.032000e-02 7.102000e-02
59 9.166920e-01 1.049200e-02 7.281600e-02
60 9.149240e-01 1.039600e-02 7.468000e-02
61 9.130000e-01 1.047600e-02 7.652400e-02
62 9.112640e-01 1.036400e-02 7.837200e-02
63 9.095320e-01 1.042400e-02 8.004400e-02
64 9.077280e-01 1.028400e-02 8.198800e-02
65 9.058880e-01 1.036800e-02 8.374400e-02
66 9.039960e-01 1.043200e-02 8.557200e-02
67 9.022640e-01 1.038800e-02 8.734800e-02
68 9.003000e-01 1.054000e-02 8.916000e-02
69 8.984840e-01 1.050800e-02 9.100800e-02
70 8.967000e-01 1.043200e-02 9.286800e-02
71 8.950400e-01 1.016000e-02 9.480000e-02
72 8.933920e-01 9.964000e-03 9.664400e-02
73 8.919360e-01 9.712000e-03 9.835200e-02
74 8.904080e-01 9.624000e-03 9.996800e-02
75 8.887440e-01 9.640000e-03 1.016160e-01
76 8.870720e-01 9.844000e-03 1.030840e-01
77 8.854720e-01 9.808000e-03 1.047200e-01
78 8.837280e-01 9.896000e-03 1.063760e-01
79 8.820160e-01 9.952000e-03 1.080320e-01
80 8.799960e-01 1.018400e-02 1.098200e-01
81 8.783760e-01 9.944000e-03 1.116800e-01
82 8.766720e-01 9.936000e-03 1.133920e-01
83 8.750560e-01 9.888000e-03 1.150560e-01
84 8.734240e-01 9.756000e-03 1.168200e-01
85 8.718600e-01 9.664000e-03 1.184760e-01
86 8.701840e-01 9.652000e-03 1.201640e-01
87 8.685400e-01 9.568000e-03 1.218920e-01
88 8.668560e-01 9.464000e-03 1.236800e-01
89 8.652720e-01 9.372000e-03 1.253560e-01
90 8.637080e-01 9.228000e-03 1.270640e-01
91 8.620920e-01 9.324000e-03 1.285840e-01
92 8.605040e-01 9.288000e-03 1.302080e-01
93 8.589240e-01 9.228000e-03 1.318480e-01
94 8.572640e-01 9.284000e-03 1.334520e-01
95 8.556840e-01 9.288000e-03 1.350280e-01
96 8.540160e-01 9.300000e-03 1.366840e-01
97 8.525040e-01 9.156000e-03 1.383400e-01
98 8.508760e-01 9.248000e-03 1.398760e-01
99 8.492360e-01 9.244000e-03 1.415200e-01
100 8.477880e-01 9.152000e-03 1.430600e-01
101 8.463000e-01 9.092000e-03 1.446080e-01
102 8.447480e-01 9.052000e-03 1.462000e-01
103 8.431760e-01 8.908000e-03 1.479160e-01
104 8.417080e-01 8.804000e-03 1.494880e-01
105 8.402560e-01 8.760000e-03 1.509840e-01
106 8.386360e-01 8.748000e-03 1.526160e-01
107 8.371640e-01 8.664000e-03 1.541720e-01
108 8.356600e-01 8.592000e-03 1.557480e-01
109 8.341800e-01 8.492000e-03 1.573280e-01
110 8.326200e-01 8.436000e-03 1.589440e-01
111 8.311520e-01 8.340000e-03 1.605080e-01
112 8.297800e-01 8.160000e-03 1.620600e-01
113 8.285040e-01 8.008000e-03 1.634880e-01
114 8.272680e-01 7.912000e-03 1.648200e-01
115 8.258160e-01 8.020000e-03 1.661640e-01
116 8.244240e-01 8.024000e-03 1.675520e-01
117 8.232280e-01 7.828000e-03 1.689440e-01
118 8.217160e-01 7.964000e-03 1.703200e-01
119 8.202360e-01 8.104000e-03 1.716600e-01
120 8.188400e-01 8.028000e-03 1.731320e-01
121 8.172640e-01 8.204000e-03 1.745320e-01
122 8.157080e-01 8.424000e-03 1.758680e-01
123 8.143600e-01 8.352000e-03 1.772880e-01
124 8.129640e-01 8.224000e-03 1.788120e-01
125 8.115320e-01 8.116000e-03 1.803520e-01
126 8.101280e-01 8.012000e-03 1.818600e-01
127 8.087440e-01 7.896000e-03 1.833600e-01
128 8.073680e-01 7.860000e-03 1.847720e-01
129 8.059120e-01 7.936000e-03 1.861520e-01
130 8.044960e-01 7.932000e-03 1.875720e-01
131 8.030520e-01 7.884000e-03 1.890640e-01
132 8.016920e-01 7.808000e-03 1.905000e-01
133 8.001280e-01 7.992000e-03 1.918800e-01
134 7.987160e-01 7.944000e-03 1.933400e-01
135 7.973280e-01 7.940000e-03 1.947320e-01
136 7.961320e-01 7.756000e-03 1.961120e-01
137 7.946840e-01 7.884000e-03 1.974320e-01
138 7.931640e-01 7.972000e-03 1.988640e-01
139 7.917640e-01 7.856000e-03 2.003800e-01
140 7.902960e-01 8.004000e-03 2.017000e-01
141 7.888560e-01 8.024000e-03 2.031200e-01
142 7.876280e-01 7.744000e-03 2.046280e-01
143 7.863360e-01 7.624000e-03 2.060400e-01
144 7.850640e-01 7.576000e-03 2.073600e-01
145 7.839160e-01 7.360000e-03 2.087240e-01
146 7.826640e-01 7.132000e-03 2.102040e-01
147 7.815080e-01 7.148000e-03 2.113440e-01
148 7.802000e-01 7.196000e-03 2.126040e-01
149 7.790120e-01 7.144000e-03 2.138440e-01
150 7.778920e-01 6.972000e-03 2.151360e-01
151 7.767800e-01 7.000000e-03 2.162200e-01
152 7.757440e-01 6.908000e-03 2.173480e-01
153 7.745480e-01 6.812000e-03 2.186400e-01
154 7.731880e-01 7.024000e-03 2.197880e-01
155 7.720000e-01 6.956000e-03 2.210440e-01
156 7.707560e-01 7.032000e-03 2.222120e-01
157 7.696360e-01 6.960000e-03 2.234040e-01
158 7.685120e-01 6.776000e-03 2.247120e-01
159 7.674200e-01 6.688000e-03 2.258920e-01
160 7.661680e-01 6.848000e-03 2.269840e-01
161 7.648560e-01 6.944000e-03 2.282000e-01
162 7.635000e-01 7.060000e-03 2.294400e-01
163 7.622880e-01 6.972000e-03 2.307400e-01
164 7.611440e-01 6.876000e-03 2.319800e-01
165 7.598600e-01 6.988000e-03 2.331520e-01
166 7.586440e-01 7.060000e-03 2.342960e-01
167 7.574560e-01 7.012000e-03 2.355320e-01
168 7.562440e-01 7.112000e-03 2.366440e-01
169 7.550840e-01 7.156000e-03 2.377600e-01
170 7.538160e-01 7.244000e-03 2.389400e-01
171 7.524360e-01 7.344000e-03 2.402200e-01
172 7.512560e-01 7.312000e-03 2.414320e-01
173 7.501840e-01 7.172000e-03 2.426440e-01
174 7.489400e-01 7.096000e-03 2.439640e-01
175 7.478000e-01 6.976000e-03 2.452240e-01
176 7.466280e-01 6.900000e-03 2.464720e-01
177 7.455320e-01 6.780000e-03 2.476880e-01
178 7.444480e-01 6.624000e-03 2.489280e-01
179 7.434440e-01 6.496000e-03 2.500600e-01
180 7.424440e-01 6.360000e-03 2.511960e-01
181 7.413560e-01 6.232000e-03 2.524120e-01
182 7.403120e-01 6.216000e-03 2.534720e-01
183 7.393160e-01 6.120000e-03 2.545640e-01
184 7.382200e-01 6.200000e-03 2.555800e-01
185 7.372000e-01 6.112000e-03 2.566880e-01
186 7.361120e-01 6.212000e-03 2.576760e-01
187 7.351440e-01 6.136000e-03 2.587200e-01
188 7.342160e-01 6.076000e-03 2.597080e-01
189 7.333920e-01 5.780000e-03 2.608280e-01
190 7.323800e-01 5.756000e-03 2.618640e-01
191 7.315680e-01 5.576000e-03 2.628560e-01
192 7.308600e-01 5.364000e-03 2.637760e-01
193 7.300760e-01 5.272000e-03 2.646520e-01
194 7.292400e-01 5.064000e-03 2.656960e-01
195 7.283200e-01 5.176000e-03 2.665040e-01
196 7.274120e-01 5.220000e-03 2.673680e-01
197 7.265120e-01 5.260000e-03 2.682280e-01
198 7.256720e-01 5.144000e-03 2.691840e-01
199 7.247720e-01 5.164000e-03 2.700640e-01
200 7.239080e-01 5.108000e-03 2.709840e-01
201 7.229360e-01 5.252000e-03 2.718120e-01
202 7.219560e-01 5.232000e-03 2.728120e-01
203 7.211400e-01 5.192000e-03 2.736680e-01
204 7.201640e-01 5.196000e-03 2.746400e-01
205 7.193360e-01 5.180000e-03 2.754840e-01
206 7.184840e-01 5.128000e-03 2.763880e-01
207 7.175560e-01 5.156000e-03 2.772880e-01
208 7.166760e-01 5.192000e-03 2.781320e-01
209 7.157320e-01 5.188000e-03 2.790800e-01
210 7.148200e-01 5.264000e-03 2.799160e-01
211 7.138400e-01 5.344000e-03 2.808160e-01
212 7.129840e-01 5.296000e-03 2.817200e-01
213 7.121520e-01 5.240000e-03 2.826080e-01
214 7.112440e-01 5.240000e-03 2.835160e-01
215 7.103760e-01 5.164000e-03 2.844600e-01
216 7.094560e-01 5.216000e-03 2.853280e-01
217 7.085280e-01 5.220000e-03 2.862520e-01
218 7.076240e-01 5.148000e-03 2.872280e-01
219 7.066560e-01 5.148000e-03 2.881960e-01
220 7.057440e-01 5.192000e-03 2.890640e-01
221 7.047920e-01 5.268000e-03 2.899400e-01
222 7.039000e-01 5.248000e-03 2.908520e-01
223 7.029560e-01 5.284000e-03 2.917600e-01
224 7.019800e-01 5.420000e-03 2.926000e-01
225 7.009880e-01 5.444000e-03 2.935680e-01
226 7.001440e-01 5.396000e-03 2.944600e-01
227 6.992080e-01 5.364000e-03 2.954280e-01
228 6.983120e-01 5.284000e-03 2.964040e-01
229 6.973960e-01 5.304000e-03 2.973000e-01
230 6.964640e-01 5.204000e-03 2.983320e-01
231 6.956400e-01 5.088000e-03 2.992720e-01
232 6.947360e-01 5.064000e-03 3.002000e-01
233 6.938760e-01 5.048000e-03 3.010760e-01
234 6.930280e-01 4.992000e-03 3.019800e-01
235 6.921440e-01 5.072000e-03 3.027840e-01
236 6.913640e-01 4.968000e-03 3.036680e-01
237 6.904280e-01 4.984000e-03 3.045880e-01
238 6.896160e-01 4.972000e-03 3.054120e-01
239 6.888600e-01 4.932000e-03 3.062080e-01
240 6.881520e-01 4.816000e-03 3.070320e-01
241 6.873800e-01 4.720000e-03 3.079000e-01
242 6.866080e-01 4.620000e-03 3.087720e-01
243 6.859080e-01 4.528000e-03 3.095640e-01
244 6.850760e-01 4.580000e-03 3.103440e-01
245 6.843200e-01 4.452000e-03 3.112280e-01
246 6.836280e-01 4.384000e-03 3.119880e-01
247 6.828320e-01 4.388000e-03 3.127800e-01
248 6.820520e-01 4.460000e-03 3.134880e-01
249 6.813040e-01 4.420000e-03 3.142760e-01
250 6.805320e-01 4.364000e-03 3.151040e-01
251 6.798000e-01 4.320000e-03 3.158800e-01
252 6.788840e-01 4.464000e-03 3.166520e-01
253 6.780360e-01 4.560000e-03 3.174040e-01
254 6.771880e-01 4.608000e-03 3.182040e-01
255 6.763040e-01 4.624000e-03 3.190720e-01
256 6.754840e-01 4.580000e-03 3.199360e-01
257 6.746640e-01 4.600000e-03 3.207360e-01
258 6.737760e-01 4.660000e-03 3.215640e-01
259 6.729640e-01 4.652000e-03 3.223840e-01
260 6.721800e-01 4.664000e-03 3.231560e-01
261 6.714520e-01 4.556000e-03 3.239920e-01
262 6.707160e-01 4.532000e-03 3.247520e-01
263 6.699800e-01 4.504000e-03 3.255160e-01
264 6.694160e-01 4.320000e-03 3.262640e-01
265 6.687360e-01 4.216000e-03 3.270480e-01
266 6.681280e-01 4.084000e-03 3.277880e-01
267 6.674840e-01 4.100000e-03 3.284160e-01
268 6.668200e-01 4.076000e-03 3.291040e-01
269 6.661280e-01 3.984000e-03 3.298880e-01
270 6.653840e-01 4.068000e-03 3.305480e-01
271 6.647120e-01 4.116000e-03 3.311720e-01
272 6.639880e-01 4.024000e-03 3.319880e-01
273 6.632240e-01 4.076000e-03 3.327000e-01
274 6.625360e-01 3.988000e-03 3.334760e-01
275 6.618920e-01 3.932000e-03 3.341760e-01
276 6.613040e-01 3.796000e-03 3.349000e-01
277 6.607200e-01 3.704000e-03 3.355760e-01
278 6.601560e-01 3.672000e-03 3.361720e-01
279 6.595400e-01 3.608000e-03 3.368520e-01
280 6.589800e-01 3.612000e-03 3.374080e-01
281 6.583960e-01 3.496000e-03 3.381080e-01
282 6.578520e-01 3.464000e-03 3.386840e-01
283 6.572960e-01 3.496000e-03 3.392080e-01
284 6.567200e-01 3.488000e-03 3.397920e-01
285 6.561760e-01 3.444000e-03 3.403800e-01
286 6.555720e-01 3.448000e-03 3.409800e-01
287 6.549800e-01 3.436000e-03 3.415840e-01
288 6.542560e-01 3.548000e-03 3.421960e-01
289 6.535640e-01 3.676000e-03 3.427600e-01
290 6.528720e-01 3.672000e-03 3.434560e-01
291 6.521520e-01 3.732000e-03 3.441160e-01
292 6.515440e-01 3.712000e-03 3.447440e-01
293 6.508400e-01 3.752000e-03 3.454080e-01
294 6.501360e-01 3.784000e-03 3.460800e-01
295 6.494840e-01 3.808000e-03 3.467080e-01
296 6.488360e-01 3.764000e-03 3.474000e-01
297 6.482200e-01 3.672000e-03 3.481080e-01
298 6.474760e-01 3.732000e-03 3.487920e-01
299 6.467920e-01 3.732000e-03 3.494760e-01
300 6.461440e-01 3.724000e-03 3.501320e-01
301 6.454800e-01 3.756000e-03 3.507640e-01
302 6.448640e-01 3.744000e-03 3.513920e-01
303 6.442640e-01 3.648000e-03 3.520880e-01
304 6.437280e-01 3.604000e-03 3.526680e-01
305 6.432040e-01 3.564000e-03 3.532320e-01
306 6.426080e-01 3.500000e-03 3.538920e-01
307 6.420720e-01 3.408000e-03 3.545200e-01
308 6.416240e-01 3.308000e-03 3.550680e-01
309 6.411040e-01 3.236000e-03 3.556600e-01
310 6.405200e-01 3.304000e-03 3.561760e-01
311 6.399400e-01 3.336000e-03 3.567240e-01
312 6.393080e-01 3.340000e-03 3.573520e-01
313 6.387720e-01 3.312000e-03 3.579160e-01
314 6.382640e-01 3.300000e-03 3.584360e-01
315 6.376800e-01 3.364000e-03 3.589560e-01
316 6.370560e-01 3.396000e-03 3.595480e-01
317 6.365120e-01 3.356000e-03 3.601320e-01
318 6.360880e-01 3.204000e-03 3.607080e-01
319 6.356560e-01 3.096000e-03 3.612480e-01
320 6.351760e-01 3.028000e-03 3.617960e-01
321 6.346000e-01 3.136000e-03 3.622640e-01
322 6.340480e-01 3.204000e-03 3.627480e-01
323 6.335840e-01 3.104000e-03 3.633120e-01
324 6.330480e-01 3.148000e-03 3.638040e-01
325 6.324800e-01 3.144000e-03 3.643760e-01
326 6.320280e-01 3.004000e-03 3.649680e-01
327 6.315480e-01 2.968000e-03 3.654840e-01
328 6.309920e-01 3.020000e-03 3.659880e-01
329 6.305520e-01 2.932000e-03 3.665160e-01
330 6.300800e-01 2.928000e-03 3.669920e-01
331 6.295720e-01 2.996000e-03 3.674320e-01
332 6.289600e-01 3.116000e-03 3.679240e-01
333 6.283520e-01 3.152000e-03 3.684960e-01
334 6.277680e-01 3.180000e-03 3.690520e-01
335 6.272240e-01 3.168000e-03 3.696080e-01
336 6.266480e-01 3.204000e-03 3.701480e-01
337 6.260680e-01 3.200000e-03 3.707320e-01
338 6.254600e-01 3.268000e-03 3.712720e-01
339 6.249440e-01 3.160000e-03 3.718960e-01
340 6.244320e-01 3.144000e-03 3.724240e-01
341 6.238720e-01 3.132000e-03 3.729960e-01
342 6.234040e-01 3.092000e-03 3.735040e-01
343 6.229120e-01 3.084000e-03 3.740040e-01
344 6.224280e-01 3.028000e-03 3.745440e-01
345 6.218320e-01 3.020000e-03 3.751480e-01
346 6.212040e-01 3.032000e-03 3.757640e-01
347 6.206560e-01 3.056000e-03 3.762880e-01
348 6.201480e-01 3.008000e-03 3.768440e-01
349 6.195840e-01 3.064000e-03 3.773520e-01
350 6.190520e-01 3.032000e-03 3.779160e-01
351 6.185760e-01 2.920000e-03 3.785040e-01
352 6.179920e-01 2.976000e-03 3.790320e-01
353 6.174640e-01 2.984000e-03 3.795520e-01
354 6.169400e-01 3.052000e-03 3.800080e-01
355 6.165080e-01 2.872000e-03 3.806200e-01
356 6.160200e-01 2.880000e-03 3.811000e-01
357 6.155720e-01 2.848000e-03 3.815800e-01
358 6.151040e-01 2.848000e-03 3.820480e-01
359 6.145480e-01 2.848000e-03 3.826040e-01
360 6.141120e-01 2.816000e-03 3.830720e-01
361 6.136720e-01 2.720000e-03 3.836080e-01
362 6.132040e-01 2.752000e-03 3.840440e-01
363 6.127840e-01 2.700000e-03 3.845160e-01
364 6.123640e-01 2.704000e-03 3.849320e-01
365 6.119280e-01 2.700000e-03 3.853720e-01
366 6.115440e-01 2.616000e-03 3.858400e-01
367 6.111240e-01 2.500000e-03 3.863760e-01
368 6.107400e-01 2.468000e-03 3.867920e-01
369 6.103960e-01 2.340000e-03 3.872640e-01
370 6.100600e-01 2.256000e-03 3.876840e-01
371 6.096960e-01 2.244000e-03 3.880600e-01
372 6.093640e-01 2.200000e-03 3.884360e-01
373 6.090240e-01 2.140000e-03 3.888360e-01
374 6.086120e-01 2.132000e-03 3.892560e-01
375 6.083000e-01 2.048000e-03 3.896520e-01
376 6.079280e-01 2.036000e-03 3.900360e-01
377 6.075800e-01 2.028000e-03 3.903920e-01
378 6.073080e-01 2.000000e-03 3.906920e-01
379 6.070280e-01 1.904000e-03 3.910680e-01
380 6.067200e-01 1.872000e-03 3.914080e-01
381 6.064520e-01 1.880000e-03 3.916680e-01
382 6.060680e-01 1.888000e-03 3.920440e-01
383 6.057480e-01 1.904000e-03 3.923480e-01
384 6.053640e-01 1.936000e-03 3.927000e-01
385 6.050040e-01 2.000000e-03 3.929960e-01
386 6.046200e-01 2.028000e-03 3.933520e-01
387 6.042800e-01 2.012000e-03 3.937080e-01
388 6.039840e-01 1.900000e-03 3.941160e-01
389 6.035920e-01 1.940000e-03 3.944680e-01
390 6.032960e-01 1.876000e-03 3.948280e-01
391 6.030080e-01 1.876000e-03 3.951160e-01
392 6.027440e-01 1.820000e-03 3.954360e-01
393 6.024560e-01 1.824000e-03 3.957200e-01
394 6.021400e-01 1.840000e-03 3.960200e-01
395 6.018120e-01 1.804000e-03 3.963840e-01
396 6.015000e-01 1.772000e-03 3.967280e-01
397 6.012120e-01 1.736000e-03 3.970520e-01
398 6.008440e-01 1.796000e-03 3.973600e-01
399 6.005080e-01 1.792000e-03 3.977000e-01
400 6.002400e-01 1.728000e-03 3.980320e-01
401 6.000040e-01 1.632000e-03 3.983640e-01
402 5.997360e-01 1.632000e-03 3.986320e-01
403 5.995160e-01 1.596000e-03 3.988880e-01
404 5.993120e-01 1.496000e-03 3.991920e-01
405 5.990240e-01 1.512000e-03 3.994640e-01
406 5.987840e-01 1.476000e-03 3.997400e-01
407 5.985840e-01 1.384000e-03 4.000320e-01
408 5.983800e-01 1.364000e-03 4.002560e-01
409 5.981520e-01 1.296000e-03 4.005520e-01
410 5.979120e-01 1.316000e-03 4.007720e-01
411 5.977000e-01 1.284000e-03 4.010160e-01
412 5.974480e-01 1.300000e-03 4.012520e-01
413 5.971920e-01 1.368000e-03 4.014400e-01
414 5.969480e-01 1.360000e-03 4.016920e-01
415 5.967040e-01 1.324000e-03 4.019720e-01
416 5.964640e-01 1.356000e-03 4.021800e-01
417 5.961680e-01 1.404000e-03 4.024280e-01
418 5.959600e-01 1.396000e-03 4.026440e-01
419 5.956440e-01 1.448000e-03 4.029080e-01
420 5.953960e-01 1.440000e-03 4.031640e-01
421 5.951680e-01 1.416000e-03 4.034160e-01
422 5.949320e-01 1.460000e-03 4.036080e-01
423 5.946320e-01 1.452000e-03 4.039160e-01
424 5.943480e-01 1.524000e-03 4.041280e-01
425 5.941160e-01 1.480000e-03 4.044040e-01
426 5.938520e-01 1.484000e-03 4.046640e-01
427 5.936400e-01 1.432000e-03 4.049280e-01
428 5.933840e-01 1.448000e-03 4.051680e-01
429 5.931000e-01 1.460000e-03 4.054400e-01
430 5.928240e-01 1.476000e-03 4.057000e-01
431 5.926040e-01 1.412000e-03 4.059840e-01
432 5.924240e-01 1.312000e-03 4.062640e-01
433 5.922360e-01 1.288000e-03 4.064760e-01
434 5.920160e-01 1.248000e-03 4.067360e-01
435 5.918560e-01 1.136000e-03 4.070080e-01
436 5.917360e-01 1.080000e-03 4.071840e-01
437 5.915880e-01 1.036000e-03 4.073760e-01
438 5.914200e-01 1.020000e-03 4.075600e-01
439 5.912400e-01 1.024000e-03 4.077360e-01
440 5.910520e-01 1.044000e-03 4.079040e-01
441 5.908640e-01 1.036000e-03 4.081000e-01
442 5.907240e-01 1.020000e-03 4.082560e-01
443 5.905720e-01 9.560000e-04 4.084720e-01
444 5.904160e-01 9.400000e-04 4.086440e-01
445 5.903040e-01 9.640000e-04 4.087320e-01
446 5.901200e-01 9.560000e-04 4.089240e-01
447 5.899840e-01 9.360000e-04 4.090800e-01
448 5.897960e-01 9.920000e-04 4.092120e-01
449 5.896320e-01 9.840000e-04 4.093840e-01
450 5.894960e-01 9.680000e-04 4.095360e-01
451 5.893680e-01 9.200000e-04 4.097120e-01
452 5.892520e-01 8.720000e-04 4.098760e-01
453 5.891200e-01 8.520000e-04 4.100280e-01
454 5.890360e-01 8.240000e-04 4.101400e-01
455 5.889160e-01 7.800000e-04 4.103040e-01
456 5.888400e-01 7.280000e-04 4.104320e-01
457 5.887520e-01 7.000000e-04 4.105480e-01
458 5.886520e-01 6.720000e-04 4.106760e-01
459 5.885880e-01 5.840000e-04 4.108280e-01
460 5.885240e-01 5.680000e-04 4.109080e-01
461 5.884640e-01 5.160000e-04 4.110200e-01
462 5.883720e-01 5.240000e-04 4.111040e-01
463 5.882840e-01 5.120000e-04 4.112040e-01
464 5.882000e-01 5.040000e-04 4.112960e-01
465 5.880840e-01 5.360000e-04 4.113800e-01
466 5.879800e-01 5.160000e-04 4.115040e-01
467 5.878640e-01 5.520000e-04 4.115840e-01
468 5.877760e-01 5.320000e-04 4.116920e-01
469 5.876720e-01 5.560000e-04 4.117720e-01
470 5.875520e-01 5.640000e-04 4.118840e-01
471 5.874560e-01 5.360000e-04 4.120080e-01
472 5.873360e-01 5.280000e-04 4.121360e-01
473 5.872480e-01 5.200000e-04 4.122320e-01
474 5.871400e-01 5.200000e-04 4.123400e-01
475 5.870360e-01 5.080000e-04 4.124560e-01
476 5.869440e-01 5.080000e-04 4.125480e-01
477 5.868600e-01 4.840000e-04 4.126560e-01
478 5.867960e-01 4.640000e-04 4.127400e-01
479 5.867120e-01 4.760000e-04 4.128120e-01
480 5.866600e-01 4.520000e-04 4.128880e-01
481 5.865640e-01 4.680000e-04 4.129680e-01
482 5.864680e-01 4.800000e-04 4.130520e-01
483 5.864080e-01 4.400000e-04 4.131520e-01
484 5.863320e-01 4.280000e-04 4.132400e-01
485 5.862800e-01 4.120000e-04 4.133080e-01
486 5.862160e-01 4.200000e-04 4.133640e-01
487 5.861320e-01 4.360000e-04 4.134320e-01
488 5.860760e-01 4.240000e-04 4.135000e-01
489 5.860160e-01 4.160000e-04 4.135680e-01
490 5.859520e-01 3.960000e-04 4.136520e-01
491 5.859120e-01 3.560000e-04 4.137320e-01
492 5.858280e-01 3.800000e-04 4.137920e-01
493 5.857800e-01 3.560000e-04 4.138640e-01
494 5.857240e-01 3.680000e-04 4.139080e-01
495 5.856720e-01 3.440000e-04 4.139840e-01
496 5.856040e-01 3.800000e-04 4.140160e-01
497 5.855640e-01 3.400000e-04 4.140960e-01
498 5.855200e-01 3.320000e-04 4.141480e-01
499 5.854680e-01 3.280000e-04 4.142040e-01
500 5.854520e-01 2.880000e-04 4.142600e-01
