1 9.992760e-01 6.200000e-04 1.040000e-04
2 9.988960e-01 9.080000e-04 1.960000e-04
3 9.984200e-01 1.176000e-03 4.040000e-04
4 9.977720e-01 1.528000e-03 7.000000e-04
5 9.972120e-01 1.788000e-03 1.000000e-03
6 9.965400e-01 2.112000e-03 1.348000e-03
7 9.957840e-01 2.436000e-03 1.780000e-03
8 9.950040e-01 2.772000e-03 2.224000e-03
9 9.941640e-01 3.096000e-03 2.740000e-03
10 9.932080e-01 3.524000e-03 3.268000e-03
11 9.921800e-01 3.972000e-03 3.848000e-03
12 9.911480e-01 4.296000e-03 4.556000e-03
13 9.901400e-01 4.552000e-03 5.308000e-03
14 9.890920e-01 4.736000e-03 6.172000e-03
15 9.880800e-01 4.744000e-03 7.176000e-03
16 9.870160e-01 4.880000e-03 8.104000e-03
17 9.859480e-01 5.076000e-03 8.976000e-03
18 9.847280e-01 5.340000e-03 9.932000e-03
19 9.835720e-01 5.580000e-03 1.084800e-02
20 9.824400e-01 5.776000e-03 1.178400e-02
21 9.812720e-01 5.896000e-03 1.283200e-02
22 9.801200e-01 5.992000e-03 1.388800e-02
23 9.789120e-01 6.148000e-03 1.494000e-02
24 9.776200e-01 6.444000e-03 1.593600e-02
25 9.764560e-01 6.376000e-03 1.716800e-02
26 9.753120e-01 6.376000e-03 1.831200e-02
27 9.740400e-01 6.616000e-03 1.934400e-02
28 9.728560e-01 6.668000e-03 2.047600e-02
29 9.713320e-01 7.096000e-03 2.157200e-02
30 9.699080e-01 7.292000e-03 2.280000e-02
31 9.682920e-01 7.604000e-03 2.410400e-02
32 9.667880e-01 7.884000e-03 2.532800e-02
33 9.651800e-01 8.032000e-03 2.678800e-02
34 9.637000e-01 8.080000e-03 2.822000e-02
35 9.622800e-01 8.052000e-03 2.966800e-02
36 9.607600e-01 8.080000e-03 3.116000e-02
37 9.592520e-01 8.200000e-03 3.254800e-02
38 9.577040e-01 8.188000e-03 3.410800e-02
39 9.561360e-01 8.304000e-03 3.556000e-02
40 9.546320e-01 8.412000e-03 3.695600e-02
41 9.531600e-01 8.376000e-03 3.846400e-02
42 9.516320e-01 8.412000e-03 3.995600e-02
43 9.502480e-01 8.284000e-03 4.146800e-02
44 9.488360e-01 8.300000e-03 4.286400e-02
45 9.474520e-01 8.156000e-03 4.439200e-02
46 9.459640e-01 8.096000e-03 4.594000e-02
47 9.444960e-01 8.124000e-03 4.738000e-02
48 9.430760e-01 8.124000e-03 4.880000e-02
49 9.416440e-01 8.076000e-03 5.028000e-02
50 9.400680e-01 8.276000e-03 5.165600e-02
51 9.386160e-01 8.160000e-03 5.322400e-02
52 9.373160e-01 8.132000e-03 5.455200e-02
53 9.358080e-01 8.228000e-03 5.596400e-02
54 9.343400e-01 8.336000e-03 5.732400e-02
55 9.328360e-01 8.200000e-03 5.896400e-02
56 9.313360e-01 8.320000e-03 6.034400e-02
57 9.299800e-01 8.216000e-03 6.180400e-02
58 9.286920e-01 8.124000e-03 6.318400e-02
59 9.272360e-01 8.236000e-03 6.452800e-02
60 9.259120e-01 8.124000e-03 6.596400e-02
61 9.245600e-01 8.100000e-03 6.734000e-02
62 9.229600e-01 8.404000e-03 6.863600e-02
63 9.214720e-01 8.456000e-03 7.007200e-02
64 9.199680e-01 8.496000e-03 7.153600e-02
65 9.184000e-01 8.592000e-03 7.300800e-02
66 9.169360e-01 8.584000e-03 7.448000e-02
67 9.153240e-01 8.588000e-03 7.608800e-02
68 9.138520e-01 8.652000e-03 7.749600e-02
69 9.121400e-01 8.796000e-03 7.906400e-02
70 9.105800e-01 8.748000e-03 8.067200e-02
71 9.090920e-01 8.788000e-03 8.212000e-02
72 9.075160e-01 8.632000e-03 8.385200e-02
73 9.059800e-01 8.760000e-03 8.526000e-02
74 9.043400e-01 8.828000e-03 8.683200e-02
75 9.028280e-01 8.856000e-03 8.831600e-02
76 9.013960e-01 8.652000e-03 8.995200e-02
77 8.997240e-01 8.900000e-03 9.137600e-02
78 8.981200e-01 8.908000e-03 9.297200e-02
79 8.964520e-01 8.992000e-03 9.455600e-02
80 8.948600e-01 9.008000e-03 9.613200e-02
81 8.934120e-01 8.840000e-03 9.774800e-02
82 8.919160e-01 8.672000e-03 9.941200e-02
83 8.904960e-01 8.632000e-03 1.008720e-01
84 8.892080e-01 8.492000e-03 1.023000e-01
85 8.878640e-01 8.516000e-03 1.036200e-01
86 8.864520e-01 8.468000e-03 1.050800e-01
87 8.850440e-01 8.444000e-03 1.065120e-01
88 8.837760e-01 8.252000e-03 1.079720e-01
89 8.825040e-01 8.112000e-03 1.093840e-01
90 8.812520e-01 8.048000e-03 1.107000e-01
91 8.800400e-01 7.780000e-03 1.121800e-01
92 8.787800e-01 7.724000e-03 1.134960e-01
93 8.774840e-01 7.728000e-03 1.147880e-01
94 8.762280e-01 7.556000e-03 1.162160e-01
95 8.750160e-01 7.520000e-03 1.174640e-01
96 8.737120e-01 7.436000e-03 1.188520e-01
97 8.723720e-01 7.436000e-03 1.201920e-01
98 8.712280e-01 7.244000e-03 1.215280e-01
99 8.701320e-01 7.148000e-03 1.227200e-01
100 8.688680e-01 7.252000e-03 1.238800e-01
101 8.676360e-01 7.140000e-03 1.252240e-01
102 8.664720e-01 7.044000e-03 1.264840e-01
103 8.651040e-01 7.144000e-03 1.277520e-01
104 8.638400e-01 7.244000e-03 1.289160e-01
105 8.626520e-01 7.224000e-03 1.301240e-01
106 8.614200e-01 7.264000e-03 1.313160e-01
107 8.601840e-01 7.160000e-03 1.326560e-01
108 8.589400e-01 7.036000e-03 1.340240e-01
109 8.576640e-01 7.100000e-03 1.352360e-01
110 8.564600e-01 7.132000e-03 1.364080e-01
111 8.553200e-01 7.112000e-03 1.375680e-01
112 8.540160e-01 7.172000e-03 1.388120e-01
113 8.527280e-01 7.196000e-03 1.400760e-01
114 8.514640e-01 7.200000e-03 1.413360e-01
115 8.504920e-01 6.896000e-03 1.426120e-01
116 8.492600e-01 6.916000e-03 1.438240e-01
117 8.480520e-01 6.860000e-03 1.450880e-01
118 8.469280e-01 6.732000e-03 1.463400e-01
119 8.458080e-01 6.836000e-03 1.473560e-01
120 8.445680e-01 6.740000e-03 1.486920e-01
121 8.432800e-01 6.948000e-03 1.497720e-01
122 8.421840e-01 6.908000e-03 1.509080e-01
123 8.409880e-01 6.984000e-03 1.520280e-01
124 8.398040e-01 6.976000e-03 1.532200e-01
125 8.386800e-01 6.872000e-03 1.544480e-01
126 8.375760e-01 6.692000e-03 1.557320e-01
127 8.363920e-01 6.700000e-03 1.569080e-01
128 8.351840e-01 6.640000e-03 1.581760e-01
129 8.340840e-01 6.700000e-03 1.592160e-01
130 8.330400e-01 6.640000e-03 1.603200e-01
131 8.319680e-01 6.468000e-03 1.615640e-01
132 8.307640e-01 6.584000e-03 1.626520e-01
133 8.295400e-01 6.628000e-03 1.638320e-01
134 8.284800e-01 6.472000e-03 1.650480e-01
135 8.274640e-01 6.280000e-03 1.662560e-01
136 8.264120e-01 6.252000e-03 1.673360e-01
137 8.253800e-01 6.180000e-03 1.684400e-01
138 8.242960e-01 6.080000e-03 1.696240e-01
139 8.232480e-01 6.000000e-03 1.707520e-01
140 8.223240e-01 5.920000e-03 1.717560e-01
141 8.213920e-01 5.840000e-03 1.727680e-01
142 8.205040e-01 5.756000e-03 1.737400e-01
143 8.197120e-01 5.600000e-03 1.746880e-01
144 8.188200e-01 5.520000e-03 1.756600e-01
145 8.179360e-01 5.468000e-03 1.765960e-01
146 8.169520e-01 5.508000e-03 1.775400e-01
147 8.160560e-01 5.508000e-03 1.784360e-01
148 8.152000e-01 5.436000e-03 1.793640e-01
149 8.144720e-01 5.156000e-03 1.803720e-01
150 8.135760e-01 5.180000e-03 1.812440e-01
151 8.126800e-01 5.184000e-03 1.821360e-01
152 8.118360e-01 5.156000e-03 1.830080e-01
153 8.110000e-01 5.092000e-03 1.839080e-01
154 8.100000e-01 5.196000e-03 1.848040e-01
155 8.090120e-01 5.212000e-03 1.857760e-01
156 8.080600e-01 5.244000e-03 1.866960e-01
157 8.072040e-01 5.108000e-03 1.876880e-01
158 8.064160e-01 4.944000e-03 1.886400e-01
159 8.055120e-01 4.936000e-03 1.895520e-01
160 8.046320e-01 4.888000e-03 1.904800e-01
161 8.037960e-01 4.932000e-03 1.912720e-01
162 8.028120e-01 5.124000e-03 1.920640e-01
163 8.019400e-01 5.124000e-03 1.929360e-01
164 8.008960e-01 5.276000e-03 1.938280e-01
165 8.000920e-01 5.140000e-03 1.947680e-01
166 7.992040e-01 5.112000e-03 1.956840e-01
167 7.983440e-01 5.044000e-03 1.966120e-01
168 7.973960e-01 5.220000e-03 1.973840e-01
169 7.964120e-01 5.344000e-03 1.982440e-01
170 7.954400e-01 5.384000e-03 1.991760e-01
171 7.944280e-01 5.440000e-03 2.001320e-01
172 7.934880e-01 5.384000e-03 2.011280e-01
173 7.925480e-01 5.376000e-03 2.020760e-01
174 7.915880e-01 5.400000e-03 2.030120e-01
175 7.906560e-01 5.472000e-03 2.038720e-01
176 7.898520e-01 5.324000e-03 2.048240e-01
177 7.889720e-01 5.156000e-03 2.058720e-01
178 7.881200e-01 5.120000e-03 2.067600e-01
179 7.873040e-01 4.972000e-03 2.077240e-01
180 7.865200e-01 4.940000e-03 2.085400e-01
181 7.858200e-01 4.728000e-03 2.094520e-01
182 7.850720e-01 4.588000e-03 2.103400e-01
183 7.843440e-01 4.548000e-03 2.111080e-01
184 7.836240e-01 4.324000e-03 2.120520e-01
185 7.828320e-01 4.396000e-03 2.127720e-01
186 7.820400e-01 4.396000e-03 2.135640e-01
187 7.812840e-01 4.416000e-03 2.143000e-01
188 7.805080e-01 4.432000e-03 2.150600e-01
189 7.797760e-01 4.432000e-03 2.157920e-01
190 7.790480e-01 4.348000e-03 2.166040e-01
191 7.783840e-01 4.304000e-03 2.173120e-01
192 7.776000e-01 4.288000e-03 2.181120e-01
193 7.769160e-01 4.196000e-03 2.188880e-01
194 7.762760e-01 4.040000e-03 2.196840e-01
195 7.755240e-01 4.100000e-03 2.203760e-01
196 7.747160e-01 4.184000e-03 2.211000e-01
197 7.739400e-01 4.212000e-03 2.218480e-01
198 7.731840e-01 4.216000e-03 2.226000e-01
199 7.725560e-01 4.152000e-03 2.232920e-01
200 7.718360e-01 4.116000e-03 2.240480e-01
201 7.711640e-01 4.124000e-03 2.247120e-01
202 7.704440e-01 4.180000e-03 2.253760e-01
203 7.697720e-01 4.100000e-03 2.261280e-01
204 7.691480e-01 4.084000e-03 2.267680e-01
205 7.684360e-01 4.028000e-03 2.275360e-01
206 7.677760e-01 3.968000e-03 2.282560e-01
207 7.671920e-01 3.876000e-03 2.289320e-01
208 7.664480e-01 3.980000e-03 2.295720e-01
209 7.656880e-01 3.980000e-03 2.303320e-01
210 7.649840e-01 4.016000e-03 2.310000e-01
211 7.642400e-01 4.016000e-03 2.317440e-01
212 7.636120e-01 3.908000e-03 2.324800e-01
213 7.629560e-01 3.860000e-03 2.331840e-01
214 7.623360e-01 3.760000e-03 2.339040e-01
215 7.616360e-01 3.748000e-03 2.346160e-01
216 7.609720e-01 3.812000e-03 2.352160e-01
217 7.602120e-01 3.844000e-03 2.359440e-01
218 7.595840e-01 3.728000e-03 2.366880e-01
219 7.590240e-01 3.612000e-03 2.373640e-01
220 7.583960e-01 3.552000e-03 2.380520e-01
221 7.576960e-01 3.652000e-03 2.386520e-01
222 7.569760e-01 3.680000e-03 2.393440e-01
223 7.564040e-01 3.632000e-03 2.399640e-01
224 7.556960e-01 3.616000e-03 2.406880e-01
225 7.551520e-01 3.544000e-03 2.413040e-01
226 7.544520e-01 3.632000e-03 2.419160e-01
227 7.538040e-01 3.612000e-03 2.425840e-01
228 7.532400e-01 3.600000e-03 2.431600e-01
229 7.526480e-01 3.612000e-03 2.437400e-01
230 7.521040e-01 3.524000e-03 2.443720e-01
231 7.513800e-01 3.620000e-03 2.450000e-01
232 7.507800e-01 3.536000e-03 2.456840e-01
233 7.502360e-01 3.428000e-03 2.463360e-01
234 7.497600e-01 3.356000e-03 2.468840e-01
235 7.492520e-01 3.284000e-03 2.474640e-01
236 7.487520e-01 3.188000e-03 2.480600e-01
237 7.482360e-01 3.172000e-03 2.485920e-01
238 7.477160e-01 3.092000e-03 2.491920e-01
239 7.472520e-01 3.004000e-03 2.497440e-01
240 7.468320e-01 2.928000e-03 2.502400e-01
241 7.463840e-01 2.864000e-03 2.507520e-01
242 7.459120e-01 2.824000e-03 2.512640e-01
243 7.454360e-01 2.860000e-03 2.517040e-01
244 7.449400e-01 2.764000e-03 2.522960e-01
245 7.444560e-01 2.824000e-03 2.527200e-01
246 7.439800e-01 2.836000e-03 2.531840e-01
247 7.434960e-01 2.836000e-03 2.536680e-01
248 7.430200e-01 2.876000e-03 2.541040e-01
249 7.425400e-01 2.840000e-03 2.546200e-01
250 7.420240e-01 2.876000e-03 2.551000e-01
251 7.414560e-01 3.040000e-03 2.555040e-01
252 7.409600e-01 3.076000e-03 2.559640e-01
253 7.404760e-01 2.980000e-03 2.565440e-01
254 7.399600e-01 2.944000e-03 2.570960e-01
255 7.394440e-01 2.960000e-03 2.575960e-01
256 7.389440e-01 2.944000e-03 2.581120e-01
257 7.385400e-01 2.848000e-03 2.586120e-01
258 7.381280e-01 2.768000e-03 2.591040e-01
259 7.376360e-01 2.700000e-03 2.596640e-01
260 7.371760e-01 2.696000e-03 2.601280e-01
261 7.367200e-01 2.744000e-03 2.605360e-01
262 7.362880e-01 2.692000e-03 2.610200e-01
263 7.358920e-01 2.608000e-03 2.615000e-01
264 7.354480e-01 2.544000e-03 2.620080e-01
265 7.349480e-01 2.612000e-03 2.624400e-01
266 7.344560e-01 2.688000e-03 2.628560e-01
267 7.340160e-01 2.724000e-03 2.632600e-01
268 7.335240e-01 2.792000e-03 2.636840e-01
269 7.330680e-01 2.784000e-03 2.641480e-01
270 7.324760e-01 2.884000e-03 2.646400e-01
271 7.320560e-01 2.804000e-03 2.651400e-01
272 7.315880e-01 2.756000e-03 2.656560e-01
273 7.311520e-01 2.732000e-03 2.661160e-01
274 7.307880e-01 2.712000e-03 2.665000e-01
275 7.303680e-01 2.632000e-03 2.670000e-01
276 7.299760e-01 2.568000e-03 2.674560e-01
277 7.295320e-01 2.544000e-03 2.679240e-01
278 7.291040e-01 2.540000e-03 2.683560e-01
279 7.287280e-01 2.488000e-03 2.687840e-01
280 7.283960e-01 2.416000e-03 2.691880e-01
281 7.280640e-01 2.312000e-03 2.696240e-01
282 7.277040e-01 2.308000e-03 2.699880e-01
283 7.273280e-01 2.308000e-03 2.703640e-01
284 7.269360e-01 2.276000e-03 2.707880e-01
285 7.265960e-01 2.288000e-03 2.711160e-01
286 7.261800e-01 2.236000e-03 2.715840e-01
287 7.258120e-01 2.244000e-03 2.719440e-01
288 7.253800e-01 2.356000e-03 2.722640e-01
289 7.250520e-01 2.180000e-03 2.727680e-01
290 7.247720e-01 2.120000e-03 2.731080e-01
291 7.244440e-01 2.116000e-03 2.734400e-01
292 7.241320e-01 2.068000e-03 2.738000e-01
293 7.237640e-01 2.076000e-03 2.741600e-01
294 7.234800e-01 2.052000e-03 2.744680e-01
295 7.232160e-01 2.000000e-03 2.747840e-01
296 7.229360e-01 1.872000e-03 2.751920e-01
297 7.226760e-01 1.804000e-03 2.755200e-01
298 7.224360e-01 1.764000e-03 2.758000e-01
299 7.221640e-01 1.708000e-03 2.761280e-01
300 7.218440e-01 1.668000e-03 2.764880e-01
301 7.216360e-01 1.620000e-03 2.767440e-01
302 7.213960e-01 1.548000e-03 2.770560e-01
303 7.210880e-01 1.608000e-03 2.773040e-01
304 7.208240e-01 1.612000e-03 2.775640e-01
305 7.205640e-01 1.620000e-03 2.778160e-01
306 7.202480e-01 1.680000e-03 2.780720e-01
307 7.200120e-01 1.644000e-03 2.783440e-01
308 7.197800e-01 1.632000e-03 2.785880e-01
309 7.194480e-01 1.692000e-03 2.788600e-01
310 7.191440e-01 1.744000e-03 2.791120e-01
311 7.188320e-01 1.788000e-03 2.793800e-01
312 7.185040e-01 1.848000e-03 2.796480e-01
313 7.180320e-01 1.996000e-03 2.799720e-01
314 7.176560e-01 2.068000e-03 2.802760e-01
315 7.173040e-01 2.008000e-03 2.806880e-01
316 7.169160e-01 2.008000e-03 2.810760e-01
317 7.165840e-01 1.960000e-03 2.814560e-01
318 7.162640e-01 1.972000e-03 2.817640e-01
319 7.159560e-01 1.944000e-03 2.821000e-01
320 7.157360e-01 1.788000e-03 2.824760e-01
321 7.154920e-01 1.760000e-03 2.827480e-01
322 7.152080e-01 1.756000e-03 2.830360e-01
323 7.149640e-01 1.688000e-03 2.833480e-01
324 7.146800e-01 1.740000e-03 2.835800e-01
325 7.144600e-01 1.696000e-03 2.838440e-01
326 7.141400e-01 1.708000e-03 2.841520e-01
327 7.138440e-01 1.740000e-03 2.844160e-01
328 7.135560e-01 1.748000e-03 2.846960e-01
329 7.133000e-01 1.720000e-03 2.849800e-01
330 7.130320e-01 1.716000e-03 2.852520e-01
331 7.126920e-01 1.772000e-03 2.855360e-01
332 7.123160e-01 1.852000e-03 2.858320e-01
333 7.120120e-01 1.848000e-03 2.861400e-01
334 7.117200e-01 1.808000e-03 2.864720e-01
335 7.114320e-01 1.772000e-03 2.867960e-01
336 7.111520e-01 1.796000e-03 2.870520e-01
337 7.108520e-01 1.812000e-03 2.873360e-01
338 7.105480e-01 1.820000e-03 2.876320e-01
339 7.102240e-01 1.820000e-03 2.879560e-01
340 7.099120e-01 1.792000e-03 2.882960e-01
341 7.095640e-01 1.808000e-03 2.886280e-01
342 7.093160e-01 1.784000e-03 2.889000e-01
343 7.089680e-01 1.820000e-03 2.892120e-01
344 7.086680e-01 1.804000e-03 2.895280e-01
345 7.083680e-01 1.788000e-03 2.898440e-01
346 7.080960e-01 1.652000e-03 2.902520e-01
347 7.078520e-01 1.652000e-03 2.904960e-01
348 7.074920e-01 1.740000e-03 2.907680e-01
349 7.071680e-01 1.768000e-03 2.910640e-01
350 7.068760e-01 1.764000e-03 2.913600e-01
351 7.065200e-01 1.764000e-03 2.917160e-01
352 7.062320e-01 1.752000e-03 2.920160e-01
353 7.059120e-01 1.724000e-03 2.923640e-01
354 7.056160e-01 1.736000e-03 2.926480e-01
355 7.052800e-01 1.724000e-03 2.929960e-01
356 7.048920e-01 1.776000e-03 2.933320e-01
357 7.045560e-01 1.796000e-03 2.936480e-01
358 7.041880e-01 1.828000e-03 2.939840e-01
359 7.038000e-01 1.900000e-03 2.943000e-01
360 7.034360e-01 1.908000e-03 2.946560e-01
361 7.030560e-01 1.928000e-03 2.950160e-01
362 7.027040e-01 1.956000e-03 2.953400e-01
363 7.023200e-01 1.976000e-03 2.957040e-01
364 7.020240e-01 1.896000e-03 2.960800e-01
365 7.017000e-01 1.860000e-03 2.964400e-01
366 7.013680e-01 1.852000e-03 2.967800e-01
367 7.010440e-01 1.820000e-03 2.971360e-01
368 7.007440e-01 1.764000e-03 2.974920e-01
369 7.005160e-01 1.660000e-03 2.978240e-01
370 7.002040e-01 1.640000e-03 2.981560e-01
371 6.999680e-01 1.580000e-03 2.984520e-01
372 6.996880e-01 1.568000e-03 2.987440e-01
373 6.993640e-01 1.564000e-03 2.990720e-01
374 6.991080e-01 1.488000e-03 2.994040e-01
375 6.988680e-01 1.464000e-03 2.996680e-01
376 6.986120e-01 1.388000e-03 3.000000e-01
377 6.984000e-01 1.376000e-03 3.002240e-01
378 6.980920e-01 1.428000e-03 3.004800e-01
379 6.977760e-01 1.496000e-03 3.007280e-01
380 6.974960e-01 1.560000e-03 3.009440e-01
381 6.973120e-01 1.484000e-03 3.012040e-01
382 6.970240e-01 1.492000e-03 3.014840e-01
383 6.967280e-01 1.504000e-03 3.017680e-01
384 6.964800e-01 1.448000e-03 3.020720e-01
385 6.962480e-01 1.396000e-03 3.023560e-01
386 6.959560e-01 1.480000e-03 3.025640e-01
387 6.957520e-01 1.400000e-03 3.028480e-01
388 6.955120e-01 1.432000e-03 3.030560e-01
389 6.952240e-01 1.476000e-03 3.033000e-01
390 6.950040e-01 1.464000e-03 3.035320e-01
391 6.948080e-01 1.384000e-03 3.038080e-01
392 6.946120e-01 1.380000e-03 3.040080e-01
393 6.943560e-01 1.380000e-03 3.042640e-01
394 6.941280e-01 1.284000e-03 3.045880e-01
395 6.939560e-01 1.208000e-03 3.048360e-01
396 6.937720e-01 1.160000e-03 3.050680e-01
397 6.934840e-01 1.196000e-03 3.053200e-01
398 6.933040e-01 1.152000e-03 3.055440e-01
399 6.930240e-01 1.288000e-03 3.056880e-01
400 6.926760e-01 1.372000e-03 3.059520e-01
401 6.923800e-01 1.420000e-03 3.062000e-01
402 6.920400e-01 1.460000e-03 3.065000e-01
403 6.917520e-01 1.532000e-03 3.067160e-01
404 6.913840e-01 1.612000e-03 3.070040e-01
405 6.910080e-01 1.688000e-03 3.073040e-01
406 6.906800e-01 1.700000e-03 3.076200e-01
407 6.903120e-01 1.780000e-03 3.079080e-01
408 6.899640e-01 1.832000e-03 3.082040e-01
409 6.897400e-01 1.716000e-03 3.085440e-01
410 6.893680e-01 1.792000e-03 3.088400e-01
411 6.889920e-01 1.940000e-03 3.090680e-01
412 6.886440e-01 2.008000e-03 3.093480e-01
413 6.883080e-01 1.992000e-03 3.097000e-01
414 6.879160e-01 2.024000e-03 3.100600e-01
415 6.875160e-01 2.072000e-03 3.104120e-01
416 6.871000e-01 2.176000e-03 3.107240e-01
417 6.867200e-01 2.136000e-03 3.111440e-01
418 6.863600e-01 2.148000e-03 3.114920e-01
419 6.861040e-01 2.024000e-03 3.118720e-01
420 6.858040e-01 1.992000e-03 3.122040e-01
421 6.854600e-01 1.972000e-03 3.125680e-01
422 6.851160e-01 1.932000e-03 3.129520e-01
423 6.847560e-01 1.964000e-03 3.132800e-01
424 6.843160e-01 2.148000e-03 3.135360e-01
425 6.839040e-01 2.136000e-03 3.139600e-01
426 6.834880e-01 2.200000e-03 3.143120e-01
427 6.831160e-01 2.204000e-03 3.146800e-01
428 6.827240e-01 2.224000e-03 3.150520e-01
429 6.823840e-01 2.152000e-03 3.154640e-01
430 6.819920e-01 2.096000e-03 3.159120e-01
431 6.816240e-01 2.124000e-03 3.162520e-01
432 6.813200e-01 2.048000e-03 3.166320e-01
433 6.810000e-01 2.020000e-03 3.169800e-01
434 6.807320e-01 1.904000e-03 3.173640e-01
435 6.804920e-01 1.828000e-03 3.176800e-01
436 6.801640e-01 1.896000e-03 3.179400e-01
437 6.799000e-01 1.880000e-03 3.182200e-01
438 6.795640e-01 1.876000e-03 3.185600e-01
439 6.792760e-01 1.832000e-03 3.188920e-01
440 6.790080e-01 1.772000e-03 3.192200e-01
441 6.787440e-01 1.712000e-03 3.195440e-01
442 6.784640e-01 1.676000e-03 3.198600e-01
443 6.782440e-01 1.648000e-03 3.201080e-01
444 6.780400e-01 1.596000e-03 3.203640e-01
445 6.778360e-01 1.476000e-03 3.206880e-01
446 6.776560e-01 1.392000e-03 3.209520e-01
447 6.775120e-01 1.284000e-03 3.212040e-01
448 6.773720e-01 1.208000e-03 3.214200e-01
449 6.772120e-01 1.112000e-03 3.216760e-01
450 6.770360e-01 1.112000e-03 3.218520e-01
451 6.768200e-01 1.136000e-03 3.220440e-01
452 6.766200e-01 1.180000e-03 3.222000e-01
453 6.764760e-01 1.096000e-03 3.224280e-01
454 6.762960e-01 1.096000e-03 3.226080e-01
455 6.761200e-01 1.064000e-03 3.228160e-01
456 6.759000e-01 1.104000e-03 3.229960e-01
457 6.756600e-01 1.132000e-03 3.232080e-01
458 6.754640e-01 1.160000e-03 3.233760e-01
459 6.752720e-01 1.104000e-03 3.236240e-01
460 6.751000e-01 1.108000e-03 3.237920e-01
461 6.749160e-01 1.116000e-03 3.239680e-01
462 6.747280e-01 1.088000e-03 3.241840e-01
463 6.745600e-01 1.020000e-03 3.244200e-01
464 6.744360e-01 9.280000e-04 3.246360e-01
465 6.743240e-01 8.840000e-04 3.247920e-01
466 6.741440e-01 9.160000e-04 3.249400e-01
467 6.739880e-01 9.200000e-04 3.250920e-01
468 6.738400e-01 9.400000e-04 3.252200e-01
469 6.736560e-01 9.520000e-04 3.253920e-01
470 6.734840e-01 9.760000e-04 3.255400e-01
471 6.732920e-01 9.920000e-04 3.257160e-01
472 6.730600e-01 1.040000e-03 3.259000e-01
473 6.728360e-01 1.064000e-03 3.261000e-01
474 6.726760e-01 9.640000e-04 3.263600e-01
475 6.725240e-01 9.680000e-04 3.265080e-01
476 6.722880e-01 1.024000e-03 3.266880e-01
477 6.721000e-01 1.064000e-03 3.268360e-01
478 6.718480e-01 1.140000e-03 3.270120e-01
479 6.716480e-01 1.148000e-03 3.272040e-01
480 6.714320e-01 1.164000e-03 3.274040e-01
481 6.712280e-01 1.184000e-03 3.275880e-01
482 6.710000e-01 1.180000e-03 3.278200e-01
483 6.707760e-01 1.180000e-03 3.280440e-01
484 6.705360e-01 1.228000e-03 3.282360e-01
485 6.702880e-01 1.240000e-03 3.284720e-01
486 6.700640e-01 1.304000e-03 3.286320e-01
487 6.699000e-01 1.232000e-03 3.288680e-01
488 6.696840e-01 1.224000e-03 3.290920e-01
489 6.695000e-01 1.184000e-03 3.293160e-01
490 6.692960e-01 1.172000e-03 3.295320e-01
491 6.691240e-01 1.188000e-03 3.296880e-01
492 6.689560e-01 1.124000e-03 3.299200e-01
493 6.687640e-01 1.100000e-03 3.301360e-01
494 6.685800e-01 1.104000e-03 3.303160e-01
495 6.684000e-01 1.092000e-03 3.305080e-01
496 6.682000e-01 1.076000e-03 3.307240e-01
497 6.680520e-01 1.056000e-03 3.308920e-01
498 6.678640e-01 1.012000e-03 3.311240e-01
499 6.676560e-01 1.036000e-03 3.313080e-01
500 6.675040e-01 1.024000e-03 3.314720e-01
