1 9.991440e-01 7.560000e-04 1.000000e-04
2 9.986080e-01 1.116000e-03 2.760000e-04
3 9.979480e-01 1.572000e-03 4.800000e-04
4 9.971840e-01 1.944000e-03 8.720000e-04
5 9.962920e-01 2.456000e-03 1.252000e-03
6 9.953120e-01 2.912000e-03 1.776000e-03
7 9.943640e-01 3.308000e-03 2.328000e-03
8 9.932880e-01 3.676000e-03 3.036000e-03
9 9.922240e-01 4.072000e-03 3.704000e-03
10 9.912360e-01 4.380000e-03 4.384000e-03
11 9.900880e-01 4.720000e-03 5.192000e-03
12 9.889080e-01 5.052000e-03 6.040000e-03
13 9.877400e-01 5.328000e-03 6.932000e-03
14 9.865640e-01 5.592000e-03 7.844000e-03
15 9.853320e-01 5.880000e-03 8.788000e-03
16 9.841200e-01 6.060000e-03 9.820000e-03
17 9.828520e-01 6.268000e-03 1.088000e-02
18 9.816080e-01 6.444000e-03 1.194800e-02
19 9.801960e-01 6.636000e-03 1.316800e-02
20 9.788400e-01 6.788000e-03 1.437200e-02
21 9.774560e-01 6.928000e-03 1.561600e-02
22 9.761280e-01 6.976000e-03 1.689600e-02
23 9.746840e-01 7.252000e-03 1.806400e-02
24 9.733640e-01 7.284000e-03 1.935200e-02
25 9.720280e-01 7.296000e-03 2.067600e-02
26 9.706520e-01 7.440000e-03 2.190800e-02
27 9.692000e-01 7.540000e-03 2.326000e-02
28 9.678440e-01 7.572000e-03 2.458400e-02
29 9.663680e-01 7.736000e-03 2.589600e-02
30 9.648440e-01 7.884000e-03 2.727200e-02
31 9.631320e-01 8.348000e-03 2.852000e-02
32 9.614360e-01 8.540000e-03 3.002400e-02
33 9.598720e-01 8.460000e-03 3.166800e-02
34 9.581720e-01 8.680000e-03 3.314800e-02
35 9.565960e-01 8.704000e-03 3.470000e-02
36 9.549520e-01 8.804000e-03 3.624400e-02
37 9.534440e-01 8.616000e-03 3.794000e-02
38 9.519360e-01 8.556000e-03 3.950800e-02
39 9.505080e-01 8.436000e-03 4.105600e-02
40 9.489480e-01 8.600000e-03 4.245200e-02
41 9.473040e-01 8.636000e-03 4.406000e-02
42 9.458160e-01 8.524000e-03 4.566000e-02
43 9.443600e-01 8.492000e-03 4.714800e-02
44 9.427000e-01 8.740000e-03 4.856000e-02
45 9.411800e-01 8.736000e-03 5.008400e-02
46 9.395880e-01 8.924000e-03 5.148800e-02
47 9.381520e-01 8.828000e-03 5.302000e-02
48 9.365840e-01 8.924000e-03 5.449200e-02
49 9.350200e-01 8.848000e-03 5.613200e-02
50 9.335160e-01 8.872000e-03 5.761200e-02
51 9.320800e-01 8.788000e-03 5.913200e-02
52 9.305080e-01 8.804000e-03 6.068800e-02
53 9.290440e-01 8.700000e-03 6.225600e-02
54 9.276040e-01 8.616000e-03 6.378000e-02
55 9.260520e-01 8.692000e-03 6.525600e-02
56 9.246000e-01 8.672000e-03 6.672800e-02
57 9.229880e-01 8.720000e-03 6.829200e-02
58 9.213800e-01 8.688000e-03 6.993200e-02
59 9.197440e-01 8.740000e-03 7.151600e-02
60 9.182480e-01 8.744000e-03 7.300800e-02
61 9.167560e-01 8.668000e-03 7.457600e-02
62 9.152880e-01 8.624000e-03 7.608800e-02
63 9.138680e-01 8.448000e-03 7.768400e-02
64 9.123040e-01 8.544000e-03 7.915200e-02
65 9.108640e-01 8.504000e-03 8.063200e-02
66 9.094520e-01 8.468000e-03 8.208000e-02
67 9.079680e-01 8.388000e-03 8.364400e-02
68 9.064960e-01 8.420000e-03 8.508400e-02
69 9.049800e-01 8.428000e-03 8.659200e-02
70 9.035840e-01 8.264000e-03 8.815200e-02
71 9.022080e-01 8.300000e-03 8.949200e-02
72 9.006960e-01 8.416000e-03 9.088800e-02
73 8.993600e-01 8.248000e-03 9.239200e-02
74 8.978840e-01 8.396000e-03 9.372000e-02
75 8.963520e-01 8.480000e-03 9.516800e-02
76 8.949960e-01 8.344000e-03 9.666000e-02
77 8.936280e-01 8.292000e-03 9.808000e-02
78 8.923640e-01 8.092000e-03 9.954400e-02
79 8.910280e-01 7.992000e-03 1.009800e-01
80 8.896400e-01 8.052000e-03 1.023080e-01
81 8.882840e-01 8.048000e-03 1.036680e-01
82 8.869360e-01 8.156000e-03 1.049080e-01
83 8.856040e-01 8.076000e-03 1.063200e-01
84 8.842080e-01 8.176000e-03 1.076160e-01
85 8.827600e-01 8.176000e-03 1.090640e-01
86 8.813520e-01 8.280000e-03 1.103680e-01
87 8.799080e-01 8.408000e-03 1.116840e-01
88 8.784640e-01 8.348000e-03 1.131880e-01
89 8.770160e-01 8.436000e-03 1.145480e-01
90 8.753600e-01 8.580000e-03 1.160600e-01
91 8.738240e-01 8.636000e-03 1.175400e-01
92 8.721960e-01 8.764000e-03 1.190400e-01
93 8.705560e-01 8.876000e-03 1.205680e-01
94 8.691040e-01 8.776000e-03 1.221200e-01
95 8.676880e-01 8.568000e-03 1.237440e-01
96 8.662680e-01 8.352000e-03 1.253800e-01
97 8.646480e-01 8.516000e-03 1.268360e-01
98 8.629680e-01 8.768000e-03 1.282640e-01
99 8.614000e-01 8.816000e-03 1.297840e-01
100 8.597240e-01 8.916000e-03 1.313600e-01
101 8.580520e-01 9.036000e-03 1.329120e-01
102 8.565360e-01 8.992000e-03 1.344720e-01
103 8.549240e-01 8.972000e-03 1.361040e-01
104 8.533240e-01 9.020000e-03 1.376560e-01
105 8.518280e-01 8.964000e-03 1.392080e-01
106 8.504520e-01 8.748000e-03 1.408000e-01
107 8.490400e-01 8.676000e-03 1.422840e-01
108 8.474760e-01 8.616000e-03 1.439080e-01
109 8.459280e-01 8.560000e-03 1.455120e-01
110 8.444520e-01 8.616000e-03 1.469320e-01
111 8.429440e-01 8.616000e-03 1.484400e-01
112 8.414560e-01 8.584000e-03 1.499600e-01
113 8.400880e-01 8.476000e-03 1.514360e-01
114 8.387280e-01 8.308000e-03 1.529640e-01
115 8.373960e-01 8.280000e-03 1.543240e-01
116 8.360080e-01 8.184000e-03 1.558080e-01
117 8.348600e-01 7.976000e-03 1.571640e-01
118 8.335600e-01 7.968000e-03 1.584720e-01
119 8.323760e-01 7.864000e-03 1.597600e-01
120 8.311440e-01 7.692000e-03 1.611640e-01
121 8.297360e-01 7.628000e-03 1.626360e-01
122 8.283440e-01 7.672000e-03 1.639840e-01
123 8.270040e-01 7.652000e-03 1.653440e-01
124 8.256320e-01 7.664000e-03 1.667040e-01
125 8.244080e-01 7.516000e-03 1.680760e-01
126 8.231920e-01 7.548000e-03 1.692600e-01
127 8.219400e-01 7.508000e-03 1.705520e-01
128 8.208120e-01 7.320000e-03 1.718680e-01
129 8.195840e-01 7.300000e-03 1.731160e-01
130 8.182000e-01 7.416000e-03 1.743840e-01
131 8.169160e-01 7.440000e-03 1.756440e-01
132 8.157440e-01 7.304000e-03 1.769520e-01
133 8.145520e-01 7.064000e-03 1.783840e-01
134 8.134920e-01 6.812000e-03 1.796960e-01
135 8.123080e-01 6.804000e-03 1.808880e-01
136 8.111920e-01 6.704000e-03 1.821040e-01
137 8.100360e-01 6.660000e-03 1.833040e-01
138 8.088760e-01 6.672000e-03 1.844520e-01
139 8.077760e-01 6.568000e-03 1.856560e-01
140 8.066080e-01 6.536000e-03 1.868560e-01
141 8.055080e-01 6.468000e-03 1.880240e-01
142 8.044160e-01 6.352000e-03 1.892320e-01
143 8.032040e-01 6.504000e-03 1.902920e-01
144 8.021280e-01 6.400000e-03 1.914720e-01
145 8.010160e-01 6.364000e-03 1.926200e-01
146 7.998680e-01 6.480000e-03 1.936520e-01
147 7.987840e-01 6.376000e-03 1.948400e-01
148 7.975840e-01 6.456000e-03 1.959600e-01
149 7.965480e-01 6.424000e-03 1.970280e-01
150 7.955040e-01 6.492000e-03 1.980040e-01
151 7.943320e-01 6.520000e-03 1.991480e-01
152 7.931920e-01 6.436000e-03 2.003720e-01
153 7.921680e-01 6.228000e-03 2.016040e-01
154 7.912240e-01 6.116000e-03 2.026600e-01
155 7.901680e-01 6.100000e-03 2.037320e-01
156 7.891960e-01 6.092000e-03 2.047120e-01
157 7.882760e-01 5.976000e-03 2.057480e-01
158 7.872960e-01 5.984000e-03 2.067200e-01
159 7.862600e-01 6.048000e-03 2.076920e-01
160 7.852720e-01 6.004000e-03 2.087240e-01
161 7.842360e-01 5.936000e-03 2.098280e-01
162 7.831880e-01 5.924000e-03 2.108880e-01
163 7.823280e-01 5.832000e-03 2.118400e-01
164 7.813400e-01 5.896000e-03 2.127640e-01
165 7.804040e-01 5.760000e-03 2.138360e-01
166 7.795840e-01 5.568000e-03 2.148480e-01
167 7.786760e-01 5.500000e-03 2.158240e-01
168 7.777720e-01 5.480000e-03 2.167480e-01
169 7.769120e-01 5.460000e-03 2.176280e-01
170 7.760400e-01 5.300000e-03 2.186600e-01
171 7.751800e-01 5.284000e-03 2.195360e-01
172 7.743520e-01 5.156000e-03 2.204920e-01
173 7.735080e-01 5.056000e-03 2.214360e-01
174 7.726520e-01 5.020000e-03 2.223280e-01
175 7.718160e-01 5.056000e-03 2.231280e-01
176 7.709640e-01 4.912000e-03 2.241240e-01
177 7.701480e-01 4.964000e-03 2.248880e-01
178 7.692720e-01 4.960000e-03 2.257680e-01
179 7.684040e-01 5.000000e-03 2.265960e-01
180 7.675560e-01 4.920000e-03 2.275240e-01
181 7.667720e-01 4.896000e-03 2.283320e-01
182 7.658960e-01 4.880000e-03 2.292240e-01
183 7.650880e-01 4.920000e-03 2.299920e-01
184 7.641400e-01 4.940000e-03 2.309200e-01
185 7.632640e-01 4.964000e-03 2.317720e-01
186 7.624720e-01 4.928000e-03 2.326000e-01
187 7.615720e-01 5.092000e-03 2.333360e-01
188 7.605960e-01 5.152000e-03 2.342520e-01
189 7.597080e-01 5.200000e-03 2.350920e-01
190 7.588360e-01 5.232000e-03 2.359320e-01
191 7.579680e-01 5.136000e-03 2.368960e-01
192 7.571120e-01 5.096000e-03 2.377920e-01
193 7.562680e-01 5.040000e-03 2.386920e-01
194 7.553560e-01 5.068000e-03 2.395760e-01
195 7.544320e-01 5.084000e-03 2.404840e-01
196 7.535320e-01 5.076000e-03 2.413920e-01
197 7.527280e-01 5.020000e-03 2.422520e-01
198 7.518600e-01 4.988000e-03 2.431520e-01
199 7.510240e-01 4.944000e-03 2.440320e-01
200 7.501840e-01 4.884000e-03 2.449320e-01
201 7.494400e-01 4.824000e-03 2.457360e-01
202 7.486880e-01 4.768000e-03 2.465440e-01
203 7.478280e-01 4.764000e-03 2.474080e-01
204 7.470240e-01 4.852000e-03 2.481240e-01
205 7.461880e-01 4.892000e-03 2.489200e-01
206 7.452880e-01 4.856000e-03 2.498560e-01
207 7.444640e-01 4.760000e-03 2.507760e-01
208 7.435360e-01 4.880000e-03 2.515840e-01
209 7.426480e-01 4.896000e-03 2.524560e-01
210 7.418160e-01 4.908000e-03 2.532760e-01
211 7.409200e-01 4.904000e-03 2.541760e-01
212 7.400520e-01 4.944000e-03 2.550040e-01
213 7.391680e-01 4.956000e-03 2.558760e-01
214 7.383320e-01 4.832000e-03 2.568360e-01
215 7.374720e-01 4.836000e-03 2.576920e-01
216 7.367600e-01 4.724000e-03 2.585160e-01
217 7.361920e-01 4.476000e-03 2.593320e-01
218 7.355000e-01 4.440000e-03 2.600600e-01
219 7.347200e-01 4.524000e-03 2.607560e-01
220 7.339800e-01 4.524000e-03 2.614960e-01
221 7.332240e-01 4.376000e-03 2.624000e-01
222 7.324440e-01 4.404000e-03 2.631520e-01
223 7.317600e-01 4.328000e-03 2.639120e-01
224 7.309040e-01 4.368000e-03 2.647280e-01
225 7.300680e-01 4.432000e-03 2.655000e-01
226 7.292880e-01 4.396000e-03 2.663160e-01
227 7.286480e-01 4.200000e-03 2.671520e-01
228 7.278200e-01 4.168000e-03 2.680120e-01
229 7.270080e-01 4.272000e-03 2.687200e-01
230 7.262280e-01 4.296000e-03 2.694760e-01
231 7.255960e-01 4.192000e-03 2.702120e-01
232 7.249360e-01 4.112000e-03 2.709520e-01
233 7.243640e-01 4.012000e-03 2.716240e-01
234 7.238960e-01 3.720000e-03 2.723840e-01
235 7.232520e-01 3.724000e-03 2.730240e-01
236 7.226600e-01 3.696000e-03 2.736440e-01
237 7.220280e-01 3.704000e-03 2.742680e-01
238 7.214280e-01 3.744000e-03 2.748280e-01
239 7.208120e-01 3.632000e-03 2.755560e-01
240 7.202560e-01 3.552000e-03 2.761920e-01
241 7.195200e-01 3.700000e-03 2.767800e-01
242 7.189800e-01 3.628000e-03 2.773920e-01
243 7.183440e-01 3.668000e-03 2.779880e-01
244 7.177600e-01 3.624000e-03 2.786160e-01
245 7.169720e-01 3.784000e-03 2.792440e-01
246 7.163920e-01 3.720000e-03 2.798880e-01
247 7.158080e-01 3.660000e-03 2.805320e-01
248 7.152920e-01 3.512000e-03 2.811960e-01
249 7.148160e-01 3.308000e-03 2.818760e-01
250 7.142400e-01 3.384000e-03 2.823760e-01
251 7.136440e-01 3.412000e-03 2.829440e-01
252 7.131560e-01 3.344000e-03 2.835000e-01
253 7.127120e-01 3.212000e-03 2.840760e-01
254 7.121480e-01 3.212000e-03 2.846400e-01
255 7.115760e-01 3.224000e-03 2.852000e-01
256 7.111040e-01 3.136000e-03 2.857600e-01
257 7.106360e-01 3.076000e-03 2.862880e-01
258 7.101800e-01 3.048000e-03 2.867720e-01
259 7.097160e-01 3.032000e-03 2.872520e-01
260 7.092280e-01 2.940000e-03 2.878320e-01
261 7.087960e-01 2.800000e-03 2.884040e-01
262 7.083240e-01 2.760000e-03 2.889160e-01
263 7.079120e-01 2.700000e-03 2.893880e-01
264 7.074280e-01 2.796000e-03 2.897760e-01
265 7.069840e-01 2.740000e-03 2.902760e-01
266 7.065560e-01 2.728000e-03 2.907160e-01
267 7.060160e-01 2.720000e-03 2.912640e-01
268 7.055920e-01 2.688000e-03 2.917200e-01
269 7.052240e-01 2.568000e-03 2.922080e-01
270 7.047880e-01 2.668000e-03 2.925440e-01
271 7.043360e-01 2.620000e-03 2.930440e-01
272 7.038720e-01 2.632000e-03 2.934960e-01
273 7.034920e-01 2.556000e-03 2.939520e-01
274 7.031240e-01 2.528000e-03 2.943480e-01
275 7.027320e-01 2.484000e-03 2.947840e-01
276 7.022400e-01 2.568000e-03 2.951920e-01
277 7.018240e-01 2.536000e-03 2.956400e-01
278 7.013680e-01 2.576000e-03 2.960560e-01
279 7.008840e-01 2.620000e-03 2.964960e-01
280 7.004080e-01 2.592000e-03 2.970000e-01
281 6.999680e-01 2.536000e-03 2.974960e-01
282 6.995160e-01 2.548000e-03 2.979360e-01
283 6.989680e-01 2.628000e-03 2.984040e-01
284 6.985200e-01 2.580000e-03 2.989000e-01
285 6.980400e-01 2.616000e-03 2.993440e-01
286 6.975840e-01 2.588000e-03 2.998280e-01
287 6.971360e-01 2.500000e-03 3.003640e-01
288 6.965920e-01 2.612000e-03 3.007960e-01
289 6.961160e-01 2.624000e-03 3.012600e-01
290 6.956480e-01 2.576000e-03 3.017760e-01
291 6.952000e-01 2.608000e-03 3.021920e-01
292 6.947240e-01 2.548000e-03 3.027280e-01
293 6.942080e-01 2.540000e-03 3.032520e-01
294 6.937360e-01 2.552000e-03 3.037120e-01
295 6.933200e-01 2.548000e-03 3.041320e-01
296 6.929120e-01 2.468000e-03 3.046200e-01
297 6.924600e-01 2.508000e-03 3.050320e-01
298 6.919760e-01 2.448000e-03 3.055760e-01
299 6.914640e-01 2.472000e-03 3.060640e-01
300 6.909640e-01 2.588000e-03 3.064480e-01
301 6.905280e-01 2.552000e-03 3.069200e-01
302 6.900800e-01 2.608000e-03 3.073120e-01
303 6.896160e-01 2.624000e-03 3.077600e-01
304 6.891000e-01 2.640000e-03 3.082600e-01
305 6.885400e-01 2.740000e-03 3.087200e-01
306 6.879240e-01 2.940000e-03 3.091360e-01
307 6.873760e-01 2.976000e-03 3.096480e-01
308 6.867800e-01 3.052000e-03 3.101680e-01
309 6.862240e-01 3.004000e-03 3.107720e-01
310 6.856600e-01 3.052000e-03 3.112880e-01
311 6.850480e-01 3.148000e-03 3.118040e-01
312 6.844760e-01 3.232000e-03 3.122920e-01
313 6.840440e-01 3.140000e-03 3.128160e-01
314 6.834800e-01 3.192000e-03 3.133280e-01
315 6.830280e-01 3.112000e-03 3.138600e-01
316 6.826240e-01 3.064000e-03 3.143120e-01
317 6.822240e-01 2.992000e-03 3.147840e-01
318 6.817920e-01 2.900000e-03 3.153080e-01
319 6.814360e-01 2.708000e-03 3.158560e-01
320 6.810920e-01 2.560000e-03 3.163480e-01
321 6.806800e-01 2.572000e-03 3.167480e-01
322 6.803080e-01 2.572000e-03 3.171200e-01
323 6.799360e-01 2.500000e-03 3.175640e-01
324 6.795480e-01 2.444000e-03 3.180080e-01
325 6.791440e-01 2.392000e-03 3.184640e-01
326 6.788200e-01 2.236000e-03 3.189440e-01
327 6.784440e-01 2.196000e-03 3.193600e-01
328 6.781080e-01 2.128000e-03 3.197640e-01
329 6.777360e-01 2.144000e-03 3.201200e-01
330 6.774560e-01 2.068000e-03 3.204760e-01
331 6.771440e-01 2.060000e-03 3.207960e-01
332 6.767840e-01 2.144000e-03 3.210720e-01
333 6.764320e-01 2.120000e-03 3.214480e-01
334 6.760480e-01 2.128000e-03 3.218240e-01
335 6.757320e-01 2.116000e-03 3.221520e-01
336 6.754120e-01 2.020000e-03 3.225680e-01
337 6.750640e-01 2.028000e-03 3.229080e-01
338 6.747320e-01 1.996000e-03 3.232720e-01
339 6.744880e-01 1.896000e-03 3.236160e-01
340 6.742200e-01 1.836000e-03 3.239440e-01
341 6.739480e-01 1.808000e-03 3.242440e-01
342 6.736680e-01 1.712000e-03 3.246200e-01
343 6.734520e-01 1.644000e-03 3.249040e-01
344 6.732080e-01 1.612000e-03 3.251800e-01
345 6.729360e-01 1.608000e-03 3.254560e-01
346 6.727160e-01 1.564000e-03 3.257200e-01
347 6.724600e-01 1.540000e-03 3.260000e-01
348 6.722280e-01 1.528000e-03 3.262440e-01
349 6.719800e-01 1.520000e-03 3.265000e-01
350 6.717040e-01 1.536000e-03 3.267600e-01
351 6.714800e-01 1.492000e-03 3.270280e-01
352 6.711200e-01 1.644000e-03 3.272360e-01
353 6.708880e-01 1.608000e-03 3.275040e-01
354 6.706680e-01 1.520000e-03 3.278120e-01
355 6.703920e-01 1.540000e-03 3.280680e-01
356 6.701680e-01 1.504000e-03 3.283280e-01
357 6.699920e-01 1.380000e-03 3.286280e-01
358 6.697680e-01 1.376000e-03 3.288560e-01
359 6.695640e-01 1.340000e-03 3.290960e-01
360 6.694120e-01 1.288000e-03 3.293000e-01
361 6.691720e-01 1.316000e-03 3.295120e-01
362 6.689360e-01 1.288000e-03 3.297760e-01
363 6.687040e-01 1.292000e-03 3.300040e-01
364 6.684960e-01 1.300000e-03 3.302040e-01
365 6.682960e-01 1.316000e-03 3.303880e-01
366 6.681000e-01 1.300000e-03 3.306000e-01
367 6.679120e-01 1.256000e-03 3.308320e-01
368 6.677080e-01 1.228000e-03 3.310640e-01
369 6.675200e-01 1.220000e-03 3.312600e-01
370 6.673120e-01 1.208000e-03 3.314800e-01
371 6.670840e-01 1.220000e-03 3.316960e-01
372 6.668840e-01 1.224000e-03 3.318920e-01
373 6.666120e-01 1.288000e-03 3.321000e-01
374 6.663680e-01 1.272000e-03 3.323600e-01
375 6.661280e-01 1.288000e-03 3.325840e-01
376 6.659440e-01 1.252000e-03 3.328040e-01
377 6.656800e-01 1.300000e-03 3.330200e-01
378 6.654720e-01 1.284000e-03 3.332440e-01
379 6.652440e-01 1.368000e-03 3.333880e-01
380 6.650320e-01 1.324000e-03 3.336440e-01
381 6.647440e-01 1.372000e-03 3.338840e-01
382 6.645280e-01 1.352000e-03 3.341200e-01
383 6.642920e-01 1.348000e-03 3.343600e-01
384 6.640600e-01 1.288000e-03 3.346520e-01
385 6.638560e-01 1.260000e-03 3.348840e-01
386 6.636640e-01 1.228000e-03 3.351080e-01
387 6.635000e-01 1.200000e-03 3.353000e-01
388 6.632880e-01 1.196000e-03 3.355160e-01
389 6.630560e-01 1.212000e-03 3.357320e-01
390 6.628640e-01 1.208000e-03 3.359280e-01
391 6.626200e-01 1.256000e-03 3.361240e-01
392 6.623800e-01 1.292000e-03 3.363280e-01
393 6.620880e-01 1.324000e-03 3.365880e-01
394 6.618320e-01 1.312000e-03 3.368560e-01
395 6.616200e-01 1.328000e-03 3.370520e-01
396 6.613720e-01 1.356000e-03 3.372720e-01
397 6.611600e-01 1.364000e-03 3.374760e-01
398 6.609560e-01 1.372000e-03 3.376720e-01
399 6.606880e-01 1.416000e-03 3.378960e-01
400 6.604920e-01 1.432000e-03 3.380760e-01
401 6.602840e-01 1.356000e-03 3.383600e-01
402 6.600560e-01 1.364000e-03 3.385800e-01
403 6.598680e-01 1.324000e-03 3.388080e-01
404 6.596800e-01 1.280000e-03 3.390400e-01
405 6.593800e-01 1.328000e-03 3.392920e-01
406 6.591680e-01 1.292000e-03 3.395400e-01
407 6.589720e-01 1.264000e-03 3.397640e-01
408 6.587320e-01 1.264000e-03 3.400040e-01
409 6.585320e-01 1.228000e-03 3.402400e-01
410 6.583840e-01 1.112000e-03 3.405040e-01
411 6.581480e-01 1.160000e-03 3.406920e-01
412 6.579280e-01 1.144000e-03 3.409280e-01
413 6.577000e-01 1.152000e-03 3.411480e-01
414 6.575040e-01 1.144000e-03 3.413520e-01
415 6.573600e-01 1.028000e-03 3.416120e-01
416 6.571600e-01 1.072000e-03 3.417680e-01
417 6.569880e-01 1.036000e-03 3.419760e-01
418 6.568640e-01 9.800000e-04 3.421560e-01
419 6.567640e-01 9.000000e-04 3.423360e-01
420 6.565920e-01 9.440000e-04 3.424640e-01
421 6.563920e-01 9.480000e-04 3.426600e-01
422 6.562640e-01 9.120000e-04 3.428240e-01
423 6.561000e-01 9.200000e-04 3.429800e-01
424 6.558760e-01 9.520000e-04 3.431720e-01
425 6.557240e-01 9.680000e-04 3.433080e-01
426 6.555560e-01 9.600000e-04 3.434840e-01
427 6.554040e-01 9.080000e-04 3.436880e-01
428 6.552160e-01 9.240000e-04 3.438600e-01
429 6.550560e-01 9.480000e-04 3.439960e-01
430 6.549000e-01 9.440000e-04 3.441560e-01
431 6.547400e-01 9.120000e-04 3.443480e-01
432 6.545520e-01 9.200000e-04 3.445280e-01
433 6.544440e-01 8.400000e-04 3.447160e-01
434 6.542880e-01 8.280000e-04 3.448840e-01
435 6.541240e-01 8.640000e-04 3.450120e-01
436 6.539520e-01 8.800000e-04 3.451680e-01
437 6.537640e-01 9.440000e-04 3.452920e-01
438 6.535600e-01 9.680000e-04 3.454720e-01
439 6.533640e-01 1.028000e-03 3.456080e-01
440 6.532080e-01 9.920000e-04 3.458000e-01
441 6.530560e-01 9.800000e-04 3.459640e-01
442 6.529240e-01 9.640000e-04 3.461120e-01
443 6.527560e-01 9.760000e-04 3.462680e-01
444 6.525880e-01 1.004000e-03 3.464080e-01
445 6.524240e-01 9.920000e-04 3.465840e-01
446 6.523000e-01 9.200000e-04 3.467800e-01
447 6.521240e-01 9.240000e-04 3.469520e-01
448 6.519560e-01 9.040000e-04 3.471400e-01
449 6.518320e-01 8.440000e-04 3.473240e-01
450 6.517120e-01 7.840000e-04 3.475040e-01
451 6.516240e-01 7.640000e-04 3.476120e-01
452 6.515440e-01 7.200000e-04 3.477360e-01
453 6.514160e-01 7.040000e-04 3.478800e-01
454 6.513160e-01 6.880000e-04 3.479960e-01
455 6.512480e-01 6.080000e-04 3.481440e-01
456 6.511240e-01 6.120000e-04 3.482640e-01
457 6.510240e-01 6.520000e-04 3.483240e-01
458 6.508920e-01 6.640000e-04 3.484440e-01
459 6.506920e-01 7.520000e-04 3.485560e-01
460 6.505080e-01 8.120000e-04 3.486800e-01
461 6.503680e-01 8.160000e-04 3.488160e-01
462 6.502720e-01 7.960000e-04 3.489320e-01
463 6.501400e-01 8.040000e-04 3.490560e-01
464 6.500360e-01 7.440000e-04 3.492200e-01
465 6.498960e-01 7.640000e-04 3.493400e-01
466 6.498120e-01 7.600000e-04 3.494280e-01
467 6.497000e-01 7.560000e-04 3.495440e-01
468 6.495800e-01 7.320000e-04 3.496880e-01
469 6.494560e-01 7.400000e-04 3.498040e-01
470 6.493280e-01 7.680000e-04 3.499040e-01
471 6.492080e-01 7.240000e-04 3.500680e-01
472 6.491160e-01 6.960000e-04 3.501880e-01
473 6.490240e-01 6.920000e-04 3.502840e-01
474 6.489320e-01 6.480000e-04 3.504200e-01
475 6.488560e-01 6.360000e-04 3.505080e-01
476 6.487800e-01 5.880000e-04 3.506320e-01
477 6.486920e-01 5.600000e-04 3.507480e-01
478 6.486360e-01 5.160000e-04 3.508480e-01
479 6.485480e-01 5.160000e-04 3.509360e-01
480 6.484960e-01 4.680000e-04 3.510360e-01
481 6.484600e-01 4.320000e-04 3.511080e-01
482 6.483720e-01 4.160000e-04 3.512120e-01
483 6.483280e-01 4.000000e-04 3.512720e-01
484 6.482440e-01 4.240000e-04 3.513320e-01
485 6.481760e-01 3.680000e-04 3.514560e-01
486 6.480920e-01 3.960000e-04 3.515120e-01
487 6.480240e-01 4.080000e-04 3.515680e-01
488 6.479160e-01 4.280000e-04 3.516560e-01
489 6.478240e-01 4.400000e-04 3.517360e-01
490 6.477320e-01 4.720000e-04 3.517960e-01
491 6.476560e-01 4.880000e-04 3.518560e-01
492 6.475760e-01 4.720000e-04 3.519520e-01
493 6.475000e-01 4.440000e-04 3.520560e-01
494 6.474000e-01 4.720000e-04 3.521280e-01
495 6.473400e-01 4.440000e-04 3.522160e-01
496 6.472640e-01 4.480000e-04 3.522880e-01
497 6.471800e-01 4.360000e-04 3.523840e-01
498 6.470760e-01 4.200000e-04 3.525040e-01
499 6.469920e-01 4.240000e-04 3.525840e-01
500 6.469560e-01 3.800000e-04 3.526640e-01
