1 9.992880e-01 6.400000e-04 7.200000e-05
2 9.987600e-01 9.760000e-04 2.640000e-04
3 9.982080e-01 1.352000e-03 4.400000e-04
4 9.975440e-01 1.724000e-03 7.320000e-04
5 9.967840e-01 2.148000e-03 1.068000e-03
6 9.959960e-01 2.588000e-03 1.416000e-03
7 9.949800e-01 3.140000e-03 1.880000e-03
8 9.941280e-01 3.372000e-03 2.500000e-03
9 9.931720e-01 3.692000e-03 3.136000e-03
10 9.920560e-01 4.044000e-03 3.900000e-03
11 9.909080e-01 4.504000e-03 4.588000e-03
12 9.896160e-01 5.024000e-03 5.360000e-03
13 9.881960e-01 5.428000e-03 6.376000e-03
14 9.868920e-01 5.748000e-03 7.360000e-03
15 9.855160e-01 6.100000e-03 8.384000e-03
16 9.843360e-01 6.184000e-03 9.480000e-03
17 9.830360e-01 6.348000e-03 1.061600e-02
18 9.818360e-01 6.404000e-03 1.176000e-02
19 9.805360e-01 6.616000e-03 1.284800e-02
20 9.791000e-01 6.952000e-03 1.394800e-02
21 9.778160e-01 7.068000e-03 1.511600e-02
22 9.764240e-01 7.216000e-03 1.636000e-02
23 9.750600e-01 7.440000e-03 1.750000e-02
24 9.737600e-01 7.480000e-03 1.876000e-02
25 9.722040e-01 7.684000e-03 2.011200e-02
26 9.707520e-01 7.824000e-03 2.142400e-02
27 9.693280e-01 7.796000e-03 2.287600e-02
28 9.678320e-01 7.840000e-03 2.432800e-02
29 9.662400e-01 8.160000e-03 2.560000e-02
30 9.646320e-01 8.436000e-03 2.693200e-02
31 9.628680e-01 8.784000e-03 2.834800e-02
32 9.612520e-01 8.868000e-03 2.988000e-02
33 9.595360e-01 9.056000e-03 3.140800e-02
34 9.580000e-01 8.968000e-03 3.303200e-02
35 9.563600e-01 9.128000e-03 3.451200e-02
36 9.546440e-01 9.268000e-03 3.608800e-02
37 9.529840e-01 9.296000e-03 3.772000e-02
38 9.514000e-01 9.192000e-03 3.940800e-02
39 9.498280e-01 9.128000e-03 4.104400e-02
40 9.481200e-01 9.352000e-03 4.252800e-02
41 9.463840e-01 9.416000e-03 4.420000e-02
42 9.446480e-01 9.452000e-03 4.590000e-02
43 9.432040e-01 9.372000e-03 4.742400e-02
44 9.414080e-01 9.556000e-03 4.903600e-02
45 9.396080e-01 9.808000e-03 5.058400e-02
46 9.378080e-01 9.932000e-03 5.226000e-02
47 9.358720e-01 1.004800e-02 5.408000e-02
48 9.338960e-01 1.027600e-02 5.582800e-02
49 9.320520e-01 1.025600e-02 5.769200e-02
50 9.300080e-01 1.048400e-02 5.950800e-02
51 9.281920e-01 1.045600e-02 6.135200e-02
52 9.262880e-01 1.053600e-02 6.317600e-02
53 9.243520e-01 1.055600e-02 6.509200e-02
54 9.223760e-01 1.053200e-02 6.709200e-02
55 9.206560e-01 1.054800e-02 6.879600e-02
56 9.187720e-01 1.050800e-02 7.072000e-02
57 9.169200e-01 1.037200e-02 7.270800e-02
58 9.149840e-01 1.049200e-02 7.452400e-02
59 9.132520e-01 1.041200e-02 7.633600e-02
60 9.116000e-01 1.034800e-02 7.805200e-02
61 9.098720e-01 1.008000e-02 8.004800e-02
62 9.081600e-01 9.868000e-03 8.197200e-02
63 9.064520e-01 9.800000e-03 8.374800e-02
64 9.047640e-01 9.640000e-03 8.559600e-02
65 9.031080e-01 9.712000e-03 8.718000e-02
66 9.014200e-01 9.652000e-03 8.892800e-02
67 8.996240e-01 9.824000e-03 9.055200e-02
68 8.979440e-01 9.836000e-03 9.222000e-02
69 8.962200e-01 9.960000e-03 9.382000e-02
70 8.946760e-01 9.828000e-03 9.549600e-02
71 8.930840e-01 9.684000e-03 9.723200e-02
72 8.913680e-01 9.604000e-03 9.902800e-02
73 8.898760e-01 9.444000e-03 1.006800e-01
74 8.882560e-01 9.376000e-03 1.023680e-01
75 8.867480e-01 9.188000e-03 1.040640e-01
76 8.850920e-01 9.144000e-03 1.057640e-01
77 8.836800e-01 8.988000e-03 1.073320e-01
78 8.821760e-01 8.856000e-03 1.089680e-01
79 8.806400e-01 8.984000e-03 1.103760e-01
80 8.791160e-01 9.088000e-03 1.117960e-01
81 8.776480e-01 8.984000e-03 1.133680e-01
82 8.760920e-01 9.076000e-03 1.148320e-01
83 8.745240e-01 9.108000e-03 1.163680e-01
84 8.728360e-01 9.128000e-03 1.180360e-01
85 8.713120e-01 9.104000e-03 1.195840e-01
86 8.695680e-01 9.236000e-03 1.211960e-01
87 8.678160e-01 9.424000e-03 1.227600e-01
88 8.662840e-01 9.296000e-03 1.244200e-01
89 8.646440e-01 9.404000e-03 1.259520e-01
90 8.631560e-01 9.352000e-03 1.274920e-01
91 8.614800e-01 9.352000e-03 1.291680e-01
92 8.598600e-01 9.300000e-03 1.308400e-01
93 8.584000e-01 9.064000e-03 1.325360e-01
94 8.567720e-01 9.216000e-03 1.340120e-01
95 8.551760e-01 9.208000e-03 1.356160e-01
96 8.534960e-01 9.228000e-03 1.372760e-01
97 8.519840e-01 9.100000e-03 1.389160e-01
98 8.505240e-01 9.076000e-03 1.404000e-01
99 8.490680e-01 8.864000e-03 1.420680e-01
100 8.476080e-01 8.764000e-03 1.436280e-01
101 8.460640e-01 8.824000e-03 1.451120e-01
102 8.445800e-01 8.896000e-03 1.465240e-01
103 8.431640e-01 8.664000e-03 1.481720e-01
104 8.416240e-01 8.736000e-03 1.496400e-01
105 8.402400e-01 8.600000e-03 1.511600e-01
106 8.386920e-01 8.644000e-03 1.526640e-01
107 8.372840e-01 8.456000e-03 1.542600e-01
108 8.358720e-01 8.360000e-03 1.557680e-01
109 8.343840e-01 8.468000e-03 1.571480e-01
110 8.331920e-01 8.268000e-03 1.585400e-01
111 8.319000e-01 8.060000e-03 1.600400e-01
112 8.304840e-01 8.056000e-03 1.614600e-01
113 8.292800e-01 7.740000e-03 1.629800e-01
114 8.279720e-01 7.660000e-03 1.643680e-01
115 8.268080e-01 7.572000e-03 1.656200e-01
116 8.254240e-01 7.496000e-03 1.670800e-01
117 8.241720e-01 7.532000e-03 1.682960e-01
118 8.227720e-01 7.688000e-03 1.695400e-01
119 8.214600e-01 7.632000e-03 1.709080e-01
120 8.202280e-01 7.604000e-03 1.721680e-01
121 8.189400e-01 7.528000e-03 1.735320e-01
122 8.175200e-01 7.688000e-03 1.747920e-01
123 8.163480e-01 7.572000e-03 1.760800e-01
124 8.149600e-01 7.780000e-03 1.772600e-01
125 8.137280e-01 7.708000e-03 1.785640e-01
126 8.125120e-01 7.676000e-03 1.798120e-01
127 8.114960e-01 7.272000e-03 1.812320e-01
128 8.102840e-01 7.280000e-03 1.824360e-01
129 8.091440e-01 7.104000e-03 1.837520e-01
130 8.079120e-01 7.096000e-03 1.849920e-01
131 8.066960e-01 7.084000e-03 1.862200e-01
132 8.056080e-01 6.964000e-03 1.874280e-01
133 8.044960e-01 6.824000e-03 1.886800e-01
134 8.034880e-01 6.640000e-03 1.898720e-01
135 8.023800e-01 6.624000e-03 1.909960e-01
136 8.013160e-01 6.428000e-03 1.922560e-01
137 8.003040e-01 6.372000e-03 1.933240e-01
138 7.992760e-01 6.260000e-03 1.944640e-01
139 7.981440e-01 6.296000e-03 1.955600e-01
140 7.970640e-01 6.304000e-03 1.966320e-01
141 7.960400e-01 6.300000e-03 1.976600e-01
142 7.948000e-01 6.376000e-03 1.988240e-01
143 7.934800e-01 6.540000e-03 1.999800e-01
144 7.923120e-01 6.668000e-03 2.010200e-01
145 7.910400e-01 6.824000e-03 2.021360e-01
146 7.897280e-01 6.936000e-03 2.033360e-01
147 7.886120e-01 6.848000e-03 2.045400e-01
148 7.874560e-01 6.764000e-03 2.057800e-01
149 7.862120e-01 6.812000e-03 2.069760e-01
150 7.851520e-01 6.644000e-03 2.082040e-01
151 7.839840e-01 6.820000e-03 2.091960e-01
152 7.827000e-01 6.840000e-03 2.104600e-01
153 7.814440e-01 6.892000e-03 2.116640e-01
154 7.803200e-01 6.692000e-03 2.129880e-01
155 7.789760e-01 6.904000e-03 2.141200e-01
156 7.779080e-01 6.776000e-03 2.153160e-01
157 7.767160e-01 6.780000e-03 2.165040e-01
158 7.754560e-01 6.824000e-03 2.177200e-01
159 7.742520e-01 6.764000e-03 2.189840e-01
160 7.731480e-01 6.780000e-03 2.200720e-01
161 7.720600e-01 6.668000e-03 2.212720e-01
162 7.710120e-01 6.540000e-03 2.224480e-01
163 7.699640e-01 6.420000e-03 2.236160e-01
164 7.689120e-01 6.304000e-03 2.247840e-01
165 7.677880e-01 6.268000e-03 2.259440e-01
166 7.666480e-01 6.180000e-03 2.271720e-01
167 7.655280e-01 6.092000e-03 2.283800e-01
168 7.645600e-01 6.080000e-03 2.293600e-01
169 7.634960e-01 6.064000e-03 2.304400e-01
170 7.624960e-01 5.920000e-03 2.315840e-01
171 7.614920e-01 5.864000e-03 2.326440e-01
172 7.605000e-01 5.804000e-03 2.336960e-01
173 7.594680e-01 5.788000e-03 2.347440e-01
174 7.585360e-01 5.676000e-03 2.357880e-01
175 7.575720e-01 5.604000e-03 2.368240e-01
176 7.565920e-01 5.584000e-03 2.378240e-01
177 7.555960e-01 5.636000e-03 2.387680e-01
178 7.547800e-01 5.532000e-03 2.396880e-01
179 7.538840e-01 5.528000e-03 2.405880e-01
180 7.529920e-01 5.520000e-03 2.414880e-01
181 7.520520e-01 5.484000e-03 2.424640e-01
182 7.512480e-01 5.392000e-03 2.433600e-01
183 7.503960e-01 5.256000e-03 2.443480e-01
184 7.496080e-01 5.144000e-03 2.452480e-01
185 7.487960e-01 5.052000e-03 2.461520e-01
186 7.479920e-01 4.980000e-03 2.470280e-01
187 7.471760e-01 4.860000e-03 2.479640e-01
188 7.463600e-01 4.876000e-03 2.487640e-01
189 7.455160e-01 4.920000e-03 2.495640e-01
190 7.446640e-01 4.964000e-03 2.503720e-01
191 7.439120e-01 4.840000e-03 2.512480e-01
192 7.430200e-01 4.920000e-03 2.520600e-01
193 7.422160e-01 4.940000e-03 2.528440e-01
194 7.414120e-01 4.900000e-03 2.536880e-01
195 7.405280e-01 4.920000e-03 2.545520e-01
196 7.396000e-01 4.952000e-03 2.554480e-01
197 7.386880e-01 4.976000e-03 2.563360e-01
198 7.377120e-01 5.112000e-03 2.571760e-01
199 7.367120e-01 5.240000e-03 2.580480e-01
200 7.356720e-01 5.312000e-03 2.590160e-01
201 7.348160e-01 5.260000e-03 2.599240e-01
202 7.338600e-01 5.344000e-03 2.607960e-01
203 7.330280e-01 5.156000e-03 2.618160e-01
204 7.322520e-01 5.004000e-03 2.627440e-01
205 7.314480e-01 4.900000e-03 2.636520e-01
206 7.305480e-01 4.992000e-03 2.644600e-01
207 7.296400e-01 4.996000e-03 2.653640e-01
208 7.289000e-01 4.920000e-03 2.661800e-01
209 7.280480e-01 4.920000e-03 2.670320e-01
210 7.272480e-01 4.804000e-03 2.679480e-01
211 7.264240e-01 4.796000e-03 2.687800e-01
212 7.256520e-01 4.728000e-03 2.696200e-01
213 7.247800e-01 4.712000e-03 2.705080e-01
214 7.239560e-01 4.668000e-03 2.713760e-01
215 7.233240e-01 4.416000e-03 2.722600e-01
216 7.226320e-01 4.376000e-03 2.729920e-01
217 7.219280e-01 4.364000e-03 2.737080e-01
218 7.211720e-01 4.296000e-03 2.745320e-01
219 7.205440e-01 4.152000e-03 2.753040e-01
220 7.197840e-01 4.124000e-03 2.760920e-01
221 7.190960e-01 4.104000e-03 2.768000e-01
222 7.184320e-01 4.016000e-03 2.775520e-01
223 7.178320e-01 3.920000e-03 2.782480e-01
224 7.171360e-01 3.932000e-03 2.789320e-01
225 7.165160e-01 3.800000e-03 2.796840e-01
226 7.159160e-01 3.772000e-03 2.803120e-01
227 7.152560e-01 3.768000e-03 2.809760e-01
228 7.145200e-01 3.876000e-03 2.816040e-01
229 7.137600e-01 3.972000e-03 2.822680e-01
230 7.131520e-01 3.900000e-03 2.829480e-01
231 7.126760e-01 3.720000e-03 2.836040e-01
232 7.121920e-01 3.496000e-03 2.843120e-01
233 7.115120e-01 3.568000e-03 2.849200e-01
234 7.108960e-01 3.620000e-03 2.854840e-01
235 7.102040e-01 3.760000e-03 2.860360e-01
236 7.094720e-01 3.892000e-03 2.866360e-01
237 7.088560e-01 3.860000e-03 2.872840e-01
238 7.080440e-01 3.984000e-03 2.879720e-01
239 7.073080e-01 4.064000e-03 2.886280e-01
240 7.065840e-01 4.036000e-03 2.893800e-01
241 7.058600e-01 4.064000e-03 2.900760e-01
242 7.050800e-01 4.136000e-03 2.907840e-01
243 7.042720e-01 4.232000e-03 2.914960e-01
244 7.035920e-01 4.156000e-03 2.922520e-01
245 7.028080e-01 4.228000e-03 2.929640e-01
246 7.020680e-01 4.196000e-03 2.937360e-01
247 7.013320e-01 4.212000e-03 2.944560e-01
248 7.006560e-01 4.204000e-03 2.951400e-01
249 6.998280e-01 4.300000e-03 2.958720e-01
250 6.990800e-01 4.356000e-03 2.965640e-01
251 6.984320e-01 4.232000e-03 2.973360e-01
252 6.976760e-01 4.236000e-03 2.980880e-01
253 6.970280e-01 4.212000e-03 2.987600e-01
254 6.963520e-01 4.228000e-03 2.994200e-01
255 6.957200e-01 4.040000e-03 3.002400e-01
256 6.951080e-01 3.920000e-03 3.009720e-01
257 6.944800e-01 3.880000e-03 3.016400e-01
258 6.938640e-01 3.840000e-03 3.022960e-01
259 6.930760e-01 4.020000e-03 3.029040e-01
260 6.923720e-01 4.100000e-03 3.035280e-01
261 6.917440e-01 4.072000e-03 3.041840e-01
262 6.909760e-01 4.140000e-03 3.048840e-01
263 6.903200e-01 4.092000e-03 3.055880e-01
264 6.895280e-01 4.180000e-03 3.062920e-01
265 6.886720e-01 4.368000e-03 3.069600e-01
266 6.879240e-01 4.344000e-03 3.077320e-01
267 6.871160e-01 4.476000e-03 3.084080e-01
268 6.862920e-01 4.560000e-03 3.091480e-01
269 6.856800e-01 4.348000e-03 3.099720e-01
270 6.850120e-01 4.332000e-03 3.106560e-01
271 6.843360e-01 4.256000e-03 3.114080e-01
272 6.836280e-01 4.204000e-03 3.121680e-01
273 6.829360e-01 4.096000e-03 3.129680e-01
274 6.822640e-01 3.996000e-03 3.137400e-01
275 6.815400e-01 4.140000e-03 3.143200e-01
276 6.807400e-01 4.172000e-03 3.150880e-01
277 6.800880e-01 4.124000e-03 3.157880e-01
278 6.795240e-01 3.956000e-03 3.165200e-01
279 6.789680e-01 3.852000e-03 3.171800e-01
280 6.783880e-01 3.752000e-03 3.178600e-01
281 6.778160e-01 3.640000e-03 3.185440e-01
282 6.771760e-01 3.668000e-03 3.191560e-01
283 6.765640e-01 3.604000e-03 3.198320e-01
284 6.759880e-01 3.612000e-03 3.204000e-01
285 6.753600e-01 3.688000e-03 3.209520e-01
286 6.748280e-01 3.488000e-03 3.216840e-01
287 6.742640e-01 3.484000e-03 3.222520e-01
288 6.738600e-01 3.316000e-03 3.228240e-01
289 6.733960e-01 3.204000e-03 3.234000e-01
290 6.728520e-01 3.192000e-03 3.239560e-01
291 6.723080e-01 3.192000e-03 3.245000e-01
292 6.718880e-01 3.112000e-03 3.250000e-01
293 6.713360e-01 3.164000e-03 3.255000e-01
294 6.709000e-01 2.928000e-03 3.261720e-01
295 6.703840e-01 2.900000e-03 3.267160e-01
296 6.699440e-01 2.820000e-03 3.272360e-01
297 6.695800e-01 2.688000e-03 3.277320e-01
298 6.691800e-01 2.644000e-03 3.281760e-01
299 6.687640e-01 2.588000e-03 3.286480e-01
300 6.684160e-01 2.452000e-03 3.291320e-01
301 6.679720e-01 2.484000e-03 3.295440e-01
302 6.675840e-01 2.440000e-03 3.299760e-01
303 6.672360e-01 2.344000e-03 3.304200e-01
304 6.668560e-01 2.296000e-03 3.308480e-01
305 6.665000e-01 2.300000e-03 3.312000e-01
306 6.661800e-01 2.180000e-03 3.316400e-01
307 6.658800e-01 2.140000e-03 3.319800e-01
308 6.655360e-01 2.108000e-03 3.323560e-01
309 6.651520e-01 2.096000e-03 3.327520e-01
310 6.647960e-01 2.076000e-03 3.331280e-01
311 6.643360e-01 2.164000e-03 3.335000e-01
312 6.638920e-01 2.276000e-03 3.338320e-01
313 6.634760e-01 2.296000e-03 3.342280e-01
314 6.630120e-01 2.428000e-03 3.345600e-01
315 6.626120e-01 2.376000e-03 3.350120e-01
316 6.622360e-01 2.384000e-03 3.353800e-01
317 6.617800e-01 2.452000e-03 3.357680e-01
318 6.613720e-01 2.384000e-03 3.362440e-01
319 6.609520e-01 2.376000e-03 3.366720e-01
320 6.606280e-01 2.300000e-03 3.370720e-01
321 6.602560e-01 2.284000e-03 3.374600e-01
322 6.598640e-01 2.288000e-03 3.378480e-01
323 6.595760e-01 2.204000e-03 3.382200e-01
324 6.592760e-01 2.232000e-03 3.384920e-01
325 6.589200e-01 2.188000e-03 3.388920e-01
326 6.586600e-01 2.056000e-03 3.392840e-01
327 6.583080e-01 2.040000e-03 3.396520e-01
328 6.579440e-01 2.000000e-03 3.400560e-01
329 6.576040e-01 2.012000e-03 3.403840e-01
330 6.571520e-01 2.092000e-03 3.407560e-01
331 6.567200e-01 2.116000e-03 3.411640e-01
332 6.563720e-01 2.072000e-03 3.415560e-01
333 6.560720e-01 2.000000e-03 3.419280e-01
334 6.557720e-01 2.008000e-03 3.422200e-01
335 6.555000e-01 1.924000e-03 3.425760e-01
336 6.551600e-01 1.888000e-03 3.429520e-01
337 6.547880e-01 1.936000e-03 3.432760e-01
338 6.544680e-01 1.896000e-03 3.436360e-01
339 6.542120e-01 1.856000e-03 3.439320e-01
340 6.539040e-01 1.864000e-03 3.442320e-01
341 6.535720e-01 1.812000e-03 3.446160e-01
342 6.532280e-01 1.876000e-03 3.448960e-01
343 6.529200e-01 1.856000e-03 3.452240e-01
344 6.526800e-01 1.780000e-03 3.455400e-01
345 6.523960e-01 1.736000e-03 3.458680e-01
346 6.521080e-01 1.728000e-03 3.461640e-01
347 6.518360e-01 1.684000e-03 3.464800e-01
348 6.514920e-01 1.776000e-03 3.467320e-01
349 6.511800e-01 1.764000e-03 3.470560e-01
350 6.509120e-01 1.732000e-03 3.473560e-01
351 6.506000e-01 1.764000e-03 3.476360e-01
352 6.503680e-01 1.684000e-03 3.479480e-01
353 6.500760e-01 1.680000e-03 3.482440e-01
354 6.498320e-01 1.616000e-03 3.485520e-01
355 6.496200e-01 1.540000e-03 3.488400e-01
356 6.493920e-01 1.500000e-03 3.491080e-01
357 6.491080e-01 1.512000e-03 3.493800e-01
358 6.487920e-01 1.556000e-03 3.496520e-01
359 6.485280e-01 1.576000e-03 3.498960e-01
360 6.482800e-01 1.528000e-03 3.501920e-01
361 6.480800e-01 1.436000e-03 3.504840e-01
362 6.478840e-01 1.384000e-03 3.507320e-01
363 6.476640e-01 1.332000e-03 3.510040e-01
364 6.474840e-01 1.340000e-03 3.511760e-01
365 6.471200e-01 1.456000e-03 3.514240e-01
366 6.467920e-01 1.576000e-03 3.516320e-01
367 6.464920e-01 1.540000e-03 3.519680e-01
368 6.462040e-01 1.488000e-03 3.523080e-01
369 6.458360e-01 1.624000e-03 3.525400e-01
370 6.455160e-01 1.672000e-03 3.528120e-01
371 6.452440e-01 1.688000e-03 3.530680e-01
372 6.449520e-01 1.652000e-03 3.533960e-01
373 6.447160e-01 1.636000e-03 3.536480e-01
374 6.444640e-01 1.656000e-03 3.538800e-01
375 6.442200e-01 1.644000e-03 3.541360e-01
376 6.440040e-01 1.552000e-03 3.544440e-01
377 6.437520e-01 1.520000e-03 3.547280e-01
378 6.435720e-01 1.436000e-03 3.549920e-01
379 6.433280e-01 1.400000e-03 3.552720e-01
380 6.431160e-01 1.372000e-03 3.555120e-01
381 6.428760e-01 1.364000e-03 3.557600e-01
382 6.426280e-01 1.396000e-03 3.559760e-01
383 6.424360e-01 1.300000e-03 3.562640e-01
384 6.422040e-01 1.320000e-03 3.564760e-01
385 6.419640e-01 1.352000e-03 3.566840e-01
386 6.417000e-01 1.388000e-03 3.569120e-01
387 6.414560e-01 1.380000e-03 3.571640e-01
388 6.411920e-01 1.436000e-03 3.573720e-01
389 6.409920e-01 1.444000e-03 3.575640e-01
390 6.407600e-01 1.480000e-03 3.577600e-01
391 6.406080e-01 1.396000e-03 3.579960e-01
392 6.404760e-01 1.252000e-03 3.582720e-01
393 6.402520e-01 1.264000e-03 3.584840e-01
394 6.400800e-01 1.236000e-03 3.586840e-01
395 6.399160e-01 1.192000e-03 3.588920e-01
396 6.397480e-01 1.164000e-03 3.590880e-01
397 6.395120e-01 1.196000e-03 3.592920e-01
398 6.393120e-01 1.184000e-03 3.595040e-01
399 6.391120e-01 1.204000e-03 3.596840e-01
400 6.389200e-01 1.180000e-03 3.599000e-01
401 6.387040e-01 1.224000e-03 3.600720e-01
402 6.384800e-01 1.228000e-03 3.602920e-01
403 6.382120e-01 1.312000e-03 3.604760e-01
404 6.379600e-01 1.272000e-03 3.607680e-01
405 6.377560e-01 1.300000e-03 3.609440e-01
406 6.375600e-01 1.220000e-03 3.612200e-01
407 6.373760e-01 1.184000e-03 3.614400e-01
408 6.371960e-01 1.140000e-03 3.616640e-01
409 6.370760e-01 1.044000e-03 3.618800e-01
410 6.369520e-01 1.020000e-03 3.620280e-01
411 6.368440e-01 9.760000e-04 3.621800e-01
412 6.366920e-01 9.640000e-04 3.623440e-01
413 6.365280e-01 9.760000e-04 3.624960e-01
414 6.363760e-01 9.520000e-04 3.626720e-01
415 6.361920e-01 9.640000e-04 3.628440e-01
416 6.360080e-01 1.036000e-03 3.629560e-01
417 6.358200e-01 1.024000e-03 3.631560e-01
418 6.356640e-01 9.600000e-04 3.633760e-01
419 6.355000e-01 9.600000e-04 3.635400e-01
420 6.353480e-01 9.120000e-04 3.637400e-01
421 6.351720e-01 9.120000e-04 3.639160e-01
422 6.350040e-01 9.000000e-04 3.640960e-01
423 6.348920e-01 8.680000e-04 3.642400e-01
424 6.347600e-01 8.560000e-04 3.643840e-01
425 6.346000e-01 8.680000e-04 3.645320e-01
426 6.344240e-01 9.000000e-04 3.646760e-01
427 6.342600e-01 8.960000e-04 3.648440e-01
428 6.341200e-01 8.760000e-04 3.650040e-01
429 6.339760e-01 9.080000e-04 3.651160e-01
430 6.338520e-01 8.200000e-04 3.653280e-01
431 6.337440e-01 7.760000e-04 3.654800e-01
432 6.336200e-01 7.720000e-04 3.656080e-01
433 6.335280e-01 7.360000e-04 3.657360e-01
434 6.333880e-01 7.520000e-04 3.658600e-01
435 6.332920e-01 7.360000e-04 3.659720e-01
436 6.332360e-01 6.840000e-04 3.660800e-01
437 6.331640e-01 5.920000e-04 3.662440e-01
438 6.331040e-01 5.720000e-04 3.663240e-01
439 6.330120e-01 6.000000e-04 3.663880e-01
440 6.329520e-01 5.600000e-04 3.664880e-01
441 6.328760e-01 5.280000e-04 3.665960e-01
442 6.328240e-01 4.760000e-04 3.667000e-01
443 6.327480e-01 4.640000e-04 3.667880e-01
444 6.326800e-01 4.440000e-04 3.668760e-01
445 6.325920e-01 4.440000e-04 3.669640e-01
446 6.324920e-01 4.800000e-04 3.670280e-01
447 6.323760e-01 5.120000e-04 3.671120e-01
448 6.323080e-01 4.680000e-04 3.672240e-01
449 6.322440e-01 4.520000e-04 3.673040e-01
450 6.322000e-01 4.360000e-04 3.673640e-01
451 6.321160e-01 4.600000e-04 3.674240e-01
452 6.320560e-01 4.440000e-04 3.675000e-01
453 6.319840e-01 4.400000e-04 3.675760e-01
454 6.319240e-01 4.160000e-04 3.676600e-01
455 6.318600e-01 4.120000e-04 3.677280e-01
456 6.318200e-01 3.840000e-04 3.677960e-01
457 6.317760e-01 3.520000e-04 3.678720e-01
458 6.317120e-01 3.480000e-04 3.679400e-01
459 6.316520e-01 3.440000e-04 3.680040e-01
460 6.316040e-01 3.480000e-04 3.680480e-01
461 6.315280e-01 3.600000e-04 3.681120e-01
462 6.314560e-01 3.560000e-04 3.681880e-01
463 6.313880e-01 3.400000e-04 3.682720e-01
464 6.313040e-01 3.400000e-04 3.683560e-01
465 6.312400e-01 3.280000e-04 3.684320e-01
466 6.312000e-01 2.880000e-04 3.685120e-01
467 6.310800e-01 3.520000e-04 3.685680e-01
468 6.309880e-01 3.720000e-04 3.686400e-01
469 6.308840e-01 3.960000e-04 3.687200e-01
470 6.307920e-01 4.280000e-04 3.687800e-01
471 6.307080e-01 4.080000e-04 3.688840e-01
472 6.306400e-01 4.000000e-04 3.689600e-01
473 6.305920e-01 4.120000e-04 3.689960e-01
474 6.305480e-01 4.000000e-04 3.690520e-01
475 6.304800e-01 4.040000e-04 3.691160e-01
476 6.303960e-01 4.440000e-04 3.691600e-01
477 6.303600e-01 4.120000e-04 3.692280e-01
478 6.302600e-01 4.360000e-04 3.693040e-01
479 6.301720e-01 4.360000e-04 3.693920e-01
480 6.300920e-01 4.480000e-04 3.694600e-01
481 6.300320e-01 4.480000e-04 3.695200e-01
482 6.299840e-01 4.080000e-04 3.696080e-01
483 6.299280e-01 4.080000e-04 3.696640e-01
484 6.298880e-01 3.800000e-04 3.697320e-01
485 6.298080e-01 3.920000e-04 3.698000e-01
486 6.297520e-01 3.720000e-04 3.698760e-01
487 6.296640e-01 4.200000e-04 3.699160e-01
488 6.296320e-01 3.880000e-04 3.699800e-01
489 6.295800e-01 3.440000e-04 3.700760e-01
490 6.294960e-01 3.720000e-04 3.701320e-01
491 6.294320e-01 3.640000e-04 3.702040e-01
492 6.293800e-01 3.720000e-04 3.702480e-01
493 6.293080e-01 3.840000e-04 3.703080e-01
494 6.292280e-01 4.080000e-04 3.703640e-01
495 6.291800e-01 3.800000e-04 3.704400e-01
496 6.291120e-01 3.880000e-04 3.705000e-01
497 6.290760e-01 3.480000e-04 3.705760e-01
498 6.290040e-01 3.600000e-04 3.706360e-01
499 6.289440e-01 3.560000e-04 3.707000e-01
500 6.288840e-01 3.400000e-04 3.707760e-01
