1 9.992120e-01 7.080000e-04 8.000000e-05
2 9.986600e-01 1.092000e-03 2.480000e-04
3 9.980320e-01 1.448000e-03 5.200000e-04
4 9.973760e-01 1.824000e-03 8.000000e-04
5 9.966000e-01 2.228000e-03 1.172000e-03
6 9.957760e-01 2.632000e-03 1.592000e-03
7 9.948240e-01 3.100000e-03 2.076000e-03
8 9.938120e-01 3.528000e-03 2.660000e-03
9 9.925720e-01 4.168000e-03 3.260000e-03
10 9.912880e-01 4.668000e-03 4.044000e-03
11 9.900840e-01 5.012000e-03 4.904000e-03
12 9.888920e-01 5.328000e-03 5.780000e-03
13 9.876640e-01 5.596000e-03 6.740000e-03
14 9.864480e-01 5.768000e-03 7.784000e-03
15 9.851440e-01 6.016000e-03 8.840000e-03
16 9.839200e-01 6.092000e-03 9.988000e-03
17 9.826440e-01 6.240000e-03 1.111600e-02
18 9.813880e-01 6.464000e-03 1.214800e-02
19 9.800840e-01 6.604000e-03 1.331200e-02
20 9.786200e-01 6.944000e-03 1.443600e-02
21 9.770920e-01 7.292000e-03 1.561600e-02
22 9.756600e-01 7.528000e-03 1.681200e-02
23 9.743200e-01 7.600000e-03 1.808000e-02
24 9.729960e-01 7.624000e-03 1.938000e-02
25 9.716480e-01 7.564000e-03 2.078800e-02
26 9.703600e-01 7.508000e-03 2.213200e-02
27 9.688040e-01 7.644000e-03 2.355200e-02
28 9.672160e-01 7.948000e-03 2.483600e-02
29 9.656400e-01 8.128000e-03 2.623200e-02
30 9.641000e-01 8.256000e-03 2.764400e-02
31 9.626120e-01 8.272000e-03 2.911600e-02
32 9.612560e-01 8.204000e-03 3.054000e-02
33 9.598480e-01 8.340000e-03 3.181200e-02
34 9.583880e-01 8.268000e-03 3.334400e-02
35 9.568320e-01 8.420000e-03 3.474800e-02
36 9.552320e-01 8.452000e-03 3.631600e-02
37 9.535920e-01 8.560000e-03 3.784800e-02
38 9.521120e-01 8.564000e-03 3.932400e-02
39 9.506240e-01 8.504000e-03 4.087200e-02
40 9.491200e-01 8.564000e-03 4.231600e-02
41 9.474880e-01 8.748000e-03 4.376400e-02
42 9.458440e-01 8.740000e-03 4.541600e-02
43 9.443080e-01 8.696000e-03 4.699600e-02
44 9.427640e-01 8.700000e-03 4.853600e-02
45 9.412520e-01 8.692000e-03 5.005600e-02
46 9.394920e-01 8.880000e-03 5.162800e-02
47 9.378760e-01 8.884000e-03 5.324000e-02
48 9.362360e-01 8.972000e-03 5.479200e-02
49 9.346720e-01 8.976000e-03 5.635200e-02
50 9.330480e-01 8.988000e-03 5.796400e-02
51 9.315360e-01 8.920000e-03 5.954400e-02
52 9.300720e-01 8.888000e-03 6.104000e-02
53 9.286160e-01 8.632000e-03 6.275200e-02
54 9.270400e-01 8.620000e-03 6.434000e-02
55 9.254800e-01 8.764000e-03 6.575600e-02
56 9.237640e-01 8.928000e-03 6.730800e-02
57 9.223560e-01 8.768000e-03 6.887600e-02
58 9.207480e-01 8.820000e-03 7.043200e-02
59 9.191760e-01 8.828000e-03 7.199600e-02
60 9.176240e-01 8.824000e-03 7.355200e-02
61 9.158280e-01 9.044000e-03 7.512800e-02
62 9.141400e-01 9.056000e-03 7.680400e-02
63 9.125800e-01 9.016000e-03 7.840400e-02
64 9.109480e-01 9.132000e-03 7.992000e-02
65 9.094560e-01 9.112000e-03 8.143200e-02
66 9.078880e-01 9.052000e-03 8.306000e-02
67 9.063480e-01 9.096000e-03 8.455600e-02
68 9.047480e-01 9.128000e-03 8.612400e-02
69 9.031080e-01 9.072000e-03 8.782000e-02
70 9.013960e-01 9.112000e-03 8.949200e-02
71 8.998040e-01 9.220000e-03 9.097600e-02
72 8.981560e-01 9.184000e-03 9.266000e-02
73 8.967280e-01 8.860000e-03 9.441200e-02
74 8.952360e-01 8.748000e-03 9.601600e-02
75 8.937760e-01 8.476000e-03 9.774800e-02
76 8.923760e-01 8.296000e-03 9.932800e-02
77 8.909640e-01 8.124000e-03 1.009120e-01
78 8.896440e-01 7.972000e-03 1.023840e-01
79 8.883400e-01 7.936000e-03 1.037240e-01
80 8.872000e-01 7.812000e-03 1.049880e-01
81 8.857760e-01 7.984000e-03 1.062400e-01
82 8.844160e-01 7.944000e-03 1.076400e-01
83 8.832040e-01 7.652000e-03 1.091440e-01
84 8.819600e-01 7.540000e-03 1.105000e-01
85 8.808440e-01 7.384000e-03 1.117720e-01
86 8.797160e-01 7.248000e-03 1.130360e-01
87 8.784240e-01 7.312000e-03 1.142640e-01
88 8.771040e-01 7.216000e-03 1.156800e-01
89 8.759960e-01 7.080000e-03 1.169240e-01
90 8.748160e-01 7.028000e-03 1.181560e-01
91 8.736240e-01 6.956000e-03 1.194200e-01
92 8.725120e-01 6.860000e-03 1.206280e-01
93 8.714400e-01 6.652000e-03 1.219080e-01
94 8.704480e-01 6.352000e-03 1.232000e-01
95 8.693400e-01 6.308000e-03 1.243520e-01
96 8.682320e-01 6.332000e-03 1.254360e-01
97 8.672920e-01 6.192000e-03 1.265160e-01
98 8.662440e-01 6.228000e-03 1.275280e-01
99 8.653160e-01 6.004000e-03 1.286800e-01
100 8.643320e-01 5.936000e-03 1.297320e-01
101 8.633240e-01 5.896000e-03 1.307800e-01
102 8.623120e-01 5.872000e-03 1.318160e-01
103 8.612160e-01 5.824000e-03 1.329600e-01
104 8.601160e-01 5.968000e-03 1.339160e-01
105 8.590720e-01 5.924000e-03 1.350040e-01
106 8.580000e-01 5.912000e-03 1.360880e-01
107 8.568000e-01 6.124000e-03 1.370760e-01
108 8.558280e-01 6.068000e-03 1.381040e-01
109 8.548680e-01 6.052000e-03 1.390800e-01
110 8.537240e-01 6.188000e-03 1.400880e-01
111 8.525760e-01 6.260000e-03 1.411640e-01
112 8.515080e-01 6.268000e-03 1.422240e-01
113 8.504120e-01 6.304000e-03 1.432840e-01
114 8.492880e-01 6.360000e-03 1.443520e-01
115 8.482960e-01 6.156000e-03 1.455480e-01
116 8.473000e-01 5.988000e-03 1.467120e-01
117 8.463840e-01 5.756000e-03 1.478600e-01
118 8.454000e-01 5.812000e-03 1.487880e-01
119 8.444840e-01 5.736000e-03 1.497800e-01
120 8.434720e-01 5.636000e-03 1.508920e-01
121 8.425280e-01 5.556000e-03 1.519160e-01
122 8.416040e-01 5.548000e-03 1.528480e-01
123 8.405400e-01 5.644000e-03 1.538160e-01
124 8.396640e-01 5.432000e-03 1.549040e-01
125 8.388640e-01 5.200000e-03 1.559360e-01
126 8.379360e-01 5.244000e-03 1.568200e-01
127 8.370640e-01 5.288000e-03 1.576480e-01
128 8.361280e-01 5.308000e-03 1.585640e-01
129 8.351480e-01 5.376000e-03 1.594760e-01
130 8.342320e-01 5.260000e-03 1.605080e-01
131 8.333680e-01 5.276000e-03 1.613560e-01
132 8.323400e-01 5.292000e-03 1.623680e-01
133 8.314240e-01 5.224000e-03 1.633520e-01
134 8.304680e-01 5.276000e-03 1.642560e-01
135 8.295400e-01 5.328000e-03 1.651320e-01
136 8.286320e-01 5.420000e-03 1.659480e-01
137 8.276800e-01 5.444000e-03 1.668760e-01
138 8.266600e-01 5.520000e-03 1.678200e-01
139 8.257400e-01 5.508000e-03 1.687520e-01
140 8.247440e-01 5.636000e-03 1.696200e-01
141 8.238800e-01 5.552000e-03 1.705680e-01
142 8.230440e-01 5.436000e-03 1.715200e-01
143 8.221440e-01 5.460000e-03 1.723960e-01
144 8.212440e-01 5.464000e-03 1.732920e-01
145 8.203800e-01 5.324000e-03 1.742960e-01
146 8.195400e-01 5.316000e-03 1.751440e-01
147 8.187160e-01 5.200000e-03 1.760840e-01
148 8.178640e-01 5.072000e-03 1.770640e-01
149 8.169800e-01 5.004000e-03 1.780160e-01
150 8.161320e-01 4.928000e-03 1.789400e-01
151 8.152240e-01 4.916000e-03 1.798600e-01
152 8.143920e-01 4.916000e-03 1.806920e-01
153 8.135280e-01 4.940000e-03 1.815320e-01
154 8.126400e-01 5.000000e-03 1.823600e-01
155 8.117000e-01 5.032000e-03 1.832680e-01
156 8.106960e-01 5.132000e-03 1.841720e-01
157 8.098040e-01 5.092000e-03 1.851040e-01
158 8.089480e-01 5.064000e-03 1.859880e-01
159 8.081080e-01 5.100000e-03 1.867920e-01
160 8.072000e-01 5.036000e-03 1.877640e-01
161 8.062000e-01 5.148000e-03 1.886520e-01
162 8.053080e-01 5.212000e-03 1.894800e-01
163 8.044360e-01 5.272000e-03 1.902920e-01
164 8.036240e-01 5.092000e-03 1.912840e-01
165 8.028280e-01 4.964000e-03 1.922080e-01
166 8.019680e-01 4.996000e-03 1.930360e-01
167 8.011040e-01 4.960000e-03 1.939360e-01
168 8.001840e-01 4.908000e-03 1.949080e-01
169 7.992280e-01 4.956000e-03 1.958160e-01
170 7.983560e-01 4.924000e-03 1.967200e-01
171 7.974960e-01 4.916000e-03 1.975880e-01
172 7.965920e-01 4.964000e-03 1.984440e-01
173 7.958240e-01 4.888000e-03 1.992880e-01
174 7.950040e-01 4.852000e-03 2.001440e-01
175 7.942040e-01 4.756000e-03 2.010400e-01
176 7.933120e-01 4.728000e-03 2.019600e-01
177 7.924960e-01 4.636000e-03 2.028680e-01
178 7.916320e-01 4.684000e-03 2.036840e-01
179 7.908480e-01 4.636000e-03 2.045160e-01
180 7.901720e-01 4.400000e-03 2.054280e-01
181 7.895160e-01 4.292000e-03 2.061920e-01
182 7.887160e-01 4.360000e-03 2.069240e-01
183 7.879640e-01 4.368000e-03 2.076680e-01
184 7.871040e-01 4.480000e-03 2.084160e-01
185 7.863240e-01 4.488000e-03 2.091880e-01
186 7.855040e-01 4.540000e-03 2.099560e-01
187 7.847160e-01 4.516000e-03 2.107680e-01
188 7.839600e-01 4.496000e-03 2.115440e-01
189 7.832720e-01 4.464000e-03 2.122640e-01
190 7.824400e-01 4.528000e-03 2.130320e-01
191 7.815720e-01 4.628000e-03 2.138000e-01
192 7.807360e-01 4.756000e-03 2.145080e-01
193 7.798240e-01 4.800000e-03 2.153760e-01
194 7.790280e-01 4.664000e-03 2.163080e-01
195 7.781960e-01 4.648000e-03 2.171560e-01
196 7.774000e-01 4.700000e-03 2.179000e-01
197 7.765160e-01 4.752000e-03 2.187320e-01
198 7.755400e-01 4.876000e-03 2.195840e-01
199 7.746360e-01 4.940000e-03 2.204240e-01
200 7.736360e-01 5.036000e-03 2.213280e-01
201 7.726360e-01 5.088000e-03 2.222760e-01
202 7.717640e-01 5.040000e-03 2.231960e-01
203 7.709360e-01 4.976000e-03 2.240880e-01
204 7.701520e-01 4.824000e-03 2.250240e-01
205 7.693360e-01 4.764000e-03 2.259000e-01
206 7.684520e-01 4.816000e-03 2.267320e-01
207 7.675360e-01 4.896000e-03 2.275680e-01
208 7.665960e-01 4.920000e-03 2.284840e-01
209 7.656800e-01 5.016000e-03 2.293040e-01
210 7.647200e-01 5.108000e-03 2.301720e-01
211 7.639320e-01 5.044000e-03 2.310240e-01
212 7.629720e-01 5.200000e-03 2.318280e-01
213 7.619520e-01 5.316000e-03 2.327320e-01
214 7.610200e-01 5.356000e-03 2.336240e-01
215 7.600640e-01 5.408000e-03 2.345280e-01
216 7.591800e-01 5.340000e-03 2.354800e-01
217 7.582800e-01 5.388000e-03 2.363320e-01
218 7.573280e-01 5.360000e-03 2.373120e-01
219 7.563840e-01 5.504000e-03 2.381120e-01
220 7.553000e-01 5.640000e-03 2.390600e-01
221 7.544000e-01 5.540000e-03 2.400600e-01
222 7.534240e-01 5.492000e-03 2.410840e-01
223 7.524640e-01 5.408000e-03 2.421280e-01
224 7.515920e-01 5.408000e-03 2.430000e-01
225 7.507920e-01 5.256000e-03 2.439520e-01
226 7.499920e-01 5.112000e-03 2.448960e-01
227 7.491840e-01 5.036000e-03 2.457800e-01
228 7.484600e-01 4.856000e-03 2.466840e-01
229 7.477360e-01 4.760000e-03 2.475040e-01
230 7.468840e-01 4.768000e-03 2.483480e-01
231 7.460920e-01 4.644000e-03 2.492640e-01
232 7.452360e-01 4.712000e-03 2.500520e-01
233 7.443920e-01 4.648000e-03 2.509600e-01
234 7.437480e-01 4.436000e-03 2.518160e-01
235 7.429280e-01 4.492000e-03 2.525800e-01
236 7.422160e-01 4.476000e-03 2.533080e-01
237 7.415920e-01 4.360000e-03 2.540480e-01
238 7.409120e-01 4.292000e-03 2.547960e-01
239 7.402760e-01 4.160000e-03 2.555640e-01
240 7.397320e-01 3.984000e-03 2.562840e-01
241 7.390120e-01 4.052000e-03 2.569360e-01
242 7.383040e-01 4.048000e-03 2.576480e-01
243 7.376680e-01 3.896000e-03 2.584360e-01
244 7.369440e-01 3.892000e-03 2.591640e-01
245 7.362800e-01 3.888000e-03 2.598320e-01
246 7.356600e-01 3.812000e-03 2.605280e-01
247 7.350360e-01 3.680000e-03 2.612840e-01
248 7.344160e-01 3.744000e-03 2.618400e-01
249 7.337760e-01 3.768000e-03 2.624560e-01
250 7.331920e-01 3.644000e-03 2.631640e-01
251 7.326200e-01 3.632000e-03 2.637480e-01
252 7.320680e-01 3.568000e-03 2.643640e-01
253 7.314760e-01 3.600000e-03 2.649240e-01
254 7.309080e-01 3.632000e-03 2.654600e-01
255 7.302920e-01 3.644000e-03 2.660640e-01
256 7.296720e-01 3.624000e-03 2.667040e-01
257 7.291680e-01 3.572000e-03 2.672600e-01
258 7.286640e-01 3.448000e-03 2.678880e-01
259 7.281720e-01 3.312000e-03 2.685160e-01
260 7.277320e-01 3.128000e-03 2.691400e-01
261 7.271680e-01 3.176000e-03 2.696560e-01
262 7.267280e-01 3.016000e-03 2.702560e-01
263 7.263400e-01 2.940000e-03 2.707200e-01
264 7.259640e-01 2.740000e-03 2.712960e-01
265 7.255960e-01 2.592000e-03 2.718120e-01
266 7.252520e-01 2.512000e-03 2.722360e-01
267 7.248920e-01 2.408000e-03 2.727000e-01
268 7.245080e-01 2.328000e-03 2.731640e-01
269 7.241240e-01 2.312000e-03 2.735640e-01
270 7.237280e-01 2.316000e-03 2.739560e-01
271 7.232800e-01 2.412000e-03 2.743080e-01
272 7.229320e-01 2.380000e-03 2.746880e-01
273 7.225000e-01 2.452000e-03 2.750480e-01
274 7.220640e-01 2.488000e-03 2.754480e-01
275 7.217040e-01 2.424000e-03 2.758720e-01
276 7.212880e-01 2.436000e-03 2.762760e-01
277 7.208800e-01 2.384000e-03 2.767360e-01
278 7.204320e-01 2.400000e-03 2.771680e-01
279 7.199880e-01 2.416000e-03 2.775960e-01
280 7.195560e-01 2.488000e-03 2.779560e-01
281 7.192200e-01 2.400000e-03 2.783800e-01
282 7.187760e-01 2.404000e-03 2.788200e-01
283 7.183640e-01 2.448000e-03 2.791880e-01
284 7.179360e-01 2.420000e-03 2.796440e-01
285 7.175440e-01 2.356000e-03 2.801000e-01
286 7.171640e-01 2.280000e-03 2.805560e-01
287 7.167520e-01 2.376000e-03 2.808720e-01
288 7.163360e-01 2.388000e-03 2.812760e-01
289 7.158720e-01 2.448000e-03 2.816800e-01
290 7.154600e-01 2.428000e-03 2.821120e-01
291 7.149680e-01 2.532000e-03 2.825000e-01
292 7.144520e-01 2.636000e-03 2.829120e-01
293 7.139120e-01 2.708000e-03 2.833800e-01
294 7.133920e-01 2.784000e-03 2.838240e-01
295 7.128200e-01 2.820000e-03 2.843600e-01
296 7.122600e-01 2.896000e-03 2.848440e-01
297 7.116840e-01 2.952000e-03 2.853640e-01
298 7.111720e-01 3.020000e-03 2.858080e-01
299 7.106080e-01 3.036000e-03 2.863560e-01
300 7.100680e-01 3.028000e-03 2.869040e-01
301 7.094840e-01 3.096000e-03 2.874200e-01
302 7.089280e-01 3.160000e-03 2.879120e-01
303 7.084040e-01 3.104000e-03 2.884920e-01
304 7.078800e-01 3.024000e-03 2.890960e-01
305 7.072480e-01 3.148000e-03 2.896040e-01
306 7.066800e-01 3.092000e-03 2.902280e-01
307 7.062120e-01 2.980000e-03 2.908080e-01
308 7.056880e-01 2.972000e-03 2.913400e-01
309 7.051680e-01 2.860000e-03 2.919720e-01
310 7.046840e-01 2.816000e-03 2.925000e-01
311 7.042120e-01 2.796000e-03 2.929920e-01
312 7.038080e-01 2.720000e-03 2.934720e-01
313 7.033200e-01 2.716000e-03 2.939640e-01
314 7.028400e-01 2.740000e-03 2.944200e-01
315 7.023400e-01 2.804000e-03 2.948560e-01
316 7.018080e-01 2.876000e-03 2.953160e-01
317 7.013280e-01 2.824000e-03 2.958480e-01
318 7.008520e-01 2.764000e-03 2.963840e-01
319 7.003840e-01 2.728000e-03 2.968880e-01
320 6.998240e-01 2.816000e-03 2.973600e-01
321 6.992880e-01 2.868000e-03 2.978440e-01
322 6.987440e-01 2.880000e-03 2.983760e-01
323 6.982440e-01 2.992000e-03 2.987640e-01
324 6.977680e-01 2.956000e-03 2.992760e-01
325 6.971720e-01 3.012000e-03 2.998160e-01
326 6.966560e-01 2.968000e-03 3.003760e-01
327 6.960600e-01 3.092000e-03 3.008480e-01
328 6.955440e-01 3.072000e-03 3.013840e-01
329 6.949000e-01 3.192000e-03 3.019080e-01
330 6.943800e-01 3.244000e-03 3.023760e-01
331 6.938520e-01 3.168000e-03 3.029800e-01
332 6.933480e-01 3.080000e-03 3.035720e-01
333 6.928960e-01 2.972000e-03 3.041320e-01
334 6.924800e-01 2.792000e-03 3.047280e-01
335 6.921000e-01 2.644000e-03 3.052560e-01
336 6.915520e-01 2.748000e-03 3.057000e-01
337 6.911120e-01 2.716000e-03 3.061720e-01
338 6.906440e-01 2.784000e-03 3.065720e-01
339 6.901760e-01 2.760000e-03 3.070640e-01
340 6.896160e-01 2.820000e-03 3.075640e-01
341 6.891480e-01 2.788000e-03 3.080640e-01
342 6.888040e-01 2.604000e-03 3.085920e-01
343 6.884120e-01 2.584000e-03 3.090040e-01
344 6.880680e-01 2.508000e-03 3.094240e-01
345 6.876640e-01 2.456000e-03 3.098800e-01
346 6.872680e-01 2.460000e-03 3.102720e-01
347 6.868920e-01 2.444000e-03 3.106640e-01
348 6.864840e-01 2.420000e-03 3.110960e-01
349 6.861200e-01 2.380000e-03 3.115000e-01
350 6.857000e-01 2.408000e-03 3.118920e-01
351 6.852880e-01 2.412000e-03 3.123000e-01
352 6.849520e-01 2.332000e-03 3.127160e-01
353 6.845960e-01 2.292000e-03 3.131120e-01
354 6.842280e-01 2.288000e-03 3.134840e-01
355 6.838520e-01 2.172000e-03 3.139760e-01
356 6.835000e-01 2.152000e-03 3.143480e-01
357 6.831040e-01 2.172000e-03 3.147240e-01
358 6.827480e-01 2.148000e-03 3.151040e-01
359 6.823320e-01 2.168000e-03 3.155000e-01
360 6.819600e-01 2.200000e-03 3.158400e-01
361 6.814640e-01 2.324000e-03 3.162120e-01
362 6.810160e-01 2.320000e-03 3.166640e-01
363 6.806240e-01 2.320000e-03 3.170560e-01
364 6.802520e-01 2.312000e-03 3.174360e-01
365 6.799120e-01 2.312000e-03 3.177760e-01
366 6.796480e-01 2.144000e-03 3.182080e-01
367 6.792880e-01 2.160000e-03 3.185520e-01
368 6.789360e-01 2.172000e-03 3.188920e-01
369 6.786760e-01 2.124000e-03 3.192000e-01
370 6.783720e-01 2.052000e-03 3.195760e-01
371 6.780160e-01 2.052000e-03 3.199320e-01
372 6.777160e-01 2.024000e-03 3.202600e-01
373 6.773880e-01 2.004000e-03 3.206080e-01
374 6.770000e-01 2.004000e-03 3.209960e-01
375 6.766880e-01 1.972000e-03 3.213400e-01
376 6.763680e-01 1.976000e-03 3.216560e-01
377 6.760800e-01 1.920000e-03 3.220000e-01
378 6.756720e-01 2.016000e-03 3.223120e-01
379 6.753680e-01 2.036000e-03 3.225960e-01
380 6.750240e-01 2.036000e-03 3.229400e-01
381 6.746800e-01 2.036000e-03 3.232840e-01
382 6.743440e-01 2.024000e-03 3.236320e-01
383 6.739360e-01 2.080000e-03 3.239840e-01
384 6.735720e-01 2.060000e-03 3.243680e-01
385 6.731960e-01 2.108000e-03 3.246960e-01
386 6.728520e-01 2.064000e-03 3.250840e-01
387 6.725480e-01 2.044000e-03 3.254080e-01
388 6.722160e-01 2.024000e-03 3.257600e-01
389 6.718000e-01 2.056000e-03 3.261440e-01
390 6.714640e-01 2.072000e-03 3.264640e-01
391 6.711160e-01 2.060000e-03 3.268240e-01
392 6.707840e-01 2.064000e-03 3.271520e-01
393 6.704400e-01 2.052000e-03 3.275080e-01
394 6.701320e-01 1.988000e-03 3.278800e-01
395 6.698480e-01 1.860000e-03 3.282920e-01
396 6.695480e-01 1.836000e-03 3.286160e-01
397 6.693080e-01 1.812000e-03 3.288800e-01
398 6.690200e-01 1.780000e-03 3.292000e-01
399 6.687760e-01 1.692000e-03 3.295320e-01
400 6.684680e-01 1.748000e-03 3.297840e-01
401 6.681800e-01 1.764000e-03 3.300560e-01
402 6.679160e-01 1.720000e-03 3.303640e-01
403 6.676120e-01 1.704000e-03 3.306840e-01
404 6.673400e-01 1.692000e-03 3.309680e-01
405 6.670160e-01 1.708000e-03 3.312760e-01
406 6.666920e-01 1.712000e-03 3.315960e-01
407 6.663360e-01 1.716000e-03 3.319480e-01
408 6.658960e-01 1.860000e-03 3.322440e-01
409 6.655920e-01 1.880000e-03 3.325280e-01
410 6.651920e-01 1.960000e-03 3.328480e-01
411 6.648160e-01 1.960000e-03 3.332240e-01
412 6.643720e-01 2.028000e-03 3.336000e-01
413 6.640000e-01 2.056000e-03 3.339440e-01
414 6.636000e-01 2.084000e-03 3.343160e-01
415 6.632560e-01 2.100000e-03 3.346440e-01
416 6.629480e-01 2.008000e-03 3.350440e-01
417 6.625720e-01 2.028000e-03 3.354000e-01
418 6.621560e-01 2.104000e-03 3.357400e-01
419 6.618320e-01 2.068000e-03 3.361000e-01
420 6.615120e-01 2.048000e-03 3.364400e-01
421 6.611120e-01 2.044000e-03 3.368440e-01
422 6.607880e-01 2.016000e-03 3.371960e-01
423 6.603880e-01 2.076000e-03 3.375360e-01
424 6.601120e-01 1.948000e-03 3.379400e-01
425 6.596720e-01 2.084000e-03 3.382440e-01
426 6.592160e-01 2.224000e-03 3.385600e-01
427 6.588560e-01 2.172000e-03 3.389720e-01
428 6.585400e-01 2.092000e-03 3.393680e-01
429 6.581720e-01 2.076000e-03 3.397520e-01
430 6.578320e-01 2.068000e-03 3.401000e-01
431 6.575120e-01 1.956000e-03 3.405320e-01
432 6.571480e-01 1.964000e-03 3.408880e-01
433 6.568240e-01 1.864000e-03 3.413120e-01
434 6.565520e-01 1.804000e-03 3.416440e-01
435 6.562720e-01 1.724000e-03 3.420040e-01
436 6.559880e-01 1.708000e-03 3.423040e-01
437 6.556960e-01 1.712000e-03 3.425920e-01
438 6.554680e-01 1.612000e-03 3.429200e-01
439 6.551560e-01 1.680000e-03 3.431640e-01
440 6.548520e-01 1.692000e-03 3.434560e-01
441 6.545160e-01 1.764000e-03 3.437200e-01
442 6.541640e-01 1.800000e-03 3.440360e-01
443 6.538440e-01 1.808000e-03 3.443480e-01
444 6.535520e-01 1.860000e-03 3.445880e-01
445 6.532600e-01 1.844000e-03 3.448960e-01
446 6.530560e-01 1.744000e-03 3.452000e-01
447 6.528680e-01 1.624000e-03 3.455080e-01
448 6.526520e-01 1.580000e-03 3.457680e-01
449 6.524560e-01 1.520000e-03 3.460240e-01
450 6.522720e-01 1.496000e-03 3.462320e-01
451 6.520560e-01 1.412000e-03 3.465320e-01
452 6.518680e-01 1.360000e-03 3.467720e-01
453 6.516920e-01 1.240000e-03 3.470680e-01
454 6.515200e-01 1.224000e-03 3.472560e-01
455 6.513600e-01 1.132000e-03 3.475080e-01
456 6.512160e-01 1.052000e-03 3.477320e-01
457 6.510320e-01 1.072000e-03 3.478960e-01
458 6.508080e-01 1.072000e-03 3.481200e-01
459 6.505720e-01 1.116000e-03 3.483120e-01
460 6.503520e-01 1.124000e-03 3.485240e-01
461 6.501520e-01 1.120000e-03 3.487280e-01
462 6.499800e-01 1.144000e-03 3.488760e-01
463 6.497840e-01 1.080000e-03 3.491360e-01
464 6.496560e-01 1.016000e-03 3.493280e-01
465 6.494880e-01 1.016000e-03 3.494960e-01
466 6.493200e-01 9.960000e-04 3.496840e-01
467 6.491480e-01 1.012000e-03 3.498400e-01
468 6.489040e-01 1.088000e-03 3.500080e-01
469 6.486840e-01 1.112000e-03 3.502040e-01
470 6.484720e-01 1.128000e-03 3.504000e-01
471 6.482320e-01 1.188000e-03 3.505800e-01
472 6.480720e-01 1.144000e-03 3.507840e-01
473 6.478920e-01 1.108000e-03 3.510000e-01
474 6.477000e-01 1.044000e-03 3.512560e-01
475 6.475600e-01 1.000000e-03 3.514400e-01
476 6.473960e-01 9.720000e-04 3.516320e-01
477 6.472560e-01 9.600000e-04 3.517840e-01
478 6.470640e-01 9.960000e-04 3.519400e-01
479 6.469000e-01 9.760000e-04 3.521240e-01
480 6.467120e-01 9.800000e-04 3.523080e-01
481 6.465360e-01 1.012000e-03 3.524520e-01
482 6.463520e-01 1.008000e-03 3.526400e-01
483 6.461840e-01 1.004000e-03 3.528120e-01
484 6.460560e-01 9.400000e-04 3.530040e-01
485 6.459600e-01 8.680000e-04 3.531720e-01
486 6.458800e-01 7.840000e-04 3.533360e-01
487 6.457840e-01 7.600000e-04 3.534560e-01
488 6.456880e-01 7.240000e-04 3.535880e-01
489 6.455600e-01 7.200000e-04 3.537200e-01
490 6.454080e-01 7.480000e-04 3.538440e-01
491 6.453280e-01 7.040000e-04 3.539680e-01
492 6.452720e-01 6.360000e-04 3.540920e-01
493 6.452000e-01 5.920000e-04 3.542080e-01
494 6.451160e-01 5.720000e-04 3.543120e-01
495 6.450120e-01 5.640000e-04 3.544240e-01
496 6.449400e-01 5.360000e-04 3.545240e-01
497 6.448840e-01 5.080000e-04 3.546080e-01
498 6.448120e-01 4.800000e-04 3.547080e-01
499 6.447600e-01 4.640000e-04 3.547760e-01
500 6.447040e-01 4.280000e-04 3.548680e-01
