1 9.992640e-01 6.240000e-04 1.120000e-04
2 9.987880e-01 9.720000e-04 2.400000e-04
3 9.982280e-01 1.308000e-03 4.640000e-04
4 9.975600e-01 1.748000e-03 6.920000e-04
5 9.968240e-01 2.124000e-03 1.052000e-03
6 9.959600e-01 2.544000e-03 1.496000e-03
7 9.950960e-01 2.904000e-03 2.000000e-03
8 9.942320e-01 3.252000e-03 2.516000e-03
9 9.933120e-01 3.552000e-03 3.136000e-03
10 9.923640e-01 3.836000e-03 3.800000e-03
11 9.912920e-01 4.172000e-03 4.536000e-03
12 9.902120e-01 4.584000e-03 5.204000e-03
13 9.891560e-01 4.764000e-03 6.080000e-03
14 9.877840e-01 5.240000e-03 6.976000e-03
15 9.866840e-01 5.456000e-03 7.860000e-03
16 9.855320e-01 5.744000e-03 8.724000e-03
17 9.844160e-01 5.896000e-03 9.688000e-03
18 9.831200e-01 6.124000e-03 1.075600e-02
19 9.820000e-01 6.092000e-03 1.190800e-02
20 9.807560e-01 6.332000e-03 1.291200e-02
21 9.794840e-01 6.588000e-03 1.392800e-02
22 9.782520e-01 6.576000e-03 1.517200e-02
23 9.770600e-01 6.660000e-03 1.628000e-02
24 9.757400e-01 6.884000e-03 1.737600e-02
25 9.744680e-01 6.992000e-03 1.854000e-02
26 9.731440e-01 7.072000e-03 1.978400e-02
27 9.718480e-01 7.204000e-03 2.094800e-02
28 9.703920e-01 7.324000e-03 2.228400e-02
29 9.687960e-01 7.636000e-03 2.356800e-02
30 9.672680e-01 7.804000e-03 2.492800e-02
31 9.657880e-01 7.860000e-03 2.635200e-02
32 9.641920e-01 8.096000e-03 2.771200e-02
33 9.625640e-01 8.392000e-03 2.904400e-02
34 9.608720e-01 8.676000e-03 3.045200e-02
35 9.592000e-01 8.772000e-03 3.202800e-02
36 9.575360e-01 8.800000e-03 3.366400e-02
37 9.556640e-01 9.060000e-03 3.527600e-02
38 9.538880e-01 9.312000e-03 3.680000e-02
39 9.520720e-01 9.616000e-03 3.831200e-02
40 9.502440e-01 9.792000e-03 3.996400e-02
41 9.482680e-01 1.002800e-02 4.170400e-02
42 9.461600e-01 1.026400e-02 4.357600e-02
43 9.441560e-01 1.056400e-02 4.528000e-02
44 9.421600e-01 1.065600e-02 4.718400e-02
45 9.402680e-01 1.054800e-02 4.918400e-02
46 9.384600e-01 1.044800e-02 5.109200e-02
47 9.366520e-01 1.034400e-02 5.300400e-02
48 9.348160e-01 1.030800e-02 5.487600e-02
49 9.328560e-01 1.052400e-02 5.662000e-02
50 9.310280e-01 1.059600e-02 5.837600e-02
51 9.292880e-01 1.047600e-02 6.023600e-02
52 9.272960e-01 1.051600e-02 6.218800e-02
53 9.254040e-01 1.052000e-02 6.407600e-02
54 9.236120e-01 1.045600e-02 6.593200e-02
55 9.217440e-01 1.049200e-02 6.776400e-02
56 9.199200e-01 1.042000e-02 6.966000e-02
57 9.179760e-01 1.048000e-02 7.154400e-02
58 9.159720e-01 1.064400e-02 7.338400e-02
59 9.141200e-01 1.060000e-02 7.528000e-02
60 9.122400e-01 1.071200e-02 7.704800e-02
61 9.101840e-01 1.090000e-02 7.891600e-02
62 9.083120e-01 1.084800e-02 8.084000e-02
63 9.064320e-01 1.085600e-02 8.271200e-02
64 9.045440e-01 1.084800e-02 8.460800e-02
65 9.026800e-01 1.070400e-02 8.661600e-02
66 9.007160e-01 1.074000e-02 8.854400e-02
67 8.987240e-01 1.097600e-02 9.030000e-02
68 8.965880e-01 1.126000e-02 9.215200e-02
69 8.946880e-01 1.130000e-02 9.401200e-02
70 8.927000e-01 1.128000e-02 9.602000e-02
71 8.908000e-01 1.114800e-02 9.805200e-02
72 8.887000e-01 1.111600e-02 1.001840e-01
73 8.866320e-01 1.124000e-02 1.021280e-01
74 8.847400e-01 1.118400e-02 1.040760e-01
75 8.827160e-01 1.127200e-02 1.060120e-01
76 8.807080e-01 1.146800e-02 1.078240e-01
77 8.787800e-01 1.132800e-02 1.098920e-01
78 8.766680e-01 1.162400e-02 1.117080e-01
79 8.746440e-01 1.164000e-02 1.137160e-01
80 8.727040e-01 1.162000e-02 1.156760e-01
81 8.705600e-01 1.184400e-02 1.175960e-01
82 8.684880e-01 1.190400e-02 1.196080e-01
83 8.663840e-01 1.192000e-02 1.216960e-01
84 8.643600e-01 1.188400e-02 1.237560e-01
85 8.624000e-01 1.173200e-02 1.258680e-01
86 8.605720e-01 1.139600e-02 1.280320e-01
87 8.586480e-01 1.136800e-02 1.299840e-01
88 8.567880e-01 1.127200e-02 1.319400e-01
89 8.549640e-01 1.116400e-02 1.338720e-01
90 8.530280e-01 1.122400e-02 1.357480e-01
91 8.509880e-01 1.108800e-02 1.379240e-01
92 8.491400e-01 1.107600e-02 1.397840e-01
93 8.473880e-01 1.058000e-02 1.420320e-01
94 8.454640e-01 1.059600e-02 1.439400e-01
95 8.436880e-01 1.052400e-02 1.457880e-01
96 8.419040e-01 1.052400e-02 1.475720e-01
97 8.401440e-01 1.038000e-02 1.494760e-01
98 8.385200e-01 1.022400e-02 1.512560e-01
99 8.367400e-01 1.020800e-02 1.530520e-01
100 8.350760e-01 1.013600e-02 1.547880e-01
101 8.334200e-01 1.000000e-02 1.565800e-01
102 8.316920e-01 1.006000e-02 1.582480e-01
103 8.300840e-01 9.776000e-03 1.601400e-01
104 8.283720e-01 9.752000e-03 1.618760e-01
105 8.269080e-01 9.592000e-03 1.635000e-01
106 8.251040e-01 9.720000e-03 1.651760e-01
107 8.235480e-01 9.748000e-03 1.667040e-01
108 8.216960e-01 9.852000e-03 1.684520e-01
109 8.198040e-01 1.012400e-02 1.700720e-01
110 8.180280e-01 1.016800e-02 1.718040e-01
111 8.162560e-01 1.013600e-02 1.736080e-01
112 8.145440e-01 9.932000e-03 1.755240e-01
113 8.128960e-01 9.728000e-03 1.773760e-01
114 8.111080e-01 9.792000e-03 1.791000e-01
115 8.093560e-01 9.720000e-03 1.809240e-01
116 8.076640e-01 9.736000e-03 1.826000e-01
117 8.059560e-01 9.872000e-03 1.841720e-01
118 8.043600e-01 9.768000e-03 1.858720e-01
119 8.026120e-01 9.932000e-03 1.874560e-01
120 8.009560e-01 9.828000e-03 1.892160e-01
121 7.991800e-01 9.728000e-03 1.910920e-01
122 7.973920e-01 9.792000e-03 1.928160e-01
123 7.957320e-01 9.732000e-03 1.945360e-01
124 7.940640e-01 9.540000e-03 1.963960e-01
125 7.924400e-01 9.524000e-03 1.980360e-01
126 7.908800e-01 9.224000e-03 1.998960e-01
127 7.893200e-01 9.132000e-03 2.015480e-01
128 7.876560e-01 9.192000e-03 2.031520e-01
129 7.861360e-01 9.128000e-03 2.047360e-01
130 7.845080e-01 9.136000e-03 2.063560e-01
131 7.830400e-01 9.192000e-03 2.077680e-01
132 7.814240e-01 9.168000e-03 2.094080e-01
133 7.799440e-01 9.160000e-03 2.108960e-01
134 7.784960e-01 9.100000e-03 2.124040e-01
135 7.769520e-01 8.952000e-03 2.140960e-01
136 7.754120e-01 8.980000e-03 2.156080e-01
137 7.738400e-01 8.928000e-03 2.172320e-01
138 7.722520e-01 8.956000e-03 2.187920e-01
139 7.705720e-01 8.992000e-03 2.204360e-01
140 7.690120e-01 8.920000e-03 2.220680e-01
141 7.674920e-01 8.964000e-03 2.235440e-01
142 7.660000e-01 8.940000e-03 2.250600e-01
143 7.644760e-01 8.912000e-03 2.266120e-01
144 7.629000e-01 9.016000e-03 2.280840e-01
145 7.612080e-01 9.216000e-03 2.295760e-01
146 7.596840e-01 9.076000e-03 2.312400e-01
147 7.580280e-01 9.204000e-03 2.327680e-01
148 7.563360e-01 9.288000e-03 2.343760e-01
149 7.547600e-01 9.100000e-03 2.361400e-01
150 7.532960e-01 8.896000e-03 2.378080e-01
151 7.516960e-01 8.976000e-03 2.393280e-01
152 7.499320e-01 9.176000e-03 2.408920e-01
153 7.483200e-01 9.152000e-03 2.425280e-01
154 7.466200e-01 9.224000e-03 2.441560e-01
155 7.450520e-01 9.264000e-03 2.456840e-01
156 7.434080e-01 9.188000e-03 2.474040e-01
157 7.417720e-01 9.116000e-03 2.491120e-01
158 7.400720e-01 9.168000e-03 2.507600e-01
159 7.385240e-01 9.228000e-03 2.522480e-01
160 7.370160e-01 9.036000e-03 2.539480e-01
161 7.355000e-01 9.092000e-03 2.554080e-01
162 7.339400e-01 9.072000e-03 2.569880e-01
163 7.322680e-01 9.132000e-03 2.586000e-01
164 7.307200e-01 9.076000e-03 2.602040e-01
165 7.290960e-01 9.088000e-03 2.618160e-01
166 7.272520e-01 9.332000e-03 2.634160e-01
167 7.255240e-01 9.432000e-03 2.650440e-01
168 7.239120e-01 9.472000e-03 2.666160e-01
169 7.222120e-01 9.276000e-03 2.685120e-01
170 7.205040e-01 9.368000e-03 2.701280e-01
171 7.190160e-01 9.260000e-03 2.717240e-01
172 7.175440e-01 9.104000e-03 2.733520e-01
173 7.159520e-01 9.152000e-03 2.748960e-01
174 7.143360e-01 9.132000e-03 2.765320e-01
175 7.126560e-01 9.176000e-03 2.781680e-01
176 7.112080e-01 8.932000e-03 2.798600e-01
177 7.098520e-01 8.756000e-03 2.813920e-01
178 7.083400e-01 8.740000e-03 2.829200e-01
179 7.069960e-01 8.632000e-03 2.843720e-01
180 7.054360e-01 8.584000e-03 2.859800e-01
181 7.040080e-01 8.464000e-03 2.875280e-01
182 7.025960e-01 8.356000e-03 2.890480e-01
183 7.012240e-01 8.272000e-03 2.905040e-01
184 6.999880e-01 8.060000e-03 2.919520e-01
185 6.986760e-01 7.992000e-03 2.933320e-01
186 6.973880e-01 7.868000e-03 2.947440e-01
187 6.960280e-01 7.756000e-03 2.962160e-01
188 6.948160e-01 7.632000e-03 2.975520e-01
189 6.936080e-01 7.444000e-03 2.989480e-01
190 6.923960e-01 7.452000e-03 3.001520e-01
191 6.911640e-01 7.412000e-03 3.014240e-01
192 6.899480e-01 7.336000e-03 3.027160e-01
193 6.887880e-01 7.216000e-03 3.039960e-01
194 6.877720e-01 6.980000e-03 3.052480e-01
195 6.867640e-01 6.776000e-03 3.064600e-01
196 6.857440e-01 6.668000e-03 3.075880e-01
197 6.846320e-01 6.528000e-03 3.088400e-01
198 6.836480e-01 6.440000e-03 3.099120e-01
199 6.826200e-01 6.360000e-03 3.110200e-01
200 6.814160e-01 6.480000e-03 3.121040e-01
201 6.802000e-01 6.524000e-03 3.132760e-01
202 6.790120e-01 6.536000e-03 3.144520e-01
203 6.778480e-01 6.484000e-03 3.156680e-01
204 6.766480e-01 6.464000e-03 3.168880e-01
205 6.755480e-01 6.444000e-03 3.180080e-01
206 6.743800e-01 6.484000e-03 3.191360e-01
207 6.732640e-01 6.556000e-03 3.201800e-01
208 6.721840e-01 6.532000e-03 3.212840e-01
209 6.709920e-01 6.636000e-03 3.223720e-01
210 6.697440e-01 6.792000e-03 3.234640e-01
211 6.686120e-01 6.748000e-03 3.246400e-01
212 6.676720e-01 6.524000e-03 3.258040e-01
213 6.666520e-01 6.440000e-03 3.269080e-01
214 6.654800e-01 6.516000e-03 3.280040e-01
215 6.643760e-01 6.532000e-03 3.290920e-01
216 6.634080e-01 6.368000e-03 3.302240e-01
217 6.622480e-01 6.440000e-03 3.313120e-01
218 6.611920e-01 6.280000e-03 3.325280e-01
219 6.601760e-01 6.308000e-03 3.335160e-01
220 6.591760e-01 6.204000e-03 3.346200e-01
221 6.581960e-01 5.952000e-03 3.358520e-01
222 6.571080e-01 5.836000e-03 3.370560e-01
223 6.561240e-01 5.808000e-03 3.380680e-01
224 6.551640e-01 5.736000e-03 3.391000e-01
225 6.541720e-01 5.632000e-03 3.401960e-01
226 6.532600e-01 5.564000e-03 3.411760e-01
227 6.520920e-01 5.704000e-03 3.422040e-01
228 6.510680e-01 5.756000e-03 3.431760e-01
229 6.499640e-01 5.816000e-03 3.442200e-01
230 6.489280e-01 5.824000e-03 3.452480e-01
231 6.478840e-01 5.840000e-03 3.462760e-01
232 6.468200e-01 5.860000e-03 3.473200e-01
233 6.458120e-01 5.848000e-03 3.483400e-01
234 6.447960e-01 5.772000e-03 3.494320e-01
235 6.439720e-01 5.556000e-03 3.504720e-01
236 6.430280e-01 5.668000e-03 3.513040e-01
237 6.421360e-01 5.648000e-03 3.522160e-01
238 6.413080e-01 5.444000e-03 3.532480e-01
239 6.404560e-01 5.324000e-03 3.542200e-01
240 6.397000e-01 5.208000e-03 3.550920e-01
241 6.388520e-01 5.156000e-03 3.559920e-01
242 6.379520e-01 5.196000e-03 3.568520e-01
243 6.372040e-01 5.028000e-03 3.577680e-01
244 6.364600e-01 4.836000e-03 3.587040e-01
245 6.356360e-01 4.836000e-03 3.595280e-01
246 6.348040e-01 4.748000e-03 3.604480e-01
247 6.340720e-01 4.636000e-03 3.612920e-01
248 6.333080e-01 4.688000e-03 3.620040e-01
249 6.326280e-01 4.544000e-03 3.628280e-01
250 6.319960e-01 4.444000e-03 3.635600e-01
251 6.312720e-01 4.352000e-03 3.643760e-01
252 6.304800e-01 4.368000e-03 3.651520e-01
253 6.296920e-01 4.360000e-03 3.659480e-01
254 6.290440e-01 4.240000e-03 3.667160e-01
255 6.283080e-01 4.272000e-03 3.674200e-01
256 6.275800e-01 4.284000e-03 3.681360e-01
257 6.267960e-01 4.224000e-03 3.689800e-01
258 6.261120e-01 4.220000e-03 3.696680e-01
259 6.253520e-01 4.176000e-03 3.704720e-01
260 6.246800e-01 4.160000e-03 3.711600e-01
261 6.239520e-01 4.192000e-03 3.718560e-01
262 6.232760e-01 4.108000e-03 3.726160e-01
263 6.225400e-01 4.088000e-03 3.733720e-01
264 6.217960e-01 4.132000e-03 3.740720e-01
265 6.211000e-01 4.132000e-03 3.747680e-01
266 6.204000e-01 4.080000e-03 3.755200e-01
267 6.196120e-01 4.112000e-03 3.762760e-01
268 6.188920e-01 4.216000e-03 3.768920e-01
269 6.182120e-01 4.160000e-03 3.776280e-01
270 6.175960e-01 4.012000e-03 3.783920e-01
271 6.168880e-01 4.032000e-03 3.790800e-01
272 6.161720e-01 4.076000e-03 3.797520e-01
273 6.154800e-01 4.052000e-03 3.804680e-01
274 6.147920e-01 4.016000e-03 3.811920e-01
275 6.141880e-01 3.808000e-03 3.820040e-01
276 6.134960e-01 3.884000e-03 3.826200e-01
277 6.128640e-01 3.796000e-03 3.833400e-01
278 6.121960e-01 3.800000e-03 3.840040e-01
279 6.115960e-01 3.776000e-03 3.846280e-01
280 6.108960e-01 3.808000e-03 3.852960e-01
281 6.102320e-01 3.936000e-03 3.858320e-01
282 6.094160e-01 4.032000e-03 3.865520e-01
283 6.086120e-01 4.160000e-03 3.872280e-01
284 6.078960e-01 4.004000e-03 3.881000e-01
285 6.072840e-01 3.932000e-03 3.887840e-01
286 6.066800e-01 3.856000e-03 3.894640e-01
287 6.061560e-01 3.592000e-03 3.902520e-01
288 6.055960e-01 3.452000e-03 3.909520e-01
289 6.050160e-01 3.480000e-03 3.915040e-01
290 6.044520e-01 3.412000e-03 3.921360e-01
291 6.039040e-01 3.340000e-03 3.927560e-01
292 6.034280e-01 3.236000e-03 3.933360e-01
293 6.027920e-01 3.324000e-03 3.938840e-01
294 6.022960e-01 3.244000e-03 3.944600e-01
295 6.017040e-01 3.292000e-03 3.950040e-01
296 6.011720e-01 3.268000e-03 3.955600e-01
297 6.007040e-01 3.172000e-03 3.961240e-01
298 6.001400e-01 3.228000e-03 3.966320e-01
299 5.996080e-01 3.196000e-03 3.971960e-01
300 5.990480e-01 3.144000e-03 3.978080e-01
301 5.984760e-01 3.140000e-03 3.983840e-01
302 5.979640e-01 3.096000e-03 3.989400e-01
303 5.975240e-01 2.972000e-03 3.995040e-01
304 5.970320e-01 2.940000e-03 4.000280e-01
305 5.965920e-01 2.908000e-03 4.005000e-01
306 5.961960e-01 2.776000e-03 4.010280e-01
307 5.957920e-01 2.768000e-03 4.014400e-01
308 5.953360e-01 2.752000e-03 4.019120e-01
309 5.948960e-01 2.704000e-03 4.024000e-01
310 5.944360e-01 2.692000e-03 4.028720e-01
311 5.940560e-01 2.584000e-03 4.033600e-01
312 5.936800e-01 2.520000e-03 4.038000e-01
313 5.933600e-01 2.408000e-03 4.042320e-01
314 5.930120e-01 2.300000e-03 4.046880e-01
315 5.926320e-01 2.288000e-03 4.050800e-01
316 5.922280e-01 2.300000e-03 4.054720e-01
317 5.918160e-01 2.328000e-03 4.058560e-01
318 5.915080e-01 2.192000e-03 4.063000e-01
319 5.911120e-01 2.212000e-03 4.066760e-01
320 5.907120e-01 2.232000e-03 4.070560e-01
321 5.903120e-01 2.196000e-03 4.074920e-01
322 5.899840e-01 2.132000e-03 4.078840e-01
323 5.896480e-01 2.044000e-03 4.083080e-01
324 5.893640e-01 1.920000e-03 4.087160e-01
325 5.890640e-01 1.868000e-03 4.090680e-01
326 5.887320e-01 1.880000e-03 4.093880e-01
327 5.883640e-01 1.940000e-03 4.096960e-01
328 5.880280e-01 1.940000e-03 4.100320e-01
329 5.877320e-01 1.972000e-03 4.102960e-01
330 5.874240e-01 1.960000e-03 4.106160e-01
331 5.869960e-01 2.032000e-03 4.109720e-01
332 5.866560e-01 2.092000e-03 4.112520e-01
333 5.862960e-01 2.104000e-03 4.116000e-01
334 5.859960e-01 2.028000e-03 4.119760e-01
335 5.857120e-01 1.972000e-03 4.123160e-01
336 5.854120e-01 2.012000e-03 4.125760e-01
337 5.850720e-01 2.044000e-03 4.128840e-01
338 5.846480e-01 2.100000e-03 4.132520e-01
339 5.842320e-01 2.120000e-03 4.136480e-01
340 5.838640e-01 2.132000e-03 4.140040e-01
341 5.834640e-01 2.172000e-03 4.143640e-01
342 5.830960e-01 2.160000e-03 4.147440e-01
343 5.827120e-01 2.156000e-03 4.151320e-01
344 5.822360e-01 2.216000e-03 4.155480e-01
345 5.819000e-01 2.164000e-03 4.159360e-01
346 5.814560e-01 2.216000e-03 4.163280e-01
347 5.811000e-01 2.232000e-03 4.166680e-01
348 5.807320e-01 2.216000e-03 4.170520e-01
349 5.803840e-01 2.140000e-03 4.174760e-01
350 5.800040e-01 2.124000e-03 4.178720e-01
351 5.796760e-01 2.068000e-03 4.182560e-01
352 5.792640e-01 2.176000e-03 4.185600e-01
353 5.788520e-01 2.168000e-03 4.189800e-01
354 5.785320e-01 2.172000e-03 4.192960e-01
355 5.782040e-01 2.060000e-03 4.197360e-01
356 5.779480e-01 1.972000e-03 4.200800e-01
357 5.776280e-01 1.852000e-03 4.205200e-01
358 5.773240e-01 1.836000e-03 4.208400e-01
359 5.770440e-01 1.836000e-03 4.211200e-01
360 5.767120e-01 1.852000e-03 4.214360e-01
361 5.764200e-01 1.896000e-03 4.216840e-01
362 5.760640e-01 1.924000e-03 4.220120e-01
363 5.757680e-01 1.900000e-03 4.223320e-01
364 5.754360e-01 1.940000e-03 4.226240e-01
365 5.751640e-01 1.860000e-03 4.229760e-01
366 5.748240e-01 1.852000e-03 4.233240e-01
367 5.745560e-01 1.796000e-03 4.236480e-01
368 5.742600e-01 1.768000e-03 4.239720e-01
369 5.739080e-01 1.792000e-03 4.243000e-01
370 5.736480e-01 1.740000e-03 4.246120e-01
371 5.733200e-01 1.796000e-03 4.248840e-01
372 5.730160e-01 1.748000e-03 4.252360e-01
373 5.727240e-01 1.764000e-03 4.255120e-01
374 5.723800e-01 1.820000e-03 4.258000e-01
375 5.720680e-01 1.852000e-03 4.260800e-01
376 5.718360e-01 1.740000e-03 4.264240e-01
377 5.716280e-01 1.608000e-03 4.267640e-01
378 5.713640e-01 1.592000e-03 4.270440e-01
379 5.711360e-01 1.532000e-03 4.273320e-01
380 5.708440e-01 1.568000e-03 4.275880e-01
381 5.705080e-01 1.664000e-03 4.278280e-01
382 5.702160e-01 1.676000e-03 4.281080e-01
383 5.698480e-01 1.764000e-03 4.283880e-01
384 5.694800e-01 1.844000e-03 4.286760e-01
385 5.691480e-01 1.852000e-03 4.290000e-01
386 5.687600e-01 1.940000e-03 4.293000e-01
387 5.684160e-01 1.940000e-03 4.296440e-01
388 5.680720e-01 1.988000e-03 4.299400e-01
389 5.677040e-01 2.012000e-03 4.302840e-01
390 5.673640e-01 1.900000e-03 4.307360e-01
391 5.670560e-01 1.904000e-03 4.310400e-01
392 5.667680e-01 1.832000e-03 4.314000e-01
393 5.664680e-01 1.804000e-03 4.317280e-01
394 5.662080e-01 1.736000e-03 4.320560e-01
395 5.659200e-01 1.752000e-03 4.323280e-01
396 5.656120e-01 1.724000e-03 4.326640e-01
397 5.652760e-01 1.740000e-03 4.329840e-01
398 5.649880e-01 1.712000e-03 4.333000e-01
399 5.647120e-01 1.672000e-03 4.336160e-01
400 5.644840e-01 1.588000e-03 4.339280e-01
401 5.642200e-01 1.600000e-03 4.341800e-01
402 5.639440e-01 1.596000e-03 4.344600e-01
403 5.636360e-01 1.648000e-03 4.347160e-01
404 5.633680e-01 1.628000e-03 4.350040e-01
405 5.631040e-01 1.616000e-03 4.352800e-01
406 5.628120e-01 1.604000e-03 4.355840e-01
407 5.625840e-01 1.580000e-03 4.358360e-01
408 5.622720e-01 1.652000e-03 4.360760e-01
409 5.619760e-01 1.648000e-03 4.363760e-01
410 5.616960e-01 1.664000e-03 4.366400e-01
411 5.614360e-01 1.704000e-03 4.368600e-01
412 5.611760e-01 1.688000e-03 4.371360e-01
413 5.609080e-01 1.676000e-03 4.374160e-01
414 5.606840e-01 1.596000e-03 4.377200e-01
415 5.603800e-01 1.648000e-03 4.379720e-01
416 5.600520e-01 1.628000e-03 4.383200e-01
417 5.597640e-01 1.576000e-03 4.386600e-01
418 5.595000e-01 1.540000e-03 4.389600e-01
419 5.592920e-01 1.496000e-03 4.392120e-01
420 5.590000e-01 1.540000e-03 4.394600e-01
421 5.587360e-01 1.512000e-03 4.397520e-01
422 5.584920e-01 1.516000e-03 4.399920e-01
423 5.582000e-01 1.532000e-03 4.402680e-01
424 5.579400e-01 1.536000e-03 4.405240e-01
425 5.576680e-01 1.496000e-03 4.408360e-01
426 5.574240e-01 1.488000e-03 4.410880e-01
427 5.571960e-01 1.468000e-03 4.413360e-01
428 5.569560e-01 1.464000e-03 4.415800e-01
429 5.566880e-01 1.484000e-03 4.418280e-01
430 5.564360e-01 1.504000e-03 4.420600e-01
431 5.561520e-01 1.516000e-03 4.423320e-01
432 5.559080e-01 1.496000e-03 4.425960e-01
433 5.556000e-01 1.588000e-03 4.428120e-01
434 5.553560e-01 1.540000e-03 4.431040e-01
435 5.551080e-01 1.516000e-03 4.433760e-01
436 5.548720e-01 1.440000e-03 4.436880e-01
437 5.546360e-01 1.404000e-03 4.439600e-01
438 5.543280e-01 1.480000e-03 4.441920e-01
439 5.541160e-01 1.444000e-03 4.444400e-01
440 5.539440e-01 1.312000e-03 4.447440e-01
441 5.537360e-01 1.252000e-03 4.450120e-01
442 5.535880e-01 1.176000e-03 4.452360e-01
443 5.533680e-01 1.248000e-03 4.453840e-01
444 5.530960e-01 1.284000e-03 4.456200e-01
445 5.528480e-01 1.336000e-03 4.458160e-01
446 5.526520e-01 1.320000e-03 4.460280e-01
447 5.524480e-01 1.276000e-03 4.462760e-01
448 5.522600e-01 1.228000e-03 4.465120e-01
449 5.520600e-01 1.252000e-03 4.466880e-01
450 5.518960e-01 1.164000e-03 4.469400e-01
451 5.517120e-01 1.128000e-03 4.471600e-01
452 5.515600e-01 1.048000e-03 4.473920e-01
453 5.513760e-01 1.028000e-03 4.475960e-01
454 5.512360e-01 9.280000e-04 4.478360e-01
455 5.510880e-01 9.240000e-04 4.479880e-01
456 5.509480e-01 8.760000e-04 4.481760e-01
457 5.507920e-01 8.560000e-04 4.483520e-01
458 5.506640e-01 8.400000e-04 4.484960e-01
459 5.505480e-01 8.080000e-04 4.486440e-01
460 5.504040e-01 7.760000e-04 4.488200e-01
461 5.502720e-01 7.600000e-04 4.489680e-01
462 5.501520e-01 7.640000e-04 4.490840e-01
463 5.500040e-01 7.920000e-04 4.492040e-01
464 5.498640e-01 7.760000e-04 4.493600e-01
465 5.496760e-01 7.960000e-04 4.495280e-01
466 5.495560e-01 7.760000e-04 4.496680e-01
467 5.494080e-01 7.920000e-04 4.498000e-01
468 5.492520e-01 8.560000e-04 4.498920e-01
469 5.491000e-01 8.360000e-04 4.500640e-01
470 5.489200e-01 8.920000e-04 4.501880e-01
471 5.487840e-01 8.800000e-04 4.503360e-01
472 5.485800e-01 9.320000e-04 4.504880e-01
473 5.484400e-01 8.960000e-04 4.506640e-01
474 5.482640e-01 8.880000e-04 4.508480e-01
475 5.481200e-01 8.800000e-04 4.510000e-01
476 5.479440e-01 8.960000e-04 4.511600e-01
477 5.477920e-01 8.840000e-04 4.513240e-01
478 5.476560e-01 8.360000e-04 4.515080e-01
479 5.475480e-01 8.120000e-04 4.516400e-01
480 5.474080e-01 8.120000e-04 4.517800e-01
481 5.472800e-01 7.920000e-04 4.519280e-01
482 5.471400e-01 8.000000e-04 4.520600e-01
483 5.470160e-01 7.640000e-04 4.522200e-01
484 5.468720e-01 7.840000e-04 4.523440e-01
485 5.467720e-01 7.040000e-04 4.525240e-01
486 5.466200e-01 7.720000e-04 4.526080e-01
487 5.465360e-01 7.120000e-04 4.527520e-01
488 5.464480e-01 6.640000e-04 4.528880e-01
489 5.463480e-01 7.000000e-04 4.529520e-01
490 5.462120e-01 6.720000e-04 4.531160e-01
491 5.460560e-01 6.920000e-04 4.532520e-01
492 5.459080e-01 7.200000e-04 4.533720e-01
493 5.457640e-01 7.520000e-04 4.534840e-01
494 5.456080e-01 7.480000e-04 4.536440e-01
495 5.454440e-01 7.760000e-04 4.537800e-01
496 5.452880e-01 8.080000e-04 4.539040e-01
497 5.451880e-01 7.680000e-04 4.540440e-01
498 5.450240e-01 7.920000e-04 4.541840e-01
499 5.448200e-01 8.720000e-04 4.543080e-01
500 5.446320e-01 9.280000e-04 4.544400e-01
