1 9.992440e-01 6.600000e-04 9.600000e-05
2 9.987600e-01 1.024000e-03 2.160000e-04
3 9.980840e-01 1.504000e-03 4.120000e-04
4 9.973720e-01 1.924000e-03 7.040000e-04
5 9.965680e-01 2.332000e-03 1.100000e-03
6 9.958880e-01 2.608000e-03 1.504000e-03
7 9.950560e-01 2.992000e-03 1.952000e-03
8 9.941840e-01 3.372000e-03 2.444000e-03
9 9.931680e-01 3.712000e-03 3.120000e-03
10 9.921520e-01 4.076000e-03 3.772000e-03
11 9.912200e-01 4.276000e-03 4.504000e-03
12 9.902600e-01 4.472000e-03 5.268000e-03
13 9.891560e-01 4.684000e-03 6.160000e-03
14 9.881040e-01 4.896000e-03 7.000000e-03
15 9.870360e-01 5.152000e-03 7.812000e-03
16 9.858640e-01 5.400000e-03 8.736000e-03
17 9.846520e-01 5.620000e-03 9.728000e-03
18 9.835080e-01 5.812000e-03 1.068000e-02
19 9.822920e-01 5.956000e-03 1.175200e-02
20 9.810560e-01 6.172000e-03 1.277200e-02
21 9.798480e-01 6.224000e-03 1.392800e-02
22 9.786760e-01 6.180000e-03 1.514400e-02
23 9.773560e-01 6.332000e-03 1.631200e-02
24 9.760080e-01 6.580000e-03 1.741200e-02
25 9.745640e-01 6.956000e-03 1.848000e-02
26 9.732400e-01 6.988000e-03 1.977200e-02
27 9.719520e-01 6.976000e-03 2.107200e-02
28 9.705000e-01 7.160000e-03 2.234000e-02
29 9.693120e-01 7.080000e-03 2.360800e-02
30 9.679320e-01 7.276000e-03 2.479200e-02
31 9.666800e-01 7.236000e-03 2.608400e-02
32 9.652600e-01 7.456000e-03 2.728400e-02
33 9.638360e-01 7.632000e-03 2.853200e-02
34 9.625240e-01 7.548000e-03 2.992800e-02
35 9.611240e-01 7.568000e-03 3.130800e-02
36 9.597040e-01 7.616000e-03 3.268000e-02
37 9.583760e-01 7.532000e-03 3.409200e-02
38 9.567600e-01 7.772000e-03 3.546800e-02
39 9.550680e-01 8.240000e-03 3.669200e-02
40 9.536040e-01 8.268000e-03 3.812800e-02
41 9.521040e-01 8.316000e-03 3.958000e-02
42 9.507080e-01 8.168000e-03 4.112400e-02
43 9.493000e-01 8.168000e-03 4.253200e-02
44 9.478080e-01 8.140000e-03 4.405200e-02
45 9.464160e-01 8.132000e-03 4.545200e-02
46 9.450120e-01 8.140000e-03 4.684800e-02
47 9.437000e-01 8.204000e-03 4.809600e-02
48 9.422760e-01 8.128000e-03 4.959600e-02
49 9.406040e-01 8.324000e-03 5.107200e-02
50 9.392680e-01 8.024000e-03 5.270800e-02
51 9.378400e-01 8.056000e-03 5.410400e-02
52 9.364400e-01 7.980000e-03 5.558000e-02
53 9.349880e-01 8.028000e-03 5.698400e-02
54 9.337800e-01 7.772000e-03 5.844800e-02
55 9.323840e-01 7.772000e-03 5.984400e-02
56 9.311280e-01 7.668000e-03 6.120400e-02
57 9.297760e-01 7.660000e-03 6.256400e-02
58 9.283840e-01 7.632000e-03 6.398400e-02
59 9.270680e-01 7.596000e-03 6.533600e-02
60 9.257480e-01 7.560000e-03 6.669200e-02
61 9.242920e-01 7.532000e-03 6.817600e-02
62 9.229200e-01 7.628000e-03 6.945200e-02
63 9.215160e-01 7.760000e-03 7.072400e-02
64 9.200640e-01 7.876000e-03 7.206000e-02
65 9.186720e-01 7.868000e-03 7.346000e-02
66 9.172520e-01 7.892000e-03 7.485600e-02
67 9.158680e-01 7.864000e-03 7.626800e-02
68 9.144640e-01 7.812000e-03 7.772400e-02
69 9.130800e-01 7.808000e-03 7.911200e-02
70 9.117880e-01 7.768000e-03 8.044400e-02
71 9.105280e-01 7.704000e-03 8.176800e-02
72 9.091600e-01 7.864000e-03 8.297600e-02
73 9.076360e-01 8.028000e-03 8.433600e-02
74 9.061480e-01 8.044000e-03 8.580800e-02
75 9.046800e-01 8.156000e-03 8.716400e-02
76 9.031360e-01 8.208000e-03 8.865600e-02
77 9.017440e-01 8.160000e-03 9.009600e-02
78 9.004080e-01 8.068000e-03 9.152400e-02
79 8.990080e-01 8.064000e-03 9.292800e-02
80 8.974960e-01 8.216000e-03 9.428800e-02
81 8.959720e-01 8.256000e-03 9.577200e-02
82 8.944120e-01 8.272000e-03 9.731600e-02
83 8.929160e-01 8.320000e-03 9.876400e-02
84 8.914520e-01 8.328000e-03 1.002200e-01
85 8.899560e-01 8.324000e-03 1.017200e-01
86 8.884320e-01 8.380000e-03 1.031880e-01
87 8.868480e-01 8.584000e-03 1.045680e-01
88 8.853880e-01 8.424000e-03 1.061880e-01
89 8.839920e-01 8.452000e-03 1.075560e-01
90 8.825760e-01 8.456000e-03 1.089680e-01
91 8.812400e-01 8.328000e-03 1.104320e-01
92 8.799440e-01 8.292000e-03 1.117640e-01
93 8.785560e-01 8.264000e-03 1.131800e-01
94 8.770920e-01 8.204000e-03 1.147040e-01
95 8.756280e-01 8.236000e-03 1.161360e-01
96 8.743040e-01 8.120000e-03 1.175760e-01
97 8.728520e-01 8.264000e-03 1.188840e-01
98 8.712480e-01 8.532000e-03 1.202200e-01
99 8.697600e-01 8.424000e-03 1.218160e-01
100 8.682200e-01 8.412000e-03 1.233680e-01
101 8.667720e-01 8.480000e-03 1.247480e-01
102 8.652360e-01 8.536000e-03 1.262280e-01
103 8.636240e-01 8.596000e-03 1.277800e-01
104 8.621000e-01 8.660000e-03 1.292400e-01
105 8.607280e-01 8.488000e-03 1.307840e-01
106 8.593360e-01 8.444000e-03 1.322200e-01
107 8.579120e-01 8.436000e-03 1.336520e-01
108 8.563240e-01 8.696000e-03 1.349800e-01
109 8.546960e-01 8.828000e-03 1.364760e-01
110 8.530280e-01 8.928000e-03 1.380440e-01
111 8.514280e-01 9.012000e-03 1.395600e-01
112 8.497800e-01 9.196000e-03 1.410240e-01
113 8.481040e-01 9.192000e-03 1.427040e-01
114 8.462280e-01 9.416000e-03 1.443560e-01
115 8.444680e-01 9.552000e-03 1.459800e-01
116 8.427320e-01 9.580000e-03 1.476880e-01
117 8.411120e-01 9.472000e-03 1.494160e-01
118 8.394480e-01 9.460000e-03 1.510920e-01
119 8.377160e-01 9.420000e-03 1.528640e-01
120 8.361560e-01 9.240000e-03 1.546040e-01
121 8.346160e-01 9.224000e-03 1.561600e-01
122 8.331720e-01 9.060000e-03 1.577680e-01
123 8.317800e-01 8.892000e-03 1.593280e-01
124 8.303520e-01 8.744000e-03 1.609040e-01
125 8.288840e-01 8.740000e-03 1.623760e-01
126 8.271880e-01 8.936000e-03 1.638760e-01
127 8.257360e-01 8.896000e-03 1.653680e-01
128 8.243120e-01 8.868000e-03 1.668200e-01
129 8.228600e-01 8.696000e-03 1.684440e-01
130 8.213240e-01 8.720000e-03 1.699560e-01
131 8.199120e-01 8.640000e-03 1.714480e-01
132 8.182760e-01 8.756000e-03 1.729680e-01
133 8.166480e-01 8.856000e-03 1.744960e-01
134 8.150600e-01 8.796000e-03 1.761440e-01
135 8.134520e-01 8.924000e-03 1.776240e-01
136 8.118960e-01 9.016000e-03 1.790880e-01
137 8.102480e-01 9.040000e-03 1.807120e-01
138 8.088360e-01 8.820000e-03 1.823440e-01
139 8.074240e-01 8.708000e-03 1.838680e-01
140 8.059360e-01 8.588000e-03 1.854760e-01
141 8.045880e-01 8.472000e-03 1.869400e-01
142 8.030720e-01 8.580000e-03 1.883480e-01
143 8.017000e-01 8.412000e-03 1.898880e-01
144 8.003800e-01 8.276000e-03 1.913440e-01
145 7.989240e-01 8.188000e-03 1.928880e-01
146 7.976800e-01 8.024000e-03 1.942960e-01
147 7.963320e-01 7.932000e-03 1.957360e-01
148 7.949600e-01 7.916000e-03 1.971240e-01
149 7.937080e-01 7.836000e-03 1.984560e-01
150 7.922240e-01 7.848000e-03 1.999280e-01
151 7.910160e-01 7.700000e-03 2.012840e-01
152 7.898760e-01 7.544000e-03 2.025800e-01
153 7.886480e-01 7.476000e-03 2.038760e-01
154 7.873360e-01 7.612000e-03 2.050520e-01
155 7.861120e-01 7.360000e-03 2.065280e-01
156 7.850600e-01 7.136000e-03 2.078040e-01
157 7.840680e-01 6.888000e-03 2.090440e-01
158 7.829080e-01 6.776000e-03 2.103160e-01
159 7.817440e-01 6.740000e-03 2.115160e-01
160 7.806240e-01 6.800000e-03 2.125760e-01
161 7.796160e-01 6.560000e-03 2.138240e-01
162 7.784280e-01 6.696000e-03 2.148760e-01
163 7.772280e-01 6.744000e-03 2.160280e-01
164 7.758560e-01 6.900000e-03 2.172440e-01
165 7.746960e-01 6.892000e-03 2.184120e-01
166 7.734240e-01 6.992000e-03 2.195840e-01
167 7.721680e-01 7.056000e-03 2.207760e-01
168 7.709440e-01 6.996000e-03 2.220600e-01
169 7.698200e-01 6.956000e-03 2.232240e-01
170 7.686520e-01 6.952000e-03 2.243960e-01
171 7.672800e-01 7.124000e-03 2.255960e-01
172 7.658120e-01 7.352000e-03 2.268360e-01
173 7.645120e-01 7.376000e-03 2.281120e-01
174 7.631520e-01 7.516000e-03 2.293320e-01
175 7.618760e-01 7.436000e-03 2.306880e-01
176 7.604520e-01 7.544000e-03 2.320040e-01
177 7.590960e-01 7.548000e-03 2.333560e-01
178 7.579520e-01 7.484000e-03 2.345640e-01
179 7.567240e-01 7.320000e-03 2.359560e-01
180 7.554840e-01 7.304000e-03 2.372120e-01
181 7.542680e-01 7.228000e-03 2.385040e-01
182 7.530440e-01 7.220000e-03 2.397360e-01
183 7.519080e-01 7.056000e-03 2.410360e-01
184 7.508320e-01 6.792000e-03 2.423760e-01
185 7.497640e-01 6.692000e-03 2.435440e-01
186 7.485480e-01 6.772000e-03 2.446800e-01
187 7.473560e-01 6.792000e-03 2.458520e-01
188 7.462640e-01 6.676000e-03 2.470600e-01
189 7.452080e-01 6.548000e-03 2.482440e-01
190 7.442400e-01 6.332000e-03 2.494280e-01
191 7.432760e-01 6.268000e-03 2.504560e-01
192 7.423640e-01 6.052000e-03 2.515840e-01
193 7.413600e-01 6.128000e-03 2.525120e-01
194 7.404720e-01 6.068000e-03 2.534600e-01
195 7.396160e-01 5.904000e-03 2.544800e-01
196 7.387680e-01 5.724000e-03 2.555080e-01
197 7.378840e-01 5.652000e-03 2.564640e-01
198 7.369240e-01 5.608000e-03 2.574680e-01
199 7.358600e-01 5.664000e-03 2.584760e-01
200 7.350000e-01 5.588000e-03 2.594120e-01
201 7.339360e-01 5.656000e-03 2.604080e-01
202 7.330840e-01 5.580000e-03 2.613360e-01
203 7.321120e-01 5.508000e-03 2.623800e-01
204 7.311480e-01 5.668000e-03 2.631840e-01
205 7.302360e-01 5.596000e-03 2.641680e-01
206 7.291000e-01 5.728000e-03 2.651720e-01
207 7.282680e-01 5.556000e-03 2.661760e-01
208 7.273240e-01 5.512000e-03 2.671640e-01
209 7.263480e-01 5.512000e-03 2.681400e-01
210 7.252760e-01 5.580000e-03 2.691440e-01
211 7.243800e-01 5.508000e-03 2.701120e-01
212 7.234560e-01 5.464000e-03 2.710800e-01
213 7.224360e-01 5.568000e-03 2.719960e-01
214 7.215360e-01 5.476000e-03 2.729880e-01
215 7.205040e-01 5.532000e-03 2.739640e-01
216 7.195600e-01 5.492000e-03 2.749480e-01
217 7.185280e-01 5.628000e-03 2.758440e-01
218 7.175680e-01 5.528000e-03 2.769040e-01
219 7.165240e-01 5.700000e-03 2.777760e-01
220 7.155320e-01 5.704000e-03 2.787640e-01
221 7.145600e-01 5.672000e-03 2.797680e-01
222 7.136640e-01 5.520000e-03 2.808160e-01
223 7.129000e-01 5.332000e-03 2.817680e-01
224 7.120480e-01 5.256000e-03 2.826960e-01
225 7.112040e-01 5.192000e-03 2.836040e-01
226 7.104560e-01 5.076000e-03 2.844680e-01
227 7.095600e-01 5.092000e-03 2.853480e-01
228 7.087160e-01 5.040000e-03 2.862440e-01
229 7.079320e-01 4.996000e-03 2.870720e-01
230 7.073520e-01 4.848000e-03 2.878000e-01
231 7.065760e-01 4.688000e-03 2.887360e-01
232 7.058880e-01 4.644000e-03 2.894680e-01
233 7.050440e-01 4.684000e-03 2.902720e-01
234 7.042040e-01 4.704000e-03 2.910920e-01
235 7.035160e-01 4.584000e-03 2.919000e-01
236 7.027600e-01 4.500000e-03 2.927400e-01
237 7.020080e-01 4.528000e-03 2.934640e-01
238 7.011840e-01 4.576000e-03 2.942400e-01
239 7.004200e-01 4.512000e-03 2.950680e-01
240 6.996440e-01 4.440000e-03 2.959160e-01
241 6.989280e-01 4.384000e-03 2.966880e-01
242 6.981320e-01 4.336000e-03 2.975320e-01
243 6.974000e-01 4.268000e-03 2.983320e-01
244 6.967120e-01 4.164000e-03 2.991240e-01
245 6.959320e-01 4.260000e-03 2.998080e-01
246 6.953120e-01 4.272000e-03 3.004160e-01
247 6.946000e-01 4.168000e-03 3.012320e-01
248 6.939400e-01 4.112000e-03 3.019480e-01
249 6.932480e-01 4.088000e-03 3.026640e-01
250 6.925360e-01 4.088000e-03 3.033760e-01
251 6.917360e-01 4.120000e-03 3.041440e-01
252 6.910720e-01 4.068000e-03 3.048600e-01
253 6.903680e-01 4.096000e-03 3.055360e-01
254 6.896280e-01 4.100000e-03 3.062720e-01
255 6.889160e-01 4.136000e-03 3.069480e-01
256 6.881680e-01 4.112000e-03 3.077200e-01
257 6.874080e-01 4.188000e-03 3.084040e-01
258 6.866640e-01 4.192000e-03 3.091440e-01
259 6.859560e-01 4.100000e-03 3.099440e-01
260 6.852440e-01 4.032000e-03 3.107240e-01
261 6.845160e-01 4.040000e-03 3.114440e-01
262 6.838160e-01 4.080000e-03 3.121040e-01
263 6.831080e-01 4.044000e-03 3.128480e-01
264 6.824080e-01 4.076000e-03 3.135160e-01
265 6.814840e-01 4.328000e-03 3.141880e-01
266 6.806560e-01 4.472000e-03 3.148720e-01
267 6.798040e-01 4.480000e-03 3.157160e-01
268 6.789400e-01 4.600000e-03 3.164600e-01
269 6.780720e-01 4.688000e-03 3.172400e-01
270 6.771880e-01 4.728000e-03 3.180840e-01
271 6.763320e-01 4.740000e-03 3.189280e-01
272 6.754880e-01 4.772000e-03 3.197400e-01
273 6.746600e-01 4.772000e-03 3.205680e-01
274 6.737760e-01 4.808000e-03 3.214160e-01
275 6.730040e-01 4.844000e-03 3.221520e-01
276 6.722160e-01 4.728000e-03 3.230560e-01
277 6.714320e-01 4.704000e-03 3.238640e-01
278 6.706080e-01 4.692000e-03 3.247000e-01
279 6.698800e-01 4.500000e-03 3.256200e-01
280 6.691120e-01 4.432000e-03 3.264560e-01
281 6.683000e-01 4.444000e-03 3.272560e-01
282 6.675000e-01 4.488000e-03 3.280120e-01
283 6.667160e-01 4.468000e-03 3.288160e-01
284 6.659760e-01 4.452000e-03 3.295720e-01
285 6.653040e-01 4.348000e-03 3.303480e-01
286 6.645920e-01 4.256000e-03 3.311520e-01
287 6.638960e-01 4.180000e-03 3.319240e-01
288 6.631360e-01 4.192000e-03 3.326720e-01
289 6.624960e-01 4.084000e-03 3.334200e-01
290 6.618600e-01 4.084000e-03 3.340560e-01
291 6.612480e-01 4.084000e-03 3.346680e-01
292 6.605760e-01 4.028000e-03 3.353960e-01
293 6.599800e-01 3.948000e-03 3.360720e-01
294 6.593480e-01 3.984000e-03 3.366680e-01
295 6.586840e-01 4.092000e-03 3.372240e-01
296 6.580160e-01 4.016000e-03 3.379680e-01
297 6.573160e-01 4.024000e-03 3.386600e-01
298 6.567200e-01 3.992000e-03 3.392880e-01
299 6.559960e-01 4.000000e-03 3.400040e-01
300 6.552400e-01 4.072000e-03 3.406880e-01
301 6.545120e-01 3.972000e-03 3.415160e-01
302 6.538000e-01 4.000000e-03 3.422000e-01
303 6.531760e-01 3.904000e-03 3.429200e-01
304 6.525240e-01 3.872000e-03 3.436040e-01
305 6.518800e-01 3.808000e-03 3.443120e-01
306 6.512520e-01 3.740000e-03 3.450080e-01
307 6.504960e-01 3.824000e-03 3.456800e-01
308 6.498400e-01 3.836000e-03 3.463240e-01
309 6.491200e-01 3.804000e-03 3.470760e-01
310 6.484760e-01 3.836000e-03 3.476880e-01
311 6.477280e-01 3.792000e-03 3.484800e-01
312 6.470360e-01 3.852000e-03 3.491120e-01
313 6.463400e-01 3.880000e-03 3.497800e-01
314 6.456480e-01 3.900000e-03 3.504520e-01
315 6.449520e-01 4.012000e-03 3.510360e-01
316 6.442480e-01 4.036000e-03 3.517160e-01
317 6.435840e-01 4.088000e-03 3.523280e-01
318 6.429000e-01 3.976000e-03 3.531240e-01
319 6.422800e-01 3.920000e-03 3.538000e-01
320 6.417040e-01 3.840000e-03 3.544560e-01
321 6.410760e-01 3.844000e-03 3.550800e-01
322 6.404920e-01 3.848000e-03 3.556600e-01
323 6.399000e-01 3.788000e-03 3.563120e-01
324 6.393440e-01 3.684000e-03 3.569720e-01
325 6.388080e-01 3.568000e-03 3.576240e-01
326 6.382480e-01 3.484000e-03 3.582680e-01
327 6.377000e-01 3.452000e-03 3.588480e-01
328 6.371920e-01 3.324000e-03 3.594840e-01
329 6.367400e-01 3.164000e-03 3.600960e-01
330 6.362360e-01 3.132000e-03 3.606320e-01
331 6.357040e-01 3.164000e-03 3.611320e-01
332 6.351800e-01 3.116000e-03 3.617040e-01
333 6.346840e-01 3.024000e-03 3.622920e-01
334 6.342440e-01 2.940000e-03 3.628160e-01
335 6.337600e-01 2.872000e-03 3.633680e-01
336 6.333480e-01 2.848000e-03 3.638040e-01
337 6.329240e-01 2.768000e-03 3.643080e-01
338 6.325000e-01 2.680000e-03 3.648200e-01
339 6.320920e-01 2.672000e-03 3.652360e-01
340 6.315960e-01 2.672000e-03 3.657320e-01
341 6.310480e-01 2.752000e-03 3.662000e-01
342 6.305600e-01 2.760000e-03 3.666800e-01
343 6.301520e-01 2.628000e-03 3.672200e-01
344 6.296760e-01 2.652000e-03 3.676720e-01
345 6.292320e-01 2.572000e-03 3.681960e-01
346 6.287400e-01 2.680000e-03 3.685800e-01
347 6.283640e-01 2.532000e-03 3.691040e-01
348 6.279440e-01 2.524000e-03 3.695320e-01
349 6.275720e-01 2.460000e-03 3.699680e-01
350 6.271680e-01 2.424000e-03 3.704080e-01
351 6.267520e-01 2.412000e-03 3.708360e-01
352 6.262640e-01 2.472000e-03 3.712640e-01
353 6.257800e-01 2.544000e-03 3.716760e-01
354 6.253800e-01 2.496000e-03 3.721240e-01
355 6.250160e-01 2.408000e-03 3.725760e-01
356 6.246480e-01 2.372000e-03 3.729800e-01
357 6.242200e-01 2.388000e-03 3.733920e-01
358 6.237680e-01 2.440000e-03 3.737920e-01
359 6.233560e-01 2.440000e-03 3.742040e-01
360 6.228400e-01 2.548000e-03 3.746120e-01
361 6.224320e-01 2.488000e-03 3.750800e-01
362 6.220560e-01 2.444000e-03 3.755000e-01
363 6.217480e-01 2.372000e-03 3.758800e-01
364 6.214840e-01 2.188000e-03 3.763280e-01
365 6.211320e-01 2.152000e-03 3.767160e-01
366 6.207640e-01 2.120000e-03 3.771160e-01
367 6.204080e-01 2.096000e-03 3.774960e-01
368 6.200920e-01 2.084000e-03 3.778240e-01
369 6.197160e-01 2.112000e-03 3.781720e-01
370 6.193360e-01 2.100000e-03 3.785640e-01
371 6.189280e-01 2.128000e-03 3.789440e-01
372 6.185840e-01 2.100000e-03 3.793160e-01
373 6.182680e-01 2.068000e-03 3.796640e-01
374 6.179600e-01 2.028000e-03 3.800120e-01
375 6.176240e-01 1.960000e-03 3.804160e-01
376 6.172360e-01 2.040000e-03 3.807240e-01
377 6.168600e-01 2.024000e-03 3.811160e-01
378 6.165560e-01 1.964000e-03 3.814800e-01
379 6.161200e-01 2.036000e-03 3.818440e-01
380 6.157720e-01 1.956000e-03 3.822720e-01
381 6.154400e-01 1.904000e-03 3.826560e-01
382 6.150720e-01 1.920000e-03 3.830080e-01
383 6.147760e-01 1.860000e-03 3.833640e-01
384 6.144840e-01 1.792000e-03 3.837240e-01
385 6.142440e-01 1.712000e-03 3.840440e-01
386 6.138920e-01 1.752000e-03 3.843560e-01
387 6.136240e-01 1.668000e-03 3.847080e-01
388 6.132680e-01 1.736000e-03 3.849960e-01
389 6.128600e-01 1.856000e-03 3.852840e-01
390 6.125280e-01 1.860000e-03 3.856120e-01
391 6.121320e-01 1.976000e-03 3.858920e-01
392 6.117920e-01 2.000000e-03 3.862080e-01
393 6.113800e-01 2.028000e-03 3.865920e-01
394 6.110120e-01 2.064000e-03 3.869240e-01
395 6.106320e-01 2.096000e-03 3.872720e-01
396 6.102440e-01 2.132000e-03 3.876240e-01
397 6.099320e-01 2.068000e-03 3.880000e-01
398 6.096240e-01 2.020000e-03 3.883560e-01
399 6.093360e-01 1.952000e-03 3.887120e-01
400 6.090600e-01 1.872000e-03 3.890680e-01
401 6.088640e-01 1.724000e-03 3.894120e-01
402 6.086360e-01 1.652000e-03 3.897120e-01
403 6.084120e-01 1.584000e-03 3.900040e-01
404 6.081680e-01 1.580000e-03 3.902520e-01
405 6.078760e-01 1.600000e-03 3.905240e-01
406 6.076000e-01 1.552000e-03 3.908480e-01
407 6.073160e-01 1.564000e-03 3.911200e-01
408 6.069840e-01 1.620000e-03 3.913960e-01
409 6.067200e-01 1.640000e-03 3.916400e-01
410 6.063960e-01 1.648000e-03 3.919560e-01
411 6.061400e-01 1.592000e-03 3.922680e-01
412 6.058280e-01 1.604000e-03 3.925680e-01
413 6.055640e-01 1.536000e-03 3.929000e-01
414 6.053040e-01 1.528000e-03 3.931680e-01
415 6.048840e-01 1.684000e-03 3.934320e-01
416 6.045960e-01 1.732000e-03 3.936720e-01
417 6.043200e-01 1.700000e-03 3.939800e-01
418 6.039720e-01 1.728000e-03 3.943000e-01
419 6.036440e-01 1.768000e-03 3.945880e-01
420 6.033240e-01 1.792000e-03 3.948840e-01
421 6.029920e-01 1.852000e-03 3.951560e-01
422 6.026640e-01 1.844000e-03 3.954920e-01
423 6.023520e-01 1.884000e-03 3.957640e-01
424 6.020160e-01 1.900000e-03 3.960840e-01
425 6.017120e-01 1.852000e-03 3.964360e-01
426 6.014120e-01 1.864000e-03 3.967240e-01
427 6.011720e-01 1.768000e-03 3.970600e-01
428 6.009960e-01 1.632000e-03 3.973720e-01
429 6.007520e-01 1.532000e-03 3.977160e-01
430 6.005360e-01 1.512000e-03 3.979520e-01
431 6.002800e-01 1.516000e-03 3.982040e-01
432 6.000720e-01 1.516000e-03 3.984120e-01
433 5.998280e-01 1.488000e-03 3.986840e-01
434 5.995920e-01 1.420000e-03 3.989880e-01
435 5.993920e-01 1.376000e-03 3.992320e-01
436 5.991600e-01 1.380000e-03 3.994600e-01
437 5.989520e-01 1.332000e-03 3.997160e-01
438 5.986760e-01 1.396000e-03 3.999280e-01
439 5.983720e-01 1.476000e-03 4.001520e-01
440 5.980680e-01 1.528000e-03 4.004040e-01
441 5.978120e-01 1.540000e-03 4.006480e-01
442 5.976320e-01 1.484000e-03 4.008840e-01
443 5.973920e-01 1.428000e-03 4.011800e-01
444 5.972080e-01 1.344000e-03 4.014480e-01
445 5.969560e-01 1.336000e-03 4.017080e-01
446 5.967400e-01 1.316000e-03 4.019440e-01
447 5.965040e-01 1.320000e-03 4.021760e-01
448 5.963040e-01 1.316000e-03 4.023800e-01
449 5.961360e-01 1.288000e-03 4.025760e-01
450 5.959360e-01 1.292000e-03 4.027720e-01
451 5.957440e-01 1.272000e-03 4.029840e-01
452 5.955160e-01 1.348000e-03 4.031360e-01
453 5.952960e-01 1.356000e-03 4.033480e-01
454 5.951280e-01 1.288000e-03 4.035840e-01
455 5.948880e-01 1.256000e-03 4.038560e-01
456 5.946720e-01 1.264000e-03 4.040640e-01
457 5.943960e-01 1.320000e-03 4.042840e-01
458 5.941440e-01 1.328000e-03 4.045280e-01
459 5.939680e-01 1.264000e-03 4.047680e-01
460 5.937440e-01 1.268000e-03 4.049880e-01
461 5.935520e-01 1.244000e-03 4.052040e-01
462 5.933840e-01 1.208000e-03 4.054080e-01
463 5.931560e-01 1.212000e-03 4.056320e-01
464 5.929360e-01 1.208000e-03 4.058560e-01
465 5.927400e-01 1.180000e-03 4.060800e-01
466 5.925440e-01 1.196000e-03 4.062600e-01
467 5.923960e-01 1.148000e-03 4.064560e-01
468 5.922280e-01 1.168000e-03 4.066040e-01
469 5.920400e-01 1.188000e-03 4.067720e-01
470 5.918880e-01 1.152000e-03 4.069600e-01
471 5.917000e-01 1.188000e-03 4.071120e-01
472 5.915240e-01 1.180000e-03 4.072960e-01
473 5.913280e-01 1.208000e-03 4.074640e-01
474 5.911640e-01 1.200000e-03 4.076360e-01
475 5.909360e-01 1.256000e-03 4.078080e-01
476 5.906960e-01 1.304000e-03 4.080000e-01
477 5.905000e-01 1.272000e-03 4.082280e-01
478 5.903120e-01 1.264000e-03 4.084240e-01
479 5.900600e-01 1.304000e-03 4.086360e-01
480 5.898360e-01 1.288000e-03 4.088760e-01
481 5.896120e-01 1.284000e-03 4.091040e-01
482 5.893920e-01 1.284000e-03 4.093240e-01
483 5.891840e-01 1.276000e-03 4.095400e-01
484 5.889560e-01 1.280000e-03 4.097640e-01
485 5.887800e-01 1.208000e-03 4.100120e-01
486 5.885800e-01 1.228000e-03 4.101920e-01
487 5.883960e-01 1.220000e-03 4.103840e-01
488 5.881400e-01 1.304000e-03 4.105560e-01
489 5.879280e-01 1.248000e-03 4.108240e-01
490 5.876680e-01 1.324000e-03 4.110080e-01
491 5.874040e-01 1.348000e-03 4.112480e-01
492 5.872040e-01 1.320000e-03 4.114760e-01
493 5.870120e-01 1.256000e-03 4.117320e-01
494 5.868080e-01 1.196000e-03 4.119960e-01
495 5.865840e-01 1.176000e-03 4.122400e-01
496 5.864400e-01 1.092000e-03 4.124680e-01
497 5.862600e-01 1.076000e-03 4.126640e-01
498 5.860680e-01 1.076000e-03 4.128560e-01
499 5.858920e-01 1.080000e-03 4.130280e-01
500 5.857760e-01 1.036000e-03 4.131880e-01
