1 9.992040e-01 6.880000e-04 1.080000e-04
2 9.986280e-01 1.128000e-03 2.440000e-04
3 9.979200e-01 1.616000e-03 4.640000e-04
4 9.971000e-01 2.152000e-03 7.480000e-04
5 9.962600e-01 2.572000e-03 1.168000e-03
6 9.952760e-01 3.056000e-03 1.668000e-03
7 9.941960e-01 3.544000e-03 2.260000e-03
8 9.930600e-01 4.008000e-03 2.932000e-03
9 9.918600e-01 4.544000e-03 3.596000e-03
10 9.907760e-01 4.788000e-03 4.436000e-03
11 9.896960e-01 4.892000e-03 5.412000e-03
12 9.885840e-01 5.088000e-03 6.328000e-03
13 9.874040e-01 5.336000e-03 7.260000e-03
14 9.861160e-01 5.608000e-03 8.276000e-03
15 9.848640e-01 5.920000e-03 9.216000e-03
16 9.835720e-01 6.216000e-03 1.021200e-02
17 9.820560e-01 6.796000e-03 1.114800e-02
18 9.806560e-01 7.088000e-03 1.225600e-02
19 9.792720e-01 7.200000e-03 1.352800e-02
20 9.779080e-01 7.280000e-03 1.481200e-02
21 9.764720e-01 7.468000e-03 1.606000e-02
22 9.750040e-01 7.500000e-03 1.749600e-02
23 9.736160e-01 7.528000e-03 1.885600e-02
24 9.720520e-01 7.684000e-03 2.026400e-02
25 9.704360e-01 7.928000e-03 2.163600e-02
26 9.686480e-01 8.184000e-03 2.316800e-02
27 9.670440e-01 8.400000e-03 2.455600e-02
28 9.654320e-01 8.420000e-03 2.614800e-02
29 9.637960e-01 8.480000e-03 2.772400e-02
30 9.620120e-01 8.820000e-03 2.916800e-02
31 9.603360e-01 8.888000e-03 3.077600e-02
32 9.587040e-01 8.964000e-03 3.233200e-02
33 9.569920e-01 9.160000e-03 3.384800e-02
34 9.551760e-01 9.280000e-03 3.554400e-02
35 9.535000e-01 9.408000e-03 3.709200e-02
36 9.517000e-01 9.520000e-03 3.878000e-02
37 9.500240e-01 9.612000e-03 4.036400e-02
38 9.481800e-01 9.672000e-03 4.214800e-02
39 9.464120e-01 9.956000e-03 4.363200e-02
40 9.446040e-01 1.005200e-02 4.534400e-02
41 9.427800e-01 1.006000e-02 4.716000e-02
42 9.410680e-01 9.972000e-03 4.896000e-02
43 9.393960e-01 1.001200e-02 5.059200e-02
44 9.377760e-01 9.720000e-03 5.250400e-02
45 9.359200e-01 9.836000e-03 5.424400e-02
46 9.341280e-01 1.003600e-02 5.583600e-02
47 9.323160e-01 9.996000e-03 5.768800e-02
48 9.304560e-01 1.003200e-02 5.951200e-02
49 9.286440e-01 1.008400e-02 6.127200e-02
50 9.268760e-01 1.003600e-02 6.308800e-02
51 9.252000e-01 1.006000e-02 6.474000e-02
52 9.232680e-01 1.031600e-02 6.641600e-02
53 9.214360e-01 1.017200e-02 6.839200e-02
54 9.196120e-01 1.032000e-02 7.006800e-02
55 9.175520e-01 1.048800e-02 7.196000e-02
56 9.153520e-01 1.096800e-02 7.368000e-02
57 9.133720e-01 1.102000e-02 7.560800e-02
58 9.112240e-01 1.128400e-02 7.749200e-02
59 9.091840e-01 1.140000e-02 7.941600e-02
60 9.071360e-01 1.137600e-02 8.148800e-02
61 9.049560e-01 1.161600e-02 8.342800e-02
62 9.029520e-01 1.138000e-02 8.566800e-02
63 9.009600e-01 1.140800e-02 8.763200e-02
64 8.989600e-01 1.142000e-02 8.962000e-02
65 8.969480e-01 1.134800e-02 9.170400e-02
66 8.947720e-01 1.167600e-02 9.355200e-02
67 8.927280e-01 1.167200e-02 9.560000e-02
68 8.905600e-01 1.189600e-02 9.754400e-02
69 8.885000e-01 1.175600e-02 9.974400e-02
70 8.863800e-01 1.182000e-02 1.018000e-01
71 8.843360e-01 1.164400e-02 1.040200e-01
72 8.822760e-01 1.159200e-02 1.061320e-01
73 8.803280e-01 1.135200e-02 1.083200e-01
74 8.783280e-01 1.135200e-02 1.103200e-01
75 8.764640e-01 1.122400e-02 1.123120e-01
76 8.745560e-01 1.124400e-02 1.142000e-01
77 8.727160e-01 1.113200e-02 1.161520e-01
78 8.708520e-01 1.101200e-02 1.181360e-01
79 8.689600e-01 1.097200e-02 1.200680e-01
80 8.672600e-01 1.076800e-02 1.219720e-01
81 8.655000e-01 1.059200e-02 1.239080e-01
82 8.638480e-01 1.039200e-02 1.257600e-01
83 8.621920e-01 1.036400e-02 1.274440e-01
84 8.605880e-01 1.028000e-02 1.291320e-01
85 8.591520e-01 1.000800e-02 1.308400e-01
86 8.575720e-01 9.820000e-03 1.326080e-01
87 8.559360e-01 9.736000e-03 1.343280e-01
88 8.542840e-01 9.648000e-03 1.360680e-01
89 8.527040e-01 9.612000e-03 1.376840e-01
90 8.510840e-01 9.524000e-03 1.393920e-01
91 8.495880e-01 9.356000e-03 1.410560e-01
92 8.478720e-01 9.468000e-03 1.426600e-01
93 8.461960e-01 9.444000e-03 1.443600e-01
94 8.446880e-01 9.360000e-03 1.459520e-01
95 8.432400e-01 9.220000e-03 1.475400e-01
96 8.417160e-01 9.268000e-03 1.490160e-01
97 8.401160e-01 9.236000e-03 1.506480e-01
98 8.385960e-01 9.128000e-03 1.522760e-01
99 8.371080e-01 9.024000e-03 1.538680e-01
100 8.357680e-01 8.912000e-03 1.553200e-01
101 8.341440e-01 8.976000e-03 1.568800e-01
102 8.326320e-01 8.988000e-03 1.583800e-01
103 8.312680e-01 8.740000e-03 1.599920e-01
104 8.297360e-01 8.680000e-03 1.615840e-01
105 8.281720e-01 8.828000e-03 1.630000e-01
106 8.265960e-01 8.796000e-03 1.646080e-01
107 8.251760e-01 8.632000e-03 1.661920e-01
108 8.236280e-01 8.728000e-03 1.676440e-01
109 8.220520e-01 8.796000e-03 1.691520e-01
110 8.203440e-01 9.020000e-03 1.706360e-01
111 8.187760e-01 8.948000e-03 1.722760e-01
112 8.172920e-01 8.848000e-03 1.738600e-01
113 8.159120e-01 8.636000e-03 1.754520e-01
114 8.145200e-01 8.684000e-03 1.767960e-01
115 8.130680e-01 8.488000e-03 1.784440e-01
116 8.116880e-01 8.500000e-03 1.798120e-01
117 8.102560e-01 8.504000e-03 1.812400e-01
118 8.087560e-01 8.432000e-03 1.828120e-01
119 8.073440e-01 8.400000e-03 1.842560e-01
120 8.060280e-01 8.232000e-03 1.857400e-01
121 8.046880e-01 8.140000e-03 1.871720e-01
122 8.032960e-01 8.028000e-03 1.886760e-01
123 8.019040e-01 7.988000e-03 1.901080e-01
124 8.006880e-01 7.808000e-03 1.915040e-01
125 7.993960e-01 7.580000e-03 1.930240e-01
126 7.981080e-01 7.568000e-03 1.943240e-01
127 7.967960e-01 7.628000e-03 1.955760e-01
128 7.954440e-01 7.604000e-03 1.969520e-01
129 7.941200e-01 7.628000e-03 1.982520e-01
130 7.928040e-01 7.684000e-03 1.995120e-01
131 7.914920e-01 7.688000e-03 2.008200e-01
132 7.900720e-01 7.860000e-03 2.020680e-01
133 7.887160e-01 7.880000e-03 2.034040e-01
134 7.872840e-01 7.828000e-03 2.048880e-01
135 7.858040e-01 7.956000e-03 2.062400e-01
136 7.841480e-01 8.184000e-03 2.076680e-01
137 7.826360e-01 8.216000e-03 2.091480e-01
138 7.811320e-01 8.304000e-03 2.105640e-01
139 7.796160e-01 8.368000e-03 2.120160e-01
140 7.781800e-01 8.344000e-03 2.134760e-01
141 7.768320e-01 8.400000e-03 2.147680e-01
142 7.754600e-01 8.160000e-03 2.163800e-01
143 7.741920e-01 8.000000e-03 2.178080e-01
144 7.730400e-01 7.844000e-03 2.191160e-01
145 7.719400e-01 7.632000e-03 2.204280e-01
146 7.707640e-01 7.568000e-03 2.216680e-01
147 7.694720e-01 7.572000e-03 2.229560e-01
148 7.682360e-01 7.484000e-03 2.242800e-01
149 7.671840e-01 7.156000e-03 2.256600e-01
150 7.661240e-01 6.952000e-03 2.269240e-01
151 7.649880e-01 6.808000e-03 2.282040e-01
152 7.638720e-01 6.732000e-03 2.293960e-01
153 7.626160e-01 6.868000e-03 2.305160e-01
154 7.616200e-01 6.636000e-03 2.317440e-01
155 7.606880e-01 6.408000e-03 2.329040e-01
156 7.596280e-01 6.308000e-03 2.340640e-01
157 7.584880e-01 6.304000e-03 2.352080e-01
158 7.573360e-01 6.392000e-03 2.362720e-01
159 7.562680e-01 6.392000e-03 2.373400e-01
160 7.551120e-01 6.428000e-03 2.384600e-01
161 7.539400e-01 6.600000e-03 2.394600e-01
162 7.528800e-01 6.524000e-03 2.405960e-01
163 7.518600e-01 6.372000e-03 2.417680e-01
164 7.507160e-01 6.528000e-03 2.427560e-01
165 7.495760e-01 6.524000e-03 2.439000e-01
166 7.484800e-01 6.384000e-03 2.451360e-01
167 7.474400e-01 6.312000e-03 2.462480e-01
168 7.463920e-01 6.212000e-03 2.473960e-01
169 7.452520e-01 6.180000e-03 2.485680e-01
170 7.442560e-01 6.152000e-03 2.495920e-01
171 7.433400e-01 5.972000e-03 2.506880e-01
172 7.425280e-01 5.800000e-03 2.516720e-01
173 7.415320e-01 5.688000e-03 2.527800e-01
174 7.407120e-01 5.588000e-03 2.537000e-01
175 7.397920e-01 5.520000e-03 2.546880e-01
176 7.389280e-01 5.336000e-03 2.557360e-01
177 7.382160e-01 5.040000e-03 2.567440e-01
178 7.374600e-01 4.864000e-03 2.576760e-01
179 7.365960e-01 4.916000e-03 2.584880e-01
180 7.357600e-01 4.936000e-03 2.593040e-01
181 7.350040e-01 4.820000e-03 2.601760e-01
182 7.341320e-01 4.832000e-03 2.610360e-01
183 7.332320e-01 4.896000e-03 2.618720e-01
184 7.323840e-01 4.776000e-03 2.628400e-01
185 7.314200e-01 4.940000e-03 2.636400e-01
186 7.306120e-01 4.816000e-03 2.645720e-01
187 7.298520e-01 4.700000e-03 2.654480e-01
188 7.290440e-01 4.728000e-03 2.662280e-01
189 7.282240e-01 4.784000e-03 2.669920e-01
190 7.274360e-01 4.584000e-03 2.679800e-01
191 7.267000e-01 4.632000e-03 2.686680e-01
192 7.258680e-01 4.680000e-03 2.694520e-01
193 7.249080e-01 4.892000e-03 2.702000e-01
194 7.239960e-01 4.972000e-03 2.710320e-01
195 7.232080e-01 4.916000e-03 2.718760e-01
196 7.224120e-01 4.864000e-03 2.727240e-01
197 7.216840e-01 4.676000e-03 2.736400e-01
198 7.209560e-01 4.616000e-03 2.744280e-01
199 7.202800e-01 4.452000e-03 2.752680e-01
200 7.194920e-01 4.420000e-03 2.760880e-01
201 7.187680e-01 4.336000e-03 2.768960e-01
202 7.179960e-01 4.284000e-03 2.777200e-01
203 7.172960e-01 4.172000e-03 2.785320e-01
204 7.166120e-01 4.076000e-03 2.793120e-01
205 7.159440e-01 3.964000e-03 2.800920e-01
206 7.151960e-01 4.064000e-03 2.807400e-01
207 7.145040e-01 4.020000e-03 2.814760e-01
208 7.138680e-01 3.964000e-03 2.821680e-01
209 7.131520e-01 4.044000e-03 2.828040e-01
210 7.126200e-01 3.936000e-03 2.834440e-01
211 7.120120e-01 3.828000e-03 2.841600e-01
212 7.113960e-01 3.800000e-03 2.848040e-01
213 7.106920e-01 3.952000e-03 2.853560e-01
214 7.099800e-01 4.044000e-03 2.859760e-01
215 7.092960e-01 4.028000e-03 2.866760e-01
216 7.086640e-01 4.032000e-03 2.873040e-01
217 7.079680e-01 4.000000e-03 2.880320e-01
218 7.072920e-01 3.964000e-03 2.887440e-01
219 7.066600e-01 3.984000e-03 2.893560e-01
220 7.060480e-01 3.924000e-03 2.900280e-01
221 7.053440e-01 3.952000e-03 2.907040e-01
222 7.046800e-01 3.984000e-03 2.913360e-01
223 7.039800e-01 3.984000e-03 2.920360e-01
224 7.033840e-01 3.872000e-03 2.927440e-01
225 7.027920e-01 3.816000e-03 2.933920e-01
226 7.021840e-01 3.800000e-03 2.940160e-01
227 7.015960e-01 3.720000e-03 2.946840e-01
228 7.010200e-01 3.672000e-03 2.953080e-01
229 7.003640e-01 3.700000e-03 2.959360e-01
230 6.997280e-01 3.636000e-03 2.966360e-01
231 6.991160e-01 3.624000e-03 2.972600e-01
232 6.984880e-01 3.676000e-03 2.978360e-01
233 6.978440e-01 3.676000e-03 2.984800e-01
234 6.971560e-01 3.660000e-03 2.991840e-01
235 6.965000e-01 3.816000e-03 2.996840e-01
236 6.958400e-01 3.832000e-03 3.003280e-01
237 6.951120e-01 3.868000e-03 3.010200e-01
238 6.943880e-01 3.872000e-03 3.017400e-01
239 6.937080e-01 3.828000e-03 3.024640e-01
240 6.931680e-01 3.680000e-03 3.031520e-01
241 6.925240e-01 3.688000e-03 3.037880e-01
242 6.918760e-01 3.692000e-03 3.044320e-01
243 6.913200e-01 3.668000e-03 3.050120e-01
244 6.907320e-01 3.704000e-03 3.055640e-01
245 6.901680e-01 3.688000e-03 3.061440e-01
246 6.896120e-01 3.660000e-03 3.067280e-01
247 6.891040e-01 3.492000e-03 3.074040e-01
248 6.885800e-01 3.416000e-03 3.080040e-01
249 6.880160e-01 3.396000e-03 3.085880e-01
250 6.873840e-01 3.480000e-03 3.091360e-01
251 6.869400e-01 3.288000e-03 3.097720e-01
252 6.864080e-01 3.288000e-03 3.103040e-01
253 6.857600e-01 3.340000e-03 3.109000e-01
254 6.851080e-01 3.480000e-03 3.114120e-01
255 6.845840e-01 3.356000e-03 3.120600e-01
256 6.840040e-01 3.400000e-03 3.125960e-01
257 6.834240e-01 3.352000e-03 3.132240e-01
258 6.829120e-01 3.292000e-03 3.137960e-01
259 6.823840e-01 3.264000e-03 3.143520e-01
260 6.819080e-01 3.172000e-03 3.149200e-01
261 6.813760e-01 3.120000e-03 3.155040e-01
262 6.808760e-01 3.092000e-03 3.160320e-01
263 6.803640e-01 3.080000e-03 3.165560e-01
264 6.798520e-01 3.052000e-03 3.170960e-01
265 6.794600e-01 2.904000e-03 3.176360e-01
266 6.790000e-01 2.884000e-03 3.181160e-01
267 6.785680e-01 2.788000e-03 3.186440e-01
268 6.782720e-01 2.644000e-03 3.190840e-01
269 6.779240e-01 2.548000e-03 3.195280e-01
270 6.775880e-01 2.488000e-03 3.199240e-01
271 6.772920e-01 2.348000e-03 3.203600e-01
272 6.770080e-01 2.188000e-03 3.208040e-01
273 6.766480e-01 2.160000e-03 3.211920e-01
274 6.762600e-01 2.204000e-03 3.215360e-01
275 6.759320e-01 2.148000e-03 3.219200e-01
276 6.756040e-01 2.136000e-03 3.222600e-01
277 6.753200e-01 2.028000e-03 3.226520e-01
278 6.750200e-01 1.944000e-03 3.230360e-01
279 6.746680e-01 1.952000e-03 3.233800e-01
280 6.743480e-01 1.928000e-03 3.237240e-01
281 6.740880e-01 1.888000e-03 3.240240e-01
282 6.738080e-01 1.896000e-03 3.242960e-01
283 6.734840e-01 1.872000e-03 3.246440e-01
284 6.732000e-01 1.888000e-03 3.249120e-01
285 6.728960e-01 1.856000e-03 3.252480e-01
286 6.726080e-01 1.820000e-03 3.255720e-01
287 6.723440e-01 1.740000e-03 3.259160e-01
288 6.720960e-01 1.704000e-03 3.262000e-01
289 6.717960e-01 1.700000e-03 3.265040e-01
290 6.715760e-01 1.620000e-03 3.268040e-01
291 6.713320e-01 1.576000e-03 3.270920e-01
292 6.711560e-01 1.460000e-03 3.273840e-01
293 6.709280e-01 1.440000e-03 3.276320e-01
294 6.706840e-01 1.404000e-03 3.279120e-01
295 6.704160e-01 1.388000e-03 3.281960e-01
296 6.702200e-01 1.360000e-03 3.284200e-01
297 6.700200e-01 1.312000e-03 3.286680e-01
298 6.698720e-01 1.236000e-03 3.288920e-01
299 6.696800e-01 1.148000e-03 3.291720e-01
300 6.695240e-01 1.084000e-03 3.293920e-01
301 6.693760e-01 1.000000e-03 3.296240e-01
302 6.692000e-01 9.800000e-04 3.298200e-01
303 6.690120e-01 9.600000e-04 3.300280e-01
304 6.688000e-01 1.008000e-03 3.301920e-01
305 6.686080e-01 1.000000e-03 3.303920e-01
306 6.683960e-01 1.020000e-03 3.305840e-01
307 6.681880e-01 1.036000e-03 3.307760e-01
308 6.679640e-01 1.092000e-03 3.309440e-01
309 6.677800e-01 1.112000e-03 3.311080e-01
310 6.675720e-01 1.104000e-03 3.313240e-01
311 6.673720e-01 1.096000e-03 3.315320e-01
312 6.671960e-01 1.048000e-03 3.317560e-01
313 6.670040e-01 1.048000e-03 3.319480e-01
314 6.668040e-01 1.056000e-03 3.321400e-01
315 6.665680e-01 1.100000e-03 3.323320e-01
316 6.664000e-01 1.068000e-03 3.325320e-01
317 6.662760e-01 9.680000e-04 3.327560e-01
318 6.661040e-01 9.720000e-04 3.329240e-01
319 6.659840e-01 9.280000e-04 3.330880e-01
320 6.658200e-01 9.320000e-04 3.332480e-01
321 6.655920e-01 1.000000e-03 3.334080e-01
322 6.653960e-01 1.016000e-03 3.335880e-01
323 6.651960e-01 1.076000e-03 3.337280e-01
324 6.650040e-01 1.056000e-03 3.339400e-01
325 6.648080e-01 1.028000e-03 3.341640e-01
326 6.646400e-01 1.028000e-03 3.343320e-01
327 6.645000e-01 9.760000e-04 3.345240e-01
328 6.643080e-01 9.680000e-04 3.347240e-01
329 6.641840e-01 9.480000e-04 3.348680e-01
330 6.640840e-01 8.640000e-04 3.350520e-01
331 6.639640e-01 8.560000e-04 3.351800e-01
332 6.638040e-01 8.880000e-04 3.353080e-01
333 6.636600e-01 9.040000e-04 3.354360e-01
334 6.635040e-01 8.960000e-04 3.356000e-01
335 6.633440e-01 9.160000e-04 3.357400e-01
336 6.631640e-01 9.360000e-04 3.359000e-01
337 6.629880e-01 9.280000e-04 3.360840e-01
338 6.628120e-01 9.400000e-04 3.362480e-01
339 6.626000e-01 9.880000e-04 3.364120e-01
340 6.623800e-01 1.044000e-03 3.365760e-01
341 6.622240e-01 1.040000e-03 3.367360e-01
342 6.620160e-01 1.080000e-03 3.369040e-01
343 6.617600e-01 1.136000e-03 3.371040e-01
344 6.615480e-01 1.192000e-03 3.372600e-01
345 6.613240e-01 1.108000e-03 3.375680e-01
346 6.611040e-01 1.156000e-03 3.377400e-01
347 6.609120e-01 1.120000e-03 3.379680e-01
348 6.607360e-01 1.084000e-03 3.381800e-01
349 6.605480e-01 1.076000e-03 3.383760e-01
350 6.604040e-01 1.024000e-03 3.385720e-01
351 6.602320e-01 1.032000e-03 3.387360e-01
352 6.600880e-01 9.960000e-04 3.389160e-01
353 6.598800e-01 1.048000e-03 3.390720e-01
354 6.596760e-01 1.080000e-03 3.392440e-01
355 6.595480e-01 1.016000e-03 3.394360e-01
356 6.593760e-01 9.920000e-04 3.396320e-01
357 6.592680e-01 9.480000e-04 3.397840e-01
358 6.591160e-01 9.320000e-04 3.399520e-01
359 6.590160e-01 8.680000e-04 3.401160e-01
360 6.588760e-01 8.840000e-04 3.402400e-01
361 6.587240e-01 8.920000e-04 3.403840e-01
362 6.586160e-01 8.560000e-04 3.405280e-01
363 6.584880e-01 8.200000e-04 3.406920e-01
364 6.583920e-01 7.920000e-04 3.408160e-01
365 6.582800e-01 7.520000e-04 3.409680e-01
366 6.581680e-01 7.640000e-04 3.410680e-01
367 6.580640e-01 6.920000e-04 3.412440e-01
368 6.579080e-01 7.440000e-04 3.413480e-01
369 6.577200e-01 8.120000e-04 3.414680e-01
370 6.575280e-01 8.120000e-04 3.416600e-01
371 6.573880e-01 8.200000e-04 3.417920e-01
372 6.572040e-01 8.560000e-04 3.419400e-01
373 6.570960e-01 8.080000e-04 3.420960e-01
374 6.569640e-01 7.880000e-04 3.422480e-01
375 6.568680e-01 7.040000e-04 3.424280e-01
376 6.567920e-01 6.680000e-04 3.425400e-01
377 6.566720e-01 6.640000e-04 3.426640e-01
378 6.566000e-01 6.080000e-04 3.427920e-01
379 6.565520e-01 5.600000e-04 3.428880e-01
380 6.564720e-01 5.360000e-04 3.429920e-01
381 6.564000e-01 5.120000e-04 3.430880e-01
382 6.562920e-01 5.320000e-04 3.431760e-01
383 6.562200e-01 5.000000e-04 3.432800e-01
384 6.561280e-01 5.320000e-04 3.433400e-01
385 6.560040e-01 5.760000e-04 3.434200e-01
386 6.558880e-01 5.960000e-04 3.435160e-01
387 6.557880e-01 5.760000e-04 3.436360e-01
388 6.556760e-01 5.960000e-04 3.437280e-01
389 6.555520e-01 6.160000e-04 3.438320e-01
390 6.554960e-01 5.800000e-04 3.439240e-01
391 6.553600e-01 6.240000e-04 3.440160e-01
392 6.552760e-01 5.920000e-04 3.441320e-01
393 6.551640e-01 5.560000e-04 3.442800e-01
394 6.550960e-01 4.920000e-04 3.444120e-01
395 6.549920e-01 5.120000e-04 3.444960e-01
396 6.548680e-01 5.480000e-04 3.445840e-01
397 6.547560e-01 5.680000e-04 3.446760e-01
398 6.546240e-01 6.160000e-04 3.447600e-01
399 6.544960e-01 6.000000e-04 3.449040e-01
400 6.543840e-01 6.160000e-04 3.450000e-01
401 6.542520e-01 6.360000e-04 3.451120e-01
402 6.541160e-01 7.040000e-04 3.451800e-01
403 6.539960e-01 7.240000e-04 3.452800e-01
404 6.538680e-01 7.320000e-04 3.454000e-01
405 6.537800e-01 7.120000e-04 3.455080e-01
406 6.536880e-01 6.800000e-04 3.456320e-01
407 6.536080e-01 6.520000e-04 3.457400e-01
408 6.535240e-01 6.480000e-04 3.458280e-01
409 6.534400e-01 6.160000e-04 3.459440e-01
410 6.533600e-01 6.120000e-04 3.460280e-01
411 6.532400e-01 6.440000e-04 3.461160e-01
412 6.531880e-01 6.040000e-04 3.462080e-01
413 6.531320e-01 5.640000e-04 3.463040e-01
414 6.530280e-01 5.560000e-04 3.464160e-01
415 6.529120e-01 6.000000e-04 3.464880e-01
416 6.527960e-01 5.840000e-04 3.466200e-01
417 6.526960e-01 6.160000e-04 3.466880e-01
418 6.525720e-01 6.280000e-04 3.468000e-01
419 6.524960e-01 5.800000e-04 3.469240e-01
420 6.524360e-01 5.520000e-04 3.470120e-01
421 6.523440e-01 5.520000e-04 3.471040e-01
422 6.523040e-01 5.120000e-04 3.471840e-01
423 6.522120e-01 5.080000e-04 3.472800e-01
424 6.521760e-01 4.800000e-04 3.473440e-01
425 6.521120e-01 4.720000e-04 3.474160e-01
426 6.520360e-01 4.360000e-04 3.475280e-01
427 6.519880e-01 4.040000e-04 3.476080e-01
428 6.519360e-01 3.920000e-04 3.476720e-01
429 6.518680e-01 4.080000e-04 3.477240e-01
430 6.518320e-01 3.920000e-04 3.477760e-01
431 6.517240e-01 4.440000e-04 3.478320e-01
432 6.516240e-01 4.440000e-04 3.479320e-01
433 6.515600e-01 4.240000e-04 3.480160e-01
434 6.514560e-01 4.800000e-04 3.480640e-01
435 6.513520e-01 5.040000e-04 3.481440e-01
436 6.512880e-01 5.000000e-04 3.482120e-01
437 6.512320e-01 4.440000e-04 3.483240e-01
438 6.511640e-01 4.360000e-04 3.484000e-01
439 6.511240e-01 3.960000e-04 3.484800e-01
440 6.510600e-01 4.120000e-04 3.485280e-01
441 6.510000e-01 4.160000e-04 3.485840e-01
442 6.509640e-01 3.920000e-04 3.486440e-01
443 6.509240e-01 3.880000e-04 3.486880e-01
444 6.508600e-01 3.800000e-04 3.487600e-01
445 6.507960e-01 3.840000e-04 3.488200e-01
446 6.507480e-01 3.640000e-04 3.488880e-01
447 6.506760e-01 3.440000e-04 3.489800e-01
448 6.506200e-01 3.480000e-04 3.490320e-01
449 6.505600e-01 3.400000e-04 3.491000e-01
450 6.504920e-01 3.480000e-04 3.491600e-01
451 6.504400e-01 3.520000e-04 3.492080e-01
452 6.503800e-01 3.560000e-04 3.492640e-01
453 6.502960e-01 3.920000e-04 3.493120e-01
454 6.501880e-01 4.280000e-04 3.493840e-01
455 6.501080e-01 4.240000e-04 3.494680e-01
456 6.500240e-01 4.240000e-04 3.495520e-01
457 6.499480e-01 4.280000e-04 3.496240e-01
458 6.498200e-01 4.760000e-04 3.497040e-01
459 6.497520e-01 4.600000e-04 3.497880e-01
460 6.496400e-01 4.840000e-04 3.498760e-01
461 6.495800e-01 4.800000e-04 3.499400e-01
462 6.494840e-01 4.720000e-04 3.500440e-01
463 6.494360e-01 4.560000e-04 3.501080e-01
464 6.493200e-01 4.880000e-04 3.501920e-01
465 6.492400e-01 4.720000e-04 3.502880e-01
466 6.491600e-01 4.800000e-04 3.503600e-01
467 6.491000e-01 4.320000e-04 3.504680e-01
468 6.490120e-01 4.800000e-04 3.505080e-01
469 6.489280e-01 4.880000e-04 3.505840e-01
470 6.488200e-01 4.800000e-04 3.507000e-01
471 6.487720e-01 4.440000e-04 3.507840e-01
472 6.487040e-01 4.000000e-04 3.508960e-01
473 6.486640e-01 3.960000e-04 3.509400e-01
474 6.486120e-01 3.680000e-04 3.510200e-01
475 6.485640e-01 3.600000e-04 3.510760e-01
476 6.485160e-01 3.520000e-04 3.511320e-01
477 6.484920e-01 3.200000e-04 3.511880e-01
478 6.484400e-01 3.040000e-04 3.512560e-01
479 6.484280e-01 2.680000e-04 3.513040e-01
480 6.484000e-01 2.400000e-04 3.513600e-01
481 6.483320e-01 2.560000e-04 3.514120e-01
482 6.482960e-01 2.800000e-04 3.514240e-01
483 6.482240e-01 2.760000e-04 3.515000e-01
484 6.481640e-01 3.040000e-04 3.515320e-01
485 6.480760e-01 3.600000e-04 3.515640e-01
486 6.480000e-01 3.800000e-04 3.516200e-01
487 6.479320e-01 3.880000e-04 3.516800e-01
488 6.478840e-01 3.920000e-04 3.517240e-01
489 6.477640e-01 4.440000e-04 3.517920e-01
490 6.476320e-01 4.800000e-04 3.518880e-01
491 6.474840e-01 5.160000e-04 3.520000e-01
492 6.474040e-01 5.320000e-04 3.520640e-01
493 6.473160e-01 5.200000e-04 3.521640e-01
494 6.471880e-01 5.560000e-04 3.522560e-01
495 6.470880e-01 5.600000e-04 3.523520e-01
496 6.469840e-01 6.000000e-04 3.524160e-01
497 6.468920e-01 5.600000e-04 3.525480e-01
498 6.467960e-01 5.640000e-04 3.526400e-01
499 6.467480e-01 4.960000e-04 3.527560e-01
500 6.466680e-01 4.960000e-04 3.528360e-01
