1 9.992520e-01 6.160000e-04 1.320000e-04
2 9.988200e-01 9.120000e-04 2.680000e-04
3 9.983120e-01 1.284000e-03 4.040000e-04
4 9.976480e-01 1.692000e-03 6.600000e-04
5 9.968080e-01 2.228000e-03 9.640000e-04
6 9.958840e-01 2.676000e-03 1.440000e-03
7 9.948200e-01 3.128000e-03 2.052000e-03
8 9.938520e-01 3.540000e-03 2.608000e-03
9 9.927760e-01 3.964000e-03 3.260000e-03
10 9.917400e-01 4.308000e-03 3.952000e-03
11 9.907160e-01 4.484000e-03 4.800000e-03
12 9.895880e-01 4.788000e-03 5.624000e-03
13 9.883360e-01 5.080000e-03 6.584000e-03
14 9.871080e-01 5.392000e-03 7.500000e-03
15 9.858080e-01 5.700000e-03 8.492000e-03
16 9.843880e-01 6.084000e-03 9.528000e-03
17 9.830760e-01 6.356000e-03 1.056800e-02
18 9.816520e-01 6.608000e-03 1.174000e-02
19 9.801360e-01 6.960000e-03 1.290400e-02
20 9.784400e-01 7.504000e-03 1.405600e-02
21 9.767400e-01 7.776000e-03 1.548400e-02
22 9.751560e-01 8.048000e-03 1.679600e-02
23 9.735880e-01 8.236000e-03 1.817600e-02
24 9.720240e-01 8.356000e-03 1.962000e-02
25 9.705400e-01 8.392000e-03 2.106800e-02
26 9.688520e-01 8.524000e-03 2.262400e-02
27 9.673520e-01 8.576000e-03 2.407200e-02
28 9.656480e-01 8.728000e-03 2.562400e-02
29 9.640120e-01 8.852000e-03 2.713600e-02
30 9.623760e-01 8.848000e-03 2.877600e-02
31 9.606560e-01 8.888000e-03 3.045600e-02
32 9.589840e-01 8.924000e-03 3.209200e-02
33 9.572720e-01 9.140000e-03 3.358800e-02
34 9.555400e-01 9.152000e-03 3.530800e-02
35 9.539640e-01 8.976000e-03 3.706000e-02
36 9.523080e-01 9.056000e-03 3.863600e-02
37 9.506720e-01 9.076000e-03 4.025200e-02
38 9.488120e-01 9.220000e-03 4.196800e-02
39 9.471040e-01 9.348000e-03 4.354800e-02
40 9.453680e-01 9.436000e-03 4.519600e-02
41 9.435840e-01 9.556000e-03 4.686000e-02
42 9.417960e-01 9.676000e-03 4.852800e-02
43 9.398840e-01 9.852000e-03 5.026400e-02
44 9.380520e-01 9.904000e-03 5.204400e-02
45 9.361000e-01 1.011200e-02 5.378800e-02
46 9.341680e-01 1.028800e-02 5.554400e-02
47 9.323120e-01 1.051200e-02 5.717600e-02
48 9.304400e-01 1.053600e-02 5.902400e-02
49 9.285400e-01 1.052800e-02 6.093200e-02
50 9.266040e-01 1.063600e-02 6.276000e-02
51 9.246200e-01 1.057600e-02 6.480400e-02
52 9.226200e-01 1.065200e-02 6.672800e-02
53 9.206040e-01 1.076000e-02 6.863600e-02
54 9.187280e-01 1.064400e-02 7.062800e-02
55 9.166880e-01 1.084000e-02 7.247200e-02
56 9.146120e-01 1.102400e-02 7.436400e-02
57 9.126560e-01 1.108400e-02 7.626000e-02
58 9.105960e-01 1.127600e-02 7.812800e-02
59 9.084480e-01 1.152000e-02 8.003200e-02
60 9.064320e-01 1.162400e-02 8.194400e-02
61 9.042320e-01 1.162000e-02 8.414800e-02
62 9.023920e-01 1.144400e-02 8.616400e-02
63 9.005440e-01 1.130000e-02 8.815600e-02
64 8.984600e-01 1.140000e-02 9.014000e-02
65 8.964000e-01 1.132000e-02 9.228000e-02
66 8.944640e-01 1.129200e-02 9.424400e-02
67 8.923760e-01 1.146400e-02 9.616000e-02
68 8.903680e-01 1.153200e-02 9.810000e-02
69 8.881240e-01 1.167600e-02 1.002000e-01
70 8.859880e-01 1.176800e-02 1.022440e-01
71 8.838840e-01 1.188400e-02 1.042320e-01
72 8.818000e-01 1.198400e-02 1.062160e-01
73 8.798000e-01 1.192400e-02 1.082760e-01
74 8.778120e-01 1.170400e-02 1.104840e-01
75 8.758000e-01 1.166400e-02 1.125360e-01
76 8.739640e-01 1.144000e-02 1.145960e-01
77 8.721520e-01 1.122800e-02 1.166200e-01
78 8.701880e-01 1.142000e-02 1.183920e-01
79 8.682800e-01 1.133200e-02 1.203880e-01
80 8.663080e-01 1.129600e-02 1.223960e-01
81 8.644400e-01 1.120400e-02 1.243560e-01
82 8.625040e-01 1.124400e-02 1.262520e-01
83 8.606040e-01 1.117600e-02 1.282200e-01
84 8.585520e-01 1.120400e-02 1.302440e-01
85 8.565640e-01 1.122000e-02 1.322160e-01
86 8.546160e-01 1.102800e-02 1.343560e-01
87 8.527480e-01 1.101200e-02 1.362400e-01
88 8.507000e-01 1.124000e-02 1.380600e-01
89 8.486640e-01 1.115200e-02 1.401840e-01
90 8.468880e-01 1.101600e-02 1.420960e-01
91 8.450760e-01 1.077600e-02 1.441480e-01
92 8.431520e-01 1.082400e-02 1.460240e-01
93 8.413520e-01 1.072400e-02 1.479240e-01
94 8.394040e-01 1.070800e-02 1.498880e-01
95 8.376440e-01 1.068400e-02 1.516720e-01
96 8.358240e-01 1.063600e-02 1.535400e-01
97 8.340640e-01 1.045600e-02 1.554800e-01
98 8.322600e-01 1.044800e-02 1.572920e-01
99 8.305160e-01 1.038000e-02 1.591040e-01
100 8.285960e-01 1.052000e-02 1.608840e-01
101 8.269800e-01 1.056400e-02 1.624560e-01
102 8.251280e-01 1.047600e-02 1.643960e-01
103 8.233960e-01 1.048400e-02 1.661200e-01
104 8.216200e-01 1.032000e-02 1.680600e-01
105 8.197480e-01 1.036400e-02 1.698880e-01
106 8.180880e-01 1.016400e-02 1.717480e-01
107 8.162960e-01 1.029600e-02 1.734080e-01
108 8.144760e-01 1.026000e-02 1.752640e-01
109 8.127480e-01 1.032400e-02 1.769280e-01
110 8.109520e-01 1.025600e-02 1.787920e-01
111 8.093240e-01 1.011200e-02 1.805640e-01
112 8.076800e-01 1.010000e-02 1.822200e-01
113 8.060720e-01 9.920000e-03 1.840080e-01
114 8.043000e-01 9.924000e-03 1.857760e-01
115 8.026280e-01 9.720000e-03 1.876520e-01
116 8.010920e-01 9.516000e-03 1.893920e-01
117 7.993920e-01 9.560000e-03 1.910480e-01
118 7.978920e-01 9.560000e-03 1.925480e-01
119 7.962520e-01 9.488000e-03 1.942600e-01
120 7.948160e-01 9.280000e-03 1.959040e-01
121 7.932800e-01 9.196000e-03 1.975240e-01
122 7.918320e-01 9.104000e-03 1.990640e-01
123 7.904560e-01 8.844000e-03 2.007000e-01
124 7.889240e-01 8.760000e-03 2.023160e-01
125 7.873120e-01 8.748000e-03 2.039400e-01
126 7.858240e-01 8.860000e-03 2.053160e-01
127 7.841800e-01 8.924000e-03 2.068960e-01
128 7.826600e-01 8.964000e-03 2.083760e-01
129 7.810560e-01 8.996000e-03 2.099480e-01
130 7.795520e-01 8.896000e-03 2.115520e-01
131 7.778880e-01 9.036000e-03 2.130760e-01
132 7.763800e-01 8.864000e-03 2.147560e-01
133 7.748160e-01 8.908000e-03 2.162760e-01
134 7.734520e-01 8.712000e-03 2.178360e-01
135 7.720640e-01 8.484000e-03 2.194520e-01
136 7.703720e-01 8.692000e-03 2.209360e-01
137 7.687920e-01 8.748000e-03 2.224600e-01
138 7.671120e-01 8.824000e-03 2.240640e-01
139 7.654280e-01 8.968000e-03 2.256040e-01
140 7.637120e-01 9.048000e-03 2.272400e-01
141 7.622760e-01 8.904000e-03 2.288200e-01
142 7.606160e-01 8.984000e-03 2.304000e-01
143 7.589960e-01 9.168000e-03 2.318360e-01
144 7.574600e-01 9.100000e-03 2.334400e-01
145 7.559560e-01 8.976000e-03 2.350680e-01
146 7.545160e-01 8.740000e-03 2.367440e-01
147 7.531800e-01 8.480000e-03 2.383400e-01
148 7.514640e-01 8.716000e-03 2.398200e-01
149 7.497120e-01 9.016000e-03 2.412720e-01
150 7.480960e-01 9.052000e-03 2.428520e-01
151 7.465600e-01 9.056000e-03 2.443840e-01
152 7.448920e-01 9.248000e-03 2.458600e-01
153 7.433880e-01 9.016000e-03 2.475960e-01
154 7.418680e-01 8.948000e-03 2.491840e-01
155 7.402280e-01 9.064000e-03 2.507080e-01
156 7.388200e-01 8.856000e-03 2.523240e-01
157 7.373680e-01 8.604000e-03 2.540280e-01
158 7.358920e-01 8.504000e-03 2.556040e-01
159 7.345080e-01 8.384000e-03 2.571080e-01
160 7.330160e-01 8.444000e-03 2.585400e-01
161 7.316880e-01 8.304000e-03 2.600080e-01
162 7.304760e-01 8.080000e-03 2.614440e-01
163 7.292120e-01 7.980000e-03 2.628080e-01
164 7.277840e-01 8.096000e-03 2.641200e-01
165 7.265040e-01 7.948000e-03 2.655480e-01
166 7.251960e-01 7.896000e-03 2.669080e-01
167 7.239240e-01 7.744000e-03 2.683320e-01
168 7.226560e-01 7.648000e-03 2.696960e-01
169 7.214920e-01 7.484000e-03 2.710240e-01
170 7.203680e-01 7.356000e-03 2.722760e-01
171 7.191360e-01 7.328000e-03 2.735360e-01
172 7.180040e-01 7.184000e-03 2.748120e-01
173 7.167040e-01 7.288000e-03 2.760080e-01
174 7.154720e-01 7.380000e-03 2.771480e-01
175 7.142640e-01 7.196000e-03 2.785400e-01
176 7.131720e-01 7.012000e-03 2.798160e-01
177 7.120960e-01 6.832000e-03 2.810720e-01
178 7.110040e-01 6.776000e-03 2.822200e-01
179 7.098360e-01 6.596000e-03 2.835680e-01
180 7.088040e-01 6.592000e-03 2.846040e-01
181 7.076880e-01 6.552000e-03 2.857600e-01
182 7.065400e-01 6.576000e-03 2.868840e-01
183 7.055240e-01 6.512000e-03 2.879640e-01
184 7.045600e-01 6.384000e-03 2.890560e-01
185 7.034920e-01 6.340000e-03 2.901680e-01
186 7.024760e-01 6.216000e-03 2.913080e-01
187 7.014920e-01 6.148000e-03 2.923600e-01
188 7.005240e-01 6.060000e-03 2.934160e-01
189 6.995560e-01 5.980000e-03 2.944640e-01
190 6.984680e-01 5.956000e-03 2.955760e-01
191 6.973760e-01 6.036000e-03 2.965880e-01
192 6.965000e-01 5.832000e-03 2.976680e-01
193 6.955640e-01 5.816000e-03 2.986200e-01
194 6.946120e-01 5.820000e-03 2.995680e-01
195 6.936360e-01 5.792000e-03 3.005720e-01
196 6.927360e-01 5.608000e-03 3.016560e-01
197 6.918040e-01 5.464000e-03 3.027320e-01
198 6.908000e-01 5.468000e-03 3.037320e-01
199 6.896960e-01 5.520000e-03 3.047840e-01
200 6.887880e-01 5.608000e-03 3.056040e-01
201 6.878520e-01 5.576000e-03 3.065720e-01
202 6.869200e-01 5.512000e-03 3.075680e-01
203 6.858760e-01 5.548000e-03 3.085760e-01
204 6.850880e-01 5.336000e-03 3.095760e-01
205 6.842800e-01 5.280000e-03 3.104400e-01
206 6.834040e-01 5.236000e-03 3.113600e-01
207 6.825720e-01 5.120000e-03 3.123080e-01
208 6.816640e-01 5.068000e-03 3.132680e-01
209 6.808600e-01 5.084000e-03 3.140560e-01
210 6.800560e-01 5.008000e-03 3.149360e-01
211 6.793000e-01 4.864000e-03 3.158360e-01
212 6.784560e-01 4.948000e-03 3.165960e-01
213 6.775880e-01 4.876000e-03 3.175360e-01
214 6.768240e-01 4.768000e-03 3.184080e-01
215 6.760400e-01 4.744000e-03 3.192160e-01
216 6.752880e-01 4.596000e-03 3.201160e-01
217 6.746080e-01 4.536000e-03 3.208560e-01
218 6.738200e-01 4.492000e-03 3.216880e-01
219 6.729760e-01 4.440000e-03 3.225840e-01
220 6.721960e-01 4.444000e-03 3.233600e-01
221 6.714240e-01 4.464000e-03 3.241120e-01
222 6.706680e-01 4.464000e-03 3.248680e-01
223 6.698520e-01 4.520000e-03 3.256280e-01
224 6.691160e-01 4.496000e-03 3.263880e-01
225 6.684080e-01 4.372000e-03 3.272200e-01
226 6.676080e-01 4.376000e-03 3.280160e-01
227 6.668760e-01 4.348000e-03 3.287760e-01
228 6.660680e-01 4.440000e-03 3.294920e-01
229 6.653280e-01 4.504000e-03 3.301680e-01
230 6.646320e-01 4.400000e-03 3.309680e-01
231 6.638400e-01 4.488000e-03 3.316720e-01
232 6.630800e-01 4.500000e-03 3.324200e-01
233 6.623680e-01 4.456000e-03 3.331760e-01
234 6.616040e-01 4.440000e-03 3.339560e-01
235 6.607680e-01 4.536000e-03 3.346960e-01
236 6.599840e-01 4.512000e-03 3.355040e-01
237 6.592240e-01 4.492000e-03 3.362840e-01
238 6.585440e-01 4.372000e-03 3.370840e-01
239 6.579240e-01 4.172000e-03 3.379040e-01
240 6.573000e-01 4.104000e-03 3.385960e-01
241 6.566560e-01 4.084000e-03 3.392600e-01
242 6.559640e-01 3.972000e-03 3.400640e-01
243 6.553120e-01 3.976000e-03 3.407120e-01
244 6.546480e-01 4.004000e-03 3.413480e-01
245 6.540520e-01 3.844000e-03 3.421040e-01
246 6.533440e-01 3.836000e-03 3.428200e-01
247 6.526680e-01 3.820000e-03 3.435120e-01
248 6.520200e-01 3.776000e-03 3.442040e-01
249 6.514440e-01 3.680000e-03 3.448760e-01
250 6.508200e-01 3.612000e-03 3.455680e-01
251 6.502360e-01 3.600000e-03 3.461640e-01
252 6.496120e-01 3.552000e-03 3.468360e-01
253 6.488840e-01 3.620000e-03 3.474960e-01
254 6.483760e-01 3.596000e-03 3.480280e-01
255 6.477440e-01 3.608000e-03 3.486480e-01
256 6.470600e-01 3.660000e-03 3.492800e-01
257 6.463720e-01 3.688000e-03 3.499400e-01
258 6.457800e-01 3.676000e-03 3.505440e-01
259 6.451680e-01 3.596000e-03 3.512360e-01
260 6.446280e-01 3.524000e-03 3.518480e-01
261 6.439720e-01 3.608000e-03 3.524200e-01
262 6.434680e-01 3.512000e-03 3.530200e-01
263 6.428600e-01 3.492000e-03 3.536480e-01
264 6.422680e-01 3.468000e-03 3.542640e-01
265 6.416560e-01 3.488000e-03 3.548560e-01
266 6.410040e-01 3.524000e-03 3.554720e-01
267 6.404200e-01 3.460000e-03 3.561200e-01
268 6.397480e-01 3.492000e-03 3.567600e-01
269 6.391520e-01 3.544000e-03 3.573040e-01
270 6.385280e-01 3.620000e-03 3.578520e-01
271 6.379120e-01 3.548000e-03 3.585400e-01
272 6.373240e-01 3.516000e-03 3.591600e-01
273 6.367720e-01 3.456000e-03 3.597720e-01
274 6.361240e-01 3.496000e-03 3.603800e-01
275 6.356320e-01 3.364000e-03 3.610040e-01
276 6.350320e-01 3.408000e-03 3.615600e-01
277 6.344000e-01 3.476000e-03 3.621240e-01
278 6.339560e-01 3.356000e-03 3.626880e-01
279 6.333320e-01 3.404000e-03 3.632640e-01
280 6.327920e-01 3.380000e-03 3.638280e-01
281 6.322520e-01 3.308000e-03 3.644400e-01
282 6.318440e-01 3.104000e-03 3.650520e-01
283 6.313320e-01 3.108000e-03 3.655600e-01
284 6.308240e-01 3.068000e-03 3.661080e-01
285 6.302680e-01 3.128000e-03 3.666040e-01
286 6.298240e-01 2.972000e-03 3.672040e-01
287 6.293040e-01 2.980000e-03 3.677160e-01
288 6.289040e-01 2.924000e-03 3.681720e-01
289 6.284240e-01 2.868000e-03 3.687080e-01
290 6.279560e-01 2.808000e-03 3.692360e-01
291 6.275080e-01 2.796000e-03 3.696960e-01
292 6.269240e-01 2.956000e-03 3.701200e-01
293 6.264360e-01 2.956000e-03 3.706080e-01
294 6.259480e-01 2.904000e-03 3.711480e-01
295 6.255040e-01 2.816000e-03 3.716800e-01
296 6.250240e-01 2.788000e-03 3.721880e-01
297 6.246800e-01 2.676000e-03 3.726440e-01
298 6.243040e-01 2.560000e-03 3.731360e-01
299 6.238720e-01 2.504000e-03 3.736240e-01
300 6.234600e-01 2.520000e-03 3.740200e-01
301 6.231000e-01 2.476000e-03 3.744240e-01
302 6.227280e-01 2.420000e-03 3.748520e-01
303 6.222920e-01 2.444000e-03 3.752640e-01
304 6.218360e-01 2.524000e-03 3.756400e-01
305 6.214720e-01 2.440000e-03 3.760880e-01
306 6.211320e-01 2.380000e-03 3.764880e-01
307 6.208280e-01 2.324000e-03 3.768480e-01
308 6.204240e-01 2.316000e-03 3.772600e-01
309 6.200000e-01 2.300000e-03 3.777000e-01
310 6.196640e-01 2.232000e-03 3.781040e-01
311 6.193480e-01 2.216000e-03 3.784360e-01
312 6.189280e-01 2.264000e-03 3.788080e-01
313 6.185560e-01 2.232000e-03 3.792120e-01
314 6.182120e-01 2.220000e-03 3.795680e-01
315 6.178320e-01 2.232000e-03 3.799360e-01
316 6.175000e-01 2.168000e-03 3.803320e-01
317 6.172040e-01 2.084000e-03 3.807120e-01
318 6.168560e-01 2.092000e-03 3.810520e-01
319 6.165680e-01 2.004000e-03 3.814280e-01
320 6.162360e-01 2.012000e-03 3.817520e-01
321 6.159520e-01 1.936000e-03 3.821120e-01
322 6.156680e-01 1.876000e-03 3.824560e-01
323 6.153400e-01 1.800000e-03 3.828600e-01
324 6.150920e-01 1.720000e-03 3.831880e-01
325 6.148000e-01 1.724000e-03 3.834760e-01
326 6.144320e-01 1.788000e-03 3.837800e-01
327 6.141280e-01 1.816000e-03 3.840560e-01
328 6.138000e-01 1.816000e-03 3.843840e-01
329 6.134880e-01 1.796000e-03 3.847160e-01
330 6.131960e-01 1.812000e-03 3.849920e-01
331 6.129040e-01 1.764000e-03 3.853320e-01
332 6.127240e-01 1.608000e-03 3.856680e-01
333 6.124760e-01 1.584000e-03 3.859400e-01
334 6.121720e-01 1.652000e-03 3.861760e-01
335 6.118240e-01 1.704000e-03 3.864720e-01
336 6.115720e-01 1.660000e-03 3.867680e-01
337 6.113080e-01 1.616000e-03 3.870760e-01
338 6.111000e-01 1.568000e-03 3.873320e-01
339 6.108920e-01 1.496000e-03 3.876120e-01
340 6.106360e-01 1.492000e-03 3.878720e-01
341 6.103760e-01 1.480000e-03 3.881440e-01
342 6.101080e-01 1.536000e-03 3.883560e-01
343 6.098520e-01 1.560000e-03 3.885880e-01
344 6.095680e-01 1.568000e-03 3.888640e-01
345 6.093120e-01 1.532000e-03 3.891560e-01
346 6.090800e-01 1.476000e-03 3.894440e-01
347 6.088200e-01 1.432000e-03 3.897480e-01
348 6.085440e-01 1.500000e-03 3.899560e-01
349 6.082640e-01 1.504000e-03 3.902320e-01
350 6.080760e-01 1.444000e-03 3.904800e-01
351 6.079000e-01 1.404000e-03 3.906960e-01
352 6.076040e-01 1.456000e-03 3.909400e-01
353 6.073760e-01 1.448000e-03 3.911760e-01
354 6.071040e-01 1.496000e-03 3.914000e-01
355 6.069120e-01 1.460000e-03 3.916280e-01
356 6.067400e-01 1.408000e-03 3.918520e-01
357 6.064760e-01 1.428000e-03 3.920960e-01
358 6.062840e-01 1.368000e-03 3.923480e-01
359 6.061160e-01 1.300000e-03 3.925840e-01
360 6.059680e-01 1.224000e-03 3.928080e-01
361 6.058000e-01 1.192000e-03 3.930080e-01
362 6.057040e-01 1.080000e-03 3.932160e-01
363 6.055440e-01 1.040000e-03 3.934160e-01
364 6.053240e-01 1.076000e-03 3.936000e-01
365 6.051560e-01 1.028000e-03 3.938160e-01
366 6.049760e-01 1.092000e-03 3.939320e-01
367 6.048000e-01 1.056000e-03 3.941440e-01
368 6.046240e-01 1.076000e-03 3.943000e-01
369 6.044400e-01 1.092000e-03 3.944680e-01
370 6.042400e-01 1.124000e-03 3.946360e-01
371 6.040520e-01 1.108000e-03 3.948400e-01
372 6.038560e-01 1.132000e-03 3.950120e-01
373 6.036480e-01 1.116000e-03 3.952360e-01
374 6.034960e-01 1.116000e-03 3.953880e-01
375 6.033080e-01 1.116000e-03 3.955760e-01
376 6.031520e-01 1.120000e-03 3.957280e-01
377 6.029520e-01 1.156000e-03 3.958920e-01
378 6.027440e-01 1.172000e-03 3.960840e-01
379 6.025160e-01 1.196000e-03 3.962880e-01
380 6.022880e-01 1.236000e-03 3.964760e-01
381 6.020720e-01 1.224000e-03 3.967040e-01
382 6.018840e-01 1.240000e-03 3.968760e-01
383 6.016480e-01 1.260000e-03 3.970920e-01
384 6.013640e-01 1.292000e-03 3.973440e-01
385 6.011640e-01 1.244000e-03 3.975920e-01
386 6.009160e-01 1.268000e-03 3.978160e-01
387 6.006920e-01 1.256000e-03 3.980520e-01
388 6.004480e-01 1.324000e-03 3.982280e-01
389 6.002400e-01 1.312000e-03 3.984480e-01
390 6.000080e-01 1.352000e-03 3.986400e-01
391 5.998320e-01 1.292000e-03 3.988760e-01
392 5.996360e-01 1.288000e-03 3.990760e-01
393 5.994520e-01 1.252000e-03 3.992960e-01
394 5.991920e-01 1.300000e-03 3.995080e-01
395 5.989040e-01 1.348000e-03 3.997480e-01
396 5.986720e-01 1.376000e-03 3.999520e-01
397 5.983880e-01 1.432000e-03 4.001800e-01
398 5.982000e-01 1.364000e-03 4.004360e-01
399 5.979960e-01 1.332000e-03 4.006720e-01
400 5.977960e-01 1.320000e-03 4.008840e-01
401 5.975960e-01 1.268000e-03 4.011360e-01
402 5.973720e-01 1.332000e-03 4.012960e-01
403 5.970960e-01 1.352000e-03 4.015520e-01
404 5.968480e-01 1.332000e-03 4.018200e-01
405 5.966200e-01 1.356000e-03 4.020240e-01
406 5.962880e-01 1.436000e-03 4.022760e-01
407 5.959960e-01 1.464000e-03 4.025400e-01
408 5.957400e-01 1.488000e-03 4.027720e-01
409 5.955200e-01 1.460000e-03 4.030200e-01
410 5.952600e-01 1.452000e-03 4.032880e-01
411 5.950320e-01 1.388000e-03 4.035800e-01
412 5.948040e-01 1.416000e-03 4.037800e-01
413 5.945760e-01 1.412000e-03 4.040120e-01
414 5.943440e-01 1.416000e-03 4.042400e-01
415 5.940960e-01 1.448000e-03 4.044560e-01
416 5.938480e-01 1.444000e-03 4.047080e-01
417 5.935960e-01 1.484000e-03 4.049200e-01
418 5.933360e-01 1.436000e-03 4.052280e-01
419 5.930560e-01 1.456000e-03 4.054880e-01
420 5.927840e-01 1.452000e-03 4.057640e-01
421 5.925200e-01 1.424000e-03 4.060560e-01
422 5.923240e-01 1.388000e-03 4.062880e-01
423 5.920680e-01 1.376000e-03 4.065560e-01
424 5.918640e-01 1.332000e-03 4.068040e-01
425 5.916360e-01 1.316000e-03 4.070480e-01
426 5.914480e-01 1.240000e-03 4.073120e-01
427 5.912280e-01 1.272000e-03 4.075000e-01
428 5.910440e-01 1.248000e-03 4.077080e-01
429 5.907800e-01 1.300000e-03 4.079200e-01
430 5.905640e-01 1.288000e-03 4.081480e-01
431 5.903200e-01 1.356000e-03 4.083240e-01
432 5.900840e-01 1.352000e-03 4.085640e-01
433 5.898640e-01 1.364000e-03 4.087720e-01
434 5.896360e-01 1.360000e-03 4.090040e-01
435 5.894280e-01 1.348000e-03 4.092240e-01
436 5.892080e-01 1.328000e-03 4.094640e-01
437 5.889880e-01 1.300000e-03 4.097120e-01
438 5.888160e-01 1.212000e-03 4.099720e-01
439 5.886320e-01 1.180000e-03 4.101880e-01
440 5.884760e-01 1.104000e-03 4.104200e-01
441 5.883240e-01 1.096000e-03 4.105800e-01
442 5.881640e-01 1.080000e-03 4.107560e-01
443 5.879960e-01 1.072000e-03 4.109320e-01
444 5.877960e-01 1.076000e-03 4.111280e-01
445 5.875800e-01 1.056000e-03 4.113640e-01
446 5.873800e-01 1.052000e-03 4.115680e-01
447 5.871720e-01 1.084000e-03 4.117440e-01
448 5.869880e-01 1.096000e-03 4.119160e-01
449 5.868760e-01 9.960000e-04 4.121280e-01
450 5.867000e-01 1.008000e-03 4.122920e-01
451 5.865560e-01 9.720000e-04 4.124720e-01
452 5.863480e-01 1.032000e-03 4.126200e-01
453 5.861960e-01 9.560000e-04 4.128480e-01
454 5.860320e-01 9.720000e-04 4.129960e-01
455 5.859040e-01 9.240000e-04 4.131720e-01
456 5.857880e-01 8.840000e-04 4.133280e-01
457 5.856680e-01 8.520000e-04 4.134800e-01
458 5.855600e-01 8.320000e-04 4.136080e-01
459 5.854640e-01 7.720000e-04 4.137640e-01
460 5.853120e-01 8.200000e-04 4.138680e-01
461 5.851480e-01 8.680000e-04 4.139840e-01
462 5.849800e-01 8.840000e-04 4.141360e-01
463 5.847760e-01 9.200000e-04 4.143040e-01
464 5.845880e-01 9.240000e-04 4.144880e-01
465 5.844200e-01 9.400000e-04 4.146400e-01
466 5.842760e-01 8.920000e-04 4.148320e-01
467 5.841400e-01 8.440000e-04 4.150160e-01
468 5.839720e-01 8.760000e-04 4.151520e-01
469 5.838280e-01 8.320000e-04 4.153400e-01
470 5.836760e-01 8.200000e-04 4.155040e-01
471 5.835400e-01 8.320000e-04 4.156280e-01
472 5.833800e-01 8.320000e-04 4.157880e-01
473 5.832360e-01 8.880000e-04 4.158760e-01
474 5.830760e-01 8.920000e-04 4.160320e-01
475 5.829440e-01 8.240000e-04 4.162320e-01
476 5.828080e-01 7.920000e-04 4.164000e-01
477 5.826560e-01 8.000000e-04 4.165440e-01
478 5.824560e-01 8.000000e-04 4.167440e-01
479 5.822480e-01 8.440000e-04 4.169080e-01
480 5.821160e-01 8.440000e-04 4.170400e-01
481 5.819520e-01 8.720000e-04 4.171760e-01
482 5.817640e-01 9.080000e-04 4.173280e-01
483 5.815520e-01 9.600000e-04 4.174880e-01
484 5.814480e-01 8.840000e-04 4.176680e-01
485 5.812360e-01 9.680000e-04 4.177960e-01
486 5.810920e-01 9.280000e-04 4.179800e-01
487 5.809640e-01 9.040000e-04 4.181320e-01
488 5.808440e-01 8.520000e-04 4.183040e-01
489 5.807040e-01 8.680000e-04 4.184280e-01
490 5.805760e-01 8.640000e-04 4.185600e-01
491 5.804640e-01 8.120000e-04 4.187240e-01
492 5.803240e-01 8.040000e-04 4.188720e-01
493 5.801800e-01 8.000000e-04 4.190200e-01
494 5.800280e-01 8.040000e-04 4.191680e-01
495 5.799040e-01 8.000000e-04 4.192960e-01
496 5.798160e-01 7.720000e-04 4.194120e-01
497 5.796960e-01 7.560000e-04 4.195480e-01
498 5.795680e-01 7.920000e-04 4.196400e-01
499 5.794280e-01 7.520000e-04 4.198200e-01
500 5.793320e-01 6.880000e-04 4.199800e-01
