1 9.991920e-01 7.280000e-04 8.000000e-05
2 9.987120e-01 1.044000e-03 2.440000e-04
3 9.980720e-01 1.468000e-03 4.600000e-04
4 9.973080e-01 1.936000e-03 7.560000e-04
5 9.965400e-01 2.280000e-03 1.180000e-03
6 9.957600e-01 2.624000e-03 1.616000e-03
7 9.950360e-01 2.872000e-03 2.092000e-03
8 9.942320e-01 3.068000e-03 2.700000e-03
9 9.932320e-01 3.408000e-03 3.360000e-03
10 9.922720e-01 3.788000e-03 3.940000e-03
11 9.912880e-01 4.012000e-03 4.700000e-03
12 9.902960e-01 4.252000e-03 5.452000e-03
13 9.893960e-01 4.280000e-03 6.324000e-03
14 9.884040e-01 4.560000e-03 7.036000e-03
15 9.871240e-01 5.012000e-03 7.864000e-03
16 9.859680e-01 5.264000e-03 8.768000e-03
17 9.846440e-01 5.664000e-03 9.692000e-03
18 9.833960e-01 5.828000e-03 1.077600e-02
19 9.822160e-01 6.032000e-03 1.175200e-02
20 9.809960e-01 6.120000e-03 1.288400e-02
21 9.798520e-01 6.148000e-03 1.400000e-02
22 9.786640e-01 6.268000e-03 1.506800e-02
23 9.772960e-01 6.472000e-03 1.623200e-02
24 9.760240e-01 6.456000e-03 1.752000e-02
25 9.747360e-01 6.584000e-03 1.868000e-02
26 9.735240e-01 6.620000e-03 1.985600e-02
27 9.722640e-01 6.600000e-03 2.113600e-02
28 9.710000e-01 6.736000e-03 2.226400e-02
29 9.696000e-01 6.872000e-03 2.352800e-02
30 9.682680e-01 6.952000e-03 2.478000e-02
31 9.669280e-01 7.080000e-03 2.599200e-02
32 9.655760e-01 7.004000e-03 2.742000e-02
33 9.642800e-01 7.132000e-03 2.858800e-02
34 9.629640e-01 7.252000e-03 2.978400e-02
35 9.615840e-01 7.460000e-03 3.095600e-02
36 9.603280e-01 7.420000e-03 3.225200e-02
37 9.589240e-01 7.568000e-03 3.350800e-02
38 9.574920e-01 7.748000e-03 3.476000e-02
39 9.559840e-01 7.944000e-03 3.607200e-02
40 9.545600e-01 8.044000e-03 3.739600e-02
41 9.530400e-01 8.232000e-03 3.872800e-02
42 9.515080e-01 8.380000e-03 4.011200e-02
43 9.499480e-01 8.428000e-03 4.162400e-02
44 9.484200e-01 8.376000e-03 4.320400e-02
45 9.469320e-01 8.372000e-03 4.469600e-02
46 9.455320e-01 8.356000e-03 4.611200e-02
47 9.441000e-01 8.304000e-03 4.759600e-02
48 9.427080e-01 8.236000e-03 4.905600e-02
49 9.412280e-01 8.380000e-03 5.039200e-02
50 9.397520e-01 8.404000e-03 5.184400e-02
51 9.383400e-01 8.312000e-03 5.334800e-02
52 9.370160e-01 8.212000e-03 5.477200e-02
53 9.355280e-01 8.212000e-03 5.626000e-02
54 9.341280e-01 8.120000e-03 5.775200e-02
55 9.327120e-01 8.180000e-03 5.910800e-02
56 9.313720e-01 8.156000e-03 6.047200e-02
57 9.300120e-01 7.944000e-03 6.204400e-02
58 9.286000e-01 7.956000e-03 6.344400e-02
59 9.272840e-01 7.824000e-03 6.489200e-02
60 9.259840e-01 7.872000e-03 6.614400e-02
61 9.246720e-01 7.852000e-03 6.747600e-02
62 9.234680e-01 7.664000e-03 6.886800e-02
63 9.221200e-01 7.692000e-03 7.018800e-02
64 9.206960e-01 7.740000e-03 7.156400e-02
65 9.193560e-01 7.608000e-03 7.303600e-02
66 9.179920e-01 7.568000e-03 7.444000e-02
67 9.166520e-01 7.536000e-03 7.581200e-02
68 9.153120e-01 7.528000e-03 7.716000e-02
69 9.140560e-01 7.448000e-03 7.849600e-02
70 9.129200e-01 7.344000e-03 7.973600e-02
71 9.116480e-01 7.340000e-03 8.101200e-02
72 9.104240e-01 7.352000e-03 8.222400e-02
73 9.091840e-01 7.304000e-03 8.351200e-02
74 9.079920e-01 7.292000e-03 8.471600e-02
75 9.067360e-01 7.244000e-03 8.602000e-02
76 9.055000e-01 7.196000e-03 8.730400e-02
77 9.042880e-01 7.132000e-03 8.858000e-02
78 9.028640e-01 7.432000e-03 8.970400e-02
79 9.016160e-01 7.412000e-03 9.097200e-02
80 9.004040e-01 7.288000e-03 9.230800e-02
81 8.993240e-01 7.092000e-03 9.358400e-02
82 8.980960e-01 7.144000e-03 9.476000e-02
83 8.967880e-01 7.312000e-03 9.590000e-02
84 8.958120e-01 7.000000e-03 9.718800e-02
85 8.945720e-01 7.064000e-03 9.836400e-02
86 8.934280e-01 6.848000e-03 9.972400e-02
87 8.921840e-01 6.992000e-03 1.008240e-01
88 8.910640e-01 7.012000e-03 1.019240e-01
89 8.898160e-01 6.976000e-03 1.032080e-01
90 8.884640e-01 7.032000e-03 1.045040e-01
91 8.873120e-01 6.988000e-03 1.057000e-01
92 8.861600e-01 6.932000e-03 1.069080e-01
93 8.850080e-01 6.984000e-03 1.080080e-01
94 8.837240e-01 7.140000e-03 1.091360e-01
95 8.824920e-01 6.964000e-03 1.105440e-01
96 8.815160e-01 6.716000e-03 1.117680e-01
97 8.804640e-01 6.504000e-03 1.130320e-01
98 8.794400e-01 6.372000e-03 1.141880e-01
99 8.783520e-01 6.272000e-03 1.153760e-01
100 8.771240e-01 6.324000e-03 1.165520e-01
101 8.758720e-01 6.584000e-03 1.175440e-01
102 8.746360e-01 6.628000e-03 1.187360e-01
103 8.733520e-01 6.716000e-03 1.199320e-01
104 8.720240e-01 6.920000e-03 1.210560e-01
105 8.707880e-01 6.896000e-03 1.223160e-01
106 8.695040e-01 7.028000e-03 1.234680e-01
107 8.683120e-01 6.908000e-03 1.247800e-01
108 8.671120e-01 6.856000e-03 1.260320e-01
109 8.659040e-01 6.848000e-03 1.272480e-01
110 8.646640e-01 6.936000e-03 1.284000e-01
111 8.633280e-01 6.996000e-03 1.296760e-01
112 8.620680e-01 6.996000e-03 1.309360e-01
113 8.608800e-01 6.904000e-03 1.322160e-01
114 8.597040e-01 6.968000e-03 1.333280e-01
115 8.584560e-01 7.096000e-03 1.344480e-01
116 8.572320e-01 7.164000e-03 1.356040e-01
117 8.559320e-01 7.188000e-03 1.368800e-01
118 8.547520e-01 7.064000e-03 1.381840e-01
119 8.535720e-01 6.952000e-03 1.394760e-01
120 8.523320e-01 6.984000e-03 1.406840e-01
121 8.511200e-01 6.916000e-03 1.419640e-01
122 8.501120e-01 6.712000e-03 1.431760e-01
123 8.489920e-01 6.744000e-03 1.442640e-01
124 8.477520e-01 6.772000e-03 1.454760e-01
125 8.465880e-01 6.736000e-03 1.466760e-01
126 8.453840e-01 6.732000e-03 1.478840e-01
127 8.443120e-01 6.520000e-03 1.491680e-01
128 8.431520e-01 6.412000e-03 1.504360e-01
129 8.420600e-01 6.528000e-03 1.514120e-01
130 8.409960e-01 6.412000e-03 1.525920e-01
131 8.398840e-01 6.436000e-03 1.536800e-01
132 8.387360e-01 6.536000e-03 1.547280e-01
133 8.375760e-01 6.480000e-03 1.559440e-01
134 8.362840e-01 6.668000e-03 1.570480e-01
135 8.351440e-01 6.696000e-03 1.581600e-01
136 8.340320e-01 6.652000e-03 1.593160e-01
137 8.328520e-01 6.684000e-03 1.604640e-01
138 8.316440e-01 6.736000e-03 1.616200e-01
139 8.305960e-01 6.636000e-03 1.627680e-01
140 8.294520e-01 6.596000e-03 1.639520e-01
141 8.283200e-01 6.564000e-03 1.651160e-01
142 8.270760e-01 6.672000e-03 1.662520e-01
143 8.259800e-01 6.496000e-03 1.675240e-01
144 8.247240e-01 6.596000e-03 1.686800e-01
145 8.234640e-01 6.664000e-03 1.698720e-01
146 8.221880e-01 6.696000e-03 1.711160e-01
147 8.209440e-01 6.736000e-03 1.723200e-01
148 8.198920e-01 6.656000e-03 1.734520e-01
149 8.186000e-01 6.824000e-03 1.745760e-01
150 8.171920e-01 7.052000e-03 1.757560e-01
151 8.158080e-01 7.168000e-03 1.770240e-01
152 8.145800e-01 7.204000e-03 1.782160e-01
153 8.132280e-01 7.332000e-03 1.794400e-01
154 8.122520e-01 7.108000e-03 1.806400e-01
155 8.108840e-01 7.188000e-03 1.819280e-01
156 8.094640e-01 7.248000e-03 1.832880e-01
157 8.079640e-01 7.444000e-03 1.845920e-01
158 8.067600e-01 7.392000e-03 1.858480e-01
159 8.054000e-01 7.424000e-03 1.871760e-01
160 8.040200e-01 7.528000e-03 1.884520e-01
161 8.026320e-01 7.512000e-03 1.898560e-01
162 8.012080e-01 7.592000e-03 1.912000e-01
163 7.999280e-01 7.568000e-03 1.925040e-01
164 7.987200e-01 7.360000e-03 1.939200e-01
165 7.975920e-01 7.212000e-03 1.951960e-01
166 7.964360e-01 7.252000e-03 1.963120e-01
167 7.952360e-01 7.184000e-03 1.975800e-01
168 7.940360e-01 7.096000e-03 1.988680e-01
169 7.928840e-01 6.868000e-03 2.002480e-01
170 7.917400e-01 6.756000e-03 2.015040e-01
171 7.905680e-01 6.804000e-03 2.026280e-01
172 7.895360e-01 6.772000e-03 2.036920e-01
173 7.883360e-01 6.772000e-03 2.048920e-01
174 7.872400e-01 6.752000e-03 2.060080e-01
175 7.861080e-01 6.812000e-03 2.070800e-01
176 7.848640e-01 6.936000e-03 2.082000e-01
177 7.837080e-01 6.880000e-03 2.094120e-01
178 7.826280e-01 6.776000e-03 2.105960e-01
179 7.814800e-01 6.800000e-03 2.117200e-01
180 7.803800e-01 6.592000e-03 2.130280e-01
181 7.794600e-01 6.412000e-03 2.141280e-01
182 7.783760e-01 6.376000e-03 2.152480e-01
183 7.773040e-01 6.284000e-03 2.164120e-01
184 7.762760e-01 6.220000e-03 2.175040e-01
185 7.751480e-01 6.180000e-03 2.186720e-01
186 7.740880e-01 6.196000e-03 2.197160e-01
187 7.730400e-01 6.196000e-03 2.207640e-01
188 7.718440e-01 6.240000e-03 2.219160e-01
189 7.706240e-01 6.444000e-03 2.229320e-01
190 7.694120e-01 6.528000e-03 2.240600e-01
191 7.682360e-01 6.520000e-03 2.252440e-01
192 7.671840e-01 6.452000e-03 2.263640e-01
193 7.661600e-01 6.392000e-03 2.274480e-01
194 7.652360e-01 6.300000e-03 2.284640e-01
195 7.639840e-01 6.388000e-03 2.296280e-01
196 7.630280e-01 6.240000e-03 2.307320e-01
197 7.618080e-01 6.436000e-03 2.317560e-01
198 7.606440e-01 6.452000e-03 2.329040e-01
199 7.594360e-01 6.508000e-03 2.340560e-01
200 7.583640e-01 6.472000e-03 2.351640e-01
201 7.572080e-01 6.464000e-03 2.363280e-01
202 7.560120e-01 6.680000e-03 2.373080e-01
203 7.547200e-01 6.848000e-03 2.384320e-01
204 7.535440e-01 6.804000e-03 2.396520e-01
205 7.523920e-01 6.812000e-03 2.407960e-01
206 7.511960e-01 6.856000e-03 2.419480e-01
207 7.501920e-01 6.824000e-03 2.429840e-01
208 7.491280e-01 6.760000e-03 2.441120e-01
209 7.480520e-01 6.636000e-03 2.453120e-01
210 7.469440e-01 6.524000e-03 2.465320e-01
211 7.458960e-01 6.468000e-03 2.476360e-01
212 7.447640e-01 6.588000e-03 2.486480e-01
213 7.437120e-01 6.496000e-03 2.497920e-01
214 7.424800e-01 6.548000e-03 2.509720e-01
215 7.414240e-01 6.448000e-03 2.521280e-01
216 7.404120e-01 6.384000e-03 2.532040e-01
217 7.393680e-01 6.264000e-03 2.543680e-01
218 7.383960e-01 6.208000e-03 2.553960e-01
219 7.374080e-01 6.088000e-03 2.565040e-01
220 7.363800e-01 5.964000e-03 2.576560e-01
221 7.354000e-01 5.852000e-03 2.587480e-01
222 7.344960e-01 5.520000e-03 2.599840e-01
223 7.336200e-01 5.396000e-03 2.609840e-01
224 7.326200e-01 5.492000e-03 2.618880e-01
225 7.316720e-01 5.436000e-03 2.628920e-01
226 7.306040e-01 5.528000e-03 2.638680e-01
227 7.296240e-01 5.480000e-03 2.648960e-01
228 7.286280e-01 5.572000e-03 2.658000e-01
229 7.276480e-01 5.544000e-03 2.668080e-01
230 7.266720e-01 5.508000e-03 2.678200e-01
231 7.257240e-01 5.548000e-03 2.687280e-01
232 7.247680e-01 5.544000e-03 2.696880e-01
233 7.237600e-01 5.604000e-03 2.706360e-01
234 7.228560e-01 5.604000e-03 2.715400e-01
235 7.218400e-01 5.512000e-03 2.726480e-01
236 7.210840e-01 5.300000e-03 2.736160e-01
237 7.202440e-01 5.168000e-03 2.745880e-01
238 7.195480e-01 5.012000e-03 2.754400e-01
239 7.186680e-01 5.056000e-03 2.762760e-01
240 7.178040e-01 4.932000e-03 2.772640e-01
241 7.169240e-01 4.880000e-03 2.781960e-01
242 7.161440e-01 4.804000e-03 2.790520e-01
243 7.152880e-01 4.828000e-03 2.798840e-01
244 7.145600e-01 4.636000e-03 2.808040e-01
245 7.138920e-01 4.536000e-03 2.815720e-01
246 7.131200e-01 4.536000e-03 2.823440e-01
247 7.124480e-01 4.396000e-03 2.831560e-01
248 7.116480e-01 4.416000e-03 2.839360e-01
249 7.109640e-01 4.332000e-03 2.847040e-01
250 7.101520e-01 4.316000e-03 2.855320e-01
251 7.094880e-01 4.220000e-03 2.862920e-01
252 7.087560e-01 4.180000e-03 2.870640e-01
253 7.080640e-01 4.132000e-03 2.878040e-01
254 7.073640e-01 4.040000e-03 2.885960e-01
255 7.067080e-01 3.972000e-03 2.893200e-01
256 7.060960e-01 3.860000e-03 2.900440e-01
257 7.053040e-01 3.980000e-03 2.907160e-01
258 7.046360e-01 3.976000e-03 2.913880e-01
259 7.039080e-01 3.984000e-03 2.921080e-01
260 7.032680e-01 3.940000e-03 2.927920e-01
261 7.026800e-01 3.800000e-03 2.935200e-01
262 7.021080e-01 3.744000e-03 2.941480e-01
263 7.013960e-01 3.824000e-03 2.947800e-01
264 7.007760e-01 3.768000e-03 2.954560e-01
265 7.001120e-01 3.660000e-03 2.962280e-01
266 6.996000e-01 3.548000e-03 2.968520e-01
267 6.989920e-01 3.536000e-03 2.974720e-01
268 6.983920e-01 3.568000e-03 2.980400e-01
269 6.978360e-01 3.448000e-03 2.987160e-01
270 6.971640e-01 3.500000e-03 2.993360e-01
271 6.965200e-01 3.536000e-03 2.999440e-01
272 6.960080e-01 3.464000e-03 3.005280e-01
273 6.955120e-01 3.372000e-03 3.011160e-01
274 6.949920e-01 3.276000e-03 3.017320e-01
275 6.945360e-01 3.152000e-03 3.023120e-01
276 6.939480e-01 3.164000e-03 3.028880e-01
277 6.934360e-01 3.104000e-03 3.034600e-01
278 6.928840e-01 3.104000e-03 3.040120e-01
279 6.923240e-01 3.152000e-03 3.045240e-01
280 6.918160e-01 3.152000e-03 3.050320e-01
281 6.913160e-01 3.104000e-03 3.055800e-01
282 6.907920e-01 3.068000e-03 3.061400e-01
283 6.903280e-01 3.060000e-03 3.066120e-01
284 6.898240e-01 3.040000e-03 3.071360e-01
285 6.893800e-01 2.900000e-03 3.077200e-01
286 6.888920e-01 2.936000e-03 3.081720e-01
287 6.884280e-01 2.848000e-03 3.087240e-01
288 6.879160e-01 2.864000e-03 3.092200e-01
289 6.874480e-01 2.824000e-03 3.097280e-01
290 6.869960e-01 2.756000e-03 3.102480e-01
291 6.865440e-01 2.752000e-03 3.107040e-01
292 6.860600e-01 2.752000e-03 3.111880e-01
293 6.855720e-01 2.788000e-03 3.116400e-01
294 6.851720e-01 2.692000e-03 3.121360e-01
295 6.847360e-01 2.652000e-03 3.126120e-01
296 6.843200e-01 2.704000e-03 3.129760e-01
297 6.839040e-01 2.732000e-03 3.133640e-01
298 6.834880e-01 2.620000e-03 3.138920e-01
299 6.829920e-01 2.592000e-03 3.144160e-01
300 6.826000e-01 2.524000e-03 3.148760e-01
301 6.821600e-01 2.552000e-03 3.152880e-01
302 6.817600e-01 2.488000e-03 3.157520e-01
303 6.813200e-01 2.504000e-03 3.161760e-01
304 6.808960e-01 2.568000e-03 3.165360e-01
305 6.804320e-01 2.596000e-03 3.169720e-01
306 6.799680e-01 2.632000e-03 3.174000e-01
307 6.794120e-01 2.764000e-03 3.178240e-01
308 6.788720e-01 2.796000e-03 3.183320e-01
309 6.784040e-01 2.808000e-03 3.187880e-01
310 6.778400e-01 2.864000e-03 3.192960e-01
311 6.773520e-01 2.824000e-03 3.198240e-01
312 6.767640e-01 2.972000e-03 3.202640e-01
313 6.763400e-01 2.908000e-03 3.207520e-01
314 6.758120e-01 2.916000e-03 3.212720e-01
315 6.753560e-01 2.752000e-03 3.218920e-01
316 6.749440e-01 2.688000e-03 3.223680e-01
317 6.744800e-01 2.728000e-03 3.227920e-01
318 6.740920e-01 2.684000e-03 3.232240e-01
319 6.737040e-01 2.692000e-03 3.236040e-01
320 6.732360e-01 2.640000e-03 3.241240e-01
321 6.729120e-01 2.536000e-03 3.245520e-01
322 6.725120e-01 2.448000e-03 3.250400e-01
323 6.721400e-01 2.364000e-03 3.254960e-01
324 6.717360e-01 2.340000e-03 3.259240e-01
325 6.713720e-01 2.304000e-03 3.263240e-01
326 6.710240e-01 2.300000e-03 3.266760e-01
327 6.706480e-01 2.244000e-03 3.271080e-01
328 6.703000e-01 2.228000e-03 3.274720e-01
329 6.699440e-01 2.108000e-03 3.279480e-01
330 6.695680e-01 2.048000e-03 3.283840e-01
331 6.691680e-01 2.116000e-03 3.287160e-01
332 6.688120e-01 2.100000e-03 3.290880e-01
333 6.684160e-01 2.132000e-03 3.294520e-01
334 6.680720e-01 2.076000e-03 3.298520e-01
335 6.676640e-01 2.116000e-03 3.302200e-01
336 6.672680e-01 2.148000e-03 3.305840e-01
337 6.668160e-01 2.216000e-03 3.309680e-01
338 6.664200e-01 2.184000e-03 3.313960e-01
339 6.660200e-01 2.224000e-03 3.317560e-01
340 6.655800e-01 2.288000e-03 3.321320e-01
341 6.650840e-01 2.372000e-03 3.325440e-01
342 6.645280e-01 2.504000e-03 3.329680e-01
343 6.639840e-01 2.644000e-03 3.333720e-01
344 6.634880e-01 2.668000e-03 3.338440e-01
345 6.630200e-01 2.656000e-03 3.343240e-01
346 6.625240e-01 2.660000e-03 3.348160e-01
347 6.619160e-01 2.744000e-03 3.353400e-01
348 6.614360e-01 2.684000e-03 3.358800e-01
349 6.609800e-01 2.656000e-03 3.363640e-01
350 6.604880e-01 2.720000e-03 3.367920e-01
351 6.601080e-01 2.628000e-03 3.372640e-01
352 6.597320e-01 2.632000e-03 3.376360e-01
353 6.593120e-01 2.616000e-03 3.380720e-01
354 6.588400e-01 2.636000e-03 3.385240e-01
355 6.584240e-01 2.600000e-03 3.389760e-01
356 6.579080e-01 2.632000e-03 3.394600e-01
357 6.574320e-01 2.624000e-03 3.399440e-01
358 6.570160e-01 2.604000e-03 3.403800e-01
359 6.566840e-01 2.452000e-03 3.408640e-01
360 6.562960e-01 2.476000e-03 3.412280e-01
361 6.558960e-01 2.532000e-03 3.415720e-01
362 6.555400e-01 2.452000e-03 3.420080e-01
363 6.552520e-01 2.376000e-03 3.423720e-01
364 6.549080e-01 2.312000e-03 3.427800e-01
365 6.545840e-01 2.208000e-03 3.432080e-01
366 6.542560e-01 2.092000e-03 3.436520e-01
367 6.539200e-01 2.100000e-03 3.439800e-01
368 6.536000e-01 2.072000e-03 3.443280e-01
369 6.532560e-01 2.024000e-03 3.447200e-01
370 6.529160e-01 2.068000e-03 3.450160e-01
371 6.526200e-01 2.000000e-03 3.453800e-01
372 6.523000e-01 1.972000e-03 3.457280e-01
373 6.520400e-01 1.912000e-03 3.460480e-01
374 6.517400e-01 1.892000e-03 3.463680e-01
375 6.514720e-01 1.860000e-03 3.466680e-01
376 6.512600e-01 1.764000e-03 3.469760e-01
377 6.510240e-01 1.716000e-03 3.472600e-01
378 6.507960e-01 1.636000e-03 3.475680e-01
379 6.506520e-01 1.496000e-03 3.478520e-01
380 6.504840e-01 1.412000e-03 3.481040e-01
381 6.502760e-01 1.360000e-03 3.483640e-01
382 6.501160e-01 1.300000e-03 3.485840e-01
383 6.498920e-01 1.272000e-03 3.488360e-01
384 6.496920e-01 1.240000e-03 3.490680e-01
385 6.495080e-01 1.196000e-03 3.492960e-01
386 6.492760e-01 1.304000e-03 3.494200e-01
387 6.490800e-01 1.264000e-03 3.496560e-01
388 6.488880e-01 1.220000e-03 3.498920e-01
389 6.486840e-01 1.264000e-03 3.500520e-01
390 6.484680e-01 1.316000e-03 3.502160e-01
391 6.483000e-01 1.260000e-03 3.504400e-01
392 6.480800e-01 1.252000e-03 3.506680e-01
393 6.479040e-01 1.204000e-03 3.508920e-01
394 6.477240e-01 1.188000e-03 3.510880e-01
395 6.475120e-01 1.212000e-03 3.512760e-01
396 6.473360e-01 1.168000e-03 3.514960e-01
397 6.471640e-01 1.104000e-03 3.517320e-01
398 6.469400e-01 1.152000e-03 3.519080e-01
399 6.467040e-01 1.196000e-03 3.521000e-01
400 6.464680e-01 1.132000e-03 3.524000e-01
401 6.462760e-01 1.148000e-03 3.525760e-01
402 6.460400e-01 1.164000e-03 3.527960e-01
403 6.458680e-01 1.132000e-03 3.530000e-01
404 6.456160e-01 1.204000e-03 3.531800e-01
405 6.453960e-01 1.232000e-03 3.533720e-01
406 6.451480e-01 1.268000e-03 3.535840e-01
407 6.449600e-01 1.188000e-03 3.538520e-01
408 6.447960e-01 1.144000e-03 3.540600e-01
409 6.445880e-01 1.184000e-03 3.542280e-01
410 6.444120e-01 1.172000e-03 3.544160e-01
411 6.442040e-01 1.192000e-03 3.546040e-01
412 6.439840e-01 1.160000e-03 3.548560e-01
413 6.437600e-01 1.168000e-03 3.550720e-01
414 6.435000e-01 1.256000e-03 3.552440e-01
415 6.432680e-01 1.276000e-03 3.554560e-01
416 6.430520e-01 1.260000e-03 3.556880e-01
417 6.428120e-01 1.252000e-03 3.559360e-01
418 6.426760e-01 1.168000e-03 3.561560e-01
419 6.425120e-01 1.132000e-03 3.563560e-01
420 6.422920e-01 1.124000e-03 3.565840e-01
421 6.421160e-01 1.152000e-03 3.567320e-01
422 6.419680e-01 1.068000e-03 3.569640e-01
423 6.417960e-01 1.084000e-03 3.571200e-01
424 6.416400e-01 1.048000e-03 3.573120e-01
425 6.414360e-01 1.056000e-03 3.575080e-01
426 6.412680e-01 1.068000e-03 3.576640e-01
427 6.410320e-01 1.108000e-03 3.578600e-01
428 6.408640e-01 1.100000e-03 3.580360e-01
429 6.406800e-01 1.092000e-03 3.582280e-01
430 6.405320e-01 1.052000e-03 3.584160e-01
431 6.403400e-01 1.088000e-03 3.585720e-01
432 6.401400e-01 1.068000e-03 3.587920e-01
433 6.400040e-01 1.052000e-03 3.589440e-01
434 6.397840e-01 1.068000e-03 3.591480e-01
435 6.396360e-01 1.012000e-03 3.593520e-01
436 6.394600e-01 9.880000e-04 3.595520e-01
437 6.392840e-01 1.024000e-03 3.596920e-01
438 6.390760e-01 1.044000e-03 3.598800e-01
439 6.388880e-01 1.052000e-03 3.600600e-01
440 6.387000e-01 1.036000e-03 3.602640e-01
441 6.385400e-01 1.024000e-03 3.604360e-01
442 6.384160e-01 9.600000e-04 3.606240e-01
443 6.382840e-01 9.520000e-04 3.607640e-01
444 6.381760e-01 8.640000e-04 3.609600e-01
445 6.380480e-01 8.120000e-04 3.611400e-01
446 6.379360e-01 7.960000e-04 3.612680e-01
447 6.378120e-01 7.920000e-04 3.613960e-01
448 6.376960e-01 7.600000e-04 3.615440e-01
449 6.376200e-01 7.040000e-04 3.616760e-01
450 6.375400e-01 6.600000e-04 3.618000e-01
451 6.374400e-01 6.360000e-04 3.619240e-01
452 6.373480e-01 6.040000e-04 3.620480e-01
453 6.372400e-01 6.200000e-04 3.621400e-01
454 6.371400e-01 5.880000e-04 3.622720e-01
455 6.370360e-01 5.840000e-04 3.623800e-01
456 6.368480e-01 6.720000e-04 3.624800e-01
457 6.366960e-01 7.040000e-04 3.626000e-01
458 6.365360e-01 7.400000e-04 3.627240e-01
459 6.363960e-01 7.720000e-04 3.628320e-01
460 6.362880e-01 7.600000e-04 3.629520e-01
461 6.361400e-01 7.800000e-04 3.630800e-01
462 6.359920e-01 7.920000e-04 3.632160e-01
463 6.358320e-01 8.360000e-04 3.633320e-01
464 6.356880e-01 8.080000e-04 3.635040e-01
465 6.355120e-01 8.640000e-04 3.636240e-01
466 6.353560e-01 8.800000e-04 3.637640e-01
467 6.351880e-01 8.800000e-04 3.639320e-01
468 6.350520e-01 8.520000e-04 3.640960e-01
469 6.348920e-01 8.720000e-04 3.642360e-01
470 6.347840e-01 8.640000e-04 3.643520e-01
471 6.346400e-01 8.440000e-04 3.645160e-01
472 6.345320e-01 8.360000e-04 3.646320e-01
473 6.344200e-01 7.760000e-04 3.648040e-01
474 6.343080e-01 7.600000e-04 3.649320e-01
475 6.342200e-01 7.200000e-04 3.650600e-01
476 6.341240e-01 6.920000e-04 3.651840e-01
477 6.340080e-01 6.840000e-04 3.653080e-01
478 6.339160e-01 6.880000e-04 3.653960e-01
479 6.338160e-01 6.680000e-04 3.655160e-01
480 6.337200e-01 6.480000e-04 3.656320e-01
481 6.336440e-01 6.000000e-04 3.657560e-01
482 6.335520e-01 5.840000e-04 3.658640e-01
483 6.334600e-01 6.080000e-04 3.659320e-01
484 6.334040e-01 5.680000e-04 3.660280e-01
485 6.333520e-01 5.200000e-04 3.661280e-01
486 6.332840e-01 4.640000e-04 3.662520e-01
487 6.332360e-01 4.320000e-04 3.663320e-01
488 6.331960e-01 4.000000e-04 3.664040e-01
489 6.331400e-01 3.760000e-04 3.664840e-01
490 6.330880e-01 3.360000e-04 3.665760e-01
491 6.330480e-01 3.000000e-04 3.666520e-01
492 6.330000e-01 2.960000e-04 3.667040e-01
493 6.329520e-01 2.760000e-04 3.667720e-01
494 6.329080e-01 2.840000e-04 3.668080e-01
495 6.328440e-01 2.920000e-04 3.668640e-01
496 6.328080e-01 2.840000e-04 3.669080e-01
497 6.327640e-01 2.840000e-04 3.669520e-01
498 6.327360e-01 2.400000e-04 3.670240e-01
499 6.326960e-01 2.560000e-04 3.670480e-01
500 6.326360e-01 2.520000e-04 3.671120e-01
